2.60925	2.5887	2.72335	2.83399	2.83399	2.75528	2.69384	2.64044	2.85459	2.85946	2.48582	2.52935	2.54514	2.50094	2.28639	2.11125	2.12442	2.10572	2.0381	1.75349	1.74994	1.71954	1.56364	1.53321	1.53422	1.43277	1.31695	1.25897	1.16418	1.0762	0.98685	0.946097	0.910778	0.885496	0.814493	0.716372	0.625854	0.557287	0.543534	0.502334	0.476555	0.498448	0.557271	0.498448	0.505025	0.523518	0.530516	0.617103	0.643287	0.639355	0.652274	0.66989	0.668735	0.72338	0.777183	0.812348	0.907147	0.978763	1.04918	1.11534	1.17051	1.21204	1.24597	1.26221	1.28189	1.34437	1.3718	1.41536	1.47639	1.46572	1.46572	1.52027	1.57441	1.59546	1.60757	1.68299	1.76398	1.78366	1.77974	1.72093	1.76465	1.8587	1.90392	1.86775	1.81384	1.81384	1.85034	1.82417	1.69585	1.63353	1.6321	1.62101	1.53449	1.48098	1.42763	1.35572	1.37447	1.36085	1.2688	1.19121	1.20754	1.21858	1.21842	1.24597	1.23094	1.21379	1.15884	1.10485	1.07656	1.02182	0.967193	0.910778	0.891615	0.885496	0.831237	0.777183	0.72338	0.668735	0.668735	0.668735	0.668735	0.668735	0.668735	0.668735	0.654952	0.613644	0.571388	0.557287	0.608238	0.626162	0.54496	0.474516	0.459553	0.498448	0.449733	0.391101	0.348589	0.307778	0.29291	0.340126	0.334957	0.334379	0.334379	0.334379	0.411411	0.390107	0.411411	0.363313	0.418898	0.445834	0.459553	0.498448	0.493758	0.530157	0.58215	0.57443	0.57443	0.57443	0.557633	0.600207	0.600207	0.600207	0.568321	0.552036	0.556235	0.53052	0.543534	0.568321	0.600207	0.600207	0.600207	0.601503	0.639355	0.660847	0.639355	0.696311	0.728986	0.678525	0.696311	0.704899	0.677957	0.704899	0.728986	0.643287	0.612059	0.652274	0.652274	0.639355	0.660847	0.652274	0.634476	0.608238	0.600207	0.568321	0.600207	0.600207	0.568321	0.600207	0.600207	0.600207	0.568321	0.584815	0.626162	0.612059	0.641478	0.677957	0.704899	0.694082	0.731384	0.713928	0.697153	0.767386	0.847424	0.909068	0.898551	0.919895	0.973192	0.939925	0.919895	0.989995	1.00033	1.01706	1.0275	1.03128	1.11516	1.14622	1.09284	1.07998	1.12572	1.15297	1.16386	1.18024	1.20754	1.22667	1.21698	1.21698	1.19121	1.20754	1.22667	1.21634	1.16951	1.23423	1.28429	1.20818	1.20028	1.20028	1.20865	1.11027	1.14537	1.20028	1.20028	1.22729	1.1195	1.09284	1.15295	1.16683
4.83996	4.86847	4.92123	4.97395	4.97395	4.89805	4.85605	4.82684	4.91308	4.80871	4.49105	4.38907	4.30964	4.2054	3.94315	3.75268	3.67789	3.51956	3.35471	3.14645	3.03946	2.96632	2.90308	2.83882	2.75472	2.62113	2.45348	2.3263	2.19755	2.01741	1.8866	1.85156	1.81114	1.73037	1.58858	1.39272	1.19909	1.11425	1.08783	1.00902	0.934361	0.918868	0.952041	0.918868	0.934361	0.973004	0.989217	1.09918	1.2307	1.26458	1.24573	1.28617	1.33703	1.39716	1.5082	1.61544	1.78245	1.94943	2.06374	2.20055	2.34157	2.423	2.46026	2.49355	2.56381	2.65939	2.71469	2.80372	2.89348	2.90349	2.90349	2.98389	3.09381	3.13502	3.19026	3.31383	3.44012	3.47897	3.42391	3.38956	3.47897	3.58619	3.62335	3.60455	3.57703	3.57703	3.56893	3.45904	3.30075	3.21259	3.16899	3.09381	2.96934	2.85892	2.74854	2.68185	2.6382	2.54502	2.41771	2.34949	2.38304	2.40487	2.4281	2.46026	2.45269	2.39713	2.28601	2.20055	2.11931	2.00818	1.89705	1.81114	1.78245	1.73037	1.61927	1.5082	1.39716	1.33703	1.33703	1.33703	1.33703	1.33703	1.33703	1.33703	1.31037	1.2307	1.14346	1.11425	1.15426	1.19097	1.09918	0.953677	0.898377	0.918868	0.87961	0.787943	0.698685	0.622938	0.555082	0.56821	0.643166	0.668605	0.668605	0.668605	0.732836	0.780026	0.732836	0.732836	0.843128	0.891441	0.898377	0.918868	0.973004	1.0644	1.09918	1.08175	1.08175	1.08175	1.09918	1.13631	1.13631	1.13631	1.11981	1.08783	1.04416	1.04416	1.08783	1.11981	1.13631	1.13631	1.13631	1.19097	1.26458	1.26458	1.26458	1.33847	1.33847	1.30056	1.33847	1.35546	1.34166	1.35546	1.33847	1.2307	1.2094	1.24573	1.24573	1.26458	1.26458	1.24573	1.2094	1.15426	1.13631	1.11981	1.13631	1.13631	1.11981	1.13631	1.13631	1.13631	1.11981	1.15426	1.19097	1.2094	1.28617	1.34166	1.35546	1.37506	1.41042	1.37506	1.39716	1.54101	1.68589	1.77657	1.78593	1.84149	1.90683	1.84149	1.84149	1.94166	1.96211	1.99676	2.01741	2.06374	2.19755	2.21738	2.1507	2.1507	2.21738	2.27258	2.29412	2.3278	2.38304	2.38304	2.36264	2.36264	2.34949	2.38304	2.38304	2.30758	2.30758	2.39858	2.38092	2.28888	2.27172	2.27172	2.2172	2.14257	2.2172	2.27172	2.27172	2.25616	2.16219	2.10702	2.09374	2.02737
2.64536	2.62157	2.68282	2.83291	2.83291	2.71178	2.69281	2.63943	2.80596	2.71348	2.37598	2.39834	2.44744	2.40147	2.11669	2.02964	2.03421	1.9202	1.88815	1.71258	1.62528	1.67227	1.60125	1.47069	1.45904	1.36574	1.24004	1.19789	1.11473	1.00421	0.962602	0.945736	0.905306	0.863876	0.796852	0.716099	0.602886	0.557074	0.551826	0.53794	0.504833	0.498258	0.557059	0.498258	0.476373	0.523318	0.503298	0.544752	0.61341	0.660595	0.652025	0.641234	0.66848	0.696887	0.752546	0.812039	0.906802	0.97839	1.03088	1.10232	1.18586	1.21541	1.2455	1.28003	1.29584	1.36106	1.38813	1.45373	1.49772	1.46516	1.46516	1.56788	1.62039	1.59485	1.64131	1.726	1.81527	1.78298	1.73675	1.73909	1.80565	1.88531	1.9032	1.86704	1.81315	1.81315	1.82687	1.75329	1.66196	1.61861	1.61141	1.57381	1.49708	1.44223	1.38743	1.35521	1.33271	1.30448	1.22351	1.19075	1.2262	1.21811	1.22936	1.2455	1.23047	1.1979	1.14223	1.10021	1.05872	1.00305	0.947379	0.905306	0.891275	0.863876	0.80821	0.752546	0.696887	0.66848	0.66848	0.66848	0.66848	0.66848	0.66848	0.66848	0.661772	0.643042	0.579261	0.557074	0.584592	0.625923	0.616868	0.512081	0.459378	0.498258	0.479615	0.435978	0.361567	0.363166	0.33713	0.279933	0.320627	0.334251	0.334251	0.334251	0.363174	0.389958	0.363174	0.411254	0.461059	0.445664	0.459378	0.498258	0.563981	0.563989	0.55742	0.574211	0.574211	0.574211	0.581928	0.599978	0.599978	0.599978	0.568104	0.543327	0.530318	0.556023	0.551826	0.568104	0.599978	0.599978	0.599978	0.660296	0.660595	0.639112	0.660595	0.728708	0.696046	0.678266	0.728708	0.704631	0.677698	0.704631	0.696046	0.61341	0.634234	0.652025	0.652025	0.660595	0.639112	0.652025	0.611825	0.584592	0.599978	0.568104	0.599978	0.599978	0.568104	0.599978	0.599978	0.599978	0.568104	0.608006	0.625923	0.634234	0.669635	0.677698	0.704631	0.713656	0.731105	0.693818	0.723105	0.819874	0.88996	0.933972	0.898209	0.939567	0.972822	0.919544	0.939567	1.01285	0.999948	1.03931	1.02711	1.04878	1.16374	1.12529	1.07957	1.09243	1.14578	1.17254	1.16341	1.19935	1.2262	1.20708	1.21652	1.21652	1.19075	1.2262	1.20708	1.16906	1.21588	1.25988	1.22446	1.18045	1.19982	1.19982	1.14493	1.10985	1.20819	1.19982	1.19982	1.19221	1.09809	1.07092	1.11559	1.08368
1.22509	1.11375	1.22509	1.55906	1.55906	1.33642	1.33642	1.22509	1.55906	1.44775	0.891039	1.11375	1.33642	1.33642	0.891039	0.891039	1.0024	0.891039	1.0024	0.779674	0.668303	0.891039	0.779674	0.445547	0.556927	0.445547	0.222777	0.334163	0.222777	0	0.222777	0.222777	0	0	0.111389	0.222777	0.111389	0	0.111389	0.222777	0.222777	0.222777	0.334163	0.222777	0.111389	0.222777	0.111389	0	0	0.222777	0.222777	0	0	0	0	0.111389	0.222777	0.111389	0	0.111389	0.222777	0.111389	0.222777	0.334163	0.222777	0.334163	0.334163	0.445547	0.445547	0.222777	0.222777	0.556927	0.556927	0.334163	0.445547	0.556927	0.668303	0.445547	0.334163	0.445547	0.556927	0.668303	0.668303	0.556927	0.334163	0.334163	0.445547	0.334163	0.222777	0.222777	0.334163	0.334163	0.222777	0.222777	0.222777	0.222777	0.222777	0.334163	0.222777	0.222777	0.334163	0.222777	0.222777	0.222777	0.111389	0	0	0	0	0	0	0	0	0	0	0	0	0	0	0	0	0	0	0	0.111389	0.222777	0.111389	0	0.111389	0.222777	0.334163	0.222777	0.111389	0.222777	0.222777	0.222777	0.111389	0.222777	0.222777	0	0	0	0	0	0	0	0	0.222777	0.222777	0	0.111389	0.222777	0.334163	0.222777	0.111389	0.222777	0.222777	0.222777	0.222777	0.222777	0.222777	0.222777	0.111389	0	0.111389	0.222777	0.111389	0.111389	0.222777	0.222777	0.222777	0.334163	0.222777	0.111389	0.222777	0.334163	0.222777	0.222777	0.334163	0.222777	0.111389	0.222777	0.222777	0	0.222777	0.222777	0.222777	0.222777	0.111389	0.222777	0.111389	0.111389	0.222777	0.111389	0.222777	0.222777	0.111389	0.222777	0.222777	0.222777	0.111389	0.222777	0.222777	0.222777	0.222777	0.111389	0.222777	0.222777	0.222777	0.111389	0.222777	0.334163	0.334163	0.334163	0.111389	0.222777	0.222777	0	0.222777	0.334163	0.222777	0.334163	0.222777	0.222777	0.445547	0.222777	0.111389	0.222777	0.334163	0.334163	0.222777	0.334163	0.334163	0.222777	0.334163	0.334163	0.222777	0.334163	0.222777	0.222777	0.445547	0.445547	0.334163	0.334163	0.445547	0.445547	0.334163	0.334163	0.556927	0.445547	0.445547	0.445547	0.222777	0.222777	0.445547	0.445547
1.22485	1.11353	1.22485	1.55876	1.55876	1.33616	1.33616	1.22485	1.55876	1.44747	0.890866	1.11353	1.33616	1.33616	0.890866	0.890866	1.0022	0.890866	1.0022	0.779523	0.668173	0.890866	0.779523	0.44546	0.556819	0.44546	0.222733	0.334098	0.222733	0	0.222733	0.222733	0	0	0.111367	0.222733	0.111367	0	0.111367	0.222733	0.222733	0.222733	0.334098	0.222733	0.111367	0.222733	0.111367	0	0	0.222733	0.222733	0	0	0	0	0.111367	0.222733	0.111367	0	0.111367	0.222733	0.111367	0.222733	0.334098	0.222733	0.334098	0.334098	0.44546	0.44546	0.222733	0.222733	0.556819	0.556819	0.334098	0.44546	0.556819	0.668173	0.44546	0.334098	0.44546	0.556819	0.668173	0.668173	0.556819	0.334098	0.334098	0.44546	0.334098	0.222733	0.222733	0.334098	0.334098	0.222733	0.222733	0.222733	0.222733	0.222733	0.334098	0.222733	0.222733	0.334098	0.222733	0.222733	0.222733	0.111367	0	0	0	0	0	0	0	0	0	0	0	0	0	0	0	0	0	0	0	0.111367	0.222733	0.111367	0	0.111367	0.222733	0.334098	0.222733	0.111367	0.222733	0.222733	0.222733	0.111367	0.222733	0.222733	0	0	0	0	0	0	0	0	0.222733	0.222733	0	0.111367	0.222733	0.334098	0.222733	0.111367	0.222733	0.222733	0.222733	0.222733	0.222733	0.222733	0.222733	0.111367	0	0.111367	0.222733	0.111367	0.111367	0.222733	0.222733	0.222733	0.334098	0.222733	0.111367	0.222733	0.334098	0.222733	0.222733	0.334098	0.222733	0.111367	0.222733	0.222733	0	0.222733	0.222733	0.222733	0.222733	0.111367	0.222733	0.111367	0.111367	0.222733	0.111367	0.222733	0.222733	0.111367	0.222733	0.222733	0.222733	0.111367	0.222733	0.222733	0.222733	0.222733	0.111367	0.222733	0.222733	0.222733	0.111367	0.222733	0.334098	0.334098	0.334098	0.111367	0.222733	0.222733	0	0.222733	0.334098	0.222733	0.334098	0.222733	0.222733	0.44546	0.222733	0.111367	0.222733	0.334098	0.334098	0.222733	0.334098	0.334098	0.222733	0.334098	0.334098	0.222733	0.334098	0.222733	0.222733	0.44546	0.44546	0.334098	0.334098	0.44546	0.44546	0.334098	0.334098	0.556819	0.44546	0.44546	0.44546	0.222733	0.222733	0.44546	0.44546
1.22462	1.11332	1.22462	1.55847	1.55847	1.33592	1.33592	1.22462	1.55847	1.4472	0.8907	1.11332	1.33592	1.33592	0.8907	0.8907	1.00202	0.8907	1.00202	0.779377	0.668049	0.8907	0.779377	0.445377	0.556715	0.445377	0.222692	0.334036	0.222692	0	0.222692	0.222692	0	0	0.111346	0.222692	0.111346	0	0.111346	0.222692	0.222692	0.222692	0.334036	0.222692	0.111346	0.222692	0.111346	0	0	0.222692	0.222692	0	0	0	0	0.111346	0.222692	0.111346	0	0.111346	0.222692	0.111346	0.222692	0.334036	0.222692	0.334036	0.334036	0.445377	0.445377	0.222692	0.222692	0.556715	0.556715	0.334036	0.445377	0.556715	0.668049	0.445377	0.334036	0.445377	0.556715	0.668049	0.668049	0.556715	0.334036	0.334036	0.445377	0.334036	0.222692	0.222692	0.334036	0.334036	0.222692	0.222692	0.222692	0.222692	0.222692	0.334036	0.222692	0.222692	0.334036	0.222692	0.222692	0.222692	0.111346	0	0	0	0	0	0	0	0	0	0	0	0	0	0	0	0	0	0	0	0.111346	0.222692	0.111346	0	0.111346	0.222692	0.334036	0.222692	0.111346	0.222692	0.222692	0.222692	0.111346	0.222692	0.222692	0	0	0	0	0	0	0	0	0.222692	0.222692	0	0.111346	0.222692	0.334036	0.222692	0.111346	0.222692	0.222692	0.222692	0.222692	0.222692	0.222692	0.222692	0.111346	0	0.111346	0.222692	0.111346	0.111346	0.222692	0.222692	0.222692	0.334036	0.222692	0.111346	0.222692	0.334036	0.222692	0.222692	0.334036	0.222692	0.111346	0.222692	0.222692	0	0.222692	0.222692	0.222692	0.222692	0.111346	0.222692	0.111346	0.111346	0.222692	0.111346	0.222692	0.222692	0.111346	0.222692	0.222692	0.222692	0.111346	0.222692	0.222692	0.222692	0.222692	0.111346	0.222692	0.222692	0.222692	0.111346	0.222692	0.334036	0.334036	0.334036	0.111346	0.222692	0.222692	0	0.222692	0.334036	0.222692	0.334036	0.222692	0.222692	0.445377	0.222692	0.111346	0.222692	0.334036	0.334036	0.222692	0.334036	0.334036	0.222692	0.334036	0.334036	0.222692	0.334036	0.222692	0.222692	0.445377	0.445377	0.334036	0.334036	0.445377	0.445377	0.334036	0.334036	0.556715	0.445377	0.445377	0.445377	0.222692	0.222692	0.445377	0.445377
1.22439	1.11311	1.22439	1.55816	1.55816	1.33566	1.33566	1.22439	1.55816	1.44692	0.890527	1.11311	1.33566	1.33566	0.890527	0.890527	1.00182	0.890527	1.00182	0.779226	0.667919	0.890527	0.779226	0.44529	0.556607	0.44529	0.222649	0.333971	0.222649	0	0.222649	0.222649	0	0	0.111325	0.222649	0.111325	0	0.111325	0.222649	0.222649	0.222649	0.333971	0.222649	0.111325	0.222649	0.111325	0	0	0.222649	0.222649	0	0	0	0	0.111325	0.222649	0.111325	0	0.111325	0.222649	0.111325	0.222649	0.333971	0.222649	0.333971	0.333971	0.44529	0.44529	0.222649	0.222649	0.556607	0.556607	0.333971	0.44529	0.556607	0.667919	0.44529	0.333971	0.44529	0.556607	0.667919	0.667919	0.556607	0.333971	0.333971	0.44529	0.333971	0.222649	0.222649	0.333971	0.333971	0.222649	0.222649	0.222649	0.222649	0.222649	0.333971	0.222649	0.222649	0.333971	0.222649	0.222649	0.222649	0.111325	0	0	0	0	0	0	0	0	0	0	0	0	0	0	0	0	0	0	0	0.111325	0.222649	0.111325	0	0.111325	0.222649	0.333971	0.222649	0.111325	0.222649	0.222649	0.222649	0.111325	0.222649	0.222649	0	0	0	0	0	0	0	0	0.222649	0.222649	0	0.111325	0.222649	0.333971	0.222649	0.111325	0.222649	0.222649	0.222649	0.222649	0.222649	0.222649	0.222649	0.111325	0	0.111325	0.222649	0.111325	0.111325	0.222649	0.222649	0.222649	0.333971	0.222649	0.111325	0.222649	0.333971	0.222649	0.222649	0.333971	0.222649	0.111325	0.222649	0.222649	0	0.222649	0.222649	0.222649	0.222649	0.111325	0.222649	0.111325	0.111325	0.222649	0.111325	0.222649	0.222649	0.111325	0.222649	0.222649	0.222649	0.111325	0.222649	0.222649	0.222649	0.222649	0.111325	0.222649	0.222649	0.222649	0.111325	0.222649	0.333971	0.333971	0.333971	0.111325	0.222649	0.222649	0	0.222649	0.333971	0.222649	0.333971	0.222649	0.222649	0.44529	0.222649	0.111325	0.222649	0.333971	0.333971	0.222649	0.333971	0.333971	0.222649	0.333971	0.333971	0.222649	0.333971	0.222649	0.222649	0.44529	0.44529	0.333971	0.333971	0.44529	0.44529	0.333971	0.333971	0.556607	0.44529	0.44529	0.44529	0.222649	0.222649	0.44529	0.44529
1.22416	1.1129	1.22416	1.55787	1.55787	1.33541	1.33541	1.22416	1.55787	1.44665	0.890361	1.1129	1.33541	1.33541	0.890361	0.890361	1.00163	0.890361	1.00163	0.779081	0.667794	0.890361	0.779081	0.445207	0.556503	0.445207	0.222607	0.333908	0.222607	0	0.222607	0.222607	0	0	0.111304	0.222607	0.111304	0	0.111304	0.222607	0.222607	0.222607	0.333908	0.222607	0.111304	0.222607	0.111304	0	0	0.222607	0.222607	0	0	0	0	0.111304	0.222607	0.111304	0	0.111304	0.222607	0.111304	0.222607	0.333908	0.222607	0.333908	0.333908	0.445207	0.445207	0.222607	0.222607	0.556503	0.556503	0.333908	0.445207	0.556503	0.667794	0.445207	0.333908	0.445207	0.556503	0.667794	0.667794	0.556503	0.333908	0.333908	0.445207	0.333908	0.222607	0.222607	0.333908	0.333908	0.222607	0.222607	0.222607	0.222607	0.222607	0.333908	0.222607	0.222607	0.333908	0.222607	0.222607	0.222607	0.111304	0	0	0	0	0	0	0	0	0	0	0	0	0	0	0	0	0	0	0	0.111304	0.222607	0.111304	0	0.111304	0.222607	0.333908	0.222607	0.111304	0.222607	0.222607	0.222607	0.111304	0.222607	0.222607	0	0	0	0	0	0	0	0	0.222607	0.222607	0	0.111304	0.222607	0.333908	0.222607	0.111304	0.222607	0.222607	0.222607	0.222607	0.222607	0.222607	0.222607	0.111304	0	0.111304	0.222607	0.111304	0.111304	0.222607	0.222607	0.222607	0.333908	0.222607	0.111304	0.222607	0.333908	0.222607	0.222607	0.333908	0.222607	0.111304	0.222607	0.222607	0	0.222607	0.222607	0.222607	0.222607	0.111304	0.222607	0.111304	0.111304	0.222607	0.111304	0.222607	0.222607	0.111304	0.222607	0.222607	0.222607	0.111304	0.222607	0.222607	0.222607	0.222607	0.111304	0.222607	0.222607	0.222607	0.111304	0.222607	0.333908	0.333908	0.333908	0.111304	0.222607	0.222607	0	0.222607	0.333908	0.222607	0.333908	0.222607	0.222607	0.445207	0.222607	0.111304	0.222607	0.333908	0.333908	0.222607	0.333908	0.333908	0.222607	0.333908	0.333908	0.222607	0.333908	0.222607	0.222607	0.445207	0.445207	0.333908	0.333908	0.445207	0.445207	0.333908	0.333908	0.556503	0.445207	0.445207	0.445207	0.222607	0.222607	0.445207	0.445207
2.77873	2.71979	2.77873	2.94655	2.90834	2.7867	2.7867	2.71666	2.83785	2.73202	2.43756	2.45609	2.48918	2.39922	2.11071	2.07154	2.07758	1.95918	1.91801	1.71728	1.60703	1.64094	1.49406	1.29316	1.28234	1.20634	1.1348	1.12727	1.04758	1.00152	0.99298	0.922065	0.835088	0.766218	0.720404	0.73027	0.693025	0.640502	0.611127	0.63351	0.651281	0.651281	0.702995	0.686289	0.665683	0.677492	0.638382	0.58492	0.556438	0.615855	0.67835	0.723888	0.765207	0.807287	0.862889	0.912788	0.961503	0.967923	0.987709	1.03868	1.11346	1.14903	1.2057	1.24189	1.23299	1.28581	1.32973	1.36347	1.35479	1.3475	1.41321	1.5058	1.4799	1.43708	1.50426	1.54971	1.59301	1.53076	1.51158	1.52266	1.54971	1.55618	1.50566	1.41018	1.30551	1.29555	1.31083	1.2687	1.22796	1.1845	1.13701	1.07384	1.02594	1.0094	0.965721	0.911302	0.857037	0.818938	0.722279	0.66887	0.640793	0.537326	0.485886	0.43548	0.361154	0.33387	0.33387	0.33387	0.33387	0.33387	0.33387	0.33387	0.33387	0.33387	0.307309	0.251944	0.222581	0.222581	0.222581	0.209133	0.169239	0.125973	0.111291	0.111291	0.158606	0.2377	0.13771	0.111291	0.158609	0.2565	0.381967	0.314763	0.255753	0.339608	0.381979	0.40125	0.351926	0.410784	0.460533	0.445155	0.41826	0.36276	0.33387	0.33387	0.33387	0.36276	0.41826	0.479067	0.472968	0.446024	0.502723	0.529708	0.559545	0.497689	0.458853	0.497689	0.497689	0.497689	0.479067	0.472968	0.472968	0.43548	0.395916	0.433259	0.502723	0.548021	0.529713	0.556784	0.599293	0.617422	0.643208	0.678342	0.643208	0.65484	0.703826	0.709298	0.651281	0.687132	0.727876	0.659841	0.638382	0.659841	0.63351	0.61271	0.659841	0.651281	0.651281	0.63351	0.611127	0.63351	0.578599	0.583925	0.625208	0.578599	0.581264	0.573555	0.540203	0.555388	0.548021	0.529708	0.469278	0.497689	0.497689	0.497689	0.497689	0.458853	0.497689	0.497689	0.497689	0.493006	0.566425	0.606028	0.582586	0.559545	0.475829	0.522721	0.54127	0.54413	0.625208	0.672899	0.643208	0.678342	0.643208	0.669157	0.740779	0.643208	0.65484	0.703826	0.74651	0.74651	0.703826	0.74651	0.74651	0.721473	0.790076	0.796661	0.756812	0.815146	0.800784	0.810153	0.897167	0.878207	0.803674	0.778234	0.806549	0.783182	0.721735	0.740523	0.829949	0.756797	0.756797	0.737375	0.643208	0.669157	0.779467	0.779467
5.12735	5.07693	5.12735	5.22925	5.14456	5.06144	5.06144	4.99358	4.98581	4.84869	4.61803	4.51358	4.40479	4.20342	3.9275	3.84118	3.77277	3.60132	3.42366	3.16161	2.99792	2.89867	2.67142	2.46905	2.3773	2.2854	2.23535	2.18008	2.0606	2.00204	1.94964	1.80838	1.67227	1.53866	1.42817	1.40827	1.37297	1.28421	1.20756	1.20756	1.24383	1.24383	1.2821	1.31779	1.31779	1.29858	1.26265	1.17345	1.11256	1.17345	1.30837	1.45047	1.5306	1.61681	1.72774	1.81521	1.88373	1.92592	1.97503	2.06958	2.19421	2.29063	2.37941	2.41404	2.43458	2.50459	2.59583	2.61434	2.59583	2.66926	2.79946	2.85146	2.79684	2.81485	2.90611	2.94342	2.96638	2.96079	2.96482	2.94408	2.94342	2.88894	2.7801	2.65054	2.54494	2.52408	2.50459	2.46905	2.42441	2.33801	2.20281	2.06958	2.01434	1.98128	1.89416	1.78321	1.67227	1.53866	1.39504	1.28421	1.1525	1.00748	0.897009	0.786744	0.697621	0.667587	0.667587	0.667587	0.667587	0.667587	0.667587	0.667587	0.667587	0.667587	0.62199	0.512912	0.445069	0.445069	0.445069	0.420945	0.351858	0.256461	0.222538	0.222538	0.256454	0.278159	0.202512	0.222538	0.256461	0.351858	0.501461	0.497593	0.476145	0.567345	0.661179	0.70369	0.676793	0.73172	0.841845	0.890084	0.841845	0.73172	0.667587	0.667587	0.667587	0.73172	0.841845	0.878271	0.863614	0.897009	0.987711	0.987711	0.9591	0.91747	0.897009	0.91747	0.91747	0.91747	0.878271	0.863614	0.863614	0.786744	0.769342	0.878271	0.987711	1.02574	1.04257	1.09751	1.13458	1.17378	1.22787	1.22787	1.22787	1.29858	1.3534	1.29858	1.24383	1.32218	1.33644	1.26265	1.26265	1.26265	1.20756	1.22882	1.26265	1.24383	1.24383	1.20756	1.20756	1.20756	1.14172	1.1525	1.18916	1.14172	1.09751	1.0801	1.06278	1.04257	1.02574	0.987711	0.919579	0.91747	0.91747	0.91747	0.91747	0.897009	0.91747	0.91747	0.91747	0.971522	1.06604	1.06604	1.01246	0.9591	0.932939	0.971522	1.01246	1.09751	1.18916	1.21489	1.22787	1.22787	1.22787	1.2821	1.26845	1.22787	1.29858	1.3534	1.37606	1.37606	1.3534	1.37606	1.37606	1.39087	1.47084	1.48418	1.4632	1.52452	1.55465	1.57319	1.61967	1.57834	1.49999	1.44539	1.4173	1.36392	1.32218	1.36392	1.35453	1.30214	1.30214	1.25774	1.22787	1.2821	1.35453	1.35453
2.81572	2.68623	2.81572	2.94543	2.8233	2.78564	2.78564	2.67961	2.75068	2.64841	2.38285	2.35703	2.36813	2.23853	2.02247	2.03692	2.00414	1.86389	1.77678	1.60499	1.54763	1.52613	1.36367	1.24887	1.22259	1.17865	1.13437	1.09342	1.02932	1.00114	0.97373	0.90649	0.856711	0.818626	0.739204	0.729992	0.71257	0.668616	0.633269	0.610894	0.651033	0.651033	0.668903	0.66543	0.686028	0.677234	0.65959	0.615621	0.556226	0.584697	0.657245	0.74882	0.770957	0.829656	0.883812	0.927568	0.984973	0.981832	0.99202	1.07343	1.16197	1.18045	1.22433	1.24142	1.25119	1.31033	1.38391	1.33893	1.35428	1.41744	1.45152	1.47725	1.45085	1.48728	1.53119	1.54912	1.59241	1.55721	1.511	1.50061	1.54912	1.4948	1.44217	1.35599	1.28713	1.29506	1.28532	1.26822	1.2161	1.16828	1.09924	1.03829	1.02555	0.995132	0.945937	0.890353	0.83477	0.765926	0.695826	0.640258	0.571655	0.501378	0.445854	0.390356	0.347926	0.333742	0.333742	0.333742	0.333742	0.333742	0.333742	0.333742	0.333742	0.333742	0.362614	0.317095	0.222496	0.222496	0.222496	0.230182	0.256403	0.158549	0.111249	0.111249	0.230171	0.23761	0.0983307	0.111249	0.125925	0.169174	0.315256	0.314644	0.236811	0.279507	0.343448	0.401097	0.351792	0.362622	0.418101	0.444986	0.460357	0.410628	0.333742	0.333742	0.333742	0.410628	0.460357	0.448877	0.472788	0.485701	0.529507	0.502532	0.516192	0.497499	0.458678	0.497499	0.497499	0.497499	0.448877	0.472788	0.472788	0.390356	0.4295	0.520663	0.529507	0.547813	0.555176	0.581043	0.599065	0.653694	0.678084	0.642963	0.678084	0.709028	0.703558	0.65459	0.651033	0.763634	0.694986	0.638139	0.65959	0.638139	0.610894	0.642063	0.638139	0.651033	0.651033	0.610894	0.633269	0.610894	0.570301	0.607081	0.62497	0.570301	0.556572	0.573337	0.539997	0.529511	0.547813	0.502532	0.459102	0.497499	0.497499	0.497499	0.497499	0.458678	0.497499	0.497499	0.497499	0.563123	0.605798	0.56621	0.541064	0.516192	0.504064	0.522522	0.582364	0.615929	0.62497	0.672643	0.678084	0.642963	0.678084	0.702727	0.661051	0.678084	0.709028	0.703558	0.746226	0.746226	0.703558	0.746226	0.746226	0.752676	0.829875	0.796358	0.756524	0.853759	0.82895	0.809844	0.896826	0.840069	0.773956	0.747526	0.764904	0.740242	0.72146	0.782884	0.734735	0.756509	0.756509	0.691633	0.678084	0.702727	0.77917	0.77917
1.33439	1.00087	1.33439	1.55669	1.33439	1.33439	1.33439	1.11205	1.33439	1.22323	0.667286	0.778488	1.00087	0.889684	0.556079	0.778488	0.778488	0.556079	0.556079	0.333654	0.444869	0.556079	0.333654	0.222438	0.333654	0.333654	0.222438	0.111219	0	0	0	0.111219	0.222438	0.333654	0.222438	0.222438	0.222438	0.222438	0.222438	0.111219	0.222438	0.222438	0.222438	0.111219	0.222438	0.222438	0.222438	0.222438	0	0	0.111219	0.222438	0.111219	0.222438	0.222438	0.222438	0.333654	0.222438	0.111219	0.333654	0.444869	0.333654	0.333654	0.333654	0.333654	0.444869	0.556079	0.333654	0.444869	0.556079	0.444869	0.444869	0.444869	0.556079	0.556079	0.556079	0.667286	0.556079	0.333654	0.333654	0.556079	0.444869	0.444869	0.333654	0.222438	0.333654	0.333654	0.333654	0.111219	0	0	0.111219	0.222438	0.111219	0	0	0	0	0	0	0	0	0	0	0	0	0	0	0	0	0	0	0	0	0.222438	0.222438	0	0	0	0.111219	0.222438	0.111219	0	0	0.222438	0.222438	0	0	0	0	0.222438	0.222438	0	0	0.111219	0.222438	0.111219	0	0	0	0.222438	0.222438	0	0	0	0.222438	0.222438	0.111219	0.222438	0.222438	0.222438	0.111219	0.222438	0.222438	0.111219	0.222438	0.222438	0.222438	0.111219	0.222438	0.222438	0	0.222438	0.333654	0.222438	0.222438	0.222438	0.222438	0.222438	0.333654	0.333654	0.222438	0.333654	0.333654	0.222438	0.111219	0.222438	0.444869	0.222438	0.111219	0.222438	0.111219	0.111219	0.222438	0.111219	0.222438	0.222438	0.111219	0.222438	0.111219	0	0.222438	0.222438	0	0.111219	0.222438	0.111219	0.111219	0.222438	0.111219	0	0.222438	0.222438	0.222438	0.222438	0.111219	0.222438	0.222438	0.222438	0.333654	0.333654	0.222438	0.222438	0.222438	0.222438	0.222438	0.333654	0.333654	0.222438	0.333654	0.333654	0.222438	0.333654	0.333654	0.222438	0.333654	0.333654	0.222438	0.333654	0.333654	0.222438	0.333654	0.333654	0.333654	0.444869	0.333654	0.222438	0.444869	0.333654	0.222438	0.444869	0.333654	0.222438	0.222438	0.333654	0.333654	0.333654	0.444869	0.333654	0.444869	0.444869	0.333654	0.333654	0.333654	0.444869	0.444869
1.33413	1.00068	1.33413	1.55639	1.33413	1.33413	1.33413	1.11184	1.33413	1.22299	0.667157	0.778337	1.00068	0.889511	0.555972	0.778337	0.778337	0.555972	0.555972	0.33359	0.444782	0.555972	0.33359	0.222394	0.33359	0.33359	0.222394	0.111198	0	0	0	0.111198	0.222394	0.33359	0.222394	0.222394	0.222394	0.222394	0.222394	0.111198	0.222394	0.222394	0.222394	0.111198	0.222394	0.222394	0.222394	0.222394	0	0	0.111198	0.222394	0.111198	0.222394	0.222394	0.222394	0.33359	0.222394	0.111198	0.33359	0.444782	0.33359	0.33359	0.33359	0.33359	0.444782	0.555972	0.33359	0.444782	0.555972	0.444782	0.444782	0.444782	0.555972	0.555972	0.555972	0.667157	0.555972	0.33359	0.33359	0.555972	0.444782	0.444782	0.33359	0.222394	0.33359	0.33359	0.33359	0.111198	0	0	0.111198	0.222394	0.111198	0	0	0	0	0	0	0	0	0	0	0	0	0	0	0	0	0	0	0	0	0.222394	0.222394	0	0	0	0.111198	0.222394	0.111198	0	0	0.222394	0.222394	0	0	0	0	0.222394	0.222394	0	0	0.111198	0.222394	0.111198	0	0	0	0.222394	0.222394	0	0	0	0.222394	0.222394	0.111198	0.222394	0.222394	0.222394	0.111198	0.222394	0.222394	0.111198	0.222394	0.222394	0.222394	0.111198	0.222394	0.222394	0	0.222394	0.33359	0.222394	0.222394	0.222394	0.222394	0.222394	0.33359	0.33359	0.222394	0.33359	0.33359	0.222394	0.111198	0.222394	0.444782	0.222394	0.111198	0.222394	0.111198	0.111198	0.222394	0.111198	0.222394	0.222394	0.111198	0.222394	0.111198	0	0.222394	0.222394	0	0.111198	0.222394	0.111198	0.111198	0.222394	0.111198	0	0.222394	0.222394	0.222394	0.222394	0.111198	0.222394	0.222394	0.222394	0.33359	0.33359	0.222394	0.222394	0.222394	0.222394	0.222394	0.33359	0.33359	0.222394	0.33359	0.33359	0.222394	0.33359	0.33359	0.222394	0.33359	0.33359	0.222394	0.33359	0.33359	0.222394	0.33359	0.33359	0.33359	0.444782	0.33359	0.222394	0.444782	0.33359	0.222394	0.444782	0.33359	0.222394	0.222394	0.33359	0.33359	0.33359	0.444782	0.33359	0.444782	0.444782	0.33359	0.33359	0.33359	0.444782	0.444782
1.33387	1.00048	1.33387	1.55608	1.33387	1.33387	1.33387	1.11162	1.33387	1.22275	0.667027	0.778186	1.00048	0.889338	0.555864	0.778186	0.778186	0.555864	0.555864	0.333525	0.444696	0.555864	0.333525	0.222351	0.333525	0.333525	0.222351	0.111176	0	0	0	0.111176	0.222351	0.333525	0.222351	0.222351	0.222351	0.222351	0.222351	0.111176	0.222351	0.222351	0.222351	0.111176	0.222351	0.222351	0.222351	0.222351	0	0	0.111176	0.222351	0.111176	0.222351	0.222351	0.222351	0.333525	0.222351	0.111176	0.333525	0.444696	0.333525	0.333525	0.333525	0.333525	0.444696	0.555864	0.333525	0.444696	0.555864	0.444696	0.444696	0.444696	0.555864	0.555864	0.555864	0.667027	0.555864	0.333525	0.333525	0.555864	0.444696	0.444696	0.333525	0.222351	0.333525	0.333525	0.333525	0.111176	0	0	0.111176	0.222351	0.111176	0	0	0	0	0	0	0	0	0	0	0	0	0	0	0	0	0	0	0	0	0.222351	0.222351	0	0	0	0.111176	0.222351	0.111176	0	0	0.222351	0.222351	0	0	0	0	0.222351	0.222351	0	0	0.111176	0.222351	0.111176	0	0	0	0.222351	0.222351	0	0	0	0.222351	0.222351	0.111176	0.222351	0.222351	0.222351	0.111176	0.222351	0.222351	0.111176	0.222351	0.222351	0.222351	0.111176	0.222351	0.222351	0	0.222351	0.333525	0.222351	0.222351	0.222351	0.222351	0.222351	0.333525	0.333525	0.222351	0.333525	0.333525	0.222351	0.111176	0.222351	0.444696	0.222351	0.111176	0.222351	0.111176	0.111176	0.222351	0.111176	0.222351	0.222351	0.111176	0.222351	0.111176	0	0.222351	0.222351	0	0.111176	0.222351	0.111176	0.111176	0.222351	0.111176	0	0.222351	0.222351	0.222351	0.222351	0.111176	0.222351	0.222351	0.222351	0.333525	0.333525	0.222351	0.222351	0.222351	0.222351	0.222351	0.333525	0.333525	0.222351	0.333525	0.333525	0.222351	0.333525	0.333525	0.222351	0.333525	0.333525	0.222351	0.333525	0.333525	0.222351	0.333525	0.333525	0.333525	0.444696	0.333525	0.222351	0.444696	0.333525	0.222351	0.444696	0.333525	0.222351	0.222351	0.333525	0.333525	0.333525	0.444696	0.333525	0.444696	0.444696	0.333525	0.333525	0.333525	0.444696	0.444696
1.33363	1.0003	1.33363	1.55579	1.33363	1.33363	1.33363	1.11142	1.33363	1.22253	0.666903	0.778041	1.0003	0.889173	0.55576	0.778041	0.778041	0.55576	0.55576	0.333463	0.444613	0.55576	0.333463	0.22231	0.333463	0.333463	0.22231	0.111155	0	0	0	0.111155	0.22231	0.333463	0.22231	0.22231	0.22231	0.22231	0.22231	0.111155	0.22231	0.22231	0.22231	0.111155	0.22231	0.22231	0.22231	0.22231	0	0	0.111155	0.22231	0.111155	0.22231	0.22231	0.22231	0.333463	0.22231	0.111155	0.333463	0.444613	0.333463	0.333463	0.333463	0.333463	0.444613	0.55576	0.333463	0.444613	0.55576	0.444613	0.444613	0.444613	0.55576	0.55576	0.55576	0.666903	0.55576	0.333463	0.333463	0.55576	0.444613	0.444613	0.333463	0.22231	0.333463	0.333463	0.333463	0.111155	0	0	0.111155	0.22231	0.111155	0	0	0	0	0	0	0	0	0	0	0	0	0	0	0	0	0	0	0	0	0.22231	0.22231	0	0	0	0.111155	0.22231	0.111155	0	0	0.22231	0.22231	0	0	0	0	0.22231	0.22231	0	0	0.111155	0.22231	0.111155	0	0	0	0.22231	0.22231	0	0	0	0.22231	0.22231	0.111155	0.22231	0.22231	0.22231	0.111155	0.22231	0.22231	0.111155	0.22231	0.22231	0.22231	0.111155	0.22231	0.22231	0	0.22231	0.333463	0.22231	0.22231	0.22231	0.22231	0.22231	0.333463	0.333463	0.22231	0.333463	0.333463	0.22231	0.111155	0.22231	0.444613	0.22231	0.111155	0.22231	0.111155	0.111155	0.22231	0.111155	0.22231	0.22231	0.111155	0.22231	0.111155	0	0.22231	0.22231	0	0.111155	0.22231	0.111155	0.111155	0.22231	0.111155	0	0.22231	0.22231	0.22231	0.22231	0.111155	0.22231	0.22231	0.22231	0.333463	0.333463	0.22231	0.22231	0.22231	0.22231	0.22231	0.333463	0.333463	0.22231	0.333463	0.333463	0.22231	0.333463	0.333463	0.22231	0.333463	0.333463	0.22231	0.333463	0.333463	0.22231	0.333463	0.333463	0.333463	0.444613	0.333463	0.22231	0.444613	0.333463	0.22231	0.444613	0.333463	0.22231	0.22231	0.333463	0.333463	0.333463	0.444613	0.333463	0.444613	0.444613	0.333463	0.333463	0.333463	0.444613	0.444613
1.33337	1.0001	1.33337	1.55549	1.33337	1.33337	1.33337	1.1112	1.33337	1.22229	0.666774	0.77789	1.0001	0.889	0.555652	0.77789	0.77789	0.555652	0.555652	0.333398	0.444527	0.555652	0.333398	0.222267	0.333398	0.333398	0.222267	0.111134	0	0	0	0.111134	0.222267	0.333398	0.222267	0.222267	0.222267	0.222267	0.222267	0.111134	0.222267	0.222267	0.222267	0.111134	0.222267	0.222267	0.222267	0.222267	0	0	0.111134	0.222267	0.111134	0.222267	0.222267	0.222267	0.333398	0.222267	0.111134	0.333398	0.444527	0.333398	0.333398	0.333398	0.333398	0.444527	0.555652	0.333398	0.444527	0.555652	0.444527	0.444527	0.444527	0.555652	0.555652	0.555652	0.666774	0.555652	0.333398	0.333398	0.555652	0.444527	0.444527	0.333398	0.222267	0.333398	0.333398	0.333398	0.111134	0	0	0.111134	0.222267	0.111134	0	0	0	0	0	0	0	0	0	0	0	0	0	0	0	0	0	0	0	0	0.222267	0.222267	0	0	0	0.111134	0.222267	0.111134	0	0	0.222267	0.222267	0	0	0	0	0.222267	0.222267	0	0	0.111134	0.222267	0.111134	0	0	0	0.222267	0.222267	0	0	0	0.222267	0.222267	0.111134	0.222267	0.222267	0.222267	0.111134	0.222267	0.222267	0.111134	0.222267	0.222267	0.222267	0.111134	0.222267	0.222267	0	0.222267	0.333398	0.222267	0.222267	0.222267	0.222267	0.222267	0.333398	0.333398	0.222267	0.333398	0.333398	0.222267	0.111134	0.222267	0.444527	0.222267	0.111134	0.222267	0.111134	0.111134	0.222267	0.111134	0.222267	0.222267	0.111134	0.222267	0.111134	0	0.222267	0.222267	0	0.111134	0.222267	0.111134	0.111134	0.222267	0.111134	0	0.222267	0.222267	0.222267	0.222267	0.111134	0.222267	0.222267	0.222267	0.333398	0.333398	0.222267	0.222267	0.222267	0.222267	0.222267	0.333398	0.333398	0.222267	0.333398	0.333398	0.222267	0.333398	0.333398	0.222267	0.333398	0.333398	0.222267	0.333398	0.333398	0.222267	0.333398	0.333398	0.333398	0.444527	0.333398	0.222267	0.444527	0.333398	0.222267	0.444527	0.333398	0.222267	0.222267	0.333398	0.333398	0.333398	0.444527	0.333398	0.444527	0.444527	0.333398	0.333398	0.333398	0.444527	0.444527
1.33312	0.999918	1.33312	1.5552	1.33312	1.33312	1.33312	1.11099	1.33312	1.22206	0.66665	0.777745	0.999918	0.888835	0.555549	0.777745	0.777745	0.555549	0.555549	0.333336	0.444444	0.555549	0.333336	0.222225	0.333336	0.333336	0.222225	0.111113	0	0	0	0.111113	0.222225	0.333336	0.222225	0.222225	0.222225	0.222225	0.222225	0.111113	0.222225	0.222225	0.222225	0.111113	0.222225	0.222225	0.222225	0.222225	0	0	0.111113	0.222225	0.111113	0.222225	0.222225	0.222225	0.333336	0.222225	0.111113	0.333336	0.444444	0.333336	0.333336	0.333336	0.333336	0.444444	0.555549	0.333336	0.444444	0.555549	0.444444	0.444444	0.444444	0.555549	0.555549	0.555549	0.66665	0.555549	0.333336	0.333336	0.555549	0.444444	0.444444	0.333336	0.222225	0.333336	0.333336	0.333336	0.111113	0	0	0.111113	0.222225	0.111113	0	0	0	0	0	0	0	0	0	0	0	0	0	0	0	0	0	0	0	0	0.222225	0.222225	0	0	0	0.111113	0.222225	0.111113	0	0	0.222225	0.222225	0	0	0	0	0.222225	0.222225	0	0	0.111113	0.222225	0.111113	0	0	0	0.222225	0.222225	0	0	0	0.222225	0.222225	0.111113	0.222225	0.222225	0.222225	0.111113	0.222225	0.222225	0.111113	0.222225	0.222225	0.222225	0.111113	0.222225	0.222225	0	0.222225	0.333336	0.222225	0.222225	0.222225	0.222225	0.222225	0.333336	0.333336	0.222225	0.333336	0.333336	0.222225	0.111113	0.222225	0.444444	0.222225	0.111113	0.222225	0.111113	0.111113	0.222225	0.111113	0.222225	0.222225	0.111113	0.222225	0.111113	0	0.222225	0.222225	0	0.111113	0.222225	0.111113	0.111113	0.222225	0.111113	0	0.222225	0.222225	0.222225	0.222225	0.111113	0.222225	0.222225	0.222225	0.333336	0.333336	0.222225	0.222225	0.222225	0.222225	0.222225	0.333336	0.333336	0.222225	0.333336	0.333336	0.222225	0.333336	0.333336	0.222225	0.333336	0.333336	0.222225	0.333336	0.333336	0.222225	0.333336	0.333336	0.333336	0.444444	0.333336	0.222225	0.444444	0.333336	0.222225	0.444444	0.333336	0.222225	0.222225	0.333336	0.333336	0.333336	0.444444	0.333336	0.444444	0.444444	0.333336	0.333336	0.333336	0.444444	0.444444
4.62956	4.54554	4.56098	4.52324	4.41851	4.34937	4.24387	4.14379	4.20834	4.20926	4.13436	4.20855	4.24334	4.13269	3.96926	3.79808	3.55799	3.33502	3.17066	3.04	2.93608	2.72415	2.48303	2.33775	2.20733	2.04207	1.83589	1.63852	1.55502	1.50054	1.38959	1.33758	1.35134	1.41596	1.46098	1.41596	1.35134	1.39844	1.48453	1.47829	1.46098	1.46098	1.48453	1.52954	1.61912	1.72957	1.84008	1.95063	1.99899	1.99899	2.00207	2.01128	2.00207	1.9808	1.95615	1.98701	2.02654	2.04207	2.11651	2.22262	2.26482	2.24571	2.30926	2.41866	2.4653	2.48272	2.50493	2.52817	2.65638	2.7216	2.66938	2.64652	2.67859	2.7216	2.7216	2.6889	2.6255	2.52604	2.4653	2.4342	2.38469	2.31923	2.31923	2.26924	2.20174	2.15937	2.07313	1.93198	1.8067	1.77704	1.77704	1.75127	1.67434	1.58497	1.55502	1.55502	1.55502	1.50054	1.38959	1.33296	1.27865	1.16771	1.08346	1.00134	0.91692	0.835043	0.724247	0.666572	0.666572	0.639404	0.558254	0.472982	0.444392	0.444392	0.526976	0.63334	0.666572	0.666572	0.666572	0.699323	0.795304	0.864984	0.888731	0.888731	0.958853	1.0684	1.11086	1.05679	0.945899	0.888731	0.958853	1.0684	1.11086	1.11086	1.14167	1.20987	1.2022	1.13897	1.11086	1.11086	1.17823	1.28826	1.33296	1.33296	1.33296	1.28826	1.17823	1.0863	1.04579	1.02418	1.02418	1.0369	1.11155	1.13285	1.14706	1.25306	1.32891	1.35134	1.36779	1.40613	1.43811	1.50054	1.5708	1.5903	1.5708	1.5708	1.5708	1.5708	1.5708	1.55749	1.5031	1.42951	1.39457	1.37397	1.35134	1.33758	1.35134	1.40503	1.35134	1.33758	1.35134	1.36779	1.42303	1.42951	1.36327	1.35134	1.35134	1.30786	1.23322	1.14167	1.11086	1.0684	0.958853	0.888731	0.864984	0.795304	0.699323	0.64421	0.614799	0.599557	0.639404	0.63334	0.526976	0.496836	0.496836	0.458067	0.496836	0.53424	0.621036	0.658411	0.609753	0.547082	0.547082	0.583909	0.598266	0.634553	0.695995	0.658411	0.634553	0.695995	0.658411	0.634553	0.733755	0.74523	0.70262	0.708082	0.658411	0.598266	0.64778	0.64778	0.634553	0.658411	0.609753	0.562372	0.54988	0.47133	0.439143	0.551278	0.47133	0.477837	0.628429	0.555469	0.53424	0.621036	0.695995	0.658411	0.685946	0.716735	0.64778	0.711331	0.711331	0.685946	0.658411	0.685946	0.7555	0.7555
4.62866	4.54466	4.5305	4.48707	4.41766	4.31745	4.21118	4.14299	4.20754	4.22515	4.14319	4.21864	4.23023	4.11108	3.95611	3.76084	3.52263	3.31498	3.14963	3.03436	2.91976	2.69525	2.47137	2.33203	2.19431	2.02805	1.83553	1.64383	1.55472	1.50844	1.39817	1.33732	1.35108	1.39817	1.46069	1.44158	1.35108	1.38932	1.478	1.48424	1.46069	1.46069	1.478	1.52722	1.61117	1.7221	1.83302	1.94393	1.99861	1.99861	2.00169	2.01089	2.00169	1.97575	1.95577	1.99436	2.02615	2.0492	2.12771	2.23187	2.26439	2.24528	2.33004	2.43846	2.46482	2.48224	2.50445	2.54708	2.67893	2.72107	2.66079	2.64601	2.68838	2.72107	2.72107	2.67807	2.60146	2.51456	2.46482	2.4274	2.36348	2.31879	2.31879	2.26201	2.19712	2.15181	2.06081	1.9172	1.80465	1.77669	1.77669	1.74917	1.66664	1.58271	1.55472	1.55472	1.55472	1.50844	1.39817	1.33271	1.28801	1.178	1.08609	1.01339	0.920099	0.849525	0.740944	0.666443	0.666443	0.644086	0.579825	0.479367	0.444306	0.444306	0.502917	0.613429	0.666443	0.666443	0.666443	0.694764	0.779484	0.861244	0.888559	0.888559	0.945716	1.05659	1.11065	1.0682	0.958667	0.888559	0.945716	1.05659	1.11065	1.11065	1.13875	1.20197	1.20963	1.14145	1.11065	1.11065	1.16749	1.2784	1.33271	1.33271	1.33271	1.2784	1.16749	1.08325	1.0367	1.02398	1.02398	1.04559	1.12512	1.13264	1.15487	1.282	1.3402	1.35108	1.37426	1.40586	1.44851	1.50844	1.5705	1.58999	1.5705	1.5705	1.5705	1.5705	1.5705	1.54727	1.49252	1.42275	1.38321	1.3737	1.35108	1.33732	1.35108	1.40476	1.35108	1.33732	1.35108	1.37426	1.42923	1.42275	1.36074	1.35108	1.35108	1.30525	1.22294	1.13875	1.11065	1.05659	0.945716	0.888559	0.861244	0.779484	0.694764	0.63928	0.599441	0.614681	0.644086	0.613429	0.502917	0.49674	0.49674	0.457978	0.49674	0.562264	0.677898	0.63443	0.583797	0.546977	0.546977	0.609636	0.59815	0.658285	0.695861	0.63443	0.658285	0.695861	0.63443	0.658285	0.762469	0.745087	0.702484	0.685822	0.63443	0.59815	0.647656	0.647656	0.658285	0.63443	0.583797	0.534137	0.477746	0.47124	0.472876	0.510508	0.47124	0.549776	0.628309	0.555363	0.562264	0.677898	0.695861	0.63443	0.716598	0.685815	0.647656	0.711195	0.711195	0.716598	0.63443	0.716598	0.755356	0.755356
1.33235	0.999344	1.11036	1.33235	1.33235	1.11036	1.11036	1.11036	1.33235	1.33235	0.777299	0.888325	0.888325	0.666267	0.333145	0.222098	0.333145	0.222098	0.222098	0.222098	0.111049	0	0	0	0	0	0.222098	0.222098	0	0.222098	0.222098	0.111049	0.222098	0.111049	0.222098	0.444189	0.222098	0	0.111049	0.222098	0.222098	0.222098	0.111049	0	0	0	0	0	0	0	0.111049	0.222098	0.111049	0.111049	0.222098	0.333145	0.333145	0.333145	0.333145	0.444189	0.444189	0.333145	0.55523	0.55523	0.333145	0.444189	0.55523	0.55523	0.666267	0.55523	0.333145	0.444189	0.55523	0.55523	0.55523	0.444189	0.444189	0.444189	0.333145	0.222098	0.333145	0.444189	0.444189	0.222098	0.111049	0.222098	0.111049	0	0	0	0	0	0	0	0	0	0	0.222098	0.222098	0	0.222098	0.222098	0.111049	0.222098	0.111049	0.222098	0.222098	0	0	0.111049	0.222098	0.111049	0	0	0	0	0	0	0	0	0	0	0	0	0	0	0	0.222098	0.222098	0	0	0	0	0	0	0.111049	0.222098	0.111049	0	0	0	0	0	0	0	0	0	0	0.111049	0.222098	0.222098	0.222098	0.333145	0.222098	0.222098	0.444189	0.333145	0.222098	0.222098	0.222098	0.333145	0.222098	0.222098	0.333145	0.222098	0.222098	0.222098	0.222098	0.222098	0.222098	0.222098	0.111049	0.222098	0.333145	0.222098	0.111049	0.222098	0.444189	0.222098	0.111049	0.222098	0.222098	0.222098	0.111049	0	0.222098	0.222098	0	0	0	0	0	0	0	0	0	0	0	0.111049	0.222098	0.111049	0	0	0.222098	0.222098	0.111049	0.222098	0.333145	0.444189	0.222098	0.222098	0.222098	0.222098	0.333145	0.222098	0.333145	0.333145	0.222098	0.333145	0.333145	0.222098	0.333145	0.444189	0.333145	0.222098	0.222098	0.222098	0.222098	0.333145	0.333145	0.333145	0.222098	0.222098	0.222098	0.222098	0.333145	0.333145	0.333145	0.333145	0.444189	0.444189	0.333145	0.333145	0.444189	0.333145	0.222098	0.444189	0.333145	0.333145	0.444189	0.444189	0.444189	0.222098	0.444189	0.444189	0.444189
1.3321	0.999151	1.11014	1.3321	1.3321	1.11014	1.11014	1.11014	1.3321	1.3321	0.777148	0.888153	0.888153	0.666138	0.33308	0.222055	0.33308	0.222055	0.222055	0.222055	0.111028	0	0	0	0	0	0.222055	0.222055	0	0.222055	0.222055	0.111028	0.222055	0.111028	0.222055	0.444103	0.222055	0	0.111028	0.222055	0.222055	0.222055	0.111028	0	0	0	0	0	0	0	0.111028	0.222055	0.111028	0.111028	0.222055	0.33308	0.33308	0.33308	0.33308	0.444103	0.444103	0.33308	0.555123	0.555123	0.33308	0.444103	0.555123	0.555123	0.666138	0.555123	0.33308	0.444103	0.555123	0.555123	0.555123	0.444103	0.444103	0.444103	0.33308	0.222055	0.33308	0.444103	0.444103	0.222055	0.111028	0.222055	0.111028	0	0	0	0	0	0	0	0	0	0	0.222055	0.222055	0	0.222055	0.222055	0.111028	0.222055	0.111028	0.222055	0.222055	0	0	0.111028	0.222055	0.111028	0	0	0	0	0	0	0	0	0	0	0	0	0	0	0	0.222055	0.222055	0	0	0	0	0	0	0.111028	0.222055	0.111028	0	0	0	0	0	0	0	0	0	0	0.111028	0.222055	0.222055	0.222055	0.33308	0.222055	0.222055	0.444103	0.33308	0.222055	0.222055	0.222055	0.33308	0.222055	0.222055	0.33308	0.222055	0.222055	0.222055	0.222055	0.222055	0.222055	0.222055	0.111028	0.222055	0.33308	0.222055	0.111028	0.222055	0.444103	0.222055	0.111028	0.222055	0.222055	0.222055	0.111028	0	0.222055	0.222055	0	0	0	0	0	0	0	0	0	0	0	0.111028	0.222055	0.111028	0	0	0.222055	0.222055	0.111028	0.222055	0.33308	0.444103	0.222055	0.222055	0.222055	0.222055	0.33308	0.222055	0.33308	0.33308	0.222055	0.33308	0.33308	0.222055	0.33308	0.444103	0.33308	0.222055	0.222055	0.222055	0.222055	0.33308	0.33308	0.33308	0.222055	0.222055	0.222055	0.222055	0.33308	0.33308	0.33308	0.33308	0.444103	0.444103	0.33308	0.33308	0.444103	0.33308	0.222055	0.444103	0.33308	0.33308	0.444103	0.444103	0.444103	0.222055	0.444103	0.444103	0.444103
1.33185	0.998965	1.10993	1.33185	1.33185	1.10993	1.10993	1.10993	1.33185	1.33185	0.777004	0.887988	0.887988	0.666014	0.333018	0.222014	0.333018	0.222014	0.222014	0.222014	0.111007	0	0	0	0	0	0.222014	0.222014	0	0.222014	0.222014	0.111007	0.222014	0.111007	0.222014	0.444021	0.222014	0	0.111007	0.222014	0.222014	0.222014	0.111007	0	0	0	0	0	0	0	0.111007	0.222014	0.111007	0.111007	0.222014	0.333018	0.333018	0.333018	0.333018	0.444021	0.444021	0.333018	0.555019	0.555019	0.333018	0.444021	0.555019	0.555019	0.666014	0.555019	0.333018	0.444021	0.555019	0.555019	0.555019	0.444021	0.444021	0.444021	0.333018	0.222014	0.333018	0.444021	0.444021	0.222014	0.111007	0.222014	0.111007	0	0	0	0	0	0	0	0	0	0	0.222014	0.222014	0	0.222014	0.222014	0.111007	0.222014	0.111007	0.222014	0.222014	0	0	0.111007	0.222014	0.111007	0	0	0	0	0	0	0	0	0	0	0	0	0	0	0	0.222014	0.222014	0	0	0	0	0	0	0.111007	0.222014	0.111007	0	0	0	0	0	0	0	0	0	0	0.111007	0.222014	0.222014	0.222014	0.333018	0.222014	0.222014	0.444021	0.333018	0.222014	0.222014	0.222014	0.333018	0.222014	0.222014	0.333018	0.222014	0.222014	0.222014	0.222014	0.222014	0.222014	0.222014	0.111007	0.222014	0.333018	0.222014	0.111007	0.222014	0.444021	0.222014	0.111007	0.222014	0.222014	0.222014	0.111007	0	0.222014	0.222014	0	0	0	0	0	0	0	0	0	0	0	0.111007	0.222014	0.111007	0	0	0.222014	0.222014	0.111007	0.222014	0.333018	0.444021	0.222014	0.222014	0.222014	0.222014	0.333018	0.222014	0.333018	0.333018	0.222014	0.333018	0.333018	0.222014	0.333018	0.444021	0.333018	0.222014	0.222014	0.222014	0.222014	0.333018	0.333018	0.333018	0.222014	0.222014	0.222014	0.222014	0.333018	0.333018	0.333018	0.333018	0.444021	0.444021	0.333018	0.333018	0.444021	0.333018	0.222014	0.444021	0.333018	0.333018	0.444021	0.444021	0.444021	0.222014	0.444021	0.444021	0.444021
1.33159	0.998771	1.10972	1.33159	1.33159	1.10972	1.10972	1.10972	1.33159	1.33159	0.776853	0.887816	0.887816	0.665885	0.332954	0.221971	0.332954	0.221971	0.221971	0.221971	0.110986	0	0	0	0	0	0.221971	0.221971	0	0.221971	0.221971	0.110986	0.221971	0.110986	0.221971	0.443935	0.221971	0	0.110986	0.221971	0.221971	0.221971	0.110986	0	0	0	0	0	0	0	0.110986	0.221971	0.110986	0.110986	0.221971	0.332954	0.332954	0.332954	0.332954	0.443935	0.443935	0.332954	0.554912	0.554912	0.332954	0.443935	0.554912	0.554912	0.665885	0.554912	0.332954	0.443935	0.554912	0.554912	0.554912	0.443935	0.443935	0.443935	0.332954	0.221971	0.332954	0.443935	0.443935	0.221971	0.110986	0.221971	0.110986	0	0	0	0	0	0	0	0	0	0	0.221971	0.221971	0	0.221971	0.221971	0.110986	0.221971	0.110986	0.221971	0.221971	0	0	0.110986	0.221971	0.110986	0	0	0	0	0	0	0	0	0	0	0	0	0	0	0	0.221971	0.221971	0	0	0	0	0	0	0.110986	0.221971	0.110986	0	0	0	0	0	0	0	0	0	0	0.110986	0.221971	0.221971	0.221971	0.332954	0.221971	0.221971	0.443935	0.332954	0.221971	0.221971	0.221971	0.332954	0.221971	0.221971	0.332954	0.221971	0.221971	0.221971	0.221971	0.221971	0.221971	0.221971	0.110986	0.221971	0.332954	0.221971	0.110986	0.221971	0.443935	0.221971	0.110986	0.221971	0.221971	0.221971	0.110986	0	0.221971	0.221971	0	0	0	0	0	0	0	0	0	0	0	0.110986	0.221971	0.110986	0	0	0.221971	0.221971	0.110986	0.221971	0.332954	0.443935	0.221971	0.221971	0.221971	0.221971	0.332954	0.221971	0.332954	0.332954	0.221971	0.332954	0.332954	0.221971	0.332954	0.443935	0.332954	0.221971	0.221971	0.221971	0.221971	0.332954	0.332954	0.332954	0.221971	0.221971	0.221971	0.221971	0.332954	0.332954	0.332954	0.332954	0.443935	0.443935	0.332954	0.332954	0.443935	0.332954	0.221971	0.443935	0.332954	0.332954	0.443935	0.443935	0.443935	0.221971	0.443935	0.443935	0.443935
1.33133	0.998578	1.1095	1.33133	1.33133	1.1095	1.1095	1.1095	1.33133	1.33133	0.776703	0.887644	0.887644	0.665756	0.332889	0.221928	0.332889	0.221928	0.221928	0.221928	0.110964	0	0	0	0	0	0.221928	0.221928	0	0.221928	0.221928	0.110964	0.221928	0.110964	0.221928	0.443849	0.221928	0	0.110964	0.221928	0.221928	0.221928	0.110964	0	0	0	0	0	0	0	0.110964	0.221928	0.110964	0.110964	0.221928	0.332889	0.332889	0.332889	0.332889	0.443849	0.443849	0.332889	0.554804	0.554804	0.332889	0.443849	0.554804	0.554804	0.665756	0.554804	0.332889	0.443849	0.554804	0.554804	0.554804	0.443849	0.443849	0.443849	0.332889	0.221928	0.332889	0.443849	0.443849	0.221928	0.110964	0.221928	0.110964	0	0	0	0	0	0	0	0	0	0	0.221928	0.221928	0	0.221928	0.221928	0.110964	0.221928	0.110964	0.221928	0.221928	0	0	0.110964	0.221928	0.110964	0	0	0	0	0	0	0	0	0	0	0	0	0	0	0	0.221928	0.221928	0	0	0	0	0	0	0.110964	0.221928	0.110964	0	0	0	0	0	0	0	0	0	0	0.110964	0.221928	0.221928	0.221928	0.332889	0.221928	0.221928	0.443849	0.332889	0.221928	0.221928	0.221928	0.332889	0.221928	0.221928	0.332889	0.221928	0.221928	0.221928	0.221928	0.221928	0.221928	0.221928	0.110964	0.221928	0.332889	0.221928	0.110964	0.221928	0.443849	0.221928	0.110964	0.221928	0.221928	0.221928	0.110964	0	0.221928	0.221928	0	0	0	0	0	0	0	0	0	0	0	0.110964	0.221928	0.110964	0	0	0.221928	0.221928	0.110964	0.221928	0.332889	0.443849	0.221928	0.221928	0.221928	0.221928	0.332889	0.221928	0.332889	0.332889	0.221928	0.332889	0.332889	0.221928	0.332889	0.443849	0.332889	0.221928	0.221928	0.221928	0.221928	0.332889	0.332889	0.332889	0.221928	0.221928	0.221928	0.221928	0.332889	0.332889	0.332889	0.332889	0.443849	0.443849	0.332889	0.332889	0.443849	0.332889	0.221928	0.443849	0.332889	0.332889	0.443849	0.443849	0.443849	0.221928	0.443849	0.443849	0.443849
1.33109	0.998393	1.1093	1.33109	1.33109	1.1093	1.1093	1.1093	1.33109	1.33109	0.776559	0.887479	0.887479	0.665632	0.332827	0.221886	0.332827	0.221886	0.221886	0.221886	0.110944	0	0	0	0	0	0.221886	0.221886	0	0.221886	0.221886	0.110944	0.221886	0.110944	0.221886	0.443766	0.221886	0	0.110944	0.221886	0.221886	0.221886	0.110944	0	0	0	0	0	0	0	0.110944	0.221886	0.110944	0.110944	0.221886	0.332827	0.332827	0.332827	0.332827	0.443766	0.443766	0.332827	0.554701	0.554701	0.332827	0.443766	0.554701	0.554701	0.665632	0.554701	0.332827	0.443766	0.554701	0.554701	0.554701	0.443766	0.443766	0.443766	0.332827	0.221886	0.332827	0.443766	0.443766	0.221886	0.110944	0.221886	0.110944	0	0	0	0	0	0	0	0	0	0	0.221886	0.221886	0	0.221886	0.221886	0.110944	0.221886	0.110944	0.221886	0.221886	0	0	0.110944	0.221886	0.110944	0	0	0	0	0	0	0	0	0	0	0	0	0	0	0	0.221886	0.221886	0	0	0	0	0	0	0.110944	0.221886	0.110944	0	0	0	0	0	0	0	0	0	0	0.110944	0.221886	0.221886	0.221886	0.332827	0.221886	0.221886	0.443766	0.332827	0.221886	0.221886	0.221886	0.332827	0.221886	0.221886	0.332827	0.221886	0.221886	0.221886	0.221886	0.221886	0.221886	0.221886	0.110944	0.221886	0.332827	0.221886	0.110944	0.221886	0.443766	0.221886	0.110944	0.221886	0.221886	0.221886	0.110944	0	0.221886	0.221886	0	0	0	0	0	0	0	0	0	0	0	0.110944	0.221886	0.110944	0	0	0.221886	0.221886	0.110944	0.221886	0.332827	0.443766	0.221886	0.221886	0.221886	0.221886	0.332827	0.221886	0.332827	0.332827	0.221886	0.332827	0.332827	0.221886	0.332827	0.443766	0.332827	0.221886	0.221886	0.221886	0.221886	0.332827	0.332827	0.332827	0.221886	0.221886	0.221886	0.221886	0.332827	0.332827	0.332827	0.332827	0.443766	0.443766	0.332827	0.332827	0.443766	0.332827	0.221886	0.443766	0.332827	0.332827	0.443766	0.443766	0.443766	0.221886	0.443766	0.443766	0.443766
1.33083	0.998199	1.10908	1.33083	1.33083	1.10908	1.10908	1.10908	1.33083	1.33083	0.776408	0.887307	0.887307	0.665504	0.332763	0.221843	0.332763	0.221843	0.221843	0.221843	0.110922	0	0	0	0	0	0.221843	0.221843	0	0.221843	0.221843	0.110922	0.221843	0.110922	0.221843	0.44368	0.221843	0	0.110922	0.221843	0.221843	0.221843	0.110922	0	0	0	0	0	0	0	0.110922	0.221843	0.110922	0.110922	0.221843	0.332763	0.332763	0.332763	0.332763	0.44368	0.44368	0.332763	0.554594	0.554594	0.332763	0.44368	0.554594	0.554594	0.665504	0.554594	0.332763	0.44368	0.554594	0.554594	0.554594	0.44368	0.44368	0.44368	0.332763	0.221843	0.332763	0.44368	0.44368	0.221843	0.110922	0.221843	0.110922	0	0	0	0	0	0	0	0	0	0	0.221843	0.221843	0	0.221843	0.221843	0.110922	0.221843	0.110922	0.221843	0.221843	0	0	0.110922	0.221843	0.110922	0	0	0	0	0	0	0	0	0	0	0	0	0	0	0	0.221843	0.221843	0	0	0	0	0	0	0.110922	0.221843	0.110922	0	0	0	0	0	0	0	0	0	0	0.110922	0.221843	0.221843	0.221843	0.332763	0.221843	0.221843	0.44368	0.332763	0.221843	0.221843	0.221843	0.332763	0.221843	0.221843	0.332763	0.221843	0.221843	0.221843	0.221843	0.221843	0.221843	0.221843	0.110922	0.221843	0.332763	0.221843	0.110922	0.221843	0.44368	0.221843	0.110922	0.221843	0.221843	0.221843	0.110922	0	0.221843	0.221843	0	0	0	0	0	0	0	0	0	0	0	0.110922	0.221843	0.110922	0	0	0.221843	0.221843	0.110922	0.221843	0.332763	0.44368	0.221843	0.221843	0.221843	0.221843	0.332763	0.221843	0.332763	0.332763	0.221843	0.332763	0.332763	0.221843	0.332763	0.44368	0.332763	0.221843	0.221843	0.221843	0.221843	0.332763	0.332763	0.332763	0.221843	0.221843	0.221843	0.221843	0.332763	0.332763	0.332763	0.332763	0.44368	0.44368	0.332763	0.332763	0.44368	0.332763	0.221843	0.44368	0.332763	0.332763	0.44368	0.44368	0.44368	0.221843	0.44368	0.44368	0.44368
3.86996	3.70097	3.71313	3.78489	3.78489	3.71313	3.64413	3.50396	3.34852	3.09176	2.78958	2.7338	2.62858	2.45982	2.35142	2.39921	2.43002	2.39345	2.36346	2.21985	2.0517	1.99556	1.99556	1.96806	1.88559	1.8019	1.78778	1.78778	1.7465	1.73282	1.73282	1.69654	1.67788	1.64133	1.62298	1.70782	1.75702	1.71947	1.64133	1.67146	1.78176	1.8921	1.96962	1.99556	1.94096	1.83022	1.77398	1.8019	1.88559	1.96806	1.99864	2.00783	1.99864	1.99864	2.00783	1.99132	1.9366	1.88192	1.89169	2.00323	2.07734	2.14173	2.26534	2.28523	2.30529	2.43475	2.50063	2.50063	2.52747	2.4676	2.37511	2.40208	2.48	2.50063	2.43475	2.33735	2.38059	2.45639	2.46107	2.44857	2.39921	2.30529	2.19621	2.05767	1.99864	2.00783	1.99864	1.99556	1.99556	1.99556	1.99556	1.99556	1.94096	1.83022	1.77398	1.7465	1.6641	1.64693	1.67788	1.60872	1.61634	1.7266	1.77744	1.78778	1.77744	1.83692	1.94728	1.94096	1.83022	1.8036	1.86718	1.86224	1.8019	1.77398	1.77398	1.77398	1.77398	1.77398	1.77398	1.77398	1.77398	1.77398	1.77398	1.77398	1.77398	1.77398	1.77398	1.83692	1.94728	1.99556	1.99556	1.96806	1.88559	1.8019	1.77398	1.8036	1.8921	1.96962	1.99556	1.99556	1.99556	1.99556	1.99556	1.99556	1.99556	2.0517	2.16242	2.21708	2.19097	2.11288	2.00247	1.8921	1.82728	1.78778	1.75702	1.70782	1.64179	1.65437	1.67788	1.70917	1.71813	1.67788	1.67788	1.66363	1.62298	1.59192	1.5681	1.53694	1.51326	1.51326	1.45108	1.42058	1.45847	1.3811	1.29438	1.31031	1.28604	1.22735	1.13091	1.08443	1.01185	0.968379	0.968379	0.918696	0.887204	0.848229	0.739814	0.665426	0.665426	0.665426	0.665426	0.665426	0.665426	0.665426	0.665426	0.665426	0.665426	0.665426	0.643103	0.649047	0.652594	0.665426	0.665426	0.632252	0.526071	0.457279	0.495982	0.515732	0.511233	0.394062	0.438389	0.447073	0.447073	0.472155	0.399874	0.431313	0.433089	0.355069	0.394057	0.399864	0.313685	0.399864	0.422298	0.316117	0.298612	0.316123	0.352895	0.394062	0.470522	0.431313	0.394057	0.313685	0.313685	0.352895	0.394062	0.470522	0.431313	0.394057	0.399864	0.495962	0.495962	0.399864	0.399864	0.495962	0.438379	0.394062	0.515721	0.47215	0.50973	0.589447	0.628572	0.666557	0.619969	0.715505	0.710111	0.788087
3.83434	3.68621	3.71244	3.78419	3.78419	3.71244	3.61312	3.4585	3.25991	2.9956	2.77474	2.70171	2.59523	2.4343	2.35098	2.41406	2.42325	2.39301	2.35912	2.21943	2.05131	1.99519	1.99519	1.96926	1.89174	1.80326	1.78745	1.78745	1.74793	1.73249	1.73249	1.70165	1.67757	1.64663	1.62267	1.68578	1.75144	1.72628	1.64663	1.66379	1.77452	1.88524	1.9677	1.99519	1.94692	1.83658	1.77365	1.80326	1.89174	1.96926	1.99826	2.00746	1.99826	1.99826	2.00746	1.98323	1.9283	1.8734	1.90266	2.03327	2.0902	2.16413	2.27976	2.28481	2.32606	2.45936	2.50017	2.50017	2.527	2.45593	2.36821	2.4131	2.4931	2.50017	2.41406	2.32771	2.40578	2.46714	2.46061	2.44812	2.38852	2.28884	2.17898	2.05131	1.99826	2.00746	1.99826	1.99519	1.99519	1.99519	1.99519	1.99519	1.94692	1.83658	1.77365	1.74793	1.67115	1.64102	1.67757	1.61604	1.60842	1.71915	1.77711	1.78745	1.77711	1.82988	1.9406	1.94692	1.83658	1.80156	1.8619	1.86683	1.80326	1.77365	1.77365	1.77365	1.77365	1.77365	1.77365	1.77365	1.77365	1.77365	1.77365	1.77365	1.77365	1.77365	1.77365	1.82988	1.9406	1.99519	1.99519	1.96926	1.89174	1.80326	1.77365	1.80156	1.88524	1.9677	1.99519	1.99519	1.99519	1.99519	1.99519	1.99519	1.99519	2.05729	2.16768	2.21667	2.18916	2.10667	1.99596	1.88524	1.81852	1.78745	1.75144	1.68578	1.64149	1.66332	1.67757	1.71781	1.70885	1.67757	1.67757	1.65407	1.62267	1.58583	1.56781	1.53064	1.51298	1.51298	1.44231	1.42679	1.4582	1.36067	1.29414	1.31708	1.27621	1.1967	1.1307	1.08139	0.999436	0.968198	0.968198	0.915174	0.887039	0.833453	0.722868	0.665303	0.665303	0.665303	0.665303	0.665303	0.665303	0.665303	0.665303	0.665303	0.665303	0.665303	0.638186	0.648926	0.666452	0.665303	0.665303	0.612379	0.502057	0.457194	0.49589	0.484919	0.433012	0.431231	0.472066	0.446989	0.446989	0.438307	0.399799	0.393988	0.433006	0.355002	0.352828	0.399787	0.313626	0.399787	0.323272	0.262976	0.403606	0.361428	0.393982	0.431231	0.470432	0.393988	0.352828	0.313626	0.313626	0.393982	0.431231	0.470432	0.393988	0.352828	0.399787	0.495867	0.495867	0.399787	0.399787	0.495867	0.484901	0.431231	0.47206	0.515623	0.550229	0.589335	0.67102	0.706714	0.676736	0.68464	0.709977	0.862414
1.10845	0.886799	1.10845	1.33007	1.33007	1.10845	0.886799	0.775964	0.775964	0.775964	0.665122	0.665122	0.665122	0.443426	0.332572	0.443426	0.221716	0.221716	0.110859	0.221716	0.110859	0	0	0.110859	0.221716	0.110859	0.221716	0.221716	0.110859	0.221716	0.221716	0.221716	0.221716	0.221716	0.221716	0.221716	0.110859	0.221716	0.221716	0	0	0	0	0	0.221716	0.221716	0	0.110859	0.221716	0.110859	0.110859	0.221716	0.110859	0.110859	0.221716	0.221716	0.221716	0.221716	0.443426	0.665122	0.554276	0.554276	0.665122	0.554276	0.554276	0.665122	0.554276	0.554276	0.665122	0.443426	0.221716	0.554276	0.665122	0.554276	0.332572	0.332572	0.665122	0.554276	0.332572	0.221716	0.110859	0.221716	0.221716	0	0.110859	0.221716	0.110859	0	0	0	0	0	0.221716	0.221716	0	0.110859	0.221716	0.110859	0.221716	0.221716	0	0	0.110859	0.221716	0.110859	0	0	0.221716	0.221716	0	0.110859	0.221716	0.110859	0	0	0	0	0	0	0	0	0	0	0	0	0	0	0	0	0	0	0.110859	0.221716	0.110859	0	0	0	0	0	0	0	0	0	0	0	0.221716	0.221716	0	0	0	0	0	0.221716	0.221716	0.110859	0.221716	0.332572	0.332572	0.221716	0.332572	0.221716	0.221716	0.221716	0.221716	0.221716	0.110859	0.221716	0.110859	0.221716	0.221716	0	0.221716	0.221716	0	0.221716	0.221716	0	0.221716	0.221716	0	0	0.221716	0.221716	0	0	0	0	0	0	0	0	0	0	0	0	0	0	0	0	0.221716	0.221716	0	0	0	0	0.110859	0.221716	0.221716	0.221716	0.332572	0.332572	0.221716	0.221716	0.221716	0.221716	0.221716	0.332572	0.221716	0.221716	0.332572	0.221716	0.332572	0.221716	0.221716	0.443426	0.332572	0.332572	0.332572	0.332572	0.221716	0.221716	0.221716	0.221716	0.332572	0.332572	0.332572	0.221716	0.221716	0.332572	0.443426	0.443426	0.332572	0.332572	0.443426	0.443426	0.332572	0.332572	0.443426	0.443426	0.443426	0.554276	0.554276	0.443426	0.332572	0.443426	0.665122
1.10824	0.886634	1.10824	1.32982	1.32982	1.10824	0.886634	0.77582	0.77582	0.77582	0.664999	0.664999	0.664999	0.443344	0.332511	0.443344	0.221675	0.221675	0.110838	0.221675	0.110838	0	0	0.110838	0.221675	0.110838	0.221675	0.221675	0.110838	0.221675	0.221675	0.221675	0.221675	0.221675	0.221675	0.221675	0.110838	0.221675	0.221675	0	0	0	0	0	0.221675	0.221675	0	0.110838	0.221675	0.110838	0.110838	0.221675	0.110838	0.110838	0.221675	0.221675	0.221675	0.221675	0.443344	0.664999	0.554173	0.554173	0.664999	0.554173	0.554173	0.664999	0.554173	0.554173	0.664999	0.443344	0.221675	0.554173	0.664999	0.554173	0.332511	0.332511	0.664999	0.554173	0.332511	0.221675	0.110838	0.221675	0.221675	0	0.110838	0.221675	0.110838	0	0	0	0	0	0.221675	0.221675	0	0.110838	0.221675	0.110838	0.221675	0.221675	0	0	0.110838	0.221675	0.110838	0	0	0.221675	0.221675	0	0.110838	0.221675	0.110838	0	0	0	0	0	0	0	0	0	0	0	0	0	0	0	0	0	0	0.110838	0.221675	0.110838	0	0	0	0	0	0	0	0	0	0	0	0.221675	0.221675	0	0	0	0	0	0.221675	0.221675	0.110838	0.221675	0.332511	0.332511	0.221675	0.332511	0.221675	0.221675	0.221675	0.221675	0.221675	0.110838	0.221675	0.110838	0.221675	0.221675	0	0.221675	0.221675	0	0.221675	0.221675	0	0.221675	0.221675	0	0	0.221675	0.221675	0	0	0	0	0	0	0	0	0	0	0	0	0	0	0	0	0.221675	0.221675	0	0	0	0	0.110838	0.221675	0.221675	0.221675	0.332511	0.332511	0.221675	0.221675	0.221675	0.221675	0.221675	0.332511	0.221675	0.221675	0.332511	0.221675	0.332511	0.221675	0.221675	0.443344	0.332511	0.332511	0.332511	0.332511	0.221675	0.221675	0.221675	0.221675	0.332511	0.332511	0.332511	0.221675	0.221675	0.332511	0.443344	0.443344	0.332511	0.332511	0.443344	0.443344	0.332511	0.332511	0.443344	0.443344	0.443344	0.554173	0.554173	0.443344	0.332511	0.443344	0.664999
1.10803	0.886463	1.10803	1.32956	1.32956	1.10803	0.886463	0.77567	0.77567	0.77567	0.66487	0.66487	0.66487	0.443258	0.332446	0.443258	0.221632	0.221632	0.110817	0.221632	0.110817	0	0	0.110817	0.221632	0.110817	0.221632	0.221632	0.110817	0.221632	0.221632	0.221632	0.221632	0.221632	0.221632	0.221632	0.110817	0.221632	0.221632	0	0	0	0	0	0.221632	0.221632	0	0.110817	0.221632	0.110817	0.110817	0.221632	0.110817	0.110817	0.221632	0.221632	0.221632	0.221632	0.443258	0.66487	0.554066	0.554066	0.66487	0.554066	0.554066	0.66487	0.554066	0.554066	0.66487	0.443258	0.221632	0.554066	0.66487	0.554066	0.332446	0.332446	0.66487	0.554066	0.332446	0.221632	0.110817	0.221632	0.221632	0	0.110817	0.221632	0.110817	0	0	0	0	0	0.221632	0.221632	0	0.110817	0.221632	0.110817	0.221632	0.221632	0	0	0.110817	0.221632	0.110817	0	0	0.221632	0.221632	0	0.110817	0.221632	0.110817	0	0	0	0	0	0	0	0	0	0	0	0	0	0	0	0	0	0	0.110817	0.221632	0.110817	0	0	0	0	0	0	0	0	0	0	0	0.221632	0.221632	0	0	0	0	0	0.221632	0.221632	0.110817	0.221632	0.332446	0.332446	0.221632	0.332446	0.221632	0.221632	0.221632	0.221632	0.221632	0.110817	0.221632	0.110817	0.221632	0.221632	0	0.221632	0.221632	0	0.221632	0.221632	0	0.221632	0.221632	0	0	0.221632	0.221632	0	0	0	0	0	0	0	0	0	0	0	0	0	0	0	0	0.221632	0.221632	0	0	0	0	0.110817	0.221632	0.221632	0.221632	0.332446	0.332446	0.221632	0.221632	0.221632	0.221632	0.221632	0.332446	0.221632	0.221632	0.332446	0.221632	0.332446	0.221632	0.221632	0.443258	0.332446	0.332446	0.332446	0.332446	0.221632	0.221632	0.221632	0.221632	0.332446	0.332446	0.332446	0.221632	0.221632	0.332446	0.443258	0.443258	0.332446	0.332446	0.443258	0.443258	0.332446	0.332446	0.443258	0.443258	0.443258	0.554066	0.554066	0.443258	0.332446	0.443258	0.66487
1.10781	0.886291	1.10781	1.3293	1.3293	1.10781	0.886291	0.77552	0.77552	0.77552	0.664742	0.664742	0.664742	0.443172	0.332382	0.443172	0.221589	0.221589	0.110795	0.221589	0.110795	0	0	0.110795	0.221589	0.110795	0.221589	0.221589	0.110795	0.221589	0.221589	0.221589	0.221589	0.221589	0.221589	0.221589	0.110795	0.221589	0.221589	0	0	0	0	0	0.221589	0.221589	0	0.110795	0.221589	0.110795	0.110795	0.221589	0.110795	0.110795	0.221589	0.221589	0.221589	0.221589	0.443172	0.664742	0.553959	0.553959	0.664742	0.553959	0.553959	0.664742	0.553959	0.553959	0.664742	0.443172	0.221589	0.553959	0.664742	0.553959	0.332382	0.332382	0.664742	0.553959	0.332382	0.221589	0.110795	0.221589	0.221589	0	0.110795	0.221589	0.110795	0	0	0	0	0	0.221589	0.221589	0	0.110795	0.221589	0.110795	0.221589	0.221589	0	0	0.110795	0.221589	0.110795	0	0	0.221589	0.221589	0	0.110795	0.221589	0.110795	0	0	0	0	0	0	0	0	0	0	0	0	0	0	0	0	0	0	0.110795	0.221589	0.110795	0	0	0	0	0	0	0	0	0	0	0	0.221589	0.221589	0	0	0	0	0	0.221589	0.221589	0.110795	0.221589	0.332382	0.332382	0.221589	0.332382	0.221589	0.221589	0.221589	0.221589	0.221589	0.110795	0.221589	0.110795	0.221589	0.221589	0	0.221589	0.221589	0	0.221589	0.221589	0	0.221589	0.221589	0	0	0.221589	0.221589	0	0	0	0	0	0	0	0	0	0	0	0	0	0	0	0	0.221589	0.221589	0	0	0	0	0.110795	0.221589	0.221589	0.221589	0.332382	0.332382	0.221589	0.221589	0.221589	0.221589	0.221589	0.332382	0.221589	0.221589	0.332382	0.221589	0.332382	0.221589	0.221589	0.443172	0.332382	0.332382	0.332382	0.332382	0.221589	0.221589	0.221589	0.221589	0.332382	0.332382	0.332382	0.221589	0.221589	0.332382	0.443172	0.443172	0.332382	0.332382	0.443172	0.443172	0.332382	0.332382	0.443172	0.443172	0.443172	0.553959	0.553959	0.443172	0.332382	0.443172	0.664742
1.10761	0.886127	1.10761	1.32906	1.32906	1.10761	0.886127	0.775376	0.775376	0.775376	0.664618	0.664618	0.664618	0.44309	0.33232	0.44309	0.221548	0.221548	0.110775	0.221548	0.110775	0	0	0.110775	0.221548	0.110775	0.221548	0.221548	0.110775	0.221548	0.221548	0.221548	0.221548	0.221548	0.221548	0.221548	0.110775	0.221548	0.221548	0	0	0	0	0	0.221548	0.221548	0	0.110775	0.221548	0.110775	0.110775	0.221548	0.110775	0.110775	0.221548	0.221548	0.221548	0.221548	0.44309	0.664618	0.553856	0.553856	0.664618	0.553856	0.553856	0.664618	0.553856	0.553856	0.664618	0.44309	0.221548	0.553856	0.664618	0.553856	0.33232	0.33232	0.664618	0.553856	0.33232	0.221548	0.110775	0.221548	0.221548	0	0.110775	0.221548	0.110775	0	0	0	0	0	0.221548	0.221548	0	0.110775	0.221548	0.110775	0.221548	0.221548	0	0	0.110775	0.221548	0.110775	0	0	0.221548	0.221548	0	0.110775	0.221548	0.110775	0	0	0	0	0	0	0	0	0	0	0	0	0	0	0	0	0	0	0.110775	0.221548	0.110775	0	0	0	0	0	0	0	0	0	0	0	0.221548	0.221548	0	0	0	0	0	0.221548	0.221548	0.110775	0.221548	0.33232	0.33232	0.221548	0.33232	0.221548	0.221548	0.221548	0.221548	0.221548	0.110775	0.221548	0.110775	0.221548	0.221548	0	0.221548	0.221548	0	0.221548	0.221548	0	0.221548	0.221548	0	0	0.221548	0.221548	0	0	0	0	0	0	0	0	0	0	0	0	0	0	0	0	0.221548	0.221548	0	0	0	0	0.110775	0.221548	0.221548	0.221548	0.33232	0.33232	0.221548	0.221548	0.221548	0.221548	0.221548	0.33232	0.221548	0.221548	0.33232	0.221548	0.33232	0.221548	0.221548	0.44309	0.33232	0.33232	0.33232	0.33232	0.221548	0.221548	0.221548	0.221548	0.33232	0.33232	0.33232	0.221548	0.221548	0.33232	0.44309	0.44309	0.33232	0.33232	0.44309	0.44309	0.33232	0.33232	0.44309	0.44309	0.44309	0.553856	0.553856	0.44309	0.33232	0.44309	0.664618
1.1074	0.885956	1.1074	1.3288	1.3288	1.1074	0.885956	0.775226	0.775226	0.775226	0.66449	0.66449	0.66449	0.443004	0.332256	0.443004	0.221505	0.221505	0.110753	0.221505	0.110753	0	0	0.110753	0.221505	0.110753	0.221505	0.221505	0.110753	0.221505	0.221505	0.221505	0.221505	0.221505	0.221505	0.221505	0.110753	0.221505	0.221505	0	0	0	0	0	0.221505	0.221505	0	0.110753	0.221505	0.110753	0.110753	0.221505	0.110753	0.110753	0.221505	0.221505	0.221505	0.221505	0.443004	0.66449	0.553749	0.553749	0.66449	0.553749	0.553749	0.66449	0.553749	0.553749	0.66449	0.443004	0.221505	0.553749	0.66449	0.553749	0.332256	0.332256	0.66449	0.553749	0.332256	0.221505	0.110753	0.221505	0.221505	0	0.110753	0.221505	0.110753	0	0	0	0	0	0.221505	0.221505	0	0.110753	0.221505	0.110753	0.221505	0.221505	0	0	0.110753	0.221505	0.110753	0	0	0.221505	0.221505	0	0.110753	0.221505	0.110753	0	0	0	0	0	0	0	0	0	0	0	0	0	0	0	0	0	0	0.110753	0.221505	0.110753	0	0	0	0	0	0	0	0	0	0	0	0.221505	0.221505	0	0	0	0	0	0.221505	0.221505	0.110753	0.221505	0.332256	0.332256	0.221505	0.332256	0.221505	0.221505	0.221505	0.221505	0.221505	0.110753	0.221505	0.110753	0.221505	0.221505	0	0.221505	0.221505	0	0.221505	0.221505	0	0.221505	0.221505	0	0	0.221505	0.221505	0	0	0	0	0	0	0	0	0	0	0	0	0	0	0	0	0.221505	0.221505	0	0	0	0	0.110753	0.221505	0.221505	0.221505	0.332256	0.332256	0.221505	0.221505	0.221505	0.221505	0.221505	0.332256	0.221505	0.221505	0.332256	0.221505	0.332256	0.221505	0.221505	0.443004	0.332256	0.332256	0.332256	0.332256	0.221505	0.221505	0.221505	0.221505	0.332256	0.332256	0.332256	0.221505	0.221505	0.332256	0.443004	0.443004	0.332256	0.332256	0.443004	0.443004	0.332256	0.332256	0.443004	0.443004	0.443004	0.553749	0.553749	0.443004	0.332256	0.443004	0.66449
1.94308	1.90853	2.08003	2.21365	2.21365	2.16474	2.22745	2.34815	2.53871	2.67706	2.5838	2.42253	2.22816	2.02981	1.93366	1.80212	1.64442	1.6205	1.60913	1.66892	1.7456	1.74384	1.66156	1.60913	1.64442	1.63883	1.64442	1.67533	1.63883	1.66892	1.73018	1.73018	1.77904	1.83996	1.83996	1.88922	1.96662	2.00477	2.00477	1.99252	1.99252	1.99252	1.99252	1.99252	2.10603	2.3269	2.46261	2.52152	2.52515	2.46385	2.46634	2.4999	2.52152	2.63535	2.75001	2.80503	2.86005	2.88531	2.848	2.77848	2.68021	2.59354	2.54324	2.49683	2.49683	2.52362	2.49683	2.49683	2.52362	2.50691	2.56032	2.69159	2.73747	2.64779	2.56688	2.56688	2.5633	2.46385	2.3715	2.30478	2.30079	2.33478	2.33478	2.38019	2.40862	2.33019	2.24289	2.21371	2.21371	2.21371	2.21371	2.21371	2.27505	2.35986	2.32493	2.27169	2.33019	2.38212	2.38981	2.41496	2.43482	2.43482	2.46385	2.55075	2.62955	2.65587	2.65587	2.71618	2.82647	2.87683	2.90563	2.99188	3.07122	3.09771	3.09771	3.09771	3.09771	3.09771	3.043	2.93258	2.87683	2.87683	2.87683	2.84935	2.76691	2.68363	2.65587	2.65587	2.65587	2.65587	2.65587	2.63187	2.61	2.62955	2.65587	2.65587	2.65587	2.65587	2.62839	2.54596	2.46261	2.43482	2.43482	2.43482	2.43482	2.38533	2.27505	2.21371	2.21371	2.24152	2.32493	2.40735	2.44485	2.44485	2.40862	2.38981	2.3715	2.25513	2.10966	1.98058	1.89488	1.89488	1.83412	1.78506	1.78506	1.7456	1.69937	1.69396	1.69937	1.64442	1.66156	1.69937	1.61388	1.54999	1.50385	1.39391	1.32865	1.28409	1.17441	1.10727	1.10727	1.06494	0.955747	0.885853	0.885853	0.885853	0.885853	0.885853	0.885853	0.885853	0.885853	0.885853	0.885853	0.885853	0.885853	0.885853	0.885853	0.885853	0.885853	0.846937	0.806145	0.832338	0.885853	0.91395	0.9981	1.05773	1.0103	0.966904	0.966904	0.893598	0.807091	0.753068	0.753068	0.787876	0.806145	0.840577	0.894451	0.859508	0.825866	0.807091	0.787876	0.807091	0.787876	0.840577	0.866602	0.79272	0.75611	0.669002	0.607778	0.54531	0.54531	0.582018	0.632497	0.656279	0.645682	0.645682	0.632497	0.683732	0.742816	0.79849	0.79849	0.742816	0.742816	0.79849	0.760145	0.656279	0.683725	0.791742	0.836908	0.921444	0.959727	0.87539	0.79849	0.817462	0.968471	1.10724
1.97551	1.96504	2.11029	2.21322	2.21322	2.22563	2.33428	2.41319	2.62348	2.71282	2.55116	2.38775	2.18336	2.01124	1.92535	1.77439	1.63851	1.62019	1.60882	1.66124	1.74351	1.74526	1.6686	1.60882	1.63851	1.64411	1.63851	1.675	1.64411	1.66124	1.72984	1.72984	1.7718	1.8396	1.8396	1.88236	1.96469	2.00439	2.00439	1.99214	1.99214	1.99214	1.99214	1.99214	2.10562	2.32645	2.46338	2.52466	2.52103	2.46214	2.46958	2.49941	2.52466	2.65218	2.75503	2.80993	2.86484	2.88476	2.83456	2.75586	2.66941	2.57412	2.52949	2.49635	2.49635	2.52314	2.49635	2.49635	2.52314	2.51738	2.57412	2.70353	2.73694	2.62875	2.56639	2.56639	2.53884	2.45218	2.36459	2.30035	2.30433	2.33433	2.33433	2.38487	2.40688	2.32448	2.24109	2.21328	2.21328	2.21328	2.21328	2.21328	2.26923	2.35552	2.32974	2.27125	2.32448	2.38166	2.38935	2.41069	2.43435	2.43435	2.46214	2.54546	2.62788	2.65535	2.65535	2.71116	2.8216	2.87628	2.90402	2.98722	3.06964	3.09711	3.09711	3.09711	3.09711	3.09711	3.04643	2.93618	2.87628	2.87628	2.87628	2.84987	2.77079	2.68426	2.65535	2.65535	2.65535	2.65535	2.65535	2.63485	2.6095	2.62788	2.65535	2.65535	2.65535	2.65535	2.62904	2.55026	2.46338	2.43435	2.43435	2.43435	2.43435	2.37973	2.26923	2.21328	2.21328	2.24245	2.32974	2.40815	2.44438	2.44438	2.40688	2.38935	2.36459	2.24245	2.10344	1.96624	1.89451	1.89451	1.82708	1.78471	1.78471	1.74351	1.69363	1.69905	1.69363	1.63851	1.6686	1.69363	1.60596	1.54969	1.49539	1.38482	1.32839	1.27426	1.16371	1.10705	1.10705	1.05317	0.942653	0.885682	0.885682	0.885682	0.885682	0.885682	0.885682	0.885682	0.885682	0.885682	0.885682	0.885682	0.885682	0.885682	0.885682	0.885682	0.885682	0.832177	0.805989	0.846774	0.885682	0.91712	1.01011	1.05752	0.997907	0.966717	0.966717	0.862016	0.787725	0.752923	0.752923	0.806935	0.805989	0.858447	0.894279	0.859343	0.8145	0.787725	0.806935	0.787725	0.806935	0.858447	0.822915	0.792568	0.735423	0.631167	0.581906	0.545205	0.545205	0.607662	0.656153	0.632376	0.645558	0.645558	0.656153	0.705653	0.742674	0.798338	0.798338	0.742674	0.742674	0.798338	0.731239	0.632376	0.714277	0.825686	0.869073	0.985525	0.93037	0.817305	0.798338	0.875223	1.02961	1.10702
1.21741	1.10676	1.21741	1.32804	1.32804	1.32804	1.32804	1.10676	1.21741	0.996109	0.332066	0.332066	0.221379	0.221379	0.221379	0	0.11069	0.221379	0.11069	0	0	0.11069	0.221379	0.11069	0.11069	0.221379	0.11069	0.221379	0.221379	0	0.221379	0.221379	0	0.221379	0.221379	0	0	0.221379	0.221379	0	0	0	0	0	0.221379	0.221379	0.11069	0.221379	0.11069	0	0.221379	0.221379	0.221379	0.442751	0.332066	0.332066	0.332066	0.221379	0.221379	0.442751	0.442751	0.332066	0.553433	0.553433	0.553433	0.66411	0.553433	0.553433	0.66411	0.553433	0.442751	0.66411	0.66411	0.332066	0.332066	0.332066	0.442751	0.442751	0.221379	0.11069	0.221379	0.221379	0.221379	0.221379	0	0	0	0	0	0	0	0	0	0.11069	0.221379	0.11069	0	0.11069	0.221379	0.11069	0	0	0	0	0	0	0	0	0	0	0	0	0	0	0	0	0	0	0.221379	0.221379	0	0	0	0.11069	0.221379	0.11069	0	0	0	0	0	0.221379	0.221379	0	0	0	0	0	0.11069	0.221379	0.11069	0	0	0	0	0	0	0	0	0.11069	0.221379	0.11069	0.221379	0.221379	0	0.221379	0.221379	0	0	0	0.221379	0.221379	0	0.221379	0.221379	0	0.11069	0.221379	0.11069	0.11069	0.221379	0.11069	0	0	0	0	0	0	0	0	0	0	0	0	0	0	0	0	0	0	0	0	0	0	0	0	0	0	0	0	0.221379	0.221379	0	0.11069	0.221379	0.11069	0	0.221379	0.221379	0	0.221379	0.221379	0.221379	0.332066	0.221379	0.332066	0.332066	0.221379	0.11069	0.221379	0.332066	0.221379	0.332066	0.332066	0.221379	0.332066	0.221379	0.11069	0.221379	0.221379	0.221379	0.332066	0.332066	0.221379	0.332066	0.332066	0.332066	0.332066	0.332066	0.442751	0.442751	0.332066	0.332066	0.442751	0.332066	0.221379	0.442751	0.553433	0.553433	0.66411	0.442751	0.332066	0.442751	0.553433	0.66411	0.66411
1.21717	1.10655	1.21717	1.32779	1.32779	1.32779	1.32779	1.10655	1.21717	0.995917	0.332002	0.332002	0.221336	0.221336	0.221336	0	0.110668	0.221336	0.110668	0	0	0.110668	0.221336	0.110668	0.110668	0.221336	0.110668	0.221336	0.221336	0	0.221336	0.221336	0	0.221336	0.221336	0	0	0.221336	0.221336	0	0	0	0	0	0.221336	0.221336	0.110668	0.221336	0.110668	0	0.221336	0.221336	0.221336	0.442666	0.332002	0.332002	0.332002	0.221336	0.221336	0.442666	0.442666	0.332002	0.553326	0.553326	0.553326	0.663982	0.553326	0.553326	0.663982	0.553326	0.442666	0.663982	0.663982	0.332002	0.332002	0.332002	0.442666	0.442666	0.221336	0.110668	0.221336	0.221336	0.221336	0.221336	0	0	0	0	0	0	0	0	0	0.110668	0.221336	0.110668	0	0.110668	0.221336	0.110668	0	0	0	0	0	0	0	0	0	0	0	0	0	0	0	0	0	0	0.221336	0.221336	0	0	0	0.110668	0.221336	0.110668	0	0	0	0	0	0.221336	0.221336	0	0	0	0	0	0.110668	0.221336	0.110668	0	0	0	0	0	0	0	0	0.110668	0.221336	0.110668	0.221336	0.221336	0	0.221336	0.221336	0	0	0	0.221336	0.221336	0	0.221336	0.221336	0	0.110668	0.221336	0.110668	0.110668	0.221336	0.110668	0	0	0	0	0	0	0	0	0	0	0	0	0	0	0	0	0	0	0	0	0	0	0	0	0	0	0	0	0.221336	0.221336	0	0.110668	0.221336	0.110668	0	0.221336	0.221336	0	0.221336	0.221336	0.221336	0.332002	0.221336	0.332002	0.332002	0.221336	0.110668	0.221336	0.332002	0.221336	0.332002	0.332002	0.221336	0.332002	0.221336	0.110668	0.221336	0.221336	0.221336	0.332002	0.332002	0.221336	0.332002	0.332002	0.332002	0.332002	0.332002	0.442666	0.442666	0.332002	0.332002	0.442666	0.332002	0.221336	0.442666	0.553326	0.553326	0.663982	0.442666	0.332002	0.442666	0.553326	0.663982	0.663982
1.21695	1.10634	1.21695	1.32754	1.32754	1.32754	1.32754	1.10634	1.21695	0.995732	0.33194	0.33194	0.221295	0.221295	0.221295	0	0.110648	0.221295	0.110648	0	0	0.110648	0.221295	0.110648	0.110648	0.221295	0.110648	0.221295	0.221295	0	0.221295	0.221295	0	0.221295	0.221295	0	0	0.221295	0.221295	0	0	0	0	0	0.221295	0.221295	0.110648	0.221295	0.110648	0	0.221295	0.221295	0.221295	0.442583	0.33194	0.33194	0.33194	0.221295	0.221295	0.442583	0.442583	0.33194	0.553223	0.553223	0.553223	0.663859	0.553223	0.553223	0.663859	0.553223	0.442583	0.663859	0.663859	0.33194	0.33194	0.33194	0.442583	0.442583	0.221295	0.110648	0.221295	0.221295	0.221295	0.221295	0	0	0	0	0	0	0	0	0	0.110648	0.221295	0.110648	0	0.110648	0.221295	0.110648	0	0	0	0	0	0	0	0	0	0	0	0	0	0	0	0	0	0	0.221295	0.221295	0	0	0	0.110648	0.221295	0.110648	0	0	0	0	0	0.221295	0.221295	0	0	0	0	0	0.110648	0.221295	0.110648	0	0	0	0	0	0	0	0	0.110648	0.221295	0.110648	0.221295	0.221295	0	0.221295	0.221295	0	0	0	0.221295	0.221295	0	0.221295	0.221295	0	0.110648	0.221295	0.110648	0.110648	0.221295	0.110648	0	0	0	0	0	0	0	0	0	0	0	0	0	0	0	0	0	0	0	0	0	0	0	0	0	0	0	0	0.221295	0.221295	0	0.110648	0.221295	0.110648	0	0.221295	0.221295	0	0.221295	0.221295	0.221295	0.33194	0.221295	0.33194	0.33194	0.221295	0.110648	0.221295	0.33194	0.221295	0.33194	0.33194	0.221295	0.33194	0.221295	0.110648	0.221295	0.221295	0.221295	0.33194	0.33194	0.221295	0.33194	0.33194	0.33194	0.33194	0.33194	0.442583	0.442583	0.33194	0.33194	0.442583	0.33194	0.221295	0.442583	0.553223	0.553223	0.663859	0.442583	0.33194	0.442583	0.553223	0.663859	0.663859
1.21671	1.10613	1.21671	1.32728	1.32728	1.32728	1.32728	1.10613	1.21671	0.99554	0.331876	0.331876	0.221252	0.221252	0.221252	0	0.110627	0.221252	0.110627	0	0	0.110627	0.221252	0.110627	0.110627	0.221252	0.110627	0.221252	0.221252	0	0.221252	0.221252	0	0.221252	0.221252	0	0	0.221252	0.221252	0	0	0	0	0	0.221252	0.221252	0.110627	0.221252	0.110627	0	0.221252	0.221252	0.221252	0.442498	0.331876	0.331876	0.331876	0.221252	0.221252	0.442498	0.442498	0.331876	0.553116	0.553116	0.553116	0.66373	0.553116	0.553116	0.66373	0.553116	0.442498	0.66373	0.66373	0.331876	0.331876	0.331876	0.442498	0.442498	0.221252	0.110627	0.221252	0.221252	0.221252	0.221252	0	0	0	0	0	0	0	0	0	0.110627	0.221252	0.110627	0	0.110627	0.221252	0.110627	0	0	0	0	0	0	0	0	0	0	0	0	0	0	0	0	0	0	0.221252	0.221252	0	0	0	0.110627	0.221252	0.110627	0	0	0	0	0	0.221252	0.221252	0	0	0	0	0	0.110627	0.221252	0.110627	0	0	0	0	0	0	0	0	0.110627	0.221252	0.110627	0.221252	0.221252	0	0.221252	0.221252	0	0	0	0.221252	0.221252	0	0.221252	0.221252	0	0.110627	0.221252	0.110627	0.110627	0.221252	0.110627	0	0	0	0	0	0	0	0	0	0	0	0	0	0	0	0	0	0	0	0	0	0	0	0	0	0	0	0	0.221252	0.221252	0	0.110627	0.221252	0.110627	0	0.221252	0.221252	0	0.221252	0.221252	0.221252	0.331876	0.221252	0.331876	0.331876	0.221252	0.110627	0.221252	0.331876	0.221252	0.331876	0.331876	0.221252	0.331876	0.221252	0.110627	0.221252	0.221252	0.221252	0.331876	0.331876	0.221252	0.331876	0.331876	0.331876	0.331876	0.331876	0.442498	0.442498	0.331876	0.331876	0.442498	0.331876	0.221252	0.442498	0.553116	0.553116	0.66373	0.442498	0.331876	0.442498	0.553116	0.66373	0.66373
1.21648	1.10592	1.21648	1.32703	1.32703	1.32703	1.32703	1.10592	1.21648	0.995348	0.331812	0.331812	0.22121	0.22121	0.22121	0	0.110605	0.22121	0.110605	0	0	0.110605	0.22121	0.110605	0.110605	0.22121	0.110605	0.22121	0.22121	0	0.22121	0.22121	0	0.22121	0.22121	0	0	0.22121	0.22121	0	0	0	0	0	0.22121	0.22121	0.110605	0.22121	0.110605	0	0.22121	0.22121	0.22121	0.442413	0.331812	0.331812	0.331812	0.22121	0.22121	0.442413	0.442413	0.331812	0.55301	0.55301	0.55301	0.663602	0.55301	0.55301	0.663602	0.55301	0.442413	0.663602	0.663602	0.331812	0.331812	0.331812	0.442413	0.442413	0.22121	0.110605	0.22121	0.22121	0.22121	0.22121	0	0	0	0	0	0	0	0	0	0.110605	0.22121	0.110605	0	0.110605	0.22121	0.110605	0	0	0	0	0	0	0	0	0	0	0	0	0	0	0	0	0	0	0.22121	0.22121	0	0	0	0.110605	0.22121	0.110605	0	0	0	0	0	0.22121	0.22121	0	0	0	0	0	0.110605	0.22121	0.110605	0	0	0	0	0	0	0	0	0.110605	0.22121	0.110605	0.22121	0.22121	0	0.22121	0.22121	0	0	0	0.22121	0.22121	0	0.22121	0.22121	0	0.110605	0.22121	0.110605	0.110605	0.22121	0.110605	0	0	0	0	0	0	0	0	0	0	0	0	0	0	0	0	0	0	0	0	0	0	0	0	0	0	0	0	0.22121	0.22121	0	0.110605	0.22121	0.110605	0	0.22121	0.22121	0	0.22121	0.22121	0.22121	0.331812	0.22121	0.331812	0.331812	0.22121	0.110605	0.22121	0.331812	0.22121	0.331812	0.331812	0.22121	0.331812	0.22121	0.110605	0.22121	0.22121	0.22121	0.331812	0.331812	0.22121	0.331812	0.331812	0.331812	0.331812	0.331812	0.442413	0.442413	0.331812	0.331812	0.442413	0.331812	0.22121	0.442413	0.55301	0.55301	0.663602	0.442413	0.331812	0.442413	0.55301	0.663602	0.663602
1.21625	1.10571	1.21625	1.32678	1.32678	1.32678	1.32678	1.10571	1.21625	0.995164	0.331751	0.331751	0.221169	0.221169	0.221169	0	0.110585	0.221169	0.110585	0	0	0.110585	0.221169	0.110585	0.110585	0.221169	0.110585	0.221169	0.221169	0	0.221169	0.221169	0	0.221169	0.221169	0	0	0.221169	0.221169	0	0	0	0	0	0.221169	0.221169	0.110585	0.221169	0.110585	0	0.221169	0.221169	0.221169	0.442331	0.331751	0.331751	0.331751	0.221169	0.221169	0.442331	0.442331	0.331751	0.552907	0.552907	0.552907	0.663479	0.552907	0.552907	0.663479	0.552907	0.442331	0.663479	0.663479	0.331751	0.331751	0.331751	0.442331	0.442331	0.221169	0.110585	0.221169	0.221169	0.221169	0.221169	0	0	0	0	0	0	0	0	0	0.110585	0.221169	0.110585	0	0.110585	0.221169	0.110585	0	0	0	0	0	0	0	0	0	0	0	0	0	0	0	0	0	0	0.221169	0.221169	0	0	0	0.110585	0.221169	0.110585	0	0	0	0	0	0.221169	0.221169	0	0	0	0	0	0.110585	0.221169	0.110585	0	0	0	0	0	0	0	0	0.110585	0.221169	0.110585	0.221169	0.221169	0	0.221169	0.221169	0	0	0	0.221169	0.221169	0	0.221169	0.221169	0	0.110585	0.221169	0.110585	0.110585	0.221169	0.110585	0	0	0	0	0	0	0	0	0	0	0	0	0	0	0	0	0	0	0	0	0	0	0	0	0	0	0	0	0.221169	0.221169	0	0.110585	0.221169	0.110585	0	0.221169	0.221169	0	0.221169	0.221169	0.221169	0.331751	0.221169	0.331751	0.331751	0.221169	0.110585	0.221169	0.331751	0.221169	0.331751	0.331751	0.221169	0.331751	0.221169	0.110585	0.221169	0.221169	0.221169	0.331751	0.331751	0.221169	0.331751	0.331751	0.331751	0.331751	0.331751	0.442331	0.442331	0.331751	0.331751	0.442331	0.331751	0.221169	0.442331	0.552907	0.552907	0.663479	0.442331	0.331751	0.442331	0.552907	0.663479	0.663479
1.29921	1.13953	1.2072	1.32249	1.34482	1.31322	1.30623	1.11101	1.22103	1.01643	0.432647	0.511545	0.597974	0.791514	0.89224	0.884506	0.876044	0.8515	0.793693	0.773957	0.773957	0.793693	0.8515	0.863971	0.852175	0.868158	0.876044	0.932431	0.975861	0.940184	0.948875	0.986565	0.995048	1.04082	1.09517	1.13355	1.1888	1.25869	1.31332	1.34051	1.38216	1.42339	1.46502	1.52026	1.54775	1.53599	1.55378	1.59068	1.57913	1.60311	1.66099	1.70397	1.72755	1.73592	1.69093	1.69093	1.69093	1.67278	1.70397	1.76945	1.75265	1.75059	1.80921	1.76556	1.74774	1.76782	1.68663	1.65176	1.68368	1.62568	1.54886	1.58959	1.56441	1.44798	1.46462	1.49148	1.53001	1.51283	1.45403	1.44138	1.42272	1.39945	1.39945	1.368	1.32663	1.34051	1.38216	1.42339	1.43714	1.43714	1.43714	1.43714	1.43714	1.45417	1.50486	1.53687	1.54763	1.56443	1.6145	1.64715	1.65812	1.65812	1.65812	1.65812	1.65812	1.65812	1.65812	1.65812	1.65812	1.65812	1.65812	1.65812	1.65812	1.63073	1.5755	1.54763	1.53388	1.49264	1.49302	1.53226	1.52026	1.46502	1.43714	1.45417	1.48134	1.45626	1.42339	1.38216	1.34051	1.29929	1.24405	1.25869	1.31332	1.31289	1.27167	1.23	1.21611	1.21611	1.23372	1.26323	1.23619	1.21611	1.21611	1.21611	1.21611	1.21611	1.21611	1.21611	1.20237	1.14911	1.07919	1.01349	0.986565	0.965434	0.967808	0.986565	0.932431	0.884506	0.898431	0.940184	0.975861	0.932431	0.884506	0.895019	0.884934	0.870797	0.876044	0.8515	0.793693	0.766268	0.744265	0.684096	0.663403	0.663403	0.663403	0.663403	0.663403	0.663403	0.663403	0.663403	0.663403	0.663403	0.663403	0.663403	0.663403	0.663403	0.636364	0.581141	0.552843	0.552843	0.552843	0.552843	0.552843	0.552843	0.552843	0.566832	0.608751	0.64973	0.663403	0.691594	0.751923	0.717613	0.691594	0.742983	0.744265	0.699829	0.719212	0.778382	0.778382	0.788866	0.858201	0.841346	0.831528	0.849473	0.804919	0.805863	0.773206	0.742979	0.742983	0.795611	0.842021	0.804919	0.842021	0.842021	0.804919	0.842021	0.804919	0.781813	0.822057	0.848578	0.841346	0.849473	0.842021	0.804919	0.842021	0.842021	0.823909	0.816691	0.798482	0.843826	0.843826	0.791514	0.80988	0.848566	0.828299	0.839299	0.921086	0.954473	0.912538	0.938932	0.816447	0.766507	0.801339	0.863503	0.938115	0.938115
1.52442	1.25049	1.19555	1.31356	1.39799	1.27583	1.24678	1.12717	1.23571	1.07908	0.674656	0.879541	1.19559	1.58242	1.74479	1.76825	1.74151	1.66148	1.57592	1.54733	1.54733	1.57592	1.66148	1.71658	1.69354	1.69354	1.74151	1.82681	1.91348	1.88193	1.85848	1.93705	1.98911	2.0473	2.15755	2.2678	2.37804	2.48828	2.59851	2.67947	2.76383	2.84488	2.92912	3.0393	3.06932	3.0453	3.10028	3.15525	3.14946	3.20453	3.29683	3.38412	3.43009	3.38412	3.32931	3.32931	3.32931	3.32016	3.38412	3.4513	3.41732	3.4513	3.48603	3.39668	3.35841	3.34082	3.23288	3.15922	3.16246	3.10481	3.00049	2.96232	2.90838	2.83616	2.87045	2.92509	2.96014	2.92509	2.88038	2.87403	2.81893	2.77044	2.77044	2.70873	2.65132	2.67947	2.76383	2.84488	2.87191	2.87191	2.87191	2.87191	2.87191	2.9	2.98421	3.06535	3.09241	3.12046	3.20453	3.28574	3.31282	3.31282	3.31282	3.31282	3.31282	3.31282	3.31282	3.31282	3.31282	3.31282	3.31282	3.31282	3.31282	3.2596	3.14946	3.09241	3.06535	2.98421	2.95924	3.0393	3.0393	2.92912	2.87191	2.9	2.93535	2.9042	2.84488	2.76383	2.67947	2.59851	2.48828	2.48828	2.59851	2.62432	2.5434	2.45886	2.43066	2.43066	2.45886	2.49562	2.46382	2.43066	2.43066	2.43066	2.43066	2.43066	2.43066	2.43066	2.4037	2.29337	2.12784	2.01747	1.93705	1.89163	1.93705	1.93705	1.82681	1.76825	1.79671	1.88193	1.91348	1.82681	1.76825	1.74851	1.72722	1.74151	1.74151	1.66148	1.57592	1.52072	1.4411	1.35512	1.32637	1.32637	1.32637	1.32637	1.32637	1.32637	1.32637	1.32637	1.32637	1.32637	1.32637	1.32637	1.32637	1.32637	1.27592	1.16587	1.10537	1.10537	1.10537	1.10537	1.10537	1.10537	1.10537	1.13434	1.22089	1.29992	1.32637	1.38603	1.45375	1.38603	1.38603	1.47383	1.4411	1.38603	1.4411	1.50837	1.50837	1.58365	1.67246	1.63858	1.61773	1.59899	1.56303	1.50837	1.43606	1.43606	1.47383	1.54462	1.58244	1.56303	1.58244	1.58244	1.56303	1.58244	1.56303	1.55127	1.59899	1.65342	1.63858	1.59899	1.58244	1.56303	1.58244	1.58244	1.54462	1.52847	1.4903	1.5033	1.5033	1.4746	1.51468	1.51468	1.55618	1.63648	1.67542	1.65156	1.55618	1.48798	1.44241	1.42083	1.40815	1.43684	1.48284	1.48284
1.1491	0.843475	0.892703	1.15967	1.34431	1.14909	1.14109	1.11059	1.22057	1.09833	0.743934	0.874782	1.11198	1.22683	0.951512	0.884165	0.870462	0.829373	0.787593	0.773659	0.773659	0.787593	0.829373	0.863638	0.867823	0.851846	0.870462	0.912209	0.9613	0.959112	0.933914	0.967435	0.994665	1.02266	1.07789	1.14916	1.20365	1.24357	1.29879	1.34341	1.39481	1.42605	1.4769	1.53167	1.53826	1.5354	1.57658	1.59007	1.57852	1.61388	1.67407	1.73525	1.72688	1.70332	1.69028	1.69028	1.69028	1.67214	1.73525	1.76876	1.7336	1.79125	1.7856	1.7229	1.74707	1.73843	1.64199	1.62599	1.68303	1.59951	1.51237	1.55697	1.53129	1.44742	1.48578	1.51224	1.52942	1.49091	1.45347	1.44082	1.40924	1.39891	1.39891	1.35401	1.32612	1.34341	1.39481	1.42605	1.43658	1.43658	1.43658	1.43658	1.43658	1.45045	1.49207	1.53329	1.54704	1.5609	1.6025	1.64373	1.65748	1.65748	1.65748	1.65748	1.65748	1.65748	1.65748	1.65748	1.65748	1.65748	1.65748	1.65748	1.65748	1.64129	1.58647	1.54704	1.53627	1.50428	1.48322	1.51967	1.53167	1.4769	1.43658	1.45045	1.48077	1.4651	1.42605	1.39481	1.34341	1.31281	1.25821	1.24357	1.29879	1.31586	1.2855	1.23325	1.21564	1.21564	1.22953	1.26275	1.24678	1.21564	1.21564	1.21564	1.21564	1.21564	1.21564	1.21564	1.20571	1.16056	1.06596	1.00857	0.967435	0.965062	0.986185	0.967435	0.912209	0.884165	0.903168	0.959112	0.9613	0.912209	0.884165	0.879186	0.884593	0.875706	0.870462	0.829373	0.787593	0.759971	0.718934	0.677102	0.663147	0.663147	0.663147	0.663147	0.663147	0.663147	0.663147	0.663147	0.663147	0.663147	0.663147	0.663147	0.663147	0.663147	0.664293	0.611641	0.55263	0.55263	0.55263	0.55263	0.55263	0.55263	0.55263	0.574639	0.637912	0.656493	0.663147	0.717336	0.751633	0.691327	0.717336	0.76097	0.718934	0.699559	0.743978	0.778082	0.778082	0.839202	0.857871	0.824525	0.831207	0.82174	0.804609	0.758712	0.742693	0.772909	0.76097	0.823592	0.841697	0.804609	0.841697	0.841697	0.804609	0.841697	0.804609	0.781511	0.849147	0.874827	0.824525	0.82174	0.841697	0.804609	0.841697	0.841697	0.795305	0.816377	0.768953	0.843502	0.843502	0.79121	0.848241	0.809568	0.912188	0.902099	0.885234	0.909889	0.82798	0.835316	0.865161	0.766213	0.75996	0.863172	0.937757	0.937757
0.994404	0.662973	0.773456	1.10487	1.32577	1.10487	1.10487	1.10487	1.21532	1.10487	0.773456	0.883933	1.10487	1.10487	0.441993	0	0	0	0	0	0	0	0	0.1105	0.221	0.1105	0	0	0.1105	0.221	0.1105	0	0	0	0	0.221	0.221	0	0	0.1105	0.221	0.1105	0.221	0.221	0.1105	0.221	0.331497	0.221	0.1105	0.221	0.331497	0.441993	0.221	0.221	0.331497	0.331497	0.331497	0.221	0.441993	0.441993	0.331497	0.552485	0.441993	0.331497	0.552485	0.552485	0.331497	0.441993	0.662973	0.441993	0.221	0.552485	0.552485	0.331497	0.441993	0.441993	0.441993	0.331497	0.221	0.1105	0	0.221	0.221	0	0	0.1105	0.221	0.1105	0	0	0	0	0	0	0	0	0	0	0	0	0	0	0	0	0	0	0	0	0	0	0	0	0	0.221	0.221	0	0.1105	0.221	0.1105	0	0.221	0.221	0	0	0.221	0.221	0.1105	0.221	0.1105	0.221	0.221	0	0	0.1105	0.221	0.1105	0	0	0	0.221	0.221	0	0	0	0	0	0	0	0.1105	0.221	0.1105	0	0	0.221	0.221	0	0	0	0.1105	0.221	0.1105	0	0	0.1105	0.221	0.1105	0	0	0	0	0	0	0	0	0	0	0	0	0	0	0	0	0	0	0	0	0.221	0.221	0	0	0	0	0	0	0	0.1105	0.221	0.1105	0	0.221	0.221	0	0.221	0.221	0	0.1105	0.221	0.221	0.221	0.331497	0.221	0.1105	0.221	0.221	0.221	0.1105	0.221	0.331497	0.221	0.331497	0.331497	0.221	0.331497	0.331497	0.221	0.331497	0.221	0.1105	0.331497	0.331497	0.1105	0.221	0.331497	0.221	0.331497	0.331497	0.221	0.331497	0.221	0.441993	0.441993	0.331497	0.441993	0.331497	0.552485	0.441993	0.331497	0.441993	0.331497	0.441993	0.552485	0.331497	0.331497	0.552485	0.662973	0.662973
0.994212	0.662845	0.773307	1.10465	1.32551	1.10465	1.10465	1.10465	1.21509	1.10465	0.773307	0.883763	1.10465	1.10465	0.441908	0	0	0	0	0	0	0	0	0.110479	0.220957	0.110479	0	0	0.110479	0.220957	0.110479	0	0	0	0	0.220957	0.220957	0	0	0.110479	0.220957	0.110479	0.220957	0.220957	0.110479	0.220957	0.331434	0.220957	0.110479	0.220957	0.331434	0.441908	0.220957	0.220957	0.331434	0.331434	0.331434	0.220957	0.441908	0.441908	0.331434	0.552378	0.441908	0.331434	0.552378	0.552378	0.331434	0.441908	0.662845	0.441908	0.220957	0.552378	0.552378	0.331434	0.441908	0.441908	0.441908	0.331434	0.220957	0.110479	0	0.220957	0.220957	0	0	0.110479	0.220957	0.110479	0	0	0	0	0	0	0	0	0	0	0	0	0	0	0	0	0	0	0	0	0	0	0	0	0	0.220957	0.220957	0	0.110479	0.220957	0.110479	0	0.220957	0.220957	0	0	0.220957	0.220957	0.110479	0.220957	0.110479	0.220957	0.220957	0	0	0.110479	0.220957	0.110479	0	0	0	0.220957	0.220957	0	0	0	0	0	0	0	0.110479	0.220957	0.110479	0	0	0.220957	0.220957	0	0	0	0.110479	0.220957	0.110479	0	0	0.110479	0.220957	0.110479	0	0	0	0	0	0	0	0	0	0	0	0	0	0	0	0	0	0	0	0	0.220957	0.220957	0	0	0	0	0	0	0	0.110479	0.220957	0.110479	0	0.220957	0.220957	0	0.220957	0.220957	0	0.110479	0.220957	0.220957	0.220957	0.331434	0.220957	0.110479	0.220957	0.220957	0.220957	0.110479	0.220957	0.331434	0.220957	0.331434	0.331434	0.220957	0.331434	0.331434	0.220957	0.331434	0.220957	0.110479	0.331434	0.331434	0.110479	0.220957	0.331434	0.220957	0.331434	0.331434	0.220957	0.331434	0.220957	0.441908	0.441908	0.331434	0.441908	0.331434	0.552378	0.441908	0.331434	0.441908	0.331434	0.441908	0.552378	0.331434	0.331434	0.552378	0.662845	0.662845
0.99402	0.662717	0.773158	1.10444	1.32526	1.10444	1.10444	1.10444	1.21485	1.10444	0.773158	0.883592	1.10444	1.10444	0.441822	0	0	0	0	0	0	0	0	0.110458	0.220914	0.110458	0	0	0.110458	0.220914	0.110458	0	0	0	0	0.220914	0.220914	0	0	0.110458	0.220914	0.110458	0.220914	0.220914	0.110458	0.220914	0.33137	0.220914	0.110458	0.220914	0.33137	0.441822	0.220914	0.220914	0.33137	0.33137	0.33137	0.220914	0.441822	0.441822	0.33137	0.552272	0.441822	0.33137	0.552272	0.552272	0.33137	0.441822	0.662717	0.441822	0.220914	0.552272	0.552272	0.33137	0.441822	0.441822	0.441822	0.33137	0.220914	0.110458	0	0.220914	0.220914	0	0	0.110458	0.220914	0.110458	0	0	0	0	0	0	0	0	0	0	0	0	0	0	0	0	0	0	0	0	0	0	0	0	0	0.220914	0.220914	0	0.110458	0.220914	0.110458	0	0.220914	0.220914	0	0	0.220914	0.220914	0.110458	0.220914	0.110458	0.220914	0.220914	0	0	0.110458	0.220914	0.110458	0	0	0	0.220914	0.220914	0	0	0	0	0	0	0	0.110458	0.220914	0.110458	0	0	0.220914	0.220914	0	0	0	0.110458	0.220914	0.110458	0	0	0.110458	0.220914	0.110458	0	0	0	0	0	0	0	0	0	0	0	0	0	0	0	0	0	0	0	0	0.220914	0.220914	0	0	0	0	0	0	0	0.110458	0.220914	0.110458	0	0.220914	0.220914	0	0.220914	0.220914	0	0.110458	0.220914	0.220914	0.220914	0.33137	0.220914	0.110458	0.220914	0.220914	0.220914	0.110458	0.220914	0.33137	0.220914	0.33137	0.33137	0.220914	0.33137	0.33137	0.220914	0.33137	0.220914	0.110458	0.33137	0.33137	0.110458	0.220914	0.33137	0.220914	0.33137	0.33137	0.220914	0.33137	0.220914	0.441822	0.441822	0.33137	0.441822	0.33137	0.552272	0.441822	0.33137	0.441822	0.33137	0.441822	0.552272	0.33137	0.33137	0.552272	0.662717	0.662717
0.993836	0.662595	0.773015	1.10424	1.32501	1.10424	1.10424	1.10424	1.21463	1.10424	0.773015	0.883429	1.10424	1.10424	0.441741	0	0	0	0	0	0	0	0	0.110437	0.220874	0.110437	0	0	0.110437	0.220874	0.110437	0	0	0	0	0.220874	0.220874	0	0	0.110437	0.220874	0.110437	0.220874	0.220874	0.110437	0.220874	0.331308	0.220874	0.110437	0.220874	0.331308	0.441741	0.220874	0.220874	0.331308	0.331308	0.331308	0.220874	0.441741	0.441741	0.331308	0.55217	0.441741	0.331308	0.55217	0.55217	0.331308	0.441741	0.662595	0.441741	0.220874	0.55217	0.55217	0.331308	0.441741	0.441741	0.441741	0.331308	0.220874	0.110437	0	0.220874	0.220874	0	0	0.110437	0.220874	0.110437	0	0	0	0	0	0	0	0	0	0	0	0	0	0	0	0	0	0	0	0	0	0	0	0	0	0.220874	0.220874	0	0.110437	0.220874	0.110437	0	0.220874	0.220874	0	0	0.220874	0.220874	0.110437	0.220874	0.110437	0.220874	0.220874	0	0	0.110437	0.220874	0.110437	0	0	0	0.220874	0.220874	0	0	0	0	0	0	0	0.110437	0.220874	0.110437	0	0	0.220874	0.220874	0	0	0	0.110437	0.220874	0.110437	0	0	0.110437	0.220874	0.110437	0	0	0	0	0	0	0	0	0	0	0	0	0	0	0	0	0	0	0	0	0.220874	0.220874	0	0	0	0	0	0	0	0.110437	0.220874	0.110437	0	0.220874	0.220874	0	0.220874	0.220874	0	0.110437	0.220874	0.220874	0.220874	0.331308	0.220874	0.110437	0.220874	0.220874	0.220874	0.110437	0.220874	0.331308	0.220874	0.331308	0.331308	0.220874	0.331308	0.331308	0.220874	0.331308	0.220874	0.110437	0.331308	0.331308	0.110437	0.220874	0.331308	0.220874	0.331308	0.331308	0.220874	0.331308	0.220874	0.441741	0.441741	0.331308	0.441741	0.331308	0.55217	0.441741	0.331308	0.441741	0.331308	0.441741	0.55217	0.331308	0.331308	0.55217	0.662595	0.662595
0.993645	0.662467	0.772866	1.10402	1.32476	1.10402	1.10402	1.10402	1.21439	1.10402	0.772866	0.883259	1.10402	1.10402	0.441656	0	0	0	0	0	0	0	0	0.110416	0.220831	0.110416	0	0	0.110416	0.220831	0.110416	0	0	0	0	0.220831	0.220831	0	0	0.110416	0.220831	0.110416	0.220831	0.220831	0.110416	0.220831	0.331245	0.220831	0.110416	0.220831	0.331245	0.441656	0.220831	0.220831	0.331245	0.331245	0.331245	0.220831	0.441656	0.441656	0.331245	0.552063	0.441656	0.331245	0.552063	0.552063	0.331245	0.441656	0.662467	0.441656	0.220831	0.552063	0.552063	0.331245	0.441656	0.441656	0.441656	0.331245	0.220831	0.110416	0	0.220831	0.220831	0	0	0.110416	0.220831	0.110416	0	0	0	0	0	0	0	0	0	0	0	0	0	0	0	0	0	0	0	0	0	0	0	0	0	0.220831	0.220831	0	0.110416	0.220831	0.110416	0	0.220831	0.220831	0	0	0.220831	0.220831	0.110416	0.220831	0.110416	0.220831	0.220831	0	0	0.110416	0.220831	0.110416	0	0	0	0.220831	0.220831	0	0	0	0	0	0	0	0.110416	0.220831	0.110416	0	0	0.220831	0.220831	0	0	0	0.110416	0.220831	0.110416	0	0	0.110416	0.220831	0.110416	0	0	0	0	0	0	0	0	0	0	0	0	0	0	0	0	0	0	0	0	0.220831	0.220831	0	0	0	0	0	0	0	0.110416	0.220831	0.110416	0	0.220831	0.220831	0	0.220831	0.220831	0	0.110416	0.220831	0.220831	0.220831	0.331245	0.220831	0.110416	0.220831	0.220831	0.220831	0.110416	0.220831	0.331245	0.220831	0.331245	0.331245	0.220831	0.331245	0.331245	0.220831	0.331245	0.220831	0.110416	0.331245	0.331245	0.110416	0.220831	0.331245	0.220831	0.331245	0.331245	0.220831	0.331245	0.220831	0.441656	0.441656	0.331245	0.441656	0.331245	0.552063	0.441656	0.331245	0.441656	0.331245	0.441656	0.552063	0.331245	0.331245	0.552063	0.662467	0.662467
1.61423	1.43173	1.46704	1.62234	1.70019	1.44401	1.35142	1.26711	1.30833	1.19713	0.880517	0.968829	1.14346	1.09168	0.525459	0.351837	0.487906	0.624815	0.762107	0.856007	0.883156	0.883156	0.883156	0.902138	0.958018	0.984482	0.99353	0.99353	1.01195	1.08896	1.1749	1.22813	1.26973	1.33904	1.40763	1.45182	1.45182	1.46279	1.53204	1.60636	1.65846	1.67399	1.69757	1.71307	1.74378	1.81056	1.86693	1.86173	1.86653	1.88911	1.90515	1.92738	1.91987	1.95918	1.97079	1.95947	1.95947	1.95918	1.99152	1.96461	1.93231	1.96499	1.92738	1.90515	1.92144	1.88558	1.83984	1.85713	1.85875	1.73327	1.67023	1.71029	1.65787	1.58033	1.57309	1.51994	1.50129	1.47263	1.45182	1.45404	1.49036	1.53365	1.53365	1.53154	1.54527	1.54921	1.56095	1.54921	1.54527	1.54527	1.54527	1.55912	1.60067	1.62801	1.60067	1.55912	1.54527	1.54527	1.54527	1.54527	1.54527	1.54527	1.54527	1.54527	1.54527	1.54527	1.54527	1.54527	1.54527	1.51794	1.46279	1.42122	1.38005	1.38156	1.39731	1.35247	1.32919	1.34287	1.31668	1.26973	1.27257	1.28848	1.24215	1.21425	1.23415	1.23415	1.21926	1.23415	1.20686	1.20702	1.19609	1.13182	1.09019	1.06974	1.08248	1.08195	1.04908	1.00742	0.99353	1.03923	1.07169	1.0215	0.99353	0.99353	0.99353	0.99353	0.966331	0.911168	0.902138	0.958018	0.984482	0.99353	0.99353	0.98506	0.931008	0.883156	0.883156	0.883156	0.874708	0.850201	0.823585	0.856007	0.883156	0.874708	0.850201	0.792482	0.772776	0.772776	0.772776	0.772776	0.772776	0.772776	0.772776	0.759104	0.718114	0.67633	0.66239	0.66239	0.66239	0.66239	0.66239	0.66239	0.66239	0.66239	0.66239	0.66239	0.716518	0.76981	0.772776	0.772776	0.800847	0.856007	0.883156	0.883156	0.911168	0.960203	0.974372	0.960203	0.979831	0.98506	0.963961	0.966331	1.01776	1.01776	1.00742	1.04234	1.08809	1.09871	1.09871	1.10888	1.07169	1.06974	1.09871	1.11504	1.12575	1.13987	1.19609	1.21503	1.19609	1.23199	1.21503	1.19609	1.21503	1.18842	1.18538	1.23199	1.20702	1.19179	1.21503	1.20544	1.17942	1.19099	1.18842	1.16905	1.20544	1.20544	1.17991	1.18842	1.16905	1.2403	1.2048	1.13534	1.12743	1.03886	1.07487	1.01212	0.969077	0.993708	0.960988	1.01212	1.04597	0.943192	0.925465	0.980004	1.01941	0.978827
2.73042	2.62191	2.60986	2.62189	2.51605	2.17688	1.92482	1.6801	1.56839	1.44413	1.14827	1.19024	1.25829	1.07144	0.722182	0.742983	1.00438	1.27188	1.54226	1.71397	1.76555	1.76555	1.76555	1.79397	1.87906	1.95929	1.98608	1.98608	2.0144	2.15144	2.34496	2.45512	2.53952	2.67992	2.81464	2.87599	2.87599	2.92466	3.06465	3.20533	3.29181	3.33937	3.36999	3.40144	3.47975	3.59793	3.68539	3.69923	3.72382	3.75409	3.76215	3.7734	3.81689	3.89473	3.89473	3.87163	3.87163	3.89473	3.90404	3.84938	3.81689	3.80746	3.7734	3.76215	3.71883	3.64405	3.63073	3.63073	3.53516	3.37897	3.31511	3.28247	3.17347	3.10534	3.05063	2.94122	2.90121	2.88653	2.87599	2.89978	2.97967	3.04066	3.04066	3.06068	3.0877	3.08967	3.09555	3.08967	3.0877	3.0877	3.0877	3.11571	3.19965	3.25277	3.19965	3.11571	3.0877	3.0877	3.0877	3.0877	3.0877	3.0877	3.0877	3.0877	3.0877	3.0877	3.0877	3.0877	3.0877	3.03467	2.92466	2.84054	2.75962	2.73489	2.76621	2.7046	2.64958	2.65644	2.62496	2.53952	2.51503	2.54669	2.48449	2.42695	2.43695	2.43695	2.42945	2.43695	2.4051	2.38208	2.36046	2.26434	2.17969	2.13031	2.13031	2.15426	2.09922	2.0144	1.98608	2.04418	2.10789	2.04418	1.98608	1.98608	1.98608	1.98608	1.9341	1.82403	1.79397	1.87906	1.95929	1.98608	1.98608	1.9341	1.82403	1.76555	1.76555	1.76555	1.73886	1.65894	1.63609	1.71397	1.76555	1.73886	1.65894	1.57352	1.54497	1.54497	1.54497	1.54497	1.54497	1.54497	1.54497	1.5184	1.4389	1.35305	1.32435	1.32435	1.32435	1.32435	1.32435	1.32435	1.32435	1.32435	1.32435	1.32435	1.38391	1.4939	1.54497	1.54497	1.60392	1.71397	1.76555	1.76555	1.82403	1.91057	1.91057	1.91057	1.95929	1.9341	1.88875	1.9341	1.99829	1.99829	2.0144	2.07537	2.1417	2.16271	2.16271	2.1417	2.10789	2.13031	2.16271	2.19636	2.21754	2.27238	2.36046	2.36046	2.36046	2.39481	2.36046	2.36046	2.36046	2.30574	2.34025	2.39481	2.38208	2.37442	2.36046	2.34025	2.35013	2.35013	2.30574	2.30574	2.34025	2.34025	2.32723	2.30574	2.30574	2.35836	2.28572	2.19636	2.12227	1.99829	1.92701	1.87338	1.85052	1.83421	1.83421	1.87338	1.86055	1.7963	1.75973	1.71307	1.68554	1.58866
1.56483	1.43119	1.42547	1.51708	1.46919	1.18282	1.06789	0.959018	1.02626	1.05043	0.745375	0.894969	0.988868	0.778811	0.598405	0.593303	0.682769	0.786375	0.899243	0.876765	0.882823	0.882823	0.882823	0.896721	0.938395	0.979461	0.993155	0.993155	1.00704	1.08855	1.18606	1.23137	1.28355	1.36887	1.42001	1.45127	1.45127	1.47466	1.55804	1.62833	1.67153	1.68151	1.69693	1.72569	1.76393	1.83987	1.88326	1.86103	1.87314	1.8884	1.90443	1.92665	1.94745	1.97005	1.95844	1.95873	1.95873	1.97005	1.97467	1.94755	1.93158	1.94324	1.92665	1.90443	1.88235	1.86296	1.85642	1.83915	1.79056	1.70073	1.6696	1.6664	1.6126	1.57973	1.53728	1.48289	1.50073	1.47208	1.45127	1.46288	1.502	1.53307	1.53307	1.53394	1.54469	1.54862	1.56036	1.54862	1.54469	1.54469	1.54469	1.56146	1.61143	1.6274	1.61143	1.56146	1.54469	1.54469	1.54469	1.54469	1.54469	1.54469	1.54469	1.54469	1.54469	1.54469	1.54469	1.54469	1.54469	1.52935	1.47466	1.42389	1.3927	1.37109	1.39679	1.36539	1.32869	1.34236	1.32654	1.28355	1.26128	1.28799	1.2563	1.2138	1.23369	1.23369	1.2188	1.23369	1.2177	1.20656	1.21457	1.14742	1.09396	1.08207	1.06934	1.08154	1.06595	1.01156	0.993155	1.02111	1.07129	1.03884	0.993155	0.993155	0.993155	0.993155	0.984688	0.930657	0.896721	0.938395	0.979461	0.993155	0.993155	0.965967	0.910824	0.882823	0.882823	0.882823	0.869141	0.828114	0.839745	0.876765	0.882823	0.869141	0.828114	0.786398	0.772485	0.772485	0.772485	0.772485	0.772485	0.772485	0.772485	0.76481	0.742849	0.682794	0.66214	0.66214	0.66214	0.66214	0.66214	0.66214	0.66214	0.66214	0.66214	0.66214	0.690278	0.74541	0.772485	0.772485	0.823041	0.876765	0.882823	0.882823	0.930657	0.974004	0.959841	0.974004	0.984111	0.965967	0.963597	0.984688	1.01737	1.01737	1.01156	1.05501	1.10846	1.09829	1.09829	1.08768	1.07129	1.08207	1.09829	1.13491	1.12532	1.17104	1.21457	1.19564	1.21457	1.23152	1.19564	1.21457	1.19564	1.16861	1.23028	1.23152	1.20656	1.19134	1.19564	1.20498	1.19054	1.17898	1.16861	1.18797	1.20498	1.20498	1.17946	1.16861	1.18797	1.23983	1.15798	1.11462	1.07731	1.00268	1.00419	1.01174	0.968711	0.960625	0.993332	1.01174	1.00551	0.942836	0.900104	0.901998	0.968498	0.880214
0.882585	0.661962	0.661962	0.882585	0.882585	0.551642	0.551642	0.551642	0.772276	0.882585	0.551642	0.772276	0.882585	0.661962	0.551642	0.551642	0.551642	0.551642	0.551642	0.220663	0	0	0	0	0	0	0	0	0	0.220663	0.220663	0.110332	0.220663	0.330992	0.220663	0.220663	0.220663	0.220663	0.330992	0.330992	0.330992	0.220663	0.220663	0.330992	0.330992	0.441319	0.441319	0.220663	0.220663	0.220663	0.330992	0.441319	0.441319	0.330992	0.220663	0.330992	0.330992	0.330992	0.330992	0.330992	0.330992	0.441319	0.441319	0.330992	0.330992	0.441319	0.441319	0.330992	0.330992	0.220663	0.220663	0.330992	0.330992	0.330992	0.220663	0.220663	0.441319	0.330992	0.220663	0.220663	0.220663	0.220663	0.220663	0.110332	0	0.110332	0.220663	0.110332	0	0	0	0.110332	0.220663	0	0.220663	0.110332	0	0	0	0	0	0	0	0	0	0	0	0	0	0.220663	0.220663	0.110332	0.220663	0.110332	0.220663	0.220663	0.110332	0.220663	0.220663	0.220663	0.110332	0.220663	0.220663	0	0.220663	0.220663	0.110332	0.220663	0.220663	0.220663	0.330992	0.220663	0.110332	0.220663	0.110332	0.110332	0.220663	0.110332	0	0	0.220663	0.220663	0	0	0	0	0.220663	0.220663	0	0	0	0	0	0	0	0	0	0	0	0	0.220663	0.220663	0	0	0	0	0	0	0	0	0	0	0	0.110332	0.220663	0.110332	0	0	0	0	0	0	0	0	0	0	0	0	0	0	0.220663	0.220663	0	0	0.220663	0.220663	0.110332	0.220663	0.110332	0	0.220663	0.220663	0.220663	0.220663	0.110332	0.220663	0.330992	0.220663	0.220663	0.220663	0.220663	0.220663	0.220663	0.330992	0.220663	0.330992	0.330992	0.220663	0.330992	0.330992	0.220663	0.330992	0.220663	0.220663	0.441319	0.330992	0.220663	0.110332	0.220663	0.330992	0.220663	0.110332	0.220663	0.330992	0.330992	0.330992	0.220663	0.220663	0.330992	0.441319	0.220663	0.220663	0.220663	0.110332	0.330992	0.441319	0.330992	0.330992	0.441319	0.441319	0.441319	0.330992	0.220663	0.330992	0.551642	0.441319
0.882415	0.661834	0.661834	0.882415	0.882415	0.551536	0.551536	0.551536	0.772128	0.882415	0.551536	0.772128	0.882415	0.661834	0.551536	0.551536	0.551536	0.551536	0.551536	0.22062	0	0	0	0	0	0	0	0	0	0.22062	0.22062	0.11031	0.22062	0.330928	0.22062	0.22062	0.22062	0.22062	0.330928	0.330928	0.330928	0.22062	0.22062	0.330928	0.330928	0.441234	0.441234	0.22062	0.22062	0.22062	0.330928	0.441234	0.441234	0.330928	0.22062	0.330928	0.330928	0.330928	0.330928	0.330928	0.330928	0.441234	0.441234	0.330928	0.330928	0.441234	0.441234	0.330928	0.330928	0.22062	0.22062	0.330928	0.330928	0.330928	0.22062	0.22062	0.441234	0.330928	0.22062	0.22062	0.22062	0.22062	0.22062	0.11031	0	0.11031	0.22062	0.11031	0	0	0	0.11031	0.22062	0	0.22062	0.11031	0	0	0	0	0	0	0	0	0	0	0	0	0	0.22062	0.22062	0.11031	0.22062	0.11031	0.22062	0.22062	0.11031	0.22062	0.22062	0.22062	0.11031	0.22062	0.22062	0	0.22062	0.22062	0.11031	0.22062	0.22062	0.22062	0.330928	0.22062	0.11031	0.22062	0.11031	0.11031	0.22062	0.11031	0	0	0.22062	0.22062	0	0	0	0	0.22062	0.22062	0	0	0	0	0	0	0	0	0	0	0	0	0.22062	0.22062	0	0	0	0	0	0	0	0	0	0	0	0.11031	0.22062	0.11031	0	0	0	0	0	0	0	0	0	0	0	0	0	0	0.22062	0.22062	0	0	0.22062	0.22062	0.11031	0.22062	0.11031	0	0.22062	0.22062	0.22062	0.22062	0.11031	0.22062	0.330928	0.22062	0.22062	0.22062	0.22062	0.22062	0.22062	0.330928	0.22062	0.330928	0.330928	0.22062	0.330928	0.330928	0.22062	0.330928	0.22062	0.22062	0.441234	0.330928	0.22062	0.11031	0.22062	0.330928	0.22062	0.11031	0.22062	0.330928	0.330928	0.330928	0.22062	0.22062	0.330928	0.441234	0.22062	0.22062	0.22062	0.11031	0.330928	0.441234	0.330928	0.330928	0.441234	0.441234	0.441234	0.330928	0.22062	0.330928	0.551536	0.441234
0.882252	0.661712	0.661712	0.882252	0.882252	0.551434	0.551434	0.551434	0.771985	0.882252	0.551434	0.771985	0.882252	0.661712	0.551434	0.551434	0.551434	0.551434	0.551434	0.220579	0	0	0	0	0	0	0	0	0	0.220579	0.220579	0.11029	0.220579	0.330867	0.220579	0.220579	0.220579	0.220579	0.330867	0.330867	0.330867	0.220579	0.220579	0.330867	0.330867	0.441152	0.441152	0.220579	0.220579	0.220579	0.330867	0.441152	0.441152	0.330867	0.220579	0.330867	0.330867	0.330867	0.330867	0.330867	0.330867	0.441152	0.441152	0.330867	0.330867	0.441152	0.441152	0.330867	0.330867	0.220579	0.220579	0.330867	0.330867	0.330867	0.220579	0.220579	0.441152	0.330867	0.220579	0.220579	0.220579	0.220579	0.220579	0.11029	0	0.11029	0.220579	0.11029	0	0	0	0.11029	0.220579	0	0.220579	0.11029	0	0	0	0	0	0	0	0	0	0	0	0	0	0.220579	0.220579	0.11029	0.220579	0.11029	0.220579	0.220579	0.11029	0.220579	0.220579	0.220579	0.11029	0.220579	0.220579	0	0.220579	0.220579	0.11029	0.220579	0.220579	0.220579	0.330867	0.220579	0.11029	0.220579	0.11029	0.11029	0.220579	0.11029	0	0	0.220579	0.220579	0	0	0	0	0.220579	0.220579	0	0	0	0	0	0	0	0	0	0	0	0	0.220579	0.220579	0	0	0	0	0	0	0	0	0	0	0	0.11029	0.220579	0.11029	0	0	0	0	0	0	0	0	0	0	0	0	0	0	0.220579	0.220579	0	0	0.220579	0.220579	0.11029	0.220579	0.11029	0	0.220579	0.220579	0.220579	0.220579	0.11029	0.220579	0.330867	0.220579	0.220579	0.220579	0.220579	0.220579	0.220579	0.330867	0.220579	0.330867	0.330867	0.220579	0.330867	0.330867	0.220579	0.330867	0.220579	0.220579	0.441152	0.330867	0.220579	0.11029	0.220579	0.330867	0.220579	0.11029	0.220579	0.330867	0.330867	0.330867	0.220579	0.220579	0.330867	0.441152	0.220579	0.220579	0.220579	0.11029	0.330867	0.441152	0.330867	0.330867	0.441152	0.441152	0.441152	0.330867	0.220579	0.330867	0.551434	0.441152
0.882082	0.661585	0.661585	0.882082	0.882082	0.551328	0.551328	0.551328	0.771836	0.882082	0.551328	0.771836	0.882082	0.661585	0.551328	0.551328	0.551328	0.551328	0.551328	0.220537	0	0	0	0	0	0	0	0	0	0.220537	0.220537	0.110269	0.220537	0.330803	0.220537	0.220537	0.220537	0.220537	0.330803	0.330803	0.330803	0.220537	0.220537	0.330803	0.330803	0.441067	0.441067	0.220537	0.220537	0.220537	0.330803	0.441067	0.441067	0.330803	0.220537	0.330803	0.330803	0.330803	0.330803	0.330803	0.330803	0.441067	0.441067	0.330803	0.330803	0.441067	0.441067	0.330803	0.330803	0.220537	0.220537	0.330803	0.330803	0.330803	0.220537	0.220537	0.441067	0.330803	0.220537	0.220537	0.220537	0.220537	0.220537	0.110269	0	0.110269	0.220537	0.110269	0	0	0	0.110269	0.220537	0	0.220537	0.110269	0	0	0	0	0	0	0	0	0	0	0	0	0	0.220537	0.220537	0.110269	0.220537	0.110269	0.220537	0.220537	0.110269	0.220537	0.220537	0.220537	0.110269	0.220537	0.220537	0	0.220537	0.220537	0.110269	0.220537	0.220537	0.220537	0.330803	0.220537	0.110269	0.220537	0.110269	0.110269	0.220537	0.110269	0	0	0.220537	0.220537	0	0	0	0	0.220537	0.220537	0	0	0	0	0	0	0	0	0	0	0	0	0.220537	0.220537	0	0	0	0	0	0	0	0	0	0	0	0.110269	0.220537	0.110269	0	0	0	0	0	0	0	0	0	0	0	0	0	0	0.220537	0.220537	0	0	0.220537	0.220537	0.110269	0.220537	0.110269	0	0.220537	0.220537	0.220537	0.220537	0.110269	0.220537	0.330803	0.220537	0.220537	0.220537	0.220537	0.220537	0.220537	0.330803	0.220537	0.330803	0.330803	0.220537	0.330803	0.330803	0.220537	0.330803	0.220537	0.220537	0.441067	0.330803	0.220537	0.110269	0.220537	0.330803	0.220537	0.110269	0.220537	0.330803	0.330803	0.330803	0.220537	0.220537	0.330803	0.441067	0.220537	0.220537	0.220537	0.110269	0.330803	0.441067	0.330803	0.330803	0.441067	0.441067	0.441067	0.330803	0.220537	0.330803	0.551328	0.441067
0.881913	0.661457	0.661457	0.881913	0.881913	0.551222	0.551222	0.551222	0.771688	0.881913	0.551222	0.771688	0.881913	0.661457	0.551222	0.551222	0.551222	0.551222	0.551222	0.220495	0	0	0	0	0	0	0	0	0	0.220495	0.220495	0.110248	0.220495	0.33074	0.220495	0.220495	0.220495	0.220495	0.33074	0.33074	0.33074	0.220495	0.220495	0.33074	0.33074	0.440982	0.440982	0.220495	0.220495	0.220495	0.33074	0.440982	0.440982	0.33074	0.220495	0.33074	0.33074	0.33074	0.33074	0.33074	0.33074	0.440982	0.440982	0.33074	0.33074	0.440982	0.440982	0.33074	0.33074	0.220495	0.220495	0.33074	0.33074	0.33074	0.220495	0.220495	0.440982	0.33074	0.220495	0.220495	0.220495	0.220495	0.220495	0.110248	0	0.110248	0.220495	0.110248	0	0	0	0.110248	0.220495	0	0.220495	0.110248	0	0	0	0	0	0	0	0	0	0	0	0	0	0.220495	0.220495	0.110248	0.220495	0.110248	0.220495	0.220495	0.110248	0.220495	0.220495	0.220495	0.110248	0.220495	0.220495	0	0.220495	0.220495	0.110248	0.220495	0.220495	0.220495	0.33074	0.220495	0.110248	0.220495	0.110248	0.110248	0.220495	0.110248	0	0	0.220495	0.220495	0	0	0	0	0.220495	0.220495	0	0	0	0	0	0	0	0	0	0	0	0	0.220495	0.220495	0	0	0	0	0	0	0	0	0	0	0	0.110248	0.220495	0.110248	0	0	0	0	0	0	0	0	0	0	0	0	0	0	0.220495	0.220495	0	0	0.220495	0.220495	0.110248	0.220495	0.110248	0	0.220495	0.220495	0.220495	0.220495	0.110248	0.220495	0.33074	0.220495	0.220495	0.220495	0.220495	0.220495	0.220495	0.33074	0.220495	0.33074	0.33074	0.220495	0.33074	0.33074	0.220495	0.33074	0.220495	0.220495	0.440982	0.33074	0.220495	0.110248	0.220495	0.33074	0.220495	0.110248	0.220495	0.33074	0.33074	0.33074	0.220495	0.220495	0.33074	0.440982	0.220495	0.220495	0.220495	0.110248	0.33074	0.440982	0.33074	0.33074	0.440982	0.440982	0.440982	0.33074	0.220495	0.33074	0.551222	0.440982
0.881743	0.66133	0.66133	0.881743	0.881743	0.551116	0.551116	0.551116	0.771539	0.881743	0.551116	0.771539	0.881743	0.66133	0.551116	0.551116	0.551116	0.551116	0.551116	0.220452	0	0	0	0	0	0	0	0	0	0.220452	0.220452	0.110226	0.220452	0.330676	0.220452	0.220452	0.220452	0.220452	0.330676	0.330676	0.330676	0.220452	0.220452	0.330676	0.330676	0.440898	0.440898	0.220452	0.220452	0.220452	0.330676	0.440898	0.440898	0.330676	0.220452	0.330676	0.330676	0.330676	0.330676	0.330676	0.330676	0.440898	0.440898	0.330676	0.330676	0.440898	0.440898	0.330676	0.330676	0.220452	0.220452	0.330676	0.330676	0.330676	0.220452	0.220452	0.440898	0.330676	0.220452	0.220452	0.220452	0.220452	0.220452	0.110226	0	0.110226	0.220452	0.110226	0	0	0	0.110226	0.220452	0	0.220452	0.110226	0	0	0	0	0	0	0	0	0	0	0	0	0	0.220452	0.220452	0.110226	0.220452	0.110226	0.220452	0.220452	0.110226	0.220452	0.220452	0.220452	0.110226	0.220452	0.220452	0	0.220452	0.220452	0.110226	0.220452	0.220452	0.220452	0.330676	0.220452	0.110226	0.220452	0.110226	0.110226	0.220452	0.110226	0	0	0.220452	0.220452	0	0	0	0	0.220452	0.220452	0	0	0	0	0	0	0	0	0	0	0	0	0.220452	0.220452	0	0	0	0	0	0	0	0	0	0	0	0.110226	0.220452	0.110226	0	0	0	0	0	0	0	0	0	0	0	0	0	0	0.220452	0.220452	0	0	0.220452	0.220452	0.110226	0.220452	0.110226	0	0.220452	0.220452	0.220452	0.220452	0.110226	0.220452	0.330676	0.220452	0.220452	0.220452	0.220452	0.220452	0.220452	0.330676	0.220452	0.330676	0.330676	0.220452	0.330676	0.330676	0.220452	0.330676	0.220452	0.220452	0.440898	0.330676	0.220452	0.110226	0.220452	0.330676	0.220452	0.110226	0.220452	0.330676	0.330676	0.330676	0.220452	0.220452	0.330676	0.440898	0.220452	0.220452	0.220452	0.110226	0.330676	0.440898	0.330676	0.330676	0.440898	0.440898	0.440898	0.330676	0.220452	0.330676	0.551116	0.440898
0.881574	0.661203	0.661203	0.881574	0.881574	0.55101	0.55101	0.55101	0.771391	0.881574	0.55101	0.771391	0.881574	0.661203	0.55101	0.55101	0.55101	0.55101	0.55101	0.22041	0	0	0	0	0	0	0	0	0	0.22041	0.22041	0.110205	0.22041	0.330612	0.22041	0.22041	0.22041	0.22041	0.330612	0.330612	0.330612	0.22041	0.22041	0.330612	0.330612	0.440813	0.440813	0.22041	0.22041	0.22041	0.330612	0.440813	0.440813	0.330612	0.22041	0.330612	0.330612	0.330612	0.330612	0.330612	0.330612	0.440813	0.440813	0.330612	0.330612	0.440813	0.440813	0.330612	0.330612	0.22041	0.22041	0.330612	0.330612	0.330612	0.22041	0.22041	0.440813	0.330612	0.22041	0.22041	0.22041	0.22041	0.22041	0.110205	0	0.110205	0.22041	0.110205	0	0	0	0.110205	0.22041	0	0.22041	0.110205	0	0	0	0	0	0	0	0	0	0	0	0	0	0.22041	0.22041	0.110205	0.22041	0.110205	0.22041	0.22041	0.110205	0.22041	0.22041	0.22041	0.110205	0.22041	0.22041	0	0.22041	0.22041	0.110205	0.22041	0.22041	0.22041	0.330612	0.22041	0.110205	0.22041	0.110205	0.110205	0.22041	0.110205	0	0	0.22041	0.22041	0	0	0	0	0.22041	0.22041	0	0	0	0	0	0	0	0	0	0	0	0	0.22041	0.22041	0	0	0	0	0	0	0	0	0	0	0	0.110205	0.22041	0.110205	0	0	0	0	0	0	0	0	0	0	0	0	0	0	0.22041	0.22041	0	0	0.22041	0.22041	0.110205	0.22041	0.110205	0	0.22041	0.22041	0.22041	0.22041	0.110205	0.22041	0.330612	0.22041	0.22041	0.22041	0.22041	0.22041	0.22041	0.330612	0.22041	0.330612	0.330612	0.22041	0.330612	0.330612	0.22041	0.330612	0.22041	0.22041	0.440813	0.330612	0.22041	0.110205	0.22041	0.330612	0.22041	0.110205	0.22041	0.330612	0.330612	0.330612	0.22041	0.22041	0.330612	0.440813	0.22041	0.22041	0.22041	0.110205	0.330612	0.440813	0.330612	0.330612	0.440813	0.440813	0.440813	0.330612	0.22041	0.330612	0.55101	0.440813
0.881411	0.661081	0.661081	0.881411	0.881411	0.550908	0.550908	0.550908	0.771249	0.881411	0.550908	0.771249	0.881411	0.661081	0.550908	0.550908	0.550908	0.550908	0.550908	0.220369	0	0	0	0	0	0	0	0	0	0.220369	0.220369	0.110185	0.220369	0.330551	0.220369	0.220369	0.220369	0.220369	0.330551	0.330551	0.330551	0.220369	0.220369	0.330551	0.330551	0.440731	0.440731	0.220369	0.220369	0.220369	0.330551	0.440731	0.440731	0.330551	0.220369	0.330551	0.330551	0.330551	0.330551	0.330551	0.330551	0.440731	0.440731	0.330551	0.330551	0.440731	0.440731	0.330551	0.330551	0.220369	0.220369	0.330551	0.330551	0.330551	0.220369	0.220369	0.440731	0.330551	0.220369	0.220369	0.220369	0.220369	0.220369	0.110185	0	0.110185	0.220369	0.110185	0	0	0	0.110185	0.220369	0	0.220369	0.110185	0	0	0	0	0	0	0	0	0	0	0	0	0	0.220369	0.220369	0.110185	0.220369	0.110185	0.220369	0.220369	0.110185	0.220369	0.220369	0.220369	0.110185	0.220369	0.220369	0	0.220369	0.220369	0.110185	0.220369	0.220369	0.220369	0.330551	0.220369	0.110185	0.220369	0.110185	0.110185	0.220369	0.110185	0	0	0.220369	0.220369	0	0	0	0	0.220369	0.220369	0	0	0	0	0	0	0	0	0	0	0	0	0.220369	0.220369	0	0	0	0	0	0	0	0	0	0	0	0.110185	0.220369	0.110185	0	0	0	0	0	0	0	0	0	0	0	0	0	0	0.220369	0.220369	0	0	0.220369	0.220369	0.110185	0.220369	0.110185	0	0.220369	0.220369	0.220369	0.220369	0.110185	0.220369	0.330551	0.220369	0.220369	0.220369	0.220369	0.220369	0.220369	0.330551	0.220369	0.330551	0.330551	0.220369	0.330551	0.330551	0.220369	0.330551	0.220369	0.220369	0.440731	0.330551	0.220369	0.110185	0.220369	0.330551	0.220369	0.110185	0.220369	0.330551	0.330551	0.330551	0.220369	0.220369	0.330551	0.440731	0.220369	0.220369	0.220369	0.110185	0.330551	0.440731	0.330551	0.330551	0.440731	0.440731	0.440731	0.330551	0.220369	0.330551	0.550908	0.440731
0.881241	0.660954	0.660954	0.881241	0.881241	0.550802	0.550802	0.550802	0.7711	0.881241	0.550802	0.7711	0.881241	0.660954	0.550802	0.550802	0.550802	0.550802	0.550802	0.220327	0	0	0	0	0	0	0	0	0	0.220327	0.220327	0.110164	0.220327	0.330488	0.220327	0.220327	0.220327	0.220327	0.330488	0.330488	0.330488	0.220327	0.220327	0.330488	0.330488	0.440647	0.440647	0.220327	0.220327	0.220327	0.330488	0.440647	0.440647	0.330488	0.220327	0.330488	0.330488	0.330488	0.330488	0.330488	0.330488	0.440647	0.440647	0.330488	0.330488	0.440647	0.440647	0.330488	0.330488	0.220327	0.220327	0.330488	0.330488	0.330488	0.220327	0.220327	0.440647	0.330488	0.220327	0.220327	0.220327	0.220327	0.220327	0.110164	0	0.110164	0.220327	0.110164	0	0	0	0.110164	0.220327	0	0.220327	0.110164	0	0	0	0	0	0	0	0	0	0	0	0	0	0.220327	0.220327	0.110164	0.220327	0.110164	0.220327	0.220327	0.110164	0.220327	0.220327	0.220327	0.110164	0.220327	0.220327	0	0.220327	0.220327	0.110164	0.220327	0.220327	0.220327	0.330488	0.220327	0.110164	0.220327	0.110164	0.110164	0.220327	0.110164	0	0	0.220327	0.220327	0	0	0	0	0.220327	0.220327	0	0	0	0	0	0	0	0	0	0	0	0	0.220327	0.220327	0	0	0	0	0	0	0	0	0	0	0	0.110164	0.220327	0.110164	0	0	0	0	0	0	0	0	0	0	0	0	0	0	0.220327	0.220327	0	0	0.220327	0.220327	0.110164	0.220327	0.110164	0	0.220327	0.220327	0.220327	0.220327	0.110164	0.220327	0.330488	0.220327	0.220327	0.220327	0.220327	0.220327	0.220327	0.330488	0.220327	0.330488	0.330488	0.220327	0.330488	0.330488	0.220327	0.330488	0.220327	0.220327	0.440647	0.330488	0.220327	0.110164	0.220327	0.330488	0.220327	0.110164	0.220327	0.330488	0.330488	0.330488	0.220327	0.220327	0.330488	0.440647	0.220327	0.220327	0.220327	0.110164	0.330488	0.440647	0.330488	0.330488	0.440647	0.440647	0.440647	0.330488	0.220327	0.330488	0.550802	0.440647
0.881072	0.660827	0.660827	0.881072	0.881072	0.550696	0.550696	0.550696	0.770952	0.881072	0.550696	0.770952	0.881072	0.660827	0.550696	0.550696	0.550696	0.550696	0.550696	0.220284	0	0	0	0	0	0	0	0	0	0.220284	0.220284	0.110143	0.220284	0.330424	0.220284	0.220284	0.220284	0.220284	0.330424	0.330424	0.330424	0.220284	0.220284	0.330424	0.330424	0.440562	0.440562	0.220284	0.220284	0.220284	0.330424	0.440562	0.440562	0.330424	0.220284	0.330424	0.330424	0.330424	0.330424	0.330424	0.330424	0.440562	0.440562	0.330424	0.330424	0.440562	0.440562	0.330424	0.330424	0.220284	0.220284	0.330424	0.330424	0.330424	0.220284	0.220284	0.440562	0.330424	0.220284	0.220284	0.220284	0.220284	0.220284	0.110143	0	0.110143	0.220284	0.110143	0	0	0	0.110143	0.220284	0	0.220284	0.110143	0	0	0	0	0	0	0	0	0	0	0	0	0	0.220284	0.220284	0.110143	0.220284	0.110143	0.220284	0.220284	0.110143	0.220284	0.220284	0.220284	0.110143	0.220284	0.220284	0	0.220284	0.220284	0.110143	0.220284	0.220284	0.220284	0.330424	0.220284	0.110143	0.220284	0.110143	0.110143	0.220284	0.110143	0	0	0.220284	0.220284	0	0	0	0	0.220284	0.220284	0	0	0	0	0	0	0	0	0	0	0	0	0.220284	0.220284	0	0	0	0	0	0	0	0	0	0	0	0.110143	0.220284	0.110143	0	0	0	0	0	0	0	0	0	0	0	0	0	0	0.220284	0.220284	0	0	0.220284	0.220284	0.110143	0.220284	0.110143	0	0.220284	0.220284	0.220284	0.220284	0.110143	0.220284	0.330424	0.220284	0.220284	0.220284	0.220284	0.220284	0.220284	0.330424	0.220284	0.330424	0.330424	0.220284	0.330424	0.330424	0.220284	0.330424	0.220284	0.220284	0.440562	0.330424	0.220284	0.110143	0.220284	0.330424	0.220284	0.110143	0.220284	0.330424	0.330424	0.330424	0.220284	0.220284	0.330424	0.440562	0.220284	0.220284	0.220284	0.110143	0.330424	0.440562	0.330424	0.330424	0.440562	0.440562	0.440562	0.330424	0.220284	0.330424	0.550696	0.440562
0.880903	0.6607	0.6607	0.880903	0.880903	0.550591	0.550591	0.550591	0.770804	0.880903	0.550591	0.770804	0.880903	0.6607	0.550591	0.550591	0.550591	0.550591	0.550591	0.220242	0	0	0	0	0	0	0	0	0	0.220242	0.220242	0.110121	0.220242	0.330361	0.220242	0.220242	0.220242	0.220242	0.330361	0.330361	0.330361	0.220242	0.220242	0.330361	0.330361	0.440477	0.440477	0.220242	0.220242	0.220242	0.330361	0.440477	0.440477	0.330361	0.220242	0.330361	0.330361	0.330361	0.330361	0.330361	0.330361	0.440477	0.440477	0.330361	0.330361	0.440477	0.440477	0.330361	0.330361	0.220242	0.220242	0.330361	0.330361	0.330361	0.220242	0.220242	0.440477	0.330361	0.220242	0.220242	0.220242	0.220242	0.220242	0.110121	0	0.110121	0.220242	0.110121	0	0	0	0.110121	0.220242	0	0.220242	0.110121	0	0	0	0	0	0	0	0	0	0	0	0	0	0.220242	0.220242	0.110121	0.220242	0.110121	0.220242	0.220242	0.110121	0.220242	0.220242	0.220242	0.110121	0.220242	0.220242	0	0.220242	0.220242	0.110121	0.220242	0.220242	0.220242	0.330361	0.220242	0.110121	0.220242	0.110121	0.110121	0.220242	0.110121	0	0	0.220242	0.220242	0	0	0	0	0.220242	0.220242	0	0	0	0	0	0	0	0	0	0	0	0	0.220242	0.220242	0	0	0	0	0	0	0	0	0	0	0	0.110121	0.220242	0.110121	0	0	0	0	0	0	0	0	0	0	0	0	0	0	0.220242	0.220242	0	0	0.220242	0.220242	0.110121	0.220242	0.110121	0	0.220242	0.220242	0.220242	0.220242	0.110121	0.220242	0.330361	0.220242	0.220242	0.220242	0.220242	0.220242	0.220242	0.330361	0.220242	0.330361	0.330361	0.220242	0.330361	0.330361	0.220242	0.330361	0.220242	0.220242	0.440477	0.330361	0.220242	0.110121	0.220242	0.330361	0.220242	0.110121	0.220242	0.330361	0.330361	0.330361	0.220242	0.220242	0.330361	0.440477	0.220242	0.220242	0.220242	0.110121	0.330361	0.440477	0.330361	0.330361	0.440477	0.440477	0.440477	0.330361	0.220242	0.330361	0.550591	0.440477
0.880733	0.660573	0.660573	0.880733	0.880733	0.550485	0.550485	0.550485	0.770656	0.880733	0.550485	0.770656	0.880733	0.660573	0.550485	0.550485	0.550485	0.550485	0.550485	0.2202	0	0	0	0	0	0	0	0	0	0.2202	0.2202	0.1101	0.2202	0.330297	0.2202	0.2202	0.2202	0.2202	0.330297	0.330297	0.330297	0.2202	0.2202	0.330297	0.330297	0.440393	0.440393	0.2202	0.2202	0.2202	0.330297	0.440393	0.440393	0.330297	0.2202	0.330297	0.330297	0.330297	0.330297	0.330297	0.330297	0.440393	0.440393	0.330297	0.330297	0.440393	0.440393	0.330297	0.330297	0.2202	0.2202	0.330297	0.330297	0.330297	0.2202	0.2202	0.440393	0.330297	0.2202	0.2202	0.2202	0.2202	0.2202	0.1101	0	0.1101	0.2202	0.1101	0	0	0	0.1101	0.2202	0	0.2202	0.1101	0	0	0	0	0	0	0	0	0	0	0	0	0	0.2202	0.2202	0.1101	0.2202	0.1101	0.2202	0.2202	0.1101	0.2202	0.2202	0.2202	0.1101	0.2202	0.2202	0	0.2202	0.2202	0.1101	0.2202	0.2202	0.2202	0.330297	0.2202	0.1101	0.2202	0.1101	0.1101	0.2202	0.1101	0	0	0.2202	0.2202	0	0	0	0	0.2202	0.2202	0	0	0	0	0	0	0	0	0	0	0	0	0.2202	0.2202	0	0	0	0	0	0	0	0	0	0	0	0.1101	0.2202	0.1101	0	0	0	0	0	0	0	0	0	0	0	0	0	0	0.2202	0.2202	0	0	0.2202	0.2202	0.1101	0.2202	0.1101	0	0.2202	0.2202	0.2202	0.2202	0.1101	0.2202	0.330297	0.2202	0.2202	0.2202	0.2202	0.2202	0.2202	0.330297	0.2202	0.330297	0.330297	0.2202	0.330297	0.330297	0.2202	0.330297	0.2202	0.2202	0.440393	0.330297	0.2202	0.1101	0.2202	0.330297	0.2202	0.1101	0.2202	0.330297	0.330297	0.330297	0.2202	0.2202	0.330297	0.440393	0.2202	0.2202	0.2202	0.1101	0.330297	0.440393	0.330297	0.330297	0.440393	0.440393	0.440393	0.330297	0.2202	0.330297	0.550485	0.440393
0.880571	0.660451	0.660451	0.880571	0.880571	0.550383	0.550383	0.550383	0.770514	0.880571	0.550383	0.770514	0.880571	0.660451	0.550383	0.550383	0.550383	0.550383	0.550383	0.220159	0	0	0	0	0	0	0	0	0	0.220159	0.220159	0.11008	0.220159	0.330236	0.220159	0.220159	0.220159	0.220159	0.330236	0.330236	0.330236	0.220159	0.220159	0.330236	0.330236	0.440311	0.440311	0.220159	0.220159	0.220159	0.330236	0.440311	0.440311	0.330236	0.220159	0.330236	0.330236	0.330236	0.330236	0.330236	0.330236	0.440311	0.440311	0.330236	0.330236	0.440311	0.440311	0.330236	0.330236	0.220159	0.220159	0.330236	0.330236	0.330236	0.220159	0.220159	0.440311	0.330236	0.220159	0.220159	0.220159	0.220159	0.220159	0.11008	0	0.11008	0.220159	0.11008	0	0	0	0.11008	0.220159	0	0.220159	0.11008	0	0	0	0	0	0	0	0	0	0	0	0	0	0.220159	0.220159	0.11008	0.220159	0.11008	0.220159	0.220159	0.11008	0.220159	0.220159	0.220159	0.11008	0.220159	0.220159	0	0.220159	0.220159	0.11008	0.220159	0.220159	0.220159	0.330236	0.220159	0.11008	0.220159	0.11008	0.11008	0.220159	0.11008	0	0	0.220159	0.220159	0	0	0	0	0.220159	0.220159	0	0	0	0	0	0	0	0	0	0	0	0	0.220159	0.220159	0	0	0	0	0	0	0	0	0	0	0	0.11008	0.220159	0.11008	0	0	0	0	0	0	0	0	0	0	0	0	0	0	0.220159	0.220159	0	0	0.220159	0.220159	0.11008	0.220159	0.11008	0	0.220159	0.220159	0.220159	0.220159	0.11008	0.220159	0.330236	0.220159	0.220159	0.220159	0.220159	0.220159	0.220159	0.330236	0.220159	0.330236	0.330236	0.220159	0.330236	0.330236	0.220159	0.330236	0.220159	0.220159	0.440311	0.330236	0.220159	0.11008	0.220159	0.330236	0.220159	0.11008	0.220159	0.330236	0.330236	0.330236	0.220159	0.220159	0.330236	0.440311	0.220159	0.220159	0.220159	0.11008	0.330236	0.440311	0.330236	0.330236	0.440311	0.440311	0.440311	0.330236	0.220159	0.330236	0.550383	0.440311
0.880402	0.660324	0.660324	0.880402	0.880402	0.550278	0.550278	0.550278	0.770366	0.880402	0.550278	0.770366	0.880402	0.660324	0.550278	0.550278	0.550278	0.550278	0.550278	0.220117	0	0	0	0	0	0	0	0	0	0.220117	0.220117	0.110059	0.220117	0.330173	0.220117	0.220117	0.220117	0.220117	0.330173	0.330173	0.330173	0.220117	0.220117	0.330173	0.330173	0.440227	0.440227	0.220117	0.220117	0.220117	0.330173	0.440227	0.440227	0.330173	0.220117	0.330173	0.330173	0.330173	0.330173	0.330173	0.330173	0.440227	0.440227	0.330173	0.330173	0.440227	0.440227	0.330173	0.330173	0.220117	0.220117	0.330173	0.330173	0.330173	0.220117	0.220117	0.440227	0.330173	0.220117	0.220117	0.220117	0.220117	0.220117	0.110059	0	0.110059	0.220117	0.110059	0	0	0	0.110059	0.220117	0	0.220117	0.110059	0	0	0	0	0	0	0	0	0	0	0	0	0	0.220117	0.220117	0.110059	0.220117	0.110059	0.220117	0.220117	0.110059	0.220117	0.220117	0.220117	0.110059	0.220117	0.220117	0	0.220117	0.220117	0.110059	0.220117	0.220117	0.220117	0.330173	0.220117	0.110059	0.220117	0.110059	0.110059	0.220117	0.110059	0	0	0.220117	0.220117	0	0	0	0	0.220117	0.220117	0	0	0	0	0	0	0	0	0	0	0	0	0.220117	0.220117	0	0	0	0	0	0	0	0	0	0	0	0.110059	0.220117	0.110059	0	0	0	0	0	0	0	0	0	0	0	0	0	0	0.220117	0.220117	0	0	0.220117	0.220117	0.110059	0.220117	0.110059	0	0.220117	0.220117	0.220117	0.220117	0.110059	0.220117	0.330173	0.220117	0.220117	0.220117	0.220117	0.220117	0.220117	0.330173	0.220117	0.330173	0.330173	0.220117	0.330173	0.330173	0.220117	0.330173	0.220117	0.220117	0.440227	0.330173	0.220117	0.110059	0.220117	0.330173	0.220117	0.110059	0.220117	0.330173	0.330173	0.330173	0.220117	0.220117	0.330173	0.440227	0.220117	0.220117	0.220117	0.110059	0.330173	0.440227	0.330173	0.330173	0.440227	0.440227	0.440227	0.330173	0.220117	0.330173	0.550278	0.440227
0.880233	0.660197	0.660197	0.880233	0.880233	0.550172	0.550172	0.550172	0.770218	0.880233	0.550172	0.770218	0.880233	0.660197	0.550172	0.550172	0.550172	0.550172	0.550172	0.220074	0	0	0	0	0	0	0	0	0	0.220074	0.220074	0.110038	0.220074	0.33011	0.220074	0.220074	0.220074	0.220074	0.33011	0.33011	0.33011	0.220074	0.220074	0.33011	0.33011	0.440142	0.440142	0.220074	0.220074	0.220074	0.33011	0.440142	0.440142	0.33011	0.220074	0.33011	0.33011	0.33011	0.33011	0.33011	0.33011	0.440142	0.440142	0.33011	0.33011	0.440142	0.440142	0.33011	0.33011	0.220074	0.220074	0.33011	0.33011	0.33011	0.220074	0.220074	0.440142	0.33011	0.220074	0.220074	0.220074	0.220074	0.220074	0.110038	0	0.110038	0.220074	0.110038	0	0	0	0.110038	0.220074	0	0.220074	0.110038	0	0	0	0	0	0	0	0	0	0	0	0	0	0.220074	0.220074	0.110038	0.220074	0.110038	0.220074	0.220074	0.110038	0.220074	0.220074	0.220074	0.110038	0.220074	0.220074	0	0.220074	0.220074	0.110038	0.220074	0.220074	0.220074	0.33011	0.220074	0.110038	0.220074	0.110038	0.110038	0.220074	0.110038	0	0	0.220074	0.220074	0	0	0	0	0.220074	0.220074	0	0	0	0	0	0	0	0	0	0	0	0	0.220074	0.220074	0	0	0	0	0	0	0	0	0	0	0	0.110038	0.220074	0.110038	0	0	0	0	0	0	0	0	0	0	0	0	0	0	0.220074	0.220074	0	0	0.220074	0.220074	0.110038	0.220074	0.110038	0	0.220074	0.220074	0.220074	0.220074	0.110038	0.220074	0.33011	0.220074	0.220074	0.220074	0.220074	0.220074	0.220074	0.33011	0.220074	0.33011	0.33011	0.220074	0.33011	0.33011	0.220074	0.33011	0.220074	0.220074	0.440142	0.33011	0.220074	0.110038	0.220074	0.33011	0.220074	0.110038	0.220074	0.33011	0.33011	0.33011	0.220074	0.220074	0.33011	0.440142	0.220074	0.220074	0.220074	0.110038	0.33011	0.440142	0.33011	0.33011	0.440142	0.440142	0.440142	0.33011	0.220074	0.33011	0.550172	0.440142
4.53495	3.97887	3.60516	3.3526	3.11907	2.93249	2.84664	2.73861	2.647	2.48618	2.25434	2.13883	1.97123	1.75725	1.6522	1.63518	1.63518	1.63518	1.63518	1.58687	1.70843	1.98652	2.28594	2.50284	2.63931	2.74907	2.83097	2.91367	3.05142	3.14028	3.16965	3.24645	3.30441	3.31351	3.33368	3.41779	3.4977	3.52322	3.53176	3.56168	3.64626	3.71637	3.80023	3.85915	3.85915	3.87004	3.87004	3.90948	3.96069	4.01872	4.10695	4.14211	4.11207	4.07739	4.12794	4.18649	4.18649	4.15714	4.07333	3.99339	3.96827	3.9187	3.80972	3.72041	3.63634	3.50716	3.37388	3.31351	3.31351	3.30441	3.30441	3.31351	3.31351	3.25387	3.13692	3.05636	2.9928	2.87144	2.75345	2.64388	2.5343	2.48377	2.48377	2.44796	2.44672	2.50525	2.50886	2.44796	2.41911	2.41911	2.41911	2.39308	2.31515	2.25435	2.31515	2.39308	2.41911	2.41911	2.41911	2.41911	2.36483	2.25502	2.19942	2.19942	2.19942	2.14519	2.03535	1.97966	1.97966	1.99183	1.99183	1.98271	1.99183	1.95702	1.93723	1.9133	1.82228	1.77353	1.74994	1.71901	1.68302	1.66451	1.66451	1.5959	1.5556	1.5556	1.5439	1.5556	1.5326	1.5012	1.58687	1.66451	1.62825	1.63381	1.62825	1.59874	1.65814	1.68302	1.5959	1.53998	1.60346	1.6884	1.65084	1.56771	1.53998	1.53998	1.60346	1.71284	1.75985	1.75985	1.75985	1.75985	1.75985	1.75985	1.73258	1.65084	1.56771	1.53998	1.53998	1.53998	1.49414	1.38491	1.32007	1.32007	1.32007	1.32007	1.32007	1.32007	1.32007	1.32007	1.32007	1.32007	1.32007	1.35008	1.43951	1.51474	1.53998	1.53998	1.53998	1.53998	1.53998	1.53998	1.53998	1.53998	1.53998	1.53998	1.5959	1.70577	1.75985	1.78754	1.82808	1.82808	1.87057	1.95238	1.99183	1.99183	1.98271	1.99183	2.01183	2.09027	2.18599	2.21038	2.21038	2.24057	2.28594	2.2899	2.2473	2.24057	2.26504	2.29517	2.34978	2.37439	2.4044	2.44147	2.42908	2.44147	2.4725	2.51367	2.51966	2.49589	2.51367	2.5812	2.62296	2.64787	2.67507	2.65924	2.64787	2.66972	2.70257	2.65299	2.59316	2.61489	2.61835	2.57418	2.55032	2.51966	2.45412	2.42908	2.38011	2.28693	2.27103	2.31971	2.2899	2.28594	2.27103	2.11541	1.97546	1.92118	1.82269	1.69421	1.6208	1.57492	1.5556	1.57492	1.56528	1.4279
4.50221	3.95385	3.57429	3.30218	3.07175	2.92266	2.82909	2.72041	2.60861	2.42674	2.23238	2.08118	1.89587	1.72218	1.63533	1.63487	1.63487	1.63487	1.63487	1.59606	1.73617	2.04014	2.31829	2.51318	2.64337	2.75292	2.8315	2.91725	3.05971	3.13968	3.1738	3.25325	3.30378	3.31288	3.33756	3.42769	3.50133	3.52255	3.53108	3.56691	3.65874	3.7197	3.80899	3.85841	3.85841	3.8693	3.8693	3.91795	3.95993	4.02692	4.11129	4.14132	4.10617	4.07661	4.13588	4.18569	4.18569	4.15273	4.06665	3.98886	3.96751	3.90874	3.79951	3.71566	3.62902	3.49359	3.36251	3.31288	3.31288	3.30378	3.30378	3.31288	3.31288	3.24583	3.13247	3.05281	2.98012	2.86247	2.74854	2.6388	2.52904	2.48329	2.48329	2.44625	2.44749	2.50838	2.50477	2.44625	2.41865	2.41865	2.41865	2.39135	2.30949	2.25392	2.30949	2.39135	2.41865	2.41865	2.41865	2.41865	2.36948	2.25994	2.199	2.199	2.199	2.1504	2.04089	1.97928	1.97928	1.99145	1.99145	1.98233	1.99145	1.96127	1.93686	1.92081	1.83515	1.77319	1.75822	1.71868	1.68808	1.66419	1.66419	1.60315	1.55531	1.55531	1.5436	1.55531	1.54213	1.50092	1.56933	1.66419	1.63349	1.62794	1.63349	1.59843	1.65052	1.68808	1.60315	1.53968	1.59559	1.6827	1.65783	1.56933	1.53968	1.53968	1.59559	1.70544	1.75951	1.75951	1.75951	1.75951	1.75951	1.75951	1.734	1.65783	1.56933	1.53968	1.53968	1.53968	1.48574	1.37588	1.31981	1.31981	1.31981	1.31981	1.31981	1.31981	1.31981	1.31981	1.31981	1.31981	1.31981	1.34758	1.43081	1.51245	1.53968	1.53968	1.53968	1.53968	1.53968	1.53968	1.53968	1.53968	1.53968	1.53968	1.60315	1.71252	1.75951	1.78889	1.82773	1.82773	1.87666	1.95355	1.99145	1.99145	1.98233	1.99145	2.01595	2.09564	2.19246	2.20995	2.20995	2.24687	2.28946	2.28551	2.24014	2.24687	2.26461	2.3013	2.35575	2.37393	2.41021	2.441	2.42861	2.441	2.48055	2.51918	2.51318	2.49541	2.51918	2.58888	2.6282	2.64736	2.67456	2.65873	2.64736	2.67259	2.70206	2.64337	2.59267	2.61785	2.61439	2.56782	2.54983	2.51318	2.44995	2.42861	2.36948	2.2706	2.28649	2.31927	2.28551	2.28946	2.25994	2.09204	1.96742	1.91293	1.79731	1.67234	1.60738	1.57462	1.55531	1.57462	1.53378	1.402
0.439892	0.219949	0	0.329922	0.439892	0.439892	0.329922	0.329922	0.439892	0.439892	0.329922	0.329922	0.439892	0.439892	0.439892	0.549859	0.549859	0.549859	0.549859	0.329922	0.439892	0.659822	0.549859	0.329922	0.219949	0.219949	0.109975	0.219949	0.329922	0.219949	0.329922	0.329922	0.219949	0.329922	0.329922	0.439892	0.329922	0.219949	0.329922	0.439892	0.549859	0.329922	0.439892	0.329922	0.329922	0.439892	0.439892	0.439892	0.219949	0.439892	0.439892	0.439892	0.329922	0.329922	0.439892	0.329922	0.329922	0.219949	0.109975	0.219949	0.329922	0.219949	0.219949	0.219949	0.109975	0.109975	0.219949	0.329922	0.329922	0.219949	0.219949	0.329922	0.329922	0.109975	0	0.109975	0.219949	0.109975	0	0	0	0.219949	0.219949	0	0.109975	0.219949	0.109975	0	0	0	0	0	0	0	0	0	0	0	0	0	0.219949	0.219949	0	0	0	0.219949	0.219949	0	0	0.219949	0.219949	0.109975	0.219949	0.219949	0.219949	0.329922	0.329922	0.219949	0.329922	0.219949	0.219949	0.219949	0.219949	0.219949	0.219949	0.219949	0.109975	0.219949	0.329922	0.219949	0	0.219949	0.219949	0.109975	0.219949	0.109975	0	0.219949	0.219949	0	0	0.109975	0.219949	0.109975	0	0	0	0	0	0	0	0	0	0	0.109975	0.219949	0.109975	0	0	0	0	0	0	0	0	0	0	0	0	0	0	0	0	0	0	0	0	0	0	0	0	0	0	0	0	0	0.219949	0.219949	0	0.109975	0.219949	0.219949	0.219949	0.109975	0.219949	0.219949	0.109975	0.219949	0.219949	0.219949	0.329922	0.219949	0.219949	0.329922	0.219949	0.109975	0.219949	0.329922	0.219949	0.329922	0.329922	0.219949	0.329922	0.329922	0.219949	0.329922	0.439892	0.329922	0.219949	0.329922	0.329922	0.439892	0.329922	0.219949	0.439892	0.329922	0.219949	0.219949	0.219949	0.109975	0.219949	0.219949	0.109975	0.219949	0.329922	0.219949	0.109975	0.219949	0.109975	0.219949	0.439892	0.219949	0.109975	0.219949	0.109975	0	0.219949	0.219949	0.109975	0.219949	0.329922	0.329922	0.219949	0.329922	0.329922	0.219949
0.439808	0.219907	0	0.329859	0.439808	0.439808	0.329859	0.329859	0.439808	0.439808	0.329859	0.329859	0.439808	0.439808	0.439808	0.549754	0.549754	0.549754	0.549754	0.329859	0.439808	0.659696	0.549754	0.329859	0.219907	0.219907	0.109954	0.219907	0.329859	0.219907	0.329859	0.329859	0.219907	0.329859	0.329859	0.439808	0.329859	0.219907	0.329859	0.439808	0.549754	0.329859	0.439808	0.329859	0.329859	0.439808	0.439808	0.439808	0.219907	0.439808	0.439808	0.439808	0.329859	0.329859	0.439808	0.329859	0.329859	0.219907	0.109954	0.219907	0.329859	0.219907	0.219907	0.219907	0.109954	0.109954	0.219907	0.329859	0.329859	0.219907	0.219907	0.329859	0.329859	0.109954	0	0.109954	0.219907	0.109954	0	0	0	0.219907	0.219907	0	0.109954	0.219907	0.109954	0	0	0	0	0	0	0	0	0	0	0	0	0	0.219907	0.219907	0	0	0	0.219907	0.219907	0	0	0.219907	0.219907	0.109954	0.219907	0.219907	0.219907	0.329859	0.329859	0.219907	0.329859	0.219907	0.219907	0.219907	0.219907	0.219907	0.219907	0.219907	0.109954	0.219907	0.329859	0.219907	0	0.219907	0.219907	0.109954	0.219907	0.109954	0	0.219907	0.219907	0	0	0.109954	0.219907	0.109954	0	0	0	0	0	0	0	0	0	0	0.109954	0.219907	0.109954	0	0	0	0	0	0	0	0	0	0	0	0	0	0	0	0	0	0	0	0	0	0	0	0	0	0	0	0	0	0.219907	0.219907	0	0.109954	0.219907	0.219907	0.219907	0.109954	0.219907	0.219907	0.109954	0.219907	0.219907	0.219907	0.329859	0.219907	0.219907	0.329859	0.219907	0.109954	0.219907	0.329859	0.219907	0.329859	0.329859	0.219907	0.329859	0.329859	0.219907	0.329859	0.439808	0.329859	0.219907	0.329859	0.329859	0.439808	0.329859	0.219907	0.439808	0.329859	0.219907	0.219907	0.219907	0.109954	0.219907	0.219907	0.109954	0.219907	0.329859	0.219907	0.109954	0.219907	0.109954	0.219907	0.439808	0.219907	0.109954	0.219907	0.109954	0	0.219907	0.219907	0.109954	0.219907	0.329859	0.329859	0.219907	0.329859	0.329859	0.219907
0.439724	0.219865	0	0.329795	0.439724	0.439724	0.329795	0.329795	0.439724	0.439724	0.329795	0.329795	0.439724	0.439724	0.439724	0.549648	0.549648	0.549648	0.549648	0.329795	0.439724	0.659569	0.549648	0.329795	0.219865	0.219865	0.109933	0.219865	0.329795	0.219865	0.329795	0.329795	0.219865	0.329795	0.329795	0.439724	0.329795	0.219865	0.329795	0.439724	0.549648	0.329795	0.439724	0.329795	0.329795	0.439724	0.439724	0.439724	0.219865	0.439724	0.439724	0.439724	0.329795	0.329795	0.439724	0.329795	0.329795	0.219865	0.109933	0.219865	0.329795	0.219865	0.219865	0.219865	0.109933	0.109933	0.219865	0.329795	0.329795	0.219865	0.219865	0.329795	0.329795	0.109933	0	0.109933	0.219865	0.109933	0	0	0	0.219865	0.219865	0	0.109933	0.219865	0.109933	0	0	0	0	0	0	0	0	0	0	0	0	0	0.219865	0.219865	0	0	0	0.219865	0.219865	0	0	0.219865	0.219865	0.109933	0.219865	0.219865	0.219865	0.329795	0.329795	0.219865	0.329795	0.219865	0.219865	0.219865	0.219865	0.219865	0.219865	0.219865	0.109933	0.219865	0.329795	0.219865	0	0.219865	0.219865	0.109933	0.219865	0.109933	0	0.219865	0.219865	0	0	0.109933	0.219865	0.109933	0	0	0	0	0	0	0	0	0	0	0.109933	0.219865	0.109933	0	0	0	0	0	0	0	0	0	0	0	0	0	0	0	0	0	0	0	0	0	0	0	0	0	0	0	0	0	0.219865	0.219865	0	0.109933	0.219865	0.219865	0.219865	0.109933	0.219865	0.219865	0.109933	0.219865	0.219865	0.219865	0.329795	0.219865	0.219865	0.329795	0.219865	0.109933	0.219865	0.329795	0.219865	0.329795	0.329795	0.219865	0.329795	0.329795	0.219865	0.329795	0.439724	0.329795	0.219865	0.329795	0.329795	0.439724	0.329795	0.219865	0.439724	0.329795	0.219865	0.219865	0.219865	0.109933	0.219865	0.219865	0.109933	0.219865	0.329795	0.219865	0.109933	0.219865	0.109933	0.219865	0.439724	0.219865	0.109933	0.219865	0.109933	0	0.219865	0.219865	0.109933	0.219865	0.329795	0.329795	0.219865	0.329795	0.329795	0.219865
0.439639	0.219823	0	0.329732	0.439639	0.439639	0.329732	0.329732	0.439639	0.439639	0.329732	0.329732	0.439639	0.439639	0.439639	0.549543	0.549543	0.549543	0.549543	0.329732	0.439639	0.659443	0.549543	0.329732	0.219823	0.219823	0.109912	0.219823	0.329732	0.219823	0.329732	0.329732	0.219823	0.329732	0.329732	0.439639	0.329732	0.219823	0.329732	0.439639	0.549543	0.329732	0.439639	0.329732	0.329732	0.439639	0.439639	0.439639	0.219823	0.439639	0.439639	0.439639	0.329732	0.329732	0.439639	0.329732	0.329732	0.219823	0.109912	0.219823	0.329732	0.219823	0.219823	0.219823	0.109912	0.109912	0.219823	0.329732	0.329732	0.219823	0.219823	0.329732	0.329732	0.109912	0	0.109912	0.219823	0.109912	0	0	0	0.219823	0.219823	0	0.109912	0.219823	0.109912	0	0	0	0	0	0	0	0	0	0	0	0	0	0.219823	0.219823	0	0	0	0.219823	0.219823	0	0	0.219823	0.219823	0.109912	0.219823	0.219823	0.219823	0.329732	0.329732	0.219823	0.329732	0.219823	0.219823	0.219823	0.219823	0.219823	0.219823	0.219823	0.109912	0.219823	0.329732	0.219823	0	0.219823	0.219823	0.109912	0.219823	0.109912	0	0.219823	0.219823	0	0	0.109912	0.219823	0.109912	0	0	0	0	0	0	0	0	0	0	0.109912	0.219823	0.109912	0	0	0	0	0	0	0	0	0	0	0	0	0	0	0	0	0	0	0	0	0	0	0	0	0	0	0	0	0	0.219823	0.219823	0	0.109912	0.219823	0.219823	0.219823	0.109912	0.219823	0.219823	0.109912	0.219823	0.219823	0.219823	0.329732	0.219823	0.219823	0.329732	0.219823	0.109912	0.219823	0.329732	0.219823	0.329732	0.329732	0.219823	0.329732	0.329732	0.219823	0.329732	0.439639	0.329732	0.219823	0.329732	0.329732	0.439639	0.329732	0.219823	0.439639	0.329732	0.219823	0.219823	0.219823	0.109912	0.219823	0.219823	0.109912	0.219823	0.329732	0.219823	0.109912	0.219823	0.109912	0.219823	0.439639	0.219823	0.109912	0.219823	0.109912	0	0.219823	0.219823	0.109912	0.219823	0.329732	0.329732	0.219823	0.329732	0.329732	0.219823
0.439555	0.219781	0	0.329669	0.439555	0.439555	0.329669	0.329669	0.439555	0.439555	0.329669	0.329669	0.439555	0.439555	0.439555	0.549437	0.549437	0.549437	0.549437	0.329669	0.439555	0.659316	0.549437	0.329669	0.219781	0.219781	0.109891	0.219781	0.329669	0.219781	0.329669	0.329669	0.219781	0.329669	0.329669	0.439555	0.329669	0.219781	0.329669	0.439555	0.549437	0.329669	0.439555	0.329669	0.329669	0.439555	0.439555	0.439555	0.219781	0.439555	0.439555	0.439555	0.329669	0.329669	0.439555	0.329669	0.329669	0.219781	0.109891	0.219781	0.329669	0.219781	0.219781	0.219781	0.109891	0.109891	0.219781	0.329669	0.329669	0.219781	0.219781	0.329669	0.329669	0.109891	0	0.109891	0.219781	0.109891	0	0	0	0.219781	0.219781	0	0.109891	0.219781	0.109891	0	0	0	0	0	0	0	0	0	0	0	0	0	0.219781	0.219781	0	0	0	0.219781	0.219781	0	0	0.219781	0.219781	0.109891	0.219781	0.219781	0.219781	0.329669	0.329669	0.219781	0.329669	0.219781	0.219781	0.219781	0.219781	0.219781	0.219781	0.219781	0.109891	0.219781	0.329669	0.219781	0	0.219781	0.219781	0.109891	0.219781	0.109891	0	0.219781	0.219781	0	0	0.109891	0.219781	0.109891	0	0	0	0	0	0	0	0	0	0	0.109891	0.219781	0.109891	0	0	0	0	0	0	0	0	0	0	0	0	0	0	0	0	0	0	0	0	0	0	0	0	0	0	0	0	0	0.219781	0.219781	0	0.109891	0.219781	0.219781	0.219781	0.109891	0.219781	0.219781	0.109891	0.219781	0.219781	0.219781	0.329669	0.219781	0.219781	0.329669	0.219781	0.109891	0.219781	0.329669	0.219781	0.329669	0.329669	0.219781	0.329669	0.329669	0.219781	0.329669	0.439555	0.329669	0.219781	0.329669	0.329669	0.439555	0.329669	0.219781	0.439555	0.329669	0.219781	0.219781	0.219781	0.109891	0.219781	0.219781	0.109891	0.219781	0.329669	0.219781	0.109891	0.219781	0.109891	0.219781	0.439555	0.219781	0.109891	0.219781	0.109891	0	0.219781	0.219781	0.109891	0.219781	0.329669	0.329669	0.219781	0.329669	0.329669	0.219781
0.439471	0.219739	0	0.329606	0.439471	0.439471	0.329606	0.329606	0.439471	0.439471	0.329606	0.329606	0.439471	0.439471	0.439471	0.549332	0.549332	0.549332	0.549332	0.329606	0.439471	0.65919	0.549332	0.329606	0.219739	0.219739	0.10987	0.219739	0.329606	0.219739	0.329606	0.329606	0.219739	0.329606	0.329606	0.439471	0.329606	0.219739	0.329606	0.439471	0.549332	0.329606	0.439471	0.329606	0.329606	0.439471	0.439471	0.439471	0.219739	0.439471	0.439471	0.439471	0.329606	0.329606	0.439471	0.329606	0.329606	0.219739	0.10987	0.219739	0.329606	0.219739	0.219739	0.219739	0.10987	0.10987	0.219739	0.329606	0.329606	0.219739	0.219739	0.329606	0.329606	0.10987	0	0.10987	0.219739	0.10987	0	0	0	0.219739	0.219739	0	0.10987	0.219739	0.10987	0	0	0	0	0	0	0	0	0	0	0	0	0	0.219739	0.219739	0	0	0	0.219739	0.219739	0	0	0.219739	0.219739	0.10987	0.219739	0.219739	0.219739	0.329606	0.329606	0.219739	0.329606	0.219739	0.219739	0.219739	0.219739	0.219739	0.219739	0.219739	0.10987	0.219739	0.329606	0.219739	0	0.219739	0.219739	0.10987	0.219739	0.10987	0	0.219739	0.219739	0	0	0.10987	0.219739	0.10987	0	0	0	0	0	0	0	0	0	0	0.10987	0.219739	0.10987	0	0	0	0	0	0	0	0	0	0	0	0	0	0	0	0	0	0	0	0	0	0	0	0	0	0	0	0	0	0.219739	0.219739	0	0.10987	0.219739	0.219739	0.219739	0.10987	0.219739	0.219739	0.10987	0.219739	0.219739	0.219739	0.329606	0.219739	0.219739	0.329606	0.219739	0.10987	0.219739	0.329606	0.219739	0.329606	0.329606	0.219739	0.329606	0.329606	0.219739	0.329606	0.439471	0.329606	0.219739	0.329606	0.329606	0.439471	0.329606	0.219739	0.439471	0.329606	0.219739	0.219739	0.219739	0.10987	0.219739	0.219739	0.10987	0.219739	0.329606	0.219739	0.10987	0.219739	0.10987	0.219739	0.439471	0.219739	0.10987	0.219739	0.10987	0	0.219739	0.219739	0.10987	0.219739	0.329606	0.329606	0.219739	0.329606	0.329606	0.219739
2.27725	2.24932	2.18274	2.07369	1.89573	1.71243	1.5779	1.51317	1.52012	1.52012	1.47573	1.46535	1.49387	1.49387	1.45968	1.42532	1.36661	1.33409	1.34534	1.3126	1.38074	1.47354	1.4099	1.31533	1.33015	1.42705	1.51914	1.59594	1.62622	1.63869	1.69618	1.72306	1.71639	1.74996	1.77688	1.8112	1.81991	1.8406	1.86872	1.89115	1.90257	1.8577	1.87465	1.84172	1.87375	1.91785	1.91785	1.93437	1.93758	1.98168	1.9549	1.94456	1.90692	1.89573	1.91785	1.89573	1.89573	1.87977	1.87014	1.84948	1.79418	1.71309	1.65857	1.60407	1.55432	1.52693	1.49514	1.4432	1.36261	1.27769	1.22344	1.19223	1.15611	1.10391	1.09844	1.08896	1.06108	1.00694	0.988616	0.988616	0.988616	0.980188	0.926404	0.878788	0.870381	0.845996	0.788562	0.768954	0.768954	0.768954	0.768954	0.768954	0.768954	0.768954	0.768954	0.768954	0.768954	0.768954	0.768954	0.768954	0.799716	0.799716	0.768954	0.768954	0.755349	0.77335	0.7828	0.742003	0.687123	0.694758	0.694758	0.668203	0.694758	0.694758	0.694758	0.736892	0.736892	0.694758	0.736892	0.686294	0.668763	0.677447	0.694758	0.686294	0.668763	0.668763	0.630157	0.65134	0.718499	0.694758	0.63225	0.64289	0.660253	0.668203	0.694758	0.668203	0.659114	0.712974	0.747062	0.687123	0.659114	0.679674	0.739454	0.761315	0.768954	0.742003	0.687123	0.659114	0.659114	0.659114	0.659114	0.659114	0.659114	0.659114	0.679674	0.739454	0.761315	0.768954	0.768954	0.768954	0.768954	0.768954	0.768954	0.768954	0.755349	0.714562	0.672984	0.659114	0.659114	0.659114	0.659114	0.659114	0.659114	0.659114	0.659114	0.659114	0.659114	0.659114	0.687123	0.742003	0.768954	0.768954	0.782804	0.824329	0.865168	0.878788	0.905826	0.905826	0.878788	0.885625	0.905826	0.905826	0.905826	0.916586	0.975754	0.98594	0.982687	1.02916	1.05591	1.08271	1.10339	1.06639	1.09912	1.14678	1.13638	1.16148	1.2171	1.25236	1.26016	1.30541	1.2887	1.25507	1.2621	1.25236	1.22805	1.25236	1.26806	1.20902	1.19017	1.2259	1.20902	1.21648	1.15611	1.12018	1.18302	1.14678	1.12018	1.10408	1.09327	1.09172	1.08809	1.06639	1.06445	1.06108	1.01662	0.942741	0.928235	0.942741	0.897676	0.905826	0.945725	0.819279	0.776759	0.799716	0.776759	0.782804	0.826152	0.809324	0.761315	0.739454	0.72503	0.693938	0.625348	0.608225	0.556079	0.491277
4.48316	4.47515	4.36069	4.11181	3.72918	3.34801	3.10422	2.97106	2.94106	2.94106	2.8938	2.8723	2.88691	2.88691	2.81788	2.68916	2.56245	2.49177	2.5158	2.56245	2.65313	2.71517	2.65313	2.56671	2.63494	2.83278	3.03559	3.1665	3.19894	3.2534	3.34094	3.39531	3.408	3.44969	3.50407	3.53763	3.59192	3.65741	3.68915	3.70052	3.6803	3.66724	3.66724	3.63468	3.70052	3.75482	3.75482	3.78871	3.85257	3.88482	3.83042	3.80913	3.76649	3.74363	3.75482	3.74363	3.74363	3.73561	3.73079	3.67612	3.54155	3.40271	3.29331	3.18388	3.10035	3.0456	2.96498	2.83079	2.66671	2.527	2.41747	2.31575	2.23994	2.1984	2.19566	2.16894	2.08886	2.00446	1.97628	1.97628	1.97628	1.92456	1.81503	1.75684	1.73028	1.65075	1.56575	1.53735	1.53735	1.53735	1.53735	1.53735	1.53735	1.53735	1.53735	1.53735	1.53735	1.53735	1.53735	1.53735	1.55295	1.55295	1.53735	1.53735	1.51091	1.49864	1.51886	1.48653	1.37708	1.33598	1.33598	1.32238	1.33598	1.33598	1.33598	1.35835	1.35835	1.33598	1.35835	1.31924	1.28187	1.30083	1.33598	1.31924	1.28187	1.28187	1.2464	1.2464	1.31924	1.33598	1.26768	1.22782	1.26768	1.32238	1.33598	1.32238	1.31781	1.37708	1.44437	1.37708	1.31781	1.34637	1.4318	1.51091	1.53735	1.48653	1.37708	1.31781	1.31781	1.31781	1.31781	1.31781	1.31781	1.31781	1.34637	1.4318	1.51091	1.53735	1.53735	1.53735	1.53735	1.53735	1.53735	1.53735	1.51091	1.4318	1.34637	1.31781	1.31781	1.31781	1.31781	1.31781	1.31781	1.31781	1.31781	1.31781	1.31781	1.31781	1.37708	1.48653	1.53735	1.53735	1.56575	1.65075	1.73028	1.75684	1.7705	1.7705	1.75684	1.76027	1.7705	1.7705	1.7705	1.82496	1.91377	1.93392	1.95579	2.0224	2.07676	2.13113	2.13113	2.09749	2.16598	2.2202	2.23994	2.31575	2.40327	2.4373	2.49163	2.54597	2.51222	2.47952	2.45774	2.4373	2.42493	2.4373	2.41825	2.34881	2.34881	2.38299	2.34881	2.31005	2.23994	2.2066	2.2391	2.2202	2.2066	2.17448	2.15204	2.17448	2.14363	2.09749	2.1198	2.08886	1.95579	1.84649	1.84649	1.84649	1.78512	1.7705	1.73353	1.59601	1.54126	1.55295	1.54126	1.56575	1.60729	1.57343	1.51091	1.4318	1.33598	1.2656	1.19201	1.08338	0.959016	0.905659
2.26248	2.25849	2.20046	2.07291	1.89502	1.67983	1.55132	1.48852	1.51955	1.51955	1.45978	1.4648	1.49331	1.49331	1.42149	1.35656	1.31211	1.30274	1.3813	1.3661	1.40938	1.47299	1.38022	1.29754	1.39919	1.52449	1.58836	1.60944	1.62561	1.67083	1.71409	1.74067	1.71574	1.76728	1.79392	1.81052	1.85852	1.85214	1.86802	1.89044	1.88036	1.87395	1.85701	1.84103	1.91123	1.91713	1.91713	1.95454	1.96463	1.96492	1.93792	1.94383	1.89433	1.89502	1.91713	1.89502	1.89502	1.87907	1.86943	1.83899	1.7707	1.70187	1.64701	1.59216	1.55083	1.5234	1.48244	1.41419	1.33191	1.26298	1.20811	1.16105	1.13596	1.1035	1.09802	1.08439	1.0435	1.00206	0.988245	0.988245	0.988245	0.961191	0.906321	0.878458	0.864843	0.82402	0.78251	0.768665	0.768665	0.768665	0.768665	0.768665	0.768665	0.768665	0.768665	0.768665	0.768665	0.768665	0.768665	0.768665	0.799415	0.799415	0.768665	0.768665	0.761029	0.773059	0.764979	0.765715	0.712706	0.694497	0.694497	0.667952	0.694497	0.694497	0.694497	0.736615	0.736615	0.694497	0.736615	0.718229	0.668512	0.65686	0.694497	0.718229	0.668512	0.668512	0.651095	0.62992	0.686036	0.694497	0.660005	0.642648	0.632012	0.667952	0.694497	0.667952	0.658866	0.686865	0.746782	0.712706	0.658866	0.672731	0.714294	0.755065	0.768665	0.765715	0.712706	0.658866	0.658866	0.658866	0.658866	0.658866	0.658866	0.658866	0.672731	0.714294	0.755065	0.768665	0.768665	0.768665	0.768665	0.768665	0.768665	0.768665	0.761029	0.739176	0.679418	0.658866	0.658866	0.658866	0.658866	0.658866	0.658866	0.658866	0.658866	0.658866	0.658866	0.658866	0.712706	0.765715	0.768665	0.768665	0.788266	0.845678	0.870054	0.878458	0.905486	0.905486	0.878458	0.885292	0.905486	0.905486	0.905486	0.954892	0.998288	0.985569	0.996025	1.05051	1.07671	1.10298	1.0823	1.06599	1.147	1.14635	1.15568	1.19178	1.23508	1.25189	1.30202	1.30491	1.27055	1.2546	1.24359	1.25189	1.22759	1.25189	1.24237	1.18973	1.20857	1.22543	1.18973	1.18972	1.13596	1.11976	1.18257	1.14635	1.11976	1.09131	1.09286	1.10367	1.07093	1.06599	1.07672	1.0435	0.975391	0.927886	0.942387	0.927886	0.892287	0.905486	0.886139	0.796587	0.776467	0.799415	0.776467	0.788266	0.825842	0.79208	0.755065	0.714294	0.673009	0.660288	0.603027	0.536918	0.486471	0.491092
0.329356	0.329356	0.329356	0.329356	0.439137	0.219572	0	0.109786	0.439137	0.439137	0.219572	0.329356	0.439137	0.439137	0.219572	0.219572	0.329356	0.439137	0.65869	0.548915	0.548915	0.65869	0.439137	0.219572	0.548915	0.65869	0.548915	0.329356	0.329356	0.439137	0.439137	0.439137	0.219572	0.439137	0.439137	0.439137	0.548915	0.329356	0.329356	0.439137	0.439137	0.439137	0.329356	0.329356	0.548915	0.439137	0.439137	0.548915	0.439137	0.329356	0.329356	0.439137	0.219572	0.329356	0.439137	0.329356	0.329356	0.219572	0.109786	0	0	0	0	0	0	0	0	0	0	0	0	0.109786	0.219572	0.109786	0	0	0	0	0	0	0	0	0	0	0	0	0	0	0	0	0	0	0	0	0	0	0	0	0	0	0.219572	0.219572	0	0	0.109786	0.219572	0.109786	0.219572	0.219572	0.219572	0.219572	0.109786	0.219572	0.219572	0.219572	0.329356	0.329356	0.219572	0.329356	0.329356	0.219572	0.109786	0.219572	0.329356	0.219572	0.219572	0.219572	0.109786	0.219572	0.219572	0.219572	0.219572	0	0.109786	0.219572	0.109786	0	0	0.219572	0.219572	0	0	0	0	0	0.219572	0.219572	0	0	0	0	0	0	0	0	0	0	0	0	0	0	0	0	0	0.109786	0.219572	0.109786	0	0	0	0	0	0	0	0	0	0	0	0.219572	0.219572	0	0	0.109786	0.219572	0.109786	0	0.219572	0.219572	0	0.109786	0.219572	0.219572	0.219572	0.329356	0.329356	0.219572	0.219572	0.329356	0.329356	0.329356	0.219572	0.219572	0.439137	0.329356	0.329356	0.329356	0.329356	0.329356	0.439137	0.329356	0.219572	0.219572	0.219572	0.329356	0.219572	0.329356	0.329356	0.219572	0.329356	0.329356	0.219572	0.329356	0.219572	0.219572	0.439137	0.329356	0.219572	0.109786	0.219572	0.219572	0	0.219572	0.219572	0	0	0.109786	0.219572	0.109786	0	0.219572	0.219572	0	0.109786	0.219572	0.109786	0.109786	0.219572	0.109786	0	0	0.109786	0.219572	0.109786	0	0.109786	0.219572
0.329293	0.329293	0.329293	0.329293	0.439053	0.21953	0	0.109765	0.439053	0.439053	0.21953	0.329293	0.439053	0.439053	0.21953	0.21953	0.329293	0.439053	0.658563	0.54881	0.54881	0.658563	0.439053	0.21953	0.54881	0.658563	0.54881	0.329293	0.329293	0.439053	0.439053	0.439053	0.21953	0.439053	0.439053	0.439053	0.54881	0.329293	0.329293	0.439053	0.439053	0.439053	0.329293	0.329293	0.54881	0.439053	0.439053	0.54881	0.439053	0.329293	0.329293	0.439053	0.21953	0.329293	0.439053	0.329293	0.329293	0.21953	0.109765	0	0	0	0	0	0	0	0	0	0	0	0	0.109765	0.21953	0.109765	0	0	0	0	0	0	0	0	0	0	0	0	0	0	0	0	0	0	0	0	0	0	0	0	0	0	0.21953	0.21953	0	0	0.109765	0.21953	0.109765	0.21953	0.21953	0.21953	0.21953	0.109765	0.21953	0.21953	0.21953	0.329293	0.329293	0.21953	0.329293	0.329293	0.21953	0.109765	0.21953	0.329293	0.21953	0.21953	0.21953	0.109765	0.21953	0.21953	0.21953	0.21953	0	0.109765	0.21953	0.109765	0	0	0.21953	0.21953	0	0	0	0	0	0.21953	0.21953	0	0	0	0	0	0	0	0	0	0	0	0	0	0	0	0	0	0.109765	0.21953	0.109765	0	0	0	0	0	0	0	0	0	0	0	0.21953	0.21953	0	0	0.109765	0.21953	0.109765	0	0.21953	0.21953	0	0.109765	0.21953	0.21953	0.21953	0.329293	0.329293	0.21953	0.21953	0.329293	0.329293	0.329293	0.21953	0.21953	0.439053	0.329293	0.329293	0.329293	0.329293	0.329293	0.439053	0.329293	0.21953	0.21953	0.21953	0.329293	0.21953	0.329293	0.329293	0.21953	0.329293	0.329293	0.21953	0.329293	0.21953	0.21953	0.439053	0.329293	0.21953	0.109765	0.21953	0.21953	0	0.21953	0.21953	0	0	0.109765	0.21953	0.109765	0	0.21953	0.21953	0	0.109765	0.21953	0.109765	0.109765	0.21953	0.109765	0	0	0.109765	0.21953	0.109765	0	0.109765	0.21953
0.329229	0.329229	0.329229	0.329229	0.438969	0.219488	0	0.109744	0.438969	0.438969	0.219488	0.329229	0.438969	0.438969	0.219488	0.219488	0.329229	0.438969	0.658437	0.548705	0.548705	0.658437	0.438969	0.219488	0.548705	0.658437	0.548705	0.329229	0.329229	0.438969	0.438969	0.438969	0.219488	0.438969	0.438969	0.438969	0.548705	0.329229	0.329229	0.438969	0.438969	0.438969	0.329229	0.329229	0.548705	0.438969	0.438969	0.548705	0.438969	0.329229	0.329229	0.438969	0.219488	0.329229	0.438969	0.329229	0.329229	0.219488	0.109744	0	0	0	0	0	0	0	0	0	0	0	0	0.109744	0.219488	0.109744	0	0	0	0	0	0	0	0	0	0	0	0	0	0	0	0	0	0	0	0	0	0	0	0	0	0	0.219488	0.219488	0	0	0.109744	0.219488	0.109744	0.219488	0.219488	0.219488	0.219488	0.109744	0.219488	0.219488	0.219488	0.329229	0.329229	0.219488	0.329229	0.329229	0.219488	0.109744	0.219488	0.329229	0.219488	0.219488	0.219488	0.109744	0.219488	0.219488	0.219488	0.219488	0	0.109744	0.219488	0.109744	0	0	0.219488	0.219488	0	0	0	0	0	0.219488	0.219488	0	0	0	0	0	0	0	0	0	0	0	0	0	0	0	0	0	0.109744	0.219488	0.109744	0	0	0	0	0	0	0	0	0	0	0	0.219488	0.219488	0	0	0.109744	0.219488	0.109744	0	0.219488	0.219488	0	0.109744	0.219488	0.219488	0.219488	0.329229	0.329229	0.219488	0.219488	0.329229	0.329229	0.329229	0.219488	0.219488	0.438969	0.329229	0.329229	0.329229	0.329229	0.329229	0.438969	0.329229	0.219488	0.219488	0.219488	0.329229	0.219488	0.329229	0.329229	0.219488	0.329229	0.329229	0.219488	0.329229	0.219488	0.219488	0.438969	0.329229	0.219488	0.109744	0.219488	0.219488	0	0.219488	0.219488	0	0	0.109744	0.219488	0.109744	0	0.219488	0.219488	0	0.109744	0.219488	0.109744	0.109744	0.219488	0.109744	0	0	0.109744	0.219488	0.109744	0	0.109744	0.219488
0.329166	0.329166	0.329166	0.329166	0.438885	0.219446	0	0.109723	0.438885	0.438885	0.219446	0.329166	0.438885	0.438885	0.219446	0.219446	0.329166	0.438885	0.658311	0.5486	0.5486	0.658311	0.438885	0.219446	0.5486	0.658311	0.5486	0.329166	0.329166	0.438885	0.438885	0.438885	0.219446	0.438885	0.438885	0.438885	0.5486	0.329166	0.329166	0.438885	0.438885	0.438885	0.329166	0.329166	0.5486	0.438885	0.438885	0.5486	0.438885	0.329166	0.329166	0.438885	0.219446	0.329166	0.438885	0.329166	0.329166	0.219446	0.109723	0	0	0	0	0	0	0	0	0	0	0	0	0.109723	0.219446	0.109723	0	0	0	0	0	0	0	0	0	0	0	0	0	0	0	0	0	0	0	0	0	0	0	0	0	0	0.219446	0.219446	0	0	0.109723	0.219446	0.109723	0.219446	0.219446	0.219446	0.219446	0.109723	0.219446	0.219446	0.219446	0.329166	0.329166	0.219446	0.329166	0.329166	0.219446	0.109723	0.219446	0.329166	0.219446	0.219446	0.219446	0.109723	0.219446	0.219446	0.219446	0.219446	0	0.109723	0.219446	0.109723	0	0	0.219446	0.219446	0	0	0	0	0	0.219446	0.219446	0	0	0	0	0	0	0	0	0	0	0	0	0	0	0	0	0	0.109723	0.219446	0.109723	0	0	0	0	0	0	0	0	0	0	0	0.219446	0.219446	0	0	0.109723	0.219446	0.109723	0	0.219446	0.219446	0	0.109723	0.219446	0.219446	0.219446	0.329166	0.329166	0.219446	0.219446	0.329166	0.329166	0.329166	0.219446	0.219446	0.438885	0.329166	0.329166	0.329166	0.329166	0.329166	0.438885	0.329166	0.219446	0.219446	0.219446	0.329166	0.219446	0.329166	0.329166	0.219446	0.329166	0.329166	0.219446	0.329166	0.219446	0.219446	0.438885	0.329166	0.219446	0.109723	0.219446	0.219446	0	0.219446	0.219446	0	0	0.109723	0.219446	0.109723	0	0.219446	0.219446	0	0.109723	0.219446	0.109723	0.109723	0.219446	0.109723	0	0	0.109723	0.219446	0.109723	0	0.109723	0.219446
0.329103	0.329103	0.329103	0.329103	0.438801	0.219404	0	0.109702	0.438801	0.438801	0.219404	0.329103	0.438801	0.438801	0.219404	0.219404	0.329103	0.438801	0.658185	0.548495	0.548495	0.658185	0.438801	0.219404	0.548495	0.658185	0.548495	0.329103	0.329103	0.438801	0.438801	0.438801	0.219404	0.438801	0.438801	0.438801	0.548495	0.329103	0.329103	0.438801	0.438801	0.438801	0.329103	0.329103	0.548495	0.438801	0.438801	0.548495	0.438801	0.329103	0.329103	0.438801	0.219404	0.329103	0.438801	0.329103	0.329103	0.219404	0.109702	0	0	0	0	0	0	0	0	0	0	0	0	0.109702	0.219404	0.109702	0	0	0	0	0	0	0	0	0	0	0	0	0	0	0	0	0	0	0	0	0	0	0	0	0	0	0.219404	0.219404	0	0	0.109702	0.219404	0.109702	0.219404	0.219404	0.219404	0.219404	0.109702	0.219404	0.219404	0.219404	0.329103	0.329103	0.219404	0.329103	0.329103	0.219404	0.109702	0.219404	0.329103	0.219404	0.219404	0.219404	0.109702	0.219404	0.219404	0.219404	0.219404	0	0.109702	0.219404	0.109702	0	0	0.219404	0.219404	0	0	0	0	0	0.219404	0.219404	0	0	0	0	0	0	0	0	0	0	0	0	0	0	0	0	0	0.109702	0.219404	0.109702	0	0	0	0	0	0	0	0	0	0	0	0.219404	0.219404	0	0	0.109702	0.219404	0.109702	0	0.219404	0.219404	0	0.109702	0.219404	0.219404	0.219404	0.329103	0.329103	0.219404	0.219404	0.329103	0.329103	0.329103	0.219404	0.219404	0.438801	0.329103	0.329103	0.329103	0.329103	0.329103	0.438801	0.329103	0.219404	0.219404	0.219404	0.329103	0.219404	0.329103	0.329103	0.219404	0.329103	0.329103	0.219404	0.329103	0.219404	0.219404	0.438801	0.329103	0.219404	0.109702	0.219404	0.219404	0	0.219404	0.219404	0	0	0.109702	0.219404	0.109702	0	0.219404	0.219404	0	0.109702	0.219404	0.109702	0.109702	0.219404	0.109702	0	0	0.109702	0.219404	0.109702	0	0.109702	0.219404
1.87631	1.81197	1.83422	1.87701	1.9356	1.95567	1.97363	1.96228	1.92997	1.82271	1.71048	1.65638	1.63262	1.65694	1.6789	1.72915	1.75812	1.79855	1.87369	1.83809	1.83809	1.87369	1.82508	1.81063	1.8734	1.86425	1.77765	1.72044	1.73121	1.75533	1.75533	1.72207	1.65944	1.70233	1.71913	1.72882	1.74256	1.6936	1.70432	1.72882	1.74557	1.73868	1.72044	1.73121	1.73435	1.67587	1.6591	1.62986	1.5365	1.47348	1.46312	1.49159	1.44244	1.4304	1.40496	1.32344	1.2536	1.16747	1.11461	1.09676	1.09676	1.09676	1.09676	1.08314	1.0423	1.00091	0.98711	0.960087	0.90528	0.877449	0.877449	0.839129	0.75842	0.678638	0.65811	0.65811	0.65811	0.644546	0.603894	0.562309	0.548432	0.548432	0.548432	0.548432	0.548432	0.548432	0.548432	0.548432	0.548432	0.548432	0.548432	0.548432	0.548432	0.548432	0.548432	0.548432	0.548432	0.548432	0.548432	0.548432	0.598574	0.616213	0.562309	0.548432	0.559291	0.59067	0.559291	0.606994	0.64191	0.633954	0.616213	0.586203	0.616213	0.608538	0.59067	0.639556	0.639556	0.59067	0.639556	0.644534	0.616213	0.575523	0.606994	0.699093	0.6937	0.6937	0.6937	0.667185	0.702585	0.719763	0.728846	0.75519	0.713474	0.694245	0.728846	0.710039	0.671959	0.65811	0.702585	0.719763	0.671959	0.65811	0.65811	0.65811	0.65811	0.711887	0.764835	0.767782	0.767782	0.767782	0.767782	0.767782	0.767782	0.767782	0.767782	0.740872	0.686076	0.65811	0.65811	0.65811	0.65811	0.65811	0.65811	0.65811	0.678638	0.738327	0.760155	0.767782	0.767782	0.767782	0.767782	0.767782	0.781611	0.823073	0.86385	0.877449	0.877449	0.877449	0.871428	0.834634	0.823073	0.86385	0.869055	0.877873	0.872508	0.891263	0.931066	0.931066	0.932684	0.96594	0.984437	1.00091	1.01118	1.00596	0.971172	0.947671	0.974267	1.01452	0.997141	0.971172	0.947671	0.974267	1.01895	0.962815	0.962815	0.945284	0.937097	0.937097	0.944284	0.885966	0.868186	0.894626	0.937903	0.988623	0.957731	0.971172	0.945284	0.904446	0.937097	0.919485	0.861232	0.868182	0.841808	0.851354	0.895246	0.835303	0.798497	0.775575	0.764835	0.728846	0.713474	0.75519	0.711887	0.65811	0.65811	0.651506	0.633066	0.602334	0.631286	0.659247	0.606994	0.548432	0.543265	0.529595	0.462526	0.435739	0.429214	0.390219	0.412242	0.43875	0.435739	0.429214	0.372978	0.384886	0.425701	0.429214
3.70943	3.57477	3.62091	3.70631	3.79233	3.88883	3.94187	3.91497	3.78444	3.56639	3.39754	3.26328	3.17303	3.22393	3.33586	3.434	3.46599	3.5124	3.56596	3.54746	3.54746	3.56596	3.56649	3.59739	3.62059	3.54746	3.42386	3.39015	3.4116	3.42386	3.42386	3.35721	3.29376	3.31549	3.35018	3.36967	3.35018	3.33586	3.35721	3.36967	3.40424	3.39015	3.39015	3.4116	3.33586	3.26133	3.2273	3.11877	2.97662	2.8894	2.86793	2.88252	2.85746	2.80292	2.70496	2.5848	2.4442	2.30443	2.22037	2.19232	2.19232	2.19232	2.19232	2.16564	2.08568	2.00141	1.97327	1.92163	1.81226	1.75417	1.75417	1.67288	1.48021	1.34432	1.3158	1.3158	1.3158	1.28957	1.21116	1.1253	1.09656	1.09656	1.09656	1.09656	1.09656	1.09656	1.09656	1.09656	1.09656	1.09656	1.09656	1.09656	1.09656	1.09656	1.09656	1.09656	1.09656	1.09656	1.09656	1.09656	1.13594	1.17207	1.1253	1.09656	1.10203	1.11827	1.10203	1.15658	1.22595	1.21022	1.17207	1.15658	1.17207	1.1569	1.11827	1.14482	1.14482	1.11827	1.14482	1.1569	1.17207	1.13594	1.15658	1.27992	1.33394	1.33394	1.33394	1.32036	1.35323	1.38803	1.40765	1.46209	1.42962	1.37498	1.40765	1.40765	1.34432	1.3158	1.35323	1.38803	1.34432	1.3158	1.3158	1.3158	1.3158	1.37498	1.48426	1.53501	1.53501	1.53501	1.53501	1.53501	1.53501	1.53501	1.53501	1.48426	1.37498	1.3158	1.3158	1.3158	1.3158	1.3158	1.3158	1.3158	1.34432	1.42962	1.5086	1.53501	1.53501	1.53501	1.53501	1.53501	1.56337	1.64824	1.72764	1.75417	1.75417	1.75417	1.70291	1.62553	1.64824	1.72764	1.72764	1.71346	1.73458	1.7824	1.82218	1.82218	1.86694	1.92163	1.93098	1.96507	1.9854	1.93098	1.85666	1.85666	1.91085	1.94646	1.91085	1.85666	1.85666	1.91085	1.8925	1.83858	1.83858	1.8025	1.78471	1.78471	1.73089	1.67714	1.69429	1.74837	1.83858	1.8925	1.87657	1.85666	1.8025	1.76781	1.78471	1.74837	1.68005	1.64025	1.64025	1.65914	1.62345	1.56983	1.55058	1.53892	1.48426	1.40765	1.42962	1.46209	1.37498	1.3158	1.3158	1.28957	1.21116	1.1902	1.26575	1.26575	1.15658	1.09656	1.07056	0.993	0.906358	0.851643	0.775433	0.758281	0.829742	0.877288	0.851643	0.775433	0.7212	0.775433	0.829742	0.775433
1.96926	1.81129	1.81378	1.86427	1.90675	1.94571	1.97289	1.95925	1.89155	1.78206	1.69928	1.6311	1.61258	1.70983	1.7337	1.74148	1.75746	1.82027	1.87299	1.8374	1.8374	1.87299	1.84647	1.82234	1.85094	1.8146	1.73597	1.73802	1.73056	1.75468	1.75468	1.68975	1.65882	1.70169	1.7419	1.72817	1.71848	1.71148	1.70368	1.72817	1.76799	1.7198	1.73802	1.73056	1.67827	1.67525	1.63936	1.57013	1.50033	1.45756	1.46257	1.49104	1.4419	1.40444	1.3654	1.29542	1.22035	1.15148	1.11014	1.09635	1.09635	1.09635	1.09635	1.08689	1.05906	1.00503	0.98674	0.978328	0.924645	0.87712	0.87712	0.85478	0.758136	0.671707	0.657863	0.657863	0.657863	0.651262	0.632828	0.57006	0.548226	0.548226	0.548226	0.548226	0.548226	0.548226	0.548226	0.548226	0.548226	0.548226	0.548226	0.548226	0.548226	0.548226	0.548226	0.548226	0.548226	0.548226	0.548226	0.548226	0.575307	0.615982	0.57006	0.548226	0.559081	0.590449	0.559081	0.576288	0.641669	0.668332	0.615982	0.585983	0.615982	0.644292	0.590449	0.639316	0.639316	0.590449	0.639316	0.60831	0.615982	0.598349	0.576288	0.645176	0.693439	0.693439	0.693439	0.666935	0.682798	0.719493	0.709773	0.736779	0.73805	0.693985	0.709773	0.728573	0.678383	0.657863	0.682798	0.719493	0.678383	0.657863	0.657863	0.657863	0.657863	0.685819	0.740594	0.767494	0.767494	0.767494	0.767494	0.767494	0.767494	0.767494	0.767494	0.764548	0.71162	0.657863	0.657863	0.657863	0.657863	0.657863	0.657863	0.657863	0.671707	0.713206	0.753915	0.767494	0.767494	0.767494	0.767494	0.767494	0.787065	0.84439	0.868729	0.87712	0.87712	0.87712	0.850156	0.817956	0.84439	0.868729	0.863526	0.877544	0.887546	0.895972	0.930717	0.930717	0.951471	0.965578	0.984068	1.0228	1.0108	0.969072	0.947315	0.970808	0.996767	1.01414	0.973902	0.947315	0.970808	0.996767	0.964017	0.962454	0.962454	0.920777	0.936746	0.936746	0.884789	0.885634	0.893446	0.91914	0.993554	0.988253	0.957372	0.947315	0.920777	0.904106	0.936746	0.89429	0.845059	0.841492	0.867856	0.851035	0.832291	0.83499	0.798198	0.775284	0.740594	0.709773	0.73805	0.736779	0.685819	0.657863	0.657863	0.644304	0.603668	0.624161	0.658999	0.631049	0.576288	0.548226	0.534697	0.494167	0.452499	0.425101	0.384742	0.423323	0.453736	0.438586	0.425101	0.384742	0.372838	0.429053	0.425541	0.384742
0.767289	0.328854	0.109619	0.219237	0.219237	0	0	0	0	0	0	0	0.328854	0.657686	0.548079	0.328854	0.328854	0.548079	0.657686	0.548079	0.548079	0.657686	0.548079	0.328854	0.438468	0.438468	0.328854	0.438468	0.328854	0.438468	0.438468	0.219237	0.219237	0.438468	0.548079	0.438468	0.438468	0.438468	0.328854	0.438468	0.548079	0.328854	0.438468	0.328854	0.219237	0.438468	0.328854	0.219237	0.219237	0.219237	0.328854	0.438468	0.219237	0.109619	0.219237	0.109619	0	0	0	0	0	0	0	0.109619	0.219237	0.109619	0	0.219237	0.219237	0	0	0.219237	0.219237	0	0	0	0	0.109619	0.219237	0.109619	0	0	0	0	0	0	0	0	0	0	0	0	0	0	0	0	0	0	0	0	0.109619	0.219237	0.109619	0	0.109619	0.219237	0.109619	0	0.219237	0.328854	0.219237	0.109619	0.219237	0.328854	0.219237	0.328854	0.328854	0.219237	0.328854	0.219237	0.219237	0.219237	0	0.109619	0.219237	0.219237	0.219237	0.109619	0.109619	0.219237	0.109619	0.109619	0.219237	0.109619	0.109619	0.219237	0.109619	0	0.109619	0.219237	0.109619	0	0	0	0	0	0	0	0	0	0	0	0	0	0	0.219237	0.219237	0	0	0	0	0	0	0	0	0	0	0	0	0	0	0	0.109619	0.219237	0.109619	0	0	0	0	0.109619	0.219237	0.109619	0	0.219237	0.219237	0.109619	0.219237	0.219237	0.219237	0.109619	0.219237	0.328854	0.219237	0.109619	0.219237	0.328854	0.328854	0.328854	0.219237	0.219237	0.328854	0.328854	0.219237	0.328854	0.328854	0.219237	0.328854	0.328854	0.219237	0.328854	0.328854	0.328854	0.438468	0.328854	0.219237	0.219237	0.219237	0.219237	0.328854	0.219237	0.109619	0.219237	0.328854	0.219237	0.219237	0.328854	0.219237	0.109619	0	0.109619	0.219237	0.109619	0	0	0	0	0	0.219237	0.219237	0	0	0	0	0	0	0	0	0.219237	0.219237	0	0	0	0.109619	0.219237	0.109619	0
0.767142	0.328791	0.109598	0.219195	0.219195	0	0	0	0	0	0	0	0.328791	0.657561	0.547975	0.328791	0.328791	0.547975	0.657561	0.547975	0.547975	0.657561	0.547975	0.328791	0.438384	0.438384	0.328791	0.438384	0.328791	0.438384	0.438384	0.219195	0.219195	0.438384	0.547975	0.438384	0.438384	0.438384	0.328791	0.438384	0.547975	0.328791	0.438384	0.328791	0.219195	0.438384	0.328791	0.219195	0.219195	0.219195	0.328791	0.438384	0.219195	0.109598	0.219195	0.109598	0	0	0	0	0	0	0	0.109598	0.219195	0.109598	0	0.219195	0.219195	0	0	0.219195	0.219195	0	0	0	0	0.109598	0.219195	0.109598	0	0	0	0	0	0	0	0	0	0	0	0	0	0	0	0	0	0	0	0	0.109598	0.219195	0.109598	0	0.109598	0.219195	0.109598	0	0.219195	0.328791	0.219195	0.109598	0.219195	0.328791	0.219195	0.328791	0.328791	0.219195	0.328791	0.219195	0.219195	0.219195	0	0.109598	0.219195	0.219195	0.219195	0.109598	0.109598	0.219195	0.109598	0.109598	0.219195	0.109598	0.109598	0.219195	0.109598	0	0.109598	0.219195	0.109598	0	0	0	0	0	0	0	0	0	0	0	0	0	0	0.219195	0.219195	0	0	0	0	0	0	0	0	0	0	0	0	0	0	0	0.109598	0.219195	0.109598	0	0	0	0	0.109598	0.219195	0.109598	0	0.219195	0.219195	0.109598	0.219195	0.219195	0.219195	0.109598	0.219195	0.328791	0.219195	0.109598	0.219195	0.328791	0.328791	0.328791	0.219195	0.219195	0.328791	0.328791	0.219195	0.328791	0.328791	0.219195	0.328791	0.328791	0.219195	0.328791	0.328791	0.328791	0.438384	0.328791	0.219195	0.219195	0.219195	0.219195	0.328791	0.219195	0.109598	0.219195	0.328791	0.219195	0.219195	0.328791	0.219195	0.109598	0	0.109598	0.219195	0.109598	0	0	0	0	0	0.219195	0.219195	0	0	0	0	0	0	0	0	0.219195	0.219195	0	0	0	0.109598	0.219195	0.109598	0
0.766995	0.328728	0.109577	0.219154	0.219154	0	0	0	0	0	0	0	0.328728	0.657435	0.54787	0.328728	0.328728	0.54787	0.657435	0.54787	0.54787	0.657435	0.54787	0.328728	0.438301	0.438301	0.328728	0.438301	0.328728	0.438301	0.438301	0.219154	0.219154	0.438301	0.54787	0.438301	0.438301	0.438301	0.328728	0.438301	0.54787	0.328728	0.438301	0.328728	0.219154	0.438301	0.328728	0.219154	0.219154	0.219154	0.328728	0.438301	0.219154	0.109577	0.219154	0.109577	0	0	0	0	0	0	0	0.109577	0.219154	0.109577	0	0.219154	0.219154	0	0	0.219154	0.219154	0	0	0	0	0.109577	0.219154	0.109577	0	0	0	0	0	0	0	0	0	0	0	0	0	0	0	0	0	0	0	0	0.109577	0.219154	0.109577	0	0.109577	0.219154	0.109577	0	0.219154	0.328728	0.219154	0.109577	0.219154	0.328728	0.219154	0.328728	0.328728	0.219154	0.328728	0.219154	0.219154	0.219154	0	0.109577	0.219154	0.219154	0.219154	0.109577	0.109577	0.219154	0.109577	0.109577	0.219154	0.109577	0.109577	0.219154	0.109577	0	0.109577	0.219154	0.109577	0	0	0	0	0	0	0	0	0	0	0	0	0	0	0.219154	0.219154	0	0	0	0	0	0	0	0	0	0	0	0	0	0	0	0.109577	0.219154	0.109577	0	0	0	0	0.109577	0.219154	0.109577	0	0.219154	0.219154	0.109577	0.219154	0.219154	0.219154	0.109577	0.219154	0.328728	0.219154	0.109577	0.219154	0.328728	0.328728	0.328728	0.219154	0.219154	0.328728	0.328728	0.219154	0.328728	0.328728	0.219154	0.328728	0.328728	0.219154	0.328728	0.328728	0.328728	0.438301	0.328728	0.219154	0.219154	0.219154	0.219154	0.328728	0.219154	0.109577	0.219154	0.328728	0.219154	0.219154	0.328728	0.219154	0.109577	0	0.109577	0.219154	0.109577	0	0	0	0	0	0.219154	0.219154	0	0	0	0	0	0	0	0	0.219154	0.219154	0	0	0	0.109577	0.219154	0.109577	0
0.766849	0.328665	0.109556	0.219112	0.219112	0	0	0	0	0	0	0	0.328665	0.657309	0.547765	0.328665	0.328665	0.547765	0.657309	0.547765	0.547765	0.657309	0.547765	0.328665	0.438217	0.438217	0.328665	0.438217	0.328665	0.438217	0.438217	0.219112	0.219112	0.438217	0.547765	0.438217	0.438217	0.438217	0.328665	0.438217	0.547765	0.328665	0.438217	0.328665	0.219112	0.438217	0.328665	0.219112	0.219112	0.219112	0.328665	0.438217	0.219112	0.109556	0.219112	0.109556	0	0	0	0	0	0	0	0.109556	0.219112	0.109556	0	0.219112	0.219112	0	0	0.219112	0.219112	0	0	0	0	0.109556	0.219112	0.109556	0	0	0	0	0	0	0	0	0	0	0	0	0	0	0	0	0	0	0	0	0.109556	0.219112	0.109556	0	0.109556	0.219112	0.109556	0	0.219112	0.328665	0.219112	0.109556	0.219112	0.328665	0.219112	0.328665	0.328665	0.219112	0.328665	0.219112	0.219112	0.219112	0	0.109556	0.219112	0.219112	0.219112	0.109556	0.109556	0.219112	0.109556	0.109556	0.219112	0.109556	0.109556	0.219112	0.109556	0	0.109556	0.219112	0.109556	0	0	0	0	0	0	0	0	0	0	0	0	0	0	0.219112	0.219112	0	0	0	0	0	0	0	0	0	0	0	0	0	0	0	0.109556	0.219112	0.109556	0	0	0	0	0.109556	0.219112	0.109556	0	0.219112	0.219112	0.109556	0.219112	0.219112	0.219112	0.109556	0.219112	0.328665	0.219112	0.109556	0.219112	0.328665	0.328665	0.328665	0.219112	0.219112	0.328665	0.328665	0.219112	0.328665	0.328665	0.219112	0.328665	0.328665	0.219112	0.328665	0.328665	0.328665	0.438217	0.328665	0.219112	0.219112	0.219112	0.219112	0.328665	0.219112	0.109556	0.219112	0.328665	0.219112	0.219112	0.328665	0.219112	0.109556	0	0.109556	0.219112	0.109556	0	0	0	0	0	0.219112	0.219112	0	0	0	0	0	0	0	0	0.219112	0.219112	0	0	0	0.109556	0.219112	0.109556	0
0.766702	0.328603	0.109535	0.21907	0.21907	0	0	0	0	0	0	0	0.328603	0.657184	0.54766	0.328603	0.328603	0.54766	0.657184	0.54766	0.54766	0.657184	0.54766	0.328603	0.438133	0.438133	0.328603	0.438133	0.328603	0.438133	0.438133	0.21907	0.21907	0.438133	0.54766	0.438133	0.438133	0.438133	0.328603	0.438133	0.54766	0.328603	0.438133	0.328603	0.21907	0.438133	0.328603	0.21907	0.21907	0.21907	0.328603	0.438133	0.21907	0.109535	0.21907	0.109535	0	0	0	0	0	0	0	0.109535	0.21907	0.109535	0	0.21907	0.21907	0	0	0.21907	0.21907	0	0	0	0	0.109535	0.21907	0.109535	0	0	0	0	0	0	0	0	0	0	0	0	0	0	0	0	0	0	0	0	0.109535	0.21907	0.109535	0	0.109535	0.21907	0.109535	0	0.21907	0.328603	0.21907	0.109535	0.21907	0.328603	0.21907	0.328603	0.328603	0.21907	0.328603	0.21907	0.21907	0.21907	0	0.109535	0.21907	0.21907	0.21907	0.109535	0.109535	0.21907	0.109535	0.109535	0.21907	0.109535	0.109535	0.21907	0.109535	0	0.109535	0.21907	0.109535	0	0	0	0	0	0	0	0	0	0	0	0	0	0	0.21907	0.21907	0	0	0	0	0	0	0	0	0	0	0	0	0	0	0	0.109535	0.21907	0.109535	0	0	0	0	0.109535	0.21907	0.109535	0	0.21907	0.21907	0.109535	0.21907	0.21907	0.21907	0.109535	0.21907	0.328603	0.21907	0.109535	0.21907	0.328603	0.328603	0.328603	0.21907	0.21907	0.328603	0.328603	0.21907	0.328603	0.328603	0.21907	0.328603	0.328603	0.21907	0.328603	0.328603	0.328603	0.438133	0.328603	0.21907	0.21907	0.21907	0.21907	0.328603	0.21907	0.109535	0.21907	0.328603	0.21907	0.21907	0.328603	0.21907	0.109535	0	0.109535	0.21907	0.109535	0	0	0	0	0	0.21907	0.21907	0	0	0	0	0	0	0	0	0.21907	0.21907	0	0	0	0.109535	0.21907	0.109535	0
0.766556	0.32854	0.109514	0.219028	0.219028	0	0	0	0	0	0	0	0.32854	0.657058	0.547556	0.32854	0.32854	0.547556	0.657058	0.547556	0.547556	0.657058	0.547556	0.32854	0.438049	0.438049	0.32854	0.438049	0.32854	0.438049	0.438049	0.219028	0.219028	0.438049	0.547556	0.438049	0.438049	0.438049	0.32854	0.438049	0.547556	0.32854	0.438049	0.32854	0.219028	0.438049	0.32854	0.219028	0.219028	0.219028	0.32854	0.438049	0.219028	0.109514	0.219028	0.109514	0	0	0	0	0	0	0	0.109514	0.219028	0.109514	0	0.219028	0.219028	0	0	0.219028	0.219028	0	0	0	0	0.109514	0.219028	0.109514	0	0	0	0	0	0	0	0	0	0	0	0	0	0	0	0	0	0	0	0	0.109514	0.219028	0.109514	0	0.109514	0.219028	0.109514	0	0.219028	0.32854	0.219028	0.109514	0.219028	0.32854	0.219028	0.32854	0.32854	0.219028	0.32854	0.219028	0.219028	0.219028	0	0.109514	0.219028	0.219028	0.219028	0.109514	0.109514	0.219028	0.109514	0.109514	0.219028	0.109514	0.109514	0.219028	0.109514	0	0.109514	0.219028	0.109514	0	0	0	0	0	0	0	0	0	0	0	0	0	0	0.219028	0.219028	0	0	0	0	0	0	0	0	0	0	0	0	0	0	0	0.109514	0.219028	0.109514	0	0	0	0	0.109514	0.219028	0.109514	0	0.219028	0.219028	0.109514	0.219028	0.219028	0.219028	0.109514	0.219028	0.32854	0.219028	0.109514	0.219028	0.32854	0.32854	0.32854	0.219028	0.219028	0.32854	0.32854	0.219028	0.32854	0.32854	0.219028	0.32854	0.32854	0.219028	0.32854	0.32854	0.32854	0.438049	0.32854	0.219028	0.219028	0.219028	0.219028	0.32854	0.219028	0.109514	0.219028	0.32854	0.219028	0.219028	0.32854	0.219028	0.109514	0	0.109514	0.219028	0.109514	0	0	0	0	0	0.219028	0.219028	0	0	0	0	0	0	0	0	0.219028	0.219028	0	0	0	0.109514	0.219028	0.109514	0
4.86693	4.7927	4.64875	4.48871	4.38007	4.23626	4.15378	4.15378	4.20859	4.31748	4.37157	4.37157	4.3547	4.24345	3.98419	3.84085	3.90013	3.97352	3.98997	3.97352	3.91233	3.81984	3.7577	3.76187	3.79755	3.79755	3.78655	3.76741	3.70277	3.62897	3.52052	3.42322	3.39763	3.32775	3.17912	3.03275	2.86355	2.70801	2.64661	2.63103	2.59672	2.53821	2.52315	2.45345	2.41754	2.44704	2.39922	2.3335	2.30869	2.27903	2.1756	1.99741	1.81363	1.72609	1.65026	1.56217	1.53266	1.53266	1.47896	1.36961	1.31379	1.26026	1.15092	1.10034	1.11656	1.10034	1.06787	1.06295	1.04231	0.932293	0.875947	0.923408	0.956092	0.90373	0.875947	0.849019	0.76842	0.720097	0.783863	0.828473	0.76842	0.684902	0.656983	0.656983	0.656983	0.656983	0.656983	0.656983	0.656983	0.656983	0.656983	0.656983	0.656983	0.656983	0.656983	0.656983	0.656983	0.656983	0.656983	0.656983	0.689263	0.783863	0.828473	0.76842	0.720097	0.783863	0.852541	0.875947	0.94506	1.09557	1.21548	1.28905	1.33191	1.37451	1.38591	1.42795	1.50306	1.54821	1.61078	1.68038	1.71084	1.73474	1.75148	1.7549	1.7651	1.7651	1.7651	1.7549	1.72955	1.71084	1.72609	1.72955	1.71084	1.72609	1.7549	1.7651	1.7549	1.75148	1.78073	1.8681	1.89317	1.80701	1.75148	1.75148	1.75148	1.75148	1.69767	1.58831	1.53266	1.53266	1.53266	1.53266	1.53266	1.53266	1.53266	1.59584	1.7047	1.75148	1.75148	1.75148	1.75148	1.75148	1.75148	1.75148	1.75148	1.72435	1.64299	1.56026	1.53266	1.53266	1.53266	1.53266	1.566	1.60239	1.56217	1.53266	1.53266	1.53266	1.53266	1.53656	1.54821	1.53656	1.56026	1.60239	1.57173	1.53656	1.54821	1.54821	1.54821	1.53656	1.54821	1.5351	1.49407	1.51151	1.54821	1.5351	1.4493	1.40735	1.41743	1.47134	1.48149	1.42795	1.4493	1.48149	1.3956	1.33191	1.35421	1.35421	1.33191	1.35421	1.35421	1.32118	1.2983	1.24831	1.22408	1.19247	1.17028	1.20247	1.21486	1.17028	1.18491	1.19247	1.16192	1.11656	1.05304	0.970091	0.902897	0.882762	0.90373	0.967776	0.977019	0.90704	0.875947	0.875947	0.90373	0.986939	1.06787	1.05304	0.94506	0.875947	0.875947	0.875947	0.875947	0.875947	0.875947	0.875947	0.875947	0.837466	0.730426	0.656983	0.713828	0.82303	0.852541	0.783863	0.689263	0.656983
4.866	4.79612	4.66318	4.49579	4.38737	4.24177	4.15299	4.15299	4.21062	4.31941	4.37074	4.37074	4.35045	4.22014	3.9647	3.84012	3.91158	3.97276	3.98921	3.97276	3.89938	3.80349	3.75699	3.76669	3.79682	3.79682	3.78583	3.76115	3.69804	3.61841	3.50967	3.41995	3.39698	3.31364	3.15874	3.02034	2.84627	2.69422	2.64611	2.62257	2.58585	2.53773	2.51436	2.44688	2.41708	2.44658	2.39253	2.32921	2.30825	2.27465	2.16278	1.97292	1.80667	1.72402	1.64268	1.55996	1.53237	1.53237	1.48675	1.37806	1.31354	1.26949	1.16106	1.10013	1.11635	1.10013	1.07047	1.06274	1.05638	0.94488	0.87578	0.913448	0.955909	0.906866	0.87578	0.852378	0.783713	0.71996	0.768273	0.828315	0.783713	0.689131	0.656857	0.656857	0.656857	0.656857	0.656857	0.656857	0.656857	0.656857	0.656857	0.656857	0.656857	0.656857	0.656857	0.656857	0.656857	0.656857	0.656857	0.656857	0.684771	0.768273	0.828315	0.783713	0.71996	0.768273	0.848857	0.87578	0.932115	1.07047	1.20536	1.28648	1.33165	1.36332	1.38565	1.41716	1.48675	1.54792	1.59553	1.67471	1.71051	1.72922	1.75115	1.75456	1.76477	1.76477	1.76477	1.75456	1.73441	1.71051	1.72402	1.73441	1.71051	1.72402	1.75456	1.76477	1.75456	1.75115	1.7787	1.86133	1.89755	1.81328	1.75115	1.75115	1.75115	1.75115	1.70438	1.59553	1.53237	1.53237	1.53237	1.53237	1.53237	1.53237	1.53237	1.58801	1.69734	1.75115	1.75115	1.75115	1.75115	1.75115	1.75115	1.75115	1.75115	1.72576	1.64995	1.56188	1.53237	1.53237	1.53237	1.53237	1.57143	1.60208	1.55996	1.53237	1.53237	1.53237	1.53237	1.53627	1.54792	1.53627	1.56188	1.60208	1.5657	1.53627	1.54792	1.54792	1.54792	1.53627	1.54792	1.52502	1.49378	1.51715	1.54792	1.52502	1.4324	1.40708	1.42768	1.4812	1.47106	1.41716	1.4736	1.47106	1.37806	1.33165	1.35395	1.35395	1.33165	1.35395	1.35395	1.30954	1.28181	1.24807	1.22385	1.18468	1.17005	1.21463	1.20224	1.17005	1.19224	1.18468	1.14874	1.11635	1.04139	0.94488	0.902725	0.882593	0.906866	0.976832	0.967591	0.903558	0.87578	0.87578	0.906866	0.998817	1.07047	1.04139	0.932115	0.87578	0.87578	0.87578	0.87578	0.87578	0.87578	0.87578	0.87578	0.822873	0.713691	0.656857	0.730287	0.837306	0.848857	0.768273	0.684771	0.656857
0.766116	0.437798	0.547242	0.437798	0.437798	0.328352	0	0	0.218902	0.218902	0	0	0.218902	0.218902	0	0.328352	0.547242	0.547242	0.656681	0.547242	0.328352	0.437798	0.547242	0.437798	0.437798	0.437798	0.328352	0.328352	0.218902	0.218902	0.218902	0.109452	0.218902	0.109452	0.218902	0.218902	0	0.218902	0.328352	0.328352	0.437798	0.328352	0.328352	0.218902	0.218902	0.437798	0.218902	0.109452	0.218902	0.109452	0	0	0	0	0	0	0	0	0.218902	0.218902	0	0.218902	0.218902	0.109452	0.218902	0.109452	0.109452	0.218902	0.328352	0.218902	0	0.109452	0.218902	0.109452	0	0.109452	0.218902	0.109452	0	0.109452	0.218902	0.109452	0	0	0	0	0	0	0	0	0	0	0	0	0	0	0	0	0	0	0	0	0.109452	0.218902	0.109452	0	0	0	0	0	0	0	0.218902	0.218902	0.218902	0.218902	0.109452	0.218902	0.109452	0.109452	0.218902	0.109452	0	0.109452	0.218902	0.218902	0.218902	0.109452	0.218902	0.218902	0	0.218902	0.218902	0	0.109452	0.218902	0.109452	0	0	0	0.218902	0.218902	0	0	0	0	0.218902	0.218902	0	0	0	0	0	0	0	0	0	0	0	0	0	0	0	0	0	0.109452	0.218902	0.109452	0	0	0	0	0.218902	0.218902	0	0	0	0	0	0.109452	0.218902	0.109452	0.109452	0.218902	0.109452	0.109452	0.218902	0.218902	0.218902	0.109452	0.218902	0.218902	0.218902	0.218902	0.218902	0.218902	0.109452	0.328352	0.328352	0.328352	0.218902	0.218902	0.437798	0.218902	0.109452	0.218902	0.328352	0.328352	0.218902	0.328352	0.328352	0.218902	0.328352	0.328352	0.218902	0.109452	0.218902	0.328352	0.218902	0.218902	0.218902	0.109452	0.218902	0.218902	0	0.109452	0.218902	0.109452	0.109452	0.218902	0.109452	0	0	0	0.109452	0.218902	0.109452	0	0	0	0	0	0	0	0	0	0	0	0	0	0.218902	0.218902	0	0	0	0
0.76597	0.437715	0.547137	0.437715	0.437715	0.328289	0	0	0.218861	0.218861	0	0	0.218861	0.218861	0	0.328289	0.547137	0.547137	0.656556	0.547137	0.328289	0.437715	0.547137	0.437715	0.437715	0.437715	0.328289	0.328289	0.218861	0.218861	0.218861	0.109431	0.218861	0.109431	0.218861	0.218861	0	0.218861	0.328289	0.328289	0.437715	0.328289	0.328289	0.218861	0.218861	0.437715	0.218861	0.109431	0.218861	0.109431	0	0	0	0	0	0	0	0	0.218861	0.218861	0	0.218861	0.218861	0.109431	0.218861	0.109431	0.109431	0.218861	0.328289	0.218861	0	0.109431	0.218861	0.109431	0	0.109431	0.218861	0.109431	0	0.109431	0.218861	0.109431	0	0	0	0	0	0	0	0	0	0	0	0	0	0	0	0	0	0	0	0	0.109431	0.218861	0.109431	0	0	0	0	0	0	0	0.218861	0.218861	0.218861	0.218861	0.109431	0.218861	0.109431	0.109431	0.218861	0.109431	0	0.109431	0.218861	0.218861	0.218861	0.109431	0.218861	0.218861	0	0.218861	0.218861	0	0.109431	0.218861	0.109431	0	0	0	0.218861	0.218861	0	0	0	0	0.218861	0.218861	0	0	0	0	0	0	0	0	0	0	0	0	0	0	0	0	0	0.109431	0.218861	0.109431	0	0	0	0	0.218861	0.218861	0	0	0	0	0	0.109431	0.218861	0.109431	0.109431	0.218861	0.109431	0.109431	0.218861	0.218861	0.218861	0.109431	0.218861	0.218861	0.218861	0.218861	0.218861	0.218861	0.109431	0.328289	0.328289	0.328289	0.218861	0.218861	0.437715	0.218861	0.109431	0.218861	0.328289	0.328289	0.218861	0.328289	0.328289	0.218861	0.328289	0.328289	0.218861	0.109431	0.218861	0.328289	0.218861	0.218861	0.218861	0.109431	0.218861	0.218861	0	0.109431	0.218861	0.109431	0.109431	0.218861	0.109431	0	0	0	0.109431	0.218861	0.109431	0	0	0	0	0	0	0	0	0	0	0	0	0	0.218861	0.218861	0	0	0	0
0.765824	0.437631	0.547033	0.437631	0.437631	0.328226	0	0	0.218819	0.218819	0	0	0.218819	0.218819	0	0.328226	0.547033	0.547033	0.656431	0.547033	0.328226	0.437631	0.547033	0.437631	0.437631	0.437631	0.328226	0.328226	0.218819	0.218819	0.218819	0.10941	0.218819	0.10941	0.218819	0.218819	0	0.218819	0.328226	0.328226	0.437631	0.328226	0.328226	0.218819	0.218819	0.437631	0.218819	0.10941	0.218819	0.10941	0	0	0	0	0	0	0	0	0.218819	0.218819	0	0.218819	0.218819	0.10941	0.218819	0.10941	0.10941	0.218819	0.328226	0.218819	0	0.10941	0.218819	0.10941	0	0.10941	0.218819	0.10941	0	0.10941	0.218819	0.10941	0	0	0	0	0	0	0	0	0	0	0	0	0	0	0	0	0	0	0	0	0.10941	0.218819	0.10941	0	0	0	0	0	0	0	0.218819	0.218819	0.218819	0.218819	0.10941	0.218819	0.10941	0.10941	0.218819	0.10941	0	0.10941	0.218819	0.218819	0.218819	0.10941	0.218819	0.218819	0	0.218819	0.218819	0	0.10941	0.218819	0.10941	0	0	0	0.218819	0.218819	0	0	0	0	0.218819	0.218819	0	0	0	0	0	0	0	0	0	0	0	0	0	0	0	0	0	0.10941	0.218819	0.10941	0	0	0	0	0.218819	0.218819	0	0	0	0	0	0.10941	0.218819	0.10941	0.10941	0.218819	0.10941	0.10941	0.218819	0.218819	0.218819	0.10941	0.218819	0.218819	0.218819	0.218819	0.218819	0.218819	0.10941	0.328226	0.328226	0.328226	0.218819	0.218819	0.437631	0.218819	0.10941	0.218819	0.328226	0.328226	0.218819	0.328226	0.328226	0.218819	0.328226	0.328226	0.218819	0.10941	0.218819	0.328226	0.218819	0.218819	0.218819	0.10941	0.218819	0.218819	0	0.10941	0.218819	0.10941	0.10941	0.218819	0.10941	0	0	0	0.10941	0.218819	0.10941	0	0	0	0	0	0	0	0	0	0	0	0	0	0.218819	0.218819	0	0	0	0
0.765678	0.437548	0.546928	0.437548	0.437548	0.328163	0	0	0.218777	0.218777	0	0	0.218777	0.218777	0	0.328163	0.546928	0.546928	0.656305	0.546928	0.328163	0.437548	0.546928	0.437548	0.437548	0.437548	0.328163	0.328163	0.218777	0.218777	0.218777	0.109389	0.218777	0.109389	0.218777	0.218777	0	0.218777	0.328163	0.328163	0.437548	0.328163	0.328163	0.218777	0.218777	0.437548	0.218777	0.109389	0.218777	0.109389	0	0	0	0	0	0	0	0	0.218777	0.218777	0	0.218777	0.218777	0.109389	0.218777	0.109389	0.109389	0.218777	0.328163	0.218777	0	0.109389	0.218777	0.109389	0	0.109389	0.218777	0.109389	0	0.109389	0.218777	0.109389	0	0	0	0	0	0	0	0	0	0	0	0	0	0	0	0	0	0	0	0	0.109389	0.218777	0.109389	0	0	0	0	0	0	0	0.218777	0.218777	0.218777	0.218777	0.109389	0.218777	0.109389	0.109389	0.218777	0.109389	0	0.109389	0.218777	0.218777	0.218777	0.109389	0.218777	0.218777	0	0.218777	0.218777	0	0.109389	0.218777	0.109389	0	0	0	0.218777	0.218777	0	0	0	0	0.218777	0.218777	0	0	0	0	0	0	0	0	0	0	0	0	0	0	0	0	0	0.109389	0.218777	0.109389	0	0	0	0	0.218777	0.218777	0	0	0	0	0	0.109389	0.218777	0.109389	0.109389	0.218777	0.109389	0.109389	0.218777	0.218777	0.218777	0.109389	0.218777	0.218777	0.218777	0.218777	0.218777	0.218777	0.109389	0.328163	0.328163	0.328163	0.218777	0.218777	0.437548	0.218777	0.109389	0.218777	0.328163	0.328163	0.218777	0.328163	0.328163	0.218777	0.328163	0.328163	0.218777	0.109389	0.218777	0.328163	0.218777	0.218777	0.218777	0.109389	0.218777	0.218777	0	0.109389	0.218777	0.109389	0.109389	0.218777	0.109389	0	0	0	0.109389	0.218777	0.109389	0	0	0	0	0	0	0	0	0	0	0	0	0	0.218777	0.218777	0	0	0	0
0.765531	0.437464	0.546824	0.437464	0.437464	0.328101	0	0	0.218735	0.218735	0	0	0.218735	0.218735	0	0.328101	0.546824	0.546824	0.65618	0.546824	0.328101	0.437464	0.546824	0.437464	0.437464	0.437464	0.328101	0.328101	0.218735	0.218735	0.218735	0.109368	0.218735	0.109368	0.218735	0.218735	0	0.218735	0.328101	0.328101	0.437464	0.328101	0.328101	0.218735	0.218735	0.437464	0.218735	0.109368	0.218735	0.109368	0	0	0	0	0	0	0	0	0.218735	0.218735	0	0.218735	0.218735	0.109368	0.218735	0.109368	0.109368	0.218735	0.328101	0.218735	0	0.109368	0.218735	0.109368	0	0.109368	0.218735	0.109368	0	0.109368	0.218735	0.109368	0	0	0	0	0	0	0	0	0	0	0	0	0	0	0	0	0	0	0	0	0.109368	0.218735	0.109368	0	0	0	0	0	0	0	0.218735	0.218735	0.218735	0.218735	0.109368	0.218735	0.109368	0.109368	0.218735	0.109368	0	0.109368	0.218735	0.218735	0.218735	0.109368	0.218735	0.218735	0	0.218735	0.218735	0	0.109368	0.218735	0.109368	0	0	0	0.218735	0.218735	0	0	0	0	0.218735	0.218735	0	0	0	0	0	0	0	0	0	0	0	0	0	0	0	0	0	0.109368	0.218735	0.109368	0	0	0	0	0.218735	0.218735	0	0	0	0	0	0.109368	0.218735	0.109368	0.109368	0.218735	0.109368	0.109368	0.218735	0.218735	0.218735	0.109368	0.218735	0.218735	0.218735	0.218735	0.218735	0.218735	0.109368	0.328101	0.328101	0.328101	0.218735	0.218735	0.437464	0.218735	0.109368	0.218735	0.328101	0.328101	0.218735	0.328101	0.328101	0.218735	0.328101	0.328101	0.218735	0.109368	0.218735	0.328101	0.218735	0.218735	0.218735	0.109368	0.218735	0.218735	0	0.109368	0.218735	0.109368	0.109368	0.218735	0.109368	0	0	0	0.109368	0.218735	0.109368	0	0	0	0	0	0	0	0	0	0	0	0	0	0.218735	0.218735	0	0	0	0
0.765391	0.437384	0.546724	0.437384	0.437384	0.328041	0	0	0.218695	0.218695	0	0	0.218695	0.218695	0	0.328041	0.546724	0.546724	0.65606	0.546724	0.328041	0.437384	0.546724	0.437384	0.437384	0.437384	0.328041	0.328041	0.218695	0.218695	0.218695	0.109348	0.218695	0.109348	0.218695	0.218695	0	0.218695	0.328041	0.328041	0.437384	0.328041	0.328041	0.218695	0.218695	0.437384	0.218695	0.109348	0.218695	0.109348	0	0	0	0	0	0	0	0	0.218695	0.218695	0	0.218695	0.218695	0.109348	0.218695	0.109348	0.109348	0.218695	0.328041	0.218695	0	0.109348	0.218695	0.109348	0	0.109348	0.218695	0.109348	0	0.109348	0.218695	0.109348	0	0	0	0	0	0	0	0	0	0	0	0	0	0	0	0	0	0	0	0	0.109348	0.218695	0.109348	0	0	0	0	0	0	0	0.218695	0.218695	0.218695	0.218695	0.109348	0.218695	0.109348	0.109348	0.218695	0.109348	0	0.109348	0.218695	0.218695	0.218695	0.109348	0.218695	0.218695	0	0.218695	0.218695	0	0.109348	0.218695	0.109348	0	0	0	0.218695	0.218695	0	0	0	0	0.218695	0.218695	0	0	0	0	0	0	0	0	0	0	0	0	0	0	0	0	0	0.109348	0.218695	0.109348	0	0	0	0	0.218695	0.218695	0	0	0	0	0	0.109348	0.218695	0.109348	0.109348	0.218695	0.109348	0.109348	0.218695	0.218695	0.218695	0.109348	0.218695	0.218695	0.218695	0.218695	0.218695	0.218695	0.109348	0.328041	0.328041	0.328041	0.218695	0.218695	0.437384	0.218695	0.109348	0.218695	0.328041	0.328041	0.218695	0.328041	0.328041	0.218695	0.328041	0.328041	0.218695	0.109348	0.218695	0.328041	0.218695	0.218695	0.218695	0.109348	0.218695	0.218695	0	0.109348	0.218695	0.109348	0.109348	0.218695	0.109348	0	0	0	0.109348	0.218695	0.109348	0	0	0	0	0	0	0	0	0	0	0	0	0	0.218695	0.218695	0	0	0	0
0.765245	0.4373	0.54662	0.4373	0.4373	0.327978	0	0	0.218653	0.218653	0	0	0.218653	0.218653	0	0.327978	0.54662	0.54662	0.655935	0.54662	0.327978	0.4373	0.54662	0.4373	0.4373	0.4373	0.327978	0.327978	0.218653	0.218653	0.218653	0.109327	0.218653	0.109327	0.218653	0.218653	0	0.218653	0.327978	0.327978	0.4373	0.327978	0.327978	0.218653	0.218653	0.4373	0.218653	0.109327	0.218653	0.109327	0	0	0	0	0	0	0	0	0.218653	0.218653	0	0.218653	0.218653	0.109327	0.218653	0.109327	0.109327	0.218653	0.327978	0.218653	0	0.109327	0.218653	0.109327	0	0.109327	0.218653	0.109327	0	0.109327	0.218653	0.109327	0	0	0	0	0	0	0	0	0	0	0	0	0	0	0	0	0	0	0	0	0.109327	0.218653	0.109327	0	0	0	0	0	0	0	0.218653	0.218653	0.218653	0.218653	0.109327	0.218653	0.109327	0.109327	0.218653	0.109327	0	0.109327	0.218653	0.218653	0.218653	0.109327	0.218653	0.218653	0	0.218653	0.218653	0	0.109327	0.218653	0.109327	0	0	0	0.218653	0.218653	0	0	0	0	0.218653	0.218653	0	0	0	0	0	0	0	0	0	0	0	0	0	0	0	0	0	0.109327	0.218653	0.109327	0	0	0	0	0.218653	0.218653	0	0	0	0	0	0.109327	0.218653	0.109327	0.109327	0.218653	0.109327	0.109327	0.218653	0.218653	0.218653	0.109327	0.218653	0.218653	0.218653	0.218653	0.218653	0.218653	0.109327	0.327978	0.327978	0.327978	0.218653	0.218653	0.4373	0.218653	0.109327	0.218653	0.327978	0.327978	0.218653	0.327978	0.327978	0.218653	0.327978	0.327978	0.218653	0.109327	0.218653	0.327978	0.218653	0.218653	0.218653	0.109327	0.218653	0.218653	0	0.109327	0.218653	0.109327	0.109327	0.218653	0.109327	0	0	0	0.109327	0.218653	0.109327	0	0	0	0	0	0	0	0	0	0	0	0	0	0.218653	0.218653	0	0	0	0
4.40502	4.59724	4.76424	4.9469	5.08412	5.18543	5.23251	5.23251	5.20888	5.18287	5.20548	5.23251	5.23703	5.23703	5.28699	5.3222	5.1673	4.95586	4.77541	4.51843	4.34728	4.30204	4.19948	4.05591	3.94762	3.83934	3.75071	3.66721	3.55195	3.44316	3.33436	3.24966	3.17112	3.08624	3.00786	2.899	2.83985	2.79014	2.66035	2.49746	2.31765	2.11767	1.9551	1.81053	1.70179	1.63014	1.54557	1.50497	1.43022	1.34137	1.31155	1.31155	1.31155	1.2581	1.14895	1.09301	1.09301	1.09301	1.11465	1.11465	1.09301	1.11465	1.11465	1.09846	1.11465	1.07441	1.02024	1.02898	1.10726	1.09369	0.985252	0.935499	0.975349	0.966122	0.902186	0.905489	0.9973	1.02024	0.930699	0.905489	0.9973	1.06884	1.03981	0.930699	0.87445	0.87445	0.87445	0.87445	0.87445	0.87445	0.87445	0.87445	0.87445	0.87445	0.87445	0.87445	0.87445	0.87445	0.87445	0.87445	0.87445	0.87445	0.905489	0.9973	1.06884	1.09301	1.09301	1.09301	1.09301	1.09301	1.09301	1.09301	1.1593	1.26756	1.37597	1.4845	1.55951	1.62326	1.61774	1.58842	1.64744	1.67216	1.5856	1.55951	1.64744	1.73177	1.76209	1.7519	1.81053	1.8705	1.80392	1.81053	1.9193	1.93979	1.88994	1.89467	1.94132	1.96689	1.93979	1.8585	1.84035	1.9193	1.96689	1.91308	1.80392	1.74849	1.81053	1.8705	1.80392	1.74849	1.74849	1.74849	1.74849	1.74849	1.72141	1.64018	1.55759	1.53004	1.53004	1.53004	1.53004	1.53004	1.53004	1.53004	1.53004	1.53394	1.54557	1.53394	1.53004	1.53004	1.53004	1.53004	1.4845	1.37597	1.31155	1.36727	1.47643	1.53004	1.53004	1.50497	1.43022	1.34137	1.31609	1.32963	1.31609	1.31609	1.32963	1.32963	1.32963	1.31609	1.26756	1.22199	1.22199	1.22199	1.25394	1.27578	1.29148	1.31892	1.26579	1.21279	1.13654	1.11465	1.17718	1.147	1.18288	1.19043	1.15994	1.10726	1.06113	1.05478	0.968433	0.901354	0.898862	0.84756	0.762221	0.750375	0.795767	0.761237	0.691328	0.691328	0.691328	0.664904	0.691328	0.691328	0.65586	0.696711	0.743374	0.688085	0.633857	0.570617	0.536905	0.603688	0.65586	0.65586	0.633857	0.570617	0.471754	0.494931	0.603688	0.65586	0.65586	0.65586	0.65586	0.65586	0.65586	0.65586	0.65586	0.65586	0.65586	0.712608	0.795767	0.729178	0.65586	0.65586	0.65586	0.712608
4.37178	4.58863	4.7484	4.93699	5.07618	5.17989	5.23152	5.23152	5.20619	5.18188	5.20506	5.23152	5.23603	5.23603	5.28822	5.31842	5.15201	4.94238	4.75463	4.50116	4.34305	4.29639	4.18383	4.04635	3.93784	3.82932	3.74604	3.66003	3.54793	3.43905	3.33016	3.24812	3.16676	3.08469	3.00332	2.89434	2.83931	2.78533	2.64975	2.48622	2.29654	2.10456	1.94095	1.80358	1.69444	1.60772	1.54527	1.50269	1.42158	1.33888	1.3113	1.3113	1.3113	1.26732	1.15908	1.09281	1.09281	1.09281	1.11444	1.11444	1.09281	1.11444	1.11444	1.09825	1.11444	1.08251	1.02879	1.02005	1.09348	1.10705	0.99711	0.935321	0.965937	0.975163	0.905317	0.902014	0.985064	1.02879	0.943265	0.902014	0.985064	1.06584	1.05103	0.943265	0.874283	0.874283	0.874283	0.874283	0.874283	0.874283	0.874283	0.874283	0.874283	0.874283	0.874283	0.874283	0.874283	0.874283	0.874283	0.874283	0.874283	0.874283	0.902014	0.985064	1.06584	1.09281	1.09281	1.09281	1.09281	1.09281	1.09281	1.09281	1.14873	1.25786	1.36701	1.47615	1.55729	1.61743	1.62296	1.58812	1.63987	1.67719	1.59281	1.55729	1.63987	1.72627	1.76175	1.75157	1.80358	1.87014	1.81018	1.80358	1.91271	1.94095	1.8943	1.88958	1.93942	1.96652	1.94095	1.86455	1.83513	1.91271	1.96652	1.91894	1.81018	1.74816	1.80358	1.87014	1.81018	1.74816	1.74816	1.74816	1.74816	1.74816	1.72281	1.64713	1.55921	1.52975	1.52975	1.52975	1.52975	1.52975	1.52975	1.52975	1.52975	1.53365	1.54527	1.53365	1.52975	1.52975	1.52975	1.52975	1.47615	1.36701	1.3113	1.37571	1.48421	1.52975	1.52975	1.50269	1.42158	1.33888	1.31584	1.32938	1.31584	1.31584	1.32938	1.32938	1.32938	1.31584	1.25786	1.22175	1.22175	1.22175	1.26555	1.27553	1.29814	1.30731	1.2537	1.20019	1.12841	1.11444	1.17695	1.15972	1.1902	1.18266	1.14678	1.09348	1.06093	1.04033	0.943265	0.901182	0.881927	0.829599	0.750232	0.762075	0.795616	0.729039	0.691196	0.691196	0.691196	0.664777	0.691196	0.691196	0.655735	0.709318	0.743232	0.6836	0.629008	0.549178	0.553236	0.623043	0.655735	0.655735	0.629008	0.549178	0.465292	0.518408	0.623043	0.655735	0.655735	0.655735	0.655735	0.655735	0.655735	0.655735	0.655735	0.655735	0.655735	0.729039	0.795616	0.712472	0.655735	0.655735	0.655735	0.729039
0.109265	0.218528	0.109265	0.109265	0.218528	0.109265	0	0	0.109265	0.218528	0.109265	0	0.218528	0.218528	0.218528	0.218528	0	0.218528	0.218528	0	0.218528	0.32779	0.218528	0.218528	0.218528	0.218528	0.218528	0.109265	0	0	0	0	0	0	0	0	0	0	0	0	0	0	0	0	0	0.218528	0.218528	0	0	0	0	0	0	0.218528	0.218528	0	0	0	0.218528	0.218528	0	0.218528	0.218528	0.109265	0.218528	0.218528	0.218528	0.109265	0.218528	0.32779	0.218528	0.109265	0.109265	0.218528	0.109265	0	0	0.218528	0.218528	0	0	0	0.218528	0.218528	0	0	0	0	0	0	0	0	0	0	0	0	0	0	0	0	0	0	0	0	0	0	0	0	0	0	0	0	0	0	0	0	0	0.109265	0.218528	0.109265	0	0.218528	0.218528	0	0	0.109265	0.218528	0.109265	0	0.218528	0.218528	0	0	0.109265	0.218528	0.109265	0	0	0.109265	0.218528	0.109265	0	0	0.218528	0.218528	0	0	0.218528	0.218528	0	0	0	0	0	0.109265	0.218528	0.109265	0	0	0	0	0	0	0	0	0.109265	0.218528	0.109265	0	0	0	0	0	0	0	0.218528	0.218528	0	0	0	0	0	0.109265	0.218528	0.109265	0.109265	0.218528	0.218528	0.218528	0.109265	0	0.218528	0.218528	0.218528	0.32779	0.218528	0.218528	0.218528	0.218528	0.218528	0.109265	0.218528	0.43705	0.32779	0.218528	0.109265	0.218528	0.218528	0.218528	0.218528	0.109265	0.218528	0.218528	0.218528	0.109265	0.218528	0.218528	0.109265	0.218528	0.218528	0.218528	0.109265	0.218528	0.218528	0	0.218528	0.218528	0	0	0	0.218528	0.218528	0	0	0	0	0	0.218528	0.218528	0	0	0	0	0	0	0	0	0	0	0.218528	0.218528	0	0	0	0	0.218528
0.109244	0.218487	0.109244	0.109244	0.218487	0.109244	0	0	0.109244	0.218487	0.109244	0	0.218487	0.218487	0.218487	0.218487	0	0.218487	0.218487	0	0.218487	0.327728	0.218487	0.218487	0.218487	0.218487	0.218487	0.109244	0	0	0	0	0	0	0	0	0	0	0	0	0	0	0	0	0	0.218487	0.218487	0	0	0	0	0	0	0.218487	0.218487	0	0	0	0.218487	0.218487	0	0.218487	0.218487	0.109244	0.218487	0.218487	0.218487	0.109244	0.218487	0.327728	0.218487	0.109244	0.109244	0.218487	0.109244	0	0	0.218487	0.218487	0	0	0	0.218487	0.218487	0	0	0	0	0	0	0	0	0	0	0	0	0	0	0	0	0	0	0	0	0	0	0	0	0	0	0	0	0	0	0	0	0	0.109244	0.218487	0.109244	0	0.218487	0.218487	0	0	0.109244	0.218487	0.109244	0	0.218487	0.218487	0	0	0.109244	0.218487	0.109244	0	0	0.109244	0.218487	0.109244	0	0	0.218487	0.218487	0	0	0.218487	0.218487	0	0	0	0	0	0.109244	0.218487	0.109244	0	0	0	0	0	0	0	0	0.109244	0.218487	0.109244	0	0	0	0	0	0	0	0.218487	0.218487	0	0	0	0	0	0.109244	0.218487	0.109244	0.109244	0.218487	0.218487	0.218487	0.109244	0	0.218487	0.218487	0.218487	0.327728	0.218487	0.218487	0.218487	0.218487	0.218487	0.109244	0.218487	0.436967	0.327728	0.218487	0.109244	0.218487	0.218487	0.218487	0.218487	0.109244	0.218487	0.218487	0.218487	0.109244	0.218487	0.218487	0.109244	0.218487	0.218487	0.218487	0.109244	0.218487	0.218487	0	0.218487	0.218487	0	0	0	0.218487	0.218487	0	0	0	0	0	0.218487	0.218487	0	0	0	0	0	0	0	0	0	0	0.218487	0.218487	0	0	0	0	0.218487
0.109223	0.218445	0.109223	0.109223	0.218445	0.109223	0	0	0.109223	0.218445	0.109223	0	0.218445	0.218445	0.218445	0.218445	0	0.218445	0.218445	0	0.218445	0.327666	0.218445	0.218445	0.218445	0.218445	0.218445	0.109223	0	0	0	0	0	0	0	0	0	0	0	0	0	0	0	0	0	0.218445	0.218445	0	0	0	0	0	0	0.218445	0.218445	0	0	0	0.218445	0.218445	0	0.218445	0.218445	0.109223	0.218445	0.218445	0.218445	0.109223	0.218445	0.327666	0.218445	0.109223	0.109223	0.218445	0.109223	0	0	0.218445	0.218445	0	0	0	0.218445	0.218445	0	0	0	0	0	0	0	0	0	0	0	0	0	0	0	0	0	0	0	0	0	0	0	0	0	0	0	0	0	0	0	0	0	0.109223	0.218445	0.109223	0	0.218445	0.218445	0	0	0.109223	0.218445	0.109223	0	0.218445	0.218445	0	0	0.109223	0.218445	0.109223	0	0	0.109223	0.218445	0.109223	0	0	0.218445	0.218445	0	0	0.218445	0.218445	0	0	0	0	0	0.109223	0.218445	0.109223	0	0	0	0	0	0	0	0	0.109223	0.218445	0.109223	0	0	0	0	0	0	0	0.218445	0.218445	0	0	0	0	0	0.109223	0.218445	0.109223	0.109223	0.218445	0.218445	0.218445	0.109223	0	0.218445	0.218445	0.218445	0.327666	0.218445	0.218445	0.218445	0.218445	0.218445	0.109223	0.218445	0.436884	0.327666	0.218445	0.109223	0.218445	0.218445	0.218445	0.218445	0.109223	0.218445	0.218445	0.218445	0.109223	0.218445	0.218445	0.109223	0.218445	0.218445	0.218445	0.109223	0.218445	0.218445	0	0.218445	0.218445	0	0	0	0.218445	0.218445	0	0	0	0	0	0.218445	0.218445	0	0	0	0	0	0	0	0	0	0	0.218445	0.218445	0	0	0	0	0.218445
0.109202	0.218403	0.109202	0.109202	0.218403	0.109202	0	0	0.109202	0.218403	0.109202	0	0.218403	0.218403	0.218403	0.218403	0	0.218403	0.218403	0	0.218403	0.327603	0.218403	0.218403	0.218403	0.218403	0.218403	0.109202	0	0	0	0	0	0	0	0	0	0	0	0	0	0	0	0	0	0.218403	0.218403	0	0	0	0	0	0	0.218403	0.218403	0	0	0	0.218403	0.218403	0	0.218403	0.218403	0.109202	0.218403	0.218403	0.218403	0.109202	0.218403	0.327603	0.218403	0.109202	0.109202	0.218403	0.109202	0	0	0.218403	0.218403	0	0	0	0.218403	0.218403	0	0	0	0	0	0	0	0	0	0	0	0	0	0	0	0	0	0	0	0	0	0	0	0	0	0	0	0	0	0	0	0	0	0.109202	0.218403	0.109202	0	0.218403	0.218403	0	0	0.109202	0.218403	0.109202	0	0.218403	0.218403	0	0	0.109202	0.218403	0.109202	0	0	0.109202	0.218403	0.109202	0	0	0.218403	0.218403	0	0	0.218403	0.218403	0	0	0	0	0	0.109202	0.218403	0.109202	0	0	0	0	0	0	0	0	0.109202	0.218403	0.109202	0	0	0	0	0	0	0	0.218403	0.218403	0	0	0	0	0	0.109202	0.218403	0.109202	0.109202	0.218403	0.218403	0.218403	0.109202	0	0.218403	0.218403	0.218403	0.327603	0.218403	0.218403	0.218403	0.218403	0.218403	0.109202	0.218403	0.4368	0.327603	0.218403	0.109202	0.218403	0.218403	0.218403	0.218403	0.109202	0.218403	0.218403	0.218403	0.109202	0.218403	0.218403	0.109202	0.218403	0.218403	0.218403	0.109202	0.218403	0.218403	0	0.218403	0.218403	0	0	0	0.218403	0.218403	0	0	0	0	0	0.218403	0.218403	0	0	0	0	0	0	0	0	0	0	0.218403	0.218403	0	0	0	0	0.218403
0.109181	0.218362	0.109181	0.109181	0.218362	0.109181	0	0	0.109181	0.218362	0.109181	0	0.218362	0.218362	0.218362	0.218362	0	0.218362	0.218362	0	0.218362	0.327541	0.218362	0.218362	0.218362	0.218362	0.218362	0.109181	0	0	0	0	0	0	0	0	0	0	0	0	0	0	0	0	0	0.218362	0.218362	0	0	0	0	0	0	0.218362	0.218362	0	0	0	0.218362	0.218362	0	0.218362	0.218362	0.109181	0.218362	0.218362	0.218362	0.109181	0.218362	0.327541	0.218362	0.109181	0.109181	0.218362	0.109181	0	0	0.218362	0.218362	0	0	0	0.218362	0.218362	0	0	0	0	0	0	0	0	0	0	0	0	0	0	0	0	0	0	0	0	0	0	0	0	0	0	0	0	0	0	0	0	0	0.109181	0.218362	0.109181	0	0.218362	0.218362	0	0	0.109181	0.218362	0.109181	0	0.218362	0.218362	0	0	0.109181	0.218362	0.109181	0	0	0.109181	0.218362	0.109181	0	0	0.218362	0.218362	0	0	0.218362	0.218362	0	0	0	0	0	0.109181	0.218362	0.109181	0	0	0	0	0	0	0	0	0.109181	0.218362	0.109181	0	0	0	0	0	0	0	0.218362	0.218362	0	0	0	0	0	0.109181	0.218362	0.109181	0.109181	0.218362	0.218362	0.218362	0.109181	0	0.218362	0.218362	0.218362	0.327541	0.218362	0.218362	0.218362	0.218362	0.218362	0.109181	0.218362	0.436717	0.327541	0.218362	0.109181	0.218362	0.218362	0.218362	0.218362	0.109181	0.218362	0.218362	0.218362	0.109181	0.218362	0.218362	0.109181	0.218362	0.218362	0.218362	0.109181	0.218362	0.218362	0	0.218362	0.218362	0	0	0	0.218362	0.218362	0	0	0	0	0	0.218362	0.218362	0	0	0	0	0	0	0	0	0	0	0.218362	0.218362	0	0	0	0	0.218362
0.10916	0.21832	0.10916	0.10916	0.21832	0.10916	0	0	0.10916	0.21832	0.10916	0	0.21832	0.21832	0.21832	0.21832	0	0.21832	0.21832	0	0.21832	0.327478	0.21832	0.21832	0.21832	0.21832	0.21832	0.10916	0	0	0	0	0	0	0	0	0	0	0	0	0	0	0	0	0	0.21832	0.21832	0	0	0	0	0	0	0.21832	0.21832	0	0	0	0.21832	0.21832	0	0.21832	0.21832	0.10916	0.21832	0.21832	0.21832	0.10916	0.21832	0.327478	0.21832	0.10916	0.10916	0.21832	0.10916	0	0	0.21832	0.21832	0	0	0	0.21832	0.21832	0	0	0	0	0	0	0	0	0	0	0	0	0	0	0	0	0	0	0	0	0	0	0	0	0	0	0	0	0	0	0	0	0	0.10916	0.21832	0.10916	0	0.21832	0.21832	0	0	0.10916	0.21832	0.10916	0	0.21832	0.21832	0	0	0.10916	0.21832	0.10916	0	0	0.10916	0.21832	0.10916	0	0	0.21832	0.21832	0	0	0.21832	0.21832	0	0	0	0	0	0.10916	0.21832	0.10916	0	0	0	0	0	0	0	0	0.10916	0.21832	0.10916	0	0	0	0	0	0	0	0.21832	0.21832	0	0	0	0	0	0.10916	0.21832	0.10916	0.10916	0.21832	0.21832	0.21832	0.10916	0	0.21832	0.21832	0.21832	0.327478	0.21832	0.21832	0.21832	0.21832	0.21832	0.10916	0.21832	0.436634	0.327478	0.21832	0.10916	0.21832	0.21832	0.21832	0.21832	0.10916	0.21832	0.21832	0.21832	0.10916	0.21832	0.21832	0.10916	0.21832	0.21832	0.21832	0.10916	0.21832	0.21832	0	0.21832	0.21832	0	0	0	0.21832	0.21832	0	0	0	0	0	0.21832	0.21832	0	0	0	0	0	0	0	0	0	0	0.21832	0.21832	0	0	0	0	0.21832
2.1976	2.24452	2.27926	2.30648	2.35312	2.41444	2.48172	2.5088	2.51117	2.51826	2.51117	2.5088	2.51826	2.51826	2.48889	2.43458	2.39985	2.38027	2.32597	2.29089	2.24237	2.12959	2.01259	1.91638	1.80777	1.6992	1.60569	1.5443	1.50069	1.44616	1.39163	1.3371	1.29598	1.2553	1.21417	1.1735	1.11896	1.09135	1.09135	1.09135	1.09135	1.09135	1.09135	1.09135	1.09135	1.08107	1.02742	0.982237	0.982237	0.955347	0.900811	0.873117	0.873117	0.89998	0.89998	0.859585	0.81901	0.777752	0.813992	0.847151	0.791744	0.813992	0.847151	0.814223	0.820821	0.820821	0.830513	0.814223	0.820821	0.863895	0.85698	0.841202	0.814223	0.820821	0.787264	0.750474	0.709951	0.71621	0.71621	0.668641	0.65486	0.65486	0.708373	0.742241	0.682689	0.65486	0.641364	0.600912	0.559533	0.545724	0.545724	0.545724	0.545724	0.545724	0.545724	0.545724	0.545724	0.545724	0.545724	0.545724	0.545724	0.545724	0.559533	0.600912	0.641364	0.65486	0.65486	0.65486	0.65486	0.65486	0.65486	0.65486	0.65486	0.65486	0.65486	0.65486	0.65486	0.675287	0.734682	0.756402	0.763992	0.813992	0.867126	0.859585	0.81901	0.798763	0.840536	0.864765	0.873117	0.920425	0.973863	0.955347	0.900811	0.891883	0.947128	0.973292	0.982237	0.955347	0.922245	0.947128	0.973292	0.982237	0.968693	0.979577	0.98997	0.982237	0.955347	0.953003	0.973863	0.968693	0.928079	0.886863	0.873117	0.846276	0.814223	0.840536	0.864765	0.873117	0.873117	0.873117	0.846276	0.791744	0.763992	0.763992	0.763992	0.771746	0.794555	0.771746	0.763992	0.763992	0.763992	0.763992	0.763992	0.763992	0.763992	0.761059	0.708373	0.65486	0.65486	0.65486	0.668641	0.709951	0.744748	0.734682	0.675287	0.64829	0.664447	0.664447	0.62994	0.583308	0.600912	0.647136	0.638741	0.638741	0.646843	0.587754	0.570072	0.544694	0.53747	0.555519	0.546063	0.570072	0.639309	0.548771	0.488106	0.450018	0.488106	0.488106	0.451665	0.439973	0.414268	0.427095	0.416502	0.416502	0.3542	0.393524	0.393524	0.328007	0.333069	0.328565	0.328565	0.250829	0.308703	0.308703	0.218295	0.308703	0.308703	0.218295	0.232339	0.274229	0.352084	0.311108	0.218295	0.218295	0.232339	0.274229	0.314094	0.355767	0.311108	0.218295	0.218295	0.247093	0.301392	0.327441	0.327441	0.327441	0.327441	0.355775	0.410207	0.451665	0.439973	0.410207	0.436584	0.464671	0.519157	0.587754
4.38414	4.46648	4.54682	4.60104	4.68329	4.81781	4.95411	5.00707	5.00825	5.01178	5.00825	5.00707	5.01178	5.01178	4.95411	4.84581	4.79041	4.73747	4.6291	4.57361	4.46516	4.22138	4.00427	3.81381	3.59647	3.37902	3.18914	3.08036	3.00024	2.89148	2.7827	2.6739	2.59058	2.51069	2.42724	2.34746	2.23863	2.18149	2.18149	2.18149	2.18149	2.18149	2.18149	2.18149	2.18149	2.1298	2.02096	1.96352	1.96352	1.91213	1.80331	1.7455	1.7455	1.75907	1.75907	1.71911	1.64009	1.55564	1.5857	1.65094	1.5857	1.5857	1.65094	1.6175	1.59691	1.59691	1.6175	1.6175	1.59691	1.63214	1.67175	1.67175	1.6175	1.59691	1.56327	1.50115	1.42255	1.38117	1.38117	1.33768	1.3093	1.3093	1.36819	1.43504	1.36819	1.3093	1.28319	1.20517	1.11974	1.09114	1.09114	1.09114	1.09114	1.09114	1.09114	1.09114	1.09114	1.09114	1.09114	1.09114	1.09114	1.09114	1.11974	1.20517	1.28319	1.3093	1.3093	1.3093	1.3093	1.3093	1.3093	1.3093	1.3093	1.3093	1.3093	1.3093	1.3093	1.33768	1.42255	1.50115	1.52742	1.5857	1.6945	1.71911	1.64009	1.5857	1.64009	1.71911	1.7455	1.80331	1.91213	1.91213	1.80331	1.77359	1.85772	1.93704	1.96352	1.91213	1.83457	1.85772	1.93704	1.96352	1.93704	1.92144	1.94317	1.96352	1.91213	1.8673	1.91213	1.93704	1.85772	1.77359	1.7455	1.6945	1.6175	1.64009	1.71911	1.7455	1.7455	1.7455	1.6945	1.5857	1.52742	1.52742	1.52742	1.53131	1.54292	1.53131	1.52742	1.52742	1.52742	1.52742	1.52742	1.52742	1.52742	1.47693	1.36819	1.3093	1.3093	1.3093	1.33768	1.42255	1.47693	1.42255	1.33768	1.28319	1.27359	1.27359	1.20517	1.15087	1.20517	1.23835	1.21989	1.21989	1.16627	1.11274	1.07638	1.0225	1.006	1.04552	1.07638	1.07638	1.03515	0.940638	0.899809	0.879743	0.899809	0.899809	0.82564	0.794404	0.807873	0.771599	0.7421	0.7421	0.684192	0.690143	0.690143	0.629824	0.556423	0.537367	0.537367	0.466979	0.488013	0.488013	0.436501	0.488013	0.488013	0.436501	0.466979	0.556423	0.595819	0.503037	0.436501	0.436501	0.466979	0.556423	0.629824	0.610016	0.503037	0.436501	0.436501	0.503037	0.610016	0.654736	0.654736	0.654736	0.654736	0.717634	0.82564	0.82564	0.794404	0.82564	0.872951	0.933896	1.04232	1.11274
2.19474	2.23572	2.27644	2.30367	2.34464	2.41905	2.48794	2.50785	2.51021	2.5173	2.51021	2.50785	2.5173	2.5173	2.48077	2.42632	2.39894	2.37187	2.31741	2.29002	2.24152	2.11829	2.00517	1.91565	1.80708	1.69855	1.59673	1.54082	1.51196	1.4579	1.40387	1.34987	1.29893	1.26896	1.21738	1.18816	1.13437	1.09093	1.09093	1.09093	1.09093	1.09093	1.09093	1.09093	1.09093	1.06402	1.0095	0.981863	0.981863	0.973492	0.920075	0.872785	0.872785	0.899637	0.899637	0.864435	0.840216	0.783175	0.791442	0.846828	0.813682	0.791442	0.846828	0.830197	0.820508	0.820508	0.813913	0.830197	0.820508	0.837332	0.840882	0.856653	0.830197	0.820508	0.803794	0.756114	0.734402	0.715936	0.715936	0.67503	0.654611	0.654611	0.682429	0.741958	0.708102	0.654611	0.648043	0.6297	0.567242	0.545516	0.545516	0.545516	0.545516	0.545516	0.545516	0.545516	0.545516	0.545516	0.545516	0.545516	0.545516	0.545516	0.567242	0.6297	0.648043	0.654611	0.654611	0.654611	0.654611	0.654611	0.654611	0.654611	0.654611	0.654611	0.654611	0.654611	0.654611	0.668386	0.709681	0.750189	0.763701	0.791442	0.845954	0.864435	0.840216	0.798459	0.818698	0.859258	0.872785	0.900468	0.954983	0.973492	0.920075	0.886525	0.927726	0.968324	0.981863	0.973492	0.9363	0.927726	0.968324	0.981863	0.972921	0.979204	0.975974	0.981863	0.973492	0.95264	0.954983	0.972921	0.946768	0.891544	0.872785	0.866795	0.830197	0.818698	0.859258	0.872785	0.872785	0.872785	0.866795	0.813682	0.763701	0.763701	0.763701	0.771452	0.794252	0.771452	0.763701	0.763701	0.763701	0.763701	0.763701	0.763701	0.763701	0.736933	0.682429	0.654611	0.654611	0.654611	0.67503	0.734402	0.744464	0.709681	0.668386	0.641119	0.664194	0.664194	0.600684	0.583086	0.6297	0.625852	0.638497	0.638497	0.588798	0.587529	0.545855	0.519315	0.537264	0.594132	0.569854	0.545855	0.548906	0.506252	0.487919	0.449846	0.487919	0.487919	0.410051	0.439805	0.44527	0.38284	0.416343	0.416343	0.341227	0.393373	0.393373	0.313974	0.274125	0.328438	0.328438	0.232251	0.308584	0.308584	0.218212	0.308584	0.308584	0.218212	0.250733	0.332941	0.311592	0.246999	0.218212	0.218212	0.250733	0.332941	0.327882	0.301277	0.246999	0.218212	0.218212	0.310989	0.355631	0.327316	0.327316	0.327316	0.327316	0.402721	0.451493	0.410051	0.439805	0.451493	0.436418	0.501456	0.552287	0.587529
0	0	0	0	0	0.218152	0.218152	0	0.109077	0.218152	0.109077	0	0.218152	0.218152	0	0	0	0	0	0	0.218152	0.218152	0.109077	0.218152	0.218152	0.218152	0.109077	0	0.218152	0.218152	0.218152	0.218152	0.109077	0.218152	0.109077	0.218152	0.218152	0	0	0	0	0	0	0	0	0	0	0	0	0.218152	0.218152	0	0	0.218152	0.218152	0.109077	0.218152	0.109077	0	0.218152	0.218152	0	0.218152	0.218152	0.218152	0.218152	0.109077	0.218152	0.218152	0.218152	0.109077	0.218152	0.218152	0.218152	0.218152	0.109077	0.218152	0.218152	0.218152	0.109077	0	0	0	0.218152	0.218152	0	0.109077	0.218152	0.109077	0	0	0	0	0	0	0	0	0	0	0	0	0	0.109077	0.218152	0.109077	0	0	0	0	0	0	0	0	0	0	0	0	0	0	0	0	0	0	0.109077	0.218152	0.109077	0	0	0	0	0	0.218152	0.218152	0	0	0	0	0.218152	0.218152	0	0	0	0.109077	0.218152	0.109077	0	0.218152	0.218152	0	0.109077	0.218152	0.109077	0	0.218152	0.218152	0	0	0	0	0	0.218152	0.218152	0	0	0	0.109077	0.218152	0.109077	0	0	0	0	0	0	0	0	0	0	0	0	0.109077	0.218152	0.109077	0	0	0	0.218152	0.218152	0	0.109077	0.218152	0.109077	0.218152	0.218152	0.109077	0.218152	0.109077	0.109077	0.218152	0.327226	0.218152	0.109077	0.218152	0.218152	0.218152	0.109077	0.218152	0.218152	0	0.218152	0.218152	0	0.218152	0.218152	0	0.218152	0.218152	0	0	0.218152	0.218152	0	0.218152	0.218152	0	0.218152	0.218152	0	0.109077	0.218152	0.109077	0	0	0	0.109077	0.218152	0.109077	0	0	0	0	0.218152	0.218152	0	0	0	0	0.218152	0.218152	0	0.218152	0.218152	0	0.218152	0.218152	0.218152
0	0	0	0	0	0.218111	0.218111	0	0.109056	0.218111	0.109056	0	0.218111	0.218111	0	0	0	0	0	0	0.218111	0.218111	0.109056	0.218111	0.218111	0.218111	0.109056	0	0.218111	0.218111	0.218111	0.218111	0.109056	0.218111	0.109056	0.218111	0.218111	0	0	0	0	0	0	0	0	0	0	0	0	0.218111	0.218111	0	0	0.218111	0.218111	0.109056	0.218111	0.109056	0	0.218111	0.218111	0	0.218111	0.218111	0.218111	0.218111	0.109056	0.218111	0.218111	0.218111	0.109056	0.218111	0.218111	0.218111	0.218111	0.109056	0.218111	0.218111	0.218111	0.109056	0	0	0	0.218111	0.218111	0	0.109056	0.218111	0.109056	0	0	0	0	0	0	0	0	0	0	0	0	0	0.109056	0.218111	0.109056	0	0	0	0	0	0	0	0	0	0	0	0	0	0	0	0	0	0	0.109056	0.218111	0.109056	0	0	0	0	0	0.218111	0.218111	0	0	0	0	0.218111	0.218111	0	0	0	0.109056	0.218111	0.109056	0	0.218111	0.218111	0	0.109056	0.218111	0.109056	0	0.218111	0.218111	0	0	0	0	0	0.218111	0.218111	0	0	0	0.109056	0.218111	0.109056	0	0	0	0	0	0	0	0	0	0	0	0	0.109056	0.218111	0.109056	0	0	0	0.218111	0.218111	0	0.109056	0.218111	0.109056	0.218111	0.218111	0.109056	0.218111	0.109056	0.109056	0.218111	0.327164	0.218111	0.109056	0.218111	0.218111	0.218111	0.109056	0.218111	0.218111	0	0.218111	0.218111	0	0.218111	0.218111	0	0.218111	0.218111	0	0	0.218111	0.218111	0	0.218111	0.218111	0	0.218111	0.218111	0	0.109056	0.218111	0.109056	0	0	0	0.109056	0.218111	0.109056	0	0	0	0	0.218111	0.218111	0	0	0	0	0.218111	0.218111	0	0.218111	0.218111	0	0.218111	0.218111	0.218111
0	0	0	0	0	0.218069	0.218069	0	0.109035	0.218069	0.109035	0	0.218069	0.218069	0	0	0	0	0	0	0.218069	0.218069	0.109035	0.218069	0.218069	0.218069	0.109035	0	0.218069	0.218069	0.218069	0.218069	0.109035	0.218069	0.109035	0.218069	0.218069	0	0	0	0	0	0	0	0	0	0	0	0	0.218069	0.218069	0	0	0.218069	0.218069	0.109035	0.218069	0.109035	0	0.218069	0.218069	0	0.218069	0.218069	0.218069	0.218069	0.109035	0.218069	0.218069	0.218069	0.109035	0.218069	0.218069	0.218069	0.218069	0.109035	0.218069	0.218069	0.218069	0.109035	0	0	0	0.218069	0.218069	0	0.109035	0.218069	0.109035	0	0	0	0	0	0	0	0	0	0	0	0	0	0.109035	0.218069	0.109035	0	0	0	0	0	0	0	0	0	0	0	0	0	0	0	0	0	0	0.109035	0.218069	0.109035	0	0	0	0	0	0.218069	0.218069	0	0	0	0	0.218069	0.218069	0	0	0	0.109035	0.218069	0.109035	0	0.218069	0.218069	0	0.109035	0.218069	0.109035	0	0.218069	0.218069	0	0	0	0	0	0.218069	0.218069	0	0	0	0.109035	0.218069	0.109035	0	0	0	0	0	0	0	0	0	0	0	0	0.109035	0.218069	0.109035	0	0	0	0.218069	0.218069	0	0.109035	0.218069	0.109035	0.218069	0.218069	0.109035	0.218069	0.109035	0.109035	0.218069	0.327102	0.218069	0.109035	0.218069	0.218069	0.218069	0.109035	0.218069	0.218069	0	0.218069	0.218069	0	0.218069	0.218069	0	0.218069	0.218069	0	0	0.218069	0.218069	0	0.218069	0.218069	0	0.218069	0.218069	0	0.109035	0.218069	0.109035	0	0	0	0.109035	0.218069	0.109035	0	0	0	0	0.218069	0.218069	0	0	0	0	0.218069	0.218069	0	0.218069	0.218069	0	0.218069	0.218069	0.218069
0	0	0	0	0	0.218028	0.218028	0	0.109014	0.218028	0.109014	0	0.218028	0.218028	0	0	0	0	0	0	0.218028	0.218028	0.109014	0.218028	0.218028	0.218028	0.109014	0	0.218028	0.218028	0.218028	0.218028	0.109014	0.218028	0.109014	0.218028	0.218028	0	0	0	0	0	0	0	0	0	0	0	0	0.218028	0.218028	0	0	0.218028	0.218028	0.109014	0.218028	0.109014	0	0.218028	0.218028	0	0.218028	0.218028	0.218028	0.218028	0.109014	0.218028	0.218028	0.218028	0.109014	0.218028	0.218028	0.218028	0.218028	0.109014	0.218028	0.218028	0.218028	0.109014	0	0	0	0.218028	0.218028	0	0.109014	0.218028	0.109014	0	0	0	0	0	0	0	0	0	0	0	0	0	0.109014	0.218028	0.109014	0	0	0	0	0	0	0	0	0	0	0	0	0	0	0	0	0	0	0.109014	0.218028	0.109014	0	0	0	0	0	0.218028	0.218028	0	0	0	0	0.218028	0.218028	0	0	0	0.109014	0.218028	0.109014	0	0.218028	0.218028	0	0.109014	0.218028	0.109014	0	0.218028	0.218028	0	0	0	0	0	0.218028	0.218028	0	0	0	0.109014	0.218028	0.109014	0	0	0	0	0	0	0	0	0	0	0	0	0.109014	0.218028	0.109014	0	0	0	0.218028	0.218028	0	0.109014	0.218028	0.109014	0.218028	0.218028	0.109014	0.218028	0.109014	0.109014	0.218028	0.32704	0.218028	0.109014	0.218028	0.218028	0.218028	0.109014	0.218028	0.218028	0	0.218028	0.218028	0	0.218028	0.218028	0	0.218028	0.218028	0	0	0.218028	0.218028	0	0.218028	0.218028	0	0.218028	0.218028	0	0.109014	0.218028	0.109014	0	0	0	0.109014	0.218028	0.109014	0	0	0	0	0.218028	0.218028	0	0	0	0	0.218028	0.218028	0	0.218028	0.218028	0	0.218028	0.218028	0.218028
0	0	0	0	0	0.217986	0.217986	0	0.108994	0.217986	0.108994	0	0.217986	0.217986	0	0	0	0	0	0	0.217986	0.217986	0.108994	0.217986	0.217986	0.217986	0.108994	0	0.217986	0.217986	0.217986	0.217986	0.108994	0.217986	0.108994	0.217986	0.217986	0	0	0	0	0	0	0	0	0	0	0	0	0.217986	0.217986	0	0	0.217986	0.217986	0.108994	0.217986	0.108994	0	0.217986	0.217986	0	0.217986	0.217986	0.217986	0.217986	0.108994	0.217986	0.217986	0.217986	0.108994	0.217986	0.217986	0.217986	0.217986	0.108994	0.217986	0.217986	0.217986	0.108994	0	0	0	0.217986	0.217986	0	0.108994	0.217986	0.108994	0	0	0	0	0	0	0	0	0	0	0	0	0	0.108994	0.217986	0.108994	0	0	0	0	0	0	0	0	0	0	0	0	0	0	0	0	0	0	0.108994	0.217986	0.108994	0	0	0	0	0	0.217986	0.217986	0	0	0	0	0.217986	0.217986	0	0	0	0.108994	0.217986	0.108994	0	0.217986	0.217986	0	0.108994	0.217986	0.108994	0	0.217986	0.217986	0	0	0	0	0	0.217986	0.217986	0	0	0	0.108994	0.217986	0.108994	0	0	0	0	0	0	0	0	0	0	0	0	0.108994	0.217986	0.108994	0	0	0	0.217986	0.217986	0	0.108994	0.217986	0.108994	0.217986	0.217986	0.108994	0.217986	0.108994	0.108994	0.217986	0.326977	0.217986	0.108994	0.217986	0.217986	0.217986	0.108994	0.217986	0.217986	0	0.217986	0.217986	0	0.217986	0.217986	0	0.217986	0.217986	0	0	0.217986	0.217986	0	0.217986	0.217986	0	0.217986	0.217986	0	0.108994	0.217986	0.108994	0	0	0	0.108994	0.217986	0.108994	0	0	0	0	0.217986	0.217986	0	0	0	0	0.217986	0.217986	0	0.217986	0.217986	0	0.217986	0.217986	0.217986
2.28739	2.28739	2.28739	2.31475	2.36915	2.37664	2.32242	2.28739	2.27578	2.2411	2.19425	2.17857	2.15979	2.10559	2.04271	1.9883	1.9609	1.9609	1.94734	1.8933	1.82958	1.73741	1.62757	1.59477	1.56058	1.48009	1.39589	1.30868	1.25012	1.19676	1.16471	1.1868	1.20356	1.21826	1.20356	1.24059	1.27188	1.22615	1.19862	1.19862	1.18508	1.14447	1.10338	1.08968	1.08968	1.08968	1.08968	1.08968	1.08968	1.13307	1.1868	1.1717	1.11725	1.12205	1.13797	1.12222	1.14884	1.13716	1.10338	1.11125	1.10069	1.03557	1.03126	1.03126	1.04181	1.05789	1.02892	1.03126	1.02095	1.00465	0.986768	1.00465	1.00465	1.00465	1.00465	0.986768	1.00465	1.00465	1.00465	0.974853	0.92666	0.872208	0.817757	0.829243	0.855669	0.817757	0.797542	0.839251	0.851543	0.817757	0.776563	0.762823	0.736087	0.681645	0.653859	0.653859	0.653859	0.653859	0.653859	0.653859	0.653859	0.653859	0.647298	0.628977	0.566591	0.57278	0.627209	0.653859	0.653859	0.653859	0.653859	0.653859	0.653859	0.667619	0.708865	0.749327	0.762823	0.762823	0.736087	0.681645	0.653859	0.653859	0.653859	0.674255	0.733558	0.755245	0.762823	0.762823	0.762823	0.762823	0.762823	0.812748	0.8658	0.871782	0.871782	0.871782	0.871782	0.898604	0.898604	0.871782	0.844982	0.790533	0.782275	0.839251	0.839916	0.790533	0.812748	0.855669	0.817757	0.797542	0.839251	0.851543	0.817757	0.829243	0.8658	0.871782	0.871782	0.858271	0.817757	0.776563	0.812748	0.845856	0.790533	0.762823	0.762823	0.770566	0.79334	0.770566	0.762823	0.762823	0.762823	0.762823	0.762823	0.762823	0.762823	0.762823	0.762823	0.736087	0.681645	0.653859	0.647298	0.646147	0.625133	0.640383	0.653859	0.653859	0.689219	0.689219	0.653859	0.647298	0.663431	0.651868	0.654989	0.603074	0.571806	0.612233	0.566591	0.555678	0.586855	0.598124	0.50088	0.44933	0.48736	0.469124	0.444759	0.413634	0.444759	0.402259	0.355231	0.4393	0.402259	0.32694	0.374051	0.370561	0.313614	0.355223	0.329756	0.27381	0.313614	0.355223	0.310632	0.246715	0.348895	0.310632	0.217961	0.288967	0.289607	0.204792	0.225491	0.270388	0.215387	0.204792	0.217961	0.231984	0.286393	0.329756	0.250445	0.217961	0.246715	0.300931	0.32694	0.355223	0.329756	0.27381	0.313614	0.340835	0.3824	0.444759	0.420746	0.3824	0.481614	0.505671	0.49116	0.543861	0.536648	0.572773
4.56665	4.56665	4.56665	4.62205	4.73026	4.73026	4.62205	4.56665	4.5399	4.45968	4.37746	4.35004	4.29724	4.18891	4.08056	3.97217	3.91647	3.91647	3.88973	3.78439	3.63805	3.45562	3.24951	3.16414	3.09864	2.93696	2.78483	2.62228	2.47177	2.364	2.29729	2.34387	2.3982	2.4056	2.3982	2.45253	2.51393	2.45253	2.39573	2.39573	2.36917	2.28954	2.20603	2.17816	2.17816	2.17816	2.17816	2.17816	2.17816	2.23521	2.34387	2.34387	2.23521	2.2114	2.24315	2.23521	2.26565	2.26565	2.20603	2.18901	2.1681	2.07221	2.02667	2.02667	2.04866	2.08077	2.04866	2.02667	2.00628	1.97258	1.96354	1.97258	1.97258	1.97258	1.97258	1.96354	1.97258	1.97258	1.97258	1.9402	1.85488	1.74623	1.63759	1.61503	1.66919	1.63759	1.58328	1.63759	1.69191	1.63759	1.55326	1.52509	1.47467	1.3661	1.3073	1.3073	1.3073	1.3073	1.3073	1.3073	1.3073	1.3073	1.28123	1.20333	1.11803	1.14911	1.25757	1.3073	1.3073	1.3073	1.3073	1.3073	1.3073	1.33564	1.42038	1.49885	1.52509	1.52509	1.47467	1.3661	1.3073	1.3073	1.3073	1.33564	1.42038	1.49885	1.52509	1.52509	1.52509	1.52509	1.52509	1.58328	1.69191	1.74283	1.74283	1.74283	1.74283	1.75638	1.75638	1.74283	1.69191	1.58328	1.55326	1.63759	1.66919	1.58328	1.58328	1.66919	1.63759	1.58328	1.63759	1.69191	1.63759	1.61503	1.69191	1.74283	1.74283	1.71648	1.63759	1.55326	1.58328	1.64841	1.58328	1.52509	1.52509	1.52897	1.54056	1.52897	1.52509	1.52509	1.52509	1.52509	1.52509	1.52509	1.52509	1.52509	1.52509	1.47467	1.3661	1.3073	1.28123	1.23646	1.23646	1.28123	1.3073	1.3073	1.32532	1.32532	1.3073	1.28123	1.27164	1.29046	1.25757	1.14911	1.12859	1.16449	1.11803	1.09491	1.11104	1.05769	0.932468	0.878398	0.898433	0.860048	0.806638	0.806638	0.806638	0.716537	0.716537	0.793189	0.716537	0.653735	0.64746	0.637643	0.628861	0.609083	0.542736	0.555573	0.628861	0.609083	0.502268	0.502268	0.586743	0.502268	0.435834	0.440064	0.439217	0.41221	0.41221	0.390008	0.390008	0.41221	0.435834	0.466265	0.542736	0.542736	0.466265	0.435834	0.502268	0.609083	0.653735	0.609083	0.542736	0.555573	0.628861	0.683146	0.770419	0.806638	0.753378	0.770419	0.887215	0.9392	0.986581	1.02094	1.00446	1.08537
2.28652	2.28652	2.28652	2.32153	2.37573	2.36825	2.31387	2.28652	2.27297	2.2323	2.19139	2.17775	2.15072	2.09633	2.05062	1.99646	1.96015	1.96015	1.94888	1.91359	1.87922	1.81679	1.66743	1.59417	1.61872	1.54134	1.42063	1.36148	1.29164	1.24011	1.16427	1.17126	1.2031	1.2178	1.2031	1.22569	1.2714	1.24012	1.19816	1.19816	1.18838	1.15949	1.10699	1.08927	1.08927	1.08927	1.08927	1.08927	1.08927	1.11682	1.17126	1.18635	1.13264	1.10966	1.13754	1.12179	1.13673	1.1484	1.10699	1.11083	1.1203	1.05222	1.03086	1.03086	1.02853	1.05749	1.04142	1.03086	1.04213	1.00427	0.986393	1.00427	1.00427	1.00427	1.00427	0.986393	1.00427	1.00427	1.00427	0.988081	0.945321	0.892051	0.838932	0.812669	0.839597	0.838932	0.797238	0.817446	0.851219	0.838932	0.781978	0.762533	0.759607	0.70702	0.65361	0.65361	0.65361	0.65361	0.65361	0.65361	0.65361	0.65361	0.640139	0.599765	0.558465	0.602844	0.65474	0.65361	0.65361	0.65361	0.65361	0.65361	0.65361	0.673998	0.733279	0.754958	0.762533	0.762533	0.759607	0.70702	0.65361	0.65361	0.65361	0.667365	0.708596	0.749042	0.762533	0.762533	0.762533	0.762533	0.762533	0.790233	0.844661	0.871451	0.871451	0.871451	0.871451	0.898263	0.898263	0.871451	0.865471	0.812439	0.776268	0.817446	0.855344	0.812439	0.790233	0.839597	0.838932	0.797238	0.817446	0.851219	0.838932	0.812669	0.844661	0.871451	0.871451	0.863114	0.838932	0.781978	0.790233	0.845534	0.812439	0.762533	0.762533	0.770273	0.793038	0.770273	0.762533	0.762533	0.762533	0.762533	0.762533	0.762533	0.762533	0.762533	0.762533	0.759607	0.70702	0.65361	0.640139	0.624895	0.645901	0.647052	0.65361	0.65361	0.688957	0.688957	0.65361	0.640139	0.663179	0.67179	0.62697	0.572563	0.594482	0.612	0.558465	0.555467	0.586632	0.535064	0.463784	0.449159	0.487174	0.439561	0.413477	0.44459	0.413477	0.355095	0.402106	0.439133	0.355095	0.326816	0.336319	0.37042	0.327381	0.300817	0.286285	0.332433	0.327381	0.300817	0.246621	0.310514	0.348763	0.246621	0.217878	0.238202	0.289496	0.225405	0.204715	0.215305	0.270285	0.225405	0.217878	0.25035	0.329631	0.286285	0.231896	0.217878	0.310514	0.355088	0.326816	0.300817	0.286285	0.332433	0.327381	0.353524	0.42628	0.413477	0.387551	0.42628	0.525612	0.547724	0.525974	0.518521	0.536444	0.65924
0	0	0	0.21782	0.21782	0	0	0	0	0	0	0	0	0	0.21782	0.21782	0	0	0.108911	0.326729	0.544537	0.653436	0.435635	0.21782	0.544537	0.544537	0.326729	0.435635	0.435635	0.435635	0.21782	0	0.108911	0.21782	0.108911	0	0.21782	0.21782	0	0	0.108911	0.21782	0.108911	0	0	0	0	0	0	0	0	0.21782	0.21782	0.108911	0.21782	0.108911	0.108911	0.21782	0.108911	0.21782	0.326729	0.21782	0.21782	0.21782	0.108911	0.21782	0.21782	0.21782	0.326729	0.21782	0.108911	0.21782	0.21782	0.21782	0.21782	0.108911	0.21782	0.21782	0.21782	0.21782	0.21782	0.21782	0.21782	0.108911	0.108911	0.21782	0.108911	0	0.108911	0.21782	0.108911	0	0.21782	0.21782	0	0	0	0	0	0	0	0	0	0	0	0.21782	0.21782	0	0	0	0	0	0	0.108911	0.21782	0.108911	0	0	0.21782	0.21782	0	0	0	0	0	0	0	0	0	0	0	0	0	0	0	0	0	0.21782	0.21782	0	0.21782	0.21782	0	0	0.21782	0.21782	0	0.108911	0.21782	0.108911	0	0.108911	0.21782	0.108911	0	0	0	0.108911	0.21782	0.108911	0	0.21782	0.21782	0	0	0.108911	0.21782	0.108911	0	0	0	0	0	0	0	0	0	0.21782	0.21782	0	0	0.108911	0.21782	0.108911	0	0	0.21782	0.21782	0	0	0.21782	0.21782	0	0	0.21782	0.21782	0	0.108911	0.21782	0.108911	0	0.108911	0.21782	0.108911	0.108911	0.21782	0.108911	0	0.21782	0.21782	0	0	0.108911	0.21782	0.108911	0	0.108911	0.21782	0.108911	0	0	0.21782	0.21782	0	0	0.108911	0.21782	0.108911	0	0.108911	0.21782	0.108911	0	0.108911	0.21782	0.108911	0	0	0.21782	0.21782	0	0	0.108911	0.21782	0.108911	0.108911	0.21782	0.108911	0.108911	0.21782	0.326729	0.326729	0.21782	0.108911	0.21782	0.435635
0	0	0	0.217779	0.217779	0	0	0	0	0	0	0	0	0	0.217779	0.217779	0	0	0.10889	0.326667	0.544434	0.653312	0.435552	0.217779	0.544434	0.544434	0.326667	0.435552	0.435552	0.435552	0.217779	0	0.10889	0.217779	0.10889	0	0.217779	0.217779	0	0	0.10889	0.217779	0.10889	0	0	0	0	0	0	0	0	0.217779	0.217779	0.10889	0.217779	0.10889	0.10889	0.217779	0.10889	0.217779	0.326667	0.217779	0.217779	0.217779	0.10889	0.217779	0.217779	0.217779	0.326667	0.217779	0.10889	0.217779	0.217779	0.217779	0.217779	0.10889	0.217779	0.217779	0.217779	0.217779	0.217779	0.217779	0.217779	0.10889	0.10889	0.217779	0.10889	0	0.10889	0.217779	0.10889	0	0.217779	0.217779	0	0	0	0	0	0	0	0	0	0	0	0.217779	0.217779	0	0	0	0	0	0	0.10889	0.217779	0.10889	0	0	0.217779	0.217779	0	0	0	0	0	0	0	0	0	0	0	0	0	0	0	0	0	0.217779	0.217779	0	0.217779	0.217779	0	0	0.217779	0.217779	0	0.10889	0.217779	0.10889	0	0.10889	0.217779	0.10889	0	0	0	0.10889	0.217779	0.10889	0	0.217779	0.217779	0	0	0.10889	0.217779	0.10889	0	0	0	0	0	0	0	0	0	0.217779	0.217779	0	0	0.10889	0.217779	0.10889	0	0	0.217779	0.217779	0	0	0.217779	0.217779	0	0	0.217779	0.217779	0	0.10889	0.217779	0.10889	0	0.10889	0.217779	0.10889	0.10889	0.217779	0.10889	0	0.217779	0.217779	0	0	0.10889	0.217779	0.10889	0	0.10889	0.217779	0.10889	0	0	0.217779	0.217779	0	0	0.10889	0.217779	0.10889	0	0.10889	0.217779	0.10889	0	0.10889	0.217779	0.10889	0	0	0.217779	0.217779	0	0	0.10889	0.217779	0.10889	0.10889	0.217779	0.10889	0.10889	0.217779	0.326667	0.326667	0.217779	0.10889	0.217779	0.435552
0	0	0	0.217738	0.217738	0	0	0	0	0	0	0	0	0	0.217738	0.217738	0	0	0.108869	0.326605	0.544331	0.653188	0.435469	0.217738	0.544331	0.544331	0.326605	0.435469	0.435469	0.435469	0.217738	0	0.108869	0.217738	0.108869	0	0.217738	0.217738	0	0	0.108869	0.217738	0.108869	0	0	0	0	0	0	0	0	0.217738	0.217738	0.108869	0.217738	0.108869	0.108869	0.217738	0.108869	0.217738	0.326605	0.217738	0.217738	0.217738	0.108869	0.217738	0.217738	0.217738	0.326605	0.217738	0.108869	0.217738	0.217738	0.217738	0.217738	0.108869	0.217738	0.217738	0.217738	0.217738	0.217738	0.217738	0.217738	0.108869	0.108869	0.217738	0.108869	0	0.108869	0.217738	0.108869	0	0.217738	0.217738	0	0	0	0	0	0	0	0	0	0	0	0.217738	0.217738	0	0	0	0	0	0	0.108869	0.217738	0.108869	0	0	0.217738	0.217738	0	0	0	0	0	0	0	0	0	0	0	0	0	0	0	0	0	0.217738	0.217738	0	0.217738	0.217738	0	0	0.217738	0.217738	0	0.108869	0.217738	0.108869	0	0.108869	0.217738	0.108869	0	0	0	0.108869	0.217738	0.108869	0	0.217738	0.217738	0	0	0.108869	0.217738	0.108869	0	0	0	0	0	0	0	0	0	0.217738	0.217738	0	0	0.108869	0.217738	0.108869	0	0	0.217738	0.217738	0	0	0.217738	0.217738	0	0	0.217738	0.217738	0	0.108869	0.217738	0.108869	0	0.108869	0.217738	0.108869	0.108869	0.217738	0.108869	0	0.217738	0.217738	0	0	0.108869	0.217738	0.108869	0	0.108869	0.217738	0.108869	0	0	0.217738	0.217738	0	0	0.108869	0.217738	0.108869	0	0.108869	0.217738	0.108869	0	0.108869	0.217738	0.108869	0	0	0.217738	0.217738	0	0	0.108869	0.217738	0.108869	0.108869	0.217738	0.108869	0.108869	0.217738	0.326605	0.326605	0.217738	0.108869	0.217738	0.435469
0	0	0	0.217696	0.217696	0	0	0	0	0	0	0	0	0	0.217696	0.217696	0	0	0.108849	0.326543	0.544227	0.653064	0.435386	0.217696	0.544227	0.544227	0.326543	0.435386	0.435386	0.435386	0.217696	0	0.108849	0.217696	0.108849	0	0.217696	0.217696	0	0	0.108849	0.217696	0.108849	0	0	0	0	0	0	0	0	0.217696	0.217696	0.108849	0.217696	0.108849	0.108849	0.217696	0.108849	0.217696	0.326543	0.217696	0.217696	0.217696	0.108849	0.217696	0.217696	0.217696	0.326543	0.217696	0.108849	0.217696	0.217696	0.217696	0.217696	0.108849	0.217696	0.217696	0.217696	0.217696	0.217696	0.217696	0.217696	0.108849	0.108849	0.217696	0.108849	0	0.108849	0.217696	0.108849	0	0.217696	0.217696	0	0	0	0	0	0	0	0	0	0	0	0.217696	0.217696	0	0	0	0	0	0	0.108849	0.217696	0.108849	0	0	0.217696	0.217696	0	0	0	0	0	0	0	0	0	0	0	0	0	0	0	0	0	0.217696	0.217696	0	0.217696	0.217696	0	0	0.217696	0.217696	0	0.108849	0.217696	0.108849	0	0.108849	0.217696	0.108849	0	0	0	0.108849	0.217696	0.108849	0	0.217696	0.217696	0	0	0.108849	0.217696	0.108849	0	0	0	0	0	0	0	0	0	0.217696	0.217696	0	0	0.108849	0.217696	0.108849	0	0	0.217696	0.217696	0	0	0.217696	0.217696	0	0	0.217696	0.217696	0	0.108849	0.217696	0.108849	0	0.108849	0.217696	0.108849	0.108849	0.217696	0.108849	0	0.217696	0.217696	0	0	0.108849	0.217696	0.108849	0	0.108849	0.217696	0.108849	0	0	0.217696	0.217696	0	0	0.108849	0.217696	0.108849	0	0.108849	0.217696	0.108849	0	0.108849	0.217696	0.108849	0	0	0.217696	0.217696	0	0	0.108849	0.217696	0.108849	0.108849	0.217696	0.108849	0.108849	0.217696	0.326543	0.326543	0.217696	0.108849	0.217696	0.435386
0	0	0	0.217655	0.217655	0	0	0	0	0	0	0	0	0	0.217655	0.217655	0	0	0.108828	0.326481	0.544124	0.65294	0.435304	0.217655	0.544124	0.544124	0.326481	0.435304	0.435304	0.435304	0.217655	0	0.108828	0.217655	0.108828	0	0.217655	0.217655	0	0	0.108828	0.217655	0.108828	0	0	0	0	0	0	0	0	0.217655	0.217655	0.108828	0.217655	0.108828	0.108828	0.217655	0.108828	0.217655	0.326481	0.217655	0.217655	0.217655	0.108828	0.217655	0.217655	0.217655	0.326481	0.217655	0.108828	0.217655	0.217655	0.217655	0.217655	0.108828	0.217655	0.217655	0.217655	0.217655	0.217655	0.217655	0.217655	0.108828	0.108828	0.217655	0.108828	0	0.108828	0.217655	0.108828	0	0.217655	0.217655	0	0	0	0	0	0	0	0	0	0	0	0.217655	0.217655	0	0	0	0	0	0	0.108828	0.217655	0.108828	0	0	0.217655	0.217655	0	0	0	0	0	0	0	0	0	0	0	0	0	0	0	0	0	0.217655	0.217655	0	0.217655	0.217655	0	0	0.217655	0.217655	0	0.108828	0.217655	0.108828	0	0.108828	0.217655	0.108828	0	0	0	0.108828	0.217655	0.108828	0	0.217655	0.217655	0	0	0.108828	0.217655	0.108828	0	0	0	0	0	0	0	0	0	0.217655	0.217655	0	0	0.108828	0.217655	0.108828	0	0	0.217655	0.217655	0	0	0.217655	0.217655	0	0	0.217655	0.217655	0	0.108828	0.217655	0.108828	0	0.108828	0.217655	0.108828	0.108828	0.217655	0.108828	0	0.217655	0.217655	0	0	0.108828	0.217655	0.108828	0	0.108828	0.217655	0.108828	0	0	0.217655	0.217655	0	0	0.108828	0.217655	0.108828	0	0.108828	0.217655	0.108828	0	0.108828	0.217655	0.108828	0	0	0.217655	0.217655	0	0	0.108828	0.217655	0.108828	0.108828	0.217655	0.108828	0.108828	0.217655	0.326481	0.326481	0.217655	0.108828	0.217655	0.435304
0	0	0	0.217614	0.217614	0	0	0	0	0	0	0	0	0	0.217614	0.217614	0	0	0.108807	0.326419	0.54402	0.652816	0.435221	0.217614	0.54402	0.54402	0.326419	0.435221	0.435221	0.435221	0.217614	0	0.108807	0.217614	0.108807	0	0.217614	0.217614	0	0	0.108807	0.217614	0.108807	0	0	0	0	0	0	0	0	0.217614	0.217614	0.108807	0.217614	0.108807	0.108807	0.217614	0.108807	0.217614	0.326419	0.217614	0.217614	0.217614	0.108807	0.217614	0.217614	0.217614	0.326419	0.217614	0.108807	0.217614	0.217614	0.217614	0.217614	0.108807	0.217614	0.217614	0.217614	0.217614	0.217614	0.217614	0.217614	0.108807	0.108807	0.217614	0.108807	0	0.108807	0.217614	0.108807	0	0.217614	0.217614	0	0	0	0	0	0	0	0	0	0	0	0.217614	0.217614	0	0	0	0	0	0	0.108807	0.217614	0.108807	0	0	0.217614	0.217614	0	0	0	0	0	0	0	0	0	0	0	0	0	0	0	0	0	0.217614	0.217614	0	0.217614	0.217614	0	0	0.217614	0.217614	0	0.108807	0.217614	0.108807	0	0.108807	0.217614	0.108807	0	0	0	0.108807	0.217614	0.108807	0	0.217614	0.217614	0	0	0.108807	0.217614	0.108807	0	0	0	0	0	0	0	0	0	0.217614	0.217614	0	0	0.108807	0.217614	0.108807	0	0	0.217614	0.217614	0	0	0.217614	0.217614	0	0	0.217614	0.217614	0	0.108807	0.217614	0.108807	0	0.108807	0.217614	0.108807	0.108807	0.217614	0.108807	0	0.217614	0.217614	0	0	0.108807	0.217614	0.108807	0	0.108807	0.217614	0.108807	0	0	0.217614	0.217614	0	0	0.108807	0.217614	0.108807	0	0.108807	0.217614	0.108807	0	0.108807	0.217614	0.108807	0	0	0.217614	0.217614	0	0	0.108807	0.217614	0.108807	0.108807	0.217614	0.108807	0.108807	0.217614	0.326419	0.326419	0.217614	0.108807	0.217614	0.435221
2.3921	2.3921	2.3921	2.32901	2.17909	2.05303	1.9583	1.8629	1.76819	1.65955	1.56407	1.48256	1.40105	1.30645	1.24798	1.20534	1.12934	1.04783	0.976978	0.964592	1.02624	1.09389	1.02859	0.956514	1.05414	1.07773	1.00624	1.05345	1.07137	1.07137	0.992744	0.925077	0.892319	0.897069	0.877063	0.843539	0.844411	0.864321	0.870293	0.870293	0.888998	0.944065	0.970143	0.979059	0.952257	0.897897	0.870293	0.870293	0.856804	0.81636	0.775236	0.811359	0.864321	0.888998	0.944065	0.958062	0.946218	0.96018	0.946218	0.94992	1.00679	1.02949	1.01921	1.00293	0.985082	1.01339	1.02949	1.01921	1.04074	1.04003	1.02716	1.01921	1.00293	1.00293	1.00293	0.973187	0.976409	0.976409	0.976409	0.986768	1.00293	1.00293	1.00293	0.985082	0.973187	0.966321	0.919261	0.870717	0.838481	0.854207	0.861967	0.843539	0.844411	0.854207	0.81636	0.775236	0.76152	0.748046	0.707654	0.666478	0.652742	0.652742	0.652742	0.652742	0.652742	0.688041	0.688041	0.652742	0.652742	0.652742	0.652742	0.652742	0.652742	0.646192	0.627902	0.565623	0.543958	0.543958	0.602043	0.653869	0.652742	0.652742	0.652742	0.652742	0.652742	0.652742	0.652742	0.652742	0.652742	0.652742	0.652742	0.652742	0.652742	0.639289	0.598968	0.557722	0.543958	0.602043	0.653869	0.652742	0.706081	0.758597	0.748046	0.707654	0.722902	0.73984	0.68048	0.673103	0.732305	0.753955	0.748046	0.731044	0.74903	0.753955	0.76152	0.76152	0.734829	0.704248	0.732305	0.753955	0.748046	0.765873	0.775232	0.76152	0.76152	0.757868	0.765873	0.753955	0.76152	0.76152	0.76152	0.76152	0.734829	0.68048	0.652742	0.652742	0.652742	0.706081	0.758597	0.76152	0.76152	0.753955	0.732305	0.673103	0.652742	0.652742	0.653869	0.602043	0.543958	0.543958	0.550711	0.535731	0.517477	0.543958	0.550711	0.500025	0.435171	0.448562	0.486527	0.448562	0.435171	0.432185	0.462361	0.438977	0.432185	0.425713	0.353054	0.340252	0.415155	0.396472	0.326381	0.326381	0.361336	0.415155	0.353054	0.326381	0.326945	0.331991	0.285904	0.300417	0.326381	0.354616	0.310101	0.246293	0.300417	0.326945	0.331991	0.267871	0.273342	0.318347	0.331991	0.285904	0.300417	0.326945	0.331991	0.267871	0.273342	0.313078	0.354616	0.348299	0.300417	0.340252	0.387036	0.43855	0.412928	0.438977	0.486527	0.448562	0.465157	0.547339	0.611179	0.592437	0.535731	0.517832	0.560692	0.637241
4.77498	4.77498	4.77498	4.64025	4.34399	4.10244	3.9158	3.72384	3.53735	3.32102	3.1284	2.96593	2.80345	2.61781	2.46755	2.38005	2.26178	2.09931	1.94905	1.84611	1.82276	1.87469	1.91387	1.87706	1.88588	1.9384	1.93058	1.96714	2.00487	2.00487	1.94905	1.85171	1.77453	1.75338	1.74325	1.68902	1.6456	1.68902	1.73985	1.73985	1.76786	1.85171	1.93078	1.95718	1.90595	1.79748	1.73985	1.73985	1.71355	1.63479	1.55061	1.58057	1.68902	1.76786	1.85171	1.90595	1.88276	1.88276	1.88276	1.86126	1.93689	2.02321	2.00285	1.96921	1.96019	1.99102	2.02321	2.00285	2.00285	2.04516	2.04516	2.00285	1.96921	1.96921	1.96921	1.93689	1.91523	1.91523	1.91523	1.93689	1.96921	1.96921	1.96921	1.96019	1.93689	1.89527	1.82864	1.74325	1.66634	1.66634	1.71355	1.68902	1.6456	1.66634	1.63479	1.55061	1.52248	1.49629	1.41795	1.33335	1.30507	1.30507	1.30507	1.30507	1.30507	1.32306	1.32306	1.30507	1.30507	1.30507	1.30507	1.30507	1.30507	1.27904	1.20127	1.11612	1.08761	1.08761	1.14714	1.25542	1.30507	1.30507	1.30507	1.30507	1.30507	1.30507	1.30507	1.30507	1.30507	1.30507	1.30507	1.30507	1.30507	1.27904	1.20127	1.11612	1.08761	1.14714	1.25542	1.30507	1.36376	1.47215	1.49629	1.41795	1.39616	1.4304	1.36376	1.33335	1.41795	1.49629	1.49629	1.45015	1.45015	1.49629	1.52248	1.52248	1.47215	1.39616	1.41795	1.49629	1.49629	1.48415	1.50417	1.52248	1.52248	1.50417	1.48415	1.49629	1.52248	1.52248	1.52248	1.52248	1.47215	1.36376	1.30507	1.30507	1.30507	1.36376	1.47215	1.52248	1.52248	1.49629	1.41795	1.33335	1.30507	1.30507	1.25542	1.14714	1.08761	1.08761	1.03895	1.00274	1.03895	1.08761	1.03895	0.930875	0.870128	0.876897	0.896898	0.876897	0.870128	0.844692	0.84425	0.858579	0.844692	0.769103	0.681979	0.681979	0.739699	0.699107	0.652618	0.652618	0.699107	0.739699	0.681979	0.652618	0.627787	0.554623	0.541808	0.608042	0.652618	0.608042	0.50141	0.50141	0.608042	0.627787	0.554623	0.50141	0.554623	0.608042	0.554623	0.541808	0.608042	0.627787	0.554623	0.50141	0.554623	0.627787	0.608042	0.58574	0.608042	0.681979	0.752091	0.791834	0.80526	0.858579	0.896898	0.876897	0.912021	1.0318	1.08352	1.04214	1.00274	1.0192	1.05588	1.0318
2.39119	2.39119	2.39119	2.33761	2.20251	2.07158	1.99342	1.88348	1.80717	1.70111	1.58877	1.50867	1.42871	1.35916	1.28943	1.22314	1.16371	1.08485	1.04247	1.03517	1.02585	1.00915	0.99756	1.01025	1.01517	1.03963	1.00586	1.02316	1.07096	1.07096	1.01445	0.943706	0.906767	0.896728	0.87673	0.863992	0.84409	0.843218	0.869962	0.869962	0.883658	0.924726	0.965193	0.978688	0.970344	0.917099	0.869962	0.869962	0.86164	0.837499	0.780642	0.788883	0.843218	0.883658	0.924726	0.957699	0.959816	0.945859	0.959816	0.949559	0.965958	1.0291	1.04035	1.00255	0.984708	0.999788	1.0291	1.04035	1.01882	1.02677	1.03964	1.04035	1.00255	1.00255	1.00255	0.986393	0.976038	0.976038	0.976038	0.972818	1.00255	1.00255	1.00255	0.984708	0.986393	0.988633	0.933273	0.890527	0.853883	0.838162	0.856479	0.863992	0.84409	0.838162	0.837499	0.780642	0.761231	0.753668	0.732027	0.672847	0.652494	0.652494	0.652494	0.652494	0.652494	0.68778	0.68778	0.652494	0.652494	0.652494	0.652494	0.652494	0.652494	0.639046	0.598741	0.557511	0.543752	0.543752	0.571585	0.625899	0.652494	0.652494	0.652494	0.652494	0.652494	0.652494	0.652494	0.652494	0.652494	0.652494	0.652494	0.652494	0.652494	0.645947	0.627663	0.565408	0.543752	0.571585	0.625899	0.652494	0.680222	0.73455	0.753668	0.732027	0.70398	0.739558	0.705812	0.666225	0.707385	0.747763	0.753668	0.748746	0.730766	0.747763	0.761231	0.761231	0.758309	0.722627	0.707385	0.747763	0.753668	0.765582	0.75758	0.761231	0.761231	0.774937	0.765582	0.747763	0.761231	0.761231	0.761231	0.761231	0.758309	0.705812	0.652494	0.652494	0.652494	0.680222	0.73455	0.761231	0.761231	0.747763	0.707385	0.666225	0.652494	0.652494	0.625899	0.571585	0.543752	0.543752	0.517281	0.535527	0.550501	0.543752	0.517281	0.462992	0.435006	0.448391	0.486341	0.448391	0.435006	0.421632	0.462184	0.468144	0.421632	0.381602	0.340123	0.35292	0.414996	0.361199	0.326257	0.326257	0.396321	0.414996	0.340123	0.326257	0.312959	0.273238	0.329067	0.354481	0.326257	0.300303	0.2462	0.309983	0.354481	0.312959	0.273238	0.267769	0.331864	0.318226	0.273238	0.329067	0.354481	0.312959	0.273238	0.267769	0.331864	0.326821	0.300303	0.348166	0.354481	0.35292	0.419867	0.438382	0.44383	0.468144	0.486341	0.448391	0.492759	0.636997	0.610946	0.553511	0.535527	0.542725	0.560479	0.547131
0	0	0	0.326168	0.434887	0.326168	0.434887	0.326168	0.434887	0.434887	0.326168	0.326168	0.326168	0.434887	0.434887	0.326168	0.326168	0.326168	0.434887	0.543603	0.543603	0.434887	0.326168	0.434887	0.434887	0.434887	0.326168	0.326168	0.434887	0.434887	0.326168	0.217447	0.217447	0.217447	0.108724	0.217447	0.217447	0	0	0	0	0	0	0	0.217447	0.217447	0	0	0.108724	0.217447	0.108724	0	0	0	0	0.108724	0.217447	0.108724	0.217447	0.217447	0	0.217447	0.326168	0.217447	0.108724	0.108724	0.217447	0.326168	0.217447	0.108724	0.217447	0.326168	0.217447	0.217447	0.217447	0.217447	0.217447	0.217447	0.217447	0.108724	0.217447	0.217447	0.217447	0.108724	0.217447	0.326168	0.217447	0.217447	0.217447	0.108724	0	0.217447	0.217447	0.108724	0.217447	0.108724	0	0.108724	0.217447	0.108724	0	0	0	0	0	0.217447	0.217447	0	0	0	0	0	0	0	0	0	0	0	0	0	0	0	0	0	0	0	0	0	0	0	0	0	0	0.108724	0.217447	0.108724	0	0	0	0	0	0	0.108724	0.217447	0.108724	0.217447	0.217447	0	0	0	0.108724	0.217447	0.108724	0	0	0	0.217447	0.217447	0	0	0.108724	0.217447	0.108724	0	0	0.217447	0.217447	0	0	0	0	0	0.217447	0.217447	0	0	0	0	0	0	0	0	0	0	0	0	0	0	0	0	0	0.217447	0.217447	0	0	0	0	0.108724	0.217447	0.108724	0	0	0.217447	0.217447	0	0	0	0.108724	0.217447	0.108724	0	0	0.217447	0.217447	0	0	0	0	0.217447	0.217447	0	0	0	0.217447	0.217447	0	0	0.108724	0.217447	0.108724	0	0.217447	0.217447	0	0	0.108724	0.217447	0.108724	0	0.217447	0.217447	0.108724	0.217447	0.217447	0.217447	0.217447	0.217447	0.108724	0.217447	0.434887	0.326168	0.217447	0.217447	0.217447	0.217447	0.217447
0	0	0	0.326106	0.434805	0.326106	0.434805	0.326106	0.434805	0.434805	0.326106	0.326106	0.326106	0.434805	0.434805	0.326106	0.326106	0.326106	0.434805	0.5435	0.5435	0.434805	0.326106	0.434805	0.434805	0.434805	0.326106	0.326106	0.434805	0.434805	0.326106	0.217406	0.217406	0.217406	0.108703	0.217406	0.217406	0	0	0	0	0	0	0	0.217406	0.217406	0	0	0.108703	0.217406	0.108703	0	0	0	0	0.108703	0.217406	0.108703	0.217406	0.217406	0	0.217406	0.326106	0.217406	0.108703	0.108703	0.217406	0.326106	0.217406	0.108703	0.217406	0.326106	0.217406	0.217406	0.217406	0.217406	0.217406	0.217406	0.217406	0.108703	0.217406	0.217406	0.217406	0.108703	0.217406	0.326106	0.217406	0.217406	0.217406	0.108703	0	0.217406	0.217406	0.108703	0.217406	0.108703	0	0.108703	0.217406	0.108703	0	0	0	0	0	0.217406	0.217406	0	0	0	0	0	0	0	0	0	0	0	0	0	0	0	0	0	0	0	0	0	0	0	0	0	0	0.108703	0.217406	0.108703	0	0	0	0	0	0	0.108703	0.217406	0.108703	0.217406	0.217406	0	0	0	0.108703	0.217406	0.108703	0	0	0	0.217406	0.217406	0	0	0.108703	0.217406	0.108703	0	0	0.217406	0.217406	0	0	0	0	0	0.217406	0.217406	0	0	0	0	0	0	0	0	0	0	0	0	0	0	0	0	0	0.217406	0.217406	0	0	0	0	0.108703	0.217406	0.108703	0	0	0.217406	0.217406	0	0	0	0.108703	0.217406	0.108703	0	0	0.217406	0.217406	0	0	0	0	0.217406	0.217406	0	0	0	0.217406	0.217406	0	0	0.108703	0.217406	0.108703	0	0.217406	0.217406	0	0	0.108703	0.217406	0.108703	0	0.217406	0.217406	0.108703	0.217406	0.217406	0.217406	0.217406	0.217406	0.108703	0.217406	0.434805	0.326106	0.217406	0.217406	0.217406	0.217406	0.217406
0	0	0	0.326045	0.434722	0.326045	0.434722	0.326045	0.434722	0.434722	0.326045	0.326045	0.326045	0.434722	0.434722	0.326045	0.326045	0.326045	0.434722	0.543397	0.543397	0.434722	0.326045	0.434722	0.434722	0.434722	0.326045	0.326045	0.434722	0.434722	0.326045	0.217364	0.217364	0.217364	0.108683	0.217364	0.217364	0	0	0	0	0	0	0	0.217364	0.217364	0	0	0.108683	0.217364	0.108683	0	0	0	0	0.108683	0.217364	0.108683	0.217364	0.217364	0	0.217364	0.326045	0.217364	0.108683	0.108683	0.217364	0.326045	0.217364	0.108683	0.217364	0.326045	0.217364	0.217364	0.217364	0.217364	0.217364	0.217364	0.217364	0.108683	0.217364	0.217364	0.217364	0.108683	0.217364	0.326045	0.217364	0.217364	0.217364	0.108683	0	0.217364	0.217364	0.108683	0.217364	0.108683	0	0.108683	0.217364	0.108683	0	0	0	0	0	0.217364	0.217364	0	0	0	0	0	0	0	0	0	0	0	0	0	0	0	0	0	0	0	0	0	0	0	0	0	0	0.108683	0.217364	0.108683	0	0	0	0	0	0	0.108683	0.217364	0.108683	0.217364	0.217364	0	0	0	0.108683	0.217364	0.108683	0	0	0	0.217364	0.217364	0	0	0.108683	0.217364	0.108683	0	0	0.217364	0.217364	0	0	0	0	0	0.217364	0.217364	0	0	0	0	0	0	0	0	0	0	0	0	0	0	0	0	0	0.217364	0.217364	0	0	0	0	0.108683	0.217364	0.108683	0	0	0.217364	0.217364	0	0	0	0.108683	0.217364	0.108683	0	0	0.217364	0.217364	0	0	0	0	0.217364	0.217364	0	0	0	0.217364	0.217364	0	0	0.108683	0.217364	0.108683	0	0.217364	0.217364	0	0	0.108683	0.217364	0.108683	0	0.217364	0.217364	0.108683	0.217364	0.217364	0.217364	0.217364	0.217364	0.108683	0.217364	0.434722	0.326045	0.217364	0.217364	0.217364	0.217364	0.217364
0	0	0	0.325983	0.43464	0.325983	0.43464	0.325983	0.43464	0.43464	0.325983	0.325983	0.325983	0.43464	0.43464	0.325983	0.325983	0.325983	0.43464	0.543294	0.543294	0.43464	0.325983	0.43464	0.43464	0.43464	0.325983	0.325983	0.43464	0.43464	0.325983	0.217323	0.217323	0.217323	0.108662	0.217323	0.217323	0	0	0	0	0	0	0	0.217323	0.217323	0	0	0.108662	0.217323	0.108662	0	0	0	0	0.108662	0.217323	0.108662	0.217323	0.217323	0	0.217323	0.325983	0.217323	0.108662	0.108662	0.217323	0.325983	0.217323	0.108662	0.217323	0.325983	0.217323	0.217323	0.217323	0.217323	0.217323	0.217323	0.217323	0.108662	0.217323	0.217323	0.217323	0.108662	0.217323	0.325983	0.217323	0.217323	0.217323	0.108662	0	0.217323	0.217323	0.108662	0.217323	0.108662	0	0.108662	0.217323	0.108662	0	0	0	0	0	0.217323	0.217323	0	0	0	0	0	0	0	0	0	0	0	0	0	0	0	0	0	0	0	0	0	0	0	0	0	0	0.108662	0.217323	0.108662	0	0	0	0	0	0	0.108662	0.217323	0.108662	0.217323	0.217323	0	0	0	0.108662	0.217323	0.108662	0	0	0	0.217323	0.217323	0	0	0.108662	0.217323	0.108662	0	0	0.217323	0.217323	0	0	0	0	0	0.217323	0.217323	0	0	0	0	0	0	0	0	0	0	0	0	0	0	0	0	0	0.217323	0.217323	0	0	0	0	0.108662	0.217323	0.108662	0	0	0.217323	0.217323	0	0	0	0.108662	0.217323	0.108662	0	0	0.217323	0.217323	0	0	0	0	0.217323	0.217323	0	0	0	0.217323	0.217323	0	0	0.108662	0.217323	0.108662	0	0.217323	0.217323	0	0	0.108662	0.217323	0.108662	0	0.217323	0.217323	0.108662	0.217323	0.217323	0.217323	0.217323	0.217323	0.108662	0.217323	0.43464	0.325983	0.217323	0.217323	0.217323	0.217323	0.217323
0	0	0	0.325921	0.434558	0.325921	0.434558	0.325921	0.434558	0.434558	0.325921	0.325921	0.325921	0.434558	0.434558	0.325921	0.325921	0.325921	0.434558	0.543191	0.543191	0.434558	0.325921	0.434558	0.434558	0.434558	0.325921	0.325921	0.434558	0.434558	0.325921	0.217282	0.217282	0.217282	0.108641	0.217282	0.217282	0	0	0	0	0	0	0	0.217282	0.217282	0	0	0.108641	0.217282	0.108641	0	0	0	0	0.108641	0.217282	0.108641	0.217282	0.217282	0	0.217282	0.325921	0.217282	0.108641	0.108641	0.217282	0.325921	0.217282	0.108641	0.217282	0.325921	0.217282	0.217282	0.217282	0.217282	0.217282	0.217282	0.217282	0.108641	0.217282	0.217282	0.217282	0.108641	0.217282	0.325921	0.217282	0.217282	0.217282	0.108641	0	0.217282	0.217282	0.108641	0.217282	0.108641	0	0.108641	0.217282	0.108641	0	0	0	0	0	0.217282	0.217282	0	0	0	0	0	0	0	0	0	0	0	0	0	0	0	0	0	0	0	0	0	0	0	0	0	0	0.108641	0.217282	0.108641	0	0	0	0	0	0	0.108641	0.217282	0.108641	0.217282	0.217282	0	0	0	0.108641	0.217282	0.108641	0	0	0	0.217282	0.217282	0	0	0.108641	0.217282	0.108641	0	0	0.217282	0.217282	0	0	0	0	0	0.217282	0.217282	0	0	0	0	0	0	0	0	0	0	0	0	0	0	0	0	0	0.217282	0.217282	0	0	0	0	0.108641	0.217282	0.108641	0	0	0.217282	0.217282	0	0	0	0.108641	0.217282	0.108641	0	0	0.217282	0.217282	0	0	0	0	0.217282	0.217282	0	0	0	0.217282	0.217282	0	0	0.108641	0.217282	0.108641	0	0.217282	0.217282	0	0	0.108641	0.217282	0.108641	0	0.217282	0.217282	0.108641	0.217282	0.217282	0.217282	0.217282	0.217282	0.108641	0.217282	0.434558	0.325921	0.217282	0.217282	0.217282	0.217282	0.217282
0	0	0	0.325859	0.434475	0.325859	0.434475	0.325859	0.434475	0.434475	0.325859	0.325859	0.325859	0.434475	0.434475	0.325859	0.325859	0.325859	0.434475	0.543088	0.543088	0.434475	0.325859	0.434475	0.434475	0.434475	0.325859	0.325859	0.434475	0.434475	0.325859	0.217241	0.217241	0.217241	0.108621	0.217241	0.217241	0	0	0	0	0	0	0	0.217241	0.217241	0	0	0.108621	0.217241	0.108621	0	0	0	0	0.108621	0.217241	0.108621	0.217241	0.217241	0	0.217241	0.325859	0.217241	0.108621	0.108621	0.217241	0.325859	0.217241	0.108621	0.217241	0.325859	0.217241	0.217241	0.217241	0.217241	0.217241	0.217241	0.217241	0.108621	0.217241	0.217241	0.217241	0.108621	0.217241	0.325859	0.217241	0.217241	0.217241	0.108621	0	0.217241	0.217241	0.108621	0.217241	0.108621	0	0.108621	0.217241	0.108621	0	0	0	0	0	0.217241	0.217241	0	0	0	0	0	0	0	0	0	0	0	0	0	0	0	0	0	0	0	0	0	0	0	0	0	0	0.108621	0.217241	0.108621	0	0	0	0	0	0	0.108621	0.217241	0.108621	0.217241	0.217241	0	0	0	0.108621	0.217241	0.108621	0	0	0	0.217241	0.217241	0	0	0.108621	0.217241	0.108621	0	0	0.217241	0.217241	0	0	0	0	0	0.217241	0.217241	0	0	0	0	0	0	0	0	0	0	0	0	0	0	0	0	0	0.217241	0.217241	0	0	0	0	0.108621	0.217241	0.108621	0	0	0.217241	0.217241	0	0	0	0.108621	0.217241	0.108621	0	0	0.217241	0.217241	0	0	0	0	0.217241	0.217241	0	0	0	0.217241	0.217241	0	0	0.108621	0.217241	0.108621	0	0.217241	0.217241	0	0	0.108621	0.217241	0.108621	0	0.217241	0.217241	0.108621	0.217241	0.217241	0.217241	0.217241	0.217241	0.108621	0.217241	0.434475	0.325859	0.217241	0.217241	0.217241	0.217241	0.217241
0.883314	0.80197	0.720645	0.746752	0.7765	0.680386	0.741793	0.698822	0.738556	0.735805	0.65668	0.65668	0.65668	0.716778	0.719601	0.686051	0.704339	0.698822	0.733546	0.768142	0.789204	0.757522	0.670562	0.697759	0.716778	0.716778	0.65668	0.651891	0.697759	0.722924	0.704339	0.661162	0.669748	0.686862	0.649639	0.661162	0.669748	0.625064	0.570822	0.529626	0.48948	0.448207	0.434426	0.434426	0.492102	0.510121	0.448207	0.434426	0.447793	0.485692	0.447793	0.434426	0.434426	0.434426	0.434426	0.457967	0.524374	0.53791	0.601011	0.635583	0.570822	0.601011	0.692202	0.686862	0.660609	0.671949	0.721663	0.784304	0.773903	0.7796	0.826408	0.877234	0.833511	0.80746	0.790627	0.790627	0.790627	0.790627	0.781484	0.729791	0.747747	0.76456	0.76456	0.729791	0.738572	0.791554	0.790627	0.790627	0.790627	0.767931	0.73357	0.738572	0.738572	0.703041	0.73105	0.752663	0.73357	0.703041	0.73105	0.752663	0.760215	0.760215	0.760215	0.760215	0.760215	0.757297	0.704871	0.651623	0.625064	0.570822	0.543026	0.543026	0.543026	0.543026	0.543026	0.543026	0.543026	0.543026	0.543026	0.543026	0.543026	0.543026	0.543026	0.543026	0.543026	0.543026	0.543026	0.543026	0.543026	0.543026	0.543026	0.543026	0.543026	0.564653	0.618241	0.596397	0.556767	0.543026	0.543026	0.543026	0.543026	0.529626	0.516945	0.542001	0.53791	0.601011	0.652749	0.651623	0.651623	0.651623	0.660609	0.686862	0.660609	0.651623	0.651623	0.651623	0.704871	0.757297	0.760215	0.73357	0.703041	0.73105	0.752663	0.760215	0.746765	0.76456	0.773903	0.760215	0.760215	0.746765	0.706442	0.665336	0.704871	0.757297	0.760215	0.73357	0.679314	0.651623	0.651623	0.651623	0.651623	0.651623	0.651623	0.651623	0.651623	0.625064	0.570822	0.543026	0.543026	0.543026	0.543026	0.584848	0.584848	0.543026	0.543026	0.543026	0.543026	0.53791	0.524374	0.457967	0.434426	0.434426	0.449432	0.400882	0.325822	0.339669	0.381093	0.421505	0.424983	0.352449	0.325822	0.325822	0.354007	0.309569	0.217216	0.217216	0.245871	0.299902	0.354007	0.309569	0.217216	0.245871	0.299902	0.354007	0.309569	0.245871	0.299902	0.326385	0.350343	0.31017	0.312541	0.354007	0.347701	0.299902	0.339669	0.386373	0.419307	0.352449	0.354016	0.437797	0.437797	0.41222	0.443237	0.437797	0.437797	0.437797	0.456347	0.438224	0.485692	0.614333	0.54301	0.485692	0.485692	0.485692	0.503941	0.5464
1.77149	1.60951	1.44767	1.38315	1.36141	1.23789	1.27915	1.27915	1.27077	1.26525	1.18562	1.18562	1.18562	1.21991	1.22743	1.25121	1.29033	1.27915	1.26262	1.21537	1.27077	1.31547	1.21991	1.17595	1.21991	1.21991	1.18562	1.17595	1.17595	1.23789	1.29033	1.2673	1.28605	1.32079	1.28605	1.2673	1.28605	1.25327	1.14518	1.06	0.983208	0.897421	0.868637	0.868637	0.910459	0.948113	0.897421	0.868637	0.875395	0.895362	0.875395	0.868637	0.868637	0.868637	0.868637	0.897421	0.983208	1.06	1.14518	1.21387	1.14518	1.14518	1.2673	1.32079	1.30734	1.33107	1.39377	1.46385	1.5016	1.54795	1.60951	1.66061	1.62408	1.57061	1.5353	1.5353	1.5353	1.5353	1.5172	1.44767	1.44767	1.4816	1.4816	1.44767	1.42795	1.4816	1.5353	1.5353	1.5353	1.52374	1.46963	1.42795	1.42795	1.39377	1.41552	1.49373	1.46963	1.39377	1.41552	1.49373	1.51987	1.51987	1.51987	1.51987	1.51987	1.46963	1.36143	1.30283	1.25327	1.14518	1.08575	1.08575	1.08575	1.08575	1.08575	1.08575	1.08575	1.08575	1.08575	1.08575	1.08575	1.08575	1.08575	1.08575	1.08575	1.08575	1.08575	1.08575	1.08575	1.08575	1.08575	1.08575	1.08575	1.11421	1.17846	1.17846	1.11421	1.08575	1.08575	1.08575	1.08575	1.06	1.01745	1.01745	1.06	1.14518	1.25327	1.30283	1.30283	1.30283	1.30734	1.32079	1.30734	1.30283	1.30283	1.30283	1.36143	1.46963	1.51987	1.46963	1.39377	1.41552	1.49373	1.51987	1.49373	1.4816	1.5016	1.51987	1.51987	1.49373	1.41552	1.33107	1.36143	1.46963	1.51987	1.46963	1.36143	1.30283	1.30283	1.30283	1.30283	1.30283	1.30283	1.30283	1.30283	1.25327	1.14518	1.08575	1.08575	1.08575	1.08575	1.10724	1.10724	1.08575	1.08575	1.08575	1.08575	1.06	0.983208	0.897421	0.868637	0.868637	0.821559	0.714087	0.6515	0.680811	0.767786	0.821559	0.767786	0.680811	0.6515	0.6515	0.607001	0.500551	0.434343	0.434343	0.500551	0.607001	0.607001	0.500551	0.434343	0.500551	0.607001	0.607001	0.500551	0.500551	0.607001	0.626711	0.592874	0.592874	0.626711	0.607001	0.584737	0.607001	0.680811	0.750803	0.750803	0.680811	0.714087	0.790477	0.790477	0.80388	0.80388	0.790477	0.790477	0.790477	0.832687	0.857108	0.895362	0.971131	0.927685	0.895362	0.895362	0.895362	0.935989	1.03004
0.92691	0.849815	0.773601	0.786807	0.88273	0.680124	0.698554	0.741508	0.738272	0.787733	0.656428	0.656428	0.656428	0.716502	0.674959	0.652777	0.704068	0.741508	0.845225	0.714185	0.693526	0.808039	0.768568	0.65164	0.716502	0.716502	0.656428	0.697492	0.65164	0.645115	0.704068	0.660907	0.649388	0.686597	0.669489	0.660907	0.649388	0.652497	0.600779	0.537703	0.524172	0.45779	0.434258	0.434258	0.464181	0.509925	0.45779	0.434258	0.44762	0.485505	0.44762	0.434258	0.434258	0.434258	0.434258	0.448033	0.489291	0.529421	0.570601	0.635338	0.600779	0.570601	0.63881	0.686597	0.660354	0.665079	0.702769	0.755298	0.756277	0.773609	0.809885	0.876896	0.859293	0.834069	0.790322	0.790322	0.790322	0.790322	0.808967	0.747458	0.729509	0.764265	0.764265	0.747458	0.738287	0.74524	0.790322	0.790322	0.790322	0.767634	0.757005	0.738287	0.738287	0.721384	0.706168	0.746476	0.757005	0.721384	0.706168	0.746476	0.759921	0.759921	0.759921	0.759921	0.759921	0.733287	0.679052	0.651371	0.652497	0.600779	0.542817	0.542817	0.542817	0.542817	0.542817	0.542817	0.542817	0.542817	0.542817	0.542817	0.542817	0.542817	0.542817	0.542817	0.542817	0.542817	0.542817	0.542817	0.542817	0.542817	0.542817	0.542817	0.542817	0.556552	0.596167	0.618002	0.564435	0.542817	0.542817	0.542817	0.542817	0.537703	0.541792	0.516745	0.529421	0.570601	0.624823	0.651371	0.651371	0.651371	0.660354	0.686597	0.660354	0.651371	0.651371	0.651371	0.679052	0.733287	0.759921	0.757005	0.721384	0.706168	0.746476	0.759921	0.752372	0.764265	0.756277	0.759921	0.759921	0.752372	0.730768	0.671689	0.679052	0.733287	0.759921	0.757005	0.704598	0.651371	0.651371	0.651371	0.651371	0.651371	0.651371	0.651371	0.651371	0.652497	0.600779	0.542817	0.542817	0.542817	0.542817	0.584622	0.584622	0.542817	0.542817	0.542817	0.542817	0.529421	0.489291	0.448033	0.434258	0.434258	0.408021	0.353879	0.325696	0.352313	0.42482	0.421342	0.380945	0.339538	0.325696	0.325696	0.299786	0.245776	0.217132	0.217132	0.30945	0.353871	0.299786	0.245776	0.217132	0.30945	0.353871	0.299786	0.245776	0.30945	0.353871	0.312421	0.31005	0.350208	0.326259	0.299786	0.347568	0.353871	0.352313	0.419145	0.386223	0.339538	0.400728	0.437629	0.437629	0.443067	0.412061	0.437629	0.437629	0.437629	0.502276	0.46734	0.485505	0.614098	0.542802	0.485505	0.485505	0.485505	0.545848	0.635903
0.32561	0.32561	0.32561	0.434143	0.651199	0.32561	0.32561	0.434143	0.434143	0.542673	0.32561	0.32561	0.32561	0.434143	0.32561	0.217074	0.32561	0.434143	0.651199	0.434143	0.32561	0.542673	0.542673	0.32561	0.434143	0.434143	0.32561	0.434143	0.32561	0.217074	0.32561	0.217074	0.108538	0.217074	0.217074	0.217074	0.108538	0.217074	0.217074	0.108538	0.217074	0.108538	0	0	0.108538	0.217074	0.108538	0	0.108538	0.217074	0.108538	0	0	0	0	0	0	0	0	0.217074	0.217074	0	0.108538	0.217074	0.108538	0	0.108538	0.217074	0.108538	0	0.108538	0.32561	0.32561	0.32561	0.217074	0.217074	0.217074	0.217074	0.32561	0.217074	0.108538	0.217074	0.217074	0.217074	0.217074	0.108538	0.217074	0.217074	0.217074	0.108538	0.217074	0.217074	0.217074	0.217074	0	0	0.217074	0.217074	0	0	0	0	0	0	0	0	0	0	0.217074	0.217074	0	0	0	0	0	0	0	0	0	0	0	0	0	0	0	0	0	0	0	0	0	0	0	0	0.108538	0.217074	0.108538	0	0	0	0	0.108538	0.217074	0.108538	0	0	0	0	0	0	0.108538	0.217074	0.108538	0	0	0	0	0	0	0.217074	0.217074	0	0	0	0.108538	0.217074	0.108538	0	0	0.108538	0.217074	0.108538	0	0	0	0.217074	0.217074	0	0	0	0	0	0	0	0	0.217074	0.217074	0	0	0	0	0.217074	0.217074	0	0	0	0	0	0	0	0	0	0	0	0	0.108538	0.217074	0.108538	0	0	0	0	0	0	0	0	0.217074	0.217074	0	0	0	0.217074	0.217074	0	0	0.217074	0.217074	0	0.108538	0.217074	0.108538	0	0.217074	0.217074	0.108538	0.217074	0.108538	0	0.217074	0.217074	0.217074	0.217074	0.108538	0.217074	0.217074	0.217074	0.32561	0.217074	0.217074	0.434143	0.32561	0.217074	0.217074	0.217074	0.32561	0.434143
0.325548	0.325548	0.325548	0.43406	0.651075	0.325548	0.325548	0.43406	0.43406	0.54257	0.325548	0.325548	0.325548	0.43406	0.325548	0.217033	0.325548	0.43406	0.651075	0.43406	0.325548	0.54257	0.54257	0.325548	0.43406	0.43406	0.325548	0.43406	0.325548	0.217033	0.325548	0.217033	0.108517	0.217033	0.217033	0.217033	0.108517	0.217033	0.217033	0.108517	0.217033	0.108517	0	0	0.108517	0.217033	0.108517	0	0.108517	0.217033	0.108517	0	0	0	0	0	0	0	0	0.217033	0.217033	0	0.108517	0.217033	0.108517	0	0.108517	0.217033	0.108517	0	0.108517	0.325548	0.325548	0.325548	0.217033	0.217033	0.217033	0.217033	0.325548	0.217033	0.108517	0.217033	0.217033	0.217033	0.217033	0.108517	0.217033	0.217033	0.217033	0.108517	0.217033	0.217033	0.217033	0.217033	0	0	0.217033	0.217033	0	0	0	0	0	0	0	0	0	0	0.217033	0.217033	0	0	0	0	0	0	0	0	0	0	0	0	0	0	0	0	0	0	0	0	0	0	0	0	0.108517	0.217033	0.108517	0	0	0	0	0.108517	0.217033	0.108517	0	0	0	0	0	0	0.108517	0.217033	0.108517	0	0	0	0	0	0	0.217033	0.217033	0	0	0	0.108517	0.217033	0.108517	0	0	0.108517	0.217033	0.108517	0	0	0	0.217033	0.217033	0	0	0	0	0	0	0	0	0.217033	0.217033	0	0	0	0	0.217033	0.217033	0	0	0	0	0	0	0	0	0	0	0	0	0.108517	0.217033	0.108517	0	0	0	0	0	0	0	0	0.217033	0.217033	0	0	0	0.217033	0.217033	0	0	0.217033	0.217033	0	0.108517	0.217033	0.108517	0	0.217033	0.217033	0.108517	0.217033	0.108517	0	0.217033	0.217033	0.217033	0.217033	0.108517	0.217033	0.217033	0.217033	0.325548	0.217033	0.217033	0.43406	0.325548	0.217033	0.217033	0.217033	0.325548	0.43406
0.325486	0.325486	0.325486	0.433978	0.650952	0.325486	0.325486	0.433978	0.433978	0.542467	0.325486	0.325486	0.325486	0.433978	0.325486	0.216992	0.325486	0.433978	0.650952	0.433978	0.325486	0.542467	0.542467	0.325486	0.433978	0.433978	0.325486	0.433978	0.325486	0.216992	0.325486	0.216992	0.108497	0.216992	0.216992	0.216992	0.108497	0.216992	0.216992	0.108497	0.216992	0.108497	0	0	0.108497	0.216992	0.108497	0	0.108497	0.216992	0.108497	0	0	0	0	0	0	0	0	0.216992	0.216992	0	0.108497	0.216992	0.108497	0	0.108497	0.216992	0.108497	0	0.108497	0.325486	0.325486	0.325486	0.216992	0.216992	0.216992	0.216992	0.325486	0.216992	0.108497	0.216992	0.216992	0.216992	0.216992	0.108497	0.216992	0.216992	0.216992	0.108497	0.216992	0.216992	0.216992	0.216992	0	0	0.216992	0.216992	0	0	0	0	0	0	0	0	0	0	0.216992	0.216992	0	0	0	0	0	0	0	0	0	0	0	0	0	0	0	0	0	0	0	0	0	0	0	0	0.108497	0.216992	0.108497	0	0	0	0	0.108497	0.216992	0.108497	0	0	0	0	0	0	0.108497	0.216992	0.108497	0	0	0	0	0	0	0.216992	0.216992	0	0	0	0.108497	0.216992	0.108497	0	0	0.108497	0.216992	0.108497	0	0	0	0.216992	0.216992	0	0	0	0	0	0	0	0	0.216992	0.216992	0	0	0	0	0.216992	0.216992	0	0	0	0	0	0	0	0	0	0	0	0	0.108497	0.216992	0.108497	0	0	0	0	0	0	0	0	0.216992	0.216992	0	0	0	0.216992	0.216992	0	0	0.216992	0.216992	0	0.108497	0.216992	0.108497	0	0.216992	0.216992	0.108497	0.216992	0.108497	0	0.216992	0.216992	0.216992	0.216992	0.108497	0.216992	0.216992	0.216992	0.325486	0.216992	0.216992	0.433978	0.325486	0.216992	0.216992	0.216992	0.325486	0.433978
0.325425	0.325425	0.325425	0.433896	0.650829	0.325425	0.325425	0.433896	0.433896	0.542364	0.325425	0.325425	0.325425	0.433896	0.325425	0.216951	0.325425	0.433896	0.650829	0.433896	0.325425	0.542364	0.542364	0.325425	0.433896	0.433896	0.325425	0.433896	0.325425	0.216951	0.325425	0.216951	0.108476	0.216951	0.216951	0.216951	0.108476	0.216951	0.216951	0.108476	0.216951	0.108476	0	0	0.108476	0.216951	0.108476	0	0.108476	0.216951	0.108476	0	0	0	0	0	0	0	0	0.216951	0.216951	0	0.108476	0.216951	0.108476	0	0.108476	0.216951	0.108476	0	0.108476	0.325425	0.325425	0.325425	0.216951	0.216951	0.216951	0.216951	0.325425	0.216951	0.108476	0.216951	0.216951	0.216951	0.216951	0.108476	0.216951	0.216951	0.216951	0.108476	0.216951	0.216951	0.216951	0.216951	0	0	0.216951	0.216951	0	0	0	0	0	0	0	0	0	0	0.216951	0.216951	0	0	0	0	0	0	0	0	0	0	0	0	0	0	0	0	0	0	0	0	0	0	0	0	0.108476	0.216951	0.108476	0	0	0	0	0.108476	0.216951	0.108476	0	0	0	0	0	0	0.108476	0.216951	0.108476	0	0	0	0	0	0	0.216951	0.216951	0	0	0	0.108476	0.216951	0.108476	0	0	0.108476	0.216951	0.108476	0	0	0	0.216951	0.216951	0	0	0	0	0	0	0	0	0.216951	0.216951	0	0	0	0	0.216951	0.216951	0	0	0	0	0	0	0	0	0	0	0	0	0.108476	0.216951	0.108476	0	0	0	0	0	0	0	0	0.216951	0.216951	0	0	0	0.216951	0.216951	0	0	0.216951	0.216951	0	0.108476	0.216951	0.108476	0	0.216951	0.216951	0.108476	0.216951	0.108476	0	0.216951	0.216951	0.216951	0.216951	0.108476	0.216951	0.216951	0.216951	0.325425	0.216951	0.216951	0.433896	0.325425	0.216951	0.216951	0.216951	0.325425	0.433896
0.325361	0.325361	0.325361	0.433811	0.650701	0.325361	0.325361	0.433811	0.433811	0.542258	0.325361	0.325361	0.325361	0.433811	0.325361	0.216908	0.325361	0.433811	0.650701	0.433811	0.325361	0.542258	0.542258	0.325361	0.433811	0.433811	0.325361	0.433811	0.325361	0.216908	0.325361	0.216908	0.108455	0.216908	0.216908	0.216908	0.108455	0.216908	0.216908	0.108455	0.216908	0.108455	0	0	0.108455	0.216908	0.108455	0	0.108455	0.216908	0.108455	0	0	0	0	0	0	0	0	0.216908	0.216908	0	0.108455	0.216908	0.108455	0	0.108455	0.216908	0.108455	0	0.108455	0.325361	0.325361	0.325361	0.216908	0.216908	0.216908	0.216908	0.325361	0.216908	0.108455	0.216908	0.216908	0.216908	0.216908	0.108455	0.216908	0.216908	0.216908	0.108455	0.216908	0.216908	0.216908	0.216908	0	0	0.216908	0.216908	0	0	0	0	0	0	0	0	0	0	0.216908	0.216908	0	0	0	0	0	0	0	0	0	0	0	0	0	0	0	0	0	0	0	0	0	0	0	0	0.108455	0.216908	0.108455	0	0	0	0	0.108455	0.216908	0.108455	0	0	0	0	0	0	0.108455	0.216908	0.108455	0	0	0	0	0	0	0.216908	0.216908	0	0	0	0.108455	0.216908	0.108455	0	0	0.108455	0.216908	0.108455	0	0	0	0.216908	0.216908	0	0	0	0	0	0	0	0	0.216908	0.216908	0	0	0	0	0.216908	0.216908	0	0	0	0	0	0	0	0	0	0	0	0	0.108455	0.216908	0.108455	0	0	0	0	0	0	0	0	0.216908	0.216908	0	0	0	0.216908	0.216908	0	0	0.216908	0.216908	0	0.108455	0.216908	0.108455	0	0.216908	0.216908	0.108455	0.216908	0.108455	0	0.216908	0.216908	0.216908	0.216908	0.108455	0.216908	0.216908	0.216908	0.325361	0.216908	0.216908	0.433811	0.325361	0.216908	0.216908	0.216908	0.325361	0.433811
0.517915	0.479223	0.461647	0.511481	0.691112	0.461647	0.428626	0.491325	0.488699	0.56894	0.351887	0.335312	0.335312	0.441288	0.325866	0.242469	0.342898	0.428619	0.642914	0.492822	0.422153	0.613685	0.62789	0.480757	0.576335	0.576335	0.501702	0.594229	0.542181	0.48495	0.542181	0.479233	0.41159	0.43248	0.41381	0.41381	0.360166	0.395187	0.41381	0.360166	0.39098	0.342918	0.299444	0.245495	0.249207	0.326441	0.260735	0.216884	0.249207	0.330915	0.325886	0.299444	0.245495	0.216884	0.216884	0.216884	0.20378	0.164907	0.122748	0.233201	0.268369	0.216884	0.237115	0.288175	0.224376	0.216884	0.24248	0.306707	0.24248	0.216884	0.24248	0.387666	0.403005	0.440887	0.39098	0.395187	0.41381	0.41381	0.480757	0.44256	0.41159	0.437129	0.448745	0.48495	0.48495	0.457267	0.516151	0.533995	0.541173	0.537088	0.583954	0.583954	0.583954	0.583954	0.542196	0.542196	0.583954	0.583954	0.542196	0.542196	0.542196	0.542196	0.542196	0.542196	0.542196	0.542196	0.542196	0.542196	0.600092	0.651751	0.650627	0.650627	0.650627	0.624108	0.569949	0.542196	0.542196	0.542196	0.542196	0.542196	0.542196	0.542196	0.542196	0.542196	0.542196	0.542196	0.542196	0.542196	0.5158	0.461667	0.433761	0.433761	0.433761	0.433761	0.457267	0.523573	0.537088	0.542196	0.542196	0.542196	0.542196	0.56379	0.617296	0.595485	0.555915	0.542196	0.542196	0.542196	0.542196	0.542196	0.56379	0.625868	0.644098	0.650627	0.637217	0.597028	0.555915	0.542196	0.542196	0.600092	0.642953	0.597028	0.555915	0.542196	0.56379	0.625868	0.644098	0.637217	0.597028	0.579537	0.625868	0.644098	0.650627	0.650627	0.650627	0.703793	0.737443	0.678275	0.650627	0.650627	0.650627	0.624108	0.569949	0.542196	0.542196	0.600092	0.651751	0.650627	0.637217	0.597028	0.555915	0.548926	0.498404	0.433761	0.433761	0.433761	0.433761	0.433761	0.433761	0.433761	0.433761	0.407555	0.353474	0.325324	0.325324	0.325886	0.330915	0.249207	0.245495	0.299444	0.325324	0.325324	0.325324	0.325324	0.325324	0.325324	0.353467	0.309097	0.216884	0.245495	0.299444	0.353467	0.309097	0.245495	0.299444	0.372202	0.368729	0.312063	0.360166	0.41381	0.385782	0.407555	0.466805	0.460863	0.437554	0.48495	0.447109	0.433761	0.48495	0.48495	0.48495	0.503171	0.489856	0.533995	0.551928	0.576672	0.632284	0.583954	0.583954	0.694316	0.632284	0.583954	0.583954	0.619373	0.697755	0.72182
0.874041	0.776594	0.737289	0.694185	0.805823	0.737289	0.652736	0.635047	0.632142	0.644221	0.424234	0.363631	0.363631	0.463138	0.330844	0.306649	0.390894	0.423375	0.635047	0.639669	0.630423	0.791574	0.834926	0.780375	0.874041	0.874041	0.831415	0.921893	0.926268	0.893994	0.926268	0.88283	0.802652	0.780375	0.737303	0.737303	0.696842	0.696842	0.737303	0.696842	0.685682	0.659474	0.606073	0.499786	0.46396	0.533894	0.488635	0.433679	0.46396	0.552827	0.625753	0.606073	0.499786	0.433679	0.433679	0.433679	0.410173	0.342854	0.249898	0.291929	0.394653	0.433679	0.437889	0.437046	0.410173	0.433679	0.447024	0.484859	0.447024	0.433679	0.447024	0.534578	0.583844	0.679762	0.685682	0.696842	0.737303	0.737303	0.780375	0.802652	0.802652	0.789269	0.820304	0.893994	0.893994	0.896049	0.962438	0.999496	1.0159	1.05838	1.10555	1.10555	1.10555	1.10555	1.08409	1.08409	1.10555	1.10555	1.08409	1.08409	1.08409	1.08409	1.08409	1.08409	1.08409	1.08409	1.08409	1.08409	1.14343	1.25136	1.30084	1.30084	1.30084	1.25136	1.14343	1.08409	1.08409	1.08409	1.08409	1.08409	1.08409	1.08409	1.08409	1.08409	1.08409	1.08409	1.08409	1.08409	1.03559	0.92786	0.867309	0.867309	0.867309	0.867309	0.896049	0.981705	1.05838	1.08409	1.08409	1.08409	1.08409	1.11251	1.17666	1.17666	1.11251	1.08409	1.08409	1.08409	1.08409	1.08409	1.11251	1.19738	1.2749	1.30084	1.2749	1.19738	1.11251	1.08409	1.08409	1.14343	1.23035	1.19738	1.11251	1.08409	1.11251	1.19738	1.2749	1.2749	1.19738	1.14343	1.19738	1.2749	1.30084	1.30084	1.30084	1.35935	1.42577	1.35935	1.30084	1.30084	1.30084	1.25136	1.14343	1.08409	1.08409	1.14343	1.25136	1.30084	1.2749	1.19738	1.11251	1.03559	0.92786	0.867309	0.867309	0.867309	0.867309	0.867309	0.867309	0.867309	0.867309	0.820304	0.712996	0.650504	0.650504	0.625753	0.552827	0.46396	0.499786	0.606073	0.650504	0.650504	0.650504	0.650504	0.650504	0.650504	0.606073	0.499786	0.433679	0.499786	0.606073	0.606073	0.499786	0.499786	0.606073	0.64426	0.634491	0.625753	0.696842	0.737303	0.749655	0.820304	0.855798	0.841516	0.855798	0.893994	0.874057	0.867309	0.893994	0.893994	0.893994	0.934559	0.962438	0.999496	1.03877	1.09117	1.1318	1.10555	1.10555	1.16757	1.1318	1.10555	1.10555	1.18381	1.27719	1.236
0.639533	0.53959	0.59492	0.511287	0.548694	0.59492	0.569698	0.566141	0.644095	0.648354	0.430592	0.335185	0.335185	0.441121	0.249099	0.242377	0.342768	0.278997	0.418491	0.425456	0.36609	0.545003	0.560939	0.432316	0.576117	0.576117	0.455477	0.539598	0.541976	0.484767	0.541976	0.523015	0.442393	0.480575	0.413653	0.413653	0.395038	0.360029	0.413653	0.395038	0.390832	0.342789	0.353333	0.30898	0.23075	0.326317	0.307191	0.216802	0.23075	0.272353	0.311945	0.353333	0.30898	0.216802	0.216802	0.216802	0.224291	0.24984	0.154491	0.138185	0.191627	0.216802	0.287429	0.288066	0.203703	0.216802	0.242388	0.306591	0.242388	0.216802	0.242388	0.325752	0.302984	0.387528	0.390832	0.360029	0.413653	0.413653	0.432316	0.411434	0.442393	0.436963	0.407401	0.484767	0.484767	0.447352	0.48967	0.533793	0.515959	0.528616	0.583733	0.583733	0.583733	0.583733	0.541991	0.541991	0.583733	0.583733	0.541991	0.541991	0.541991	0.541991	0.541991	0.541991	0.541991	0.541991	0.541991	0.541991	0.569733	0.623872	0.65038	0.65038	0.65038	0.651504	0.599865	0.541991	0.541991	0.541991	0.541991	0.541991	0.541991	0.541991	0.541991	0.541991	0.541991	0.541991	0.541991	0.541991	0.548719	0.498216	0.433597	0.433597	0.433597	0.433597	0.447352	0.488547	0.528616	0.541991	0.541991	0.541991	0.541991	0.555705	0.59526	0.617062	0.563577	0.541991	0.541991	0.541991	0.541991	0.541991	0.555705	0.596802	0.636976	0.65038	0.643855	0.625631	0.563577	0.541991	0.541991	0.569733	0.621807	0.625631	0.563577	0.541991	0.555705	0.596802	0.636976	0.643855	0.625631	0.579318	0.596802	0.636976	0.65038	0.65038	0.65038	0.678019	0.737164	0.703527	0.65038	0.65038	0.65038	0.651504	0.599865	0.541991	0.541991	0.569733	0.623872	0.65038	0.643855	0.625631	0.563577	0.515605	0.461492	0.433597	0.433597	0.433597	0.433597	0.433597	0.433597	0.433597	0.433597	0.448575	0.400119	0.325201	0.325201	0.311945	0.272353	0.23075	0.30898	0.353333	0.325201	0.325201	0.325201	0.325201	0.325201	0.325201	0.29933	0.245402	0.216802	0.30898	0.353333	0.29933	0.245402	0.30898	0.353333	0.334657	0.36859	0.325763	0.395038	0.413653	0.418508	0.448575	0.437389	0.460688	0.466629	0.484767	0.446939	0.433597	0.484767	0.484767	0.484767	0.545017	0.515955	0.533793	0.590294	0.613475	0.632045	0.583733	0.583733	0.694053	0.632045	0.583733	0.583733	0.699326	0.740381	0.644134
0.541847	0.433483	0.541847	0.433483	0.433483	0.541847	0.541847	0.541847	0.650208	0.650208	0.433483	0.325115	0.325115	0.433483	0.216744	0.216744	0.325115	0.216744	0.325115	0.325115	0.216744	0.433483	0.433483	0.216744	0.433483	0.433483	0.216744	0.325115	0.325115	0.216744	0.325115	0.325115	0.216744	0.325115	0.216744	0.216744	0.216744	0.108373	0.216744	0.216744	0.216744	0.108373	0.216744	0.216744	0	0.216744	0.216744	0	0	0	0	0.216744	0.216744	0	0	0	0.108373	0.216744	0.108373	0	0	0	0.216744	0.216744	0	0	0.108373	0.216744	0.108373	0	0.108373	0.216744	0.108373	0.216744	0.216744	0.108373	0.216744	0.216744	0.216744	0.108373	0.216744	0.216744	0	0.216744	0.216744	0	0.108373	0.216744	0.108373	0	0.216744	0.216744	0.216744	0.216744	0	0	0.216744	0.216744	0	0	0	0	0	0	0	0	0	0	0	0	0	0	0	0.216744	0.216744	0	0	0	0	0	0	0	0	0	0	0	0	0	0.216744	0.216744	0	0	0	0	0	0	0	0	0	0	0	0	0.108373	0.216744	0.108373	0	0	0	0	0	0	0	0	0	0.108373	0.216744	0.108373	0	0	0	0.108373	0.216744	0.108373	0	0	0	0	0.108373	0.216744	0.108373	0	0	0	0	0	0	0.216744	0.216744	0	0	0	0.216744	0.216744	0	0	0	0	0	0.108373	0.216744	0.108373	0	0	0	0	0	0	0	0	0	0	0.216744	0.216744	0	0	0	0	0	0.216744	0.216744	0	0	0	0	0	0	0	0	0	0.216744	0.216744	0	0	0.216744	0.216744	0.108373	0.216744	0.108373	0.216744	0.216744	0.216744	0.216744	0.108373	0.216744	0.216744	0.216744	0.108373	0	0.216744	0.216744	0.216744	0.325115	0.216744	0.216744	0.325115	0.325115	0.325115	0.216744	0.216744	0.433483	0.325115	0.216744	0.216744	0.433483	0.433483	0.216744
0.541741	0.433397	0.541741	0.433397	0.433397	0.541741	0.541741	0.541741	0.65008	0.65008	0.433397	0.325051	0.325051	0.433397	0.216702	0.216702	0.325051	0.216702	0.325051	0.325051	0.216702	0.433397	0.433397	0.216702	0.433397	0.433397	0.216702	0.325051	0.325051	0.216702	0.325051	0.325051	0.216702	0.325051	0.216702	0.216702	0.216702	0.108351	0.216702	0.216702	0.216702	0.108351	0.216702	0.216702	0	0.216702	0.216702	0	0	0	0	0.216702	0.216702	0	0	0	0.108351	0.216702	0.108351	0	0	0	0.216702	0.216702	0	0	0.108351	0.216702	0.108351	0	0.108351	0.216702	0.108351	0.216702	0.216702	0.108351	0.216702	0.216702	0.216702	0.108351	0.216702	0.216702	0	0.216702	0.216702	0	0.108351	0.216702	0.108351	0	0.216702	0.216702	0.216702	0.216702	0	0	0.216702	0.216702	0	0	0	0	0	0	0	0	0	0	0	0	0	0	0	0.216702	0.216702	0	0	0	0	0	0	0	0	0	0	0	0	0	0.216702	0.216702	0	0	0	0	0	0	0	0	0	0	0	0	0.108351	0.216702	0.108351	0	0	0	0	0	0	0	0	0	0.108351	0.216702	0.108351	0	0	0	0.108351	0.216702	0.108351	0	0	0	0	0.108351	0.216702	0.108351	0	0	0	0	0	0	0.216702	0.216702	0	0	0	0.216702	0.216702	0	0	0	0	0	0.108351	0.216702	0.108351	0	0	0	0	0	0	0	0	0	0	0.216702	0.216702	0	0	0	0	0	0.216702	0.216702	0	0	0	0	0	0	0	0	0	0.216702	0.216702	0	0	0.216702	0.216702	0.108351	0.216702	0.108351	0.216702	0.216702	0.216702	0.216702	0.108351	0.216702	0.216702	0.216702	0.108351	0	0.216702	0.216702	0.216702	0.325051	0.216702	0.216702	0.325051	0.325051	0.325051	0.216702	0.216702	0.433397	0.325051	0.216702	0.216702	0.433397	0.433397	0.216702
0.541638	0.433315	0.541638	0.433315	0.433315	0.541638	0.541638	0.541638	0.649958	0.649958	0.433315	0.324989	0.324989	0.433315	0.216661	0.216661	0.324989	0.216661	0.324989	0.324989	0.216661	0.433315	0.433315	0.216661	0.433315	0.433315	0.216661	0.324989	0.324989	0.216661	0.324989	0.324989	0.216661	0.324989	0.216661	0.216661	0.216661	0.108331	0.216661	0.216661	0.216661	0.108331	0.216661	0.216661	0	0.216661	0.216661	0	0	0	0	0.216661	0.216661	0	0	0	0.108331	0.216661	0.108331	0	0	0	0.216661	0.216661	0	0	0.108331	0.216661	0.108331	0	0.108331	0.216661	0.108331	0.216661	0.216661	0.108331	0.216661	0.216661	0.216661	0.108331	0.216661	0.216661	0	0.216661	0.216661	0	0.108331	0.216661	0.108331	0	0.216661	0.216661	0.216661	0.216661	0	0	0.216661	0.216661	0	0	0	0	0	0	0	0	0	0	0	0	0	0	0	0.216661	0.216661	0	0	0	0	0	0	0	0	0	0	0	0	0	0.216661	0.216661	0	0	0	0	0	0	0	0	0	0	0	0	0.108331	0.216661	0.108331	0	0	0	0	0	0	0	0	0	0.108331	0.216661	0.108331	0	0	0	0.108331	0.216661	0.108331	0	0	0	0	0.108331	0.216661	0.108331	0	0	0	0	0	0	0.216661	0.216661	0	0	0	0.216661	0.216661	0	0	0	0	0	0.108331	0.216661	0.108331	0	0	0	0	0	0	0	0	0	0	0.216661	0.216661	0	0	0	0	0	0.216661	0.216661	0	0	0	0	0	0	0	0	0	0.216661	0.216661	0	0	0.216661	0.216661	0.108331	0.216661	0.108331	0.216661	0.216661	0.216661	0.216661	0.108331	0.216661	0.216661	0.216661	0.108331	0	0.216661	0.216661	0.216661	0.324989	0.216661	0.216661	0.324989	0.324989	0.324989	0.216661	0.216661	0.433315	0.324989	0.216661	0.216661	0.433315	0.433315	0.216661
0.541536	0.433233	0.541536	0.433233	0.433233	0.541536	0.541536	0.541536	0.649835	0.649835	0.433233	0.324928	0.324928	0.433233	0.21662	0.21662	0.324928	0.21662	0.324928	0.324928	0.21662	0.433233	0.433233	0.21662	0.433233	0.433233	0.21662	0.324928	0.324928	0.21662	0.324928	0.324928	0.21662	0.324928	0.21662	0.21662	0.21662	0.10831	0.21662	0.21662	0.21662	0.10831	0.21662	0.21662	0	0.21662	0.21662	0	0	0	0	0.21662	0.21662	0	0	0	0.10831	0.21662	0.10831	0	0	0	0.21662	0.21662	0	0	0.10831	0.21662	0.10831	0	0.10831	0.21662	0.10831	0.21662	0.21662	0.10831	0.21662	0.21662	0.21662	0.10831	0.21662	0.21662	0	0.21662	0.21662	0	0.10831	0.21662	0.10831	0	0.21662	0.21662	0.21662	0.21662	0	0	0.21662	0.21662	0	0	0	0	0	0	0	0	0	0	0	0	0	0	0	0.21662	0.21662	0	0	0	0	0	0	0	0	0	0	0	0	0	0.21662	0.21662	0	0	0	0	0	0	0	0	0	0	0	0	0.10831	0.21662	0.10831	0	0	0	0	0	0	0	0	0	0.10831	0.21662	0.10831	0	0	0	0.10831	0.21662	0.10831	0	0	0	0	0.10831	0.21662	0.10831	0	0	0	0	0	0	0.21662	0.21662	0	0	0	0.21662	0.21662	0	0	0	0	0	0.10831	0.21662	0.10831	0	0	0	0	0	0	0	0	0	0	0.21662	0.21662	0	0	0	0	0	0.21662	0.21662	0	0	0	0	0	0	0	0	0	0.21662	0.21662	0	0	0.21662	0.21662	0.10831	0.21662	0.10831	0.21662	0.21662	0.21662	0.21662	0.10831	0.21662	0.21662	0.21662	0.10831	0	0.21662	0.21662	0.21662	0.324928	0.21662	0.21662	0.324928	0.324928	0.324928	0.21662	0.21662	0.433233	0.324928	0.21662	0.21662	0.433233	0.433233	0.21662
0.541434	0.433152	0.541434	0.433152	0.433152	0.541434	0.541434	0.541434	0.649712	0.649712	0.433152	0.324866	0.324866	0.433152	0.216579	0.216579	0.324866	0.216579	0.324866	0.324866	0.216579	0.433152	0.433152	0.216579	0.433152	0.433152	0.216579	0.324866	0.324866	0.216579	0.324866	0.324866	0.216579	0.324866	0.216579	0.216579	0.216579	0.10829	0.216579	0.216579	0.216579	0.10829	0.216579	0.216579	0	0.216579	0.216579	0	0	0	0	0.216579	0.216579	0	0	0	0.10829	0.216579	0.10829	0	0	0	0.216579	0.216579	0	0	0.10829	0.216579	0.10829	0	0.10829	0.216579	0.10829	0.216579	0.216579	0.10829	0.216579	0.216579	0.216579	0.10829	0.216579	0.216579	0	0.216579	0.216579	0	0.10829	0.216579	0.10829	0	0.216579	0.216579	0.216579	0.216579	0	0	0.216579	0.216579	0	0	0	0	0	0	0	0	0	0	0	0	0	0	0	0.216579	0.216579	0	0	0	0	0	0	0	0	0	0	0	0	0	0.216579	0.216579	0	0	0	0	0	0	0	0	0	0	0	0	0.10829	0.216579	0.10829	0	0	0	0	0	0	0	0	0	0.10829	0.216579	0.10829	0	0	0	0.10829	0.216579	0.10829	0	0	0	0	0.10829	0.216579	0.10829	0	0	0	0	0	0	0.216579	0.216579	0	0	0	0.216579	0.216579	0	0	0	0	0	0.10829	0.216579	0.10829	0	0	0	0	0	0	0	0	0	0	0.216579	0.216579	0	0	0	0	0	0.216579	0.216579	0	0	0	0	0	0	0	0	0	0.216579	0.216579	0	0	0.216579	0.216579	0.10829	0.216579	0.10829	0.216579	0.216579	0.216579	0.216579	0.10829	0.216579	0.216579	0.216579	0.10829	0	0.216579	0.216579	0.216579	0.324866	0.216579	0.216579	0.324866	0.324866	0.324866	0.216579	0.216579	0.433152	0.324866	0.216579	0.216579	0.433152	0.433152	0.216579
0.541331	0.43307	0.541331	0.43307	0.43307	0.541331	0.541331	0.541331	0.649589	0.649589	0.43307	0.324805	0.324805	0.43307	0.216538	0.216538	0.324805	0.216538	0.324805	0.324805	0.216538	0.43307	0.43307	0.216538	0.43307	0.43307	0.216538	0.324805	0.324805	0.216538	0.324805	0.324805	0.216538	0.324805	0.216538	0.216538	0.216538	0.108269	0.216538	0.216538	0.216538	0.108269	0.216538	0.216538	0	0.216538	0.216538	0	0	0	0	0.216538	0.216538	0	0	0	0.108269	0.216538	0.108269	0	0	0	0.216538	0.216538	0	0	0.108269	0.216538	0.108269	0	0.108269	0.216538	0.108269	0.216538	0.216538	0.108269	0.216538	0.216538	0.216538	0.108269	0.216538	0.216538	0	0.216538	0.216538	0	0.108269	0.216538	0.108269	0	0.216538	0.216538	0.216538	0.216538	0	0	0.216538	0.216538	0	0	0	0	0	0	0	0	0	0	0	0	0	0	0	0.216538	0.216538	0	0	0	0	0	0	0	0	0	0	0	0	0	0.216538	0.216538	0	0	0	0	0	0	0	0	0	0	0	0	0.108269	0.216538	0.108269	0	0	0	0	0	0	0	0	0	0.108269	0.216538	0.108269	0	0	0	0.108269	0.216538	0.108269	0	0	0	0	0.108269	0.216538	0.108269	0	0	0	0	0	0	0.216538	0.216538	0	0	0	0.216538	0.216538	0	0	0	0	0	0.108269	0.216538	0.108269	0	0	0	0	0	0	0	0	0	0	0.216538	0.216538	0	0	0	0	0	0.216538	0.216538	0	0	0	0	0	0	0	0	0	0.216538	0.216538	0	0	0.216538	0.216538	0.108269	0.216538	0.108269	0.216538	0.216538	0.216538	0.216538	0.108269	0.216538	0.216538	0.216538	0.108269	0	0.216538	0.216538	0.216538	0.324805	0.216538	0.216538	0.324805	0.324805	0.324805	0.216538	0.216538	0.43307	0.324805	0.216538	0.216538	0.43307	0.43307	0.216538
1.40704	1.36909	1.40704	1.33662	1.23649	1.21015	1.22279	1.28639	1.41585	1.45209	1.38662	1.39136	1.35295	1.31787	1.24181	1.16831	1.13008	1.10387	1.11245	1.06126	0.977967	1.03045	1.09588	1.10387	1.18139	1.21619	1.1359	1.13008	1.13008	1.10387	1.11245	1.06126	0.997977	1.01037	0.907278	0.804619	0.719072	0.658472	0.68464	0.702591	0.754848	0.743117	0.754848	0.78807	0.705715	0.68464	0.68464	0.623042	0.543969	0.460878	0.433021	0.484121	0.484121	0.433021	0.406859	0.329247	0.291486	0.363095	0.376953	0.276	0.216513	0.216513	0.306182	0.306182	0.216513	0.191372	0.191365	0.232802	0.195158	0.121033	0.121027	0.2061	0.157801	0.2061	0.229637	0.232808	0.270627	0.270633	0.352862	0.327011	0.352862	0.412219	0.382741	0.390311	0.412219	0.433021	0.446345	0.484121	0.446345	0.433021	0.513491	0.617134	0.722124	0.78807	0.705715	0.649515	0.722124	0.827948	0.865992	0.865992	0.865992	0.865992	0.865992	0.865992	0.865992	0.865992	0.865992	0.865992	0.865992	0.865992	0.865992	0.865992	0.865992	0.934319	1.04107	1.08244	1.08244	1.08244	1.08244	1.08244	1.08244	1.08244	1.08244	1.08244	1.08244	1.08244	1.08244	1.08244	1.10387	1.10387	1.08244	1.08244	1.08244	1.08244	1.08244	1.08244	1.08244	1.08244	1.05574	0.975723	0.893459	0.865992	0.896731	0.987654	1.05851	1.08244	1.08244	1.08244	1.08244	1.08244	1.05574	0.975723	0.893459	0.865992	0.896731	0.987654	1.05851	1.08244	1.08244	1.08244	1.11246	1.20167	1.2252	1.13784	1.08244	1.08244	1.08244	1.11246	1.20167	1.2744	1.29886	1.29886	1.29886	1.29886	1.24594	1.13784	1.14809	1.2553	1.29886	1.2721	1.19189	1.17892	1.2553	1.24594	1.13784	1.08244	1.08244	1.05574	1.01037	1.01903	1.05851	1.08244	1.08244	1.02976	0.921697	0.865992	0.865992	0.83937	0.759686	0.677117	0.649515	0.722124	0.827948	0.865992	0.865992	0.865992	0.865992	0.865992	0.827948	0.722124	0.649515	0.649515	0.649515	0.649515	0.677117	0.759686	0.83937	0.865992	0.865992	0.892635	0.892635	0.865992	0.865992	0.892635	0.892635	0.903239	0.945226	0.926451	0.945226	0.945226	0.945226	0.977967	1.01037	1.01903	1.03046	1.08311	1.11771	1.19189	1.23235	1.21017	1.27382	1.33882	1.31677	1.31677	1.33882	1.33882	1.33882	1.31677	1.31677	1.30111	1.20106	1.18881	1.21017	1.23234	1.18139	1.10387
1.40677	1.36882	1.40677	1.37946	1.28271	1.20992	1.20082	1.2492	1.39265	1.4518	1.37149	1.39109	1.38687	1.31762	1.2533	1.19777	1.12986	1.10365	1.13051	1.08019	0.992631	1.01017	1.06312	1.10365	1.16368	1.21596	1.14849	1.12986	1.12986	1.10365	1.13051	1.08019	0.997782	1.03025	0.945033	0.847006	0.739012	0.658343	0.684506	0.689836	0.742971	0.7547	0.742971	0.787915	0.721983	0.684506	0.684506	0.627603	0.564986	0.467099	0.432936	0.484027	0.484027	0.432936	0.413914	0.363024	0.291429	0.329182	0.399508	0.31555	0.216471	0.216471	0.306123	0.306123	0.216471	0.206072	0.232757	0.191328	0.19512	0.195114	0.121004	0.15777	0.206061	0.15777	0.171134	0.267858	0.270575	0.223132	0.326947	0.352794	0.326947	0.382666	0.412138	0.390235	0.382666	0.432936	0.446257	0.484027	0.446257	0.432936	0.490047	0.59773	0.705576	0.787915	0.721983	0.649388	0.705576	0.813517	0.865822	0.865822	0.865822	0.865822	0.865822	0.865822	0.865822	0.865822	0.865822	0.865822	0.865822	0.865822	0.865822	0.865822	0.865822	0.921516	1.02955	1.08223	1.08223	1.08223	1.08223	1.08223	1.08223	1.08223	1.08223	1.08223	1.08223	1.08223	1.08223	1.08223	1.10365	1.10365	1.08223	1.08223	1.08223	1.08223	1.08223	1.08223	1.08223	1.08223	1.0583	0.987461	0.896555	0.865822	0.893284	0.975531	1.05553	1.08223	1.08223	1.08223	1.08223	1.08223	1.0583	0.987461	0.896555	0.865822	0.893284	0.975531	1.05553	1.08223	1.08223	1.08223	1.10961	1.19165	1.23211	1.14786	1.08223	1.08223	1.08223	1.10961	1.19165	1.27185	1.29861	1.29861	1.29861	1.29861	1.25505	1.14786	1.13762	1.24569	1.29861	1.27415	1.20144	1.17121	1.24569	1.25505	1.14786	1.08223	1.08223	1.0583	1.01883	1.01018	1.05553	1.08223	1.08223	1.04086	0.934136	0.865822	0.865822	0.842686	0.774802	0.681295	0.649388	0.705576	0.813517	0.865822	0.865822	0.865822	0.865822	0.865822	0.813517	0.705576	0.649388	0.649388	0.649388	0.649388	0.681295	0.774802	0.842686	0.865822	0.865822	0.89246	0.89246	0.865822	0.865822	0.89246	0.89246	0.912735	0.94504	0.926269	0.94504	0.94504	0.94504	0.992631	1.01883	1.01018	1.04437	1.09633	1.12532	1.20144	1.22496	1.20993	1.30085	1.33856	1.31651	1.31651	1.33856	1.33856	1.33856	1.31651	1.31651	1.27357	1.18857	1.20082	1.20993	1.21536	1.16368	1.10365
0.541021	0.432821	0.541021	0.649216	0.649216	0.541021	0.432821	0.324619	0.541021	0.649216	0.324619	0.324619	0.541021	0.432821	0.324619	0.432821	0.324619	0.216414	0.432821	0.432821	0.324619	0.324619	0.216414	0.216414	0.324619	0.432821	0.324619	0.324619	0.324619	0.216414	0.432821	0.432821	0.216414	0.432821	0.432821	0.432821	0.324619	0.108207	0.216414	0.108207	0.108207	0.216414	0.108207	0.216414	0.216414	0.216414	0.216414	0.108207	0.216414	0.108207	0	0.216414	0.216414	0	0.108207	0.216414	0.108207	0	0.216414	0.216414	0	0	0.216414	0.216414	0	0.108207	0.216414	0.108207	0.108207	0.216414	0.108207	0.108207	0.216414	0.108207	0	0.216414	0.216414	0	0.108207	0.216414	0.108207	0	0.216414	0.216414	0	0	0.108207	0.216414	0.108207	0	0	0	0	0.216414	0.216414	0	0	0	0	0	0	0	0	0	0	0	0	0	0	0	0	0	0	0	0	0	0	0	0	0	0	0	0	0	0	0	0	0	0.216414	0.216414	0	0	0	0	0	0	0	0	0.108207	0.216414	0.108207	0	0	0	0	0	0	0	0	0	0.108207	0.216414	0.108207	0	0	0	0	0	0	0	0	0	0.216414	0.216414	0	0	0	0	0	0	0	0	0	0	0.216414	0.216414	0	0	0	0.108207	0.216414	0.108207	0	0.216414	0.216414	0	0	0.108207	0.216414	0.108207	0	0	0	0.216414	0.216414	0	0	0.108207	0.216414	0.108207	0	0	0	0	0	0	0	0	0	0	0	0	0	0	0.108207	0.216414	0.108207	0	0	0.216414	0.216414	0	0	0.216414	0.216414	0.216414	0.216414	0.108207	0.216414	0.216414	0.216414	0.324619	0.216414	0.108207	0.324619	0.324619	0.216414	0.216414	0.108207	0.216414	0.432821	0.324619	0.216414	0.216414	0.324619	0.324619	0.324619	0.216414	0.216414	0.216414	0.216414	0.324619	0.216414	0.324619	0.324619	0.216414
0.540918	0.432739	0.540918	0.649094	0.649094	0.540918	0.432739	0.324557	0.540918	0.649094	0.324557	0.324557	0.540918	0.432739	0.324557	0.432739	0.324557	0.216373	0.432739	0.432739	0.324557	0.324557	0.216373	0.216373	0.324557	0.432739	0.324557	0.324557	0.324557	0.216373	0.432739	0.432739	0.216373	0.432739	0.432739	0.432739	0.324557	0.108187	0.216373	0.108187	0.108187	0.216373	0.108187	0.216373	0.216373	0.216373	0.216373	0.108187	0.216373	0.108187	0	0.216373	0.216373	0	0.108187	0.216373	0.108187	0	0.216373	0.216373	0	0	0.216373	0.216373	0	0.108187	0.216373	0.108187	0.108187	0.216373	0.108187	0.108187	0.216373	0.108187	0	0.216373	0.216373	0	0.108187	0.216373	0.108187	0	0.216373	0.216373	0	0	0.108187	0.216373	0.108187	0	0	0	0	0.216373	0.216373	0	0	0	0	0	0	0	0	0	0	0	0	0	0	0	0	0	0	0	0	0	0	0	0	0	0	0	0	0	0	0	0	0	0.216373	0.216373	0	0	0	0	0	0	0	0	0.108187	0.216373	0.108187	0	0	0	0	0	0	0	0	0	0.108187	0.216373	0.108187	0	0	0	0	0	0	0	0	0	0.216373	0.216373	0	0	0	0	0	0	0	0	0	0	0.216373	0.216373	0	0	0	0.108187	0.216373	0.108187	0	0.216373	0.216373	0	0	0.108187	0.216373	0.108187	0	0	0	0.216373	0.216373	0	0	0.108187	0.216373	0.108187	0	0	0	0	0	0	0	0	0	0	0	0	0	0	0.108187	0.216373	0.108187	0	0	0.216373	0.216373	0	0	0.216373	0.216373	0.216373	0.216373	0.108187	0.216373	0.216373	0.216373	0.324557	0.216373	0.108187	0.324557	0.324557	0.216373	0.216373	0.108187	0.216373	0.432739	0.324557	0.216373	0.216373	0.324557	0.324557	0.324557	0.216373	0.216373	0.216373	0.216373	0.324557	0.216373	0.324557	0.324557	0.216373
0.540812	0.432654	0.540812	0.648966	0.648966	0.540812	0.432654	0.324493	0.540812	0.648966	0.324493	0.324493	0.540812	0.432654	0.324493	0.432654	0.324493	0.21633	0.432654	0.432654	0.324493	0.324493	0.21633	0.21633	0.324493	0.432654	0.324493	0.324493	0.324493	0.21633	0.432654	0.432654	0.21633	0.432654	0.432654	0.432654	0.324493	0.108166	0.21633	0.108166	0.108166	0.21633	0.108166	0.21633	0.21633	0.21633	0.21633	0.108166	0.21633	0.108166	0	0.21633	0.21633	0	0.108166	0.21633	0.108166	0	0.21633	0.21633	0	0	0.21633	0.21633	0	0.108166	0.21633	0.108166	0.108166	0.21633	0.108166	0.108166	0.21633	0.108166	0	0.21633	0.21633	0	0.108166	0.21633	0.108166	0	0.21633	0.21633	0	0	0.108166	0.21633	0.108166	0	0	0	0	0.21633	0.21633	0	0	0	0	0	0	0	0	0	0	0	0	0	0	0	0	0	0	0	0	0	0	0	0	0	0	0	0	0	0	0	0	0	0.21633	0.21633	0	0	0	0	0	0	0	0	0.108166	0.21633	0.108166	0	0	0	0	0	0	0	0	0	0.108166	0.21633	0.108166	0	0	0	0	0	0	0	0	0	0.21633	0.21633	0	0	0	0	0	0	0	0	0	0	0.21633	0.21633	0	0	0	0.108166	0.21633	0.108166	0	0.21633	0.21633	0	0	0.108166	0.21633	0.108166	0	0	0	0.21633	0.21633	0	0	0.108166	0.21633	0.108166	0	0	0	0	0	0	0	0	0	0	0	0	0	0	0.108166	0.21633	0.108166	0	0	0.21633	0.21633	0	0	0.21633	0.21633	0.21633	0.21633	0.108166	0.21633	0.21633	0.21633	0.324493	0.21633	0.108166	0.324493	0.324493	0.21633	0.21633	0.108166	0.21633	0.432654	0.324493	0.21633	0.21633	0.324493	0.324493	0.324493	0.21633	0.21633	0.21633	0.21633	0.324493	0.21633	0.324493	0.324493	0.21633
0.54071	0.432573	0.54071	0.648844	0.648844	0.54071	0.432573	0.324432	0.54071	0.648844	0.324432	0.324432	0.54071	0.432573	0.324432	0.432573	0.324432	0.216289	0.432573	0.432573	0.324432	0.324432	0.216289	0.216289	0.324432	0.432573	0.324432	0.324432	0.324432	0.216289	0.432573	0.432573	0.216289	0.432573	0.432573	0.432573	0.324432	0.108145	0.216289	0.108145	0.108145	0.216289	0.108145	0.216289	0.216289	0.216289	0.216289	0.108145	0.216289	0.108145	0	0.216289	0.216289	0	0.108145	0.216289	0.108145	0	0.216289	0.216289	0	0	0.216289	0.216289	0	0.108145	0.216289	0.108145	0.108145	0.216289	0.108145	0.108145	0.216289	0.108145	0	0.216289	0.216289	0	0.108145	0.216289	0.108145	0	0.216289	0.216289	0	0	0.108145	0.216289	0.108145	0	0	0	0	0.216289	0.216289	0	0	0	0	0	0	0	0	0	0	0	0	0	0	0	0	0	0	0	0	0	0	0	0	0	0	0	0	0	0	0	0	0	0.216289	0.216289	0	0	0	0	0	0	0	0	0.108145	0.216289	0.108145	0	0	0	0	0	0	0	0	0	0.108145	0.216289	0.108145	0	0	0	0	0	0	0	0	0	0.216289	0.216289	0	0	0	0	0	0	0	0	0	0	0.216289	0.216289	0	0	0	0.108145	0.216289	0.108145	0	0.216289	0.216289	0	0	0.108145	0.216289	0.108145	0	0	0	0.216289	0.216289	0	0	0.108145	0.216289	0.108145	0	0	0	0	0	0	0	0	0	0	0	0	0	0	0.108145	0.216289	0.108145	0	0	0.216289	0.216289	0	0	0.216289	0.216289	0.216289	0.216289	0.108145	0.216289	0.216289	0.216289	0.324432	0.216289	0.108145	0.324432	0.324432	0.216289	0.216289	0.108145	0.216289	0.432573	0.324432	0.216289	0.216289	0.324432	0.324432	0.324432	0.216289	0.216289	0.216289	0.216289	0.324432	0.216289	0.324432	0.324432	0.216289
0.540608	0.432491	0.540608	0.648721	0.648721	0.540608	0.432491	0.324371	0.540608	0.648721	0.324371	0.324371	0.540608	0.432491	0.324371	0.432491	0.324371	0.216249	0.432491	0.432491	0.324371	0.324371	0.216249	0.216249	0.324371	0.432491	0.324371	0.324371	0.324371	0.216249	0.432491	0.432491	0.216249	0.432491	0.432491	0.432491	0.324371	0.108125	0.216249	0.108125	0.108125	0.216249	0.108125	0.216249	0.216249	0.216249	0.216249	0.108125	0.216249	0.108125	0	0.216249	0.216249	0	0.108125	0.216249	0.108125	0	0.216249	0.216249	0	0	0.216249	0.216249	0	0.108125	0.216249	0.108125	0.108125	0.216249	0.108125	0.108125	0.216249	0.108125	0	0.216249	0.216249	0	0.108125	0.216249	0.108125	0	0.216249	0.216249	0	0	0.108125	0.216249	0.108125	0	0	0	0	0.216249	0.216249	0	0	0	0	0	0	0	0	0	0	0	0	0	0	0	0	0	0	0	0	0	0	0	0	0	0	0	0	0	0	0	0	0	0.216249	0.216249	0	0	0	0	0	0	0	0	0.108125	0.216249	0.108125	0	0	0	0	0	0	0	0	0	0.108125	0.216249	0.108125	0	0	0	0	0	0	0	0	0	0.216249	0.216249	0	0	0	0	0	0	0	0	0	0	0.216249	0.216249	0	0	0	0.108125	0.216249	0.108125	0	0.216249	0.216249	0	0	0.108125	0.216249	0.108125	0	0	0	0.216249	0.216249	0	0	0.108125	0.216249	0.108125	0	0	0	0	0	0	0	0	0	0	0	0	0	0	0.108125	0.216249	0.108125	0	0	0.216249	0.216249	0	0	0.216249	0.216249	0.216249	0.216249	0.108125	0.216249	0.216249	0.216249	0.324371	0.216249	0.108125	0.324371	0.324371	0.216249	0.216249	0.108125	0.216249	0.432491	0.324371	0.216249	0.216249	0.324371	0.324371	0.324371	0.216249	0.216249	0.216249	0.216249	0.324371	0.216249	0.324371	0.324371	0.216249
0.540506	0.43241	0.540506	0.648599	0.648599	0.540506	0.43241	0.32431	0.540506	0.648599	0.32431	0.32431	0.540506	0.43241	0.32431	0.43241	0.32431	0.216208	0.43241	0.43241	0.32431	0.32431	0.216208	0.216208	0.32431	0.43241	0.32431	0.32431	0.32431	0.216208	0.43241	0.43241	0.216208	0.43241	0.43241	0.43241	0.32431	0.108104	0.216208	0.108104	0.108104	0.216208	0.108104	0.216208	0.216208	0.216208	0.216208	0.108104	0.216208	0.108104	0	0.216208	0.216208	0	0.108104	0.216208	0.108104	0	0.216208	0.216208	0	0	0.216208	0.216208	0	0.108104	0.216208	0.108104	0.108104	0.216208	0.108104	0.108104	0.216208	0.108104	0	0.216208	0.216208	0	0.108104	0.216208	0.108104	0	0.216208	0.216208	0	0	0.108104	0.216208	0.108104	0	0	0	0	0.216208	0.216208	0	0	0	0	0	0	0	0	0	0	0	0	0	0	0	0	0	0	0	0	0	0	0	0	0	0	0	0	0	0	0	0	0	0.216208	0.216208	0	0	0	0	0	0	0	0	0.108104	0.216208	0.108104	0	0	0	0	0	0	0	0	0	0.108104	0.216208	0.108104	0	0	0	0	0	0	0	0	0	0.216208	0.216208	0	0	0	0	0	0	0	0	0	0	0.216208	0.216208	0	0	0	0.108104	0.216208	0.108104	0	0.216208	0.216208	0	0	0.108104	0.216208	0.108104	0	0	0	0.216208	0.216208	0	0	0.108104	0.216208	0.108104	0	0	0	0	0	0	0	0	0	0	0	0	0	0	0.108104	0.216208	0.108104	0	0	0.216208	0.216208	0	0	0.216208	0.216208	0.216208	0.216208	0.108104	0.216208	0.216208	0.216208	0.32431	0.216208	0.108104	0.32431	0.32431	0.216208	0.216208	0.108104	0.216208	0.43241	0.32431	0.216208	0.216208	0.32431	0.32431	0.32431	0.216208	0.216208	0.216208	0.216208	0.32431	0.216208	0.32431	0.32431	0.216208
0.5404	0.432325	0.5404	0.648472	0.648472	0.5404	0.432325	0.324246	0.5404	0.648472	0.324246	0.324246	0.5404	0.432325	0.324246	0.432325	0.324246	0.216165	0.432325	0.432325	0.324246	0.324246	0.216165	0.216165	0.324246	0.432325	0.324246	0.324246	0.324246	0.216165	0.432325	0.432325	0.216165	0.432325	0.432325	0.432325	0.324246	0.108083	0.216165	0.108083	0.108083	0.216165	0.108083	0.216165	0.216165	0.216165	0.216165	0.108083	0.216165	0.108083	0	0.216165	0.216165	0	0.108083	0.216165	0.108083	0	0.216165	0.216165	0	0	0.216165	0.216165	0	0.108083	0.216165	0.108083	0.108083	0.216165	0.108083	0.108083	0.216165	0.108083	0	0.216165	0.216165	0	0.108083	0.216165	0.108083	0	0.216165	0.216165	0	0	0.108083	0.216165	0.108083	0	0	0	0	0.216165	0.216165	0	0	0	0	0	0	0	0	0	0	0	0	0	0	0	0	0	0	0	0	0	0	0	0	0	0	0	0	0	0	0	0	0	0.216165	0.216165	0	0	0	0	0	0	0	0	0.108083	0.216165	0.108083	0	0	0	0	0	0	0	0	0	0.108083	0.216165	0.108083	0	0	0	0	0	0	0	0	0	0.216165	0.216165	0	0	0	0	0	0	0	0	0	0	0.216165	0.216165	0	0	0	0.108083	0.216165	0.108083	0	0.216165	0.216165	0	0	0.108083	0.216165	0.108083	0	0	0	0.216165	0.216165	0	0	0.108083	0.216165	0.108083	0	0	0	0	0	0	0	0	0	0	0	0	0	0	0.108083	0.216165	0.108083	0	0	0.216165	0.216165	0	0	0.216165	0.216165	0.216165	0.216165	0.108083	0.216165	0.216165	0.216165	0.324246	0.216165	0.108083	0.324246	0.324246	0.216165	0.216165	0.108083	0.216165	0.432325	0.324246	0.216165	0.216165	0.324246	0.324246	0.324246	0.216165	0.216165	0.216165	0.216165	0.324246	0.216165	0.324246	0.324246	0.216165
2.0181	1.99193	2.0181	2.04963	2.04963	2.0181	1.97171	1.87508	1.86259	1.93023	1.91812	1.87508	1.88089	1.8867	1.86495	1.90707	1.87508	1.77235	1.78178	1.78178	1.75872	1.75872	1.74207	1.74207	1.75872	1.80172	1.81181	1.83381	1.88709	1.85633	1.8342	1.85436	1.84925	1.90707	1.93928	1.93928	1.94041	1.9223	1.87935	1.78995	1.65845	1.55871	1.46763	1.42117	1.44408	1.47456	1.47456	1.43801	1.42117	1.38425	1.27222	1.16631	1.10198	1.05393	1.00864	0.996268	0.955139	0.89193	0.891107	0.891107	0.837932	0.758385	0.734922	0.734922	0.675957	0.680262	0.753555	0.741844	0.710694	0.753555	0.741844	0.710694	0.753555	0.741844	0.675957	0.683468	0.683468	0.596824	0.5308	0.564129	0.626651	0.596824	0.581958	0.581958	0.489304	0.432279	0.466391	0.54705	0.5308	0.460089	0.432279	0.432279	0.432279	0.512612	0.616077	0.648403	0.648403	0.648403	0.648403	0.648403	0.648403	0.675957	0.758385	0.837932	0.864509	0.920119	1.02799	1.08059	1.08059	1.08059	1.08059	1.08059	1.13589	1.2438	1.29664	1.29664	1.29664	1.29664	1.29664	1.29664	1.29664	1.29664	1.29664	1.29664	1.29664	1.26992	1.18985	1.10793	1.14612	1.25315	1.29664	1.29664	1.29664	1.26992	1.18985	1.10793	1.08059	1.08059	1.11056	1.19961	1.24732	1.18985	1.10793	1.08059	1.08059	1.08059	1.08059	1.08059	1.08059	1.08059	1.11056	1.19961	1.27222	1.2438	1.13589	1.08059	1.08059	1.08059	1.08059	1.08059	1.08059	1.08059	1.14612	1.25315	1.29664	1.29664	1.29664	1.29664	1.29664	1.29664	1.26992	1.18985	1.10793	1.08059	1.14612	1.25315	1.29664	1.2438	1.13589	1.11056	1.19961	1.2231	1.13589	1.14612	1.25315	1.26992	1.18985	1.13974	1.19961	1.24732	1.18985	1.10793	1.08059	1.14612	1.2081	1.13589	1.08059	1.08598	1.10198	1.08598	1.08059	1.08059	1.08059	1.05393	0.974052	0.89193	0.864509	0.864509	0.864509	0.920119	1.02799	1.08059	1.08059	1.08059	1.05669	0.985963	0.955139	1.02799	1.08059	1.10198	1.10198	1.08059	1.13589	1.2081	1.2081	1.2081	1.14612	1.08598	1.10198	1.10198	1.10198	1.12815	1.13396	1.16944	1.23201	1.23201	1.2081	1.1769	1.16944	1.27164	1.29888	1.199	1.18677	1.2081	1.199	1.14675	1.06151	0.996268	1.0287	1.04907	1.04907	1.04278	0.996268	0.991125	0.974043	0.943607
2.01771	1.99155	2.01771	2.04923	2.04923	2.01771	1.98458	1.89942	1.86223	1.89942	1.91775	1.89942	1.86653	1.88633	1.86458	1.89597	1.89942	1.78021	1.78143	1.78143	1.75838	1.75838	1.74172	1.74172	1.75838	1.79001	1.81146	1.82548	1.87899	1.87471	1.83384	1.84296	1.84888	1.89597	1.9389	1.9389	1.93251	1.92647	1.88672	1.80259	1.68428	1.56773	1.48315	1.42089	1.43772	1.47428	1.47428	1.4438	1.42089	1.39029	1.29244	1.19572	1.10177	1.05649	1.01709	0.996073	0.964072	0.89502	0.890932	0.890932	0.841243	0.773475	0.734778	0.734778	0.680129	0.675825	0.741699	0.753407	0.710554	0.741699	0.753407	0.710554	0.741699	0.753407	0.680129	0.683334	0.683334	0.615956	0.546943	0.542931	0.621853	0.615956	0.581844	0.581844	0.512511	0.432194	0.459999	0.530697	0.546943	0.466299	0.432194	0.432194	0.432194	0.489208	0.596707	0.648276	0.648276	0.648276	0.648276	0.648276	0.648276	0.680129	0.773475	0.841243	0.864339	0.932537	1.03908	1.08038	1.08038	1.08038	1.08038	1.08038	1.1459	1.25291	1.29639	1.29639	1.29639	1.29639	1.29639	1.29639	1.29639	1.29639	1.29639	1.29639	1.29639	1.27197	1.19938	1.11034	1.13567	1.24356	1.29639	1.29639	1.29639	1.27197	1.19938	1.11034	1.08038	1.08038	1.10771	1.18961	1.24707	1.19938	1.11034	1.08038	1.08038	1.08038	1.08038	1.08038	1.08038	1.08038	1.10771	1.18961	1.26967	1.25291	1.1459	1.08038	1.08038	1.08038	1.08038	1.08038	1.08038	1.08038	1.13567	1.24356	1.29639	1.29639	1.29639	1.29639	1.29639	1.29639	1.27197	1.19938	1.11034	1.08038	1.13567	1.24356	1.29639	1.25291	1.1459	1.10771	1.18961	1.23	1.1459	1.13567	1.24356	1.27197	1.19938	1.13951	1.18961	1.24707	1.19938	1.11034	1.08038	1.13567	1.20786	1.1459	1.08038	1.08576	1.10177	1.08576	1.08038	1.08038	1.08038	1.05649	0.98577	0.89502	0.864339	0.864339	0.864339	0.932537	1.03908	1.08038	1.08038	1.08038	1.05372	0.973861	0.964072	1.03908	1.08038	1.10177	1.10177	1.08038	1.1459	1.20786	1.20786	1.20786	1.13567	1.08576	1.10177	1.10177	1.10177	1.12793	1.14653	1.17667	1.23177	1.23177	1.20786	1.16921	1.17667	1.29863	1.27139	1.18654	1.19877	1.20786	1.18654	1.13374	1.03908	0.996073	1.04258	1.04886	1.04886	1.0285	0.996073	0.976101	0.973853	0.943422
0.540094	0.43208	0.540094	0.648105	0.648105	0.540094	0.540094	0.540094	0.540094	0.43208	0.324063	0.540094	0.43208	0.43208	0.324063	0.324063	0.540094	0.324063	0.43208	0.43208	0.324063	0.324063	0.216043	0.216043	0.324063	0.324063	0.324063	0.216043	0.216043	0.43208	0.43208	0.324063	0.216043	0.324063	0.43208	0.43208	0.216043	0.216043	0.324063	0.324063	0.43208	0.324063	0.324063	0.216043	0.108022	0.216043	0.216043	0.216043	0.216043	0.216043	0.324063	0.43208	0.216043	0.108022	0.216043	0.216043	0.216043	0.108022	0.216043	0.216043	0.108022	0.216043	0.216043	0.216043	0.108022	0	0.108022	0.216043	0.108022	0.108022	0.216043	0.108022	0.108022	0.216043	0.108022	0.216043	0.216043	0.216043	0.216043	0	0	0.216043	0.216043	0.216043	0.216043	0	0	0.108022	0.216043	0.108022	0	0	0	0	0	0	0	0	0	0	0	0.108022	0.216043	0.108022	0	0.216043	0.216043	0	0	0	0	0	0.216043	0.216043	0	0	0	0	0	0	0	0	0	0	0	0.108022	0.216043	0.108022	0	0	0	0	0	0.108022	0.216043	0.108022	0	0	0	0	0.108022	0.216043	0.108022	0	0	0	0	0	0	0	0	0	0	0.216043	0.216043	0	0	0	0	0	0	0	0	0	0	0	0	0	0	0	0.108022	0.216043	0.108022	0	0	0	0	0.216043	0.216043	0	0	0.216043	0.216043	0	0	0.108022	0.216043	0.108022	0	0.108022	0.216043	0.108022	0	0	0.216043	0.216043	0	0.108022	0.216043	0.108022	0	0	0	0.108022	0.216043	0.108022	0	0	0	0.216043	0.216043	0	0	0	0	0	0.216043	0.216043	0	0.216043	0.216043	0	0.216043	0.216043	0.216043	0.216043	0	0.108022	0.216043	0.216043	0.216043	0.324063	0.324063	0.216043	0.324063	0.324063	0.216043	0.108022	0.216043	0.43208	0.216043	0.216043	0.324063	0.216043	0.216043	0.216043	0.108022	0.216043	0.324063	0.216043	0.216043	0.216043	0.216043	0.216043	0.324063	0.216043
0.539989	0.431995	0.539989	0.647978	0.647978	0.539989	0.539989	0.539989	0.539989	0.431995	0.323999	0.539989	0.431995	0.431995	0.323999	0.323999	0.539989	0.323999	0.431995	0.431995	0.323999	0.323999	0.216001	0.216001	0.323999	0.323999	0.323999	0.216001	0.216001	0.431995	0.431995	0.323999	0.216001	0.323999	0.431995	0.431995	0.216001	0.216001	0.323999	0.323999	0.431995	0.323999	0.323999	0.216001	0.108001	0.216001	0.216001	0.216001	0.216001	0.216001	0.323999	0.431995	0.216001	0.108001	0.216001	0.216001	0.216001	0.108001	0.216001	0.216001	0.108001	0.216001	0.216001	0.216001	0.108001	0	0.108001	0.216001	0.108001	0.108001	0.216001	0.108001	0.108001	0.216001	0.108001	0.216001	0.216001	0.216001	0.216001	0	0	0.216001	0.216001	0.216001	0.216001	0	0	0.108001	0.216001	0.108001	0	0	0	0	0	0	0	0	0	0	0	0.108001	0.216001	0.108001	0	0.216001	0.216001	0	0	0	0	0	0.216001	0.216001	0	0	0	0	0	0	0	0	0	0	0	0.108001	0.216001	0.108001	0	0	0	0	0	0.108001	0.216001	0.108001	0	0	0	0	0.108001	0.216001	0.108001	0	0	0	0	0	0	0	0	0	0	0.216001	0.216001	0	0	0	0	0	0	0	0	0	0	0	0	0	0	0	0.108001	0.216001	0.108001	0	0	0	0	0.216001	0.216001	0	0	0.216001	0.216001	0	0	0.108001	0.216001	0.108001	0	0.108001	0.216001	0.108001	0	0	0.216001	0.216001	0	0.108001	0.216001	0.108001	0	0	0	0.108001	0.216001	0.108001	0	0	0	0.216001	0.216001	0	0	0	0	0	0.216001	0.216001	0	0.216001	0.216001	0	0.216001	0.216001	0.216001	0.216001	0	0.108001	0.216001	0.216001	0.216001	0.323999	0.323999	0.216001	0.323999	0.323999	0.216001	0.108001	0.216001	0.431995	0.216001	0.216001	0.323999	0.216001	0.216001	0.216001	0.108001	0.216001	0.323999	0.216001	0.216001	0.216001	0.216001	0.216001	0.323999	0.216001
0.539887	0.431914	0.539887	0.647856	0.647856	0.539887	0.539887	0.539887	0.539887	0.431914	0.323938	0.539887	0.431914	0.431914	0.323938	0.323938	0.539887	0.323938	0.431914	0.431914	0.323938	0.323938	0.21596	0.21596	0.323938	0.323938	0.323938	0.21596	0.21596	0.431914	0.431914	0.323938	0.21596	0.323938	0.431914	0.431914	0.21596	0.21596	0.323938	0.323938	0.431914	0.323938	0.323938	0.21596	0.10798	0.21596	0.21596	0.21596	0.21596	0.21596	0.323938	0.431914	0.21596	0.10798	0.21596	0.21596	0.21596	0.10798	0.21596	0.21596	0.10798	0.21596	0.21596	0.21596	0.10798	0	0.10798	0.21596	0.10798	0.10798	0.21596	0.10798	0.10798	0.21596	0.10798	0.21596	0.21596	0.21596	0.21596	0	0	0.21596	0.21596	0.21596	0.21596	0	0	0.10798	0.21596	0.10798	0	0	0	0	0	0	0	0	0	0	0	0.10798	0.21596	0.10798	0	0.21596	0.21596	0	0	0	0	0	0.21596	0.21596	0	0	0	0	0	0	0	0	0	0	0	0.10798	0.21596	0.10798	0	0	0	0	0	0.10798	0.21596	0.10798	0	0	0	0	0.10798	0.21596	0.10798	0	0	0	0	0	0	0	0	0	0	0.21596	0.21596	0	0	0	0	0	0	0	0	0	0	0	0	0	0	0	0.10798	0.21596	0.10798	0	0	0	0	0.21596	0.21596	0	0	0.21596	0.21596	0	0	0.10798	0.21596	0.10798	0	0.10798	0.21596	0.10798	0	0	0.21596	0.21596	0	0.10798	0.21596	0.10798	0	0	0	0.10798	0.21596	0.10798	0	0	0	0.21596	0.21596	0	0	0	0	0	0.21596	0.21596	0	0.21596	0.21596	0	0.21596	0.21596	0.21596	0.21596	0	0.10798	0.21596	0.21596	0.21596	0.323938	0.323938	0.21596	0.323938	0.323938	0.21596	0.10798	0.21596	0.431914	0.21596	0.21596	0.323938	0.21596	0.21596	0.21596	0.10798	0.21596	0.323938	0.21596	0.21596	0.21596	0.21596	0.21596	0.323938	0.21596
0.539785	0.431833	0.539785	0.647734	0.647734	0.539785	0.539785	0.539785	0.539785	0.431833	0.323877	0.539785	0.431833	0.431833	0.323877	0.323877	0.539785	0.323877	0.431833	0.431833	0.323877	0.323877	0.215919	0.215919	0.323877	0.323877	0.323877	0.215919	0.215919	0.431833	0.431833	0.323877	0.215919	0.323877	0.431833	0.431833	0.215919	0.215919	0.323877	0.323877	0.431833	0.323877	0.323877	0.215919	0.10796	0.215919	0.215919	0.215919	0.215919	0.215919	0.323877	0.431833	0.215919	0.10796	0.215919	0.215919	0.215919	0.10796	0.215919	0.215919	0.10796	0.215919	0.215919	0.215919	0.10796	0	0.10796	0.215919	0.10796	0.10796	0.215919	0.10796	0.10796	0.215919	0.10796	0.215919	0.215919	0.215919	0.215919	0	0	0.215919	0.215919	0.215919	0.215919	0	0	0.10796	0.215919	0.10796	0	0	0	0	0	0	0	0	0	0	0	0.10796	0.215919	0.10796	0	0.215919	0.215919	0	0	0	0	0	0.215919	0.215919	0	0	0	0	0	0	0	0	0	0	0	0.10796	0.215919	0.10796	0	0	0	0	0	0.10796	0.215919	0.10796	0	0	0	0	0.10796	0.215919	0.10796	0	0	0	0	0	0	0	0	0	0	0.215919	0.215919	0	0	0	0	0	0	0	0	0	0	0	0	0	0	0	0.10796	0.215919	0.10796	0	0	0	0	0.215919	0.215919	0	0	0.215919	0.215919	0	0	0.10796	0.215919	0.10796	0	0.10796	0.215919	0.10796	0	0	0.215919	0.215919	0	0.10796	0.215919	0.10796	0	0	0	0.10796	0.215919	0.10796	0	0	0	0.215919	0.215919	0	0	0	0	0	0.215919	0.215919	0	0.215919	0.215919	0	0.215919	0.215919	0.215919	0.215919	0	0.10796	0.215919	0.215919	0.215919	0.323877	0.323877	0.215919	0.323877	0.323877	0.215919	0.10796	0.215919	0.431833	0.215919	0.215919	0.323877	0.215919	0.215919	0.215919	0.10796	0.215919	0.323877	0.215919	0.215919	0.215919	0.215919	0.215919	0.323877	0.215919
0.539679	0.431748	0.539679	0.647607	0.647607	0.539679	0.539679	0.539679	0.539679	0.431748	0.323814	0.539679	0.431748	0.431748	0.323814	0.323814	0.539679	0.323814	0.431748	0.431748	0.323814	0.323814	0.215877	0.215877	0.323814	0.323814	0.323814	0.215877	0.215877	0.431748	0.431748	0.323814	0.215877	0.323814	0.431748	0.431748	0.215877	0.215877	0.323814	0.323814	0.431748	0.323814	0.323814	0.215877	0.107939	0.215877	0.215877	0.215877	0.215877	0.215877	0.323814	0.431748	0.215877	0.107939	0.215877	0.215877	0.215877	0.107939	0.215877	0.215877	0.107939	0.215877	0.215877	0.215877	0.107939	0	0.107939	0.215877	0.107939	0.107939	0.215877	0.107939	0.107939	0.215877	0.107939	0.215877	0.215877	0.215877	0.215877	0	0	0.215877	0.215877	0.215877	0.215877	0	0	0.107939	0.215877	0.107939	0	0	0	0	0	0	0	0	0	0	0	0.107939	0.215877	0.107939	0	0.215877	0.215877	0	0	0	0	0	0.215877	0.215877	0	0	0	0	0	0	0	0	0	0	0	0.107939	0.215877	0.107939	0	0	0	0	0	0.107939	0.215877	0.107939	0	0	0	0	0.107939	0.215877	0.107939	0	0	0	0	0	0	0	0	0	0	0.215877	0.215877	0	0	0	0	0	0	0	0	0	0	0	0	0	0	0	0.107939	0.215877	0.107939	0	0	0	0	0.215877	0.215877	0	0	0.215877	0.215877	0	0	0.107939	0.215877	0.107939	0	0.107939	0.215877	0.107939	0	0	0.215877	0.215877	0	0.107939	0.215877	0.107939	0	0	0	0.107939	0.215877	0.107939	0	0	0	0.215877	0.215877	0	0	0	0	0	0.215877	0.215877	0	0.215877	0.215877	0	0.215877	0.215877	0.215877	0.215877	0	0.107939	0.215877	0.215877	0.215877	0.323814	0.323814	0.215877	0.323814	0.323814	0.215877	0.107939	0.215877	0.431748	0.215877	0.215877	0.323814	0.215877	0.215877	0.215877	0.107939	0.215877	0.323814	0.215877	0.215877	0.215877	0.215877	0.215877	0.323814	0.215877
0.539578	0.431667	0.539578	0.647485	0.647485	0.539578	0.539578	0.539578	0.539578	0.431667	0.323753	0.539578	0.431667	0.431667	0.323753	0.323753	0.539578	0.323753	0.431667	0.431667	0.323753	0.323753	0.215836	0.215836	0.323753	0.323753	0.323753	0.215836	0.215836	0.431667	0.431667	0.323753	0.215836	0.323753	0.431667	0.431667	0.215836	0.215836	0.323753	0.323753	0.431667	0.323753	0.323753	0.215836	0.107919	0.215836	0.215836	0.215836	0.215836	0.215836	0.323753	0.431667	0.215836	0.107919	0.215836	0.215836	0.215836	0.107919	0.215836	0.215836	0.107919	0.215836	0.215836	0.215836	0.107919	0	0.107919	0.215836	0.107919	0.107919	0.215836	0.107919	0.107919	0.215836	0.107919	0.215836	0.215836	0.215836	0.215836	0	0	0.215836	0.215836	0.215836	0.215836	0	0	0.107919	0.215836	0.107919	0	0	0	0	0	0	0	0	0	0	0	0.107919	0.215836	0.107919	0	0.215836	0.215836	0	0	0	0	0	0.215836	0.215836	0	0	0	0	0	0	0	0	0	0	0	0.107919	0.215836	0.107919	0	0	0	0	0	0.107919	0.215836	0.107919	0	0	0	0	0.107919	0.215836	0.107919	0	0	0	0	0	0	0	0	0	0	0.215836	0.215836	0	0	0	0	0	0	0	0	0	0	0	0	0	0	0	0.107919	0.215836	0.107919	0	0	0	0	0.215836	0.215836	0	0	0.215836	0.215836	0	0	0.107919	0.215836	0.107919	0	0.107919	0.215836	0.107919	0	0	0.215836	0.215836	0	0.107919	0.215836	0.107919	0	0	0	0.107919	0.215836	0.107919	0	0	0	0.215836	0.215836	0	0	0	0	0	0.215836	0.215836	0	0.215836	0.215836	0	0.215836	0.215836	0.215836	0.215836	0	0.107919	0.215836	0.215836	0.215836	0.323753	0.323753	0.215836	0.323753	0.323753	0.215836	0.107919	0.215836	0.431667	0.215836	0.215836	0.323753	0.215836	0.215836	0.215836	0.107919	0.215836	0.323753	0.215836	0.215836	0.215836	0.215836	0.215836	0.323753	0.215836
1.2124	1.20292	1.28576	1.35179	1.35179	1.3036	1.31041	1.34235	1.37764	1.32271	1.25616	1.34235	1.33079	1.31361	1.28223	1.2727	1.34235	1.29872	1.31361	1.33066	1.33448	1.32477	1.27499	1.25935	1.2727	1.24672	1.23013	1.20625	1.1955	1.23749	1.24555	1.23013	1.1955	1.20413	1.24555	1.2628	1.18496	1.14262	1.16155	1.17818	1.21226	1.17818	1.16904	1.11621	1.07234	1.05335	1.01089	0.994746	0.994746	0.994746	1.03224	1.10194	1.06349	1.0071	0.994746	0.984639	0.958431	0.911756	0.926005	0.942165	0.911756	0.915933	0.90615	0.889745	0.869902	0.849809	0.831635	0.847233	0.831635	0.804962	0.821067	0.804962	0.77831	0.785518	0.762968	0.785518	0.785518	0.785518	0.776434	0.701876	0.661036	0.682423	0.666237	0.631476	0.64853	0.647412	0.634068	0.618969	0.639776	0.618969	0.567133	0.539517	0.539517	0.539517	0.539517	0.539517	0.539517	0.539517	0.539517	0.539517	0.539517	0.534434	0.538499	0.513604	0.526202	0.546214	0.531356	0.513252	0.539517	0.567133	0.621024	0.661036	0.708064	0.691164	0.647412	0.647412	0.647412	0.647412	0.647412	0.647412	0.647412	0.647412	0.647412	0.647412	0.647412	0.667606	0.726325	0.725074	0.674924	0.647412	0.647412	0.647412	0.634068	0.618969	0.639776	0.640916	0.647412	0.647412	0.621024	0.567133	0.561004	0.622775	0.629749	0.594077	0.553168	0.539517	0.539517	0.539517	0.539517	0.539517	0.526202	0.486316	0.44531	0.495942	0.546214	0.539517	0.539517	0.539517	0.539517	0.539517	0.539517	0.539517	0.539517	0.539517	0.539517	0.526202	0.486316	0.44531	0.431618	0.431618	0.455007	0.520986	0.534434	0.539517	0.539517	0.539517	0.539517	0.597127	0.639776	0.594077	0.553168	0.597127	0.639776	0.594077	0.553168	0.561004	0.622775	0.618969	0.567133	0.561004	0.622775	0.618969	0.567133	0.539517	0.597127	0.639776	0.594077	0.576674	0.622775	0.640916	0.621024	0.567133	0.539517	0.561004	0.622775	0.640916	0.647412	0.647412	0.647412	0.64853	0.597127	0.539517	0.567133	0.621024	0.647412	0.647412	0.665419	0.65689	0.634068	0.64853	0.614245	0.594077	0.639776	0.614245	0.606196	0.606196	0.594077	0.629749	0.65689	0.674109	0.682423	0.687729	0.657714	0.606196	0.634057	0.62916	0.581069	0.582323	0.631476	0.696133	0.581069	0.563588	0.5876	0.531356	0.531356	0.531356	0.513604	0.538499	0.56487	0.54287	0.556114	0.538499	0.531356	0.549201	0.5876	0.495942
2.23684	2.28739	2.39482	2.45866	2.45866	2.43255	2.44757	2.517	2.5903	2.53767	2.44743	2.517	2.55321	2.517	2.50081	2.48173	2.517	2.53496	2.517	2.55421	2.60761	2.58821	2.52118	2.48918	2.48173	2.42853	2.39407	2.38191	2.36064	2.35802	2.37535	2.39407	2.36064	2.34072	2.37535	2.41098	2.34072	2.25366	2.25366	2.28739	2.30509	2.28739	2.26907	2.2002	2.1359	2.07432	1.98651	1.95314	1.95314	1.95314	1.98651	2.07432	2.09332	2.0067	1.95314	1.93314	1.8798	1.81372	1.81372	1.84607	1.81372	1.79256	1.77321	1.73908	1.72902	1.69957	1.65274	1.65274	1.65274	1.59911	1.59911	1.59911	1.5455	1.52538	1.5139	1.52538	1.52538	1.52538	1.5074	1.40638	1.32247	1.31226	1.28199	1.20602	1.24518	1.29441	1.2686	1.22427	1.22427	1.22427	1.13778	1.07873	1.07873	1.07873	1.07873	1.07873	1.07873	1.07873	1.07873	1.07873	1.07873	1.05315	1.01088	1.01088	1.05315	1.03047	0.994558	1.03047	1.07873	1.13778	1.24518	1.32247	1.36547	1.33124	1.29441	1.29441	1.29441	1.29441	1.29441	1.29441	1.29441	1.29441	1.29441	1.29441	1.29441	1.32247	1.40638	1.43832	1.35263	1.29441	1.29441	1.29441	1.2686	1.22427	1.22427	1.2686	1.29441	1.29441	1.24518	1.13778	1.10701	1.19147	1.24518	1.19147	1.10701	1.07873	1.07873	1.07873	1.07873	1.07873	1.05315	0.976856	0.891622	0.923276	1.03047	1.07873	1.07873	1.07873	1.07873	1.07873	1.07873	1.07873	1.07873	1.07873	1.07873	1.05315	0.976856	0.891622	0.863024	0.863024	0.891622	0.976856	1.05315	1.07873	1.07873	1.07873	1.07873	1.13778	1.22427	1.19147	1.10701	1.13778	1.22427	1.19147	1.10701	1.10701	1.19147	1.22427	1.13778	1.10701	1.19147	1.22427	1.13778	1.07873	1.13778	1.22427	1.19147	1.13778	1.19147	1.2686	1.24518	1.13778	1.07873	1.10701	1.19147	1.2686	1.29441	1.29441	1.29441	1.24518	1.13778	1.07873	1.13778	1.24518	1.29441	1.29441	1.27774	1.25911	1.2686	1.24518	1.17085	1.19147	1.22427	1.17085	1.15301	1.15301	1.19147	1.24518	1.25911	1.29581	1.31226	1.25911	1.19055	1.15301	1.1381	1.12621	1.10009	1.15301	1.20602	1.17796	1.10009	1.06414	1.03364	0.994558	0.994558	0.994558	1.01088	1.01088	0.981678	1.02338	1.04727	1.01088	0.994558	1.03364	1.03364	0.923276
1.17912	1.15814	1.25438	1.35128	1.35128	1.30311	1.27962	1.28882	1.37712	1.38658	1.25569	1.28882	1.35946	1.31311	1.28175	1.29598	1.28882	1.32152	1.31311	1.29023	1.33398	1.34712	1.29149	1.25887	1.29598	1.2705	1.22966	1.2058	1.21315	1.23702	1.22032	1.22966	1.21315	1.20368	1.22032	1.26232	1.22789	1.16112	1.14219	1.17774	1.2118	1.17774	1.19443	1.13516	1.08407	1.10152	1.03186	0.994371	0.994371	0.994371	1.0105	1.05295	1.0834	1.0408	0.994371	1.00618	0.980564	0.925656	0.911413	0.94181	0.925656	0.915588	0.929569	0.889409	0.869575	0.854607	0.846914	0.831322	0.846914	0.820758	0.804659	0.820758	0.794656	0.785222	0.762681	0.785222	0.785222	0.785222	0.803746	0.726052	0.667355	0.682166	0.740415	0.631237	0.620791	0.647168	0.640674	0.639534	0.618736	0.639534	0.596902	0.539314	0.539314	0.539314	0.539314	0.539314	0.539314	0.539314	0.539314	0.539314	0.539314	0.526004	0.51341	0.538295	0.534233	0.513058	0.531156	0.546008	0.539314	0.596902	0.648286	0.667355	0.707796	0.671698	0.647168	0.647168	0.647168	0.647168	0.647168	0.647168	0.647168	0.647168	0.647168	0.647168	0.647168	0.660787	0.701612	0.742634	0.700051	0.647168	0.647168	0.647168	0.640674	0.639534	0.618736	0.63383	0.647168	0.647168	0.648286	0.596902	0.55296	0.593854	0.629512	0.62254	0.560793	0.539314	0.539314	0.539314	0.539314	0.539314	0.534233	0.520789	0.454836	0.459213	0.513058	0.539314	0.539314	0.539314	0.539314	0.539314	0.539314	0.539314	0.539314	0.539314	0.539314	0.534233	0.520789	0.454836	0.431455	0.431455	0.445142	0.486133	0.526004	0.539314	0.539314	0.539314	0.539314	0.566919	0.618736	0.62254	0.560793	0.566919	0.618736	0.62254	0.560793	0.55296	0.593854	0.639534	0.596902	0.55296	0.593854	0.639534	0.596902	0.539314	0.566919	0.618736	0.62254	0.576456	0.593854	0.63383	0.648286	0.596902	0.539314	0.55296	0.593854	0.63383	0.647168	0.647168	0.647168	0.620791	0.566919	0.539314	0.596902	0.648286	0.647168	0.647168	0.645197	0.656642	0.640674	0.620791	0.592319	0.62254	0.618736	0.592319	0.605967	0.605967	0.62254	0.629512	0.656642	0.705476	0.682166	0.634687	0.623413	0.605967	0.59842	0.628922	0.580849	0.639244	0.631237	0.61608	0.580849	0.539648	0.548993	0.531156	0.531156	0.531156	0.538295	0.51341	0.524612	0.631798	0.555904	0.51341	0.531156	0.587377	0.548993	0.459213
0.431339	0.215672	0.431339	0.646993	0.646993	0.539167	0.431339	0.323507	0.539167	0.646993	0.323507	0.323507	0.539167	0.431339	0.323507	0.431339	0.323507	0.431339	0.431339	0.215672	0.323507	0.431339	0.323507	0.215672	0.431339	0.431339	0.323507	0.215672	0.323507	0.431339	0.323507	0.323507	0.323507	0.323507	0.323507	0.431339	0.431339	0.323507	0.215672	0.323507	0.431339	0.323507	0.431339	0.323507	0.215672	0.431339	0.323507	0.215672	0.215672	0.215672	0.215672	0.215672	0.323507	0.323507	0.215672	0.323507	0.323507	0.215672	0.107837	0.215672	0.215672	0.215672	0.323507	0.215672	0.107837	0.107837	0.215672	0.107837	0.215672	0.215672	0.107837	0.215672	0.215672	0.215672	0.107837	0.215672	0.215672	0.215672	0.323507	0.215672	0.107837	0.215672	0.431339	0.215672	0	0	0.107837	0.215672	0.107837	0.215672	0.215672	0	0	0	0	0	0	0	0	0	0	0	0.107837	0.215672	0.107837	0	0.215672	0.215672	0	0.215672	0.215672	0.107837	0.215672	0.107837	0	0	0	0	0	0	0	0	0	0	0	0	0	0.215672	0.215672	0	0	0	0.107837	0.215672	0.107837	0	0	0	0.215672	0.215672	0	0	0.107837	0.215672	0.107837	0	0	0	0	0	0.107837	0.215672	0.107837	0	0	0	0	0	0	0	0	0	0	0	0	0.107837	0.215672	0.107837	0	0	0	0	0	0	0	0	0	0	0.107837	0.215672	0.107837	0	0.107837	0.215672	0.107837	0	0	0.215672	0.215672	0	0	0.215672	0.215672	0	0	0.107837	0.215672	0.107837	0	0	0.215672	0.215672	0	0	0	0	0	0	0	0	0	0	0.215672	0.215672	0	0	0.107837	0.215672	0.107837	0	0.107837	0.215672	0.107837	0.107837	0.215672	0.215672	0.215672	0.107837	0.215672	0.323507	0.215672	0.107837	0.215672	0.215672	0.215672	0.323507	0.215672	0.323507	0.215672	0.215672	0.215672	0.107837	0.215672	0.215672	0.215672	0.215672	0.215672	0.107837	0.215672	0.431339	0.215672	0.107837	0.215672	0.323507	0.215672	0
0.431257	0.215632	0.431257	0.646871	0.646871	0.539066	0.431257	0.323446	0.539066	0.646871	0.323446	0.323446	0.539066	0.431257	0.323446	0.431257	0.323446	0.431257	0.431257	0.215632	0.323446	0.431257	0.323446	0.215632	0.431257	0.431257	0.323446	0.215632	0.323446	0.431257	0.323446	0.323446	0.323446	0.323446	0.323446	0.431257	0.431257	0.323446	0.215632	0.323446	0.431257	0.323446	0.431257	0.323446	0.215632	0.431257	0.323446	0.215632	0.215632	0.215632	0.215632	0.215632	0.323446	0.323446	0.215632	0.323446	0.323446	0.215632	0.107816	0.215632	0.215632	0.215632	0.323446	0.215632	0.107816	0.107816	0.215632	0.107816	0.215632	0.215632	0.107816	0.215632	0.215632	0.215632	0.107816	0.215632	0.215632	0.215632	0.323446	0.215632	0.107816	0.215632	0.431257	0.215632	0	0	0.107816	0.215632	0.107816	0.215632	0.215632	0	0	0	0	0	0	0	0	0	0	0	0.107816	0.215632	0.107816	0	0.215632	0.215632	0	0.215632	0.215632	0.107816	0.215632	0.107816	0	0	0	0	0	0	0	0	0	0	0	0	0	0.215632	0.215632	0	0	0	0.107816	0.215632	0.107816	0	0	0	0.215632	0.215632	0	0	0.107816	0.215632	0.107816	0	0	0	0	0	0.107816	0.215632	0.107816	0	0	0	0	0	0	0	0	0	0	0	0	0.107816	0.215632	0.107816	0	0	0	0	0	0	0	0	0	0	0.107816	0.215632	0.107816	0	0.107816	0.215632	0.107816	0	0	0.215632	0.215632	0	0	0.215632	0.215632	0	0	0.107816	0.215632	0.107816	0	0	0.215632	0.215632	0	0	0	0	0	0	0	0	0	0	0.215632	0.215632	0	0	0.107816	0.215632	0.107816	0	0.107816	0.215632	0.107816	0.107816	0.215632	0.215632	0.215632	0.107816	0.215632	0.323446	0.215632	0.107816	0.215632	0.215632	0.215632	0.323446	0.215632	0.323446	0.215632	0.215632	0.215632	0.107816	0.215632	0.215632	0.215632	0.215632	0.215632	0.107816	0.215632	0.431257	0.215632	0.107816	0.215632	0.323446	0.215632	0
0.431173	0.21559	0.431173	0.646744	0.646744	0.538961	0.431173	0.323382	0.538961	0.646744	0.323382	0.323382	0.538961	0.431173	0.323382	0.431173	0.323382	0.431173	0.431173	0.21559	0.323382	0.431173	0.323382	0.21559	0.431173	0.431173	0.323382	0.21559	0.323382	0.431173	0.323382	0.323382	0.323382	0.323382	0.323382	0.431173	0.431173	0.323382	0.21559	0.323382	0.431173	0.323382	0.431173	0.323382	0.21559	0.431173	0.323382	0.21559	0.21559	0.21559	0.21559	0.21559	0.323382	0.323382	0.21559	0.323382	0.323382	0.21559	0.107795	0.21559	0.21559	0.21559	0.323382	0.21559	0.107795	0.107795	0.21559	0.107795	0.21559	0.21559	0.107795	0.21559	0.21559	0.21559	0.107795	0.21559	0.21559	0.21559	0.323382	0.21559	0.107795	0.21559	0.431173	0.21559	0	0	0.107795	0.21559	0.107795	0.21559	0.21559	0	0	0	0	0	0	0	0	0	0	0	0.107795	0.21559	0.107795	0	0.21559	0.21559	0	0.21559	0.21559	0.107795	0.21559	0.107795	0	0	0	0	0	0	0	0	0	0	0	0	0	0.21559	0.21559	0	0	0	0.107795	0.21559	0.107795	0	0	0	0.21559	0.21559	0	0	0.107795	0.21559	0.107795	0	0	0	0	0	0.107795	0.21559	0.107795	0	0	0	0	0	0	0	0	0	0	0	0	0.107795	0.21559	0.107795	0	0	0	0	0	0	0	0	0	0	0.107795	0.21559	0.107795	0	0.107795	0.21559	0.107795	0	0	0.21559	0.21559	0	0	0.21559	0.21559	0	0	0.107795	0.21559	0.107795	0	0	0.21559	0.21559	0	0	0	0	0	0	0	0	0	0	0.21559	0.21559	0	0	0.107795	0.21559	0.107795	0	0.107795	0.21559	0.107795	0.107795	0.21559	0.21559	0.21559	0.107795	0.21559	0.323382	0.21559	0.107795	0.21559	0.21559	0.21559	0.323382	0.21559	0.323382	0.21559	0.21559	0.21559	0.107795	0.21559	0.21559	0.21559	0.21559	0.21559	0.107795	0.21559	0.431173	0.21559	0.107795	0.21559	0.323382	0.21559	0
0.431092	0.215549	0.431092	0.646623	0.646623	0.538859	0.431092	0.323322	0.538859	0.646623	0.323322	0.323322	0.538859	0.431092	0.323322	0.431092	0.323322	0.431092	0.431092	0.215549	0.323322	0.431092	0.323322	0.215549	0.431092	0.431092	0.323322	0.215549	0.323322	0.431092	0.323322	0.323322	0.323322	0.323322	0.323322	0.431092	0.431092	0.323322	0.215549	0.323322	0.431092	0.323322	0.431092	0.323322	0.215549	0.431092	0.323322	0.215549	0.215549	0.215549	0.215549	0.215549	0.323322	0.323322	0.215549	0.323322	0.323322	0.215549	0.107775	0.215549	0.215549	0.215549	0.323322	0.215549	0.107775	0.107775	0.215549	0.107775	0.215549	0.215549	0.107775	0.215549	0.215549	0.215549	0.107775	0.215549	0.215549	0.215549	0.323322	0.215549	0.107775	0.215549	0.431092	0.215549	0	0	0.107775	0.215549	0.107775	0.215549	0.215549	0	0	0	0	0	0	0	0	0	0	0	0.107775	0.215549	0.107775	0	0.215549	0.215549	0	0.215549	0.215549	0.107775	0.215549	0.107775	0	0	0	0	0	0	0	0	0	0	0	0	0	0.215549	0.215549	0	0	0	0.107775	0.215549	0.107775	0	0	0	0.215549	0.215549	0	0	0.107775	0.215549	0.107775	0	0	0	0	0	0.107775	0.215549	0.107775	0	0	0	0	0	0	0	0	0	0	0	0	0.107775	0.215549	0.107775	0	0	0	0	0	0	0	0	0	0	0.107775	0.215549	0.107775	0	0.107775	0.215549	0.107775	0	0	0.215549	0.215549	0	0	0.215549	0.215549	0	0	0.107775	0.215549	0.107775	0	0	0.215549	0.215549	0	0	0	0	0	0	0	0	0	0	0.215549	0.215549	0	0	0.107775	0.215549	0.107775	0	0.107775	0.215549	0.107775	0.107775	0.215549	0.215549	0.215549	0.107775	0.215549	0.323322	0.215549	0.107775	0.215549	0.215549	0.215549	0.323322	0.215549	0.323322	0.215549	0.215549	0.215549	0.107775	0.215549	0.215549	0.215549	0.215549	0.215549	0.107775	0.215549	0.431092	0.215549	0.107775	0.215549	0.323322	0.215549	0
0.431011	0.215508	0.431011	0.646501	0.646501	0.538758	0.431011	0.323261	0.538758	0.646501	0.323261	0.323261	0.538758	0.431011	0.323261	0.431011	0.323261	0.431011	0.431011	0.215508	0.323261	0.431011	0.323261	0.215508	0.431011	0.431011	0.323261	0.215508	0.323261	0.431011	0.323261	0.323261	0.323261	0.323261	0.323261	0.431011	0.431011	0.323261	0.215508	0.323261	0.431011	0.323261	0.431011	0.323261	0.215508	0.431011	0.323261	0.215508	0.215508	0.215508	0.215508	0.215508	0.323261	0.323261	0.215508	0.323261	0.323261	0.215508	0.107755	0.215508	0.215508	0.215508	0.323261	0.215508	0.107755	0.107755	0.215508	0.107755	0.215508	0.215508	0.107755	0.215508	0.215508	0.215508	0.107755	0.215508	0.215508	0.215508	0.323261	0.215508	0.107755	0.215508	0.431011	0.215508	0	0	0.107755	0.215508	0.107755	0.215508	0.215508	0	0	0	0	0	0	0	0	0	0	0	0.107755	0.215508	0.107755	0	0.215508	0.215508	0	0.215508	0.215508	0.107755	0.215508	0.107755	0	0	0	0	0	0	0	0	0	0	0	0	0	0.215508	0.215508	0	0	0	0.107755	0.215508	0.107755	0	0	0	0.215508	0.215508	0	0	0.107755	0.215508	0.107755	0	0	0	0	0	0.107755	0.215508	0.107755	0	0	0	0	0	0	0	0	0	0	0	0	0.107755	0.215508	0.107755	0	0	0	0	0	0	0	0	0	0	0.107755	0.215508	0.107755	0	0.107755	0.215508	0.107755	0	0	0.215508	0.215508	0	0	0.215508	0.215508	0	0	0.107755	0.215508	0.107755	0	0	0.215508	0.215508	0	0	0	0	0	0	0	0	0	0	0.215508	0.215508	0	0	0.107755	0.215508	0.107755	0	0.107755	0.215508	0.107755	0.107755	0.215508	0.215508	0.215508	0.107755	0.215508	0.323261	0.215508	0.107755	0.215508	0.215508	0.215508	0.323261	0.215508	0.323261	0.215508	0.215508	0.215508	0.107755	0.215508	0.215508	0.215508	0.215508	0.215508	0.107755	0.215508	0.431011	0.215508	0.107755	0.215508	0.323261	0.215508	0
0.430927	0.215466	0.430927	0.646375	0.646375	0.538652	0.430927	0.323198	0.538652	0.646375	0.323198	0.323198	0.538652	0.430927	0.323198	0.430927	0.323198	0.430927	0.430927	0.215466	0.323198	0.430927	0.323198	0.215466	0.430927	0.430927	0.323198	0.215466	0.323198	0.430927	0.323198	0.323198	0.323198	0.323198	0.323198	0.430927	0.430927	0.323198	0.215466	0.323198	0.430927	0.323198	0.430927	0.323198	0.215466	0.430927	0.323198	0.215466	0.215466	0.215466	0.215466	0.215466	0.323198	0.323198	0.215466	0.323198	0.323198	0.215466	0.107734	0.215466	0.215466	0.215466	0.323198	0.215466	0.107734	0.107734	0.215466	0.107734	0.215466	0.215466	0.107734	0.215466	0.215466	0.215466	0.107734	0.215466	0.215466	0.215466	0.323198	0.215466	0.107734	0.215466	0.430927	0.215466	0	0	0.107734	0.215466	0.107734	0.215466	0.215466	0	0	0	0	0	0	0	0	0	0	0	0.107734	0.215466	0.107734	0	0.215466	0.215466	0	0.215466	0.215466	0.107734	0.215466	0.107734	0	0	0	0	0	0	0	0	0	0	0	0	0	0.215466	0.215466	0	0	0	0.107734	0.215466	0.107734	0	0	0	0.215466	0.215466	0	0	0.107734	0.215466	0.107734	0	0	0	0	0	0.107734	0.215466	0.107734	0	0	0	0	0	0	0	0	0	0	0	0	0.107734	0.215466	0.107734	0	0	0	0	0	0	0	0	0	0	0.107734	0.215466	0.107734	0	0.107734	0.215466	0.107734	0	0	0.215466	0.215466	0	0	0.215466	0.215466	0	0	0.107734	0.215466	0.107734	0	0	0.215466	0.215466	0	0	0	0	0	0	0	0	0	0	0.215466	0.215466	0	0	0.107734	0.215466	0.107734	0	0.107734	0.215466	0.107734	0.107734	0.215466	0.215466	0.215466	0.107734	0.215466	0.323198	0.215466	0.107734	0.215466	0.215466	0.215466	0.323198	0.215466	0.323198	0.215466	0.215466	0.215466	0.107734	0.215466	0.215466	0.215466	0.215466	0.215466	0.107734	0.215466	0.430927	0.215466	0.107734	0.215466	0.323198	0.215466	0
1.19284	1.14066	1.17754	1.26076	1.28933	1.28356	1.2688	1.25401	1.32591	1.38473	1.3061	1.3061	1.38251	1.36231	1.3322	1.36231	1.3322	1.36231	1.36231	1.31026	1.3322	1.36231	1.3322	1.31026	1.36231	1.36231	1.3322	1.31026	1.3322	1.36231	1.3322	1.3322	1.3322	1.3322	1.3322	1.36231	1.37976	1.39452	1.37884	1.38448	1.41348	1.38448	1.4223	1.42078	1.41656	1.46484	1.42688	1.37884	1.36339	1.35231	1.32579	1.31026	1.3322	1.3322	1.31026	1.34209	1.36829	1.36339	1.33831	1.32579	1.29929	1.28371	1.31591	1.31026	1.27266	1.23112	1.24167	1.23112	1.21988	1.20418	1.18965	1.19345	1.16704	1.16206	1.15078	1.14066	1.12482	1.12482	1.15956	1.15125	1.12402	1.1143	1.17554	1.15125	1.10434	1.06371	1.04376	1.05619	1.05567	1.07203	1.08262	1.06371	1.0236	0.982955	0.956034	0.915951	0.875273	0.861707	0.861707	0.861707	0.861707	0.861707	0.838681	0.77112	0.678057	0.646302	0.647419	0.630393	0.61996	0.681253	0.681253	0.655214	0.681253	0.655214	0.646302	0.673767	0.72758	0.754007	0.754007	0.754007	0.754007	0.754007	0.740667	0.700673	0.659902	0.646302	0.646302	0.699115	0.732541	0.673767	0.646302	0.632981	0.617908	0.638679	0.639817	0.632981	0.593059	0.55222	0.596103	0.630393	0.56616	0.538592	0.560042	0.621707	0.617908	0.56616	0.538592	0.512372	0.458598	0.430878	0.454227	0.520093	0.512723	0.458598	0.430878	0.430878	0.430878	0.430878	0.430878	0.430878	0.417631	0.37798	0.336895	0.323161	0.323161	0.34957	0.421513	0.427921	0.430878	0.430878	0.430878	0.430878	0.430878	0.430878	0.430878	0.430878	0.430878	0.430878	0.434646	0.457799	0.427921	0.430878	0.454227	0.520093	0.533518	0.5253	0.485483	0.512719	0.545277	0.538592	0.538592	0.596103	0.630393	0.56616	0.538592	0.560042	0.621707	0.639817	0.632981	0.593059	0.613192	0.647419	0.646302	0.646302	0.646302	0.646302	0.646302	0.646302	0.646302	0.646302	0.646302	0.646302	0.647419	0.596103	0.538592	0.538592	0.565197	0.605157	0.560042	0.56616	0.617908	0.621707	0.560042	0.565197	0.605157	0.570621	0.537575	0.512723	0.55516	0.586592	0.512719	0.486599	0.530445	0.512719	0.505956	0.541599	0.481727	0.500908	0.434223	0.434223	0.434223	0.408853	0.439618	0.434223	0.415883	0.39256	0.38838	0.340639	0.38838	0.500897	0.344863	0.307637	0.328715	0.347474	0.269289	0.190426
2.26518	2.2498	2.23301	2.25878	2.32367	2.39072	2.42437	2.44324	2.48083	2.53333	2.54983	2.54983	2.60162	2.61865	2.60315	2.61865	2.60315	2.61865	2.61865	2.59202	2.60315	2.61865	2.60315	2.59202	2.61865	2.61865	2.60315	2.59202	2.60315	2.61865	2.60315	2.60315	2.60315	2.60315	2.60315	2.61865	2.65648	2.73068	2.73068	2.70982	2.72472	2.70982	2.74336	2.78415	2.80626	2.83087	2.79658	2.73068	2.69913	2.67722	2.62376	2.59202	2.60315	2.60315	2.59202	2.62376	2.67722	2.69913	2.66857	2.62376	2.57031	2.53847	2.57031	2.59202	2.53847	2.45402	2.45402	2.45402	2.41001	2.37783	2.37052	2.35659	2.30319	2.29312	2.29312	2.2498	2.21725	2.21725	2.2498	2.27077	2.23949	2.19643	2.23026	2.27077	2.20941	2.1268	2.07862	2.07862	2.10199	2.11024	2.13224	2.1268	2.04828	1.96551	1.91175	1.83346	1.75043	1.7227	1.7227	1.7227	1.7227	1.7227	1.6689	1.50747	1.34602	1.2922	1.24304	1.20396	1.24304	1.31001	1.31001	1.29667	1.31001	1.29667	1.2922	1.35032	1.45764	1.50747	1.50747	1.50747	1.50747	1.50747	1.48154	1.40397	1.32021	1.2922	1.2922	1.35032	1.4163	1.35032	1.2922	1.26643	1.22217	1.22217	1.26643	1.26643	1.18943	1.10511	1.13583	1.20396	1.13583	1.07689	1.10511	1.18943	1.22217	1.13583	1.07689	1.0287	0.921694	0.861545	0.890094	0.975181	1.00914	0.921694	0.861545	0.861545	0.861545	0.861545	0.861545	0.861545	0.83636	0.761517	0.675252	0.64618	0.64618	0.675252	0.761517	0.83636	0.861545	0.861545	0.861545	0.861545	0.861545	0.861545	0.861545	0.861545	0.861545	0.861545	0.85011	0.835923	0.83636	0.861545	0.890094	0.975181	1.05135	1.05135	0.975181	0.956042	1.0287	1.07689	1.07689	1.13583	1.20396	1.13583	1.07689	1.10511	1.18943	1.26643	1.26643	1.18943	1.16884	1.24304	1.2922	1.2922	1.2922	1.2922	1.2922	1.2922	1.2922	1.2922	1.2922	1.2922	1.24304	1.13583	1.07689	1.07689	1.11555	1.15104	1.10511	1.13583	1.22217	1.18943	1.10511	1.11555	1.15104	1.08225	1.00914	1.00914	1.04547	1.03186	0.956042	0.956042	0.992854	0.956042	0.940373	0.928348	0.888052	0.835923	0.784024	0.784024	0.784024	0.797317	0.797317	0.784024	0.744673	0.692211	0.681125	0.655091	0.681125	0.674704	0.579963	0.588034	0.549152	0.434979	0.388307	0.39203
1.1666	1.15913	1.20987	1.22178	1.21956	1.25223	1.24411	1.25354	1.32541	1.31994	1.30561	1.30561	1.3534	1.3618	1.33169	1.3618	1.33169	1.3618	1.3618	1.30977	1.33169	1.3618	1.33169	1.30977	1.3618	1.3618	1.33169	1.30977	1.33169	1.3618	1.33169	1.33169	1.33169	1.33169	1.33169	1.3618	1.34091	1.37833	1.394	1.38396	1.41295	1.38396	1.40021	1.40486	1.41603	1.46429	1.44751	1.394	1.36287	1.36778	1.34158	1.30977	1.33169	1.33169	1.30977	1.32529	1.3518	1.36287	1.34751	1.34158	1.31542	1.28323	1.2988	1.30977	1.29921	1.2412	1.23066	1.2412	1.23711	1.20373	1.1892	1.21107	1.18508	1.15035	1.16163	1.15913	1.1244	1.1244	1.14023	1.15082	1.13514	1.13322	1.12986	1.15082	1.11956	1.06739	1.05579	1.04337	1.05528	1.07162	1.0701	1.06739	1.04006	0.986998	0.960212	0.9344	0.879897	0.861383	0.861383	0.861383	0.861383	0.861383	0.838366	0.770829	0.677802	0.646059	0.619727	0.630156	0.647175	0.680997	0.680997	0.654968	0.680997	0.654968	0.646059	0.698852	0.75083	0.753724	0.753724	0.753724	0.753724	0.753724	0.746236	0.724807	0.666211	0.646059	0.646059	0.673513	0.732265	0.698852	0.646059	0.639576	0.638438	0.617675	0.632743	0.639576	0.621473	0.559832	0.565947	0.630156	0.595879	0.538389	0.552012	0.592836	0.638438	0.595879	0.538389	0.545072	0.494905	0.430716	0.444379	0.4853	0.537373	0.494905	0.430716	0.430716	0.430716	0.430716	0.430716	0.430716	0.42776	0.421354	0.349439	0.32304	0.32304	0.336768	0.377838	0.417474	0.430716	0.430716	0.430716	0.430716	0.430716	0.430716	0.430716	0.430716	0.430716	0.430716	0.463527	0.457626	0.417474	0.430716	0.444379	0.4853	0.525103	0.533317	0.519897	0.486416	0.512179	0.538389	0.538389	0.565947	0.630156	0.595879	0.538389	0.552012	0.592836	0.632743	0.639576	0.621473	0.591304	0.619727	0.646059	0.646059	0.646059	0.646059	0.646059	0.646059	0.646059	0.646059	0.646059	0.646059	0.619727	0.565947	0.538389	0.538389	0.587613	0.604929	0.552012	0.595879	0.638438	0.592836	0.552012	0.587613	0.604929	0.539062	0.51253	0.537373	0.554951	0.548052	0.486416	0.512526	0.530245	0.486416	0.505765	0.499638	0.481545	0.425635	0.434059	0.434059	0.434059	0.439452	0.4087	0.434059	0.383073	0.357636	0.388234	0.34051	0.388234	0.38259	0.344732	0.347351	0.270543	0.205899	0.269186	0.266484
0.322952	0.322952	0.538244	0.538244	0.430599	0.430599	0.322952	0.322952	0.538244	0.430599	0.322952	0.322952	0.430599	0.430599	0.322952	0.430599	0.322952	0.430599	0.430599	0.215303	0.322952	0.430599	0.322952	0.215303	0.430599	0.430599	0.322952	0.215303	0.322952	0.430599	0.322952	0.322952	0.322952	0.322952	0.322952	0.430599	0.215303	0.215303	0.322952	0.322952	0.430599	0.322952	0.322952	0.215303	0.215303	0.430599	0.430599	0.322952	0.215303	0.322952	0.322952	0.215303	0.322952	0.322952	0.215303	0.215303	0.215303	0.215303	0.215303	0.322952	0.322952	0.215303	0.215303	0.215303	0.322952	0.215303	0.107652	0.215303	0.322952	0.215303	0.107652	0.322952	0.322952	0.107652	0.215303	0.322952	0.215303	0.215303	0.215303	0.215303	0.215303	0.322952	0.215303	0.215303	0.215303	0.107652	0.215303	0.107652	0.107652	0.215303	0.107652	0.107652	0.215303	0.107652	0.107652	0.215303	0.107652	0	0	0	0	0	0.107652	0.215303	0.107652	0	0	0.215303	0.215303	0.215303	0.215303	0.107652	0.215303	0.107652	0	0.215303	0.215303	0	0	0	0	0	0.107652	0.215303	0.107652	0	0	0	0.215303	0.215303	0	0.107652	0.215303	0.107652	0	0.107652	0.215303	0.107652	0	0.215303	0.215303	0	0	0	0.215303	0.215303	0	0.215303	0.215303	0	0	0	0.215303	0.215303	0	0	0	0	0	0	0.107652	0.215303	0.107652	0	0	0	0	0	0	0	0	0	0	0	0	0	0	0	0.215303	0.215303	0	0	0	0	0	0.107652	0.215303	0.107652	0	0	0	0	0.215303	0.215303	0	0	0	0	0.107652	0.215303	0.107652	0	0	0	0	0	0	0	0	0	0	0	0	0	0	0	0.215303	0.215303	0	0.215303	0.215303	0	0	0.215303	0.215303	0	0.107652	0.215303	0.215303	0.215303	0.107652	0.215303	0.215303	0.107652	0.215303	0.215303	0.215303	0.107652	0.215303	0.215303	0.215303	0.215303	0.107652	0.215303	0.107652	0.107652	0.215303	0.107652	0.215303	0.215303	0.215303	0.215303	0	0	0.215303	0.215303
0.919587	0.919587	1.02457	1.06629	1.03547	1.04226	1.02104	1.02969	1.13724	1.10937	1.08113	1.10693	1.16677	1.18416	1.15868	1.21716	1.19193	1.21716	1.23443	1.16616	1.18463	1.24247	1.22709	1.19255	1.23443	1.24247	1.22709	1.20327	1.23664	1.28499	1.25306	1.25306	1.25306	1.25306	1.25306	1.30177	1.27183	1.24538	1.26269	1.28879	1.35302	1.36725	1.39346	1.3778	1.35128	1.40445	1.44695	1.43579	1.41549	1.43579	1.43579	1.41549	1.43579	1.43579	1.41549	1.41549	1.41549	1.41549	1.41549	1.43579	1.43579	1.41549	1.40433	1.38891	1.4197	1.40433	1.36408	1.37359	1.4197	1.40433	1.36408	1.38343	1.38343	1.31327	1.27183	1.28879	1.26112	1.21895	1.20327	1.20327	1.20327	1.22709	1.18203	1.15038	1.15038	1.11134	1.08714	1.03128	0.98955	0.992287	0.974625	0.974625	0.992287	0.974625	0.98662	1.03967	1.04297	0.995931	0.968665	0.968665	0.968665	0.968665	0.98662	1.03967	1.06698	1.07627	1.07627	1.06613	1.01322	0.960407	0.907708	0.852816	0.828922	0.772647	0.753435	0.750543	0.698584	0.645811	0.645811	0.645811	0.619489	0.565731	0.559617	0.621236	0.628192	0.592609	0.551801	0.538183	0.595651	0.629915	0.565731	0.548839	0.579632	0.548839	0.524902	0.512334	0.537167	0.533113	0.511983	0.530043	0.537167	0.485114	0.444209	0.404538	0.433893	0.445424	0.430551	0.481361	0.481361	0.430551	0.417314	0.377693	0.415568	0.445424	0.404538	0.350858	0.322916	0.322916	0.322916	0.297227	0.282868	0.328466	0.323474	0.322916	0.322916	0.322916	0.322916	0.322916	0.322916	0.322916	0.322916	0.322916	0.322916	0.322916	0.322916	0.322916	0.322916	0.322916	0.397307	0.445424	0.430551	0.430551	0.430551	0.430551	0.430551	0.453882	0.519698	0.533113	0.538183	0.538183	0.538183	0.538183	0.595651	0.629915	0.565731	0.538183	0.538183	0.538183	0.559617	0.621236	0.639331	0.645811	0.645811	0.645811	0.645811	0.632501	0.592609	0.551801	0.538183	0.538183	0.538183	0.538183	0.538183	0.538183	0.538183	0.565731	0.629915	0.595651	0.538183	0.544863	0.494716	0.430551	0.430551	0.481361	0.481361	0.430551	0.427596	0.439285	0.433893	0.415568	0.349305	0.350851	0.344601	0.307403	0.347219	0.344601	0.325697	0.282868	0.344601	0.344601	0.344601	0.306809	0.240685	0.304437	0.258805	0.282868	0.325697	0.247362	0.304437	0.304437	0.266383	0.250263	0.163686	0.202272	0.266383	0.231475
1.75137	1.75137	1.82653	1.91784	1.93117	1.94627	1.9631	1.98161	2.07425	2.08866	2.08815	2.14145	2.2105	2.24665	2.2481	2.31646	2.31646	2.31646	2.35219	2.30145	2.30145	2.36948	2.38815	2.35481	2.35219	2.36948	2.38815	2.37603	2.40818	2.45789	2.44139	2.44139	2.44139	2.44139	2.44139	2.49464	2.51496	2.46156	2.46156	2.51496	2.60118	2.67519	2.72861	2.72861	2.67519	2.70777	2.79446	2.8144	2.80413	2.8144	2.8144	2.80413	2.8144	2.8144	2.80413	2.80413	2.80413	2.80413	2.80413	2.8144	2.8144	2.80413	2.78204	2.75061	2.78204	2.78204	2.72014	2.72014	2.78204	2.78204	2.72014	2.70777	2.70777	2.62177	2.51496	2.51496	2.49464	2.40818	2.37603	2.37603	2.37603	2.38815	2.33494	2.26905	2.26905	2.21557	2.14145	2.05518	1.9699	1.94832	1.9394	1.9394	1.94832	1.9394	1.96402	2.04673	2.07704	1.99306	1.93641	1.93641	1.93641	1.93641	1.96402	2.04673	2.12519	2.15138	2.15138	2.1004	1.99306	1.88573	1.77841	1.69537	1.61745	1.53416	1.50633	1.45653	1.34929	1.29122	1.29122	1.29122	1.2421	1.13497	1.10427	1.18853	1.2421	1.18853	1.10427	1.07607	1.13497	1.20304	1.13497	1.08143	1.09737	1.08143	1.05055	1.00838	1.00838	1.05055	1.02792	0.9921	1.00838	0.974441	0.889419	0.814234	0.783428	0.814234	0.860891	0.887378	0.887378	0.860891	0.835726	0.760939	0.744108	0.814234	0.814234	0.70772	0.64569	0.64569	0.64569	0.601588	0.536056	0.548736	0.621123	0.64569	0.64569	0.64569	0.64569	0.64569	0.64569	0.64569	0.64569	0.64569	0.64569	0.64569	0.64569	0.64569	0.64569	0.64569	0.70772	0.814234	0.860891	0.860891	0.860891	0.860891	0.860891	0.889419	0.974441	1.05055	1.07607	1.07607	1.07607	1.07607	1.13497	1.20304	1.13497	1.07607	1.07607	1.07607	1.10427	1.18853	1.26547	1.29122	1.29122	1.29122	1.29122	1.26547	1.18853	1.10427	1.07607	1.07607	1.07607	1.07607	1.07607	1.07607	1.07607	1.13497	1.20304	1.13497	1.07607	1.02792	0.920994	0.860891	0.860891	0.887378	0.887378	0.860891	0.835726	0.796712	0.783428	0.744108	0.67474	0.601588	0.579523	0.587587	0.587587	0.579523	0.536056	0.536056	0.579523	0.579523	0.579523	0.496087	0.443716	0.48127	0.485019	0.536056	0.536056	0.460527	0.48127	0.48127	0.391732	0.337107	0.340316	0.407137	0.391732	0.289769
0.919235	0.919235	0.953986	1.02859	1.03507	1.01229	1.02065	1.008	1.10192	1.10895	1.06045	1.08672	1.13999	1.18371	1.13936	1.19148	1.2167	1.19148	1.23396	1.18417	1.16571	1.2173	1.22662	1.21015	1.23396	1.2173	1.22662	1.20281	1.21849	1.2845	1.25258	1.25258	1.25258	1.25258	1.25258	1.26064	1.28829	1.26221	1.24491	1.27135	1.31345	1.35077	1.37727	1.39293	1.36673	1.36633	1.42525	1.43524	1.41495	1.43524	1.43524	1.41495	1.43524	1.43524	1.41495	1.41495	1.41495	1.41495	1.41495	1.43524	1.43524	1.41495	1.41915	1.38838	1.40379	1.41915	1.37307	1.36356	1.40379	1.41915	1.37307	1.3829	1.3829	1.36143	1.28829	1.27135	1.30128	1.23616	1.20281	1.20281	1.20281	1.22662	1.22484	1.14994	1.14994	1.14173	1.10651	1.06402	1.00224	0.991907	0.974251	0.974251	0.991907	0.974251	0.981832	1.02243	1.05498	1.01283	0.968294	0.968294	0.968294	0.968294	0.981832	1.02243	1.0625	1.07586	1.07586	1.04931	0.995549	0.941786	0.888024	0.847383	0.807384	0.766712	0.753146	0.726749	0.672997	0.645564	0.645564	0.645564	0.646679	0.595423	0.551589	0.592382	0.627952	0.620998	0.559403	0.537977	0.565514	0.629673	0.595423	0.548629	0.57941	0.548629	0.532908	0.536961	0.512138	0.5247	0.544655	0.52984	0.512138	0.519499	0.453709	0.445253	0.433727	0.404383	0.430386	0.481177	0.481177	0.430386	0.427432	0.421032	0.38278	0.404383	0.445253	0.397155	0.322792	0.322792	0.322792	0.350716	0.325573	0.270336	0.309635	0.322792	0.322792	0.322792	0.322792	0.322792	0.322792	0.322792	0.322792	0.322792	0.322792	0.322792	0.322792	0.322792	0.322792	0.322792	0.350724	0.404383	0.430386	0.430386	0.430386	0.430386	0.430386	0.444039	0.484928	0.5247	0.537977	0.537977	0.537977	0.537977	0.565514	0.629673	0.595423	0.537977	0.537977	0.537977	0.551589	0.592382	0.632259	0.645564	0.645564	0.645564	0.645564	0.639086	0.620998	0.559403	0.537977	0.537977	0.537977	0.537977	0.537977	0.537977	0.537977	0.595423	0.629673	0.565514	0.537977	0.511787	0.458074	0.430386	0.430386	0.481177	0.481177	0.430386	0.417154	0.408387	0.433727	0.38278	0.33651	0.297113	0.344469	0.347086	0.307286	0.344469	0.28276	0.325573	0.344469	0.344469	0.344469	0.243585	0.240593	0.30432	0.304915	0.325573	0.28276	0.229041	0.30432	0.30432	0.190208	0.191151	0.24799	0.22263	0.190208	0.137161
0.322705	0.322705	0.322705	0.43027	0.43027	0.322705	0.322705	0.215138	0.43027	0.43027	0.215138	0.215138	0.322705	0.43027	0.215138	0.322705	0.43027	0.322705	0.43027	0.322705	0.215138	0.322705	0.322705	0.322705	0.43027	0.322705	0.322705	0.215138	0.215138	0.43027	0.322705	0.322705	0.322705	0.322705	0.322705	0.215138	0.322705	0.322705	0.215138	0.215138	0.215138	0.215138	0.215138	0.322705	0.322705	0.215138	0.322705	0.322705	0.215138	0.322705	0.322705	0.215138	0.322705	0.322705	0.215138	0.215138	0.215138	0.215138	0.215138	0.322705	0.322705	0.215138	0.322705	0.215138	0.215138	0.322705	0.215138	0.107569	0.215138	0.322705	0.215138	0.322705	0.322705	0.43027	0.322705	0.215138	0.43027	0.322705	0.215138	0.215138	0.215138	0.322705	0.43027	0.215138	0.215138	0.322705	0.322705	0.322705	0.215138	0.215138	0.107569	0.107569	0.215138	0.107569	0	0	0.215138	0.215138	0	0	0	0	0	0	0	0	0	0	0	0	0	0	0	0	0	0	0	0	0	0	0.215138	0.215138	0	0	0.107569	0.215138	0.107569	0	0	0.215138	0.215138	0.107569	0.215138	0.107569	0.107569	0.215138	0.107569	0	0.215138	0.215138	0.107569	0.215138	0.107569	0.215138	0.215138	0	0	0.215138	0.215138	0	0.107569	0.215138	0.107569	0	0.215138	0.215138	0	0	0	0.215138	0.215138	0	0	0	0	0	0	0	0	0	0	0	0	0	0	0	0	0	0	0	0	0	0	0	0	0	0	0	0	0	0	0	0	0.215138	0.215138	0	0	0	0	0	0	0	0	0	0	0.107569	0.215138	0.107569	0	0	0	0	0	0	0	0.215138	0.215138	0	0	0	0	0	0	0.215138	0.215138	0	0	0.107569	0.215138	0.107569	0	0	0.215138	0.215138	0.107569	0.215138	0.107569	0.215138	0.215138	0.215138	0.215138	0	0.107569	0.215138	0.215138	0.215138	0.107569	0	0.215138	0.215138	0	0.107569	0.215138	0.107569	0	0
0.322644	0.322644	0.322644	0.430189	0.430189	0.322644	0.322644	0.215097	0.430189	0.430189	0.215097	0.215097	0.322644	0.430189	0.215097	0.322644	0.430189	0.322644	0.430189	0.322644	0.215097	0.322644	0.322644	0.322644	0.430189	0.322644	0.322644	0.215097	0.215097	0.430189	0.322644	0.322644	0.322644	0.322644	0.322644	0.215097	0.322644	0.322644	0.215097	0.215097	0.215097	0.215097	0.215097	0.322644	0.322644	0.215097	0.322644	0.322644	0.215097	0.322644	0.322644	0.215097	0.322644	0.322644	0.215097	0.215097	0.215097	0.215097	0.215097	0.322644	0.322644	0.215097	0.322644	0.215097	0.215097	0.322644	0.215097	0.107549	0.215097	0.322644	0.215097	0.322644	0.322644	0.430189	0.322644	0.215097	0.430189	0.322644	0.215097	0.215097	0.215097	0.322644	0.430189	0.215097	0.215097	0.322644	0.322644	0.322644	0.215097	0.215097	0.107549	0.107549	0.215097	0.107549	0	0	0.215097	0.215097	0	0	0	0	0	0	0	0	0	0	0	0	0	0	0	0	0	0	0	0	0	0	0.215097	0.215097	0	0	0.107549	0.215097	0.107549	0	0	0.215097	0.215097	0.107549	0.215097	0.107549	0.107549	0.215097	0.107549	0	0.215097	0.215097	0.107549	0.215097	0.107549	0.215097	0.215097	0	0	0.215097	0.215097	0	0.107549	0.215097	0.107549	0	0.215097	0.215097	0	0	0	0.215097	0.215097	0	0	0	0	0	0	0	0	0	0	0	0	0	0	0	0	0	0	0	0	0	0	0	0	0	0	0	0	0	0	0	0	0.215097	0.215097	0	0	0	0	0	0	0	0	0	0	0.107549	0.215097	0.107549	0	0	0	0	0	0	0	0.215097	0.215097	0	0	0	0	0	0	0.215097	0.215097	0	0	0.107549	0.215097	0.107549	0	0	0.215097	0.215097	0.107549	0.215097	0.107549	0.215097	0.215097	0.215097	0.215097	0	0.107549	0.215097	0.215097	0.215097	0.107549	0	0.215097	0.215097	0	0.107549	0.215097	0.107549	0	0
0.322584	0.322584	0.322584	0.430108	0.430108	0.322584	0.322584	0.215057	0.430108	0.430108	0.215057	0.215057	0.322584	0.430108	0.215057	0.322584	0.430108	0.322584	0.430108	0.322584	0.215057	0.322584	0.322584	0.322584	0.430108	0.322584	0.322584	0.215057	0.215057	0.430108	0.322584	0.322584	0.322584	0.322584	0.322584	0.215057	0.322584	0.322584	0.215057	0.215057	0.215057	0.215057	0.215057	0.322584	0.322584	0.215057	0.322584	0.322584	0.215057	0.322584	0.322584	0.215057	0.322584	0.322584	0.215057	0.215057	0.215057	0.215057	0.215057	0.322584	0.322584	0.215057	0.322584	0.215057	0.215057	0.322584	0.215057	0.107529	0.215057	0.322584	0.215057	0.322584	0.322584	0.430108	0.322584	0.215057	0.430108	0.322584	0.215057	0.215057	0.215057	0.322584	0.430108	0.215057	0.215057	0.322584	0.322584	0.322584	0.215057	0.215057	0.107529	0.107529	0.215057	0.107529	0	0	0.215057	0.215057	0	0	0	0	0	0	0	0	0	0	0	0	0	0	0	0	0	0	0	0	0	0	0.215057	0.215057	0	0	0.107529	0.215057	0.107529	0	0	0.215057	0.215057	0.107529	0.215057	0.107529	0.107529	0.215057	0.107529	0	0.215057	0.215057	0.107529	0.215057	0.107529	0.215057	0.215057	0	0	0.215057	0.215057	0	0.107529	0.215057	0.107529	0	0.215057	0.215057	0	0	0	0.215057	0.215057	0	0	0	0	0	0	0	0	0	0	0	0	0	0	0	0	0	0	0	0	0	0	0	0	0	0	0	0	0	0	0	0	0.215057	0.215057	0	0	0	0	0	0	0	0	0	0	0.107529	0.215057	0.107529	0	0	0	0	0	0	0	0.215057	0.215057	0	0	0	0	0	0	0.215057	0.215057	0	0	0.107529	0.215057	0.107529	0	0	0.215057	0.215057	0.107529	0.215057	0.107529	0.215057	0.215057	0.215057	0.215057	0	0.107529	0.215057	0.215057	0.215057	0.107529	0	0.215057	0.215057	0	0.107529	0.215057	0.107529	0	0
0.322521	0.322521	0.322521	0.430024	0.430024	0.322521	0.322521	0.215015	0.430024	0.430024	0.215015	0.215015	0.322521	0.430024	0.215015	0.322521	0.430024	0.322521	0.430024	0.322521	0.215015	0.322521	0.322521	0.322521	0.430024	0.322521	0.322521	0.215015	0.215015	0.430024	0.322521	0.322521	0.322521	0.322521	0.322521	0.215015	0.322521	0.322521	0.215015	0.215015	0.215015	0.215015	0.215015	0.322521	0.322521	0.215015	0.322521	0.322521	0.215015	0.322521	0.322521	0.215015	0.322521	0.322521	0.215015	0.215015	0.215015	0.215015	0.215015	0.322521	0.322521	0.215015	0.322521	0.215015	0.215015	0.322521	0.215015	0.107508	0.215015	0.322521	0.215015	0.322521	0.322521	0.430024	0.322521	0.215015	0.430024	0.322521	0.215015	0.215015	0.215015	0.322521	0.430024	0.215015	0.215015	0.322521	0.322521	0.322521	0.215015	0.215015	0.107508	0.107508	0.215015	0.107508	0	0	0.215015	0.215015	0	0	0	0	0	0	0	0	0	0	0	0	0	0	0	0	0	0	0	0	0	0	0.215015	0.215015	0	0	0.107508	0.215015	0.107508	0	0	0.215015	0.215015	0.107508	0.215015	0.107508	0.107508	0.215015	0.107508	0	0.215015	0.215015	0.107508	0.215015	0.107508	0.215015	0.215015	0	0	0.215015	0.215015	0	0.107508	0.215015	0.107508	0	0.215015	0.215015	0	0	0	0.215015	0.215015	0	0	0	0	0	0	0	0	0	0	0	0	0	0	0	0	0	0	0	0	0	0	0	0	0	0	0	0	0	0	0	0	0.215015	0.215015	0	0	0	0	0	0	0	0	0	0	0.107508	0.215015	0.107508	0	0	0	0	0	0	0	0.215015	0.215015	0	0	0	0	0	0	0.215015	0.215015	0	0	0.107508	0.215015	0.107508	0	0	0.215015	0.215015	0.107508	0.215015	0.107508	0.215015	0.215015	0.215015	0.215015	0	0.107508	0.215015	0.215015	0.215015	0.107508	0	0.215015	0.215015	0	0.107508	0.215015	0.107508	0	0
0.32246	0.32246	0.32246	0.429944	0.429944	0.32246	0.32246	0.214975	0.429944	0.429944	0.214975	0.214975	0.32246	0.429944	0.214975	0.32246	0.429944	0.32246	0.429944	0.32246	0.214975	0.32246	0.32246	0.32246	0.429944	0.32246	0.32246	0.214975	0.214975	0.429944	0.32246	0.32246	0.32246	0.32246	0.32246	0.214975	0.32246	0.32246	0.214975	0.214975	0.214975	0.214975	0.214975	0.32246	0.32246	0.214975	0.32246	0.32246	0.214975	0.32246	0.32246	0.214975	0.32246	0.32246	0.214975	0.214975	0.214975	0.214975	0.214975	0.32246	0.32246	0.214975	0.32246	0.214975	0.214975	0.32246	0.214975	0.107488	0.214975	0.32246	0.214975	0.32246	0.32246	0.429944	0.32246	0.214975	0.429944	0.32246	0.214975	0.214975	0.214975	0.32246	0.429944	0.214975	0.214975	0.32246	0.32246	0.32246	0.214975	0.214975	0.107488	0.107488	0.214975	0.107488	0	0	0.214975	0.214975	0	0	0	0	0	0	0	0	0	0	0	0	0	0	0	0	0	0	0	0	0	0	0.214975	0.214975	0	0	0.107488	0.214975	0.107488	0	0	0.214975	0.214975	0.107488	0.214975	0.107488	0.107488	0.214975	0.107488	0	0.214975	0.214975	0.107488	0.214975	0.107488	0.214975	0.214975	0	0	0.214975	0.214975	0	0.107488	0.214975	0.107488	0	0.214975	0.214975	0	0	0	0.214975	0.214975	0	0	0	0	0	0	0	0	0	0	0	0	0	0	0	0	0	0	0	0	0	0	0	0	0	0	0	0	0	0	0	0	0.214975	0.214975	0	0	0	0	0	0	0	0	0	0	0.107488	0.214975	0.107488	0	0	0	0	0	0	0	0.214975	0.214975	0	0	0	0	0	0	0.214975	0.214975	0	0	0.107488	0.214975	0.107488	0	0	0.214975	0.214975	0.107488	0.214975	0.107488	0.214975	0.214975	0.214975	0.214975	0	0.107488	0.214975	0.214975	0.214975	0.107488	0	0.214975	0.214975	0	0.107488	0.214975	0.107488	0	0
0.322397	0.322397	0.322397	0.42986	0.42986	0.322397	0.322397	0.214933	0.42986	0.42986	0.214933	0.214933	0.322397	0.42986	0.214933	0.322397	0.42986	0.322397	0.42986	0.322397	0.214933	0.322397	0.322397	0.322397	0.42986	0.322397	0.322397	0.214933	0.214933	0.42986	0.322397	0.322397	0.322397	0.322397	0.322397	0.214933	0.322397	0.322397	0.214933	0.214933	0.214933	0.214933	0.214933	0.322397	0.322397	0.214933	0.322397	0.322397	0.214933	0.322397	0.322397	0.214933	0.322397	0.322397	0.214933	0.214933	0.214933	0.214933	0.214933	0.322397	0.322397	0.214933	0.322397	0.214933	0.214933	0.322397	0.214933	0.107467	0.214933	0.322397	0.214933	0.322397	0.322397	0.42986	0.322397	0.214933	0.42986	0.322397	0.214933	0.214933	0.214933	0.322397	0.42986	0.214933	0.214933	0.322397	0.322397	0.322397	0.214933	0.214933	0.107467	0.107467	0.214933	0.107467	0	0	0.214933	0.214933	0	0	0	0	0	0	0	0	0	0	0	0	0	0	0	0	0	0	0	0	0	0	0.214933	0.214933	0	0	0.107467	0.214933	0.107467	0	0	0.214933	0.214933	0.107467	0.214933	0.107467	0.107467	0.214933	0.107467	0	0.214933	0.214933	0.107467	0.214933	0.107467	0.214933	0.214933	0	0	0.214933	0.214933	0	0.107467	0.214933	0.107467	0	0.214933	0.214933	0	0	0	0.214933	0.214933	0	0	0	0	0	0	0	0	0	0	0	0	0	0	0	0	0	0	0	0	0	0	0	0	0	0	0	0	0	0	0	0	0.214933	0.214933	0	0	0	0	0	0	0	0	0	0	0.107467	0.214933	0.107467	0	0	0	0	0	0	0	0.214933	0.214933	0	0	0	0	0	0	0.214933	0.214933	0	0	0.107467	0.214933	0.107467	0	0	0.214933	0.214933	0.107467	0.214933	0.107467	0.214933	0.214933	0.214933	0.214933	0	0.107467	0.214933	0.214933	0.214933	0.107467	0	0.214933	0.214933	0	0.107467	0.214933	0.107467	0	0
0.62653	0.631407	0.64971	0.715251	0.760239	0.751416	0.783153	0.782235	0.871442	0.895129	0.834017	0.824664	0.850501	0.925054	0.886027	0.926034	0.991489	0.976835	1.04048	1.0193	0.970727	0.96045	0.951395	0.976835	1.04048	1.0193	1.0193	0.99059	0.99059	1.05818	1.0193	1.02793	1.05358	1.07928	1.10504	1.0957	1.12172	1.12172	1.0957	1.0957	1.08528	1.05904	1.03284	1.05358	1.08843	1.0957	1.13085	1.1567	1.1592	1.20854	1.22499	1.20121	1.24427	1.28658	1.26966	1.24326	1.21687	1.20121	1.20121	1.22499	1.22499	1.18001	1.16416	1.12204	1.11155	1.12172	1.0957	1.05615	1.03284	1.05358	1.05358	1.10504	1.12172	1.17264	1.17326	1.12749	1.15716	1.12172	1.08528	1.05904	1.03284	1.04481	1.08278	1.00666	0.99059	1.0193	1.0193	1.0193	0.99059	0.99059	0.949694	0.907947	0.912106	0.881336	0.846258	0.806312	0.817637	0.853682	0.859581	0.833156	0.779468	0.752146	0.738839	0.698943	0.658274	0.644707	0.644707	0.644707	0.644707	0.644707	0.644707	0.631419	0.591595	0.550857	0.537262	0.537262	0.537262	0.537262	0.511107	0.457466	0.493869	0.543931	0.511107	0.457466	0.453106	0.511453	0.485398	0.443449	0.4166	0.456668	0.462557	0.44304	0.480537	0.433573	0.407844	0.438533	0.407844	0.350258	0.391591	0.410044	0.356888	0.387421	0.339798	0.396627	0.433151	0.350258	0.296719	0.344011	0.35025	0.309224	0.306877	0.346624	0.32292	0.296719	0.344011	0.35025	0.296719	0.243261	0.21491	0.306283	0.35025	0.322364	0.322364	0.322364	0.322364	0.322364	0.322364	0.322364	0.322364	0.322364	0.322364	0.322364	0.322364	0.322364	0.322364	0.322364	0.322364	0.322364	0.322364	0.322364	0.322364	0.336064	0.377047	0.4166	0.429815	0.429815	0.429815	0.429815	0.429815	0.429815	0.429815	0.429815	0.429815	0.493869	0.543931	0.537262	0.537262	0.524004	0.484284	0.443449	0.429815	0.429815	0.429815	0.429815	0.429815	0.453106	0.518808	0.532201	0.537262	0.537262	0.537262	0.537262	0.537262	0.537262	0.537262	0.543931	0.493869	0.429815	0.429815	0.429815	0.429815	0.429815	0.429815	0.444661	0.396627	0.322364	0.336064	0.382271	0.414856	0.348707	0.322364	0.322364	0.368815	0.365373	0.314428	0.327903	0.246939	0.265926	0.268623	0.268623	0.231078	0.136979	0.212371	0.266602	0.268623	0.249834	0.190897	0.189956	0.265926	0.231078	0.121631	0.190897	0.249834	0.153143	0.107456	0.136979
1.1215	1.13333	1.17303	1.22475	1.32865	1.3956	1.46588	1.519	1.57604	1.62822	1.62534	1.60684	1.60684	1.69564	1.7318	1.76579	1.83776	1.87194	1.94293	1.95973	1.90682	1.83776	1.81885	1.87194	1.94293	1.95973	1.95973	1.94498	1.94498	1.9802	1.95973	1.9782	2.03137	2.08456	2.13777	2.15839	2.17169	2.17169	2.15839	2.15839	2.13777	2.08456	2.03137	2.03137	2.10502	2.15839	2.191	2.24424	2.28745	2.35077	2.38406	2.37195	2.42536	2.51064	2.51064	2.45734	2.40405	2.37195	2.37195	2.38406	2.38406	2.33093	2.25958	2.21177	2.191	2.17169	2.15839	2.10502	2.03137	2.03137	2.07348	2.13777	2.17169	2.22475	2.27783	2.22475	2.19017	2.17169	2.13777	2.08456	2.03137	2.01267	2.03261	1.9782	1.94498	1.95973	1.95973	1.95973	1.94498	1.94498	1.89166	1.80613	1.78507	1.75269	1.69246	1.61467	1.59242	1.66823	1.71844	1.66823	1.56112	1.50374	1.47788	1.4005	1.31694	1.289	1.289	1.289	1.289	1.289	1.289	1.2633	1.18648	1.10238	1.07422	1.07422	1.07422	1.07422	1.02616	0.919413	0.919413	1.02616	1.02616	0.919413	0.887891	0.953676	0.953676	0.887891	0.834291	0.833854	0.848007	0.866099	0.885855	0.848007	0.795344	0.795344	0.795344	0.706504	0.690498	0.730591	0.690498	0.67944	0.65347	0.706504	0.782083	0.706504	0.600555	0.578528	0.600555	0.620056	0.586578	0.586578	0.620056	0.600555	0.578528	0.600555	0.600555	0.495235	0.429731	0.495235	0.600555	0.644581	0.644581	0.644581	0.644581	0.644581	0.644581	0.644581	0.644581	0.644581	0.644581	0.644581	0.644581	0.644581	0.644581	0.644581	0.644581	0.644581	0.644581	0.644581	0.644581	0.673581	0.759632	0.834291	0.859413	0.859413	0.859413	0.859413	0.859413	0.859413	0.859413	0.859413	0.859413	0.919413	1.02616	1.07422	1.07422	1.04875	0.972768	0.887891	0.859413	0.859413	0.859413	0.859413	0.859413	0.887891	0.972768	1.04875	1.07422	1.07422	1.07422	1.07422	1.07422	1.07422	1.07422	1.02616	0.919413	0.859413	0.859413	0.859413	0.859413	0.859413	0.859413	0.812835	0.706504	0.644581	0.673581	0.74283	0.74283	0.673581	0.644581	0.644581	0.638394	0.628715	0.600555	0.547793	0.459736	0.39106	0.387346	0.387346	0.289271	0.289271	0.384547	0.384547	0.387346	0.336529	0.336529	0.39106	0.39106	0.289271	0.247622	0.336529	0.336529	0.247622	0.214868	0.289271
0.62629	0.595916	0.649462	0.63827	0.688273	0.721764	0.737333	0.781936	0.835634	0.860289	0.833698	0.850176	0.824349	0.866764	0.885688	0.902019	0.960082	0.954062	1.01056	1.01891	1.02243	0.99111	0.928017	0.954062	1.01056	1.01891	1.01891	0.990211	0.990211	1.05778	1.01891	1.00628	1.03244	1.05864	1.08487	1.09528	1.12129	1.12129	1.09528	1.09528	1.10461	1.07887	1.05317	1.03244	1.05574	1.09528	1.11112	1.13741	1.1475	1.19005	1.22452	1.20075	1.21567	1.26917	1.28609	1.26005	1.23405	1.20075	1.20075	1.22452	1.22452	1.22275	1.18944	1.12162	1.13041	1.12129	1.09528	1.08801	1.05317	1.03244	1.04079	1.08487	1.12129	1.12706	1.17281	1.17219	1.15672	1.12129	1.10461	1.07887	1.05317	1.04441	1.08236	1.02754	0.990211	1.01891	1.01891	1.01891	0.990211	0.990211	0.985098	0.921783	0.911757	0.895604	0.851032	0.827188	0.801292	0.832837	0.859252	0.853355	0.801065	0.751859	0.744389	0.723014	0.664563	0.64446	0.64446	0.64446	0.64446	0.64446	0.64446	0.637994	0.619935	0.558446	0.537057	0.537057	0.537057	0.537057	0.543723	0.49368	0.457291	0.510912	0.543723	0.49368	0.44328	0.485213	0.511258	0.452933	0.426701	0.456494	0.433407	0.442871	0.480353	0.46238	0.438365	0.407688	0.438365	0.396476	0.356751	0.409887	0.391441	0.387273	0.339668	0.350124	0.432985	0.396476	0.350116	0.343879	0.296605	0.322797	0.346492	0.30676	0.309106	0.350116	0.343879	0.296605	0.350116	0.306166	0.214828	0.243168	0.296605	0.32224	0.32224	0.32224	0.32224	0.32224	0.32224	0.32224	0.32224	0.32224	0.32224	0.32224	0.32224	0.32224	0.32224	0.32224	0.32224	0.32224	0.32224	0.32224	0.32224	0.348574	0.420311	0.426701	0.42965	0.42965	0.42965	0.42965	0.42965	0.42965	0.42965	0.42965	0.42965	0.457291	0.510912	0.537057	0.537057	0.531997	0.51861	0.452933	0.42965	0.42965	0.42965	0.42965	0.42965	0.44328	0.484099	0.523803	0.537057	0.537057	0.537057	0.537057	0.537057	0.537057	0.537057	0.510912	0.457291	0.42965	0.42965	0.42965	0.42965	0.42965	0.42965	0.403692	0.350124	0.32224	0.348574	0.414697	0.382125	0.335935	0.32224	0.32224	0.331611	0.365234	0.314308	0.269873	0.228649	0.189883	0.26852	0.26852	0.136927	0.23099	0.2665	0.21229	0.26852	0.190824	0.249738	0.265825	0.189883	0.136927	0.153084	0.249738	0.190824	0.121585	0.107414	0.23099
0.322153	0.21477	0.322153	0.21477	0.21477	0.21477	0.107385	0.21477	0.322153	0.322153	0.21477	0.322153	0.21477	0.21477	0.21477	0.21477	0.322153	0.21477	0.322153	0.322153	0.429534	0.429534	0.21477	0.21477	0.322153	0.322153	0.322153	0.21477	0.21477	0.429534	0.322153	0.21477	0.21477	0.21477	0.21477	0.21477	0.322153	0.322153	0.21477	0.21477	0.322153	0.322153	0.322153	0.21477	0.107385	0.21477	0.21477	0.21477	0.107385	0.21477	0.322153	0.21477	0.107385	0.21477	0.322153	0.322153	0.322153	0.21477	0.21477	0.322153	0.322153	0.429534	0.429534	0.21477	0.322153	0.322153	0.21477	0.322153	0.322153	0.21477	0.107385	0.21477	0.322153	0.21477	0.322153	0.429534	0.429534	0.322153	0.322153	0.322153	0.322153	0.322153	0.429534	0.322153	0.21477	0.322153	0.322153	0.322153	0.21477	0.21477	0.322153	0.21477	0.21477	0.21477	0.107385	0.21477	0.107385	0	0	0.21477	0.21477	0	0.107385	0.21477	0.107385	0	0	0	0	0	0	0.107385	0.21477	0.107385	0	0	0	0	0.21477	0.21477	0	0	0.21477	0.21477	0	0.107385	0.21477	0.107385	0.107385	0.21477	0.107385	0.107385	0.21477	0.21477	0.21477	0.107385	0.21477	0.21477	0.107385	0.21477	0.21477	0.21477	0.107385	0	0.21477	0.21477	0.21477	0.21477	0	0.107385	0.21477	0.107385	0	0.21477	0.21477	0	0.21477	0.21477	0	0	0	0	0	0	0	0	0	0	0	0	0	0	0	0	0	0	0	0	0	0	0	0.107385	0.21477	0.107385	0	0	0	0	0	0	0	0	0	0	0	0	0	0.107385	0.21477	0.107385	0	0	0	0	0	0	0	0	0	0	0	0	0	0	0	0	0	0	0	0	0	0	0	0	0	0	0.107385	0.21477	0.107385	0	0	0	0.107385	0.21477	0.107385	0	0	0	0.21477	0.21477	0	0.21477	0.21477	0.107385	0.21477	0.107385	0.21477	0.21477	0	0	0.107385	0.21477	0.107385	0	0	0.21477
0.322091	0.214728	0.322091	0.214728	0.214728	0.214728	0.107365	0.214728	0.322091	0.322091	0.214728	0.322091	0.214728	0.214728	0.214728	0.214728	0.322091	0.214728	0.322091	0.322091	0.42945	0.42945	0.214728	0.214728	0.322091	0.322091	0.322091	0.214728	0.214728	0.42945	0.322091	0.214728	0.214728	0.214728	0.214728	0.214728	0.322091	0.322091	0.214728	0.214728	0.322091	0.322091	0.322091	0.214728	0.107365	0.214728	0.214728	0.214728	0.107365	0.214728	0.322091	0.214728	0.107365	0.214728	0.322091	0.322091	0.322091	0.214728	0.214728	0.322091	0.322091	0.42945	0.42945	0.214728	0.322091	0.322091	0.214728	0.322091	0.322091	0.214728	0.107365	0.214728	0.322091	0.214728	0.322091	0.42945	0.42945	0.322091	0.322091	0.322091	0.322091	0.322091	0.42945	0.322091	0.214728	0.322091	0.322091	0.322091	0.214728	0.214728	0.322091	0.214728	0.214728	0.214728	0.107365	0.214728	0.107365	0	0	0.214728	0.214728	0	0.107365	0.214728	0.107365	0	0	0	0	0	0	0.107365	0.214728	0.107365	0	0	0	0	0.214728	0.214728	0	0	0.214728	0.214728	0	0.107365	0.214728	0.107365	0.107365	0.214728	0.107365	0.107365	0.214728	0.214728	0.214728	0.107365	0.214728	0.214728	0.107365	0.214728	0.214728	0.214728	0.107365	0	0.214728	0.214728	0.214728	0.214728	0	0.107365	0.214728	0.107365	0	0.214728	0.214728	0	0.214728	0.214728	0	0	0	0	0	0	0	0	0	0	0	0	0	0	0	0	0	0	0	0	0	0	0	0.107365	0.214728	0.107365	0	0	0	0	0	0	0	0	0	0	0	0	0	0.107365	0.214728	0.107365	0	0	0	0	0	0	0	0	0	0	0	0	0	0	0	0	0	0	0	0	0	0	0	0	0	0	0.107365	0.214728	0.107365	0	0	0	0.107365	0.214728	0.107365	0	0	0	0.214728	0.214728	0	0.214728	0.214728	0.107365	0.214728	0.107365	0.214728	0.214728	0	0	0.107365	0.214728	0.107365	0	0	0.214728
0.32203	0.214688	0.32203	0.214688	0.214688	0.214688	0.107344	0.214688	0.32203	0.32203	0.214688	0.32203	0.214688	0.214688	0.214688	0.214688	0.32203	0.214688	0.32203	0.32203	0.42937	0.42937	0.214688	0.214688	0.32203	0.32203	0.32203	0.214688	0.214688	0.42937	0.32203	0.214688	0.214688	0.214688	0.214688	0.214688	0.32203	0.32203	0.214688	0.214688	0.32203	0.32203	0.32203	0.214688	0.107344	0.214688	0.214688	0.214688	0.107344	0.214688	0.32203	0.214688	0.107344	0.214688	0.32203	0.32203	0.32203	0.214688	0.214688	0.32203	0.32203	0.42937	0.42937	0.214688	0.32203	0.32203	0.214688	0.32203	0.32203	0.214688	0.107344	0.214688	0.32203	0.214688	0.32203	0.42937	0.42937	0.32203	0.32203	0.32203	0.32203	0.32203	0.42937	0.32203	0.214688	0.32203	0.32203	0.32203	0.214688	0.214688	0.32203	0.214688	0.214688	0.214688	0.107344	0.214688	0.107344	0	0	0.214688	0.214688	0	0.107344	0.214688	0.107344	0	0	0	0	0	0	0.107344	0.214688	0.107344	0	0	0	0	0.214688	0.214688	0	0	0.214688	0.214688	0	0.107344	0.214688	0.107344	0.107344	0.214688	0.107344	0.107344	0.214688	0.214688	0.214688	0.107344	0.214688	0.214688	0.107344	0.214688	0.214688	0.214688	0.107344	0	0.214688	0.214688	0.214688	0.214688	0	0.107344	0.214688	0.107344	0	0.214688	0.214688	0	0.214688	0.214688	0	0	0	0	0	0	0	0	0	0	0	0	0	0	0	0	0	0	0	0	0	0	0	0.107344	0.214688	0.107344	0	0	0	0	0	0	0	0	0	0	0	0	0	0.107344	0.214688	0.107344	0	0	0	0	0	0	0	0	0	0	0	0	0	0	0	0	0	0	0	0	0	0	0	0	0	0	0.107344	0.214688	0.107344	0	0	0	0.107344	0.214688	0.107344	0	0	0	0.214688	0.214688	0	0.214688	0.214688	0.107344	0.214688	0.107344	0.214688	0.214688	0	0	0.107344	0.214688	0.107344	0	0	0.214688
0.321967	0.214646	0.321967	0.214646	0.214646	0.214646	0.107323	0.214646	0.321967	0.321967	0.214646	0.321967	0.214646	0.214646	0.214646	0.214646	0.321967	0.214646	0.321967	0.321967	0.429286	0.429286	0.214646	0.214646	0.321967	0.321967	0.321967	0.214646	0.214646	0.429286	0.321967	0.214646	0.214646	0.214646	0.214646	0.214646	0.321967	0.321967	0.214646	0.214646	0.321967	0.321967	0.321967	0.214646	0.107323	0.214646	0.214646	0.214646	0.107323	0.214646	0.321967	0.214646	0.107323	0.214646	0.321967	0.321967	0.321967	0.214646	0.214646	0.321967	0.321967	0.429286	0.429286	0.214646	0.321967	0.321967	0.214646	0.321967	0.321967	0.214646	0.107323	0.214646	0.321967	0.214646	0.321967	0.429286	0.429286	0.321967	0.321967	0.321967	0.321967	0.321967	0.429286	0.321967	0.214646	0.321967	0.321967	0.321967	0.214646	0.214646	0.321967	0.214646	0.214646	0.214646	0.107323	0.214646	0.107323	0	0	0.214646	0.214646	0	0.107323	0.214646	0.107323	0	0	0	0	0	0	0.107323	0.214646	0.107323	0	0	0	0	0.214646	0.214646	0	0	0.214646	0.214646	0	0.107323	0.214646	0.107323	0.107323	0.214646	0.107323	0.107323	0.214646	0.214646	0.214646	0.107323	0.214646	0.214646	0.107323	0.214646	0.214646	0.214646	0.107323	0	0.214646	0.214646	0.214646	0.214646	0	0.107323	0.214646	0.107323	0	0.214646	0.214646	0	0.214646	0.214646	0	0	0	0	0	0	0	0	0	0	0	0	0	0	0	0	0	0	0	0	0	0	0	0.107323	0.214646	0.107323	0	0	0	0	0	0	0	0	0	0	0	0	0	0.107323	0.214646	0.107323	0	0	0	0	0	0	0	0	0	0	0	0	0	0	0	0	0	0	0	0	0	0	0	0	0	0	0.107323	0.214646	0.107323	0	0	0	0.107323	0.214646	0.107323	0	0	0	0.214646	0.214646	0	0.214646	0.214646	0.107323	0.214646	0.107323	0.214646	0.214646	0	0	0.107323	0.214646	0.107323	0	0	0.214646
0.321907	0.214606	0.321907	0.214606	0.214606	0.214606	0.107303	0.214606	0.321907	0.321907	0.214606	0.321907	0.214606	0.214606	0.214606	0.214606	0.321907	0.214606	0.321907	0.321907	0.429206	0.429206	0.214606	0.214606	0.321907	0.321907	0.321907	0.214606	0.214606	0.429206	0.321907	0.214606	0.214606	0.214606	0.214606	0.214606	0.321907	0.321907	0.214606	0.214606	0.321907	0.321907	0.321907	0.214606	0.107303	0.214606	0.214606	0.214606	0.107303	0.214606	0.321907	0.214606	0.107303	0.214606	0.321907	0.321907	0.321907	0.214606	0.214606	0.321907	0.321907	0.429206	0.429206	0.214606	0.321907	0.321907	0.214606	0.321907	0.321907	0.214606	0.107303	0.214606	0.321907	0.214606	0.321907	0.429206	0.429206	0.321907	0.321907	0.321907	0.321907	0.321907	0.429206	0.321907	0.214606	0.321907	0.321907	0.321907	0.214606	0.214606	0.321907	0.214606	0.214606	0.214606	0.107303	0.214606	0.107303	0	0	0.214606	0.214606	0	0.107303	0.214606	0.107303	0	0	0	0	0	0	0.107303	0.214606	0.107303	0	0	0	0	0.214606	0.214606	0	0	0.214606	0.214606	0	0.107303	0.214606	0.107303	0.107303	0.214606	0.107303	0.107303	0.214606	0.214606	0.214606	0.107303	0.214606	0.214606	0.107303	0.214606	0.214606	0.214606	0.107303	0	0.214606	0.214606	0.214606	0.214606	0	0.107303	0.214606	0.107303	0	0.214606	0.214606	0	0.214606	0.214606	0	0	0	0	0	0	0	0	0	0	0	0	0	0	0	0	0	0	0	0	0	0	0	0.107303	0.214606	0.107303	0	0	0	0	0	0	0	0	0	0	0	0	0	0.107303	0.214606	0.107303	0	0	0	0	0	0	0	0	0	0	0	0	0	0	0	0	0	0	0	0	0	0	0	0	0	0	0.107303	0.214606	0.107303	0	0	0	0.107303	0.214606	0.107303	0	0	0	0.214606	0.214606	0	0.214606	0.214606	0.107303	0.214606	0.107303	0.214606	0.214606	0	0	0.107303	0.214606	0.107303	0	0	0.214606
0.321847	0.214566	0.321847	0.214566	0.214566	0.214566	0.107283	0.214566	0.321847	0.321847	0.214566	0.321847	0.214566	0.214566	0.214566	0.214566	0.321847	0.214566	0.321847	0.321847	0.429126	0.429126	0.214566	0.214566	0.321847	0.321847	0.321847	0.214566	0.214566	0.429126	0.321847	0.214566	0.214566	0.214566	0.214566	0.214566	0.321847	0.321847	0.214566	0.214566	0.321847	0.321847	0.321847	0.214566	0.107283	0.214566	0.214566	0.214566	0.107283	0.214566	0.321847	0.214566	0.107283	0.214566	0.321847	0.321847	0.321847	0.214566	0.214566	0.321847	0.321847	0.429126	0.429126	0.214566	0.321847	0.321847	0.214566	0.321847	0.321847	0.214566	0.107283	0.214566	0.321847	0.214566	0.321847	0.429126	0.429126	0.321847	0.321847	0.321847	0.321847	0.321847	0.429126	0.321847	0.214566	0.321847	0.321847	0.321847	0.214566	0.214566	0.321847	0.214566	0.214566	0.214566	0.107283	0.214566	0.107283	0	0	0.214566	0.214566	0	0.107283	0.214566	0.107283	0	0	0	0	0	0	0.107283	0.214566	0.107283	0	0	0	0	0.214566	0.214566	0	0	0.214566	0.214566	0	0.107283	0.214566	0.107283	0.107283	0.214566	0.107283	0.107283	0.214566	0.214566	0.214566	0.107283	0.214566	0.214566	0.107283	0.214566	0.214566	0.214566	0.107283	0	0.214566	0.214566	0.214566	0.214566	0	0.107283	0.214566	0.107283	0	0.214566	0.214566	0	0.214566	0.214566	0	0	0	0	0	0	0	0	0	0	0	0	0	0	0	0	0	0	0	0	0	0	0	0.107283	0.214566	0.107283	0	0	0	0	0	0	0	0	0	0	0	0	0	0.107283	0.214566	0.107283	0	0	0	0	0	0	0	0	0	0	0	0	0	0	0	0	0	0	0	0	0	0	0	0	0	0	0.107283	0.214566	0.107283	0	0	0	0.107283	0.214566	0.107283	0	0	0	0.214566	0.214566	0	0.214566	0.214566	0.107283	0.214566	0.107283	0.214566	0.214566	0	0	0.107283	0.214566	0.107283	0	0	0.214566
0.662315	0.747974	0.831718	0.832587	0.832587	0.852218	0.864783	0.884508	0.950333	1.05365	1.09382	1.15767	1.19915	1.15767	1.09382	1.1153	1.19012	1.17798	1.19012	1.26223	1.39218	1.47684	1.44139	1.41065	1.43087	1.43087	1.45132	1.44139	1.38857	1.44387	1.48315	1.44139	1.41065	1.38857	1.35769	1.35769	1.39888	1.45132	1.44139	1.38857	1.3787	1.39888	1.45132	1.48654	1.48073	1.41979	1.33581	1.30478	1.2915	1.30478	1.32663	1.30478	1.2915	1.30478	1.32663	1.32663	1.32663	1.30478	1.30478	1.32663	1.32663	1.39218	1.49569	1.51669	1.53552	1.53552	1.51669	1.53552	1.53552	1.51669	1.48073	1.44139	1.43087	1.38857	1.39888	1.49569	1.5615	1.53552	1.55643	1.60909	1.61977	1.56747	1.5615	1.53552	1.51669	1.53552	1.53552	1.53552	1.51669	1.51669	1.57798	1.62287	1.57798	1.51669	1.50528	1.51669	1.50528	1.44885	1.34172	1.30478	1.30478	1.26052	1.21405	1.19915	1.16078	1.09972	1.07259	1.02038	0.913305	0.858107	0.831727	0.78914	0.799997	0.835177	0.858107	0.806268	0.699289	0.643601	0.696193	0.72948	0.670951	0.643601	0.678406	0.678406	0.617369	0.578895	0.593612	0.62201	0.631189	0.627758	0.578895	0.526869	0.542998	0.577648	0.577648	0.526869	0.542998	0.577648	0.526869	0.528228	0.528228	0.542998	0.526869	0.456682	0.493022	0.528228	0.542998	0.593612	0.539016	0.475199	0.479713	0.44228	0.379255	0.386757	0.408465	0.429077	0.479713	0.479713	0.429077	0.429077	0.429077	0.429077	0.429077	0.429077	0.429077	0.429077	0.429077	0.429077	0.429077	0.429077	0.429077	0.429077	0.429077	0.429077	0.429077	0.429077	0.429077	0.429077	0.429077	0.429077	0.429077	0.475199	0.528228	0.462936	0.429077	0.429077	0.429077	0.429077	0.429077	0.429077	0.429077	0.429077	0.429077	0.429077	0.429077	0.429077	0.429077	0.462936	0.559951	0.62201	0.643601	0.643601	0.643601	0.643601	0.643601	0.643601	0.643601	0.643601	0.592404	0.48568	0.429077	0.429077	0.429077	0.429077	0.429077	0.429077	0.429077	0.429077	0.429077	0.429077	0.429077	0.429077	0.429077	0.429077	0.429077	0.429077	0.410226	0.359788	0.324033	0.379255	0.429077	0.429077	0.410226	0.359788	0.288831	0.326249	0.403154	0.429077	0.408465	0.386757	0.379255	0.408465	0.349649	0.324033	0.349649	0.254413	0.303394	0.303394	0.214542	0.214542	0.276099	0.343421	0.254413	0.214542	0.242844	0.343421
0.621889	0.736207	0.81409	0.832425	0.832425	0.841871	0.864614	0.884336	0.925633	1.03139	1.09361	1.13741	1.19892	1.18687	1.09361	1.10732	1.17776	1.18989	1.17776	1.24363	1.36692	1.46287	1.45104	1.41037	1.4306	1.4306	1.44111	1.45104	1.39861	1.41951	1.48286	1.45104	1.41037	1.39861	1.35743	1.35743	1.3883	1.44111	1.45104	1.39861	1.37843	1.3883	1.44111	1.48044	1.48625	1.44359	1.34626	1.30453	1.29125	1.30453	1.32637	1.30453	1.29125	1.30453	1.32637	1.32637	1.32637	1.30453	1.30453	1.32637	1.32637	1.36692	1.47217	1.51639	1.53522	1.53522	1.51639	1.53522	1.53522	1.51639	1.48625	1.45104	1.4306	1.39861	1.3883	1.47217	1.5612	1.53522	1.54687	1.59983	1.63182	1.57994	1.5612	1.53522	1.51639	1.53522	1.53522	1.53522	1.51639	1.51639	1.56304	1.62256	1.59937	1.51639	1.50499	1.51639	1.50499	1.45648	1.35	1.30453	1.30453	1.26255	1.22089	1.19892	1.16796	1.10212	1.07238	1.03139	0.925633	0.85794	0.835015	0.799842	0.788987	0.831565	0.85794	0.82025	0.71541	0.643476	0.683556	0.729338	0.675093	0.643476	0.678275	0.678275	0.621889	0.593497	0.578783	0.617249	0.644588	0.627637	0.593497	0.542893	0.526767	0.577536	0.577536	0.542893	0.526767	0.577536	0.542893	0.528126	0.528126	0.526767	0.542893	0.462846	0.475107	0.528126	0.526767	0.578783	0.559843	0.492927	0.47962	0.442194	0.408386	0.386682	0.379182	0.428994	0.47962	0.47962	0.428994	0.428994	0.428994	0.428994	0.428994	0.428994	0.428994	0.428994	0.428994	0.428994	0.428994	0.428994	0.428994	0.428994	0.428994	0.428994	0.428994	0.428994	0.428994	0.428994	0.428994	0.428994	0.428994	0.492927	0.528126	0.456593	0.428994	0.428994	0.428994	0.428994	0.428994	0.428994	0.428994	0.428994	0.428994	0.428994	0.428994	0.428994	0.428994	0.456593	0.538911	0.617249	0.643476	0.643476	0.643476	0.643476	0.643476	0.643476	0.643476	0.643476	0.611395	0.508717	0.428994	0.428994	0.428994	0.428994	0.428994	0.428994	0.428994	0.428994	0.428994	0.428994	0.428994	0.428994	0.428994	0.428994	0.428994	0.428994	0.403075	0.326185	0.349582	0.408386	0.428994	0.428994	0.403075	0.326185	0.288775	0.359719	0.410146	0.428994	0.379182	0.386682	0.408386	0.379182	0.323971	0.349582	0.323971	0.242797	0.303336	0.303336	0.2145	0.2145	0.305699	0.343355	0.242797	0.2145	0.254363	0.343355
0	0.107221	0.214442	0.214442	0.214442	0.107221	0.107221	0.214442	0.107221	0.107221	0.214442	0.107221	0.214442	0.428878	0.214442	0.107221	0.214442	0.321661	0.214442	0.107221	0.214442	0.321661	0.321661	0.214442	0.321661	0.321661	0.214442	0.321661	0.321661	0.214442	0.321661	0.321661	0.214442	0.321661	0.214442	0.214442	0.214442	0.214442	0.321661	0.321661	0.321661	0.214442	0.214442	0.107221	0.214442	0.428878	0.321661	0.214442	0.107221	0.214442	0.321661	0.214442	0.107221	0.214442	0.321661	0.321661	0.321661	0.214442	0.214442	0.321661	0.321661	0.214442	0.214442	0.214442	0.321661	0.321661	0.214442	0.321661	0.321661	0.214442	0.214442	0.321661	0.321661	0.321661	0.214442	0.214442	0.428878	0.321661	0.214442	0.214442	0.428878	0.428878	0.428878	0.321661	0.214442	0.321661	0.321661	0.321661	0.214442	0.214442	0.107221	0.214442	0.428878	0.214442	0.107221	0.214442	0.107221	0.214442	0.214442	0.214442	0.214442	0.107221	0.214442	0.214442	0.214442	0.107221	0	0.214442	0.214442	0	0.107221	0.214442	0.107221	0	0	0.214442	0.214442	0	0.107221	0.214442	0.107221	0	0.214442	0.214442	0.107221	0.214442	0.107221	0	0.214442	0.214442	0.214442	0.214442	0.107221	0.214442	0.214442	0.214442	0.107221	0.214442	0.214442	0.214442	0.214442	0.107221	0.214442	0.107221	0.107221	0.214442	0.107221	0.107221	0.214442	0.214442	0.214442	0.107221	0.214442	0.214442	0	0	0.214442	0.214442	0	0	0	0	0	0	0	0	0	0	0	0	0	0	0	0	0	0	0	0	0	0	0	0.214442	0.214442	0	0	0	0	0	0	0	0	0	0	0	0	0	0	0	0	0	0	0	0	0	0	0	0	0	0.214442	0.214442	0	0	0	0	0	0	0	0	0	0	0	0	0	0	0	0	0	0	0.214442	0.214442	0	0	0	0	0.107221	0.214442	0.107221	0	0	0.214442	0.214442	0	0.107221	0.214442	0.107221	0	0.214442	0.214442	0	0	0.214442	0.214442	0	0	0.107221	0.214442
0	0.107201	0.214402	0.214402	0.214402	0.107201	0.107201	0.214402	0.107201	0.107201	0.214402	0.107201	0.214402	0.428798	0.214402	0.107201	0.214402	0.321601	0.214402	0.107201	0.214402	0.321601	0.321601	0.214402	0.321601	0.321601	0.214402	0.321601	0.321601	0.214402	0.321601	0.321601	0.214402	0.321601	0.214402	0.214402	0.214402	0.214402	0.321601	0.321601	0.321601	0.214402	0.214402	0.107201	0.214402	0.428798	0.321601	0.214402	0.107201	0.214402	0.321601	0.214402	0.107201	0.214402	0.321601	0.321601	0.321601	0.214402	0.214402	0.321601	0.321601	0.214402	0.214402	0.214402	0.321601	0.321601	0.214402	0.321601	0.321601	0.214402	0.214402	0.321601	0.321601	0.321601	0.214402	0.214402	0.428798	0.321601	0.214402	0.214402	0.428798	0.428798	0.428798	0.321601	0.214402	0.321601	0.321601	0.321601	0.214402	0.214402	0.107201	0.214402	0.428798	0.214402	0.107201	0.214402	0.107201	0.214402	0.214402	0.214402	0.214402	0.107201	0.214402	0.214402	0.214402	0.107201	0	0.214402	0.214402	0	0.107201	0.214402	0.107201	0	0	0.214402	0.214402	0	0.107201	0.214402	0.107201	0	0.214402	0.214402	0.107201	0.214402	0.107201	0	0.214402	0.214402	0.214402	0.214402	0.107201	0.214402	0.214402	0.214402	0.107201	0.214402	0.214402	0.214402	0.214402	0.107201	0.214402	0.107201	0.107201	0.214402	0.107201	0.107201	0.214402	0.214402	0.214402	0.107201	0.214402	0.214402	0	0	0.214402	0.214402	0	0	0	0	0	0	0	0	0	0	0	0	0	0	0	0	0	0	0	0	0	0	0	0.214402	0.214402	0	0	0	0	0	0	0	0	0	0	0	0	0	0	0	0	0	0	0	0	0	0	0	0	0	0.214402	0.214402	0	0	0	0	0	0	0	0	0	0	0	0	0	0	0	0	0	0	0.214402	0.214402	0	0	0	0	0.107201	0.214402	0.107201	0	0	0.214402	0.214402	0	0.107201	0.214402	0.107201	0	0.214402	0.214402	0	0	0.214402	0.214402	0	0	0.107201	0.214402
0	0.107181	0.21436	0.21436	0.21436	0.107181	0.107181	0.21436	0.107181	0.107181	0.21436	0.107181	0.21436	0.428715	0.21436	0.107181	0.21436	0.321539	0.21436	0.107181	0.21436	0.321539	0.321539	0.21436	0.321539	0.321539	0.21436	0.321539	0.321539	0.21436	0.321539	0.321539	0.21436	0.321539	0.21436	0.21436	0.21436	0.21436	0.321539	0.321539	0.321539	0.21436	0.21436	0.107181	0.21436	0.428715	0.321539	0.21436	0.107181	0.21436	0.321539	0.21436	0.107181	0.21436	0.321539	0.321539	0.321539	0.21436	0.21436	0.321539	0.321539	0.21436	0.21436	0.21436	0.321539	0.321539	0.21436	0.321539	0.321539	0.21436	0.21436	0.321539	0.321539	0.321539	0.21436	0.21436	0.428715	0.321539	0.21436	0.21436	0.428715	0.428715	0.428715	0.321539	0.21436	0.321539	0.321539	0.321539	0.21436	0.21436	0.107181	0.21436	0.428715	0.21436	0.107181	0.21436	0.107181	0.21436	0.21436	0.21436	0.21436	0.107181	0.21436	0.21436	0.21436	0.107181	0	0.21436	0.21436	0	0.107181	0.21436	0.107181	0	0	0.21436	0.21436	0	0.107181	0.21436	0.107181	0	0.21436	0.21436	0.107181	0.21436	0.107181	0	0.21436	0.21436	0.21436	0.21436	0.107181	0.21436	0.21436	0.21436	0.107181	0.21436	0.21436	0.21436	0.21436	0.107181	0.21436	0.107181	0.107181	0.21436	0.107181	0.107181	0.21436	0.21436	0.21436	0.107181	0.21436	0.21436	0	0	0.21436	0.21436	0	0	0	0	0	0	0	0	0	0	0	0	0	0	0	0	0	0	0	0	0	0	0	0.21436	0.21436	0	0	0	0	0	0	0	0	0	0	0	0	0	0	0	0	0	0	0	0	0	0	0	0	0	0.21436	0.21436	0	0	0	0	0	0	0	0	0	0	0	0	0	0	0	0	0	0	0.21436	0.21436	0	0	0	0	0.107181	0.21436	0.107181	0	0	0.21436	0.21436	0	0.107181	0.21436	0.107181	0	0.21436	0.21436	0	0	0.21436	0.21436	0	0	0.107181	0.21436
0	0.10716	0.21432	0.21432	0.21432	0.10716	0.10716	0.21432	0.10716	0.10716	0.21432	0.10716	0.21432	0.428634	0.21432	0.10716	0.21432	0.321478	0.21432	0.10716	0.21432	0.321478	0.321478	0.21432	0.321478	0.321478	0.21432	0.321478	0.321478	0.21432	0.321478	0.321478	0.21432	0.321478	0.21432	0.21432	0.21432	0.21432	0.321478	0.321478	0.321478	0.21432	0.21432	0.10716	0.21432	0.428634	0.321478	0.21432	0.10716	0.21432	0.321478	0.21432	0.10716	0.21432	0.321478	0.321478	0.321478	0.21432	0.21432	0.321478	0.321478	0.21432	0.21432	0.21432	0.321478	0.321478	0.21432	0.321478	0.321478	0.21432	0.21432	0.321478	0.321478	0.321478	0.21432	0.21432	0.428634	0.321478	0.21432	0.21432	0.428634	0.428634	0.428634	0.321478	0.21432	0.321478	0.321478	0.321478	0.21432	0.21432	0.10716	0.21432	0.428634	0.21432	0.10716	0.21432	0.10716	0.21432	0.21432	0.21432	0.21432	0.10716	0.21432	0.21432	0.21432	0.10716	0	0.21432	0.21432	0	0.10716	0.21432	0.10716	0	0	0.21432	0.21432	0	0.10716	0.21432	0.10716	0	0.21432	0.21432	0.10716	0.21432	0.10716	0	0.21432	0.21432	0.21432	0.21432	0.10716	0.21432	0.21432	0.21432	0.10716	0.21432	0.21432	0.21432	0.21432	0.10716	0.21432	0.10716	0.10716	0.21432	0.10716	0.10716	0.21432	0.21432	0.21432	0.10716	0.21432	0.21432	0	0	0.21432	0.21432	0	0	0	0	0	0	0	0	0	0	0	0	0	0	0	0	0	0	0	0	0	0	0	0.21432	0.21432	0	0	0	0	0	0	0	0	0	0	0	0	0	0	0	0	0	0	0	0	0	0	0	0	0	0.21432	0.21432	0	0	0	0	0	0	0	0	0	0	0	0	0	0	0	0	0	0	0.21432	0.21432	0	0	0	0	0.10716	0.21432	0.10716	0	0	0.21432	0.21432	0	0.10716	0.21432	0.10716	0	0.21432	0.21432	0	0	0.21432	0.21432	0	0	0.10716	0.21432
0	0.10714	0.214279	0.214279	0.214279	0.10714	0.10714	0.214279	0.10714	0.10714	0.214279	0.10714	0.214279	0.428551	0.214279	0.10714	0.214279	0.321416	0.214279	0.10714	0.214279	0.321416	0.321416	0.214279	0.321416	0.321416	0.214279	0.321416	0.321416	0.214279	0.321416	0.321416	0.214279	0.321416	0.214279	0.214279	0.214279	0.214279	0.321416	0.321416	0.321416	0.214279	0.214279	0.10714	0.214279	0.428551	0.321416	0.214279	0.10714	0.214279	0.321416	0.214279	0.10714	0.214279	0.321416	0.321416	0.321416	0.214279	0.214279	0.321416	0.321416	0.214279	0.214279	0.214279	0.321416	0.321416	0.214279	0.321416	0.321416	0.214279	0.214279	0.321416	0.321416	0.321416	0.214279	0.214279	0.428551	0.321416	0.214279	0.214279	0.428551	0.428551	0.428551	0.321416	0.214279	0.321416	0.321416	0.321416	0.214279	0.214279	0.10714	0.214279	0.428551	0.214279	0.10714	0.214279	0.10714	0.214279	0.214279	0.214279	0.214279	0.10714	0.214279	0.214279	0.214279	0.10714	0	0.214279	0.214279	0	0.10714	0.214279	0.10714	0	0	0.214279	0.214279	0	0.10714	0.214279	0.10714	0	0.214279	0.214279	0.10714	0.214279	0.10714	0	0.214279	0.214279	0.214279	0.214279	0.10714	0.214279	0.214279	0.214279	0.10714	0.214279	0.214279	0.214279	0.214279	0.10714	0.214279	0.10714	0.10714	0.214279	0.10714	0.10714	0.214279	0.214279	0.214279	0.10714	0.214279	0.214279	0	0	0.214279	0.214279	0	0	0	0	0	0	0	0	0	0	0	0	0	0	0	0	0	0	0	0	0	0	0	0.214279	0.214279	0	0	0	0	0	0	0	0	0	0	0	0	0	0	0	0	0	0	0	0	0	0	0	0	0	0.214279	0.214279	0	0	0	0	0	0	0	0	0	0	0	0	0	0	0	0	0	0	0.214279	0.214279	0	0	0	0	0.10714	0.214279	0.10714	0	0	0.214279	0.214279	0	0.10714	0.214279	0.10714	0	0.214279	0.214279	0	0	0.214279	0.214279	0	0	0.10714	0.214279
0	0.10712	0.214238	0.214238	0.214238	0.10712	0.10712	0.214238	0.10712	0.10712	0.214238	0.10712	0.214238	0.428471	0.214238	0.10712	0.214238	0.321356	0.214238	0.10712	0.214238	0.321356	0.321356	0.214238	0.321356	0.321356	0.214238	0.321356	0.321356	0.214238	0.321356	0.321356	0.214238	0.321356	0.214238	0.214238	0.214238	0.214238	0.321356	0.321356	0.321356	0.214238	0.214238	0.10712	0.214238	0.428471	0.321356	0.214238	0.10712	0.214238	0.321356	0.214238	0.10712	0.214238	0.321356	0.321356	0.321356	0.214238	0.214238	0.321356	0.321356	0.214238	0.214238	0.214238	0.321356	0.321356	0.214238	0.321356	0.321356	0.214238	0.214238	0.321356	0.321356	0.321356	0.214238	0.214238	0.428471	0.321356	0.214238	0.214238	0.428471	0.428471	0.428471	0.321356	0.214238	0.321356	0.321356	0.321356	0.214238	0.214238	0.10712	0.214238	0.428471	0.214238	0.10712	0.214238	0.10712	0.214238	0.214238	0.214238	0.214238	0.10712	0.214238	0.214238	0.214238	0.10712	0	0.214238	0.214238	0	0.10712	0.214238	0.10712	0	0	0.214238	0.214238	0	0.10712	0.214238	0.10712	0	0.214238	0.214238	0.10712	0.214238	0.10712	0	0.214238	0.214238	0.214238	0.214238	0.10712	0.214238	0.214238	0.214238	0.10712	0.214238	0.214238	0.214238	0.214238	0.10712	0.214238	0.10712	0.10712	0.214238	0.10712	0.10712	0.214238	0.214238	0.214238	0.10712	0.214238	0.214238	0	0	0.214238	0.214238	0	0	0	0	0	0	0	0	0	0	0	0	0	0	0	0	0	0	0	0	0	0	0	0.214238	0.214238	0	0	0	0	0	0	0	0	0	0	0	0	0	0	0	0	0	0	0	0	0	0	0	0	0	0.214238	0.214238	0	0	0	0	0	0	0	0	0	0	0	0	0	0	0	0	0	0	0.214238	0.214238	0	0	0	0	0.10712	0.214238	0.10712	0	0	0.214238	0.214238	0	0.10712	0.214238	0.10712	0	0.214238	0.214238	0	0	0.214238	0.214238	0	0	0.10712	0.214238
0.214214	0.239495	0.302931	0.303524	0.326842	0.321875	0.338698	0.386167	0.338698	0.338698	0.386167	0.338698	0.390323	0.549376	0.46106	0.441606	0.478981	0.542162	0.527422	0.474474	0.478981	0.538512	0.560688	0.534512	0.606153	0.629363	0.601708	0.652845	0.676571	0.636447	0.647607	0.652845	0.626801	0.676571	0.644006	0.61175	0.576767	0.576767	0.624502	0.629363	0.652845	0.626801	0.619032	0.561977	0.576767	0.685769	0.624502	0.576767	0.535855	0.551997	0.6017	0.551997	0.509802	0.520925	0.560688	0.579239	0.579239	0.527422	0.520925	0.557159	0.560688	0.520925	0.503072	0.509798	0.583249	0.6017	0.545135	0.583249	0.6017	0.545135	0.527422	0.579239	0.579239	0.575824	0.496978	0.478981	0.605845	0.535507	0.478981	0.478981	0.605845	0.605845	0.60703	0.579239	0.520925	0.560688	0.583249	0.6017	0.545135	0.520925	0.457944	0.478981	0.605845	0.473334	0.406524	0.431748	0.381034	0.404749	0.386167	0.386167	0.382903	0.305884	0.342897	0.342897	0.345502	0.305884	0.242474	0.305292	0.349116	0.295758	0.28147	0.326842	0.321875	0.295758	0.242474	0.305292	0.342897	0.242474	0.24614	0.324087	0.28147	0.227996	0.305292	0.345502	0.305884	0.345502	0.31341	0.269103	0.322422	0.322422	0.324087	0.345502	0.305884	0.342897	0.342897	0.345502	0.321875	0.386167	0.386167	0.386167	0.386167	0.338698	0.386167	0.338698	0.338698	0.386167	0.338698	0.330663	0.36419	0.367621	0.386167	0.338698	0.386167	0.386167	0.32132	0.32132	0.386167	0.386167	0.32132	0.32132	0.32132	0.295758	0.242474	0.214214	0.214214	0.214214	0.214214	0.214214	0.214214	0.214214	0.214214	0.214214	0.214214	0.214214	0.214214	0.214214	0.214214	0.214214	0.214214	0.214214	0.214214	0.265065	0.23033	0.107108	0.107108	0.136535	0.189341	0.214214	0.214214	0.214214	0.214214	0.214214	0.214214	0.214214	0.214214	0.214214	0.214214	0.214214	0.214214	0.214214	0.214214	0.214214	0.214214	0.214214	0.214214	0.214214	0.189341	0.136535	0.23033	0.265065	0.214214	0.214214	0.214214	0.214214	0.214214	0.214214	0.214214	0.214214	0.214214	0.214214	0.214214	0.214214	0.189341	0.136535	0.107108	0.107108	0.121237	0.162877	0.265739	0.23033	0.107108	0.107108	0.107108	0.107108	0.1704	0.252596	0.152647	0.107108	0.136535	0.267753	0.23033	0.136535	0.211684	0.265739	0.211684	0.201272	0.265065	0.267753	0.189341	0.214214	0.283998	0.284627	0.201272	0.214214	0.221614	0.284627
0.428343	0.441523	0.478892	0.482622	0.546024	0.618054	0.65136	0.677245	0.65136	0.65136	0.677245	0.65136	0.688268	0.81549	0.845268	0.863302	0.882994	0.935016	0.987198	0.935016	0.882994	0.92306	0.974413	1.0034	1.07775	1.12967	1.14448	1.18174	1.23393	1.2208	1.16925	1.18174	1.1971	1.23393	1.23393	1.16925	1.09195	1.09195	1.11788	1.12967	1.18174	1.1971	1.18174	1.1092	1.09195	1.1532	1.11788	1.09195	1.05627	1.03952	1.06672	1.03952	1.0034	0.974413	0.974413	1.01581	1.01581	0.987198	0.974413	0.965175	0.974413	0.974413	0.935016	0.950597	1.02599	1.06672	1.02599	1.02599	1.06672	1.02599	0.987198	1.01581	1.01581	1.00908	0.92306	0.882994	0.957717	0.914871	0.882994	0.882994	0.957717	0.957717	0.965175	1.01581	0.974413	0.974413	1.02599	1.06672	1.02599	0.974413	0.897882	0.882994	0.957717	0.871968	0.792776	0.779557	0.740431	0.72081	0.677245	0.677245	0.671397	0.584684	0.576659	0.576659	0.584684	0.584684	0.493636	0.493636	0.598615	0.598615	0.533407	0.546024	0.618054	0.598615	0.493636	0.493636	0.576659	0.493636	0.458251	0.533407	0.533407	0.458251	0.493636	0.584684	0.584684	0.584684	0.598615	0.546024	0.527324	0.527324	0.533407	0.584684	0.584684	0.576659	0.576659	0.584684	0.618054	0.677245	0.677245	0.677245	0.677245	0.65136	0.677245	0.65136	0.65136	0.677245	0.65136	0.636332	0.626684	0.636332	0.677245	0.65136	0.677245	0.677245	0.642499	0.642499	0.677245	0.677245	0.642499	0.642499	0.642499	0.598615	0.493636	0.428343	0.428343	0.428343	0.428343	0.428343	0.428343	0.428343	0.428343	0.428343	0.428343	0.428343	0.428343	0.428343	0.428343	0.428343	0.428343	0.428343	0.428343	0.389797	0.288337	0.214174	0.214174	0.288337	0.389797	0.428343	0.428343	0.428343	0.428343	0.428343	0.428343	0.428343	0.428343	0.428343	0.428343	0.428343	0.428343	0.428343	0.428343	0.428343	0.428343	0.428343	0.428343	0.428343	0.389797	0.288337	0.288337	0.389797	0.428343	0.428343	0.428343	0.428343	0.428343	0.428343	0.428343	0.428343	0.428343	0.428343	0.428343	0.428343	0.389797	0.288337	0.214174	0.214174	0.246822	0.338634	0.383304	0.288337	0.214174	0.214174	0.214174	0.214174	0.289573	0.342833	0.246822	0.214174	0.288337	0.386095	0.288337	0.288337	0.383304	0.383304	0.383304	0.405125	0.389797	0.386095	0.389797	0.428343	0.432501	0.431667	0.405125	0.428343	0.405125	0.431667
0.214133	0.239404	0.302816	0.257428	0.269	0.308105	0.338569	0.38602	0.338569	0.338569	0.38602	0.338569	0.355597	0.445467	0.432004	0.441437	0.478799	0.474294	0.527221	0.541956	0.478799	0.496788	0.520726	0.509607	0.569357	0.593988	0.601479	0.618796	0.64376	0.712664	0.64736	0.618796	0.626562	0.64376	0.676314	0.690716	0.576547	0.576547	0.624264	0.593988	0.618796	0.626562	0.652596	0.584262	0.576547	0.685508	0.624264	0.576547	0.559202	0.551786	0.601471	0.551786	0.534308	0.560474	0.520726	0.579018	0.579018	0.527221	0.560474	0.556947	0.520726	0.560474	0.502881	0.483642	0.544927	0.601471	0.583027	0.544927	0.601471	0.583027	0.527221	0.579018	0.579018	0.625687	0.538307	0.478799	0.605614	0.535303	0.478799	0.478799	0.605614	0.605614	0.514845	0.579018	0.560474	0.520726	0.544927	0.601471	0.583027	0.560474	0.485117	0.478799	0.605614	0.516576	0.436946	0.431584	0.413355	0.454614	0.38602	0.38602	0.435293	0.34537	0.342766	0.342766	0.305767	0.34537	0.305175	0.242381	0.295645	0.348983	0.323963	0.269	0.308105	0.348983	0.305175	0.242381	0.342766	0.305175	0.227909	0.281363	0.323963	0.246046	0.242381	0.305767	0.34537	0.305767	0.31329	0.326717	0.322299	0.322299	0.281363	0.305767	0.34537	0.342766	0.342766	0.305767	0.308105	0.38602	0.38602	0.38602	0.38602	0.338569	0.38602	0.338569	0.338569	0.38602	0.338569	0.36748	0.364052	0.330537	0.38602	0.338569	0.38602	0.38602	0.321197	0.321197	0.38602	0.38602	0.321197	0.321197	0.321197	0.348983	0.305175	0.214133	0.214133	0.214133	0.214133	0.214133	0.214133	0.214133	0.214133	0.214133	0.214133	0.214133	0.214133	0.214133	0.214133	0.214133	0.214133	0.214133	0.214133	0.189268	0.136483	0.107067	0.107067	0.230242	0.264964	0.214133	0.214133	0.214133	0.214133	0.214133	0.214133	0.214133	0.214133	0.214133	0.214133	0.214133	0.214133	0.214133	0.214133	0.214133	0.214133	0.214133	0.214133	0.214133	0.264964	0.230242	0.136483	0.189268	0.214133	0.214133	0.214133	0.214133	0.214133	0.214133	0.214133	0.214133	0.214133	0.214133	0.214133	0.214133	0.264964	0.230242	0.107067	0.107067	0.152589	0.246764	0.211603	0.136483	0.107067	0.107067	0.107067	0.107067	0.234098	0.2525	0.121191	0.107067	0.230242	0.267651	0.136483	0.230242	0.265638	0.211603	0.265638	0.22153	0.189268	0.267651	0.264964	0.214133	0.234107	0.284519	0.22153	0.214133	0.201195	0.284519
0	0.107038	0.214075	0.107038	0	0	0.107038	0.214075	0.107038	0.107038	0.214075	0.107038	0.107038	0.214075	0.107038	0.107038	0.214075	0.107038	0.214075	0.321111	0.214075	0.214075	0.214075	0.107038	0.214075	0.214075	0.214075	0.214075	0.214075	0.428144	0.321111	0.214075	0.214075	0.214075	0.321111	0.428144	0.214075	0.214075	0.321111	0.214075	0.214075	0.214075	0.321111	0.214075	0.214075	0.428144	0.321111	0.214075	0.214075	0.214075	0.321111	0.214075	0.214075	0.321111	0.214075	0.321111	0.321111	0.214075	0.321111	0.321111	0.214075	0.321111	0.214075	0.107038	0.214075	0.321111	0.321111	0.214075	0.321111	0.321111	0.214075	0.321111	0.321111	0.428144	0.321111	0.214075	0.428144	0.321111	0.214075	0.214075	0.428144	0.428144	0.214075	0.321111	0.321111	0.214075	0.214075	0.321111	0.321111	0.321111	0.214075	0.214075	0.428144	0.321111	0.214075	0.214075	0.214075	0.321111	0.214075	0.214075	0.321111	0.214075	0.214075	0.214075	0.107038	0.214075	0.214075	0	0	0.214075	0.214075	0	0	0.214075	0.214075	0	0.214075	0.214075	0	0.107038	0.214075	0.107038	0	0.107038	0.214075	0.107038	0.107038	0.214075	0.214075	0.214075	0.107038	0.107038	0.214075	0.214075	0.214075	0.107038	0	0.214075	0.214075	0.214075	0.214075	0.107038	0.214075	0.107038	0.107038	0.214075	0.107038	0.214075	0.214075	0.107038	0.214075	0.107038	0.214075	0.214075	0	0	0.214075	0.214075	0	0	0	0.214075	0.214075	0	0	0	0	0	0	0	0	0	0	0	0	0	0	0	0	0	0	0	0	0	0	0.214075	0.214075	0	0	0	0	0	0	0	0	0	0	0	0	0	0	0	0	0	0	0	0.214075	0.214075	0	0	0	0	0	0	0	0	0	0	0	0	0	0	0.214075	0.214075	0	0	0.107038	0.214075	0.107038	0	0	0	0	0	0.214075	0.214075	0	0	0.214075	0.214075	0	0.214075	0.214075	0.107038	0.214075	0.107038	0	0.214075	0.214075	0	0.107038	0.214075	0.107038	0	0	0.214075
0	0.107017	0.214034	0.107017	0	0	0.107017	0.214034	0.107017	0.107017	0.214034	0.107017	0.107017	0.214034	0.107017	0.107017	0.214034	0.107017	0.214034	0.321049	0.214034	0.214034	0.214034	0.107017	0.214034	0.214034	0.214034	0.214034	0.214034	0.428061	0.321049	0.214034	0.214034	0.214034	0.321049	0.428061	0.214034	0.214034	0.321049	0.214034	0.214034	0.214034	0.321049	0.214034	0.214034	0.428061	0.321049	0.214034	0.214034	0.214034	0.321049	0.214034	0.214034	0.321049	0.214034	0.321049	0.321049	0.214034	0.321049	0.321049	0.214034	0.321049	0.214034	0.107017	0.214034	0.321049	0.321049	0.214034	0.321049	0.321049	0.214034	0.321049	0.321049	0.428061	0.321049	0.214034	0.428061	0.321049	0.214034	0.214034	0.428061	0.428061	0.214034	0.321049	0.321049	0.214034	0.214034	0.321049	0.321049	0.321049	0.214034	0.214034	0.428061	0.321049	0.214034	0.214034	0.214034	0.321049	0.214034	0.214034	0.321049	0.214034	0.214034	0.214034	0.107017	0.214034	0.214034	0	0	0.214034	0.214034	0	0	0.214034	0.214034	0	0.214034	0.214034	0	0.107017	0.214034	0.107017	0	0.107017	0.214034	0.107017	0.107017	0.214034	0.214034	0.214034	0.107017	0.107017	0.214034	0.214034	0.214034	0.107017	0	0.214034	0.214034	0.214034	0.214034	0.107017	0.214034	0.107017	0.107017	0.214034	0.107017	0.214034	0.214034	0.107017	0.214034	0.107017	0.214034	0.214034	0	0	0.214034	0.214034	0	0	0	0.214034	0.214034	0	0	0	0	0	0	0	0	0	0	0	0	0	0	0	0	0	0	0	0	0	0	0.214034	0.214034	0	0	0	0	0	0	0	0	0	0	0	0	0	0	0	0	0	0	0	0.214034	0.214034	0	0	0	0	0	0	0	0	0	0	0	0	0	0	0.214034	0.214034	0	0	0.107017	0.214034	0.107017	0	0	0	0	0	0.214034	0.214034	0	0	0.214034	0.214034	0	0.214034	0.214034	0.107017	0.214034	0.107017	0	0.214034	0.214034	0	0.107017	0.214034	0.107017	0	0	0.214034
0	0.106997	0.213994	0.106997	0	0	0.106997	0.213994	0.106997	0.106997	0.213994	0.106997	0.106997	0.213994	0.106997	0.106997	0.213994	0.106997	0.213994	0.320989	0.213994	0.213994	0.213994	0.106997	0.213994	0.213994	0.213994	0.213994	0.213994	0.427981	0.320989	0.213994	0.213994	0.213994	0.320989	0.427981	0.213994	0.213994	0.320989	0.213994	0.213994	0.213994	0.320989	0.213994	0.213994	0.427981	0.320989	0.213994	0.213994	0.213994	0.320989	0.213994	0.213994	0.320989	0.213994	0.320989	0.320989	0.213994	0.320989	0.320989	0.213994	0.320989	0.213994	0.106997	0.213994	0.320989	0.320989	0.213994	0.320989	0.320989	0.213994	0.320989	0.320989	0.427981	0.320989	0.213994	0.427981	0.320989	0.213994	0.213994	0.427981	0.427981	0.213994	0.320989	0.320989	0.213994	0.213994	0.320989	0.320989	0.320989	0.213994	0.213994	0.427981	0.320989	0.213994	0.213994	0.213994	0.320989	0.213994	0.213994	0.320989	0.213994	0.213994	0.213994	0.106997	0.213994	0.213994	0	0	0.213994	0.213994	0	0	0.213994	0.213994	0	0.213994	0.213994	0	0.106997	0.213994	0.106997	0	0.106997	0.213994	0.106997	0.106997	0.213994	0.213994	0.213994	0.106997	0.106997	0.213994	0.213994	0.213994	0.106997	0	0.213994	0.213994	0.213994	0.213994	0.106997	0.213994	0.106997	0.106997	0.213994	0.106997	0.213994	0.213994	0.106997	0.213994	0.106997	0.213994	0.213994	0	0	0.213994	0.213994	0	0	0	0.213994	0.213994	0	0	0	0	0	0	0	0	0	0	0	0	0	0	0	0	0	0	0	0	0	0	0.213994	0.213994	0	0	0	0	0	0	0	0	0	0	0	0	0	0	0	0	0	0	0	0.213994	0.213994	0	0	0	0	0	0	0	0	0	0	0	0	0	0	0.213994	0.213994	0	0	0.106997	0.213994	0.106997	0	0	0	0	0	0.213994	0.213994	0	0	0.213994	0.213994	0	0.213994	0.213994	0.106997	0.213994	0.106997	0	0.213994	0.213994	0	0.106997	0.213994	0.106997	0	0	0.213994
0	0.106976	0.213952	0.106976	0	0	0.106976	0.213952	0.106976	0.106976	0.213952	0.106976	0.106976	0.213952	0.106976	0.106976	0.213952	0.106976	0.213952	0.320926	0.213952	0.213952	0.213952	0.106976	0.213952	0.213952	0.213952	0.213952	0.213952	0.427898	0.320926	0.213952	0.213952	0.213952	0.320926	0.427898	0.213952	0.213952	0.320926	0.213952	0.213952	0.213952	0.320926	0.213952	0.213952	0.427898	0.320926	0.213952	0.213952	0.213952	0.320926	0.213952	0.213952	0.320926	0.213952	0.320926	0.320926	0.213952	0.320926	0.320926	0.213952	0.320926	0.213952	0.106976	0.213952	0.320926	0.320926	0.213952	0.320926	0.320926	0.213952	0.320926	0.320926	0.427898	0.320926	0.213952	0.427898	0.320926	0.213952	0.213952	0.427898	0.427898	0.213952	0.320926	0.320926	0.213952	0.213952	0.320926	0.320926	0.320926	0.213952	0.213952	0.427898	0.320926	0.213952	0.213952	0.213952	0.320926	0.213952	0.213952	0.320926	0.213952	0.213952	0.213952	0.106976	0.213952	0.213952	0	0	0.213952	0.213952	0	0	0.213952	0.213952	0	0.213952	0.213952	0	0.106976	0.213952	0.106976	0	0.106976	0.213952	0.106976	0.106976	0.213952	0.213952	0.213952	0.106976	0.106976	0.213952	0.213952	0.213952	0.106976	0	0.213952	0.213952	0.213952	0.213952	0.106976	0.213952	0.106976	0.106976	0.213952	0.106976	0.213952	0.213952	0.106976	0.213952	0.106976	0.213952	0.213952	0	0	0.213952	0.213952	0	0	0	0.213952	0.213952	0	0	0	0	0	0	0	0	0	0	0	0	0	0	0	0	0	0	0	0	0	0	0.213952	0.213952	0	0	0	0	0	0	0	0	0	0	0	0	0	0	0	0	0	0	0	0.213952	0.213952	0	0	0	0	0	0	0	0	0	0	0	0	0	0	0.213952	0.213952	0	0	0.106976	0.213952	0.106976	0	0	0	0	0	0.213952	0.213952	0	0	0.213952	0.213952	0	0.213952	0.213952	0.106976	0.213952	0.106976	0	0.213952	0.213952	0	0.106976	0.213952	0.106976	0	0	0.213952
0	0.106956	0.213912	0.106956	0	0	0.106956	0.213912	0.106956	0.106956	0.213912	0.106956	0.106956	0.213912	0.106956	0.106956	0.213912	0.106956	0.213912	0.320866	0.213912	0.213912	0.213912	0.106956	0.213912	0.213912	0.213912	0.213912	0.213912	0.427818	0.320866	0.213912	0.213912	0.213912	0.320866	0.427818	0.213912	0.213912	0.320866	0.213912	0.213912	0.213912	0.320866	0.213912	0.213912	0.427818	0.320866	0.213912	0.213912	0.213912	0.320866	0.213912	0.213912	0.320866	0.213912	0.320866	0.320866	0.213912	0.320866	0.320866	0.213912	0.320866	0.213912	0.106956	0.213912	0.320866	0.320866	0.213912	0.320866	0.320866	0.213912	0.320866	0.320866	0.427818	0.320866	0.213912	0.427818	0.320866	0.213912	0.213912	0.427818	0.427818	0.213912	0.320866	0.320866	0.213912	0.213912	0.320866	0.320866	0.320866	0.213912	0.213912	0.427818	0.320866	0.213912	0.213912	0.213912	0.320866	0.213912	0.213912	0.320866	0.213912	0.213912	0.213912	0.106956	0.213912	0.213912	0	0	0.213912	0.213912	0	0	0.213912	0.213912	0	0.213912	0.213912	0	0.106956	0.213912	0.106956	0	0.106956	0.213912	0.106956	0.106956	0.213912	0.213912	0.213912	0.106956	0.106956	0.213912	0.213912	0.213912	0.106956	0	0.213912	0.213912	0.213912	0.213912	0.106956	0.213912	0.106956	0.106956	0.213912	0.106956	0.213912	0.213912	0.106956	0.213912	0.106956	0.213912	0.213912	0	0	0.213912	0.213912	0	0	0	0.213912	0.213912	0	0	0	0	0	0	0	0	0	0	0	0	0	0	0	0	0	0	0	0	0	0	0.213912	0.213912	0	0	0	0	0	0	0	0	0	0	0	0	0	0	0	0	0	0	0	0.213912	0.213912	0	0	0	0	0	0	0	0	0	0	0	0	0	0	0.213912	0.213912	0	0	0.106956	0.213912	0.106956	0	0	0	0	0	0.213912	0.213912	0	0	0.213912	0.213912	0	0.213912	0.213912	0.106956	0.213912	0.106956	0	0.213912	0.213912	0	0.106956	0.213912	0.106956	0	0	0.213912
0	0.106936	0.213871	0.106936	0	0	0.106936	0.213871	0.106936	0.106936	0.213871	0.106936	0.106936	0.213871	0.106936	0.106936	0.213871	0.106936	0.213871	0.320804	0.213871	0.213871	0.213871	0.106936	0.213871	0.213871	0.213871	0.213871	0.213871	0.427735	0.320804	0.213871	0.213871	0.213871	0.320804	0.427735	0.213871	0.213871	0.320804	0.213871	0.213871	0.213871	0.320804	0.213871	0.213871	0.427735	0.320804	0.213871	0.213871	0.213871	0.320804	0.213871	0.213871	0.320804	0.213871	0.320804	0.320804	0.213871	0.320804	0.320804	0.213871	0.320804	0.213871	0.106936	0.213871	0.320804	0.320804	0.213871	0.320804	0.320804	0.213871	0.320804	0.320804	0.427735	0.320804	0.213871	0.427735	0.320804	0.213871	0.213871	0.427735	0.427735	0.213871	0.320804	0.320804	0.213871	0.213871	0.320804	0.320804	0.320804	0.213871	0.213871	0.427735	0.320804	0.213871	0.213871	0.213871	0.320804	0.213871	0.213871	0.320804	0.213871	0.213871	0.213871	0.106936	0.213871	0.213871	0	0	0.213871	0.213871	0	0	0.213871	0.213871	0	0.213871	0.213871	0	0.106936	0.213871	0.106936	0	0.106936	0.213871	0.106936	0.106936	0.213871	0.213871	0.213871	0.106936	0.106936	0.213871	0.213871	0.213871	0.106936	0	0.213871	0.213871	0.213871	0.213871	0.106936	0.213871	0.106936	0.106936	0.213871	0.106936	0.213871	0.213871	0.106936	0.213871	0.106936	0.213871	0.213871	0	0	0.213871	0.213871	0	0	0	0.213871	0.213871	0	0	0	0	0	0	0	0	0	0	0	0	0	0	0	0	0	0	0	0	0	0	0.213871	0.213871	0	0	0	0	0	0	0	0	0	0	0	0	0	0	0	0	0	0	0	0.213871	0.213871	0	0	0	0	0	0	0	0	0	0	0	0	0	0	0.213871	0.213871	0	0	0.106936	0.213871	0.106936	0	0	0	0	0	0.213871	0.213871	0	0	0.213871	0.213871	0	0.213871	0.213871	0.106936	0.213871	0.106936	0	0.213871	0.213871	0	0.106936	0.213871	0.106936	0	0	0.213871
0	0.0945012	0.19459	0.132307	0.106925	0.106925	0.152386	0.246436	0.221235	0.245719	0.323533	0.280989	0.263266	0.326283	0.305361	0.280989	0.326283	0.321325	0.389656	0.474027	0.436366	0.460271	0.478163	0.440851	0.478163	0.478163	0.478163	0.478163	0.484472	0.626285	0.600672	0.551053	0.558459	0.575781	0.623434	0.684597	0.575781	0.575781	0.623434	0.5686	0.544203	0.533598	0.605117	0.575781	0.575781	0.684597	0.623434	0.575781	0.575781	0.575781	0.623434	0.561964	0.514161	0.534592	0.478163	0.534592	0.534592	0.478163	0.534592	0.532247	0.449272	0.494679	0.449272	0.372313	0.385507	0.453615	0.453615	0.385507	0.453615	0.453615	0.385507	0.453615	0.453615	0.530558	0.492869	0.422638	0.53458	0.453615	0.382248	0.361102	0.50041	0.515877	0.385507	0.453615	0.454007	0.361102	0.34074	0.40094	0.398708	0.416243	0.361102	0.34074	0.490676	0.404045	0.302413	0.302413	0.302413	0.385495	0.302413	0.302413	0.385495	0.302413	0.302413	0.302413	0.239085	0.302413	0.302413	0.189017	0.136302	0.229936	0.265285	0.162598	0.12103	0.229936	0.267296	0.136302	0.229936	0.265285	0.162598	0.171157	0.246436	0.211322	0.136302	0.152386	0.248599	0.189954	0.171157	0.246436	0.283513	0.302413	0.239085	0.245719	0.323533	0.342311	0.344911	0.312874	0.268643	0.323533	0.348519	0.385507	0.385507	0.346984	0.412806	0.380382	0.355124	0.385507	0.338119	0.385507	0.385507	0.338119	0.385507	0.338119	0.394667	0.43101	0.348527	0.320771	0.389656	0.408017	0.334403	0.320771	0.320771	0.385507	0.385507	0.320771	0.320771	0.320771	0.320771	0.320771	0.295252	0.242059	0.213848	0.213848	0.213848	0.213848	0.213848	0.213848	0.213848	0.213848	0.213848	0.213848	0.213848	0.213848	0.213848	0.213848	0.213848	0.264612	0.229936	0.106925	0.106925	0.106925	0.106925	0.106925	0.106925	0.106925	0.106925	0.106925	0.106925	0.106925	0.106925	0.106925	0.106925	0.106925	0.0845306	0.037802	0	0	0.189002	0.203563	0.106925	0.106925	0.106925	0.106925	0.106925	0.106925	0.106925	0.106925	0.106925	0.106925	0.106925	0.106925	0.106925	0.106925	0.229936	0.264612	0.213848	0.213848	0.221235	0.246436	0.152386	0.106925	0.106925	0.136302	0.189017	0.213848	0.264612	0.248599	0.162598	0.200928	0.264612	0.267296	0.189017	0.264612	0.248599	0.189954	0.248599	0.171157	0.162598	0.265285	0.267296	0.189017	0.239085	0.302413	0.239085	0.242059	0.295252	0.348519
0	0.0597571	0.151178	0.194566	0.213807	0.213807	0.246399	0.338053	0.40443	0.457465	0.532492	0.532492	0.492789	0.545087	0.58368	0.532492	0.545087	0.616993	0.687087	0.76945	0.791415	0.843817	0.881478	0.861821	0.881478	0.881478	0.881478	0.881478	0.896341	1.01407	1.06489	1.03773	1.05445	1.09008	1.11596	1.15122	1.09008	1.09008	1.11596	1.0759	1.02423	1.00167	1.0759	1.09008	1.09008	1.15122	1.11596	1.09008	1.09008	1.09008	1.11596	1.06489	0.963519	0.913301	0.881478	0.913301	0.913301	0.881478	0.913301	0.908987	0.819775	0.819775	0.819775	0.726981	0.676083	0.717084	0.717084	0.676083	0.717084	0.717084	0.676083	0.717084	0.717084	0.765259	0.814091	0.765259	0.770829	0.717084	0.670245	0.621596	0.674485	0.719565	0.676083	0.717084	0.719565	0.621596	0.573802	0.578137	0.573802	0.621596	0.621596	0.573802	0.643596	0.588538	0.47807	0.47807	0.47807	0.534488	0.47807	0.47807	0.534488	0.47807	0.47807	0.47807	0.440765	0.47807	0.47807	0.389128	0.287842	0.287842	0.382646	0.338053	0.246399	0.287842	0.385432	0.287842	0.287842	0.382646	0.338053	0.287842	0.338053	0.382646	0.287842	0.246399	0.334865	0.334865	0.287842	0.338053	0.431758	0.47807	0.440765	0.457465	0.532492	0.575669	0.58368	0.597588	0.545087	0.532492	0.597588	0.676083	0.676083	0.670253	0.73916	0.73916	0.687087	0.676083	0.650242	0.676083	0.676083	0.650242	0.676083	0.650242	0.703014	0.778219	0.703014	0.641397	0.687087	0.726981	0.670253	0.641397	0.641397	0.676083	0.676083	0.641397	0.641397	0.641397	0.641397	0.641397	0.597588	0.492789	0.427608	0.427608	0.427608	0.427608	0.427608	0.427608	0.427608	0.427608	0.427608	0.427608	0.427608	0.427608	0.427608	0.427608	0.427608	0.389128	0.287842	0.213807	0.213807	0.213807	0.213807	0.213807	0.213807	0.213807	0.213807	0.213807	0.213807	0.213807	0.213807	0.213807	0.213807	0.213807	0.192718	0.119514	0	0	0.119514	0.192718	0.213807	0.213807	0.213807	0.213807	0.213807	0.213807	0.213807	0.213807	0.213807	0.213807	0.213807	0.213807	0.213807	0.213807	0.287842	0.389128	0.427608	0.427608	0.40443	0.338053	0.246399	0.213807	0.213807	0.287842	0.389128	0.427608	0.389128	0.334865	0.338053	0.40443	0.389128	0.385432	0.389128	0.389128	0.334865	0.334865	0.334865	0.287842	0.338053	0.382646	0.385432	0.389128	0.440765	0.47807	0.440765	0.492789	0.597588	0.597588
0	0.0188937	0.0597486	0.094472	0.106883	0.106883	0.120983	0.162535	0.20085	0.227518	0.28088	0.323408	0.263164	0.268538	0.344778	0.323408	0.268538	0.307576	0.354987	0.426261	0.405672	0.431263	0.477978	0.44068	0.477978	0.477978	0.477978	0.477978	0.456984	0.537722	0.60044	0.55084	0.534732	0.575558	0.623194	0.684334	0.575558	0.575558	0.623194	0.604883	0.582027	0.508733	0.56838	0.575558	0.575558	0.684334	0.623194	0.575558	0.575558	0.575558	0.623194	0.646796	0.60576	0.534386	0.477978	0.534386	0.534386	0.477978	0.534386	0.585686	0.494489	0.449098	0.494489	0.455015	0.385358	0.45344	0.45344	0.385358	0.45344	0.45344	0.385358	0.45344	0.45344	0.422475	0.492679	0.530355	0.534375	0.45344	0.434548	0.416083	0.436185	0.453832	0.385358	0.45344	0.515679	0.416083	0.398555	0.400786	0.340609	0.360963	0.416083	0.398555	0.490489	0.472323	0.302297	0.302297	0.302297	0.385347	0.302297	0.302297	0.385347	0.302297	0.302297	0.302297	0.238993	0.302297	0.302297	0.264511	0.229848	0.136249	0.21124	0.246341	0.152327	0.136249	0.267193	0.229848	0.136249	0.21124	0.246341	0.171091	0.162535	0.265183	0.229848	0.120983	0.18988	0.248504	0.171091	0.162535	0.233706	0.302297	0.238993	0.227518	0.28088	0.342179	0.305243	0.312753	0.326157	0.28088	0.295138	0.385358	0.385358	0.334273	0.380235	0.412647	0.389505	0.385358	0.337988	0.385358	0.385358	0.337988	0.385358	0.337988	0.348392	0.430844	0.394515	0.320646	0.354987	0.40786	0.34685	0.320646	0.320646	0.385358	0.385358	0.320646	0.320646	0.320646	0.320646	0.320646	0.348385	0.304652	0.213765	0.213765	0.213765	0.213765	0.213765	0.213765	0.213765	0.213765	0.213765	0.213765	0.213765	0.213765	0.213765	0.213765	0.213765	0.188944	0.136249	0.106883	0.106883	0.106883	0.106883	0.106883	0.106883	0.106883	0.106883	0.106883	0.106883	0.106883	0.106883	0.106883	0.106883	0.106883	0.203486	0.18893	0	0	0.0377875	0.0844979	0.106883	0.106883	0.106883	0.106883	0.106883	0.106883	0.106883	0.106883	0.106883	0.106883	0.106883	0.106883	0.106883	0.106883	0.136249	0.188944	0.213765	0.213765	0.20085	0.162535	0.120983	0.106883	0.106883	0.229848	0.264511	0.213765	0.188944	0.18988	0.246341	0.22115	0.188944	0.267193	0.264511	0.188944	0.18988	0.248504	0.18988	0.171091	0.246341	0.21124	0.267193	0.264511	0.238993	0.302297	0.238993	0.304652	0.348385	0.295138
0	0	0	0	0	0	0	0	0	0	0.106854	0.213708	0.106854	0	0.213708	0.213708	0	0	0.106854	0.213708	0.106854	0.106854	0.213708	0.106854	0.213708	0.213708	0.213708	0.213708	0.106854	0.213708	0.32056	0.213708	0.106854	0.213708	0.32056	0.42741	0.213708	0.213708	0.32056	0.32056	0.32056	0.106854	0.213708	0.213708	0.213708	0.42741	0.32056	0.213708	0.213708	0.213708	0.32056	0.42741	0.42741	0.32056	0.213708	0.32056	0.32056	0.213708	0.32056	0.42741	0.32056	0.213708	0.32056	0.32056	0.213708	0.32056	0.32056	0.213708	0.32056	0.32056	0.213708	0.32056	0.32056	0.213708	0.32056	0.42741	0.42741	0.32056	0.32056	0.32056	0.32056	0.32056	0.213708	0.32056	0.42741	0.32056	0.32056	0.32056	0.213708	0.213708	0.32056	0.32056	0.42741	0.42741	0.213708	0.213708	0.213708	0.32056	0.213708	0.213708	0.32056	0.213708	0.213708	0.213708	0.106854	0.213708	0.213708	0.213708	0.213708	0	0.106854	0.213708	0.106854	0	0.213708	0.213708	0	0.106854	0.213708	0.106854	0	0.213708	0.213708	0	0.106854	0.213708	0.106854	0	0.106854	0.213708	0.106854	0	0.106854	0.213708	0.106854	0.106854	0.213708	0.106854	0	0.213708	0.213708	0	0.106854	0.213708	0.213708	0.213708	0.106854	0.213708	0.213708	0.106854	0.213708	0.106854	0	0.213708	0.213708	0	0.106854	0.213708	0.106854	0	0	0.213708	0.213708	0	0	0	0	0	0.213708	0.213708	0	0	0	0	0	0	0	0	0	0	0	0	0	0	0	0	0	0	0	0	0	0	0	0	0	0	0	0	0	0	0	0	0.213708	0.213708	0	0	0	0	0	0	0	0	0	0	0	0	0	0	0	0	0	0	0	0	0	0	0	0	0	0	0	0.213708	0.213708	0	0	0.106854	0.213708	0.106854	0	0.213708	0.213708	0	0.106854	0.213708	0.106854	0.106854	0.213708	0.106854	0.213708	0.213708	0.106854	0.213708	0.106854	0.213708	0.213708	0
0	0	0	0	0	0	0	0	0	0	0.106834	0.213668	0.106834	0	0.213668	0.213668	0	0	0.106834	0.213668	0.106834	0.106834	0.213668	0.106834	0.213668	0.213668	0.213668	0.213668	0.106834	0.213668	0.3205	0.213668	0.106834	0.213668	0.3205	0.42733	0.213668	0.213668	0.3205	0.3205	0.3205	0.106834	0.213668	0.213668	0.213668	0.42733	0.3205	0.213668	0.213668	0.213668	0.3205	0.42733	0.42733	0.3205	0.213668	0.3205	0.3205	0.213668	0.3205	0.42733	0.3205	0.213668	0.3205	0.3205	0.213668	0.3205	0.3205	0.213668	0.3205	0.3205	0.213668	0.3205	0.3205	0.213668	0.3205	0.42733	0.42733	0.3205	0.3205	0.3205	0.3205	0.3205	0.213668	0.3205	0.42733	0.3205	0.3205	0.3205	0.213668	0.213668	0.3205	0.3205	0.42733	0.42733	0.213668	0.213668	0.213668	0.3205	0.213668	0.213668	0.3205	0.213668	0.213668	0.213668	0.106834	0.213668	0.213668	0.213668	0.213668	0	0.106834	0.213668	0.106834	0	0.213668	0.213668	0	0.106834	0.213668	0.106834	0	0.213668	0.213668	0	0.106834	0.213668	0.106834	0	0.106834	0.213668	0.106834	0	0.106834	0.213668	0.106834	0.106834	0.213668	0.106834	0	0.213668	0.213668	0	0.106834	0.213668	0.213668	0.213668	0.106834	0.213668	0.213668	0.106834	0.213668	0.106834	0	0.213668	0.213668	0	0.106834	0.213668	0.106834	0	0	0.213668	0.213668	0	0	0	0	0	0.213668	0.213668	0	0	0	0	0	0	0	0	0	0	0	0	0	0	0	0	0	0	0	0	0	0	0	0	0	0	0	0	0	0	0	0	0.213668	0.213668	0	0	0	0	0	0	0	0	0	0	0	0	0	0	0	0	0	0	0	0	0	0	0	0	0	0	0	0.213668	0.213668	0	0	0.106834	0.213668	0.106834	0	0.213668	0.213668	0	0.106834	0.213668	0.106834	0.106834	0.213668	0.106834	0.213668	0.213668	0.106834	0.213668	0.106834	0.213668	0.213668	0
0	0	0	0	0	0	0	0	0	0	0.106814	0.213627	0.106814	0	0.213627	0.213627	0	0	0.106814	0.213627	0.106814	0.106814	0.213627	0.106814	0.213627	0.213627	0.213627	0.213627	0.106814	0.213627	0.320438	0.213627	0.106814	0.213627	0.320438	0.427247	0.213627	0.213627	0.320438	0.320438	0.320438	0.106814	0.213627	0.213627	0.213627	0.427247	0.320438	0.213627	0.213627	0.213627	0.320438	0.427247	0.427247	0.320438	0.213627	0.320438	0.320438	0.213627	0.320438	0.427247	0.320438	0.213627	0.320438	0.320438	0.213627	0.320438	0.320438	0.213627	0.320438	0.320438	0.213627	0.320438	0.320438	0.213627	0.320438	0.427247	0.427247	0.320438	0.320438	0.320438	0.320438	0.320438	0.213627	0.320438	0.427247	0.320438	0.320438	0.320438	0.213627	0.213627	0.320438	0.320438	0.427247	0.427247	0.213627	0.213627	0.213627	0.320438	0.213627	0.213627	0.320438	0.213627	0.213627	0.213627	0.106814	0.213627	0.213627	0.213627	0.213627	0	0.106814	0.213627	0.106814	0	0.213627	0.213627	0	0.106814	0.213627	0.106814	0	0.213627	0.213627	0	0.106814	0.213627	0.106814	0	0.106814	0.213627	0.106814	0	0.106814	0.213627	0.106814	0.106814	0.213627	0.106814	0	0.213627	0.213627	0	0.106814	0.213627	0.213627	0.213627	0.106814	0.213627	0.213627	0.106814	0.213627	0.106814	0	0.213627	0.213627	0	0.106814	0.213627	0.106814	0	0	0.213627	0.213627	0	0	0	0	0	0.213627	0.213627	0	0	0	0	0	0	0	0	0	0	0	0	0	0	0	0	0	0	0	0	0	0	0	0	0	0	0	0	0	0	0	0	0.213627	0.213627	0	0	0	0	0	0	0	0	0	0	0	0	0	0	0	0	0	0	0	0	0	0	0	0	0	0	0	0.213627	0.213627	0	0	0.106814	0.213627	0.106814	0	0.213627	0.213627	0	0.106814	0.213627	0.106814	0.106814	0.213627	0.106814	0.213627	0.213627	0.106814	0.213627	0.106814	0.213627	0.213627	0
0	0	0	0	0	0	0	0	0	0	0.106793	0.213585	0.106793	0	0.213585	0.213585	0	0	0.106793	0.213585	0.106793	0.106793	0.213585	0.106793	0.213585	0.213585	0.213585	0.213585	0.106793	0.213585	0.320376	0.213585	0.106793	0.213585	0.320376	0.427164	0.213585	0.213585	0.320376	0.320376	0.320376	0.106793	0.213585	0.213585	0.213585	0.427164	0.320376	0.213585	0.213585	0.213585	0.320376	0.427164	0.427164	0.320376	0.213585	0.320376	0.320376	0.213585	0.320376	0.427164	0.320376	0.213585	0.320376	0.320376	0.213585	0.320376	0.320376	0.213585	0.320376	0.320376	0.213585	0.320376	0.320376	0.213585	0.320376	0.427164	0.427164	0.320376	0.320376	0.320376	0.320376	0.320376	0.213585	0.320376	0.427164	0.320376	0.320376	0.320376	0.213585	0.213585	0.320376	0.320376	0.427164	0.427164	0.213585	0.213585	0.213585	0.320376	0.213585	0.213585	0.320376	0.213585	0.213585	0.213585	0.106793	0.213585	0.213585	0.213585	0.213585	0	0.106793	0.213585	0.106793	0	0.213585	0.213585	0	0.106793	0.213585	0.106793	0	0.213585	0.213585	0	0.106793	0.213585	0.106793	0	0.106793	0.213585	0.106793	0	0.106793	0.213585	0.106793	0.106793	0.213585	0.106793	0	0.213585	0.213585	0	0.106793	0.213585	0.213585	0.213585	0.106793	0.213585	0.213585	0.106793	0.213585	0.106793	0	0.213585	0.213585	0	0.106793	0.213585	0.106793	0	0	0.213585	0.213585	0	0	0	0	0	0.213585	0.213585	0	0	0	0	0	0	0	0	0	0	0	0	0	0	0	0	0	0	0	0	0	0	0	0	0	0	0	0	0	0	0	0	0.213585	0.213585	0	0	0	0	0	0	0	0	0	0	0	0	0	0	0	0	0	0	0	0	0	0	0	0	0	0	0	0.213585	0.213585	0	0	0.106793	0.213585	0.106793	0	0.213585	0.213585	0	0.106793	0.213585	0.106793	0.106793	0.213585	0.106793	0.213585	0.213585	0.106793	0.213585	0.106793	0.213585	0.213585	0
0	0	0	0	0	0	0	0	0	0	0.106773	0.213545	0.106773	0	0.213545	0.213545	0	0	0.106773	0.213545	0.106773	0.106773	0.213545	0.106773	0.213545	0.213545	0.213545	0.213545	0.106773	0.213545	0.320316	0.213545	0.106773	0.213545	0.320316	0.427085	0.213545	0.213545	0.320316	0.320316	0.320316	0.106773	0.213545	0.213545	0.213545	0.427085	0.320316	0.213545	0.213545	0.213545	0.320316	0.427085	0.427085	0.320316	0.213545	0.320316	0.320316	0.213545	0.320316	0.427085	0.320316	0.213545	0.320316	0.320316	0.213545	0.320316	0.320316	0.213545	0.320316	0.320316	0.213545	0.320316	0.320316	0.213545	0.320316	0.427085	0.427085	0.320316	0.320316	0.320316	0.320316	0.320316	0.213545	0.320316	0.427085	0.320316	0.320316	0.320316	0.213545	0.213545	0.320316	0.320316	0.427085	0.427085	0.213545	0.213545	0.213545	0.320316	0.213545	0.213545	0.320316	0.213545	0.213545	0.213545	0.106773	0.213545	0.213545	0.213545	0.213545	0	0.106773	0.213545	0.106773	0	0.213545	0.213545	0	0.106773	0.213545	0.106773	0	0.213545	0.213545	0	0.106773	0.213545	0.106773	0	0.106773	0.213545	0.106773	0	0.106773	0.213545	0.106773	0.106773	0.213545	0.106773	0	0.213545	0.213545	0	0.106773	0.213545	0.213545	0.213545	0.106773	0.213545	0.213545	0.106773	0.213545	0.106773	0	0.213545	0.213545	0	0.106773	0.213545	0.106773	0	0	0.213545	0.213545	0	0	0	0	0	0.213545	0.213545	0	0	0	0	0	0	0	0	0	0	0	0	0	0	0	0	0	0	0	0	0	0	0	0	0	0	0	0	0	0	0	0	0.213545	0.213545	0	0	0	0	0	0	0	0	0	0	0	0	0	0	0	0	0	0	0	0	0	0	0	0	0	0	0	0.213545	0.213545	0	0	0.106773	0.213545	0.106773	0	0.213545	0.213545	0	0.106773	0.213545	0.106773	0.106773	0.213545	0.106773	0.213545	0.213545	0.106773	0.213545	0.106773	0.213545	0.213545	0
0	0	0	0	0	0	0	0	0	0	0.106752	0.213504	0.106752	0	0.213504	0.213504	0	0	0.106752	0.213504	0.106752	0.106752	0.213504	0.106752	0.213504	0.213504	0.213504	0.213504	0.106752	0.213504	0.320254	0.213504	0.106752	0.213504	0.320254	0.427002	0.213504	0.213504	0.320254	0.320254	0.320254	0.106752	0.213504	0.213504	0.213504	0.427002	0.320254	0.213504	0.213504	0.213504	0.320254	0.427002	0.427002	0.320254	0.213504	0.320254	0.320254	0.213504	0.320254	0.427002	0.320254	0.213504	0.320254	0.320254	0.213504	0.320254	0.320254	0.213504	0.320254	0.320254	0.213504	0.320254	0.320254	0.213504	0.320254	0.427002	0.427002	0.320254	0.320254	0.320254	0.320254	0.320254	0.213504	0.320254	0.427002	0.320254	0.320254	0.320254	0.213504	0.213504	0.320254	0.320254	0.427002	0.427002	0.213504	0.213504	0.213504	0.320254	0.213504	0.213504	0.320254	0.213504	0.213504	0.213504	0.106752	0.213504	0.213504	0.213504	0.213504	0	0.106752	0.213504	0.106752	0	0.213504	0.213504	0	0.106752	0.213504	0.106752	0	0.213504	0.213504	0	0.106752	0.213504	0.106752	0	0.106752	0.213504	0.106752	0	0.106752	0.213504	0.106752	0.106752	0.213504	0.106752	0	0.213504	0.213504	0	0.106752	0.213504	0.213504	0.213504	0.106752	0.213504	0.213504	0.106752	0.213504	0.106752	0	0.213504	0.213504	0	0.106752	0.213504	0.106752	0	0	0.213504	0.213504	0	0	0	0	0	0.213504	0.213504	0	0	0	0	0	0	0	0	0	0	0	0	0	0	0	0	0	0	0	0	0	0	0	0	0	0	0	0	0	0	0	0	0.213504	0.213504	0	0	0	0	0	0	0	0	0	0	0	0	0	0	0	0	0	0	0	0	0	0	0	0	0	0	0	0.213504	0.213504	0	0	0.106752	0.213504	0.106752	0	0.213504	0.213504	0	0.106752	0.213504	0.106752	0.106752	0.213504	0.106752	0.213504	0.213504	0.106752	0.213504	0.106752	0.213504	0.213504	0
0.0188686	0.0596692	0.0943467	0.106741	0.106741	0.106741	0.106741	0.0943467	0.0596692	0.0188686	0.0943393	0.194257	0.13208	0.106741	0.238664	0.238664	0.106741	0.106741	0.152122	0.227982	0.13208	0.150949	0.238664	0.150949	0.233386	0.251733	0.248173	0.264159	0.233395	0.283654	0.366351	0.301895	0.245298	0.321319	0.398024	0.492018	0.430271	0.425695	0.473215	0.493831	0.512579	0.396696	0.403364	0.384846	0.384846	0.529649	0.493831	0.448502	0.430271	0.425695	0.472083	0.550088	0.54847	0.493831	0.448502	0.492024	0.492024	0.430271	0.490936	0.550088	0.473215	0.425695	0.472083	0.473215	0.425695	0.472083	0.472083	0.403364	0.452837	0.452837	0.384846	0.452837	0.452837	0.379252	0.416811	0.496337	0.533663	0.452837	0.453232	0.473215	0.490936	0.471705	0.384846	0.452837	0.533663	0.452837	0.452837	0.453229	0.360483	0.340156	0.403352	0.384834	0.466764	0.496337	0.384846	0.384846	0.384846	0.452837	0.379252	0.341724	0.415102	0.384846	0.384846	0.384846	0.329532	0.362945	0.366363	0.384846	0.384846	0.307168	0.304838	0.34432	0.304838	0.241644	0.304247	0.347922	0.294746	0.280507	0.325724	0.320774	0.320221	0.384846	0.384846	0.320221	0.34639	0.417677	0.414258	0.374541	0.362952	0.407318	0.354516	0.320221	0.337539	0.384846	0.337539	0.337539	0.384846	0.337539	0.307168	0.362945	0.366363	0.307168	0.304838	0.34432	0.366363	0.384846	0.337539	0.388988	0.407318	0.362952	0.412099	0.37973	0.33383	0.393991	0.430271	0.34793	0.337539	0.384846	0.337539	0.320221	0.307168	0.362945	0.366363	0.320221	0.320221	0.294746	0.241644	0.213482	0.304247	0.347922	0.320221	0.320221	0.294746	0.241644	0.213482	0.213482	0.213482	0.213482	0.213482	0.213482	0.213482	0.188693	0.136068	0.106741	0.106741	0.106741	0.106741	0.106741	0.106741	0.106741	0.106741	0.106741	0.106741	0.106741	0.106741	0.106741	0.106741	0.106741	0.106741	0.106741	0.106741	0.106741	0.229542	0.264159	0.213482	0.213482	0.213482	0.213482	0.213482	0.213482	0.213482	0.213482	0.213482	0.213482	0.213482	0.213482	0.213482	0.213482	0.213482	0.213482	0.213482	0.213482	0.213482	0.213482	0.213482	0.213482	0.213482	0.213482	0.227216	0.268182	0.307168	0.347922	0.322978	0.268182	0.307168	0.337539	0.384846	0.337539	0.320221	0.384846	0.384846	0.320221	0.320774	0.34432	0.304838	0.312338	0.325724	0.280507	0.341724	0.341724	0.304838	0.34432	0.304838	0.34432	0.341724	0.294746
0.0596547	0.150919	0.194233	0.21344	0.21344	0.21344	0.21344	0.194233	0.150919	0.0596547	0.0596547	0.150919	0.194233	0.21344	0.301837	0.301837	0.21344	0.21344	0.245969	0.266786	0.194233	0.238629	0.301837	0.238629	0.28858	0.341658	0.334292	0.388461	0.431018	0.430188	0.48096	0.477251	0.456681	0.525517	0.572818	0.674924	0.776886	0.768132	0.768132	0.818371	0.861988	0.776886	0.71834	0.674924	0.674924	0.763948	0.818371	0.818371	0.776886	0.768132	0.763948	0.814437	0.811377	0.818371	0.818371	0.812696	0.812696	0.776886	0.811377	0.814437	0.768132	0.768132	0.763948	0.768132	0.768132	0.763948	0.763948	0.71834	0.715855	0.715855	0.674924	0.715855	0.715855	0.66856	0.622245	0.66856	0.769508	0.715855	0.71834	0.768132	0.811377	0.764409	0.674924	0.715855	0.769508	0.715855	0.715855	0.718332	0.620531	0.572818	0.58753	0.533572	0.577146	0.66856	0.674924	0.674924	0.674924	0.715855	0.66856	0.574683	0.624536	0.674924	0.674924	0.674924	0.634151	0.624536	0.634151	0.674924	0.674924	0.615936	0.58268	0.58268	0.58268	0.491944	0.491944	0.596564	0.596564	0.531579	0.544153	0.615936	0.640298	0.674924	0.674924	0.640298	0.669105	0.754584	0.807434	0.754584	0.701809	0.725735	0.685909	0.640298	0.649127	0.674924	0.649127	0.649127	0.674924	0.649127	0.615936	0.624536	0.634151	0.615936	0.58268	0.58268	0.634151	0.674924	0.649127	0.685909	0.725735	0.701809	0.737893	0.737893	0.669105	0.701809	0.776886	0.701809	0.649127	0.674924	0.649127	0.640298	0.615936	0.624536	0.634151	0.640298	0.640298	0.596564	0.491944	0.426875	0.491944	0.596564	0.640298	0.640298	0.596564	0.491944	0.426875	0.426875	0.426875	0.426875	0.426875	0.426875	0.426875	0.388461	0.287349	0.21344	0.21344	0.21344	0.21344	0.21344	0.21344	0.21344	0.21344	0.21344	0.21344	0.21344	0.21344	0.21344	0.21344	0.21344	0.21344	0.21344	0.21344	0.21344	0.287349	0.388461	0.426875	0.426875	0.426875	0.426875	0.426875	0.426875	0.426875	0.426875	0.426875	0.426875	0.426875	0.426875	0.426875	0.426875	0.426875	0.426875	0.426875	0.426875	0.426875	0.426875	0.426875	0.426875	0.426875	0.426875	0.456681	0.544153	0.615936	0.596564	0.531579	0.544153	0.615936	0.649127	0.674924	0.649127	0.640298	0.674924	0.674924	0.640298	0.615936	0.58268	0.58268	0.596564	0.544153	0.531579	0.574683	0.574683	0.58268	0.58268	0.58268	0.58268	0.574683	0.596564
0.0943034	0.194183	0.132029	0.1067	0.1067	0.1067	0.1067	0.132029	0.194183	0.0943034	0.0188614	0.0596462	0.0943102	0.1067	0.238573	0.238573	0.1067	0.1067	0.22076	0.227895	0.0943102	0.150891	0.238573	0.150891	0.169752	0.251636	0.189555	0.18862	0.282918	0.283545	0.302367	0.301779	0.227128	0.321196	0.340026	0.324511	0.430106	0.473033	0.425531	0.448329	0.512382	0.474911	0.453058	0.384698	0.384698	0.421751	0.448329	0.493641	0.430106	0.473033	0.471902	0.549878	0.490748	0.448329	0.493641	0.491835	0.491835	0.430106	0.54826	0.549878	0.425531	0.473033	0.471902	0.425531	0.473033	0.471902	0.471902	0.453058	0.452664	0.452664	0.384698	0.452664	0.452664	0.496147	0.416651	0.379106	0.533459	0.452664	0.403209	0.425531	0.54826	0.531122	0.384698	0.452664	0.533459	0.452664	0.452664	0.514796	0.41537	0.397872	0.471514	0.384687	0.339501	0.379106	0.384698	0.384698	0.384698	0.452664	0.496147	0.341593	0.322308	0.384698	0.384698	0.384698	0.366222	0.362805	0.329405	0.384698	0.384698	0.32065	0.344188	0.30472	0.344188	0.30413	0.241551	0.294632	0.347788	0.322854	0.268078	0.307049	0.320097	0.384698	0.384698	0.320097	0.3337	0.374396	0.414098	0.417516	0.362812	0.407161	0.388838	0.320097	0.337409	0.384698	0.337409	0.337409	0.384698	0.337409	0.32065	0.362805	0.329405	0.32065	0.344188	0.30472	0.329405	0.384698	0.337409	0.354379	0.407161	0.362812	0.379584	0.41194	0.346256	0.347795	0.430106	0.393839	0.337409	0.384698	0.337409	0.320097	0.32065	0.362805	0.329405	0.320097	0.320097	0.347788	0.30413	0.213399	0.241551	0.294632	0.320097	0.320097	0.347788	0.30413	0.213399	0.213399	0.213399	0.213399	0.213399	0.213399	0.213399	0.264057	0.229455	0.1067	0.1067	0.1067	0.1067	0.1067	0.1067	0.1067	0.1067	0.1067	0.1067	0.1067	0.1067	0.1067	0.1067	0.1067	0.1067	0.1067	0.1067	0.1067	0.136016	0.18862	0.213399	0.213399	0.213399	0.213399	0.213399	0.213399	0.213399	0.213399	0.213399	0.213399	0.213399	0.213399	0.213399	0.213399	0.213399	0.213399	0.213399	0.213399	0.213399	0.213399	0.213399	0.213399	0.213399	0.213399	0.245203	0.325598	0.32065	0.294632	0.280399	0.325598	0.32065	0.337409	0.384698	0.337409	0.320097	0.384698	0.384698	0.320097	0.307049	0.30472	0.344188	0.312217	0.268078	0.322854	0.341593	0.341593	0.344188	0.30472	0.344188	0.30472	0.341593	0.347788
0.106671	0.213342	0.106671	0	0	0	0	0.106671	0.213342	0.106671	0	0	0	0	0.213342	0.213342	0	0	0.213342	0.213342	0	0.106671	0.213342	0.106671	0.106671	0.213342	0.106671	0	0.213342	0.213342	0.213342	0.213342	0	0.213342	0.213342	0	0.213342	0.320011	0.213342	0.213342	0.320011	0.320011	0.320011	0.213342	0.213342	0.213342	0.213342	0.320011	0.213342	0.320011	0.320011	0.426678	0.320011	0.213342	0.320011	0.320011	0.320011	0.213342	0.426678	0.426678	0.213342	0.320011	0.320011	0.213342	0.320011	0.320011	0.320011	0.320011	0.320011	0.320011	0.213342	0.320011	0.320011	0.426678	0.320011	0.213342	0.426678	0.320011	0.213342	0.213342	0.426678	0.426678	0.213342	0.320011	0.426678	0.320011	0.320011	0.426678	0.320011	0.320011	0.426678	0.320011	0.213342	0.213342	0.213342	0.213342	0.213342	0.320011	0.426678	0.213342	0.106671	0.213342	0.213342	0.213342	0.213342	0.213342	0.106671	0.213342	0.213342	0.106671	0.213342	0.106671	0.213342	0.213342	0	0	0.213342	0.213342	0	0	0	0.213342	0.213342	0	0	0	0.106671	0.213342	0.106671	0.213342	0.213342	0	0.106671	0.213342	0.106671	0.106671	0.213342	0.106671	0.106671	0.213342	0.106671	0.106671	0.213342	0.106671	0.106671	0.213342	0.106671	0.106671	0.213342	0.106671	0.106671	0.213342	0.106671	0	0.213342	0.213342	0.106671	0.213342	0.106671	0	0.106671	0.213342	0.106671	0	0	0.213342	0.213342	0	0	0	0	0	0.213342	0.213342	0	0	0	0	0	0	0	0.213342	0.213342	0	0	0	0	0	0	0	0	0	0	0	0	0	0	0	0	0	0	0	0	0	0	0	0	0	0	0	0	0	0	0	0	0	0	0	0	0	0	0	0	0	0	0	0	0	0.106671	0.213342	0.106671	0	0.106671	0.213342	0.106671	0.106671	0.213342	0.106671	0	0.213342	0.213342	0	0	0.106671	0.213342	0.106671	0	0.213342	0.213342	0.213342	0.213342	0.106671	0.213342	0.106671	0.213342	0.213342
0.106651	0.213301	0.106651	0	0	0	0	0.106651	0.213301	0.106651	0	0	0	0	0.213301	0.213301	0	0	0.213301	0.213301	0	0.106651	0.213301	0.106651	0.106651	0.213301	0.106651	0	0.213301	0.213301	0.213301	0.213301	0	0.213301	0.213301	0	0.213301	0.319949	0.213301	0.213301	0.319949	0.319949	0.319949	0.213301	0.213301	0.213301	0.213301	0.319949	0.213301	0.319949	0.319949	0.426595	0.319949	0.213301	0.319949	0.319949	0.319949	0.213301	0.426595	0.426595	0.213301	0.319949	0.319949	0.213301	0.319949	0.319949	0.319949	0.319949	0.319949	0.319949	0.213301	0.319949	0.319949	0.426595	0.319949	0.213301	0.426595	0.319949	0.213301	0.213301	0.426595	0.426595	0.213301	0.319949	0.426595	0.319949	0.319949	0.426595	0.319949	0.319949	0.426595	0.319949	0.213301	0.213301	0.213301	0.213301	0.213301	0.319949	0.426595	0.213301	0.106651	0.213301	0.213301	0.213301	0.213301	0.213301	0.106651	0.213301	0.213301	0.106651	0.213301	0.106651	0.213301	0.213301	0	0	0.213301	0.213301	0	0	0	0.213301	0.213301	0	0	0	0.106651	0.213301	0.106651	0.213301	0.213301	0	0.106651	0.213301	0.106651	0.106651	0.213301	0.106651	0.106651	0.213301	0.106651	0.106651	0.213301	0.106651	0.106651	0.213301	0.106651	0.106651	0.213301	0.106651	0.106651	0.213301	0.106651	0	0.213301	0.213301	0.106651	0.213301	0.106651	0	0.106651	0.213301	0.106651	0	0	0.213301	0.213301	0	0	0	0	0	0.213301	0.213301	0	0	0	0	0	0	0	0.213301	0.213301	0	0	0	0	0	0	0	0	0	0	0	0	0	0	0	0	0	0	0	0	0	0	0	0	0	0	0	0	0	0	0	0	0	0	0	0	0	0	0	0	0	0	0	0	0	0.106651	0.213301	0.106651	0	0.106651	0.213301	0.106651	0.106651	0.213301	0.106651	0	0.213301	0.213301	0	0	0.106651	0.213301	0.106651	0	0.213301	0.213301	0.213301	0.213301	0.106651	0.213301	0.106651	0.213301	0.213301
0.106631	0.213261	0.106631	0	0	0	0	0.106631	0.213261	0.106631	0	0	0	0	0.213261	0.213261	0	0	0.213261	0.213261	0	0.106631	0.213261	0.106631	0.106631	0.213261	0.106631	0	0.213261	0.213261	0.213261	0.213261	0	0.213261	0.213261	0	0.213261	0.319889	0.213261	0.213261	0.319889	0.319889	0.319889	0.213261	0.213261	0.213261	0.213261	0.319889	0.213261	0.319889	0.319889	0.426516	0.319889	0.213261	0.319889	0.319889	0.319889	0.213261	0.426516	0.426516	0.213261	0.319889	0.319889	0.213261	0.319889	0.319889	0.319889	0.319889	0.319889	0.319889	0.213261	0.319889	0.319889	0.426516	0.319889	0.213261	0.426516	0.319889	0.213261	0.213261	0.426516	0.426516	0.213261	0.319889	0.426516	0.319889	0.319889	0.426516	0.319889	0.319889	0.426516	0.319889	0.213261	0.213261	0.213261	0.213261	0.213261	0.319889	0.426516	0.213261	0.106631	0.213261	0.213261	0.213261	0.213261	0.213261	0.106631	0.213261	0.213261	0.106631	0.213261	0.106631	0.213261	0.213261	0	0	0.213261	0.213261	0	0	0	0.213261	0.213261	0	0	0	0.106631	0.213261	0.106631	0.213261	0.213261	0	0.106631	0.213261	0.106631	0.106631	0.213261	0.106631	0.106631	0.213261	0.106631	0.106631	0.213261	0.106631	0.106631	0.213261	0.106631	0.106631	0.213261	0.106631	0.106631	0.213261	0.106631	0	0.213261	0.213261	0.106631	0.213261	0.106631	0	0.106631	0.213261	0.106631	0	0	0.213261	0.213261	0	0	0	0	0	0.213261	0.213261	0	0	0	0	0	0	0	0.213261	0.213261	0	0	0	0	0	0	0	0	0	0	0	0	0	0	0	0	0	0	0	0	0	0	0	0	0	0	0	0	0	0	0	0	0	0	0	0	0	0	0	0	0	0	0	0	0	0.106631	0.213261	0.106631	0	0.106631	0.213261	0.106631	0.106631	0.213261	0.106631	0	0.213261	0.213261	0	0	0.106631	0.213261	0.106631	0	0.213261	0.213261	0.213261	0.213261	0.106631	0.213261	0.106631	0.213261	0.213261
0.10661	0.21322	0.10661	0	0	0	0	0.10661	0.21322	0.10661	0	0	0	0	0.21322	0.21322	0	0	0.21322	0.21322	0	0.10661	0.21322	0.10661	0.10661	0.21322	0.10661	0	0.21322	0.21322	0.21322	0.21322	0	0.21322	0.21322	0	0.21322	0.319828	0.21322	0.21322	0.319828	0.319828	0.319828	0.21322	0.21322	0.21322	0.21322	0.319828	0.21322	0.319828	0.319828	0.426433	0.319828	0.21322	0.319828	0.319828	0.319828	0.21322	0.426433	0.426433	0.21322	0.319828	0.319828	0.21322	0.319828	0.319828	0.319828	0.319828	0.319828	0.319828	0.21322	0.319828	0.319828	0.426433	0.319828	0.21322	0.426433	0.319828	0.21322	0.21322	0.426433	0.426433	0.21322	0.319828	0.426433	0.319828	0.319828	0.426433	0.319828	0.319828	0.426433	0.319828	0.21322	0.21322	0.21322	0.21322	0.21322	0.319828	0.426433	0.21322	0.10661	0.21322	0.21322	0.21322	0.21322	0.21322	0.10661	0.21322	0.21322	0.10661	0.21322	0.10661	0.21322	0.21322	0	0	0.21322	0.21322	0	0	0	0.21322	0.21322	0	0	0	0.10661	0.21322	0.10661	0.21322	0.21322	0	0.10661	0.21322	0.10661	0.10661	0.21322	0.10661	0.10661	0.21322	0.10661	0.10661	0.21322	0.10661	0.10661	0.21322	0.10661	0.10661	0.21322	0.10661	0.10661	0.21322	0.10661	0	0.21322	0.21322	0.10661	0.21322	0.10661	0	0.10661	0.21322	0.10661	0	0	0.21322	0.21322	0	0	0	0	0	0.21322	0.21322	0	0	0	0	0	0	0	0.21322	0.21322	0	0	0	0	0	0	0	0	0	0	0	0	0	0	0	0	0	0	0	0	0	0	0	0	0	0	0	0	0	0	0	0	0	0	0	0	0	0	0	0	0	0	0	0	0	0.10661	0.21322	0.10661	0	0.10661	0.21322	0.10661	0.10661	0.21322	0.10661	0	0.21322	0.21322	0	0	0.10661	0.21322	0.10661	0	0.21322	0.21322	0.21322	0.21322	0.10661	0.21322	0.10661	0.21322	0.21322
0.10659	0.21318	0.10659	0	0	0	0	0.10659	0.21318	0.10659	0	0	0	0	0.21318	0.21318	0	0	0.21318	0.21318	0	0.10659	0.21318	0.10659	0.10659	0.21318	0.10659	0	0.21318	0.21318	0.21318	0.21318	0	0.21318	0.21318	0	0.21318	0.319768	0.21318	0.21318	0.319768	0.319768	0.319768	0.21318	0.21318	0.21318	0.21318	0.319768	0.21318	0.319768	0.319768	0.426354	0.319768	0.21318	0.319768	0.319768	0.319768	0.21318	0.426354	0.426354	0.21318	0.319768	0.319768	0.21318	0.319768	0.319768	0.319768	0.319768	0.319768	0.319768	0.21318	0.319768	0.319768	0.426354	0.319768	0.21318	0.426354	0.319768	0.21318	0.21318	0.426354	0.426354	0.21318	0.319768	0.426354	0.319768	0.319768	0.426354	0.319768	0.319768	0.426354	0.319768	0.21318	0.21318	0.21318	0.21318	0.21318	0.319768	0.426354	0.21318	0.10659	0.21318	0.21318	0.21318	0.21318	0.21318	0.10659	0.21318	0.21318	0.10659	0.21318	0.10659	0.21318	0.21318	0	0	0.21318	0.21318	0	0	0	0.21318	0.21318	0	0	0	0.10659	0.21318	0.10659	0.21318	0.21318	0	0.10659	0.21318	0.10659	0.10659	0.21318	0.10659	0.10659	0.21318	0.10659	0.10659	0.21318	0.10659	0.10659	0.21318	0.10659	0.10659	0.21318	0.10659	0.10659	0.21318	0.10659	0	0.21318	0.21318	0.10659	0.21318	0.10659	0	0.10659	0.21318	0.10659	0	0	0.21318	0.21318	0	0	0	0	0	0.21318	0.21318	0	0	0	0	0	0	0	0.21318	0.21318	0	0	0	0	0	0	0	0	0	0	0	0	0	0	0	0	0	0	0	0	0	0	0	0	0	0	0	0	0	0	0	0	0	0	0	0	0	0	0	0	0	0	0	0	0	0.10659	0.21318	0.10659	0	0.10659	0.21318	0.10659	0.10659	0.21318	0.10659	0	0.21318	0.21318	0	0	0.10659	0.21318	0.10659	0	0.21318	0.21318	0.21318	0.21318	0.10659	0.21318	0.10659	0.21318	0.21318
0.10657	0.213139	0.10657	0	0	0	0	0.10657	0.213139	0.10657	0	0	0	0	0.213139	0.213139	0	0	0.213139	0.213139	0	0.10657	0.213139	0.10657	0.10657	0.213139	0.10657	0	0.213139	0.213139	0.213139	0.213139	0	0.213139	0.213139	0	0.213139	0.319706	0.213139	0.213139	0.319706	0.319706	0.319706	0.213139	0.213139	0.213139	0.213139	0.319706	0.213139	0.319706	0.319706	0.426271	0.319706	0.213139	0.319706	0.319706	0.319706	0.213139	0.426271	0.426271	0.213139	0.319706	0.319706	0.213139	0.319706	0.319706	0.319706	0.319706	0.319706	0.319706	0.213139	0.319706	0.319706	0.426271	0.319706	0.213139	0.426271	0.319706	0.213139	0.213139	0.426271	0.426271	0.213139	0.319706	0.426271	0.319706	0.319706	0.426271	0.319706	0.319706	0.426271	0.319706	0.213139	0.213139	0.213139	0.213139	0.213139	0.319706	0.426271	0.213139	0.10657	0.213139	0.213139	0.213139	0.213139	0.213139	0.10657	0.213139	0.213139	0.10657	0.213139	0.10657	0.213139	0.213139	0	0	0.213139	0.213139	0	0	0	0.213139	0.213139	0	0	0	0.10657	0.213139	0.10657	0.213139	0.213139	0	0.10657	0.213139	0.10657	0.10657	0.213139	0.10657	0.10657	0.213139	0.10657	0.10657	0.213139	0.10657	0.10657	0.213139	0.10657	0.10657	0.213139	0.10657	0.10657	0.213139	0.10657	0	0.213139	0.213139	0.10657	0.213139	0.10657	0	0.10657	0.213139	0.10657	0	0	0.213139	0.213139	0	0	0	0	0	0.213139	0.213139	0	0	0	0	0	0	0	0.213139	0.213139	0	0	0	0	0	0	0	0	0	0	0	0	0	0	0	0	0	0	0	0	0	0	0	0	0	0	0	0	0	0	0	0	0	0	0	0	0	0	0	0	0	0	0	0	0	0.10657	0.213139	0.10657	0	0.10657	0.213139	0.10657	0.10657	0.213139	0.10657	0	0.213139	0.213139	0	0	0.10657	0.213139	0.10657	0	0.213139	0.213139	0.213139	0.213139	0.10657	0.213139	0.10657	0.213139	0.213139
0.202877	0.192088	0.0842352	0	0	0	0.0753447	0.188369	0.357396	0.407498	0.426224	0.426224	0.426224	0.426224	0.405749	0.310657	0.213115	0.213115	0.263705	0.266379	0.188369	0.202877	0.192088	0.119127	0.155324	0.202865	0.0842352	0	0.188354	0.219657	0.202865	0.229148	0.119133	0.202865	0.238254	0.0753447	0.213097	0.294216	0.202865	0.238254	0.321861	0.347312	0.384173	0.301376	0.301376	0.301376	0.301376	0.384173	0.301376	0.376718	0.453629	0.566319	0.495497	0.476523	0.532759	0.532759	0.532759	0.489743	0.650307	0.731438	0.673895	0.714764	0.714764	0.673895	0.714764	0.714764	0.727556	0.762783	0.762783	0.762783	0.707786	0.714764	0.714764	0.786591	0.811457	0.758123	0.833875	0.860674	0.808834	0.758123	0.822738	0.869688	0.791991	0.750592	0.776603	0.776611	0.826188	0.917327	0.895415	0.860674	0.917327	0.910346	0.878626	0.859853	0.82705	0.846551	0.878626	0.910346	0.95298	0.878626	0.836436	0.808834	0.775701	0.775701	0.775701	0.758123	0.679142	0.691564	0.724629	0.700739	0.743	0.731454	0.743	0.794678	0.747763	0.66649	0.710791	0.794678	0.747763	0.66649	0.639321	0.710791	0.794678	0.747763	0.66649	0.639321	0.670734	0.762791	0.806203	0.82705	0.846551	0.826196	0.783893	0.794678	0.806203	0.783893	0.794678	0.829623	0.836436	0.82705	0.783893	0.731454	0.762791	0.783893	0.731454	0.762791	0.783893	0.731454	0.762791	0.806203	0.783893	0.794678	0.783893	0.694638	0.691564	0.724629	0.700739	0.743	0.731454	0.66649	0.626992	0.623584	0.575046	0.48245	0.426224	0.505431	0.589665	0.535431	0.453644	0.426224	0.426224	0.376733	0.384185	0.405749	0.426224	0.426224	0.426224	0.426224	0.400473	0.324079	0.241229	0.310657	0.405749	0.426224	0.426224	0.426224	0.426224	0.426224	0.426224	0.426224	0.426224	0.426224	0.426224	0.426224	0.426224	0.426224	0.426224	0.426224	0.426224	0.426224	0.426224	0.426224	0.426224	0.426224	0.426224	0.426224	0.426224	0.426224	0.426224	0.426224	0.426224	0.426224	0.426224	0.426224	0.426224	0.426224	0.48245	0.588464	0.639321	0.639321	0.639321	0.639321	0.639321	0.694638	0.800906	0.852401	0.852401	0.852401	0.859032	0.878626	0.859032	0.852401	0.859032	0.878626	0.859032	0.859032	0.878626	0.859032	0.852401	0.878626	0.878626	0.879437	0.96041	1.01779	1.00304	0.994519	1.03917	1.02473	0.982316	0.982316	0.919656	0.859032	0.878626	0.859032	0.878626	0.878626
0.188334	0.119111	0.0376654	0	0	0	0.168439	0.229111	0.324019	0.400398	0.426145	0.426145	0.426145	0.426145	0.376663	0.271617	0.213075	0.213075	0.229111	0.266329	0.202839	0.188334	0.119111	0.119105	0.202828	0.155295	0.0376654	0	0.135799	0.219616	0.155295	0.188326	0.192053	0.155295	0.23821	0.168439	0.213058	0.241165	0.155295	0.23821	0.2742	0.303662	0.384101	0.30132	0.30132	0.30132	0.30132	0.384101	0.30132	0.3106	0.42111	0.566213	0.465894	0.476434	0.53266	0.53266	0.53266	0.471951	0.595535	0.703627	0.67377	0.714631	0.714631	0.67377	0.714631	0.714631	0.707654	0.762641	0.762641	0.762641	0.72742	0.714631	0.714631	0.741903	0.811306	0.776467	0.791844	0.860514	0.826034	0.776467	0.798084	0.846386	0.83372	0.776459	0.750452	0.757982	0.808683	0.895249	0.917157	0.860514	0.895249	0.910176	0.878463	0.876034	0.826896	0.83628	0.878463	0.910176	0.952803	0.878463	0.846394	0.826034	0.775557	0.775557	0.775557	0.776467	0.691435	0.679016	0.724494	0.700609	0.731318	0.742862	0.731318	0.783747	0.762649	0.670609	0.694509	0.783747	0.762649	0.670609	0.639202	0.694509	0.783747	0.762649	0.670609	0.639202	0.666366	0.747624	0.806053	0.826896	0.83628	0.829469	0.79453	0.783747	0.806053	0.79453	0.783747	0.826043	0.846394	0.826896	0.79453	0.742862	0.747624	0.79453	0.742862	0.747624	0.79453	0.742862	0.747624	0.806053	0.79453	0.783747	0.79453	0.710659	0.679016	0.724494	0.700609	0.731318	0.742862	0.670609	0.640306	0.623468	0.589555	0.505337	0.426145	0.48236	0.574939	0.556124	0.459772	0.426145	0.426145	0.405673	0.384113	0.376663	0.426145	0.426145	0.426145	0.426145	0.407422	0.357329	0.252674	0.271617	0.376663	0.426145	0.426145	0.426145	0.426145	0.426145	0.426145	0.426145	0.426145	0.426145	0.426145	0.426145	0.426145	0.426145	0.426145	0.426145	0.426145	0.426145	0.426145	0.426145	0.426145	0.426145	0.426145	0.426145	0.426145	0.426145	0.426145	0.426145	0.426145	0.426145	0.426145	0.426145	0.426145	0.426145	0.505337	0.607335	0.639202	0.639202	0.639202	0.639202	0.639202	0.710659	0.814803	0.852242	0.852242	0.852242	0.858872	0.878463	0.858872	0.852242	0.858872	0.878463	0.858872	0.858872	0.878463	0.858872	0.852242	0.878463	0.878463	0.882494	0.971974	1.0176	0.994334	1.00285	1.0417	1.01341	0.982133	0.982133	0.907063	0.858872	0.878463	0.858872	0.878463	0.878463
0	0	0	0	0	0	0.213017	0.213017	0	0	0	0	0	0	0	0	0	0	0.106509	0.213017	0.106509	0	0	0.106509	0.213017	0.106509	0	0	0.106509	0.213017	0.106509	0.106509	0.213017	0.106509	0.213017	0.213017	0.213017	0.213017	0.106509	0.213017	0.213017	0.213017	0.319523	0.213017	0.213017	0.213017	0.213017	0.319523	0.213017	0.106509	0.213017	0.426027	0.213017	0.213017	0.319523	0.319523	0.319523	0.106509	0.213017	0.319523	0.213017	0.319523	0.319523	0.213017	0.319523	0.319523	0.213017	0.319523	0.319523	0.319523	0.319523	0.319523	0.319523	0.213017	0.319523	0.319523	0.213017	0.319523	0.319523	0.319523	0.319523	0.319523	0.426027	0.426027	0.319523	0.213017	0.213017	0.319523	0.426027	0.319523	0.319523	0.319523	0.213017	0.319523	0.213017	0.106509	0.213017	0.319523	0.426027	0.213017	0.213017	0.319523	0.213017	0.213017	0.213017	0.319523	0.213017	0.106509	0.213017	0.106509	0.106509	0.213017	0.106509	0.106509	0.213017	0.106509	0	0.106509	0.213017	0.106509	0	0	0.106509	0.213017	0.106509	0	0	0	0.106509	0.213017	0.106509	0.106509	0.213017	0.106509	0.106509	0.213017	0.106509	0	0.213017	0.213017	0.213017	0.213017	0	0.213017	0.213017	0	0.213017	0.213017	0	0.106509	0.213017	0.106509	0.213017	0.213017	0.106509	0.213017	0.106509	0.106509	0.213017	0.106509	0.213017	0.213017	0.213017	0.213017	0	0	0.106509	0.213017	0.106509	0	0	0.213017	0.213017	0	0	0	0	0	0.106509	0.213017	0.106509	0	0	0	0	0	0	0	0	0	0	0	0	0	0	0	0	0	0	0	0	0	0	0	0	0	0	0	0	0	0	0	0	0	0	0	0.213017	0.213017	0	0	0	0	0	0.213017	0.213017	0	0	0	0.106509	0.213017	0.106509	0	0.106509	0.213017	0.106509	0.106509	0.213017	0.106509	0	0.213017	0.213017	0.106509	0.213017	0.106509	0.106509	0.213017	0.106509	0	0.213017	0.213017	0	0.106509	0.213017	0.106509	0.213017	0.213017
0	0	0	0	0	0	0.212975	0.212975	0	0	0	0	0	0	0	0	0	0	0.106488	0.212975	0.106488	0	0	0.106488	0.212975	0.106488	0	0	0.106488	0.212975	0.106488	0.106488	0.212975	0.106488	0.212975	0.212975	0.212975	0.212975	0.106488	0.212975	0.212975	0.212975	0.319461	0.212975	0.212975	0.212975	0.212975	0.319461	0.212975	0.106488	0.212975	0.425945	0.212975	0.212975	0.319461	0.319461	0.319461	0.106488	0.212975	0.319461	0.212975	0.319461	0.319461	0.212975	0.319461	0.319461	0.212975	0.319461	0.319461	0.319461	0.319461	0.319461	0.319461	0.212975	0.319461	0.319461	0.212975	0.319461	0.319461	0.319461	0.319461	0.319461	0.425945	0.425945	0.319461	0.212975	0.212975	0.319461	0.425945	0.319461	0.319461	0.319461	0.212975	0.319461	0.212975	0.106488	0.212975	0.319461	0.425945	0.212975	0.212975	0.319461	0.212975	0.212975	0.212975	0.319461	0.212975	0.106488	0.212975	0.106488	0.106488	0.212975	0.106488	0.106488	0.212975	0.106488	0	0.106488	0.212975	0.106488	0	0	0.106488	0.212975	0.106488	0	0	0	0.106488	0.212975	0.106488	0.106488	0.212975	0.106488	0.106488	0.212975	0.106488	0	0.212975	0.212975	0.212975	0.212975	0	0.212975	0.212975	0	0.212975	0.212975	0	0.106488	0.212975	0.106488	0.212975	0.212975	0.106488	0.212975	0.106488	0.106488	0.212975	0.106488	0.212975	0.212975	0.212975	0.212975	0	0	0.106488	0.212975	0.106488	0	0	0.212975	0.212975	0	0	0	0	0	0.106488	0.212975	0.106488	0	0	0	0	0	0	0	0	0	0	0	0	0	0	0	0	0	0	0	0	0	0	0	0	0	0	0	0	0	0	0	0	0	0	0	0.212975	0.212975	0	0	0	0	0	0.212975	0.212975	0	0	0	0.106488	0.212975	0.106488	0	0.106488	0.212975	0.106488	0.106488	0.212975	0.106488	0	0.212975	0.212975	0.106488	0.212975	0.106488	0.106488	0.212975	0.106488	0	0.212975	0.212975	0	0.106488	0.212975	0.106488	0.212975	0.212975
0	0	0	0	0	0	0.212936	0.212936	0	0	0	0	0	0	0	0	0	0	0.106468	0.212936	0.106468	0	0	0.106468	0.212936	0.106468	0	0	0.106468	0.212936	0.106468	0.106468	0.212936	0.106468	0.212936	0.212936	0.212936	0.212936	0.106468	0.212936	0.212936	0.212936	0.319402	0.212936	0.212936	0.212936	0.212936	0.319402	0.212936	0.106468	0.212936	0.425866	0.212936	0.212936	0.319402	0.319402	0.319402	0.106468	0.212936	0.319402	0.212936	0.319402	0.319402	0.212936	0.319402	0.319402	0.212936	0.319402	0.319402	0.319402	0.319402	0.319402	0.319402	0.212936	0.319402	0.319402	0.212936	0.319402	0.319402	0.319402	0.319402	0.319402	0.425866	0.425866	0.319402	0.212936	0.212936	0.319402	0.425866	0.319402	0.319402	0.319402	0.212936	0.319402	0.212936	0.106468	0.212936	0.319402	0.425866	0.212936	0.212936	0.319402	0.212936	0.212936	0.212936	0.319402	0.212936	0.106468	0.212936	0.106468	0.106468	0.212936	0.106468	0.106468	0.212936	0.106468	0	0.106468	0.212936	0.106468	0	0	0.106468	0.212936	0.106468	0	0	0	0.106468	0.212936	0.106468	0.106468	0.212936	0.106468	0.106468	0.212936	0.106468	0	0.212936	0.212936	0.212936	0.212936	0	0.212936	0.212936	0	0.212936	0.212936	0	0.106468	0.212936	0.106468	0.212936	0.212936	0.106468	0.212936	0.106468	0.106468	0.212936	0.106468	0.212936	0.212936	0.212936	0.212936	0	0	0.106468	0.212936	0.106468	0	0	0.212936	0.212936	0	0	0	0	0	0.106468	0.212936	0.106468	0	0	0	0	0	0	0	0	0	0	0	0	0	0	0	0	0	0	0	0	0	0	0	0	0	0	0	0	0	0	0	0	0	0	0	0.212936	0.212936	0	0	0	0	0	0.212936	0.212936	0	0	0	0.106468	0.212936	0.106468	0	0.106468	0.212936	0.106468	0.106468	0.212936	0.106468	0	0.212936	0.212936	0.106468	0.212936	0.106468	0.106468	0.212936	0.106468	0	0.212936	0.212936	0	0.106468	0.212936	0.106468	0.212936	0.212936
0	0	0	0	0	0	0.212895	0.212895	0	0	0	0	0	0	0	0	0	0	0.106448	0.212895	0.106448	0	0	0.106448	0.212895	0.106448	0	0	0.106448	0.212895	0.106448	0.106448	0.212895	0.106448	0.212895	0.212895	0.212895	0.212895	0.106448	0.212895	0.212895	0.212895	0.31934	0.212895	0.212895	0.212895	0.212895	0.31934	0.212895	0.106448	0.212895	0.425784	0.212895	0.212895	0.31934	0.31934	0.31934	0.106448	0.212895	0.31934	0.212895	0.31934	0.31934	0.212895	0.31934	0.31934	0.212895	0.31934	0.31934	0.31934	0.31934	0.31934	0.31934	0.212895	0.31934	0.31934	0.212895	0.31934	0.31934	0.31934	0.31934	0.31934	0.425784	0.425784	0.31934	0.212895	0.212895	0.31934	0.425784	0.31934	0.31934	0.31934	0.212895	0.31934	0.212895	0.106448	0.212895	0.31934	0.425784	0.212895	0.212895	0.31934	0.212895	0.212895	0.212895	0.31934	0.212895	0.106448	0.212895	0.106448	0.106448	0.212895	0.106448	0.106448	0.212895	0.106448	0	0.106448	0.212895	0.106448	0	0	0.106448	0.212895	0.106448	0	0	0	0.106448	0.212895	0.106448	0.106448	0.212895	0.106448	0.106448	0.212895	0.106448	0	0.212895	0.212895	0.212895	0.212895	0	0.212895	0.212895	0	0.212895	0.212895	0	0.106448	0.212895	0.106448	0.212895	0.212895	0.106448	0.212895	0.106448	0.106448	0.212895	0.106448	0.212895	0.212895	0.212895	0.212895	0	0	0.106448	0.212895	0.106448	0	0	0.212895	0.212895	0	0	0	0	0	0.106448	0.212895	0.106448	0	0	0	0	0	0	0	0	0	0	0	0	0	0	0	0	0	0	0	0	0	0	0	0	0	0	0	0	0	0	0	0	0	0	0	0.212895	0.212895	0	0	0	0	0	0.212895	0.212895	0	0	0	0.106448	0.212895	0.106448	0	0.106448	0.212895	0.106448	0.106448	0.212895	0.106448	0	0.212895	0.212895	0.106448	0.212895	0.106448	0.106448	0.212895	0.106448	0	0.212895	0.212895	0	0.106448	0.212895	0.106448	0.212895	0.212895
0	0	0	0	0	0	0.212855	0.212855	0	0	0	0	0	0	0	0	0	0	0.106428	0.212855	0.106428	0	0	0.106428	0.212855	0.106428	0	0	0.106428	0.212855	0.106428	0.106428	0.212855	0.106428	0.212855	0.212855	0.212855	0.212855	0.106428	0.212855	0.212855	0.212855	0.319281	0.212855	0.212855	0.212855	0.212855	0.319281	0.212855	0.106428	0.212855	0.425705	0.212855	0.212855	0.319281	0.319281	0.319281	0.106428	0.212855	0.319281	0.212855	0.319281	0.319281	0.212855	0.319281	0.319281	0.212855	0.319281	0.319281	0.319281	0.319281	0.319281	0.319281	0.212855	0.319281	0.319281	0.212855	0.319281	0.319281	0.319281	0.319281	0.319281	0.425705	0.425705	0.319281	0.212855	0.212855	0.319281	0.425705	0.319281	0.319281	0.319281	0.212855	0.319281	0.212855	0.106428	0.212855	0.319281	0.425705	0.212855	0.212855	0.319281	0.212855	0.212855	0.212855	0.319281	0.212855	0.106428	0.212855	0.106428	0.106428	0.212855	0.106428	0.106428	0.212855	0.106428	0	0.106428	0.212855	0.106428	0	0	0.106428	0.212855	0.106428	0	0	0	0.106428	0.212855	0.106428	0.106428	0.212855	0.106428	0.106428	0.212855	0.106428	0	0.212855	0.212855	0.212855	0.212855	0	0.212855	0.212855	0	0.212855	0.212855	0	0.106428	0.212855	0.106428	0.212855	0.212855	0.106428	0.212855	0.106428	0.106428	0.212855	0.106428	0.212855	0.212855	0.212855	0.212855	0	0	0.106428	0.212855	0.106428	0	0	0.212855	0.212855	0	0	0	0	0	0.106428	0.212855	0.106428	0	0	0	0	0	0	0	0	0	0	0	0	0	0	0	0	0	0	0	0	0	0	0	0	0	0	0	0	0	0	0	0	0	0	0	0.212855	0.212855	0	0	0	0	0	0.212855	0.212855	0	0	0	0.106428	0.212855	0.106428	0	0.106428	0.212855	0.106428	0.106428	0.212855	0.106428	0	0.212855	0.212855	0.106428	0.212855	0.106428	0.106428	0.212855	0.106428	0	0.212855	0.212855	0	0.106428	0.212855	0.106428	0.212855	0.212855
0	0	0	0	0	0	0.212814	0.212814	0	0	0	0	0	0	0	0	0	0	0.106407	0.212814	0.106407	0	0	0.106407	0.212814	0.106407	0	0	0.106407	0.212814	0.106407	0.106407	0.212814	0.106407	0.212814	0.212814	0.212814	0.212814	0.106407	0.212814	0.212814	0.212814	0.319219	0.212814	0.212814	0.212814	0.212814	0.319219	0.212814	0.106407	0.212814	0.425622	0.212814	0.212814	0.319219	0.319219	0.319219	0.106407	0.212814	0.319219	0.212814	0.319219	0.319219	0.212814	0.319219	0.319219	0.212814	0.319219	0.319219	0.319219	0.319219	0.319219	0.319219	0.212814	0.319219	0.319219	0.212814	0.319219	0.319219	0.319219	0.319219	0.319219	0.425622	0.425622	0.319219	0.212814	0.212814	0.319219	0.425622	0.319219	0.319219	0.319219	0.212814	0.319219	0.212814	0.106407	0.212814	0.319219	0.425622	0.212814	0.212814	0.319219	0.212814	0.212814	0.212814	0.319219	0.212814	0.106407	0.212814	0.106407	0.106407	0.212814	0.106407	0.106407	0.212814	0.106407	0	0.106407	0.212814	0.106407	0	0	0.106407	0.212814	0.106407	0	0	0	0.106407	0.212814	0.106407	0.106407	0.212814	0.106407	0.106407	0.212814	0.106407	0	0.212814	0.212814	0.212814	0.212814	0	0.212814	0.212814	0	0.212814	0.212814	0	0.106407	0.212814	0.106407	0.212814	0.212814	0.106407	0.212814	0.106407	0.106407	0.212814	0.106407	0.212814	0.212814	0.212814	0.212814	0	0	0.106407	0.212814	0.106407	0	0	0.212814	0.212814	0	0	0	0	0	0.106407	0.212814	0.106407	0	0	0	0	0	0	0	0	0	0	0	0	0	0	0	0	0	0	0	0	0	0	0	0	0	0	0	0	0	0	0	0	0	0	0	0.212814	0.212814	0	0	0	0	0	0.212814	0.212814	0	0	0	0.106407	0.212814	0.106407	0	0.106407	0.212814	0.106407	0.106407	0.212814	0.106407	0	0.212814	0.212814	0.106407	0.212814	0.106407	0.106407	0.212814	0.106407	0	0.212814	0.212814	0	0.106407	0.212814	0.106407	0.212814	0.212814
0.135628	0.0940412	0.059476	0.0188075	0	0	0.188067	0.202557	0.106396	0.0940412	0.059476	0.0188075	0	0	0	0.0188075	0.059476	0.0940412	0.131652	0.193628	0.12616	0.0841124	0.106396	0.131652	0.210267	0.136918	0.0940412	0.106396	0.131652	0.193628	0.12616	0.136918	0.193628	0.0940338	0.212773	0.212773	0.212773	0.212773	0.106387	0.212773	0.212773	0.212773	0.293768	0.202557	0.237891	0.237891	0.237891	0.336424	0.237891	0.15046	0.237891	0.420527	0.265973	0.269276	0.339045	0.351341	0.365165	0.232639	0.282735	0.369496	0.282735	0.365165	0.383588	0.300917	0.378018	0.414184	0.359315	0.414184	0.432972	0.432972	0.432565	0.451371	0.451764	0.405999	0.471682	0.492232	0.442675	0.470555	0.471682	0.492232	0.509184	0.489346	0.548307	0.546694	0.492232	0.447049	0.424316	0.470555	0.545724	0.509184	0.490431	0.494742	0.475797	0.531948	0.470188	0.403821	0.424316	0.470177	0.531935	0.3836	0.3836	0.451764	0.410764	0.428878	0.428878	0.492232	0.447049	0.378501	0.416325	0.403821	0.378501	0.410764	0.378501	0.361777	0.416325	0.403821	0.346803	0.345268	0.410764	0.378501	0.332749	0.319184	0.345268	0.410764	0.378501	0.332749	0.319184	0.319184	0.345268	0.405999	0.353368	0.345268	0.416325	0.412917	0.403821	0.434207	0.422654	0.399863	0.428878	0.440275	0.475797	0.475797	0.412491	0.452164	0.452164	0.373328	0.410764	0.434207	0.373328	0.353368	0.3836	0.336446	0.3836	0.3836	0.336446	0.3836	0.336446	0.336446	0.3836	0.336446	0.3836	0.3836	0.3836	0.3836	0.319184	0.293792	0.279599	0.321932	0.279599	0.22648	0.21279	0.303262	0.340618	0.240862	0.21279	0.21279	0.199934	0.161794	0.17031	0.245217	0.220141	0.21279	0.21279	0.21279	0.21279	0.21279	0.21279	0.21279	0.21279	0.21279	0.21279	0.21279	0.21279	0.21279	0.21279	0.21279	0.21279	0.22648	0.267314	0.306174	0.319184	0.319184	0.319184	0.319184	0.319184	0.319184	0.346803	0.399863	0.425575	0.425575	0.425575	0.425575	0.425575	0.425575	0.439075	0.479508	0.530959	0.488998	0.425575	0.439075	0.479508	0.518835	0.531963	0.538566	0.523916	0.506066	0.531963	0.531963	0.558241	0.597709	0.55315	0.531963	0.542496	0.572933	0.542496	0.526951	0.530959	0.506413	0.518835	0.572933	0.572933	0.526951	0.530959	0.506413	0.516442	0.513691	0.48061	0.506066	0.538566	0.523916	0.506066	0.526951	0.530959	0.506413	0.530959	0.523916
0.28642	0.193605	0.150432	0.059462	0	0	0.118924	0.191766	0.212751	0.193605	0.150432	0.059462	0	0	0	0.059462	0.150432	0.193605	0.193605	0.150432	0.178386	0.191766	0.212751	0.193605	0.207695	0.207695	0.193605	0.212751	0.193605	0.150432	0.178386	0.207695	0.150432	0.059462	0.212734	0.212734	0.212734	0.212734	0.106367	0.212734	0.212734	0.212734	0.219282	0.191766	0.300862	0.300862	0.300862	0.383516	0.300862	0.237859	0.300862	0.415384	0.383529	0.395327	0.395327	0.436152	0.479407	0.429626	0.428798	0.49034	0.428798	0.479407	0.531849	0.475709	0.523819	0.618527	0.618527	0.618527	0.666401	0.666401	0.666935	0.713543	0.71602	0.723391	0.76565	0.815727	0.810071	0.76148	0.76565	0.815727	0.856315	0.808757	0.811807	0.808757	0.815727	0.815727	0.76565	0.76148	0.810071	0.856315	0.810071	0.825638	0.877126	0.908791	0.866173	0.787507	0.76565	0.76194	0.767023	0.672744	0.672744	0.71602	0.73551	0.774377	0.774377	0.815727	0.815727	0.73551	0.752147	0.787507	0.73551	0.73551	0.73551	0.699542	0.752147	0.787507	0.699542	0.666943	0.73551	0.73551	0.666943	0.638229	0.666943	0.73551	0.73551	0.666943	0.638229	0.638229	0.666943	0.723391	0.683694	0.666943	0.752147	0.804826	0.787507	0.787507	0.82607	0.804826	0.774377	0.804826	0.877126	0.877126	0.82607	0.825638	0.825638	0.752147	0.73551	0.787507	0.752147	0.683694	0.672744	0.647031	0.672744	0.672744	0.647031	0.672744	0.647031	0.647031	0.672744	0.647031	0.672744	0.672744	0.672744	0.672744	0.638229	0.594637	0.529862	0.529862	0.529862	0.455206	0.425496	0.490355	0.572826	0.490355	0.425496	0.425496	0.402433	0.336384	0.28642	0.336384	0.402433	0.425496	0.425496	0.425496	0.425496	0.425496	0.425496	0.425496	0.425496	0.425496	0.425496	0.425496	0.425496	0.425496	0.425496	0.425496	0.425496	0.455206	0.542395	0.613946	0.638229	0.638229	0.638229	0.638229	0.638229	0.638229	0.699542	0.804826	0.850945	0.850945	0.850945	0.850945	0.850945	0.850945	0.879142	0.963183	0.996728	0.910354	0.850945	0.879142	0.963183	1.03841	1.06364	1.01605	0.980638	1.01605	1.06364	1.06364	1.10183	1.13688	1.09152	1.06364	1.06894	1.08469	1.06894	1.03841	0.996728	0.996728	1.03841	1.08469	1.08469	1.03841	0.996728	0.996728	1.01605	0.963183	0.94428	1.01605	1.01605	0.980638	1.01605	1.03841	0.996728	0.996728	0.996728	0.980638
0.228712	0.131602	0.193554	0.0939982	0	0	0.0376008	0.0840806	0.106355	0.131602	0.193554	0.0939982	0	0	0	0.0939982	0.193554	0.131602	0.0940055	0.0594535	0.203349	0.20248	0.106355	0.0940055	0.136866	0.210187	0.131602	0.106355	0.0940055	0.0594535	0.203349	0.210187	0.0594535	0.0188004	0.212692	0.212692	0.212692	0.212692	0.106347	0.212692	0.212692	0.212692	0.135566	0.0840806	0.237801	0.237801	0.237801	0.336297	0.237801	0.150403	0.237801	0.27373	0.265873	0.338916	0.269174	0.284496	0.301389	0.282004	0.282628	0.369356	0.282628	0.301389	0.383442	0.300803	0.273742	0.359179	0.414027	0.359179	0.432808	0.432808	0.380213	0.4512	0.401906	0.405845	0.424156	0.44688	0.545517	0.470377	0.424156	0.44688	0.564305	0.546487	0.548099	0.489161	0.44688	0.492046	0.471504	0.470377	0.442507	0.564305	0.490245	0.420396	0.475617	0.531746	0.513143	0.434043	0.471504	0.529404	0.531734	0.383454	0.383454	0.401906	0.378357	0.428716	0.428716	0.44688	0.492046	0.410608	0.373187	0.434043	0.410608	0.378357	0.410608	0.36164	0.373187	0.434043	0.392566	0.332623	0.378357	0.410608	0.345137	0.319063	0.332623	0.378357	0.410608	0.345137	0.319063	0.319063	0.332623	0.405845	0.387581	0.332623	0.373187	0.412761	0.434043	0.403668	0.412334	0.440109	0.428716	0.399711	0.475617	0.475617	0.422494	0.451993	0.451993	0.416167	0.378357	0.403668	0.416167	0.387581	0.383454	0.336319	0.383454	0.383454	0.336319	0.383454	0.336319	0.336319	0.383454	0.336319	0.383454	0.383454	0.383454	0.383454	0.319063	0.346664	0.32181	0.279493	0.32181	0.244411	0.21271	0.240771	0.340489	0.303147	0.21271	0.21271	0.220058	0.245124	0.170246	0.161733	0.199858	0.21271	0.21271	0.21271	0.21271	0.21271	0.21271	0.21271	0.21271	0.21271	0.21271	0.21271	0.21271	0.21271	0.21271	0.21271	0.21271	0.244411	0.324546	0.319614	0.319063	0.319063	0.319063	0.319063	0.319063	0.319063	0.392566	0.440109	0.425414	0.425414	0.425414	0.425414	0.425414	0.425414	0.448467	0.513497	0.506221	0.452782	0.425414	0.448467	0.513497	0.526752	0.531762	0.505874	0.523718	0.538362	0.531762	0.531762	0.580379	0.597482	0.545217	0.531762	0.54229	0.572716	0.54229	0.518639	0.506221	0.530758	0.526752	0.572716	0.572716	0.518639	0.506221	0.530758	0.516246	0.479326	0.506217	0.538362	0.505874	0.523718	0.538362	0.518639	0.506221	0.530758	0.506221	0.523718
0.212651	0.106326	0.212651	0.106326	0	0	0	0	0	0.106326	0.212651	0.106326	0	0	0	0.106326	0.212651	0.106326	0	0	0.212651	0.212651	0	0	0.106326	0.212651	0.106326	0	0	0	0.212651	0.212651	0	0	0.212651	0.212651	0.212651	0.212651	0.106326	0.212651	0.212651	0.212651	0.106326	0	0.212651	0.212651	0.212651	0.318975	0.212651	0.106326	0.212651	0.212651	0.212651	0.318975	0.212651	0.212651	0.212651	0.212651	0.212651	0.318975	0.212651	0.212651	0.318975	0.212651	0.106326	0.212651	0.318975	0.212651	0.318975	0.318975	0.212651	0.318975	0.212651	0.212651	0.212651	0.212651	0.425297	0.318975	0.212651	0.212651	0.425297	0.425297	0.425297	0.318975	0.212651	0.318975	0.318975	0.318975	0.212651	0.425297	0.318975	0.106326	0.212651	0.318975	0.318975	0.212651	0.318975	0.425297	0.425297	0.212651	0.212651	0.212651	0.106326	0.212651	0.212651	0.212651	0.318975	0.212651	0	0.212651	0.212651	0.106326	0.212651	0.106326	0	0.212651	0.212651	0	0.106326	0.212651	0.106326	0	0	0.106326	0.212651	0.106326	0	0	0	0.212651	0.212651	0	0	0.106326	0.212651	0.106326	0	0.212651	0.212651	0	0.212651	0.212651	0.106326	0.212651	0.212651	0.212651	0.106326	0.106326	0.212651	0.212651	0.212651	0.106326	0.212651	0.212651	0.106326	0.212651	0.106326	0.106326	0.212651	0.106326	0.212651	0.212651	0.212651	0.212651	0	0.212651	0.212651	0.106326	0.212651	0.106326	0	0	0.212651	0.212651	0	0	0.106326	0.212651	0.106326	0	0	0	0	0	0	0	0	0	0	0	0	0	0	0	0	0	0	0.106326	0.212651	0.106326	0	0	0	0	0	0	0.212651	0.212651	0	0	0	0	0	0	0.106326	0.212651	0.106326	0	0	0.106326	0.212651	0.106326	0	0	0.212651	0.212651	0	0	0.212651	0.212651	0	0	0.106326	0.212651	0.106326	0	0.106326	0.212651	0.106326	0.212651	0.212651	0	0.106326	0.212651	0.106326	0	0.212651	0.212651	0	0.212651	0.212651	0	0.106326	0.212651	0.106326	0.212651
0.212612	0.106306	0.212612	0.106306	0	0	0	0	0	0.106306	0.212612	0.106306	0	0	0	0.106306	0.212612	0.106306	0	0	0.212612	0.212612	0	0	0.106306	0.212612	0.106306	0	0	0	0.212612	0.212612	0	0	0.212612	0.212612	0.212612	0.212612	0.106306	0.212612	0.212612	0.212612	0.106306	0	0.212612	0.212612	0.212612	0.318916	0.212612	0.106306	0.212612	0.212612	0.212612	0.318916	0.212612	0.212612	0.212612	0.212612	0.212612	0.318916	0.212612	0.212612	0.318916	0.212612	0.106306	0.212612	0.318916	0.212612	0.318916	0.318916	0.212612	0.318916	0.212612	0.212612	0.212612	0.212612	0.425218	0.318916	0.212612	0.212612	0.425218	0.425218	0.425218	0.318916	0.212612	0.318916	0.318916	0.318916	0.212612	0.425218	0.318916	0.106306	0.212612	0.318916	0.318916	0.212612	0.318916	0.425218	0.425218	0.212612	0.212612	0.212612	0.106306	0.212612	0.212612	0.212612	0.318916	0.212612	0	0.212612	0.212612	0.106306	0.212612	0.106306	0	0.212612	0.212612	0	0.106306	0.212612	0.106306	0	0	0.106306	0.212612	0.106306	0	0	0	0.212612	0.212612	0	0	0.106306	0.212612	0.106306	0	0.212612	0.212612	0	0.212612	0.212612	0.106306	0.212612	0.212612	0.212612	0.106306	0.106306	0.212612	0.212612	0.212612	0.106306	0.212612	0.212612	0.106306	0.212612	0.106306	0.106306	0.212612	0.106306	0.212612	0.212612	0.212612	0.212612	0	0.212612	0.212612	0.106306	0.212612	0.106306	0	0	0.212612	0.212612	0	0	0.106306	0.212612	0.106306	0	0	0	0	0	0	0	0	0	0	0	0	0	0	0	0	0	0	0.106306	0.212612	0.106306	0	0	0	0	0	0	0.212612	0.212612	0	0	0	0	0	0	0.106306	0.212612	0.106306	0	0	0.106306	0.212612	0.106306	0	0	0.212612	0.212612	0	0	0.212612	0.212612	0	0	0.106306	0.212612	0.106306	0	0.106306	0.212612	0.106306	0.212612	0.212612	0	0.106306	0.212612	0.106306	0	0.212612	0.212612	0	0.212612	0.212612	0	0.106306	0.212612	0.106306	0.212612
0.212571	0.106286	0.212571	0.106286	0	0	0	0	0	0.106286	0.212571	0.106286	0	0	0	0.106286	0.212571	0.106286	0	0	0.212571	0.212571	0	0	0.106286	0.212571	0.106286	0	0	0	0.212571	0.212571	0	0	0.212571	0.212571	0.212571	0.212571	0.106286	0.212571	0.212571	0.212571	0.106286	0	0.212571	0.212571	0.212571	0.318855	0.212571	0.106286	0.212571	0.212571	0.212571	0.318855	0.212571	0.212571	0.212571	0.212571	0.212571	0.318855	0.212571	0.212571	0.318855	0.212571	0.106286	0.212571	0.318855	0.212571	0.318855	0.318855	0.212571	0.318855	0.212571	0.212571	0.212571	0.212571	0.425136	0.318855	0.212571	0.212571	0.425136	0.425136	0.425136	0.318855	0.212571	0.318855	0.318855	0.318855	0.212571	0.425136	0.318855	0.106286	0.212571	0.318855	0.318855	0.212571	0.318855	0.425136	0.425136	0.212571	0.212571	0.212571	0.106286	0.212571	0.212571	0.212571	0.318855	0.212571	0	0.212571	0.212571	0.106286	0.212571	0.106286	0	0.212571	0.212571	0	0.106286	0.212571	0.106286	0	0	0.106286	0.212571	0.106286	0	0	0	0.212571	0.212571	0	0	0.106286	0.212571	0.106286	0	0.212571	0.212571	0	0.212571	0.212571	0.106286	0.212571	0.212571	0.212571	0.106286	0.106286	0.212571	0.212571	0.212571	0.106286	0.212571	0.212571	0.106286	0.212571	0.106286	0.106286	0.212571	0.106286	0.212571	0.212571	0.212571	0.212571	0	0.212571	0.212571	0.106286	0.212571	0.106286	0	0	0.212571	0.212571	0	0	0.106286	0.212571	0.106286	0	0	0	0	0	0	0	0	0	0	0	0	0	0	0	0	0	0	0.106286	0.212571	0.106286	0	0	0	0	0	0	0.212571	0.212571	0	0	0	0	0	0	0.106286	0.212571	0.106286	0	0	0.106286	0.212571	0.106286	0	0	0.212571	0.212571	0	0	0.212571	0.212571	0	0	0.106286	0.212571	0.106286	0	0.106286	0.212571	0.106286	0.212571	0.212571	0	0.106286	0.212571	0.106286	0	0.212571	0.212571	0	0.212571	0.212571	0	0.106286	0.212571	0.106286	0.212571
0.21253	0.106265	0.21253	0.106265	0	0	0	0	0	0.106265	0.21253	0.106265	0	0	0	0.106265	0.21253	0.106265	0	0	0.21253	0.21253	0	0	0.106265	0.21253	0.106265	0	0	0	0.21253	0.21253	0	0	0.21253	0.21253	0.21253	0.21253	0.106265	0.21253	0.21253	0.21253	0.106265	0	0.21253	0.21253	0.21253	0.318793	0.21253	0.106265	0.21253	0.21253	0.21253	0.318793	0.21253	0.21253	0.21253	0.21253	0.21253	0.318793	0.21253	0.21253	0.318793	0.21253	0.106265	0.21253	0.318793	0.21253	0.318793	0.318793	0.21253	0.318793	0.21253	0.21253	0.21253	0.21253	0.425054	0.318793	0.21253	0.21253	0.425054	0.425054	0.425054	0.318793	0.21253	0.318793	0.318793	0.318793	0.21253	0.425054	0.318793	0.106265	0.21253	0.318793	0.318793	0.21253	0.318793	0.425054	0.425054	0.21253	0.21253	0.21253	0.106265	0.21253	0.21253	0.21253	0.318793	0.21253	0	0.21253	0.21253	0.106265	0.21253	0.106265	0	0.21253	0.21253	0	0.106265	0.21253	0.106265	0	0	0.106265	0.21253	0.106265	0	0	0	0.21253	0.21253	0	0	0.106265	0.21253	0.106265	0	0.21253	0.21253	0	0.21253	0.21253	0.106265	0.21253	0.21253	0.21253	0.106265	0.106265	0.21253	0.21253	0.21253	0.106265	0.21253	0.21253	0.106265	0.21253	0.106265	0.106265	0.21253	0.106265	0.21253	0.21253	0.21253	0.21253	0	0.21253	0.21253	0.106265	0.21253	0.106265	0	0	0.21253	0.21253	0	0	0.106265	0.21253	0.106265	0	0	0	0	0	0	0	0	0	0	0	0	0	0	0	0	0	0	0.106265	0.21253	0.106265	0	0	0	0	0	0	0.21253	0.21253	0	0	0	0	0	0	0.106265	0.21253	0.106265	0	0	0.106265	0.21253	0.106265	0	0	0.21253	0.21253	0	0	0.21253	0.21253	0	0	0.106265	0.21253	0.106265	0	0.106265	0.21253	0.106265	0.21253	0.21253	0	0.106265	0.21253	0.106265	0	0.21253	0.21253	0	0.21253	0.21253	0	0.106265	0.21253	0.106265	0.21253
0.212491	0.106246	0.212491	0.106246	0	0	0	0	0	0.106246	0.212491	0.106246	0	0	0	0.106246	0.212491	0.106246	0	0	0.212491	0.212491	0	0	0.106246	0.212491	0.106246	0	0	0	0.212491	0.212491	0	0	0.212491	0.212491	0.212491	0.212491	0.106246	0.212491	0.212491	0.212491	0.106246	0	0.212491	0.212491	0.212491	0.318734	0.212491	0.106246	0.212491	0.212491	0.212491	0.318734	0.212491	0.212491	0.212491	0.212491	0.212491	0.318734	0.212491	0.212491	0.318734	0.212491	0.106246	0.212491	0.318734	0.212491	0.318734	0.318734	0.212491	0.318734	0.212491	0.212491	0.212491	0.212491	0.424975	0.318734	0.212491	0.212491	0.424975	0.424975	0.424975	0.318734	0.212491	0.318734	0.318734	0.318734	0.212491	0.424975	0.318734	0.106246	0.212491	0.318734	0.318734	0.212491	0.318734	0.424975	0.424975	0.212491	0.212491	0.212491	0.106246	0.212491	0.212491	0.212491	0.318734	0.212491	0	0.212491	0.212491	0.106246	0.212491	0.106246	0	0.212491	0.212491	0	0.106246	0.212491	0.106246	0	0	0.106246	0.212491	0.106246	0	0	0	0.212491	0.212491	0	0	0.106246	0.212491	0.106246	0	0.212491	0.212491	0	0.212491	0.212491	0.106246	0.212491	0.212491	0.212491	0.106246	0.106246	0.212491	0.212491	0.212491	0.106246	0.212491	0.212491	0.106246	0.212491	0.106246	0.106246	0.212491	0.106246	0.212491	0.212491	0.212491	0.212491	0	0.212491	0.212491	0.106246	0.212491	0.106246	0	0	0.212491	0.212491	0	0	0.106246	0.212491	0.106246	0	0	0	0	0	0	0	0	0	0	0	0	0	0	0	0	0	0	0.106246	0.212491	0.106246	0	0	0	0	0	0	0.212491	0.212491	0	0	0	0	0	0	0.106246	0.212491	0.106246	0	0	0.106246	0.212491	0.106246	0	0	0.212491	0.212491	0	0	0.212491	0.212491	0	0	0.106246	0.212491	0.106246	0	0.106246	0.212491	0.106246	0.212491	0.212491	0	0.106246	0.212491	0.106246	0	0.212491	0.212491	0	0.212491	0.212491	0	0.106246	0.212491	0.106246	0.212491
0.21245	0.106225	0.21245	0.106225	0	0	0	0	0	0.106225	0.21245	0.106225	0	0	0	0.106225	0.21245	0.106225	0	0	0.21245	0.21245	0	0	0.106225	0.21245	0.106225	0	0	0	0.21245	0.21245	0	0	0.21245	0.21245	0.21245	0.21245	0.106225	0.21245	0.21245	0.21245	0.106225	0	0.21245	0.21245	0.21245	0.318672	0.21245	0.106225	0.21245	0.21245	0.21245	0.318672	0.21245	0.21245	0.21245	0.21245	0.21245	0.318672	0.21245	0.21245	0.318672	0.21245	0.106225	0.21245	0.318672	0.21245	0.318672	0.318672	0.21245	0.318672	0.21245	0.21245	0.21245	0.21245	0.424893	0.318672	0.21245	0.21245	0.424893	0.424893	0.424893	0.318672	0.21245	0.318672	0.318672	0.318672	0.21245	0.424893	0.318672	0.106225	0.21245	0.318672	0.318672	0.21245	0.318672	0.424893	0.424893	0.21245	0.21245	0.21245	0.106225	0.21245	0.21245	0.21245	0.318672	0.21245	0	0.21245	0.21245	0.106225	0.21245	0.106225	0	0.21245	0.21245	0	0.106225	0.21245	0.106225	0	0	0.106225	0.21245	0.106225	0	0	0	0.21245	0.21245	0	0	0.106225	0.21245	0.106225	0	0.21245	0.21245	0	0.21245	0.21245	0.106225	0.21245	0.21245	0.21245	0.106225	0.106225	0.21245	0.21245	0.21245	0.106225	0.21245	0.21245	0.106225	0.21245	0.106225	0.106225	0.21245	0.106225	0.21245	0.21245	0.21245	0.21245	0	0.21245	0.21245	0.106225	0.21245	0.106225	0	0	0.21245	0.21245	0	0	0.106225	0.21245	0.106225	0	0	0	0	0	0	0	0	0	0	0	0	0	0	0	0	0	0	0.106225	0.21245	0.106225	0	0	0	0	0	0	0.21245	0.21245	0	0	0	0	0	0	0.106225	0.21245	0.106225	0	0	0.106225	0.21245	0.106225	0	0	0.21245	0.21245	0	0	0.21245	0.21245	0	0	0.106225	0.21245	0.106225	0	0.106225	0.21245	0.106225	0.21245	0.21245	0	0.106225	0.21245	0.106225	0	0.21245	0.21245	0	0.21245	0.21245	0	0.106225	0.21245	0.106225	0.21245
0.498872	0.463722	0.498872	0.445103	0.372689	0.332179	0.293289	0.240449	0.199591	0.209916	0.26352	0.219764	0.18776	0.135395	0.0839684	0.125944	0.203077	0.125944	0.0187753	0	0.212409	0.212409	0	0	0.106205	0.212409	0.106205	0	0	0.0375506	0.218947	0.187745	0	0.0375506	0.218947	0.187745	0.187745	0.209906	0.136683	0.209906	0.219752	0.237484	0.150202	0.0839684	0.218947	0.20221	0.232232	0.338464	0.26352	0.219764	0.300402	0.300402	0.300402	0.379697	0.321381	0.340034	0.340034	0.340034	0.338474	0.396056	0.342617	0.36115	0.43223	0.36115	0.30333	0.338474	0.396056	0.342617	0.431824	0.450598	0.382943	0.45099	0.405304	0.401369	0.382943	0.379706	0.515531	0.43223	0.3587	0.340034	0.497082	0.512446	0.531024	0.450598	0.382943	0.45099	0.472744	0.510044	0.446284	0.563552	0.512458	0.428561	0.441917	0.469749	0.470874	0.428144	0.491389	0.582014	0.600787	0.474982	0.474982	0.469382	0.394734	0.401369	0.387064	0.405304	0.470874	0.433463	0.372689	0.41006	0.439521	0.437919	0.474982	0.437919	0.424846	0.474982	0.474982	0.424846	0.447868	0.505541	0.479787	0.438323	0.424846	0.447868	0.498872	0.45412	0.424846	0.424846	0.399178	0.428144	0.439521	0.411784	0.372689	0.361157	0.415612	0.41221	0.372689	0.41006	0.439521	0.399178	0.428144	0.433463	0.40313	0.433463	0.45139	0.45139	0.40313	0.369836	0.382943	0.382943	0.382943	0.33587	0.382943	0.382943	0.344676	0.405304	0.352762	0.33587	0.382943	0.33587	0.382943	0.382943	0.392042	0.428144	0.346209	0.387064	0.405304	0.361157	0.415612	0.40313	0.346209	0.318637	0.392042	0.433463	0.372689	0.332179	0.344676	0.415612	0.42193	0.424846	0.424846	0.424846	0.411784	0.372689	0.332179	0.332179	0.372689	0.411784	0.424846	0.424846	0.424846	0.424846	0.424846	0.424846	0.424846	0.424846	0.424846	0.42193	0.415612	0.344676	0.318637	0.346209	0.399178	0.424846	0.424846	0.424846	0.439521	0.428144	0.399178	0.424846	0.424846	0.424846	0.438323	0.478686	0.515557	0.512811	0.447868	0.424846	0.452178	0.505546	0.512811	0.447868	0.452178	0.505199	0.537644	0.523019	0.505199	0.531052	0.571951	0.571951	0.531052	0.531052	0.557285	0.596685	0.567626	0.584757	0.619869	0.613004	0.583246	0.621568	0.587758	0.544489	0.583246	0.604608	0.552202	0.531052	0.571951	0.571951	0.531052	0.537644	0.523019	0.505199	0.526049	0.547388	0.531382	0.537644
0.927205	0.908788	0.927205	0.875617	0.750853	0.665796	0.593614	0.489512	0.401741	0.380102	0.380102	0.401741	0.38654	0.285928	0.191437	0.178079	0.178079	0.178079	0.0593598	0	0.212368	0.212368	0	0	0.106184	0.212368	0.106184	0	0	0.118719	0.237438	0.118719	0	0.118719	0.237438	0.118719	0.118719	0.207338	0.207338	0.207338	0.244753	0.300344	0.237449	0.191437	0.237438	0.191437	0.287154	0.394647	0.380102	0.401741	0.474891	0.474891	0.474891	0.523588	0.528951	0.571841	0.571841	0.571841	0.569986	0.569986	0.579799	0.621448	0.665255	0.621448	0.579799	0.569986	0.569986	0.579799	0.665788	0.712316	0.671587	0.714788	0.722147	0.714788	0.671587	0.665788	0.722132	0.665255	0.617463	0.571841	0.67	0.71478	0.765704	0.712316	0.671587	0.714788	0.773045	0.857726	0.814325	0.854843	0.864683	0.838207	0.808678	0.76017	0.764334	0.773045	0.814325	0.902943	0.949716	0.875617	0.875617	0.864683	0.773045	0.714788	0.682518	0.722147	0.764334	0.786153	0.750853	0.734245	0.803442	0.85609	0.875617	0.85609	0.849482	0.875617	0.875617	0.849482	0.877631	0.942656	0.942656	0.877631	0.849482	0.877631	0.927205	0.890381	0.849482	0.849482	0.803442	0.773045	0.803442	0.824649	0.750853	0.698339	0.750853	0.803442	0.750853	0.734245	0.803442	0.803442	0.773045	0.786153	0.786153	0.786153	0.824218	0.824218	0.786153	0.722147	0.671587	0.671587	0.671587	0.645918	0.671587	0.671587	0.665796	0.722147	0.682518	0.645918	0.671587	0.645918	0.671587	0.671587	0.698339	0.773045	0.698339	0.682518	0.722147	0.698339	0.750853	0.786153	0.698339	0.637132	0.698339	0.786153	0.750853	0.665796	0.665796	0.750853	0.824649	0.849482	0.849482	0.849482	0.824649	0.750853	0.665796	0.665796	0.750853	0.824649	0.849482	0.849482	0.849482	0.849482	0.849482	0.849482	0.849482	0.849482	0.849482	0.824649	0.750853	0.665796	0.637132	0.698339	0.803442	0.849482	0.849482	0.849482	0.803442	0.773045	0.803442	0.849482	0.849482	0.849482	0.877631	0.961527	1.0143	0.961527	0.877631	0.849482	0.908788	0.995014	0.961527	0.877631	0.908788	1.0143	1.0143	0.978952	1.0143	1.06181	1.08283	1.08283	1.06181	1.06181	1.09993	1.13492	1.11993	1.17278	1.22564	1.17278	1.15248	1.1871	1.11993	1.08964	1.15248	1.15248	1.08964	1.06181	1.08283	1.08283	1.06181	1.0143	0.978952	1.0143	1.03663	1.03083	1.04744	1.0143
79.0328	79.03	79.0271	79.0232	79.0203	79.0189	79.0175	79.0155	79.0141	79.0122	79.0093	79.0073	79.0059	79.004	79.002	78.9996	78.9967	78.9938	78.9919	78.9914	78.9894	78.9856	78.9836	78.9836	78.9827	78.9798	78.9768	78.9759	78.9759	78.9749	78.972	78.9691	78.9681	78.9671	78.9642	78.9613	78.9593	78.9569	78.954	78.9511	78.9481	78.9447	78.9418	78.9398	78.9369	78.934	78.9315	78.9276	78.9237	78.9217	78.9193	78.9154	78.9114	78.907	78.9031	78.8997	78.8957	78.8918	78.8873	78.8824	78.8785	78.875	78.8701	78.8651	78.8616	78.8577	78.8527	78.8488	78.8448	78.8393	78.8343	78.8299	78.8254	78.8209	78.8164	78.8119	78.8054	78.7984	78.7929	78.7884	78.7828	78.7758	78.7683	78.7612	78.7562	78.7516	78.7471	78.742	78.7365	78.7304	78.7243	78.7202	78.7157	78.7096	78.704	78.6994	78.6948	78.6887	78.681	78.6749	78.6708	78.6662	78.6615	78.6569	78.6528	78.6492	78.6446	78.6405	78.6379	78.6353	78.6327	78.6307	78.6276	78.6245	78.6234	78.6214	78.6172	78.6152	78.6147	78.6126	78.6095	78.6074	78.6069	78.6064	78.6038	78.6002	78.5986	78.5986	78.5976	78.5945	78.5913	78.5898	78.5882	78.5861	78.5841	78.582	78.5799	78.5773	78.5747	78.5726	78.5695	78.5658	78.5627	78.5596	78.5559	78.5517	78.5481	78.5444	78.5402	78.536	78.5318	78.5287	78.5255	78.5213	78.5187	78.5161	78.5124	78.5098	78.5066	78.5034	78.5003	78.4961	78.4929	78.4897	78.4865	78.4839	78.4802	78.477	78.4749	78.4723	78.4696	78.4685	78.4675	78.4648	78.4622	78.4606	78.4595	78.4579	78.4563	78.4558	78.4558	78.4558	78.4553	78.4537	78.4521	78.4521	78.4537	78.4553	78.4558	78.4558	78.4558	78.4558	78.4558	78.4558	78.4558	78.4558	78.4558	78.4563	78.4579	78.4595	78.46	78.4611	78.4632	78.4643	78.4643	78.4643	78.4654	78.4685	78.4717	78.4728	78.4728	78.4728	78.4733	78.4749	78.477	78.4791	78.4807	78.4813	78.4823	78.485	78.4876	78.4892	78.4908	78.4929	78.495	78.4982	78.5013	78.5024	78.5045	78.5087	78.5108	78.5108	78.5124	78.5161	78.5192	78.5213	78.5234	78.5255	78.5282	78.5318	78.535	78.5366	78.5387	78.5418	78.5439	78.5444	78.5465	78.5507	78.5528	78.5538	78.557	78.5601	78.5617	78.5643	78.5679	78.5705