15.5209	17.5078	18.0221	12.3962	4.48191	13.6359	16.9476	20.8771	13.6487	11.7224	19.3498	10.2655	1.25263	16.3213	24.0661	29.5532	27.1364	22.8552	20.0084	15.5686	5.37416	10.9315	17.8835	16.7948	14.7296	18.0338	11.5588	4.39594	14.365	9.97708	5.03888	1.00468	6.95395	10.4769	11.704	13.212	9.5111	5.58498	8.92832	8.30884	7.95669	7.93399	11.4235	11.8333	11.0059	12.3962	10.7496	8.82736	8.0945	6.42427	9.93936	6.97145	2.24566	4.34133	3.28928	3.54423	3.60504	2.65417	4.61789	4.27034	2.74149	4.96243	9.15598	9.21935	8.06239	7.10188	7.72786	5.54072	6.10869	6.65853	0.885796	1.29665	0.885796	2.28052	3.27165	3.63664	3.84415	4.70551	3.09671	3.83471	6.20175	7.13531	6.20626	1.98005	2.26536	3.65207	3.84397	2.51809	2.59211	3.41274	3.12686	2.80473	4.36029	4.43261	2.9629	1.32992	1.69745	3.52016	1.68764	2.35043	3.74941	1.07377	1.19741	0.228124	0.697886	1.87496	3.73184	4.86092	5.02049	5.78497	5.67439	4.2782	6.29413	7.06293	5.21096	2.01957	3.15936	8.03418	6.20407	2.5553	2.46391	0.959123	0.491393	1.14414	1.3723	2.11014	2.78131	2.5574	2.14531	1.04926	3.16591	3.93599	2.89744	0.228124	1.39928	0.936088	1.78812	3.12107	3.60299	1.20779	1.55351	2.22326	2.55081	2.55689	3.21109	0.912422	2.65254	2.74178	1.54957	5.29474	7.13563	7.2167	6.70897	5.92767	5.80342	5.84009	5.06949	4.52411	5.1563	6.83135	7.59499	3.82375	0.939413	1.4287	2.00509	3.19204	2.69028	1.00779	2.17984	2.79689	3.03042	1.12944	2.28733	3.25737	3.59624	3.13047	1.59906	4.08296	3.64783	2.38028	0.458518	3.29683	2.57926	2.99775	0.962392	1.28459	0.939413	1.51149	2.00668	1.14323	0.329011	1.12668	2.00869	0.822439	1.27073	1.60424	1.90462	1.15497	0.329011	0.292147	2.00248	2.09974	0.164507	0.367838	0.885784	0.979492	1.5728	2.82675	1.19739	0.045625	0.129043	0.266029	0.714091	1.22827	1.45465	0.912398	0.456252	1.06795	1.47247	1.5834	0.841232	1.16302	1.35624	0.564339	0.456252	0.577086	0.232644	0.367827	0.129043	0	0	0.045625	0.292132	0.228124	0.322616	1.3723	1.84479	1.00055	0.658	0.748282	1.00055	1.32606	1.35631	1.14866	1.03425	0.787552	0.510094	0.367833	0.812254	1.88044	1.78868	1.51633	2.51816	2.71913	2.23634	1.37226
23.0695	19.8894	11.3765	3.79167	13.2336	17.2004	16.896	14.4332	7.47308	16.0784	12.5379	4.12349	12.7603	17.6873	23.0582	23.3279	18.7733	14.736	8.66324	6.34228	12.3906	20.2623	20.2531	14.581	9.48039	15.8089	11.5552	1.97976	10.5723	9.06231	4.44966	8.22097	12.6895	14.6272	13.4996	11.3012	5.5546	8.98666	9.63524	7.48602	8.88814	9.37585	11.221	10.1765	8.03665	10.8849	9.91765	6.69036	5.79138	6.9025	11.7761	7.63275	2.51768	2.70815	4.15345	4.52951	3.46055	2.20036	3.65458	4.95566	5.4371	3.97507	7.50874	8.58864	8.52506	8.69666	8.77237	6.47357	6.62593	5.80825	0.576977	1.75433	0.731243	0.645102	1.69226	1.49394	1.65748	4.98779	5.37545	4.91144	5.56965	6.21059	4.95542	3.44016	4.60278	4.96789	3.55614	0.776773	2.34116	3.86111	4.67578	4.43502	4.32532	4.04792	2.94024	1.65748	1.35065	3.38668	2.28688	2.36452	3.58591	1.47075	0.456142	0.41054	0.848429	0.549291	1.64747	2.22621	2.22481	3.40388	5.31337	6.46266	7.71602	7.73287	3.33124	2.20973	5.25951	7.24886	5.20989	1.36668	1.68789	1.55054	1.17702	2.37245	3.77966	5.0734	4.85145	3.73693	3.19505	2.51437	3.85002	4.63505	2.65015	1.71721	1.58828	0.520099	1.08796	2.96758	3.25566	0.867846	1.7549	2.78183	1.77081	1.34753	3.71209	1.8314	2.64301	2.43673	3.32906	6.0327	4.55984	5.13123	4.91635	3.03572	2.63132	3.5713	4.61561	4.35588	2.37859	4.18048	7.38572	4.8827	2.88264	2.20079	1.55863	3.12988	3.98339	3.00825	2.43842	1.81545	3.10422	3.50924	1.11347	2.70753	4.05317	4.30454	2.90703	3.80544	3.21599	2.26357	1.12833	1.87016	1.91576	1.96127	1.10225	1.47219	1.36065	1.38711	1.77087	2.48408	2.97228	2.10784	1.36668	0.775413	1.3226	0.896134	1.96124	1.4855	0.503838	0.164476	1.35063	2.68285	2.61235	1.49603	1.27705	1.39533	1.68793	2.49104	1.29158	0.102003	0.0645095	0.367757	0.860602	1.00447	1.00964	1.18586	0.556815	1.00964	1.64426	1.89173	1.53308	1.06481	1.83535	1.15477	1.10225	1.00759	0.449269	0.332093	0.144254	0.0456163	0	0.0456163	0.430325	0.32255	0.69476	0.144249	1.25485	1.00449	0.742558	0.784784	0.713987	0.759181	1.03411	1.26727	0.979351	0.640232	0.413064	0.288505	0.780782	1.78081	2.1666	1.55997	1.83314	1.60658	1.04013	0.80696
15.2694	12.7211	7.04863	8.65037	11.2141	12.4978	10.361	5.1899	6.05424	8.67126	4.56141	12.5276	17.32	13.8868	13.2583	11.1702	6.5916	2.23365	9.66451	17.4796	18.8317	18.1447	11.8397	12.0426	12.136	16.1795	11.9087	5.34153	9.28693	10.371	9.9738	10.0801	11.1515	10.3866	8.73052	7.8014	5.05131	10.4768	11.6634	9.1018	10.3229	9.86915	9.02905	6.92788	5.17667	7.04739	8.63799	7.39753	6.78683	3.95413	10.7515	7.60457	5.07785	2.38644	6.20968	6.74936	5.28053	5.24474	4.8652	5.44821	6.54908	4.51717	4.8633	7.05213	7.42321	9.86856	10.8683	7.63002	6.74988	4.24708	1.3868	1.40763	1.15362	0.599849	0.664019	0.685604	1.92396	4.6995	5.80767	6.90353	5.8788	4.8759	5.25002	5.43421	5.25391	3.66751	1.63131	1.19346	3.36147	3.85465	3.72129	4.24973	3.78985	3.79331	2.55883	0.958755	0.531845	2.1928	2.66838	3.43584	3.6871	2.23411	1.19699	0.503738	0.840882	0.923389	1.5054	2.15034	3.31291	4.46434	5.44162	6.28682	6.72771	5.68676	1.48877	4.59166	4.87662	5.81139	4.4655	2.24108	2.62015	2.46722	2.19001	2.78133	2.51054	2.67501	4.10924	3.5297	2.48189	3.48114	4.19735	3.70361	1.71627	2.27823	2.29412	0.685604	1.09821	3.03128	2.50676	1.51781	2.47688	2.75325	1.19695	0.613549	3.0717	2.21121	1.52866	1.19699	4.23644	5.02146	1.38685	3.10525	4.39988	3.17288	2.42303	1.87983	0.967386	0.684065	1.32944	3.1827	6.68011	4.17751	3.07743	2.14058	0.664038	1.57221	1.5596	3.06128	3.6576	3.24276	3.91546	5.40533	5.12858	2.25628	0.644946	2.43117	3.03145	3.97512	2.96746	1.83277	0.966302	0.599849	0.696154	0.780625	0.40793	0.877233	0.923428	1.51842	0.957673	1.19694	1.4684	2.31448	1.43111	0.902887	1.26697	0.389659	2.10733	1.48871	0.412986	0.18243	0.322483	0.652967	1.23206	1.53279	2.20187	2.30684	1.99974	1.84407	0.939014	0.0456077	0	0.288441	0.840894	1.09633	0.784595	0.620292	0.571457	1.38682	1.65965	0.856809	0.501672	0.736788	1.85639	1.03989	0.837167	0.967367	0.305949	0.815818	0.754914	0.364857	0.0456077	0.0644973	0.367687	0.657718	0.856845	1.14095	0.721065	0.840882	0.203959	0.265941	0.509907	0.712397	0.877233	0.696154	0.430265	0.322494	0.322489	0.258001	0.456079	1.02481	1.8798	1.5294	0.18243	1.35349	1.15096	0.966335
2.42603	2.09704	8.23664	11.7925	11.2749	9.18162	4.90208	2.52101	1.89709	5.18196	7.4457	12.0615	14.8822	9.73927	5.72333	3.06649	4.82777	5.86454	18.3361	14.9511	13.7267	13.199	9.52936	12.0821	14.4693	14.1192	9.36027	4.52567	8.79865	8.47947	11.2934	13.838	13.7784	11.9473	10.1308	8.66571	3.79343	7.40437	10.2823	6.64701	6.74838	6.4688	5.97697	5.23549	4.2516	4.08804	7.20249	6.88935	6.89443	2.14767	7.63793	6.43949	6.31024	4.3159	5.39174	7.47113	2.79392	3.55925	3.99076	4.03352	4.82509	3.9249	2.45403	5.99178	6.34635	9.82289	11.1986	8.31376	7.63123	3.91138	1.24794	1.61849	1.39962	0.887961	0.877052	0.742263	2.7071	4.52106	5.47057	8.04724	6.7275	4.88881	4.89422	4.10669	2.53662	0.52881	0.980547	2.09769	3.49518	3.99636	3.50674	2.88158	2.87123	2.85493	1.57293	0.73418	0.84073	1.12604	1.29295	3.48044	3.64694	1.73955	1.7312	1.45956	1.61298	1.96327	1.62234	1.65401	2.38655	2.7356	3.31056	3.66585	3.36507	2.18443	2.11135	5.33023	5.06481	5.64104	4.36823	2.17109	2.07932	2.08633	1.95325	2.21322	1.95794	0.754734	3.51016	3.26591	1.10041	2.0569	2.15052	1.66511	1.69598	1.56663	2.73726	2.04756	2.06717	3.16146	1.9171	1.35721	2.08891	2.2115	1.29957	0.969911	1.99223	1.68385	0.626008	1.15564	4.32535	3.05122	0.440331	2.24993	3.68465	4.24356	3.96978	1.4991	2.41679	1.76696	2.0997	2.86882	6.17279	4.55158	3.76704	1.38146	1.55546	3.24849	2.0145	0.821986	1.92108	2.9028	3.50042	4.97599	6.63458	4.28049	1.80521	0.206458	1.84625	2.43817	1.73957	1.00721	0.442671	0.206458	0.297274	0.206455	0.152939	0.183819	0.500524	2.20803	0.811786	2.01438	1.14479	0.577222	1.58572	1.52172	1.29955	1.57164	2.49365	1.24794	0.193465	0.114	0.297267	0.398163	0.791364	0.114	0.232505	0.775467	0.858489	0.993172	0.425914	0.0455989	0.0644886	0.144199	0.502091	1.22439	1.25373	0.251825	0.757857	1.46523	1.2496	0.356854	0.144193	0.662722	1.50127	0.504664	1.24398	0.845966	0.665834	0.823564	0.869012	0.764662	0.232505	0.0455989	0.232511	1.1536	0.684329	1.57191	0.532249	1.24062	0.775487	0.584387	0.224553	0.257936	0.227986	0.0455989	0.113994	0.138682	0.193453	0.094003	0.132938	0.275491	0.808621	1.43679	1.57997	0.791399	1.38661	1.34571
11.9015	6.28059	6.91202	10.6754	11.047	10.1963	6.30202	4.13942	3.51495	5.62387	7.18745	9.84136	12.1002	6.60223	4.24717	6.77514	7.00441	8.46911	18.2302	10.3854	7.02189	7.90189	7.09401	10.521	11.8385	8.67014	4.1723	5.22717	11.0669	7.18954	4.98441	10.643	16.7245	19.2237	17.9499	12.9324	5.76226	3.00836	8.18163	5.22278	4.33186	4.25497	4.78374	5.48522	4.87697	3.47636	6.82868	7.46151	6.33603	2.32305	5.55339	4.8783	5.8613	4.39507	2.16923	7.16838	5.00544	1.01933	2.58472	4.24766	5.38922	5.6135	2.60459	5.23906	6.47766	9.96431	10.2811	7.58286	8.28277	4.61435	0.467692	1.01929	0.430077	0.540387	0.86285	1.21333	3.87599	4.91084	5.64145	8.46942	7.41522	6.68766	6.05962	3.66276	2.44528	1.24374	1.37593	2.46389	3.78648	4.33514	4.36956	2.82378	2.72505	2.0756	1.1355	0.550861	1.05755	0.76178	0.469908	3.11277	3.31561	1.7346	1.81874	2.21034	2.96308	2.35722	1.02846	1.0605	2.37069	2.14277	1.9671	1.51512	0.531639	2.11216	4.3318	6.08807	5.77441	5.75446	4.07343	1.7224	1.9869	1.85469	1.9142	2.33096	1.76412	1.1991	3.22159	2.84443	1.28687	1.46299	0.9188	0.749759	1.80074	0.74143	2.21951	2.37132	2.82812	3.56806	2.70946	2.42216	2.59775	1.96437	1.84073	2.52384	2.50435	1.59785	0.897928	1.91524	4.70088	1.45425	1.19304	2.45284	2.95759	4.83817	5.6394	2.28767	3.00652	2.77446	2.42131	3.59551	6.01024	4.91346	4.02386	1.30623	2.00017	3.12109	0.854393	0.957302	1.6259	2.74494	3.76714	5.06211	7.30511	6.04524	3.99571	2.93882	2.90247	1.93679	1.0683	0.548963	0.259908	0.0509701	0.0939874	0.193427	0.342679	0.447848	0.775317	2.11832	1.63147	2.04331	0.965928	0.173598	1.07509	1.54985	1.44373	1.12262	1.58295	0.501982	0.638642	0.80943	0.757702	0.497831	0.97555	0.310038	0.338874	0.246558	0.328743	0.652715	0.442595	0.274494	0.257901	0.187974	0.323966	1.06367	1.22416	0.935648	1.35468	1.25539	0.712462	0.173605	0.305818	0.907707	1.06319	0.341921	1.01163	0.387501	0.724384	0.961891	0.113972	0.98034	0.582467	0.068385	0.068385	1.241	1.03195	1.36817	0.506131	1.37687	0.491017	0.713935	0.79027	0.90746	0.808462	0.428281	0.122752	0.159565	0.09118	0.0821865	0.242306	0.265825	0.0644758	0.785954	1.96236	1.79211	0.512232	1.20964
13.607	8.46359	1.22837	9.21743	12.1117	12.1809	8.09992	8.43085	9.84014	9.77067	10.4114	10.561	7.73629	4.47527	9.15647	8.21288	11.1785	17.5456	18.5528	9.40354	2.06035	4.96355	6.71936	4.97329	2.93277	0.918662	3.0441	9.59416	16.4572	13.2049	10.2516	3.90192	4.35184	13.3145	21.0435	16.9387	8.08686	2.15299	6.93192	9.1934	8.25933	5.96274	4.3215	5.22909	5.11918	4.73438	5.34227	7.14523	5.59609	2.0299	4.18357	1.94652	5.54763	6.89487	2.9726	7.23031	8.87463	6.78359	4.18617	4.32629	6.36858	7.58392	5.88954	5.981	7.31383	10.1585	9.39221	6.63415	7.83114	4.63575	1.01635	0.752394	0.912132	1.73892	1.6192	2.56102	5.71351	6.36307	6.87133	9.38894	9.1228	9.09167	7.5823	5.06924	4.23161	2.96411	2.7994	3.77263	4.44897	4.34517	3.98136	3.189	3.32076	3.83041	2.81373	1.78423	1.15699	0.853318	1.40926	2.83142	3.44209	2.94768	2.30335	2.80937	3.81685	2.58721	0.779525	0.929591	2.16008	2.35349	2.68772	3.04758	4.54017	6.20332	7.01599	6.86166	6.2201	5.44002	3.53861	1.96838	2.90089	3.57379	3.51669	2.55792	1.32734	1.46113	3.04339	3.01259	2.73534	2.41444	1.56027	0.829552	2.0685	1.97244	2.52644	3.0187	3.34884	4.01045	4.06013	4.21785	3.17121	1.60244	1.37927	1.53085	1.04032	0.297159	0.619116	2.55287	4.16331	0.613644	2.92541	4.18588	5.19929	8.64042	10.2956	7.72022	6.78633	6.03474	4.78957	5.76493	6.58199	5.4332	4.39701	2.33682	2.25277	2.39591	1.30526	2.34251	3.44002	5.23159	6.72807	7.26905	8.82815	8.70326	7.03226	5.8195	5.67974	4.0303	2.082	0.647789	0.326317	0.430017	0.796004	0.967399	0.606842	0.145928	0.429996	1.17635	1.03181	1.09406	0.573833	0.356734	0.784809	0.785799	0.876715	1.19761	1.14755	0.229044	0.779494	0.662469	1.00682	0.859042	0.879348	0.641756	0.161155	0.34488	1.09621	1.84672	1.95836	1.70778	1.58715	1.17175	0.707943	0.958461	0.978856	1.34655	1.39073	0.939619	0.571581	0.403213	0.509607	1.17635	0.706831	0.556361	0.619108	0.887621	0.872276	0.791078	0.667153	1.11751	0.969495	0.161155	0.225609	1.08066	1.08258	0.689734	0.983106	1.04577	0.242274	0.480771	0.633638	0.744084	0.958225	1.13347	1.15323	0.937685	0.571128	0.33881	0.389435	0.297145	0.0322301	0.296277	1.19041	2.16839	1.82408	0.844424
12.068	10.3002	5.11902	4.59574	10.3836	13.1617	12.5406	12.0865	9.98432	5.55432	5.75974	5.97459	0.736197	9.15606	6.94359	6.32472	13.4706	16.8148	12.9271	4.71635	9.04724	9.53138	12.3612	13.6679	9.443	8.29908	7.17463	11.0377	19.3686	13.4575	12.6431	11.5128	7.92941	7.62148	18.1637	17.5671	9.2334	6.48056	3.14701	5.8393	7.51012	5.0772	1.85952	4.93238	3.6383	5.06375	2.14105	5.83927	6.63773	2.46111	3.08154	2.16667	5.44388	9.49529	3.92735	3.27877	7.16805	9.72508	7.79009	4.31617	4.13102	6.43744	5.26506	5.36239	7.25123	9.41161	8.10532	5.93904	6.92207	3.95066	0.582275	0.338749	1.10726	1.27458	0.726649	3.20334	6.67698	6.4643	6.38068	8.94396	9.33338	8.73693	5.81346	3.7818	5.01095	4.57017	4.56642	4.22943	3.9385	3.53879	2.94491	3.46655	2.78529	2.94961	3.03702	3.30595	1.23049	1.59222	1.91228	2.32472	2.50657	2.48227	2.57067	2.77322	3.62292	2.88924	1.51011	1.25118	1.72462	2.168	3.07497	4.55376	5.57019	6.16658	5.53597	4.8727	5.01688	4.25024	2.73467	1.7362	2.82182	3.57711	2.52806	1.2638	0.736197	0.855239	1.78343	1.98372	1.87908	1.51271	0.835623	0.227869	2.34574	2.15932	1.07688	1.92479	1.92803	2.38412	2.21147	2.82118	2.42149	1.56924	0.613505	1.35642	0.407618	0.85798	1.00092	1.85887	2.71867	1.96737	4.49528	5.20378	6.33062	9.99843	10.3757	7.75662	8.14516	6.74564	5.5515	6.9946	7.29003	6.22576	4.38012	3.18884	3.47745	2.37377	2.10249	2.95131	4.05082	5.90505	5.42336	5.31876	6.448	7.1	6.23035	5.42602	5.99674	5.13588	3.01358	1.13138	0.19601	0.469752	1.27603	1.06333	1.0718	0.418286	0.41267	0.461368	0.183708	0.392016	0.5511	0.323861	1.11729	0.580906	0.558604	0.872105	0.469749	0.0939495	0.692972	0.888582	0.615615	1.14482	0.601541	0.67629	0.128896	0.694097	1.69627	1.54175	1.85867	1.67804	1.60068	1.66308	0.800393	0.934439	0.925252	1.04535	0.677469	0.360289	0.305715	0.290029	0.456287	1.02399	0.46918	0.479047	0.757432	1.08243	1.11735	0.917077	0.592426	1.0679	0.994686	0.483374	0.57145	0.968773	0.97996	0.440062	0.580937	0.164319	0.278148	0.232378	0.0720581	0.101902	0.246477	0.565999	0.876562	1.03336	0.857699	0.639621	0.582247	0.278134	0.122711	0.0821596	0.367412	1.29221	2.08775	1.26133
13.2742	12.9423	9.76319	4.21068	11.2345	14.3247	14.0167	9.72536	8.72592	8.09812	5.7862	3.93055	11.4485	14.7264	12.9571	15.1425	17.2879	11.9852	4.80497	8.57138	12.8008	8.8359	9.38769	14.997	13.0361	11.3725	9.88013	10.3901	19.7148	13.5072	10.5547	13.0361	11.4651	9.38741	13.9602	15.0942	10.139	8.49392	4.4446	1.48068	6.81167	5.07316	0.80801	5.33023	3.90817	4.76977	3.78988	2.43712	6.58447	1.81766	4.16147	5.66391	7.07703	9.81052	6.73094	3.99698	4.98895	9.8885	9.01844	6.23141	3.65517	6.85577	7.27498	6.4132	6.78306	8.09455	6.97978	5.56167	6.57596	3.55083	0.484356	0.393278	1.05181	1.7363	1.32821	3.70661	7.07055	6.13687	5.56167	8.38696	8.77663	7.89822	3.9246	3.66797	5.74764	5.6601	5.95763	4.89562	4.4131	4.13454	3.0907	3.19652	3.07601	1.23973	2.59517	4.01707	1.85414	2.00249	2.13158	2.66138	2.79936	3.2406	3.9701	3.39985	3.17051	2.36464	1.58123	0.709489	1.2744	2.33679	3.30976	4.23557	4.45832	4.64231	3.97216	4.37942	4.89054	3.9883	2.32143	1.38554	2.56625	2.93192	1.40702	0.615514	0.784512	1.00077	1.5545	1.93028	1.95298	1.81514	1.68536	0.644343	2.55007	2.57753	0.895134	2.04719	1.71796	1.25631	0.116167	1.62873	1.93914	3.22447	2.58866	2.17489	1.15481	1.22579	1.4239	2.29632	3.95618	5.33589	7.19862	7.21744	7.32668	9.10984	7.99022	4.16147	7.92305	9.54628	8.89044	8.82471	8.51625	6.51294	4.04016	3.91828	5.16213	5.31448	5.34491	4.39882	4.44346	6.27593	4.53161	5.12086	5.40701	5.20457	4.35924	4.5343	6.23722	5.43447	3.12603	1.71525	0.851135	0.981369	1.15343	0.432259	0.936476	1.21264	0.888724	0.457902	0.265687	0.318946	0.487534	0.257755	0.974997	0.7658	0.831418	0.360218	0.257741	0.457907	0.277157	0.68495	0.969171	0.995023	0.540057	0.897419	0.418844	0.664161	1.6108	0.840093	0.433452	0.773895	1.0805	1.88565	0.683413	0.389288	0.322193	0.322182	0.206299	0.265687	0.195983	0.0644358	0.303945	0.879906	0.71314	0.259758	0.360221	0.331704	0.195983	0.173506	0.132844	0.562648	1.11271	1.21949	1.23341	1.09955	1.04885	1.16195	0.715354	0.929259	1.0709	1.17264	0.795709	0.297041	0.0720421	0.144089	0.297041	0.550526	0.354392	0.843163	1.0389	0.483283	0.173499	0.227826	0.360221	0.16428	1.11827	1.80482
11.9886	13.4357	10.2312	3.89224	12.7048	13.8586	11.7066	3.70168	7.42544	10.2403	7.96178	8.68952	15.7633	15.8882	14.762	16.5201	13.3991	4.27753	5.03938	11.1766	13.351	10.9179	8.80302	13.5456	12.422	10.9169	11.1825	10.0319	17.9394	14.9132	8.10326	12.6899	12.4425	9.38146	9.1602	11.3407	11.1703	9.33313	5.45418	1.8337	6.98399	6.07131	0.655808	5.17355	5.59204	3.39214	6.03481	0.915568	4.92938	5.6025	5.76649	4.43292	8.24283	8.09113	6.40352	4.44479	3.75732	9.40166	9.0694	7.34947	4.90103	5.38263	6.9967	6.89985	6.38141	6.80202	6.33424	5.28183	6.27323	3.01078	0.44925	0.306449	0.726688	0.744671	0.774374	3.23705	6.99404	7.09279	6.49536	8.62507	8.27442	7.86895	3.65648	4.48247	6.30418	5.98919	6.64556	5.13463	3.90798	3.4428	2.27571	2.0812	2.87309	1.45494	2.18001	3.89265	2.01707	1.69247	1.69201	2.39894	2.33164	2.51229	4.51387	4.13353	3.05719	2.17282	1.97545	1.16243	2.20323	2.65576	3.36743	3.79619	4.11973	4.45097	4.26354	4.60898	4.28712	3.28534	1.88388	1.59894	2.76884	1.77854	0.728847	0.765322	0.309802	1.26271	2.00187	2.32702	2.40588	2.6351	3.18119	1.89205	2.21216	2.39723	0.647456	2.21216	1.80585	0.936317	1.45643	2.33105	1.64919	2.0898	1.90425	1.63024	1.9525	2.26604	1.79313	2.56326	3.32572	4.68538	6.39348	6.44936	6.44556	7.31487	5.86537	2.79979	5.31148	6.16333	8.6158	9.50875	9.80554	6.55164	3.25379	3.22819	4.30657	4.99082	5.39477	4.61892	4.22469	6.14623	4.00758	5.1251	6.28048	5.13493	3.86182	4.31283	6.80944	5.60754	3.06599	1.99736	1.32651	1.55414	0.662076	0.277103	0.825326	1.48723	1.49761	0.741883	0.26661	0.316443	0.072028	0.210006	0.323718	0.386557	0.377042	0.164257	0.473948	0.531719	0.209993	0.412517	0.562562	0.389883	0.638137	1.00441	0.26661	0.591313	0.950289	0.957904	0.669862	0.43216	1.27612	1.74632	0.805235	0.116142	0.161067	0.18364	0.370785	0.360149	0.367277	0.250553	0.0509312	0.591313	1.02992	0.57666	0.227783	0.303885	0.144056	0.389211	0.210006	0.370785	0.677219	0.884467	1.37564	1.04987	0.917003	1.32206	1.16866	1.0887	0.968986	1.04495	1.07067	0.727764	0.0683331	0.138552	0.319695	0.48263	0.365148	1.28362	1.32633	0.679502	0.591313	0.274269	0.232289	0.825275	0.789673	1.47181
11.4843	14.2262	12.0569	5.28772	14.6932	12.5402	10.6119	9.21161	6.57374	10.0691	10.9621	17.8513	18.5472	13.0237	8.2395	7.23424	5.12971	9.93091	11.6376	11.7334	12.5012	12.9244	9.05926	10.6487	12.036	11.6384	13.8956	16.122	17.0823	13.8394	6.97313	9.07823	11.9528	10.1564	8.68705	9.75052	11.381	9.83093	6.85707	3.44577	7.31716	7.8491	2.84498	5.35831	7.80536	3.0262	7.1642	3.28416	4.51929	7.32616	6.8814	2.09619	8.4784	7.35096	6.32849	4.88558	3.25358	9.16206	9.30381	8.05093	5.83039	2.52299	4.43617	5.62401	5.28106	5.24714	5.41428	5.32126	5.62264	2.61557	0.491602	1.17082	3.15567	4.20418	4.73946	4.9614	6.04195	6.51574	6.66731	8.92309	8.29057	7.9507	3.80202	4.8323	6.22359	5.46333	7.25738	5.56817	3.59209	2.85799	1.92088	1.71396	1.64833	2.16255	1.1015	2.93255	1.15924	0.720135	1.02345	2.15174	3.25698	4.27167	5.99462	4.57	1.88659	1.64176	2.99408	4.05539	4.53455	4.44139	4.12965	3.33828	3.73398	4.73676	5.13216	5.23108	4.04725	2.42287	1.74341	2.32656	2.76105	0.902301	0.644094	0.915402	1.29442	1.18796	1.29169	1.96624	2.38673	2.49977	3.28712	4.0864	4.70887	3.81396	2.55264	3.07083	2.25899	1.72579	1.97648	1.04745	1.16643	2.99129	2.9415	2.89903	3.9368	3.68867	2.94729	3.1375	2.67028	2.46178	3.12348	4.13881	4.53652	5.45842	5.41928	4.74001	5.6574	7.12119	9.27812	7.98926	8.44547	6.20886	3.57839	2.89865	3.31239	4.49149	4.50259	4.14981	3.66292	3.2618	3.03792	6.07634	6.48231	4.43711	3.54742	3.66992	6.34581	5.79095	3.48001	2.1889	1.27058	1.59045	1.29808	0.821044	1.27019	1.57281	2.30503	1.38608	0.670145	0.890732	0.94715	0.605089	0.277044	0.0720143	0.277049	0.520305	0.303834	0.483087	0.641693	0.501	0.161032	0.0720143	0.61946	0.893021	0.503068	0.842837	0.928881	0.867104	0.87483	0.906841	1.83058	1.45787	0.652086	0.0455466	0.277049	0.691476	0.922185	0.783584	0.96666	1.35589	1.20231	0.39181	0.815322	0.652086	0.132793	0.305526	0.25966	0.483079	0.203685	0.432078	0.524279	0.478771	1.12888	0.795376	0.682421	0.979436	1.17528	1.04302	0.663933	0.677079	1.22957	1.3214	0.734393	0.641693	0.492662	0.25965	0.570665	1.32763	1.1024	0.348356	0.792107	0.535998	0.38782	1.15432	0.670133	0.951481
11.6687	15.6065	15.235	6.20674	16.5077	13.4592	12.3155	12.0301	10.3158	10.3993	13.3887	16.9213	13.4761	6.35037	3.374	2.82849	9.94313	13.9578	11.2799	10.5414	12.04	14.1095	10.3945	8.96316	12.3997	12.6837	13.0849	14.4319	13.1905	10.2098	8.18757	6.93187	10.1638	9.79113	8.0822	6.97828	9.13538	9.35393	7.45838	1.80553	5.96526	7.86335	6.08	6.38322	8.1401	2.11465	6.44667	3.95648	4.1383	7.43289	6.3997	2.312	8.46868	7.88969	7.85357	6.01608	3.74275	8.69191	9.66435	8.87837	6.75071	5.45263	4.33512	4.30161	3.56506	3.32335	4.4459	5.89757	5.12557	2.31635	1.0383	2.48687	3.67789	2.50465	2.26045	4.15996	6.06175	5.91337	5.35128	8.26572	8.1737	8.13754	4.16418	4.85995	5.50577	4.35518	7.37886	5.83141	3.49124	2.80567	3.57438	3.13733	0.309684	1.50258	1.07679	2.65304	2.16055	1.34489	1.60463	2.80756	3.90204	3.89287	4.9481	2.86908	0.41046	1.28863	2.30793	3.63571	4.03577	4.28633	4.10243	2.86378	3.47014	5.07412	5.0982	4.67204	3.60306	2.44293	1.64967	2.00133	1.67411	1.24544	1.2074	0.842677	1.89128	1.72178	1.25397	1.8351	1.91895	2.28566	1.76388	2.61144	2.76824	1.5218	0.982945	3.0628	2.1602	1.43866	0.714575	1.04452	2.6182	3.55108	3.08069	3.23377	3.85821	3.35628	2.66832	2.82498	2.70976	1.73728	1.01533	3.72861	4.95257	5.69957	6.2287	6.00216	6.26566	8.89613	8.55059	5.47985	5.19984	4.72044	3.41404	2.60008	2.36898	3.04144	2.62692	2.33698	1.78911	0.418587	3.1764	5.92502	5.04554	3.20904	3.28657	3.19756	5.65016	5.98694	4.00259	2.19062	0.846972	0.889089	1.16664	1.83502	2.03256	0.875892	2.40011	1.85969	0.865156	0.982945	1.04455	0.937872	0.590645	0.022769	0.417966	0.460461	0.375506	0.299474	0.34154	0.216008	0.0820968	0.0509141	0.410457	0.591088	0.663004	1.15589	1.15902	0.822773	0.86993	1.18073	2.12735	0.999639	0.464383	0.326006	0.79719	1.15278	0.988476	0.772779	0.825316	0.942587	1.27485	0.867844	0.613039	0.637896	0.273226	0.274174	0.1734	0.216001	0.266498	0.132768	0.245233	0.122617	0.822446	0.482995	0.726094	0.91779	0.966477	0.909851	0.660289	0.644799	1.07606	1.38882	1.01051	0.898097	0.789368	0.51971	0.879399	1.08609	0.869912	0.0938777	0.78505	0.550679	0.227689	1.00403	0.580466	0.87851
13.896	17.8129	15.1047	0.849902	13.1301	7.94729	6.11812	10.3039	15.4521	15.6924	9.71764	6.63671	4.10034	11.0492	11.4488	8.38712	7.65796	14.7906	13.8875	8.09069	8.61599	10.4052	8.42574	3.84207	4.22507	7.82611	7.24215	6.76097	6.00798	6.53173	7.81883	5.08038	6.69344	8.582	8.70458	7.30095	6.35187	7.69486	8.04418	2.8102	3.94718	6.48352	7.05014	7.60744	5.67379	1.19494	4.27567	5.58865	5.84441	7.12605	5.94164	3.21117	9.56991	9.37928	9.86133	6.97458	4.75549	8.76516	9.70478	8.97582	6.59542	6.43915	5.20469	1.04805	1.06278	2.82436	4.90217	5.92234	4.47031	1.44662	1.33995	2.74795	3.93217	4.17901	3.87135	5.41107	6.85769	7.13981	6.77651	7.05335	7.04851	7.24564	4.5045	4.45214	4.7317	3.88728	5.83021	5.56618	5.06096	3.642	4.72127	4.37273	0.95058	0.864993	1.22359	2.82504	2.77113	1.27786	1.82995	2.49237	2.66604	2.56108	4.18127	4.6952	4.68086	4.02737	3.90229	3.86726	3.74914	4.13793	3.91547	2.83539	2.65384	5.28243	4.53991	2.82384	2.21917	2.59875	0.530932	1.5076	1.00772	1.69392	2.31697	2.13942	2.13088	1.78754	0.835116	0.711136	2.00916	3.38027	2.16467	1.68746	0.520088	1.73496	2.73013	2.89091	1.80484	1.296	2.2056	3.45501	4.46088	3.90344	2.82519	2.97201	3.27096	2.48388	1.93789	1.3751	0.639006	1.7701	3.18416	4.96288	6.83701	7.66523	7.73089	7.20333	8.03446	8.79236	7.28069	5.71225	4.0584	3.33692	2.95236	2.51734	2.43898	3.80078	4.5367	4.12711	3.22028	1.96494	2.92141	4.46213	3.26059	2.48923	3.07216	3.40682	5.62707	5.79681	3.66728	1.99829	1.01029	0.418508	0.487161	2.23161	2.39479	0.143979	1.97249	1.78754	0.866798	0.849881	0.82075	1.40227	0.98746	0.12878	0.44724	0.575896	0.63495	0.321936	0.0455294	0.06439	0.0455294	0	0.289737	0.641423	0.973204	0.807357	1.35798	1.34457	0.684427	1.20653	1.86572	1.33262	1.30436	1.37058	1.56957	1.26689	0.651075	0.32194	0.259549	0.437869	0.960358	1.48516	1.17484	0.604861	0.39297	0.491416	0.590993	0.403391	0.30372	0.367073	0.323552	0.346744	0.916203	1.20187	1.0628	1.10204	1.01084	0.937445	0.947343	1.01084	1.32328	1.69392	1.2525	0.979076	0.960377	1.01798	0.915056	0.79507	0.783248	0.164154	0.810552	0.555725	0.21596	0.897885	0.647856	0.719827
17.1125	16.4132	6.72608	9.49216	15.1393	8.70085	4.74301	1.74825	3.74947	6.82277	3.46778	2.93041	9.93577	15.9387	15.2541	14.9838	4.0231	10.0731	16.8833	13.5998	12.0711	12.4472	12.4185	12.9214	9.7126	3.61854	5.34674	7.83927	8.04302	8.47795	8.43796	6.13167	6.21702	7.56527	8.09061	8.43644	6.61774	5.8063	6.45457	4.50102	1.67458	5.74487	7.39589	7.24758	6.43783	5.55502	5.35554	5.63606	5.43347	5.74068	4.97103	4.22391	11.2837	10.5753	9.89915	5.85359	4.72517	9.90015	10.4717	8.34784	5.84555	6.18176	6.79514	4.43086	2.05936	4.23006	5.94034	4.89012	3.43914	0.651712	1.07825	1.37535	2.30702	2.68385	5.00611	9.30034	9.72602	7.96004	6.23757	4.51078	4.17738	5.74787	5.55495	4.20827	3.98951	3.94875	3.96045	3.31716	2.84627	3.78255	6.23538	5.81411	1.08191	3.00751	2.9269	4.21765	3.59453	2.46435	3.04544	2.73877	1.16619	1.26398	3.33024	4.99986	5.16136	5.13013	5.42116	4.25866	3.32662	4.08772	4.41676	5.24815	4.65439	5.84069	5.16424	3.52452	3.11543	4.41843	2.05834	2.294	1.95634	1.59772	2.01925	2.29526	2.2949	1.90806	0.595691	0.723312	2.63378	2.91871	0.912887	2.27761	0.70702	3.12322	3.33913	3.40594	3.58467	4.21226	5.08475	5.64651	5.3885	4.60206	4.88639	5.58921	4.41723	1.99905	0.982544	0.455763	2.30305	4.92763	6.27144	7.18646	8.46316	9.04591	9.19767	8.06257	8.56235	8.3587	7.51384	6.69553	5.24404	4.13899	4.13824	3.7928	4.02213	5.21611	5.81924	5.55714	5.1289	3.33782	3.28278	4.46098	2.78326	1.71629	2.4517	3.93359	5.72999	5.06055	3.14065	1.78807	1.54145	0.933077	0.480121	1.89291	2.80475	1.83639	1.04015	1.37013	2.54765	2.25264	1.7522	2.20393	1.58054	0	0.224157	0.296764	0.42763	0.29148	0.182082	0.0455206	0.101784	0.0643778	0.241936	0.790006	0.967659	0.347426	1.35812	2.11227	0.757591	1.31925	1.1677	0.783094	0.101784	1.04908	1.56232	1.35722	1.26236	1.10978	0.595691	0.962585	1.25681	2.20673	3.0687	3.52029	3.16937	2.00228	1.20179	0.550477	0.659999	0.694827	0.666273	0.614924	1.1662	1.42076	1.25682	1.19256	1.2115	1.14289	1.06988	0.890228	0.99983	1.69574	1.74508	1.46437	1.3654	1.32303	0.836853	0.502776	0.643711	0.265434	0.794914	0.42942	0.12257	0.73465	0.813273	0.42942
11.408	6.69705	8.25775	14.9625	16.0508	12.405	12.7809	13.2627	18.5465	18.493	13.5421	9.56512	11.0235	13.9783	10.2735	17.0496	13.5307	7.07232	11.0611	9.90482	9.92691	9.78036	7.99316	11.8989	15.0467	11.5824	7.37793	5.93984	5.76484	6.3168	6.76202	5.15318	2.47326	2.41119	2.81256	1.98359	1.96842	3.75884	5.80139	3.38348	2.87593	4.75807	7.72387	8.64812	9.06314	8.97661	7.07456	3.74774	3.62764	4.42922	2.72937	5.04027	10.8664	10.3791	10.131	7.32993	3.5933	8.94102	10.4476	7.95656	5.4106	5.08649	5.85173	5.141	3.89047	6.29382	6.83692	3.70923	1.84748	0.187647	1.30301	0.911299	1.05061	3.83691	8.64357	12.6624	9.98215	5.49473	2.42733	0.431762	2.53156	4.91188	4.81742	3.05563	3.55263	4.65965	5.10824	4.46986	2.96232	2.68477	5.50797	6.75871	2.84782	3.51065	2.17689	5.87066	3.932	3.03413	2.63661	1.3929	1.05553	0.710862	1.60865	1.84755	2.43804	3.23309	3.90196	3.69595	0.814102	3.17763	1.31957	2.97556	3.417	4.06912	4.27706	2.50192	1.03874	4.44486	3.37503	3.50741	2.04314	1.01041	0.203538	0.637139	0.959978	0.591621	1.55634	3.02877	3.67274	2.37618	1.20908	1.84355	1.80449	2.44935	2.79917	1.92799	2.50197	4.59784	5.80357	5.32053	3.95226	3.10583	2.9487	2.85444	2.7471	2.12296	1.03973	0.972847	2.96916	6.25569	6.22115	5.32053	5.36347	6.4262	7.65902	5.96823	5.70286	4.93444	4.00737	3.78301	4.04697	4.10852	4.52538	4.53377	4.32789	4.1454	4.14814	3.88824	4.34963	3.48443	2.50197	3.91206	2.52248	1.32664	1.7906	4.25753	5.87553	4.98794	3.26721	1.34753	1.14848	0.820406	0.633892	1.16993	1.7837	2.24011	1.85703	1.73247	2.0017	2.38361	2.17834	2.9556	2.50192	0.245092	0.227564	0.375299	0.305306	0.287844	0.331332	0.328195	0.305306	0.227564	0.273069	0.757405	0.805111	0.182047	0.903284	1.89334	0.582831	0.693168	1.06622	1.4821	1.1602	1.82097	1.41348	0.455108	0.651609	0.972828	0.475153	0.579235	0.855008	0.64359	1.0377	1.48215	1.91299	1.97517	2.12053	0.64359	1.28862	0.68868	0.955659	0.684162	0.85863	0.318579	0.45512	0.492285	0.591632	0.419586	0.419579	0.12873	0.276833	0.464126	1.18316	1.38694	1.45681	1.54772	1.3445	0.757442	0.164091	0.245092	0.455097	0.419586	0.182047	0.483773	0.869411	0.227558
3.02231	8.61894	11.4722	12.584	11.7854	7.80401	10.5868	9.83533	13.2175	12.5256	14.213	14.8787	12.8646	13.1969	8.39646	15.6283	17.3854	14.1821	12.8558	11.369	9.94529	7.64554	3.37837	4.86464	9.92107	12.5939	14.2091	15.0382	17.072	18.6719	17.2998	13.3602	9.69809	4.03257	1.23765	1.80588	2.90161	4.32986	5.58056	3.36826	3.2196	3.47598	3.45232	2.9383	3.8297	4.17554	8.32275	6.04305	5.59323	6.28645	4.12175	6.29815	8.26913	9.39525	11.9956	11.5836	8.24636	7.53292	7.34334	6.69467	6.63795	6.17529	5.30058	3.92759	4.1133	7.13845	7.73914	3.15486	0.530651	0.598475	1.59996	1.09573	1.23177	4.65718	9.55222	12.0853	6.51537	2.21733	0.785465	3.43647	3.65496	4.0454	4.78054	2.56104	1.80578	5.60409	5.86475	3.33386	2.51759	4.13065	5.45912	6.14271	3.98455	1.97477	3.27574	6.44691	3.5934	3.21475	2.16641	0.375228	0.937971	1.50605	2.40162	1.69845	1.93519	1.93678	2.59827	3.28054	3.45194	1.04742	3.41712	2.01418	1.89192	3.23621	4.52826	2.93296	0.696024	2.94978	2.80466	3.8145	3.03269	2.94428	1.75063	0.863311	0.193048	0.959824	3.6186	5.76228	6.26779	5.8041	4.91328	3.13499	1.52047	0.321755	3.04954	3.49785	3.08914	5.40045	3.86298	2.31545	1.95378	1.96064	1.41691	0.245036	4.26858	4.54643	3.0337	1.75535	3.21411	7.143	6.22527	3.48378	3.38451	4.54079	5.93331	3.95152	4.31112	4.38932	4.07988	3.71972	3.18233	2.87157	4.45404	5.19247	4.08591	3.17163	3.10724	2.3011	3.49253	2.25796	1.5494	3.48397	2.84655	1.59804	2.59549	4.90938	5.70156	4.92747	3.09147	1.18026	0.883433	0.0455032	0.591509	1.00198	0.406977	0.331269	1.36487	3.27771	3.72763	1.01737	0.909988	2.87145	3.03358	1.22505	0.63214	0.346545	0.227521	0.227515	0.187616	0.227521	0.227521	0.227521	0.412044	0.633749	0.514782	0.101746	0.846325	1.45077	0.291353	0.514782	1.5467	1.35033	0.245045	1.41686	1.85659	0.684028	0.91453	1.0051	0.25741	0.16406	0.68856	1.44584	2.18786	2.61851	2.37186	2.1831	1.58435	0.982195	1.03751	0.740677	0.412044	0.593282	0.532577	0.0643495	0.0455032	0.232018	0.532577	0.366845	0.375219	0.419523	0.651486	0.386112	0.276781	0.164068	0.265319	0.5479	0.464029	0.729435	0.575565	0.63214	0.794644	0.774842	0.366856	0.431666	0.804959	0.227515
11.2758	10.8088	11.9111	12.1712	10.0416	7.54293	10.179	8.15222	6.24209	6.83747	8.55226	12.7503	13.3867	10.5678	7.96942	10.8174	15.7047	14.2318	11.7694	10.8487	10.2611	9.58306	9.45477	8.47392	4.04716	4.22364	8.75466	9.25666	9.90437	11.5795	14.1624	11.4328	10.4021	8.30348	2.03631	1.36462	2.22993	3.08153	3.02754	4.20784	9.11649	14.0613	16.709	16.149	13.9939	8.00612	1.67723	4.38472	3.61887	3.9645	5.05993	9.38562	10.1751	8.04091	9.63454	12.323	11.6486	9.02313	4.95576	2.92921	6.52898	8.26976	5.65097	3.92318	5.08452	6.69456	7.10509	3.70748	0.136484	0.906384	1.42462	1.74726	1.38341	3.72686	9.44004	10.8064	7.20962	5.88748	6.28932	5.74001	4.18036	3.27234	4.7849	4.34858	2.54808	8.30047	6.86903	3.03207	3.19886	3.37373	3.76397	5.0597	4.32918	1.22481	4.27159	5.64373	3.69441	3.09588	1.312	1.52559	2.30067	2.85478	3.1373	1.85187	1.36839	1.41664	2.30507	1.73067	3.93817	2.31896	2.25432	2.53702	2.13091	2.11535	4.58593	3.55498	1.32612	1.70477	1.69266	1.33855	0.328071	1.51465	1.18616	0.265281	0.694395	2.22996	4.93181	6.57377	6.0068	5.85188	6.60258	4.49472	2.10661	1.73365	1.38859	4.31442	4.50578	5.25714	2.11973	0.921133	1.13812	1.50167	1.62854	3.00441	6.54045	5.68628	4.31105	3.98888	4.67996	7.40244	6.54347	3.26509	2.54485	3.97275	5.17799	4.16485	3.45166	3.07629	3.60777	4.37067	4.02629	2.16038	4.33725	4.44323	2.66415	2.37141	2.0302	2.66711	4.05108	1.26464	1.80203	3.4848	2.72794	0.547796	2.51044	4.91236	4.46344	4.04424	3.06411	2.03622	0.875019	0.598362	0.81376	0.973508	0.893743	1.03135	1.22478	1.24156	3.76947	3.07255	0.774719	2.15453	2.35952	1.41297	0.777351	0.0643408	0.0909892	0.164029	0.101727	0	0.136484	0.164037	0.366776	0.366787	0.733556	0.959643	1.25813	1.74315	1.15971	0.712051	2.02604	0.682369	0.820107	1.45622	1.55442	0.227466	1.06486	0.914358	0.896085	0.662392	0.468396	0.676313	1.00181	1.16598	1.7319	1.36309	0.363952	0.547826	0.419443	0.532476	0.492075	0.257362	0.181978	0.32169	0.676306	0.612061	0.128675	0.547826	0.809976	0.937837	0.915503	0.683904	0.48359	0.305191	0.727875	0.68843	0.265281	0.386018	0.35531	0.231974	0.411962	0.694395	0.227466	0.321684	0.707675	0.187576
12.6904	11.8886	11.7417	12.0917	9.51625	7.78413	7.4134	9.27768	4.30955	7.06336	10.4264	5.81434	7.0477	7.0947	7.96214	7.86551	12.4654	12.3739	8.74712	3.96454	5.03739	5.23329	6.11991	8.07359	9.38619	8.62456	6.50389	3.2797	2.42	5.86038	12.3509	10.4013	8.44154	7.46837	7.83673	11.7462	13.1537	11.94	8.45335	13.9192	19.3552	18.8473	15.6898	14.5205	15.6559	12.75	7.23966	4.91418	6.10991	8.54093	6.75457	2.01912	10.4345	11.5369	10.7836	12.0475	12.6038	10.6983	7.27279	4.31907	5.22395	7.24378	5.90427	5.02342	6.10961	7.50245	7.64244	3.80052	0.997513	1.02209	2.70269	6.02572	5.89247	5.39749	7.60365	7.35253	5.9112	7.62688	7.70068	4.43769	4.31359	3.64095	5.17608	4.46992	4.68014	10.5536	7.27708	3.64785	3.45996	2.54316	3.68619	5.5762	3.74543	0.809774	4.44875	5.13858	4.04622	2.37996	2.0099	3.1963	3.0971	2.44382	1.76577	0.411882	0.598245	1.53404	1.53874	0.774525	2.37951	2.33045	3.22608	3.63427	3.36398	4.02351	5.15481	3.46369	0.593039	1.8103	2.34028	3.67911	4.84047	5.22205	5.15976	4.50312	3.09546	3.41495	4.66489	5.92528	5.67425	3.60681	6.53919	5.76993	3.10607	3.27559	2.93866	4.40895	4.41913	4.24084	1.96355	0.873713	1.11034	2.57463	4.19629	5.83412	7.23911	5.21567	4.26882	4.52222	5.54391	6.98369	6.05705	3.59583	2.52116	3.92251	4.33676	4.602	3.00936	2.32561	3.00069	3.30781	4.4183	1.91191	3.67022	4.01384	1.78267	2.72868	2.00526	4.01691	4.24084	0.4315	2.36255	3.59776	2.42594	1.10099	2.37996	4.87854	3.77004	3.56819	3.45981	3.03782	0.838646	1.10003	1.2943	0.937602	1.19027	0.244942	1.39501	0.838684	1.99326	2.89467	1.5388	1.51164	1.57588	1.51162	1.03709	0.0643287	0.101707	0.0643246	0.143841	0.143841	0.29124	0.305133	0.745958	0.883116	0.956219	0.287681	0.489875	1.4445	1.94607	0.530422	2.194	0.727734	0.834927	1.06172	0.805944	0.858185	1.23129	1.04704	1.00165	1.3854	1.26447	1.00165	1.18334	1.26365	1.4848	0.972294	0.518588	0.502392	0.638401	0.406841	0.719135	0	0	0.419338	0.682235	0.321633	0.547688	0.388633	0.385966	0.328009	0.187545	0.575325	0.818689	0.643246	0.752863	0.429117	0.777231	0.805972	0.740406	0.28767	0.598257	0.547702	0.136457	0.35524	0.745958	0.388633
10.8934	11.8319	9.11751	6.29456	5.12665	5.79699	3.9148	6.21648	6.98312	7.5227	10.8704	8.41999	5.5548	6.71823	8.47256	7.91655	9.86755	11.4957	10.8037	6.47432	2.72233	6.19206	7.04343	6.37963	7.5255	11.6787	12.24	10.6441	7.41681	6.43203	10.3788	8.84964	7.25678	7.85674	11.8573	13.1987	12.4732	13.4062	11.9542	17.5185	14.6953	10.3308	8.81366	10.4277	12.9546	10.6949	7.49316	11.735	15.0284	15.6094	16.3528	13.1342	3.14005	8.13414	11.9153	10.7735	10.361	10.79	9.58767	5.61699	4.09505	5.63562	5.22077	3.37388	4.98008	9.61845	9.76515	3.27983	1.13678	1.37085	9.3149	13.1244	11.3377	10.5121	7.80369	3.12258	1.86445	1.54856	0.983747	3.26378	5.5531	3.72984	3.9107	5.49495	8.74631	9.76442	6.58072	5.4867	4.32178	2.7179	4.36342	6.43444	1.77537	3.36323	4.97437	4.70666	3.36411	1.30207	3.43601	4.39964	3.44321	2.21989	1.09983	0.61854	1.13768	1.74246	1.23105	1.36782	2.03544	2.37919	4.76756	3.19053	2.496	3.9008	4.087	1.33806	2.24386	4.48025	5.89787	5.83286	5.17953	5.31189	5.28314	5.03588	3.98862	2.3674	3.83261	5.90985	6.38108	2.01768	5.43718	6.12267	3.73661	3.23063	2.63627	3.23943	3.46657	2.62673	1.96793	1.77307	1.54588	2.12239	3.38617	5.6276	6.3448	4.67731	3.87917	3.53987	4.36586	5.51277	5.21455	3.50002	2.29978	3.45918	2.63738	2.68157	2.45426	2.13692	2.96205	1.525	3.8671	2.68738	2.8406	3.66953	3.51608	3.04784	3.29085	5.61018	3.60191	0.794187	2.76443	3.46448	1.996	1.20048	2.68464	3.35154	3.13996	3.40426	3.57957	3.37633	1.12584	1.32566	2.05813	1.06152	0.838486	1.0606	0.662136	0.59293	0.99312	1.56245	2.19557	1.6914	1.46626	1.64802	0.795454	0	0.090954	0.187504	0.406761	0.530346	0.636653	0.530321	1.25431	1.38507	1.0498	0.695624	0.36664	1.19351	2.12232	0.257248	1.61254	1.32566	0.809663	0.618515	0.782388	0.959273	0.956014	0.927463	0.391212	0.55323	0.406761	0.56982	1.03694	1.19356	0.858016	1.23105	1.20388	0.73465	0.203374	0.2912	0.447879	0	0	0.27286	0.863999	0.530346	0.611792	0.346332	0	0	0	0.227384	0.575234	0.927482	1.13678	0.555115	0.36664	0.409287	0.910598	0.981631	0.919645	0.592925	0.143813	0.321559	0.774379	0.391192
15.4766	17.5139	14.7916	11.7719	6.17777	3.04524	0.936451	1.96084	3.64862	4.14096	6.48592	7.9861	7.03762	7.40061	9.06987	8.00172	1.55102	7.97819	12.9175	13.1051	11.1894	9.31325	6.83944	8.41363	5.72885	4.69248	7.67268	10.1302	8.4149	4.94375	7.81509	5.60695	5.9082	9.32198	13.7099	13.3855	14.2268	16.7903	18.5915	15.9199	6.2996	5.33779	6.90113	10.3107	10.5959	7.6665	12.1505	16.9659	17.9017	16.9216	18.1035	19.2105	18.4596	12.248	1.95521	6.07972	9.42418	10.508	11.2509	9.16115	6.33157	5.5757	5.08308	3.84302	5.6976	9.44506	9.58214	3.49693	1.3516	3.21784	12.5418	13.0482	9.36521	10.7178	9.83733	7.1952	6.11373	7.16403	6.85512	4.64856	5.62683	4.62701	1.9766	2.02668	6.3174	6.34661	5.41455	4.66893	2.77205	3.48602	5.24518	5.65329	1.31165	5.47062	5.19375	3.57186	1.6974	1.46334	2.883	2.66275	2.28519	2.82142	3.26183	3.26467	3.11961	2.78417	2.89484	3.53586	4.36611	5.10353	5.37662	3.60264	2.60964	2.72614	1.61751	1.66285	4.69884	6.00252	5.86144	5.58014	5.97579	5.99413	4.92631	4.52215	4.78604	3.45219	3.98371	6.28143	6.28012	1.57876	3.65071	5.77459	5.67153	5.14099	4.93834	4.36611	3.36701	0.706188	2.02371	3.4709	2.78937	2.13472	3.94196	5.65527	5.09061	3.90861	3.68565	3.78527	4.5112	5.03179	4.57826	2.73753	1.89611	3.45262	3.50588	3.5899	2.81907	1.86869	1.65785	0.775916	2.14285	1.80248	2.26828	3.18981	4.74995	3.33041	4.24935	6.61386	5.75361	4.9232	3.32779	2.51486	1.89644	2.05925	3.43954	2.70044	2.62243	3.7107	3.672	2.5546	0.276574	0.673232	2.22876	0.877169	0.204607	0.341018	0.485996	0.937255	0.553126	0.409209	1.13926	1.12287	1.53834	1.52551	0.692508	0.163934	0.145566	0.417949	0.364451	0.327882	0.683874	0.8557	1.11821	1.64035	1.27394	0.728878	0.41173	1.18547	1.91607	0.335671	0.620495	1.20819	1.82172	1.81662	1.25844	0.549847	0.427121	0.685393	0.610864	0.691407	0.5129	0.289365	0.341765	0.482251	0.299022	0.592801	1.22407	1.00663	0.643815	0.490759	0.386468	0	0	0	0.272809	0.598028	0.284863	0.376305	0.159139	0	0	0	0.0454685	0.366576	0.961484	0.706188	0.12243	0.194237	0.510863	0.538922	0.722093	0.536518	0.115921	0.254169	0.660812	0.392451
10.6639	15.8126	12.6839	11.4199	9.21017	6.36774	6.35048	3.99007	3.44872	6.25956	10.8452	14.5274	16.9472	18.9822	20.3539	19.8283	16.6265	8.18562	9.52694	11.267	11.2706	11.7088	10.4101	5.83708	4.57338	6.68334	2.64578	6.9842	6.64874	2.8728	6.37161	3.03068	2.64747	6.5687	12.6929	11.4626	12.8041	15.114	14.6625	9.13247	5.99783	7.59564	7.60681	10.0161	6.62732	6.86106	11.9435	14.6043	13.3823	12.395	14.2898	15.6014	18.2029	18.4728	13.7404	6.5916	6.03399	8.34508	9.22602	8.83317	6.88215	4.24372	3.36196	4.31223	6.58358	8.05607	7.73692	2.49865	1.49498	3.16018	12.2189	14.2292	5.68533	7.26767	9.43597	9.73998	7.92802	7.88268	7.45797	5.96355	6.8706	7.30785	4.83653	5.66404	6.90431	5.01667	4.57382	3.67305	0.409132	1.67604	4.77235	3.70414	2.83294	6.27092	4.70855	1.77901	0.53207	1.67133	2.27651	1.85374	1.19568	1.00002	1.87181	2.1851	2.52339	2.16136	2.06865	1.54397	2.52972	4.86965	4.0416	3.15574	2.25592	1.78256	0.225008	3.63936	5.529	5.69862	4.13067	3.3335	4.20937	4.46763	4.31529	4.42355	4.706	3.98959	4.20104	5.43738	5.38508	1.41297	1.61484	3.23685	4.13397	4.50486	5.54976	5.94773	4.3319	2.69376	2.84458	2.33829	2.44178	1.41449	3.75822	4.98012	4.39698	3.57971	3.02368	3.52632	3.92584	4.00538	3.68983	2.30065	1.69594	2.82067	3.26078	4.01472	2.8368	1.02099	0.387073	1.14132	1.30511	0.549288	1.23182	2.69888	5.10554	3.37186	3.07021	5.08485	5.91265	4.80082	2.72295	1.45335	2.09462	3.25087	3.56285	2.04081	2.83901	3.9496	3.67978	1.86318	0.774128	1.3909	1.48146	0.460225	0.0718772	0.0321441	0.205826	0.823252	0.864866	1.0375	3.17307	2.7093	2.97503	2.22339	1.39422	0.327804	0.225008	0.391045	0.316583	0.101654	0.777416	0.836306	0.554878	0.79841	0.624134	0.346215	0.330954	1.2077	1.70316	1.27351	1.02704	1.11568	1.494	1.69958	1.8021	1.19437	0.359396	0.998493	1.23648	0.707903	0.52327	0.419123	0.562297	0.633146	0.359378	0.554878	0.920391	0.561357	0.304958	0.569579	0.515296	0	0	0	0	0.181839	0.422783	0.287516	0.460229	0	0	0	0	0	0.674996	0.650048	0.259166	0.38707	0.643659	0.963171	0.932124	0.460245	0.101654	0.335592	0.460225	0.231802
9.93593	15.183	10.4231	9.59885	10.2741	7.08265	6.3981	6.96643	9.25776	10.5431	11.3178	12.5451	12.8668	12.8708	13.5433	14.5877	22.0466	17.0219	2.68582	5.95529	3.53067	2.78653	2.77694	3.00125	2.07592	9.42352	2.56554	5.9473	6.13839	1.77567	6.13043	2.28548	4.43775	7.22858	11.315	7.12819	4.39108	3.95907	3.3227	6.72139	8.64602	7.3974	6.75462	9.8115	6.25304	8.97807	9.31195	9.70826	6.49628	4.47612	7.60241	8.19134	10.9467	13.9118	16.4322	12.782	1.72672	5.69135	6.63536	5.88852	5.24598	2.97134	1.65913	4.55575	6.86104	6.81373	6.62318	1.89911	1.55724	2.91548	9.92908	14.7143	10.0231	6.23557	3.8372	7.07182	4.01089	2.49674	3.0454	3.00235	5.94891	5.07236	2.97948	7.53362	7.96329	4.56234	3.65719	2.87432	1.10804	1.44732	3.95242	1.85918	4.0882	6.07708	4.31107	1.68254	0.887394	2.07243	2.23389	0.996689	1.63212	1.75457	1.03057	0.692652	1.39025	0.771978	1.03482	0.34088	0.856621	4.09887	0.874225	2.22476	0.483126	0.376179	2.0502	4.42635	4.74576	5.02413	3.49884	2.11448	2.74015	1.89743	1.85705	2.4143	2.69544	2.45766	3.56228	4.90528	4.61083	1.34133	0.671448	1.42689	1.77405	1.55848	2.57125	2.98586	3.05082	4.86056	3.77438	0.761869	1.72495	0.90499	3.04371	4.42255	5.06425	4.30267	0.483156	1.08408	2.21063	2.52993	2.993	2.13323	0.836194	1.3233	1.86016	3.61929	3.02779	0.772975	1.09663	2.09933	2.09995	1.30073	1.14358	2.69834	5.14983	3.74646	1.20746	1.95644	3.09069	3.66308	2.38986	0.934186	1.87397	3.1465	3.20601	1.53302	2.56379	3.44592	3.07232	1.30385	0.322998	0.949203	1.03281	0.322978	0.0819358	0.0454511	0.0454511	0.325369	0.823391	1.7087	3.41767	0.58247	2.26311	2.09273	2.01055	0.510666	0.173068	0.321382	0.386995	0.254084	0.700025	0.600364	0.524643	0.363604	0.0937012	0.0227256	0.0718659	0.833364	1.20168	0.791463	1.11364	2.31679	1.09915	0.805329	1.60648	1.55293	0.636714	0.956821	0.900396	0.655861	0.359308	0.101634	0.227248	0.85537	0.305729	0.896339	0.793701	0.30319	0.122378	0.643532	0.530502	0	0	0	0	0.0227256	0.628513	0.122383	0.631385	0.115879	0.0227256	0	0	0	0.599932	0.558943	0.115879	0.386985	0.723241	1.05261	0.700036	0.296311	0.122383	0.402037	0.369929	0.309089
10.2432	10.852	6.90203	10.2504	13.2675	12.6056	12.2265	13.1035	15.0395	13.7435	11.4153	10.2231	9.02408	6.22695	8.04779	10.3115	20.6213	20.0474	5.79694	3.25072	7.1025	5.99013	5.04495	6.04083	6.37297	9.86124	4.35882	6.61271	8.62339	5.722	6.92819	2.15289	6.55575	9.4251	11.4629	6.8088	3.49832	3.43635	4.39715	7.96181	7.35659	5.48638	8.64606	12.8481	11.3637	14.7905	14.1588	9.67492	1.93262	3.08988	6.16157	7.66728	10.571	12.7064	14.2023	13.3203	4.8116	2.42572	4.76133	7.04933	8.13722	7.09057	4.62217	4.26185	6.27759	6.78488	6.92328	2.59377	1.89756	3.40514	8.5556	13.9736	13.5461	9.33562	5.71836	8.37757	6.12019	1.85667	1.57505	1.53431	3.92237	2.3252	5.84191	8.7987	7.83307	4.59356	4.02274	2.99954	1.68581	2.7549	4.27467	0.143699	6.22995	7.03254	4.60297	2.82285	2.22537	3.12956	3.59917	2.96819	3.98853	3.41854	2.33584	1.89546	1.69739	2.02253	2.70274	1.79801	1.54467	2.80226	2.49406	3.4365	2.41862	2.8733	4.03148	5.39004	5.19022	4.98566	3.87661	3.02942	3.87828	3.07548	2.7042	2.54184	2.11154	3.29376	4.65742	5.76949	3.48931	0.661612	0.549077	0.750119	2.28589	2.05591	2.16715	1.83126	3.52786	6.39968	4.26503	1.1783	1.86749	2.8198	3.68558	3.02953	4.38362	4.73994	2.36953	1.56651	2.68069	2.42982	2.86241	1.8396	0.0718518	0.874026	2.05784	3.43042	3.37843	3.47151	2.95645	2.5597	2.7615	2.80367	1.94432	2.32824	4.58681	3.64003	0.272652	1.13184	2.65735	3.90856	3.76058	2.27481	0.82605	2.67333	3.35794	2.92221	3.55842	3.50988	2.68061	0.931738	0.508053	1.04902	1.61676	0.886348	0.346081	0.195459	0.132489	0.259056	0.646618	1.55032	3.28366	2.79264	1.69283	1.47808	2.05807	1.20598	0.446397	0.0908847	0.341569	0.296253	0.366355	0.392226	0.392226	0.0718495	0.143699	0.0718518	0.0454424	0.579244	0.752146	0.397443	1.66947	3.00087	1.3874	1.10784	1.35426	1.57538	0.272652	0.606247	1.09143	1.13682	0.417728	0.10161	0.203228	0.450981	0.781791	1.36604	1.01603	0.392226	0.359255	0.864532	0.772473	0.547197	0.611358	0.611358	0.834171	1.35584	1.20985	0.58636	0.826089	1.28673	1.20429	0.857362	0.508059	0.231713	0.418939	0.529917	0.215548	0.397443	0.590719	0.86334	1.13956	1.1783	0.951517	0.418962	0.231713	0.446397
10.4608	7.93704	1.19201	3.12208	6.74803	7.48539	9.01813	8.27512	7.33025	4.11536	2.6327	2.61883	2.15468	5.39708	9.45053	9.46026	15.6924	17.2139	11.5392	7.04669	5.00904	7.71968	7.72754	7.72608	7.84017	7.75494	3.67549	4.29563	8.10989	6.4113	6.13015	4.20238	9.79304	10.4523	9.91477	6.35293	2.04117	3.28873	6.91987	9.78309	5.19537	1.13526	5.40993	10.9467	10.3162	12.6785	9.49866	6.13419	6.20012	4.7349	6.4706	10.9955	12.977	11.6879	10.3956	10.6707	5.78066	3.78937	0.883829	3.35901	5.82748	6.83554	6.0504	3.90035	4.94548	6.83571	7.16777	2.59674	1.87064	3.48662	8.16559	14.0577	16.6631	10.7648	3.9808	5.07274	7.00268	4.03052	1.72596	1.79463	2.79234	3.49127	5.76664	8.43693	6.81089	4.09362	4.08388	3.0189	2.20438	3.41743	3.78272	2.92082	7.8747	6.59898	3.01992	2.14212	1.51355	3.83975	5.22286	4.33667	4.09882	3.5531	2.87411	2.66948	2.75148	3.4507	2.81114	2.87971	0.95347	2.25073	5.057	4.453	3.9438	4.32175	4.83218	5.41318	4.87759	3.83762	3.25352	2.92506	2.90708	1.00179	3.16316	2.36214	0.518996	1.81289	3.60153	3.90226	0.790146	2.74277	2.05175	1.97504	0.631586	1.26423	1.30573	0.780627	3.90708	7.36554	4.59532	1.09714	2.2165	3.86653	3.9766	2.39946	2.27327	3.17125	3.64427	4.34542	2.85499	2.59117	2.68017	1.00177	0.0819089	0.589753	1.91018	2.80285	1.98617	3.14769	3.10816	2.43054	1.63912	1.66778	0.920459	1.5353	4.04163	3.09458	1.33385	1.51963	2.16509	3.27658	3.81088	3.31021	0.579156	1.42198	2.40924	3.8199	4.74725	3.66605	2.60663	0.942311	0.575122	0.604877	1.63169	1.34082	0.864985	0.549435	0.165383	0.253976	0.352652	0.833058	1.68439	1.97508	1.19545	0.448028	1.6203	2.05436	1.56773	0.402532	0.237167	0.160637	0.0819089	0.122336	0.132458	0.194096	0.17301	0.0819089	0.101591	0.54612	0.366292	1.05393	2.72287	2.69964	0.683378	1.18457	1.17232	1.6258	0.547064	0.327632	1.24508	0.840773	0.641286	0.0936653	0.50438	0.303075	0.805024	1.00868	0.665002	0.896001	0.776312	0.909178	1.12063	1.06203	1.02847	0.954317	1.15753	1.36655	1.0424	0.574669	0.650478	0.888527	1.07145	0.942337	0.777001	0.615016	0.34075	0.518497	0.194089	0.277286	0.431008	0.457169	0.749978	0.91428	0.927999	0.829039	0.463321	0.295311
14.4812	14.0731	12.993	11.9717	13.8145	15.2062	17.0785	17.1665	17.2199	18.2152	19.1281	17.6594	16.558	18.2832	17.5398	12.7077	10.9887	11.3949	10.5053	14.3612	15.6484	12.8553	8.99829	4.96417	5.68602	7.59018	5.92437	4.16837	6.11515	5.63294	3.32358	6.96782	11.6039	9.86738	6.2367	6.93873	6.55619	4.99869	7.7272	11.6138	6.57329	5.83334	5.17157	3.20884	5.31693	7.0843	0.890642	7.13254	10.2109	6.95846	8.55156	11.2439	10.7247	7.60496	7.43203	8.95269	6.83506	6.66769	7.28038	6.54086	3.6318	1.29182	5.68995	6.49653	5.11856	6.90436	7.22822	2.34369	2.09648	3.40206	9.96054	15.7105	16.7363	8.75106	3.91284	4.94412	7.63491	6.29653	4.60764	5.14358	4.76767	2.70172	4.22883	7.87213	6.21469	3.90694	3.92278	3.21268	2.58734	3.38033	3.28538	4.67216	8.53865	5.59165	2.42146	1.79929	2.55591	7.32377	7.54871	5.25532	3.71699	3.10525	3.49805	2.92069	1.9902	1.21873	5.14654	6.33273	6.01051	7.68541	8.20605	6.89498	6.33482	6.14048	6.01555	4.71905	3.03706	1.90846	2.14334	2.91952	3.29356	4.00708	5.73477	4.35968	3.497	3.33568	4.25154	3.20384	4.33039	5.19857	3.91897	4.09244	3.81193	2.4851	1.65054	0.840615	4.04405	6.77787	4.52074	1.98599	2.33111	3.99326	4.20362	4.61203	3.59345	1.96728	3.4291	5.28818	3.17659	2.72513	2.38617	1.76612	1.9652	1.20939	2.36529	1.95854	1.00337	1.88789	2.50016	3.78707	3.57708	2.77804	1.23549	1.25617	3.78474	3.01646	2.56806	2.77471	2.4693	2.97765	4.00848	4.20132	2.98113	2.15327	0.909007	3.15452	5.2081	4.07547	2.41354	1.2119	0.347428	1.00801	0.820736	0.772182	1.1172	1.24715	0.761433	0.517906	0.18729	0.642366	1.12771	1.06324	1.10368	1.00028	1.76641	2.46698	2.67541	1.09759	0.143645	0.132439	0.172977	0.244626	0.160601	0.136275	0.0908504	0	0.101572	0.477485	0.227125	1.72619	3.23444	2.01632	0.203151	1.27854	1.38088	1.41444	0.794548	0.163779	0.944586	0.72818	0.631027	0.250869	0.677543	0.689634	1.27898	1.3991	1.27051	1.25086	0.876638	0.428543	0.945176	1.29104	1.34885	1.10745	0.0718247	1.12776	1.48766	1.09622	1.18483	1.32416	1.2397	0.864822	0.330702	0.514931	1.27051	1.10373	0.554483	0.330702	0.366223	0.195386	0.192727	0.258958	0.264864	0.597459	1.06327	1.11349
14.5144	13.0339	12.4876	10.2997	12.4074	14.5744	17.6236	17.4768	15.9766	15.7494	16.4341	15.2349	14.9791	17.9711	16.2253	12.7599	9.06577	6.34335	3.99249	9.52906	14.8594	15.9771	13.0454	10.9418	12.4742	6.72876	2.1621	2.90424	3.96462	5.12791	4.9639	8.68989	11.2141	9.1859	4.74224	7.70671	7.84294	4.86998	6.55775	12.0577	7.55456	5.371	8.18296	2.32382	3.10928	4.17391	2.56785	8.13851	10.8678	8.61819	7.94641	8.02266	6.66446	5.80872	7.75713	8.26056	6.23314	6.44572	7.28613	7.75178	6.88061	4.59984	2.68536	4.43046	4.60907	6.24614	6.69407	1.81748	2.16777	3.22204	13.6154	17.9811	13.1681	4.43678	4.52056	3.94669	5.98708	6.61602	4.59313	3.46921	4.2023	2.51943	3.49918	7.70216	6.64212	3.84735	3.19236	2.90596	1.93308	3.04037	2.83945	5.70344	8.32639	4.31522	2.89652	2.45205	5.46398	10.2055	7.82195	5.15188	4.25179	3.38564	2.59236	1.36902	1.84763	6.00007	7.72409	7.19809	6.93318	7.26746	7.26276	6.78172	6.20469	5.08068	4.35878	2.69586	1.18001	0.915295	1.59499	2.62624	3.07113	4.38545	5.2942	3.50519	3.15333	3.62334	4.20272	2.17941	5.91539	4.92728	4.25179	3.70475	3.99487	3.49456	2.70629	0.284523	4.38531	5.62232	3.30859	2.61823	3.93322	3.88763	3.23511	2.9777	3.47141	2.28708	2.97137	3.81637	4.0554	4.06693	2.00215	1.76606	1.77609	2.10294	3.35205	1.17186	1.60027	1.91658	1.18526	1.99675	2.97752	3.40217	2.1847	1.47728	3.26666	2.90213	3.67197	3.41608	2.31903	3.01061	4.23963	4.41058	3.57066	2.62783	1.39293	2.33935	4.95228	4.5393	2.03853	1.12794	1.47218	1.04547	0.833693	0.215424	0.352525	0.919515	0.718045	0.732259	0.183077	0.712635	1.31642	0.788212	1.10884	1.76305	0.87705	1.61884	3.0017	1.581	0.132413	0.0507758	0.032115	0.101556	0.122285	0.0818774	0.187253	0.050778	0.0227081	0.308856	0.375874	2.32179	3.14411	1.63103	0.432042	1.4861	1.66973	0.944942	1.04764	0.353242	0.433819	0.601202	0.459238	0.426631	0.658489	0.274387	0.773367	1.00831	1.05186	1.0467	0.63945	0.163754	0.101552	0.290796	0.183083	1.15592	1.14541	1.07872	1.04989	0.632561	0.660085	0.971883	1.00011	0.802823	0.632561	0.854718	0.970787	0.782989	0.735443	0.422399	0.347367	0.241396	0.256919	0.172943	0.0642266	0.183083	0.402389	0.975279
12.0144	8.44233	8.96128	1.13503	6.60163	7.52037	7.44328	0.233755	4.51442	7.22487	8.69453	10.5737	13.3643	13.8814	10.6177	11.7776	13.3115	12.8834	9.77485	7.21023	2.9336	7.45255	3.80597	6.5879	14.6144	17.5553	16.8259	12.5584	7.70856	1.83399	6.73566	10.013	12.0014	12.2136	9.59016	6.88977	5.88294	4.002	5.39958	10.5496	7.20552	1.13865	6.91588	6.57812	5.88214	2.82315	5.14888	9.42272	10.8711	10.131	8.28421	6.22409	2.67075	2.58688	6.3944	7.38702	5.15476	5.97676	6.38701	6.39393	7.41408	8.16311	7.17436	4.44504	2.1567	4.48276	5.59688	1.73033	1.67403	3.55932	14.7599	17.0501	10.7227	9.88798	7.80282	4.0855	3.80018	6.8114	4.82865	1.95815	4.29805	4.67394	3.31854	6.29407	6.23	4.83682	3.45819	2.65545	1.95883	2.7904	0.610859	6.66976	7.40584	2.88223	2.68057	3.06678	7.47356	10.4378	5.55867	4.77584	4.45183	1.86332	3.60287	4.08409	5.23947	7.04676	6.40095	5.49976	6.98952	5.99957	3.94848	2.21836	2.67616	2.12743	0.585913	1.75396	1.72561	2.75886	3.8239	3.9864	3.11299	4.19611	3.50192	1.1232	3.74887	4.71968	3.17603	1.72857	6.15062	3.04789	3.09672	3.63745	3.98756	4.98731	4.33146	0.418636	4.58199	5.41084	2.66607	2.06324	4.17129	4.73479	5.49304	4.05997	0.630814	2.56097	3.7871	2.6592	3.27279	4.95007	2.19658	0.21539	0.386626	2.34231	3.7636	1.26996	1.43164	2.05052	1.86415	2.06233	2.45636	2.71819	1.4853	0.50765	2.56386	2.8586	4.06359	4.18142	1.61553	2.69894	3.77673	3.36123	3.10816	3.23612	1.75485	2.05099	4.16658	4.3761	2.52755	1.59919	1.99761	0.560716	0.6619	0.936039	1.1774	1.31033	0.837227	0.428357	0.296021	0.589398	1.15974	1.29412	1.47806	2.37075	2.74128	1.81716	2.37804	1.79054	0.374441	0.231536	0.115766	0	0.163715	0.0963217	0.187218	0.115769	0.132388	0.136223	0.41862	2.36024	2.71367	2.29805	1.82309	1.91986	2.0752	1.03536	0.976421	0.548636	0.411175	0.20559	0.481607	0.812241	1.23921	0.948615	0.991635	1.04822	0.771238	0.597229	0.2762	0.650105	1.25902	1.81575	1.95894	1.84414	1.18826	0.287186	0.18163	0.0717947	0	0	0	0.0717947	0.330565	1.05992	1.43167	0.732155	0.39714	0.101537	0.136223	0.143594	0.605799	0.805236	0.590291	0.397159	0.804586	1.20334
8.2098	8.61103	12.1384	9.35735	12.2304	12.676	11.8719	9.35124	3.71975	7.25113	9.20179	9.79831	10.6263	7.7698	1.8537	1.35131	3.96546	7.25464	11.0246	13.5454	12.3529	11.454	6.76126	2.62403	4.23175	11.1448	15.4649	14.6412	13.2663	9.65046	4.13742	9.44751	11.1422	11.8724	9.82314	7.10988	4.92873	7.60899	7.72315	6.77141	5.82266	3.03171	5.06368	8.77263	9.71162	4.53322	7.22413	11.031	11.1376	11.3158	9.48684	3.62448	1.51507	0.794092	3.94936	5.6958	4.24731	4.08446	3.93525	4.67978	6.04884	6.80322	6.67587	5.82958	4.90675	5.39961	5.93563	3.51468	1.60759	2.84085	11.5927	16.5372	17.5446	16.3997	11.9644	7.40368	1.40927	6.75268	5.93983	2.48542	3.59596	5.56808	4.38961	4.49438	4.40756	4.69262	4.24662	2.92308	2.97609	3.21295	1.36018	6.45728	6.0159	2.54109	2.78059	4.14237	9.10395	10.4049	4.54731	2.65334	1.32047	3.12409	6.10776	5.50022	6.03065	5.65717	6.70946	6.95073	6.8616	5.24324	3.29413	0.937489	0.716716	0.290702	2.14439	2.90039	2.40629	3.79894	4.49666	5.4155	4.39054	4.68048	3.2455	2.99991	5.06374	4.22155	1.39991	4.20377	6.37542	2.88075	2.16915	2.24697	3.27849	5.88219	5.51745	2.19321	3.28774	5.14129	3.17864	2.79026	4.0449	4.59308	5.26107	4.69171	3.3742	3.68593	3.10446	2.39291	2.52455	3.99267	2.97021	0.388546	0.459065	1.96058	3.6435	2.17918	1.39185	1.66913	1.74796	2.56862	3.16191	3.08696	1.84527	0.488943	2.21752	3.50121	4.43568	5.36153	3.69731	1.25838	3.73796	3.01634	2.61457	3.72438	3.31987	2.76929	2.62753	3.00734	3.25806	2.98143	2.58578	1.75788	0.369508	0.903951	1.17958	0.913583	0.51763	0.231492	0.183005	0.396417	0.485255	0.774734	1.04503	0.731983	0.862519	0.889852	1.44425	1.90304	0.386544	0.250722	0.113498	0	0.101513	0.165253	0.115744	0.122243	0.424062	0.358913	0.589287	2.12087	1.32993	1.38905	1.80428	1.97421	2.12757	1.07136	0.754536	0.391846	0.25881	0.214152	0.927257	1.45	2.12194	1.85867	1.28148	1.34959	1.2905	1.23856	0.952765	1.07851	1.30967	1.05928	1.20379	0.985464	0.490011	0.132363	0.0717835	0.0226996	0	0	0	0.0226996	0.375732	0.854712	1.0304	0.818387	0.552763	0.335159	0.0717812	0.224707	1.00739	0.854441	1.12115	1.04335	1.10682	0.79961
7.86002	12.7756	15.4659	13.0097	10.8383	13.2474	11.1724	13.9991	12.6384	9.67277	9.75602	8.72022	8.96722	14.0628	20.6514	20.7713	17.885	13.3745	2.33836	9.0938	13.7206	10.9711	8.0308	8.02694	7.97233	7.82248	4.39714	6.99455	11.0322	12.2435	2.18234	5.6974	7.57591	6.57506	8.54266	8.41651	4.17382	8.20545	7.80711	3.54648	4.04991	6.81006	5.20265	9.18038	12.0756	7.01794	7.19503	10.0448	10.4231	11.0542	8.15095	1.72486	3.93749	3.03161	4.46128	4.44957	1.65615	2.54427	3.43156	3.94378	4.25516	4.34004	3.66254	3.59823	4.01701	5.03992	5.79376	3.95205	2.06381	0.385133	6.06706	12.1153	14.1108	14.772	15.5932	11.7842	2.19643	5.96377	7.34808	5.32386	2.06919	1.52212	4.03802	4.55935	3.98893	4.24166	4.67262	3.4481	3.75537	3.41317	2.79761	5.99834	5.0655	2.77522	2.84037	4.16986	7.88828	7.62384	0.529339	3.31261	3.51192	5.16543	7.61955	6.67661	5.35754	4.7523	6.43491	6.71201	2.62488	3.6093	6.14007	4.93563	4.97499	4.7843	3.9157	2.59184	1.7749	3.66288	2.92581	4.18746	3.92281	3.12659	1.73685	4.29815	5.505	3.5021	2.33187	5.43363	6.57976	3.43041	3.08655	0.449319	1.19814	4.9796	4.68071	2.13285	0.605553	4.42757	4.22031	3.629	3.42465	3.0839	4.53961	5.07352	5.59881	4.25031	2.1018	3.14493	3.66973	2.85759	2.40591	0.904307	0.891695	1.76207	3.28578	1.72969	1.90034	2.36683	2.2561	1.73685	2.76663	3.31106	3.69805	3.07095	1.09116	1.90786	4.3125	5.77114	6.06781	3.70523	1.86251	2.37671	1.70871	2.61115	2.09152	2.63009	2.03165	0.610624	2.08213	3.40058	3.2899	2.59814	1.44147	0.608938	0.287077	0.101499	0.101499	0.31773	0.264675	0.244428	0.101493	1.05561	1.68384	1.55224	1.64996	1.22202	1.33471	2.0497	0.861142	0.290629	0.231448	0.320966	0.272341	0.163662	0.192581	0.290629	0.574119	0.803011	1.27802	1.64487	0.957396	1.27799	1.09302	1.64424	1.64424	0.192581	0.0641938	0.163652	0.411018	0.529339	1.9515	2.81522	2.81786	2.99172	1.65183	0.979763	0.717662	0.998489	1.03497	1.05271	0.995367	0.101493	0	0	0	0	0	0	0	0	0	0	0.654583	1.56473	1.70875	1.38548	1.14548	1.07881	0.73887	0.365947	1.09298	0.428192	0.531277	0.706096	0.531277	0.181561
12.8558	13.984	12.0017	8.99714	8.07855	10.1195	4.82044	6.3482	10.2376	12.8937	13.4025	12.6772	14.7479	19.1655	17.1284	12.247	16.1642	11.6944	7.81583	5.84708	3.13999	5.03508	6.08815	6.91237	8.74014	10.889	11.154	10.6219	10.0345	10.3812	5.59636	4.91042	8.54388	7.27071	10.0938	11.0078	9.02705	6.04619	4.71252	4.20379	3.94623	10.9241	7.88367	6.3792	11.7848	9.75637	9.91977	8.92647	8.95171	11.43	8.58186	3.78524	6.8581	3.62494	7.26932	7.65377	5.68151	5.28252	5.34439	6.36042	6.62927	6.00961	3.87157	2.48284	3.37383	4.08362	4.48509	3.00199	1.59569	1.60915	1.63961	3.35446	5.06011	9.5657	17.0955	17.0942	6.74556	4.8158	8.37947	7.6789	4.21894	3.0739	4.13476	4.6115	3.67792	3.49473	4.32036	3.95252	3.99783	2.97212	3.14906	5.68122	3.83771	2.66176	3.75506	5.47621	6.42365	4.10833	3.48745	4.50205	4.09357	6.49723	9.36263	8.6512	6.75606	6.39537	5.39662	4.45058	1.60922	7.10777	7.56907	6.16165	6.62247	7.0179	5.17778	2.44499	2.63185	3.93674	2.15547	2.16261	2.26478	1.92898	1.54859	4.87248	5.28053	2.45073	2.15547	6.45178	6.34829	3.12306	4.99595	3.08992	1.46106	4.38421	3.84302	2.17202	2.26971	3.4857	4.31176	4.3089	3.89681	3.41374	4.92102	5.52446	6.44557	4.921	3.03091	4.23711	4.05895	2.63075	0.561315	1.75117	1.89556	1.98148	3.37261	0.772778	1.41822	0.69418	1.06225	1.46323	1.81122	1.05541	2.13244	2.81141	2.32513	0.410939	3.32023	3.59211	4.26664	5.31772	1.84672	1.66938	1.33445	2.428	0.345606	0.818054	0.320885	0.828073	0.821836	2.19228	3.14908	3.12291	1.85332	1.13801	0.473795	0.136145	0	0.0907633	0.202957	0.330385	0.56133	1.73881	1.81577	0.828073	0.290575	0.101474	1.03672	1.88195	1.59055	1.08998	0.531155	0	0.428112	0.202957	0.128362	0.26461	0.866927	1.5082	1.826	0.918853	0.995171	1.74292	0.430527	1.94163	1.68776	0.202948	0.202948	0.26461	0.670007	0.596877	3.58585	3.27207	1.70482	2.45453	1.37993	0.276046	0.143512	0.608823	0.462799	0.727487	0.501242	0.0453817	0	0	0	0	0	0	0	0	0	0	0.680676	1.95902	1.32515	0.29059	0.365882	0.748421	1.09093	0.995225	0.908689	0.44694	0	0	0	0
16.1163	12.991	7.35892	12.0688	17.0908	15.1976	11.4459	8.71923	3.24104	4.3484	8.86787	9.4976	10.5005	9.89983	1.74555	14.7836	16.3903	8.83629	5.15935	11.4326	14.7429	9.56221	1.77131	4.77062	7.28034	10.5759	10.53	9.67306	8.41274	8.30613	6.88269	5.06886	9.4198	9.56533	10.3705	11.3366	11.1006	8.72859	7.22808	7.95489	3.01957	11.1021	10.4555	3.25615	9.35459	10.2097	12.453	11.9269	10.0639	10.8469	9.31447	5.31814	8.89339	11.4976	12.709	10.087	6.58063	5.78287	5.85316	6.07496	5.56708	4.68415	2.98134	2.03845	3.8868	4.42585	3.89707	2.45239	1.472	1.62096	2.13348	0.744153	0.903965	3.90335	14.2881	19.6874	11.3911	2.31239	7.44162	8.62058	5.92697	6.54595	5.9047	3.00155	2.98547	2.77155	3.95567	4.29441	4.05271	2.41058	2.99768	5.33864	4.51027	3.76934	4.48258	5.56994	3.58328	1.58443	5.88906	6.04687	5.98672	8.37801	10.2834	7.69681	4.77474	4.11295	2.25707	1.4657	3.55432	7.97104	6.19574	4.1635	3.29962	3.80852	4.66667	3.791	3.30828	3.02392	0.544461	0.843907	0.290535	0.836602	2.25561	5.18323	5.38015	2.1956	4.8441	8.04419	4.14658	1.35334	4.26221	3.97398	3.2005	4.45988	3.92688	3.12236	2.72975	2.56585	4.34215	5.35397	4.69707	4.05271	4.91531	5.15803	6.47805	5.76431	4.73335	4.27937	2.20688	3.01041	2.96996	2.87906	0.918642	2.55371	2.50375	0.836602	0.866782	0.482299	0.256675	1.34881	2.53686	2.94673	2.8244	3.16927	3.37197	0.669881	3.49636	2.73419	2.24053	4.19546	1.98937	1.07549	1.2215	2.4578	0.8179	0.876249	2.06846	1.92967	1.64865	1.77417	2.84707	3.16794	1.68078	2.02275	1.70025	0.731576	0.0641656	0.10146	0.635198	1.0784	1.29909	1.89467	1.49627	0.54824	0.304376	0.36298	0.727345	1.40702	1.77132	1.70745	0.817907	0.290535	0.792348	0.894847	0.974131	0.517333	1.07549	2.16356	0.998108	1.05231	0.727345	1.56413	1.0266	1.99404	1.46078	0.264561	0.143485	0.317609	0.517333	2.26793	3.76812	2.10971	1.40039	3.31222	2.4102	1.48113	1.36097	0.97096	0.317609	0.52911	0.0907462	0	0	0	0	0	0	0	0	0	0	0	0.467124	2.09651	1.605	0.0453731	0	0.136119	0.430446	0.610427	0.488681	0.181492	0	0	0	0
16.9554	12.7733	12.1603	18.7381	19.1352	14.6542	10.5664	9.75691	10.3435	5.88767	2.04066	4.23772	1.30824	4.88347	9.41626	14.5392	8.42648	11.4526	14.5234	15.3334	16.0966	16.0458	11.0226	7.37461	3.49847	2.03611	1.21704	1.68046	2.91991	5.42851	7.10802	5.69736	1.34257	6.54228	9.01724	4.14847	2.99173	5.86345	8.13112	8.07944	6.97335	11.1208	8.83858	3.11491	6.8573	9.7534	11.4776	11.6961	11.733	11.1176	8.439	4.37209	0.605206	2.06517	5.72438	8.19154	7.48448	5.68453	4.67413	4.98297	5.65105	5.70728	4.97998	3.98888	4.91019	5.57997	4.49628	2.53809	1.48232	0.66975	1.32777	1.49823	0.762449	2.3888	11.1961	19.9423	15.4347	3.57659	5.18012	9.15367	8.53433	9.37945	8.19061	3.01853	3.1021	4.51492	4.38618	3.4247	3.66072	1.73279	1.55858	4.25023	6.18956	6.33129	4.78075	2.13074	3.92469	7.60676	7.74317	7.32427	7.76451	8.92206	8.02256	3.48882	0.628956	1.73065	3.16491	4.04001	5.12457	6.10596	3.97743	3.54171	2.31227	1.941	3.75854	4.05869	2.00056	1.76453	0.654245	1.55137	2.73728	2.53366	3.68643	5.3901	5.09166	1.90944	7.56608	8.11232	1.88195	5.02569	4.93995	5.25241	5.62913	5.41942	4.32522	3.46733	2.41581	2.41497	2.45851	5.43351	5.36263	5.07908	5.04428	4.24385	5.54789	5.65036	5.30542	4.72034	2.35899	0.377512	2.13951	2.04537	1.35193	2.4416	0.962784	1.57276	0.953889	0.337202	1.54351	2.75731	2.9042	3.18734	3.30523	4.17472	4.00307	1.38353	2.7725	2.81828	2.76648	3.76441	2.45282	1.00718	2.23284	3.04195	2.22174	0.998944	1.60341	0.771149	1.95637	2.77261	3.69585	3.42948	1.78661	1.8005	2.15392	1.79361	0.869293	0.337181	0.914251	0.588834	0.624033	1.38461	0.851325	0.46761	0.610312	0.771169	0.572471	0.273136	1.57758	2.2309	0.694258	0.396131	0.991961	0.590154	0.600514	0.563414	1.35024	1.72953	0.813014	0.308499	0.172746	0.762407	0.258619	1.32717	1.21557	0.578272	0.485394	0.233533	0.883349	1.65529	2.86456	1.42722	2.40168	3.2028	1.18667	0.579614	1.45299	1.6837	1.33472	0.654208	0	0	0	0	0	0	0	0	0	0	0	0	0.23131	1.98756	1.94432	0.158775	0.0507202	0.0320785	0.0226822	0	0	0.0453644	0.064157	0.064157	0.231316	0.390245
15.6395	11.0228	11.7206	15.0455	11.9224	10.8026	8.7948	7.37332	8.48696	9.05939	2.1535	7.72468	7.70863	8.7816	11.1158	10.38	3.02386	10.6197	13.5632	10.248	9.36738	11.6673	9.71388	9.04501	8.34653	8.09288	11.3461	12.6915	12.3124	10.73	11.0119	11.3666	8.67077	0.703345	14.3743	9.83674	9.60419	4.52677	8.96066	5.25596	2.47537	7.00299	5.18164	4.44986	4.19823	6.4044	8.85431	8.58955	7.61681	7.02222	4.97784	0.660369	5.48639	11.4665	14.538	15.7503	13.6194	11.3948	9.22222	8.59703	8.75683	8.26537	6.6685	5.47061	5.52267	6.31059	6.24748	4.7118	3.38787	1.46022	0.226771	1.14948	0.410704	1.64142	7.49277	18.6076	18.3143	7.896	3.43016	8.11055	9.82092	10.4825	9.15516	5.56402	3.96961	3.85663	3.38357	2.11673	2.7041	1.551	1.03413	2.5808	4.08647	4.10318	2.89485	2.56653	7.07636	7.53451	5.30695	5.02484	5.34385	5.74529	3.95598	0.315857	1.5354	3.21103	5.01539	4.90497	3.78494	2.89191	2.90938	3.91294	3.29231	2.31366	2.6374	3.58911	1.67979	1.54035	1.19294	2.12352	3.38974	3.1918	5.41173	5.44318	4.2191	2.00414	8.19924	6.82826	3.71014	5.70259	3.88528	5.50012	5.80327	4.74804	3.49721	2.44878	1.56849	1.79223	1.15616	6.75931	6.57549	5.89285	5.42951	4.1201	4.89029	5.46805	5.26441	3.58777	2.25954	2.09548	0.834389	0.488493	1.78276	2.8726	2.60573	1.97937	2.47041	0.943169	2.69444	2.7287	1.57637	1.34291	2.63281	4.00433	3.84747	1.38211	1.79221	2.64273	3.21775	3.66633	3.11043	1.56616	2.00823	3.3076	3.08254	2.18027	2.26705	1.8639	0.302554	1.62891	3.83341	3.66009	1.83391	1.39804	1.49709	2.11794	1.88825	0.989948	0.775644	0.880601	1.26365	1.4874	0.401852	1.26206	1.78685	2.14807	2.04497	1.58411	1.31505	2.63105	0.476753	0.975315	0.809398	0.250482	0.712068	0.518104	1.35319	0.641382	0.905353	0.964739	0.50709	0.738276	0.686318	1.23406	1.90884	1.59285	1.25424	0.654084	1.38917	0.903041	2.5521	1.15663	2.17999	1.99299	1.45178	1.11866	1.01253	0.943152	1.80563	0.981073	0	0	0	0	0	0	0	0	0	0	0	0	0.0453557	1.54068	2.20083	0.56007	0.115633	0	0.0320704	0	0	0.0641409	0	0.0907113	0.596534	0.750743
13.3398	5.48934	9.21237	10.7766	4.86454	7.26457	6.90759	6.26507	8.7417	10.0224	3.8091	11.9334	9.24695	10.792	11.0554	9.34846	8.02171	9.45051	4.39467	5.34269	9.60068	10.5236	8.395	8.69771	9.75743	9.26982	8.09667	4.37749	6.50291	6.98079	5.5803	6.35096	11.9511	4.67157	15.4194	10.8648	7.92758	2.60523	9.72886	6.82116	7.58547	9.67928	7.7182	8.55542	7.67358	4.76051	7.60143	9.34985	8.21311	7.11104	7.00384	10.1935	13.3757	14.0022	9.82594	9.47874	9.54091	9.96015	7.41401	5.05143	4.00901	3.84898	3.42332	3.71558	4.28115	5.09742	4.89437	4.1109	4.66094	3.94314	1.92857	1.51894	1.32188	1.9373	3.62749	14.6212	20.3474	15.9666	9.40679	5.32809	8.58671	10.0683	8.80299	6.55246	5.92318	3.74258	1.31423	2.04294	2.32043	0.969328	1.46486	2.85494	5.09817	5.74103	6.36966	7.87794	9.35894	7.66306	6.16428	5.561	4.19014	2.51704	1.7406	2.08804	2.9342	4.35344	4.90464	4.26664	3.81038	3.47669	3.69906	3.69498	3.27469	2.14863	1.01892	3.29961	1.97387	1.90413	1.64489	1.47081	1.48229	2.50366	5.35536	5.02134	3.91648	4.28221	8.11831	4.82201	4.40855	4.85391	4.4325	6.81552	5.20984	2.82012	0.9759	0.716982	1.84532	2.4577	1.26827	6.69299	6.34425	6.1203	5.4346	3.03441	4.37674	5.40729	4.32238	2.6439	2.29285	2.93484	2.13622	0.638471	0.652809	2.06295	2.64333	2.73651	2.54518	0.864208	2.70246	2.2892	0.535114	1.62858	2.88491	4.47403	4.15768	1.73172	1.11983	2.36199	3.00456	3.45461	3.49202	2.382	0.609234	1.63217	2.41263	2.72029	2.21021	1.59447	1.52704	1.29538	2.64553	2.67328	1.95245	1.74824	1.00624	1.25072	1.71021	1.31188	0.734324	0.529319	1.34743	1.86078	1.42746	1.35658	0.903475	0.563197	1.15594	2.09445	1.05851	2.67962	1.49306	1.68973	1.31799	1.42365	0.990312	0.907998	1.3457	0.318234	0.233443	0.258513	0.544623	1.10551	0.812704	0.253502	0.932827	2.09971	1.72323	1.50702	2.68889	2.59418	2.60243	0.88886	1.76866	1.46573	1.30244	1.5206	1.15617	0.761781	1.89111	1.13825	0	0	0	0	0	0	0	0	0	0	0	0	0.0226736	1.37009	2.20519	0.70829	0.145178	0.0226736	0	0.0717013	0.0817527	0.0226736	0.0226736	0.163497	0.625437	0.421734
12.5441	1.16501	10.2824	9.66656	3.69843	6.03141	6.24395	7.18251	10.7599	8.7939	7.43829	12.8942	9.29238	10.295	10.7135	7.90158	7.30256	12.2125	10.2968	5.07375	6.54339	8.31473	8.0093	7.73879	7.05138	3.92406	1.00608	5.59127	5.54588	6.60682	4.9299	2.11589	10.1474	8.52548	8.88274	15.429	12.831	9.13893	12.6601	10.9823	7.80991	11.789	10.1306	10.532	10.1343	6.79198	10.2154	13.3352	12.9678	10.7967	10.0831	13.9548	15.2835	11.6251	6.63231	6.631	7.98933	9.47966	7.47856	4.85253	3.47286	2.89699	2.46782	3.37988	4.30073	5.31829	4.21917	2.48376	3.58047	3.93716	2.40536	1.53879	1.44061	1.9954	0.788485	7.66947	17.1068	19.2631	16.0557	10.3072	5.35743	9.12546	7.96972	6.45475	6.38136	4.68809	2.82338	2.40982	1.61184	0.770727	2.03937	6.24654	7.79889	7.41833	7.73379	8.6743	8.50698	6.60874	5.22684	4.61818	2.84738	0.427726	1.71792	2.64515	3.31147	4.83238	5.09322	3.94043	3.91833	4.63336	4.41227	2.49352	1.95715	2.18386	1.13331	2.46778	1.37644	2.16055	1.91696	1.20024	0.703077	2.41683	3.96782	3.47946	2.8687	4.30756	6.40618	2.07129	4.60819	3.92382	3.97093	6.63828	6.21127	4.87147	1.94014	2.65055	3.268	4.27511	0.703795	6.13272	5.75048	6.38257	6.30431	3.92387	5.19535	5.61733	3.10021	3.25728	3.24735	3.19696	2.92168	1.74276	0.848723	1.88428	2.07087	4.15251	2.65968	0.743541	2.69261	2.28931	0.19236	0.860155	2.02673	4.87475	4.55449	1.75333	0.645162	2.05709	2.85153	3.17309	3.12303	2.37187	2.11888	1.4424	0.644373	2.97757	2.9789	1.25704	0.863165	1.37868	2.05738	1.54708	1.56522	1.71033	1.7318	1.47749	1.03473	1.05732	0.616635	0.172647	0.726794	1.54914	1.79935	1.35994	0.708195	0.458994	2.32665	2.39123	1.37644	2.31279	2.18397	1.95253	1.50784	1.75687	1.37979	1.1756	1.11273	0.977055	1.21852	1.12561	0.421677	1.09173	0.770016	0.455633	1.29806	2.27292	1.39932	2.11584	3.86798	2.3816	1.80419	1.27737	2.14954	2.31492	1.81543	1.74276	1.04267	1.03573	2.02517	1.15438	0	0	0	0	0	0	0	0	0	0	0	0	0.071685	1.72289	2.09269	0.436031	0.0641162	0.071685	0.0320581	0.0641162	0.0320581	0.0320601	0.115592	0.231177	0.386025	0.462347
14.1725	7.40497	12.4343	8.90783	2.779	3.68608	4.172	8.17103	10.4059	4.20177	5.52358	8.35439	5.09958	3.43279	3.7169	4.172	3.85456	7.8203	9.73547	6.658	6.5744	6.94872	6.23571	6.39152	6.81922	6.54143	7.66559	8.16549	8.44094	9.26533	7.6838	7.87586	8.50619	7.95022	3.33293	7.40613	10.5397	12.3781	15.8333	14.3221	3.31035	4.5141	8.37143	12.2191	13.1924	11.5136	12.0674	11.5461	12.7651	11.7517	11.8275	13.234	8.2923	1.94542	3.45466	4.51056	6.98887	8.05967	6.71117	4.81381	4.1082	3.34396	2.78558	3.95483	4.80517	4.79495	2.94073	2.97848	4.82626	6.79033	7.31423	5.02794	2.80068	1.29488	1.14591	2.2016	8.3736	14.6485	18.2214	18.1629	9.65655	6.66348	7.42285	6.43231	6.38672	4.82413	3.93303	1.84243	0.690798	1.33871	6.83923	9.43631	7.88547	6.54274	5.58078	5.45246	4.52781	3.1869	1.96724	0.466677	0.721312	2.82968	4.24151	4.47224	3.81612	4.64833	4.06177	1.9071	2.13066	2.98332	2.13893	1.81899	1.73687	1.69934	0.756439	1.91937	1.44247	2.34022	3.46479	3.01181	2.77597	1.98748	3.00819	2.71924	2.38807	2.65029	3.43279	1.26845	4.56319	3.44351	2.90173	5.04249	4.63298	5.16957	5.0673	5.86393	4.91135	6.23041	5.67077	5.26287	4.42919	5.29072	5.64885	4.49442	6.12235	6.3069	3.45904	3.17545	3.56249	3.22896	2.85884	2.60708	2.2105	2.16647	1.33004	4.59167	3.21981	0.567057	2.80237	2.35456	0.533446	1.70314	2.43479	4.26008	3.95244	1.82664	0.30828	2.34114	2.78699	2.6041	2.57522	1.84243	0.722773	1.02384	0.994038	2.31007	3.45184	2.17901	0.793541	0.735415	1.29184	0.833911	1.49086	1.78185	1.89147	1.35526	0.952912	1.06896	0.73821	0.298109	0.158654	0.186901	0.365463	0.488213	0.506799	0.929455	2.8867	2.02848	0.936066	0.699631	0.56841	0.318114	0.391253	1.06535	0.445279	1.04861	0.770907	0.435358	0.555624	0.421572	0.351853	1.04392	0.72981	0.78539	1.28287	1.82663	0.934401	1.77652	4.02987	2.39986	1.06202	0.962853	2.24982	2.92432	1.96581	1.39132	0.466677	1.0766	2.16302	1.18576	0	0	0	0	0	0	0	0	0	0	0	0	0.152037	1.99288	1.91452	0.368948	0.396476	0.413591	0.122056	0.050679	0.0320521	0.0320521	0.0716714	0.240923	0.494988	0.978706
13.6852	12.3155	16.587	10.188	3.90997	2.26333	4.16668	11.8041	8.87023	0.931482	3.21976	4.46821	5.0935	8.9673	7.29123	2.88177	3.80696	5.14615	8.83195	6.12962	6.14023	7.23704	7.11429	7.47309	7.22437	6.09991	5.67388	5.57987	5.83248	5.96103	4.40836	5.65457	5.49202	2.40206	6.35393	4.71177	6.13223	13.3709	17.5712	15.1095	9.2322	4.13818	5.79781	11.4912	13.7271	12.283	11.683	10.7772	12.4223	11.3304	12.0263	9.58805	3.93778	5.63041	5.31041	7.63721	9.52993	8.16319	6.4691	4.26143	4.63964	4.40213	3.95823	5.19763	4.8847	2.49907	1.53959	3.47847	5.3551	7.99482	9.80627	7.52839	3.71577	3.66711	2.55437	1.23644	3.92851	8.8009	13.4736	18.6265	16.7089	3.90455	7.33472	7.02892	6.31977	5.12586	4.30586	0.0640921	1.41563	3.09083	11.0952	10.3135	7.20046	5.99288	4.05016	2.96026	2.27407	2.20272	3.31249	1.90494	1.98144	4.95235	5.73672	4.48039	3.59619	4.24719	3.35662	1.41018	1.55418	2.19991	1.25907	1.44504	1.70315	1.44004	0.933159	1.47524	1.38336	2.79759	4.32106	3.38308	3.99941	2.08825	2.65027	2.86491	2.51245	2.35192	1.51975	0.886299	4.44593	3.55531	2.42098	4.41926	2.70678	3.15278	5.05402	5.67915	4.81327	5.55732	7.52065	5.37063	3.26538	4.05247	3.98853	3.77073	5.57577	5.96953	3.39511	2.50134	3.29573	3.63557	2.50314	2.77256	3.46401	1.92444	1.09367	3.60976	3.70805	1.10352	2.34003	2.25303	1.67641	3.127	2.97961	2.69165	2.62905	2.38063	0.0453212	2.62613	2.53505	2.1499	2.56697	2.78876	2.33641	2.76586	1.82639	1.85807	3.03906	3.27086	1.97288	0.322056	1.28962	0.997997	1.82349	2.06229	1.27923	1.37142	1.49595	1.41304	0.931482	0.589155	0.315617	0	0	0.143316	0.202686	0.544789	2.5638	2.42334	1.84926	1.30117	0.57684	0.45884	0.838689	0.931482	0.484934	1.26391	0.64888	0.703529	0.960265	0.577726	0.286639	0.934219	0.803029	1.08425	1.26754	1.41555	0.453202	1.19632	2.96296	2.19126	1.79666	1.48255	2.10584	2.87336	1.84474	0.902354	0.329935	1.04961	2.18396	1.1233	0	0	0	0	0	0	0	0	0	0	0	0	0.264257	2.05407	1.79514	0.528504	0.500578	0.640907	0.271925	0.172581	0.172581	0.0716602	0.0716602	0.295454	0.709337	1.2916
6.43905	9.7763	16.7472	11.6781	4.93158	2.5206	4.42691	12.8118	9.40567	3.59994	1.00628	5.24492	7.69404	10.2776	12.7844	8.47908	5.64838	3.12851	9.13654	7.34122	3.19247	4.11017	6.84594	8.53694	8.30708	8.81663	12.0602	14.8577	14.1439	9.267	8.82236	11.6031	11.2345	9.33807	10.2948	10.9436	3.08236	9.25257	16.5819	15.4636	12.9177	11.4194	6.63693	4.66734	9.08961	9.97572	7.3066	5.77709	7.7553	3.46144	2.98542	1.81025	6.07867	7.351	5.43656	7.59953	7.40332	5.53278	5.10991	4.18587	5.64019	5.01462	2.99016	2.5403	2.91701	4.49266	4.60546	3.03462	1.86832	1.71192	5.95714	7.43718	4.49045	5.27936	4.56692	2.70243	1.99829	1.13289	2.07081	10.3148	18.8881	13.9673	6.69527	6.84768	6.2737	5.27357	4.45878	1.72869	2.13451	4.70183	12.3851	7.72692	1.25883	2.85701	3.06854	3.9904	4.79937	5.0644	5.88294	5.69934	4.80163	6.30588	6.16977	3.93636	3.75247	3.39915	1.88399	0.740734	1.9811	2.92576	2.53471	2.30231	2.19851	1.94893	1.70359	1.93878	2.21371	3.04099	4.4312	2.89537	4.65161	2.39857	2.49866	2.49322	2.19955	2.59979	1.9885	1.90508	4.42427	3.43371	1.47665	3.86556	3.22783	3.28166	4.06328	3.32096	4.02154	3.29657	2.89491	3.33295	3.94542	4.91186	4.28416	3.86997	4.69716	4.56762	2.99816	2.55608	3.22967	3.96151	2.87798	3.05698	3.57559	2.14782	1.47236	3.2893	3.74959	2.71376	2.20824	1.36849	1.93827	3.5449	1.80653	0.657002	1.94815	2.75414	0.205161	2.65758	2.69107	1.88993	2.21788	3.3429	2.66569	0.577589	0.84095	1.01764	1.75584	3.16481	3.08572	1.32957	0.43519	0.916318	2.01032	2.4531	1.81207	1.66229	1.88198	1.91024	1.89828	1.56437	0.771594	0.273761	0.113281	0.0453125	0.0640835	0.0716439	1.66698	1.47492	1.4099	1.64213	1.37359	0.297991	0.730596	0.818392	0.540404	1.15731	1.60453	1.37433	0.879751	0.840975	0.336812	0.833591	0.829581	0.963776	1.45124	1.41853	0.435804	1.09791	2.16729	1.63647	1.09422	1.17203	1.72151	3.42055	2.17484	0.641569	0.122005	1.04425	2.09919	1.0413	0	0	0	0	0	0	0	0	0	0	0	0.0226562	0.538505	2.06673	1.5635	0.5284	0.511127	0.51711	0.213731	0.203905	0.45595	0.722501	0.644793	0.437565	0.884671	1.69202
10.3553	13.3422	14.33	11.7076	5.15336	3.29356	3.75738	11.2565	10.5588	5.77226	3.86923	4.10603	4.36926	6.93732	10.6663	8.89794	10.7035	8.0011	9.19337	10.5873	5.37191	2.91708	6.86243	10.6993	13.978	16.6697	18.6832	19.3762	20.3341	15.3044	14.8351	16.5768	16.6905	13.5299	12.0635	12.844	9.16891	2.2866	12.802	14.5508	15.1081	15.4908	8.69865	1.6629	1.09774	2.44508	5.68365	9.56852	9.21467	5.99267	6.49073	6.63968	4.2517	6.71239	5.77878	6.4005	6.35655	5.45053	3.59712	3.75538	5.23647	2.77741	1.07318	3.65605	5.72359	6.32596	5.68132	4.34026	1.45243	1.37577	2.20064	4.8014	4.82977	5.03146	3.85223	4.04971	4.64315	2.16025	1.48382	4.0812	13.0281	17.4558	10.2822	5.30996	6.41889	5.47319	4.46856	2.77445	3.59645	8.35747	11.8898	5.98179	3.17005	6.24867	5.50777	5.81054	6.40615	6.63604	7.15519	7.13153	5.59747	6.38429	6.5645	4.5588	4.62703	3.15915	1.69587	2.05597	3.07646	3.30323	2.93849	2.96103	2.65193	2.35768	2.46604	2.77006	2.98347	3.12003	3.60903	2.06251	4.16863	3.17075	3.49397	4.07282	4.23283	3.08059	2.07045	2.36936	3.95258	3.85851	0.79406	2.54927	3.65449	4.10356	3.9346	2.55081	2.65455	2.29562	1.65123	1.39538	4.97955	5.70115	5.65745	5.61995	4.97391	3.45913	3.05963	3.12811	3.36965	4.01751	2.93008	2.91837	3.07663	2.61489	1.76488	3.58152	3.28287	2.80264	2.26689	1.07604	2.76918	4.31933	1.91671	1.61044	1.77394	2.4579	0.273707	2.42351	2.80076	1.49533	1.42749	3.26528	3.46316	1.72773	1.4109	0.845691	0.395587	2.2921	3.37191	2.67184	1.00272	0.551601	1.6013	2.11779	1.64615	1.43414	1.87344	2.04751	2.36254	2.4973	1.2249	0.592839	0.336735	0	0	0.0716303	1.13604	1.18664	1.23264	1.23161	1.83766	1.33216	0.288301	0.623221	0.601863	1.20059	2.14058	1.7861	1.60135	1.69495	1.43414	1.38222	1.18551	0.791155	1.93858	1.90661	0.795363	0.759706	1.40064	1.28837	1.36187	2.32784	0.854747	3.70118	3.194	1.26057	0.160171	1.15484	2.05328	0.963055	0	0	0	0	0	0	0	0	0	0.0226519	0.182626	0.54458	1.2685	1.98338	1.16479	0.258263	0.437464	0.160168	0.250195	0.432753	1.04212	1.1549	1.26061	1.17711	1.92829	2.74635
6.65211	10.3445	11.0824	9.0977	4.73822	4.35834	2.79457	10.4072	11.9671	8.10955	1.26155	4.84219	6.71991	5.68586	7.60772	7.42314	11.8127	10.0891	2.43456	7.57287	8.34083	7.76566	2.78853	4.4886	8.83654	10.1014	8.64773	8.21672	15.4183	13.3062	12.3948	10.5574	10.4687	11.0425	12.1539	11.2896	10.1526	4.19119	7.55257	12.7153	15.5198	16.3848	10.5684	8.77413	10.1423	12.5119	14.4299	13.8788	10.4489	8.23719	7.88097	7.46468	4.15649	3.69467	6.94169	7.22938	7.64328	7.52672	4.39597	5.07545	4.93139	2.08321	4.54578	4.83267	4.00736	3.08888	2.87609	3.8641	2.97936	1.47608	0.954628	1.99539	4.32801	3.72114	1.3603	2.33153	5.42887	3.88329	1.94808	1.96965	2.11211	10.6047	12.0763	6.82265	6.74973	5.52955	3.90118	2.18178	3.19025	9.6298	10.6308	4.94953	4.74706	5.98228	3.49581	2.43361	2.05823	2.37077	3.89871	5.24746	3.4343	4.75497	5.37861	2.15093	2.60518	2.65209	2.57906	3.12893	3.97786	4.14038	3.21593	2.3594	1.45077	1.1821	1.58124	1.74866	1.8294	1.86693	1.40036	1.72336	2.08703	1.16571	1.68464	2.76954	3.14321	2.30801	2.9164	2.22014	3.43941	4.21839	0.521372	0.408269	0.882045	2.61202	2.08198	1.15308	3.98495	4.56963	1.45235	2.91301	5.01558	4.98836	5.12884	5.44996	4.108	1.60137	2.92322	3.52623	3.21299	3.59246	2.44993	2.69757	2.94717	2.26014	1.33464	2.23497	1.79087	1.91489	1.77606	0.816808	3.448	4.45436	1.42952	1.27716	1.87842	1.38344	0.725048	2.17885	2.39117	1.08882	0.93372	2.9256	3.2977	1.31896	0.685413	0.64096	0.811777	0.865303	2.64783	3.00937	1.54527	0.314635	0.810824	1.45369	1.13492	0.737648	0.959683	0.588829	1.37078	2.54227	1.25605	0.711095	0.508916	0.115482	0.0226476	0.0226476	0.587497	0.498235	0.226475	0.0905904	1.27488	1.60482	0.678656	0.559324	0.867955	2.19755	1.11395	0.609378	0.89331	1.31745	1.84986	2.49625	2.36961	0.842804	1.37674	1.44805	1.04489	1.08036	0.860844	0.396156	1.0815	2.76433	1.11721	2.68617	3.06947	1.80224	0.423079	1.20182	2.00098	0.884324	0.0679428	0	0	0	0	0	0	0	0	0.205081	0.860844	1.55969	1.85648	1.47247	0.709298	0.317063	0.65831	0.810229	1.05564	1.31764	1.63788	1.23802	1.51977	1.61396	1.83397	2.58015
11.5793	10.319	6.58575	5.35458	4.41728	4.80875	3.81344	12.2913	11.1095	6.81479	5.08868	7.68231	8.25046	5.96807	5.5679	7.50344	9.37541	8.72671	4.40981	2.21417	7.24001	8.85041	6.47984	5.63735	5.21788	2.64127	1.1725	2.50216	10.428	10.1	6.36954	5.12907	4.68063	9.74611	16.2096	12.0176	8.69953	6.90218	4.01874	12.0561	15.0975	15.7246	10.9386	8.83582	9.89274	11.0915	11.7304	11.245	8.31093	7.05263	5.9517	6.74823	6.01785	1.32261	4.80054	6.5315	7.68798	8.26431	4.81265	5.84946	5.30427	2.33633	4.09144	2.65506	1.84078	1.48883	2.3997	3.80382	3.32534	2.3788	1.48824	2.88825	4.20481	2.46167	0.295221	1.47405	4.61705	4.18553	2.99135	2.50611	0.889654	5.22545	9.76268	8.83193	7.27324	4.63004	2.01857	1.45471	4.39737	7.85816	9.04022	3.93896	4.54533	4.66318	2.24371	1.60992	3.17106	3.11131	0.897098	3.72909	2.62517	4.04876	4.6853	0.817953	1.11031	1.60283	1.96938	2.5122	5.27197	5.61238	4.58398	3.05028	1.68263	1.12409	1.09052	0.693108	0.498139	0.496578	0.314576	1.86239	1.72571	1.0447	0.774459	0.903936	1.95857	2.88234	2.71753	2.2047	3.53717	4.05987	1.41251	1.00539	1.21831	2.6178	1.35629	3.15291	5.68262	3.18512	2.87106	4.73841	4.83601	4.50887	4.47599	4.49921	2.71221	2.18312	3.17478	4.47668	3.3838	2.64112	2.08269	2.72278	3.00742	1.46797	1.54507	1.60218	1.05029	2.21105	3.2291	1.36075	3.01005	4.04372	2.38475	1.18615	0.811618	0.208762	1.76562	2.15057	1.4001	0.61595	0.961939	3.09209	3.23721	1.45957	0.182557	0.326553	1.20073	0.0716056	2.75172	3.34431	1.05319	0.866637	0.588717	1.10565	1.07343	0.854377	0.955472	0.662848	1.33165	2.25152	1.36075	1.02982	0.626249	0.320218	0.0716029	0	0.449433	0.30797	0.0716029	0.137732	0.769135	1.04539	0.988436	1.31869	0.975386	2.59689	1.28104	0.0506306	0.0452865	0.230918	0.601636	1.75236	2.5938	1.87344	1.83449	1.2795	0.508841	0.345621	0.679645	0.579948	0.444854	2.00724	1.33709	2.38475	2.37881	1.76091	0.579913	1.06432	1.88967	1.04292	0.214808	0	0	0	0	0	0	0	0	0.538197	1.5867	1.7662	1.19737	0.573268	0.314559	0.421169	0.729112	1.11513	1.49485	1.87276	1.78483	1.44643	1.66475	1.61747	1.05712	2.31847
14.2496	12.7916	7.74072	6.47655	5.50761	4.63893	5.32013	12.4407	9.87794	6.58527	7.06673	6.76557	5.19288	3.99945	3.62485	8.41079	9.49305	8.68105	6.91375	2.17696	6.92422	9.78731	8.19896	6.06144	4.13875	5.4121	5.28713	4.16283	4.82918	5.58268	5.80976	6.9216	2.3687	7.71666	19.5147	13.2911	8.2052	8.04235	0.688484	9.19185	13.1165	15.562	13.1764	8.99253	8.01684	6.64259	7.18407	9.01499	7.01118	6.0281	4.58534	6.55144	6.82584	4.26667	2.43689	6.16598	6.71711	7.4926	6.51682	7.01258	5.55928	1.9698	3.70007	0.59248	0.477546	1.26856	3.05541	3.95313	3.38488	2.77241	2.96233	3.80932	3.64615	2.3394	2.7426	4.66982	5.88109	4.24528	2.74344	2.7203	0.960905	1.69074	3.93401	5.41222	5.55206	4.1586	2.56176	1.49537	3.76161	5.73841	7.74152	5.51158	6.21414	4.41056	1.68459	3.33567	3.17653	2.91864	3.26244	2.4618	2.15763	4.1052	4.14369	1.10735	1.40882	1.04056	0.838805	1.84422	5.57651	3.47527	2.92798	3.16567	1.12042	1.19136	1.61095	1.13384	0.982782	0.880547	1.16945	2.23471	2.16154	1.93372	2.81133	3.96025	4.18431	3.24725	2.00178	1.49259	2.97366	3.97629	3.37306	3.1902	3.38393	2.60208	1.72949	4.74127	6.13792	1.18959	4.3308	5.44257	4.74856	4.0458	4.30537	4.17434	2.05938	3.21117	3.55602	4.75287	2.6798	1.41293	2.01412	3.16493	2.66066	1.30601	2.14675	1.70092	3.58618	2.12762	5.02752	2.08147	2.42092	4.16321	4.27271	3.61779	2.26567	0.912548	2.07456	1.76729	0.93144	0.508742	0.295174	2.77755	2.99487	1.98328	0.933319	1.03662	0.929215	0.31775	2.48353	3.44719	2.67383	2.05483	1.26638	0.882848	0.84244	0.944504	1.23334	0.937982	1.1694	1.78914	1.44607	1.09262	0.42109	0.334248	0.0816237	0.0905556	0.439549	0.182519	0.353636	0.486077	0.808938	0.648245	1.25313	1.76147	1.22084	2.52262	1.22688	0.0226389	0	0	0.0226389	0.787434	1.77697	1.62267	1.45443	1.26639	1.3874	1.48301	1.28384	0.864989	0.852158	1.65234	1.46357	1.69318	1.34001	1.42071	1.05691	0.815259	1.31844	1.35296	0.658073	0.879089	0.992947	0.869715	0.679153	0.609144	0.552683	0.44823	0.629009	0.816205	1.60754	1.31863	0.264975	0.0905556	0.373361	0.915602	0.950747	1.26937	1.03088	0.730756	0.812733	0.919248	1.61095	1.89684	1.41807	1.98481
12.2771	11.4963	12.2353	12.0662	4.99182	2.67051	4.18695	12.1063	11.0371	4.40567	7.79037	6.64851	7.50381	7.34201	1.90546	6.69904	9.25434	8.21969	9.35996	6.20317	7.60566	12.4125	10.0257	8.77815	10.4177	10.5451	7.60773	4.9389	6.58162	10.0803	12.1638	10.5895	10.3019	2.98949	17.7672	14.4302	11.1263	9.87943	3.50012	4.82215	9.3353	12.7174	14.4999	12.5963	10.2594	7.06453	5.73639	9.0788	6.36712	6.21234	5.55394	7.80292	7.78221	6.17931	5.59658	9.08634	6.404	3.30123	7.18266	8.93787	5.61922	2.27362	4.92407	3.67744	3.01813	4.27431	5.61616	5.21514	4.39001	4.13713	4.74778	5.10907	4.46555	3.6863	3.63142	4.02868	3.66402	2.72013	2.08591	1.49899	1.16021	2.27852	2.06076	0.889318	2.60387	4.04491	4.20908	3.03056	3.94847	4.95176	6.6639	8.64298	8.81987	6.22534	4.51158	5.86402	7.59949	6.27648	2.84821	2.04873	1.00199	4.30099	3.34607	1.27542	1.60013	1.34038	0.967646	1.80843	4.60762	3.77657	2.62535	3.11879	0.731295	0.320102	1.19586	2.88525	2.74784	2.08595	1.60716	1.70355	2.40845	1.79315	3.8313	6.29076	6.56816	4.90334	3.38289	1.69639	0.878893	3.03395	4.0474	4.62303	4.06173	1.70601	3.62257	5.33464	5.22137	0.736883	4.53562	4.79403	5.14215	3.99177	4.00374	3.50936	0.870699	2.63508	3.58192	3.4989	1.92941	1.1637	2.02362	3.93421	1.98379	1.09479	1.24287	1.19841	4.86989	1.68423	4.33932	2.84998	2.21897	3.0191	3.84637	3.99796	2.91898	0.814793	1.98379	1.69872	0.407417	0.864827	1.22296	1.86196	1.97554	2.53987	2.65509	0.999926	1.47774	1.40602	2.27539	3.56484	3.1336	2.12716	1.10964	0.409927	0.552551	0.75337	1.33651	1.28097	1.36831	1.33651	1.16807	1.17681	0.500001	0.181077	0.0640187	0.163216	0.427052	0.101223	0.454939	0.552579	0.999926	0.874244	1.34038	2.08197	1.40382	1.8326	0.971859	0.344763	0.135808	0.0452693	0.101223	0.256073	0.832192	0.826023	0.316882	0.452672	0.516149	1.30321	1.8427	2.11274	2.17947	2.32695	2.07216	1.13432	0.36496	1.19069	1.36161	0.968739	0.679008	0.979206	0.552579	0.746568	1.05576	1.56848	1.8604	1.98802	1.97303	1.8243	1.82036	1.50724	1.09478	1.15396	0.34475	0.364966	1.58402	2.11949	1.37658	0.834657	0.928743	0.28987	0.916578	1.76092	2.18927	1.31961	0.32643	1.52136
11.6767	7.43693	12.4823	15.3681	3.54421	0.869335	1.3881	10.7915	11.8963	1.98661	9.58072	6.75384	9.80002	10.6488	6.75022	5.44197	10.2941	9.48542	8.42082	6.35047	1.05938	10.6711	15.5244	16.1925	14.9811	11.2921	10.4917	3.5763	6.83051	10.2682	10.7928	8.95425	13.1115	10.1875	11.079	10.8841	11.8195	9.72236	6.42859	0.263903	5.55254	8.34503	11.2618	11.8602	11.1285	9.58384	5.60709	8.22163	6.61151	6.07451	6.36082	9.4742	9.11427	9.10581	10.1582	12.1088	10.0572	8.22511	8.42953	10.3231	5.39573	1.45933	3.08561	2.17247	5.4558	6.9687	6.91136	5.54995	4.80476	4.41528	4.56166	3.67471	1.64703	1.05264	3.1783	5.8795	7.4274	6.8559	4.43047	2.71104	2.17624	2.55265	2.25149	2.99302	3.89836	1.01697	3.23031	2.37464	3.74027	3.71295	1.11774	4.74182	4.29184	3.78482	4.44083	6.80183	9.11355	8.92188	5.33469	2.64685	0.944968	3.67905	2.2092	0.729761	0.101208	1.08989	1.76059	2.13396	2.14916	3.06051	2.93945	2.1435	1.496	3.58811	6.43446	7.33662	6.05829	5.10764	5.23054	4.37721	3.30009	2.91672	5.29598	5.66781	5.35245	4.8349	3.91058	3.30075	2.67616	1.67483	0.770711	0.452583	0.353503	2.27306	4.82621	5.08326	4.02777	0.910753	4.09144	4.7721	5.6907	4.17071	3.69865	2.78521	0.607197	1.43814	1.83733	1.50414	1.7744	1.29582	1.79445	4.32767	2.16244	1.03201	2.15499	2.36703	2.66032	2.52321	1.44374	2.92267	2.49803	1.96009	2.58437	3.52606	3.1922	0.932975	1.78072	1.58367	0.643228	0.461554	0.91527	1.53849	0.951466	1.30525	3.00285	2.54619	0.749136	0.595295	0.769404	1.58372	2.60955	2.52842	0.962134	0.0640102	0.454851	0.702588	1.25733	1.2879	1.96633	1.29582	0.870516	1.25814	0.481101	0	0.0640062	0.135782	0.461554	0.163194	0.445746	0.529758	0.770711	0.101208	0.516028	1.13947	1.10485	0.603821	0.901753	1.09367	0.815908	0.487471	0.329504	0.373229	1.13947	1.3763	1.04189	0.95468	0.668217	0.186616	0.672838	1.39698	1.66871	1.82394	1.86553	1.746	1.4823	1.25739	1.29586	0.790411	0.544977	0.615577	0.163194	0.409843	0.702588	0.465964	0.41728	0.916398	1.28637	1.56818	1.44878	1.32169	1.12414	0.770711	0.506003	1.06517	2.60017	1.27758	1.05647	0.690859	1.21852	1.00488	0.668252	0.933018	1.90889	2.56227	1.76693	2.25863
16.1148	10.5074	10.7769	14.2432	4.64163	2.09827	1.77752	9.89194	10.8276	7.32658	9.95793	4.52352	7.96237	9.79033	4.37798	3.70018	9.93084	7.11073	5.90371	13.698	14.4586	5.90847	8.28144	13.6353	12.6071	12.2793	13.8139	5.9318	7.40145	8.5606	10.1416	8.41111	7.52139	10.828	8.04741	8.39305	10.5851	7.07526	7.30291	4.9727	2.81436	7.22702	9.41238	8.75507	7.97618	8.02984	3.60215	4.94508	7.08134	5.51919	3.92019	9.44374	11.2618	10.1563	8.55686	9.82754	7.99918	8.30759	7.77165	9.28008	5.03454	3.09266	3.97209	2.50156	5.05257	6.58019	9.11048	9.42758	7.76094	4.63859	1.58406	2.32606	4.55043	6.09031	6.35593	6.0928	6.46069	7.04447	5.72367	4.40339	3.54747	2.83423	0.588254	2.38665	3.41621	2.87142	2.78803	1.42061	4.63332	4.05696	3.44738	3.01583	1.92444	1.91917	2.21812	1.47716	1.35582	4.46552	6.72945	3.05347	1.5382	2.8124	2.38793	1.77353	1.41347	0.758528	1.09439	1.8547	1.00468	0.191982	0.51593	0.643107	2.59808	4.86201	5.5934	5.21319	5.59301	6.53755	6.98181	6.62376	5.32753	4.69575	5.53468	4.84743	3.79677	4.14517	3.44486	3.3595	3.83226	4.50806	4.66151	3.85319	2.35569	1.58337	5.53895	5.39163	3.88167	1.14198	4.24317	5.73403	5.22305	3.98209	4.05726	3.12971	2.17572	2.14877	1.14198	0.319985	1.47299	2.5903	2.89931	4.40464	3.61648	2.20286	1.48815	1.01177	1.87663	1.66832	0.860909	1.67628	2.7964	2.3969	2.26679	3.39108	3.68256	2.00771	2.08264	1.67385	1.06499	1.14554	1.85964	1.99697	1.68303	1.59888	1.85961	2.09091	1.53618	0.904963	0.326321	0.566974	2.83805	2.95224	1.25142	1.11753	0.703938	0.781114	1.33677	1.07549	1.88526	1.78211	1.35806	1.32448	0.543007	0.18658	0.101184	0.0452519	0.286201	0.44568	0.127995	0.364819	0.417184	0.230737	0.505914	0.163154	0.82572	0.864476	0.465876	0.978878	1.37827	1.2358	0.864494	0.668121	1.38784	1.23494	0.860909	1.21739	0.742126	0.0639942	0.289744	0.668092	0.289759	0.515924	0.550501	1.15889	1.89401	2.47129	2.69881	2.78592	2.95651	2.36957	1.50597	0.898175	0.45251	0.47244	1.09439	1.37381	0.97468	0.487375	0.186575	0.226264	0.511967	0.552367	0.364825	1.44842	2.33471	0.819496	1.85466	1.24241	1.8236	2.08366	1.27733	0.0905038	0.429296	1.27487	3.29071	5.40093
11.5808	8.10889	5.92711	11.7333	5.86709	0.863694	3.25634	8.60363	10.6134	9.53466	4.34274	4.09963	11.733	15.0517	10.6032	9.73966	11.257	13.7868	18.9123	18.6662	19.0476	18.3082	11.7803	2.88551	5.34936	14.086	16.91	13.5803	13.125	10.5265	9.20355	8.87023	3.76131	8.99125	11.4899	11.3026	7.61071	2.70284	7.4411	8.10631	5.1176	3.0333	7.34942	8.99158	9.94206	10.7793	7.86304	5.65382	4.0512	7.0359	5.77394	4.54118	7.60414	8.39959	9.94261	10.6012	8.07725	7.56374	7.70136	8.51234	5.49881	5.99738	8.68424	8.97089	6.93135	4.96246	4.88336	2.63362	5.42674	7.52404	8.77163	9.28859	8.60681	7.52251	6.15906	4.21764	4.06563	5.51304	4.92196	4.84475	4.96817	4.75783	4.43972	3.10993	2.16083	1.36079	0.547133	1.477	4.5221	3.56164	3.94681	1.30025	1.73778	0.587282	1.3175	2.14847	2.45091	4.89311	6.03453	1.96363	1.29239	1.91582	3.54699	3.48676	3.12409	2.43846	1.15335	1.46503	1.69195	1.9191	0.432177	1.76915	4.02058	5.07726	4.2985	3.1603	3.4012	5.51866	6.29653	6.6884	5.8939	4.68647	5.12224	5.86837	4.25023	4.45274	3.35399	3.0527	3.42653	4.72081	5.72626	6.4138	7.2841	5.75704	6.60854	5.26767	3.11512	1.13661	5.27861	6.15476	3.66075	2.98339	3.80782	3.47812	3.50262	3.41426	1.24482	0.368246	0.710282	1.53695	3.14645	3.89776	4.07894	4.54206	4.29565	3.60398	2.12846	1.03801	1.03801	1.00394	2.55779	2.45214	2.02056	2.34836	3.13703	2.60221	1.52944	0.529537	0.606995	1.23055	1.87088	1.10275	0.639817	1.57097	2.62046	2.59935	1.96942	1.07532	0.400223	0.34531	2.36601	2.89492	1.5038	1.00877	0.131903	1.15906	1.87092	2.36694	2.95048	2.42037	1.26177	0.0639821	1.20455	1.36404	0.701616	0.11535	0.0815617	0.137601	0.29408	0.445596	0.769109	0.715342	0.68463	0.606995	0.736462	0.769092	1.26681	0.746818	0.249865	0.87052	1.11755	0.834516	0.90477	1.02486	1.02587	1.3774	0.484102	0.144846	0.208556	0.400846	0.252919	0.240477	1.17314	2.23617	2.76776	2.64946	2.18243	2.07012	2.66988	3.34094	3.87334	3.99663	3.74125	3.11232	1.82674	0.163131	1.06769	1.51719	1.31497	1.18075	1.03187	0.565533	0.232909	1.35891	2.14806	1.62144	0.852673	0.693915	1.03162	1.42829	1.24482	1.15555	1.5697	4.12327	8.71982	10.4984
7.91178	9.15364	4.5294	9.89462	6.9935	5.93103	1.14819	4.75011	4.44579	5.90759	5.99256	10.1008	14.3973	16.3567	10.0456	11.531	9.29867	15.9628	16.7089	11.4376	14.4689	14.6417	12.8639	10.592	6.83489	11.5947	16.1346	12.6185	11.7205	11.7215	8.78993	5.53745	7.30561	6.86559	8.61285	8.71314	3.65391	2.96445	7.05907	7.34773	7.49866	6.80487	4.05937	6.91893	9.72161	12.5771	11.764	9.897	6.31329	4.8234	8.51465	1.25094	3.16403	5.18661	7.68249	8.22307	6.91	6.252	5.51142	5.6191	3.29847	3.61476	8.04442	10.0955	7.3484	1.86027	7.03604	11.4915	13.9166	13.8453	11.5481	8.41272	6.69933	5.77032	4.98484	4.69529	4.2338	4.12011	4.30995	4.08556	3.57911	3.66563	5.48624	5.79321	3.86905	1.86053	1.14645	2.95403	4.56327	1.65074	2.01325	2.55902	3.40054	3.66022	3.10558	1.67868	0.226172	4.32521	4.6986	0.929681	0.435034	1.38363	4.60839	4.00193	1.55121	2.88075	2.00694	1.32398	0.273289	2.7664	3.05859	3.37663	4.38231	4.2577	3.79755	3.65044	3.78576	4.36375	4.34802	5.31452	4.34178	2.81328	4.91461	6.03567	3.21725	4.31469	2.66847	2.62805	2.8616	3.46812	3.7734	4.92866	6.71096	6.30396	5.23932	3.34261	0.972688	3.20879	7.08995	6.22366	3.12369	1.46438	2.83839	2.88436	2.55231	3.29103	2.79522	1.4907	0.959454	0.589763	2.07908	2.07494	2.18922	2.93486	2.6421	3.31536	3.02159	1.14149	0.594941	0.950912	1.90823	2.09377	2.52516	1.71389	1.12298	1.81385	0.949311	0.447778	0.801518	1.6732	2.58194	1.72106	0.873541	2.24077	2.46467	1.73881	1.76101	1.57508	1.24399	0.809779	1.98331	2.27605	1.85478	2.17416	0.606875	1.88886	2.07812	2.44658	1.98873	0.882295	0.180938	1.34465	2.14848	2.01632	1.45984	0.24359	0.0715209	0.0715209	0.172244	0.063973	0.0452345	0.319856	0.606875	0.715202	0.472259	0.344499	0.929709	1.324	1.07225	0.614397	0.4755	0.896088	0.255877	0.802129	0.902902	1.11016	0.226166	0.232853	0.294883	0.633258	1.05929	1.26518	2.08773	2.41198	2.01913	1.79066	1.24193	0.576604	0.944964	0.472245	2.38048	3.7065	4.07063	4.09735	3.64274	2.23193	1.04908	0.319851	0.789953	1.18506	1.49072	1.35717	0.702203	0.819182	1.45883	1.39691	0.704379	0.611063	1.83127	3.06309	3.05995	2.85036	2.88078	5.86897	11.6786	10.9575
11.2409	9.34927	6.07286	7.59605	4.71211	7.75538	0.922655	4.20812	3.10947	4.64735	10.974	10.6996	12.132	14.1763	8.44743	14.7913	14.4605	15.0189	11.5624	13.2871	16.8522	12.9517	9.53104	12.2011	14.8333	6.95359	5.90893	8.89948	9.82595	10.2184	9.21595	6.41504	8.84192	6.19081	3.50248	4.81672	7.48937	7.35424	9.41513	7.66581	6.01443	7.09109	4.42619	1.10884	2.75725	6.86111	8.78013	9.45502	10.4223	10.1475	9.65883	5.69705	6.67507	7.09485	6.37335	5.58007	4.196	3.60809	3.47185	3.41532	1.1835	1.52833	4.20582	3.6073	4.18967	10.5571	12.8687	14.8382	14.7959	10.94	8.35837	6.66435	4.87986	3.49962	2.91619	3.82278	3.9995	3.29816	3.41083	3.05337	5.01733	6.13795	6.4452	7.40314	7.20653	4.32243	2.49306	2.84405	4.51247	1.88804	2.10454	2.35581	3.10216	2.70348	1.92342	2.89383	1.54745	4.6626	4.42172	2.3335	2.28545	1.80679	4.00359	4.04922	1.72166	0.466157	1.79144	0.883008	3.18802	5.54182	5.67823	6.46595	6.25827	5.06611	3.8963	2.95902	3.42496	4.03847	1.71357	1.82596	3.03138	1.46539	4.61734	4.60198	1.63021	3.99717	2.91522	2.77479	3.05002	3.51701	3.47218	3.15235	3.49087	3.83755	4.46861	3.50771	1.97486	4.58116	7.24454	5.99498	4.8491	4.46484	3.69166	2.91175	2.23844	2.94315	2.19425	1.35444	0.620924	1.83164	3.1414	2.43681	1.8641	2.44674	2.12808	3.2708	3.82784	1.74199	0.710021	1.60191	2.30528	2.53352	3.18063	2.3592	1.54001	1.13073	0.828003	0.783595	0.652215	1.02246	1.83586	1.7115	1.73712	3.17963	2.3383	0.971204	0.974087	0.387069	0.701332	0.625428	1.70925	1.86212	2.20398	2.98082	1.81328	2.50852	2.45902	2.33056	1.21754	0.164623	0	1.38649	2.01287	1.73289	1.59117	0.204768	0.0505654	0.0932347	0.113062	0.063961	0.101126	0.0452261	0.101131	0.121777	0.0715098	0.0319805	0.286028	0.665418	0.70424	1.29581	0.784911	1.20149	0.370867	0.778691	0.432016	1.32083	0.636766	0.323762	0.941262	1.71942	1.50681	0.946989	2.05873	1.98219	1.39976	1.33855	1.44217	1.4923	1.51335	0.903576	1.75931	0.829266	0.16306	1.65417	3.27725	3.26936	3.30386	3.32362	3.11703	2.77672	2.24217	1.4459	0.51565	0.101126	0.297423	0.686589	0.97619	1.11341	1.53746	1.95415	1.001	2.21199	3.40969	6.92966	11.4075	5.97369
12.4321	10.3618	9.8461	7.41224	4.90157	6.3789	2.31365	3.86931	3.51641	6.87621	11.7856	10.4058	12.912	15.5925	10.9576	12.8632	14.7999	11.3972	8.2245	14.7353	19.5802	14.7209	9.74278	13.1401	18.812	16.7173	5.75317	6.03296	8.9975	8.1016	7.64935	4.69417	7.57198	5.27101	5.54068	6.67176	9.00011	11.7191	11.0542	7.79028	3.36499	3.08376	6.57788	5.50999	2.62017	2.1154	5.22924	7.16713	9.29119	10.136	7.92681	6.52965	6.24735	4.8235	3.96385	3.34235	2.75067	3.12615	3.48809	2.37853	1.56725	4.09728	7.12709	8.33837	6.80301	14.7772	15.573	15.5331	14.3871	11.0486	8.97162	7.18146	5.23551	4.04074	3.13281	3.41362	3.79379	3.85466	3.71252	3.6774	7.2919	7.62881	7.72486	7.72312	7.53045	6.10988	4.85558	0.992653	3.29518	3.70511	4.81244	4.91201	5.39786	5.68525	4.33144	3.16157	2.09211	4.72224	4.28286	3.25804	3.73585	3.41468	1.96631	2.46124	2.60303	1.56922	0.511579	2.56109	5.48473	5.22944	5.29913	6.61346	6.54789	5.43934	3.36061	1.22363	2.26686	4.18683	2.84541	0.815097	2.39655	1.14602	4.61982	3.75842	1.17551	3.05386	2.59776	2.31903	2.90153	3.6212	3.66366	3.27035	3.62741	4.21736	5.99942	5.13765	4.53946	6.75136	7.45082	6.06689	3.92027	4.32005	3.66427	2.56361	3.14342	3.97683	2.48587	1.28514	1.34873	3.38181	3.94203	2.97525	2.1451	1.80866	2.06178	3.77138	4.25903	1.56078	2.03136	2.57697	2.67961	2.93969	3.12506	2.44401	1.35216	0.778577	0.628138	1.08176	0.769981	1.3246	1.24837	0.972342	2.39741	3.73862	2.52924	1.2131	0.656012	0.29477	0.457768	0.289521	1.0295	1.71682	1.92031	2.01451	2.16051	2.55021	2.61472	1.88004	0.614164	0.0452174	0	0.637058	1.8194	1.69897	0.860258	0.101112	0.063949	0.0452174	0.0452174	0.063949	0.0452174	0	0.142987	0.172186	0.180869	0.063949	0.159869	0.409451	0.790909	1.72718	0.970741	1.17242	1.0627	0.55836	0.50552	1.00386	0.836742	0.44532	2.13187	2.96125	2.07546	1.18805	2.06327	1.89004	0.659136	0.597277	0.547265	1.0487	2.02993	1.41564	0.489075	1.27396	1.56926	0.524394	1.69891	2.59776	2.76636	3.16628	3.64145	4.02696	3.93304	3.06279	1.67747	0.529251	0.275047	0.714899	0.904825	0.74842	0.948927	2.31584	2.48101	2.84486	4.2095	7.10819	7.76295	4.18162
10.5736	11.8035	9.34089	2.86844	2.78044	5.95633	5.00656	2.89232	3.88298	8.9613	11.5598	10.267	14.3128	16.3333	11.8449	1.10837	7.6681	10.7012	12.3644	10.3799	15.8793	14.0001	9.23594	5.8268	9.56245	14.4853	10.8805	5.72137	6.81574	5.46414	3.25036	3.75039	5.13723	3.57682	5.9416	3.82396	1.46638	1.64986	3.51419	8.35386	11.895	11.9546	12.422	12.8527	10.576	6.47211	2.64288	1.15246	0.965553	1.22568	4.14122	7.24416	7.87911	8.05269	8.22751	7.8728	7.508	8.28072	10.893	13.4547	13.9179	10.9914	6.56713	5.96923	3.29916	16.0842	15.3849	8.58792	4.57902	6.30638	6.22071	4.72205	4.4667	3.92748	3.13306	4.77874	4.84791	4.487	3.71576	4.46936	7.98137	5.69923	7.9369	6.97014	5.67761	5.16477	5.6393	3.95476	1.82856	1.5968	1.44707	0.41248	0.554141	2.30852	3.33838	3.18106	2.50793	4.13633	4.61046	4.64123	3.88118	3.21333	1.91377	2.5084	3.73599	3.26407	1.52944	4.21306	6.76473	5.28222	4.40489	4.23154	2.73539	2.6316	2.83547	3.17762	4.53317	3.53779	1.22066	2.59258	2.05464	1.20363	4.8126	4.04339	0.655888	2.14689	2.53862	2.17491	2.58476	3.10043	2.95863	2.5055	3.03537	4.03922	5.56037	4.89574	6.3512	7.6589	7.49357	6.43644	3.88112	1.84412	2.20553	1.86243	3.47135	3.6832	2.01557	2.08682	2.4391	3.81152	2.73754	2.38747	2.3846	2.18706	1.71757	3.82098	4.61933	1.57253	3.10039	3.85808	2.94942	2.42173	2.17271	0.831071	1.21502	1.3365	1.20489	1.76965	1.29143	2.26332	1.49088	0.822776	2.33085	3.59184	2.69535	1.45759	0.479503	0.390202	0.420447	0.17654	0.476817	1.71871	1.96524	0.764818	0.345772	1.33721	2.05718	1.1676	0.244496	0.127873	0.0904173	0.465978	0.131808	0.476817	0.0452087	0.0904173	0.127873	0.0904173	0.067813	0.113025	0.0932012	0.0505459	0.202174	0.159835	0.226042	0.137498	0.0505438	0.186397	0.773797	1.86662	1.84811	0.930844	0.740411	1.28211	0.399916	0.980506	1.15442	0.949296	2.10642	2.38757	1.08512	1.18908	1.94018	2.19445	1.86955	2.32218	2.12077	1.73638	1.19617	0.791102	0.0505459	0.838752	1.35601	1.00088	0.621914	1.37936	1.81807	1.84923	2.13694	2.79505	3.3479	4.1731	5.0927	5.44873	5.46704	5.06703	4.1585	3.4408	2.95448	2.20318	2.75701	3.32095	3.77752	5.41407	5.62904	8.83742
5.75959	8.3555	10.7203	10.5232	7.83509	10.853	9.08145	5.88394	11.8124	13.8288	14.7182	14.1098	16.2655	12.8687	7.37453	8.44301	15.9175	17.3549	18.4277	14.723	10.283	9.66696	4.17887	6.3913	11.6628	10.2164	8.55957	7.92633	9.20873	9.71438	2.48702	1.1542	3.24112	5.74481	7.37915	5.13427	9.64259	11.8816	14.2557	16.1723	14.7367	11.8197	10.4684	11.5856	11.5826	8.82411	6.31997	5.7393	5.92793	5.69273	10.1166	12.5896	13.4299	10.7706	10.6384	12.9742	15.4035	17.7458	19.6864	19.4928	16.4701	11.5999	7.14576	6.19657	3.2037	17.8531	17.1481	5.72197	6.9856	8.63493	6.9771	5.04896	3.56484	2.31348	4.43588	5.23976	5.41168	5.05292	4.14777	6.46345	9.2812	5.55176	9.82456	7.30015	5.57624	5.29608	5.38594	4.62123	3.88138	3.41629	1.86974	3.91052	4.2014	2.40283	1.30082	2.36408	2.9734	2.78454	2.30359	3.06386	2.34498	2.28185	2.4448	4.03928	4.95197	3.5034	2.88159	5.7977	7.5487	6.2704	4.25632	3.42781	2.05569	0.31396	0.687308	2.18844	5.76766	4.4091	3.28825	1.85756	1.78202	1.0922	4.34032	5.08947	1.82226	1.77514	3.16039	3.20603	3.12736	3.35198	3.25594	2.38414	2.384	2.23522	2.7636	6.05263	9.05286	7.64263	7.56856	6.29638	4.52993	2.33358	2.38242	1.61438	2.96489	3.17302	1.71012	2.3803	2.85996	3.10041	1.92769	1.44367	1.80322	1.39457	0.543342	3.15726	5.16442	2.06211	2.94966	5.26324	3.24975	2.01776	2.03625	1.05415	1.68381	1.27448	1.0915	1.81925	2.40934	2.95191	1.83727	1.3309	2.29018	3.09445	2.28402	1.18885	1.10383	0.71929	0.307396	0.0958815	0.376126	1.66914	2.42839	1.04682	0.686218	1.38496	2.31076	1.23288	0.351561	0.0319622	0.144707	0.544252	0.0814878	0.54706	0.0226001	0.127842	0.0226001	0.151603	0.144707	0.0904004	0.137472	0.257683	0.26453	0.0904004	0.0814878	0.2486	0.1582	0.0904004	0.271199	1.00351	1.75038	1.78615	1.30372	0.667358	1.13347	1.24609	1.5764	1.20334	0.890534	2.02916	2.13797	1.40985	1.64918	1.73496	1.08494	1.7624	1.54195	1.6407	1.23046	0.818889	0.686197	1.24299	1.64997	1.28663	1.07168	1.36274	1.96497	2.34492	2.31473	2.21169	2.59975	3.73918	5.14921	5.91157	5.9871	5.83028	5.64797	5.5124	5.79761	5.78147	4.47567	3.34224	2.25664	3.73709	5.51893	9.44295
2.21852	2.12358	14.2218	16.5535	4.63356	13.6353	13.1286	7.93896	15.7948	11.5247	12.2351	11.49	11.8204	5.25851	7.29923	11.5905	12.9247	11.8492	7.78212	12.0074	11.8738	12.4577	7.93676	5.51366	10.1005	8.92103	8.61521	3.82648	4.54992	7.7074	6.98085	10.8849	11.015	10.5957	8.6595	7.68406	11.5301	12.8059	13.4855	9.53302	5.02784	4.20251	4.08522	7.22713	7.34383	6.92043	9.16757	9.42148	8.03568	6.00424	10.2806	9.08526	9.51105	7.78601	7.92221	11.2801	14.2272	15.8474	14.5457	10.6942	8.32055	9.62838	8.68222	5.58135	4.83897	18.1672	16.419	0.849288	9.88712	9.20663	5.30925	3.01592	1.80171	3.74605	4.0793	4.30433	5.81952	4.51256	4.39374	8.18861	10.2224	6.53842	11.2059	7.67747	6.1693	5.48525	4.67105	3.23908	3.5975	3.4834	3.58719	8.64496	9.90219	9.78558	4.13051	0.658727	3.19929	3.80861	2.4427	2.3362	2.19442	0.443921	1.25872	3.52079	3.41797	0.854079	4.87898	7.43487	8.24721	6.58039	3.12499	1.72916	1.0481	2.51593	3.40236	4.78219	6.89372	4.0882	4.33709	0.293743	0.364331	1.57157	3.58574	4.50181	2.83113	1.46489	0.627813	1.52569	2.00667	2.53238	2.4402	1.44338	2.06532	1.18908	4.56053	7.95281	8.98457	6.69923	6.7807	5.42018	4.02675	1.50017	1.61972	1.49188	1.80843	2.61552	2.01259	0.904308	1.29738	1.61287	1.13322	0.857402	0.730068	1.16304	1.41482	2.94158	5.36363	3.47399	1.68751	5.40026	3.88423	3.07708	3.32714	1.65156	1.15311	0.570289	0.608397	0.827417	1.53417	1.51963	0.903756	0.709507	1.99987	2.3425	1.58528	0.971806	1.04028	0.565326	0.203361	0.0225958	0.313899	1.49163	2.85304	1.47322	0.883744	2.03184	2.32341	1.10357	0.257622	0.112982	0.115215	0.544145	0.0714528	0.544145	0.0714528	0.0931661	0.182177	0.227085	0.249578	0.227085	0.0451916	0.314713	0.194381	0.17208	0.112979	0.0814678	0.204611	0.135574	0.101049	0.090383	0.307338	1.13774	2.13749	1.58616	0.576076	0.723369	1.96086	1.76779	0.407343	0.307338	0.45471	0.877404	1.5602	1.28216	0.436379	1.5949	0.317145	0.831367	0.454157	0.707697	0.927445	1.49743	1.40607	0.244402	0.323527	0.566684	0.792095	1.03043	0.965221	1.14402	1.7544	2.09418	1.80542	1.85721	2.07625	2.16317	2.42018	3.18314	5.25025	7.73046	9.10989	8.00455	5.76455	3.17675	3.93984	6.39926
2.65599	3.34301	14.684	19.5956	4.22716	12.5259	13.8228	6.08417	16.4809	13.6579	11.9794	7.5912	8.90269	6.60877	11.7448	11.7133	8.80566	8.9704	5.78368	8.04886	11.2574	11.1348	7.01793	3.23307	7.78122	10.7882	9.80472	6.1924	3.90848	7.8743	11.548	11.7351	9.24448	12.4032	9.84187	10.2543	11.6953	9.06504	5.99749	3.02452	4.64701	6.06959	6.72236	6.3913	2.52097	7.16639	12.2234	12.0858	9.4712	6.09347	9.5944	10.2186	8.74141	11.3119	12.0483	13.5444	13.3813	11.7101	8.50858	6.79362	9.27468	11.1799	9.23202	3.16506	7.51714	16.8353	13.5336	1.9896	9.5535	8.17632	4.51677	3.27372	4.54763	6.15605	5.22009	5.34588	7.02724	4.7559	5.43364	9.35919	10.3678	7.58718	11.8635	6.9746	5.93151	5.35028	4.60538	3.60451	3.59201	2.4835	4.75632	11.7275	8.67779	13.9149	7.28058	1.29713	2.53668	5.41997	1.35709	1.30343	1.32577	1.80465	1.21769	3.09918	2.71386	2.44345	6.34894	8.62668	9.38892	6.8223	2.39825	0.840698	2.85692	3.5079	2.84979	3.8648	7.47385	7.21521	3.64862	0.824461	1.15111	2.5367	2.96092	2.87311	2.59865	2.47094	1.1126	0.31384	1.03044	1.69307	1.74832	1.46965	1.96585	3.93479	3.49848	6.3193	7.08187	5.8795	5.67432	4.39219	4.04582	2.57888	0.495467	1.41419	1.12333	1.26428	1.82076	1.99763	2.30485	1.99911	0.953051	0.959735	0.831255	1.3378	1.11512	3.46514	5.65409	3.76644	1.22894	4.41013	4.08269	3.04866	3.13284	1.97196	0.917336	0.364274	0.480302	1.16611	1.49294	0.647302	0.701753	1.51934	2.19042	1.84701	0.973158	0.407259	1.07098	0.62031	0.23039	0.0714415	0.20828	1.19267	2.90928	2.14692	1.42151	2.5765	1.76818	0.679579	0.0677743	0.112957	0.0814566	0.424438	0.283074	0.394529	0.172047	0.131733	0.151544	0.172047	0.15814	0.235857	0.15814	0.339619	0.272977	0.257577	0.11296	0.142883	0.186291	0.137417	0.10103	0.0451829	0.0814566	0.465712	1.13594	1.31086	1.0798	0.670537	1.42365	1.68674	0.872843	0.3536	1.41199	2.19449	1.89918	1.25279	0.972387	1.77035	0.755017	0.85064	0.877215	1.15996	1.16611	1.39271	1.00055	0.483479	1.15004	1.39403	1.41886	1.32576	0.949022	1.34709	1.63815	1.49223	1.35545	1.95132	2.61924	2.98671	3.01653	4.23676	6.68833	8.09877	9.25454	10.2996	10.2905	8.77076	8.19533	7.50036
1.30978	4.22104	12.2458	20.1703	10.835	8.93873	12.6473	3.09159	14.5389	15.3305	12.5964	9.7199	11.9401	8.96065	13.4373	10.1457	8.59939	7.46622	9.15206	9.76714	9.47668	6.24118	4.20765	8.46387	2.76327	8.91776	10.3569	7.02522	6.63715	12.3417	13.2345	10.4353	8.7752	12.4314	12.0511	10.7359	7.87303	1.81569	2.87687	5.80191	6.97487	8.32548	7.452	3.98168	3.55386	11.3603	10.1052	10.3158	9.71437	5.50825	8.56489	11.9472	10.0567	13.7593	14.1634	13.3689	10.1131	5.73635	3.27928	7.99062	11.5193	11.7301	8.73738	0.56511	10.4353	14.6618	10.1711	1.80294	8.3127	6.44226	3.62842	5.82982	7.6043	7.94112	6.71714	6.41237	7.28313	5.83771	7.30093	10.285	8.47602	8.15354	12.4034	6.48184	5.52114	4.91981	4.54121	4.20765	3.75567	1.71969	4.44753	10.2872	2.78865	14.2401	7.96607	1.21529	1.50229	4.81691	3.52176	2.71005	2.40202	2.51709	2.14958	3.23915	1.73689	3.53122	7.16759	9.80405	9.85765	5.48097	3.50297	4.07257	3.925	3.44762	2.82588	2.60404	3.07841	3.65588	2.79204	1.83461	2.14903	2.29475	1.98232	1.75265	2.25132	2.71302	2.17134	1.64347	1.60472	2.07872	2.36441	3.12506	0.543024	5.52496	4.81863	5.65302	5.91402	5.12772	4.35086	2.82113	3.98956	4.16477	1.86542	0.975375	1.38663	1.63602	0.931229	0.587244	2.23505	2.38382	0.751784	0.194295	0.642039	1.0243	0.424355	4.26732	5.9932	3.0626	0.344783	2.69534	4.08141	3.72272	3.2735	2.64481	1.94963	0.972205	0.840538	1.83242	1.80768	1.46527	1.61235	2.82006	2.7835	2.436	2.04167	2.08353	2.0929	1.29597	0.70707	0.301351	0.151522	0.82211	2.43307	2.3054	2.36043	2.64619	1.30689	0.350636	0.115171	0.316216	0.274785	0.37044	0.0225871	0.15971	0.257523	0.031944	0.32101	0.208239	0.14285	0.19298	0.182107	0.313796	0.434475	0.37593	0.24011	0.232553	0.301351	0.232553	0.162882	0.18626	0.232553	0.453983	0.555538	0.596281	0.779772	0.364909	0.831048	1.23279	1.12919	1.1366	2.63383	2.73433	1.66093	1.18348	1.3805	1.6266	0.788895	0.19298	1.18169	1.07077	0.587244	1.01504	0.757542	0.975315	1.54895	2.05399	2.10889	1.62725	1.48867	1.74258	1.53569	1.44595	0.948839	1.24924	1.36487	2.15273	4.45997	7.14558	8.63841	8.03838	6.78245	6.64432	6.75437	8.36163	10.1273	8.22036
4.60668	4.0495	5.6387	14.7494	13.9449	6.8166	10.504	1.52481	11.7308	15.4643	13.1616	11.8537	13.0725	8.73909	13.5173	8.49283	8.22809	7.8965	9.99266	9.91833	4.72942	4.60505	6.56673	7.5348	3.33253	9.67619	9.03483	4.27775	7.75253	10.0913	9.27664	10.308	11.0435	12.9637	14.1883	11.9628	6.12733	4.20539	6.06027	7.0775	7.00725	6.99318	3.59972	3.5968	10.2339	12.0971	3.96148	7.13346	8.47453	4.69592	9.05754	14.1584	13.1128	12.3439	11.6617	8.11074	3.79443	4.89032	6.46419	9.09258	11.6087	10.9408	7.7969	3.7779	13.0039	13.108	7.99354	2.79045	7.93481	5.1874	4.73942	8.5719	8.79997	7.12425	6.57031	7.25141	5.96357	5.77496	8.87076	10.7708	6.64877	10.3935	13.0949	6.79342	5.42622	4.27542	4.19764	4.52562	3.76063	1.65659	2.88049	6.95652	8.22061	11.9137	5.94834	0.664133	1.42168	2.16028	3.30557	2.09397	0.790327	0.433781	1.23262	2.53093	0.230301	3.56452	7.26038	10.7625	9.5259	3.23488	5.34877	6.50446	3.13988	2.33834	2.45345	2.43084	1.85169	3.69868	3.9697	1.9001	1.55517	1.49488	1.56192	2.19056	3.03993	3.60184	3.75895	3.45106	3.44098	3.33867	2.64648	3.51092	1.32005	5.4855	5.92855	5.96992	5.70796	4.84259	3.24102	0.948634	2.96262	4.61627	3.39188	1.0708	1.15755	1.71416	1.59918	1.3555	2.62647	2.94741	1.77833	1.59214	1.11766	0.871368	1.55934	3.8728	5.07266	2.86	1.82958	0.482749	3.14564	3.95437	3.35131	2.86784	2.23136	1.5593	1.21385	2.1243	1.41725	1.59342	1.63087	2.27607	1.96718	1.80619	1.76686	2.06655	1.84747	1.41725	1.09228	0.700031	0.275663	0.614285	1.87909	1.41453	2.10907	1.82858	0.761777	0.2555	0.214235	0.352741	0.325682	0.608026	0.325698	0.285654	0.378557	0.511987	0.553612	0.263363	0.226954	0.243227	0.19295	0.0677483	0.131682	0.307164	0.357069	0.433804	0.515459	0.402079	0.289206	0.243227	0.214242	0.471525	0.416394	0.264318	0.764088	0.383902	0.770733	0.948634	0.898975	1.77927	3.74012	2.35959	1.30823	0.919478	1.45077	1.42543	1.0557	0.642701	1.63081	1.30272	0.596595	1.18985	1.44939	2.05603	2.51521	0.83308	1.14265	1.58245	1.38977	1.35508	1.78904	2.18984	2.36	2.78644	3.25477	3.87639	4.90215	7.78841	9.0112	7.76088	5.14748	2.98961	3.1163	8.08533	9.67596	6.98018
3.54624	3.90905	1.54097	6.47493	13.0497	11.3459	8.90763	3.72032	9.00359	13.5814	10.8895	7.9624	10.6489	8.08552	13.7619	8.16385	7.65203	6.84761	8.03769	7.80422	2.09115	6.83154	7.80694	4.98984	6.41156	9.65352	6.78678	1.6515	7.15701	9.35173	5.43808	6.48654	9.24322	10.7877	12.1035	10.8504	8.82103	8.47991	6.59668	5.91525	3.76573	3.70851	8.26025	11.6029	12.4223	6.75568	3.28975	5.81954	5.94958	5.25318	12.7888	15.8692	13.1619	7.30432	6.25826	3.24041	7.13642	9.48472	8.36655	8.52131	9.91624	9.64737	6.84884	6.66572	14.9868	12.9611	7.92547	5.43561	8.85884	5.0921	7.51243	9.18064	7.26646	4.80211	5.74154	7.87774	4.30491	5.76654	10.0127	11.0895	6.26894	12.4705	13.5022	7.61153	6.07772	4.07995	3.66688	4.27858	3.33333	2.6872	1.03999	2.28473	5.18235	6.84602	3.51608	0.21301	1.69827	0.144569	1.35241	2.21296	0.474675	0.333372	1.66266	1.59546	1.6358	3.20915	6.22121	10.3694	9.60446	4.81535	7.05371	6.59268	2.4048	2.11835	2.16021	2.12334	2.4428	3.6664	3.98194	3.1298	2.87813	2.70239	2.94621	3.58851	4.23199	4.61101	4.84876	4.67416	4.18792	3.88546	3.18374	3.47077	0.747765	5.65915	7.02966	6.50575	5.93765	4.6751	2.55325	0.948506	1.99131	3.41962	4.15034	3.33689	1.21568	1.10226	0.883116	2.0749	3.09429	2.68192	1.69665	1.64658	2.4121	2.5051	2.13557	2.5062	3.1917	2.63821	3.03358	3.17843	1.12875	3.25915	2.67866	3.20281	1.42142	0.820568	0.958382	1.69661	0.507364	0.384483	0.872046	2.00977	1.5503	0.597771	0.708927	1.2418	0.666721	1.04071	1.24245	1.12969	0.607932	0.586145	1.49408	0.868567	1.54059	0.820568	0.235729	0.214201	0.32875	0.536677	0.602456	0.607915	0.182035	0.204455	0.323279	0.81404	0.782442	0.428985	0.115127	0.121591	0.338666	0.394316	0.431352	0.208158	0.16282	0.296974	0.314485	0.296974	0.186189	0.100976	0.0713985	0.463251	0.356985	0.100972	0.818065	0.314474	0.908109	0.858196	0.639372	1.94698	3.97814	2.29519	0.635788	0.64256	1.06965	1.43354	1.6903	0.510867	1.67593	1.52194	0.908962	1.41332	1.78708	1.55037	3.45209	3.53294	2.18679	1.12266	1.07251	0.750493	0.815587	1.22865	1.56215	1.75897	2.42293	5.0634	7.61049	8.21732	8.0238	6.34297	5.37418	4.60055	5.47975	9.61516	9.24943	5.93688
3.32153	1.10623	1.92135	2.41449	7.67794	9.96397	7.39999	4.52565	7.16969	11.5515	9.49459	7.02336	5.24489	6.9083	12.4284	6.55331	6.74234	4.56759	6.49255	6.82851	3.93569	8.20226	9.22736	4.53507	4.88537	7.4479	5.26268	2.84782	7.80708	10.2442	7.02065	2.18708	1.78546	3.31902	5.38897	9.04347	9.98778	9.81677	7.52355	5.26302	3.53143	9.33198	12.8221	12.53	9.06376	3.66326	5.90724	4.62719	2.48324	10.8443	17.2845	15.5566	9.77278	2.76721	5.96662	8.07873	10.1018	9.58459	6.87457	7.22473	8.0359	7.79023	5.01458	9.81247	16.5009	13.2708	8.51985	7.26138	10.7111	6.94186	8.77117	9.24528	6.25619	4.85479	6.05947	7.23426	4.22797	7.41494	10.4704	9.32465	5.65325	13.8483	13.6297	7.87664	6.77012	4.57756	3.45552	3.52742	2.31469	2.78283	2.48664	1.44742	3.77913	4.85881	2.66605	0.338599	1.66233	0.770438	0.252389	1.66601	1.66533	1.60619	1.85712	1.3929	2.37744	3.33262	5.22549	7.94182	8.35094	6.27357	7.37771	5.10105	2.64553	2.49119	1.86447	2.37136	2.57256	2.91539	3.87562	3.82407	3.25536	2.6533	2.99523	3.72643	4.21269	4.43441	4.40562	4.02372	3.78861	4.59865	4.5314	4.2223	0.960332	6.99816	8.22247	6.88384	5.91813	4.2846	2.68475	2.17366	2.07056	1.35285	2.67521	4.33998	2.37318	1.18338	1.38576	1.59008	1.78407	1.27075	1.19453	0.526488	1.1081	1.88402	1.62949	1.16059	1.80529	1.03928	1.7673	3.77997	0.972962	2.70353	4.12848	3.88594	0.729372	0.112868	0.790369	0.858032	0.46538	0.316843	1.5173	2.24774	1.34703	0.497149	0.538448	1.34075	0.363991	0.356915	0.798061	1.08718	0.894381	0.666561	0.985423	0.783597	1.06253	0.367473	0.0713873	0.0713873	0.151436	0.282859	0.301179	0.435963	0.289097	0.384418	0.293456	0.807566	0.460421	0.770438	0.0504788	0.127703	0.595937	0.352605	0.5289	0.335576	0.0225742	0.186148	0.208126	0.204416	0.100952	0.0225742	0.0451484	0.431258	0.328677	0.356936	0.872177	0.587342	0.863945	0.821633	0.497118	2.22726	3.28516	1.86983	1.30464	1.40153	1.2778	1.43062	1.75628	0.222324	2.12933	2.13437	1.63321	1.62883	1.43451	0.934473	0.886969	1.80534	1.59866	0.222334	1.25197	0.999533	0.820424	0.575531	0.700868	2.72499	3.23065	5.55821	8.63093	7.83364	7.08841	3.7802	2.64541	5.92629	8.51567	11.1925	8.84881	4.71505
4.16332	4.43697	2.63462	3.13233	2.07778	4.55031	4.70222	3.38683	6.24318	11.8478	11.8049	6.90431	3.19771	7.91755	9.71514	4.28501	7.00413	1.04031	6.86159	7.4287	3.8831	8.07676	9.4563	5.57953	3.24666	8.99923	7.31744	1.88257	8.39874	9.91202	7.03803	6.20462	6.35768	5.25702	3.3536	9.73762	9.02552	9.34046	8.51739	5.20108	8.25875	12.9493	11.7471	8.66508	4.75687	6.28061	5.79434	3.81672	6.55897	16.7994	18.6365	12.7748	5.35631	4.65327	9.05449	10.1149	9.55275	7.38191	4.33445	5.19474	6.45687	6.68709	2.55224	12.3387	16.6609	12.5456	8.26226	6.59428	10.7027	7.56823	8.29918	9.57861	5.24539	7.09714	7.52887	6.42683	5.36513	7.91393	8.54497	5.08143	4.70316	14.5536	13.9249	7.50615	6.51424	5.15985	3.81417	2.98677	0.528801	1.09558	1.93723	2.25864	4.31113	5.31669	3.6749	0.782142	1.32675	0.370159	0.306989	0.607255	0.550998	1.4036	1.19624	1.05365	2.24911	3.63877	4.99878	5.49299	5.50669	5.72777	6.0654	4.08231	2.61189	1.50309	1.26371	2.43959	2.61639	3.03553	3.89867	3.89883	3.2331	1.55956	1.62601	2.59055	2.75895	3.2489	3.12989	2.50621	4.43135	5.63205	5.34229	4.20396	1.6115	8.36095	8.92834	6.72151	5.35428	3.95273	3.35937	3.16445	2.94999	2.28777	2.55868	3.50087	2.49537	1.41638	2.13964	1.78939	0.903851	0.586786	0.785998	1.09674	0.989868	0.460323	0.909739	0.739282	1.5556	0.993234	1.4137	2.61622	1.74666	1.7468	4.88831	3.87035	1.54235	0.403745	1.21207	0.646685	0.414331	0.815579	1.90864	1.87096	1.00239	0.507194	0.616028	0.832256	0.545421	0.542615	0.497037	0.837749	0.895051	0.607255	0.52105	0.510699	0.549128	0.142742	0.0451398	0.063839	0.0451398	0	0.0451398	0.63873	0.494994	0.722542	0.131601	0.82858	0.363926	0.803618	0.112849	0.151406	0.620945	0.558338	0.542133	0.264167	0.0504667	0.0930592	0.17189	0.151406	0.0504689	0.0930568	0.25234	0.363921	0.0504667	0.180559	0.616001	0.628688	0.727801	0.821479	0.289026	2.72919	3.10873	0.676299	0.668366	1.55956	2.16876	2.61809	1.81024	0.939191	2.36414	2.03839	1.65084	1.85464	1.37264	0.531211	0.526414	1.9602	2.93713	1.80631	2.34298	1.43635	0.620945	0.497051	1.31582	3.34388	3.60257	5.36621	7.603	6.27075	5.77181	6.30316	6.23509	8.62741	11.3842	11.602	7.66925	3.04038
2.60507	3.59808	3.66297	2.79918	1.44407	1.92693	3.94587	3.69723	6.29564	11.4333	11.9484	9.43062	7.72463	9.03076	8.19501	4.53361	9.31726	2.70617	9.31116	10.1413	2.04071	7.96822	9.12745	8.52372	1.27731	10.9422	10.3431	2.83216	8.71869	9.18842	7.25426	7.3632	7.89528	8.32882	4.30071	7.07914	7.37158	9.2121	9.35213	6.29828	10.4924	13.0724	8.68738	6.44727	6.92463	6.38983	3.49882	8.56368	13.3484	19.5157	17.0626	8.63442	8.95002	10.95	10.2783	9.8406	7.82091	4.70675	2.68372	5.81179	8.85852	8.90939	1.94315	13.7864	16.3898	12.4426	7.69766	5.17514	9.99675	6.71456	7.49855	9.06792	3.18758	7.41197	8.63346	7.14957	5.45566	5.91789	4.30187	2.52131	6.55965	14.4014	13.3291	6.67299	5.85079	5.43538	4.45599	3.12683	0.545757	0.622455	1.00198	1.9034	3.76084	5.24938	5.22109	2.0438	0.702761	0.230121	0.201827	0.403649	0.464656	0.925385	0.723472	0.842448	1.69668	3.35469	4.98812	4.53036	2.6632	3.01711	3.9453	3.5206	2.94451	2.03619	1.38288	2.15972	2.17806	2.63444	3.52299	3.70609	3.58874	1.66217	1.89746	2.21098	0.52486	1.89811	2.47208	2.25939	4.57183	6.06396	5.33091	3.80526	1.85421	8.70823	9.17511	6.30884	4.763	3.79206	3.43288	2.29162	2.26669	2.51227	3.55399	2.50515	0.999403	2.15457	3.47192	2.64131	1.32369	1.07858	0.580148	1.17776	1.18401	0.478136	0.487105	1.13017	2.03455	1.69615	1.60223	1.64077	1.69833	0.944951	3.80913	3.67486	3.04382	1.14627	1.1382	0.465201	0.43112	0.817595	1.85421	1.86787	1.31262	0.925121	0.925962	0.494905	0.208041	0.323091	0.633417	1.09144	0.745985	0.313479	0.226779	0.191481	0.230121	0.0451311	0.186077	0.191481	0.186077	0.0451311	0.0813636	0.718149	0.294215	0.770142	0.0713599	0.555009	0.335464	0.545757	0.0902622	0.151378	0.287202	0.264127	0.243042	0.0902622	0.0504569	0.0319135	0	0.0319135	0.0504569	0.144485	0.394076	0.431109	0.510603	0.718194	0.756505	0.565921	0.696928	0.866849	0.406792	3.20215	3.20096	0.302754	0.971249	1.83327	2.15454	1.67988	0.97677	2.20162	2.12361	1.69202	1.8821	1.4898	0.543452	0.519486	0.385587	2.44075	3.43031	1.54372	3.58342	1.827	0.274517	0.316718	1.42058	3.2819	3.65029	4.94443	6.1406	5.10944	3.32842	6.15203	9.42473	10.4139	10.2548	9.41799	5.92386	2.07561
2.88969	1.96107	0.157928	1.4166	0.884439	1.0154	2.88575	4.48053	6.76909	10.3873	10.6902	9.23792	7.71928	8.37282	6.67353	5.13197	10.1288	6.38859	10.3674	11.3315	2.33905	7.46202	8.85877	11.306	4.213	12.9039	12.3491	4.3398	8.83443	9.32493	7.62679	5.8965	5.17221	7.14168	4.87722	4.57221	4.17418	6.88844	9.006	9.30418	10.9653	11.821	5.12426	8.62241	10.1031	2.96518	8.17927	13.4879	17.1424	18.721	12.8885	4.85549	14.4353	14.0992	8.35335	7.88941	4.28213	2.67674	6.91833	8.50792	11.2118	11.8257	3.48251	14.2337	16.6605	13.19	7.73211	5.30479	9.51566	6.62156	7.6841	7.95934	2.59753	5.87569	6.53309	5.87625	2.67616	1.93278	3.23948	5.88631	8.53457	12.6221	11.2134	5.9983	5.53466	5.11617	4.39877	3.57393	1.40687	1.29684	1.29133	1.4289	2.36272	4.19163	5.39694	2.76331	0.747553	0.288915	0.484388	0.293288	0.536252	1.48871	1.49094	1.1056	1.42836	2.65318	4.32348	4.44871	1.69221	2.95325	3.69007	3.17037	3.47088	3.26529	2.29959	2.40245	0.465093	0.115039	2.88225	3.49084	3.75799	2.14992	3.10633	1.69583	1.45481	2.63122	3.20318	2.97479	4.45695	5.70641	4.60179	3.9032	1.50876	8.40788	10.319	8.67093	7.34379	5.92927	5.05277	2.35767	0.252243	2.52773	3.61159	2.38292	1.45289	1.3326	4.63409	3.79456	1.7598	1.97605	1.35716	1.36555	1.783	0.887899	0.933988	1.80655	2.55261	2.19067	2.00717	1.76934	1.60713	1.05736	2.55167	2.41712	3.26032	1.69459	0.252238	1.08375	1.06052	1.29265	2.20168	2.2003	1.76928	1.42982	1.12636	0.898127	0.438041	0.176204	0.83955	0.928206	0.208001	0.121494	0.137233	0.0957218	0.0930212	0	0.325371	0.127629	0.293288	0.31666	0.438063	0.264066	0.431035	0.543328	0.115039	0.296742	0.323031	0.323021	0.100899	0.159536	0.142692	0.0319073	0	0	0.0225613	0.0319073	0.0451225	0.0319073	0.0504474	0.121494	0.444387	0.454017	0.335388	0.629276	1.00129	1.29133	1.44995	1.40394	1.48389	3.74445	2.43145	0.716956	1.44799	2.20296	1.9349	0.498379	1.18077	2.67887	1.81913	1.2543	1.92647	1.78445	0.832285	0.797615	0.690215	2.93224	3.91097	1.15598	4.60836	2.19185	0.536269	0.536266	2.15269	3.84057	3.98688	4.56038	5.09778	3.99921	3.05703	6.47846	7.40806	6.72841	5.85554	7.06739	5.45713	1.75065
1.90124	4.20965	4.22811	2.36981	0.543231	1.1333	0.654513	2.86378	5.92325	8.86319	8.83195	8.03689	5.46893	5.65485	3.58642	4.61039	7.62087	7.43453	10.2326	10.1469	3.0385	6.41506	7.90774	11.8155	6.01858	12.9166	12.1154	3.08927	6.7744	8.33494	7.20348	3.1846	3.20517	5.1543	3.33597	4.6372	2.92991	2.31056	5.49495	7.66861	8.77198	9.44903	3.67349	10.8394	10.9053	2.79824	12.1309	13.2744	15.1137	13.5967	6.40315	5.10829	15.5253	15.1379	8.80634	6.42771	1.45128	6.71609	8.24912	7.53047	11.9015	12.5216	3.61619	14.6046	17.0822	13.1036	8.02724	5.44795	8.80001	6.54935	7.17375	6.38443	2.25289	6.01368	4.34737	4.71719	3.19756	3.24396	4.96783	6.06028	7.30249	9.47544	9.30855	6.06441	5.37704	4.12904	3.60835	3.51823	1.70088	1.02073	1.184	1.48377	0.938129	3.61865	5.42119	3.01625	1.34277	0.285319	0.716822	0.171792	0.988534	1.65587	1.26478	0.970906	1.49063	2.11142	3.36791	4.18634	2.02996	4.56987	3.87942	2.48562	2.99657	2.74427	2.29434	3.87934	1.89305	1.98657	1.88439	2.88215	3.4068	2.11321	3.30119	2.07695	2.7986	2.50663	3.05058	2.97487	4.08921	4.75869	3.88904	4.80082	3.22509	7.12752	10.9815	11.4079	10.2929	7.94045	6.37553	3.67021	2.83493	4.52671	3.78648	3.33388	3.63816	1.77633	3.76602	4.30043	3.60498	2.64669	3.86079	1.53766	2.33002	0.763249	0.797481	1.1095	2.44139	1.69547	1.88256	1.70151	1.12772	1.22744	2.17609	1.90262	3.08856	1.67919	0.920645	1.5192	0.781696	1.66931	3.00639	2.23153	1.519	1.33594	0.800954	1.31115	0.487959	0.223308	0.958232	0.731917	0.0902281	0.181861	0.164215	0.0319013	0.022557	0	0.352338	0.0638026	0.171785	0.66377	0.646316	0.564357	0.356644	0.0638026	0.137208	0.13721	0.343581	0.243996	0.0638026	0.0713304	0.0638026	0.0713304	0	0	0	0	0.022557	0.0319013	0.022557	0.0451141	0.300942	0.541824	0.747413	0.815115	1.10237	1.29814	1.75092	2.12006	2.97214	3.92286	1.46866	1.22079	1.77567	2.44005	1.63317	0.378125	1.20126	2.5773	1.87681	0.977158	1.62646	1.75092	1.23863	1.39246	1.78844	3.38027	3.77121	1.37738	4.99692	3.12502	0.39459	1.0845	3.17013	4.48054	3.40749	3.17273	4.71992	2.94096	4.30318	5.98658	4.38734	4.01958	4.00866	5.23485	5.3482	2.21861
3.49323	4.46354	2.66742	1.60098	3.32932	3.58406	1.76776	0.747259	4.23888	6.6626	6.56301	7.40147	5.89633	3.86352	2.36839	4.23132	5.86583	5.70216	8.78001	8.55847	2.81434	5.9992	6.53092	8.89141	4.59052	11.4343	11.2859	3.81243	5.68784	8.48254	9.02678	5.28559	4.25882	4.52723	6.02634	6.60766	5.64007	3.11347	4.99582	7.38689	7.69294	4.43962	4.90457	10.8128	8.92591	8.25401	15.8175	14.4213	14.1206	7.8694	3.55294	8.54419	14.1882	13.8573	9.13627	5.43705	7.2852	10.8221	8.04606	8.86225	12.9834	12.6172	3.37927	15.1608	17.0031	12.7772	9.07099	5.68719	8.96964	8.63072	8.15134	4.05903	4.28542	8.68149	7.03897	7.8676	7.62022	6.92707	7.06957	7.6314	7.88126	8.01258	7.94267	5.61134	4.74806	3.17363	3.17435	3.12611	1.63392	1.05696	2.07442	1.0845	1.2055	3.63176	6.22386	4.51444	2.53232	0.548717	1.03875	0.212755	0.927851	1.60145	1.71617	0.524557	1.5531	1.59315	2.37614	3.41987	2.90371	3.91653	0.787689	2.09781	5.48826	7.81705	9.43651	9.92743	8.48694	7.76492	5.7998	3.1252	1.86354	1.55721	2.50214	2.396	3.8823	3.65727	4.09624	3.60819	3.24979	3.85802	4.26028	5.85914	4.2185	2.75204	7.56379	11.1793	12.4099	10.8738	9.79588	8.89893	8.63183	8.78381	5.76034	2.69091	1.45093	3.20972	2.21884	3.38352	5.46518	1.16929	3.39781	2.02894	1.58742	0.302579	0.739759	1.21956	3.00172	2.88745	2.11043	0.414606	0.549184	1.26294	2.42175	2.26362	3.00894	2.11384	1.81992	1.88797	1.3397	1.4221	3.218	2.01073	0.956979	1.22035	0.947393	1.08846	0.570963	0.447636	0.90763	0.444788	0.151284	0.176136	0.162625	0	0	0	0.235451	0.181829	0.235451	0.770698	0.0813166	0.750639	0.444788	0.262998	0.185975	0.344238	0.159466	0.0637867	0.0637867	0.0813125	0.0318951	0.142633	0.15129	0.15129	0.0676578	0	0	0	0.0451052	0.121452	0.225525	0.100856	0.383389	0.973583	1.68384	1.2303	1.2044	2.48541	4.18895	3.78817	0.660193	1.32633	2.31897	2.74536	1.36651	0.504268	1.25727	2.18416	1.70587	1.01501	1.40178	1.51218	1.22684	1.10933	1.03951	2.34551	2.87481	0.18042	4.29014	4.33323	1.27733	1.77778	4.02475	4.5968	3.04307	0.957256	3.95302	4.95794	6.41395	6.04196	4.87677	5.22575	5.406	5.44121	4.85382	2.68716
3.18834	4.62177	5.07694	3.27769	2.27664	3.93719	3.2111	0.176103	3.38573	4.54961	4.52954	6.2239	6.92563	4.4009	4.05131	4.65597	5.99841	3.60668	7.57459	7.57524	4.32695	8.60824	7.09046	4.7124	4.55066	9.85683	10.3139	5.34902	4.57434	7.22344	8.60102	6.17918	3.38174	4.18839	7.88872	7.56713	7.49674	8.6623	9.29916	7.2049	4.59979	3.27714	8.06681	8.96916	3.60796	12.7779	16.7057	13.4329	11.4322	3.78441	11.8197	12.8667	12.9904	10.7753	5.85553	7.10649	11.6425	10.5127	5.66297	10.4627	13.2818	12.4806	2.98207	14.6234	15.8247	12.7628	9.8366	3.63731	7.84125	9.23522	7.49172	5.45964	8.8871	11.0382	9.14136	9.15308	7.82561	5.81248	5.18016	6.76716	7.57403	7.68266	6.41361	4.1713	4.11085	2.84013	3.18688	2.78098	2.09795	2.1382	1.64741	0.948266	3.01044	3.74598	6.93399	7.28546	5.08277	1.10563	1.30133	0.744415	0.941578	1.29059	1.33548	1.31995	1.85487	1.46269	1.7847	2.08646	1.1983	1.52113	4.22788	7.1703	10.8628	14.3347	15.6103	15.2418	13.6969	12.2855	9.61113	6.41906	3.12154	2.10812	2.87048	1.19577	3.68197	4.5397	5.22607	3.99086	2.37125	3.60868	5.22454	7.03772	5.88258	2.74516	2.35932	8.35139	12.008	11.5837	12.082	12.2353	11.7806	11.7371	10.6934	9.37539	7.21561	4.60474	1.17171	2.58302	5.58686	2.61323	2.32121	0.850842	0.841828	0.939695	1.04907	0.926899	2.11771	2.53039	3.12207	1.54692	0.479362	0.570866	1.98613	2.62771	2.9928	2.30975	1.74405	1.82076	1.22493	1.40932	2.13547	2.23941	1.24078	1.12119	0.9632	0.180387	0.608784	1.0777	0.875531	0.0812973	0.142611	0.320461	0.0901935	0.157838	0.239698	0.181792	0.0450968	0.20788	0.6071	0.387922	0.609202	0.769574	0.181789	0.344174	0.0225484	0.369806	0.114973	0.100842	0.0450968	0.0504208	0.112745	0.204182	0.204185	0.204185	0.15944	0.0504208	0.0225484	0	0.142606	0.338974	0.542092	0.545837	0.34419	0.655411	1.47013	1.33085	0.369806	2.2939	4.55662	3.79762	1.55288	1.32688	1.75832	2.77131	1.54511	1.24017	2.23161	2.16373	0.809484	0.721864	1.30933	1.60435	1.70042	1.37689	0.696431	1.32108	2.62347	2.04448	2.68756	4.28815	2.16836	2.81846	3.88444	3.6176	1.68277	2.18659	3.93241	6.26866	7.00773	5.74512	4.73435	4.38263	4.38675	4.26563	3.69618	2.46133
5.82548	6.70446	3.5692	3.08747	4.82351	4.35753	2.96224	0.332847	2.65363	3.11227	3.02286	4.29808	5.82853	4.46983	4.10238	3.32683	6.04749	3.36664	6.90116	8.13925	4.24696	10.5925	8.0535	4.97841	6.38828	7.96958	8.63667	5.68809	1.96274	7.77452	9.26372	6.75784	1.24157	3.17413	6.87811	4.04161	8.90149	13.5007	9.93181	0.69921	5.85086	8.66877	8.80252	6.13102	2.75601	13.6083	13.9071	9.68616	7.33264	5.69339	16.5766	12.4351	7.69561	4.78514	6.34707	10.5996	10.5742	5.30994	4.81074	11.0254	12.9494	11.2886	2.38717	12.2906	13.488	13.5941	12.0561	4.57854	2.85095	4.20151	6.37406	9.7937	10.8884	10.7618	6.44217	3.95779	2.05539	1.73365	2.65915	5.00155	5.09389	5.29909	4.15455	3.02221	3.82835	3.04917	3.00593	2.13505	2.20828	2.55618	1.8392	2.77662	3.6428	2.79415	5.55261	8.5021	7.83446	3.83928	0.226563	1.25928	1.15139	0.8128	0.271473	0.977889	1.69989	2.1227	2.24472	1.42138	1.31915	3.15255	5.86583	8.08741	11.7723	14.8407	13.8807	13.6619	12.9961	12.3331	9.8245	7.46927	5.86969	4.563	4.86488	2.28117	1.94167	4.76994	5.6938	4.75229	3.0443	2.9786	4.50272	6.57363	6.22313	5.23801	3.92662	3.76379	8.81658	8.45503	8.73024	9.15846	9.64171	8.52652	7.34246	7.71537	9.38031	9.42068	4.46818	3.36927	5.1099	2.44839	2.65806	2.45587	1.86073	0.54199	0.464762	1.1604	1.68609	1.88787	2.6457	1.86989	0.641577	0.535863	0.68151	1.72183	2.56719	1.85252	1.75989	2.15868	0.433063	0.861349	0.825475	2.12636	1.09988	0.159412	0.369734	0.886338	0.886338	1.59396	0.771056	0.171686	0.127532	0.482438	0.0450881	0.685612	0.802744	0.766453	0.225446	0.478217	0.565371	0.204146	0.699911	0.322775	0.171686	0.293064	0.112717	0.243843	0.114954	0.0450881	0	0.0504088	0.0676322	0.112717	0.135264	0.157808	0.0956434	0.0676322	0.0504088	0	0.191286	0.437706	0.514062	0.430709	0.626377	0.886352	1.45511	1.44899	0.508611	2.29444	3.54903	3.28048	2.89258	2.60765	2.14251	2.4019	0.994114	1.9388	3.15376	2.77155	2.07956	1.02065	0.322771	0.52436	0.866076	1.11917	1.24977	1.18015	0.64473	1.61302	2.14081	3.72756	2.10707	2.84859	4.02516	3.80971	3.63016	4.51494	3.93748	4.40829	4.77031	3.92212	2.7484	2.05247	2.49627	2.32245	1.94818	1.42727
0.733128	3.47925	5.13125	2.0238	3.44619	3.19748	1.81662	0.838775	2.23843	2.45776	2.38879	3.04768	4.38949	3.56677	2.11278	1.77494	5.9553	5.43545	4.88181	9.66529	2.18257	10.2679	9.77731	6.40633	5.79816	6.17544	7.4366	5.54945	3.94525	9.91704	8.86417	5.55342	1.36426	5.34456	7.16445	2.14991	11.2846	14.4072	8.06314	5.47352	8.87698	10.2124	9.0969	5.24185	7.19014	13.7936	12.7047	9.32103	6.84468	6.11693	17.1014	12.0876	3.97317	7.82227	10.868	10.3694	6.14433	4.51526	7.11746	11.0149	12.6324	8.38119	5.08119	10.493	8.37892	11.3157	13.5974	9.91516	5.36663	1.80893	9.97999	11.9378	10.0198	8.95388	4.43006	5.01686	6.45694	5.86863	4.94655	5.6108	7.02743	7.59626	3.67719	1.99299	3.70511	2.92236	2.02768	1.42701	2.21123	2.58442	2.02841	2.76576	3.26314	2.82608	4.12698	8.18712	9.53071	7.43754	3.05861	0.861201	1.08414	1.47843	1.66355	1.40878	1.24276	2.1763	3.11946	1.6598	1.33339	3.21312	5.54658	7.33131	11.4282	14.3892	12.2573	12.0853	12.5161	13.9691	11.5397	8.48043	7.09111	5.72085	6.11049	4.67702	1.13897	3.32819	5.27626	5.02772	3.26967	2.69258	3.8717	5.34978	5.32717	5.75109	5.90776	2.0733	6.96586	8.78119	8.42947	9.04861	9.50326	6.83186	3.37552	1.46132	4.64777	7.12419	4.09852	3.60899	4.79999	2.61167	1.88193	1.6634	2.47823	1.60433	0.844782	0.981864	0.777154	1.61565	2.11844	1.79579	1.13338	1.04843	0.700168	0.473851	1.99454	1.73737	2.57652	3.5356	2.37395	2.24663	1.19525	2.8862	1.89293	1.13045	0.862637	1.61803	1.57803	2.16614	0.826866	0.278803	0.114932	0.558026	0.164089	1.1995	0.676553	1.1634	0.243809	0.456378	0.239593	0.393626	0.518877	0.112696	0.28864	0.272341	0.221994	0.343318	0.316359	0.142551	0	0.0503994	0.0676193	0.0929349	0.127507	0.151204	0.0956306	0.0676193	0.0503994	0.0225398	0.159376	0.444534	0.535741	0.306576	0.285101	0.814186	1.3057	1.45291	0.838775	2.65515	2.6074	1.84817	1.95648	1.77441	1.627	1.78234	0.306579	2.59269	2.89844	1.34042	1.08553	1.42116	1.27646	1.27646	1.09418	0.589917	0.320339	0.743438	0.846923	0.344059	0.981849	2.73495	2.64069	3.08762	4.2897	4.717	4.6755	4.13641	3.31148	3.32097	3.30548	3.03141	2.67135	2.18383	1.69298	1.6364	1.83229	1.6954
1.18054	2.41791	4.16508	3.38094	1.34778	0.746374	1.03967	1.10504	2.31068	2.63589	3.45646	3.84968	4.1144	3.79098	2.47783	1.73926	4.4782	7.00545	5.49671	8.38781	3.84007	7.1919	9.69008	7.11575	4.83896	5.3257	7.0854	4.29123	6.25927	10.7867	7.55703	4.38543	3.89321	7.12852	6.44404	2.47746	11.7494	13.1161	7.08613	7.20478	9.34648	10.6098	8.23612	4.30476	9.28588	13.6798	12.1103	9.40855	7.05221	5.69019	13.8302	11.0556	9.90283	12.6043	10.7503	5.92344	3.94666	7.60692	8.80935	10.7949	11.6085	4.19806	8.33081	11.2487	7.59665	5.63106	10.4942	12.2002	9.74378	3.007	14.1156	12.4553	5.73316	7.51571	9.45081	10.7577	9.97371	7.87045	6.51306	5.08606	6.10689	8.01319	4.63761	2.80596	4.02765	2.9236	1.34829	1.50299	2.31988	2.4839	2.4011	3.10167	3.33423	3.60344	3.48734	6.84897	9.87298	10.8594	6.41698	0.322647	0.557487	0.956555	1.34983	1.67759	1.16927	2.14454	3.1476	2.0657	2.12316	4.17437	6.0346	7.10164	10.5446	14.292	12.7091	9.64417	9.70585	15.0261	13.3552	9.41591	8.22056	6.70789	6.59021	5.6436	3.583	1.03652	3.65492	4.56246	3.46182	2.62383	3.70534	4.84755	5.06395	6.92987	7.05384	4.3375	6.74131	8.6616	9.02421	10.9283	10.4014	6.79232	3.77886	3.35971	4.81195	5.53825	3.37435	3.00351	3.68356	2.29361	0.72568	0.892865	2.34343	2.36729	1.34471	1.41135	0.497815	1.3163	2.23906	2.12324	1.72301	1.52761	1.42108	1.03384	0.695997	1.62739	3.50136	5.22408	2.7808	3.97237	3.24755	3.44749	1.55522	1.83843	0.733994	1.8057	1.2563	2.13745	1.15709	0.877685	0.634582	0.694169	0.239546	1.17618	0.475388	1.11869	0.121354	0.618771	0.487519	0.608853	0.608434	0.496295	0.585043	0.343253	0.112677	0.0812503	0.334999	0.191213	0.0676063	0.144301	0.171628	0.11491	0.050392	0.0450709	0.0503895	0.0225355	0.0503895	0.0503895	0.151168	0.232009	0.406258	0.49424	0.76649	0.907225	1.105	1.55372	0.38772	2.55756	2.32374	0.901627	0.924975	0.618785	0.679408	0.962608	0.87763	2.57984	2.16245	2.12314	1.81715	0.906425	0.242708	0.423405	0.83651	1.07501	1.29043	1.21131	0.54179	0.127484	0.826735	1.99268	2.73582	3.16824	3.8021	4.41777	4.71152	4.12265	3.43387	2.98472	2.50076	1.89619	2.38754	3.0911	2.59965	1.5739	0.970743	0.724254
6.64569	4.63905	3.55988	3.66873	4.21311	3.56486	2.98578	0.707081	1.64494	1.86499	2.81816	4.01923	4.58201	4.22257	4.2847	2.9538	2.68395	5.14506	5.00172	5.26604	4.87814	3.18267	7.70785	7.52967	5.65614	5.66705	6.45921	1.43271	7.07386	9.98846	6.86009	4.34108	5.36751	7.94275	5.52768	4.0718	11.6129	11.5613	4.46491	6.78461	9.46794	10.3724	6.15669	4.15164	11.0476	13.0214	10.4433	7.21789	7.33952	8.48072	5.62054	8.87384	12.1638	10.4225	6.95404	6.59293	8.44836	9.91461	8.69518	8.71882	8.68884	4.00953	9.17357	8.5223	5.8263	6.913	10.6551	14.5024	12.1551	4.81935	17.1925	11.6954	5.57646	9.32283	10.9557	10.6931	9.5728	9.1531	7.98665	6.77255	6.97934	6.8357	4.28258	2.96079	3.53396	3.13906	1.42203	0.836036	1.80481	1.27135	2.04068	3.15481	3.0383	2.96435	1.93487	3.67832	8.2108	12.7647	9.24996	1.73259	0.231966	0.513768	1.17232	1.88774	1.01877	1.7029	2.58408	2.5779	3.7664	5.18817	6.17458	6.4	8.64089	13.6412	15.8008	12.14	5.98613	13.459	14.6464	10.8543	9.57694	7.98047	7.24204	6.10466	4.92402	2.8722	3.02713	4.64535	3.50591	2.47201	3.77302	4.82341	5.1558	8.00482	7.9288	5.92966	5.15772	5.83194	10.4238	12.6039	11.4572	7.41876	4.85885	4.30688	4.4344	3.97749	2.7596	2.57582	2.81872	2.26311	0.498727	0.930533	2.14982	2.09876	0.877466	1.65672	0.442652	0.242662	1.51859	1.61693	0.878662	0.940059	1.12914	1.54232	0.969771	1.8752	4.10318	5.08337	2.75588	3.13518	4.40916	3.31144	1.1684	1.45164	0.586221	1.38659	1.44606	1.31834	0.695532	1.03732	1.1929	0.974728	0.181647	0.777841	0.796566	0.788861	0.510789	0.976037	0.694074	0.811067	0.618666	0.807637	1.00072	0.757365	0.464472	0.226435	0.32259	0.171588	0.164026	0.164031	0.18165	0.121331	0.0318647	0.0675934	0.092897	0.031863	0.0812351	0.10076	0.213745	0.0503822	0.13705	0.180249	0.486363	0.919277	0.937052	1.36357	1.25269	2.32301	1.79918	0.483742	0.669857	0.6199	0.733528	0.645159	1.08975	2.22679	1.55427	1.54136	1.57439	1.16844	1.08887	1.14209	0.645173	0.383687	1.14896	1.88136	2.08967	1.66519	0.950525	0.095594	1.1372	2.48734	3.29813	3.04723	2.71153	2.64088	2.98519	3.14386	2.58859	1.94597	2.00559	2.11388	2.36438	2.31086	1.60882	1.08748
11.0952	10.1014	6.94263	5.99194	5.54504	4.76646	4.24452	2.95536	1.14853	0.462216	0.967226	1.14785	3.57828	4.03982	4.3649	4.21296	1.03612	2.62769	4.71995	3.96441	4.42833	2.11083	4.92596	6.31801	6.16194	5.77932	4.52522	2.23566	6.30047	7.87044	6.77574	4.00067	5.54714	8.09428	4.88814	5.40091	11.7948	10.9524	4.23087	8.47603	10.201	9.16287	2.93472	7.84897	13.9916	13.0278	8.29196	2.47732	9.36188	11.0935	7.47098	5.54714	7.70051	5.37965	8.20296	11.5213	9.82762	7.67166	4.98882	6.33189	8.42707	9.28372	9.1399	5.29512	4.00798	6.43637	12.8855	15.9231	10.4876	5.83824	16.5978	12.9964	10.1078	8.99043	7.96099	6.6458	8.38464	10.0846	8.16705	8.41388	8.21018	6.0087	4.52744	3.36613	2.41844	2.30579	1.5316	0.924591	1.80501	0.413519	1.95527	2.13663	1.13625	1.5448	2.18441	0.900179	5.45895	12.2437	10.4309	3.65652	0.444302	0.60654	1.75884	1.8038	0.665576	0.79892	2.11341	3.75654	5.59264	6.1339	6.81442	6.36055	6.70919	10.8394	16.1297	15.3576	5.79898	6.37241	12.5019	13.0444	11.4105	9.21562	8.18147	6.9271	5.39089	3.89508	2.64005	4.19212	3.35822	2.64914	4.27471	5.30391	5.31435	7.99858	8.30272	6.53388	3.26651	7.13184	12.8632	12.4541	11.0904	7.66192	4.90536	4.04185	3.42597	2.75728	2.39362	2.15493	2.46814	2.30842	0.76518	0.798961	2.25195	1.49135	1.09836	1.64273	0.343107	0.37762	1.17575	1.38284	0.20149	0.478931	0.523959	1.14847	2.22976	1.55804	4.2597	4.80222	5.15383	3.16123	3.81954	2.59119	1.15224	0.544831	0.759872	0.50369	1.46163	0.676131	0.20768	0.239455	1.32192	1.083	0.0503703	0.278635	0.191152	0.221857	0.732665	0.995647	0.468756	0.923793	0.463858	0.544356	0.274965	0.482069	0.738872	0.271249	0.159283	0.159283	0.159283	0.0928818	0.185758	0.0812193	0.0318587	0.0928791	0.121313	0.15929	0.0675805	0.181612	0.371511	0.366717	0.382299	0.282265	0.407969	0.676131	0.793498	0.869165	0.715867	1.94554	1.07077	0.394042	0.315372	0.621425	0.625898	0.229731	0.845494	1.6996	1.11827	0.66972	1.30339	1.00026	0.47787	0.288473	0.836147	0.992074	0.869495	1.56166	2.28774	2.72227	2.22862	1.4458	0.860658	1.03762	2.04627	2.41247	2.16559	2.02975	2.27451	2.22556	2.12343	1.99703	1.59948	1.5624	1.16888	1.58246	1.5532	1.66108
5.38142	7.82173	5.58192	6.28437	6.23027	6.22578	4.42901	4.28935	3.35838	1.24917	1.48632	1.15925	1.44292	3.61133	4.90936	6.52348	2.26035	4.99764	4.63313	4.25309	3.69195	3.11026	3.18139	4.62905	5.06861	4.96315	3.53113	4.24292	6.47199	6.05093	6.01583	4.63012	5.81486	7.72769	3.90035	6.00352	11.1027	10.5749	6.89291	10.253	10.2497	5.99978	3.30895	11.4294	14.6729	11.1231	4.60623	5.0187	12.2417	9.34274	14.6599	9.39854	3.07194	2.25106	10.8304	13.0382	7.3062	6.24041	8.51862	9.65318	10.0263	11.3155	10.6575	7.58409	5.05839	9.30093	14.2108	13.6871	6.39618	5.97319	12.5039	12.2725	8.34274	5.50336	4.00238	4.60527	9.33963	10.4151	7.74855	8.41611	8.35516	6.45087	5.48028	3.53369	1.93945	1.39574	1.38533	1.40152	1.5484	0.450453	1.8556	1.37433	1.9931	3.16614	4.04952	4.19584	4.65598	10.7277	9.9941	4.26439	0.525765	0.635799	1.4469	1.39991	0.518506	0.343055	1.60308	4.62409	7.0992	7.17729	8.01028	8.1398	9.02315	10.5756	11.265	12.7816	9.89777	3.74147	5.75993	13.3994	13.7736	10.9657	9.33133	7.93066	5.59633	3.53232	0.969446	3.19607	4.32395	3.5572	4.49339	5.52275	5.24415	7.16473	7.70096	6.70066	3.0018	8.40354	13.8368	11.3985	10.3358	8.02211	5.21092	4.05976	2.74569	2.0442	2.18395	1.71665	1.96896	2.08136	1.32244	0.870181	1.53014	1.10551	1.59501	1.21456	0.284892	0.928534	1.0174	1.08771	0.352521	0.272133	0.406034	1.301	2.72394	0.644933	3.23987	3.91378	4.44859	2.61644	2.50331	2.47842	0.655828	0.293656	0.835991	0.136998	1.32244	0.767023	0.541476	0.73774	1.2301	0.950382	0.0318525	0.151082	0.0675675	0.0712213	0.703572	0.606407	0.977769	0.990139	0.671898	0.90673	0.997545	0.866412	0.723839	0.251805	0.0812041	0.201442	0.136998	0.112615	0.135135	0.0225225	0.0318525	0.0503608	0.050363	0.0955523	0.0225225	0.19374	0.462101	0.340821	0.401006	0.351818	0.497524	0.513572	0.801931	0.932337	1.30915	1.80467	0.556238	0.221816	0.450441	0.606429	0.405399	0.592449	1.21624	1.54121	1.33846	1.3662	1.53462	0.927731	0.90085	0.843277	0.777543	1.64134	1.48615	1.74204	2.12302	2.81805	3.06148	2.44142	1.44058	1.03908	0.39334	1.45028	2.1505	2.28075	2.05415	1.54126	1.08683	0.805754	0.711126	1.31012	0.962058	0.828101	1.13966	1.22458
5.50172	5.44237	1.00622	3.31216	5.05672	7.26812	4.37677	3.9001	5.05522	3.17218	1.76906	1.24013	3.20183	3.05865	5.52416	8.34948	5.87265	5.02029	1.83118	2.2373	2.86374	3.55508	3.18202	4.42069	3.99616	3.74208	4.02875	5.6047	8.58674	6.78274	5.2178	6.04885	6.87457	7.49675	3.49138	6.71009	8.81177	8.32363	7.21029	10.2483	8.32213	2.34449	7.98162	12.0086	12.3562	8.43017	4.54014	9.81953	13.6248	7.1695	17.2995	11.5822	4.71123	4.12367	9.56127	11.1222	7.84395	8.57572	9.73664	9.84548	7.8885	8.66061	9.69646	11.6491	11.7945	12.3358	14.5154	11.3522	3.31752	5.00477	7.36505	7.9293	5.24542	2.31411	2.69684	7.17374	10.6619	9.73742	7.16418	7.52085	7.31194	6.65894	6.3497	4.08367	2.23719	0.918737	1.24215	1.59468	0.980906	0.525695	1.06774	1.09869	2.60589	3.8814	4.73024	5.32305	5.18608	10.4872	9.9438	4.10113	1.3255	1.42766	2.07862	2.31989	1.82243	1.12578	1.56131	4.64202	8.15922	8.11786	8.70669	8.88692	11.0283	15.1868	16.1233	12.8407	6.16346	5.99	5.40702	10.9881	14.5857	12.6686	10.7746	9.07687	6.68572	4.01326	2.13011	2.68713	6.32336	4.52976	3.47751	4.83208	5.06526	6.79036	6.87128	6.04191	4.34628	8.77834	13.0379	10.7055	10.0254	7.95765	5.56717	4.33009	2.85311	2.40293	2.55962	1.7704	1.58067	2.11438	1.7942	0.707044	1.08305	1.53644	1.82609	0.578914	0.171497	0.923413	0.876959	1.30289	0.970043	0.940562	0.413976	1.31007	2.89042	1.50849	1.18135	2.38049	3.96458	3.80324	2.63203	2.78312	1.00823	0.675535	0.591045	0.271145	1.1941	1.00313	0.343712	0.229643	0.905679	0.798606	0.0225182	0.112588	0.112588	0.20761	0.60419	0.112594	0.769521	0.2936	0.171497	0.360287	0.443559	0.556157	0.477151	0.225188	0.127378	0.306287	0.423081	0.274876	0.112594	0.0712075	0.0318466	0.0503535	0.0675546	0.0225182	0.0675546	0.136971	0.459268	0.585887	0.415221	0.225188	0.559306	0.508014	0.544612	0.937036	1.32906	1.92646	0.413972	0.131306	0.86181	0.499988	0.987598	1.40902	1.66725	1.58166	1.55403	1.19668	0.733077	0.765574	0.477151	0.112588	0.62279	2.15422	2.40622	2.52857	2.30635	2.15526	3.43662	3.37112	1.63033	1.13582	0.830347	0.628077	1.08452	1.48062	1.65464	1.58074	1.3014	0.776444	0.163937	0.997054	1.0826	0.270217	0.302958	0.485056
6.27848	4.50527	1.82208	2.94914	2.66051	5.82246	3.41472	0.715452	2.86323	4.31126	2.72244	0.181517	3.68288	3.91777	1.03089	5.62713	6.4691	0.918602	1.89761	0.669345	2.73553	3.38376	2.62039	3.41412	3.36094	2.70767	3.12186	4.35802	8.7576	8.92043	6.02232	6.50212	7.12535	7.33473	4.05984	8.33312	6.72568	4.98673	6.43815	9.4611	4.58579	7.49449	9.98152	9.21706	8.50902	7.95937	9.59088	13.3766	12.4991	7.52914	17.8431	10.8344	6.87625	8.91392	7.65932	6.38281	3.27269	3.393	4.41473	7.13973	3.83059	5.70182	7.78941	9.76605	11.0543	10.3482	11.8884	7.44109	1.46639	5.3736	7.40587	9.96713	8.62747	5.53356	4.87028	8.40288	10.9209	9.03411	7.04105	6.97851	6.08446	5.94931	5.90349	3.81091	3.12942	1.61712	1.54061	1.68546	0.704776	0.942838	0.363013	1.76562	3.28351	4.21764	4.19972	4.86207	5.12479	10.3535	8.77342	2.34057	1.23234	1.38688	1.62072	1.39849	1.80646	2.38397	2.52153	4.97103	8.79795	8.4561	9.13932	9.82143	12.4968	17.4767	19.3448	20.0074	17.1814	11.3601	9.65252	10.0881	14.1111	13.2925	12.1266	9.95859	7.83554	5.22318	3.48172	0.982794	7.06914	5.6077	2.85745	3.96986	5.31128	7.56844	6.84655	5.12265	6.97142	10.8784	10.7812	8.30593	9.30906	8.27895	6.45104	4.93672	3.69346	3.31554	2.74315	1.76562	1.81525	2.40092	2.02102	1.43074	1.41005	1.93595	1.60057	0.121243	0.886036	1.65432	2.22787	2.10487	0.400853	1.44127	0.966948	1.03697	2.54621	2.16773	0.860195	1.54067	3.29444	3.36514	1.82207	1.40928	0.300374	0.442314	0.81171	0.765427	1.18942	0.980738	0.879138	0.614482	0.925433	0.68911	0.0711963	0.163906	0.503403	0.874224	0.687303	0.499865	0.687271	0.1148	0.0711941	0.191031	0.0450278	0.151024	0.0318386	0.0225139	0.400832	0.542193	0.784089	0.805446	0.548242	0.322353	0.201374	0.081177	0.112567	0.0928283	0.114798	0.0711941	0.202624	0.448584	0.562844	0.529905	0.826525	0.605749	0.382722	0.668581	1.27433	1.83569	0.251706	0.193676	0.780161	0.191041	1.54847	1.94455	1.67782	1.27039	1.18111	0.701153	0.0711963	0.608285	1.07892	0.810761	1.18793	3.36452	4.69748	4.65369	3.56272	2.2838	3.70434	4.19532	2.10538	1.46326	1.30635	0.89201	0.606197	0.6145	0.862849	1.01704	1.22411	1.42168	1.17942	0.45919	0.819448	0.74326	0.519757	0.243518
9.40104	7.41303	2.16731	3.68987	5.59174	5.70298	4.87158	3.96415	5.03057	6.37202	2.47515	6.25692	12.2077	15.6348	10.5029	0.971725	5.57731	5.04895	1.27414	3.21422	3.37248	2.76027	1.23208	1.25087	2.60333	2.18661	1.75751	1.84164	6.08902	8.3826	6.03847	6.19935	5.66339	5.25487	3.95769	9.34455	6.26748	4.13383	6.71546	7.52714	2.94754	11.2216	8.5706	5.15405	7.84189	10.3011	12.5044	14.3201	8.92189	10.0985	16.3933	9.03901	9.49582	11.5058	10.1142	8.60413	6.82376	5.97002	4.07145	7.56094	2.95865	5.04599	6.94586	4.62768	1.55454	3.16119	8.61787	3.83994	6.85967	9.34699	11.4977	13.4611	10.7422	7.87259	5.52329	7.07177	10.6662	9.18167	7.44633	6.87161	5.07483	5.2623	5.39128	2.7518	2.78684	2.04291	2.01661	1.96389	1.74846	1.78129	2.08369	2.2539	3.65326	4.15983	2.93241	3.74335	4.76625	8.59773	6.02456	0.946386	1.39019	0.263461	1.42063	0.469996	0.815918	1.64294	3.03924	6.19815	10.0309	8.89915	9.0007	10.4758	13.8082	20.4035	19.4003	10.7409	13.4929	12.3176	11.7105	11.5115	14.5557	13.2624	12.8935	10.6762	8.35572	5.60141	4.17139	1.68793	6.65084	6.03846	2.65882	2.38944	3.90017	7.57233	6.67599	3.48565	7.95259	10.7778	8.29491	4.47874	6.93787	8.40759	7.36995	5.76779	4.95853	4.78892	3.8738	2.11069	1.73565	2.27627	2.25529	2.32728	2.0525	1.53029	1.48049	0.825475	0.987228	0.706773	2.05354	3.15366	1.49616	0.981304	1.01905	1.28598	1.95377	2.4083	1.41921	0.701027	2.95428	3.00032	0.928042	1.32097	1.19457	1.55797	0.945557	1.11763	1.06757	0.585229	0.766601	1.09889	1.1253	0.494162	0.322281	0.555944	1.15375	1.1253	0.507833	0.977166	0.608135	0.0225096	0.112545	0.131249	0.0955031	0.0318324	0.0811618	0.100663	0.413203	0.781306	0.566763	0.854132	0.861515	0.745176	0.53504	0.324644	0.382668	0.393762	0.22284	0.0503343	0.0225096	0.0711829	0.131256	0.463479	0.830337	0.704974	0.654284	0.402647	1.46277	1.51729	0.0811572	0.0503343	0.4205	0.536937	1.57009	1.98917	1.5542	1.07303	0.991349	0.93265	0.926124	0.884431	0.677141	1.27728	2.53152	5.62714	7.12397	5.81152	5.16705	4.73748	5.38236	5.05044	2.55176	1.94361	1.55932	1.10836	0.891859	0.799299	0.75496	0.522096	0.418708	0.777447	1.21202	1.28602	1.06715	0.726584	0.481184	0.324625
8.58147	8.50219	5.724	2.47706	2.45818	3.64356	4.72984	3.78836	2.52564	2.50304	13.5485	25.6215	27.5815	25.7458	21.0363	7.00618	3.54701	6.33329	4.58678	3.93093	3.25836	2.09311	0.521996	0.262459	1.09874	1.62528	0.664938	0.805104	3.82013	6.54906	1.75722	6.02678	5.80771	3.18857	3.37254	8.29241	7.68865	7.33694	8.3981	5.67886	5.09966	11.6043	9.32666	9.92616	12.0117	11.1773	11.6575	11.9554	7.6384	12.6928	14.5272	10.7051	13.4375	11.9063	10.6863	12.0096	11.3857	10.8377	9.41658	12.3027	10.611	11.5301	11.7383	13.2163	13.381	11.7478	12.5528	5.4617	8.04867	8.3828	11.9276	12.6348	9.00435	8.22712	8.49517	7.48787	10.7385	10.2585	7.36857	6.03692	4.08289	4.71583	5.20558	1.59029	1.77405	2.42434	2.72556	2.69803	2.39324	2.15542	3.19723	3.81309	4.15945	3.40396	1.22277	1.46031	3.30583	5.72519	4.07171	1.37551	1.74734	1.08856	1.03242	0.256595	0.603846	0.474737	2.65264	7.48386	11.9868	10.2158	10.5885	14.2779	18.7348	21.5137	16.8708	7.69515	5.01101	9.05866	7.47441	11.0436	15.0567	12.7471	12.9845	11.2783	8.21041	4.95951	3.96232	3.07476	5.60935	6.07147	3.08878	2.42171	2.47777	7.15563	6.73731	1.40009	6.74794	8.28766	7.33437	6.40799	4.00573	5.84237	7.28024	6.5869	5.69918	5.02378	4.50452	3.3101	1.39302	1.50091	1.58981	1.75022	0.523456	0.594124	1.44456	0.543838	0.942161	1.01062	0.911861	2.05237	2.48935	2.82897	1.62902	1.82352	1.53345	1.82947	1.53593	1.43019	2.70652	3.21362	0.45568	1.31085	1.06908	0.911861	1.40966	0.725731	0.978026	0.684421	0.803224	1.06737	1.15659	0.452891	0.36288	0.52683	1.11719	1.2792	0.540579	1.11923	0.450085	0.0636563	0.0450106	0.162292	0.142333	0.135032	0.114754	0.127306	0.203792	0.873871	0.971818	0.44672	0.402589	1.06219	1.4231	1.50099	1.30531	1.28892	1.3816	1.14853	0.923485	0.725752	0.362885	0.499674	0.830182	0.576827	0.688847	0.3872	1.65896	0.935966	0.144108	0.142333	0.142338	0.472601	1.88558	2.30801	1.46113	0.669083	0.73715	0.873859	0.443876	1.38435	2.41624	3.68323	5.08557	7.41857	6.43274	1.88445	4.21088	6.48966	6.50163	4.54205	1.5669	1.12872	0.877655	0.643657	0.557202	0.58686	0.484777	0.234964	0.081146	0.121197	0.334567	0.625297	0.738207	0.79565	0.837508	0.559017
8.26981	7.52263	6.93804	2.82473	2.02296	3.63798	3.75142	1.57487	6.84215	13.3674	22.014	25.7729	15.7727	22.1031	24.6306	11.4003	1.58254	2.3767	2.63188	1.39554	3.05188	2.00791	0.436873	1.23821	1.75457	1.33817	1.12448	1.5099	4.04562	6.67484	3.27387	6.23089	3.30715	2.36135	2.03666	4.80395	6.24515	7.11024	6.30521	3.49329	4.69562	9.62166	10.2245	10.5828	9.5647	7.25615	6.62338	6.87826	6.73567	12.6968	12.7705	9.59843	10.9461	7.35691	6.15074	9.58632	8.40838	9.9786	7.00144	10.6279	8.57629	11.7561	11.188	12.5271	12.5986	12.4455	14.934	3.84869	6.1818	5.82136	11.6524	10.449	6.54362	6.4461	7.91051	7.45212	10.0541	9.88953	5.88497	5.2784	3.51786	4.20015	4.87503	0.655998	0.484686	1.62527	2.16657	2.09413	1.79123	1.80076	2.73868	5.04197	4.93715	3.10903	1.59763	1.22503	2.806	4.2225	3.38432	1.60865	1.27023	0.688361	0.343452	0.533396	0.684306	0.977844	1.60722	7.46009	13.5115	11.9042	12.6374	17.6681	21.6952	18.318	9.18159	7.49305	3.46944	1.17338	2.96751	12.803	15.6155	11.9686	12.4274	11.3523	7.44813	4.15557	3.03514	2.53065	4.1127	5.76758	3.18014	2.15634	1.56966	6.68395	7.12611	1.86091	7.11207	9.98603	8.19708	5.47283	4.40117	2.10223	5.47787	6.81387	6.79292	4.7057	4.02492	3.65049	2.11998	2.00229	2.14245	3.0511	2.33368	1.5522	1.50871	1.11066	1.00443	0.229468	0.862341	0.300196	2.56001	3.70977	3.61809	3.50953	1.50366	0.973687	0.930138	1.75183	1.76616	2.23368	1.49394	2.34763	2.27456	1.9013	0.144081	0.865844	0.916116	1.65558	1.10334	0.3442	0.984044	0.949231	0.558913	0.959338	1.2178	0.754659	0.614123	0.946278	0.242338	0.0225011	0.1312	0.0811308	0.318202	0.100626	0.175734	0.112503	0.0225011	0.382513	0.797401	0.856159	1.12331	0.987926	1.27268	1.32907	1.15686	0.748962	0.855296	1.06675	1.14545	1.18111	0.949241	0.766317	1.19131	0.851726	0.392963	0.583696	1.42277	0.281929	0.402514	0.53482	0.428106	0.814975	2.34502	2.64691	1.26789	0.428104	0.688361	1.1879	0.694939	0.946012	1.88631	3.82904	5.18665	6.30058	2.80538	2.92684	5.65293	6.97352	5.37702	3.53261	1.92043	1.03712	0.343452	0.0450022	0.0811308	0.136867	0.0450022	0	0	0	0	0.0225011	0.0711559	0.450001	0.495524	0.497056
8.86685	4.71479	6.4638	4.49807	4.50289	2.8654	2.28532	8.74881	16.6842	19.9243	19.0659	10.8754	10.0464	20.2559	20.9563	12.1629	10.8457	16.9778	14.7965	5.83324	3.11052	3.25914	2.46948	3.27208	3.05474	3.68078	1.80059	1.41185	5.46849	6.23715	4.97383	6.30835	2.36178	1.77792	2.76999	3.48121	4.28631	5.00297	3.47548	2.72089	3.03185	6.75924	9.85456	8.93177	7.94892	7.73785	3.74888	6.61184	4.66739	11.5663	12.7535	10.8018	8.0665	5.73023	4.24391	9.36895	6.30317	10.1548	3.90019	9.24463	5.69532	10.1293	10.7299	9.2682	7.23265	11.4821	15.1907	5.18097	4.90513	6.72438	13.7652	11.2423	7.32402	8.10886	8.23478	8.59869	8.57829	8.17032	5.03025	5.34836	4.25641	4.37799	3.37651	1.84409	2.00359	1.73536	1.32726	1.50445	1.8507	2.22002	2.43727	4.713	4.88848	3.8376	3.99825	3.84183	4.17722	5.0089	4.12401	2.56645	1.92532	0.979974	0.13498	0.756176	0.319727	0.883899	1.3514	6.18777	13.3928	14.0499	15.0573	18.6138	19.0816	11.3263	5.35078	9.54354	12.9413	14.6334	14.174	15.9952	16.495	12.2875	11.113	9.44217	6.03968	4.9218	4.41281	3.37666	5.24968	6.42501	3.11742	1.22787	1.44683	5.60629	7.42837	6.45194	8.84501	10.3869	9.12779	2.65429	4.49597	3.93897	5.04589	6.59221	6.68979	4.16711	3.52411	3.78063	3.29918	2.58624	1.14212	1.64935	2.00152	2.14384	1.64194	1.32878	1.27003	1.2548	1.21796	1.35255	3.3586	2.47316	4.10496	4.37958	3.03277	1.23772	1.11338	1.49092	0.432728	1.5205	2.41322	1.6293	0.988212	1.84407	0.611944	1.18851	1.18341	2.09255	0.739948	0.572638	0.54085	1.21796	0.517912	0.162222	0.811056	0.569117	1.06649	0.890729	0.0636286	0.428022	0.864252	1.21259	0.990804	0.452171	0.190885	0.13118	0.288104	0.256507	0.269959	1.04928	1.77421	0.700625	0.293317	0.162222	0.815415	0.372374	0.742709	0.486679	0.142279	0.73238	0.512983	1.48513	2.41026	1.97412	1.33753	1.10977	1.82732	1.81736	1.55892	1.5071	1.11109	0.988212	2.25385	2.42979	0.428022	1.06937	1.48277	2.0116	1.89174	1.41291	1.44015	3.63546	5.04549	5.25547	0.71139	4.6681	5.51701	5.59666	3.95978	2.3866	1.77792	1.72951	0.782488	0.0899868	0.0711419	0.131174	0	0	0	0	0	0.0318143	0.0449934	0.455503	0.521796	0.503034
6.10549	3.12247	6.01657	6.54732	1.81276	4.14713	7.30276	11.7132	17.7887	17.4375	14.1324	5.16871	11.6835	14.9465	14.4035	7.85105	17.4767	20.4189	21.3004	14.3958	3.64494	4.11385	1.58897	6.24074	3.6264	2.46045	2.24501	0.949128	6.55102	5.70003	5.58081	6.14296	1.01479	2.14751	3.68193	4.56833	4.62618	4.69397	4.4368	4.01961	2.7506	5.24177	7.41171	7.48907	8.83249	9.5976	3.20332	7.9585	3.33022	8.71468	10.9041	10.3256	7.46359	6.46198	4.24523	9.69659	5.51536	10.61	3.52637	9.58024	7.59886	7.41906	9.0666	8.25764	9.35307	12.3157	13.3974	6.74427	3.16946	7.08774	14.6022	12.5331	6.93418	6.99077	5.83596	6.93245	6.36925	6.43308	5.22308	5.01385	4.00992	3.85712	1.06084	3.20616	1.50112	2.28247	0.59421	0.0318084	0.454877	2.12628	2.98535	3.93702	3.99812	3.23959	3.8688	4.26412	4.14509	5.11195	4.594	2.88255	2.75487	1.35768	0.242255	0.530814	0.142257	0.455421	1.07291	4.54786	12.4506	16.0401	16.659	17.7784	16.1297	10.3945	8.73242	12.2239	15.4116	16.246	15.7215	16.1104	15.6693	11.624	8.96787	5.61508	3.44774	4.84917	5.0955	3.456	6.04633	5.45692	1.66006	0.967346	1.9791	4.33422	6.23794	7.718	8.72559	8.42138	8.3268	3.18165	3.89933	4.39707	4.92482	5.50709	5.13451	3.32514	2.63846	2.95249	3.48385	3.38172	0.928938	0.74763	1.56196	1.92179	1.6093	1.44779	1.78783	2.12553	2.23303	1.8285	3.31606	0.945952	4.02395	3.32121	3.33627	1.95556	2.10291	1.26121	1.84863	1.68705	2.15174	1.5717	0.873362	1.04063	0.229376	0.568993	1.003	1.5041	0.960807	1.18321	0.827616	1.17483	0.809677	0.343337	1.24745	0.5514	1.45941	0.935971	0.22493	0.812783	1.15488	1.25055	1.04186	0.935434	0.163745	0.450402	0.594237	0.688491	0.705902	1.09669	1.70444	0.443603	0.622071	0.136815	0.607693	1.19021	0.429699	0.513376	0.207372	0.865513	0.181344	2.05906	2.60624	1.70911	1.79937	1.20902	2.0827	2.84577	2.63089	2.50728	2.01344	1.40829	1.99237	2.03513	0.917692	0.948896	1.66491	2.2088	2.11253	1.79731	1.36145	3.09809	5.81936	5.65073	1.05798	6.19917	5.64963	4.40764	3.8249	2.17503	0.832467	1.67136	1.12916	0.100592	0.0502958	0.144018	0	0.112462	0.193492	0.171301	0.0954301	0.100592	0.0927401	0.181336	0.26231	0.239104
4.37676	6.73181	6.29896	3.62742	7.44155	12.8977	12.5991	10.4075	14.1459	15.5334	11.5668	14.5022	18.7907	16.7829	12.4943	5.47061	21.1164	16.396	22.8695	23.7924	12.6599	8.70911	5.76427	5.28865	3.95465	2.82164	2.06075	1.90173	5.9917	4.59944	5.30459	5.38992	2.033	1.82973	1.46296	3.28996	4.29499	4.23525	4.74396	4.98362	2.72612	4.34326	2.78178	4.48842	7.75408	10.1542	6.02648	7.04225	3.91275	5.11331	6.58578	5.61412	7.27769	5.96503	4.70738	9.06507	3.75261	10.1121	4.06451	9.3315	7.97936	2.18729	3.59697	7.5256	10.1524	10.3607	11.7784	8.6547	1.38637	6.34994	14.649	13.5322	8.20031	7.85406	5.49923	2.33881	3.59907	5.19093	5.04394	3.80043	2.51578	3.52723	0.62722	3.41681	4.47647	4.44863	3.28045	3.24069	2.78685	0.974205	2.53318	3.72966	3.53725	1.94966	1.64305	3.2751	3.89171	4.82859	4.36788	2.93882	2.94875	1.33735	0.534528	0.207332	0.305861	0.366085	0.840154	3.17545	11.6862	16.8449	17.0663	16.6091	13.7586	8.43968	9.30183	12.0104	12.2928	11.8681	12.7024	14.6169	13.713	9.89928	7.07933	2.954	0.966897	3.29787	4.31398	2.23962	5.23358	2.42576	3.26277	3.33935	3.35992	4.55952	5.87144	7.51728	7.70655	7.0549	6.96814	3.28345	3.27608	4.36068	4.6671	4.37716	3.60736	2.55852	1.62319	1.5283	2.77075	3.31816	2.23563	1.57521	1.89481	1.94686	1.33697	1.27704	1.84635	0.705764	1.70698	1.37816	2.09234	0.986335	4.64625	3.22147	2.10869	1.53033	2.42987	1.14654	2.72793	2.11538	0.792177	1.86585	2.22836	1.24482	1.1951	0.842891	1.16943	1.52157	1.85382	1.93067	1.44072	1.34395	0.772779	1.14875	1.39562	0.27358	1.46569	0.697448	0.675003	0.81232	0.863877	0.185439	0.895484	1.03358	0.274507	0.81232	0.853315	1.03657	1.25997	1.15225	1.13787	0.57242	0.62641	0.313226	0.474388	1.46761	1.28772	0.918654	0.636051	1.04043	0.598785	2.41407	2.58382	0.474374	1.54475	0.986328	1.86641	2.39383	2.69821	3.37046	2.3838	1.70338	2.21196	2.24546	1.91602	1.58738	1.45797	1.49978	1.27981	1.05708	1.75429	2.98826	4.60836	5.23747	1.72934	5.51774	6.90211	4.96581	3.82026	1.9706	1.39855	1.5964	1.01608	0.136791	0.190822	0.185443	0.221486	0.480734	0.530737	0.485446	0.243251	0.163718	0.0502839	0.127208	0.150858	0.162168
5.36993	6.76548	5.2849	4.87476	12.4239	14.3664	13.9125	12.6225	11.8855	21.0018	19.492	19.7608	25.1705	23.2995	14.4194	8.64899	24.1088	20.5434	25.2088	32.6172	25.9492	16.8294	11.1898	6.30296	0.654722	3.46227	2.18006	3.39954	3.55101	4.31104	6.83631	3.91953	0.505238	2.14254	3.36489	2.50127	3.01265	3.22099	4.29785	5.1627	3.77758	5.04146	3.67042	4.63989	7.08518	10.2957	9.48356	6.53465	5.44717	4.69665	6.67025	6.43132	8.83676	5.04924	7.97281	9.59434	5.51766	10.0174	6.96855	9.29675	7.40239	2.59798	4.91583	8.70789	8.55981	8.25422	11.0454	10.9629	5.58105	4.45261	13.8092	13.5041	10.6624	10.8743	10.3113	7.96151	5.13081	4.77459	4.38639	2.95175	1.05302	3.47911	3.27048	4.77269	7.07308	6.59461	5.39895	4.35947	3.95282	3.05775	1.12495	2.63408	3.1101	2.2403	1.87416	2.94506	4.23443	5.239	4.45973	3.03474	2.55095	1.56526	0.741578	0.142198	0.43654	0.454696	0.547036	2.29164	10.8013	16.296	17.0198	16.0885	12.4304	6.71127	10.0395	12.7737	13.602	14.7414	15.2741	15.1473	13.0353	10.1427	6.82922	3.92909	3.05764	3.09709	3.68122	3.52909	4.95836	1.19679	4.97794	3.48656	3.58228	5.40935	7.61753	9.15364	8.84348	7.04176	5.35967	3.79662	4.5049	5.92999	5.85015	4.5459	2.76842	1.49797	1.23068	1.83162	2.62257	2.31469	2.86302	3.17493	3.07857	2.76258	1.32936	1.58878	1.81277	1.21064	0.647349	0.100553	1.01564	1.31619	4.7154	3.00475	0.741597	1.12966	2.18925	1.82545	3.26778	2.65353	0.769675	0.750389	2.11705	1.54842	1.12362	0.70598	0.741578	0.683808	1.1146	1.11822	1.42878	1.37784	0.710985	1.28159	0.846324	1.03632	1.0725	0.321921	0.621857	0.243205	0.584573	0.834284	0.512685	0.887112	0.85464	0.950912	0.744991	0.584573	0.763425	0.844825	0.70598	0.747345	0.51907	0.580237	0.917099	1.28845	1.37422	1.25007	1.25592	1.52873	1.38303	2.42605	2.24191	0.449681	1.32709	1.56143	1.6209	0.879391	1.96559	3.58884	2.28822	1.40039	2.4018	3.0802	2.48516	1.17781	0.741597	1.14563	1.42169	0.877094	0.639476	1.74015	3.00912	4.64936	3.84374	3.96917	7.15721	5.67041	3.64824	2.03832	1.02754	0.932675	0.474286	0.127185	0.0224839	0.185404	0.405329	0.472688	0.224844	0.384855	0.331975	0.321921	0.248343	0.203599	0.158984	0.0927024
5.54812	2.56622	5.52635	10.2767	11.3228	10.1447	9.20405	11.2348	15.8929	24.3361	21.7972	13.5913	26.4883	25.8702	13.5673	10.211	25.563	21.8686	16.5401	27.522	28.3633	22.0002	15.9384	12.0172	7.84363	3.85258	3.28082	5.98743	3.29546	5.56796	5.40536	3.68847	2.35205	0.700068	3.65663	4.13899	2.19738	1.00247	3.06957	4.39739	4.36652	4.36928	2.97938	3.45626	4.68347	7.10112	8.85626	7.11743	5.26261	3.09661	5.88168	7.33174	8.60524	4.95667	9.58829	8.53299	5.30165	8.43054	7.32862	8.52882	6.49106	3.55057	6.27083	8.73578	8.74525	9.08332	11.0193	12.0413	8.81511	2.26227	11.4429	11.5604	9.30216	8.77085	9.6344	11.1093	8.44548	4.62762	3.43645	2.41654	1.56517	3.31135	4.78363	3.50826	3.76182	3.79939	4.387	4.16119	3.98341	4.15581	2.60211	1.23802	1.96982	1.74604	1.81574	2.84284	4.28102	5.28848	4.56981	2.90737	1.90908	1.59702	1.05088	0.382808	0.607342	0.720708	0.563768	2.0194	9.64182	15.0344	16.7958	15.9071	11.4319	4.58454	8.16878	10.8238	10.3628	12.5671	13.0858	11.921	10.1962	8.06319	5.32048	6.54463	4.36708	3.02823	3.50715	5.53325	4.86442	3.8172	5.84748	4.24142	3.68657	5.24625	7.03209	7.8104	7.17345	5.78022	4.57529	4.24468	4.58051	4.47811	4.40206	4.14307	3.01408	1.20727	0.365939	2.06289	2.43674	0.87546	1.1265	3.05498	3.62784	3.21708	1.20472	1.46754	0.989239	0.968374	1.02932	0.8253	1.00347	2.16121	4.16462	2.207	0.384118	1.64589	1.35316	1.03419	3.17619	3.41403	2.64854	1.27022	1.39727	2.16569	1.68926	1.37393	0.847315	0.112395	0.418125	0.175566	1.64972	0.818197	1.17761	1.15859	0.973802	1.64972	0.431798	0.2248	0.163651	0.382808	0.360371	0.867633	0.334184	0.935478	1.37763	1.03909	0.362475	0.238966	0.709755	0.635774	0.44165	0.434136	0.162106	0.91692	1.08753	1.08473	1.14611	1.45274	1.54226	1.67349	1.54226	2.13219	1.57074	0.33191	0.656529	0.651896	0.573114	1.98625	3.26537	3.54066	1.89837	0.79819	2.0441	3.37461	2.89387	1.88788	1.42732	1.57396	1.48618	0.820377	0.768883	1.36824	2.53738	4.18034	5.3527	5.40683	6.53639	4.51072	3.34157	2.40761	0.890616	0.278051	0.0635834	0.0926866	0.114625	0.262146	0.351848	0.313106	0.449593	0.254332	0.163655	0.432404	0.574433	0.774127	0.941399	0.855948
6.5304	2.90927	8.82097	10.1743	8.57418	10.4779	9.67474	9.96079	16.2202	19.5065	12.9579	11.357	27.3231	24.7641	10.0071	12.9868	25.9005	20.1244	2.81286	15.9041	22.4676	22.9028	17.1348	15.9642	14.3954	4.9687	2.33068	6.14638	5.94587	6.45723	3.15657	2.79857	3.86094	2.75765	2.13994	3.45344	4.12878	0.474105	1.66817	3.12231	2.85709	2.47076	1.34624	1.70247	2.56455	3.93499	5.69378	5.24569	3.46972	2.90269	5.6477	7.68321	8.70849	5.67277	9.17788	7.08374	4.78536	6.5896	5.92019	6.6929	4.34291	2.85421	5.25204	6.49265	6.78282	9.0721	12.5148	13.8555	9.91309	1.57369	9.15637	8.93281	7.58362	8.20884	8.66026	10.9774	9.63657	5.65915	3.27407	2.21291	2.98612	3.29782	2.42593	4.48171	5.37567	4.46354	0.903418	1.75615	2.96444	3.39011	3.06276	2.31212	2.22678	3.0525	3.05507	2.90922	3.785	4.78864	4.36861	3.25108	2.25014	1.76255	0.876453	0.397612	0.463343	1.07331	1.08058	2.38096	8.69862	13.8183	16.3028	15.3323	10.9928	6.86354	7.18355	11.3701	10.3918	8.33463	9.2771	9.04445	7.48745	4.9246	6.45193	8.8036	5.58677	3.68874	5.29915	7.73716	5.25531	6.40895	6.12699	6.06922	3.78345	4.25585	4.60556	4.24857	4.2311	4.20718	4.70064	4.47085	4.0175	3.23371	2.76083	2.95959	3.07694	2.65362	1.60908	2.6165	2.16125	1.21638	2.27159	3.39934	2.41553	2.52168	2.31726	0.979815	0.960034	0.271574	0.271563	0.365871	0.849575	2.8101	3.26654	1.2267	0.312227	1.48368	1.41865	0.0224753	1.79066	2.47575	2.99191	3.07745	1.12452	0.699252	1.43339	1.84409	1.10548	0.203521	0.482544	0.507048	1.21137	0.670491	1.14697	0.952416	1.77892	2.11751	0.349639	0.292182	0.150772	0.518877	0.991136	1.21349	0.92142	1.03524	1.1774	1.11576	1.00955	0.665552	0.63645	0.969452	0.287815	0.0953573	0.492898	1.13633	0.632895	0.846286	1.16534	1.61799	1.5892	1.73942	1.87469	2.11628	1.58201	0.844803	0.142149	1.1944	2.5325	2.95805	3.35076	2.76315	1.56081	1.21621	1.59674	2.29274	2.34837	1.94531	2.09452	2.94891	3.42442	3.12758	2.35381	2.05429	3.10782	4.63818	6.01596	5.81491	4.43337	2.84356	2.81819	2.50131	1.40759	0.497492	0.081034	0	0.0953522	0.185333	0.348911	0.429394	0.365877	0.362397	0.355353	0.273425	0.724786	1.97872	2.72855	2.69548
6.13781	5.6335	14.5781	11.1424	5.28667	8.41573	10.1182	15.8936	16.6123	8.96059	9.67495	20.8618	24.1012	18.1371	7.38891	17.3946	23.5235	13.6048	6.4006	10.7611	11.434	16.6585	13.5774	17.4864	18.3055	7.24942	1.89536	2.41562	5.0724	6.20813	4.5051	2.36311	2.58199	2.17301	1.92292	0.518766	4.92826	2.16653	0.231357	1.34648	0.618223	1.09194	0.3706	0.231357	1.12545	2.08117	3.32205	3.53263	1.39258	2.43675	5.37545	7.75123	9.77704	6.72652	8.26515	5.99804	4.4623	6.07333	5.62916	4.12812	1.79662	5.87289	7.69243	7.9817	8.44046	10.6379	13.4737	14.4676	7.75066	5.86951	12.8024	12.1512	10.2268	9.13524	8.45152	10.3651	9.20589	5.60895	3.16542	2.14923	3.42743	0.990943	1.50588	3.31871	5.57465	7.91939	7.16092	4.266	1.52273	1.60512	3.20755	4.28868	4.58406	4.68873	3.69004	2.48657	2.73158	4.18913	3.95893	3.83329	3.19042	1.69361	0.436309	0.292114	0.831649	0.7236	1.12363	2.86063	7.97434	12.752	15.2186	13.9315	10.7416	9.92792	9.28848	11.4366	11.1129	7.06085	6.31459	5.69639	3.45733	4.81074	7.9094	9.13734	6.29449	3.57781	6.26975	7.23221	6.22484	8.28245	5.98491	6.68187	3.47178	4.00166	4.84054	4.63114	4.37577	2.1253	1.42408	2.24594	3.19545	3.27749	2.77201	2.26944	2.90332	3.07419	2.50405	2.76626	1.87536	1.21657	2.83182	3.13095	1.7985	1.38529	2.14324	1.30793	1.23897	0.655095	0.14388	0.0898837	1.12339	2.7929	2.04542	0.670325	0.213181	1.46285	1.70739	0.423984	1.04807	1.10641	1.87251	3.0348	2.85286	1.6788	0.864402	2.10626	1.4161	1.0899	0.349571	0.36232	0.767935	1.14568	0.88291	0.539287	2.28877	2.55322	0.446038	0.365805	0.517293	0.768568	0.365799	0.805446	0.670334	0.454434	0.392425	0.337069	0.959887	1.47184	1.24793	1.12363	0.462706	0.312987	0.860004	1.22646	0.44941	0.750991	1.4227	1.50792	1.35272	1.63813	2.02471	2.14804	1.67827	1.3931	0.765268	2.11092	3.18289	2.46552	2.13	1.28063	0.768568	0.953791	1.20426	1.3909	1.37704	1.04907	1.41096	2.20627	3.22351	4.21208	4.82515	4.79083	4.99422	4.96311	4.95983	4.71079	3.71192	2.29404	1.67203	1.97713	1.96666	1.04905	0.262058	0.112352	0.134825	0.0317796	0.0810221	0.112358	0.14388	0.492805	0.617002	0.675596	1.23898	2.91575	2.90639	3.20187
3.90959	12.1798	17.8459	12.6138	11.7714	10.507	6.3747	16.6388	19.0613	4.31668	12.8287	18.2554	13.9084	7.49396	14.651	20.1285	17.0761	4.93952	11.9194	14.5149	13.03	14.201	10.2552	15.6003	18.8715	8.96836	3.65702	0.991764	3.57397	2.03814	4.33355	3.37074	2.62871	2.68303	2.5921	2.55961	3.91206	2.74869	0.660755	1.2531	0.858413	1.78158	1.74122	1.17864	0.241978	0.270535	2.11053	3.85315	1.26515	2.00933	3.90735	6.08024	9.25135	7.88935	7.04305	4.68556	3.25619	5.01501	5.06942	3.04933	7.75136	11.2086	13.1375	14.3237	14.7807	14.6408	14.1937	11.0698	3.57658	13.0741	17.5199	14.696	11.4823	9.57365	7.41808	8.78628	8.1569	4.66189	2.93373	2.80827	3.17625	1.38634	1.61027	0.585839	0.4019	3.40131	6.7258	6.39278	3.74845	1.80192	3.12623	4.41934	5.01223	4.45542	3.20695	2.70379	2.6948	3.63577	3.1552	3.71104	3.93003	1.90469	0.185263	0.241978	1.22746	0.565684	1.13747	3.21939	7.47967	11.4555	13.2612	12.2888	9.41268	9.89439	10.9415	12.2818	10.7488	7.58357	5.946	3.64847	5.48883	7.79843	7.53779	7.16244	6.86333	5.89296	7.23402	6.23717	9.07402	9.5356	5.96579	6.61478	5.58742	6.72192	7.56605	7.2957	7.19708	5.53982	4.03122	3.56325	3.82655	3.4497	2.80614	2.20082	2.63453	2.81508	2.53108	2.12308	1.42243	0.947006	2.49298	2.85403	1.54082	0.966226	0.626625	1.7662	0.921904	1.00311	0.384561	0.524008	1.8662	2.53026	1.24034	0.902225	0.513302	2.18731	2.04851	0.753191	1.08572	0.926236	1.12679	2.15682	2.98741	2.55048	0.190641	1.77487	2.10965	2.21176	1.41067	0.69681	1.22586	1.64213	1.38343	0.463163	2.62517	2.36572	0.512811	0.905607	1.06439	0.292929	0.158862	0.794883	0.3981	0.494768	0.492713	0.350929	0.383913	0.994562	0.975361	0.842076	0.561666	0.476059	0.946971	0.967001	0.575839	1.10165	1.48079	1.04721	0.736943	1.09409	1.37923	0.967046	0.3839	1.98289	1.9768	2.55958	3.02148	1.43651	0.768446	0.494766	0.953613	0.575839	0.899148	1.42645	0.964652	0.554881	0.883311	0.773038	1.04528	2.0996	3.67473	4.48987	4.14284	3.4597	3.24993	3.23878	3.18715	2.65921	1.75722	1.2428	1.62274	1.0171	0.382588	0.336989	0.136659	0.114557	0.0502361	0	0.193261	0.651491	0.793935	0.990731	1.65202	2.73144	1.46878	1.84816
1.36112	14.6083	16.9629	11.938	16.4429	19.704	20.2006	23.1292	23.7798	10.8969	17.1895	12.7408	6.09591	15.0314	19.6519	13.7157	3.49064	7.67295	17.216	17.8257	16.666	15.725	11.814	13.9945	15.1577	8.34982	5.23979	2.08031	2.96544	4.53323	3.16601	1.79369	2.1221	2.94415	3.49333	4.78374	2.65109	1.59882	1.81944	0.873965	1.15616	0.903483	1.61993	1.02529	0.483834	0.898993	1.90224	3.70974	2.05198	2.20949	2.07591	3.15958	6.1	7.10304	5.57777	4.33121	3.70293	3.99294	3.88011	8.11247	11.4885	12.288	12.2781	12.2759	13.0057	12.5153	9.72203	1.94826	9.82244	15.6379	17.3811	14.1533	12.7389	11.0807	6.92557	4.9402	7.1782	5.19635	3.25689	3.26466	2.79836	1.30687	1.45439	3.88329	5.18524	5.44761	3.60366	3.93177	5.03496	3.21463	1.46817	1.302	1.46129	0.805169	0.256115	0.897558	1.76881	2.85305	2.55619	3.33579	3.74316	1.92838	0.929896	0.824053	1.3831	0.616757	0.643185	3.14806	6.93968	10.1125	11.6333	10.8639	8.08539	10.2799	12.5722	12.8058	10.5349	7.89529	5.18868	3.23239	7.68777	8.08837	6.40136	6.3306	8.79523	10.5703	9.33334	8.19488	12.6421	13.04	9.87183	9.42769	7.70733	6.28348	5.95397	5.63013	5.69829	3.99175	3.24906	4.99723	5.00907	3.16145	2.00638	1.77569	2.18931	1.48372	1.87239	2.82498	3.08108	2.47245	1.48643	2.06571	2.34475	1.37156	0.687533	1.39616	0.839192	1.0651	0.741217	0.845504	2.44697	2.97662	1.18351	0.386442	1.57982	2.48648	1.14981	0.475951	1.05849	1.68767	1.59823	2.33184	2.98102	2.86783	1.4666	1.08183	1.75228	2.17792	1.9497	0.665182	1.55794	1.32716	1.59175	1.44585	2.81898	1.88785	1.22871	1.65585	1.44642	1.10603	0.989293	1.05275	0.443029	0.261946	0.592988	0.524361	0.20709	0.469025	0.323962	0.452028	0.0224624	0.292014	0.973059	0.809825	0.937959	1.55794	1.48219	1.01694	0.687191	0.763991	0.136632	2.2031	4.25417	4.69296	3.91302	2.98156	2.09684	1.01689	0.382525	0.593015	1.22044	0.593442	1.73965	3.38906	2.56389	1.5696	1.26925	0.969688	1.53402	1.91703	1.73478	1.70032	1.37897	1.29116	1.60705	1.72562	1.88085	2.21682	2.47815	2.43801	1.85345	1.22294	0.784544	0.447558	0.158834	0.171065	0.0809872	0	0.114535	0.68312	0.944384	1.22537	1.79088	1.41035	2.0569	2.93182
2.5237	14.2151	18.1697	12.6681	11.2746	14.8912	18.1764	24.5033	22.6992	16.8615	22.543	9.91758	10.0612	12.1782	7.826	4.86573	9.74455	10.5819	16.1851	15.5785	10.8106	10.2178	9.48736	11.5006	9.82542	5.83745	5.98568	3.19053	4.0307	9.0134	11.6235	10.1198	7.24858	4.6624	2.11111	2.87106	3.1206	0.984195	1.32479	0.908548	1.37389	1.79721	2.83177	1.19184	1.14719	1.1935	1.63961	3.11954	2.39566	1.54322	0.934047	1.37389	2.3801	3.30384	2.00255	3.07639	2.38938	2.25925	4.59628	11.6258	11.8258	10.64	9.47243	8.39468	7.76667	3.87258	1.86921	8.44292	14.1968	13.5395	14.88	11.5819	8.55957	7.065	5.18934	0.07102	6.12216	6.28827	3.91835	3.45765	2.68193	2.17226	3.27751	3.37002	3.11093	4.17313	4.36661	3.95536	4.32243	2.56296	2.12728	3.35335	3.47966	2.51827	2.61701	2.8222	3.03029	2.66381	2.45879	3.25476	3.32006	1.71349	0.855135	1.10238	1.77713	0.740725	0.0809761	2.36906	6.02392	8.86763	10.58	8.64688	4.58082	7.63555	8.57037	8.12012	6.54848	5.18773	3.47684	4.25852	7.35224	7.63596	6.9088	6.68448	9.93027	15.0763	11.9739	6.15404	11.2645	13.5716	9.80913	7.88295	5.11514	5.62347	6.18891	5.95612	5.95612	4.02282	4.51688	5.72031	4.48423	2.65321	1.99184	0.96012	2.69982	0.896546	0.894336	2.83177	2.93462	3.12957	1.59479	1.50549	2.23651	1.63525	0.953228	1.36577	0.826302	0.754876	0.583017	0.633979	2.06775	3.75848	1.70183	0.610885	2.10874	1.36357	0.251094	0.333866	0.629204	0.980394	1.40096	2.48809	2.60275	3.16464	3.38413	1.23682	0.262858	1.67106	2.22319	0.473741	1.67543	0.660471	0.746488	1.64677	2.7724	1.76849	1.24214	1.01151	0.482197	0.635179	0.392217	0.563225	0.602607	0.603447	0.409811	0.635165	0.406724	0.779552	0.720021	0.54362	0.185191	0.365591	0.987275	0.81958	1.07245	1.60729	1.40615	0.903869	1.14543	0.185191	1.37868	4.31524	4.6508	3.42797	2.59617	1.88639	1.08534	0.50466	0.270431	0.585632	1.32993	1.16787	4.2069	4.5914	3.12519	2.47013	2.43529	2.39902	1.887	1.67775	0.916047	0.419551	0.319196	0.336878	0.412889	0.533816	0.616672	0.862773	1.26428	1.4346	1.14326	1.05255	0.768162	0.533819	0.305469	0.336868	0.207055	0.271367	0.404874	0.590754	0.759867	1.47658	1.92237	0.809708	2.3844	2.64985
3.88876	14.3422	17.7717	14.0295	8.39641	8.44567	7.17481	14.5506	7.83731	18.7426	20.5148	7.18539	5.36415	6.3942	11.9506	15.8099	14.9088	12.3427	13.7035	12.7203	7.8636	6.91493	5.597	7.46391	7.81416	3.59527	3.84641	5.52606	12.6877	23.4138	29.5394	30.3027	25.66	19.6681	12.5864	3.18547	2.83964	4.02228	4.49708	4.7208	4.57468	3.60808	1.96086	0.894692	0.63901	1.07439	0.371664	2.70241	4.17475	3.11687	1.76921	1.91744	1.92136	2.75462	1.69	3.33386	1.52646	0.81637	4.2586	12.5939	14.0499	12.7754	13.0129	13.3665	11.8488	8.85566	13.2169	17.2309	17.9544	15.1226	13.7635	9.50364	4.14826	3.17762	6.38741	3.26342	5.42415	6.69783	4.07076	2.98285	2.59707	3.65029	5.11102	4.37959	2.43365	0.539818	1.03374	2.31505	1.66562	3.01664	5.66942	5.73626	5.44428	3.58381	2.54845	2.74148	3.55202	3.01052	3.0225	3.4202	3.1636	2.3785	0.248008	0.738537	1.8479	0.763368	0.224537	1.24955	4.65316	8.45725	11.8003	8.78261	3.22316	6.08057	5.71656	4.98672	3.78508	2.13394	1.25283	4.27413	6.3614	6.45453	6.29297	6.56292	9.45552	15.717	14.8964	6.61977	5.82801	10.4178	8.32679	7.62022	6.41217	8.01781	5.9446	4.89633	5.1285	3.77365	5.03931	5.5861	4.21086	2.01872	1.68097	0.940276	3.18238	5.17378	4.97397	3.6732	2.63399	3.11747	3.13404	1.71897	1.26994	1.68279	0.653846	1.00855	0.72408	0.625455	0.493972	0.903138	2.82456	3.91496	1.50921	1.14694	2.35615	0.824319	0.583768	0.228981	0.915871	0.764724	0.496006	2.27561	2.44854	2.56431	3.84489	3.46274	2.35904	1.12255	2.07186	0.540746	1.20813	0.803297	0.925732	1.30516	2.0299	1.50825	1.43572	0.82802	0.548137	0.213018	0.654623	0.582923	0.738562	1.05213	0.773242	0.525607	0.523706	1.18545	0.923003	0.362044	0.480509	0.965683	1.34997	1.25923	1.17089	1.37545	1.33944	0.292766	1.10078	1.25276	3.06691	4.49458	2.92314	0.555466	0.224543	0.224543	0.548165	1.09668	1.21526	0.98787	0.540741	1.46346	5.49199	4.41912	1.6837	2.36978	3.2339	3.33343	1.9056	0.713565	0.417668	0.484706	0.678819	0.898102	1.11175	1.23989	0.896411	0.36206	0.355013	0.158776	0.134723	0.685436	0.442289	0.743327	1.04008	1.37111	1.52918	2.02801	2.8127	2.6386	1.42905	1.1854	1.40552	1.23987	1.81798	0.878214
4.79771	15.0282	14.5968	11.9137	9.49315	9.51862	10.357	14.5543	10.6497	17.6104	14.898	6.81723	4.7074	9.50477	13.2341	13.8469	12.8238	11.3622	11.766	10.4537	8.78462	7.70639	3.41112	5.36383	8.67519	1.2123	1.26599	4.33873	17.5776	26.9035	24.0548	25.3527	24.3448	21.4551	18.559	8.23435	0.582813	2.52489	3.70994	3.43944	2.85865	2.16585	1.5269	1.44502	0.525526	0.368206	2.19776	1.88628	2.79781	2.87015	2.54939	3.06674	2.65741	3.15438	1.35586	3.76864	3.06101	1.98359	3.12915	9.72522	13.6185	12.9927	13.1964	14.5784	13.4848	10.9035	14.9675	16.5559	16.0381	13.7319	11.037	7.12678	3.9836	4.18389	8.38484	4.78979	5.3765	7.55341	4.93113	2.63236	0.238633	2.42162	4.75292	4.88939	4.25743	0.359887	0.777927	2.27092	1.70922	4.74722	5.07369	4.59847	5.08272	3.29234	2.67186	3.07854	3.45978	2.78096	3.32937	3.36108	2.44063	2.90249	1.62119	0.597726	1.63463	1.0318	0.15874	0.370248	2.53672	6.68748	12.4034	10.367	5.8635	6.84739	6.21646	4.8197	3.69372	2.54319	1.01507	3.35376	4.72485	4.59305	5.24645	7.18059	9.41577	13.7663	14.1851	7.93691	8.16515	10.2985	8.78577	8.22811	7.11681	7.06199	3.14903	4.04765	5.41678	5.51397	6.91675	6.94769	5.31061	1.68482	1.00309	2.11317	2.38092	3.99267	4.32071	2.95162	2.65384	2.70878	3.11488	2.46803	0.365436	1.44277	1.16721	0.211782	0.0809406	0.70129	0.482013	1.66567	3.59286	3.06082	0.796212	1.32501	2.52473	1.0588	0.80844	0.471962	0.150599	0.492333	0.88802	1.55658	2.4041	1.93782	1.99767	2.41076	2.85827	1.50899	1.27068	0.520703	0.39269	0.231137	0.0317475	1.04947	1.31528	0.789535	0.973836	0.897908	1.08673	0.838106	1.47694	1.58992	1.54753	1.22062	1.13037	0.632163	1.22533	1.5145	1.26738	0.484614	1.02397	1.76053	1.78697	1.9161	1.8878	1.65369	1.10195	0.0224495	1.02569	2.90395	4.12188	3.48279	1.8402	0.382308	0.231125	0.114469	0.454546	0.784062	0.667429	1.13235	0.504463	1.59394	5.95447	5.45521	2.40447	4.36331	4.42902	2.95362	1.45908	0.725344	0.610688	0.577164	0.550347	0.854802	1.45894	1.76161	1.75284	1.10083	0.445615	0.24282	0.120892	0.761894	0.462242	0.48566	1.14038	1.34676	1.54152	2.30192	2.93708	2.99124	2.52087	1.22062	0.634937	0.620891	1.4728	1.30359
5.12306	12.9217	12.3994	12.0523	11.7065	12.2535	13.1775	16.0418	12.2667	12.034	11.8338	9.19228	9.24252	12.1511	12.3545	10.5051	9.66248	8.00377	8.36622	9.86281	9.08159	5.7035	1.74793	4.20168	7.76827	1.49395	0.709734	4.89816	20.8396	23.4546	10.538	8.00487	18.0135	18.3634	18.2049	10.6758	3.77077	4.25098	4.35564	3.69034	2.86943	1.08565	0.888692	0.920451	1.77733	2.28825	2.55211	1.46117	1.15528	0.417509	2.83976	4.83663	2.71167	2.57247	1.02994	5.4687	5.18109	2.88636	2.13173	5.61961	10.3036	12.692	15.1137	18.1414	19.3055	18.1181	16.6663	14.267	12.4919	9.82863	7.56468	5.69424	2.8841	5.31876	9.21939	5.45207	5.51902	9.11969	6.81522	5.44339	6.22047	5.16025	2.60588	4.01713	5.93017	5.38972	5.14428	5.38349	5.19592	5.78231	3.11035	3.34657	3.3248	3.0329	3.40766	3.71401	3.52631	2.9785	3.40875	3.2775	2.05034	2.46863	2.75357	1.07913	2.09315	3.2623	2.76116	2.12392	1.35581	3.20397	9.34191	9.52071	7.6508	7.48628	5.91277	3.9004	2.70121	3.78338	3.06797	3.68039	5.01243	4.76089	5.46371	8.06676	10.5066	12.9401	10.3605	6.71215	14.7353	15.7874	11.3338	6.39284	5.18156	6.20465	6.8227	8.45612	9.53827	9.64666	10.3172	9.27363	6.81279	3.47827	1.8624	1.74784	2.94806	3.37752	1.51966	0.319012	0.602235	0.97155	0.965292	2.27119	2.101	0.141954	1.5351	0.736238	0.837978	1.26708	1.36316	2.80565	2.98175	0.866311	0.542409	0.966862	2.90132	1.34831	0.788411	0.630041	0.0317415	0.9527	0.793491	0.856958	2.05744	2.3572	1.5867	1.1054	2.01973	2.26349	1.04693	0.383546	0.647409	0.851689	1.02358	1.60372	1.1221	0.647409	0.247916	0.77226	1.0856	1.15526	1.67944	1.43378	1.91679	1.72094	1.82092	1.45607	1.00369	0.255907	0.520596	1.24792	2.17651	2.89306	2.42642	2.12107	2.04699	2.21637	1.87245	1.54424	3.45267	4.96263	4.01418	2.41118	1.42245	0.764415	0.574845	0.253944	0.709756	1.26355	1.33787	1.23938	0.837949	1.90406	6.63448	7.14126	3.80695	6.672	4.98807	2.90842	1.53509	1.15531	1.12707	1.345	1.24145	1.18838	1.54851	1.46538	2.08664	2.2175	1.9573	1.47632	1.05507	0.653597	0.326809	0.718211	1.1747	0.788411	0.893825	1.60592	1.70883	1.10177	2.78054	3.19771	2.69786	2.79407	3.78273	4.43448
3.74862	8.89996	10.4701	10.9543	10.7341	11.6889	12.823	15.2356	11.4748	4.68174	10.4058	9.94663	6.83464	4.61012	7.73136	8.05962	7.12349	5.41113	5.96306	7.99438	5.97382	1.73141	0.610448	3.13194	6.7854	7.26574	4.3526	6.32542	22.7951	20.0907	7.7394	7.64774	19.6747	19.1297	12.9821	9.92287	16.5283	17.5019	14.4491	9.97796	7.33478	7.04448	7.37828	5.72473	3.28841	2.2631	2.42733	1.17411	1.70108	2.94136	4.36287	6.33137	2.31401	1.87374	1.06603	7.76728	6.21411	3.53189	1.56538	3.04397	7.26019	11.0322	14.6796	19.0113	21.6926	21.3865	19.1415	16.3552	13.2007	9.89451	7.24259	4.50907	3.85789	6.36208	8.15217	5.09218	6.36342	9.72019	7.4944	5.31484	3.76881	4.78127	3.10176	0.810647	5.86925	9.19265	8.30451	6.77338	6.58202	7.69167	6.28536	6.43759	5.21448	4.97905	5.17023	4.94945	3.60841	3.34193	3.52091	3.17955	2.09769	1.9016	3.09903	0.946726	2.8164	4.02419	4.04977	3.35826	2.51994	1.51668	5.74246	6.41725	4.04552	4.85908	4.59608	3.21455	2.22045	3.91295	4.48828	4.64512	5.39552	4.26465	4.88676	7.67829	10.6995	12.6034	5.81956	7.61839	15.9804	15.4084	12.4926	7.63014	2.68802	2.56146	6.94527	8.14856	7.82549	8.25882	10.8312	9.73347	6.51919	4.23948	3.51276	1.65013	1.60613	2.97177	2.19228	1.47001	1.1102	1.20263	0.180926	1.29847	2.82607	2.12178	1.14408	0.827514	1.18923	1.82387	2.17846	2.69767	0.889085	1.10498	1.32053	0.0897639	2.32576	3.12595	3.29802	3.07164	2.69781	2.13279	0.974243	0.717036	0.858854	2.27463	2.05119	1.114	0.62992	1.51838	2.15378	1.26366	0.141926	0.511704	0.134646	1.651	1.02333	0.370106	0.475496	0.426962	1.09606	1.40423	1.65846	0.604207	0.759296	0.911194	1.33588	0.804405	0.507752	0.718426	0.683937	1.32892	2.38119	2.96642	1.88787	1.50591	1.43664	0.943527	0.686521	3.53284	5.25392	4.79164	3.36868	2.46468	1.48301	1.32584	0.857378	0.403931	0.843215	1.38113	1.22263	0.462629	0.937319	2.04612	7.31066	9.42426	4.1791	8.39209	6.21428	5.56583	3.92802	0.911194	1.40066	1.90617	1.59342	1.43385	1.8845	2.46194	3.42128	3.12109	1.85601	1.62653	2.03244	1.9723	1.40942	0.696	1.60057	1.26307	1.01375	1.50587	1.53481	0.673574	0.619057	1.18923	1.66476	1.99662	2.32335	2.9209
3.09688	6.97379	7.37276	5.15802	5.68456	7.70481	8.06076	12.8469	12.5656	2.19045	10.06	10.4777	11.6196	17.2277	20.5034	20.5697	18.2585	15.6531	12.3837	10.2756	6.10141	4.07659	4.71883	5.61014	7.57344	8.47105	7.09875	3.88966	22.5547	21.2729	7.33444	10.5368	20.2118	17.3295	7.01927	29.0242	36.9175	33.3946	23.9961	15.0012	15.4853	19.3911	19.3204	16.6225	14.5056	8.48121	1.7082	0.920671	1.25945	0.908526	3.83993	6.64979	3.165	2.26796	3.25261	9.96419	6.61235	5.23401	1.83973	1.39299	1.88671	3.10917	4.9822	8.31262	11.1082	11.694	11.1694	9.955	7.93069	5.94704	4.22689	4.1136	4.12209	5.69971	7.80472	8.17278	7.92654	8.75163	6.45549	3.77288	2.84736	0.413694	3.08121	3.78189	5.7723	6.65513	7.15821	6.10763	6.68698	7.65291	6.96023	8.15111	7.01699	6.2097	6.70972	6.8076	4.50746	3.38772	3.89688	3.76095	2.27364	1.92672	3.08021	1.55477	2.79325	0.98408	1.85278	1.76384	1.88613	0.602031	3.46981	4.83824	1.62065	2.93171	2.70381	1.56699	2.93374	4.14678	4.57689	5.0327	5.3468	3.79272	4.15063	7.02345	10.7145	13.8173	7.61296	6.75361	16.2118	11.5769	8.3026	8.85545	6.05118	5.03869	4.11384	3.30169	6.64539	9.53193	11.6603	9.32443	5.97059	3.68702	3.23639	1.45579	0.457606	1.66948	2.87082	1.75177	0.450961	2.10242	2.88666	2.00853	2.39709	2.86839	1.16655	2.45506	2.72645	2.90915	2.13135	1.24091	1.93096	1.9372	2.14634	1.09539	0.323575	2.12713	2.56517	1.84958	2.17569	3.05671	1.46067	0.547747	0.766765	1.75923	2.10853	1.34667	0.261647	0.72354	2.13131	2.29825	0.585043	0.540334	0.228807	1.45924	1.09534	0.358983	0.507685	0.730466	0.827389	1.59308	1.17773	0.200683	1.17773	1.16657	0.897395	0.585072	1.49132	1.02515	1.75464	1.68626	2.02837	1.84732	0.383386	0.590201	0.943344	1.73107	3.27592	5.11781	5.02005	4.01195	2.61474	2.26975	1.06652	1.68387	0.984028	0.623362	1.40876	1.41877	1.34894	0.423317	0.764101	1.78645	8.13502	11.7871	2.90985	8.75566	4.84397	5.02596	4.51229	1.59115	1.2941	0.483299	0.735919	0.764101	1.58035	2.26787	1.55735	3.2355	2.20182	1.52406	2.12666	2.40095	2.78146	2.34679	2.13135	1.3467	0.827377	1.45305	1.21885	0.190376	1.49135	2.15763	1.66533	1.21223	1.12259	0.585055
5.96592	7.38519	8.11716	5.83307	3.54242	4.01742	7.42078	14.491	14.5525	5.48197	10.6045	11.6187	12.6735	10.687	7.20315	10.7443	11.0197	13.6386	14.8701	13.328	7.99743	4.06688	0.413614	1.74461	3.59159	10.9017	7.50735	4.03725	18.0065	20.8234	8.0958	11.0383	18.5567	11.1121	23.0546	35.952	26.2419	27.9893	23.4732	13.7767	16.951	19.4229	19.2915	20.0394	23.3226	23.0798	12.9492	4.80281	4.14691	2.93671	1.84368	5.39474	5.18649	4.15175	5.048	9.36509	3.87655	4.90521	2.72334	2.77554	2.53715	2.88612	2.86414	2.63149	3.0086	4.7845	5.25201	3.76999	2.18821	1.74175	4.80503	5.61691	2.7362	6.22099	8.84112	9.8537	9.16446	8.10506	5.32429	2.7798	3.41097	2.04926	3.00845	5.3465	7.45746	4.29233	4.62171	5.84135	7.65958	7.79886	6.53864	6.94075	5.23676	5.23763	6.62488	7.12775	5.57527	3.96233	3.88146	4.07941	2.74385	2.87492	3.54094	1.84922	0.92372	1.55448	1.12953	0.666914	1.73123	0.857052	2.10817	4.65957	4.38576	3.42011	2.46235	2.04719	4.05429	4.85394	4.8716	5.0389	4.8638	3.38201	2.60069	4.83472	9.92383	16.0804	16.4707	9.86331	16.4514	14.393	5.92086	9.38802	8.2665	9.35096	6.78064	8.69773	12.6665	12.6244	11.5937	8.8241	6.25673	4.23836	3.36369	1.64557	1.16462	2.41043	1.93206	1.1775	1.95388	1.83003	0.7835	1.87346	2.25679	2.8496	0.763999	2.3882	1.20364	0.784744	0.987946	1.18427	2.66934	2.32569	2.58096	0.846471	1.53096	2.12097	1.62031	2.65581	2.66375	1.27664	1.6209	0.983897	1.19194	1.68119	1.74512	0.628083	1.63269	1.4931	1.97019	2.60841	1.71665	0.946334	1.03276	1.50776	0.966307	0.554939	0.190351	0.361705	0.968421	1.48292	0.827235	1.10974	0.224323	0.642355	0.468401	0.406259	1.07846	0.361705	2.06332	2.2621	1.77877	1.11063	0.350412	1.28455	2.96699	4.50524	5.57242	5.52618	4.04704	5.05884	4.79956	3.47248	2.5271	1.83001	1.84916	2.30573	2.78704	1.59281	2.05356	0.637604	0.44864	1.53291	8.76844	12.019	2.8303	9.85895	7.03027	5.17334	2.89188	1.58005	1.88626	0.601918	0.968394	1.06628	1.88412	2.21545	1.11063	2.37647	3.32113	1.77604	1.62095	1.68364	2.49163	2.95209	2.7108	1.94719	1.58585	1.48632	0.674439	0.678902	1.63699	1.56222	0.871062	0.583223	1.25681	0.511517
4.60077	6.00434	9.51901	8.61455	8.83794	9.99512	12.548	17.9235	20.5884	15.1737	14.8465	10.8465	7.21818	3.19026	8.02956	10.672	8.09724	8.68707	12.472	13.9659	8.81519	2.25646	7.09582	9.0179	10.6019	8.97424	7.55273	19.278	16.8453	15.9665	9.20204	10.5939	17.6714	8.26571	24.4614	25.2843	15.5852	22.4809	16.2291	9.71523	11.1638	7.04278	6.89395	9.35577	14.734	23.5692	21.0444	14.5719	11.052	7.45207	1.81597	2.14324	5.28646	5.4484	4.8825	4.64718	2.72207	2.57427	2.55554	4.92824	5.25402	4.84156	4.60146	4.74861	4.49531	4.30775	3.67272	2.94911	1.94677	1.52279	4.7834	6.76305	5.2162	5.97325	7.26486	8.05724	8.56416	7.7813	5.9566	5.22323	5.21861	2.94743	4.12757	5.28472	7.77703	5.48196	1.76719	5.60854	8.56793	8.2555	7.04681	7.18937	3.67012	4.58559	6.1975	5.8045	5.12201	4.42664	3.58039	3.34567	2.50597	2.67521	3.56051	2.12433	1.18748	1.17729	0.93334	0.881229	1.42453	1.17723	0.574437	1.89181	2.8855	2.02619	0.485196	3.67562	3.13196	5.0308	5.50763	5.4306	5.31574	3.58495	1.02279	2.90804	7.58485	13.3485	18.9596	20.09	18.8213	14.735	6.93331	9.27923	9.42383	11.5833	6.87207	11.558	14.239	11.1308	8.94719	7.14038	4.94227	3.28657	2.97952	2.18778	1.90771	2.23357	0.852207	0.51142	0.31717	2.31433	1.31901	1.61995	1.79362	2.01369	1.73271	1.08013	1.57534	1.88541	1.42523	2.12999	2.26168	1.62491	2.67437	0.406187	0.808585	2.06682	1.12484	2.71014	0.584837	0.951434	1.57472	2.54889	2.4411	1.51751	1.14958	1.12125	1.93278	1.20764	1.93013	2.22635	2.53931	1.57467	0.902622	1.46006	0.890278	0.54568	0.341618	1.53262	1.93592	1.0228	0.184949	1.04319	0.89367	0.317177	0.261559	0.501501	0.924668	1.4908	2.19871	2.4311	1.79027	0.468297	1.34619	3.0739	4.57378	5.02725	4.65679	3.84772	3.29328	5.91966	4.93497	4.28992	4.40288	2.96226	3.71812	4.02997	3.88603	3.23434	3.2712	0.924639	0.224275	1.7251	8.64313	9.59883	3.89551	9.02453	6.71074	3.49439	1.9734	1.4414	1.24691	0.190314	0.567365	1.34915	2.2313	1.89017	2.04878	1.34548	3.05848	1.54638	1.04033	0.950417	1.47111	2.24173	2.73753	2.85517	2.56928	1.81432	0.942985	0.883515	2.7463	4.24447	3.62665	1.76943	0.448543	1.12485
2.5189	5.28917	8.77568	7.5415	5.45494	8.14653	10.2024	18.4019	20.4936	8.42444	12.3757	8.2502	8.8757	10.985	14.2554	13.7462	10.8572	10.1524	12.5247	12.7705	8.53757	6.15538	6.02676	6.58424	6.601	5.51724	22.8365	23.5668	15.5452	10.4867	12.2784	10.922	18.0765	10.4627	13.7845	17.3529	19.0281	15.3307	8.35539	0.224231	3.45488	4.02988	7.28259	7.32228	6.23846	11.7448	14.5503	15.277	15.6752	15.5764	11.9502	7.72311	3.42276	0.676045	1.30341	1.5279	1.70862	1.69148	3.76979	2.30845	0.946258	0.762387	1.53976	3.61452	4.6995	3.67728	2.8437	2.44542	0.94836	2.59883	3.86939	5.84643	5.00284	4.00452	4.56242	5.04065	4.21606	3.68407	3.49567	3.19481	1.98283	2.43318	4.55092	5.14855	8.13066	7.82979	6.95805	8.2174	8.21882	5.35175	6.36971	8.25848	4.95067	5.72197	6.23282	4.72857	4.31202	4.43184	3.20884	3.21453	3.05372	2.82392	4.22045	3.16368	2.27694	1.64191	0.624646	0.623004	0.746687	1.22512	0.74534	0.734502	1.75442	1.3764	2.66728	2.10266	2.54221	6.29013	8.4016	7.10469	5.64621	3.00872	1.68055	6.78147	8.06638	9.83632	13.3529	17.0912	17.2432	13.9071	9.19148	9.6402	11.1809	14.7354	13.6392	17.4262	15.8953	10.527	7.6547	5.49473	3.12384	2.34893	2.48749	1.57412	1.59614	1.66435	0.746395	1.01669	1.58731	1.6886	0.83954	1.88677	1.90886	0.0634224	1.75084	1.47441	0.814961	1.61109	1.95213	1.73654	2.74797	1.59232	2.44306	0.401114	0.522982	2.02334	0.225358	2.9454	2.01738	1.6819	0.531591	1.29064	1.64771	2.076	0.892978	1.94297	1.03062	1.49045	1.78992	1.09586	2.40888	2.39837	1.28485	0.462256	1.48663	1.88511	1.57588	2.13679	1.24123	0.832344	0.571694	0.874464	1.21092	0.978901	0.70411	0.631448	0.453482	0.844028	2.31393	2.84584	1.8102	0.890104	3.22008	4.6788	4.62655	3.72102	3.69433	4.40529	4.55774	4.31997	2.02736	5.73322	5.47197	3.4524	3.42788	3.29204	3.05937	4.07728	4.96378	1.68187	0.542792	2.17412	7.97135	7.77609	3.10743	8.39236	5.71387	2.74821	1.705	0.426637	0.446776	0.493313	0.0634263	1.48503	2.1717	1.4572	1.77978	0.588562	2.04572	2.63718	2.06436	1.08207	0.83084	1.12306	0.945202	0.865534	0.928306	1.16613	1.74181	2.33709	3.06922	2.04764	3.04752	3.10494	2.14624	0.746395
1.10728	2.78858	6.307	9.59554	9.40208	6.72229	7.40867	16.4409	17.2611	8.00208	14.8369	13.598	11.6746	11.6139	14.1624	11.2964	8.7259	8.88948	10.8437	9.99319	7.41424	6.75268	3.4949	3.72708	3.01988	14.0657	25.3107	14.247	7.8659	6.35465	12.3939	7.20473	14.6457	9.06252	5.04541	2.1215	6.44351	8.38409	7.36868	5.80072	5.86875	6.70786	8.23573	8.69837	9.61438	6.77594	2.82588	5.80919	9.98419	12.9732	13.0604	10.4499	6.96574	4.87201	3.75821	2.22396	0.919398	1.01101	3.68422	3.69379	3.01538	2.67349	2.54846	1.51688	0.158534	1.58773	3.97499	4.64715	2.38589	3.19906	2.07384	2.79083	2.66522	2.03235	2.56515	2.62136	1.75044	1.40379	1.74442	1.23997	0.431232	3.35529	5.01077	6.2246	10.3657	10.9392	8.44241	6.1223	3.92203	1.60005	6.72287	8.40596	6.37807	6.96724	6.35661	3.86818	3.40399	3.61847	2.13464	2.77736	3.36981	3.34697	4.10493	3.13849	2.59372	2.08545	1.44571	0.945794	0.792609	1.46364	1.33477	0.936741	1.43354	2.08711	3.40641	4.69079	7.24329	7.80257	10.889	7.34411	6.826	6.0271	1.87719	11.4494	8.76022	6.87357	6.97883	7.52587	8.14661	7.65823	6.23132	7.11303	9.92646	13.7611	16.1712	17.2836	13.4689	8.47065	5.38997	2.89814	1.3894	1.69065	1.60283	0.589752	0.740145	0.641966	0.141796	0.666542	0.571577	0.184874	1.2633	2.21855	1.21379	1.42961	0.771416	1.50593	0.270901	1.62768	1.87959	1.08204	1.93433	0.516112	2.09186	0.802039	0.161674	1.41659	2.02764	1.2553	0.511219	0.641174	0.837595	1.56898	2.28948	1.40773	2.12542	2.36151	0.0708959	1.94186	1.05526	0.28536	1.67364	2.18298	1.16568	1.10955	1.31359	1.98538	1.85495	0.784959	0.966292	0.317067	0.476649	0.895046	1.19839	1.06571	0.74625	0.680717	0.876859	1.2997	3.10892	2.45298	0.641206	2.05288	4.24464	4.39603	2.71212	2.73145	3.64952	4.13772	2.91811	0.448372	4.21792	5.60152	3.84617	2.28729	2.94667	3.34692	2.63581	3.16308	6.1815	2.50553	0.574188	2.24076	7.15528	7.27424	4.03306	8.26449	4.30254	1.87022	1.49923	0.603244	0.668829	0.870563	0.751611	1.58993	2.32103	1.39943	1.28376	1.29506	0.624525	1.84001	2.14242	1.25731	0.560922	0.698202	0.665817	1.05815	0.896735	0.53898	1.42085	2.53685	2.04119	0.615613	1.67992	2.21834	2.516	2.00097
1.74551	1.92902	2.71486	6.12156	10.086	12.1042	11.5272	15.8316	15.3294	8.64817	14.0375	14.9572	12.0932	10.7841	11.6899	7.32806	4.63034	4.70559	6.87117	8.09733	5.98531	5.77505	4.35327	4.62589	3.29713	14.9469	23.519	14.6398	2.84059	3.56513	6.58573	8.62996	9.39304	2.50264	2.177	3.30536	5.19567	7.09768	6.23371	5.75089	6.84348	8.46549	9.02069	7.66285	8.67429	9.77934	9.20155	7.40133	6.20036	6.34411	8.19549	7.24684	3.62503	2.46426	3.62662	2.67002	0.503695	1.3154	2.22461	1.29286	1.04793	1.01432	2.30063	2.25329	0.892335	0.474952	3.984	6.39029	4.52453	4.60918	2.57758	1.88554	1.72838	2.15836	2.6092	3.39432	3.34689	3.91537	4.43035	2.49826	1.97095	4.15305	5.16845	7.21003	11.5458	10.0269	4.35214	0.745086	3.35613	5.55252	7.14924	7.4321	7.09023	7.79808	5.83037	2.71468	2.85356	3.20204	1.35895	1.08163	2.18251	2.89069	3.09719	2.26983	2.0914	2.3085	2.19575	2.02502	1.72838	2.00127	1.84079	0.882116	0.241414	1.17913	2.32619	3.33525	3.46057	5.03667	11.2724	10.4313	13.1188	15.8575	13.6455	15.1845	10.2678	6.5873	6.04816	3.90804	4.58618	5.39341	5.50025	5.73189	7.24617	8.44762	8.63486	7.46748	5.41061	1.96428	1.54692	1.396	2.20945	2.38827	1.34842	0.935225	1.60867	1.54778	1.15528	0.554499	0.262367	0.941624	0.918947	0.751442	1.13268	1.44576	0.359338	1.50412	0.651572	1.31767	1.59797	1.30101	0.988439	1.56549	1.98998	1.24903	0.748109	0.413299	0.988467	1.1481	1.10712	1.07252	0.746104	1.68948	2.12311	1.30548	2.1644	2.26704	1.48199	1.61625	0.112076	0.583209	1.03826	1.64366	1.41205	1.99763	1.323	0.285305	1.20278	1.70369	1.58669	1.46906	1.30568	1.14283	1.23328	1.44494	1.31544	1.34467	1.39237	1.88699	3.17379	1.98805	0.788307	2.53477	4.80163	4.18267	1.59151	2.33124	2.82313	2.68823	3.43144	4.96925	4.55564	3.01099	1.89401	1.28838	2.56778	3.95783	3.59409	1.74751	6.75893	3.26286	0.474952	2.04869	6.15442	5.99587	4.10781	7.1714	3.46831	1.90456	1.7842	1.08929	0.666435	0.354406	0.428224	1.27408	2.19431	1.60909	1.36726	1.72776	1.5033	0.549506	1.28838	1.20481	0.336234	0.792148	0.792466	0.493646	0.475485	0.982322	1.91715	1.44904	0.280854	0.794336	1.08417	0.30487	1.64138	1.81558
0.889592	3.83032	6.20587	6.15788	1.46306	8.6405	11.9141	15.3979	13.3827	4.27372	12.6404	14.4118	11.851	9.58754	7.63263	3.76763	4.45342	2.89566	4.83914	8.42449	4.60466	5.27573	6.08924	5.55593	3.60464	12.3169	19.0213	14.7598	9.77054	4.24098	3.05244	10.8944	8.27658	4.05327	1.95222	4.1402	7.33141	7.79016	5.1441	4.08612	5.56514	8.74371	9.69604	8.97685	9.78349	9.61366	8.71653	8.0031	8.92165	8.3471	8.16154	6.35024	2.49639	1.64332	4.2219	2.19399	0.422854	1.97591	1.77256	0.589515	0.412001	0.272637	1.56548	2.5567	2.13596	1.07933	1.44311	5.42926	6.26403	4.46115	3.54528	2.21762	0.527484	1.54515	2.36408	3.85	5.46148	6.27969	5.01189	3.61509	4.31706	5.10441	5.10441	8.06112	11.9255	8.23105	2.09393	3.69063	7.05021	8.17595	6.5682	5.27669	7.19598	7.78251	4.8984	2.60013	3.13432	3.54791	2.91401	2.67135	2.08658	2.534	1.9051	1.63939	2.2116	2.4293	2.40008	2.52442	2.59789	2.59514	2.12412	1.08302	0.130681	0.212604	0.471152	1.46307	1.58424	2.16759	7.19828	9.73939	11.7856	15.3927	16.7095	14.1276	8.39929	5.3502	5.41923	4.16394	5.72094	7.20639	6.24354	5.41794	5.64466	5.17193	4.51314	2.99489	2.35168	0.361352	0.870193	1.63571	2.59678	2.34881	1.38887	0.527484	1.52159	1.4452	1.77005	0.624286	0.482726	1.16907	0.34864	0.515924	0.751324	0.341342	0.52747	0.739171	1.00217	0.361364	1.12131	1.43297	0.666284	2.04845	1.4621	1.3027	1.01114	1.30383	0.718516	2.25472	2.59797	2.58338	2.33627	2.18473	1.16259	1.97069	1.27115	1.0653	1.99018	1.12044	0.73984	0.597986	0.88053	1.09823	1.66036	2.23902	1.77256	0.842048	0.605491	1.1164	1.63115	2.17668	1.97348	1.59472	0.90142	1.23265	1.38886	1.46071	1.53315	2.09304	2.05552	1.48957	0.522681	2.9618	5.22185	3.69374	0.969528	1.68672	2.71739	3.58119	4.41953	3.92054	2.50305	1.63694	1.14303	0.392015	1.53998	4.00243	5.0021	1.24236	6.63327	3.60946	0.512006	2.19308	4.99569	4.25863	3.80846	5.72294	2.92045	2.09776	2.00089	0.923969	1.00864	0.701557	0.853334	0.978816	1.50565	1.34477	1.3119	1.51167	1.7296	0.921211	1.0779	1.43151	1.0756	1.21088	0.89246	0.426389	0.646386	1.02295	1.77424	1.51065	0.299001	1.60221	1.33731	1.13241	0.949692	1.92634
0.886354	6.77926	11.3004	12.9277	14.8373	12.7536	11.7305	11.0385	11.9926	12.5567	13.9077	14.146	12.0755	8.6992	3.71634	0.673665	5.44831	4.2851	5.33176	7.36247	2.71881	3.94796	5.58685	4.73744	4.07268	9.9549	13.9574	11.6225	13.3502	8.3421	4.84854	10.3803	4.93198	5.61584	5.497	6.3412	7.858	6.87107	2.99543	0.400826	2.14357	5.08508	4.52927	2.14685	3.58764	3.46535	6.46372	6.73719	7.2926	7.58315	7.56053	5.52511	3.3453	2.60362	1.62279	6.83345	8.08106	6.49048	3.2628	1.7331	0.661648	0.130649	0.570379	1.81448	2.23616	1.72712	1.6864	0.112031	0.482653	0.416771	3.65766	2.73159	1.09869	3.24127	5.76846	2.95507	0.83142	0.320806	0.976101	4.2819	5.82421	6.3673	6.8022	9.43344	11.6882	7.13615	1.08122	5.85652	8.45057	8.24097	7.21938	4.52135	5.62404	7.43721	4.67001	2.98768	3.60397	3.97894	3.0461	0.874932	0.836511	2.22422	1.46178	0.967562	1.16948	0.962337	1.84127	2.54227	3.17061	1.77349	2.65013	1.76614	0.448686	0.320809	1.0092	1.73102	1.34713	0.949478	1.58901	0.674023	0.800668	2.61379	4.68471	4.58912	2.51369	1.13291	1.73191	3.64727	4.63982	5.54092	1.16325	2.01136	3.13253	1.54453	0.938085	1.48684	2.28352	1.84302	1.58545	1.74918	1.68297	0.591545	1.5372	0.320816	1.50604	0.923756	1.19263	0.988083	0.969883	1.23463	1.06157	0.291285	0.0633775	0.682932	0.807846	0.556569	0.63095	0.748806	0.945277	1.43952	1.99449	2.23947	0.591545	1.19558	0.163121	1.61909	2.37521	2.56806	1.15159	3.26692	4.3298	1.30419	3.0761	1.41417	0.405794	1.06462	0.878649	0.453684	1.24249	0.478995	0.561481	0.339074	1.27144	2.20307	2.1688	1.49486	0.902046	0.641597	1.11253	1.90387	1.79032	2.35149	1.23241	0.812186	1.18823	1.31854	1.27366	1.72713	1.81434	1.77085	1.19099	3.78134	5.21392	2.79461	1.61491	1.81782	2.14366	2.1697	1.71477	0.967562	1.19096	1.33704	0.886354	0.672188	0.75817	2.98061	4.83824	0.947636	6.25377	3.3041	0.571228	2.14496	3.94639	2.84472	3.56062	4.55425	2.47423	2.29188	2.21349	1.0379	1.48936	1.62791	1.63666	1.42323	1.16843	0.794663	1.04604	1.10687	1.50355	1.28322	0.682533	1.44155	1.26828	0.479526	0.481071	0.605358	0.851666	0.892244	1.34001	1.41486	0.766402	1.67296	0.466232	1.72126	0.200407	1.88278
3.52753	8.10329	15.5855	13.6224	13.9735	14.7825	10.2731	0.312034	12.5701	17.2034	15.0445	13.8592	12.124	8.82968	4.29427	2.99103	5.22615	5.78917	6.74223	5.25088	2.84544	6.40047	4.37337	2.26441	3.7302	9.26378	10.0019	7.41315	12.9152	11.8698	3.77101	10.9247	6.10243	4.45871	6.09692	7.29061	5.96922	5.15559	1.96294	2.4348	4.001	5.6516	6.66758	7.28526	7.91404	4.97147	5.28209	7.81621	7.526	7.27516	6.694	4.70787	3.00827	1.47892	7.8256	12.0617	12.208	11.0152	5.5346	3.35779	2.5496	0.494877	0.878479	0.889254	1.76677	1.4615	1.94037	1.17209	1.65343	1.90553	2.28378	1.73073	3.25339	5.66649	4.84331	7.5366	1.37419	1.80973	1.56367	3.28542	5.7776	8.34319	8.53727	9.16341	10.0223	6.69961	3.8059	8.81072	9.17667	7.7065	6.14825	4.74883	2.60493	6.49584	4.90105	3.29187	3.96186	4.86814	4.14021	3.06502	2.23907	2.03093	1.64817	1.53937	1.62898	0.779237	2.52096	3.62206	4.6895	0.739558	2.87224	2.53463	0.880221	1.14476	1.38937	1.87096	1.09003	1.65788	1.84449	0.843544	0.522482	1.19242	1.37528	1.27342	1.23543	0.708413	0.718243	2.18592	2.74891	3.42289	2.14082	1.94839	1.99735	1.59159	1.17893	1.88965	2.07301	1.70268	1.14786	0.62483	1.39836	0.760956	1.3476	1.11995	1.24225	1.4917	0.791976	0.955079	0.510849	1.51579	1.96662	1.43416	0.537643	1.36795	1.52075	1.03769	0.852975	1.1408	1.12353	0.524424	2.53361	1.90253	0.484642	1.217	1.47652	0.852985	2.87379	3.80273	0.986659	3.72932	5.05078	1.77051	2.99952	2.99952	1.37523	0.66603	1.20621	0.241275	1.11951	0.668309	0.22403	0.141688	0.809528	1.70472	2.70297	1.72456	0.641467	0.901025	2.22738	2.23953	1.42296	2.17211	1.77278	0.896598	0.900499	1.15311	1.63514	1.96915	2.04379	1.85594	1.56842	4.74642	4.71077	1.76113	1.83615	1.86458	1.65343	1.29257	0.615144	0.539504	1.50209	1.43239	0.801463	1.00029	1.71299	3.00282	4.20316	1.56004	5.96902	2.81733	0.760956	1.56773	3.0466	2.43561	3.55805	3.60817	1.78066	2.51399	2.75178	1.39377	1.58405	1.72117	1.70831	1.59509	1.24555	0.691927	0.74564	0.963447	1.0923	1.39517	0.984113	0.53949	1.31869	1.5627	0.860636	0.66829	0.739558	0.762932	1.09366	1.01073	0.955137	0.9317	0.456918	1.34238	0.901585	2.05351
10.0993	7.61891	16.091	15.06	6.77361	7.49829	5.32012	10.7606	12.9275	11.3455	11.2647	9.54497	6.85528	5.97893	1.8464	6.55426	10.3378	11.6704	11.9492	9.35268	6.78628	5.09858	1.85858	4.12071	3.72245	6.07754	6.17727	6.07937	12.854	13.7284	2.84787	9.34034	6.98594	2.02056	1.76375	3.69667	2.06906	2.78898	3.1475	5.4368	5.60741	5.43818	3.66193	4.48702	8.4024	8.18226	2.6694	1.0128	3.08252	4.04507	3.22225	1.99708	3.58942	6.56615	11.7302	8.25682	7.4909	10.8554	7.2534	5.80368	5.48166	1.58621	0.865395	1.44574	1.48876	1.07333	1.31228	0.611342	0.250413	0.852816	1.11029	0.0316767	2.324	7.5008	2.48505	6.97284	7.13753	6.19332	4.2275	1.21384	5.47998	9.59522	9.96219	8.598	9.01833	6.44343	5.33398	11.2874	9.14822	6.96707	2.50836	5.47006	1.52341	4.82253	4.75519	4.09199	4.31519	4.7376	3.73626	3.5654	3.35345	2.28042	2.42352	2.03451	1.41148	1.50304	4.00325	3.95815	5.03935	1.71068	2.66341	2.53759	0.11421	1.37497	1.90328	2.30588	1.46126	1.75307	1.90007	0.554522	0.968978	1.44516	1.16215	1.16801	1.92674	2.3042	1.90015	1.42919	2.03284	1.79253	0.631098	0.70291	0.782296	1.62048	1.40371	2.42418	1.91943	2.20463	1.33257	0.359067	1.27804	1.70892	1.02579	2.81326	2.41369	3.24496	1.40299	1.25589	0.649905	1.04516	0.605143	1.77579	0.255371	1.62229	0.565273	1.14655	1.71717	1.93188	1.82339	0.200339	2.50254	1.80085	0.192681	0.247396	1.441	1.68233	1.74504	3.58757	4.93067	4.32771	3.69402	2.20493	1.85317	3.84785	2.95403	1.6516	0.73877	0.492748	1.04206	0.619487	0.190059	0.190059	0.111991	1.08635	3.19258	1.93392	0.969525	1.57398	2.9667	2.18705	0.949148	1.64011	1.79641	0.891637	0.608454	0.681201	1.49164	1.68552	1.72937	1.88131	2.21619	5.35776	4.17098	1.96852	1.55095	1.31804	1.18441	1.17506	1.01279	1.35296	2.08643	1.13069	0.15838	0.534252	1.03042	2.65069	4.16015	2.51337	6.33208	3.05216	1.19451	1.32599	2.23969	2.53929	2.93468	2.65591	1.78301	2.54628	2.36582	0.031675	0.206495	0.341882	0.350576	0.141656	0.0447964	0.474606	1.06421	0.922611	0.391154	0.560384	0.725406	0.510737	0.45297	0.983906	1.05854	0.532391	0.591297	0.57101	0.871432	0.747529	0.150255	0.398793	0.784209	0.652971	1.27665	1.72642
14.8731	12.5403	13.5343	15.6593	8.86485	4.64116	9.99778	15.6894	13.9512	8.59876	8.98522	7.73009	4.61972	3.32165	5.43108	6.95387	9.19586	11.4077	10.3649	5.84566	2.20858	1.21814	0.561158	1.55237	4.13982	4.28355	1.59819	4.33981	13.0944	14.1389	1.87025	7.30534	7.75229	5.40045	5.65483	4.90989	2.91735	4.21045	5.78984	3.08228	3.7947	5.11402	4.38066	6.91054	9.50027	5.10175	5.59512	8.99805	9.15706	8.81126	6.81274	4.83423	7.6495	10.0629	9.36684	3.90479	5.15053	7.49215	6.77564	7.09109	7.87795	5.97189	2.66477	1.09325	1.28931	1.34414	0.729063	0.450101	1.75135	2.90054	3.38611	1.70203	0.849744	4.91782	7.53638	4.67273	9.7253	8.75867	7.73401	2.51647	4.2385	9.75971	10.9844	10.0495	9.66458	5.24519	5.12892	11.1203	9.46213	7.91238	3.76976	6.78651	5.96806	2.39921	2.72445	3.42915	4.61418	4.64979	3.66239	4.07926	3.48932	2.24934	2.58697	1.48844	2.38411	1.30555	3.81811	2.23871	4.21138	0.272435	1.84597	2.31598	0.553986	0.652104	0.722139	1.88942	1.53159	1.9126	2.65909	1.29867	1.2442	1.64754	1.90471	1.39967	1.04933	0.94153	1.30172	1.42524	1.70674	1.1338	1.43079	0.677727	0.766605	1.26106	1.95207	3.05878	1.39468	2.41869	1.47831	0.729063	0.949999	1.74154	1.53159	3.74446	0.825802	3.05377	0.326052	1.00136	0.708102	1.04926	0.272435	1.28071	1.03098	0.63651	1.37	0.989304	0.88897	2.42083	2.71856	0.986284	1.90472	1.47831	0.722139	0.184667	0.978071	1.70672	0.510632	2.82227	4.27055	3.25719	0.500737	3.12625	1.84055	2.80331	3.07535	1.30404	0.801118	0.738631	1.53294	1.50526	1.4054	0.817239	0.380021	0.55397	2.79222	2.53554	2.62049	3.19664	3.10311	1.75129	0.316698	1.48238	1.82304	1.0785	0.801158	0.906836	1.84925	1.41606	1.04548	1.52239	1.84597	4.93644	4.12523	3.04967	2.71867	2.44229	2.28259	2.31092	2.67045	3.00179	2.8728	1.70501	1.03388	0.467597	1.34637	3.18194	4.73173	1.304	6.44814	3.56545	1.69497	1.70499	1.86227	2.28261	2.30744	2.12113	1.58307	1.62305	1.391	0.582235	0.161489	0.184662	0.42488	0.261161	0.300451	0.792304	1.24904	0.883309	0.524225	0.0895757	0.358298	0.861456	1.07572	0.200292	0.950016	0.88897	0.957378	1.02123	0.708136	0.316685	0.456744	0.553986	0.673281	0.597531	1.04448	1.26734
14.3674	14.4887	14.3569	13.9067	5.37285	8.47249	13.553	15.6449	12.4588	4.91654	5.05494	5.47523	6.12247	5.1823	8.37925	9.98544	6.68007	6.58004	4.43857	12.682	14.6342	11.2807	5.01369	4.11572	6.22031	4.96802	6.57321	6.30478	10.5325	13.0988	5.75758	5.59101	7.83808	5.40964	5.96236	5.67692	4.25221	5.09326	3.70621	3.8948	6.06772	7.54367	5.75693	4.91861	5.55663	7.57884	10.5232	8.26747	5.39811	6.21949	6.07586	7.1174	10.1266	9.70717	6.18484	1.9963	4.02461	4.30221	3.12497	4.55872	7.42092	9.45254	7.69955	4.91654	3.57796	1.84889	0.456656	0.783246	2.22611	1.50161	2.89814	3.04239	1.31679	2.50491	8.78406	10.6968	4.5424	3.4611	6.24691	5.05331	1.77094	10.1584	12.6688	11.2949	8.72483	5.56275	6.45865	7.13091	9.77728	9.44529	6.48409	4.57321	8.63249	5.25674	1.48284	1.50161	4.49827	4.76833	4.09824	5.05802	3.88174	3.10056	3.4205	1.87901	2.69218	2.08453	2.78321	4.61348	3.71045	1.47739	0.253315	2.46618	1.79115	1.00621	1.0453	1.8933	2.01473	2.96932	3.62914	2.38709	2.37861	1.88692	2.1041	0.609022	1.17183	1.35946	0.883137	0.456656	1.04523	0.412824	1.49084	0.385188	0.700853	0.361019	1.42279	1.68511	2.48554	3.67664	1.26796	1.09765	2.22756	1.38286	2.05743	2.60918	2.12313	3.51718	1.86351	2.11698	1.45281	1.34983	0.849579	1.10126	0.583826	0.636425	0.484363	0.961335	1.11934	1.49017	2.42567	1.71346	2.11698	1.12294	0.723376	0.223901	0.141607	1.12736	2.21077	1.85482	2.04976	1.62775	1.68213	2.22623	4.80101	1.90024	2.08258	1.77087	1.46166	1.02197	1.08198	0.684949	0.896632	1.54367	0.161449	1.1947	1.87896	0.189975	2.60649	4.99998	2.47141	0.982982	0.583845	1.20551	1.42769	0.968602	0.184626	0.810926	1.44652	0.286716	0.539213	1.53851	1.18544	3.21378	3.0851	2.08986	2.42702	2.72183	2.7034	2.60165	2.91339	3.00786	2.27249	1.97763	1.98216	1.02202	0.807212	2.52385	5.00952	0.750606	5.21613	3.9769	2.57691	2.31046	2.07693	1.99432	1.60295	1.12291	1.07827	1.04428	0.905519	0.810926	0.622051	0.901112	1.02202	0.700887	0.228326	1.02197	1.62211	0.405483	0.741168	0.126651	0.100127	0.223901	0.941341	1.13356	0.46749	1.10858	0.797243	0.695115	0.447796	0.382596	0.179116	0.134337	0.524123	0.822002	0.899982	0.741168
12.8501	11.6081	7.50407	6.28466	1.80418	10.5252	14.8411	14.7466	10.997	5.34389	6.86367	7.32048	6.89973	7.36508	9.01864	9.14384	1.84309	4.48698	11.1748	17.3274	14.7297	16.387	12.5865	3.17643	7.75252	4.68182	5.81232	8.30047	9.19313	12.0533	7.3698	3.57982	6.77868	5.01749	3.28204	5.49579	6.43194	5.55316	4.76258	8.10789	8.46814	6.84781	0.764983	5.24216	8.85822	9.16716	6.18479	3.97919	4.10834	3.97913	5.50016	9.33618	9.89409	7.17255	3.5993	4.39994	4.42428	3.62701	1.3104	2.94181	3.68683	6.07962	6.41332	5.09218	4.78453	3.57812	1.87861	1.11191	1.82618	1.53234	2.12737	2.17247	1.84533	1.91192	4.88862	10.8232	11.7547	7.26966	4.91774	6.3066	3.10525	9.02399	14.7616	14.3312	7.36688	5.61059	8.29951	7.48567	8.29918	9.36658	7.50806	3.6284	6.24628	7.13309	4.37005	1.34658	3.80646	5.29894	4.86412	5.8121	4.78111	4.14283	3.97908	1.41335	1.92229	1.30118	2.80257	2.55657	1.77341	0.400426	0.76104	1.37892	2.11658	1.64335	0.918563	2.13168	3.66572	3.08462	2.48508	2.4995	3.63935	1.93889	1.60131	0.100108	1.10559	0.707839	0.583732	0.861109	1.30732	0.641005	1.72183	0.500543	0.671512	0.223858	1.65117	0.895318	4.18299	3.51224	2.19404	2.15258	1.34658	0.941162	2.34259	1.75863	1.49394	2.50909	0.934742	1.18519	0.633132	0.734235	0.699287	0.861097	0.721884	0.792045	1.38259	1.6567	0.633144	1.71307	1.6175	1.65056	1.58247	1.14131	0.849415	1.09012	1.32261	0.93477	1.62735	1.99844	2.13496	1.66326	1.3898	2.28037	1.78236	2.346	1.08275	3.07317	2.18349	1.12268	0.807042	0.482192	0.721884	1.01291	0.981782	0.906446	1.26609	0.633132	2.43426	5.42302	2.46205	1.16734	1.36656	0.869232	0.764983	1.34362	1.02182	1.17159	0.560944	0.707862	1.04413	1.37022	1.30508	1.61438	2.46449	2.03808	2.00143	2.02775	2.21045	2.21499	2.48197	2.54403	2.03564	2.14985	2.28911	1.99844	1.97831	2.10328	3.97207	1.30118	3.24011	3.58701	2.91416	2.86928	3.02483	2.67614	2.12274	1.62189	1.30353	0.895341	0.510444	0.869201	1.40123	1.08274	0.855302	0.825464	0.728755	0.807059	1.95483	1.14129	1.25418	0.832745	0.633132	0.141579	0.382508	1.03348	1.48989	0.283148	0.84465	0.948603	0.922909	0.316582	0.539092	1.04413	1.26771	0.807075	0.734235	0.671529
5.9699	9.5025	9.15455	11.0008	8.90499	11.8376	14.5908	12.3644	8.30339	4.83764	4.93189	1.16819	1.47839	1.18936	3.826	5.28777	8.51141	9.83277	11.0316	11.8267	2.36393	13.9767	11.9032	5.27118	4.40232	7.14712	5.98716	5.29154	7.74062	8.4977	4.33527	5.27229	7.11626	6.42052	1.37816	0.628239	2.48137	0.98696	1.04436	10.1104	9.81368	4.9449	7.92673	7.42098	4.89368	1.31642	3.56593	4.33371	2.34426	4.12501	7.65324	8.12683	5.8004	4.00649	3.97768	5.93202	5.5654	5.5808	6.505	5.69902	4.82658	5.20036	4.61387	4.09353	3.62726	3.00232	2.61287	1.43381	1.03085	0.538079	1.30729	0.538975	1.64115	1.47158	1.71136	4.18368	7.89161	9.13067	8.50954	6.58311	2.67356	5.46629	12.9736	18.296	11.8042	8.63012	12.6533	15.3224	14.0393	9.57974	6.35591	5.94992	3.42041	7.91936	7.38768	4.22448	1.58865	4.43827	4.54855	5.58663	5.17696	4.48698	4.10056	1.17243	1.78615	2.06329	4.11301	2.14496	2.79542	1.41278	1.014	0.89768	0.794706	2.01651	2.25317	2.79606	0.699194	0.286624	1.61181	2.90959	3.25529	1.83538	1.43989	0.585753	1.29804	0.636144	0.528213	1.18624	1.19295	0.94996	1.14322	0.974934	0.511323	0.386347	1.8911	0.633012	3.89871	3.93314	3.44874	2.65503	1.00976	0.845966	1.74127	1.70576	2.39789	2.68377	0.728658	0.850688	0.640069	1.31743	2.69145	1.68423	0.64592	0.998086	1.32196	1.57111	2.04076	2.57672	1.77338	2.66153	1.65589	0.940989	0.66127	1.15197	0.987984	0.671422	0.322772	0.380473	1.47237	2.55498	0.730713	1.56257	0.136137	2.26469	2.2157	2.85973	2.19107	1.14216	1.0744	0.533872	0.465723	0.0500468	1.14721	1.84283	2.151	1.89278	2.62016	4.93266	3.13055	2.63008	2.55266	1.56342	0.495405	1.45037	1.91275	0.58061	0.608826	0.369119	0.621848	1.301	1.10543	0.984671	1.7899	1.70986	1.21852	1.1913	1.19361	1.46136	2.57457	2.98423	3.25631	3.7683	4.24245	4.33745	4.38016	4.07287	3.54027	1.48764	2.03762	2.5408	2.29893	2.12999	2.41166	2.6134	2.47242	2.20564	1.74065	1.2724	1.25097	1.45705	1.40044	0.559493	0.100094	0.750623	1.01914	0.461402	1.12156	1.1245	0.694139	0.0223811	0.472106	0.332725	0.418112	0.902112	1.55422	0.75065	0.832541	0.325875	0.561284	0.375163	0.636144	0.649004	0.474245	1.12693	1.53069	0.759913
14.494	15.2345	12.3328	11.7905	9.11694	8.18737	11.4481	9.58222	7.56381	7.07593	7.5771	7.4557	8.0482	7.60166	4.79083	4.37436	5.63029	5.18216	6.65782	6.11044	4.77582	10.8105	7.37773	5.63574	2.02675	7.02708	7.58499	6.6038	6.42887	2.73133	3.97877	7.43169	6.75017	5.6086	3.99014	6.06522	6.82549	5.33502	4.80562	8.54274	6.94386	6.58346	5.91201	2.48581	4.50869	6.36424	5.97995	3.6672	1.92572	5.44981	7.22895	5.18219	2.9451	2.60644	3.88861	5.65043	6.79142	7.52125	7.15488	6.90835	8.27476	5.86451	4.51759	4.42653	4.15733	2.88491	1.82082	1.83913	0.934387	1.07766	0.679418	0.51025	1.68117	1.07999	0.600424	1.03022	3.55841	7.20767	7.28908	3.27454	0.721609	2.69527	6.72078	16.0832	15.6783	9.13322	14.1557	12.8042	12.4538	9.40891	5.75589	5.78309	2.92022	6.7792	7.85243	6.09501	3.84223	4.63612	4.97415	5.4695	4.52846	3.94265	4.16986	1.45851	2.3124	3.13977	3.28168	0.69401	1.17751	0.360813	0.694021	1.01302	0.670514	2.53171	2.46454	2.55279	2.19369	0.882631	1.17417	2.03726	1.48731	2.24364	2.12771	0.55264	1.71094	0.286553	1.19609	1.03312	0.424556	1.09242	0.769905	1.28131	0.200148	0.583482	2.18609	0.200139	2.2208	2.40038	3.18234	2.21075	1.11155	1.15868	1.33078	2.40704	2.88482	1.96536	1.45742	0.926307	0.456395	2.60002	1.92368	2.57109	1.69923	0.453079	1.10064	1.08967	1.30799	2.46303	3.80042	2.80058	0.8911	0.68456	0.430428	0.868871	0.444147	0.379732	0	0.202631	1.61377	2.33272	0.782839	3.31423	2.68797	2.94204	3.00382	1.42765	1.43182	1.87395	1.96664	1.39252	0.664546	0.813532	0.671274	1.05608	1.09656	0.722297	2.3166	4.04491	1.6329	1.80352	2.08025	2.16798	1.30453	0.760089	1.1724	1.98177	1.23443	0.981409	1.49338	2.08533	2.00317	1.38782	1.27974	1.51398	0.444147	0.88259	0.76534	1.29103	2.4206	2.05247	2.31412	2.88502	3.69641	4.29631	4.5231	4.32835	3.44067	1.9608	2.0524	1.79874	1.74485	1.07631	1.04373	1.55801	1.7546	1.58223	1.44091	1.20613	1.41674	1.45747	0.835423	0.114099	0.358025	0.381068	1.11872	1.09109	0.722992	0.722276	0.806768	1.17246	0.949834	0.570492	0.230388	1.01697	1.01697	0.570475	0.100074	0.560756	0.652366	0.696892	0.677219	0.284801	0.69401	0.681622	1.93193	0.949784
14.9719	10.8719	4.94048	7.45215	7.91681	5.74594	12.3414	12.3217	11.3597	11.0875	10.216	8.36814	6.74524	8.70936	5.31611	4.70117	6.2353	7.08484	5.54556	1.17282	5.72559	6.13747	5.57881	8.35332	7.8074	6.66409	7.58914	7.03847	6.37096	0.693875	3.98614	3.83583	1.7808	3.12465	2.96408	2.35212	1.75041	1.20049	2.67257	4.30481	3.02488	3.13056	1.65114	2.7369	5.06285	6.87056	4.12025	6.58187	8.84032	9.02457	6.79612	4.54302	4.32652	4.69447	5.47253	6.95017	7.0217	6.56226	5.0643	7.70727	9.22742	6.38911	5.07284	4.93517	4.69643	2.96707	2.05255	2.71429	2.88362	2.77353	1.23378	1.15736	1.31077	0.881566	0.268469	0.694938	1.19897	0.934502	2.37104	2.09786	1.56781	2.71469	3.48128	8.49463	11.9176	12.8001	13.4977	7.15674	5.2313	6.04319	5.25454	5.98215	3.92191	5.7081	7.10375	8.571	9.69348	7.92967	5.95884	5.86793	5.21222	3.97599	2.3575	4.70706	8.05058	9.81474	7.03414	1.75888	1.38173	1.29078	1.05042	1.32896	0.652221	1.88984	2.80748	1.32431	1.43308	0.732832	0.253107	1.32502	0.960654	2.4174	3.53742	1.64607	1.42099	0.658355	1.8027	1.16668	1.11852	1.4489	0.854797	1.2046	0.492694	0.636309	2.07197	0.808147	1.34077	0.555689	0.430326	0.298489	0.432069	1.09152	0.136088	0.470345	0.969167	0.740605	1.66064	0.860604	0.590646	3.02077	3.21663	2.7599	1.11241	0.743669	1.63262	1.78937	0.500259	0.240953	0.595677	0.848902	0.78331	0.997707	1.30665	0.395817	0.452444	0.206258	0.134235	0.136085	1.59241	1.50324	0.482939	3.00882	1.50806	1.6112	1.03046	1.95024	0.58168	0.976623	0.778169	1.05992	0.71485	1.15846	1.19379	1.64964	1.12493	0.461227	2.07113	3.5312	0.877034	0.338552	1.50307	2.00049	2.31871	1.99488	2.10397	2.86345	1.23275	1.88308	1.42328	1.4359	0.69676	1.10156	2.04674	1.62903	0.0223726	0.810914	1.01066	2.14781	2.666	1.63337	1.40852	1.51262	1.45515	1.54403	1.66254	1.81879	1.90431	2.13794	2.78964	2.79441	2.88446	2.54101	2.09905	1.77144	1.66552	1.34065	1.40139	1.47512	1.40139	0.981265	0.689193	0.921304	1.3588	1.58098	1.71873	1.84241	1.78774	1.47036	1.08513	0.882467	1.08307	1.16324	0.840645	0.546152	0.905963	1.3311	1.30434	1.07122	0.940912	0.949643	0.913938	0.681894	0.693516	0.0949158	1.69286	1.69229
12.1022	6.61845	6.98054	9.98718	9.84263	6.35005	11.4303	12.6111	12.0916	12.3154	11.256	8.5269	7.0016	9.63564	4.99238	6.2385	8.27657	7.37075	4.85814	4.01522	4.67235	1.53542	6.94852	9.54429	9.84917	5.47786	6.44169	5.94041	5.46166	1.94644	4.81931	2.29124	1.35228	3.958	4.93749	2.95026	2.94484	2.02981	1.40446	1.91753	5.0938	4.65881	3.82036	2.61921	5.30306	7.12638	5.78183	9.15306	10.3714	9.05404	6.47249	5.22429	5.51056	6.18537	6.6137	7.01455	5.85234	4.38617	4.49918	8.68205	8.60372	6.13176	4.97579	4.80775	4.22168	3.01898	2.49029	2.79612	4.43617	4.6402	3.7764	2.21611	0.887895	0.715746	0.500169	0.765043	0.863345	1.65482	1.54418	0.775478	1.74051	3.81143	8.72588	8.05616	2.21231	9.87906	7.42325	4.17452	3.33481	5.41285	5.61326	5.99226	3.88712	5.16337	4.40476	6.98608	9.37821	8.42091	5.45511	5.60188	5.45302	3.46184	1.38656	8.39801	8.37283	10.4202	11.697	4.12884	2.56753	1.11824	1.42703	1.18552	0.759794	1.59256	1.26273	0.88624	0.670287	1.41335	0.856353	1.38622	1.83852	2.45398	3.86906	2.66528	0.530272	1.36034	1.64021	0.722717	0.700219	1.45618	1.08837	0.85462	0.386134	0.696616	1.3691	0.751855	0.713626	0.658214	0.411219	0.439451	0.652108	1.37784	0.765714	1.45143	2.00012	1.44861	1.35847	0.425578	0.949459	1.86038	2.60416	2.07855	0.782498	1.4292	2.04145	2.61304	0.835081	0.982592	1.62649	0.58839	1.20567	2.4887	2.59936	2.19622	0.523602	0.877137	1.19106	1.22827	2.24569	0.577254	0.684296	1.12182	3.83744	0.856353	2.67806	1.4288	0.272116	1.55734	0.754541	0.424392	0.460568	0.667269	0.844048	1.02883	0.601827	0.360682	2.06396	3.01046	0.835071	0.693728	0.636573	1.10752	2.48947	2.40354	1.21057	2.08587	1.07027	1.80273	0.974392	1.22049	1.05287	0.158168	2.42932	1.93197	0.360669	0.442846	0.985119	2.07439	1.98101	1.54187	1.28788	1.62804	1.551	1.29833	1.00525	0.951574	1.08701	1.57306	2.27689	2.87925	3.39871	3.52628	3.05012	2.52435	2.19445	1.36586	0.863385	1.22827	1.14569	0.640517	0.322605	0.835105	1.55258	1.72549	1.74395	1.91858	1.93311	1.63784	0.919498	0.396366	0.255043	0.607632	0.658214	0.511029	1.11067	1.50353	1.64027	1.51578	1.25961	1.15135	1.23354	0.848768	0.821174	0.800198	1.10704	2.07148
4.55866	12.718	18.82	18.314	13.3731	5.92445	7.1047	7.39158	5.25559	4.48281	5.17477	6.01578	7.8022	9.96865	5.59081	7.60405	7.97545	5.30258	6.45992	7.47496	5.41994	5.91696	7.527	6.4803	9.35755	4.34539	6.13756	5.91778	4.48834	2.27113	4.15337	6.19983	8.84462	9.47999	9.86684	7.68188	6.21057	5.59671	3.29813	5.59676	6.31211	7.70387	8.46583	7.93942	8.30581	8.18801	7.80524	9.2739	7.94335	5.13574	4.11189	4.41311	4.8023	4.08552	2.51527	3.93435	4.64274	4.14749	6.43623	8.38081	7.39823	5.53822	4.64184	4.72116	3.81324	2.79409	2.57635	1.36306	0.721861	1.17685	3.19114	2.87164	1.4821	0.537665	0.906161	1.20414	0.72806	1.49474	2.63952	1.2572	0.872413	3.92181	10.404	4.89438	9.85576	7.23614	2.73598	1.54142	2.92581	0.640387	2.55071	3.3238	2.48904	4.92619	4.22606	4.46628	2.93137	4.33771	4.59662	4.91881	3.79791	1.03082	2.42054	9.37156	6.59752	8.05154	11.2962	5.12555	4.24351	2.73645	2.88806	1.90496	1.11806	1.84582	0.970862	0.792542	2.05859	2.15944	1.50403	0.667169	0.701868	0.581444	2.67093	2.02548	1.01837	1.68379	1.63577	0.522064	0.545944	1.20414	0.993016	0.882124	0.629759	0.94343	1.33953	1.12298	1.13009	1.05006	0.882124	0.672759	0.629741	1.42992	1.23003	1.44164	2.34701	1.72673	1.46974	0.75175	0.732538	0.824664	0.772416	1.14586	1.19015	1.76793	1.916	1.7548	1.26902	0.787765	0.710335	1.4388	0.770116	1.57031	0.854459	2.89627	1.72024	2.68628	2.44975	2.27954	1.98972	1.17688	0.796328	0.460503	3.89481	1.53173	2.93751	1.30857	0.879271	1.93044	0.658101	0.357819	0.682694	0.492505	0.298374	0.38606	0.522073	0.559082	2.46537	2.43789	0.796287	1.30607	0.253025	0.801612	1.29647	2.1893	0.313093	1.63765	1.77766	1.12162	0.710335	0.0806364	1.06306	1.38596	1.78989	1.61872	0.943447	0.615301	1.80588	2.2416	1.63274	1.41588	0.921994	0.350055	0.460503	0.496561	0.492516	0.522083	0.380191	0.648912	0.793176	1.16729	1.61987	2.02435	2.55969	3.09911	3.63069	3.43048	2.90799	2.41859	1.87382	1.71004	1.50607	1.254	1.05312	0.722551	0.0922101	0.201275	0.429601	0.905612	1.09663	0.744398	0.384768	0.473866	0.715941	0.980839	0.711738	0.224753	0.566188	0.842077	0.894487	0.68601	0.765569	0.880099	1.07704	0.980839	0.16281	1.72972
14.7873	21.1076	24.5357	21.4545	15.2675	9.94483	10.0162	9.94549	8.39837	4.01982	1.90316	5.36494	9.76915	10.5327	8.82749	10.0022	8.39405	5.90012	7.92147	10.032	10.6106	10.6015	9.72731	8.31222	11.3445	7.23786	7.16584	7.33108	4.8563	3.71681	4.37186	8.45171	9.87427	9.51464	9.53015	5.42261	5.38321	6.06494	6.66024	6.80209	6.24162	6.94879	9.25148	8.79254	9.27193	9.12335	9.22733	7.676	4.63756	1.65631	1.0306	0.594103	1.45324	0.740516	1.6101	4.80178	7.38682	6.72458	6.69958	6.87417	5.93852	4.00962	4.25019	5.42375	4.15884	3.50325	3.79706	2.10669	0.679992	1.63363	1.13511	2.70499	3.04465	0.412291	0.727964	1.69132	1.50572	1.48027	0.981724	2.39114	1.59402	1.63315	8.09254	10.6877	12.3355	7.52525	5.81524	3.50019	1.56411	2.71831	3.31468	2.87297	1.32073	3.38304	3.5255	3.07471	2.31915	3.7201	5.44176	4.79754	3.07309	1.35491	2.33991	6.32377	7.06911	7.82975	7.2631	2.54623	2.64604	2.03403	3.24137	2.84257	0.782542	1.71345	1.76977	0.702068	2.01033	2.54437	2.01223	0.977861	0.806154	1.37901	2.88364	1.78942	0.313832	1.01005	2.25624	1.39963	1.07915	1.34966	0.987015	0.411063	1.30085	1.61937	1.686	1.14568	0.968647	0.971741	1.2704	1.11003	1.01964	0.992826	1.36446	2.13639	2.62961	1.15417	1.32972	1.14612	0.801493	1.47215	0.660609	0.59408	0.834788	3.30118	4.07381	2.53955	0.588167	0.245956	0.55537	1.18486	1.07337	1.78837	1.6151	1.1715	1.69728	2.90737	2.1858	2.2884	1.60611	1.07549	0.955139	0.764798	2.63938	1.63182	2.37208	1.97758	1.14107	1.79444	1.16791	0.881912	0.981671	0.156518	0.290668	0.360532	0.89262	1.62948	2.57202	1.88017	0.746244	1.31002	0.254943	0.801493	0.771939	1.16703	1.68613	0.590701	0.862766	0.800562	1.00831	0.749917	0.499961	1.10368	1.08148	0.967567	0.820863	0.403101	2.26009	2.49308	1.68618	1.26881	0.648405	0.161233	0.313033	0.269253	0.162778	0.31062	0.237693	0.552239	0.688798	0.770972	0.830889	1.07921	1.64665	2.40117	3.40181	4.0248	4.06772	3.72491	3.21411	2.89989	2.75329	2.30805	1.62343	0.758894	0.261707	0.245956	0.923468	1.15677	1.35765	1.15091	1.0123	1.06287	1.30357	1.41281	1.32882	0.943566	0.693493	0.49645	0.443806	0.430079	0.698485	1.07683	1.04527	0.715813	0.727964	0.782201
16.5241	19.2089	19.312	12.4675	11.5433	13.8555	13.3671	12.3234	9.19316	3.25156	5.92746	2.48242	8.26356	10.8521	8.86063	9.26209	7.06866	4.63658	5.59564	7.69428	9.28279	10.5032	9.55833	8.37883	11.1914	8.84374	6.40799	6.52819	3.14935	3.31911	3.41989	6.20486	4.39576	4.89084	8.29382	4.85834	2.71326	3.45579	7.17955	6.20749	4.05286	2.5789	3.73583	4.73283	5.98042	4.57143	2.99207	0.390408	2.67193	4.19755	5.08772	4.87493	4.18545	3.76265	3.76504	6.58177	9.71418	7.13908	5.39959	5.31487	4.39141	1.69407	3.18052	6.16883	4.48782	3.68332	4.78593	4.38975	4.77359	5.63338	4.57195	3.41279	4.42414	0.67212	0.664629	1.64836	1.84185	1.67986	0.493834	2.60004	1.7706	1.54882	3.05325	4.60698	3.7281	1.40032	2.05776	2.65849	2.84705	2.29089	3.50619	5.28946	0.664664	2.81221	2.36891	2.07138	0.410395	1.34183	2.01229	1.7326	1.51095	1.43324	2.44452	2.89681	3.38212	5.30788	4.83547	2.93763	3.53272	3.98123	2.82017	2.7756	0.380685	1.37506	1.75186	1.20702	1.91921	1.28363	1.73015	2.40631	1.23985	0.855579	2.08779	1.58034	0.269187	0.174597	1.78407	2.43608	1.12121	0.974591	1.04656	2.27437	2.34179	1.22755	1.15929	0.769171	0.49484	0.510249	0.711468	0.496357	1.13975	1.03142	1.21612	1.37385	1.0148	1.09069	0.439201	1.32177	1.40971	1.78842	1.89271	1.59125	1.09001	2.95802	1.16579	2.81488	1.85166	0.895262	0.407946	1.23015	0.531376	1.01605	1.41094	0.353461	0.968429	1.91921	0.455959	0.565982	0.749439	0.989606	0.660512	0.440335	1.62168	2.44383	1.69981	2.35444	0.790315	1.30213	1.30558	1.48203	0.672482	0.469988	0.510759	0.727796	1.11246	2.20028	2.59775	1.8325	1.19163	1.32044	0.629921	0.475286	0.370052	0.249938	1.84888	1.20159	0.149968	0.162752	0.549844	0.475261	0.905817	1.0697	0.939114	0.894425	1.00689	0.657482	2.00975	2.48426	0.988081	0.336072	0.156488	0.29147	0.427082	0.161211	0.338294	0.410986	0.170251	0.044711	0.130351	0.322404	0.227983	0.249946	0.249938	0.180234	0.715687	1.27955	1.68588	2.1397	2.42424	2.28097	2.18172	2.21666	2.32687	2.27911	1.9298	1.9298	2.28314	2.03992	1.87108	1.07874	0.427096	0.544384	1.06852	1.58545	1.88902	1.82438	1.36511	0.854161	0.601929	0.805056	1.02848	1.13909	0.670617	0.523805	0.925471	0.774713
13.1545	14.5279	13.141	4.35932	7.65288	14.7586	15.0653	15.2571	11.9968	1.67516	7.30117	6.20954	2.21901	7.64313	5.6744	5.30205	3.55602	2.1689	2.01383	1.20345	5.94669	8.33004	7.10203	5.56424	7.79137	7.61472	2.79095	3.48696	1.63239	1.93668	3.73849	5.90647	2.10832	5.61501	8.47214	4.57871	4.68239	7.66631	5.96106	4.32913	1.26044	0.980322	2.27087	4.02457	4.38653	2.74641	3.64028	4.7622	5.7061	6.13277	5.76626	5.03848	4.4931	2.81119	3.56502	8.0562	10.6899	7.1849	5.25957	3.70519	2.83832	0.361096	1.85991	5.9416	4.62481	1.51246	2.92554	4.32821	6.27657	7.32719	7.19966	5.41969	5.18376	2.64395	0.581099	2.02062	2.40759	1.17936	0.581541	1.78219	2.24306	2.21453	1.20349	2.1121	0.531272	4.13947	4.9648	3.70622	1.04732	4.82959	4.63214	5.60048	1.73908	3.27165	0.694275	3.35946	0.976205	1.25227	2.44405	0.6645	1.81468	3.24864	2.01142	1.10954	1.79433	4.31407	4.19691	3.23158	3.09623	4.29455	1.71052	2.20021	1.31926	2.14518	1.56899	1.27398	1.38513	1.99487	1.82033	2.49342	2.01632	1.50318	1.26513	1.10956	1.48398	1.36154	1.59032	2.61479	1.42602	0.299876	0.496276	1.74052	0.492208	0.390989	1.12389	1.91056	1.39093	1.10326	1.09872	0.742965	0.502258	0.381938	0.763841	0.797739	0.478337	1.32357	1.2503	1.66571	1.73441	2.10356	2.34826	2.47169	1.66933	2.34975	0.424069	1.28916	1.3639	1.78974	1.03533	1.40924	0.396051	0.452559	1.41329	0.763815	1.19009	1.51949	0.732127	0.506736	1.30782	1.59919	0.625807	1.15345	0.973666	2.37165	1.81332	1.99281	0.740585	1.4893	1.94375	1.58003	0.184309	0.846032	0.402941	0.51985	1.63239	2.72484	2.7406	1.59027	0.536412	0.699652	0.111756	0.0632203	0.220137	0.715558	1.76345	0.93009	0.280051	0.361096	0.338228	0.632967	0.590051	0.770681	1.16662	1.58719	2.2028	2.32352	1.79268	2.37517	1.02364	0.120362	0.149939	0.180196	0.440249	0.241769	0.24989	0.291414	0.29142	0.149939	0.0999552	0.206064	0.190971	0.0948303	0.0670534	0.224626	0.135958	0.206072	0.514561	0.863577	1.27557	1.30786	1.46401	1.70761	2.0232	2.44956	2.76297	2.87428	2.62711	2.26826	2.70995	2.17116	0.90398	0.390345	0.32002	0.544279	0.973681	1.46077	1.569	1.26182	0.855748	1.11943	1.16746	0.76121	0.0999594	0.627404	0.384548	0.336006
10.6849	12.2089	15.9444	15.2855	6.54176	11.0534	13.9727	16.9827	14.4733	3.41968	6.42931	9.97792	6.4879	4.08262	2.03454	2.79118	1.34225	3.75483	5.79086	5.72851	10.289	5.8337	5.94278	4.45805	5.25932	7.0584	3.27011	4.82908	4.97195	3.06529	4.5389	5.81728	1.59392	5.34105	6.14783	6.8507	10.5722	8.01627	3.72156	3.46871	2.8961	4.13688	6.45317	7.34207	6.76178	6.82259	7.33789	7.23828	6.99569	6.64689	5.65561	5.42659	5.64437	4.73138	6.00035	9.64012	10.6136	6.89373	5.53294	4.42374	3.21224	2.24631	2.86025	4.58384	5.76728	3.21224	1.88355	1.71841	3.12834	3.38883	6.31633	5.81439	5.00648	3.88131	0.97427	2.45344	2.59136	0.531153	0.853785	0.999308	1.55627	2.02199	1.25199	2.57778	1.64328	5.82123	3.65511	4.02271	1.85248	2.70427	4.88461	3.61081	3.87437	2.26559	4.88786	4.29037	3.08162	1.31144	3.15933	1.43439	4.51381	3.87917	2.7046	0.85966	0.749487	3.79371	4.56903	2.44745	0.673724	3.44182	1.37606	3.49207	3.61004	3.33432	2.61438	3.10518	3.52349	3.68059	3.68396	4.04528	4.43636	3.53497	1.91193	0.417461	0.850905	1.81559	2.03877	2.68115	1.78188	1.32504	0.966811	1.77894	1.55593	0.581013	0.325378	1.96128	1.47546	1.67551	0.620865	0.249842	0.111734	0.380537	0.402847	0.293928	0.282661	0.774739	1.39889	1.35557	1.27223	1.7073	2.02624	2.36038	2.27354	1.66363	0.446916	1.49757	0.912074	0.699879	1.19181	1.14501	1.09095	0.544156	1.18315	1.23599	1.65863	1.63275	1.59864	1.04065	1.20009	1.04921	1.0065	1.01634	0.0921399	1.2142	1.55979	1.29667	0.701679	1.84019	2.51202	1.57402	0.601678	1.00424	0.64338	0.469275	2.76824	3.30859	1.70153	0.884795	0.499667	0.407782	0.363781	0.113946	0.135929	1.02515	1.40683	0.50415	0.649556	0.426942	0.9773	0.478248	1.16977	0.379892	0.684037	1.49093	1.80085	2.04207	1.93977	2.0204	0.805673	0.158017	0.0706684	0.049968	0.303953	0.460697	0.363788	0.111738	0.210814	0.158011	0.111738	0.210825	0.270023	0.249851	0.223475	0.143094	0.0316043	0.189613	0.161141	0.249838	0.673716	0.830412	1.06157	1.18762	1.08183	1.1895	1.50493	1.58674	1.1895	0.97427	2.1221	2.81911	2.33077	1.67215	1.05045	0.67559	0.69418	0.948568	1.33201	1.49809	1.22486	1.2232	1.10056	0.648053	0.569711	0.425173	0.689848	0.751179
12.0614	13.834	15.9722	17.108	9.42611	8.1393	13.4429	17.1715	15.6301	6.35376	5.58364	10.3269	10.8442	9.0627	7.12506	6.02515	2.83141	5.61235	7.38416	6.27737	14.5615	10.5223	6.20977	8.18035	8.70005	9.39091	6.87774	6.58759	6.82197	6.2185	6.98085	7.24913	3.60413	2.98521	3.99309	4.43381	4.10408	3.10644	5.55963	3.93734	5.40993	6.18773	6.57259	7.14133	6.88215	7.47334	7.77166	7.37451	7.05051	6.51122	6.03279	6.4169	6.83	7.26083	8.61171	10.5177	10.054	6.58559	5.3772	6.0946	6.33657	6.15417	7.21523	7.38314	7.29096	4.80121	4.67466	4.53293	4.3985	3.66323	7.19813	4.83847	4.66049	4.01723	0.568748	2.49474	2.52312	0.635868	1.51002	0.366433	0.433803	3.17905	1.57139	3.6918	2.39094	5.09724	8.32297	5.32034	1.62616	0.672118	3.76958	0.332153	3.82005	2.06672	4.30722	2.0998	2.81371	2.69572	2.72603	2.57701	5.28026	1.3716	1.54643	0.719467	1.2213	3.58248	4.26459	1.92122	0.964796	2.01467	1.88065	3.69078	2.54627	1.60534	1.22075	1.2392	1.44941	1.62694	2.17636	2.9903	3.12995	1.81195	2.25111	1.34106	0.959625	1.46952	0.09212	1.90315	2.31311	1.40658	0.858335	1.25179	1.53718	0.789551	0.71106	1.9791	0.224541	2.2961	0.812291	0.113927	0.130276	0.199834	0.43895	0.190892	0.545424	0.819637	0.65061	0.477616	0.0223427	0.254747	1.03078	0.823891	1.3231	1.09125	1.85321	2.34507	1.75946	1.119	0.067028	0.627161	1.42069	1.00754	0.174497	0.759606	1.3405	1.42548	1.60964	1.1909	0.775516	0.494556	0.421543	0.87589	1.61077	1.14129	0.335881	0.290452	0.421543	2.25097	2.65259	1.3134	0.303883	0.959595	0.82783	0.174506	3.75347	3.21984	0.190898	0.651352	0.917038	0.363717	0.149876	0.269971	0.3902	1.25911	1.18755	0.701196	1.025	0.964544	0.483346	1.39005	0.862386	0.230036	0.78448	0.885195	0.35327	0.682076	0.822103	0.991561	0.404634	0.34177	0.170153	0.210774	0.205991	0.241677	0.233266	0.224541	0.180131	0.230025	0.111713	0.0947943	0.141309	0.199842	0.237511	0.249802	0.190898	0.0999172	0.135906	0.141309	0.237498	0.157987	0.303895	0.429771	0.458436	0.47343	0.349008	0.254747	0.120321	0.0921223	0.831433	1.87639	2.52195	2.59243	2.20862	1.86724	1.62878	1.37507	1.29972	1.39165	1.2295	0.742676	0.742653	0.475013	0.889446	1.05948	1.35901	1.08576
9.97274	9.5178	11.3958	16.2047	9.72136	7.58998	14.9988	16.5203	14.7946	6.00997	2.68325	5.10166	9.46457	10.2843	9.08083	8.95119	4.77206	6.61191	7.86723	3.88976	13.63	13.5387	5.26584	12.747	11.5985	9.74536	7.30799	6.18934	6.34408	6.83137	8.38591	8.13033	5.76108	1.62726	2.87907	3.05043	5.46983	7.81766	7.49158	5.67091	7.36797	6.56637	4.59235	5.41755	5.18384	6.03903	5.925	4.38857	4.64534	5.16028	5.54948	5.9735	6.28129	6.11135	7.22215	9.31328	8.2146	5.12723	3.7077	3.74237	4.20853	4.90769	5.81541	5.97466	5.79931	4.45012	4.88732	5.90212	6.11979	7.15509	8.3346	5.48932	5.30364	4.29788	2.16355	1.9998	1.91214	0.501967	1.32675	0.775399	0.872274	3.43935	1.1248	4.31779	1.8192	1.59326	2.49202	3.26891	2.4408	0.66638	2.74513	3.03501	4.06031	3.88101	4.89554	0.303824	1.56806	1.44949	0.96075	3.29939	3.43687	3.57658	2.66128	0.989345	2.76314	3.68235	3.2484	1.15392	1.36151	0.17012	1.16592	2.62321	1.9479	0.521476	0.190855	0.340968	0.458322	0.272665	0.26899	1.7654	1.7562	0.385611	1.66293	1.82243	1.73517	2.45425	2.49976	0.625451	2.60054	1.68124	0.681912	0.939171	2.23855	0.610093	1.4056	1.21451	0.329828	2.45818	0.742499	1.25254	1.27858	0.689586	0.649309	0.785604	0.574308	0.683737	0.451753	0.286078	0.619455	1.28402	1.55533	0.9424	1.05356	0.224499	2.40446	3.16482	0.220002	1.31089	0.875706	1.0758	1.23654	1.91183	1.35855	0.249744	1.2966	1.57192	2.09692	1.29941	0.723458	0.271759	0.156369	1.41971	1.29852	2.33994	0.877679	0.271759	0.897915	2.25153	2.19451	0.989112	0.719336	0.092105	0.353207	0.83456	3.38566	2.92881	0.501991	0.664119	1.09259	0.111695	0.246733	0.371791	0.423842	1.09534	1.12167	0.709557	1.26052	1.83127	1.70611	0.659634	0.758466	0.501967	0.83456	1.25252	0.854923	0.712368	0.558443	0.433713	0.471206	0.335063	0.220002	0.229981	0.130251	0.092105	0.0446769	0.201045	0.0631846	0.190855	0.157958	0.111695	0.0631846	0.0446769	0.0223384	0.0706416	0.184209	0.174474	0.111695	0.08054	0.199795	0.184209	0.332087	0.411899	0.224499	0.16108	0.0998979	0.08054	0.13403	0.205956	0.312735	0.540283	1.08347	1.7591	1.87167	1.88482	1.89721	1.77564	1.69859	1.57192	1.42833	0.6834	0.491926	0.466422	0.916643	1.33208	1.10333	0.881371
7.13268	6.41076	12.571	17.5874	9.50761	10.0208	16.2559	13.6033	11.6466	8.72719	8.2232	5.11103	4.20962	7.78816	8.89224	10.2753	7.52783	7.8612	7.62421	2.39291	11.1909	12.9152	5.00222	14.3497	12.3652	7.39604	6.57377	6.22612	5.83984	5.71484	8.02421	8.0276	6.42806	2.58306	4.29317	4.40655	6.29999	7.61439	7.19553	6.88775	8.02898	5.41552	3.33481	5.33454	2.76813	2.24833	4.29514	3.76273	3.95126	2.92825	2.6469	3.71201	4.37376	3.98997	5.8252	8.33486	5.9596	3.21651	1.92829	1.52178	1.42926	2.18188	2.56528	2.75771	3.69145	2.6382	2.05671	3.47016	1.61753	4.26652	4.5252	1.29826	2.41893	3.36581	0.180058	0.224452	1.60826	1.61751	1.20252	0.426671	0.5156	1.8325	3.134	3.63803	0.14125	2.29563	2.14778	0.143012	2.90403	3.31504	3.50665	4.10354	3.95593	4.11134	7.5195	2.76806	0.743364	1.06747	1.05811	3.42294	2.30475	2.92365	3.85658	2.63104	3.34693	3.66057	2.52668	0.505334	0.44723	0.867208	0.586234	2.30132	2.57374	1.30206	0.560116	0.221088	0.487764	0.227766	0.840689	2.30463	1.66633	0.540651	1.12217	2.03686	2.27848	3.18246	4.17387	3.7443	2.25997	1.48262	0.97674	0.782917	2.44605	0.942197	1.20189	0.551579	0.219969	2.42961	0.180061	2.09807	1.47981	1.05338	1.04003	1.13711	0.569409	0.906892	1.17849	0.617726	0.562344	0.948761	0.700895	0.712186	1.07559	0.489802	1.64513	3.34625	1.81826	1.38662	1.12746	1.3898	0.639533	1.36507	1.98894	1.74662	1.56363	1.92208	2.93773	1.11653	0.469536	0.360119	0.325191	1.4159	0.268944	2.3043	0.963357	0.591299	1.21347	1.68107	1.57644	0.769122	0.998735	1.15948	0.426682	1.66724	2.37335	2.18317	1.00293	0.798075	1.62018	2.10102	1.73699	0.999984	0.601329	0.758635	0.997931	0.482109	0.969592	1.77774	1.97532	0.312674	0.848903	0.473771	0.657223	1.29916	1.72784	0.805549	1.05809	0.268944	0.584501	0.286005	0.190818	0.170087	0.0223341	0.0315862	0.12027	0.156338	0.156338	0.0706253	0.0998835	0.149825	0.113883	0.0920871	0.0920871	0.0805244	0.0706253	0.0499393	0.0805244	0.130225	0.14125	0.224455	0.0998786	0.276259	0.448903	0.322113	0.282509	0.286022	0.395762	0.246688	0.223333	0.111667	0.184168	0.805199	0.859154	1.00098	1.18526	1.35335	1.63777	1.78284	1.90126	1.60097	0.809254	1.21327	1.52755	1.35942	0.737324	1.10711
9.60187	10.8411	14.6807	18.2114	7.32393	13.0281	15.0911	10.1671	11.4775	11.3466	10.578	10.5658	8.06026	4.59726	7.44977	9.32681	8.73874	8.68401	7.34142	5.09329	9.45432	11.1783	6.30806	12.4821	12.9907	7.01125	5.45428	4.92443	4.38098	5.16871	7.33605	7.64215	6.32935	1.56028	4.2908	4.11755	3.38917	4.5917	4.03173	3.82153	4.95108	1.65929	1.97295	3.6901	3.96552	7.151	8.36936	8.49658	9.44198	7.28552	2.29618	1.14459	2.95958	4.03568	6.93344	8.57568	4.99167	2.49113	1.30527	1.32795	1.77908	2.0578	1.62596	2.03604	2.52231	1.94515	7.57287	8.02551	5.85728	5.51152	4.28032	3.72871	4.75276	5.81082	2.70327	1.27282	1.19088	2.10761	1.65327	0.800386	0.347358	0.471036	2.94534	1.53638	1.6392	0.133979	0.67321	2.18356	1.66411	5.71423	2.93609	0.9195	1.75342	1.66235	6.24915	3.1885	1.39372	1.48421	0.0706143	2.72414	1.53767	2.33657	4.23495	3.62347	3.60429	3.56848	2.64248	1.86723	1.39014	0.69254	0.120248	1.2206	2.3197	1.61256	0.74526	0.560023	0.276206	1.00967	0.736497	2.86362	2.40353	0.0446597	1.2083	1.53135	2.00458	2.47097	3.28017	4.72434	4.15485	1.3043	1.17911	1.12986	2.43417	0.515509	0.924363	0.269805	0.996786	2.26557	0.606597	2.10725	0.617583	0.96033	0.767329	1.45938	1.74666	1.04965	1.02803	0.906716	0.763773	0.607406	0.473143	1.19148	1.17464	0.111649	1.33245	1.50965	1.89739	2.55034	2.041	1.02927	0.671711	0.439847	1.6593	2.61464	2.12796	2.07334	3.22993	1.10871	0.374317	1.03598	0.818883	0.499288	0.969407	2.22345	0.647538	0.758494	1.08944	1.25203	1.30064	0.161026	0.675071	1.78722	1.55507	2.02673	1.84988	1.20146	1.11592	1.59446	1.92565	2.1782	2.10735	1.7993	1.46496	0.881048	1.34252	1.36477	1.13867	2.10259	0.964243	0.431261	0.536367	0.482018	0.812779	1.16975	1.68386	0.200968	0.946221	0.547412	0.509179	0.299577	0.192083	0.126313	0.0499321	0.120252	0.135826	0.0893194	0.162566	0.174406	0.141228	0.0920695	0.113859	0.0920695	0.0920695	0.09986	0.141224	0.227722	0.229904	0.249656	0.174406	0.0446597	0.249649	0.120252	0.249649	0.09986	0.111649	0.313413	0.701155	0.982689	0.569298	0.205876	0.157897	0.495779	0.22441	0.334953	0.471049	0.600829	0.821018	1.14806	1.61984	1.90575	1.74138	1.8608	1.86613	1.412	1.50371	1.2827
10.8218	10.4643	15.6175	18.8525	7.43648	15.4431	15.0961	12.1594	10.5254	8.28996	9.65295	11.139	11.0332	6.03114	4.57511	7.50398	8.81951	10.3005	8.31117	7.37674	7.96499	9.74081	9.84489	10.364	11.5141	8.19655	5.88975	2.6639	4.02753	7.59481	6.95012	6.80387	7.08408	4.04763	6.49341	8.20896	5.57405	4.83808	4.26847	7.96496	11.4297	9.9559	7.24544	5.40881	8.83751	9.39218	10.3879	10.6898	12.6021	11.2786	7.56555	4.73738	1.18054	1.38768	5.14029	5.93029	2.93425	1.24461	1.72221	2.28053	2.52364	2.27612	1.44588	1.21791	2.47225	9.12101	11.4855	7.65015	6.33629	7.00089	4.79755	3.19331	2.77954	5.31337	4.67555	3.11269	1.98932	2.33273	2.01798	2.62812	4.41935	4.09422	3.8383	0.720622	1.43632	0.402476	0.0804939	2.20921	0.659256	4.23774	6.41735	4.21675	3.19333	6.0125	6.70138	3.35578	0.958589	2.48559	3.60802	2.8798	2.43145	2.23435	3.38552	1.81878	2.46888	1.862	2.16633	0.823598	1.6537	0.313353	0.76977	2.12103	3.61203	3.02638	1.48996	1.48951	2.08304	0.551374	1.16077	2.32578	1.77722	2.17882	2.41395	1.39222	1.86462	2.35571	1.0993	0.254542	1.78656	3.2045	2.74796	0.565227	4.18447	2.33614	2.8999	2.27619	3.39201	2.91326	2.19203	3.19214	2.73347	0.693502	0.677862	0.617481	0.582158	1.19126	0.268842	0.854474	0.932541	0.539973	0.371578	1.2902	0.840319	0.746093	1.05767	0.419463	2.06517	2.78564	2.45285	1.4135	1.03076	0.728907	1.43998	2.09552	2.84719	3.38785	2.70023	0.0804984	1.71177	1.57006	0.142949	1.31303	1.80008	1.54799	0.224367	0.678955	0.958589	1.36814	1.46787	0.268842	0.84387	0.700668	1.00878	1.02781	1.4575	0.85563	0.564791	0.675659	1.2149	0.866915	0.638483	1.26898	1.37467	1.00953	2.09156	3.15552	3.32347	2.14238	1.0959	0.988575	0.934958	1.32774	1.2572	0.988559	1.72089	1.83854	1.44832	0.594462	0.460231	0.368193	0.319644	0.0706011	0.157864	0.190746	0.160997	0.111628	0.0499228	0.0804984	0.141202	0.142958	0.11384	0.0804984	0.0804984	0.0446513	0.160987	0.184099	0.142958	0.223255	0.0706011	0.0947225	0.141197	0.179993	0.290231	0.267906	0.16253	0.290224	0.424179	0.363426	0.237316	0.141197	0.337841	0.671222	0.607318	0.74212	0.788983	0.491152	0.241494	0.734348	1.17804	1.46319	1.81826	1.92838	1.58159	1.42648	2.32586	2.52189
9.15519	9.83447	17.9022	19.2138	6.80257	13.6299	13.7847	11.0459	10.7739	7.47055	10.6607	10.5901	10.1719	8.28117	1.48988	4.33445	6.53107	7.66341	6.43246	8.03226	6.44063	7.89818	9.09235	7.52491	8.76298	8.31961	6.55808	1.53725	5.79281	8.7091	5.32818	5.59498	8.60307	7.45736	4.45856	9.15769	8.66332	6.42568	5.83826	9.13878	11.2971	11.7386	10.184	6.16552	7.7773	5.05229	5.5921	5.02703	9.01376	8.82726	7.49587	7.11318	3.13145	3.18021	5.50207	6.04918	5.69189	4.42098	2.57212	1.89033	2.09727	1.78638	0.748655	1.76297	5.58126	11.1492	8.05358	3.77483	4.65752	6.04476	3.41943	1.44253	1.28456	2.87424	3.73248	3.70129	3.27834	2.93375	2.33822	4.51753	5.85907	7.21598	5.80039	0.697668	0.789734	0.459602	0.229805	1.12679	1.56782	0.915369	3.55466	4.74317	2.15911	4.61667	3.40998	2.7174	4.06858	1.34215	1.42412	1.61572	5.22582	1.34367	3.74274	0.276101	1.72383	0.650748	2.45346	0.211761	2.33481	0.254496	1.55439	2.36612	3.65293	1.9648	3.62794	2.45227	2.90044	2.22712	0.833921	2.25505	0.99537	0.917537	2.34503	1.86717	2.11434	2.53485	1.95607	2.0205	1.77188	0.411572	3.39846	2.26027	6.61735	3.39308	3.59897	2.1916	2.67698	1.38171	1.05847	1.99273	3.8364	1.35089	1.11076	1.07736	1.69949	1.65088	1.21278	0.910704	0.947423	0.582032	0.303609	1.33974	0.945856	0.470845	0.861534	0.457999	2.35759	1.53071	2.10541	1.42724	1.14067	0.861563	1.56683	0.910704	0.839017	1.83842	1.4019	1.75995	1.57556	0.665869	1.32123	1.4744	0.431097	0.700532	0.999411	0.844922	0.833329	1.5117	1.59063	0.368133	1.11546	0.647676	0.862406	0.911029	1.72342	1.04898	1.13382	2.11719	1.80761	1.83637	0.671476	1.42142	1.04038	1.16394	1.24762	2.01356	3.42966	2.98867	1.42988	0.758247	0.915108	1.40529	2.15392	1.82623	1.7835	1.81626	1.35258	1.20371	0.742939	0.254493	0.390447	0.142921	0.199642	0.347223	0.0631361	0.160956	0	0	0.0223213	0.0315681	0.0446426	0.0315681	0.0223213	0	0.0892851	0.199652	0.237285	0.282348	0.303605	0.223212	0.0804828	0.219833	0.15783	0.192009	0.23727	0.11161	0.47351	0.568206	0.321928	0.227635	0.490028	0.763438	0.584188	0.869341	1.13323	1.31672	0.734177	0.189408	0.625371	0.709362	0.919193	0.95871	0.764118	0.680331	1.49638	2.19711
10.7117	15.6977	19.4252	16.229	5.52992	9.68237	13.4755	14.2902	13.5694	9.07373	10.6864	9.49264	8.47541	7.70249	3.406	1.17818	4.37602	4.21128	5.34078	7.73063	7.54551	7.57149	7.19361	5.01417	7.20985	8.02299	6.60763	2.0054	6.6473	9.15622	5.70752	4.95861	7.14258	9.21296	4.91541	5.07575	9.04545	6.50068	6.52109	7.12495	5.62818	8.6696	9.65372	6.0938	3.9473	2.40893	4.39598	6.39007	8.55886	6.22584	5.62336	6.63092	2.22256	2.80027	4.9091	4.42435	4.87379	6.65211	5.51946	2.57183	2.37097	1.61198	2.66592	6.15038	7.77135	8.73384	3.63383	3.70674	5.05641	5.30793	2.25284	2.18673	2.09119	2.01561	2.231	2.67758	3.50799	3.81191	3.24028	5.09632	4.75147	8.18861	8.16897	0.774656	0.442961	0.470766	0.714476	0.978827	0.758719	1.82678	1.32685	3.62404	0.958525	3.39942	3.1893	1.87254	3.07962	3.43957	3.86323	1.61417	5.86711	0.849727	4.0826	0.925754	2.41907	1.14346	2.19381	0.540237	2.45383	0.830206	1.94797	2.03105	3.08198	2.44744	3.14695	3.20287	0.663516	3.05062	3.27301	1.72149	1.88243	1.81055	1.82365	1.94795	0.409689	1.56197	1.63788	0.862244	0.394813	1.8181	2.5015	2.24056	5.90861	3.51038	2.85602	1.29996	2.25549	1.00839	0.465977	1.13996	2.76656	2.6451	0.315606	1.66603	1.54737	1.16118	1.69794	1.62886	0.739463	0.621646	0.721062	1.16417	0.540209	0.495511	0.714109	0.285803	2.03534	1.91868	1.45646	0.491458	0.210543	0.84355	2.10025	1.38339	1.38627	1.64932	0.53606	2.16551	1.31248	1.63419	1.43528	0.648688	1.58426	2.08121	1.77154	1.17908	1.28454	1.59412	1.49638	0.557917	1.0199	0.86226	1.07202	0.680199	1.61687	1.18282	1.41695	2.23055	1.15778	1.83965	0.515218	1.46817	0.730976	1.15729	1.21235	0.897067	2.08302	2.20566	1.18619	0.329497	0.840001	0.89955	1.4834	1.7502	1.20825	0.908349	0.491458	1.22722	0.896214	0.285803	0.210533	0.324943	0.310843	0.319522	0	0.141143	0.099807	0.0631205	0.0499035	0.0705716	0.141148	0.157809	0.14971	0.126248	0.126248	0.126248	0.120183	0.141148	0.249516	0.407245	0.31719	0.232999	0.0223171	0.0804633	0.224284	0.174306	0.174306	0.530465	0.409689	0.269651	0.439578	0.928945	0.71305	0.480704	0.0446341	1.09542	1.07779	0.335497	0.324933	0.157804	0.359839	0.269651	0.317174	0.179921	0.254446	1.0029
15.1719	16.8669	15.1479	9.93365	3.456	8.66057	17.1678	17.5411	12.8135	7.37963	7.57085	7.46645	7.40315	7.55178	6.86457	5.76894	6.19906	4.35985	3.47044	6.59533	6.86795	7.33413	7.73386	6.77652	7.83346	8.0605	6.66932	3.0191	6.79257	9.65646	7.92234	5.40705	4.81577	9.01588	9.61205	1.60133	7.96685	6.22096	6.72516	5.99971	5.1476	7.988	9.30975	7.90657	0.232956	2.97432	6.31154	7.15157	6.76611	4.70556	4.53178	4.9705	1.60628	1.67712	4.02208	3.28924	2.52605	6.09803	8.37153	6.60115	5.39105	4.9583	7.47089	9.06086	8.24386	5.52652	0.770304	3.63168	5.00159	4.01174	2.56443	2.92764	2.70237	2.39647	2.23027	2.65789	4.41902	5.86562	5.74089	5.92121	4.86224	7.95748	9.92878	2.78832	0.395372	0.743036	1.624	2.12174	1.6563	0.411427	0.884046	1.74053	0.589493	1.1358	2.24544	1.92144	0.315551	2.00503	3.75909	2.14496	4.45133	1.57737	4.6301	2.5233	3.83982	2.68893	1.15254	0.254396	1.80725	1.15175	2.08289	1.22882	1.29792	1.70731	2.24816	1.84279	2.11635	2.08762	4.76411	1.57762	0.788494	0.726407	0.780561	2.68117	1.88961	2.44933	2.38562	2.526	0.893011	1.11548	0.515127	0.513668	2.62343	3.58381	4.0375	2.73021	2.74383	1.22884	1.03807	0.897979	1.08223	3.15552	3.25636	2.43112	4.29784	2.22619	1.54326	1.79333	0.735956	0.763194	1.64363	1.36979	0.57884	0.513652	0.459967	0.352786	1.07688	1.09888	0.972785	0.522808	0.741684	1.45156	2.31074	1.30939	1.21232	2.06163	0.433223	2.08476	0.855126	1.4084	1.15254	0.334689	1.86465	1.09407	1.02384	0.709093	1.31623	1.32095	1.3213	0.947108	1.26909	1.10386	0.849002	0.319475	1.83061	1.15427	0.882646	2.25246	1.86835	1.21212	0.480612	1.41175	0.836292	0.15619	1.13102	0.986251	1.36736	1.59269	1.51901	0.669335	1.02649	1.29945	0.687353	1.323	1.49875	1.25903	1.00226	1.42303	1.50524	0.814296	0.211673	0.220892	0.321806	0.261169	0.15778	0.20572	0.24032	0.33169	0.439513	0.525174	0.299348	0.111567	0.149682	0.191947	0.237195	0.252447	0.272369	0.300195	0.331711	0.430933	0.421002	0.331711	0.319475	0.300195	0.28575	0.290071	0.409592	0.419203	0.410219	0.663392	0.570176	0.668595	0.606934	0.498923	0.777091	1.20472	1.04572	0.34639	0.426265	0.359782	0.543347	0.63502	0.650502	0.423357	0.199576	0.530347
16.1396	11.1362	5.8268	5.10574	5.22256	6.79239	18.0768	17.866	10.1245	8.99805	11.253	12.0352	11.1445	10.471	10.138	10.137	10.9401	9.19292	2.97636	3.33642	5.31052	5.51761	5.57163	6.70136	8.2698	7.72679	5.0964	1.35455	5.48097	8.54827	9.13133	6.67905	4.28124	8.94938	10.6804	0.932071	4.98054	2.85531	2.36313	3.5256	3.13994	7.10654	8.78489	8.70377	1.98512	0.822666	5.13413	5.22863	4.89558	4.19715	3.83572	3.86603	2.05438	2.50184	3.7441	3.51688	0.697271	3.18972	7.75735	7.93316	6.31892	6.89092	8.60543	7.61154	6.01823	2.80641	2.06702	3.61667	3.28288	3.24881	4.19144	4.01896	3.56816	2.78698	2.01697	2.42297	4.17442	6.17433	6.97081	5.66787	2.89128	6.68801	9.25523	5.2966	2.78929	0.648442	1.31803	0.691894	1.21352	0.775971	1.58205	0.966399	0.544593	0.861934	0.941357	1.41085	2.76787	1.79865	3.03384	2.23912	2.31279	2.56266	3.57779	1.40372	4.19006	3.19887	0.861047	0.700464	1.2469	1.88032	2.14459	0.988072	0.852344	0.856983	1.38358	0.357631	2.1666	2.86308	3.8468	1.51726	0.268636	0.268622	0.822623	2.61129	2.57338	0.271392	1.56324	2.04139	0.474264	1.26059	1.1644	0.825348	0.580432	1.86719	2.73277	2.7419	3.03187	2.74195	2.11882	1.37946	1.31367	2.39352	5.51282	2.36814	4.58124	4.00921	0.682827	1.38085	0.894775	0.871115	0.963052	0.309925	0.718337	0.439976	0.648476	1.18053	1.19559	0.767597	0.349188	0.224199	1.03789	1.73165	1.87177	0.728314	1.02169	2.44397	0.836149	2.51692	0.994798	1.38948	1.7355	0.554103	1.53809	1.90025	0.798103	0.446152	1.20528	0.505745	1.15233	1.0604	1.00601	0.990044	0.272303	0.319401	1.60219	1.10408	0.634121	0.883861	1.055	0.249422	0.321728	1.10766	0.869969	0.826564	0.219718	0.210463	1.31898	1.29903	1.43524	0.87905	0.917006	1.63674	0.583856	0.982471	1.17773	0.902246	0.971828	1.35895	1.76239	1.41151	0.741527	0.268631	0.14109	0.0315483	0	0.0705449	0.141094	0.791178	1.69511	2.65299	3.16476	2.7543	2.09684	1.18115	0.293419	0.0705471	0.1262	0.17424	0.17424	0.211641	0.269559	0.303435	0.365893	0.349188	0.205677	0.162411	0.513568	0.726284	0.473223	0.518882	0.77694	0.564359	0.416746	0.111543	0.420901	0.858438	0.650362	0.1699	0.588932	0.438281	0.0223086	0.339797	0.675155	0.659127	0.548714	0.211634
10.0504	1.79265	6.60389	11.6033	13.1894	8.61553	12.6905	15.8415	14.8939	16.3009	16.4253	15.165	12.0497	10.3871	10.3798	11.3994	13.3632	12.6187	8.49657	3.34694	4.28747	5.73682	5.11522	7.01017	7.86139	4.98385	0.762869	5.65239	7.88979	6.82118	7.17611	6.81295	6.91196	11.0696	8.3895	0.348409	4.33245	4.90223	5.05908	6.57614	0.810934	8.16538	9.65731	7.17356	3.73349	7.40345	9.99136	10.573	9.94501	8.76573	6.28047	5.08267	4.19046	3.32591	3.67245	3.81349	2.27384	3.97127	2.07575	5.59043	4.9481	6.00989	6.2634	5.41285	4.95368	3.94393	4.3455	3.55244	3.71674	5.02918	4.9386	4.88923	4.45387	3.78628	2.78117	2.93935	3.33423	3.20174	3.77774	2.98911	1.72252	5.31195	6.70502	5.83875	5.40184	2.7644	1.73174	0.948848	0.8921	0.0705312	1.95791	1.35466	1.92485	1.18765	0.76903	3.24792	4.9532	4.93953	1.70998	1.69463	1.40351	0.699966	1.44123	3.22986	4.49627	2.78368	1.217	1.14175	1.18535	1.89008	1.64542	1.13827	1.32083	1.87767	2.09901	1.9633	1.88418	2.65722	2.3856	0.705277	0.651378	0.626089	1.72052	2.64065	4.58021	3.06551	2.48457	1.58336	0.869784	0.200738	0.97164	2.23135	1.99419	2.07444	0.982281	1.33837	2.52508	3.47559	3.28326	2.23109	2.74452	0.941187	5.30142	4.09849	3.54295	3.57958	0.68273	0.736321	0.825504	0.293367	0.603846	0.615284	1.07649	0.629663	0.965173	1.45564	1.62552	1.69071	1.78673	1.40771	1.20216	1.48349	1.28897	0.357559	1.53747	2.68211	0.210422	2.41572	1.10024	1.12063	1.47054	0.802902	0.558034	1.10723	0.825504	0.785663	0.947498	0.682355	1.49916	1.31172	1.00777	1.33371	0.639075	0.543138	0.852161	0.84925	0.669081	0.936961	0.459796	0.402096	0.451626	0.894601	0.980547	1.35649	1.68895	1.48087	1.84735	0.996603	1.1878	0.88452	0.282123	1.38474	1.12926	1.29343	1.38331	0.840741	0.423193	0.2543	1.19386	1.37681	0.93163	0.539456	0.381785	0.241262	0.191873	0.183928	0.289959	2.169	4.94007	6.41726	7.72048	7.72132	6.18463	3.81075	1.09345	0.13567	0.0498729	0.0498729	0.0315439	0.0705312	0.0705335	0.111524	0.126175	0.232859	0.241251	0.0223043	0.223047	0.589265	1.1356	0.757626	0.245346	0.0705335	0.200738	0.285625	0.542675	1.093	0.962888	0.70847	0.357562	0.289953	0.554024	0.67981	0.478893	0.0315439	0.335302	0.588818
3.38541	9.21085	13.1723	14.5973	16.1886	14.3766	4.9657	8.03071	10.3101	10.0105	11.2293	12.1218	8.27787	5.9566	6.71309	8.5616	12.9185	13.2539	11.2081	8.98251	2.0285	6.65269	8.3774	8.14481	4.73067	3.48732	9.31001	12.2665	12.7333	9.89997	7.26019	7.83248	8.71108	10.0558	3.68678	4.03999	7.23392	8.87686	7.82033	10.6735	4.52676	7.55711	9.16348	6.00393	8.31892	11.6251	12.2479	11.6201	9.82369	9.71489	8.46163	7.1507	5.52354	3.5081	4.00317	4.40759	3.86391	6.23436	4.66395	2.0305	2.74098	4.85306	4.60336	3.98683	3.84385	4.26635	5.48889	4.63629	4.67325	4.03327	3.76984	4.72573	4.72869	4.93808	4.96777	4.51438	2.92097	0.869655	1.01886	2.94988	3.58586	4.49297	4.23065	3.46599	5.01846	4.72714	2.97347	0.747906	0.931492	1.27406	2.23926	3.79609	4.17575	3.22886	2.87708	4.25425	0.968115	4.70232	3.31898	3.06298	4.49748	3.94545	2.97545	3.06016	2.98155	2.10108	1.56081	1.31683	1.1868	1.44988	1.00219	1.24805	1.608	1.74247	2.12368	2.07963	1.31324	1.63521	1.69563	1.2621	0.603732	1.39945	2.41458	2.13104	3.76489	3.46563	2.16398	0.96813	0.275839	1.24744	1.51945	2.26298	2.31328	3.5558	3.59563	2.71472	1.22635	1.71886	1.77557	2.31794	3.92398	1.04706	3.3545	3.10704	2.84395	1.59833	0.839357	0.805557	1.27112	1.02789	0.38367	0.21156	1.00831	0.775647	1.74882	2.10195	1.10072	1.36737	1.83739	2.72304	2.36396	2.30875	2.40505	1.57917	2.02697	2.19348	1.17347	2.29302	0.367782	0.700181	0.68693	0.9077	0.705168	0.254251	0.937821	0.948625	0.658847	0.785511	1.49123	0.877581	1.31621	1.26224	0.501133	0.562826	0.450986	0.807977	1.30805	0.741235	0.282069	0.149597	0.495115	0.240173	0.62	1.3378	1.84184	2.26874	2.79239	1.71673	1.49527	1.52522	1.13038	0.428931	0.898895	2.04602	2.21395	1.86036	1.71533	1.35735	1.1648	0.967307	0.62833	0.568517	0.395145	0.14104	0.135644	0.111504	1.15966	5.11884	8.66005	8.74037	9.05794	9.15236	8.70197	6.58754	2.04595	0.160803	0.0919441	0.0669002	0.0315361	0.0498632	0	0	0	0.179784	0.289892	0.0997313	0.149589	0.0498657	1.21896	1.03074	0.0997264	0.1784	0.275831	0.691642	0.700222	0.360256	0.608666	1.00738	0.909891	0.674174	0.446548	0.2007	0.365754	0.444325	0.444325	0.493612
10.7643	16.3678	15.98	12.1021	10.0693	11.7526	7.3134	2.74046	4.57096	6.54515	12.7817	13.585	8.57504	4.06191	1.76143	3.2916	10.0619	10.9399	11.6261	12.4729	5.16466	4.45474	8.13545	6.6562	5.37539	12.1195	16.6493	16.7453	13.9625	10.1531	6.11228	6.53506	7.1541	6.67707	6.74915	9.06095	9.38315	9.18864	5.86069	11.228	6.6168	4.22909	8.13729	7.68703	12.5081	13.6495	12.4926	13.3324	11.796	10.0636	9.96352	8.17873	5.74387	3.42023	4.05112	4.56103	3.53698	4.58688	3.98475	2.22314	3.92126	5.38714	4.08582	3.56304	2.78797	3.11647	4.42636	3.25905	2.51501	1.68048	2.42919	3.99201	4.75359	5.24685	6.22665	6.0046	4.62798	2.97905	2.05728	3.59338	4.21983	4.11899	3.60743	2.05466	2.12129	4.34656	4.77638	2.04496	0.470306	0.75834	2.11541	3.92485	3.30957	3.68083	4.64117	7.12814	7.34279	4.61478	6.08295	4.22874	3.44725	3.60179	2.81539	2.32236	1.90298	2.10445	1.93493	1.57903	1.32597	1.3598	1.13696	1.38013	1.51923	1.54516	1.78786	1.78439	1.60646	1.78322	2.01812	1.57509	1.50742	2.00788	1.80035	0.668822	1.27552	2.5123	2.21523	2.50524	2.7359	1.81412	1.64774	3.04451	0.840386	2.42732	5.03223	6.37707	5.78863	3.9465	1.64782	1.72496	5.00768	2.78513	1.35883	1.28159	1.431	0.463948	1.83571	1.21286	1.45323	1.83971	1.53533	1.13544	1.50393	1.91462	0.759298	2.84341	1.48007	0.902809	0.470332	1.74209	2.35121	2.54409	2.76203	2.63252	2.0253	1.19237	1.34228	2.30821	0.379689	0.373733	0.678088	0.808129	1.14128	0.798272	1.1428	0.8962	1.02306	1.57893	1.25647	0.205558	1.24356	0.712367	0.0705066	0.312934	0.379032	0.490986	1.15856	1.1389	0.359513	0.091929	1.07745	0.501032	0.901981	0.824886	0.670708	1.44545	2.41018	1.9895	1.33398	1.44638	1.65485	0.810304	0.420656	1.82975	1.55216	1.21472	1.57619	1.66357	1.44673	0.957355	0.380992	0.339587	0.535082	0.352529	0.267547	0.275785	2.5999	7.51123	9.84639	8.63773	7.80865	7.53536	9.83819	8.57649	2.88406	0.142758	0.142758	0.0705066	0.0997071	0.03153	0	0	0	0.0919263	0.245252	0.227374	0	0.142766	0.878539	1.12107	0.43804	0.0315319	0.615013	0.703968	1.13259	0.901741	0.495019	0.501032	0.557385	0.550659	0.788231	0.796705	0.602394	0.285531	0.268466	0.189179
14.8544	19.2803	13.4335	8.50364	8.58919	11.5968	10.17	3.50227	4.7376	10.9279	16.4959	16.2447	13.3597	12.7712	12.1218	10.1016	9.30527	7.0084	10.1807	12.1217	8.08263	8.11411	5.87643	6.82807	16.7179	23.091	27.693	25.4336	19.4318	13.8087	6.59853	4.30709	3.42533	7.07432	11.7454	12.3124	10.8079	7.49997	4.50922	10.8282	6.65342	4.43812	2.40778	6.23733	15.7316	19.0798	22.4176	26.9554	22.8402	13.6393	11.0833	8.23626	5.69402	3.75808	3.26776	2.69146	3.16231	5.86148	6.98357	7.89901	9.56624	9.4228	7.6776	4.84187	1.65876	3.17741	4.07775	2.69266	2.24271	1.31707	0.473901	1.90392	3.84243	5.29884	6.03262	6.23381	6.09181	5.90868	4.36745	4.42843	4.55541	3.72898	3.06069	1.20539	0.968775	3.41539	6.46484	7.50263	7.70312	7.42295	6.77514	4.96218	0.887419	0.776345	2.30822	3.77966	5.80438	6.3826	6.27673	3.29581	1.16777	1.62684	1.77497	1.82706	1.98669	2.01112	1.08876	0.803693	0.90953	1.03399	0.952221	0.90953	0.931116	1.16672	1.4934	1.27493	1.22647	1.60473	1.82251	0.978726	1.48674	1.81381	0.561265	0.817786	0.899655	1.09304	0.15604	0.535447	1.57586	3.29473	2.59275	1.04066	2.47644	2.74045	2.22375	2.24803	3.60184	2.16544	3.61564	4.88485	2.38389	2.78927	0.924695	0.865571	1.38825	1.14372	2.58806	1.43783	1.16352	1.38147	1.53016	1.24517	1.65816	2.85965	1.97719	2.83157	1.81212	0.676829	0.396893	0.603496	0.668699	1.12242	1.71131	1.66488	1.16351	0.249223	0.832219	1.56856	1.69209	2.31754	2.78788	3.08531	2.91712	2.09698	1.72643	0.69425	1.64869	2.62154	1.64865	0.827439	1.35677	0.808011	0.598969	1.0119	1.48539	1.24596	0.312872	1.45891	1.29749	0.67388	0.741951	0.668716	0.921432	0.754235	0.365613	1.75721	2.01083	1.58618	0.569603	0.272094	1.02748	1.68621	1.94491	2.53964	1.96291	1.29675	0.836712	0.529858	0.334369	0.120041	0.283715	1.97112	3.64364	3.83658	2.67208	2.07752	5.0408	9.02501	10.156	8.26241	4.47514	7.29769	11.0226	9.03676	3.09039	0.299076	0.367641	0.29065	0.199385	0.0945774	0.0445831	0	0	0.0222915	0.0919091	0.222909	0.160742	0.0630516	0.367632	0.960779	1.12709	1.04476	0.94908	0.843775	0.588901	1.40743	0.674638	0.241112	0.398748	0.468643	0.340994	0.205515	0.428209	0.600207	0.664998	0.602277
15.087	17.3718	7.41299	14.8103	12.5642	9.68712	8.38981	1.6087	6.23323	13.9105	17.8061	16.4361	12.4045	9.58018	10.8502	9.87707	8.94922	6.67933	8.51996	8.13334	5.11482	10.0156	9.58351	11.1524	23.8882	26.0185	25.5928	16.1673	16.133	13.8972	5.54173	1.50815	4.38727	8.61789	9.7015	8.70681	6.72177	3.57379	6.60737	9.35593	4.0477	6.5808	5.56102	10.1165	17.072	21.853	20.7269	29.5561	29.8137	18.7833	13.2295	8.26908	5.51797	4.01619	4.03937	4.4398	6.22488	7.79266	8.088	8.66172	9.12869	7.07729	6.22119	3.82797	2.50296	5.08076	5.76925	4.76488	4.23176	3.1939	2.08568	1.09009	1.90436	2.9086	2.85546	3.00799	4.05688	5.66337	4.97242	4.9911	4.61983	4.29905	3.79505	1.77153	1.49561	2.17384	4.00059	5.51984	6.18094	6.09826	7.44663	7.50898	2.9009	1.94146	1.38977	1.34897	0.962407	2.39545	2.9256	1.11424	1.19751	0.588788	0.275673	0.940213	1.29264	0.608308	0.297351	0.24108	0.600066	0.649739	0.800111	0.691961	0.64669	0.357287	0.29058	0.309614	0.481099	1.22579	1.18669	0.120023	0.903028	0.781283	0.557165	0.285406	0.997886	1.53102	1.19696	1.32398	1.11979	1.26629	2.74751	2.03171	0.696223	3.60163	2.79563	1.44085	2.70059	1.64289	3.31597	5.64169	3.11798	1.09645	1.74698	1.59058	0.267446	1.59516	2.56606	1.2079	0.824873	0.569493	0.708256	0.710737	0.937333	1.94031	1.82562	2.22803	1.61611	0.448525	0.370919	0.179681	0.520272	0.293144	0.930941	1.11443	1.23063	1.02047	0.423451	0.297343	1.36219	2.50663	2.84077	1.79633	0.309614	2.05725	2.03945	0.860223	0.352395	2.38789	2.12414	0.898381	1.52202	0.907452	0.883894	1.36218	1.4151	1.54004	1.56732	0.0996742	1.48954	1.60066	0.489308	0.749139	0.492333	0.974694	0.643233	2.08334	1.81561	1.23288	0.498352	0.31519	0.468552	1.45507	2.16096	2.55741	1.72184	1.89575	1.7365	1.44961	1.40686	1.45814	1.89574	4.49048	4.68375	4.98009	4.34877	4.0314	6.61506	8.55545	8.89609	6.28498	1.85042	8.69558	11.1092	8.32707	2.88186	0.157596	0.200585	0.268381	0.303146	0.219509	0.162256	0.11144	0.0704799	0.03152	0.113642	0.210251	0.149504	0.0704799	0.0704799	0.32451	0.647856	0.848636	0.857656	0.459462	1.35996	1.28568	0.259904	0.303132	0.463745	0.578149	0.316769	0.334316	0.289739	0.0668619	0.345993	0.488802
14.0432	15.0627	6.59184	19.0483	11.9086	8.45032	8.06085	6.22662	5.84179	13.3655	17.1522	16.3092	13.1123	7.62841	2.67667	8.69357	10.0803	9.30017	9.53418	7.74613	6.06335	9.33075	8.82949	12.8	25.2473	22.9594	18.7852	14.9652	20.4726	17.552	10.1451	8.41342	10.2288	11.6079	8.52114	3.75846	3.56134	7.27937	8.20274	4.19541	6.57898	6.71228	7.52809	15.1077	20.5816	21.4954	1.3909	28.6407	30.1352	19.1364	13.6358	7.87189	3.96221	4.6041	6.8477	7.80893	8.95058	8.82204	7.24322	5.64593	4.47953	1.69211	3.93785	5.71619	4.32905	5.03926	6.39936	5.30826	5.96607	6.03867	4.95715	3.09625	1.15601	2.69883	2.7425	1.69364	2.90227	4.51269	4.75933	5.15442	4.38057	4.03192	3.76394	1.82738	0.227244	0.674369	0.389798	0.379462	0.757558	1.87238	4.93523	5.89714	6.09946	6.90654	6.63223	5.00153	4.18684	4.39425	3.80026	4.19659	6.1733	6.64107	6.20187	5.11851	3.40175	1.05636	1.05689	0.775054	0.99645	1.36356	1.04739	0.340856	0.438926	0.611864	0.935284	1.20602	1.0732	1.4286	1.98358	2.21765	1.99745	0.78778	0.129934	0.704628	1.31917	0.958356	0.902336	0.747033	1.55621	1.5971	1.18104	2.76048	3.8735	3.89866	1.84359	0.664716	1.206	2.24886	1.52954	2.46872	2.76045	4.60659	3.19515	0.0704637	1.64453	1.96668	1.23044	0.334984	0.978824	1.201	0.380774	0.389777	0.60203	0.98894	1.62397	1.79594	1.17977	0.619123	1.20108	1.41503	1.346	1.02057	1.23248	1.96647	2.26798	2.1338	1.6748	1.43038	1.09378	1.26737	2.53594	3.98474	3.77946	1.99554	0.847867	1.71892	1.68513	2.6168	2.87218	1.62184	1.49279	0.71927	0.75891	0.945294	0.578471	0.775054	1.25477	1.184	1.25477	1.64573	0.602013	1.19278	1.34047	1.02587	1.17263	1.56796	1.54884	1.11398	0.638077	0.718586	1.21253	1.08783	1.82734	2.09432	1.20767	2.14218	3.21167	4.06286	4.97305	6.79649	8.15817	8.4111	6.85535	6.80314	7.36393	7.40386	7.47395	5.86518	5.58765	6.67436	8.41491	10.2951	9.61916	7.27485	2.47492	0.239999	0.211398	0.178263	0.0704663	0.227244	0.201782	0.157569	0.178263	0.0630278	0.09965	0.113623	0.229422	0.227244	0.0891319	0.0704637	0.0891319	0.169706	0.379462	0.297294	1.35295	1.58312	1.37267	0.950044	0.638077	0.389777	0.178263	0.267394	0.598742	0.648874	0.27108	0.099655
12.4669	13.0671	8.6287	19.7438	10.491	8.89226	7.63505	7.28122	5.4288	9.69752	14.1117	15.5371	13.5379	11.3077	9.59907	7.91653	7.95189	8.4477	8.26206	6.73552	6.38396	7.21141	6.24334	12.6635	23.1674	19.6328	18.6636	19.1296	17.9781	14.6578	8.83472	8.08454	9.80062	9.88659	5.64131	7.51041	9.06066	10.3045	6.69478	4.27393	8.07625	6.41009	9.62457	16.695	22.7217	18.2788	14.8712	31.9011	27.757	17.1717	11.4647	6.5491	1.89628	4.34817	6.30215	7.82175	9.7235	8.75132	5.99672	2.52782	1.53703	3.28928	5.08847	6.17298	3.81622	4.5665	7.51044	5.48491	4.02941	4.85982	6.62676	4.09731	2.7827	3.92393	4.38111	2.53192	1.72357	3.40717	4.38679	5.23934	4.72828	3.98999	3.41334	2.34037	1.20078	0.647589	0.51287	0.819752	1.38696	2.62857	4.56096	5.455	6.93268	7.52114	7.44398	6.35077	5.63915	5.59879	4.78431	6.3247	8.04871	7.72449	7.46092	7.25365	6.32369	3.89149	1.05644	2.34598	1.94573	2.63167	2.10757	2.31718	2.74071	2.74558	2.95792	3.59412	3.70059	3.5003	3.45092	3.17454	3.03389	0.74053	0.74453	0.62776	1.33945	1.16286	1.18651	1.01132	1.21598	1.47156	0.562287	1.7898	2.20142	1.51479	0.368782	1.56391	1.29749	0.784779	1.69755	0.802294	3.1957	3.8534	4.0039	2.56996	2.39235	2.47225	0.500629	0.760359	0.766571	2.34037	0.437694	0.628919	0.686267	0.465191	1.01011	1.33836	0.848305	0.54798	0.69098	0.795157	1.04722	0.85993	0.846846	1.3463	2.09578	2.28961	1.56311	1.28273	1.23867	0.616184	1.94564	2.1555	0.978122	1.95671	2.25443	2.29862	2.03182	2.27659	2.80257	1.72364	1.03916	0.378742	0.514334	0.472076	0.191644	0.169673	0.914461	1.48454	1.38481	1.0365	1.12375	1.01449	1.65552	1.18397	1.84863	1.72551	1.7151	1.57761	0.81092	0.741562	1.49381	1.2973	1.56433	1.28499	1.48102	2.66135	4.08088	5.28668	6.33923	8.17369	9.16571	9.49848	8.78294	8.53861	7.8962	6.263	4.96224	2.31885	1.9396	5.09163	7.6016	8.37955	7.01428	5.69142	1.65849	0.0803253	0.191653	0.183717	0.169666	0.135515	0.190346	0.113601	0.227196	0.126031	0.0996358	0.0668363	0.0222788	0.173998	0.15753	0.111391	0.0445576	0.0918588	0.259805	0.190346	0.627348	0.918516	0.932993	0.717413	0.556966	0.275575	0.140905	0.52151	0.303014	0.478324	0.47988	0.183717
13.3149	12.4393	11.111	20.7787	12.2674	8.26224	6.88021	9.35408	9.78281	6.91545	9.59144	12.8855	12.1229	11.4508	12.8866	9.16536	3.67294	5.23712	6.66306	6.82536	5.61754	5.12784	5.17239	10.4952	20.671	19.9615	17.5502	15.0501	11.8384	10.4315	7.72099	7.65456	7.25041	1.24918	10.9227	16.9305	15.8054	10.6963	5.06898	9.99012	8.30692	5.48796	11.3203	16.5558	22.4637	24.1411	27.9	29.6847	21.7185	12.7415	7.62498	5.12238	2.74273	5.37536	5.76597	8.2534	9.6352	6.88633	4.16384	3.62872	5.5698	8.29078	9.13756	8.28002	5.90808	4.39545	6.8088	4.4125	1.59246	2.80144	6.4868	3.85084	4.27635	4.30314	5.05013	5.00416	1.83407	2.55001	3.70822	5.25188	5.01788	3.55994	3.23145	2.74855	2.26205	0.94759	1.16195	0.831609	1.25395	2.57469	4.53646	4.71723	4.77575	5.6714	6.70352	5.94053	4.36665	4.51244	4.16861	6.81416	6.41877	5.10971	5.7822	7.41098	8.55614	8.82773	8.23835	6.82554	5.1601	5.22837	5.37643	5.6067	5.65749	6.08908	6.50797	6.78331	6.96907	6.528	4.18843	3.83114	4.00733	1.27623	1.30392	0.637835	1.0005	0.398463	0.253975	0.804907	0.377995	1.4559	1.39437	2.39047	2.90882	2.20495	3.61238	3.95406	4.05144	2.91832	1.17684	1.91536	3.08677	2.42747	3.26662	1.75274	2.4145	1.97796	0.989024	1.12426	1.94243	0.727196	2.64503	2.66293	0.803091	0.756659	1.2852	1.21006	0.828628	1.26341	1.61234	1.26968	0.489028	0.0945	0.157509	0.178196	0.704328	1.85812	1.53798	0.926382	0.409497	1.7009	3.89272	5.84022	5.45006	3.31537	1.39507	0.246031	1.06583	1.7511	1.36009	1.07139	1.14653	0.803091	1.09699	1.25395	1.39472	0.72724	1.0527	2.13835	3.04112	2.89844	2.13835	1.94035	2.16069	2.75944	2.77727	2.71898	2.82464	1.68802	0.472519	0.133647	1.57744	1.6628	2.10191	4.06473	5.60335	5.50054	5.02977	5.31666	6.69139	8.07741	6.83486	5.77973	5.5137	6.45098	7.06629	5.17704	0.472519	1.15815	2.20689	3.15405	6.06507	6.01967	4.42397	3.58276	0.756613	0.423796	0.732669	0.944973	0.627644	0.246031	0.227158	0.269149	0.410728	0.536443	0.398463	0.28526	0.347946	0.253975	0.063	0.0890982	0.43876	0.695867	0.978496	0.918353	0.442142	0.290424	0.447701	0.199234	0.0704396	0.41071	0.239908	0.285243	0.507933	0.409515	0.259769	0.695867
14.6586	10.6934	9.31057	19.97	13.3592	5.70066	8.17879	11.6584	12.4124	8.48676	6.35806	11.5552	12.8709	12.3142	12.6871	9.46274	6.25123	4.99974	4.29835	4.82986	5.22442	5.44439	5.0518	6.56262	15.2629	18.3085	16.5842	13.6945	10.4676	9.57197	9.94898	9.6782	7.15974	7.96536	18.0934	20.2154	15.1929	9.22607	9.45931	13.1137	10.5893	6.5285	11.803	15.0108	18.2573	21.3373	23.4005	20.0196	14.1179	7.67462	5.11776	6.03015	5.84696	7.37701	8.14475	10.4386	9.28241	7.10702	6.62037	8.16746	7.87964	8.275	9.66952	9.20521	6.72527	3.61666	4.40523	4.33945	2.61816	2.8303	5.93971	3.71241	4.56685	4.10875	4.53172	6.58346	5.53033	2.89871	2.30289	5.28586	5.29402	3.18997	3.2459	2.06682	2.15534	1.20427	1.96423	1.62774	1.24471	1.52723	2.28662	2.70926	1.70755	1.56065	3.73325	4.97545	4.29036	3.88752	4.59547	7.38567	6.52781	5.52402	5.49499	6.65535	7.14313	7.15681	6.53898	5.37585	4.58969	4.77069	5.37449	6.42292	6.84376	7.06147	6.98074	6.23854	5.32316	5.45425	4.24928	4.57156	4.97629	2.3907	1.22488	0.601705	0.935531	0.789223	0.553181	0.795794	0.926774	1.11893	0.87333	0.869603	0.90095	0.535414	3.30404	0.378599	1.40288	2.1068	3.07396	2.95861	3.82262	3.54299	1.11807	2.61002	2.86166	0.673272	0.889048	2.01703	2.636	2.95964	1.76563	1.4678	1.18704	0.828765	0.500459	0.947357	0.253914	0.877535	0.517991	0.612701	0.773014	0.976018	0.964772	0.42838	0.710501	1.9582	1.69682	0.345718	1.34426	0.837055	0.698896	1.76602	2.91192	2.46729	1.30067	1.48581	2.1973	0.725037	0.17393	0.357016	0.617534	0.649274	2.03015	2.05058	2.03651	1.58709	2.35776	3.3943	3.44782	3.22779	2.86994	2.3691	1.68814	1.96069	1.57137	1.59946	0.587945	0.587917	0.3029	0.699259	3.74589	5.05475	5.67661	6.80197	7.06809	6.3977	6.13724	7.70936	9.77088	9.63447	7.06918	4.35183	1.79838	0.339199	3.94071	5.56253	2.88451	3.30353	4.31149	5.80257	7.0837	5.53844	3.22221	1.96025	0.459093	0.33405	0.746907	0.089081	0.58453	0.142595	0.089081	0.0918239	0.253922	0.157479	0.229279	0.0704234	0.070426	0.111348	0.314949	0.952091	1.31582	1.5813	1.75321	1.66285	1.20511	0.886575	1.11295	0.947407	0.589622	0.0995931	0.285205	0.538182	0.633033	0.584565	0.751237	0.756513
14.7838	6.84765	11.064	19.8668	12.2727	2.83978	8.79617	8.20901	8.74364	8.23022	4.35941	11.1484	14.0977	13.3838	12.6658	7.78763	4.42757	6.05726	6.15961	6.63342	5.38153	4.02092	3.99637	2.90067	7.32582	10.1532	9.92273	6.9155	4.04937	6.41827	8.76629	6.38397	5.62268	14.5464	20.6719	16.9952	3.76742	7.90348	13.6831	15.3364	11.2325	5.45219	10.2034	11.713	11.1596	10.2331	10.2055	8.95011	7.87655	3.18467	4.65022	6.76602	6.88777	7.74379	9.31989	9.60838	6.12107	5.76386	7.79675	11.1974	9.34708	6.33497	4.49896	3.7641	4.15814	4.83418	3.40963	4.94665	4.37213	3.20455	5.71331	3.6079	3.0865	2.73765	3.09037	5.14822	6.00623	3.26952	0.454135	5.01932	5.40898	4.02385	4.09784	1.78958	2.56762	2.25637	1.7339	2.87047	2.76459	2.48031	2.34251	2.6833	1.63452	0.926595	0.570285	2.82149	3.63035	2.44419	5.40612	7.07588	5.3036	3.77565	3.30646	4.47356	4.29218	3.48426	2.77171	1.97077	1.76117	1.97578	2.98927	4.53915	5.02953	4.99487	4.59838	3.41776	2.13655	4.01062	4.27859	4.60925	5.85291	3.48732	1.03281	0.719413	0.768704	0.87486	1.01541	1.21125	1.07699	0.908213	1.30344	2.28001	2.5207	1.69527	3.22262	3.73256	4.13058	3.64159	0.758312	1.36582	2.24546	2.61199	2.54908	3.22164	0.541736	1.12377	0.298734	2.54908	1.38095	2.07304	3.81097	3.58954	1.38313	1.24987	1.91782	1.79459	1.57911	2.11088	0.491859	1.54543	1.67642	1.51442	1.5144	0.762217	0.737082	1.64721	2.00313	1.25936	0.980597	1.02798	2.50849	5.17472	4.78889	3.24709	2.67635	2.76787	2.94927	0.632911	0.410554	0.821066	0.951909	1.20298	2.33183	1.5216	2.11611	2.67487	3.19592	3.33643	2.37397	2.39058	2.01106	1.09523	0.543554	0.755671	0.321114	1.07235	1.68002	1.63035	0.734411	2.15725	5.92172	5.46535	5.1307	5.6473	5.00527	4.96767	6.01235	7.26054	7.17766	5.19812	4.2751	3.89908	3.11444	6.0911	7.98952	7.30729	5.88061	5.38362	5.34709	5.65138	4.72308	2.18147	0.620225	0.896099	0.618621	0.188938	0.806453	0.704096	0.713869	0.347812	0.359033	0.422468	0.420117	0.420117	0.188938	0.281639	0.28515	0.410569	1.15854	1.40585	1.12646	1.0154	0.75833	0.983654	1.25936	1.35636	1.53779	1.45572	1.29428	0.60567	0.270878	0.489841	0.458486	0.398309	0.321114	0.133596
15.5714	5.42426	14.3325	18.5726	8.7864	6.36561	12.1079	8.01415	8.19532	7.31009	3.22453	11.0571	13.7849	13.2614	10.2231	6.37532	11.6483	14.1918	13.6378	11.515	10.0302	9.02348	5.71591	1.26065	5.40794	7.0391	8.5672	7.72302	1.85706	7.37556	8.67331	4.00944	7.20256	16.2998	20.8962	15.5529	5.45635	12.4574	15.3181	15.0548	10.456	4.61903	8.95865	9.65714	7.89158	7.17538	7.99089	7.39573	5.34959	0.667805	2.82527	4.99017	6.28925	8.03531	10.7395	10.1967	8.03675	7.85238	9.43478	12.0777	10.1097	7.8463	6.2426	3.46396	1.8443	5.056	6.58719	6.64126	5.46268	3.81748	5.72458	4.21936	3.23219	3.67994	3.78324	4.18368	5.25266	3.77343	0.620127	4.5502	5.28332	4.87291	3.61113	1.5141	2.70254	2.39211	3.70629	5.00729	3.65848	3.44611	4.03548	5.44178	6.62518	5.78758	3.56901	3.222	3.73494	4.03548	7.01648	6.92101	5.08441	3.65204	3.75151	4.33397	4.07077	2.96972	2.85308	2.98409	2.88479	2.78725	3.53089	4.35512	3.53095	3.08306	2.25207	2.27125	2.75971	3.80622	4.36522	5.251	6.74141	4.49086	1.11383	0.281593	0.519226	1.18539	1.00737	0.623304	0.661842	0.464835	1.50619	1.18283	1.03261	1.46013	1.13496	2.68899	2.46143	4.21744	3.4726	1.30928	2.43763	2.42911	1.13497	4.92744	7.18025	5.33673	2.66985	1.45333	1.62021	0.464835	1.60802	1.73814	1.54321	1.14453	0.963123	0.883673	0.521111	2.32074	1.17864	1.9673	2.06496	0.447444	1.47966	0.642084	0.724758	1.33843	1.74558	2.40327	1.09954	1.51932	3.49513	2.45093	4.35852	1.98891	0.125935	0.61853	1.80739	0.976407	0.681053	1.08316	1.09954	1.99033	2.29071	1.25357	1.17532	1.34584	1.42723	1.9013	1.01712	0.995484	1.39422	1.1685	0.618502	0.778813	1.00934	0.692607	1.13495	0.901473	2.02979	4.44364	6.14335	3.76535	3.34754	3.61502	3.18418	3.046	2.54242	3.41722	3.69853	3.18909	3.11773	5.1058	6.08846	5.43224	4.40473	5.60958	6.97941	6.56213	5.38934	3.91529	2.23479	0.420016	0.536132	1.02781	1.49238	1.4534	1.24729	0.980458	1.03837	0.818514	0.403168	0.178093	0.281593	0.259619	0.222616	0.251855	0.140798	0.13357	1.07764	0.778777	0.410475	0.541631	0.420036	0.358953	0.445226	0.845885	0.802604	0.859842	1.56365	1.60797	0.734251	0.377779	0.140798	0.267139	0.178093	0.178093
15.2986	3.61058	16.2632	17.3032	5.7775	10.7346	14.3818	8.60694	11.3079	5.79934	4.44613	11.4779	12.4076	11.1719	7.02184	12.8981	14.5559	14.7991	15.8597	14.3448	10.7124	9.93997	7.34411	0.578676	4.80326	6.77254	9.58893	9.72912	1.29763	10.3271	8.12889	1.98652	8.0994	15.5207	19.3811	14.0297	8.05217	13.3522	14.3464	13.405	9.17305	3.21292	7.4884	8.16797	6.90062	6.55085	6.91258	6.75955	4.89134	4.2894	3.25088	2.23002	4.13538	7.18407	11.4726	10.7629	9.19538	9.67753	10.3006	11.5466	10.4083	8.62906	7.63435	5.52163	3.49086	2.86624	3.61524	5.55412	5.67416	5.09737	6.48119	4.44837	3.40374	4.22483	3.36906	4.22287	6.38956	4.71909	0.691037	3.85278	4.75947	4.57003	3.38038	2.74958	2.95717	2.34069	3.21059	4.37579	1.99985	2.27082	3.33958	4.00611	5.65627	5.2339	4.05967	3.0715	3.55005	4.55149	6.9666	5.41145	4.47379	3.71846	5.04353	4.89988	3.80623	1.95986	1.17509	2.50125	3.24255	2.92404	3.07665	4.06375	2.60344	2.3492	1.83317	2.35077	2.48047	2.82882	3.86588	5.65585	7.17853	4.96435	1.8245	0.856209	0.976167	0.507552	0.667696	0.746153	0.929405	0.507552	1.83257	2.0161	1.47342	2.63353	0.960845	2.12267	2.00433	1.15809	2.60333	2.36474	3.39787	2.33103	1.8695	1.83257	1.98995	3.69075	4.89217	1.46939	1.00713	1.04766	1.21078	2.74517	1.03812	1.00422	1.73333	2.48895	2.42743	0.89023	1.29148	1.61991	1.98842	0.222581	1.25884	0.537874	0.792541	1.14434	1.54493	3.0399	3.37144	2.6099	4.22709	5.39848	5.12267	3.71846	5.26921	6.71287	6.48327	4.27348	2.01079	1.18766	1.65205	2.31227	1.73783	0.703789	0.802477	0.661748	0.929405	1.70328	1.11627	0.724622	1.33592	1.32175	0.281531	0.403097	0.440682	0.557769	1.80208	2.37796	4.25755	6.83961	6.53151	4.04226	2.2511	2.66486	2.63361	2.86228	3.76194	5.08326	6.05267	6.8931	6.19987	6.01517	5.92395	3.96417	2.85554	5.18174	5.87467	3.09674	2.39093	1.77228	0.447365	0.51913	0.765843	1.03913	1.43323	1.39757	1.26048	1.23107	1.35658	1.56275	1.43805	1.07658	0.51913	0.133545	0.0890301	0.251821	0.382939	0.445155	1.06917	1.32779	1.23669	1.18265	0.637347	0.188855	0.285042	0.183542	0.917643	0.717752	0.593892	1.82505	1.86793	1.51385	0.955715	0.33902	0.188855	0.27077
13.6278	4.82223	17.2646	15.8638	9.22326	15.6254	13.2531	11.5168	14.6585	1.56262	10.8663	14.024	12.0237	6.79383	5.50295	10.8283	7.37542	5.88036	8.78222	14.4095	12.6269	10.3794	8.05346	2.89424	4.23435	7.91389	11.315	10.2052	7.36425	12.416	6.34055	2.39224	8.84915	13.9733	15.9373	12.273	12.3359	14.1462	13.4412	12.1416	8.10724	3.85891	7.00336	7.9056	7.97824	8.63354	8.856	7.6194	5.18922	6.35604	5.76838	4.54053	5.28933	8.19462	12.073	8.28053	6.71473	10.9155	10.122	9.17718	8.78868	8.41379	8.42192	5.96639	4.28285	6.40682	5.80946	4.07332	4.01859	3.24192	6.60388	5.65651	3.44975	3.2154	1.74862	3.71683	6.84559	5.41789	0.0802374	3.56918	3.88317	3.88722	3.43508	3.22952	3.53406	3.36575	2.61548	3.17769	2.95439	2.24899	2.11339	2.43682	3.31931	3.38035	2.63982	2.58981	2.94341	3.67644	5.78585	3.98251	2.87098	3.42321	6.46018	5.38101	3.73245	2.56358	1.65592	2.45328	3.19141	3.4014	2.82113	2.84089	0.901088	1.50053	2.17406	2.8267	2.4561	1.6673	2.29951	5.34001	7.09141	4.75186	2.08906	1.16487	1.13474	0.556323	0.513733	0.469409	0.79764	0.199043	1.5357	2.16526	0.251757	2.76613	1.51151	1.33066	1.44082	0.806276	1.66915	1.73598	1.61178	0.868947	2.2652	4.16576	6.07198	4.40526	3.33416	0.645336	0.775015	0.178025	1.01214	1.96618	0.314702	0.809952	0.292696	0.640709	1.98092	2.40868	1.6373	1.52797	1.56208	1.37606	1.21055	0.605349	0.356047	0.380266	0.585376	0.618296	1.14846	0.992374	1.84691	3.1128	3.72445	2.15944	2.37467	1.5325	2.39363	2.80758	2.22025	1.80315	2.11321	2.09187	1.017	0.558078	0.398081	0.626628	1.0062	1.97669	0.574253	1.21154	2.09844	2.25567	1.62105	1.55739	1.96665	2.38643	3.84047	5.36969	5.66804	6.21045	5.47108	4.31236	2.84649	0.556313	3.19976	3.86834	3.35679	3.99949	5.22647	5.65387	5.31013	4.99437	4.46376	2.70518	1.81595	4.36199	6.52958	5.054	1.59518	0.828104	0.837925	0.909063	0.977048	0.944328	0.874918	0.5603	0.211116	0.428046	0.592534	1.03438	1.38484	1.50273	1.43451	1.23425	1.05992	0.836161	0.521411	0.364986	0.26046	0.51615	0.907981	1.28915	1.35448	1.04602	0.418103	0.669046	0.938807	1.65366	1.51633	0.205166	1.53966	2.6291	2.92972	2.83312	2.49888	1.86719
10.1677	5.04827	17.5584	14.6625	10.2685	13.9784	7.53566	18.441	14.464	8.46947	13.801	13.0381	9.82683	4.37347	8.90974	7.97271	1.61411	3.48876	8.46146	14.2629	12.7192	10.4873	8.26752	4.80925	1.85609	7.30645	11.3385	9.86967	9.25294	10.273	3.51439	4.54438	9.64495	12.4792	11.3219	8.59032	11.4918	11.0405	10.4485	10.4374	6.48325	3.56697	5.69426	5.79438	4.93696	6.47974	7.64636	6.12813	4.99733	5.46399	5.37432	5.86878	9.38543	10.9358	11.2196	5.55733	8.17883	12.8237	10.7863	7.32872	5.73899	7.36928	8.60539	5.30106	2.23356	4.4828	6.85446	6.28918	5.94927	3.71235	4.35565	5.99183	2.40669	1.60554	1.06876	3.74364	6.58024	5.3075	1.36731	3.30068	2.45048	2.71813	2.89586	2.5929	3.46051	3.34574	2.3095	0.994886	3.42679	2.99693	1.07156	3.85061	4.80469	2.8158	0.25368	1.93127	2.33581	2.03946	4.71158	3.33675	2.0909	2.70464	6.63464	5.23921	3.50403	3.05504	2.07963	1.91736	1.69661	2.61663	2.23382	0.912403	1.04253	2.78117	3.74204	3.37592	2.82553	2.05595	2.00357	5.07724	5.97265	4.47824	3.14908	1.68953	1.01313	0.636296	0.368274	0.488443	0.409026	0.419796	0.851794	1.92169	1.2217	3.0243	2.27688	1.5832	2.12605	2.44728	1.32617	1.32313	2.09871	2.51033	2.42934	1.0306	2.27688	2.8672	2.24375	2.27838	2.43605	2.27998	1.36149	1.67186	0.724356	0.914586	0.97737	1.58071	1.07524	0.253683	1.12556	1.60548	0.718863	1.46511	1.48157	1.25369	1.07153	0.48132	1.29713	1.80642	1.55709	1.05526	0.334474	0.717467	0.610929	1.78181	2.48741	4.22848	3.08801	2.58141	3.27069	3.89611	3.85809	4.50197	0.823437	0.933836	0.75775	0.577607	1.30506	2.17726	0.125856	2.37685	3.37793	3.41412	3.03957	2.86255	3.46811	4.1216	5.36883	5.28695	4.23105	4.3537	3.05175	1.59192	2.62503	3.37215	1.89375	1.81516	1.81487	1.51295	1.31419	1.7752	2.42468	2.92441	2.46039	1.94191	1.08255	2.02974	5.02236	5.61779	2.22574	1.13651	0.788469	0.384075	0.422131	0.268839	0.718837	0.756406	0.140713	0.44496	0.340337	0.340344	0.497486	0.533961	0.865665	1.2414	1.28987	1.19799	0.75052	0.389202	0.413859	0.314648	0.16944	0.467758	1.12559	1.67517	1.34396	0.795971	0.68065	0.789106	1.50374	1.50764	1.25246	1.39313	2.23492	3.116	3.33291	2.83392
7.81953	3.17668	15.9946	12.6374	7.11271	9.39026	2.73511	20.7284	12.8701	13.0869	12.7324	9.4418	5.21984	2.95602	10.2168	8.48367	1.85368	4.72499	8.72472	13.2301	12.0862	10.1795	8.03653	5.9735	1.47603	5.47968	8.95253	7.14995	6.01569	6.24205	1.7517	5.98789	9.74228	11.1745	7.87498	4.11356	7.28125	6.35638	7.61096	9.20151	4.71089	2.02529	4.132	4.03105	2.29523	4.95536	4.68807	3.8325	5.8738	4.84902	2.90378	4.673	11.7476	12.6689	9.67658	2.97183	9.34746	13.4882	11.1248	6.28728	4.52329	6.72915	7.84806	4.57306	1.93407	3.06454	5.72271	6.26018	6.76382	5.11821	1.43234	4.76631	1.80688	1.50527	1.71594	4.22556	6.21851	4.48767	2.11002	2.37287	1.29301	2.21194	2.3887	1.09053	2.09253	1.81777	1.95881	1.04185	3.01864	3.04588	1.80616	3.3377	1.90578	2.13867	1.96192	0.667334	2.35635	1.61858	4.77929	4.26513	3.23942	1.88798	6.13232	4.89815	2.79462	1.81974	0.472935	1.04703	0.427891	0.695278	0.845242	0.629148	0.797335	2.46837	3.04466	1.54236	1.73523	1.40834	1.82562	4.61747	4.22369	3.68751	3.91977	2.01861	1.03681	0.995935	0.519291	0.778182	0.188759	0.370233	0.467662	1.41025	0.582165	2.62871	1.9294	0.747711	2.7978	2.77506	1.48872	1.36556	3.16023	1.21005	1.83179	1.43252	0.894153	2.02058	2.32751	3.95301	1.03758	1.35392	1.26459	1.83435	0.747744	0.695278	0.485831	0.226855	1.27317	0.938662	1.73423	1.68127	0.488349	0.552516	0.119789	0.530592	0.965674	0.370233	1.15419	0.431903	0.535694	0.248709	0.29928	0.453692	0.736749	1.68377	1.49019	1.47267	0.253624	1.38282	3.55983	4.57347	2.59786	5.68567	1.52997	0.39418	0.802019	0.734397	1.16443	1.83367	1.3124	3.91147	4.34582	3.27224	3.09557	3.04476	3.25352	3.17107	3.48875	2.6962	2.77631	3.3639	2.18532	1.1771	2.63482	4.3966	1.75055	0.642007	1.0234	0.773755	0.645073	0.717318	0.266936	1.08438	1.38959	1.81158	0.636173	1.06945	4.38009	5.75484	2.51502	0.879923	0.619658	0.534803	0.72044	0.547147	0.507239	0.739389	0.267853	0.507232	0.328429	0.245699	0.479147	0.336619	0.177958	0.0497422	0.336619	0.75036	0.845533	0.649678	0.740435	0.872332	0.77215	0.427884	0	0.772131	0.868634	0.74609	0.578775	0.362111	0.866318	1.96743	1.86838	0.660215	0.56317	0.458586	1.60271	2.01751
5.10179	2.28603	13.1813	14.3622	11.73	10.0933	6.16441	18.2186	17.0994	17.5973	14.6774	10.6458	5.6247	4.77013	9.93108	8.44236	4.07479	7.02016	9.65462	13.0239	11.7069	9.70779	7.4906	5.98748	2.38669	4.11508	7.24466	6.26746	3.73386	1.70055	5.63469	8.016	9.428	9.15159	4.73892	7.78198	10.9147	10.6241	11.3727	11.018	6.66064	4.84592	5.31692	4.70994	5.88556	8.04345	5.74792	4.0778	5.9714	4.76828	3.41746	6.63911	12.5791	13.0824	6.77072	5.88745	13.8526	16.5143	13.3024	8.9319	8.12411	7.93244	5.67254	2.45518	3.04101	4.54507	6.53632	6.98189	7.02591	5.53735	2.5738	2.38097	4.77208	4.55649	3.85663	4.911	6.068	4.93878	5.17812	4.39501	2.35854	2.80673	2.52867	1.09849	1.06089	0.975474	2.20805	2.36289	1.51197	2.3666	3.40007	5.05786	4.07062	4.2082	3.42817	2.68655	4.1829	3.9257	5.97468	6.58778	5.83012	3.04101	5.68039	4.89387	3.56407	2.66694	1.77092	1.5533	1.04545	0.338761	0.577369	0.815917	1.28321	2.70364	3.71895	2.7557	2.15664	2.0685	2.01307	3.18641	3.69419	5.22569	6.21374	3.6469	1.39642	0.999466	0.550191	1.05671	0.383921	0.268738	0.504199	0.95182	0.885677	1.19872	2.17744	2.64939	0.887861	3.84714	5.80369	3.77591	4.11069	2.68486	2.09724	2.97486	2.74573	4.16497	0.284824	4.0177	4.19612	1.9504	0.935075	0.71166	1.70266	1.66925	1.39579	1.36245	1.41508	1.09393	1.96541	1.80973	0.61791	0.656709	0.340207	0.450318	0.734233	0.567023	0.692622	0.480089	0.736235	0.624299	0.562638	1.02389	0.188722	0.661216	1.93028	2.46553	1.28285	1.31702	3.53634	5.03397	1.91249	5.20898	2.24409	0.577369	0.596769	0.590913	0.880638	3.11656	5.18035	6.15996	5.28794	3.68052	3.53249	3.65033	3.33757	2.63818	2.07332	1.8561	2.88362	2.33379	1.85696	3.42798	4.33953	3.62584	1.39289	0.597601	1.08308	1.30463	1.57229	1.88679	1.67722	1.32678	1.21388	1.5637	0.984515	2.18368	5.34472	5.56193	2.50218	0.855555	0.801857	0.760721	1.0808	1.45202	1.59228	1.66419	1.51107	1.38152	0.851465	0.567019	0.71166	0.515855	0.228985	0.044481	0.270563	0.382624	0.444802	0.801864	1.22328	1.54886	1.89177	1.79997	1.31406	0.600902	0.281315	0.413678	0.345988	0.678961	0.71166	1.51457	2.20167	1.00832	0.316104	1.20537	1.97975	1.88751
2.20697	3.64207	8.25975	12.0453	11.2185	8.71515	6.83334	12.6645	14.4815	15.6298	13.8574	9.81794	5.36227	7.73518	9.11118	4.88911	6.13026	8.50155	10.2084	12.7918	10.6327	8.48946	6.18223	5.5489	3.38095	2.5146	5.50018	4.97085	3.73138	6.97726	10.7144	11.3681	10.1904	6.90595	1.88256	8.16404	9.63323	9.89005	10.8698	10.2237	7.22178	6.39381	6.39266	4.21881	7.69444	6.28184	2.89471	5.37018	7.47854	5.86308	5.30712	9.01039	13.2246	12.3039	2.2363	9.59567	15.1817	16.8302	13.4291	10.9361	10.42	8.62546	4.90894	1.48815	1.93285	3.68565	6.25037	6.98611	6.53771	4.94953	4.86304	4.01177	4.90975	4.42651	4.53736	5.17618	5.531	5.33259	5.61114	4.88991	3.19791	3.04359	2.64434	2.11447	1.79194	1.08968	1.06837	2.3393	1.82335	2.61458	4.32218	5.91931	4.43986	5.18234	4.34827	3.51225	4.40985	3.74446	5.02435	6.42695	6.19557	3.72874	5.3353	5.45394	5.09447	4.08123	3.51687	2.97935	1.98623	1.00668	0.161885	0.161885	0.653952	1.52213	2.98524	3.48755	2.68451	3.17778	3.39997	3.2383	4.07581	5.56069	8.19796	6.64808	2.57321	0.773433	0.289931	0.908337	0.809349	0.697859	0.936225	0.113384	1.39142	1.31551	0.966339	0.626165	1.50333	3.26905	2.51595	3.48508	3.57144	2.56166	1.46157	4.2955	3.87182	5.97643	7.42262	5.16574	1.54806	1.06951	0.549167	1.25175	2.04322	2.10134	1.34319	1.28279	0.966376	0.475855	1.88111	1.78784	0.661087	0.80167	0.431739	0.493702	0.16188	0.39591	0.471176	0.445272	0.900407	0.765072	0.520516	0.984332	0.680276	0.25931	0.834596	0.423068	1.01058	1.10764	2.41011	4.04395	2.52126	3.82283	2.26316	0.944611	0.320686	0.865987	2.4954	4.95473	6.31039	5.56035	3.64635	2.02868	1.96779	2.12321	1.75335	1.32076	1.00548	1.48149	2.36465	1.71532	2.94159	3.628	3.33102	1.90867	1.2482	1.23089	1.38235	1.09037	0.81758	1.0619	1.22446	0.820001	0.347329	1.11189	1.58226	4.10657	6.18037	4.38744	1.35615	0.450234	0.45025	0.716043	1.04407	1.49896	1.74728	1.65181	1.34742	1.80397	1.871	0.561215	0.351574	0.372749	0.581976	0.590823	0.47169	0.289923	0.253538	0.47169	0.499678	0.270517	0.617824	1.23089	1.48303	1.11812	0.661122	1.06931	1.47419	1.63967	1.17398	0.444706	2.0747	2.35554	1.35692	0.581964	1.3928	1.5612
5.55839	6.42034	5.50302	6.00873	4.03012	4.05031	5.19244	7.14399	8.22129	9.90281	9.28751	5.92319	8.71251	11.7925	8.28396	0.88254	8.00855	8.87111	10.2552	11.745	8.65229	6.71185	4.60777	5.33085	4.17988	1.65366	4.08221	4.54092	8.1193	10.5866	11.2553	10.6876	7.68914	2.65004	5.82617	8.62816	7.16492	6.59268	6.33835	5.02326	2.70198	5.35488	6.38068	3.92943	6.26339	3.26049	10.5509	12.3871	12.2407	11.725	13.5444	15.8864	15.6344	11.0844	3.77502	11.099	13.8214	14.173	9.24489	6.86804	7.20356	7.04322	6.52848	5.93685	3.2461	3.14091	5.37357	6.17611	5.40077	3.55526	6.47363	6.69271	1.51733	2.95011	3.555	4.45005	4.71594	3.52205	2.13702	3.01616	3.17466	3.41626	3.47563	3.4595	3.59804	3.58707	3.8093	4.30563	2.94187	2.5145	4.18068	4.8139	2.07185	4.18839	3.82749	2.73098	3.37652	2.21189	2.99716	5.31526	4.60396	1.8094	4.67348	6.27449	5.52211	3.5443	2.96452	3.20086	2.79901	2.28776	2.27653	2.04502	1.82462	1.28236	1.33439	2.48401	2.0618	2.84647	3.15658	2.88778	2.45416	2.9485	7.28986	9.01591	4.90273	0.915473	0.43792	0.900233	0.59321	1.53478	1.07626	1.16355	1.1929	0.723791	1.7158	0.65649	1.42322	3.40606	2.53435	2.01526	2.93639	2.55794	0.79163	3.95515	2.36195	1.46634	4.1716	9.34217	7.83954	2.05222	0.875755	2.26599	1.74941	1.56344	0.982152	0.900276	0.900276	0.691647	2.22116	1.43498	0.816178	0.787844	0.636609	0.89364	0.660994	0.636615	0.535417	0.562422	1.01576	0.729207	0.579707	0.358468	0.8198	1.49102	2.24335	2.61408	2.0392	2.01777	1.42256	1.70367	2.49837	2.84891	1.07438	1.08993	1.30752	0.849427	3.53694	4.78631	2.93639	1.68973	0.801537	0.133392	0.12576	0.0444641	0.140605	0.160313	0.314403	1.00598	1.49102	1.38316	1.33665	1.0379	0.358474	0.133392	0.87688	0.830588	0.622472	0.7453	0.355708	0.22672	0.284699	0.382479	0.160321	0.716908	1.91171	5.51422	6.20442	2.85885	0.239441	0.666931	0.437903	0.624056	0.578013	0.520415	0.27046	0.188639	0.133392	1.01576	1.82457	1.61078	1.22966	0.863292	0.540917	0.14061	0.680144	0.677238	0.457786	0.27046	0.298265	0.323704	0.472661	0.54998	0.579707	0.677212	0.409942	0.999087	0.957679	0.506968	0.855227	0.716919	0.754556	2.13702	2.13744	0.457766	1.59345	1.57851
7.19115	4.85209	5.15882	4.54527	2.39267	1.70169	3.37734	4.56419	7.3952	9.03069	7.6252	5.99941	11.6638	12.242	8.48232	7.14182	11.5717	10.3344	10.6788	11.0456	7.54291	5.55714	3.75126	5.31276	4.23435	2.04451	3.98875	5.0928	9.37826	11.5762	10.0162	5.38954	2.06948	4.89927	9.06644	10.1709	7.81611	6.6355	5.67595	4.33694	1.31932	5.33422	4.64079	4.44022	2.54631	9.8443	13.4098	12.3856	13.6146	17.2121	21.7381	22.5425	19.2445	13.6347	11.0023	13.9686	14.3412	13.5799	8.4821	6.42268	5.5029	5.30361	7.45969	9.27807	7.98041	5.69609	5.15229	5.87489	4.64902	2.82676	6.71806	7.40066	1.2798	2.64494	2.32823	2.72422	3.20141	2.79699	1.8733	0.875587	2.06193	4.02592	5.3341	4.84704	4.17838	3.89023	3.10541	2.67133	1.91914	1.89849	3.91855	3.90849	2.01545	3.76097	3.64204	1.91454	3.11829	2.40951	3.71128	5.94362	4.21906	2.17372	4.94001	6.73123	4.70352	2.29549	2.31943	3.49162	3.7177	3.1908	2.95701	2.35489	1.63905	1.19686	0.819677	1.38282	1.05656	1.96782	1.86648	1.92943	2.1623	2.14028	5.78545	9.48055	6.72614	1.71545	0.776348	1.06774	1.02337	1.4694	1.0897	2.01095	0.631789	1.0566	1.78651	0.660872	1.27122	2.14021	2.14481	2.14026	2.45804	1.8046	0.894559	3.1117	3.49506	3.6572	6.10595	2.74776	5.7523	3.03084	1.35469	2.17905	2.49427	1.35183	0.497012	0.133367	0.338553	1.31999	2.03533	0.983953	1.02621	1.37858	1.45595	1.52155	0.400095	0.397607	0.421744	0.72367	1.24773	0.89015	0.323633	0.222271	1.10409	1.58257	0.577892	0.863083	0.60463	1.75077	0.764821	0.358399	1.289	0.933487	0.25921	0.628692	1.19686	0.975934	2.7544	4.95875	3.40372	2.17004	1.23822	0.577917	0.311187	0.226682	0.198816	0.270409	0.355641	0.760908	0.906635	0.440067	0.702858	0.838705	0.160291	0.177822	0.619159	0.78772	0.816064	0.489001	0.0994083	0.347216	0.631827	0.96166	0.90011	1.02237	2.55821	5.83726	5.93704	2.56321	0.718181	0.916372	0.835167	0.690094	0.72911	1.17353	0.998936	0.577917	0.358411	0.419375	0.702858	0.975934	1.3438	1.37287	1.36348	1.08246	0.535318	0.311187	0.239395	0.125743	0.444535	0.819677	1.04155	0.855067	0.491014	0.540805	0.347216	0.70285	0.668282	0.716808	0.0994083	0.898978	1.11214	1.02334	1.97331	0.90006	1.28896	1.43125
4.36914	4.04856	5.61553	2.43496	0.776198	0.875458	2.54069	1.84109	5.86009	4.34888	2.42491	5.30147	11.0966	11.1041	12.8989	14.3367	13.245	9.59523	9.42453	9.08438	6.15688	5.09869	4.40258	5.64178	3.78911	2.5704	3.51025	5.49059	10.6465	12.6655	11.219	9.00101	8.36931	8.20093	10.1093	9.87658	7.03213	5.81085	4.8548	3.83062	2.13613	5.70133	2.44797	4.70082	3.65419	14.7606	15.3408	14.6956	16.4731	20.1382	22.1125	18.9661	14.5129	10.3301	14.9683	17.7354	14.6261	12.0149	7.46474	7.62338	7.99436	5.74834	4.5037	7.82182	7.81049	5.76979	5.12858	5.67644	4.01259	2.29327	6.1061	6.82146	0.899929	2.07097	1.70068	2.56232	4.43971	4.9284	3.46754	2.54548	1.73516	3.93124	4.5356	3.10009	3.4348	4.26512	3.3768	2.29334	2.16963	2.24115	3.86505	3.66473	2.17871	3.39553	3.72533	1.61568	3.34239	2.65084	3.994	6.80332	4.48545	3.91569	5.0546	6.53303	4.57534	2.18775	2.24822	3.18828	3.42297	2.1701	1.99688	2.12928	1.98699	1.6175	1.16317	1.15632	1.08949	1.49373	0.69138	0.464023	1.37253	1.49373	5.21618	9.34105	7.45425	2.65668	0.446676	0.767222	0.239359	0.777438	0.666657	2.17863	1.63511	1.74259	1.47249	0.811037	1.40523	2.52904	1.56284	3.66016	2.3682	0.826731	1.75941	0.712507	2.36099	3.74349	1.76389	4.76895	5.04325	2.20919	1.66787	0.975693	1.90841	0.641016	0.759483	0.756886	0.518338	0.622235	2.27738	3.37534	3.45991	2.92193	2.39099	2.84819	2.11207	0.579502	0.53335	0.397531	1.01341	1.04128	0.284606	0.535182	0.777438	1.37834	2.16601	1.95092	1.69204	2.48309	1.06014	0.86293	0.819483	0.402482	0.397531	0.284589	0.222241	0.776177	1.35443	4.38526	2.64889	1.49907	2.1701	1.81251	0.916209	0.29815	0.338503	0.542545	0.636374	0.716656	1.02604	1.31605	0.755576	0.628532	0.160251	0.222234	0.3205	0.0993842	0.222234	0.617471	0.691422	0.39755	0.183262	0.298165	0.702755	1.42826	2.79648	4.8718	5.59883	2.92447	0.584595	1.37972	0.53335	0.40977	0.577793	0.562208	0.94175	1.15293	1.15293	1.07493	0.791331	0.453269	0.0444471	0.402476	0.712502	0.916235	1.13307	1.13133	0.91625	0.961475	1.27258	1.37972	0.464023	1.1426	1.20893	0.970662	0.702755	0.584595	0.160251	0.402482	0.716631	0.421647	0.811037	1.13305	1.23793	0.537028	0.894386	0.944844
2.8321	6.40014	6.40801	2.28905	1.22913	1.0222	2.60845	4.66606	7.00716	2.97512	1.72877	3.9813	9.21949	10.2017	12.7955	14.2047	11.3802	7.38711	7.84342	7.14293	4.25756	3.11282	3.02946	4.93003	2.95593	2.79256	2.96721	4.5905	10.1425	12.9734	13.7942	14.2851	12.9499	10.7267	10.9552	9.38803	6.41795	5.15901	4.74412	3.53287	3.63646	5.16572	4.63429	3.39515	9.47135	17.9596	16.7312	14.9186	15.0318	15.2184	10.6012	0.223299	6.71691	8.92111	15.616	20.7343	15.9265	11.2025	6.95486	7.10253	8.18813	6.81328	2.95983	4.39696	6.65967	4.54805	2.89638	4.31426	3.45586	3.07027	5.94686	6.02696	1.52263	2.497	2.62945	3.57804	5.29401	4.11538	1.82862	1.05922	2.89157	4.97641	4.58301	1.11347	1.33757	2.91513	2.87973	1.69304	1.711	2.52789	3.79029	3.66491	2.19912	3.38345	3.96547	1.94258	3.43403	2.52326	2.99628	6.33232	4.30164	4.69008	4.51603	4.97054	3.83356	1.20479	1.7097	2.73914	3.72784	2.64785	2.32418	2.52519	2.76063	2.46675	1.66765	1.84935	2.06494	2.24303	2.01726	1.57205	0.535095	1.52629	4.66016	8.97311	8.37634	3.94231	0.715499	0.555459	1.19967	1.98513	1.61123	0.780178	1.90568	1.16591	0.309471	0.393716	0.945198	2.40419	1.83556	3.60157	0.822073	1.14364	1.27888	1.22695	2.75747	3.80271	1.14774	3.23297	0.946007	1.13652	1.38267	0.967894	1.87745	0.48932	0.489306	0.355505	0.835182	1.20155	1.06203	0.725397	1.20911	0.427399	0.711329	0.930193	1.67792	1.79931	0.973787	0.198739	1.30011	1.21538	0.617352	1.12869	1.20155	1.37755	1.4819	0.848379	0.912002	2.1423	1.24192	0.518238	0.576388	0.383556	0.377732	0.5351	0.429127	0.802914	0.913348	4.15623	3.20067	0.96385	1.16251	2.2089	1.71954	0.267547	0.288844	0.129557	0.289701	0.50763	0.442715	0.949141	1.01181	0.689137	0.113298	0.55548	0.714097	0.16922	0.427381	0.520588	0.226595	0.487284	0.328068	0.522973	0.400552	1.03729	2.26905	3.95346	5.5288	3.73643	0.133316	1.0747	0.745233	0.260073	0.267556	0.267561	0.140529	0.53695	0.767421	0.690215	0.53695	0.622513	0.400565	0.09937	0.409702	0.636252	0.720997	0.895641	1.03735	1.13306	1.4108	2.27877	2.51404	2.12159	1.61185	0.986875	0.330316	0.351309	0.512962	0.457525	0.855004	0.328068	0.436538	0.427381	0.562526	0.58152	0.449888	0.7254
2.11053	6.5577	7.89075	3.84713	0.975842	2.00318	1.62267	5.75593	6.19353	3.50681	3.7939	3.5416	5.69259	6.0366	7.50997	8.11697	7.56915	5.23971	5.75175	5.85336	3.00941	1.87432	2.94869	5.45429	3.12717	1.48157	1.77249	2.83187	6.95295	9.18423	9.13872	9.17176	9.15998	8.78134	9.02625	7.62051	4.85073	3.64002	4.17807	2.54699	3.91502	3.56811	4.05374	3.33906	13.3487	18.2722	15.0171	12.4488	13.298	11.2547	5.32528	10.9332	15.5548	14.4386	15.2133	21.2587	16.3606	9.97033	6.86281	6.2067	6.00538	6.30652	5.40795	1.90441	6.14104	5.15705	1.49222	4.00648	3.65123	2.95688	5.10306	4.77704	1.44689	1.59569	2.54287	3.94818	5.38909	4.2658	3.86593	1.88253	1.69626	4.5177	4.83676	2.64679	1.04421	0.478507	1.19735	0.975827	0.749358	2.22747	2.72972	3.25786	1.67759	3.09114	3.53677	1.45341	3.25653	2.25581	2.72266	4.91782	2.57925	3.62935	3.37548	2.60881	3.04852	1.91669	2.1042	2.13632	3.47292	2.33647	1.77917	1.7689	2.00643	2.16556	1.06992	1.63807	1.82104	1.90334	1.62994	1.47662	1.15244	1.13824	3.78181	7.91254	9.06735	4.7705	1.0271	0.629113	1.94655	1.61687	2.65295	1.61164	0.671568	1.547	1.11417	1.02178	0.496736	1.87434	1.63358	3.31399	1.63358	1.94252	0.338372	0.270258	1.60948	3.21766	1.89609	2.75196	0.665667	1.57826	1.37923	1.94654	1.77242	0.725257	0.339818	0.82637	1.46418	1.79462	2.35583	3.03439	1.9103	1.09899	1.39945	1.37388	0.872857	0.845282	2.00327	2.21954	2.25665	1.17741	1.20026	1.50147	1.36379	1.09047	1.42771	0.993398	0.749358	1.6226	1.08498	0.36638	0.749358	0.584371	0.388608	0.496727	0.511428	1.1115	1.15847	3.42741	4.96865	2.89065	1.01405	2.43222	2.17031	0.129538	0.40842	0.540504	0.160199	0.457416	0.129532	0.157083	0.421487	0.520036	1.24461	1.06298	1.5403	0.281003	0.160191	0.653708	0.270258	0.566345	0.421487	0.183187	0.603479	1.19944	2.38501	3.89074	5.5489	4.07911	0.506555	0.533146	0.733392	0.576709	0.0702513	0.228712	0.222144	0.22215	0.289648	0.219923	0.444292	0.868877	0.864344	0.764379	0.59774	0.54956	0.393651	0.491747	0.568979	0.662717	0.785393	1.46018	2.18015	2.55012	2.38657	1.92807	1.48162	0.993379	0.157085	0.377007	0.787867	0.382206	0.490732	0	0.289648	0.691832	0.377007	0.872835
2.78085	6.43631	8.61992	5.78211	2.62814	3.73505	2.9343	4.89366	4.78875	1.36333	1.79906	2.47195	3.08805	2.54945	4.43996	4.04017	4.84276	5.50663	6.04534	5.97665	3.06839	1.64408	2.46902	5.50447	3.71551	1.2424	1.88107	2.69574	2.84898	4.42137	5.68158	6.14476	6.98783	7.51009	7.42993	5.97871	3.8263	3.19956	3.58876	1.51345	3.49233	2.65921	2.26059	6.11064	13.814	16.7204	14.1132	13.5522	15.1775	9.4659	4.9576	14.2353	16.4354	15.439	16.8088	19.9679	15.2105	8.85269	7.01097	5.80581	4.85272	5.20037	5.89256	2.22931	4.72543	5.94897	1.81721	3.69764	4.04848	2.9683	4.4711	4.32238	2.14321	1.41322	2.7456	3.55827	4.50153	3.20618	2.87646	2.30523	0.954979	4.25249	4.49614	2.49674	1.20369	0.259975	1.20658	1.42553	1.42553	2.49795	2.55956	3.44028	1.60015	3.0342	2.89791	1.85689	3.91714	2.25402	3.45605	3.90679	1.80128	3.30938	2.78627	2.60416	2.37892	2.43287	2.27348	0.967575	3.13059	3.53595	2.96745	2.21704	2.46479	2.66798	1.54121	1.65944	1.2815	1.52621	1.50428	1.66121	2.21962	1.32093	3.18735	7.03279	9.22326	4.92916	0.522761	0.511321	2.06598	1.78621	1.73034	2.72805	1.85244	1.89045	2.0865	2.05025	1.3304	1.40056	0.646773	2.65166	0.874959	2.55801	1.55917	1.31476	1.1113	1.86553	1.04403	2.21826	1.8689	2.57482	1.25667	2.55953	2.07319	2.12495	1.41027	1.15009	1.94971	0.738288	0.56757	2.10482	2.17254	1.93381	1.70209	0.606232	0.24833	0.617521	1.38983	1.53235	2.69635	1.23482	0.985704	0.598041	0.351174	0.53719	1.06833	1.68669	1.60431	1.75675	1.3473	0.826556	0.778604	0.292139	0.177686	0.436373	0.884201	0.911654	0.339761	0.821731	3.01393	3.79301	3.49493	4.08427	2.86351	0.03141	0.0496662	0.253237	0.489117	0.493164	0.760339	0.397324	0.725157	1.1239	2.3581	0.770953	2.16341	0.647529	0.599672	0.204771	0.739595	0.491656	0.807207	0.268379	0.177686	0.733234	2.22898	3.78923	5.67722	4.36559	0.705469	0.333898	0.419055	0.617086	0.231883	0.240239	0.169149	0.271108	0.253237	0.142223	0.282687	0.942214	0.519919	0.278306	0.189773	0.378233	0.284444	0.173467	0.267461	0.490645	0.444209	0.111058	0.183158	0.388536	0.479462	0.8148	1.13432	1.19776	0.962199	0.684212	0.870696	0.522774	0.271108	0.270202	0.113255	0.870696	0.723449	0.462155
4.42979	7.36689	9.39139	7.31978	2.50625	5.28683	4.7275	4.95035	4.60738	1.03574	0.449649	2.10879	2.88858	2.51809	4.52985	3.67224	3.4474	4.89949	6.0798	5.81393	3.50199	2.30969	2.80842	5.24368	3.82944	1.90606	3.28654	2.06939	0.898135	1.23704	3.79697	5.08505	5.95073	6.34509	5.76123	4.19991	3.22995	3.48587	3.41149	2.19116	3.22034	2.68684	1.77773	6.76746	11.7883	15.672	14.3938	13.3299	15.8197	12.852	15.1367	18.5954	17.2821	16.061	17.127	17.4786	13.4841	8.94496	7.35868	6.05435	5.229	4.83037	4.7535	3.05606	3.24483	6.31587	2.89132	2.63729	3.76123	3.45708	4.45434	4.62432	1.85856	1.17234	2.89284	2.8206	4.18272	4.48164	2.81404	1.9579	1.17176	4.32987	4.18517	1.86583	1.46612	0.800615	1.02163	1.42044	1.68637	2.16835	3.09669	3.3529	1.13936	3.0712	2.29633	2.02435	3.69797	0.994276	4.12394	2.75579	1.49019	2.91186	2.15486	1.47424	0.499032	1.83606	2.71993	1.36952	1.57272	3.32849	3.39108	2.47819	2.59677	2.88577	1.99846	2.02864	1.5852	1.8874	1.87314	1.84906	2.13141	1.28089	2.89295	7.01304	9.32939	4.60362	0.511222	0.330115	1.57012	2.49912	0.705369	2.77361	2.40109	1.49345	2.04256	0.614162	1.32862	1.17174	0.635117	2.41418	2.62125	3.50994	2.10535	1.62857	0.746426	1.81347	2.45799	2.514	2.4052	1.60401	0.78474	1.68848	1.83989	2.51682	2.45736	1.82699	1.83969	0.697273	0.511235	1.64657	2.44181	3.04662	1.86923	1.34555	0.720585	0.906036	0.886545	1.86816	1.75641	0.775606	1.57021	1.69803	1.47875	1.43286	0.766653	0.428864	1.50966	1.67501	0.983013	0.733135	0.60408	0.245277	0.0496542	0.511222	1.13435	0.68408	0.653068	0.556908	0.997208	2.22458	3.07828	5.5345	3.94647	0.244271	0.597922	0.622174	0.738129	0.800621	1.11041	0.601201	0.83585	0.640903	2.29418	1.37816	2.05567	1.20635	1.27255	0.499005	1.1393	0.218703	0.845522	0.36623	0.0314039	0.728369	1.82366	3.34313	5.85024	4.96484	1.0841	0.471048	0.446335	0.760181	0.470548	0.198616	0.463685	0.253196	0.408247	0.40034	0.546207	0.904124	0.471048	0.135076	0.0496566	0.198626	0.361481	0.548457	0.568765	0.49055	0.533407	0.414853	0.417207	0.0314058	0.431153	0.735445	0.785676	0.735795	0.814364	0.667649	0.701153	1.0358	0.923588	0.364221	0.562203	0.800641	1.13154	0.646649
4.9598	7.08976	9.24783	8.1659	2.56804	4.12262	5.01226	5.5002	4.61673	1.42222	1.11552	1.44964	1.78731	2.01111	3.87661	2.38914	1.3135	1.78947	2.95825	3.11068	1.62281	1.73355	1.71951	4.33597	3.61252	1.14275	3.06745	3.87953	2.97828	0.893027	0.697153	1.44766	1.49517	1.07687	0.631466	0.759379	1.85609	2.52272	1.86128	1.27158	1.75162	2.10649	3.20308	6.03766	8.74027	14.4308	15.2479	12.1209	15.2323	20.1798	21.9823	18.0171	13.7902	10.9632	9.92753	11.1382	9.06911	6.06382	4.79191	3.82224	3.51733	3.14963	3.61519	3.49609	2.21305	6.2112	3.54808	1.47387	2.98631	3.99601	5.20212	5.07014	2.01522	2.85833	2.46453	1.2561	2.82712	5.51506	3.87379	1.17989	2.475	3.58496	3.41306	1.99302	1.55848	0.409371	0.361412	0.901524	1.03489	1.32091	3.21799	3.06099	0.226416	2.79352	1.96168	1.89494	3.02136	1.82209	4.85755	2.15978	1.44606	2.32185	1.49312	0.111015	1.03484	1.17992	2.63271	2.785	1.3816	0.997741	1.69165	1.51003	1.97616	1.96367	0.758757	1.58361	1.5696	1.91694	1.57597	1.68452	1.80649	0.606403	2.5662	6.93167	9.2004	4.10619	0.351055	0.985874	1.33264	2.41529	0.826192	2.32746	1.29304	0.977845	0.762959	1.50961	0.548351	0.387732	1.02844	1.10599	1.42839	1.72664	0.533773	1.27482	2.33257	2.13277	2.1978	2.16438	1.88427	0.267351	1.06786	0.735653	1.35482	0.915374	1.53176	1.30579	1.09141	0.527736	0.427073	0.797081	0.992103	1.06929	1.42079	2.33831	0.511123	1.24252	1.36925	1.01852	0.738013	1.33045	1.28717	1.01663	1.22601	1.85935	2.18566	2.01097	1.94624	1.78899	0.603133	0.301976	0.400253	0.683908	0.30845	0.910461	1.08231	0.546101	1.05535	0.80232	0.977845	0.914293	1.897	5.94143	4.50831	0.688595	1.47108	1.62569	1.13416	1.27231	1.28924	1.16306	0.614043	0.479277	1.32183	1.15778	1.92829	2.182	2.18608	1.77352	0.983318	0.378075	0.645349	0.463595	0.560359	0.327801	1.38	3.20056	5.80438	4.9385	1.63767	0.388365	0.832132	1.1278	0.587823	1.23675	1.06307	0.73231	0.722808	1.00172	1.24396	1.25754	0.887213	0.625608	0.392805	0.400263	0.828878	0.614043	0.330047	0.478231	0.577666	0.662338	0.581074	0.222015	0.730264	0.548328	0.378088	0.66641	0.647261	0.548328	0.426497	0.826237	1.18179	0.705581	1.11086	0.985874	1.1899	1.2636
4.43627	4.83876	7.7176	8.26577	4.61546	2.3568	3.73877	5.74765	4.35167	1.60724	2.41914	3.75932	2.33759	3.42105	3.34127	1.55551	0.976857	1.59923	1.75574	2.15398	0.669238	0.796911	1.13391	3.3398	3.17342	0.989924	0.519622	1.7451	2.92765	1.42108	0.932239	1.01448	0.628633	0.133188	0.572862	0.942249	2.28431	3.67634	1.95276	0.0443962	0.929304	2.18526	3.73156	5.33962	6.2529	12.17	14.8599	13.5919	16.6693	18.8878	17.8081	14.8238	12.5153	10.099	8.44588	8.81109	6.08319	3.78504	3.68885	3.15638	2.46288	2.04727	2.96562	3.66111	1.45077	6.52446	4.71409	0.759238	1.9753	3.7604	4.98675	4.60853	1.84666	2.29208	1.76892	1.60893	2.19339	4.8597	4.21511	1.14668	3.06264	2.55724	2.48072	2.10817	1.31112	0.582639	1.22254	2.23859	2.07132	2.02556	2.67984	2.40055	0.821261	2.08258	1.80454	2.20679	2.49347	3.07347	4.80897	1.51495	1.41063	2.69793	1.9783	0.320135	1.13367	0.332976	2.00851	3.05979	1.27456	1.19522	1.46036	1.4836	2.07003	1.92178	0.744499	1.66331	0.850748	1.57583	1.40944	1.93254	2.31258	1.82265	2.74058	6.80898	8.84755	3.66999	0.452741	0.879484	0.894768	1.51462	0.770527	2.02438	0.11319	0.414682	1.02987	0.689541	0.759892	0.990906	2.02408	2.02411	2.6767	2.75772	2.49831	2.75665	2.68987	1.80239	1.27462	1.26063	1.07114	0.369454	1.00764	1.31325	1.67738	0.997598	0.910318	0.603847	0.378016	0.357927	0.268224	0.409317	0.745847	0.645261	1.57188	2.44348	0.945104	0.717193	1.08211	1.18965	0.985932	1.03182	0.870206	0.714812	0.676205	0.79415	1.27365	1.3855	1.31398	1.37565	0.506195	0.675092	1.22071	1.92682	1.51859	1.60338	1.49288	0.741873	0.891438	0.333708	0.323202	0.575837	2.0686	5.97573	4.56645	0.863368	1.74179	0.582669	0.891467	1.41934	1.20589	1.62954	0.094181	0.431006	0.311561	0.933573	1.55172	2.55027	1.91155	2.60904	0.828724	0.603019	0.759238	0.727106	1.0477	0.82366	1.05258	3.85743	5.46312	3.99856	2.93967	1.51598	1.08211	1.31749	0.998789	1.99414	0.746172	1.19211	0.65546	1.26174	0.753722	0.737872	0.503266	0.586434	0.22198	0.498816	0.953388	1.03916	0.32999	0.400169	0.685225	0.475038	0.278146	1.02197	1.18656	0.807074	0.527635	0.437797	0.722661	0.311564	0.49884	0.623109	1.1719	0.948987	1.40942	0.725727	0.597689	0.976892
2.39415	2.26699	5.15844	7.42597	6.77765	4.58314	3.89038	5.29508	3.53435	0.442195	2.07501	2.28693	2.15278	3.52491	3.10036	2.70565	2.41936	2.34345	1.83185	0.914189	0.803851	0.626522	1.336	2.68198	2.16176	0.426897	0.788048	0.975699	2.77707	1.96748	1.09281	1.15585	0.893505	0.649695	0.567138	0.78433	1.80677	3.72144	2.07271	0.140369	1.02295	2.15036	3.52817	4.66963	4.79447	9.0423	11.9027	12.3973	12.7966	11.257	10.0475	10.4017	10.9145	9.95884	8.59573	7.54844	4.47411	2.90184	3.58823	3.722	2.8849	2.34794	2.59414	3.61861	1.01309	6.10223	5.4934	2.26224	2.67463	4.11262	4.20205	3.16513	1.08214	1.17252	1.03254	1.27741	2.91914	4.44292	2.83028	1.24584	2.5288	1.34789	1.81978	1.75328	1.02682	1.47132	2.29158	2.64675	2.93626	3.53566	2.9877	1.6899	0.771956	1.3479	1.66645	2.22114	1.59459	3.63804	4.06809	2.10934	1.05873	2.23081	2.41854	1.21481	1.38219	1.0774	1.7554	2.92713	1.08371	1.21073	1.22548	1.33449	1.78829	1.92613	0.338763	2.01436	1.16155	1.38447	1.02466	1.2992	1.60139	1.39357	3.14624	7.55899	8.45401	2.87847	0.711558	1.05984	0.722872	0.906603	0.599643	1.47882	0.369386	0.740724	1.29387	0.5331	0.793039	1.38234	1.92757	1.25571	1.87207	2.06698	2.0929	2.40715	2.03389	1.37793	0.662099	0.156939	0.446624	0.15693	0.555276	0.938637	0.687979	0.923817	0.568845	0.355793	0.400108	0.379896	0.125552	0.565812	0.958126	0.818427	1.6113	1.85829	0.96682	0.788091	0.912303	0.942033	0.603708	0.296097	0.381822	0.358557	0.190913	0.38824	0.479097	0.301873	0.750931	1.31986	1.11953	1.88364	2.99555	3.00856	2.69781	2.84037	3.02614	3.15453	2.92328	2.74018	2.89612	2.84351	2.97043	6.42507	5.36758	2.76798	3.26413	2.41777	1.46015	1.42289	1.509	1.6492	0.936285	1.22555	1.34997	0.918788	1.33306	2.89478	1.3139	3.34613	1.29008	0.960139	1.11417	0.793039	0.298577	1.62211	0.693687	3.97485	5.09233	5.32053	5.10606	3.83769	2.01448	1.46516	1.37163	2.28645	1.28822	2.17406	1.6403	2.40668	1.17969	0.99742	0.929181	1.19912	0.963519	1.26796	1.27436	1.5977	1.21324	1.44354	1.84724	1.92917	2.16859	2.48432	2.2294	1.99289	2.04356	1.82232	1.59959	1.17636	0.913949	0.883537	1.57675	2.72597	3.58235	4.39487	3.0391	1.9302
1.70576	0.86535	2.1967	5.30008	7.00014	6.62004	5.03377	3.99264	3.07965	1.30221	3.46776	0.738889	2.37948	2.48408	3.70693	4.21718	4.69801	3.3185	1.0359	0.332841	0.310652	1.49968	1.80996	2.38033	1.51632	0.710033	1.44762	1.28644	2.88231	2.90571	1.59744	1.0806	0.883357	1.13849	1.39065	1.46307	2.1515	3.24199	1.73533	0.03138	0.866442	2.05505	3.23373	3.72937	4.26914	6.59805	8.16607	8.41611	7.84625	7.08105	7.56554	8.71075	9.06597	8.27448	7.24524	5.87742	3.75289	3.03483	3.6202	4.03977	3.0737	2.20958	2.14455	3.09363	1.24322	5.04072	5.29127	3.2626	3.73536	3.92299	3.47069	2.51791	1.98389	1.75417	2.47936	2.78341	3.97535	3.72937	0.98027	1.87493	1.21111	1.05245	2.35173	2.441	1.61959	2.06283	3.41888	2.47826	1.74918	2.49673	2.4463	1.77258	1.36925	1.67029	2.41731	2.35709	0.776295	3.6196	2.75014	2.08837	2.33554	2.13108	2.65783	1.63044	1.37928	1.59882	1.22106	2.40044	1.44862	1.17672	1.71426	1.58547	1.65558	1.98797	1.17613	1.67799	1.62467	1.56861	0.726811	1.36684	1.73224	1.22045	3.86394	8.52093	7.36309	1.75749	0.938469	1.19662	1.0228	1.36979	1.50631	1.4844	0.897744	1.05478	1.08919	0.622872	0.844884	1.41564	1.81523	0.178903	1.08532	0.874359	0.716917	1.25049	1.01043	0.576067	0.428537	0.252992	0.44043	0.519422	0.361213	0.452567	0.87441	1.35985	0.714542	0.278041	0.26995	0.289317	0.0701685	0.875205	0.828406	0.978489	1.7115	1.28023	0.823368	0.578632	0.561331	0.582414	0.560008	0.198465	0.0701711	0.430849	0.823344	0.510816	0.597462	0.421019	1.42879	1.8739	2.00783	2.90578	3.12703	2.20769	2.05336	2.54632	2.68389	3.21514	3.18233	2.74922	2.77517	2.90984	2.40537	6.62555	5.89271	2.9067	3.3518	3.59182	3.19651	2.42975	2.0271	1.08809	0.923639	0.806449	1.47995	1.96217	1.97	2.84705	1.18674	3.62563	1.45579	2.08735	1.52957	1.02377	1.54334	1.48898	0.910483	2.87935	4.75394	5.24972	5.15623	4.21549	2.77233	1.61581	1.42832	2.06859	1.82924	2.28818	1.2361	2.47223	1.07626	1.03999	1.00412	1.07075	1.07626	1.55878	2.16065	2.36717	2.03993	2.24052	2.50943	2.57788	2.48731	2.23227	1.8057	1.63142	1.71676	1.81981	1.73046	1.54929	1.50761	1.55294	1.52171	3.51833	3.70769	5.55236	6.45049	5.70769
2.811	0.914622	1.17317	2.50078	3.90427	4.48582	3.89985	2.75679	3.15994	1.9521	4.88061	1.20293	1.60213	1.32944	1.92009	3.2363	5.68662	4.94395	3.24295	2.43899	1.46608	1.81502	2.09257	1.82192	1.03523	1.44597	1.66402	1.36771	2.02108	2.90683	1.88513	1.36197	1.22488	1.65534	1.72771	1.47734	1.95269	2.65963	1.38323	0.449198	0.529174	1.47293	3.0604	3.34978	4.05293	5.18693	6.21838	6.53098	6.70105	7.32628	7.95417	7.77844	7.09406	6.27193	5.2281	3.97825	3.11318	3.06394	3.30226	3.67824	3.13281	2.1702	1.81552	2.67977	1.99588	4.3763	4.66277	2.33793	2.98643	2.89196	2.95608	2.48288	2.04894	1.6964	2.64557	4.50925	5.05391	3.02482	1.20871	1.82879	0.589471	1.49537	2.19629	2.37865	1.9006	2.05453	2.98195	2.77882	2.5186	2.44498	0.182947	0.776145	1.07217	1.32295	2.27057	2.55779	2.01998	3.64344	1.80839	1.19376	1.68053	1.49535	1.8375	1.55334	0.888455	1.54899	1.07309	1.79213	2.20604	0.933047	2.11418	1.83481	1.20231	1.08353	0.952617	1.11708	1.61175	1.70426	0.382969	2.07831	1.95415	1.42803	4.83196	8.95274	6.69461	1.29812	0.549251	1.06705	0.346553	1.23048	1.75901	1.4552	0.928823	0.770087	0.189547	0.823492	0.931704	1.32735	2.00629	1.14775	1.57477	1.61547	1.86995	2.51126	2.14825	1.0226	0.45248	0.19084	0.586095	0.461625	0.555932	0.597351	1.21175	1.41004	0.870002	0.457367	0.488585	0.558592	0.252955	0.889832	1.16706	1.02258	1.49659	0.750648	0.830659	1.02573	0.537052	0.297653	0.708869	0.267144	0.280618	0.525911	0.936169	1.14188	0.369223	0.701515	1.96368	2.08316	2.09868	2.23958	1.76276	1.00832	0.750677	1.22021	1.09847	1.29818	1.31399	0.837149	0.849107	1.03481	0.710264	6.64848	5.85364	1.43333	1.02907	1.53831	2.70497	2.13276	1.01973	0.467988	0.689124	0.799851	0.798931	0.258715	1.55651	2.66256	0.288401	3.23552	0.561666	1.96067	1.00826	0.379744	1.761	0.338632	2.07666	0.715425	2.05713	3.72006	4.40879	2.90856	2.10435	1.5534	1.24712	1.19453	0.618794	1.44987	0.843251	2.41517	0.467978	0.129358	0.0496092	0.60915	1.48076	1.41302	1.47481	1.08331	0.457367	1.1537	1.20053	1.22807	0.814505	0.577226	0.218505	0.134947	0.298462	0.0799882	0.134947	0.399945	0.62158	1.03719	1.67642	3.54678	4.26875	3.33811	5.58165	6.69757
3.1138	1.26958	1.20597	0.715983	2.18329	2.28345	1.91424	1.76063	3.64338	2.63692	5.45679	3.6222	1.27808	1.22301	1.68092	0.381605	4.30233	5.44378	4.05688	3.91509	3.83188	3.00577	2.72581	1.38368	1.18874	2.44413	1.57834	0.888288	1.10111	1.80574	1.02887	0.831374	0.928907	1.37463	1.46048	1.68139	1.9912	2.39794	1.48647	1.35353	0.85357	1.28192	2.68526	3.11853	4.01275	4.51751	5.20345	5.74404	5.75212	6.44808	6.81224	5.58701	4.7322	4.60709	3.91961	3.05666	3.02926	3.28243	3.20874	3.21555	3.29379	1.95119	1.18297	3.06902	3.02199	4.57953	4.72232	1.46065	2.30441	1.9955	2.22979	1.68087	1.70755	1.95833	1.99993	5.06557	5.31493	3.43576	2.58743	1.85653	1.61694	0.565479	1.67837	2.10096	2.77608	2.30576	1.631	2.15647	2.7771	3.26192	2.18963	0.953704	0.674569	1.02119	1.75862	1.2003	2.9607	3.61905	1.25805	0.335661	0.644769	0.894101	0.975108	1.53795	1.74934	1.17714	1.68892	1.03456	2.71353	0.310534	2.48712	2.25091	0.903094	0.813739	0.959639	0.716672	1.36633	1.89079	0.173245	2.22954	1.81794	0.490982	3.62982	8.61854	8.52947	3.42022	0.84167	1.1365	0.644742	0.966233	0.426665	0.467892	0.379673	0.902859	2.57257	3.50964	3.34264	3.27602	3.65312	3.52746	3.74598	3.69549	3.65235	4.25291	4.51008	3.07609	1.09579	0.710127	0.913674	0.815553	0.891606	1.00027	1.37944	0.737316	0.763823	0.228363	0.492494	0.622634	0.613472	1.43399	2.141	1.83511	1.15859	0.0627362	0.547828	0.828112	0.644753	1.1611	0.935765	1.13693	0.556295	1.33435	1.34261	1.43651	0.807366	1.15709	2.09077	1.9563	2.16496	2.07532	0.80734	0.627359	0.545558	0.643211	0.161483	0.512071	0.46154	0.514472	0.791658	0.457276	0.556274	6.43585	5.90489	1.18104	0.764793	0.47158	1.26953	1.801	1.3017	1.09777	0.404759	0.284048	0.831389	1.87156	1.83976	2.47179	0.371825	2.44205	2.37622	2.44633	1.93112	2.27522	1.32918	0.689011	2.02748	2.32089	1.28938	3.38107	4.52077	1.94673	1.10111	1.33099	1.47266	1.31012	0.376412	1.44807	0.947479	2.68272	0.596798	0.125479	0.119447	0.873753	2.07249	0.943615	0.644772	0.274361	0.644772	1.29106	0.628154	0.540123	0.339307	0.527233	0.396791	0.231581	0.37902	0.270761	0.339307	0.274361	1.13024	2.40536	3.89605	4.53639	3.82725	3.21276	3.1553	4.75939
3.7661	2.21936	0.555723	0.587151	1.12584	1.70636	1.27469	0.572286	3.85446	2.07026	4.38247	5.10547	3.77413	3.22117	2.20243	1.81638	1.65671	4.01356	3.67839	3.77409	4.27312	4.24507	3.71162	2.2083	2.45818	3.81521	3.17244	0.977959	0.86111	1.16088	1.28716	0.931612	0.887006	0.822874	0.465705	0.358268	1.55404	2.26323	1.66812	1.81806	1.86673	1.69576	2.13194	2.32998	3.12851	3.26677	3.37305	3.95181	3.9462	4.17818	4.02897	3.13832	2.74734	2.53723	2.1946	2.13267	2.33156	2.48427	2.45137	2.3511	2.79518	0.853082	0.361	3.72276	2.63008	4.43555	4.6315	1.45886	1.66882	1.23732	1.55276	1.32627	2.30956	2.46804	1.67982	4.34018	4.70133	2.6685	1.58354	1.80833	2.77137	1.90732	1.78476	1.31847	2.83419	2.75846	1.29082	1.84125	2.41626	3.02864	3.30318	2.66015	1.65687	1.42746	1.25056	1.03864	3.45369	3.34548	1.15748	0.329675	0.378947	0.428307	0.539567	1.82594	2.63798	1.80777	2.57546	0.94135	2.71328	0.731454	2.48872	2.46197	1.18523	1.17084	1.09198	0.753989	0.9929	2.1542	0.559716	2.22682	1.79079	0.646539	1.45879	6.23462	8.99045	5.00911	1.39972	0.737159	0.737142	1.13174	1.55599	2.1946	2.14655	3.21058	5.19635	5.49423	5.23992	4.92109	4.96659	5.04823	4.94287	3.98361	3.02383	2.93175	4.1404	4.1681	1.64797	0.527134	0.635397	0.28915	0.435694	0.772315	0.957611	0.667111	0.545452	0.455011	0.833258	0.252861	1.40228	1.31121	1.56811	2.09469	1.66933	0.935814	0.344979	0.968087	1.84059	2.7977	2.35419	2.76285	1.62752	1.11603	1.3925	1.27954	1.22659	1.7209	2.77347	2.51766	2.59676	2.54658	1.1992	0.30888	0.815366	0.745429	0.418416	0.635397	0.125455	0.534078	0.892796	0.350652	0.613367	5.99473	5.77148	0.883098	1.41136	0.630378	0.33852	0.987966	1.6995	1.88786	0.437379	0.474073	0.932647	1.30145	1.44277	1.34869	0.239885	0.820791	1.82627	1.28167	0.704425	1.00403	1.63678	1.74978	2.06815	2.97808	2.71342	2.75796	4.27124	1.64971	0.599165	1.21044	1.72084	1.72995	0.5477	1.56803	0.495874	2.72574	1.37757	0.949151	1.40041	1.8927	1.80867	0.33265	0.313624	0.313624	0.267958	0.843826	0.776461	0.288292	0.626044	0.634266	0.757862	1.44733	2.18137	1.75832	0.887029	1.90973	3.83902	5.75236	6.33559	5.53163	4.1116	3.14596	3.76874	3.04199
3.67987	3.54528	1.1831	1.30065	1.88874	1.53532	1.39216	0.67431	4.2513	2.39094	2.71508	4.95247	5.20461	3.92163	2.54776	2.79745	1.91097	4.37827	5.88487	5.47787	4.2403	5.21372	5.93614	5.6932	5.43527	5.78542	5.93035	3.39202	0.423605	1.0016	2.31538	1.26905	1.20471	0.827784	0.687322	1.38385	2.64196	2.72528	2.12325	2.20492	2.39138	1.89704	2.13158	2.44011	2.67082	2.5024	1.93128	2.12859	3.18053	3.67452	2.59328	2.09942	1.74929	1.85301	2.09618	2.17714	1.05143	0.959478	1.08724	1.72623	2.38357	1.14125	0.772166	3.26188	2.89544	3.74614	3.96395	0.877073	1.42311	2.03001	2.22586	2.214	3.12664	1.91805	1.91227	3.77453	4.21122	1.94701	1.3222	1.27317	2.19414	2.31687	2.08207	1.18833	1.92123	2.26355	1.87477	2.18268	1.47741	1.13088	2.39337	3.21168	3.01565	2.79716	1.80415	1.199	2.6128	3.02344	1.89452	0.488307	0.833098	0.935662	1.28984	2.40356	2.71541	0.73701	2.1796	0.414221	2.97246	1.57076	2.73599	2.51207	0.834616	1.41222	1.54381	1.19388	0.761944	1.86667	0.613237	1.57445	1.97366	0.817611	1.07631	3.99654	7.48081	7.35009	7.18469	6.01105	4.2587	4.10516	5.76974	6.45616	6.39296	6.86161	6.90937	5.45115	4.77881	4.43399	4.35188	4.83126	4.36734	3.1209	1.72114	0.754139	2.24121	4.2064	2.73242	1.21019	0.778544	0.737004	0.89706	0.200781	0.981552	1.49515	1.11846	0.664429	0.515699	1.12392	1.55249	0.880137	0.709817	1.3231	2.36995	2.85486	1.79598	0.947119	2.34203	2.09888	0.297469	2.78418	2.16458	0.959278	2.25769	2.56932	2.082	0.244903	2.31168	2.47073	2.82046	2.60152	1.10269	0.470359	0.280458	1.04788	0.88795	0.799395	0.448964	0.478626	0.495773	0.210344	1.6333	5.86428	4.98717	0.715688	1.75554	0.649075	0.371684	0.794795	0.721846	1.9524	1.38881	1.04579	0.665524	1.13238	0.869506	1.91251	3.14266	3.23456	3.20007	3.01557	3.38048	3.283	2.41314	1.99785	1.35722	1.17583	0.0799472	1.46724	3.30473	1.62648	1.11318	1.64768	2.33064	2.36656	1.58525	1.8409	1.34796	2.77609	3.17342	3.26312	3.22607	2.44223	0.768702	0.716401	0.862422	0.344934	0.31357	0.209182	0.722182	0.547625	0.871171	0.39973	1.6476	4.56495	5.82238	6.64688	5.03417	4.35207	5.51832	6.56071	6.22747	5.82926	5.9352	5.59274	4.72928	3.47041
2.93273	3.00434	2.61412	1.90135	0.625832	0.575517	0.745146	1.06996	4.11927	3.66843	2.07422	3.17084	3.27856	1.99739	5.16081	4.53244	4.16402	5.5369	5.94145	7.06017	5.29621	6.07462	6.75727	5.86146	4.7151	4.42841	5.52596	4.81685	2.20884	0.182808	2.73716	1.89002	1.60387	0.301526	0.7711	2.83594	3.51812	2.26012	1.4576	1.18001	1.51623	1.63541	2.08875	2.39092	2.57222	2.25537	1.89212	1.63016	2.6172	2.91774	2.39654	2.12071	1.19877	2.00782	1.86852	2.03976	1.61421	0.0991379	0.867083	1.96434	2.19804	2.11349	1.17494	1.33447	3.07972	2.46801	3.80321	1.54901	0.979871	1.57419	2.88789	3.67168	2.97517	0.833231	2.02275	3.80603	3.96196	0.909909	1.46703	1.3708	1.37384	1.75431	1.65452	1.34842	1.25715	0.745146	1.08816	2.96923	1.59813	0.0665054	1.04767	2.31667	2.68781	3.01942	2.19639	0.555538	1.50513	2.77208	2.89857	2.03338	1.58664	1.57795	1.35804	2.16703	1.89657	0.802929	2.48779	0.97458	3.4617	1.3189	3.03859	2.66743	0.830882	1.39496	1.76919	1.52671	0.973836	1.2063	0.581859	0.962361	2.43226	0.877732	1.66212	2.39938	3.98905	5.27932	6.66997	7.10994	5.96	5.39602	6.14315	5.78137	5.59727	5.52523	4.75817	3.31339	2.86282	2.81871	2.07885	2.68633	2.63848	2.89168	2.46641	1.35851	0.97557	3.64258	4.13676	2.19041	0.519394	2.6273	2.06096	1.62149	0.709355	1.06074	0.634798	0.379455	0.355382	1.33446	1.08816	0.178732	1.00433	2.00778	0.768554	2.13455	2.264	0.387145	2.52212	2.23832	2.53191	3.19088	1.39634	1.40262	1.85011	1.97532	2.97147	0.754028	2.31875	2.70909	2.86336	2.45363	0.572066	0.407568	0.605044	0.724756	0.743168	0.484148	0.288188	0.646272	0.0914042	0.90447	3.18045	5.17424	3.23836	0.500124	1.21177	0.743504	1.30316	1.05309	1.31673	1.75912	1.30542	0.0799273	0.545243	0.992566	1.73276	3.22393	3.35957	3.45766	3.54817	3.06292	2.77702	2.80193	2.77464	3.1755	2.8486	2.74767	2.46721	2.44709	3.03183	1.60387	1.7553	1.89304	2.56991	2.59345	1.80831	1.48299	1.06583	1.47968	1.8889	2.02869	1.82561	1.31746	1.69964	1.06511	0.793093	0.786213	0.376859	0.532942	0.280415	0.57808	0.580181	0.0221685	2.00583	6.79231	5.49376	6.2806	6.4467	4.74311	4.80254	5.57405	4.15028	4.02448	4.68903	4.70849	3.557	2.00787
2.2286	1.88104	3.01156	3.65691	2.8137	1.62123	0.786094	2.37114	4.76658	3.20125	1.46667	1.84892	3.52618	3.83349	7.741	6.77626	6.03665	5.44533	4.87576	6.71827	7.6869	8.19612	7.39132	5.76606	4.69842	3.51465	4.38241	4.76841	4.09821	1.99839	1.41978	3.1441	3.31909	2.60284	0.288132	3.8659	3.95009	1.46718	0.140176	1.05102	0.815541	1.27014	2.47705	2.65491	2.89327	2.57946	2.98585	2.83617	2.42179	1.48139	2.05274	2.4722	1.41893	2.08071	1.30822	1.80564	2.63605	1.59067	1.19262	1.79947	1.44849	2.49858	1.48479	0.414048	2.10495	0.492099	3.6954	2.05797	0.674084	1.10026	3.43302	3.86766	2.20507	1.40939	1.59568	3.94422	3.83546	0.0626879	0.934218	1.22586	0.932157	1.19344	0.946785	0.74766	0.874514	0.65186	1.31046	3.13831	1.3014	0.558067	0.668208	1.51669	1.97887	2.59743	2.04796	1.89423	1.11297	1.00222	2.995	3.75147	3.06009	1.8571	0.740743	1.78246	1.50107	1.47816	2.34844	1.02162	3.97812	1.81424	3.03768	2.7147	0.993312	1.30367	1.15324	1.53154	1.25403	2.03791	2.34961	2.31257	2.96068	1.33423	1.6006	1.84799	1.75486	0.159823	0.76165	3.15329	3.81673	3.78149	3.26555	1.92353	1.47327	1.67375	2.04073	0.865501	1.77833	2.00336	0.430355	1.5102	1.37354	2.65524	2.47614	2.07001	1.70849	3.70194	5.12641	2.39729	1.37604	3.87179	2.22796	3.54343	1.63801	0.231396	0.709219	0.583035	0.2356	1.23463	0.975363	0.339039	0.566348	1.96382	1.4404	1.52961	1.66814	1.20504	1.29062	1.99376	2.19309	1.93414	0.596375	1.67301	2.31597	2.53142	2.33643	0.338327	2.13524	2.50445	2.522	2.36559	0.392107	0.20909	0.85259	0.469632	0.709544	0.322707	0.332459	0.684533	0.156723	1.72825	4.3628	4.20499	1.45726	0.975403	1.35195	0.827489	1.53341	0.692378	0.387084	0.940498	0.834284	1.55511	1.94797	1.83852	2.10888	3.13524	1.58464	1.37678	1.65459	1.11363	0.532858	1.12867	0.531926	1.33862	1.25441	1.50686	1.93382	3.03762	3.87339	3.1103	3.30958	2.93432	2.90137	2.66265	1.54935	0.298195	1.05124	0.893419	0.8034	0.811615	0.72193	0.771869	2.06686	1.35953	0.569829	1.29688	0.543353	0.736717	0.366887	0.399557	0.159823	0.222745	1.36887	7.27689	7.08303	2.09068	5.13138	5.32706	4.69322	5.51212	3.76256	3.13649	2.99728	2.13075	1.42545	0.887064
1.48239	1.6745	2.41253	3.34154	3.57746	3.24383	2.01783	3.73262	4.51135	1.25436	0.977234	3.49945	4.3593	4.56959	10.0713	9.3778	7.71698	5.85924	5.31296	6.08042	9.03267	10.4151	10.4981	9.68378	7.95264	4.51065	4.05531	4.3607	5.0179	4.17566	1.83541	1.95386	2.59442	4.25802	3.95673	4.70992	3.54228	1.10274	0.773001	1.73151	1.9967	3.06007	2.04554	2.10055	2.61645	2.5003	2.75977	2.87079	2.01104	0.67828	1.46708	1.15409	2.71603	2.94149	2.49381	2.33431	3.08014	1.99372	1.21865	2.01768	1.25514	1.87871	1.94323	0.733939	2.1237	1.52758	3.87153	2.71448	0.664755	1.02068	3.49447	3.21244	2.00418	2.43758	1.35806	3.72891	3.60037	0.119333	1.10206	0.775535	0.148657	0.319601	0.93064	1.28529	1.81629	1.72431	1.80312	2.5127	1.07479	0.652101	0.598708	0.971897	1.56794	2.38221	2.12008	3.2252	3.60439	2.50089	1.77406	3.29204	3.35828	2.63441	1.93421	1.69817	1.487	1.80102	2.71888	0.357307	3.80813	2.09124	2.33598	2.50801	0.798942	1.41306	0.350371	1.00907	0.585454	1.98235	2.07436	2.82456	3.40037	1.34553	1.48242	1.6003	1.56934	0.0700773	0.71528	1.31933	1.59528	2.1301	1.6191	0.548655	0.228145	0.962002	2.00336	0.896252	2.33988	1.41116	0.554428	1.35366	1.59814	2.55999	1.64548	0.959964	0.997126	3.93182	5.98439	2.55214	1.21071	4.09842	1.31916	4.00529	3.21278	0.942715	0.510148	0.0940195	0.288936	0.905222	1.27141	0.396413	0.338983	1.15238	1.32439	0.526733	1.07272	1.39647	0.297312	0.992188	1.63551	1.10809	0.55397	0.68405	0.497984	1.06564	0.901959	0.742887	1.7265	2.33472	2.50859	2.27347	0.381241	0.462699	0.77078	0.189338	0.664755	0.14015	0.235569	0.586692	0.492008	2.11014	4.89417	3.34105	0.0991006	0.601985	0.813536	0.423357	0.802904	0.860485	1.01056	0.890746	1.10388	1.86766	2.7244	2.94975	2.40757	2.17028	1.08594	1.55082	1.60064	1.16174	1.37898	0.822538	0.714598	0.871242	0.971188	1.3093	1.38754	2.15411	3.2547	2.78133	3.21183	3.67418	3.85061	3.37147	2.64666	1.43666	0.647199	0.861924	0.59667	0.502403	0.783433	0.252668	1.50162	1.66154	1.06589	0.918145	0.173079	0.430252	0.198209	0.669905	0.0913693	0.295646	0.445944	5.79144	8.69678	4.82653	4.94733	6.76004	5.81493	5.84836	4.56469	4.01108	2.8608	2.51689	3.08008	3.05746
1.57659	1.59542	0.959811	1.98649	3.33594	4.33623	4.15316	4.01968	3.56782	1.15213	2.95084	5.00153	4.37505	6.79537	13.3596	11.1786	7.03413	5.11508	3.87161	5.78101	8.59163	9.34516	10.2658	11.966	10.7342	5.34635	3.95536	3.45325	4.46705	4.44569	3.82589	3.23403	1.39712	1.43984	3.11562	3.47191	2.14856	0.956727	1.21919	2.32924	0.627401	4.11124	2.35756	0.921432	1.09113	1.32988	1.0691	0.57773	1.03338	2.83253	1.69051	2.08614	3.38013	3.71052	3.05027	2.13854	2.91303	2.53609	1.10967	2.2989	1.9059	1.52761	2.03321	1.57282	2.8171	2.17984	4.13445	4.06306	1.06908	0.865123	3.08812	2.77918	1.05619	1.635	0.266782	3.26239	3.19824	0.940415	0.692494	1.06176	1.0384	1.05248	0.307802	0.757139	0.849108	0.658727	0.856013	2.00298	1.24761	1.02795	1.07257	0.965156	1.21191	1.39409	1.00183	2.03581	3.07489	4.70991	3.37725	0.57602	1.24726	2.11132	2.36698	1.66494	0.947177	1.58149	2.86933	0.346089	3.10414	2.04047	1.17409	1.61755	1.90024	1.17306	0.366731	0.984006	0.563991	2.21841	1.97514	2.0832	3.50768	0.585315	0.923293	1.07069	0.983755	0.553885	0.338918	1.1404	0.413903	1.30769	0.544955	0.948198	1.11846	1.47017	2.1978	1.64238	2.1379	0.604717	0.958747	0.620718	2.1793	2.27917	1.39568	1.0018	0.660933	2.84399	6.639	3.15693	0.951301	3.64719	2.59645	2.08087	3.96747	2.07609	0.792635	0.445858	0.134767	0.995661	0.629744	0.70515	0.835144	0.703753	1.08573	0.764898	1.26285	1.21856	0.198171	0.436401	0.983755	0.148622	1.0508	0.238619	0.506177	0.518631	0.430169	0.908557	1.5049	2.3207	2.67032	2.04174	0.298065	0.456732	0.579837	0.159763	0.536305	0.0700616	0.238619	0.198162	0.654586	1.91466	5.02567	3.29066	0.404295	0.129192	0.730774	0.997154	0.956748	1.67083	1.92901	1.59191	1.40274	1.51662	2.33001	2.00074	1.8287	0.533564	1.32112	0.783282	1.52855	0.953638	1.73269	0.708949	0.333072	0.567432	0.581528	0.506177	0.533569	1.22079	2.05338	1.23838	1.49401	2.3356	3.82983	3.69495	3.7396	3.39414	1.00474	0.16873	0.161294	0.209011	0.392601	0.732445	0.505204	0.997157	0.934944	0.198162	0.714482	0.487931	0.156666	0.615558	0.231315	0.159763	0.178626	4.46487	8.98596	8.02191	5.58306	5.8912	6.84504	6.68083	5.18801	3.52896	2.06007	4.47228	4.91385	3.84565
1.9144	2.75358	1.47243	2.25031	2.98989	3.68951	4.29029	2.37146	2.19533	2.15891	4.46987	4.61046	4.19809	11.2764	17.5617	12.9357	8.38997	7.91662	3.22446	9.02729	9.98329	9.47716	9.83355	13.6105	12.3718	5.4543	4.44571	3.58154	4.42721	3.97298	4.0037	4.89444	4.38644	3.01648	1.854	1.4884	0.951379	1.07142	1.32686	2.90015	2.47358	3.519	1.661	0.511399	0.620618	1.15897	1.78821	0.891801	1.49564	3.24857	1.3423	3.80779	3.10295	1.86218	1.12874	1.42979	2.17027	3.42947	2.27446	2.81238	1.904	1.56115	1.76169	2.87043	2.17162	0.938702	3.36571	4.87512	2.33046	1.89277	2.15085	2.17753	1.64604	2.5556	1.30074	3.29063	2.88036	1.71602	1.04122	1.40703	1.5307	1.3539	0.922056	0.612668	1.39672	1.88837	1.82928	2.62443	1.58537	0.723226	0.692026	1.09632	1.59697	1.08599	1.1147	1.29009	1.07438	3.06043	4.11601	3.4719	2.09277	0.786589	0.637784	1.19871	0.651489	1.32956	2.60582	1.01019	1.74994	1.43157	1.79359	1.1252	1.7701	1.83053	1.41897	1.47434	0.564733	2.24399	2.11188	1.61538	3.19257	1.06681	1.18568	1.15933	0.198124	0.645815	1.41322	1.00161	1.17384	1.58118	0.239612	1.53589	1.09427	0.938667	1.63171	1.58094	1.48183	0.548448	1.28169	0.830283	2.40207	1.59477	1.17967	1.24105	0.569489	2.28732	6.73304	3.49313	1.01908	2.6342	3.08491	0.338855	3.16494	2.41471	1.7029	1.50612	0.288827	1.14336	0.156634	0.377212	0.526512	0.3013	0.901928	1.8175	2.07643	0.855025	0.438558	0.676209	0.951119	0.346025	0.846324	0.239612	0.812627	0.626523	0.473542	0.942314	1.64604	2.41799	2.7262	1.87119	0.417937	0.329297	0.396244	0.132909	0.445773	0.204224	0.0913347	0.736325	1.66387	2.15056	4.20103	3.4423	0.178593	0.134744	0.148601	0.891801	1.54789	1.06687	1.39384	1.16278	1.23737	0.903793	2.25454	1.03815	1.24679	0.952688	1.22314	0.407233	1.14936	1.16399	1.50399	1.16277	0.742954	0.637758	0.505106	0.658566	0.564753	1.28534	1.84206	0.970823	0.868373	1.07438	2.67179	3.56794	4.25114	4.93254	3.38297	2.1314	1.80084	1.36563	0.48933	0.407237	0.283685	0.168697	0.651459	0.954212	0.354421	0.225899	0.258321	0.376572	0.473531	0.119287	0.222621	3.89657	8.7988	9.43071	7.41746	4.91548	7.56331	8.30978	6.35144	3.93816	4.09549	5.72617	4.64053	2.94283
1.86871	2.87847	1.58561	2.49559	1.68334	2.3384	3.61873	1.33691	2.15095	2.72646	4.55311	4.40788	5.69173	16.9288	20.793	12.9955	10.847	11.4593	6.60338	13.9411	12.3664	11.3381	12.0038	16.6995	13.4157	5.71213	5.37014	4.30789	4.58129	4.04836	3.67209	3.98264	4.19267	4.27299	4.33823	3.14177	1.91911	1.83974	1.18697	0.703452	1.19848	1.54753	1.2692	2.17589	2.21332	0.804898	1.62905	2.68232	2.805	3.54186	3.5661	3.34112	1.98563	1.34508	0.932472	0.709004	1.25268	3.10788	3.36358	2.93442	1.34204	1.08601	2.08199	3.12839	0.505983	0.837182	1.78892	3.93722	2.23623	2.21646	1.62	1.57467	2.51979	2.53518	0.604477	3.20982	2.44651	2.01467	2.25413	0.975393	0.608129	2.27144	2.2619	1.54679	0.700306	1.22596	2.38576	3.55114	1.76578	0.42313	0.31321	0.837132	1.16038	0.267599	0.881651	1.3697	1.78697	1.70541	1.78494	1.97146	2.81262	2.77831	1.71297	1.17452	1.69349	1.9266	2.46677	2.24761	1.72475	1.52069	1.68286	2.819	0.942129	0.711782	1.52504	1.81879	0.972349	2.17576	1.89734	1.48019	2.16165	1.77122	1.13996	1.20473	0.259221	0.178562	2.08193	1.27222	1.70134	1.43583	0.892739	1.63933	0.835668	0.532427	0.958436	1.65471	0.913101	0.228026	1.02177	0.782985	2.37177	1.10922	0.626771	1.1226	0.630288	3.07831	6.16158	2.87061	1.58507	2.23832	2.28001	1.86031	2.89891	0.57495	1.91404	3.07141	1.68286	1.16207	1.086	1.66535	1.53728	0.940875	0.767457	0.892723	0.509871	0.646792	0.4656	0.833621	0.700313	0.0990483	0.528267	0.190512	0.895979	0.350166	0.208942	0.657323	1.7378	2.50577	2.62923	1.81704	0.497673	0.399259	0.44349	0.161237	0.283614	0.221472	0.930372	2.54211	3.84879	3.84934	3.11977	3.01988	0.491743	0.542939	0.332207	0.687616	0.755896	0.798765	0.713146	0.882511	0.970632	0.558972	1.75478	1.67583	0.378441	0.913068	0.45656	0.714868	0.646792	1.016	1.09318	1.00999	1.24716	1.08599	0.574968	1.13369	0.812192	1.01625	1.47041	0.723087	0.219253	0.589681	1.03233	2.80633	3.99512	5.16695	5.29488	4.56601	4.26843	3.99972	2.75143	1.31025	0.526414	0.288772	0.134715	0.864804	0.736187	0.51893	0.535661	0.505039	0.819381	0.346648	0.141808	3.16098	8.01853	9.89769	9.36551	6.84348	5.43358	5.82174	5.87457	5.85559	6.50196	5.79763	3.96884	3.2365
2.03631	2.76141	1.28484	1.87821	3.29509	5.69426	4.47293	2.17816	2.01958	2.87331	3.42516	4.46927	9.20169	22.3051	21.6092	10.5865	12.002	12.9946	11.0652	16.7971	13.4701	12.7327	15.4361	20.8571	14.1249	5.91587	6.24268	4.65485	3.64997	3.50023	3.35031	2.80041	3.00907	3.88805	4.86382	4.13505	3.00265	2.72159	2.11246	1.86638	2.17412	3.85127	5.54719	5.77459	5.7861	4.73794	2.16769	1.13456	1.92518	1.61164	2.18221	1.84142	1.17342	1.27795	1.20803	1.60328	1.29721	1.54604	2.1634	1.62513	1.23386	1.0257	2.52887	2.24446	0.939339	1.01608	1.37422	2.59334	0.586242	0.408304	0.535109	1.5586	2.8619	1.77083	1.2209	2.69041	1.57608	1.85795	3.19331	3.20207	3.04493	3.36654	2.30274	2.36619	1.78464	1.38081	2.43462	3.59639	1.80181	0.259171	0.633301	0.885931	1.03017	0.392364	0.567138	1.17177	1.40109	1.94347	2.1742	1.28412	0.404071	2.05026	3.32706	1.56319	1.84262	2.40895	2.72887	2.87184	2.65991	3.16042	1.15066	2.39664	1.48586	0.357045	1.26637	1.61615	1.66042	1.67447	1.50436	1.48586	0.890594	1.26273	0.924935	0.757354	0.715413	0.486142	2.35743	1.45588	1.7431	1.12477	0.920915	1.54345	0.73338	0.616824	1.12937	0.638696	0.66939	0.793728	0.664633	0.916629	2.22648	0.58456	0.0798402	0.733044	1.70218	3.89289	5.02007	2.46427	1.86275	2.1394	0.483609	3.03275	3.37313	2.60334	2.57921	3.48597	3.39434	2.28773	2.53209	2.14557	1.88153	1.48475	1.59416	0.822839	1.20396	0.742678	0.119247	1.03113	0.538754	0.313138	0.22797	0.456495	0.873665	0.156576	0.722944	0.777502	2.25228	2.93174	2.44275	1.79201	0.266638	0.686746	0.651589	0.350099	0.270297	0.548237	2.56352	4.57409	4.40778	3.16827	1.72186	1.84928	0.904526	0.295419	0.547781	0.590822	0.22143	0.730997	0.614038	0.912926	0.715443	0.875896	0.81291	1.75222	0.535109	0.612416	0.420136	0.790315	0.722944	1.00246	0.93413	0.190487	0.703674	1.2386	0.50976	1.21282	0.110719	1.2465	1.07966	0.112907	0.643628	0.51119	1.24864	1.16906	2.67965	3.3898	3.88805	3.85873	4.17822	5.17194	5.07114	3.60427	2.18761	0.469701	0.365193	0.35772	0.259171	0.297085	0.819238	0.783478	1.22469	0.673418	0.125264	2.23569	6.59107	9.2854	9.41252	9.01417	7.60785	4.05323	2.38364	7.10959	7.89513	5.88165	4.24253	3.65954
3.5118	1.92738	0.934205	1.96603	7.77759	7.06828	3.05371	1.74963	0.182558	1.34856	2.36102	5.51529	13.2364	23.9867	22.0942	13.1979	19.3397	21.4017	22.4441	23.0626	18.6949	15.3841	18.3735	23.297	13.3419	6.05201	7.16473	4.93789	3.33148	2.9346	3.1656	2.91692	3.5779	4.27677	5.3048	4.26919	2.51659	2.70044	2.64838	2.34932	3.40265	6.34863	7.50268	7.5796	7.89046	8.53013	6.70791	5.48823	5.49456	4.02983	2.35099	1.58884	2.25423	2.33772	2.60248	3.20688	2.94205	2.43117	2.28527	2.1041	1.41191	1.33472	2.58097	2.08437	2.27521	1.64509	1.76845	1.46301	0.76333	1.533	1.68221	2.77043	3.30567	0.699014	2.341	1.74968	0.643543	1.90946	2.60367	2.25194	1.87789	1.44548	1.08011	2.19407	1.47415	0.819356	1.4775	3.60083	2.5411	1.37876	0.799684	1.35909	1.44892	1.19822	1.21103	1.49287	1.28349	0.689473	0.994896	0.0221388	1.19002	2.27005	2.46457	2.35432	3.26868	1.76242	1.70866	2.66017	2.9827	2.70799	1.47654	2.28177	1.19614	0.244531	0.77004	1.25863	2.32599	2.46719	1.677	1.64735	1.03192	1.12808	1.06923	0.743858	1.23003	0.308349	2.22374	1.60837	1.59	1.56502	1.37519	1.71788	0.805799	1.26794	1.05004	0.444979	1.19979	0.448255	0.586143	1.42761	1.91102	0.588211	0.567029	0.895688	1.89869	3.78741	3.45974	4.44898	4.81609	2.90596	1.90333	2.01969	1.95267	4.02701	2.42469	1.78042	2.28891	1.57539	2.32593	1.72267	1.95953	2.21289	2.14749	1.75532	1.32407	0.80793	0.438304	0.643521	1.12875	1.55442	1.21103	0.881302	0.316969	1.2134	1.64517	1.79094	2.84392	2.98958	1.79318	1.37818	0.178484	0.798458	1.45646	1.87608	1.61454	2.07216	4.95166	4.92524	2.37209	1.00814	1.09006	0.774475	0.94567	0.633179	0.638929	0.546757	0.560487	0.526227	0.885483	0.65374	0.677278	0.971975	1.26345	1.67462	0.322338	0.509659	0.907885	1.16211	1.0442	0.848458	0.609085	0.332817	0.421211	1.03495	0.579405	1.05162	0.5187	1.67575	0.932114	0.810639	0.851627	0.834472	1.30724	0.91271	1.45644	2.00937	1.19553	1.59009	1.95267	2.96845	4.20433	4.73852	4.36762	1.48707	0.0798249	0.182558	0.06262	0.270245	0.904352	0.522496	1.34456	0.851627	0.495039	2.06983	6.10906	7.97892	7.17557	8.41312	9.4342	8.22316	2.54395	6.14474	7.24051	5.71756	5.4336	4.82271
4.65101	3.20837	2.38932	3.26864	8.01558	4.73616	3.96365	2.79492	0.921129	1.60374	2.5654	6.33767	16.5139	22.6274	24.9299	15.5917	16.4574	23.67	25.2226	21.582	15.7248	13.4041	23.0888	23.1547	10.9378	6.17829	7.34435	4.23121	3.46077	3.12128	2.12958	2.54628	2.81517	3.27356	4.93446	4.44363	2.17729	2.3633	2.9771	2.55344	2.81587	5.37013	4.44021	3.9149	4.96178	7.54364	6.52839	6.42526	6.31827	5.76714	5.84339	2.72189	1.94312	1.44527	1.82691	1.70318	2.3844	2.46187	2.12964	2.89646	1.6228	0.999881	2.88934	2.08725	2.71543	2.94	2.25652	0.439363	1.60427	2.48737	3.04654	4.70252	3.02634	2.7923	3.174	1.04047	1.80629	1.02315	1.78188	1.19589	1.77017	0.917094	1.29515	2.03404	1.91168	2.06948	2.25283	4.04363	2.95355	1.81565	1.98451	1.55547	0.436545	0.288591	0.406942	1.04396	0.310671	0.841347	1.29897	1.24112	0.802294	1.18768	1.61559	3.54434	4.26894	4.41609	3.98588	0.494929	4.28328	2.32187	1.84858	1.9667	0.912582	0.651343	0.382095	0.790014	1.51603	2.17879	2.05103	2.21336	1.18317	0.911505	1.25839	1.21886	1.67153	0.947343	1.52834	1.49907	1.28318	1.89472	0.802294	1.98881	1.8619	0.555128	0.421134	0.634187	1.307	0.0626079	1.44676	1.40052	1.34431	0.885859	1.15022	1.39705	2.21248	3.59629	0.473179	4.3573	5.46159	4.08396	3.48548	1.7925	3.98773	3.45412	0.65698	1.36867	1.35156	0.785016	1.95132	0.842821	1.3785	2.15704	1.42269	0.673186	0.851468	1.10613	0.730739	0.762252	1.10861	1.18627	1.127	1.79451	1.99603	2.82379	2.10793	1.50257	1.93813	2.17587	1.17857	1.09321	0.112864	1.05427	3.49635	3.55525	3.33226	3.94569	5.46511	2.78196	0.608992	0.943669	0.792462	0.314581	0.48341	0.518631	1.15018	1.11846	0.797103	0.413508	0.478823	0.22134	0.753817	0.752519	1.87148	1.12894	1.11846	0.577168	1.31597	0.774686	1.00792	0.326804	0.535347	0.168575	0.386552	0.500824	0.703407	0.867982	0.638811	1.84063	1.06417	1.16855	0.408132	1.2298	0.584337	1.3512	1.13064	2.12758	0.159611	0.141734	0.425174	0.779689	1.86125	3.47081	4.85783	2.0434	0.314581	0.200436	0.349967	0.329057	0.763183	0.217996	1.31596	0.633025	0.301069	2.35987	6.3225	6.41003	4.26042	6.17535	8.34221	7.88864	3.95068	5.25087	5.23495	3.88084	4.34315	4.36054
4.17224	4.44206	4.11439	2.75494	5.56199	4.19008	4.982	2.34007	2.18261	2.68598	1.36432	5.2129	16.3246	21.1448	24.183	21.8503	14.6878	6.75991	5.01231	3.65582	6.29192	19.6927	26.3999	19.7649	9.0933	6.87823	6.94764	3.26942	2.92697	3.47635	3.85802	3.23857	2.33682	3.19384	4.16312	5.44237	6.08015	4.89941	3.75242	2.88044	1.40944	4.94498	4.09585	1.56819	1.66299	5.55616	5.0996	4.69581	3.37987	5.20987	7.23322	4.16953	2.1275	1.90873	2.54803	2.08379	0.40079	1.1784	1.46666	2.79881	2.95001	3.21316	3.73481	0.99406	4.43796	3.85639	1.61493	0.349917	1.93914	2.03365	2.48684	5.4724	3.54126	3.76705	3.50264	1.81458	2.48351	1.22038	3.06259	1.47466	1.05892	1.95104	1.11433	1.91757	2.23168	2.29708	0.518054	3.03307	2.53414	2.11914	2.18277	2.10249	1.8938	2.35352	3.02146	3.37869	2.5521	1.20793	0.842621	0.920389	1.74374	2.74161	2.89491	2.60323	1.1481	3.31448	5.32573	2.82856	3.73055	1.73552	2.33676	1.93914	0.476701	0.885689	0.719815	1.39833	1.29362	0.924126	0.669762	1.83096	1.30227	0.890132	1.46668	1.779	1.90458	1.40812	1.1064	0.782985	0.683492	1.52934	1.52843	1.61522	1.6547	1.00189	0.31297	1.47094	1.77095	1.30675	2.15663	0.865591	0.563315	1.37819	1.23435	0.500754	1.98966	3.11684	2.1548	3.42782	0.238346	3.18175	4.29462	0.867844	2.30727	1.20792	1.32018	1.73553	1.20223	1.11956	1.72108	1.42505	2.17295	3.00729	2.04285	1.35463	0.267406	2.27732	4.18832	3.58164	1.62464	0.132782	0.408062	0.878506	3.37766	3.914	2.9454	1.91689	0.296902	1.99631	1.87112	1.47989	2.44291	4.97363	6.27334	4.67436	4.29105	4.2634	3.56953	0.861051	0.889555	1.2268	1.11125	0.520879	0.516163	0.575371	1.7918	1.29017	0.812448	0.546551	0.689233	0.999958	0.349914	0.629807	1.44949	1.15402	1.01883	1.14762	1.51648	0.762106	1.48653	1.16461	0.782397	0.494849	0.513294	0.132782	0.903194	0.714323	0.553684	1.49831	1.53448	0.811876	0.532028	1.31906	0.660201	1.65324	0.44809	1.99923	0.752391	0.40079	0.788012	1.02175	2.73224	4.71216	4.4899	2.1265	0.957936	0.689233	0.784865	0.494828	0.564193	0.0699836	1.06441	0.616447	0.156489	2.11473	5.92021	6.71209	4.44463	6.01296	7.48212	5.25051	5.00671	6.43947	5.67755	5.26132	4.8351	3.71856
6.0482	5.72994	5.87954	4.61444	2.70365	4.16231	5.50849	1.0034	5.48825	5.7742	4.62451	3.52803	12.9685	19.7133	20.9823	20.4458	23.5337	23.6159	15.9842	11.4202	18.9907	24.6879	22.5023	14.0003	7.87872	6.46648	5.86521	3.07383	3.1261	5.33776	6.5742	5.63659	4.18891	3.98832	5.01579	6.9269	7.38062	5.83678	4.76904	4.25764	1.51933	3.13589	3.7625	3.52821	1.47415	4.37245	6.0469	4.62508	2.84026	5.28262	5.88807	4.66043	4.41269	3.40797	3.35162	3.78221	2.46805	0.645054	1.04637	1.46603	2.00286	2.66251	2.19258	1.48472	5.23327	2.27945	0.665234	0.599021	1.49542	2.16442	2.01861	4.3522	3.40205	2.81542	3.15552	2.63029	1.52695	2.91146	3.1638	1.49264	1.96743	1.83804	1.30393	2.36113	1.9144	1.70379	2.52606	1.89057	1.24068	3.65932	4.45275	3.36639	1.61619	1.53278	1.65963	2.12419	2.09069	1.60373	1.65959	1.20467	2.04534	2.61226	2.96681	2.7304	2.05608	2.74165	4.32471	3.43239	2.89206	0.99068	1.8976	1.56694	0.553583	0.647703	0.643143	1.86175	1.65314	1.04008	0.727763	1.21916	1.67472	1.7187	2.14847	2.34506	2.47288	2.20949	2.04488	1.11939	0.398888	0.903877	1.05177	0.708348	0.643139	1.64296	1.18272	2.57725	2.34551	2.60213	2.57411	1.0112	0.564106	2.16706	1.6662	1.23456	1.86907	2.00422	2.09311	2.71761	1.25765	2.39849	4.14934	1.55488	1.60266	2.79837	2.86898	2.31232	1.23456	1.54057	2.47292	3.28446	3.20291	2.02997	0.0442525	0.517958	1.32307	3.69367	3.55517	4.18435	3.23835	2.03303	1.54563	2.27791	3.231	1.44211	0.867683	1.89571	1.37123	1.97453	3.33461	4.11843	5.60936	6.50506	5.13278	3.52595	3.16162	2.84755	1.65178	0.650743	0.997795	1.1117	1.34513	1.81875	1.54344	1.65298	1.70764	0.884954	0.907882	1.13777	0.890781	0.945164	1.00631	0.643161	0.267357	1.59668	1.01339	1.04916	1.51537	0.930513	1.08498	1.17755	1.28866	1.31739	0.895179	0.601895	1.18248	0.811419	0.702818	0.619888	0.785674	0.917842	1.12826	1.11342	0.485244	1.39385	1.24068	0.884954	1.17563	0.895947	0.225641	0.676894	3.68619	4.71379	2.64306	1.48473	0.702782	0.287633	0.841004	0.881074	0.595734	0.619924	1.12396	1.15041	0.497203	1.49409	4.78812	8.12985	7.00691	6.20938	4.53954	3.61698	6.21067	6.00559	5.07414	4.5589	4.10849	3.7218
5.25927	6.75992	8.66668	10.2208	5.10134	0.55964	3.06771	3.71644	6.58439	3.69062	6.61084	3.87256	7.99083	14.6238	17.8556	13.3864	13.9484	21.135	17.73	10.8775	18.0599	18.7657	14.4693	9.03324	6.22058	6.09552	7.40739	6.01282	4.71859	5.3865	5.27121	5.52202	4.89991	4.61904	5.95567	5.57495	5.33821	4.8929	4.46564	4.50705	3.61627	1.83274	1.84063	3.73447	3.88763	2.41384	4.522	5.39846	5.25482	5.66541	4.06474	3.27056	3.79539	3.64361	3.48768	4.88174	5.97881	3.78255	2.29356	1.48699	1.7526	3.33375	4.16953	2.35492	3.25971	4.84031	4.64396	3.49439	2.89077	2.48954	2.57816	3.78628	2.57236	1.66498	2.74423	1.34539	0.907763	2.5322	2.02904	1.81393	2.56474	0.225597	1.8047	2.98818	1.10858	0.937448	1.38552	0.812179	1.30099	1.05157	3.0991	3.99622	1.25273	1.0318	0.576836	1.25273	0.989217	1.33079	2.03871	1.94805	1.90951	1.16795	0.79143	1.20746	1.85238	2.79393	3.38755	2.45241	3.08783	3.47203	4.18831	3.76578	2.84488	1.63184	1.3777	2.11209	1.16121	0.815775	0.353948	1.16795	1.85238	2.02576	1.76259	1.60766	1.92023	2.05212	2.17104	2.43838	1.24654	0.974308	0.815789	1.12787	1.68431	1.73008	1.20742	1.68425	2.49026	2.52335	2.19911	1.33371	1.11656	2.10235	1.04405	0.356705	1.11389	1.72278	2.47972	2.34404	1.80419	2.76012	4.22968	2.28276	1.06542	1.72731	1.99024	0.859023	0.353948	0.182419	1.12787	0.859023	0.159519	0.834758	2.23922	2.37721	0.946805	3.46596	3.06149	3.10195	2.30706	2.73418	2.40444	2.26219	3.91587	3.17529	2.96969	1.77917	2.87345	6.26162	7.54	7.40219	5.88388	3.49207	1.19523	1.10949	1.00883	0.834758	0.353948	0.336941	0.515941	0.620973	0.713395	1.3018	1.78301	1.77917	0.515969	0.752105	1.02611	1.07997	0.494645	0.576849	1.41617	0.238255	0.910939	0.269121	0.707868	0.176975	1.65142	1.58064	0.442444	0.395714	0.566564	0.322103	0.39819	0.417401	1.22356	1.66036	1.81399	1.3374	0.593589	0.375406	1.35042	1.06356	1.02136	0.488682	0.937448	0.757297	0.895782	1.33074	0.76118	1.15359	3.95216	4.28429	3.43218	2.96997	2.22568	1.10952	0.437971	1.04873	0.97425	0.444641	0.763733	1.28817	1.17789	1.07088	3.63754	7.93057	8.92959	5.58209	3.95236	5.11764	3.61602	2.94988	3.53728	2.58495	2.11392	2.49373
9.58962	8.90291	8.01314	11.365	11.1661	6.61195	4.36043	5.82495	7.4998	4.69934	6.85015	6.44769	5.16453	8.64028	12.4628	10.5444	9.59925	17.9893	17.2285	2.44143	15.7443	15.8589	11.2068	7.34153	5.48616	5.38916	6.35611	5.33864	3.56353	3.48363	3.20124	4.769	4.53369	4.30898	4.5952	4.79673	6.50821	5.97357	5.4062	5.52245	4.82872	3.57824	2.63644	2.05732	4.497	4.94899	3.31992	5.55776	6.9238	6.69113	5.68892	5.42342	4.85518	4.49591	4.03221	4.50651	6.57054	6.71353	5.14441	4.46673	5.64465	6.7959	6.4632	5.04475	1.90343	2.65856	4.17637	3.85669	3.28449	3.3703	3.9516	3.74248	1.81793	1.15759	1.64102	1.1685	1.27648	1.65229	0.517739	1.05133	1.45068	1.2857	2.5582	2.56997	0.25794	1.28945	0.269075	1.01827	1.19088	0.979117	2.22651	3.78959	1.7655	1.78862	1.4867	1.83929	1.5037	1.32538	1.50435	1.56362	0.933092	0.322041	0.0989111	0.923569	0.946623	2.07106	2.38072	0.407837	2.62634	2.25448	3.24507	3.10861	2.43274	2.05551	2.49495	3.63784	4.16244	3.73838	2.43514	1.02115	0.356624	0.657592	0.504357	1.09505	0.601663	1.90506	2.07868	2.6614	1.85992	2.23184	2.13706	1.81307	1.99522	1.22014	0.395638	0.619273	1.48662	1.96257	2.51626	1.91989	2.14072	2.10804	0.690968	0.296731	0.89561	1.07977	1.3852	0.238209	1.66472	2.76633	4.00999	2.78491	0.81198	0.690968	1.7298	1.76059	0.547154	0.356624	1.08795	1.88133	1.38879	0.296731	2.47912	0.895645	2.10054	1.72009	1.99808	1.1685	1.62183	2.31798	2.95446	1.32532	3.17485	1.11892	0.933061	1.59453	5.99517	5.93351	5.53202	4.37265	2.37468	1.00962	0.699377	0.720072	1.00864	0.720086	0.938285	0.713245	1.03639	1.51278	1.34516	1.19093	0.895653	0.575042	0.753237	0.238219	0.517739	0.637965	1.30082	0.970097	0.797393	0.504357	0.601635	0.395638	0.625554	0.625554	1.25249	1.38871	0.356624	0.345476	0.601628	0.0989159	0.478455	0.395638	0.419655	0.858858	0.938321	1.25878	1.31501	1.00086	1.18017	0.576725	0.380534	1.44866	0.139882	1.28258	0.515842	1.34508	0.221183	0.37795	3.13789	4.77382	5.32895	4.393	2.53369	1.45473	0.312799	1.24624	1.48269	0.494568	0.442333	0.858823	1.78039	1.02592	4.40808	8.12568	8.26769	3.01689	5.18264	4.83781	3.11142	1.32978	3.01199	2.2549	1.05509	2.21774
14.0059	8.5059	2.76133	3.67401	8.45715	6.31656	3.60351	6.14981	8.85738	6.6558	6.40392	5.98095	5.52894	8.05635	7.54869	7.04046	10.1255	16.129	16.6512	2.83141	15.082	15.0854	10.7506	7.80639	4.70065	3.38647	5.05278	3.69927	0.442274	1.21424	1.43482	3.04713	3.45041	3.40844	3.26157	3.89511	7.0929	7.45418	6.58233	6.2327	5.60436	4.75015	4.75302	3.33422	3.77552	7.54869	3.62609	5.00845	6.61473	6.19421	6.28552	6.55881	5.7849	5.07062	5.04156	5.07772	5.46142	6.17311	6.56997	7.35694	7.12339	5.53961	5.11113	6.6137	6.74249	3.27402	0.534369	2.15115	2.39222	2.84789	3.20099	2.65215	1.4831	1.10816	1.04085	2.1552	1.6191	1.50593	0.741351	1.50337	1.58319	1.90163	1.5092	1.54752	1.06133	1.41773	1.26625	1.50203	1.41566	1.55768	2.18804	2.93772	2.41212	1.90878	0.494473	0.884444	0.84492	1.45451	1.06501	0.353812	0.407734	0.159458	0.375285	0.197793	1.37149	2.47556	2.0379	1.11346	2.51149	0.796035	1.37359	1.82287	1.52658	1.73342	2.69413	3.29722	3.59304	4.00871	4.39751	4.07005	3.77983	3.24722	2.39592	0.732064	1.5014	1.76907	1.51247	2.44105	2.81241	3.29692	3.35573	2.48861	2.70419	2.43789	1.63835	0.791126	1.68367	2.10067	2.61164	1.1775	2.13528	2.5302	2.35317	2.56961	2.90616	2.89973	2.60797	1.40461	1.38853	2.56345	4.25831	2.49789	0.800928	1.92154	3.63176	4.4478	4.28846	3.58734	4.30927	3.50724	2.21025	1.60211	2.50373	1.89898	1.85948	3.25855	4.60015	4.1326	4.24587	3.50043	2.96582	3.26931	4.41482	2.59003	2.65209	0.938121	6.4473	7.0177	3.74551	1.39826	0.576646	0.455347	0.981874	0.872249	1.23344	1.00846	1.37152	1.42602	1.51118	1.65736	1.64553	1.50341	1.41018	1.42597	1.05483	0.197784	0.159458	0.614381	0.321969	0.407734	0.356556	0.455323	0.708974	0.901993	0.826184	0.978893	0.713083	1.57009	0.539828	0.221134	1.02095	0.753138	0.871084	0.279709	0.66485	0.815475	0.791126	0.364695	1.50212	1.90163	1.1775	0.826184	1.12573	1.77732	0.663395	1.48635	0.669251	1.76017	1.20782	1.38215	0.238173	1.64133	3.12696	4.06577	2.83125	1.43961	1.16078	2.0379	2.12239	1.30055	0.911673	0.937088	2.25272	1.72665	5.67024	7.97062	5.4308	2.78278	4.11368	3.38776	3.69564	0.85412	2.91771	1.85735	1.64549	1.44846
20.0576	14.838	7.97469	4.57056	6.83673	4.85399	4.15745	6.28451	8.64007	4.96387	5.95902	7.3555	8.53917	9.0773	5.57153	7.30519	10.5788	12.5251	14.7586	13.8124	15.6695	11.1147	8.73808	10.249	8.75358	7.41825	8.15927	6.35286	4.70961	4.21744	4.23575	4.68394	4.19789	3.66192	3.47379	2.28648	2.64792	4.23923	3.91543	4.99544	5.95303	5.45989	5.5863	6.22461	5.85078	7.85112	3.5245	4.19681	5.98387	4.81573	2.65573	2.60087	3.2044	3.97986	5.52294	6.99427	7.72264	8.01637	7.95044	7.23321	5.79902	3.73564	2.6957	3.84075	6.20339	5.34901	5.41071	5.76339	4.80411	4.09249	3.65869	2.22361	1.89862	1.83922	1.03929	1.37988	2.10719	2.12255	1.79902	1.32488	0.724168	0.71605	1.06298	1.43748	1.2695	1.58193	1.72414	2.0198	1.25689	0.514222	1.48884	1.99896	2.6632	1.92297	1.17184	0.841853	1.51814	1.54727	1.56994	0.468467	0.250128	0.417161	0.741209	0.862215	1.92477	1.89462	1.77401	2.30676	1.77698	0.910415	0.821582	2.20377	2.34856	2.03338	2.00728	2.28158	2.53588	2.69683	3.19273	3.48966	3.85328	4.05422	4.38521	3.74996	3.02648	2.18465	0.846491	0.771266	1.4716	1.31451	1.84653	2.14548	2.56241	2.26417	2.93433	2.53097	2.6296	2.94821	2.73878	1.54241	1.95102	1.82648	1.81252	1.44362	0.841857	1.79622	2.26274	2.25037	2.59873	2.67441	3.31856	0.762311	2.9055	3.17102	5.12045	5.36617	6.9012	6.39934	5.07471	4.57869	4.73758	4.50373	4.32265	4.83097	5.3041	5.85298	4.41697	2.78959	4.01879	4.75456	5.51152	6.15406	4.31321	1.83168	2.48024	1.08528	5.358	6.41422	4.3584	1.66136	0.39365	0.328684	1.31314	0.71432	0.79619	0.742864	0.821582	0.900203	1.59529	1.63703	1.71565	1.18488	0.370607	1.11869	1.42516	0.543786	0.332373	0.778818	0.711953	0.508981	0.429271	0.51754	0.59486	0.559317	0.345364	0.863317	0.501254	1.34275	0.910712	0.552723	1.0886	0.18232	0.812875	0.663267	0.55801	0.334567	0.356487	1.26617	0.971194	1.03054	1.03504	0.783518	0.858514	1.48691	1.31322	2.09575	1.73492	1.76609	1.28687	1.59698	1.69965	2.2675	2.99009	3.01929	2.93829	3.18545	3.12535	2.60611	1.76003	1.40117	1.31095	1.68505	1.47772	1.63518	4.56525	7.36314	6.12103	4.37449	1.39895	2.32476	2.56462	2.33208	1.0634	2.72021	1.15902	2.90502
20.1328	17.7685	14.3125	9.83596	5.81199	3.58837	5.32269	5.02786	7.0789	4.99003	4.21128	6.93411	8.28409	6.8924	3.60988	5.09359	7.76709	10.6679	11.9553	12.3462	12.0696	6.7313	6.94365	12.4954	10.5839	6.95068	7.70661	5.84822	4.79338	3.9186	4.65291	6.69875	7.2314	7.00724	6.91874	6.79002	4.89976	3.83321	1.07556	2.06547	4.46964	4.00718	3.09965	3.6941	4.02917	5.20033	2.24288	2.43045	4.72614	4.63853	3.76674	2.58104	0.620493	1.06463	3.01164	3.97874	5.27424	5.44093	4.4116	3.14253	3.32476	4.31851	3.65904	2.80166	3.59039	2.76538	6.80026	8.60917	7.99239	6.48341	5.69579	3.93875	1.23134	2.09166	1.25185	0.902203	1.14673	1.62546	2.09456	2.25534	2.28853	1.25373	1.54761	2.01088	1.93851	2.13766	2.49018	2.74909	1.28306	2.1704	1.73022	0.597224	0.976536	1.19678	1.6917	2.26355	1.79881	2.18272	1.9726	0.52401	0.139807	0.657192	0.632975	0.54593	1.66692	1.30864	2.18281	3.26882	3.03105	1.98085	1.15823	1.35701	1.57762	1.34548	1.34256	1.54385	1.56397	1.9024	1.88178	1.77586	1.75262	1.7778	2.53193	3.94524	4.57719	3.86718	2.83304	1.53272	0.772066	0.830593	0.478207	0.587317	0.812719	0.643674	1.03906	1.65289	1.74929	2.4221	2.50949	1.90629	2.40895	1.79011	1.81817	0.0937864	0.643692	0.860031	0.737748	1.22582	2.76163	2.6605	1.6146	1.17329	3.79057	4.15435	5.1588	3.55049	3.13198	3.09128	1.54415	1.76152	3.83842	4.71651	5.87165	6.3854	5.39774	3.83999	2.05506	1.87765	3.44668	4.34593	4.33714	3.48601	2.18213	2.25523	2.37957	1.57943	6.28478	4.74447	3.29358	2.90492	0.713506	0.969034	0.745649	0.719645	0.190159	0.376441	0.62284	0.674793	2.06823	1.45564	1.7459	2.515	1.34979	0.622867	1.23016	1.2769	0.61415	0.477178	0.252039	0.13263	0.15631	0.885241	0.309468	0.796973	1.01673	0.464722	1.2025	0.637598	0.520272	0.68557	0.940336	0.309468	0.296575	0.911357	1.12573	1.21742	0.787111	1.08502	1.06915	0.209703	0.825869	0.461551	0.75153	1.75255	1.03906	1.43401	1.81932	1.65406	0.994874	0.77206	1.40373	1.84061	1.32457	1.56546	1.71318	2.09945	2.53903	1.56303	0.756077	1.16029	1.08507	1.08371	1.00462	1.82886	2.47463	5.91365	6.41368	4.48249	3.3136	1.66461	0.884156	2.38964	1.14931	1.96963	3.03201	2.71623
15.7127	20.4515	21.2047	15.2057	6.18183	0.872014	1.7393	2.22001	6.02887	5.44958	3.52998	3.23457	4.52619	1.27513	5.20522	7.72828	11.1357	12.2337	10.5658	11.8052	9.04128	4.51447	4.78643	12.222	11.1608	7.29015	5.45523	1.09712	1.82025	3.1739	5.82909	6.17909	4.65044	4.03592	4.32304	6.95379	8.30906	8.21892	7.40641	5.98965	4.56062	4.06036	3.29688	2.64218	2.84214	5.08904	6.07158	4.67101	3.20884	5.21107	6.38532	3.88708	3.23905	2.64779	3.73	2.56852	1.98433	2.59606	2.99491	1.75924	1.27517	3.40788	4.70062	3.76268	3.3904	4.45316	6.3936	4.17031	4.09691	3.02164	4.69392	4.47917	0.738623	2.69873	2.1824	1.88881	1.58011	1.37638	0.0988359	0.637835	2.23198	2.02589	1.71593	1.08819	0.61642	0.267049	1.36588	1.80598	1.32617	3.09247	1.38385	2.13459	1.91816	2.15372	2.14284	1.94343	1.46902	2.75838	2.00585	1.82633	1.68401	0.702355	0.239062	0.525307	1.25077	0.75171	1.54302	1.60319	0.78696	1.30451	1.28032	1.20566	0.619179	0.266135	0.356353	0.860712	0.221002	1.2657	0.751696	1.09021	0.980831	0.566054	0.78198	1.77661	3.20251	3.48606	4.1658	4.667	4.75243	4.59539	4.24911	3.88169	3.46232	3.26724	2.57891	1.61535	0.714051	1.49369	0.912765	0.632853	1.76084	1.55632	2.94089	1.79086	2.15813	2.53616	2.28071	2.18351	3.22584	3.32069	3.4042	4.26246	5.04529	4.45624	3.28139	0.841505	0.729289	1.64227	1.64038	1.41575	2.26192	3.26307	3.43473	2.70335	1.31494	1.45834	1.04028	0.598339	1.0776	1.32876	1.13759	0.944077	2.01891	3.05662	2.36009	2.61733	6.6578	3.64406	2.42208	3.01817	1.09177	0.110504	0.294863	0.397809	0.251981	0.316439	0.773149	0.815265	2.15634	0.844416	0.939633	3.13519	1.869	0.806546	0.708574	1.34406	0.778513	0.625487	0.336633	0.0663025	0.411082	0.852736	0.810767	0.832171	0.860715	0.928394	0.489204	1.13587	1.67297	1.43288	0.771912	0.209663	0.247091	0.719495	0.332246	0.817663	0.349449	0.762023	0.850156	0.879794	0.835421	1.63981	1.49539	1.71167	0.798633	0.508799	0.385962	0.997147	0.956421	1.32602	2.45215	2.47825	1.45721	0.994685	0.866657	0.723904	0.929188	0.633218	0.367835	1.13131	0.652989	0.548971	1.09177	1.56234	0.156277	2.40276	3.93565	5.22861	4.32119	1.22579	1.66052	2.70085	1.40756	1.79716	3.32666	3.07755
9.72519	18.6794	25.6447	19.4528	8.04957	4.0806	5.41929	5.71547	7.13256	5.7528	6.18527	5.08358	1.11785	6.21658	9.48123	9.43542	10.8849	12.7637	10.9064	11.1675	8.62374	6.85503	2.82117	11.2758	11.0337	8.19357	6.09474	2.83525	1.46345	4.22607	6.66573	5.27143	3.20268	3.20077	3.44538	5.52923	7.30723	7.93487	8.19005	8.38895	7.59665	6.60023	5.39179	4.68748	5.14913	6.71912	7.86877	6.72173	3.38409	5.30622	8.62837	3.95171	3.43395	2.9165	4.26641	3.91256	2.82352	2.98435	2.63569	1.91474	2.57297	1.66314	2.53627	4.41849	3.41724	4.8526	5.20068	2.62171	4.91421	4.81449	4.84086	3.75096	1.03864	1.68238	2.35223	2.42925	2.25101	2.47894	1.14588	0.879946	1.06279	2.12876	2.2574	0.814842	1.18569	1.18976	1.76547	1.80564	1.5511	2.58738	2.2629	2.97804	2.87331	3.10523	2.76224	2.07435	2.15334	2.35582	1.53851	1.96825	2.08443	1.593	0.570214	0.250002	0.726791	0.84078	1.17613	1.47135	0.407424	0.820209	1.38744	2.23527	0.500939	0.444127	0.468746	0.803347	0.454978	1.3347	0.11267	0.964583	1.02159	0.345168	0.686044	1.13566	2.34759	2.29558	2.98249	4.19968	4.89685	5.15832	5.15981	5.20026	4.92628	4.49354	4.24098	3.67996	1.52576	1.45807	1.5615	1.79597	2.59126	4.30126	5.03033	4.21535	3.9353	3.46106	3.1568	3.01413	3.62357	4.58496	4.616	5.07497	4.61037	2.99106	1.95799	0.620263	0.877119	0.444127	1.4524	1.56213	1.98549	2.67029	2.21327	1.34386	0.499994	0.912593	1.17448	1.14587	0.908315	0.532141	0.251936	0.731474	1.61395	2.99145	2.49835	3.05775	6.08529	4.20267	2.98483	2.89296	1.1266	0.268813	0.500939	0.620263	0.468728	0.377591	0.376287	0.485098	1.53371	1.49345	0.50097	2.29549	2.657	0.570214	0.625764	0.485098	0.899693	0.735505	0.425035	0.200092	0.406228	0.939976	0.268813	0.901309	0.895336	0.589585	0.90667	1.07514	1.48528	1.21336	0.563333	0.377591	0.468728	1.06965	0.376287	0.821965	0.0883868	0.833758	0.592881	1.0018	1.0774	1.47673	1.8754	1.22018	0.168287	0.447424	0.965092	1.2825	0.724809	1.78939	2.4796	1.91806	1.41566	0.750618	0.523809	0.365769	0.817823	0.546618	0.668732	1.49994	1.10737	0.925373	0.0441934	1.392	1.38742	2.19302	5.47063	5.76319	1.8745	2.32384	1.50292	3.56444	1.76547	2.23527	3.30925	2.77911
6.69734	18.2233	26.4528	20.3135	9.64947	5.48013	5.05786	6.77683	8.41989	6.5597	8.93695	10.3438	8.1158	9.72029	9.34548	5.09796	6.05249	9.0812	6.99946	3.57314	7.70892	8.47867	2.08114	10.6976	10.1867	6.99353	5.65994	5.19171	5.47241	7.72559	6.33525	2.57199	0.686277	3.04597	2.08152	2.80134	1.01708	1.42752	1.96657	3.2876	3.58394	4.01201	4.42901	4.14765	3.42142	3.29849	4.18442	6.03812	6.10136	5.70409	8.5517	3.40661	2.63247	2.36381	3.23388	3.82247	4.18537	3.67757	2.69911	2.41396	1.87426	1.75606	0.980493	2.7812	0.755647	2.52737	2.80924	0.928857	4.76962	6.19491	5.10153	3.09928	1.23873	0.168247	0.251895	0.0698612	1.18746	2.61819	2.25153	1.59228	0.949889	1.78777	2.42987	1.31352	0.735364	1.68776	2.4904	2.01874	1.7296	2.05561	2.43244	2.60664	1.81587	1.62739	1.10471	1.25653	2.83586	2.37328	0.290581	0.282911	0.860382	1.8469	0.938498	0.407363	0.463932	0.644078	0.697534	1.09736	0.772853	0.928038	0.508579	2.63901	0.853566	0.553604	0.208413	0.676209	0.594408	1.45657	0.385831	0.60781	0.924878	0.159315	0.576066	0.134382	1.54195	0.980457	0.957071	0.866086	0.659072	1.12855	1.98928	2.47307	2.6239	2.92087	4.00248	5.00503	2.54241	1.76275	3.12088	3.41753	3.05021	4.34084	4.09972	3.85994	3.4397	2.08497	1.67293	2.69663	2.82881	2.21813	1.86839	3.06463	2.34092	0.980998	1.3753	0.810486	1.54324	0.742627	0.46813	0.469668	1.83817	1.85512	1.86839	1.15925	0.755613	0.915369	1.19546	1.67224	1.11525	1.21995	1.03732	0.581137	1.17652	2.37605	1.76792	2.92472	4.93407	4.54228	3.40273	2.08384	1.00603	1.0233	0.722271	0.664218	1.06238	0.523735	0.29723	0.548765	1.08442	1.45858	0.740945	1.50744	2.7111	2.3456	1.12572	0.172542	0.403147	0.332118	0.230647	0.378154	0.367697	1.05317	0.950145	0.349315	0.693351	0.477936	0.662725	1.24717	1.07493	0.450585	0.751409	0.662024	0.258589	1.07493	0.889421	0.603376	0.128816	1.00015	0.563218	0.852693	1.54999	0.312429	0.12497	0.46813	1.17825	0.972247	0.386444	1.82982	1.13151	1.86936	1.63048	0.970439	0.876118	0.134382	0.428945	0.354166	0.238958	0.336491	0.876951	1.32986	0.156212	0.810151	1.10537	1.07152	1.5318	2.3252	5.48269	4.51968	2.77042	1.88669	1.9685	4.13014	1.85718	2.47629	3.14168	3.01279
16.7585	22.4081	23.2924	18.3549	10.6733	6.9458	5.97995	7.16437	9.77224	8.86651	11.3592	14.6489	13.7252	10.2553	7.94475	4.9701	5.9046	6.77915	6.06095	5.07907	6.65799	7.83637	2.91613	10.2224	8.7773	4.78207	5.24299	6.41903	6.47771	8.22107	8.69084	7.15366	4.15676	1.32583	2.4102	1.21844	2.15321	1.5094	0.531956	2.45503	3.46337	3.15575	3.21916	3.69026	3.30994	3.25396	3.80624	5.28496	6.57997	6.53436	6.69256	4.41632	3.02778	3.80283	3.50237	4.97641	5.55748	4.05852	2.85318	2.47435	1.64365	1.94503	1.6537	2.011	1.14675	2.35044	3.28868	2.9968	3.17893	5.8212	6.16378	3.26006	0.637078	0.139695	0.312381	0.894408	1.33677	1.32355	0.887859	1.51202	1.64361	1.95553	2.67687	2.42471	1.90351	2.05837	3.16417	2.37631	1.41405	1.78626	2.07726	1.72744	1.14591	1.78839	1.64296	1.63409	3.52986	2.57111	0.503668	0.931816	1.28395	2.19218	0.795125	1.10783	1.72468	2.40415	1.87882	0.668486	1.09092	0.336427	1.18934	1.75816	0.762551	0.225258	0.796354	1.15944	0.760018	1.44874	0.752258	0.814543	0.39511	0.615296	0.356167	0.762567	1.33677	0.675731	0.643182	0.620025	0.656722	0.953564	1.09275	1.10781	0.257596	0.0624768	2.43578	4.11919	2.5353	3.04888	4.60863	4.57644	3.49464	3.49008	2.31118	1.74881	2.21704	3.04313	3.57402	5.51831	6.2833	4.8113	2.88939	2.20814	1.32502	0.503661	1.06193	0.712306	1.06924	0.139701	0.39511	0.698477	2.92275	2.65016	1.92392	1.99935	1.90498	1.19341	1.11833	1.70584	1.5652	0.977811	1.13564	0.972821	1.01978	1.84892	1.00726	2.8042	3.46317	4.54818	3.98817	1.93695	0.750957	1.60029	0.840457	0.796374	0.928678	0.419095	0.282874	0.493901	1.01977	2.03552	1.40364	1.27482	2.25572	2.38456	2.10519	0.86785	0.321601	0.182146	0.257596	0.517048	0.132529	0.220881	1.15602	1.00822	0.477844	0.237891	0.377431	0.871206	1.10424	0.312374	0.771479	0.833484	1.09359	1.28398	1.81923	0.503668	0.656722	1.15604	0.796349	0.719095	1.43794	0.268716	0.220881	1.16694	0.843955	1.28394	0.618446	1.66242	2.62835	1.78022	0.857677	0.853109	1.21525	0.454827	0.706788	0.441769	0.176705	0.407268	0.945304	0.838114	1.07839	1.89941	0.871252	1.57264	0.537419	4.18462	4.7464	1.1287	2.09785	1.88286	2.98691	3.34478	1.78674	1.73192	2.83049	3.26581
19.9207	20.6439	18.8924	16.6847	10.3704	6.37803	4.97846	5.36635	8.73791	8.93161	8.95897	10.4721	11.6795	9.68489	7.68008	4.8478	5.6358	6.50107	9.96211	9.5001	6.93625	5.13033	3.75271	9.88403	7.30108	2.09361	0.871085	0.927447	4.95396	5.57256	4.06084	5.11775	6.27116	4.45193	0.435006	1.6663	1.42679	2.11029	2.07686	3.1117	3.2318	2.1954	0.953381	1.62485	2.84136	3.30223	3.02814	3.02682	3.30663	4.14298	4.41158	3.98818	1.65515	3.53145	3.60336	4.10096	3.71473	3.42636	3.15515	2.19942	1.75847	2.28961	2.03525	2.38943	3.05624	3.22816	3.00105	3.19766	4.0128	5.87809	6.04254	2.58643	0.59254	0.493789	0.475683	0.883264	1.1465	1.16588	0.19752	0.643058	1.16923	1.19236	1.38314	1.72432	2.29931	2.61415	4.02442	2.55122	0.840296	0.852945	1.12594	2.3112	2.86046	2.71926	2.93384	3.01652	3.15256	1.39641	0.945123	2.07541	1.89652	3.34271	0.69831	0.475683	0.740336	0.441658	1.10404	1.1041	2.16366	1.48966	1.82043	1.37535	0.894286	0.443877	0.843742	0.691322	1.31079	1.23651	0.849504	0.395035	0.643079	0.615178	0.894236	1.73105	2.09881	2.43105	2.76399	2.72965	2.46761	3.16375	4.24372	3.80526	2.78361	2.37599	3.61938	3.35811	1.13539	2.54625	3.20902	2.29089	2.56156	1.46187	1.44847	0.450412	1.85651	3.18792	4.57807	5.60397	5.03275	5.51259	3.83186	2.06423	1.2373	1.04232	0.6246	0.871085	1.08268	0.781387	0.364208	1.67849	3.48827	2.07546	0.980585	2.34286	2.46589	1.03475	0.575845	1.62475	1.44172	0.477725	0.796221	1.66922	1.87846	1.46324	0.530001	2.77894	2.7649	3.88472	3.46504	2.3396	1.37538	1.53599	0.698335	0.759872	0.643079	0.530001	0.356098	0.485836	1.00802	2.21692	1.75838	0.139674	1.38237	1.73944	2.16496	1.56805	1.32336	0.86771	0.19752	0.454716	0.740336	1.00808	0.931648	1.12415	0.0624648	0.531835	0.312314	0.718943	1.37954	0.718957	0.493789	0.356086	1.36034	0.980585	1.18823	1.27375	1.00707	0.879987	0.159245	0.759828	1.06172	0.282819	0.296292	1.88973	0.613594	1.3233	0.771331	2.1918	2.54702	0.796196	1.21266	0.718987	0.810741	0.499706	0.718957	0.499706	0.814387	1.34092	0.713534	0.771325	0.93689	0.618328	1.73952	1.41584	2.83028	7.08022	6.16555	4.84399	2.2415	2.75255	2.42933	2.65405	3.06123	0.794973	2.65739	3.46929
19.4652	18.7465	16.8885	14.7016	8.37988	5.11573	4.27756	3.86821	6.33927	7.76861	6.789	6.85895	8.83977	9.28757	6.90317	3.51569	9.94158	12.5817	13.1032	11.7915	8.22792	3.34921	5.83565	10.8819	7.49711	4.00431	4.2493	5.32514	7.59679	6.98993	5.088	4.36958	3.43259	4.08465	4.05803	1.3708	2.09334	2.55837	1.89555	2.3395	0.992283	2.4321	1.44623	1.28725	2.32917	3.06456	2.56758	2.82427	2.15608	3.0001	2.74466	2.92128	0.996197	1.98834	1.62334	1.22681	1.40871	2.69002	3.05822	2.05577	1.18478	1.52238	2.06383	2.48438	2.73581	2.48554	2.52633	3.20339	3.79378	5.58559	4.87372	1.41558	0.928297	0.418919	1.15135	0.279292	0.580802	1.50108	1.26436	0.935658	1.18888	1.45695	0.824898	0.968372	1.75248	2.21781	3.66968	2.69753	2.37922	1.98398	1.92471	2.55087	3.73067	4.03877	3.48964	3.04414	1.08247	0.618209	0.762258	2.59156	1.1556	3.63783	0.685497	0.318444	1.31128	1.98298	1.07797	1.13092	2.40924	1.87082	2.42766	0.829604	0.220803	0.220796	0.674016	0.928297	0.088319	0.493694	0.469397	0.691155	0.685497	0.296221	1.06883	1.7177	1.99854	1.03926	0.553314	0.309114	0.407129	1.32525	1.74134	1.4218	2.46197	2.62488	2.64916	0.992235	0.879788	2.43046	3.73048	0.318444	2.11909	0.309114	1.68564	1.13173	2.01359	1.5172	2.6656	3.29205	1.71431	4.15974	2.82941	2.14974	2.19677	2.755	3.26427	1.08244	0.279282	0.450336	1.16149	1.74134	2.53235	0.98735	2.25098	2.9721	2.26946	0.600602	0.558571	2.13511	1.62324	0.356011	1.11436	1.06063	0.948082	0.309114	1.88578	2.73505	3.12687	3.21143	2.25264	1.82755	0.619787	1.43738	0.279292	0.503468	0.407118	0.279292	0.503498	0.407129	0.987315	1.87801	1.90634	1.31275	1.06794	1.188	1.55086	1.64831	1.24337	1.32749	1.02416	0.443791	1.04952	0.833118	0.132478	0.751944	0.377286	0.225172	0.514984	0.619781	1.40794	0.662344	0.821334	0.336298	0.592455	1.65894	1.25509	0.814182	1.52487	0.662344	0.531733	0.575753	1.44619	0.416604	0.454652	2.54308	0.197482	1.52996	0.344882	2.24095	1.54012	0.418919	0.689781	0.980413	0.407136	0.312254	0.840129	0.49961	0.728269	0.796048	0.814182	0.662344	1.14884	1.74644	1.3857	0.786165	4.90723	6.62781	3.16914	3.10608	3.92405	0.943927	2.41922	1.70346	2.65677	2.57084	1.17321	4.08269
17.2127	15.7026	13.4999	10.4295	5.4183	4.23414	4.5862	3.12456	2.1407	2.70879	2.64428	4.00385	4.67145	2.78822	1.33616	3.08758	12.9958	12.6647	9.53612	8.33066	1.57689	4.99417	8.5125	11.3978	6.94435	3.86165	5.7445	7.48098	7.9862	6.73229	5.98236	5.77441	3.99752	1.42443	4.16689	3.82118	1.75239	2.83585	2.27614	3.20131	2.55397	3.37112	3.20315	2.57776	3.19885	1.80654	1.01636	2.03022	2.20056	2.29473	1.81976	2.78625	0.809569	1.11896	0.879103	0.977754	1.02134	0.359348	1.89853	1.45229	0.316066	1.52285	2.54255	2.05647	1.66149	1.41045	1.2146	2.01578	2.62402	4.40636	3.14683	0.878824	1.06043	0.672473	1.47677	1.13627	0.446977	0.594389	1.61293	1.30223	0.594389	1.45094	1.37654	1.07884	1.57622	1.90772	2.75734	1.84239	1.76139	2.3319	2.61892	2.56946	3.17236	2.949	2.7358	2.81184	1.80396	1.45144	1.65452	0.882977	4.16749	3.83475	1.40168	0.600507	0.455079	1.40178	0.365419	0.924169	1.32433	2.17556	1.65888	0.265815	0.565408	0.321426	0.493599	0.558464	1.52737	1.72493	1.10366	0.927091	0.531631	0.62746	0.636711	1.4459	2.63127	1.01922	2.36573	3.44889	3.3553	3.33232	3.58472	3.08767	2.13664	1.63374	1.76553	3.06146	3.32144	1.11354	3.21571	1.57737	1.0163	0.796223	1.87779	1.5354	1.15872	1.62295	2.65627	2.41121	1.25671	3.26956	2.30228	1.31411	1.29319	1.3436	2.8944	2.1808	0.760218	1.13112	0.662605	1.38974	1.99059	0.879106	2.43462	2.26408	1.77454	1.35289	1.60932	2.41457	1.65178	0.359363	1.42708	0.496063	1.30357	2.14933	2.38319	1.8757	2.84949	2.35078	1.96094	2.59013	0.586529	1.80927	0.446999	1.20449	0.949416	0.703941	0.503401	0.416524	0.883228	1.66706	1.7006	1.49595	1.60886	1.39767	0.907457	0.844863	0.78104	0.962384	0.791268	0.575643	1.07771	1.02036	0.217413	0.465661	0.720699	0.85293	0.989397	0.783887	0.909026	0.56581	0.438165	0.537568	0.465676	0.287826	0.54522	0.649251	0.811628	1.71679	0.833004	1.0346	1.35515	0.809836	1.1732	2.00739	0.486153	1.51768	0.428609	2.41534	1.37654	0.606144	0.496083	0.573932	0.397958	0.628244	0.424613	0.0312185	0.984413	0.557159	1.25361	0.524707	1.3791	4.00605	5.21685	4.32147	3.83134	4.97682	3.77177	1.39382	2.7836	3.50635	4.48784	4.20752	3.05803	2.40487	0.189906	3.38675
9.92492	8.53801	7.37093	5.52048	2.95862	3.44912	4.17623	1.99003	4.41624	6.39246	7.89068	10.7738	11.2638	9.53813	5.02648	1.61935	12.4856	11.283	10.7412	12.2339	4.9698	7.77027	9.94253	9.59484	5.77164	3.45806	5.26106	5.81526	5.33805	4.54487	4.42361	2.57226	2.26564	2.32561	4.18504	3.83397	1.95474	2.14095	2.40833	4.06602	3.11242	2.85927	2.40447	2.65131	2.8203	1.21394	0.321356	0.979554	1.49338	0.44691	2.03014	3.27365	1.10829	1.03042	1.52179	1.5083	0.704193	1.49823	2.20649	0.727991	0.331803	3.14071	2.04027	1.51505	0.936319	1.00842	0.55834	1.56306	3.07827	3.85413	1.97034	0.658407	0.754255	0.936333	1.50605	2.47085	1.56406	2.18412	1.90437	2.18674	1.30217	1.85545	1.58442	1.07797	0.907247	1.58195	2.36755	1.28296	1.54149	2.41841	2.46678	2.51979	2.82029	1.74077	1.45208	2.16914	2.1511	4.23277	1.87322	3.98515	3.8357	2.13281	1.74992	0.99191	0.754933	1.65882	0.651718	1.60855	2.14029	0.91795	0.399721	0.0697947	0.308996	0.713099	0.537	1.04633	1.10829	1.56806	0.986956	0.972048	0.723975	1.06752	0.93527	1.59483	2.46805	0.336184	2.9303	2.41518	1.67957	1.99023	1.43857	2.27938	2.84485	2.92892	3.43117	2.93226	3.47178	1.16149	1.43854	1.30701	0.434739	0.348983	1.40983	1.23656	0.713099	1.49917	2.41831	2.24207	1.1925	2.58063	2.71349	1.70824	1.40985	1.74855	2.38334	1.56057	0.805484	0.0624289	0.824021	1.84832	1.96786	0.561813	1.66526	1.96986	2.05302	1.17479	1.47205	2.2131	1.20469	0.840403	1.38618	1.32586	2.40753	2.03263	0.98004	0.767696	2.62304	2.48398	2.31043	3.21927	1.45169	1.21193	1.1061	0.697907	0.893735	1.10825	0.139594	0.537009	0.800032	1.46703	1.35958	1.06849	1.34233	1.58201	1.62392	1.06163	1.30701	1.47993	0.658441	0.493509	1.52173	1.05607	0.2185	0.287772	1.50953	1.48256	0.957432	0.424553	0.434739	0.251648	0.182002	0.386095	0.446892	0.813907	0.739916	0.313698	0.0624289	1.91425	0.843281	1.06158	1.0304	1.95398	1.29471	0.952835	0.615598	1.27343	0.949263	1.82687	1.35025	0.847915	0.433631	0.60037	0.446892	0.469221	0.44143	0.573837	1.86925	0.985507	1.55964	2.05185	4.42333	5.73848	6.12862	4.92061	0.999246	3.3465	3.86426	3.7838	1.31701	2.49869	3.17533	3.28035	2.84571	2.31619	0.995795	1.65856
5.00257	4.59274	4.53795	3.71345	3.67384	4.65738	3.13422	4.33011	8.02219	8.91097	11.2808	12.4381	8.98154	8.992	8.38183	5.36847	8.53857	8.58163	8.64597	11.5575	9.92609	9.23958	9.50826	8.2526	5.073	3.65022	4.95709	3.7864	2.03181	2.59149	4.51954	5.5628	5.46751	4.12234	4.09137	3.28796	2.57487	1.82572	2.1995	3.24579	1.09389	1.78954	1.95976	3.18541	2.18409	2.4835	0.912202	0.67113	1.09816	1.5159	2.59424	3.31364	1.24222	0.533251	1.31046	0.893594	1.17933	2.15249	0.904678	1.77652	2.17517	3.13044	0.731176	1.16082	1.2071	1.62	2.00914	1.10344	3.24989	3.37115	1.92228	1.49305	0.969331	0.749572	0.764682	1.64733	1.4696	1.14498	1.62787	2.94938	1.68007	0.901428	0.772284	0.942608	0.718767	1.53246	2.40701	1.76154	1.3954	1.13879	0.687227	1.25916	1.57488	0.8388	1.25784	1.57195	2.99224	5.01764	1.07753	5.01189	3.65768	1.85015	1.89823	1.16942	0.66713	1.13473	1.52483	1.14439	1.59772	0.851435	0.533251	0.596201	0.723836	0.755418	0.0795623	1.31083	0.642587	1.35358	0.421582	1.28044	0.721474	1.38221	1.24263	1.72129	2.65536	2.98192	4.00366	2.21454	2.4273	2.49702	0.459167	0.772284	0.957967	0.992898	1.31083	0.681538	3.00228	1.35233	0.321295	1.20382	0.740098	0.394751	1.165	1.13905	1.45679	2.10511	1.99667	1.70306	0.917759	2.32871	2.5566	1.6538	0.641427	1.24443	1.8863	1.1518	0.954706	1.04641	0.805329	1.91135	2.47644	0.808058	1.13215	1.81718	2.14944	1.46491	1.24905	1.0901	0.397821	0.77262	1.33298	3.45022	2.6265	1.30641	0.731176	0.980116	2.21834	2.3799	2.42227	2.80031	2.0861	0.617856	1.38485	0.805329	1.01236	0.57244	0.394751	0.765966	0.258292	1.10319	1.06277	0.962072	0.765038	0.947764	0.692553	1.00075	1.15599	1.1507	0.533272	0.721474	1.26377	0.950578	0.0882685	0.397824	1.57624	1.34999	0.858302	0.203454	0.365264	0.110338	0.435214	0.567319	1.00485	1.04361	1.33276	0.414605	0.348903	1.21848	1.37319	1.02669	2.15225	2.58021	1.00634	0.515154	0.865335	1.02218	1.31978	0.777326	0.596201	0.835284	0.446268	1.08139	0.867047	0.74177	0.712302	0.687241	1.7748	2.2094	3.13486	3.91198	5.50087	3.9416	2.55759	4.12644	3.20396	2.51295	2.96615	2.78363	2.61104	1.65987	2.3387	3.69918	3.64474	4.27868	4.41586	3.9402
5.20253	4.61766	4.51537	3.22966	3.62405	4.08766	1.95504	7.34578	9.96803	9.86488	10.9177	8.02578	4.03766	5.67506	5.8627	6.77476	3.6133	6.1825	6.71798	8.70278	11.7584	11.5364	9.55544	8.99647	6.11404	3.97753	3.34192	2.75862	3.31872	4.44532	6.4392	7.83136	6.76018	5.79316	6.1229	4.98207	3.42756	2.51597	3.05841	3.50613	3.22026	1.05731	1.72691	3.1012	1.91893	2.78333	1.71817	1.3032	1.659	2.43552	2.98723	2.42314	1.22306	1.36924	1.712	1.17913	2.36554	2.18717	2.14597	2.25943	1.87666	1.3853	0.426105	0.13954	0.91413	1.12487	1.86222	1.51191	1.93397	2.73743	2.75714	2.67716	1.21805	0.465397	0.844384	0.530406	1.20423	1.10149	2.09164	3.02584	1.60831	0.419769	0.972952	1.54232	1.41247	1.74369	2.0717	1.64369	1.48301	0.217289	1.53895	1.61916	1.09524	0.930749	1.59363	0.768384	3.39748	3.83199	1.18244	2.60131	3.94401	2.66947	1.91828	1.25295	1.17249	0.062405	1.17251	1.45738	0.869129	0.484358	0.936463	0.899911	0.957829	1.01697	0.83047	1.14796	1.08188	0.706331	1.16416	1.46219	1.23314	0.951667	0.7825	1.51447	1.8924	2.42243	2.45106	1.10299	2.75954	2.63687	0.844714	1.04621	1.14413	0.821024	0.276439	0.899929	1.30519	1.98057	0.923955	1.48198	0.198566	0.613405	1.26354	0.582469	1.41739	2.65513	1.73247	1.80387	1.99322	2.91486	2.36062	1.30222	0.703923	1.35712	1.51944	1.31046	1.45738	1.21331	0.380863	0.907708	2.04158	1.4587	1.74257	2.45767	1.97774	1.30651	1.02359	0.856714	1.13863	1.2115	2.11723	3.6923	2.10261	2.52645	1.70916	0.15444	1.73682	2.5659	3.10845	2.50577	2.48641	1.54792	2.183	1.2834	0.369842	0.355752	0.672087	0.991001	0.221727	0.597312	1.07443	0.874159	0.703579	0.971675	0.835142	1.11357	1.29871	1.05913	0.614589	0.644363	0.307293	0.969161	1.01692	0.662241	0.507901	1.02743	0.948899	0.687109	0.454821	0.11881	0.579097	0.676754	0.783436	1.53364	1.52903	1.14481	1.07556	0.926823	1.81937	2.07744	2.57805	1.92398	0.974673	0.454835	1.42562	1.70922	1.89586	1.39601	0.935992	1.26221	1.58812	1.45803	0.900213	0.423818	0.507901	0.641331	2.43951	4.84204	4.08818	3.35698	5.04963	1.99034	0.705978	2.87234	3.77251	3.27264	4.38393	2.67855	0.643216	1.91466	3.30224	4.52544	5.01764	4.41633	5.71689	4.44331
4.01982	2.92039	3.52291	2.7746	3.14228	1.50303	4.1772	9.01961	9.71988	7.52165	8.50827	7.46811	9.53609	7.90561	3.69907	2.0639	3.20288	3.89434	3.17451	4.36182	8.3759	10.0056	9.26152	8.59447	6.55748	5.04236	2.26654	0.84427	1.70721	1.30296	2.08452	1.32791	2.36878	3.51751	5.45393	5.18037	2.66565	1.67949	3.58797	4.40848	4.25793	3.52119	1.97032	1.36398	0.689126	1.2666	2.29908	1.82766	1.75783	2.19889	2.27636	1.01198	1.07536	2.55577	2.59346	1.71557	2.55594	1.992	2.24166	1.4213	0.774543	0.361776	1.11815	1.39085	1.31316	1.44218	0.982726	0.533502	0.802887	1.27096	2.37897	3.42226	1.66386	0.177838	0.671933	0.300024	0.675218	1.54315	2.80001	3.88166	2.43467	0.641217	0.770451	1.12401	0.911041	1.84013	1.2329	1.1268	1.80822	1.60501	2.22851	2.16889	1.32788	1.74558	1.78741	1.35881	3.70701	2.1837	1.28395	0.558041	2.14783	1.47219	0.967512	0.985632	1.0338	0.363793	0.649122	0.783293	1.19367	1.56226	2.23075	1.70957	0.816417	0.325682	0.573935	0.86051	0.526184	0.449909	1.6643	0.761535	1.82316	0.614451	0.300021	0.816394	0.488289	0.983705	1.43913	2.10766	3.68407	2.07449	1.53185	1.6333	2.24715	2.03256	1.77325	1.30626	0.221688	1.52349	2.76094	2.96954	2.39605	1.10632	1.23447	0.572651	1.47165	2.31746	1.02057	1.57512	2.13319	2.82818	1.74434	1.13262	1.31094	1.4664	1.24002	0.692647	0.712033	0.886676	1.03685	0.460583	1.09213	0.727577	1.79716	1.84819	1.0059	0.862745	0.619193	0.679527	0.729234	0.416209	2.05068	2.90629	1.5281	2.72627	2.80855	1.35991	0.901083	2.24683	3.2171	2.14636	2.51582	2.0782	2.43754	1.49248	0.848824	1.01194	0.435071	1.20578	0.817309	0.895714	0.960933	0.600052	0.499136	0.95253	0.952541	0.942293	1.23395	1.20342	0.734576	0.552789	0.923524	1.11008	1.46237	0.352936	0.268357	0.397665	0.597195	0.746366	0.325682	0.34314	0.547896	0.397663	0.623887	0.484265	0.888065	1.22565	1.19427	0.439517	1.9536	2.19058	1.41299	0.858267	1.11071	1.04318	2.11714	1.40182	1.16544	1.88769	2.19071	2.08459	1.5376	0.257253	0.467931	1.09129	2.54211	3.72849	4.5128	4.24027	2.58832	2.31075	3.0271	2.1269	1.9361	0.976732	2.21001	1.10542	3.90341	0.986412	2.5253	2.68601	2.20164	5.19374	6.33419	1.82224	3.05971	1.1343
3.23194	2.57532	4.02987	3.25686	2.5296	1.49105	6.8829	8.58889	7.4422	4.84562	7.67379	9.6141	10.7385	8.8919	7.68861	3.99998	1.45365	1.34581	2.2356	7.14325	8.86355	8.25076	7.45283	6.68923	6.02926	5.27576	5.75282	4.09997	3.37428	3.83195	4.68781	3.91209	2.66298	3.46863	5.90755	5.81592	2.06515	1.13515	1.99929	3.057	4.03743	4.54647	2.97677	3.6802	3.52462	2.17069	2.31024	2.85969	1.56615	1.43595	1.23015	1.08077	1.23365	1.19587	1.75571	1.37355	2.38576	0.838328	0.887085	1.1743	0.374932	0.730079	1.12956	0.897935	0.830129	0.613175	1.01202	0.746258	0.739699	1.19341	2.04257	3.45599	2.8049	0.976321	0.767137	0.952348	0.727761	1.04768	1.7945	2.84202	2.6492	1.22083	0.62767	0.62767	1.16873	2.36339	1.40328	1.52395	1.63113	1.88234	2.4753	2.65569	1.91756	2.05978	1.48538	2.05098	3.91688	1.57843	1.02038	0.913809	0.936104	1.03554	1.26923	1.7367	0.911635	0.177808	0.730079	0.954654	1.42834	1.62581	2.46428	2.91714	2.44354	1.91108	0.936161	0.487192	0.380711	0.622616	1.58091	1.38779	1.37508	0.45411	0.419611	0.976285	0.642201	0.44328	0.553121	1.25072	3.01799	1.40035	3.169	2.12188	2.63637	2.24205	1.41189	2.09987	0.311893	1.70054	2.42782	3.08481	3.50512	3.21778	1.01202	1.04553	1.70324	1.80958	0.321121	0.516725	0.626865	1.937	0.911635	0.692128	1.05594	0.697379	0.44107	0.0986285	0.973547	1.26771	1.88363	0.86258	0.938183	0.392676	1.47137	1.45945	1.46961	1.86868	1.58909	1.12446	1.19403	0.969573	2.64141	2.79484	1.35858	2.30444	2.68409	1.22079	0.58015	2.23199	3.05243	1.93925	1.89159	1.70286	2.42705	1.85207	1.82708	1.63883	0.764562	1.14347	1.21618	0.519095	0.955393	0.495612	0.434406	0.809067	1.20313	0.904174	0.733103	0.648998	0.827822	0.98476	1.22738	1.39549	1.10745	0.425945	0.654605	0.878268	0.669656	0.845229	0.485704	0.221643	0.538389	0.128602	0.621028	0.976776	1.16202	0.710196	1.40031	1.15727	2.11854	1.74521	0.720018	0.511542	0.379446	2.19241	1.15048	0.669656	0.921221	0.670716	0.936161	1.15115	0.377511	1.27971	1.26003	2.00724	4.6485	5.05932	3.80541	1.41194	0.348715	2.23953	1.77824	0.507706	1.03671	0.70571	1.41272	0.17781	3.47899	2.5734	2.17475	2.62236	2.7745	4.42493	5.92763	2.47211	3.44852	3.41448
0.971095	2.24724	4.02235	2.21302	1.50052	5.00015	8.11103	6.39173	3.88361	3.90245	6.02008	7.02782	7.1814	5.92488	7.97446	8.21512	4.66944	4.42059	6.58885	8.837	7.93589	5.65387	5.38159	5.02857	5.48243	4.75397	6.61133	6.85057	6.31791	6.65574	6.9804	6.35426	4.2685	4.45209	5.39076	4.90903	1.20312	1.99735	0.664784	1.52683	3.49777	4.35424	3.80336	3.65973	4.0409	4.85072	2.33819	2.70088	1.94097	1.25686	1.76361	2.12837	1.42143	1.57552	0.94269	1.01445	2.33827	0.655595	0.820538	2.49718	1.8243	1.01635	1.42806	0.966385	1.21956	0.988269	0.467762	0.258086	0.75256	0.976342	0.925497	2.76294	3.67119	1.78672	0.642099	1.13493	0.465155	1.58372	2.30092	1.52112	1.50245	1.5588	0.423578	0.423578	0.963098	2.22989	2.44487	1.93937	1.93981	2.16002	2.48541	2.81201	1.3896	1.14985	0.524108	2.13555	3.4715	1.69795	1.5917	1.9167	1.21321	0.327788	1.02681	1.89842	1.53049	0.587098	0.872228	1.04557	1.00962	0.935667	0.78295	1.5081	1.5997	1.5997	1.1604	0.957276	0.967082	0.46513	0.948307	0.377433	0.574981	0.238503	0.128571	0.850783	0.198452	0.631408	0.577111	1.18726	3.15384	0.555192	4.19312	2.98728	1.22988	2.74483	1.80186	2.21325	0.866388	2.53952	1.55268	1.18417	1.79306	3.09255	1.33616	1.45768	2.07741	1.72517	0.952199	1.18321	1.51475	2.4855	1.51468	0.580039	1.39242	1.92226	1.74274	1.36653	1.86576	0.84711	2.40446	1.7557	0.909055	0.385707	1.06403	1.69397	1.47971	1.42278	1.38068	1.1026	1.01562	1.09839	2.8813	2.09241	0.258086	2.25546	2.67734	0.722238	0.86104	2.30052	2.84217	1.92052	0.985254	1.15747	1.66051	1.03905	2.33763	1.98966	1.20047	0.624026	1.58733	0.639812	0.794963	0.402378	1.10961	0.266427	2.02065	0.907187	0.356237	0.582112	0.66734	0.654853	0.873629	0.553005	0.217175	0.358945	0.772971	0.454583	0.128578	0.881918	0.379374	0.40237	0.443735	0.203287	0.27891	0.94188	1.4691	0.433219	0.70072	1.34934	1.92221	1.30373	0.775497	1.04073	1.92993	1.96184	0.406569	1.34771	1.36846	1.56534	1.14988	1.35852	2.10129	2.69233	2.21302	2.67716	5.46743	3.044	1.63366	1.69962	0.710056	3.09971	1.2196	2.20934	1.2507	1.01803	1.10436	1.10723	1.97583	3.36166	3.50402	2.13891	3.30512	3.78831	2.89821	3.07991	4.49706	3.64674
0.889702	2.95381	3.24295	1.08101	3.85061	7.04452	7.58188	3.53934	1.65598	3.53953	3.92252	3.94553	3.57267	2.63215	5.85569	7.77826	7.69681	7.8922	7.6239	7.35432	5.90973	3.98857	4.79621	4.69841	4.77703	3.65517	4.46076	4.93078	4.73574	5.35868	5.78852	6.96558	5.42114	3.88886	1.77255	4.29656	3.69268	2.88776	1.38095	1.25466	2.41134	3.07284	1.8733	1.73869	4.47091	5.18521	2.40711	1.43338	0.997562	0.579918	1.35048	0.57318	0.748563	1.83991	1.49265	1.89494	3.031	2.1613	1.70214	2.49433	0.188365	2.61557	1.40277	1.69365	1.50283	0.954056	1.1716	0.325512	1.31107	0.976171	0.385004	1.29055	3.55686	2.33441	0.878478	1.54298	0.207987	1.38789	0.948896	0.61294	1.08553	1.96562	0.623539	0.667212	0.720788	1.08373	1.32128	1.29323	1.68944	1.7428	2.60199	2.50282	1.08103	0.910504	0.3358	2.1996	2.37179	1.56227	1.81206	1.9578	2.28247	1.72869	0.899531	0.802425	1.93855	1.54678	0.533213	0.926091	0.978394	1.09711	1.7249	1.87108	1.82934	0.598882	0.850943	1.59207	1.43418	1.2227	1.52337	1.0889	0.786855	0.437608	0.551578	0.873461	1.03255	1.62519	1.42168	1.55785	3.24679	0.93005	4.02497	2.76832	1.67069	3.1851	2.20182	1.62558	0.856063	2.46061	2.46497	1.94045	1.41067	1.94937	1.17743	1.65186	2.0976	1.82334	1.31262	1.54683	1.62519	2.95551	1.9833	0.935262	2.19796	2.9782	2.84995	2.44169	2.99687	1.34676	2.15922	2.05986	0.916869	0.453936	0.158972	0.502701	0.857444	0.485489	0.627038	1.6594	0.998049	1.27956	3.07521	1.44901	0.7221	2.50541	2.45438	0.508952	1.50027	2.03167	2.49415	1.52858	0.635899	1.44956	1.16331	0.606557	2.56164	1.84711	1.41972	0.620804	1.31236	0.601704	0.593601	0.920609	1.34745	0.892745	1.77761	1.21253	0.265467	0.686569	0.790214	0.366926	0.732795	0.132276	0.55814	0.722128	0.998073	0.327745	0.0881844	1.00266	0.57318	0.906215	0.141168	0.684453	0.237448	0.749832	1.2618	0.709886	0.394376	1.69015	1.35338	0.428045	0.547581	0.948136	1.7117	0.727159	1.29822	1.13877	0.732822	1.77484	2.41498	3.24347	3.71206	3.46905	2.43367	1.77193	4.90506	1.65192	2.22318	1.86995	1.34619	3.00788	1.41835	1.38796	1.9406	0.68873	0.508958	0.927191	1.25662	2.90116	4.08687	2.63301	2.51283	1.35228	1.0684	3.19889	3.48226	2.37894
3.5834	3.93934	2.05008	3.22285	6.20373	6.95046	5.63573	1.3049	3.12163	3.42017	2.97438	2.90878	2.13929	1.64682	3.77876	5.3576	6.63092	7.44872	6.43067	5.32156	4.25445	2.92072	3.78357	4.2371	3.80774	2.55918	2.59108	3.38146	3.21241	3.61341	3.54131	5.58822	4.47153	2.67958	3.17295	5.249	6.12014	4.80158	3.97225	3.28337	3.31772	3.4502	2.26136	3.07653	4.92632	3.91261	1.21454	2.44482	2.70133	2.69046	2.97763	2.57308	1.87285	1.8837	2.6666	3.62682	4.19428	3.93209	2.23647	2.1161	2.23431	2.31886	0.572213	1.01597	1.301	0.899627	1.49622	0.642595	1.30189	0.978945	0.631527	0.674313	2.94311	2.22973	0.837821	1.75861	0.50309	1.2455	1.35029	1.38911	1.28223	2.25583	1.62547	1.00711	0.727343	0.57307	0.568832	0.887359	1.2517	1.01313	2.3216	1.65327	0.743534	0.676107	0.576855	2.24511	1.36132	1.09492	1.29805	1.16806	1.50527	1.3105	1.35583	0.542129	1.32263	1.7882	0.941561	0.704257	0.623395	0.596743	0.576876	0.609607	1.18125	0.481383	0.680401	2.07203	1.26999	1.75503	1.65866	1.13285	1.49658	0.871926	0.558033	0.623409	1.05902	2.16815	2.06132	2.75524	2.06911	2.29258	3.30713	0.904421	1.22191	2.34626	2.12985	1.10985	1.05789	1.18597	2.0697	1.56828	0.358815	0.970749	1.17492	0.871926	1.40225	1.68679	1.02905	1.00929	1.33866	3.09884	1.63019	2.68048	2.51478	1.80662	1.92955	2.28444	2.91133	2.08973	2.23208	1.86677	1.13452	0.934054	0.823509	0.721961	1.00174	0.147865	0.348515	1.93901	1.01117	1.51939	3.15356	1.10676	1.58901	3.26172	2.21888	1.87285	1.10742	1.2778	2.27514	1.23116	0.317881	1.33139	1.07341	1.17369	2.7446	2.03092	1.03232	0.700451	1.22782	0.94797	1.02528	0.826171	0.946678	0.842164	0.721961	1.26213	0.348499	0.82289	0.837802	0.306221	0.826138	0.612823	0.928033	0.28228	0.703216	0.578536	0.804409	1.10284	1.01406	1.37287	0.732644	0.796501	0.434737	0.760951	1.24216	1.13278	1.12311	1.74242	0.440829	0.315596	0.766669	1.63966	1.4897	0.243458	1.26999	1.76742	1.93597	2.7785	3.37343	3.83874	3.7598	2.83698	2.2708	0.483894	4.55716	1.48037	2.24338	1.19293	2.61253	2.3368	1.25636	0.530821	1.45908	0.953816	0.220424	0.369478	0.558033	2.21401	3.5877	3.21274	3.39305	2.79847	3.22027	3.38795	2.66011	1.92141
2.88687	2.60201	0.581778	4.85237	5.46281	4.98817	4.23475	3.89978	4.74222	3.95496	3.28682	2.33809	1.66572	2.02954	3.22327	4.38104	5.4487	6.26525	6.63243	6.14332	4.88265	3.42624	3.15681	3.80397	4.00732	2.85447	2.56836	3.52558	3.7428	3.27891	2.49489	4.06966	4.228	4.29021	6.02195	1.86431	2.3837	2.73112	4.08352	4.98776	4.81857	5.12856	4.25791	3.87332	5.32247	4.36057	2.65388	3.08431	3.10817	2.76984	1.87258	2.40591	2.831	4.29981	5.43238	3.17585	2.70221	3.83075	2.27409	1.43879	1.88227	0.719506	0.573383	0.230075	1.23568	0.561848	1.30907	1.46825	1.41441	1.80295	0.536627	0.325371	2.37966	2.07622	1.51765	2.04869	0.89888	1.0158	1.21692	0.984006	1.09603	1.91656	1.8449	1.0196	1.15296	0.468531	0.348436	1.01746	1.51129	1.37954	1.49625	0.51633	0.52568	1.00161	1.51947	1.71472	0.696838	0.471106	0.769714	1.56474	1.6137	0.739117	1.27738	0.828023	0.997671	1.74166	1.19719	0.959995	0.572948	0.52979	0.938275	1.76045	2.50193	1.69817	0.464878	1.7447	1.05334	1.67336	1.27813	0.203179	0.657398	0.843422	0.815612	0.847736	1.27151	2.74487	0.561818	3.33435	2.3232	2.10966	1.39247	0.670202	1.60833	1.83696	1.12353	1.34572	2.2068	2.15884	2.2908	1.01458	0.631045	0.815661	0.7335	0.375284	0.727517	1.72038	1.7283	2.36414	3.38052	2.3568	0.769707	2.85962	1.05955	1.21005	1.1081	1.65246	1.94364	0.863907	1.03587	1.04496	1.15967	1.0222	1.10373	1.41026	0.951595	1.01578	1.73169	2.87678	2.31955	2.48404	3.61818	1.57191	2.50646	3.89051	2.03578	2.63206	2.05159	1.77902	2.65692	1.59175	0.59337	1.56798	1.28476	0.414053	2.44902	2.57752	1.25289	0.613863	1.21525	0.953381	0.700324	0.860508	0.891289	0.0623338	0.220382	0.960735	0.974032	0.806936	0.666204	0.27875	0.464862	0.272585	0.970595	1.92117	1.48018	0.70517	0.788987	0.642459	0.529798	1.48125	1.02503	0.796031	0.287332	0.434631	1.11942	1.60465	2.0201	1.11575	0.330552	0.951629	1.83225	1.38371	1.01746	1.44836	2.03427	3.98013	4.17777	3.77364	3.44714	2.66325	1.25269	1.13748	2.94495	1.3598	4.68015	1.00495	2.08737	0.396672	2.32194	1.15463	0.474685	0.801244	1.00351	1.09598	0.363455	0.626385	0.336377	1.63476	2.58862	2.80522	3.67485	3.90096	3.64206	2.77741	1.78343	2.00031
1.91614	1.49075	2.2683	4.46506	3.75907	4.66244	4.03229	3.66113	3.69948	2.82504	2.51546	1.98786	1.27796	1.50057	1.96026	2.73627	3.48597	3.62566	3.78842	4.25091	3.60459	2.33661	1.77926	2.29882	2.30476	2.069	1.63898	1.92635	2.27216	2.05879	1.72898	2.70392	3.87596	4.0922	6.61344	6.03786	3.32109	1.70652	0.724711	1.95677	3.25458	4.68593	4.49934	4.26735	5.42223	4.77201	2.93467	2.15257	0.782393	1.39059	1.25432	1.94265	1.48184	3.60158	6.36356	5.19635	2.76548	1.73224	2.6012	0.904396	0.871564	1.33942	0.662818	1.06478	0.937289	1.14749	1.54274	1.57692	1.19955	2.56867	0.894633	0.62707	2.26147	1.91565	2.40189	2.1714	0.96559	0.530618	0.819937	0.606209	0.522336	1.4803	0.982526	1.53436	1.50322	0.405082	0.867931	0.268958	1.04689	0.763873	0.564732	0.189544	0.675873	1.06483	1.22363	0.77144	0.415708	0.243367	0.700183	1.02056	2.10915	1.16592	0.92637	1.11687	1.7863	2.21212	1.04481	1.39946	0.686174	0.406258	1.09221	0.514347	0.934709	1.09004	1.56643	1.17504	0.71054	0.727397	0.57454	0.934746	0.655093	0.379061	1.30139	1.13982	0.572863	2.45093	1.8377	1.45068	1.24075	0.550835	0.508671	1.48915	1.88042	0.705035	0.41573	0.900086	1.2151	1.48055	1.32177	0.3752	1.81443	1.49812	1.8694	0.686199	0.336313	1.06868	1.59489	3.05335	3.11274	1.53017	1.96842	2.15707	1.06955	1.94041	0.881545	1.43843	1.6926	0.454208	0.812775	0.748424	1.4953	1.24032	0.935992	1.84013	0.872942	1.94078	2.2836	3.22536	3.38991	2.98879	3.75484	2.03023	3.76599	4.41757	2.27321	1.88813	2.01481	1.92133	3.05617	2.07264	0.23832	0.977832	1.67317	1.2218	1.21863	2.07036	1.8947	0.432887	1.21162	1.30845	0.760971	1.59358	0.78976	0.671518	0.358685	0.593239	1.07588	0.981538	0.83893	0.6094	0.2956	0.604989	1.58259	1.34166	1.64029	0.771438	0.711871	0.780806	0.732401	1.50825	0.484724	1.14492	0.713595	0.709513	0.999193	1.85129	2.4575	0.485226	0.56174	2.11652	1.15783	0.781424	1.65092	1.89232	2.69512	4.89453	3.6456	2.33764	1.69842	1.02417	1.13235	2.59046	2.04168	3.3031	4.16363	0.256957	2.04723	0.467394	2.13756	1.52246	0.167805	0.99532	0.837526	0.268943	0.778622	0.503381	0.508659	1.2601	1.66619	1.52935	2.13482	2.34642	1.92433	1.11339	0.648377	1.57156
2.97202	1.96097	3.64306	3.92912	2.30933	3.02418	2.18881	2.29745	2.78606	2.12579	2.28074	2.64626	2.66832	1.98653	1.77772	2.90408	2.76642	1.86965	1.75349	1.54167	0.879428	1.22752	1.23658	2.14495	0.905511	0.892574	1.03224	1.88232	2.40156	2.63161	2.74026	2.76481	3.36777	3.0153	4.72559	6.2532	6.26665	6.06268	5.84183	4.60144	3.27992	2.99317	2.8155	3.42967	4.25684	2.61967	1.15927	0.574417	2.06212	2.71841	2.34047	2.13596	2.62192	1.86285	3.61379	2.96085	1.42087	0.769412	1.71319	0.587801	1.73736	1.70386	0.691705	1.32008	2.33947	1.94238	0.662317	1.00314	1.56509	1.53375	1.53886	0.224651	1.84451	1.45424	2.55306	2.41671	1.35231	0.781268	0.568473	0.375128	0.320742	1.98643	1.81916	1.5423	1.43816	0.440589	1.1742	0.554661	0.0934649	0.975704	1.15636	1.03224	1.15885	1.088	0.769391	0.552048	0.657176	0.453612	0.760515	0.618363	1.32333	2.18268	2.9651	3.24398	2.92485	1.18616	0.769412	1.45293	0.404984	1.01419	1.56759	2.21703	2.08646	1.35239	1.92273	0.967679	0.601649	0.132175	0.336983	0.561633	0.683231	0.561606	1.5423	1.91214	0.769419	0.939171	1.27864	2.21614	2.02231	1.12317	0.648239	1.35697	1.43815	1.0582	1.45898	0.683949	0.376423	0.595177	1.28056	1.7643	1.37931	1.3379	3.20786	1.36843	1.60903	0.702813	0.39652	2.97323	1.70187	1.51213	2.75366	1.9055	1.6033	1.8812	0.311535	1.00312	1.76286	1.19026	1.79667	1.7433	1.89382	1.70728	1.43177	2.26104	1.15635	2.29759	2.04033	1.24639	2.87768	3.29848	3.47885	2.21961	4.68387	4.81526	2.53539	1.83111	2.26427	2.29085	2.68805	1.68439	0.934567	0.158859	1.2405	2.0184	0.614439	1.02183	2.26685	1.47973	0.838766	1.58962	1.13385	1.81193	1.44925	0.788685	0.735215	1.24014	1.58969	1.45629	1.4758	1.09561	1.21323	0.823037	1.78849	0.874441	0.817697	1.56414	0.561633	0.857077	0.769385	1.00649	0.877806	1.3086	0.551156	0.947428	1.89359	2.13869	2.03843	1.12872	1.47584	0.847399	1.94312	3.12493	2.70327	2.92751	3.50076	3.89564	1.9562	0.446058	0.668887	1.19385	1.68639	2.62686	1.11448	4.00451	2.79982	0.432791	1.62491	0.903391	1.25408	2.09933	1.05961	1.17256	0.773807	0.62695	1.11444	0.877263	1.3219	1.50312	1.41233	1.27105	1.39474	1.36521	0.997346	1.09074	1.11188	1.58811
2.1545	0.947262	4.47628	4.05681	2.35075	2.21582	1.20559	1.98586	2.37538	1.40832	1.7664	1.69933	1.93012	2.01903	2.40332	3.2923	2.4567	1.91552	2.20318	1.72323	2.23552	1.42109	1.47793	2.40097	0.595044	0.735074	0.860014	2.05121	2.32187	2.46544	2.19763	2.99078	3.09315	2.2043	3.51312	4.94267	5.65581	6.15881	6.31782	5.3733	3.23978	2.03513	2.45233	5.23318	4.51364	1.3043	0.411448	1.80701	3.38276	2.42943	1.44267	0.623696	1.55977	1.7197	2.34583	2.56797	1.25081	2.26916	1.221	0.40967	2.49195	0.839491	1.31707	1.26059	1.13689	1.34977	0.846087	0.91789	0.675615	0.97525	0.984183	1.89252	1.43555	0.995154	2.22639	2.52206	1.68175	0.736048	0.696438	0.502227	0.112305	2.33992	2.66993	1.64425	2.03739	1.38665	1.81558	0.466683	0.736048	1.05821	0.679912	0.665859	1.16799	2.2449	0.941587	0.440505	0.529043	0.464611	0.599113	0.289689	0.265223	0.961492	1.24732	1.80201	1.97871	1.76321	1.29997	0.554555	0.557617	1.52953	1.38297	1.85331	1.94176	1.54863	1.88435	0.513707	1.04413	0.413815	0.499314	0.561506	0.778661	1.44762	0.550592	1.86726	0.68803	0.620581	0.467215	1.71939	1.19105	0.994928	0.309134	1.32434	1.12396	1.76264	0.748827	1.44141	0.293844	0.709207	1.0589	0.871259	0.267947	1.73438	3.4776	0.691586	2.46962	1.31424	0.880081	3.81922	1.41564	1.52713	3.04145	1.86362	1.51037	1.69709	0.0794101	0.472898	1.56354	1.5143	1.98356	1.69376	1.65555	1.74166	1.51937	2.45264	1.32808	2.13645	1.50073	1.3794	1.74338	2.33343	2.29994	2.0611	4.90891	4.65067	2.35081	1.78116	2.12004	2.22761	1.68407	0.61825	0.905369	0.956134	0.812199	1.68409	1.68407	0.682743	2.01117	2.18651	0.794402	1.35474	1.71287	1.21358	2.11728	0.508465	1.30721	1.50767	1.34618	0.869023	1.32142	0.662568	1.11184	0.650751	1.08109	0.973473	0.110125	1.30127	0.629924	0.894308	0.816058	1.1075	1.6184	1.34168	0.89867	1.77254	2.46684	2.18035	1.60758	1.69369	0.710268	1.36206	2.80737	3.36031	3.1209	3.40824	3.13047	2.09145	1.13938	0.335464	0.384636	1.43551	1.60555	2.46619	0.093447	3.18205	2.17715	0.369208	0.883409	1.46398	0.442691	1.52873	1.23403	0.891891	0.662185	0.5506	0.812164	0.867873	1.02824	1.49019	1.07932	0.886441	1.04696	1.32145	0.967535	1.10115	1.10664	1.12507
2.9618	2.09676	3.69661	3.91829	2.56061	2.1324	1.29512	2.06952	2.49154	1.7132	1.87434	1.11276	1.19832	1.76692	2.31087	2.22571	1.31111	1.85361	2.46681	1.47264	2.53978	2.76238	3.52621	2.63277	0.865781	0.975281	1.31404	3.03374	2.03503	1.05688	1.03507	2.70656	2.40936	1.13347	1.83232	2.6673	3.7324	4.57208	4.55254	4.37376	2.2454	1.34033	2.89255	7.61799	6.64415	4.86935	3.62116	3.33067	3.13737	0.787772	0.502147	0.543869	0.189435	1.93915	2.51402	1.04673	2.89243	2.57487	2.27233	0.574197	1.79647	2.15888	1.90132	2.49462	1.70978	1.60846	1.00611	0.406042	0.590874	0.965787	1.37633	2.09943	0.635133	1.24623	2.00966	2.17905	1.72915	0.891685	0.46294	0.778525	1.22116	2.79656	4.14716	2.11757	2.05028	1.25672	2.12781	0.784067	0.965795	0.871886	0.112286	0.666446	1.19177	3.04895	0.945504	0.320619	0.415492	0.781008	0.449134	0.189424	0.264248	0.734947	0.83094	1.07912	0.513609	2.03193	1.61804	1.09387	1.49515	1.91522	1.00085	0.513582	0.909472	0.112283	1.33012	0.959244	2.60168	1.99257	1.77448	1.2552	1.09342	1.87123	1.77677	2.53313	1.26099	1.66871	1.42855	2.49693	1.45306	2.60172	1.8931	1.64297	0.199407	0.934671	1.44239	1.16881	0.224565	0.696305	0.950628	0.950654	0.859031	1.72213	2.35928	3.47039	2.93641	2.24211	1.01808	3.82721	1.96022	2.27219	2.84043	1.47519	1.12137	1.90528	0.380136	0.696338	0.598999	0.829156	1.48308	0.711492	0.710784	0.903556	1.26093	1.59874	1.89286	2.94281	2.58929	2.06604	1.38861	0.696338	0.406032	2.88317	5.4312	4.09436	1.43661	0.815014	1.95397	2.33844	1.3756	0.702582	1.18977	0.788383	0.630562	0.685781	1.95127	1.8336	0.682966	1.49772	1.88083	1.78301	2.06598	1.11405	2.49462	1.24708	1.53318	1.64416	0.440407	0.25107	1.31362	0.54474	0.924794	0.685822	0.984693	1.16589	0.44042	0.933125	1.39421	2.75607	3.57734	4.38304	4.60845	4.35441	4.35341	4.32499	3.28825	1.77485	0.727002	1.18327	2.73868	1.99669	3.59959	3.47319	2.53625	2.10988	1.32581	0.650255	0.659845	0.581748	0.415492	1.53193	1.98668	2.61703	0.934173	2.02507	3.64728	3.35294	1.52307	0.641998	1.72698	1.25367	0.348165	0.85679	1.14028	1.04673	0.343982	1.56357	1.50903	0.348169	1.20276	1.17706	0.404832	0.836731	0.938867	0.784113	0.522036	0.132125
2.24899	3.09298	4.40706	4.46227	2.1785	0.690933	1.46445	1.69607	1.47146	0.33535	1.56526	1.4689	1.82097	1.89752	1.82612	2.08278	1.82628	1.64436	0.710671	0.513964	0.903383	0.989452	2.39919	1.79472	2.22043	2.53488	1.26168	2.9283	3.40398	0.814855	2.40277	2.56926	1.23447	0.80621	0.902902	2.06565	3.53104	4.10025	4.23795	4.84555	2.59764	2.20555	3.9485	8.93911	5.93791	3.3944	3.24688	3.60885	2.7739	1.43235	1.059	1.29506	1.878	1.62971	0.873159	0.808309	3.75496	1.14911	3.12441	1.24524	0.492306	0.502028	0.711326	1.7669	0.729508	0.955805	0.196926	0.587463	1.22646	1.02789	1.54578	1.49826	1.70293	2.21477	1.72882	2.00312	1.91922	1.17022	1.3861	1.88318	1.40641	2.19449	4.87895	3.87402	0.487337	2.42842	1.82727	0.975094	0.849765	0.499123	0.358389	0.435885	1.35636	3.14151	1.2549	0.682851	0.773363	0.638435	0.502058	0.690969	0.518188	0.272332	0.709959	0.445245	0.778376	1.70389	0.67962	0.909298	1.74559	2.01042	1.29201	2.51882	1.9558	1.52451	1.41645	1.26318	2.94238	1.56648	2.81586	0.443056	0.42293	1.49893	2.1183	2.51994	1.30936	2.81139	0.177502	2.45335	2.30574	3.7083	4.1092	3.84333	0.859737	0.704829	1.41153	0.991628	0.33098	1.51126	1.27641	0.471151	1.94684	2.16738	1.18543	2.65802	1.62939	2.74566	0.523306	2.69127	1.53277	2.20069	2.28733	0.887453	0.807398	2.20099	1.44222	0.312921	0.699679	1.29949	1.39306	1.11776	1.17414	0.281939	1.2089	0.59281	2.63616	2.9477	2.23142	1.66602	0.623105	0.861123	2.13024	4.17053	5.29013	2.88705	0.937359	0.550407	1.89065	2.65694	1.95879	0.959816	0.793766	0.265105	0.374925	0.596053	1.59836	2.42091	1.61221	0.773355	1.83751	2.03832	1.75266	1.07489	2.18259	2.06942	1.91426	1.58616	0.726863	0.690969	1.00495	0.818985	0.660488	1.03188	1.39114	1.43231	1.12468	1.71655	3.09449	3.46774	2.77662	2.10225	1.26994	1.01579	1.27641	1.09674	0.16028	0.393848	1.45694	3.80334	4.30037	3.47969	3.54544	4.08385	1.82522	1.24529	0.651983	0.437022	0.814559	0.616835	0.155685	0.759109	1.76416	1.93794	2.2769	1.92095	1.21792	3.606	3.91878	1.38603	1.04307	0.744938	1.2123	0.770534	0.995509	1.12806	0.902873	0.243181	0.75145	1.63601	1.3401	2.27543	0.955825	1.71655	1.51243	0.535666	0.202988	0.594833
0.425131	1.58847	4.44414	4.09944	2.20483	1.27005	0.724018	0.543664	1.69122	1.97621	0.662188	0.361036	0.863218	0.958894	0.576082	1.63451	0.462772	0.250971	1.05854	1.34541	0.809955	0.546743	2.01562	0.948216	0.94519	1.93948	2.49822	2.79355	3.60843	0.42342	3.08221	2.32293	0.11224	0.913119	0.726047	2.21554	2.10036	2.69641	3.95393	4.56589	2.18358	2.44278	3.64469	7.52076	4.25249	1.62329	0.79786	1.40868	1.79328	1.97817	1.47471	1.28222	1.62982	0.625703	0.343851	1.77374	4.72114	2.12109	2.00756	1.3661	0.817983	0.904862	0.858702	1.2721	0.376783	0.594313	0.0622623	0.709823	1.51575	1.24582	1.9209	0.898144	1.38509	2.58124	1.75502	2.28165	2.56301	1.33652	1.40918	0.660362	0.660708	1.93554	4.25906	4.14089	2.18013	3.1231	1.05696	0.243132	1.16398	0.57903	0.508191	0.738285	1.22083	2.87708	1.54688	0.221219	0.793614	1.29175	0.550277	0.476203	1.14784	0.16025	1.64353	0.685535	1.76054	2.14136	1.59928	1.58721	1.50195	1.09272	2.22675	3.44685	0.965476	2.31417	1.76984	0.582795	2.66484	2.06703	1.76615	0.678098	0.9556	0.541404	0.858419	1.35272	1.36127	2.26957	2.13428	1.68171	2.59868	4.24255	2.57899	4.99148	1.89516	1.09117	0.959632	0.635281	0.958929	1.91382	0.59229	1.96063	1.89143	0.539618	2.61092	1.60889	2.11964	1.74298	0.639868	1.8045	0.656644	1.80074	1.69827	0.835267	1.44184	2.47572	2.85117	1.01628	0.354925	0.709836	1.32055	1.60635	2.19712	0.229819	1.07936	1.32069	2.50429	2.02723	0.358335	0.515273	0.687635	2.04565	2.61765	3.65283	3.91331	1.58886	0.611572	0	1.46657	2.49597	2.40847	1.90737	0.843607	0.546743	0.234001	1.06376	0.501962	1.42558	2.12907	2.00371	0.797555	0.581141	0.616715	0.268701	0.906712	1.11385	1.31631	0.928896	0.427407	0.354944	0.396816	1.06239	0.442971	0.482773	1.05325	1.05209	1.26069	2.39477	2.42474	0.590619	1.63386	2.69547	3.08082	3.05635	2.67831	2.62915	2.77966	2.59772	2.85123	4.42789	2.45547	4.17632	1.69883	4.76311	0.862916	0.696046	0.600794	0.342418	0.724018	0.208831	0.390048	0.778201	1.48379	0.785633	1.45887	2.74102	3.715	0.873773	4.8305	2.34899	0.885339	1.15226	1.08984	0.573991	0.92782	0.591435	0.682708	1.18318	0.639868	2.39254	0.327244	2.38616	1.07938	1.45735	2.10163	1.12051	0.696039	0.942114
1.46037	2.50429	4.24722	1.76144	1.502	0.768655	0.79499	0.48268	0.140918	1.11793	0.752736	0.575989	0.550629	1.25443	0.822251	2.35183	2.04605	0.824025	0.639716	0.955429	0.83886	2.61946	2.82919	1.23309	0.220082	0.849164	2.05425	2.1743	2.64381	0.70732	2.76217	1.84853	1.48224	1.97656	2.08816	2.1141	1.92203	2.80165	4.01271	3.6589	2.34773	2.67016	3.10204	4.86308	3.54127	2.22183	1.91029	0.621284	1.21268	1.28311	0.396744	1.09634	1.23012	1.10492	1.78485	2.3976	3.42276	3.02032	1.64947	1.1487	1.45374	1.28198	0.816926	1.09431	0.936221	0.466843	0.311233	0.7018	2.25792	0.404002	2.25235	1.07312	1.27739	2.36701	1.68019	2.21731	2.90295	1.46646	1.13427	0.660235	0.049211	2.43593	3.88758	2.46688	1.55867	1.94221	0.73976	0.656533	1.25251	0.833055	0.250935	0.708667	0.925312	2.84213	1.88546	0.850053	0.90469	1.28776	0.818976	0.140925	1.19334	0.563683	1.29991	1.45373	2.37722	1.79842	1.22223	2.25579	1.62294	1.5157	2.37653	2.73406	0.422768	2.36006	1.82018	0.246064	1.28926	0.320446	0.902509	0.186751	0.72855	1.10577	1.23872	1.17802	1.24514	1.0239	0.60431	0.927683	3.3898	4.82888	1.28945	4.69173	2.46344	0.904653	0.830425	0.535912	0.871439	0.379913	1.84286	1.73016	1.34873	1.86685	1.75197	0.665318	1.15142	1.177	0.320438	1.24008	0.955429	1.96582	1.78477	0.501846	0.654308	1.35371	2.55159	1.42497	0.974772	1.13112	1.09279	1.51069	2.42191	0.352814	0.866942	1.49571	2.40017	1.09275	0.581027	1.13686	1.3232	2.36079	2.31636	3.02794	3.36733	1.22636	0.727564	0.731559	1.35677	2.39543	2.11739	1.86327	1.3557	0.578932	0.398583	1.0194	0.293621	0.659472	1.90803	2.45394	1.83015	0.647239	0.561091	0.404618	0.464253	0.420471	0.660587	0.311249	0.0984259	0.265012	0.327178	0.955411	0.567934	0.296081	0.89821	1.45438	2.15859	1.54915	0.470468	1.95849	2.14278	1.47293	0.378648	0.714113	0.685408	0.622867	1.67477	2.89101	3.50193	3.42607	0.792247	3.83353	0.286957	3.82903	2.65686	1.37066	0.171894	0.420449	0.670397	0.317397	0.704574	0.91531	1.17372	0.984164	1.05628	1.66777	4.24698	1.0803	5.04226	1.95249	0.919253	0.968505	0.991253	0.876968	0.374781	0.411136	0.306531	0.876383	0.295275	1.73975	0.714148	1.77593	0.654308	1.0265	2.03744	1.58692	1.299	0.649883
2.05724	3.60408	4.68024	1.10029	2.46934	0.99425	0.716382	1.01304	1.35549	1.02635	1.02371	0.570804	0.18929	1.23083	1.14424	0.905287	1.74898	0.404526	0.523026	1.46543	2.16393	2.85922	1.23517	0.885557	0.611343	0.171861	1.30918	1.68626	1.66673	0.415155	2.35961	1.52426	2.1605	2.57312	2.84332	2.8637	2.24727	3.04925	4.48378	4.27435	3.6265	3.00952	1.73793	2.35226	3.32071	3.71911	2.84641	0.0907261	1.08165	1.19091	2.22026	2.0219	1.58102	0.32489	1.0436	2.12156	2.62397	3.20543	2.26441	1.93176	1.87174	1.16959	1.25423	1.13577	1.37826	0.464164	0.236985	0.685262	2.08118	1.96069	3.59513	1.79424	0.605399	1.75202	1.83363	2.22573	3.10082	2.26423	0.742241	0.405733	0.964309	2.99508	3.85683	1.58096	0.37984	1.09436	1.85217	1.07292	1.44005	0.842418	0.539426	1.3535	0.825923	2.28725	1.79361	0.541224	1.02728	0.513681	1.30992	2.12631	0.92149	0.344421	0.510364	1.12698	2.48639	2.01824	1.23378	2.33274	0.840709	1.30697	1.01304	1.43418	2.0305	2.4849	1.35061	0.355476	1.06176	0.859212	2.00457	1.69615	1.08347	0.286045	1.63508	1.44625	1.2542	1.37033	0.950197	1.38616	3.06315	4.47986	3.06231	3.8649	1.40312	1.16792	1.25708	0.79482	0.280056	0.800894	0.884478	0.670294	0.619619	0.216718	0.43397	0.488546	0.81882	0.941707	0.919125	1.85151	1.23989	2.53486	1.91878	0.352061	0.721767	1.29876	1.63331	1.32365	0.687414	1.61416	2.58283	3.14587	2.53152	1.27169	1.58102	2.69771	2.59804	0.565698	1.93675	2.58786	2.87136	2.94957	2.73077	3.32929	3.1672	0.902092	0.506557	0.34229	1.27163	2.74543	2.40936	1.47574	0.639594	1.07269	1.11256	1.41894	1.18481	0.622361	0.944789	1.96203	2.5622	2.01213	0.828221	0.82475	1.32462	1.30697	0.639623	0.289418	0.229725	0.34229	0.140891	0.556637	0.786257	1.12377	2.31012	2.93851	1.54886	0.93062	1.91983	1.56329	0.837254	0.22655	0.391755	0.311179	1.05633	2.48067	4.0441	4.0869	3.40245	1.9409	1.09254	2.45197	1.45266	1.56437	1.16107	1.80588	0.99006	0.811424	0.68246	0.409282	0.544327	0.797561	0.435638	0.462608	0.902361	2.21252	3.72329	1.68622	3.96321	1.58827	0.57379	1.51541	1.60605	1.23989	1.50966	1.33825	0.915162	0.865122	0.43399	1.03619	1.40405	0.818843	0.799692	1.0056	1.49655	1.46259	2.17393	2.12972
2.9385	4.28698	4.81188	0.836242	3.3709	0.97411	0.828384	1.12721	0.880201	0.794686	0.704286	0.491909	0.560865	0.591101	1.10009	1.64839	2.14382	0.529825	0.543327	1.07426	1.37663	1.20156	0.759515	1.30963	1.16604	0.971888	0.641359	1.21481	1.39008	0.997672	2.12034	1.04573	2.34026	2.731	1.79026	2.42707	1.88943	2.22479	3.64941	3.77855	2.74792	2.41441	1.53724	3.19769	5.5381	6.36028	4.05476	0.940531	2.04026	1.54104	3.25308	1.50868	1.64495	1.07874	1.60916	2.75657	0.229681	2.5339	1.34298	1.31478	0.846559	0.69041	1.35196	0.918917	1.04502	0.347849	0.128283	0.828063	1.27594	2.76358	3.20595	1.60692	0.746973	0.862697	1.60916	2.06624	2.94933	3.25839	0.582451	0.510266	1.36654	3.28314	3.46608	1.47035	1.61454	1.81583	1.82554	1.16937	2.19676	0.956065	1.62959	1.52783	1.62595	1.55102	1.47821	0.312682	1.0643	0.704313	1.73337	0.320324	1.55287	0.694611	0.777469	1.35626	3.27874	2.05273	1.8924	2.0919	0.712506	1.10186	0.750862	0.373992	1.21222	1.75944	0.670531	0.809448	0.606855	1.4659	2.17467	0.818701	1.29495	0.286001	2.08078	1.57375	1.45248	1.97487	0.940513	1.6308	1.43084	3.11415	3.41786	2.40022	0.237969	0.949725	2.0949	0.396592	0.551747	0.417404	1.26456	0.908595	0.577436	0.160163	0.846283	0.482496	1.09983	0.432215	1.30222	2.17794	1.64369	3.61341	2.01604	1.0133	1.03972	0.91154	0.709422	1.15161	0.6777	1.83486	1.97102	2.22613	1.83703	1.3434	1.7117	3.06014	2.03366	2.08566	2.3489	1.53975	1.67209	1.62993	1.99679	3.08642	2.37264	0.286834	0.317291	0.502154	1.63774	3.0101	2.65857	1.36817	0.843128	0.683018	0.769652	1.34015	1.51876	0.955082	0.3917	0.948947	1.91335	2.37954	1.53202	0.544223	0.849156	1.05703	0.828072	0.219992	0.29922	0.373335	0.216668	0.167542	1.02067	2.34192	2.98738	1.67383	1.03829	1.80337	0.881022	0.65995	0.510266	0.0879994	0.519214	1.28882	2.17175	3.12994	3.6075	2.47044	1.74638	1.36584	2.51833	0.405646	2.72814	2.4088	1.47957	1.57036	1.83061	1.0888	0.769968	0.384201	0.794984	0.796813	0.486984	0.35473	0.670497	2.67384	2.58529	1.74633	2.42098	1.88588	0.904307	0.474906	1.32448	0.360829	1.26456	1.50503	1.47042	1.37876	0.881026	0.330002	0.800775	0.987928	1.50497	0.933823	1.41898	0.872491	1.96719	1.65293
3.45294	4.94333	5.27135	1.65292	3.25312	1.13041	0.49865	0.787486	0.890663	0.5786	1.12703	1.23824	1.47849	1.50121	1.20179	1.35602	1.75386	1.28463	1.44843	0.927912	0.870894	1.24406	1.81111	2.28236	2.1586	0.728814	1.39082	1.63197	1.22686	1.91728	2.45114	0.335018	2.69708	1.55987	1.43597	1.07247	1.4699	1.43095	1.21653	2.92294	2.96886	3.63521	4.68288	5.18502	3.65058	8.59992	5.26297	1.3856	1.32132	0.728814	2.46547	1.725	1.80384	0.710652	1.02687	2.07856	1.90926	1.69243	2.00981	1.42719	0.378413	1.05244	2.50626	1.69763	0.995818	0.433264	0.175965	0.935161	0.665675	2.66412	2.24236	0.695519	1.16915	1.05799	1.09919	1.84747	2.96563	3.38715	0.751668	0.414996	0.991899	3.68657	3.61474	1.52514	1.78225	1.60658	0.501578	1.31214	3.15693	1.57902	2.72677	0.710678	0.506352	0.629822	0.97368	0.840414	1.08859	0.941394	2.68498	3.51566	2.61599	1.17246	0.723493	1.24289	3.36076	2.5952	1.89298	1.18553	0.846121	0.13911	0.600734	0.9185	1.4514	1.59936	0.219955	0.982079	0.442101	1.06477	2.08696	2.86371	1.85539	0.551205	2.03058	1.53616	1.1969	1.53616	2.10011	1.96095	1.28235	1.61289	1.09389	1.1969	0.709318	0.659857	2.02701	1.01169	0.347783	1.2347	1.29623	1.80519	0.535157	1.90597	2.42829	1.76707	1.88886	0.347786	1.5352	1.68956	0.756792	3.85741	2.03699	1.30771	0.590172	0.311071	0.590197	1.19045	1.38705	1.77685	1.21454	0.966191	0.354667	0.466591	1.40501	3.04394	1.80791	3.12765	2.83567	2.1755	1.782	1.23863	2.21618	3.32474	2.02701	0.573555	0.904161	1.65963	2.48405	3.4042	3.01977	1.45603	1.09389	0.940333	0.417324	0.710678	1.63257	1.13895	0.799714	1.79742	1.97931	1.87086	1.5493	0.840397	1.06162	0.531544	1.00303	0.362752	0.699012	1.65524	1.8915	2.20315	2.97467	3.51599	1.7339	1.11669	1.64937	1.19204	0.641236	1.43365	2.02709	2.55611	3.01974	3.4444	3.41942	2.44195	1.84905	0.823513	0.529713	2.11149	2.56579	2.33834	3.1423	2.06182	2.48638	1.05752	1.7241	1.27058	0.112155	0.816437	0.875881	0.671452	0.250781	0.563331	0.53243	2.77479	1.45203	2.21618	1.93938	1.0432	1.43769	1.18232	0.914774	0.0311057	1.00161	0.946006	0.739336	0.167517	1.24403	0.439915	0.811114	0.78008	1.82221	1.00307	1.22525	0.470729	1.64817	1.32244
4.39158	5.89784	6.0115	3.16126	2.50784	0.0906719	1.02221	1.09966	1.16847	0.591693	1.10491	1.66988	1.63585	1.45711	0.758273	1.61036	2.41853	2.32551	2.41139	2.36563	2.35909	2.21383	1.34898	1.3866	2.41506	2.60303	2.07193	1.84558	1.20756	2.9478	3.21728	1.60507	2.38025	1.12724	2.81398	1.67619	2.86034	0.661553	1.23447	3.02832	4.5229	5.49936	7.88351	10.1745	7.51483	7.21022	4.84838	2.11717	0.501962	0.556757	1.83618	2.59485	2.28225	1.76867	1.64645	2.09846	3.27499	1.07768	2.02066	2.23136	0.76997	1.39146	2.30769	0.343522	0.488281	0.250733	1.00722	1.81952	0.991716	2.40616	1.15054	0.580974	0.233777	0.65273	1.47573	2.00942	2.89434	2.291	1.21909	1.15222	0.670275	3.46622	3.4807	1.02218	1.45591	1.16701	0.452832	1.61319	4.32068	2.90261	3.97413	2.30212	0.857618	0.501476	0.768097	1.14681	1.23312	0.682069	0.556766	0.949653	1.09373	0.58224	0.668808	1.2213	3.02686	2.42122	1.45183	0.451229	0.286724	0.908259	1.36129	1.40789	1.55466	1.46782	0.265727	0.815992	0.695414	0.725355	0.701264	0.750589	1.10205	0.725337	1.11707	1.42391	1.28683	0.649386	0.571748	1.01363	1.44681	2.39818	0.989542	1.68136	1.79706	1.78631	0.389689	1.47458	0.817202	0.535055	0.245865	1.32106	1.53114	2.12352	0.712234	1.42573	2.14871	0.93425	1.30025	0.934982	0.709171	3.63585	1.37272	1.40613	0.506256	1.08485	1.281	1.12574	0.549777	1.16536	0.934211	1.35982	0.629726	0.565387	2.13532	3.62972	1.3295	3.26447	2.59465	2.30016	1.75047	0.617308	2.08404	3.36196	1.70093	1.13192	1.78935	0.932929	1.98875	3.09491	3.20764	2.29471	0.66008	0.5675	0.741816	1.24419	1.25813	1.93564	1.09174	1.48289	0.849374	0.889421	1.68011	1.44648	1.13344	0.901842	0.43205	0.972043	1.76385	1.73348	1.27494	1.44062	2.77302	2.22535	0.918551	1.5868	1.40048	1.49849	1.70196	2.63793	3.01594	3.10933	2.97438	2.8012	2.2929	1.61714	1.12336	0.690146	0.196693	1.65282	2.27411	2.31533	2.57462	1.75507	2.28681	0.920918	1.5437	1.58309	0.272021	0.794365	0.556766	1.41029	1.70823	1.13495	0.540913	2.5788	1.25813	2.67564	1.41813	0.731003	0.177299	0.633149	0.335689	0.687358	0.551515	1.0419	1.67102	0.770912	1.0337	0.937564	0.698872	0.728323	2.00708	2.71253	1.93905	0.969801	1.2323	1.18818
2.37851	4.9365	5.2856	3.16847	1.71228	1.51849	0.782875	1.01511	1.21608	1.28033	1.58812	1.37983	0.4857	1.24123	1.22246	2.46263	1.40964	0.591611	1.1508	1.08599	1.23895	1.85311	2.24548	2.43788	1.97029	1.1831	1.03027	1.93262	1.66182	2.97523	4.10985	2.19811	1.63192	1.0886	2.89744	1.04513	3.01127	0.796356	2.19759	2.06031	3.02986	2.41761	4.083	7.99813	8.99268	4.85535	3.59842	1.98582	0.75908	1.14316	0.393306	1.04239	2.29435	3.26283	3.32362	1.7803	2.56241	2.99559	0.840076	3.39083	3.77658	3.35505	0.994955	1.16166	1.39036	1.40964	1.34004	1.46145	2.09692	2.8559	1.18795	0.534962	0.186562	1.31973	1.97418	1.23188	2.06632	1.82997	1.34221	2.36547	1.09926	3.45968	3.57459	2.74028	2.85597	1.84887	0.896843	2.2411	5.01781	1.43744	2.95245	1.77424	0.640243	0.531341	0.433099	0.44844	0.124375	0.883811	1.40281	1.40761	0.550994	0.826132	0.863885	0.514703	2.68294	1.62659	0.354521	1.05895	1.65492	1.75955	1.39659	1.56121	2.33643	1.93868	1.02932	0.747508	0.0439745	0.586666	1.29387	1.63554	2.28589	1.94612	1.23191	0.459091	1.59305	2.57525	2.80257	2.90942	1.19039	2.79461	3.15632	2.97792	2.2523	1.69811	1.97807	0.514703	1.67399	1.12618	1.4375	2.21868	1.69698	1.14653	1.39936	1.68496	1.73183	1.16161	0.976305	0.512824	0.536748	3.14975	1.08598	1.50511	1.54438	1.6549	1.56554	1.48769	0.906499	1.45148	1.49541	1.91507	1.0027	0.767945	2.69335	2.95245	0.973308	2.84779	2.33592	2.42706	1.84048	1.1071	2.13027	2.70334	1.40757	1.35443	2.64244	2.15556	1.93464	2.42706	2.50527	2.43738	0.473618	0.514686	0.629587	1.24976	0.452726	1.76941	2.12128	1.13045	0.44844	0.263845	0.563116	0.845798	0.931736	1.41306	0.682627	0.615619	1.1541	0.475635	0.452726	1.44014	1.81726	2.06641	3.87809	2.90157	2.65489	2.79602	2.03631	2.11435	2.0452	0.967347	1.09923	1.07793	0.826165	0.906505	1.08599	0.695281	0.452726	1.0992	2.22421	2.00517	2.91237	0.932733	2.30725	1.58812	1.70994	2.10106	0.536775	0.968343	0.845823	1.01229	1.24128	1.03494	0.452746	2.06399	1.25906	2.23807	0.640243	0.529506	0.640261	0.653689	0.278113	0.433082	1.15074	0.715809	1.45351	1.71506	0.573352	1.49346	0.256406	1.97802	1.25905	1.7781	1.2444	1.26595	1.5924	1.14316
1.2803	3.25067	4.54365	3.15234	1.35574	1.56084	1.18874	0.668564	0.792844	1.52801	2.10319	0.87095	1.03333	1.01327	0.999801	1.40814	1.64713	2.44984	2.24785	2.42374	2.85938	2.76159	1.95725	1.30867	1.67086	2.62637	3.37114	3.99433	3.70062	1.13552	2.98771	3.61874	3.33001	3.16158	3.80661	1.81885	2.67462	1.92441	2.03596	1.41279	2.6145	3.08756	2.75461	1.44477	2.80327	2.53625	2.28544	1.59162	0.422836	1.13552	0.707855	0.275439	1.36708	1.08795	1.38536	1.98366	1.97742	2.91916	0.554796	4.04912	3.7462	1.00442	1.13467	0.907901	0.469938	1.24952	1.78055	1.36236	3.08004	2.53845	0.64911	0.388924	0.622124	1.7007	0.553505	1.2139	2.05532	2.20214	1.99527	2.72565	1.19443	2.176	2.59451	1.86633	2.47655	3.00491	0.976087	2.91025	3.76085	2.21237	2.90602	1.61393	0.996934	0.872657	0.826007	0.79894	0.34757	1.02368	0.475567	0.82392	0.286623	0.580335	0.343373	1.65062	3.56462	1.71053	1.48166	1.41841	1.32845	0.769064	0.177234	0.69859	1.39575	0.49742	0.946956	0.810919	0.0695176	0.678941	0.4402	1.18776	1.86841	1.36429	1.5239	1.96653	1.33803	0.374351	0.987194	3.38032	2.01988	0.867366	1.32554	1.78347	1.37137	1.18287	2.50104	2.89545	2.34442	1.28803	1.89256	1.67835	1.67543	0.512703	0.653592	0.640121	0.90228	1.28044	0.640899	1.30867	1.08578	1.71989	1.54318	1.27899	1.78714	2.95701	2.8237	1.7232	1.19683	1.8986	2.16633	1.5727	0.442382	0.445121	2.68072	1.74496	1.63828	2.22207	2.26089	2.68691	2.13268	1.46116	1.47513	1.88533	1.2192	0.433555	1.43515	1.37134	1.14318	1.91076	1.92935	2.24064	0.671067	0.669629	0.622124	0.738584	1.09745	0.91425	1.45692	1.7496	1.13558	1.08132	1.33696	1.27881	0.937254	1.09305	0.969384	1.03213	1.54844	1.74946	2.01459	1.63579	0.970415	4.5847	4.47732	3.99002	3.69049	2.84748	1.93206	1.3191	2.19421	0.889081	0.757962	0.698237	0.687096	0.622543	0.295757	0.343373	1.53528	2.14267	1.47842	1.41498	2.73305	0.653592	1.77989	2.19998	1.40818	2.21161	1.08063	1.62722	0.730724	0.175864	0.448354	0.71566	0.271917	1.59465	0.622153	1.7671	0.718724	0.556123	0.563442	0.482105	0.158525	0.433555	0.886071	0.993017	0.265626	1.53232	1.71927	1.54409	0.682514	2.38865	1.17174	1.5641	1.00442	0.320079	1.34842	1.68989
0.613019	1.49419	3.78155	3.87634	2.32987	1.40911	0.505982	0.155413	0.613019	2.05898	2.21119	0.19659	1.73398	1.52401	1.96141	1.85006	2.08997	1.00328	0.694989	0.378145	0.748556	0.570579	1.27567	0.528411	1.10233	1.05165	0.708745	2.65484	3.53941	1.41768	0.482538	1.72369	1.9217	2.85751	3.18198	2.74067	3.6813	3.58343	1.99075	2.26975	3.47767	3.0679	1.93869	2.26962	1.37938	0.695021	0.83978	0.728261	1.2814	1.07707	1.21364	0.655686	0.870836	2.49168	1.3663	2.05464	3.42907	3.52538	0.836862	2.9149	3.59729	3.00739	1.0842	1.32219	1.31888	1.30154	0.981329	1.07753	2.27886	0.994524	0.968009	1.03313	1.35921	0.786885	1.46093	1.36531	2.03663	1.89634	2.07323	2.16962	1.65162	0.49144	2.44535	2.76485	3.09681	2.79173	1.46093	4.60675	1.86228	0.964957	0.640751	1.56764	1.31154	0.917805	0.578162	0.848323	1.15365	1.01809	1.47738	0.808724	0.0982951	0.570597	0.914653	2.85869	2.9271	0.556001	1.97311	1.49192	0.34752	1.09969	0.799109	0.940628	0.733537	1.46293	1.45565	0.312386	0.378145	0.758779	1.93265	1.67055	0.890565	0.549895	2.9582	2.80846	0.888914	1.81024	2.50155	2.64671	1.32868	0.0932459	1.12272	1.61232	1.36778	1.57233	2.0516	2.03385	0.633926	1.1436	1.41078	0.278007	2.16359	1.94583	1.19963	0.987753	1.71022	0.497329	1.58757	2.63073	2.34216	0.751741	0.853434	0.417006	1.54283	1.15665	1.29521	0.950841	1.11059	1.99645	2.66264	1.53027	0.640778	0.670939	2.35865	0.714848	1.84058	2.00394	2.05454	2.49197	2.05265	1.25699	1.19113	2.008	1.35067	0.330414	0.994524	0.815814	1.00084	1.86454	2.3066	2.2514	0.883478	0.821158	1.16989	0.934971	0.861875	1.48254	0.987713	0.621639	0.725598	0.452553	0.808085	1.31888	1.83989	1.86152	1.39156	1.8301	2.99157	2.70156	1.50617	1.23768	3.14176	4.21956	2.37399	1.84277	1.91593	1.68062	2.02549	0.83976	2.48753	1.1436	0.286567	0.879626	0.981329	0.281457	0.379406	0.883467	3.01621	2.08537	1.34923	1.59456	1.12269	1.0775	0.417006	1.51511	1.53033	1.84764	1.85727	1.34817	1.06803	0.398052	0.659339	0.669502	0.486522	1.62805	0.567208	1.57532	0.640768	0.752389	0.932895	0.701209	0.0982904	0.521017	0.658622	1.39291	0.875771	0.286569	0.708782	0.669531	0.578162	2.50374	1.12656	2.11742	1.51798	1.85242	1.19967	1.2802
0.439486	1.36745	3.06527	3.8839	3.17302	1.64763	0.171623	0.242719	0.90757	1.98905	1.64043	1.77114	2.04279	0.92419	1.4811	0.92312	1.00064	0.298878	0.992639	1.10211	1.15015	1.08937	1.41241	0.437843	0.724785	1.22038	2.16607	1.84577	1.81742	2.04045	2.29649	1.86398	1.96391	2.76239	2.71164	0.845332	2.71554	3.4792	3.64541	5.13397	3.16678	2.50056	1.62052	0.820416	0.571325	1.16033	0.363734	0.507304	0.442214	0.448184	1.15343	0.351592	1.22821	0.820975	3.19091	0.747405	3.75277	3.8179	1.07301	1.49941	1.84642	2.26389	2.57788	0.950968	0.689623	0.824777	0.555915	1.25253	1.34664	0.277964	0.573015	1.57516	1.56964	0.465635	0.938659	0.68646	1.91116	1.88257	2.0539	1.50756	1.49938	0.699349	1.96466	4.07775	3.52545	1.45148	2.53444	3.45775	0.813284	1.23212	0.286512	2.04178	0.894415	0.946595	0.575119	0.475362	1.3228	1.28755	0.886876	0.405182	0.167351	0.858052	1.04754	3.77034	1.83523	1.70065	1.93003	1.04937	0.681526	1.47065	0.975751	1.42804	0.746475	0.682604	0.295628	0.903282	0.544069	1.27602	2.63963	1.47645	1.57847	1.37157	3.28937	2.53238	1.89231	1.45629	1.13424	1.63113	0.396142	0.84815	1.80304	0.422696	0.458844	0.917867	0.827164	1.84377	1.72931	1.63122	3.55414	3.01433	2.17754	1.71122	2.19425	1.75328	1.46064	1.55483	1.80289	1.41785	1.22604	1.73808	1.34183	0.945101	2.03944	0.81777	1.44014	1.26518	1.30093	1.47343	2.27077	1.30073	0.633841	1.61582	2.55525	0.945875	2.46868	2.02519	1.56411	1.94157	1.85692	1.44417	1.68165	2.13457	1.08467	0.730447	1.13933	0.562793	1.12548	1.95136	2.47648	1.72931	0.308429	0.298878	0.932199	0.972995	0.771562	0.953198	1.45216	0.578041	0.815699	1.69089	2.46097	2.85617	2.58286	2.60994	2.53505	1.86877	1.88	1.59942	3.30688	3.83486	3.50893	3.13623	1.66045	0.881393	0.883876	1.1678	2.17484	0.384406	2.64426	1.32189	0.422681	1.12079	1.11386	0.47333	0.60616	1.24925	3.23333	0.224101	3.10311	1.24388	0.872332	0.815659	0.563228	0.725482	1.22822	1.04221	1.88871	1.25905	0.924143	0.330351	0.738631	0.452998	0.226237	1.34179	0.65555	1.62523	0.576802	0.796191	1.25541	0.743516	0.250553	0.581786	0.0792333	0.938652	1.18909	0.531487	0.219753	0.373575	0.383775	2.19117	1.00065	2.31803	0.978944	0.835269	0.646649	0.378052
0.128106	2.13225	2.25576	2.13904	3.53285	3.52071	1.43857	1.01269	0.932057	0.798761	1.75838	2.63212	2.26876	1.55089	1.9708	0.925038	0.485337	0.559244	1.08087	1.1425	0.0219706	0.112027	0.748225	0.314571	0.426595	1.14171	1.71328	3.74424	5.34559	5.0044	4.1818	3.13929	3.46475	5.01439	6.35309	4.15816	0.932553	1.57794	1.91782	4.398	4.86664	3.80152	2.37316	2.14106	1.0325	1.99403	0.684241	0.419737	0.245634	0.593184	0.719625	0.31456	1.19919	1.06563	2.19429	2.34246	3.38011	3.64933	1.59615	0.892115	1.56092	2.46399	3.40114	3.26897	1.8976	0.81404	0.712927	1.43049	1.53773	0.992499	0.932335	1.77141	0.838833	0.689863	0.397895	0.62833	1.58387	2.22695	1.98987	1.3656	1.50857	1.28931	1.00979	3.96899	3.96895	1.96055	3.15144	2.87508	1.31981	1.20637	0.343881	1.5581	1.5434	1.73642	1.3853	0.84203	0.308367	0.813177	1.08203	0.444873	0.219704	0.703023	2.40061	3.4351	0.257152	2.49079	1.76328	0.408681	1.37878	1.06469	0.509594	1.45873	1.7274	1.06179	0.7764	0.787509	0.37542	1.20417	1.95555	0.951755	0.924007	1.72642	3.38132	3.68083	1.68787	0.25621	1.40167	2.17087	0.432771	1.51303	2.0076	1.06037	0.831647	1.1238	0.825541	0.699216	1.58956	2.24841	0.83511	2.47991	0.530939	2.04818	2.39778	1.52303	0.841131	1.84601	1.70201	1.68997	1.29738	0.607635	1.41011	1.06018	1.94667	0.529122	0.762598	1.66244	1.89601	1.63266	1.69932	0.749838	0.42202	2.23117	2.89797	0.700979	2.95517	2.49074	1.6179	1.70482	1.35353	1.32107	2.11386	1.70863	0.604456	0.874875	1.33902	0.419727	1.41979	2.11387	2.16108	1.35282	0.514788	0.910319	0.946948	0.80179	1.00789	0.56312	0.771738	1.41965	1.53392	2.88044	3.44242	2.96766	2.35329	1.67813	0.749854	0.76263	2.49898	4.45826	5.01967	4.58051	3.80699	2.73295	1.44544	0.922684	0.31687	1.21513	2.24129	1.21851	2.36952	2.51492	0.963083	1.31818	0.709869	0.556227	0.820819	1.76047	2.85608	0.673919	2.96224	1.0285	0.836573	0.854547	1.21139	0.575023	1.14945	0.870468	1.58296	0.922149	0.863793	0.483825	0.785974	0.286457	0.73327	0.972826	1.4203	1.38316	0.549247	0.553191	1.46975	1.21857	0.926096	1.03344	0.817273	0.426588	0.711558	1.23722	1.10827	1.13387	0.981749	1.47429	0.474262	1.83908	0.629124	0.980752	0.673944	1.09863
0.889523	2.1171	1.72488	1.01418	2.32858	3.64203	2.24181	1.55292	0.507117	1.23093	1.38712	0.841863	0.92277	0.967429	2.42236	0.852946	0.405028	0.555682	1.16237	1.14591	1.87939	1.92487	1.53558	1.07109	1.23655	0.816273	4.90533	5.69849	5.17844	5.39108	4.50628	2.38754	2.34912	1.1186	3.84126	4.78458	4.03733	3.98285	3.67683	1.42536	1.33595	2.26406	1.58134	3.46115	1.69259	1.98648	1.14145	0.482262	0.71546	1.30487	1.84314	2.31726	2.29104	2.57175	1.51791	1.07081	2.11346	3.25286	2.36814	0.719527	0.512312	1.18277	2.02631	2.44353	2.7725	0.779982	0.970418	1.71413	1.78088	1.54123	1.66164	1.51279	0.512812	0.439866	0.285554	0.439869	1.61253	2.55766	1.65733	1.31632	2.41861	2.87347	2.03403	2.56415	3.05486	2.13566	3.38341	2.87926	2.3466	1.62118	0.530814	0.662252	1.40629	1.81748	1.63531	1.63703	0.596716	0.294714	0.750665	0.133617	0.473169	0.621297	2.36444	2.17544	1.77107	2.31195	0.522131	1.24315	1.42749	0.226162	0.734132	0.42252	0.483762	1.23012	1.33378	1.65742	1.74161	1.45544	1.76391	2.62032	2.64628	1.95072	1.34382	2.16056	1.03606	1.53811	2.94615	3.22632	1.96953	1.56062	1.58357	1.18069	1.13065	0.379197	0.307526	1.04163	1.35264	2.78781	3.61007	2.97345	1.67246	1.97193	1.29579	0.72749	0.596716	1.30373	1.40452	1.28067	1.43766	1.0554	1.33408	1.07821	2.08582	0.784936	0.856907	2.12607	2.40851	1.17966	1.11926	0.505692	0.757385	2.36871	2.80747	0.637376	2.75545	3.00561	2.41521	2.20992	1.60851	1.53444	2.16068	1.91234	1.30027	1.38988	1.31039	0.128088	1.88748	1.99337	1.42899	1.2647	0.518426	1.06541	1.14591	1.20859	1.144	0.512339	0.181136	1.17146	3.3486	2.92322	0.505692	1.26742	1.78741	2.38885	2.73488	2.39582	3.1709	3.76676	3.58104	3.13747	2.17146	1.496	0.902981	0.158406	0.660427	1.06449	1.83873	2.01631	1.03509	3.03804	1.97917	0.964901	0.079203	0.324318	0.624756	2.04243	2.9278	0.681266	2.93083	1.36534	0.560023	0.662252	0.882131	0.670555	0.670555	1.33373	1.90669	1.32433	1.30761	0.715114	0.594693	0.612668	1.24799	0.444788	1.98949	0.864451	0.676652	0.432669	0.828886	0.900558	0.0905709	0.871118	1.51273	0.267233	0.764042	1.16242	1.11867	0.936547	0.901643	1.03324	0.377929	1.37589	1.022	1.31632	1.01917	1.23187
1.06523	1.09641	1.40068	1.86618	2.43117	3.20115	2.7146	2.38379	2.21718	1.77346	0.683291	0.957499	1.39446	1.59318	3.08169	0.951427	0.934254	0.426408	0.901151	0.917362	2.18726	2.14033	1.91454	1.28042	2.07661	2.55598	4.81272	3.67617	0.640289	4.30513	5.70499	2.29133	1.9599	2.63596	2.22567	1.80508	3.00637	2.63368	3.48088	3.9936	1.9779	0.711274	1.27753	4.39213	2.34375	2.25417	1.257	0.461196	0.294644	2.00298	2.75295	2.99299	2.88906	3.34621	3.52848	2.69015	2.54539	3.40434	2.90082	1.45994	0.46328	0.625018	0.683979	1.43529	2.64974	1.39862	1.85176	2.07299	1.61779	1.30762	1.50807	0.840572	0.352075	0.403772	0.703096	0.372716	1.39769	2.4473	1.5626	0.419592	0.534808	1.5702	2.12386	1.52899	1.42315	1.3621	2.82692	1.9553	2.60202	1.58327	0.812841	0.624276	0.769886	0.159889	0.694451	1.34067	1.00007	0.314451	0.39593	0.815232	0.761402	0.48367	1.45447	2.0247	1.86291	1.38887	0.404968	1.57732	1.34587	0.682213	0.308249	0.709568	0.531183	0.875103	0.0219622	0.621954	1.9244	1.1638	0.421884	1.31403	2.07268	2.6573	2.27416	1.77295	0.992315	2.03517	3.09397	2.45865	1.53775	0.586011	1.8796	0.528907	1.22338	0.694491	0.847675	0.993765	0.471525	0.648524	2.04297	1.9716	1.1805	1.30741	1.03657	0.550368	0.576479	1.14378	1.43853	1.60527	1.59698	2.07537	1.38472	1.5743	2.51594	1.07693	1.40423	2.37941	2.32426	1.31012	0.894175	0.465369	1.02928	2.39332	2.81378	1.18048	2.32553	3.0111	3.18146	3.13514	1.83642	1.11322	1.91196	2.29646	1.14188	1.21273	1.29722	0.92885	2.40295	1.97575	0.993049	0.77703	0.625041	1.28283	0.944288	0.660301	0.642901	0.372716	0.62889	1.5228	4.37348	2.44505	2.05556	2.86591	3.44366	2.59319	1.08651	0.604225	2.78208	3.12289	2.01804	1.88169	1.13937	0.953442	0.730032	0.812546	0.90142	0.923614	1.37632	1.76213	0.815232	3.01204	2.42359	0.868745	0.181107	0.363525	0.229287	1.55935	3.05167	0.862924	2.86206	1.2518	0.31444	0.408501	0.52385	1.08469	0.197659	1.66296	1.2916	1.06948	1.49852	0.667903	0.257054	1.03232	1.90592	0.776439	2.15636	0.531183	0.555597	0.907817	0.133592	0.870952	0.858987	0.841702	1.13358	0.326497	1.34587	0.447938	0.35751	0.220715	0.45063	0.397748	0.267177	0.761041	0.583518	0.486133	0.437577	0.562905
0.463197	0.597317	1.40095	1.43523	2.07857	2.30603	2.6605	2.2001	2.13804	2.1136	0.69781	0.147295	0.607287	1.22825	2.06356	1.19974	1.27053	0.826494	0.74651	1.46295	2.0406	1.60269	2.24727	1.59154	1.47597	2.35598	2.82911	2.23509	2.17297	4.60232	5.12637	1.7085	0.505496	0.750408	0.678165	0.330099	2.0128	1.00232	1.18741	3.25232	3.14982	2.51511	0.667812	4.28158	3.5443	1.72631	1.45949	0.659075	0.390933	2.4056	3.64771	1.42356	0.836087	1.03217	1.45427	1.69084	1.722	2.80326	2.87463	2.60855	3.04519	3.65795	3.30335	1.84441	0.950474	2.63793	3.15943	3.02276	2.35266	1.7623	1.43123	1.42714	0.702962	0.196393	0.308191	0.422367	0.874374	2.00249	1.72508	1.29135	1.57206	1.4536	0.604133	0.377785	1.05412	1.90374	2.19962	1.07197	2.6834	0.926561	0.624922	0.538297	0.277752	0.772249	0.888082	0.757096	0.776882	0.676383	0.581355	0.471459	0.343701	0.419497	0.719252	1.89361	1.40524	0.35473	0.347172	1.29898	1.70554	0.265323	0.99991	0.854346	0.264399	1.34368	1.12895	0.74557	2.13802	1.12912	0.351323	0.967054	1.31801	0.99991	0.848079	0.883743	2.14959	1.37398	2.08216	1.77909	2.08332	1.86783	2.51348	1.30423	1.99785	0.9999	0.915048	1.09775	0.534706	0.528787	0.202439	0.645765	0.901276	1.09626	1.30033	0.781876	0.593268	0.841528	0.909021	1.58077	1.93157	2.58113	1.23125	2.16438	2.22616	1.32619	2.33676	3.19373	1.89376	1.09201	0.874936	0.397667	1.39742	2.40759	2.63531	1.24522	1.95691	2.67828	3.45261	3.35684	1.82131	0.995514	1.63165	2.37501	1.09003	0.919249	0.854017	0.720216	2.30011	2.5519	1.45914	0.570053	0.984072	1.24599	0.689468	0.242534	0.466809	0.528801	1.27735	2.31477	4.11978	1.1391	3.93502	3.16491	2.72268	2.15604	0.97449	0.55981	2.97271	3.66791	1.62174	1.34368	0.694358	0.874104	0.308193	0.736112	1.26896	1.30397	1.0458	1.02914	2.11892	2.4393	2.68671	0.878524	0.593252	0.55547	0.329376	1.22885	2.95795	0.814772	2.35549	0.828524	0.329376	0.307409	0.534251	0.903388	0.0490983	1.49292	1.00351	1.27053	0.959034	0.778741	0.602917	1.6931	1.89492	1.11537	1.95775	0.434751	0.319715	1.01017	0.0791684	0.900444	1.14184	0.307409	0.412536	0.397672	1.04141	0.298667	0.497794	0.250354	0.419486	0.256063	0.78829	0.766924	0.768483	0.694326	0.279469	0.242531
1.14168	1.47239	1.23881	2.05862	1.27873	1.07204	1.90271	2.85703	2.20866	1.79153	1.40542	1.54906	1.69922	1.9971	1.98868	2.44648	1.66067	1.29578	0.937792	1.54387	1.60036	0.485947	0.900294	1.55971	0.637008	2.09614	1.69802	0.784457	0.869802	4.14862	3.66067	1.10931	0.716759	0.843394	1.07762	0.465695	1.20807	1.49786	1.31992	1.88746	2.63748	3.25059	2.75687	2.13221	4.59289	1.59924	0.885977	0.8936	1.42672	1.46727	3.48412	2.35751	1.10238	1.60103	1.8026	1.88746	1.30964	1.79099	2.16649	2.70078	4.28627	4.43958	3.15714	2.65044	1.87171	1.28212	2.06276	2.55413	2.10711	1.32066	0.805962	1.19521	0.700406	0.461531	0.0219537	0.530962	0.6028	1.59116	1.69546	2.47217	0.795736	0.640032	1.04565	0.840533	1.36053	2.22018	2.2457	0.795141	2.47052	0.680885	0.384036	0.677681	0.219536	0.628621	0.66766	0.552766	0.900018	0.868412	0.13354	0.697335	0.71473	0.314323	1.27855	0.426266	1.39595	0.0791532	0.432977	0.678035	1.68994	1.74601	0.694192	0.730742	1.47495	1.48245	0.978008	0.779547	2.00355	0.854141	0.40481	1.7824	1.90879	1.72759	2.01243	0.47391	1.33729	1.83408	2.65459	2.28208	1.90003	1.47561	2.22947	0.196363	1.13316	1.74763	1.00715	0.13354	0.638156	0.956325	0.216214	0.357379	1.59542	1.45894	1.69009	0.812219	0.667671	0.766773	0.858639	1.12036	2.03228	2.5698	1.10021	2.34814	1.62889	1.45278	2.29717	4.24237	1.79595	0.974296	0.905082	0.579563	1.52597	2.15543	2.12499	1.84521	2.38423	3.01961	3.61563	2.55517	1.41241	1.54635	1.42919	2.09613	1.29576	0.966844	0.70556	1.23235	0.870619	2.39877	3.00743	1.11066	1.43525	1.30853	0.715071	0.618601	0.636631	1.83745	3.02405	3.45453	3.19273	0.877235	5.42048	3.39996	2.26022	2.85702	2.53557	0.706913	2.22951	4.31449	3.49621	2.10661	0.683729	0.764542	0.452569	0.711	1.1936	1.57366	0.579563	1.89356	1.95428	1.63141	2.36574	0.702817	0.640032	0.874794	0.671999	1.10997	2.73784	0.921463	1.9334	0.198797	0.275071	0.0694247	0.32637	0.465695	0.0981778	1.07176	0.505411	0.680888	0.308131	0.80775	0.901076	1.85657	0.716728	2.12172	1.38906	0.312026	0.52733	0.803865	0.202407	1.11279	1.10931	0.198797	0.155237	0.298592	0.439065	0.68195	0.383395	0.111941	0.809538	0.501561	1.18123	0.769584	0.950277	1.13824	0.304995	0.596379
0.310414	1.05092	0.581133	2.43501	2.20977	1.85736	1.99672	3.67722	2.91348	1.69881	1.69697	1.57015	0.904957	2.10661	0.0904992	0.357298	1.52821	1.43784	0.403541	1.25531	0.574453	1.54877	1.34642	1.09995	1.29607	2.3955	2.06343	1.34589	2.04151	4.81867	2.52206	0.267029	0.986435	0.465625	0.395707	0.964206	0.548707	0.667558	1.40516	1.24499	1.51166	2.38462	2.93515	0.836617	3.64405	3.29507	2.12684	1.4439	0.353925	0.277636	1.99839	3.34667	2.62898	2.56644	2.22917	1.60209	0.990326	0.528586	1.5413	2.07371	1.72572	0.902292	1.46897	1.97043	3.20361	3.88207	3.39243	2.14887	0.798939	1.67242	1.62985	1.66609	0.798043	0.11192	0.373784	0.764396	0.447682	1.40207	1.75662	2.33041	2.00866	1.59757	0.667561	0.766638	1.58981	1.82525	1.5587	2.48219	2.32003	0.807596	0.497634	0.181003	0.450373	1.09731	0.916549	0.550489	0.992481	0.751385	0.609828	0.809397	0.98983	0.493254	1.1143	0.776008	1.26791	0.0658488	0.326311	0.305726	0.667561	1.74288	2.18779	0.721981	2.55289	1.71222	1.01173	1.18778	1.47142	0.958163	1.14061	1.92345	1.14501	0.906519	2.12844	1.46443	0.946833	0.326307	1.60321	1.82332	1.58926	0.552656	2.07637	1.27287	2.57618	3.30817	2.11185	1.41579	0.983755	1.22426	1.08965	0.958699	1.2203	0.534502	1.25703	1.56907	1.60174	1.21682	1.94913	0.974599	2.23916	2.24152	1.05459	2.18781	1.21503	1.2759	2.19076	4.33483	1.93602	1.16666	0.922067	1.13956	1.82331	2.32631	2.50694	2.46044	2.85089	3.24514	3.13263	1.68789	0.991748	1.7897	1.52852	1.83497	1.30495	1.0247	0.245409	1.33073	0.659923	0.847219	3.13573	2.75459	1.80105	1.40876	0.96894	1.08435	1.58987	3.5011	3.71524	2.30613	0.223844	4.06712	5.71449	2.47885	1.429	2.6135	3.19932	2.18531	0.285343	2.77597	4.29734	4.38884	2.80023	0.597089	0.760606	0.785225	0.991748	1.4807	0.285349	2.53117	1.13872	1.04108	1.92343	0.834026	0.869674	1.21741	1.09822	1.16334	2.2519	0.62081	1.75373	0.605503	0.770709	0.569417	0.417035	0.223844	0.422205	0.840052	0.347059	0.608673	0.628915	1.00285	1.14141	1.57321	1.11068	2.3534	1.23702	1.19747	0.86912	0.12799	1.05188	1.75666	1.00697	0.256917	0.0877984	0.219495	0.233333	0.53986	0.233333	0.471279	0.726605	0.602677	1.34349	0.937578	0.933723	1.56416	0.188822	0.0905018
0.397438	0.693921	0.737648	0.862802	1.47918	1.6471	2.43201	4.28179	3.71804	1.98568	1.9661	2.41611	1.08658	3.02337	1.80817	2.06307	2.30813	1.91169	1.38994	1.76938	0.990131	1.95435	2.22397	2.00204	1.82098	1.94994	3.20891	3.79583	4.17187	4.68523	0.884594	1.37406	0.989637	0.791181	1.11884	1.26315	1.73661	1.0027	1.14961	0.603783	1.68987	3.20611	1.89383	1.43974	0.373057	2.70808	3.46219	3.66468	3.29973	1.68718	0.811936	2.1204	2.83855	1.68006	0.949926	0.755098	1.02783	0.883474	1.51784	1.48972	0.756689	0.493136	0.956714	0.778335	1.61061	3.27868	4.52556	3.6573	1.38769	1.0971	2.49445	2.23002	0.962031	1.16977	0.933579	0.906343	0.4813	1.20702	1.98897	1.99804	2.1369	2.57786	1.54052	0.414066	1.45435	2.82934	0.447594	3.0235	1.92367	1.20039	0.456654	0.830691	0.510432	1.32557	1.23069	0.533933	1.1199	0.97443	1.20123	1.51641	0.697407	0.564188	0.702567	0.791219	0.294419	0.590889	0.754128	0.131672	0.677449	2.00088	2.8341	0.404656	3.05436	2.11042	0.956761	1.21001	0.709052	2.01645	2.01451	1.62367	0.800884	0.676021	1.61819	1.89353	1.57298	1.22013	0.81311	0.482786	0.553871	0.57433	1.67654	2.25925	2.70447	2.51642	2.58169	2.64485	3.21191	2.73544	1.44295	1.65996	1.5762	2.3288	1.54303	1.82925	2.26722	1.17859	2.81438	1.32557	2.27472	1.82027	1.03153	1.74734	1.07606	0.596947	2.46967	3.45308	2.28121	2.10639	1.70394	1.82867	2.16537	2.44799	2.98612	3.25544	3.35322	3.04881	2.23771	1.36476	1.44808	1.78563	1.54421	1.48366	1.09557	1.17854	0.37564	1.10257	0.623763	0.481776	1.13803	1.87295	2.13454	2.17855	1.73486	1.70296	2.94083	3.90121	1.2794	1.9049	3.89568	5.78088	4.05492	1.14858	0.423834	1.6721	2.77109	2.74116	1.9919	0.377566	1.84723	3.63829	3.78659	1.50124	0.804759	1.0894	0.785684	1.31444	0.747386	2.82051	0.958011	0.93924	1.35342	0.579342	0.537975	0.490711	1.44289	1.27938	2.05585	0.176924	2.08383	0.85582	0.919031	0.863662	0.926065	0.700172	0.852148	1.12444	1.34562	1.48374	1.16811	1.23048	1.18668	1.03225	1.0687	1.7468	0.636765	0.438909	0.685544	1.11237	0.9382	1.0115	0.0620691	0.377547	0.14721	0.397443	0.40821	0.590864	0.248275	0.314203	0.133489	1.15442	1.14478	0.713758	0.576005	1.51638	0.432256	0.219452
1.04984	0.631701	0.637776	1.33657	2.05005	1.69254	0.692771	4.22525	4.51093	2.26765	1.5699	2.79673	2.25446	2.60833	1.03136	0.957828	1.09097	0.877555	0.864299	1.31493	1.36293	1.94422	1.65973	2.07244	1.21159	0.59037	0.977482	1.92939	2.91527	2.07341	1.4816	1.39517	1.08764	0.918548	1.24271	1.07161	1.04224	0.875946	1.54115	1.94663	2.48567	1.71732	1.90456	3.71892	3.87595	1.41484	1.77183	2.73738	3.70936	3.04368	1.30317	1.46993	1.1855	1.55805	1.10242	0.686819	1.14457	1.68144	2.80836	1.52754	0.479197	0.521514	0.924854	1.10743	0.865699	1.93452	3.43729	3.8779	3.27576	1.31808	2.062	3.0654	0.965551	0.669819	1.14018	0.839764	0.250169	0.37364	1.47039	1.87723	2.36429	2.95351	2.51021	1.40462	1.63474	1.92929	1.1865	2.58873	1.41569	1.15834	0.988226	0.791068	0.900292	0.392481	1.29506	1.53692	1.67306	1.65036	1.58487	2.36964	1.44218	0.559385	0.311847	0.271392	0.516414	0.521527	0.702081	1.14413	1.42338	1.20837	2.20185	0.883062	2.82159	2.15553	0.745292	1.44328	2.73218	3.20723	4.25928	1.58909	1.01136	0.69728	0.778187	1.23028	1.14079	0.890934	1.0085	1.04044	0.821512	0.770384	1.24134	2.78219	2.83828	0.631701	1.01131	0.631722	2.26091	2.77957	2.02738	2.51324	1.1629	0.516414	0.747265	1.34585	2.22009	0.395537	2.82405	1.11883	2.0202	1.15834	0.73555	1.0106	1.71942	0.72435	2.47338	2.05745	1.94908	2.74558	2.39658	1.99587	1.85297	1.57268	2.24902	3.07085	3.14377	2.71818	1.96175	1.44716	1.80511	1.82103	1.49311	1.21353	0.875915	0.952498	0.266926	0.969303	0.816516	0.250169	0.264198	0.592811	1.71331	2.47358	2.62796	3.01155	3.52491	1.68771	2.14932	3.33549	3.17828	3.56714	1.93017	0.198684	0.0693829	0.795281	1.93653	2.23955	2.31093	2.06727	0.65857	2.16654	4.21616	2.56543	0.647873	1.21153	0.795281	1.21153	0.985532	2.73031	0.967556	0.890934	0.614328	0.48318	0.530658	0.400385	1.17176	1.20476	2.11673	0.804933	2.46464	0.819744	0.561964	0.62867	0.865713	0.664034	0.485669	0.833973	0.903497	0.437159	1.3503	1.32948	0.930778	0.378761	0.751105	1.3403	0.186171	0.721701	1.27257	1.29299	0.118159	0.67304	0.71197	0.24531	0.444258	0.988226	1.28145	1.64399	1.28761	0.794687	0.159731	1.46116	0.431061	0.49744	0.827931	1.20995	0.965551	0.435522
0.989731	1.05399	0.492948	1.4081	2.39785	3.34686	2.88543	2.33552	4.75749	2.93277	1.10457	1.28527	1.08367	1.34239	1.84419	1.92228	1.73471	1.03118	2.40418	2.47507	2.23687	1.91483	1.27613	1.21611	0.483112	0.0658109	0.265069	0.953332	1.89804	0.680369	1.87436	1.13763	1.77687	1.0757	0.692626	1.0104	0.833546	0.342671	1.58343	0.92569	0.468953	1.62841	3.46874	3.4422	5.03483	4.37934	3.07087	2.18939	1.67274	3.08416	3.09136	1.81383	0.615774	2.25844	1.91038	2.32547	1.7676	0.590258	1.96392	2.32078	2.1885	1.66115	0.985124	0.511628	1.39954	1.61305	1.85036	2.40692	2.63783	2.04957	0.735763	3.3106	3.06894	1.18524	0.621206	0.452221	1.42628	1.73711	1.30869	0.494903	0.920761	2.39064	3.83736	2.96211	1.22767	0.94346	0.967352	1.7413	1.28733	1.1195	1.8672	1.28532	2.05237	0.575815	0.277477	1.49152	2.29457	2.04006	0.856612	1.33627	1.08921	0.216057	0.109682	0.602332	0.474547	0.219369	0.171328	2.21707	1.30367	0.748708	1.90726	0.971113	2.90155	2.5664	1.95176	0.560544	3.30945	4.07716	4.84674	0.99482	0.490518	0.706371	0.505026	0.473538	0.772749	1.02557	1.21967	1.33417	1.24772	0.180898	1.14497	2.55088	2.82765	2.71582	2.32006	2.22022	3.43762	0.155116	2.58424	2.45166	1.46813	0.500234	0.326118	1.0547	2.39335	1.54167	2.03451	0.70808	1.09515	1.19434	0.663194	0.395461	1.57246	0.724196	2.43505	1.21328	0.666084	1.68112	1.72932	1.58043	1.75073	1.91038	2.31425	2.52346	2.47749	2.81402	2.75973	1.8599	1.63013	2.07302	1.64543	0.991219	0.873279	0.67289	0.490503	1.31106	2.73589	3.30483	3.2469	2.72826	2.35731	2.55397	2.59178	2.18972	0.421955	2.60982	4.18618	2.45673	1.1376	2.39571	2.2456	0.319399	0.31023	0.615778	1.05329	0.879877	1.95066	2.75676	1.64773	0.85349	3.97629	3.93556	0.737073	0.93086	0.888293	1.20792	0.993116	2.38737	0.991903	0.225849	0.0620487	0.628141	0.487064	0.452224	0.786305	1.36509	1.76774	1.47124	2.49929	1.11436	0.993164	1.02557	1.12786	1.13823	0.334857	1.02062	1.74635	2.42648	2.19889	1.47534	0.723881	0.138739	0.89611	0.875748	0.792711	1.16148	0.688807	0.624302	0.659917	0.726551	0.899352	0.663194	0.888323	1.45565	1.23025	0.417371	0.952319	0.980935	0.365108	1.62419	0.208115	0.821316	1.16003	1.16086	0.487056	0.323885
0.550044	1.26066	1.13801	1.79801	3.24664	0.460578	3.41576	0.523151	4.32928	3.05859	1.8902	1.58799	1.60426	0.922422	1.19836	1.30273	2.30374	0.225816	3.15567	2.37968	3.39673	2.78088	2.27913	1.99234	1.31371	0.288476	0.465266	0.541671	2.4702	0.83941	1.71081	1.5753	1.23936	0.68025	0.548316	0.267715	0.804307	0.574013	1.90046	0.645402	0.877518	0.851661	2.81541	1.14476	3.51304	3.22673	3.75572	4.69592	3.58361	1.92551	1.04004	3.18427	3.26325	2.39013	1.12892	3.09867	2.65009	0.155087	1.03096	0.310171	1.31814	2.30749	2.51924	1.86479	1.65396	1.90943	1.44657	2.19621	2.29203	2.0155	1.26751	1.7772	3.40063	2.24895	1.36592	0.877516	2.10136	1.36349	1.53182	1.557	1.51995	1.00616	3.73543	3.83118	2.09827	0.592555	1.1481	1.60079	1.0788	0.80642	1.5963	0.877516	2.98467	0.79256	1.4138	0.965923	2.3724	1.4672	1.72818	2.15022	1.3649	0.775068	0.0693564	1.06286	0.549629	0.223672	0.357032	2.37624	1.85338	0.980007	2.16715	1.53506	2.45033	2.07667	2.25319	1.3058	1.83602	3.39929	2.45512	0.70728	0.671359	1.40972	1.17893	0.952166	0.430897	0.854209	0.95218	0.767306	1.26524	0.899414	0.916371	1.94617	1.67823	2.17752	1.39865	1.00978	3.71592	1.80123	2.20144	2.22875	1.35334	0.481501	1.01094	1.38171	2.26057	1.41708	0.721402	0.639404	0.579034	1.29456	0.688665	0.111837	1.32481	1.23679	2.57732	1.30396	1.19488	0.639415	1.41107	0.941985	0.912198	1.13468	1.29679	1.2111	0.87644	1.76307	1.51368	1.95139	1.36398	2.66572	1.37385	1.0062	0.968925	0.267728	0.523151	2.64639	3.2133	3.61049	3.69284	3.28179	2.45513	1.85226	0.474479	1.21109	2.54802	3.70155	3.28631	1.51955	0.776034	1.45748	2.35321	0.990772	0.925269	0.979064	0.859806	0.444086	0.861768	2.78813	2.34953	0.725069	2.92903	4.49798	1.63275	0.555272	1.01094	1.32481	0.707259	2.06876	0.952147	0.688676	0.392331	0.707259	0.29425	0.543	0.91216	1.87298	1.2063	2.14846	2.27512	0.885179	0.763852	0.682373	1.00234	1.85013	0.263192	0.395391	1.14056	1.72663	1.71883	1.24132	0.592585	0.517605	1.01092	0.444086	1.25301	0.757497	0.425839	0.636041	0.535445	0.34048	0.500125	0.40323	0.513901	1.06109	1.56117	1.10634	0.714369	0.792246	0.462665	1.46143	0.37286	1.30783	1.39462	0.357032	0.614487	1.10283
0.834375	1.86102	1.36316	1.30702	3.06989	2.51346	4.07115	1.47869	4.49	2.44129	2.71579	2.04267	0.943857	1.0753	1.08929	1.35102	2.18571	0.0904148	3.55377	1.06695	2.15684	1.47392	0.548636	1.59069	1.46639	0.725907	0.984995	0.840418	1.76163	2.28077	1.22863	0.0490324	0.439111	0.90302	0.811621	0.767159	0.811598	1.0547	1.67482	0.63928	0.856283	1.03702	2.56721	0.946916	2.756	1.08922	1.91513	3.30734	4.96933	4.95182	3.90609	0.26406	3.92409	3.74305	1.29075	3.81484	3.68045	1.38836	1.65056	0.533989	1.44244	0.682243	1.88794	1.93521	2.65257	2.74555	1.71402	1.68726	1.6243	1.9132	2.00664	0.593668	2.26717	2.44243	2.16148	1.27715	1.6662	0.688172	0.598495	1.02019	1.80765	1.00959	3.08596	3.20779	2.65792	1.62228	1.41405	1.54722	0.513772	0.474389	0.767118	0.783555	2.85214	1.27708	1.66215	0.732823	2.44855	0.748403	0.202173	1.21063	0.438574	1.41198	0.739692	2.04318	1.58154	1.37986	0.617893	1.89288	2.04681	1.20612	2.17074	2.58818	3.22497	1.98313	1.74504	1.63771	1.49855	2.50602	1.68858	1.01741	1.14773	1.69155	1.0708	1.29523	1.41352	0.818658	0.596516	0.688516	1.40464	1.03492	0.537562	1.6475	0.65708	0.930754	0.759875	0.901402	2.60725	1.58721	0.936677	2.35735	1.9291	1.55226	1.44117	0.73515	1.41693	1.54026	0.804471	0.407875	0.941542	0.726236	1.13186	0.285068	0.798142	1.71227	2.0608	1.45224	1.39504	0.620964	1.44244	0.644891	0.208027	0.478922	0.905648	1.04809	0.382968	1.57872	0.941542	1.35931	2.0806	2.84479	1.03428	1.15106	1.37724	1.04536	0.943862	3.75613	2.66762	0.452072	0.982751	0.706096	0.500502	1.55287	3.2729	3.68069	2.97078	2.58327	1.85651	0.706133	0.932867	0.511907	1.68627	1.53479	0.881451	0.548636	0.331832	0.663642	0.57934	2.3628	3.04187	1.45588	2.46933	4.61226	2.51207	0.650864	1.15955	1.32727	0.533533	1.75491	0.66832	0.592437	0.785999	0.435247	0.313973	1.10415	1.69028	1.40072	0.650864	2.32403	2.23272	0.387961	0.575561	0.480933	1.03331	1.86643	0.298266	0.955259	1.68801	1.72847	0.682907	0.316263	0.500984	0.790873	0.88387	0.30542	1.05607	0.737081	0.632471	0.176791	0.782639	0.88501	0.839572	0.434167	0.421238	0.894722	1.12593	0.804149	0.400147	0.714228	0.382954	1.38674	0.271243	1.39899	1.56328	1.00216	0.98693	1.34187
1.31977	2.17593	1.5151	0.846215	1.7828	0.548531	2.92221	1.96955	4.88925	1.48918	2.63846	2.33428	0.828753	1.18175	1.28945	1.41739	0.704623	1.18881	2.59829	0.973533	2.78531	1.91191	1.61665	2.02485	0.943677	1.29848	1.20645	1.38441	0.973025	2.85848	3.69293	1.7482	1.44153	1.24104	1.05409	0.984808	1.00391	1.89467	1.50538	0.711387	0.245123	1.34194	2.02967	1.08311	2.31201	0.686669	2.21417	1.98208	2.90494	3.65706	5.34251	2.20885	3.61229	4.99475	1.65329	4.25893	4.51995	0.846254	2.71205	1.175	1.34302	1.27257	1.06043	0.684926	2.34959	2.46379	1.38256	0.421158	1.89981	2.52738	2.76344	1.39897	0.425674	2.07269	3.08405	2.74771	1.76328	0.696748	0.527996	0.892675	1.76489	1.5606	1.87262	2.25445	2.78244	2.21424	1.32434	0.658049	0.627044	1.53264	1.71497	1.74926	2.39881	1.18231	1.23419	1.00385	2.55822	1.27685	1.1317	2.03041	0.499931	1.38632	1.66592	2.3339	1.13424	1.4727	0.87718	1.45295	1.21537	0.790445	1.11129	1.59167	2.37794	1.56552	0.591936	0.98038	0.876106	2.23853	1.63785	1.28609	2.23703	2.31283	1.10093	1.00002	1.86607	1.2246	0.285008	1.30677	1.22637	0.654018	0.256611	1.48178	1.76427	1.11969	1.00602	2.10604	2.12613	0.98038	0.499947	1.95161	2.24438	1.67187	1.22937	0.806119	1.16186	1.90962	1.65897	0.772295	1.54695	0.859733	2.0405	2.34906	1.82127	1.06043	1.06675	1.79774	0.970793	0.901199	1.22695	0.688385	0.705965	0.264917	0.52111	1.01054	0.726098	1.04143	1.4146	1.23071	2.18537	1.86497	0.675386	0.994048	1.35872	1.50545	1.90875	3.74422	1.60137	1.49197	2.88129	3.09276	3.79926	4.66806	4.72634	3.94947	2.99714	2.18318	1.25256	0.470737	0.764815	0.723143	0.813788	1.52629	0.59234	0.620071	0.457791	0.666793	1.30794	2.40526	3.16369	1.67781	2.97926	4.78333	2.76354	0.158094	1.1618	1.03195	0.833378	1.36431	1.00577	1.05248	0.679622	0.0620095	0.206838	1.2106	0.973477	1.17849	2.0786	2.07672	1.90075	0.466121	1.4415	0.637305	0.75052	1.22323	0.553343	1.22952	1.37033	2.4747	1.44151	0.175394	0.579199	0.794361	0.973477	0.118068	1.06041	0.718122	0.563662	0.682818	0.995218	0.700529	0.736972	0.526624	0.397058	1.11368	0.930619	0.356908	0.206827	0.654057	1.42483	1.64519	0.76104	1.48565	1.29626	0.899895	0.903096	1.11134
1.43773	1.42469	2.43871	1.60922	1.92085	1.32828	3.319	2.21053	4.48947	1.24324	2.13434	2.27255	1.10137	0.942763	0.797877	0.411845	1.23395	2.56444	2.01108	1.961	3.15091	2.18893	1.63056	1.78358	1.24947	1.66776	0.767471	1.34456	1.80514	2.26941	2.67879	2.56887	2.14098	0.285803	0.68512	0.986552	0.620765	2.23938	1.73679	0.6634	0.719018	1.22104	1.36404	1.14829	1.6498	0.496967	1.9521	3.55169	2.63956	1.6546	5.36633	3.35955	2.64388	5.58893	3.06971	3.65306	4.14176	1.23688	1.31952	2.12811	0.828546	1.47766	1.24543	0.99816	2.06699	2.1691	1.58327	2.04626	1.90046	2.35489	3.18986	2.59976	1.82205	1.25077	2.49172	2.86043	2.20115	1.33332	0.852587	0.723679	1.02619	1.41304	1.49925	0.909266	1.85231	1.85366	1.43781	0.639037	0.922916	2.11066	1.64376	2.851	2.44067	0.921608	0.202096	2.37824	3.12257	2.25578	1.78741	2.68998	1.73943	0.53333	1.77265	1.58768	0.37327	0.857324	1.0866	1.33595	0.578672	1.10566	0.614115	1.39605	1.28577	0.702776	1.13735	1.36271	1.19239	2.2184	1.23394	2.01055	4.02978	3.82218	2.78775	1.33271	1.61181	1.18857	1.64986	2.07632	0.651725	1.26209	2.20682	1.5436	2.54892	1.68962	0.97284	2.91871	1.25002	0.245071	0.774619	0.657557	1.58327	0.631095	0.382805	0.746554	1.55335	2.33117	3.17787	2.23515	1.45452	2.59199	2.29742	3.13346	3.32849	2.67679	2.10448	2.43211	1.74446	1.49088	1.4992	1.00558	0.912423	0.554534	0.861273	0.864886	1.56622	1.11972	1.25765	2.14588	1.02732	0.456106	0.810977	1.46983	1.72621	1.94724	2.48746	2.85312	0.417053	2.12297	2.75836	2.76936	3.73438	3.48327	2.4654	2.10812	2.19997	1.65988	0.644682	0.542251	0.486709	0.789381	1.42452	1.78587	0.922908	1.12012	0.449741	0.504151	1.20563	2.11077	2.50004	1.33127	3.28243	4.50425	2.51837	1.15311	0.964625	0.449741	0.460313	0.846618	1.3195	1.11109	0.402999	0.188558	0.395166	0.60901	1.9309	3.14078	3.12474	2.36772	1.54746	0.743975	2.16856	0.561828	0.30453	0.980193	0.367437	1.14744	0.255622	2.4885	1.82936	0.271139	0.519624	0.535108	1.24941	0.319154	1.5094	0.886553	0.852598	0.932004	0.542266	0.342389	0.233006	0.569053	0.723657	1.11108	0.378391	0.402384	0.36283	1.08262	1.98187	2.0819	1.50342	1.84818	1.4815	0.908231	0.790295	0.592246
1.75328	1.21014	2.77735	3.74871	0.682541	0.813502	2.29194	0.745083	3.50545	2.37782	2.48735	3.04922	2.01085	0.882053	0.313782	0.043832	2.08392	2.68158	0.679731	2.92723	3.91697	0.588061	0.828389	1.6803	1.27504	1.16139	0.319103	0.505954	1.62863	3.64172	4.52487	3.88532	3.46172	2.47848	0.679364	0.418684	0.644553	1.87499	1.80366	0.331643	0.390185	0.901661	0.780335	1.392	0.965179	0.515833	0.215842	2.62116	4.41989	3.72969	3.73066	3.13353	1.35161	4.45041	2.39559	3.58979	2.12043	1.40848	0.833036	1.2052	2.75645	1.05298	0.763225	0.945326	2.12662	2.60824	1.96063	2.5323	0.917754	0.568517	1.58557	1.93234	2.47067	2.76234	0.72945	1.40251	1.69216	1.68366	1.51457	0.951458	0.921719	1.41125	2.3026	2.14124	0.977337	0.95473	1.96012	2.22547	1.4018	2.172	0.372557	2.71978	2.35293	1.21765	1.61435	3.2283	3.16028	2.05751	1.14665	2.42098	2.36359	0.647127	1.43076	0.815243	1.07441	1.03367	0.930237	1.30737	0.638912	0.99361	0.485128	1.55932	1.30333	0.596147	2.68577	2.39993	3.70277	3.36979	1.39357	3.19662	4.84499	2.38056	4.56825	1.84663	1.06091	0.623337	1.40949	1.61154	1.41899	2.54288	2.31041	3.19875	3.66131	2.05798	0.635537	2.52237	2.09871	1.95866	1.67679	1.53143	2.41291	1.32386	1.29948	0.504055	1.27088	0.468505	2.43552	2.77945	2.14693	2.41227	1.51816	1.0957	1.6956	2.2664	1.80296	1.7589	2.0138	2.1071	2.04951	1.42442	1.47997	1.65319	1.74633	1.81146	2.30661	2.05132	1.92057	2.53952	1.18595	0.821453	1.84912	1.91215	1.64694	1.69631	1.92006	1.75614	0.734705	2.56873	2.66105	2.4339	2.21332	0.973106	0.606125	0.774472	0.790164	1.09763	0.846457	0.908032	0.651601	0.85466	1.4799	0.808443	0.94253	0.834455	0.883385	0.72847	1.11733	1.82245	2.13876	1.17308	3.31486	3.90691	1.85998	1.62268	0.722867	0.570219	0.80368	0.701598	1.13628	1.19618	0.23705	0.395079	0.838765	0.760704	3.19016	3.3409	3.69068	3.51156	2.61664	1.89633	2.88155	1.51249	0.705734	1.03156	1.14826	0.970423	1.0411	2.12256	1.75117	0.111749	0.346508	0.350651	1.23353	0.990274	1.48508	0.590076	0.277221	0.264816	0.32359	0.31379	0.237063	0.553133	0.929743	0.670462	0.23705	0.329467	0.704347	1.46474	2.25622	1.03158	1.41277	2.21839	2.44932	1.70421	0.924842	0.425529
4.15181	4.05079	2.7703	3.96875	2.44884	1.65752	1.94697	1.10269	2.7508	3.86782	3.66008	3.50159	2.38865	1.01377	0.20201	0.790014	2.64792	2.78114	1.25723	3.53541	3.14481	1.1768	1.98873	2.43088	3.00566	2.14968	0.285701	0.520816	1.17285	1.23643	3.01065	1.902	2.15145	2.6107	1.53358	0.589583	1.14683	1.62428	1.93603	1.1376	1.35987	1.12079	1.16285	1.79058	0.872307	0.736519	0.968471	0.930088	2.17268	1.99501	0.470468	4.17015	5.69957	4.02739	1.3492	3.78579	2.55531	1.28592	1.13671	1.34783	3.43377	3.65535	2.38386	2.67707	3.38646	2.71503	2.26253	2.98022	2.67549	2.45621	1.98068	1.33656	2.21972	2.88601	1.50277	0.941115	1.49515	1.76227	2.66024	2.68042	1.87536	1.39335	1.97323	1.83479	1.68672	1.94528	1.59092	3.01475	2.80036	2.55131	0.702513	2.34167	2.32227	2.08344	2.61178	2.8545	2.07285	2.38296	2.31462	2.33382	2.33255	1.10025	1.11238	0.464813	1.41872	1.34283	1.62107	1.2595	0.505851	0.852222	0.731296	1.60272	1.03555	0.623205	3.71337	2.46785	3.74655	4.71445	1.88488	2.51016	4.84319	3.69676	5.08239	2.27361	0.589985	0.20672	0.815088	1.44519	0.797527	3.58181	1.70716	1.34999	1.34514	0.813036	1.73272	2.09955	2.85936	2.60577	2.19406	1.70132	1.63883	0.638824	1.3261	1.14306	2.12859	3.56397	2.75962	1.34052	0.907895	1.84114	2.3693	1.9127	1.04454	0.834329	1.56824	0.90892	0.988595	1.85574	1.62824	1.81377	2.9377	3.17315	2.836	3.27961	3.85874	3.33397	3.09193	3.54557	2.85944	2.57175	2.32944	1.49031	0.455959	0.264753	0.619741	1.40382	1.998	3.28109	2.30655	1.78179	2.30205	1.26156	0.858954	0.797527	0.35331	0.806206	0.892124	1.36477	1.2058	1.57301	1.14681	0.372486	0.828231	0.519452	1.15144	1.49369	1.30751	1.73877	2.48756	1.40376	3.19279	3.29651	1.21506	1.57432	0.277168	0.886199	1.30952	1.35204	0.584652	0.903359	0.648865	0.482048	1.14303	1.57965	3.66796	2.52361	2.83621	3.67267	4.2242	3.38257	3.69853	2.72771	1.52943	1.57968	1.78731	0.455959	0.176657	1.56408	1.30749	0.41862	0.353322	0.763125	1.33713	1.85377	1.6903	0.924405	0.372496	0.133285	0.484034	0.951273	0.862347	0.504449	0.505858	0.176657	0.267458	0.551712	1.17435	1.32919	1.95241	1.02879	0.118001	1.01497	1.89101	1.7962	0.87694	0.371839
6.52915	7.20969	4.64494	3.02023	3.5691	1.50489	0.931471	0.495716	0.741287	1.86498	2.33219	4.01386	4.05835	0.760429	1.49964	0.774525	2.98701	2.25398	2.05632	3.86775	1.35396	1.63923	1.18791	1.37857	2.8591	4.1503	1.08598	1.25388	0.662273	2.36623	1.88942	0.387591	2.02507	2.51779	1.06884	0.500051	1.05325	1.3717	1.84165	1.14931	1.39098	1.28916	1.05236	1.31587	0.825794	0.964093	0.970041	0.670552	1.25332	1.65439	2.73153	4.10244	4.01049	2.36722	3.88535	3.6725	2.10953	2.64394	2.07114	2.34648	2.13761	3.37563	2.33909	2.80205	2.60751	1.41882	1.58921	1.97628	2.18647	2.24261	2.14612	1.69085	2.41087	2.60442	1.65943	0.82114	1.22664	1.02864	1.64019	2.07145	1.92727	1.33687	1.73555	0.863015	2.15658	2.96096	0.911124	2.52749	4.19073	3.12439	0.372434	1.99671	2.07025	2.29917	3.73564	2.87905	2.4927	2.97572	2.46974	1.80079	1.71232	0.736048	0.656454	0.679472	1.49483	1.48065	1.38148	0.745157	0.346392	0.940646	1.1917	1.02603	1.04436	0.206681	3.39924	3.47903	3.14914	3.54366	1.8382	1.4562	1.49084	2.78077	3.16427	1.53	0.636789	0.418535	0.305141	0.728199	0.701362	3.06288	2.84229	0.589471	1.3931	2.45609	1.39978	0.653559	1.56751	2.19252	1.94604	0.709508	0.775101	0.548973	1.29006	0.538828	2.45806	2.68561	2.59502	1.61915	2.03012	2.11357	1.73959	2.02999	2.62716	1.20494	1.23325	1.40247	1.10068	1.84839	0.657567	1.98124	2.85419	3.08174	3.07436	3.58569	3.27899	2.25156	1.77453	2.34291	1.54645	1.54877	1.22842	0.351203	0.900544	1.91972	3.61278	4.79603	4.43478	3.72603	2.10519	0.967088	1.89145	1.61089	1.35604	0.6572	0.274507	0.489853	0.866588	1.36748	1.11541	1.21743	1.00863	0.60909	0.845571	0.616911	0.898434	1.63675	1.71356	1.64652	2.23777	1.08753	3.16898	2.82448	1.082	1.76184	0.37307	1.13077	1.28839	2.09173	0.0692767	0.305141	1.39302	0.249791	0.943744	1.42387	2.79039	3.19429	2.4153	1.90539	2.65845	2.83598	3.32596	2.81095	1.39222	1.76361	1.62733	0.759512	0.834177	1.51299	1.06256	1.0596	0.834147	0.712573	0.997618	1.2944	1.37228	1.21804	1.22664	0.508135	0.999257	0.832721	0.89814	0.36724	0.225546	0.154909	0.297968	0.853189	0.861333	0.746127	0.929353	1.14659	0.940693	0.680536	0.0903261	1.52136	1.5256	0.216867
6.96176	10.4183	10.8288	5.19365	1.65549	2.46457	2.32284	1.73447	1.81756	1.77353	0.323406	3.42808	5.57493	5.21945	4.00973	2.59453	3.43681	2.30706	2.60701	3.3467	1.02635	2.534	0.96764	0.997428	2.14732	3.93643	1.75168	0.745966	1.27136	1.88347	1.64914	1.39094	2.73101	2.72664	0.917282	0.807696	1.24849	1.02536	1.24847	1.4752	1.66938	2.12468	1.94092	1.64945	1.24659	0.960693	0.914653	1.45791	2.18252	1.72668	2.1798	2.77616	3.12081	3.04368	2.96791	4.11688	1.99253	0.496588	1.33178	1.04115	0.76502	1.36406	1.30082	0.985801	1.62106	3.28013	3.65426	3.14403	2.62171	1.99066	1.52885	0.940514	1.77483	2.88552	3.39642	3.43559	3.58704	3.58039	3.95888	3.85587	2.70418	1.70852	1.56348	0.504228	2.07536	2.78644	1.62366	1.18339	3.91691	4.09543	2.27681	1.02256	1.33422	1.54034	3.45356	2.53476	0.646791	0.342149	1.11202	1.24237	0.285576	1.06576	0.972106	1.29081	0.94202	0.84541	1.34035	0.353176	1.20513	1.27436	1.63548	2.97692	3.75816	3.38445	1.22954	1.88353	1.47749	2.0802	0.712394	0.333613	0.769382	0.791499	1.35776	2.17747	1.50228	0.860618	0.682168	1.03842	1.26074	2.60256	3.15239	1.30668	0.372996	1.56719	0.784228	1.32991	3.20207	3.72245	2.99692	0.376847	0.854451	1.14594	1.51743	0.43143	3.31196	0.682151	2.71325	1.52501	1.50985	2.29221	0.736239	1.15268	2.9493	3.50455	1.10547	2.5753	3.2268	3.59976	2.99054	2.33103	2.10362	1.84374	2.45897	2.75618	0.942046	1.50985	1.58549	2.50138	2.00577	1.69534	1.61068	1.90784	2.76052	4.00479	5.72155	6.52713	6.84122	5.47878	3.31331	1.82519	2.55266	1.77699	0.991596	0.810646	0.451022	0.534701	0.620255	1.02629	1.30699	0.255441	1.07518	1.27588	1.42495	0.305083	0.668672	1.65174	2.4967	2.3365	1.34924	1.17533	3.13293	2.36276	1.66762	2.18137	1.33033	1.88353	0.991629	1.64562	1.12573	0.638577	1.63978	0.413255	0.72576	1.06576	1.08798	3.15239	3.80641	2.97242	0.696053	2.27544	3.04548	2.77198	1.60615	1.74512	1.02207	0.29223	0.421304	1.36054	0.931757	1.48938	1.11669	0.21904	0.587697	0.43475	0.450999	0.29387	1.22954	1.38125	0.919357	0.372999	0.613274	0.175227	0.568637	0.696085	0.434776	0.598214	1.03515	0.413278	0.415589	1.01884	1.27324	1.16591	1.14599	0.617157	1.73109	1.39196
3.71352	6.65935	10.4723	8.52597	2.19971	2.91503	2.66454	1.37871	0.516843	0.292167	1.23568	1.51706	3.51388	4.43085	4.29202	3.9822	3.97926	3.14803	2.01454	2.54649	1.49461	3.15315	2.76536	2.04101	3.47822	2.71569	1.28306	0.578538	0.389911	0.863755	0.669951	0.935474	2.32957	2.10224	1.05218	1.44336	1.03285	0.803962	0.409099	0.632017	1.3596	1.91903	1.49667	1.60781	1.59842	1.06961	0.581848	1.28306	1.56429	0.911597	0.821945	1.78356	2.90695	0.98928	1.63796	4.25333	4.42962	3.25838	3.14685	3.43369	2.88056	1.50199	0.8034	1.97224	3.21045	3.68846	4.05704	3.80837	3.71419	2.91805	2.27144	1.77425	1.61082	2.53137	3.58543	4.50875	5.22727	5.46562	5.789	5.48116	4.5428	4.17816	3.03101	0.420652	1.94872	1.91902	1.79529	0.898626	2.12759	2.82837	2.80122	1.14616	1.03354	1.51998	2.80258	2.4606	0.766097	0.969413	1.76573	1.76573	1.37176	1.46843	0.75637	0.91365	0.0789612	0.547457	1.30365	2.49647	2.25144	1.22403	0.989251	2.11276	2.6153	3.92515	3.78485	1.77319	0.532812	1.49776	1.02072	0.383065	0.647007	1.03286	0.623229	1.69502	2.10474	1.42438	1.09945	1.72635	1.50821	2.43208	2.66023	2.19079	0.66743	1.09506	1.40694	2.5197	3.15085	2.60258	3.83373	1.08431	0.852908	0.676	0.976556	0.496494	2.96734	0.420677	2.3979	1.5612	1.61845	1.51241	2.04662	1.38498	0.990242	3.48594	3.64907	0.511236	2.12546	3.28924	3.58961	2.93114	1.8053	0.486246	0.619752	0.994098	2.6057	3.39411	3.94116	6.0636	7.09477	6.7674	7.08214	7.28445	6.77743	6.11615	5.2773	4.11361	4.06333	3.9763	3.35539	1.62338	2.81802	1.58624	0.763942	1.01222	0.0875971	0.783425	0.563019	0.730879	1.13288	0.923828	0.482272	0.356479	0.944607	0.827758	0.706177	1.08181	2.31762	2.48295	0.235866	2.74916	2.80396	1.53274	1.86395	1.84016	0.499861	1.44965	0.31354	0.776667	0.727905	1.1055	1.35713	0.776667	1.08712	0.833269	0.571061	1.42967	3.76908	3.93199	0.438523	2.58211	3.48612	3.35553	1.53725	0.484741	1.1003	1.00937	0.95775	1.23861	0.717292	1.34202	1.53192	0.415495	0.613157	0.228638	0.362485	0.504145	0.092908	0.820827	1.17368	1.00943	0.929055	1.31449	1.52086	1.22406	0.897798	0.297855	0.957729	0.736095	0.216798	0.311254	0.558301	0.374848	0.201907	0.644039	0.996045	2.24185
0	0.175161	6.78181	10.0491	4.85215	1.6728	2.55169	2.20415	1.90862	2.23223	1.93797	0.764736	0.841098	0.123854	1.7428	3.05611	3.28097	3.02098	2.17007	2.10508	2.48367	2.46987	3.74789	2.48802	3.20411	1.80284	0.774705	0.779638	1.17894	1.14925	0.534498	1.37479	1.28767	1.76465	0.679786	1.03798	1.40714	1.46843	0.532711	0.218957	1.31199	1.16581	1.49431	0.80741	0.765951	0.998441	0.881171	1.6292	1.79529	0.748261	0.774705	1.16829	1.19107	2.36979	1.23609	2.18841	3.08227	2.83737	3.43567	3.24596	2.291	1.55282	3.23387	4.01293	2.21328	1.18943	0.722159	0.753331	1.64324	1.15591	0.8984	0.842254	1.28773	1.68193	1.80498	2.00832	2.65493	3.09413	3.46444	3.12118	2.66177	4.1899	4.0672	0.79302	1.64094	2.11734	2.03058	1.46846	1.44409	0.875712	2.2326	2.89069	1.58699	1.74446	2.56098	2.6098	1.04075	1.98955	0.990732	1.22669	0.532722	1.08143	1.26364	1.07339	0.483671	1.45531	2.19019	2.28342	0.499266	2.51317	2.35688	2.80035	1.64854	0.964292	2.18533	1.4885	0.789375	1.29958	3.68097	3.41168	1.75214	1.03335	1.0599	0.527292	0.396529	1.00805	0.818027	0.712809	1.46848	1.77764	1.7668	2.2725	2.28268	2.48263	1.82187	1.59355	2.2826	2.47758	2.10548	1.80974	1.87011	1.13924	0.413121	1.1518	1.87001	0.527274	2.90396	6.06318	4.47263	1.66587	1.00037	1.81393	1.53234	2.08814	3.48156	2.38193	2.09465	1.05452	0.872432	1.18298	2.09465	3.25036	3.67449	3.39516	3.44531	2.27968	3.61072	4.81282	5.34155	5.41766	6.13627	6.1082	5.47886	4.512	2.78123	1.24531	0.0437903	2.19929	3.00119	1.51789	2.90386	1.31352	1.65196	1.08763	1.51976	0.396534	0.391675	0.72218	1.04075	1.059	0.483671	1.50455	1.1951	0.138474	1.23296	1.3685	2.34583	3.33827	0.0437903	3.6212	2.20279	1.16588	1.17889	1.60554	1.08144	1.19584	0.350318	1.75107	2.42095	2.47758	2.01642	1.42948	1.27046	1.27273	1.55468	1.37412	3.15841	3.96472	0.972216	2.87637	3.51021	3.27826	0.218944	1.39142	1.71628	2.06465	1.0581	0.779593	0.353035	0.920537	1.67558	1.14175	0.656825	0.342019	0.353047	0.396534	0.499266	0.527274	0.21895	0.684014	1.33665	1.66705	1.80284	1.73629	1.81393	1.50965	1.52919	1.71628	1.18301	0.789412	0.706066	0.650974	0.783276	0.701979	1.60969	0.415431
0	0	5.9994	8.80176	4.57546	3.58873	3.5476	2.14314	0.679657	0.814313	0.646389	0.927624	1.18272	0.315722	0.461768	2.03795	3.16405	3.57939	4.01581	3.79533	3.22944	1.95067	3.09668	1.79092	2.15895	0.569159	0.850019	0.964104	1.6342	1.32915	1.4251	1.10484	0.176485	0.966327	0.75985	0.564938	1.38992	1.57101	1.03458	1.34532	1.46443	0.294501	1.24776	0.297742	0.762354	0.822802	1.03041	1.98151	2.75887	1.625	1.35508	1.52403	1.44603	1.49801	0.20183	1.3513	2.00787	1.17077	1.05088	1.20756	1.92761	1.17567	2.59697	2.01709	2.09164	2.1617	1.11611	1.657	1.3223	0.916707	0.851698	0.871754	1.60617	1.54527	1.59408	1.7239	2.10284	1.6248	1.28469	1.83681	2.71245	4.34631	4.8506	4.11205	2.06817	0.353648	1.70826	1.82476	1.63423	1.21712	0.280347	1.92679	1.69437	1.35716	2.13587	2.64504	0.766116	2.18414	0.626845	1.60718	1.44285	1.50763	2.24714	1.87995	1.17323	1.06263	2.14978	2.69431	2.59447	2.11691	1.43272	3.15719	3.49242	3.37401	2.79508	1.36824	0.575837	2.29309	2.60332	3.96083	3.54	1.19982	0.45708	0.361025	0.47355	0.157862	1.30533	1.94868	1.98664	0.603885	1.08847	1.66225	1.84463	2.0706	2.55223	3.16289	2.41509	1.47611	0.422769	0.844928	0.796805	1.88554	3.85329	5.53031	4.01064	1.00614	4.10927	3.28992	3.80425	3.13704	2.44214	1.62482	1.0107	2.17717	1.204	1.65652	2.58041	2.58563	3.73501	4.81213	5.21647	4.96745	3.76701	2.23574	2.01146	0.623015	4.03355	3.68523	1.27621	1.18518	1.49801	0.640827	0.325439	0.438356	0.341934	0.342652	0.871478	2.60236	1.39591	2.57001	2.7739	1.27418	2.14224	0.923773	1.03154	0.154787	0.837808	1.1255	0.830661	0.399462	0.722694	0.822802	0.901474	1.23215	1.20403	1.0761	2.12422	3.92468	0.817846	3.30381	2.99532	0.874726	0.752261	1.00043	0.985238	1.28263	2.20225	3.54057	3.24539	2.76874	2.40666	2.40398	2.49684	2.78764	2.53635	2.13678	2.99398	3.098	1.33292	2.78829	2.92732	2.52565	2.10075	2.11301	2.10104	2.46785	1.84974	1.26509	0.717029	0.941227	1.04743	0.919575	0.602267	0.278633	0.411297	0.650857	0.983061	1.0297	0.589023	0.631777	0.509146	0.614483	0.888866	0.146845	1.05428	1.43939	1.63805	1.4091	0.872297	0.992476	0.916499	1.22456	1.11822	0.455525	1.69061	1.26966
0	0	6.13859	7.63083	2.32095	1.64038	2.20527	1.30015	2.14565	1.91387	1.63505	0.789068	1.14129	0.745418	0.773792	0.902322	1.28829	1.19062	1.52141	2.6938	3.04208	2.11341	2.85629	0.910258	1.15547	0.293647	0.293647	1.8327	1.9961	0.433315	0.902322	1.10728	1.30607	1.12658	1.95998	1.40048	2.17376	1.87721	0.755614	1.24405	0.166688	1.51251	0.396383	1.38707	1.46759	1.33218	1.08722	2.02978	2.64231	0.87378	0.810055	0.853804	0.610467	0.225343	0.638061	1.12188	2.34495	1.32932	0.851577	1.67206	0.987467	1.21961	1.15173	1.75608	1.9473	2.67799	2.75596	2.71556	0.902322	0.712554	1.01522	1.10206	0.83164	0.166681	0.48049	1.33646	1.40661	0.724527	0.833388	0.0309517	1.777	3.7614	4.00599	3.8839	3.61879	2.30197	0.42099	1.61531	1.07654	1.67727	2.44754	1.60946	0.512353	0.540534	1.65856	2.83261	0.812435	2.17289	0.804698	1.49723	0.944844	0.558002	2.30257	1.99945	1.75834	0.81003	1.48704	2.11341	1.15012	0.62671	1.42651	1.78133	2.77881	2.39486	1.02462	0.180485	0.650694	2.21044	3.94526	2.41087	4.01902	0.961407	0.705798	1.19544	0.886302	0.255247	1.82553	2.24876	0.849844	0.971325	0.781151	0.635067	0.241745	0.131321	1.32458	1.12656	1.58419	2.01958	0.285365	0.863263	0.899701	1.97684	5.06451	6.35741	6.73047	5.43372	4.10767	6.59189	5.5268	3.33708	2.3234	0.928525	0.832794	2.49862	1.47045	2.07664	2.4131	2.26097	3.49348	3.21603	2.79726	1.71566	2.8776	1.86603	2.08605	1.21055	3.85323	4.10152	1.22626	1.05136	0.990842	0.85602	0.638095	0.817133	0.879775	0.681649	1.59747	2.89088	1.06492	3.23646	1.309	2.08666	1.44489	2.25844	1.82669	0.807116	1.38568	1.05136	0.569026	0.810055	0.499091	0.503873	0.983613	0.695549	0.983573	0.766304	1.90855	3.57095	2.12911	1.30161	3.54957	2.65871	0.994698	1.65859	1.64735	1.42357	2.19853	3.00918	2.43675	2.24057	1.88976	1.86299	2.40122	2.58741	2.16682	2.39066	2.76116	2.16474	2.23276	2.74685	1.62858	2.11859	2.60362	1.64475	2.17617	2.07655	1.91854	2.05712	1.42386	1.24756	1.29611	1.22744	0.735711	0.333373	0.34605	0.830503	1.12145	1.24754	0.637317	0.758747	0.278563	0.646299	1.45975	1.42658	0.668163	0.225332	0.456993	0.362278	0.18048	1.73718	1.0043	1.19462	0.55369	0.198194	1.30563	0.916533
0	0.109413	6.52633	8.15579	2.7095	1.78472	1.48282	1.65695	2.27844	1.99485	1.69465	0.745251	1.01243	1.28196	1.42682	1.8193	0.812241	0.489294	0.493676	2.28879	1.52973	2.01993	3.35808	0.745232	1.00218	0.699197	1.55376	2.07277	1.29584	2.19206	0.871136	0.263492	0.569349	0.789267	2.64184	2.79623	2.56452	1.83876	0.313313	1.22227	0.613083	1.35449	0.541756	2.66447	2.61575	2.676	1.27297	1.53154	1.72538	0.79048	0.987305	0.595261	0.394481	0.656798	1.20414	0.683624	1.61411	0.557896	1.24788	2.0543	0.984651	1.37975	1.25785	1.16041	2.66111	1.92548	2.70828	2.49766	0.845204	1.1253	1.12784	1.40313	1.14219	1.08656	0.897127	0.959729	0.882067	1.38375	1.75952	2.17191	2.37748	2.55894	2.13238	1.76755	2.25473	3.1409	1.35665	1.19376	1.02861	1.31724	0.901379	0.235677	0.76211	0.976798	1.64696	2.58449	0.399318	1.6101	1.36136	1.50252	0.589175	0.982687	2.33763	0.784359	1.23861	1.52968	1.17828	0.656832	0.947948	0.837816	1.62429	0.613083	0.249503	1.03486	1.42859	0.668036	1.31564	1.14721	3.17004	3.13199	3.79731	0.705677	1.12949	0.0789012	1.95271	2.45294	2.04644	1.92316	1.13456	0.975803	0.717746	0.528791	0.37199	0.987279	1.8705	0.554002	1.78573	1.59397	0.491726	1.00575	0.590811	1.46728	5.00854	3.69166	5.24595	6.86329	0.763361	1.96975	2.60231	2.08442	0.982664	1.3799	1.99064	3.11231	3.16066	2.43735	2.6517	1.61315	2.21419	1.00218	1.29751	1.34108	2.09358	0.862314	1.13608	1.25245	3.61098	4.22664	0.575618	0.532418	0.291952	1.88744	1.23771	0.94469	1.2737	1.33625	1.38267	1.90755	1.96631	3.329	0.0489299	1.98771	1.02443	0.748471	1.2999	0.854493	1.43411	0.705653	1.22227	0.728667	1.19856	1.0514	0.784397	0.822238	1.43017	1.81055	2.41337	2.88484	2.44552	1.11565	2.33191	3.69863	2.33639	1.8098	0.622755	0.52926	1.78734	2.22452	1.74181	1.4466	1.56316	2.26633	3.07005	3.20684	3.42517	3.87803	3.51579	2.15256	2.89857	3.39809	4.29561	4.28302	3.02129	2.15463	2.80839	2.16973	2.36611	2.89699	1.66906	1.00386	0.959729	0.407022	0.170914	0.263499	0.411121	0.822531	1.10642	1.07568	0.595234	0.842085	1.12955	0.81756	0.600872	1.16148	0.971926	0.968947	0.822238	0.823698	0.695398	1.40445	1.86977	1.43067	0.659728	0.109416	1.3873	0.724389
0.138374	0.307078	6.68798	9.30485	2.26119	2.45449	1.53109	0.824661	1.66131	1.43322	0.673945	0.468223	1.15509	1.53132	1.52366	2.7209	1.96165	2.55106	2.55106	2.47371	0.766013	2.31871	3.66688	0.631417	1.94137	1.82008	1.33509	0.643457	3.08567	2.30265	1.46223	0.376396	0.154703	0.307075	1.33216	1.3824	1.33596	0.860993	0.303951	0.417968	0.309403	0.838495	1.01768	3.64991	2.80407	3.17284	2.17826	0.529151	1.14278	1.49642	1.57929	1.40765	1.02518	0.138369	0.313253	2.00561	1.64049	1.07724	0.722282	1.88898	1.31105	1.05028	0.717651	0.77407	1.73619	2.75921	2.67781	1.31701	0.328904	0.614132	0.694948	1.66244	2.01821	3.0064	3.11767	1.56543	0.95308	1.17806	0.974695	1.60929	2.71177	2.64404	1.02424	1.05096	2.18648	3.32533	3.14733	1.03256	1.52632	0.679269	1.24765	1.2591	0.574248	1.5851	2.55288	2.27507	0.873411	1.29962	1.40961	1.19593	0.170871	1.17801	1.57633	0.402233	1.06114	0.429842	1.22992	1.20632	0.408711	0.910473	0.0656354	1.23204	1.02841	0.879954	1.18568	0.612964	1.08609	0.417993	1.29727	2.21719	2.18777	0.955059	1.48768	0.866804	2.7473	1.60765	0.988581	0.857936	0.662128	0.768182	0.751819	0.87095	0.433177	1.59367	1.57147	1.56582	1.31553	1.15131	1.16616	0.977578	0.683829	1.4112	5.06522	4.50694	4.78047	3.75461	2.31842	1.26893	0.782681	0.640451	1.79202	2.28645	2.19641	3.23487	3.36717	3.30874	3.43475	2.30469	1.4137	0.323037	1.20695	1.55165	0.95308	1.12099	0.928688	1.51618	3.645	3.97806	0.433177	0.841925	1.09223	2.30799	1.16437	1.35431	2.1068	1.4394	0.406945	1.62184	1.77173	2.53061	0.310958	0.975618	0.910421	0.333948	0.536336	0.988321	1.19053	0.127576	1.20787	0.700439	2.14487	1.83577	2.00837	2.26254	2.25843	2.31141	3.2721	2.92763	2.11445	2.35501	0.592314	4.2098	3.89439	1.18306	0.54345	1.07993	1.82591	2.08863	2.1714	1.60027	0.540328	2.1039	2.9748	3.44943	4.89596	5.84331	5.54564	3.94876	3.48895	3.9381	5.74523	6.39054	5.33129	4.38516	3.92059	2.60623	2.32944	2.97956	2.16593	1.86363	1.55728	0.716638	0.266164	0.170871	0.166625	0.733794	0.770707	0.831613	0.263449	0.875346	1.12146	0.789117	0.499386	0.700429	0.929455	1.13753	0.779046	0.82557	1.31609	0.356162	1.59556	1.78026	1.70616	0.747692	1.63456	0.662139
1.87625	2.04243	5.98446	8.3102	3.61612	3.76235	1.58442	0.601809	1.13561	1.14489	1.05552	0.694781	0.735291	1.19394	0.81725	1.94505	1.93133	2.71654	2.66762	1.73146	0.529522	2.14763	3.35172	1.91955	2.77595	1.51912	0.940739	3.0254	3.46067	1.13671	1.89262	0.270565	0.127551	0.180377	2.10735	2.10199	1.94619	0.83143	0.479745	0.591008	0.4429	1.23722	1.33538	2.60329	3.64177	2.19559	4.67101	2.92064	0.464	1.0245	0.888225	0.790179	0.946841	1.26186	1.25884	2.16986	0.964618	1.58	1.22657	0.788643	0.656182	0.270565	0.744993	0.54155	2.13178	2.50097	2.16145	1.29114	0.759304	0.647755	0.249411	1.54664	2.07988	2.73226	2.91333	3.66695	1.64867	0.424727	0.491566	1.11048	1.5614	0.434198	1.05572	0.669572	1.2702	1.99453	3.06201	2.9186	1.33029	1.09555	2.01584	0.74752	1.60175	1.48098	3.27867	2.24836	1.77784	1.44357	1.93469	0.946567	0.325188	1.50768	1.21317	0.592207	0.920979	0.841765	0.727109	0.712463	1.49893	0.309344	1.28309	0.284364	1.25902	0.637711	0.610101	0.721494	0.450928	0.541583	0.356094	1.25197	1.05076	0.865267	1.41408	0.408633	2.97902	2.57107	2.4442	1.6894	0.773334	0.310899	0.700296	0.577878	0.328838	1.94196	1.5045	1.97718	0.904186	0.740125	1.60726	0.818968	0.666344	0.851939	2.67319	2.60607	2.40121	0.982291	0.765867	2.09259	1.62301	2.10185	2.53522	2.06347	1.90891	2.54448	2.84633	2.79978	2.26455	1.50643	0.434198	0.635821	0.634708	0.832909	0.901847	3.02084	2.0031	2.84437	3.73974	4.0953	0.770544	0.607769	1.61439	2.58084	0.37442	0.728104	0.844848	1.17229	1.87707	1.31407	0.538035	2.01203	0.270572	0.838317	0.792553	0.333183	0.528614	0.235588	0.235588	0.976457	0.0788668	2.4128	2.94723	2.77257	3.04904	2.52537	1.40874	1.30216	3.31247	2.91262	1.82975	2.81563	0.854145	3.77286	4.50802	1.64015	1.57611	1.78674	2.35828	2.91822	3.55299	3.23312	2.69934	3.53511	3.12759	2.87594	4.61759	4.59656	5.20603	5.15154	4.07107	3.22117	4.64805	5.8293	6.80025	6.68361	5.91174	3.86018	2.60037	2.44992	1.87614	1.59457	1.18385	1.04342	0.835752	0.708429	0.322975	0.946854	0.728104	0.790151	0.51484	0.823336	0.46349	0.2494	0.489108	0.39435	0.127551	0.975432	0.0437487	0.280134	1.41815	1.07261	0.679501	0.180377	1.37799	1.49388	1.67257	0.968343
4.5882	5.42965	6.21069	5.0852	0.809455	0.928313	1.14085	1.57502	1.64503	0.804715	1.64035	1.16571	1.01299	1.50931	1.48829	1.80288	2.28526	1.73429	1.74144	1.89349	1.68708	2.23526	2.89572	3.04375	1.81885	0.528963	1.68007	3.63341	2.05536	2.06059	1.30061	0.255985	0.270511	0.635707	2.63568	2.10972	2.33999	1.44724	0.717372	0.597327	0.942606	1.56524	0.875289	1.51497	5.36417	5.19324	5.59414	5.66445	2.30545	0.748004	0.999469	1.24336	0.399087	1.80665	0.940563	2.37044	0.726964	0.461325	1.16206	1.40012	0.65609	0.0691577	0.372416	1.63394	4.40901	4.97478	5.39028	3.7798	2.2397	1.57561	0.696015	1.63573	3.15463	2.62257	2.43322	3.99874	1.62941	0.424625	0.0788511	1.28562	1.93282	0.201624	1.39285	0.51196	1.48683	1.5028	2.13326	2.55293	2.42651	1.65435	2.1645	0.564396	2.24321	0.655357	3.19719	4.01169	3.21901	1.53261	2.47781	1.0715	1.16392	2.04788	1.63158	0.394262	0.954688	1.09685	1.83857	1.29972	1.36092	0.80408	1.26784	0.358679	0.949425	0.603306	0.499647	0.942123	0.785151	0.280078	0.681109	0.884508	0.28765	0.51984	0.804072	0.577378	1.24329	0.792736	0.918748	1.48694	0.775621	0.46134	0.528509	0.661172	0.753141	2.07255	1.28135	2.22569	1.08588	0.765715	1.27123	0.704216	0.553681	0.64617	0.825205	0.792119	0.540144	0.263346	0.417821	0.851722	1.24716	1.38977	1.88883	0.0901709	1.66506	1.88023	2.07843	2.73308	2.36315	0.659339	1.16392	1.93796	1.29178	0.881518	0.328773	4.51468	0.389389	3.93182	3.43389	4.08474	1.14758	1.48462	1.0315	1.7226	1.66525	1.18589	1.07599	1.36691	1.51117	0.739971	0.612709	1.7714	0.612744	0.621619	0.44228	0.636827	0.424625	0.503473	0.634204	0.742583	2.18986	3.68006	3.51068	4.28977	4.36701	3.73657	2.38245	1.46902	3.00292	2.86195	2.09059	3.02783	1.67666	2.42693	3.88809	2.18268	0.481624	1.38031	1.25576	0.5973	1.80825	2.33175	2.43094	3.82653	3.69298	4.22508	6.02648	4.00607	3.36066	5.59271	5.36349	3.58508	5.70269	6.35407	8.67885	9.92974	9.77209	7.30854	4.49006	2.99921	2.53266	1.90193	0.930336	1.47403	1.12566	1.14565	0.697388	0.525784	0.763857	0.984053	0.468041	0.510064	0.274021	0.403244	0.719335	0.371152	0.455088	1.01653	0.285149	0.249347	0.911382	0.85399	1.00618	1.29473	0.43957	1.36431	0.44228	0.813855
5.07199	6.03211	6.28566	4.65117	3.06685	1.97653	2.10226	0.913608	1.14898	1.4422	2.94871	3.87675	3.63206	2.22548	1.28859	1.68763	1.74889	1.00147	1.11698	1.64579	2.09388	2.45722	2.43123	2.45863	1.77179	1.0394	2.26661	4.68993	4.31429	3.13864	1.39984	0.186817	0.483018	0.913571	1.04512	3.23641	3.58806	1.82389	0.636727	0.371714	0.716234	1.71484	1.57944	2.01469	7.53478	6.09949	4.12954	6.07222	3.4745	0.386852	4.02521	3.60795	2.66788	1.80796	1.28859	1.24922	1.79964	1.18243	1.18561	0.0488947	0.753912	0.313075	0.459692	2.5814	4.57636	1.72852	3.06961	3.00331	1.48715	1.7548	1.68541	1.02459	2.86165	3.95689	4.57832	3.58622	1.23773	0.765572	0.394184	1.14626	1.95737	0.774892	1.16938	1.02779	1.50726	0.724505	1.07217	2.12712	2.97092	3.16319	1.71402	0.714863	2.29671	1.39672	1.44765	2.37161	2.08546	1.81754	2.37153	1.89477	2.31658	3.04284	2.74608	0.664987	1.22211	2.26912	1.32805	2.10228	0.818696	0.613782	0.903059	0.467925	0.287595	0.483018	1.07572	0.669273	0.700015	0.865803	1.27722	0.968468	0.81865	1.29487	1.44768	0.909373	1.40186	1.44913	1.10644	1.53037	0.386828	0.358632	0.665013	0.604764	0.284253	1.98618	1.28673	2.66038	1.7707	1.46146	0.811656	0.683058	0.652273	0.84483	1.29157	0.767768	0.030922	0.33944	1.01164	1.24485	1.08726	1.07152	2.07713	1.72858	3.29838	3.00534	2.79844	2.86726	0.133003	1.25154	3.19517	3.74047	3.56763	1.89797	0.697297	3.4958	1.83991	2.89712	2.67901	3.01028	2.7102	2.88005	1.80478	0.28426	1.64577	1.77652	1.00786	0.617261	1.24767	1.18786	1.00786	1.40202	1.00596	0.180312	0.386828	0.526568	0.26329	0.48003	0.355956	1.46734	3.23741	4.35814	4.30928	5.20941	4.59379	4.86479	3.6539	1.82262	2.36184	2.72651	2.62535	3.3154	2.56116	0.984107	2.63623	2.81232	3.14921	4.09345	4.29099	4.41433	3.64618	1.94978	1.42766	2.85538	3.38181	4.34553	6.3521	5.88799	2.51299	4.28607	6.47795	5.65711	7.45761	8.11893	9.26151	11.2965	12.4397	10.3586	6.4075	4.01335	3.27739	2.73178	1.22133	1.19843	1.1765	0.889982	1.1618	0.284253	0.215348	0.68446	0.3069	0.333039	0.174926	0.588722	0.783756	0.249315	0.266897	0.85072	0.46948	0.753951	0.643444	0.206275	0.0874633	1.21211	1.43965	0.901464	1.05305	0.81635
3.35254	3.62657	3.33624	2.44865	2.5935	1.3548	0.861166	0.960361	1.9223	2.78896	3.71137	5.01425	6.74696	4.3677	0.313012	0.553054	0.712076	0.657651	0.8194	0.728013	1.31439	1.92932	1.85675	1.99162	2.1913	2.08343	3.1908	4.27632	3.78624	2.05204	2.46722	0.679092	0.684707	1.05108	1.4485	1.42219	0.572173	1.30156	0.606206	0.0788255	0.265959	0.401907	0.618299	2.33416	8.71262	5.24685	4.93613	5.50557	4.07417	1.76195	6.06434	3.67708	5.60594	0.424464	1.93208	1.11674	1.24613	1.39679	1.16158	0.66163	0.403091	0.57216	0.518263	2.55121	4.37147	3.90963	4.28701	3.66781	1.99043	1.73535	1.67357	0.483909	0.83668	0.310719	0.97021	0.43777	0.721076	0.633963	0.780255	1.02762	1.9201	0.935665	0.71172	1.29752	1.49599	0.819417	1.39241	2.13716	2.55106	2.39598	2.38419	2.51206	2.29592	1.37858	0.600286	0.885243	0.86477	1.82802	1.66359	1.60493	1.20721	2.63057	2.80629	1.26796	1.78365	2.11404	0.0488854	1.12523	1.0029	0.309158	0.270408	0.228238	0.263255	0.477448	0.927918	0.746139	0.590667	0.394118	0.958064	0.154584	1.77678	2.37832	2.19758	3.00278	2.08518	0.982484	1.3146	0.753801	0.225073	0.29331	0.551731	0.724023	0.773475	1.55437	1.01971	2.45291	1.59188	1.30455	1.14045	1.07175	0.832398	1.73092	0.930028	1.5911	0.686104	0.529216	1.61346	1.40604	1.25664	1.11566	1.43425	1.28575	3.12679	1.37702	1.78522	4.20619	2.94514	2.27134	3.24863	2.19498	4.72628	3.16757	1.3421	1.20398	1.04767	1.5642	2.3091	1.70103	2.23943	1.7986	2.61731	1.04489	0.844394	1.42923	1.86356	0.705671	1.00767	1.18542	0.703982	1.02341	1.04489	0.553481	0.949065	1.01806	0.930028	0.933864	1.02643	1.65249	3.25295	4.58088	4.49582	4.71228	3.25479	5.63105	4.5726	1.85754	1.47755	2.31176	2.86183	3.2998	2.64779	1.49302	1.81228	4.36163	4.33204	3.79861	3.91655	4.51985	4.44927	3.62435	2.41335	1.62879	3.25993	3.72555	5.0226	6.65054	5.38535	2.39756	5.01394	5.78483	7.44177	8.35027	6.69657	8.72044	12.3608	11.6392	7.5124	4.6452	3.63569	3.10247	1.72152	1.01261	1.33059	0.439408	1.399	0.424464	0.325	0.459595	0.206236	0.117726	0.176259	0.255878	0.784833	0.394109	0.498496	0.850272	0.393504	0.509898	0.313016	0.166497	0.498518	1.04489	1.60082	0.826336	1.68721	0.381787
1.36861	1.93159	2.18857	1.43796	3.13588	3.51492	1.06012	0.637242	2.659	3.10563	3.90309	3.6933	5.63463	3.90687	1.70789	0.946114	0.80247	1.23706	1.25162	0.772753	0.503184	0.528184	0.488749	1.71286	1.53167	1.8727	1.71077	2.36082	2.82604	1.25843	3.18527	2.28426	0.839703	0.315239	1.07974	1.91488	1.33793	1.58843	0.309112	0.360474	0.361793	1.29603	1.62427	1.64509	7.22702	6.16811	5.80895	4.99163	4.34669	2.84825	6.19789	4.89242	5.83794	1.02881	2.20948	1.15392	0.97738	1.19078	0.99409	0.696991	0.315239	0.330758	0.334356	1.09468	2.94012	4.4358	4.52118	3.35724	2.16997	1.05565	0.948868	0.957936	1.24032	0.981807	0.943841	0.569971	0.753658	0.509801	0.353107	1.02719	0.918956	0.703848	0.915358	1.33325	1.75147	1.06107	0.733091	0.811348	1.23726	2.0433	4.17238	4.07063	1.77738	0.262288	1.42313	1.72071	0.970567	1.08504	1.3116	1.05565	1.22321	2.62327	2.05935	1.12401	1.37676	0.830792	0.621674	1.21638	1.73297	0.757461	0.0618243	0.339311	0.448483	0.6842	0.551627	0.618219	1.01999	1.12825	1.50846	0.870137	1.56433	2.43811	1.23396	2.84092	2.4761	0.941586	1.82136	2.17074	1.7275	1.06824	1.57714	1.54799	1.79655	1.21642	0.432736	1.17486	2.62569	3.33714	2.01226	1.06352	0.42042	1.90701	1.67335	2.55487	1.07981	0.753632	1.6242	1.37603	0.431078	1.44061	1.59534	1.5446	3.168	3.25402	4.42914	6.80833	4.79817	3.88217	1.78704	1.21224	3.96925	3.00914	1.60417	1.0367	0.813408	1.33591	2.24628	2.05705	2.58305	1.40473	3.35792	1.63783	1.06443	1.85912	2.41127	0.0488737	0.73473	1.08882	0.573725	0.837679	1.17692	1.5167	2.00843	1.75967	1.66133	1.55291	2.07837	2.64137	3.79362	5.22723	5.38181	5.12449	3.5984	7.02296	5.66118	2.57828	1.66947	1.61317	2.28908	2.85916	2.46559	2.65364	1.5705	3.87606	4.78248	3.76547	2.50092	1.16729	1.61657	2.00845	3.0574	3.63233	4.90983	4.8231	4.60523	5.46506	5.73791	3.21082	0.656078	0.13996	4.24309	6.02929	2.92194	6.79831	11.0155	10.3648	7.56955	5.43774	4.27377	3.13612	1.6842	0.861003	1.47191	0.656078	1.43645	0.49311	0.371573	0.309106	0.262288	0.185461	0.215275	0.215266	0.506972	0.853503	0.751099	0.919221	0.747611	0.649127	0.216384	0.0309103	0.821545	1.12503	1.10791	0.830792	1.57482	0.483834
0.989329	1.23603	2.66419	3.97597	1.51437	4.3604	2.49482	0.609517	1.58813	2.91399	4.71987	5.71498	4.1008	1.34152	2.16252	0.996551	1.55136	1.56975	1.71385	1.23062	0.773228	0.713486	0.734591	1.54424	0.680567	1.14706	1.48317	3.99322	3.2615	1.18876	2.13042	3.67049	1.54491	0.86531	0.822871	0.929109	0.48865	0.547613	0.56985	0.934271	1.43767	2.32564	2.05385	1.34621	3.06586	5.66124	5.59053	5.24829	4.34055	3.33918	5.65643	7.19224	4.88378	2.80925	2.38688	1.21141	1.14997	0.587163	1.15824	0.898283	0.33285	0.361725	0.962453	0.580628	1.60579	2.68616	2.47405	1.85089	1.39359	1.16607	0.518067	1.14713	0.81823	1.08549	1.17463	0.699273	0.503075	0.249161	0.8592	1.86318	1.18439	1.27026	0.775078	1.09735	1.46402	1.30255	0.334285	0.568157	0.540599	1.41769	3.98262	5.73274	3.70851	0.891364	3.16916	3.008	2.52774	0.754444	0.829234	0.68407	2.29592	2.28573	1.14373	0.235372	0.372155	1.11634	1.52152	1.9872	2.74272	2.03256	0.559685	1.06193	1.01651	1.68148	0.449968	0.660633	0.509704	0.625775	1.18717	1.24562	0.514347	2.01727	2.45956	2.93751	1.55166	2.18795	3.58372	3.76627	3.59154	2.93369	3.04667	2.44497	1.81339	1.23061	0.975724	1.83557	3.49718	4.26407	3.23506	1.83952	1.05703	0.315179	1.79117	2.00804	0.860878	1.37941	1.03645	1.67095	0.680591	2.27151	2.01016	1.69147	2.64417	3.24858	3.82372	6.01217	2.86917	3.96228	1.37941	2.10272	4.25884	1.0061	0.7879	1.18272	1.37214	2.23791	1.90488	3.63817	2.8645	1.6756	3.25147	2.00322	1.12357	2.10059	2.61561	1.07135	0.539712	0.550241	0.667106	0.309053	1.00613	1.74368	1.86653	1.26053	1.18076	1.76536	3.0913	3.31403	4.19742	5.58585	5.73148	4.77431	3.26024	7.42086	6.27722	3.318	2.18099	2.01957	1.70037	1.99177	1.78262	2.4142	2.3353	1.38803	4.48269	4.79658	4.14512	3.12384	1.27257	0.498306	2.05334	3.24504	5.47376	5.57658	5.01257	3.67281	3.29966	3.78278	3.58894	3.74059	5.38654	7.13809	7.86252	9.98968	10.3331	7.83631	6.31721	5.86949	4.93402	3.37881	1.58329	0.414624	0.874602	0.883852	1.0272	0.92963	0.774451	0.65193	0.463574	0.483725	0.279849	0.414624	0.456295	0.917255	1.15992	0.962448	0.836696	0.856984	0.621922	0.154525	1.29813	1.34898	0.56985	0.677789	1.6835	0.874625
1.24191	0.109249	1.16116	5.07639	4.78848	4.92811	2.36332	0.813072	0.470646	0.166402	0.604315	1.15374	0.99736	0.91501	2.56883	1.39807	1.24134	0.228108	0.911561	0.942447	0.395703	0.566814	0.703544	1.42658	0.456223	0.767155	1.90717	3.71991	1.3111	2.57944	0.64256	2.76498	2.66919	2.21705	0.921765	0.680454	0.615659	1.21185	1.66141	1.43614	2.31486	3.42288	1.97125	0.931553	0.896835	1.55847	1.7091	2.95536	2.19913	1.52153	1.14936	2.75505	1.01654	2.83129	2.55077	1.5923	1.48056	0.629053	1.16111	1.09687	0.519325	0.957766	0.769633	1.52107	1.86571	0.856521	0.649609	0.694361	0.673062	1.51543	1.20648	0.60704	0.59033	1.796	2.30488	0.685717	0.769676	0.928988	0.921986	1.59991	0.943222	1.90215	0.989197	1.10754	1.44191	2.03426	0.900812	0.978231	0.853151	1.11392	1.93395	5.0384	5.50875	2.66001	2.83171	1.22412	1.92642	1.93788	0.244283	1.27994	2.34374	2.05535	1.32231	0.528451	0.668765	0.715662	2.00453	1.83805	2.55086	1.94488	1.32822	1.48558	1.82067	2.23815	0.645189	1.12288	0.185391	0.948524	1.26819	0.41969	1.1127	1.582	1.75724	2.44038	1.5523	2.58202	2.7311	0.608638	1.54733	2.2367	2.99198	3.16008	1.32537	1.42307	1.36246	1.88438	1.91055	2.31936	1.52123	0.480672	0.959797	1.31528	1.60548	1.523	0.297184	1.39703	0.371432	1.61599	1.46036	1.59453	1.86002	2.0444	1.65508	1.49088	2.8465	6.41631	4.77047	4.51869	4.05739	3.28665	3.26846	1.78547	1.39162	1.51735	1.86611	2.45228	1.75634	4.45863	0.898113	1.11417	2.117	2.11489	1.23137	2.13585	2.15858	1.11905	0.734416	0.508199	0.580517	0.0690945	0.708951	0.557014	0.402861	0.138184	0.262189	2.00759	3.32314	3.0854	4.06995	5.58819	6.03012	5.08729	2.40256	5.67148	5.47355	3.31112	2.74942	2.52016	1.11392	1.14625	1.22223	1.03814	1.98603	1.88526	1.91451	3.16008	4.54879	5.09135	4.09086	3.75947	3.99486	3.2654	4.75236	3.47304	1.87183	0.998541	2.61378	4.21503	4.19455	3.67456	4.60366	6.86283	9.21478	9.8582	8.69008	6.69944	5.55793	5.62047	4.79546	3.22641	1.65571	0.401678	0.722312	0.742832	0.775823	1.22823	0.679777	0.224945	0.57348	0.490978	0.235317	0.6787	0.994931	0.690887	0.990584	0.636966	0.109249	0.490975	0.873058	0.176155	1.39393	1.19752	0.41456	0.479165	1.08093	1.88195
0.249067	0.4771	0.602583	2.03545	3.47572	2.89042	0.794243	0.372014	0.914837	0.940294	0.815576	0.970014	0.957391	1.52959	2.97104	3.23701	0.696636	0.310483	0.401005	0.955358	0.895843	0.244231	1.4061	1.28638	0.291451	0.20608	2.98681	3.3636	1.69003	2.87779	0.456137	0.823436	2.34271	2.94681	1.59446	1.50621	1.40618	1.92019	1.54928	0.733989	1.17625	3.28365	3.52675	2.96106	2.00197	1.05572	0.439075	1.89123	2.14156	1.35076	0.837202	2.0607	3.05251	2.23564	1.59124	1.83488	1.32856	0.795106	0.912434	1.10382	0.747818	1.1197	0.293073	1.92581	1.59961	0.424135	0.146544	0.341917	0.456121	0.92672	1.44164	1.55904	0.883752	1.5338	2.89072	2.8024	1.38443	1.48517	1.18876	1.49183	0.789095	1.55445	1.35946	1.33877	1.42785	1.4482	0.713176	1.39794	0.711511	0.821077	0.61783	3.03484	4.79514	3.73233	0.978089	1.43635	1.75196	1.78706	0.273709	1.09693	2.43317	2.83787	2.13412	1.02941	1.28198	1.54138	0.0488483	0.547433	1.64506	1.75608	1.46001	1.01189	2.20025	2.12087	1.09693	1.49038	0.31506	2.10274	1.8454	1.64506	0.746521	0.558194	0.856339	1.26038	2.46083	1.19171	2.88243	2.74612	2.55528	3.38164	1.03031	3.35148	1.21783	0.810846	1.42614	0.678576	1.78875	2.03497	0.912215	0.393823	0.615135	0.18664	0.812944	1.75374	1.68707	0.594219	2.17399	2.12345	2.59404	0.57669	1.69982	2.03818	2.15094	1.81308	2.29516	5.18947	4.92823	4.42106	3.39217	1.58847	0.553051	0.651664	2.01677	2.05413	2.19662	2.30089	1.90782	4.18457	2.1104	0.94762	1.29327	2.15581	2.21728	3.24845	2.50102	1.00052	0.186647	0.68245	0.436906	0.0655352	0.424135	0.801119	1.08447	0.707482	0.885113	2.37168	2.5309	2.22884	3.32878	5.11889	6.00412	5.95947	4.89769	3.79648	3.99771	3.92543	3.44319	2.35404	1.41631	1.91736	1.86581	1.51625	1.39032	2.99657	2.68992	0.410434	2.3091	4.09027	4.14333	4.10665	4.87902	5.63532	6.28788	3.80299	2.86994	3.48282	4.32389	4.90809	4.28248	2.98367	3.36491	6.33991	8.56249	8.89822	7.52163	5.75261	4.17195	4.25226	3.94133	2.61633	1.99328	0.949337	0.843146	0.502897	0.633857	0.967549	1.29384	0.784257	0.949337	0.591415	0.361587	0.967014	0.707482	1.14455	0.854388	0.542588	0.377095	0.5029	1.0303	0.983905	0.998331	0.531937	0.694229	1.02684	0.594219	0.891329
0.621568	0.138136	0.981552	1.54437	1.29892	0.502817	1.1431	1.51915	1.93627	1.6413	0.611911	0.375771	0.328336	1.57755	0.642699	2.9564	1.24646	0.863978	0.555979	1.22781	2.10898	2.03145	2.09681	0.886852	0.67455	0.480489	3.2246	2.49753	4.29457	2.73158	2.03036	1.33849	0.665327	2.57302	1.20448	1.8839	1.94744	1.44799	0.959392	1.13747	1.12422	1.14933	0.976651	1.73199	2.22305	1.84809	0.729897	1.11567	2.38973	0.552956	1.05411	0.111366	1.24489	0.920594	0.27969	2.01854	2.54285	1.52855	0.472494	0.84275	1.59282	1.28917	0.639352	1.83772	1.25405	0.401543	0.46742	0.655565	0.700241	0.668182	0.479483	1.40177	1.66175	2.21014	1.7644	3.76638	2.1647	1.27054	1.4762	1.12823	0.704319	1.00222	0.818623	0.186605	0.613083	1.44206	2.32009	2.36769	1.3435	0.334102	0.235228	1.43685	2.41092	2.42327	2.41421	1.09191	1.26227	0.75684	1.05411	0.481	1.26051	2.42087	2.68961	0.873841	0.249016	1.20425	1.71935	0.109201	0.37322	0.312704	0.787415	0.830165	0.815389	0.152886	0.860349	1.69478	1.18189	2.25729	0.926544	1.43953	1.69146	1.82208	2.5991	2.71064	2.3148	0.660294	1.53239	1.52869	1.44273	3.68966	3.29963	3.80377	1.70886	0.988818	1.31038	0.170578	0.685424	0.972984	0.596125	0.460722	1.12737	0.949198	0.721042	0.716378	2.26527	0.747044	3.24772	1.09669	2.38671	2.10299	0.20136	0.698875	1.2904	0.830186	1.79862	2.08949	1.70507	1.79693	1.07806	0.314982	0.858136	0.965395	2.08949	0.303413	0.917502	1.87967	1.91162	3.47017	2.95038	2.10312	2.6087	2.95556	1.93184	2.53009	1.44337	1.27854	0.711031	0.315	0.45026	0.545998	0.139846	0.837043	1.20821	1.38793	1.47612	2.20522	1.48352	1.68929	2.3098	3.63225	4.07036	3.76122	3.86016	2.51812	1.94977	3.59075	3.95697	2.97454	2.74768	2.30694	2.15537	1.83453	2.15022	2.55215	2.84025	3.36012	2.29204	1.5332	1.11908	1.09733	2.38995	5.38562	7.06184	5.15324	4.46399	4.35146	3.63244	2.82705	3.21282	1.66646	3.10461	5.28504	5.20929	4.8803	4.43987	3.68525	2.20402	2.5322	3.40336	2.38313	2.03113	1.41109	1.18365	0.586829	0.417266	0.375771	0.677391	1.0564	0.738996	0.454458	0.616558	1.0439	0.866193	1.272	0.442224	0.56657	0.781944	0.680204	1.1229	0.974936	0.393131	0.138131	0.494207	1.07876	1.61198	1.54727
0.807891	0.467304	0.962958	1.2552	1.73818	0.497934	1.04278	1.31358	1.03451	0.826579	1.57729	0.738878	0.270106	1.09192	2.58536	2.97682	0.741783	0.507885	0.266555	1.14745	1.05374	1.74653	1.6032	0.787303	1.18083	0.419472	2.1067	3.49487	4.91519	2.67185	2.83018	2.46993	2.37688	3.2755	2.13349	1.78754	1.7333	1.30305	2.13538	1.71959	1.68325	1.18348	0.582649	1.02345	1.65278	2.57133	1.21109	0.91212	2.71917	2.43032	1.07412	0.472378	1.28941	1.7443	1.12714	1.84191	0.828599	1.26936	1.10234	0.903952	1.02345	1.39081	1.59605	2.1149	1.35851	0.123524	0.262954	0.545901	0.983523	1.00961	0.825437	0.371211	1.10216	2.51232	3.35773	3.55508	1.57788	0.363439	1.10559	0.866021	0.699089	0.711261	1.17271	0.421722	1.02647	2.21737	3.20936	3.21971	2.67477	2.03008	0.566486	1.55979	1.99251	1.04552	3.36724	2.97068	1.79018	0.738878	1.80482	0.350066	1.33819	2.32538	3.44189	1.31015	1.57379	0.350063	2.01059	0.502704	0.0690547	0.634729	0.710226	0.606694	0.587937	0.466809	0.42901	1.35991	0.939887	1.77408	0.21836	0.926874	0.725837	0.363439	0.442158	0.468833	0.757968	0.363422	0.460633	1.18084	0.693961	2.31101	0.402652	1.88446	0.957016	1.06544	0.612964	0.265655	0.746236	0.654331	0.818435	0.812298	0.680051	0.766717	0.699072	0.497928	1.81193	1.16458	2.78028	0.352104	2.56884	2.52778	0.655435	1.33819	1.0917	1.41912	2.23534	1.39747	0.720573	1.1425	1.02345	1.24471	2.0017	1.04896	2.8742	0.847931	0.41718	1.24006	0.900253	2.12152	1.96024	1.3107	2.87031	4.01393	2.90799	1.01288	0.870132	1.25059	1.07185	0.244138	0.127326	0.585907	0.401464	1.07185	0.896007	1.44962	1.58644	1.56847	1.26801	1.93766	2.37967	2.92595	3.04861	2.91712	2.95281	2.37883	0.738878	2.06711	3.53413	3.36611	2.48912	2.16355	2.22854	2.01507	3.02334	2.77414	2.52592	3.51082	3.53267	3.19307	2.70167	1.83747	0.683923	3.07665	5.59649	5.02779	4.08926	3.15265	1.48602	2.78779	3.24894	0.585932	3.96603	5.02894	4.78187	4.18796	3.44925	2.80059	2.02203	1.74653	2.49996	2.32324	2.1077	1.70678	1.49763	1.07074	0.642225	0.865197	0.790913	1.02642	0.401449	0.576475	0.513967	1.01502	1.2355	1.2569	0.703178	0.317939	1.04369	0.547635	0.822226	1.05009	0.628715	0.36014	0.373776	0.39367	1.04278	1.03798
0.940997	1.11353	1.50337	0.273565	1.98734	1.16434	1.16213	2.03088	2.27201	1.0101	1.12695	1.88872	1.55406	1.06611	2.03898	1.49399	1.25932	1.38918	0.771867	1.39714	0.419368	1.25963	0.450072	0.710128	0.244099	1.34298	0.983337	3.31661	5.43505	4.47116	4.1728	3.95998	4.7943	6.27681	5.57454	2.96832	1.08407	1.59212	2.4005	2.18051	0.771824	1.40461	1.83494	1.48383	2.24769	2.89335	2.55059	2.55973	0.58255	1.77256	0.94779	0.703008	1.14451	1.68439	0.490621	2.02517	0.693452	0.547536	1.24502	1.78407	1.26115	0.312597	1.55215	2.74731	2.02024	0.945029	0.19527	0.436628	0.995584	0.589842	0.528508	0.908558	1.02204	1.16025	1.97445	1.90887	0.599494	0.539195	1.34646	1.13454	1.19586	0.896125	1.53734	0.988383	1.05372	2.12583	2.25613	1.56687	1.83966	2.59342	1.07323	1.96033	2.02117	1.05891	3.48061	3.32138	1.10469	0.552295	2.0328	0.81566	2.52568	2.81553	2.44379	1.15447	1.70741	0.458993	1.91319	1.79451	1.97388	1.43206	1.55111	1.47158	1.22733	1.04832	0.851403	1.84012	1.33172	2.12783	0.488189	1.21244	0.800948	0.733888	1.15204	1.6224	1.27078	0.788647	0.455873	1.23519	1.0044	2.88836	1.674	2.73012	1.58899	0.414242	0.547541	0.355398	0.733522	0.490602	1.03547	0.917926	1.00183	1.00443	0.069039	1.24902	0.79465	1.24442	1.4978	0.888935	2.34245	2.35216	0.975521	1.84166	0.655292	1.14597	0.450085	1.70239	1.52006	0.28382	0.697594	1.22419	2.69142	1.94833	2.74734	1.63713	0.917945	0.338922	2.28202	3.07542	1.90088	1.82339	2.74231	0.849177	2.87959	2.40501	1.20081	1.30246	0.863615	0.291275	0.263795	0.355391	0.218317	0.812432	0.649078	1.06609	1.52477	0.742566	0.725691	1.87244	2.57187	2.82614	2.5795	2.3712	2.66169	2.35824	0.788639	0.774336	2.63567	3.31043	2.51377	2.49778	1.95018	2.75893	3.50684	3.38125	3.33605	3.97871	4.44549	4.03392	3.0762	2.44002	2.11864	1.83966	2.44719	3.212	2.13958	2.14741	3.43858	4.42737	2.3591	2.32614	4.32337	4.54579	4.54845	3.92474	2.82032	2.00415	1.84177	1.78946	1.18622	1.87154	2.18181	1.66005	1.6861	1.64218	0.672517	0.352043	0.912177	1.31277	0.454282	0.907985	0.835608	1.04148	0.781686	0.880032	0.969698	0.89108	0.454282	0.855894	1.30829	1.44872	1.00631	0.371787	0.690382	0.593903	0.89184	0.703004
0.831151	1.18036	1.75505	0.561194	2.28603	1.05127	0.494885	1.04969	1.97584	2.21259	0.939546	0.509558	0.662787	1.42176	2.86387	3.05315	1.35381	0.263745	0.419858	1.20215	1.16983	0.879836	1.24553	1.63571	1.7709	0.969462	2.24879	6.67421	6.41428	5.9127	6.18711	5.93115	6.02591	6.6333	7.2209	5.4658	2.35147	1.46624	2.51107	3.89618	3.51891	1.62869	2.29929	1.41719	2.17363	3.2687	3.32355	4.35861	3.13447	2.7327	2.06316	1.19644	1.29813	1.15859	1.35946	2.02965	1.00779	0.681927	1.36244	2.27158	2.37832	1.77939	2.36259	3.60603	2.48665	1.68933	0.904436	0.796615	1.15178	1.07014	1.04948	0.637514	1.25901	1.77621	1.33714	0.616202	0.269996	0.84251	1.89243	1.01277	1.16414	1.25011	1.85932	1.04603	1.1666	2.63529	2.57732	1.71787	1.13934	2.02478	1.63547	2.08109	1.94241	1.26599	2.57227	2.72437	2.10031	1.02304	2.14711	0.807594	3.64922	2.37375	1.33845	2.27508	1.64527	0.779082	1.16004	1.19086	1.37513	1.59325	1.67904	1.35523	0.94865	0.536903	1.22877	2.27193	1.08359	1.74526	0.987033	1.5932	0.938814	0.771721	0.873339	1.12225	1.23787	0.959628	1.0479	1.94198	1.81443	2.95711	0.765189	1.98113	2.92422	1.54959	0.244041	0.414149	0.973381	0.388648	1.0768	1.38719	1.29061	1.04969	1.05128	1.49164	0.74214	1.08536	0.437105	1.19643	1.47914	1.63083	1.82061	1.87007	0.0690259	1.26529	1.60914	1.6484	1.60077	0.462515	0.375533	0.829682	1.53892	2.39481	2.70024	1.44301	0.608836	0.517447	2.71488	2.72153	0.913876	1.47838	3.29966	3.01069	0.786072	3.22129	2.74039	0.523865	0.0873132	0.725583	0.386188	0.324488	0.400698	0.722919	0.201252	0.909694	1.63683	1.19405	0.799317	0.860124	1.93016	2.59467	2.1137	2.22707	3.00791	2.69947	1.65974	1.416	1.45193	2.86244	3.00957	2.62416	2.0344	3.39937	3.8892	4.22432	4.65003	5.14195	5.55643	5.37463	4.34626	3.51031	3.14052	2.88197	1.88988	2.37317	3.55179	3.99018	3.85994	2.85807	0.705274	3.91575	4.57886	4.12014	3.98915	3.65337	1.71405	1.2838	1.87712	1.81068	0.997358	1.20371	2.16267	1.72732	1.40232	1.77824	1.46283	0.807891	0.569179	1.51822	0.507712	1.21787	0.990861	1.0071	0.980985	0.750109	0.576282	0.992817	0.954646	0.78696	0.879881	1.48173	1.90082	1.11652	0.890363	0.503942	0.498695	0.532867
0.549506	1.80496	1.83735	0.991852	1.94461	0.566561	0.355278	0.312468	1.13803	1.89998	1.83938	1.89907	1.6093	1.12906	0.667998	2.42139	2.38107	1.71312	1.04109	0.603597	1.14553	0.527378	2.16292	1.21984	2.25191	2.12505	2.92355	8.26633	5.37551	2.75825	3.76816	3.90716	3.3457	2.8219	5.1224	6.14996	3.59633	3.65647	4.86649	5.48323	5.34964	2.63421	1.02024	2.06461	1.62004	0.849935	1.59409	2.99864	3.29557	2.58363	2.09753	1.88789	2.17808	1.08339	0.345057	1.03	0.47862	1.30957	1.31162	2.00804	1.63695	2.24554	3.39965	3.8571	2.27609	2.07802	1.81558	1.42084	1.28815	0.89473	1.14414	1.98323	2.13672	1.84552	1.11458	0.292792	0.359924	0.897106	2.20569	0.355278	0.812124	1.15731	1.7252	1.12229	1.80256	2.88672	3.32054	2.48033	1.88095	2.37837	2.47623	1.62644	1.31154	1.40205	1.90087	2.01659	1.19838	1.6092	2.25269	0.277766	3.23778	2.67347	2.39189	2.1251	1.41614	1.0959	0.964138	0.436488	0.697329	0.980806	1.03695	0.480615	0.985839	0.811875	1.22836	1.49295	1.37622	0.375461	1.72856	1.67248	1.03006	1.07351	1.20355	1.39919	1.22839	1.17209	0.913703	1.44075	1.24685	1.71302	1.2613	0.886189	1.68801	2.53538	0.984668	0.894983	1.06992	0.175956	0.419793	0.882671	1.32385	2.29074	3.04207	3.71068	2.05945	0.890477	0.589619	1.08339	0.308635	0.947473	1.54779	1.28815	0.950697	0.284542	0.962429	1.76776	1.11823	0.127252	0.449921	0.997396	0.376734	0.999561	1.11825	0.592854	0.527845	0.952726	3.29692	3.32982	0.227854	0.449914	1.40871	3.0012	3.77774	1.3609	3.3975	1.10799	1.24397	1.19123	1.04835	0.0218242	0.595668	0.592854	0.262788	0.266389	1.14989	0.351897	0.317757	0.201202	1.16224	1.80338	1.3251	1.86397	2.73877	2.93788	2.43507	2.04194	0.989705	2.22418	3.32247	2.98978	3.12766	4.28084	5.13254	5.89807	6.63038	7.12862	7.15536	6.87693	5.74438	4.58737	4.19855	3.78929	3.17485	3.34501	4.69378	3.20449	1.39165	2.80163	4.87972	5.65806	4.7685	3.68033	2.65628	3.1129	2.46391	1.32096	1.31826	1.39957	1.70528	0.868809	1.57362	1.80918	1.36332	1.10427	1.13909	1.16634	0.248825	1.16392	1.3138	1.2455	1.10342	0.60677	1.38899	1.5294	0.88296	0.928429	1.56155	2.03346	0.549498	1.20032	2.62507	1.3139	0.66514	0.303967	0.402406	0.34506
0.430362	2.36403	1.85401	1.20069	1.4821	0.487904	0.603508	0.702645	0.620595	0.904058	0.863151	0.685151	0.98932	1.58096	1.82112	0.857889	1.64075	2.39935	1.73989	1.22972	1.63969	1.11268	3.00618	0.939167	1.40381	1.73534	1.38968	8.17472	6.28204	0.359856	0.552001	0.725315	0.524584	0.187708	4.70245	5.43486	2.64203	6.56825	7.25477	7.64511	8.64154	6.93236	2.2973	1.11271	2.00017	0.286993	0.982772	1.33366	1.96851	1.74102	0.956544	0.677777	1.94937	1.5445	0.218206	0.939195	1.24217	1.89409	0.439101	2.33502	1.39689	1.50269	2.3289	2.29934	0.829371	1.09567	1.83607	1.96065	1.80192	1.32054	0.351836	1.69669	2.05362	2.14641	1.61974	1.27849	1.47075	1.39232	1.27095	0.957042	0.683403	0.69614	1.35541	1.29604	0.349799	1.07103	1.54514	2.02235	2.24045	3.23633	2.90869	1.21748	0.511262	1.88411	2.45415	2.62393	2.07655	1.93579	1.95328	1.26839	1.89598	0.764905	1.50275	2.27588	2.06917	1.15654	1.32076	1.53656	1.16188	0.855407	0.731844	0.462877	1.18135	1.20171	0.898508	0.513575	0.333783	1.10473	2.05459	0.868934	0.501848	1.40232	1.07994	1.37299	0.809957	0.726626	0.746296	0.950517	0.762086	1.00577	2.1372	2.46892	1.43556	1.88048	1.03923	0.788171	0.549394	0.636145	0.919753	1.62441	1.10261	2.37095	1.38598	3.46761	1.70375	0.466973	1.56394	1.26611	0.624798	0.567303	0.884127	0.960986	0.736033	0.430339	0.868883	1.33077	0.663617	0.306255	0.206998	0.296791	1.22484	1.11248	1.00294	0.985681	0.607801	1.45922	3.95718	4.20967	0.663621	0.576063	0.414574	0.5563	2.87988	2.52286	1.65006	1.26558	1.44199	0.463876	1.27078	0.51079	0.449281	0.222523	0.345011	0.62973	1.12625	0.395169	0.13972	0.705006	1.37005	1.21016	0.939167	1.85079	2.23107	2.63567	2.45405	2.49202	2.49103	2.12236	0.891333	3.57832	5.8068	7.30013	8.88634	10.4228	11.8825	12.6878	12.0353	10.6542	8.45336	6.60045	5.65369	4.62749	3.89766	3.66601	3.38095	0.820178	3.86866	6.02173	7.02003	6.33682	5.20457	3.85147	2.03501	1.4275	2.08843	2.66736	2.71079	1.20961	1.09634	2.18112	1.70792	1.26833	1.59777	0.987817	0.838214	1.14198	0.557554	0.0654601	0.726297	1.64232	1.36121	0.636149	0.852034	1.21963	1.69113	1.37737	1.57463	2.90483	2.30161	1.71125	2.15691	1.27095	0.370926	0.322174	0.590737	0.449832
0.752223	1.80586	1.69663	0.853275	1.07327	0.158824	0.527645	0.761033	0.726489	0.25442	0.525366	0.0689867	0.628094	0.636025	1.02248	1.36509	1.90425	2.04214	1.87254	0.752198	1.13865	1.40355	3.63675	0.292696	0.928816	0.872594	1.80439	6.83624	6.77147	0.838055	0	0	0	0.0218159	5.72168	4.53276	4.67483	5.24336	4.00864	4.65115	7.07947	9.67516	6.07305	2.53141	3.46035	2.02293	1.53562	1.28103	1.73123	1.4501	1.42423	1.53234	1.45023	1.35756	0.441195	0.701131	2.00915	1.70751	0.804454	2.63814	1.91309	2.02909	3.44792	2.51577	1.04179	0.508803	0.77956	1.39491	1.39491	1.95108	0.137978	2.05219	1.26903	1.45598	1.51382	1.32789	1.62281	2.23078	1.60304	0.41905	0.409867	0.381001	0.76322	0.981861	1.49794	0.990297	0.048783	0.959083	1.42898	2.76124	1.87831	1.78364	1.26621	0.848543	1.5904	2.77768	2.92513	2.31623	1.83657	1.28898	1.35234	0.722213	0.956803	1.09548	2.13874	1.20287	1.24926	1.73179	1.47757	1.37695	1.22037	0.773749	1.19576	2.05917	1.5106	0.773123	0.925498	1.4244	1.76555	0.636025	0.265397	2.14503	1.15794	1.40491	0.344945	0.617005	1.71834	1.0185	1.03102	0.710586	1.33337	1.15629	1.42593	1.03422	1.2647	0.61121	0.864377	0.885853	0.999182	1.8993	1.38725	2.22794	4.09652	4.94573	3.40322	1.37846	2.36209	1.02177	1.13865	0.836103	1.1692	1.09088	0.827813	0.441738	1.1618	1.48343	0.449744	0.746188	0.644205	0.704171	0.539687	1.45797	1.67273	1.69343	1.47314	0.926752	3.68196	4.04223	0.903141	0.729104	0.817685	0.790161	0.545372	1.84873	1.45551	1.35757	0.952364	1.87113	1.20049	0.470937	0.931868	0.365703	0.201126	0.693271	0.849613	0.409867	0.712228	0.614322	1.11223	0.433012	0.98763	2.66677	1.83394	1.85685	1.8263	2.22308	3.17008	3.19836	2.69582	3.35638	5.06857	7.34423	9.63917	11.011	11.5415	11.5912	11.2602	11.0971	8.54006	6.06312	4.8809	4.16858	3.35679	2.50615	0.4602	3.42544	5.00418	5.08119	4.44741	3.53716	3.28805	2.59521	1.7905	0.802133	0.635998	1.63633	2.42641	2.73743	1.79649	1.27057	1.44108	0.913615	1.37427	1.1726	0.925721	1.03468	0.222476	0.480448	1.11329	1.31775	0.541896	0.332279	0.752191	0.899392	0.882625	1.01688	1.15115	2.12235	2.22453	1.83454	1.72461	0.807135	0.248745	0.507424	0.462269	0.227767
3.68142	2.84383	0.682801	0.401007	0.792989	0.290999	1.00702	0.763076	0.482821	0.556059	1.03454	2.04996	1.98353	1.5423	1.41499	2.11489	3.10279	2.18056	2.72237	1.72938	1.74547	1.11073	3.41135	0.788209	0.927905	1.54567	2.45719	6.95571	5.61828	0.689703	0.0436235	0.179866	0.218123	0.11122	5.28467	4.38476	6.06921	3.14161	0.0689736	0.0689736	2.45708	8.55725	7.56229	4.52471	4.15194	2.64177	1.3175	0.833373	1.22321	1.38812	2.41832	1.56335	0.263545	1.01173	0.877859	0.88217	2.39942	1.69044	1.69349	2.6809	1.82345	0.74154	2.95487	3.24472	1.63437	0.585237	0.648502	1.26563	0.980202	1.74026	0.907697	1.44386	1.46283	1.798	1.18492	1.60483	1.45867	0.920185	2.11686	1.31858	1.00324	0.551792	0.487726	0.71742	1.65288	1.14739	0.545713	0.254372	0.846944	2.17701	0.402171	1.39155	1.86881	1.84039	0.530683	2.15488	2.86776	2.3448	1.57066	1.40454	1.25585	0.899261	1.67828	0.650689	1.40446	0.925323	1.17242	0.786407	1.28838	1.45476	1.44555	0.850878	0.830528	2.88199	1.13115	2.27579	2.7516	2.98559	2.05381	1.22791	1.52709	2.35993	0.605999	1.39741	1.80469	1.91122	1.9315	0.567088	1.03448	0.405727	1.42	1.39469	1.28834	0.786388	1.46511	0.538706	0.677178	0.864213	0.888093	1.25995	0.94613	1.06127	3.02571	2.08977	2.88538	1.07991	2.28469	0.339297	1.07727	0.605999	0.746013	0.585237	0.65578	0.868601	0.573764	1.36605	0.899229	0.592525	0.497365	0.662262	0.616911	1.39361	1.38783	2.5307	0.860303	1.937	3.90124	2.08681	1.1009	1.09049	1.20957	1.275	0.916016	0.111217	1.77084	2.31729	0.975334	2.65369	0.907645	0.864161	1.21186	0.444861	0.720061	0.761797	0.195085	0.811414	1.51397	1.37547	1.52646	0.841871	1.62856	2.99755	1.75226	0.722043	1.57313	3.05349	2.88636	2.11758	3.91565	4.42032	5.84173	9.05255	12.4198	13.3705	11.7435	8.45887	7.9646	9.05716	7.44603	5.9677	5.27285	5.1098	4.58402	2.37622	3.113	5.41071	5.14041	3.72963	2.56657	2.18713	2.34326	1.95823	1.95844	1.32653	0.802574	0.655774	0.888052	2.35996	3.22473	2.85594	1.61898	0.395019	1.19049	1.13738	0.703355	1.07595	0.375248	0.463728	1.27159	1.22784	0.772977	0.788209	0.869111	1.13237	0.980248	0.616925	0.78637	0.864161	1.59943	1.0613	0.790001	0.664439	0.756188	0.712128	0.478868	0.195094
3.09496	3.27723	2.23575	0.804484	0.799729	1.00514	1.98546	1.36514	0.919183	1.13151	1.50183	1.28368	1.0251	0.87904	1.15154	1.91106	3.35479	1.43969	2.26976	0.692657	1.93063	0.484196	2.44729	1.96487	1.91945	0.937874	2.26811	7.07277	3.54703	0.218073	0.13792	1.04755	1.23961	0.946711	2.94855	4.25256	4.14794	1.33162	0.0218075	0.0218075	1.28194	6.98124	5.65374	2.3129	1.42676	3.42209	1.23973	0.750952	1.31488	1.6751	2.45832	1.44357	0.820857	1.04347	1.27029	2.21538	2.898	2.03894	2.83764	3.16332	1.87592	0.877686	1.42853	3.79869	3.0808	1.1722	0.788053	0.719937	0.676338	1.09478	1.14135	1.35394	0.438318	2.1866	1.95215	0.359648	0.235889	0.513279	2.34918	2.16061	1.13088	1.05254	0.993057	0.868153	1.60043	1.20887	0.231808	0.566975	1.7446	2.41161	1.15135	1.18067	1.34569	2.29694	2.03758	1.59513	3.39908	3.33278	2.44974	2.04607	1.22767	0.900649	1.49691	1.43457	1.23114	0.438313	0.599969	1.24304	1.84894	1.47053	1.18003	0.919183	1.52378	2.3433	1.57048	3.87922	2.27907	3.75689	2.34749	1.37294	2.00028	3.16184	2.88579	2.03891	0.657462	3.05939	1.9773	1.0771	1.23668	0.764463	0.772824	0.907774	0.74046	0.648367	1.40712	1.52756	1.57995	0.851557	1.46342	1.57958	1.39557	1.02648	1.82596	1.30894	2.0065	0.333582	1.29834	0.972498	0.566975	0.635027	1.05503	0.321972	1.11226	1.26485	1.42842	0.898035	1.01713	1.40171	1.63181	0.87575	1.40427	3.14914	1.39964	3.84915	1.29548	2.26276	2.3108	1.00045	1.01015	1.05256	1.2522	1.58138	1.66604	0.976358	1.72567	2.68038	1.16566	3.07252	1.19943	1.41717	1.45209	0.532388	1.54422	0.887876	0.659245	0.809474	1.15584	0.874676	1.18469	1.96731	2.1161	2.63244	1.95906	1.09112	3.32504	3.48343	2.985	3.28258	3.96162	4.79706	8.94356	13.6199	14.9361	11.4792	4.90603	6.02574	9.16622	6.32542	3.71413	4.59769	4.09751	4.43843	5.49262	5.73337	5.65495	5.41882	4.3585	3.16904	3.06449	2.54605	1.88201	1.91504	2.67606	2.47955	1.42192	1.14762	0.976408	0.936345	1.48833	2.41324	2.79055	2.19057	1.66205	1.44949	0.568647	0.91088	1.26422	0.284333	0.807093	0.971472	0.497259	0.255243	0.711948	0.717305	1.08108	1.12245	0.635748	0.490059	1.49028	1.30826	0.677064	0.179826	0.262587	0.201051	0.296606	0.248638
2.0519	2.6527	3.03361	0.218038	0.56688	1.52085	2.18878	0.974957	1.57242	1.05004	1.28302	1.28232	1.07691	0.956301	1.04644	0.497194	1.91495	1.32597	2.15305	3.45433	1.83143	0.889323	2.64232	2.45363	1.46485	2.84807	3.68	9.93878	6.63073	1.30071	0.195019	1.51332	0.317463	1.51834	0.566868	0.865527	0.659864	0.0872132	0	0	1.57182	6.97977	3.92054	3.78825	2.60771	3.97487	1.48035	0.174426	0.986578	1.44921	2.4127	1.7573	1.6572	1.67771	2.09676	3.18036	3.23791	3.37531	4.43759	5.69779	3.19073	1.86226	1.67488	2.13034	2.41115	2.44441	0.829612	0.643833	0.959257	1.00663	0.897819	0.721797	1.19962	1.96153	3.00102	1.64107	1.0501	1.09091	1.31807	2.49353	1.70966	0.234833	1.35156	1.14118	1.21139	1.18043	1.15113	1.27636	2.10392	2.00032	1.15195	1.39786	0.619761	1.87235	2.75919	1.55245	1.79732	1.89453	1.94653	1.77023	1.32597	0.551558	0.730953	1.01793	0.76278	0.9652	1.36552	1.75345	0.682536	2.17136	2.67089	1.44403	1.27341	3.88367	3.35057	2.47517	0.752732	2.7899	2.40328	1.30073	1.10048	2.14643	2.54107	3.45832	2.03335	1.98983	1.51335	1.36488	0.956301	0.402032	1.00383	0.919809	0.616686	0.957298	0.74001	1.20589	2.24991	1.55788	1.60773	1.25764	1.66005	1.86227	1.2309	0.616662	0.741272	0.789695	0.471654	1.33462	1.18446	0.648212	0.392454	1.19083	1.13193	0.097505	0.137894	0.83307	0.654052	1.35436	0.856683	1.96921	1.25757	2.48435	2.21945	3.43162	0.47168	2.13755	3.8868	2.40683	0.179792	0.218038	0.546387	1.11163	1.92587	1.97358	0.45525	2.40168	1.93477	2.57506	0.351561	1.38554	1.38758	0.532287	2.20391	1.31449	1.52521	1.00377	1.42341	0.881812	0.137899	2.00692	2.16438	2.39736	3.40434	3.58626	3.70141	1.40872	3.87959	4.87223	4.66445	5.84058	10.7734	15.295	11.2073	3.6467	13.1676	16.5325	13.897	8.23127	3.91304	4.85526	3.80843	2.1184	4.88478	8.36174	6.46671	4.01366	2.75572	2.06658	2.18625	1.87243	0.581773	1.54254	1.16343	2.44435	1.33105	1.80216	2.30133	2.09588	1.23477	0.525081	1.39578	1.99649	1.37866	1.94788	1.17802	0.750216	1.38758	0.372577	0.742555	1.25834	0.317463	0.469657	0.526898	0.218026	0.444688	1.36829	0.31444	0.786066	0.0975097	0.607335	0.218026	0.752732	1.00665	0.697672	0.265244	0.275786
4.2374	3.63313	2.17985	0.714013	0.484023	0.916761	1.83422	0.832893	1.23062	1.51076	1.77111	1.44109	0.586553	0.629146	1.03576	1.80299	2.42105	1.50521	1.90977	2.0742	2.63584	2.08312	2.40721	2.17554	0.967444	3.1142	3.2938	6.8808	8.69852	7.25271	5.74507	1.98921	0.64405	1.35705	0	0	0	0	0	0	1.47185	5.56576	6.50806	7.04222	6.54236	7.62183	6.13387	3.39073	1.355	1.59454	2.76848	2.25698	2.36612	2.10867	1.42803	2.0381	1.15023	1.7327	0.616919	4.64571	2.32873	2.0069	2.41991	1.96857	0.830052	1.33536	2.13772	0.548869	1.11247	1.01772	0.602932	0.478068	0.137872	1.33235	1.91322	1.1858	0.234778	0.715009	0.227593	1.39384	0.635528	1.17958	1.94559	1.49498	0.93832	0.983541	1.90289	1.3594	1.57786	1.31222	0.50844	0.995026	0.655396	1.34793	1.2547	2.10654	2.64022	1.39014	0.586518	1.90279	2.05353	0.830049	0.466499	1.53878	1.97868	1.53029	0.633633	2.39063	0.955376	2.84528	2.12022	1.80818	2.04615	1.75657	1.01772	0.624223	0.977015	1.28146	1.48965	0.965269	1.91592	2.35719	2.58172	3.07272	4.05303	3.34126	1.55659	0.388106	0.798205	1.70956	1.59113	2.02981	1.8788	1.7251	2.06561	2.07842	2.18253	1.79512	0.78621	0.35218	0.0308296	0.684147	0.919605	1.74459	0.81384	0.68134	1.9786	1.05936	1.67136	0.154148	0.453589	1.21194	0.898711	1.18021	1.27558	1.02445	1.34085	0.937282	0.921958	1.31727	1.65969	1.05729	0.973305	1.91325	1.41452	1.36611	2.42926	3.76578	0.219079	0.222305	0.351488	0.266084	1.17878	1.8543	1.01418	1.14427	1.79773	1.04828	0.981839	1.52699	0.435975	1.71984	3.33408	2.31096	2.75773	1.49492	1.72598	0.234788	0.86864	1.95106	1.94046	1.62287	2.70302	3.59698	2.04645	1.88007	4.56799	6.10924	6.60122	8.80156	12.5771	13.4725	5.19794	14.9768	17.9089	14.8136	9.99962	6.909	3.97487	6.83739	7.6371	8.54999	7.9715	7.96367	6.00544	3.60949	2.16245	1.96171	2.13704	0.849009	2.17478	1.96674	0.909529	2.27639	2.66524	2.95548	2.797	2.57397	2.39974	2.29687	2.54254	2.79116	2.25673	2.38539	1.52807	1.18587	1.2709	0.586553	0.338416	0.902396	0.386283	0.63365	0.34052	0.14623	0.810025	0.789828	0.614249	0.983049	0.778043	0.349465	0.348783	0.931934	0.370581	0.946333	0.362816	0.501369
1.97794	1.51096	0.887413	1.2575	0.829862	0.3334	1.26502	0.663901	1.42295	2.40304	2.48901	2.00856	0.56833	0.371162	0.709552	1.47302	1.56551	0.87176	1.85098	1.06806	1.91546	1.68209	2.58165	3.04868	1.01097	2.22575	2.96946	3.73946	3.09678	6.23441	8.10392	5.67693	2.42648	1.01888	0	0	0	0	0	0	0.68434	2.36744	3.38681	2.98766	3.19433	5.77648	7.65775	7.15818	2.91269	1.76072	2.76096	2.67989	2.34494	1.94501	0.722169	1.34366	2.35843	2.72296	2.27162	3.87571	0.745475	1.72835	1.29472	0.949447	1.7018	1.60242	2.11524	0.862949	1.03369	0.487336	0.462337	1.5485	2.15268	2.27743	1.79485	0.746095	0.586407	0.910097	0.658907	1.09308	0.974587	1.25146	2.5936	2.21327	1.2192	1.73976	0.927191	1.0896	0.882539	1.07337	0.832755	1.22034	1.78874	2.08711	1.48434	1.46107	0.745442	0.647974	1.16295	1.0591	1.59047	1.35174	1.90976	2.42573	2.45068	2.61401	1.87646	1.84278	1.10475	2.14528	2.34636	3.49883	1.95113	1.20032	1.38433	0.803733	1.28739	1.42989	1.39048	0.758112	2.96946	2.86687	3.66916	3.75562	3.87566	3.13193	2.08343	1.38398	1.943	2.23259	1.40819	1.91656	2.11957	0.762491	0.740991	0.974634	1.28254	1.07908	0.820657	0.635408	0.785798	0.893818	1.96608	1.75091	1.41417	0.770532	2.21404	1.13654	1.43749	1.73548	2.35361	2.42126	1.66111	1.15063	0.598444	1.23769	0.816001	0.321805	0.992483	1.30785	1.66111	1.10478	0.0871802	1.79382	2.29299	2.85546	2.32695	4.03394	0.154109	0.179724	0.389885	0.462347	0.575785	1.94982	1.62731	0.983354	1.17962	0.943424	1.30344	1.0519	0.680847	2.82597	3.15353	1.88588	3.35974	1.85309	1.46011	1.36846	1.55734	2.42027	2.35897	1.13697	1.80852	1.78533	1.81606	2.78784	4.54812	7.15799	8.68654	10.7914	12.6802	7.36152	9.01875	16.0754	11.9218	8.6731	5.18198	7.21351	2.91409	7.71195	8.32743	7.0774	6.29411	4.45445	5.16961	3.56914	1.48237	0.852432	2.16311	1.50993	1.96856	2.29303	1.51127	2.03352	2.6182	2.62036	2.24919	2.14562	2.39256	2.75845	2.83497	2.54679	1.8717	1.184	0.988129	0.184931	0.676659	0.653842	0.834464	0.919461	0.308228	0.555666	0.846316	0.386197	0.523965	0.750561	0.44879	0.680847	0.351421	0.248497	0.48146	1.00625	0.458207	1.01702	0.592063	0.984812
1.44255	1.33775	1.06855	1.24666	1.25726	0.806529	1.13487	0.946985	1.16211	0.469371	1.67668	2.2208	1.79268	1.52583	1.48687	0.99465	1.88052	0.489688	1.14068	0.878371	1.62148	1.56992	2.37472	2.39801	1.11315	2.05315	0.877021	1.6569	0.380565	1.1298	3.75151	6.31157	5.03425	1.96207	0	0	0	0	0	0	0.108955	0.187457	0.158643	0.0435819	0.0871637	0.745965	3.46606	7.52645	5.26304	1.56389	2.11058	4.22309	5.37795	6.71439	6.46847	3.43147	2.16074	3.16017	1.65698	1.91696	1.05398	0.730868	1.45984	2.3166	2.55163	2.40641	1.38976	0.494008	0.881562	0.554706	1.26386	1.16461	1.20861	1.31375	0.666652	0.263305	0.77036	1.0415	0.327587	1.2062	1.10454	0.801208	1.88325	2.54892	1.86121	1.50716	0.152536	1.20835	0.694868	0.586296	0.089845	0.818754	1.77771	1.49448	1.17739	2.57268	2.62625	1.10328	0.955765	1.40405	0.799123	1.51059	2.51561	2.4054	1.34742	1.44203	3.1047	1.5258	1.32344	1.34037	1.76666	1.55963	1.20013	1.44203	1.99877	1.94689	1.35888	1.81863	1.96815	0.893649	2.35727	1.24494	1.15063	0.742153	1.32969	2.06632	2.17202	2.33048	3.20179	2.87531	1.50769	0.314261	2.15713	1.23329	1.41127	1.20841	1.4733	1.5905	1.37116	0.296378	0.305849	0.224356	2.1309	1.17934	1.66887	1.05778	1.96495	1.40194	1.0802	0.770386	1.2816	2.05036	1.47436	0.784425	0.623229	0.711413	0.117345	0.838556	1.31035	1.50058	0.982669	0.950035	2.00505	1.78165	1.83858	2.57146	2.56124	3.39231	0.309714	0.362679	0.344531	0.362679	0.240689	2.14122	1.66474	0.770356	0.624337	0.961912	1.55105	1.5506	0.959704	3.10046	2.62207	0.197323	3.03727	1.65	0.829146	1.89119	0.957197	1.61264	2.08878	0.610495	2.03208	0.175688	3.05706	2.76582	4.82678	8.57916	9.90978	9.4826	7.90447	10.2182	16.8098	13.9103	7.40642	5.84442	4.57652	9.01651	2.26187	8.16725	8.69917	3.8128	4.57476	3.56688	4.20229	3.76179	1.6022	1.59171	1.85363	1.93456	1.86683	0.964903	1.37881	1.63796	1.80758	1.86197	1.41616	1.35608	1.66627	2.16676	2.26147	2.08787	1.48101	1.02779	0.875922	0.392231	0.653681	0.489669	0.531984	0.692502	0.727263	0.613611	0.683855	0.624337	0.0487248	0.467872	0.893368	1.14674	1.03516	0.897602	0.829705	0.750383	0.841628	1.0894	1.20855	0.362679
0.834988	0.6879	0.479808	0.61965	0.997556	0.915229	1.25232	0.413942	1.29536	2.28853	1.457	0.683722	1.2294	1.22087	2.00186	0.048718	1.61881	0.678511	1.02082	0.311944	1.49467	2.12841	2.08526	0.732353	3.06783	2.1405	1.01622	1.63286	1.46348	0.578859	1.19253	4.69861	7.27599	4.51091	0.457513	0	0	0	0	0	0	0	0	0	0	0	0.937001	4.83482	6.87594	3.98445	5.2493	6.44369	7.1794	8.04143	9.23287	9.91573	3.43002	1.26362	2.15286	0.589837	0.937765	0.441149	0.971589	2.40146	1.43303	1.61313	1.01552	0.284062	0.284064	0.745193	1.0567	1.06832	1.06099	1.01458	0.462162	0.573097	1.04135	1.50403	0.858489	1.06228	1.47857	0.806044	0.52376	1.34364	0.986349	0.179661	1.37506	1.12543	1.02595	0.895578	0.754965	0.945093	2.25088	2.15599	1.81557	0.275587	1.7327	2.20396	1.36465	0.964968	0.803429	1.0333	1.96966	2.92496	2.11338	1.44293	0.993517	2.48735	1.58829	0.907916	0.894251	1.87773	2.27441	1.04318	0.555456	0.918314	0.980552	0.441129	1.32949	2.1141	2.69999	4.44571	2.13116	1.05672	1.08941	1.36465	1.70864	2.68029	3.21081	2.63293	1.5031	2.75855	3.50877	2.30391	1.83321	0.568109	0.602589	1.46083	1.9299	0.137794	0.175649	0.108931	2.31464	1.16765	2.08028	1.81172	1.55394	1.76965	2.25803	2.74423	3.82574	3.25646	1.20838	0.50861	0.867332	0.423021	1.98381	1.78254	1.21699	0.527403	0.435728	1.5532	1.50043	1.79918	1.81609	0.907916	2.55464	2.26343	0.764994	0.808724	0.982957	0.179656	0.127041	1.66728	1.7834	1.52551	1.35053	0.38049	0.895558	1.35683	0.616989	2.19976	2.75453	1.23996	2.90514	2.61979	1.47254	0.763735	0.943832	1.93141	1.99832	0.262354	1.79937	1.1144	3.06769	2.38687	5.60963	9.13589	7.84788	7.5516	11.9494	16.8299	16.391	11.0859	6.96225	5.60176	5.98465	11.1902	2.76264	8.44772	9.00962	5.85878	4.52278	5.67174	3.57119	3.51722	2.32773	1.90266	1.69514	1.27259	2.25872	1.08944	1.29534	1.00233	0.937004	1.20995	1.34369	1.19833	1.55767	1.51977	1.50864	1.54161	1.12439	0.822111	0.987084	0.959548	0.709638	0.409321	0.423004	0.414514	0.716627	1.07476	0.479808	0.600976	0.284055	0.599401	0.602579	0.77271	0.878192	0.916002	1.04565	0.475828	1.08918	0.873848	1.80452	0.60766
0.791968	0.974073	0.976267	1.17289	1.57535	1.61865	0.919171	1.25826	1.37823	1.54668	1.93893	1.74551	1.29693	1.41976	1.69472	0.240595	1.37493	1.43666	1.65629	1.37828	2.32985	3.1683	1.965	4.19701	4.21458	3.48118	0.958589	0.743461	1.64035	1.59215	1.59215	2.41655	6.57082	7.46335	3.6691	1.23529	0.197249	0.0217825	0	0	0	0	0	0	0	0	0.0217825	1.87979	5.31285	5.6388	6.18249	4.59806	3.2954	2.4252	4.79361	10.2877	8.77658	3.59597	0.945628	1.97755	0.446917	0.791968	1.1369	1.38626	0.701436	0.500985	0.772557	1.32298	0.928709	0.231557	0.895371	1.39275	0.871789	0.876944	1.07255	1.69625	2.12284	3.36241	2.87955	1.30184	1.59741	0.637652	1.23891	0.531748	0.721753	1.12009	1.70739	0.739613	1.12963	1.47096	2.04957	0.935572	1.82608	0.721074	1.84823	3.04651	2.23659	2.13554	1.48627	0.179625	0.311882	0.427957	1.73077	3.24474	3.0866	3.6335	3.11183	1.69374	1.76498	1.50891	1.67454	3.69674	3.91835	3.2375	0.990678	2.04709	1.4107	1.02528	0.048706	3.44591	2.86687	3.10389	3.02333	0.491417	0.462053	0.635021	0.376015	0.269429	1.20808	1.4506	1.48627	4.32003	2.87321	1.55088	2.79412	1.66717	1.65563	2.1337	1.93836	0.555346	0.86716	0.889836	1.96893	3.0405	2.87593	3.39494	1.86406	2.73572	2.28605	1.81518	1.23529	1.05648	2.08344	1.54261	1.29894	1.8592	2.9458	1.90142	2.11301	1.54268	1.31037	1.6147	1.30976	1.23296	1.32489	0.372854	2.17985	1.34407	0.867975	1.00121	1.64035	1.1674	0.467691	1.03495	1.53327	1.86429	1.96075	1.08312	0.551477	0.974026	0.786835	1.48662	2.6238	1.65847	2.82267	2.92145	1.04023	0.88097	0.413279	1.22135	1.46361	0.413279	1.29356	1.44192	2.50134	2.40448	5.71031	7.21845	7.48634	10.9936	12.405	11.0183	8.02837	5.5075	4.27947	3.41098	6.70079	12.4749	3.79803	8.19281	9.15444	7.68693	4.37637	4.18781	3.58582	2.70777	2.07399	1.39394	0.778367	0.993351	2.46331	1.15943	0.991883	0.344414	1.24313	1.26709	0.628665	0.936834	0.79164	0.154024	0.672746	0.73217	0.392673	0.348516	0.645036	0.418433	0.264996	0.170121	0.420674	0.500985	0.385354	0.661396	0.85944	0.309575	0.41386	0.549733	0.454815	0.645052	0.936819	0.327461	0.627157	0.820202	0.772518	0.17562	1.94212	0.930442
0.973163	1.07236	0.817456	0.76222	1.31534	2.09079	1.30301	1.61834	1.70793	1.06349	1.36054	1.7533	1.7392	1.45561	0.481086	0.633063	1.70042	1.76897	0.97822	0.780622	1.53731	3.61206	3.05554	4.54338	3.54485	5.31237	2.55093	1.30831	1.86395	1.45546	0.971165	0.615943	3.00771	7.38513	7.23557	3.51543	0.581092	0.068868	0	0	0	0	0	0	0	0	0	0.611322	2.37639	3.18902	2.72525	1.14089	0.307992	0.0486991	1.15737	5.60707	9.64199	6.20504	1.48394	1.33533	2.30814	1.79878	2.7254	0.799523	1.12773	1.2204	1.15407	1.58124	1.72125	1.11036	1.26011	1.74672	0.372151	0.51396	0.471141	2.74467	2.90994	2.20149	4.00057	2.40099	0.126985	1.15741	0.806042	0.0897958	0.598009	1.72121	2.41592	1.01415	0.982102	0.711041	1.05542	2.19114	1.74296	0.739805	1.16713	1.00315	1.40391	1.26405	0.918984	0.400376	0.187349	1.45246	1.02374	2.44407	1.63921	1.9516	4.0773	3.41522	2.26472	0.640477	1.75485	3.74051	1.54281	4.75044	1.67517	2.81785	1.75496	1.55456	0.117278	3.29889	3.19144	2.16858	3.30261	0.269386	0.893878	0.551373	0.721608	1.34968	2.13042	2.25001	0.882411	4.42045	3.20236	2.62111	3.73221	1.94453	1.61839	1.22133	1.13668	0.479113	1.69948	1.93758	2.23033	3.15587	1.70173	3.57132	1.79138	2.02773	1.16475	1.09592	0.914847	1.60848	2.86245	3.12479	2.24371	2.43744	2.02463	1.63623	1.32826	1.64004	1.1572	0.871339	1.66507	1.46027	1.4614	0.662314	1.82586	0.683458	0.566639	0.837779	1.39422	1.45247	0.609772	0.566219	0.750929	1.26463	1.84447	1.37037	0.157041	1.2629	1.10175	1.11396	2.08546	1.66896	2.24736	2.72807	0.718329	1.31099	1.02993	0.952442	1.58953	0.28645	1.04748	1.68149	2.20363	2.70553	5.11707	3.71018	5.0848	7.11745	7.43214	6.49786	4.72571	3.20319	2.62222	1.98981	7.33538	12.4655	4.74631	7.35306	9.05708	7.9691	6.10596	1.74518	3.19839	1.34317	1.37708	1.54231	1.14086	0.74332	2.17259	0.789074	1.1398	0.633029	0.497554	1.84842	0.889631	1.16413	0.292192	0.217789	0.533895	1.08113	0.248314	0.529871	0.705322	0.309535	0.448954	0.243486	0.0486991	0.486979	1.04704	0.400376	1.13421	0.589604	0.253969	0.254903	0.586368	0.771769	0.87351	0.581107	0.523557	0.847044	0.394414	0.967296	2.00524	1.56339
0.964165	0.961201	0.88094	0.83139	1.0964	1.44482	1.00365	1.90376	1.43893	0.431113	0.586278	0.8863	1.08118	1.10181	1.12078	1.00365	1.66605	1.65279	0.979987	1.53015	0.588305	2.38628	1.79664	3.44449	4.13086	4.23037	3.13259	1.48096	0.399706	1.23255	2.27849	2.46913	3.01082	5.28623	9.17734	8.32218	6.87748	5.34394	3.10647	1.13734	0.108871	0	0	0	0	0	0	0.0435485	0.264896	0.369527	0.264896	0.0435485	0	0	0.108871	2.5996	9.47922	7.11578	3.56988	2.22653	3.23566	1.22096	3.27523	0.675321	1.23708	0.602206	2.01673	0.713197	1.16941	2.21715	1.0053	2.07674	2.30779	1.13586	0.370148	1.99776	3.76178	3.38462	2.00209	1.63417	1.1054	0.175548	0.0688575	0.23553	0.74062	0.940246	1.66633	2.14632	3.00914	3.32221	3.37088	1.08861	0.580982	0.574854	1.33436	0.286391	0.605347	0.647348	0.708192	0.235517	0.644807	1.51602	0.599056	1.58295	0.634784	0.470038	2.69726	3.20843	2.27758	1.33651	1.1547	5.11774	1.31525	5.25077	1.53015	2.20658	3.11823	1.93913	1.61296	3.50189	3.94782	3.06492	2.53061	0.524363	1.00361	0.613547	1.22016	1.6784	1.82893	1.78182	0.435464	3.61682	3.07173	3.32889	3.42519	0.948523	1.1514	1.00175	1.22865	0.873353	2.00662	1.14069	1.54625	2.36243	1.8009	3.5622	0.77319	0.683687	0.537783	1.13229	1.38456	1.85222	3.57676	3.98117	1.86594	1.3301	0.827649	1.34639	0.64958	0.688517	0.461906	0.884145	1.65954	0.510159	1.13042	0.877673	1.81096	1.17244	1.16066	0.764553	1.15958	1.37009	0.489294	0.647387	1.08163	1.3887	1.96085	2.16108	1.09054	1.56747	1.15035	0.765766	1.43169	2.26779	2.46478	2.14049	0.360415	0.877661	1.18067	1.07479	1.70471	1.23792	1.04528	1.87768	2.56074	2.82501	3.60108	3.55932	4.86348	3.99726	3.55171	3.05812	2.49116	1.92694	1.44307	1.07036	7.28195	11.2963	5.64563	7.3818	8.55412	7.2831	6.4596	1.61788	2.79074	1.92435	1.83723	1.8781	1.67485	1.17366	2.07038	0.896915	1.27778	0.741561	0.716214	2.00072	1.39495	0.960176	0.530213	0.354465	0.35713	0.791626	0.461878	0.615827	0.448865	0.111029	0.401479	0.254855	0.239515	0.195968	0.91881	1.13959	0.708875	1.22089	0.175548	0.344287	0.827649	0.902171	0.457757	0.467491	0.923954	0.654647	1.38266	0.855542	1.45318	1.15467
1.94648	1.70402	1.33259	1.10868	1.46008	0.710769	0.741426	1.76938	0.905425	0.333012	0.63466	0.501188	0.745253	0.812769	1.02335	1.391	1.97061	2.17597	1.86011	2.78228	1.24658	3.85349	3.43666	3.65511	5.40626	3.90441	3.59214	2.36696	2.86793	1.69391	2.70738	3.32725	2.69705	2.5417	6.27273	7.2728	7.81307	7.61998	6.19133	3.25427	0.344206	0	0	0	0	0	0	0	0	0	0	0	0	0	0	1.84759	8.10588	5.65345	3.66039	3.02913	3.52661	3.22952	3.05611	1.17988	1.50322	0.786705	1.30777	1.91724	1.99468	2.64611	5.28173	5.35423	5.98683	2.57115	0.283853	0.40493	2.30789	4.31539	3.9848	1.96969	0.321437	1.20057	0.606411	0.41306	0.922505	1.02751	0.509603	1.81826	2.17643	2.2447	3.78043	3.32832	1.47012	1.38897	1.22556	0.375809	0.401403	0.649419	0.934743	0.277095	1.31498	0.837447	1.64973	0.794477	1.04528	0.41876	1.34103	1.85304	2.04254	2.56158	0.592174	5.0891	0.275376	4.12339	3.60364	1.95617	1.91105	1.66833	2.77301	3.52812	3.89349	2.18579	1.26773	1.11544	0.845348	1.87133	2.01457	2.12163	2.63838	1.70263	1.04166	2.79954	2.11355	2.87945	1.98872	0.658117	0.58412	1.33644	1.35581	1.03256	1.94882	0.708101	0.923577	1.92145	1.50356	3.72759	1.63619	1.35023	1.69033	2.3393	1.55764	1.67601	3.46383	3.13668	0.683557	0.845348	0.477954	0.992801	1.38345	0.385768	0.718037	1.64167	0.606411	0.642821	0.380806	0.331596	1.59016	1.5574	1.50954	1.06683	1.61492	1.07521	0.309418	1.01636	0.958814	1.14564	1.72607	2.49296	1.65636	1.4099	0.493536	0.566005	0.654523	1.77612	2.09743	1.12899	0.604843	0.375802	0.855915	0.97785	0.977883	1.47141	1.01638	2.14966	3.26045	2.34031	1.98547	4.24823	3.96632	2.67593	2.27149	1.67372	1.26812	1.15717	0.277095	0.931694	6.51488	8.95095	5.56564	7.45917	7.3774	6.12973	5.5246	2.47368	1.65465	1.94964	1.97759	1.71618	1.52913	1.21156	1.89643	0.931748	1.39061	0.828913	0.837447	2.10925	0.275366	1.05071	0.222009	0.592208	0.56182	0.522469	0.222009	0.73435	0.572669	0.404953	0.26124	0.22413	0.240459	0.509622	0.63392	1.38821	0.435382	1.41891	0.253886	0.385768	1.11926	1.31755	0.828943	0.800994	0.837434	0.275376	1.86721	1.75457	0.760371	0.37201
0.550615	0.146014	0.533579	0.296056	0.895493	0.110984	1.15894	1.40439	0.200666	0.380117	0.623623	0.200669	0.614444	0.675053	0.200678	0.501065	1.00134	1.67771	2.45952	2.87885	2.54334	4.22897	2.13091	0.296056	2.16078	1.18025	1.95401	0.262104	3.00575	3.44823	1.08424	1.02937	0.840095	2.12189	3.2701	1.0626	1.73559	4.05371	7.25263	7.06001	2.17228	0.043532	0	0	0	0	0	0	0	0	0	0	0	0	0.087064	2.49122	6.96975	3.20982	0.0615617	1.37117	4.39752	7.24645	7.20514	6.20861	5.24274	3.56528	0.922331	2.95787	3.69181	1.68582	6.24812	5.02182	5.63715	3.07644	0.332956	0.269233	1.28007	1.50293	2.76523	1.47275	0.432022	0.985395	1.54131	1.07903	2.25889	4.41899	6.05167	6.00077	5.28043	4.26066	4.09313	5.43073	4.31963	3.45022	2.71879	2.04216	1.1754	0.429274	1.11479	0.065298	1.54926	0.845202	2.21791	0.802956	1.4389	1.31246	0.837598	0.412967	0.986102	2.68325	1.95926	4.08962	0.961559	1.67884	1.62522	3.43809	2.81111	2.55988	3.23226	1.17196	2.17919	1.30158	0.897382	1.15853	0.399575	1.77142	0.969666	1.19873	1.10562	0.742875	1.23202	1.92314	0.957883	2.19307	1.54884	1.05483	0.821327	1.23202	0.889126	0.762076	1.49895	0.0784806	0.401344	1.61394	1.45171	1.95584	3.39849	2.92995	1.35569	3.41423	1.81028	1.34942	0.418681	0.90705	1.91291	0.401344	0.404876	0.589275	1.89802	0.84994	1.17841	0.846563	1.98761	1.86265	1.34595	1.803	1.78543	1.04031	0.57255	1.20067	1.88927	0.941881	0.323562	1.06372	0.556203	0.858499	0.870549	1.76298	1.40491	0.454471	0.544143	0.771973	1.5184	1.08115	0.165768	0.670499	0.435855	0.607098	1.12183	1.52013	0.513698	0.634553	0.535345	1.64699	3.65335	4.14014	4.08525	3.58256	2.27308	1.75015	1.67341	0.945943	0.643099	1.08054	1.0936	1.0503	5.3093	6.94192	6.99885	8.26408	6.91192	5.46394	4.50755	2.57772	0.883828	1.3403	1.00823	0.805583	1.37236	1.24124	1.25109	0.372566	1.19296	0.81927	0.971593	1.84173	0.618664	0.646371	0.915367	0.477864	0.326496	0.152362	0.2241	0.332231	0.38013	0.480819	0.12692	0.175481	0.501065	0.184696	0.326487	1.10562	0.065298	1.22355	1.29795	1.18507	0.751429	0.840956	0.26119	1.10567	1.50656	1.01759	1.99641	2.25343	0.827358	1.17702
0.493375	0.718428	0.700727	0.184659	0.828586	0.508004	1.16868	1.45947	0.676003	0.584736	0.626559	0.880433	0.88123	0.829464	0.676003	1.00684	1.50137	1.74933	1.33199	2.47971	3.34331	3.57969	1.28812	0.117188	0.936657	1.03444	0.853091	0.246197	2.07281	4.00257	2.18135	1.49241	2.20124	3.82286	2.70701	1.38172	0.696701	2.13062	5.53037	9.68414	5.98889	1.24955	0.195855	0	0	0	0	0	0	0	0	0	0	0	0.529465	4.57281	7.45395	2.9458	0.895358	2.18486	6.58768	7.48564	7.66025	7.43244	7.08674	6.09924	3.05309	0.822559	2.85141	3.29226	0.615859	5.90104	5.41676	2.13211	0.531271	0.523182	0.550526	3.16487	3.95901	2.8723	0.923184	0.754096	1.39005	1.10178	4.37493	7.30446	7.39791	6.69798	6.60367	6.16292	5.76196	6.81095	7.18473	6.58748	5.5498	4.13614	2.45843	1.09335	1.72978	1.09769	1.14231	2.51163	3.02828	1.67903	1.43684	1.7745	1.45883	0.556064	1.25915	1.21728	1.54901	2.66231	0.326432	1.04467	0.731472	1.53129	1.7921	2.73564	4.58083	2.12284	0.653187	1.31563	2.19842	2.72162	2.43941	2.79354	0.76005	1.19989	0.406542	1.32007	1.41573	0.94271	0.9232	1.88153	1.15833	0.40009	0.26294	0.786065	0.985177	0.538763	0.966293	1.27711	0.863052	0.760076	1.01923	1.13852	2.72595	4.66966	2.41175	3.17032	2.10259	1.20638	0.925732	1.30418	1.30852	0.677754	0.975335	1.21325	1.54897	0.480723	0.860817	0.963594	1.46357	1.7548	1.95845	1.08034	2.31423	2.18766	1.46277	0.784596	1.58383	1.33997	0.2187	1.48198	0.623144	1.62454	1.26194	1.07501	1.07038	0.468742	0.525869	0.465197	1.4796	1.58461	1.11144	1.17177	0.815654	1.14886	0.839694	1.96077	0.418592	0.507539	0.724316	0.708495	2.50334	3.97724	3.99554	3.10684	2.37082	1.66858	1.38586	0.866333	0.670367	0.986677	1.62764	1.52066	3.96289	5.68182	7.25984	7.76162	6.60827	5.24328	3.7087	2.09373	1.11547	1.22509	0.98185	0.35089	1.57664	1.12851	0.790885	0.559467	1.15318	0.572448	0.916239	1.22018	0.435214	0.500507	1.10091	0.769366	0.901667	0.262952	0.422523	0.240366	0.217616	0.557768	0.227202	0.309298	0.769021	0.565774	0.404796	0.448611	0.653185	0.145978	0.254718	0.517249	1.55709	2.56854	2.55866	1.16767	1.46035	1.7709	1.74094	1.65353	1.50008	1.85425
0.769221	1.08384	1.32982	0.671657	0.951533	0.887459	1.1148	1.49822	0.311526	0.332121	0.554712	0.691109	0.389215	0.440541	0.401196	0.759906	1.23134	1.14865	0.45898	1.42996	2.22053	2.4057	1.40305	1.24838	1.03422	0.887978	1.12307	1.70512	2.31663	3.75967	3.73111	3.33657	2.10686	3.23258	0.6545	1.91093	0.784711	0.66276	0.981665	7.11422	8.90037	5.39572	1.66224	0.0217576	0	0	0	0	0	0	0	0	0	0	1.48681	6.52971	7.19271	1.75581	1.64116	3.31664	6.39399	2.99634	1.41867	1.98213	6.61716	5.47914	3.31249	6.33643	5.65976	3.19831	1.42707	1.66015	1.34135	0.533373	0.311526	0.457417	0.24325	2.90125	2.78822	2.78415	0.248066	1.47923	2.12839	3.48827	6.6248	4.67363	2.09789	1.17075	1.37068	1.76307	2.083	3.04304	4.24016	4.88868	5.63566	5.61162	3.5227	3.37371	0.526666	2.55722	2.70027	4.74359	3.66961	2.43476	0.394043	0.329251	2.66709	1.01201	2.41321	1.20618	0.720614	1.4181	0.862051	0.369874	1.10971	1.58606	1.60961	0.264693	3.72231	0.799949	0.948528	1.83848	3.97332	4.07029	1.07134	2.90953	2.16823	0.870263	1.77135	2.44507	1.97086	0.33776	1.32283	1.13872	0.680051	0.862889	0.461552	0.724179	1.18932	0.401172	0.500884	0.645792	0.723196	1.17738	1.12814	1.38826	0.98505	2.38367	1.52286	1.5783	2.29812	0.798175	1.52976	1.15317	0.644314	1.03791	1.15303	1.48466	1.87872	1.74988	2.03339	1.89127	1.25574	1.15055	0.913742	2.25238	3.28531	2.28198	1.0764	0.872685	0.988827	1.57634	0.169927	1.4496	1.14495	1.0803	2.1617	1.15624	0.574381	0.839771	0.58459	0.41793	0.80848	1.30812	0.888025	0.34402	0.710325	1.47932	0.674819	1.71056	0.788321	0.269121	0.642451	0.428558	0.526666	0.538693	1.13837	1.27482	1.62425	0.970276	0.828465	0.923025	0.702989	0.67024	1.153	1.19988	2.20087	2.99722	3.61545	3.68642	3.56984	3.05256	2.06325	1.51365	0.942567	0.646885	1.04106	0.488943	1.51015	1.23403	0.609561	0.529376	1.26715	0.818991	1.10159	0.744824	0.311522	0.431881	0.929389	0.665617	0.965593	0.632425	0.653061	0.37998	0.0870304	0.517148	0.153848	0.272627	0.961657	0.923502	0.227151	0.25466	0.802645	1.40055	1.82306	2.35026	2.34713	1.31196	1.94348	2.82724	1.11522	1.14065	1.63994	1.43834	2.28164	1.26178
0.248023	0.458868	1.06132	0.462489	1.4356	1.03406	1.17631	1.51877	0.502197	0.221844	0.399324	0.350758	0.648922	0.507822	0.462489	0.784299	1.4948	1.34864	1.25041	1.3735	1.17633	1.36204	1.21506	0.79979	1.41365	1.11796	1.35647	0.812125	1.22748	2.05331	2.04319	2.60684	0.169905	2.44358	1.35005	0.815314	1.42436	1.49816	1.219	2.43846	8.29411	9.70732	4.67537	0.435604	0	0	0	0	0	0	0	0	0	0	2.87949	7.09583	5.10869	2.1095	2.76132	1.33381	6.28869	5.77522	1.21975	2.94507	8.04975	3.24587	5.17358	6.89362	7.8845	7.31618	4.13725	1.37347	2.19867	1.89401	1.33547	1.07994	0.724367	2.22336	2.10413	0.986304	0.969069	0.195781	1.06667	6.25345	7.45718	1.81965	0.175383	0.0217535	0	0	0.0217535	0.261946	0.723096	1.17073	3.56728	5.58864	3.93351	4.34259	3.97841	4.86733	5.65345	5.30278	4.1698	4.09056	0.996031	0.870628	1.7236	1.75667	2.06151	0.785815	0.448457	0.697438	1.20634	1.89469	1.28783	2.6054	0.68268	0.852769	3.05807	1.16723	1.666	2.28492	3.89512	4.86858	3.31642	3.32803	2.11223	0.337696	0.935586	2.29774	3.19047	0.901336	1.57561	0.751303	0.761328	0.927472	0.770887	0.648922	1.2933	0.983616	1.19688	1.07665	1.2292	0.925378	0.264638	0.331343	1.03063	0.805122	0.664058	0.331343	2.24829	1.91882	1.66436	0.458878	0.422374	0.633456	0.577996	0.391557	0.570968	0.41559	0.15837	0.0784311	0.234296	0.973946	1.11415	3.15038	2.48703	1.9364	1.50838	1.70516	0.227108	1.67125	0.587709	0.894201	1.52487	0.944405	2.25527	1.58636	0.369804	1.03126	0.612551	0.265541	0.84049	0.674327	0.272575	0.262853	0.248019	1.03881	0.805999	1.23667	0.874928	0.26104	0.452639	0.275155	0.431774	0.557127	0.443672	0.743391	1.2654	0.758856	0.98486	1.08167	0.683061	0.544257	0.798651	1.31513	1.77968	2.2933	2.29079	2.92406	3.18172	2.19103	1.58586	1.34515	0.974967	0.996085	1.38328	1.47078	1.42718	1.1354	0.694017	0.15837	0.849428	0.785815	1.05218	0.844716	0.927472	0.788219	0.375514	0.594119	0.844668	1.03332	0.447911	0.0922894	0.479059	0.679922	0.644177	0.132322	0.883268	0.908627	0.601668	0.522069	0.456814	0.550318	0.980988	0.922835	0.555854	0.908647	1.11693	1.68967	2.33067	1.61589	1.22111	1.21745	1.62289	0.440478
0.206336	0.679783	0.661436	1.1656	1.93508	1.09969	1.56567	1.04428	0.947457	0.887415	0.848444	0.648828	1.11839	0.722923	0.644071	0.941217	1.62479	1.07355	1.26126	1.53463	1.42013	1.5297	1.14762	1.16902	1.00176	1.25014	0.924689	1.04408	0.37984	0.748953	1.62999	3.53196	1.24545	2.76891	1.21562	0.579119	1.00346	1.39189	1.83004	2.95434	3.92201	9.8877	6.18731	0.914667	0	0	0	0	0	0	0	0	0	0.217493	4.60837	5.9333	2.78526	5.79745	4.93819	3.32399	2.66566	7.05499	2.87764	3.74717	6.92651	3.32089	7.17412	4.79933	3.50603	5.21662	5.48837	3.18108	0.947474	0.877729	0.955412	1.14764	1.86885	1.10713	1.77978	1.79517	0.648838	0.865832	0.817231	6.7211	7.54983	1.25691	0	0	0	0	0	0	0	0	2.00681	4.56719	4.81686	3.54766	4.61253	5.94205	5.85739	2.84748	4.85759	4.7367	1.80156	0.261903	0.309123	0.936154	0.243161	0.883152	0.809384	0.57582	0.791623	2.73662	2.87739	3.80313	4.53464	2.20092	2.09434	2.40965	3.24585	1.87956	2.61356	2.62577	3.06452	2.6634	1.57538	0.904575	0.654253	2.08027	2.38307	1.79297	2.36469	1.28377	1.32378	0.488758	0.565454	0.960078	1.54026	1.32554	0.350703	0.634089	0.747384	0.523764	0.110902	0.587598	0.254563	0.239242	0.591616	0.722923	1.17751	1.37426	0.253644	0.644071	0.583591	0	0.826725	1.43405	1.80478	1.96601	1.87451	1.55258	1.27639	1.57477	0.984674	2.2654	3.34879	2.86657	0.585591	2.1105	1.10029	1.38962	1.33055	0.145903	0.742307	1.07447	2.2941	1.4134	0.538042	1.29981	0.468495	0.740694	0.984642	1.1195	1.07688	0.66716	0.17535	0.90505	0.651713	0.925204	0.75087	0.849281	0.83096	0.507736	0.587598	0.642209	0.34042	0.526467	0.929038	0.874812	1.19627	1.34138	1.02303	0.0784163	0.361967	0.481441	1.37531	2.02517	1.95396	2.59358	2.89732	1.17876	1.41129	0.93542	0.561284	0.816368	1.15094	1.18416	1.1491	0.644071	0.371641	0.448379	0.413231	0.17535	0.603093	0.495935	0.537169	0.679783	0.175344	0.48289	0.53094	1.04225	0.480451	0.522425	0.71802	0.761496	0.97959	0.572123	0.59718	0.41834	0.243167	0.214201	0.291803	0.69494	1.05489	0.809384	1.02653	1.04069	0.939182	0.550628	1.56266	2.57349	1.94711	1.20101	1.67862	1.63096
1.00162	1.12765	0.200483	1.79636	1.39564	1.10457	1.69781	0.722797	0.577756	0.48036	1.13145	0.887258	1.47352	1.01843	0.916563	0.137531	1.7118	0.618075	1.15252	1.31258	1.22066	1.89404	1.45682	1.84269	0.819674	0.804815	0.1945	0.893851	0.682763	0.874597	2.19975	3.53528	0.392014	3.46674	1.33206	0.175317	0.187065	0.0896593	2.69093	2.49599	7.31531	9.92049	5.36282	0.894639	0	0	0	0	0	0	0	0	0.239197	1.06562	5.19667	3.81756	3.64929	5.15481	4.90014	6.46489	5.35088	5.99726	3.18185	2.89295	5.59313	5.89346	5.68194	2.60587	2.22121	5.38209	4.85159	2.20042	2.28469	1.98762	1.63987	0.735793	1.81309	0.488639	2.36882	1.39156	0.80185	1.0871	0.430539	5.06206	7.63846	2.7759	0.196912	0.0217453	0	0	0	0	0	0	0.79357	2.65112	5.0032	3.06509	2.98043	4.11105	3.23777	1.39042	4.59962	5.11483	2.60444	1.0762	0.22703	0.804815	0.435439	0.371571	0.547519	0.949746	0.798308	2.22716	4.28584	2.37051	3.03106	4.28714	1.29957	1.18946	4.34892	1.16213	1.72076	0.406235	1.02471	1.02218	0.971684	0.91738	0.605743	2.5047	0.908018	2.24915	2.39193	2.26643	2.55665	2.43039	1.34393	1.42511	1.66723	0.662384	0.978471	0.845797	0.790301	0.608845	0.254525	0.353972	0.400968	0.887247	1.08672	1.43751	0.591531	1.1224	0.976734	0.874087	0.646525	0.968703	1.65347	1.74902	1.81619	1.89819	1.79854	1.34813	0.428865	0.243124	0.81185	0.343809	2.4375	4.48641	4.38837	1.4318	1.38681	0.45872	1.30301	0.701892	0.184509	0.457157	1.68231	0.868905	0.643934	1.30808	0.569127	1.17266	1.28715	0.875141	0.282692	0.849107	0.440308	1.20367	0.674424	0.893851	0.412588	0.923752	1.33099	0.246011	1.148	0.618469	0.231161	0.555673	1.30923	1.30688	0.896527	0.984469	1.47144	0.630964	0.253583	0.660243	1.54823	1.82921	1.94863	2.1762	2.17017	0.682422	0.740598	0.942033	0.523697	0.37538	0.482808	0.31362	0.427225	0.388976	0.468407	0.518706	0.16561	0.0615068	0.486222	1.01911	0.418261	0.836477	0.37538	0.396804	0.305208	0.902013	0.387169	0.886956	0.696164	0.747242	0.804817	0.917351	0.652691	0.60143	0.525947	0.418275	0.3486	0.408559	0.993771	0.796276	0.791506	0.379764	0.768746	0.466892	0.57406	1.7328	2.10845	1.63513	1.67226	1.44363
3.517	2.65313	0.478783	1.40496	1.19005	1.54339	1.1706	0.717724	1.17061	0.666903	1.71464	1.06344	1.8556	1.07927	1.15293	1.01642	1.72577	0.698731	1.24588	1.71923	1.8909	1.96611	0.145839	1.96898	0.763355	1.32671	1.8227	1.9489	1.61378	1.30004	2.57877	2.67575	1.6364	2.4876	1.09039	0.737895	0.254475	0.368941	2.79553	2.40392	9.51042	7.26206	2.78201	0.391332	0	0	0	0	0	0	0	0	1.30458	2.2055	2.71473	3.79141	4.01696	3.63205	1.96909	3.8858	4.81702	4.10077	1.86259	1.11205	2.65251	3.15474	2.29842	0.830658	2.73582	5.7765	3.83566	0.798192	1.48336	1.65533	2.26662	2.35258	1.31309	0.482731	1.98287	2.33148	0.55684	1.50649	0.537834	2.61183	6.84961	5.29011	2.92877	1.76799	0.652565	0.021741	0	0	0	0	0.130446	0.762133	3.69727	3.99123	2.30088	4.22055	1.24434	0.972183	3.31382	5.62683	4.43095	2.22333	0.304371	0.653997	0.254465	0.513077	1.12743	1.49396	0.543517	1.10841	3.33647	5.51229	4.00742	4.55038	2.25088	2.03426	4.0792	0.537819	1.12218	0.547411	0.436977	0.187017	0.793428	1.11548	0.55684	2.48417	0.730491	2.37076	1.51842	2.04388	2.43485	2.30371	1.91864	2.02572	1.39267	0.69191	0.707152	0.787762	0.873914	0.876345	0.666903	0.339611	0.326102	0.663676	0.456551	1.12219	0.906054	1.07599	0.94381	0.578862	0.29169	1.76911	2.19513	1.07051	0.98813	0.898724	1.13372	1.83922	1.37645	1.22392	0.917459	0.332573	0.933789	3.24071	5.58279	4.62039	0.717415	1.69727	1.04435	0.671463	0.137499	0.4967	1.50116	1.06338	0.817165	1.31322	0.470332	1.09037	1.13474	1.25795	0.844196	0.534729	0.584987	1.23921	0.282637	0.983039	0.358562	0.548686	1.4033	0.808781	1.09037	0.47877	0.379689	0.892371	0.790458	0.8261	0.108705	0.338196	1.12743	1.0491	0.639406	0.48612	2.14029	2.37432	1.66611	1.81633	1.24208	0.813976	0.590594	0.92489	1.00213	0.713141	0.701096	0.430454	0.332573	0.760868	0.337502	0.652565	0.832101	0.826409	0.663712	1.08885	0.440201	0.687458	0.28263	0.240134	0.21523	0.759319	0.275007	1.19575	0.708145	0.725609	0.6064	1.09318	0.206248	0.466777	0.187017	0.379676	0.234151	0.108702	0.481237	0.550001	0.717075	0.343761	1.0869	0.702452	0.422138	0.606382	1.45698	1.31329	1.20348	1.13041
4.14178	3.73844	0.0896246	0.915201	1.17808	1.53667	1.43007	0.523494	1.22368	2.34491	2.65037	1.09018	1.81329	0.73064	0.896181	1.52514	2.70014	2.50275	2.26251	1.60943	1.76868	2.58717	1.28724	1.92402	1.93137	1.9134	1.45999	2.29524	2.64283	1.01105	2.95622	1.50621	0.761058	0.530665	1.90043	1.87686	1.27914	1.13895	2.85568	2.00188	9.05348	5.38741	1.92983	0.740293	0.0434737	0	0	0	0	0	0	0.391258	2.67235	1.30689	1.90287	3.77523	3.47048	2.54995	0.674853	0.58	0.982909	0.885044	0.369522	0.0869474	0.234117	0.307412	0.234117	0.0869474	2.18828	5.66649	4.83586	3.0113	2.5203	3.15324	4.83057	6.05453	5.05841	2.77817	2.21792	3.35613	2.47924	1.8076	0.875107	0.507424	4.28911	5.55441	6.34602	6.87498	5.40973	2.06423	0.0434737	0	0	0	0	0.194415	3.35461	5.45844	2.87913	5.9169	2.14398	0.326772	1.42078	4.23149	6.28916	5.59705	2.86044	1.47078	1.09646	0.261753	1.93805	1.28518	1.79775	1.52122	0.669573	3.55857	5.72955	4.93665	2.87299	1.54969	2.58075	0.617836	0.936878	1.04982	1.38138	2.02494	2.45951	1.56139	0.855463	2.05033	1.53116	1.86273	1.14756	1.36486	1.70388	2.80871	1.06938	2.07785	0.896174	1.44838	0.337438	0.234107	0.603919	0.778219	0.826229	0.661092	0.185723	0.669601	0.839019	1.04416	0.705345	0.981896	0.818163	0.759175	0.385179	1.67097	2.60698	2.57486	2.15287	1.88685	1.84907	1.75527	1.69716	0.453877	0.925452	0.368871	1.63599	1.13348	4.08556	5.69994	1.76347	1.86005	1.23578	2.2564	2.46471	2.35846	2.54079	1.81759	0.952842	1.42571	0.262652	1.24713	0.783963	0.85735	1.20005	0.282583	0.758277	0.830502	0.477199	1.13723	0.12675	0.627348	1.47923	1.18248	0.950647	0.900638	0.833075	0.434729	0.326059	0.989816	0.41981	0.179244	0.783688	1.01479	0.67521	1.02982	2.39799	2.71978	1.98618	1.30854	0.693185	0.819324	0.852384	0.428721	0.877277	1.50018	1.58209	0.904836	0.556734	1.04169	1.88197	2.32868	1.87859	1.4352	1.12707	0.614793	0.338153	1.04688	1.10826	1.01039	0.522584	0.566794	0.184448	1.08276	0.370159	0.482622	0.370162	1.2852	0.780353	0.461095	0.511618	0.655334	0.665365	0.753592	0.440121	1.00357	1.39159	1.0913	1.17543	0.605509	0.59049	0.301983	0.412429	1.12202	1.19713	0.753551
4.41338	4.00873	0.380173	0.37008	0.0896052	0.940193	0.465078	2.36541	4.11387	5.12224	3.65259	2.91528	1.8751	0.242972	0.565046	1.2186	2.4917	1.20206	2.40654	1.62266	1.25972	1.736	1.00806	1.4693	2.06194	1.04867	1.32706	1.90879	2.15233	0.854446	3.07443	0.946699	0.490308	1.79469	1.23556	3.85376	2.12171	1.48723	3.39077	1.50929	7.94926	7.77619	5.13111	3.16975	0.740148	0	0	0	0	0	0.0651983	1.59792	3.89447	1.77811	3.08788	0.84531	0.50549	1.07337	0.566687	0	0	0	0	0	0	0	0	0	0.890972	3.86863	5.22009	4.12204	3.78297	4.51995	5.152	5.34415	5.89949	4.65279	2.91373	3.25995	3.12709	1.94422	1.19989	0.880591	1.56448	2.15145	3.77395	5.44486	7.52061	5.81667	1.43423	0.0217328	0	0	0.086931	1.39333	5.21266	5.80246	2.3034	6.44757	3.79311	0.0217328	0.175216	1.3799	4.06119	6.1865	4.91685	1.96065	1.30827	1.15904	1.88151	1.21759	2.32325	1.71687	2.33307	1.84455	1.83657	2.03803	1.1474	0.302706	1.63972	1.38668	0.398964	0.701511	1.65479	2.55146	3.19687	3.18919	1.8752	1.70148	1.2447	0.783535	1.137	1.60511	1.56101	3.6371	0.400714	2.14168	0.304256	1.34101	0.768317	0.132196	0.634686	1.32614	1.31831	0.94675	0.793113	0.122935	0.268821	1.41899	1.18326	1.78002	1.1169	1.00664	0.175216	0.743322	1.79502	2.8769	2.71143	2.68963	2.62825	1.63318	1.12742	0.603805	1.03074	0.948699	2.49469	0.730537	6.33836	3.61694	0.720105	2.02154	1.84596	1.07606	1.09971	1.26049	2.7125	2.25439	1.43239	1.62193	0.421972	1.83534	1.08064	0.566705	1.27608	0.641718	0.586764	0.110817	0.956381	0.693356	0.522023	0.954659	0.825788	0.763395	0.722398	0.934426	0.622322	0.358426	0.608866	0.730502	0.272302	0.722387	0.631724	1.25595	0.289945	1.80751	2.3318	2.36429	2.06138	0.556629	0.676836	0.929096	0.848618	0.351107	0.895196	1.02504	1.47892	0.900452	0.506891	0.924541	1.61104	1.47754	1.19595	1.06148	0.984636	0.631719	0.482521	0.923221	0.78714	0.940715	0.707524	0.26259	0.33244	0.568765	0.574169	0.936701	1.07337	0.675083	1.52926	0.117032	0.391786	0.468118	0.234073	0.302706	1.24538	1.49809	1.23095	1.05835	0.590371	0.221628	0.370089	0.500327	0.674034	0.217327	1.22955	1.20473
4.02634	2.23253	1.87157	2.83549	3.45126	4.08027	4.92617	6.61442	6.24973	5.40975	5.06562	5.67576	3.95217	1.62329	0.130372	1.03287	2.60601	2.53333	3.63167	2.50861	1.5007	1.18597	0.716669	1.05723	1.95531	2.56382	3.14822	2.23391	1.15167	1.19507	2.79421	0.690499	0.673907	2.1024	2.66238	4.33788	2.11037	1.60481	4.01457	3.03431	5.1642	7.15505	6.91848	7.60712	4.38405	0.564927	0	0	0	0.0434573	1.49909	4.44591	5.42701	4.94133	6.83342	6.34708	5.65463	5.21377	3.69189	1.67702	0.47802	0	0	0	0	0	0	0	0	1.16792	2.69272	3.38137	3.71324	3.39855	2.40803	1.23513	3.38573	4.95147	4.7738	4.55909	3.89745	2.57536	1.17399	0.615305	0.663336	1.2657	0.690499	0.434578	3.79448	7.20369	5.04977	3.08243	2.70501	2.70501	3.51545	5.96625	6.63165	2.89225	0.867431	6.00345	4.82082	0	0	0	0.961862	3.29353	5.63787	3.11247	0.955973	0.223704	1.47015	0.426886	1.50031	1.77478	1.58142	2.20647	2.18163	1.89412	1.13852	0.428007	1.44522	1.79116	0.206139	0.453691	1.32677	1.79776	1.15702	1.47719	1.23047	0.773666	0.434578	0.6569	0.879858	1.40114	1.26302	3.12047	1.47789	1.37976	0.547101	0.612232	1.02691	1.0306	0.948557	1.04644	1.56071	0.223715	1.35736	0.260742	0.485861	1.80301	1.44694	2.41911	2.02005	1.31253	0.849836	0.873419	1.43908	1.60372	0.500218	1.69935	1.87788	1.99663	1.90405	1.53612	1.67953	1.62936	2.92246	1.37707	5.79437	5.79678	5.15811	1.42161	1.93319	1.07717	1.38394	2.0961	2.82741	1.08061	1.67135	2.12973	2.27464	3.6888	3.10448	2.36883	0.976507	0.651813	0.621413	0.434553	0.956931	0.525996	1.58565	1.16999	1.02134	0.579766	0.537529	0.98946	0.755775	0.64822	1.36434	1.43087	1.27313	0.468049	0.641597	1.39912	0.375086	2.49574	1.97017	2.11574	1.89975	0.460939	0.661907	0.847636	0.648192	0.350369	1.11374	0.825632	1.50159	1.22358	0.671117	0.60838	0.661879	0.865292	0.485868	0.338025	0.893201	1.23853	1.03287	1.6096	2.171	1.04515	0.495463	0.247747	0.709376	0.547101	0.664732	0.626708	1.01765	1.0306	1.14177	0.39111	0.571578	0.830218	1.32151	1.34381	0.907325	1.53543	0.283304	0.843718	0.404181	0.307289	0.302649	0.743204	1.8218	2.89658	2.65884	1.9018