47.8764	62.1969	52.3028	49.149	37.3963	55.7942	67.1634	65.4262	44.7717	6.65205	43.394	49.1735	50.0943	56.1575	52.2149	45.5192	51.4498	42.8882	36.5049	20.387	18.8924	9.58937	12.6712	16.9781	7.09976	20.5163	34.389	26.9247	21.7265	41.792	25.1275	33.8308	31.4487	44.9005	46.8531	21.8547	57.7252	55.517	24.8913	16.7493	24.8297	27.703	30.0341	25.3994	10.8324	34.4646	26.2679	31.8912	37.0538	55.9286	47.1284	53.6541	49.9986	38.3745	15.9611	44.6738	26.6186	30.6476	47.47	39.9582	35.2949	29.5667	33.1711	30.0811	42.5387	52.2289	52.7705	51.6241	55.1192	23.1265	59.0884	59.0754	54.5026	60.8259	45.7314	26.4683	17.8382	18.7282	20.7542	48.1317	60.2491	66.3768	64.7009	59.7999	57.7022	56.6568	60.6357	53.5942	45.4794	59.8515	52.0096	59.747	65.1992	62.338	54.4807	59.2399	58.4038	63.6639	38.6819	53.0738	55.0318	57.6009	52.9017	45.8058	52.805	43.0221	42.6602	45.2475	45.1308	47.3864	52.0722	54.5189	57.3169	57.984	55.0801	52.8854	54.4458	49.9262	39.4923	14.5555	13.1872	16.2274	48.5844	37.0347	19.9742	27.5098	36.3813	44.7141	36.4811	38.9328	40.0729	40.6182	44.9025	48.2469	34.0658	38.9196	38.0689	45.5387	35.8976	43.8911	2.13904	52.7191	38.0718	34.9584	27.61	12.3816	19.0263	16.1686	30.0531	34.2085	36.0358	45.8654	45.0001	38.1511	23.3133	26.8172	49.317	54.7589	50.4173	32.6517	35.1849	52.8386	42.3267	24.6527	38.989	12.638	42.6616	39.9087	35.6131	35.3454	46.097	53.5085	29.084	47.2298	36.1334	49.3645	49.3141	41.3479	34.4231	41.4811	45.0471	42.0356	39.0106	35.3553	31.0682	21.5985	10.8059	6.76647	3.00616	7.07806	7.58261	7.92096	6.39288	5.34467	4.57183	17.2533	43.2871	46.036	25.2691	36.852	44.3263	38.9974	30.0208	20.5389	17.2301	38.339	63.7134	66.4451	64.2633	58.8893	54.5424	58.4611	61.6925	60.1432	48.5651	5.52932	31.251	16.6561	33.0248	28.9026	55.525	62.6061	38.1645	17.4653	23.497	28.3368	25.6877	18.3448	27.9763	27.0776	13.3082	4.27092	19.0459	19.6887	47.8503	32.0536	9.5149	13.0422	15.2132	5.71318	33.5943	41.9427	36.2035	21.9244	41.5169	16.4952	32.9117	42.7318	39.7792	49.8395	48.8187	43.5047	59.4821	53.836	59.4816	56.8753
61.5429	60.6545	38.9653	49.9344	63.8267	51.2421	43.7474	64.5909	62.9231	56.2152	53.9805	49.9769	42.502	49.2247	56.6351	55.1275	57.4101	60.2602	59.5882	59.0401	56.7225	48.0839	36.7628	37.3824	38.6998	25.7866	6.9412	29.7549	41.1816	33.4602	55.1647	36.4786	47.5687	49.5888	43.2142	27.7122	55.554	56.3346	20.2535	7.67319	6.72404	17.934	28.4714	34.4344	19.6374	37.3337	24.8266	17.5858	31.881	50.0264	54.5831	52.6607	38.815	13.6041	16.7179	34.7052	44.3783	32.6875	34.7834	18.7948	6.28847	43.4339	45.0287	37.1404	22.811	34.413	44.9034	31.0875	43.6892	21.2487	53.0035	59.3808	62.8384	52.9771	26.0658	15.0382	28.2985	15.9348	31.2268	54.8277	66.7056	71.2912	70.5541	66.0254	65.8798	66.6308	63.2665	49.1133	51.9332	55.4268	61.4226	66.517	69.1982	67.412	61.5722	58.4491	58.9894	62.857	45.7174	63.3285	64.3955	64.6239	66.2605	54.3346	38.0065	49.7597	51.4183	55.179	62.1078	63.5516	62.9256	65.6589	67.6841	67.0885	64.6675	62.323	61.6057	61.3198	55.1238	46.5796	40.3961	38.6861	54.9535	46.1077	31.3076	28.0751	31.9382	22.4883	19.2452	24.8751	23.8838	42.2928	53.0212	41.9112	37.7198	38.2321	50.5865	50.4148	31.9503	44.8637	11.0995	56.7319	41.9063	37.5776	38.797	24.5351	38.9892	36.8564	20.5552	17.5433	39.1487	46.8661	49.315	48.2145	44.5781	14.2309	35.252	49.0653	50.9012	44.2193	35.8841	48.3214	40.6999	29.7091	31.3097	29.6125	38.9988	44.3224	37.9447	31.7964	46.0696	45.7653	21.9761	41.1944	47.7096	52.4657	46.8468	40.8255	38.6975	42.4228	42.6482	36.1679	26.7016	17.6194	7.87567	9.63735	17.214	18.3436	19.1205	21.2123	18.874	13.1245	6.42052	7.16868	5.26962	37.1226	45.1257	12.8447	39.9482	48.9086	41.1104	26.3649	22.2497	22.3489	32.2486	29.4431	35.825	56.534	64.3177	67.6118	67.7848	62.9252	52.0465	24.5487	18.9187	27.4147	24.9251	15.4518	33.6486	45.7237	38.2845	64.3085	54.9385	33.9368	15.3484	10.2309	33.6126	42.7129	40.1684	28.0004	14.0754	15.0741	28.0955	33.7956	32.6691	28.2759	27.2993	17.7871	17.6881	10.3732	28.7967	37.8378	31.94	34.0796	29.5035	8.97973	27.2935	37.6787	46.2064	50.9365	48.2124	31.7862	57.9894	61.9819	55.1465	48.5293
49.7071	57.2487	66.9997	70.2727	69.212	68.5663	48.4289	54.2225	41.5031	37.1273	56.2271	61.2116	50.8342	40.4969	34.6201	30.3509	31.6161	10.1974	30.5476	43.9042	46.3319	51.4344	49.1926	53.9844	56.8557	51.3867	38.5506	5.07278	38.3817	39.4297	56.2545	23.1712	53.116	48.8172	42.6453	21.5796	47.7938	49.5509	38.1792	26.467	14.4603	16.4362	15.1292	24.0295	21.594	17.9671	32.4945	23.368	25.4782	35.433	38.1057	39.4174	32.2271	25.4027	31.1052	29.6479	24.3464	19.0852	46.1027	39.7278	38.9336	58.91	58.9075	58.6361	44.4465	33.4832	24.313	30.7743	32.8988	26.9595	32.8651	38.5825	18.2356	48.3479	53.0983	48.5157	37.9136	17.896	39.0234	58.9029	47.492	64.2968	69.2754	68.9025	68.5001	65.2952	53.7172	30.6192	47.2584	48.3859	63.5086	65.4322	65.0123	45.4809	42.7058	58.9883	59.7318	46.7679	57.0884	66.3336	60.4479	49.4944	55.2635	62.4518	54.0954	49.2507	58.8981	55.2851	55.3303	63.0323	64.6809	62.8343	52.157	36.7201	25.4273	12.9155	9.85228	13.4375	19.9062	27.5383	12.7655	21.3123	53.7384	54.1708	44.3209	36.9086	41.9581	39.5214	39.2664	32.2657	19.0757	21.2041	25.7374	2.9168	24.2778	31.7625	54.4113	45.4503	34.7635	49.4026	27.0633	52.9691	47.1958	22.1991	41.2405	29.6861	44.9605	36.5273	38.8255	28.937	26.49	24.5745	28.7714	33.297	45.4412	39.5061	40.474	29.6843	28.2117	39.1688	40.4544	38.6822	11.6363	39.0455	43.142	37.4623	26.9673	39.6799	44.5129	29.7897	41.6902	25.8497	17.6702	21.2336	40.7051	40.7733	34.2535	25.678	8.60745	12.3525	19.2639	8.71101	30.2833	31.8564	32.4107	42.208	42.6839	42.1786	43.7044	47.3914	47.7322	38.5124	11.4049	5.19716	18.5506	43.0485	27.4528	39.2726	44.1067	36.318	24.2123	18.4637	21.2487	18.996	27.9627	41.6086	41.1881	38.4351	24.307	7.79454	21.4071	15.6708	22.8228	36.9322	34.8761	27.9707	18.8553	11.7398	33.522	46.8493	23.3839	61.9541	58.8884	33.5018	22.4632	50.7242	62.2115	64.0284	57.5617	42.2046	32.2053	23.9427	18.601	18.2825	4.80285	28.2071	34.7656	32.8448	13.4669	12.5254	24.4965	29.7065	20.2475	13.5929	11.2461	9.02323	25.1272	35.4841	41.4876	56.4913	56.7289	43.084	22.9684	19.0975	22.6057	23.5123
60.1608	67.0347	69.0566	68.3728	63.6509	70.046	58.2007	60.386	62.2888	64.4663	59.0213	43.1063	38.8258	36.4032	38.6516	48.4029	51.9446	47.0364	47.4848	45.1925	32.5188	45.1142	25.6263	21.8131	35.5934	51.913	48.4261	14.8162	32.367	29.7276	55.4913	11.4121	48.7322	46.4275	48.0081	41.1923	18.8187	51.2346	62.8377	65.299	60.5967	49.6521	40.7572	31.8365	30.3754	16.9105	16.6991	29.3128	32.439	32.7362	29.1405	27.1074	26.239	38.7755	29.8859	35.1739	43.2052	57.1856	61.4215	57.3884	47.553	53.5278	37.7828	33.5504	40.7872	43.1663	32.6189	9.7619	30.0682	34.0501	17.5416	36.4194	52.0856	56.5619	51.124	55.0092	54.2124	49.7875	54.0692	64.2558	36.9087	51.9904	53.14	55.5606	56.9839	55.7867	55.0757	50.0366	47.7298	58.7722	56.9137	60.7693	57.6922	36.4599	52.6102	59.6227	51.5366	51.7594	62.2089	53.3187	21.626	20.4727	14.4011	27.0166	47.0019	41.4265	51.2747	56.6659	46.6918	26.1079	35.6401	29.4222	26.4873	42.1419	50.1372	56.8654	62.3964	64.5871	64.6233	62.2738	60.3472	59.8762	58.3677	56.8007	53.7252	48.2406	43.1077	30.3344	41.7614	45.8438	48.6506	48.7563	51.2733	50.5225	43.1814	39.7756	51.7822	43.8906	40.4725	38.7948	15.1411	43.6737	47.9451	19.3651	41.392	29.1579	25.3745	20.1025	37.3103	39.7246	22.6806	2.60671	6.267	17.4759	38.348	44.0858	46.4918	39.6909	24.9122	6.11057	18.2458	10.8082	21.4889	23.2611	22.1879	25.4381	26.152	32.3152	45.8404	38.0312	39.9547	23.7273	23.7953	11.5919	20.8741	20.4753	15.963	12.451	14.7439	11.581	27.1332	8.74711	30.6564	8.23517	11.1172	26.0465	5.3075	12.9486	16.6084	24.8779	43.1806	50.8208	23.7067	3.63103	30.5202	36.8689	21.3382	36.9848	29.1706	18.159	18.154	21.2545	20.0827	7.1041	24.8305	25.3675	22.0947	37.9291	45.2339	49.6627	48.7196	38.4084	21.9974	12.6543	10.8133	16.6196	17.6108	8.62222	37.2319	38.5874	48.719	65.4626	45.2025	30.0098	51.2864	64.8603	68.0603	67.2445	67.4252	64.2513	53.6287	35.9864	22.8828	12.5896	19.7255	20.482	33.8134	41.7804	13.8286	14.2762	20.1089	20.7294	8.23054	16.0034	20.4469	22.6286	14.1709	32.9528	26.5477	44.3734	55.3805	57.4568	53.6991	48.1204	42.0778	34.4025
28.9434	24.1588	17.4192	27.6321	35.3868	65.8818	65.997	64.1209	64.71	62.7351	63.2521	60.3018	51.9934	47.0866	46.5114	46.4056	23.1644	42.7	54.1603	51.7301	20.2048	43.4048	45.7806	50.7274	53.8917	54.5777	45.4696	39.4655	50.7086	51.6742	48.7298	25.5782	37.5865	49.994	51.687	52.0177	36.9562	41.4992	57.1273	64.1516	68.002	63.5238	56.6781	42.7113	27.506	38.0825	42.1001	35.2992	21.51	11.6355	24.6022	22.1722	29.1422	42.7221	33.8156	16.484	54.13	55.0707	54.6061	48.9503	55.6188	36.0349	35.1707	56.7484	54.2163	32.5937	16.071	35.8783	47.8955	16.2251	41.8775	35.7973	45.9096	59.7126	55.1568	43.3253	20.2066	32.813	58.3951	63.9585	50.3242	58.3033	48.238	34.581	27.3191	35.9819	56.1263	58.7101	57.2713	60.6648	55.9584	49.3854	29.5053	46.0214	59.8312	63.6396	61.8965	61.9964	52.9124	19.9378	27.081	32.3892	32.2063	28.8488	24.88	13.0242	33.6904	47.6962	55.5917	59.6076	59.8779	32.4532	44.154	44.9648	36.7302	43.2333	44.4818	48.9122	58.8624	62.6002	64.4993	66.0655	65.5121	62.7694	57.9522	48.3201	33.7734	23.1193	31.0941	34.3823	39.9439	44.3908	50.8105	53.4642	53.4322	52.652	53.9034	50.1168	39.5206	20.1435	32.6379	43.7566	45.0728	21.0914	25.049	25.1077	31.1184	42.6086	42.1079	31.1375	12.9957	7.69407	3.33501	6.6994	18.6056	24.4582	21.1132	19.8568	28.2233	29.5493	29.8978	21.641	19.6246	19.979	15.7495	20.8923	23.6338	18.5463	33.9018	31.6649	29.1756	23.5872	24.4507	24.4173	28.4068	37.6639	26.9003	15.6039	4.91316	9.30606	25.4269	14.9792	36.8773	37.573	35.4604	41.3064	44.5191	46.1386	43.5326	37.9836	40.3412	49.5188	26.7113	4.83476	28.3758	34.379	25.1325	25.9392	12.0891	6.93875	9.31162	12.9393	6.69607	20.3665	24.0447	9.26639	23.692	23.6674	20.7364	21.4246	24.0962	23.0429	17.8402	11.9411	5.04323	2.69339	7.77962	20.4618	35.8012	33.2714	54.2545	58.9469	39.1983	63.8096	67.2349	66.0209	55.8633	40.7223	56.7601	67.5341	63.8562	47.0214	39.9355	28.5744	18.0637	13.767	32.8409	37.7389	20.8357	38.4824	32.8523	15.3302	2.50779	18.0481	24.9671	13.2097	0.965732	34.6736	30.9366	33.5072	36.38	42.8203	31	28.3923	37.0804	37.7911
38.3778	42.6197	54.2549	51.7054	20.8247	39.7881	60.6584	60.3543	42.3219	32.5237	26.0287	24.3278	31.1661	15.9224	42.1695	55.2263	18.5816	43.2123	48.2639	49.5474	44.2985	43.1055	45.9126	31.9294	43.7733	46.5917	40.6942	46.9056	37.7926	46.5995	42.5195	33.0291	27.5282	35.4877	36.9753	51.3232	52.6798	46.1454	47.5724	14.9631	53.4967	58.0112	57.2923	50.9352	47.4728	58.1714	63.498	62.8444	58.6077	47.3303	23.5718	6.74031	19.9155	37.7595	33.7911	23.4189	53.5703	55.4645	58.2789	47.6193	11.5287	39.5649	35.0491	46.2578	40.7914	45.2264	51.3283	46.5315	50.5121	25.2193	54.0196	40.7906	22.8921	34.9963	38.1576	34.6395	44.2903	55.6744	59.092	55.7536	36.1955	57.8417	56.8639	51.6755	38.5992	10.4033	34.5214	47.9246	55.6418	56.0868	45.107	13.1514	21.4629	2.02156	47.2981	57.2531	47.9671	40.8098	28.8107	40.8913	30.8565	14.8405	27.2871	26.9181	22.2619	29.3611	22.4609	22.3085	37.1966	50.227	64.5699	62.0309	26.6979	55.5356	45.0573	37.8004	32.5145	37.7639	40.4406	39.241	46.9164	51.8497	51.7787	50.3478	45.4028	34.0491	20.7112	15.0457	17.0293	24.6306	34.6411	38.5779	39.622	40.9621	42.7696	46.346	47.842	36.8434	20.2559	10.748	37.313	42.8203	35.2194	34.1278	46.2458	45.5346	36.0362	29.431	26.7617	16.1804	2.13521	7.19726	9.10361	3.26612	0.996791	1.08514	0.794732	2.4974	7.50883	14.5531	24.4839	27.0542	17.8769	22.4987	28.8553	27.9734	19.0288	10.9745	19.615	22.8276	22.416	17.5371	26.9654	42.4926	17.3258	29.3462	24.0844	21.8005	12.2529	11.5618	24.0373	26.368	12.3793	19.0217	19.8355	17.2493	20.9384	28.9461	34.6277	36.6137	44.8137	41.5399	20.4591	5.20197	15.1781	28.7156	10.2356	15.6456	13.6412	20.9474	14.839	4.78725	25.428	34.3853	14.5719	16.9553	18.2511	12.3861	9.9148	9.81073	12.2358	15.5254	17.7717	16.6333	12.0246	8.33137	10.9752	23.2749	33.5391	27.9139	36.0002	49.9038	60.3572	61.879	52.3633	44.3508	23.1083	10.376	17.5741	61.4155	67.8571	65.3211	56.4833	35.9911	12.0009	8.40817	31.5318	23.7604	37.5983	43.9058	41.6483	36.7338	25.851	13.1893	18.0047	12.4261	4.48855	38.8982	32.4644	32.9776	35.4597	35.9197	20.221	8.95696	21.6999	39.9462
53.5355	44.3502	36.2437	53.3036	48.9991	38.2294	29.3603	36.3839	44.5333	51.2827	50.9531	9.67552	46.0434	44.8273	45.8682	49.4502	22.1754	44.3575	48.5858	37.7118	33.9618	36.0415	18.3898	46.1471	35.2916	27.8558	33.3531	36.8674	21.3404	8.03357	16.8763	24.6412	18.6609	30.9366	36.5644	49.9515	59.2938	58.9522	55.9133	49.9874	36.7976	54.6544	47.3541	43.8216	46.7603	41.5387	32.5799	43.788	48.935	51.3005	41.1021	23.1704	26.0875	19.7981	10.9689	21.6903	48.0516	56.3534	60.2163	61.2672	56.2767	15.4055	46.3568	58.2469	57.0032	40.5429	32.2632	46.6548	17.8002	37.5874	50.2172	31.5066	49.4318	52.6064	52.4806	42.9189	45.011	65.109	48.9034	28.848	36.2836	47.2555	50.6152	52.6241	46.8464	21.3667	22.6533	11.4673	52.9952	46.8363	45.1947	35.4556	20.6732	28.6796	26.0241	52.5951	36.7693	29.971	25.1406	34.0237	37.5254	23.3301	13.2786	17.6925	22.3289	28.4509	22.5628	20.4109	26.0792	33.89	59.73	68.4165	40.8457	45.4789	53.957	53.5182	45.7591	34.3669	37.3984	43.4367	38.8934	23.0536	22.7597	23.0002	19.3062	12.6579	8.80608	7.6607	9.72666	15.7005	19.3078	24.8321	28.0076	29.0581	30.247	27.9465	22.8964	11.5294	8.72759	18.0752	23.6547	32.8701	45.8839	49.2201	45.1392	32.7442	18.5534	13.9204	13.1402	10.7201	11.9323	11.3587	8.1782	0.584922	0	0	0	0.0444726	0.378667	2.15082	6.97251	14.7469	14.2322	24.7431	31.2941	15.1202	18.7201	33.0963	23.1729	11.3689	22.9572	9.73234	43.0737	41.1993	9.70168	25.27	20.6809	24.3214	19.9483	13.2528	21.6039	35.5713	25.5769	9.7139	11.4966	15.2438	11.8113	19.7324	20.3694	19.8944	29.0922	24.3372	14.0895	8.31459	9.52863	24.6309	12.8728	12.879	14.9526	10.0595	17.8134	8.45892	36.6153	34.1159	27.5775	23.7941	5.66896	5.89841	4.23794	2.26054	2.94083	2.91586	2.63347	6.14084	12.9528	15.2258	13.5368	18.6549	26.0098	14.482	4.05771	29.882	42.6379	39.2476	28.7711	21.6912	10.8953	20.1552	22.3628	29.94	55.1613	63.7121	62.8689	46.3553	28.1864	11.5486	20.5276	21.1091	35.8124	35.9015	21.9529	38.3875	42.624	37.7713	23.2055	9.60891	8.8491	36.4221	40.356	39.2799	42.8084	42.5211	22.732	17.2708	23.6203	40.1238
55.7348	53.0188	20.7226	37.4748	47.7059	50.3973	37.6801	52.5916	53.7479	50.7257	59.4272	23.2794	44.0395	56.6547	54.9187	54.3228	42.8586	31.7427	59.3591	58.4445	53.087	42.3104	30.7513	45.5516	51.273	41.9317	35.9685	22.1287	26.4196	22.7915	23.964	21.4148	2.99533	27.1663	31.2063	27.8388	40.9524	52.0313	47.811	48.6646	29.2857	43.4776	36.9277	35.6036	29.2806	25.6279	43.2316	48.4581	49.0986	38.0938	32.4629	54.341	61.7891	61.0535	54.5727	27.516	24.3772	43.3356	47.1285	54.7769	60.8334	59.2551	41.8018	35.1909	37.2867	54.39	41.901	23.9562	29.8132	27.8467	45.747	40.7905	3.30762	10.8083	39.0786	37.0174	49.9629	59.1812	39.9492	59.3848	61.8955	49.7851	46.3624	50.3514	48.14	31.1039	34.8312	41.6684	54.9525	11.8205	51.8276	42.5446	13.915	33.2709	29.922	54.6195	47.0287	33.937	39.9197	33.0252	10.6399	38.1424	20.5276	27.167	27.2964	9.8343	23.3448	30.2576	23.3908	14.4182	46.2171	64.7027	62.5513	12.8375	48.4113	56.676	51.0563	34.5163	33.1019	38.5601	42.9221	39.1383	29.4351	24.7261	22.9943	20.723	19.6658	14.6293	7.65259	2.79383	2.86691	10.4478	9.19025	8.05913	11.5749	11.8276	8.37807	6.33009	12.5092	12.493	8.05489	20.4109	26.5241	25.6504	18.0797	9.14957	4.79235	6.2708	3.55319	3.29761	6.68159	6.58442	2.95831	0.177856	0.0889281	0	0	0.0444641	0.267708	3.08338	6.15669	4.19823	5.88007	13.1721	25.9478	36.0966	52.9395	53.2687	51.4358	38.366	12.1707	29.3306	45.4399	24.2584	17.3136	25.2005	23.3655	23.8516	16.2879	8.91616	6.37639	20.4585	32.9581	34.1276	18.4939	13.7352	18.902	24.5575	21.0391	9.03364	16.5644	21.975	7.99657	2.58265	5.41214	18.9525	13.6024	13.888	22.0065	21.313	14.3297	5.68779	42.1077	28.2398	32.517	22.7254	18.8315	18.4499	13.0795	10.8659	14.7907	16.0914	15.081	10.851	7.23977	11.8301	9.31946	19.8363	20.6196	17.4208	23.7412	33.1857	31.6678	32.7855	27.7299	26.2689	24.8309	31.205	33.5918	25.4481	19.2576	51.8526	63.5867	61.9297	52.3386	25.4487	19.6139	28.4848	30.8298	46.679	35.6259	19.0694	41.4215	49.5612	48.7954	40.3389	20.4933	13.5648	36.0915	42.0408	43.5151	49.757	25.3935	16.8486	34.2792	48.2059
49.9696	55.4246	52.9342	18.1012	52.4841	47.4994	48.5795	59.435	56.5103	52.952	61.7391	46.5978	7.41982	32.1244	38.4072	54.7575	63.1863	51.9812	24.7112	51.1531	38.2172	48.0695	38.4789	23.2899	47.0609	55.2172	47.649	42.5748	40.613	41.6674	53.8123	56.0966	37.4747	27.4698	42.3555	26.7065	27.0592	42.3557	43.9859	43.8179	23.6807	33.2189	37.0421	35.5425	29.3574	42.5564	31.5016	29.822	21.9346	47.8774	62.1641	65.0473	57.4344	47.4266	53.8456	46.8497	11.5506	36.4373	31.9785	41.2208	50.6047	59.9381	63.321	61.6483	57.977	60.0361	44.244	37.1598	33.684	18.49	36.1516	51.4807	47.6535	35.799	55.6961	53.3792	46.8153	17.4773	50.0974	58.8232	59.8311	53.9871	14.7545	50.5758	52.1524	33.9371	32.4618	19.2367	56.8108	57.615	42.7829	36.9768	17.2317	19.5865	8.16309	53.2124	49.3905	24.4958	22.4318	28.1568	33.7741	36.3728	29.0061	31.3277	31.158	25.5466	30.2398	31.932	30.2705	20.1356	32.7973	55.1631	65.0532	55.383	43.0844	50.5044	49.7171	52.4812	50.8485	37.5921	40.9128	51.3037	50.1343	45.6186	37.401	31.306	33.2929	36.7185	33.4537	14.4656	7.60302	12.8742	7.65407	4.70604	5.23123	4.95023	3.12906	1.88654	9.18854	5.02398	9.90304	3.27316	5.19439	9.06524	13.561	14.083	10.1914	8.66867	2.32679	1.56319	1.71339	1.3438	1.84966	2.20849	1.64054	1.01025	0.697595	0.36457	0.889321	5.05361	11.7673	11.9398	13.8161	13.6181	24.0794	31.5956	37.752	8.4295	41.4447	43.7647	22.0028	28.9253	41.5567	16.9049	15.7665	27.7321	29.9943	29.2015	26.6704	22.84	13.641	2.56667	8.84662	22.4509	33.6736	23.9869	2.35456	19.699	26.4912	20.8744	6.09344	24.1076	14.3818	13.7798	12.3676	23.1142	19.8711	17.5547	6.88922	12.8617	12.0994	8.7316	43.4146	31.9247	26.4917	11.9727	4.74835	15.4069	8.5933	15.7799	22.7507	30.9462	35.1532	34.4063	23.1143	6.18862	6.88944	18.731	16.3995	19.5306	19.7035	26.593	25.7834	32.2594	31.4799	32.9314	37.5234	32.4142	30.1947	27.3677	17.623	21.4014	49.6052	63.6591	64.4974	50.303	35.2488	29.2759	13.8507	38.3439	47.7723	44.9203	24.9883	24.0968	39.871	47.9789	45.6315	26.9003	8.62299	31.1057	40.0598	49.6731	23.1946	9.87863	38.6182	48.4486
45.1798	51.5248	55.2961	40.9898	54.9676	56.3002	62.0138	61.6537	49.4937	49.3249	58.7835	57.2227	53.5883	54.4257	49.3296	28.2039	46.7788	58.5061	42.9307	33.2255	53.0262	41.1676	48.693	54.8471	36.4714	42.5992	37.2308	21.8396	33.8865	15.3773	27.4601	52.2966	47.6785	24.8149	43.1791	41.135	41.4274	41.7085	40.5715	38.2914	26.4704	51.1553	59.4023	59.0195	56.3209	42.5256	19.8748	13.4378	33.2548	51.7338	40.3507	15.9897	55.1923	61.5171	57.1739	43.6484	8.62848	28.9223	23.9609	27.6557	19.2972	33.7509	45.3641	51.0011	54.8774	47.0098	4.7027	34.5307	47.0099	38.831	36.7791	36.655	18.8751	53.8677	65.7632	40.8316	36.6793	56.9276	60.1128	53.8733	48.2623	59.6514	27.6008	45.1113	55.5307	60.2056	62.8821	55.8875	25.9469	51.5104	51.4402	36.5462	18.1477	37.2417	40.6277	58.5179	57.1227	40.6804	35.5761	26.8018	10.0917	28.8325	25.4713	23.9929	35.6569	34.0426	15.8831	15.442	19.198	25.5408	23.1447	34.5365	57.6424	57.5249	17.6736	36.4532	46.6749	47.5149	50.8295	43.898	56.882	58.9914	55.6619	55.3812	49.6036	34.8351	18.6281	17.9592	32.5856	29.0899	5.35717	6.06474	6.00231	4.23479	2.28422	6.65442	11.5848	10.1391	8.62045	3.35927	14.6496	0.846174	7.68292	6.06116	6.57591	8.48145	11.0327	11.5881	3.92652	11.229	12.0812	8.4829	5.80016	6.68392	8.22726	9.39322	8.33556	4.75187	2.17567	4.85838	13.8253	6.84724	10.6556	8.78133	2.99804	13.7928	29.9913	35.9292	31.6148	35.5233	24.5469	16.3207	41.183	34.3927	20.7897	31.8219	32.0548	20.2257	10.7506	14.193	14.6045	4.74758	20.3601	28.2712	31.2153	21.7772	16.4916	14.9144	27.0968	30.1013	11.8763	22.7341	9.77119	7.42539	6.15822	20.9906	2.46722	14.495	17.7892	7.2461	9.15722	4.60399	35.1361	31.937	21.2606	10.9194	9.24379	18.6217	5.46975	20.566	21.9125	25.9564	24.4469	38.244	36.5741	14.3989	5.8229	15.6112	12.4157	8.23297	17.055	24.0257	19.4032	20.304	23.9437	34.7636	39.3541	34.6009	31.6987	27.778	29.0258	29.9676	20.1005	39.7597	62.1463	64.0558	52.9082	27.892	2.59678	18.8612	40.2842	51.6395	38.6061	12.6937	7.18052	25.3043	43.3765	43.2541	17.0551	26.753	42.6347	48.873	20.6297	11.644	33.2106	44.222
42.658	52.4256	43.6354	37.1295	40.4579	50.257	47.6366	31.0702	12.8973	34.436	45.5867	55.0766	52.4734	54.3581	55.2588	60.0095	56.5951	53.3975	53.0626	36.5878	59.1323	58.9792	56.0914	42.6058	35.8788	39.4466	46.9067	37.7787	34.9787	30.932	54.425	60.9337	47.1611	21.6417	29.3485	17.4045	38.8211	43.2868	34.66	42.5942	39.8639	54.7877	55.6288	42.5099	42.7811	26.6201	39.5178	37.7696	33.1463	57.8736	47.0577	57.3922	62.7232	58.1504	44.9333	26.7666	12.0324	22.7652	26.1056	25.2482	26.706	32.4044	32.8328	37.443	28.2268	35.3384	52.8624	57.8085	63.9257	58.2613	56.8119	57.8024	55.1594	59.3445	63.1378	8.50851	52.6155	49.9291	46.9078	17.782	50.4935	62.0726	44.1845	41.8772	56.3816	60.4223	59.6026	66.5772	61.2333	42.2533	16.1494	44.7721	41.4194	52.6192	24.2916	52.2704	57.2233	37.741	22.5599	29.1981	27.1289	24.9695	14.9792	12.638	9.49042	11.8389	32.1531	35.4947	38.0516	40.7257	35.1991	31.1304	48.227	53.821	36.4697	27.9874	42.967	53.9462	47.593	52.4817	54.5755	58.6984	55.3142	54.6973	55.1308	49.2351	31.0775	17.3162	29.2893	28.1949	9.2503	6.74038	7.87244	2.63931	14.0233	24.3971	23.0406	15.6476	1.46146	5.2047	12.4398	1.73026	5.70683	12.3701	14.9181	13.7801	11.2704	7.55439	15.7116	21.303	18.671	13.7205	3.64675	1.20416	2.55507	5.62466	9.65865	12.072	8.34261	5.55228	11.0582	8.12714	7.96156	13.3615	13.651	14.5541	15.8896	19.3164	17.1216	20.7508	25.5661	9.55707	25.7047	42.576	43.0957	41.3066	36.2337	19.7798	12.7081	19.6029	21.9929	18.6387	31.4877	34.4111	33.9012	27.1016	18.8175	8.8449	20.7698	31.7643	13.6967	27.2203	21.1816	16.6759	14.8166	27.0593	26.1535	11.2344	15.3845	16.8734	5.25672	10.4971	21.7571	26.6053	24.181	14.9969	10.9411	15.1431	4.05156	25.0078	23.9856	18.652	10.2276	28.7473	36.073	24.9232	5.65632	13.5552	11.6374	9.32448	18.7913	24.3261	24.6175	25.784	24.914	28.6497	23.124	26.5732	27.463	20.089	25.7403	28.0828	29.6394	25.9834	46.361	63.639	58.2307	31.1422	7.92572	11.673	34.4701	50.36	39.5962	12.8562	6.8213	6.16012	27.9961	41.1588	30.9347	28.6268	42.379	44.9231	19.9035	19.3384	24.2555	37.5436
40.2729	52.6156	41.477	46.6742	22.3097	19.0876	39.0363	52.6851	53.7229	48.9021	39.2113	22.007	29.037	47.2227	43.1314	49.6375	54.2312	51.9141	51.2594	33.6551	49.891	43.7465	32.2572	37.8712	30.7166	49.2189	57.1641	49.5963	38.0503	35.4654	41.5924	37.5039	17.2211	29.4771	31.5984	20.4458	30.731	40.0412	49.543	49.8232	40.2118	42.0868	49.7716	12.665	38.987	53.3166	47.5399	56.714	49.894	53.9214	58.0724	51.8275	48.7274	29.7812	9.60666	2.63788	12.0782	23.6979	33.0952	40.3936	41.9943	35.4485	27.8558	13.4206	19.5551	52.0121	44.4453	48.6384	60.469	49.0656	49.7075	49.8778	49.684	49.5631	48.5452	32.366	46.9318	50.4251	40.047	47.6681	62.9415	42.986	43.6091	55.8725	49.1082	38.479	35.8242	46.6356	60.8807	64.7192	57.9932	39.955	29.4896	56.898	22.9317	52.4729	55.7503	40.9517	32.9177	28.8076	27.3712	32.4088	12.7091	22.2126	17.7336	27.1296	27.224	25.6989	32.3861	38.6256	46.0862	52.0252	58.0538	61.5487	52.5582	34.7768	42.8879	47.9829	44.9529	49.7959	49.0433	57.6972	60.1226	59.0275	58.3321	55.8635	50.0545	42.8025	39.8442	34.3417	21.3758	12.6629	7.1415	4.50712	26.2301	28.7996	27.5477	29.3445	31.9271	31.7433	28.9049	22.5625	15.9864	17.1678	20.8047	20.3178	23.0757	26.269	20.6016	11.6068	11.5836	15.6752	9.30267	1.18478	4.17753	5.71355	4.18152	6.7463	15.5784	14.0376	6.10457	3.7406	8.15072	6.35708	4.59402	2.37565	3.08331	6.5295	6.35114	8.23808	18.057	23.855	27.5913	9.24559	15.3375	15.6103	16.3039	9.24492	9.98281	21.1107	29.7389	23.8247	29.3722	19.8604	12.8633	6.52431	3.12986	2.75044	13.3499	29.2281	17.7185	25.6477	8.27842	11.8683	3.9524	9.98488	18.4885	15.9301	15.8698	15.4709	8.24344	10.5347	8.75533	16.3468	18.0183	19.8223	18.3898	10.0868	6.95654	24.0918	24.4058	14.9133	10.101	24.1765	32.8314	28.2182	3.73207	4.82463	6.40446	9.84104	18.0248	24.8512	28.1723	31.5999	30.897	23.6448	13.6997	23.856	24.7185	15.7114	20.9133	21.0332	20.7413	18.5299	34.4723	59.1324	58.8025	45.2344	29.9447	21.2652	38.5587	54.287	41.0662	20.0999	15.2794	14.647	22.9194	33.4376	38.7597	33.6585	34.1622	33.5	22.3612	24.9695	21.7348	25.6716
56.3689	54.483	45.8929	45.5608	35.753	34.4549	49.2516	32.0195	19.0023	11.7003	10.9053	14.7995	16.963	18.6179	36.1395	39.1726	32.0262	36.1394	49.8359	38.3398	20.992	33.3287	35.0494	36.7729	45.3605	47.4597	53.0063	33.5841	49.3034	45.9465	38.0269	13.3081	4.05096	27.8456	32.391	33.2868	40.3454	43.5731	43.4142	44.0667	36.8673	28.6105	51.0507	18.3383	42.9461	56.5132	46.1924	48.2721	61.5264	35.0878	31.5958	34.9255	22.417	40.8485	33.0779	20.1598	1.6081	11.5758	17.7616	15.2123	10.8511	27.7388	29.8922	29.9091	24.4123	40.7728	49.3819	52.6245	59.2929	28.4029	13.8487	15.5901	11.5293	26.1155	23.5167	54.3487	58.4492	59.9333	44.0266	60.4563	60.5353	39.5955	61.1943	65.8655	68.1783	66.6824	63.7464	52.926	16.7332	45.4442	59.9343	58.8422	14.7327	55.3748	33.4134	53.066	49.9406	35.1876	28.8913	21.8775	27.4059	37.4392	19.9299	22.1814	31.403	22.6968	2.9575	24.0568	47.9475	43.1584	38.7027	39.1749	52.8276	55.66	24.7538	33.7358	49.1612	47.4407	43.0035	47.1475	41.8487	26.4114	36.1992	45.6277	50.0163	49.5796	45.8616	56.3069	60.4815	56.0134	46.3286	36.1672	21.2636	11.1634	27.6966	25.8581	19.7514	33.9865	43.7019	46.7094	45.0205	37.009	21.6287	23.7015	31.0078	36.0588	35.0945	24.7436	11.0596	10.9019	5.46101	12.1435	13.7093	6.91842	10.8996	8.24233	1.04661	19.8475	29.8754	34.2672	23.0291	9.07137	6.3256	20.1337	23.8676	19.705	14.2243	10.9534	15.8234	20.9893	25.4247	25.3296	31.1991	38.8718	32.457	34.4753	46.3868	49.4359	38.4694	17.1162	9.6296	17.3828	17.7636	17.9153	5.55259	2.62505	2.59684	1.94692	5.12468	18.0881	18.2558	20.0249	6.92018	13.5133	7.43846	6.49822	13.7681	17.7046	14.049	3.70237	11.886	12.9786	9.12419	2.19069	6.19578	4.75496	13.4758	24.6666	28.609	19.1107	20.6108	14.9954	17.6304	30.9894	31.3013	16.0423	15.8885	19.0986	12.1762	4.66596	4.64115	8.64677	12.5866	15.6564	16.5805	14.9266	16.0694	23.8307	28.0361	25.2247	24.4475	22.6169	23.9361	21.8437	9.68272	52.3162	63.4856	58.9577	50.0883	40.4767	44.2074	58.6257	39.9256	24.3132	20.6858	22.5085	22.9873	19.4234	26.8642	24.603	18.3219	19.523	19.3968	25.1744	14.6742	19.6815
54.1592	49.3638	41.0636	37.0898	33.2705	40.2827	59.7048	59.5083	58.1528	58.0428	55.8747	51.0675	38.531	23.9955	23.1235	37.0464	41.2049	46.9187	55.1936	56.1598	13.2696	31.5603	32.3541	10.3407	19.2157	17.5906	50.1698	40.4942	31.2978	37.2777	33.632	22.6782	11.9174	15.9407	24.2453	27.7549	34.0853	35.0667	37.3552	38.7886	39.4906	26.8491	48.9471	22.1915	40.9303	56.0593	57.7275	20.8466	51.259	59.0156	41.6837	30.7911	19.5449	29.5729	25.0842	21.1662	19.9907	26.0698	24.3977	23.757	23.798	27.8915	15.0758	11.1777	11.2258	16.392	35.1371	48.9127	59.2845	58.3437	56.7821	56.1672	55.2151	52.3681	8.79445	48.6083	42.7451	52.375	30.3492	63.0688	60.8156	36.3259	49.7446	31.0006	45.8369	59.0574	61.5517	63.2204	61.0444	52.6271	51.6867	60.9881	12.9824	49.9802	33.2124	50.6748	46.2998	17.5607	29.5931	47.7653	48.521	48.1209	33.9188	21.3749	35.9261	15.0764	19.5315	21.8166	46.136	53.7254	55.4721	53.9285	56.2977	44.9653	44.6781	56.2458	58.3334	56.6657	55.6227	59.3902	59.6734	59.6801	62.8223	61.9255	55.6819	44.787	11.4946	21.5096	46.3522	56.6872	57.5447	56.0117	47.9196	30.387	17.162	23.9288	16.2825	16.1217	14.4954	10.9667	25.4522	34.6097	17.824	14.1932	21.468	17.4009	14.0486	26.8991	20.8424	7.28303	11.1205	5.2685	14.1726	9.72995	12.6363	10.6523	5.63152	30.4232	35.4212	35.3407	43.3684	35.7162	17.3521	11.2138	6.74096	14.3321	16.5773	2.70801	16.883	17.7363	25.3528	26.3635	24.6807	33.9969	44.3178	47.6171	46.9937	52.8287	56.1529	49.3349	35.4675	11.722	8.13095	23.9994	12.652	1.60886	3.0438	2.9069	8.65227	4.69159	7.05092	11.0319	5.62457	10.7119	8.92579	7.05357	8.29869	12.6365	14.4491	16.1522	15.2708	20.2167	18.1392	19.4722	4.10798	12.3038	20.5026	26.5271	20.9476	14.7458	11.4613	23.0365	30.429	31.6013	8.97936	28.4825	40.8657	42.3989	39.8752	30.9437	25.2008	20.3793	14.0276	8.37198	4.71993	4.96705	8.63538	16.1745	24.3386	27.0962	27.8358	28.4803	28.7094	29.1985	25.4462	9.86028	52.3374	62.6127	63.7812	59.6707	45.9929	60.0977	32.1052	19.7665	8.8888	17.5138	21.6728	9.36561	3.95464	7.24247	11.0461	3.05105	16.0093	15.8923	7.34841	14.4435
45.3444	53.9355	57.5025	54.7611	48.0364	26.9283	23.4421	33.747	19.4376	18.1374	17.9209	5.43771	20.5008	25.8026	35.004	41.2492	46.6412	51.1097	46.2506	52.7242	13.1944	27.8676	26.666	11.7389	6.54638	16.4986	51.2889	41.7646	11.8629	10.1409	8.736	9.24802	15.4584	9.78704	10.9439	8.25327	4.02112	8.69472	18.9456	32.0241	39.1855	13.9337	44.3813	35.4095	32.9227	49.8105	56.5075	59.6693	57.346	62.3154	42.8852	32.9103	33.9669	32.3794	17.9205	20.1226	36.7908	32.7856	23.3358	18.6809	10.1741	16.2328	23.3362	10.8478	12.776	17.7654	25.8837	41.1799	48.3708	50.1996	55.0759	57.758	52.929	61.4704	51.2828	56.7296	64.7229	64.3809	22.4236	60.7696	52.2363	25.9014	44.8044	35.9567	25.8493	41.2134	51.7921	59.6281	63.4754	64.8529	61.2807	55.4676	13.9805	42.414	23.6158	51.4054	42.6361	23.3304	31.0886	16.7404	34.3019	48.6366	37.008	22.9848	28.1422	18.4969	23.383	15.6399	30.3127	43.2497	48.1208	53.4016	60.1065	55.9271	50.5494	53.0434	56.6108	55.5511	48.1023	46.3829	49.1079	52.7132	56.8783	54.4136	51.6706	49.7007	50.167	55.1478	49.7873	38.1997	26.746	33.0743	42.311	39.2336	25.8823	0.82594	20.7458	28.134	21.5025	4.32539	16.8636	35.1146	25.2692	11.2729	24.9077	26.3315	15.056	24.2434	22.5642	11.8954	13.8192	8.37243	15.7865	12.5827	6.59891	10.9194	6.01053	32.604	40.369	17.0075	32.1661	39.6982	31.9634	11.3952	6.85323	10.1736	30.6031	21.8531	31.7244	19.588	4.13765	11.5162	15.5049	20.8326	29.3018	26.618	16.3817	18.2782	42.761	51.1641	50.2536	36.0206	4.06601	17.6807	20.0244	3.10676	2.52272	5.67891	8.64175	4.61661	10.5571	6.57283	2.52403	5.85858	4.81473	3.64957	11.2787	28.773	23.7494	18.4887	14.8274	18.5783	10.157	22.618	13.9153	10.6857	20.144	22.9328	17.4134	23.4291	21.4605	27.271	31.83	17.1417	27.5319	40.0443	41.7538	38.7206	42.2076	42.3564	42.2353	43.3069	42.6332	36.6231	28.2719	19.0511	6.91836	4.35812	15.1627	22.3476	24.4832	25.5259	23.369	26.5684	30.0772	23.6423	21.7725	44.8479	54.4348	62.6899	52.1026	55.935	19.7689	20.6555	17.277	21.6927	25.0355	12.8186	2.82521	8.46568	3.87059	12.036	4.65883	4.69626	8.67455	11.3279
54.0432	53.3916	53.6239	50.1736	37.4394	32.2145	7.00573	34.2576	37.3862	50.2371	59.7382	64.2007	63.9277	58.0859	43.5855	28.3825	34.5486	40.097	47.2089	40.267	4.74632	29.4955	22.2336	27.6876	24.4017	36.1875	49.44	35.0289	23.6888	15.4319	7.93738	17.6871	30.8953	32.9241	32.1246	34.7419	43.7437	45.9862	35.1345	18.0313	39.8189	27.1137	42.282	47.4118	3.44527	34.5179	50.2624	61.9093	63.3572	53.1733	11.1169	15.5538	11.3827	29.4777	49.7843	56.8002	47.8571	33.7373	15.119	20.9124	24.5553	23.0619	15.6378	5.86025	15.4593	23.9261	29.5222	39.1137	40.4005	32.0331	37.0199	36.1485	43.7334	62.3114	62.8532	57.5985	61.2714	64.1624	16.3045	62.3615	41.6936	33.7905	47.5584	41.5705	39.2542	38.5448	27.9632	35.4264	40.5613	43.6541	45.3694	34.5955	14.3782	31.1157	45.2321	51.8736	37.8862	32.394	45.2308	48.9605	44.972	44.8325	33.938	20.7456	24.0897	21.431	15.1065	6.17936	19.7697	36.8453	39.9959	49.7969	57.6395	58.8001	50.294	42.3514	46.9932	45.1373	36.2074	35.7583	49.1157	41.9518	36.9087	28.3182	28.0295	30.0965	36.1359	50.3932	57.1121	58.1188	54.6475	44.7924	24.029	16.9957	23.8755	21.9384	10.493	37.1565	34.3331	29.4609	30.9201	42.5425	37.9544	7.62174	21.6214	27.4623	20.3617	6.43779	27.5507	30.0989	25.8943	17.9309	17.1796	14.9984	14.069	16.5875	13.0697	24.8886	35.5694	32.5972	13.8362	18.7697	26.9275	31.3697	29.9526	25.9459	44.4934	30.239	29.9235	37.7099	30.618	22.0442	12.9674	9.67943	7.96011	13.3069	17.2051	20.8767	5.09701	33.015	47.4413	48.6171	22.6402	20.7777	28.2449	6.34047	1.19707	5.77322	8.55028	4.58357	12.0397	5.35278	2.33632	2.98343	3.03504	5.25521	17.6883	31.3036	16.3631	17.3973	15.9131	10.4658	7.92802	15.9205	18.8662	26.7424	29.1577	9.56901	12.7246	20.5394	21.0874	21.4933	24.8659	12.7535	37.1786	35.5223	25.9861	15.6245	18.0586	17.2405	20.2005	25.5492	32.7682	39.2568	41.9233	39.7076	27.6555	11.6676	12.8542	13.6558	14.8125	15.2813	16.9269	29.4869	34.2493	29.049	18.4401	10.0527	26.9802	49.9342	44.8463	39.0439	10.6257	16.5385	23.0581	30.5026	27.2467	13.9364	2.49112	11.2488	8.48762	12.863	7.85183	23.0231	28.6124	22.5183
55.7367	18.6109	49.0545	53.8229	34.7287	29.5637	22.5369	39.0651	47.969	41.1457	41.4881	43.2874	47.8827	54.724	57.5361	56.0759	56.9644	40.341	4.97373	15.0436	19.705	40.0573	38.7508	33.7929	15.1106	41.5777	46.013	30.7033	29.5096	26.5035	10.3373	31.6315	43.8121	44.6629	42.7518	39.3436	43.4497	39.4328	44.8352	35.841	42.4995	13.4243	34.6807	46.3636	33.2677	17.8125	17.7609	7.17583	7.57115	20.4947	42.9188	48.0406	49.4198	51.7759	58.1392	55.1608	51.967	46.1224	30.4363	35.6937	37.3402	35.8307	30.8511	24.4426	14.0327	9.27784	9.5801	29.1008	30.5413	14.8912	15.4266	19.8325	41.615	53.3192	62.7168	68.0773	66.8928	58.9343	30.0842	60.9867	51.8194	38.7329	43.2972	39.6517	42.822	38.675	8.54252	28.9849	34.8684	31.9949	24.6214	16.2008	9.97226	33.5744	47.0117	37.4453	22.8631	13.8935	20.8129	28.5131	30.5161	32.6578	28.9831	17.2178	19.8795	14.5951	10.3292	9.27807	19.2125	29.7771	30.5915	40.1401	50.929	54.8655	53.0744	40.7637	29.6055	45.1325	43.6906	24.6835	28.4385	25.0157	19.1053	32.7583	28.9165	32.9441	28.1659	18.7547	25.1956	29.6593	29.2583	29.6436	27.203	18.5535	14.4808	15.593	14.0041	44.9735	35.3802	25.2152	26.7119	43.9029	48.2747	36.1418	4.5112	13.3531	22.1269	19.3401	15.9746	23.6184	22.5165	17.3568	13.2804	4.09589	6.36691	8.74654	9.86244	18.0977	38.1337	42.8326	34.4978	20.5863	14.5659	8.54699	21.2752	22.4673	45.701	49.5136	15.4537	34.0919	42.1074	37.8852	29.6709	27.8504	28.9643	30.3232	28.5344	31.0849	24.7112	5.61271	37.793	49.3858	35.2515	33.4701	38.7822	13.3858	1.43257	4.85334	6.57211	4.85972	10.4296	3.87947	1.67875	1.43824	2.48434	9.61432	19.1109	28.9026	24.7518	19.0299	22.5835	15.1479	15.065	14.9587	16.29	34.8315	32.0548	33.3836	15.4325	10.4459	19.4113	12.2516	5.34999	24.6818	36.1391	36.4511	22.0986	15.5221	18.2921	15.8878	16.0755	17.5587	12.1348	5.52046	17.8554	33.0618	41.0364	28.4168	16.4503	10.5965	9.26556	9.1963	7.85049	30.6859	37.6491	32.8281	28.244	22.9635	27.2425	33.7024	17.8186	12.1362	5.20191	5.36838	15.0329	36.8873	27.3025	9.6675	10.0359	8.42287	1.62749	9.05634	12.2161	27.3379	19.5993	20.8409
48.287	28.2044	43.8109	46.8666	46.7651	46.6336	41.1068	25.3408	50.3225	45.6334	47.3667	49.1469	46.379	17.3156	30.771	47.6985	58.2012	56.1102	41.5908	33.0377	13.4235	51.2412	18.9626	33.4326	38.3507	35.8513	38.5268	22.2972	26.5992	22.4347	10.0406	26.8051	35.7115	23.9376	3.2507	16.253	28.4566	5.5451	30.5271	2.04213	27.8898	40.5961	33.705	37.0266	41.3168	12.5544	49.0818	57.3585	61.2568	50.6159	16.6307	34.2958	35.4211	46.6818	33.3981	20.9806	40.8854	34.9107	15.1276	18.5336	3.92778	4.9158	25.8446	40.0919	36.7145	29.0536	29.5467	26.7271	15.8569	10.8073	4.23099	17.926	28.9145	32.8925	35.554	22.0461	21.4733	29.9076	29.0792	56.0716	61.81	61.1787	56.1064	47.0191	38.3978	19.931	24.5864	35.9178	36.2645	43.0089	46.3132	25.1743	28.934	47.0446	37.1123	19.2517	10.0186	21.1715	15.4177	23.4433	27.4842	28.3078	24.8009	15.145	14.9127	9.51034	7.86368	8.77749	22.8866	22.6683	17.0879	12.1688	37.0295	53.2244	56.7554	52.1157	21.7459	41.6587	41.3515	37.018	16.4816	39.7566	25.9204	40.4917	40.621	37.6265	29.9099	28.7463	26.4325	14.1515	3.84478	10.5179	13.9208	14.1512	8.81222	4.01212	13.0985	40.3334	27.6943	24.3033	19.5677	18.3746	42.1722	48.3824	33.2664	5.89577	26.0174	21.5699	6.5283	4.72475	11.3416	19.4543	19.4338	14.8625	19.8427	17.2799	15.6888	19.163	16.7819	32.9182	38.358	9.71471	5.6375	7.7096	22.679	32.2241	30.5005	41.0058	39.6634	17.5088	27.7918	38.4991	35.6576	34.7154	31.7223	33.2496	36.6036	39.6529	38.7678	35.8276	13.465	39.2951	33.9481	30.8507	41.337	22.8742	5.46396	3.29929	3.99689	4.78629	8.95694	3.32466	1.90224	3.00765	2.63717	11.2627	18.4866	26.2872	33.2139	25.8047	29.636	34.3487	26.9557	20.1813	13.0295	35.6649	8.30498	43.189	28.0352	16.7838	12.1474	13.3739	26.2123	42.9793	52.5082	48.4453	24.5244	25.5218	25.5541	22.0315	21.1885	22.7014	26.2074	25.3569	22.5562	11.0936	31.2402	41.1941	39.9533	32.3059	21.6519	14.93	1.69658	30.7282	40.2688	41.0122	38.2945	16.8773	27.1591	29.7096	10.4734	5.29285	9.29029	9.20211	18.8093	36.0182	28.8144	12.1577	4.57587	15.7407	18.5125	24.6236	27.9382	24.4928	12.053	9.81985
22.997	19.0232	26.8725	18.1756	30.0147	45.1817	49.9016	29.169	54.438	44.9618	38.2043	24.9136	33.1867	41.8938	19.0809	33.5429	48.97	56.7664	50.2006	45.593	8.47955	51.7639	15.3159	40.816	35.3425	35.245	36.3398	40.2139	30.5302	16.8541	36.4046	36.0753	25.8826	15.5319	15.4232	24.6827	22.8419	16.1675	29.56	27.3366	39.0705	45.2275	48.0431	47.4941	42.7582	20.3663	53.8101	48.5396	48.7341	56.4933	43.949	33.2396	56.8897	33.7314	28.9727	49.3648	41.5901	28.1827	30.3856	31.4411	35.531	32.7113	34.388	2.18441	34.3753	45.0697	39.1413	22.8658	13.9872	24.4516	31.2578	28.5343	8.00812	23.1153	32.4374	25.0708	27.8307	37.746	26.3476	27.336	45.5992	51.8611	50.6595	43.0666	29.7494	7.66655	26.3562	37.9759	42.771	30.3188	37.9938	48.6704	44.8152	38.3499	24.6221	24.8028	26.8975	29.9828	25.2901	21.1234	16.4582	12.9052	8.04629	22.1939	28.3812	23.0799	20.1967	17.3085	23.592	17.4548	10.2581	28.5689	35.4458	41.9921	49.2433	57.4464	41.3967	42.9371	36.0992	35.2029	29.7725	44.0261	46.4093	21.4914	46.8061	40.045	18.2016	29.7581	38.6199	30.5378	10.191	15.6752	9.36853	2.37004	7.58031	6.51751	7.78202	29.4622	36.1411	43.2223	43.7333	35.3151	17.7967	39.01	42.1356	4.2439	29.5391	16.9959	12.5377	16.0998	12.6893	28.7412	23.8097	15.8392	15.0161	13.9475	16.3575	21.1168	11.822	25.2966	40.1146	22.6949	13.6625	8.31349	18.9154	31.3076	38.8349	31.1807	28.9737	32.2013	4.82065	22.3754	30.7009	32.0098	26.7662	21.7633	16.025	28.1434	25.4339	39.0381	42.1119	21.1584	31.3401	31.2238	35.2398	26.9886	9.4771	2.66271	1.66353	5.01805	8.29118	3.59535	2.38833	2.09277	2.13553	10.3353	16.8365	23.8468	36.3525	38.7579	18.4842	22.8185	26.1296	27.0742	12.0357	30.4172	14.4514	43.1076	26.7803	3.83713	6.56977	26.259	36.2603	50.8834	57.7756	49.9506	48.3221	46.0719	26.57	19.7679	21.3888	23.1226	25.6255	25.441	23.8505	20.7094	2.85267	25.5223	40.8016	45.3225	37.0475	24.9579	6.18826	32.9941	45.2732	47.6072	38.2876	14.5271	33.9294	24.3774	8.36951	5.12487	5.16536	15.701	28.8161	27.7616	26.3249	21.3164	6.63593	23.1682	26.0339	33.409	36.4034	30.3213	16.0176	10.0434
35.6184	19.5448	16.6821	12.8249	22.0241	32.0744	49.3542	45.4081	58.9518	44.7421	40.2353	34.5839	21.2565	21.3668	41.6765	28.2635	20.5105	32.8127	57.376	57.7265	15.632	51.2936	9.99177	39.2067	30.7483	25.5412	31.1019	38.931	3.49931	49.5717	51.3223	54.3254	52.4717	45.4249	32.5659	33.5363	27.3598	31.9189	33.3073	29.214	27.9547	18.1849	28.9636	33.7541	15.9689	31.9848	47.8095	53.877	49.6165	29.6341	57.3166	29.0782	57.4059	34.7168	41.6266	46.4578	21.1573	21.7701	33.5567	23.1549	28.4437	31.5377	40.3723	36.804	30.566	26.7972	26.9127	18.5964	24.7794	46.7431	48.6239	43.2182	34.1935	30.9093	30.8463	45.1643	23.967	39.2681	23.3151	14.0438	10.4717	14.2919	12.7307	13.7997	6.83459	8.9385	16.71	26.5281	37.0531	51.5389	56.1468	55.9753	45.4224	34.3895	26.5275	26.1393	30.9672	29.079	24.3675	10.8943	5.02671	16.5868	20.8964	19.1184	22.7094	9.6395	4.94085	5.86728	20.3168	26.2541	17.7976	38.8796	32.8595	18.5464	30.3051	52.1937	47.6527	39.6764	10.8735	37.3864	40.4271	34.3242	53.5639	20.4013	43.4178	46.4835	5.90961	13.0406	36.3114	38.3305	16.3958	29.0043	27.5177	22.7721	3.8229	11.9077	15.2894	26.749	32.869	34.002	35.8801	41.758	38.4024	41.9286	42.0011	7.65044	31.2511	19.9868	24.8869	22.0137	23.7312	33.7396	20.9315	15.513	3.10775	5.58151	19.4409	20.1704	9.74781	20.9117	43.1372	29.4171	11.7532	6.96129	28.5898	35.6065	15.8997	15.018	15.3426	19.7643	24.7503	10.2431	18.4056	25.8459	27.2708	13.4308	7.96552	24.3186	10.1027	14.6276	35.6625	43.9864	32.036	30.0567	27.6877	23.388	14.1774	4.81347	1.51142	4.99151	6.96503	4.80786	1.15348	0.644739	1.23184	8.36964	13.4647	18.836	31.5825	43.47	38.4369	18.0752	14.1223	29.8768	14.0124	17.9533	21.7208	28.9338	35.2932	33.105	11.9461	32.6158	35.6526	49.3995	49.3254	22.0582	41.1608	56.5805	39.5274	15.7841	12.5977	15.348	18.4379	14.7183	11.3227	23.0245	25.4375	16.2329	6.35149	38.2208	44.967	35.4722	9.92497	36.6264	49.3417	49.4553	30.6733	25.913	35.2722	18.8053	7.52319	4.57054	14.4149	31.8756	30.3911	16.1212	21.7521	26.1873	13.5488	35.3494	29.8619	25.435	17.0088	17.4014	11.861	9.14774
47.9216	34.2663	21.7605	10.0877	15.864	12.834	39.688	21.9239	57.7137	58.368	55.0925	39.0716	9.42489	34.8592	35.3852	34.6106	39.4392	35.6785	51.3475	63.6158	7.34872	51.2287	34.9387	31.3015	48.8601	36.7981	22.0776	32.2643	12.8345	53.2541	38.8153	24.694	24.3873	40.1038	42.4998	39.2783	34.843	39.9032	43.3822	37.1721	39.1185	35.8808	33.5972	4.72551	28.0206	38.4864	26.9286	37.4791	52.8819	20.6179	53.9201	43.1357	44.725	25.0367	34.3419	47.9689	17.9096	18.1881	28.8511	20.9095	15.6378	28.3785	44.1627	46.787	33.5189	10.1695	38.1775	22.8395	48.3963	58.8016	55.5633	55.2118	55.3457	50.4853	11.8493	40.5312	38.5923	40.866	25.2784	21.1218	13.3199	18.1407	29.6937	26.7683	14.1334	19.8612	23.6098	26.6529	11.9217	31.7937	36.1133	36.2702	33.9471	28.9233	27.6337	17.8043	11.9037	13.9565	12.3441	7.46005	14.6695	15.5361	10.358	6.47515	24.3222	31.1858	30.5635	31.8399	31.9255	35.4688	29.0091	43.1614	29.5016	10.8755	21.8729	35.2786	23.7145	30.1402	38.9994	41.2087	46.1634	26.2899	51.4062	46.1895	23.586	49.3283	13.4893	15.9621	29.5282	38.095	7.87974	25.3691	4.60733	21.5846	18.7197	7.77493	13.8765	15.241	16.8325	17.9559	16.054	23.5528	9.94739	35.0512	23.8451	25.9817	38.5548	35.4486	34.0096	22.2468	36.7564	37.5131	22.1441	13.3833	4.16188	15.3907	24.1888	6.07772	3.78407	16.9169	42.1354	29.6768	7.55903	7.9702	9.00977	31.0799	31.8786	25.5048	18.0843	17.4524	26.6372	29.3291	14.5015	16.2111	31.5197	31.5892	28.8114	25.0377	22.4646	21.7189	24.6582	34.308	34.9786	27.3549	17.9631	15.7696	20.3062	10.8518	6.8643	8.36928	8.76297	9.87317	10.1188	5.9755	2.88133	6.92525	10.9555	15.2654	23.537	37.38	41.3742	30.6961	5.09809	24.9312	1.70356	10.5613	26.0947	3.57025	17.7996	35.8578	12.4416	35.9664	43.4756	46.6605	33.5216	16.3609	22.6074	53.2395	50.3636	25.3516	10.0756	11.2665	26.8139	25.2109	19.0591	7.75435	26.7339	26.578	24.922	16.6343	43.9762	44.7094	12.5444	40.1915	52.4197	50.1149	26.4762	28.1743	39.4448	30.4434	17.8245	18.2721	16.597	21.1727	14.5271	11.9417	26.6236	23.106	24.6908	42.5431	27.4753	11.497	3.36722	24.406	33.2159	35.7968
48.3994	45.6174	42.6957	43.7127	46.907	49.0523	54.8274	53.4678	60.5133	64.7536	66.1393	66.2495	56.7652	54.3107	45.8529	46.393	40.052	45.7721	54.2176	62.443	22.3314	51.844	46.3446	6.50521	45.124	47.1348	36.2477	36.3837	12.9176	49.5569	45.7185	46.3707	41.6246	13.9989	13.2731	6.5008	19.5636	23.0482	44.4529	29.1509	30.4163	44.4031	30.7572	27.8884	48.8616	53.3696	53.0792	55.3069	57.6109	28.5669	38.0594	32.3098	11.0918	27.6813	42.5814	47.6578	31.1615	23.4371	24.8959	23.0543	20.806	49.922	54.8144	40.9415	26.1083	24.3334	45.7187	6.94131	59.4192	59.1124	20.9205	26.9827	47.796	47.614	39.8441	33.0803	45.0594	41.7589	32.2896	24.9836	11.4937	23.9988	14.024	23.4793	22.9478	36.4691	43.09	43.1387	42.0014	46.565	26.076	27.0514	33.4826	20.1739	13.6562	12.3603	3.77084	7.12499	2.76952	10.5485	15.7506	33.4186	23.1434	22.6116	20.2182	25.4137	24.8628	26.1025	27.2738	37.5705	39.1641	39.5572	20.4423	19.0146	21.9833	26.0873	19.5922	23.1474	34.5356	45.5647	43.3131	25.5065	43.1014	51.8333	40.9066	41.1085	33.1527	23.1895	33.9285	38.0872	20.3151	31.3579	33.1508	20.5771	21.0978	7.52423	5.89935	7.25061	3.70771	10.6178	9.72579	30.8292	7.27783	37.8803	7.32198	37.3019	43.2592	37.2799	23.5035	12.6538	37.8098	44.5164	31.7985	12.5283	11.2434	19.9174	17.9391	11.7662	14.3128	14.8057	36.9959	28.2269	7.422	10.3051	18.2889	14.9685	17.8092	26.8272	22.4496	13.3977	23.753	36.9876	28.6316	11.9538	10.4816	18.091	29.3764	33.064	31.9834	21.3811	15.4809	5.25112	20.0613	31.4178	22.3657	3.73005	18.7867	17.2481	13.3674	14.6398	13.7712	9.97804	10.7592	13.2735	6.04478	3.05697	7.82791	12.8678	17.9644	32.4881	42.9511	34.5895	19.4604	29.0135	21.4383	25.1622	31.5934	30.4287	28.8316	26.085	19.598	32.7855	45.1468	45.5811	17.8791	21.0837	29.7581	35.1994	52.0595	37.8292	14.2826	15.5782	30.951	22.7903	21.0948	17.8343	21.4993	5.08077	19.5528	20.5145	35.8615	48.4199	15.6389	43.0524	54.4031	50.9575	28.0839	25.0038	44.314	47.7583	31.4076	28.2496	24.8972	11.5022	13.0044	21.9351	29.8432	17.4585	31.467	45.1801	25.1478	7.84783	17.0897	31.0692	35.3014	30.2997
36.4152	30.9695	7.64594	26.4906	42.4991	44.1959	38.8196	32.4659	23.5917	39.9104	51.7778	62.1961	65.1224	59.5231	44.4681	42.3496	15.7991	30.6354	43.7718	53.0501	24.8149	50.2832	47.5058	20.1243	34.0222	42.9846	42.1275	38.136	6.30288	36.3068	28.3756	37.0328	44.4497	34.3073	27.4504	39.5526	42.5598	28.5925	51.2985	47.1893	43.9402	42.7122	7.80051	51.3423	52.6919	51.7843	49.026	52.0586	32.728	32.1236	41.1689	27.3107	16.5456	13.8181	33.383	43.9245	32.6711	24.9859	24.4718	10.4216	33.6653	51.4887	43.2475	38.5274	33.1718	19.2108	54.2547	9.7187	58.7206	57.9874	53.9588	58.5893	56.9294	53.1608	45.9772	9.72226	11.1991	13.8186	30.5499	42.142	36.359	15.6628	16.961	0.704506	12.1973	32.3189	42.7549	37.8648	50.7548	57.7089	38.5933	16.2942	13.1603	33.3449	22.7859	4.11447	18.1834	17.1802	13.9081	10.1216	18.3986	22.793	30.8999	22.8382	17.1198	15.6634	11.3768	11.4756	14.8812	26.5592	28.821	23.9094	10.3279	17.6701	19.8105	28.8749	35.9437	30.4274	29.7051	28.0486	23.6381	14.3648	27.9414	41.0723	45.3518	20.6316	42.3396	16.0388	26.8779	29.508	6.07454	6.38018	17.2294	20.979	14.5926	3.77713	12.2588	15.4294	10.5467	12.1072	8.54122	34.9545	23.9942	35.3529	5.54798	41.4327	44.1052	16.5552	11.3127	12.566	20.9445	42.4514	46.1507	36.0911	12.5767	14.7396	3.89116	9.90121	8.41363	20.025	28.3918	20.2943	8.52264	10.0307	11.0352	5.86412	8.86472	15.033	19.2196	2.35897	14.9448	42.0418	40.5629	23.4254	43.4968	48.7271	45.5478	41.4435	40.7296	45.8411	52.4564	54.2518	47.0542	31.8749	7.08354	20.0524	17.8442	28.9376	30.5397	28.3782	24.63	15.7398	9.89785	14.9839	16.4932	7.63248	3.02313	11.2101	15.2299	26.9345	41.8731	37.408	27.5077	31.255	17.7124	17.6396	26.969	27.2104	35.8127	28.6757	28.3427	15.3472	37.8148	49.0985	18.9077	30.9111	27.391	19.6791	36.1187	49.5576	43.3867	7.61359	34.5395	40.8547	31.8012	8.36368	22.421	15.0948	25.5769	20.9712	36.893	47.5365	18.5914	42.8483	55.028	52.4497	34.0003	4.73797	44.7672	55.2218	33.8067	15.5189	25.1202	34.3612	34.876	29.2393	25.0619	14.5574	27.3293	50.6055	37.6578	21.6712	28.4801	29.8774	31.357	27.5582
31.3792	37.3135	14.7526	34.5543	40.4917	36.0855	36.3607	39.3919	27.0778	17.7077	36.1104	32.6739	20.3067	13.111	18.8937	30.5509	23.5007	31.7289	45.9218	47.4989	15.2562	53.5086	41.6301	29.3973	49.1252	55.2142	55.3058	36.3131	25.911	31.4166	23.3924	28.4935	41.3562	30.9343	28.0615	36.0791	37.5591	21.6234	51.1184	48.9533	28.4724	25.1451	25.2305	51.4791	32.1306	38.7399	44.3437	10.3572	43.9917	51.2142	31.4675	13.9869	19.2463	15.1951	30.1556	42.2153	21.8855	9.14144	5.39616	15.645	36.1118	33.8053	46.3851	49.7505	52.5787	15.8528	48.1854	29.5781	38.7878	57.0996	55.4775	51.3101	50.7624	44.9908	2.04613	49.7228	56.4872	55.4071	57.3121	57.2779	51.9307	40.3115	34.2632	33.7493	32.3396	19.1239	43.2253	29.7026	39.3545	61.3322	60.7489	39.7853	36.3919	43.2491	47.0779	37.5435	20.7606	15.3463	4.44279	6.52378	19.9231	10.1458	18.6029	16.2526	13.702	13.4117	11.6185	9.81559	13.5382	10.5977	8.5189	1.30765	19.2276	7.7678	12.3684	22.1897	24.202	19.5901	26.2369	22.923	12.7383	5.63139	12.6411	23.6216	41.9196	14.8279	43.1208	16.5354	14.9507	24.242	4.46721	4.05846	0.800601	5.80799	6.92509	17.3723	29.5271	33.7775	29.7105	18.4787	12.2327	15.9442	30.5139	27.1614	8.33808	40.7348	44.0463	27.2931	27.0197	22.6985	2.76136	28.059	37.7269	41.7187	33.949	8.04017	4.55119	3.9439	13.7731	29.5185	23.3036	7.99862	5.16914	11.4908	10.7743	6.19282	14.1347	20.6847	25.0844	20.877	27.1115	28.0598	46.2929	25.6708	39.1432	40.6445	49.1497	54.6821	59.9853	64.2664	64.6735	63.6562	61.9808	57.4308	39.3565	43.7205	44.5012	48.5136	48.9628	46.2574	42.7198	39.0388	31.0759	23.2314	22.4966	18.6179	5.76214	8.5953	13.3751	21.5147	35.7357	39.7218	33.7438	21.4745	16.443	16.1521	27.9956	20.18	21.0375	25.8491	35.031	29.5739	36.2568	52.3727	35.469	35.9769	38.61	6.77445	7.47327	34.0535	48.9501	44.2798	8.01272	32.2498	35.3681	32.7087	31.1973	25.9509	26.7247	18.0481	46.2054	49.6213	19.9363	35.3531	53.2886	54.7584	47.5965	32.6929	25.0434	52.7839	56.8383	52.9368	44.0512	26.7067	12.967	13.5429	17.065	13.5777	17.7476	55.6925	50.7405	29.1143	38.4648	34.4956	33.8211	31.8308
19.8304	40.6121	36.0167	9.23283	28.4226	21.9431	20.7787	37.4123	36.4881	23.2179	45.0024	34.5552	19.8842	3.48469	19.2774	34.3359	42.7195	39.018	54.1499	51.896	26.9171	54.8343	43.2871	51.5691	53.6317	51.1696	42.5136	18.5127	34.7877	38.1974	32.4166	29.3234	38.9148	23.499	35.5086	28.25	35.4214	16.0872	46.6539	47.6182	28.8771	20.3473	18.5306	53.2162	52.4577	51.0667	58.0481	38.9816	56.0124	29.279	15.6046	4.55165	33.2379	37.0906	33.2701	25.831	30.0747	27.3183	18.9494	13.5403	26.3786	25.5359	29.101	44.4775	55.2011	9.46882	30.5212	34.6637	31.8178	22.4329	43.3236	37.3688	41.1187	20.3476	38.9667	45.3077	21.5782	33.9479	47.8146	37.9692	45.337	27.4528	40.2909	44.8844	44.1729	38.8171	20.9381	40.8027	7.95986	48.6823	60.3561	52.2101	37.272	35.3327	48.181	52.5794	45.9397	38.5862	29.6393	9.45942	9.01766	18.887	8.5598	11.2301	8.85849	10.2309	10.8701	8.66322	12.4066	5.81304	6.07231	9.98614	16.7221	17.2714	25.9354	23.2674	23.5504	14.5325	20.3923	16.2739	7.03857	7.60723	6.92622	21.5326	36.499	28.692	37.686	12.7714	6.90352	24.8238	6.96666	1.29663	4.06724	3.25677	16.2244	32.0939	35.2152	33.7962	38.7921	29.4526	22.3169	8.96087	15.0406	22.4323	17.702	38.111	42.6798	27.902	20.0984	31.2865	7.72176	27.2776	32.7448	31.5823	37.6156	18.6805	3.48469	11.9573	25.9713	38.0938	11.771	7.99008	6.87446	15.3203	14.1279	13.8772	14.4726	20.8532	25.1521	22.7106	38.3015	21.4377	36.4263	16.0627	38.6148	38.8664	22.306	23.4889	37.4563	42.9402	35.4859	41.8779	51.8241	54.908	27.6014	47.7848	49.3191	51.9525	53.8035	55.598	56.1057	56.049	52.981	41.6728	29.1835	24.6782	15.7941	2.37314	9.34791	16.4113	25.6648	31.8039	28.5154	21.8413	24.1881	15.0635	31.8215	24.3925	9.94434	25.22	23.4867	23.9454	37.9216	54.9099	49.6994	24.3468	42.9646	2.94786	15.4447	14.3351	27.4946	45.2427	44.5295	19.4789	18.2344	29.804	20.3312	32.8703	44.7194	32.8696	35.8755	52.7598	25.0564	20.5184	40.5088	51.1741	51.0303	45.6585	31.7803	8.28959	42.9014	52.7929	57.0035	56.5614	51.5325	43.6719	31.6515	17.5133	9.44915	58.3971	57.2837	21.5971	38.5528	35.7905	39.2717	35.639
41.6849	33.092	33.074	6.3051	26.2168	36.2881	40.4989	41.4595	37.599	27.7192	45.6897	44.2352	47.1075	44.8032	42.7561	46.0334	52.9479	56.8871	56.7012	44.0911	24.991	48.6053	50.2499	53.1582	44.6838	34.8079	24.1713	11.4869	22.4102	30.7156	38.6361	42.0447	45.5173	44.5304	41.6255	18.2448	36.7992	25.0739	41.468	52.2315	43.8546	41.2955	34.8162	12.6061	42.346	53.9901	59.3475	52.654	48.844	33.2836	17.0517	27.1482	39.1799	32.6289	27.5903	14.0826	12.8479	29.2411	32.171	8.11494	25.9062	21.06	17.7857	49.3267	54.3294	3.89513	28.1886	16.3666	27.312	39.1228	28.7819	38.6066	15.8421	21.0293	33.2419	45.0322	45.0026	37.776	39.0076	5.52248	40.2551	31.1984	34.4512	17.093	17.9586	38.8797	21.2553	41.1134	26.1945	34.0906	32.4443	57.5412	61.5006	52.7682	45.7827	47.2256	44.2352	41.3046	39.7891	26.0938	17.7268	22.3007	4.63559	5.40705	8.11811	10.307	14.5678	17.5462	17.7948	14.9371	16.3055	21.6541	29.2863	32.198	21.8282	16.1109	23.226	26.5269	24.7835	16.033	7.6805	11.1446	8.13993	20.1374	33.5513	34.9461	29.3008	15.3647	16.5034	22.4184	8.38453	4.45275	1.72375	20.1976	33.714	40.1803	25.1474	23.6959	28.507	27.9891	23.8667	17.5531	14.4438	15.1611	12.399	34.763	32.9958	16.1327	22.3242	31.0947	26.9332	30.4004	32.4988	21.2418	32.4351	25.0588	5.4113	13.6022	30.1655	42.7042	15.3744	12.9511	14.9361	21.0565	16.225	17.378	11.5588	18.4056	31.5546	21.458	29.5236	32.1331	40.1056	27.4557	33.6899	43.6086	28.1523	25.3668	37.952	33.863	26.4699	43.1231	54.7418	56.1232	30.4309	48.8541	41.0259	26.0027	28.5287	36.0437	40.3543	45.264	55.0583	59.4713	52.1125	35.7994	23.5915	5.60169	3.78834	11.7805	18.1763	20.8494	20.4881	27.4777	27.4178	13.2097	31.0141	28.2022	5.85849	24.2477	24.4932	21.6463	32.7813	53.6101	57.9186	41.2145	35.6066	20.5713	20.5784	1.0011	18.1506	31.3088	36.4722	36.8193	8.55628	25.8698	26.8516	28.4809	39.0378	46.4084	43.3331	43.6134	16.1324	18.017	17.729	36.4318	43.0749	47.4168	50.0686	48.918	44.5355	32.8619	10.2081	37.876	52.075	57.3301	56.236	41.854	14.2053	59.7002	57.9993	12.9325	34.6657	33.99	38.9185	40.0515
20.3553	18.5241	10.7002	15.989	24.2808	40.3648	31.8221	29.3271	24.2982	19.9938	31.9113	37.4087	39.0129	32.3431	25.0721	23.4578	29.5337	33.176	33.1246	21.7737	18.3367	26.049	13.9686	30.526	23.8969	19.529	12.6829	10.303	16.4295	22.6116	32.1466	40.7747	46.9538	47.1624	37.9876	28.3309	36.318	37.1626	15.3426	45.6402	32.0293	19.4018	30.7144	31.4984	22.3029	51.755	55.5484	46.906	21.7011	40.4211	10.9851	32.7799	33.7901	25.3519	19.5079	26.8794	23.5413	2.85443	39.4056	24.2674	14.8661	14.1057	31.9165	42.9463	50.8514	16.127	39.0309	30.8285	38.7084	47.1537	35.0746	28.1867	40.3487	36.1556	20.6501	25.7536	18.3106	32.9553	40.1602	18.4381	25.7277	7.90742	18.8722	30.7936	39.8874	44.6705	39.0327	50.898	44.0072	44.9257	35.2177	38.7251	46.6366	43.3676	39.9171	37.1225	24.6782	37.0209	38.1339	42.8036	42.9463	32.0962	13.2839	9.42838	7.36272	9.3987	8.83428	6.60575	11.6885	9.76827	9.22178	12.0274	18.8219	18.2295	10.0263	7.5581	8.38441	15.6257	16.727	11.8305	8.38609	7.91694	7.15456	7.71313	19.8347	26.6005	21.9496	13.4391	15.4303	15.8619	7.94242	5.04009	11.0488	29.9546	31.0958	27.8219	1.15705	29.0083	22.8886	22.6562	18.408	19.6869	25.5945	32.6333	4.5026	36.0518	25.6259	11.8375	22.9811	19.9819	26.7888	21.5252	30.9657	17.0184	27.9671	24.9033	7.2142	15.2792	20.9134	41.9892	33.5106	15.713	20.8362	20.1668	13.5354	15.0871	14.0948	6.7838	34.1966	26.2573	10.2223	22.8396	30.3091	8.78491	35.5928	44.1935	32.6192	21.9275	33.007	20.144	21.0508	43.3886	57.8354	55.4875	38.4566	52.5598	58.2907	53.9399	39.7684	30.2678	21.8141	15.8997	13.6729	47.8109	60.3624	52.1073	35.7495	15.4543	5.93977	5.41556	11.5039	12.9899	16.4101	27.5624	26.7256	16.8131	26.6765	28.7261	6.43101	15.1655	18.7881	18.4708	20.129	38.7338	51.2359	49.0298	28.249	31.9834	27.4156	20.8587	19.6632	33.6372	24.1772	31.1673	27.5611	13.3347	21.9725	25.2055	32.7895	40.0337	42.6164	32.8833	11.3522	7.39635	13.5014	24.1065	15.1525	34.9188	47.7412	51.1908	50.9085	48.2878	42.6342	27.7013	4.57463	29.493	54.1809	53.7429	21.0352	60.0762	53.4442	7.04227	27.7566	33.0147	35.0082	37.7854
43.7083	30.7283	19.0793	19.2508	15.4118	37.1545	33.1588	28.9652	23.2891	15.63	23.7513	11.3753	23.0188	26.2707	24.2059	24.6263	31.0212	33.6561	34.13	19.2275	30.8804	37.7263	36.8893	40.5993	25.7944	17.7089	10.2319	9.46477	14.9407	11.8663	11.7511	19.1372	22.4046	20.7819	29.2886	35.5285	38.6385	47.3378	50.6291	53.3716	42.7498	37.7875	37.2492	35.5912	27.5042	36.0923	45.3245	30.1409	32.9635	35.8797	12.8427	38.2751	33.7169	26.1655	16.529	24.0499	29.3664	29.2726	27.8624	33.2085	1.12132	30.0039	31.4807	29.3552	45.8055	38.8898	26.3734	33.7928	30.1114	43.1243	23.1123	43.0258	61.4863	50.6235	51.8891	54.852	54.1797	53.7263	47.7362	20.5437	40.6415	44.1503	49.0532	50.2083	44.8436	42.5828	36.7526	52.6065	57.5216	55.9652	58.8449	65.8228	63.4523	51.4876	16.1529	36.7448	40.3826	38.4484	16.4868	14.0783	42.0782	31.5454	13.6919	18.1127	26.1539	32.3221	37.0656	35.8335	21.9745	7.17398	9.38207	10.2939	13.0766	5.26341	9.09678	7.5012	3.64096	3.88242	2.65578	3.40311	3.81915	4.51862	4.4035	8.4389	5.25701	2.38916	10.321	10.807	9.49436	10.1958	2.59032	5.11113	12.4483	26.4518	32.6356	32.2847	26.8539	24.7358	21.2319	13.9279	11.9388	8.26566	22.844	33.2308	6.63001	35.2447	23.2796	20.0725	13.3336	18.3823	20.7759	12.6929	30.3316	16.8192	21.028	25.3003	17.1284	16.4529	12.6942	32.474	45.0511	39.8814	24.425	13.0495	8.18275	10.4801	15.0609	13.9011	19.8365	37.2153	29.3923	26.188	12.9899	38.5276	47.8391	33.2163	26.1633	29.7496	38.6739	20.3135	25.035	41.4766	57.4755	50.6619	14.6353	35.0118	54.2227	61.3703	61.0019	57.3072	48.9958	39.4655	42.3611	21.1372	45.4739	60.4161	55.3009	39.1324	27.3768	10.2965	3.72077	8.81243	13.7039	23.6361	26.9766	22.2806	25.9473	22.0129	5.38926	9.70388	5.05457	11.2667	10.3679	19.0263	37.4508	48.4027	39.7599	24.0114	25.7884	17.9798	15.1618	27.1322	28.3428	30.7757	30.8156	25.4358	18.9175	11.7532	5.36775	7.58309	15.8388	24.3827	29.8383	28.3648	25.9062	22.6083	5.82234	20.3678	24.2755	29.4116	21.4458	15.8738	27.2813	48.3855	53.4233	50.1127	42.9955	49.3702	26.538	56.8378	41.1244	23.8152	27.278	30.9919	35.0157	38.1693
34.8013	34.1191	6.06158	13.4186	17.1047	28.7318	29.5485	29.3888	32.2515	16.1047	25.041	32.4139	31.149	19.1354	12.4249	13.1907	16.5843	19.4408	40.1966	21.5528	36.2098	40.1394	24.1494	44.6557	37.5729	26.9394	13.7664	9.35701	18.3814	13.2416	9.24704	15.4293	14.6552	9.59644	20.0235	24.2247	23.1249	36.2922	45.3588	43.8231	32.5895	23.6974	20.1102	19.6454	21.7093	13.7014	34.0402	31.9477	37.7234	36.6966	19.8731	34.9649	28.6876	21.8636	11.9738	20.9644	21.1607	24.7769	11.7684	31.3816	15.7425	33.8869	30.0416	28.2372	37.8011	44.2954	10.9545	39.3412	42.5951	35.6498	10.4475	55.9548	61.939	36.2033	42.5207	49.5766	46.2478	45.297	35.8364	44.7791	52.9556	43.0996	48.8914	51.4979	51.5795	49.0498	39.6034	39.5016	46.6268	46.7767	50.1632	59.9339	61.2999	53.3467	40.2208	23.2467	48.8798	52.6963	30.7525	35.8264	36.9324	23.0496	10.191	18.6016	21.7036	28.4865	34.6551	44.2917	38.2106	15.0342	9.58249	6.92007	13.7702	10.7039	3.6277	8.29057	4.51324	6.17914	8.42165	3.7479	10.0004	5.11043	3.5936	5.60151	7.93726	5.80699	2.81258	8.61791	7.48563	10.5443	8.32407	12.4176	9.9786	8.30897	22.778	28.8712	28.1246	20.2813	19.9963	6.88378	4.4931	18.1355	32.0884	24.7675	20.8678	35.9937	25.4687	13.8633	6.89322	23.945	11.7943	15.2204	28.2346	22.9909	16.6383	27.9999	22.708	11.4926	6.24956	12.8999	28.0267	31.5264	22.2777	12.3847	14.2153	15.1097	16.9754	22.0061	9.15043	21.6617	30.826	41.1849	17.9377	51.3193	49.6209	30.4986	5.97931	35.6452	45.2948	15.8725	25.9957	43.6177	57.0203	51.5193	27.1921	6.74405	28.6377	46.4715	52.6428	54.6556	52.2103	41.4488	34.0449	29.6528	11.6789	45.5485	58.5519	53.7732	45.925	28.9041	6.88373	7.3973	11.9736	18.1141	23.363	24.5992	24.6012	6.96987	15.5953	14.8654	12.3899	10.4968	6.11795	7.97275	20.8808	38.0065	41.1183	33.7366	41.5166	30.956	31.9316	24.8697	21.8235	31.7458	37.897	38.1225	31.1702	26.4952	23.2687	14.8796	15.9918	14.3841	17.6093	30.4914	36.0583	35.2518	26.938	25.389	10.7375	26.3428	36.3388	22.8447	28.0602	30.0074	43.4012	49.2428	45.3106	34.3267	19.8215	46.226	38.4123	41.8557	42.7592	41.7161	41.0911	39.0964
32.1503	36.1078	23.1261	32.4459	36.1944	41.9622	40.8176	28.2732	18.569	21.0417	17.8445	38.9493	29.1014	25.1311	17.6207	6.22051	15.1404	23.4338	41.7987	21.6236	38.968	41.356	9.37467	33.0316	41.1436	36.9051	16.0937	10.0859	15.577	16.56	12.3976	18.6018	22.5368	26.3038	29.8522	24.0925	7.95266	10.0542	11.249	16.6298	25.5672	35.8298	42.8532	38.5354	30.088	17.0741	40.5252	37.7598	38.2181	35.2516	30.3255	44.7965	48.5629	36.1062	16.7761	12.6248	15.7689	18.5297	27.1504	24.8741	27.2628	28.1528	33.6169	30.6468	38.5432	39.8546	7.11593	40.4799	44.2633	32.6242	23.5693	53.7516	58.7665	49.9127	42.387	41.7832	36.7169	39.0236	42.3728	60.7129	59.355	46.4155	40.4601	39.2326	37.8425	33.835	25.8992	21.2258	19.4955	19.3491	20.4487	22.3952	33.5627	49.8725	57.7821	54.8828	52.9786	57.8595	45.3548	24.6202	15.0493	14.6844	5.43024	13.6771	9.46577	18.8112	10.3293	28.7824	41.072	33.2597	19.2448	7.45863	8.21664	4.08192	5.9245	2.48356	8.64109	11.1379	15.1805	13.4558	8.42563	2.0723	7.26926	3.14694	6.85741	7.28	3.7829	3.78895	5.55543	7.88688	10.9163	12.2404	5.57124	0.744149	5.51772	8.87901	10.9578	14.754	18.869	13.7874	16.5083	22.1888	31.3652	16.5078	26.9874	33.7172	22.3563	21.3459	18.0957	18.095	6.37339	15.9172	24.1881	31.447	23.9018	27.7549	16.1239	27.9947	44.5287	49.5415	47.2299	41.8821	23.2613	8.05015	10.8287	11.0258	7.98191	24.8316	13.7303	3.68345	18.8706	45.3403	25.3536	50.775	51.4107	17.5576	35.6562	23.6052	38.5911	40.6494	24.25	36.669	54.5861	51.1034	54.604	54.4125	45.083	25.0985	3.98392	25.1828	39.081	47.8123	45.9966	38.6632	44.4295	32.9855	26.7647	52.8885	57.4309	48.4169	25.8172	1.92031	7.59703	10.6483	13.0842	15.3308	15.6625	15.4107	23.014	17.3444	22.4828	21.8587	19.0717	14.4593	3.85869	18.8151	34.1255	46.5872	57.3103	45.5092	23.2423	40.2024	34.5936	42.2946	42.8524	39.4547	40.187	38.3113	32.079	27.8934	30.5761	34.711	18.5137	10.6729	28.2122	34.8541	34.0431	26.4374	16.6805	31.1788	36.6711	20.3813	27.5656	34.283	24.5934	13.4106	29.4598	36.1621	39.9226	49.0218	49.406	49.7419	50.6848	48.7135	44.9229	38.2772
40.0916	34.4885	27.7512	34.6403	32.8252	32.9535	24.4216	6.34825	25.2421	33.2132	8.89409	34.5249	26.7292	19.2669	20.8446	5.25369	24.0805	21.0388	34.4354	17.1378	40.8427	36.7475	15.3071	18.8383	38.4821	42.6061	12.7895	18.5157	16.0296	9.33563	11.505	23.1707	29.1199	18.3007	10.8201	9.78911	16.8453	18.2219	6.23809	7.74575	12.7755	15.1326	18.6104	36.3133	35.2507	28.531	51.1078	51.788	55.1202	52.2008	49.8007	49.2199	55.2269	46.8816	30.8145	3.5591	13.7548	19.3076	31.2369	23.4142	30.0489	17.2673	25.2775	42.6309	46.6929	23.0156	20.4305	40.9819	40.1929	23.7791	22.0796	43.172	47.9145	52.3265	55.9818	58.3385	57.8735	56.2562	53.3171	62.1848	55.0978	40.0809	29.0501	22.0129	20.1517	16.3256	14.8215	14.9741	15.2775	14.7902	14.2259	14.3432	22.28	39.8638	54.7112	59.7255	59.8358	55.3051	35.1947	8.65419	8.93541	10.8849	2.63435	7.72595	16.6642	15.3225	13.8598	15.0209	22.6795	25.2751	28.3185	24.3322	6.00413	3.09166	2.74684	6.13637	10.8568	9.66211	9.4794	13.254	9.0608	5.80165	5.44091	7.80912	7.4254	9.58137	2.19478	2.9625	8.59091	3.84998	8.52975	8.42312	18.9359	21.5656	18.0421	15.1639	14.8495	24.1619	23.3253	18.4626	23.2136	27.6023	30.4403	18.411	25.7254	32.9304	29.5266	31.1837	28.1554	19.8069	18.4073	21.6627	28.2055	35.7632	29.4244	16.5706	11.5715	52.4207	54.8	53.7425	47.4559	39.273	34.8351	29.9974	29.7503	30.9016	12.0887	18.3721	16.9845	11.6009	9.37573	44.8851	32.1972	42.833	51.2098	30.641	22.8875	19.8728	9.13403	28.8172	32.7338	19.0895	44.5525	41.7376	52.898	58.5804	58.8435	54.8543	43.8885	20.0939	14.8869	40.1197	51.172	49.0933	41.9122	37.8706	29.2147	21.3134	54.842	58.2504	44.1653	10.1964	3.95843	5.73682	7.48381	9.01368	7.65727	20.798	29.0977	18.2221	17.9499	22.1121	22.209	16.6685	18.7147	19.3309	22.8818	35.7461	55.8945	60.3699	39.2151	18.5214	42.7092	42.8481	43.3896	27.2433	26.0626	37.6792	38.5346	37.6911	31.7537	36.4636	29.6219	7.62282	14.4581	24.3442	24.0897	18.7407	22.1566	29.4541	34.9368	32.5811	25.612	18.0421	25.2266	28.8589	22.3418	13.6202	19.5092	26.2468	26.5446	32.3392	37.868	37.8322	35.2684	29.9414
39.7095	32.9709	29.7193	32.3938	22.1541	5.61567	14.2605	26.748	21.3119	33.3955	26.8539	27.8445	30.3162	27.8749	19.0742	6.62391	26.0535	23.1255	32.6308	12.5535	41.13	30.8435	17.6946	23.276	38.537	39.7433	11.3884	35.9242	36.7068	35.2587	26.2041	13.8882	21.7555	27.6545	27.5475	27.9453	28.7548	25.4526	22.9146	25.6319	28.6737	32.9624	39.5764	46.2662	36.4286	39.6052	53.8944	46.8152	41.4452	21.1385	11.4127	21.2911	52.4047	43.2725	33.3142	19.6509	13.1254	18.8571	30.4412	27.0106	28.0556	14.165	28.1362	45.791	41.776	34.8964	34.0851	34.6217	31.7762	17.0905	17.6272	32.7427	23.2622	26.1627	37.0931	45.625	48.3492	51.852	53.1971	57.5418	44.8516	29.6056	17.8296	7.09632	11.8138	6.59235	7.98554	7.42224	9.15044	9.42772	6.58275	5.36374	7.63681	13.1466	24.781	33.8915	34.6669	27.3372	12.6696	8.71439	10.1612	8.59553	8.69905	9.29641	20.0099	14.3017	13.535	18.0284	18.857	11.2603	18.5265	26.0501	18.4041	8.54031	9.15039	9.25908	5.99092	5.46574	4.37312	1.92091	7.79584	5.78251	2.33293	5.36195	8.60637	8.29955	3.31345	4.26773	7.80322	15.4047	26.2931	22.3532	15.2997	22.1997	29.0987	33.6807	34.444	32.4869	26.3062	24.2598	29.8813	29.0531	27.8122	21.0064	26.3225	36.2313	38.0194	33.8456	35.3134	37.8925	33.9024	31.1725	33.5543	34.2825	20.5589	11.6737	41.2867	57.259	38.7004	26.2072	18.9281	14.1024	22.4296	25.9496	26.6963	33.7296	25.6649	8.42631	25.6913	24.128	11.024	35.3005	37.778	33.8314	47.9909	34.8705	9.9381	16.0488	9.90602	7.59738	20.1853	11.1767	26.4821	9.84935	14.6426	28.9849	46.4519	55.5556	58.6791	54.1837	34.0897	3.71814	29.8382	43.0902	43.0631	37.5774	34.1986	20.5655	27.2681	59.8149	58.9052	29.1697	1.28335	3.1047	2.65057	4.59374	3.14707	18.6376	28.1104	25.7614	19.088	12.1079	11.3872	25.9973	27.426	18.6534	16.4037	13.7922	41.5205	54.8506	58.4609	44.5877	28.5708	33.1943	50.901	37.0614	12.1912	14.1396	36.4876	42.3759	38.8837	36.7808	37.15	17.2967	3.32827	10.2796	13.471	16.9827	21.6328	25.777	30.8759	21.0995	18.745	29.6799	30.3653	27.5577	23.9521	15.1036	32.3902	38.4794	39.6311	38.8288	30.9484	14.6477	14.0893	11.5675
30.8172	32.8904	33.9407	24.6538	7.01913	9.3209	10.0327	10.7213	15.4238	33.8792	30.0058	26.6996	36.6901	27.4901	15.8881	14.7444	21.482	26.9305	35.4412	6.2283	39.2884	23.277	19.1971	23.6503	34.699	27.8887	21.398	35.2023	25.6483	26.666	30.3371	26.4289	18.8787	7.88523	9.17119	17.3217	16.6723	10.8694	12.1273	16.5196	18.7539	19.4457	25.1463	33.8981	23.1286	42.7176	55.61	52.631	47.5807	43.4924	48.6442	51.0794	53.1765	35.977	25.2824	25.0435	21.6234	12.3648	21.031	20.6927	15.3055	15.3577	30.6948	39.5963	32.0041	32.5043	28.4649	21.91	23.0093	17.9734	13.2739	28.356	22.1162	26.7147	30.286	34.252	38.8359	47.8286	54.4045	52.1885	38.5006	23.2121	16.7937	8.1347	15.2629	8.42636	9.54305	3.95311	3.6945	6.01256	5.37925	2.14712	3.33372	5.94481	10.0175	13.4317	12.0207	10.253	9.58044	12.7707	12.8277	13.074	14.9514	13.1482	19.4641	16.9877	15.6869	16.3853	14.2267	10.4554	9.23674	14.5533	20.0294	23.8621	14.6849	2.3603	3.54914	5.38363	4.80492	3.09466	2.14381	1.32811	3.25571	6.19063	11.4645	7.51695	5.68262	7.2951	8.09527	37.0041	32.7665	36.6559	32.7025	13.6038	12.3274	22.1528	25.006	22.8053	21.3046	25.3319	28.2655	20.2818	14.6518	7.83979	7.0496	13.2342	22.7074	26.9477	30.1921	34.2364	34.4111	32.2884	28.5879	18.7762	1.758	30.9316	53.4809	52.5449	16.249	21.5545	16.6456	13.9801	15.7752	15.7976	17.6959	26.5607	36.6558	32.7306	11.4205	27.8988	15.476	23.5546	38.2195	26.586	47.836	32.502	17.0884	8.90315	3.44007	0.168512	10.424	8.14833	14.521	0.963853	10.1519	7.80765	19.1266	35.6485	50.1296	57.3355	51.027	34.2657	16.2895	20.7018	35.4108	48.5739	39.8089	16.6148	9.24537	47.667	60.8064	42.8391	9.71763	2.03002	2.58112	2.73034	5.25174	14.3358	20.0619	26.3699	33.847	32.939	27.9588	37.9448	29.1668	17.5694	17.3837	10.8817	27.5089	38.8894	57.266	61.413	53.7814	32.2319	34.6736	52.8732	42.7928	27.5717	30.5159	39.54	48.8897	48.2384	46.389	22.9068	7.07499	6.50132	11.073	11.98	14.4588	14.9856	28.5795	24.2291	14.0103	24.0503	17.116	19.461	19.789	15.1233	25.5631	24.7731	16.8926	32.513	40.1937	32.4274	23.6309	11.9369
17.879	2.69262	7.72075	10.0967	14.6986	6.36787	11.626	23.0449	25.8089	29.2377	25.2804	24.0835	35.4024	27.5095	21.0173	14.8217	17.779	27.3576	34.4811	2.90594	36.6606	18.682	15.3524	19.3146	28.444	16.1289	25.1147	30.5365	24.2121	15.1452	9.27636	3.09691	8.56627	9.70518	9.75441	10.9284	3.298	8.0088	8.037	15.4546	14.7129	9.75944	11.1022	27.6369	20.1151	33.8685	48.9847	54.1113	56.3633	54.3976	51.5169	48.4719	42.661	29.4838	30.4603	29.6122	19.1619	7.50795	5.3838	7.49589	2.37706	18.1128	24.194	32.1745	26.1062	23.7611	19.2855	9.43538	21.4297	23.1329	17.7169	29.2887	31.4333	29.936	26.9843	28.9574	32.7775	32.5019	28.7281	25.7099	19.6539	10.3821	15.138	5.28783	14.4956	7.26718	11.3963	6.20342	0.941101	1.68601	4.85806	5.82844	2.96195	5.96187	1.88159	1.23742	0.505404	5.96745	8.07494	11.4495	15.3934	16.3145	12.6105	11.1262	16.3266	14.8091	13.8938	12.3635	10.7645	11.2128	5.51487	5.38706	14.6093	25.4458	29.8383	17.3057	4.55839	6.33712	1.2406	3.53531	2.18919	1.53393	4.41646	10.1618	10.8825	6.42068	6.84737	4.7495	22.5323	39.5876	7.20712	30.6342	31.4033	28.3601	23.4759	24.0265	27.8859	25.5159	15.8853	10.3515	10.3863	4.64917	12.0137	16.7141	17.0417	17.3175	12.1036	8.91205	15.1998	12.5039	16.0269	14.3735	2.02792	10.0503	22.0081	45.1073	55.8914	38.6004	8.97354	17.6292	14.2007	12.7241	14.7818	14.7986	14.7749	17.7997	28.5451	40.839	14.427	23.9487	33.8032	40.7059	39.3344	27.5823	45.8355	35.2953	23.1434	11.5889	4.34224	4.38614	7.69697	5.47759	7.43749	3.50178	12.1944	11.1491	9.63395	12.3163	31.8303	51.3997	50.0164	42.8564	37.3768	34.2592	16.9956	40.1088	51.0667	20.1348	12.074	46.8764	56.5508	34.1399	30.7741	18.3872	3.47564	3.16102	6.30743	12.9444	15.6635	19.5986	29.4786	38.1169	40.1293	37.9475	23.9726	15.1128	14.4354	8.57464	15.9323	20.3393	44.4266	58.8032	62.6089	62.1279	46.936	19.145	53.2257	53.1257	41.9065	37.4961	44.8339	52.2628	51.7777	24.8369	11.5194	8.56388	23.7645	28.691	28.7106	25.4649	28.0035	28.2508	11.9043	29.9476	27.53	26.6183	23.6501	18.5565	34.884	42.8671	44.6963	35.99	18.4236	28.9417	30.5994	35.8887
27.8168	25.4128	18.1111	15.5175	12.2962	6.6477	16.259	14.1881	17.0331	19.8319	17.5956	21.5838	29.4792	22.7885	16.4935	12.6598	18.0659	26.459	31.664	2.7626	33.6109	16.7151	16.6825	21.1549	24.5508	11.1248	23.7018	25.2744	23.3991	21.9985	18.7267	14.1392	9.31744	9.26849	13.1386	16.7986	13.2557	10.6174	22.0513	16.1559	14.2401	12.6196	14.1619	28.5821	20.003	24.1735	29.6263	38.0185	44.9917	42.3324	36.0092	32.3384	25.7218	19.2929	25.9778	17.1777	9.08724	7.06155	5.73915	4.73714	13.9673	14.5035	12.7277	23.5559	18.753	16.72	21.0399	9.92201	20.497	22.2993	4.95807	11.8811	7.84813	5.95651	3.77438	7.33284	9.15713	5.9558	7.9567	16.9758	11.5309	5.56511	13.772	7.18854	10.4043	8.1839	9.11339	14.4092	12.0724	9.02979	7.17768	8.83426	6.09271	5.88527	3.09164	3.08345	3.75999	4.0534	8.06502	13.3269	12.0344	5.43741	4.29393	5.96496	12.4291	9.73743	9.32125	8.39424	12.2066	13.3888	15.4758	8.56974	6.26068	10.9331	22.3701	21.6977	11.4052	7.93145	3.93572	3.32835	2.34784	0.440677	7.30703	8.92941	5.07289	3.77702	4.9005	3.45703	23.1772	37.2782	25.2167	24.6381	16.8459	21.156	36.6138	48.6084	53.5551	54.3737	51.0394	39.8102	23.1558	14.2109	13.4516	14.0731	12.5228	10.8212	18.2569	18.6272	9.27065	12.4436	14.5823	17.0838	24.2559	29.7617	35.594	50.7203	49.4204	16.4419	8.50189	11.752	8.84441	4.80317	7.04955	6.81281	6.5111	10.2307	19.0948	35.8128	27.9515	17.869	21.1351	4.07828	31.7247	35.8872	27.4562	28.6418	28.7201	17.0041	11.1805	4.95513	5.04767	0.318992	3.66604	7.39043	15.1766	13.1355	12.2363	10.7111	23.0456	44.695	44.5404	44.794	50.5334	48.3772	39.5197	11.9551	51.313	40.3626	26.2119	48.3589	39.6213	40.8715	51.0655	45.5603	16.2986	3.52694	1.8335	5.69105	10.0467	13.3321	17.013	21.22	23.3315	21.6242	15.4946	11.6874	8.76924	5.47889	11.0718	14.179	26.8451	39.8901	50.9979	58.9194	59.5094	50.5623	9.57207	31.3152	14.0307	26.8438	46.8295	54.7564	49.4056	25.1493	12.6407	14.0727	32.3619	29.87	22.0536	15.7287	23.4649	26.405	13.4617	23.7413	29.4649	39.452	38.7948	10.7388	11.0985	14.0144	26.8949	34.2175	32.5822	26.9815	8.64822	22.032
24.6323	23.3701	22.6259	12.5518	4.18688	10.9715	14.1514	8.97924	5.36324	14.3127	11.3489	20.9499	25.6019	19.8441	9.95621	14.8752	20.38	26.0385	27.2784	10.6481	32.8878	7.57461	17.2265	20.4135	22.1223	12.2627	20.6675	27.3045	21.1282	13.2727	5.43102	7.29512	5.03134	11.7635	15.0816	16.3045	18.4613	15.8476	22.5797	21.5769	3.82523	8.41732	16.102	28.2857	6.21544	22.5175	14.1777	12.8836	21.2233	21.2228	16.1986	18.32	17.544	13.4939	20.3927	10.4455	8.13332	9.06785	3.44397	17.4402	19.851	13.3476	9.83526	13.2589	13.4584	10.6498	13.6096	15.0351	11.6072	20.8723	8.51059	14.5735	11.0618	10.3018	9.98374	12.2546	11.2252	8.56007	7.84559	14.7603	13.699	8.29645	5.82233	12.3428	6.7826	9.80217	9.45767	13.4274	15.5723	13.9773	9.52705	7.61814	8.18747	3.44705	2.67918	1.96847	3.08643	1.98555	8.12225	17.4437	23.8913	17.3812	7.40905	2.67961	9.61882	7.38022	6.03802	5.23224	13.3688	8.33732	19.7497	15.1924	8.53009	13.3397	16.9748	17.8107	10.5949	12.3686	10.1382	5.43006	3.81184	3.77335	6.7756	10.3202	7.25176	2.31899	3.06631	1.20152	14.1342	27.1589	28.1148	21.3388	7.70671	12.1233	31.5136	40.9471	40.4761	44.6279	53.2362	52.4636	38.8392	24.4073	19.56	19.9583	20.2321	17.0819	19.8648	26.6373	28.7159	28.544	33.0077	38.6214	42.0689	44.5177	45.3519	46.4629	33.2129	5.41263	11.1242	10.4728	8.76797	8.68333	11.5953	11.9081	12.0467	13.6405	22.1116	37.2298	31.0012	6.08113	35.1011	47.312	51.6781	50.5421	38.2259	13.9553	26.6471	11.4056	7.76348	10.0278	7.1743	3.76416	5.66071	9.82125	14.4902	12.6271	5.34304	11.412	29.6778	35.0972	22.9518	28.5624	44.6809	50.1713	54.2021	31.1095	41.0199	53.0595	39.4497	41.1317	26.5706	50.4801	50.0899	52.2972	30.8681	12.0523	7.99457	7.38763	4.46714	5.95672	10.5159	11.6038	11.5086	11.0762	8.51824	6.18443	4.6254	3.62859	6.01377	7.5277	16.3621	23.7906	33.7538	48.8522	56.1672	60.5911	48.5782	58.7997	58.2545	54.4038	53.0869	53.0352	36.8032	21.7986	12.6559	15.917	32.3546	28.2376	6.19442	4.39386	25.7008	23.9339	9.11656	9.77771	6.38181	29.3718	39.6166	22.474	26.3549	19.3149	13.6691	16.2983	23.3926	28.3862	27.9719	34.1228
21.2017	10.7835	15.7288	10.9072	4.32358	9.66932	9.48381	8.86489	9.88736	16.2893	5.16256	25.6605	26.7665	17.0608	2.999	13.9215	15.6329	22.3175	22.3086	18.1821	33.8863	1.9633	17.3356	19.4485	20.6026	15.6011	10.3364	24.0601	21.3501	18.9178	9.60186	4.00979	5.42513	12.2051	12.6274	12.987	17.6966	18.1371	17.553	20.7853	4.14363	5.94844	23.0329	24.191	9.33639	23.3098	14.2369	8.98004	8.21345	12.8576	8.47438	18.2968	17.8599	13.1386	11.6583	11.621	12.5844	8.35361	12.0835	21.8555	13.1071	6.61075	8.78297	11.4589	15.5279	6.86428	2.35708	8.6793	1.49737	18.3275	2.14542	13.0542	1.58666	2.93398	2.89928	6.4787	4.94154	3.04936	7.19949	10.8792	8.31813	11.3049	12.0887	3.92327	8.69294	11.1147	9.94586	4.59934	7.42426	11.176	11.3027	4.60087	6.00852	3.93324	2.44265	3.1156	1.39399	7.66666	11.0364	10.0556	20.2519	21.7376	13.4534	9.03747	6.23262	7.70378	5.30476	8.37713	14.6123	8.30009	20.576	16.7914	11.7639	11.8895	8.92037	11.0978	8.58332	11.3755	14.1086	8.7769	1.85919	4.67001	7.75716	8.37757	9.73249	2.45534	4.94894	2.54365	4.88011	10.1143	14.0264	14.865	12.2012	21.4298	30.0584	25.8882	12.0935	5.45216	33.0696	48.5681	44.8489	37.4007	35.0805	37.3936	38.745	37.931	37.8802	39.6118	41.1069	41.2091	43.3629	45.6427	45.5075	43.3358	39.2827	31.3475	14.3904	7.59569	10.2714	10.6635	10.9327	10.7879	12.8934	13.4042	16.341	23.9429	32.3765	35.8604	12.0793	27.6959	41.7278	39.7061	31.3683	35.6654	42.7361	27.6517	19.1777	17.8904	12.0126	6.72976	7.85349	8.05059	4.84238	6.64652	11.3178	12.7636	15.1853	41.2292	48.4991	46.1314	38.2526	35.8621	39.0929	12.8022	46.8798	55.807	30.6048	34.6319	35.4033	25.2715	45.125	28.1378	43.6953	49.92	43.4166	32.3905	30.122	28.0141	25.7235	20.0818	9.90782	2.81326	1.42249	3.3174	4.89271	0.659562	2.07748	0.595301	2.45353	1.93308	6.55028	13.9099	20.6693	36.6937	51.3978	58.8964	45.8462	58.7944	51.7491	50.1644	49.1666	46.4877	26.0766	17.1052	6.18242	17.4738	25.4163	23.3091	15.983	14.0585	27.283	20.5449	20.643	23.4249	22.4899	24.7266	32.0152	7.8015	17.6359	18.5438	26.5587	7.61959	11.8225	15.2063	15.4199	19.6744
23.2447	3.53311	11.2276	15.4197	10.7825	7.58182	3.23816	7.04991	13.6934	25.1255	2.54946	33.0553	29.1022	13.9956	7.53854	12.5007	16.1323	22.4527	20.6839	18.1785	36.3162	11.6942	18.9762	21.4403	20.6478	16.284	8.88586	25.3243	17.3354	16.6581	13.7271	3.78372	8.6486	14.2604	13.9156	14.2968	17.5626	18.5955	17.5349	11.4834	7.04653	7.67585	28.4334	16.5376	16.9506	28.0806	24.6514	22.5829	20.9168	12.5845	10.9866	17.8318	15.5245	19.2189	12.6136	15.7722	15.963	2.29702	21.8932	21.9138	10.215	5.98273	4.79895	9.03313	15.3365	3.5937	0.938253	8.31559	1.85631	20.9618	10.1119	17.5356	7.34768	5.47966	5.64346	2.91945	2.47545	3.19156	6.07721	8.17049	2.3684	5.40011	15.5586	11.9478	5.03249	10.3801	8.64168	3.42851	1.40471	8.66597	12.7458	6.37441	3.72214	2.36894	3.23109	2.9474	5.08759	12.9125	11.4805	4.15824	13.701	21.4858	18.1734	16.048	1.32678	8.57517	10.9849	14.7929	17.0485	10.3343	19.3012	16.6672	8.45744	2.75886	9.07243	12.0617	9.94522	7.97471	17.6175	14.7983	9.48738	9.82637	8.15312	3.40453	8.65653	9.69897	7.72605	4.15489	1.02388	4.07582	6.06593	8.18143	19.0408	31.1833	32.6699	22.9555	11.098	2.81854	15.6542	32.125	37.9434	40.0469	39.5887	38.5347	39.0005	40.4974	42.1458	42.3481	41.9853	42.516	41.6445	37.6363	31.4266	23.7778	14.5684	4.98199	4.67786	12.622	11.3751	5.40248	4.4383	8.38804	11.2697	7.01667	20.835	33.5723	15.8412	28.4948	45.7812	42.8523	37.4168	31.5324	21.7018	17.0536	35.5643	37.3375	27.4933	33.1988	25.4952	22.835	8.76581	8.97129	5.46618	2.92936	10.3844	13.1327	33.4222	48.9411	39.717	33.3483	31.9531	38.4854	49.2937	52.5111	24.9809	45.5236	59.8982	54.7069	39.2181	12.187	46.6747	46.1539	31.2274	30.1158	47.5141	49.6491	49.4918	49.3557	50.5646	50.185	42.4839	24.4841	8.33036	13.1184	27.2568	34.4194	30.8773	22.5724	18.9233	16.8255	12.3613	6.8295	3.89013	19.3675	44.7687	55.3403	54.7777	53.4001	19.3908	4.95309	36.3438	37.2807	22.8615	15.8599	7.49739	17.4364	15.1106	21.308	20.7605	23.0856	31.5511	36.4401	34.6685	30.171	27.2962	27.6343	30.6606	14.6063	21.4971	18.4473	28.1361	11.4294	13.2298	9.82785	6.92564	11.3752
23.7464	9.01566	10.5253	18.019	13.4161	4.6935	2.43442	1.4855	10.9209	28.5607	1.53864	36.4967	29.344	8.55775	8.35595	11.0177	21.3379	25.7569	21.534	11.413	35.7768	16.9544	19.023	22.1655	21.2632	13.3994	16.7721	27.9755	15.3702	12.0387	12.6917	3.01429	12.0165	12.7226	11.3219	13.0607	13.7352	17.1274	15.287	5.42029	7.98841	21.8433	30.6908	6.70055	20.8763	31.2657	25.8437	12.5442	12.4598	11.1063	18.5496	19.4421	6.69327	13.887	5.88837	17.3681	11.6632	11.5566	27.6595	20.9146	8.53655	1.66239	7.55125	13.1793	18.7893	6.89678	3.2854	5.30395	5.01004	22.237	12.0298	18.6017	12.3476	5.84387	6.48007	4.15457	4.35004	3.62516	5.19651	7.13621	3.62723	3.85574	4.93076	10.9331	14.7077	15.0292	8.10997	6.54875	5.50382	11.194	17.1326	8.09631	6.14418	1.21614	1.28565	0.899589	10.2972	13.0778	4.81973	4.6024	7.71187	15.5047	16.872	17.7832	9.76229	8.26309	14.6282	15.0263	12.2043	7.51365	15.2506	13.4464	8.81585	5.64304	5.61008	7.33406	4.46841	10.1862	18.6918	16.9447	5.90308	3.374	3.54312	7.33916	18.3294	24.2957	21.326	16.9962	12.1938	10.9149	8.98831	2.78681	19.8864	35.3575	32.15	17.9601	10.7026	13.2048	16.097	14.8846	14.2434	18.3751	19.332	14.931	12.1597	12.1011	12.9785	13.9212	13.4799	13.4444	11.3249	5.78413	1.39365	5.428	8.56606	9.56774	9.19559	10.4344	5.3132	2.41026	4.42918	10.6197	8.31898	8.31409	33.6115	35.3385	31.7645	45.557	41.5121	29.5156	17.5339	23.4346	16.7734	6.47326	21.396	34.7908	39.8725	35.6629	20.3271	22.3422	13.4951	6.1681	7.48489	1.89649	7.18194	14.586	35.1489	41.9237	30.0778	25.1508	7.88221	4.74199	18.023	40.7747	50.8158	31.2305	12.9392	34.59	47.4789	46.5242	14.1881	44.0996	34.3225	14.9269	29.5643	38.0956	36.5265	36.7052	40.9444	44.9829	47.8554	32.2168	10.743	16.1515	30.6614	37.1623	46.5047	47.8877	39.5133	28.771	25.3049	26.0546	21.4113	12.8876	34.1801	31.4956	7.22605	20.1222	48.742	49.3039	54.25	32.005	8.69041	6.44513	12.5184	18.2772	14.2446	17.0788	19.917	23.0418	27.4858	31.192	30.1685	26.1609	23.6366	24.3693	23.8507	10.299	18.5275	17.7487	26.7036	16.1273	11.9264	4.29327	6.51029	11.3027
24.5404	10.5804	11.672	19.905	12.0472	2.45564	4.00019	12.1049	22.2604	27.3269	8.38897	34.6496	26.9581	13.7774	9.50157	13.9377	23.7596	25.0956	22.3721	5.46115	32.628	19.0245	20.4157	23.6393	22.152	6.56273	21.641	25.5011	16.2341	10.3981	7.67226	4.85101	11.6634	11.0788	9.88435	12.9208	3.37571	12.5155	11.4857	12.8605	8.64135	29.1801	29.1459	2.00014	21.6972	30.6035	26.9741	8.98898	1.13736	8.46282	17.804	22.9591	12.4887	13.4203	2.32266	21.3926	4.62521	20.5526	26.9196	13.7797	8.55232	11.7352	5.57856	12.8961	15.6168	6.7862	6.02735	3.75329	7.32551	20.2791	15.3847	14.6939	19.4352	9.15518	5.41211	3.90531	3.73449	3.78086	4.83751	5.08729	4.9217	5.38929	4.84845	3.41527	9.1129	16.9335	17.0156	3.63463	10.1591	16.4635	18.4477	5.56589	8.00392	3.39094	1.92694	3.44467	10.9445	7.66937	8.02606	9.87919	11.409	13.5883	12.5728	16.8256	16.8472	10.5739	13.1654	11.4483	5.42209	6.33788	13.4529	14.9567	9.97393	5.91817	1.96817	10.2344	8.92776	6.9388	15.7539	21.3861	10.412	5.38959	5.82269	12.4707	16.7966	14.2638	20.827	28.2511	31.1893	28.2886	21.9892	12.064	10.7617	33.0686	42.9677	45.5767	44.5453	40.0496	32.6358	23.8361	15.9758	11.103	8.33702	8.60542	12.6306	15.9116	17.4456	18.1509	18.2353	19.8599	21.1518	20.2266	17.9995	16.1108	15.2697	10.5179	2.31253	6.73469	3.54819	4.53159	5.88773	8.46516	9.12925	8.57076	42.9909	32.8757	44.2422	41.9642	10.9138	18.5537	10.046	24.4663	19.058	14.3018	3.93684	6.5129	10.5942	13.5321	11.6066	19.919	15.3812	7.08657	7.40031	4.47724	7.50276	18.0071	24.3935	23.1789	40.0221	42.261	24.4622	28.4714	33.9052	5.5802	39.8611	50.1133	54.6749	54.571	48.0933	41.5197	26.3116	21.3725	37.9982	31.2315	14.9996	18.0787	15.1104	12.2935	10.1915	29.6272	47.0373	32.8505	18.9833	10.4778	26.9944	28.9205	26.8167	46.6577	56.4918	55.8224	55.3529	55.3697	53.4682	47.8727	51.9925	58.4827	59.1193	54.8914	46.1855	33.1725	58.4035	49.3239	18.3561	6.98068	5.66419	16.9842	17.1846	16.9006	19.1069	19.1078	18.5432	18.303	14.8954	10.7544	14.8678	20.4783	13.4778	20.9259	13.0806	25.7192	25.9069	9.38412	9.10669	11.2506	7.45853	10.2463
27.6697	11.6837	12.3029	20.9708	8.51017	5.89814	9.37209	14.5259	22.9035	18.7044	19.2586	30.5903	20.587	11.869	12.9639	17.8291	21.5375	20.3406	21.6905	8.22832	28.2428	21.1332	21.5151	23.9017	19.8032	10.0927	25.3893	17.6892	16.7563	13.2397	4.93724	5.56115	7.9397	8.29278	7.56184	12.701	7.11937	7.4523	10.0132	16.4687	12.5453	30.317	22.7208	8.24796	22.2353	29.0106	24.8314	8.32459	3.50148	5.39346	12.5132	21.5128	19.9563	10.8644	10.4091	25.5484	5.91725	25.6666	23.311	7.72978	15.4807	9.03909	9.85231	17.2722	8.64214	5.37833	6.95462	4.70434	7.21368	15.4918	18.3336	7.54038	21.444	14.1993	5.1679	4.76119	4.02446	4.69817	5.13452	3.559	2.5796	8.58976	3.78816	5.08361	5.68805	7.61316	18.9453	14.6962	5.2874	18.2373	19.4767	11.1525	6.93757	5.061	4.62338	7.08652	10.2558	7.5843	10.2901	9.22875	10.2627	11.2158	7.6525	14.1106	20.3655	13.4941	9.09043	5.71382	3.24967	5.62944	15.3012	18.6641	6.44043	9.40951	8.98206	8.96117	18.9815	15.9966	17.2167	25.5898	18.1843	8.97664	9.73777	16.8364	16.5917	17.068	11.2585	9.15178	13.8784	15.0214	18.1017	18.0978	6.12593	13.2523	26.531	34.1418	37.2157	36.482	33.3408	28.7269	21.9853	15.687	11.3684	9.22285	12.2149	13.6696	14.3974	16.732	17.963	20.0797	22.2634	20.5776	14.2069	6.65882	4.77026	9.23291	4.39057	4.89242	4.07387	2.57569	6.45913	4.65428	4.49844	13.2012	46.2387	30.9933	41.1906	40.7397	30.3023	28.861	18.4193	24.3258	14.9187	13.7787	14.4248	12.9841	10.8972	13.7455	3.48637	18.7501	16.3501	8.12189	5.49146	6.29678	12.3517	10.6217	10.7089	11.4969	18.6284	41.1662	10.7902	3.6782	23.3702	29.2785	6.64295	28.3716	37.4808	44.0904	47.7217	39.0648	15.2328	21.3065	38.2965	23.0699	13.5543	5.70929	14.8053	16.3206	15.7629	32.821	43.2768	35.4304	35.72	28.717	8.64536	24.1787	45.7667	42.3037	44.393	60.5545	65.1983	65.2191	64.5513	62.2024	55.049	53.3186	36.849	29.0089	11.6294	25.9013	49.4606	51.445	21.121	11.7238	7.55031	5.62563	13.9608	17.6849	18.7132	17.3552	16.6552	18.0808	17.223	8.15538	17.3347	18.398	8.90309	28.1484	2.43625	31.6897	18.8047	9.434	20.6583	24.3702	23.249	19.6968
29.5263	9.14286	12.6989	21.1545	6.93045	7.77404	15.4302	16.4191	21.8191	7.81396	23.1603	26.071	20.7097	10.9179	12.4665	16.3559	17.5383	15.5079	20.2387	12.9056	20.236	20.6523	18.4026	22.1186	10.2204	21.211	23.937	9.66928	14.8782	14.5335	6.74138	4.42814	4.67748	7.38709	8.96449	13.5796	11.9939	2.51163	1.38993	11.5384	17.3461	27.4913	13.7421	13.382	22.1329	27.4195	22.3668	8.00482	5.22937	5.40369	9.28876	15.4846	24.2727	5.58838	17.2648	21.3077	13.2272	28.4585	15.4523	10.7028	10.1866	8.16105	16.5985	10.6825	5.94531	6.57094	4.89775	4.73814	5.97006	10.1014	18.947	10.0278	19.6102	18.0854	4.26635	5.57014	4.60414	4.59485	4.44304	4.38062	5.97229	5.84442	4.83755	6.44401	5.42081	3.93036	14.7803	19.4222	4.77363	16.077	20.1206	13.7232	3.1526	7.93296	4.70962	8.45099	8.73756	8.05693	8.17141	6.13955	6.13547	8.89668	8.33889	11.4496	17.0531	17.4	10.3969	3.48713	3.633	6.45317	17.8497	18.8656	9.50706	9.62903	15.0691	7.70148	9.99373	17.4853	22.284	32.6344	25.2287	13.2418	5.004	15.9857	16.2932	22.3674	27.6959	28.0357	22.4752	5.57756	14.3641	18.8282	14.6475	3.24538	2.234	5.42392	8.52825	12.2817	16.2867	20.8067	23.1505	22.422	17.7029	9.62896	8.22596	9.82107	9.68516	11.0593	10.548	11.527	12.1565	15.5234	16.7086	9.12624	7.1732	4.86798	5.83434	8.20633	9.27647	4.22567	12.3747	30.6182	32.2481	16.7807	46.4268	35.2596	32.8697	43.5674	45.3351	40.8811	34.4613	30.3561	13.7557	18.5438	27.2465	26.2074	18.1033	17.1431	12.8228	7.02236	17.855	12.3725	4.59687	7.3895	16.3323	16.7927	16.893	11.596	14.5629	41.3332	26.0976	29.1165	24.2029	14.4303	30.678	22.4408	17.5909	15.6511	10.6493	20.3513	23.8924	29.0205	22.552	25.3332	36.8306	28.8404	7.34416	5.55415	14.3077	35.2789	46.5785	37.1794	37.8118	47.9778	49.9677	34.7685	32.4064	51.6349	47.4526	36.2458	43.5983	51.7704	59.7589	64.3351	59.4116	30.9997	27.375	42.5126	35.3793	37.8188	47.6507	44.2325	15.067	13.4014	12.7379	4.87952	1.39409	6.74459	13.8913	16.6432	13.9189	15.3304	20.5087	10.2904	18.7562	12.6904	16.5738	27.8721	5.18854	33.054	12.1821	22.0156	28.5293	33.4481	38.0005	36.7671
32.8311	10.442	14.8024	21.3438	9.64354	10.5184	17.0595	18.8181	21.3385	7.85892	22.6371	20.8413	18.9457	8.64367	12.5595	14.3912	15.1853	11.9847	16.7604	16.3515	9.03237	19.261	17.4553	18.4235	5.11767	23.501	17.4874	9.31293	13.0457	10.3688	7.63181	6.94323	5.74905	7.80561	14.6957	15.9424	7.47908	4.42605	6.3304	6.54562	15.2415	21.3316	5.52156	17.9685	21.7707	24.1026	19.5093	6.53185	6.53338	6.5548	7.47588	9.15975	21.8215	18.5675	13.5734	8.8518	20.9281	28.4063	5.11559	12.647	7.27319	13.7139	13.9788	5.81094	6.02593	8.16432	4.09999	4.93463	5.64275	7.40574	15.7683	14.8585	16.5178	20.2759	3.92621	5.85034	5.40371	3.75543	3.63837	4.27986	3.84449	4.2871	4.05338	8.71599	6.86105	4.90839	8.81686	18.8772	12.874	11.0381	23.0643	17.5975	4.13119	11.5225	4.82529	9.08063	5.56047	8.03169	6.68455	6.64863	6.8806	9.59796	13.0815	11.2424	11.7659	17.4507	13.4664	3.96973	4.43009	4.68072	17.6033	17.6079	8.35066	11.7621	16.7364	10.5376	1.9201	1.3657	12.8281	33.0942	27.9541	14.3838	2.52992	9.75003	4.74146	7.42809	14.052	13.3604	18.2157	11.296	11.1262	18.0271	24.6352	26.6371	23.6794	17.1157	7.9183	2.13335	4.43778	5.4262	8.04804	14.3389	17.8911	15.6447	14.1081	11.5201	11.2238	10.4216	6.12482	8.5305	6.17869	12.1469	23.4288	17.3208	5.09476	3.91783	10.9561	12.6231	14.0127	6.57052	24.743	45.3371	37.01	32.5748	43.5289	32.5806	17.0932	9.05806	5.19284	10.6423	32.7318	38.2626	27.1309	21.956	12.4887	20.387	18.9285	15.92	18.2447	11.5111	7.1247	15.1303	8.81765	6.10856	12.2625	12.4241	9.1946	3.69362	14.9899	37.2306	34.1761	17.5697	12.76	18.3059	13.8554	37.1521	30.9496	10.4893	8.51257	37.1606	44.3819	47.9102	44.5174	38.4865	21.9193	16.7534	21.1242	16.9058	14.1174	5.77133	34.5777	33.9092	19.4224	28.7984	43.3812	50.5366	39.883	31.1195	43.2958	51.9637	46.6896	27.7829	12.6648	15.2736	42.1871	38.2648	42.5671	49.0386	37.4636	35.6359	42.3378	29.8531	10.5917	10.1826	10.8942	9.18477	7.95327	4.86772	3.35453	10.0582	10.5022	12.6854	19.0543	15.8293	18.4917	11.5254	18.9126	26.836	17.9648	32.1962	11.8785	28.5117	29.1446	12.3357	8.22356	11.5538
35.5653	11.7431	14.8934	21.367	10.8286	15.9012	15.9697	20.8113	17.4282	12.7191	22.948	21.3943	18.5846	1.09233	12.3565	12.8905	13.1556	10.6041	11.5005	15.9899	5.67843	11.7718	15.797	8.36209	18.07	24.6917	14.2861	10.063	12.616	4.89905	5.48441	5.86009	5.57975	8.70605	19.5573	10.8179	3.19473	6.7166	4.58468	13.73	21.7299	15.424	5.97169	21.4515	21.5773	21.6009	15.7009	4.4901	7.96903	7.80321	6.82264	9.04343	20.1969	20.1246	15.4752	2.15551	24.2609	25.3358	8.45505	7.77242	13.5817	13.7643	8.31698	6.95643	6.96096	5.3974	6.73996	5.27923	5.32856	6.94128	11.9179	15.8078	12.2086	20.7485	3.6593	4.36823	5.72253	3.62066	3.47743	3.30453	3.16343	3.04916	4.65774	7.18614	6.49033	4.10077	4.66491	13.4951	18.2498	2.86026	21.6547	22.705	10.0149	10.2976	3.58181	9.72431	4.82463	7.22364	5.28224	7.18	12.3344	14.4656	14.5445	10.959	10.9301	13.8829	12.6639	4.07107	4.14842	2.08203	13.6444	13.4813	11.1215	16.9625	20.0032	13.6062	3.84534	11.8404	20.421	30.5947	28.1626	11.4681	9.39457	18.0747	15.7698	13.7063	14.118	11.7878	15.7762	14.6145	5.22851	28.4153	43.3446	48.3482	48.684	46.834	40.8148	25.9538	6.96082	3.08181	0.68481	4.87363	8.53814	9.84777	13.682	16.2156	13.4067	5.43317	6.63113	6.3723	3.2728	2.68748	24.8644	26.6293	4.30338	12.9269	20.5552	13.4906	19.3393	5.07092	31.2346	43.8837	6.58464	35.1725	40.151	6.91604	36.2512	39.2854	36.0466	23.9236	10.3005	31.142	30.4403	16.1874	11.4263	8.7705	17.3469	19.6287	19.1637	19.6637	13.9378	2.41823	8.81712	7.66677	10.0082	15.1961	17.196	22.7717	27.6994	27.3928	28.9033	25.519	6.04298	19.076	22.8554	30.1932	34.1416	14.8018	7.22122	41.6639	50.8488	44.7425	48.9522	55.5242	56.265	48.9649	28.9704	6.7552	12.1603	24.1042	21.9334	18.1049	12.7344	20.2091	13.9087	34.4253	44.2177	40.1114	31.2889	35.8839	41.7613	46.5836	52.2309	53.0697	45.6386	46.0965	54.3068	49.8394	33.5131	30.6879	31.2523	16.7264	10.2386	2.37513	10.1663	15.693	13.354	8.9201	4.29479	0.651996	5.03995	8.78581	12.8217	14.7057	15.8717	9.40928	15.075	22.541	23.8694	25.5362	7.67684	25.1981	32.9107	30.8331	32.5688	35.9912
37.0856	15.9074	13.8722	20.8636	11.5559	13.6678	14.0352	20.7441	13.4709	15.9661	25.1297	23.3074	15.9977	7.13717	16.0485	13.2813	11.193	9.41116	7.54437	12.5446	11.9402	6.27878	8.7144	6.86984	23.4902	25.6831	12.5154	8.84728	10.2538	1.11682	2.46635	2.6997	5.22841	10.8795	19.7977	2.17016	5.04252	4.12261	8.39233	19.9769	25.1175	11.5278	12.5842	23.8032	21.1573	19.5175	11.0351	6.78438	7.65678	7.84066	6.49182	8.55606	20.33	19.8491	15.2	3.78623	24.7312	21.1804	9.42144	3.96734	18.2059	8.31427	5.01827	11.0265	8.24667	4.67087	5.72113	5.4418	4.75172	7.24145	10.1782	15.0486	8.79038	20.1341	4.52053	3.67949	4.72413	6.53849	5.57179	4.82044	3.64198	2.67996	6.80918	5.03463	4.03614	8.23084	5.26137	5.09018	14.0238	14.3737	7.99772	21.1995	16.1132	6.63499	3.90713	10.0958	7.32831	5.90591	4.77209	6.84304	10.8664	12.2959	11.8569	11.3783	10.2001	9.36071	8.73348	4.33109	5.09692	3.91131	10.3319	9.2719	8.34784	16.4317	22.0419	24.4101	19.3544	16.2868	11.946	25.0707	28.1364	4.17101	21.3224	20.1612	15.8781	16.9667	16.7512	12.894	16.3121	20.0667	23.4446	31.514	28.3014	28.4775	31.7479	35.5542	40.851	42.297	31.2391	14.8566	6.10635	8.09458	10.1504	8.83565	7.54483	8.0033	7.06899	8.89525	5.47732	3.59309	6.50879	10.6093	18.2828	32.5342	21.1503	28.215	29.4424	25.1123	27.6512	3.56532	28.2344	36.9141	28.084	4.97875	5.96414	20.3914	30.9193	10.8846	18.5478	21.793	21.6231	10.6959	19.2655	26.354	18.8411	21.255	18.5271	17.7949	17.313	15.1172	13.1437	10.2743	2.80455	4.0549	7.9119	16.921	27.3124	26.8061	19.2259	18.3813	22.015	21.8922	8.68273	3.62831	18.5796	29.0398	29.6025	11.1131	1.46268	35.1678	55.3481	51.473	24.8286	7.86049	10.5736	35.276	44.8014	43.4592	37.6568	29.7296	19.7997	15.2199	22.6947	13.1903	20.4815	11.6997	9.27816	5.50472	9.48837	20.142	22.7442	13.9377	8.64934	17.0171	23.3301	42.1663	53.8131	41.0866	23.2524	20.043	17.8716	10.8949	5.53107	7.54533	8.36849	10.0333	15.6125	9.43623	3.65077	3.0883	1.26816	5.78946	7.3075	7.37893	8.15896	3.71747	9.137	8.92618	11.0006	13.0612	2.36332	16.2547	18.066	19.2363	23.4576	16.3671
36.7028	23.4274	10.3317	18.6077	18.5459	5.48513	10.455	18.4854	9.84433	18.4368	30.6399	24.1039	8.176	10.1931	15.37	12.8894	10.4425	8.1119	5.03637	8.74652	14.2294	11.0468	4.78235	8.24321	26.1111	29.3502	13.5472	10.4449	8.22242	3.6782	1.89796	4.34484	9.89573	14.1496	13.5263	7.11187	3.42439	6.40238	12.4592	22.7915	21.4254	4.81984	19.7942	25.2444	17.7956	16.2078	7.05905	7.5612	6.98785	7.80726	7.39015	9.66911	19.8115	22.504	13.6787	4.79101	25.0509	16.6678	7.89728	9.67565	17.1668	8.21229	5.1381	10.9587	6.96299	4.20684	4.23616	3.87478	2.33993	7.46164	9.52605	14.3824	6.0901	19.4806	7.35703	3.09867	3.05577	6.0869	7.7866	6.45322	5.95253	5.6175	7.95666	7.47476	5.3034	6.82023	7.73494	5.61141	4.57425	12.1013	7.13774	13.9153	20.592	7.03834	3.90215	9.55481	11.1247	9.25192	7.8247	4.49871	10.2156	10.7458	8.41541	9.91407	10.5244	9.97387	9.07823	5.59522	2.30305	6.13934	5.38109	10.1017	8.30747	12.3481	15.5182	18.9724	22.5944	21.2215	13.8702	23.9097	28.8416	6.95378	19.7646	8.02177	5.74702	4.12476	7.27736	20.1693	33.6347	35.7193	29.9802	20.076	8.98447	16.2097	21.691	20.6282	14.8481	20.8025	33.125	35.3954	24.0768	12.1903	19.1507	23.8959	26.2399	16.1329	7.27499	6.20977	7.55276	4.21267	4.07779	13.7539	9.5729	19.3158	18.6754	31.1097	29.9034	37.4189	35.4112	20.6183	34.2826	28.8793	17.8653	32.8477	39.3436	30.4803	23.9828	6.11439	10.9818	20.8934	27.4744	27.1797	17.6392	19.5327	1.75441	3.89882	17.363	10.9934	10.6227	12.9548	9.31102	8.42299	7.83757	3.82439	1.06297	9.10439	26.6099	35.8803	32.0189	33.3327	35.7403	30.4213	13.9698	13.5853	18.8627	21.9948	19.8647	7.33846	5.68876	25.6086	49.3222	55.8966	56.8752	56.4548	54.225	47.7131	32.9101	12.7091	12.4083	29.0068	43.5525	47.6497	46.2827	40.096	24.2662	16.0462	15.3212	15.2035	17.4585	22.0415	32.2397	44.3714	44.1714	37.1278	27.1097	45.4397	48.3522	36.7412	37.6181	24.3401	12.6486	9.52533	6.22606	5.80766	12.2283	11.8719	16.3555	8.72235	2.32946	3.01987	2.18408	2.22123	5.16785	4.60851	4.26157	2.22906	8.15401	4.53199	7.4464	6.02631	9.59358	10.401	8.39974	11.9204	4.35359	11.5291
33.8439	26.6862	9.61736	12.8134	19.7685	9.59474	10.4512	15.4973	6.1988	21.9946	33.3979	19.9938	4.90786	10.7569	13.5431	13.1026	10.9377	8.5464	5.7609	3.22714	13.6822	14.3369	6.71814	6.81648	28.5164	33.0731	15.1151	3.37176	0.882594	7.60878	5.14497	7.0617	12.446	14.1965	5.77078	11.0642	3.70885	12.0697	13.7112	20.6086	13.8434	5.99601	23.7485	23.2808	14.1359	12.8287	4.82103	8.82687	6.7403	4.88457	6.11079	10.8858	18.8021	23.4359	10.5863	5.74511	22.5065	15.4775	11.0306	13.3429	13.7211	8.85715	7.06144	10.2648	4.26845	1.96436	2.9195	5.11065	3.27137	8.6126	8.8415	13.523	4.35659	18.7562	11.0525	3.39788	2.67832	4.20995	4.15467	5.07306	4.84436	5.15167	6.06337	8.16427	6.53885	4.69614	9.57749	5.61246	6.26763	11.1441	15.4303	8.70286	23.0207	14.3749	4.70044	3.01721	6.52498	9.87499	12.3953	7.92438	7.56943	11.6228	7.53954	6.96453	9.38437	8.52572	6.95454	5.11842	4.7656	4.70179	3.64575	8.9167	11.6881	13.1043	14.6656	12.3275	13.3444	14.9934	15.5581	21.0066	25.367	8.22154	17.1509	17.3722	19.5721	17.753	19.6032	26.3338	24.4419	19.514	14.9662	14.3328	14.298	15.344	22.238	27.0142	29.8992	27.1556	14.2752	14.0206	25.849	21.0315	19.8305	12.799	28.7585	24.1534	10.5486	4.8215	7.34569	4.79215	4.6647	12.3635	22.4557	20.4913	18.3891	24.7483	22.1383	24.5942	39.9402	33.9558	32.3816	7.03353	20.9036	28.712	21.6616	19.4071	20.7805	12.7201	9.72101	16.8406	14.9759	16.1381	19.9089	22.2231	16.2713	13.8687	20.0082	8.39572	8.12036	11.4029	7.43225	6.13703	5.59221	4.93604	2.33998	4.62463	16.0287	29.9124	32.9906	40.9147	47.4857	48.4129	39.5222	27.684	21.281	17.3906	7.49107	3.73769	4.53717	13.8603	34.3603	43.6223	47.1234	47.5481	48.5434	51.6234	53.9409	52.8002	48.1715	41.9601	30.7924	12.9784	9.57954	25.5333	17.6301	15.7864	15.619	15.1887	18.5557	25.5285	31.2964	35.6652	13.8488	30.6399	32.3982	53.5507	47.0632	25.6915	41.8764	37.9932	21.8814	12.8896	9.11948	2.67689	6.37807	11.1304	11.5143	5.51569	1.79875	2.03611	2.97053	1.5036	1.51973	3.84873	4.29147	4.02708	8.60376	7.87063	10.4335	1.86585	10.2181	1.59838	5.01817	10.2589	15.2734	13.923
30.6357	27.5409	9.60337	11.1632	13.8898	14.426	14.309	11.1939	2.73465	24.7473	31.2855	16.4854	9.86167	10.8814	13.4227	12.4724	12.4889	9.47501	6.75485	4.48968	13.332	15.4796	8.0258	7.45375	30.6713	33.8578	11.9282	4.44331	5.216	8.61383	7.57795	8.31591	12.8106	15.8031	9.80428	14.031	7.5541	15.7378	19.4405	17.752	5.9868	12.7419	24.2065	19.6847	15.2899	9.53901	4.41104	8.88573	5.34563	3.40219	6.57085	9.72123	16.9366	21.6969	7.67926	6.43711	15.6572	14.4092	10.6832	13.1665	11.4797	11.6253	9.52834	8.97545	3.29189	2.9798	2.17596	4.93774	6.18222	9.41717	8.24387	12.2216	6.96749	17.0194	14.4652	3.80112	3.70909	2.34792	3.49045	3.87821	3.62325	4.77828	5.89121	4.92234	7.76456	5.23078	5.06047	8.40302	6.77569	11.2023	14.2311	6.16767	22.0485	20.8385	3.13655	5.17786	7.71673	8.06578	9.77531	14.5193	6.05574	7.88947	11.0682	9.99191	11.6627	13.8347	11.6007	4.83283	2.2938	5.06724	7.93268	6.64655	8.62712	11.8233	16.9578	17.6714	16.1141	15.5513	18.9818	22.7972	16.5396	9.3104	6.07796	3.66585	10.7235	10.7595	14.452	24.4729	26.4115	28.1149	26.9658	27.3438	25.5612	12.3348	18.5405	22.0584	24.7264	26.9037	32.0533	28.7283	15.4755	2.30118	11.3357	2.96552	25.8474	22.9613	11.78	4.73461	10.3816	10.0394	10.1991	11.5747	15.2091	10.6708	17.8408	28.2056	33.1011	20.0939	18.1629	12.8349	28.7123	36.8803	30.8678	16.7648	13.8461	14.2905	13.1107	12.9965	14.5076	13.938	15.9259	9.02	15.4663	9.46435	6.52541	8.05466	10.4222	8.07355	7.05828	8.94454	6.52502	6.96844	6.82563	5.55568	4.78302	4.06536	8.7036	18.0524	25.2387	26.7872	34.734	41.3814	48.2592	47.799	30.7206	9.18757	6.65293	9.62231	10.7067	3.04869	14.5319	20.5977	21.132	20.1933	24.0603	27.8097	32.1504	37.1829	42.2136	49.2952	55.0947	56.5183	52.9065	45.2186	37.096	36.0487	37.5736	36.3883	36.7077	40.6526	46.1673	52.9992	51.6315	37.0777	8.3248	52.113	50.7047	17.431	27.445	40.634	32.8225	21.389	17.6731	12.3446	7.5701	4.67142	4.72379	4.06051	3.08659	1.96392	2.66777	5.61433	7.3307	5.31499	1.76699	3.59125	7.5001	10.4777	9.41003	7.65507	9.77129	1.64377	13.3467	26.8305	29.4761	24.1264
25.9025	28.9353	10.164	10.6081	10.7363	16.0054	16.2518	9.23532	2.0316	23.6314	28.6019	14.5049	11.7507	11.8217	14.4334	13.7003	13.0229	10.753	6.23459	5.01688	13.692	15.2367	7.95446	10.597	32.4616	31.0314	8.48616	6.50977	7.31204	6.49026	9.40895	8.28299	12.5508	16.9494	9.83164	13.0631	7.88005	19.0047	21.7225	11.8799	2.93459	19.5491	24.8276	16.5342	15.646	5.11266	7.6459	7.6351	3.59742	4.65576	10.5359	10.2261	18.0018	20.3583	4.9851	5.58075	7.50731	10.4993	15.2736	12.2761	12.1348	12.9051	8.58692	7.50188	4.21977	5.6543	4.22766	3.38396	6.86757	8.17411	6.75609	10.4125	9.70031	14.6169	17.5243	3.53034	2.90484	2.66571	4.3032	5.36474	5.48103	9.19984	9.80438	7.35965	7.30694	4.51899	2.9217	7.7725	9.24271	8.0816	11.7049	7.61104	17.9783	22.1115	11.2875	4.58559	7.22083	15.2334	7.81531	9.79551	14.3867	8.01116	4.68462	6.46403	7.57285	10.2052	12.5121	9.5325	4.91062	4.78662	7.01067	4.50219	5.99408	8.4447	11.5514	14.0227	14.9157	13.988	14.0871	16.0474	6.28723	17.3609	12.5426	14.8093	12.0882	9.144	14.5648	24.1557	32.5035	39.5636	37.4424	29.808	22.3263	22.3825	26.733	32.6365	15.7647	11.7032	16.7651	22.0836	24.3982	24.3194	17.5931	3.80605	20.8452	21.6574	18.62	12.6241	10.6248	8.32159	7.43441	5.85129	5.59561	9.82269	3.25669	14.0062	23.9385	36.1362	19.2231	27.8573	13.6151	13.0976	9.08226	5.47132	7.76614	12.0869	11.3357	10.9511	13.0753	11.3676	17.5034	12.0039	11.7346	6.84002	8.914	9.04502	7.72793	7.72633	6.80155	8.12425	8.39686	9.76945	7.25736	3.43732	4.71027	2.99995	4.94257	9.24975	12.4811	8.31558	29.1533	27.7404	36.8031	49.9664	37.9144	6.26243	7.60985	4.63201	10.1639	2.11724	7.78909	8.97234	11.0539	11.9276	14.0146	14.8277	15.9079	18.2505	21.99	26.7752	31.6269	36.7682	40.3995	39.9933	36.2877	34.2373	34.0956	33.3966	36.5339	42.1238	44.3758	44.7041	48.7951	53.7865	48.6626	35.8061	47.5393	36.318	18.3935	30.2674	33.4598	22.1355	23.911	23.2517	16.6139	10.4142	6.91828	6.20625	7.1357	6.67568	5.74093	12.0452	13.2924	14.8596	4.19068	0.493243	2.50368	3.10764	1.85611	8.12815	10.066	18.0501	33.6759	40.8524	40.8631	39.9986
18.2501	29.3445	13.6726	8.40704	7.34563	15.6403	16.0238	8.14923	3.15367	23.2887	26.1012	8.07421	14.0409	15.7201	15.4377	14.217	11.3195	10.345	6.40432	6.80836	13.8407	14.7599	6.3455	16.0526	32.4383	26.0945	7.47942	7.69529	8.82843	7.9682	11.1902	11.1901	11.5487	13.561	13.1566	13.359	13.4613	23.3127	18.4559	5.47525	6.89337	23.8367	24.0698	13.8512	12.1232	2.79903	11.1162	5.14467	2.47422	6.92148	13.6152	13.775	19.3524	16.5931	2.27742	7.24851	9.63339	12.7443	16.0932	15.3316	12.8239	10.6175	6.89082	4.16382	6.82417	4.79345	4.96347	2.46964	6.57234	6.98908	5.38228	8.50125	12.0375	10.375	19.9617	4.73634	2.44416	3.43381	3.59568	5.24588	3.50768	9.2357	8.89303	10.1673	4.0496	4.87651	4.96149	9.77493	8.79601	3.89311	12.83	12.1759	12.3963	20.0614	14.29	11.5297	3.2117	12.0944	13.8119	5.84614	11.4086	14.2609	9.25006	7.86076	6.67069	7.04033	8.90572	8.62103	8.02343	8.70029	8.03683	5.1339	3.63901	4.66868	5.65322	5.24653	5.23472	5.18491	5.24615	6.83426	10.7924	22.515	12.4213	14.1129	18.8893	20.6858	16.5933	23.8599	35.8913	24.3351	12.0413	15.4382	20.9276	35.5045	41.1714	49.5307	28.5566	6.00137	3.90518	15.7288	23.5152	17.4043	11.0327	15.418	4.23786	21.5352	27.9998	27.5032	20.4506	11.2119	7.7278	7.6385	4.2497	4.93064	9.88123	5.80197	8.80508	30.6538	27.6119	10.0036	21.8115	27.2338	17.7211	5.43778	7.70778	7.59848	7.05595	5.93319	7.13541	7.2606	14.3262	13.8348	9.93774	7.14934	8.66913	9.0713	7.64943	9.10098	6.07846	7.52182	9.35545	10.6293	6.06896	0.31346	4.33538	4.57502	2.7042	4.46957	4.24828	6.54252	29.1028	37.5746	43.4512	47.2069	33.6986	3.72361	3.2055	5.67291	9.78325	1.02962	7.97268	6.05673	4.00861	5.53736	7.79762	9.24061	10.6923	11.1156	11.6356	13.2374	15.208	18.7907	21.6949	23.0664	22.4047	21.7927	21.3567	19.9209	19.2229	18.0721	22.2943	24.1339	28.4772	41.6978	51.6639	45.1281	14.1247	43.6971	34.6276	26.6429	31.5573	13.6914	10.3326	19.2711	15.3812	9.55647	7.50032	14.1234	25.1522	25.8468	14.4287	14.7075	10.6008	18.5815	10.4768	5.91734	3.06653	0.623754	1.98972	8.78859	11.9955	23.2917	34.796	25.7301	10.023	9.31908
9.39807	24.79	17.9766	7.29324	7.27264	16.8519	15.746	6.35108	3.20728	25.6572	25.294	4.50975	11.4425	13.4124	14.105	12.1986	9.45373	10.0513	6.69488	7.89364	13.8333	13.3961	3.43808	19.9606	28.3159	23.2661	9.46335	7.68263	7.11476	7.18308	9.02393	11.6665	10.8627	10.7386	14.7922	14.0729	21.613	25.2803	12.5586	1.72294	11.8676	24.8924	21.456	12.9714	7.61809	8.90226	11.0196	5.39512	3.1067	12.0567	12.6251	11.3437	15.2499	11.0261	5.05943	10.6649	12.4642	13.7971	15.9992	12.9798	8.77081	9.60274	5.41127	4.05562	2.96605	4.93734	3.24086	3.09058	6.37947	6.54977	4.47505	6.74563	13.85	5.54286	20.9246	7.19643	3.39252	3.05893	2.68391	2.76289	4.48745	10.6193	6.22721	6.35801	9.92007	7.2075	3.97169	12.1453	9.45951	5.11176	9.85781	15.7586	6.90803	17.9289	15.873	12.7285	7.66569	6.57378	11.5432	13.1918	5.78293	11.5094	8.10363	5.78194	3.63812	6.02625	6.81253	5.36714	5.91272	8.87492	11.0535	8.32242	4.30668	3.29218	4.28059	4.09312	0.265527	1.72594	7.17755	2.88757	19.566	21.4829	9.96369	8.66361	16.0671	22.7705	24.3383	16.3604	29.8666	37.2036	38.9541	28.2585	21.1649	31.9355	16.9465	49.7141	32.5378	16.252	8.18656	23.1973	19.8469	11.2846	12.4691	2.64176	14.38	9.03913	5.51969	12.4722	16.1024	15.2119	11.5421	8.14253	6.79444	4.25784	1.55588	7.93261	14.6448	3.02476	19.915	22.7957	17.4575	4.71696	18.3855	16.8279	12.5106	6.43699	1.84388	5.26065	7.50952	6.17792	9.67749	12.7108	11.7924	8.2069	8.07792	8.07578	7.36837	7.91752	4.9651	5.50656	8.58719	9.68879	6.67235	0.662952	3.68098	6.36685	1.7619	5.20418	18.3052	32.0987	40.9	47.6488	46.5999	38.104	21.8011	1.67879	1.32937	5.98483	7.11963	0.937538	7.60727	5.00459	4.48456	4.78758	5.44437	6.65239	8.37457	9.0913	8.91133	8.72551	9.00163	11.2477	12.9408	14.5831	16.1351	16.9258	15.988	13.7842	12.6635	13.2925	18.6584	21.7927	23.8468	27.5924	33.7557	43.0835	33.826	24.4982	39.8325	36.0838	34.8605	15.5399	5.61887	16.7489	16.3457	8.13105	7.71522	18.948	19.8652	24.405	15.3744	25.4189	25.1643	28.5364	20.8171	18.2818	18.1472	13.4446	5.20416	6.00646	13.3018	27.1116	36.9819	35.6953	39.4741	41.9076
3.11424	18.2632	18.112	8.23443	9.64623	17.5697	13.6628	4.59284	2.75444	26.2781	25.0692	4.76642	10.5161	7.80181	10.2415	9.5234	7.59382	8.75505	5.60941	7.45233	12.9187	10.3653	1.47939	19.589	23.9992	22.8367	7.94443	7.1731	5.52761	5.24669	4.12398	11.1484	13.876	9.16163	14.837	7.92508	24.1419	19.4866	4.83116	6.21908	17.2036	22.4588	17.7632	11.7192	6.2287	11.705	2.35548	4.70967	6.24057	14.2935	10.9128	9.97175	13.0589	8.54185	8.24245	13.3439	12.554	14.4175	11.3099	6.36763	8.14564	9.44485	4.97301	2.08806	2.30712	4.23964	2.62016	3.89972	6.01371	6.20863	3.47625	5.5133	14.9988	3.44263	20.9449	9.31509	2.46269	2.08422	1.49169	1.52099	2.92627	9.72343	7.90804	5.6977	9.96748	12.5013	7.21445	7.28496	13.8956	5.38717	10.3403	14.0492	3.36925	15.7074	16.2508	11.7567	7.04145	3.42114	9.04468	14.0581	9.98028	7.85411	7.18395	4.4374	1.54785	6.47575	7.07992	4.43453	3.93003	5.3381	11.3973	10.1523	6.16661	4.37902	3.28394	6.77741	0.864238	5.90475	9.86637	8.19671	25.0586	15.3829	5.92972	9.16158	12.6173	15.5118	16.0873	17.2014	7.93082	22.3107	19.1109	17.5773	18.3183	38.7659	43.8804	40.845	20.558	20.464	13.6716	12.6209	23.3525	23.0954	9.28292	24.8797	13.9527	9.49329	11.2354	7.64491	3.83451	3.61549	10.1971	12.4122	13.5198	11.0161	9.50817	5.51184	6.8241	15.267	11.8283	7.59609	19.3359	27.1977	18.1307	2.33711	15.6704	19.3885	12.875	4.97853	7.17118	6.23744	7.41922	8.0807	8.03885	6.58447	9.29699	8.4098	5.7628	7.02708	5.36658	0.949669	9.27478	10.9025	8.61106	1.83394	3.2208	5.33846	9.60873	28.381	43.7067	49.18	48.7572	46.3828	38.6277	27.1513	13.3562	1.91928	3.02152	4.23065	5.82628	1.83769	4.96034	4.3697	5.71759	6.04694	5.03164	4.92396	5.47925	6.05086	5.52202	4.72853	4.6495	6.05745	7.0823	8.186	9.2743	9.72533	8.89202	7.45429	7.7361	9.18724	13.9107	17.7376	16.9297	14.7743	17.0843	35.2996	42.9924	17.5644	34.5211	44.2694	36.829	4.53208	24.6364	34.3706	34.3347	23.3197	22.1922	25.0527	10.0344	22.7264	9.30936	36.1572	35.9236	41.9356	34.9096	27.5717	27.3182	27.9081	23.234	9.0866	5.84364	22.0498	24.6561	12.3145	7.09857	4.95968
2.28205	14.5394	16.8106	6.3734	10.3344	16.0852	11.1286	4.06096	4.29669	25.4636	22.4463	6.78429	12.025	10.6346	7.39237	3.94079	4.75756	8.59583	5.65014	7.9988	11.0199	6.53872	6.67038	20.1287	22.1767	21.9675	6.75511	10.7322	7.21911	7.56933	9.49047	7.77825	16.4762	8.50279	14.6755	13.7181	23.554	9.66558	3.79459	11.3351	17.5503	17.6934	14.1014	10.3775	11.6944	5.85625	9.26666	3.52958	12.8635	10.6901	7.67743	10.3148	12.5699	7.38369	9.98108	15.0454	11.892	13.4258	8.56838	8.21737	10.2392	6.85005	6.14946	6.73015	5.75201	3.11804	3.92882	4.09128	5.70523	6.07186	3.31303	5.47075	15.8391	6.78604	21.1723	13.3849	2.42932	3.0312	3.51825	3.28546	2.87961	7.00107	6.12445	10.0973	7.53061	5.71149	12.083	10.258	3.99329	14.718	14.1899	11.4715	4.0843	13.1485	16.4889	13.1835	7.78885	3.87662	7.80906	12.5256	12.3563	4.36231	6.01868	4.40295	5.82136	6.96621	7.93459	5.14222	5.87602	5.20994	9.31292	10.6009	7.50218	5.52782	2.57073	9.06318	1.31213	10.8161	8.44462	12.4812	24.9775	14.1996	13.2367	17.5067	21.9815	27.1739	25.0426	19.5476	19.9419	4.37032	15.9713	22.4098	35.7799	42.0895	37.7076	19.0236	8.72633	17.8924	8.45132	3.40759	5.57757	19.4117	30.0304	10.4851	30.264	24.3208	10.8782	7.102	5.71664	2.63919	2.50853	6.66323	11.4488	13.4831	14.3533	14.9988	15.0563	7.6774	8.16022	12.7054	9.70834	3.94903	8.53677	16.104	15.1997	8.60946	10.6889	13.1029	12.9275	10.0323	5.7739	6.36767	4.8607	4.08893	5.86956	5.19466	6.97396	6.9242	6.10794	10.3619	12.2171	17.7939	19.3948	15.2803	14.3191	23.2435	36.7498	46.7002	49.0094	43.5664	36.0527	31.1439	23.7794	17.9429	10.3871	3.41525	4.31533	3.5051	3.78155	2.77767	3.27318	1.75429	1.81024	3.29645	2.10627	0.473261	0.224786	1.22664	1.6519	3.28826	4.38501	2.93232	0.750654	2.66163	3.26943	3.56608	4.43112	4.85962	6.36433	7.57302	8.99685	11.0667	13.1236	13.828	16.4461	29.971	44.4028	37.6114	40.1956	29.5029	40.0364	49.9869	50.636	49.6418	52.4166	47.5801	41.0567	39.171	36.8994	39.1571	34.0419	40.8433	37.1291	46.5525	48.9131	40.5424	34.8983	36.2803	38.9482	33.8236	15.551	19.4131	21.0252	7.3021	6.90663	18.6675
3.58847	11.7319	17.7663	4.16131	12.0462	14.2108	8.92254	2.98945	9.2225	22.8421	16.591	9.97152	13.2069	12.6318	7.29972	3.39946	3.90463	9.06396	5.8124	6.89379	8.03619	2.92776	12.9584	22.1616	17.5182	17.0671	8.62711	12.5781	5.43258	6.16962	11.4496	9.77576	10.7376	15.3869	9.6836	17.9329	16.9064	2.08933	10.353	12.7366	13.6886	14.6854	9.13519	9.6575	6.89818	9.59304	10.1204	7.9051	15.3555	6.12244	5.91601	12.1065	11.7242	6.02144	10.6781	15.9386	10.7704	10.5012	11.1869	13.219	12.3967	4.62217	7.69907	8.81356	7.23301	3.51653	3.89424	3.83927	5.27632	5.6136	3.17245	5.9569	16.2142	9.41973	20.339	17.5534	3.61278	4.36936	5.31651	4.61578	3.22473	5.02198	5.39226	7.40767	9.10967	7.14318	9.2703	14.6512	12.3319	8.63968	20.3321	14.9059	2.9725	9.47461	15.855	15.664	8.65581	5.24709	6.4739	10.6696	12.0021	1.64061	6.08946	5.63989	6.90359	6.69333	8.04451	5.86183	6.59225	4.70874	7.90157	11.1277	8.13564	5.25984	2.4051	10.7042	0.796372	13.7696	7.48747	11.5008	20.4795	14.5493	10.2702	11.801	16.3784	20.4057	25.5943	23.7735	10.7342	6.83419	7.33879	23.1824	27.2472	23.5022	24.8353	18.7198	13.6244	23.8158	13.8487	11.7782	6.15365	8.05741	26.1328	28.7793	3.09185	19.7051	8.51993	3.82465	5.72751	4.52045	7.89594	8.87578	4.27368	6.83313	13.5842	16.6367	18.3404	21.74	14.1879	5.8316	12.0903	16.4719	15.1528	6.19963	9.18699	18.2817	15.3175	3.26859	8.64842	15.5805	16.4331	14.3576	8.71342	7.28708	5.60059	4.02621	4.63468	2.77744	12.432	15.7984	9.59147	14.2083	21.4668	25.8515	30.1762	39.6023	44.7851	44.3492	37.0275	26.0645	19.4817	17.96	15.4505	11.6796	6.01058	5.592	7.03803	3.55387	1.09025	4.01588	4.81601	4.16864	3.69998	3.73161	4.10712	4.00884	4.00449	2.92979	5.60514	9.76396	10.7898	10.1845	7.52589	3.99997	1.82151	3.35006	3.44979	1.04219	3.93692	5.68056	6.15594	7.47813	9.77453	11.4941	13.77	21.6372	39.081	42.9567	38.1785	23.5706	44.4967	49.9973	44.6168	41.1871	48.4383	49.1557	39.6061	32.5492	31.9341	36.0819	28.1523	31.6118	33.9434	31.5903	46.0486	44.9236	39.4391	36.2606	34.5027	36.5172	29.449	11.1531	16.2265	21.3132	17.8197	24.5355
5.49067	7.36823	18.9151	10.368	12.9915	11.7604	6.46517	1.36599	14.5353	17.1704	9.77962	8.50643	9.15649	9.18594	4.37812	6.62246	7.0419	9.6719	8.20065	6.25457	4.61208	2.93235	16.4928	20.3112	13.2401	12.2642	9.16837	11.7901	3.13477	3.28989	14.1017	9.23377	9.11619	19.4982	12.2208	10.4593	4.14005	8.34346	14.0196	12.2492	10.4923	10.1771	6.31769	3.30165	10.2647	11.9782	3.41834	11.5271	14.296	7.06839	8.67184	13.1862	11.3831	5.15681	11.5291	15.9741	7.89159	8.31538	9.38435	15.8053	10.0998	6.57079	5.71742	10.1633	6.32076	4.10461	4.13263	3.91576	4.50759	4.46453	3.37306	6.50223	15.2078	10.6387	17.2812	19.9826	5.36916	3.5407	3.56517	4.31821	3.68783	3.34881	3.96889	5.7472	5.25417	9.98688	13.2437	4.27607	16.3805	13.7492	18.7484	14.9496	4.46554	5.32979	14.3586	17.1161	9.41987	4.69282	3.48008	9.59093	10.1521	5.80641	5.83091	9.28305	9.81665	6.73472	6.14266	5.53055	5.387	4.52798	6.55395	8.59605	8.27796	5.79697	1.97795	10.7058	5.32614	14.1967	5.21443	10.0132	14.526	11.4683	5.90504	4.1977	7.83623	9.80412	13.7729	17.243	17.1457	16.1702	13.5733	14.3467	9.65049	2.31236	15.925	17.5031	17.7425	21.4582	10.4209	19.9386	13.2224	8.22401	4.19024	26.5861	30.3872	29.5089	21.8753	20.7836	23.3242	23.522	24.7205	24.6222	22.4566	21.57	15.2782	8.48374	2.56948	16.6364	20.9665	13.4218	10.0975	4.95779	3.50807	14.1602	20.3024	14.8333	1.56773	8.48322	11.8561	8.03302	2.28437	0.405065	5.75343	6.44008	4.25	9.41245	6.76145	7.91574	17.1748	14.0117	5.97641	7.28653	10.7787	20.8058	32.5962	35.2227	30.946	26.1825	16.6281	10.7821	7.98501	9.65623	10.9735	7.84425	4.48122	7.07967	8.91176	3.01986	4.20893	5.61788	5.79747	4.80331	3.55599	1.71656	3.2672	2.62761	4.16924	6.2275	7.55081	9.6706	7.41323	9.24272	10.9096	10.0244	7.60205	7.77039	7.64058	7.21301	6.39853	6.14066	6.84948	6.8172	6.69464	9.57404	11.6557	9.5998	6.39819	10.9783	9.78042	39.6491	40.3883	24.9632	20.0096	16.6395	18.7711	32.8086	25.2842	16.988	26.5123	32.9892	26.4496	31.9375	41.1747	37.2218	21.6439	18.0806	15.8419	24.376	25.5931	29.2424	30.1059	24.837	7.37834	22.854	25.2507	26.2573
8.57581	3.16975	14.5802	13.6524	10.5629	10.2694	4.90677	4.38445	17.5481	10.7671	5.07237	7.72637	5.03519	6.67947	6.31853	4.55918	8.25523	9.73007	8.38358	5.56985	2.22563	7.51296	16.264	17.2104	13.6767	7.53402	7.61681	8.47917	4.39632	2.49395	17.1781	5.96972	10.9825	19.5456	12.5122	3.88682	4.78892	12.2996	14.003	12.1929	6.56408	3.98636	8.58814	11.7627	12.1175	5.96772	2.71149	12.7313	13.7582	9.40224	10.7063	11.4504	10.0408	4.00081	12.7522	14.3867	5.11932	7.98108	16.0272	15.195	4.08265	5.60024	4.59128	10.2073	6.37883	3.53929	3.59262	3.67235	3.35369	3.11081	4.58991	7.24367	13.0845	11.3651	12.4614	20.1584	7.87558	2.01291	2.22912	2.2619	3.31528	3.36725	2.71482	4.01548	5.46775	9.64647	12.8379	6.99602	8.15984	16.8495	16.6402	8.60839	6.22395	2.48119	12.3095	16.6188	10.7522	6.1072	0.975424	10.1321	7.57368	8.1725	7.31763	7.33444	10.4943	8.85472	3.34127	6.52749	6.09325	6.17879	2.37631	6.46523	12.3791	10.5833	1.73067	8.69178	4.63959	11.667	2.82093	11.0222	12.5243	11.6967	9.72085	2.14507	1.17481	6.54605	10.4652	13.5437	18.9994	21.1408	18.1544	15.38	8.9249	6.80187	7.10729	12.1966	16.5635	17.0481	9.23541	20.7833	23.6857	6.18076	6.60925	9.77392	13.643	15.4371	12.9184	15.1134	17.789	18.9319	18.4915	15.9447	14.3688	17.4103	21.0834	20.6719	15.9654	2.20177	18.5273	24.325	23.6052	20.257	14.705	7.9872	15.641	21.4722	18.7134	11.4601	6.66227	14.0343	14.1809	11.9595	8.05644	2.05101	2.91375	6.51578	8.51958	10.16	15.7387	10.8707	4.79473	5.6941	8.78357	20.1373	25.1869	18.989	17.6184	16.0943	5.2992	8.90656	12.5545	12.139	9.55536	7.48856	5.03179	8.27122	6.87972	4.10095	5.42464	5.4402	4.32333	3.79793	4.11899	2.56226	2.11161	3.5519	4.16962	6.63034	6.21708	6.24635	6.98795	4.07016	6.68561	7.46457	5.75993	8.74653	10.0508	10.7412	11.1014	12.1456	11.8932	10.9187	16.697	21.4749	21.8893	21.9166	21.0445	20.0304	17.9131	18.0291	39.5713	43.0179	39.4592	37.8829	40.3455	43.59	35.5103	31.3495	36.8058	35.1171	28.5737	32.9452	40.9195	45.0305	41.3191	28.5013	18.3098	20.9709	15.3791	17.0293	19.9952	30.7599	16.4714	26.7496	25.0505	22.2492
10.2826	4.72023	7.23944	10.4056	6.98059	8.47735	4.08546	9.7407	19.4767	5.52985	4.54294	5.49094	7.0935	5.63627	5.83385	6.36159	5.35496	7.09963	6.24147	3.98742	1.8464	13.5425	18.4649	15.1646	10.8924	6.50269	9.87503	6.63601	7.97791	4.8998	17.3156	11.4333	11.1301	15.8295	6.75462	1.59465	8.57555	13.1648	12.1919	10.3831	1.89668	3.31055	10.7454	16.6906	7.87935	1.63476	4.89986	12.2521	12.3264	7.83795	8.7961	8.75935	8.08952	1.56768	12.743	11.8855	2.0854	12.6264	18.3584	11.1831	2.59956	4.95577	5.47134	8.52143	6.2749	2.48099	2.7493	3.43634	3.08704	2.41903	5.24471	6.78545	11.0145	11.8083	7.69591	19.4423	10.7781	2.71079	2.41007	1.90115	2.5098	2.60468	2.35581	2.16649	3.67015	9.88181	11.858	9.8744	7.81703	6.7374	6.15213	4.47763	6.47406	3.43243	10.564	14.2961	11.5607	9.95711	1.52206	9.92133	6.26788	7.56146	11.3617	6.73363	2.03554	8.81896	5.94102	5.93451	6.09104	5.59183	1.87475	2.2478	9.06687	12.4362	5.23831	4.65321	3.36375	9.22375	2.39514	11.135	11.6751	11.1021	12.1911	5.65797	5.19311	5.48275	5.6666	4.27681	6.28325	11.9745	15.4429	15.7401	11.8936	14.005	12.1236	12.3361	9.32405	11.1038	6.75283	15.4233	24.6921	16.1829	6.46699	5.93761	3.75418	2.08362	6.91306	8.38732	7.09135	10.1219	0.745251	11.8837	16.0863	14.2961	10.5758	8.48668	13.6458	13.404	12.4781	14.1829	16.0064	18.0052	22.6178	20.0709	6.71687	7.35144	11.6163	17.8557	17.6714	4.71041	3.10874	5.71464	6.46473	4.83844	1.58938	5.39727	2.5678	5.917	12.1264	11.3123	5.21958	2.92753	10.4848	20.9186	16.9149	10.262	13.339	11.6549	4.09293	4.71156	13.8199	13.1598	7.50696	5.88896	7.67618	8.57673	5.27878	5.05752	4.84429	4.3464	2.91892	3.33083	4.04259	4.33387	2.05836	2.48759	6.33819	6.33635	3.08408	4.15413	7.46802	2.80067	3.63609	4.86561	4.29098	10.2566	9.53876	8.31168	9.12515	10.6041	9.60589	7.50268	18.4921	15.1237	14.5446	15.2846	18.9263	21.0013	20.5059	17.0389	0.623343	17.403	26.2272	29.5377	31.0896	29.2622	18.5843	14.6331	19.2107	15.7274	9.88332	13.7126	19.8625	24.2231	30.2508	33.6577	33.5975	34.388	32.7487	30.7508	27.0411	32.3066	19.7454	24.1511	30.4255	34.1248
11.0142	7.35457	3.46879	7.98575	5.83989	6.95316	1.9376	17.7376	19.1037	3.46369	7.47794	5.72236	7.67522	8.26446	5.90897	6.37515	8.54342	7.76028	5.00204	3.27011	5.7459	21.6069	19.7531	8.24677	4.44016	9.71469	10.2099	10.0872	8.28977	11.1819	17.3814	16.6397	14.6518	9.95247	1.70442	4.06591	11.8119	15.0638	12.0937	8.24383	2.67217	6.35321	12.5196	12.9103	6.14111	4.69766	8.32556	10.556	10.1999	7.13331	8.47132	9.90052	8.11621	1.82189	11.5349	9.01806	7.07877	15.6053	13.7286	7.51983	6.59651	7.22809	8.91272	8.45157	4.91544	3.38777	3.44833	4.66105	4.34245	3.80012	4.98636	5.89253	9.79484	13.2213	4.24705	19.0695	15.0261	4.56813	4.11327	4.84242	4.08467	3.01952	2.74026	2.51018	2.64393	6.35285	11.4358	12.7561	12.8463	11.078	7.9408	4.3222	6.21444	3.82093	9.76725	12.2821	11.2072	12.5835	4.74167	6.81455	7.77256	7.60758	9.76496	10.1146	6.15183	3.81631	9.39426	7.5027	3.58942	5.30622	3.45738	5.69068	7.15236	9.62357	5.94293	1.84416	5.34511	7.35329	3.1026	9.98369	12.0367	9.2435	8.56205	9.3739	7.74332	6.80506	6.03542	3.57734	2.67702	4.98049	8.62603	9.27236	9.23807	13.609	15.7629	12.5171	8.429	10.1975	6.8616	10.7296	19.0596	21.5304	17.4043	10.3695	5.27466	2.8663	4.45733	9.4413	11.1219	7.29986	5.23541	14.2855	15.7103	6.26013	6.37974	6.10525	9.50931	12.6329	4.76921	2.62085	1.88081	10.374	17.7546	23.9497	21.3138	6.01514	6.55476	12.1476	20.301	14.8984	5.20612	2.94273	2.36418	5.532	5.82487	9.2811	6.3371	8.24678	10.3539	12.5418	8.15177	6.35786	16.596	21.6372	14.2206	11.0623	10.677	7.17393	5.00526	11.2842	16.0009	9.2026	6.03759	10.7101	11.7904	10.6536	7.61684	6.85153	6.2077	5.60582	5.87922	7.15255	7.13153	6.00701	4.56784	2.24202	4.19884	7.32089	6.65162	2.97087	5.1377	3.21157	2.7526	4.13763	10.6745	14.4407	10.7569	9.33115	11.7131	12.0714	12.956	12.9224	19.6004	12.7681	13.3547	15.6456	16.9957	17.1709	16.0999	20.7259	19.8209	9.80168	11.3045	17.8728	18.8689	15.3658	9.51814	8.58341	14.7482	13.6898	7.25393	8.71697	14.8841	19.2501	24.556	31.1283	34.3432	34.3596	32.3575	31.2121	29.89	27.199	14.5497	13.7417	23.6865	30.4265
11.8746	9.64212	1.67179	5.09377	5.46718	5.03272	4.25064	22.2429	12.9638	9.20726	8.03745	4.74521	5.14993	5.48747	6.52298	8.06552	10.149	6.98837	3.23273	1.00404	11.0676	24.8317	11.3112	7.97826	10.94	10.1246	5.11139	9.7545	7.47278	14.0599	17.8265	17.4913	9.34592	1.98382	3.40356	6.63641	14.0392	15.4365	9.47625	4.79306	3.64112	5.70756	6.6079	8.726	5.6282	8.71718	9.50615	8.52582	9.74608	7.74352	8.52775	10.806	8.47449	5.74802	10.4726	6.44203	9.78947	15.1213	10.5689	7.93794	10.054	5.20539	11.8912	7.60233	3.08016	4.04736	4.786	5.03463	3.75518	4.11859	5.36724	5.64269	8.1316	14.0194	5.72778	16.1003	19.0443	8.35478	4.43232	5.92386	6.2646	4.99277	2.99194	3.08586	2.79499	2.07992	6.10765	11.3865	13.7552	12.2208	11.236	9.48832	7.19636	2.97311	8.47048	11.4652	10.3365	12.5011	8.40858	2.85307	4.73864	8.37261	8.77109	9.89834	9.9861	6.68746	3.97473	6.90942	6.97989	5.26277	7.5042	4.33589	3.16019	7.34228	5.44708	4.23059	3.2333	4.13841	2.34794	10.137	13.241	6.50506	6.53674	7.35008	5.56249	4.90658	5.67094	6.60823	4.38353	3.63712	4.6477	3.22673	4.24204	6.26313	7.77779	8.54479	8.03892	9.73987	5.56716	6.9912	9.4115	15.4785	22.256	21.1825	18.4502	14.6971	9.10884	9.15812	12.5913	2.8066	6.58901	14.9416	13.2174	4.86972	9.11039	9.56486	11.5678	17.2669	8.30897	4.38889	6.52929	4.31514	6.416	13.9228	25.4664	20.1985	6.11553	2.16707	14.0561	17.1026	6.55514	5.50132	4.80285	1.64036	5.78366	6.84542	5.16337	9.63145	9.8724	13.2864	10.2637	9.5978	19.1872	20.4253	13.2797	13.5258	14.0571	12.8586	12.0337	10.9202	10.3527	5.45177	14.2444	15.6307	14.193	12.2179	11.4023	9.08692	7.73278	9.99004	15.8039	19.281	18.0369	12.318	8.29882	6.59755	4.42315	4.16259	7.97527	4.82211	3.21014	3.22986	3.95101	11.3861	15.123	15.2164	12.8288	10.8717	7.9869	4.33856	6.16419	13.6689	15.7132	9.3879	5.03071	4.3218	3.04737	1.22092	1.0576	8.61419	18.5795	20.0449	11.6347	7.5762	10.7485	11.5273	11.0815	11.2643	14.9197	14.4197	8.41318	6.32584	10.9201	13.9951	15.4181	18.9796	20.5706	19.8105	17.628	15.4023	14.1083	11.4543	7.43763	5.18902	6.31165	13.1996
11.6104	11.0961	4.47393	3.36993	5.22531	3.73162	9.71854	20.4224	7.90816	10.5719	7.46343	4.45954	5.68761	4.9787	4.65948	7.33776	8.88133	5.57623	2.40775	4.6834	15.5255	19.2919	8.56031	13.366	10.6588	4.90083	7.38168	3.41806	11.229	18.2835	19.4146	12.7507	2.54194	2.9137	6.54768	11.1585	14.549	11.8269	5.72783	6.88814	7.72971	8.24621	6.85864	8.43192	5.52404	10.5124	9.26657	6.74386	8.30841	7.80523	8.0792	10.3464	7.79985	7.47215	10.636	6.92825	10.92	14.5131	5.30872	9.59129	9.90129	9.41773	12.7233	3.82235	3.49414	4.08771	4.82271	3.92535	2.86775	3.39373	4.89874	4.9204	7.1771	13.5269	8.09221	9.94411	20.0432	15.1578	3.9785	6.35422	5.26723	7.52775	3.81751	3.93416	3.67489	2.31941	2.95472	4.65466	9.50439	12.2923	10.0772	7.9023	9.85196	5.43129	7.08545	11.3237	10.1403	11.6349	10.5095	8.27133	3.63001	4.36273	8.66145	10.4529	10.9834	11.8086	10.6077	3.86289	3.4212	6.4906	7.87749	4.63512	2.47996	4.37677	7.02857	6.24191	4.85104	4.14918	2.41486	9.50161	12.7385	9.33634	4.65964	2.68781	4.18969	6.12816	6.87452	6.42447	5.29517	3.00195	5.85845	3.43509	3.78176	3.85255	3.56124	5.99242	7.83732	7.18769	4.13337	5.45788	5.27112	8.38717	15.243	18.3786	19.6091	20.0319	19.6841	17.9036	10.7469	3.13214	9.92366	18.5454	10.8422	9.00665	7.40652	7.56072	3.53714	14.3089	12.3358	5.81522	1.67309	4.44106	8.40598	8.58822	18.5946	19.4792	17.4035	7.95851	12.4995	18.7946	5.93423	3.78747	7.98936	7.98146	8.78137	6.07936	4.8956	9.72066	12.1873	15.9622	9.69985	11.5076	21.1063	19.7692	15.0936	16.4219	14.5332	9.30102	3.20812	5.01422	10.9427	16.3108	14.748	15.8234	14.4342	16.2061	16.2564	13.3648	10.3171	16.2841	30.4632	32.7559	30.5992	19.0935	14.8862	14.8112	12.7738	7.86945	6.5462	6.88619	2.53886	5.64774	15.4504	18.3523	15.5144	12.1506	7.25615	6.5296	1.58997	5.03267	1.6869	11.2381	6.23422	2.71069	3.40221	6.82652	9.29553	8.52914	7.61991	7.20133	10.7839	20.6731	17.3271	13.6121	16.4487	17.5209	19.0273	18.7844	17.2608	15.0936	11.7502	9.29903	8.48196	9.72099	10.6475	13.1703	12.7878	12.6318	11.5937	9.58682	8.27047	7.1823	6.84917	2.38132	6.66516	11.5199
10.795	11.4778	7.53878	2.77621	2.77173	3.74023	11.5527	18.4918	7.30944	10.5021	7.98259	5.328	5.68193	3.68621	4.31564	7.9148	7.55735	4.15811	2.16882	10.96	12.9746	9.88024	10.0292	6.99963	4.8999	9.60919	5.84682	6.77239	14.4569	17.6884	13.1068	4.49372	2.6592	5.85659	10.728	12.0595	10.2323	6.89448	2.31636	2.51776	4.19087	5.80364	5.65156	7.15641	4.9102	10.2544	9.25433	3.6489	7.66745	9.4754	7.47571	9.41029	6.66893	6.12001	10.6904	10.1953	14.0408	13.4563	3.15142	10.6901	7.7091	16.2935	9.70989	2.50171	3.54327	4.16601	3.66406	2.91231	2.85116	3.28167	4.48058	4.13062	6.12868	12.6455	8.73943	4.24107	15.3909	19.0731	7.70623	5.59519	5.2057	6.57527	5.49836	4.13511	3.77601	3.86577	3.02204	3.1843	7.29133	14.1561	11.3207	5.50254	9.46039	8.23319	5.40102	10.3624	8.97688	9.38245	10.0034	9.42575	6.61273	1.68286	4.13238	5.7433	9.2249	12.6949	13.1367	10.0654	7.25506	4.6356	4.67945	3.18108	2.26217	1.40723	4.72636	7.03467	6.10828	5.98556	3.70682	6.5633	9.14815	8.84727	7.07005	2.28812	5.31448	7.149	4.04487	3.09502	3.65502	4.99293	7.20727	4.11138	2.73311	0.622459	0.970523	0.95265	3.40612	3.87028	3.44636	4.21538	4.41218	5.49154	7.85591	8.79172	9.52954	10.5864	13.4853	14.7202	11.195	8.97138	10.8958	17.6149	15.4492	12.1639	12.4905	10.5426	8.54361	13.445	17.2212	1.48743	5.61148	4.45584	6.84651	20.101	20.8051	7.75329	12.466	19.101	11.0523	21.6209	6.53369	6.75575	6.33815	9.54646	13.5663	13.6894	12.7681	15.1098	16.3996	16.1099	8.89136	14.7338	22.4207	18.4403	15.9986	11.4766	3.77899	6.95137	8.13352	7.48669	9.82577	14.9047	7.48962	13.4533	15.7047	18.7071	17.4496	15.3427	12.2777	20.8014	37.062	31.7341	39.9897	28.8697	21.0774	17.1975	15.1443	12.4805	10.0558	8.29805	4.01333	9.91894	20.3896	14.3941	11.772	8.57731	7.05839	6.0237	5.15913	7.70945	7.28571	9.5975	4.65644	2.3491	5.42142	6.44939	8.51005	9.67118	10.0105	7.8122	3.19941	17.4427	20.0632	18.7888	21.9858	16.9526	14.996	13.4123	11.5477	11.0455	8.46403	5.0597	4.30918	6.41536	8.13107	8.71418	5.85701	6.00302	5.14176	3.55619	3.47031	2.51008	3.64604	3.15873	7.9217	7.36772
10.2518	11.3637	7.67156	5.0624	1.82691	3.40042	9.8971	17.7889	8.46564	8.92356	7.03859	4.99623	4.09525	2.07915	5.42096	8.43216	5.6694	2.39719	7.07728	11.5812	5.7973	7.8064	4.46689	4.5406	9.4166	8.48133	5.04964	15.3209	18.0906	14.0639	4.84383	1.869	5.79717	11.5444	14.4931	10.8266	6.74029	5.83985	5.1007	5.83306	6.41988	7.8327	8.19659	5.76579	2.39793	8.08876	9.95275	3.86238	6.90812	9.54697	6.84433	8.23593	5.74753	5.07048	10.4369	12.5465	17.1427	11.3923	9.57317	10.2215	10.4414	18.1556	7.66171	2.84179	4.09603	4.42986	3.57461	2.80694	2.61589	3.37102	4.50288	3.57736	5.11843	12.3089	9.18052	2.73209	9.08144	19.475	11.1703	3.32055	7.77388	3.71758	6.89511	4.77902	4.57167	5.65213	2.62125	2.22658	4.94644	12.9715	15.0569	7.86296	8.16462	8.51071	3.17018	9.45127	7.73845	6.7893	6.72736	10.074	7.52091	3.2532	7.19274	4.62585	1.59488	9.99861	13.0252	9.21493	7.37467	8.25811	8.8144	7.61243	3.0451	3.68918	4.9825	6.24053	6.81118	5.84384	4.29742	3.69566	8.35574	9.32744	7.13822	5.26912	8.22613	7.79949	4.46045	2.43489	4.09438	7.51449	6.44548	2.16655	3.76041	3.47563	2.64983	3.07842	3.70663	1.90663	2.3262	2.95041	3.23132	3.76243	4.63167	4.94103	5.48206	4.33158	4.76847	8.02195	12.2453	14.7139	18.2198	22.555	23.0006	22.5233	16.1061	12.1885	11.0435	13.3881	18.601	13.1702	12.1785	13.3222	18.5212	20.809	18.0815	18.0128	11.8368	15.6075	7.39053	21.4936	5.29822	7.55606	9.83066	6.72436	13.0952	15.8296	16.8793	17.5394	14.9145	14.0567	12.6423	18.2956	20.288	16.0977	12.7457	7.43942	10.792	10.7034	7.53034	7.64672	13.1396	12.5563	4.79046	6.16657	11.3849	12.1449	11.7084	6.34418	21.4836	25.9865	33.4864	19.4878	35.9605	34.7096	26.0567	16.4113	13.7344	13.034	9.72243	5.18864	3.75797	14.5143	18.0993	11.7012	8.26395	7.47115	11.4105	5.21109	6.84789	5.0021	6.95937	9.50787	3.99148	2.8369	2.94244	3.98841	7.86856	7.03192	10.5122	9.67287	5.96401	21.5194	27.7868	22.019	21.371	16.7435	11.3786	9.11302	8.74177	7.34684	3.8839	2.32238	1.6925	1.57438	3.32125	4.39175	1.64173	1.98935	4.34939	5.49665	5.57826	5.20153	5.76855	2.00338	5.15376	9.33616
8.98357	10.5985	8.18019	5.87893	2.29056	2.85795	7.40215	16.9615	10.9283	6.71016	5.98399	5.38659	2.05465	3.8101	7.93583	6.28519	3.09486	1.32892	8.91684	9.13397	5.63856	7.41744	10.4037	7.16	5.51892	3.99089	13.3236	18.1946	15.2445	6.94948	1.51063	4.38125	11.221	15.7136	12.7952	7.10294	5.42469	5.68496	4.07635	3.07271	4.66892	5.92245	4.97742	3.98583	6.45902	8.8968	9.22182	6.18044	7.2834	9.36681	7.24966	7.48626	5.30688	4.68084	10.0644	12.4897	18.5484	10.6842	13.4269	7.66061	12.4205	17.5689	7.66028	3.17397	3.96164	3.60919	2.8466	2.33054	2.33167	3.36276	4.19553	3.05329	5.33697	12.2685	8.80791	2.62341	5.11277	17.7126	16.5483	6.97821	7.87055	2.44407	7.91381	6.4641	5.48066	6.74494	3.64901	3.27555	2.64259	9.15382	15.325	11.8239	9.88988	9.27486	0.763658	8.44751	7.8631	6.25024	7.36127	10.7334	8.07163	4.4938	7.82329	5.58967	8.53715	3.88398	11.3019	9.9221	4.94394	2.80139	5.96933	7.64499	6.50661	4.23679	4.2947	4.72253	5.36614	4.0751	4.40524	0.611254	8.06711	11.1488	9.31552	8.96307	8.30615	4.44026	6.67745	2.94028	5.532	5.28423	1.61325	5.19184	3.71815	0.418567	2.35312	2.18496	2.74701	4.14758	1.28901	2.21468	1.66475	2.34319	3.06856	3.50046	4.68554	4.48684	5.43821	5.40652	6.95067	8.98487	9.70868	12.4705	12.4623	8.2681	7.07883	11.4511	6.19517	7.8672	14.1202	13.5216	14.9525	13.1057	6.64728	10.8658	14.9219	8.08852	6.82406	10.1108	4.13357	19.1718	10.6716	4.89176	10.4786	8.79468	5.54869	10.6554	11.901	12.1098	11.543	10.3819	10.5116	14.7598	15.8838	14.7335	6.751	7.7914	10.9934	8.89743	6.13735	8.62525	13.0204	9.09754	8.51182	1.78043	2.87892	10.15	12.1958	26.2961	37.0213	28.0423	18.7068	21.5686	15.41	27.4865	26.6075	15.6414	14.6	14.6962	8.9924	5.44404	9.84373	19.4586	15.705	12.2075	7.00718	7.1704	9.52532	8.95587	7.75244	6.7915	4.52805	1.40293	6.45557	4.60986	0.453521	3.90691	10.2724	13.6928	5.85497	11.1941	10.2217	22.8646	27.1062	16.5451	14.5937	13.1282	9.71749	5.56876	4.41011	3.67732	1.45048	1.33144	3.0771	3.09956	3.12526	3.82653	2.89998	3.66221	4.3259	5.72681	7.10484	6.40305	6.10771	3.10284	1.61773	3.32536
5.55146	8.32319	9.94645	5.78778	2.28822	2.29417	5.3079	15.3251	11.9494	7.08976	5.25031	4.62262	3.80432	6.49825	7.77419	4.30327	2.17201	2.17659	8.06514	5.82066	4.43058	11.7861	8.88024	3.22591	8.25101	13.7267	18.599	15.5194	6.74843	1.2382	3.01977	8.67069	14.7348	13.1741	6.77054	2.74948	2.97116	3.53666	3.03793	3.16897	5.19904	5.32776	5.80634	10.5644	11.0866	9.68991	7.76875	5.59453	7.13251	8.89971	7.45336	6.75574	4.50204	3.56448	9.73746	12.1402	16.5576	14.1229	12.2882	4.54367	13.1131	16.5668	8.31126	3.84192	3.74324	2.55611	2.3636	1.96391	1.76817	2.98897	4.08314	2.80393	5.42594	11.6987	8.1864	2.7381	3.01527	11.8529	19.5116	13.174	7.46992	4.5293	8.11637	5.39499	6.15805	6.16562	6.30912	4.29065	5.17001	5.82074	10.9961	10.2983	14.2623	14.6676	4.3448	5.70211	8.60621	7.37007	8.69868	10.7001	11.6691	7.1886	7.28006	5.27541	9.22671	8.45897	5.30469	11.2789	9.51249	4.4883	6.28773	7.56658	7.30147	5.96444	0.560778	1.91309	5.53933	6.69232	7.28029	6.24012	0.935209	9.45702	10.9037	7.87316	2.12539	5.68636	3.39172	3.66524	5.95107	1.11669	4.64008	3.75265	2.58736	2.79413	4.18678	4.37771	3.93962	4.85386	2.42491	3.01264	1.10753	3.01897	3.4262	2.10417	2.76216	5.15631	6.02695	4.50496	4.0162	4.28257	3.48464	5.66556	9.60124	16.8252	16.9994	11.7048	3.461	5.98317	12.134	4.17115	3.31947	6.90506	7.05228	2.27465	9.83262	14.8919	13.5785	12.481	5.87768	13.3194	5.63519	3.86152	6.11226	12.8503	9.94678	6.87022	8.49095	9.06936	7.52208	2.77798	8.28977	15.9946	16.24	13.9336	4.35338	12.6746	10.4994	11.4378	8.64904	8.78613	11.221	6.30736	11.3354	6.40934	9.11843	20.4326	38.5298	44.5164	34.1725	23.8651	15.3427	24.0594	13.8264	27.2018	24.5575	19.5212	19.5253	14.3225	12.3053	8.3452	16.3058	18.3018	14.0954	10.8507	3.36319	4.86953	8.3055	10.2245	8.52072	7.13464	7.27111	14.192	15.5988	12.0852	8.23097	2.25503	7.52943	15.3093	12.1612	5.68669	13.6183	15.707	22.6238	17.1126	13.5201	14.9585	15.5022	12.1949	9.83434	8.24288	3.97787	3.63481	3.84854	3.89171	5.47297	5.97029	4.20698	4.04498	5.29268	9.53189	13.4946	15.0862	13.3626	10.1176	9.64246	10.6607
4.59325	7.03805	10.0476	5.99955	2.53877	2.08658	3.7598	12.863	11.4826	5.74704	6.62926	6.02013	7.29001	8.74941	5.59019	2.95189	0.954693	6.75734	10.2145	7.7728	6.35696	7.77685	8.51015	12.9929	15.3096	15.6543	15.1309	7.00473	0.954718	3.73894	7.07574	12.3806	13.7576	8.45571	3.77701	2.49921	3.03621	2.96037	3.0216	3.37051	5.14907	4.59882	4.92103	8.65445	9.06861	7.37779	4.05651	3.05419	5.97754	9.09182	7.47764	5.92775	3.94637	2.51927	8.95364	11.4769	12.7073	11.5575	6.49003	3.39519	12.767	16.4823	9.30577	4.31854	3.30329	2.18631	2.26394	1.71893	1.18332	3.07555	4.76111	2.69858	5.53717	11.3639	7.9925	2.81006	2.34932	4.2076	14.4462	12.8363	7.08782	5.03748	8.53848	8.6753	5.85836	4.24356	9.7355	6.55262	6.31978	4.82306	5.76412	4.88427	8.63389	16.9849	11.3694	0.705062	8.72637	8.89526	9.05353	8.79191	10.6896	8.71152	7.75053	7.0466	5.62961	9.97278	5.71496	6.54842	11.8241	8.12198	5.48795	6.12047	6.79694	5.83223	1.92275	3.91803	7.16802	10.4873	9.67938	9.81784	8.50451	1.89839	5.51267	6.52395	7.71874	3.3574	1.96826	5.55486	5.51698	5.2094	5.15304	2.87045	3.04983	1.70707	3.53633	2.87281	4.04861	4.49154	2.85733	3.49568	3.19086	4.02442	2.30036	1.94514	4.00092	5.00841	5.00721	4.30282	4.35993	5.66003	4.73964	2.87373	16.3335	20.9468	5.37957	6.49853	9.37927	4.12826	12.8341	6.52688	3.20731	2.13264	5.34271	3.81993	3.63518	4.29189	7.76194	13.5044	6.79194	11.2428	2.20296	6.22793	5.49936	11.4137	14.5636	7.769	6.68684	7.48055	4.07583	2.5356	6.65817	17.2202	17.6827	10.3412	11.505	18.8329	10.5834	12.5046	7.04378	7.88092	11.7817	3.8568	9.34182	16.5658	28.5012	36.9628	39.9977	30.3678	19.1324	21.4675	19.7556	29.8129	20.6104	31.7616	20.2657	13.098	19.9073	15.3226	16.5866	8.60129	14.2664	12.6447	11.6077	6.56199	5.42719	4.78915	3.41005	2.42056	6.41559	10.0822	13.0458	7.80249	5.73187	7.58738	15.207	6.97925	4.87198	10.7712	13.9987	14.0925	8.27481	9.24492	13.7115	15.2707	12.819	10.9009	11.9419	8.47047	8.30233	10.5515	6.91691	6.0285	7.33612	7.05903	6.03919	6.26451	4.03148	5.23522	9.93732	13.4965	12.1973	13.029	12.2447	10.1585	11.8066	13.7351
2.60396	6.73811	8.12617	5.89614	2.96744	1.8501	2.49996	10.4192	11.4229	3.33981	5.86756	5.82222	8.27287	7.4446	3.58707	2.12001	5.4548	12.0321	8.14826	2.0155	4.35934	9.32329	12.7816	15.1255	13.5488	10.7986	6.18505	1.46143	3.23351	7.69005	11.7355	12.2169	9.93905	5.21177	2.54622	2.49718	2.72378	2.68314	2.88264	3.32001	4.76819	3.94965	3.50503	7.98637	4.98429	4.89694	2.87026	2.53944	5.28011	9.67773	7.72024	5.47345	4.07402	2.0388	6.91581	10.3146	9.68143	9.03268	3.46428	2.54834	10.7571	16.5833	10.2557	3.38926	2.18945	2.09351	1.99554	1.42364	1.35962	3.52067	5.25567	2.41756	5.52851	11.0317	7.44064	2.67514	2.22133	2.44584	9.82571	9.97726	7.46737	2.97487	7.9344	11.9218	3.24218	6.06816	7.80483	11.0354	7.59741	4.6338	1.32559	8.11675	2.00773	11.445	17.4086	8.36384	5.36943	9.69434	7.99656	7.09572	8.78583	6.63684	7.89502	5.91333	5.26439	7.67924	8.59172	7.71348	7.47044	10.6001	6.7864	5.22257	6.61484	6.02156	2.21962	7.74191	8.45541	7.52033	7.73348	5.47146	10.9075	5.89717	2.66948	8.21459	9.80962	7.23758	4.62825	6.13723	3.99814	5.75636	7.2064	4.32682	3.01069	0.388998	3.97073	3.79915	3.33371	3.02677	1.5926	2.91915	4.00404	4.2552	2.22008	4.20537	3.99798	3.54592	3.86844	3.7309	3.61489	5.08473	5.4813	5.17128	19.2379	15.778	8.91481	10.3261	7.80622	4.37151	9.50744	8.16462	3.05987	6.82241	6.15386	3.56277	1.39723	7.43606	11.5722	17.8189	14.0418	11.0218	8.35934	7.19362	10.7224	7.90358	14.4477	11.0456	4.96368	4.52112	2.30326	3.5152	8.32004	16.7344	17.2552	5.88696	19.8157	15.6007	18.5777	17.5817	5.1855	11.8828	12.8471	4.37624	5.20016	25.922	34.24	31.9737	21.0363	7.69817	15.0547	15.5885	19.5298	23.4055	17.9235	29.2974	18.7101	9.61838	13.1331	13.3843	17.4859	7.2956	12.4417	13.2698	12.7327	3.9031	3.74626	3.59231	5.61831	11.2048	14.8192	13.4675	4.51302	8.71401	16.2457	6.50291	14.5256	10.6099	3.16847	7.19857	9.51392	18.58	16.1569	6.81354	7.0036	10.1287	11.4227	11.2045	11.7291	5.76799	4.19572	8.54125	6.38607	7.46708	10.2005	9.0341	4.63457	4.43077	3.30736	4.80996	10.2864	8.098	4.19204	7.15279	5.76317	8.75707	11.7351	12.8717
5.70573	6.61573	6.44201	5.27118	3.06401	1.74498	1.7752	8.39141	12.3254	7.04616	7.24028	6.18749	7.38092	5.32646	3.04356	2.12769	8.48542	10.8223	8.28038	11.7477	12.7471	12.6782	12.0457	9.65073	5.3144	2.78591	1.01609	4.1708	7.51884	11.858	11.3115	6.98813	5.65771	3.75101	2.39713	2.55369	2.49412	2.58605	2.689	3.34865	4.52585	3.68806	3.56807	7.62453	6.014	1.84936	4.37634	4.8011	5.02463	7.9177	7.95785	6.06371	4.49289	2.07496	5.05384	10.0762	9.91406	9.49173	4.69411	2.63845	9.41054	16.0984	9.36624	3.30737	2.65256	2.61454	2.40481	2.35103	2.87542	3.73594	5.28171	2.70414	5.14827	10.7383	7.50608	2.93336	2.55297	2.61454	6.98098	10.7316	12.3209	4.30319	8.53883	9.07328	9.17585	4.93426	7.05578	5.06917	9.56224	9.91955	7.65331	10.4826	4.14536	5.37131	19.3132	17.0695	4.57152	8.35715	9.90992	8.89435	9.52023	6.43172	6.48891	5.73215	6.98721	7.17508	6.65523	7.13511	5.84891	10.3051	8.17311	5.93056	6.96684	6.37387	2.12181	9.71282	9.93092	3.52008	9.42346	5.64369	9.704	9.92258	1.96162	6.63338	8.81966	8.27606	5.99436	7.02241	4.355	3.93375	5.81962	5.94749	3.66319	1.55176	4.35069	5.0224	3.10145	2.06603	1.32768	3.2324	4.02582	3.30897	1.38607	4.46863	3.80895	4.09195	4.01788	3.27031	2.97254	2.7408	6.59719	12.0877	14.7175	9.14111	12.1347	8.21421	5.00316	12.1564	11.0626	8.73267	7.60879	1.3277	2.85116	3.36919	1.42524	5.33789	15.5019	20.1115	17.7226	17.2337	8.24527	9.77495	1.935	3.67272	12.035	13.2314	5.41715	3.45141	3.37622	4.72876	9.78233	14.7815	12.935	7.13113	17.6182	5.61601	24.2623	10.4072	17.2758	23.9612	18.2894	15.0473	21.5931	35.0297	29.0326	11.7413	1.63165	6.47921	11.8686	12.042	23.3023	16.3754	22.5677	24.5998	18.472	15.3668	9.21814	12.6383	16.6953	4.74161	15.9264	17.7406	12.7505	3.04394	7.35671	8.65133	8.81856	7.72649	5.73272	8.14138	5.25286	4.21319	15.09	11.8075	11.2469	12.0818	4.13557	3.65826	5.58872	15.5779	23.1185	11.161	5.39622	9.62595	11.7944	11.401	10.1832	5.40088	2.53597	5.89404	8.67908	10.4928	6.43115	10.0944	5.05377	4.36318	4.43042	5.26173	8.97835	3.608	6.24465	3.84005	9.58752	12.3082	8.13765	3.14412
5.61446	8.07683	7.31289	5.23967	2.93562	2.22131	1.5754	5.37268	10.3952	9.41779	7.04384	6.38756	5.59884	3.84518	2.49385	1.83437	7.21375	10.849	11.9568	10.6033	8.24853	6.28538	4.80664	2.35827	0.889167	1.97387	3.42324	7.05449	10.6075	10.2493	6.38232	3.12716	4.21161	3.49053	2.64224	2.68518	2.51989	2.5467	2.73044	3.59357	4.43888	2.71134	4.80347	6.4316	4.06066	2.02545	3.41584	6.52055	6.31454	4.78204	7.23296	6.96471	5.22465	2.9097	3.73428	8.67092	10.1022	10.2157	5.61208	3.24653	11.3814	15.623	6.26988	3.7618	3.62546	3.22778	2.42951	3.03543	3.48057	3.36527	5.11079	2.87682	3.88712	10.5218	8.49125	2.96343	2.57579	2.64299	3.87805	8.60913	15.0681	7.64623	7.88195	4.48819	11.5899	5.31258	7.47799	5.82234	6.75735	8.92594	11.7121	8.22835	8.38686	5.12989	13.8614	21.2171	13.1046	2.23968	8.61608	10.7896	10.5373	7.04583	3.55077	3.28158	6.30677	6.43005	6.68764	6.22518	6.011	9.01388	8.16104	5.97456	6.54148	6.00315	3.57379	10.1157	10.2853	3.77092	10.2174	10.3333	11.2703	12.2268	6.00514	3.27315	6.41034	6.24472	5.88547	6.32511	3.19311	3.67857	5.66183	6.58069	3.50079	3.69451	5.53403	4.82888	3.68785	1.82104	2.8897	3.30048	3.91032	2.95265	2.57916	4.77765	3.42816	3.77919	3.67402	2.85875	3.74959	5.08354	10.1814	16.705	7.43608	5.17258	5.06232	12.1597	15.9305	16.0972	11.7062	8.39747	3.96941	2.40401	4.50789	1.11407	1.71605	7.89777	14.1509	19.7313	14.3593	26.2277	2.95034	11.5474	9.55558	4.1501	8.84289	11.8026	6.43648	2.92075	1.68977	6.05232	8.78805	10.9468	7.11282	8.24469	4.40668	15.24	16.5436	13.6551	29.5204	26.8308	19.3164	19.5383	29.7865	29.4072	10.939	4.35099	4.64949	4.807	6.11224	12.6876	20.6517	7.11705	25.6329	25.9399	21.6363	18.2296	12.1403	11.736	7.47393	9.26894	18.7437	19.0762	10.119	9.91881	11.9364	8.42649	2.31835	6.82548	11.8147	11.7276	9.01943	8.64946	12.837	11.1138	8.5903	12.9804	6.12338	2.13199	2.84145	12.8905	23.8939	17.5649	5.13097	8.24866	12.1701	8.34244	6.89804	5.21369	3.45581	7.81924	11.9621	10.8619	11.1524	9.5964	4.36733	4.49317	4.81306	7.03917	8.2304	2.40803	3.91223	9.24781	10.899	8.92651	9.73479	10.0377
4.16433	6.22171	8.404	6.24714	3.04457	2.80538	1.60374	2.3574	5.28128	6.56776	5.51257	5.47266	3.75124	2.05425	1.24331	1.18832	3.16115	4.47169	3.67797	1.57279	1.04383	1.0287	1.67303	2.24205	1.54783	2.21175	5.28961	9.56925	9.39358	5.77002	3.32199	2.28284	3.67724	3.29121	2.77479	2.72145	2.58871	2.66786	2.89367	3.86342	4.56103	2.30705	5.76732	5.69992	2.9346	2.75764	4.52397	5.34573	5.27267	4.82762	5.87894	6.88846	5.68494	4.06787	2.52233	6.41073	9.12526	9.32152	4.70854	4.6339	13.4566	13.1785	4.55112	3.57169	3.46753	3.10964	2.13977	3.1542	2.82648	2.64702	4.70177	2.92677	2.65809	10.1096	9.56964	2.73705	2.50629	2.63381	2.1342	2.89836	12.2238	13.0767	8.26114	5.16881	9.624	13.6041	6.77806	6.9058	8.76019	4.58421	9.33165	10.3725	13.3191	7.76228	5.76272	17.898	17.0185	9.88615	0.76751	8.39973	11.2364	9.86128	5.73128	3.85744	4.37715	2.01096	2.92741	2.53239	1.65482	5.59945	7.7013	6.56394	6.76415	5.39697	4.42674	9.55819	10.7054	5.46103	2.87317	7.44646	10.6033	12.8601	9.66012	0.738631	4.89663	5.13064	3.07767	0.196552	2.80937	3.18494	4.9821	6.14666	2.72651	3.19456	3.64525	3.18843	3.32276	1.94318	3.88645	4.09824	4.44621	3.01183	3.54165	5.08172	3.73069	3.24793	2.26942	3.32199	5.90944	7.01261	12.0632	16.4677	1.77848	6.51097	15.2966	19.2057	13.8952	7.73136	3.50323	2.61111	5.72281	8.31976	4.91354	3.87956	9.23821	13.7724	11.3478	19.121	8.89718	28.1394	14.3498	7.6133	12.7717	7.22406	6.56824	6.36199	15.7353	17.8577	14.9638	11.056	7.18651	8.48895	7.98064	5.06291	5.71324	9.53052	10.0138	20.1909	20.9767	6.77991	9.22644	16.7054	18.5967	6.57153	7.83564	6.70564	3.34629	2.18784	5.00709	12.3957	7.80147	11.7573	27.0831	28.1867	20.652	12.9633	10.5198	5.92995	10.2655	14.1229	19.1456	12.2219	4.78041	14.0479	11.5976	3.75962	9.32605	6.84895	4.22472	10.0918	13.552	15.3845	9.64392	8.31522	6.05053	13.8121	7.32053	4.87089	1.01454	12.0487	24.5332	20.9067	7.46256	7.36917	12.1786	7.03052	5.6377	2.72036	7.19251	8.11085	9.51541	10.2975	17.506	12.4125	5.20689	5.06246	5.78067	8.63028	7.12206	5.6379	7.46545	9.13717	7.55891	5.22105	14.7786	13.0674
3.75797	5.02515	8.13793	6.72145	3.1957	2.95289	1.75074	1.38931	2.6119	4.12989	4.27464	4.40412	2.74427	1.42038	1.012	1.01437	1.45604	1.35015	1.39926	1.77886	1.59495	1.39151	1.54255	1.80107	1.55437	2.82535	8.10188	10.323	6.3714	3.47538	2.68494	2.38155	3.23889	3.07318	2.74241	2.54583	2.53647	2.75076	2.89312	4.08663	4.49163	2.13291	6.02525	6.26334	3.81838	2.916	3.74835	6.22245	4.44839	4.29114	5.3926	6.00914	5.7309	4.43606	1.6462	6.12955	9.99177	8.06304	4.75489	7.53958	13.9642	9.05086	4.19742	4.19031	4.02919	2.17489	2.2961	3.15206	2.41789	2.18029	4.34843	3.18507	2.50903	8.9001	9.85959	3.52008	2.65278	2.63915	2.26861	2.26726	6.31809	11.6588	8.94894	5.5221	6.14415	11.7337	12.201	6.47089	9.62915	7.52581	6.75014	9.09497	17.188	12.0932	3.68883	11.0675	15.464	14.5225	6.37294	3.06673	8.20027	12.0317	7.41269	5.4609	3.69805	1.55353	1.64792	1.86081	3.48363	3.04654	9.06194	9.24619	7.7355	4.31331	5.88329	9.82919	8.43075	4.81912	3.79298	5.32015	8.13578	11.9699	12.2018	4.39686	3.04939	5.05476	3.63239	4.98058	5.43143	4.613	3.9514	4.48264	2.22317	2.56285	2.31882	3.39688	3.60712	1.3226	3.15813	3.68757	4.61773	2.56242	3.44878	5.20372	3.64384	2.72974	1.88878	6.21748	6.49648	8.95524	14.5402	11.0842	3.51423	1.32271	17.0037	14.1116	5.36159	2.72154	3.70488	6.24651	12.0946	12.4978	9.85486	8.05913	17.442	12.9588	11.4593	19.7568	9.94633	24.9699	17.017	6.94255	10.1354	10.3639	6.32732	10.9502	12.4123	14.9052	14.0491	15.4254	16.6021	18.9074	18.8371	16.2297	16.3223	21.8807	23.8825	10.2054	17.3503	11.5138	11.3335	11.8477	2.43017	10.3906	9.17019	8.7908	12.0397	11.4955	10.9169	11.2995	8.27086	22.2722	26.4901	26.4936	18.6908	14.865	10.1115	5.40097	11.5381	15.1238	17.9481	3.94634	15.8515	13.8825	2.15342	8.01427	4.5596	8.46592	15.4061	16.4451	15.8581	15.7754	9.62914	7.70566	6.07368	15.1671	10.5614	6.01975	6.80565	12.2082	26.5589	23.8743	12.932	11.5952	11.2171	6.64869	2.72904	6.01126	8.69848	5.47219	6.33142	5.03446	17.074	13.8978	5.01126	5.22347	5.95222	7.57929	3.2025	2.9065	6.43748	6.10754	5.63561	6.24331	15.9847	14.6489
3.54179	4.48289	6.88198	6.66083	3.10292	2.83161	2.26906	1.38693	1.69325	2.8662	3.44473	2.66297	1.21299	0.911211	0.891945	0.778429	1.49107	1.68345	1.74847	1.69315	1.31368	1.31644	1.35843	1.72417	1.9205	4.65201	10.0817	8.57488	3.3822	2.72782	2.7594	2.73348	3.33692	3.09176	2.5769	2.28843	2.37921	2.79016	2.87454	4.25898	3.73919	2.88727	6.44421	5.08313	1.71352	1.6114	2.89783	5.74639	5.73499	2.51987	4.08259	4.64108	5.39672	4.28501	1.30768	6.07857	10.7649	7.41647	4.81518	9.29474	13.2117	7.58204	4.08962	5.65389	3.91837	1.70924	2.8702	3.1368	2.56353	2.30946	4.4398	3.47998	2.61443	6.3858	9.57539	5.6816	2.68849	2.54535	2.31033	2.16221	2.11347	5.28054	7.53853	5.8606	3.59365	4.62036	10.6754	9.43749	8.49863	8.03259	6.50748	4.5336	15.7689	16.6493	7.48918	5.42867	10.6614	15.0363	9.13966	6.08706	1.10451	9.60051	9.30284	7.51293	6.11216	4.78373	3.90928	4.02595	5.60623	3.90168	9.23985	11.2945	8.09249	1.12011	8.59042	10.1768	6.99899	1.38431	1.3442	3.30037	5.71336	9.95502	12.8149	7.22102	0.279592	5.08436	5.98856	3.75284	2.83776	1.23165	2.86007	2.31093	2.17407	3.429	3.22267	3.87122	4.58312	1.49374	3.39582	3.16054	4.04097	2.95173	2.69944	4.98869	3.01444	1.94544	2.39454	7.14742	8.0096	11.8405	14.2182	5.27619	4.62036	7.00843	17.3877	9.24635	5.02342	4.65091	4.13039	10.3373	10.7244	0.957682	4.27536	10.6377	18.3711	8.71042	11.1918	16.8711	13.0644	21.1544	14.9654	6.29315	11.4283	14.5371	11.8921	19.9852	11.5076	8.10902	8.00182	5.15014	10.5507	17.1622	20.5853	22.7551	23.6117	20.8397	21.0211	24.1912	23.0992	16.435	7.41028	6.91877	5.55258	1.60855	14.8207	20.211	16.759	9.73691	3.55216	12.4065	28.3094	29.3264	28.7264	27.6087	20.2593	14.2384	3.53195	17.4203	14.7423	12.87	7.79515	11.3732	14.9357	6.99267	10.1135	7.58329	6.70847	13.9248	8.89206	6.97136	12.0452	11.4655	6.45845	6.07659	3.98297	11.6078	20.7569	26.5639	29.8489	28.6888	26.9718	19.5533	8.44047	5.995	8.26981	8.80826	9.17054	8.39706	3.54872	1.53417	5.67321	6.74562	14.2664	10.6903	4.98682	5.21959	4.91303	4.71653	2.96185	6.17207	8.07591	6.86729	5.57116	6.46737	15.9783	16.934
2.87399	4.13979	5.9904	6.99113	3.34538	2.74529	2.84505	1.58088	1.6138	2.20767	2.25716	1.54171	0.953427	0.543306	0.925704	1.0715	1.75637	1.85792	1.36771	1.23143	1.30739	1.65964	1.72496	2.16472	2.68169	7.28555	9.93589	4.99459	2.62954	2.72836	2.52768	2.52768	3.51772	3.06447	2.29805	2.09698	2.24971	2.8755	3.2101	4.78961	2.79735	4.06043	6.13861	3.01311	0.669345	3.03429	4.8869	4.60117	4.06229	4.67365	4.062	3.727	4.96195	4.12828	1.09027	5.40807	10.8976	7.14469	3.70379	9.10444	12.076	9.73323	6.74547	6.22741	2.60278	2.10531	3.25166	2.7874	2.58368	2.07489	4.34612	3.4311	2.60434	3.39015	9.04411	8.34183	2.64677	2.45949	2.31184	2.17332	1.99393	3.14143	5.7159	6.59503	4.80931	2.5638	4.79501	7.84777	3.43576	8.98382	6.91669	3.78839	11.0803	16.0999	12.2168	6.67361	5.75508	13.0182	10.2396	7.41762	5.79968	2.39054	8.8474	10.0415	8.14735	6.50874	4.35329	4.20618	5.49066	5.26031	8.05131	10.9944	8.22681	2.87086	9.77456	7.28656	6.83973	0.659201	2.63581	3.84261	5.77253	8.85575	11.5412	7.97726	1.11322	4.54091	5.12077	5.57588	5.76959	4.78509	3.81705	0.63385	4.01887	3.9051	3.98723	3.68623	4.78921	1.99394	4.14045	3.11026	3.44398	4.09012	2.40548	4.29204	3.78132	2.97006	2.41922	5.85489	10.4965	14.4072	14.6753	6.72822	8.09036	9.77766	15.1157	5.2347	6.18608	4.49804	6.19418	13.0235	2.97031	7.29685	4.53825	12.3877	12.6012	5.00181	11.5725	11.587	15.2376	17.8218	12.5255	8.5568	17.6492	18.6667	15.2293	21.2108	19.3971	3.97057	7.14084	9.00811	8.11651	3.86461	3.65893	3.10072	5.92886	4.59959	5.58591	18.0035	19.1084	5.08363	7.49104	9.5312	4.06088	13.0602	18.4881	9.86366	6.71941	16.2834	24.5364	33.5891	38.5111	34.2912	30.6517	22.3448	9.65926	4.50978	19.76	20.6131	12.17	5.59943	1.19997	8.23386	12.3361	8.95323	10.0444	8.31499	12.9216	16.3667	8.2968	11.972	18.3855	18.476	16.5627	14.2323	12.4337	11.043	18.3558	20.2211	19.0955	19.3241	12.3826	7.46976	18.3032	18.7996	17.5842	15.4311	9.99679	5.33035	3.76798	3.48136	5.43923	7.79123	8.47883	4.76726	5.4294	5.38341	4.68081	5.06327	6.51887	9.41231	9.5441	7.7917	5.09288	5.07215	14.329	17.5038
2.75564	3.22285	5.58736	6.97207	4.09481	2.67019	3.06051	1.93675	1.40933	1.34515	1.16922	1.69637	1.29994	0.724252	1.26649	1.31958	1.69193	1.67434	1.20809	1.04142	1.32177	2.26586	2.4637	3.40671	4.95707	8.19434	7.11792	2.71803	2.58149	2.5993	2.23777	2.52233	3.60726	2.82782	2.03601	2.01942	2.28757	3.00479	3.40535	4.97391	3.37825	4.26369	5.54102	2.72027	2.99428	3.80113	5.05575	2.51891	2.87541	5.22556	5.23472	3.68307	4.72317	3.9821	2.40079	7.25992	10.5916	5.20287	2.22795	7.62495	9.17809	10.2732	10.2079	5.03622	1.83674	1.83445	3.83791	2.56228	2.56066	2.551	4.13606	3.27174	2.37661	2.41435	8.13039	9.54027	2.96096	2.4164	2.28997	2.32013	2.03606	2.13081	3.01227	4.73187	5.79898	2.59092	3.11619	6.49897	2.87935	10.0297	8.9087	3.27581	7.67483	11.3842	12.4394	11.3649	6.4812	7.9508	9.54524	6.96476	6.86594	5.24722	3.17715	6.58818	8.09774	8.65641	7.72338	6.40008	5.99721	6.18609	6.10324	9.02029	8.97261	4.25404	10.1557	6.83012	7.82643	2.47733	2.98881	5.30058	6.33803	7.36621	9.05951	8.35105	2.26564	3.64819	3.22753	2.49856	3.55124	4.62712	4.02065	2.41043	4.9677	4.57853	3.25851	2.70255	4.47816	1.96435	4.31096	3.37425	4.56958	5.61806	4.90291	4.40103	4.47609	3.37251	2.02972	6.277	14.427	17.704	16.8652	9.40058	11.2053	5.94428	13.8741	9.2286	9.31834	4.97435	11.6896	6.52229	10.402	5.17509	9.61613	10.9954	12.6875	9.25689	8.64228	4.11095	15.1133	12.0514	9.80348	9.43627	18.3076	13.2213	8.00971	15.4916	21.7527	19.3079	12.6734	4.11322	2.38513	2.61675	4.87262	5.80232	12.5733	10.4477	15.6872	15.1662	15.9736	13.8387	4.0271	9.32642	12.1544	8.98986	8.95329	12.2727	16.7938	28.8801	36.2885	34.8522	26.317	14.6966	8.45592	6.35688	10.1515	11.6354	16.2828	11.085	2.68016	3.82029	2.37021	4.58941	8.43188	5.26674	7.69277	5.97961	12.6938	17.3828	13.0438	10.7035	13.3232	14.5908	11.5226	15.7009	16.8361	8.84941	6.63019	13.5454	18.3509	18.2094	18.2094	19.5484	15.668	12.596	13.1205	13.2906	11.0028	10.0173	8.94183	5.35794	2.34646	2.48444	4.02039	5.19913	5.50418	5.33672	5.44367	7.98435	9.24229	9.43674	8.50848	6.75405	5.15008	5.26997	12.7291	14.9367
3.13816	3.91146	4.38783	5.98801	4.75295	2.98357	3.03985	2.67247	1.1195	0.688993	0.579586	1.53716	1.51842	1.04354	1.58327	1.43625	1.39681	1.31568	1.30558	1.338	2.05219	3.0394	3.03318	5.06654	6.6611	5.57841	3.94107	3.20589	3.17571	2.16778	2.02757	2.98328	3.79027	2.60363	1.95755	1.88849	2.242	3.16999	3.18329	4.14536	3.22854	3.5792	5.55848	1.75368	2.03899	3.93408	2.73074	4.41538	4.47847	5.23602	5.74277	3.55602	4.5567	3.7863	4.78753	9.3661	8.58861	1.81315	2.46528	6.50125	9.7643	13.2159	9.0511	4.19452	2.45465	3.75644	4.5055	2.78909	2.32183	2.93438	3.8364	3.02527	2.35141	2.50354	6.77588	9.2498	3.86188	2.48566	2.28953	2.40597	2.04189	1.72047	2.04005	2.7986	5.59745	2.43291	4.12117	5.93396	8.61088	7.81527	13.1417	4.65462	4.97312	8.31511	9.31056	10.9328	9.86505	6.99895	6.83012	5.87666	6.5532	6.93324	4.49931	2.18314	5.42664	7.66248	9.04543	8.29779	6.63717	6.03618	5.11934	6.34604	9.59084	2.24381	9.50185	6.79765	8.14259	4.23797	3.06195	5.44569	7.0496	6.5941	7.059	8.92785	3.9064	3.61156	4.38517	2.64682	2.77998	4.3552	3.13163	2.65889	4.13323	4.68186	2.58196	2.73086	4.06639	1.87508	3.88254	3.04994	3.54811	4.14623	4.03112	4.18532	4.27326	2.74771	3.75125	11.2783	21.2022	21.4065	14.2445	5.871	13.913	5.46335	12.3708	7.70591	10.3192	7.82883	10.9093	4.13609	10.0447	1.50996	8.2953	9.3047	18.0356	16.4671	7.86708	17.5418	17.5621	9.95821	4.55044	7.77592	17.1017	9.75023	3.8241	7.65087	15.6107	21.2649	24.3991	23.0164	17.9614	12.1154	6.45005	6.94753	11.3823	2.89314	8.54237	13.5518	15.0132	6.75281	7.65802	9.8831	12.7675	4.3161	4.6552	5.46018	13.0511	31.539	29.5163	14.3265	2.89952	13.0586	19.114	21.4482	18.4694	10.7383	6.90832	11.9418	6.03134	3.55203	3.98231	3.97216	7.27518	7.91349	7.10769	4.48452	9.19315	14.2174	15.2707	13.3355	12.5442	14.9053	22.0217	20.7578	8.49426	7.41416	14.7183	17.1546	17.8738	18.3741	17.0131	14.532	15.3909	5.34308	8.23089	8.93391	9.59041	12.2198	11.8712	7.97448	5.82817	5.47073	5.83593	5.64303	5.49534	5.36091	5.59813	8.27295	7.95728	7.72111	6.25879	5.14388	5.51784	7.79888	12.0062	14.9344
3.86765	2.87126	3.52498	5.10361	4.26786	3.49052	3.57888	3.30258	1.6139	1.06372	0.5091	1.02423	1.36869	1.32691	1.57336	1.29086	1.27586	1.286	1.8259	2.17912	2.56447	3.50994	3.96721	5.90972	5.63122	2.6647	2.06278	3.16231	3.5685	2.11859	1.62915	3.107	3.82754	2.7017	2.20088	1.71283	2.08441	3.25984	3.35604	3.78425	2.50802	3.24923	5.26641	1.55943	1.94928	3.90787	3.30818	6.23061	6.02523	4.57854	5.27556	2.96347	4.49933	3.75823	6.03508	10.7323	7.12014	2.08469	3.13144	6.27751	13.4124	14.8244	5.06194	3.56849	3.78274	5.43288	3.57688	2.72191	1.61378	2.17919	3.27427	3.20881	2.89533	2.70671	5.36358	8.77039	4.80906	2.78259	2.57243	2.51941	2.19487	1.81819	1.94403	2.25315	5.47362	3.77837	4.00545	3.31425	11.3043	8.52549	13.3817	6.55978	3.03115	5.98772	6.70786	7.70818	8.69639	9.20989	8.1841	5.10527	5.16633	6.58708	5.38287	2.80314	1.03598	3.59571	5.10551	6.1112	6.3782	5.67498	4.83912	4.81773	8.93746	1.56686	9.08144	7.14734	8.26509	5.12923	4.64881	4.66163	6.19203	7.8101	7.25082	8.5339	4.91283	3.96518	5.22869	2.97192	4.08836	5.62357	3.70353	2.71952	2.39349	4.64628	1.67832	2.25843	3.34126	2.01213	3.49126	2.50956	1.75019	1.79669	1.70117	3.60731	3.46062	0.853743	6.33983	15.5974	23.4382	15.6593	2.88724	3.46452	15.0139	6.24753	12.0642	7.38922	6.59805	8.71595	8.31809	10.0801	9.73031	7.2379	5.52669	7.38605	23.3994	16.5619	20.1122	18.243	5.45349	4.81098	7.58501	12.1275	19.4065	13.0565	4.66272	0.559583	3.44455	7.01537	11.1237	16.2444	19.4424	20.7941	21.0608	17.1257	5.34004	8.13211	9.8968	7.61309	6.85408	7.70176	11.2934	9.89926	10.0518	0.962665	10.0633	16.6219	25.305	33.0996	13.0201	18.1825	27.1194	28.2831	26.0411	21.2422	19.0693	20.86	16.6319	3.03037	11.9335	4.02451	7.00434	7.20212	8.47204	9.29566	9.11345	7.65476	7.92997	6.2844	2.99154	6.5056	17.016	25.2081	22.5604	8.73136	11.4254	15.3178	15.7486	17.0053	15.6302	17.6595	8.06249	3.15891	15.8686	9.47609	10.6952	8.58731	8.73813	13.1191	13.3034	10.1678	8.20607	5.84593	5.48899	5.42162	5.27154	5.19969	5.504	7.53369	7.03255	6.82769	4.78289	4.07896	5.02022	8.24786	11.4841	12.7292
2.97995	4.25473	4.56563	4.9587	2.82521	3.77927	5.09828	3.69431	1.77216	1.45621	1.30803	1.46408	1.50557	1.15939	1.13802	1.13635	1.55276	1.75462	2.53655	2.7334	2.21838	3.88102	5.76303	6.05408	4.1937	2.02785	1.13272	2.3776	3.52322	2.19178	1.3194	2.93976	3.47965	2.76625	2.56398	1.47264	1.82098	3.00307	3.49421	3.99094	2.30467	3.40369	4.82723	1.52781	2.37288	4.12462	3.59491	5.57339	4.66399	4.5348	4.34305	2.31344	4.38827	3.63163	6.4805	11.0939	6.28394	2.18048	2.14976	8.0696	15.713	13.8992	2.11418	2.25962	2.7582	5.24556	2.02437	2.83478	1.20043	1.7008	3.12704	3.40393	2.73506	2.36593	4.18727	8.40801	5.62322	2.85898	2.68367	2.52063	2.23739	1.9156	1.83154	2.26125	4.71272	5.20446	2.88583	2.4561	7.40764	11.7269	11.627	6.63867	3.48643	4.34995	6.21398	6.8672	5.63865	5.64353	5.87132	4.14078	3.04496	5.27663	4.67397	4.3659	3.33337	2.39106	3.08826	4.15136	5.23882	5.34767	4.20404	4.11831	7.34963	3.50279	8.87204	9.14865	7.81378	5.02755	3.77258	3.44692	4.88674	8.55916	7.16386	7.37132	5.35971	3.86688	4.91065	2.9517	3.65835	5.52563	2.69295	2.5305	1.01155	4.4052	2.88644	2.08493	2.66082	1.89252	2.71999	2.35704	2.83772	1.1259	2.1227	3.24595	1.49214	2.40622	8.58385	18.4701	22.4592	10.293	3.40379	5.12082	12.5808	3.88833	12.915	5.41102	4.48616	9.26216	6.15231	10.2641	6.90989	6.47569	5.14745	8.67161	25.1149	12.8117	23.9704	14.3986	6.42136	8.268	7.61381	11.0868	21.9352	20.0794	6.52193	2.96007	3.11902	1.8939	3.46649	5.82425	8.86038	10.861	11.5829	9.44214	12.3023	12.2211	10.3046	10.5798	10.0468	6.61425	10.5012	9.53575	6.18423	3.97178	18.3912	20.4039	24.9249	21.4252	5.08177	25.2261	27.3476	26.292	20.5763	12.7818	7.37301	16.4541	23.7549	16.1547	11.4015	13.7862	9.18823	9.62369	7.62568	8.81397	10.739	9.58359	13.5787	13.4962	13.3516	11.1837	21.8262	25.8672	9.42473	8.45708	14	12.1894	13.7941	16.3445	12.0732	17.0368	5.05592	3.47388	8.59613	15.0533	14.1931	6.8559	6.32534	11.7939	12.5963	11.2113	10.0966	5.80768	4.52298	4.64731	4.77313	4.5854	5.3925	6.93779	7.21997	6.28978	3.6882	2.80562	3.51146	5.65535	7.68182	8.10625
1.36536	3.64238	6.54167	5.30621	2.09898	4.35521	6.21607	2.64289	0.58298	1.1102	1.8797	1.78418	1.05326	0.894945	1.04594	1.01984	1.98504	2.35043	2.88515	2.63339	1.60005	4.80218	7.04088	4.63165	2.13889	1.00054	0.925888	2.06969	3.58742	2.5036	1.38134	2.81471	3.35216	2.42377	2.39457	1.54551	1.6844	2.78556	3.42742	3.76185	1.53614	3.81515	4.16146	1.58484	2.30089	3.63923	4.74152	4.11428	3.45807	5.31336	3.49327	2.36829	4.25231	2.62847	7.4825	11.1494	4.87817	3.11053	1.63931	9.70891	14.9486	12.924	3.81852	3.27563	2.83659	4.85581	1.48459	3.13143	2.03309	1.87273	3.12613	3.65781	2.1093	1.8258	3.48042	8.08153	6.14769	2.82363	2.64786	2.42724	1.96291	1.62336	1.50612	1.7471	2.98498	4.249	2.41904	1.87816	2.73724	3.82592	3.74319	2.73848	2.61393	1.27539	3.67822	6.1211	4.86124	1.09889	1.49033	1.88908	1.94217	3.4249	3.51881	3.47116	5.48412	4.64543	1.30538	2.31553	3.38283	4.61837	4.79041	4.20215	4.64578	4.0134	5.23767	10.3964	8.12775	6.01776	4.90731	4.60432	3.79053	7.38563	7.94201	8.0825	4.76505	3.44894	3.44229	1.80343	3.39857	4.90896	1.32101	2.39034	2.42622	3.29483	3.48762	2.70034	1.89348	0.958327	2.01698	3.74619	3.45003	0.614705	3.4972	3.32269	1.43263	3.4427	9.66455	20.1735	20.6793	6.70255	5.18994	4.52485	9.41349	3.44665	12.2435	5.18657	3.98336	7.94619	2.90333	9.74349	4.23892	5.49689	5.22507	9.18994	23.0659	9.68313	19.7607	13.0587	8.51939	14.5519	6.80279	0.683303	18.3774	23.14	6.43108	2.7643	5.13973	0.667298	2.17152	2.58115	3.62401	4.73451	4.99697	9.75641	15.0752	8.7596	4.69121	0.627491	3.67463	3.90155	7.91141	8.02395	4.89036	4.05941	16.0911	18.0519	17.1976	12.6154	8.81811	23.1533	19.1085	5.52739	15.601	12.5187	8.27534	3.81836	14.0804	19.9574	6.70547	19.3107	5.9555	9.80803	10.9303	11.2399	8.50935	12.5945	20.7896	14.3409	9.3689	9.70928	20.7397	20.9896	5.80986	13.6378	14.2585	11.3018	12.1039	13.4422	10.7352	16.9188	12.0578	4.84341	5.04517	8.85148	12.7521	7.60807	6.99783	9.94633	11.3137	11.6697	10.8616	8.49924	5.85862	4.23387	4.41368	4.67751	6.75287	7.71361	8.02152	6.35485	4.34921	2.48399	1.24271	0.896313	2.97623	7.05892
2.0476	3.56643	4.99362	6.17588	3.7175	5.53274	5.83513	1.47746	0.639537	1.2113	2.05506	1.6023	1.03116	1.05286	1.14055	1.18521	2.79774	3.1499	2.53731	2.11065	1.97812	5.55712	6.69352	3.27868	1.49138	1.29613	1.2165	1.97549	3.65902	2.80309	1.65083	2.93873	3.84716	2.37306	1.91822	1.71057	1.78293	3.04009	3.98155	3.74891	1.49141	4.48235	3.9579	3.24235	3.13276	3.95353	5.36556	4.43566	4.89106	5.00743	3.11932	3.29505	3.73041	0.878504	7.58793	10.3758	4.24497	3.89968	2.17266	10.6045	12.4413	12.6904	7.2353	5.53292	4.74946	4.73481	2.49967	3.95274	3.00914	2.84952	3.06949	4.05864	2.78993	2.36567	3.14718	7.58577	6.50949	2.93545	2.63783	2.58119	2.10726	1.77646	1.7204	1.82797	2.14125	4.11665	4.32608	1.20816	4.0202	4.5265	6.04375	7.48555	7.60081	4.96955	1.0104	4.20006	7.43222	4.23568	1.4482	2.56494	3.23041	3.53956	4.08825	1.03118	3.49037	7.57255	4.65608	1.68111	2.94488	4.45891	5.52187	4.64603	3.2213	3.68195	2.14774	9.23531	10.4807	10.1745	8.87707	6.3431	4.04323	5.86699	10.1338	9.44956	2.51303	3.60044	2.08592	0.894774	4.67283	3.20701	2.30706	3.09476	3.71763	2.09242	3.35251	3.38776	2.23982	1.20656	3.10481	4.5846	1.62019	3.71306	4.90266	3.27924	2.28066	3.56719	11.3686	22.3223	19.3633	4.42785	6.71644	4.7714	7.66886	4.92952	10.9265	9.99056	5.96833	7.19662	3.59959	9.16444	5.97049	8.02863	9.97403	15.6394	19.7982	2.79071	14.8625	8.70623	8.62223	13.0172	6.41398	5.55993	19.8679	22.3939	7.95093	4.98265	5.25967	1.01615	6.85099	10.0078	10.2398	9.37796	7.92332	6.47536	9.77805	7.90804	6.00114	4.9684	1.36615	4.51137	6.55252	4.83797	3.00791	0.461187	9.43533	17.4183	19.7364	14.5824	3.22319	18.9973	17.2715	8.93767	6.74874	16.8071	16.5776	9.18046	9.88536	10.4353	12.64	13.3297	12.8412	10.7768	15.6886	10.9178	10.5253	19.3419	19.5002	9.05586	11.263	8.95531	16.544	12.269	16.803	21.3261	21.3902	17.5846	9.22032	9.24005	11.3213	13.2466	9.61007	7.4777	2.80315	6.44015	12.0708	14.7633	13.7221	13.4651	14.3341	17.3091	18.9501	15.1025	8.48481	5.43436	5.63684	7.2864	10.0516	11.4059	11.6197	6.52252	7.93217	12.2602	16.0134	18.8017	20.6829	23.6938
3.44317	4.47171	3.0896	4.79637	5.74567	6.40121	4.8013	0.994427	0.967194	1.53129	2.03046	1.22175	0.921097	1.14748	1.50788	1.75075	3.37112	3.16059	1.89275	2.1738	3.42196	5.47947	5.21992	2.63777	1.3677	1.34788	1.28508	1.73271	3.56578	2.51098	1.58865	3.27501	4.074	2.50803	2.06126	1.87082	1.54259	3.11575	4.40794	4.34846	3.40137	5.11169	4.47426	4.73806	3.8785	4.31531	5.3675	4.99966	5.57518	3.64017	2.85193	3.68633	2.94526	1.14479	7.44541	10.0723	3.56355	4.25133	2.08919	10.2777	10.5978	11.8358	6.37943	4.44536	5.61616	4.55539	3.04614	3.97532	2.62696	2.70539	2.5438	4.20239	3.17887	2.29414	2.61049	6.86251	6.89578	3.05923	2.50944	2.71449	2.13291	1.75899	1.73272	1.69276	1.76993	3.92767	5.98569	2.00709	2.08553	2.59054	4.65124	5.09994	7.53984	5.40211	3.71114	2.48161	6.09929	8.30573	1.76306	5.3563	3.00847	4.60085	4.9298	3.31859	1.42193	6.09985	6.90277	3.4759	1.53129	1.75203	2.98554	3.86336	3.86843	3.70275	3.14612	5.63117	8.57071	9.61775	9.58842	8.20505	6.3149	6.67587	11.3551	8.32021	1.55825	4.09528	2.52296	1.94718	4.23208	1.21327	3.72009	2.91733	3.87624	2.53702	3.61203	3.03564	2.27996	1.01475	3.65269	4.53487	4.8969	5.74701	4.27172	1.24151	2.63002	5.51837	18.0812	25.3708	14.6986	1.30789	8.97953	6.47171	5.82825	5.76403	6.68225	9.7456	6.827	7.34392	3.75838	7.1565	3.05276	3.72634	6.81513	15.4122	11.4167	9.0354	19.1853	15.8996	12.0343	6.14391	4.75457	9.7924	22.6039	19.7567	9.67372	6.3352	4.21275	3.57214	15.3085	15.056	12.2639	10.393	8.7518	6.67001	6.76128	6.96876	4.57677	3.72158	5.11426	4.73176	5.01216	3.09831	1.47504	2.06889	4.26866	14.7666	17.2904	11.7233	4.45002	14.4722	14.2452	6.33815	5.48142	7.82688	8.55543	18.1588	6.42028	9.25627	13.8636	6.97256	15.2331	13.5822	5.51859	16.253	19.2157	12.9201	9.18986	11.8022	16.3156	16.5718	15.4247	12.1776	24.6732	20.4794	15.1002	14.7173	6.14625	4.29528	13.0463	5.43332	9.33074	12.4769	12.0643	13.274	14.2227	13.8526	13.9714	14.8756	17.2814	18.6585	19.3564	17.074	7.91823	5.73866	7.89666	12.5813	14.4729	13.7866	11.5213	10.4604	17.3657	14.9394	12.578	14.0496	15.9869	15.5279
5.13084	6.16244	3.94224	3.56963	5.54838	6.85159	5.16806	0.541593	0.886875	1.76461	2.01939	1.12868	1.05471	1.55139	2.36221	2.71636	3.17293	2.87091	2.32868	3.2993	5.14852	5.26345	3.25633	1.65826	1.44235	1.36145	1.17667	1.73528	3.56689	2.45074	1.35082	3.26733	3.80887	2.87433	2.69084	2.09618	1.60804	2.89244	4.26954	4.66754	4.8328	5.85258	5.62609	4.96571	3.52308	3.69166	5.23579	5.07198	4.92521	2.72273	2.89244	3.48772	3.02503	1.79412	8.02759	11.1179	3.03872	5.68672	2.26461	8.50813	9.95325	11.4732	4.6444	3.65409	5.68333	3.70088	3.27789	3.68829	2.66227	2.20427	2.17004	4.49113	3.37762	2.14693	2.39957	5.89662	6.95847	3.57545	2.51964	2.79925	2.1493	1.73528	1.75865	1.63173	1.71501	3.43874	6.42012	5.62791	2.72772	1.11796	0.985447	4.08841	8.44381	5.20289	3.69659	3.95942	3.13651	9.13575	4.23278	3.77984	4.59699	4.4883	2.91406	3.82598	4.42687	3.50006	5.37346	3.90606	4.04069	4.09281	2.08998	1.53935	2.77168	3.0491	2.93947	3.01834	5.27112	6.63042	7.82861	9.32199	9.23134	8.81601	10.5475	5.87737	1.81087	4.40576	3.85267	2.51011	3.47849	2.38356	4.44677	2.85349	4.08333	3.35069	3.82737	2.27812	2.26283	1.32571	3.51102	4.38436	4.91887	4.36087	1.52965	2.49476	4.13903	12.9114	25.5194	21.5153	4.56902	4.73566	8.05782	5.61559	6.83139	4.66462	8.38332	8.24723	4.99302	7.09237	0.559058	4.7454	0.554745	3.61852	2.027	12.4969	6.40096	17.7385	15.5447	6.64945	2.44051	7.54648	14.1346	16.6747	22.0922	15.5077	6.52914	2.85684	1.65599	7.57838	19.8234	14.6174	12.542	13.9823	13.5276	11.2951	9.15348	7.54081	5.24177	5.77958	5.71375	3.11117	3.02626	5.44737	4.46495	2.77531	7.48179	15.7505	13.0589	6.17749	10.3621	7.2188	11.7747	11.8535	13.0196	10.1104	7.36326	15.4345	9.66329	13.3925	12.1343	12.7891	9.73048	18.8122	1.30708	21.8489	17.8895	6.36712	6.06106	6.18573	15.8787	16.1882	10.7625	14.6519	18.4223	5.41314	2.3744	10.9959	7.82409	8.72618	14.7455	15.6924	14.814	13.8695	15.0157	16.4659	17.2328	18.6388	21.1074	23.0935	23.2068	19.4887	22.7006	18.5577	6.27471	7.4767	12.7345	17.9785	17.2932	13.7555	9.7129	17.9009	20.4064	11.9269	9.86278	8.5815	8.54166	7.11701
5.23109	5.20422	1.6664	3.17843	5.20615	6.89198	5.11521	0.644798	0.794077	1.7181	1.99149	1.2554	1.64849	2.4114	3.4263	3.82946	3.51689	2.93537	2.94698	3.55939	4.71031	3.4802	1.26322	1.01057	1.33159	1.51515	1.35714	1.86612	3.21378	2.98872	1.84935	2.8744	3.54903	2.63358	2.65631	1.80572	1.42903	2.26058	3.67227	3.85915	4.04799	4.8822	5.03534	3.38758	2.8479	4.06077	5.1302	4.84374	4.05272	2.46744	2.61963	3.21936	2.98581	1.5099	8.24926	11.4518	3.33336	7.16813	2.18726	8.9212	11.6446	10.3789	3.16605	3.61739	5.55935	3.4238	4.13666	3.09707	3.41115	2.03733	1.81279	4.46176	3.2274	2.13251	2.57727	4.88349	6.32374	4.39843	2.51057	2.52333	2.05133	1.70184	1.74033	1.64402	1.60023	2.30952	4.80464	5.91337	5.70566	3.8551	2.51126	5.62619	7.38315	4.4584	3.3267	4.75422	2.70174	9.04247	4.51113	1.38253	3.02617	6.8305	4.29352	2.45173	3.73447	2.72518	5.23604	2.25621	0.8273	3.78608	4.8101	3.91306	2.14858	1.52125	1.30345	1.39616	2.47316	3.9589	4.93237	6.16901	7.41867	7.46903	7.33265	3.21978	1.60364	3.69795	3.29749	3.26914	3.94608	4.1403	4.48278	2.73284	3.59148	2.35538	2.61051	1.77048	2.43696	2.09948	2.6518	2.31128	2.16965	2.21623	2.2624	3.792	8.35603	20.8181	23.5397	9.15652	3.27332	2.51582	6.11441	8.03912	7.98867	3.86594	12.4983	1.55764	8.70664	7.27067	6.18499	2.81432	0.723798	4.11143	3.90391	12.1257	0.42568	17.5082	7.75257	7.88528	3.79046	16.2093	17.7721	18.1846	17.9189	10.8834	3.06277	1.45987	3.16577	9.59622	23.336	16.6148	7.3857	4.85965	5.31597	5.59599	6.51185	5.10709	3.20886	2.46188	1.68314	5.91393	9.67537	8.85749	8.13277	2.18813	6.88692	12.3425	10.0103	8.38048	8.5839	7.7332	5.26175	5.3341	10.4378	12.6512	8.50634	17.042	19.9165	19.0523	15.3649	17.2345	6.39401	14.3405	13.1018	24.7275	19.1656	12.2638	13.3091	14.3961	14.7315	13.588	6.18218	20.0631	13.4119	9.72068	10.9816	13.0351	16.4412	18.93	19.5735	17.7853	16.0925	17.8779	21.0206	25.0507	28.9173	31.3625	34.4954	36.9652	34.7122	30.1088	29.4333	18.0569	7.12236	13.4671	17.5486	18.6342	15.5994	14.038	11.2138	19.6329	22.0428	18.737	12.8757	8.96577	10.2729	7.19883
4.60388	5.93448	3.34019	3.44115	5.19768	6.70175	3.77147	0.663389	0.617249	1.60914	1.93874	1.81342	2.75357	3.32491	4.20113	5.73245	4.23797	2.07336	2.8804	2.95806	3.66864	3.07337	1.06316	0.61415	0.936365	1.28265	1.35263	1.88902	2.54145	3.39709	2.65126	2.64391	4.09169	2.75746	1.98133	1.62299	1.15501	1.51662	2.62541	2.87979	3.2492	3.26441	4.09207	2.19064	2.32326	4.3333	4.37573	4.39859	3.54681	2.17181	2.3284	3.33965	2.43881	1.69541	8.21983	10.286	2.66495	7.53236	3.2296	10.9922	9.72283	8.65542	5.31151	3.37295	4.93325	4.50135	3.59558	2.48565	4.06069	2.19634	1.22754	4.47795	3.42116	1.83784	2.53779	4.29014	5.30094	4.78163	2.75747	2.11788	1.96967	1.78087	1.64281	1.56838	1.5123	1.4511	2.36951	4.04585	5.61812	5.50838	0.666625	5.0957	6.66645	5.03384	4.20674	5.18615	2.98649	9.14315	4.67836	2.01108	1.67599	4.77526	7.46233	0.635639	2.77962	2.59074	5.95424	3.43751	3.44802	1.97123	1.57357	3.89584	3.9766	2.70137	1.92153	2.63217	2.2118	0.745243	1.75654	2.89407	4.09227	4.64735	3.94548	1.46311	2.26936	3.61642	1.50701	2.04092	3.59596	4.09827	3.28258	2.21755	3.35345	2.02205	1.31571	0.147048	2.13198	1.72612	1.61062	0.78478	1.01035	0.981453	3.11575	4.85526	14.6461	22.7836	14.8713	2.83631	5.37969	4.58795	7.63863	11.1221	7.49541	9.17416	11.989	2.43594	10.7663	3.64869	10.5737	3.83786	1.94119	3.97431	12.9431	15.4364	11.8945	10.8469	8.27693	13.5304	3.96129	17.8039	16.3351	8.94508	9.60967	5.27753	0.825099	5.64221	8.14287	15.9699	26.2162	14.6615	5.26428	6.98044	6.77291	3.56863	5.33099	5.19621	2.41826	6.51986	10.4433	11.9692	9.3555	7.3959	9.71629	4.53913	5.01708	8.92401	11.3039	8.88553	5.98401	7.13865	8.10142	9.53937	11.9358	16.5988	13.949	18.6574	20.0851	19.5012	20.1185	22.3401	9.86811	6.80504	16.7265	18.6331	12.758	2.99767	2.92671	8.23183	15.6368	14.5581	19.6531	25.3288	23.1927	26.9637	26.8707	23.4632	22.1984	20.6897	21.7543	23.0704	22.6087	26.769	27.8869	30.1442	32.4136	33.7296	37.3578	39.7531	38.775	41.4415	32.3519	15.6159	10.8899	18.17	18.7078	17.3173	15.2847	15.9093	14.436	17.3003	19.1776	21.8834	17.1548	8.38026	10.2128	7.04065
2.47499	4.23503	5.05799	4.66238	4.99271	6.17768	2.58759	0.68499	0.641559	1.75104	2.47334	3.26768	4.20466	3.81533	4.0126	4.98453	0.236046	1.35924	2.98457	2.75786	3.53807	3.82206	2.29579	1.20524	1.12638	1.30781	1.31839	1.72308	2.19064	2.89602	2.32841	2.93705	4.88248	2.59592	1.75766	1.93794	1.45957	1.53848	2.16826	2.84244	3.17531	3.08132	4.09378	3.66781	4.04947	4.84103	4.19246	4.15724	3.45442	2.35505	2.45319	3.62981	2.40981	2.70035	9.1399	7.96255	4.9684	7.15845	6.77238	11.0573	6.43706	8.71014	9.66112	6.77105	5.62343	5.25471	2.51069	2.03212	2.89177	3.24747	1.84373	4.85281	4.10336	2.08404	2.90047	4.2094	4.54434	4.52331	3.06664	2.19049	2.01933	2.07137	1.80981	1.64339	1.6008	1.42679	1.69447	3.10884	5.17151	7.25735	5.24945	3.48723	8.37128	6.58804	5.85942	5.64906	2.78548	8.83804	5.36545	2.55418	1.75128	2.92442	7.1092	2.48484	2.79391	4.42724	5.25937	1.87969	3.15408	4.01088	4.00897	3.56298	3.53055	2.4943	1.31637	1.46672	4.82416	8.70658	8.76138	5.49562	2.15577	1.83087	1.8196	0.687808	3.37454	2.7152	2.16915	3.31289	3.44519	3.25464	2.84353	2.11995	2.79151	1.89833	1.10875	0.743789	2.93123	2.25358	2.23082	1.43553	2.11437	2.59961	7.08904	6.52908	14.003	20.7089	12.9458	4.08187	1.39431	1.75565	4.7188	7.91925	9.98022	7.03393	11.4974	5.72707	12.2875	3.66152	10.0387	3.03543	1.78545	6.92115	18.0702	4.66106	16.2356	5.47239	5.48487	13.7932	6.45433	12.5935	20.7257	10.8416	4.37648	1.46871	6.94637	12.0999	16.5609	22.2252	19.9067	3.5742	14.6884	8.41835	2.79506	5.37069	4.30039	8.56396	10.5662	5.70616	1.17696	3.99664	1.28241	4.11981	8.53246	7.0713	3.40611	2.47978	7.44785	9.37378	9.6154	10.7584	13.4266	14.4745	14.5123	19.9363	19.1453	16.7263	16.9392	19.4468	24.2158	28.787	21.294	11.4619	14.8482	20.8182	22.761	23.3023	25.6149	24.1053	24.5804	17.899	34.4361	31.1253	29.3214	30.5518	27.6982	22.7779	26.4749	27.9275	27.9442	28.6938	30.1653	32.7905	32.0443	33.2472	32.1185	33.6575	33.4628	24.3661	37.136	46.8246	33.4524	12.141	21.759	30.0324	31.438	29.3016	23.7436	20.2772	20.68	19.5334	15.9648	22.5033	20.1496	9.45414	10.2725	7.65399
1.5652	3.21985	4.81037	4.60644	6.01726	7.3733	2.87953	0.72273	0.803859	2.22521	3.93987	5.0107	4.19053	2.61889	4.13498	4.50846	1.68686	1.51927	2.27358	2.44488	2.9691	3.77813	2.98701	1.34052	0.90711	1.17435	1.48743	1.55185	2.83856	2.66989	1.54903	4.00204	4.79611	2.33678	1.81744	2.03989	1.43409	1.54906	1.95388	2.34343	2.54843	3.34387	4.02995	4.51976	4.29505	4.69528	4.16149	3.31515	2.96354	2.51254	2.55601	3.51896	2.37734	4.12103	9.8062	4.55663	7.88055	5.09375	9.3182	9.94972	3.8754	5.48696	8.20901	7.13935	4.92775	4.58616	4.66715	1.35513	0.852232	2.91131	2.20597	4.96029	4.3717	2.15722	3.19851	4.14614	3.96406	3.98221	3.09424	2.44524	1.88028	2.09181	1.91263	1.68672	1.70988	1.50904	1.66832	2.41143	4.40259	7.85841	10.3421	3.19811	8.9068	7.38047	5.84729	6.64898	2.59101	7.11911	5.60334	3.83216	1.40979	2.70343	4.37644	3.89548	1.64915	2.43505	2.39185	1.55908	0.99197	2.35462	4.27062	5.16711	3.79665	2.76578	1.93611	1.67082	6.78362	9.95713	12.1303	11.9136	8.61607	5.30243	2.22101	1.21683	4.02359	1.02696	3.56222	3.4369	2.77656	2.47931	2.13803	2.37981	1.9375	0.874778	1.80056	1.2737	3.6408	2.71922	2.46551	2.75745	2.03511	8.22152	11.2539	6.89751	5.89761	16.9096	15.625	7.17266	4.0487	3.45504	4.27909	8.62695	13.1347	3.67025	9.82446	10.139	9.84528	8.25525	8.70021	1.39174	4.25715	11.75	16.2485	6.74942	10.1385	2.56727	7.52272	8.34569	11.1393	4.39051	22.1796	16.2337	2.09181	8.23713	8.83549	10.1951	14.2171	14.6464	4.76996	16.8112	14.0205	8.19171	7.48717	0.570108	9.92709	15.682	6.90905	12.5044	18.384	19.5742	14.76	5.80567	3.76737	6.25378	6.5233	6.052	4.05624	6.49627	10.6876	15.0226	18.9552	19.4335	17.2437	20.2579	17.4435	10.8252	14.4827	17.5833	18.668	30.2065	22.7924	17.7119	25.6212	29.3622	29.8918	27.6615	27.4006	24.1079	29.9321	13.5864	42.5874	30.7485	23.472	21.9325	25.3132	19.3886	24.2474	24.4296	18.5741	17.1296	24.7691	25.9709	28.6718	31.9053	29.2175	27.9728	18.739	21.1654	39.657	45.5071	32.4812	7.79981	28.7704	37.5216	39.3569	38.4411	31.2489	23.0065	21.2712	21.6901	18.9517	20.6568	18.1933	11.7987	10.941	8.55195
2.54845	1.95978	3.99393	3.64115	5.96922	8.43024	3.56864	0.805498	0.791673	3.12737	5.22418	4.67427	2.10315	1.75708	5.20164	4.20521	2.44362	2.41918	1.59655	2.3321	2.86346	3.73727	2.97071	0.887676	0.587809	0.872141	1.67503	1.75061	3.65196	2.57339	2.08037	5.02406	4.81861	2.21848	1.67959	1.99579	1.47536	2.18372	2.70221	2.97315	3.23016	3.93731	3.92871	4.30588	3.91834	3.72072	3.19084	2.30087	2.51203	2.41833	2.54566	3.33315	1.71054	5.69819	8.17369	4.299	7.48683	2.16798	10.0294	8.10252	3.31975	4.51005	5.89013	4.72551	6.62637	6.53754	6.4573	5.21334	3.88472	4.01571	2.52391	4.10177	4.20321	1.69452	3.06484	3.65591	3.52534	3.77029	2.98353	2.73457	1.95209	1.97296	1.87736	1.58935	1.62795	1.52408	1.52707	1.4794	2.2456	4.94165	10.8695	6.91253	8.75182	7.41703	4.83353	6.28848	1.9276	4.95649	4.63891	6.42114	2.99044	1.99802	2.30577	3.50113	4.65733	3.7156	4.36115	5.35806	5.89693	5.98846	4.64908	2.25431	2.21467	2.32756	2.04317	3.62315	8.08692	7.84181	0.619623	8.07622	10.365	9.0086	4.43882	1.31074	3.97484	2.55782	3.09517	1.48233	1.76207	1.94958	1.91781	3.48607	1.67325	0.691715	1.61802	0.960883	3.25294	2.52832	1.37857	1.59273	1.3377	11.2632	9.95542	2.19945	5.09547	14.3585	16.0821	11.1908	2.4189	2.9979	2.30087	6.02882	13.636	9.21392	11.6314	8.86838	3.46251	11.2912	5.04533	2.71004	8.3551	13.7779	12.3816	12.2328	8.9394	2.45894	7.06755	5.81791	11.9132	13.7462	24.7965	15.6199	2.14731	9.46017	5.82617	8.30537	14.091	11.5055	13.933	16.8102	5.56889	13.0054	7.02035	14.0367	11.3429	3.29617	13.8857	20.0995	14.934	18.3425	24.6314	20.8672	9.21092	2.6628	8.2921	9.22872	4.24007	7.2686	11.253	14.3516	16.5492	15.9218	17.7549	20.286	13.8538	8.75138	12.6458	12.0729	11.9636	31.0799	19.4077	17.047	20.0132	22.8509	26.6595	24.3232	15.8212	19.9518	32.6068	11.6141	44.7324	21.9004	21.8641	21.6911	25.2646	22.3058	18.2913	13.5008	16.0078	16.059	22.7059	21.5929	27.6239	27.1317	22.8269	11.7067	25.1054	29.8856	38.7656	43.98	22.6748	20.1413	33.6317	39.3895	35.4912	36.9416	41.2086	34.6629	24.9843	25.357	22.2402	18.4849	17.0945	13.0281	11.5056	8.82775
1.84307	1.08185	3.6534	4.52294	6.89317	8.44048	3.54139	0.872795	0.817746	4.10074	5.888	4.01128	2.39657	2.95443	4.90541	3.08568	3.25376	1.61656	1.34067	2.41781	3.5438	4.60305	2.87732	1.62765	1.17934	1.07404	1.67643	2.04268	4.06881	2.26203	2.31623	5.50876	5.05443	2.09538	1.48347	1.97356	1.76879	3.01278	3.00456	3.17736	3.88537	3.95159	3.71305	4.17666	4.04828	3.05303	2.13046	1.93538	2.49628	2.45957	2.97014	3.30837	1.22584	7.08143	4.56471	5.32858	4.69949	4.27165	10.1153	5.14894	2.87994	5.49766	5.83295	4.23444	7.63776	8.67254	6.4199	4.38907	5.62109	6.18929	4.10532	2.37891	4.62202	2.43854	2.51766	3.37626	3.62499	3.72279	2.69575	2.75488	2.09138	1.77375	1.6748	1.57936	1.7208	1.53288	1.37531	1.35742	1.37829	2.26269	8.56888	7.51337	6.33642	6.00718	4.38885	5.99619	1.2854	3.47127	3.58072	6.60819	5.32942	1.85913	0.776808	1.63584	3.23019	2.21814	3.70754	4.00669	5.69895	7.7192	9.10833	6.12814	0.959895	1.95307	2.41722	3.57344	6.94107	9.55436	8.42104	1.44103	8.94184	11.0619	5.65846	0.968159	2.98344	2.70534	1.35847	0.277062	0.996234	1.5511	2.32308	3.89461	2.68781	2.11411	1.16811	1.91703	2.62336	2.46342	0.989449	1.67333	4.05711	11.3626	7.13531	0.235901	10.099	15.113	13.6557	7.65086	1.08913	2.64573	4.32504	3.96308	13.5539	6.53964	9.33906	3.59197	6.98017	7.45511	1.35846	5.64239	11.3258	13.3383	10.0668	10.8037	14.7901	7.33573	4.3724	6.27812	9.02896	22.5083	20.1335	6.39641	3.19854	5.91794	5.48533	9.12161	13.5251	6.19236	14.6295	8.91657	8.95538	11.9829	15.535	13.8142	7.28883	5.97696	14.0483	15.2512	10.9851	10.6901	16.5536	27.0372	19.3381	7.71289	7.21472	8.51289	4.85109	8.97522	11.0709	12.2332	12.0033	10.4996	13.4535	15.5735	12.9077	12.3741	11.7292	8.54044	12.6252	29.3626	15.7697	16.576	15.6539	14.7148	18.9742	19.928	18.2253	22.6021	32.8056	6.00359	45.9304	25.5966	19.192	24.4567	24.7872	26.2715	15.5195	12.3435	20.1443	24.8241	25.0302	23.4759	26.8291	19.5885	13.7319	20.6153	35.5231	28.3519	36.2525	41.6286	7.4572	35.7924	35.1977	33.6464	35.5478	29.743	38.8681	41.8836	32.3325	27.9217	23.5921	21.7495	20.068	15.2841	14.1798	10.7598
0.876439	2.30864	3.39462	5.13149	7.42714	7.74503	2.93709	0.855143	0.926191	4.82243	6.68736	4.82935	5.09474	5.31514	5.23488	2.67818	2.00925	1.54956	2.37845	2.47781	3.99087	5.22366	1.29258	2.65867	1.56364	0.916793	1.76497	1.61038	4.41624	3.4932	2.46525	5.53249	4.93243	2.18031	1.73633	2.25712	2.13487	2.77912	1.40148	1.42316	2.45366	3.05739	3.68676	4.24344	3.37116	2.34846	1.76044	1.97323	2.69306	2.69732	3.4213	2.91829	3.34104	7.26955	1.59648	5.92956	2.23265	7.23563	9.34164	2.23148	2.70684	6.32185	5.26781	5.1547	5.64251	8.56253	7.95281	3.36934	3.06385	4.37793	4.96108	2.53165	5.10652	3.99961	1.98158	3.347	3.80486	3.47236	2.4254	2.5615	2.04432	1.70764	1.62249	1.63482	1.94875	1.70988	1.57211	1.58803	1.55819	1.76303	5.79045	7.56171	5.90418	5.20717	4.5005	5.8828	1.69727	3.2501	2.73888	5.13859	5.62118	3.47129	3.68258	3.40798	1.82347	2.15977	0.883831	1.15553	2.19983	2.56388	6.77089	7.29341	3.44103	2.95451	2.53428	0.83386	4.2475	6.90779	10.5061	9.70782	7.21785	11.7596	6.00908	0.98052	1.29705	1.81703	1.04301	1.04467	1.3356	0.977774	1.49669	3.2155	3.17476	3.39611	3.58916	4.26082	3.34113	1.80529	4.17902	8.99744	9.91417	11.8426	7.43667	10.1599	17.0472	13.6682	9.37634	5.52625	1.66735	2.5897	4.00905	5.52435	15.2472	2.83819	14.965	8.6243	6.3236	3.78364	1.23419	7.31036	10.5695	11.6372	8.87282	2.64388	13.9579	7.84603	7.03376	11.5739	17.8592	16.7243	1.25117	9.69025	11.7644	8.9963	6.57631	8.15191	9.57034	11.6267	10.6669	4.38	7.56738	8.21017	6.54085	1.48629	7.27187	8.74295	10.4228	11.9599	14.7114	22.4728	13.7532	15.7244	21.9631	13.1066	5.97644	6.1698	6.5819	8.59813	8.40096	9.92044	9.9285	8.93141	10.2548	9.93955	10.1204	12.0427	12.1192	9.4093	15.8046	25.7944	12.723	17.9503	14.5599	10.1686	10.3288	17.0517	21.0268	26.5661	30.9907	11.3429	36.9565	38.3603	18.9318	11.3416	4.1356	19.4492	16.9125	14.771	18.1745	22.632	21.7916	19.5753	19.487	9.33911	21.2776	31.1364	34.4364	27.232	35.5661	32.5236	23.6939	43.0156	27.6317	16.7585	41.0384	26.4444	27.6393	42.2751	38.1191	34.1969	26.8881	23.3218	21.2436	12.4387	11.584	10.8408
2.68322	3.24776	3.46945	3.81432	8.23199	7.66198	2.40202	0.830819	0.989073	5.30564	7.27337	5.06651	4.77505	3.09735	2.59933	0.971695	1.91205	2.21075	3.55951	4.43115	4.71209	5.40572	1.75356	3.33114	2.01314	1.4254	2.25185	1.59564	3.06388	4.41241	4.33816	5.16185	4.39572	2.79561	2.67587	2.82354	2.21302	1.99165	0.935303	1.94101	3.23612	3.56491	3.80054	3.91611	2.33126	1.8625	1.81618	2.08651	2.71305	2.78066	3.48271	2.21205	6.18407	5.64929	4.81505	4.7187	4.1235	8.99181	7.18398	1.89009	3.10498	7.33285	4.69156	6.3948	4.43545	8.06594	7.93904	3.96159	3.19524	2.60806	3.13984	4.71515	5.34405	4.66332	1.65972	2.99364	3.84473	3.32539	2.27692	2.22849	1.91717	1.82862	1.651	1.71082	2.03019	1.76467	1.62513	1.57258	1.61465	1.59975	3.20997	5.66883	4.31176	3.71927	3.10769	5.35758	2.6227	3.16987	2.51877	4.31658	5.12667	3.61462	4.64122	4.11236	2.32181	2.6226	2.02113	3.87995	4.19653	3.01374	3.86468	6.4128	3.28886	4.48537	5.00597	2.84707	2.24133	4.83588	7.28148	10.1317	6.41416	9.8432	6.42589	0.653186	0.776559	1.85267	2.98851	2.21889	3.17427	2.45947	0.46858	2.28813	3.09357	3.63009	4.6492	4.23962	2.94877	2.83587	12.1141	11.7428	7.41328	6.41856	5.8286	13.9494	16.9055	10.9583	7.02295	6.803	3.22235	4.93077	2.60035	4.26602	17.7826	8.07053	19.7715	10.7677	2.16752	1.20746	1.23912	6.51914	10.378	14.0797	13.3666	0.389814	13.9751	3.93609	9.21057	14.9028	15.0114	4.8102	10.4951	11.4291	8.20565	7.57272	7.47147	2.59358	6.47997	8.58387	3.70086	2.09058	3.15728	3.06248	1.19283	5.06345	9.72201	9.72829	6.15063	4.4662	5.85843	16.875	21.9813	4.81646	16.0564	17.5815	9.8662	4.83058	5.4183	9.73035	9.62609	10.1483	11.0497	9.49445	10.4031	11.6641	13.5501	12.847	12.1628	11.4127	20.2919	24.5304	11.5713	14.8878	12.1816	11.6648	12.446	17.9065	24.9153	31.2332	22.8206	21.5329	9.51987	36.3039	35.7425	30.3138	23.8053	5.75604	15.7563	17.2997	14.1388	19.0075	23.0266	21.4427	19.2579	12.5626	34.7908	36.1726	30.2125	28.1301	34.2586	15.6338	37.2837	45.6524	24.0347	13.7312	44.5496	29.001	23.5137	40.3744	39.2752	37.3061	31.2547	28.3008	25.4848	10.725	5.50846	10.1445
2.83137	3.97979	2.35939	2.99891	8.30859	7.5795	2.10611	0.646422	1.00712	5.40831	7.31146	5.24396	4.82046	3.17446	2.50731	0.727665	0.923787	4.11216	5.94494	6.51327	7.2963	7.97188	5.82682	5.73806	3.49181	2.57776	2.66117	2.3609	1.59997	2.7225	6.27482	6.35488	4.75753	2.9083	2.12796	2.51436	2.69422	2.83933	3.15467	4.44041	4.6908	4.1417	3.67195	3.3473	2.00617	1.75975	1.81687	2.15334	2.82174	2.97458	3.27931	1.99994	7.34487	4.82538	6.47616	1.89617	7.1859	9.3984	4.20098	3.34948	2.47569	7.74931	3.95681	6.9845	2.93549	8.15329	6.29155	3.58873	5.7469	3.5045	2.11243	4.74053	5.78196	3.98496	1.41523	2.28736	3.70361	3.52424	2.29987	1.93073	1.8492	1.87745	1.57239	1.70713	2.02072	1.77745	1.62083	1.5292	1.53951	1.45509	1.80463	3.57326	2.92575	2.35123	2.15863	4.34453	3.72062	0.920667	2.60046	4.56898	4.96483	3.42281	4.07603	4.67745	5.15999	4.54758	2.60833	2.67281	0.754786	1.71589	2.34872	4.38752	3.30399	3.55691	4.66912	4.47205	2.40794	1.14764	2.74091	5.4537	5.94649	6.24461	6.50426	0.493864	0.76459	2.00272	4.98015	2.47214	3.67423	3.46977	0.963359	1.76176	2.28596	2.05844	1.91826	1.46658	2.9119	12.6661	16.6208	4.83486	4.77256	6.08059	12.2714	18.188	12.5765	4.33243	4.05892	4.90328	0.704888	5.61694	3.23708	5.09151	17.7453	12.5439	16.8827	20.8397	12.8765	6.94161	4.49327	4.55417	8.22062	11.4877	14.5784	4.2023	13.6479	9.83667	11.9397	5.05745	1.30044	4.01121	9.44565	10.936	9.73153	5.94555	1.49598	6.29324	4.9243	1.56259	2.70087	1.73564	1.24314	2.35024	2.90574	5.92862	9.62918	7.74797	3.95274	4.8718	3.92282	6.27569	17.4926	16.6102	4.5875	12.3552	7.32878	7.03902	6.78009	10.1344	10.3559	9.9912	10.9748	9.40464	10.8985	12.3644	12.0963	8.73454	6.6685	7.25353	19.1611	26.5455	12.7005	10.4733	10.1173	9.75756	13.626	17.7787	29.6501	35.2403	11.3962	14.4071	14.3478	14.3978	29.2285	31.5844	28.386	29.7673	23.335	24.2234	17.1811	23.0747	27.1104	26.2926	21.9268	21.5803	40.1735	37.8418	31.1248	32.189	22.223	21.3699	41.4344	45.3013	30.7081	29.8419	40.268	36.085	20.9654	39.9467	39.2108	38.6044	35.6958	31.7473	26.3428	8.21719	10.5247	16.4004
1.75499	4.59129	2.99575	3.19742	7.42271	6.85764	2.15453	0.683754	1.11801	5.2642	7.23884	5.95859	5.51337	4.18674	2.84843	1.41411	2.94399	6.65963	7.45576	7.07111	7.97005	8.89868	7.59017	7.90726	4.69788	3.40928	3.24662	2.39712	2.35235	1.72296	5.38977	8.75578	6.23151	2.77358	2.13188	1.8237	3.63281	4.17579	4.57809	4.63681	3.48865	3.3048	3.26231	2.90279	2.10594	1.79391	1.59867	2.43669	3.07064	2.99648	2.98361	1.80427	6.58861	4.38483	5.51417	2.15466	8.6755	8.84605	1.67494	4.82591	2.64496	8.06065	3.67978	6.98957	2.08973	8.14558	4.73741	3.94907	6.45202	6.34306	2.37562	3.70777	5.00232	2.74953	1.70644	1.70402	2.95654	3.83334	2.81858	1.85299	1.81319	1.82437	1.54428	1.63299	1.95304	1.81652	1.75163	1.73738	1.58472	1.46759	1.57623	2.45813	3.21165	2.3189	1.84424	2.6011	3.6364	2.45804	1.75531	4.13151	5.30576	3.25027	4.40277	4.36867	5.35775	5.15431	2.27545	1.29184	1.63416	2.54516	2.85083	0.81003	1.84834	3.89696	3.3168	3.91555	5.12259	2.89579	1.21393	3.08341	4.60313	2.58235	6.0292	1.44484	0.735714	3.0652	6.46365	1.47197	4.99465	3.7464	1.1432	1.31953	1.66652	0.944125	1.07324	0.793309	10.7057	19.4719	8.71459	7.46646	2.72065	12.0727	21.2684	17.5643	6.09746	1.79263	2.54712	2.52671	1.8276	2.84287	4.46237	7.70588	16.6186	15.7924	7.16938	18.6377	14.524	9.39006	3.99504	6.00731	9.22248	10.6726	13.6108	7.65417	8.68023	10.6414	5.64947	5.69205	8.60987	8.2493	3.70567	4.28569	7.9653	10.6928	8.61401	6.16665	2.48134	6.71281	6.84176	6.00288	4.58178	2.52491	1.41489	5.12125	10.5348	11.2576	8.5888	7.84866	7.83351	7.3603	12.8668	19.3049	15.4923	10.151	0.123814	3.34212	4.0388	7.98412	9.08898	10.768	10.5979	9.3055	13.0338	10.2434	8.29088	9.13704	8.2721	5.88464	9.51796	24.913	18.3795	8.66288	12.8854	10.8351	13.3353	14.4736	34.1823	36.9367	10.3388	5.44924	16.5778	17.7022	3.87067	18.9629	42.0066	44.0659	26.9607	28.1738	18.6181	22.7296	23.9085	22.5885	12.8102	25.4873	36.1801	38.7433	43.9786	36.4948	9.49626	35.9576	40.7127	44.0649	31.2291	39.8529	25.566	42.0804	10.9709	36.7855	40.0847	41.9769	37.3547	32.1496	24.0147	11.686	15.9865	19.1056
1.43031	3.58835	4.78554	4.92855	6.58453	5.25985	2.01481	0.75547	1.24884	5.36427	7.48107	6.14292	5.61151	4.6191	3.236	2.80785	4.51557	6.57932	5.16076	4.71068	7.04968	7.87028	7.77892	10.0313	8.70032	6.88291	5.49665	3.71926	2.14535	3.62	1.99485	7.97333	9.60467	4.34887	2.12527	2.59371	2.992	4.70884	3.43488	3.56477	3.05105	3.18245	2.88681	2.41203	1.67599	1.55195	1.75187	3.23235	3.38889	2.69279	2.54611	0.678697	4.56039	3.24367	2.98574	4.24011	8.50806	7.68754	2.22238	5.64514	2.89025	7.96403	3.74305	6.61099	1.93009	7.8328	2.86894	3.03544	5.44264	7.44286	4.44428	3.69047	1.90925	2.90921	3.7718	2.68209	1.97408	3.31465	3.42415	2.32933	1.79014	1.75575	1.47765	1.67304	2.05418	1.73495	1.64438	1.53158	1.32742	1.43966	1.52831	1.65068	2.81715	1.52341	2.94783	3.81779	4.49662	3.9645	3.24834	1.58062	5.03859	2.74796	4.45079	2.60312	4.08509	3.90449	3.75207	1.45456	3.11781	2.42146	0.966721	1.62498	3.06097	2.65907	2.35523	3.07414	5.29341	4.94919	3.12675	0.76211	3.246	1.35156	5.38368	2.18725	0.401716	3.8525	6.5397	0.941911	4.95731	3.46811	1.27573	0.264401	1.32433	1.25557	0.616201	4.45555	19.0896	15.5757	8.37624	1.04016	17.799	22.9218	18.8937	6.09081	4.05913	3.27888	2.91569	1.93021	2.66792	1.19035	3.37372	9.19737	14.6862	18.6599	11.0051	8.74377	16.5048	13.0994	3.48127	6.00925	8.6919	12.1183	13.5588	6.08533	2.71741	4.58741	7.53294	9.44255	6.93577	6.10581	9.53247	11.1152	10.3611	6.35768	1.6173	6.36427	13.142	13.8904	13.651	12.7996	12.3791	12.1754	9.85024	6.68466	4.86822	5.54133	9.02964	9.73779	9.27059	8.08817	8.59263	12.2948	14.274	12.542	10.1579	7.06296	5.56736	7.61558	9.54106	12.6289	13.3535	11.8985	11.2159	8.42107	9.7999	9.66051	7.00113	7.33132	1.30582	19.4605	22.4134	9.30477	14.0185	11.2537	10.8107	9.04859	36.6628	34.7796	14.0273	2.71458	19.3406	35.7927	41.023	25.1474	41.5272	44.9678	19.8755	15.8995	9.87701	17.5038	9.79134	22.8198	43.5769	49.1163	45.8778	41.0189	47.2081	28.4722	32.9185	38.0048	40.0463	45.3589	32.5233	45.472	27.7351	37.0933	14.5338	42.4247	37.5847	39.3783	38.0984	28.887	20.9096	23.9613	23.8117	20.5281
1.17805	2.15603	5.81315	7.42342	5.55288	3.19492	1.87433	1.03996	1.08281	5.54975	8.46201	6.78399	5.25055	1.92961	2.04153	2.02869	5.42969	6.24988	5.75123	5.93751	8.16162	7.36942	5.9085	9.90985	11.0138	9.45294	7.4852	5.90437	2.63984	3.26529	4.50417	4.66212	11.7467	5.93967	2.93364	3.60624	1.03027	5.29261	4.63457	2.68875	3.0981	2.83191	2.60506	2.02904	1.16026	1.21563	2.02456	3.58661	3.20531	2.2322	1.95427	1.80787	2.54238	2.74149	2.46288	6.1978	8.02375	5.58032	3.17822	5.29248	3.0016	6.90512	3.70796	5.39159	2.62036	7.63807	2.10321	3.52667	3.80143	7.29632	5.44889	3.73905	2.36502	2.7453	3.18334	3.90814	1.46016	1.99775	3.16936	3.20146	2.26505	1.86833	1.44446	1.68084	2.12883	1.78057	1.62577	1.33721	1.26874	1.40268	1.35288	1.44073	4.37253	5.50188	4.83481	5.08139	5.64389	5.04918	4.31072	1.27286	3.72626	2.87534	4.42726	2.5666	5.02398	2.53542	2.75841	2.11273	2.32481	1.1461	0.68139	1.20132	1.95606	0.451034	1.28394	2.07105	3.77849	4.74	4.35361	3.69755	1.00844	1.96165	4.27042	2.44453	0.328904	3.44022	6.1745	1.51431	3.83214	3.49837	1.79835	0.659603	0.437574	0.897239	2.36157	9.16608	23.1274	4.99789	15.3613	16.6826	24.6911	16.5625	6.94689	3.7739	4.59226	5.49582	1.96008	3.04773	3.33485	4.67332	2.10264	6.52535	12.5314	21.1887	21.6245	0.780854	18.2244	15.7871	3.97184	5.28791	7.99969	14.875	14.8505	3.20406	6.4655	8.51588	10.0346	8.99618	3.91536	6.16	6.59225	9.82154	12.87	13.3604	9.83788	12.2834	15.2538	13.289	12.3552	11.156	10.9296	12.7081	13.2639	11.1343	9.78981	5.47559	1.72174	3.25646	4.35079	8.15071	5.96777	1.29967	5.18996	8.59082	10.2006	8.90952	7.44911	7.56776	10.6857	15.176	19.1452	18.471	11.1061	10.3215	18.0946	17.2191	11.0365	7.23773	4.71775	14.252	19.8577	11.1135	9.60655	11.0762	7.37002	18.2621	37.608	30.252	13.4777	7.72955	30.0215	37.0538	40.6565	38.064	13.4081	41.5141	43.1997	14.3901	7.12215	17.24	12.675	44.385	55.2339	55.3709	52.5528	47.916	40.9522	3.68068	32.7665	22.2859	40.679	45.36	27.7095	41.6967	34.5396	18.8488	21.3569	46.8891	31.7469	34.2027	38.5841	16.361	19.1654	27.9938	25.7221	16.852
0.939516	1.42152	6.21059	8.95014	4.79908	2.04701	1.65416	0.976659	0.498784	5.62732	8.97627	7.24029	5.03113	0.518538	0.95367	4.11421	7.36349	6.97606	6.52084	7.58796	8.42028	6.65132	0.455179	3.30513	6.66569	8.83656	9.38961	8.68001	5.05096	3.33056	5.49394	0.643682	10.2191	7.04703	2.74896	3.78111	0.863078	5.29695	5.71692	3.89451	2.60582	1.94759	2.47499	1.66115	1.08857	1.26209	2.32111	3.4231	2.78621	1.90249	1.40036	2.66219	1.39985	2.48257	4.32436	7.09771	7.85386	3.78645	4.50011	4.14401	3.59536	5.22534	4.41174	3.13718	4.79353	6.86618	1.14588	4.15133	3.06888	7.29297	8.1271	3.62539	1.63945	3.03512	2.40955	4.64112	1.71984	1.48728	2.31302	3.16424	2.65169	2.09359	1.60489	1.69188	2.37124	2.25862	1.84157	1.37013	1.36035	1.48776	1.33822	1.41194	5.63895	7.05688	1.27531	4.02867	5.5387	5.51337	4.26115	2.43528	2.3454	2.93699	3.4836	3.90317	5.43041	1.964	1.8197	1.72261	1.15672	0.240616	0.46503	1.89375	1.85862	1.06795	2.15316	2.2536	2.55569	2.66533	1.40596	4.5198	1.76093	0.841483	3.36193	2.42693	0.647771	3.85104	8.78352	6.73028	6.95133	5.00332	3.34237	2.34089	1.15564	0.961618	7.1681	15.9656	20.3967	5.57524	10.9665	23.6541	16.823	9.93979	9.04573	5.24074	6.32471	7.79503	2.01096	6.13014	3.5052	7.59624	1.29332	3.36939	5.22943	17.0811	24.6824	5.53642	19.8868	16.2634	3.17151	4.0401	6.15455	15.3569	16.0066	2.3307	10.5255	9.87272	7.74853	5.10621	3.51417	5.70453	6.17671	2.8853	5.67746	6.43316	9.84563	9.14259	11.2987	7.21379	8.30451	10.1523	8.11387	6.98821	9.47872	8.71003	10.1479	14.6882	17.9859	16.5836	11.5628	10.8846	8.2771	7.31241	10.2224	12.0857	10.4165	8.50354	7.60303	4.51656	2.81985	5.54581	14.1613	16.429	14.307	15.417	23.5388	16.6255	10.7312	7.97262	5.63359	7.9077	15.8459	17.8849	11.8406	3.43954	17.3149	24.3911	34.4998	27.3937	5.56057	22.6153	30.4619	32.3038	9.15504	33.6666	30.7389	4.67385	39.1006	31.537	20.3554	8.99182	34.8429	48.8602	37.2781	12.1714	20.4581	28.2323	29.5338	22.1876	35.3494	21.7566	41.0731	45.6777	17.0268	25.0769	23.717	12.9985	29.1779	45.3568	26.3128	30.3457	21.824	29.7706	35.3402	33.1922	27.6217	20.6385
1.4385	1.98085	6.14252	9.38034	4.64801	1.68135	0.901629	0.765071	0.442816	5.7986	8.53514	6.86943	4.59674	2.27707	2.60151	7.38333	11.9043	12.5945	11.9374	10.8945	6.97485	2.65951	3.86442	4.77351	2.92409	5.27456	7.77479	8.36354	6.71189	5.05194	4.88708	2.21369	5.83468	8.63358	5.90064	3.83729	3.76797	6.13742	6.01731	4.71733	2.27776	2.53458	3.07663	1.76488	1.56759	2.48685	3.55161	3.84434	3.05033	2.11696	0.959232	2.90883	0.832744	2.15823	5.83687	7.4675	7.3907	2.6916	5.08001	4.09156	3.7382	4.84382	5.65647	4.08329	7.73549	5.38543	0.0978031	3.90312	3.99568	4.97977	10.1906	6.70544	2.63432	3.09964	3.78443	5.37857	3.91803	2.15543	1.81788	2.32839	2.37708	2.11304	1.67365	1.40006	2.2396	2.71348	2.24321	1.77207	1.5974	1.89279	1.82605	1.70539	4.90368	8.05081	4.83969	5.27828	5.53274	4.99587	3.29063	2.5414	1.95001	3.81589	2.56564	4.70506	4.35419	2.22595	1.82528	2.63607	2.49779	2.16956	2.26177	1.68365	1.81468	1.11544	1.71038	2.49772	3.73607	2.32317	0.564396	3.43876	3.22404	2.33293	3.78051	2.19682	0.97062	6.28053	12.5131	5.50698	7.68184	5.42113	5.62906	5.52119	3.25354	2.59987	14.445	18.8936	4.92719	8.68111	5.47337	14.0553	11.2916	11.456	5.12948	3.22401	10.4142	8.63873	4.41799	11.6806	5.21555	11.0821	0.788469	1.86459	2.68521	18.627	25.2379	6.91303	21.3446	14.0112	4.94265	3.07837	8.78932	16.774	13.5808	4.53866	13.4483	9.81013	5.96836	3.10851	1.96927	3.09675	5.9069	4.35419	6.24148	5.25638	9.36384	6.56295	5.65172	13.1341	10.8859	7.8216	9.10149	7.42662	8.72905	8.6804	8.48112	10.7954	17.6338	21.4434	19.3074	9.49246	6.90599	6.70713	12.5355	16.0829	18.0641	19.1187	18.8675	16.8489	14.8776	14.6424	12.4969	2.53443	9.03965	18.6545	26.7691	28.4774	28.4022	28.0563	24.9557	15.9139	3.87149	8.82663	15.1044	15.2309	25.1825	29.3377	24.709	20.9617	22.989	37.1413	37.8531	22.3877	10.238	28.8694	47.0731	38.2884	20.9019	29.1649	36.6571	13.9879	38.3114	40.0321	40.8373	51.3563	56.8881	54.5128	48.8492	27.1936	43.9568	43.986	52.2588	43.8799	7.81524	10.0126	18.9962	24.0157	38.1035	47.8707	38.5474	6.49632	33.0727	46.6128	47.8348	40.8801	34.4876	24.1467
1.42519	2.0768	6.10936	9.07148	4.18531	1.51406	0.970429	0.981932	0.892125	6.09679	8.55143	7.07128	2.98334	2.89212	6.97767	10.9595	13.5721	9.75437	6.51336	4.39096	0.345719	2.85636	4.14674	4.09098	3.94169	5.79905	6.76864	5.47591	5.50089	6.33014	4.59579	2.90065	2.17442	8.27663	9.20254	4.81004	6.43524	5.60366	5.18447	3.65969	1.65519	2.58123	2.10379	1.38956	1.76033	3.5486	4.07224	3.57318	2.68756	1.61295	1.54774	2.50614	1.57665	0.325062	6.71884	7.27687	6.16246	2.08046	4.31016	4.52107	2.57015	4.47095	3.7104	6.15112	9.68291	4.02021	1.17731	3.80473	5.26265	3.84656	6.54217	8.63791	7.16631	2.58174	5.69287	3.07838	4.6215	4.29083	3.99603	2.57238	1.7566	1.94574	1.50581	1.37029	1.91907	2.42313	2.35009	2.07399	2.23895	2.17243	1.4809	1.43855	2.92755	6.2036	3.86252	3.43241	4.25611	3.91315	2.22452	1.92267	2.64309	2.30129	2.5027	5.41883	4.43579	3.01989	4.13021	4.47866	3.9851	2.69	2.12188	1.76319	1.6031	1.11005	1.41876	2.76534	2.13353	1.91467	3.20535	4.13475	3.76794	4.69557	4.78812	1.30677	0.435673	7.79158	12.5373	2.94936	5.01519	4.06584	9.79641	14.1773	11.8251	2.92878	17.0353	12.4907	13.6357	8.53004	11.3933	4.57352	6.31022	11.2151	10.62	9.23792	9.21595	4.51211	5.98964	17.3718	7.76166	15.5928	3.69664	2.39973	9.06479	22.2842	23.0828	6.55811	19.2147	14.9243	8.82899	7.71004	15.2313	18.5368	5.6886	13.0917	14.9178	8.75865	5.9923	4.65931	3.67327	3.44634	5.20616	5.70481	6.94899	5.566	5.35942	7.53522	5.2017	10.3946	17.4233	8.16963	0.735006	3.40778	6.6838	8.66723	8.2059	5.65222	10.9441	7.20089	14.2874	7.42923	5.09466	6.12632	8.41021	7.55783	4.28011	6.45181	9.20593	11.2523	13.403	13.6497	12.2375	12.2586	8.68128	5.82149	15.3052	14.8043	9.08093	1.91681	17.4959	18.6356	13.9902	8.33769	7.67392	24.0963	31.3494	17.7159	19.0191	27.0325	22.5175	34.4467	31.4901	27.7551	19.5897	38.6955	40.6491	46.854	33.7307	23.4246	45.1059	16.7072	39.364	50.3333	56.0556	58.1773	50.9515	49.4033	41.0064	26.6486	42.9413	44.1742	47.6489	41.45	42.8137	47.2552	42.5766	33.9119	46.9417	44.4521	34.369	48.1579	55.5936	49.6079	37.7065	33.1009	35.0299	30.4538
1.22485	2.3906	6.30345	8.23781	3.70028	1.64771	1.6662	1.52594	2.48407	6.5784	7.87992	6.94928	2.82801	3.72384	9.39293	11.2638	8.83641	4.60934	3.956	4.13546	4.43318	3.64299	2.71309	3.31955	4.50102	6.10513	5.39664	3.01139	3.9989	7.08889	5.4884	2.81179	2.47427	6.24785	10.0068	6.10107	5.64972	4.78777	4.16927	2.99873	2.59899	3.03435	1.76393	1.78411	3.07779	3.98416	3.62619	2.75093	2.00525	1.15872	2.62893	1.24614	2.04554	3.66156	7.4272	6.48679	4.35788	1.24344	3.66482	4.95895	2.4784	2.75163	1.73326	7.82535	9.80545	3.27196	2.17717	4.25144	6.06733	4.59503	3.57012	6.53577	7.15296	3.19128	4.20261	1.3559	1.35585	2.33642	4.43063	5.47054	4.11902	1.9214	1.28086	1.52585	1.60841	1.80026	2.29679	2.32629	2.52688	2.84614	2.24386	1.64546	2.01472	4.59678	3.95794	2.86558	3.75499	2.62621	2.19942	1.79815	2.64348	4.20278	1.77361	4.1741	6.81334	6.6055	6.55625	5.42058	4.64936	2.44648	2.17378	3.41166	3.39714	2.69072	2.93864	2.50439	0.459616	3.69009	4.25119	4.39778	4.49785	5.50077	5.2563	1.33489	0.265954	7.8113	11.2325	2.83961	2.78799	3.71823	13.8814	13.5914	18.4692	1.27074	14.2163	10.6135	13.9378	13.0209	14.8641	4.05082	14.1809	12.0405	7.35143	4.62409	4.429	1.93501	9.56348	16.9992	4.09196	17.0115	7.15919	2.67577	14.9709	23.9449	16.3156	4.81684	12.8402	13.96	12.9999	12.931	17.9087	13.8312	7.6498	17.7913	12.1394	8.07762	7.77388	7.62733	7.4521	7.84824	9.67346	8.46892	6.5973	6.88532	4.91584	6.4529	8.72462	3.2524	10.5888	13.3771	10.2039	5.8573	5.04498	7.78494	9.53194	11.3609	11.4836	1.48691	13.8452	7.51217	5.70896	7.19703	5.37578	6.53926	9.77333	9.44869	9.73525	8.65871	4.86835	6.33312	7.12867	7.85461	11.3077	10.3322	27.5784	35.5863	32.782	28.0851	11.3691	18.6986	14.4494	18.2126	16.5801	29.5173	34.2822	40.4472	47.6842	45.0242	27.7265	26.5313	38.1074	9.4596	27.3793	45.891	36.9444	47.774	36.5545	7.60457	43.2591	6.10182	33.0017	51.8755	51.2527	30.9521	38.1343	55.7873	33.844	16.8751	37.0416	50.226	46.9638	33.4376	47.3825	48.8592	44.6649	53.1576	48.0295	20.4653	53.8971	63.9017	63.7879	56.7275	45.4693	45.3565	34.6052	20.4474
1.51715	2.91335	6.32924	7.51474	3.3909	1.82728	1.83874	0.753665	3.68149	6.64244	6.78866	6.50309	4.31513	4.77472	10.0977	10.3975	5.28611	3.86787	3.87797	3.6817	3.515	2.95267	2.11657	3.36305	4.48963	5.08465	3.48254	2.03201	3.11605	6.23866	6.21016	2.9735	4.11944	3.24218	8.96354	5.11443	3.56624	4.27882	3.00512	2.22371	3.04596	2.5516	2.50826	2.72321	3.83286	3.87099	3.32016	2.1501	0.60887	2.02539	1.33519	3.23072	2.38633	6.45243	7.11051	5.53645	2.32176	1.48855	4.03238	5.02602	2.78409	2.70587	4.84684	7.99405	8.27889	1.95043	3.80163	4.79561	6.64929	4.55995	3.27567	5.90304	5.94141	3.42348	2.16563	2.75193	0.933697	1.67397	3.0698	1.79829	3.38068	3.49467	3.17573	2.6487	1.61173	1.22264	1.91597	2.37461	2.30236	3.70868	3.47949	1.7903	2.11576	3.91376	4.40737	1.37611	2.46687	4.75358	5.13205	3.56059	1.69107	2.59645	4.52898	1.71007	3.76659	5.78373	4.64783	3.9586	4.413	3.86489	3.60315	3.29086	2.71891	2.21434	2.38502	1.61188	1.49892	3.47621	2.61101	2.40285	5.16372	6.68786	6.03712	1.80177	0.63535	7.52426	11.0668	3.15707	2.57386	7.60413	12.0522	14.898	20.7185	3.82991	9.65329	6.65102	1.52982	9.03936	14.0333	16.4113	12.2599	5.98891	4.6196	4.11256	4.18169	2.24099	9.21909	15.0549	2.95471	16.1325	9.28287	4.58267	17.8968	21.5829	10.062	3.03184	6.90933	7.6612	11.641	13.8012	13.4289	3.04937	10.8426	13.8957	12.5654	8.97671	6.44144	6.44058	4.81341	4.16303	5.57716	2.75774	2.86146	5.548	4.15431	5.21722	3.45032	3.56304	6.02661	5.93098	7.13435	9.67483	6.9578	5.10837	4.79576	5.51844	6.6792	6.77656	11.8078	5.74678	11.6312	11.3133	7.62526	5.01232	11.5118	13.4556	10.3907	7.17208	7.42787	8.09242	6.44196	5.90702	11.1035	15.8744	28.1323	33.3836	13.3107	29.4085	14.8187	20.0409	16.4188	29.9698	33.034	41.4876	47.2411	48.8552	50.1245	52.3023	51.3773	20.2049	47.8933	40.6757	49.1317	53.8742	44.347	51.4059	46.2174	28.034	45.1256	44.6516	55.4109	46.5763	43.3839	42.211	52.8973	50.2419	17.6624	18.1563	37.8741	51.7777	44.4045	42.534	45.6926	42.9418	58.7803	59.7296	21.0703	57.627	59.8505	53.9235	33.0064	50.4898	57.3642	43.9259	18.6691	31.9696
1.88329	2.92951	5.4164	7.22427	3.47683	1.87664	1.93469	0.76325	3.8881	6.28193	6.2758	6.08338	5.94512	7.71768	11.3226	9.0276	2.08827	2.64686	3.70266	3.40549	3.22816	2.63678	2.41736	4.2196	5.77893	4.19198	2.12326	1.99374	2.94521	3.88908	5.94325	4.11931	5.5903	2.47901	7.86978	5.57162	2.8169	4.33887	2.49112	1.68664	3.14258	1.91565	2.84706	3.60226	3.90569	3.71632	2.87366	1.46502	2.02711	1.34152	2.54274	2.53225	4.07437	7.3298	7.55026	4.94571	0.472763	3.04438	4.23537	4.72006	1.92684	3.95382	5.96339	7.32162	6.23071	3.54899	6.53918	6.3829	6.65244	4.19285	3.35811	5.52712	6.29667	4.46708	1.20517	1.48566	1.74905	2.18815	2.26519	2.73187	3.59648	1.92884	2.33056	3.79375	3.922	2.65621	1.90067	2.29592	2.08348	3.82955	4.19548	1.52153	1.68099	3.08757	4.45564	3.99023	2.95857	3.46074	5.55795	4.8118	1.67468	0.947935	3.06909	4.4188	2.65749	2.0909	2.95155	3.15169	3.56353	4.88622	3.93106	2.35081	2.00801	0.884941	1.45255	0.917255	1.56882	3.48188	4.43657	1.8363	4.63684	9.60525	7.83619	2.28759	0.878994	6.67937	10.822	5.22645	2.40246	13.3144	2.39038	21.9543	11.9754	3.5547	5.7223	6.88807	16.6747	21.7686	20.331	16.6913	7.58608	3.91305	1.10644	3.16619	4.99428	1.58337	7.31933	17.5065	5.48575	17.5356	6.98674	7.97282	16.3516	20.5788	11.0104	4.4437	6.30405	7.4099	9.05017	10.0634	4.771	8.53686	6.51248	6.41404	16.1661	20.2573	21.235	20.691	19.2928	18.5513	17.9657	16.1753	14.8613	15.2306	16.0979	15.0491	9.9276	4.85834	7.87221	9.62917	11.6666	12.4597	8.12124	4.14646	1.34904	5.0661	7.08302	6.76463	10.3442	8.10576	8.21379	5.26641	3.41524	4.0142	11.2131	15.8096	16.6306	19.0737	16.1273	12.2921	8.04869	7.92713	21.428	30.8579	25.0512	27.1343	6.7497	24.9904	19.5585	24.8076	26.769	41.2663	42.3333	44.9243	53.1355	55.6227	52.6855	54.6132	60.3323	41.6747	50.1808	53.7192	55.2624	53.9101	41.6046	57.0094	34.3836	56.4161	56.6753	59.2662	60.2209	50.9321	58.2465	54.389	49.0778	32.1186	26.1318	52.1326	52.4534	26.4014	50.1264	61.3353	38.5351	45.5233	61.1395	59.5681	36.9786	60.5231	33.386	27.0346	55.788	62.3883	45.8017	32.8819	35.2058	38.7656
2.09762	2.31565	4.02801	7.41134	4.25554	1.9615	1.97602	1.2175	4.41502	6.03753	5.64153	6.34977	7.66647	10.3189	11.2864	5.32431	2.03218	3.43216	3.87013	3.32182	2.459	1.86632	2.241	5.61589	5.6056	3.33979	2.16398	2.37223	2.42811	1.68412	4.90317	5.71816	6.7999	3.12363	6.8479	6.1353	3.49161	4.14944	1.95757	1.99329	2.81388	3.30965	2.94098	3.67984	3.65359	1.98477	0.989174	2.45208	1.37759	2.14273	3.42874	1.44798	6.41257	7.82889	7.4834	3.2329	1.94038	3.54349	4.2902	4.4153	1.21185	5.23275	6.25956	5.9597	4.20409	4.30903	4.9365	4.14616	5.24133	3.53535	3.83276	5.43776	5.97553	4.40065	5.06515	3.72141	2.26996	2.14028	0.694354	3.73502	6.74064	9.19171	9.2105	6.0367	1.51731	3.16087	3.83202	3.73278	3.46297	3.17628	4.12278	2.59849	1.53302	2.22251	3.47522	5.52462	6.23228	3.27504	3.43175	4.61371	2.67645	1.23922	1.37689	3.85867	4.83658	2.1558	2.65086	3.82517	4.54951	5.19795	4.61786	3.42988	2.6246	1.34596	2.0093	1.89016	2.27004	2.97763	4.30602	6.09885	2.1559	9.58338	9.33863	2.92175	1.0651	4.53865	9.28287	4.41691	5.18578	12.4391	14.3706	18.5843	0.694336	9.70533	16.6351	22.8152	22.2986	17.0041	14.5093	11.2577	6.28999	1.68883	4.90898	4.98258	7.03057	0.727268	6.20598	21.6946	3.11842	19.3437	6.17123	14.4595	17.8033	21.0177	11.2021	4.40691	5.51401	4.90185	1.85858	3.26523	8.30421	11.4399	6.77754	9.00616	3.22741	4.81291	7.39337	6.97543	6.80039	8.67298	12.3322	14.2471	15.1275	15.4834	14.3832	13.361	14.4231	14.8636	14.7043	10.9293	8.15817	7.36363	7.49682	9.55165	11.8639	11.4499	12.8265	3.33246	6.7348	5.7492	5.61183	2.74664	2.18915	1.37922	7.1541	19.037	13.1292	6.39236	14.1568	14.0951	10.7557	12.8801	30.298	33.4489	30.2983	13.5045	7.16953	16.9522	24.8398	23.7787	21.6414	36.2084	31.5547	20.8552	32.5752	45.2064	49.5196	50.4532	60.7539	52.2615	46.1751	63.0328	51.1299	23.0122	50.8363	56.524	18.219	54.6789	44.698	52.5222	31.1876	46.3914	54.8292	57.646	56.5604	22.9985	48.3024	60.6304	59.456	57.6225	57.015	67.6476	23.1923	58.5361	58.6587	48.2793	49.6832	54.1676	31.575	55.5766	49.4089	18.1313	43.2159	55.0404	52.1664	46.1294
2.25241	1.74761	3.30431	7.66627	4.82492	1.97877	1.86575	1.33996	4.83001	5.80835	5.05365	6.78782	8.44988	10.9825	11.2676	4.28661	5.05374	5.2226	5.74131	4.2266	2.57754	2.85067	3.69818	6.05114	3.38268	2.45913	2.57049	2.37771	1.34674	0.606924	3.73069	6.1325	7.73914	3.97887	5.86247	5.50927	4.02803	3.14374	1.75799	2.80913	3.45264	3.85474	3.01297	2.68513	1.06159	2.05302	4.02143	2.7615	2.19318	3.61872	2.16269	4.07841	7.23263	8.30648	6.26292	0.939492	2.91926	3.98654	4.55224	3.77739	1.80948	6.18529	6.12544	4.38265	2.14498	3.91464	3.67185	3.13415	4.49443	2.4918	4.0688	5.76496	5.35385	4.90179	6.13562	6.67377	4.33282	1.49828	1.01984	4.27381	6.39798	7.00824	11.4143	11.6563	7.21637	3.2404	1.94941	2.88145	4.37298	4.48591	4.49846	3.22035	1.4855	1.59447	2.33789	4.25872	6.43721	6.39785	3.40337	3.40722	3.27165	1.1578	1.28479	3.42935	5.36089	3.69633	1.34001	3.51877	3.95016	4.05498	4.32597	4.46963	3.75619	3.24179	3.21821	3.30677	3.54779	3.63764	4.31284	6.84445	6.65115	7.42161	8.70637	3.40778	1.87998	2.31983	8.01318	5.72092	6.35745	13.9907	16.1156	5.88442	8.68409	19.3756	24.3729	21.7402	14.4948	9.12665	7.07318	3.52143	1.07585	4.45396	8.84568	6.16672	8.50961	3.49668	8.18651	24.7571	6.71123	18.7701	17.9306	20.6037	21.0535	17.619	6.42443	2.18862	7.32493	7.8359	6.55203	9.72364	9.91324	10.2001	9.512	13.0585	16.9007	13.1113	9.8737	7.32216	8.80103	7.54538	4.10794	1.60867	2.57743	3.46492	3.45819	5.12959	9.08328	13.0127	16.1073	16.6977	12.0761	9.91096	15.8803	19.1716	17.3166	13.6332	15.2563	11.739	2.80369	2.3443	5.09394	2.12708	4.58692	5.72828	6.326	14.6934	14.6757	13.7602	11.8004	10.2927	15.0014	23.5439	36.7801	35.1812	32.6892	31.212	20.0439	11.8536	23.8461	26.4061	18.3444	31.7793	31.468	22.8389	34.1214	46.9673	41.5611	49.4694	57.4251	59.0075	50.1194	66.5805	42.2059	45.9801	55.1849	33.4088	31.2283	44.7582	40.7234	41.9312	29.4752	63.5699	60.7924	50.9282	54.3869	28.4063	55.2394	63.6439	53.3525	62.8722	59.4892	61.7362	28.1966	62.698	57.1841	42.9995	58.1075	29.9573	54.3056	44.3896	39.9892	57.4042	60.2255	56.6931	59.305	49.4181
1.66205	0.820671	3.48496	7.93801	4.65483	1.88482	1.64151	1.72914	4.87346	5.79416	5.41488	7.1761	9.14459	10.2526	9.64005	2.87862	6.72894	5.7123	5.70557	4.14983	3.02251	4.93774	5.42664	5.29979	2.0824	2.56333	2.38737	1.67789	1.15909	1.74266	3.60811	5.5374	7.67764	4.531	4.43123	4.24687	3.89206	3.30506	3.44499	4.28143	4.1344	3.92647	2.21876	0.815398	3.52604	3.15956	1.40515	1.84713	4.84785	3.85824	2.48836	5.50119	7.61909	8.89592	4.56497	1.02662	3.66588	4.80477	4.60915	2.84903	2.91217	6.48952	5.74276	3.60596	1.38679	4.33167	3.94344	3.16918	4.6029	2.77914	3.64617	5.54151	3.88858	3.33915	4.4951	6.15647	5.44042	3.80318	2.72109	4.3201	7.79975	5.48288	5.49738	10.5542	8.09288	6.8536	6.51958	5.8455	5.12497	2.71496	2.99476	2.49068	1.55513	1.47346	1.8574	2.71621	4.09754	5.63208	5.06082	3.39494	2.08538	1.49034	1.18813	3.14789	4.46135	4.38052	3.1486	1.31491	1.21434	1.77196	3.09908	4.34526	4.65349	4.44077	4.08809	3.75161	3.25156	3.30422	3.39055	4.68781	5.36708	2.38364	6.5911	7.31895	5.45371	0.569508	6.02318	6.64193	7.01019	7.61621	5.79195	17.1467	21.5107	24.8695	19.3799	9.37492	4.44036	2.14756	2.95896	1.87879	1.78476	8.3601	6.41068	6.65733	5.53068	6.91285	9.53007	24.2589	8.59385	18.4289	21.0593	16.9759	11.043	2.5843	6.33651	12.832	14.2451	11.1042	4.2967	8.45756	7.73437	10.0176	9.68592	5.72338	10.7138	12.3057	10.9638	7.35418	8.05074	6.69321	7.74671	5.78961	4.34816	4.67241	4.47373	3.24475	1.49377	7.04116	10.9764	14.6269	11.8151	2.27289	6.90448	3.61123	3.39163	5.61694	11.07	15.0527	10.3214	4.14278	4.86518	5.92524	4.42353	3.57044	4.9753	12.2627	13.2382	16.8215	11.0258	7.13631	23.476	40.3342	45.5795	41.2314	33.9645	38.9976	33.6516	17.7154	14.9565	31.5099	27.7537	33.3322	34.0837	29.0922	39.4904	52.5674	30.8264	53.1564	58.4682	63.6585	52.9115	65.8503	27.1577	56.0007	42.5699	52.8166	53.6644	31.0033	42.1655	49.4759	36.3608	64.0665	49.7635	30.7062	45.4017	23.957	55.1083	63.1556	52.2274	36.0218	56.871	58.4113	44.7013	62.7639	63.3787	47.0327	50.0164	38.4092	57.2586	15.751	46.7693	40.2738	31.959	17.1906	32.2843	45.7418
0.677259	0.279637	4.51509	8.1538	4.13708	1.82243	1.25039	2.4144	5.4009	7.52483	9.70319	12.977	14.6074	11.8482	6.55998	0.746262	8.02159	3.79503	6.88056	3.9585	4.50926	4.63331	4.36445	2.9699	1.43929	2.87022	2.29649	1.62931	2.25305	3.67241	3.97785	4.71326	7.18651	4.48925	3.17091	3.252	4.20967	4.21872	4.73863	4.88006	4.22424	3.0757	2.47761	5.95119	4.89245	1.76835	1.86176	3.11665	5.4985	3.18606	3.8099	6.52719	7.98811	8.35442	3.30076	2.86031	4.30962	4.58444	3.77013	1.71998	3.45407	6.43199	5.71273	3.3304	2.22794	5.36234	4.13447	4.11432	4.33769	3.17575	3.53559	5.66573	4.36952	2.83362	3.95346	5.16553	6.10192	5.7168	4.95198	5.05189	8.22536	8.83235	5.09657	8.72943	6.09173	3.8148	2.7814	3.45121	5.77209	6.35033	5.21987	3.01944	1.76408	1.70783	1.65973	1.87782	2.08677	3.34997	4.3443	3.62957	1.48999	0.65144	1.97945	2.04987	3.84367	5.11723	4.51881	2.95828	1.24121	1.11548	2.38934	3.59172	4.437	4.35924	4.18099	3.39394	2.31822	2.29075	2.69594	4.19901	5.97546	6.50948	12.7472	15.9943	12.7771	4.0232	3.40699	5.81755	2.67505	7.7475	24.9463	28.0119	24.6782	19.2756	9.3551	2.32038	1.66428	5.9745	8.22422	7.22045	4.73151	10.9551	1.31032	6.39194	7.04971	12.7844	12.3133	20.142	12.2334	10.6999	13.1522	8.297	7.20931	17.2179	18.574	16.6219	10.3838	9.64782	8.52808	4.25531	11.3888	9.03468	8.70592	8.88815	0.552404	5.85286	8.71195	9.25539	8.84924	6.55904	6.30529	5.89765	3.8594	5.98072	6.44164	7.44819	5.71034	4.12331	11.4201	14.0855	13.0289	5.8664	8.63466	0.606721	6.70399	9.61079	4.25574	7.58012	15.2662	9.51519	3.0976	3.42981	7.30558	4.96004	5.19474	13.5141	11.2116	12.0643	11.7923	17.0591	37.9075	49.7561	46.3183	39.207	27.9972	41.4423	31.396	24.3295	7.54699	25.9801	34.8872	33.3775	34.6241	38.329	40.7702	52.5675	31.8394	25.1414	36.9185	59.8657	59.3261	63.2757	39.4181	55.7082	57.631	59.6015	57.0686	55.4114	46.9098	55.211	37.3324	64.3662	66.943	62.6723	53.8527	6.13516	56.5659	56.1006	50.7869	52.4409	52.7055	48.8148	36.4744	47.8316	61.5477	50.9435	25.6074	48.5093	48.1595	45.8053	17.2259	30.8198	48.2573	53.5286	50.5276	61.3818
0.850261	0.567638	6.1151	7.93588	3.93162	1.79046	0.852525	3.1633	6.29895	8.63532	11.7804	13.1639	9.94613	3.81899	1.1142	3.83512	8.68251	3.69552	8.73935	4.13453	5.92721	5.1026	3.68316	2.29384	1.5351	3.289	2.40106	2.30161	3.5646	4.10241	3.57341	4.23834	6.83296	4.64839	3.0165	3.4389	4.8079	4.7802	4.33226	2.47524	0.303295	3.06866	7.35419	5.66002	2.185	3.44775	1.49	2.76112	5.15548	1.17356	5.56906	8.02277	8.53351	7.33136	1.47604	3.21098	3.89849	3.6971	3.36771	1.3013	3.48469	6.23295	6.22177	2.52944	2.86259	4.62819	3.25421	2.40979	2.60874	2.40261	2.49661	5.50208	4.80133	2.36567	4.88828	4.10236	6.25517	6.18229	5.16926	4.4565	7.14719	9.50612	9.69923	10.1333	7.34451	4.9928	4.15643	3.2202	2.05945	4.51028	5.9986	5.3649	1.64639	1.1427	1.74447	1.8333	1.32146	1.02625	1.89512	2.64019	3.31374	0.312597	1.92569	1.61137	2.80944	4.84594	4.34675	3.30168	2.42346	1.16026	1.62902	2.08228	2.48404	2.3916	2.04074	1.6312	1.07058	1.00446	1.69421	2.80031	6.54404	15.5942	15.7502	18.1799	20.4439	8.04381	1.02765	4.35381	14.1964	24.5425	28.9926	19.1202	8.89913	6.54498	2.78056	0.712764	2.30147	6.82307	6.905	12.3316	11.8353	11.7708	9.53019	4.68506	12.2223	9.85833	13.6119	17.5338	14.2349	7.19638	2.27615	8.30985	23.4395	22.3134	18.3435	13.8811	11.4268	14.6936	18.1243	10.4103	4.50834	9.14771	10.5976	12.0174	8.32351	4.2062	1.91216	3.57981	5.64974	4.04647	3.78834	5.61403	5.74723	7.6046	5.53846	5.77595	6.54339	3.83224	7.84223	13.0779	15.0826	15.9992	13.6073	9.24496	10.8942	6.54479	8.04093	6.28809	15.2612	16.2287	6.89241	6.9786	6.37806	2.90719	7.57611	14.3249	8.81123	8.60996	11.7554	29.7239	48.0499	45.5533	16.2265	8.8929	29.1713	41.7359	20.3503	26.3055	25.4088	9.09657	32.6407	35.6224	32.5957	37.4288	44.3069	54.5097	52.4311	50.1898	35.6953	39.4592	47.2867	27.0161	22.6106	25.8406	29.8528	5.88431	13.7314	36.8583	46.5816	46.1708	12.5695	49.3194	51.4564	63.3347	56.9314	22.3429	52.1053	47.466	50.3149	58.4839	60.5069	26.0711	54.3084	23.9273	44.3621	57.9103	53.0602	49.0044	16.0997	31.6207	42.3376	47.4894	51.6099	58.0926	60.4414	62.3103
2.96142	1.33043	8.04036	7.8795	4.25801	1.68723	0.712672	4.00654	7.10839	8.01915	11.5607	13.3224	7.37157	2.49971	5.12175	6.08108	8.43636	3.71593	9.77957	4.16873	6.30387	6.31036	3.96686	3.74163	2.11745	3.18365	3.07863	3.65239	3.71428	3.61768	3.81891	4.0574	5.63386	4.83259	2.50027	3.58404	5.05415	4.54794	1.74414	3.21609	5.55064	7.71623	7.29328	1.57371	3.80271	4.26867	2.7777	4.48899	4.46792	3.45344	9.13849	8.5557	6.97758	6.30685	0.677	3.9927	3.74396	3.69224	3.52977	1.36992	4.40942	6.83914	6.67946	1.68636	3.58687	3.92018	3.48811	2.62203	1.74573	2.44368	1.54684	4.82036	4.46196	1.08734	5.13771	3.11161	5.06726	6.71491	5.71067	4.50518	6.23594	7.44413	4.46984	2.06755	4.43826	5.86601	5.26789	2.59429	2.00958	4.28907	5.45057	6.44356	4.86847	1.71986	1.4588	2.6306	2.27498	0.585681	0.720626	1.96832	3.15172	2.5365	1.74249	2.2437	3.7059	4.88942	4.52999	3.56143	2.68295	1.36708	0.746623	0.786979	1.14575	1.25335	1.35595	1.86821	1.92071	1.71413	1.23346	0.717992	4.83502	20.8353	19.309	15.3038	23.1622	11.5304	3.42504	12.8176	27.5079	26.9748	17.3076	5.5536	1.01112	1.05127	0.390461	0.41186	1.64961	7.89114	9.63415	6.77021	13.4274	8.58829	13.7541	6.21723	11.6529	12.6353	11.695	13.8726	11.1892	1.82257	14.7713	25.5121	25.6939	12.4696	7.43388	7.58699	8.14277	12.4606	18.9757	18.3273	11.2143	5.99152	8.18031	6.48633	4.09423	7.83493	7.93306	5.96919	4.79207	3.49386	1.01112	2.87041	5.55712	6.5096	5.58845	6.57839	6.48428	6.59951	4.42325	5.11527	9.55749	9.60122	5.22879	5.29443	8.21422	9.8718	11.5181	5.81584	13.7763	18.8368	13.2516	7.75499	11.5616	12.438	8.60753	12.4539	11.0202	16.9053	25.7806	38.5516	42.6642	31.2569	31.6424	27.089	17.7618	33.6165	30.7095	35.0938	35.4713	20.6184	14.6915	36.144	34.849	26.7826	30.9939	44.7992	48.9784	44.1325	56.0555	35.4747	43.3289	52.9145	57.326	52.9567	54.6752	57.1224	51.4509	37.0672	22.1483	19.862	46.594	62.4148	64.663	63.2205	35.3139	47.3168	47.0563	18.0554	51.3954	62.9792	60.8841	46.2394	61.7722	55.3856	50.9014	18.9421	60.8169	62.2177	45.2407	42.5475	14.3661	24.5981	39.8533	27.3788	51.9925	51.5213
4.48208	0.166204	9.54269	8.47864	4.23623	1.0766	0.83096	4.53785	7.12436	7.02097	9.98112	13.2171	7.38786	2.9937	5.89118	5.99654	7.40864	2.91427	9.81752	3.41189	5.42111	6.42113	2.89821	4.70055	3.5015	3.49556	4.60017	4.28495	3.3745	3.53517	3.24097	2.91615	4.16514	5.26325	2.6512	3.80873	4.38037	1.71587	3.5591	5.36854	5.12513	5.15629	1.26579	4.1194	5.46402	4.66734	3.76456	4.16109	1.30428	5.74873	8.74979	4.65041	5.41985	7.21865	1.67661	4.53053	3.96592	4.0709	3.26769	1.00408	5.07156	6.86848	6.68643	2.69314	3.8055	4.12222	3.3922	3.05591	2.67749	2.66144	2.31429	5.08171	5.02814	1.02589	5.36039	3.90142	2.50512	6.35279	6.77957	4.65589	4.00582	4.943	4.4344	5.84754	9.47241	11.3802	11.3572	7.66811	4.64564	4.74921	4.75021	5.60856	6.3874	4.19583	1.22292	2.36212	3.4947	1.8393	0.322219	1.05854	2.52023	3.43651	3.68351	4.07199	4.15111	4.857	4.90708	3.85524	2.31252	0.843202	0.545597	1.81094	3.23017	4.40423	5.87528	7.10658	6.60908	5.45706	4.33306	2.40388	1.63559	22.6933	20.8637	16.9065	21.1872	11.3805	3.0792	23.9043	29.7912	10.5726	5.72554	7.0707	4.32483	2.6179	0.788635	0.441906	1.28741	4.05658	11.4327	15.0108	9.66181	11.1782	16.0635	8.87997	12.5513	13.6667	17.5901	12.9954	2.0943	10.9093	23.6365	22.1292	5.99884	7.13685	10.558	10.4304	9.75993	8.77019	9.57066	8.24822	10.5759	9.87777	9.35432	5.96499	3.37295	0.897885	2.57436	3.92628	3.94489	3.42624	3.49307	2.80998	2.9296	3.89025	3.56824	4.0511	6.87763	8.53284	8.43229	4.78453	0.966375	3.70778	8.3851	7.19854	9.99272	12.2379	12.9873	5.41133	8.7443	16.7195	18.1293	12.524	7.17695	0.415225	4.57291	10.3379	13.5695	20.4577	25.5575	32.3436	28.9742	15.5415	14.6486	26.8521	30.6604	43.268	43.3006	35.1625	35.4514	30.7638	19.7354	22.0988	33.726	28.1823	26.2553	24.6553	26.1816	40.8516	56.1618	35.2411	55.4254	56.5772	42.723	50.3934	54.1049	48.0568	46.6136	48.9746	46.1295	27.9197	54.9722	62.5768	50.812	22.874	37.5656	54.411	54.3288	56.7917	54.7906	63.9665	49.2986	47.3756	62.8136	52.3822	65.5059	58.222	48.3811	68.3685	52.6049	58.2765	59.3815	55.5495	57.7409	55.741	45.9925	17.3677
3.99747	2.74756	10.6307	8.60614	3.37245	0.833138	1.45523	4.74922	6.31263	6.71695	10.1679	12.6665	5.98113	2.72351	4.25806	5.3968	5.92863	3.49414	9.47597	3.51904	4.56243	5.83535	2.28901	5.10975	4.74618	3.70011	4.44767	3.49697	3.33259	3.0806	2.10491	2.88604	4.59417	5.60477	3.96514	3.64753	1.82425	3.51193	6.53961	5.74266	4.11862	2.43801	4.00801	6.90568	5.97849	4.47347	4.12981	2.76412	1.82102	4.71613	6.86834	7.35072	7.79372	8.60614	2.0669	4.491	4.18959	4.22162	2.86919	1.10606	4.71934	5.85414	6.49877	2.89036	4.31032	4.03323	3.00566	2.75406	3.31401	2.62832	2.16805	4.74914	5.06437	1.3579	5.40507	4.49909	2.4387	4.70274	6.24548	4.80184	4.47655	6.95475	8.6797	6.78975	5.62904	3.8026	9.00387	6.17319	3.26271	3.88255	3.40499	4.28388	7.23076	5.93857	1.67975	1.32706	3.95805	3.25779	1.43556	1.32993	1.48123	2.76915	4.87136	5.17397	4.45276	5.39537	5.09318	3.36028	1.02569	1.24527	2.8407	4.10009	5.98382	7.85705	10.557	12.7966	13.1641	11.7442	9.08224	4.19422	2.18012	20.6599	21.4587	22.5101	19.2955	10.4227	10.0399	31.7875	21.3565	3.6695	7.88074	8.87794	6.01244	1.91767	2.25342	1.74995	1.27431	3.19413	9.98662	18.7647	12.7833	10.7356	18.9724	10.9666	18.4841	19.8388	18.3018	10.2156	7.93855	14.896	14.2686	16.5335	16.1798	17.1658	16.3157	16.0822	16.1552	16.3403	15.6095	8.57209	0.376671	3.79544	0.913738	4.47183	3.06082	1.26837	2.26918	3.22604	3.03394	0.5089	2.85436	5.00501	5.32448	5.04046	3.88024	2.57636	3.04401	5.27101	6.8263	7.60985	3.94225	4.47588	8.04613	7.89627	15.2442	17.862	21.4558	17.5553	6.80689	11.6573	18.2568	13.0742	7.83461	7.52164	10.6125	8.551	9.23906	22.0784	26.4275	29.3234	26.014	16.9528	23.1355	24.2465	25.3264	31.2973	38.0322	37.9936	39.998	44.2923	41.471	17.3215	18.7881	29.1251	29.1121	17.9348	33.3189	43.2993	48.2297	32.3087	51.9101	50.8927	24.9391	36.8987	40.3972	25.9655	35.962	41.6867	49.2314	8.28858	59.1599	54.4437	46.5809	61.7045	60.031	45.7501	57.3395	59.2618	65.1212	63.08	37.6893	52.9069	62.2002	49.4454	57.0617	66.9376	42.5634	54.1643	65.5069	65.2989	56.0294	43.02	47.791	60.9033	47.3311	41.6806
2.35122	5.66993	10.7349	7.13356	2.01804	0.663492	1.8027	4.95507	5.29704	6.26696	10.4087	12.0037	5.86023	2.87224	1.71668	6.64565	6.76937	3.26529	9.69627	3.75719	4.09327	5.58885	3.33017	4.3467	3.51642	3.25992	3.71128	3.59517	3.12519	2.71463	2.37342	3.99917	5.79283	5.59598	3.42276	0.745553	3.67343	6.93224	6.4525	3.41878	1.42239	1.61134	5.16126	5.52963	3.59769	3.57422	4.13328	2.10218	2.87606	3.16758	4.39207	4.91217	8.15529	8.66023	1.26082	4.1902	4.03856	3.92093	2.61285	1.09154	4.56285	5.13919	6.19327	1.50554	3.59216	2.83752	2.50299	2.65429	3.47594	2.43756	2.1419	4.65088	4.43938	1.39904	5.25089	4.74075	2.83784	3.34607	5.60248	5.72945	6.07179	7.61675	10.5488	11.6228	13.0737	7.84344	7.26094	6.20235	4.25398	4.24314	2.41968	2.66677	6.95421	7.04023	3.05125	1.3881	3.50408	3.94625	1.94104	1.25837	1.26025	3.00791	4.56864	4.67971	5.17335	5.56749	3.83692	1.3073	1.95291	3.79142	5.00896	6.54614	9.71694	11.5861	10.9329	8.01854	6.12802	6.8957	9.79485	6.9269	1.55464	11.5587	18.9421	18.8857	13.2434	2.97993	24.6831	31.9476	8.62688	10.293	4.77598	9.69152	6.96871	3.32788	5.75834	6.61842	5.38456	5.22245	9.71379	17.5484	16.7068	6.24688	17.2849	12.8859	17.2778	14.614	9.25321	3.92563	11.0778	12.4058	14.6258	20.6925	18.8232	13.9116	11.3686	10.2912	11.4408	9.87871	8.66273	9.39862	7.46145	5.40237	6.21397	5.71281	4.85697	3.98812	3.48801	4.03678	3.1172	2.06643	2.81198	4.68408	5.80689	6.88936	4.12464	4.40079	5.70617	3.15832	3.36664	8.10934	5.56946	7.57734	11.2419	11.0534	17.751	16.6452	13.3847	20.502	14.2594	5.55078	15.6748	15.8635	9.57892	15.8512	21.4492	21.9127	21.589	17.4662	19.7904	28.3499	33.9395	35.8708	40.0821	40.6033	43.9276	34.0334	14.2027	31.6989	47.7809	54.8096	54.814	43.7861	29.5135	16.5627	26.1175	28.3069	33.1174	40.0522	42.9325	35.582	41.7222	37.9035	40.8761	32.0437	25.3278	40.1474	48.4111	42.697	44.2381	23.5301	57.6251	44.3985	45.8934	58.3995	60.7307	59.2189	61.568	46.5849	22.8403	21.0942	36.613	39.0628	61.5294	62.659	37.7993	65.1451	52.5964	35.4546	25.226	37.9624	59.7069	62.031	62.7329	58.211	25.5926	39.8321
1.50643	9.01607	9.70792	5.26696	1.13742	0.863611	2.88228	4.83987	4.42629	5.87095	9.62598	10.5706	4.61684	2.48486	2.70834	5.33321	9.09037	2.4409	9.50505	4.19139	4.28829	6.71539	3.89262	3.96808	3.28896	4.02211	3.77516	3.81299	2.86557	2.77836	2.75314	4.81566	6.44892	4.26742	0.593313	4.09979	6.46119	7.08931	2.73608	2.71845	3.7882	2.99724	5.22925	4.7894	3.79555	4.31788	1.85656	2.48626	2.81757	1.39839	2.07151	4.5069	8.21199	8.20393	1.19014	3.89398	4.05513	3.86939	2.68092	1.25542	4.83917	5.4738	5.81499	2.0986	3.11648	4.05107	2.86773	2.62294	3.51199	2.51584	2.26133	4.54415	4.36482	1.60394	4.75647	4.40909	2.74645	2.26773	5.27001	5.82304	5.24465	5.57202	7.19904	9.11275	12.7179	12.3069	2.57929	6.02613	4.99922	5.262	3.25656	3.23912	4.22	6.47917	5.83372	2.22063	2.46331	4.04542	2.66965	1.44981	1.07066	3.76961	4.19345	3.61048	4.53218	3.91185	1.33619	1.78237	4.29199	5.89909	7.70966	11.5473	16.1021	14.081	6.64345	2.01342	5.65379	7.38854	9.45932	5.71661	5.73536	5.29209	0.390165	4.11585	6.4853	3.7896	30.1614	27.3388	7.61572	17.0395	6.67191	10.5903	7.14071	15.7311	15.4029	13.0111	8.85444	5.96865	12.2763	18.1766	16.4739	3.96913	11.6675	11.2923	14.7998	11.2799	4.13603	1.67241	7.62894	11.5331	12.124	12.886	13.0727	10.5917	8.69382	7.74385	8.99639	6.55504	5.67632	7.00463	7.50193	7.26129	6.47461	4.65986	4.50713	4.54967	4.84465	6.0559	4.29854	3.25626	3.72833	4.96839	5.37702	7.49773	5.2451	3.33467	2.00438	7.0639	4.6953	8.8816	6.17504	10.0206	15.1454	14.4358	15.846	16.9302	6.69167	16.1288	13.7375	4.96767	12.4453	19.6465	11.5842	14.0729	23.1385	19.7578	29.9028	36.601	27.8661	2.42658	24.3891	29.9041	32.3443	37.8561	47.1205	51.1322	45.1273	30.5876	24.0079	35.3624	57.2175	57.8332	53.3615	42.7479	10.3561	29.2031	34.4945	33.2497	36.1874	33.5613	30.6469	22.3275	47.6298	32.5544	20.7831	53.5207	38.4509	29.8604	44.0382	32.2442	35.8522	50.5467	46.4995	54.4419	46.0018	50.3407	40.409	30.1784	52.2108	54.8456	55.6826	51.7305	57.8631	61.7332	29.0029	58.6379	50.4721	56.2932	66.8053	67.6701	69.1481	64.5061	46.9144	23.6998	54.5086	47.2996
3.79571	10.8996	7.81533	3.77196	0.780178	2.06742	3.57117	4.0408	4.09479	6.08392	9.43286	10.1943	4.19628	1.85294	3.11328	3.7062	8.78157	3.3426	8.77018	5.86019	5.69491	7.35856	3.12389	4.55033	4.62036	4.17846	3.27295	3.473	2.73955	2.94085	4.33688	6.33221	5.71838	0.928475	4.28666	5.64657	4.93845	3.69166	2.26401	4.89861	3.81894	3.40482	5.84387	5.4417	4.85455	2.63909	1.85297	4.61627	4.94688	4.85856	4.52667	4.93743	7.78693	7.09488	0.497765	3.83679	4.40556	3.88727	2.28093	1.26632	4.97155	5.93742	5.31653	4.51589	0.57364	4.91381	3.59394	2.48528	3.46368	3.17135	1.23054	4.13377	4.97192	1.68887	3.91409	3.97774	3.36272	2.30916	3.16143	4.71143	5.24044	5.62201	5.37908	6.4006	9.0512	13.6364	7.20219	2.97179	5.60942	7.09488	3.97192	2.56346	2.60723	3.89764	6.48003	4.30686	1.43969	3.66647	3.39196	2.13614	1.783	5.13095	4.87058	3.87971	2.5978	0.49198	3.1157	8.3532	13.3017	15.4652	15.4959	14.9952	13.1616	6.50577	7.23378	7.40095	9.92148	11.7914	13.1221	8.70955	14.4464	19.1467	18.327	10.1416	6.99808	6.26272	28.7768	24.3437	18.2639	8.28597	14.8996	4.97421	12.5791	13.4001	10.7346	11.7089	5.00121	8.83972	14.2319	15.5081	11.6669	2.57714	7.08896	9.93798	11.6405	6.74918	1.23961	1.44162	3.53086	2.36857	0.877922	3.10716	4.99553	5.17839	4.23277	5.07086	6.6832	6.55399	7.23218	7.16134	7.19095	6.49197	5.54111	5.28197	5.31625	4.99561	5.22214	7.52817	6.83664	5.03823	1.63643	3.7531	4.74414	8.41852	7.32735	4.64101	5.89311	8.46583	6.40018	8.26941	12.1342	12.3523	14.1546	10.4594	11.477	14.6821	4.66207	13.7031	14.0587	11.4095	7.65162	17.8762	13.3773	15.5289	23.8207	24.3973	25.1454	21.5616	28.7232	35.6518	22.6619	12.6531	9.42753	25.1766	41.2762	50.5855	54.7478	54.0292	52.076	39.4739	35.6346	53.3393	54.5004	54.7361	44.3686	16.6608	31.4322	32.1651	37.3319	30.9491	24.6813	19.1929	47.5563	33.0012	35.3799	51.2249	25.8874	36.3588	44.4447	47.3827	41.481	3.41363	43.5712	45.4837	18.782	41.9583	44.7261	55.421	55.3475	55.5172	52.3549	53.318	51.463	39.491	52.8921	32.4004	51.8387	57.2002	64.2486	66.9024	63.3011	20.1849	54.6881	66.7528	63.4132	58.0052
6.54324	12.9791	6.08247	2.28137	0.593103	2.74641	3.60606	3.64401	4.22206	6.96393	8.86335	8.82091	4.82272	2.91256	2.84046	2.03522	5.95243	6.81277	6.92844	7.8988	7.22399	5.96058	3.29452	4.05904	4.37543	3.33231	2.80801	3.33891	3.11372	4.2862	7.08568	6.6879	2.42672	3.66375	5.93103	4.33659	2.1602	1.9311	4.81123	5.00197	4.34218	4.61787	6.83547	5.80263	2.94886	1.85581	4.8739	5.99573	7.07804	6.81926	6.70332	6.79432	8.46626	5.4826	2.00361	4.3683	4.66435	3.63561	1.73961	0.682536	4.29993	5.32891	4.69349	6.7122	3.40174	4.12332	4.33317	3.00444	3.28564	3.35829	1.32418	3.06942	5.86329	3.40877	4.01289	4.32535	3.51256	3.10811	2.18908	3.37423	4.66044	5.15817	5.54031	6.33219	7.18171	11.8216	10.9441	6.7679	5.91344	6.60444	4.41861	3.14746	2.81242	3.29388	5.57582	5.20752	1.53052	2.92432	4.18206	2.91912	2.34295	5.53097	4.80249	2.0505	1.17198	4.24264	10.2399	20.038	23.3986	20.5497	15.2501	9.37586	3.58758	0.933113	6.70158	12.2078	12.1329	10.6487	12.1882	4.62551	20.3661	17.1002	21.6595	18.1882	8.62972	5.80575	22.0266	23.5425	14.7154	11.5204	14.1493	3.7621	13.0097	10.8292	9.21692	16.2859	4.11504	15.9295	13.1767	9.88494	9.39881	5.97902	6.09577	7.75942	5.54058	1.72871	6.86073	14.5455	17.3639	13.8848	9.2322	3.06637	0.926981	2.16639	1.92587	3.05962	3.91041	4.74254	4.96891	4.3661	4.08289	1.77882	1.4581	2.28137	2.28061	2.83245	2.89346	4.42978	5.76594	4.03943	3.23775	6.49907	7.34756	6.81401	5.31889	6.02183	4.59386	6.62043	6.96111	8.62823	13.0986	12.1432	8.99121	7.59284	9.53318	12.162	3.73798	9.78137	14.0328	15.1682	3.54273	12.2751	13.7041	17.5757	17.6616	17.9015	30.5962	37.4268	27.8186	10.1246	16.9018	14.5118	10.3222	5.48106	17.2769	32.1314	41.1176	47.6755	53.6405	54.483	44.6945	23.0478	16.4915	48.435	52.4885	40.9989	22.6412	11.4159	34.1417	32.7009	30.1197	32.5088	46.079	22.3299	36.9479	41.257	38.1322	41.3353	47.5319	50.4331	53.0233	52.1768	50.9192	20.9138	54.7182	59.9505	59.8779	60.9657	60.3113	62.4775	62.0123	58.3548	47.695	21.34	49.8479	39.1081	42.2045	59.1205	57.7646	43.691	24.9628	59.967	65.155	58.9403	48.7301	61.5885
8.72316	13.7458	5.02895	1.11503	0.816155	2.757	3.36328	3.35181	4.31532	8.25687	7.90951	6.32913	7.18015	5.21555	3.65899	1.94379	4.3587	9.73475	4.23338	6.58056	6.09153	4.771	3.75883	3.37168	4.05228	4.09521	4.04808	4.59049	4.85014	5.80771	5.66345	1.51156	3.93561	6.13905	5.43675	3.59685	1.26531	2.33453	4.2484	4.31077	3.81381	4.57269	6.61918	3.07272	1.67674	4.31188	5.28635	6.45286	8.01942	7.17171	7.55554	7.41701	6.30704	1.35148	3.73898	4.64193	4.30082	3.36023	2.03118	1.54311	3.97283	4.36372	2.72294	5.83868	4.99936	3.13963	4.21328	3.68321	3.48838	2.92247	2.57503	1.3159	5.16967	3.09866	3.63397	4.1499	3.17744	3.20081	2.98504	2.39162	3.87587	4.35152	4.93784	6.12016	7.01549	9.16322	8.5603	2.18172	3.47321	4.79566	4.49652	3.13012	2.43412	2.81675	4.7704	5.46105	2.56367	1.3745	4.00546	4.07105	2.19128	5.28707	4.88199	0.979637	4.11435	6.21471	13.3162	20.5222	15.0251	9.04961	7.58606	6.84237	6.24118	5.81394	7.3248	4.15118	9.3446	11.0116	8.44528	12.4896	19.4039	6.62279	20.2941	23.9979	11.1439	4.69095	14.3423	12.0717	15.2475	19.2183	6.4901	6.15671	11.6918	15.9804	7.80403	20.6768	12.1321	18.9219	12.2535	11.3459	11.4454	8.05865	4.07202	1.77394	0.333464	1.3081	12.7238	19.3368	16.9716	17.4651	15.7771	10.4057	4.24999	1.30807	2.33838	2.29935	1.98303	6.3775	7.39227	6.65812	6.04028	4.46802	3.95773	3.2338	2.87648	5.13746	5.16752	3.85561	3.96836	3.76234	4.97101	6.70668	6.96836	5.26342	4.32784	6.219	6.66253	6.35771	6.18431	6.70704	5.60731	7.79587	9.41904	6.10793	10.2588	10.6797	3.82101	1.80296	6.01824	14.7208	12.6867	4.37855	8.00197	18.6612	17.7416	12.2854	17.0845	27.1421	37.6621	38.1792	30.2798	22.5542	22.5674	15.8721	12.6939	9.33765	20.7668	37.8641	51.34	56.4773	58.7237	54.9819	43.6433	26.783	31.9768	39.5402	41.6708	34.2285	32.6526	43.7804	41.1479	38.2332	39.7932	20.1091	33.7395	33.8248	30.3798	23.3366	18.6293	18.76	31.2876	47.5086	57.0525	46.9659	58.5892	49.5604	36.601	38.4229	39.7117	31.9425	34.4165	42.3802	46.7977	51.0709	35.5863	49.7375	47.5155	43.1061	32.4801	44.3969	53.1729	41.5073	43.4361	38.8402	35.2895	57.7689
9.92592	13.2967	4.28457	0.560339	1.21972	2.69708	3.09463	2.82737	4.05918	8.6207	6.59866	4.37502	6.69676	5.70154	2.92247	2.25171	5.15187	10.4314	2.46485	4.63228	4.67481	3.73465	3.14754	3.11942	3.46463	4.52179	4.98427	5.15236	5.06107	4.34256	1.05916	4.67432	6.41327	5.41024	4.26655	1.98448	1.89743	3.55035	4.17193	4.17561	2.37527	3.74715	4.21911	1.60971	3.15551	4.2687	5.43221	7.15447	8.28825	6.34309	6.22498	6.23372	3.47847	2.4027	4.00326	4.36544	3.86545	3.30048	1.88126	1.53	3.84012	4.36938	3.66605	3.92291	3.19135	3.29119	4.00301	3.56704	3.52652	2.56838	2.455	0.447202	5.02648	2.32216	3.1886	3.71143	2.76882	2.85097	2.88342	1.74647	2.96186	4.06452	3.60681	5.28273	7.18481	10.1003	10.2539	3.58991	4.63483	4.78177	4.22974	2.7791	2.67705	2.9217	4.41065	6.48307	3.95365	0.955149	2.19604	4.30751	2.68836	5.47225	4.65074	3.00054	5.51445	7.55892	13.6821	17.1538	11.2802	1.83044	4.92979	6.52147	7.39809	5.65596	2.44544	12.6526	9.94511	4.15842	15.7982	17.0559	12.4939	1.86577	18.2644	24.865	13.3322	9.70761	25.0059	26.4412	22.497	14.98	5.19131	6.34045	12.1513	21.497	7.73344	18.8489	13.0716	16.5587	8.43952	9.43851	9.43329	4.9036	0.692299	3.07949	5.46759	6.96464	12.7657	20.2007	6.73377	10.3104	14.1572	14.1957	7.48965	1.91557	4.37005	4.67982	4.15674	7.56066	7.461	3.8075	3.96092	4.23175	5.37268	4.384	4.81388	6.96244	5.4442	5.48214	5.82838	5.0951	5.86194	5.5121	7.67024	6.52339	4.68346	5.29892	7.47217	6.71653	2.63266	4.74888	9.41641	10.9118	10.9264	11.2653	10.7605	11.1769	2.91075	0.781257	1.95269	10.5062	17.8587	13.5835	3.59815	12.168	20.0166	18.0953	15.1855	16.0406	18.7724	23.1117	28.5189	33.2588	34.5123	29.5886	18.1581	2.96054	16.5854	13.7877	36.6481	43.7835	45.527	50.7028	48.212	44.7287	34.2676	19.0591	20.872	48.9368	42.3577	32.6965	38.3894	31.7575	28.795	18.5741	28.2338	20.2379	15.4119	8.50926	20.9263	23.5634	18.3648	32.1831	44.78	54.736	56.9709	42.084	19.0479	22.0318	34.3505	27.0085	18.2519	12.4082	36.5202	55.9339	58.4732	54.7445	46.6301	29.4384	25.0684	34.4641	56.052	57.4606	59.5442	56.9604	46.5728	49.0703
10.2444	13.181	3.62396	0.423108	1.49449	2.92644	3.00501	2.7325	4.23027	8.26712	5.11308	1.4641	3.29718	3.62716	3.3451	2.61783	6.69079	10.3175	1.63291	3.35544	3.74581	3.11316	2.95084	3.23202	3.27872	3.40807	3.76696	3.59148	3.16872	1.42284	3.18623	6.32361	5.53843	4.64964	2.54795	1.4699	3.45044	3.51057	3.93022	4.25289	2.47035	3.38741	0.986555	4.1981	3.02994	4.06354	5.63491	7.68074	8.39103	5.44017	3.89518	3.38952	3.31598	4.55781	3.80615	3.74878	3.60932	3.34482	2.06632	0.523891	3.48385	5.223	4.70787	2.02673	1.89353	1.74618	2.78579	2.77215	3.38059	2.4524	2.38285	0.749789	5.6287	2.29597	3.66458	3.75419	2.88057	3.0251	3.11052	2.09788	1.96108	2.56136	2.4292	4.8059	7.28582	11.0196	11.6756	2.75505	4.13896	5.19487	4.17841	2.09479	2.06746	2.43525	3.44429	6.46259	4.83189	1.61925	0.979305	3.03246	3.42613	5.26322	3.49012	3.87746	7.29801	12.2563	16.8067	15.0349	9.77666	3.35453	1.72981	1.5419	2.42917	1.92397	2.35656	14.6587	3.31284	14.6698	10.2915	6.97481	5.12966	8.34746	23.1182	23.1944	11.7249	14.13	27.0111	17.5882	8.22598	4.55705	1.12481	1.47442	10.1244	22.9406	15.053	9.42733	11.7326	12.9234	9.41132	6.14962	3.98467	0.935925	4.47389	10.2855	14.6372	15.1135	12.4841	16.212	6.89386	4.70433	7.94547	13.4608	8.75657	3.30957	5.21284	4.48313	3.11434	5.16497	6.37715	2.80867	3.27081	3.05179	2.3308	4.15058	5.89859	6.41744	4.7221	5.09909	4.69907	4.80579	6.29211	5.25644	6.76383	8.37807	4.60991	4.92825	5.72054	4.69762	2.5893	2.83455	9.23305	14.7804	10.6473	8.875	11.1047	14.5241	10.2499	7.23401	4.44052	5.8852	10.7997	17.178	14.2715	5.28493	11.4703	14.5955	15.1355	17.9157	14.7545	10.565	11.7742	14.0673	13.2577	14.1802	15.4733	17.2492	15.6743	4.2726	11.356	22.9229	32.5511	46.2623	39.5882	39.6642	43.5694	43.4397	28.6926	42.9523	48.4172	32.2921	16.7094	22.6292	22.0992	15.017	26.9196	23.3731	19.5446	20.4978	24.6036	20.2408	21.817	34.1684	47.5121	57.5017	58.1428	54.2918	46.9353	28.5007	36.0162	34.5282	28.8231	35.4649	37.3046	39.6486	43.5004	40.5154	24.5736	11.8345	14.6389	18.34	23.2602	21.7295	35.6784	41.8275	10.0204	32.5284
10.1488	11.8362	2.85297	0.613901	1.74372	3.44714	2.92848	3.04913	4.60202	6.71218	4.77184	2.49068	2.80981	4.79302	4.39998	1.18513	7.49823	9.50228	1.61015	2.73697	4.24427	4.55241	4.89583	5.06365	4.55414	3.65699	3.11641	2.20247	0.333274	2.88529	5.99217	6.13285	5.45432	4.38442	1.33162	4.2328	4.42654	3.38655	3.52983	4.94701	4.29714	2.18721	3.98427	6.40468	4.58278	4.65731	5.97913	7.89975	8.11511	5.13073	2.5422	1.12141	4.34524	5.27385	3.70367	3.58257	3.64871	3.36987	2.24789	0.688939	3.42661	5.5776	4.705	1.98806	2.87954	3.37007	3.60617	3.11732	3.13178	2.71715	2.85	1.19039	5.75393	2.71924	4.99468	4.17033	3.39565	3.86997	3.77812	2.61297	1.54898	1.54343	2.50468	4.53651	6.48087	9.90349	12.2339	6.53334	4.96362	5.16456	3.87206	1.84708	2.04853	2.06913	3.19622	6.27764	5.68517	2.2019	1.05286	1.34741	2.80158	3.85785	2.1311	4.127	10.9119	17.9873	16.8451	8.87058	5.66334	3.00161	0.351288	0.175655	0.724177	1.39309	4.12026	13.8871	5.15136	15.3052	4.56258	3.26965	1.30003	14.6406	20.493	17.4345	7.87156	17.2405	23.688	15.818	12.8333	5.46323	0.487144	0.447006	9.58789	22.2227	17.9733	4.18479	9.45446	11.2408	8.53147	3.89383	1.02413	6.53474	15.2887	20.2514	20.6594	18.6088	15.598	11.4761	1.14025	6.37346	8.27025	10.2464	6.2019	5.24918	6.4153	5.06928	4.36662	5.91462	6.54096	4.67338	4.59725	3.33817	1.80451	1.43779	4.24616	4.92379	4.29194	5.51674	6.00104	7.04015	7.72103	6.58676	5.97788	7.37812	4.36082	2.17343	2.79193	4.70366	4.11943	5.2127	7.00307	11.5996	16.2347	5.92039	6.06914	10.7782	4.74344	11.0189	9.83347	8.23296	5.58399	10.412	14.1478	17.5552	13.3794	2.27348	15.4138	22.1461	24.9413	19.4467	11.6957	8.9414	6.38129	9.20758	10.8906	23.341	31.5706	25.8109	16.4068	14.538	15.1312	36.082	39.7399	39.457	41.0029	46.2071	43.1594	44.5641	39.3972	37.2308	13.0478	13.108	16.0484	18.7611	30.927	37.5855	40.2132	44.0497	48.7608	49.703	46.628	45.0321	45.2699	40.0535	30.9894	30.4203	38.3259	37.6972	33.9868	31.1979	26.4287	36.4565	15.8525	7.92162	6.80323	7.21264	25.7096	27.8885	21.5269	45.6465	51.4	47.2286	46.9801	56.323	54.3387	57.3158
10.0283	10.2238	2.34923	0.653827	2.04257	3.84486	2.69448	3.38675	4.87188	5.03923	3.5305	0.905952	4.09932	6.77925	1.77875	3.2626	7.22909	7.49997	3.42234	3.2218	4.8565	5.09232	4.54358	4.01345	2.78349	1.10136	0.981087	3.16666	5.01107	6.66424	6.95368	4.99452	4.2032	2.60267	3.04743	5.44213	4.62916	4.11962	5.26948	6.82113	4.621	1.84315	6.8138	5.85268	3.96534	5.51628	7.30352	7.92145	6.36092	4.31981	2.43553	2.35617	4.00638	4.51893	3.932	4.10558	3.72004	3.50702	2.48768	1.15514	3.22042	6.21118	4.47293	0.897255	2.70336	3.37725	3.64792	3.42	3.08072	2.98275	3.09381	1.28109	5.13385	2.34904	5.4836	4.20208	3.76643	4.02733	3.31416	2.07405	1.25077	1.46058	2.88202	4.32135	5.3329	7.74299	10.9859	7.82851	6.03004	4.59541	3.14625	1.5681	1.83022	1.99613	2.27852	5.25358	6.92046	3.49948	1.28364	1.39449	1.68694	2.0499	0.950869	4.1136	13.0932	18.1697	12.2209	8.45058	7.97703	5.08538	2.39591	0.820202	0.524575	1.10588	3.28732	11.6155	5.03663	12.6554	3.21405	1.52911	6.30427	10.8759	17.5663	23.9949	10.0547	24.4381	24.5135	9.99359	10.3473	8.55688	0.766056	0.186105	8.64235	21.9765	19.6733	8.17163	6.47677	7.18491	4.80317	1.33137	3.46763	15.3404	23.728	21.0288	16.0837	12.2801	12.3257	8.26564	7.78027	8.14764	8.15581	7.29961	1.40258	4.35469	4.70261	4.33474	4.98441	6.72719	7.02646	4.60809	3.20552	2.1408	1.00213	1.73137	3.83824	4.48931	3.20126	3.49667	4.05576	3.96978	3.66229	2.95377	2.52551	4.47608	3.86734	4.4442	4.5038	4.57471	7.16627	5.86237	4.66305	7.24643	15.2413	15.8348	6.29665	6.4981	7.70473	2.9008	3.02503	3.30287	2.88962	6.48156	1.02367	9.54659	15.8548	19.3555	13.0179	9.06568	19.5813	22.8189	16.571	7.78189	6.21494	10.7614	12.9364	16.3588	22.2509	24.9633	23.9802	23.1114	7.46212	18.3108	36.8159	38.9365	37.2616	44.5076	45.7401	44.2294	37.3553	31.2733	13.8008	8.48132	11.5302	2.54692	12.6065	23.1403	26.0539	23.4367	20.8869	20.6769	18.3521	13.4266	10.809	10.3416	23.9487	27.0919	17.4939	34.5936	33.8718	25.2657	30.3224	7.54874	24.8681	24.8316	20.6127	25.7248	44.2999	40.6467	32.4502	51.9042	47.4169	52.7756	53.4413	60.0969	55.2394	54.9582
10.8606	10.1536	1.94337	0.575374	2.4202	4.24179	3.41031	4.44932	6.28374	7.11103	4.29757	1.97384	5.77476	5.52451	3.90732	6.00497	7.38553	6.80236	5.45105	5.11635	4.80961	3.66089	0.955215	2.09085	5.00349	7.27618	7.73032	8.40448	8.86018	7.57436	5.65085	2.88161	0.853744	4.29324	6.48778	6.61081	5.62663	4.69813	6.19524	4.93969	0.496619	4.07871	6.2746	5.40477	4.30476	6.02251	6.5527	5.31924	4.37526	2.90278	1.35022	4.13608	4.37894	2.58251	3.87151	4.63729	4.27314	4.06121	2.59785	1.43707	2.97858	7.24164	4.99735	1.50123	2.71452	1.42348	2.60299	3.31993	3.605	3.73973	3.16732	2.05165	4.61562	2.68991	4.67086	3.84703	3.15118	2.95128	2.45082	1.55824	0.98599	1.39644	2.96343	4.54768	5.14025	6.656	10.143	10.8745	10.701	7.3292	3.34061	2.92151	2.0423	2.85586	3.2474	3.1099	6.32511	5.61461	2.06631	1.87545	1.71502	1.65484	0.78938	5.39029	11.4634	15.4689	10.2412	6.2626	7.62921	5.18791	2.44113	1.34663	1.16715	1.16413	2.35443	8.77428	3.99351	9.08784	2.49869	0.633045	6.24388	8.37884	13.9009	29.1001	12.8566	29.286	24.3586	10.3258	9.04145	7.21121	1.07434	1.11931	8.97058	24.7661	22.4531	10.3462	5.30678	2.5124	0.655122	4.89902	8.62557	16.9962	20.3343	9.77833	6.32396	6.18385	7.90996	9.94449	15.0879	10.0636	8.02687	4.06178	2.55929	4.66665	2.70282	1.96133	2.51077	4.41683	3.63636	2.1552	3.9801	4.20206	2.278	2.1404	4.30729	4.74011	3.57313	4.32262	5.11971	2.84256	2.49343	5.92272	6.77834	6.35654	5.48105	4.79173	4.07586	6.41307	7.03753	4.77073	4.00436	4.39483	9.01184	15.8765	13.658	6.13823	5.97742	5.5761	5.97751	5.95251	7.55653	10.4531	10.3876	16.7608	12.7583	9.2714	19.9529	17.7632	4.52361	17.079	21.869	13.3938	9.23831	11.4307	9.53695	3.96781	14.9355	16.4606	13.5725	26.6265	31.172	28.2806	23.8157	21.4645	21.4687	30.4152	34.1608	31.8848	26.5076	16.7576	1.04637	11.4976	16.6023	21.2099	25.8201	21.5251	14.5094	19.0443	23.6819	23.8761	19.8212	14.2002	18.242	17.5457	27.5961	31.4408	10.0031	5.38066	14.8415	25.8869	16.4895	29.3389	37.6997	34.9215	36.939	33.6759	51.5417	45.3246	53.7356	38.1091	49.2063	36.0667	59.2977	59.1988	43.5097	27.8654
10.2221	9.30626	1.38371	0.632925	2.8173	5.40311	6.26491	7.44047	8.83873	7.72699	2.90011	3.25891	6.63308	3.4761	5.79792	6.04139	7.26256	7.05554	6.3722	5.20217	3.08236	0.837605	3.50236	5.53194	6.86106	7.90972	7.33237	6.85832	6.2595	4.03163	1.60163	0.9301	2.73022	3.95431	4.58296	4.80912	4.75838	4.86575	4.11196	0.909228	4.17784	4.43649	4.88918	5.10443	5.00824	6.76926	4.06367	2.55956	4.45334	2.35677	2.20681	5.13178	4.05276	2.77589	3.15183	4.42796	5.17952	4.76615	1.94117	1.04072	2.72756	7.73011	5.69569	1.19896	3.26251	2.29905	2.63448	2.51833	2.70675	2.79923	2.17478	1.94746	3.8012	3.3762	3.56973	4.43874	2.11517	2.26218	2.15362	1.35779	0.683713	1.07105	2.25939	4.13813	4.81044	5.62217	7.88232	9.42995	10.1212	10.4807	5.22993	3.06921	2.70962	3.50458	3.67194	2.7364	5.05248	6.67594	2.67473	1.51778	1.67967	1.20433	4.31532	10.1	13.6475	16.7902	15.2433	10.8583	7.63735	5.48693	2.62812	1.75559	1.431	1.2417	1.96193	6.41552	4.46672	5.96193	1.27573	0.392524	2.80727	4.14968	11.7345	30.9597	13.9589	30.9168	25.5034	0.810266	3.11982	1.28572	4.58638	8.02835	18.7266	29.6677	21.407	7.1266	1.75716	3.00848	6.416	9.45011	11.5221	13.8557	15.8021	10.6354	8.31149	6.28249	7.95323	17.1847	16.9182	9.30774	4.88667	2.86865	5.05454	4.93431	2.43359	0.928357	1.47169	5.28941	5.06187	4.12229	3.74758	4.76161	3.26474	2.47129	4.86893	4.92896	3.15065	3.67677	5.4422	4.09891	4.93215	4.41242	5.1725	4.68707	2.90139	3.77213	7.45609	8.03059	4.82309	3.14388	4.14944	4.73256	4.85343	9.22944	15.318	10.1223	7.47587	8.79882	6.50273	1.98728	6.57482	10.4178	6.23981	11.4823	19.1635	19.2835	9.64954	18.54	12.749	6.29026	18.375	19.8232	14.5568	12.4144	6.18023	6.05666	20.1653	11.7057	5.36552	19.4593	28.5692	23.7834	13.0446	12.3486	13.6887	15.9058	18.0688	23.236	22.055	15.445	13.4027	16.3978	15.0093	8.62905	6.71919	11.1028	7.17012	12.8803	9.83384	4.13197	6.76249	6.64884	12.7187	12.6903	31.1597	42.1059	43.832	37.3466	34.6867	30.9714	18.9576	43.6309	44.5921	49.3708	52.1215	24.0457	52.3674	43.5588	60.009	53.2583	34.5934	58.4447	53.795	32.3892	1.22013	21.1112
7.94974	7.00671	0.942332	0.69694	3.17316	7.20247	9.6315	8.5794	6.93514	3.07163	6.19024	3.11436	6.51843	3.12319	6.50212	6.08265	7.29683	7.08507	5.59741	3.09575	1.60124	5.51293	7.01199	6.20253	5.32119	5.92471	4.38512	3.21589	1.40263	3.61227	4.72273	4.2852	2.90733	3.09417	2.17177	2.64766	4.22369	5.08853	0.69288	4.1439	3.14353	3.23152	4.76048	5.67842	5.49164	5.17258	3.12712	4.0227	5.62872	2.48639	3.12826	5.93361	4.24039	5.41245	5.39731	5.04143	5.22671	4.61519	1.37415	0.994657	2.47455	7.41539	6.08652	1.52375	2.76933	2.93631	2.95546	2.54684	2.81377	2.09125	1.08861	1.13632	2.28633	3.42788	2.13433	4.44001	1.48925	1.71145	2.1813	2.00498	0.888221	0.727574	1.2409	2.57274	3.36771	4.25752	5.04451	4.90834	4.46792	8.5475	7.38206	1.15383	1.61604	2.30896	3.91335	4.03648	5.62058	6.24734	2.69885	1.30616	1.20683	1.50745	10.5296	18.3587	21.0249	20.1351	14.251	7.7123	5.32291	1.54592	2.46804	3.06535	1.40652	0.826047	0.894873	3.56095	3.06521	3.20777	0.792411	1.02954	1.17823	2.11282	20.9143	31.3482	8.18069	29.9316	23.0356	6.87409	5.58337	12.6058	19.205	24.8227	30.1349	26.0665	11.1618	1.37195	12.3394	21.7506	23.7215	19.8747	16.801	16.6074	15.0393	12.5041	9.37818	3.13726	14.5479	22.3187	14.9093	6.60239	0.938312	4.60382	5.73489	3.71	1.79097	1.78104	1.92505	3.82205	5.90892	5.14718	3.55156	4.74625	4.55208	3.02356	4.3864	5.80519	4.86808	3.93807	6.15931	6.27344	4.12652	2.07653	6.48359	7.82739	7.17414	7.35471	7.29683	4.09332	4.24828	4.61823	3.72371	3.35576	4.91495	6.67672	13.1489	13.9849	14.0978	10.1953	8.11582	11.8673	12.6622	12.4404	7.71955	4.01881	6.44528	12.8932	18.2462	20.1271	11.5139	4.30568	7.87201	17.0598	14.4761	12.8365	9.20536	12.9207	15.3568	12.2973	15.7511	14.9398	8.79452	13.0088	9.21771	9.86996	16.2667	14.2523	11.1736	19.5072	20.3384	23.6249	21.5585	15.2597	10.841	17.5225	21.4086	13.7488	2.22626	9.27665	6.98042	6.48831	3.25516	16.9672	35.4274	41.8323	51.8564	55.969	52.1355	32.3341	34.8086	33.0157	42.8722	55.7844	54.6387	51.6064	56.9642	40.8688	43.7191	56.4508	31.0686	62.1605	21.0397	60.1606	61.126	40.0518	42.1333	45.5132
6.78221	4.98272	0.764264	0.813179	3.78367	9.84615	12.1191	6.50073	1.60494	1.58423	6.73588	3.0537	5.9721	4.84826	7.05981	6.90455	7.38139	6.01584	3.14576	1.22355	4.61188	6.12452	4.83987	3.6342	3.10491	4.5322	1.35289	1.56973	3.18574	5.98297	5.66719	4.70437	2.95164	3.21032	3.11321	3.51713	5.87815	5.64428	4.35867	6.66195	4.14562	4.04461	6.51168	6.87178	5.05904	1.25582	2.00219	4.61383	6.03822	1.73255	4.13687	6.60185	4.7782	4.56469	5.41748	5.24861	4.6086	3.51308	1.35709	1.336	2.37378	6.55779	5.49325	1.7327	1.94516	3.1888	3.69091	3.45128	3.2432	2.02386	1.01525	1.10202	1.44217	3.4412	0.994469	3.71432	1.71914	1.59671	2.02387	2.79276	2.09241	0.948949	1.19775	1.70616	2.46196	3.20933	3.7719	3.8201	3.34297	5.65315	8.95672	5.70753	1.17199	2.85207	3.61839	6.55552	7.729	5.27162	2.46271	1.50293	1.09448	5.80557	18.6399	23.6344	19.0421	11.5079	3.23237	1.27736	1.13171	3.67971	3.37605	5.85938	1.57891	0.483277	0.517351	1.47976	1.78721	1.68692	0.936892	1.50404	1.18023	8.84306	29.0152	27.4343	3.72309	26.3314	20.6768	7.27918	9.79103	24.9652	26.5959	26.9223	22.8393	11.5675	0.871106	10.048	21.2381	22.1961	17.2468	14.7498	10.1857	6.52811	6.00737	11.1496	9.869	10.6341	21.3345	22.2065	9.66014	3.15893	2.15365	5.18011	4.44489	2.84141	4.46456	4.91555	3.93411	3.1084	3.45768	1.16997	1.01358	2.47409	3.35481	2.26682	2.75494	4.90934	4.94767	4.2171	4.73215	5.1756	4.74305	5.03967	5.72863	8.06363	6.02852	4.08851	3.30706	2.43271	4.8613	7.00245	2.50974	1.59387	2.52851	3.54802	8.10954	12.1433	17.9458	18.0783	10.9741	5.89799	17.6379	23.012	19.4711	14.1436	8.84932	3.61002	7.82794	10.1041	6.22099	6.45936	5.90053	9.1086	13.1182	10.3517	12.9778	16.9749	12.2845	16.1523	15.5592	9.9166	10.0973	14.2143	8.83318	16.5901	19.3119	21.6776	14.3574	8.26313	12.9918	20.1338	23.8053	27.3435	25.8861	20.4876	14.59	10.5257	12.2195	19.1026	21.4728	24.7835	25.5914	29.1564	39.3048	40.3465	44.5058	43.2928	50.4747	44.0095	45.2477	36.5724	50.4114	57.9763	51.1743	44.0371	59.0804	56.5841	33.3671	54.4158	43.3874	59.5373	31.1064	43.6683	51.9825	55.0875	49.5786	42.1371
5.69121	3.3855	0.470781	0.954434	5.16583	12.3185	11.488	3.13921	2.40224	2.91397	4.21126	4.95382	4.44894	6.32476	8.06446	7.28047	6.05548	3.45598	1.05748	2.76421	3.88386	5.29756	5.33952	4.32892	3.03152	4.26097	3.81173	3.46731	4.31105	4.46606	4.42902	4.00621	3.85349	3.8266	4.93349	5.98665	6.85113	2.89193	7.77397	7.78466	4.79623	5.53781	7.1289	6.2239	1.5895	2.21901	0.941981	6.03886	5.68492	0.509425	5.05836	5.84037	3.34782	1.61197	2.74299	3.52676	3.47832	2.40659	1.24042	1.13144	2.52209	5.94916	5.13882	1.65684	2.51239	3.75499	4.05656	2.99069	2.89658	1.66765	1.081	0.908735	1.66137	2.85968	1.10992	2.83449	1.84382	2.42284	3.61072	4.10643	2.50185	0.911346	1.10992	1.17177	1.38194	1.52764	1.83568	2.63856	2.61104	4.22691	9.25743	10.7516	8.33288	3.7433	5.35841	9.47628	7.96273	4.38194	2.49502	1.46178	0.677055	13.1832	25.8074	20.7746	9.44207	0.457506	6.56747	5.82962	4.95411	6.36946	4.97038	7.20686	1.41971	0.303097	0.701765	0.197059	0.313858	0.339935	0.870402	1.44611	0.165728	19.7224	32.9592	18.231	12.0991	24.999	18.8332	3.08817	24.144	27.8362	18.477	11.1199	4.55363	0.0688178	4.82646	10.5598	16.0778	16.5026	16.3248	14.064	10.834	12.0969	14.1401	16.6843	17.1616	17.0604	21.611	11.4464	4.95421	8.66485	8.10734	3.73929	2.75402	4.8284	5.09884	3.90399	2.19001	3.32927	5.73397	6.26446	5.80554	5.33406	5.99575	4.51906	3.62442	4.60778	2.35795	1.7512	7.84183	8.81134	7.78142	9.65783	9.43184	7.42729	3.87529	3.66496	3.25926	2.12961	6.6049	5.26284	3.15404	4.57349	6.64572	6.95515	3.69843	5.82936	16.3226	20.3363	17.9979	15.9482	6.95375	20.7071	34.4256	37.4485	27.9881	11.128	7.00488	4.45222	6.02392	7.57829	2.82165	3.49174	11.3002	9.80457	13.6036	18.6164	13.0255	10.9847	7.62113	4.4601	6.56412	11.4627	13.589	20.6923	11.4273	16.0475	16.9463	34.8946	45.1093	42.0017	32.7005	29.1884	31.6204	39.3251	39.2851	28.0219	12.1344	16.5555	8.18928	12.4881	17.6634	21.1842	20.1168	41.4227	35.6882	31.0322	52.2309	59.2391	61.3068	51.528	40.9977	56.6531	48.3073	28.7236	46.2926	59.0162	50.7937	28.2084	49.9748	50.8946	20.7289	27.2949	17.6323	46.7507	45.2332	30.9844
5.2174	2.24153	0.555988	1.56913	7.58244	13.3537	9.20673	1.15133	4.55114	3.58883	2.90041	6.93756	5.50815	7.91773	8.10474	5.01181	2.04619	1.14807	3.15703	3.52281	2.30598	2.91008	3.80066	4.02198	2.82689	2.49934	2.15203	4.02585	4.86592	4.71572	5.44225	4.06897	5.60744	5.22644	5.48852	5.53111	3.96526	1.85942	7.95064	7.2125	2.50991	3.21668	5.42671	3.07556	2.50399	2.51189	2.76108	6.66711	4.92261	1.66134	5.03908	4.62498	2.73498	2.20153	3.02173	2.39042	2.10985	1.48256	1.1798	0.850995	2.65388	5.373	5.12392	2.16103	3.24104	3.70051	3.09614	2.15337	3.26508	2.03387	0.996512	0.731372	2.07436	2.23638	2.12418	3.36481	3.52572	3.77619	3.68171	2.91764	1.36651	0.81231	1.08384	1.0808	1.16851	1.23159	1.37602	2.92662	2.07741	3.70014	7.38369	9.77112	11.8323	9.0905	7.9601	8.99453	5.92693	3.76464	2.52458	0.663151	3.26271	18.7571	24.0688	12.3857	5.72677	5.91364	12.1529	10.4597	6.71161	0.785963	8.35937	4.92116	1.17335	2.00244	2.24532	2.10014	2.58097	3.77083	3.59069	2.88802	1.93574	26.9692	31.7561	7.03952	19.1066	25.2108	8.05241	21.8989	29.8803	17.5738	5.43276	0.25467	1.36289	1.28426	2.86961	9.4861	16.0689	19.0852	19.8853	19.1822	15.9397	12.2408	11.1542	12.7278	14.2023	14.3869	12.7877	5.38154	10.4318	9.37565	9.44452	8.52907	3.9256	3.62201	2.89066	5.95733	8.87207	8.6432	8.18168	6.85615	5.88644	4.90289	5.76268	5.3033	5.57572	5.7134	5.47175	5.82145	7.24055	8.45082	5.04897	3.42204	3.96771	5.81184	5.12806	4.52568	5.08761	6.19899	7.01527	4.56816	5.22902	5.39821	4.11083	3.26073	2.90694	4.71156	10.6524	15.8278	17.2578	21.5681	20.8158	18.0595	18.4552	33.9545	36.3849	26.7804	16.7638	4.18957	4.59507	9.74601	3.46411	2.48722	5.84842	7.48777	10.2621	15.0062	10.7173	3.66342	6.52892	6.4001	6.42693	13.2736	13.8288	3.27667	16.7807	28.3741	39.737	44.2389	31.6145	16.4477	2.16181	22.1172	33.6686	41.3704	42.5741	40.5524	27.5497	21.8659	11.4898	17.7568	30.9923	27.5558	16.6929	32.1209	50.1819	19.7342	41.3244	47.9729	60.609	58.562	20.8687	49.6376	43.6917	49.6544	18.7969	50.7712	57.2678	8.40886	48.441	36.8916	25.1432	37.2002	37.3181	31.0031	13.5925	35.3903
4.70834	1.73564	0.74913	3.17742	10.7571	13.0579	5.95776	1.29372	5.36566	3.9883	5.55203	9.4901	8.59325	6.73464	2.97375	3.37514	5.55137	5.25048	4.53287	3.66613	3.07918	3.41758	3.412	3.54302	3.49916	2.11815	1.66334	4.54321	4.66522	3.99828	4.31809	3.07348	5.58987	7.0451	6.34526	5.29887	1.58779	4.31187	6.20231	5.1648	4.53528	5.46063	3.86832	1.57344	3.53063	2.11554	4.20742	6.49735	4.3781	2.57543	5.04605	4.47861	3.58622	3.18342	3.1791	2.39302	1.77972	1.07661	0.896866	0.748501	2.35384	4.70813	5.09339	2.4677	3.14528	4.18388	3.42625	2.7965	3.54596	2.17427	0.435062	0.93909	1.01554	1.67245	1.90397	3.54503	3.70503	2.52515	1.71922	1.24563	0.577996	0.771536	1.1965	1.2032	1.21181	1.26452	1.41122	2.91599	1.72066	2.49201	3.33827	5.49714	8.98907	10.4579	7.74097	7.41567	4.85691	3.47656	0.350758	6.61567	11.928	15.3203	16.1897	15.6529	11.4821	11.7809	11.6118	8.45858	9.91436	9.00663	4.27726	3.10786	4.31143	4.72757	3.80652	3.0467	7.06642	7.75282	7.0141	3.94401	4.47026	29.7576	29.6122	1.59131	18.3495	22.4412	24.5316	28.5794	17.809	1.83133	5.93647	7.06067	6.09351	4.412	2.85894	1.68	4.32336	6.60217	7.53845	8.9556	11.227	9.81853	10.1678	12.7624	14.7111	13.912	8.0463	10.863	8.50215	11.2356	9.60732	6.93003	8.17555	1.51464	1.78607	10.4405	12.574	8.6808	7.6114	6.10668	5.83488	6.65603	6.2357	5.018	5.77182	6.00227	5.70462	7.10554	7.94239	6.35447	4.18357	3.93351	4.75432	5.05545	3.33984	3.59996	4.50494	3.20033	5.61839	2.92062	3.87136	4.22303	2.71998	3.49692	5.4125	1.29331	9.33472	6.38265	12.1527	19.7241	25.2909	34.7037	34.1707	23.9442	17.6572	30.4805	33.3713	18.563	7.73672	9.48783	4.22347	3.79541	2.30783	3.54932	7.67047	13.2391	10.4194	5.56537	5.69391	8.9011	16.8527	12.5521	9.45748	20.7277	22.8314	24.8162	38.8391	27.8577	21.3182	34.0335	19.619	36.1211	45.1524	41.3905	42.2882	45.3634	40.7845	40.2644	38.258	38.1618	47.2285	41.2111	41.7345	17.7079	49.3523	33.7543	31.0615	32.706	50.9623	60.0536	24.4379	41.776	35.9422	52.2343	40.9346	42.0678	58.933	29.3949	49.8956	33.8193	38.8779	56.6457	50.2326	56.1504	42.4439	47.8523
2.8866	1.4458	0.593636	5.38245	13.3526	10.781	1.967	3.16062	5.17194	6.75497	8.53396	8.71474	3.47134	2.38489	4.78636	5.02165	2.82971	3.52155	3.82883	3.20753	2.72316	2.77445	3.49791	4.40902	4.27935	1.33981	3.40658	3.57966	2.44754	2.29923	3.52144	4.01078	3.41414	4.20204	4.35903	1.73129	4.39205	7.40424	6.79943	5.40098	5.37413	5.96326	1.91578	3.10985	2.01534	2.81208	4.44319	6.15126	3.82661	3.76945	5.67883	4.8176	4.02032	3.25576	2.9132	2.00307	1.17869	0.995843	0.601518	0.169873	1.9677	3.87257	4.31545	1.18311	3.75287	4.50617	2.77675	2.04188	2.40967	1.50912	0.924689	1.26796	0.246072	0.577887	1.07291	2.84773	3.67128	1.80392	1.69123	1.36995	0.79968	0.839218	0.988512	1.07688	1.22555	1.40053	1.41346	2.4225	2.05508	2.21908	1.79517	3.52477	5.4058	6.90474	5.11321	5.96339	4.03874	0.302141	13.8215	22.2038	17.4466	5.14162	7.97653	16.2885	17.7996	15.3516	2.81553	17.3287	10.1096	2.76434	6.616	6.60814	6.61484	8.28502	7.41406	6.40011	11.2299	7.01209	9.08148	7.08444	16.6538	30.9465	24.3428	2.13445	12.0446	15.2379	18.9254	13.0326	2.93718	3.67666	7.42323	6.50424	7.18293	6.6644	5.222	6.7749	11.2423	11.3387	8.34629	5.30817	5.15891	6.62979	8.20472	6.64644	3.51718	2.09831	5.46787	6.87923	3.77162	4.38918	8.90017	6.79088	5.02868	5.57216	6.03243	11.2055	12.7613	3.13727	2.18314	0.811981	1.03319	2.15748	1.91938	2.4041	2.09615	0.697307	2.36938	4.37816	3.1264	2.79196	3.83022	6.09423	7.39795	7.16384	6.44879	7.86785	5.28853	4.42752	6.94664	4.21101	5.92461	4.79431	3.35334	5.00976	6.48952	2.98104	8.5422	4.27284	6.72773	9.68152	19.5769	31.8651	36.5647	30.2162	17.4478	4.51324	30.2496	34.1287	22.5601	13.9721	4.57986	6.69472	2.62441	3.84006	11.8301	15.3681	6.31515	8.02283	11.5647	14.8063	4.78814	20.7222	22.4571	11.3965	8.03323	21.5642	35.3864	24.8616	35.7182	28.1512	29.2182	43.3064	47.0436	34.061	29.9224	43.8617	48.077	51.0045	49.9767	45.2811	50.1153	40.966	48.1722	34.3064	30.3024	34.4668	50.6949	52.5172	45.2954	52.1333	25.6352	30.561	36.3831	52.0833	52.3608	30.7298	60.3853	41.9441	58.6571	48.4613	46.7147	61.829	39.3177	54.1048	36.9089	41.6761
1.80855	1.31099	0.567044	8.46716	14.6488	6.65909	3.23512	5.42322	8.11329	11.1029	7.39334	1.45025	7.03423	8.55663	5.18323	1.81192	1.84164	1.86312	2.62392	2.55693	2.50453	3.04179	4.43058	5.98052	4.40967	2.9034	3.66579	3.20432	2.8366	2.91426	3.60162	5.08893	5.06413	2.91371	1.2452	2.27463	6.30847	6.85385	5.07517	4.55016	4.53655	3.35431	1.72412	3.04644	1.3349	3.11514	3.61527	5.83036	3.39523	5.03497	5.65406	4.47783	3.70972	3.21973	2.80366	1.94158	1.22417	1.04727	1.16882	0.67163	2.64294	4.59201	4.07741	1.1414	4.59777	3.14631	1.48723	0.887475	1.23141	1.27997	0.264538	1.69789	1.66136	1.63987	1.07624	1.33099	4.1198	3.14313	1.76416	1.27559	0.846071	0.701247	0.615812	0.646525	0.80894	0.930684	0.80894	1.59072	2.77202	1.87622	2.5509	1.8843	3.87274	4.39223	2.88052	4.35129	1.78466	12.4721	28.292	21.0831	13.1065	8.04746	5.99876	12.7335	17.6807	10.3988	15.5451	15.136	2.93749	7.9521	11.5211	7.798	7.33849	8.61721	9.09989	14.5469	15.8112	12.5541	15.8092	20.588	28.3003	27.4714	14.562	2.72726	6.15568	7.52575	6.07398	1.11079	1.6087	4.17358	8.63461	8.45461	8.22266	9.69856	6.68223	10.0107	16.425	16.0029	16.4397	17.5518	14.8796	16.4098	20.552	24.5491	23.8068	20.0468	14.3934	15.112	18.154	19.4206	11.4395	2.28469	6.66022	11.3762	11.5116	9.22783	8.19207	5.24694	5.761	6.81409	7.4772	8.02444	6.01231	4.21657	4.14458	8.07024	9.24246	9.59472	10.2305	10.0042	8.78789	7.42463	6.8883	4.79197	4.77778	8.07663	5.83141	7.91606	8.04689	5.28348	7.9122	6.23031	6.2862	7.50938	10.7691	8.24616	10.3952	10.2764	10.4758	7.92852	16.8919	25.2178	31.9957	31.789	28.6598	21.0837	12.995	22.9958	28.2738	26.8015	7.41845	9.78217	8.74434	6.1417	14.0421	13.2227	17.7334	21.9712	19.5545	6.98615	14.5004	25.5913	12.6842	13.3409	18.639	28.4261	34.9861	35.6616	33.8228	14.7514	32.941	44.582	44.0275	39.1042	20.7273	29.3102	51.1382	55.824	55.775	55.0123	56.7596	46.7257	49.4779	47.2479	29.9194	23.7581	44.1129	42.5946	47.8286	44.5846	13.5026	24.9758	31.8488	47.4677	57.3527	12.9097	56.621	45.035	60.4507	54.3021	53.1145	62.056	36.1162	51.4633	22.7637	31.3334
1.65026	0.854768	2.38269	12.2826	12.8028	1.97235	5.74222	8.27844	10.3783	7.92982	1.27527	7.47846	5.98997	1.73716	2.50426	2.60186	3.60588	2.95926	2.88597	3.30804	3.0429	3.39015	5.25527	5.17062	1.04345	4.3586	3.50927	2.83915	2.23913	2.97651	4.17948	5.88595	5.98938	3.27525	0.522683	3.04852	6.27058	6.90384	5.20211	4.776	3.31416	0.655458	3.01665	2.21363	2.85097	3.4794	3.82322	4.27671	2.34688	5.4027	4.7916	3.74422	3.27631	3.02882	2.44521	1.54189	1.36254	1.487	1.5125	0.997607	3.20958	4.74647	3.01758	3.16602	4.09529	2.06275	1.47244	1.36509	0.804656	0.740408	0.814845	0.679198	1.38643	1.2152	0.770443	0.331867	3.43611	4.67849	2.76847	0.364434	0.218492	0.0307473	0.169807	0.145846	0.0687522	0.0783904	0.311288	0.710813	2.30984	1.96139	2.35249	0.652565	3.421	3.49208	2.60428	3.06584	2.11859	23.5507	26.9716	5.28249	16.3656	10.4672	6.34076	3.82534	8.20045	17.6119	19.8007	7.65364	7.19853	8.14112	13.4156	9.91598	10.4954	9.46217	7.98228	10.5582	11.3849	14.7979	20.4543	22.6683	22.8253	13.3804	4.03859	2.02008	1.59619	2.02614	1.28745	2.24081	4.38828	9.36047	13.343	15.139	15.7351	18.8065	16.9452	9.85344	12.4791	6.1871	13.1528	18.2076	18.6605	15.7147	16.405	16.9925	20.3262	21.6576	14.8619	6.8281	7.27114	11.6391	15.4642	6.75598	6.46158	4.39193	1.97779	2.1748	5.07851	6.58277	5.65794	7.18887	6.82529	7.55631	8.04092	7.97191	8.39897	10.0307	9.22934	8.50309	9.05595	9.81441	7.90172	7.45284	7.87148	6.63127	7.85013	8.16968	7.90967	9.62043	9.87825	8.81602	11.0374	11.0033	11.6612	13.4469	15.9974	14.4958	18.26	21.4193	24.0954	22.1141	22.2372	17.9494	21.9932	26.1023	29.7087	30.7527	31.3723	27.2574	20.6451	22.9779	22.0777	24.1248	18.5074	5.1364	11.9234	11.3458	13.061	9.55854	10.2846	16.8222	21.1045	17.5047	3.63946	20.3722	16.7646	27.2293	31.6212	31.7569	22.6106	11.8291	31.0273	44.1706	36.6389	39.035	45.5993	42.2382	34.2551	23.9477	33.3662	43.9341	49.4484	46.3969	51.3132	51.974	51.7935	49.167	48.5248	33.03	14.1846	3.46924	33.0803	47.1461	36.354	24.8786	57.672	35.9843	44.0073	26.1776	48.2035	52.534	56.3483	58.9436	42.6479	47.7287	15.2467	29.4645
1.41328	0.456993	6.33506	13.4357	6.778	5.43655	10.0052	10.3159	5.66091	2.33955	6.74124	4.32275	3.35072	2.72831	0.353857	1.75787	3.52021	3.66573	4.18382	4.93724	5.49007	5.52478	4.18797	1.90287	5.7828	6.99669	5.92719	5.38723	4.34226	4.83082	6.23609	6.61894	5.59341	1.41328	2.51317	4.20388	5.96008	7.27809	6.55706	5.27115	1.80052	2.30745	3.94255	1.34133	2.9997	4.23977	4.78683	1.79566	4.14952	5.31853	4.26341	3.32208	2.65565	2.09894	1.78338	1.02058	0.954879	1.51331	0.787613	1.76477	2.96766	3.74447	2.57482	3.3015	3.22832	2.06682	1.76027	1.49067	0.924719	0.525293	0.740268	0.741864	0.234107	0.632952	1.57203	1.03533	2.57428	4.36318	3.31881	0.976119	0.554183	0.865619	0.852147	0.593285	0.235112	0.218453	0.369522	0.410135	1.20226	1.33215	1.00496	0.311218	2.56464	2.12488	1.9134	2.19531	4.39264	23.6529	23.5176	16.589	16.4725	10.5301	6.05296	7.10676	20.1037	22.6976	12.6775	4.02653	7.62842	8.49266	13.0724	7.10317	11.5573	12.0264	9.88094	3.77688	5.33921	8.29019	10.0309	12.5075	10.9773	3.25961	0.583227	1.45618	0.482622	3.08641	10.4257	14.1771	13.4179	17.551	19.4134	16.9006	16.4352	17.9273	23.3505	15.6819	5.98777	9.43901	13.2268	14.1238	16.7573	16.1615	13.9767	9.47079	7.94547	11.3838	14.1335	2.45717	10.2496	4.95137	12.3745	10.1965	1.78662	6.77983	10.958	11.8797	11.1311	10.3629	8.55424	9.71595	9.48061	10.8604	12.6544	14.4838	14.1725	11.3355	10.4885	10.9299	10.6477	11.0881	10.1782	11.1787	12.3936	12.4509	13.8907	14.452	12.5923	12.8312	14.1792	14.5451	15.6907	16.1042	17.5287	20.5312	22.2267	22.5008	23.8169	22.1665	23.1564	20.0958	5.20233	8.38025	7.20877	14.7738	25.5049	28.6075	25.7664	20.307	9.27171	18.8932	39.5264	44.9112	44.5865	38.6482	15.7257	5.67831	4.3754	4.27363	11.4928	19.6567	18.0791	15.2152	21.4866	21.0538	11.9001	17.476	18.2062	18.6511	18.283	20.0032	27.1287	34.3564	35.4621	38.3856	48.3533	55.0317	55.7587	51.7179	40.3648	35.9751	39.3896	9.22656	35.5475	50.5677	55.491	58.2692	59.45	49.3816	42.6078	49.706	52.245	52.6343	45.0915	29.8418	49.1425	41.4318	24.1339	15.0206	39.0091	43.1818	53.1317	51.2939	40.5578	37.6177	30.8113	40.1716
1.17625	0.843864	9.30278	11.5893	2.28067	8.90829	10.8567	5.28453	3.53893	7.02371	3.38592	1.03987	2.14716	1.75225	1.36748	1.92279	4.5915	4.52199	3.8515	3.86993	4.14388	4.18909	1.68094	4.79766	6.42214	6.13317	5.54904	4.61937	3.42463	3.90967	5.78643	5.18172	3.01552	1.80046	4.69196	5.26901	6.21074	7.75005	6.14257	2.90871	1.92768	4.69099	3.18088	1.82927	2.83397	4.00497	4.65306	2.6635	4.88039	3.87812	3.32593	2.86084	2.18782	1.49337	1.88151	1.61786	1.55502	1.94859	1.4367	2.37788	2.36337	2.63771	2.11967	2.71674	2.58333	1.5003	1.17779	0.947445	0.215149	0.235068	0.660927	1.18698	0.242981	1.48082	1.06565	1.06567	3.63504	4.40645	2.60318	0.660941	0.838577	0.615073	0.426967	0.691649	0.485936	0.218412	0.253437	0.21732	0.145791	0.130396	0.223757	0.529222	2.24264	1.58426	1.57784	1.64217	3.8604	16.3085	22.4839	18.4342	14.074	9.10921	2.54844	16.9015	24.1636	15.0526	2.25921	8.43873	10.149	8.91014	14.8955	7.8197	11.998	15.1179	11.1398	8.05444	4.52117	12.4231	11.1545	7.26309	4.02241	0.470154	0.85526	1.03508	1.12176	9.87416	20.1126	19.4895	15.9747	17.1923	17.1001	10.5615	10.3591	6.9541	12.636	19.5556	5.72455	15.944	12.1373	6.20664	6.37112	9.1001	8.53344	3.93124	6.86003	13.5709	13.064	5.62639	11.8773	7.0488	9.98991	10.7113	9.2	6.39869	3.66782	2.08115	4.21921	6.59867	7.10961	5.48811	2.71047	3.37564	3.96017	4.78777	4.67595	3.39402	4.28751	5.95995	7.04844	8.208	8.59026	9.42538	9.7537	10.334	12.0213	13.0958	13.107	14.1251	15.5652	15.4489	15.145	15.057	15.9109	16.9707	16.0608	12.0199	7.31747	4.85408	6.34452	12.9121	16.8624	10.6341	8.66997	10.0511	12.2017	10.9147	12.9121	9.78972	12.5444	24.6847	18.3013	9.93321	19.1057	37.4247	41.275	23.8276	2.83964	4.6953	9.82272	17.9974	19.3689	21.0174	24.6196	18.2334	5.79614	10.7646	7.87334	6.91595	15.881	26.3734	26.2137	17.8094	21.1281	25.3312	34.9707	45.6025	50.1992	52.9828	51.0781	51.121	53.2191	49.5743	27.7813	25.0539	41.9592	52.0272	57.6711	43.4775	32.9513	46.5573	48.0605	47.6115	43.3831	42.9946	36.7964	37.5824	13.1075	17.8972	38.6863	36.2425	48.8877	47.1953	38.4626	30.7616	29.9432	27.2181
0.495485	4.37104	9.20046	6.7671	8.30186	9.94786	4.82157	4.45725	7.80265	3.51105	2.53987	2.60397	2.05333	2.31987	1.86605	2.54451	5.75007	3.30089	0.550104	3.32003	3.30958	1.6739	5.33064	5.36315	3.80923	4.30797	5.00612	4.96931	5.5109	4.74823	6.15355	4.32495	0.678774	5.1076	5.37643	4.82626	6.86094	7.90992	2.87242	2.5717	5.08098	5.6224	2.76363	3.68741	2.57741	3.24415	3.97766	2.42492	3.48752	1.96824	1.64357	1.77755	1.35318	1.27863	2.05552	2.01757	1.72276	0.767889	2.01473	2.63789	1.81339	1.58574	0.639022	1.71724	2.04492	0.978658	0.687076	0.895804	0.537977	0.328813	0.838654	1.37136	0.408228	1.43789	2.12029	2.59573	3.49338	3.18667	1.14052	0.706752	0.51831	0.398869	0.636066	0.670733	0.316366	0.855966	1.29372	1.30226	1.04876	1.1566	1.92534	3.78372	7.77916	9.88141	9.46528	6.10125	0.456292	6.63905	11.04	9.27849	7.9755	5.20368	4.15453	21.0505	22.9618	6.2064	4.11284	9.08625	8.22746	10.8054	16.5768	13.1321	18.9557	17.558	11.3139	10.2257	13.6218	16.2699	11.2875	4.04464	0.393519	1.52805	2.45386	3.12115	3.33798	14.0378	21.1178	12.4986	15.4416	13.777	12.6772	6.21007	8.14645	7.02152	5.9506	17.7612	8.3671	15.7098	10.2558	5.80323	4.56999	2.66371	1.11294	3.08354	10.2101	11.5807	8.61738	6.5717	12.937	3.7913	5.52689	8.76494	8.92346	8.26227	9.89476	9.60831	9.71975	8.4985	8.75983	10.774	12.2361	14.2133	15.17	14.3511	13.1261	11.0673	8.8713	7.83703	5.30421	2.21693	1.41624	3.84884	6.04689	6.54156	7.00464	8.37452	9.75415	9.45708	8.28333	9.00386	11.3364	11.9535	9.30531	3.06969	9.65827	15.9363	15.9212	18.3531	22.8389	26.8572	19.4046	12.0768	13.9867	9.97071	18.72	20.4652	21.4877	15.2352	7.55902	17.7993	28.2914	31.5608	29.1136	16.5851	27.5364	33.8116	10.8561	4.73494	9.74764	14.6241	14.1626	11.8935	13.1244	11.7711	11.5675	15.029	14.6258	18.1288	17.4662	11.6792	32.3981	33.8175	28.4745	27.0053	27.7512	34.5749	43.8187	50.2688	47.8116	43.5199	46.4694	53.3837	51.4999	45.1161	48.2337	54.8611	58.7781	40.4952	39.0056	38.9896	29.4497	40.023	42.2651	54.4259	54.6119	52.7988	47.0425	45.5829	48.1117	43.0486	50.1645	49.705	24.7065	23.5015	31.2303	40.9807
1.12216	6.6147	5.03575	6.28968	9.27493	5.11857	2.77352	6.24832	4.42313	1.87835	3.5182	1.34947	2.44482	2.39384	2.52291	3.02834	4.89115	2.54341	1.89636	5.29617	4.55223	3.81786	7.17049	4.66273	3.2125	4.15015	5.06778	4.62748	4.63173	5.25194	6.04052	2.3131	4.88507	6.96552	4.92014	4.18989	7.78471	6.35843	1.82625	4.38702	4.57683	3.39788	2.35391	3.91101	2.77033	2.51104	3.01627	0.869991	2.91994	1.58113	1.14957	1.70284	1.90666	1.53513	1.83565	2.07926	1.42772	0.8993	3.13191	2.93341	1.86877	1.42525	0.175148	1.89936	1.93378	0.971427	1.03563	1.02004	0.739887	0.737331	0.586939	1.06965	0.453601	1.53719	2.97047	2.49009	2.12975	2.48862	0.728611	0.295489	0.552979	0.634441	0.445725	0.391634	0.796693	2.03361	2.39083	2.58024	2.5484	3.14164	8.10091	15.2052	20.8209	21.7387	20.2124	15.1578	3.66017	3.53416	6.6538	6.1457	5.3391	2.93961	8.48397	22.752	20.998	2.87833	4.29996	6.85142	12.2102	11.9111	12.8077	8.7626	12.7464	9.72245	6.14641	6.96694	10.4157	10.4719	5.34412	1.14695	1.29195	5.46517	10.2288	11.3304	8.51387	11.1368	20.8732	16.4247	13.0242	13.7518	9.68358	8.47526	7.16491	5.03793	5.54048	14.6828	7.21215	11.8974	8.44264	5.13549	4.71835	1.01421	3.01338	5.26976	8.33755	6.32913	9.16727	3.47223	10.3148	10.7916	6.85905	2.69604	6.6618	5.81326	6.49304	7.00264	8.39905	8.9691	10.5421	9.12336	7.21277	9.119	10.078	11.6998	11.9079	10.8713	8.40759	8.40856	8.78732	4.95242	2.87719	2.50986	2.23997	1.57172	0.514983	1.22756	2.17134	5.79281	5.44794	3.97254	0.501531	1.39885	6.20149	15.3754	20.6676	21.2729	18.4465	14.7277	17.1814	18.146	12.7334	19.906	16.157	25.9991	24.9747	20.645	20.188	15.3137	19.7356	15.6738	4.05957	10.0132	17.581	21.2749	17.9754	26.0671	19.4275	3.94022	4.52258	10.5001	12.8743	10.9496	9.15393	7.12469	11.293	19.4631	21.9158	17.1279	7.38883	8.20491	10.6051	25.9768	30.9285	32.1232	31.5012	33.6021	37.8547	43.9187	42.594	41.4865	44.1653	50.5632	54.3388	54.6179	54.3539	55.7764	57.2536	26.7737	48.5049	34.9653	23.7665	45.9884	38.3156	47.0338	50.9227	50.6304	45.0993	45.0062	44.88	43.5334	49.8174	41.6191	30.2183	37.6729	42.1358	44.7909
1.55087	5.37117	5.65498	4.59216	0.400491	2.86872	3.4555	3.99294	4.76935	4.12837	1.40821	2.39811	2.78481	2.27472	2.4578	2.63697	3.44109	3.40827	3.32639	6.72057	2.74328	6.26043	7.77219	4.39558	3.28359	3.4955	4.58536	5.74732	2.72783	3.39449	3.41599	3.43894	9.12394	8.02713	5.68068	5.6459	6.72397	3.35828	4.35511	5.8245	2.3232	2.50309	4.52922	3.86036	2.79392	2.8452	2.98202	1.12113	2.88635	1.50523	1.19441	1.69892	2.02794	1.63835	2.02038	2.59626	0.885957	2.02422	3.09446	2.30758	0.960007	0.911669	1.58089	2.67528	1.95708	1.23805	1.64297	1.68718	1.68551	1.2047	0.653401	0.292205	1.15996	1.82435	1.64525	1.29322	1.36746	1.62099	0.707118	0.476834	0.617364	0.421729	1.0461	1.78965	2.52396	3.24286	2.84715	3.24654	4.5286	8.3127	20.0783	26.6204	25.3959	20.8865	23.0103	23.072	8.51992	0.695353	4.21936	4.28219	2.73613	4.26684	14.6105	24.2492	16.7162	2.66467	10.6225	13.0273	13.8208	14.9382	9.28398	4.42962	1.66198	4.67738	4.81649	7.43926	6.08511	3.68011	0.848154	0.922691	4.51015	16.745	25.8187	26.4025	23.7389	16.3892	12.897	20.3939	13.2069	5.08431	8.42331	6.70458	1.6608	1.17354	3.73416	11.2316	10.2778	9.15236	8.99399	2.86502	3.81042	2.11021	4.50696	6.03498	4.30319	6.6915	10.5347	11.9523	9.14047	3.31561	2.17981	3.73067	2.12777	6.20053	7.11929	6.96289	5.52872	4.62646	5.45734	2.71315	2.74558	6.42499	6.51495	1.88205	3.23363	6.90232	7.52974	7.00105	8.56042	6.12584	2.914	3.71944	6.68934	9.4477	10.7032	11.0748	13.0342	15.8481	13.7371	13.3007	14.1438	17.2714	21.528	22.9799	18.4236	12.8165	15.1508	15.0782	10.3224	14.4786	4.01877	19.5483	26.662	33.0871	33.6767	38.6768	41.4415	41.6008	44.4855	44.9778	39.4334	26.8896	19.5868	12.7761	8.73421	18.1412	16.7252	9.70732	4.08536	3.56762	8.82348	8.4074	4.06698	4.87519	6.20665	14.0516	22.3962	28.1398	28.5852	16.3287	1.49446	6.75876	12.5277	21.2525	14.0444	16.6264	22.6277	34.2968	39.4785	43.8512	46.9188	51.2046	52.9069	49.6085	49.9579	55.1384	50.0422	18.8452	44.5868	40.8361	41.1571	54.7951	41.8241	18.0468	8.34929	8.38736	22.3546	19.7751	32.4829	38.4463	39.113	38.5515	45.9299	46.8358	48.4311	30.3539
1.4892	2.50924	1.03793	1.56378	3.79979	1.93511	1.78232	4.09187	3.17094	1.69562	1.52051	2.76265	2.86416	2.10817	1.56027	1.69337	2.6759	3.21543	6.13543	5.33139	3.57493	7.11024	6.31315	3.80704	2.73119	2.8529	4.28269	6.28143	4.3798	2.46918	0.899756	7.41726	9.72202	7.07351	5.7223	5.20116	3.01415	1.51578	5.50186	5.46002	1.5244	5.6644	4.83607	3.506	2.95758	3.25966	2.12894	1.39831	2.48277	1.63675	1.683	2.02604	2.09695	1.87456	2.73247	2.88902	0.977134	2.35209	2.57008	2.39404	1.30296	1.56624	1.88179	2.81555	2.29314	1.85496	1.74163	1.02425	0.935498	1.01779	0.955424	0.716946	1.60127	1.68957	1.53791	0.560395	0.110732	0.851287	0.673507	0.716258	0.728351	0.990573	1.67719	2.50711	3.15878	3.77109	4.33337	5.57508	6.90084	14.1869	25.5856	21.4002	11.9681	8.13941	20.85	26.237	12.0468	2.41088	2.19226	3.28768	2.68275	8.93107	19.7776	22.6193	9.94687	8.60674	16.6896	14.0525	13.4811	15.0185	6.35375	2.55321	4.37492	7.10983	8.91884	8.12075	4.32255	1.29298	0.590706	2.33455	7.5607	24.4323	26.6696	19.3232	22.055	22.7348	13.1184	11.9892	23.2343	13.4377	6.6634	4.94708	3.47748	2.3336	0.295364	4.98544	9.93815	9.62322	9.84701	4.44697	3.30586	3.38241	4.68666	6.58114	4.90206	5.73673	8.49209	9.5662	10.77	10.5177	7.90388	2.6089	3.95672	3.72421	5.93906	6.87727	6.01962	5.05446	5.1095	4.03284	6.23788	1.6275	7.93851	4.92737	3.42038	5.47722	7.3764	7.78631	10.0564	8.12831	4.67009	3.34495	4.75557	5.3984	4.6938	6.67946	9.84955	9.90217	5.7061	6.93963	10.4512	14.9327	17.614	15.4274	10.8048	8.11249	9.33467	11.6787	8.39086	9.31658	13.2251	5.34095	16.7655	24.223	26.5985	29.8221	30.2044	29.8578	32.9674	36.5804	40.5752	30.5017	36.9319	36.9587	31.9439	23.3145	13.7441	11.3083	8.58131	4.97546	0.165381	1.66492	1.46496	2.98561	4.36852	8.41537	13.2152	17.2367	22.1236	21.1027	14.286	3.60856	9.39777	20.0988	12.3588	14.2252	18.5949	28.4426	35.0488	40.6039	41.7835	44.698	47.7414	46.4196	48.6885	51.1539	36.183	29.5135	36.5144	37.9748	48.1835	53.5212	42.9719	39.1218	29.9665	42.2233	45.7474	49.7971	44.4807	15.6617	27.5269	35.728	37.5375	46.0539	53.8991	48.2567
2.16718	5.29629	5.28022	3.05244	1.93306	2.10246	1.64061	2.52149	2.70438	2.49766	2.52452	2.71739	3.26864	2.09029	0.282261	1.12829	1.67742	3.56856	6.61563	4.72653	4.69311	4.0482	3.96218	3.63391	2.44499	3.27036	5.13879	6.51252	4.9998	1.06579	3.59762	7.46364	8.74559	6.44405	4.04274	2.04669	1.63153	3.22431	5.19958	2.77167	3.6742	5.93322	3.5961	1.69498	2.41487	2.48727	0.558191	1.83577	2.12554	1.76983	2.3331	2.83604	2.65105	2.78911	3.41967	1.96352	1.56825	2.10908	2.2405	1.6937	1.15144	1.06003	1.19891	2.85212	2.19711	1.87268	1.34978	0.631123	0.603654	1.25425	1.54792	1.58343	2.07554	1.3633	0.904803	0.696111	0.844506	1.08742	0.923621	0.439095	0.970202	1.30108	1.52011	1.98688	2.43184	3.70916	6.99087	8.86226	9.16024	18.4957	22.8587	9.28967	0.612921	1.67862	19.2275	26.0928	13.3452	4.82092	0.709837	2.57577	3.74668	14.0701	24.4944	18.5617	2.22703	14.8139	17.6698	8.98794	9.52302	10.9423	5.0824	5.39287	7.80961	5.43881	4.92052	3.59847	0.915203	1.09861	2.20479	6.01456	8.92444	23.8856	24.6622	1.01941	6.72372	12.2881	21.5196	9.55074	13.6408	20.8941	21.2973	17.5271	13.2064	10.5971	8.9503	6.47825	0.586591	5.03215	5.76272	2.15041	3.20689	3.13254	3.64436	5.6078	3.28557	3.5727	6.34394	4.9064	3.55157	4.54027	8.05274	1.38688	5.49054	1.32042	2.94717	4.37085	5.07702	3.15956	2.39938	2.68976	5.80949	3.57845	7.96198	8.17374	5.58656	4.88811	5.61141	6.3024	10.5973	8.30854	6.49482	6.24007	4.7628	2.76553	2.73232	5.01789	6.50189	4.12979	4.3762	2.44778	5.73837	7.79125	9.02323	7.98908	6.80197	6.72005	7.30573	3.89073	9.53019	5.85382	16.8836	23.8809	21.7808	21.0808	22.3397	25.2112	24.3567	23.2412	23.6777	13.031	32.0177	19.0981	37.1315	43.0986	48.0161	39.3459	21.093	14.1374	11.3738	10.0878	6.25589	4.07858	4.19483	1.91899	1.55864	4.9331	6.68843	6.17512	9.8163	18.8231	15.0804	9.25411	12.4177	19.9608	20.5108	19.5524	16.9297	20.1159	21.2549	26.3959	29.581	31.6128	36.1423	41.107	43.9416	37.1137	18.8723	26.5048	30.1508	31.1504	52.8812	48.3988	36.1464	41.7106	33.9499	46.4225	39.0115	57.6647	51.6033	26.6416	9.82138	34.8146	40.9547	45.0905	51.0455	52.5089
3.43475	6.11779	1.23542	1.99461	0.339093	0.652654	1.51131	3.22984	3.63087	2.67131	2.19185	2.22081	2.71682	1.36888	2.41092	2.40362	2.32399	3.42772	5.06209	5.42813	4.93395	2.47056	3.51971	4.52428	3.70992	4.30824	5.74022	6.64536	4.03748	2.32302	5.60527	6.46642	7.56384	7.65578	5.47841	2.6903	4.56595	4.61372	4.75468	0.757226	5.88969	5.33193	3.79775	2.80677	2.12816	0.388306	1.58607	2.51658	2.65081	2.66954	2.61403	2.44539	2.53522	3.25039	2.71038	0.370931	2.67198	1.90958	1.69794	1.1146	1.689	1.92154	1.55202	3.06572	2.43365	1.79597	1.63058	1.07483	1.30588	1.31398	1.47391	1.56531	1.44568	0.445411	0.274587	0.676075	0.894989	1.47918	2.05966	1.43869	1.33407	1.45674	1.55368	2.14464	3.19074	5.87645	10.8154	12.5118	16.2977	21.49	16.148	2.60763	0.67395	1.04544	16.8888	24.168	15.9532	9.84662	4.46103	0.87068	4.23461	18.625	24.4017	12.0036	10.4218	21.3082	15.924	9.71516	12.196	10.1291	7.63214	7.4985	6.45379	3.15055	1.66769	0.532164	1.77999	8.90565	18.8656	23.9957	20.8003	13.2908	21.2551	12.2021	5.34053	5.0844	16.5326	21.495	16.2156	4.19648	9.06754	10.7513	4.06451	5.4112	4.41092	6.31992	7.81427	5.17431	3.16673	2.0871	2.25784	1.51612	2.04381	4.2792	2.69065	2.23177	4.49341	4.02838	3.01397	4.46674	8.05216	3.55841	6.13646	4.89147	5.2664	4.47293	5.77831	3.50708	2.29873	2.91486	4.74135	4.5222	6.73514	9.46474	5.04643	4.0629	4.67309	4.50503	9.6734	8.89695	9.2881	7.96729	7.55646	7.11491	4.79502	4.71821	4.89164	3.89547	2.78323	4.53726	7.47105	6.66566	6.69238	7.57613	8.89953	8.51729	6.17143	3.88803	6.6576	14.1564	9.84294	8.88443	23.6979	27.6079	28.5398	30.9402	30.712	28.8428	30.1707	22.0578	17.3099	4.36857	25.7023	10.1858	29.8083	51.0415	53.5984	45.0381	30.5127	18.3116	10.5731	6.19741	5.26928	4.44078	2.82431	4.00314	6.51998	6.19751	9.1387	16.6341	13.4335	5.72664	6.45904	13.1297	12.2179	10.6989	12.087	17.2884	18.0488	20.868	27.4571	32.6021	38.2218	42.302	40.3131	29.3492	19.9959	21.1445	26.3299	33.2908	53.148	43.1796	40.1329	48.8538	45.9396	48.0139	37.1817	60.482	52.6589	46.4236	40.8926	32.0423	47.0772	42.1456	49.0326	51.4646
4.91508	3.39849	1.74928	0.630896	3.25662	4.20476	3.89991	3.43968	3.55803	2.56081	2.33166	1.29203	1.41195	2.68272	3.31921	1.98334	2.77929	2.68999	2.67831	4.89082	4.69293	2.63427	4.1426	5.20214	5.01497	5.7333	6.66051	6.272	1.20608	5.75322	6.96599	6.3678	8.13748	7.97173	5.21749	0.910951	6.7415	6.64949	3.43969	3.68011	7.24528	5.47151	4.89906	4.07313	2.11896	1.9837	2.6287	2.62067	2.56162	2.63715	2.73475	2.50376	3.1608	3.84009	1.18801	2.30879	2.2226	0.174982	1.38946	1.36641	1.45643	1.73175	1.8871	2.52584	2.32258	0.727933	1.23845	1.10763	1.02573	0.749616	1.08116	1.02825	0.2001	0.807658	0.932189	0.875939	0.568039	0.752442	1.72942	2.31044	2.48876	2.40082	2.10001	2.45112	3.61918	5.92795	9.16286	9.64336	11.3594	13.6019	6.40444	0.515888	0.739163	1.41312	11.7574	19.8258	20.2439	16.9496	11.3008	3.94383	3.36437	18.2895	23.161	20.5905	14.1274	21.233	12.9348	11.5142	12.4291	7.99593	6.1018	4.64129	2.78619	0.729239	0.824971	1.82262	2.9019	13.2413	21.0194	20.812	21.6118	16.5081	8.32284	19.1869	9.1139	1.04278	4.71386	12.9563	20.0488	22.4557	14.7097	13.8724	7.6615	7.73529	7.06969	5.67314	5.60068	7.40575	3.8455	1.96213	0.927084	0.461431	0.391262	2.82053	2.95559	1.46548	4.15973	4.89016	4.12245	4.73483	6.37425	3.85545	7.11702	8.21905	5.54304	3.94904	5.49587	4.21688	3.47552	2.75259	3.27071	3.43376	6.21904	8.27975	6.43185	4.56413	4.54822	4.27088	7.04006	8.59522	10.0528	9.4917	7.95536	7.68502	7.68649	4.66997	0.699894	2.9987	4.41411	5.7483	8.53392	7.19384	6.56233	6.31641	7.79536	8.9154	7.36546	5.1882	2.22595	8.06729	14.1541	9.14006	15.309	26.2039	28.1718	29.4599	30.5349	30.8073	32.3549	32.4808	12.9471	1.88399	15.3031	32.7455	28.9683	13.0265	40.433	51.4899	52.633	39.6381	18.2885	6.0584	3.61728	5.0181	8.15597	5.68362	4.0476	7.04393	8.33027	12.5794	13.8238	3.73287	4.76484	2.62748	4.68911	6.62898	8.38729	10.8661	13.476	18.4425	23.3534	27.5781	31.4077	31.4537	27.0739	22.0382	17.2421	14.4061	19.7612	33.5572	46.975	41.8828	45.3981	52.2388	52.6912	48.1629	40.3967	59.0582	55.1151	56.3679	56.7577	37.1308	44.6626	43.1919	47.2533	48.5232
3.79195	1.2614	1.50458	2.02846	2.34964	2.55092	3.00661	2.74457	2.90983	2.4995	1.2896	1.12591	2.15419	3.07525	2.14118	2.24268	2.81267	1.78209	3.10824	3.4495	4.5324	2.90655	4.67043	5.95464	5.74383	5.93529	6.08994	3.50644	2.21317	6.82201	5.71157	5.15195	8.48587	5.39236	2.6959	6.45194	8.85188	7.46103	1.29781	5.71283	7.09028	5.25853	3.45116	2.20128	1.57698	3.57838	2.68241	1.57648	2.19473	2.61912	3.09037	3.17192	3.51902	3.49571	1.13573	2.91106	1.49805	1.88624	1.55144	1.41036	1.1384	1.22446	1.92474	2.06334	1.59296	0.782321	0.325491	0.586272	0.233706	0.0485207	0.543761	0.264883	0.93679	1.49835	1.30034	1.10657	0.885659	0.93679	1.48498	2.79786	3.44203	2.92827	3.01262	4.28426	4.20933	4.58064	7.16404	10.9821	14.2952	9.66686	2.54231	0.734242	0.685147	1.1742	5.76058	12.6534	17.9544	21.9176	20.7265	11.2116	0.416841	11.4818	17.7946	21.951	16.0361	16.7583	9.63379	9.35569	7.12407	2.32234	0.704136	1.59119	5.4187	10.1222	12.8157	10.777	4.90594	10.4132	21.7696	22.9546	13.2763	7.72401	5.80066	14.2447	12.8749	8.56389	5.1376	2.25222	3.32774	13.165	12.9369	5.76065	4.0746	3.57051	3.93492	5.57364	6.59809	5.81065	4.64343	1.84889	0.727452	0.295153	0.587472	1.10571	2.22077	2.68217	4.48632	5.81238	6.14819	4.27233	5.85871	6.44494	6.15983	8.40844	3.56949	1.41686	3.63041	3.44306	3.23448	2.88	3.02618	3.42783	5.77421	6.68499	7.88824	6.80209	7.48963	10.8597	14.5454	17.2109	19.567	21.5421	19.2307	16.3758	14.8562	11.6428	9.35611	6.71797	3.48992	4.87133	9.17985	9.17844	6.52637	5.7773	6.02588	6.91333	7.87099	5.85203	2.17157	7.46056	15.5435	13.8503	4.54722	11.5538	15.4142	20.5318	25.394	27.6653	29.831	35.2691	33.003	17.346	5.82367	10.3116	23.5899	37.9565	34.5776	14.2835	38.6664	42.3668	22.3677	8.03218	4.29105	5.43029	10.4452	13.3071	7.82223	7.09864	9.36267	11.2928	17.6925	13.606	14.687	11.9654	5.00855	5.34009	8.79756	8.16866	10.5484	13.2518	14.0125	11.9866	5.69596	3.17233	4.91618	10.706	11.5264	10.4548	21.6597	30.1756	33.6107	40.0931	42.0118	45.8636	50.1607	46.7025	44.361	55.3146	54.2593	55.5505	59.2221	39.6861	25.5115	40.6489	48.191	55.8346
0.353169	0.962872	1.54365	2.23093	2.66972	1.71873	1.40996	2.43199	2.65217	1.53694	1.26281	3.18625	3.46446	3.0005	2.28381	3.64087	1.84075	1.28992	2.94927	2.42424	4.60102	4.35164	5.57978	7.03342	6.51648	6.11891	4.946	0.969462	3.90816	5.94545	5.37365	6.03682	8.5524	2.45156	4.78667	6.40895	7.46704	5.06518	2.70743	6.14938	5.98899	5.56711	4.16574	1.77815	1.11163	3.33053	3.70579	3.12646	3.3449	3.29983	3.31964	2.63616	1.72709	1.97869	0.357802	2.72234	2.07557	0.767001	0.339577	2.00206	3.03462	2.67029	2.63793	2.69706	2.15336	1.12743	0.331878	0.407606	0.343023	0.590178	1.24858	1.69582	1.83484	1.76535	1.19803	1.29375	2.83092	5.12964	6.60855	7.27191	6.59404	5.21473	4.9714	7.76103	9.9889	12.0267	15.0291	17.0867	14.8787	7.32808	1.80478	1.02534	0.694572	0.21367	2.17806	6.97422	11.4902	18.8922	26.024	17.8077	4.02013	3.92126	6.6308	13.3012	15.0331	10.5479	8.19456	7.40248	2.20394	0.421249	2.0892	5.14981	12.8317	21.425	24.7595	21.9717	12.3669	1.89188	10.7385	21.1883	26.1901	20.9677	9.96283	9.3963	9.91312	5.51279	4.7612	2.976	2.8766	1.38165	8.9511	9.02329	6.48155	4.56811	3.68545	4.05926	4.36428	5.56917	4.32492	1.93603	1.26209	0.706327	0.302187	0.473834	0.468338	1.81384	3.92793	6.09693	5.83792	4.60608	7.00178	8.84798	4.08491	6.64593	3.54852	2.94362	0.802976	2.16073	3.44337	4.80356	6.30248	6.24964	5.99186	7.56551	8.41354	7.23947	6.07795	7.23412	11.8615	17.5291	21.5638	25.6035	27.7673	28.4375	28.1895	24.7631	20.5525	18.9173	16.3968	10.9745	8.29479	8.79977	7.08035	6.9459	7.32849	7.24435	7.98182	7.61809	6.83747	12.7206	20.1351	22.69	21.8655	17.8539	10.2162	1.71876	9.35631	14.8869	19.4378	27.4036	35.9572	35.9689	24.2745	6.61533	1.78176	10.4414	23.9897	39.267	42.9676	34.3349	18.6417	9.25272	6.78331	6.58801	11.8456	10.4165	11.9168	3.89582	14.1003	15.9529	20.7321	17.4634	12.6839	14.3101	14.9332	9.59817	3.41956	8.86645	6.14422	5.69415	5.56359	8.08157	10.1964	10.0431	5.41617	5.06777	10.7313	13.0456	21.9106	26.5072	28.6108	29.6596	27.8745	30.0143	34.2172	35.1357	40.2828	50.2593	49.6777	49.9381	57.5447	47.7264	8.10584	29.5079	34.4865	52.381
1.41512	1.10444	1.7414	2.64025	3.17878	2.73516	1.90068	1.4467	1.02031	0.405226	2.38236	3.17431	3.46209	1.79407	3.88988	3.49598	1.23086	1.77822	2.45426	2.63362	4.14892	4.30075	4.76152	6.92163	6.49158	5.38951	3.00828	2.53947	4.88415	5.66728	5.66629	7.19404	7.02704	1.62976	6.00183	5.26234	4.97022	1.84098	4.35486	5.7207	5.67919	5.9784	4.59838	1.44713	0.644881	1.92987	3.53078	4.50096	4.13576	2.9224	2.62811	1.93401	0.73169	1.11096	0.96727	1.33425	1.73595	1.42092	1.76966	2.30021	1.27242	0.455507	1.18172	0.941662	1.08987	1.08445	0.802816	0.50076	0.872425	0.955315	1.73599	2.02113	1.871	1.74629	1.28858	1.7082	4.50254	6.54855	9.83485	14.081	16.3352	15.8455	13.6661	15.1988	16.7638	17.9581	17.9829	14.1729	7.23303	1.90068	1.6277	1.34479	0.934424	0.980836	0.589243	2.10949	2.75276	11.8086	23.3396	20.7915	9.10652	0.974071	3.77214	5.2184	4.87648	1.74828	8.05421	6.37488	0.772379	1.12527	5.02801	12.6951	20.9443	25.2349	16.404	22.1144	16.0753	6.07208	3.5506	2.46142	9.62038	17.2105	20.0847	19.8883	18.7194	13.8481	13.7359	15.2605	14.0041	10.4615	0.555534	5.15307	6.25037	5.53279	4.34198	3.12414	1.84307	2.86161	2.87696	3.93493	3.97152	2.93034	1.77564	1.0166	0.552987	0.331813	3.3538	6.715	3.67806	4.4039	4.65234	7.63565	4.89171	2.92697	2.54984	0.85584	1.76493	1.85346	4.07603	6.29873	7.59379	7.29428	6.9587	7.71891	5.3656	4.13639	5.33594	6.71355	8.6468	9.58335	7.16496	2.84442	5.76806	10.8588	17.3935	23.2637	24.4994	24.2975	24.3853	21.4687	17.0528	15.3024	12.2539	11.2648	11.8495	9.16099	12.0603	19.743	23.5342	25.401	26.7766	32.3446	43.2446	46.4079	42.8865	39.2708	31.7508	18.8468	14.1829	11.6582	12.3333	19.2534	21.4026	14.2906	7.5374	7.39868	12.9374	20.3922	22.6129	17.7356	12.3873	6.83027	4.4662	7.45329	10.0229	4.53267	8.89181	7.65115	18.9245	16.6644	15.2529	12.8415	6.89089	21.2119	28.9991	28.0595	15.3753	11.0281	12.6663	13.427	8.67586	13.2991	14.8706	11.5033	12.8207	2.22467	8.6411	13.4657	16.6294	21.5092	25.2845	21.0236	15.4172	15.9912	13.2787	17.8961	24.738	33.5105	34.0315	47.6518	53.9881	54.831	45.8704	37.2718	35.2197	46.0828
1.56255	1.38838	1.60809	2.47589	3.44736	3.61847	2.51636	0.998449	1.30176	2.37923	2.86164	3.29462	3.34979	2.21434	4.50281	2.54936	2.19784	2.55383	3.71241	4.03698	3.28151	2.99421	3.88394	7.08248	6.12429	3.87861	1.03023	4.33363	4.94974	5.20144	5.48024	6.69298	4.71691	5.00378	6.78137	5.70847	3.94802	1.81809	6.78752	7.8058	7.56791	6.51256	3.20644	1.03023	1.79256	1.39599	2.98853	4.85201	4.24774	3.16569	2.87627	1.87919	1.26955	1.80377	1.85092	1.37699	1.77855	2.52989	2.75282	0.583916	2.6209	2.63871	2.6227	2.26926	1.48476	1.12028	1.14947	1.35845	1.52532	1.1944	1.43382	1.46622	1.23902	1.43519	1.36176	1.59755	5.55617	8.36557	11.5318	10.8626	8.73565	11.3385	14.672	16.8106	14.471	11.3354	7.93415	3.2419	0.126453	0.477107	1.2734	0.814856	0.685788	1.4618	2.54098	2.34025	3.50117	9.76159	17.8579	24.9172	17.9123	2.2696	3.24012	6.08515	3.85954	6.65134	8.83552	3.64498	1.55032	2.87151	16.1416	28.1344	28.2802	20.9535	7.84498	20.777	17.113	16.4621	18.4035	14.5413	7.64056	2.72005	6.45731	14.2347	22.7451	25.4484	24.4667	22.6401	21.8066	21.7699	14.4125	9.81131	6.99697	5.76053	8.25365	12.5258	15.4683	14.8967	10.1965	5.86734	4.00493	1.9296	1.98741	1.35477	0.506264	0.699374	2.73078	5.25902	4.34655	3.81709	2.51558	4.54243	4.7137	3.05696	5.34557	4.48937	3.98133	3.83411	4.36759	4.75605	4.53492	4.99377	5.15887	3.53044	1.94696	3.09892	3.74808	4.679	8.0635	11.049	12.4657	12.6989	11.655	10.0453	6.16428	1.91618	6.56075	9.57158	13.8023	18.3906	19.6526	18.6414	15.8668	15.0479	15.9897	17.0127	27.9151	37.638	34.3122	26.2302	21.2465	37.9397	46.8196	46.8015	49.2248	52.6187	49.828	33.0562	20.686	25.6732	28.8056	24.8063	23.6608	22.0128	19.3226	18.5181	18.4346	33.9937	31.6794	16.5604	8.80436	6.20351	5.16071	8.24883	2.67598	4.19069	7.17158	20.3536	24.9477	17.4318	9.37596	15.3624	28.0339	37.6177	36.8953	37.7077	23.363	10.0983	11.4097	17.1544	23.3316	24.1057	27.9216	23.8096	24.1929	9.78855	20.5716	23.8763	13.5286	6.1214	14.7381	17.1822	8.48974	4.80167	2.19497	6.80621	10.9566	17.0441	28.2896	45.2616	51.5537	55.1383	49.0571	42.333	37.5146	31.4879
2.00678	1.70928	1.59721	2.35996	2.98734	3.32444	2.7857	1.47986	1.17072	2.5544	3.20292	4.22144	3.06063	3.11756	3.97285	2.72529	2.15255	2.78223	5.1018	3.82588	4.32178	2.82293	4.44248	7.57769	5.48838	2.80822	0.689081	4.58549	5.25318	5.88437	5.97221	4.89462	3.19205	5.65289	6.05617	5.12682	2.24529	4.42802	7.78214	7.3981	5.69895	4.03178	0.282709	2.68624	2.32787	1.31838	2.10003	4.34035	4.07736	3.25667	3.20829	2.38615	2.05084	1.66784	1.57578	2.02954	2.56986	1.37968	1.36438	2.94771	2.18032	0.897591	1.76227	0.95197	1.21294	1.71633	2.24191	2.17736	1.88778	1.42787	1.04157	1.43697	1.50343	1.11923	1.1621	1.96046	9.11748	12.0012	6.96355	3.88883	3.393	6.03163	9.44601	8.6023	4.80079	2.42446	0.649726	1.05169	0.795178	1.11245	1.15961	0.27597	0.325243	1.68714	2.78295	4.25212	2.23265	5.18404	9.98082	24.7754	23.806	4.45699	3.53791	5.18621	6.89584	9.32335	5.49159	1.1733	7.02619	11.1975	26.3076	30.2748	16.9446	8.73035	8.52071	18.37	20.8737	19.4295	21.1788	25.1216	24.3685	19.5232	11.6149	6.17233	2.16429	6.63288	4.90941	5.01558	12.1948	21.0483	22.6958	22.0975	21.428	19.9905	16.2719	9.04057	4.76568	7.43806	9.77269	8.09639	5.55068	2.11133	2.48063	2.26605	2.0988	1.57433	0.92034	3.10615	3.82402	1.69302	2.75215	4.42971	3.69344	2.25308	4.40118	2.23233	3.2225	3.33441	2.37204	1.12821	0.336613	0.399822	1.09564	1.07092	1.34428	1.9266	2.56096	2.98515	4.39609	5.29288	4.86651	5.84703	6.42881	6.39888	7.42516	8.40138	7.44329	6.16308	3.64747	1.73585	5.41164	6.38262	7.6028	11.178	16.7989	20.8635	29.7049	28.0423	9.13615	15.6951	4.78799	33.8367	16.3066	9.20124	20.1217	25.1358	44.7695	35.8841	7.82281	16.7653	14.1721	10.3562	16.8384	19.3142	21.3719	19.1409	9.5177	20.4707	29.8658	23.6729	16.1198	11.6829	4.06	3.25809	3.98001	1.06324	13.2708	17.8	18.7097	15.2261	12.6568	14.4472	29.9148	22.5735	6.66083	34.336	30.2478	3.45001	13.2903	13.3187	18.686	37.4359	41.5922	36.1817	31.547	20.9635	43.3423	48.0717	46.2203	40.505	28.8908	15.8362	6.65763	4.65251	3.27059	1.39354	6.38019	11.9022	23.5517	37.2044	44.6659	52.1569	47.7596	40.9058	30.9023	21.89
2.26717	1.55759	2.06854	2.8159	2.02035	2.65432	3.02047	1.75446	0.585692	2.89795	3.09961	4.30481	3.10084	4.26424	4.3919	3.04143	1.74706	3.96301	6.21674	2.57386	6.02778	1.90716	5.4981	7.5857	5.17353	2.28163	0.846514	4.71087	5.92374	6.71809	5.01207	3.14931	4.4537	6.00556	6.0959	3.93215	2.38177	5.56889	7.40829	7.04482	5.56715	3.27422	3.09439	1.68325	0.918637	0.874941	1.5005	3.52131	3.89725	3.03659	3.24466	2.89248	2.71425	1.933	1.10119	0.438966	1.57064	2.97121	4.36113	3.97393	1.54634	2.2981	1.52964	0.186482	0.891954	1.53519	2.0642	1.68787	1.51411	1.40889	1.60226	2.0426	1.84664	1.32662	1.45481	2.39127	9.10401	8.74744	6.69893	6.49806	10.2446	8.03538	3.26191	1.85167	1.69984	0.700449	1.71339	1.62914	1.08226	1.58966	0.660361	0.0216789	1.85478	5.2213	6.59328	6.4943	3.25506	9.35126	16.877	26.6194	22.7737	4.09527	2.91121	3.49806	4.37668	3.29303	0.946346	9.5365	22.3536	23.8675	20.3758	19.3277	14.4646	12.0121	5.12847	5.72298	15.0894	12.1492	10.1862	17.1353	24.0825	25.8073	20.1688	15.7606	13.5644	12.7924	14.0625	14.5126	11.9497	8.73502	5.24316	4.17044	5.8098	2.51323	3.65737	8.07833	10.622	12.9906	8.58769	4.42848	5.19793	3.7386	2.28283	0.870587	0.673052	1.03346	1.0271	1.04404	3.63877	4.4786	3.71381	4.05541	2.42051	1.52653	4.03145	4.58198	2.38363	1.00227	1.62308	2.58902	2.66036	1.97716	1.7155	2.18631	2.34104	2.38383	3.01422	3.9477	5.08714	4.16	2.16651	5.08516	5.63226	4.21951	3.95116	3.60298	3.73921	4.92409	6.15968	7.11359	8.3384	8.05226	6.76728	8.69388	13.236	13.866	22.2335	25.3838	21.9491	15.6483	9.794	33.2934	26.8162	23.528	31.3279	18.5376	37.1852	35.1329	9.04214	16.5887	16.7853	8.78743	5.97865	19.5244	22.574	24.513	28.7206	30.9676	28.7188	15.8495	9.19567	9.85852	5.7521	1.83203	2.14913	2.26213	12.1147	17.9344	20.0224	16.4484	4.88528	7.42033	26.4855	30.0975	23.4669	20.1415	29.1773	24.7482	15.8234	20.9795	33.9502	37.7128	24.7468	39.3556	33.191	30.6045	44.1478	33.706	38.211	43.3519	43.5726	42.9754	39.0999	28.2891	12.9861	5.8459	1.82523	1.48727	6.4232	22.4145	37.3012	47.1749	44.7185	35.963	25.1495	25.5951
2.35199	1.12399	2.33118	1.78897	2.8499	3.53641	3.49828	1.97263	0.715556	3.28231	4.15174	5.28431	3.13078	4.13401	4.79521	2.93106	1.99622	5.002	6.0985	3.56643	6.55979	4.32321	7.26634	7.33766	4.77793	1.89112	1.78382	5.60572	6.45296	5.01415	3.59526	4.54208	4.75692	5.65239	4.60168	1.22231	3.93942	5.92689	7.79899	7.26025	3.45532	2.71285	2.86573	1.55171	0.601051	1.9672	2.06725	1.941	3.74736	3.21476	3.48795	3.32606	3.49854	2.88633	0.778142	2.01539	4.81623	6.21048	5.86931	3.74244	3.20073	3.01738	0.552589	1.63224	1.57966	1.93065	2.26143	1.84176	1.89203	1.77006	1.82178	2.20125	2.19709	2.08991	2.19327	2.69903	6.01308	6.42217	3.61546	9.23423	9.34207	6.33238	7.40753	6.4944	5.61156	4.00487	1.9463	1.13728	2.11759	1.1616	0.387714	0.126387	3.05032	6.7115	7.81469	8.81642	5.51136	11.7936	18.1951	22.4073	15.0193	2.43251	1.82378	1.56415	1.99433	0.909735	3.37826	16.8031	20.3414	4.03548	5.72878	12.4637	10.2936	8.73097	7.37102	5.15598	5.16382	9.29606	7.70163	7.43575	7.17721	16.7531	20.6182	22.0732	21.3899	15.5084	9.74099	7.57642	11.1624	14.2484	16.506	19.835	22.0524	21.3532	17.4548	7.4891	6.40543	5.37911	9.50757	10.0085	7.12133	5.93188	4.60109	3.8058	3.72724	3.30301	2.5102	2.84945	3.70876	3.826	2.38765	3.11825	4.49112	5.00307	2.72766	3.22488	4.09048	3.37924	3.2323	2.07359	1.22359	1.61004	2.55733	2.36114	1.709	2.33642	3.06821	3.68952	3.77911	1.9597	2.4668	5.20196	4.45073	1.61004	2.00106	3.05669	3.48668	3.31149	2.55855	2.22985	4.10036	6.09112	8.39754	12.6805	18.4361	22.5591	27.2789	27.6894	21.8603	12.1822	7.2141	21.4336	19.5599	18.9805	30.1313	9.02118	29.3798	22.1508	16.4364	17.5502	18.8414	9.97601	11.0974	2.74523	16.4979	27.0794	20.9934	10.5759	11.6743	11.6084	10.4714	7.63507	9.19276	9.33157	7.04846	6.38021	8.00007	11.871	9.91488	15.8911	8.80002	8.15598	15.1562	12.8853	10.0744	3.81055	14.0447	17.8612	19.1622	18.9878	34.2167	25.5241	23.0785	28.4402	26.4411	28.7733	33.3668	22.3562	17.5605	15.7454	1.83852	25.0463	38.221	44.2162	32.1953	20.0124	15.5196	11.9817	9.95276	4.19243	23.7029	38.9052	40.7155	37.3825	19.2501	11.0628
2.22452	0.0919379	1.00727	3.2972	3.8398	5.0676	3.77533	2.47478	1.23525	3.39347	4.74985	5.68182	2.55992	4.41555	5.68383	2.36616	3.37363	6.14669	5.8212	4.59663	7.34572	6.61923	6.70136	5.70038	3.26936	0.842894	3.27891	6.49545	5.88824	2.26757	3.41452	4.43884	4.4628	4.63612	2.08784	2.28238	4.6963	6.143	8.33791	6.38647	0.799438	3.23425	3.36213	4.02351	2.18549	3.6512	2.37508	1.30885	2.38902	3.29628	3.0947	3.65838	5.82429	4.09255	2.29591	6.81724	9.1317	9.19616	7.36742	5.29009	5.47721	2.78676	1.5369	2.53596	2.31907	2.99859	3.73725	3.58008	3.11406	2.63457	2.42698	2.56426	3.13504	3.52336	5.41976	8.0463	10.6625	15.8925	14.3072	7.15289	4.62775	1.91474	1.63424	1.72659	2.17518	2.40646	2.63814	2.62164	1.53885	0.378451	0.260946	0.242278	2.76757	8.00123	9.9453	7.92862	11.3988	8.42194	23.7006	23.9929	9.16145	1.02671	1.46724	2.00714	2.18815	1.45417	7.9748	13.2274	13.9993	15.703	10.5188	13.6817	14.516	13.4896	10.0531	6.85795	2.54567	4.44547	5.27377	4.30628	1.42572	5.75673	10.3901	13.7617	16.4556	15.3154	10.1938	7.65495	10.1564	12.4463	12.3721	11.2229	8.85718	6.12753	9.60197	11.4712	4.02514	9.36443	3.58373	3.45189	5.03713	4.75202	2.84175	1.60791	1.41632	1.58914	2.21275	4.0521	5.2929	6.941	6.79787	5.69747	5.08964	5.05905	5.43615	3.08052	1.34766	1.10846	1.02116	2.66179	2.96016	2.97318	2.96906	2.27792	1.74618	2.76382	2.05332	2.45824	3.66376	2.6002	2.62596	6.2178	3.097	2.46568	4.15791	4.87287	4.76392	3.71639	2.81671	2.77657	3.11097	3.35235	3.91929	7.35616	11.5861	13.1689	16.7094	20.9928	24.4655	22.901	16.9389	19.1963	20.8287	24.4452	35.7447	24.7599	22.7126	6.99394	7.12432	6.35077	11.8082	15.3477	7.49792	6.48329	12.5915	14.1017	11.3654	11.4455	14.5325	19.0562	22.5169	18.9961	11.943	9.50918	6.82257	3.85432	5.8246	10.147	5.8112	13.4415	15.4465	9.9435	9.45607	7.87419	8.18645	2.30445	6.65773	9.87987	14.099	13.4245	30.9528	29.1385	21.1048	6.8106	12.7621	18.4313	20.6461	10.6905	25.009	31.0284	33.2696	38.6684	21.4189	27.4829	35.9053	33.8178	30.3448	26.3203	28.7317	30.7809	17.191	16.1342	35.6992	47.9083	43.4339	14.5234
1.66846	1.30927	2.61991	4.42275	4.39309	6.13397	4.52957	3.24657	2.17874	3.2074	4.98249	5.86243	2.01878	4.8259	5.82579	1.96374	5.07753	7.1818	5.64165	4.17526	6.35395	6.53246	5.29264	3.65691	1.45392	0.891395	4.06838	6.77284	4.83003	1.14329	3.48932	3.8581	3.85192	2.8548	1.47364	3.26998	4.89087	5.95359	7.70189	5.36583	4.00509	3.99065	3.67508	4.81271	4.1596	4.47022	2.49954	3.35714	2.96576	5.70261	5.05031	4.66407	8.31929	4.93143	5.22862	8.14377	8.51603	7.24978	4.4585	5.85116	6.33279	1.86581	3.69129	4.08988	4.17302	6.40104	8.43695	8.73368	7.50504	5.3046	5.21382	6.22191	6.74191	8.43883	12.866	15.5491	15.8528	14.9638	7.99072	8.52869	8.40803	9.13313	8.07297	6.71377	5.3431	4.19839	3.63896	1.67579	0.436009	0.408808	0.513638	0.625297	1.3348	7.12342	13.883	5.25109	15.6505	7.35971	23.6195	27.0353	7.89811	0.966227	1.10722	3.19816	9.833	14.5867	14.869	9.79518	3.81422	8.78541	21.1952	19.1433	11.209	7.00185	2.7725	2.89985	1.45392	0.223075	1.3216	0.720173	1.30934	4.43283	6.40426	6.33361	3.16482	5.75052	12.0625	15.0981	14.4744	12.9069	10.3947	6.66971	4.217	2.00651	0.527587	6.12329	7.68224	6.38205	4.25981	1.79196	1.59816	1.45392	0.980903	0.637191	0.571978	1.1897	1.48778	2.90807	3.84027	4.90865	6.21581	7.21097	6.77989	5.13633	4.44061	4.58947	3.12696	3.67398	3.96081	3.77208	2.91156	2.93212	3.2458	2.82844	2.57508	1.87068	1.38795	3.93373	4.93806	3.36362	3.5503	6.54733	8.09719	7.73574	5.30492	3.60508	4.06756	4.66673	5.06269	5.31641	3.99065	3.16017	4.79871	8.12396	9.92092	9.14534	9.45701	13.5879	18.3046	20.0959	19.0709	17.4159	13.5185	19.4396	33.7808	32.6419	20.7056	12.1684	9.72644	9.16124	12.2941	17.7857	17.958	15.5127	5.72477	6.6721	7.63807	4.06863	3.13012	3.94064	9.8124	15.9836	15.0898	12.6028	12.6819	10.7732	5.63109	6.05594	9.09332	14.1615	19.9418	16.5727	13.6614	12.5068	13.7136	13.2352	6.92668	11.2284	9.58191	1.36628	15.655	21.6376	20.9729	14.6193	10.4353	12.1292	14.9834	2.79451	20.5535	18.5468	16.9872	36.9696	41.8554	22.7356	10.2812	24.314	22.2723	22.4686	35.2259	40.7623	43.2919	32.4238	9.04286	33.6034	53.3538	45.7932
1.30764	2.13794	4.80088	4.0457	4.43027	6.81589	5.43964	2.59641	2.77885	4.7014	6.52175	5.70835	0.566955	5.11181	4.65109	1.76733	6.15088	7.12542	4.31181	2.5244	3.31546	3.96766	3.42993	2.04349	0.774986	1.2651	4.22263	6.07671	4.39706	3.30005	3.61288	2.42489	2.26919	1.36742	2.01277	3.43184	5.14009	6.20724	5.55196	3.8476	5.36888	4.74167	3.96566	4.11817	4.81175	4.19093	3.00837	5.70013	3.57123	4.67979	3.7031	4.80765	9.24782	3.33557	6.85355	9.06	10.3738	4.43372	6.36752	7.83739	4.32936	4.07195	8.50083	8.19923	6.95839	10.0974	12.7725	12.1709	11.0245	10.5469	13.8629	14.8629	13.646	13.7873	14.7758	13.3187	10.7503	7.31571	3.11106	4.92033	5.74498	3.81578	1.31694	1.9659	2.27907	2.14406	1.75423	0.745954	0.284918	0.368254	0.349292	0.678441	1.21172	5.91972	14.4148	8.12208	13.0104	12.913	22.4525	25.621	6.32957	1.06335	1.78321	10.6974	20.5667	25.7072	26.817	24.2027	20.1932	14.0181	19.2948	13.9086	4.5683	2.8611	6.38208	6.41855	3.71225	6.25818	9.4416	12.975	14.1605	11.2283	6.37677	3.80491	2.83842	3.79195	5.67664	5.81498	4.56652	3.70672	2.50797	2.90429	2.71075	1.32984	0.679819	1.22295	3.49489	2.97799	2.84067	2.58833	2.39212	1.00012	0.289005	0.291425	0.798791	1.38218	1.05778	1.56175	2.43991	3.33855	3.91131	4.35397	4.45218	4.09687	3.29018	3.60985	1.82843	3.2444	3.21647	3.27894	2.86267	2.47566	2.26868	1.5647	0.845876	1.43744	2.9107	1.687	3.55455	3.54184	3.14396	3.27004	1.7979	1.80786	2.88343	2.98213	2.23696	1.76352	0.217701	0.352622	3.36589	1.61849	8.03876	7.99689	9.32189	8.59885	3.65825	2.35996	5.00925	8.61479	11.2402	12.3995	10.835	12.1853	17.247	21.5637	23.3697	19.7972	13.9936	9.67974	6.74266	9.3274	12.2955	12.6363	11.4328	3.61384	3.32902	7.77043	8.19188	4.84389	3.76309	7.01347	9.78636	10.4096	12.7618	15.6992	19.0801	18.2278	15.0211	12.4322	11.2587	10.5487	9.56693	9.04094	14.1598	18.562	9.16268	7.46537	11.0848	7.40993	4.79328	17.0335	13.4365	5.89147	10.684	17.4507	20.5261	17.2782	15.1827	17.1185	15.4065	14.1561	33.2499	33.7377	23.1689	8.53717	11.206	17.605	23.1924	13.8459	29.4992	35.5637	39.5275	29.246	22.9275	48.2421
1.39348	2.88692	4.75977	3.05983	2.84489	6.7312	6.05057	3.04977	3.53093	5.65932	6.83472	3.72436	3.15214	5.49425	1.79125	3.83319	7.06754	6.63242	3.09782	1.47819	1.16419	1.01809	0.811776	0.479423	0.349227	2.00073	4.88016	3.96792	2.73318	3.70885	2.72014	1.42754	1.01783	1.63324	3.02308	3.78411	5.5907	5.79098	2.91896	3.89702	4.79313	3.77664	3.99762	2.87745	3.93381	2.88009	3.13574	5.34981	9.17306	10.3497	8.74032	6.68568	6.89779	1.29514	11.7084	16.5489	13.0792	5.44902	11.232	5.71931	3.77978	13.0535	16.0665	14.0651	10.9029	14.0726	12.8269	8.94825	8.42552	12.1747	14.7471	13.2347	12.7181	12.1822	9.61207	5.99302	2.29551	1.02427	0.818695	1.36494	1.32165	0.77995	0.476961	0.370727	0.438525	0.338318	0.802469	0.612559	0.591149	0.79898	0.628064	0.568474	2.51462	6.50488	13.6145	15.3878	10.9488	16.1472	20.254	22.5993	4.90467	1.63023	7.65693	17.9812	22.643	19.0413	18.4321	19.5572	19.8719	16.4087	15.4733	10.6374	3.50988	8.51673	9.69522	13.144	15.2293	18.4186	16.2722	9.07383	3.28958	5.02889	7.53181	7.37935	4.87795	2.36481	6.6825	6.77097	4.4324	2.91099	1.80998	1.25594	0.597429	0.543167	0.310099	1.14612	0.852368	2.58079	3.75159	3.2144	2.03603	0.438546	0.0612605	0.264363	0.787408	1.34776	1.4337	1.13971	0.520233	0.866263	1.00482	0.589137	1.99099	3.27596	2.27193	3.09135	2.26006	2.91808	2.31127	1.62275	1.80756	1.89006	1.80341	0.788306	1.87712	4.9487	3.97178	3.16592	3.72771	3.8472	4.8794	5.17497	4.42486	3.71407	2.48111	1.26727	0.358511	1.062	1.37634	1.89937	4.08389	4.65614	8.37643	1.11792	5.90582	7.47096	5.64049	4.06962	4.49335	5.26949	6.79375	8.77441	8.54441	9.04198	11.5457	14.8627	16.6588	17.5475	16.8069	12.5083	7.51952	5.36012	7.68519	10.8738	13.8136	14.026	10.1014	1.73005	8.74438	13.8761	13.7798	9.97733	7.39621	6.74229	6.83361	4.9651	7.20965	9.05874	8.98798	7.27936	6.78695	9.78047	4.67035	5.59876	6.71093	14.2382	14.2802	5.51166	12.0382	10.8203	9.29991	22.2391	18.5294	15.5406	13.6045	8.68892	8.13731	5.89675	11.209	9.6584	17.3827	5.01605	18.681	29.3344	36.5945	34.097	23.1443	17.8988	25.4998	35.1451	36.457	31.5141	22.6951	24.7052	21.5456	1.3566
0.857952	3.60986	4.03017	2.02984	2.20858	6.32037	6.36203	6.0262	6.64398	7.13625	5.4834	1.80194	5.22206	4.43264	2.22268	5.09746	6.58951	5.03463	1.72369	0.768013	0.433617	0.524162	0.537846	0.282326	0.468428	2.714	4.61564	2.22545	2.49098	2.18511	1.14325	0.138658	1.46223	2.75276	3.97232	4.4092	5.28867	3.41043	2.67363	4.00333	3.0912	2.52557	3.20271	2.30862	3.05521	3.95449	2.63429	4.83393	9.07814	10.1019	7.14256	3.99355	3.82912	3.17927	17.3948	18.9445	6.31022	15.1013	10.549	3.16072	15.1499	18.7757	15.0718	12.5706	11.8183	13.8426	7.23624	6.86048	5.20729	9.82548	6.79546	4.83683	5.51787	5.56713	3.83689	1.79997	0.420445	0.494266	0.426539	0.303929	0.178562	0.291316	0.294517	0.425423	0.698951	0.978189	1.37901	1.4074	1.06292	1.09574	1.30065	0.747567	3.16294	7.2501	12.6676	17.5944	9.29544	14.8592	20.4266	16.2342	1.5308	4.32002	14.7055	21.385	17.8633	15.0311	9.10641	4.56331	8.83456	9.57977	9.02546	5.23777	2.55119	12.7676	14.2174	16.2638	13.9567	6.55013	7.52836	9.72535	7.0559	2.57076	7.90551	13.6265	16.5084	16.5118	13.6845	9.88393	6.81496	4.60308	1.5821	0.805505	2.13569	5.67863	7.6327	7.62537	6.83681	6.17501	2.56368	1.54448	0.511028	1.03773	1.0149	0.671596	0.612454	1.29975	1.81239	1.77626	1.45555	1.64444	1.56007	0.213272	1.55885	3.45804	2.64426	2.61692	2.87513	2.57188	1.87224	1.69791	2.03425	1.93243	2.35989	1.9308	3.82995	5.49336	2.36732	5.39843	4.07828	4.42424	2.94301	1.846	4.45848	6.36483	7.4576	8.39531	8.9946	8.96894	9.73052	9.04677	9.63178	10.932	7.3352	3.95376	3.44919	5.84414	7.74878	7.13512	7.71659	8.28925	8.1054	7.12516	4.04198	4.52511	4.33161	4.01504	4.57132	7.38631	10.8793	13.1426	12.6418	7.16702	5.69365	9.09279	13.3223	16.2504	18.7027	16.2042	7.45019	1.48187	10.2165	14.911	12.6446	8.75137	6.8511	1.8522	3.25975	6.10244	6.3767	8.8387	10.3732	11.9824	7.00413	8.61103	5.80566	12.775	16.493	9.30248	7.64792	8.60209	10.7467	17.6802	9.89376	7.45906	4.84244	2.70851	1.37606	2.4777	10.8346	11.2774	13.051	7.11016	7.98579	18.9561	31.3532	39.2487	43.7418	44.9321	44.6223	44.9835	46.0267	45.7657	42.4865	32.9666	16.0918	12.5173
2.1177	4.60471	3.05302	0.903301	1.57176	5.13715	7.3676	7.2815	6.89086	5.90633	3.2834	2.68207	5.23177	4.84983	6.36478	6.28715	5.51545	3.30616	0.537772	0.659479	0.802166	0.542958	0.324736	0.513218	0.883066	2.86775	3.66948	0.901176	0.507245	0.805639	1.4927	1.79365	2.63065	3.72134	4.72597	4.79519	3.52858	1.15037	3.32617	3.01812	1.87928	3.11578	2.37276	3.77004	2.30522	5.10029	1.56226	5.67517	4.49904	3.65543	4.55882	5.08046	3.92494	5.81141	17.4491	15.6372	14.3369	18.2274	1.42421	13.8554	18.0786	11.824	4.98213	5.13925	5.92384	7.017	2.29515	5.7592	4.49127	6.70697	2.82418	2.40141	2.01498	1.21395	0.479221	0.0484118	0.45924	0.347069	0.205384	0.307709	0.493696	0.619949	0.750577	1.02388	0.955712	2.09105	2.09548	2.59657	2.82848	3.85216	4.2439	3.66544	3.14825	5.08823	13.0356	19.4097	13.8813	8.22899	11.9301	5.26993	3.12057	6.22452	14.6514	17.7075	14.0235	15.3592	7.96048	4.50018	9.78078	13.5762	17.9582	20.7107	21.7582	21.529	12.4775	7.40239	14.2935	17.2795	12.6221	3.37869	17.3749	22.0195	20.7792	15.4515	9.57212	8.00887	11.4399	15.2388	13.4984	9.11156	5.49451	8.4091	8.5326	4.39107	0.9043	1.91337	3.65616	3.95122	5.02029	6.10906	4.96345	3.50415	2.85713	3.00697	3.21869	3.10506	3.11937	3.03745	2.38057	1.36647	0.205392	0.58891	0.628194	2.55935	2.82313	1.89075	1.42037	1.36797	1.75771	1.05093	1.66317	2.49748	1.88293	0.699509	5.52691	6.29908	3.2334	7.0801	3.76465	3.50154	2.63389	6.56769	8.74161	10.3025	11.4505	11.3332	10.8036	10.945	9.54518	8.10997	9.28241	8.62642	5.41374	6.51299	5.0302	3.20002	4.47842	4.08185	3.98154	5.25152	6.81371	6.76083	1.70495	4.16508	4.1452	5.31783	2.34661	2.90368	3.8575	9.37493	12.7326	7.59679	7.25594	6.31697	5.91363	8.90821	15.7278	21.6406	19.1309	17.4055	11.1093	1.38698	9.5336	12.4757	11.337	13.0373	9.84718	4.94711	3.79535	4.3029	7.89825	13.0219	12.8251	9.45302	10.306	12.3591	16.8255	17.5831	11.7918	9.55889	13.0385	13.5344	15.0975	21.3159	24.9135	22.0592	22.0375	23.1477	20.2839	10.6273	2.25878	7.88018	7.57197	10.3025	9.40444	13.958	22.6447	30.3434	33.814	31.7289	27.3919	25.2731	26.0414	29.3131	32.5504	29.944
3.80313	4.79716	1.47303	0.534583	1.25636	2.52433	4.396	4.27808	3.20151	2.18565	1.35917	2.51079	4.47679	4.91655	6.13575	5.48177	3.92184	1.75756	0.835178	1.57617	1.09381	0.615284	0.420283	1.0869	1.53709	2.7472	3.50243	1.97482	1.99748	1.95509	2.18784	2.14292	3.07351	4.01283	4.79244	4.26177	0.875444	2.29486	2.70684	1.05613	2.2195	2.50374	1.64808	2.42927	3.29963	6.19531	1.54925	6.44974	5.61902	2.73224	2.9487	3.39458	2.6412	6.32716	14.6161	16.2458	16.3853	10.4822	7.45248	15.7231	12.2185	5.45235	1.56781	1.51867	1.89488	3.00781	1.32727	3.65726	2.9395	4.08313	1.93237	0.547574	0.199561	0.222851	0.294408	0.0612255	0.629176	0.342237	0.594336	0.373663	0.312186	0.338815	0.42857	0.846616	1.35033	3.94591	3.48769	4.32187	6.05143	6.15155	6.03249	5.01198	7.00884	6.71563	9.32272	16.1473	17.7271	13.0388	6.88252	0.394997	4.36265	4.17727	10.0573	16.6938	19.5925	17.1288	6.28824	15.4636	19.6279	19.9548	20.3913	22.1267	21.6197	15.0205	9.31539	20.0376	16.2773	7.503	8.18262	18.0251	17.8471	9.45831	6.89106	12.0384	14.8912	13.4164	4.06443	11.6753	19.7256	19.0773	14.3699	10.2184	5.93224	6.58747	8.07997	8.04732	7.00333	4.27461	1.57852	2.75942	3.29585	1.26656	1.13623	0.60643	1.33571	2.43871	2.80907	2.51386	1.71113	0.934678	0.459164	0.230104	0.677606	1.19718	2.75363	3.40495	3.13809	3.16696	3.67481	2.31642	2.33685	3.42979	1.75821	1.68807	5.88065	5.99993	4.4611	7.29862	3.79737	3.37624	2.02102	6.8509	6.31128	7.17443	7.63588	7.70714	7.33748	7.14287	6.2074	5.25349	4.17752	2.55401	2.7347	2.98715	5.7041	3.40986	2.45402	2.5908	2.81239	7.02913	8.21729	5.20791	3.7214	4.40167	6.69399	5.81895	4.50358	4.77661	2.83831	5.20869	10.9607	7.21992	7.214	6.84438	2.57081	5.7454	7.38454	15.7186	14.1422	14.3478	15.8028	15.208	3.866	8.26857	5.17065	8.75828	13.5963	12.2346	11.4022	4.91837	2.55656	6.17287	9.14212	7.9544	10.6092	12.9326	13.8052	15.0355	11.1367	9.92846	15.0589	19.7344	17.3843	15.9996	18.7992	19.8687	16.5384	16.5029	16.5795	11.5736	6.55116	9.58685	11.6048	5.86722	3.42422	5.45464	5.53779	8.2181	9.37963	9.59221	10.6023	12.0212	13.7907	14.3901	15.4622	15.9151
5.07063	4.38605	1.22485	1.03442	2.21954	1.54001	1.32063	1.42823	1.11711	0.784464	0.650663	1.14196	2.64776	3.53771	3.44461	1.98393	1.0459	0.164815	1.59593	1.62267	0.892259	1.31587	1.75835	2.89368	3.89133	3.47957	3.25603	3.62199	4.20907	4.27163	2.77699	2.53127	3.25604	3.22227	3.70715	2.71623	1.96424	3.50823	1.91227	1.43668	3.07475	2.23591	1.97368	1.43276	4.32905	6.75984	0.707538	7.65463	7.19166	2.94268	0.522994	1.40793	3.52639	4.93704	6.30142	6.80865	5.58803	0.934536	8.30551	13.7033	11.0953	6.12816	1.20437	0.743698	2.12792	2.27371	0.738657	2.01477	2.13854	2.49958	1.45866	0.397864	0.216417	0.164822	0.356925	0.327498	0.660647	0.369817	0.776939	0.352302	0.261502	0.264177	0.230061	0.568035	1.80031	6.53709	8.14729	11.5657	11.7229	8.42246	8.55223	6.28195	9.90552	15.0829	17.6482	16.8399	18.1892	13.79	5.30868	1.83122	4.00572	2.6466	5.41627	13.6442	23.2133	22.1461	25.4918	26.5277	21.8364	15.6483	7.27627	2.45696	5.27925	11.7295	19.9456	11.6577	13.1229	21.4982	23.6645	16.7803	0.882754	12.5898	13.7021	9.93005	5.66199	8.26703	15.3397	12.5012	6.19561	9.86677	4.14528	4.74653	9.3838	6.5677	2.61177	1.6831	0.558475	1.77067	5.06821	5.03874	4.79404	2.48989	2.10981	2.85286	3.00734	1.52401	2.54523	2.35442	1.66366	1.34429	0.563082	0.662073	0.306055	0.709887	2.79516	5.27493	4.30385	2.68248	4.85437	4.20156	3.39732	3.68644	3.40785	3.14482	6.96244	5.72002	5.8641	7.09075	4.4894	4.70456	7.3178	8.42772	5.35911	1.57822	1.52292	1.61565	0.459085	0.498219	2.47427	1.66253	1.27535	4.58919	3.31644	2.48809	5.73201	3.73467	0.848419	1.32854	5.81151	9.33158	6.12399	2.15812	5.05328	0.426823	5.76417	2.89021	5.72557	8.01266	6.06294	5.84761	9.11578	5.8715	7.18592	13.8886	11.9441	5.06871	2.14191	9.38137	11.2302	11.4103	9.91463	15.3964	9.02789	11.8818	13.1551	11.8059	0.415729	9.31384	14.4219	9.20533	2.52531	2.66317	3.85452	1.75515	3.67904	10.2065	12.8474	13.8128	14.3318	10.4287	6.64985	9.82782	15.4307	14.312	12.2601	13.9657	14.1157	13.1626	11.228	11.5945	9.85404	8.24641	11.2454	2.95833	4.00215	2.18726	6.26599	7.50119	4.59668	7.08843	7.78615	5.67778	0.468159	5.04701	7.86638	9.64578
5.61507	3.52777	1.65453	2.01975	2.34555	0.957861	1.09334	0.872149	0.606197	1.92402	2.62075	1.92406	1.40765	2.32568	1.72415	0.70212	0.534377	1.28297	1.90951	1.84173	1.98471	2.77644	3.16047	4.21859	4.89808	4.86244	5.84263	5.77304	3.61851	3.07724	2.6644	2.63378	2.40732	1.97766	2.58647	2.76632	3.82671	3.67475	1.82955	2.75926	3.3626	2.08936	2.54377	2.32717	3.60573	7.2767	3.89795	9.06829	7.12697	0.840212	2.12279	3.85352	10.7407	15.3637	14.0368	10.7091	12.6268	14.9052	13.8681	14.4581	11.988	6.39904	1.42207	0.813317	1.5666	1.6858	0.676287	0.373512	0.82814	1.09463	0.812121	0.390068	0.34687	0.13685	0.12617	0.370367	0.630807	0.463066	0.493391	0.284592	0.282124	0.307533	0.271122	0.438109	2.49118	8.50096	10.2796	11.1253	11.9007	10.3557	12.749	11.8509	11.5248	12.3342	14.1031	15.9711	16.3648	10.8954	2.48636	4.02489	4.84379	3.34526	1.74731	7.18997	17.1564	22.0607	22.2345	16.7078	11.4553	7.94085	10.8016	15.0683	15.2691	10.4806	9.27503	18.2297	24.1481	22.2171	15.1308	3.86757	10.6811	15.4084	12.1489	8.18586	6.25256	6.99721	12.9733	18.7415	17.7405	18.2559	13.596	9.2833	7.748	3.74543	2.11194	1.78076	0.684186	0.90997	0.562974	1.51447	1.62854	1.05832	1.19457	0.87861	2.57539	2.3246	3.17863	2.20828	1.441	1.64654	1.54865	1.82853	1.75227	1.5194	2.36543	7.57822	4.72268	1.475	2.86081	5.17903	4.5817	5.78944	8.12029	9.61993	8.73825	2.59514	6.75091	5.4345	3.47306	6.64967	9.2527	7.24592	1.22455	9.35724	13.0559	12.6408	9.98597	6.23705	4.82674	6.24193	5.47633	2.59617	4.32052	3.42795	3.83454	4.06298	0.214206	2.18953	7.55927	6.65969	3.93398	4.83083	2.35812	3.94968	2.33958	6.05861	9.37484	10.9656	9.44719	9.17505	10.6748	6.62831	5.94404	13.0842	23.1459	15.6275	8.9836	8.90593	11.7972	10.7513	8.51229	13.2474	5.38083	11.3761	11.3627	15.2832	12.5708	7.87586	9.10365	9.53849	6.51414	5.23525	4.51642	3.85175	3.9433	8.11046	10.4751	14.3918	13.8792	10.1558	4.02881	6.47337	7.26303	6.29988	4.74925	2.66935	5.13973	4.2918	5.62762	10.1733	3.03405	4.19688	6.63149	5.00851	3.01071	5.05293	6.06721	10.2411	8.59686	11.6787	12.9834	12.4675	11.4123	7.90628	4.66491	3.65215
5.39557	2.53975	1.23314	1.16407	0.420033	0.807675	1.5146	1.71959	2.82337	5.23361	4.49252	4.6912	2.9802	1.08499	0.581289	0.784127	1.48101	1.83501	1.91295	2.11347	2.74671	3.41715	3.4662	4.06911	5.82234	6.79432	6.41925	2.90044	0.199444	0.909536	0.567817	0.802709	1.61632	2.42237	2.39015	1.81717	2.98125	2.29409	1.92063	3.2086	3.6328	2.54305	2.73431	3.29996	2.71773	6.8092	7.37721	8.84519	4.42533	1.72848	3.09865	4.59896	13.6603	15.0707	15.3096	18.8455	19.89	18.6022	17.3933	15.3462	9.79636	4.09147	1.62096	1.36422	0.930409	1.06846	0.930406	0.598337	0.630676	0.659328	0.631786	0.233994	0.277033	0.199444	0.0967499	0.110308	0.411028	0.346131	0.281226	0.397711	0.24476	0.337931	0.450166	0.783553	4.08508	9.65087	12.0132	6.89191	3.73903	4.21992	7.66419	10.0996	6.58338	7.68723	9.07903	10.5367	10.8198	5.0381	1.35488	5.55432	6.18295	9.24117	15.2983	21.0484	19.9578	13.9663	12.1965	15.2576	15.5916	11.7859	10.5077	15.2424	11.1678	13.8445	17.4144	14.7949	6.09966	2.44698	10.2405	14.3017	13.2576	12.8768	9.53596	6.92673	6.30423	6.50118	5.61425	8.90999	10.9701	9.89854	5.40748	5.04804	5.64995	3.29329	2.10863	1.40253	0.542536	0.520972	0.593996	0.406439	0.829092	1.07393	1.46514	0.714195	1.51645	1.28624	2.15059	1.75189	1.88829	2.31788	1.77946	1.19144	1.56586	1.23881	2.91563	9.45918	1.80855	2.3472	3.33756	5.18733	8.34809	8.4174	5.70532	2.80002	0.474462	4.45506	5.96431	2.67424	1.46074	4.61699	5.62323	2.40645	9.36592	11.0664	8.38576	7.95944	7.66199	7.61546	4.09507	6.14151	4.92952	4.95047	3.45203	5.90099	5.11463	5.62083	3.97148	2.49597	5.28765	6.42863	6.52434	4.27712	2.87803	4.28178	4.46207	9.98227	7.41809	7.17645	6.66067	7.34214	9.33098	7.77879	9.01541	10.7434	13.0245	14.392	10.1393	6.55566	9.09777	12.4925	13.2183	14.3471	7.10256	15.3646	14.2825	9.3396	9.49979	3.2558	16.8222	27.2362	26.0308	11.7983	4.336	4.70638	1.71117	4.53682	6.9072	5.98154	9.30283	9.32896	8.48238	11.2911	5.56956	9.64665	4.60051	7.53517	7.76924	6.32496	7.71119	13.5114	5.01143	6.82527	5.07537	3.41391	6.81637	4.43726	1.68465	6.46265	4.52279	3.90251	5.03887	5.02492	6.21495	5.88093	4.74332	8.57203
4.69567	1.85606	0.588372	1.1421	2.18878	4.07907	5.78418	6.72777	6.66944	4.76814	1.32551	5.79041	3.69843	0.713395	0.554376	1.89344	3.52352	4.28346	4.31661	4.1179	4.58489	5.60613	6.91417	7.53614	7.16033	4.75483	1.9087	2.25259	0.992487	0.865109	1.2805	1.59494	1.8988	2.54798	2.14822	1.50473	2.44558	1.25824	2.01565	3.28652	3.67172	1.28756	3.24385	3.63888	2.44585	4.71526	6.67484	5.05766	0.385105	2.54257	4.02933	6.29383	13.0145	14.6883	7.40691	8.99507	9.31684	7.45035	6.9522	5.3438	2.31322	0.571029	0.56608	1.00888	1.07443	0.878263	0.781304	0.476325	0.816127	0.793171	0.562334	0.126116	0.307399	0.430947	0.253169	0.186057	0.21737	0.391721	0.514118	0.454723	0.183536	0.4778	1.12461	1.69851	5.57437	11.0623	12.2228	6.89436	3.0074	1.03921	3.32099	3.69252	8.74897	11.4156	11.5662	12.2887	7.8466	0.772895	3.11337	5.67257	10.9243	21.5314	28.0653	30.5501	27.7719	24.8752	23.6142	26.4857	27.1117	25.7005	17.2972	0.971561	9.0407	4.29306	7.5236	12.0294	8.31669	7.53916	13.4235	12.9577	9.58856	8.52368	8.37157	5.16101	3.35309	3.16882	2.15595	0.905804	0.487963	2.27848	3.42208	3.10624	2.9132	1.16257	0.658854	0.93822	0.60249	0.493199	0.690057	0.909628	1.15352	1.16803	1.44996	1.02014	1.32043	1.86755	1.65247	0.698151	1.60147	1.68297	4.1542	11.1502	13.3456	10.3741	7.15696	11.2556	7.43068	8.76763	7.46095	3.91698	1.88417	3.54587	4.95929	5.35492	2.62111	3.08374	7.41929	8.03789	7.92493	7.68105	4.81321	6.44345	7.76514	7.92702	10.4075	10.7602	7.31995	2.76384	2.83786	6.03085	2.81135	4.84423	2.58128	5.77509	5.47986	3.02405	0.756655	0.995793	3.22835	6.44507	7.716	6.72107	5.1428	2.5606	6.95218	5.52768	1.96328	2.68185	3.93315	7.05149	9.30525	10.3449	12.386	3.93878	13.3535	8.59207	5.41478	8.69226	13.9339	15.0883	11.756	11.9234	15.2699	21.6378	14.8239	11.5136	12.1978	8.88075	14.426	11.5844	26.9371	28.2908	26.5	24.0005	18.4605	10.0843	5.3959	9.64445	7.67225	4.85843	8.85241	11.9743	12.1244	16.3787	16.4329	14.7018	10.8031	9.07255	10.5434	17.1387	9.88339	3.46966	10.5962	12.906	10.7396	9.39674	9.47963	9.63551	7.85128	8.02091	8.75241	9.57596	8.72896	6.0062	3.74408	3.81165
3.57414	0.692298	2.37004	4.18418	5.27131	6.85022	7.4518	6.31201	3.27129	2.26778	4.93749	5.26163	3.19843	0.368256	1.55674	3.37628	5.17235	5.69131	6.12784	7.38628	8.42754	9.16842	9.39471	8.3253	4.85181	0.330098	2.76109	2.21486	1.16937	1.31961	1.49243	1.12874	1.19096	2.60411	1.53196	2.3082	2.29196	0.919966	2.56877	4.8352	6.50129	4.22666	5.59297	3.65499	2.63697	2.30258	1.43174	1.51845	3.41443	4.67213	10.04	14.0508	14.8202	14.2784	9.05155	4.57147	2.25743	0.818553	0.459733	0.504836	0.611646	0.540621	0.199379	0.126092	0.294139	0.577018	0.587447	0.37016	0.623722	0.73805	0.480141	0.290136	0.4658	0.540597	0.152908	0.26129	0.0891638	0.253119	0.472297	0.309629	0.311887	0.783241	1.78581	1.79901	3.7358	11.088	13.0508	7.54395	4.91361	5.16315	2.91844	5.82918	8.03591	11.5278	11.4253	10.0433	4.67696	1.08369	3.61913	6.87133	19.8438	25.4548	15.1246	9.22266	8.9511	15.9414	16.8957	15.8698	15.7941	20.1914	24.5992	24.6295	17.3786	9.32455	7.55049	2.40348	4.9366	6.07528	11.7549	11.5706	10.013	9.8932	10.9841	7.89032	3.11103	6.27682	10.2258	11.2671	10.0613	9.2167	7.40031	7.19967	2.82465	0.835225	0.863298	0.852118	0.736463	0.73805	0.678649	0.932783	1.13302	1.03471	1.26535	1.21716	0.957562	0.841124	2.42835	5.31402	6.41225	9.71385	18.9196	21.7844	18.671	18.9186	19.6687	17.6868	13.4404	10.0818	4.15374	2.27362	2.80073	2.9769	4.92116	7.35583	8.04308	5.63039	4.19588	3.86321	5.82778	5.17573	1.44229	5.44775	7.30218	8.93453	9.47745	7.69162	5.02285	2.63644	2.91321	3.00685	3.05926	3.9171	1.48745	4.17112	6.57817	11.1357	12.9129	11.7997	11.1445	11.185	10.6765	11.2955	11.2256	10.1933	5.96065	1.33856	1.55907	1.1678	5.67319	6.73614	9.58738	12.3027	9.52026	8.59812	13.1483	3.75068	12.5846	11.2196	23.0606	24.6108	19.4435	16.2541	13.0141	13.9755	6.36674	15.1164	12.6863	9.60018	22.6389	28.6543	13.5986	9.67887	16.2949	14.5036	14.794	12.5038	5.08508	9.74974	8.19529	7.46327	9.3763	11.0032	8.07235	9.48845	5.49757	5.18105	14.0712	17.0472	13.9931	10.8012	11.5619	9.20987	12.3585	12.2718	9.90898	5.81807	5.30672	6.87614	8.28248	7.53598	8.6754	13.9472	11.4765	8.45622	9.44748	9.16011
1.76981	1.91336	4.21206	4.56547	3.6582	4.88251	4.05502	2.14585	5.51536	6.35339	5.05024	3.54046	1.92584	0.220489	2.31305	4.37193	5.83357	6.41899	8.2514	10.5788	10.4108	8.28692	5.07998	2.64635	2.5624	2.36833	2.65751	1.16214	1.13612	1.68812	1.78886	1.15149	1.96716	2.02053	1.7162	2.79229	1.95858	1.42931	3.71006	5.92539	6.59091	2.15953	8.65121	4.52758	2.02466	0.689792	2.43397	4.27744	5.62697	9.1131	17.7858	17.4957	13.8225	12.4812	7.33756	3.43471	1.53103	0.626986	0.570806	0.4786	0.305774	0.131514	0.325034	0.472208	0.425887	0.373236	0.356574	0.314799	0.406207	0.504721	0.419786	0.152879	0.415308	0.519783	0.348634	0.212946	0.199338	0.587337	0.483462	0.971188	1.61672	1.43294	2.40713	3.39386	2.29394	8.07677	15.1678	10.9866	3.24876	9.0798	3.76521	6.49284	11.5637	9.29294	5.23639	5.23877	2.19105	1.3306	3.68012	9.86962	26.6504	15.5722	12.6789	19.2967	9.41681	2.18652	0.502868	6.64047	4.07234	2.23457	8.97952	14.6927	12.3594	8.98606	11.7217	8.91046	1.08635	7.55603	7.92458	4.05016	1.72712	5.96537	13.0672	17.0307	17.4011	16.3236	11.7008	7.41002	4.78389	0.815857	4.40236	7.80929	3.79673	1.44973	1.33412	0.721594	0.705864	0.745474	0.605367	1.03453	1.34806	1.37482	1.29504	2.00906	8.16969	13.937	15.8493	14.4493	16.4859	23.012	20.6001	5.2798	6.9166	2.44939	9.3938	5.24124	7.78865	8.56779	5.20378	1.52882	2.94249	4.85443	3.5624	2.3073	3.69492	5.79828	7.5578	6.91168	5.75039	5.01944	5.41954	2.64569	1.26824	1.24575	2.20157	4.0682	6.31985	4.83343	0.773473	4.97238	8.46235	8.43953	7.04612	6.42936	8.59003	11.3164	11.4953	11.5853	11.5568	9.76362	9.373	11.9761	15.0226	13.9294	10.3307	7.60553	8.90079	8.48242	7.16055	4.86501	7.02534	9.03901	8.90537	12.9334	12.1243	10.0657	12.6075	8.97742	12.638	20.8515	23.4327	22.9932	18.6685	15.1546	10.7518	21.1093	9.86101	9.07061	11.3059	13.8411	24.6374	13.1063	8.816	8.36597	13.8286	14.2038	3.78065	11.0849	4.44534	10.3162	13.6775	3.46484	6.21484	7.54409	7.08802	12.0546	17.4181	15.2367	17.552	20.9396	20.2711	11.6381	0.886381	5.0339	4.78861	4.51519	5.8534	3.16234	5.5631	3.11818	9.30631	10.466	5.65206	10.3817	12.3043	9.51247
0.369376	2.61459	2.77231	2.21948	2.17881	5.11506	3.35883	5.10764	6.86262	4.45991	2.80828	1.7089	0.761496	1.40478	4.48635	6.14525	7.43669	9.73105	11.4828	9.89598	6.38171	2.76195	1.26855	3.86857	3.52336	2.91158	2.99758	1.16998	0.294025	2.13991	2.88234	0.515646	2.49117	1.84508	2.61559	2.46636	1.43691	1.86101	4.07306	5.76475	7.7826	8.39713	9.1243	3.67421	0.920365	3.0883	4.16561	8.26606	12.8942	16.6525	19.1356	11.3478	7.17981	6.88963	2.68072	1.36436	0.499049	0.284327	0.434489	0.419711	0.174275	0.357809	0.410137	0.284321	0.260302	0.267389	0.152853	0.246465	0.410137	0.394461	0.555743	0.357809	0.407848	0.369376	0.185961	0.131489	0.419711	0.682519	0.567411	1.67297	3.58149	3.99784	2.78109	7.2569	9.28002	11.6939	13.4471	9.9718	6.31787	8.26014	12.5276	12.6292	12.2261	8.63682	5.40859	4.1171	0.737785	1.92325	2.68887	11.1267	25.3341	15.4953	17.9291	21.0672	22.3701	16.5621	17.6195	20.4438	23.6262	25.6767	27.3563	25.7146	16.287	5.78399	4.94646	7.24782	9.79298	15.2862	19.1831	20.7945	20.2993	17.309	9.95571	2.39416	3.00644	2.84926	7.93965	9.42363	7.75995	4.56149	2.93862	6.17187	4.20206	2.67925	1.72083	0.850745	0.424704	0.42469	0.551115	0.950301	1.19207	2.35667	10.0251	19.4428	24.3808	23.1429	20.4	17.2118	15.459	13.5031	5.98514	18.9628	17.825	17.8732	15.463	13.4934	15.7505	12.7227	8.39651	9.43218	12.1524	12.9413	12.8188	10.9072	8.98814	6.71313	4.95943	4.77225	6.67601	6.57484	6.03329	5.00553	3.28462	3.60245	2.7773	0.671484	4.4126	5.0011	5.63782	6.62259	6.64986	5.67701	6.23122	5.82637	7.05282	5.82473	4.83518	4.30162	3.48631	3.77157	4.96507	6.29706	5.90527	6.55114	9.65222	10.2607	10.0799	8.78119	5.01919	2.5217	6.58867	5.4228	8.68688	10.6153	7.64001	11.0126	10.8145	8.01996	6.59706	9.69082	7.52333	16.7524	24.8859	24.8495	21.5961	30.1579	26.1058	16.5504	9.45082	7.18219	19.9072	19.2353	16.0341	2.50352	14.9377	22.5583	6.95241	12.2343	8.80217	19.0322	8.67837	7.80519	11.1981	11.3597	7.79379	10.9362	14.0775	11.0018	10.1599	11.0587	10.0875	7.84059	15.5172	12.3844	4.39205	4.72638	8.8232	2.72695	4.66162	8.15886	10.1971	9.27826	5.45998	7.82775	3.69722	4.30346
1.36405	2.26078	1.67431	2.00074	2.45022	5.04041	2.75106	5.96124	6.83187	3.70614	1.83845	0.540736	0.329185	3.3235	7.13575	6.73365	7.10856	9.33132	7.45629	2.05638	2.8127	3.09189	3.77986	4.50241	3.63853	2.92959	2.75515	1.76617	2.20176	0.397351	3.62255	1.72845	2.25164	1.94901	1.95972	1.10447	0.799635	1.71032	3.69697	5.41747	7.10969	7.64872	5.08592	0.252038	3.58034	5.16786	7.49524	15.1112	19.0477	17.9953	13.6644	6.28057	4.16405	2.99302	0.780685	0.67136	0.54548	0.30565	0.319097	0.437605	0.351815	0.351815	0.293958	0.324906	0.301022	0.136693	0.233783	0.309452	0.498959	0.5196	0.669965	0.712847	0.593429	0.293954	0.0916978	0.22251	0.553523	0.686474	0.866868	3.61592	8.5394	7.58827	4.25489	9.91231	9.52031	11.9148	10.492	6.32465	8.39353	4.749	8.80112	10.9834	9.52101	7.48631	5.47899	2.89273	1.31262	3.24289	2.87689	7.26763	18.0143	20.5964	17.2258	18.1151	23.7605	24.1888	24.2964	22.3546	23.7944	23.6439	16.6018	5.18172	5.58855	10.3967	12.3029	12.883	11.4807	13.0983	13.2563	8.47495	10.0895	12.6806	15.5908	17.3148	17.5427	14.7289	7.77063	6.82286	6.00136	5.20603	4.35857	6.88592	4.24983	3.16987	1.74193	0.860677	0.483276	0.464024	0.635998	0.415712	1.43662	10.0124	21.8247	21.6998	8.53978	8.95116	11.2168	3.63485	4.78532	12.6135	13.0224	14.5793	7.1234	7.8225	12.7986	4.64027	13.6164	5.532	7.36792	11.6497	10.1068	9.55666	6.36663	2.02678	1.58457	2.35245	2.06153	1.81189	2.71267	3.35965	2.40069	3.30563	2.74557	0.520505	4.24566	6.8228	8.34936	9.46199	8.68886	6.72364	4.7021	2.81324	3.75069	5.33367	6.16881	4.35431	2.9753	1.36135	0.935002	1.38089	1.49344	2.30006	2.6923	3.82197	5.83075	7.3164	5.92868	3.49718	4.28407	3.90274	5.42246	3.0282	7.51191	8.72905	8.07045	10.4839	11.0083	11.2212	12.3009	14.5543	4.98767	2.59615	2.7351	1.16876	4.47214	17.873	28.9713	25.3119	15.1519	10.4147	11.5826	11.6099	14.5696	16.695	6.46958	16.9808	17.6287	3.66738	10.6817	12.0888	3.8893	10.5746	7.09943	6.97703	7.10059	5.00138	9.9258	12.226	18.0778	19.9563	13.8511	18.4188	16.4776	12.3889	10.7358	10.2661	13.701	6.64105	3.49322	5.2369	7.45863	8.15037	3.09848	6.18398	5.36585	6.08448
1.30578	1.66559	1.79795	3.58102	4.35428	3.34514	1.55983	6.38814	5.88707	2.85155	1.35333	0.923069	1.57232	6.35863	8.71259	6.03784	5.41686	7.77876	6.19564	0.293912	2.00129	3.21825	4.17823	4.04964	3.2911	2.53501	2.45252	2.17534	2.30124	2.96728	2.28976	3.26678	1.12682	1.07274	0.994136	0.600389	0.667061	1.02468	1.98559	2.72754	2.70365	1.42149	2.03138	4.77151	6.54349	10.5199	15.7803	19.2103	16.1182	9.56262	5.81835	2.80031	1.32657	0.38228	0.638451	0.802983	0.707802	0.561808	0.485574	0.473891	0.412814	0.354394	0.157311	0.157311	0.434869	0.596099	0.520407	0.492756	0.550905	0.466451	0.455814	0.635494	0.822208	0.715682	0.796862	0.76944	1.10382	1.49832	1.41539	4.9165	10.6038	7.51096	11.6824	11.6153	10.4948	7.2046	6.64192	7.24509	7.34744	7.23909	5.95063	6.01756	7.13122	6.46962	3.98464	1.08744	3.84232	6.81843	7.81794	6.24674	2.99556	1.02193	3.11003	6.5249	11.8129	14.3635	13.5701	7.61258	2.61884	4.98013	15.7084	21.8641	22.5974	20.4863	17.1	14.3246	12.5929	12.2289	10.3291	4.48598	1.58777	2.3004	3.81291	5.99724	8.22151	10.0869	8.53281	2.50369	3.60611	3.1021	5.64803	6.27725	2.9772	3.11762	3.44204	6.26396	7.8661	6.43266	3.3788	5.91914	13.5603	21.2537	16.7063	6.41031	22.772	23.3506	21.8968	17.3734	13.5859	14.0763	9.28879	6.87901	14.928	13.2117	13.3366	9.0222	13.2801	15.4409	12.9337	6.94336	3.58471	1.96574	4.79681	6.2034	6.57545	5.61119	3.54321	3.25947	2.13494	3.17498	4.24486	3.66856	3.37902	7.23015	9.05074	8.36667	6.47228	5.86454	5.98556	5.19643	2.44505	2.19041	4.80351	7.50656	6.02858	2.24207	2.95655	1.57763	0.657158	0.902563	0.900495	1.62253	3.3208	5.1468	5.2064	3.95856	3.63317	4.8564	5.69891	5.16719	2.37598	5.66917	1.68996	8.67093	9.94764	9.53206	10.1359	8.91129	8.4645	14.1985	11.9737	6.17055	7.26701	7.09137	8.02217	2.13911	7.23804	13.7553	16.8822	13.8544	13.4969	12.9672	9.97093	8.76837	12.1041	10.3433	15.4803	8.66064	11.6948	6.15848	10.0264	7.52958	6.70858	7.144	1.88538	3.59059	8.3896	10.8112	13.9185	17.8552	20.9667	20.5896	13.9683	13.0309	15.7757	13.9759	5.62867	17.8602	21.929	23.5827	27.5163	29.2338	23.9199	23.1619	27.295	28.4545
1.11518	1.77584	2.67834	3.74113	3.77545	0.687566	3.82873	6.05064	4.27144	1.08718	0.976208	1.35244	3.34829	8.62944	8.78192	6.37567	6.83165	9.88585	8.92313	5.81045	4.93688	4.4482	4.24788	3.28027	2.58819	1.52666	1.37188	1.61194	1.47801	3.19341	3.10099	3.02578	0.981868	1.30483	1.27902	0.405895	0.635395	0.382821	0.705326	1.22879	2.11641	4.27708	7.97668	11.6277	15.3133	20.284	21.0052	16.3508	9.6658	3.73732	1.02694	0.252879	0.415016	0.51217	0.626528	0.696697	0.691638	0.561687	0.561687	0.565422	0.589674	0.648467	0.345669	0.138341	0.351697	0.522994	0.533594	0.341601	0.417236	0.550779	0.471831	0.471848	0.807173	0.75459	0.667287	1.09173	2.59233	3.5754	3.37096	4.25784	11.0291	8.40567	13.4834	15.2633	9.82413	5.97821	6.91975	7.11836	8.33776	8.70623	7.24644	4.60724	4.2939	3.69027	1.33246	4.64675	13.8764	19.1473	19.3685	19.7971	22.648	23.1565	18.4628	11.0283	6.35177	4.97189	7.49727	10.3977	15.2936	21.7167	26.0056	21.9845	18.8109	17.9107	15.8132	12.8698	10.4041	6.56744	2.26978	4.87661	4.35666	3.53981	2.31536	1.75946	0.778898	2.13103	7.08993	9.62234	8.65651	5.27615	3.08357	3.07368	1.78984	3.02938	5.11054	9.46104	9.93035	10.563	9.42361	18.9669	24.5248	17.2572	4.9321	17.392	15.138	8.28706	7.85044	13.6071	7.95106	6.08521	11.8029	7.87634	8.14028	13.9785	13.0033	6.80427	4.8735	10.6698	12.4299	13.397	11.8932	10.8365	13.5907	13.259	9.52614	6.20151	3.107	3.89069	5.38669	7.24725	7.09005	7.98623	9.74776	11.0598	9.53022	9.06132	8.78625	8.26095	5.70742	3.74553	4.2362	7.33017	7.38957	3.22014	3.72291	5.48377	1.39067	1.9817	3.60699	4.08154	3.34165	3.41831	4.31085	3.55404	2.63229	2.27146	4.57304	6.41384	4.49632	3.9967	11.0133	7.82064	7.7185	3.63922	3.32448	3.66602	5.18245	4.14147	5.53405	8.19202	7.79031	9.35415	10.7086	8.70043	8.59832	1.9638	10.0485	10.7168	11.7285	9.6309	9.04489	10.3761	13.7268	7.61072	4.31926	6.53914	11.1828	7.81852	13.3618	2.83825	12.1584	6.54347	5.56051	6.36989	7.52387	5.27304	4.35562	8.70124	7.17794	3.66248	12.0289	17.7757	8.99582	6.36275	6.11771	10.9606	8.84383	30.5803	21.194	20.6557	19.9541	22.3447	18.9731	25.2158	25.3551	20.8352
0.813037	1.66286	2.24035	3.56635	4.10966	1.66626	6.00989	5.21286	2.97314	0.844866	0.627893	1.04476	6.90174	9.98963	7.58358	5.31892	7.11174	8.53915	4.37675	1.87343	5.29129	5.27841	3.41747	3.76354	4.1444	3.55955	2.58711	1.89582	1.5067	0.982452	2.32942	1.98131	1.87269	1.75369	1.11493	1.32741	0.233636	0.748507	1.70262	3.28145	5.49133	11.4309	19.1287	22.1089	21.6816	19.1774	12.4011	6.22141	3.06809	0.95254	0.33603	1.06862	1.16109	0.87177	0.394168	0.674767	0.570232	0.515222	0.453599	0.602479	0.677905	0.877087	0.809609	0.449479	0.324003	0.217079	0.2601	0.401773	0.367826	0.362078	0.518396	0.33533	0.32472	0.453599	0.913552	2.86065	6.22335	8.54814	8.71495	5.49877	9.35929	12.2629	6.45002	6.96909	8.27388	7.75385	8.98966	8.1053	7.13564	6.75028	5.21358	3.06746	3.0312	2.13522	4.20752	13.1761	19.5385	18.817	19.9781	24.5418	26.7127	26.5948	27.5758	24.4548	21.7413	22.7622	24.4323	22.8851	21.1463	21.661	15.2078	0.560752	5.06955	6.21962	5.68027	5.92287	1.39244	8.50271	13.5583	14.2144	10.9072	6.1552	4.32607	1.36893	2.00074	2.13532	1.48887	2.38653	6.50239	9.33656	9.99504	10.4565	9.75123	9.19138	8.7764	9.325	4.84865	8.01616	17.5955	23.32	15.0516	7.50396	15.0978	11.9795	7.61849	6.78108	5.13748	7.74145	0.259203	8.78371	13.6246	11.8323	8.06901	7.20752	5.2295	3.2527	5.19987	6.43752	8.72793	13.4249	15.4575	13.3284	14.095	9.83178	10.0832	5.73918	3.39036	6.63023	8.35776	7.401	5.63325	7.11082	10.8259	11.6779	10.1296	8.51168	7.59651	6.50226	6.82203	8.06487	8.51665	5.41565	2.99474	4.51674	3.63095	3.77751	4.92557	6.88174	7.35583	7.38282	6.64003	4.19626	1.85414	2.36021	3.37589	2.99056	1.78283	4.35796	4.35681	6.40848	9.52323	2.19256	11.5438	0.825269	5.15132	4.76141	4.94676	7.74303	4.16988	3.97186	8.39559	11.4095	14.3289	13.0833	6.18572	8.04441	7.74202	1.50857	7.21515	7.12102	5.69867	9.13119	6.8597	11.8393	11.3051	5.4664	6.32714	15.9153	22.5039	11.59	6.60511	8.72441	4.9862	5.86537	5.61824	3.86886	7.10852	7.14469	3.47882	3.44073	10.5911	6.79454	15.2382	13.5997	8.58129	12.6801	12.5797	35.8959	13.6303	9.98766	13.9844	23.2234	13.6473	19.2647	10.3821	12.1862
1.06335	1.55601	2.12563	4.28903	4.00267	3.64349	6.52235	3.59379	2.15266	1.22835	0.529432	4.30297	11.2226	11.5259	9.00277	6.03337	5.25676	5.41077	3.83997	3.49462	5.20315	5.56775	2.71299	1.71432	2.37417	3.06647	2.76522	1.81472	1.35959	1.52867	1.19932	0.659296	1.75419	2.41736	1.10131	1.01859	1.09281	1.38795	3.66328	5.98383	12.5762	21.8181	23.4002	17.7239	11.7788	6.27017	1.52945	0.839994	0.890388	0.92959	1.38748	1.28729	0.610819	0.581464	0.610809	0.714913	0.367757	0.348224	0.444698	0.553552	1.0823	1.73692	1.74063	0.757064	0.122164	0.314449	0.193168	0.414833	0.348224	0.35944	0.546764	0.518298	0.346213	0.431931	1.31004	3.99998	7.62068	9.85807	9.97923	9.98232	6.94163	11.9618	6.26096	5.76608	5.56498	8.8541	9.43372	7.60603	6.00332	4.55586	3.20342	2.32173	2.10985	0.539901	7.38826	16.1573	14.8339	11.4101	12.3135	9.43116	9.00041	9.17763	15.7137	20.0578	22.883	23.9512	22.2955	20.8521	17.3585	12.4929	1.46692	14.5336	13.8366	16.6787	16.3151	18.6013	17.7739	14.3504	5.32956	6.63656	5.19783	5.34071	6.94489	8.99733	8.63409	8.26091	9.01924	11.4205	17.5248	19.3309	20.4511	21.3826	21.7274	19.5158	16.1802	13.0311	12.0535	15.5589	17.4294	6.18237	8.5823	15.1224	12.0649	8.53564	6.08073	4.41386	3.88897	4.67402	9.96373	14.9221	15.862	12.0845	8.87116	6.22447	4.62787	4.33297	5.6249	7.75636	7.38178	8.00886	10.1721	7.15358	10.4396	7.33009	13.684	10.8713	12.2233	12.6956	10.0482	6.82642	6.99495	9.69913	10.9163	10.2962	8.84061	6.08253	5.61702	4.41228	5.17204	3.82183	2.45041	5.9893	6.15373	0.504174	5.32224	7.38261	9.51233	9.70939	6.2525	4.34877	3.12767	1.25792	1.95779	4.1566	3.94612	4.53897	6.90058	7.82598	4.77661	1.66845	9.3757	12.5479	12.9284	7.56501	10.155	8.15209	4.70827	1.94587	1.50114	0.682916	2.44525	4.44358	5.39865	5.9309	6.36288	7.04881	8.29666	10.5044	11.436	13.5842	12.0577	8.18713	6.45005	9.08277	14.784	9.94963	17.721	15.8648	21.7934	19.3809	1.3955	9.65272	6.0936	6.35229	6.62226	6.00696	7.32265	13.664	12.5953	12.9744	14.2481	4.69464	18.5225	14.2554	4.70194	17.5426	6.11355	32.3836	23.7576	25.2347	25.7373	26.635	21.3852	28.7088	28.6694	29.6027
1.34277	1.90488	2.84785	3.9323	2.84452	5.36767	5.98618	2.71578	2.10799	1.59973	1.67936	6.68325	11.7439	9.85488	6.13085	3.58419	0.681753	5.03647	5.59369	5.9442	5.56735	5.02629	3.63366	3.7526	4.18024	3.51056	3.35921	2.37622	1.02366	1.40433	1.53688	0.351494	0.948465	1.22217	1.38462	0.203693	0.688906	2.84854	7.77291	13.2065	21.0124	22.0726	12.0116	3.49359	0.570013	0.458032	0.485224	1.01498	1.8034	1.62262	0.710223	0.45394	1.25289	0.961919	0.476977	0.398121	0.300747	0.830628	1.83475	2.4301	1.80521	0.887569	1.68005	0.956299	0.539787	0.415336	0.377712	0.216998	0.157195	0.306888	0.461582	0.639414	0.662336	0.563051	1.29887	4.69817	8.64209	9.92891	6.72248	12.4065	14.5138	14.0933	8.24277	7.0528	9.67408	6.94282	6.90564	6.32635	5.23899	3.78209	0.907841	6.08101	12.651	15.3954	12.6913	13.001	12.8492	8.38982	11.8573	14.3463	12.8442	12.3092	11.7465	5.61152	4.7285	6.88012	5.10643	5.5492	6.704	4.34683	8.69081	16.5265	9.3023	19.0628	21.3733	16.1621	10.8032	6.0871	5.92094	6.61216	9.22385	13.9972	15.1594	14.0057	15.3487	18.8245	20.7415	21.5786	18.9864	10.5376	6.37741	5.06565	6.57829	8.36467	9.35263	9.87405	11.0929	9.91125	0.634999	13.6206	17.2636	16.1065	11.2211	7.18149	4.26746	1.40101	0.348156	6.48712	14.839	13.0236	7.47366	6.38023	6.3743	4.29056	5.54315	5.16979	5.88326	6.27511	6.80808	7.00492	8.34037	7.21878	11.2178	9.05921	15.0413	14.6439	9.90431	4.99617	5.66491	10.1019	14.0359	14.6881	11.3934	7.31654	3.72473	4.6877	5.72454	3.91544	4.62453	6.47444	3.80205	2.49085	5.70054	9.08811	8.64411	7.65273	4.9165	1.18759	7.22038	8.40493	4.11485	2.90664	5.36465	3.71373	5.42703	5.81722	4.9688	4.33973	2.78736	5.8006	8.05807	10.7067	10.2105	6.13388	5.68746	3.67464	5.30264	3.48028	7.65086	13.6817	14.8669	11.3394	5.94813	4.49777	7.21658	8.25253	7.28902	5.39119	6.62282	10.2222	14.4786	10.7564	3.94992	2.12839	5.2279	16.2195	22.836	4.88546	15.0444	20.4284	11.4742	3.1276	5.28365	5.14704	7.84925	7.22883	9.32656	10.4469	12.0905	14.311	15.5579	14.3776	18.4455	15.2692	9.34462	13.344	4.50391	19.8194	19.0067	20.4415	20.7461	19.3746	13.3443	18.9792	23.1921	22.865
1.80296	2.99165	2.81986	1.27639	3.23644	4.85147	4.54094	2.10447	1.86737	1.35479	3.47659	6.86315	9.64403	10.7746	6.28973	2.23939	4.37464	4.85367	5.86526	5.70613	4.42084	2.67714	3.48938	3.2021	2.94299	2.6136	2.75909	1.98059	1.14425	1.02573	0.937169	0.644026	1.11117	1.25301	1.10062	0.305296	1.03361	4.27236	12.2687	19.3422	19.6221	11.0921	1.95906	0.842149	0.503516	0.573601	0.388579	1.93652	2.0119	2.00695	1.01476	1.20973	0.779812	0.309084	0.0610584	0.216955	0.513136	2.13667	3.21417	2.51601	1.85148	2.05044	1.8355	0.940413	0.330226	0.136537	0.220157	0.174044	0.131316	0.116258	0.21588	0.330234	0.482707	0.351428	2.85962	8.24163	11.4586	10.2622	8.1708	8.64542	11.5028	11.5112	9.88256	9.9038	9.59349	5.91711	4.84592	4.8595	3.45164	2.69551	7.58425	22.7352	27.48	25.9334	18.8953	7.55466	9.31615	11.3307	12.8865	16.0689	18.6751	17.5122	14.5269	13.9857	10.6434	4.45175	1.3434	0.915853	2.18451	4.97975	11.9217	15.3308	10.8923	10.8283	10.0809	7.84223	2.00182	8.70872	16.8846	22.5788	22.8442	19.1776	15.4351	14.22	18.0002	20.3989	19.3406	15.812	6.44515	12.3402	17.4291	20.8672	21.2228	18.4108	14.0769	10.4288	7.41841	9.71151	8.64651	13.4054	9.93305	7.0241	5.49643	5.79365	4.45004	2.75918	1.72007	9.51351	15.4866	9.78986	3.70796	2.7993	3.18893	2.4199	4.72028	5.58878	4.88301	3.57573	4.94241	6.10871	6.31838	6.18057	9.22687	6.71118	9.78332	11.1318	9.53448	6.50753	9.31812	12.9992	13.0796	9.84151	5.68089	1.23505	3.31191	2.93848	4.33431	8.29796	5.30404	3.27854	7.89914	9.01344	10.2597	9.52866	5.87322	4.16614	6.29166	10.8867	9.85078	5.23297	3.48173	7.35398	2.10724	5.0858	4.77879	5.511	6.36916	6.90272	6.53568	7.78665	8.2289	6.0261	3.05689	6.59592	9.58586	10.2749	9.3913	11.4631	14.1995	13.7565	12.7879	11.9	6.20168	2.58574	5.0268	4.67981	3.75048	5.32375	6.79746	5.11123	8.26953	10.3215	6.65941	2.9688	1.90605	13.5541	22.9714	20.3417	9.14455	11.8771	16.2663	9.95204	5.58117	9.12527	8.73823	3.79916	9.37149	9.05504	12.0224	14.8959	13.237	16.7878	20.5366	13.4965	14.7956	2.59498	9.86744	7.62798	14.0352	14.0194	14.23	10.2247	7.11957	6.61863	7.80083	7.26673
1.98768	3.17351	1.70146	2.49791	2.99123	2.91643	2.41598	2.23946	2.55799	1.74551	4.4141	6.40549	7.96219	11.3635	8.82046	1.61851	6.36686	4.23844	5.30181	3.88747	2.83715	1.75472	2.96965	4.06166	3.27894	2.49	2.49185	1.89881	1.17516	0.820439	0.225346	0.899513	1.40533	1.48911	1.4476	1.51057	2.80367	6.79993	16.3552	19.1841	10.2371	3.62633	1.58359	0.869983	0.263472	0.453253	0.554912	2.3171	0.281409	2.82445	1.20559	0.341257	0.289568	0.276398	0.0647517	0.233472	1.0395	3.23222	1.38178	3.04741	2.97694	1.49889	0.717421	0.505243	0.320872	0.320876	0.318689	0.367554	0.23247	0.215845	0.225346	0.216913	0.416838	0.992994	5.16764	9.96291	11.0423	8.79168	8.19848	6.72109	4.28533	3.75177	3.6599	4.72108	5.98715	4.96535	4.44093	3.36015	0.376932	6.77008	18.4038	26.3586	18.0037	18.3191	21.2479	18.3877	13.2575	8.54685	5.89567	3.9875	6.59384	9.71378	11.1902	12.9927	12.101	2.29756	4.654	10.004	15.5097	19.6881	21.076	18.7628	13.9232	7.10459	10.1765	14.0063	14.1316	12.8997	10.2934	7.7855	5.67708	5.82346	6.58787	6.4856	7.59493	3.14429	3.21807	7.39228	15.3161	17.9248	13.6531	13.3465	14.0514	15.7204	16.3341	17.6355	16.5245	16.203	12.7218	10.004	6.8535	3.87705	4.11638	1.37328	0.641696	0.260791	1.7058	11.3693	16.2207	9.28676	3.36353	3.32608	5.9072	6.52394	3.05731	5.24434	6.23643	4.38051	5.41901	7.26019	5.78618	7.24826	8.01617	5.64728	5.77709	8.7974	12.8077	14.87	12.505	6.39807	0.505731	7.08842	11.4922	12.8481	12.3127	11.6038	10.5	6.81952	3.5973	9.03682	8.65162	7.63501	4.47106	1.13086	6.23908	9.89404	8.40086	5.9674	0.690966	4.12249	8.40022	6.49363	3.96479	5.78949	3.82091	2.93099	2.41685	2.28651	4.67998	7.74904	5.59837	3.92083	8.41805	5.19921	4.25479	5.57291	4.272	7.06273	9.31653	7.46147	1.58764	10.6316	8.31131	3.83006	6.70048	6.66988	4.64626	2.71608	3.85134	3.75603	7.91653	12.9465	12.5838	7.6427	5.37366	10.4058	18.6024	23.1644	22.4793	15.3109	6.83804	12.8071	10.7624	5.61002	9.18639	4.33095	8.55425	3.25573	0.43004	5.05638	5.11488	9.18201	16.0264	13.0617	15.3603	12.0936	14.141	12.8718	16.9415	14.9494	12.7724	7.63842	7.19203	3.39406	4.48127	4.86377
1.23963	2.22503	2.56227	2.74291	2.21	1.38961	0.51879	3.55468	3.74875	1.92571	4.03029	6.24168	7.91689	11.6216	11.453	2.73886	7.22219	5.47009	4.11391	3.89878	3.12387	2.63983	2.5169	4.79591	4.28435	2.67719	1.90937	1.08361	0.289514	1.29814	1.32935	1.30266	1.52557	1.6862	2.15374	2.57537	4.32519	12.0139	20.1551	13.2244	5.31214	5.13175	1.89398	0.595266	0.382395	0.634672	2.12147	2.65184	1.08851	2.19703	1.38954	0.436412	0.376861	0.293509	0.287912	0.461318	2.39403	4.82761	2.4343	4.34045	1.63232	1.20305	0.532952	0.390818	0.38904	0.461831	0.475248	0.376878	0.341208	0.384223	0.396742	0.389028	0.347962	1.17783	5.22423	9.45771	10.9416	7.69147	6.18378	5.34636	1.65988	1.28297	3.55762	5.47659	4.81991	3.97269	3.88886	2.58393	4.32554	15.1478	15.8369	15.137	16.6904	4.16985	8.14739	16.7002	23.0175	24.8142	23.9625	21.5281	20.1145	19.1743	16.3288	12.8607	7.61201	4.36248	13.5204	19.9581	23.9523	24.6706	22.1406	17.417	11.3941	6.29974	7.01694	9.46916	4.24323	4.29783	9.36557	10.5875	12.4906	14.0498	13.2954	12.4459	13.2262	12.2861	11.79	12.0426	14.0212	14.046	8.17705	4.14276	0.798669	2.30089	5.13346	9.95667	11.3919	10.9436	12.6953	10.1923	3.13602	3.84891	4.68192	2.09326	0.650591	0.887873	2.63482	11.2964	16.4524	9.58517	1.40883	12.6608	11.2112	15.5183	4.91838	2.57935	5.97142	3.84985	2.84511	6.58608	3.06801	7.68995	7.05733	4.99916	5.02971	6.81147	8.14501	7.45277	4.58064	6.98031	12.8608	15.5152	14.9138	12.4144	10.1908	9.90344	8.19243	3.81601	7.93963	8.01754	5.2196	4.48361	4.47151	6.67936	8.00329	6.93217	1.69002	5.80721	6.92396	10.1973	10.2471	3.77459	8.43423	8.59236	5.82454	3.62585	1.95175	1.46611	4.80963	7.08078	2.49613	7.54776	4.92888	5.51362	6.74617	6.61006	2.09758	5.5463	11.2298	13.6979	12.6904	13.014	3.00065	7.09669	4.80957	2.76605	3.47544	5.32595	6.09201	5.89466	7.36504	10.3938	14.0004	9.67401	3.06733	4.99727	9.15115	14.8399	18.765	20.7465	16.454	2.72741	13.1419	14.3033	4.13622	7.08659	1.97557	9.2664	10.7154	13.942	15.6826	10.8294	2.77643	9.35485	16.1647	14.5509	12.7157	14.622	15.4962	18.346	12.4937	8.87734	9.31003	5.00612	6.35524	6.3654
1.04648	1.29236	1.40335	1.50828	1.42958	1.00378	0.32435	5.17479	2.76293	1.76311	2.50014	3.50865	4.5004	9.1383	13.9369	10.7387	9.68664	7.93841	5.57495	6.79056	7.13635	7.0658	5.63285	4.80319	2.56165	2.0195	2.39979	2.34902	3.02709	3.28984	2.65575	2.70665	3.05614	3.167	3.91397	4.65027	8.14056	16.8108	16.8174	4.23116	4.03753	6.70498	1.39995	0.410501	0.736389	3.22491	4.92992	2.84969	2.57286	1.53815	1.14495	0.540657	0.377406	0.335646	0.689392	0.859737	4.99046	7.58382	6.51764	6.77942	1.88144	1.23638	0.492925	0.328635	0.475159	0.505537	0.442702	0.461744	0.553023	0.428271	0.36931	0.37679	0.233382	1.13987	4.03747	8.68381	10.7808	8.92957	8.62867	8.89936	8.14507	5.68504	5.16511	6.97255	6.22524	4.88658	3.90636	1.87285	6.58627	15.8673	9.90942	10.6256	18.1593	16.3781	12.8868	9.20837	7.06345	8.34835	9.76301	10.3459	9.16592	6.10884	2.23085	0.990026	5.40688	16.5192	23.5563	21.0686	15.2106	6.70393	3.9847	12.6259	16.6351	16.8307	18.0605	21.0149	22.7099	22.5567	20.3318	17.4439	16.9201	18.3764	19.0862	18.9411	18.1145	16.7206	15.1269	12.9463	10.647	9.92043	5.38515	3.20468	1.84627	1.77568	0.385962	2.31955	2.71496	2.49875	3.6595	6.17378	6.83493	6.19837	4.39329	2.11047	0.681236	1.44201	4.42383	12.598	16.4503	9.1553	1.73016	14.231	7.32957	16.2895	6.06861	2.18646	4.95947	5.19333	3.38349	6.59744	2.60381	6.72462	4.37108	2.6697	1.68017	4.66968	7.24841	8.52391	10.5302	11.7994	10.1946	5.8696	3.98304	1.8192	3.1635	4.44751	5.01688	9.80365	9.72266	6.38277	2.6266	8.48631	6.32274	2.79	5.50904	7.11811	8.51661	10.636	11.5664	8.84685	0.713272	9.10919	10.1564	3.92321	2.34364	1.64791	0.457685	3.83501	7.11349	5.38269	4.66743	6.7898	4.23755	3.31923	6.73265	7.49656	7.2689	9.2487	12.0247	14.7978	14.8129	11.1611	7.12697	7.15739	5.7432	5.49391	3.97548	2.6424	2.37875	2.46422	3.71637	4.69647	12.516	11.8011	8.00522	8.08838	5.59941	5.84103	5.07352	8.92841	14.3565	16.8497	14.2041	12.5346	14.22	11.3267	6.69928	8.04647	4.20711	1.64055	3.43509	6.68649	7.80597	1.78755	11.8162	16.0383	14.6741	14.0007	10.8917	9.44959	8.88604	10.5477	13.0481	7.85232	3.65824	4.38533
1.00359	0.549939	0.320671	0.957344	1.10191	1.86321	1.90749	5.54165	0.388283	3.0435	4.27392	5.38689	4.07933	1.28575	8.88025	13.0583	12.1578	8.69292	5.85579	5.14047	4.44029	4.67435	3.17612	0.686564	3.57532	4.41499	4.15131	3.69251	3.63239	3.01278	2.8277	3.87574	4.12131	3.73139	4.92443	6.63179	13.2427	16.3533	7.68724	3.33533	6.68782	5.01833	0.628871	0.431961	0.830077	5.94931	3.29071	5.50664	3.01909	1.15949	0.56988	0.690572	0.252482	0.625552	0.641357	0.690596	7.70167	7.99333	7.18761	8.36172	2.26787	0.747506	0.571127	0.580432	0.574387	0.491912	0.427103	0.648931	0.743809	0.56126	0.478941	0.238266	0.351168	2.11807	4.38107	7.143	8.32182	6.07379	5.95768	6.78476	6.72139	8.05223	7.55191	8.49563	8.4531	5.23868	3.164	1.37798	6.62754	12.7455	7.98289	4.76635	10.8155	7.53841	2.16124	11.6459	12.1044	3.39222	1.21722	0.652853	1.7302	0.862771	2.32661	8.92263	17.4369	24.6067	22.2739	8.96068	5.0336	14.5097	22.5911	26.5557	27.6651	27.5082	27.4043	25.9414	22.2209	18.4441	16.7484	16.2088	14.1088	12.2439	8.68284	9.37583	12.3161	15.1054	16.0404	14.6587	11.2826	7.27927	3.97047	3.41101	1.89805	0.909242	1.50492	1.53733	0.982321	1.2732	1.06761	2.27563	3.26008	3.34406	2.69279	1.67396	1.07286	2.3112	5.97725	14.7328	15.5901	6.85702	2.82587	10.5351	15.5474	12.3504	4.22351	4.24803	4.67083	5.94993	7.07523	5.66741	5.37978	6.73956	3.4656	0.671809	6.35976	10.5569	10.7164	9.99006	6.97962	5.66084	7.43517	6.44792	7.15286	5.43326	7.21347	8.4979	8.68973	10.5284	10.0328	4.58097	8.56202	9.17475	1.77646	2.44832	5.36339	7.61673	9.15703	9.97981	8.89103	5.09538	10.2859	8.88076	2.69441	6.57452	5.72696	4.26472	1.23596	6.85538	9.42539	3.04219	6.82709	4.70558	1.73861	2.93377	5.03118	10.5761	12.8092	10.6373	8.51654	8.55391	6.55363	5.49335	6.79013	6.39845	7.33737	4.99945	3.47374	3.75766	1.70891	2.96646	4.29963	2.97842	10.238	9.92434	8.52463	9.28817	6.13758	5.77345	3.58565	4.12688	6.6629	11.9544	20.7771	23.9351	18.7355	11.2869	9.56536	10.0692	9.82541	9.82259	8.91862	3.91981	7.75785	10.3936	1.97113	11.755	15.88	12.5782	7.09263	3.26193	1.27323	9.13215	18.4838	16.2053	10.0986	6.81664
1.70346	0.961798	0.910099	1.01721	0.979037	0.593389	3.94062	3.87574	1.63992	3.24712	2.94166	3.20058	1.79004	1.30381	0.0431349	1.90029	1.5296	0.497914	2.78962	4.56309	5.63586	5.58745	4.94645	4.13322	3.06347	2.17092	1.96944	1.38446	1.60692	2.01804	2.94118	3.87733	4.84655	7.52182	11.0805	14.9944	19.254	14.68	8.48024	8.13583	6.31958	1.90234	0.474962	1.09135	3.92609	5.3114	2.07184	6.02147	2.28812	0.677181	0.281202	0.695491	0.732641	0.890752	0.496522	1.89834	11.1921	6.64877	10.5842	8.38858	1.42459	0.762503	1.16072	0.909108	0.371066	0.260605	0.358959	0.862634	0.687783	0.86693	0.791228	0.781479	0.574275	3.79202	8.11461	10.0115	10.8479	10.2279	9.24203	8.36976	8.48109	10.7809	10.0471	9.9395	8.48202	2.1442	0.759709	5.40353	16.1483	23.112	22.2794	20.6638	21.3823	18.7998	16.4066	11.9066	6.92391	9.00233	9.21563	8.22693	10.4807	14.9536	17.9658	21.6521	24.1849	18.1559	2.4932	16.2766	23.0353	21.7234	17.9006	11.4931	3.42626	1.21696	3.20291	5.26187	4.28578	1.48702	1.1431	2.03926	3.12782	5.01522	1.8546	0.67722	2.60536	3.98528	2.98003	2.00409	2.44343	2.32666	2.40725	2.62277	1.38712	1.93763	2.50865	4.20479	4.96595	4.07544	1.6378	0.3557	0.571004	0.634653	0.784109	0.787082	0.845773	1.92461	7.12052	17.0599	15.1644	5.29653	2.86285	3.49068	4.60741	5.33915	5.41799	6.59698	5.34574	5.28443	8.51663	6.16797	8.28054	6.07173	0.668922	5.24575	7.82727	7.0558	4.66828	3.1503	0.48799	4.22304	9.03272	8.45229	7.64582	6.21363	7.62912	4.95891	4.01697	8.14412	7.86851	0.906014	10.5099	8.25769	4.0036	6.11442	5.0214	4.6766	6.32128	4.1986	5.50386	10.5324	7.82944	4.81611	5.68769	3.21048	7.13748	3.8687	4.30537	9.18237	6.3445	6.78398	11.5125	7.60018	3.69855	3.43223	5.8666	2.95747	2.19833	3.26348	5.43564	7.46326	6.99302	8.75014	6.17998	3.73148	5.78501	6.44352	2.26379	3.72169	4.93826	4.23295	5.00109	1.63262	7.41938	7.82317	4.9928	1.46409	4.62843	4.19868	5.60899	7.14857	6.83543	7.09936	10.6562	13.5173	13.2027	14.9431	11.4704	9.56587	7.21173	4.67357	6.79095	8.63238	2.8843	10.6517	10.0843	6.32123	4.16076	6.00437	4.76	4.13178	6.50584	9.84421	10.8364	13.7478	17.5044	12.8653
1.73866	1.02163	1.25714	1.2348	1.78664	2.81453	4.794	1.21604	3.28928	2.28944	1.402	3.55165	4.58125	3.28052	1.15001	1.6409	2.3094	2.57154	3.91116	5.24952	4.83979	3.89176	2.56404	1.09873	0.232238	0.839779	1.32268	0.906893	2.09172	3.29003	3.5686	3.54815	7.12836	11.7051	16.0969	18.5842	15.7569	8.81439	6.55866	5.18496	2.09072	0.552255	0.433407	3.05996	6.93833	2.89225	4.96707	3.59661	2.04792	0.414197	0.302655	0.505249	0.862497	0.752226	0.461481	4.91653	14.322	3.88156	13.6447	6.71923	0.86083	1.05737	1.00511	1.08146	0.212368	0.16842	0.351026	0.880846	0.320566	0.669487	1.08345	0.99205	0.308733	5.44406	10.5306	8.781	8.79634	9.1697	9.35421	11.1514	11.8908	12.0767	10.4958	8.59806	5.7275	0.272749	2.88192	9.82398	24.3623	27.2427	22.6436	18.8251	15.2405	11.2617	9.77831	7.37287	9.69562	12.8579	10.9041	10.7491	18.1422	22.1493	23.969	24.2189	19.2931	5.62854	17.1315	25.0431	20.5176	9.81455	2.28021	5.75677	14.8234	18.8262	19.887	18.1002	13.1286	7.5247	8.12678	9.10674	8.44016	6.18882	1.80928	1.14453	1.16923	2.49985	4.6414	5.10242	4.33471	3.9904	4.21413	3.53981	1.59969	1.63231	3.12963	8.01665	8.98145	9.19274	2.38617	0.414776	0.136381	0.212379	1.04049	1.1063	0.689993	0.765704	6.79518	17.908	15.0318	5.43591	3.91922	3.47594	2.1146	1.72408	4.51621	6.3952	3.74762	4.50749	8.00618	8.82099	7.79213	3.66751	6.13601	8.93247	5.08814	2.33291	7.80433	8.01887	1.40282	4.85907	5.06822	7.24951	6.633	6.52995	5.81177	4.61395	1.5958	8.26711	6.04218	3.84784	8.97037	5.15606	5.82611	7.29901	5.17739	3.61643	5.08592	1.09937	7.25366	7.31094	8.4689	6.93827	2.71059	5.84515	6.51299	2.53557	8.22709	8.30374	1.47167	13.0935	10.3992	3.92984	5.95643	5.4281	2.04474	5.79045	8.45556	8.7553	9.07775	10.0418	8.98413	7.24473	3.208	3.92449	7.41029	4.57732	3.39069	4.59216	6.55869	7.28343	5.43318	2.53922	4.64295	4.81024	4.01615	3.64242	2.58742	1.81188	5.36662	5.16354	7.49367	5.47983	8.01998	8.82994	9.08083	16.3374	12.6615	9.76183	6.01887	8.45768	13.155	7.21481	0.539085	5.48508	11.1525	10.5116	7.32436	4.64461	4.81955	4.93326	11.5706	8.64806	5.01825	7.35605	15.1838	15.5138
1.053	0.811514	1.21497	0.370903	1.53173	5.03609	4.27291	2.2453	4.05297	1.42849	0.873031	0.424669	1.19861	1.8116	1.8554	1.88876	2.05456	0.962363	3.06425	4.59268	3.94697	1.81505	0.740862	0.734262	0.802019	1.45765	2.57257	3.661	5.1655	7.56408	8.75712	9.05707	12.5522	14.8555	13.69	10.3012	4.27833	0.845418	0.116102	0.293239	0.533781	1.03655	2.05184	5.97897	5.57045	5.75265	5.98633	1.29371	1.12938	0.266674	0.669713	1.16666	1.83385	2.36994	3.03777	10.4817	12.0384	6.41323	13.5487	4.93499	0.53375	0.747392	0.628524	0.897138	0.658163	0.444455	0.372161	1.62051	1.85813	1.92475	1.07289	1.42876	0.431164	5.58848	10.2943	9.61057	9.29294	8.40666	5.73531	3.83979	4.91361	7.00692	7.35315	5.69334	2.37129	2.51489	7.22232	15.5192	27.3107	22.7866	5.05934	3.44185	6.36764	5.7799	5.9576	16.5463	17.8749	14.5576	17.1869	19.6572	20.9112	16.8014	13.1521	6.98119	4.66609	17.8211	25.3051	16.3293	1.95083	10.3457	11.4363	13.4225	12.048	2.48657	3.201	7.4463	11.1781	9.8277	8.71047	6.48203	8.80975	8.56366	6.80888	6.82003	5.82413	3.21162	1.8848	2.81806	2.73905	2.27161	2.83333	2.65462	0.858544	4.96963	10.1566	11.1469	8.18942	12.7749	5.14478	0.754529	0.569583	1.1492	1.83304	1.8339	0.733274	0.203383	6.4347	17.4126	15.3906	6.13487	3.97549	3.99929	2.27719	2.60536	6.2913	4.08292	0.570785	1.65886	2.9159	3.47136	2.43946	3.72639	8.75593	7.28801	3.82492	3.27597	4.23064	8.03776	4.70472	4.5426	3.35744	6.63173	8.08114	5.86105	2.66247	5.5982	5.70794	9.62359	3.87403	5.9371	5.49821	6.13608	8.26238	6.84344	6.02822	5.87303	4.64117	3.57831	6.76673	7.59166	8.19779	8.66505	7.88503	7.29363	6.78032	8.97384	10.1643	5.26912	7.42945	11.0713	5.33765	8.14787	5.37337	3.78952	6.81953	7.82906	6.64386	2.78764	1.91218	5.51667	6.28083	7.22712	7.59556	7.96499	7.80648	5.75299	7.58971	5.84172	5.46367	4.23712	2.48956	5.84625	6.20282	5.48502	4.39871	2.26623	4.58887	6.31807	6.78053	4.19475	8.50954	5.42948	9.28339	10.4917	2.67874	13.9116	12.9956	10.1337	8.48086	12.3725	9.7067	2.88657	5.70671	5.35722	6.81989	10.7481	9.76695	5.44464	2.56225	3.97724	6.98095	3.26121	5.09189	5.3397	8.96744	11.7387
0.204493	0.616452	2.03694	3.05189	5.30173	5.47753	0.914952	3.61359	3.58107	1.78006	1.9739	1.90061	1.74639	2.91705	2.91789	1.66728	2.00873	2.18776	3.41941	3.75404	3.16931	2.47058	0.805327	1.56889	2.29382	3.5622	5.16402	6.51514	9.78748	16.095	18.9137	19.1928	17.4007	14.2026	8.45531	3.78438	0.949292	0.453163	0.377066	1.05103	2.41626	3.53027	5.75314	7.6779	1.47209	7.73747	4.28188	0.628394	0.476156	0.552081	1.64285	3.02373	6.45711	7.21716	8.98916	15.8442	3.52386	13.8299	9.57483	2.82082	0.336689	0.281044	0.970128	2.44943	2.42583	1.28157	2.79732	5.82215	5.53127	4.02884	1.69835	1.35785	0.526199	3.49921	8.34181	12.8006	13.9863	8.66863	2.80366	3.81119	6.22907	8.09911	8.12903	4.71233	1.39601	4.79484	10.9416	20.4848	25.686	14.4966	11.1295	13.4674	10.808	12.5419	20.2274	22.425	18.1542	15.4258	21.0281	20.618	13.2226	3.66958	5.42543	16.9515	26.4076	26.6365	15.9525	5.98483	18.0583	18.7209	15.0124	10.8435	5.75158	16.4321	19.4041	15.2117	10.1539	6.99373	6.78156	5.74618	3.4122	6.96079	7.02552	5.90931	5.54403	2.87912	4.97099	6.88422	6.10539	5.77443	4.9044	1.92198	5.20401	13.7766	15.3038	7.58243	8.17067	9.97273	6.1316	2.09871	2.19718	2.89114	4.03982	5.22167	3.59006	1.22866	4.63297	14.2362	18.0069	10.212	4.01092	5.4684	5.8057	7.16391	6.71588	2.0578	1.47112	1.52383	1.60168	1.30314	0.840866	2.82343	7.65225	10.0003	9.43097	5.47759	3.74921	6.43333	8.42757	4.52172	5.95348	6.30356	11.1558	8.29241	5.26947	6.38425	9.98108	9.13777	3.30455	5.26193	7.12918	9.98862	7.92054	2.94307	2.4891	2.51208	1.88069	3.52144	0.927016	3.92635	6.36759	10.1912	12.9755	14.7337	14.7229	14.1333	10.3875	7.22651	10.7502	12.1756	12.3827	11.8395	8.81176	5.26653	3.56823	5.49248	3.9128	3.39718	7.10607	11.1204	14.202	14.6383	13.0242	13.018	13.7305	12.9212	9.9397	3.98992	3.63383	4.49348	7.37312	7.2256	2.76378	2.48099	5.50172	6.98328	8.48276	8.39441	4.78509	7.52988	7.88778	5.95433	11.8228	11.8394	3.2153	15.3883	11.3452	8.12095	11.4172	13.3565	7.10703	12.3349	11.07	8.11212	5.04591	9.29064	9.3717	6.36332	3.80378	8.3665	6.85842	4.32569	2.11645	5.63356	11.0995	11.4868
1.25438	3.46998	5.85026	6.02954	4.28335	0.0304767	3.81624	3.80987	2.84659	2.09494	2.06726	3.21215	4.40201	4.99326	3.86906	3.04453	2.79282	3.40164	4.05965	3.51732	3.10423	3.16947	2.14256	2.39856	3.30186	4.87859	7.51735	9.33705	12.3948	17.0743	13.7293	11.8705	8.38374	4.73706	2.37856	0.648281	1.21896	1.63874	1.27989	4.51714	9.16316	11.4379	10.1521	3.76241	6.93553	6.37985	1.72808	0.804574	0.491433	1.58225	5.01634	8.01444	11.5658	11.2086	12.7704	10.797	13.0506	13.7252	3.61623	1.12895	0.289127	0.410027	2.57444	3.94999	5.50707	5.75481	5.52535	4.47369	2.04641	4.91162	2.38383	0.95132	0.192752	1.3101	3.68859	13.6615	17.5583	7.95697	2.93706	3.89547	8.48996	10.9244	8.42968	1.95606	2.47908	5.6801	11.7662	21.0688	19.7444	8.85447	18.9798	13.9664	15.5915	22.6482	24.4596	20.403	13.9097	8.55754	4.20825	3.16735	9.42358	17.5233	23.3699	27.1602	22.1449	6.37308	12.6112	18.2609	13.6333	6.42123	3.4229	6.36632	14.0177	16.1026	7.99454	11.6475	13.7587	13.5943	12.7989	11.5708	8.50189	6.44509	6.02812	6.39992	6.9395	6.47343	4.51145	1.95897	0.954278	0.819141	1.05082	4.05905	13.4219	19.5557	12.0948	13.0779	11.9426	6.71125	4.44162	1.57403	1.98578	2.91651	7.8458	11.0106	10.6323	3.46574	2.64705	9.15835	18.6773	14.9646	5.95285	7.48254	8.34253	6.56406	3.04559	0.932576	2.0935	2.26426	2.03391	1.69347	1.27989	0.772471	2.70049	4.69406	5.47801	7.23037	7.21804	7.0959	8.62341	8.26511	8.06696	6.31386	7.15572	9.01971	8.61218	7.94914	7.07513	4.71971	4.70224	5.72066	5.28723	1.89579	5.78074	8.54505	9.44913	10.903	11.6089	9.73468	8.29153	7.67065	6.15134	4.56473	2.77789	2.98128	4.51661	1.1355	5.89651	7.43315	6.60115	3.58157	0.195153	2.4228	2.94175	4.91652	8.8589	10.2999	10.0105	10.1092	7.81677	4.37472	2.65132	3.00458	4.34078	6.58232	7.38156	5.85298	3.42313	4.93191	6.93189	4.13268	3.40159	3.13306	5.94617	7.19572	8.84212	8.95443	6.1564	2.8005	6.43749	10.4875	6.60897	8.02911	14.712	11.8839	7.34477	16.677	10.4502	7.88658	11.5783	8.71619	11.5922	13.5187	9.02927	6.23237	4.89545	8.9128	9.25894	7.63737	5.66826	8.36805	8.47351	10.9863	7.77826	9.59208	9.54974	5.95879
3.84973	7.64726	7.37849	2.71875	2.87316	5.31322	5.0301	3.46496	2.65199	2.15368	3.47609	5.52556	6.39868	5.02505	3.36801	3.71857	4.72267	5.27472	5.20854	4.54955	4.52927	4.31897	3.57727	3.8214	4.91026	6.15754	9.69034	9.32376	8.37882	12.033	5.59495	2.19839	2.30919	2.03619	2.20656	2.77801	4.10599	3.62025	3.1969	10.4557	14.6222	10.2943	5.91483	8.51417	8.23869	2.70242	0.934688	1.72462	1.72166	3.72738	9.87567	12.8548	12.6876	11.3015	9.10047	3.45733	15.6967	9.99167	2.30272	0.701474	0.491347	2.69147	6.92971	7.766	5.28628	3.4375	2.09283	4.90554	6.3789	4.66935	1.50855	0.424408	0.737602	3.33938	4.85373	14.2856	19.0958	8.91982	5.27083	5.83691	13.4099	11.3918	5.00097	1.28543	2.14589	4.48537	10.9606	19.5477	20.2062	16.1514	18.1646	14.0633	19.5882	21.611	14.412	8.51479	3.53051	3.93372	14.1531	19.5478	20.3487	18.0949	16.5067	12.5133	5.52315	21.9525	20.2302	6.16329	10.9467	19.285	19.2842	12.9317	8.73138	14.1838	4.70573	1.85517	1.98901	1.1339	1.40147	4.66374	6.79979	4.2016	4.72049	8.08465	7.12536	3.0529	2.29851	1.8703	2.86261	6.27731	9.01224	15.0855	22.525	19.8087	9.51995	15.9954	16.1835	11.0713	4.13062	0.476959	0.840547	4.89386	13.6871	10.1841	15.0349	4.85344	3.16579	11.2368	19.9816	14.8338	4.60959	7.73351	7.60143	1.982	1.80132	2.23471	2.86662	3.00182	2.19635	1.73294	1.84014	1.74308	1.34609	0.616251	1.66463	3.90298	4.68598	4.22016	5.6261	6.74197	5.90708	3.77422	2.69789	5.39977	6.46087	6.4657	4.91284	2.89358	2.94797	2.66929	5.45065	9.07916	9.90381	6.08408	5.08388	7.83879	4.77844	3.17773	5.88326	9.3787	9.90866	11.7758	14.7501	14.8075	13.5004	14.1369	13.7861	15.1622	17.2286	15.8937	13.3794	14.9852	16.223	12.33	2.60998	4.24691	4.27009	2.44319	1.96504	5.91589	8.43706	8.91806	7.46274	5.80156	3.23879	2.78869	5.05512	4.34911	6.95728	7.30511	7.8585	8.54164	8.77601	9.70126	10.3161	8.10369	4.14622	4.53752	6.441	10.5076	5.26542	10.8678	17.5403	10.3261	9.90454	17.0322	11.6597	8.26836	7.01769	6.94729	12.3226	7.23455	7.13706	5.78206	7.48341	8.42913	8.80439	9.55176	7.88323	9.11178	4.40038	11.4163	14.974	9.6313	4.54539	6.38535
7.7057	8.43951	1.24647	7.25561	7.13789	6.12399	5.31329	4.61363	3.79636	3.18818	4.88885	5.11519	4.32967	3.93368	3.50411	4.14008	4.85591	5.44117	5.39052	5.1616	4.94625	4.03525	4.37908	6.32444	7.66689	6.56394	7.34474	2.87689	2.9299	9.14771	6.92686	5.86347	2.20876	1.91955	1.87312	7.05365	8.20695	9.25773	10.8882	15.6857	9.46272	9.86532	14.5004	8.11127	2.47838	2.5803	4.92056	5.07156	3.72875	5.15024	13.1037	13.3133	10.0593	8.93511	7.4328	13.9725	12.335	6.51552	1.98354	2.97039	7.40946	11.0816	13.24	7.66333	8.25039	6.44709	4.7482	4.34207	2.96812	1.42415	0.340624	0.152325	1.6291	8.37344	12.9579	17.7216	18.7281	9.8811	7.41011	9.92213	13.988	6.84157	0.891781	1.10426	0.887371	3.07417	7.86767	13.4522	18.5476	17.6814	16.1975	12.1474	10.1698	3.75061	5.55716	13.6139	19.1566	22.6215	24.1455	21.9156	18.7278	13.823	8.6977	6.04135	22.4726	18.8756	1.40409	18.0369	21.9626	18.2612	14.5868	11.7688	8.84408	10.2519	5.86307	1.81774	5.50459	7.76338	6.65739	8.36812	13.0105	13.8845	11.7467	11.9731	13.9311	6.49873	3.44277	2.89296	9.36749	12.0723	13.0912	20.7775	21.8879	10.3439	8.14301	9.81099	16.7699	16.1665	3.15851	2.82483	3.75331	8.40047	10.6653	8.5222	14.7983	3.78961	4.19636	11.8219	16.9086	13.2851	7.48976	9.47129	5.85599	0.732713	2.97548	4.15984	5.70038	4.86639	3.54063	2.50339	5.29807	7.78275	8.05839	7.07982	5.67445	3.89485	2.9309	1.97663	1.64374	1.50489	1.64506	2.35991	1.78766	1.05742	1.77592	2.08035	2.30019	1.81771	3.09493	5.45531	4.86764	3.54216	5.96976	7.89695	9.22677	10.7504	9.6815	6.87695	5.46262	1.05548	1.49001	5.57289	4.63539	4.2184	6.50062	6.12791	7.03067	9.97181	11.8721	13.1849	14.3546	14.3357	11.8123	14.953	12.4519	11.5243	12.096	13.0527	12.0297	10.4886	10.029	9.96501	8.48966	5.00298	2.5433	4.53348	8.39857	9.24265	11.0726	11.3689	10.808	10.6758	9.49795	7.23336	2.41175	10.1912	9.30221	4.87293	4.13107	10.1074	4.77776	12.2462	18.7574	8.38805	11.3773	16.939	11.576	7.52933	7.92845	8.61282	9.35267	5.44238	6.23316	6.82299	8.96779	7.49172	7.24897	11.2616	9.61657	7.66587	0.883184	16.826	13.984	1.54121	2.71083	7.11008
9.70102	3.51682	6.90883	8.04885	4.77362	4.67698	6.06946	6.7701	6.72318	5.22795	3.84968	3.50481	1.77552	1.9573	3.54781	4.51578	5.69177	6.82363	6.97122	7.00266	5.77288	4.2813	6.54611	9.55004	7.69113	3.32153	3.30028	6.21359	6.78062	8.33367	9.25102	8.15161	4.71447	2.16512	8.82184	11.7435	11.0293	12.3043	13.9544	13.8857	5.24094	15.248	9.32906	4.08279	5.55038	9.63694	10.2407	8.5857	5.50836	8.61702	16.0787	13.1302	8.01841	6.77585	10.463	19.7442	12.5973	3.88925	1.85223	10.7582	13.2977	8.33062	3.2698	7.59987	10.9567	4.04894	1.38253	0.370571	0.472872	0.366784	0.129232	0.0430773	2.21303	13.3817	17.449	17.2172	14.8878	7.81425	5.02643	8.37602	8.73093	1.1002	1.70233	1.21978	0.859883	2.26288	4.62938	6.98384	11.8376	13.0851	8.28615	3.7466	13.7234	24.1058	27.9168	27.1624	24.5655	19.6576	12.4077	10.4443	9.51122	8.37531	5.10363	18.9241	20.1861	1.93966	17.2203	20.8523	13.3717	3.90251	3.86347	6.99646	8.23038	6.69537	2.84282	9.75813	16.9504	14.6061	9.70696	18.7272	22.7285	17.913	8.17667	8.09112	14.9257	12.2315	5.56089	2.91429	18.2454	19.0228	17.5169	19.2352	12.482	4.81964	8.39912	7.05448	20.1859	18.1676	3.85016	6.51882	5.71038	8.79249	1.43267	10.1647	5.85066	5.73374	5.87935	7.37589	13.9285	18.5053	15.067	8.51521	1.72472	3.126	4.87788	7.19887	9.05599	6.91169	5.89342	2.89373	9.55327	11.73	12.708	12.4965	12.1768	9.85647	7.36875	6.0104	7.5183	8.90133	8.64614	8.40756	7.68302	4.30698	1.18937	0.701234	0.406395	1.1557	3.13129	6.24471	8.0412	9.73655	10.7746	10.5713	11.1694	13.4882	12.9967	11.6791	10.9179	9.63331	10.6205	14.0627	16.5023	13.428	8.50625	6.94858	9.73213	8.07835	7.84345	8.49538	11.4034	10.526	8.16406	11.6463	12.1745	13.6202	15.5562	15.1606	13.9439	12.4139	9.47388	6.10413	6.1619	5.58114	4.8619	3.87597	6.98905	9.21127	9.92141	11.9631	11.1116	7.10768	3.09281	3.68782	7.30801	11.0654	8.0021	4.12407	4.93829	8.27915	2.0885	15.4085	17.7659	6.65033	12.6454	16.6976	9.12745	6.65061	10.4241	12.1903	7.87147	8.41704	2.98802	9.07745	8.78852	10.0281	10.4847	12.7219	9.19648	3.45919	6.95706	14.8512	10.1914	6.91462	4.34248	9.68344
4.53839	6.09307	9.31043	6.43605	4.44869	5.17788	6.75387	8.7077	10.3916	9.42189	5.66163	4.54065	3.98912	4.31544	5.36841	6.35956	8.47493	8.80747	7.70053	6.23694	5.37765	6.24179	8.16581	6.45188	2.38761	4.75116	3.19063	4.80528	7.56389	8.76257	8.19175	11.362	8.32129	8.17939	12.0728	10.4703	7.17907	5.25048	7.44277	6.81898	9.89716	13.9835	11.8056	12.2288	10.3333	8.5458	2.64054	4.3838	8.75002	17.4218	18.0597	10.4238	2.62758	2.3401	3.46865	17.6817	19.3185	10.4861	6.88292	14.8715	6.64814	7.28359	7.8202	10.3282	7.00405	2.50617	1.22592	0.272385	0.584986	1.53121	1.83076	1.15554	1.63457	14.1536	20.2418	12.1638	7.02285	3.38292	2.56004	6.79931	4.04953	1.292	1.44399	2.32055	2.77196	1.93334	1.84236	1.96844	2.46403	2.52527	8.11352	19.4394	27.4141	27.2793	21.3205	10.0979	1.61132	3.51375	2.88058	6.31997	10.7231	18.6439	25.0928	20.3594	0.203149	15.2425	18.8473	14.5	4.8986	0.75118	5.11383	10.6216	14.6501	16.8568	17.7059	24.1931	23.8101	23.2846	20.5456	25.7622	20.5595	19.8583	20.1138	20.1317	21.0907	22.2036	19.8229	21.665	26.5981	22.0713	17.9071	15.0928	9.10172	7.83223	10.7398	12.1676	22.2391	12.92	11.0237	6.1395	1.6793	8.85788	6.04791	12.3507	8.99971	5.24483	4.21809	8.59285	16.8724	23.3942	15.5324	1.56873	3.04566	5.62396	7.07088	8.42605	8.48346	6.40616	9.41581	3.69499	10.2513	7.61757	7.21907	9.85272	10.8163	9.21163	6.26646	4.88539	7.93084	9.18541	10.2105	9.89287	10.149	9.27374	4.60371	3.16648	3.69898	3.18981	1.08883	2.23887	3.5326	3.41301	3.10468	3.50692	4.34686	5.44083	6.74487	10.2276	11.3845	10.5452	10.6313	11.5602	12.9418	13.349	9.27734	9.14512	12.935	7.86631	9.73178	9.28858	4.23906	2.75232	2.37043	7.42816	7.04484	6.21625	5.53921	2.40332	2.6361	3.61028	2.5718	9.15879	10.6385	6.3397	5.15777	5.73118	5.91722	6.25776	5.7503	4.72801	6.37181	8.12381	9.57897	9.03115	7.01316	9.94712	8.19705	5.7575	4.61903	4.59687	5.41654	16.8994	15.205	3.67005	15.301	15.4068	4.93781	8.60448	9.9551	6.86708	7.67646	8.02017	5.93487	10.0842	8.69793	10.9253	12.5104	10.6377	2.89115	9.03716	10.9233	8.90368	5.07589	5.67664	6.87286	9.49458
3.87543	10.0312	6.30452	5.43295	5.15065	6.6875	9.07502	10.5864	9.57955	10.1595	7.35362	7.983	8.1422	7.62104	7.55322	7.74239	6.26869	2.43385	0.521167	2.75121	5.47844	6.91596	3.97072	2.03038	5.77688	4.90491	4.04191	5.23883	6.64809	7.64806	6.83743	11.5213	13.0045	11.1905	10.5435	6.54438	3.27028	1.49756	6.32322	3.56201	8.88256	9.45744	12.171	12.4284	7.03811	2.34853	7.51023	5.01142	16.368	18.5578	10.687	2.01173	10.8579	13.2398	10.5692	6.12797	14.677	18.2903	15.6091	11.9044	3.98165	11.1607	7.34232	5.36811	2.82813	1.55368	0.933929	0.0962892	2.00068	4.73501	5.43133	5.12226	4.10769	8.07341	22.1486	16.9519	4.8339	4.16965	7.44098	9.66492	3.07362	1.77118	2.20737	2.45338	2.49695	3.57145	5.69181	6.57689	10.352	16.2338	19.059	23.7444	18.7055	3.66908	10.6812	17.875	19.0624	16.8592	12.1774	17.9093	25.7094	24.8146	14.4031	8.13582	22.2422	21.2953	15.4729	8.58262	2.21218	1.43694	16.8002	27.8706	31.3723	31.8108	31.5676	28.8621	21.0494	22.9466	25.2	22.2344	13.4747	13.5231	16.61	17.7101	21.5756	27.5487	31.1809	30.9909	26.4096	17.3381	11.4868	10.1054	7.67635	6.25633	9.03169	18.2729	22.3429	15.0483	13.3984	11.7522	4.334	11.269	8.65497	10.5796	9.18814	3.76983	3.92913	18.4922	25.447	20.0427	7.95924	3.37405	5.8448	7.49855	7.42022	7.88712	9.00479	9.12095	13.4002	10.0972	5.41287	10.6452	7.00484	4.01666	5.81506	8.00461	5.4255	4.76807	7.36535	8.37539	7.98677	7.53372	8.12009	10.9263	8.4253	6.08186	7.26419	8.12269	7.18635	5.22991	5.82895	7.75128	7.63513	4.94975	1.67867	0.718582	1.32172	4.64358	7.24636	6.90908	4.17383	1.2963	5.81851	10.7428	10.2768	12.2812	10.2366	9.57014	14.9568	16.0503	13.52	11.5027	8.85545	7.91373	6.98271	6.603	10.3959	14.0118	13.8235	12.6944	8.64613	5.20459	14.2314	8.89446	5.98286	8.43914	5.87253	3.11529	2.38262	3.69727	8.24555	9.37999	8.43877	8.42599	9.31834	10.3937	8.21909	4.88354	4.85128	3.0258	7.79002	16.4911	15.5391	1.58414	17.3949	12.2979	8.92997	10.8418	5.44156	9.3787	8.91102	3.23195	10.1544	10.6279	11.5718	12.5027	7.73079	2.07424	8.1726	12.9568	8.74633	1.5123	3.31083	3.17057	7.41253	7.22702
8.554	9.74485	3.61321	4.33231	4.38956	7.66147	9.3729	6.42788	2.13892	6.12672	5.67654	7.51554	8.36503	7.60515	5.41248	2.51225	2.37019	5.09587	4.34765	4.9491	4.19592	1.32416	4.67358	5.69757	5.586	4.85796	4.04596	4.215	3.27002	5.34648	5.70572	7.51781	8.82456	7.42844	7.97765	5.20066	4.5243	4.88387	6.93055	3.35279	6.96089	6.13778	4.42903	9.26767	9.39236	5.69606	3.82183	17.7629	18.4582	7.34771	4.19949	15.3914	19.4468	17.1151	16.1447	12.129	8.46089	4.43951	1.55682	4.33039	12.9554	11.5673	6.85037	3.5631	0.882524	0.593793	0.830571	0.846333	5.05351	10.1616	9.99457	11.9901	14.2088	11.7731	20.726	19.6844	7.25102	6.87081	6.07031	10.5552	3.83607	2.17467	3.79136	2.1783	2.78003	9.78318	16.7508	20.3024	24.2335	26.7073	23.8715	18.4998	3.84499	13.7641	19.2909	19.9123	15.8241	18.9491	21.4791	21.5999	11.9571	4.62294	15.057	20.1904	13.6597	7.29666	2.26354	7.22714	15.8977	22.307	30.3712	28.9727	18.6625	16.265	15.9107	11.977	4.96788	4.57924	5.69689	2.5513	3.15036	3.89508	1.58399	1.79841	7.4332	13.1453	15.7664	14.7435	11.1632	6.60406	4.02347	3.40196	2.27101	1.19081	4.15668	14.852	25.06	22.1547	18.6743	20.8939	13.3203	14.787	6.95966	12.4173	10.7225	4.66809	18.3586	27.9259	20.7963	7.30221	0.770087	6.34396	7.19031	7.15391	5.97821	6.93773	9.1744	7.57636	8.94929	13.6091	3.82097	5.56659	11.168	12.7011	10.6703	13.356	13.1747	13.0926	10.6768	11.1597	8.72849	10.2917	10.7192	12	10.3115	7.28325	5.73112	6.66687	9.75547	10.8229	13.2944	14.4847	13.1508	11.7718	9.79495	7.91216	5.99304	5.66112	5.26189	4.49423	7.111	9.79327	7.86828	2.42478	9.24161	15.0975	11.9247	12.3503	14.5725	15.9217	12.3694	9.15611	7.58167	12.156	12.0412	10.3607	11.9356	13.6725	15.2633	13.4589	12.6689	2.51542	13.0489	14.4765	9.13647	5.94104	3.35818	8.97114	7.85458	5.82506	6.8638	9.59982	8.63583	8.85052	4.10276	5.0887	4.31423	3.08734	4.40078	5.33866	9.81516	14.2882	16.794	1.75532	17.1544	9.8093	6.98646	2.44839	12.7539	8.60797	3.59152	11.2457	14.09	13.7287	10.6948	2.89541	8.65382	13.1542	11.6454	8.75865	0.430508	4.24294	1.69466	4.17133	5.58397	5.54184
9.40534	8.7538	4.68845	4.8395	4.37499	7.10772	7.11705	3.94529	3.9514	0.518294	3.82951	5.69493	5.42295	3.65384	2.85185	4.97003	6.76205	3.99248	6.75355	4.43965	6.14882	7.47323	6.95543	6.19906	6.15679	5.66075	3.5835	3.13647	3.44002	3.43871	4.23842	4.33173	3.04211	3.26256	6.40916	4.47691	4.66345	6.54557	6.65542	3.55444	4.92949	3.24656	6.06191	11.5913	7.77015	6.9299	17.7319	19.7485	9.91057	3.16693	11.9602	19.2056	15.6875	10.9164	15.215	17.0196	18.6111	18.834	17.8341	16.8877	13.654	7.14205	3.51421	1.01164	2.96915	4.18398	3.68997	0.847015	8.17523	14.9145	14.983	20.3184	22.7007	24.2076	23.5729	18.8758	10.5544	11.6641	12.9497	9.47599	2.42601	3.21596	4.84395	6.32554	9.46276	14.6335	18.6029	20.4061	23.1177	18.6705	9.90562	2.58173	13.6652	19.4243	17.9837	14.2141	8.45242	8.48665	7.63883	1.1184	6.88385	8.70574	10.8398	15.4815	20.4478	21.1593	25.5777	31.0239	32.5093	32.196	27.4609	14.3322	0.924384	4.26882	8.72592	18.7902	27.0953	29.8688	29.7462	29.2188	27.7906	26.3343	22.5839	16.8358	16.1888	17.4306	12.769	5.22416	2.78781	3.00581	2.10279	1.54597	2.2282	2.16539	1.02669	2.56673	10.8512	15.551	20.8149	27.5057	29.6856	27.1276	20.8928	20.7638	18.5287	26.701	29.9698	22.4541	7.97523	2.13664	5.90263	9.32171	6.18599	4.33485	5.67005	5.94612	7.39019	8.40058	8.37557	17.9133	15.3609	8.69632	14.5164	19.9794	10.6718	14.6625	17.3377	17.9072	15.601	13.7569	11.2726	12.023	12.9595	14.7412	14.2825	10.7973	4.86608	3.48789	5.37432	10.6882	14.7732	13.8712	14.2358	15.7734	16.3906	14.9854	13.2342	13.3536	14.9663	16.6074	17.8102	19.3854	21.0891	18.3196	8.06475	6.64014	12.4183	14.7156	14.39	16.1937	16.3194	14.6793	14.9094	14.7755	10.625	9.78238	8.04871	8.80042	7.35246	10.8689	13.7782	11.0537	17.0823	16.7306	11.7182	2.18673	10.893	11.6036	6.6982	6.6005	8.88695	11.0594	5.05187	6.34462	10.6467	11.1149	6.58144	8.38838	11.1882	11.5495	11.6665	14.3256	16.4746	3.55321	15.2525	8.35413	5.59753	12.6586	7.73336	6.08214	13.5712	17.3162	14.073	5.16155	4.85766	13.2032	16.7103	11.9916	5.06576	1.51173	6.55881	3.6178	3.00573	3.37341	5.25794	4.94561
8.41828	9.54237	5.58971	3.51594	1.85585	6.25033	6.74422	3.88577	2.90571	3.15458	2.18412	3.11572	3.31261	5.4825	6.8723	5.26248	5.08499	3.86127	7.96211	5.7848	6.50012	4.16438	2.86145	3.33863	3.46028	3.76917	3.89359	3.89268	4.01956	2.3156	5.94065	7.58342	2.75715	5.82895	5.5405	3.80149	4.17107	4.62609	3.51684	1.87252	5.74151	6.74339	5.97308	6.70369	12.0636	16.3155	18.1723	8.97019	1.4351	7.83276	13.8451	16.7366	11.1498	2.62741	5.17685	7.4573	7.3929	7.4894	8.19356	6.74392	3.56983	1.23297	0.679418	3.6408	8.00326	6.43971	5.83518	1.11566	8.91243	17.6589	13.2925	12.5795	12.6567	15.5331	17.1168	13.3051	8.75461	4.67739	3.59772	1.98873	1.86294	4.1527	5.04867	9.41628	7.58743	8.2461	15.2807	11.4561	8.10649	3.6548	14.207	19.2155	19.8173	18.8463	13.905	7.88076	3.82013	2.86244	4.99691	4.21022	8.56969	15.83	22.7556	25.0279	23.4129	23.3049	27.7573	25.1525	19.2188	12.7873	5.37283	4.57147	12.8567	16.5969	20.7326	28.7309	29.7828	30.0571	30.6605	29.1596	27.1398	25.7492	24.323	19.2758	21.8298	23.8119	22.9927	14.9912	11.8634	10.1009	7.54897	4.20858	2.40491	1.72661	1.44015	1.05078	0.413907	1.97851	8.05882	7.53198	11.0655	13.7605	17.7683	24.3897	24.0732	23.9265	13.2229	2.81484	2.92906	4.63826	6.65204	8.52542	2.88016	2.17908	9.40545	11.7955	12.3214	16.5056	17.5484	21.8619	21.8966	16.7194	9.03149	17.9809	7.88403	2.44369	5.59363	7.99253	8.76994	8.19541	5.8959	4.70203	6.31638	9.98774	12.1468	11.7196	9.44794	3.91246	4.5068	6.78766	7.39007	4.92385	7.57746	10.9384	12.1196	12.3048	11.7859	11.4777	12.406	15.2196	17.5514	17.8934	18.1378	22.1318	18.2345	11.8862	7.35695	1.95319	6.82512	12.986	15.4245	17.9514	19.2811	14.4732	9.63541	7.84876	4.09065	8.83297	5.50962	9.7664	8.51054	11.8039	15.9611	14.1876	8.35714	8.37797	15.4013	7.41201	0.760731	1.48583	5.75895	7.26769	6.91941	10.0025	10.4813	12.5133	8.5027	6.52315	5.16158	5.71389	9.74694	13.6899	13.7745	4.18851	15.4781	11.9459	8.16407	4.88942	7.92482	12.0593	13.0098	11.1328	4.14569	12.3124	12.3128	10.8257	8.41701	0.625469	6.02544	8.45509	4.82072	3.38913	3.6226	4.41979	5.2001	4.19791
8.35571	11.745	4.39341	2.46977	3.24007	6.0757	4.64704	1.05492	1.52086	2.51562	4.32258	5.65509	6.37546	7.92738	6.72268	4.3334	3.90515	3.99656	6.5149	6.20543	5.08461	4.87606	1.45562	3.67499	3.06565	3.05957	2.29277	3.02335	3.08824	3.15897	9.4831	8.33426	3.70022	8.42388	5.23142	3.82767	3.58155	1.71312	2.21825	4.87423	7.36397	5.81993	3.09608	9.88731	13.9331	15.0784	11.134	4.26564	12.0877	15.2089	17.4086	14.8554	8.12798	2.07555	0.994478	2.80241	3.37357	2.60272	0.272126	0.376326	0.350215	2.57871	7.01223	13.4957	13.1437	10.568	7.98375	2.12557	7.50562	15.1169	17.1055	15.2121	8.92931	7.5005	7.77635	6.55933	4.07971	0.473771	1.63036	2.8164	3.53174	3.63453	3.93614	8.86182	8.26415	10.3497	17.2194	20.1729	22.4818	22.1406	23.0049	19.3817	15.5914	12.711	7.63274	4.3637	4.93448	6.52531	9.5824	11.1433	11.4427	10.4059	8.14036	7.11337	11.0482	11.9272	10.1546	2.12538	1.96884	4.06493	12.4887	23.107	28.2736	28.6917	26.9053	23.4488	13.4915	5.16379	4.67654	5.97317	7.67524	9.79215	16.6323	16.9742	17.0748	11.804	18.4647	17.1118	18.159	16.6665	14.902	10.1509	3.4147	2.61927	2.58151	1.51624	2.02258	3.9373	13.3385	18.3218	21.6009	20.6719	22.8427	19.9673	15.7362	20.8514	24.3031	22.4402	18.0647	11.6162	6.53694	8.01342	4.32281	5.62136	13.0896	17.0717	18.4406	20.3745	15.1309	14.0592	19.567	20.6495	12.4099	7.02154	15.5693	11.4264	5.83703	4.87633	2.26727	1.76996	1.84537	2.77266	1.73469	2.17482	7.30692	9.85952	13.0753	13.5581	6.59066	5.05619	7.33414	8.15092	6.31075	3.05579	3.42762	9.54856	12.5822	13.2408	15.7773	18.8388	19.4119	18.4892	15.6782	18.9647	19.8962	20.0836	21.2515	20.595	14.8676	4.74821	5.13476	8.83268	10.7328	13.0381	13.6879	12.9725	11.9211	9.24427	9.33794	7.1847	2.62164	1.02828	10.1218	11.1829	3.20104	14.1844	13.1459	4.35543	7.66938	8.66695	10.8831	11.7121	10.1135	5.71361	7.33882	9.51772	6.60969	3.18137	4.13074	5.31642	11.0837	13.1598	10.7163	7.23904	17.764	10.3695	6.48745	14.6298	18.4731	16.3704	9.83784	3.12649	15.2118	12.3433	2.71684	5.1244	10.9118	11.2074	10.9281	7.21836	3.82381	2.83632	1.29705	1.21109	2.65867	5.29832
8.82079	10.8409	2.92956	2.24276	8.82628	9.17103	5.77586	3.77385	1.96847	0.940704	1.85126	3.12369	5.19648	6.75114	5.6751	4.68745	3.64601	3.87309	4.2743	4.88409	6.19388	6.39315	1.91469	4.33009	3.66662	3.29965	2.21649	1.92717	1.91948	4.5363	11.553	7.36736	6.55361	9.90713	5.25943	4.01963	2.23202	3.49613	6.03139	6.05832	4.20246	3.07304	8.32844	10.1863	9.32767	8.40384	2.42096	13.4243	18.6979	18.2473	16.5391	10.4285	4.0323	0.451699	2.34765	3.54696	2.49185	4.23534	0.428567	0.387759	0.25902	6.32716	12.6955	14.8957	7.25687	12.8001	7.58591	8.39634	12.5637	11.8118	6.11271	14.9807	14.4549	11.6982	6.51768	2.40545	0.625248	1.08586	2.93233	4.10339	3.33094	2.23774	2.47986	4.62686	6.10605	7.98656	12.5001	16.2726	19.341	20.5562	19.0606	14.4849	11.283	7.20615	3.72359	3.17659	3.96699	3.96381	4.15182	4.3628	3.0326	1.0801	0.72141	1.9357	2.8626	1.66711	1.18366	4.16771	9.35154	14.8035	23.8568	29.2302	24.5892	19.7441	16.3964	11.4805	5.61754	1.76075	0.626344	0.882911	1.80884	4.95658	10.4682	14.0035	11.2412	9.97896	12.4263	13.3931	13.3559	13.371	15.7357	13.4243	5.38305	4.96185	4.39627	2.68577	3.94511	5.4998	11.8042	16.2547	12.6853	21.3686	26.262	26.9406	26.8018	27.0023	25.3478	21.9895	20.0669	15.634	10.1479	10.4319	10.3951	14.3422	17.4252	16.5493	13.7859	10.2831	5.85838	5.82434	12.9389	17.1838	19.9363	10.3476	8.31871	12.6532	10.7955	7.22468	5.54642	3.74574	4.36877	4.57062	3.99079	2.64121	2.03893	5.7969	9.22033	13.4445	13.505	8.54304	4.1903	2.21343	3.59436	5.65011	5.0006	4.55778	6.18467	8.34233	15.6366	19.531	18.5307	17.5105	15.3589	16.0112	17.8025	20.4488	22.1528	22.4519	21.7835	16.0506	9.35902	5.15597	1.94038	3.46404	9.38364	13.2136	15.0339	12.3743	13.931	11.3574	10.7645	9.4127	8.64898	13.4738	2.66539	15.1193	10.4063	10.1945	9.13995	7.51829	8.26132	9.79954	8.45843	7.0596	6.63345	7.82498	9.84796	1.49049	5.6257	7.8239	13.3176	14.3521	7.63762	10.2062	16.3922	7.85614	13.1057	15.0412	12.8725	5.97994	7.22137	13.3171	12.0818	1.78475	5.61668	4.71704	5.1831	6.40311	4.58779	1.62763	5.15957	2.93135	1.25404	0.718879	4.5129	6.92389
7.44411	6.38982	5.25062	7.71823	14.386	8.32044	3.20682	0.944672	2.34791	1.87477	0.818882	2.36677	4.79827	5.20483	4.75669	4.90467	4.33989	5.04763	4.63251	3.85351	6.61598	7.9938	5.2088	3.84973	4.0387	3.81129	3.13417	2.21312	1.54344	4.58374	11.7219	8.38204	9.42379	10.885	5.50999	3.36098	0.830903	6.1144	6.05933	1.87312	4.32828	8.1917	9.20506	7.51509	4.26883	0.304133	5.22372	15.2632	19.0695	11.6165	5.68164	1.86535	1.55776	4.96786	4.26579	0.569386	2.4382	3.6525	0.866854	0.516126	1.68194	8.0494	14.3707	8.23409	8.82473	8.89142	10.3901	18.6077	20.2751	19.3685	20.4235	22.7483	19.5557	9.8214	2.06464	0.918679	1.49739	2.70552	3.88752	3.80624	1.42383	0.313121	2.2951	2.30893	1.89111	1.53917	2.71049	5.62639	8.85089	10.8047	10.0216	7.54134	4.71614	1.59815	0.894971	0.814037	1.48853	2.74171	4.11436	4.83201	4.64953	3.13255	1.38486	1.72166	2.06587	2.5154	3.36274	5.61314	15.2108	23.2156	26.9128	21.3853	8.43554	2.83776	1.41456	1.68041	1.36545	1.79567	4.41391	5.48516	4.59838	1.75155	1.65777	3.15074	4.87367	9.1982	11.0848	11.3886	9.57976	6.64461	12.6692	10.5491	12.1159	12.6683	11.4225	7.29494	8.6107	15.3831	14.9925	9.8362	11.4319	11.8501	12.3075	6.84271	11.2043	9.63105	10.3822	8.16957	9.65173	10.6368	15.2234	20.9613	22.8271	24.57	23.2797	17.9197	11.0455	6.72191	2.9411	1.23246	5.5406	10.5753	19.0439	18.9264	12.3161	0.683424	10.3079	12.3747	11.5739	11.8823	11.4045	10.9216	11.8418	11.7049	9.37457	6.56123	3.7247	3.53986	9.44828	12.8042	14.2954	14.2527	12.4094	10.2212	8.38801	5.2594	3.21894	4.44208	11.1227	12.2041	7.71479	6.53627	8.69614	13.7843	16.8687	19.277	18.4916	19.0979	22.4879	20.9917	14.6647	11.3376	15.4359	15.2677	10.5525	5.13984	0.532426	5.7088	12.6503	14.8773	16.0701	18.415	17.7184	13.8584	5.59956	13.013	13.8531	12.6092	9.83782	7.20539	6.10396	4.85164	4.19664	8.84021	9.45311	9.81421	5.67375	9.62068	12.4176	12.307	14.0455	11.8253	3.05693	11.4569	7.81022	12.9386	12.8418	4.53936	6.99621	16.1466	16.7442	13.0903	2.34364	10.3376	7.92373	3.62271	8.37035	8.43819	8.0088	8.5875	8.18289	3.45755	2.15865	5.08539	8.10581	8.15974
7.02925	6.30371	6.38088	16.2775	14.1107	3.74431	4.92104	4.57279	2.94017	0.173351	0.560694	2.75312	3.60314	3.60239	3.67479	4.17992	3.72236	4.45338	4.58834	3.87045	4.72553	6.22176	4.46051	2.01542	4.47188	4.31276	3.7464	2.61767	1.71564	3.45864	10.1706	8.66169	10.4731	9.52611	3.75641	0.614923	3.52289	5.58879	3.89992	4.48807	6.88781	7.2585	5.97573	4.86667	1.70253	4.15666	5.49225	12.4249	18.6371	12.4397	7.41331	7.54926	8.04934	8.39816	5.38487	4.49756	1.3975	1.8724	1.01206	0.799881	5.55114	11.2369	16.1488	5.7646	13.4033	3.77916	17.1837	17.4034	16.196	15.3623	17.5992	18.7322	12.3995	3.27664	0.7454	1.1354	1.93872	2.87791	2.8814	1.93735	0.76199	0.990406	2.58886	3.30307	1.85911	2.81158	4.42224	5.79525	7.10985	7.0433	5.14085	2.94323	0.729775	0.727553	1.42292	4.37165	8.33714	10.9671	12.2314	14.1944	16.2021	16.3026	13.728	8.33962	4.21473	3.71716	6.97409	10.7475	15.0906	18.242	15.7031	9.72308	2.25743	0.846169	0.779052	0.86667	1.32403	5.46629	5.85031	5.10977	3.94972	3.27941	1.20561	0.483189	2.15089	4.58906	5.07275	6.44857	11.2514	13.441	5.69711	10.5546	16.3775	16.1227	16.3044	14.0804	11.4367	18.6742	13.641	10.9312	2.79557	15.1257	16.9344	13.548	10.4248	10.3083	13.5186	12.6469	8.86317	2.63198	15.704	19.7574	20.5366	17.7962	12.3174	9.79041	8.11707	5.02608	2.81269	1.394	1.73943	6.17231	14.229	15.9704	12.7935	11.8609	5.02138	5.28902	8.69916	9.29469	8.7946	7.75551	7.0952	8.12925	9.66856	10.7682	11.0892	6.53734	1.7835	5.2662	8.09094	8.60885	9.44551	10.7391	10.1735	8.59354	8.48028	10.2943	9.07008	6.1449	10.4664	11.736	5.46013	7.00509	9.57577	10.6765	12.0259	14.9626	18.6314	22.2445	12.9689	10.6147	14.4027	17.2799	17.3828	16.0365	11.5436	5.07405	1.72921	2.81944	4.90301	7.60555	8.39447	5.6229	3.11351	6.77995	9.5517	9.67383	8.96973	8.20117	7.75763	6.02991	8.11865	11.2094	8.64667	4.17659	11.8145	13.3915	9.04118	5.95706	8.07477	4.21334	14.9977	14.0254	7.16063	7.99373	3.69474	4.95664	12.1179	11.6368	3.31615	5.28031	9.55529	11.7109	6.85449	11.0865	5.15023	6.03313	3.22374	3.32909	3.60799	3.27034	5.88435	6.61572	8.34784	6.65716
4.51026	4.29926	14.9043	20.0984	7.69152	6.5776	10.0367	2.93256	5.92095	7.47471	7.02468	7.10833	6.99726	5.91324	5.46045	5.42642	1.20539	1.25845	1.6983	4.15338	5.40239	6.08867	3.63751	1.83254	4.73535	4.53796	3.93672	3.04421	3.31249	3.43798	7.62077	7.57162	8.50453	5.25652	5.90224	12.4284	11.5784	5.77266	2.17275	6.51376	6.78197	4.69789	2.94386	2.80405	2.22569	5.63994	5.07469	8.67189	14.8304	18.1611	19.7917	19.3546	13.731	3.40586	6.26251	4.07876	1.54989	2.33794	2.21486	1.42995	10.399	17.6767	18.7051	8.62135	13.7538	10.4834	18.6212	12.1132	9.50892	12.1108	11.2069	5.31679	1.27012	1.5197	1.6074	1.05147	1.39487	1.88933	2.10021	2.27811	2.62737	2.45167	3.35022	5.10184	5.80531	5.79125	4.84196	3.70655	2.22888	0.4411	1.09201	1.82984	2.44823	3.58851	7.89683	16.4397	24.4149	28.3009	28.9508	28.5301	28.5037	29.1799	29.4494	27.006	20.4652	11.2345	7.45726	12.1317	12.2008	9.37326	17.8361	19.9046	17.5448	14.6955	8.96183	4.67567	7.74961	3.82319	3.22064	5.68321	5.48938	4.25136	1.52735	0.709071	1.53694	6.14628	9.67752	11.847	14.4295	10.477	10.0855	15.81	12.5527	12.6468	17.6286	21.4834	3.96509	19.8837	10.0968	11.234	16.7362	16.8255	9.17386	7.48533	15.6245	12.3476	7.99571	9.71511	7.51606	11.1251	17.1301	14.1338	8.24405	3.62385	0.817135	0.961286	0.760018	1.30763	1.91847	1.37102	0.797668	1.60604	7.40137	12.8921	9.93618	7.86779	12.9639	12.653	9.24651	8.98739	9.63991	10.3032	10.0042	7.79456	5.66743	2.55546	6.05277	11.6878	11.9483	7.34934	2.69069	2.30629	2.25857	2.68943	1.50906	3.58382	7.38674	11.6601	13.8383	15.6384	13.5467	7.37167	8.53537	7.68648	3.82944	2.62088	4.62483	7.27714	15.2761	25.595	12.4207	12.6045	12.3546	16.5425	18.7892	19.6424	19.2571	18.7784	18.816	16.5347	12.4505	9.13259	9.64304	8.32593	4.64316	2.21198	0.453497	2.01504	3.89808	5.88679	9.08276	10.8072	11.501	12.0116	13.4832	16.5236	12.0444	3.78465	0.903079	3.70605	7.41823	6.40682	11.116	3.44928	8.86062	6.6353	8.77637	4.77883	9.7486	13.9084	15.2867	14.4812	9.73857	1.19228	10.5787	11.8172	2.41438	6.25433	6.76171	8.12684	7.61077	4.8698	6.41753	6.15455	6.19593	5.01589
1.39929	9.68969	20.2582	13.2497	6.76325	13.1805	5.42514	9.18266	9.62354	5.77553	4.94901	5.65989	6.63651	5.03867	5.39871	7.93809	4.09876	4.07496	4.43745	6.1458	5.71585	3.54318	0.464953	3.49744	4.78798	5.16472	4.92552	3.709	4.25861	4.35492	5.9309	5.80932	5.06411	1.59008	14.4531	11.7911	7.89665	5.77193	7.67579	6.45948	4.82636	3.13948	2.39794	2.66638	2.72896	5.57594	6.58779	7.97884	11.5101	15.1484	15.8075	14.5147	15.9417	12.8784	3.70973	3.51957	8.15026	8.22209	5.82057	5.55608	15.8811	20.6466	14.1564	14.2893	13.7572	14.2665	16.6398	9.73505	9.57602	10.5974	5.91636	0.790864	0.557586	0.507237	1.58848	1.67997	1.26862	1.65289	2.56509	3.11565	3.33495	3.1736	3.29973	3.67802	3.22642	1.56691	0.228471	0.990732	1.26412	1.30825	1.76518	2.20635	2.57971	6.87376	16.775	25.0423	26.9111	24.0657	22.4052	20.5929	18.1682	17.7127	20.7018	25.3563	27.0341	22.9771	11.0672	9.87973	10.3406	6.7354	3.20012	8.17539	12.4409	14.3842	16.2304	8.04584	3.51354	7.46448	6.4985	5.56446	3.95699	2.27926	0.997236	1.01648	3.92277	9.79034	8.98462	6.95474	5.73833	6.11143	15.2054	13.2684	8.7763	7.91919	12.9088	21.8583	9.98005	15.112	20.0546	7.98245	13.5251	17.4091	16.2232	14.697	4.77706	9.97555	11.2895	18.3663	15.6264	5.57217	18.7481	17.8671	7.46722	2.4977	0.451865	0.922868	0.914324	0.995572	1.22322	0.818375	0.674519	0.517616	4.42032	15.2887	10.1273	3.4955	7.95451	10.9458	9.04662	10.3657	12.3123	11.3417	8.15078	6.50841	8.50936	9.07554	7.17209	0.881153	10.6104	10.8636	3.60415	3.85364	6.24919	2.29867	2.32457	7.03417	9.04604	10.1468	10.0108	10.7366	11.1909	7.72993	2.62178	8.49448	6.20929	1.29596	3.20663	4.39985	14.1107	26.6912	19.029	9.39129	12.9519	13.0266	17.3688	18.3758	17.8531	18.9196	18.3517	16.1872	13.8782	11.4284	12.5295	11.378	6.66328	5.38634	5.86507	4.59554	3.27666	1.02463	4.55029	10.3594	13.2132	13.6571	14.0871	12.4713	10.025	5.93416	3.43591	8.47109	10.586	13.8581	15.7126	15.2895	9.09224	4.73465	8.83564	9.07993	3.71469	3.24575	4.6192	4.9041	5.41009	9.04363	11.4298	7.10505	2.43074	9.82464	9.2003	8.8068	9.92241	6.80099	4.24959	6.32908	6.40498	7.8069
0.339784	12.8171	16.6112	12.4955	17.4921	8.92841	8.2273	9.39322	5.58765	5.68025	6.57526	7.62695	4.82411	1.86392	2.84533	7.8565	2.676	4.50669	1.62672	3.54328	6.37119	6.18658	4.13771	4.04609	5.13825	5.87785	4.92401	2.46644	2.41856	3.34895	4.36561	3.95539	0.883321	3.92836	12.983	11.5474	13.59	12.2728	9.77237	5.06709	2.65149	2.43006	2.64071	1.77373	1.78003	3.55318	5.31759	6.2682	5.72307	5.08744	4.42135	6.77557	18.4436	14.0702	9.30894	17.795	18.6775	17.0598	14.0594	17.7411	21.9628	18.5914	9.2701	15.7763	15.2765	15.9973	17.2771	9.60397	8.45768	4.52783	0.936097	1.26891	0.838047	2.15484	2.21996	0.590051	1.35515	1.9292	2.35799	2.47542	2.01077	1.1517	1.85016	3.80076	6.35556	8.17875	7.85694	4.90839	1.86209	0.625767	1.84652	2.34961	3.64392	11.1514	21.6952	22.8921	15.4656	5.95491	0.317275	0.6108	0.899891	0.59859	1.74106	5.78272	14.8613	23.3017	25.1654	18.1104	4.64774	8.97378	5.40011	13.3872	13.7931	5.22638	11.4602	7.39254	7.22874	8.93903	3.03996	1.16843	1.26898	0.84245	0.328717	1.82937	5.54031	7.23635	9.74802	9.74375	8.65863	11.829	13.7504	7.42184	4.74266	7.28909	10.6704	12.5756	18.9167	5.38318	22.3729	14.2309	6.09873	8.30415	6.75367	15.3356	16.1766	10.1471	8.25608	13.0713	24.071	22.1452	14.8911	19.6635	6.6338	1.74341	0.109573	0.78216	1.00714	1.1959	1.14361	0.751756	0.825512	0.578587	3.35097	13.4234	13.3759	6.10495	2.46093	5.36637	3.40543	4.35317	4.47313	3.18936	5.77062	2.4484	5.65481	7.77225	12.1101	11.5123	3.61329	10.9907	6.46155	5.7296	4.77668	3.93332	3.49901	11.3432	7.64866	7.10797	9.6924	9.46271	2.77261	5.53852	7.96044	5.14687	6.25512	3.64721	2.96757	2.25111	7.96073	22.0136	26.6002	9.05649	13.8933	15.9403	3.10392	14.5393	17.8462	12.6289	9.11796	9.69612	10.6964	10.4974	6.81639	10.8927	4.36624	8.08842	11.9792	12.9896	10.893	9.02092	5.60609	2.75522	7.33315	6.61321	8.29329	9.08143	14.0957	15.3043	11.7887	8.37363	7.1455	8.18317	10.6218	5.60988	6.46208	10.1207	10.4663	11.0013	15.1778	15.2261	13.5725	13.3642	13.577	11.0215	4.82944	4.49171	11.2274	12.028	5.18614	2.03887	3.13782	4.39661	3.73809	7.84217	6.4664	7.48507
5.06235	13.1853	10.9513	14.7264	13.5492	11.63	11.5037	9.41452	8.95139	6.10376	8.31904	7.53946	3.81042	1.0795	3.59965	8.58467	3.79567	5.70013	5.27076	5.15731	6.31893	6.603	4.70204	4.90185	5.96518	5.31198	3.33199	0.89741	0.269201	0.788187	1.86812	4.64337	5.09225	2.80697	7.69985	11.0599	11.1888	8.82076	5.65476	2.74982	1.99553	2.32793	1.87845	1.00142	1.3863	1.8054	2.09577	2.56792	2.46921	3.13395	6.69588	12.5587	16.479	6.06219	18.5709	19.2823	11.5262	11.8486	13.4953	19.7888	17.8034	11.924	5.13276	11.9103	14.2339	18.0031	17.2861	10.1779	5.8539	1.23427	1.99774	2.02288	2.84327	4.30722	4.35199	3.80169	1.90173	0.869998	0.442909	2.15365	3.596	4.90824	6.77912	7.12586	6.23383	3.99607	3.02982	5.17015	3.17805	1.31164	2.78287	3.58488	5.52706	12.1406	20.5201	19.6438	8.47636	1.25261	1.85387	1.51658	1.04824	0.73076	0.387325	0.954007	3.91849	10.777	16.8703	19.606	13.8681	8.06123	14.8439	8.3533	3.14111	9.82082	7.70402	15.0071	6.91384	2.40372	2.64467	1.94733	1.00303	0.636236	0.913972	3.32523	3.45005	4.88265	8.25014	8.72983	8.81088	13.1316	10.5333	4.45393	7.80859	10.816	3.1376	8.28895	20.2818	12.016	13.2495	21.552	19.9195	16.1035	11.0817	1.05989	10.3874	11.0019	8.28902	8.55106	10.8645	18.5254	8.01955	16.8547	9.12912	0.869251	2.68203	3.33505	2.68919	1.59657	1.27827	0.999576	1.08117	0.442909	1.63244	7.82815	14.2376	12.7363	6.40194	5.66144	4.93053	3.81279	6.18235	3.18679	6.94993	6.25272	10.7577	10.3513	11.0375	15.2112	11.9317	17.5524	17.9553	14.3404	9.42498	8.79582	12.4551	9.1742	2.44817	4.01195	7.08182	10.2016	5.40032	2.24737	4.82971	6.33179	4.23456	3.65632	2.69047	1.28744	2.13985	10.9905	23.2011	20.4405	2.64186	16.7524	18.0928	5.74343	10.8349	11.046	9.68666	9.96133	10.6482	9.20875	8.31919	10.622	4.23227	9.40792	10.1227	13.0409	12.8512	10.5764	9.14584	5.01869	3.01017	4.71564	6.60908	6.89332	10.0968	12.9557	11.9223	6.61366	5.05914	2.0492	6.99585	8.68267	6.86518	8.78921	11.5582	4.39714	1.36166	6.92517	8.88534	9.12734	8.36762	3.56643	4.62639	8.9743	11.3911	6.86402	3.88425	4.35967	1.5209	3.17904	5.72088	7.1244	4.67338	5.79503
7.10413	13.1222	10.5358	9.78237	6.03686	12.5195	12.3043	12.1675	9.72406	1.83793	7.13137	1.82541	4.5421	2.03175	5.06893	10.2496	6.40232	6.42024	3.98878	1.69914	1.89801	4.07782	3.6841	5.84893	5.30833	2.93656	1.43135	1.69779	2.23804	1.68348	2.34871	3.15076	7.33385	4.96014	2.29736	0.82635	2.76875	3.31918	1.38867	0.869031	1.31293	1.45442	1.56652	2.55881	1.6327	3.33142	4.58242	5.22175	5.09251	4.75309	9.219	14.8481	6.55027	13.4598	19.5136	8.9389	9.97251	3.99984	10.1413	12.4938	8.43366	5.10596	2.24695	6.69562	8.19782	13.5993	12.3471	6.17356	1.74405	1.28144	2.38566	2.94207	4.10043	4.66575	4.20639	5.6818	6.31507	5.18173	3.31106	6.14343	7.17153	7.25198	5.72008	1.36598	3.76884	7.87317	8.74336	6.13442	1.91305	1.12712	3.40982	4.35274	6.39204	10.1122	16.061	20.741	14.0401	7.18921	4.37413	2.6151	1.08352	0.731559	0.423655	1.30639	1.30657	0.484619	2.55532	13.9184	16.3831	4.22639	9.52166	12.6213	11.4111	9.47423	9.06296	16.6774	7.24816	0.434418	2.32235	4.35717	3.31633	0.579973	1.31166	2.99992	2.88295	4.84791	4.38	6.63323	9.12699	8.19252	3.66731	3.70185	8.17189	14.4949	13.5465	12.4115	18.1846	21.8419	8.74173	7.32703	18.5363	24.2882	23.2647	15.8887	7.58901	1.72044	6.05045	6.63054	2.70028	9.69938	11.3856	10.904	11.1515	4.24235	7.12976	6.13181	4.66912	1.7008	1.14318	1.15842	1.38521	0.993182	0.711762	0.998507	5.72572	11.4667	11.4206	8.96728	5.11353	7.24538	9.572	7.42536	9.15732	10.7158	14.9854	10.3308	10.3208	17.632	26.0035	32.4939	31.4052	29.9596	29.2238	26.0923	17.6723	6.74255	0.71694	5.07145	8.44742	9.12904	6.15415	1.94452	2.50701	2.87591	3.11713	2.68866	2.24764	1.55054	1.39199	6.6757	21.1393	19.4358	8.40017	7.3908	14.7359	17.4805	13.2366	6.19859	5.60059	9.38013	8.85456	9.0054	10.3551	10.9568	7.83386	7.44212	11.3974	4.43309	9.49144	11.1864	10.8654	10.8178	4.28869	1.92312	2.59377	0.756716	1.95979	4.07545	6.6964	6.48347	2.17787	1.66257	8.13415	9.92874	4.62436	10.7166	17.4552	18.2668	16.4852	10.1917	4.408	4.91073	4.06585	6.01613	9.27148	8.06213	8.28493	3.02005	7.67923	4.09477	4.13866	7.71242	7.3282	3.73581	5.26885	8.16763
4.61956	9.52279	10.699	8.1128	6.28086	10.4916	10.1592	13.3838	15.6323	9.42357	8.27529	6.33419	4.51949	4.77246	8.613	12.0446	2.54477	6.52598	5.36489	3.77758	3.23672	3.30824	1.33494	4.32414	2.53591	0.309753	1.31466	1.95984	1.92809	2.23432	4.04011	1.76057	4.93938	6.14031	4.90571	2.97225	2.54548	3.66641	2.00475	1.69133	1.52872	0.430072	2.20138	2.97443	2.00147	4.45988	4.207	1.41736	2.45859	4.7453	9.59836	15.4819	13.2336	18.9415	14.5168	7.64534	14.9251	8.82505	14.617	9.28667	6.08831	3.86802	4.07795	6.25666	9.30712	11.1507	7.60851	2.70487	0.173155	1.71776	1.99466	3.06581	4.19968	3.88749	3.00526	4.38638	6.1144	7.36129	3.63758	3.91487	3.16468	2.81622	4.37588	5.85782	5.7881	4.21968	2.60232	0.859289	0.578281	2.02038	3.36746	4.28151	6.78482	7.95235	10.1411	16.6665	15.9545	11.1172	8.48469	4.67051	2.07207	1.59025	0.826204	1.23373	1.09496	0.598273	7.10989	9.38041	11.8106	17.6596	11.6267	11.0177	11.6992	15.613	14.4641	12.7701	7.95235	1.70315	3.89037	2.69944	2.4238	1.87785	0.300677	2.58206	3.53747	3.77314	4.6423	6.50543	6.61896	3.86244	0.989976	2.2752	4.50294	8.61169	10.4631	10.1512	14.099	20.2083	18.0152	12.4923	4.78453	8.18511	21.0769	19.5288	12.3536	6.19009	2.98382	3.04689	2.85843	3.88989	11.6054	3.2773	10.1341	8.19448	1.78414	5.27727	4.78737	1.70482	1.01862	0.927416	1.22702	1.11606	1.35414	1.55129	1.64227	5.53941	10.9085	12.3271	8.14977	8.58198	11.9889	10.3348	11.0506	14.614	15.4361	11.2317	14.3571	20.3431	26.1766	28.1841	23.185	20.9454	22.2875	23.313	23.184	22.4117	17.0911	6.2722	6.90212	8.69265	7.26455	6.43954	2.88417	2.93377	3.35282	3.18995	2.52076	1.84839	1.64656	7.03981	22.0871	12.4011	15.6948	16.9246	9.87239	7.58904	1.67223	1.7113	4.26779	8.22587	11.2373	13.7843	12.8638	12.9505	11.8182	4.62346	12.5266	7.18174	2.48407	7.71686	12.5027	15.9745	14.3309	10.488	8.09634	6.18308	2.42104	1.33977	3.421	7.02806	2.4829	2.21009	7.81534	8.95338	9.1316	11.4787	14.6195	14.5307	15.1157	14.4206	12.4923	10.2836	4.85762	4.01597	6.10472	7.04484	8.50051	5.50792	9.53229	8.57239	6.15671	9.98273	6.66706	4.82109	6.44265	9.41637
1.96282	3.61274	6.1629	6.505	7.12951	10.3071	11.1664	14.0052	18.2601	15.7311	10.7651	11.8469	4.95096	9.86086	14.5894	9.46812	9.23733	10.1993	4.80761	1.58331	2.82138	2.56729	3.81407	5.78988	1.91152	2.2068	1.80214	1.594	1.19253	2.45771	4.60297	2.78135	2.27004	4.40098	4.80637	5.31795	5.00317	4.07893	1.01847	0.352167	0.876097	0.288897	2.10509	3.17616	2.32774	3.57822	4.20128	5.84259	7.51488	8.80439	11.9527	17.5679	18.1814	16.4114	10.026	8.20726	14.8935	15.1897	13.5785	7.87155	5.30832	3.73121	4.00805	5.87926	8.11297	6.85822	3.11238	0.498054	2.02556	3.43486	2.82115	1.29262	3.37353	5.62926	5.86446	3.47541	1.22958	4.53034	3.76715	2.59013	4.6479	4.96941	4.8685	4.10335	2.32362	0.44683	0.288096	0.258569	0.65303	2.12522	3.26055	4.17398	6.76317	6.85726	6.39369	10.4564	11.7259	11.4013	11.4031	6.86426	2.68294	1.91707	1.34763	0.850757	0.76882	5.09234	8.51492	3.29135	13.0412	16.2239	13.5338	9.009	13.4916	17.0218	15.5804	7.87523	5.68566	3.80686	2.77856	4.10924	2.61875	1.31243	2.02079	2.78938	3.54284	2.96177	2.78352	3.39944	2.75403	1.18397	0.171784	0.292067	0.517127	1.77874	3.24821	3.16703	8.13237	13.9871	16.9235	18.3082	21.3262	17.7752	5.32376	19.2643	18.552	13.4188	8.90399	4.05559	1.94649	0.791823	8.36675	5.80072	2.13961	3.18648	8.19074	6.11423	2.66289	1.3979	1.04345	0.721444	0.753945	1.17692	2.0991	2.4067	3.09178	3.6201	8.43025	11.4476	13.056	8.30301	12.2381	7.05265	9.46104	14.252	12.4685	11.4055	16.2376	18.8646	20.1562	18.6616	12.4617	10.6272	13.4012	16.346	18.5693	18.7719	16.1564	13.7257	10.8765	18.3296	16.6117	12.3561	8.41918	3.74789	2.42886	3.03643	3.08988	2.60925	2.05755	6.59981	22.3401	7.19007	15.5186	15.3677	17.9965	15.5672	13.0478	8.84926	8.68459	10.2149	14.8703	20.417	19.5551	17.7418	14.8526	4.84253	13.33	7.39971	4.77767	5.48901	6.97774	12.477	15.234	13.3929	12.8435	11.6203	7.77686	3.30391	0.842071	5.21327	3.69493	2.86135	6.01179	8.80903	9.58154	7.54911	7.21149	10.8035	11.8825	9.23924	9.40452	9.41535	4.79988	2.42353	6.07709	9.07288	9.10964	6.74763	9.7482	13.4664	14.236	13.0946	8.34659	9.67153	5.74737	8.02103
1.245	1.25497	1.94161	2.98649	3.8206	5.40857	7.28633	10.0127	13.7795	14.3997	13.4996	16.5299	11.8357	15.804	13.1332	2.81403	10.2116	10.3882	17.5728	17.6649	17.9154	17.2213	15.2481	10.3282	4.73618	4.31565	2.10882	1.60736	1.5954	2.57897	5.2539	4.1539	2.01125	3.01022	0.926832	3.77542	5.39981	3.56437	2.11353	1.58442	1.71713	0.502571	1.89982	3.01273	1.94455	4.1805	6.06644	5.84986	4.97142	5.11761	6.56862	8.40801	9.71666	9.08865	5.76258	4.87054	7.2483	7.57658	7.63113	5.68296	3.49801	1.72183	0.606057	3.87131	5.0475	1.69067	0.446717	1.12365	3.75402	3.82928	2.92942	3.15291	1.94103	1.74056	5.51152	7.37361	6.83179	5.67921	3.19659	0.611004	1.43827	0.975766	1.14319	1.22825	0.472792	0.602641	0.926101	0.905723	1.11622	2.38238	3.54288	4.5516	6.54742	6.2483	5.31922	7.94935	9.37142	11.7456	13.6733	8.56902	2.19521	0.68831	1.0446	0.279926	2.00417	5.30518	3.09038	8.65895	7.0446	4.26291	13.2551	0.777594	14.796	7.53776	1.26722	6.15586	4.41085	3.87178	2.21281	0.932011	2.23603	3.03584	2.33881	1.89464	1.30163	1.04128	0.493773	0.319161	0.150282	0.367481	0.519263	0.416855	0.493773	0.531104	0.720034	0.468885	3.50203	8.52777	12.1567	14.164	18.8044	25.1755	19.2826	6.33075	22.03	21.812	17.6052	10.1964	10.3171	9.63411	0.502552	8.30934	9.6967	10.0917	5.87329	0.34417	0.8228	1.55069	1.58666	1.73898	2.43545	3.11323	3.8695	4.28667	5.15382	5.88928	8.19611	9.13996	12.0014	9.95147	12.5373	5.72514	7.02723	10.32	8.35616	10.611	14.3516	17.1043	18.0751	15.9006	11.2252	11.2464	12.7203	11.6207	13.3656	11.5246	15.9413	17.5331	10.4836	8.56628	15.8712	16.8199	11.7564	6.93091	2.84456	1.44067	2.24566	2.51655	2.05135	6.15029	19.8222	10.4618	14.6243	6.3489	7.4613	2.6306	5.47813	4.94382	6.04536	7.4852	8.56358	11.7236	16.4687	17.1814	16.4221	3.88523	13.4464	8.55801	6.87702	6.22159	5.02996	7.24886	12.8065	11.0118	7.98891	9.35065	10.937	13.0579	8.64555	0.97074	3.02771	2.70638	3.43266	3.67526	2.13441	0.625883	1.7303	7.35962	11.4111	10.3234	8.81261	6.0293	7.44308	10.2581	10.6177	11.0901	9.21938	5.34576	5.07892	9.42697	12.2359	9.84689	8.73649	12.7687	12.7977	9.46644
0.678731	0.770608	0.807975	0.672279	0.346103	0.0643944	0.890379	2.94444	5.90853	8.3511	12.0138	17.8024	18.8983	17.1546	9.04154	8.44174	12.7166	19.4006	18.3075	14.9116	15.4498	17.5756	16.4282	13.3002	12.9974	11.3328	5.77728	0.203628	2.06515	4.02896	6.655	2.50972	4.05569	1.76008	2.58907	2.79453	1.39614	2.19962	3.59033	2.05723	1.46463	0.737605	1.67871	3.09864	3.29598	3.29793	2.60826	1.91116	3.1594	2.71493	3.07495	3.04567	4.03342	4.68106	3.09473	2.06875	2.05446	2.49921	4.24362	3.47793	2.92886	3.33022	3.10944	5.77469	4.49805	0.95982	1.75409	3.5986	4.96753	4.07955	2.99628	2.88744	2.9316	2.32274	1.14476	1.86037	3.00808	1.62713	0.583897	0.952637	0.916879	0.47997	0.648926	1.22087	1.50421	0.944632	0.407268	0.625772	1.45119	2.66008	4.01204	4.73972	5.8953	5.75192	5.55284	7.51591	8.05352	10.845	14.3825	9.61063	2.19719	0.434095	0.721169	0.849069	3.44578	2.35123	4.77737	5.94973	4.06446	1.06557	9.80985	11.198	5.58801	9.89009	11.7277	4.8397	2.86637	3.04319	1.45076	1.7737	1.31767	1.0628	1.58643	1.16802	0.497856	0.670889	0.558482	0.333225	0.109448	0.519577	0.0479981	0.258467	0.482339	0.339391	1.05578	0.794411	0.825968	2.62951	6.1049	6.9439	7.19102	14.1087	25.1892	19.6639	1.99315	15.8277	23.1623	22.0181	21.2114	18.9813	12.2902	3.4374	2.98042	2.28629	4.05249	5.86893	4.13631	2.76971	2.79815	3.22356	4.18577	4.68109	5.28944	5.76575	6.52622	7.42026	8.37036	8.57052	9.86475	11.3283	15.7008	11.7004	9.64966	10.6015	9.86713	12.5797	14.403	17.3592	21.0167	21.1551	19.6629	17.7224	12.6185	12.7382	15.4086	13.5342	15.4458	18.2929	19.1268	14.1727	7.86439	19.5688	14.3051	11.322	8.83838	4.28165	2.10389	2.01761	2.36959	5.76593	15.6182	12.329	9.40366	6.72671	2.93206	2.51812	2.80219	4.88678	3.94278	8.10262	3.53708	14.9651	18.8451	14.4604	13.1857	4.48734	13.7217	10.3817	6.64249	7.24732	8.36893	7.79617	10.8689	11.7806	11.0358	7.62101	14.1982	17.8751	18.8059	8.29751	5.62999	7.47511	8.11275	6.39779	6.25829	6.74726	5.84978	5.97395	11.5116	10.0302	11.1406	14.5987	15.0549	16.0718	15.8509	12.8822	9.10121	5.31589	4.4837	4.98907	1.62427	2.91225	3.59633	0.88934	5.11228	7.27174
2.06854	1.45937	1.63118	1.94656	1.66109	2.18756	2.72657	2.90967	3.51482	1.7316	3.47093	9.34932	11.8185	10.4756	8.70158	11.206	12.1518	7.7271	1.98861	0.837185	0.475051	1.88128	3.40353	6.38445	11.5768	16.2857	15.9704	8.32878	8.26418	5.74133	2.47754	2.56836	2.0171	1.56025	1.69905	2.14963	2.52215	1.18797	1.65884	2.93448	2.44558	1.56025	1.38475	1.78585	1.83654	1.15557	1.20181	1.83915	3.50415	1.90004	2.2994	3.0202	4.27079	4.68707	4.27277	4.88209	5.31751	6.12666	5.66062	3.70904	3.30893	4.57439	6.3492	5.76273	1.87871	2.35442	3.83374	4.60853	5.11991	4.64539	3.92496	3.71799	4.01543	3.81569	2.58021	1.72707	1.1011	1.08949	0.596631	0.150225	0.764127	0.156234	0.109427	0.549662	1.26762	1.18096	1.02218	1.57695	2.21311	3.04437	4.37128	4.5225	4.98464	5.43187	6.493	8.08232	8.75196	13.1175	15.1863	8.05079	1.21416	0.791405	1.80415	3.20419	4.44357	1.82696	4.73233	3.56152	2.7335	0.789028	2.82185	8.70012	10.2741	5.63683	4.42945	9.85966	7.25724	2.95744	0.893303	1.3847	1.3668	0.849714	0.56452	0.312475	0.171685	0.579818	0.665597	0.566545	0.197863	0.497761	0.516844	0.369229	0.46076	0.163443	0.880579	0.921712	1.05994	0.404903	1.54513	1.62638	0.775502	2.66095	13.4328	20.1567	17.7985	3.71959	16.7472	9.83884	8.43835	18.1466	21.8354	18.3729	12.432	10.7992	9.04205	5.38734	7.76187	4.56825	4.11789	4.5914	5.52563	5.68565	6.38684	7.16137	7.56755	8.42398	7.81103	8.67424	10.6005	11.1478	16.5061	14.9202	14.1911	15.7625	15.6198	14.3767	14.8192	15.4869	19.9002	15.5531	13.6922	10.9262	8.32109	13.6958	15.7018	13.5537	12.1453	13.5456	18.2786	19.2398	2.58064	14.8303	15.8146	12.9247	12.8638	9.55389	3.5489	1.01673	1.24843	4.50232	12.5122	6.65844	6.74033	3.78609	6.60202	7.1914	5.04063	5.64176	5.351	9.85077	2.25474	19.0977	17.312	11.0932	5.78804	8.82749	13.3156	14.0537	11.3439	8.43847	5.20676	3.90348	5.93091	8.58005	12.4098	5.75384	13.5197	10.3049	19.6229	14.7939	19.3273	20.2439	15.2653	9.82541	9.61417	7.94526	7.27469	9.94867	6.11505	7.25288	14.0782	15.324	15.5542	14.7249	13.4663	11.7579	9.24629	7.23663	5.69935	2.78488	2.61254	6.15732	7.56137	8.6817	8.54159	6.2128
5.01754	4.4313	4.18992	4.19114	7.68745	14.9457	16.5817	16.9025	20.0896	18.9865	12.7399	4.62658	1.14193	2.3036	2.44499	1.42618	2.26366	3.63856	3.25215	2.62832	2.36887	1.83244	1.34354	0.684586	0.875183	6.15075	14.2076	11.8662	6.17155	3.33482	1.70954	2.13483	2.00663	1.7422	3.26875	3.33545	2.08704	1.27943	0.527763	0.850108	0.73891	0.690942	1.19925	0.258372	0.386213	0.926275	1.1379	2.62851	3.80581	3.44166	4.78494	5.99696	5.67951	4.05412	3.03682	4.08258	4.87206	5.03363	4.03199	2.69396	2.35164	2.46197	1.98836	0.594973	3.24955	5.24151	6.17196	5.67634	5.69708	6.40544	7.20613	7.75481	7.26154	6.18526	4.33433	2.19013	0.950296	0.541508	1.07267	0.685588	0.837851	0.502749	0.719333	0.850128	1.11581	1.27065	1.28329	1.82322	2.68012	3.60403	4.69058	4.63242	5.88267	8.31012	12.8358	14.7279	13.4266	14.8357	12.2186	3.95124	0.63396	1.23783	4.03082	6.62792	5.23301	4.61424	6.21912	3.20062	1.17602	0.442316	0.940317	0.151719	3.58995	8.31653	8.15533	2.49663	5.32181	5.32413	5.74139	5.95059	4.35871	2.30104	1.34111	0.644048	0.434469	0.557868	0.819795	1.00008	0.335171	0.328224	0.29183	0.427521	0.685588	0.777466	0.668237	0.472507	0.934687	1.18482	1.35088	2.49272	3.37878	5.13436	11.309	12.2627	11.3208	16.5808	14.0394	12.2756	9.54188	2.17757	10.6246	17.5193	13.8127	5.6141	4.14723	8.84138	9.6849	5.88471	5.28633	5.51054	6.48615	6.7148	7.91744	8.68616	8.44679	9.30423	8.76663	10.2216	11.5994	12.0186	18.1045	16.5075	18.5089	16.556	13.445	14.7686	15.5508	13.0253	18.6125	12.7966	6.60094	9.49241	7.07151	10.2777	14.2269	12.087	10.6557	11.8382	16.6214	17.3179	9.51681	4.60527	12.7345	10.4204	10.9231	12.5622	7.76957	2.26831	0.881974	3.11692	10.1193	6.87762	6.26324	7.31905	9.17593	6.43448	6.15502	5.70165	5.94761	8.28247	8.41862	22.436	12.2935	7.57627	9.12467	10.4701	10.9238	15.7975	9.01858	7.63934	5.49686	3.97034	4.99232	9.04735	10.3085	4.41179	11.4498	4.37847	14.4094	7.17289	18.0859	14.7265	15.0508	11.0737	11.2383	6.97299	1.95602	5.02025	4.94533	9.72469	7.19667	6.9751	7.04434	5.92035	4.83773	4.63068	4.19599	2.27416	2.53467	3.32876	1.56726	6.71549	8.12513	2.48977	9.45849	13.312
4.17682	3.78008	3.94227	3.71165	10.234	18.2769	18.4269	21.6517	22.732	23.869	24.9587	21.6008	14.3999	10.1843	8.23279	9.52417	9.64103	8.33073	6.62632	5.27941	3.8286	2.33974	2.09446	2.31379	1.75611	1.17168	6.04437	7.47596	8.27437	5.5553	6.24382	2.54787	5.81636	5.11396	2.55986	1.36212	1.95139	2.38836	0.353795	0.846137	0.211287	0.558162	1.74763	0.498972	0.901956	1.56216	3.6652	5.49254	6.32456	5.64724	5.23766	4.59655	3.10972	1.29853	0.716919	0.381935	0.696081	0.895797	0.702687	1.69952	2.07337	3.09487	5.25868	7.12071	7.63634	5.98805	4.85923	5.9046	7.54659	8.50361	7.89428	8.04928	8.68938	8.21056	6.83969	4.72823	2.33237	0.760223	1.93294	1.26625	1.06694	1.21887	1.58262	1.40404	1.34992	1.3506	1.26716	1.60909	2.58978	3.75322	4.70857	4.63039	9.14687	14.8742	17.5788	14.853	12.0909	11.6142	6.88664	1.54554	5.03433	9.76864	12.393	9.96333	5.41172	8.4132	5.92702	2.03878	0.214518	0.498972	0.987654	1.03763	0.828593	0.23984	3.28672	6.15843	5.76665	2.68438	0.856445	1.91801	3.9054	3.78243	3.42103	2.79983	1.74575	1.17173	1.07336	1.26623	1.11974	0.666399	0.673586	0.211287	0.0884522	0.265355	0.0884522	0.441737	0.971942	1.3869	2.45774	4.19254	4.35926	6.19952	13.5503	7.68614	9.14959	19.5503	16.754	5.0624	3.91965	9.64687	13.9551	8.77285	11.5701	12.6075	9.68333	8.70344	7.6631	5.9655	5.64711	5.52019	6.72677	7.1111	8.78633	9.7758	9.72205	10.5657	9.86849	10.7413	11.9511	14.2245	18.2313	12.5028	14.788	15.7849	15.3779	19.0771	20.0819	18.1995	16.9894	9.45938	5.30328	8.04153	6.66745	9.83163	13.3299	12.7033	12.6612	13.6987	14.9657	12.1087	8.05814	5.04376	9.13477	10.6763	8.09088	12.1277	12.8183	7.55019	2.79499	1.06865	6.11217	6.54983	5.45168	5.81027	5.56612	4.60518	6.01651	6.60456	6.32572	2.34139	17.2924	18.6484	6.48296	12.0735	9.37601	6.51661	6.52811	16.2522	6.68825	7.02003	9.29327	8.00261	8.14376	9.59182	7.3566	9.94663	7.66047	5.21127	10.7654	8.31865	12.3959	3.98355	10.7352	11.8497	6.96169	8.94121	6.13367	9.03468	10.5039	6.6207	0.353805	3.01487	3.8539	3.24334	3.19154	3.79654	4.11865	5.56219	9.26268	11.729	12.2496	6.28712	6.40907	9.04127	13.6697	17.8127
3.25672	2.53595	5.20087	4.67012	7.60894	19.5611	11.8808	14.3494	10.8442	11.1059	15.9001	20.0561	18.1606	13.9259	11.1138	12.0936	10.1908	9.41615	8.83504	7.7888	5.49946	2.77282	3.04879	2.88164	2.29535	0.406941	2.02905	4.11374	8.95616	9.01918	4.50661	8.74629	6.18076	2.86419	2.59491	1.97667	2.25254	3.13531	1.32641	1.16718	1.34969	1.5654	2.69383	3.2803	4.72831	6.15622	7.41613	6.99755	5.28636	2.80334	0.825381	1.56067	2.35961	1.48585	1.31931	1.18284	1.7588	2.6949	4.23209	6.85237	8.04671	8.10498	7.99567	7.74219	6.28298	3.5269	1.44166	6.04989	7.81655	6.71498	4.86195	4.6907	6.7893	9.4995	10.0013	8.01909	4.35144	1.00823	2.08129	1.00797	1.05526	1.1549	1.08722	0.944652	1.23736	1.49633	1.27525	1.54451	2.73806	4.08914	4.59443	4.10765	9.15014	12.8794	11.7235	11.0028	8.52708	5.79392	1.80967	5.4225	12.422	14.5671	11.7851	6.25124	11.3131	10.0247	4.56404	0.709064	0.775083	0.942215	1.03743	0.990247	0.652294	0.593194	0.984185	1.49342	2.24293	2.85159	3.74776	3.67335	2.05564	1.20948	1.41936	1.78736	1.18632	1.18902	1.18126	0.97176	0.983982	0.815267	0.671742	0.386066	0.214483	0.183259	0.579487	0.800761	0.671767	0.758295	2.39285	3.9897	4.25277	6.23833	8.9354	8.89983	16.9488	8.51488	19.1165	8.18482	10.2869	11.0624	12.4535	13.0883	12.5218	15.689	5.68122	5.62443	5.44193	5.24644	6.24339	6.07437	6.93669	7.48743	9.48091	10.4654	10.4139	11.6755	11.5429	12.816	14.356	17.5677	19.4674	13.8017	13.4863	18.8719	21.6813	20.9693	18.7987	19.6465	21.4769	17.0942	13.6354	12.3058	10.6733	9.4484	13.2997	14.0458	14.6417	15.7566	12.8733	6.84214	4.31493	6.23959	1.78425	10.1854	8.97828	9.11956	13.7608	14.4185	9.82738	3.52415	0.827848	3.64219	4.81053	5.47041	4.66678	4.59888	5.47899	6.2693	4.42333	7.99814	21.8479	4.70788	11.6513	10.8162	9.3114	8.3727	4.55327	16.2006	9.46869	9.06838	11.6869	11.5568	10.1146	7.0804	10.4157	12.6327	7.70597	6.99834	11.4622	12.3053	4.94718	2.19344	1.51405	4.59289	8.74654	10.7323	8.96381	4.13915	4.24781	5.46467	10.2205	14.2242	14.1284	10.027	8.02385	11.6114	12.6296	9.18108	10.5163	12.4091	13.0764	13.0766	13.8448	16.912	18.0181	13.164
4.11826	5.83074	8.99508	7.89734	3.2433	19.7536	18.593	6.11041	5.00157	5.68717	8.44488	10.4296	8.35798	5.61668	7.83896	7.94126	5.38687	6.17384	6.38908	7.6191	4.42681	5.1534	6.01916	4.95876	3.81322	1.79675	0.561218	1.92839	3.3057	4.05463	7.4156	11.085	7.84472	1.52761	3.49604	2.93783	2.8229	3.6825	2.87688	1.54604	1.85555	2.2531	3.86712	6.65469	7.5812	6.80847	5.2336	2.57923	0.172894	2.44919	4.56727	5.70367	4.79765	3.07688	2.35025	3.67172	4.83609	5.59216	6.49121	7.20838	5.94898	5.09051	4.46077	4.32517	3.98073	5.32573	5.24925	3.85911	9.37579	6.4959	2.57729	3.65552	4.76692	8.93784	13.105	11.8748	5.18655	1.48182	1.66856	1.39505	0.542498	0.773143	0.493675	0.516437	1.14369	1.70231	1.53426	1.89239	3.1346	3.89677	4.31074	3.83652	6.26728	10.4385	13.955	17.9013	16.7845	14.5672	15.5591	16.674	14.0065	3.91695	4.91444	12.8154	14.4213	6.17473	2.29823	1.11434	1.35224	0.912277	1.03122	1.0561	0.994689	0.979776	1.19146	0.889533	0.803746	0.500616	0.637579	0.452372	0.557548	1.23432	1.54734	1.34323	0.327322	0.74435	1.0105	0.549635	0.562854	0.737824	0.588815	0.556719	0.585702	0.577006	0.772249	0.77195	0.698151	0.588828	1.88344	3.77859	3.52641	4.50332	3.18443	10.4752	8.35041	2.47394	9.86336	16.4377	13.4391	8.90789	24.6015	7.26376	11.1979	12.8506	5.9006	5.99118	5.41436	6.36294	8.49521	8.11657	7.4269	7.78467	11.1084	11.5359	10.7001	11.2729	11.8895	14.8474	17.8106	19.4099	18.7906	20.0638	21.8263	16.7885	12.4721	11.897	10.2912	13.0295	10.4869	7.10133	14.5368	16.2681	11.9876	9.8668	14.3761	13.9203	14.1804	14.214	7.0239	3.06923	1.81695	2.10636	4.15713	3.88029	10.1794	10.4816	12.6052	16.3186	17.8121	14.3566	8.70704	3.0872	1.40165	2.63155	2.05168	2.92058	4.44158	6.15661	4.74315	15.6972	18.4073	10.0069	9.24055	9.54563	5.11402	6.36426	6.31049	16.0441	12.6542	9.9698	11.626	13.6303	11.8891	10.7647	18.2222	19.5983	21.2499	20.5844	16.6441	7.54716	4.98616	0.463915	4.58032	7.72831	14.3653	17.8022	17.1813	11.7015	7.15932	11.6093	18.4996	13.9386	9.78409	8.63958	10.2365	16.5876	16.9681	14.4535	7.90245	10.3072	3.2272	5.21789	10.3549	10.709	11.0935	3.49205
2.07033	9.72742	9.8672	7.65598	5.48848	14.336	22.8263	9.80748	1.99813	8.03551	11.3632	9.50285	3.48806	9.10701	8.9047	4.86968	3.85839	3.69621	6.99297	8.327	4.5268	8.77216	7.51468	7.32737	7.15483	5.32666	1.86676	1.09139	1.21945	2.46971	5.77537	10.6425	13.6819	6.28541	3.08719	3.34918	3.90888	6.7292	6.85808	5.42757	4.13176	3.8394	5.36128	5.58092	3.62985	1.80172	0.488918	1.18078	3.40499	6.16199	6.97205	6.05869	5.28981	5.43773	3.61454	5.73256	5.27371	5.51326	4.86175	3.4744	2.81161	2.8131	3.51483	4.6955	6.03354	7.88091	9.0845	6.38823	4.6758	9.12482	7.68834	5.57483	4.62805	2.37607	11.9838	13.9005	4.69796	1.97912	0.943509	1.84988	0.782439	0.85353	0.940383	1.31623	1.42997	1.30221	1.55877	1.87693	2.58003	3.09772	3.96847	3.75626	4.03319	4.44621	5.44421	10.5356	14.7895	16.7851	16.5142	12.7386	4.5261	11.4359	11.3278	9.72054	10.2153	2.92223	1.07274	1.63757	1.59133	0.530803	0.626143	0.755245	1.16668	1.06455	1.07209	1.05829	0.895283	0.498689	0.681368	0.867131	0.836091	0.644612	1.22266	1.19471	0.278721	0.553274	1.16194	0.828371	0.476036	0.388291	0.910093	1.35596	1.41546	1.14909	0.868218	0.924097	1.62186	2.59294	1.9486	3.13153	3.29917	4.47998	5.47163	8.91398	2.94507	4.06252	0.920631	11.4748	25.7619	10.8701	26.6041	19.7877	6.28015	4.65225	5.57513	3.69838	4.88288	7.50204	9.13996	8.21397	8.48585	9.26589	12.0922	12.2527	11.4141	11.1931	12.3367	15.922	20.3123	26.43	30.9904	35.3859	36.4097	28.2836	7.65151	5.48795	4.27167	10.5891	7.02044	19.655	17.752	14.2232	10.9421	10.3765	14.2655	14.2706	13.0086	11.2971	6.03726	3.19321	2.32292	0.757991	3.57093	4.07008	4.12166	7.45791	8.36845	12.8735	18.0873	19.901	16.7306	11.5837	6.81419	4.84717	4.51431	4.08429	2.94223	3.48894	6.0213	19.3757	13.8892	9.59708	4.18468	7.44698	2.78914	4.87221	3.40935	13.3949	13.6385	9.61095	12.0824	14.0705	16.4017	12.3896	20.0737	16.4487	19.933	19.2695	17.5139	11.6791	4.56523	9.84638	15.3517	14.7837	13.0709	14.4816	16.53	12.4515	9.01667	13.1705	11.711	6.40559	8.40389	10.0893	15.3795	17.3716	13.7334	16.7499	9.78912	5.72293	1.61084	3.57774	8.55752	15.1046	15.42	13.7077
3.56364	10.6116	2.67074	6.81532	5.8037	6.3488	21.2261	16.3543	6.48307	10.3433	10.9563	2.29251	12.0577	12.3058	9.34026	8.74746	8.46096	5.20289	9.70051	4.69546	10.7679	8.00794	6.64773	6.61588	7.92295	8.86633	6.67007	2.13688	0.109305	1.28903	2.48406	6.33311	14.9668	10.9496	1.84091	3.41333	7.09322	10.8321	6.63698	4.20193	4.50287	4.52956	3.75162	1.13938	1.24977	2.94795	5.53346	6.89027	7.65415	8.83009	7.16274	5.51377	5.09965	6.96535	3.81061	6.9678	4.72234	4.70856	3.53699	1.64683	2.96485	3.03871	3.8157	5.89261	6.86744	5.99537	6.48311	8.48401	4.40266	3.80813	8.41283	9.93071	11.5055	10.6794	13.203	12.3595	3.5272	1.85341	1.05116	1.92622	1.3463	0.786125	0.600575	0.740346	1.04388	0.848793	1.14165	1.21566	1.54314	3.12062	5.07864	7.20761	11.1964	13.219	12.4274	10.7555	7.53127	3.4092	3.68461	8.92166	11.1108	8.84507	2.18806	5.23961	11.4564	11.1734	7.85112	4.43763	2.14748	2.19732	3.68764	4.51118	4.21196	2.76083	1.65236	1.2734	1.47303	1.03442	0.725336	1.05111	0.935755	0.460256	0.92542	1.64007	1.00465	0.757817	1.29889	0.702125	0.172825	0.860875	1.16178	0.910668	0.660322	0.346301	0.386439	0.585454	2.21208	4.36509	5.89113	3.62331	1.68541	5.35273	6.25596	7.4161	3.78178	7.00607	7.78252	9.29167	25.1515	18.8113	24.3669	23.9776	7.53583	4.23004	5.49218	6.23326	6.61685	9.14557	10.2856	9.59845	10.6143	11.8155	12.5628	12.3728	11.3243	13.2365	19.868	27.2093	32.1242	34.2585	30.9029	23.4229	15.6593	27.1012	16.6768	1.70792	6.65343	12.8062	13.7904	17.8704	11.1239	11.1415	12.1867	11.2499	13.9578	14.5147	11.5441	7.8002	5.17489	4.44	2.12073	0.691268	1.37463	5.34225	4.04815	7.99271	5.4005	0.994577	4.53807	11.7543	16.8476	19.157	18.1533	16.4316	14.4881	12.9079	11.0875	8.0898	11.4843	17.922	10.5803	4.61975	8.19219	4.08777	1.77296	4.22553	5.12089	10.6696	16.5523	8.41516	4.47951	6.08141	12.3366	11.2362	14.6528	15.5533	4.95595	13.7545	18.7089	11.0826	5.25327	15.0339	13.2364	7.74305	8.23605	13.2304	18.9935	17.8244	22.0111	19.4021	13.7593	14.5502	19.908	21.0406	20.2184	17.2008	12.321	16.0608	15.8671	8.17906	4.18806	5.12477	7.713	4.94421	12.654	18.7406
7.7601	8.26034	1.42284	6.10348	6.35651	2.3792	13.4995	19.3044	4.11878	9.06819	7.5527	8.10252	10.8495	4.75513	6.2973	10.6699	10.9724	10.6562	9.72559	7.8463	13.2576	8.22443	7.09322	5.53614	5.45746	7.4397	9.47634	7.48141	3.40475	0.772693	1.3349	5.21695	13.8868	12.455	1.92594	4.11339	10.8447	10.0175	1.53136	2.38237	1.83432	2.40868	5.16103	6.88173	7.3639	9.5064	11.1643	9.3135	6.71717	7.5663	4.84871	3.98682	3.32346	7.30698	2.43928	7.32607	2.98833	3.19013	2.95511	2.41626	2.67599	3.6707	4.609	6.02202	5.06726	2.74301	2.66968	5.92663	8.37821	4.48672	0.845328	3.25654	7.40669	9.95895	9.87245	7.00308	2.50306	1.82426	1.24584	1.57872	1.70771	0.636129	0.137228	0.778905	1.3134	0.346234	0.214319	0.821374	1.66364	7.82008	13.3661	15.1965	18.2108	19.0497	18.8775	18.1099	17.3946	14.9898	7.82007	11.6933	7.93095	4.59517	2.464	2.55769	2.66609	7.42872	6.08102	4.76618	2.57242	1.5502	0.951641	0.565787	2.66592	1.91066	1.68229	1.32128	1.25189	1.33891	1.31974	1.43739	1.10708	0.386367	0.214319	1.17389	1.42938	1.24229	1.345	0.880996	0.77271	0.539625	0.356705	1.14301	1.21221	0.511234	0.548895	0.427015	3.5394	6.25913	3.9135	5.44159	5.00972	4.03206	3.35878	4.5812	2.50965	5.05772	6.86022	0.87552	21.4505	17.1541	17.5038	24.518	15.1292	10.9536	11.8856	10.0815	8.46583	11.4547	12.9411	14.6096	15.2572	14.6085	18.3334	20.5907	18.901	20.5701	28.9071	31.9809	24.2966	8.55163	10.1484	21.2499	26.7886	25.1435	13.5987	7.16025	11.3262	14.9288	13.3623	13.7974	11.3698	11.7358	12.4957	12.6303	14.4039	13.8584	10.2097	6.27016	3.76569	4.43944	1.82194	0.986734	2.37455	5.20212	3.41191	7.51726	6.31288	8.413	6.4073	1.35694	6.34692	12.2987	14.8445	12.6784	10.7769	11.3482	12.6751	10.9432	12.4649	11.9872	5.04928	5.02014	6.67852	1.84305	2.49516	5.45448	9.29925	13.024	9.43034	10.5521	7.79558	0.716233	11.1553	13.5337	6.35636	11.5228	9.7731	12.7085	12.8428	8.76196	6.63401	13.5165	7.56293	4.84423	6.52221	9.97846	17.9449	19.8272	25.051	28.9164	30.1286	28.4881	27.3952	25.1897	21.8593	18.2662	14.0958	15.5571	16.6977	17.6203	9.55317	6.84959	16.5202	19.3082	6.81767	11.733
10.4071	8.8877	6.48033	6.97392	7.20316	11.6424	7.15173	17.158	9.47844	11.2082	5.19789	12.3736	5.87175	3.99206	8.15218	6.56327	10.8121	14.3356	6.9021	13.1469	12.2757	10.1266	9.3827	7.58578	6.27391	6.0027	8.25705	10.4735	7.80461	4.02651	1.13132	4.4697	10.9714	12.5726	10.5187	10.5521	11.4573	4.23855	4.3465	4.50609	5.80161	8.44673	10.5424	10.3858	9.70543	10.0533	7.95948	5.42173	2.25658	5.85187	2.10294	1.96378	3.26025	7.69747	2.5349	7.85735	2.82653	2.89861	3.33612	4.30199	5.81831	5.69145	4.30361	3.88986	3.54237	1.85403	1.63276	3.293	7.3261	7.24351	5.58657	4.06527	1.5801	1.12481	2.8523	2.45481	2.45067	1.98461	1.034	1.08615	1.87775	0.900184	1.43684	1.01589	1.19862	1.0674	1.68692	1.82998	2.65732	16.1713	22.5	19.7113	13.8572	7.02226	3.14118	4.72912	4.66878	14.2219	7.23743	15.2964	7.29663	9.40494	9.69404	9.91693	10.5925	8.40182	1.60043	4.71383	5.31124	2.69217	3.66205	4.79187	4.3138	2.46286	1.13899	1.11841	0.609447	0.274403	0.667322	1.52956	1.18998	0.409378	0.021428	0.772531	1.01336	1.4796	1.66623	0.94494	0.303044	0.348822	0.693989	0.4116	0.973909	1.90149	2.3229	2.99734	5.08684	5.20763	1.5715	6.04596	5.09052	2.3826	3.05472	3.64413	1.94267	3.42498	3.66374	10.155	8.82108	16.7088	10.8927	24.8752	20.8986	8.10486	5.05253	8.44662	11.4576	16.5154	17.7938	16.9879	13.902	14.8824	23.6014	27.8635	28.4019	27.5614	26.6134	10.3782	16.2232	27.4995	27.082	23.3106	20.4814	18.2571	13.4454	11.0677	10.8331	7.45293	9.11939	13.6685	14.2928	13.6489	13.3062	13.7349	12.4533	9.58318	6.35078	4.02361	2.91664	3.67281	1.28621	2.56721	3.93891	6.62473	3.03305	11.2829	4.03876	4.34877	5.26004	5.35105	3.9297	4.59011	4.05616	6.38203	7.24894	5.67389	5.17058	2.96538	6.99088	10.1142	9.4467	8.23134	9.72776	10.5881	13.4999	15.9475	16.5714	14.0318	9.71271	6.56503	9.37536	7.81751	11.1968	15.8621	16.5002	13.4094	7.63873	9.04636	13.5453	16.0415	12.8504	16.2601	10.7628	8.39315	9.07447	8.9296	13.6876	16.3855	16.6244	18.7088	23.6681	25.2116	24.954	23.5722	20.0927	16.9217	14.7651	15.8272	11.0441	14.2102	19.6222	12.1482	17.0082	23.121	21.6651	14.7986
11.5435	7.8237	4.87847	5.14065	9.42037	13.1685	13.5597	11.7921	12.1043	12.3201	1.15932	13.8644	3.13172	3.4952	8.22499	3.87336	13.9017	18.325	2.52626	16.9323	7.85074	7.16093	8.69199	8.78034	7.74685	5.89276	5.82801	9.45826	9.38367	7.93168	3.93251	2.94053	7.27852	8.40672	10.0058	11.8351	7.36557	4.20906	5.80029	4.34474	3.99494	6.53726	6.55105	5.61141	5.55398	5.32624	3.05785	5.26979	2.06795	5.69461	2.74691	2.30007	3.87235	7.59558	3.32967	7.18182	4.77874	4.45554	4.70762	3.97815	5.15497	6.1104	4.95311	0.977012	3.89333	4.36546	1.99801	2.07727	5.06276	5.86836	5.79062	5.26991	3.74171	3.21318	2.87296	2.3166	2.5278	2.3898	0.942807	0.793787	1.67273	1.43619	1.72863	1.7734	2.02088	3.61982	5.43133	5.28564	2.67611	17.9369	20.6958	5.28795	4.46977	14.6247	20.4617	19.6061	17.2087	22.2119	15.3266	20.4615	18.0081	5.11552	2.16709	2.60671	3.95168	3.84777	10.7971	10.9721	10.9448	6.38338	2.22196	1.19895	0.578804	0.16733	0.4504	1.12739	0.63044	0.869936	1.27808	1.63295	1.02508	0.0772427	0.130317	0.685846	0.474218	0.915892	1.69628	0.996718	0.264993	0.537304	1.34148	2.61599	3.90827	4.82498	5.3489	6.43098	6.33675	2.16739	2.21248	2.89411	3.30786	3.40257	5.86893	1.82357	1.02823	4.11531	9.15585	9.0762	5.61147	11.3388	13.0018	19.5491	21.796	9.00108	9.30059	9.46349	10.3482	14.9588	14.1674	8.92479	5.74122	12.1041	20.7574	18.5868	14.2481	15.6721	9.38352	11.8061	25.6101	21.0244	15.704	12.192	11.5197	11.7302	8.90186	7.24201	8.09484	4.08134	8.37792	13.1742	12.6896	11.8824	11.5927	10.7792	7.66882	5.0456	6.31022	7.19284	6.50644	4.98356	2.05107	4.02719	6.75208	5.36075	1.03405	10.869	8.55392	3.51941	4.40794	5.21119	2.8039	5.94118	5.02638	2.62555	10.4329	9.31377	7.05717	7.91579	10.3314	13.5646	11.37	6.39083	10.1551	11.7237	15.9944	20.0839	17.352	14.568	16.6778	17.5091	14.4694	9.81346	7.99385	10.6435	13.4794	14.2597	12.6372	9.13596	10.561	16.4529	14.6896	16.2262	11.4617	11.9885	13.3769	11.6668	13.4396	17.1251	14.2341	13.0933	12.9312	10.4135	11.4581	12.4265	10.6675	8.46895	8.47291	15.3801	7.37052	5.50468	16.7374	8.54709	16.5634	13.2768	17.403	21.1797
13.4282	9.27477	8.92346	7.11025	13.3341	7.87886	15.7034	3.97331	11.3943	8.73089	3.02058	14.1564	5.09753	6.47317	4.91672	4.11216	17.4587	19.2039	6.48587	20.1531	7.15512	6.47024	7.06338	7.98221	7.18147	6.20737	5.68011	8.43772	10.6253	11.3903	9.36193	2.9582	3.582	4.27844	4.73242	4.55188	4.28118	10.778	6.37401	6.93298	2.84844	6.57793	5.27973	4.08488	5.39251	6.01308	4.39648	6.03844	3.41498	7.63528	5.61532	4.37203	4.59236	7.25286	5.40652	4.43582	7.59698	4.58264	4.46143	4.36318	4.00528	5.19484	5.02486	6.21391	1.60612	5.24471	3.8149	2.09918	4.38679	6.32538	6.41004	5.60942	5.30059	5.93346	4.97835	3.45525	3.26811	3.03358	1.60497	1.67046	1.28515	2.03114	0.799701	1.48681	4.44563	10.5593	15.2241	16.8008	15.9936	11.8427	15.7004	19.0268	18.9672	18.9866	18.1469	21.4488	21.4046	19.1807	9.20012	19.678	21.9411	8.06699	2.63979	4.78076	11.9035	18.9998	19.9679	14.45	16.7914	14.5664	12.4966	8.78244	6.07371	4.68456	2.97308	1.52403	0.592401	0.38792	0.183006	1.24162	1.77666	0.948474	0.239476	0.546065	0.346035	0.546097	2.4288	4.46367	4.79883	4.89076	5.53193	6.36104	6.04951	5.47244	5.61498	6.47536	6.16159	5.83203	4.7892	2.85452	2.75532	4.6842	5.94934	4.34931	2.38928	1.23043	7.09989	5.14199	8.36129	3.23009	10.8542	11.2458	22.0785	15.2088	16.2856	16.4479	12.0932	13.9603	13.1823	6.79683	5.35865	11.797	19.3827	20.0652	18.285	14.1568	12.2885	17.7034	21.1187	10.3491	11.2613	12.8395	11.5769	11.1356	9.36198	10.1805	10.8569	8.64843	7.52609	9.36041	8.91256	8.25734	7.83759	7.19657	6.13615	4.0059	2.5317	3.29143	6.42218	7.40296	3.0088	3.36341	4.5405	0.250716	3.78397	10.1664	10.0424	3.33158	4.96251	6.17541	2.19216	6.486	4.43343	5.43477	11.4669	12.1815	4.93577	6.63343	4.69681	5.43252	9.49167	8.36168	13.7702	12.4171	13.3652	13.8928	11.3725	12.4519	15.9845	17.1606	16.0991	13.1838	10.8369	11.7087	13.7631	13.8448	14.6816	11.775	15.657	16.0808	16.0669	13.2209	12.2802	14.2437	12.7377	9.41868	8.87674	10.0489	10.9267	12.7578	10.4203	3.52082	5.36221	6.65544	5.34293	3.04766	5.65842	14.915	10.0834	4.39874	11.8575	2.64281	15.1325	3.05348	8.83217	12.5958
11.0752	10.5624	10.3601	7.74361	13.3635	5.45407	15.6696	3.28415	9.21777	3.21156	2.85557	15.9242	8.22813	7.35126	4.12658	8.30333	15.9325	16.9319	9.41197	21.6441	6.51156	6.00944	5.42752	7.33454	4.92394	5.61012	5.42031	7.01254	9.8212	10.9467	10.9409	6.84816	0.425069	3.13855	3.07124	0.984356	8.44181	13.5885	5.6421	7.93078	3.8342	6.10621	8.10025	4.33041	4.7815	5.46763	4.9479	6.55548	3.93864	9.31542	6.3702	5.13926	4.61719	6.49709	9.16606	1.98585	10.1662	8.10931	2.96885	4.57253	3.18261	5.6609	3.00645	5.15085	4.65118	2.77593	5.99972	4.43366	4.48771	5.82092	7.26382	4.8367	5.1661	6.42005	5.9023	4.04226	3.94187	3.22689	1.56124	1.72691	1.13491	1.60927	1.01547	1.19987	6.49388	14.7672	16.6228	16.9795	20.6941	20.3736	11.0766	1.71379	3.9057	9.87997	1.48295	5.82533	8.62207	7.9648	4.35607	20.73	22.6955	7.04935	2.50083	13.1897	21.7995	21.7214	14.9612	11.9424	16.4421	18.5381	18.4972	15.0036	9.41919	6.2613	4.49482	2.44258	0.928954	0.488799	1.05708	2.08735	2.66091	1.85571	0.624329	0.547223	0.433094	1.22649	5.67856	7.27057	7.14766	6.24704	5.89701	5.57683	4.19712	2.61177	2.91128	4.18571	4.16846	5.57126	6.21475	3.6846	3.18846	3.91321	5.71069	5.43633	3.8542	3.22098	6.23487	7.87279	1.68597	7.87196	10.9345	7.11987	16.6748	14.8442	16.2301	16.7141	13.5608	14.2586	13.3622	9.06618	7.1002	7.55898	15.9618	18.0798	16.9525	15.4243	15.8957	18.684	16.801	10.4729	7.27497	9.89861	9.84754	8.81753	7.07249	7.86143	9.65708	8.67801	6.72635	6.49695	8.72346	8.42798	7.56014	6.30191	7.95068	7.47801	6.37287	2.13655	4.87468	7.92394	5.57188	3.67839	1.97195	4.71375	4.86174	9.18983	9.63269	2.57046	4.87493	5.91392	2.69558	7.42663	6.29971	6.47842	8.69657	12.2685	5.39423	5.10618	1.03432	4.20145	4.75263	13.1008	13.9574	10.563	12.3589	9.48202	6.6058	9.68424	11.8579	12.9679	13.7272	12.5271	10.2786	11.9832	13.093	12.7906	15.4068	10.7311	14.7827	12.5869	16.788	10.4523	14.502	9.84652	8.11862	6.77368	4.64933	6.58488	4.61627	8.3147	8.19283	6.08422	8.19733	5.13197	4.42436	6.14788	7.49849	13.9974	12.7023	3.05722	10.6353	3.82924	13.3054	3.9778	6.22627	9.13338
5.1325	7.6298	8.13863	4.8321	10.7631	4.96137	15.0606	7.45228	6.25024	1.77151	3.25771	17.8358	9.62834	2.63882	7.76778	9.72475	12.9403	15.0466	6.86447	21.488	8.75389	3.26255	4.94801	6.21262	3.98164	5.31829	4.00629	4.4583	7.64833	8.74527	9.74415	10.8347	5.99294	0.163062	1.06292	4.0841	12.1382	14.6951	5.11904	7.27644	5.72906	4.27728	10.1623	3.17618	3.16488	3.48585	4.803	7.28251	3.29809	8.36553	2.89947	3.71042	2.90964	4.91033	11.7661	2.93844	9.90902	11.1613	4.06135	3.63909	2.17943	5.29019	2.52389	2.85696	5.76829	3.50313	6.19775	5.70341	2.51727	2.09757	7.0799	4.4472	2.78508	4.7348	6.21541	4.22592	4.11683	2.9967	0.407379	0.548819	1.12165	1.05425	1.53794	1.52359	6.0135	13.9877	15.2061	7.80449	2.46622	7.2025	16.5496	18.2549	19.3605	22.3414	21.2107	20.3786	21.0473	19.6586	11.2285	16.3825	22.8629	15.8659	19.762	22.9101	20.3069	10.291	5.28563	6.06422	6.69041	5.47612	9.28505	12.6266	11.3263	9.00799	6.71941	5.53316	5.56036	3.92342	4.42939	6.39086	7.07884	6.59683	4.70241	3.32456	4.93627	6.96882	8.382	4.39756	3.94194	2.81458	2.29708	2.79315	2.76806	3.282	4.43824	5.16972	3.54711	4.05505	6.20226	3.88165	3.16243	1.21197	0.919638	4.62941	6.73012	3.33115	3.01426	5.28118	9.25474	9.42238	7.64486	7.05928	12.6565	16.4561	16.5858	16.1763	15.1391	15.4988	14.1617	12.8056	12.4772	8.31454	11.9827	15.2471	14.6597	14.7888	15.3282	15.6621	13.7373	9.47702	6.63051	6.32723	6.2982	7.09047	6.82184	6.99166	7.29061	5.18548	5.54277	7.8971	10.6244	9.70954	8.02555	5.94848	8.66166	6.80809	3.44476	5.02535	3.929	7.73799	6.23551	2.31756	4.88899	5.36557	4.02912	8.78519	9.27326	2.85415	4.86057	5.43012	3.93564	8.3771	8.99199	5.82958	3.99616	10.1062	8.84378	4.45323	3.19111	4.59055	9.80911	12.6882	10.1112	7.84358	11.3709	6.48692	4.46198	8.94853	7.80872	7.05269	7.40558	9.08841	6.56348	8.64259	7.68471	10.418	12.6601	9.26096	11.9975	8.58224	15.7161	6.59965	14.4107	5.3003	6.52522	7.75596	7.42325	11.5455	10.8519	11.5692	8.59894	7.75433	10.6528	3.77508	4.71677	6.68641	7.6671	13.3012	11.7309	4.7586	11.4393	8.46046	13.4775	7.21618	6.91195	5.43439
5.15267	6.31088	7.43008	6.99796	8.86471	6.24493	15.1104	7.90511	7.62089	4.16694	2.46561	17.9397	9.59015	5.39163	10.3395	10.1686	11.7711	13.5915	3.79381	19.267	15.4297	1.51704	5.527	4.98541	7.59819	8.363	6.33912	5.21276	7.57896	6.95291	8.66025	11.8134	9.85217	6.30695	7.67006	11.4748	15.5773	13.5184	5.70828	7.85222	8.38668	1.29422	9.91572	6.34053	3.21802	3.09114	4.63686	8.30931	0.719572	8.2308	5.5079	1.79972	3.36055	5.88973	12.869	4.0639	9.62396	11.9947	5.4726	3.4079	3.07416	5.67309	3.11763	3.33617	5.6988	5.93669	2.42971	6.29733	5.01718	2.62488	6.56588	6.45181	2.28235	3.75899	7.06013	5.28369	4.22484	2.57227	0.764066	1.10065	1.59731	1.38878	1.51819	1.40412	3.31299	10.0557	17.6157	19.5713	18.9818	16.7163	4.38316	12.2798	14.8471	19.4148	23.3779	24.3645	24.9971	25.9742	23.0825	2.38261	21.1837	25.5878	24.8287	19.1939	10.3766	2.69324	2.50905	5.04924	6.68928	5.86598	8.16983	13.1773	17.5531	19.0725	18.3907	16.3391	13.4956	10.0897	11.0761	13.7459	14.9641	16.148	16.6414	15.6217	15.3846	13.9859	8.56714	3.98772	3.83544	4.45888	4.78447	6.0051	7.18731	9.01967	9.08541	5.92837	1.55046	4.94497	6.12863	5.09318	4.40856	2.45755	2.13576	6.58069	6.32148	2.8655	10.4216	14.1045	13.2066	8.99128	7.62874	9.1445	12.2767	19.63	20.0179	20.1681	19.202	18.7152	19.0867	19.7441	18.9808	12.881	12.077	13.1095	13.8499	14.5607	11.5527	12.1086	11.4391	9.92547	10.8139	10.415	9.61898	9.95316	9.36692	8.72681	7.47932	5.40026	5.39984	8.21753	9.65079	8.4281	7.07702	5.70176	6.20802	5.43142	1.90858	2.65299	4.05732	6.74801	4.86324	4.04305	7.09085	4.63872	4.3002	8.93146	9.41571	3.9162	5.46969	6.19358	4.66676	8.53469	10.0109	6.05464	6.06287	5.11618	12.9118	7.19989	7.21664	9.43595	9.20261	13.1326	10.1319	8.33372	9.91004	6.3974	7.91749	10.9323	9.37836	6.44939	6.04539	9.36008	8.1462	8.96584	5.4367	12.4811	7.51229	15.0678	13.558	10.6153	15.3389	9.58179	15.5701	9.06688	10.3133	11.287	10.7553	16.6326	16.0988	14.7613	11.9984	14.0192	14.5685	7.56686	1.16457	4.08332	9.4771	13.4219	6.963	6.44461	11.6963	7.07013	12.6016	8.73348	7.88952	4.10353
4.76211	5.76713	5.59828	4.3028	2.69054	8.15194	14.3609	3.43585	10.2742	6.20116	3.25172	14.4543	11.668	5.09195	8.9477	9.10109	9.67894	11.3563	3.42049	11.5771	20.0551	10.4813	2.24464	7.66492	7.15816	7.7558	7.97892	8.1547	9.06553	7.25211	8.89414	11.9432	13.0002	13.7585	13.2001	14.8225	13.2079	7.911	2.84707	5.93162	9.82991	5.42572	6.91149	10.6583	4.01352	2.26097	3.68238	8.26487	3.76664	5.81102	8.19407	2.8237	2.88391	6.66505	12.8852	2.81013	10.805	11.3272	5.83931	3.01569	2.5389	5.68229	3.43455	3.53545	3.80135	6.86292	3.83149	2.90994	7.28404	6.30137	4.91148	7.23782	2.71021	3.62497	8.14182	6.13615	3.69069	2.00423	1.34071	1.13183	1.10979	1.24143	1.26278	1.10476	0.475219	2.35655	6.84261	11.543	14.6449	21.1465	21.3985	11.8836	4.9577	3.15414	5.78213	7.06314	6.32702	9.52603	21.344	19.178	3.55929	7.80083	5.22547	2.2747	0.642099	0.708848	1.12141	2.95273	5.91318	7.7168	7.86918	8.40868	11.4503	15.4915	18.1658	17.7109	17.0326	16.5595	17.1501	15.2617	13.6874	14.6877	16.5074	17.1167	15.5083	13.2478	12.1898	11.4967	11.4375	11.3162	10.929	9.52079	8.10831	7.30773	5.48325	3.88751	5.07987	5.86915	5.83516	6.23157	4.51778	2.55725	2.74249	4.14226	5.90976	12.5948	14.7566	12.0581	7.37259	4.93167	4.17655	2.61021	3.98038	12.7559	17.5962	21.2008	21.5439	20.3197	18.7471	16.8988	18.5605	15.1815	12.6897	10.313	8.52967	10.2752	9.96406	12.7311	11.2867	8.82748	9.32332	9.8817	10.4801	10.6387	9.2767	8.2548	9.1325	10.2012	9.76833	7.74943	6.08503	5.94338	5.61581	4.22479	2.29144	5.96876	7.85272	5.32651	3.34194	4.69517	4.69279	8.95058	6.04182	3.82851	5.78232	7.61295	8.46873	3.40351	5.31764	6.29363	5.63365	7.96058	7.87912	4.2848	6.41234	2.59246	12.6693	12.0788	8.36253	6.49524	2.62207	12.2236	4.91488	4.16782	6.82941	4.58194	5.98216	9.25846	9.53605	7.85118	7.48188	9.33353	9.34548	9.79681	6.98069	13.7793	7.2756	16.0757	10.1162	15.7172	13.436	14.9596	15.7313	10.5587	10.9321	12.5211	12.1914	14.9996	10.2704	8.78859	8.19308	13.4248	18.3035	12.2029	3.94174	6.5026	10.3096	9.87671	1.88533	6.02177	9.24	6.3	13.9682	8.77813	6.72777	4.19747
2.95544	5.42161	3.80853	2.69167	8.96825	12.9303	8.8959	5.10206	9.63615	4.80816	5.85911	5.56039	11.7419	6.626	6.15546	8.90418	8.30849	12.1336	11.2231	0.570981	16.0871	17.0848	8.47766	5.64107	6.51267	4.66103	7.31097	8.90221	9.10843	6.76857	8.99378	13.3707	13.8028	11.2208	8.92031	12.8549	8.52514	3.85199	2.38258	3.74013	9.21256	7.34244	4.50963	11.9339	6.05478	2.9818	4.31955	8.61819	6.51811	5.12861	9.92586	4.97903	4.2371	8.98861	12.0463	0.950194	12.6917	11.4684	5.33864	3.42941	1.45266	5.16096	1.58513	3.07868	3.94343	6.8278	7.78809	3.57282	8.97641	7.69849	4.19674	6.5247	3.34793	4.86095	8.74307	5.85057	2.88286	2.25078	1.15148	0.507305	0.643383	0.950228	1.94838	2.69151	2.78622	2.35559	1.41047	1.74579	3.5306	11.0853	20.1162	21.1189	14.1895	5.03361	0.748612	0.364403	0.460938	3.78589	16.9291	22.952	9.84522	1.6902	2.2629	1.71198	1.08473	1.15621	1.60468	1.74873	1.82851	1.71144	1.30531	2.03038	2.36614	1.61373	4.07722	7.89014	12.0308	14.3079	12.9092	7.84626	4.49129	3.67003	3.57471	4.49564	5.26578	6.14545	8.51305	9.8103	9.12292	7.68402	6.5636	4.53717	1.78604	0.220314	2.57328	6.21998	7.7642	7.26127	6.59837	6.35332	4.87074	2.66408	3.43265	7.32931	11.9302	11.6084	7.71152	4.35045	1.70098	1.72868	2.41514	5.26912	7.77349	7.67252	4.12721	15.3127	23.8797	24.3408	21.7069	20.2361	17.8113	13.0088	13.8037	13.0408	11.0059	11.3279	12.7562	14.1619	11.1507	8.33159	7.6182	8.36211	8.81142	9.85481	9.65271	8.10693	9.2294	11.2059	12.5265	10.505	6.67282	4.56047	5.63887	3.55267	3.00549	5.06713	6.39442	5.99803	3.41174	4.50282	9.92177	9.68866	6.10258	5.69977	7.88933	6.44832	7.96139	4.77485	5.56935	5.15736	5.43194	8.27743	4.77518	3.86419	1.36458	4.03906	8.60175	15.1401	11.0603	4.3552	7.06286	5.07519	9.6947	9.50351	6.96405	3.61683	4.30788	7.98304	9.52366	5.92187	2.67356	7.91029	12.3731	11.0624	11.9031	12.7131	17.072	15.4667	8.39941	17.9824	15.4591	20.15	15.873	12.5687	12.5378	13.0066	13.8824	11.3869	8.43414	10.1574	9.51039	7.85845	18.7097	19.5057	2.16127	7.91498	12.4684	8.76568	8.00886	4.92041	6.60255	5.50512	13.8383	6.02477	2.46025	8.05872
1.89465	7.7574	7.23888	8.61199	10.2226	4.20751	3.84133	8.92239	7.08112	3.65018	4.55278	1.98294	5.44089	8.85485	4.30778	4.99474	7.61619	10.0778	13.7845	8.31213	9.59602	16.4682	13.692	5.41873	4.85068	5.54375	5.17079	7.27262	7.23268	6.05566	5.41222	6.1602	7.79073	7.33834	6.55608	11.4985	5.07245	4.3005	2.79769	4.60584	8.32492	5.90956	3.7388	11.4308	7.68662	3.19177	3.64375	8.70312	8.44066	3.88489	9.73851	5.40955	4.35669	10.8733	12.7184	3.29674	12.8159	12.8199	2.98223	2.97502	2.98476	5.06889	3.48319	4.96781	4.65504	5.54654	8.05541	5.44812	7.11755	7.4063	2.94838	5.00243	3.60899	6.5	8.60338	5.11205	2.1627	1.70707	1.12084	1.13706	1.16389	0.761841	1.56888	2.03895	1.3998	1.97194	2.16503	1.89425	1.84206	3.18653	8.91194	18.6104	21.0879	13.0482	6.69188	4.43534	7.59397	9.82369	15.4613	21.7709	9.67371	1.11567	1.58987	1.25336	0.498993	0.955991	1.40754	1.27363	1.50841	1.43573	1.37504	2.00859	2.0303	1.2459	1.34376	1.94722	2.70435	3.01429	1.82744	0.846323	1.67883	1.8851	1.47595	1.23281	1.18667	1.73262	2.17044	2.09678	2.90132	1.99	2.10669	2.75551	2.21298	2.4194	4.42187	7.58902	8.91159	7.49855	5.71886	5.0591	2.76385	3.08067	8.12528	6.7542	4.50554	2.42297	2.44912	2.86909	2.25707	2.81062	4.15526	6.36187	8.95567	11.3835	11.9137	7.74732	5.58301	16.676	20.338	22.2066	20.832	18.0281	18.0947	14.437	11.3591	8.54385	7.42075	9.28471	8.32823	8.4156	9.09366	10.0325	8.59641	7.77536	7.5141	7.80073	7.817	8.60495	8.54054	10.7079	10.6288	9.37544	7.53919	2.67722	5.31757	2.17166	7.0352	6.9206	2.2344	8.77222	10.1563	6.57839	5.9859	8.32584	8.27191	6.75425	8.47502	4.68047	6.21233	4.14873	4.99659	6.55982	5.35045	4.38151	4.06372	5.45819	3.03252	14.006	14.6202	8.91377	11.349	14.5812	8.55923	7.16407	10.4983	3.05729	2.05757	5.38571	10.0592	10.7547	9.3103	7.74961	5.80024	7.7294	14.5457	10.7453	14.3552	8.81966	8.64876	14.8963	17.4138	16.8358	15.7081	14.4458	15.4829	17.1131	19.1406	16.2593	10.4759	10.2054	9.16204	5.24451	16.4096	22.0214	9.98155	10.3129	15.0377	8.44657	7.59211	6.53742	7.60709	3.0058	11.0853	6.22907	6.46626	11.6763
5.25477	10.3964	10.4268	7.14227	1.44731	6.03359	7.74077	8.17509	5.47508	4.20645	4.03973	3.04941	3.64064	3.04886	3.9524	5.26885	6.81484	8.19607	11.3435	10.0621	5.51317	13.7547	13.3184	10.2527	2.55989	4.42322	2.87983	5.6572	5.56557	5.42923	3.74423	3.96826	8.79443	5.21484	10.8045	9.68117	3.30275	2.8949	4.78421	7.69915	4.49691	4.70473	1.96684	9.6261	8.5511	5.28423	2.69371	6.13577	8.93263	2.67842	7.95532	7.24059	0.758048	9.17981	12.1456	7.04175	7.11984	14.9635	7.60151	0.749867	2.33861	5.14855	4.89225	4.56925	1.66088	1.24562	5.02566	7.66438	0.737554	8.81196	7.56857	3.40984	3.46347	6.90858	7.89475	5.46142	2.35987	1.11549	1.86044	2.16632	1.70937	1.34063	1.47706	1.31767	1.32122	1.37575	0.952951	1.78316	2.3468	1.65788	3.11621	10.8986	20.3368	22.7948	21.3583	20.5209	23.0179	23.607	22.4556	17.789	5.28148	1.04084	0.818674	1.23771	1.18797	1.45207	1.60275	1.46383	1.78656	1.5705	1.3177	1.6006	1.98118	1.41766	0.895522	1.6006	1.94442	2.18346	1.76653	1.81777	1.89973	2.04113	1.87881	2.0372	2.84022	3.64304	4.24179	4.16557	3.93686	3.13568	3.03454	2.97434	2.07141	2.20481	4.80851	7.51952	8.1345	6.46897	4.22114	1.57032	3.12544	6.08849	6.12154	3.53401	2.66741	2.00005	2.39457	4.06352	4.99448	5.44768	6.13842	7.07559	7.82479	8.07699	9.12614	16.8918	17.6887	8.95965	19.9768	16.6252	14.708	11.381	16.1074	12.1436	8.78181	5.07628	5.13602	5.96212	4.78275	4.65293	4.46378	4.83104	4.55852	5.6236	5.67819	8.45132	11.1407	10.1697	8.43872	9.19219	10.2056	10.0688	6.40814	4.26272	5.83103	1.05868	6.66244	4.39045	7.68976	10.9907	7.13148	5.89442	6.50986	9.36919	9.94495	10.8758	9.37467	4.39618	5.77633	5.98616	6.50314	6.2593	6.25943	9.95695	11.1904	9.82722	6.30242	7.98125	13.9525	16.5329	11.0816	11.8103	17.3724	14.6883	4.82405	5.57807	5.06431	2.93449	5.53441	5.22245	7.65647	10.388	10.9379	6.75039	9.58358	8.03367	9.76388	3.83289	7.7455	13.4477	15.8131	5.80196	10.9	12.2996	13.7613	21.228	23.4808	23.5399	17.4819	7.35774	8.53557	12.7921	18.1076	21.953	19.7256	17.7302	19.5112	12.3344	4.61776	6.21589	9.80503	1.41169	6.90976	6.64232	4.06638	10.3295
8.77336	9.87588	8.05701	1.5013	5.48641	5.9359	6.44611	6.09045	2.19313	5.00825	3.49274	2.60757	3.7755	2.87215	5.35764	4.32395	6.44111	9.92647	8.57316	8.42266	1.25016	11.5633	11.2929	10.4126	6.81419	2.14296	2.25915	3.73252	3.70874	3.76376	1.81931	5.57142	8.29825	5.10823	10.5671	6.53273	3.14633	5.56318	8.53327	4.27252	0.953767	4.621	0.791288	6.8371	6.74475	5.60545	4.72116	2.82728	7.56057	2.95262	5.248	7.83933	1.53961	7.72927	10.5204	7.29984	1.5727	12.0689	11.4791	2.29357	2.25185	3.30901	3.5334	3.26528	4.7241	6.05725	4.18638	6.60937	7.50754	8.38627	10.4873	8.86368	6.08128	4.64562	6.50531	6.73322	2.80333	1.43028	1.99147	1.82987	1.58359	1.80068	2.02771	1.34786	0.478225	1.58422	1.50966	1.53069	1.99835	1.6284	1.44044	2.63149	8.02376	14.6158	18.6239	19.7961	18.2429	14.1967	11.1347	6.20433	0.20177	1.18776	0.772581	0.473405	0.68065	1.36212	1.40814	1.01592	1.20736	1.47645	1.6275	1.7244	1.75289	1.54183	1.42924	1.92465	2.119	1.88681	1.58455	2.07375	2.40168	2.52531	2.63093	2.65993	2.62849	2.89589	3.24764	2.74226	2.67046	2.48325	2.55711	2.71626	1.94694	2.2803	5.96011	7.70599	7.3368	6.28786	3.77618	1.72371	3.87801	3.04944	3.26349	2.28566	2.22815	2.17879	2.64692	3.46645	4.24408	4.76306	5.09818	5.32394	5.29134	6.20424	5.15172	5.89327	14.8715	6.72289	19.5039	18.3141	19.7182	20.8842	22.3466	16.6249	11.885	8.21284	8.70035	9.48719	8.95758	8.00984	7.04442	7.56528	8.45404	8.73593	5.76866	6.17992	8.18295	7.45325	7.04047	5.64182	5.79359	4.69952	7.51789	8.4664	3.90978	3.24124	3.89634	5.21641	7.27554	9.0936	4.67138	6.70852	9.282	10.0347	11.015	10.1442	6.96759	5.79378	4.77222	8.34104	8.17396	6.14697	8.79078	9.84015	9.72266	10.1018	7.76524	5.11017	10.1205	16.4713	15.3944	7.68187	5.45504	9.87798	9.73044	4.24254	4.5086	6.56302	4.1848	4.18484	6.93223	5.55193	5.29401	11.1083	10.1656	4.18796	9.68505	6.29628	7.03319	9.59603	15.5789	20.8005	10.1579	27.2688	20.4291	12.9191	12.883	16.0615	19.5843	10.4337	12.0904	16.1532	20.1589	17.965	15.2209	16.2528	20.1135	17.2142	9.8763	8.24588	10.1457	7.48504	4.16194	3.77082	1.31291	10.237
8.68723	4.59138	5.6611	4.85653	6.00944	6.41987	6.0472	2.52	2.57633	4.41866	2.57469	4.45664	2.8091	1.98886	4.85029	2.95965	6.67006	10.4529	8.84146	7.11859	0.43875	9.91464	11.0244	10.1907	10.5785	9.2907	4.07536	2.85879	4.00838	3.34477	2.76227	5.99489	4.72273	5.1537	6.07208	3.45157	2.58374	8.82134	7.06678	2.32286	2.23998	4.7894	1.8375	7.47648	7.73801	6.98009	6.18634	3.40136	6.75338	3.06678	3.0983	7.69122	4.42313	6.985	10.9861	7.62643	2.03605	9.50013	13.3288	3.9268	1.0318	4.00098	7.79964	9.13327	10.3889	11.1235	12.8662	12.9236	10.3024	5.88376	7.15129	9.9229	10.3562	6.41817	3.15713	7.15413	3.69911	1.48918	0.749582	0.812502	0.795756	0.825367	0.658704	0.651382	1.42922	1.93384	1.11916	1.16258	2.65042	1.61408	1.13071	1.27565	0.540948	2.03769	3.63518	3.54708	2.11607	0.380722	1.51922	1.7494	1.80689	1.21493	1.07523	0.909673	1.42133	2.011	2.00964	1.48885	1.23376	1.39765	1.99594	2.10546	1.75765	1.59756	1.54922	2.22921	2.39354	1.94236	1.74736	1.91814	2.12572	2.32475	2.52887	2.1692	1.68106	2.30812	1.98274	1.11605	1.69735	1.91814	2.09558	2.37255	2.14005	3.28692	7.78871	9.10212	7.39484	5.76763	1.99649	3.53646	3.09654	1.87672	2.76511	1.6543	1.52521	2.30424	3.01565	2.93914	2.89186	3.12688	3.35343	3.54819	3.68723	4.97027	4.51246	5.81867	9.34742	4.1197	19.419	23.2382	20.5843	14.0501	12.2767	11.3254	10.2133	6.65253	2.18331	6.14797	10.7418	10.8823	7.32704	5.34911	7.82082	10.1197	7.83875	5.91504	5.60782	3.94139	5.17485	3.73831	3.14479	6.34759	10.5829	8.8216	2.5793	3.82818	6.22451	7.56479	7.26583	8.27979	6.57748	10.5342	12.5141	12.2739	10.7998	5.98302	6.10376	4.97048	8.56427	11.5844	11.0779	8.80683	9.86902	9.1873	5.80123	10.2366	6.87627	6.27223	9.33328	14.4458	13.3171	8.72455	5.84348	2.26439	10.589	12.7146	7.718	4.9794	5.02303	6.07826	8.85329	6.48085	5.95822	3.58117	7.92035	9.43224	15.8359	14.5812	11.5674	10.3462	4.43249	27.3183	18.5979	29.4851	30.7806	9.36577	3.42639	9.67949	12.0131	4.746	3.68614	5.89576	13.3036	8.84971	4.3664	9.05444	11.6001	14.2383	14.9653	13.607	11.9601	8.36153	6.00566	4.371	4.48159	8.34886
6.4317	4.10597	6.21437	5.96483	6.79373	9.25044	5.44704	3.78588	3.54876	3.72875	4.57982	3.95579	3.70119	1.61451	4.38158	0.825754	7.32577	9.65211	8.59745	5.86044	1.96904	6.62494	10.4787	9.24631	8.95706	9.59104	6.55647	1.89346	3.60817	4.1876	4.58038	3.02116	3.17204	3.8685	2.0728	4.7244	4.53137	10.1233	3.10567	2.18946	2.50887	4.57963	1.3861	6.99514	6.37005	5.0718	4.79076	3.67615	7.15868	2.79672	2.25525	7.44753	6.80968	5.462	11.2482	7.68619	3.03297	6.86326	13.6378	9.16241	8.3193	9.11886	9.0113	9.67449	9.79368	8.49369	9.10063	8.78939	6.13742	4.16451	4.33906	5.23231	5.91644	7.80172	4.03766	3.8575	4.03446	2.91698	0.42756	0.38542	0.812648	0.54422	0.364077	0.540844	1.2754	1.6897	1.64244	2.96661	4.61524	3.55242	1.37352	0.71062	0.854317	1.1898	1.1614	0.818255	1.065	1.30671	1.50004	1.83167	1.45554	1.138	1.37817	1.38165	1.61211	1.8741	1.95887	1.33918	1.12345	1.31244	2.3658	2.14754	1.40571	1.44651	1.36813	2.28258	2.38927	1.71576	1.70936	1.68894	2.12185	2.46517	2.28071	1.80146	2.07461	3.09701	2.69488	1.77343	2.04121	2.6305	2.65125	3.18935	3.28744	3.83137	6.76798	8.40809	6.15474	3.76041	0.737129	3.36187	2.25979	2.32847	2.2997	1.34933	1.43643	1.58874	2.02151	2.2841	2.6023	2.96747	3.06032	3.25622	3.3534	3.6583	2.80874	2.81542	3.90153	2.77783	18.1785	25.8278	17.325	9.22119	9.93825	12.1212	11.563	8.47676	4.87415	2.95264	3.1297	7.46122	6.24886	7.16555	9.7234	11.0975	9.61616	8.55567	7.98682	6.81749	5.47914	2.53252	5.79403	10.1175	10.8108	8.26809	3.06689	3.52345	5.90573	6.93102	7.89708	8.14382	9.01193	10.3536	10.4977	10.5154	8.17442	6.87435	7.38441	6.73054	11.5115	11.8839	11.5724	10.4155	10.7619	9.55754	5.52666	10.9744	5.81092	9.83913	8.31809	10.6436	15.618	10.8084	9.01182	8.49895	10.7556	14.3702	14.5393	11.3706	8.66228	7.99954	13.7236	11.2799	9.36242	7.82455	13.7851	4.36616	7.17767	11.9855	11.3795	15.7452	14.2767	29.9606	17.3398	29.1923	34.1082	8.23802	12.9913	18.6123	16.8995	11.4228	10.578	11.6138	12.1733	9.2827	7.79717	7.94023	3.7723	8.44924	11.5611	11.72	12.4533	4.07758	9.45198	8.02408	7.76582	5.70084
2.77663	6.89702	6.46926	6.11661	9.66452	10.3675	5.46169	6.11636	5.88393	5.42669	4.19828	2.66008	4.48083	4.09316	3.42398	3.46723	7.09941	5.8287	7.80837	6.88222	3.48994	2.89954	9.18446	7.63227	6.86319	9.13508	6.6991	1.60284	3.83036	4.85739	3.86715	3.11427	2.59811	2.00449	1.60397	2.71999	6.1513	6.85367	3.74029	5.41524	5.05716	4.51927	2.07421	4.39947	6.72633	7.47415	6.34211	3.90968	7.51078	2.49922	2.33477	6.76542	6.51411	7.37632	10.5377	6.49994	3.83745	2.72995	9.86391	12.2903	12.0253	9.58056	7.73997	7.75789	6.51096	4.10732	2.82219	2.49432	2.7447	2.93217	2.31696	1.39324	1.5674	4.60405	4.54251	2.47884	2.04894	3.77818	1.3779	1.49288	1.22117	0.516988	1.18554	1.33414	1.28246	1.45333	4.54593	13.4234	20.2431	18.4369	9.59202	1.00885	1.87309	1.44643	1.61916	1.59489	1.75692	1.45526	0.955135	0.927225	1.20332	1.56761	1.87453	2.16676	1.73101	1.35717	1.73092	1.24121	1.44771	1.36842	2.17053	1.86087	1.00656	1.54586	1.45881	2.0379	2.25329	1.52801	1.63702	1.90592	2.44993	2.93839	2.53327	1.83761	2.42324	3.48506	3.11339	3.54079	2.55354	1.72656	2.99226	4.24467	4.06909	2.97771	3.7967	8.1667	7.34042	3.22291	1.34566	3.57311	2.50248	2.25157	1.3672	1.67787	2.53015	2.56938	2.64149	2.95813	3.21268	3.29744	3.07694	2.96111	2.97334	2.99497	1.92358	1.20614	4.16407	7.57087	13.9605	24.9597	15.9855	8.28029	7.07627	5.5662	5.82245	5.97533	5.07507	7.69702	10.9647	12.4017	9.52575	10.133	14.5844	17.8784	17.2998	15.2162	12.0463	8.23105	4.2504	3.57768	10.1128	11.6915	9.8384	7.12113	3.51087	4.68598	5.85994	6.66121	7.94807	9.56754	11.1776	10.2268	9.55868	8.21551	6.09874	6.87213	10.2647	14.1924	13.9291	12.6089	13.0557	14.8415	15.4117	13.5247	10.2773	12.3491	8.18862	15.3705	12.7282	10.037	17.1823	17.5206	21.5941	21.3844	16.8376	25.1899	37.9179	40.6949	33.216	20.8673	19.0004	17.7485	14.7914	7.80586	14.112	13.0918	17.0049	19.8369	14.935	4.24001	12.0703	20.9899	7.8331	22.1147	33.7162	24.4907	20.2647	15.4459	11.8446	13.9981	13.7311	8.80527	4.04785	7.14797	7.9786	8.40729	7.59699	7.21675	10.3573	13.7346	13.6036	10.4946	11.7108	12.8587	12.2166	9.85374
7.38349	4.68992	6.29401	4.675	11.1006	9.15699	5.42642	5.84408	5.66197	4.79637	3.91714	3.81704	5.4574	5.75189	3.90701	6.17853	5.52517	5.32359	8.30939	8.13204	4.15161	2.04646	10.3909	10.197	6.17276	8.61075	6.34302	3.39425	4.24936	4.47608	3.27567	3.18189	1.99397	1.03149	2.81097	3.05677	4.16055	1.58976	5.25127	2.64482	6.00134	3.84287	2.4141	2.39334	4.97999	7.22122	5.52282	5.40247	6.72869	1.51558	1.94018	5.27807	6.19114	8.4351	7.92175	4.4079	2.58827	1.78365	1.43915	4.98943	7.11387	6.24747	5.11204	4.73218	3.83902	2.72922	2.53786	2.99909	3.07224	2.27274	1.35965	1.04355	1.4358	2.09346	2.31162	2.76826	1.81005	2.05155	2.46729	2.41845	2.60655	0.861444	1.19735	0.837801	0.854768	3.14882	9.93904	17.5037	13.6696	14.575	15.7925	1.04265	3.31801	1.47034	0.790959	1.03124	1.08835	1.10397	0.813741	0.658337	1.65892	1.92152	1.75893	1.83781	1.86112	1.41814	1.64936	1.75781	1.42054	1.52122	1.87338	1.66257	1.24222	1.65557	1.55983	1.72203	1.98984	1.66421	1.62707	2.13997	2.89734	3.40892	2.9373	2.16008	2.65846	3.47621	2.5425	2.07642	2.66753	1.56104	2.95518	5.44577	2.94771	1.15647	1.72041	7.26925	6.95657	4.62589	1.2997	4.14713	3.45702	1.35889	1.06801	1.60242	2.01726	2.38936	2.8317	3.28649	3.17963	3.19846	2.99931	2.62197	2.64818	3.0647	2.36304	2.2696	5.02276	4.52572	7.60875	19.5745	16.5047	7.9664	6.86163	6.80132	7.32734	9.09401	9.56248	11.026	13.3757	12.7922	10.9991	13.3096	17.1865	15.8788	10.1094	6.60288	4.43641	2.53004	1.90545	6.8672	13.9141	12.6373	9.26764	7.07055	5.12471	5.91526	6.6973	7.89842	7.2943	9.0142	10.5319	9.85522	9.50683	7.15984	7.88134	6.65104	13.199	15.48	15.1469	15.6294	17.5108	21.0872	19.9728	15.2419	15.5337	14.7666	12.3784	13.799	10.7385	12.0347	14.8834	20.7918	19.5435	11.1726	13.2187	29.2167	37.6252	41.9093	42.0921	35.4215	26.8011	19.0045	16.2652	13.1302	14.6389	13.8045	17.674	20.4252	20.0229	14.6437	12.4554	5.00423	11.6122	2.80254	23.7773	26.7641	12.8555	5.14693	4.37436	3.83598	3.50459	7.43175	5.43953	7.80603	7.29209	6.05254	5.44256	7.14228	10.0219	13.8426	17.3673	15.1739	10.0092	11.7399	12.6254	10.9812
7.72392	4.3567	4.43534	5.80062	12.6297	8.98444	6.98794	6.67214	5.71059	4.47379	4.3693	5.01304	5.63543	6.02564	5.49116	7.15122	5.26682	3.91155	9.70141	9.05914	3.60007	1.27772	8.78358	13.7008	10.7203	9.34963	5.57647	2.17789	3.55767	4.9243	3.73239	2.73695	2.01552	1.65801	3.2226	2.65347	3.45728	1.90148	3.23303	3.11421	5.13652	2.86776	2.48082	1.77644	4.47921	5.17505	6.11408	5.52121	3.18907	1.25737	0.278578	2.86586	4.21394	5.67081	4.03992	1.79848	2.11784	2.37196	2.43195	3.01889	1.37606	1.07163	0.537989	1.13709	1.06068	1.16568	1.20854	1.06907	0.12997	1.29738	1.47571	1.3245	1.45589	1.5899	1.36618	1.04421	0.378	0.635271	2.1587	2.43571	4.15162	3.34071	0.968771	0.311096	0.623998	3.86194	9.22896	13.9282	17.398	18.9401	12.5421	2.03307	2.49928	1.5192	1.04159	0.914432	0.393982	0.509676	0.787926	0.93643	2.01545	1.22354	0.784453	1.08978	1.77305	2.43151	2.15992	1.76203	1.15542	1.32659	1.67488	1.41137	1.35108	1.68514	1.51183	1.82256	2.34415	2.30882	2.37035	2.75946	3.53673	4.00444	3.32321	2.95096	3.45973	3.64976	2.71163	2.10931	2.4686	3.44736	2.45434	3.4523	5.83183	2.84338	1.80495	5.17433	5.69147	5.53349	3.53295	4.07324	3.56456	0.414855	0.968771	1.10641	1.21245	1.51369	2.41238	2.80081	2.52239	2.68427	2.75053	2.69554	2.85324	3.88984	3.81958	3.61612	3.78669	3.44084	4.00132	12.5435	17.008	13.4575	10.8156	9.20423	8.32647	8.56546	9.41783	12.5054	15.3654	16.8767	18.3632	20.08	16.9376	6.7016	6.29023	5.71466	4.33559	4.05861	4.86243	9.49004	14.5316	11.6492	8.29178	8.28028	7.34686	7.01529	8.78341	9.61017	7.55289	8.41837	9.13972	7.83854	7.46404	5.56504	9.13717	10.1408	17.0905	17.5771	20.9896	23.3654	22.9374	21.904	19.1125	13.0878	13.1114	16.0279	16.0974	13.1746	9.8296	10.4725	11.4542	19.0283	21.4097	10.399	13.5271	18.7315	28.1729	5.36374	21.6978	35.9729	40.0088	35.6952	34.6547	33.9644	26.2715	16.7537	16.7372	15.4742	15.5576	22.4241	15.3103	10.1395	9.80088	13.0878	7.0197	16.6893	13.0826	9.35644	13.5984	16.7811	17.0398	15.1103	7.94892	7.25075	5.63034	4.65931	4.8178	4.18087	5.4957	10.1122	13.1607	11.8163	6.40132	6.60313	6.66402	6.68342
8.33663	6.95292	3.95279	10.5017	12.9633	6.47851	5.13289	5.39298	5.30516	4.51916	4.10064	3.68213	3.17136	3.4827	5.85158	7.37826	7.97651	9.19516	9.97001	6.66274	1.86763	1.19101	2.86522	10.2326	11.5169	11.0867	10.5609	3.89439	4.10231	6.29952	5.38439	2.52494	1.64503	3.19677	2.35779	1.77657	3.31089	2.16959	0.59585	1.40524	2.11345	2.65403	2.94271	1.94748	3.90327	1.45294	2.27894	0.961469	1.26092	1.44429	1.35082	1.72265	3.02329	3.26557	0.787756	1.5178	2.20937	1.64382	1.5285	2.4238	2.11929	2.44413	2.19354	2.07999	0.878147	0.746143	0.88512	0.670451	1.65238	1.62652	1.41421	1.4599	1.28173	1.45184	1.56663	0.969727	0.741533	0.96123	1.36841	1.81114	1.82117	3.74634	3.36068	2.32105	1.39817	2.43119	6.62175	11.0215	12.7275	9.51898	2.89698	1.7237	1.3593	0.581089	1.68482	1.44538	0.851251	0.790684	1.01302	1.37763	1.57999	0.277719	0.393896	1.47259	1.94618	1.94894	1.88765	1.27337	1.166	1.61326	1.66775	1.4669	1.6244	1.79094	1.85431	2.11477	2.24362	1.96874	2.26815	2.62114	3.45465	4.00694	2.94395	2.84664	3.08778	2.90916	2.09534	1.71065	1.36315	1.79825	2.55665	1.94326	2.99326	5.67459	3.21068	3.1509	3.35428	5.16617	3.84046	4.01774	2.78025	0.575175	0.903486	1.00306	1.54011	2.21412	2.43473	2.478	2.65259	2.68308	2.85886	3.21363	3.36974	4.2468	3.72955	2.94678	2.50735	2.82606	2.89336	7.07614	14.9311	17.7167	17.0583	15.5483	13.2921	12.1513	12.6393	13.3704	15.0051	17.0943	15.4688	10.3206	3.31192	1.87972	3.89439	3.94903	2.33621	3.60053	5.60256	8.38081	10.8791	11.6338	10.0366	8.17393	4.93718	4.71038	9.41556	9.46232	8.21805	9.24554	8.87395	7.69253	7.79171	6.01009	8.49619	11.2329	19.6896	20.5372	28.2281	31.2264	26.8804	19.1243	16.1689	17.7513	8.39052	14.218	18.9079	21.3904	18.7737	12.9583	10.8804	21.1884	31.0575	29.8781	26.8731	9.90929	22.3041	19.6493	8.79509	16.4277	23.3158	28.0104	32.9163	36.6374	36.6374	28.83	26.306	19.547	17.2417	25.2652	16.1063	10.3264	5.695	8.60638	7.78709	17.7525	20.9355	15.6843	17.4474	19.5824	17.5704	10.2008	9.73194	7.38584	6.1103	6.29898	6.14944	2.85934	3.97831	7.94871	9.75157	10.7811	9.81878	8.36888	7.02781	4.93558
10.904	8.815	8.7055	13.5449	9.23226	4.14659	7.98893	7.71772	6.51728	6.27684	7.61794	9.65143	11.6145	13.3061	13.962	12.2878	10.0837	7.5096	5.35724	3.64408	2.82367	3.44152	3.31387	4.5549	8.70759	10.0761	12.5928	9.57136	1.16186	4.58222	5.22303	2.27976	2.23986	3.56279	2.39687	1.33174	2.17582	2.4784	2.71092	2.70181	2.0655	2.50314	2.28333	4.15612	5.47202	3.76748	3.1233	2.42877	1.61151	2.486	1.73791	0.83975	1.27162	1.56232	1.93107	1.13912	0.684779	1.22935	1.67379	1.62195	0.919359	1.31261	1.66336	1.13752	1.70066	0.998485	1.09104	1.38951	1.20067	1.36472	1.36935	0.737667	0.564256	1.29066	1.51185	0.837553	0.815474	0.927224	0.742906	1.62615	1.62633	0.747531	4.68859	7.09891	6.93459	5.79929	4.31028	3.0488	2.4333	1.8675	1.7754	1.34603	1.49006	1.57165	1.52269	1.88392	0.993699	1.25146	1.9121	2.56893	2.28433	1.4078	1.17071	2.28575	2.01243	1.00649	1.07316	1.53764	1.65469	1.74263	1.7754	2.06597	2.10149	1.79063	1.87814	1.8843	1.77061	1.68409	2.31537	2.70113	3.12053	3.80958	2.70719	2.33623	2.76362	2.36902	1.22397	0.802796	0.6973	1.03332	1.79726	3.70618	4.07073	5.06002	4.18789	4.02553	3.83089	2.55077	2.60593	2.61524	0.974221	1.13486	1.64206	1.53095	1.99016	2.26423	1.99389	1.87461	2.24157	2.17678	2.48927	3.06007	3.63657	4.43957	4.00194	3.02162	2.12724	0.410831	3.45475	5.8118	8.61803	11.6827	14.089	14.0849	8.46228	4.53694	5.43587	10.876	15.1374	16.8668	14.2079	13.0678	13.3176	7.87696	6.76641	5.18241	3.40037	4.74183	8.26176	6.83958	5.58573	10.3865	14.172	13.5097	9.41758	6.32662	10.8428	8.99714	8.38345	9.30602	8.32325	8.3725	8.62457	7.16615	8.80806	11.0954	22.575	24.3853	37.8964	40.814	38.0867	25.9943	17.8367	24.5229	20.265	17.0489	23.1407	31.9665	32.741	25.4432	14.9466	24.4786	40.7343	33.6754	30.9742	23.7249	14.5946	16.2505	14.3051	16.3115	16.0715	12.4662	8.11347	14.3983	27.1459	27.718	30.5447	31.7024	34.0834	38.6094	33.8939	23.1722	13.7461	8.19807	11.8221	23.8602	30.1712	22.9181	17.4188	15.7952	15.7976	11.9338	10.632	8.64716	6.70139	9.22533	12.2719	12.0386	13.3976	8.18997	1.96662	10.6214	13.02	10.8328	9.31216	4.77907
9.79658	9.32957	12.3971	11.9102	3.4473	9.7423	7.39806	3.49778	4.47657	6.11274	6.28861	7.24848	8.08093	8.07951	8.13376	4.28616	2.88548	6.61442	7.21574	6.63624	6.12006	4.69544	3.99536	2.54165	2.52399	8.79676	14.5154	10.3062	2.1286	3.22955	4.59887	3.95684	3.73665	3.46031	3.92854	3.87881	3.07276	3.12496	2.92554	2.49916	2.3149	3.46671	1.71437	4.96594	3.97458	2.81869	3.10278	1.81793	3.4657	2.38656	0.878564	0.378391	0.850393	1.45215	1.29823	0.938801	0.927081	1.51628	2.09192	2.05905	1.9029	1.51449	0.765466	0.728815	1.23705	1.76036	0.333554	1.37458	1.49282	1.15792	1.49902	1.42537	1.38647	1.64159	1.37256	1.15161	1.64811	1.40405	1.38843	1.24225	0.67016	2.4675	4.3166	5.83353	8.33138	8.5186	6.5707	3.57701	2.42702	3.01343	2.51159	1.00267	0.486959	1.2275	1.87529	2.03186	1.64882	1.51238	1.94711	2.43307	2.55067	3.01515	2.62995	2.50855	1.93831	1.48687	1.77601	2.16343	2.26738	1.89497	2.16851	2.54096	2.04499	1.42282	1.63284	1.51939	1.36656	1.69737	2.38453	2.98942	3.21257	3.8615	3.13446	2.123	2.62609	2.38797	0.839575	0.384375	1.28989	1.22894	1.20043	2.23655	4.32515	3.73838	3.67163	6.13774	2.77495	1.15374	1.52485	1.12743	0.301998	1.48955	1.79176	1.11541	1.51625	1.73967	1.44374	1.53726	2.30507	2.60872	2.46303	2.87053	3.1805	3.9102	4.17857	3.40918	3.12556	2.48322	2.52393	0.663002	4.21703	3.56765	10.0289	19.2273	15.4376	13.5068	13.4563	13.0607	15.0797	15.6498	13.0678	3.92528	2.20009	10.3416	7.20134	3.68507	1.21851	7.53707	9.85424	7.2769	7.1772	4.3824	7.34327	11.324	12.5752	11.0939	14.6564	11.9775	6.1656	8.35884	9.45521	9.6702	8.78842	8.11302	10.7838	12.2773	23.5166	28.282	45.3391	43.5164	47.3983	44.8379	30.2244	32.2858	36.6366	28.5148	26.8144	33.9125	34.684	36.0366	22.5284	29.7469	48.8683	33.5011	37.2536	26.7785	12.4674	8.03264	10.2341	12.6121	14.8061	16.415	18.6892	14.1371	10.3794	1.31703	10.613	16.0817	23.5969	35.2502	42.0196	43.3138	38.8909	38.507	41.1413	42.0892	34.6632	18.0107	12.2747	12.8551	16.022	17.3299	13.1083	16.5831	22.1238	27.5173	26.3524	22.6236	23.2382	23.7997	19.2119	17.4101	17.2094	7.85288	6.34144	9.42763
7.18472	8.55887	10.3838	5.04873	5.93438	8.22373	8.18733	6.50859	4.80551	5.15395	5.88906	7.12121	8.80112	10.251	9.80404	7.93446	9.62217	9.15142	8.46636	8.93512	8.38031	6.47548	3.90081	3.71208	2.71548	8.48719	15.1491	10.7458	4.82542	5.20032	5.99651	5.14968	4.79434	3.94238	3.92734	4.13748	2.81282	2.15953	2.83652	2.22189	2.25163	4.5484	1.44597	5.80912	3.39735	1.66136	1.554	3.54396	3.84222	1.01261	1.11379	0.831537	0.736184	0.521233	0.662193	1.21383	1.55532	1.72151	2.10228	1.72043	1.0115	0.513295	1.19642	1.00904	0.53757	1.52506	1.04689	0.410108	1.10717	1.32312	0.662855	0.435462	1.24801	1.84252	1.12657	0.987137	2.20457	2.35856	1.9774	1.50472	1.64525	3.32556	5.82322	5.23682	4.77484	5.29237	5.7402	3.15664	0.736149	1.97566	2.21951	2.44085	1.03293	0.6594	1.1476	0.880218	1.45679	1.595	1.62907	1.72357	1.3501	2.19685	2.8559	2.21458	1.4603	1.56654	1.95107	1.65145	1.70129	2.11236	2.55014	2.33994	1.23024	1.54592	2.3424	2.39113	1.64288	1.18566	2.03623	3.24856	3.99888	3.89841	2.90179	1.70347	1.99194	2.2496	0.73459	0.305685	1.72894	1.50722	2.4987	5.52315	6.65363	7.00354	5.93021	3.60588	3.99853	4.64977	2.4631	1.4603	1.46669	2.28801	1.91803	0.829017	1.49795	1.56689	1.03265	1.39385	2.37	2.71877	2.34686	2.8121	2.59554	2.70008	2.92666	1.08395	2.80449	4.1721	3.5132	2.14345	1.86353	3.55784	18.6705	20.6461	6.0112	4.07464	9.32147	10.0751	9.30164	10.6409	11.3681	9.41865	7.82896	2.84834	8.70865	11.7506	8.70982	3.18782	10.9811	11.2754	5.66829	9.92183	11.2964	9.12208	6.73046	8.92507	15.0294	14.9519	10.2812	8.6402	7.85936	8.22716	7.68486	8.09655	9.91097	11.9331	21.2871	33.2985	52.9971	47.7664	50.0081	56.2024	48.077	41.5062	44.7221	40.7764	31.6926	34.8432	28.2866	38.7009	28.7419	38.3791	52.3091	28.2881	39.9402	29.211	16.5023	9.22132	5.40125	0.498401	4.25639	8.78293	13.6043	13.9262	13.7652	12.6416	17.2508	17.4478	12.3166	1.69147	15.5795	34.4234	42.7757	43.9591	39.8504	32.5121	17.917	14.6531	9.15469	2.71015	20.1274	25.3646	27.0964	34.7201	34.1938	28.4429	20.1093	12.6964	12.5265	16.8313	19.6406	13.7615	4.15049	19.8685	24.3312	22.0568
10.637	8.99668	6.35779	5.42979	6.93884	6.7548	6.44828	5.67224	3.39451	3.56949	6.03445	8.34358	8.21703	8.08115	7.59719	9.77799	8.24721	8.06874	8.17384	8.42204	7.75077	6.8316	3.1913	2.88146	3.4861	5.54505	14.9467	14.5295	7.36723	0.357832	3.36131	4.32507	3.92859	3.32997	3.23807	2.96628	1.97051	2.09102	2.89683	2.20098	1.87969	5.16071	0.794103	6.67755	2.94911	1.06679	1.24666	4.3844	2.64173	1.10702	1.09188	0.911865	0.926733	0.982098	1.13205	0.943539	0.51629	0.921751	1.56544	2.01725	2.11922	1.55808	0.935534	0.492816	0.599202	0.977626	0.929887	0.880083	1.66193	1.22233	0.226921	0.106735	1.00019	1.92336	1.11415	0.904585	2.85162	3.05762	2.10724	1.47814	1.53958	2.98764	5.95245	6.58766	4.52456	5.25814	7.30287	4.94334	1.37542	1.9375	1.42413	1.84708	3.46226	2.46671	1.14741	0.172104	1.67975	2.38343	1.24905	1.57878	1.11008	1.24451	2.06436	2.70704	2.08411	1.54869	1.50908	1.19602	1.24962	1.60284	2.37156	2.59874	2.10636	2.08334	2.93937	3.25423	3.00293	2.15006	1.33709	2.83931	4.4141	4.16405	2.83242	1.80977	1.71633	2.3842	1.49403	1.73539	3.13595	3.51107	5.01785	7.85999	7.31459	6.22918	4.63096	2.28403	1.5994	0.507374	1.77319	0.877447	0.439529	1.88611	2.69176	1.19063	1.57761	2.10148	1.3239	1.5532	2.05376	2.67913	2.93703	3.35642	3.15601	3.38311	3.45639	2.32817	3.12847	5.04672	4.47688	0.933552	2.43475	5.97931	19.7194	18.8973	16.3027	15.1401	12.982	11.2616	10.7649	10.7907	9.06545	7.11281	2.41103	3.75789	4.55948	7.12445	10.9046	10.2806	3.12392	11.4058	14.0984	7.85533	6.60049	8.54812	9.17774	9.43253	10.9448	12.0856	13.2722	13.078	9.43467	7.25221	6.53585	8.38233	9.33892	10.3618	19.8879	36.8175	55.2832	51.1641	43.3599	58.841	61.5994	56.9889	55.1693	55.5185	49.3421	43.9373	34.0284	40.1822	39.2128	46.1748	45.2709	10.185	32.603	20.8948	14.2357	9.60133	10.2238	7.78587	2.92814	2.66532	4.17104	2.82772	5.06501	3.10896	10.4872	12.6537	14.4009	14.931	14.0687	9.45145	1.47753	6.0885	4.41511	2.46262	17.8179	22.4022	19.8742	24.5034	38.9196	41.287	38.058	33.7571	21.361	7.71391	3.12043	5.95705	7.89129	6.79963	3.7618	5.68602	17.4694	20.1285	16.758	13.1323
7.199	3.80968	1.68228	5.18988	5.82545	7.17187	5.89236	5.82874	5.78802	6.65995	9.35449	9.30056	6.48616	8.05245	3.49853	7.59476	6.11212	7.79777	7.86471	6.08276	6.3426	6.48648	4.05491	3.09028	3.04483	1.69574	11.4482	16.5922	9.78085	2.5395	1.38694	3.30406	3.1446	3.02053	3.54698	2.63662	2.16128	2.15354	2.68741	3.07692	3.38272	2.64526	4.74352	5.59257	1.22099	0.437911	2.6909	3.79363	1.54362	0.622187	0.649077	1.13985	1.45351	1.32817	0.770941	0.737102	1.08832	1.90175	2.45517	2.04274	1.00205	0.400987	0.640259	0.554881	0.496384	0.601374	1.09002	1.17388	1.59625	0.61927	0.271648	1.06123	2.98348	3.74276	3.08956	2.8394	3.38973	2.99042	1.82148	1.59625	0.735899	1.5773	5.64161	8.50354	2.81257	4.0448	4.93706	7.33935	6.84757	3.63174	0.717374	2.0907	0.661937	2.6454	2.6701	1.91799	2.09072	2.48966	1.31813	1.50057	0.724646	0.959099	1.34968	1.06701	2.17968	2.32548	1.85039	1.41961	1.55192	1.94187	2.47644	2.49556	2.12561	2.13777	2.2194	2.1332	1.71251	2.75045	2.73157	2.43304	3.519	4.27497	3.1889	1.95069	2.17581	2.5964	2.70673	4.80607	7.94913	8.35894	6.87751	6.54996	3.38532	1.79262	2.86766	2.10064	3.24072	4.04827	3.17688	2.4732	2.01322	1.67597	1.71281	1.5401	1.81533	2.40802	1.87751	2.07101	2.52971	2.92349	2.91818	3.1004	4.11187	5.62601	6.92479	6.69991	6.00405	6.2717	6.00284	3.09593	2.00903	3.9678	13.7899	16.8644	15.3144	13.4961	13.1583	14.0134	14.2383	10.1129	4.13854	3.65327	6.27452	2.55242	4.93943	3.37918	6.50674	10.9492	11.7689	4.21206	12.0059	12.6879	9.94423	4.27894	4.27591	10.3666	15.5377	12.2981	5.73323	11.619	10.4965	8.19152	8.72118	9.85031	8.80633	7.17859	14.9236	34.4714	51.4928	56.611	41.3899	36.4966	56.7188	50.1134	41.2899	47.4231	45.9534	42.1863	35.0618	32.5465	29.2344	41.5953	27.9737	35.5286	33.8501	15.2882	7.19142	7.7241	7.74804	8.81628	2.51757	6.836	10.5992	8.29103	7.25997	4.80984	8.04514	4.49711	5.12872	8.31225	5.14121	15.875	25.5486	21.3693	7.74205	5.22396	28.6471	34.889	39.3227	42.9335	43.2033	34.1735	22.8261	16.1698	6.88278	1.91767	9.73416	14.2137	16.1083	16.4524	14.3246	4.67416	19.367	21.3922	6.84161	6.59596
3.7444	4.34784	4.58276	5.1002	4.84599	4.51238	7.31065	8.00435	6.39586	8.87444	6.53016	6.66127	8.7369	5.98215	9.41672	5.59295	3.98932	3.17559	5.3753	7.06152	5.94284	5.34627	4.79894	4.21925	3.39178	1.89989	7.46562	18.2937	12.7439	5.13524	3.29733	3.34799	3.2361	3.37208	2.92701	2.30049	2.67165	3.22308	3.43152	3.10793	2.38556	2.02272	4.31926	1.09725	1.63028	1.77069	2.57758	2.78087	1.20685	0.499513	1.04178	1.13081	0.66285	0.513861	1.27862	1.19017	1.33981	1.96335	1.66127	0.953437	0.477113	0.326412	0.560095	0.941929	0.558452	0.691081	0.97731	1.34747	1.37883	0.958972	1.84254	3.62828	5.23696	4.69118	3.57679	2.57471	2.9236	2.72931	1.91595	1.83892	1.25224	1.08896	3.74085	8.04412	6.77622	3.94013	3.6407	8.33365	9.70697	7.653	3.38888	1.13616	2.24337	1.89502	2.94632	2.92652	1.67986	1.81021	1.63297	1.24144	0.776657	0.809657	1.22649	1.48596	1.19553	1.50975	1.56957	1.37291	1.64691	2.39192	2.66543	1.99097	1.22209	1.31449	0.944845	1.54332	1.43503	1.21086	2.52619	3.16621	3.04916	4.10735	3.31051	2.29096	3.11551	2.5677	3.41777	7.25515	8.16936	5.80993	4.14551	2.59619	2.05142	4.31389	3.17167	1.03124	1.20119	1.3224	1.84156	1.93734	2.15937	2.86829	2.36804	1.1436	2.10035	1.73517	2.16922	3.16652	2.60393	2.20197	2.35172	3.14555	5.61415	7.22462	6.7624	5.998	6.9152	8.22192	7.82483	4.21072	2.99814	2.57663	4.76628	7.36856	6.19444	7.84913	10.5209	10.6746	9.25955	6.65549	4.55424	7.36541	8.64947	8.07765	2.87041	5.5192	4.81824	4.21001	10.0955	8.57226	9.10614	13.0947	10.1527	6.03581	4.5295	9.1741	13.2555	9.97013	13.4493	12.3921	9.42365	5.32734	5.33112	12.5921	12.9583	8.64	12.1459	24.977	42.2439	55.4908	56.2572	43.7263	25.3216	43.4302	34.7483	31.8374	18.2085	11.9305	27.3233	25.0673	9.00051	31.1801	6.17854	45.8301	34.974	16.7793	10.117	4.2324	12.552	10.8016	4.87711	4.0732	3.26776	4.07746	7.23004	4.02373	8.37802	4.48569	7.5922	13.2074	13.4281	22.0654	14.6535	26.0706	26.4288	7.70168	39.8031	39.7046	32.911	31.3579	26.7036	17.8768	9.07341	4.08887	0.229813	6.81972	15.2482	18.5367	17.596	14.6812	13.122	16.5485	8.4148	24.0506	8.40111	7.38465
3.31683	2.55987	6.43979	4.5719	4.72002	4.95643	3.58105	5.16726	4.64458	5.31625	5.47729	11.2975	2.54302	8.43012	7.56063	4.50819	3.35214	5.59309	8.75007	6.71704	2.09844	4.34404	5.1703	4.91981	4.02256	2.94842	5.63003	20.1276	14.7046	2.73783	2.99639	3.51673	3.96451	3.18257	2.38426	2.03155	3.07676	4.00891	3.06029	2.27313	2.62291	1.59219	2.95938	1.68008	1.31303	0.785001	1.63877	2.32359	0.92099	0.918305	0.868388	0.448526	0.841468	1.03804	1.06911	1.02745	1.34241	1.49681	1.22162	0.958742	0.491136	0.414232	0.621964	1.00622	0.902293	1.10944	1.1715	1.38648	1.13721	1.07001	2.54789	3.99754	4.03649	2.95141	2.44643	1.74746	2.60652	2.15542	1.56446	1.8361	1.81131	1.86912	2.05702	3.32549	5.1876	4.7545	8.58322	6.38817	8.77341	9.4775	6.25176	2.30389	2.2591	3.88664	2.41308	3.41367	1.0319	1.14573	2.04115	1.04957	1.08706	1.25851	1.51573	1.57325	0.905532	0.425065	0.62742	0.823198	1.07	1.96482	2.28628	1.58538	0.946837	0.243252	0.172	1.07187	1.74217	1.69146	1.82215	2.06601	2.32925	3.58098	3.01214	2.45076	3.29212	1.90194	3.04566	7.50689	6.47057	2.43563	1.77533	1.94925	3.17074	3.54403	1.97461	1.82291	1.89309	1.59219	1.18841	0.916309	1.83411	2.29656	2.22627	1.33091	1.9238	1.24995	1.7946	3.59029	2.84997	2.30682	2.81265	3.64812	5.9038	6.71949	5.32847	4.23443	3.10947	9.45669	8.77486	5.16164	5.01887	4.28246	3.54472	5.17882	1.59219	1.77035	3.88226	4.03008	2.60635	5.6822	9.49108	6.72826	4.84936	8.21025	6.78061	3.46863	6.192	4.03074	5.58251	7.7822	6.25053	11.7393	9.90132	6.87329	5.24898	8.22544	11.5993	13.294	6.62025	4.65244	5.40334	9.15737	11.4206	14.9742	13.7952	15.1078	17.4563	17.2614	29.658	46.3078	56.0431	54.7474	14.6879	53.2941	41.7946	33.7454	36.9002	35.0048	29.758	22.5388	12.3743	32.7309	24.7684	44.8138	37.3508	11.0597	19.2539	16.4639	12.2678	11.9751	10.6883	10.9147	12.9093	12.4343	8.17196	6.75415	11.0455	5.72428	10.8192	18.5459	17.8862	31.6035	33.1265	24.6458	38.3688	18.4358	45.9602	40.0767	20.2359	10.6451	8.80469	8.47702	1.86232	7.02858	7.82316	9.66102	18.2925	17.9716	10.4286	3.07908	7.64974	20.2488	4.23789	22.1641	9.55487	18.3532
5.85397	3.33669	7.83953	6.62468	6.01815	5.41408	5.74122	4.04798	3.8465	1.72703	10.9518	9.13473	4.35202	6.45174	3.13396	5.40233	7.36884	8.32662	5.82993	3.23772	3.12504	3.58047	4.75849	5.7485	5.29644	3.30833	3.13009	16.3139	18.2414	8.24099	3.08871	3.53005	3.76943	2.98623	2.60999	2.24291	3.46793	3.99848	1.97172	2.2289	3.81208	0.39213	2.56938	0.687862	0.597601	0.744998	1.56541	2.23226	0.884823	0.45349	0.277289	0.706765	0.934773	0.763655	0.67784	1.04528	1.74853	1.92656	1.90167	2.40679	3.03073	3.05901	2.55738	2.23127	2.07475	1.52071	1.22088	1.2798	1.21866	1.3505	2.83773	4.7377	4.42967	3.46604	2.73166	2.48019	2.77071	1.94602	1.52666	1.79165	1.49658	1.26117	1.73364	1.22386	1.71991	6.94825	10.6608	5.2139	6.5469	10.5671	8.61349	3.59302	2.03101	4.89151	2.18365	3.93434	2.55484	1.10984	2.19801	2.96166	1.68062	1.50504	1.1945	0.993281	0.947116	1.315	1.64793	1.6595	1.60945	1.42258	2.30637	1.38615	0.786879	1.01148	1.15604	1.00808	1.56191	1.77938	1.85012	1.80953	1.67425	3.08507	3.06881	2.22096	2.71694	1.63207	2.43313	6.51036	7.47643	5.94092	5.02391	4.78222	3.93394	2.29793	0.858479	1.71912	1.95992	2.05882	1.50817	0.756473	1.7486	1.80248	1.69967	2.39389	1.0589	1.02593	1.86003	3.31943	2.79682	2.82394	3.45146	3.72325	5.05895	5.47691	5.38996	6.94121	3.0686	6.51701	9.40878	7.91591	6.96645	6.40375	5.48511	5.75253	4.49417	5.4736	9.01511	8.69718	7.76294	5.14809	11.4955	9.57895	5.35473	7.52487	6.72093	5.12698	7.28147	5.48688	4.85831	7.02858	3.4037	11.6194	10.9446	5.91055	6.53135	9.76875	7.31484	10.9809	12.2115	5.20578	9.36247	13.4229	12.416	13.5426	15.2206	23.9941	28.668	26.983	17.7039	39.6504	59.3664	53.6015	4.6186	47.1759	55.2071	39.5666	2.76066	13.0529	16.5054	14.5438	10.633	26.4373	31.4939	38.5248	31.3071	8.32866	12.5071	19.639	12.5368	12.8086	8.87908	9.64251	1.92803	6.36664	12.3156	16.2104	16.9678	18.2438	21.0422	17.1956	5.74125	33.5636	45.7547	24.7557	38.1827	33.8146	44.1864	33.4035	13.4062	8.46268	7.05844	7.6724	4.79639	11.0828	9.35934	8.78062	17.7153	14.3195	4.76198	8.33656	14.3203	18.6623	1.09434	15.6808	17.1316	27.6127
7.85402	3.34101	4.32472	5.80286	7.06955	7.97673	8.1504	5.166	3.08937	7.00654	10.7594	3.5189	6.2265	3.12786	4.91832	7.9141	6.10744	3.16337	6.59924	6.54639	5.20996	6.31493	7.96622	7.979	6.7403	3.78091	3.01485	6.23109	17.256	16.6964	8.91708	3.87627	3.33239	2.99114	2.70891	2.48776	3.61228	3.16135	1.38085	1.60189	4.02769	2.44267	1.66292	1.74788	0.831635	0.235553	1.22505	2.10778	0.801284	0.476839	0.70886	0.384452	0.39322	0.790166	1.04576	1.62892	2.08873	2.15073	2.28959	2.88926	3.27471	3.37742	3.07666	2.67239	2.43013	2.02014	1.9354	1.79212	1.69293	2.02685	2.91779	4.9262	3.75226	2.08349	2.39522	2.88094	2.98781	2.45656	2.0154	1.68591	1.5022	1.18052	2.25915	1.75446	1.04053	5.55787	10.862	8.78803	3.02565	10.2795	10.1072	4.42447	2.04347	4.94896	2.00486	3.97918	2.09405	3.07399	1.73419	3.52719	3.93901	1.73417	0.729409	0.697213	1.39422	1.79699	1.49448	1.15874	1.21243	1.19297	1.99264	1.80413	1.02908	1.94826	2.46215	2.32421	1.73989	1.52587	1.53536	1.53934	2.10162	3.10438	3.05622	1.91632	2.21181	1.59831	1.65832	3.96992	5.7319	5.98843	5.5352	4.42488	2.97854	1.5996	0.981098	1.40864	1.91583	1.99171	1.61875	1.32622	1.77342	2.22348	1.59323	2.75659	2.79944	2.26437	1.8984	1.98567	3.11377	3.15774	3.72766	4.20779	4.45004	4.74162	4.26894	5.32148	6.3305	1.53746	7.0508	10.5143	9.7685	8.88775	7.55656	6.44446	6.57276	7.99218	10.8089	7.99995	8.51206	10.9388	13.9681	11.6157	7.9592	9.19042	8.05844	4.4653	5.99778	4.73227	5.72326	8.28401	2.68253	9.95478	10.3617	9.18558	10.3475	11.9341	9.35181	9.32578	12.8234	13.0112	11.1608	13.8314	15.3037	16.7736	18.713	28.3054	34.9452	34.7646	36.317	32.1977	57.2774	50.6875	32.2821	26.9213	44.5433	47.9533	27.2086	15.4032	10.103	8.43963	8.38223	13.875	24.7571	24.9694	19.4066	9.45554	4.23407	8.68143	13.1191	6.07234	3.39715	12.0048	15.8373	18.9958	16.5599	10.6994	9.61289	11.2732	8.34615	19.2955	27.2923	37.9085	46.8609	20.8177	26.2179	34.3938	31.4773	20.8786	14.0698	10.5028	10.3658	12.0744	5.69778	14.488	4.43556	2.93976	14.6332	13.3679	5.8975	12.8417	16.3503	10.2553	3.30357	14.5861	25.0375	14.5579
5.31351	5.07099	4.84333	2.37633	3.68126	7.57185	8.93918	7.08443	4.80168	8.62185	8.51334	8.02854	7.14187	2.74419	4.87595	6.61191	7.79172	11.014	10.6763	9.57083	9.70525	9.54651	8.33196	9.1561	8.60921	5.417	7.03155	6.35708	4.51623	14.6241	11.5747	5.2724	3.57472	3.20352	3.09394	2.5507	2.78447	2.33006	0.716691	1.25938	3.02212	3.02492	1.03967	1.97888	1.01351	0.53814	0.81715	1.95116	1.15553	0.316961	0.753516	1.31228	1.32605	1.58279	2.07166	1.79722	1.86209	2.33932	3.06071	3.58523	3.46565	3.01659	2.59439	2.27109	1.90118	2.20536	2.44689	2.08172	1.72252	1.96504	2.69301	3.97393	3.90852	2.54267	2.31042	2.61492	2.75372	2.0736	1.5045	1.3356	1.53987	1.49847	2.14349	0.82051	1.17332	3.63009	9.20352	11.1858	4.26363	9.37189	11.3411	4.70543	3.14803	4.61535	2.66409	4.51012	1.714	1.79177	4.64289	2.10395	4.23095	2.62208	0.991067	1.15616	1.93965	2.15679	1.2598	1.66485	2.40574	2.42605	2.171	1.89599	1.41997	1.32959	1.42303	2.68002	3.55858	3.45171	3.3354	2.95497	2.50473	2.56414	2.17102	2.24019	2.62778	2.46164	1.85875	2.03096	2.42454	2.69256	2.33104	1.62686	1.79901	2.29773	2.13087	2.09883	2.36883	2.4803	2.0896	1.82423	2.14021	2.50249	1.63398	1.29643	2.39963	3.30215	3.26709	1.63928	2.06245	3.50615	3.31805	3.8781	4.40875	5.00141	3.61686	3.86902	5.33215	7.32269	5.8469	8.5608	11.231	10.3122	8.39228	8.35583	10.1255	10.8606	11.3602	9.32924	10.3102	10.8904	8.24542	6.102	3.54305	5.61184	9.4878	7.45106	4.88544	4.05578	3.78543	10.0423	9.96822	7.39933	5.81563	5.30779	7.21096	8.69782	10.7244	12.4491	14.1867	16.4277	14.6822	15.3767	17.8147	21.8896	26.2153	34.8042	44.2948	45.3028	50.5087	48.2907	43.3572	44.9778	11.3175	28.3231	37.5788	40.2629	19.2514	19.5662	11.1762	12.1363	17.4304	17.9188	7.00246	3.00184	16.3118	19.9887	20.4941	18.0821	12.2355	15.8708	20.339	19.5278	12.1688	4.64417	10.6338	15.8378	21.2102	29.457	36.0015	38.9044	38.34	37.2057	38.0172	14.4519	0.970951	5.86647	4.28	11.072	16.6259	15.6143	14.5872	19.2719	5.11804	18.6204	11.4232	11.9792	18.3423	19.9713	12.8081	14.0635	14.2685	7.1975	15.268	26.0432	17.607	10.0118
3.13059	4.4061	4.66572	6.27754	2.60831	4.22182	6.1479	8.06936	8.14361	6.87541	9.80748	10.1993	6.77589	5.04573	4.60437	7.32782	9.86164	7.61021	6.92333	8.38314	9.8233	8.14509	7.00645	8.7731	9.43741	5.79583	7.70432	11.2013	4.68445	10.6039	10.7646	1.80082	1.04861	2.03948	2.63528	1.67751	1.93491	2.05001	0.996578	1.32658	1.91559	2.42888	2.0427	0.774757	1.06915	0.166492	0.716553	1.76825	1.18443	0.696007	1.5842	1.8106	1.98995	2.65292	2.29979	1.75235	1.76078	2.58132	3.24123	3.56781	3.24995	2.6689	2.3452	2.13601	1.74407	1.88562	1.58149	1.50711	1.54195	1.69707	2.76569	4.98752	5.92887	3.95301	2.63968	2.05775	2.39252	1.51371	1.38032	1.47743	1.5547	1.22316	1.15904	0.170543	0.878109	2.75908	8.29575	11.3649	7.36679	7.90127	12.3441	5.3026	4.70202	3.98159	2.73069	4.70057	2.82107	1.11167	2.4076	3.43826	3.61947	2.38245	1.32931	1.66571	2.28784	2.35532	1.49894	2.24545	3.23361	3.07594	2.36541	1.64699	1.30173	0.467516	1.54347	2.81975	2.96665	3.15549	2.61298	2.39396	2.6269	2.39876	2.07089	1.53822	0.581829	1.86412	2.53939	1.94368	1.29803	1.18002	2.21721	2.80331	2.2741	2.64098	2.95997	2.71142	2.76405	3.21739	2.86766	1.86918	1.92081	2.38387	1.42273	1.35022	1.40561	1.1946	0.973114	2.60924	0.974043	3.06159	3.28483	3.60193	4.6474	4.66323	3.44186	3.90209	3.86252	7.29168	10.9453	5.55733	6.55118	7.76684	5.76655	8.80008	12.631	12.9388	12.2603	11.9198	12.587	10.2419	3.7995	3.8156	8.28199	2.85549	7.66541	9.72032	8.35452	5.01297	4.60211	10.097	14.48	12.8153	13.1639	13.2492	11.3299	9.36393	13.2998	15.8933	15.491	17.6225	17.4114	19.2123	21.0863	25.7452	31.1137	43.1251	54.6057	51.781	44.555	41.9786	33.3159	38.8512	11.4312	34.6853	31.8879	31.658	22.5393	14.0127	14.4054	32.7431	34.3058	34.9557	14.0627	15.4731	19.4681	24.4637	22.87	21.0865	14.2967	22.4119	23.0215	21.1128	12.5073	4.996	10.534	10.772	15.4063	18.7059	17.6016	17.8199	16.9011	18.5152	18.2782	14.9146	19.6392	15.5931	6.30366	4.77126	8.91837	5.48585	14.9188	26.0256	9.96365	18.3256	17.6086	15.5214	17.9301	22.0755	18.9896	13.3953	14.2188	15.1425	21.3635	19.4401	14.6306	20.5365
4.0943	1.64613	3.85331	6.02588	4.37953	4.31004	1.44939	5.05426	9.9925	11.1438	9.24789	6.81717	5.92566	6.47909	7.76408	9.56869	8.02606	6.29687	5.98632	5.68227	4.8174	6.13445	5.75512	7.65377	8.91618	4.9333	3.80462	11.9262	7.16876	9.13643	11.2757	1.50445	0.256641	1.76791	2.38283	1.63748	1.90417	1.63346	1.32277	1.68666	1.69952	1.49709	1.60505	1.00978	1.2199	0.704612	0.987246	1.58139	1.56077	1.6442	2.54247	2.86233	3.40477	2.86368	2.12669	1.91105	2.21989	2.1451	1.92052	1.14765	1.07085	1.82349	1.71052	1.42246	1.51163	1.74737	1.62841	1.38665	1.25355	1.69674	3.1915	6.20566	5.6871	2.91779	3.23632	2.14424	2.15087	1.88382	2.08494	1.56836	1.39155	1.84793	1.35535	0.823237	0.972926	2.56298	7.22702	11.1637	9.71683	5.17333	12.5251	5.43855	4.66724	4.97093	2.87944	4.44232	3.11495	1.35535	1.15157	0.888256	2.17671	1.45294	0.949481	1.98214	1.99424	2.00807	0.939903	1.73424	3.00269	1.11656	2.09277	2.48411	2.00918	1.58391	1.7899	3.14598	2.18465	0.790873	1.17541	1.409	1.56482	1.80242	2.77853	2.38736	1.96431	2.21593	3.1937	2.00696	0.728991	0.964902	2.90711	3.31491	2.08787	2.73408	3.1261	2.33591	2.4094	2.98494	1.83905	1.08209	1.30269	2.13988	1.59067	1.77243	1.77315	1.4511	0.354738	1.24713	1.37397	1.48014	2.30541	3.49475	4.8238	5.3804	4.31251	5.08072	5.09919	6.89513	10.6528	6.65902	6.38848	6.87645	1.79414	10.1312	12.4568	11.4784	12.4414	12.9687	13.5374	15.1252	15.6539	10.6864	4.27729	9.44541	5.31762	10.8264	15.0113	16.6821	13.6816	13.5087	13.4456	12.023	5.9891	7.96625	9.2831	10.8054	14.7146	17.6991	19.3329	22.5322	22.7457	26.5124	31.3667	40.9701	47.6598	55.8129	61.6515	49.4578	30.866	30.7355	26.6684	38.9315	33.6583	27.2832	33.9366	42.5957	47.1625	45.8957	43.541	33.8194	30.4283	39.4613	20.8805	15.451	12.5779	17.3354	20.6292	23.4714	8.6489	22.2239	20.1945	22.9316	28.793	28.2868	28.3886	26.9871	20.8315	21.8885	24.2869	25.0778	22.8337	21.4365	24.0196	25.3053	29.2055	33.1909	29.451	16.5033	12.0258	4.91047	11.3109	27.145	15.5967	6.36659	11.8057	8.3769	9.59689	14.3387	16.8016	10.6714	11.8012	13.8231	13.5794	10.0285	2.23722	1.82049
4.40042	3.67705	3.82866	4.49123	5.57287	5.36344	4.28835	1.70556	7.6621	10.8844	9.39523	6.89142	6.40128	8.63687	9.48144	7.55489	6.28283	6.05549	5.35456	4.2016	3.78767	5.45365	5.68268	7.64573	7.339	4.44191	0.976002	11.1483	7.3834	6.60596	11.1456	3.21267	0.635723	1.82352	1.91438	1.68818	1.96175	1.00303	1.207	1.85379	1.96074	1.30035	1.26641	1.19622	1.21615	0.418668	0.683212	1.41663	1.82013	2.48988	4.02224	4.13752	3.16478	1.66224	1.52352	1.10246	1.39583	1.26143	0.686213	0.602703	1.55507	1.59109	1.0933	1.09998	1.67004	1.56936	1.45411	1.27698	0.915269	1.51682	3.38216	6.74413	5.78523	3.08371	4.1216	2.70269	1.7383	1.53413	1.50591	0.954123	0.952935	1.95016	2.38118	1.32375	1.21972	2.21805	4.64926	10.6815	12.5149	0.750673	11.0666	6.62572	3.39851	4.46252	4.52039	5.39649	3.52269	1.12285	1.47988	1.02323	2.09239	1.07746	1.02123	1.11813	1.48832	3.05605	3.10887	2.6671	3.33788	1.5658	1.77019	3.42368	3.24939	2.36832	2.45251	2.15978	2.05189	1.40677	1.80761	2.44547	2.33175	2.57042	2.42786	0.85713	1.15335	2.62005	3.20937	1.56267	0.532736	0.799821	3.23701	3.40252	2.25247	2.97246	2.77718	2.49451	2.87782	2.53643	1.3246	1.25277	1.50921	1.72646	2.10823	2.20162	1.1492	1.38357	1.20849	0.89597	1.84955	2.88139	2.52745	1.50644	2.76791	5.4811	6.29065	7.62399	7.56126	8.00991	6.9613	5.30817	9.52853	9.0213	7.2856	15.0637	13.8789	9.63003	8.51214	8.4266	9.17751	11.1294	16.2205	19.6935	8.87494	10.8702	8.91769	11.1892	16.1431	17.0482	14.1279	9.22476	3.97136	11.0611	1.88733	10.381	8.68859	10.6014	16.9023	21.9321	27.1561	31.5188	29.3677	33.7012	41.8436	51.9942	56.4998	62.37	62.9578	46.7111	52.1715	46.1077	35.0616	40.3546	43.2294	41.2817	19.1328	36.1983	47.0962	46.6007	35.4669	19.9647	29.0249	38.3984	30.2103	6.11994	17.7582	11.4653	6.12781	24.1694	6.2182	24.1311	24.6214	25.4951	30.9554	32.9705	34.1563	36.2694	28.8913	29.7465	29.3889	30.0655	28.8732	24.3056	22.0132	17.5858	24.9062	32.6099	40.7084	32.8854	24.2818	14.4047	4.96002	19.8057	23.3905	9.80692	1.86747	10.1862	9.97744	1.64256	11.2017	12.4629	6.41693	8.91045	14.9555	15.9288	13.812	11.4535
3.7718	4.4041	4.9204	4.43935	2.99006	2.9131	3.71245	5.23954	3.94416	3.32778	8.06596	9.76822	10.351	10.1138	8.49588	6.93889	6.88268	7.61124	8.10164	7.21072	6.216	6.16214	6.54347	7.52289	4.6561	7.24755	5.46512	10.8308	7.72846	6.10593	11.1337	3.25799	0.622213	2.28799	2.04501	1.85976	1.28799	0.686082	1.09129	1.86513	2.39626	1.38327	1.28679	1.02369	1.10326	0.873755	1.26461	2.20369	3.38592	4.06467	3.86552	1.61	2.10384	1.78397	1.21593	1.1307	0.917084	0.708222	0.705947	1.17161	1.14181	1.0123	1.25885	1.36402	1.16294	0.905885	0.819613	0.962452	0.925943	1.83474	4.1115	7.53104	6.45399	2.83686	3.85105	3.31413	1.99609	1.39102	0.874274	0.852433	0.938338	1.49652	1.69128	1.71725	2.02156	1.93669	2.24429	7.74356	13.2544	6.54452	6.70351	9.25932	3.46733	2.03672	3.11019	6.16015	4.01017	0.78855	1.12926	1.93297	2.13567	1.02282	1.26118	1.72856	1.8831	1.62347	1.02475	3.1996	4.49781	2.70181	2.66333	2.35585	1.77143	2.28216	2.09587	1.38218	1.01205	1.9324	2.44812	1.77599	1.80451	2.38827	0.986903	0.524022	1.02279	1.81185	1.94269	0.660792	0.364059	0.715824	3.00607	3.50294	2.48082	2.86967	2.62526	3.22554	3.77634	3.17194	3.08233	3.22295	3.11618	2.83773	2.81815	2.39631	0.93763	0.883811	1.62221	2.72524	4.25171	5.26667	5.58068	5.28813	5.6658	6.38748	4.8746	5.27725	8.05484	9.34195	6.9216	3.77098	5.03996	2.33925	14.4445	19.5613	13.3624	6.64537	5.57361	8.14698	8.38304	6.76485	8.05465	17.1067	17.3843	11.7265	12.1573	12.8585	10.9504	8.29125	10.3143	1.17839	6.62983	8.82858	7.31129	14.6985	14.6177	16.2283	24.2489	32.4297	43.9531	52.1337	50.054	46.9244	55.3174	60.7593	60.8182	61.3971	48.427	44.202	56.3597	55.3505	25.8019	28.0733	37.8967	43.1501	52.2	43.9318	16.7361	19.8765	19.8734	19.9556	18.9359	30.8458	41.8622	41.9834	28.2425	4.2164	17.1915	30.2292	27.8798	35.0885	42.4128	32.1465	10.1908	26.424	33.1882	40.511	38.7116	36.8802	32.5099	29.486	26.754	28.7904	32.2774	24.2593	13.4819	5.36672	24.8462	28.4456	27.1146	23.4851	1.92685	9.30537	25.6021	16.0566	3.8367	18.4264	7.3317	7.05914	3.23647	9.41796	1.65695	3.91608	8.91949	11.1314	12.4145	13.9819
3.36989	3.61871	3.81215	2.93827	2.15556	3.94928	4.49852	4.12113	3.64773	2.99242	2.30295	7.3177	8.22976	7.07079	5.71123	4.39077	4.8626	8.04178	8.99911	7.81782	7.60499	7.40137	7.35588	5.82422	4.64462	7.4975	8.23123	11.5135	8.75269	5.80346	10.531	1.11488	2.85947	2.89737	1.83442	1.27075	0.332749	1.35307	1.38896	1.87978	2.65258	2.02684	1.64101	1.04455	1.29552	1.38044	1.64147	3.08936	4.16494	3.43499	1.21235	0.406956	1.63252	1.93876	1.64809	1.39368	1.13208	0.761185	0.836946	1.3061	1.09642	1.05944	1.38683	1.37254	1.05429	1.072	1.17203	1.02592	1.04196	2.81469	4.99423	7.57699	5.43444	0.728599	2.27973	3.09044	2.11653	1.16349	0.815287	0.949945	1.13206	1.30194	1.02461	1.75608	2.01309	1.4287	1.42068	4.62725	10.1345	11.1104	2.76395	9.69603	6.51149	1.60688	1.70476	6.48012	3.84655	1.09952	0.828544	2.38781	1.45699	0.708077	1.10465	1.35853	2.34327	3.85839	4.18519	1.95221	3.75229	4.22756	2.64022	2.57886	0.864936	0.886721	1.05601	0.62902	0.229429	1.49574	2.91194	2.59817	2.28443	2.23803	0.680634	0.396239	1.2573	1.04883	1.46139	0.685913	0.469124	0.581394	2.89516	3.2549	2.16173	2.98862	2.69214	3.60058	4.56776	4.39346	3.2607	3.52043	3.51555	3.22695	2.90093	2.6598	1.89569	1.52405	2.55898	4.50852	6.05422	6.53631	6.28749	6.27231	8.59497	12.2533	12.7786	8.16995	4.44956	7.22949	9.51347	4.06201	4.59306	10.0735	19.174	18.0832	8.1395	5.81211	9.58172	13.5999	10.8191	6.85875	5.31453	11.0223	15.4974	15.7552	11.4871	13.7449	6.0497	6.4582	10.8083	7.49807	3.31193	8.70924	16.2567	17.2746	18.9814	22.5789	33.0962	43.1252	55.7573	61.0349	56.7839	50.0589	59.4145	60.1739	53.1836	46.4419	7.2083	44.2318	45.629	58.5161	45.8085	19.2762	29.8452	32.2958	47.4831	54.0018	39.349	16.1939	20.6968	25.8408	21.3583	6.40207	31.7149	44.9567	47.9936	44.8828	35.9652	28.0963	27.8105	24.6491	48.1937	46.7679	33.1666	26.8626	30.6261	38.0023	40.476	40.5823	37.0844	33.4435	16.7361	33.4946	42.1933	43.9648	31.5402	19.2669	26.5157	28.9482	24.4607	23.9671	3.10927	11.4659	30.557	23.7798	7.20577	17.2833	4.89077	6.03043	11.8267	17.3177	12.3255	8.0022	7.87826	3.28601	5.81417	11.2076
3.30448	3.21689	2.77281	2.06623	2.60356	4.61327	5.29002	4.39678	4.49455	4.43439	4.20954	2.23223	2.81103	4.20447	4.838	4.46389	3.5523	4.46356	7.92172	9.73407	9.10294	8.16294	6.38939	3.11689	7.26405	3.33946	8.49091	10.925	8.51135	3.3301	9.99855	3.4314	3.45424	2.15173	0.544232	0.861656	1.899	2.25321	2.04816	2.00398	2.19422	2.40981	1.94677	1.22625	1.77341	2.07584	2.54289	2.92019	1.07513	0.984411	0.438524	0.629258	1.13843	1.4911	1.30729	1.19195	1.34086	1.35513	1.13043	1.3279	0.983292	0.873936	0.798275	0.875491	1.18967	1.16191	1.21957	1.30295	1.48824	3.00348	4.15326	6.12339	4.58918	1.31543	0.0851901	2.41803	3.37867	1.984	0.963037	1.33476	1.92366	1.63881	1.55569	1.59851	1.04545	0.763425	1.08937	3.37212	7.60256	13.6505	6.16797	7.72782	8.81736	5.93612	3.23206	6.11872	3.59468	1.983	1.43049	2.15042	0.8863	1.23381	1.42807	1.36974	2.06699	1.77924	2.32501	4.51326	3.77605	2.48872	3.48608	4.2897	3.62764	2.15015	0.404647	0.810912	0.497198	2.37296	3.17124	2.38342	1.24165	1.51221	1.73298	1.284	0.915948	1.00108	1.597	0.797377	0.149082	0.882423	3.27293	2.20979	1.42045	3.67943	3.54545	3.36619	5.06499	6.65193	3.24293	2.96445	3.76961	3.85905	3.38113	2.88922	2.30377	2.0135	4.3788	6.90322	8.38531	8.18406	7.47246	7.66841	10.0359	12.6886	13.7153	14.7154	15.3989	18.1225	19.6479	15.1714	12.0115	8.15042	16.1693	13.1925	7.77107	7.30112	6.82674	9.37593	6.20006	1.73928	3.66695	8.01525	11.7564	13.2935	7.24067	8.9266	6.70682	4.07211	10.5785	7.38207	13.6795	24.7646	30.8137	35.3408	35.5585	36.609	51.1193	59.7959	64.9263	62.3659	52.9885	43.6254	48.8032	40.8345	39.1781	36.6315	33.1421	43.2555	29.0652	53.3233	51.6452	39.0342	27.9442	5.47741	22.5379	50.2831	52.3162	22.3959	21.482	34.9136	18.5872	26.4451	25.8256	24.5628	20.6454	26.7469	37.104	31.0977	37.8825	15.633	39.0803	45.9629	52.1751	44.203	20.1492	2.72978	11.2529	18.1208	34.8102	41.453	14.3576	43.4337	37.3577	46.9334	48.5635	50.2681	42.8907	28.4016	15.8636	23.7112	3.99212	20.7245	33.0959	36.9602	15.7115	6.85786	4.6553	14.8457	30.6556	28.6938	22.9698	18.326	16.3451	11.7791	0.979822	8.66297
4.79086	4.41737	1.43061	2.48613	3.79516	5.30217	4.41374	3.61677	3.94185	4.64201	5.56102	5.54998	6.07	6.10428	5.70871	5.30944	5.87382	8.24423	11.0406	10.5718	7.478	5.71543	3.47178	5.23087	5.94124	3.99234	9.6758	10.8699	7.52157	1.46028	7.9917	5.01787	3.15086	0.922467	2.19408	3.2224	3.41557	2.79219	2.55672	2.56731	1.28179	1.61908	1.58691	1.6823	2.23309	2.57516	2.55112	1.1436	0.542878	0.285672	1.02754	1.28399	1.36422	1.70992	1.89352	1.5541	1.44079	1.75382	1.57891	1.39702	1.67095	1.66919	1.69022	2.64759	2.83629	2.06595	1.54838	1.45718	1.28871	2.4372	3.12917	4.47661	4.82783	3.23749	3.06869	2.9512	4.37813	3.26436	1.58067	2.05978	2.35088	2.22918	2.09467	1.9375	1.62811	1.12865	1.27404	2.66173	6.48529	15.1665	8.92738	5.48151	7.98544	9.24205	7.35599	6.7504	4.20019	2.46611	2.24484	1.66709	1.18504	1.4951	1.44547	1.39182	1.66039	1.77633	1.4396	1.32836	3.03023	3.14952	1.44801	1.67774	2.70638	4.18294	4.67552	4.71322	3.85101	6.8509	9.2482	11.6631	11.0941	7.07769	2.28124	0.715737	1.44769	2.05228	2.23479	1.93246	1.85207	2.03323	3.5179	2.38501	1.01957	2.76767	4.05272	4.03456	5.42712	7.78304	5.13209	3.69288	5.25148	5.48517	4.97526	3.72894	2.91383	2.66428	5.27445	7.83583	9.23312	9.43817	9.54736	10.3742	13.293	15.7992	14.5986	16.5755	19.9468	22.4841	19.7716	15.1571	13.3892	3.55714	10.8744	13.5046	14.7416	11.0652	14.74	21.5624	21.6519	15.2237	8.25244	8.14318	11.6463	12.1157	10.1639	4.43742	8.91525	6.28626	5.50356	12.9743	28.814	40.3981	50.9029	57.3465	53.9575	44.8951	58.5731	60.497	60.3112	48.8055	44.8695	24.4443	18.6122	41.1191	51.4641	31.4691	43.6124	44.5273	21.6038	47.1469	50.0397	28.2432	24.3371	22.85	22.9579	29.1988	56.8707	41.8632	35.8453	41.5017	14.9567	24.4358	11.4197	23.2469	26.3393	32.9268	39.5235	33.5916	35.6182	12.3024	24.1502	35.8356	48.6613	54.5211	52.8075	40.1196	35.0102	49.2208	54.3921	43.7025	35.8458	48.8958	11.3438	26.8343	22.9328	31.2619	45.5003	41.2859	27.7994	29.216	6.46377	33.0425	26.6257	42.5682	23.6391	8.36009	10.6421	30.3673	37.478	33.966	32.7728	24.3504	12.9721	12.5988	12.7223	6.92088
5.25233	3.90784	3.30835	3.54702	3.42358	5.61879	3.34542	3.30883	3.88125	4.36422	4.95326	4.42738	4.62337	4.69347	4.63798	4.50723	4.03879	3.84834	5.83528	3.95756	3.3116	4.97467	3.75286	4.026	0.981322	6.90104	9.96926	9.02281	5.48514	6.14241	3.29069	3.93698	2.19057	1.23419	3.79426	3.91483	3.48377	2.66138	3.1808	3.64563	1.35374	0.635077	1.12823	2.05996	2.33129	2.12892	1.19888	1.34099	1.4161	1.92717	1.43374	0.923522	1.14556	1.91835	2.23469	1.29845	0.708638	1.40626	1.78773	1.785	2.24201	2.75287	3.77016	3.51534	2.39453	1.78886	1.27733	1.21482	1.41512	2.33827	2.56885	2.23863	3.00023	3.71274	5.96686	2.56794	3.96515	3.23673	1.41865	2.10842	1.91513	1.80618	1.80705	1.73249	1.94118	1.30699	1.41783	2.05271	4.83526	15.4567	12.0657	3.04427	5.76948	8.30868	9.67966	8.80238	5.66966	3.01078	2.53322	2.04395	2.34193	2.40163	2.69277	2.09417	1.24448	1.7244	1.58929	1.87962	1.95157	2.58916	4.12663	3.78633	2.01274	0.362553	2.34095	3.2633	5.89693	10.1066	10.3927	9.35207	11.3066	12.3981	9.41494	6.27917	3.30969	2.08254	1.68151	1.02997	0.557198	0.705407	2.84707	3.17345	2.07741	1.951	2.87223	4.31548	6.14818	7.66503	6.78517	4.94911	4.12375	4.17781	4.67463	4.21067	3.80534	3.36541	5.0181	7.54743	9.13894	7.64339	9.18597	11.8666	14.8172	13.6322	8.30349	9.35161	15.1299	13.4786	4.88805	12.5206	8.31078	9.76256	5.65753	6.25598	15.8201	10.6689	9.31001	4.9652	11.1238	13.0014	9.64427	12.5427	1.69421	13.6753	10.4691	4.26034	3.23479	3.12631	13.2756	30.331	43.0988	53.0018	57.4679	54.6485	48.9177	27.8037	54.0085	50.0005	47.1691	27.0947	45.8349	36.9815	36.9482	35.1903	60.4024	31.0606	51.3934	38.7087	36.346	45.8533	53.4552	35.8419	32.5178	22.4871	35.0289	11.2502	55.6963	38.7549	52.2152	49.0497	35.9428	38.2575	34.2928	45.136	39.6207	42.4236	50.6546	46.2404	41.5075	31.3776	2.62377	29.3489	33.962	42.486	50.5512	45.4357	44.3902	51.5774	46.9377	25.0351	43.3298	46.1558	49.9414	55.3464	52.408	47.873	41.3336	33.9162	28.6562	34.0207	2.75244	42.0263	3.99473	43.0488	32.5072	13.8448	21.1803	34.9893	34.5885	12.8355	26.4025	32.5203	23.6971	19.3609	10.3827	9.24194
3.40635	3.76642	4.28983	3.43775	4.20494	5.07177	4.27679	3.56901	3.45604	3.78362	4.69062	4.41952	4.19235	4.54892	4.79385	4.23764	3.86805	3.51085	2.74899	2.46506	3.71062	4.89792	2.79835	1.4599	5.72758	9.26275	10.6402	3.12195	7.01925	9.66227	7.88925	3.42079	1.38079	2.81586	4.09575	4.09609	2.51713	3.17784	4.57198	3.25425	1.13776	1.08525	1.59276	2.50416	2.7437	1.99463	1.30396	1.72377	2.14223	1.91502	1.43864	0.728649	1.46852	1.92985	2.5513	1.61726	1.09852	1.31913	1.81781	2.29923	2.38152	3.31919	3.16117	1.78052	1.54537	1.2529	1.32563	1.53959	2.06745	2.57389	2.19656	1.60262	2.80174	4.35722	6.82643	2.19654	4.33402	2.73118	1.11367	2.19225	1.96167	1.75474	1.89484	1.53486	1.4148	0.657426	1.44772	1.7947	3.14181	12.9906	15.7598	3.94257	5.46495	6.173	8.90405	9.6499	7.4776	5.79392	4.02231	2.42658	3.24494	3.97132	4.93817	4.27186	2.60762	2.36603	2.17674	1.74486	2.07978	1.25181	0.471169	0.99512	2.66418	5.40394	9.70717	13.1673	16.0998	14.4362	6.09417	7.2982	2.55324	6.64717	9.82405	9.70769	7.76839	5.96947	4.89272	4.94734	4.85433	3.7547	1.81058	1.15826	2.5421	2.81157	3.33867	5.67396	7.05962	7.25873	6.70464	5.43865	3.37281	2.26949	3.67196	5.12671	5.12118	4.14793	6.25712	7.90243	9.56409	9.98127	10.5322	14.2375	17.2959	14.7767	11.154	7.94137	13.4471	6.15205	11.4497	9.52454	9.91829	14.7853	14.7669	2.75702	15.0971	7.69291	11.7656	20.9481	27.9043	25.7604	15.6353	7.0465	5.52855	9.13589	9.56511	8.11772	6.44785	16.1549	29.7117	45.0468	55.5618	57.2742	46.946	15.1823	37.3716	18.6869	49.9561	52.5269	42.1878	17.3012	54.8669	47.241	38.4385	36.3274	62.7565	47.1453	40.7163	47.2945	36.7314	47.8905	41.0533	35.0704	26.5864	34.2111	38.4334	16.8854	50.2078	28.94	50.6453	40.9122	46.6197	54.9529	46.5836	41.124	52.5326	51.9302	52.1305	42.7184	36.5799	36.714	26.6854	19.3068	30.2912	24.8489	39.9345	33.3535	36.0837	40.7667	28.87	20.6271	40.2867	43.9246	49.0629	46.1872	39.7009	40.4231	44.3182	43.3819	34.5537	32.752	8.87081	42.2992	22.7367	45.3184	27.5135	9.89091	22.2314	35.3168	38.343	31.4971	13.5745	37.0974	32.382	12.4016	1.98508	12.7292
4.21251	4.29665	3.62563	3.17224	4.25905	3.7	3.44281	2.91084	2.99679	3.44305	4.11438	4.4475	4.92029	5.40873	5.29609	4.57412	4.33367	3.66364	3.0148	3.56902	4.26021	5.36564	4.26369	4.46094	6.88324	8.72967	6.71861	3.31452	5.38986	2.08854	4.40549	4.0501	0.727913	3.54684	4.68811	4.36741	1.06734	4.54085	4.60969	2.14086	1.35944	1.23434	2.24794	2.77926	1.79568	1.31443	1.19047	1.39283	1.57575	1.22993	1.7243	1.26027	2.1826	1.2574	2.64663	1.94475	1.96478	2.05422	2.42701	2.91434	3.20112	2.56104	1.21301	2.5425	1.0927	1.61473	1.74119	1.5497	1.49135	1.9586	1.63086	2.0637	3.75754	4.53255	6.50072	2.37042	4.73977	2.79079	1.44263	2.14238	1.98397	1.81784	1.81784	2.13773	1.85031	0.961365	1.40444	1.64604	2.62502	8.70662	17.2509	9.3127	4.40017	5.21644	7.26622	8.42164	6.63065	7.0268	6.85828	2.29346	2.98126	3.40368	4.41034	4.66714	3.72396	2.94175	2.38795	1.78227	1.66613	1.08686	0.651061	2.32221	5.05086	7.75238	10.9752	11.3063	10.8979	10.4083	8.90045	2.42967	8.66026	3.00159	6.4667	8.84745	7.84271	6.69953	5.22453	4.00514	3.43043	3.3601	2.67736	2.07469	0.776653	2.84077	5.02912	7.15241	7.03229	5.96022	5.3624	5.93761	4.87081	4.95075	7.42942	9.01695	8.68199	5.70623	7.42786	9.11819	8.75191	9.57902	9.32586	9.32975	12.0044	9.90358	14.2269	10.5935	11.5376	5.98411	14.7497	6.44771	15.6563	7.62082	14.8549	9.33039	15.2815	11.5349	12.7284	18.8339	21.633	16.8423	15.6359	7.09429	1.86817	2.58597	7.27982	7.84818	14.391	29.4219	42.072	55.521	59.9686	49.2953	19.5207	25.7891	29.8693	5.09664	46.9769	55.2736	36.0243	32.6669	50.5078	30.1661	25.9647	34.5972	58.7032	56.7283	34.0574	48.142	52.7042	32.9872	29.729	26.3601	33.0394	22.2766	15.2535	22.6451	43.6007	35.2994	46.3081	25.5868	39.0601	57.8463	59.7561	17.3795	8.39662	43.4465	60.5498	51.5572	39.5207	29.9561	34.3094	12.3841	24.426	34.4139	35.8096	7.99306	35.758	34.9416	20.628	18.5509	32.3577	34.5623	35.013	30.5655	26.3272	27.0015	31.7649	33.0339	32.2415	27.365	19.4098	36.3748	27.9719	34.5033	18.0093	17.1944	12.6482	30.9128	33.2863	34.2349	27.5184	35.9048	34.9719	10.7139	5.67261	13.8751
1.06711	0.708233	1.62812	3.63088	3.39945	1.81702	1.94421	2.03583	3.01598	3.46934	3.95164	4.74369	5.51392	5.48323	4.95339	4.46765	4.32573	4.20627	4.52072	4.90397	4.96528	4.93629	3.84825	3.67946	5.01725	6.17559	3.14587	4.33274	2.50149	3.28888	4.02737	2.76692	1.38427	2.90442	5.16139	4.35551	0.983708	4.64523	3.16591	2.15063	1.65673	1.7605	3.23183	1.91594	0.77649	0.343091	0.834395	1.29404	1.34549	1.36318	1.78722	1.63725	1.7993	0.759417	1.9572	2.38801	2.79806	2.73872	2.86657	3.60182	3.42635	2.13058	1.91182	1.96089	1.58845	1.19782	1.25717	1.03618	0.978658	1.48599	1.58838	2.82681	4.51784	6.24697	6.86092	2.99029	4.63003	3.92022	2.26509	2.02061	2.09505	1.72206	1.50543	2.30395	2.31805	1.58277	1.29509	1.88542	4.03448	8.28488	15.2349	11.6615	1.96413	5.4599	6.1796	7.64351	5.51703	4.89947	8.0925	5.44206	2.05449	3.88131	3.01	3.66425	4.34085	3.34111	2.36137	1.48181	1.22765	1.04443	2.61537	6.39338	10.1669	10.9406	10.842	9.16937	5.99645	2.44497	11.0237	2.71356	10.8312	7.04658	5.88484	9.24256	9.06008	7.93036	5.36878	2.36727	1.97053	2.04881	2.03693	2.54118	2.38799	2.19386	5.43121	7.49875	6.66202	4.9409	5.31362	7.67283	8.14493	7.50453	8.26818	7.72355	10.1189	7.32147	8.20761	10.1522	8.38906	4.30653	8.56603	12.6337	13.1927	7.41883	7.20763	7.33665	6.0609	9.13744	10.3598	12.9657	6.8982	11.9183	5.95548	13.3052	11.7698	6.62259	14.3333	17.4156	16.7475	7.92199	10.4087	9.41729	1.37013	2.13114	2.6713	8.35225	23.9158	36.5141	54.0704	62.9085	58.0362	36.65	38.8103	36.2467	24.5501	15.3216	44.8176	53.7904	38.5751	25.2598	41.7655	49.0673	40.1625	27.914	53.1667	54.7394	45.614	55.8874	52.45	24.7626	19.4541	24.2876	16.7187	19.763	30.6265	16.2692	45.9081	41.04	39.2085	14.8552	30.3301	54.169	63.2135	52.559	46.2298	60.3317	60.9855	45.0853	38.8731	37.4143	31.0222	4.86454	30.6006	40.842	30.0629	20.7065	40.0599	28.0039	18.4174	14.2435	18.4206	19.3785	26.0697	22.8595	19.9502	20.702	24.8205	25.6562	18.6276	9.25864	23.6662	22.0889	22.1581	19.2024	15.5019	29.6251	20.0979	15.1934	22.8718	26.967	33.0811	37.0343	29.0879	6.02624	2.73364	6.11303
2.02899	1.8757	0.391109	3.55753	3.62561	3.12526	3.14167	3.06412	3.28689	3.6959	4.31044	4.94897	5.31334	5.13379	4.83557	4.58025	4.78073	4.76048	4.30769	4.26536	4.85131	5.07482	4.28504	3.73118	4.12484	3.85732	2.30497	1.19283	1.11364	2.08517	2.68087	0.743008	3.90502	3.39981	3.72333	4.21362	1.64102	3.13317	2.62438	1.95184	1.66718	2.64196	2.42378	0.745735	0.916894	1.30599	1.46494	1.75189	1.43407	1.52483	1.90313	2.33157	3.14835	2.97179	2.7569	2.37541	2.241	2.17346	2.2086	1.58942	1.05324	2.46067	1.2594	1.74985	2.0219	1.23092	1.00538	0.923535	1.15567	1.6724	2.43972	3.983	8.28732	12.12	9.21039	5.18962	4.31286	4.40798	3.09446	1.86003	1.79756	1.12733	0.901445	1.65415	1.1195	2.39415	2.87866	3.92826	8.16776	11.4143	11.2294	10.459	2.20247	5.51723	5.26943	7.32055	6.65554	2.97586	4.5468	6.2489	1.31393	4.05308	4.43056	2.95039	4.88276	3.37193	2.21637	1.57228	1.65451	2.38704	5.28913	10.1856	14.3999	13.3316	9.50024	6.27473	3.13914	1.2556	10.0508	2.48588	11.8359	9.145	6.35856	7.68854	7.31947	6.88777	6.39368	2.80783	1.62259	1.8521	1.75024	1.71265	2.32371	3.5116	4.69498	5.3608	6.69769	6.25682	7.51341	9.37766	7.93721	4.72499	6.25098	4.64176	8.69335	12.1041	13.1322	12.5973	10.3538	8.83997	6.13519	11.2411	14.4304	9.30649	2.32951	5.55289	6.38483	10.4835	12.4092	9.85801	4.74148	13.6624	6.13253	15.0713	12.7418	10.298	14.0874	17.3149	13.7273	8.22462	6.8425	5.90276	3.92402	3.14532	4.86199	16.0774	26.639	38.8937	60.376	59.2032	24.8643	21.2201	43.2786	44.5937	29.8436	24.968	47.6862	46.9246	26.7363	37.598	20.0949	44.3381	53.9862	15.6146	45.2105	49.5048	32.3343	48.2545	43.1813	31.6631	31.858	25.2939	21.4896	14.5227	32.9657	36.7891	38.8075	32.7788	22.1287	7.57725	22.8291	46.3253	59.9183	56.6368	14.6484	52.5445	54.9233	32.3086	26.8079	23.7637	16.1147	11.7369	32.2795	41.9045	34.0452	32.4427	38.87	19.8277	16.1186	11.995	14.8648	20.6929	25.8036	21.2766	19.1132	18.947	22.3011	23.0403	6.93751	18.6148	20.677	9.892	8.51017	16.4475	19.8958	28.5542	36.0237	4.42461	15.8099	17.4221	22.8294	21.2617	11.2874	1.71007	5.8355	6.7843
0.468406	1.52772	0.380459	1.75704	2.81317	3.18712	3.01435	2.83542	2.84145	3.33556	3.95268	4.38703	4.8433	5.10408	4.94787	4.68855	5.09826	4.88774	4.57567	4.96429	5.3468	5.2191	4.65222	3.84688	2.50851	1.45748	1.51353	1.42537	1.0219	1.47474	1.6006	4.80475	5.26831	3.62229	1.02435	3.12285	1.84628	1.2782	2.58218	1.46043	2.09796	2.33352	0.649307	0.395611	1.23216	1.75803	1.59368	1.61855	1.14644	1.2092	1.69069	2.99395	4.37285	4.08355	3.41609	1.8672	1.48092	1.73227	1.604	0.953206	2.02373	1.16204	1.02261	1.51218	2.22809	1.92306	1.25917	0.957048	1.75556	2.26147	3.0389	4.78307	12.93	14.687	9.21778	7.82063	4.71686	4.20394	3.59204	1.82425	1.68462	1.16791	1.73374	1.58049	2.12273	4.87852	5.95765	6.7073	10.7788	10.452	6.0207	8.55712	4.14886	4.65803	4.61254	6.4853	7.00282	4.47094	4.01967	4.24009	2.35194	2.72934	6.18743	3.69953	4.04895	3.80415	2.26468	1.64075	1.5847	2.32678	6.47938	13.1814	17.9679	13.6148	10.5883	2.69055	1.05074	3.39194	7.0193	2.42563	9.99247	8.9517	3.46534	4.97632	3.93219	4.11947	7.5079	3.60226	1.23216	1.76993	1.94364	1.6279	1.95881	4.03141	5.07908	4.44204	3.76123	4.20947	8.84086	11.2406	8.40343	5.67663	8.17088	8.56524	9.065	14.4127	16.139	14.8079	12.4534	12.3198	13.7728	9.92827	10.5741	11.2	5.81124	8.14691	12.8188	13.4934	13.0349	4.36282	9.47876	12.0048	13.1841	16.5873	10.2806	13.4289	15.5569	11.5089	8.532	7.36872	3.97778	3.39597	5.65333	7.7374	12.4237	21.8207	28.2463	42.7966	62.0948	44.1186	37.9764	46.5405	48.8249	49.1753	32.8592	38.087	53.3606	33.2083	36.8319	38.9139	38.3311	31.7722	53.0042	29.0689	34.141	44.0086	37.608	34.0484	30.8635	24.1004	32.0024	18.1139	9.22092	18.1948	30.4853	43.9298	19.9976	21.5708	14.8156	16.327	12.94	32.3551	50.2009	59.4695	48.8385	54.4571	61.2123	42.4901	43.1612	46.0171	36.8021	9.50281	30.4998	39.269	39.328	23.8834	33.923	14.012	14.088	9.93759	16.2138	24.0109	22.4404	17.8725	17.4388	18.0773	17.8349	19.5557	6.63013	23.7306	13.3181	18.5483	19.4465	23.9758	10.9124	10.8063	37.2939	12.8319	10.1834	11.6845	15.9643	10.426	4.1257	5.13229	12.1834	6.3437
0.927116	1.10502	0.114518	0.865532	0.757159	1.3032	1.82834	1.84899	1.82538	2.40092	2.76873	3.06595	3.23734	3.00836	2.87605	3.30623	3.76381	3.06403	2.99639	2.94164	1.90153	1.06161	0.665655	0.762261	1.5346	2.17182	2.43584	2.7618	2.55766	2.09614	2.6204	5.05953	3.84608	3.78182	2.37913	1.19995	2.09181	0.412899	2.40185	1.55333	2.62242	1.40936	1.38064	1.17946	1.58753	1.07605	1.02859	1.30321	1.02286	1.19715	2.01043	3.55917	3.47417	2.32705	2.86479	1.38443	1.69677	2.37013	2.07233	2.41721	1.40723	1.65363	1.65609	1.46454	1.76457	2.17917	1.25731	1.31223	2.1784	2.54173	3.15806	5.0298	14.7187	13.4842	5.28787	8.89151	6.17033	4.39453	4.1837	2.49231	2.0252	1.31017	2.41422	1.55209	4.44937	6.96351	6.26817	6.71018	9.45569	7.28361	2.93822	7.04132	5.30804	3.52782	4.38681	5.97894	7.098	6.46848	4.10253	3.04957	3.24751	1.78426	6.21854	4.7429	1.20275	3.62815	2.0198	1.79429	1.00839	1.9279	7.1205	13.8854	16.3856	3.83423	8.64253	3.50608	2.30093	3.51715	3.77679	1.61586	7.78224	12.7595	11.2717	10.5877	6.53414	2.94352	6.72067	3.75092	0.967207	1.23432	2.0444	2.34842	2.21184	3.61457	4.71379	5.89174	7.92588	6.33776	4.67033	10.8966	9.52459	8.23023	9.75679	9.9967	8.41214	7.69575	8.03372	9.23708	9.7388	9.86873	9.90652	8.65013	7.08746	12.8018	11.0511	12.5062	14.2771	12.9023	13.6127	5.30654	11.4678	8.85348	16.8023	17.9173	8.7571	11.7978	12.3805	6.81021	1.41168	4.37063	7.72828	3.70759	7.35147	16.1321	21.5117	29.5941	35.9662	48.7443	58.8292	17.3909	46.4737	40.2742	41.0547	43.4666	26.6478	44.5457	55.2976	38.161	39.3153	28.3459	38.6017	32.5441	44.8921	33.5183	25.6607	42.0413	44.2571	32.0847	35.9861	34.8406	19.8879	14.8646	5.16718	13.7859	22.9246	40.8992	10.5914	41.0585	18.8369	33.3487	12.8583	25.8759	44.602	60.886	61.2997	34.4414	61.2622	27.2108	13.8261	34.8308	46.9104	24.9291	20.525	30.1075	37.9424	13.3209	28.9464	11.4206	15.5542	10.2792	12.0222	21.5863	19.206	16.7406	17.3087	15.888	11.3005	17.6949	12.659	25.5208	9.99429	26.7541	12.4685	19.5427	13.3549	27.6571	35.0422	15.284	13.172	13.5812	7.39003	12.6227	9.12275	8.39865	15.4385	4.61282
1.97152	1.61602	1.11239	1.29687	1.23829	1.80377	2.26545	1.89159	0.803683	1.78238	1.85572	1.69251	1.60331	1.59695	1.79765	2.00287	1.88276	0.949276	1.20254	2.02068	2.75378	3.41966	3.99815	4.49507	4.85951	5.20738	5.58473	5.36607	4.65984	2.12984	1.30414	3.8884	4.02107	2.77353	4.86786	1.55691	1.40692	1.24278	1.18475	2.79471	2.81742	2.02611	1.73095	2.122	1.75915	1.21843	1.13172	1.69254	1.75993	2.3632	3.57585	3.78352	1.41597	2.18007	1.9106	2.09536	2.75779	2.07578	2.46698	2.42525	2.25027	2.29945	1.85107	1.48521	1.82146	1.82146	1.35667	2.33602	3.30333	3.58496	3.75933	4.85701	12.7872	14.1401	1.31471	8.07275	7.15051	5.58657	5.59657	4.07426	2.38911	1.47572	1.74878	3.47084	6.70973	7.18254	3.6835	4.68097	7.46654	5.60979	2.33751	5.03127	6.02725	1.7614	4.85311	5.62012	7.04908	7.01679	4.77003	3.56031	4.28068	1.94233	4.59278	4.482	2.27151	1.91272	2.31302	2.41459	1.22674	1.7414	6.39135	11.9487	15.5585	13.8296	10.7089	5.38653	3.74681	4.20242	2.68948	2.97047	5.13159	11.7807	12.5285	8.21478	4.83028	2.12866	5.30222	4.5966	1.57497	1.84752	2.6261	3.41273	3.08435	3.99739	5.09613	6.59382	8.96621	11.0863	13.6676	9.93108	6.83124	10.9099	10.8186	10.3411	8.20499	5.69997	7.07138	7.37715	5.31051	4.55454	6.68976	11.5501	14.336	14.0693	13.378	16.761	13.9281	17.6692	15.6315	5.32311	12.3835	7.35199	19.3694	19.7416	13.4639	15.8842	11.9152	7.57207	4.02042	6.52175	9.93931	13.1992	24.901	37.0071	44.4704	51.0105	56.0359	56.3544	38.518	30.393	48.8984	40.7879	41.3432	41.2986	29.6709	43.6315	57.0207	48.1011	32.2464	31.4436	43.1552	39.8325	47.0754	39.3049	27.0777	34.719	44.2486	45.0227	44.091	35.8233	14.8685	16.5111	21.7769	6.52295	25.0053	43.8075	16.3977	41.6906	26.5141	39.9346	14.8434	24.625	41.9217	58.6036	64.1521	34.4738	62.9164	46.0774	40.2794	30.3352	44.6453	37.1242	18.8647	27.2987	36.0362	12.7189	23.7116	4.19143	15.2148	23.0938	13.3995	14.0352	15.0613	9.5314	16.9391	16.872	13.4474	11.6421	15.7597	22.0008	9.54532	26.9154	32.0294	32.2604	26.0344	28.527	28.0344	18.7134	19.2559	13.2604	7.09287	10.7858	9.03335	14.3644	14.6015	8.72705
2.49173	1.80816	1.47397	1.83713	2.50256	2.92676	2.8547	2.70774	1.34027	1.4453	2.33828	1.78699	1.22053	1.23653	1.85469	2.93502	3.60805	3.98506	4.69546	5.2629	5.48467	5.70817	6.134	6.66922	6.98019	6.95119	6.13791	5.26683	5.78388	2.77883	0.433555	3.32112	6.42606	2.37464	5.72462	3.38144	0.722094	1.42768	1.86703	3.0571	2.34983	2.36162	1.89171	2.17451	1.90976	1.68316	1.32798	1.93784	2.07166	2.94239	3.80483	2.49379	1.80971	2.01687	2.34666	2.77899	1.68571	1.30632	2.01686	2.30007	2.60215	1.9702	1.18126	1.53392	2.10418	1.00709	2.13155	3.14464	3.74797	3.74372	4.08336	4.94221	8.62224	13.1695	5.64714	4.12568	6.12807	6.55	6.12003	4.31721	1.9006	2.77462	1.33762	6.18422	6.45889	4.41333	2.14633	4.2045	6.21941	4.23957	1.80022	2.64622	6.16677	1.43149	4.49396	5.18079	6.5671	6.86012	5.4678	4.38526	4.66892	1.99197	3.00553	2.44742	2.02667	1.95904	3.16948	3.61393	1.68045	1.91994	5.96367	7.94949	6.78191	5.18108	3.15397	1.77758	0.999203	2.34436	5.66838	6.58212	7.00611	3.44826	7.20402	4.91671	6.17217	4.478	4.9988	5.14869	2.48567	2.75643	3.15908	3.47846	3.70833	4.90367	4.94424	5.67197	9.91579	9.91706	12.7899	12.5378	8.56367	7.20603	8.34191	12.4949	12.9636	11.9128	13.4772	15.2993	13.055	8.80433	5.58178	6.86651	10.6188	13.0848	14.1422	16.472	2.81017	21.0695	13.1258	5.56789	10.5661	11.2217	18.7463	16.3063	9.90896	7.51322	6.68681	8.38396	13.9262	17.2848	21.0588	31.7389	45.799	55.3184	60.1339	61.6418	60.8475	48.2082	31.6979	46.6459	48.151	44.4789	41.5097	38.8639	31.119	34.3732	50.9	48.4187	28.0141	35.7582	43.2459	41.4653	48.3428	28.0563	4.72926	23.062	17.5548	35.1896	37.0692	25.6553	23.9359	33.0059	31.9482	37.7422	18.4932	51.6399	14.0279	38.1688	39.6416	36.3379	14.9109	23.2378	37.9595	55.4192	60.8298	41.1317	58.6354	47.8742	33.3887	33.6954	33.8758	42.5078	12.9394	31.2607	30.5995	19.163	12.1461	5.20612	7.71023	23.4529	16.1868	10.5527	19.1527	18.5262	11.664	11.9097	13.4731	5.55432	16.2907	12.0502	10.7281	22.3998	34.8315	37.7317	31.9278	23.9433	21.2749	9.65894	5.5102	12.2982	11.3599	3.92649	12.1404	13.4477	11.5959	11.2964
1.43521	1.72191	1.76361	2.2765	2.74756	2.64211	2.52118	3.3573	2.8218	1.21943	3.37009	4.08119	3.10212	3.21041	4.53547	5.70329	6.29187	6.45128	6.63985	6.86776	7.16373	7.20648	6.95159	7.01843	7.46437	6.70744	5.65474	7.26604	5.81233	1.89731	1.59968	5.0151	8.18355	2.53348	5.18689	3.93699	1.99666	2.1311	3.23991	2.30387	1.52569	1.65943	2.146	2.12702	1.89885	1.88238	1.73251	2.04338	2.08197	2.50849	2.48728	1.0363	1.99151	2.26975	2.33205	1.48797	1.2553	1.2088	1.99306	2.68917	2.273	2.31329	1.64423	1.52048	1.41743	1.91657	2.71969	3.07199	3.38336	4.11064	5.56584	6.73024	6.96235	8.67056	6.53111	1.118	4.3073	5.80507	5.89179	4.90353	1.80773	3.28713	1.76031	6.47979	2.31524	1.54301	2.20301	4.85142	5.77796	3.32663	1.76698	1.87931	4.91627	3.194	3.36832	5.23376	6.38765	6.27501	5.07968	4.56792	4.69439	2.12062	2.52483	2.40352	2.56009	3.37436	2.03737	4.22374	2.67782	4.44937	9.54752	11.5544	9.98682	7.35194	4.69627	3.91658	5.61412	7.88931	6.30468	8.56711	8.75973	2.89849	4.59737	8.10682	6.54044	4.59034	3.29064	3.29652	3.43769	3.97977	4.01613	4.09663	5.19391	6.00784	5.37594	4.20315	9.00206	12.3248	6.99832	6.24119	13.3517	12.9011	4.55394	5.97802	8.48082	3.96096	6.31159	9.76123	9.37162	8.32399	8.45675	8.96875	9.82984	12.3326	15.792	12.1067	7.18454	17.0497	9.32534	7.64996	9.83277	17.0214	15.5218	12.2797	6.49424	6.35554	3.97815	20.2758	27.6377	27.8352	33.7038	47.0843	57.4679	60.891	57.2249	43.4317	17.4906	18.0614	47.7808	43.094	31.7281	30.6732	29.0869	25.4264	22.6532	20.7391	47.5971	46.8685	35.591	35.0086	38.7446	43.706	40.1542	30.5467	33.5928	38.8679	37.3795	9.72545	8.45136	10.2184	5.99361	18.2313	19.4495	47.4378	34.7134	52.4843	19.6426	31.0168	28.794	19.4146	9.13824	19.3206	35.2493	53.7683	53.1129	45.6869	36.9412	51.182	39.0629	20.0738	20.5297	38.6125	5.57258	30.3828	21.9168	18.4785	15.0594	12.5039	18.3856	25.8145	19.516	10.2185	6.89189	16.951	21.3301	9.48449	12.1119	13.7472	7.1282	10.4794	10.8272	15.948	19.6118	22.5574	24.1977	17.676	15.8051	3.21313	7.44048	7.28596	8.32332	9.17808	7.86076	7.0625	12.8442	14.8862
0.524777	1.67069	2.6728	2.62049	2.06774	1.29234	1.21119	3.27307	3.60897	2.20912	1.95846	4.30885	4.96936	5.1812	5.16847	5.33407	6.05378	6.65458	6.96447	7.09987	7.10513	6.83611	6.28659	5.23215	3.45713	3.56219	8.53658	8.00092	3.94642	1.02183	2.09939	6.75452	6.79483	1.76704	3.96033	3.59157	2.6695	3.05618	3.29056	1.32966	1.48539	1.57794	2.25016	1.64567	1.53696	1.69202	1.9681	2.62361	2.88882	2.88625	2.07608	1.52678	1.93493	1.68253	1.21268	1.55424	1.68679	2.31757	2.84106	2.43222	2.80141	2.9273	1.56132	1.29875	1.48485	2.26144	2.89801	2.99106	3.96741	5.80323	7.53031	8.06908	7.41047	6.41238	7.07303	4.94092	3.81919	5.72093	6.07723	5.51903	2.22348	3.23704	1.03606	5.82174	2.98759	2.06412	2.60749	4.94706	5.83014	3.47739	2.21609	2.03126	3.96932	4.05363	1.96635	4.84649	5.99742	5.83579	4.52029	4.34405	4.97985	1.71655	2.55255	2.54886	2.12865	3.06756	1.27543	3.59261	4.24515	8.14257	11.6531	11.1557	8.52791	7.61842	7.07732	7.05372	8.09965	5.02745	4.45538	8.23817	6.36531	5.32409	0.350446	8.56926	8.33845	4.9482	2.45783	4.42597	5.23557	5.56234	5.26414	5.32748	5.95505	6.18551	6.85479	7.62697	6.83021	9.30604	9.70424	6.80973	6.4673	5.44714	7.30367	4.77008	11.0491	13.3146	15.6576	16.5111	13.04	8.29419	6.37471	8.16457	13.5668	16.4429	16.4472	11.1325	16.1145	13.0252	11.9442	14.8819	20.4304	19.8633	14.3516	10.6284	7.35218	7.41819	15.8638	25.1799	26.0999	32.0882	43.8773	56.781	61.3672	51.3514	13.6079	23.8133	37.5143	36.7121	25.2197	45.4859	44.9049	42.4944	40.3202	31.6103	17.1109	18.2971	47.2427	40.7096	39.8144	33.501	34.3234	37.13	21.2633	40.6173	41.4612	20.2574	41.259	37.2106	32.646	26.3649	19.813	24.8432	12.7559	31.7118	37.5922	40.5118	14.1074	19.3151	15.9015	8.42159	5.09038	14.7057	33.5635	51.1437	40.5951	44.0208	34.6208	44.7671	48.9886	23.6403	24.2115	29.045	5.99581	27.7658	22.0373	34.6984	26.5526	25.1477	29.4979	23.4316	19.4066	14.0216	14.8095	18.3687	19.2913	8.93197	9.34189	14.9276	11.8678	9.06909	6.91076	15.5373	15.7704	13.8138	12.2997	19.0991	21.382	17.5064	18.1535	16.2157	15.1539	10.1864	1.98347	5.34345	14.0416	13.9062
2.37752	2.38432	2.04422	1.43215	0.726655	0.867048	1.64911	3.05655	3.55885	2.88402	1.8891	2.23217	4.27358	5.07162	4.70112	4.76823	5.37603	6.11248	6.20349	5.48156	4.66295	4.1198	3.14128	1.77137	3.95694	7.75477	8.73641	5.20159	2.70285	4.14059	4.73192	5.61398	4.08605	1.42322	2.76781	3.85794	3.18047	1.88918	1.74317	0.686422	1.4838	1.97629	1.44999	1.03569	1.21509	1.3139	1.75602	3.08114	3.25944	2.80083	2.06516	1.99953	1.91193	1.23366	1.46696	2.08988	2.58653	2.93407	2.40393	2.62625	3.51901	2.37285	1.21151	1.34108	1.7163	2.67534	2.912	2.92779	4.88934	7.42851	8.45721	7.50462	6.05296	5.3545	6.66397	4.30931	4.17988	6.24559	6.43161	5.51135	2.50533	2.89403	1.44438	3.93684	3.65457	3.18191	3.00671	4.30172	5.56621	4.4425	2.67334	2.57205	3.69826	4.44832	2.02729	5.23683	5.98081	5.92445	4.39627	4.07376	5.54323	1.39636	2.95284	2.31865	2.18918	3.68442	3.93353	4.53565	4.77708	8.08303	9.06629	7.71025	6.08415	5.2772	8.216	10.174	9.20839	6.9374	7.54032	6.00173	5.12657	5.62859	3.83058	3.59704	9.13139	9.90444	8.46401	7.40034	6.77727	6.20502	5.51424	5.90809	6.08534	4.71148	5.69697	7.95847	8.64971	5.16605	6.56207	10.1717	9.51062	4.17621	9.72508	5.91968	10.695	9.8277	11.0974	7.3655	3.73916	6.25398	7.36027	6.68608	13.6489	19.1798	18.4846	4.02986	15.6861	12.3753	21.202	30.2638	31.6869	23.8219	15.9923	8.8804	10.7445	13.3466	19.4121	24.5413	27.1264	39.5569	53.3608	59.8735	54.458	19.5098	37.2464	38.263	38.1837	36.4321	41.3775	38.3225	33.31	44.7779	47.5152	32.5512	15.8924	14.472	44.404	27.2825	34.715	27.9721	24.9554	16.2281	16.9982	37.7495	40.3784	13.2132	33.3463	40.3755	34.4712	23.453	32.3476	41.5839	39.1781	24.9083	28.1534	39.7843	37.2779	12.2196	21.5122	16.0803	4.77362	6.19462	27.0226	46.0958	37.6123	39.2058	41.231	32.415	49.0324	32.4374	14.2638	22.0487	10.9849	34.5898	35.2813	30.1532	12.0381	32.3822	30.4276	21.3977	19.4381	12.8715	18.1059	18.7164	14.4429	11.2878	11.5846	15.3005	13.3699	9.59686	9.36136	19.3153	17.2619	13.1477	15.8465	20.5132	20.6153	14.305	11.8729	10.6843	7.14952	5.74067	5.82669	6.91134	13.4274	17.1756
4.37835	2.31569	1.1729	1.46094	1.92787	2.71482	3.34184	3.75042	4.19838	4.0837	3.11876	2.76735	3.77105	4.38101	4.55888	4.61382	4.8781	5.29978	4.64683	3.5071	2.16223	1.86269	3.04345	4.1029	4.43891	5.2448	5.42165	4.37082	8.71531	9.57496	6.55192	2.47648	2.95091	0.786144	2.0352	3.01609	2.76731	1.45853	0.983853	1.16011	1.55777	1.80803	1.35819	1.19407	1.39875	1.48656	2.24056	2.52744	1.53426	1.05443	0.379951	0.370953	1.44217	1.53165	2.15108	2.76217	3.07703	2.31832	2.13362	3.86115	2.63884	1.7126	1.22261	1.36861	2.12792	2.85137	2.54103	2.73805	5.41838	8.03876	7.37232	4.52326	2.91244	2.3776	3.79665	3.55984	2.5844	6.63462	6.53061	5.16288	2.98065	2.01748	2.11056	2.39386	4.15624	3.34627	3.27183	3.43612	4.85499	6.23691	3.7227	2.90942	3.51613	4.65353	2.02822	5.64342	6.13261	6.33645	4.49771	4.36196	5.21104	1.88882	2.90311	2.38332	3.06337	5.65954	6.75793	6.18963	4.74735	8.37448	10.1049	9.77096	9.14506	10.0022	11.9599	11.0677	6.38109	9.67709	7.77513	4.02028	4.66735	4.93289	3.87036	1.92098	11.3504	13.807	8.17627	7.58527	8.44026	7.83772	6.90822	6.5359	5.97454	5.11202	6.32739	9.24694	7.8747	8.00309	4.61633	10.5191	11.7193	6.51735	10.7153	10.5	9.78402	4.46779	9.90636	11.1736	7.73682	7.54862	7.64836	9.04861	12.0615	17.8433	18.4936	2.35336	8.71235	22.1144	37.0639	43.6709	40.4379	32.6289	22.0406	16.3411	19.4098	17.855	23.1698	28.1275	35.8689	47.6508	55.3932	47.5765	16.5456	29.0268	42.1438	43.055	42.9275	42.1375	47.9829	51.8169	48.7515	48.4735	44.5848	25.8174	15.4543	13.2513	42.7348	20.1871	30.6779	15.8099	11.1879	10.7362	22.2139	32.7644	38.4236	45.3854	45.3846	48.8599	48.3846	34.8465	47.9616	51.8587	50.8299	45.3935	45.6674	40.6611	46.2956	33.366	15.6811	22.8527	10.1901	8.59898	16.9964	38.5641	34.6794	32.6246	34.7336	30.9558	43.2695	35.44	18.996	12.1975	17.8117	37.8292	32.5386	20.4891	20.6253	30.2085	25.7315	20.1916	18.6695	14.8761	13.0463	10.9262	7.53733	9.01253	2.28497	8.67176	10.1463	14.5819	18.2817	21.0888	17.5869	14.6134	8.58896	8.22711	7.39427	11.4407	6.72143	10.1272	9.65404	6.69233	4.71306	7.86309	9.55586	13.8008
2.95047	1.14265	1.59162	3.18542	3.66765	4.17086	4.53906	4.80542	4.98347	5.03797	4.13106	3.41257	3.66765	3.62366	4.40588	4.95191	4.87153	4.1666	3.11643	2.97379	1.66111	2.20755	2.97953	4.25979	4.50266	5.44144	6.20798	8.29805	10.1536	7.71044	5.45967	2.68585	2.31509	1.57623	0.826015	2.33483	2.83365	2.63228	1.60197	2.3299	2.04934	1.7417	1.787	1.65169	1.70404	2.05551	2.49654	1.7202	0.698531	0.666795	0.342418	0.370872	1.38651	2.74932	3.12563	2.68712	1.62527	2.27819	3.74883	2.76035	1.58096	1.79853	1.90663	2.47921	2.65037	2.42671	2.30644	3.10216	5.9119	7.8162	5.75003	2.3901	1.72953	1.1686	2.37907	5.23757	3.73757	5.66551	6.12199	4.67832	3.12353	1.5674	2.07748	2.60376	4.16151	2.70399	3.25586	3.49798	3.79563	6.29451	5.02412	2.59095	2.85	4.92941	1.75289	5.92401	6.45169	6.69882	4.89792	4.92923	3.52082	3.33695	5.15888	5.92913	5.5371	6.4507	7.11682	5.89077	7.90515	12.5954	14.286	12.9799	10.7869	10.5634	6.30924	6.54106	12.4925	13.8196	9.82185	7.21478	6.28103	3.97164	1.94617	1.69689	10.6751	14.2831	7.09042	4.12212	4.9757	7.02268	6.87737	6.22034	5.71813	6.42521	8.9361	10.9011	8.70479	9.74795	10.1425	9.43092	14.4997	13.3554	12.971	11.9885	9.67208	9.0992	7.23445	7.93137	9.20026	9.17884	7.46155	5.86696	9.29241	15.2536	14.9786	7.2972	21.584	45.6761	54.7838	53.8829	48.2576	42.3644	33.1872	23.9161	22.6509	20.8864	29.9078	35.6871	43.7934	54.9405	54.5274	13.6723	45.265	50.55	45.2501	53.9395	41.9825	35.8105	38.7838	37.8815	38.4532	37.6834	32.2438	21.162	15.8356	12.8544	40.5585	27.4589	27.8158	10.8483	12.6394	16.8784	23.9845	39.6292	50.1552	50.3272	27.2501	35.8408	47.116	40.5732	25.0068	31.3612	32.8284	10.7102	7.16681	36.428	48.3502	38.4534	21.8247	12.0186	16.8382	12.267	13.4586	27.6695	30.1876	37.4191	23.4112	46.4657	44.216	31.9795	19.1376	13.063	32.1129	26.5567	29.4546	28.6646	28.2506	37.2109	23.9212	20.6163	20.2032	17.2911	13.7054	3.14746	2.29051	9.75258	4.286	9.01979	10.7881	13.3726	9.31906	12.2331	16.6751	12.9346	11.2649	18.5581	26.5245	23.5268	15.1782	9.82289	8.73761	3.90507	2.49288	11.2446	10.0553	7.86655
4.07047	3.55204	3.80153	4.47945	4.28101	3.98	4.38982	4.84075	4.78878	4.91487	4.01143	3.81452	4.01593	3.69896	4.14718	4.77782	4.82453	3.88761	4.30844	3.63425	2.65054	3.5694	3.86169	4.76799	4.92021	5.40837	6.69192	8.54314	3.65849	6.2711	4.46806	2.28735	1.29292	0.88075	1.25608	1.46093	2.94257	2.78445	1.74757	2.86472	2.24474	1.72787	1.70873	1.68352	1.54849	1.8664	2.37862	2.30801	2.2684	1.99558	1.7897	1.79434	2.414	2.99799	2.60722	1.67849	2.55261	3.41381	2.46221	1.78611	2.0123	2.59572	3.06717	2.96675	2.33678	2.19539	2.83724	3.92196	6.57103	7.16573	4.28424	1.82582	1.59099	0.674743	1.78324	3.48171	4.20434	2.91835	5.7546	4.5131	2.59663	1.78347	1.30246	2.61195	2.97845	2.11469	3.2071	4.42561	3.81484	4.16562	4.72785	3.77961	3.59476	6.61899	3.24634	6.85615	7.22881	6.82159	5.44838	5.0246	2.05391	5.11302	5.9479	6.28347	5.69199	7.58966	9.74159	7.54168	8.78085	12.4142	10.4978	5.10522	2.35581	5.43846	7.89898	16.5982	16.7475	11.7363	6.41733	2.02343	1.96649	4.19995	3.3439	1.65691	7.91334	13.9898	9.70897	8.07133	5.26314	2.81345	2.53578	0.679755	2.02602	4.1493	7.08376	8.36479	7.54616	9.62211	14.8407	14.3538	15.3504	15.3088	9.92073	13.16	11.5449	11.9373	12.7288	9.69635	7.41863	7.76052	7.03116	7.47156	12.0001	16.5819	14.4138	22.8521	44.1101	59.5325	60.113	52.4517	51.8827	52.1609	50.8469	37.594	31.5003	28.4478	38.9223	45.8895	54.8524	61.5932	48.9287	43.522	56.758	50.1712	54.3521	54.897	40.3951	29.2831	32.7465	26.8022	31.4683	27.9994	16.6097	17.2654	18.6789	9.48291	33.8335	33.2583	26.9688	11.9495	16.9169	21.7696	29.673	51.0976	48.6145	22.7134	43.859	42.7421	25.9164	7.30711	28.1739	47.7632	42.7026	36.7189	31.2886	26.2952	45.1551	32.8222	25.9361	15.5552	15.493	23.2946	19.4329	28.8086	40.4495	29.4341	34.8928	42.1672	30.2734	17.5994	5.52296	32.5875	44.253	42.8737	45.0531	42.5082	27.0443	40.1063	22.0272	17.8387	24.7718	19.3072	14.1781	3.92902	4.13331	12.9877	10.8101	15.4799	10.2836	7.72734	11.0478	15.9362	22.5925	9.72775	21.7877	20.7811	13.0016	13.2174	9.39158	2.47655	6.03464	5.03227	2.25402	9.75273	16.9356	23.9121
7.53554	5.21262	4.47537	4.20437	3.83756	3.41479	3.71709	4.4799	4.49709	4.14243	2.98635	2.82318	3.62585	3.713	3.9986	4.482	4.86493	4.44275	5.7634	5.77189	6.17642	5.3444	4.13216	4.0258	4.38536	4.77388	4.8493	3.72171	4.5556	5.05833	2.7014	2.46873	2.65069	1.4943	1.57918	1.50264	2.10239	3.04751	1.97672	2.77884	1.74489	1.46588	1.7543	1.87868	1.75635	2.21169	2.54269	2.39477	2.36122	2.25234	2.27745	2.4132	2.82886	1.98216	2.17799	3.06875	2.8408	2.09504	1.9087	2.14471	2.38575	2.52473	2.37726	1.99576	1.86679	2.5009	4.13895	6.38356	7.88926	6.19892	3.30422	1.76256	1.32223	0.255625	1.78509	0.57159	2.53597	1.3693	5.13456	4.05214	2.00018	2.36113	1.77306	3.11816	2.40502	2.34056	2.89342	4.54159	4.37292	3.50648	3.19598	3.6813	4.10264	7.28714	2.73792	7.11675	7.43892	6.32653	5.82216	4.2138	2.59345	4.80195	4.20108	4.09103	5.81936	12.0173	12.6372	7.89927	2.98788	6.96998	7.02922	8.69606	10.1506	11.3927	13.4843	15.5702	11.3488	3.87447	2.46554	7.62863	9.66373	8.6464	6.15377	3.27223	3.66753	13.0538	13.8236	8.82416	3.75205	4.1295	5.71013	5.91042	6.34461	6.67964	5.4521	6.7377	8.72617	12.4684	14.5117	14.2601	5.84349	14.8293	5.83042	7.72228	9.19745	10.5626	11.2053	11.3371	9.45751	10.4605	9.57588	9.4887	15.3835	21.5429	20.941	36.063	53.8618	61.9583	54.5704	49.9642	53.6811	52.3215	51.0335	40.768	42.4868	34.1678	47.8332	56.9913	62.7042	61.0812	37.2491	56.3894	58.266	48.3044	41.8362	46.2808	37.6243	31.2927	29.9205	27.2677	25.3976	18.6437	9.38165	13.0988	24.7977	8.92013	22.3585	21.3935	14.8128	10.619	20.9726	31.3889	43.4675	56.609	31.5108	39.767	47.5846	50.3664	47.4847	34.2482	25.8328	47.3216	28.3513	18.9045	36.1176	43.113	41.9839	22.7966	16.2042	26.2736	20.2509	14.4673	8.39338	19.612	37.9541	28.6235	29.547	16.991	16.0073	19.9532	6.64669	39.3118	38.9458	14.7608	17.7485	25.025	33.8141	43.1949	26.89	16.0492	24.92	22.451	14.6438	8.97146	9.40852	14.0318	11.5302	9.13693	11.6503	15.8662	3.3855	16.3447	27.0423	12.6448	23.9628	24.6004	13.5894	11.3322	11.2522	5.15141	6.86026	7.31048	4.3751	9.36991	18.6619	21.4405
10.0746	6.95798	4.31891	3.06442	2.94791	3.62348	4.19925	4.1836	3.17282	1.72701	0.511143	2.19345	3.55825	3.05671	3.25318	4.29792	2.87372	3.49602	3.13719	3.23872	3.76307	4.0489	3.34733	2.85946	2.94768	3.47972	2.05825	2.06842	6.56199	2.10354	1.9904	2.92935	3.3326	3.28681	1.46312	2.52617	1.52457	2.84906	2.27463	2.48382	1.37168	1.5126	2.10046	2.38501	3.01544	3.45282	2.70589	1.95471	1.72721	1.68714	2.01231	2.60154	2.51736	1.05043	3.4829	3.149	1.30294	1.76124	2.37167	2.35933	2.19006	2.10217	2.20643	2.56688	3.24121	4.47451	7.36155	9.12843	7.47416	4.71499	2.83468	1.85262	1.34214	1.1135	1.73985	0.997677	1.07144	1.49163	3.61213	3.4838	1.66604	2.35699	2.06537	2.55407	1.97493	2.54958	2.05131	3.51555	5.28723	4.43685	2.68707	2.29577	3.26587	6.59228	5.99313	6.02586	6.70151	5.67966	5.49676	2.9065	4.43259	4.99915	4.83237	5.5206	9.6731	12.5578	5.09811	5.22745	3.11803	5.83699	9.51217	9.6216	9.38069	10.5666	11.1606	10.216	5.93197	0.0671166	3.87627	5.79394	3.99642	5.84869	8.32306	6.4355	1.31772	12.4761	16.703	8.5868	12.3262	12.1947	7.12895	2.20141	4.40941	7.87606	7.39089	7.48744	11.5017	14.9264	11.1228	12.2255	5.95049	13.1514	11.2605	3.16156	4.95853	8.8174	9.69751	11.6615	11.6956	12.7932	13.72	14.5282	19.2904	29.8628	35.8311	44.852	52.0208	60.1306	49.0849	41.6039	44.7702	43.8019	40.3131	49.066	48.9394	38.2741	53.7322	62.1983	58.5878	27.8094	43.8945	56.8761	55.7879	56.2801	41.0446	32.326	29.5243	28.1825	30.6217	28.2283	22.2499	15.2486	16.055	17.2935	25.2244	2.25353	16.062	6.51295	8.15304	15.6269	27.5308	43.9276	53.7457	52.8303	17.8792	51.3431	39.3556	40.308	38.461	51.4782	35.9689	57.6498	55.3025	40.3962	18.281	18.5005	26.3215	20.1217	8.62395	23.0153	29.5573	14.9147	26.6972	10.1993	22.0178	24.32	18.3901	10.2824	20.1243	31.7044	13.392	34.7731	32.8266	40.1389	40.1657	32.9565	25.7153	37.7895	20.4885	6.71202	20.4522	26.0207	15.31	7.19629	7.59123	13.1379	3.37602	15.4366	12.8548	10.1276	12.7963	13.2362	30.1079	19.7936	24.3017	25.4501	13.5394	11.6462	10.075	6.14339	7.78679	10.5996	5.91019	5.41453	16.6388	10.3926
3.75081	6.34706	5.77771	3.83615	3.06997	4.27748	4.16567	0.952933	3.85088	7.62449	10.596	12.6282	13.6588	12.8848	10.0769	7.03506	2.13634	9.26053	10.7354	12.2887	11.7643	7.79507	3.03997	1.42901	1.86526	2.28038	1.91433	4.64627	4.67958	1.47145	2.40929	2.25784	2.44475	3.01034	2.1171	2.92962	1.70588	2.35414	2.62824	2.44251	2.19057	2.34435	2.21616	2.49827	3.01633	2.62998	1.90919	1.784	1.7711	1.63372	1.98592	2.40925	1.4291	2.54691	3.35733	2.3476	2.21941	4.16757	5.74313	5.98029	5.24512	4.93992	4.85055	4.97203	5.49261	6.83947	8.65287	6.78729	4.04375	3.04732	1.89382	1.00627	0.872312	1.13233	1.74006	1.67809	0.945364	0.412031	2.25496	3.49031	2.11315	2.20198	1.56609	1.21606	1.62077	2.55124	1.21403	2.23863	5.1599	6.32164	3.32464	1.74126	1.3608	3.51386	3.44691	3.09487	6.81922	5.76481	3.93094	3.81911	8.08808	8.53484	7.65313	6.87552	8.46617	6.90784	3.60118	5.02321	2.36484	2.57796	1.10698	2.14327	3.62847	4.09137	4.61844	4.86708	2.24064	0.494942	3.75478	6.29158	3.61137	2.84036	7.19481	8.71747	6.66897	7.33011	15.6549	13.1785	8.98295	5.5989	5.47245	8.25797	6.1811	5.22497	8.43126	10.5436	12.2774	12.434	8.49003	7.31848	11.9536	9.55896	11.5909	6.20659	4.23643	7.87037	11.5437	11.925	12.5295	10.7146	13.6561	16.4544	24.362	40.1161	51.1656	49.6877	44.7735	60.2659	48.7517	27.631	46.5937	31.8607	46.3791	47.7451	46.5402	41.3987	59.4269	62.9615	35.7572	31.7145	51.8834	58.3564	58.6268	56.1836	43.2308	24.404	21.5588	23.294	25.1852	23.5726	18.2313	13.9269	16.776	20.9921	16.7854	11.3954	9.61871	9.14187	14.7648	20.4312	33.6216	51.9201	49.7919	38.8607	13.2633	52.9624	53.7702	20.3224	35.1227	57.3576	43.8262	20.8958	53.8658	55.2947	43.1237	44.7248	42.7743	24.9306	25.3516	30.2045	40.3245	5.65504	25.983	16.4429	13.3584	10.5106	8.70209	21.2706	17.2795	27.1645	14.9329	27.9783	34.0247	27.6111	24.8339	20.5115	18.0924	37.7299	26.8443	23.4547	21.0534	20.6381	16.5447	11.8871	8.04652	8.09037	7.78669	12.2003	6.50431	9.88145	9.28648	15.1193	33.1059	15.3077	21.7716	22.3581	6.79051	10.2324	7.18732	6.44527	9.21761	10.5316	7.53946	10.9004	19.8513	8.24983
3.5706	1.83106	4.261	3.92216	2.27537	2.36912	3.26393	6.85901	10.6324	13.4513	14.7641	13.6807	13.2084	14.7287	16.7707	11.6409	11.6788	18.0288	17.0451	17.259	16.6091	14.4002	10.3587	4.82773	0.416836	1.3829	2.84129	5.73214	2.99919	1.19267	0.967543	1.40017	2.26338	2.46106	2.62531	2.18767	1.65634	2.49025	3.45592	3.12331	3.00514	2.66309	2.68791	3.33325	3.21324	2.84747	2.92304	2.50041	2.01211	2.52356	3.76926	3.13706	2.16565	3.12794	3.0284	3.07535	6.22573	8.68477	9.16624	8.95911	7.91129	6.69849	6.397	7.26471	8.14818	8.73031	7.42601	4.81214	4.75044	4.3821	3.62129	2.39764	1.86657	1.67995	1.87614	2.07412	2.21299	1.67299	1.93741	3.16151	2.7555	2.63318	1.68944	1.87077	1.89341	2.44634	0.611933	2.09128	4.90333	7.52207	4.71483	2.45968	1.95134	2.93	3.15681	3.41805	6.8996	5.56511	2.15953	8.23904	11.4476	9.9901	8.21853	6.28614	4.195	3.32495	2.14765	1.92162	1.32001	3.1198	5.04106	4.29037	2.04576	1.50737	2.63553	3.82325	2.81646	2.11575	2.05978	6.27103	4.65898	0.750696	2.92635	6.45881	8.71637	3.57376	5.56495	8.4491	8.57892	7.21509	6.54843	8.82363	6.22551	6.13879	9.16172	12.8193	10.3064	8.53458	8.27646	2.24276	4.82609	8.10449	9.61997	6.67179	6.22828	8.39074	14.597	12.8104	14.0761	12.1267	15.8077	18.3948	31.2185	49.4337	58.9091	54.0009	52.8351	60.9152	42.0754	39.7892	38.8867	50.4457	52.2086	39.0361	43.5527	39.3209	61.6443	53.0126	19.6487	46.1431	53.1351	60.8687	57.8668	48.505	34.5751	21.4584	17.1232	15.8648	16.0335	15.3699	12.5215	11.2741	13.4922	16.1147	10.0012	16.9219	16.8291	16.4002	11.7452	19.8722	35.7285	53.3337	41.1735	49.9674	51.207	41.4318	54.6658	36.0069	16.0819	52.4326	52.2937	37.9486	32.3897	55.3982	50.9465	47.3474	47.4136	41.4068	36.4884	32.3053	43.8416	13.8299	23.152	8.64488	11.5672	3.57811	6.3477	21.0367	27.5032	35.2395	28.5342	20.8367	21.4124	34.0567	32.9748	35.4297	41.721	39.2572	27.4703	17.6801	18.9053	11.176	7.64465	18.3777	15.4151	10.6529	10.2059	24.768	26.1035	16.0687	9.91611	18.5498	28.3191	5.53404	22.743	16.8111	12.2281	11.446	7.66318	6.82	12.7903	14.4207	9.64679	15.2118	13.0912	15.83
4.29333	4.06615	1.09475	1.53643	2.17479	4.33091	8.32803	10.4613	10.6869	9.50426	7.1551	4.74807	4.40365	9.04562	17.1404	17.5504	19.4074	17.5596	10.1702	6.93957	6.30213	8.57398	10.5611	8.79708	4.30968	1.71038	3.85972	4.73322	2.44587	0.731388	0.739943	0.935432	2.09991	1.77042	2.20117	1.57637	1.4529	2.73495	3.10882	2.7954	2.36863	2.04011	2.76081	3.54587	3.3925	3.5375	4.03633	3.56245	2.41953	3.82769	4.93598	3.97696	3.75019	3.66806	3.1632	3.57223	7.5292	7.23634	5.38414	5.39886	5.61883	5.09529	5.69983	7.20071	7.47746	7.16542	5.60282	5.37428	6.47681	5.55207	5.37229	3.96134	2.63275	2.22632	2.01884	1.95185	1.89662	1.43623	1.52826	2.14187	2.3206	2.81501	0.729886	1.63512	1.65048	1.30116	0.930334	2.8062	5.07274	7.84368	5.79582	2.78923	2.69881	0.912054	2.13306	2.44049	5.61234	4.928	2.61391	11.8552	11.8352	7.52404	4.94923	3.855	3.06154	1.95185	0.964809	1.5988	0.182481	1.3687	1.16268	4.38565	4.38604	2.36278	2.18724	3.76457	3.71529	2.61218	0.749934	4.78781	5.58337	2.02161	0.833468	2.62236	5.6644	7.42562	4.67754	2.68963	12.4372	12.2337	6.57751	6.78062	8.80085	9.32734	10.5383	11.2961	8.9009	7.55827	5.69717	1.5104	3.15839	6.14887	6.80059	6.63976	9.92718	11.1135	14.0616	12.7277	9.52515	12.0107	17.2774	19.9018	37.2039	53.8457	59.7731	53.1277	53.6054	54.2161	34.5486	43.7558	45.5831	49.8101	43.5984	47.8242	39.7039	35.707	52.0306	20.9041	49.9102	54.25	59.7548	62.7616	54.4221	39.0333	23.2989	16.8691	14.5185	12.0733	13.7908	10.0034	7.47362	8.92079	10.6497	8.4279	5.72568	12.755	16.9429	9.11234	14.1435	15.8279	36.0193	50.331	24.2512	41.5385	57.6904	40.1621	40.4616	35.5399	18.4455	43.451	49.4708	44.3892	14.733	30.3549	25.2614	48.4421	31.0771	17.7181	27.3913	47.4388	44.096	14.3091	25.6622	15.9511	1.87193	8.47378	2.54901	7.45931	20.3911	33.8932	24.1554	22.5606	9.27097	28.2311	42.3267	41.1721	36.1295	29.172	21.8091	16.1193	13.0691	12.317	8.08831	12.6561	17.7466	19.2798	17.8619	17.6828	18.4911	22.0189	12.6909	12.4517	22.7995	6.00396	20.679	17.1979	11.417	7.09666	7.24633	5.52733	11.3478	23.6429	21.1577	10.9726	11.8404	28.0274
6.18529	8.15385	8.31188	8.22086	9.04661	10.5919	11.2996	10.2397	8.51931	5.72274	2.94431	2.44854	2.43976	5.28056	12.0127	15.5642	14.7911	8.94391	3.08159	1.44143	1.4513	3.6399	6.46707	7.83035	4.6968	2.26587	2.86131	3.02778	2.4747	1.46048	1.67178	1.48883	2.23582	2.11993	2.12467	1.98808	2.29893	2.97559	2.33216	1.94643	1.70573	1.9639	3.76192	4.2574	3.68023	3.38979	3.58563	4.24648	3.41183	5.20561	5.68637	5.56938	5.66113	4.89383	4.35483	3.29074	6.32156	2.68037	0.31527	1.42635	3.07513	3.87231	4.87963	5.07402	4.41023	4.42582	4.19719	4.48032	5.43616	5.10427	6.78585	6.43299	4.02419	2.57157	1.70687	1.54841	1.57416	1.38934	1.75362	1.93214	2.03558	3.31134	1.89108	2.03613	0.885896	1.08896	1.92934	3.46305	5.02185	7.76101	6.77077	3.16343	4.20454	4.9659	5.19416	4.54793	6.45292	4.74211	2.18088	13.5525	12.274	7.39122	6.64683	2.94726	1.69741	2.09317	1.89105	2.1199	3.19138	3.25096	3.23593	4.28048	6.39936	4.1515	2.125	2.57422	3.73517	3.80655	3.03198	2.65244	5.30368	2.29556	1.24733	2.32369	4.20039	6.85222	8.29797	4.26531	8.55912	15.9502	11.2993	8.6316	10.5846	9.6096	7.41326	7.89997	8.81882	9.16003	6.75397	5.53606	3.61349	7.35532	6.71117	7.0936	9.62988	7.66284	10.6179	15.3965	16.4801	27.5949	32.7661	32.2267	39.377	51.3059	55.6775	50.0338	32.8169	35.6308	26.8673	32.1914	35.7837	35.4457	32.8254	51.339	34.9233	27.3689	51.328	56.0018	60.8613	58.6163	57.3258	52.5172	39.3248	31.823	20.547	16.206	13.4564	10.7052	13.0433	7.86187	4.75892	2.79943	5.20775	10.8673	11.4489	8.60198	4.56301	14.8249	19.9357	15.7183	36.0703	47.555	14.5129	24.5106	51.8214	48.3839	48.8114	39.1501	27.326	48.4619	51.9616	33.0483	44.0272	39.65	50.4551	58.8447	40.1549	39.982	32.3863	49.5469	43.0618	9.93056	29.5979	11.0436	9.99378	10.3345	2.9391	5.942	9.76282	22.5209	4.15308	27.3885	10.7977	8.3723	15.7169	7.3017	11.2717	14.7006	15.4145	15.7616	11.2915	14.5193	15.1228	15.5681	17.6357	15.5587	17.3816	18.7775	3.49682	15.9361	13.7985	7.00449	22.4504	10.7281	16.301	14.8743	4.27166	4.34423	6.62657	6.96037	6.30997	26.8997	27.6164	21.6982	28.5651	29.4098
9.86888	12.095	14.5113	15.4065	14.6296	12.7314	9.95882	7.73088	5.82514	3.75338	2.80897	3.05712	2.95816	3.34321	5.03995	5.99276	5.0181	2.40233	1.1033	1.2465	2.66554	5.5746	7.81941	6.70612	2.67048	1.35748	1.11723	1.9484	2.56716	2.28262	1.88309	1.45897	1.97989	2.26536	2.00021	1.89651	2.44625	2.80614	2.10464	1.66557	1.67524	2.33162	4.57862	4.26328	3.45505	3.04958	3.13523	3.75951	3.40064	5.71053	5.6232	4.80248	5.54604	4.59778	4.90736	1.85813	4.5126	2.24809	1.16607	1.04429	2.17511	3.07052	3.51134	3.08217	2.94967	3.27735	3.25635	2.76261	3.58926	3.53712	3.85797	6.19473	5.15607	3.22637	1.96153	1.88258	1.94844	1.88369	2.22769	2.39702	1.79579	2.9448	2.72753	2.0561	1.11544	1.40366	2.45249	3.59029	4.65634	7.25652	7.70623	3.6433	4.09826	5.38728	4.63027	4.32838	7.44028	5.34778	2.20908	14.4208	15.9815	7.14798	9.50061	4.5571	0.616379	1.37801	1.96383	2.87434	4.96814	5.35489	5.29622	5.44184	7.80329	5.6576	2.62044	2.11378	2.82677	4.28185	4.56448	1.50377	5.13936	3.86425	2.54363	3.07729	3.98351	5.48644	8.16872	7.49385	3.97655	13.9153	16.2525	12.7182	8.75236	4.92954	5.38335	8.06634	9.39752	9.23399	3.80563	2.34245	1.9382	4.13879	6.14241	8.72298	9.03866	7.09641	11.7073	22.9474	33.8916	42.5739	47.1371	46.6787	42.1348	37.9641	48.2066	54.4629	47.9602	41.1165	27.353	20.483	12.1386	6.17868	46.1053	56.2565	50.844	52.0731	58.6621	61.6214	61.8296	58.6925	47.1013	24.42	33.7854	37.0693	26.8202	17.6632	13.9413	9.25473	6.51441	8.12893	11.3147	13.2754	18.4383	20.7159	19.019	17.7562	11.7373	9.37126	22.9873	19.9594	35.2571	46.3364	6.1934	34.2421	42.1699	50.493	50.2862	43.3147	19.0118	53.7221	36.1628	45.9824	45.8352	29.2786	51.8115	52.6016	33.8752	45.1987	46.3484	42.7864	41.3686	11.3587	27.8392	15.2151	10.397	13.5784	5.22166	2.68185	10.6978	22.6981	12.297	17.8499	7.44131	3.39047	13.4872	2.04767	13.4387	14.8813	15.1875	12.8833	9.00144	12.7271	12.7524	7.96599	7.56966	11.6344	16.8768	21.1547	19.4779	5.24997	18.7078	4.13995	23.0381	12.4689	14.7521	16.7411	3.36987	5.09349	8.28894	6.10731	3.86739	18.8462	28.4536	31.1712	31.2158	25.0355