0.453366	0.906675	0.906675	0.453366	0.453366	0.453366	0	0.453366	0.453366	0.453366	0.906675	0.906675	0.453366	0.453366	0.906675	0.453366	0.453366	0.453366	0.453366	0.906675	0.453366	0.453366	0.906675	0.906675	0.453366	0.453366	0.453366	0.453366	1.35987	0.906675	0.453366	0.453366	0.906675	0.906675	0.453366	0.453366	0.906675	1.35987	0.453366	0.453366	0.453366	0.453366	0.906675	0.906675	0.453366	0.453366	1.35987	0.906675	0.453366	0.453366	0.453366	0.906675	0.453366	0.453366	0.906675	0.906675	0.453366	0.453366	0.453366	0.453366	0.906675	0.453366	0.453366	0.906675	0.906675	0.453366	0.453366	0.453366	0.453366	0.906675	0.453366	0.453366	0.906675	0.453366	0.453366	0.453366	0	0.453366	0.906675	0.453366	0.453366	0.906675	0.453366	0.453366	0.453366	0	0.453366	0.906675	0.453366	0	0.453366	0.453366	0.453366	0.453366	0.453366	0.453366	0.453366	0.453366	0.453366	0.453366	0	0.453366	0.453366	0.453366	0.906675	0.453366	0	0.453366	0.906675	0.453366	0.453366	0.453366	0.453366	0.906675	0.453366	0.453366	0.453366	0.453366	0.453366	0.453366	0.453366	0.453366	0.906675	0.453366	0.453366	0.453366	0.453366	0.453366	0.453366	0.453366	0.453366	0.906675	0.453366	0	0	0.453366	0.453366	0.453366	0.453366	0.453366	0.453366	0	0.453366	0.453366	0	0.453366	0.453366	0	0.453366	0.453366	0	0	0	0.453366	0.453366	0	0	0	0.453366	0.453366	0	0	0	0	0	0	0	0	0	0	0	0	0	0	0.453366	0.453366	0	0	0	0	0	0.453366	0.453366	0	0	0	0	0	0.453366	0.453366	0	0	0	0	0	0	0	0.453366	0.453366	0	0	0.453366	0.453366	0	0	0	0.453366	0.453366	0	0	0	0.453366	0.453366	0	0	0	0.453366	0.453366	0	0	0.453366	0.453366	0	0	0.453366	0.453366	0	0	0	0.453366	0.453366	0	0	0	0.453366	0.453366	0	0	0	0	0	0.453366	0.453366	0	0	0	0	0.453366	0.453366	0	0	0	0	0	0	0
0.453323	0.906589	0.906589	0.453323	0.453323	0.453323	0	0.453323	0.453323	0.453323	0.906589	0.906589	0.453323	0.453323	0.906589	0.453323	0.453323	0.453323	0.453323	0.906589	0.453323	0.453323	0.906589	0.906589	0.453323	0.453323	0.453323	0.453323	1.35974	0.906589	0.453323	0.453323	0.906589	0.906589	0.453323	0.453323	0.906589	1.35974	0.453323	0.453323	0.453323	0.453323	0.906589	0.906589	0.453323	0.453323	1.35974	0.906589	0.453323	0.453323	0.453323	0.906589	0.453323	0.453323	0.906589	0.906589	0.453323	0.453323	0.453323	0.453323	0.906589	0.453323	0.453323	0.906589	0.906589	0.453323	0.453323	0.453323	0.453323	0.906589	0.453323	0.453323	0.906589	0.453323	0.453323	0.453323	0	0.453323	0.906589	0.453323	0.453323	0.906589	0.453323	0.453323	0.453323	0	0.453323	0.906589	0.453323	0	0.453323	0.453323	0.453323	0.453323	0.453323	0.453323	0.453323	0.453323	0.453323	0.453323	0	0.453323	0.453323	0.453323	0.906589	0.453323	0	0.453323	0.906589	0.453323	0.453323	0.453323	0.453323	0.906589	0.453323	0.453323	0.453323	0.453323	0.453323	0.453323	0.453323	0.453323	0.906589	0.453323	0.453323	0.453323	0.453323	0.453323	0.453323	0.453323	0.453323	0.906589	0.453323	0	0	0.453323	0.453323	0.453323	0.453323	0.453323	0.453323	0	0.453323	0.453323	0	0.453323	0.453323	0	0.453323	0.453323	0	0	0	0.453323	0.453323	0	0	0	0.453323	0.453323	0	0	0	0	0	0	0	0	0	0	0	0	0	0	0.453323	0.453323	0	0	0	0	0	0.453323	0.453323	0	0	0	0	0	0.453323	0.453323	0	0	0	0	0	0	0	0.453323	0.453323	0	0	0.453323	0.453323	0	0	0	0.453323	0.453323	0	0	0	0.453323	0.453323	0	0	0	0.453323	0.453323	0	0	0.453323	0.453323	0	0	0.453323	0.453323	0	0	0	0.453323	0.453323	0	0	0	0.453323	0.453323	0	0	0	0	0	0.453323	0.453323	0	0	0	0	0.453323	0.453323	0	0	0	0	0	0	0
2.31025	2.29354	2.08263	1.86844	1.86844	2.0074	2.15526	2.31025	2.31025	2.31025	2.43973	2.43973	2.31025	2.31025	2.43973	2.31025	2.31025	2.31025	2.31025	2.43973	2.31025	2.31025	2.43973	2.43973	2.31025	2.31025	2.31025	2.31025	2.64139	2.43973	2.31025	2.31025	2.43973	2.43973	2.31025	2.31025	2.29354	2.2935	1.86844	1.86844	1.86844	1.86844	2.17888	2.38125	2.31025	2.31025	2.48652	2.08263	1.7331	1.51167	1.43323	1.634	1.43323	1.43323	1.634	1.634	1.43323	1.43323	1.43323	1.43323	1.634	1.43323	1.43323	1.634	1.634	1.43323	1.29195	1.07502	1.01354	1.28193	1.01354	1.01354	1.28193	1.01354	0.86303	0.817168	0.80132	1.01354	1.28193	1.01354	0.86303	0.974768	0.641047	0.641047	0.641047	0.577857	0.817168	0.974768	0.641047	0.577857	0.817168	0.660786	0.641047	0.641047	0.480794	0.506788	0.660762	0.641047	0.480794	0.506788	0.358378	0.480794	0.358355	0.45328	0.906503	0.45328	0.160268	0.506788	0.801259	0.45328	0.45328	0.45328	0.45328	0.906503	0.45328	0.45328	0.45328	0.45328	0.45328	0.45328	0.45328	0.45328	0.801259	0.480794	0.641047	0.641047	0.660762	0.577815	0.45328	0.45328	0.358355	0.862983	0.641047	0.358378	0.160268	0.358355	0.506788	0.577815	0.45328	0.358355	0.506788	0.160268	0.358355	0.480794	0.358378	0.506788	0.480794	0.453316	0.641047	0.641047	0.453316	0.453316	0.453316	0.641047	0.641047	0.453316	0.453316	0.453316	0.660786	0.86303	0.906575	0.906575	0.80132	0.577857	0.453316	0.453316	0.453316	0.453316	0.453316	0.453316	0.453316	0.453316	0.453316	0.453316	0.660786	0.86303	0.906575	0.906575	0.906575	0.906575	0.906575	1.07502	1.29195	1.25159	1.02615	0.906575	0.906575	0.906575	1.07502	1.29195	1.35972	1.35972	1.35972	1.25159	1.02615	0.906575	0.906575	1.07502	1.29195	1.35972	1.35972	1.43323	1.43323	1.35972	1.35972	1.35972	1.51167	1.64966	1.47733	1.35972	1.35972	1.43323	1.43323	1.25159	1.02615	0.906575	1.07502	1.29195	1.25159	1.02615	1.07502	1.22042	1.02615	0.906575	1.01354	1.01354	0.906575	0.80132	0.577857	0.660786	0.86303	0.906575	0.906575	0.80132	0.817168	0.86303	0.906575	0.906575	0.906575	0.80132	0.577857	0.660786	0.86303	0.80132	0.577857	0.453316	0.453316	0.660786	0.86303	0.906575	0.906575	0.906575	0.80132	0.577857	0.453316	0.453316
2.31004	2.22526	2.00721	1.86826	1.86826	2.08243	2.17871	2.31004	2.31004	2.31004	2.4395	2.4395	2.31004	2.31004	2.4395	2.31004	2.31004	2.31004	2.31004	2.4395	2.31004	2.31004	2.4395	2.4395	2.31004	2.31004	2.31004	2.31004	2.64114	2.4395	2.31004	2.31004	2.4395	2.4395	2.31004	2.31004	2.22526	2.17868	1.86826	1.86826	1.86826	1.86826	2.29329	2.48628	2.31004	2.31004	2.38102	2.00721	1.70308	1.47719	1.43309	1.63385	1.43309	1.43309	1.63385	1.63385	1.43309	1.43309	1.43309	1.43309	1.63385	1.43309	1.43309	1.63385	1.63385	1.43309	1.25147	1.02605	1.01345	1.28181	1.01345	1.01345	1.28181	1.01345	0.801244	0.817091	0.862948	1.01345	1.28181	1.01345	0.801244	0.801213	0.640986	0.640986	0.640986	0.660724	0.817091	0.801213	0.640986	0.660724	0.817091	0.577802	0.640986	0.640986	0.358344	0.50674	0.862901	0.640986	0.358344	0.50674	0.480748	0.358344	0.160253	0.453237	0.906417	0.453237	0.358321	0.50674	0.57776	0.453237	0.453237	0.453237	0.453237	0.906417	0.453237	0.453237	0.453237	0.453237	0.453237	0.453237	0.453237	0.453237	0.57776	0.358344	0.640986	0.640986	0.862901	0.801183	0.453237	0.453237	0.160253	0.660699	0.640986	0.480748	0.358321	0.160253	0.50674	0.801183	0.453237	0.160253	0.50674	0.358321	0.160253	0.358344	0.480748	0.50674	0.358344	0.453273	0.640986	0.640986	0.453273	0.453273	0.453273	0.640986	0.640986	0.453273	0.453273	0.453273	0.577802	0.801244	0.906489	0.906489	0.862948	0.660724	0.453273	0.453273	0.453273	0.453273	0.453273	0.453273	0.453273	0.453273	0.453273	0.453273	0.577802	0.801244	0.906489	0.906489	0.906489	0.906489	0.906489	1.02605	1.25147	1.29183	1.07492	0.906489	0.906489	0.906489	1.02605	1.25147	1.35959	1.35959	1.35959	1.29183	1.07492	0.906489	0.906489	1.02605	1.25147	1.35959	1.35959	1.43309	1.43309	1.35959	1.35959	1.35959	1.47719	1.64951	1.51153	1.35959	1.35959	1.43309	1.43309	1.29183	1.07492	0.906489	1.02605	1.25147	1.29183	1.07492	1.02605	1.2203	1.07492	0.906489	1.01345	1.01345	0.906489	0.862948	0.660724	0.577802	0.801244	0.906489	0.906489	0.862948	0.817091	0.801244	0.906489	0.906489	0.906489	0.862948	0.660724	0.577802	0.801244	0.862948	0.660724	0.453273	0.453273	0.577802	0.801244	0.906489	0.906489	0.906489	0.862948	0.660724	0.453273	0.453273
0.453194	0.453194	0.453194	0.453194	0.453194	0.906331	0.453194	0.453194	0.453194	0.453194	0.906331	0.906331	0.453194	0.453194	0.906331	0.453194	0.453194	0.453194	0.453194	0.906331	0.453194	0.453194	0.906331	0.906331	0.453194	0.453194	0.453194	0.453194	1.35935	0.906331	0.453194	0.453194	0.906331	0.906331	0.453194	0.453194	0.453194	0.906331	0.453194	0.453194	0.453194	0.453194	1.35935	1.35935	0.453194	0.453194	0.906331	0.453194	0	0	0.453194	0.906331	0.453194	0.453194	0.906331	0.906331	0.453194	0.453194	0.453194	0.453194	0.906331	0.453194	0.453194	0.906331	0.906331	0.453194	0	0	0.453194	0.906331	0.453194	0.453194	0.906331	0.453194	0	0.453194	0.453194	0.453194	0.906331	0.453194	0	0.453194	0.453194	0.453194	0.453194	0.453194	0.453194	0.453194	0.453194	0.453194	0.453194	0	0.453194	0.453194	0	0.453194	0.906331	0.453194	0	0.453194	0.453194	0	0	0.453194	0.906331	0.453194	0.453194	0.453194	0.453194	0.453194	0.453194	0.453194	0.453194	0.906331	0.453194	0.453194	0.453194	0.453194	0.453194	0.453194	0.453194	0.453194	0.453194	0	0.453194	0.453194	0.906331	0.906331	0.453194	0.453194	0	0.453194	0.453194	0.453194	0.453194	0	0.453194	0.906331	0.453194	0	0.453194	0.453194	0	0	0.453194	0.453194	0	0	0.453194	0.453194	0	0	0	0.453194	0.453194	0	0	0	0	0	0	0	0.453194	0.453194	0	0	0	0	0	0	0	0	0	0	0	0	0	0	0	0	0	0	0	0.453194	0.453194	0	0	0	0	0	0	0	0	0.453194	0.453194	0	0	0	0	0	0	0.453194	0.453194	0	0	0	0	0.453194	0.453194	0	0	0.453194	0.453194	0.453194	0.453194	0	0	0	0.453194	0.453194	0	0.453194	0.453194	0	0.453194	0.453194	0	0.453194	0.453194	0	0	0	0	0.453194	0.453194	0	0	0	0	0.453194	0.453194	0	0	0.453194	0.453194	0	0	0	0	0	0	0	0.453194	0.453194	0	0
0.453151	0.453151	0.453151	0.453151	0.453151	0.906245	0.453151	0.453151	0.453151	0.453151	0.906245	0.906245	0.453151	0.453151	0.906245	0.453151	0.453151	0.453151	0.453151	0.906245	0.453151	0.453151	0.906245	0.906245	0.453151	0.453151	0.453151	0.453151	1.35923	0.906245	0.453151	0.453151	0.906245	0.906245	0.453151	0.453151	0.453151	0.906245	0.453151	0.453151	0.453151	0.453151	1.35923	1.35923	0.453151	0.453151	0.906245	0.453151	0	0	0.453151	0.906245	0.453151	0.453151	0.906245	0.906245	0.453151	0.453151	0.453151	0.453151	0.906245	0.453151	0.453151	0.906245	0.906245	0.453151	0	0	0.453151	0.906245	0.453151	0.453151	0.906245	0.453151	0	0.453151	0.453151	0.453151	0.906245	0.453151	0	0.453151	0.453151	0.453151	0.453151	0.453151	0.453151	0.453151	0.453151	0.453151	0.453151	0	0.453151	0.453151	0	0.453151	0.906245	0.453151	0	0.453151	0.453151	0	0	0.453151	0.906245	0.453151	0.453151	0.453151	0.453151	0.453151	0.453151	0.453151	0.453151	0.906245	0.453151	0.453151	0.453151	0.453151	0.453151	0.453151	0.453151	0.453151	0.453151	0	0.453151	0.453151	0.906245	0.906245	0.453151	0.453151	0	0.453151	0.453151	0.453151	0.453151	0	0.453151	0.906245	0.453151	0	0.453151	0.453151	0	0	0.453151	0.453151	0	0	0.453151	0.453151	0	0	0	0.453151	0.453151	0	0	0	0	0	0	0	0.453151	0.453151	0	0	0	0	0	0	0	0	0	0	0	0	0	0	0	0	0	0	0	0.453151	0.453151	0	0	0	0	0	0	0	0	0.453151	0.453151	0	0	0	0	0	0	0.453151	0.453151	0	0	0	0	0.453151	0.453151	0	0	0.453151	0.453151	0.453151	0.453151	0	0	0	0.453151	0.453151	0	0.453151	0.453151	0	0.453151	0.453151	0	0.453151	0.453151	0	0	0	0	0.453151	0.453151	0	0	0	0	0.453151	0.453151	0	0	0.453151	0.453151	0	0	0	0	0	0	0	0.453151	0.453151	0	0
0.453108	0.453108	0.453108	0.453108	0.453108	0.906159	0.453108	0.453108	0.453108	0.453108	0.906159	0.906159	0.453108	0.453108	0.906159	0.453108	0.453108	0.453108	0.453108	0.906159	0.453108	0.453108	0.906159	0.906159	0.453108	0.453108	0.453108	0.453108	1.3591	0.906159	0.453108	0.453108	0.906159	0.906159	0.453108	0.453108	0.453108	0.906159	0.453108	0.453108	0.453108	0.453108	1.3591	1.3591	0.453108	0.453108	0.906159	0.453108	0	0	0.453108	0.906159	0.453108	0.453108	0.906159	0.906159	0.453108	0.453108	0.453108	0.453108	0.906159	0.453108	0.453108	0.906159	0.906159	0.453108	0	0	0.453108	0.906159	0.453108	0.453108	0.906159	0.453108	0	0.453108	0.453108	0.453108	0.906159	0.453108	0	0.453108	0.453108	0.453108	0.453108	0.453108	0.453108	0.453108	0.453108	0.453108	0.453108	0	0.453108	0.453108	0	0.453108	0.906159	0.453108	0	0.453108	0.453108	0	0	0.453108	0.906159	0.453108	0.453108	0.453108	0.453108	0.453108	0.453108	0.453108	0.453108	0.906159	0.453108	0.453108	0.453108	0.453108	0.453108	0.453108	0.453108	0.453108	0.453108	0	0.453108	0.453108	0.906159	0.906159	0.453108	0.453108	0	0.453108	0.453108	0.453108	0.453108	0	0.453108	0.906159	0.453108	0	0.453108	0.453108	0	0	0.453108	0.453108	0	0	0.453108	0.453108	0	0	0	0.453108	0.453108	0	0	0	0	0	0	0	0.453108	0.453108	0	0	0	0	0	0	0	0	0	0	0	0	0	0	0	0	0	0	0	0.453108	0.453108	0	0	0	0	0	0	0	0	0.453108	0.453108	0	0	0	0	0	0	0.453108	0.453108	0	0	0	0	0.453108	0.453108	0	0	0.453108	0.453108	0.453108	0.453108	0	0	0	0.453108	0.453108	0	0.453108	0.453108	0	0.453108	0.453108	0	0.453108	0.453108	0	0	0	0	0.453108	0.453108	0	0	0	0	0.453108	0.453108	0	0	0.453108	0.453108	0	0	0	0	0	0	0	0.453108	0.453108	0	0
0.453065	0.453065	0.453065	0.453065	0.453065	0.906073	0.453065	0.453065	0.453065	0.453065	0.906073	0.906073	0.453065	0.453065	0.906073	0.453065	0.453065	0.453065	0.453065	0.906073	0.453065	0.453065	0.906073	0.906073	0.453065	0.453065	0.453065	0.453065	1.35897	0.906073	0.453065	0.453065	0.906073	0.906073	0.453065	0.453065	0.453065	0.906073	0.453065	0.453065	0.453065	0.453065	1.35897	1.35897	0.453065	0.453065	0.906073	0.453065	0	0	0.453065	0.906073	0.453065	0.453065	0.906073	0.906073	0.453065	0.453065	0.453065	0.453065	0.906073	0.453065	0.453065	0.906073	0.906073	0.453065	0	0	0.453065	0.906073	0.453065	0.453065	0.906073	0.453065	0	0.453065	0.453065	0.453065	0.906073	0.453065	0	0.453065	0.453065	0.453065	0.453065	0.453065	0.453065	0.453065	0.453065	0.453065	0.453065	0	0.453065	0.453065	0	0.453065	0.906073	0.453065	0	0.453065	0.453065	0	0	0.453065	0.906073	0.453065	0.453065	0.453065	0.453065	0.453065	0.453065	0.453065	0.453065	0.906073	0.453065	0.453065	0.453065	0.453065	0.453065	0.453065	0.453065	0.453065	0.453065	0	0.453065	0.453065	0.906073	0.906073	0.453065	0.453065	0	0.453065	0.453065	0.453065	0.453065	0	0.453065	0.906073	0.453065	0	0.453065	0.453065	0	0	0.453065	0.453065	0	0	0.453065	0.453065	0	0	0	0.453065	0.453065	0	0	0	0	0	0	0	0.453065	0.453065	0	0	0	0	0	0	0	0	0	0	0	0	0	0	0	0	0	0	0	0.453065	0.453065	0	0	0	0	0	0	0	0	0.453065	0.453065	0	0	0	0	0	0	0.453065	0.453065	0	0	0	0	0.453065	0.453065	0	0	0.453065	0.453065	0.453065	0.453065	0	0	0	0.453065	0.453065	0	0.453065	0.453065	0	0.453065	0.453065	0	0.453065	0.453065	0	0	0	0	0.453065	0.453065	0	0	0	0	0.453065	0.453065	0	0	0.453065	0.453065	0	0	0	0	0	0	0	0.453065	0.453065	0	0
0.453022	0.453022	0.453022	0.453022	0.453022	0.905987	0.453022	0.453022	0.453022	0.453022	0.905987	0.905987	0.453022	0.453022	0.905987	0.453022	0.453022	0.453022	0.453022	0.905987	0.453022	0.453022	0.905987	0.905987	0.453022	0.453022	0.453022	0.453022	1.35884	0.905987	0.453022	0.453022	0.905987	0.905987	0.453022	0.453022	0.453022	0.905987	0.453022	0.453022	0.453022	0.453022	1.35884	1.35884	0.453022	0.453022	0.905987	0.453022	0	0	0.453022	0.905987	0.453022	0.453022	0.905987	0.905987	0.453022	0.453022	0.453022	0.453022	0.905987	0.453022	0.453022	0.905987	0.905987	0.453022	0	0	0.453022	0.905987	0.453022	0.453022	0.905987	0.453022	0	0.453022	0.453022	0.453022	0.905987	0.453022	0	0.453022	0.453022	0.453022	0.453022	0.453022	0.453022	0.453022	0.453022	0.453022	0.453022	0	0.453022	0.453022	0	0.453022	0.905987	0.453022	0	0.453022	0.453022	0	0	0.453022	0.905987	0.453022	0.453022	0.453022	0.453022	0.453022	0.453022	0.453022	0.453022	0.905987	0.453022	0.453022	0.453022	0.453022	0.453022	0.453022	0.453022	0.453022	0.453022	0	0.453022	0.453022	0.905987	0.905987	0.453022	0.453022	0	0.453022	0.453022	0.453022	0.453022	0	0.453022	0.905987	0.453022	0	0.453022	0.453022	0	0	0.453022	0.453022	0	0	0.453022	0.453022	0	0	0	0.453022	0.453022	0	0	0	0	0	0	0	0.453022	0.453022	0	0	0	0	0	0	0	0	0	0	0	0	0	0	0	0	0	0	0	0.453022	0.453022	0	0	0	0	0	0	0	0	0.453022	0.453022	0	0	0	0	0	0	0.453022	0.453022	0	0	0	0	0.453022	0.453022	0	0	0.453022	0.453022	0.453022	0.453022	0	0	0	0.453022	0.453022	0	0.453022	0.453022	0	0.453022	0.453022	0	0.453022	0.453022	0	0	0	0	0.453022	0.453022	0	0	0	0	0.453022	0.453022	0	0	0.453022	0.453022	0	0	0	0	0	0	0	0.453022	0.453022	0	0
0.452979	0.452979	0.452979	0.452979	0.452979	0.905901	0.452979	0.452979	0.452979	0.452979	0.905901	0.905901	0.452979	0.452979	0.905901	0.452979	0.452979	0.452979	0.452979	0.905901	0.452979	0.452979	0.905901	0.905901	0.452979	0.452979	0.452979	0.452979	1.35871	0.905901	0.452979	0.452979	0.905901	0.905901	0.452979	0.452979	0.452979	0.905901	0.452979	0.452979	0.452979	0.452979	1.35871	1.35871	0.452979	0.452979	0.905901	0.452979	0	0	0.452979	0.905901	0.452979	0.452979	0.905901	0.905901	0.452979	0.452979	0.452979	0.452979	0.905901	0.452979	0.452979	0.905901	0.905901	0.452979	0	0	0.452979	0.905901	0.452979	0.452979	0.905901	0.452979	0	0.452979	0.452979	0.452979	0.905901	0.452979	0	0.452979	0.452979	0.452979	0.452979	0.452979	0.452979	0.452979	0.452979	0.452979	0.452979	0	0.452979	0.452979	0	0.452979	0.905901	0.452979	0	0.452979	0.452979	0	0	0.452979	0.905901	0.452979	0.452979	0.452979	0.452979	0.452979	0.452979	0.452979	0.452979	0.905901	0.452979	0.452979	0.452979	0.452979	0.452979	0.452979	0.452979	0.452979	0.452979	0	0.452979	0.452979	0.905901	0.905901	0.452979	0.452979	0	0.452979	0.452979	0.452979	0.452979	0	0.452979	0.905901	0.452979	0	0.452979	0.452979	0	0	0.452979	0.452979	0	0	0.452979	0.452979	0	0	0	0.452979	0.452979	0	0	0	0	0	0	0	0.452979	0.452979	0	0	0	0	0	0	0	0	0	0	0	0	0	0	0	0	0	0	0	0.452979	0.452979	0	0	0	0	0	0	0	0	0.452979	0.452979	0	0	0	0	0	0	0.452979	0.452979	0	0	0	0	0.452979	0.452979	0	0	0.452979	0.452979	0.452979	0.452979	0	0	0	0.452979	0.452979	0	0.452979	0.452979	0	0.452979	0.452979	0	0.452979	0.452979	0	0	0	0	0.452979	0.452979	0	0	0	0	0.452979	0.452979	0	0	0.452979	0.452979	0	0	0	0	0	0	0	0.452979	0.452979	0	0
0.452936	0.452936	0.452936	0.452936	0.452936	0.905815	0.452936	0.452936	0.452936	0.452936	0.905815	0.905815	0.452936	0.452936	0.905815	0.452936	0.452936	0.452936	0.452936	0.905815	0.452936	0.452936	0.905815	0.905815	0.452936	0.452936	0.452936	0.452936	1.35858	0.905815	0.452936	0.452936	0.905815	0.905815	0.452936	0.452936	0.452936	0.905815	0.452936	0.452936	0.452936	0.452936	1.35858	1.35858	0.452936	0.452936	0.905815	0.452936	0	0	0.452936	0.905815	0.452936	0.452936	0.905815	0.905815	0.452936	0.452936	0.452936	0.452936	0.905815	0.452936	0.452936	0.905815	0.905815	0.452936	0	0	0.452936	0.905815	0.452936	0.452936	0.905815	0.452936	0	0.452936	0.452936	0.452936	0.905815	0.452936	0	0.452936	0.452936	0.452936	0.452936	0.452936	0.452936	0.452936	0.452936	0.452936	0.452936	0	0.452936	0.452936	0	0.452936	0.905815	0.452936	0	0.452936	0.452936	0	0	0.452936	0.905815	0.452936	0.452936	0.452936	0.452936	0.452936	0.452936	0.452936	0.452936	0.905815	0.452936	0.452936	0.452936	0.452936	0.452936	0.452936	0.452936	0.452936	0.452936	0	0.452936	0.452936	0.905815	0.905815	0.452936	0.452936	0	0.452936	0.452936	0.452936	0.452936	0	0.452936	0.905815	0.452936	0	0.452936	0.452936	0	0	0.452936	0.452936	0	0	0.452936	0.452936	0	0	0	0.452936	0.452936	0	0	0	0	0	0	0	0.452936	0.452936	0	0	0	0	0	0	0	0	0	0	0	0	0	0	0	0	0	0	0	0.452936	0.452936	0	0	0	0	0	0	0	0	0.452936	0.452936	0	0	0	0	0	0	0.452936	0.452936	0	0	0	0	0.452936	0.452936	0	0	0.452936	0.452936	0.452936	0.452936	0	0	0	0.452936	0.452936	0	0.452936	0.452936	0	0.452936	0.452936	0	0.452936	0.452936	0	0	0	0	0.452936	0.452936	0	0	0	0	0.452936	0.452936	0	0	0.452936	0.452936	0	0	0	0	0	0	0	0.452936	0.452936	0	0
1.86681	2.00566	2.22354	2.30825	2.30825	2.43762	2.30825	2.30825	2.30825	2.30825	2.43762	2.43762	2.30825	2.30825	2.43762	2.30825	2.30825	2.30825	2.30825	2.43762	2.30825	2.30825	2.43762	2.43762	2.30825	2.30825	2.30825	2.30825	2.48437	2.08082	1.86681	1.86681	2.0247	2.0247	1.86681	1.86681	2.00566	2.37919	2.30825	2.17702	1.95394	1.86681	2.10526	1.92751	1.43199	1.29083	1.2908	1.01267	1.02526	1.2505	1.43199	1.63259	1.43199	1.43199	1.63259	1.47602	1.07409	1.01267	1.01267	1.01267	1.28083	1.01267	1.01267	1.28083	1.12077	0.660215	0.577355	0.800623	1.01267	1.28083	1.01267	0.862281	0.97393	0.640494	0.577355	0.97395	1.01267	0.862281	0.97393	0.640494	0.577355	0.816462	0.660215	0.640494	0.640494	0.480379	0.506354	0.660195	0.640494	0.480379	0.506354	0.358067	0.640494	0.640494	0.452922	0.640494	0.862244	0.358048	0.16013	0.660195	0.640494	0.452922	0.452922	0.640494	0.862244	0.358048	0.452893	0.577321	0.506354	0.358048	0.452893	0.452893	0.452893	0.800575	0.480379	0.640494	0.640494	0.640494	0.640494	0.640494	0.640494	0.640494	0.660195	0.16013	0.452893	0.452893	0.800575	0.862244	0.640494	0.640494	0.358067	0.577321	0.452893	0.358048	0.480379	0.358067	0.506354	0.816442	0.862281	0.800623	0.816462	0.862281	0.800623	0.577355	0.660215	0.816462	0.577355	0.452922	0.660215	0.816462	0.577355	0.452922	0.452922	0.660215	0.862281	0.905787	0.905787	0.905787	0.905787	0.905787	0.800623	0.577355	0.660215	0.862281	0.905787	0.905787	0.905787	0.905787	0.905787	0.905787	0.905787	0.905787	0.905787	0.905787	0.905787	0.905787	0.905787	0.905787	0.905787	0.905787	0.905787	0.905787	0.905787	1.07409	1.29083	1.35854	1.35854	1.35854	1.35854	1.35854	1.2505	1.02526	0.905787	1.07409	1.29083	1.35854	1.35854	1.35854	1.35854	1.35854	1.35854	1.43199	1.43199	1.35854	1.35854	1.35854	1.2505	1.21936	1.29083	1.2505	1.02526	1.01267	1.01267	1.07409	1.29083	1.2505	1.02526	0.905787	1.07409	1.29083	1.2505	1.21936	1.21936	1.02526	1.07409	1.21936	1.02526	1.07409	1.29083	1.35854	1.2505	1.02526	0.905787	1.07409	1.29083	1.35854	1.2505	1.02526	0.905787	1.07409	1.29083	1.35854	1.35854	1.43199	1.43199	1.35854	1.35854	1.35854	1.35854	1.35854	1.2505	1.02526	1.07409	1.29083	1.35854	1.35854
1.86664	2.08063	2.29133	2.30803	2.30803	2.43738	2.30803	2.30803	2.30803	2.30803	2.43738	2.43738	2.30803	2.30803	2.43738	2.30803	2.30803	2.30803	2.30803	2.43738	2.30803	2.30803	2.43738	2.43738	2.30803	2.30803	2.30803	2.30803	2.37896	2.00547	1.86664	1.86664	2.02451	2.02451	1.86664	1.86664	2.08063	2.48414	2.30803	2.15318	1.92737	1.86664	1.97976	1.78958	1.43185	1.25038	1.16551	1.01257	1.07399	1.29071	1.43185	1.63244	1.43185	1.43185	1.63244	1.36779	1.02516	1.01257	1.01257	1.01257	1.28071	1.01257	1.01257	1.28071	0.973858	0.5773	0.660152	0.8622	1.01257	1.28071	1.01257	0.800548	0.800523	0.640434	0.660152	1.12066	1.01257	0.800548	0.800523	0.640434	0.660152	0.816384	0.5773	0.640434	0.640434	0.358033	0.506305	0.862162	0.640434	0.358033	0.506305	0.480334	0.640434	0.640434	0.452879	0.640434	0.660132	0.160115	0.358014	0.862162	0.640434	0.452879	0.452879	0.640434	0.660132	0.160115	0.45285	0.800499	0.506305	0.160115	0.45285	0.45285	0.45285	0.577267	0.358033	0.640434	0.640434	0.640434	0.640434	0.640434	0.640434	0.640434	0.862162	0.358014	0.45285	0.45285	0.577267	0.660132	0.640434	0.640434	0.480334	0.800499	0.45285	0.160115	0.358033	0.480334	0.506305	0.506325	0.800548	0.8622	0.816384	0.800548	0.8622	0.660152	0.5773	0.816384	0.660152	0.452879	0.5773	0.816384	0.660152	0.452879	0.452879	0.5773	0.800548	0.905701	0.905701	0.905701	0.905701	0.905701	0.8622	0.660152	0.5773	0.800548	0.905701	0.905701	0.905701	0.905701	0.905701	0.905701	0.905701	0.905701	0.905701	0.905701	0.905701	0.905701	0.905701	0.905701	0.905701	0.905701	0.905701	0.905701	0.905701	1.02516	1.25038	1.35841	1.35841	1.35841	1.35841	1.35841	1.29071	1.07399	0.905701	1.02516	1.25038	1.35841	1.35841	1.35841	1.35841	1.35841	1.35841	1.43185	1.43185	1.35841	1.35841	1.35841	1.29071	1.21924	1.25038	1.29071	1.07399	1.01257	1.01257	1.02516	1.25038	1.29071	1.07399	0.905701	1.02516	1.25038	1.29071	1.21924	1.21924	1.07399	1.02516	1.21924	1.07399	1.02516	1.25038	1.35841	1.29071	1.07399	0.905701	1.02516	1.25038	1.35841	1.29071	1.07399	0.905701	1.02516	1.25038	1.35841	1.35841	1.43185	1.43185	1.35841	1.35841	1.35841	1.35841	1.35841	1.29071	1.07399	1.02516	1.25038	1.35841	1.35841
0.452807	0.905558	0.905558	0.452807	0.452807	0.905558	0.452807	0.452807	0.452807	0.452807	0.905558	0.905558	0.452807	0.452807	0.905558	0.452807	0.452807	0.452807	0.452807	0.905558	0.452807	0.452807	0.905558	0.905558	0.452807	0.452807	0.452807	0.452807	0.905558	0.452807	0.452807	0.452807	0.905558	0.905558	0.452807	0.452807	0.905558	1.3582	0.452807	0	0	0.452807	0.905558	0.905558	0.452807	0	0.452807	0.452807	0.452807	0.452807	0.452807	0.905558	0.452807	0.452807	0.905558	0.452807	0	0.452807	0.452807	0.452807	0.905558	0.452807	0.452807	0.905558	0.452807	0	0.452807	0.452807	0.452807	0.905558	0.452807	0	0.452807	0.452807	0.452807	0.905558	0.452807	0	0.452807	0.452807	0.452807	0.452807	0	0.452807	0.452807	0	0.452807	0.905558	0.452807	0	0.452807	0.452807	0.452807	0.452807	0	0.452807	0.452807	0	0.452807	0.905558	0.452807	0	0	0.452807	0.452807	0	0.452807	0.905558	0.452807	0	0.452807	0.452807	0.452807	0.452807	0	0.452807	0.452807	0.452807	0.452807	0.452807	0.452807	0.452807	0.905558	0.452807	0.452807	0.452807	0.452807	0.452807	0.452807	0.452807	0.452807	0.905558	0.452807	0	0	0.452807	0.452807	0	0	0.452807	0.452807	0	0.452807	0.452807	0	0.452807	0.452807	0	0	0.452807	0.452807	0	0	0	0	0	0	0	0	0	0.452807	0.452807	0	0	0	0	0	0	0	0	0	0	0	0	0	0	0	0	0	0	0	0	0	0	0	0	0	0	0	0	0.452807	0.452807	0	0	0	0	0	0	0	0	0	0.452807	0.452807	0	0	0	0.452807	0.452807	0	0.452807	0.452807	0.452807	0.452807	0	0	0.452807	0.452807	0	0	0	0.452807	0.452807	0.452807	0.452807	0	0.452807	0.452807	0	0	0	0.452807	0.452807	0	0	0	0	0.452807	0.452807	0	0	0	0	0	0.452807	0.452807	0	0	0	0	0	0.452807	0.452807	0	0	0	0
0.452764	0.905472	0.905472	0.452764	0.452764	0.905472	0.452764	0.452764	0.452764	0.452764	0.905472	0.905472	0.452764	0.452764	0.905472	0.452764	0.452764	0.452764	0.452764	0.905472	0.452764	0.452764	0.905472	0.905472	0.452764	0.452764	0.452764	0.452764	0.905472	0.452764	0.452764	0.452764	0.905472	0.905472	0.452764	0.452764	0.905472	1.35807	0.452764	0	0	0.452764	0.905472	0.905472	0.452764	0	0.452764	0.452764	0.452764	0.452764	0.452764	0.905472	0.452764	0.452764	0.905472	0.452764	0	0.452764	0.452764	0.452764	0.905472	0.452764	0.452764	0.905472	0.452764	0	0.452764	0.452764	0.452764	0.905472	0.452764	0	0.452764	0.452764	0.452764	0.905472	0.452764	0	0.452764	0.452764	0.452764	0.452764	0	0.452764	0.452764	0	0.452764	0.905472	0.452764	0	0.452764	0.452764	0.452764	0.452764	0	0.452764	0.452764	0	0.452764	0.905472	0.452764	0	0	0.452764	0.452764	0	0.452764	0.905472	0.452764	0	0.452764	0.452764	0.452764	0.452764	0	0.452764	0.452764	0.452764	0.452764	0.452764	0.452764	0.452764	0.905472	0.452764	0.452764	0.452764	0.452764	0.452764	0.452764	0.452764	0.452764	0.905472	0.452764	0	0	0.452764	0.452764	0	0	0.452764	0.452764	0	0.452764	0.452764	0	0.452764	0.452764	0	0	0.452764	0.452764	0	0	0	0	0	0	0	0	0	0.452764	0.452764	0	0	0	0	0	0	0	0	0	0	0	0	0	0	0	0	0	0	0	0	0	0	0	0	0	0	0	0	0.452764	0.452764	0	0	0	0	0	0	0	0	0	0.452764	0.452764	0	0	0	0.452764	0.452764	0	0.452764	0.452764	0.452764	0.452764	0	0	0.452764	0.452764	0	0	0	0.452764	0.452764	0.452764	0.452764	0	0.452764	0.452764	0	0	0	0.452764	0.452764	0	0	0	0	0.452764	0.452764	0	0	0	0	0	0.452764	0.452764	0	0	0	0	0	0.452764	0.452764	0	0	0	0
0.452721	0.905386	0.905386	0.452721	0.452721	0.905386	0.452721	0.452721	0.452721	0.452721	0.905386	0.905386	0.452721	0.452721	0.905386	0.452721	0.452721	0.452721	0.452721	0.905386	0.452721	0.452721	0.905386	0.905386	0.452721	0.452721	0.452721	0.452721	0.905386	0.452721	0.452721	0.452721	0.905386	0.905386	0.452721	0.452721	0.905386	1.35794	0.452721	0	0	0.452721	0.905386	0.905386	0.452721	0	0.452721	0.452721	0.452721	0.452721	0.452721	0.905386	0.452721	0.452721	0.905386	0.452721	0	0.452721	0.452721	0.452721	0.905386	0.452721	0.452721	0.905386	0.452721	0	0.452721	0.452721	0.452721	0.905386	0.452721	0	0.452721	0.452721	0.452721	0.905386	0.452721	0	0.452721	0.452721	0.452721	0.452721	0	0.452721	0.452721	0	0.452721	0.905386	0.452721	0	0.452721	0.452721	0.452721	0.452721	0	0.452721	0.452721	0	0.452721	0.905386	0.452721	0	0	0.452721	0.452721	0	0.452721	0.905386	0.452721	0	0.452721	0.452721	0.452721	0.452721	0	0.452721	0.452721	0.452721	0.452721	0.452721	0.452721	0.452721	0.905386	0.452721	0.452721	0.452721	0.452721	0.452721	0.452721	0.452721	0.452721	0.905386	0.452721	0	0	0.452721	0.452721	0	0	0.452721	0.452721	0	0.452721	0.452721	0	0.452721	0.452721	0	0	0.452721	0.452721	0	0	0	0	0	0	0	0	0	0.452721	0.452721	0	0	0	0	0	0	0	0	0	0	0	0	0	0	0	0	0	0	0	0	0	0	0	0	0	0	0	0	0.452721	0.452721	0	0	0	0	0	0	0	0	0	0.452721	0.452721	0	0	0	0.452721	0.452721	0	0.452721	0.452721	0.452721	0.452721	0	0	0.452721	0.452721	0	0	0	0.452721	0.452721	0.452721	0.452721	0	0.452721	0.452721	0	0	0	0.452721	0.452721	0	0	0	0	0.452721	0.452721	0	0	0	0	0	0.452721	0.452721	0	0	0	0	0	0.452721	0.452721	0	0	0	0
0.452678	0.9053	0.9053	0.452678	0.452678	0.9053	0.452678	0.452678	0.452678	0.452678	0.9053	0.9053	0.452678	0.452678	0.9053	0.452678	0.452678	0.452678	0.452678	0.9053	0.452678	0.452678	0.9053	0.9053	0.452678	0.452678	0.452678	0.452678	0.9053	0.452678	0.452678	0.452678	0.9053	0.9053	0.452678	0.452678	0.9053	1.35781	0.452678	0	0	0.452678	0.9053	0.9053	0.452678	0	0.452678	0.452678	0.452678	0.452678	0.452678	0.9053	0.452678	0.452678	0.9053	0.452678	0	0.452678	0.452678	0.452678	0.9053	0.452678	0.452678	0.9053	0.452678	0	0.452678	0.452678	0.452678	0.9053	0.452678	0	0.452678	0.452678	0.452678	0.9053	0.452678	0	0.452678	0.452678	0.452678	0.452678	0	0.452678	0.452678	0	0.452678	0.9053	0.452678	0	0.452678	0.452678	0.452678	0.452678	0	0.452678	0.452678	0	0.452678	0.9053	0.452678	0	0	0.452678	0.452678	0	0.452678	0.9053	0.452678	0	0.452678	0.452678	0.452678	0.452678	0	0.452678	0.452678	0.452678	0.452678	0.452678	0.452678	0.452678	0.9053	0.452678	0.452678	0.452678	0.452678	0.452678	0.452678	0.452678	0.452678	0.9053	0.452678	0	0	0.452678	0.452678	0	0	0.452678	0.452678	0	0.452678	0.452678	0	0.452678	0.452678	0	0	0.452678	0.452678	0	0	0	0	0	0	0	0	0	0.452678	0.452678	0	0	0	0	0	0	0	0	0	0	0	0	0	0	0	0	0	0	0	0	0	0	0	0	0	0	0	0	0.452678	0.452678	0	0	0	0	0	0	0	0	0	0.452678	0.452678	0	0	0	0.452678	0.452678	0	0.452678	0.452678	0.452678	0.452678	0	0	0.452678	0.452678	0	0	0	0.452678	0.452678	0.452678	0.452678	0	0.452678	0.452678	0	0	0	0.452678	0.452678	0	0	0	0	0.452678	0.452678	0	0	0	0	0	0.452678	0.452678	0	0	0	0	0	0.452678	0.452678	0	0	0	0
0.452635	0.905214	0.905214	0.452635	0.452635	0.905214	0.452635	0.452635	0.452635	0.452635	0.905214	0.905214	0.452635	0.452635	0.905214	0.452635	0.452635	0.452635	0.452635	0.905214	0.452635	0.452635	0.905214	0.905214	0.452635	0.452635	0.452635	0.452635	0.905214	0.452635	0.452635	0.452635	0.905214	0.905214	0.452635	0.452635	0.905214	1.35768	0.452635	0	0	0.452635	0.905214	0.905214	0.452635	0	0.452635	0.452635	0.452635	0.452635	0.452635	0.905214	0.452635	0.452635	0.905214	0.452635	0	0.452635	0.452635	0.452635	0.905214	0.452635	0.452635	0.905214	0.452635	0	0.452635	0.452635	0.452635	0.905214	0.452635	0	0.452635	0.452635	0.452635	0.905214	0.452635	0	0.452635	0.452635	0.452635	0.452635	0	0.452635	0.452635	0	0.452635	0.905214	0.452635	0	0.452635	0.452635	0.452635	0.452635	0	0.452635	0.452635	0	0.452635	0.905214	0.452635	0	0	0.452635	0.452635	0	0.452635	0.905214	0.452635	0	0.452635	0.452635	0.452635	0.452635	0	0.452635	0.452635	0.452635	0.452635	0.452635	0.452635	0.452635	0.905214	0.452635	0.452635	0.452635	0.452635	0.452635	0.452635	0.452635	0.452635	0.905214	0.452635	0	0	0.452635	0.452635	0	0	0.452635	0.452635	0	0.452635	0.452635	0	0.452635	0.452635	0	0	0.452635	0.452635	0	0	0	0	0	0	0	0	0	0.452635	0.452635	0	0	0	0	0	0	0	0	0	0	0	0	0	0	0	0	0	0	0	0	0	0	0	0	0	0	0	0	0.452635	0.452635	0	0	0	0	0	0	0	0	0	0.452635	0.452635	0	0	0	0.452635	0.452635	0	0.452635	0.452635	0.452635	0.452635	0	0	0.452635	0.452635	0	0	0	0.452635	0.452635	0.452635	0.452635	0	0.452635	0.452635	0	0	0	0.452635	0.452635	0	0	0	0	0.452635	0.452635	0	0	0	0	0	0.452635	0.452635	0	0	0	0	0	0.452635	0.452635	0	0	0	0
0.452592	0.905128	0.905128	0.452592	0.452592	0.905128	0.452592	0.452592	0.452592	0.452592	0.905128	0.905128	0.452592	0.452592	0.905128	0.452592	0.452592	0.452592	0.452592	0.905128	0.452592	0.452592	0.905128	0.905128	0.452592	0.452592	0.452592	0.452592	0.905128	0.452592	0.452592	0.452592	0.905128	0.905128	0.452592	0.452592	0.905128	1.35755	0.452592	0	0	0.452592	0.905128	0.905128	0.452592	0	0.452592	0.452592	0.452592	0.452592	0.452592	0.905128	0.452592	0.452592	0.905128	0.452592	0	0.452592	0.452592	0.452592	0.905128	0.452592	0.452592	0.905128	0.452592	0	0.452592	0.452592	0.452592	0.905128	0.452592	0	0.452592	0.452592	0.452592	0.905128	0.452592	0	0.452592	0.452592	0.452592	0.452592	0	0.452592	0.452592	0	0.452592	0.905128	0.452592	0	0.452592	0.452592	0.452592	0.452592	0	0.452592	0.452592	0	0.452592	0.905128	0.452592	0	0	0.452592	0.452592	0	0.452592	0.905128	0.452592	0	0.452592	0.452592	0.452592	0.452592	0	0.452592	0.452592	0.452592	0.452592	0.452592	0.452592	0.452592	0.905128	0.452592	0.452592	0.452592	0.452592	0.452592	0.452592	0.452592	0.452592	0.905128	0.452592	0	0	0.452592	0.452592	0	0	0.452592	0.452592	0	0.452592	0.452592	0	0.452592	0.452592	0	0	0.452592	0.452592	0	0	0	0	0	0	0	0	0	0.452592	0.452592	0	0	0	0	0	0	0	0	0	0	0	0	0	0	0	0	0	0	0	0	0	0	0	0	0	0	0	0	0.452592	0.452592	0	0	0	0	0	0	0	0	0	0.452592	0.452592	0	0	0	0.452592	0.452592	0	0.452592	0.452592	0.452592	0.452592	0	0	0.452592	0.452592	0	0	0	0.452592	0.452592	0.452592	0.452592	0	0.452592	0.452592	0	0	0	0.452592	0.452592	0	0	0	0	0.452592	0.452592	0	0	0	0	0	0.452592	0.452592	0	0	0	0	0	0.452592	0.452592	0	0	0	0
0.452542	0.905028	0.905028	0.452542	0.452542	0.905028	0.452542	0.452542	0.452542	0.452542	0.905028	0.905028	0.452542	0.452542	0.905028	0.452542	0.452542	0.452542	0.452542	0.905028	0.452542	0.452542	0.905028	0.905028	0.452542	0.452542	0.452542	0.452542	0.905028	0.452542	0.452542	0.452542	0.905028	0.905028	0.452542	0.452542	0.905028	1.3574	0.452542	0	0	0.452542	0.905028	0.905028	0.452542	0	0.452542	0.452542	0.452542	0.452542	0.452542	0.905028	0.452542	0.452542	0.905028	0.452542	0	0.452542	0.452542	0.452542	0.905028	0.452542	0.452542	0.905028	0.452542	0	0.452542	0.452542	0.452542	0.905028	0.452542	0	0.452542	0.452542	0.452542	0.905028	0.452542	0	0.452542	0.452542	0.452542	0.452542	0	0.452542	0.452542	0	0.452542	0.905028	0.452542	0	0.452542	0.452542	0.452542	0.452542	0	0.452542	0.452542	0	0.452542	0.905028	0.452542	0	0	0.452542	0.452542	0	0.452542	0.905028	0.452542	0	0.452542	0.452542	0.452542	0.452542	0	0.452542	0.452542	0.452542	0.452542	0.452542	0.452542	0.452542	0.905028	0.452542	0.452542	0.452542	0.452542	0.452542	0.452542	0.452542	0.452542	0.905028	0.452542	0	0	0.452542	0.452542	0	0	0.452542	0.452542	0	0.452542	0.452542	0	0.452542	0.452542	0	0	0.452542	0.452542	0	0	0	0	0	0	0	0	0	0.452542	0.452542	0	0	0	0	0	0	0	0	0	0	0	0	0	0	0	0	0	0	0	0	0	0	0	0	0	0	0	0	0.452542	0.452542	0	0	0	0	0	0	0	0	0	0.452542	0.452542	0	0	0	0.452542	0.452542	0	0.452542	0.452542	0.452542	0.452542	0	0	0.452542	0.452542	0	0	0	0.452542	0.452542	0.452542	0.452542	0	0.452542	0.452542	0	0	0	0.452542	0.452542	0	0	0	0	0.452542	0.452542	0	0	0	0	0	0.452542	0.452542	0	0	0	0	0	0.452542	0.452542	0	0	0	0
0.4525	0.904943	0.904943	0.4525	0.4525	0.904943	0.4525	0.4525	0.4525	0.4525	0.904943	0.904943	0.4525	0.4525	0.904943	0.4525	0.4525	0.4525	0.4525	0.904943	0.4525	0.4525	0.904943	0.904943	0.4525	0.4525	0.4525	0.4525	0.904943	0.4525	0.4525	0.4525	0.904943	0.904943	0.4525	0.4525	0.904943	1.35727	0.4525	0	0	0.4525	0.904943	0.904943	0.4525	0	0.4525	0.4525	0.4525	0.4525	0.4525	0.904943	0.4525	0.4525	0.904943	0.4525	0	0.4525	0.4525	0.4525	0.904943	0.4525	0.4525	0.904943	0.4525	0	0.4525	0.4525	0.4525	0.904943	0.4525	0	0.4525	0.4525	0.4525	0.904943	0.4525	0	0.4525	0.4525	0.4525	0.4525	0	0.4525	0.4525	0	0.4525	0.904943	0.4525	0	0.4525	0.4525	0.4525	0.4525	0	0.4525	0.4525	0	0.4525	0.904943	0.4525	0	0	0.4525	0.4525	0	0.4525	0.904943	0.4525	0	0.4525	0.4525	0.4525	0.4525	0	0.4525	0.4525	0.4525	0.4525	0.4525	0.4525	0.4525	0.904943	0.4525	0.4525	0.4525	0.4525	0.4525	0.4525	0.4525	0.4525	0.904943	0.4525	0	0	0.4525	0.4525	0	0	0.4525	0.4525	0	0.4525	0.4525	0	0.4525	0.4525	0	0	0.4525	0.4525	0	0	0	0	0	0	0	0	0	0.4525	0.4525	0	0	0	0	0	0	0	0	0	0	0	0	0	0	0	0	0	0	0	0	0	0	0	0	0	0	0	0	0.4525	0.4525	0	0	0	0	0	0	0	0	0	0.4525	0.4525	0	0	0	0.4525	0.4525	0	0.4525	0.4525	0.4525	0.4525	0	0	0.4525	0.4525	0	0	0	0.4525	0.4525	0.4525	0.4525	0	0.4525	0.4525	0	0	0	0.4525	0.4525	0	0	0	0	0.4525	0.4525	0	0	0	0	0	0.4525	0.4525	0	0	0	0	0	0.4525	0.4525	0	0	0	0
0.452457	0.904857	0.904857	0.452457	0.452457	0.904857	0.452457	0.452457	0.452457	0.452457	0.904857	0.904857	0.452457	0.452457	0.904857	0.452457	0.452457	0.452457	0.452457	0.904857	0.452457	0.452457	0.904857	0.904857	0.452457	0.452457	0.452457	0.452457	0.904857	0.452457	0.452457	0.452457	0.904857	0.904857	0.452457	0.452457	0.904857	1.35714	0.452457	0	0	0.452457	0.904857	0.904857	0.452457	0	0.452457	0.452457	0.452457	0.452457	0.452457	0.904857	0.452457	0.452457	0.904857	0.452457	0	0.452457	0.452457	0.452457	0.904857	0.452457	0.452457	0.904857	0.452457	0	0.452457	0.452457	0.452457	0.904857	0.452457	0	0.452457	0.452457	0.452457	0.904857	0.452457	0	0.452457	0.452457	0.452457	0.452457	0	0.452457	0.452457	0	0.452457	0.904857	0.452457	0	0.452457	0.452457	0.452457	0.452457	0	0.452457	0.452457	0	0.452457	0.904857	0.452457	0	0	0.452457	0.452457	0	0.452457	0.904857	0.452457	0	0.452457	0.452457	0.452457	0.452457	0	0.452457	0.452457	0.452457	0.452457	0.452457	0.452457	0.452457	0.904857	0.452457	0.452457	0.452457	0.452457	0.452457	0.452457	0.452457	0.452457	0.904857	0.452457	0	0	0.452457	0.452457	0	0	0.452457	0.452457	0	0.452457	0.452457	0	0.452457	0.452457	0	0	0.452457	0.452457	0	0	0	0	0	0	0	0	0	0.452457	0.452457	0	0	0	0	0	0	0	0	0	0	0	0	0	0	0	0	0	0	0	0	0	0	0	0	0	0	0	0	0.452457	0.452457	0	0	0	0	0	0	0	0	0	0.452457	0.452457	0	0	0	0.452457	0.452457	0	0.452457	0.452457	0.452457	0.452457	0	0	0.452457	0.452457	0	0	0	0.452457	0.452457	0.452457	0.452457	0	0.452457	0.452457	0	0	0	0.452457	0.452457	0	0	0	0	0.452457	0.452457	0	0	0	0	0	0.452457	0.452457	0	0	0	0	0	0.452457	0.452457	0	0	0	0
2.30584	2.43507	2.43507	2.30584	2.30584	2.43507	2.30584	2.30584	2.30584	2.30584	2.43507	2.43507	2.30584	2.30584	2.43507	2.30584	2.30584	2.30584	2.30584	2.28916	1.9519	1.86487	2.02259	2.02259	1.86487	1.86487	1.86487	1.86487	2.02259	1.86487	1.86487	1.86487	2.02259	2.02259	1.72979	1.50878	1.47448	1.60716	1.01161	1.02419	1.24919	1.43049	1.63088	1.47448	1.07297	1.02419	1.36649	1.43049	1.28948	1.07297	1.01161	1.27948	1.01161	1.01161	1.11959	0.815607	0.799789	1.01161	1.01161	1.01161	1.27948	1.01161	0.861381	0.972905	0.799758	0.799789	0.861381	0.659524	0.639822	1.01156	0.639822	0.576753	0.815607	0.659524	0.639822	1.01156	0.639822	0.45245	0.639822	0.639822	0.479875	0.505819	0.357693	0.639822	0.639822	0.45245	0.639822	0.861334	0.35767	0.159962	0.659499	0.639822	0.479875	0.35767	0.159962	0.659499	0.639822	0.45245	0.639822	0.861334	0.35767	0.159962	0.357693	0.479875	0.505819	0.357693	0.479875	0.799728	0.452414	0	0.452414	0.452414	0.35767	0.505819	0.159962	0.452414	0.452414	0.452414	0.452414	0.452414	0.452414	0.35767	0.861334	0.639822	0.639822	0.639822	0.639822	0.639822	0.639822	0.639822	0.659524	1.11959	1.01161	0.904843	0.904843	1.01161	1.01161	0.799789	0.576753	0.659524	0.861381	0.904843	1.07297	1.28948	1.24919	1.21809	1.28948	1.35712	1.24919	1.21809	1.28948	1.35712	1.35712	1.35712	1.35712	1.35712	1.35712	1.35712	1.35712	1.35712	1.50878	1.72979	1.80923	1.80923	1.80923	1.80923	1.80923	1.80923	1.80923	1.69999	1.47451	1.35712	1.35712	1.35712	1.35712	1.35712	1.35712	1.35712	1.35712	1.35712	1.35712	1.35712	1.35712	1.35712	1.35712	1.35712	1.35712	1.35712	1.35712	1.35712	1.50878	1.72979	1.69999	1.47451	1.35712	1.35712	1.35712	1.35712	1.35712	1.35712	1.24919	1.21809	1.28948	1.35712	1.24919	1.02419	1.07297	1.28948	1.35712	1.43049	1.43049	1.43049	1.43049	1.35712	1.35712	1.43049	1.43049	1.35712	1.35712	1.35712	1.43049	1.43049	1.43049	1.43049	1.35712	1.50878	1.72979	1.69999	1.47451	1.35712	1.43049	1.43049	1.35712	1.24919	1.02419	0.904843	1.07297	1.28948	1.35712	1.35712	1.35712	1.35712	1.24919	1.21809	1.28948	1.35712	1.35712	1.35712	1.35712	1.35712	1.50878	1.72979	1.69999	1.47451	1.35712	1.35712
2.30563	2.43484	2.43484	2.30563	2.30563	2.43484	2.30563	2.30563	2.30563	2.30563	2.43484	2.43484	2.30563	2.30563	2.43484	2.30563	2.30563	2.30563	2.30563	2.22102	1.92537	1.86469	2.02239	2.02239	1.86469	1.86469	1.86469	1.86469	2.02239	1.86469	1.86469	1.86469	2.02239	2.02239	1.69983	1.47437	1.36636	1.43922	1.01151	1.07287	1.28936	1.43036	1.63073	1.36636	1.02409	1.07287	1.47434	1.43036	1.24908	1.02409	1.01151	1.27936	1.01151	1.01151	0.972838	0.81553	0.861299	1.01151	1.01151	1.01151	1.27936	1.01151	0.799713	0.799683	0.972813	0.861299	0.799713	0.576698	0.639761	1.01146	0.639761	0.659461	0.81553	0.576698	0.639761	1.01146	0.639761	0.452407	0.639761	0.639761	0.357659	0.505771	0.47983	0.639761	0.639761	0.452407	0.639761	0.659437	0.159947	0.357636	0.861252	0.639761	0.357659	0.159947	0.357636	0.861252	0.639761	0.452407	0.639761	0.659437	0.159947	0.357636	0.47983	0.357659	0.505771	0.47983	0.357659	0.576656	0.452371	0	0.452371	0.452371	0.159947	0.505771	0.357636	0.452371	0.452371	0.452371	0.452371	0.452371	0.452371	0.159947	0.659437	0.639761	0.639761	0.639761	0.639761	0.639761	0.639761	0.639761	0.576698	0.972838	1.01151	0.904757	0.904757	1.01151	1.01151	0.861299	0.659461	0.576698	0.799713	0.904757	1.02409	1.24908	1.28936	1.21797	1.24908	1.35699	1.28936	1.21797	1.24908	1.35699	1.35699	1.35699	1.35699	1.35699	1.35699	1.35699	1.35699	1.35699	1.47437	1.69983	1.80906	1.80906	1.80906	1.80906	1.80906	1.80906	1.80906	1.72963	1.50864	1.35699	1.35699	1.35699	1.35699	1.35699	1.35699	1.35699	1.35699	1.35699	1.35699	1.35699	1.35699	1.35699	1.35699	1.35699	1.35699	1.35699	1.35699	1.35699	1.47437	1.69983	1.72963	1.50864	1.35699	1.35699	1.35699	1.35699	1.35699	1.35699	1.28936	1.21797	1.24908	1.35699	1.28936	1.07287	1.02409	1.24908	1.35699	1.43036	1.43036	1.43036	1.43036	1.35699	1.35699	1.43036	1.43036	1.35699	1.35699	1.35699	1.43036	1.43036	1.43036	1.43036	1.35699	1.47437	1.69983	1.72963	1.50864	1.35699	1.43036	1.43036	1.35699	1.28936	1.07287	0.904757	1.02409	1.24908	1.35699	1.35699	1.35699	1.35699	1.28936	1.21797	1.24908	1.35699	1.35699	1.35699	1.35699	1.35699	1.47437	1.69983	1.72963	1.50864	1.35699	1.35699
0.452328	0.9046	0.9046	0.452328	0.452328	0.9046	0.452328	0.452328	0.452328	0.452328	0.9046	0.9046	0.452328	0.452328	0.9046	0.452328	0.452328	0.452328	0.452328	0.452328	0	0.452328	0.9046	0.9046	0.452328	0.452328	0.452328	0.452328	0.9046	0.452328	0.452328	0.452328	0.9046	0.9046	0	0	0.452328	0.9046	0.452328	0.452328	0.452328	0.452328	0.9046	0.452328	0	0.452328	0.9046	0.452328	0	0	0.452328	0.9046	0.452328	0.452328	0.452328	0.452328	0.452328	0.452328	0.452328	0.452328	0.9046	0.452328	0	0.452328	0.9046	0.452328	0	0	0.452328	0.9046	0.452328	0.452328	0.452328	0	0.452328	0.9046	0.452328	0	0.452328	0.452328	0	0.452328	0.452328	0.452328	0.452328	0	0.452328	0.452328	0	0.452328	0.9046	0.452328	0	0	0.452328	0.9046	0.452328	0	0.452328	0.452328	0	0.452328	0.452328	0	0.452328	0.452328	0	0.452328	0.452328	0	0.452328	0.452328	0	0.452328	0.452328	0.452328	0.452328	0.452328	0.452328	0.452328	0.452328	0	0.452328	0.452328	0.452328	0.452328	0.452328	0.452328	0.452328	0.452328	0	0.452328	0.452328	0	0	0.452328	0.452328	0.452328	0.452328	0	0	0	0	0	0.452328	0.452328	0	0	0.452328	0.452328	0	0	0	0	0	0	0	0	0	0	0	0	0	0	0	0	0	0	0	0.452328	0.452328	0	0	0	0	0	0	0	0	0	0	0	0	0	0	0	0	0	0	0	0	0	0.452328	0.452328	0	0	0	0	0	0	0.452328	0.452328	0	0	0.452328	0.452328	0	0	0	0.452328	0.452328	0.452328	0.452328	0	0	0.452328	0.452328	0	0	0	0.452328	0.452328	0.452328	0.452328	0	0	0	0.452328	0.452328	0	0.452328	0.452328	0	0.452328	0.452328	0	0	0	0	0	0	0	0.452328	0.452328	0	0	0	0	0	0	0	0	0.452328	0.452328	0	0
0.452285	0.904514	0.904514	0.452285	0.452285	0.904514	0.452285	0.452285	0.452285	0.452285	0.904514	0.904514	0.452285	0.452285	0.904514	0.452285	0.452285	0.452285	0.452285	0.452285	0	0.452285	0.904514	0.904514	0.452285	0.452285	0.452285	0.452285	0.904514	0.452285	0.452285	0.452285	0.904514	0.904514	0	0	0.452285	0.904514	0.452285	0.452285	0.452285	0.452285	0.904514	0.452285	0	0.452285	0.904514	0.452285	0	0	0.452285	0.904514	0.452285	0.452285	0.452285	0.452285	0.452285	0.452285	0.452285	0.452285	0.904514	0.452285	0	0.452285	0.904514	0.452285	0	0	0.452285	0.904514	0.452285	0.452285	0.452285	0	0.452285	0.904514	0.452285	0	0.452285	0.452285	0	0.452285	0.452285	0.452285	0.452285	0	0.452285	0.452285	0	0.452285	0.904514	0.452285	0	0	0.452285	0.904514	0.452285	0	0.452285	0.452285	0	0.452285	0.452285	0	0.452285	0.452285	0	0.452285	0.452285	0	0.452285	0.452285	0	0.452285	0.452285	0.452285	0.452285	0.452285	0.452285	0.452285	0.452285	0	0.452285	0.452285	0.452285	0.452285	0.452285	0.452285	0.452285	0.452285	0	0.452285	0.452285	0	0	0.452285	0.452285	0.452285	0.452285	0	0	0	0	0	0.452285	0.452285	0	0	0.452285	0.452285	0	0	0	0	0	0	0	0	0	0	0	0	0	0	0	0	0	0	0	0.452285	0.452285	0	0	0	0	0	0	0	0	0	0	0	0	0	0	0	0	0	0	0	0	0	0.452285	0.452285	0	0	0	0	0	0	0.452285	0.452285	0	0	0.452285	0.452285	0	0	0	0.452285	0.452285	0.452285	0.452285	0	0	0.452285	0.452285	0	0	0	0.452285	0.452285	0.452285	0.452285	0	0	0	0.452285	0.452285	0	0.452285	0.452285	0	0.452285	0.452285	0	0	0	0	0	0	0	0.452285	0.452285	0	0	0	0	0	0	0	0	0.452285	0.452285	0	0
0.452242	0.904428	0.904428	0.452242	0.452242	0.904428	0.452242	0.452242	0.452242	0.452242	0.904428	0.904428	0.452242	0.452242	0.904428	0.452242	0.452242	0.452242	0.452242	0.452242	0	0.452242	0.904428	0.904428	0.452242	0.452242	0.452242	0.452242	0.904428	0.452242	0.452242	0.452242	0.904428	0.904428	0	0	0.452242	0.904428	0.452242	0.452242	0.452242	0.452242	0.904428	0.452242	0	0.452242	0.904428	0.452242	0	0	0.452242	0.904428	0.452242	0.452242	0.452242	0.452242	0.452242	0.452242	0.452242	0.452242	0.904428	0.452242	0	0.452242	0.904428	0.452242	0	0	0.452242	0.904428	0.452242	0.452242	0.452242	0	0.452242	0.904428	0.452242	0	0.452242	0.452242	0	0.452242	0.452242	0.452242	0.452242	0	0.452242	0.452242	0	0.452242	0.904428	0.452242	0	0	0.452242	0.904428	0.452242	0	0.452242	0.452242	0	0.452242	0.452242	0	0.452242	0.452242	0	0.452242	0.452242	0	0.452242	0.452242	0	0.452242	0.452242	0.452242	0.452242	0.452242	0.452242	0.452242	0.452242	0	0.452242	0.452242	0.452242	0.452242	0.452242	0.452242	0.452242	0.452242	0	0.452242	0.452242	0	0	0.452242	0.452242	0.452242	0.452242	0	0	0	0	0	0.452242	0.452242	0	0	0.452242	0.452242	0	0	0	0	0	0	0	0	0	0	0	0	0	0	0	0	0	0	0	0.452242	0.452242	0	0	0	0	0	0	0	0	0	0	0	0	0	0	0	0	0	0	0	0	0	0.452242	0.452242	0	0	0	0	0	0	0.452242	0.452242	0	0	0.452242	0.452242	0	0	0	0.452242	0.452242	0.452242	0.452242	0	0	0.452242	0.452242	0	0	0	0.452242	0.452242	0.452242	0.452242	0	0	0	0.452242	0.452242	0	0.452242	0.452242	0	0.452242	0.452242	0	0	0	0	0	0	0	0.452242	0.452242	0	0	0	0	0	0	0	0	0.452242	0.452242	0	0
0.4522	0.904343	0.904343	0.4522	0.4522	0.904343	0.4522	0.4522	0.4522	0.4522	0.904343	0.904343	0.4522	0.4522	0.904343	0.4522	0.4522	0.4522	0.4522	0.4522	0	0.4522	0.904343	0.904343	0.4522	0.4522	0.4522	0.4522	0.904343	0.4522	0.4522	0.4522	0.904343	0.904343	0	0	0.4522	0.904343	0.4522	0.4522	0.4522	0.4522	0.904343	0.4522	0	0.4522	0.904343	0.4522	0	0	0.4522	0.904343	0.4522	0.4522	0.4522	0.4522	0.4522	0.4522	0.4522	0.4522	0.904343	0.4522	0	0.4522	0.904343	0.4522	0	0	0.4522	0.904343	0.4522	0.4522	0.4522	0	0.4522	0.904343	0.4522	0	0.4522	0.4522	0	0.4522	0.4522	0.4522	0.4522	0	0.4522	0.4522	0	0.4522	0.904343	0.4522	0	0	0.4522	0.904343	0.4522	0	0.4522	0.4522	0	0.4522	0.4522	0	0.4522	0.4522	0	0.4522	0.4522	0	0.4522	0.4522	0	0.4522	0.4522	0.4522	0.4522	0.4522	0.4522	0.4522	0.4522	0	0.4522	0.4522	0.4522	0.4522	0.4522	0.4522	0.4522	0.4522	0	0.4522	0.4522	0	0	0.4522	0.4522	0.4522	0.4522	0	0	0	0	0	0.4522	0.4522	0	0	0.4522	0.4522	0	0	0	0	0	0	0	0	0	0	0	0	0	0	0	0	0	0	0	0.4522	0.4522	0	0	0	0	0	0	0	0	0	0	0	0	0	0	0	0	0	0	0	0	0	0.4522	0.4522	0	0	0	0	0	0	0.4522	0.4522	0	0	0.4522	0.4522	0	0	0	0.4522	0.4522	0.4522	0.4522	0	0	0.4522	0.4522	0	0	0	0.4522	0.4522	0.4522	0.4522	0	0	0	0.4522	0.4522	0	0.4522	0.4522	0	0.4522	0.4522	0	0	0	0	0	0	0	0.4522	0.4522	0	0	0	0	0	0	0	0	0.4522	0.4522	0	0
0.452157	0.904257	0.904257	0.452157	0.452157	0.904257	0.452157	0.452157	0.452157	0.452157	0.904257	0.904257	0.452157	0.452157	0.904257	0.452157	0.452157	0.452157	0.452157	0.452157	0	0.452157	0.904257	0.904257	0.452157	0.452157	0.452157	0.452157	0.904257	0.452157	0.452157	0.452157	0.904257	0.904257	0	0	0.452157	0.904257	0.452157	0.452157	0.452157	0.452157	0.904257	0.452157	0	0.452157	0.904257	0.452157	0	0	0.452157	0.904257	0.452157	0.452157	0.452157	0.452157	0.452157	0.452157	0.452157	0.452157	0.904257	0.452157	0	0.452157	0.904257	0.452157	0	0	0.452157	0.904257	0.452157	0.452157	0.452157	0	0.452157	0.904257	0.452157	0	0.452157	0.452157	0	0.452157	0.452157	0.452157	0.452157	0	0.452157	0.452157	0	0.452157	0.904257	0.452157	0	0	0.452157	0.904257	0.452157	0	0.452157	0.452157	0	0.452157	0.452157	0	0.452157	0.452157	0	0.452157	0.452157	0	0.452157	0.452157	0	0.452157	0.452157	0.452157	0.452157	0.452157	0.452157	0.452157	0.452157	0	0.452157	0.452157	0.452157	0.452157	0.452157	0.452157	0.452157	0.452157	0	0.452157	0.452157	0	0	0.452157	0.452157	0.452157	0.452157	0	0	0	0	0	0.452157	0.452157	0	0	0.452157	0.452157	0	0	0	0	0	0	0	0	0	0	0	0	0	0	0	0	0	0	0	0.452157	0.452157	0	0	0	0	0	0	0	0	0	0	0	0	0	0	0	0	0	0	0	0	0	0.452157	0.452157	0	0	0	0	0	0	0.452157	0.452157	0	0	0.452157	0.452157	0	0	0	0.452157	0.452157	0.452157	0.452157	0	0	0.452157	0.452157	0	0	0	0.452157	0.452157	0.452157	0.452157	0	0	0	0.452157	0.452157	0	0.452157	0.452157	0	0.452157	0.452157	0	0	0	0	0	0	0	0.452157	0.452157	0	0	0	0	0	0	0	0	0.452157	0.452157	0	0
0.452114	0.904172	0.904172	0.452114	0.452114	0.904172	0.452114	0.452114	0.452114	0.452114	0.904172	0.904172	0.452114	0.452114	0.904172	0.452114	0.452114	0.452114	0.452114	0.452114	0	0.452114	0.904172	0.904172	0.452114	0.452114	0.452114	0.452114	0.904172	0.452114	0.452114	0.452114	0.904172	0.904172	0	0	0.452114	0.904172	0.452114	0.452114	0.452114	0.452114	0.904172	0.452114	0	0.452114	0.904172	0.452114	0	0	0.452114	0.904172	0.452114	0.452114	0.452114	0.452114	0.452114	0.452114	0.452114	0.452114	0.904172	0.452114	0	0.452114	0.904172	0.452114	0	0	0.452114	0.904172	0.452114	0.452114	0.452114	0	0.452114	0.904172	0.452114	0	0.452114	0.452114	0	0.452114	0.452114	0.452114	0.452114	0	0.452114	0.452114	0	0.452114	0.904172	0.452114	0	0	0.452114	0.904172	0.452114	0	0.452114	0.452114	0	0.452114	0.452114	0	0.452114	0.452114	0	0.452114	0.452114	0	0.452114	0.452114	0	0.452114	0.452114	0.452114	0.452114	0.452114	0.452114	0.452114	0.452114	0	0.452114	0.452114	0.452114	0.452114	0.452114	0.452114	0.452114	0.452114	0	0.452114	0.452114	0	0	0.452114	0.452114	0.452114	0.452114	0	0	0	0	0	0.452114	0.452114	0	0	0.452114	0.452114	0	0	0	0	0	0	0	0	0	0	0	0	0	0	0	0	0	0	0	0.452114	0.452114	0	0	0	0	0	0	0	0	0	0	0	0	0	0	0	0	0	0	0	0	0	0.452114	0.452114	0	0	0	0	0	0	0.452114	0.452114	0	0	0.452114	0.452114	0	0	0	0.452114	0.452114	0.452114	0.452114	0	0	0.452114	0.452114	0	0	0	0.452114	0.452114	0.452114	0.452114	0	0	0	0.452114	0.452114	0	0.452114	0.452114	0	0.452114	0.452114	0	0	0	0	0	0	0	0.452114	0.452114	0	0	0	0	0	0	0	0	0.452114	0.452114	0	0
0.452071	0.904086	0.904086	0.452071	0.452071	0.904086	0.452071	0.452071	0.452071	0.452071	0.904086	0.904086	0.452071	0.452071	0.904086	0.452071	0.452071	0.452071	0.452071	0.452071	0	0.452071	0.904086	0.904086	0.452071	0.452071	0.452071	0.452071	0.904086	0.452071	0.452071	0.452071	0.904086	0.904086	0	0	0.452071	0.904086	0.452071	0.452071	0.452071	0.452071	0.904086	0.452071	0	0.452071	0.904086	0.452071	0	0	0.452071	0.904086	0.452071	0.452071	0.452071	0.452071	0.452071	0.452071	0.452071	0.452071	0.904086	0.452071	0	0.452071	0.904086	0.452071	0	0	0.452071	0.904086	0.452071	0.452071	0.452071	0	0.452071	0.904086	0.452071	0	0.452071	0.452071	0	0.452071	0.452071	0.452071	0.452071	0	0.452071	0.452071	0	0.452071	0.904086	0.452071	0	0	0.452071	0.904086	0.452071	0	0.452071	0.452071	0	0.452071	0.452071	0	0.452071	0.452071	0	0.452071	0.452071	0	0.452071	0.452071	0	0.452071	0.452071	0.452071	0.452071	0.452071	0.452071	0.452071	0.452071	0	0.452071	0.452071	0.452071	0.452071	0.452071	0.452071	0.452071	0.452071	0	0.452071	0.452071	0	0	0.452071	0.452071	0.452071	0.452071	0	0	0	0	0	0.452071	0.452071	0	0	0.452071	0.452071	0	0	0	0	0	0	0	0	0	0	0	0	0	0	0	0	0	0	0	0.452071	0.452071	0	0	0	0	0	0	0	0	0	0	0	0	0	0	0	0	0	0	0	0	0	0.452071	0.452071	0	0	0	0	0	0	0.452071	0.452071	0	0	0.452071	0.452071	0	0	0	0.452071	0.452071	0.452071	0.452071	0	0	0.452071	0.452071	0	0	0	0.452071	0.452071	0.452071	0.452071	0	0	0	0.452071	0.452071	0	0.452071	0.452071	0	0.452071	0.452071	0	0	0	0	0	0	0	0.452071	0.452071	0	0	0	0	0	0	0	0	0.452071	0.452071	0	0
1.72832	1.66819	1.62949	1.42927	1.42927	1.62949	1.42927	1.42927	1.42927	1.42927	1.62949	1.62949	1.42927	1.42927	1.47322	1.07205	1.01075	1.01075	1.01075	1.16341	1.24813	1.42927	1.62949	1.47322	1.07205	1.01075	1.01075	1.01075	1.27839	1.01075	1.01075	1.01075	1.27839	1.27839	0.904072	0.904072	1.01075	1.27839	1.01075	1.01075	1.01075	0.860647	0.972076	0.799077	0.799107	1.01075	1.11864	0.658962	0.576262	0.799107	1.01075	1.27839	1.01075	0.860647	0.814912	0.972101	1.01075	0.860647	0.658962	0.639277	1.0107	0.639277	0.576262	0.814912	0.972076	0.639277	0.576262	0.799107	0.860647	0.972076	0.639277	0.479466	0.505388	0.357388	0.639277	0.8606	0.357365	0.159825	0.658937	0.639277	0.452064	0.639277	0.639277	0.479466	0.357365	0.159825	0.658937	0.639277	0.452064	0.639277	0.8606	0.357365	0.159825	0.357388	0.479466	0.799047	0.452028	0	0.452028	0.452028	0	0.452028	0.452028	0	0.452028	0.452028	0	0.452028	0.452028	0	0.452028	0.452028	0	0.452028	0.452028	0.357365	0.479466	0.639277	0.639277	0.639277	0.639277	0.452064	0.639277	0.639277	0.658962	0.860647	1.01075	1.01075	1.01075	1.01075	0.799107	0.814912	0.860647	0.904072	0.904072	1.01075	1.01075	1.07205	1.28838	1.24813	1.02331	0.904072	0.904072	0.904072	1.01075	1.01075	0.904072	0.904072	1.07205	1.28838	1.35597	1.35597	1.35597	1.35597	1.35597	1.35597	1.35597	1.35597	1.35597	1.35597	1.35597	1.35597	1.35597	1.35597	1.35597	1.35597	1.35597	1.35597	1.35597	1.5075	1.72832	1.80769	1.80769	1.80769	1.80769	1.80769	1.80769	1.80769	1.80769	1.80769	1.80769	1.80769	1.80769	1.80769	1.69854	1.47325	1.35597	1.35597	1.35597	1.35597	1.35597	1.35597	1.5075	1.72832	1.80769	1.69854	1.47325	1.35597	1.35597	1.35597	1.5075	1.64511	1.47325	1.35597	1.42927	1.42927	1.35597	1.35597	1.35597	1.42927	1.42927	1.42927	1.42927	1.35597	1.35597	1.5075	1.64511	1.47325	1.35597	1.35597	1.5075	1.64511	1.64511	1.72832	1.80769	1.69854	1.47325	1.5075	1.72832	1.69854	1.64511	1.72832	1.80769	1.86328	1.86328	1.80769	1.80769	1.80769	1.69854	1.47325	1.35597	1.35597	1.5075	1.64511	1.47325	1.35597	1.35597	1.35597	1.35597	1.35597	1.35597	1.24813	1.21705	1.28838	1.35597	1.35597
1.69838	1.5736	1.62934	1.42914	1.42914	1.62934	1.42914	1.42914	1.42914	1.42914	1.62934	1.62934	1.42914	1.42914	1.3652	1.02322	1.01065	1.01065	1.01065	1.28823	1.28826	1.42914	1.62934	1.3652	1.02322	1.01065	1.01065	1.01065	1.27827	1.01065	1.01065	1.01065	1.27827	1.27827	0.903986	0.903986	1.01065	1.27827	1.01065	1.01065	1.01065	0.799032	0.799001	0.971984	0.860565	1.01065	0.972009	0.576207	0.658899	0.860565	1.01065	1.27827	1.01065	0.799032	0.814835	1.11853	1.01065	0.799032	0.576207	0.639216	1.0106	0.639216	0.658899	0.814835	0.799001	0.639216	0.658899	0.860565	0.799032	0.799001	0.639216	0.357354	0.505341	0.479421	0.639216	0.658875	0.15981	0.357332	0.860519	0.639216	0.452021	0.639216	0.639216	0.357354	0.15981	0.357332	0.860519	0.639216	0.452021	0.639216	0.658875	0.15981	0.357332	0.479421	0.357354	0.576165	0.451986	0	0.451986	0.451986	0	0.451986	0.451986	0	0.451986	0.451986	0	0.451986	0.451986	0	0.451986	0.451986	0	0.451986	0.451986	0.15981	0.357354	0.639216	0.639216	0.639216	0.639216	0.452021	0.639216	0.639216	0.576207	0.799032	1.01065	1.01065	1.01065	1.01065	0.860565	0.814835	0.799032	0.903986	0.903986	1.01065	1.01065	1.02322	1.24801	1.28826	1.07195	0.903986	0.903986	0.903986	1.01065	1.01065	0.903986	0.903986	1.02322	1.24801	1.35584	1.35584	1.35584	1.35584	1.35584	1.35584	1.35584	1.35584	1.35584	1.35584	1.35584	1.35584	1.35584	1.35584	1.35584	1.35584	1.35584	1.35584	1.35584	1.47311	1.69838	1.80752	1.80752	1.80752	1.80752	1.80752	1.80752	1.80752	1.80752	1.80752	1.80752	1.80752	1.80752	1.80752	1.72816	1.50736	1.35584	1.35584	1.35584	1.35584	1.35584	1.35584	1.47311	1.69838	1.80752	1.72816	1.50736	1.35584	1.35584	1.35584	1.47311	1.64495	1.50736	1.35584	1.42914	1.42914	1.35584	1.35584	1.35584	1.42914	1.42914	1.42914	1.42914	1.35584	1.35584	1.47311	1.64495	1.50736	1.35584	1.35584	1.47311	1.64495	1.64495	1.69838	1.80752	1.72816	1.50736	1.47311	1.69838	1.72816	1.64495	1.69838	1.80752	1.8631	1.8631	1.80752	1.80752	1.80752	1.72816	1.50736	1.35584	1.35584	1.47311	1.64495	1.50736	1.35584	1.35584	1.35584	1.35584	1.35584	1.35584	1.28826	1.21693	1.24801	1.35584	1.35584
0	0.451943	0.903829	0.451943	0.451943	0.903829	0.451943	0.451943	0.451943	0.451943	0.903829	0.903829	0.451943	0.451943	0.451943	0	0.451943	0.451943	0.451943	0.903829	0.451943	0.451943	0.903829	0.451943	0	0.451943	0.451943	0.451943	0.903829	0.451943	0.451943	0.451943	0.903829	0.903829	0	0	0.451943	0.903829	0.451943	0.451943	0.451943	0	0.451943	0.903829	0.451943	0.451943	0.451943	0	0.451943	0.451943	0.451943	0.903829	0.451943	0	0.451943	0.903829	0.451943	0	0	0.451943	0.903829	0.451943	0.451943	0.451943	0.451943	0.451943	0.451943	0.451943	0	0.451943	0.451943	0	0.451943	0.451943	0.451943	0.451943	0	0.451943	0.903829	0.451943	0	0.451943	0.451943	0	0	0.451943	0.903829	0.451943	0	0.451943	0.451943	0	0.451943	0.451943	0	0.451943	0.451943	0	0.451943	0.451943	0	0.451943	0.451943	0	0.451943	0.451943	0	0.451943	0.451943	0	0.451943	0.451943	0	0.451943	0.451943	0	0	0.451943	0.451943	0.451943	0.451943	0	0.451943	0.451943	0	0	0.451943	0.451943	0.451943	0.451943	0.451943	0.451943	0	0	0	0.451943	0.451943	0	0	0.451943	0.451943	0	0	0	0.451943	0.451943	0	0	0	0	0	0	0	0	0	0	0	0	0	0	0	0	0	0	0	0	0	0	0	0	0	0	0	0	0	0	0	0	0	0	0	0	0	0	0.451943	0.451943	0	0	0	0	0	0	0	0	0	0.451943	0.451943	0	0	0	0	0.451943	0.451943	0	0.451943	0.451943	0	0	0	0.451943	0.451943	0.451943	0.451943	0	0	0	0.451943	0.451943	0	0	0	0.451943	0.451943	0	0	0.451943	0.451943	0	0	0.451943	0.451943	0	0	0.451943	0.451943	0	0	0	0.451943	0.451943	0	0	0	0.451943	0.451943	0	0	0	0	0	0	0.451943	0.451943	0	0	0
0	0.4519	0.903744	0.4519	0.4519	0.903744	0.4519	0.4519	0.4519	0.4519	0.903744	0.903744	0.4519	0.4519	0.4519	0	0.4519	0.4519	0.4519	0.903744	0.4519	0.4519	0.903744	0.4519	0	0.4519	0.4519	0.4519	0.903744	0.4519	0.4519	0.4519	0.903744	0.903744	0	0	0.4519	0.903744	0.4519	0.4519	0.4519	0	0.4519	0.903744	0.4519	0.4519	0.4519	0	0.4519	0.4519	0.4519	0.903744	0.4519	0	0.4519	0.903744	0.4519	0	0	0.4519	0.903744	0.4519	0.4519	0.4519	0.4519	0.4519	0.4519	0.4519	0	0.4519	0.4519	0	0.4519	0.4519	0.4519	0.4519	0	0.4519	0.903744	0.4519	0	0.4519	0.4519	0	0	0.4519	0.903744	0.4519	0	0.4519	0.4519	0	0.4519	0.4519	0	0.4519	0.4519	0	0.4519	0.4519	0	0.4519	0.4519	0	0.4519	0.4519	0	0.4519	0.4519	0	0.4519	0.4519	0	0.4519	0.4519	0	0	0.4519	0.4519	0.4519	0.4519	0	0.4519	0.4519	0	0	0.4519	0.4519	0.4519	0.4519	0.4519	0.4519	0	0	0	0.4519	0.4519	0	0	0.4519	0.4519	0	0	0	0.4519	0.4519	0	0	0	0	0	0	0	0	0	0	0	0	0	0	0	0	0	0	0	0	0	0	0	0	0	0	0	0	0	0	0	0	0	0	0	0	0	0	0.4519	0.4519	0	0	0	0	0	0	0	0	0	0.4519	0.4519	0	0	0	0	0.4519	0.4519	0	0.4519	0.4519	0	0	0	0.4519	0.4519	0.4519	0.4519	0	0	0	0.4519	0.4519	0	0	0	0.4519	0.4519	0	0	0.4519	0.4519	0	0	0.4519	0.4519	0	0	0.4519	0.4519	0	0	0	0.4519	0.4519	0	0	0	0.4519	0.4519	0	0	0	0	0	0	0.4519	0.4519	0	0	0
0	0.451857	0.903658	0.451857	0.451857	0.903658	0.451857	0.451857	0.451857	0.451857	0.903658	0.903658	0.451857	0.451857	0.451857	0	0.451857	0.451857	0.451857	0.903658	0.451857	0.451857	0.903658	0.451857	0	0.451857	0.451857	0.451857	0.903658	0.451857	0.451857	0.451857	0.903658	0.903658	0	0	0.451857	0.903658	0.451857	0.451857	0.451857	0	0.451857	0.903658	0.451857	0.451857	0.451857	0	0.451857	0.451857	0.451857	0.903658	0.451857	0	0.451857	0.903658	0.451857	0	0	0.451857	0.903658	0.451857	0.451857	0.451857	0.451857	0.451857	0.451857	0.451857	0	0.451857	0.451857	0	0.451857	0.451857	0.451857	0.451857	0	0.451857	0.903658	0.451857	0	0.451857	0.451857	0	0	0.451857	0.903658	0.451857	0	0.451857	0.451857	0	0.451857	0.451857	0	0.451857	0.451857	0	0.451857	0.451857	0	0.451857	0.451857	0	0.451857	0.451857	0	0.451857	0.451857	0	0.451857	0.451857	0	0.451857	0.451857	0	0	0.451857	0.451857	0.451857	0.451857	0	0.451857	0.451857	0	0	0.451857	0.451857	0.451857	0.451857	0.451857	0.451857	0	0	0	0.451857	0.451857	0	0	0.451857	0.451857	0	0	0	0.451857	0.451857	0	0	0	0	0	0	0	0	0	0	0	0	0	0	0	0	0	0	0	0	0	0	0	0	0	0	0	0	0	0	0	0	0	0	0	0	0	0	0.451857	0.451857	0	0	0	0	0	0	0	0	0	0.451857	0.451857	0	0	0	0	0.451857	0.451857	0	0.451857	0.451857	0	0	0	0.451857	0.451857	0.451857	0.451857	0	0	0	0.451857	0.451857	0	0	0	0.451857	0.451857	0	0	0.451857	0.451857	0	0	0.451857	0.451857	0	0	0.451857	0.451857	0	0	0	0.451857	0.451857	0	0	0	0.451857	0.451857	0	0	0	0	0	0	0.451857	0.451857	0	0	0
0	0.451814	0.903573	0.451814	0.451814	0.903573	0.451814	0.451814	0.451814	0.451814	0.903573	0.903573	0.451814	0.451814	0.451814	0	0.451814	0.451814	0.451814	0.903573	0.451814	0.451814	0.903573	0.451814	0	0.451814	0.451814	0.451814	0.903573	0.451814	0.451814	0.451814	0.903573	0.903573	0	0	0.451814	0.903573	0.451814	0.451814	0.451814	0	0.451814	0.903573	0.451814	0.451814	0.451814	0	0.451814	0.451814	0.451814	0.903573	0.451814	0	0.451814	0.903573	0.451814	0	0	0.451814	0.903573	0.451814	0.451814	0.451814	0.451814	0.451814	0.451814	0.451814	0	0.451814	0.451814	0	0.451814	0.451814	0.451814	0.451814	0	0.451814	0.903573	0.451814	0	0.451814	0.451814	0	0	0.451814	0.903573	0.451814	0	0.451814	0.451814	0	0.451814	0.451814	0	0.451814	0.451814	0	0.451814	0.451814	0	0.451814	0.451814	0	0.451814	0.451814	0	0.451814	0.451814	0	0.451814	0.451814	0	0.451814	0.451814	0	0	0.451814	0.451814	0.451814	0.451814	0	0.451814	0.451814	0	0	0.451814	0.451814	0.451814	0.451814	0.451814	0.451814	0	0	0	0.451814	0.451814	0	0	0.451814	0.451814	0	0	0	0.451814	0.451814	0	0	0	0	0	0	0	0	0	0	0	0	0	0	0	0	0	0	0	0	0	0	0	0	0	0	0	0	0	0	0	0	0	0	0	0	0	0	0.451814	0.451814	0	0	0	0	0	0	0	0	0	0.451814	0.451814	0	0	0	0	0.451814	0.451814	0	0.451814	0.451814	0	0	0	0.451814	0.451814	0.451814	0.451814	0	0	0	0.451814	0.451814	0	0	0	0.451814	0.451814	0	0	0.451814	0.451814	0	0	0.451814	0.451814	0	0	0.451814	0.451814	0	0	0	0.451814	0.451814	0	0	0	0.451814	0.451814	0	0	0	0	0	0	0.451814	0.451814	0	0	0
0	0.451772	0.903487	0.451772	0.451772	0.903487	0.451772	0.451772	0.451772	0.451772	0.903487	0.903487	0.451772	0.451772	0.451772	0	0.451772	0.451772	0.451772	0.903487	0.451772	0.451772	0.903487	0.451772	0	0.451772	0.451772	0.451772	0.903487	0.451772	0.451772	0.451772	0.903487	0.903487	0	0	0.451772	0.903487	0.451772	0.451772	0.451772	0	0.451772	0.903487	0.451772	0.451772	0.451772	0	0.451772	0.451772	0.451772	0.903487	0.451772	0	0.451772	0.903487	0.451772	0	0	0.451772	0.903487	0.451772	0.451772	0.451772	0.451772	0.451772	0.451772	0.451772	0	0.451772	0.451772	0	0.451772	0.451772	0.451772	0.451772	0	0.451772	0.903487	0.451772	0	0.451772	0.451772	0	0	0.451772	0.903487	0.451772	0	0.451772	0.451772	0	0.451772	0.451772	0	0.451772	0.451772	0	0.451772	0.451772	0	0.451772	0.451772	0	0.451772	0.451772	0	0.451772	0.451772	0	0.451772	0.451772	0	0.451772	0.451772	0	0	0.451772	0.451772	0.451772	0.451772	0	0.451772	0.451772	0	0	0.451772	0.451772	0.451772	0.451772	0.451772	0.451772	0	0	0	0.451772	0.451772	0	0	0.451772	0.451772	0	0	0	0.451772	0.451772	0	0	0	0	0	0	0	0	0	0	0	0	0	0	0	0	0	0	0	0	0	0	0	0	0	0	0	0	0	0	0	0	0	0	0	0	0	0	0.451772	0.451772	0	0	0	0	0	0	0	0	0	0.451772	0.451772	0	0	0	0	0.451772	0.451772	0	0.451772	0.451772	0	0	0	0.451772	0.451772	0.451772	0.451772	0	0	0	0.451772	0.451772	0	0	0	0.451772	0.451772	0	0	0.451772	0.451772	0	0	0.451772	0.451772	0	0	0.451772	0.451772	0	0	0	0.451772	0.451772	0	0	0	0.451772	0.451772	0	0	0	0	0	0	0.451772	0.451772	0	0	0
0	0.451729	0.903402	0.451729	0.451729	0.903402	0.451729	0.451729	0.451729	0.451729	0.903402	0.903402	0.451729	0.451729	0.451729	0	0.451729	0.451729	0.451729	0.903402	0.451729	0.451729	0.903402	0.451729	0	0.451729	0.451729	0.451729	0.903402	0.451729	0.451729	0.451729	0.903402	0.903402	0	0	0.451729	0.903402	0.451729	0.451729	0.451729	0	0.451729	0.903402	0.451729	0.451729	0.451729	0	0.451729	0.451729	0.451729	0.903402	0.451729	0	0.451729	0.903402	0.451729	0	0	0.451729	0.903402	0.451729	0.451729	0.451729	0.451729	0.451729	0.451729	0.451729	0	0.451729	0.451729	0	0.451729	0.451729	0.451729	0.451729	0	0.451729	0.903402	0.451729	0	0.451729	0.451729	0	0	0.451729	0.903402	0.451729	0	0.451729	0.451729	0	0.451729	0.451729	0	0.451729	0.451729	0	0.451729	0.451729	0	0.451729	0.451729	0	0.451729	0.451729	0	0.451729	0.451729	0	0.451729	0.451729	0	0.451729	0.451729	0	0	0.451729	0.451729	0.451729	0.451729	0	0.451729	0.451729	0	0	0.451729	0.451729	0.451729	0.451729	0.451729	0.451729	0	0	0	0.451729	0.451729	0	0	0.451729	0.451729	0	0	0	0.451729	0.451729	0	0	0	0	0	0	0	0	0	0	0	0	0	0	0	0	0	0	0	0	0	0	0	0	0	0	0	0	0	0	0	0	0	0	0	0	0	0	0.451729	0.451729	0	0	0	0	0	0	0	0	0	0.451729	0.451729	0	0	0	0	0.451729	0.451729	0	0.451729	0.451729	0	0	0	0.451729	0.451729	0.451729	0.451729	0	0	0	0.451729	0.451729	0	0	0	0.451729	0.451729	0	0	0.451729	0.451729	0	0	0.451729	0.451729	0	0	0.451729	0.451729	0	0	0	0.451729	0.451729	0	0	0	0.451729	0.451729	0	0	0	0	0	0	0.451729	0.451729	0	0	0
0	0.451686	0.903316	0.451686	0.451686	0.903316	0.451686	0.451686	0.451686	0.451686	0.903316	0.903316	0.451686	0.451686	0.451686	0	0.451686	0.451686	0.451686	0.903316	0.451686	0.451686	0.903316	0.451686	0	0.451686	0.451686	0.451686	0.903316	0.451686	0.451686	0.451686	0.903316	0.903316	0	0	0.451686	0.903316	0.451686	0.451686	0.451686	0	0.451686	0.903316	0.451686	0.451686	0.451686	0	0.451686	0.451686	0.451686	0.903316	0.451686	0	0.451686	0.903316	0.451686	0	0	0.451686	0.903316	0.451686	0.451686	0.451686	0.451686	0.451686	0.451686	0.451686	0	0.451686	0.451686	0	0.451686	0.451686	0.451686	0.451686	0	0.451686	0.903316	0.451686	0	0.451686	0.451686	0	0	0.451686	0.903316	0.451686	0	0.451686	0.451686	0	0.451686	0.451686	0	0.451686	0.451686	0	0.451686	0.451686	0	0.451686	0.451686	0	0.451686	0.451686	0	0.451686	0.451686	0	0.451686	0.451686	0	0.451686	0.451686	0	0	0.451686	0.451686	0.451686	0.451686	0	0.451686	0.451686	0	0	0.451686	0.451686	0.451686	0.451686	0.451686	0.451686	0	0	0	0.451686	0.451686	0	0	0.451686	0.451686	0	0	0	0.451686	0.451686	0	0	0	0	0	0	0	0	0	0	0	0	0	0	0	0	0	0	0	0	0	0	0	0	0	0	0	0	0	0	0	0	0	0	0	0	0	0	0.451686	0.451686	0	0	0	0	0	0	0	0	0	0.451686	0.451686	0	0	0	0	0.451686	0.451686	0	0.451686	0.451686	0	0	0	0.451686	0.451686	0.451686	0.451686	0	0	0	0.451686	0.451686	0	0	0	0.451686	0.451686	0	0	0.451686	0.451686	0	0	0.451686	0.451686	0	0	0.451686	0.451686	0	0	0	0.451686	0.451686	0	0	0	0.451686	0.451686	0	0	0	0	0	0	0.451686	0.451686	0	0	0
0	0.451644	0.903231	0.451644	0.451644	0.903231	0.451644	0.451644	0.451644	0.451644	0.903231	0.903231	0.451644	0.451644	0.451644	0	0.451644	0.451644	0.451644	0.903231	0.451644	0.451644	0.903231	0.451644	0	0.451644	0.451644	0.451644	0.903231	0.451644	0.451644	0.451644	0.903231	0.903231	0	0	0.451644	0.903231	0.451644	0.451644	0.451644	0	0.451644	0.903231	0.451644	0.451644	0.451644	0	0.451644	0.451644	0.451644	0.903231	0.451644	0	0.451644	0.903231	0.451644	0	0	0.451644	0.903231	0.451644	0.451644	0.451644	0.451644	0.451644	0.451644	0.451644	0	0.451644	0.451644	0	0.451644	0.451644	0.451644	0.451644	0	0.451644	0.903231	0.451644	0	0.451644	0.451644	0	0	0.451644	0.903231	0.451644	0	0.451644	0.451644	0	0.451644	0.451644	0	0.451644	0.451644	0	0.451644	0.451644	0	0.451644	0.451644	0	0.451644	0.451644	0	0.451644	0.451644	0	0.451644	0.451644	0	0.451644	0.451644	0	0	0.451644	0.451644	0.451644	0.451644	0	0.451644	0.451644	0	0	0.451644	0.451644	0.451644	0.451644	0.451644	0.451644	0	0	0	0.451644	0.451644	0	0	0.451644	0.451644	0	0	0	0.451644	0.451644	0	0	0	0	0	0	0	0	0	0	0	0	0	0	0	0	0	0	0	0	0	0	0	0	0	0	0	0	0	0	0	0	0	0	0	0	0	0	0.451644	0.451644	0	0	0	0	0	0	0	0	0	0.451644	0.451644	0	0	0	0	0.451644	0.451644	0	0.451644	0.451644	0	0	0	0.451644	0.451644	0.451644	0.451644	0	0	0	0.451644	0.451644	0	0	0	0.451644	0.451644	0	0	0.451644	0.451644	0	0	0.451644	0.451644	0	0	0.451644	0.451644	0	0	0	0.451644	0.451644	0	0	0	0.451644	0.451644	0	0	0	0	0	0	0.451644	0.451644	0	0	0
0.903202	1.00978	1.27718	1.00978	1.00978	1.27718	1.00978	1.00978	1.00978	0.859821	0.971152	1.00974	0.638667	0.638667	0.798315	0.798339	0.859821	0.658331	0.638667	1.00974	0.638667	0.638667	1.00974	0.638667	0.451629	0.638667	0.638667	0.638667	1.00974	0.638667	0.638667	0.638667	0.859784	0.798291	0.159673	0.357045	0.638667	0.859784	0.357027	0.451601	0.451601	0.159673	0.658311	1.00974	0.638667	0.638667	0.638667	0.451629	0.638667	0.638667	0.638667	0.859784	0.357027	0.159673	0.658311	1.00974	0.638667	0.451629	0.451629	0.638667	1.00974	0.638667	0.479009	0.504909	0.658311	0.638667	0.479009	0.357027	0.159673	0.658311	0.638667	0.451629	0.638667	0.638667	0.479009	0.504909	0.357045	0.638667	0.859784	0.357027	0.159673	0.658311	0.638667	0.451629	0.451629	0.638667	0.859784	0.504909	0.357045	0.479009	0.504909	0.357045	0.479009	0.357027	0.159673	0.504909	0.504909	0.357045	0.479009	0.357027	0	0.451601	0.451601	0	0.451601	0.451601	0	0.357027	0.504909	0.159673	0.357027	0.479009	0.357045	0.504909	0.479009	0.451629	0.451629	0.638667	0.638667	0.638667	0.638667	0.451629	0.638667	0.638667	0.451629	0.451629	0.638667	0.638667	0.658331	0.859821	1.07102	1.28715	1.35466	1.24693	1.02233	1.07102	1.28715	1.35466	1.35466	1.4279	1.4279	1.35466	1.35466	1.35466	1.50605	1.64353	1.47184	1.35466	1.35466	1.35466	1.35466	1.35466	1.35466	1.35466	1.35466	1.35466	1.35466	1.35466	1.35466	1.35466	1.35466	1.35466	1.35466	1.35466	1.35466	1.35466	1.35466	1.35466	1.35466	1.35466	1.35466	1.35466	1.24693	1.02233	0.903202	0.903202	0.903202	0.903202	0.903202	0.903202	0.903202	0.903202	0.903202	0.903202	1.07102	1.28715	1.35466	1.35466	1.35466	1.35466	1.35466	1.35466	1.24693	1.02233	0.903202	1.07102	1.28715	1.35466	1.24693	1.02233	0.903202	1.07102	1.28715	1.35466	1.4279	1.4279	1.35466	1.35466	1.35466	1.50605	1.72666	1.86149	1.86149	1.69691	1.47184	1.35466	1.50605	1.72666	1.80596	1.80596	1.69691	1.64353	1.64353	1.47184	1.35466	1.4279	1.4279	1.35466	1.35466	1.4279	1.4279	1.35466	1.35466	1.4279	1.4279	1.35466	1.35466	1.35466	1.50605	1.64353	1.47184	1.35466	1.35466	1.50605	1.72666	1.80596	1.80596	1.69691	1.47184	1.35466	1.35466	1.4279	1.4279	1.35466	1.35466	1.35466
0.903117	1.00968	1.27704	1.00968	1.00968	1.27704	1.00968	1.00968	1.00968	0.798263	0.798233	1.00963	0.638601	0.638601	0.97105	0.859738	0.798263	0.575653	0.638601	1.00963	0.638601	0.638601	1.00963	0.638601	0.451587	0.638601	0.638601	0.638601	1.00963	0.638601	0.638601	0.638601	0.658241	0.575611	0.356988	0.47896	0.638601	0.658241	0.159657	0.451551	0.451551	0.356988	0.859691	1.00963	0.638601	0.638601	0.638601	0.451587	0.638601	0.638601	0.638601	0.658241	0.159657	0.356988	0.859691	1.00963	0.638601	0.451587	0.451587	0.638601	1.00963	0.638601	0.35701	0.504855	0.859691	0.638601	0.35701	0.159657	0.356988	0.859691	0.638601	0.451587	0.638601	0.638601	0.35701	0.504855	0.47896	0.638601	0.658241	0.159657	0.356988	0.859691	0.638601	0.451587	0.451587	0.638601	0.658241	0.504855	0.47896	0.35701	0.504855	0.47896	0.35701	0.159657	0.356988	0.504855	0.504855	0.47896	0.35701	0.159657	0	0.451551	0.451551	0	0.451551	0.451551	0	0.159657	0.504855	0.356988	0.159657	0.35701	0.47896	0.504855	0.35701	0.451587	0.451587	0.638601	0.638601	0.638601	0.638601	0.451587	0.638601	0.638601	0.451587	0.451587	0.638601	0.638601	0.575653	0.798263	1.02223	1.24681	1.35454	1.28702	1.07092	1.02223	1.24681	1.35454	1.35454	1.42776	1.42776	1.35454	1.35454	1.35454	1.4717	1.64337	1.50591	1.35454	1.35454	1.35454	1.35454	1.35454	1.35454	1.35454	1.35454	1.35454	1.35454	1.35454	1.35454	1.35454	1.35454	1.35454	1.35454	1.35454	1.35454	1.35454	1.35454	1.35454	1.35454	1.35454	1.35454	1.35454	1.28702	1.07092	0.903117	0.903117	0.903117	0.903117	0.903117	0.903117	0.903117	0.903117	0.903117	0.903117	1.02223	1.24681	1.35454	1.35454	1.35454	1.35454	1.35454	1.35454	1.28702	1.07092	0.903117	1.02223	1.24681	1.35454	1.28702	1.07092	0.903117	1.02223	1.24681	1.35454	1.42776	1.42776	1.35454	1.35454	1.35454	1.4717	1.69675	1.86131	1.86131	1.72649	1.50591	1.35454	1.4717	1.69675	1.80579	1.80579	1.72649	1.64337	1.64337	1.50591	1.35454	1.42776	1.42776	1.35454	1.35454	1.42776	1.42776	1.35454	1.35454	1.42776	1.42776	1.35454	1.35454	1.35454	1.4717	1.64337	1.50591	1.35454	1.35454	1.4717	1.69675	1.80579	1.80579	1.72649	1.50591	1.35454	1.35454	1.42776	1.42776	1.35454	1.35454	1.35454
0	0.451508	0.90296	0.451508	0.451508	0.90296	0.451508	0.451508	0.451508	0	0.451508	0.90296	0.451508	0.451508	0.90296	0.451508	0	0	0.451508	0.90296	0.451508	0.451508	0.90296	0.451508	0	0.451508	0.451508	0.451508	0.90296	0.451508	0.451508	0.451508	0.451508	0.451508	0.451508	0.451508	0.451508	0.451508	0	0.451508	0.451508	0.451508	0.90296	0.90296	0.451508	0.451508	0.451508	0	0.451508	0.451508	0.451508	0.451508	0	0.451508	0.90296	0.90296	0.451508	0	0	0.451508	0.90296	0.451508	0	0.451508	0.90296	0.451508	0	0	0.451508	0.90296	0.451508	0	0.451508	0.451508	0	0.451508	0.451508	0.451508	0.451508	0	0.451508	0.90296	0.451508	0	0	0.451508	0.451508	0.451508	0.451508	0	0.451508	0.451508	0	0	0.451508	0.451508	0.451508	0.451508	0	0	0	0.451508	0.451508	0	0.451508	0.451508	0	0	0.451508	0.451508	0	0	0.451508	0.451508	0	0	0	0.451508	0.451508	0.451508	0.451508	0	0.451508	0.451508	0	0	0.451508	0.451508	0	0	0	0	0	0.451508	0.451508	0	0	0	0	0.451508	0.451508	0	0	0	0	0.451508	0.451508	0	0	0	0	0	0	0	0	0	0	0	0	0	0	0	0	0	0	0	0	0	0	0	0	0	0.451508	0.451508	0	0	0	0	0	0	0	0	0	0	0	0	0	0	0	0	0	0	0.451508	0.451508	0	0	0	0	0.451508	0.451508	0	0	0	0	0.451508	0.451508	0	0	0	0	0	0.451508	0.451508	0.451508	0.451508	0	0	0	0	0	0.451508	0.451508	0.451508	0.451508	0	0.451508	0.451508	0	0	0.451508	0.451508	0	0	0.451508	0.451508	0	0	0	0	0.451508	0.451508	0	0	0	0	0	0	0.451508	0.451508	0	0	0.451508	0.451508	0	0	0
0	0.451466	0.902875	0.451466	0.451466	0.902875	0.451466	0.451466	0.451466	0	0.451466	0.902875	0.451466	0.451466	0.902875	0.451466	0	0	0.451466	0.902875	0.451466	0.451466	0.902875	0.451466	0	0.451466	0.451466	0.451466	0.902875	0.451466	0.451466	0.451466	0.451466	0.451466	0.451466	0.451466	0.451466	0.451466	0	0.451466	0.451466	0.451466	0.902875	0.902875	0.451466	0.451466	0.451466	0	0.451466	0.451466	0.451466	0.451466	0	0.451466	0.902875	0.902875	0.451466	0	0	0.451466	0.902875	0.451466	0	0.451466	0.902875	0.451466	0	0	0.451466	0.902875	0.451466	0	0.451466	0.451466	0	0.451466	0.451466	0.451466	0.451466	0	0.451466	0.902875	0.451466	0	0	0.451466	0.451466	0.451466	0.451466	0	0.451466	0.451466	0	0	0.451466	0.451466	0.451466	0.451466	0	0	0	0.451466	0.451466	0	0.451466	0.451466	0	0	0.451466	0.451466	0	0	0.451466	0.451466	0	0	0	0.451466	0.451466	0.451466	0.451466	0	0.451466	0.451466	0	0	0.451466	0.451466	0	0	0	0	0	0.451466	0.451466	0	0	0	0	0.451466	0.451466	0	0	0	0	0.451466	0.451466	0	0	0	0	0	0	0	0	0	0	0	0	0	0	0	0	0	0	0	0	0	0	0	0	0	0.451466	0.451466	0	0	0	0	0	0	0	0	0	0	0	0	0	0	0	0	0	0	0.451466	0.451466	0	0	0	0	0.451466	0.451466	0	0	0	0	0.451466	0.451466	0	0	0	0	0	0.451466	0.451466	0.451466	0.451466	0	0	0	0	0	0.451466	0.451466	0.451466	0.451466	0	0.451466	0.451466	0	0	0.451466	0.451466	0	0	0.451466	0.451466	0	0	0	0	0.451466	0.451466	0	0	0	0	0	0	0.451466	0.451466	0	0	0.451466	0.451466	0	0	0
0	0.451423	0.90279	0.451423	0.451423	0.90279	0.451423	0.451423	0.451423	0	0.451423	0.90279	0.451423	0.451423	0.90279	0.451423	0	0	0.451423	0.90279	0.451423	0.451423	0.90279	0.451423	0	0.451423	0.451423	0.451423	0.90279	0.451423	0.451423	0.451423	0.451423	0.451423	0.451423	0.451423	0.451423	0.451423	0	0.451423	0.451423	0.451423	0.90279	0.90279	0.451423	0.451423	0.451423	0	0.451423	0.451423	0.451423	0.451423	0	0.451423	0.90279	0.90279	0.451423	0	0	0.451423	0.90279	0.451423	0	0.451423	0.90279	0.451423	0	0	0.451423	0.90279	0.451423	0	0.451423	0.451423	0	0.451423	0.451423	0.451423	0.451423	0	0.451423	0.90279	0.451423	0	0	0.451423	0.451423	0.451423	0.451423	0	0.451423	0.451423	0	0	0.451423	0.451423	0.451423	0.451423	0	0	0	0.451423	0.451423	0	0.451423	0.451423	0	0	0.451423	0.451423	0	0	0.451423	0.451423	0	0	0	0.451423	0.451423	0.451423	0.451423	0	0.451423	0.451423	0	0	0.451423	0.451423	0	0	0	0	0	0.451423	0.451423	0	0	0	0	0.451423	0.451423	0	0	0	0	0.451423	0.451423	0	0	0	0	0	0	0	0	0	0	0	0	0	0	0	0	0	0	0	0	0	0	0	0	0	0.451423	0.451423	0	0	0	0	0	0	0	0	0	0	0	0	0	0	0	0	0	0	0.451423	0.451423	0	0	0	0	0.451423	0.451423	0	0	0	0	0.451423	0.451423	0	0	0	0	0	0.451423	0.451423	0.451423	0.451423	0	0	0	0	0	0.451423	0.451423	0.451423	0.451423	0	0.451423	0.451423	0	0	0.451423	0.451423	0	0	0.451423	0.451423	0	0	0	0	0.451423	0.451423	0	0	0	0	0	0	0.451423	0.451423	0	0	0.451423	0.451423	0	0	0
0	0.45138	0.902704	0.45138	0.45138	0.902704	0.45138	0.45138	0.45138	0	0.45138	0.902704	0.45138	0.45138	0.902704	0.45138	0	0	0.45138	0.902704	0.45138	0.45138	0.902704	0.45138	0	0.45138	0.45138	0.45138	0.902704	0.45138	0.45138	0.45138	0.45138	0.45138	0.45138	0.45138	0.45138	0.45138	0	0.45138	0.45138	0.45138	0.902704	0.902704	0.45138	0.45138	0.45138	0	0.45138	0.45138	0.45138	0.45138	0	0.45138	0.902704	0.902704	0.45138	0	0	0.45138	0.902704	0.45138	0	0.45138	0.902704	0.45138	0	0	0.45138	0.902704	0.45138	0	0.45138	0.45138	0	0.45138	0.45138	0.45138	0.45138	0	0.45138	0.902704	0.45138	0	0	0.45138	0.45138	0.45138	0.45138	0	0.45138	0.45138	0	0	0.45138	0.45138	0.45138	0.45138	0	0	0	0.45138	0.45138	0	0.45138	0.45138	0	0	0.45138	0.45138	0	0	0.45138	0.45138	0	0	0	0.45138	0.45138	0.45138	0.45138	0	0.45138	0.45138	0	0	0.45138	0.45138	0	0	0	0	0	0.45138	0.45138	0	0	0	0	0.45138	0.45138	0	0	0	0	0.45138	0.45138	0	0	0	0	0	0	0	0	0	0	0	0	0	0	0	0	0	0	0	0	0	0	0	0	0	0.45138	0.45138	0	0	0	0	0	0	0	0	0	0	0	0	0	0	0	0	0	0	0.45138	0.45138	0	0	0	0	0.45138	0.45138	0	0	0	0	0.45138	0.45138	0	0	0	0	0	0.45138	0.45138	0.45138	0.45138	0	0	0	0	0	0.45138	0.45138	0.45138	0.45138	0	0.45138	0.45138	0	0	0.45138	0.45138	0	0	0.45138	0.45138	0	0	0	0	0.45138	0.45138	0	0	0	0	0	0	0.45138	0.45138	0	0	0.45138	0.45138	0	0	0
0	0.451338	0.902619	0.451338	0.451338	0.902619	0.451338	0.451338	0.451338	0	0.451338	0.902619	0.451338	0.451338	0.902619	0.451338	0	0	0.451338	0.902619	0.451338	0.451338	0.902619	0.451338	0	0.451338	0.451338	0.451338	0.902619	0.451338	0.451338	0.451338	0.451338	0.451338	0.451338	0.451338	0.451338	0.451338	0	0.451338	0.451338	0.451338	0.902619	0.902619	0.451338	0.451338	0.451338	0	0.451338	0.451338	0.451338	0.451338	0	0.451338	0.902619	0.902619	0.451338	0	0	0.451338	0.902619	0.451338	0	0.451338	0.902619	0.451338	0	0	0.451338	0.902619	0.451338	0	0.451338	0.451338	0	0.451338	0.451338	0.451338	0.451338	0	0.451338	0.902619	0.451338	0	0	0.451338	0.451338	0.451338	0.451338	0	0.451338	0.451338	0	0	0.451338	0.451338	0.451338	0.451338	0	0	0	0.451338	0.451338	0	0.451338	0.451338	0	0	0.451338	0.451338	0	0	0.451338	0.451338	0	0	0	0.451338	0.451338	0.451338	0.451338	0	0.451338	0.451338	0	0	0.451338	0.451338	0	0	0	0	0	0.451338	0.451338	0	0	0	0	0.451338	0.451338	0	0	0	0	0.451338	0.451338	0	0	0	0	0	0	0	0	0	0	0	0	0	0	0	0	0	0	0	0	0	0	0	0	0	0.451338	0.451338	0	0	0	0	0	0	0	0	0	0	0	0	0	0	0	0	0	0	0.451338	0.451338	0	0	0	0	0.451338	0.451338	0	0	0	0	0.451338	0.451338	0	0	0	0	0	0.451338	0.451338	0.451338	0.451338	0	0	0	0	0	0.451338	0.451338	0.451338	0.451338	0	0.451338	0.451338	0	0	0.451338	0.451338	0	0	0.451338	0.451338	0	0	0	0	0.451338	0.451338	0	0	0	0	0	0	0.451338	0.451338	0	0	0.451338	0.451338	0	0	0
0	0.451295	0.902534	0.451295	0.451295	0.902534	0.451295	0.451295	0.451295	0	0.451295	0.902534	0.451295	0.451295	0.902534	0.451295	0	0	0.451295	0.902534	0.451295	0.451295	0.902534	0.451295	0	0.451295	0.451295	0.451295	0.902534	0.451295	0.451295	0.451295	0.451295	0.451295	0.451295	0.451295	0.451295	0.451295	0	0.451295	0.451295	0.451295	0.902534	0.902534	0.451295	0.451295	0.451295	0	0.451295	0.451295	0.451295	0.451295	0	0.451295	0.902534	0.902534	0.451295	0	0	0.451295	0.902534	0.451295	0	0.451295	0.902534	0.451295	0	0	0.451295	0.902534	0.451295	0	0.451295	0.451295	0	0.451295	0.451295	0.451295	0.451295	0	0.451295	0.902534	0.451295	0	0	0.451295	0.451295	0.451295	0.451295	0	0.451295	0.451295	0	0	0.451295	0.451295	0.451295	0.451295	0	0	0	0.451295	0.451295	0	0.451295	0.451295	0	0	0.451295	0.451295	0	0	0.451295	0.451295	0	0	0	0.451295	0.451295	0.451295	0.451295	0	0.451295	0.451295	0	0	0.451295	0.451295	0	0	0	0	0	0.451295	0.451295	0	0	0	0	0.451295	0.451295	0	0	0	0	0.451295	0.451295	0	0	0	0	0	0	0	0	0	0	0	0	0	0	0	0	0	0	0	0	0	0	0	0	0	0.451295	0.451295	0	0	0	0	0	0	0	0	0	0	0	0	0	0	0	0	0	0	0.451295	0.451295	0	0	0	0	0.451295	0.451295	0	0	0	0	0.451295	0.451295	0	0	0	0	0	0.451295	0.451295	0.451295	0.451295	0	0	0	0	0	0.451295	0.451295	0.451295	0.451295	0	0.451295	0.451295	0	0	0.451295	0.451295	0	0	0.451295	0.451295	0	0	0	0	0.451295	0.451295	0	0	0	0	0	0	0.451295	0.451295	0	0	0.451295	0.451295	0	0	0
0	0.451252	0.902449	0.451252	0.451252	0.902449	0.451252	0.451252	0.451252	0	0.451252	0.902449	0.451252	0.451252	0.902449	0.451252	0	0	0.451252	0.902449	0.451252	0.451252	0.902449	0.451252	0	0.451252	0.451252	0.451252	0.902449	0.451252	0.451252	0.451252	0.451252	0.451252	0.451252	0.451252	0.451252	0.451252	0	0.451252	0.451252	0.451252	0.902449	0.902449	0.451252	0.451252	0.451252	0	0.451252	0.451252	0.451252	0.451252	0	0.451252	0.902449	0.902449	0.451252	0	0	0.451252	0.902449	0.451252	0	0.451252	0.902449	0.451252	0	0	0.451252	0.902449	0.451252	0	0.451252	0.451252	0	0.451252	0.451252	0.451252	0.451252	0	0.451252	0.902449	0.451252	0	0	0.451252	0.451252	0.451252	0.451252	0	0.451252	0.451252	0	0	0.451252	0.451252	0.451252	0.451252	0	0	0	0.451252	0.451252	0	0.451252	0.451252	0	0	0.451252	0.451252	0	0	0.451252	0.451252	0	0	0	0.451252	0.451252	0.451252	0.451252	0	0.451252	0.451252	0	0	0.451252	0.451252	0	0	0	0	0	0.451252	0.451252	0	0	0	0	0.451252	0.451252	0	0	0	0	0.451252	0.451252	0	0	0	0	0	0	0	0	0	0	0	0	0	0	0	0	0	0	0	0	0	0	0	0	0	0.451252	0.451252	0	0	0	0	0	0	0	0	0	0	0	0	0	0	0	0	0	0	0.451252	0.451252	0	0	0	0	0.451252	0.451252	0	0	0	0	0.451252	0.451252	0	0	0	0	0	0.451252	0.451252	0.451252	0.451252	0	0	0	0	0	0.451252	0.451252	0.451252	0.451252	0	0.451252	0.451252	0	0	0.451252	0.451252	0	0	0.451252	0.451252	0	0	0	0	0.451252	0.451252	0	0	0	0	0	0	0.451252	0.451252	0	0	0.451252	0.451252	0	0	0
0.451245	0.638119	1.00887	0.638119	0.638119	0.859041	0.356718	0.45121	0.45121	0.159536	0.657744	0.859041	0.356718	0.45121	0.902363	0.45121	0.159536	0.356741	0.638119	0.859041	0.356718	0.45121	0.902363	0.575176	0.356741	0.638119	0.638119	0.478598	0.7976	0.45121	0.45121	0.45121	0.45121	0.45121	0.45121	0.45121	0.356718	0.504473	0.159536	0.45121	0.45121	0.45121	0.7976	0.859041	0.638119	0.638119	0.657744	0.159536	0.356718	0.478598	0.638119	0.657744	0.159536	0.45121	0.902363	0.902363	0.45121	0.159536	0.356741	0.638119	1.00887	0.638119	0.451245	0.638119	1.00887	0.638119	0.451245	0.451245	0.638119	0.859041	0.356718	0.159536	0.657744	0.638119	0.451245	0.638119	0.638119	0.478598	0.504473	0.356741	0.638119	0.859041	0.356718	0.159536	0.356741	0.478598	0.504473	0.504473	0.356718	0.159536	0.504473	0.356718	0	0	0.45121	0.45121	0.45121	0.45121	0	0.159536	0.356741	0.478598	0.356718	0	0.45121	0.45121	0	0	0.45121	0.45121	0	0	0.356718	0.504473	0.159536	0	0	0.45121	0.45121	0.356718	0.478598	0.451245	0.638119	0.638119	0.451245	0.451245	0.657768	0.859088	0.79766	0.575218	0.451245	0.451245	0.451245	0.657768	0.859088	0.902434	0.79766	0.575218	0.451245	0.657768	0.859088	0.902434	0.902434	0.902434	0.902434	1.00892	1.00892	0.902434	0.902434	0.902434	0.902434	0.902434	0.902434	0.902434	0.902434	0.902434	0.902434	0.902434	0.902434	0.902434	0.902434	0.902434	0.902434	0.902434	0.902434	0.902434	0.902434	0.902434	0.902434	0.902434	0.902434	0.902434	1.00892	1.00892	0.902434	0.902434	0.902434	0.902434	0.902434	0.902434	0.902434	0.902434	0.902434	0.902434	0.902434	0.902434	0.902434	0.902434	0.902434	0.79766	0.575218	0.451245	0.657768	0.859088	0.902434	0.902434	0.902434	0.902434	1.00892	1.00892	0.902434	0.902434	0.902434	0.902434	1.07011	1.28605	1.35351	1.35351	1.35351	1.24587	1.02146	1.07011	1.28605	1.42669	1.42669	1.35351	1.35351	1.35351	1.24587	1.02146	1.07011	1.28605	1.42669	1.42669	1.35351	1.42669	1.42669	1.35351	1.35351	1.42669	1.42669	1.35351	1.24587	1.21484	1.28605	1.35351	1.24587	1.02146	0.902434	1.07011	1.28605	1.24587	1.02146	0.902434	0.902434	0.902434	0.902434	1.00892	1.00892	0.902434	0.902434	1.07011	1.21484	1.02146	0.902434	0.902434
0.451202	0.638058	1.00877	0.638058	0.638058	0.657682	0.159521	0.451167	0.451167	0.356684	0.85896	0.657682	0.159521	0.451167	0.902278	0.451167	0.356684	0.478552	0.638058	0.657682	0.159521	0.451167	0.902278	0.797524	0.478552	0.638058	0.638058	0.356707	0.575122	0.451167	0.451167	0.451167	0.451167	0.451167	0.451167	0.451167	0.159521	0.504425	0.356684	0.451167	0.451167	0.451167	0.575122	0.657682	0.638058	0.638058	0.85896	0.356684	0.159521	0.356707	0.638058	0.85896	0.356684	0.451167	0.902278	0.902278	0.451167	0.356684	0.478552	0.638058	1.00877	0.638058	0.451202	0.638058	1.00877	0.638058	0.451202	0.451202	0.638058	0.657682	0.159521	0.356684	0.85896	0.638058	0.451202	0.638058	0.638058	0.356707	0.504425	0.478552	0.638058	0.657682	0.159521	0.356684	0.478552	0.356707	0.504425	0.504425	0.159521	0.356684	0.504425	0.159521	0	0	0.451167	0.451167	0.451167	0.451167	0	0.356684	0.478552	0.356707	0.159521	0	0.451167	0.451167	0	0	0.451167	0.451167	0	0	0.159521	0.504425	0.356684	0	0	0.451167	0.451167	0.159521	0.356707	0.451202	0.638058	0.638058	0.451202	0.451202	0.575163	0.797585	0.859007	0.657706	0.451202	0.451202	0.451202	0.575163	0.797585	0.902349	0.859007	0.657706	0.451202	0.575163	0.797585	0.902349	0.902349	0.902349	0.902349	1.00882	1.00882	0.902349	0.902349	0.902349	0.902349	0.902349	0.902349	0.902349	0.902349	0.902349	0.902349	0.902349	0.902349	0.902349	0.902349	0.902349	0.902349	0.902349	0.902349	0.902349	0.902349	0.902349	0.902349	0.902349	0.902349	0.902349	1.00882	1.00882	0.902349	0.902349	0.902349	0.902349	0.902349	0.902349	0.902349	0.902349	0.902349	0.902349	0.902349	0.902349	0.902349	0.902349	0.902349	0.859007	0.657706	0.451202	0.575163	0.797585	0.902349	0.902349	0.902349	0.902349	1.00882	1.00882	0.902349	0.902349	0.902349	0.902349	1.02137	1.24575	1.35338	1.35338	1.35338	1.28593	1.07001	1.02137	1.24575	1.42655	1.42655	1.35338	1.35338	1.35338	1.28593	1.07001	1.02137	1.24575	1.42655	1.42655	1.35338	1.42655	1.42655	1.35338	1.35338	1.42655	1.42655	1.35338	1.28593	1.21473	1.24575	1.35338	1.28593	1.07001	0.902349	1.02137	1.24575	1.28593	1.07001	0.902349	0.902349	0.902349	0.902349	1.00882	1.00882	0.902349	0.902349	1.02137	1.21473	1.07001	0.902349	0.902349
0	0.451124	0.902193	0.451124	0.451124	0.451124	0	0.451124	0.451124	0.451124	0.902193	0.451124	0	0.451124	0.902193	0.451124	0.451124	0.451124	0.451124	0.451124	0	0.451124	0.902193	0.902193	0.451124	0.451124	0.451124	0	0.451124	0.451124	0.451124	0.451124	0.451124	0.451124	0.451124	0.451124	0	0.451124	0.451124	0.451124	0.451124	0.451124	0.451124	0.451124	0.451124	0.451124	0.902193	0.451124	0	0	0.451124	0.902193	0.451124	0.451124	0.902193	0.902193	0.451124	0.451124	0.451124	0.451124	0.902193	0.451124	0	0.451124	0.902193	0.451124	0	0	0.451124	0.451124	0	0.451124	0.902193	0.451124	0	0.451124	0.451124	0	0.451124	0.451124	0.451124	0.451124	0	0.451124	0.451124	0	0.451124	0.451124	0	0.451124	0.451124	0	0	0	0.451124	0.451124	0.451124	0.451124	0	0.451124	0.451124	0	0	0	0.451124	0.451124	0	0	0.451124	0.451124	0	0	0	0.451124	0.451124	0	0	0.451124	0.451124	0	0	0	0.451124	0.451124	0	0	0	0	0.451124	0.451124	0	0	0	0	0	0	0.451124	0.451124	0	0	0	0	0	0	0	0.451124	0.451124	0	0	0	0	0	0	0	0	0	0	0	0	0	0	0	0	0	0	0	0	0	0	0	0	0	0.451124	0.451124	0	0	0	0	0	0	0	0	0	0	0	0	0	0	0	0.451124	0.451124	0	0	0	0	0	0	0	0.451124	0.451124	0	0	0	0	0	0	0	0	0	0.451124	0.451124	0	0	0.451124	0.451124	0	0	0	0.451124	0.451124	0	0	0.451124	0.451124	0	0.451124	0.451124	0	0	0.451124	0.451124	0	0.451124	0.451124	0	0	0.451124	0.451124	0	0	0	0.451124	0.451124	0	0	0	0	0.451124	0.451124	0	0	0	0.451124	0.451124	0	0
0	0.451082	0.902108	0.451082	0.451082	0.451082	0	0.451082	0.451082	0.451082	0.902108	0.451082	0	0.451082	0.902108	0.451082	0.451082	0.451082	0.451082	0.451082	0	0.451082	0.902108	0.902108	0.451082	0.451082	0.451082	0	0.451082	0.451082	0.451082	0.451082	0.451082	0.451082	0.451082	0.451082	0	0.451082	0.451082	0.451082	0.451082	0.451082	0.451082	0.451082	0.451082	0.451082	0.902108	0.451082	0	0	0.451082	0.902108	0.451082	0.451082	0.902108	0.902108	0.451082	0.451082	0.451082	0.451082	0.902108	0.451082	0	0.451082	0.902108	0.451082	0	0	0.451082	0.451082	0	0.451082	0.902108	0.451082	0	0.451082	0.451082	0	0.451082	0.451082	0.451082	0.451082	0	0.451082	0.451082	0	0.451082	0.451082	0	0.451082	0.451082	0	0	0	0.451082	0.451082	0.451082	0.451082	0	0.451082	0.451082	0	0	0	0.451082	0.451082	0	0	0.451082	0.451082	0	0	0	0.451082	0.451082	0	0	0.451082	0.451082	0	0	0	0.451082	0.451082	0	0	0	0	0.451082	0.451082	0	0	0	0	0	0	0.451082	0.451082	0	0	0	0	0	0	0	0.451082	0.451082	0	0	0	0	0	0	0	0	0	0	0	0	0	0	0	0	0	0	0	0	0	0	0	0	0	0.451082	0.451082	0	0	0	0	0	0	0	0	0	0	0	0	0	0	0	0.451082	0.451082	0	0	0	0	0	0	0	0.451082	0.451082	0	0	0	0	0	0	0	0	0	0.451082	0.451082	0	0	0.451082	0.451082	0	0	0	0.451082	0.451082	0	0	0.451082	0.451082	0	0.451082	0.451082	0	0	0.451082	0.451082	0	0.451082	0.451082	0	0	0.451082	0.451082	0	0	0	0.451082	0.451082	0	0	0	0	0.451082	0.451082	0	0	0	0.451082	0.451082	0	0
0	0.451039	0.902022	0.451039	0.451039	0.451039	0	0.451039	0.451039	0.451039	0.902022	0.451039	0	0.451039	0.902022	0.451039	0.451039	0.451039	0.451039	0.451039	0	0.451039	0.902022	0.902022	0.451039	0.451039	0.451039	0	0.451039	0.451039	0.451039	0.451039	0.451039	0.451039	0.451039	0.451039	0	0.451039	0.451039	0.451039	0.451039	0.451039	0.451039	0.451039	0.451039	0.451039	0.902022	0.451039	0	0	0.451039	0.902022	0.451039	0.451039	0.902022	0.902022	0.451039	0.451039	0.451039	0.451039	0.902022	0.451039	0	0.451039	0.902022	0.451039	0	0	0.451039	0.451039	0	0.451039	0.902022	0.451039	0	0.451039	0.451039	0	0.451039	0.451039	0.451039	0.451039	0	0.451039	0.451039	0	0.451039	0.451039	0	0.451039	0.451039	0	0	0	0.451039	0.451039	0.451039	0.451039	0	0.451039	0.451039	0	0	0	0.451039	0.451039	0	0	0.451039	0.451039	0	0	0	0.451039	0.451039	0	0	0.451039	0.451039	0	0	0	0.451039	0.451039	0	0	0	0	0.451039	0.451039	0	0	0	0	0	0	0.451039	0.451039	0	0	0	0	0	0	0	0.451039	0.451039	0	0	0	0	0	0	0	0	0	0	0	0	0	0	0	0	0	0	0	0	0	0	0	0	0	0.451039	0.451039	0	0	0	0	0	0	0	0	0	0	0	0	0	0	0	0.451039	0.451039	0	0	0	0	0	0	0	0.451039	0.451039	0	0	0	0	0	0	0	0	0	0.451039	0.451039	0	0	0.451039	0.451039	0	0	0	0.451039	0.451039	0	0	0.451039	0.451039	0	0.451039	0.451039	0	0	0.451039	0.451039	0	0.451039	0.451039	0	0	0.451039	0.451039	0	0	0	0.451039	0.451039	0	0	0	0	0.451039	0.451039	0	0	0	0.451039	0.451039	0	0
0	0.450997	0.901937	0.450997	0.450997	0.450997	0	0.450997	0.450997	0.450997	0.901937	0.450997	0	0.450997	0.901937	0.450997	0.450997	0.450997	0.450997	0.450997	0	0.450997	0.901937	0.901937	0.450997	0.450997	0.450997	0	0.450997	0.450997	0.450997	0.450997	0.450997	0.450997	0.450997	0.450997	0	0.450997	0.450997	0.450997	0.450997	0.450997	0.450997	0.450997	0.450997	0.450997	0.901937	0.450997	0	0	0.450997	0.901937	0.450997	0.450997	0.901937	0.901937	0.450997	0.450997	0.450997	0.450997	0.901937	0.450997	0	0.450997	0.901937	0.450997	0	0	0.450997	0.450997	0	0.450997	0.901937	0.450997	0	0.450997	0.450997	0	0.450997	0.450997	0.450997	0.450997	0	0.450997	0.450997	0	0.450997	0.450997	0	0.450997	0.450997	0	0	0	0.450997	0.450997	0.450997	0.450997	0	0.450997	0.450997	0	0	0	0.450997	0.450997	0	0	0.450997	0.450997	0	0	0	0.450997	0.450997	0	0	0.450997	0.450997	0	0	0	0.450997	0.450997	0	0	0	0	0.450997	0.450997	0	0	0	0	0	0	0.450997	0.450997	0	0	0	0	0	0	0	0.450997	0.450997	0	0	0	0	0	0	0	0	0	0	0	0	0	0	0	0	0	0	0	0	0	0	0	0	0	0.450997	0.450997	0	0	0	0	0	0	0	0	0	0	0	0	0	0	0	0.450997	0.450997	0	0	0	0	0	0	0	0.450997	0.450997	0	0	0	0	0	0	0	0	0	0.450997	0.450997	0	0	0.450997	0.450997	0	0	0	0.450997	0.450997	0	0	0.450997	0.450997	0	0.450997	0.450997	0	0	0.450997	0.450997	0	0.450997	0.450997	0	0	0.450997	0.450997	0	0	0	0.450997	0.450997	0	0	0	0	0.450997	0.450997	0	0	0	0.450997	0.450997	0	0
0	0.450954	0.901852	0.450954	0.450954	0.450954	0	0.450954	0.450954	0.450954	0.901852	0.450954	0	0.450954	0.901852	0.450954	0.450954	0.450954	0.450954	0.450954	0	0.450954	0.901852	0.901852	0.450954	0.450954	0.450954	0	0.450954	0.450954	0.450954	0.450954	0.450954	0.450954	0.450954	0.450954	0	0.450954	0.450954	0.450954	0.450954	0.450954	0.450954	0.450954	0.450954	0.450954	0.901852	0.450954	0	0	0.450954	0.901852	0.450954	0.450954	0.901852	0.901852	0.450954	0.450954	0.450954	0.450954	0.901852	0.450954	0	0.450954	0.901852	0.450954	0	0	0.450954	0.450954	0	0.450954	0.901852	0.450954	0	0.450954	0.450954	0	0.450954	0.450954	0.450954	0.450954	0	0.450954	0.450954	0	0.450954	0.450954	0	0.450954	0.450954	0	0	0	0.450954	0.450954	0.450954	0.450954	0	0.450954	0.450954	0	0	0	0.450954	0.450954	0	0	0.450954	0.450954	0	0	0	0.450954	0.450954	0	0	0.450954	0.450954	0	0	0	0.450954	0.450954	0	0	0	0	0.450954	0.450954	0	0	0	0	0	0	0.450954	0.450954	0	0	0	0	0	0	0	0.450954	0.450954	0	0	0	0	0	0	0	0	0	0	0	0	0	0	0	0	0	0	0	0	0	0	0	0	0	0.450954	0.450954	0	0	0	0	0	0	0	0	0	0	0	0	0	0	0	0.450954	0.450954	0	0	0	0	0	0	0	0.450954	0.450954	0	0	0	0	0	0	0	0	0	0.450954	0.450954	0	0	0.450954	0.450954	0	0	0	0.450954	0.450954	0	0	0.450954	0.450954	0	0.450954	0.450954	0	0	0.450954	0.450954	0	0.450954	0.450954	0	0	0.450954	0.450954	0	0	0	0.450954	0.450954	0	0	0	0	0.450954	0.450954	0	0	0	0.450954	0.450954	0	0
0	0.450911	0.901767	0.450911	0.450911	0.450911	0	0.450911	0.450911	0.450911	0.901767	0.450911	0	0.450911	0.901767	0.450911	0.450911	0.450911	0.450911	0.450911	0	0.450911	0.901767	0.901767	0.450911	0.450911	0.450911	0	0.450911	0.450911	0.450911	0.450911	0.450911	0.450911	0.450911	0.450911	0	0.450911	0.450911	0.450911	0.450911	0.450911	0.450911	0.450911	0.450911	0.450911	0.901767	0.450911	0	0	0.450911	0.901767	0.450911	0.450911	0.901767	0.901767	0.450911	0.450911	0.450911	0.450911	0.901767	0.450911	0	0.450911	0.901767	0.450911	0	0	0.450911	0.450911	0	0.450911	0.901767	0.450911	0	0.450911	0.450911	0	0.450911	0.450911	0.450911	0.450911	0	0.450911	0.450911	0	0.450911	0.450911	0	0.450911	0.450911	0	0	0	0.450911	0.450911	0.450911	0.450911	0	0.450911	0.450911	0	0	0	0.450911	0.450911	0	0	0.450911	0.450911	0	0	0	0.450911	0.450911	0	0	0.450911	0.450911	0	0	0	0.450911	0.450911	0	0	0	0	0.450911	0.450911	0	0	0	0	0	0	0.450911	0.450911	0	0	0	0	0	0	0	0.450911	0.450911	0	0	0	0	0	0	0	0	0	0	0	0	0	0	0	0	0	0	0	0	0	0	0	0	0	0.450911	0.450911	0	0	0	0	0	0	0	0	0	0	0	0	0	0	0	0.450911	0.450911	0	0	0	0	0	0	0	0.450911	0.450911	0	0	0	0	0	0	0	0	0	0.450911	0.450911	0	0	0.450911	0.450911	0	0	0	0.450911	0.450911	0	0	0.450911	0.450911	0	0.450911	0.450911	0	0	0.450911	0.450911	0	0.450911	0.450911	0	0	0.450911	0.450911	0	0	0	0.450911	0.450911	0	0	0	0	0.450911	0.450911	0	0	0	0.450911	0.450911	0	0
0	0.450869	0.901682	0.450869	0.450869	0.450869	0	0.450869	0.450869	0.450869	0.901682	0.450869	0	0.450869	0.901682	0.450869	0.450869	0.450869	0.450869	0.450869	0	0.450869	0.901682	0.901682	0.450869	0.450869	0.450869	0	0.450869	0.450869	0.450869	0.450869	0.450869	0.450869	0.450869	0.450869	0	0.450869	0.450869	0.450869	0.450869	0.450869	0.450869	0.450869	0.450869	0.450869	0.901682	0.450869	0	0	0.450869	0.901682	0.450869	0.450869	0.901682	0.901682	0.450869	0.450869	0.450869	0.450869	0.901682	0.450869	0	0.450869	0.901682	0.450869	0	0	0.450869	0.450869	0	0.450869	0.901682	0.450869	0	0.450869	0.450869	0	0.450869	0.450869	0.450869	0.450869	0	0.450869	0.450869	0	0.450869	0.450869	0	0.450869	0.450869	0	0	0	0.450869	0.450869	0.450869	0.450869	0	0.450869	0.450869	0	0	0	0.450869	0.450869	0	0	0.450869	0.450869	0	0	0	0.450869	0.450869	0	0	0.450869	0.450869	0	0	0	0.450869	0.450869	0	0	0	0	0.450869	0.450869	0	0	0	0	0	0	0.450869	0.450869	0	0	0	0	0	0	0	0.450869	0.450869	0	0	0	0	0	0	0	0	0	0	0	0	0	0	0	0	0	0	0	0	0	0	0	0	0	0.450869	0.450869	0	0	0	0	0	0	0	0	0	0	0	0	0	0	0	0.450869	0.450869	0	0	0	0	0	0	0	0.450869	0.450869	0	0	0	0	0	0	0	0	0	0.450869	0.450869	0	0	0.450869	0.450869	0	0	0	0.450869	0.450869	0	0	0.450869	0.450869	0	0.450869	0.450869	0	0	0.450869	0.450869	0	0.450869	0.450869	0	0	0.450869	0.450869	0	0	0	0.450869	0.450869	0	0	0	0	0.450869	0.450869	0	0	0	0.450869	0.450869	0	0
0	0.450826	0.901597	0.450826	0.450826	0.450826	0	0.450826	0.450826	0.450826	0.901597	0.450826	0	0.450826	0.901597	0.450826	0.450826	0.450826	0.450826	0.450826	0	0.450826	0.901597	0.901597	0.450826	0.450826	0.450826	0	0.450826	0.450826	0.450826	0.450826	0.450826	0.450826	0.450826	0.450826	0	0.450826	0.450826	0.450826	0.450826	0.450826	0.450826	0.450826	0.450826	0.450826	0.901597	0.450826	0	0	0.450826	0.901597	0.450826	0.450826	0.901597	0.901597	0.450826	0.450826	0.450826	0.450826	0.901597	0.450826	0	0.450826	0.901597	0.450826	0	0	0.450826	0.450826	0	0.450826	0.901597	0.450826	0	0.450826	0.450826	0	0.450826	0.450826	0.450826	0.450826	0	0.450826	0.450826	0	0.450826	0.450826	0	0.450826	0.450826	0	0	0	0.450826	0.450826	0.450826	0.450826	0	0.450826	0.450826	0	0	0	0.450826	0.450826	0	0	0.450826	0.450826	0	0	0	0.450826	0.450826	0	0	0.450826	0.450826	0	0	0	0.450826	0.450826	0	0	0	0	0.450826	0.450826	0	0	0	0	0	0	0.450826	0.450826	0	0	0	0	0	0	0	0.450826	0.450826	0	0	0	0	0	0	0	0	0	0	0	0	0	0	0	0	0	0	0	0	0	0	0	0	0	0.450826	0.450826	0	0	0	0	0	0	0	0	0	0	0	0	0	0	0	0.450826	0.450826	0	0	0	0	0	0	0	0.450826	0.450826	0	0	0	0	0	0	0	0	0	0.450826	0.450826	0	0	0.450826	0.450826	0	0	0	0.450826	0.450826	0	0	0.450826	0.450826	0	0.450826	0.450826	0	0	0.450826	0.450826	0	0.450826	0.450826	0	0	0.450826	0.450826	0	0	0	0.450826	0.450826	0	0	0	0	0.450826	0.450826	0	0	0	0.450826	0.450826	0	0
0	0.450784	0.901511	0.450784	0.450784	0.450784	0	0.450784	0.450784	0.450784	0.901511	0.450784	0	0.450784	0.901511	0.450784	0.450784	0.450784	0.450784	0.450784	0	0.450784	0.901511	0.901511	0.450784	0.450784	0.450784	0	0.450784	0.450784	0.450784	0.450784	0.450784	0.450784	0.450784	0.450784	0	0.450784	0.450784	0.450784	0.450784	0.450784	0.450784	0.450784	0.450784	0.450784	0.901511	0.450784	0	0	0.450784	0.901511	0.450784	0.450784	0.901511	0.901511	0.450784	0.450784	0.450784	0.450784	0.901511	0.450784	0	0.450784	0.901511	0.450784	0	0	0.450784	0.450784	0	0.450784	0.901511	0.450784	0	0.450784	0.450784	0	0.450784	0.450784	0.450784	0.450784	0	0.450784	0.450784	0	0.450784	0.450784	0	0.450784	0.450784	0	0	0	0.450784	0.450784	0.450784	0.450784	0	0.450784	0.450784	0	0	0	0.450784	0.450784	0	0	0.450784	0.450784	0	0	0	0.450784	0.450784	0	0	0.450784	0.450784	0	0	0	0.450784	0.450784	0	0	0	0	0.450784	0.450784	0	0	0	0	0	0	0.450784	0.450784	0	0	0	0	0	0	0	0.450784	0.450784	0	0	0	0	0	0	0	0	0	0	0	0	0	0	0	0	0	0	0	0	0	0	0	0	0	0.450784	0.450784	0	0	0	0	0	0	0	0	0	0	0	0	0	0	0	0.450784	0.450784	0	0	0	0	0	0	0	0.450784	0.450784	0	0	0	0	0	0	0	0	0	0.450784	0.450784	0	0	0.450784	0.450784	0	0	0	0.450784	0.450784	0	0	0.450784	0.450784	0	0.450784	0.450784	0	0	0.450784	0.450784	0	0.450784	0.450784	0	0	0.450784	0.450784	0	0	0	0.450784	0.450784	0	0	0	0	0.450784	0.450784	0	0	0	0.450784	0.450784	0	0
0.159368	0.503941	0.796759	0.450734	0.450734	0.57457	0.356364	0.478093	0.356342	0.450734	0.901412	0.450734	0	0.450734	0.901412	0.450734	0.356342	0.478093	0.637446	0.65705	0.159368	0.450734	0.796759	0.858136	0.637446	0.637446	0.637446	0.356364	0.503941	0.478093	0.637446	0.637446	0.637446	0.637446	0.637446	0.637446	0.356364	0.57457	0.450734	0.356342	0.478093	0.637446	0.65705	0.57457	0.450734	0.356342	0.858136	0.637446	0.356364	0.159368	0.450734	0.901412	0.450734	0.450734	0.901412	0.901412	0.450734	0.450734	0.450734	0.356342	0.858136	0.637446	0.356364	0.57457	0.796759	0.478093	0.356364	0.159368	0.450734	0.57457	0.356364	0.478093	0.796759	0.450734	0.159368	0.503941	0.356342	0.159368	0.503941	0.356342	0.450734	0.57457	0.356364	0.478093	0.356342	0.159368	0.503941	0.503941	0.356364	0.478093	0.356342	0	0.159368	0.356364	0.478093	0.503941	0.503941	0.356342	0	0.450734	0.450734	0	0	0	0.356342	0.478093	0.356364	0.159368	0.356342	0.478093	0.450769	0.450769	0.356364	0.503941	0.478093	0.450769	0.450769	0.637446	0.637446	0.450769	0.450769	0.450769	0.637446	0.637446	0.450769	0.450769	0.450769	0.450769	0.657075	0.858182	0.901483	0.796819	0.574611	0.450769	0.450769	0.450769	0.657075	0.858182	0.901483	0.796819	0.574611	0.450769	0.450769	0.450769	0.450769	0.657075	0.858182	0.901483	0.901483	0.901483	0.901483	0.901483	0.901483	0.901483	0.901483	0.901483	0.796819	0.574611	0.450769	0.450769	0.450769	0.450769	0.450769	0.450769	0.450769	0.450769	0.450769	0.450769	0.450769	0.450769	0.450769	0.450769	0.657075	0.858182	0.901483	0.901483	0.901483	0.901483	0.901483	0.901483	0.901483	0.901483	0.901483	0.901483	0.796819	0.574611	0.450769	0.450769	0.450769	0.657075	0.858182	0.901483	0.901483	0.796819	0.574611	0.450769	0.450769	0.450769	0.657075	0.858182	0.901483	0.901483	0.901483	0.901483	0.901483	0.901483	0.796819	0.574611	0.450769	0.657075	0.858182	0.901483	0.901483	1.00785	1.00785	0.901483	0.901483	0.901483	1.06898	1.28469	1.24456	1.02038	1.00785	1.00785	0.901483	1.00785	1.00785	0.901483	0.901483	1.00785	1.00785	0.901483	1.00785	1.00785	0.901483	0.901483	1.00785	1.00785	0.901483	0.796819	0.574611	0.657075	0.858182	0.796819	0.574611	0.450769	0.450769	0.657075	0.812579	0.574611	0.450769	0.450769	0.637446	0.637446	0.450769	0.450769
0.356308	0.503894	0.574515	0.450691	0.450691	0.796684	0.478048	0.356331	0.159353	0.450691	0.901327	0.450691	0	0.450691	0.901327	0.450691	0.159353	0.356331	0.637386	0.858055	0.356308	0.450691	0.574515	0.656988	0.637386	0.637386	0.637386	0.478048	0.503894	0.356331	0.637386	0.637386	0.637386	0.637386	0.637386	0.637386	0.478048	0.796684	0.450691	0.159353	0.356331	0.637386	0.858055	0.796684	0.450691	0.159353	0.656988	0.637386	0.478048	0.356308	0.450691	0.901327	0.450691	0.450691	0.901327	0.901327	0.450691	0.450691	0.450691	0.159353	0.656988	0.637386	0.478048	0.796684	0.574515	0.356331	0.478048	0.356308	0.450691	0.796684	0.478048	0.356331	0.574515	0.450691	0.356308	0.503894	0.159353	0.356308	0.503894	0.159353	0.450691	0.796684	0.478048	0.356331	0.159353	0.356308	0.503894	0.503894	0.478048	0.356331	0.159353	0	0.356308	0.478048	0.356331	0.503894	0.503894	0.159353	0	0.450691	0.450691	0	0	0	0.159353	0.356331	0.478048	0.356308	0.159353	0.356331	0.450727	0.450727	0.478048	0.503894	0.356331	0.450727	0.450727	0.637386	0.637386	0.450727	0.450727	0.450727	0.637386	0.637386	0.450727	0.450727	0.450727	0.450727	0.574557	0.796744	0.901398	0.858101	0.657013	0.450727	0.450727	0.450727	0.574557	0.796744	0.901398	0.858101	0.657013	0.450727	0.450727	0.450727	0.450727	0.574557	0.796744	0.901398	0.901398	0.901398	0.901398	0.901398	0.901398	0.901398	0.901398	0.901398	0.858101	0.657013	0.450727	0.450727	0.450727	0.450727	0.450727	0.450727	0.450727	0.450727	0.450727	0.450727	0.450727	0.450727	0.450727	0.450727	0.574557	0.796744	0.901398	0.901398	0.901398	0.901398	0.901398	0.901398	0.901398	0.901398	0.901398	0.901398	0.858101	0.657013	0.450727	0.450727	0.450727	0.574557	0.796744	0.901398	0.901398	0.858101	0.657013	0.450727	0.450727	0.450727	0.574557	0.796744	0.901398	0.901398	0.901398	0.901398	0.901398	0.901398	0.858101	0.657013	0.450727	0.574557	0.796744	0.901398	0.901398	1.00776	1.00776	0.901398	0.901398	0.901398	1.02029	1.24444	1.28457	1.06888	1.00776	1.00776	0.901398	1.00776	1.00776	0.901398	0.901398	1.00776	1.00776	0.901398	1.00776	1.00776	0.901398	0.901398	1.00776	1.00776	0.901398	0.858101	0.657013	0.574557	0.796744	0.858101	0.657013	0.450727	0.450727	0.574557	0.812502	0.657013	0.450727	0.450727	0.637386	0.637386	0.450727	0.450727
0.450649	0.450649	0.450649	0.450649	0.450649	0.901242	0.450649	0	0	0.450649	0.901242	0.450649	0	0.450649	0.901242	0.450649	0	0	0.450649	0.901242	0.450649	0.450649	0.450649	0.450649	0.450649	0.450649	0.450649	0.450649	0.450649	0	0.450649	0.450649	0.450649	0.450649	0.450649	0.450649	0.450649	0.901242	0.450649	0	0	0.450649	0.901242	0.901242	0.450649	0	0.450649	0.450649	0.450649	0.450649	0.450649	0.901242	0.450649	0.450649	0.901242	0.901242	0.450649	0.450649	0.450649	0	0.450649	0.450649	0.450649	0.901242	0.450649	0	0.450649	0.450649	0.450649	0.901242	0.450649	0	0.450649	0.450649	0.450649	0.450649	0	0.450649	0.450649	0	0.450649	0.901242	0.450649	0	0	0.450649	0.450649	0.450649	0.450649	0	0	0	0.450649	0.450649	0	0.450649	0.450649	0	0	0.450649	0.450649	0	0	0	0	0	0.450649	0.450649	0	0	0	0	0.450649	0.450649	0	0	0	0.450649	0.450649	0	0	0	0.450649	0.450649	0	0	0	0	0	0	0	0.450649	0.450649	0	0	0	0	0	0	0.450649	0.450649	0	0	0	0	0	0	0	0	0	0	0	0	0	0	0	0.450649	0.450649	0	0	0	0	0	0	0	0	0	0	0	0	0	0	0	0	0	0	0	0	0	0	0	0	0	0	0.450649	0.450649	0	0	0	0	0	0	0	0.450649	0.450649	0	0	0	0	0	0	0	0	0	0	0	0.450649	0.450649	0	0	0	0	0	0.450649	0.450649	0	0	0	0	0	0.450649	0.450649	0.450649	0.450649	0	0.450649	0.450649	0	0	0.450649	0.450649	0	0.450649	0.450649	0	0	0.450649	0.450649	0	0.450649	0.450649	0	0	0.450649	0.450649	0	0	0	0.450649	0.450649	0	0	0.450649	0.450649	0	0
0.450606	0.450606	0.450606	0.450606	0.450606	0.901157	0.450606	0	0	0.450606	0.901157	0.450606	0	0.450606	0.901157	0.450606	0	0	0.450606	0.901157	0.450606	0.450606	0.450606	0.450606	0.450606	0.450606	0.450606	0.450606	0.450606	0	0.450606	0.450606	0.450606	0.450606	0.450606	0.450606	0.450606	0.901157	0.450606	0	0	0.450606	0.901157	0.901157	0.450606	0	0.450606	0.450606	0.450606	0.450606	0.450606	0.901157	0.450606	0.450606	0.901157	0.901157	0.450606	0.450606	0.450606	0	0.450606	0.450606	0.450606	0.901157	0.450606	0	0.450606	0.450606	0.450606	0.901157	0.450606	0	0.450606	0.450606	0.450606	0.450606	0	0.450606	0.450606	0	0.450606	0.901157	0.450606	0	0	0.450606	0.450606	0.450606	0.450606	0	0	0	0.450606	0.450606	0	0.450606	0.450606	0	0	0.450606	0.450606	0	0	0	0	0	0.450606	0.450606	0	0	0	0	0.450606	0.450606	0	0	0	0.450606	0.450606	0	0	0	0.450606	0.450606	0	0	0	0	0	0	0	0.450606	0.450606	0	0	0	0	0	0	0.450606	0.450606	0	0	0	0	0	0	0	0	0	0	0	0	0	0	0	0.450606	0.450606	0	0	0	0	0	0	0	0	0	0	0	0	0	0	0	0	0	0	0	0	0	0	0	0	0	0	0.450606	0.450606	0	0	0	0	0	0	0	0.450606	0.450606	0	0	0	0	0	0	0	0	0	0	0	0.450606	0.450606	0	0	0	0	0	0.450606	0.450606	0	0	0	0	0	0.450606	0.450606	0.450606	0.450606	0	0.450606	0.450606	0	0	0.450606	0.450606	0	0.450606	0.450606	0	0	0.450606	0.450606	0	0.450606	0.450606	0	0	0.450606	0.450606	0	0	0	0.450606	0.450606	0	0	0.450606	0.450606	0	0
0.450564	0.450564	0.450564	0.450564	0.450564	0.901072	0.450564	0	0	0.450564	0.901072	0.450564	0	0.450564	0.901072	0.450564	0	0	0.450564	0.901072	0.450564	0.450564	0.450564	0.450564	0.450564	0.450564	0.450564	0.450564	0.450564	0	0.450564	0.450564	0.450564	0.450564	0.450564	0.450564	0.450564	0.901072	0.450564	0	0	0.450564	0.901072	0.901072	0.450564	0	0.450564	0.450564	0.450564	0.450564	0.450564	0.901072	0.450564	0.450564	0.901072	0.901072	0.450564	0.450564	0.450564	0	0.450564	0.450564	0.450564	0.901072	0.450564	0	0.450564	0.450564	0.450564	0.901072	0.450564	0	0.450564	0.450564	0.450564	0.450564	0	0.450564	0.450564	0	0.450564	0.901072	0.450564	0	0	0.450564	0.450564	0.450564	0.450564	0	0	0	0.450564	0.450564	0	0.450564	0.450564	0	0	0.450564	0.450564	0	0	0	0	0	0.450564	0.450564	0	0	0	0	0.450564	0.450564	0	0	0	0.450564	0.450564	0	0	0	0.450564	0.450564	0	0	0	0	0	0	0	0.450564	0.450564	0	0	0	0	0	0	0.450564	0.450564	0	0	0	0	0	0	0	0	0	0	0	0	0	0	0	0.450564	0.450564	0	0	0	0	0	0	0	0	0	0	0	0	0	0	0	0	0	0	0	0	0	0	0	0	0	0	0.450564	0.450564	0	0	0	0	0	0	0	0.450564	0.450564	0	0	0	0	0	0	0	0	0	0	0	0.450564	0.450564	0	0	0	0	0	0.450564	0.450564	0	0	0	0	0	0.450564	0.450564	0.450564	0.450564	0	0.450564	0.450564	0	0	0.450564	0.450564	0	0.450564	0.450564	0	0	0.450564	0.450564	0	0.450564	0.450564	0	0	0.450564	0.450564	0	0	0	0.450564	0.450564	0	0	0.450564	0.450564	0	0
0.450521	0.450521	0.450521	0.450521	0.450521	0.900987	0.450521	0	0	0.450521	0.900987	0.450521	0	0.450521	0.900987	0.450521	0	0	0.450521	0.900987	0.450521	0.450521	0.450521	0.450521	0.450521	0.450521	0.450521	0.450521	0.450521	0	0.450521	0.450521	0.450521	0.450521	0.450521	0.450521	0.450521	0.900987	0.450521	0	0	0.450521	0.900987	0.900987	0.450521	0	0.450521	0.450521	0.450521	0.450521	0.450521	0.900987	0.450521	0.450521	0.900987	0.900987	0.450521	0.450521	0.450521	0	0.450521	0.450521	0.450521	0.900987	0.450521	0	0.450521	0.450521	0.450521	0.900987	0.450521	0	0.450521	0.450521	0.450521	0.450521	0	0.450521	0.450521	0	0.450521	0.900987	0.450521	0	0	0.450521	0.450521	0.450521	0.450521	0	0	0	0.450521	0.450521	0	0.450521	0.450521	0	0	0.450521	0.450521	0	0	0	0	0	0.450521	0.450521	0	0	0	0	0.450521	0.450521	0	0	0	0.450521	0.450521	0	0	0	0.450521	0.450521	0	0	0	0	0	0	0	0.450521	0.450521	0	0	0	0	0	0	0.450521	0.450521	0	0	0	0	0	0	0	0	0	0	0	0	0	0	0	0.450521	0.450521	0	0	0	0	0	0	0	0	0	0	0	0	0	0	0	0	0	0	0	0	0	0	0	0	0	0	0.450521	0.450521	0	0	0	0	0	0	0	0.450521	0.450521	0	0	0	0	0	0	0	0	0	0	0	0.450521	0.450521	0	0	0	0	0	0.450521	0.450521	0	0	0	0	0	0.450521	0.450521	0.450521	0.450521	0	0.450521	0.450521	0	0	0.450521	0.450521	0	0.450521	0.450521	0	0	0.450521	0.450521	0	0.450521	0.450521	0	0	0.450521	0.450521	0	0	0	0.450521	0.450521	0	0	0.450521	0.450521	0	0
0.450479	0.450479	0.450479	0.450479	0.450479	0.900902	0.450479	0	0	0.450479	0.900902	0.450479	0	0.450479	0.900902	0.450479	0	0	0.450479	0.900902	0.450479	0.450479	0.450479	0.450479	0.450479	0.450479	0.450479	0.450479	0.450479	0	0.450479	0.450479	0.450479	0.450479	0.450479	0.450479	0.450479	0.900902	0.450479	0	0	0.450479	0.900902	0.900902	0.450479	0	0.450479	0.450479	0.450479	0.450479	0.450479	0.900902	0.450479	0.450479	0.900902	0.900902	0.450479	0.450479	0.450479	0	0.450479	0.450479	0.450479	0.900902	0.450479	0	0.450479	0.450479	0.450479	0.900902	0.450479	0	0.450479	0.450479	0.450479	0.450479	0	0.450479	0.450479	0	0.450479	0.900902	0.450479	0	0	0.450479	0.450479	0.450479	0.450479	0	0	0	0.450479	0.450479	0	0.450479	0.450479	0	0	0.450479	0.450479	0	0	0	0	0	0.450479	0.450479	0	0	0	0	0.450479	0.450479	0	0	0	0.450479	0.450479	0	0	0	0.450479	0.450479	0	0	0	0	0	0	0	0.450479	0.450479	0	0	0	0	0	0	0.450479	0.450479	0	0	0	0	0	0	0	0	0	0	0	0	0	0	0	0.450479	0.450479	0	0	0	0	0	0	0	0	0	0	0	0	0	0	0	0	0	0	0	0	0	0	0	0	0	0	0.450479	0.450479	0	0	0	0	0	0	0	0.450479	0.450479	0	0	0	0	0	0	0	0	0	0	0	0.450479	0.450479	0	0	0	0	0	0.450479	0.450479	0	0	0	0	0	0.450479	0.450479	0.450479	0.450479	0	0.450479	0.450479	0	0	0.450479	0.450479	0	0.450479	0.450479	0	0	0.450479	0.450479	0	0.450479	0.450479	0	0	0.450479	0.450479	0	0	0	0.450479	0.450479	0	0	0.450479	0.450479	0	0
0.450436	0.450436	0.450436	0.450436	0.450436	0.900817	0.450436	0	0	0.450436	0.900817	0.450436	0	0.450436	0.900817	0.450436	0	0	0.450436	0.900817	0.450436	0.450436	0.450436	0.450436	0.450436	0.450436	0.450436	0.450436	0.450436	0	0.450436	0.450436	0.450436	0.450436	0.450436	0.450436	0.450436	0.900817	0.450436	0	0	0.450436	0.900817	0.900817	0.450436	0	0.450436	0.450436	0.450436	0.450436	0.450436	0.900817	0.450436	0.450436	0.900817	0.900817	0.450436	0.450436	0.450436	0	0.450436	0.450436	0.450436	0.900817	0.450436	0	0.450436	0.450436	0.450436	0.900817	0.450436	0	0.450436	0.450436	0.450436	0.450436	0	0.450436	0.450436	0	0.450436	0.900817	0.450436	0	0	0.450436	0.450436	0.450436	0.450436	0	0	0	0.450436	0.450436	0	0.450436	0.450436	0	0	0.450436	0.450436	0	0	0	0	0	0.450436	0.450436	0	0	0	0	0.450436	0.450436	0	0	0	0.450436	0.450436	0	0	0	0.450436	0.450436	0	0	0	0	0	0	0	0.450436	0.450436	0	0	0	0	0	0	0.450436	0.450436	0	0	0	0	0	0	0	0	0	0	0	0	0	0	0	0.450436	0.450436	0	0	0	0	0	0	0	0	0	0	0	0	0	0	0	0	0	0	0	0	0	0	0	0	0	0	0.450436	0.450436	0	0	0	0	0	0	0	0.450436	0.450436	0	0	0	0	0	0	0	0	0	0	0	0.450436	0.450436	0	0	0	0	0	0.450436	0.450436	0	0	0	0	0	0.450436	0.450436	0.450436	0.450436	0	0.450436	0.450436	0	0	0.450436	0.450436	0	0.450436	0.450436	0	0	0.450436	0.450436	0	0.450436	0.450436	0	0	0.450436	0.450436	0	0	0	0.450436	0.450436	0	0	0.450436	0.450436	0	0
0.450394	0.450394	0.450394	0.450394	0.450394	0.900732	0.450394	0	0	0.450394	0.900732	0.450394	0	0.450394	0.900732	0.450394	0	0	0.450394	0.900732	0.450394	0.450394	0.450394	0.450394	0.450394	0.450394	0.450394	0.450394	0.450394	0	0.450394	0.450394	0.450394	0.450394	0.450394	0.450394	0.450394	0.900732	0.450394	0	0	0.450394	0.900732	0.900732	0.450394	0	0.450394	0.450394	0.450394	0.450394	0.450394	0.900732	0.450394	0.450394	0.900732	0.900732	0.450394	0.450394	0.450394	0	0.450394	0.450394	0.450394	0.900732	0.450394	0	0.450394	0.450394	0.450394	0.900732	0.450394	0	0.450394	0.450394	0.450394	0.450394	0	0.450394	0.450394	0	0.450394	0.900732	0.450394	0	0	0.450394	0.450394	0.450394	0.450394	0	0	0	0.450394	0.450394	0	0.450394	0.450394	0	0	0.450394	0.450394	0	0	0	0	0	0.450394	0.450394	0	0	0	0	0.450394	0.450394	0	0	0	0.450394	0.450394	0	0	0	0.450394	0.450394	0	0	0	0	0	0	0	0.450394	0.450394	0	0	0	0	0	0	0.450394	0.450394	0	0	0	0	0	0	0	0	0	0	0	0	0	0	0	0.450394	0.450394	0	0	0	0	0	0	0	0	0	0	0	0	0	0	0	0	0	0	0	0	0	0	0	0	0	0	0.450394	0.450394	0	0	0	0	0	0	0	0.450394	0.450394	0	0	0	0	0	0	0	0	0	0	0	0.450394	0.450394	0	0	0	0	0	0.450394	0.450394	0	0	0	0	0	0.450394	0.450394	0.450394	0.450394	0	0.450394	0.450394	0	0	0.450394	0.450394	0	0.450394	0.450394	0	0	0.450394	0.450394	0	0.450394	0.450394	0	0	0.450394	0.450394	0	0	0	0.450394	0.450394	0	0	0.450394	0.450394	0	0
0.6369	0.6369	0.6369	0.6369	0.6369	0.857405	0.356039	0	0	0.450351	0.796082	0.503512	0.159231	0.450351	0.796082	0.477684	0.356057	0.159231	0.450351	0.796082	0.477684	0.6369	0.6369	0.6369	0.6369	0.6369	0.6369	0.656509	0.81188	0.574115	0.6369	0.6369	0.6369	0.6369	0.6369	0.6369	0.6369	0.968465	0.857443	0.79613	0.574115	0.6369	1.00695	1.00695	0.6369	0.45038	0.6369	0.6369	0.6369	0.6369	0.6369	1.00695	0.6369	0.6369	1.00695	0.968465	0.857443	1.00698	1.00698	0.79613	0.796106	0.6369	0.6369	1.00695	0.6369	0.45038	0.6369	0.6369	0.6369	0.968465	0.857443	0.79613	0.796106	0.6369	0.6369	0.6369	0.45038	0.6369	0.6369	0.45038	0.6369	1.00695	0.6369	0.45038	0.45038	0.6369	0.65649	0.503512	0.477684	0.356057	0.159231	0	0.356039	0.477684	0.356057	0.503512	0.477684	0.45038	0.356057	0.503512	0.477684	0.356057	0.159231	0	0	0	0.356039	0.477684	0.356057	0.159231	0	0	0.356039	0.477684	0.45038	0.45038	0.45038	0.6369	0.6369	0.45038	0.45038	0.45038	0.656509	0.857443	0.900704	0.900704	0.79613	0.574115	0.45038	0.45038	0.45038	0.656509	0.857443	0.900704	0.900704	0.900704	0.79613	0.574115	0.45038	0.656509	0.857443	0.900704	0.900704	0.900704	0.900704	0.79613	0.574115	0.45038	0.45038	0.45038	0.45038	0.45038	0.45038	0.45038	0.45038	0.45038	0.656509	0.857443	0.900704	0.900704	0.900704	0.900704	0.900704	0.900704	0.900704	0.900704	0.900704	0.900704	0.900704	0.900704	0.900704	0.900704	0.79613	0.574115	0.45038	0.45038	0.45038	0.45038	0.45038	0.45038	0.45038	0.45038	0.45038	0.45038	0.656509	0.857443	0.900704	0.900704	0.900704	0.79613	0.574115	0.45038	0.45038	0.656509	0.857443	0.900704	0.900704	0.900704	0.79613	0.574115	0.45038	0.45038	0.45038	0.45038	0.45038	0.45038	0.656509	0.81188	0.574115	0.45038	0.45038	0.45038	0.45038	0.656509	0.857443	0.79613	0.574115	0.45038	0.45038	0.45038	0.656509	0.81188	0.81188	0.857443	0.900704	1.00698	1.00698	0.900704	0.900704	1.00698	1.00698	0.900704	1.00698	1.00698	0.79613	0.574115	0.656509	0.857443	0.79613	0.81188	0.857443	0.900704	0.79613	0.81188	0.857443	0.900704	0.900704	0.79613	0.81188	0.857443	0.900704	0.79613	0.81188	0.857443	0.900704	0.900704
0.63684	0.63684	0.63684	0.63684	0.63684	0.656428	0.159216	0	0	0.450309	0.574027	0.503464	0.356005	0.450309	0.574027	0.356023	0.477638	0.356005	0.450309	0.574027	0.356023	0.63684	0.63684	0.63684	0.63684	0.63684	0.63684	0.574061	0.811804	0.656447	0.63684	0.63684	0.63684	0.63684	0.63684	0.63684	0.63684	0.796031	0.796055	0.857362	0.656447	0.63684	1.00685	1.00685	0.63684	0.450337	0.63684	0.63684	0.63684	0.63684	0.63684	1.00685	0.63684	0.63684	1.00685	0.796031	0.796055	1.00689	1.00689	0.857362	0.968374	0.63684	0.63684	1.00685	0.63684	0.450337	0.63684	0.63684	0.63684	0.796031	0.796055	0.857362	0.968374	0.63684	0.63684	0.63684	0.450337	0.63684	0.63684	0.450337	0.63684	1.00685	0.63684	0.450337	0.450337	0.63684	0.857325	0.503464	0.356023	0.477638	0.356005	0	0.159216	0.356023	0.477638	0.503464	0.356023	0.450337	0.477638	0.503464	0.356023	0.477638	0.356005	0	0	0	0.159216	0.356023	0.477638	0.356005	0	0	0.159216	0.356023	0.450337	0.450337	0.450337	0.63684	0.63684	0.450337	0.450337	0.450337	0.574061	0.796055	0.900619	0.900619	0.857362	0.656447	0.450337	0.450337	0.450337	0.574061	0.796055	0.900619	0.900619	0.900619	0.857362	0.656447	0.450337	0.574061	0.796055	0.900619	0.900619	0.900619	0.900619	0.857362	0.656447	0.450337	0.450337	0.450337	0.450337	0.450337	0.450337	0.450337	0.450337	0.450337	0.574061	0.796055	0.900619	0.900619	0.900619	0.900619	0.900619	0.900619	0.900619	0.900619	0.900619	0.900619	0.900619	0.900619	0.900619	0.900619	0.857362	0.656447	0.450337	0.450337	0.450337	0.450337	0.450337	0.450337	0.450337	0.450337	0.450337	0.450337	0.574061	0.796055	0.900619	0.900619	0.900619	0.857362	0.656447	0.450337	0.450337	0.574061	0.796055	0.900619	0.900619	0.900619	0.857362	0.656447	0.450337	0.450337	0.450337	0.450337	0.450337	0.450337	0.574061	0.811804	0.656447	0.450337	0.450337	0.450337	0.450337	0.574061	0.796055	0.857362	0.656447	0.450337	0.450337	0.450337	0.574061	0.811804	0.811804	0.796055	0.900619	1.00689	1.00689	0.900619	0.900619	1.00689	1.00689	0.900619	1.00689	1.00689	0.857362	0.656447	0.574061	0.796055	0.857362	0.811804	0.796055	0.900619	0.857362	0.811804	0.796055	0.900619	0.900619	0.857362	0.811804	0.796055	0.900619	0.857362	0.811804	0.796055	0.900619	0.900619
0.450266	0.450266	0.450266	0.450266	0.450266	0.450266	0	0	0	0.450266	0.450266	0.450266	0.450266	0.450266	0.450266	0	0.450266	0.450266	0.450266	0.450266	0	0.450266	0.450266	0.450266	0.450266	0.450266	0.450266	0	0.450266	0.450266	0.450266	0.450266	0.450266	0.450266	0.450266	0.450266	0.450266	0.450266	0	0.450266	0.450266	0.450266	0.900477	0.900477	0.450266	0	0.450266	0.450266	0.450266	0.450266	0.450266	0.900477	0.450266	0.450266	0.900477	0.450266	0	0.450266	0.450266	0.450266	0.900477	0.450266	0.450266	0.900477	0.450266	0	0.450266	0.450266	0.450266	0.450266	0	0.450266	0.900477	0.450266	0.450266	0.450266	0	0.450266	0.450266	0	0.450266	0.900477	0.450266	0	0	0.450266	0.900477	0.450266	0	0.450266	0.450266	0	0	0	0.450266	0.450266	0	0	0.450266	0.450266	0	0.450266	0.450266	0	0	0	0	0	0.450266	0.450266	0	0	0	0	0	0	0	0.450266	0.450266	0	0	0	0	0	0	0	0.450266	0.450266	0	0	0	0	0	0	0	0	0.450266	0.450266	0	0	0	0	0	0	0	0.450266	0.450266	0	0	0	0	0	0	0	0	0	0	0	0	0	0	0	0	0	0	0	0	0	0	0	0	0	0.450266	0.450266	0	0	0	0	0	0	0	0	0	0	0	0	0	0	0	0.450266	0.450266	0	0	0	0	0	0	0	0.450266	0.450266	0	0	0	0	0	0	0	0.450266	0.450266	0	0	0	0	0	0	0.450266	0.450266	0	0	0	0	0.450266	0.450266	0	0	0.450266	0.450266	0	0	0.450266	0.450266	0	0.450266	0.450266	0.450266	0.450266	0	0	0.450266	0.450266	0	0	0.450266	0.450266	0	0	0	0.450266	0.450266	0	0	0.450266	0.450266	0	0	0
0.450224	0.450224	0.450224	0.450224	0.450224	0.450224	0	0	0	0.450224	0.450224	0.450224	0.450224	0.450224	0.450224	0	0.450224	0.450224	0.450224	0.450224	0	0.450224	0.450224	0.450224	0.450224	0.450224	0.450224	0	0.450224	0.450224	0.450224	0.450224	0.450224	0.450224	0.450224	0.450224	0.450224	0.450224	0	0.450224	0.450224	0.450224	0.900392	0.900392	0.450224	0	0.450224	0.450224	0.450224	0.450224	0.450224	0.900392	0.450224	0.450224	0.900392	0.450224	0	0.450224	0.450224	0.450224	0.900392	0.450224	0.450224	0.900392	0.450224	0	0.450224	0.450224	0.450224	0.450224	0	0.450224	0.900392	0.450224	0.450224	0.450224	0	0.450224	0.450224	0	0.450224	0.900392	0.450224	0	0	0.450224	0.900392	0.450224	0	0.450224	0.450224	0	0	0	0.450224	0.450224	0	0	0.450224	0.450224	0	0.450224	0.450224	0	0	0	0	0	0.450224	0.450224	0	0	0	0	0	0	0	0.450224	0.450224	0	0	0	0	0	0	0	0.450224	0.450224	0	0	0	0	0	0	0	0	0.450224	0.450224	0	0	0	0	0	0	0	0.450224	0.450224	0	0	0	0	0	0	0	0	0	0	0	0	0	0	0	0	0	0	0	0	0	0	0	0	0	0.450224	0.450224	0	0	0	0	0	0	0	0	0	0	0	0	0	0	0	0.450224	0.450224	0	0	0	0	0	0	0	0.450224	0.450224	0	0	0	0	0	0	0	0.450224	0.450224	0	0	0	0	0	0	0.450224	0.450224	0	0	0	0	0.450224	0.450224	0	0	0.450224	0.450224	0	0	0.450224	0.450224	0	0.450224	0.450224	0.450224	0.450224	0	0	0.450224	0.450224	0	0	0.450224	0.450224	0	0	0	0.450224	0.450224	0	0	0.450224	0.450224	0	0	0
0.450182	0.450182	0.450182	0.450182	0.450182	0.450182	0	0	0	0.450182	0.450182	0.450182	0.450182	0.450182	0.450182	0	0.450182	0.450182	0.450182	0.450182	0	0.450182	0.450182	0.450182	0.450182	0.450182	0.450182	0	0.450182	0.450182	0.450182	0.450182	0.450182	0.450182	0.450182	0.450182	0.450182	0.450182	0	0.450182	0.450182	0.450182	0.900307	0.900307	0.450182	0	0.450182	0.450182	0.450182	0.450182	0.450182	0.900307	0.450182	0.450182	0.900307	0.450182	0	0.450182	0.450182	0.450182	0.900307	0.450182	0.450182	0.900307	0.450182	0	0.450182	0.450182	0.450182	0.450182	0	0.450182	0.900307	0.450182	0.450182	0.450182	0	0.450182	0.450182	0	0.450182	0.900307	0.450182	0	0	0.450182	0.900307	0.450182	0	0.450182	0.450182	0	0	0	0.450182	0.450182	0	0	0.450182	0.450182	0	0.450182	0.450182	0	0	0	0	0	0.450182	0.450182	0	0	0	0	0	0	0	0.450182	0.450182	0	0	0	0	0	0	0	0.450182	0.450182	0	0	0	0	0	0	0	0	0.450182	0.450182	0	0	0	0	0	0	0	0.450182	0.450182	0	0	0	0	0	0	0	0	0	0	0	0	0	0	0	0	0	0	0	0	0	0	0	0	0	0.450182	0.450182	0	0	0	0	0	0	0	0	0	0	0	0	0	0	0	0.450182	0.450182	0	0	0	0	0	0	0	0.450182	0.450182	0	0	0	0	0	0	0	0.450182	0.450182	0	0	0	0	0	0	0.450182	0.450182	0	0	0	0	0.450182	0.450182	0	0	0.450182	0.450182	0	0	0.450182	0.450182	0	0.450182	0.450182	0.450182	0.450182	0	0	0.450182	0.450182	0	0	0.450182	0.450182	0	0	0	0.450182	0.450182	0	0	0.450182	0.450182	0	0	0
0.450139	0.450139	0.450139	0.450139	0.450139	0.450139	0	0	0	0.450139	0.450139	0.450139	0.450139	0.450139	0.450139	0	0.450139	0.450139	0.450139	0.450139	0	0.450139	0.450139	0.450139	0.450139	0.450139	0.450139	0	0.450139	0.450139	0.450139	0.450139	0.450139	0.450139	0.450139	0.450139	0.450139	0.450139	0	0.450139	0.450139	0.450139	0.900223	0.900223	0.450139	0	0.450139	0.450139	0.450139	0.450139	0.450139	0.900223	0.450139	0.450139	0.900223	0.450139	0	0.450139	0.450139	0.450139	0.900223	0.450139	0.450139	0.900223	0.450139	0	0.450139	0.450139	0.450139	0.450139	0	0.450139	0.900223	0.450139	0.450139	0.450139	0	0.450139	0.450139	0	0.450139	0.900223	0.450139	0	0	0.450139	0.900223	0.450139	0	0.450139	0.450139	0	0	0	0.450139	0.450139	0	0	0.450139	0.450139	0	0.450139	0.450139	0	0	0	0	0	0.450139	0.450139	0	0	0	0	0	0	0	0.450139	0.450139	0	0	0	0	0	0	0	0.450139	0.450139	0	0	0	0	0	0	0	0	0.450139	0.450139	0	0	0	0	0	0	0	0.450139	0.450139	0	0	0	0	0	0	0	0	0	0	0	0	0	0	0	0	0	0	0	0	0	0	0	0	0	0.450139	0.450139	0	0	0	0	0	0	0	0	0	0	0	0	0	0	0	0.450139	0.450139	0	0	0	0	0	0	0	0.450139	0.450139	0	0	0	0	0	0	0	0.450139	0.450139	0	0	0	0	0	0	0.450139	0.450139	0	0	0	0	0.450139	0.450139	0	0	0.450139	0.450139	0	0	0.450139	0.450139	0	0.450139	0.450139	0.450139	0.450139	0	0	0.450139	0.450139	0	0	0.450139	0.450139	0	0	0	0.450139	0.450139	0	0	0.450139	0.450139	0	0	0
0.45009	0.45009	0.45009	0.45009	0.45009	0.45009	0	0	0	0.45009	0.45009	0.45009	0.45009	0.45009	0.45009	0	0.45009	0.45009	0.45009	0.45009	0	0.45009	0.45009	0.45009	0.45009	0.45009	0.45009	0	0.45009	0.45009	0.45009	0.45009	0.45009	0.45009	0.45009	0.45009	0.45009	0.45009	0	0.45009	0.45009	0.45009	0.900124	0.900124	0.45009	0	0.45009	0.45009	0.45009	0.45009	0.45009	0.900124	0.45009	0.45009	0.900124	0.45009	0	0.45009	0.45009	0.45009	0.900124	0.45009	0.45009	0.900124	0.45009	0	0.45009	0.45009	0.45009	0.45009	0	0.45009	0.900124	0.45009	0.45009	0.45009	0	0.45009	0.45009	0	0.45009	0.900124	0.45009	0	0	0.45009	0.900124	0.45009	0	0.45009	0.45009	0	0	0	0.45009	0.45009	0	0	0.45009	0.45009	0	0.45009	0.45009	0	0	0	0	0	0.45009	0.45009	0	0	0	0	0	0	0	0.45009	0.45009	0	0	0	0	0	0	0	0.45009	0.45009	0	0	0	0	0	0	0	0	0.45009	0.45009	0	0	0	0	0	0	0	0.45009	0.45009	0	0	0	0	0	0	0	0	0	0	0	0	0	0	0	0	0	0	0	0	0	0	0	0	0	0.45009	0.45009	0	0	0	0	0	0	0	0	0	0	0	0	0	0	0	0.45009	0.45009	0	0	0	0	0	0	0	0.45009	0.45009	0	0	0	0	0	0	0	0.45009	0.45009	0	0	0	0	0	0	0.45009	0.45009	0	0	0	0	0.45009	0.45009	0	0	0.45009	0.45009	0	0	0.45009	0.45009	0	0.45009	0.45009	0.45009	0.45009	0	0	0.45009	0.45009	0	0	0.45009	0.45009	0	0	0	0.45009	0.45009	0	0	0.45009	0.45009	0	0	0
0.450047	0.450047	0.450047	0.450047	0.450047	0.450047	0	0	0	0.450047	0.450047	0.450047	0.450047	0.450047	0.450047	0	0.450047	0.450047	0.450047	0.450047	0	0.450047	0.450047	0.450047	0.450047	0.450047	0.450047	0	0.450047	0.450047	0.450047	0.450047	0.450047	0.450047	0.450047	0.450047	0.450047	0.450047	0	0.450047	0.450047	0.450047	0.900039	0.900039	0.450047	0	0.450047	0.450047	0.450047	0.450047	0.450047	0.900039	0.450047	0.450047	0.900039	0.450047	0	0.450047	0.450047	0.450047	0.900039	0.450047	0.450047	0.900039	0.450047	0	0.450047	0.450047	0.450047	0.450047	0	0.450047	0.900039	0.450047	0.450047	0.450047	0	0.450047	0.450047	0	0.450047	0.900039	0.450047	0	0	0.450047	0.900039	0.450047	0	0.450047	0.450047	0	0	0	0.450047	0.450047	0	0	0.450047	0.450047	0	0.450047	0.450047	0	0	0	0	0	0.450047	0.450047	0	0	0	0	0	0	0	0.450047	0.450047	0	0	0	0	0	0	0	0.450047	0.450047	0	0	0	0	0	0	0	0	0.450047	0.450047	0	0	0	0	0	0	0	0.450047	0.450047	0	0	0	0	0	0	0	0	0	0	0	0	0	0	0	0	0	0	0	0	0	0	0	0	0	0.450047	0.450047	0	0	0	0	0	0	0	0	0	0	0	0	0	0	0	0.450047	0.450047	0	0	0	0	0	0	0	0.450047	0.450047	0	0	0	0	0	0	0	0.450047	0.450047	0	0	0	0	0	0	0.450047	0.450047	0	0	0	0	0.450047	0.450047	0	0	0.450047	0.450047	0	0	0.450047	0.450047	0	0.450047	0.450047	0.450047	0.450047	0	0	0.450047	0.450047	0	0	0.450047	0.450047	0	0	0	0.450047	0.450047	0	0	0.450047	0.450047	0	0	0
0.450005	0.450005	0.450005	0.450005	0.450005	0.450005	0	0	0	0.450005	0.450005	0.450005	0.450005	0.450005	0.450005	0	0.450005	0.450005	0.450005	0.450005	0	0.450005	0.450005	0.450005	0.450005	0.450005	0.450005	0	0.450005	0.450005	0.450005	0.450005	0.450005	0.450005	0.450005	0.450005	0.450005	0.450005	0	0.450005	0.450005	0.450005	0.899954	0.899954	0.450005	0	0.450005	0.450005	0.450005	0.450005	0.450005	0.899954	0.450005	0.450005	0.899954	0.450005	0	0.450005	0.450005	0.450005	0.899954	0.450005	0.450005	0.899954	0.450005	0	0.450005	0.450005	0.450005	0.450005	0	0.450005	0.899954	0.450005	0.450005	0.450005	0	0.450005	0.450005	0	0.450005	0.899954	0.450005	0	0	0.450005	0.899954	0.450005	0	0.450005	0.450005	0	0	0	0.450005	0.450005	0	0	0.450005	0.450005	0	0.450005	0.450005	0	0	0	0	0	0.450005	0.450005	0	0	0	0	0	0	0	0.450005	0.450005	0	0	0	0	0	0	0	0.450005	0.450005	0	0	0	0	0	0	0	0	0.450005	0.450005	0	0	0	0	0	0	0	0.450005	0.450005	0	0	0	0	0	0	0	0	0	0	0	0	0	0	0	0	0	0	0	0	0	0	0	0	0	0.450005	0.450005	0	0	0	0	0	0	0	0	0	0	0	0	0	0	0	0.450005	0.450005	0	0	0	0	0	0	0	0.450005	0.450005	0	0	0	0	0	0	0	0.450005	0.450005	0	0	0	0	0	0	0.450005	0.450005	0	0	0	0	0.450005	0.450005	0	0	0.450005	0.450005	0	0	0.450005	0.450005	0	0.450005	0.450005	0.450005	0.450005	0	0	0.450005	0.450005	0	0	0.450005	0.450005	0	0	0	0.450005	0.450005	0	0	0.450005	0.450005	0	0	0
0.449962	0.449962	0.449962	0.449962	0.449962	0.449962	0	0	0	0.449962	0.449962	0.449962	0.449962	0.449962	0.449962	0	0.449962	0.449962	0.449962	0.449962	0	0.449962	0.449962	0.449962	0.449962	0.449962	0.449962	0	0.449962	0.449962	0.449962	0.449962	0.449962	0.449962	0.449962	0.449962	0.449962	0.449962	0	0.449962	0.449962	0.449962	0.899869	0.899869	0.449962	0	0.449962	0.449962	0.449962	0.449962	0.449962	0.899869	0.449962	0.449962	0.899869	0.449962	0	0.449962	0.449962	0.449962	0.899869	0.449962	0.449962	0.899869	0.449962	0	0.449962	0.449962	0.449962	0.449962	0	0.449962	0.899869	0.449962	0.449962	0.449962	0	0.449962	0.449962	0	0.449962	0.899869	0.449962	0	0	0.449962	0.899869	0.449962	0	0.449962	0.449962	0	0	0	0.449962	0.449962	0	0	0.449962	0.449962	0	0.449962	0.449962	0	0	0	0	0	0.449962	0.449962	0	0	0	0	0	0	0	0.449962	0.449962	0	0	0	0	0	0	0	0.449962	0.449962	0	0	0	0	0	0	0	0	0.449962	0.449962	0	0	0	0	0	0	0	0.449962	0.449962	0	0	0	0	0	0	0	0	0	0	0	0	0	0	0	0	0	0	0	0	0	0	0	0	0	0.449962	0.449962	0	0	0	0	0	0	0	0	0	0	0	0	0	0	0	0.449962	0.449962	0	0	0	0	0	0	0	0.449962	0.449962	0	0	0	0	0	0	0	0.449962	0.449962	0	0	0	0	0	0	0.449962	0.449962	0	0	0	0	0.449962	0.449962	0	0	0.449962	0.449962	0	0	0.449962	0.449962	0	0.449962	0.449962	0.449962	0.449962	0	0	0.449962	0.449962	0	0	0.449962	0.449962	0	0	0	0.449962	0.449962	0	0	0.449962	0.449962	0	0	0
0.44992	0.44992	0.355698	0.47723	0.636295	0.636295	0.449955	0.449955	0.449955	0.636295	0.636295	0.636295	0.636295	0.655888	0.811111	0.573574	0.655888	0.856633	1.00603	1.00603	0.899855	1.00603	1.00603	1.00603	1.00603	1.00603	1.00603	0.899855	1.00603	1.00603	1.00603	1.00603	1.00603	1.00603	1.00603	1.00603	1.00603	1.00603	0.899855	1.00603	1.00603	1.00603	1.27243	1.27243	1.00603	0.79538	0.811111	0.856633	1.00603	1.00603	1.00603	1.27243	1.00603	1.00603	1.28234	1.21137	1.01854	1.00603	1.00603	1.00603	1.28234	1.28238	1.42261	1.6219	1.35896	1.01854	1.06705	1.28238	1.42261	1.35896	1.01854	1.06705	1.46635	1.42261	1.42261	1.35896	1.01854	1.06705	1.21137	1.01854	1.00603	1.27243	1.00603	0.899855	0.899855	1.00603	1.28234	1.21137	1.01854	1.06705	1.21137	1.01854	0.899855	0.899855	1.00603	1.00603	0.79538	0.573574	0.655888	0.856633	0.899855	1.00603	1.00603	0.899855	0.899855	0.899855	0.899855	0.79538	0.811111	0.856633	0.899855	0.899855	0.899855	0.899855	0.899855	0.899855	0.899855	1.00603	1.00603	0.899855	0.899855	0.899855	0.899855	0.899855	0.899855	0.899855	1.06705	1.28238	1.34964	1.34964	1.24231	1.01854	0.899855	0.899855	0.899855	0.899855	1.06705	1.28238	1.34964	1.24231	1.01854	0.899855	0.899855	0.899855	0.899855	1.06705	1.28238	1.34964	1.34964	1.34964	1.34964	1.34964	1.34964	1.34964	1.34964	1.34964	1.34964	1.24231	1.01854	0.899855	0.899855	0.899855	0.899855	0.899855	0.899855	0.899855	0.899855	0.899855	0.899855	0.899855	0.899855	0.899855	1.00603	1.00603	0.899855	0.899855	0.899855	0.899855	0.899855	0.899855	0.899855	0.899855	0.899855	0.899855	0.899855	0.899855	0.899855	0.899855	0.899855	1.06705	1.28238	1.34964	1.24231	1.01854	0.899855	0.899855	0.899855	0.899855	1.06705	1.28238	1.34964	1.34964	1.24231	1.01854	0.899855	0.899855	0.899855	1.06705	1.28238	1.24231	1.01854	0.899855	0.899855	0.899855	0.899855	1.00603	1.00603	0.899855	0.899855	0.899855	0.899855	1.06705	1.21137	1.01854	0.899855	1.06705	1.28238	1.24231	1.01854	1.06705	1.21137	1.01854	1.06705	1.21137	1.21137	1.28238	1.34964	1.34964	1.42261	1.42261	1.34964	1.24231	1.21137	1.28238	1.34964	1.24231	1.01854	1.06705	1.28238	1.34964	1.34964	1.42261	1.42261	1.34964	1.34964	1.34964
0.449878	0.449878	0.159065	0.355687	0.636235	0.636235	0.449913	0.449913	0.449913	0.636235	0.636235	0.636235	0.636235	0.57352	0.811035	0.655826	0.57352	0.795305	1.00594	1.00594	0.89977	1.00594	1.00594	1.00594	1.00594	1.00594	1.00594	0.89977	1.00594	1.00594	1.00594	1.00594	1.00594	1.00594	1.00594	1.00594	1.00594	1.00594	0.89977	1.00594	1.00594	1.00594	1.27231	1.27231	1.00594	0.856552	0.811035	0.795305	1.00594	1.00594	1.00594	1.27231	1.00594	1.00594	1.15788	1.21126	1.06695	1.00594	1.00594	1.00594	1.15788	1.24219	1.42248	1.62174	1.46621	1.06695	1.01845	1.24219	1.42248	1.46621	1.06695	1.01845	1.35883	1.42248	1.42248	1.46621	1.06695	1.01845	1.21126	1.06695	1.00594	1.27231	1.00594	0.89977	0.89977	1.00594	1.15788	1.21126	1.06695	1.01845	1.21126	1.06695	0.89977	0.89977	1.00594	1.00594	0.856552	0.655826	0.57352	0.795305	0.89977	1.00594	1.00594	0.89977	0.89977	0.89977	0.89977	0.856552	0.811035	0.795305	0.89977	0.89977	0.89977	0.89977	0.89977	0.89977	0.89977	1.00594	1.00594	0.89977	0.89977	0.89977	0.89977	0.89977	0.89977	0.89977	1.01845	1.24219	1.34952	1.34952	1.28225	1.06695	0.89977	0.89977	0.89977	0.89977	1.01845	1.24219	1.34952	1.28225	1.06695	0.89977	0.89977	0.89977	0.89977	1.01845	1.24219	1.34952	1.34952	1.34952	1.34952	1.34952	1.34952	1.34952	1.34952	1.34952	1.34952	1.28225	1.06695	0.89977	0.89977	0.89977	0.89977	0.89977	0.89977	0.89977	0.89977	0.89977	0.89977	0.89977	0.89977	0.89977	1.00594	1.00594	0.89977	0.89977	0.89977	0.89977	0.89977	0.89977	0.89977	0.89977	0.89977	0.89977	0.89977	0.89977	0.89977	0.89977	0.89977	1.01845	1.24219	1.34952	1.28225	1.06695	0.89977	0.89977	0.89977	0.89977	1.01845	1.24219	1.34952	1.34952	1.28225	1.06695	0.89977	0.89977	0.89977	1.01845	1.24219	1.28225	1.06695	0.89977	0.89977	0.89977	0.89977	1.00594	1.00594	0.89977	0.89977	0.89977	0.89977	1.01845	1.21126	1.06695	0.89977	1.01845	1.24219	1.28225	1.06695	1.01845	1.21126	1.06695	1.01845	1.21126	1.21126	1.24219	1.34952	1.34952	1.42248	1.42248	1.34952	1.28225	1.21126	1.24219	1.34952	1.28225	1.06695	1.01845	1.24219	1.34952	1.34952	1.42248	1.42248	1.34952	1.34952	1.34952
0.449835	0.449835	0	0	0.449835	0.449835	0	0	0	0.449835	0.449835	0.449835	0.449835	0	0.449835	0.449835	0	0	0.449835	0.449835	0	0.449835	0.449835	0.449835	0.449835	0.449835	0.449835	0	0.449835	0.449835	0.449835	0.449835	0.449835	0.449835	0.449835	0.449835	0.449835	0.449835	0	0.449835	0.449835	0.449835	0.899615	0.899615	0.449835	0.449835	0.449835	0	0.449835	0.449835	0.449835	0.899615	0.449835	0.449835	0.449835	0.449835	0.449835	0.449835	0.449835	0.449835	0.449835	0	0.449835	0.899615	0.899615	0.449835	0	0	0.449835	0.899615	0.449835	0	0.449835	0.449835	0.449835	0.899615	0.449835	0	0.449835	0.449835	0.449835	0.899615	0.449835	0	0	0.449835	0.449835	0.449835	0.449835	0	0.449835	0.449835	0	0	0.449835	0.449835	0.449835	0.449835	0	0	0	0.449835	0.449835	0	0	0	0	0.449835	0.449835	0	0	0	0	0	0	0	0	0.449835	0.449835	0	0	0	0	0	0	0	0	0	0	0	0.449835	0.449835	0	0	0	0	0	0	0	0.449835	0.449835	0	0	0	0	0	0	0	0	0	0	0	0	0	0	0	0	0.449835	0.449835	0	0	0	0	0	0	0	0	0	0	0	0	0	0.449835	0.449835	0	0	0	0	0	0	0	0	0	0	0	0	0	0	0	0	0	0	0.449835	0.449835	0	0	0	0	0	0	0	0	0.449835	0.449835	0	0	0	0	0	0.449835	0.449835	0	0	0	0	0.449835	0.449835	0	0	0	0	0	0.449835	0.449835	0	0	0	0.449835	0.449835	0	0.449835	0.449835	0	0.449835	0.449835	0	0	0	0.449835	0.449835	0	0.449835	0.449835	0	0	0.449835	0.449835	0	0	0	0	0.449835	0.449835	0	0	0
0.449793	0.449793	0	0	0.449793	0.449793	0	0	0	0.449793	0.449793	0.449793	0.449793	0	0.449793	0.449793	0	0	0.449793	0.449793	0	0.449793	0.449793	0.449793	0.449793	0.449793	0.449793	0	0.449793	0.449793	0.449793	0.449793	0.449793	0.449793	0.449793	0.449793	0.449793	0.449793	0	0.449793	0.449793	0.449793	0.89953	0.89953	0.449793	0.449793	0.449793	0	0.449793	0.449793	0.449793	0.89953	0.449793	0.449793	0.449793	0.449793	0.449793	0.449793	0.449793	0.449793	0.449793	0	0.449793	0.89953	0.89953	0.449793	0	0	0.449793	0.89953	0.449793	0	0.449793	0.449793	0.449793	0.89953	0.449793	0	0.449793	0.449793	0.449793	0.89953	0.449793	0	0	0.449793	0.449793	0.449793	0.449793	0	0.449793	0.449793	0	0	0.449793	0.449793	0.449793	0.449793	0	0	0	0.449793	0.449793	0	0	0	0	0.449793	0.449793	0	0	0	0	0	0	0	0	0.449793	0.449793	0	0	0	0	0	0	0	0	0	0	0	0.449793	0.449793	0	0	0	0	0	0	0	0.449793	0.449793	0	0	0	0	0	0	0	0	0	0	0	0	0	0	0	0	0.449793	0.449793	0	0	0	0	0	0	0	0	0	0	0	0	0	0.449793	0.449793	0	0	0	0	0	0	0	0	0	0	0	0	0	0	0	0	0	0	0.449793	0.449793	0	0	0	0	0	0	0	0	0.449793	0.449793	0	0	0	0	0	0.449793	0.449793	0	0	0	0	0.449793	0.449793	0	0	0	0	0	0.449793	0.449793	0	0	0	0.449793	0.449793	0	0.449793	0.449793	0	0.449793	0.449793	0	0	0	0.449793	0.449793	0	0.449793	0.449793	0	0	0.449793	0.449793	0	0	0	0	0.449793	0.449793	0	0	0
0.44975	0.44975	0	0	0.44975	0.44975	0	0	0	0.44975	0.44975	0.44975	0.44975	0	0.44975	0.44975	0	0	0.44975	0.44975	0	0.44975	0.44975	0.44975	0.44975	0.44975	0.44975	0	0.44975	0.44975	0.44975	0.44975	0.44975	0.44975	0.44975	0.44975	0.44975	0.44975	0	0.44975	0.44975	0.44975	0.899445	0.899445	0.44975	0.44975	0.44975	0	0.44975	0.44975	0.44975	0.899445	0.44975	0.44975	0.44975	0.44975	0.44975	0.44975	0.44975	0.44975	0.44975	0	0.44975	0.899445	0.899445	0.44975	0	0	0.44975	0.899445	0.44975	0	0.44975	0.44975	0.44975	0.899445	0.44975	0	0.44975	0.44975	0.44975	0.899445	0.44975	0	0	0.44975	0.44975	0.44975	0.44975	0	0.44975	0.44975	0	0	0.44975	0.44975	0.44975	0.44975	0	0	0	0.44975	0.44975	0	0	0	0	0.44975	0.44975	0	0	0	0	0	0	0	0	0.44975	0.44975	0	0	0	0	0	0	0	0	0	0	0	0.44975	0.44975	0	0	0	0	0	0	0	0.44975	0.44975	0	0	0	0	0	0	0	0	0	0	0	0	0	0	0	0	0.44975	0.44975	0	0	0	0	0	0	0	0	0	0	0	0	0	0.44975	0.44975	0	0	0	0	0	0	0	0	0	0	0	0	0	0	0	0	0	0	0.44975	0.44975	0	0	0	0	0	0	0	0	0.44975	0.44975	0	0	0	0	0	0.44975	0.44975	0	0	0	0	0.44975	0.44975	0	0	0	0	0	0.44975	0.44975	0	0	0	0.44975	0.44975	0	0.44975	0.44975	0	0.44975	0.44975	0	0	0	0.44975	0.44975	0	0.44975	0.44975	0	0	0.44975	0.44975	0	0	0	0	0.44975	0.44975	0	0	0
0.449708	0.449708	0	0	0.449708	0.449708	0	0	0	0.449708	0.449708	0.449708	0.449708	0	0.449708	0.449708	0	0	0.449708	0.449708	0	0.449708	0.449708	0.449708	0.449708	0.449708	0.449708	0	0.449708	0.449708	0.449708	0.449708	0.449708	0.449708	0.449708	0.449708	0.449708	0.449708	0	0.449708	0.449708	0.449708	0.899361	0.899361	0.449708	0.449708	0.449708	0	0.449708	0.449708	0.449708	0.899361	0.449708	0.449708	0.449708	0.449708	0.449708	0.449708	0.449708	0.449708	0.449708	0	0.449708	0.899361	0.899361	0.449708	0	0	0.449708	0.899361	0.449708	0	0.449708	0.449708	0.449708	0.899361	0.449708	0	0.449708	0.449708	0.449708	0.899361	0.449708	0	0	0.449708	0.449708	0.449708	0.449708	0	0.449708	0.449708	0	0	0.449708	0.449708	0.449708	0.449708	0	0	0	0.449708	0.449708	0	0	0	0	0.449708	0.449708	0	0	0	0	0	0	0	0	0.449708	0.449708	0	0	0	0	0	0	0	0	0	0	0	0.449708	0.449708	0	0	0	0	0	0	0	0.449708	0.449708	0	0	0	0	0	0	0	0	0	0	0	0	0	0	0	0	0.449708	0.449708	0	0	0	0	0	0	0	0	0	0	0	0	0	0.449708	0.449708	0	0	0	0	0	0	0	0	0	0	0	0	0	0	0	0	0	0	0.449708	0.449708	0	0	0	0	0	0	0	0	0.449708	0.449708	0	0	0	0	0	0.449708	0.449708	0	0	0	0	0.449708	0.449708	0	0	0	0	0	0.449708	0.449708	0	0	0	0.449708	0.449708	0	0.449708	0.449708	0	0.449708	0.449708	0	0	0	0.449708	0.449708	0	0.449708	0.449708	0	0	0.449708	0.449708	0	0	0	0	0.449708	0.449708	0	0	0
0.449666	0.449666	0	0	0.449666	0.449666	0	0	0	0.449666	0.449666	0.449666	0.449666	0	0.449666	0.449666	0	0	0.449666	0.449666	0	0.449666	0.449666	0.449666	0.449666	0.449666	0.449666	0	0.449666	0.449666	0.449666	0.449666	0.449666	0.449666	0.449666	0.449666	0.449666	0.449666	0	0.449666	0.449666	0.449666	0.899276	0.899276	0.449666	0.449666	0.449666	0	0.449666	0.449666	0.449666	0.899276	0.449666	0.449666	0.449666	0.449666	0.449666	0.449666	0.449666	0.449666	0.449666	0	0.449666	0.899276	0.899276	0.449666	0	0	0.449666	0.899276	0.449666	0	0.449666	0.449666	0.449666	0.899276	0.449666	0	0.449666	0.449666	0.449666	0.899276	0.449666	0	0	0.449666	0.449666	0.449666	0.449666	0	0.449666	0.449666	0	0	0.449666	0.449666	0.449666	0.449666	0	0	0	0.449666	0.449666	0	0	0	0	0.449666	0.449666	0	0	0	0	0	0	0	0	0.449666	0.449666	0	0	0	0	0	0	0	0	0	0	0	0.449666	0.449666	0	0	0	0	0	0	0	0.449666	0.449666	0	0	0	0	0	0	0	0	0	0	0	0	0	0	0	0	0.449666	0.449666	0	0	0	0	0	0	0	0	0	0	0	0	0	0.449666	0.449666	0	0	0	0	0	0	0	0	0	0	0	0	0	0	0	0	0	0	0.449666	0.449666	0	0	0	0	0	0	0	0	0.449666	0.449666	0	0	0	0	0	0.449666	0.449666	0	0	0	0	0.449666	0.449666	0	0	0	0	0	0.449666	0.449666	0	0	0	0.449666	0.449666	0	0.449666	0.449666	0	0.449666	0.449666	0	0	0	0.449666	0.449666	0	0.449666	0.449666	0	0	0.449666	0.449666	0	0	0	0	0.449666	0.449666	0	0	0
0.449623	0.449623	0	0	0.449623	0.449623	0	0	0	0.449623	0.449623	0.449623	0.449623	0	0.449623	0.449623	0	0	0.449623	0.449623	0	0.449623	0.449623	0.449623	0.449623	0.449623	0.449623	0	0.449623	0.449623	0.449623	0.449623	0.449623	0.449623	0.449623	0.449623	0.449623	0.449623	0	0.449623	0.449623	0.449623	0.899191	0.899191	0.449623	0.449623	0.449623	0	0.449623	0.449623	0.449623	0.899191	0.449623	0.449623	0.449623	0.449623	0.449623	0.449623	0.449623	0.449623	0.449623	0	0.449623	0.899191	0.899191	0.449623	0	0	0.449623	0.899191	0.449623	0	0.449623	0.449623	0.449623	0.899191	0.449623	0	0.449623	0.449623	0.449623	0.899191	0.449623	0	0	0.449623	0.449623	0.449623	0.449623	0	0.449623	0.449623	0	0	0.449623	0.449623	0.449623	0.449623	0	0	0	0.449623	0.449623	0	0	0	0	0.449623	0.449623	0	0	0	0	0	0	0	0	0.449623	0.449623	0	0	0	0	0	0	0	0	0	0	0	0.449623	0.449623	0	0	0	0	0	0	0	0.449623	0.449623	0	0	0	0	0	0	0	0	0	0	0	0	0	0	0	0	0.449623	0.449623	0	0	0	0	0	0	0	0	0	0	0	0	0	0.449623	0.449623	0	0	0	0	0	0	0	0	0	0	0	0	0	0	0	0	0	0	0.449623	0.449623	0	0	0	0	0	0	0	0	0.449623	0.449623	0	0	0	0	0	0.449623	0.449623	0	0	0	0	0.449623	0.449623	0	0	0	0	0	0.449623	0.449623	0	0	0	0.449623	0.449623	0	0.449623	0.449623	0	0.449623	0.449623	0	0	0	0.449623	0.449623	0	0.449623	0.449623	0	0	0.449623	0.449623	0	0	0	0	0.449623	0.449623	0	0	0
0.449581	0.449581	0	0	0.449581	0.449581	0	0	0	0.449581	0.449581	0.449581	0.449581	0	0.449581	0.449581	0	0	0.449581	0.449581	0	0.449581	0.449581	0.449581	0.449581	0.449581	0.449581	0	0.449581	0.449581	0.449581	0.449581	0.449581	0.449581	0.449581	0.449581	0.449581	0.449581	0	0.449581	0.449581	0.449581	0.899107	0.899107	0.449581	0.449581	0.449581	0	0.449581	0.449581	0.449581	0.899107	0.449581	0.449581	0.449581	0.449581	0.449581	0.449581	0.449581	0.449581	0.449581	0	0.449581	0.899107	0.899107	0.449581	0	0	0.449581	0.899107	0.449581	0	0.449581	0.449581	0.449581	0.899107	0.449581	0	0.449581	0.449581	0.449581	0.899107	0.449581	0	0	0.449581	0.449581	0.449581	0.449581	0	0.449581	0.449581	0	0	0.449581	0.449581	0.449581	0.449581	0	0	0	0.449581	0.449581	0	0	0	0	0.449581	0.449581	0	0	0	0	0	0	0	0	0.449581	0.449581	0	0	0	0	0	0	0	0	0	0	0	0.449581	0.449581	0	0	0	0	0	0	0	0.449581	0.449581	0	0	0	0	0	0	0	0	0	0	0	0	0	0	0	0	0.449581	0.449581	0	0	0	0	0	0	0	0	0	0	0	0	0	0.449581	0.449581	0	0	0	0	0	0	0	0	0	0	0	0	0	0	0	0	0	0	0.449581	0.449581	0	0	0	0	0	0	0	0	0.449581	0.449581	0	0	0	0	0	0.449581	0.449581	0	0	0	0	0.449581	0.449581	0	0	0	0	0	0.449581	0.449581	0	0	0	0.449581	0.449581	0	0.449581	0.449581	0	0.449581	0.449581	0	0	0	0.449581	0.449581	0	0.449581	0.449581	0	0	0.449581	0.449581	0	0	0	0	0.449581	0.449581	0	0	0
0.449539	0.449539	0	0	0.449539	0.449539	0	0	0	0.449539	0.449539	0.449539	0.449539	0	0.449539	0.449539	0	0	0.449539	0.449539	0	0.449539	0.449539	0.449539	0.449539	0.449539	0.449539	0	0.449539	0.449539	0.449539	0.449539	0.449539	0.449539	0.449539	0.449539	0.449539	0.449539	0	0.449539	0.449539	0.449539	0.899022	0.899022	0.449539	0.449539	0.449539	0	0.449539	0.449539	0.449539	0.899022	0.449539	0.449539	0.449539	0.449539	0.449539	0.449539	0.449539	0.449539	0.449539	0	0.449539	0.899022	0.899022	0.449539	0	0	0.449539	0.899022	0.449539	0	0.449539	0.449539	0.449539	0.899022	0.449539	0	0.449539	0.449539	0.449539	0.899022	0.449539	0	0	0.449539	0.449539	0.449539	0.449539	0	0.449539	0.449539	0	0	0.449539	0.449539	0.449539	0.449539	0	0	0	0.449539	0.449539	0	0	0	0	0.449539	0.449539	0	0	0	0	0	0	0	0	0.449539	0.449539	0	0	0	0	0	0	0	0	0	0	0	0.449539	0.449539	0	0	0	0	0	0	0	0.449539	0.449539	0	0	0	0	0	0	0	0	0	0	0	0	0	0	0	0	0.449539	0.449539	0	0	0	0	0	0	0	0	0	0	0	0	0	0.449539	0.449539	0	0	0	0	0	0	0	0	0	0	0	0	0	0	0	0	0	0	0.449539	0.449539	0	0	0	0	0	0	0	0	0.449539	0.449539	0	0	0	0	0	0.449539	0.449539	0	0	0	0	0.449539	0.449539	0	0	0	0	0	0.449539	0.449539	0	0	0	0.449539	0.449539	0	0.449539	0.449539	0	0.449539	0.449539	0	0	0	0.449539	0.449539	0	0.449539	0.449539	0	0	0.449539	0.449539	0	0	0	0	0.449539	0.449539	0	0	0
1.06603	1.21021	1.01757	0.898994	1.00507	1.00507	0.898994	0.794619	0.573025	0.65526	0.855813	1.00507	1.00507	0.898994	1.06603	1.28115	1.24112	1.01757	1.06603	1.21021	1.01757	1.06603	1.28115	1.42125	1.42125	1.42125	1.42125	1.34835	1.42125	1.42125	1.42125	1.42125	1.42125	1.42125	1.42125	1.42125	1.49903	1.63587	1.46498	1.42125	1.42125	1.42125	1.62035	1.65883	1.71862	1.85282	1.77636	1.46498	1.42125	1.42125	1.49903	1.8596	1.85282	1.85282	1.85282	1.85282	1.85282	1.85282	1.85282	1.85282	1.85282	1.79755	1.85282	2.00952	2.06523	2.16071	2.13725	1.91311	1.85282	2.00952	1.85282	1.79755	1.85282	1.85282	1.85282	2.06523	2.16071	2.13725	1.99063	1.85282	1.93929	2.27437	2.29095	2.13725	1.91311	1.85282	1.85282	1.85282	1.85282	1.79755	1.85282	1.85282	1.79755	1.79755	1.85282	1.85282	1.93929	2.16071	2.13725	1.91311	1.79755	1.85282	1.85282	1.79755	1.79755	1.79755	1.79755	1.85282	1.85282	1.79755	1.79755	1.79755	1.79755	1.689	1.46498	1.34835	1.34835	1.49903	1.71862	1.79755	1.79755	1.79755	1.79755	1.79755	1.79755	1.79755	1.689	1.46498	1.34835	1.34835	1.49903	1.71862	1.79755	1.79755	1.79755	1.79755	1.689	1.46498	1.34835	1.49903	1.71862	1.79755	1.79755	1.79755	1.689	1.46498	1.34835	1.34835	1.34835	1.34835	1.34835	1.34835	1.34835	1.34835	1.34835	1.34835	1.34835	1.49903	1.71862	1.79755	1.79755	1.79755	1.79755	1.79755	1.79755	1.79755	1.689	1.46498	1.34835	1.34835	1.34835	1.34835	1.49903	1.71862	1.79755	1.79755	1.79755	1.79755	1.79755	1.79755	1.79755	1.689	1.46498	1.34835	1.34835	1.34835	1.34835	1.34835	1.34835	1.34835	1.34835	1.34835	1.49903	1.71862	1.79755	1.79755	1.79755	1.689	1.46498	1.34835	1.34835	1.34835	1.49903	1.71862	1.79755	1.79755	1.689	1.46498	1.34835	1.49903	1.71862	1.689	1.46498	1.34835	1.34835	1.49903	1.63587	1.46498	1.34835	1.34835	1.34835	1.24112	1.21021	1.28115	1.34835	1.34835	1.34835	1.49903	1.71862	1.689	1.63587	1.71862	1.79755	1.85282	1.85282	1.79755	1.689	1.46498	1.49903	1.71862	1.79755	1.93929	2.07134	1.91311	1.79755	1.93929	2.16071	2.24652	2.13725	1.91311	1.79755	1.85282	1.85282	1.79755	1.79755	1.79755
1.01747	1.2101	1.06593	0.898909	1.00497	1.00497	0.898909	0.855732	0.655199	0.572971	0.794544	1.00497	1.00497	0.898909	1.01747	1.241	1.28103	1.06593	1.01747	1.2101	1.06593	1.01747	1.241	1.42111	1.42111	1.42111	1.42111	1.34823	1.42111	1.42111	1.42111	1.42111	1.42111	1.42111	1.42111	1.42111	1.46484	1.63572	1.49889	1.42111	1.42111	1.42111	1.62019	1.56477	1.68884	1.85265	1.85942	1.49889	1.42111	1.42111	1.46484	1.77619	1.85265	1.85265	1.85265	1.85265	1.85265	1.85265	1.85265	1.85265	1.85265	1.79738	1.85265	2.00933	1.99044	2.13705	2.16051	1.93911	1.85265	2.00933	1.85265	1.79738	1.85265	1.85265	1.85265	1.99044	2.13705	2.16051	2.06503	1.85265	1.91293	2.20667	2.29074	2.16051	1.93911	1.85265	1.85265	1.85265	1.85265	1.79738	1.85265	1.85265	1.79738	1.79738	1.85265	1.85265	1.91293	2.13705	2.16051	1.93911	1.79738	1.85265	1.85265	1.79738	1.79738	1.79738	1.79738	1.85265	1.85265	1.79738	1.79738	1.79738	1.79738	1.71845	1.49889	1.34823	1.34823	1.46484	1.68884	1.79738	1.79738	1.79738	1.79738	1.79738	1.79738	1.79738	1.71845	1.49889	1.34823	1.34823	1.46484	1.68884	1.79738	1.79738	1.79738	1.79738	1.71845	1.49889	1.34823	1.46484	1.68884	1.79738	1.79738	1.79738	1.71845	1.49889	1.34823	1.34823	1.34823	1.34823	1.34823	1.34823	1.34823	1.34823	1.34823	1.34823	1.34823	1.46484	1.68884	1.79738	1.79738	1.79738	1.79738	1.79738	1.79738	1.79738	1.71845	1.49889	1.34823	1.34823	1.34823	1.34823	1.46484	1.68884	1.79738	1.79738	1.79738	1.79738	1.79738	1.79738	1.79738	1.71845	1.49889	1.34823	1.34823	1.34823	1.34823	1.34823	1.34823	1.34823	1.34823	1.34823	1.46484	1.68884	1.79738	1.79738	1.79738	1.71845	1.49889	1.34823	1.34823	1.34823	1.46484	1.68884	1.79738	1.79738	1.71845	1.49889	1.34823	1.46484	1.68884	1.71845	1.49889	1.34823	1.34823	1.46484	1.63572	1.49889	1.34823	1.34823	1.34823	1.28103	1.2101	1.241	1.34823	1.34823	1.34823	1.46484	1.68884	1.71845	1.63572	1.68884	1.79738	1.85265	1.85265	1.79738	1.71845	1.49889	1.46484	1.68884	1.79738	1.91293	2.07114	1.93911	1.79738	1.91293	2.13705	2.24631	2.16051	1.93911	1.79738	1.85265	1.85265	1.79738	1.79738	1.79738
0	0.449405	0.449405	0	0.449405	0.449405	0	0.449405	0.449405	0	0	0.449405	0.449405	0	0	0	0.449405	0.449405	0	0.449405	0.449405	0	0	0.449405	0.449405	0.449405	0.449405	0	0.449405	0.449405	0.449405	0.449405	0.449405	0.449405	0.449405	0.449405	0	0.449405	0.449405	0.449405	0.449405	0.449405	0.898754	0.449405	0	0.449405	0.898754	0.449405	0.449405	0.449405	0	0.449405	0.449405	0.449405	0.449405	0.449405	0.449405	0.449405	0.449405	0.449405	0.449405	0	0.449405	0.898754	0.449405	0	0.449405	0.449405	0.449405	0.898754	0.449405	0	0.449405	0.449405	0.449405	0.449405	0	0.449405	0.898754	0.449405	0	0.449405	0.449405	0.449405	0.449405	0.449405	0.449405	0.449405	0.449405	0	0.449405	0.449405	0	0	0.449405	0.449405	0	0	0.449405	0.449405	0	0.449405	0.449405	0	0	0	0	0.449405	0.449405	0	0	0	0	0.449405	0.449405	0	0	0	0	0	0	0	0	0	0	0	0.449405	0.449405	0	0	0	0	0	0	0	0	0.449405	0.449405	0	0	0	0	0	0	0.449405	0.449405	0	0	0	0	0	0	0	0	0	0	0	0	0	0	0	0	0	0	0	0	0.449405	0.449405	0	0	0	0	0	0	0	0	0	0	0	0	0	0.449405	0.449405	0	0	0	0	0	0	0	0	0	0	0	0	0	0	0.449405	0.449405	0	0	0	0	0	0	0	0.449405	0.449405	0	0	0	0.449405	0.449405	0	0	0	0.449405	0.449405	0	0	0	0.449405	0.449405	0	0	0	0	0	0	0.449405	0.449405	0	0	0.449405	0.449405	0	0.449405	0.449405	0	0	0	0	0.449405	0.449405	0	0	0	0	0.449405	0.449405	0	0.449405	0.449405	0	0	0
0	0.449362	0.449362	0	0.449362	0.449362	0	0.449362	0.449362	0	0	0.449362	0.449362	0	0	0	0.449362	0.449362	0	0.449362	0.449362	0	0	0.449362	0.449362	0.449362	0.449362	0	0.449362	0.449362	0.449362	0.449362	0.449362	0.449362	0.449362	0.449362	0	0.449362	0.449362	0.449362	0.449362	0.449362	0.89867	0.449362	0	0.449362	0.89867	0.449362	0.449362	0.449362	0	0.449362	0.449362	0.449362	0.449362	0.449362	0.449362	0.449362	0.449362	0.449362	0.449362	0	0.449362	0.89867	0.449362	0	0.449362	0.449362	0.449362	0.89867	0.449362	0	0.449362	0.449362	0.449362	0.449362	0	0.449362	0.89867	0.449362	0	0.449362	0.449362	0.449362	0.449362	0.449362	0.449362	0.449362	0.449362	0	0.449362	0.449362	0	0	0.449362	0.449362	0	0	0.449362	0.449362	0	0.449362	0.449362	0	0	0	0	0.449362	0.449362	0	0	0	0	0.449362	0.449362	0	0	0	0	0	0	0	0	0	0	0	0.449362	0.449362	0	0	0	0	0	0	0	0	0.449362	0.449362	0	0	0	0	0	0	0.449362	0.449362	0	0	0	0	0	0	0	0	0	0	0	0	0	0	0	0	0	0	0	0	0.449362	0.449362	0	0	0	0	0	0	0	0	0	0	0	0	0	0.449362	0.449362	0	0	0	0	0	0	0	0	0	0	0	0	0	0	0.449362	0.449362	0	0	0	0	0	0	0	0.449362	0.449362	0	0	0	0.449362	0.449362	0	0	0	0.449362	0.449362	0	0	0	0.449362	0.449362	0	0	0	0	0	0	0.449362	0.449362	0	0	0.449362	0.449362	0	0.449362	0.449362	0	0	0	0	0.449362	0.449362	0	0	0	0	0.449362	0.449362	0	0.449362	0.449362	0	0	0
0	0.44932	0.44932	0	0.44932	0.44932	0	0.44932	0.44932	0	0	0.44932	0.44932	0	0	0	0.44932	0.44932	0	0.44932	0.44932	0	0	0.44932	0.44932	0.44932	0.44932	0	0.44932	0.44932	0.44932	0.44932	0.44932	0.44932	0.44932	0.44932	0	0.44932	0.44932	0.44932	0.44932	0.44932	0.898585	0.44932	0	0.44932	0.898585	0.44932	0.44932	0.44932	0	0.44932	0.44932	0.44932	0.44932	0.44932	0.44932	0.44932	0.44932	0.44932	0.44932	0	0.44932	0.898585	0.44932	0	0.44932	0.44932	0.44932	0.898585	0.44932	0	0.44932	0.44932	0.44932	0.44932	0	0.44932	0.898585	0.44932	0	0.44932	0.44932	0.44932	0.44932	0.44932	0.44932	0.44932	0.44932	0	0.44932	0.44932	0	0	0.44932	0.44932	0	0	0.44932	0.44932	0	0.44932	0.44932	0	0	0	0	0.44932	0.44932	0	0	0	0	0.44932	0.44932	0	0	0	0	0	0	0	0	0	0	0	0.44932	0.44932	0	0	0	0	0	0	0	0	0.44932	0.44932	0	0	0	0	0	0	0.44932	0.44932	0	0	0	0	0	0	0	0	0	0	0	0	0	0	0	0	0	0	0	0	0.44932	0.44932	0	0	0	0	0	0	0	0	0	0	0	0	0	0.44932	0.44932	0	0	0	0	0	0	0	0	0	0	0	0	0	0	0.44932	0.44932	0	0	0	0	0	0	0	0.44932	0.44932	0	0	0	0.44932	0.44932	0	0	0	0.44932	0.44932	0	0	0	0.44932	0.44932	0	0	0	0	0	0	0.44932	0.44932	0	0	0.44932	0.44932	0	0.44932	0.44932	0	0	0	0	0.44932	0.44932	0	0	0	0	0.44932	0.44932	0	0.44932	0.44932	0	0	0
0	0.449278	0.449278	0	0.449278	0.449278	0	0.449278	0.449278	0	0	0.449278	0.449278	0	0	0	0.449278	0.449278	0	0.449278	0.449278	0	0	0.449278	0.449278	0.449278	0.449278	0	0.449278	0.449278	0.449278	0.449278	0.449278	0.449278	0.449278	0.449278	0	0.449278	0.449278	0.449278	0.449278	0.449278	0.8985	0.449278	0	0.449278	0.8985	0.449278	0.449278	0.449278	0	0.449278	0.449278	0.449278	0.449278	0.449278	0.449278	0.449278	0.449278	0.449278	0.449278	0	0.449278	0.8985	0.449278	0	0.449278	0.449278	0.449278	0.8985	0.449278	0	0.449278	0.449278	0.449278	0.449278	0	0.449278	0.8985	0.449278	0	0.449278	0.449278	0.449278	0.449278	0.449278	0.449278	0.449278	0.449278	0	0.449278	0.449278	0	0	0.449278	0.449278	0	0	0.449278	0.449278	0	0.449278	0.449278	0	0	0	0	0.449278	0.449278	0	0	0	0	0.449278	0.449278	0	0	0	0	0	0	0	0	0	0	0	0.449278	0.449278	0	0	0	0	0	0	0	0	0.449278	0.449278	0	0	0	0	0	0	0.449278	0.449278	0	0	0	0	0	0	0	0	0	0	0	0	0	0	0	0	0	0	0	0	0.449278	0.449278	0	0	0	0	0	0	0	0	0	0	0	0	0	0.449278	0.449278	0	0	0	0	0	0	0	0	0	0	0	0	0	0	0.449278	0.449278	0	0	0	0	0	0	0	0.449278	0.449278	0	0	0	0.449278	0.449278	0	0	0	0.449278	0.449278	0	0	0	0.449278	0.449278	0	0	0	0	0	0	0.449278	0.449278	0	0	0.449278	0.449278	0	0.449278	0.449278	0	0	0	0	0.449278	0.449278	0	0	0	0	0.449278	0.449278	0	0.449278	0.449278	0	0	0
0	0.449236	0.449236	0	0.449236	0.449236	0	0.449236	0.449236	0	0	0.449236	0.449236	0	0	0	0.449236	0.449236	0	0.449236	0.449236	0	0	0.449236	0.449236	0.449236	0.449236	0	0.449236	0.449236	0.449236	0.449236	0.449236	0.449236	0.449236	0.449236	0	0.449236	0.449236	0.449236	0.449236	0.449236	0.898416	0.449236	0	0.449236	0.898416	0.449236	0.449236	0.449236	0	0.449236	0.449236	0.449236	0.449236	0.449236	0.449236	0.449236	0.449236	0.449236	0.449236	0	0.449236	0.898416	0.449236	0	0.449236	0.449236	0.449236	0.898416	0.449236	0	0.449236	0.449236	0.449236	0.449236	0	0.449236	0.898416	0.449236	0	0.449236	0.449236	0.449236	0.449236	0.449236	0.449236	0.449236	0.449236	0	0.449236	0.449236	0	0	0.449236	0.449236	0	0	0.449236	0.449236	0	0.449236	0.449236	0	0	0	0	0.449236	0.449236	0	0	0	0	0.449236	0.449236	0	0	0	0	0	0	0	0	0	0	0	0.449236	0.449236	0	0	0	0	0	0	0	0	0.449236	0.449236	0	0	0	0	0	0	0.449236	0.449236	0	0	0	0	0	0	0	0	0	0	0	0	0	0	0	0	0	0	0	0	0.449236	0.449236	0	0	0	0	0	0	0	0	0	0	0	0	0	0.449236	0.449236	0	0	0	0	0	0	0	0	0	0	0	0	0	0	0.449236	0.449236	0	0	0	0	0	0	0	0.449236	0.449236	0	0	0	0.449236	0.449236	0	0	0	0.449236	0.449236	0	0	0	0.449236	0.449236	0	0	0	0	0	0	0.449236	0.449236	0	0	0.449236	0.449236	0	0.449236	0.449236	0	0	0	0	0.449236	0.449236	0	0	0	0	0.449236	0.449236	0	0.449236	0.449236	0	0	0
0	0.449193	0.449193	0	0.449193	0.449193	0	0.449193	0.449193	0	0	0.449193	0.449193	0	0	0	0.449193	0.449193	0	0.449193	0.449193	0	0	0.449193	0.449193	0.449193	0.449193	0	0.449193	0.449193	0.449193	0.449193	0.449193	0.449193	0.449193	0.449193	0	0.449193	0.449193	0.449193	0.449193	0.449193	0.898331	0.449193	0	0.449193	0.898331	0.449193	0.449193	0.449193	0	0.449193	0.449193	0.449193	0.449193	0.449193	0.449193	0.449193	0.449193	0.449193	0.449193	0	0.449193	0.898331	0.449193	0	0.449193	0.449193	0.449193	0.898331	0.449193	0	0.449193	0.449193	0.449193	0.449193	0	0.449193	0.898331	0.449193	0	0.449193	0.449193	0.449193	0.449193	0.449193	0.449193	0.449193	0.449193	0	0.449193	0.449193	0	0	0.449193	0.449193	0	0	0.449193	0.449193	0	0.449193	0.449193	0	0	0	0	0.449193	0.449193	0	0	0	0	0.449193	0.449193	0	0	0	0	0	0	0	0	0	0	0	0.449193	0.449193	0	0	0	0	0	0	0	0	0.449193	0.449193	0	0	0	0	0	0	0.449193	0.449193	0	0	0	0	0	0	0	0	0	0	0	0	0	0	0	0	0	0	0	0	0.449193	0.449193	0	0	0	0	0	0	0	0	0	0	0	0	0	0.449193	0.449193	0	0	0	0	0	0	0	0	0	0	0	0	0	0	0.449193	0.449193	0	0	0	0	0	0	0	0.449193	0.449193	0	0	0	0.449193	0.449193	0	0	0	0.449193	0.449193	0	0	0	0.449193	0.449193	0	0	0	0	0	0	0.449193	0.449193	0	0	0.449193	0.449193	0	0.449193	0.449193	0	0	0	0	0.449193	0.449193	0	0	0	0	0.449193	0.449193	0	0.449193	0.449193	0	0	0
0	0.449151	0.449151	0	0.449151	0.449151	0	0.449151	0.449151	0	0	0.449151	0.449151	0	0	0	0.449151	0.449151	0	0.449151	0.449151	0	0	0.449151	0.449151	0.449151	0.449151	0	0.449151	0.449151	0.449151	0.449151	0.449151	0.449151	0.449151	0.449151	0	0.449151	0.449151	0.449151	0.449151	0.449151	0.898247	0.449151	0	0.449151	0.898247	0.449151	0.449151	0.449151	0	0.449151	0.449151	0.449151	0.449151	0.449151	0.449151	0.449151	0.449151	0.449151	0.449151	0	0.449151	0.898247	0.449151	0	0.449151	0.449151	0.449151	0.898247	0.449151	0	0.449151	0.449151	0.449151	0.449151	0	0.449151	0.898247	0.449151	0	0.449151	0.449151	0.449151	0.449151	0.449151	0.449151	0.449151	0.449151	0	0.449151	0.449151	0	0	0.449151	0.449151	0	0	0.449151	0.449151	0	0.449151	0.449151	0	0	0	0	0.449151	0.449151	0	0	0	0	0.449151	0.449151	0	0	0	0	0	0	0	0	0	0	0	0.449151	0.449151	0	0	0	0	0	0	0	0	0.449151	0.449151	0	0	0	0	0	0	0.449151	0.449151	0	0	0	0	0	0	0	0	0	0	0	0	0	0	0	0	0	0	0	0	0.449151	0.449151	0	0	0	0	0	0	0	0	0	0	0	0	0	0.449151	0.449151	0	0	0	0	0	0	0	0	0	0	0	0	0	0	0.449151	0.449151	0	0	0	0	0	0	0	0.449151	0.449151	0	0	0	0.449151	0.449151	0	0	0	0.449151	0.449151	0	0	0	0.449151	0.449151	0	0	0	0	0	0	0.449151	0.449151	0	0	0.449151	0.449151	0	0.449151	0.449151	0	0	0	0	0.449151	0.449151	0	0	0	0	0.449151	0.449151	0	0.449151	0.449151	0	0	0
0	0.449109	0.449109	0	0.449109	0.449109	0	0.449109	0.449109	0	0	0.449109	0.449109	0	0	0	0.449109	0.449109	0	0.449109	0.449109	0	0	0.449109	0.449109	0.449109	0.449109	0	0.449109	0.449109	0.449109	0.449109	0.449109	0.449109	0.449109	0.449109	0	0.449109	0.449109	0.449109	0.449109	0.449109	0.898162	0.449109	0	0.449109	0.898162	0.449109	0.449109	0.449109	0	0.449109	0.449109	0.449109	0.449109	0.449109	0.449109	0.449109	0.449109	0.449109	0.449109	0	0.449109	0.898162	0.449109	0	0.449109	0.449109	0.449109	0.898162	0.449109	0	0.449109	0.449109	0.449109	0.449109	0	0.449109	0.898162	0.449109	0	0.449109	0.449109	0.449109	0.449109	0.449109	0.449109	0.449109	0.449109	0	0.449109	0.449109	0	0	0.449109	0.449109	0	0	0.449109	0.449109	0	0.449109	0.449109	0	0	0	0	0.449109	0.449109	0	0	0	0	0.449109	0.449109	0	0	0	0	0	0	0	0	0	0	0	0.449109	0.449109	0	0	0	0	0	0	0	0	0.449109	0.449109	0	0	0	0	0	0	0.449109	0.449109	0	0	0	0	0	0	0	0	0	0	0	0	0	0	0	0	0	0	0	0	0.449109	0.449109	0	0	0	0	0	0	0	0	0	0	0	0	0	0.449109	0.449109	0	0	0	0	0	0	0	0	0	0	0	0	0	0	0.449109	0.449109	0	0	0	0	0	0	0	0.449109	0.449109	0	0	0	0.449109	0.449109	0	0	0	0.449109	0.449109	0	0	0	0.449109	0.449109	0	0	0	0	0	0	0.449109	0.449109	0	0	0.449109	0.449109	0	0.449109	0.449109	0	0	0	0	0.449109	0.449109	0	0	0	0	0.449109	0.449109	0	0.449109	0.449109	0	0	0
1.34706	1.41989	1.41989	1.34706	1.4976	1.63431	1.46358	1.4976	1.71697	1.68739	1.46358	1.4976	1.71697	1.68739	1.46358	1.34706	1.4976	1.71697	1.68739	1.63431	1.71697	1.79583	1.68739	1.63431	1.71697	1.85105	1.85105	1.68739	1.63431	1.71697	1.85105	1.85105	1.77466	1.56342	1.41989	1.41989	1.34706	1.41989	1.41989	1.41989	1.41989	1.4976	1.85783	1.85105	1.79583	1.85105	2.00761	1.85105	1.93744	2.15865	2.13521	1.98873	1.85105	1.93744	2.06936	1.98873	1.85105	1.93744	2.15865	2.28877	2.20478	1.91128	1.93744	2.27221	2.20478	1.91128	1.93744	2.15865	2.28877	2.41704	2.28877	2.24437	2.28877	2.28877	2.28877	2.28877	2.24437	2.28877	2.41704	2.28877	2.24437	2.28877	2.28877	2.38036	2.60243	2.72972	2.72972	2.82474	3.04723	3.0307	2.9509	3.04723	3.0307	2.8069	2.82474	2.9509	2.8069	2.69264	2.82474	2.9509	2.8069	2.82474	3.04723	3.14058	3.0307	2.8069	2.69264	2.82474	3.04723	3.14058	3.0307	2.8069	2.69264	2.82474	3.04723	3.0307	2.8069	2.69264	2.69264	2.69264	2.69264	2.58304	2.35913	2.24437	2.24437	2.24437	2.38036	2.60243	2.58304	2.35913	2.24437	2.24437	2.24437	2.24437	2.24437	2.24437	2.28877	2.28877	2.24437	2.24437	2.24437	2.24437	2.24437	2.24437	2.38036	2.60243	2.69264	2.69264	2.69264	2.58304	2.35913	2.24437	2.24437	2.24437	2.24437	2.24437	2.24437	2.24437	2.24437	2.24437	2.24437	2.24437	2.24437	2.24437	2.24437	2.24437	2.28877	2.28877	2.24437	2.24437	2.24437	2.24437	2.24437	2.24437	2.24437	2.24437	2.24437	2.24437	2.24437	2.24437	2.24437	2.38036	2.60243	2.69264	2.58304	2.35913	2.24437	2.24437	2.24437	2.24437	2.24437	2.24437	2.24437	2.13521	1.91128	1.79583	1.79583	1.93744	2.15865	2.24437	2.24437	2.24437	2.13521	1.91128	1.79583	1.79583	1.93744	2.15865	2.24437	2.24437	2.24437	2.28877	2.28877	2.24437	2.24437	2.24437	2.28877	2.28877	2.24437	2.24437	2.24437	2.28877	2.28877	2.24437	2.24437	2.13521	1.91128	1.79583	1.79583	1.93744	2.15865	2.24437	2.24437	2.28877	2.28877	2.24437	2.38036	2.60243	2.69264	2.58304	2.35913	2.24437	2.38036	2.50896	2.35913	2.24437	2.24437	2.24437	2.28877	2.28877	2.24437	2.28877	2.28877	2.24437	2.24437	2.24437
1.34694	1.41976	1.41976	1.34694	1.46344	1.63416	1.49746	1.46344	1.68723	1.71681	1.49746	1.46344	1.68723	1.71681	1.49746	1.34694	1.46344	1.68723	1.71681	1.63416	1.68723	1.79566	1.71681	1.63416	1.68723	1.85088	1.85088	1.71681	1.63416	1.68723	1.85088	1.85088	1.85765	1.65709	1.41976	1.41976	1.34694	1.41976	1.41976	1.41976	1.41976	1.46344	1.77449	1.85088	1.79566	1.85088	2.00742	1.85088	1.9111	2.13501	2.15844	2.06306	1.85088	1.9111	2.06917	2.06306	1.85088	1.9111	2.13501	2.28855	2.27199	1.93726	1.9111	2.20457	2.27199	1.93726	1.9111	2.13501	2.28855	2.41682	2.28855	2.24416	2.28855	2.28855	2.28855	2.28855	2.24416	2.28855	2.41682	2.28855	2.24416	2.28855	2.28855	2.35891	2.58279	2.72946	2.72946	2.80663	3.03042	3.04694	2.95063	3.03042	3.04694	2.82448	2.80663	2.95063	2.82448	2.69239	2.80663	2.95063	2.82448	2.80663	3.03042	3.14028	3.04694	2.82448	2.69239	2.80663	3.03042	3.14028	3.04694	2.82448	2.69239	2.80663	3.03042	3.04694	2.82448	2.69239	2.69239	2.69239	2.69239	2.60218	2.38014	2.24416	2.24416	2.24416	2.35891	2.58279	2.60218	2.38014	2.24416	2.24416	2.24416	2.24416	2.24416	2.24416	2.28855	2.28855	2.24416	2.24416	2.24416	2.24416	2.24416	2.24416	2.35891	2.58279	2.69239	2.69239	2.69239	2.60218	2.38014	2.24416	2.24416	2.24416	2.24416	2.24416	2.24416	2.24416	2.24416	2.24416	2.24416	2.24416	2.24416	2.24416	2.24416	2.24416	2.28855	2.28855	2.24416	2.24416	2.24416	2.24416	2.24416	2.24416	2.24416	2.24416	2.24416	2.24416	2.24416	2.24416	2.24416	2.35891	2.58279	2.69239	2.60218	2.38014	2.24416	2.24416	2.24416	2.24416	2.24416	2.24416	2.24416	2.15844	1.93726	1.79566	1.79566	1.9111	2.13501	2.24416	2.24416	2.24416	2.15844	1.93726	1.79566	1.79566	1.9111	2.13501	2.24416	2.24416	2.24416	2.28855	2.28855	2.24416	2.24416	2.24416	2.28855	2.28855	2.24416	2.24416	2.24416	2.28855	2.28855	2.24416	2.24416	2.15844	1.93726	1.79566	1.79566	1.9111	2.13501	2.24416	2.24416	2.28855	2.28855	2.24416	2.35891	2.58279	2.69239	2.60218	2.38014	2.24416	2.35891	2.50872	2.38014	2.24416	2.24416	2.24416	2.28855	2.28855	2.24416	2.28855	2.28855	2.24416	2.24416	2.24416
0	0.448982	0.448982	0	0	0.448982	0.448982	0	0	0.448982	0.448982	0	0	0.448982	0.448982	0	0	0	0.448982	0.448982	0	0	0.448982	0.448982	0	0.448982	0.448982	0.448982	0.448982	0	0.448982	0.448982	0.897909	0.897909	0.448982	0.448982	0	0.448982	0.448982	0.448982	0.448982	0	0.448982	0.448982	0	0.448982	0.897909	0.448982	0	0	0.448982	0.897909	0.448982	0	0.448982	0.897909	0.448982	0	0	0.448982	0.897909	0.448982	0	0.448982	0.897909	0.448982	0	0	0.448982	0.897909	0.448982	0	0.448982	0.448982	0.448982	0.448982	0	0.448982	0.897909	0.448982	0	0.448982	0.448982	0	0	0.448982	0.448982	0	0	0.448982	0.448982	0	0.448982	0.448982	0	0.448982	0.448982	0	0	0.448982	0.448982	0	0	0	0.448982	0.448982	0	0	0	0	0.448982	0.448982	0	0	0	0.448982	0.448982	0	0	0	0	0.448982	0.448982	0	0	0	0	0	0.448982	0.448982	0	0	0	0	0	0	0.448982	0.448982	0	0	0	0	0	0	0	0	0	0	0	0.448982	0.448982	0	0	0	0	0	0	0	0	0	0	0	0	0	0	0	0.448982	0.448982	0	0	0	0	0	0	0	0	0	0	0	0	0	0	0	0	0.448982	0.448982	0	0	0	0	0	0	0	0.448982	0.448982	0	0	0	0	0	0	0	0.448982	0.448982	0	0	0	0	0	0	0	0.448982	0.448982	0	0	0	0.448982	0.448982	0	0	0	0.448982	0.448982	0	0	0.448982	0.448982	0	0	0	0	0	0	0.448982	0.448982	0	0	0	0	0.448982	0.448982	0	0	0.448982	0.448982	0	0	0	0.448982	0.448982	0	0.448982	0.448982	0	0	0
0	0.448933	0.448933	0	0	0.448933	0.448933	0	0	0.448933	0.448933	0	0	0.448933	0.448933	0	0	0	0.448933	0.448933	0	0	0.448933	0.448933	0	0.448933	0.448933	0.448933	0.448933	0	0.448933	0.448933	0.897811	0.897811	0.448933	0.448933	0	0.448933	0.448933	0.448933	0.448933	0	0.448933	0.448933	0	0.448933	0.897811	0.448933	0	0	0.448933	0.897811	0.448933	0	0.448933	0.897811	0.448933	0	0	0.448933	0.897811	0.448933	0	0.448933	0.897811	0.448933	0	0	0.448933	0.897811	0.448933	0	0.448933	0.448933	0.448933	0.448933	0	0.448933	0.897811	0.448933	0	0.448933	0.448933	0	0	0.448933	0.448933	0	0	0.448933	0.448933	0	0.448933	0.448933	0	0.448933	0.448933	0	0	0.448933	0.448933	0	0	0	0.448933	0.448933	0	0	0	0	0.448933	0.448933	0	0	0	0.448933	0.448933	0	0	0	0	0.448933	0.448933	0	0	0	0	0	0.448933	0.448933	0	0	0	0	0	0	0.448933	0.448933	0	0	0	0	0	0	0	0	0	0	0	0.448933	0.448933	0	0	0	0	0	0	0	0	0	0	0	0	0	0	0	0.448933	0.448933	0	0	0	0	0	0	0	0	0	0	0	0	0	0	0	0	0.448933	0.448933	0	0	0	0	0	0	0	0.448933	0.448933	0	0	0	0	0	0	0	0.448933	0.448933	0	0	0	0	0	0	0	0.448933	0.448933	0	0	0	0.448933	0.448933	0	0	0	0.448933	0.448933	0	0	0.448933	0.448933	0	0	0	0	0	0	0.448933	0.448933	0	0	0	0	0.448933	0.448933	0	0	0.448933	0.448933	0	0	0	0.448933	0.448933	0	0.448933	0.448933	0	0	0
0	0.448891	0.448891	0	0	0.448891	0.448891	0	0	0.448891	0.448891	0	0	0.448891	0.448891	0	0	0	0.448891	0.448891	0	0	0.448891	0.448891	0	0.448891	0.448891	0.448891	0.448891	0	0.448891	0.448891	0.897726	0.897726	0.448891	0.448891	0	0.448891	0.448891	0.448891	0.448891	0	0.448891	0.448891	0	0.448891	0.897726	0.448891	0	0	0.448891	0.897726	0.448891	0	0.448891	0.897726	0.448891	0	0	0.448891	0.897726	0.448891	0	0.448891	0.897726	0.448891	0	0	0.448891	0.897726	0.448891	0	0.448891	0.448891	0.448891	0.448891	0	0.448891	0.897726	0.448891	0	0.448891	0.448891	0	0	0.448891	0.448891	0	0	0.448891	0.448891	0	0.448891	0.448891	0	0.448891	0.448891	0	0	0.448891	0.448891	0	0	0	0.448891	0.448891	0	0	0	0	0.448891	0.448891	0	0	0	0.448891	0.448891	0	0	0	0	0.448891	0.448891	0	0	0	0	0	0.448891	0.448891	0	0	0	0	0	0	0.448891	0.448891	0	0	0	0	0	0	0	0	0	0	0	0.448891	0.448891	0	0	0	0	0	0	0	0	0	0	0	0	0	0	0	0.448891	0.448891	0	0	0	0	0	0	0	0	0	0	0	0	0	0	0	0	0.448891	0.448891	0	0	0	0	0	0	0	0.448891	0.448891	0	0	0	0	0	0	0	0.448891	0.448891	0	0	0	0	0	0	0	0.448891	0.448891	0	0	0	0.448891	0.448891	0	0	0	0.448891	0.448891	0	0	0.448891	0.448891	0	0	0	0	0	0	0.448891	0.448891	0	0	0	0	0.448891	0.448891	0	0	0.448891	0.448891	0	0	0	0.448891	0.448891	0	0.448891	0.448891	0	0	0
1.6866	1.63354	1.71617	1.79498	1.6866	1.63354	1.71617	1.79498	1.79498	1.85018	1.85018	1.79498	1.79498	1.85018	1.85018	1.79498	1.79498	1.79498	1.85018	1.85018	1.79498	1.6866	1.63354	1.63354	1.46289	1.4969	1.71617	1.85018	1.85018	1.79498	1.85018	1.85018	2.06228	2.27114	2.28769	2.28769	2.1342	2.06839	2.15763	2.28769	2.28769	2.24332	2.28769	2.20374	1.91038	1.93653	2.27114	2.28769	2.1342	1.91038	1.93653	2.27114	2.28769	2.1342	2.06839	2.27114	2.28769	2.1342	1.91038	1.93653	2.27114	2.28769	2.1342	2.06839	2.27114	2.28769	2.24332	2.24332	2.28769	2.4159	2.28769	2.24332	2.28769	2.28769	2.37924	2.50778	2.35803	2.37924	2.69602	2.72844	2.69138	2.72844	2.72844	2.69138	2.69138	2.72844	2.72844	2.69138	2.69138	2.72844	2.72844	2.69138	2.82342	3.0458	3.02928	2.94952	2.94952	2.80558	2.69138	2.82342	3.0458	3.02928	2.80558	2.69138	2.82342	3.0458	3.02928	2.80558	2.69138	2.69138	2.82342	3.0458	3.02928	2.80558	2.69138	2.82342	3.0458	3.02928	2.80558	2.69138	2.69138	2.82342	2.94952	2.80558	2.69138	2.69138	2.58182	2.35803	2.37924	2.60121	2.69138	2.69138	2.69138	2.58182	2.35803	2.24332	2.37924	2.60121	2.69138	2.58182	2.35803	2.24332	2.24332	2.24332	2.24332	2.24332	2.24332	2.24332	2.24332	2.28769	2.28769	2.24332	2.24332	2.24332	2.24332	2.24332	2.24332	2.24332	2.24332	2.24332	2.1342	1.91038	1.79498	1.79498	1.79498	1.79498	1.93653	2.15763	2.24332	2.24332	2.24332	2.24332	2.24332	2.24332	2.24332	2.24332	2.24332	2.24332	2.24332	2.1342	1.91038	1.79498	1.79498	1.79498	1.93653	2.15763	2.24332	2.24332	2.24332	2.24332	2.24332	2.24332	2.1342	2.06839	2.15763	2.24332	2.24332	2.24332	2.1342	1.91038	1.79498	1.79498	1.93653	2.15763	2.24332	2.24332	2.1342	1.91038	1.79498	1.79498	1.79498	1.93653	2.15763	2.24332	2.24332	2.1342	2.06839	2.15763	2.24332	2.24332	2.1342	2.06839	2.15763	2.24332	2.24332	2.37924	2.60121	2.58182	2.35803	2.24332	2.24332	2.24332	2.24332	2.37924	2.60121	2.69138	2.58182	2.35803	2.24332	2.37924	2.60121	2.58182	2.35803	2.37924	2.60121	2.69138	2.69138	2.58182	2.50778	2.60121	2.58182	2.50778	2.50778	2.35803	2.24332	2.24332
1.71601	1.63339	1.68644	1.79482	1.71601	1.63339	1.68644	1.79482	1.79482	1.85001	1.85001	1.79482	1.79482	1.85001	1.85001	1.79482	1.79482	1.79482	1.85001	1.85001	1.79482	1.71601	1.63339	1.63339	1.49676	1.46276	1.68644	1.85001	1.85001	1.79482	1.85001	1.85001	1.9876	2.20353	2.28747	2.28747	2.15743	2.06819	2.134	2.28747	2.28747	2.24311	2.28747	2.27092	1.93635	1.9102	2.20353	2.28747	2.15743	1.93635	1.9102	2.20353	2.28747	2.15743	2.06819	2.20353	2.28747	2.15743	1.93635	1.9102	2.20353	2.28747	2.15743	2.06819	2.20353	2.28747	2.24311	2.24311	2.28747	2.41568	2.28747	2.24311	2.28747	2.28747	2.3578	2.50754	2.37902	2.3578	2.63929	2.72818	2.69112	2.72818	2.72818	2.69112	2.69112	2.72818	2.72818	2.69112	2.69112	2.72818	2.72818	2.69112	2.80532	3.02899	3.04551	2.94924	2.94924	2.82315	2.69112	2.80532	3.02899	3.04551	2.82315	2.69112	2.80532	3.02899	3.04551	2.82315	2.69112	2.69112	2.80532	3.02899	3.04551	2.82315	2.69112	2.80532	3.02899	3.04551	2.82315	2.69112	2.69112	2.80532	2.94924	2.82315	2.69112	2.69112	2.60096	2.37902	2.3578	2.58158	2.69112	2.69112	2.69112	2.60096	2.37902	2.24311	2.3578	2.58158	2.69112	2.60096	2.37902	2.24311	2.24311	2.24311	2.24311	2.24311	2.24311	2.24311	2.24311	2.28747	2.28747	2.24311	2.24311	2.24311	2.24311	2.24311	2.24311	2.24311	2.24311	2.24311	2.15743	1.93635	1.79482	1.79482	1.79482	1.79482	1.9102	2.134	2.24311	2.24311	2.24311	2.24311	2.24311	2.24311	2.24311	2.24311	2.24311	2.24311	2.24311	2.15743	1.93635	1.79482	1.79482	1.79482	1.9102	2.134	2.24311	2.24311	2.24311	2.24311	2.24311	2.24311	2.15743	2.06819	2.134	2.24311	2.24311	2.24311	2.15743	1.93635	1.79482	1.79482	1.9102	2.134	2.24311	2.24311	2.15743	1.93635	1.79482	1.79482	1.79482	1.9102	2.134	2.24311	2.24311	2.15743	2.06819	2.134	2.24311	2.24311	2.15743	2.06819	2.134	2.24311	2.24311	2.3578	2.58158	2.60096	2.37902	2.24311	2.24311	2.24311	2.24311	2.3578	2.58158	2.69112	2.60096	2.37902	2.24311	2.3578	2.58158	2.60096	2.37902	2.3578	2.58158	2.69112	2.69112	2.60096	2.50754	2.58158	2.60096	2.50754	2.50754	2.37902	2.24311	2.24311
0.448764	0.448764	0	0	0.448764	0.448764	0	0	0	0.448764	0.448764	0	0	0.448764	0.448764	0	0	0	0.448764	0.448764	0	0.448764	0.448764	0.448764	0.448764	0	0	0.448764	0.448764	0	0.448764	0.448764	0.448764	0.448764	0.448764	0.448764	0.448764	0.448764	0	0.448764	0.448764	0	0.448764	0.897473	0.448764	0	0.448764	0.448764	0.448764	0.448764	0	0.448764	0.448764	0.448764	0.448764	0.448764	0.448764	0.448764	0.448764	0	0.448764	0.448764	0.448764	0.448764	0.448764	0.448764	0	0	0.448764	0.897473	0.448764	0	0.448764	0.448764	0	0.448764	0.448764	0	0.448764	0.448764	0	0.448764	0.448764	0	0	0.448764	0.448764	0	0	0.448764	0.448764	0	0	0	0.448764	0.448764	0.448764	0.448764	0	0	0	0.448764	0.448764	0	0	0	0.448764	0.448764	0	0	0	0	0.448764	0.448764	0	0	0	0.448764	0.448764	0	0	0	0.448764	0.448764	0	0	0.448764	0.448764	0	0	0	0	0	0.448764	0.448764	0	0	0	0	0.448764	0.448764	0	0	0	0	0	0	0	0	0.448764	0.448764	0	0	0	0	0	0	0	0	0	0.448764	0.448764	0	0	0	0	0	0	0	0	0	0	0	0	0	0	0	0	0	0.448764	0.448764	0	0	0	0	0	0	0	0	0	0	0	0.448764	0.448764	0	0	0	0	0.448764	0.448764	0	0	0	0	0	0	0.448764	0.448764	0	0	0	0	0	0	0	0.448764	0.448764	0	0	0	0.448764	0.448764	0	0	0	0	0	0.448764	0.448764	0	0	0	0	0	0	0	0.448764	0.448764	0	0	0	0.448764	0.448764	0	0	0	0	0.448764	0.448764	0	0.448764	0.448764	0.448764	0.448764	0	0
0.448722	0.448722	0	0	0.448722	0.448722	0	0	0	0.448722	0.448722	0	0	0.448722	0.448722	0	0	0	0.448722	0.448722	0	0.448722	0.448722	0.448722	0.448722	0	0	0.448722	0.448722	0	0.448722	0.448722	0.448722	0.448722	0.448722	0.448722	0.448722	0.448722	0	0.448722	0.448722	0	0.448722	0.897389	0.448722	0	0.448722	0.448722	0.448722	0.448722	0	0.448722	0.448722	0.448722	0.448722	0.448722	0.448722	0.448722	0.448722	0	0.448722	0.448722	0.448722	0.448722	0.448722	0.448722	0	0	0.448722	0.897389	0.448722	0	0.448722	0.448722	0	0.448722	0.448722	0	0.448722	0.448722	0	0.448722	0.448722	0	0	0.448722	0.448722	0	0	0.448722	0.448722	0	0	0	0.448722	0.448722	0.448722	0.448722	0	0	0	0.448722	0.448722	0	0	0	0.448722	0.448722	0	0	0	0	0.448722	0.448722	0	0	0	0.448722	0.448722	0	0	0	0.448722	0.448722	0	0	0.448722	0.448722	0	0	0	0	0	0.448722	0.448722	0	0	0	0	0.448722	0.448722	0	0	0	0	0	0	0	0	0.448722	0.448722	0	0	0	0	0	0	0	0	0	0.448722	0.448722	0	0	0	0	0	0	0	0	0	0	0	0	0	0	0	0	0	0.448722	0.448722	0	0	0	0	0	0	0	0	0	0	0	0.448722	0.448722	0	0	0	0	0.448722	0.448722	0	0	0	0	0	0	0.448722	0.448722	0	0	0	0	0	0	0	0.448722	0.448722	0	0	0	0.448722	0.448722	0	0	0	0	0	0.448722	0.448722	0	0	0	0	0	0	0	0.448722	0.448722	0	0	0	0.448722	0.448722	0	0	0	0	0.448722	0.448722	0	0.448722	0.448722	0.448722	0.448722	0	0
0.44868	0.44868	0	0	0.44868	0.44868	0	0	0	0.44868	0.44868	0	0	0.44868	0.44868	0	0	0	0.44868	0.44868	0	0.44868	0.44868	0.44868	0.44868	0	0	0.44868	0.44868	0	0.44868	0.44868	0.44868	0.44868	0.44868	0.44868	0.44868	0.44868	0	0.44868	0.44868	0	0.44868	0.897304	0.44868	0	0.44868	0.44868	0.44868	0.44868	0	0.44868	0.44868	0.44868	0.44868	0.44868	0.44868	0.44868	0.44868	0	0.44868	0.44868	0.44868	0.44868	0.44868	0.44868	0	0	0.44868	0.897304	0.44868	0	0.44868	0.44868	0	0.44868	0.44868	0	0.44868	0.44868	0	0.44868	0.44868	0	0	0.44868	0.44868	0	0	0.44868	0.44868	0	0	0	0.44868	0.44868	0.44868	0.44868	0	0	0	0.44868	0.44868	0	0	0	0.44868	0.44868	0	0	0	0	0.44868	0.44868	0	0	0	0.44868	0.44868	0	0	0	0.44868	0.44868	0	0	0.44868	0.44868	0	0	0	0	0	0.44868	0.44868	0	0	0	0	0.44868	0.44868	0	0	0	0	0	0	0	0	0.44868	0.44868	0	0	0	0	0	0	0	0	0	0.44868	0.44868	0	0	0	0	0	0	0	0	0	0	0	0	0	0	0	0	0	0.44868	0.44868	0	0	0	0	0	0	0	0	0	0	0	0.44868	0.44868	0	0	0	0	0.44868	0.44868	0	0	0	0	0	0	0.44868	0.44868	0	0	0	0	0	0	0	0.44868	0.44868	0	0	0	0.44868	0.44868	0	0	0	0	0	0.44868	0.44868	0	0	0	0	0	0	0	0.44868	0.44868	0	0	0	0.44868	0.44868	0	0	0	0	0.44868	0.44868	0	0.44868	0.44868	0.44868	0.44868	0	0
0.448638	0.448638	0	0	0.448638	0.448638	0	0	0	0.448638	0.448638	0	0	0.448638	0.448638	0	0	0	0.448638	0.448638	0	0.448638	0.448638	0.448638	0.448638	0	0	0.448638	0.448638	0	0.448638	0.448638	0.448638	0.448638	0.448638	0.448638	0.448638	0.448638	0	0.448638	0.448638	0	0.448638	0.89722	0.448638	0	0.448638	0.448638	0.448638	0.448638	0	0.448638	0.448638	0.448638	0.448638	0.448638	0.448638	0.448638	0.448638	0	0.448638	0.448638	0.448638	0.448638	0.448638	0.448638	0	0	0.448638	0.89722	0.448638	0	0.448638	0.448638	0	0.448638	0.448638	0	0.448638	0.448638	0	0.448638	0.448638	0	0	0.448638	0.448638	0	0	0.448638	0.448638	0	0	0	0.448638	0.448638	0.448638	0.448638	0	0	0	0.448638	0.448638	0	0	0	0.448638	0.448638	0	0	0	0	0.448638	0.448638	0	0	0	0.448638	0.448638	0	0	0	0.448638	0.448638	0	0	0.448638	0.448638	0	0	0	0	0	0.448638	0.448638	0	0	0	0	0.448638	0.448638	0	0	0	0	0	0	0	0	0.448638	0.448638	0	0	0	0	0	0	0	0	0	0.448638	0.448638	0	0	0	0	0	0	0	0	0	0	0	0	0	0	0	0	0	0.448638	0.448638	0	0	0	0	0	0	0	0	0	0	0	0.448638	0.448638	0	0	0	0	0.448638	0.448638	0	0	0	0	0	0	0.448638	0.448638	0	0	0	0	0	0	0	0.448638	0.448638	0	0	0	0.448638	0.448638	0	0	0	0	0	0.448638	0.448638	0	0	0	0	0	0	0	0.448638	0.448638	0	0	0	0.448638	0.448638	0	0	0	0	0.448638	0.448638	0	0.448638	0.448638	0.448638	0.448638	0	0
0.448595	0.448595	0	0	0.448595	0.448595	0	0	0	0.448595	0.448595	0	0	0.448595	0.448595	0	0	0	0.448595	0.448595	0	0.448595	0.448595	0.448595	0.448595	0	0	0.448595	0.448595	0	0.448595	0.448595	0.448595	0.448595	0.448595	0.448595	0.448595	0.448595	0	0.448595	0.448595	0	0.448595	0.897136	0.448595	0	0.448595	0.448595	0.448595	0.448595	0	0.448595	0.448595	0.448595	0.448595	0.448595	0.448595	0.448595	0.448595	0	0.448595	0.448595	0.448595	0.448595	0.448595	0.448595	0	0	0.448595	0.897136	0.448595	0	0.448595	0.448595	0	0.448595	0.448595	0	0.448595	0.448595	0	0.448595	0.448595	0	0	0.448595	0.448595	0	0	0.448595	0.448595	0	0	0	0.448595	0.448595	0.448595	0.448595	0	0	0	0.448595	0.448595	0	0	0	0.448595	0.448595	0	0	0	0	0.448595	0.448595	0	0	0	0.448595	0.448595	0	0	0	0.448595	0.448595	0	0	0.448595	0.448595	0	0	0	0	0	0.448595	0.448595	0	0	0	0	0.448595	0.448595	0	0	0	0	0	0	0	0	0.448595	0.448595	0	0	0	0	0	0	0	0	0	0.448595	0.448595	0	0	0	0	0	0	0	0	0	0	0	0	0	0	0	0	0	0.448595	0.448595	0	0	0	0	0	0	0	0	0	0	0	0.448595	0.448595	0	0	0	0	0.448595	0.448595	0	0	0	0	0	0	0.448595	0.448595	0	0	0	0	0	0	0	0.448595	0.448595	0	0	0	0.448595	0.448595	0	0	0	0	0	0.448595	0.448595	0	0	0	0	0	0	0	0.448595	0.448595	0	0	0	0.448595	0.448595	0	0	0	0	0.448595	0.448595	0	0.448595	0.448595	0.448595	0.448595	0	0
0.448553	0.448553	0	0	0.448553	0.448553	0	0	0	0.448553	0.448553	0	0	0.448553	0.448553	0	0	0	0.448553	0.448553	0	0.448553	0.448553	0.448553	0.448553	0	0	0.448553	0.448553	0	0.448553	0.448553	0.448553	0.448553	0.448553	0.448553	0.448553	0.448553	0	0.448553	0.448553	0	0.448553	0.897052	0.448553	0	0.448553	0.448553	0.448553	0.448553	0	0.448553	0.448553	0.448553	0.448553	0.448553	0.448553	0.448553	0.448553	0	0.448553	0.448553	0.448553	0.448553	0.448553	0.448553	0	0	0.448553	0.897052	0.448553	0	0.448553	0.448553	0	0.448553	0.448553	0	0.448553	0.448553	0	0.448553	0.448553	0	0	0.448553	0.448553	0	0	0.448553	0.448553	0	0	0	0.448553	0.448553	0.448553	0.448553	0	0	0	0.448553	0.448553	0	0	0	0.448553	0.448553	0	0	0	0	0.448553	0.448553	0	0	0	0.448553	0.448553	0	0	0	0.448553	0.448553	0	0	0.448553	0.448553	0	0	0	0	0	0.448553	0.448553	0	0	0	0	0.448553	0.448553	0	0	0	0	0	0	0	0	0.448553	0.448553	0	0	0	0	0	0	0	0	0	0.448553	0.448553	0	0	0	0	0	0	0	0	0	0	0	0	0	0	0	0	0	0.448553	0.448553	0	0	0	0	0	0	0	0	0	0	0	0.448553	0.448553	0	0	0	0	0.448553	0.448553	0	0	0	0	0	0	0.448553	0.448553	0	0	0	0	0	0	0	0.448553	0.448553	0	0	0	0.448553	0.448553	0	0	0	0	0	0.448553	0.448553	0	0	0	0	0	0	0	0.448553	0.448553	0	0	0	0.448553	0.448553	0	0	0	0	0.448553	0.448553	0	0.448553	0.448553	0.448553	0.448553	0	0
0.448511	0.448511	0	0	0.448511	0.448511	0	0	0	0.448511	0.448511	0	0	0.448511	0.448511	0	0	0	0.448511	0.448511	0	0.448511	0.448511	0.448511	0.448511	0	0	0.448511	0.448511	0	0.448511	0.448511	0.448511	0.448511	0.448511	0.448511	0.448511	0.448511	0	0.448511	0.448511	0	0.448511	0.896967	0.448511	0	0.448511	0.448511	0.448511	0.448511	0	0.448511	0.448511	0.448511	0.448511	0.448511	0.448511	0.448511	0.448511	0	0.448511	0.448511	0.448511	0.448511	0.448511	0.448511	0	0	0.448511	0.896967	0.448511	0	0.448511	0.448511	0	0.448511	0.448511	0	0.448511	0.448511	0	0.448511	0.448511	0	0	0.448511	0.448511	0	0	0.448511	0.448511	0	0	0	0.448511	0.448511	0.448511	0.448511	0	0	0	0.448511	0.448511	0	0	0	0.448511	0.448511	0	0	0	0	0.448511	0.448511	0	0	0	0.448511	0.448511	0	0	0	0.448511	0.448511	0	0	0.448511	0.448511	0	0	0	0	0	0.448511	0.448511	0	0	0	0	0.448511	0.448511	0	0	0	0	0	0	0	0	0.448511	0.448511	0	0	0	0	0	0	0	0	0	0.448511	0.448511	0	0	0	0	0	0	0	0	0	0	0	0	0	0	0	0	0	0.448511	0.448511	0	0	0	0	0	0	0	0	0	0	0	0.448511	0.448511	0	0	0	0	0.448511	0.448511	0	0	0	0	0	0	0.448511	0.448511	0	0	0	0	0	0	0	0.448511	0.448511	0	0	0	0.448511	0.448511	0	0	0	0	0	0.448511	0.448511	0	0	0	0	0	0	0	0.448511	0.448511	0	0	0	0.448511	0.448511	0	0	0	0	0.448511	0.448511	0	0.448511	0.448511	0.448511	0.448511	0	0
1.49561	1.71469	1.79344	1.79344	1.84859	1.84859	1.79344	1.79344	1.79344	1.93486	2.06661	1.90874	1.79344	1.84859	1.84859	1.79344	1.79344	1.79344	1.84859	1.84859	1.79344	1.93486	2.15578	2.28572	2.28572	2.24139	2.24139	2.28572	2.28572	2.24139	2.28572	2.28572	2.28572	2.28572	2.28572	2.28572	2.3772	2.50562	2.356	2.28572	2.28572	2.24139	2.28572	2.48046	2.59897	2.5796	2.41903	2.28572	2.28572	2.28572	2.24139	2.28572	2.28572	2.28572	2.28572	2.28572	2.28572	2.28572	2.28572	2.24139	2.28572	2.28572	2.28572	2.28572	2.28572	2.28572	2.24139	2.24139	2.28572	2.48046	2.59897	2.5796	2.50562	2.59897	2.5796	2.50562	2.59897	2.5796	2.50562	2.59897	2.5796	2.50562	2.59897	2.68906	2.68906	2.72609	2.72609	2.5796	2.356	2.3772	2.59897	2.68906	2.5796	2.356	2.3772	2.59897	2.82099	3.04318	3.02667	2.80317	2.68906	2.72609	2.72609	2.68906	2.68906	2.68906	2.72609	2.72609	2.5796	2.356	2.24139	2.24139	2.3772	2.50562	2.356	2.24139	2.24139	2.3772	2.59897	2.5796	2.356	2.24139	2.28572	2.28572	2.24139	2.24139	2.3772	2.59897	2.5796	2.356	2.24139	2.24139	2.24139	2.3772	2.59897	2.5796	2.356	2.13237	1.90874	1.93486	2.15578	2.24139	2.13237	1.90874	1.79344	1.79344	1.79344	1.79344	1.68515	1.63214	1.71469	1.79344	1.79344	1.68515	1.46163	1.34527	1.34527	1.34527	1.23828	1.01524	1.0636	1.27822	1.34527	1.34527	1.34527	1.34527	1.34527	1.34527	1.34527	1.34527	1.34527	1.34527	1.23828	1.01524	0.896939	0.896939	0.896939	0.896939	0.896939	1.0636	1.27822	1.34527	1.34527	1.34527	1.34527	1.34527	1.34527	1.34527	1.34527	1.34527	1.23828	1.01524	1.0636	1.27822	1.34527	1.34527	1.34527	1.34527	1.49561	1.71469	1.68515	1.46163	1.34527	1.34527	1.34527	1.34527	1.49561	1.71469	1.79344	1.79344	1.79344	1.79344	1.79344	1.68515	1.46163	1.49561	1.71469	1.79344	1.79344	1.79344	1.93486	2.15578	2.24139	2.24139	2.24139	2.24139	2.24139	2.3772	2.59897	2.5796	2.356	2.24139	2.24139	2.24139	2.24139	2.24139	2.28572	2.28572	2.24139	2.24139	2.24139	2.3772	2.59897	2.5796	2.356	2.24139	2.24139	2.28572	2.28572	2.24139	2.3772	2.50562	2.50562	2.59897	2.5796	2.356
1.4615	1.68499	1.79327	1.79327	1.84842	1.84842	1.79327	1.79327	1.79327	1.90856	2.06641	1.93468	1.79327	1.84842	1.84842	1.79327	1.79327	1.79327	1.84842	1.84842	1.79327	1.90856	2.13217	2.28551	2.28551	2.24118	2.24118	2.28551	2.28551	2.24118	2.28551	2.28551	2.28551	2.28551	2.28551	2.28551	2.35578	2.50539	2.37697	2.28551	2.28551	2.24118	2.28551	2.4188	2.57936	2.59873	2.48022	2.28551	2.28551	2.28551	2.24118	2.28551	2.28551	2.28551	2.28551	2.28551	2.28551	2.28551	2.28551	2.24118	2.28551	2.28551	2.28551	2.28551	2.28551	2.28551	2.24118	2.24118	2.28551	2.4188	2.57936	2.59873	2.50539	2.57936	2.59873	2.50539	2.57936	2.59873	2.50539	2.57936	2.59873	2.50539	2.57936	2.68881	2.68881	2.72584	2.72584	2.59873	2.37697	2.35578	2.57936	2.68881	2.59873	2.37697	2.35578	2.57936	2.8029	3.02639	3.04289	2.82073	2.68881	2.72584	2.72584	2.68881	2.68881	2.68881	2.72584	2.72584	2.59873	2.37697	2.24118	2.24118	2.35578	2.50539	2.37697	2.24118	2.24118	2.35578	2.57936	2.59873	2.37697	2.24118	2.28551	2.28551	2.24118	2.24118	2.35578	2.57936	2.59873	2.37697	2.24118	2.24118	2.24118	2.35578	2.57936	2.59873	2.37697	2.15557	1.93468	1.90856	2.13217	2.24118	2.15557	1.93468	1.79327	1.79327	1.79327	1.79327	1.71453	1.63198	1.68499	1.79327	1.79327	1.71453	1.49547	1.34515	1.34515	1.34515	1.2781	1.0635	1.01515	1.23817	1.34515	1.34515	1.34515	1.34515	1.34515	1.34515	1.34515	1.34515	1.34515	1.34515	1.2781	1.0635	0.896855	0.896855	0.896855	0.896855	0.896855	1.01515	1.23817	1.34515	1.34515	1.34515	1.34515	1.34515	1.34515	1.34515	1.34515	1.34515	1.2781	1.0635	1.01515	1.23817	1.34515	1.34515	1.34515	1.34515	1.4615	1.68499	1.71453	1.49547	1.34515	1.34515	1.34515	1.34515	1.4615	1.68499	1.79327	1.79327	1.79327	1.79327	1.79327	1.71453	1.49547	1.4615	1.68499	1.79327	1.79327	1.79327	1.90856	2.13217	2.24118	2.24118	2.24118	2.24118	2.24118	2.35578	2.57936	2.59873	2.37697	2.24118	2.24118	2.24118	2.24118	2.24118	2.28551	2.28551	2.24118	2.24118	2.24118	2.35578	2.57936	2.59873	2.37697	2.24118	2.24118	2.28551	2.28551	2.24118	2.35578	2.50539	2.50539	2.57936	2.59873	2.37697
0	0	0	0	0.448378	0.448378	0	0	0	0	0.448378	0.448378	0	0.448378	0.448378	0	0	0	0.448378	0.448378	0	0	0	0.448378	0.448378	0	0	0.448378	0.448378	0	0.448378	0.448378	0.448378	0.448378	0.448378	0.448378	0	0.448378	0.448378	0.448378	0.448378	0	0.448378	0.448378	0	0.448378	0.896701	0.448378	0.448378	0.448378	0	0.448378	0.448378	0.448378	0.448378	0.448378	0.448378	0.448378	0.448378	0	0.448378	0.448378	0.448378	0.448378	0.448378	0.448378	0	0	0.448378	0.448378	0	0.448378	0.448378	0	0.448378	0.448378	0	0.448378	0.448378	0	0.448378	0.448378	0	0	0	0.448378	0.448378	0.448378	0.448378	0	0	0	0.448378	0.448378	0	0	0	0	0.448378	0.448378	0	0.448378	0.448378	0	0	0	0.448378	0.448378	0.448378	0.448378	0	0	0	0.448378	0.448378	0	0	0	0	0.448378	0.448378	0	0.448378	0.448378	0	0	0	0	0.448378	0.448378	0	0	0	0	0	0.448378	0.448378	0.448378	0.448378	0	0	0	0.448378	0.448378	0	0	0	0	0.448378	0.448378	0	0	0	0.448378	0.448378	0	0	0	0.448378	0.448378	0	0	0	0	0	0	0	0	0	0	0	0	0.448378	0.448378	0	0	0	0	0	0	0	0	0	0	0	0	0	0	0	0	0.448378	0.448378	0	0	0	0	0	0	0	0	0.448378	0.448378	0	0	0	0	0	0	0	0	0	0	0	0.448378	0.448378	0	0	0	0	0	0	0	0	0	0	0	0	0	0	0.448378	0.448378	0	0	0	0	0	0.448378	0.448378	0	0	0	0	0	0.448378	0.448378	0	0	0.448378	0.448378	0	0	0.448378	0.448378	0	0.448378	0.448378
0	0	0	0	0.448336	0.448336	0	0	0	0	0.448336	0.448336	0	0.448336	0.448336	0	0	0	0.448336	0.448336	0	0	0	0.448336	0.448336	0	0	0.448336	0.448336	0	0.448336	0.448336	0.448336	0.448336	0.448336	0.448336	0	0.448336	0.448336	0.448336	0.448336	0	0.448336	0.448336	0	0.448336	0.896616	0.448336	0.448336	0.448336	0	0.448336	0.448336	0.448336	0.448336	0.448336	0.448336	0.448336	0.448336	0	0.448336	0.448336	0.448336	0.448336	0.448336	0.448336	0	0	0.448336	0.448336	0	0.448336	0.448336	0	0.448336	0.448336	0	0.448336	0.448336	0	0.448336	0.448336	0	0	0	0.448336	0.448336	0.448336	0.448336	0	0	0	0.448336	0.448336	0	0	0	0	0.448336	0.448336	0	0.448336	0.448336	0	0	0	0.448336	0.448336	0.448336	0.448336	0	0	0	0.448336	0.448336	0	0	0	0	0.448336	0.448336	0	0.448336	0.448336	0	0	0	0	0.448336	0.448336	0	0	0	0	0	0.448336	0.448336	0.448336	0.448336	0	0	0	0.448336	0.448336	0	0	0	0	0.448336	0.448336	0	0	0	0.448336	0.448336	0	0	0	0.448336	0.448336	0	0	0	0	0	0	0	0	0	0	0	0	0.448336	0.448336	0	0	0	0	0	0	0	0	0	0	0	0	0	0	0	0	0.448336	0.448336	0	0	0	0	0	0	0	0	0.448336	0.448336	0	0	0	0	0	0	0	0	0	0	0	0.448336	0.448336	0	0	0	0	0	0	0	0	0	0	0	0	0	0	0.448336	0.448336	0	0	0	0	0	0.448336	0.448336	0	0	0	0	0	0.448336	0.448336	0	0	0.448336	0.448336	0	0	0.448336	0.448336	0	0.448336	0.448336
0	0	0	0	0.448294	0.448294	0	0	0	0	0.448294	0.448294	0	0.448294	0.448294	0	0	0	0.448294	0.448294	0	0	0	0.448294	0.448294	0	0	0.448294	0.448294	0	0.448294	0.448294	0.448294	0.448294	0.448294	0.448294	0	0.448294	0.448294	0.448294	0.448294	0	0.448294	0.448294	0	0.448294	0.896532	0.448294	0.448294	0.448294	0	0.448294	0.448294	0.448294	0.448294	0.448294	0.448294	0.448294	0.448294	0	0.448294	0.448294	0.448294	0.448294	0.448294	0.448294	0	0	0.448294	0.448294	0	0.448294	0.448294	0	0.448294	0.448294	0	0.448294	0.448294	0	0.448294	0.448294	0	0	0	0.448294	0.448294	0.448294	0.448294	0	0	0	0.448294	0.448294	0	0	0	0	0.448294	0.448294	0	0.448294	0.448294	0	0	0	0.448294	0.448294	0.448294	0.448294	0	0	0	0.448294	0.448294	0	0	0	0	0.448294	0.448294	0	0.448294	0.448294	0	0	0	0	0.448294	0.448294	0	0	0	0	0	0.448294	0.448294	0.448294	0.448294	0	0	0	0.448294	0.448294	0	0	0	0	0.448294	0.448294	0	0	0	0.448294	0.448294	0	0	0	0.448294	0.448294	0	0	0	0	0	0	0	0	0	0	0	0	0.448294	0.448294	0	0	0	0	0	0	0	0	0	0	0	0	0	0	0	0	0.448294	0.448294	0	0	0	0	0	0	0	0	0.448294	0.448294	0	0	0	0	0	0	0	0	0	0	0	0.448294	0.448294	0	0	0	0	0	0	0	0	0	0	0	0	0	0	0.448294	0.448294	0	0	0	0	0	0.448294	0.448294	0	0	0	0	0	0.448294	0.448294	0	0	0.448294	0.448294	0	0	0.448294	0.448294	0	0.448294	0.448294
0	0	0	0	0.448252	0.448252	0	0	0	0	0.448252	0.448252	0	0.448252	0.448252	0	0	0	0.448252	0.448252	0	0	0	0.448252	0.448252	0	0	0.448252	0.448252	0	0.448252	0.448252	0.448252	0.448252	0.448252	0.448252	0	0.448252	0.448252	0.448252	0.448252	0	0.448252	0.448252	0	0.448252	0.896448	0.448252	0.448252	0.448252	0	0.448252	0.448252	0.448252	0.448252	0.448252	0.448252	0.448252	0.448252	0	0.448252	0.448252	0.448252	0.448252	0.448252	0.448252	0	0	0.448252	0.448252	0	0.448252	0.448252	0	0.448252	0.448252	0	0.448252	0.448252	0	0.448252	0.448252	0	0	0	0.448252	0.448252	0.448252	0.448252	0	0	0	0.448252	0.448252	0	0	0	0	0.448252	0.448252	0	0.448252	0.448252	0	0	0	0.448252	0.448252	0.448252	0.448252	0	0	0	0.448252	0.448252	0	0	0	0	0.448252	0.448252	0	0.448252	0.448252	0	0	0	0	0.448252	0.448252	0	0	0	0	0	0.448252	0.448252	0.448252	0.448252	0	0	0	0.448252	0.448252	0	0	0	0	0.448252	0.448252	0	0	0	0.448252	0.448252	0	0	0	0.448252	0.448252	0	0	0	0	0	0	0	0	0	0	0	0	0.448252	0.448252	0	0	0	0	0	0	0	0	0	0	0	0	0	0	0	0	0.448252	0.448252	0	0	0	0	0	0	0	0	0.448252	0.448252	0	0	0	0	0	0	0	0	0	0	0	0.448252	0.448252	0	0	0	0	0	0	0	0	0	0	0	0	0	0	0.448252	0.448252	0	0	0	0	0	0.448252	0.448252	0	0	0	0	0	0.448252	0.448252	0	0	0.448252	0.448252	0	0	0.448252	0.448252	0	0.448252	0.448252
0	0	0	0	0.448209	0.448209	0	0	0	0	0.448209	0.448209	0	0.448209	0.448209	0	0	0	0.448209	0.448209	0	0	0	0.448209	0.448209	0	0	0.448209	0.448209	0	0.448209	0.448209	0.448209	0.448209	0.448209	0.448209	0	0.448209	0.448209	0.448209	0.448209	0	0.448209	0.448209	0	0.448209	0.896364	0.448209	0.448209	0.448209	0	0.448209	0.448209	0.448209	0.448209	0.448209	0.448209	0.448209	0.448209	0	0.448209	0.448209	0.448209	0.448209	0.448209	0.448209	0	0	0.448209	0.448209	0	0.448209	0.448209	0	0.448209	0.448209	0	0.448209	0.448209	0	0.448209	0.448209	0	0	0	0.448209	0.448209	0.448209	0.448209	0	0	0	0.448209	0.448209	0	0	0	0	0.448209	0.448209	0	0.448209	0.448209	0	0	0	0.448209	0.448209	0.448209	0.448209	0	0	0	0.448209	0.448209	0	0	0	0	0.448209	0.448209	0	0.448209	0.448209	0	0	0	0	0.448209	0.448209	0	0	0	0	0	0.448209	0.448209	0.448209	0.448209	0	0	0	0.448209	0.448209	0	0	0	0	0.448209	0.448209	0	0	0	0.448209	0.448209	0	0	0	0.448209	0.448209	0	0	0	0	0	0	0	0	0	0	0	0	0.448209	0.448209	0	0	0	0	0	0	0	0	0	0	0	0	0	0	0	0	0.448209	0.448209	0	0	0	0	0	0	0	0	0.448209	0.448209	0	0	0	0	0	0	0	0	0	0	0	0.448209	0.448209	0	0	0	0	0	0	0	0	0	0	0	0	0	0	0.448209	0.448209	0	0	0	0	0	0.448209	0.448209	0	0	0	0	0	0.448209	0.448209	0	0	0.448209	0.448209	0	0	0.448209	0.448209	0	0.448209	0.448209
0	0	0	0	0.448167	0.448167	0	0	0	0	0.448167	0.448167	0	0.448167	0.448167	0	0	0	0.448167	0.448167	0	0	0	0.448167	0.448167	0	0	0.448167	0.448167	0	0.448167	0.448167	0.448167	0.448167	0.448167	0.448167	0	0.448167	0.448167	0.448167	0.448167	0	0.448167	0.448167	0	0.448167	0.89628	0.448167	0.448167	0.448167	0	0.448167	0.448167	0.448167	0.448167	0.448167	0.448167	0.448167	0.448167	0	0.448167	0.448167	0.448167	0.448167	0.448167	0.448167	0	0	0.448167	0.448167	0	0.448167	0.448167	0	0.448167	0.448167	0	0.448167	0.448167	0	0.448167	0.448167	0	0	0	0.448167	0.448167	0.448167	0.448167	0	0	0	0.448167	0.448167	0	0	0	0	0.448167	0.448167	0	0.448167	0.448167	0	0	0	0.448167	0.448167	0.448167	0.448167	0	0	0	0.448167	0.448167	0	0	0	0	0.448167	0.448167	0	0.448167	0.448167	0	0	0	0	0.448167	0.448167	0	0	0	0	0	0.448167	0.448167	0.448167	0.448167	0	0	0	0.448167	0.448167	0	0	0	0	0.448167	0.448167	0	0	0	0.448167	0.448167	0	0	0	0.448167	0.448167	0	0	0	0	0	0	0	0	0	0	0	0	0.448167	0.448167	0	0	0	0	0	0	0	0	0	0	0	0	0	0	0	0	0.448167	0.448167	0	0	0	0	0	0	0	0	0.448167	0.448167	0	0	0	0	0	0	0	0	0	0	0	0.448167	0.448167	0	0	0	0	0	0	0	0	0	0	0	0	0	0	0.448167	0.448167	0	0	0	0	0	0.448167	0.448167	0	0	0	0	0	0.448167	0.448167	0	0	0.448167	0.448167	0	0	0.448167	0.448167	0	0.448167	0.448167
0	0	0	0	0.448125	0.448125	0	0	0	0	0.448125	0.448125	0	0.448125	0.448125	0	0	0	0.448125	0.448125	0	0	0	0.448125	0.448125	0	0	0.448125	0.448125	0	0.448125	0.448125	0.448125	0.448125	0.448125	0.448125	0	0.448125	0.448125	0.448125	0.448125	0	0.448125	0.448125	0	0.448125	0.896196	0.448125	0.448125	0.448125	0	0.448125	0.448125	0.448125	0.448125	0.448125	0.448125	0.448125	0.448125	0	0.448125	0.448125	0.448125	0.448125	0.448125	0.448125	0	0	0.448125	0.448125	0	0.448125	0.448125	0	0.448125	0.448125	0	0.448125	0.448125	0	0.448125	0.448125	0	0	0	0.448125	0.448125	0.448125	0.448125	0	0	0	0.448125	0.448125	0	0	0	0	0.448125	0.448125	0	0.448125	0.448125	0	0	0	0.448125	0.448125	0.448125	0.448125	0	0	0	0.448125	0.448125	0	0	0	0	0.448125	0.448125	0	0.448125	0.448125	0	0	0	0	0.448125	0.448125	0	0	0	0	0	0.448125	0.448125	0.448125	0.448125	0	0	0	0.448125	0.448125	0	0	0	0	0.448125	0.448125	0	0	0	0.448125	0.448125	0	0	0	0.448125	0.448125	0	0	0	0	0	0	0	0	0	0	0	0	0.448125	0.448125	0	0	0	0	0	0	0	0	0	0	0	0	0	0	0	0	0.448125	0.448125	0	0	0	0	0	0	0	0	0.448125	0.448125	0	0	0	0	0	0	0	0	0	0	0	0.448125	0.448125	0	0	0	0	0	0	0	0	0	0	0	0	0	0	0.448125	0.448125	0	0	0	0	0	0.448125	0.448125	0	0	0	0	0	0.448125	0.448125	0	0	0.448125	0.448125	0	0	0.448125	0.448125	0	0.448125	0.448125
0	0	0	0	0.448083	0.448083	0	0	0	0	0.448083	0.448083	0	0.448083	0.448083	0	0	0	0.448083	0.448083	0	0	0	0.448083	0.448083	0	0	0.448083	0.448083	0	0.448083	0.448083	0.448083	0.448083	0.448083	0.448083	0	0.448083	0.448083	0.448083	0.448083	0	0.448083	0.448083	0	0.448083	0.896112	0.448083	0.448083	0.448083	0	0.448083	0.448083	0.448083	0.448083	0.448083	0.448083	0.448083	0.448083	0	0.448083	0.448083	0.448083	0.448083	0.448083	0.448083	0	0	0.448083	0.448083	0	0.448083	0.448083	0	0.448083	0.448083	0	0.448083	0.448083	0	0.448083	0.448083	0	0	0	0.448083	0.448083	0.448083	0.448083	0	0	0	0.448083	0.448083	0	0	0	0	0.448083	0.448083	0	0.448083	0.448083	0	0	0	0.448083	0.448083	0.448083	0.448083	0	0	0	0.448083	0.448083	0	0	0	0	0.448083	0.448083	0	0.448083	0.448083	0	0	0	0	0.448083	0.448083	0	0	0	0	0	0.448083	0.448083	0.448083	0.448083	0	0	0	0.448083	0.448083	0	0	0	0	0.448083	0.448083	0	0	0	0.448083	0.448083	0	0	0	0.448083	0.448083	0	0	0	0	0	0	0	0	0	0	0	0	0.448083	0.448083	0	0	0	0	0	0	0	0	0	0	0	0	0	0	0	0	0.448083	0.448083	0	0	0	0	0	0	0	0	0.448083	0.448083	0	0	0	0	0	0	0	0	0	0	0	0.448083	0.448083	0	0	0	0	0	0	0	0	0	0	0	0	0	0	0.448083	0.448083	0	0	0	0	0	0.448083	0.448083	0	0	0	0	0	0.448083	0.448083	0	0	0.448083	0.448083	0	0	0.448083	0.448083	0	0.448083	0.448083
1.68354	1.46024	1.34399	1.34399	1.49418	1.63058	1.46024	1.34399	1.34399	1.2371	1.2063	1.277	1.34399	1.41665	1.41665	1.34399	1.34399	1.34399	1.41665	1.41665	1.34399	1.34399	1.2371	1.2063	1.277	1.34399	1.34399	1.41665	1.41665	1.34399	1.49418	1.71306	1.84683	1.84683	1.84683	1.84683	1.79173	1.84683	1.84683	1.93302	2.15372	2.13034	1.98419	1.84683	1.79173	1.84683	2.05855	2.15372	2.28354	2.28354	2.13034	2.06464	2.15372	2.28354	2.19975	2.06464	2.15372	2.28354	2.28354	2.13034	2.06464	2.15372	2.28354	2.28354	2.28354	2.28354	2.13034	1.90692	1.93302	2.06464	1.90692	1.93302	2.06464	1.90692	1.93302	2.06464	1.90692	1.93302	2.06464	1.90692	1.93302	2.15372	2.23925	2.13034	1.90692	1.93302	2.06464	2.06464	2.15372	2.23925	2.23925	2.23925	2.28354	2.28354	2.23925	2.23925	2.13034	1.90692	1.93302	2.06464	1.90692	1.93302	2.15372	2.23925	2.13034	1.90692	1.93302	2.06464	2.06464	2.15372	2.23925	2.23925	2.13034	2.06464	2.15372	2.13034	1.90692	1.68354	1.46024	1.49418	1.71306	1.68354	1.63058	1.71306	1.79173	1.79173	1.68354	1.46024	1.41665	1.41665	1.34399	1.34399	1.34399	1.2371	1.01427	1.06258	1.277	1.41665	1.41665	1.34399	1.2371	1.01427	1.06258	1.277	1.2371	1.01427	0.896084	0.792047	0.807716	0.853044	0.896084	0.792047	0.57117	0.653142	0.853044	0.896084	0.792047	0.57117	0.653142	0.853044	0.896084	0.896084	0.792047	0.57117	0.448069	0.448069	0.448069	0.448069	0.448069	0.35423	0.158414	0	0.354213	0.475233	0.448069	0.448069	0.448069	0.448069	0.448069	0.448069	0.448069	0.448069	0.448069	0.448069	0.35423	0.158414	0	0	0	0	0.354213	0.475233	0.448069	0.448069	0.448069	0.448069	0.448069	0.448069	0.448069	0.448069	0.653142	0.853044	0.896084	0.896084	0.896084	0.896084	0.896084	0.896084	0.896084	0.896084	0.896084	0.896084	0.896084	1.06258	1.277	1.34399	1.34399	1.34399	1.34399	1.34399	1.34399	1.34399	1.34399	1.34399	1.34399	1.34399	1.34399	1.2371	1.01427	1.06258	1.277	1.34399	1.34399	1.34399	1.34399	1.34399	1.49418	1.71306	1.79173	1.79173	1.79173	1.68354	1.46024	1.49418	1.71306	1.79173	1.79173	1.93302	2.06464	1.90692	1.79173	1.84683	1.84683	1.79173	1.93302	2.15372
1.71289	1.49404	1.34386	1.34386	1.4601	1.63043	1.49404	1.34386	1.34386	1.27688	1.20618	1.23699	1.34386	1.41652	1.41652	1.34386	1.34386	1.34386	1.41652	1.41652	1.34386	1.34386	1.27688	1.20618	1.23699	1.34386	1.34386	1.41652	1.41652	1.34386	1.4601	1.68338	1.84665	1.84665	1.84665	1.84665	1.79156	1.84665	1.84665	1.90674	2.13014	2.15352	2.05835	1.84665	1.79156	1.84665	1.984	2.13014	2.28333	2.28333	2.15352	2.06444	2.13014	2.28333	2.26681	2.06444	2.13014	2.28333	2.28333	2.15352	2.06444	2.13014	2.28333	2.28333	2.28333	2.28333	2.15352	1.93284	1.90674	2.06444	1.93284	1.90674	2.06444	1.93284	1.90674	2.06444	1.93284	1.90674	2.06444	1.93284	1.90674	2.13014	2.23904	2.15352	1.93284	1.90674	2.06444	2.06444	2.13014	2.23904	2.23904	2.23904	2.28333	2.28333	2.23904	2.23904	2.15352	1.93284	1.90674	2.06444	1.93284	1.90674	2.13014	2.23904	2.15352	1.93284	1.90674	2.06444	2.06444	2.13014	2.23904	2.23904	2.15352	2.06444	2.13014	2.15352	1.93284	1.71289	1.49404	1.4601	1.68338	1.71289	1.63043	1.68338	1.79156	1.79156	1.71289	1.49404	1.41652	1.41652	1.34386	1.34386	1.34386	1.27688	1.06248	1.01418	1.23699	1.41652	1.41652	1.34386	1.27688	1.06248	1.01418	1.23699	1.27688	1.06248	0.896	0.852962	0.807636	0.791972	0.896	0.852962	0.653078	0.571116	0.791972	0.896	0.852962	0.653078	0.571116	0.791972	0.896	0.896	0.852962	0.653078	0.448027	0.448027	0.448027	0.448027	0.448027	0.475185	0.354174	0	0.158398	0.354197	0.448027	0.448027	0.448027	0.448027	0.448027	0.448027	0.448027	0.448027	0.448027	0.448027	0.475185	0.354174	0	0	0	0	0.158398	0.354197	0.448027	0.448027	0.448027	0.448027	0.448027	0.448027	0.448027	0.448027	0.571116	0.791972	0.896	0.896	0.896	0.896	0.896	0.896	0.896	0.896	0.896	0.896	0.896	1.01418	1.23699	1.34386	1.34386	1.34386	1.34386	1.34386	1.34386	1.34386	1.34386	1.34386	1.34386	1.34386	1.34386	1.27688	1.06248	1.01418	1.23699	1.34386	1.34386	1.34386	1.34386	1.34386	1.4601	1.68338	1.79156	1.79156	1.79156	1.71289	1.49404	1.4601	1.68338	1.79156	1.79156	1.90674	2.06444	1.93284	1.79156	1.84665	1.84665	1.79156	1.90674	2.13014
0.44795	0.44795	0	0	0	0.44795	0.44795	0	0	0.44795	0.44795	0	0	0.44795	0.44795	0	0	0	0.44795	0.44795	0	0	0.44795	0.44795	0	0	0	0.44795	0.44795	0	0	0	0.44795	0.44795	0.44795	0.44795	0	0.44795	0.44795	0	0	0.44795	0.895845	0.44795	0	0.44795	0.44795	0	0.44795	0.44795	0.44795	0.44795	0	0.44795	0.895845	0.44795	0	0.44795	0.44795	0.44795	0.44795	0	0.44795	0.44795	0.44795	0.44795	0.44795	0.44795	0	0.44795	0.44795	0	0.44795	0.44795	0	0.44795	0.44795	0	0.44795	0.44795	0	0	0	0.44795	0.44795	0	0.44795	0.44795	0	0	0	0	0.44795	0.44795	0	0	0.44795	0.44795	0	0.44795	0.44795	0	0	0	0.44795	0.44795	0	0.44795	0.44795	0	0	0	0.44795	0.44795	0	0.44795	0.44795	0.44795	0.44795	0	0	0.44795	0.44795	0	0	0	0.44795	0.44795	0.44795	0.44795	0	0	0	0.44795	0.44795	0	0	0.44795	0.44795	0	0.44795	0.44795	0	0	0.44795	0.44795	0	0.44795	0.44795	0	0	0.44795	0.44795	0	0	0	0.44795	0.44795	0	0	0	0	0.44795	0.44795	0	0	0	0	0	0.44795	0.44795	0	0	0	0	0	0	0	0	0	0	0	0	0	0.44795	0.44795	0	0	0	0	0	0	0	0	0	0	0	0	0	0	0	0	0	0	0	0	0	0	0	0	0	0	0	0	0	0	0	0	0	0	0	0	0	0	0	0	0	0.44795	0.44795	0	0	0	0	0	0	0	0	0	0	0	0	0.44795	0.44795	0	0	0	0	0	0.44795	0.44795	0	0.44795	0.44795	0	0	0
0.447908	0.447908	0	0	0	0.447908	0.447908	0	0	0.447908	0.447908	0	0	0.447908	0.447908	0	0	0	0.447908	0.447908	0	0	0.447908	0.447908	0	0	0	0.447908	0.447908	0	0	0	0.447908	0.447908	0.447908	0.447908	0	0.447908	0.447908	0	0	0.447908	0.895761	0.447908	0	0.447908	0.447908	0	0.447908	0.447908	0.447908	0.447908	0	0.447908	0.895761	0.447908	0	0.447908	0.447908	0.447908	0.447908	0	0.447908	0.447908	0.447908	0.447908	0.447908	0.447908	0	0.447908	0.447908	0	0.447908	0.447908	0	0.447908	0.447908	0	0.447908	0.447908	0	0	0	0.447908	0.447908	0	0.447908	0.447908	0	0	0	0	0.447908	0.447908	0	0	0.447908	0.447908	0	0.447908	0.447908	0	0	0	0.447908	0.447908	0	0.447908	0.447908	0	0	0	0.447908	0.447908	0	0.447908	0.447908	0.447908	0.447908	0	0	0.447908	0.447908	0	0	0	0.447908	0.447908	0.447908	0.447908	0	0	0	0.447908	0.447908	0	0	0.447908	0.447908	0	0.447908	0.447908	0	0	0.447908	0.447908	0	0.447908	0.447908	0	0	0.447908	0.447908	0	0	0	0.447908	0.447908	0	0	0	0	0.447908	0.447908	0	0	0	0	0	0.447908	0.447908	0	0	0	0	0	0	0	0	0	0	0	0	0	0.447908	0.447908	0	0	0	0	0	0	0	0	0	0	0	0	0	0	0	0	0	0	0	0	0	0	0	0	0	0	0	0	0	0	0	0	0	0	0	0	0	0	0	0	0	0.447908	0.447908	0	0	0	0	0	0	0	0	0	0	0	0	0.447908	0.447908	0	0	0	0	0	0.447908	0.447908	0	0.447908	0.447908	0	0	0
0.447866	0.447866	0	0	0	0.447866	0.447866	0	0	0.447866	0.447866	0	0	0.447866	0.447866	0	0	0	0.447866	0.447866	0	0	0.447866	0.447866	0	0	0	0.447866	0.447866	0	0	0	0.447866	0.447866	0.447866	0.447866	0	0.447866	0.447866	0	0	0.447866	0.895677	0.447866	0	0.447866	0.447866	0	0.447866	0.447866	0.447866	0.447866	0	0.447866	0.895677	0.447866	0	0.447866	0.447866	0.447866	0.447866	0	0.447866	0.447866	0.447866	0.447866	0.447866	0.447866	0	0.447866	0.447866	0	0.447866	0.447866	0	0.447866	0.447866	0	0.447866	0.447866	0	0	0	0.447866	0.447866	0	0.447866	0.447866	0	0	0	0	0.447866	0.447866	0	0	0.447866	0.447866	0	0.447866	0.447866	0	0	0	0.447866	0.447866	0	0.447866	0.447866	0	0	0	0.447866	0.447866	0	0.447866	0.447866	0.447866	0.447866	0	0	0.447866	0.447866	0	0	0	0.447866	0.447866	0.447866	0.447866	0	0	0	0.447866	0.447866	0	0	0.447866	0.447866	0	0.447866	0.447866	0	0	0.447866	0.447866	0	0.447866	0.447866	0	0	0.447866	0.447866	0	0	0	0.447866	0.447866	0	0	0	0	0.447866	0.447866	0	0	0	0	0	0.447866	0.447866	0	0	0	0	0	0	0	0	0	0	0	0	0	0.447866	0.447866	0	0	0	0	0	0	0	0	0	0	0	0	0	0	0	0	0	0	0	0	0	0	0	0	0	0	0	0	0	0	0	0	0	0	0	0	0	0	0	0	0	0.447866	0.447866	0	0	0	0	0	0	0	0	0	0	0	0	0.447866	0.447866	0	0	0	0	0	0.447866	0.447866	0	0.447866	0.447866	0	0	0
0.447824	0.447824	0	0	0	0.447824	0.447824	0	0	0.447824	0.447824	0	0	0.447824	0.447824	0	0	0	0.447824	0.447824	0	0	0.447824	0.447824	0	0	0	0.447824	0.447824	0	0	0	0.447824	0.447824	0.447824	0.447824	0	0.447824	0.447824	0	0	0.447824	0.895593	0.447824	0	0.447824	0.447824	0	0.447824	0.447824	0.447824	0.447824	0	0.447824	0.895593	0.447824	0	0.447824	0.447824	0.447824	0.447824	0	0.447824	0.447824	0.447824	0.447824	0.447824	0.447824	0	0.447824	0.447824	0	0.447824	0.447824	0	0.447824	0.447824	0	0.447824	0.447824	0	0	0	0.447824	0.447824	0	0.447824	0.447824	0	0	0	0	0.447824	0.447824	0	0	0.447824	0.447824	0	0.447824	0.447824	0	0	0	0.447824	0.447824	0	0.447824	0.447824	0	0	0	0.447824	0.447824	0	0.447824	0.447824	0.447824	0.447824	0	0	0.447824	0.447824	0	0	0	0.447824	0.447824	0.447824	0.447824	0	0	0	0.447824	0.447824	0	0	0.447824	0.447824	0	0.447824	0.447824	0	0	0.447824	0.447824	0	0.447824	0.447824	0	0	0.447824	0.447824	0	0	0	0.447824	0.447824	0	0	0	0	0.447824	0.447824	0	0	0	0	0	0.447824	0.447824	0	0	0	0	0	0	0	0	0	0	0	0	0	0.447824	0.447824	0	0	0	0	0	0	0	0	0	0	0	0	0	0	0	0	0	0	0	0	0	0	0	0	0	0	0	0	0	0	0	0	0	0	0	0	0	0	0	0	0	0.447824	0.447824	0	0	0	0	0	0	0	0	0	0	0	0	0.447824	0.447824	0	0	0	0	0	0.447824	0.447824	0	0.447824	0.447824	0	0	0
0.447782	0.447782	0	0	0	0.447782	0.447782	0	0	0.447782	0.447782	0	0	0.447782	0.447782	0	0	0	0.447782	0.447782	0	0	0.447782	0.447782	0	0	0	0.447782	0.447782	0	0	0	0.447782	0.447782	0.447782	0.447782	0	0.447782	0.447782	0	0	0.447782	0.895509	0.447782	0	0.447782	0.447782	0	0.447782	0.447782	0.447782	0.447782	0	0.447782	0.895509	0.447782	0	0.447782	0.447782	0.447782	0.447782	0	0.447782	0.447782	0.447782	0.447782	0.447782	0.447782	0	0.447782	0.447782	0	0.447782	0.447782	0	0.447782	0.447782	0	0.447782	0.447782	0	0	0	0.447782	0.447782	0	0.447782	0.447782	0	0	0	0	0.447782	0.447782	0	0	0.447782	0.447782	0	0.447782	0.447782	0	0	0	0.447782	0.447782	0	0.447782	0.447782	0	0	0	0.447782	0.447782	0	0.447782	0.447782	0.447782	0.447782	0	0	0.447782	0.447782	0	0	0	0.447782	0.447782	0.447782	0.447782	0	0	0	0.447782	0.447782	0	0	0.447782	0.447782	0	0.447782	0.447782	0	0	0.447782	0.447782	0	0.447782	0.447782	0	0	0.447782	0.447782	0	0	0	0.447782	0.447782	0	0	0	0	0.447782	0.447782	0	0	0	0	0	0.447782	0.447782	0	0	0	0	0	0	0	0	0	0	0	0	0	0.447782	0.447782	0	0	0	0	0	0	0	0	0	0	0	0	0	0	0	0	0	0	0	0	0	0	0	0	0	0	0	0	0	0	0	0	0	0	0	0	0	0	0	0	0	0.447782	0.447782	0	0	0	0	0	0	0	0	0	0	0	0	0.447782	0.447782	0	0	0	0	0	0.447782	0.447782	0	0.447782	0.447782	0	0	0
0.44774	0.44774	0	0	0	0.44774	0.44774	0	0	0.44774	0.44774	0	0	0.44774	0.44774	0	0	0	0.44774	0.44774	0	0	0.44774	0.44774	0	0	0	0.44774	0.44774	0	0	0	0.44774	0.44774	0.44774	0.44774	0	0.44774	0.44774	0	0	0.44774	0.895426	0.44774	0	0.44774	0.44774	0	0.44774	0.44774	0.44774	0.44774	0	0.44774	0.895426	0.44774	0	0.44774	0.44774	0.44774	0.44774	0	0.44774	0.44774	0.44774	0.44774	0.44774	0.44774	0	0.44774	0.44774	0	0.44774	0.44774	0	0.44774	0.44774	0	0.44774	0.44774	0	0	0	0.44774	0.44774	0	0.44774	0.44774	0	0	0	0	0.44774	0.44774	0	0	0.44774	0.44774	0	0.44774	0.44774	0	0	0	0.44774	0.44774	0	0.44774	0.44774	0	0	0	0.44774	0.44774	0	0.44774	0.44774	0.44774	0.44774	0	0	0.44774	0.44774	0	0	0	0.44774	0.44774	0.44774	0.44774	0	0	0	0.44774	0.44774	0	0	0.44774	0.44774	0	0.44774	0.44774	0	0	0.44774	0.44774	0	0.44774	0.44774	0	0	0.44774	0.44774	0	0	0	0.44774	0.44774	0	0	0	0	0.44774	0.44774	0	0	0	0	0	0.44774	0.44774	0	0	0	0	0	0	0	0	0	0	0	0	0	0.44774	0.44774	0	0	0	0	0	0	0	0	0	0	0	0	0	0	0	0	0	0	0	0	0	0	0	0	0	0	0	0	0	0	0	0	0	0	0	0	0	0	0	0	0	0.44774	0.44774	0	0	0	0	0	0	0	0	0	0	0	0	0.44774	0.44774	0	0	0	0	0	0.44774	0.44774	0	0.44774	0.44774	0	0	0
0.447698	0.447698	0	0	0	0.447698	0.447698	0	0	0.447698	0.447698	0	0	0.447698	0.447698	0	0	0	0.447698	0.447698	0	0	0.447698	0.447698	0	0	0	0.447698	0.447698	0	0	0	0.447698	0.447698	0.447698	0.447698	0	0.447698	0.447698	0	0	0.447698	0.895342	0.447698	0	0.447698	0.447698	0	0.447698	0.447698	0.447698	0.447698	0	0.447698	0.895342	0.447698	0	0.447698	0.447698	0.447698	0.447698	0	0.447698	0.447698	0.447698	0.447698	0.447698	0.447698	0	0.447698	0.447698	0	0.447698	0.447698	0	0.447698	0.447698	0	0.447698	0.447698	0	0	0	0.447698	0.447698	0	0.447698	0.447698	0	0	0	0	0.447698	0.447698	0	0	0.447698	0.447698	0	0.447698	0.447698	0	0	0	0.447698	0.447698	0	0.447698	0.447698	0	0	0	0.447698	0.447698	0	0.447698	0.447698	0.447698	0.447698	0	0	0.447698	0.447698	0	0	0	0.447698	0.447698	0.447698	0.447698	0	0	0	0.447698	0.447698	0	0	0.447698	0.447698	0	0.447698	0.447698	0	0	0.447698	0.447698	0	0.447698	0.447698	0	0	0.447698	0.447698	0	0	0	0.447698	0.447698	0	0	0	0	0.447698	0.447698	0	0	0	0	0	0.447698	0.447698	0	0	0	0	0	0	0	0	0	0	0	0	0	0.447698	0.447698	0	0	0	0	0	0	0	0	0	0	0	0	0	0	0	0	0	0	0	0	0	0	0	0	0	0	0	0	0	0	0	0	0	0	0	0	0	0	0	0	0	0.447698	0.447698	0	0	0	0	0	0	0	0	0	0	0	0	0.447698	0.447698	0	0	0	0	0	0.447698	0.447698	0	0.447698	0.447698	0	0	0
0.447656	0.447656	0	0	0	0.447656	0.447656	0	0	0.447656	0.447656	0	0	0.447656	0.447656	0	0	0	0.447656	0.447656	0	0	0.447656	0.447656	0	0	0	0.447656	0.447656	0	0	0	0.447656	0.447656	0.447656	0.447656	0	0.447656	0.447656	0	0	0.447656	0.895258	0.447656	0	0.447656	0.447656	0	0.447656	0.447656	0.447656	0.447656	0	0.447656	0.895258	0.447656	0	0.447656	0.447656	0.447656	0.447656	0	0.447656	0.447656	0.447656	0.447656	0.447656	0.447656	0	0.447656	0.447656	0	0.447656	0.447656	0	0.447656	0.447656	0	0.447656	0.447656	0	0	0	0.447656	0.447656	0	0.447656	0.447656	0	0	0	0	0.447656	0.447656	0	0	0.447656	0.447656	0	0.447656	0.447656	0	0	0	0.447656	0.447656	0	0.447656	0.447656	0	0	0	0.447656	0.447656	0	0.447656	0.447656	0.447656	0.447656	0	0	0.447656	0.447656	0	0	0	0.447656	0.447656	0.447656	0.447656	0	0	0	0.447656	0.447656	0	0	0.447656	0.447656	0	0.447656	0.447656	0	0	0.447656	0.447656	0	0.447656	0.447656	0	0	0.447656	0.447656	0	0	0	0.447656	0.447656	0	0	0	0	0.447656	0.447656	0	0	0	0	0	0.447656	0.447656	0	0	0	0	0	0	0	0	0	0	0	0	0	0.447656	0.447656	0	0	0	0	0	0	0	0	0	0	0	0	0	0	0	0	0	0	0	0	0	0	0	0	0	0	0	0	0	0	0	0	0	0	0	0	0	0	0	0	0	0.447656	0.447656	0	0	0	0	0	0	0	0	0	0	0	0	0.447656	0.447656	0	0	0	0	0	0.447656	0.447656	0	0.447656	0.447656	0	0	0
0.447614	0.447614	0	0	0	0.447614	0.447614	0	0	0.447614	0.447614	0	0	0.447614	0.447614	0	0	0	0.447614	0.447614	0	0	0.447614	0.447614	0	0	0	0.447614	0.447614	0	0	0	0.447614	0.447614	0.447614	0.447614	0	0.447614	0.447614	0	0	0.447614	0.895174	0.447614	0	0.447614	0.447614	0	0.447614	0.447614	0.447614	0.447614	0	0.447614	0.895174	0.447614	0	0.447614	0.447614	0.447614	0.447614	0	0.447614	0.447614	0.447614	0.447614	0.447614	0.447614	0	0.447614	0.447614	0	0.447614	0.447614	0	0.447614	0.447614	0	0.447614	0.447614	0	0	0	0.447614	0.447614	0	0.447614	0.447614	0	0	0	0	0.447614	0.447614	0	0	0.447614	0.447614	0	0.447614	0.447614	0	0	0	0.447614	0.447614	0	0.447614	0.447614	0	0	0	0.447614	0.447614	0	0.447614	0.447614	0.447614	0.447614	0	0	0.447614	0.447614	0	0	0	0.447614	0.447614	0.447614	0.447614	0	0	0	0.447614	0.447614	0	0	0.447614	0.447614	0	0.447614	0.447614	0	0	0.447614	0.447614	0	0.447614	0.447614	0	0	0.447614	0.447614	0	0	0	0.447614	0.447614	0	0	0	0	0.447614	0.447614	0	0	0	0	0	0.447614	0.447614	0	0	0	0	0	0	0	0	0	0	0	0	0	0.447614	0.447614	0	0	0	0	0	0	0	0	0	0	0	0	0	0	0	0	0	0	0	0	0	0	0	0	0	0	0	0	0	0	0	0	0	0	0	0	0	0	0	0	0	0.447614	0.447614	0	0	0	0	0	0	0	0	0	0	0	0	0.447614	0.447614	0	0	0	0	0	0.447614	0.447614	0	0.447614	0.447614	0	0	0
0.652455	0.85215	0.895146	0.895146	0.791217	0.806866	0.85215	0.895146	0.895146	1.06147	1.20503	1.01321	0.895146	1.06147	1.20503	1.01321	0.895146	0.895146	1.06147	1.20503	1.01321	0.895146	1.00077	1.00077	0.895146	0.895146	0.895146	1.00077	1.00077	0.895146	0.895146	0.895146	1.00077	1.00077	1.06147	1.27567	1.23581	1.20503	1.27567	1.23581	1.01321	1.06147	1.45868	1.41517	1.34258	1.41517	1.41517	1.34258	1.41517	1.41517	1.49262	1.62887	1.45871	1.49262	1.85164	1.76876	1.45871	1.49262	1.71126	1.84489	1.76876	1.45871	1.49262	1.62887	1.55822	1.41517	1.49262	1.71126	1.68178	1.62887	1.71126	1.68178	1.55822	1.41517	1.34258	1.41517	1.41517	1.34258	1.41517	1.41517	1.34258	1.23581	1.01321	1.00077	1.00077	0.895146	1.00077	1.00077	0.895146	0.895146	0.791217	0.570572	0.652455	0.85215	0.895146	0.895146	1.00077	1.00077	0.895146	1.06147	1.27567	1.23581	1.01321	0.895146	1.06147	1.27567	1.23581	1.20503	1.20503	1.01321	0.895146	0.895146	1.00077	1.00077	0.895146	1.00077	1.00077	1.00077	1.00077	0.895146	0.895146	1.00077	1.00077	0.895146	0.791217	0.570572	0.632965	0.632965	0.652455	0.85215	0.791217	0.570572	0.4476	0.632965	0.632965	0.4476	0.353859	0.500398	0.474732	0.353859	0.500398	0.474732	0.353859	0.158247	0.353837	0.500398	0.158247	0.353837	0.500398	0.158247	0	0.447565	0.447565	0	0	0	0.447565	0.447565	0	0	0	0	0.447565	0.447565	0	0	0	0	0.158247	0.500398	0.353837	0	0	0	0	0.158247	0.353859	0.4476	0.4476	0.4476	0.4476	0.4476	0.4476	0.4476	0.474732	0.353837	0.158247	0.353859	0.4476	0.4476	0.4476	0.4476	0.4476	0.4476	0.4476	0.4476	0.4476	0.4476	0.4476	0.4476	0.4476	0.4476	0.4476	0.4476	0.353859	0.158247	0	0	0	0	0	0	0	0	0	0	0	0	0	0	0	0	0	0	0.158247	0.353859	0.4476	0.652455	0.85215	0.895146	0.895146	0.895146	0.895146	0.895146	0.895146	0.895146	0.895146	0.895146	0.895146	0.895146	0.895146	1.00077	1.00077	0.895146	0.895146	0.895146	0.895146	0.895146	1.00077	1.00077	0.895146	1.06147	1.20503	1.01321	0.895146	0.895146
0.570518	0.791143	0.895062	0.895062	0.85207	0.806791	0.791143	0.895062	0.895062	1.01312	1.20492	1.06137	0.895062	1.01312	1.20492	1.06137	0.895062	0.895062	1.01312	1.20492	1.06137	0.895062	1.00067	1.00067	0.895062	0.895062	0.895062	1.00067	1.00067	0.895062	0.895062	0.895062	1.00067	1.00067	1.01312	1.23569	1.27555	1.20492	1.23569	1.27555	1.06137	1.01312	1.35173	1.41503	1.34246	1.41503	1.41503	1.34246	1.41503	1.41503	1.45858	1.62872	1.49248	1.45858	1.76859	1.85147	1.49248	1.45858	1.68162	1.84472	1.85147	1.49248	1.45858	1.62872	1.65158	1.41503	1.45858	1.68162	1.7111	1.62872	1.68162	1.7111	1.65158	1.41503	1.34246	1.41503	1.41503	1.34246	1.41503	1.41503	1.34246	1.27555	1.06137	1.00067	1.00067	0.895062	1.00067	1.00067	0.895062	0.895062	0.85207	0.652394	0.570518	0.791143	0.895062	0.895062	1.00067	1.00067	0.895062	1.01312	1.23569	1.27555	1.06137	0.895062	1.01312	1.23569	1.27555	1.20492	1.20492	1.06137	0.895062	0.895062	1.00067	1.00067	0.895062	1.00067	1.00067	1.00067	1.00067	0.895062	0.895062	1.00067	1.00067	0.895062	0.85207	0.652394	0.632905	0.632905	0.570518	0.791143	0.85207	0.652394	0.447558	0.632905	0.632905	0.447558	0.474687	0.500352	0.353826	0.474687	0.500352	0.353826	0.474687	0.353804	0.158232	0.500352	0.353804	0.158232	0.500352	0.353804	0	0.447523	0.447523	0	0	0	0.447523	0.447523	0	0	0	0	0.447523	0.447523	0	0	0	0	0.353804	0.500352	0.158232	0	0	0	0	0.353804	0.474687	0.447558	0.447558	0.447558	0.447558	0.447558	0.447558	0.447558	0.353826	0.158232	0.353804	0.474687	0.447558	0.447558	0.447558	0.447558	0.447558	0.447558	0.447558	0.447558	0.447558	0.447558	0.447558	0.447558	0.447558	0.447558	0.447558	0.447558	0.474687	0.353804	0	0	0	0	0	0	0	0	0	0	0	0	0	0	0	0	0	0	0.353804	0.474687	0.447558	0.570518	0.791143	0.895062	0.895062	0.895062	0.895062	0.895062	0.895062	0.895062	0.895062	0.895062	0.895062	0.895062	0.895062	1.00067	1.00067	0.895062	0.895062	0.895062	0.895062	0.895062	1.00067	1.00067	0.895062	1.01312	1.20492	1.06137	0.895062	0.895062
0	0	0	0	0.447481	0.447481	0	0	0	0	0.447481	0.447481	0	0	0.447481	0.447481	0	0	0	0.447481	0.447481	0	0.447481	0.447481	0	0	0	0.447481	0.447481	0	0	0	0.447481	0.447481	0	0	0.447481	0.447481	0	0.447481	0.447481	0	0.447481	0.447481	0	0.447481	0.447481	0	0.447481	0.447481	0	0.447481	0.447481	0	0.447481	0.894908	0.447481	0	0	0.447481	0.894908	0.447481	0	0.447481	0.894908	0.447481	0	0	0.447481	0.447481	0	0.447481	0.894908	0.447481	0	0.447481	0.447481	0	0.447481	0.447481	0	0.447481	0.447481	0.447481	0.447481	0	0.447481	0.447481	0	0	0.447481	0.447481	0	0	0	0	0.447481	0.447481	0	0	0	0.447481	0.447481	0	0	0	0.447481	0.447481	0.447481	0.447481	0	0	0.447481	0.447481	0	0.447481	0.447481	0.447481	0.447481	0	0	0.447481	0.447481	0	0.447481	0.447481	0.447481	0.447481	0	0	0.447481	0.447481	0	0.447481	0.447481	0	0.447481	0.447481	0	0.447481	0.447481	0	0.447481	0.447481	0	0.447481	0.447481	0	0.447481	0.447481	0	0.447481	0.447481	0	0	0	0.447481	0.447481	0	0	0	0	0.447481	0.447481	0	0	0	0	0.447481	0.447481	0	0	0	0	0	0.447481	0.447481	0	0	0	0	0	0	0	0	0	0.447481	0.447481	0	0	0	0	0	0	0	0	0	0	0	0	0	0	0	0	0.447481	0.447481	0	0	0	0	0	0	0	0	0	0	0	0	0	0	0	0	0	0	0.447481	0.447481	0	0	0	0	0	0	0	0	0	0	0	0	0	0	0	0.447481	0.447481	0	0	0	0	0	0.447481	0.447481	0	0	0.447481	0.447481	0	0
0	0	0	0	0.447439	0.447439	0	0	0	0	0.447439	0.447439	0	0	0.447439	0.447439	0	0	0	0.447439	0.447439	0	0.447439	0.447439	0	0	0	0.447439	0.447439	0	0	0	0.447439	0.447439	0	0	0.447439	0.447439	0	0.447439	0.447439	0	0.447439	0.447439	0	0.447439	0.447439	0	0.447439	0.447439	0	0.447439	0.447439	0	0.447439	0.894824	0.447439	0	0	0.447439	0.894824	0.447439	0	0.447439	0.894824	0.447439	0	0	0.447439	0.447439	0	0.447439	0.894824	0.447439	0	0.447439	0.447439	0	0.447439	0.447439	0	0.447439	0.447439	0.447439	0.447439	0	0.447439	0.447439	0	0	0.447439	0.447439	0	0	0	0	0.447439	0.447439	0	0	0	0.447439	0.447439	0	0	0	0.447439	0.447439	0.447439	0.447439	0	0	0.447439	0.447439	0	0.447439	0.447439	0.447439	0.447439	0	0	0.447439	0.447439	0	0.447439	0.447439	0.447439	0.447439	0	0	0.447439	0.447439	0	0.447439	0.447439	0	0.447439	0.447439	0	0.447439	0.447439	0	0.447439	0.447439	0	0.447439	0.447439	0	0.447439	0.447439	0	0.447439	0.447439	0	0	0	0.447439	0.447439	0	0	0	0	0.447439	0.447439	0	0	0	0	0.447439	0.447439	0	0	0	0	0	0.447439	0.447439	0	0	0	0	0	0	0	0	0	0.447439	0.447439	0	0	0	0	0	0	0	0	0	0	0	0	0	0	0	0	0.447439	0.447439	0	0	0	0	0	0	0	0	0	0	0	0	0	0	0	0	0	0	0.447439	0.447439	0	0	0	0	0	0	0	0	0	0	0	0	0	0	0	0.447439	0.447439	0	0	0	0	0	0.447439	0.447439	0	0	0.447439	0.447439	0	0
0	0	0	0	0.447397	0.447397	0	0	0	0	0.447397	0.447397	0	0	0.447397	0.447397	0	0	0	0.447397	0.447397	0	0.447397	0.447397	0	0	0	0.447397	0.447397	0	0	0	0.447397	0.447397	0	0	0.447397	0.447397	0	0.447397	0.447397	0	0.447397	0.447397	0	0.447397	0.447397	0	0.447397	0.447397	0	0.447397	0.447397	0	0.447397	0.89474	0.447397	0	0	0.447397	0.89474	0.447397	0	0.447397	0.89474	0.447397	0	0	0.447397	0.447397	0	0.447397	0.89474	0.447397	0	0.447397	0.447397	0	0.447397	0.447397	0	0.447397	0.447397	0.447397	0.447397	0	0.447397	0.447397	0	0	0.447397	0.447397	0	0	0	0	0.447397	0.447397	0	0	0	0.447397	0.447397	0	0	0	0.447397	0.447397	0.447397	0.447397	0	0	0.447397	0.447397	0	0.447397	0.447397	0.447397	0.447397	0	0	0.447397	0.447397	0	0.447397	0.447397	0.447397	0.447397	0	0	0.447397	0.447397	0	0.447397	0.447397	0	0.447397	0.447397	0	0.447397	0.447397	0	0.447397	0.447397	0	0.447397	0.447397	0	0.447397	0.447397	0	0.447397	0.447397	0	0	0	0.447397	0.447397	0	0	0	0	0.447397	0.447397	0	0	0	0	0.447397	0.447397	0	0	0	0	0	0.447397	0.447397	0	0	0	0	0	0	0	0	0	0.447397	0.447397	0	0	0	0	0	0	0	0	0	0	0	0	0	0	0	0	0.447397	0.447397	0	0	0	0	0	0	0	0	0	0	0	0	0	0	0	0	0	0	0.447397	0.447397	0	0	0	0	0	0	0	0	0	0	0	0	0	0	0	0.447397	0.447397	0	0	0	0	0	0.447397	0.447397	0	0	0.447397	0.447397	0	0
0	0	0	0	0.447356	0.447356	0	0	0	0	0.447356	0.447356	0	0	0.447356	0.447356	0	0	0	0.447356	0.447356	0	0.447356	0.447356	0	0	0	0.447356	0.447356	0	0	0	0.447356	0.447356	0	0	0.447356	0.447356	0	0.447356	0.447356	0	0.447356	0.447356	0	0.447356	0.447356	0	0.447356	0.447356	0	0.447356	0.447356	0	0.447356	0.894657	0.447356	0	0	0.447356	0.894657	0.447356	0	0.447356	0.894657	0.447356	0	0	0.447356	0.447356	0	0.447356	0.894657	0.447356	0	0.447356	0.447356	0	0.447356	0.447356	0	0.447356	0.447356	0.447356	0.447356	0	0.447356	0.447356	0	0	0.447356	0.447356	0	0	0	0	0.447356	0.447356	0	0	0	0.447356	0.447356	0	0	0	0.447356	0.447356	0.447356	0.447356	0	0	0.447356	0.447356	0	0.447356	0.447356	0.447356	0.447356	0	0	0.447356	0.447356	0	0.447356	0.447356	0.447356	0.447356	0	0	0.447356	0.447356	0	0.447356	0.447356	0	0.447356	0.447356	0	0.447356	0.447356	0	0.447356	0.447356	0	0.447356	0.447356	0	0.447356	0.447356	0	0.447356	0.447356	0	0	0	0.447356	0.447356	0	0	0	0	0.447356	0.447356	0	0	0	0	0.447356	0.447356	0	0	0	0	0	0.447356	0.447356	0	0	0	0	0	0	0	0	0	0.447356	0.447356	0	0	0	0	0	0	0	0	0	0	0	0	0	0	0	0	0.447356	0.447356	0	0	0	0	0	0	0	0	0	0	0	0	0	0	0	0	0	0	0.447356	0.447356	0	0	0	0	0	0	0	0	0	0	0	0	0	0	0	0.447356	0.447356	0	0	0	0	0	0.447356	0.447356	0	0	0.447356	0.447356	0	0
0	0	0	0	0.447314	0.447314	0	0	0	0	0.447314	0.447314	0	0	0.447314	0.447314	0	0	0	0.447314	0.447314	0	0.447314	0.447314	0	0	0	0.447314	0.447314	0	0	0	0.447314	0.447314	0	0	0.447314	0.447314	0	0.447314	0.447314	0	0.447314	0.447314	0	0.447314	0.447314	0	0.447314	0.447314	0	0.447314	0.447314	0	0.447314	0.894573	0.447314	0	0	0.447314	0.894573	0.447314	0	0.447314	0.894573	0.447314	0	0	0.447314	0.447314	0	0.447314	0.894573	0.447314	0	0.447314	0.447314	0	0.447314	0.447314	0	0.447314	0.447314	0.447314	0.447314	0	0.447314	0.447314	0	0	0.447314	0.447314	0	0	0	0	0.447314	0.447314	0	0	0	0.447314	0.447314	0	0	0	0.447314	0.447314	0.447314	0.447314	0	0	0.447314	0.447314	0	0.447314	0.447314	0.447314	0.447314	0	0	0.447314	0.447314	0	0.447314	0.447314	0.447314	0.447314	0	0	0.447314	0.447314	0	0.447314	0.447314	0	0.447314	0.447314	0	0.447314	0.447314	0	0.447314	0.447314	0	0.447314	0.447314	0	0.447314	0.447314	0	0.447314	0.447314	0	0	0	0.447314	0.447314	0	0	0	0	0.447314	0.447314	0	0	0	0	0.447314	0.447314	0	0	0	0	0	0.447314	0.447314	0	0	0	0	0	0	0	0	0	0.447314	0.447314	0	0	0	0	0	0	0	0	0	0	0	0	0	0	0	0	0.447314	0.447314	0	0	0	0	0	0	0	0	0	0	0	0	0	0	0	0	0	0	0.447314	0.447314	0	0	0	0	0	0	0	0	0	0	0	0	0	0	0	0.447314	0.447314	0	0	0	0	0	0.447314	0.447314	0	0	0.447314	0.447314	0	0
0	0	0	0	0.447272	0.447272	0	0	0	0	0.447272	0.447272	0	0	0.447272	0.447272	0	0	0	0.447272	0.447272	0	0.447272	0.447272	0	0	0	0.447272	0.447272	0	0	0	0.447272	0.447272	0	0	0.447272	0.447272	0	0.447272	0.447272	0	0.447272	0.447272	0	0.447272	0.447272	0	0.447272	0.447272	0	0.447272	0.447272	0	0.447272	0.894489	0.447272	0	0	0.447272	0.894489	0.447272	0	0.447272	0.894489	0.447272	0	0	0.447272	0.447272	0	0.447272	0.894489	0.447272	0	0.447272	0.447272	0	0.447272	0.447272	0	0.447272	0.447272	0.447272	0.447272	0	0.447272	0.447272	0	0	0.447272	0.447272	0	0	0	0	0.447272	0.447272	0	0	0	0.447272	0.447272	0	0	0	0.447272	0.447272	0.447272	0.447272	0	0	0.447272	0.447272	0	0.447272	0.447272	0.447272	0.447272	0	0	0.447272	0.447272	0	0.447272	0.447272	0.447272	0.447272	0	0	0.447272	0.447272	0	0.447272	0.447272	0	0.447272	0.447272	0	0.447272	0.447272	0	0.447272	0.447272	0	0.447272	0.447272	0	0.447272	0.447272	0	0.447272	0.447272	0	0	0	0.447272	0.447272	0	0	0	0	0.447272	0.447272	0	0	0	0	0.447272	0.447272	0	0	0	0	0	0.447272	0.447272	0	0	0	0	0	0	0	0	0	0.447272	0.447272	0	0	0	0	0	0	0	0	0	0	0	0	0	0	0	0	0.447272	0.447272	0	0	0	0	0	0	0	0	0	0	0	0	0	0	0	0	0	0	0.447272	0.447272	0	0	0	0	0	0	0	0	0	0	0	0	0	0	0	0.447272	0.447272	0	0	0	0	0	0.447272	0.447272	0	0	0.447272	0.447272	0	0
0	0	0	0	0.44723	0.44723	0	0	0	0	0.44723	0.44723	0	0	0.44723	0.44723	0	0	0	0.44723	0.44723	0	0.44723	0.44723	0	0	0	0.44723	0.44723	0	0	0	0.44723	0.44723	0	0	0.44723	0.44723	0	0.44723	0.44723	0	0.44723	0.44723	0	0.44723	0.44723	0	0.44723	0.44723	0	0.44723	0.44723	0	0.44723	0.894405	0.44723	0	0	0.44723	0.894405	0.44723	0	0.44723	0.894405	0.44723	0	0	0.44723	0.44723	0	0.44723	0.894405	0.44723	0	0.44723	0.44723	0	0.44723	0.44723	0	0.44723	0.44723	0.44723	0.44723	0	0.44723	0.44723	0	0	0.44723	0.44723	0	0	0	0	0.44723	0.44723	0	0	0	0.44723	0.44723	0	0	0	0.44723	0.44723	0.44723	0.44723	0	0	0.44723	0.44723	0	0.44723	0.44723	0.44723	0.44723	0	0	0.44723	0.44723	0	0.44723	0.44723	0.44723	0.44723	0	0	0.44723	0.44723	0	0.44723	0.44723	0	0.44723	0.44723	0	0.44723	0.44723	0	0.44723	0.44723	0	0.44723	0.44723	0	0.44723	0.44723	0	0.44723	0.44723	0	0	0	0.44723	0.44723	0	0	0	0	0.44723	0.44723	0	0	0	0	0.44723	0.44723	0	0	0	0	0	0.44723	0.44723	0	0	0	0	0	0	0	0	0	0.44723	0.44723	0	0	0	0	0	0	0	0	0	0	0	0	0	0	0	0	0.44723	0.44723	0	0	0	0	0	0	0	0	0	0	0	0	0	0	0	0	0	0	0.44723	0.44723	0	0	0	0	0	0	0	0	0	0	0	0	0	0	0	0.44723	0.44723	0	0	0	0	0	0.44723	0.44723	0	0	0.44723	0.44723	0	0
0	0	0	0	0.447181	0.447181	0	0	0	0	0.447181	0.447181	0	0	0.447181	0.447181	0	0	0	0.447181	0.447181	0	0.447181	0.447181	0	0	0	0.447181	0.447181	0	0	0	0.447181	0.447181	0	0	0.447181	0.447181	0	0.447181	0.447181	0	0.447181	0.447181	0	0.447181	0.447181	0	0.447181	0.447181	0	0.447181	0.447181	0	0.447181	0.894307	0.447181	0	0	0.447181	0.894307	0.447181	0	0.447181	0.894307	0.447181	0	0	0.447181	0.447181	0	0.447181	0.894307	0.447181	0	0.447181	0.447181	0	0.447181	0.447181	0	0.447181	0.447181	0.447181	0.447181	0	0.447181	0.447181	0	0	0.447181	0.447181	0	0	0	0	0.447181	0.447181	0	0	0	0.447181	0.447181	0	0	0	0.447181	0.447181	0.447181	0.447181	0	0	0.447181	0.447181	0	0.447181	0.447181	0.447181	0.447181	0	0	0.447181	0.447181	0	0.447181	0.447181	0.447181	0.447181	0	0	0.447181	0.447181	0	0.447181	0.447181	0	0.447181	0.447181	0	0.447181	0.447181	0	0.447181	0.447181	0	0.447181	0.447181	0	0.447181	0.447181	0	0.447181	0.447181	0	0	0	0.447181	0.447181	0	0	0	0	0.447181	0.447181	0	0	0	0	0.447181	0.447181	0	0	0	0	0	0.447181	0.447181	0	0	0	0	0	0	0	0	0	0.447181	0.447181	0	0	0	0	0	0	0	0	0	0	0	0	0	0	0	0	0.447181	0.447181	0	0	0	0	0	0	0	0	0	0	0	0	0	0	0	0	0	0	0.447181	0.447181	0	0	0	0	0	0	0	0	0	0	0	0	0	0	0	0.447181	0.447181	0	0	0	0	0	0.447181	0.447181	0	0	0.447181	0.447181	0	0
0.894294	0.790464	0.570028	0.447174	0.632362	0.632362	0.447174	0.447174	0.447174	0.353522	0.499922	0.47428	0.447174	0.447174	0.632362	0.632362	0.447174	0.447174	0.353522	0.499922	0.47428	0.447174	0.632362	0.632362	0.447174	0.353522	0.158097	0.3535	0.47428	0.447174	0.353522	0.158097	0.3535	0.47428	0.447174	0.447174	0.632362	0.632362	0.447174	0.651834	0.851338	0.790464	0.806098	0.806098	0.570028	0.651834	0.806098	0.570028	0.651834	0.851338	0.790464	0.806098	0.851338	0.790464	0.790434	0.961564	0.851338	0.790464	0.570028	0.651834	1.10654	0.999815	0.894294	0.999815	1.26457	0.999815	0.894294	0.894294	0.999815	0.961588	0.570028	0.651834	1.10654	0.999815	0.790464	0.806098	0.851338	0.790464	0.790434	0.632362	0.447174	0.632362	0.632362	0.632362	0.632362	0.447174	0.651834	0.806098	0.570028	0.447174	0.632362	0.632362	0.447174	0.447174	0.447174	0.353522	0.499922	0.47428	0.447174	0.353522	0.158097	0.3535	0.47428	0.447174	0.353522	0.158097	0.3535	0.499922	0.499922	0.47428	0.353522	0.158097	0.3535	0.47428	0.447174	0.632362	0.632362	0.632362	0.632362	0.353522	0.158097	0.3535	0.499922	0.158097	0.3535	0.47428	0.632362	0.632362	0.353522	0.158097	0.3535	0.499922	0.158097	0.3535	0.47428	0.353522	0.499922	0.499922	0.158097	0.3535	0.499922	0.158097	0.3535	0.47428	0.353522	0.569987	0.447139	0	0.447139	0.447139	0	0.447139	0.447139	0	0.158097	0.353522	0.47428	0.3535	0.158097	0.353522	0.447174	0.447174	0.47428	0.499922	0.353522	0.447174	0.447174	0.447174	0.47428	0.499922	0.353522	0.447174	0.447174	0.447174	0.447174	0.632362	0.632362	0.447174	0.447174	0.447174	0.447174	0.447174	0.447174	0.570028	0.790464	0.894294	0.851338	0.651834	0.447174	0.447174	0.447174	0.447174	0.447174	0.447174	0.447174	0.447174	0.447174	0.447174	0.447174	0.447174	0.447174	0.447174	0.353522	0.158097	0.3535	0.47428	0.447174	0.447174	0.447174	0.447174	0.447174	0.447174	0.447174	0.447174	0.447174	0.447174	0.447174	0.447174	0.447174	0.447174	0.447174	0.447174	0.353522	0.158097	0.3535	0.47428	0.447174	0.447174	0.447174	0.447174	0.447174	0.447174	0.447174	0.447174	0.447174	0.447174	0.447174	0.447174	0.447174	0.447174	0.447174	0.47428	0.3535	0	0	0	0	0	0.447139	0.447139	0	0	0.447139	0.447139	0	0
0.89421	0.851259	0.651773	0.447132	0.632303	0.632303	0.447132	0.447132	0.447132	0.474236	0.499875	0.353489	0.447132	0.447132	0.632303	0.632303	0.447132	0.447132	0.474236	0.499875	0.353489	0.447132	0.632303	0.632303	0.447132	0.474236	0.353467	0.158082	0.353489	0.447132	0.474236	0.353467	0.158082	0.353489	0.447132	0.447132	0.632303	0.632303	0.447132	0.569975	0.79039	0.851259	0.806023	0.806023	0.651773	0.569975	0.806023	0.651773	0.569975	0.79039	0.851259	0.806023	0.79039	0.851259	0.961474	0.79036	0.79039	0.851259	0.651773	0.569975	0.961498	0.999721	0.89421	0.999721	1.26445	0.999721	0.89421	0.89421	0.999721	1.10644	0.651773	0.569975	0.961498	0.999721	0.851259	0.806023	0.79039	0.851259	0.961474	0.632303	0.447132	0.632303	0.632303	0.632303	0.632303	0.447132	0.569975	0.806023	0.651773	0.447132	0.632303	0.632303	0.447132	0.447132	0.447132	0.474236	0.499875	0.353489	0.447132	0.474236	0.353467	0.158082	0.353489	0.447132	0.474236	0.353467	0.158082	0.499875	0.499875	0.353489	0.474236	0.353467	0.158082	0.353489	0.447132	0.632303	0.632303	0.632303	0.632303	0.474236	0.353467	0.158082	0.499875	0.353467	0.158082	0.353489	0.632303	0.632303	0.474236	0.353467	0.158082	0.499875	0.353467	0.158082	0.353489	0.474236	0.499875	0.499875	0.353467	0.158082	0.499875	0.353467	0.158082	0.353489	0.474236	0.790331	0.447097	0	0.447097	0.447097	0	0.447097	0.447097	0	0.353467	0.474236	0.353489	0.158082	0.353467	0.474236	0.447132	0.447132	0.353489	0.499875	0.474236	0.447132	0.447132	0.447132	0.353489	0.499875	0.474236	0.447132	0.447132	0.447132	0.447132	0.632303	0.632303	0.447132	0.447132	0.447132	0.447132	0.447132	0.447132	0.651773	0.851259	0.89421	0.79039	0.569975	0.447132	0.447132	0.447132	0.447132	0.447132	0.447132	0.447132	0.447132	0.447132	0.447132	0.447132	0.447132	0.447132	0.447132	0.474236	0.353467	0.158082	0.353489	0.447132	0.447132	0.447132	0.447132	0.447132	0.447132	0.447132	0.447132	0.447132	0.447132	0.447132	0.447132	0.447132	0.447132	0.447132	0.447132	0.474236	0.353467	0.158082	0.353489	0.447132	0.447132	0.447132	0.447132	0.447132	0.447132	0.447132	0.447132	0.447132	0.447132	0.447132	0.447132	0.447132	0.447132	0.447132	0.353489	0.158082	0	0	0	0	0	0.447097	0.447097	0	0	0.447097	0.447097	0	0
0	0.447055	0.447055	0	0.447055	0.447055	0	0	0	0.447055	0.447055	0	0	0	0.447055	0.447055	0	0	0.447055	0.447055	0	0	0.447055	0.447055	0	0.447055	0.447055	0	0	0	0.447055	0.447055	0	0	0	0	0.447055	0.447055	0	0	0	0.447055	0.447055	0.447055	0.447055	0	0.447055	0.447055	0	0	0.447055	0.447055	0	0.447055	0.894056	0.447055	0	0.447055	0.447055	0	0.447055	0.447055	0	0.447055	0.894056	0.447055	0	0	0.447055	0.894056	0.447055	0	0.447055	0.447055	0.447055	0.447055	0	0.447055	0.894056	0.447055	0	0.447055	0.447055	0.447055	0.447055	0	0	0.447055	0.447055	0	0.447055	0.447055	0	0	0	0.447055	0.447055	0	0	0.447055	0.447055	0	0	0	0.447055	0.447055	0	0.447055	0.447055	0	0.447055	0.447055	0	0	0	0.447055	0.447055	0.447055	0.447055	0.447055	0.447055	0	0.447055	0.447055	0	0	0.447055	0.447055	0.447055	0.447055	0	0.447055	0.447055	0	0	0.447055	0.447055	0.447055	0.447055	0	0.447055	0.447055	0	0	0.447055	0.894056	0.447055	0	0.447055	0.447055	0	0.447055	0.447055	0	0.447055	0.447055	0	0	0.447055	0.447055	0	0	0	0.447055	0.447055	0	0	0	0	0.447055	0.447055	0	0	0	0	0.447055	0.447055	0	0	0	0	0	0	0.447055	0.447055	0	0	0	0	0	0	0	0	0	0	0	0	0	0	0	0	0	0.447055	0.447055	0	0	0	0	0	0	0	0	0	0	0	0	0	0	0	0	0	0	0.447055	0.447055	0	0	0	0	0	0	0	0	0	0	0	0	0	0	0	0	0	0	0	0	0	0	0	0	0.447055	0.447055	0	0	0.447055	0.447055	0	0
0	0.447014	0.447014	0	0.447014	0.447014	0	0	0	0.447014	0.447014	0	0	0	0.447014	0.447014	0	0	0.447014	0.447014	0	0	0.447014	0.447014	0	0.447014	0.447014	0	0	0	0.447014	0.447014	0	0	0	0	0.447014	0.447014	0	0	0	0.447014	0.447014	0.447014	0.447014	0	0.447014	0.447014	0	0	0.447014	0.447014	0	0.447014	0.893973	0.447014	0	0.447014	0.447014	0	0.447014	0.447014	0	0.447014	0.893973	0.447014	0	0	0.447014	0.893973	0.447014	0	0.447014	0.447014	0.447014	0.447014	0	0.447014	0.893973	0.447014	0	0.447014	0.447014	0.447014	0.447014	0	0	0.447014	0.447014	0	0.447014	0.447014	0	0	0	0.447014	0.447014	0	0	0.447014	0.447014	0	0	0	0.447014	0.447014	0	0.447014	0.447014	0	0.447014	0.447014	0	0	0	0.447014	0.447014	0.447014	0.447014	0.447014	0.447014	0	0.447014	0.447014	0	0	0.447014	0.447014	0.447014	0.447014	0	0.447014	0.447014	0	0	0.447014	0.447014	0.447014	0.447014	0	0.447014	0.447014	0	0	0.447014	0.893973	0.447014	0	0.447014	0.447014	0	0.447014	0.447014	0	0.447014	0.447014	0	0	0.447014	0.447014	0	0	0	0.447014	0.447014	0	0	0	0	0.447014	0.447014	0	0	0	0	0.447014	0.447014	0	0	0	0	0	0	0.447014	0.447014	0	0	0	0	0	0	0	0	0	0	0	0	0	0	0	0	0	0.447014	0.447014	0	0	0	0	0	0	0	0	0	0	0	0	0	0	0	0	0	0	0.447014	0.447014	0	0	0	0	0	0	0	0	0	0	0	0	0	0	0	0	0	0	0	0	0	0	0	0	0.447014	0.447014	0	0	0.447014	0.447014	0	0
0	0.446972	0.446972	0	0.446972	0.446972	0	0	0	0.446972	0.446972	0	0	0	0.446972	0.446972	0	0	0.446972	0.446972	0	0	0.446972	0.446972	0	0.446972	0.446972	0	0	0	0.446972	0.446972	0	0	0	0	0.446972	0.446972	0	0	0	0.446972	0.446972	0.446972	0.446972	0	0.446972	0.446972	0	0	0.446972	0.446972	0	0.446972	0.893889	0.446972	0	0.446972	0.446972	0	0.446972	0.446972	0	0.446972	0.893889	0.446972	0	0	0.446972	0.893889	0.446972	0	0.446972	0.446972	0.446972	0.446972	0	0.446972	0.893889	0.446972	0	0.446972	0.446972	0.446972	0.446972	0	0	0.446972	0.446972	0	0.446972	0.446972	0	0	0	0.446972	0.446972	0	0	0.446972	0.446972	0	0	0	0.446972	0.446972	0	0.446972	0.446972	0	0.446972	0.446972	0	0	0	0.446972	0.446972	0.446972	0.446972	0.446972	0.446972	0	0.446972	0.446972	0	0	0.446972	0.446972	0.446972	0.446972	0	0.446972	0.446972	0	0	0.446972	0.446972	0.446972	0.446972	0	0.446972	0.446972	0	0	0.446972	0.893889	0.446972	0	0.446972	0.446972	0	0.446972	0.446972	0	0.446972	0.446972	0	0	0.446972	0.446972	0	0	0	0.446972	0.446972	0	0	0	0	0.446972	0.446972	0	0	0	0	0.446972	0.446972	0	0	0	0	0	0	0.446972	0.446972	0	0	0	0	0	0	0	0	0	0	0	0	0	0	0	0	0	0.446972	0.446972	0	0	0	0	0	0	0	0	0	0	0	0	0	0	0	0	0	0	0.446972	0.446972	0	0	0	0	0	0	0	0	0	0	0	0	0	0	0	0	0	0	0	0	0	0	0	0	0.446972	0.446972	0	0	0.446972	0.446972	0	0
0	0.44693	0.44693	0	0.44693	0.44693	0	0	0	0.44693	0.44693	0	0	0	0.44693	0.44693	0	0	0.44693	0.44693	0	0	0.44693	0.44693	0	0.44693	0.44693	0	0	0	0.44693	0.44693	0	0	0	0	0.44693	0.44693	0	0	0	0.44693	0.44693	0.44693	0.44693	0	0.44693	0.44693	0	0	0.44693	0.44693	0	0.44693	0.893805	0.44693	0	0.44693	0.44693	0	0.44693	0.44693	0	0.44693	0.893805	0.44693	0	0	0.44693	0.893805	0.44693	0	0.44693	0.44693	0.44693	0.44693	0	0.44693	0.893805	0.44693	0	0.44693	0.44693	0.44693	0.44693	0	0	0.44693	0.44693	0	0.44693	0.44693	0	0	0	0.44693	0.44693	0	0	0.44693	0.44693	0	0	0	0.44693	0.44693	0	0.44693	0.44693	0	0.44693	0.44693	0	0	0	0.44693	0.44693	0.44693	0.44693	0.44693	0.44693	0	0.44693	0.44693	0	0	0.44693	0.44693	0.44693	0.44693	0	0.44693	0.44693	0	0	0.44693	0.44693	0.44693	0.44693	0	0.44693	0.44693	0	0	0.44693	0.893805	0.44693	0	0.44693	0.44693	0	0.44693	0.44693	0	0.44693	0.44693	0	0	0.44693	0.44693	0	0	0	0.44693	0.44693	0	0	0	0	0.44693	0.44693	0	0	0	0	0.44693	0.44693	0	0	0	0	0	0	0.44693	0.44693	0	0	0	0	0	0	0	0	0	0	0	0	0	0	0	0	0	0.44693	0.44693	0	0	0	0	0	0	0	0	0	0	0	0	0	0	0	0	0	0	0.44693	0.44693	0	0	0	0	0	0	0	0	0	0	0	0	0	0	0	0	0	0	0	0	0	0	0	0	0.44693	0.44693	0	0	0.44693	0.44693	0	0
0	0.446888	0.446888	0	0.446888	0.446888	0	0	0	0.446888	0.446888	0	0	0	0.446888	0.446888	0	0	0.446888	0.446888	0	0	0.446888	0.446888	0	0.446888	0.446888	0	0	0	0.446888	0.446888	0	0	0	0	0.446888	0.446888	0	0	0	0.446888	0.446888	0.446888	0.446888	0	0.446888	0.446888	0	0	0.446888	0.446888	0	0.446888	0.893722	0.446888	0	0.446888	0.446888	0	0.446888	0.446888	0	0.446888	0.893722	0.446888	0	0	0.446888	0.893722	0.446888	0	0.446888	0.446888	0.446888	0.446888	0	0.446888	0.893722	0.446888	0	0.446888	0.446888	0.446888	0.446888	0	0	0.446888	0.446888	0	0.446888	0.446888	0	0	0	0.446888	0.446888	0	0	0.446888	0.446888	0	0	0	0.446888	0.446888	0	0.446888	0.446888	0	0.446888	0.446888	0	0	0	0.446888	0.446888	0.446888	0.446888	0.446888	0.446888	0	0.446888	0.446888	0	0	0.446888	0.446888	0.446888	0.446888	0	0.446888	0.446888	0	0	0.446888	0.446888	0.446888	0.446888	0	0.446888	0.446888	0	0	0.446888	0.893722	0.446888	0	0.446888	0.446888	0	0.446888	0.446888	0	0.446888	0.446888	0	0	0.446888	0.446888	0	0	0	0.446888	0.446888	0	0	0	0	0.446888	0.446888	0	0	0	0	0.446888	0.446888	0	0	0	0	0	0	0.446888	0.446888	0	0	0	0	0	0	0	0	0	0	0	0	0	0	0	0	0	0.446888	0.446888	0	0	0	0	0	0	0	0	0	0	0	0	0	0	0	0	0	0	0.446888	0.446888	0	0	0	0	0	0	0	0	0	0	0	0	0	0	0	0	0	0	0	0	0	0	0	0	0.446888	0.446888	0	0	0.446888	0.446888	0	0
0	0.446846	0.446846	0	0.446846	0.446846	0	0	0	0.446846	0.446846	0	0	0	0.446846	0.446846	0	0	0.446846	0.446846	0	0	0.446846	0.446846	0	0.446846	0.446846	0	0	0	0.446846	0.446846	0	0	0	0	0.446846	0.446846	0	0	0	0.446846	0.446846	0.446846	0.446846	0	0.446846	0.446846	0	0	0.446846	0.446846	0	0.446846	0.893638	0.446846	0	0.446846	0.446846	0	0.446846	0.446846	0	0.446846	0.893638	0.446846	0	0	0.446846	0.893638	0.446846	0	0.446846	0.446846	0.446846	0.446846	0	0.446846	0.893638	0.446846	0	0.446846	0.446846	0.446846	0.446846	0	0	0.446846	0.446846	0	0.446846	0.446846	0	0	0	0.446846	0.446846	0	0	0.446846	0.446846	0	0	0	0.446846	0.446846	0	0.446846	0.446846	0	0.446846	0.446846	0	0	0	0.446846	0.446846	0.446846	0.446846	0.446846	0.446846	0	0.446846	0.446846	0	0	0.446846	0.446846	0.446846	0.446846	0	0.446846	0.446846	0	0	0.446846	0.446846	0.446846	0.446846	0	0.446846	0.446846	0	0	0.446846	0.893638	0.446846	0	0.446846	0.446846	0	0.446846	0.446846	0	0.446846	0.446846	0	0	0.446846	0.446846	0	0	0	0.446846	0.446846	0	0	0	0	0.446846	0.446846	0	0	0	0	0.446846	0.446846	0	0	0	0	0	0	0.446846	0.446846	0	0	0	0	0	0	0	0	0	0	0	0	0	0	0	0	0	0.446846	0.446846	0	0	0	0	0	0	0	0	0	0	0	0	0	0	0	0	0	0	0.446846	0.446846	0	0	0	0	0	0	0	0	0	0	0	0	0	0	0	0	0	0	0	0	0	0	0	0	0.446846	0.446846	0	0	0.446846	0.446846	0	0
0	0.446797	0.446797	0	0.446797	0.446797	0	0	0	0.446797	0.446797	0	0	0	0.446797	0.446797	0	0	0.446797	0.446797	0	0	0.446797	0.446797	0	0.446797	0.446797	0	0	0	0.446797	0.446797	0	0	0	0	0.446797	0.446797	0	0	0	0.446797	0.446797	0.446797	0.446797	0	0.446797	0.446797	0	0	0.446797	0.446797	0	0.446797	0.89354	0.446797	0	0.446797	0.446797	0	0.446797	0.446797	0	0.446797	0.89354	0.446797	0	0	0.446797	0.89354	0.446797	0	0.446797	0.446797	0.446797	0.446797	0	0.446797	0.89354	0.446797	0	0.446797	0.446797	0.446797	0.446797	0	0	0.446797	0.446797	0	0.446797	0.446797	0	0	0	0.446797	0.446797	0	0	0.446797	0.446797	0	0	0	0.446797	0.446797	0	0.446797	0.446797	0	0.446797	0.446797	0	0	0	0.446797	0.446797	0.446797	0.446797	0.446797	0.446797	0	0.446797	0.446797	0	0	0.446797	0.446797	0.446797	0.446797	0	0.446797	0.446797	0	0	0.446797	0.446797	0.446797	0.446797	0	0.446797	0.446797	0	0	0.446797	0.89354	0.446797	0	0.446797	0.446797	0	0.446797	0.446797	0	0.446797	0.446797	0	0	0.446797	0.446797	0	0	0	0.446797	0.446797	0	0	0	0	0.446797	0.446797	0	0	0	0	0.446797	0.446797	0	0	0	0	0	0	0.446797	0.446797	0	0	0	0	0	0	0	0	0	0	0	0	0	0	0	0	0	0.446797	0.446797	0	0	0	0	0	0	0	0	0	0	0	0	0	0	0	0	0	0	0.446797	0.446797	0	0	0	0	0	0	0	0	0	0	0	0	0	0	0	0	0	0	0	0	0	0	0	0	0.446797	0.446797	0	0	0.446797	0.446797	0	0
0	0.446756	0.446756	0	0.446756	0.446756	0	0	0	0.446756	0.446756	0	0	0.157961	0.499493	0.353197	0	0	0.446756	0.446756	0	0	0.446756	0.446756	0	0.353197	0.473873	0.353219	0.157961	0	0.353197	0.473873	0.353219	0.157961	0	0	0.353197	0.499493	0.157961	0	0	0.353197	0.499493	0.499493	0.473873	0.353219	0.499493	0.473873	0.353219	0.157961	0.353197	0.499493	0.157961	0.353197	0.805383	0.805407	0.569539	0.651275	0.850608	0.789786	0.805407	0.850608	0.789786	0.789757	0.960739	0.850608	0.789786	0.569539	0.63182	0.99891	0.63182	0.44679	0.63182	0.63182	0.63182	0.63182	0.44679	0.63182	0.960739	0.850608	0.789786	0.789757	0.63182	0.651275	0.850608	0.789786	0.569539	0.63182	0.63182	0.44679	0.63182	0.63182	0.44679	0.44679	0.353219	0.499493	0.499493	0.157961	0	0.353197	0.473873	0.353219	0.157961	0	0.353197	0.473873	0.353219	0.499493	0.499493	0.157961	0.353197	0.473873	0.44679	0.353219	0.157961	0.353197	0.473873	0.63182	0.63182	0.63182	0.63182	0.44679	0.63182	0.63182	0.44679	0.44679	0.63182	0.63182	0.63182	0.63182	0.44679	0.63182	0.63182	0.44679	0.44679	0.63182	0.63182	0.63182	0.63182	0.44679	0.63182	0.63182	0.353219	0.157961	0.353197	0.850562	0.63182	0.44679	0.63182	0.63182	0.44679	0.63182	0.63182	0.44679	0.63182	0.63182	0.44679	0.353219	0.499493	0.473873	0.353219	0.157961	0	0.446756	0.446756	0	0	0	0.157961	0.499493	0.353197	0	0.157961	0.353219	0.44679	0.473873	0.353197	0	0	0.157961	0.353219	0.44679	0.44679	0.63182	0.63182	0.44679	0.44679	0.44679	0.44679	0.44679	0.44679	0.44679	0.44679	0.44679	0.44679	0.44679	0.44679	0.44679	0.44679	0.44679	0.44679	0.44679	0.651275	0.850608	0.893527	0.893527	0.893527	0.893527	0.893527	0.893527	0.893527	0.893527	0.893527	0.893527	0.893527	0.893527	0.789786	0.569539	0.44679	0.44679	0.44679	0.44679	0.651275	0.850608	0.893527	0.893527	0.893527	0.789786	0.569539	0.44679	0.44679	0.44679	0.44679	0.44679	0.44679	0.44679	0.44679	0.44679	0.44679	0.44679	0.44679	0.44679	0.44679	0.569539	0.789786	0.893527	0.893527	0.893527	0.850608	0.651275	0.44679	0.44679	0.63182	0.63182	0.44679	0.44679
0	0.446714	0.446714	0	0.446714	0.446714	0	0	0	0.446714	0.446714	0	0	0.353164	0.499446	0.157946	0	0	0.446714	0.446714	0	0	0.446714	0.446714	0	0.157946	0.353186	0.473829	0.353164	0	0.157946	0.353186	0.473829	0.353164	0	0	0.157946	0.499446	0.353164	0	0	0.157946	0.499446	0.499446	0.353186	0.473829	0.499446	0.353186	0.473829	0.353164	0.157946	0.499446	0.353164	0.157946	0.49947	0.805332	0.651214	0.569486	0.789712	0.850529	0.805332	0.789712	0.850529	0.960649	0.789683	0.789712	0.850529	0.651214	0.631761	0.998817	0.631761	0.446749	0.631761	0.631761	0.631761	0.631761	0.446749	0.631761	0.789683	0.789712	0.850529	0.960649	0.631761	0.569486	0.789712	0.850529	0.651214	0.631761	0.631761	0.446749	0.631761	0.631761	0.446749	0.446749	0.473829	0.499446	0.499446	0.353164	0	0.157946	0.353186	0.473829	0.353164	0	0.157946	0.353186	0.473829	0.499446	0.499446	0.353164	0.157946	0.353186	0.446749	0.473829	0.353164	0.157946	0.353186	0.631761	0.631761	0.631761	0.631761	0.446749	0.631761	0.631761	0.446749	0.446749	0.631761	0.631761	0.631761	0.631761	0.446749	0.631761	0.631761	0.446749	0.446749	0.631761	0.631761	0.631761	0.631761	0.446749	0.631761	0.631761	0.473829	0.353164	0.157946	0.65119	0.631761	0.446749	0.631761	0.631761	0.446749	0.631761	0.631761	0.446749	0.631761	0.631761	0.446749	0.473829	0.499446	0.353186	0.473829	0.353164	0	0.446714	0.446714	0	0	0	0.353164	0.499446	0.157946	0	0.353164	0.473829	0.446749	0.353186	0.157946	0	0	0.353164	0.473829	0.446749	0.446749	0.631761	0.631761	0.446749	0.446749	0.446749	0.446749	0.446749	0.446749	0.446749	0.446749	0.446749	0.446749	0.446749	0.446749	0.446749	0.446749	0.446749	0.446749	0.446749	0.569486	0.789712	0.893443	0.893443	0.893443	0.893443	0.893443	0.893443	0.893443	0.893443	0.893443	0.893443	0.893443	0.893443	0.850529	0.651214	0.446749	0.446749	0.446749	0.446749	0.569486	0.789712	0.893443	0.893443	0.893443	0.850529	0.651214	0.446749	0.446749	0.446749	0.446749	0.446749	0.446749	0.446749	0.446749	0.446749	0.446749	0.446749	0.446749	0.446749	0.446749	0.651214	0.850529	0.893443	0.893443	0.893443	0.789712	0.569486	0.446749	0.446749	0.631761	0.631761	0.446749	0.446749
0	0.446672	0.446672	0	0.446672	0.446672	0	0	0	0.446672	0.446672	0	0	0.446672	0.446672	0	0	0	0.446672	0.446672	0	0	0.446672	0.446672	0	0	0	0.446672	0.446672	0	0	0	0.446672	0.446672	0	0	0	0.446672	0.446672	0	0	0	0.446672	0.446672	0	0.446672	0.446672	0	0.446672	0.446672	0	0.446672	0.446672	0	0	0.446672	0.446672	0	0	0.446672	0.446672	0	0.446672	0.89329	0.446672	0	0.446672	0.446672	0.446672	0.89329	0.446672	0	0.446672	0.446672	0.446672	0.446672	0	0.446672	0.446672	0	0.446672	0.89329	0.446672	0	0	0.446672	0.446672	0.446672	0.446672	0	0.446672	0.446672	0	0	0.446672	0.446672	0.446672	0.446672	0	0	0	0.446672	0.446672	0	0	0	0.446672	0.446672	0.446672	0.446672	0	0	0	0.446672	0.446672	0	0	0.446672	0.446672	0.446672	0.446672	0	0.446672	0.446672	0	0	0.446672	0.446672	0.446672	0.446672	0	0.446672	0.446672	0	0	0.446672	0.446672	0.446672	0.446672	0	0.446672	0.446672	0.446672	0.446672	0	0.446672	0.446672	0	0.446672	0.446672	0	0.446672	0.446672	0	0.446672	0.446672	0	0.446672	0.446672	0	0.446672	0.446672	0	0.446672	0.446672	0	0	0	0.446672	0.446672	0	0	0.446672	0.446672	0	0	0	0	0	0.446672	0.446672	0	0	0.446672	0.446672	0	0	0	0	0	0	0	0	0	0	0	0	0	0	0	0	0	0	0	0	0	0	0	0	0	0	0	0	0	0	0	0.446672	0.446672	0	0	0	0	0	0	0	0	0	0.446672	0.446672	0	0	0	0	0	0	0	0	0	0	0	0	0	0	0.446672	0.446672	0	0	0	0	0	0	0	0.446672	0.446672	0	0
0	0.44663	0.44663	0	0.44663	0.44663	0	0	0	0.44663	0.44663	0	0	0.44663	0.44663	0	0	0	0.44663	0.44663	0	0	0.44663	0.44663	0	0	0	0.44663	0.44663	0	0	0	0.44663	0.44663	0	0	0	0.44663	0.44663	0	0	0	0.44663	0.44663	0	0.44663	0.44663	0	0.44663	0.44663	0	0.44663	0.44663	0	0	0.44663	0.44663	0	0	0.44663	0.44663	0	0.44663	0.893206	0.44663	0	0.44663	0.44663	0.44663	0.893206	0.44663	0	0.44663	0.44663	0.44663	0.44663	0	0.44663	0.44663	0	0.44663	0.893206	0.44663	0	0	0.44663	0.44663	0.44663	0.44663	0	0.44663	0.44663	0	0	0.44663	0.44663	0.44663	0.44663	0	0	0	0.44663	0.44663	0	0	0	0.44663	0.44663	0.44663	0.44663	0	0	0	0.44663	0.44663	0	0	0.44663	0.44663	0.44663	0.44663	0	0.44663	0.44663	0	0	0.44663	0.44663	0.44663	0.44663	0	0.44663	0.44663	0	0	0.44663	0.44663	0.44663	0.44663	0	0.44663	0.44663	0.44663	0.44663	0	0.44663	0.44663	0	0.44663	0.44663	0	0.44663	0.44663	0	0.44663	0.44663	0	0.44663	0.44663	0	0.44663	0.44663	0	0.44663	0.44663	0	0	0	0.44663	0.44663	0	0	0.44663	0.44663	0	0	0	0	0	0.44663	0.44663	0	0	0.44663	0.44663	0	0	0	0	0	0	0	0	0	0	0	0	0	0	0	0	0	0	0	0	0	0	0	0	0	0	0	0	0	0	0	0.44663	0.44663	0	0	0	0	0	0	0	0	0	0.44663	0.44663	0	0	0	0	0	0	0	0	0	0	0	0	0	0	0.44663	0.44663	0	0	0	0	0	0	0	0.44663	0.44663	0	0
0	0.446588	0.446588	0	0.446588	0.446588	0	0	0	0.446588	0.446588	0	0	0.446588	0.446588	0	0	0	0.446588	0.446588	0	0	0.446588	0.446588	0	0	0	0.446588	0.446588	0	0	0	0.446588	0.446588	0	0	0	0.446588	0.446588	0	0	0	0.446588	0.446588	0	0.446588	0.446588	0	0.446588	0.446588	0	0.446588	0.446588	0	0	0.446588	0.446588	0	0	0.446588	0.446588	0	0.446588	0.893123	0.446588	0	0.446588	0.446588	0.446588	0.893123	0.446588	0	0.446588	0.446588	0.446588	0.446588	0	0.446588	0.446588	0	0.446588	0.893123	0.446588	0	0	0.446588	0.446588	0.446588	0.446588	0	0.446588	0.446588	0	0	0.446588	0.446588	0.446588	0.446588	0	0	0	0.446588	0.446588	0	0	0	0.446588	0.446588	0.446588	0.446588	0	0	0	0.446588	0.446588	0	0	0.446588	0.446588	0.446588	0.446588	0	0.446588	0.446588	0	0	0.446588	0.446588	0.446588	0.446588	0	0.446588	0.446588	0	0	0.446588	0.446588	0.446588	0.446588	0	0.446588	0.446588	0.446588	0.446588	0	0.446588	0.446588	0	0.446588	0.446588	0	0.446588	0.446588	0	0.446588	0.446588	0	0.446588	0.446588	0	0.446588	0.446588	0	0.446588	0.446588	0	0	0	0.446588	0.446588	0	0	0.446588	0.446588	0	0	0	0	0	0.446588	0.446588	0	0	0.446588	0.446588	0	0	0	0	0	0	0	0	0	0	0	0	0	0	0	0	0	0	0	0	0	0	0	0	0	0	0	0	0	0	0	0.446588	0.446588	0	0	0	0	0	0	0	0	0	0.446588	0.446588	0	0	0	0	0	0	0	0	0	0	0	0	0	0	0.446588	0.446588	0	0	0	0	0	0	0	0.446588	0.446588	0	0
0	0.446547	0.446547	0	0.446547	0.446547	0	0	0	0.446547	0.446547	0	0	0.446547	0.446547	0	0	0	0.446547	0.446547	0	0	0.446547	0.446547	0	0	0	0.446547	0.446547	0	0	0	0.446547	0.446547	0	0	0	0.446547	0.446547	0	0	0	0.446547	0.446547	0	0.446547	0.446547	0	0.446547	0.446547	0	0.446547	0.446547	0	0	0.446547	0.446547	0	0	0.446547	0.446547	0	0.446547	0.893039	0.446547	0	0.446547	0.446547	0.446547	0.893039	0.446547	0	0.446547	0.446547	0.446547	0.446547	0	0.446547	0.446547	0	0.446547	0.893039	0.446547	0	0	0.446547	0.446547	0.446547	0.446547	0	0.446547	0.446547	0	0	0.446547	0.446547	0.446547	0.446547	0	0	0	0.446547	0.446547	0	0	0	0.446547	0.446547	0.446547	0.446547	0	0	0	0.446547	0.446547	0	0	0.446547	0.446547	0.446547	0.446547	0	0.446547	0.446547	0	0	0.446547	0.446547	0.446547	0.446547	0	0.446547	0.446547	0	0	0.446547	0.446547	0.446547	0.446547	0	0.446547	0.446547	0.446547	0.446547	0	0.446547	0.446547	0	0.446547	0.446547	0	0.446547	0.446547	0	0.446547	0.446547	0	0.446547	0.446547	0	0.446547	0.446547	0	0.446547	0.446547	0	0	0	0.446547	0.446547	0	0	0.446547	0.446547	0	0	0	0	0	0.446547	0.446547	0	0	0.446547	0.446547	0	0	0	0	0	0	0	0	0	0	0	0	0	0	0	0	0	0	0	0	0	0	0	0	0	0	0	0	0	0	0	0.446547	0.446547	0	0	0	0	0	0	0	0	0	0.446547	0.446547	0	0	0	0	0	0	0	0	0	0	0	0	0	0	0.446547	0.446547	0	0	0	0	0	0	0	0.446547	0.446547	0	0
0	0.446505	0.446505	0	0.446505	0.446505	0	0	0	0.446505	0.446505	0	0	0.446505	0.446505	0	0	0	0.446505	0.446505	0	0	0.446505	0.446505	0	0	0	0.446505	0.446505	0	0	0	0.446505	0.446505	0	0	0	0.446505	0.446505	0	0	0	0.446505	0.446505	0	0.446505	0.446505	0	0.446505	0.446505	0	0.446505	0.446505	0	0	0.446505	0.446505	0	0	0.446505	0.446505	0	0.446505	0.892956	0.446505	0	0.446505	0.446505	0.446505	0.892956	0.446505	0	0.446505	0.446505	0.446505	0.446505	0	0.446505	0.446505	0	0.446505	0.892956	0.446505	0	0	0.446505	0.446505	0.446505	0.446505	0	0.446505	0.446505	0	0	0.446505	0.446505	0.446505	0.446505	0	0	0	0.446505	0.446505	0	0	0	0.446505	0.446505	0.446505	0.446505	0	0	0	0.446505	0.446505	0	0	0.446505	0.446505	0.446505	0.446505	0	0.446505	0.446505	0	0	0.446505	0.446505	0.446505	0.446505	0	0.446505	0.446505	0	0	0.446505	0.446505	0.446505	0.446505	0	0.446505	0.446505	0.446505	0.446505	0	0.446505	0.446505	0	0.446505	0.446505	0	0.446505	0.446505	0	0.446505	0.446505	0	0.446505	0.446505	0	0.446505	0.446505	0	0.446505	0.446505	0	0	0	0.446505	0.446505	0	0	0.446505	0.446505	0	0	0	0	0	0.446505	0.446505	0	0	0.446505	0.446505	0	0	0	0	0	0	0	0	0	0	0	0	0	0	0	0	0	0	0	0	0	0	0	0	0	0	0	0	0	0	0	0.446505	0.446505	0	0	0	0	0	0	0	0	0	0.446505	0.446505	0	0	0	0	0	0	0	0	0	0	0	0	0	0	0.446505	0.446505	0	0	0	0	0	0	0	0.446505	0.446505	0	0
0	0.446463	0.446463	0	0.446463	0.446463	0	0	0	0.446463	0.446463	0	0	0.446463	0.446463	0	0	0	0.446463	0.446463	0	0	0.446463	0.446463	0	0	0	0.446463	0.446463	0	0	0	0.446463	0.446463	0	0	0	0.446463	0.446463	0	0	0	0.446463	0.446463	0	0.446463	0.446463	0	0.446463	0.446463	0	0.446463	0.446463	0	0	0.446463	0.446463	0	0	0.446463	0.446463	0	0.446463	0.892872	0.446463	0	0.446463	0.446463	0.446463	0.892872	0.446463	0	0.446463	0.446463	0.446463	0.446463	0	0.446463	0.446463	0	0.446463	0.892872	0.446463	0	0	0.446463	0.446463	0.446463	0.446463	0	0.446463	0.446463	0	0	0.446463	0.446463	0.446463	0.446463	0	0	0	0.446463	0.446463	0	0	0	0.446463	0.446463	0.446463	0.446463	0	0	0	0.446463	0.446463	0	0	0.446463	0.446463	0.446463	0.446463	0	0.446463	0.446463	0	0	0.446463	0.446463	0.446463	0.446463	0	0.446463	0.446463	0	0	0.446463	0.446463	0.446463	0.446463	0	0.446463	0.446463	0.446463	0.446463	0	0.446463	0.446463	0	0.446463	0.446463	0	0.446463	0.446463	0	0.446463	0.446463	0	0.446463	0.446463	0	0.446463	0.446463	0	0.446463	0.446463	0	0	0	0.446463	0.446463	0	0	0.446463	0.446463	0	0	0	0	0	0.446463	0.446463	0	0	0.446463	0.446463	0	0	0	0	0	0	0	0	0	0	0	0	0	0	0	0	0	0	0	0	0	0	0	0	0	0	0	0	0	0	0	0.446463	0.446463	0	0	0	0	0	0	0	0	0	0.446463	0.446463	0	0	0	0	0	0	0	0	0	0	0	0	0	0	0.446463	0.446463	0	0	0	0	0	0	0	0.446463	0.446463	0	0
0	0.446414	0.446414	0	0.446414	0.446414	0	0	0	0.446414	0.446414	0	0	0.446414	0.446414	0	0	0	0.446414	0.446414	0	0	0.446414	0.446414	0	0	0	0.446414	0.446414	0	0	0	0.446414	0.446414	0	0	0	0.446414	0.446414	0	0	0	0.446414	0.446414	0	0.446414	0.446414	0	0.446414	0.446414	0	0.446414	0.446414	0	0	0.446414	0.446414	0	0	0.446414	0.446414	0	0.446414	0.892775	0.446414	0	0.446414	0.446414	0.446414	0.892775	0.446414	0	0.446414	0.446414	0.446414	0.446414	0	0.446414	0.446414	0	0.446414	0.892775	0.446414	0	0	0.446414	0.446414	0.446414	0.446414	0	0.446414	0.446414	0	0	0.446414	0.446414	0.446414	0.446414	0	0	0	0.446414	0.446414	0	0	0	0.446414	0.446414	0.446414	0.446414	0	0	0	0.446414	0.446414	0	0	0.446414	0.446414	0.446414	0.446414	0	0.446414	0.446414	0	0	0.446414	0.446414	0.446414	0.446414	0	0.446414	0.446414	0	0	0.446414	0.446414	0.446414	0.446414	0	0.446414	0.446414	0.446414	0.446414	0	0.446414	0.446414	0	0.446414	0.446414	0	0.446414	0.446414	0	0.446414	0.446414	0	0.446414	0.446414	0	0.446414	0.446414	0	0.446414	0.446414	0	0	0	0.446414	0.446414	0	0	0.446414	0.446414	0	0	0	0	0	0.446414	0.446414	0	0	0.446414	0.446414	0	0	0	0	0	0	0	0	0	0	0	0	0	0	0	0	0	0	0	0	0	0	0	0	0	0	0	0	0	0	0	0.446414	0.446414	0	0	0	0	0	0	0	0	0	0.446414	0.446414	0	0	0	0	0	0	0	0	0	0	0	0	0	0	0.446414	0.446414	0	0	0	0	0	0	0	0.446414	0.446414	0	0
0	0.446373	0.446373	0	0.446373	0.446373	0	0	0	0.446373	0.446373	0	0	0.446373	0.446373	0	0	0	0.446373	0.446373	0	0	0.446373	0.446373	0	0	0	0.446373	0.446373	0	0	0	0.446373	0.446373	0	0	0	0.446373	0.446373	0	0	0	0.446373	0.446373	0	0.446373	0.446373	0	0.446373	0.446373	0	0.446373	0.446373	0	0	0.446373	0.446373	0	0	0.446373	0.446373	0	0.446373	0.892691	0.446373	0	0.446373	0.446373	0.446373	0.892691	0.446373	0	0.446373	0.446373	0.446373	0.446373	0	0.446373	0.446373	0	0.446373	0.892691	0.446373	0	0	0.446373	0.446373	0.446373	0.446373	0	0.446373	0.446373	0	0	0.446373	0.446373	0.446373	0.446373	0	0	0	0.446373	0.446373	0	0	0	0.446373	0.446373	0.446373	0.446373	0	0	0	0.446373	0.446373	0	0	0.446373	0.446373	0.446373	0.446373	0	0.446373	0.446373	0	0	0.446373	0.446373	0.446373	0.446373	0	0.446373	0.446373	0	0	0.446373	0.446373	0.446373	0.446373	0	0.446373	0.446373	0.446373	0.446373	0	0.446373	0.446373	0	0.446373	0.446373	0	0.446373	0.446373	0	0.446373	0.446373	0	0.446373	0.446373	0	0.446373	0.446373	0	0.446373	0.446373	0	0	0	0.446373	0.446373	0	0	0.446373	0.446373	0	0	0	0	0	0.446373	0.446373	0	0	0.446373	0.446373	0	0	0	0	0	0	0	0	0	0	0	0	0	0	0	0	0	0	0	0	0	0	0	0	0	0	0	0	0	0	0	0.446373	0.446373	0	0	0	0	0	0	0	0	0	0.446373	0.446373	0	0	0	0	0	0	0	0	0	0	0	0	0	0	0.446373	0.446373	0	0	0	0	0	0	0	0.446373	0.446373	0	0
0	0.446331	0.446331	0	0.446331	0.446331	0	0	0	0.446331	0.446331	0	0	0.446331	0.446331	0	0	0	0.446331	0.446331	0	0	0.446331	0.446331	0	0	0	0.446331	0.446331	0	0	0	0.446331	0.446331	0	0	0	0.446331	0.446331	0	0	0	0.446331	0.446331	0	0.446331	0.446331	0	0.446331	0.446331	0	0.446331	0.446331	0	0	0.446331	0.446331	0	0	0.446331	0.446331	0	0.446331	0.892608	0.446331	0	0.446331	0.446331	0.446331	0.892608	0.446331	0	0.446331	0.446331	0.446331	0.446331	0	0.446331	0.446331	0	0.446331	0.892608	0.446331	0	0	0.446331	0.446331	0.446331	0.446331	0	0.446331	0.446331	0	0	0.446331	0.446331	0.446331	0.446331	0	0	0	0.446331	0.446331	0	0	0	0.446331	0.446331	0.446331	0.446331	0	0	0	0.446331	0.446331	0	0	0.446331	0.446331	0.446331	0.446331	0	0.446331	0.446331	0	0	0.446331	0.446331	0.446331	0.446331	0	0.446331	0.446331	0	0	0.446331	0.446331	0.446331	0.446331	0	0.446331	0.446331	0.446331	0.446331	0	0.446331	0.446331	0	0.446331	0.446331	0	0.446331	0.446331	0	0.446331	0.446331	0	0.446331	0.446331	0	0.446331	0.446331	0	0.446331	0.446331	0	0	0	0.446331	0.446331	0	0	0.446331	0.446331	0	0	0	0	0	0.446331	0.446331	0	0	0.446331	0.446331	0	0	0	0	0	0	0	0	0	0	0	0	0	0	0	0	0	0	0	0	0	0	0	0	0	0	0	0	0	0	0	0.446331	0.446331	0	0	0	0	0	0	0	0	0	0.446331	0.446331	0	0	0	0	0	0	0	0	0	0	0	0	0	0	0.446331	0.446331	0	0	0	0	0	0	0	0.446331	0.446331	0	0
0.157796	0.498972	0.352828	0	0.446289	0.446289	0	0.157796	0.35285	0.473379	0.352828	0.157796	0.35285	0.473379	0.498972	0.35285	0.446324	0.446324	0.473379	0.498972	0.35285	0.446324	0.63116	0.63116	0.446324	0.446324	0.446324	0.473379	0.498972	0.35285	0.446324	0.446324	0.473379	0.352828	0	0	0.157796	0.498972	0.352828	0	0	0	0.446289	0.446289	0	0.352828	0.498972	0.157796	0.352828	0.473379	0.446324	0.63116	0.63116	0.446324	0.446324	0.63116	0.63116	0.446324	0.446324	0.63116	0.650571	0.157796	0.352828	0.849675	0.63116	0.446324	0.63116	0.63116	0.63116	0.959736	0.84972	0.788962	0.804566	0.84972	0.997915	0.997915	0.892594	0.997915	0.959761	0.568945	0.650595	1.10444	0.997915	0.788962	0.568945	0.650595	0.804566	0.804566	0.84972	0.788962	0.804566	0.84972	0.788962	0.568945	0.650595	0.84972	0.997915	0.997915	0.892594	0.892594	0.892594	0.997915	0.997915	0.892594	0.892594	0.892594	0.997915	0.997915	1.05844	1.27203	1.23229	1.01032	0.892594	0.997915	0.997915	0.892594	0.892594	0.997915	0.997915	1.05844	1.27203	1.23229	1.2016	1.27203	1.23229	1.01032	0.997915	0.997915	1.05844	1.27203	1.23229	1.2016	1.27203	1.23229	1.01032	0.997915	0.997915	0.997915	0.997915	0.892594	0.997915	0.997915	1.05844	1.27203	1.23229	1.2016	1.27203	1.23229	1.2016	1.2016	1.01032	0.997915	0.997915	0.892594	0.997915	0.997915	0.788962	0.804566	0.804566	0.568945	0.650595	0.84972	0.788962	0.804566	0.84972	0.788962	0.568945	0.446324	0.63116	0.63116	0.446324	0.446324	0.63116	0.63116	0.446324	0.446324	0.446324	0.35285	0.157796	0.352828	0.473379	0.35285	0.157796	0.352828	0.473379	0.446324	0.446324	0.446324	0.35285	0.157796	0	0	0	0.157796	0.35285	0.446324	0.446324	0.446324	0.446324	0.446324	0.446324	0.446324	0.446324	0.446324	0.446324	0.446324	0.446324	0.446324	0.446324	0.446324	0.446324	0.446324	0.446324	0.446324	0.446324	0.446324	0.650595	0.84972	0.892594	0.892594	0.892594	0.892594	0.892594	0.892594	0.892594	0.892594	0.892594	0.997915	0.997915	0.892594	0.892594	0.892594	0.892594	0.892594	0.892594	0.892594	0.892594	0.892594	0.892594	0.892594	0.892594	0.892594	0.892594	0.84972	0.650595	0.446324	0.446324	0.568945	0.788962	0.892594	0.892594	0.892594	0.84972	0.650595	0.568945	0.788962
0.352795	0.498925	0.157781	0	0.446248	0.446248	0	0.352795	0.473334	0.352817	0.157781	0.352795	0.473334	0.352817	0.498925	0.473334	0.446282	0.446282	0.352817	0.498925	0.473334	0.446282	0.631101	0.631101	0.446282	0.446282	0.446282	0.352817	0.498925	0.473334	0.446282	0.446282	0.352817	0.157781	0	0	0.352795	0.498925	0.157781	0	0	0	0.446248	0.446248	0	0.157781	0.498925	0.352795	0.157781	0.352817	0.446282	0.631101	0.631101	0.446282	0.446282	0.631101	0.631101	0.446282	0.446282	0.631101	0.849595	0.352795	0.157781	0.650511	0.631101	0.446282	0.631101	0.631101	0.631101	0.788859	0.788888	0.849641	0.804491	0.788888	0.997821	0.997821	0.892511	0.997821	1.10434	0.650535	0.568892	0.959671	0.997821	0.849641	0.650535	0.568892	0.804491	0.804491	0.788888	0.849641	0.804491	0.788888	0.849641	0.650535	0.568892	0.788888	0.997821	0.997821	0.892511	0.892511	0.892511	0.997821	0.997821	0.892511	0.892511	0.892511	0.997821	0.997821	1.01023	1.23217	1.27191	1.05834	0.892511	0.997821	0.997821	0.892511	0.892511	0.997821	0.997821	1.01023	1.23217	1.27191	1.20149	1.23217	1.27191	1.05834	0.997821	0.997821	1.01023	1.23217	1.27191	1.20149	1.23217	1.27191	1.05834	0.997821	0.997821	0.997821	0.997821	0.892511	0.997821	0.997821	1.01023	1.23217	1.27191	1.20149	1.23217	1.27191	1.20149	1.20149	1.05834	0.997821	0.997821	0.892511	0.997821	0.997821	0.849641	0.804491	0.804491	0.650535	0.568892	0.788888	0.849641	0.804491	0.788888	0.849641	0.650535	0.446282	0.631101	0.631101	0.446282	0.446282	0.631101	0.631101	0.446282	0.446282	0.446282	0.473334	0.352795	0.157781	0.352817	0.473334	0.352795	0.157781	0.352817	0.446282	0.446282	0.446282	0.473334	0.352795	0	0	0	0.352795	0.473334	0.446282	0.446282	0.446282	0.446282	0.446282	0.446282	0.446282	0.446282	0.446282	0.446282	0.446282	0.446282	0.446282	0.446282	0.446282	0.446282	0.446282	0.446282	0.446282	0.446282	0.446282	0.568892	0.788888	0.892511	0.892511	0.892511	0.892511	0.892511	0.892511	0.892511	0.892511	0.892511	0.997821	0.997821	0.892511	0.892511	0.892511	0.892511	0.892511	0.892511	0.892511	0.892511	0.892511	0.892511	0.892511	0.892511	0.892511	0.892511	0.788888	0.568892	0.446282	0.446282	0.650535	0.849641	0.892511	0.892511	0.892511	0.788888	0.568892	0.650535	0.849641
0.446206	0.446206	0	0	0.446206	0.446206	0	0.446206	0.446206	0	0	0.446206	0.446206	0	0.446206	0.446206	0	0	0	0.446206	0.446206	0	0.446206	0.446206	0	0	0	0	0.446206	0.446206	0	0	0	0	0	0	0.446206	0.446206	0	0	0	0	0.446206	0.446206	0	0	0.446206	0.446206	0	0	0	0.446206	0.446206	0	0	0.446206	0.446206	0	0	0.446206	0.892358	0.446206	0	0.446206	0.446206	0	0.446206	0.446206	0.446206	0.446206	0	0.446206	0.446206	0	0.446206	0.446206	0	0.446206	0.892358	0.446206	0	0.446206	0.446206	0.446206	0.446206	0	0.446206	0.446206	0	0.446206	0.446206	0	0.446206	0.446206	0	0	0.446206	0.446206	0	0	0	0.446206	0.446206	0	0	0	0.446206	0.446206	0	0	0.446206	0.446206	0	0.446206	0.446206	0	0	0.446206	0.446206	0	0	0.446206	0.446206	0	0.446206	0.446206	0.446206	0.446206	0	0	0.446206	0.446206	0	0.446206	0.446206	0.446206	0.446206	0.446206	0.446206	0	0.446206	0.446206	0	0	0.446206	0.446206	0	0.446206	0.446206	0.446206	0.446206	0.446206	0.446206	0	0.446206	0.446206	0.446206	0.446206	0.446206	0.446206	0	0	0.446206	0.446206	0	0.446206	0.446206	0	0.446206	0.446206	0	0	0.446206	0.446206	0	0	0	0.446206	0.446206	0	0	0.446206	0.446206	0	0	0	0	0	0.446206	0.446206	0	0	0	0.446206	0.446206	0	0	0	0	0	0	0	0	0	0	0	0	0	0	0	0	0	0	0	0	0	0	0	0	0	0	0	0	0	0	0	0	0.446206	0.446206	0	0	0	0	0	0	0	0	0	0	0	0	0	0	0	0	0	0	0.446206	0.446206	0	0	0	0	0	0.446206	0.446206
0.446164	0.446164	0	0	0.446164	0.446164	0	0.446164	0.446164	0	0	0.446164	0.446164	0	0.446164	0.446164	0	0	0	0.446164	0.446164	0	0.446164	0.446164	0	0	0	0	0.446164	0.446164	0	0	0	0	0	0	0.446164	0.446164	0	0	0	0	0.446164	0.446164	0	0	0.446164	0.446164	0	0	0	0.446164	0.446164	0	0	0.446164	0.446164	0	0	0.446164	0.892274	0.446164	0	0.446164	0.446164	0	0.446164	0.446164	0.446164	0.446164	0	0.446164	0.446164	0	0.446164	0.446164	0	0.446164	0.892274	0.446164	0	0.446164	0.446164	0.446164	0.446164	0	0.446164	0.446164	0	0.446164	0.446164	0	0.446164	0.446164	0	0	0.446164	0.446164	0	0	0	0.446164	0.446164	0	0	0	0.446164	0.446164	0	0	0.446164	0.446164	0	0.446164	0.446164	0	0	0.446164	0.446164	0	0	0.446164	0.446164	0	0.446164	0.446164	0.446164	0.446164	0	0	0.446164	0.446164	0	0.446164	0.446164	0.446164	0.446164	0.446164	0.446164	0	0.446164	0.446164	0	0	0.446164	0.446164	0	0.446164	0.446164	0.446164	0.446164	0.446164	0.446164	0	0.446164	0.446164	0.446164	0.446164	0.446164	0.446164	0	0	0.446164	0.446164	0	0.446164	0.446164	0	0.446164	0.446164	0	0	0.446164	0.446164	0	0	0	0.446164	0.446164	0	0	0.446164	0.446164	0	0	0	0	0	0.446164	0.446164	0	0	0	0.446164	0.446164	0	0	0	0	0	0	0	0	0	0	0	0	0	0	0	0	0	0	0	0	0	0	0	0	0	0	0	0	0	0	0	0	0.446164	0.446164	0	0	0	0	0	0	0	0	0	0	0	0	0	0	0	0	0	0	0.446164	0.446164	0	0	0	0	0	0.446164	0.446164
0.446123	0.446123	0	0	0.446123	0.446123	0	0.446123	0.446123	0	0	0.446123	0.446123	0	0.446123	0.446123	0	0	0	0.446123	0.446123	0	0.446123	0.446123	0	0	0	0	0.446123	0.446123	0	0	0	0	0	0	0.446123	0.446123	0	0	0	0	0.446123	0.446123	0	0	0.446123	0.446123	0	0	0	0.446123	0.446123	0	0	0.446123	0.446123	0	0	0.446123	0.892191	0.446123	0	0.446123	0.446123	0	0.446123	0.446123	0.446123	0.446123	0	0.446123	0.446123	0	0.446123	0.446123	0	0.446123	0.892191	0.446123	0	0.446123	0.446123	0.446123	0.446123	0	0.446123	0.446123	0	0.446123	0.446123	0	0.446123	0.446123	0	0	0.446123	0.446123	0	0	0	0.446123	0.446123	0	0	0	0.446123	0.446123	0	0	0.446123	0.446123	0	0.446123	0.446123	0	0	0.446123	0.446123	0	0	0.446123	0.446123	0	0.446123	0.446123	0.446123	0.446123	0	0	0.446123	0.446123	0	0.446123	0.446123	0.446123	0.446123	0.446123	0.446123	0	0.446123	0.446123	0	0	0.446123	0.446123	0	0.446123	0.446123	0.446123	0.446123	0.446123	0.446123	0	0.446123	0.446123	0.446123	0.446123	0.446123	0.446123	0	0	0.446123	0.446123	0	0.446123	0.446123	0	0.446123	0.446123	0	0	0.446123	0.446123	0	0	0	0.446123	0.446123	0	0	0.446123	0.446123	0	0	0	0	0	0.446123	0.446123	0	0	0	0.446123	0.446123	0	0	0	0	0	0	0	0	0	0	0	0	0	0	0	0	0	0	0	0	0	0	0	0	0	0	0	0	0	0	0	0	0.446123	0.446123	0	0	0	0	0	0	0	0	0	0	0	0	0	0	0	0	0	0	0.446123	0.446123	0	0	0	0	0	0.446123	0.446123
0.446074	0.446074	0	0	0.446074	0.446074	0	0.446074	0.446074	0	0	0.446074	0.446074	0	0.446074	0.446074	0	0	0	0.446074	0.446074	0	0.446074	0.446074	0	0	0	0	0.446074	0.446074	0	0	0	0	0	0	0.446074	0.446074	0	0	0	0	0.446074	0.446074	0	0	0.446074	0.446074	0	0	0	0.446074	0.446074	0	0	0.446074	0.446074	0	0	0.446074	0.892094	0.446074	0	0.446074	0.446074	0	0.446074	0.446074	0.446074	0.446074	0	0.446074	0.446074	0	0.446074	0.446074	0	0.446074	0.892094	0.446074	0	0.446074	0.446074	0.446074	0.446074	0	0.446074	0.446074	0	0.446074	0.446074	0	0.446074	0.446074	0	0	0.446074	0.446074	0	0	0	0.446074	0.446074	0	0	0	0.446074	0.446074	0	0	0.446074	0.446074	0	0.446074	0.446074	0	0	0.446074	0.446074	0	0	0.446074	0.446074	0	0.446074	0.446074	0.446074	0.446074	0	0	0.446074	0.446074	0	0.446074	0.446074	0.446074	0.446074	0.446074	0.446074	0	0.446074	0.446074	0	0	0.446074	0.446074	0	0.446074	0.446074	0.446074	0.446074	0.446074	0.446074	0	0.446074	0.446074	0.446074	0.446074	0.446074	0.446074	0	0	0.446074	0.446074	0	0.446074	0.446074	0	0.446074	0.446074	0	0	0.446074	0.446074	0	0	0	0.446074	0.446074	0	0	0.446074	0.446074	0	0	0	0	0	0.446074	0.446074	0	0	0	0.446074	0.446074	0	0	0	0	0	0	0	0	0	0	0	0	0	0	0	0	0	0	0	0	0	0	0	0	0	0	0	0	0	0	0	0	0.446074	0.446074	0	0	0	0	0	0	0	0	0	0	0	0	0	0	0	0	0	0	0.446074	0.446074	0	0	0	0	0	0.446074	0.446074
0.446032	0.446032	0	0	0.446032	0.446032	0	0.446032	0.446032	0	0	0.446032	0.446032	0	0.446032	0.446032	0	0	0	0.446032	0.446032	0	0.446032	0.446032	0	0	0	0	0.446032	0.446032	0	0	0	0	0	0	0.446032	0.446032	0	0	0	0	0.446032	0.446032	0	0	0.446032	0.446032	0	0	0	0.446032	0.446032	0	0	0.446032	0.446032	0	0	0.446032	0.89201	0.446032	0	0.446032	0.446032	0	0.446032	0.446032	0.446032	0.446032	0	0.446032	0.446032	0	0.446032	0.446032	0	0.446032	0.89201	0.446032	0	0.446032	0.446032	0.446032	0.446032	0	0.446032	0.446032	0	0.446032	0.446032	0	0.446032	0.446032	0	0	0.446032	0.446032	0	0	0	0.446032	0.446032	0	0	0	0.446032	0.446032	0	0	0.446032	0.446032	0	0.446032	0.446032	0	0	0.446032	0.446032	0	0	0.446032	0.446032	0	0.446032	0.446032	0.446032	0.446032	0	0	0.446032	0.446032	0	0.446032	0.446032	0.446032	0.446032	0.446032	0.446032	0	0.446032	0.446032	0	0	0.446032	0.446032	0	0.446032	0.446032	0.446032	0.446032	0.446032	0.446032	0	0.446032	0.446032	0.446032	0.446032	0.446032	0.446032	0	0	0.446032	0.446032	0	0.446032	0.446032	0	0.446032	0.446032	0	0	0.446032	0.446032	0	0	0	0.446032	0.446032	0	0	0.446032	0.446032	0	0	0	0	0	0.446032	0.446032	0	0	0	0.446032	0.446032	0	0	0	0	0	0	0	0	0	0	0	0	0	0	0	0	0	0	0	0	0	0	0	0	0	0	0	0	0	0	0	0	0.446032	0.446032	0	0	0	0	0	0	0	0	0	0	0	0	0	0	0	0	0	0	0.446032	0.446032	0	0	0	0	0	0.446032	0.446032
0.445991	0.445991	0	0	0.445991	0.445991	0	0.445991	0.445991	0	0	0.445991	0.445991	0	0.445991	0.445991	0	0	0	0.445991	0.445991	0	0.445991	0.445991	0	0	0	0	0.445991	0.445991	0	0	0	0	0	0	0.445991	0.445991	0	0	0	0	0.445991	0.445991	0	0	0.445991	0.445991	0	0	0	0.445991	0.445991	0	0	0.445991	0.445991	0	0	0.445991	0.891927	0.445991	0	0.445991	0.445991	0	0.445991	0.445991	0.445991	0.445991	0	0.445991	0.445991	0	0.445991	0.445991	0	0.445991	0.891927	0.445991	0	0.445991	0.445991	0.445991	0.445991	0	0.445991	0.445991	0	0.445991	0.445991	0	0.445991	0.445991	0	0	0.445991	0.445991	0	0	0	0.445991	0.445991	0	0	0	0.445991	0.445991	0	0	0.445991	0.445991	0	0.445991	0.445991	0	0	0.445991	0.445991	0	0	0.445991	0.445991	0	0.445991	0.445991	0.445991	0.445991	0	0	0.445991	0.445991	0	0.445991	0.445991	0.445991	0.445991	0.445991	0.445991	0	0.445991	0.445991	0	0	0.445991	0.445991	0	0.445991	0.445991	0.445991	0.445991	0.445991	0.445991	0	0.445991	0.445991	0.445991	0.445991	0.445991	0.445991	0	0	0.445991	0.445991	0	0.445991	0.445991	0	0.445991	0.445991	0	0	0.445991	0.445991	0	0	0	0.445991	0.445991	0	0	0.445991	0.445991	0	0	0	0	0	0.445991	0.445991	0	0	0	0.445991	0.445991	0	0	0	0	0	0	0	0	0	0	0	0	0	0	0	0	0	0	0	0	0	0	0	0	0	0	0	0	0	0	0	0	0.445991	0.445991	0	0	0	0	0	0	0	0	0	0	0	0	0	0	0	0	0	0	0.445991	0.445991	0	0	0	0	0	0.445991	0.445991
0.445949	0.445949	0	0	0.445949	0.445949	0	0.445949	0.445949	0	0	0.445949	0.445949	0	0.445949	0.445949	0	0	0	0.445949	0.445949	0	0.445949	0.445949	0	0	0	0	0.445949	0.445949	0	0	0	0	0	0	0.445949	0.445949	0	0	0	0	0.445949	0.445949	0	0	0.445949	0.445949	0	0	0	0.445949	0.445949	0	0	0.445949	0.445949	0	0	0.445949	0.891844	0.445949	0	0.445949	0.445949	0	0.445949	0.445949	0.445949	0.445949	0	0.445949	0.445949	0	0.445949	0.445949	0	0.445949	0.891844	0.445949	0	0.445949	0.445949	0.445949	0.445949	0	0.445949	0.445949	0	0.445949	0.445949	0	0.445949	0.445949	0	0	0.445949	0.445949	0	0	0	0.445949	0.445949	0	0	0	0.445949	0.445949	0	0	0.445949	0.445949	0	0.445949	0.445949	0	0	0.445949	0.445949	0	0	0.445949	0.445949	0	0.445949	0.445949	0.445949	0.445949	0	0	0.445949	0.445949	0	0.445949	0.445949	0.445949	0.445949	0.445949	0.445949	0	0.445949	0.445949	0	0	0.445949	0.445949	0	0.445949	0.445949	0.445949	0.445949	0.445949	0.445949	0	0.445949	0.445949	0.445949	0.445949	0.445949	0.445949	0	0	0.445949	0.445949	0	0.445949	0.445949	0	0.445949	0.445949	0	0	0.445949	0.445949	0	0	0	0.445949	0.445949	0	0	0.445949	0.445949	0	0	0	0	0	0.445949	0.445949	0	0	0	0.445949	0.445949	0	0	0	0	0	0	0	0	0	0	0	0	0	0	0	0	0	0	0	0	0	0	0	0	0	0	0	0	0	0	0	0	0.445949	0.445949	0	0	0	0	0	0	0	0	0	0	0	0	0	0	0	0	0	0	0.445949	0.445949	0	0	0	0	0	0.445949	0.445949
0.472973	0.498545	0.352548	0.445942	0.63062	0.63062	0.445942	0.63062	0.63062	0.445942	0.445942	0.63062	0.63062	0.445942	0.63062	0.63062	0.445942	0.445942	0.445942	0.63062	0.63062	0.445942	0.472973	0.498545	0.352548	0.445942	0.445942	0.445942	0.63062	0.63062	0.445942	0.445942	0.445942	0.445942	0.445942	0.445942	0.472973	0.352526	0	0.157661	0.352548	0.445942	0.472973	0.352526	0	0	0.352526	0.472973	0.445942	0.445942	0.352548	0.498545	0.472973	0.445942	0.352548	0.498545	0.472973	0.445942	0.445942	0.63062	0.958915	0.848993	0.788286	0.803878	0.803878	0.568458	0.650038	0.848993	0.99706	0.99706	0.89183	0.99706	0.99706	0.89183	0.99706	0.99706	0.89183	0.99706	1.27091	1.27094	1.23123	1.20057	1.27094	1.40993	1.40993	1.33761	1.40993	1.40993	1.33761	1.48709	1.62284	1.45331	1.48709	1.70493	1.67555	1.45331	1.40993	1.40993	1.33761	1.33761	1.33761	1.40993	1.40993	1.33761	1.33761	1.33761	1.48709	1.62284	1.45331	1.33761	1.48709	1.70493	1.67555	1.62284	1.70493	1.78323	1.78323	1.83806	1.83806	1.78323	1.78323	1.83806	1.83806	1.78323	1.83806	1.83806	1.83806	1.83806	1.78323	1.78323	1.83806	1.76221	1.45331	1.48709	1.70493	1.83806	1.76221	1.55245	1.40993	1.33761	1.40993	1.40993	1.33761	1.33761	1.40993	1.34685	1.00946	1.05754	1.20057	1.20057	1.27094	1.40993	1.40993	1.23123	1.20057	1.27094	1.40993	1.34685	1.20057	1.27094	1.23123	1.00946	0.99706	0.99706	0.89183	0.99706	0.99706	0.89183	0.99706	0.99706	0.89183	0.788286	0.803878	0.848993	0.788286	0.568458	0.445942	0.63062	0.63062	0.445942	0.445942	0.63062	0.63062	0.445942	0.445942	0.445942	0.352548	0.157661	0.352526	0.472973	0.445942	0.445942	0.352548	0.498545	0.472973	0.445942	0.445942	0.445942	0.445942	0.445942	0.352548	0.157661	0	0	0	0	0	0	0	0	0	0	0	0	0	0	0	0	0.157661	0.352548	0.445942	0.445942	0.445942	0.445942	0.445942	0.445942	0.445942	0.650038	0.848993	0.89183	0.89183	0.89183	0.89183	0.89183	0.89183	0.89183	0.89183	0.89183	0.89183	0.788286	0.568458	0.445942	0.445942	0.445942	0.445942	0.445942	0.445942	0.472973	0.352526	0	0	0	0	0	0.445907	0.445907
0.352515	0.498498	0.472929	0.4459	0.630561	0.630561	0.4459	0.630561	0.630561	0.4459	0.4459	0.630561	0.630561	0.4459	0.630561	0.630561	0.4459	0.4459	0.4459	0.630561	0.630561	0.4459	0.352515	0.498498	0.472929	0.4459	0.4459	0.4459	0.630561	0.630561	0.4459	0.4459	0.4459	0.4459	0.4459	0.4459	0.352515	0.157646	0	0.352493	0.472929	0.4459	0.352515	0.157646	0	0	0.157646	0.352515	0.4459	0.4459	0.472929	0.498498	0.352515	0.4459	0.472929	0.498498	0.352515	0.4459	0.4459	0.630561	0.788183	0.788213	0.848914	0.803802	0.803802	0.649978	0.568405	0.788213	0.996967	0.996967	0.891747	0.996967	0.996967	0.891747	0.996967	0.996967	0.891747	0.996967	1.14755	1.23112	1.27082	1.20046	1.23112	1.40979	1.40979	1.33748	1.40979	1.40979	1.33748	1.45317	1.62269	1.48695	1.45317	1.67539	1.70477	1.48695	1.40979	1.40979	1.33748	1.33748	1.33748	1.40979	1.40979	1.33748	1.33748	1.33748	1.45317	1.62269	1.48695	1.33748	1.45317	1.67539	1.70477	1.62269	1.67539	1.78306	1.78306	1.83789	1.83789	1.78306	1.78306	1.83789	1.83789	1.78306	1.83789	1.83789	1.83789	1.83789	1.78306	1.78306	1.83789	1.84461	1.48695	1.45317	1.67539	1.83789	1.84461	1.64546	1.40979	1.33748	1.40979	1.40979	1.33748	1.33748	1.40979	1.45314	1.05744	1.00936	1.20046	1.20046	1.23112	1.40979	1.40979	1.27082	1.20046	1.23112	1.40979	1.45314	1.20046	1.23112	1.27082	1.05744	0.996967	0.996967	0.891747	0.996967	0.996967	0.891747	0.996967	0.996967	0.891747	0.848914	0.803802	0.788213	0.848914	0.649978	0.4459	0.630561	0.630561	0.4459	0.4459	0.630561	0.630561	0.4459	0.4459	0.4459	0.472929	0.352493	0.157646	0.352515	0.4459	0.4459	0.472929	0.498498	0.352515	0.4459	0.4459	0.4459	0.4459	0.4459	0.472929	0.352493	0	0	0	0	0	0	0	0	0	0	0	0	0	0	0	0	0.352493	0.472929	0.4459	0.4459	0.4459	0.4459	0.4459	0.4459	0.4459	0.568405	0.788213	0.891747	0.891747	0.891747	0.891747	0.891747	0.891747	0.891747	0.891747	0.891747	0.891747	0.848914	0.649978	0.4459	0.4459	0.4459	0.4459	0.4459	0.4459	0.352515	0.157646	0	0	0	0	0	0.445866	0.445866
0	0.445824	0.445824	0	0.445824	0.445824	0	0.445824	0.445824	0	0	0.445824	0.445824	0	0.445824	0.445824	0	0	0	0.445824	0.445824	0	0	0.445824	0.445824	0	0	0	0.445824	0.445824	0	0	0	0	0	0	0	0	0	0.445824	0.445824	0	0	0	0	0	0	0	0	0	0.445824	0.445824	0	0	0.445824	0.445824	0	0	0	0.445824	0.445824	0	0.445824	0.445824	0.445824	0.445824	0	0	0.445824	0.445824	0	0.445824	0.445824	0	0.445824	0.445824	0	0.445824	0.445824	0	0.445824	0.445824	0	0.445824	0.445824	0	0.445824	0.445824	0	0	0.445824	0.445824	0	0	0.445824	0.445824	0.445824	0.445824	0	0	0	0.445824	0.445824	0	0	0	0	0.445824	0.445824	0	0	0	0.445824	0.445824	0	0	0	0.445824	0.445824	0	0	0.445824	0.445824	0	0.445824	0.445824	0.445824	0.445824	0	0	0.445824	0.891594	0.445824	0	0	0.445824	0.891594	0.891594	0.445824	0	0.445824	0.445824	0	0	0.445824	0.891594	0.445824	0	0.445824	0.445824	0	0.445824	0.445824	0.445824	0.445824	0	0.445824	0.891594	0.445824	0	0.445824	0.445824	0.445824	0.445824	0	0.445824	0.445824	0	0.445824	0.445824	0	0.445824	0.445824	0	0.445824	0.445824	0	0.445824	0.445824	0	0	0.445824	0.445824	0	0	0	0.445824	0.445824	0	0	0	0	0.445824	0.445824	0	0	0	0	0	0	0.445824	0.445824	0	0	0	0	0	0	0	0	0	0	0	0	0	0	0	0	0.445824	0.445824	0	0	0	0	0	0	0	0	0	0	0	0	0	0	0	0	0	0	0	0.445824	0.445824	0	0	0	0	0	0	0	0	0	0	0	0	0	0.445824	0.445824
0	0.445782	0.445782	0	0.445782	0.445782	0	0.445782	0.445782	0	0	0.445782	0.445782	0	0.445782	0.445782	0	0	0	0.445782	0.445782	0	0	0.445782	0.445782	0	0	0	0.445782	0.445782	0	0	0	0	0	0	0	0	0	0.445782	0.445782	0	0	0	0	0	0	0	0	0	0.445782	0.445782	0	0	0.445782	0.445782	0	0	0	0.445782	0.445782	0	0.445782	0.445782	0.445782	0.445782	0	0	0.445782	0.445782	0	0.445782	0.445782	0	0.445782	0.445782	0	0.445782	0.445782	0	0.445782	0.445782	0	0.445782	0.445782	0	0.445782	0.445782	0	0	0.445782	0.445782	0	0	0.445782	0.445782	0.445782	0.445782	0	0	0	0.445782	0.445782	0	0	0	0	0.445782	0.445782	0	0	0	0.445782	0.445782	0	0	0	0.445782	0.445782	0	0	0.445782	0.445782	0	0.445782	0.445782	0.445782	0.445782	0	0	0.445782	0.891511	0.445782	0	0	0.445782	0.891511	0.891511	0.445782	0	0.445782	0.445782	0	0	0.445782	0.891511	0.445782	0	0.445782	0.445782	0	0.445782	0.445782	0.445782	0.445782	0	0.445782	0.891511	0.445782	0	0.445782	0.445782	0.445782	0.445782	0	0.445782	0.445782	0	0.445782	0.445782	0	0.445782	0.445782	0	0.445782	0.445782	0	0.445782	0.445782	0	0	0.445782	0.445782	0	0	0	0.445782	0.445782	0	0	0	0	0.445782	0.445782	0	0	0	0	0	0	0.445782	0.445782	0	0	0	0	0	0	0	0	0	0	0	0	0	0	0	0	0.445782	0.445782	0	0	0	0	0	0	0	0	0	0	0	0	0	0	0	0	0	0	0	0.445782	0.445782	0	0	0	0	0	0	0	0	0	0	0	0	0	0.445782	0.445782
0	0.445734	0.445734	0	0.445734	0.445734	0	0.445734	0.445734	0	0	0.445734	0.445734	0	0.445734	0.445734	0	0	0	0.445734	0.445734	0	0	0.445734	0.445734	0	0	0	0.445734	0.445734	0	0	0	0	0	0	0	0	0	0.445734	0.445734	0	0	0	0	0	0	0	0	0	0.445734	0.445734	0	0	0.445734	0.445734	0	0	0	0.445734	0.445734	0	0.445734	0.445734	0.445734	0.445734	0	0	0.445734	0.445734	0	0.445734	0.445734	0	0.445734	0.445734	0	0.445734	0.445734	0	0.445734	0.445734	0	0.445734	0.445734	0	0.445734	0.445734	0	0	0.445734	0.445734	0	0	0.445734	0.445734	0.445734	0.445734	0	0	0	0.445734	0.445734	0	0	0	0	0.445734	0.445734	0	0	0	0.445734	0.445734	0	0	0	0.445734	0.445734	0	0	0.445734	0.445734	0	0.445734	0.445734	0.445734	0.445734	0	0	0.445734	0.891414	0.445734	0	0	0.445734	0.891414	0.891414	0.445734	0	0.445734	0.445734	0	0	0.445734	0.891414	0.445734	0	0.445734	0.445734	0	0.445734	0.445734	0.445734	0.445734	0	0.445734	0.891414	0.445734	0	0.445734	0.445734	0.445734	0.445734	0	0.445734	0.445734	0	0.445734	0.445734	0	0.445734	0.445734	0	0.445734	0.445734	0	0.445734	0.445734	0	0	0.445734	0.445734	0	0	0	0.445734	0.445734	0	0	0	0	0.445734	0.445734	0	0	0	0	0	0	0.445734	0.445734	0	0	0	0	0	0	0	0	0	0	0	0	0	0	0	0	0.445734	0.445734	0	0	0	0	0	0	0	0	0	0	0	0	0	0	0	0	0	0	0	0.445734	0.445734	0	0	0	0	0	0	0	0	0	0	0	0	0	0.445734	0.445734
0	0.445692	0.445692	0	0.445692	0.445692	0	0.445692	0.445692	0	0	0.445692	0.445692	0	0.445692	0.445692	0	0	0	0.445692	0.445692	0	0	0.445692	0.445692	0	0	0	0.445692	0.445692	0	0	0	0	0	0	0	0	0	0.445692	0.445692	0	0	0	0	0	0	0	0	0	0.445692	0.445692	0	0	0.445692	0.445692	0	0	0	0.445692	0.445692	0	0.445692	0.445692	0.445692	0.445692	0	0	0.445692	0.445692	0	0.445692	0.445692	0	0.445692	0.445692	0	0.445692	0.445692	0	0.445692	0.445692	0	0.445692	0.445692	0	0.445692	0.445692	0	0	0.445692	0.445692	0	0	0.445692	0.445692	0.445692	0.445692	0	0	0	0.445692	0.445692	0	0	0	0	0.445692	0.445692	0	0	0	0.445692	0.445692	0	0	0	0.445692	0.445692	0	0	0.445692	0.445692	0	0.445692	0.445692	0.445692	0.445692	0	0	0.445692	0.89133	0.445692	0	0	0.445692	0.89133	0.89133	0.445692	0	0.445692	0.445692	0	0	0.445692	0.89133	0.445692	0	0.445692	0.445692	0	0.445692	0.445692	0.445692	0.445692	0	0.445692	0.89133	0.445692	0	0.445692	0.445692	0.445692	0.445692	0	0.445692	0.445692	0	0.445692	0.445692	0	0.445692	0.445692	0	0.445692	0.445692	0	0.445692	0.445692	0	0	0.445692	0.445692	0	0	0	0.445692	0.445692	0	0	0	0	0.445692	0.445692	0	0	0	0	0	0	0.445692	0.445692	0	0	0	0	0	0	0	0	0	0	0	0	0	0	0	0	0.445692	0.445692	0	0	0	0	0	0	0	0	0	0	0	0	0	0	0	0	0	0	0	0.445692	0.445692	0	0	0	0	0	0	0	0	0	0	0	0	0	0.445692	0.445692
0	0.445651	0.445651	0	0.445651	0.445651	0	0.445651	0.445651	0	0	0.445651	0.445651	0	0.445651	0.445651	0	0	0	0.445651	0.445651	0	0	0.445651	0.445651	0	0	0	0.445651	0.445651	0	0	0	0	0	0	0	0	0	0.445651	0.445651	0	0	0	0	0	0	0	0	0	0.445651	0.445651	0	0	0.445651	0.445651	0	0	0	0.445651	0.445651	0	0.445651	0.445651	0.445651	0.445651	0	0	0.445651	0.445651	0	0.445651	0.445651	0	0.445651	0.445651	0	0.445651	0.445651	0	0.445651	0.445651	0	0.445651	0.445651	0	0.445651	0.445651	0	0	0.445651	0.445651	0	0	0.445651	0.445651	0.445651	0.445651	0	0	0	0.445651	0.445651	0	0	0	0	0.445651	0.445651	0	0	0	0.445651	0.445651	0	0	0	0.445651	0.445651	0	0	0.445651	0.445651	0	0.445651	0.445651	0.445651	0.445651	0	0	0.445651	0.891247	0.445651	0	0	0.445651	0.891247	0.891247	0.445651	0	0.445651	0.445651	0	0	0.445651	0.891247	0.445651	0	0.445651	0.445651	0	0.445651	0.445651	0.445651	0.445651	0	0.445651	0.891247	0.445651	0	0.445651	0.445651	0.445651	0.445651	0	0.445651	0.445651	0	0.445651	0.445651	0	0.445651	0.445651	0	0.445651	0.445651	0	0.445651	0.445651	0	0	0.445651	0.445651	0	0	0	0.445651	0.445651	0	0	0	0	0.445651	0.445651	0	0	0	0	0	0	0.445651	0.445651	0	0	0	0	0	0	0	0	0	0	0	0	0	0	0	0	0.445651	0.445651	0	0	0	0	0	0	0	0	0	0	0	0	0	0	0	0	0	0	0	0.445651	0.445651	0	0	0	0	0	0	0	0	0	0	0	0	0	0.445651	0.445651
0	0.445609	0.445609	0	0.445609	0.445609	0	0.445609	0.445609	0	0	0.445609	0.445609	0	0.445609	0.445609	0	0	0	0.445609	0.445609	0	0	0.445609	0.445609	0	0	0	0.445609	0.445609	0	0	0	0	0	0	0	0	0	0.445609	0.445609	0	0	0	0	0	0	0	0	0	0.445609	0.445609	0	0	0.445609	0.445609	0	0	0	0.445609	0.445609	0	0.445609	0.445609	0.445609	0.445609	0	0	0.445609	0.445609	0	0.445609	0.445609	0	0.445609	0.445609	0	0.445609	0.445609	0	0.445609	0.445609	0	0.445609	0.445609	0	0.445609	0.445609	0	0	0.445609	0.445609	0	0	0.445609	0.445609	0.445609	0.445609	0	0	0	0.445609	0.445609	0	0	0	0	0.445609	0.445609	0	0	0	0.445609	0.445609	0	0	0	0.445609	0.445609	0	0	0.445609	0.445609	0	0.445609	0.445609	0.445609	0.445609	0	0	0.445609	0.891164	0.445609	0	0	0.445609	0.891164	0.891164	0.445609	0	0.445609	0.445609	0	0	0.445609	0.891164	0.445609	0	0.445609	0.445609	0	0.445609	0.445609	0.445609	0.445609	0	0.445609	0.891164	0.445609	0	0.445609	0.445609	0.445609	0.445609	0	0.445609	0.445609	0	0.445609	0.445609	0	0.445609	0.445609	0	0.445609	0.445609	0	0.445609	0.445609	0	0	0.445609	0.445609	0	0	0	0.445609	0.445609	0	0	0	0	0.445609	0.445609	0	0	0	0	0	0	0.445609	0.445609	0	0	0	0	0	0	0	0	0	0	0	0	0	0	0	0	0.445609	0.445609	0	0	0	0	0	0	0	0	0	0	0	0	0	0	0	0	0	0	0	0.445609	0.445609	0	0	0	0	0	0	0	0	0	0	0	0	0	0.445609	0.445609
0	0.445567	0.445567	0	0.445567	0.445567	0	0.445567	0.445567	0	0	0.445567	0.445567	0	0.445567	0.445567	0	0	0	0.445567	0.445567	0	0	0.445567	0.445567	0	0	0	0.445567	0.445567	0	0	0	0	0	0	0	0	0	0.445567	0.445567	0	0	0	0	0	0	0	0	0	0.445567	0.445567	0	0	0.445567	0.445567	0	0	0	0.445567	0.445567	0	0.445567	0.445567	0.445567	0.445567	0	0	0.445567	0.445567	0	0.445567	0.445567	0	0.445567	0.445567	0	0.445567	0.445567	0	0.445567	0.445567	0	0.445567	0.445567	0	0.445567	0.445567	0	0	0.445567	0.445567	0	0	0.445567	0.445567	0.445567	0.445567	0	0	0	0.445567	0.445567	0	0	0	0	0.445567	0.445567	0	0	0	0.445567	0.445567	0	0	0	0.445567	0.445567	0	0	0.445567	0.445567	0	0.445567	0.445567	0.445567	0.445567	0	0	0.445567	0.891081	0.445567	0	0	0.445567	0.891081	0.891081	0.445567	0	0.445567	0.445567	0	0	0.445567	0.891081	0.445567	0	0.445567	0.445567	0	0.445567	0.445567	0.445567	0.445567	0	0.445567	0.891081	0.445567	0	0.445567	0.445567	0.445567	0.445567	0	0.445567	0.445567	0	0.445567	0.445567	0	0.445567	0.445567	0	0.445567	0.445567	0	0.445567	0.445567	0	0	0.445567	0.445567	0	0	0	0.445567	0.445567	0	0	0	0	0.445567	0.445567	0	0	0	0	0	0	0.445567	0.445567	0	0	0	0	0	0	0	0	0	0	0	0	0	0	0	0	0.445567	0.445567	0	0	0	0	0	0	0	0	0	0	0	0	0	0	0	0	0	0	0	0.445567	0.445567	0	0	0	0	0	0	0	0	0	0	0	0	0	0.445567	0.445567
0	0.445526	0.445526	0	0.445526	0.445526	0	0.445526	0.445526	0	0	0.445526	0.445526	0	0.445526	0.445526	0	0	0	0.445526	0.445526	0	0	0.445526	0.445526	0	0	0	0.445526	0.445526	0	0	0	0	0	0	0	0	0	0.445526	0.445526	0	0	0	0	0	0	0	0	0	0.445526	0.445526	0	0	0.445526	0.445526	0	0	0	0.445526	0.445526	0	0.445526	0.445526	0.445526	0.445526	0	0	0.445526	0.445526	0	0.445526	0.445526	0	0.445526	0.445526	0	0.445526	0.445526	0	0.445526	0.445526	0	0.445526	0.445526	0	0.445526	0.445526	0	0	0.445526	0.445526	0	0	0.445526	0.445526	0.445526	0.445526	0	0	0	0.445526	0.445526	0	0	0	0	0.445526	0.445526	0	0	0	0.445526	0.445526	0	0	0	0.445526	0.445526	0	0	0.445526	0.445526	0	0.445526	0.445526	0.445526	0.445526	0	0	0.445526	0.890998	0.445526	0	0	0.445526	0.890998	0.890998	0.445526	0	0.445526	0.445526	0	0	0.445526	0.890998	0.445526	0	0.445526	0.445526	0	0.445526	0.445526	0.445526	0.445526	0	0.445526	0.890998	0.445526	0	0.445526	0.445526	0.445526	0.445526	0	0.445526	0.445526	0	0.445526	0.445526	0	0.445526	0.445526	0	0.445526	0.445526	0	0.445526	0.445526	0	0	0.445526	0.445526	0	0	0	0.445526	0.445526	0	0	0	0	0.445526	0.445526	0	0	0	0	0	0	0.445526	0.445526	0	0	0	0	0	0	0	0	0	0	0	0	0	0	0	0	0.445526	0.445526	0	0	0	0	0	0	0	0	0	0	0	0	0	0	0	0	0	0	0	0.445526	0.445526	0	0	0	0	0	0	0	0	0	0	0	0	0	0.445526	0.445526
0.15751	0.49807	0.49807	0.352209	0.472521	0.49807	0.352209	0.630017	0.630017	0.445512	0.445512	0.630017	0.630017	0.445512	0.472521	0.352191	0.15751	0.352209	0.445512	0.472521	0.352191	0.15751	0.352209	0.472521	0.352191	0	0	0.15751	0.49807	0.352191	0	0	0.15751	0.352209	0.445512	0.445512	0.445512	0.445512	0.445512	0.472521	0.352191	0	0	0	0	0.15751	0.352209	0.445512	0.445512	0.445512	0.472521	0.352191	0	0	0.352191	0.49807	0.15751	0	0	0.352191	0.472521	0.445512	0.630017	0.630017	0.630017	0.630017	0.445512	0.445512	0.649414	0.803106	0.56791	0.649414	0.803106	0.56791	0.649414	0.848177	0.89097	0.996102	0.996102	0.89097	1.05652	1.19942	1.00849	1.05652	1.26972	1.23005	1.19942	1.26972	1.33632	1.23005	1.19942	1.26972	1.33632	1.33632	1.48566	1.62128	1.62128	1.70328	1.78151	1.67394	1.45191	1.48566	1.70328	1.78151	1.67394	1.45191	1.33632	1.48566	1.70328	1.78151	1.78151	1.78151	1.83629	1.83629	1.78151	1.78151	1.78151	1.922	2.14144	2.22648	2.22648	2.27053	2.1872	1.89604	1.922	2.14144	2.27053	2.27053	2.11819	1.89604	1.83629	2.04681	2.14144	2.11819	1.89604	1.83629	1.9916	2.04681	2.14144	2.11819	1.97287	1.83629	1.67394	1.45191	1.40857	1.6059	1.40857	1.33632	1.40857	1.34555	1.00849	0.996102	0.996102	0.996102	0.996102	0.89097	0.996102	1.25988	0.95802	0.56791	0.649414	0.848177	0.996102	0.95802	0.56791	0.649414	0.803106	0.56791	0.630017	0.630017	0.445512	0.630017	0.630017	0.445512	0.630017	0.630017	0.445512	0.649414	0.848177	0.787527	0.56791	0.649414	0.848177	0.787527	0.56791	0.445512	0.630017	0.630017	0.445512	0.445512	0.445512	0.445512	0.630017	0.630017	0.445512	0.445512	0.445512	0.445512	0.352209	0.15751	0.352191	0.472521	0.445512	0.445512	0.352209	0.15751	0	0	0	0	0	0	0	0	0	0	0	0	0.352191	0.472521	0.445512	0.445512	0.445512	0.445512	0.445512	0.445512	0.445512	0.445512	0.445512	0.445512	0.445512	0.445512	0.445512	0.445512	0.445512	0.445512	0.445512	0.445512	0.445512	0.472521	0.352191	0	0	0	0	0	0	0	0	0	0	0	0	0	0.445484	0.445484
0.352158	0.498024	0.498024	0.472477	0.352176	0.498024	0.472477	0.629958	0.629958	0.44547	0.44547	0.629958	0.629958	0.44547	0.352176	0.157495	0.352158	0.472477	0.44547	0.352176	0.157495	0.352158	0.472477	0.352176	0.157495	0	0	0.352158	0.498024	0.157495	0	0	0.352158	0.472477	0.44547	0.44547	0.44547	0.44547	0.44547	0.352176	0.157495	0	0	0	0	0.352158	0.472477	0.44547	0.44547	0.44547	0.352176	0.157495	0	0	0.157495	0.498024	0.352158	0	0	0.157495	0.352176	0.44547	0.629958	0.629958	0.629958	0.629958	0.44547	0.44547	0.567857	0.803031	0.649354	0.567857	0.803031	0.649354	0.567857	0.787453	0.890887	0.99601	0.99601	0.890887	1.00839	1.1993	1.05642	1.00839	1.22993	1.2696	1.1993	1.22993	1.3362	1.2696	1.1993	1.22993	1.3362	1.3362	1.45177	1.62113	1.62113	1.67378	1.78134	1.70313	1.48552	1.45177	1.67378	1.78134	1.70313	1.48552	1.3362	1.45177	1.67378	1.78134	1.78134	1.78134	1.83612	1.83612	1.78134	1.78134	1.78134	1.89587	2.11799	2.22628	2.22628	2.27031	2.25389	1.92182	1.89587	2.11799	2.27031	2.27031	2.14124	1.92182	1.83612	1.97269	2.11799	2.14124	1.92182	1.83612	1.99142	1.97269	2.11799	2.14124	2.04662	1.83612	1.70313	1.48552	1.40844	1.60575	1.40844	1.3362	1.40844	1.45175	1.05642	0.99601	0.99601	0.99601	0.99601	0.890887	0.99601	1.25976	1.10233	0.649354	0.567857	0.787453	0.99601	1.10233	0.649354	0.567857	0.803031	0.649354	0.629958	0.629958	0.44547	0.629958	0.629958	0.44547	0.629958	0.629958	0.44547	0.567857	0.787453	0.848097	0.649354	0.567857	0.787453	0.848097	0.649354	0.44547	0.629958	0.629958	0.44547	0.44547	0.44547	0.44547	0.629958	0.629958	0.44547	0.44547	0.44547	0.44547	0.472477	0.352158	0.157495	0.352176	0.44547	0.44547	0.472477	0.352158	0	0	0	0	0	0	0	0	0	0	0	0	0.157495	0.352176	0.44547	0.44547	0.44547	0.44547	0.44547	0.44547	0.44547	0.44547	0.44547	0.44547	0.44547	0.44547	0.44547	0.44547	0.44547	0.44547	0.44547	0.44547	0.44547	0.352176	0.157495	0	0	0	0	0	0	0	0	0	0	0	0	0	0.445443	0.445443
0.445394	0.445394	0.445394	0.445394	0	0.445394	0.445394	0.445394	0.445394	0	0	0.445394	0.445394	0	0	0	0.445394	0.445394	0	0	0	0.445394	0.445394	0	0	0	0	0.445394	0.445394	0	0	0	0.445394	0.445394	0	0	0	0	0	0	0	0	0	0	0	0.445394	0.445394	0	0	0	0	0	0	0	0	0.445394	0.445394	0	0	0	0	0	0.445394	0.445394	0.445394	0.445394	0	0	0	0.445394	0.445394	0	0.445394	0.445394	0	0	0	0.445394	0.445394	0	0	0.445394	0.445394	0	0	0.445394	0.445394	0	0	0.445394	0.445394	0	0	0	0	0.445394	0.445394	0	0	0.445394	0.445394	0	0	0	0.445394	0.445394	0	0	0	0	0	0	0.445394	0.445394	0	0	0	0	0	0	0	0.445394	0.890735	0.445394	0	0	0.445394	0.445394	0.445394	0.445394	0.445394	0.445394	0	0.445394	0.445394	0.445394	0.890735	0.445394	0	0.445394	0.890735	0.445394	0.445394	0.445394	0.445394	0.890735	0.445394	0	0.445394	0.890735	0.445394	0.445394	0.445394	0.445394	0.445394	0	0.445394	0.890735	0.890735	0.445394	0	0	0.445394	0.890735	0.445394	0	0.445394	0.445394	0.445394	0.445394	0	0.445394	0.445394	0	0.445394	0.445394	0	0	0	0.445394	0.445394	0	0	0.445394	0.445394	0	0.445394	0.445394	0	0	0	0	0.445394	0.445394	0	0	0	0	0.445394	0.445394	0	0	0	0	0.445394	0.445394	0	0	0	0	0	0	0	0	0	0	0	0	0	0	0	0	0	0	0	0	0	0	0	0	0	0	0	0	0	0	0	0	0	0	0	0	0	0	0	0	0	0	0	0	0	0	0	0	0.445394	0.445394
0.445353	0.445353	0.445353	0.445353	0	0.445353	0.445353	0.445353	0.445353	0	0	0.445353	0.445353	0	0	0	0.445353	0.445353	0	0	0	0.445353	0.445353	0	0	0	0	0.445353	0.445353	0	0	0	0.445353	0.445353	0	0	0	0	0	0	0	0	0	0	0	0.445353	0.445353	0	0	0	0	0	0	0	0	0.445353	0.445353	0	0	0	0	0	0.445353	0.445353	0.445353	0.445353	0	0	0	0.445353	0.445353	0	0.445353	0.445353	0	0	0	0.445353	0.445353	0	0	0.445353	0.445353	0	0	0.445353	0.445353	0	0	0.445353	0.445353	0	0	0	0	0.445353	0.445353	0	0	0.445353	0.445353	0	0	0	0.445353	0.445353	0	0	0	0	0	0	0.445353	0.445353	0	0	0	0	0	0	0	0.445353	0.890652	0.445353	0	0	0.445353	0.445353	0.445353	0.445353	0.445353	0.445353	0	0.445353	0.445353	0.445353	0.890652	0.445353	0	0.445353	0.890652	0.445353	0.445353	0.445353	0.445353	0.890652	0.445353	0	0.445353	0.890652	0.445353	0.445353	0.445353	0.445353	0.445353	0	0.445353	0.890652	0.890652	0.445353	0	0	0.445353	0.890652	0.445353	0	0.445353	0.445353	0.445353	0.445353	0	0.445353	0.445353	0	0.445353	0.445353	0	0	0	0.445353	0.445353	0	0	0.445353	0.445353	0	0.445353	0.445353	0	0	0	0	0.445353	0.445353	0	0	0	0	0.445353	0.445353	0	0	0	0	0.445353	0.445353	0	0	0	0	0	0	0	0	0	0	0	0	0	0	0	0	0	0	0	0	0	0	0	0	0	0	0	0	0	0	0	0	0	0	0	0	0	0	0	0	0	0	0	0	0	0	0	0	0.445353	0.445353
0.445311	0.445311	0.445311	0.445311	0	0.445311	0.445311	0.445311	0.445311	0	0	0.445311	0.445311	0	0	0	0.445311	0.445311	0	0	0	0.445311	0.445311	0	0	0	0	0.445311	0.445311	0	0	0	0.445311	0.445311	0	0	0	0	0	0	0	0	0	0	0	0.445311	0.445311	0	0	0	0	0	0	0	0	0.445311	0.445311	0	0	0	0	0	0.445311	0.445311	0.445311	0.445311	0	0	0	0.445311	0.445311	0	0.445311	0.445311	0	0	0	0.445311	0.445311	0	0	0.445311	0.445311	0	0	0.445311	0.445311	0	0	0.445311	0.445311	0	0	0	0	0.445311	0.445311	0	0	0.445311	0.445311	0	0	0	0.445311	0.445311	0	0	0	0	0	0	0.445311	0.445311	0	0	0	0	0	0	0	0.445311	0.890569	0.445311	0	0	0.445311	0.445311	0.445311	0.445311	0.445311	0.445311	0	0.445311	0.445311	0.445311	0.890569	0.445311	0	0.445311	0.890569	0.445311	0.445311	0.445311	0.445311	0.890569	0.445311	0	0.445311	0.890569	0.445311	0.445311	0.445311	0.445311	0.445311	0	0.445311	0.890569	0.890569	0.445311	0	0	0.445311	0.890569	0.445311	0	0.445311	0.445311	0.445311	0.445311	0	0.445311	0.445311	0	0.445311	0.445311	0	0	0	0.445311	0.445311	0	0	0.445311	0.445311	0	0.445311	0.445311	0	0	0	0	0.445311	0.445311	0	0	0	0	0.445311	0.445311	0	0	0	0	0.445311	0.445311	0	0	0	0	0	0	0	0	0	0	0	0	0	0	0	0	0	0	0	0	0	0	0	0	0	0	0	0	0	0	0	0	0	0	0	0	0	0	0	0	0	0	0	0	0	0	0	0	0.445311	0.445311
0.44527	0.44527	0.44527	0.44527	0	0.44527	0.44527	0.44527	0.44527	0	0	0.44527	0.44527	0	0	0	0.44527	0.44527	0	0	0	0.44527	0.44527	0	0	0	0	0.44527	0.44527	0	0	0	0.44527	0.44527	0	0	0	0	0	0	0	0	0	0	0	0.44527	0.44527	0	0	0	0	0	0	0	0	0.44527	0.44527	0	0	0	0	0	0.44527	0.44527	0.44527	0.44527	0	0	0	0.44527	0.44527	0	0.44527	0.44527	0	0	0	0.44527	0.44527	0	0	0.44527	0.44527	0	0	0.44527	0.44527	0	0	0.44527	0.44527	0	0	0	0	0.44527	0.44527	0	0	0.44527	0.44527	0	0	0	0.44527	0.44527	0	0	0	0	0	0	0.44527	0.44527	0	0	0	0	0	0	0	0.44527	0.890486	0.44527	0	0	0.44527	0.44527	0.44527	0.44527	0.44527	0.44527	0	0.44527	0.44527	0.44527	0.890486	0.44527	0	0.44527	0.890486	0.44527	0.44527	0.44527	0.44527	0.890486	0.44527	0	0.44527	0.890486	0.44527	0.44527	0.44527	0.44527	0.44527	0	0.44527	0.890486	0.890486	0.44527	0	0	0.44527	0.890486	0.44527	0	0.44527	0.44527	0.44527	0.44527	0	0.44527	0.44527	0	0.44527	0.44527	0	0	0	0.44527	0.44527	0	0	0.44527	0.44527	0	0.44527	0.44527	0	0	0	0	0.44527	0.44527	0	0	0	0	0.44527	0.44527	0	0	0	0	0.44527	0.44527	0	0	0	0	0	0	0	0	0	0	0	0	0	0	0	0	0	0	0	0	0	0	0	0	0	0	0	0	0	0	0	0	0	0	0	0	0	0	0	0	0	0	0	0	0	0	0	0	0.44527	0.44527
0.445228	0.445228	0.445228	0.445228	0	0.445228	0.445228	0.445228	0.445228	0	0	0.445228	0.445228	0	0	0	0.445228	0.445228	0	0	0	0.445228	0.445228	0	0	0	0	0.445228	0.445228	0	0	0	0.445228	0.445228	0	0	0	0	0	0	0	0	0	0	0	0.445228	0.445228	0	0	0	0	0	0	0	0	0.445228	0.445228	0	0	0	0	0	0.445228	0.445228	0.445228	0.445228	0	0	0	0.445228	0.445228	0	0.445228	0.445228	0	0	0	0.445228	0.445228	0	0	0.445228	0.445228	0	0	0.445228	0.445228	0	0	0.445228	0.445228	0	0	0	0	0.445228	0.445228	0	0	0.445228	0.445228	0	0	0	0.445228	0.445228	0	0	0	0	0	0	0.445228	0.445228	0	0	0	0	0	0	0	0.445228	0.890402	0.445228	0	0	0.445228	0.445228	0.445228	0.445228	0.445228	0.445228	0	0.445228	0.445228	0.445228	0.890402	0.445228	0	0.445228	0.890402	0.445228	0.445228	0.445228	0.445228	0.890402	0.445228	0	0.445228	0.890402	0.445228	0.445228	0.445228	0.445228	0.445228	0	0.445228	0.890402	0.890402	0.445228	0	0	0.445228	0.890402	0.445228	0	0.445228	0.445228	0.445228	0.445228	0	0.445228	0.445228	0	0.445228	0.445228	0	0	0	0.445228	0.445228	0	0	0.445228	0.445228	0	0.445228	0.445228	0	0	0	0	0.445228	0.445228	0	0	0	0	0.445228	0.445228	0	0	0	0	0.445228	0.445228	0	0	0	0	0	0	0	0	0	0	0	0	0	0	0	0	0	0	0	0	0	0	0	0	0	0	0	0	0	0	0	0	0	0	0	0	0	0	0	0	0	0	0	0	0	0	0	0	0.445228	0.445228
0.445187	0.445187	0.445187	0.445187	0	0.445187	0.445187	0.445187	0.445187	0	0	0.445187	0.445187	0	0	0	0.445187	0.445187	0	0	0	0.445187	0.445187	0	0	0	0	0.445187	0.445187	0	0	0	0.445187	0.445187	0	0	0	0	0	0	0	0	0	0	0	0.445187	0.445187	0	0	0	0	0	0	0	0	0.445187	0.445187	0	0	0	0	0	0.445187	0.445187	0.445187	0.445187	0	0	0	0.445187	0.445187	0	0.445187	0.445187	0	0	0	0.445187	0.445187	0	0	0.445187	0.445187	0	0	0.445187	0.445187	0	0	0.445187	0.445187	0	0	0	0	0.445187	0.445187	0	0	0.445187	0.445187	0	0	0	0.445187	0.445187	0	0	0	0	0	0	0.445187	0.445187	0	0	0	0	0	0	0	0.445187	0.890319	0.445187	0	0	0.445187	0.445187	0.445187	0.445187	0.445187	0.445187	0	0.445187	0.445187	0.445187	0.890319	0.445187	0	0.445187	0.890319	0.445187	0.445187	0.445187	0.445187	0.890319	0.445187	0	0.445187	0.890319	0.445187	0.445187	0.445187	0.445187	0.445187	0	0.445187	0.890319	0.890319	0.445187	0	0	0.445187	0.890319	0.445187	0	0.445187	0.445187	0.445187	0.445187	0	0.445187	0.445187	0	0.445187	0.445187	0	0	0	0.445187	0.445187	0	0	0.445187	0.445187	0	0.445187	0.445187	0	0	0	0	0.445187	0.445187	0	0	0	0	0.445187	0.445187	0	0	0	0	0.445187	0.445187	0	0	0	0	0	0	0	0	0	0	0	0	0	0	0	0	0	0	0	0	0	0	0	0	0	0	0	0	0	0	0	0	0	0	0	0	0	0	0	0	0	0	0	0	0	0	0	0	0.445187	0.445187
0.445145	0.445145	0.445145	0.445145	0	0.445145	0.445145	0.445145	0.445145	0	0	0.445145	0.445145	0	0	0	0.445145	0.445145	0	0	0	0.445145	0.445145	0	0	0	0	0.445145	0.445145	0	0	0	0.445145	0.445145	0	0	0	0	0	0	0	0	0	0	0	0.445145	0.445145	0	0	0	0	0	0	0	0	0.445145	0.445145	0	0	0	0	0	0.445145	0.445145	0.445145	0.445145	0	0	0	0.445145	0.445145	0	0.445145	0.445145	0	0	0	0.445145	0.445145	0	0	0.445145	0.445145	0	0	0.445145	0.445145	0	0	0.445145	0.445145	0	0	0	0	0.445145	0.445145	0	0	0.445145	0.445145	0	0	0	0.445145	0.445145	0	0	0	0	0	0	0.445145	0.445145	0	0	0	0	0	0	0	0.445145	0.890236	0.445145	0	0	0.445145	0.445145	0.445145	0.445145	0.445145	0.445145	0	0.445145	0.445145	0.445145	0.890236	0.445145	0	0.445145	0.890236	0.445145	0.445145	0.445145	0.445145	0.890236	0.445145	0	0.445145	0.890236	0.445145	0.445145	0.445145	0.445145	0.445145	0	0.445145	0.890236	0.890236	0.445145	0	0	0.445145	0.890236	0.445145	0	0.445145	0.445145	0.445145	0.445145	0	0.445145	0.445145	0	0.445145	0.445145	0	0	0	0.445145	0.445145	0	0	0.445145	0.445145	0	0.445145	0.445145	0	0	0	0	0.445145	0.445145	0	0	0	0	0.445145	0.445145	0	0	0	0	0.445145	0.445145	0	0	0	0	0	0	0	0	0	0	0	0	0	0	0	0	0	0	0	0	0	0	0	0	0	0	0	0	0	0	0	0	0	0	0	0	0	0	0	0	0	0	0	0	0	0	0	0	0.445145	0.445145
0.445104	0.445104	0.445104	0.445104	0	0.445104	0.445104	0.445104	0.445104	0	0	0.445104	0.445104	0	0	0	0.445104	0.445104	0	0	0	0.445104	0.445104	0	0	0	0	0.445104	0.445104	0	0	0	0.445104	0.445104	0	0	0	0	0	0	0	0	0	0	0	0.445104	0.445104	0	0	0	0	0	0	0	0	0.445104	0.445104	0	0	0	0	0	0.445104	0.445104	0.445104	0.445104	0	0	0	0.445104	0.445104	0	0.445104	0.445104	0	0	0	0.445104	0.445104	0	0	0.445104	0.445104	0	0	0.445104	0.445104	0	0	0.445104	0.445104	0	0	0	0	0.445104	0.445104	0	0	0.445104	0.445104	0	0	0	0.445104	0.445104	0	0	0	0	0	0	0.445104	0.445104	0	0	0	0	0	0	0	0.445104	0.890154	0.445104	0	0	0.445104	0.445104	0.445104	0.445104	0.445104	0.445104	0	0.445104	0.445104	0.445104	0.890154	0.445104	0	0.445104	0.890154	0.445104	0.445104	0.445104	0.445104	0.890154	0.445104	0	0.445104	0.890154	0.445104	0.445104	0.445104	0.445104	0.445104	0	0.445104	0.890154	0.890154	0.445104	0	0	0.445104	0.890154	0.445104	0	0.445104	0.445104	0.445104	0.445104	0	0.445104	0.445104	0	0.445104	0.445104	0	0	0	0.445104	0.445104	0	0	0.445104	0.445104	0	0.445104	0.445104	0	0	0	0	0.445104	0.445104	0	0	0	0	0.445104	0.445104	0	0	0	0	0.445104	0.445104	0	0	0	0	0	0	0	0	0	0	0	0	0	0	0	0	0	0	0	0	0	0	0	0	0	0	0	0	0	0	0	0	0	0	0	0	0	0	0	0	0	0	0	0	0	0	0	0	0.445104	0.445104
0.445055	0.567331	0.497592	0.351852	0.15736	0.497592	0.351852	0.445055	0.445055	0	0.15736	0.497592	0.351852	0.15736	0.351874	0.44509	0.629415	0.629415	0.44509	0.44509	0.44509	0.629415	0.629415	0.44509	0.44509	0.44509	0.44509	0.629415	0.629415	0.44509	0.44509	0.44509	0.472069	0.351852	0	0	0	0.15736	0.351874	0.44509	0.44509	0.44509	0.44509	0.44509	0.44509	0.472069	0.351852	0	0.15736	0.351874	0.44509	0.44509	0.44509	0.44509	0.44509	0.472069	0.351852	0	0	0	0.15736	0.351874	0.472069	0.497592	0.497592	0.351852	0	0	0	0.445055	0.445055	0	0.351852	0.472069	0.44509	0.351874	0.15736	0.351852	0.472069	0.44509	0.351874	0.497592	0.472069	0.44509	0.44509	0.629415	0.629415	0.44509	0.44509	0.648796	0.847371	0.890126	0.78678	0.567372	0.44509	0.648796	0.847371	0.890126	0.78678	0.802342	0.847371	0.890126	0.890126	0.890126	1.05552	1.26851	1.33505	1.33505	1.33505	1.33505	1.33505	1.33505	1.48425	1.61974	1.45053	1.33505	1.33505	1.22888	1.00753	0.890126	0.890126	1.05552	1.4505	1.40723	1.33505	1.33505	1.40723	1.40723	1.48425	1.70167	1.83455	1.75884	1.45053	1.40723	1.40723	1.40723	1.64247	1.61974	1.45053	1.40723	1.60437	1.40723	1.40723	1.40723	1.40723	1.60437	1.40723	1.22888	1.19828	1.4505	1.40723	1.40723	1.40723	1.40723	1.34427	1.00753	0.995155	1.25868	1.26848	1.26851	1.22888	1.00753	0.995155	1.25868	0.995155	0.78678	0.802342	0.847371	0.995155	0.995155	0.890126	0.995155	0.995155	0.890126	0.995155	0.995155	0.890126	0.78678	0.567372	0.648796	0.847371	0.78678	0.567372	0.648796	0.802342	0.567372	0.648796	0.847371	0.890126	0.890126	0.78678	0.567372	0.648796	0.847371	0.890126	0.890126	0.890126	0.78678	0.802342	0.847371	0.890126	0.890126	0.890126	0.890126	1.05552	1.26851	1.22888	1.00753	0.890126	0.890126	0.890126	0.890126	0.890126	0.890126	0.890126	0.890126	0.78678	0.567372	0.44509	0.44509	0.44509	0.44509	0.44509	0.44509	0.44509	0.44509	0.44509	0.44509	0.44509	0.351874	0.15736	0	0	0	0	0	0	0	0	0	0	0	0	0	0	0	0	0	0	0	0	0	0	0	0.351852	0.472069
0.445014	0.786648	0.497546	0.157345	0.35182	0.497546	0.157345	0.445014	0.445014	0	0.35182	0.497546	0.157345	0.35182	0.472025	0.445048	0.629356	0.629356	0.445048	0.445048	0.445048	0.629356	0.629356	0.445048	0.445048	0.445048	0.445048	0.629356	0.629356	0.445048	0.445048	0.445048	0.351841	0.157345	0	0	0	0.35182	0.472025	0.445048	0.445048	0.445048	0.445048	0.445048	0.445048	0.351841	0.157345	0	0.35182	0.472025	0.445048	0.445048	0.445048	0.445048	0.445048	0.351841	0.157345	0	0	0	0.35182	0.472025	0.351841	0.497546	0.497546	0.157345	0	0	0	0.445014	0.445014	0	0.157345	0.351841	0.445048	0.472025	0.35182	0.157345	0.351841	0.445048	0.472025	0.497546	0.351841	0.445048	0.445048	0.629356	0.629356	0.445048	0.445048	0.567319	0.786707	0.890043	0.847292	0.648736	0.445048	0.567319	0.786707	0.890043	0.847292	0.802267	0.786707	0.890043	0.890043	0.890043	1.00744	1.22877	1.33493	1.33493	1.33493	1.33493	1.33493	1.33493	1.4504	1.61959	1.48411	1.33493	1.33493	1.26839	1.05542	0.890043	0.890043	1.00744	1.34415	1.4071	1.33493	1.33493	1.4071	1.4071	1.4504	1.67219	1.83438	1.84109	1.48411	1.4071	1.4071	1.4071	1.54934	1.61959	1.48411	1.4071	1.60422	1.4071	1.4071	1.4071	1.4071	1.60422	1.4071	1.26839	1.19817	1.34415	1.4071	1.4071	1.4071	1.4071	1.45037	1.05542	0.995063	1.25856	1.14536	1.22877	1.26839	1.05542	0.995063	1.25856	0.995063	0.847292	0.802267	0.786707	0.995063	0.995063	0.890043	0.995063	0.995063	0.890043	0.995063	0.995063	0.890043	0.847292	0.648736	0.567319	0.786707	0.847292	0.648736	0.567319	0.802267	0.648736	0.567319	0.786707	0.890043	0.890043	0.847292	0.648736	0.567319	0.786707	0.890043	0.890043	0.890043	0.847292	0.802267	0.786707	0.890043	0.890043	0.890043	0.890043	1.00744	1.22877	1.26839	1.05542	0.890043	0.890043	0.890043	0.890043	0.890043	0.890043	0.890043	0.890043	0.847292	0.648736	0.445048	0.445048	0.445048	0.445048	0.445048	0.445048	0.445048	0.445048	0.445048	0.445048	0.445048	0.472025	0.35182	0	0	0	0	0	0	0	0	0	0	0	0	0	0	0	0	0	0	0	0	0	0	0	0.157345	0.351841
0.444972	0.889891	0.444972	0	0.444972	0.444972	0	0.444972	0.444972	0	0.444972	0.444972	0	0.444972	0.444972	0	0.444972	0.444972	0	0	0	0.444972	0.444972	0	0	0	0	0.444972	0.444972	0	0	0	0	0	0	0	0	0.444972	0.444972	0	0	0	0	0	0	0	0	0	0.444972	0.444972	0	0	0	0	0	0	0	0	0	0	0.444972	0.444972	0	0.444972	0.444972	0	0	0	0	0.444972	0.444972	0	0	0	0	0.444972	0.444972	0	0	0	0.444972	0.444972	0	0	0	0.444972	0.444972	0	0	0	0	0	0.444972	0.444972	0	0	0	0	0.444972	0.444972	0	0	0	0	0	0	0	0	0	0	0	0	0	0.444972	0.444972	0	0	0.444972	0.444972	0	0	0	0.444972	0.444972	0	0	0.444972	0.444972	0	0	0.444972	0.889891	0.444972	0.444972	0.444972	0.444972	0.444972	0.444972	0.444972	0.444972	0.889891	0.444972	0.444972	0.444972	0.444972	0.889891	0.444972	0.444972	0.444972	0.444972	0.444972	0.444972	0.444972	0.444972	0.889891	0.444972	0.444972	0.889891	0.444972	0	0.444972	0.444972	0.444972	0.889891	0.444972	0.444972	0.444972	0	0.444972	0.444972	0	0.444972	0.444972	0	0.444972	0.444972	0	0.444972	0.444972	0	0	0.444972	0.444972	0	0.444972	0.444972	0	0	0	0	0.444972	0.444972	0	0	0	0	0	0.444972	0.444972	0	0	0	0	0	0	0	0.444972	0.444972	0	0	0	0	0	0	0	0	0.444972	0.444972	0	0	0	0	0	0	0	0	0	0	0	0.444972	0.444972	0	0	0	0	0	0	0	0	0	0	0	0	0	0	0	0	0	0	0	0	0	0	0	0	0
0.444931	0.889808	0.444931	0	0.444931	0.444931	0	0.444931	0.444931	0	0.444931	0.444931	0	0.444931	0.444931	0	0.444931	0.444931	0	0	0	0.444931	0.444931	0	0	0	0	0.444931	0.444931	0	0	0	0	0	0	0	0	0.444931	0.444931	0	0	0	0	0	0	0	0	0	0.444931	0.444931	0	0	0	0	0	0	0	0	0	0	0.444931	0.444931	0	0.444931	0.444931	0	0	0	0	0.444931	0.444931	0	0	0	0	0.444931	0.444931	0	0	0	0.444931	0.444931	0	0	0	0.444931	0.444931	0	0	0	0	0	0.444931	0.444931	0	0	0	0	0.444931	0.444931	0	0	0	0	0	0	0	0	0	0	0	0	0	0.444931	0.444931	0	0	0.444931	0.444931	0	0	0	0.444931	0.444931	0	0	0.444931	0.444931	0	0	0.444931	0.889808	0.444931	0.444931	0.444931	0.444931	0.444931	0.444931	0.444931	0.444931	0.889808	0.444931	0.444931	0.444931	0.444931	0.889808	0.444931	0.444931	0.444931	0.444931	0.444931	0.444931	0.444931	0.444931	0.889808	0.444931	0.444931	0.889808	0.444931	0	0.444931	0.444931	0.444931	0.889808	0.444931	0.444931	0.444931	0	0.444931	0.444931	0	0.444931	0.444931	0	0.444931	0.444931	0	0.444931	0.444931	0	0	0.444931	0.444931	0	0.444931	0.444931	0	0	0	0	0.444931	0.444931	0	0	0	0	0	0.444931	0.444931	0	0	0	0	0	0	0	0.444931	0.444931	0	0	0	0	0	0	0	0	0.444931	0.444931	0	0	0	0	0	0	0	0	0	0	0	0.444931	0.444931	0	0	0	0	0	0	0	0	0	0	0	0	0	0	0	0	0	0	0	0	0	0	0	0	0
0.444889	0.889725	0.444889	0	0.444889	0.444889	0	0.444889	0.444889	0	0.444889	0.444889	0	0.444889	0.444889	0	0.444889	0.444889	0	0	0	0.444889	0.444889	0	0	0	0	0.444889	0.444889	0	0	0	0	0	0	0	0	0.444889	0.444889	0	0	0	0	0	0	0	0	0	0.444889	0.444889	0	0	0	0	0	0	0	0	0	0	0.444889	0.444889	0	0.444889	0.444889	0	0	0	0	0.444889	0.444889	0	0	0	0	0.444889	0.444889	0	0	0	0.444889	0.444889	0	0	0	0.444889	0.444889	0	0	0	0	0	0.444889	0.444889	0	0	0	0	0.444889	0.444889	0	0	0	0	0	0	0	0	0	0	0	0	0	0.444889	0.444889	0	0	0.444889	0.444889	0	0	0	0.444889	0.444889	0	0	0.444889	0.444889	0	0	0.444889	0.889725	0.444889	0.444889	0.444889	0.444889	0.444889	0.444889	0.444889	0.444889	0.889725	0.444889	0.444889	0.444889	0.444889	0.889725	0.444889	0.444889	0.444889	0.444889	0.444889	0.444889	0.444889	0.444889	0.889725	0.444889	0.444889	0.889725	0.444889	0	0.444889	0.444889	0.444889	0.889725	0.444889	0.444889	0.444889	0	0.444889	0.444889	0	0.444889	0.444889	0	0.444889	0.444889	0	0.444889	0.444889	0	0	0.444889	0.444889	0	0.444889	0.444889	0	0	0	0	0.444889	0.444889	0	0	0	0	0	0.444889	0.444889	0	0	0	0	0	0	0	0.444889	0.444889	0	0	0	0	0	0	0	0	0.444889	0.444889	0	0	0	0	0	0	0	0	0	0	0	0.444889	0.444889	0	0	0	0	0	0	0	0	0	0	0	0	0	0	0	0	0	0	0	0	0	0	0	0	0
0.444848	0.889642	0.444848	0	0.444848	0.444848	0	0.444848	0.444848	0	0.444848	0.444848	0	0.444848	0.444848	0	0.444848	0.444848	0	0	0	0.444848	0.444848	0	0	0	0	0.444848	0.444848	0	0	0	0	0	0	0	0	0.444848	0.444848	0	0	0	0	0	0	0	0	0	0.444848	0.444848	0	0	0	0	0	0	0	0	0	0	0.444848	0.444848	0	0.444848	0.444848	0	0	0	0	0.444848	0.444848	0	0	0	0	0.444848	0.444848	0	0	0	0.444848	0.444848	0	0	0	0.444848	0.444848	0	0	0	0	0	0.444848	0.444848	0	0	0	0	0.444848	0.444848	0	0	0	0	0	0	0	0	0	0	0	0	0	0.444848	0.444848	0	0	0.444848	0.444848	0	0	0	0.444848	0.444848	0	0	0.444848	0.444848	0	0	0.444848	0.889642	0.444848	0.444848	0.444848	0.444848	0.444848	0.444848	0.444848	0.444848	0.889642	0.444848	0.444848	0.444848	0.444848	0.889642	0.444848	0.444848	0.444848	0.444848	0.444848	0.444848	0.444848	0.444848	0.889642	0.444848	0.444848	0.889642	0.444848	0	0.444848	0.444848	0.444848	0.889642	0.444848	0.444848	0.444848	0	0.444848	0.444848	0	0.444848	0.444848	0	0.444848	0.444848	0	0.444848	0.444848	0	0	0.444848	0.444848	0	0.444848	0.444848	0	0	0	0	0.444848	0.444848	0	0	0	0	0	0.444848	0.444848	0	0	0	0	0	0	0	0.444848	0.444848	0	0	0	0	0	0	0	0	0.444848	0.444848	0	0	0	0	0	0	0	0	0	0	0	0.444848	0.444848	0	0	0	0	0	0	0	0	0	0	0	0	0	0	0	0	0	0	0	0	0	0	0	0	0
0.444806	0.889559	0.444806	0	0.444806	0.444806	0	0.444806	0.444806	0	0.444806	0.444806	0	0.444806	0.444806	0	0.444806	0.444806	0	0	0	0.444806	0.444806	0	0	0	0	0.444806	0.444806	0	0	0	0	0	0	0	0	0.444806	0.444806	0	0	0	0	0	0	0	0	0	0.444806	0.444806	0	0	0	0	0	0	0	0	0	0	0.444806	0.444806	0	0.444806	0.444806	0	0	0	0	0.444806	0.444806	0	0	0	0	0.444806	0.444806	0	0	0	0.444806	0.444806	0	0	0	0.444806	0.444806	0	0	0	0	0	0.444806	0.444806	0	0	0	0	0.444806	0.444806	0	0	0	0	0	0	0	0	0	0	0	0	0	0.444806	0.444806	0	0	0.444806	0.444806	0	0	0	0.444806	0.444806	0	0	0.444806	0.444806	0	0	0.444806	0.889559	0.444806	0.444806	0.444806	0.444806	0.444806	0.444806	0.444806	0.444806	0.889559	0.444806	0.444806	0.444806	0.444806	0.889559	0.444806	0.444806	0.444806	0.444806	0.444806	0.444806	0.444806	0.444806	0.889559	0.444806	0.444806	0.889559	0.444806	0	0.444806	0.444806	0.444806	0.889559	0.444806	0.444806	0.444806	0	0.444806	0.444806	0	0.444806	0.444806	0	0.444806	0.444806	0	0.444806	0.444806	0	0	0.444806	0.444806	0	0.444806	0.444806	0	0	0	0	0.444806	0.444806	0	0	0	0	0	0.444806	0.444806	0	0	0	0	0	0	0	0.444806	0.444806	0	0	0	0	0	0	0	0	0.444806	0.444806	0	0	0	0	0	0	0	0	0	0	0	0.444806	0.444806	0	0	0	0	0	0	0	0	0	0	0	0	0	0	0	0	0	0	0	0	0	0	0	0	0
0.444758	0.889463	0.444758	0	0.444758	0.444758	0	0.444758	0.444758	0	0.444758	0.444758	0	0.444758	0.444758	0	0.444758	0.444758	0	0	0	0.444758	0.444758	0	0	0	0	0.444758	0.444758	0	0	0	0	0	0	0	0	0.444758	0.444758	0	0	0	0	0	0	0	0	0	0.444758	0.444758	0	0	0	0	0	0	0	0	0	0	0.444758	0.444758	0	0.444758	0.444758	0	0	0	0	0.444758	0.444758	0	0	0	0	0.444758	0.444758	0	0	0	0.444758	0.444758	0	0	0	0.444758	0.444758	0	0	0	0	0	0.444758	0.444758	0	0	0	0	0.444758	0.444758	0	0	0	0	0	0	0	0	0	0	0	0	0	0.444758	0.444758	0	0	0.444758	0.444758	0	0	0	0.444758	0.444758	0	0	0.444758	0.444758	0	0	0.444758	0.889463	0.444758	0.444758	0.444758	0.444758	0.444758	0.444758	0.444758	0.444758	0.889463	0.444758	0.444758	0.444758	0.444758	0.889463	0.444758	0.444758	0.444758	0.444758	0.444758	0.444758	0.444758	0.444758	0.889463	0.444758	0.444758	0.889463	0.444758	0	0.444758	0.444758	0.444758	0.889463	0.444758	0.444758	0.444758	0	0.444758	0.444758	0	0.444758	0.444758	0	0.444758	0.444758	0	0.444758	0.444758	0	0	0.444758	0.444758	0	0.444758	0.444758	0	0	0	0	0.444758	0.444758	0	0	0	0	0	0.444758	0.444758	0	0	0	0	0	0	0	0.444758	0.444758	0	0	0	0	0	0	0	0	0.444758	0.444758	0	0	0	0	0	0	0	0	0	0	0	0.444758	0.444758	0	0	0	0	0	0	0	0	0	0	0	0	0	0	0	0	0	0	0	0	0	0	0	0	0
0.444717	0.88938	0.444717	0	0.444717	0.444717	0	0.444717	0.444717	0	0.444717	0.444717	0	0.444717	0.444717	0	0.444717	0.444717	0	0	0	0.444717	0.444717	0	0	0	0	0.444717	0.444717	0	0	0	0	0	0	0	0	0.444717	0.444717	0	0	0	0	0	0	0	0	0	0.444717	0.444717	0	0	0	0	0	0	0	0	0	0	0.444717	0.444717	0	0.444717	0.444717	0	0	0	0	0.444717	0.444717	0	0	0	0	0.444717	0.444717	0	0	0	0.444717	0.444717	0	0	0	0.444717	0.444717	0	0	0	0	0	0.444717	0.444717	0	0	0	0	0.444717	0.444717	0	0	0	0	0	0	0	0	0	0	0	0	0	0.444717	0.444717	0	0	0.444717	0.444717	0	0	0	0.444717	0.444717	0	0	0.444717	0.444717	0	0	0.444717	0.88938	0.444717	0.444717	0.444717	0.444717	0.444717	0.444717	0.444717	0.444717	0.88938	0.444717	0.444717	0.444717	0.444717	0.88938	0.444717	0.444717	0.444717	0.444717	0.444717	0.444717	0.444717	0.444717	0.88938	0.444717	0.444717	0.88938	0.444717	0	0.444717	0.444717	0.444717	0.88938	0.444717	0.444717	0.444717	0	0.444717	0.444717	0	0.444717	0.444717	0	0.444717	0.444717	0	0.444717	0.444717	0	0	0.444717	0.444717	0	0.444717	0.444717	0	0	0	0	0.444717	0.444717	0	0	0	0	0	0.444717	0.444717	0	0	0	0	0	0	0	0.444717	0.444717	0	0	0	0	0	0	0	0	0.444717	0.444717	0	0	0	0	0	0	0	0	0	0	0	0.444717	0.444717	0	0	0	0	0	0	0	0	0	0	0	0	0	0	0	0	0	0	0	0	0	0	0	0	0
0.444675	0.889297	0.444675	0	0.444675	0.444675	0	0.444675	0.444675	0	0.444675	0.444675	0	0.444675	0.444675	0	0.444675	0.444675	0	0	0	0.444675	0.444675	0	0	0	0	0.444675	0.444675	0	0	0	0	0	0	0	0	0.444675	0.444675	0	0	0	0	0	0	0	0	0	0.444675	0.444675	0	0	0	0	0	0	0	0	0	0	0.444675	0.444675	0	0.444675	0.444675	0	0	0	0	0.444675	0.444675	0	0	0	0	0.444675	0.444675	0	0	0	0.444675	0.444675	0	0	0	0.444675	0.444675	0	0	0	0	0	0.444675	0.444675	0	0	0	0	0.444675	0.444675	0	0	0	0	0	0	0	0	0	0	0	0	0	0.444675	0.444675	0	0	0.444675	0.444675	0	0	0	0.444675	0.444675	0	0	0.444675	0.444675	0	0	0.444675	0.889297	0.444675	0.444675	0.444675	0.444675	0.444675	0.444675	0.444675	0.444675	0.889297	0.444675	0.444675	0.444675	0.444675	0.889297	0.444675	0.444675	0.444675	0.444675	0.444675	0.444675	0.444675	0.444675	0.889297	0.444675	0.444675	0.889297	0.444675	0	0.444675	0.444675	0.444675	0.889297	0.444675	0.444675	0.444675	0	0.444675	0.444675	0	0.444675	0.444675	0	0.444675	0.444675	0	0.444675	0.444675	0	0	0.444675	0.444675	0	0.444675	0.444675	0	0	0	0	0.444675	0.444675	0	0	0	0	0	0.444675	0.444675	0	0	0	0	0	0	0	0.444675	0.444675	0	0	0	0	0	0	0	0	0.444675	0.444675	0	0	0	0	0	0	0	0	0	0	0	0.444675	0.444675	0	0	0	0	0	0	0	0	0	0	0	0	0	0	0	0	0	0	0	0	0	0	0	0	0
0.444634	0.889214	0.444634	0	0.444634	0.444634	0	0.444634	0.444634	0	0.444634	0.444634	0	0.444634	0.444634	0	0.444634	0.444634	0	0	0	0.444634	0.444634	0	0	0	0	0.444634	0.444634	0	0	0	0	0	0	0	0	0.444634	0.444634	0	0	0	0	0	0	0	0	0	0.444634	0.444634	0	0	0	0	0	0	0	0	0	0	0.444634	0.444634	0	0.444634	0.444634	0	0	0	0	0.444634	0.444634	0	0	0	0	0.444634	0.444634	0	0	0	0.444634	0.444634	0	0	0	0.444634	0.444634	0	0	0	0	0	0.444634	0.444634	0	0	0	0	0.444634	0.444634	0	0	0	0	0	0	0	0	0	0	0	0	0	0.444634	0.444634	0	0	0.444634	0.444634	0	0	0	0.444634	0.444634	0	0	0.444634	0.444634	0	0	0.444634	0.889214	0.444634	0.444634	0.444634	0.444634	0.444634	0.444634	0.444634	0.444634	0.889214	0.444634	0.444634	0.444634	0.444634	0.889214	0.444634	0.444634	0.444634	0.444634	0.444634	0.444634	0.444634	0.444634	0.889214	0.444634	0.444634	0.889214	0.444634	0	0.444634	0.444634	0.444634	0.889214	0.444634	0.444634	0.444634	0	0.444634	0.444634	0	0.444634	0.444634	0	0.444634	0.444634	0	0.444634	0.444634	0	0	0.444634	0.444634	0	0.444634	0.444634	0	0	0	0	0.444634	0.444634	0	0	0	0	0	0.444634	0.444634	0	0	0	0	0	0	0	0.444634	0.444634	0	0	0	0	0	0	0	0	0.444634	0.444634	0	0	0	0	0	0	0	0	0	0	0	0.444634	0.444634	0	0	0	0	0	0	0	0	0	0	0	0	0	0	0	0	0	0	0	0	0	0	0	0	0
0.351487	0.846444	0.62876	0.444627	0.62876	0.62876	0.444627	0.62876	0.62876	0.351508	0.497075	0.497075	0.157196	0.351487	0.497075	0.157196	0.351487	0.471579	0.351508	0.157196	0	0.444592	0.444592	0	0	0	0	0.444592	0.444592	0	0	0	0.157196	0.351508	0.444627	0.444627	0.444627	0.471579	0.351487	0	0	0	0	0.157196	0.351508	0.444627	0.444627	0.444627	0.62876	0.62876	0.444627	0.444627	0.444627	0.444627	0.444627	0.444627	0.444627	0.566782	0.785962	0.8892	0.84649	0.648122	0.444627	0.62876	0.62876	0.444627	0.444627	0.444627	0.566782	0.801507	0.648122	0.566782	0.785962	0.8892	0.8892	0.84649	0.648122	0.566782	0.785962	0.8892	0.84649	0.648122	0.444627	0.444627	0.444627	0.471579	0.351487	0.157196	0.351508	0.444627	0.444627	0.444627	0.471579	0.351487	0	0	0	0	0.444592	0.444592	0	0	0	0	0	0	0	0	0	0	0	0	0.157196	0.497075	0.351487	0	0	0.351487	0.471579	0.444627	0.444627	0.444627	0.62876	0.62876	0.444627	0.444627	0.62876	0.62876	0.444627	0.444627	0.62876	0.956088	0.84649	0.994121	0.994121	1.05442	1.19703	1.19703	1.26719	1.40577	1.6027	1.40577	1.48271	1.6999	1.83265	1.98764	1.83265	1.83265	1.75701	1.54787	1.40577	1.40577	1.40577	1.40577	1.6027	1.40577	1.40577	1.6027	1.34288	1.00648	0.994121	0.994121	0.994121	1.25737	0.994121	1.05442	1.19703	1.00648	1.05442	1.19703	1.00648	0.994121	0.994121	0.8892	0.994121	0.956112	0.566782	0.648122	0.84649	0.8892	0.785962	0.801507	0.84649	0.785962	0.801507	0.84649	0.8892	0.8892	0.785962	0.566782	0.648122	0.84649	0.8892	0.8892	0.8892	0.8892	0.8892	1.05442	1.19703	1.00648	0.8892	0.8892	0.8892	0.8892	0.8892	0.8892	1.05442	1.26719	1.33367	1.2276	1.00648	0.8892	0.8892	0.8892	0.8892	0.8892	1.05442	1.26719	1.2276	1.00648	0.8892	0.8892	0.785962	0.566782	0.444627	0.444627	0.444627	0.444627	0.444627	0.62876	0.62876	0.444627	0.444627	0.444627	0.444627	0.444627	0.444627	0.444627	0.444627	0.444627	0.444627	0.444627	0.351508	0.157196	0	0	0	0	0	0	0	0	0	0	0	0
0.15718	0.648035	0.628697	0.444579	0.628697	0.628697	0.444579	0.628697	0.628697	0.471531	0.497027	0.497027	0.351453	0.15718	0.497027	0.351453	0.15718	0.351471	0.471531	0.351453	0	0.444551	0.444551	0	0	0	0	0.444551	0.444551	0	0	0	0.351453	0.471531	0.444579	0.444579	0.444579	0.351471	0.15718	0	0	0	0	0.351453	0.471531	0.444579	0.444579	0.444579	0.628697	0.628697	0.444579	0.444579	0.444579	0.444579	0.444579	0.444579	0.444579	0.648054	0.8464	0.889104	0.785877	0.56672	0.444579	0.628697	0.628697	0.444579	0.444579	0.444579	0.648054	0.801424	0.56672	0.648054	0.8464	0.889104	0.889104	0.785877	0.56672	0.648054	0.8464	0.889104	0.785877	0.56672	0.444579	0.444579	0.444579	0.351471	0.15718	0.351453	0.471531	0.444579	0.444579	0.444579	0.351471	0.15718	0	0	0	0	0.444551	0.444551	0	0	0	0	0	0	0	0	0	0	0	0	0.351453	0.497027	0.15718	0	0	0.15718	0.351471	0.444579	0.444579	0.444579	0.628697	0.628697	0.444579	0.444579	0.628697	0.628697	0.444579	0.444579	0.628697	0.785854	0.785877	0.994016	0.994016	1.00637	1.1969	1.1969	1.22747	1.40562	1.60253	1.40562	1.44887	1.67043	1.83245	1.98743	1.83245	1.83245	1.83916	1.64059	1.40562	1.40562	1.40562	1.40562	1.60253	1.40562	1.40562	1.60253	1.44884	1.05431	0.994016	0.994016	0.994016	1.25724	0.994016	1.00637	1.1969	1.05431	1.00637	1.1969	1.05431	0.994016	0.994016	0.889104	0.994016	1.10013	0.648054	0.56672	0.785877	0.889104	0.8464	0.801424	0.785877	0.8464	0.801424	0.785877	0.889104	0.889104	0.8464	0.648054	0.56672	0.785877	0.889104	0.889104	0.889104	0.889104	0.889104	1.00637	1.1969	1.05431	0.889104	0.889104	0.889104	0.889104	0.889104	0.889104	1.00637	1.22747	1.33352	1.26706	1.05431	0.889104	0.889104	0.889104	0.889104	0.889104	1.00637	1.22747	1.26706	1.05431	0.889104	0.889104	0.8464	0.648054	0.444579	0.444579	0.444579	0.444579	0.444579	0.628697	0.628697	0.444579	0.444579	0.444579	0.444579	0.444579	0.444579	0.444579	0.444579	0.444579	0.444579	0.444579	0.471531	0.351453	0	0	0	0	0	0	0	0	0	0	0	0
0	0.44451	0.44451	0	0.44451	0.44451	0	0.44451	0.44451	0.44451	0.44451	0.44451	0.44451	0	0.44451	0.44451	0	0	0.44451	0.44451	0	0.44451	0.44451	0	0	0	0	0.44451	0.44451	0	0	0	0.44451	0.44451	0	0	0	0	0	0	0	0	0	0.44451	0.44451	0	0	0	0.44451	0.44451	0	0	0	0	0	0	0	0.44451	0.44451	0	0	0	0	0.44451	0.44451	0	0	0	0.44451	0.44451	0	0.44451	0.44451	0	0	0	0	0.44451	0.44451	0	0	0	0	0	0	0	0	0.44451	0.44451	0	0	0	0	0	0	0	0	0	0.44451	0.44451	0	0	0	0	0	0	0	0	0	0	0	0	0.44451	0.44451	0	0	0	0	0	0	0	0	0.44451	0.44451	0	0	0.44451	0.44451	0	0	0.44451	0.44451	0	0.44451	0.44451	0	0.44451	0.44451	0	0.44451	0.888966	0.44451	0	0	0.44451	0.888966	0.44451	0.44451	0.888966	0.888966	0.44451	0.44451	0.44451	0.44451	0.888966	0.44451	0.44451	0.888966	0.888966	0.44451	0.44451	0.44451	0.44451	0.888966	0.44451	0	0.44451	0.44451	0	0.44451	0.44451	0.44451	0.44451	0	0.44451	0.888966	0.44451	0	0	0	0.44451	0.44451	0	0.44451	0.44451	0	0	0	0.44451	0.44451	0	0	0	0	0	0	0	0	0.44451	0.44451	0	0	0	0	0	0	0	0	0	0.44451	0.44451	0	0	0	0	0	0	0	0.44451	0.44451	0	0	0.44451	0.44451	0	0	0	0	0	0.44451	0.44451	0	0	0	0	0	0	0	0	0	0	0	0.44451	0.44451	0	0	0	0	0	0	0	0	0	0	0	0
0	0.444461	0.444461	0	0.444461	0.444461	0	0.444461	0.444461	0.444461	0.444461	0.444461	0.444461	0	0.444461	0.444461	0	0	0.444461	0.444461	0	0.444461	0.444461	0	0	0	0	0.444461	0.444461	0	0	0	0.444461	0.444461	0	0	0	0	0	0	0	0	0	0.444461	0.444461	0	0	0	0.444461	0.444461	0	0	0	0	0	0	0	0.444461	0.444461	0	0	0	0	0.444461	0.444461	0	0	0	0.444461	0.444461	0	0.444461	0.444461	0	0	0	0	0.444461	0.444461	0	0	0	0	0	0	0	0	0.444461	0.444461	0	0	0	0	0	0	0	0	0	0.444461	0.444461	0	0	0	0	0	0	0	0	0	0	0	0	0.444461	0.444461	0	0	0	0	0	0	0	0	0.444461	0.444461	0	0	0.444461	0.444461	0	0	0.444461	0.444461	0	0.444461	0.444461	0	0.444461	0.444461	0	0.444461	0.888869	0.444461	0	0	0.444461	0.888869	0.444461	0.444461	0.888869	0.888869	0.444461	0.444461	0.444461	0.444461	0.888869	0.444461	0.444461	0.888869	0.888869	0.444461	0.444461	0.444461	0.444461	0.888869	0.444461	0	0.444461	0.444461	0	0.444461	0.444461	0.444461	0.444461	0	0.444461	0.888869	0.444461	0	0	0	0.444461	0.444461	0	0.444461	0.444461	0	0	0	0.444461	0.444461	0	0	0	0	0	0	0	0	0.444461	0.444461	0	0	0	0	0	0	0	0	0	0.444461	0.444461	0	0	0	0	0	0	0	0.444461	0.444461	0	0	0.444461	0.444461	0	0	0	0	0	0.444461	0.444461	0	0	0	0	0	0	0	0	0	0	0	0.444461	0.444461	0	0	0	0	0	0	0	0	0	0	0	0
0	0.44442	0.44442	0	0.44442	0.44442	0	0.44442	0.44442	0.44442	0.44442	0.44442	0.44442	0	0.44442	0.44442	0	0	0.44442	0.44442	0	0.44442	0.44442	0	0	0	0	0.44442	0.44442	0	0	0	0.44442	0.44442	0	0	0	0	0	0	0	0	0	0.44442	0.44442	0	0	0	0.44442	0.44442	0	0	0	0	0	0	0	0.44442	0.44442	0	0	0	0	0.44442	0.44442	0	0	0	0.44442	0.44442	0	0.44442	0.44442	0	0	0	0	0.44442	0.44442	0	0	0	0	0	0	0	0	0.44442	0.44442	0	0	0	0	0	0	0	0	0	0.44442	0.44442	0	0	0	0	0	0	0	0	0	0	0	0	0.44442	0.44442	0	0	0	0	0	0	0	0	0.44442	0.44442	0	0	0.44442	0.44442	0	0	0.44442	0.44442	0	0.44442	0.44442	0	0.44442	0.44442	0	0.44442	0.888787	0.44442	0	0	0.44442	0.888787	0.44442	0.44442	0.888787	0.888787	0.44442	0.44442	0.44442	0.44442	0.888787	0.44442	0.44442	0.888787	0.888787	0.44442	0.44442	0.44442	0.44442	0.888787	0.44442	0	0.44442	0.44442	0	0.44442	0.44442	0.44442	0.44442	0	0.44442	0.888787	0.44442	0	0	0	0.44442	0.44442	0	0.44442	0.44442	0	0	0	0.44442	0.44442	0	0	0	0	0	0	0	0	0.44442	0.44442	0	0	0	0	0	0	0	0	0	0.44442	0.44442	0	0	0	0	0	0	0	0.44442	0.44442	0	0	0.44442	0.44442	0	0	0	0	0	0.44442	0.44442	0	0	0	0	0	0	0	0	0	0	0	0.44442	0.44442	0	0	0	0	0	0	0	0	0	0	0	0
0	0.444379	0.444379	0	0.444379	0.444379	0	0.444379	0.444379	0.444379	0.444379	0.444379	0.444379	0	0.444379	0.444379	0	0	0.444379	0.444379	0	0.444379	0.444379	0	0	0	0	0.444379	0.444379	0	0	0	0.444379	0.444379	0	0	0	0	0	0	0	0	0	0.444379	0.444379	0	0	0	0.444379	0.444379	0	0	0	0	0	0	0	0.444379	0.444379	0	0	0	0	0.444379	0.444379	0	0	0	0.444379	0.444379	0	0.444379	0.444379	0	0	0	0	0.444379	0.444379	0	0	0	0	0	0	0	0	0.444379	0.444379	0	0	0	0	0	0	0	0	0	0.444379	0.444379	0	0	0	0	0	0	0	0	0	0	0	0	0.444379	0.444379	0	0	0	0	0	0	0	0	0.444379	0.444379	0	0	0.444379	0.444379	0	0	0.444379	0.444379	0	0.444379	0.444379	0	0.444379	0.444379	0	0.444379	0.888704	0.444379	0	0	0.444379	0.888704	0.444379	0.444379	0.888704	0.888704	0.444379	0.444379	0.444379	0.444379	0.888704	0.444379	0.444379	0.888704	0.888704	0.444379	0.444379	0.444379	0.444379	0.888704	0.444379	0	0.444379	0.444379	0	0.444379	0.444379	0.444379	0.444379	0	0.444379	0.888704	0.444379	0	0	0	0.444379	0.444379	0	0.444379	0.444379	0	0	0	0.444379	0.444379	0	0	0	0	0	0	0	0	0.444379	0.444379	0	0	0	0	0	0	0	0	0	0.444379	0.444379	0	0	0	0	0	0	0	0.444379	0.444379	0	0	0.444379	0.444379	0	0	0	0	0	0.444379	0.444379	0	0	0	0	0	0	0	0	0	0	0	0.444379	0.444379	0	0	0	0	0	0	0	0	0	0	0	0
0	0.444337	0.444337	0	0.444337	0.444337	0	0.444337	0.444337	0.444337	0.444337	0.444337	0.444337	0	0.444337	0.444337	0	0	0.444337	0.444337	0	0.444337	0.444337	0	0	0	0	0.444337	0.444337	0	0	0	0.444337	0.444337	0	0	0	0	0	0	0	0	0	0.444337	0.444337	0	0	0	0.444337	0.444337	0	0	0	0	0	0	0	0.444337	0.444337	0	0	0	0	0.444337	0.444337	0	0	0	0.444337	0.444337	0	0.444337	0.444337	0	0	0	0	0.444337	0.444337	0	0	0	0	0	0	0	0	0.444337	0.444337	0	0	0	0	0	0	0	0	0	0.444337	0.444337	0	0	0	0	0	0	0	0	0	0	0	0	0.444337	0.444337	0	0	0	0	0	0	0	0	0.444337	0.444337	0	0	0.444337	0.444337	0	0	0.444337	0.444337	0	0.444337	0.444337	0	0.444337	0.444337	0	0.444337	0.888621	0.444337	0	0	0.444337	0.888621	0.444337	0.444337	0.888621	0.888621	0.444337	0.444337	0.444337	0.444337	0.888621	0.444337	0.444337	0.888621	0.888621	0.444337	0.444337	0.444337	0.444337	0.888621	0.444337	0	0.444337	0.444337	0	0.444337	0.444337	0.444337	0.444337	0	0.444337	0.888621	0.444337	0	0	0	0.444337	0.444337	0	0.444337	0.444337	0	0	0	0.444337	0.444337	0	0	0	0	0	0	0	0	0.444337	0.444337	0	0	0	0	0	0	0	0	0	0.444337	0.444337	0	0	0	0	0	0	0	0.444337	0.444337	0	0	0.444337	0.444337	0	0	0	0	0	0.444337	0.444337	0	0	0	0	0	0	0	0	0	0	0	0.444337	0.444337	0	0	0	0	0	0	0	0	0	0	0	0
0	0.444296	0.444296	0	0.444296	0.444296	0	0.444296	0.444296	0.444296	0.444296	0.444296	0.444296	0	0.444296	0.444296	0	0	0.444296	0.444296	0	0.444296	0.444296	0	0	0	0	0.444296	0.444296	0	0	0	0.444296	0.444296	0	0	0	0	0	0	0	0	0	0.444296	0.444296	0	0	0	0.444296	0.444296	0	0	0	0	0	0	0	0.444296	0.444296	0	0	0	0	0.444296	0.444296	0	0	0	0.444296	0.444296	0	0.444296	0.444296	0	0	0	0	0.444296	0.444296	0	0	0	0	0	0	0	0	0.444296	0.444296	0	0	0	0	0	0	0	0	0	0.444296	0.444296	0	0	0	0	0	0	0	0	0	0	0	0	0.444296	0.444296	0	0	0	0	0	0	0	0	0.444296	0.444296	0	0	0.444296	0.444296	0	0	0.444296	0.444296	0	0.444296	0.444296	0	0.444296	0.444296	0	0.444296	0.888539	0.444296	0	0	0.444296	0.888539	0.444296	0.444296	0.888539	0.888539	0.444296	0.444296	0.444296	0.444296	0.888539	0.444296	0.444296	0.888539	0.888539	0.444296	0.444296	0.444296	0.444296	0.888539	0.444296	0	0.444296	0.444296	0	0.444296	0.444296	0.444296	0.444296	0	0.444296	0.888539	0.444296	0	0	0	0.444296	0.444296	0	0.444296	0.444296	0	0	0	0.444296	0.444296	0	0	0	0	0	0	0	0	0.444296	0.444296	0	0	0	0	0	0	0	0	0	0.444296	0.444296	0	0	0	0	0	0	0	0.444296	0.444296	0	0	0.444296	0.444296	0	0	0	0	0	0.444296	0.444296	0	0	0	0	0	0	0	0	0	0	0	0.444296	0.444296	0	0	0	0	0	0	0	0	0	0	0	0
0	0.444255	0.444255	0	0.444255	0.444255	0	0.444255	0.444255	0.444255	0.444255	0.444255	0.444255	0	0.444255	0.444255	0	0	0.444255	0.444255	0	0.444255	0.444255	0	0	0	0	0.444255	0.444255	0	0	0	0.444255	0.444255	0	0	0	0	0	0	0	0	0	0.444255	0.444255	0	0	0	0.444255	0.444255	0	0	0	0	0	0	0	0.444255	0.444255	0	0	0	0	0.444255	0.444255	0	0	0	0.444255	0.444255	0	0.444255	0.444255	0	0	0	0	0.444255	0.444255	0	0	0	0	0	0	0	0	0.444255	0.444255	0	0	0	0	0	0	0	0	0	0.444255	0.444255	0	0	0	0	0	0	0	0	0	0	0	0	0.444255	0.444255	0	0	0	0	0	0	0	0	0.444255	0.444255	0	0	0.444255	0.444255	0	0	0.444255	0.444255	0	0.444255	0.444255	0	0.444255	0.444255	0	0.444255	0.888456	0.444255	0	0	0.444255	0.888456	0.444255	0.444255	0.888456	0.888456	0.444255	0.444255	0.444255	0.444255	0.888456	0.444255	0.444255	0.888456	0.888456	0.444255	0.444255	0.444255	0.444255	0.888456	0.444255	0	0.444255	0.444255	0	0.444255	0.444255	0.444255	0.444255	0	0.444255	0.888456	0.444255	0	0	0	0.444255	0.444255	0	0.444255	0.444255	0	0	0	0.444255	0.444255	0	0	0	0	0	0	0	0	0.444255	0.444255	0	0	0	0	0	0	0	0	0	0.444255	0.444255	0	0	0	0	0	0	0	0.444255	0.444255	0	0	0.444255	0.444255	0	0	0	0	0	0.444255	0.444255	0	0	0	0	0	0	0	0	0	0	0	0.444255	0.444255	0	0	0	0	0	0	0	0	0	0	0	0
0.78528	0.800815	0.800815	0.56629	0.647562	0.800815	0.56629	0.647562	0.845757	0.993261	0.993261	0.993261	0.993261	0.78528	0.800815	0.845757	0.888428	0.888428	0.993261	0.993261	0.888428	0.993261	0.993261	0.888428	0.888428	0.78528	0.56629	0.647562	0.845757	0.888428	0.888428	0.888428	0.993261	0.993261	0.888428	0.888428	0.888428	0.78528	0.56629	0.444241	0.444241	0.444241	0.444241	0.628219	0.628219	0.444241	0.351204	0.157061	0.351186	0.471173	0.444241	0.351204	0.157061	0	0	0.157061	0.351204	0.471173	0.351186	0	0	0	0.157061	0.496649	0.351186	0	0.157061	0.351204	0.471173	0.496649	0.351204	0.471173	0.351186	0	0.157061	0.351204	0.444241	0.471173	0.351186	0	0.157061	0.351204	0.444241	0.444241	0.444241	0.444241	0.444241	0.471173	0.351186	0	0.157061	0.351204	0.444241	0.444241	0.444241	0.444241	0.444241	0.444241	0.471173	0.351186	0	0.157061	0.351204	0.444241	0.444241	0.444241	0.444241	0.444241	0.444241	0.444241	0.444241	0.444241	0.471173	0.351186	0	0	0	0	0	0	0	0	0.351186	0.471173	0.351204	0.157061	0.351186	0.471173	0.444241	0.444241	0.628219	0.628219	0.444241	0.647562	0.845757	0.78528	0.800815	0.845757	0.888428	0.993261	1.25629	0.993261	0.888428	0.888428	0.993261	1.25629	0.993261	1.05351	1.44774	1.60132	1.40455	1.40455	1.40455	1.40455	1.63935	1.69843	1.83106	1.98592	1.98592	1.83106	1.83106	1.83106	1.83106	1.98592	1.83106	1.66916	1.54653	1.40455	1.33251	1.40455	1.40455	1.40455	1.40455	1.33251	1.40455	1.63935	1.69843	1.66916	1.44777	1.33251	1.40455	1.40455	1.33251	1.40455	1.40455	1.33251	1.33251	1.33251	1.40455	1.40455	1.33251	1.33251	1.33251	1.33251	1.33251	1.22654	1.00561	0.888428	1.05351	1.2661	1.33251	1.33251	1.33251	1.33251	1.33251	1.33251	1.22654	1.00561	0.888428	1.05351	1.2661	1.33251	1.33251	1.22654	1.00561	0.888428	0.888428	0.888428	0.993261	0.993261	0.888428	0.78528	0.800815	0.845757	0.888428	0.78528	0.56629	0.444241	0.444241	0.647562	0.845757	0.888428	0.888428	0.78528	0.56629	0.444241	0.444241	0.444241	0.444241	0.351204	0.157061	0	0.351186	0.471173	0.444241	0.351204	0.157061	0	0	0	0	0	0	0	0	0
0.845676	0.800737	0.800737	0.647499	0.566237	0.800737	0.647499	0.566237	0.785207	0.993165	0.993165	0.993165	0.993165	0.845676	0.800737	0.785207	0.888346	0.888346	0.993165	0.993165	0.888346	0.993165	0.993165	0.888346	0.888346	0.845676	0.647499	0.566237	0.785207	0.888346	0.888346	0.888346	0.993165	0.993165	0.888346	0.888346	0.888346	0.845676	0.647499	0.4442	0.4442	0.4442	0.4442	0.628156	0.628156	0.4442	0.471125	0.351149	0.157045	0.35117	0.4442	0.471125	0.351149	0	0	0.351149	0.471125	0.35117	0.157045	0	0	0	0.351149	0.496597	0.157045	0	0.351149	0.471125	0.35117	0.496597	0.471125	0.35117	0.157045	0	0.351149	0.471125	0.4442	0.35117	0.157045	0	0.351149	0.471125	0.4442	0.4442	0.4442	0.4442	0.4442	0.35117	0.157045	0	0.351149	0.471125	0.4442	0.4442	0.4442	0.4442	0.4442	0.4442	0.35117	0.157045	0	0.351149	0.471125	0.4442	0.4442	0.4442	0.4442	0.4442	0.4442	0.4442	0.4442	0.4442	0.35117	0.157045	0	0	0	0	0	0	0	0	0.157045	0.35117	0.471125	0.351149	0.157045	0.35117	0.4442	0.4442	0.628156	0.628156	0.4442	0.566237	0.785207	0.845676	0.800737	0.785207	0.888346	0.993165	1.25616	0.993165	0.888346	0.888346	0.993165	1.25616	0.993165	1.00552	1.34158	1.60116	1.40442	1.40442	1.40442	1.40442	1.54639	1.66901	1.83089	1.98573	1.98573	1.83089	1.83089	1.83089	1.83089	1.98573	1.83089	1.69827	1.63919	1.40442	1.33239	1.40442	1.40442	1.40442	1.40442	1.33239	1.40442	1.54639	1.66901	1.69827	1.48128	1.33239	1.40442	1.40442	1.33239	1.40442	1.40442	1.33239	1.33239	1.33239	1.40442	1.40442	1.33239	1.33239	1.33239	1.33239	1.33239	1.26598	1.05341	0.888346	1.00552	1.22642	1.33239	1.33239	1.33239	1.33239	1.33239	1.33239	1.26598	1.05341	0.888346	1.00552	1.22642	1.33239	1.33239	1.26598	1.05341	0.888346	0.888346	0.888346	0.993165	0.993165	0.888346	0.845676	0.800737	0.785207	0.888346	0.845676	0.647499	0.4442	0.4442	0.566237	0.785207	0.888346	0.888346	0.845676	0.647499	0.4442	0.4442	0.4442	0.4442	0.471125	0.351149	0	0.157045	0.35117	0.4442	0.471125	0.351149	0	0	0	0	0	0	0	0	0
0.444124	0.444124	0.444124	0.444124	0	0.444124	0.444124	0	0	0.444124	0.444124	0.444124	0.444124	0.444124	0.444124	0	0	0	0.444124	0.444124	0	0.444124	0.444124	0	0	0.444124	0.444124	0	0	0	0	0	0.444124	0.444124	0	0	0	0.444124	0.444124	0	0	0	0	0.444124	0.444124	0	0.444124	0.444124	0	0	0	0.444124	0.444124	0	0	0.444124	0.444124	0	0	0	0	0	0.444124	0.444124	0	0	0.444124	0.444124	0	0.444124	0.444124	0	0	0	0.444124	0.444124	0	0	0	0	0.444124	0.444124	0	0	0	0	0	0	0	0	0.444124	0.444124	0	0	0	0	0	0	0	0	0	0.444124	0.444124	0	0	0	0	0	0	0	0	0	0	0	0	0	0	0	0	0	0	0	0	0	0.444124	0.444124	0	0	0	0	0.444124	0.444124	0	0	0	0.444124	0.444124	0	0	0.444124	0.888194	0.444124	0	0	0.444124	0.888194	0.444124	0	0.444124	0.888194	0.444124	0.444124	0.444124	0.444124	0.444124	0	0.444124	0.888194	0.888194	0.444124	0.444124	0.444124	0.444124	0.888194	0.444124	0.444124	0.888194	0.444124	0	0.444124	0.444124	0.444124	0.444124	0	0.444124	0.444124	0	0.444124	0.444124	0	0.444124	0.444124	0	0.444124	0.444124	0	0	0	0.444124	0.444124	0	0	0	0	0	0.444124	0.444124	0	0	0	0	0	0	0	0	0	0.444124	0.444124	0	0	0	0	0	0.444124	0.444124	0	0	0	0.444124	0.444124	0	0.444124	0.444124	0	0	0.444124	0.444124	0	0	0	0	0	0	0.444124	0.444124	0	0	0	0	0.444124	0.444124	0	0	0	0	0.444124	0.444124	0	0	0	0	0	0	0	0	0
0.444082	0.444082	0.444082	0.444082	0	0.444082	0.444082	0	0	0.444082	0.444082	0.444082	0.444082	0.444082	0.444082	0	0	0	0.444082	0.444082	0	0.444082	0.444082	0	0	0.444082	0.444082	0	0	0	0	0	0.444082	0.444082	0	0	0	0.444082	0.444082	0	0	0	0	0.444082	0.444082	0	0.444082	0.444082	0	0	0	0.444082	0.444082	0	0	0.444082	0.444082	0	0	0	0	0	0.444082	0.444082	0	0	0.444082	0.444082	0	0.444082	0.444082	0	0	0	0.444082	0.444082	0	0	0	0	0.444082	0.444082	0	0	0	0	0	0	0	0	0.444082	0.444082	0	0	0	0	0	0	0	0	0	0.444082	0.444082	0	0	0	0	0	0	0	0	0	0	0	0	0	0	0	0	0	0	0	0	0	0.444082	0.444082	0	0	0	0	0.444082	0.444082	0	0	0	0.444082	0.444082	0	0	0.444082	0.888112	0.444082	0	0	0.444082	0.888112	0.444082	0	0.444082	0.888112	0.444082	0.444082	0.444082	0.444082	0.444082	0	0.444082	0.888112	0.888112	0.444082	0.444082	0.444082	0.444082	0.888112	0.444082	0.444082	0.888112	0.444082	0	0.444082	0.444082	0.444082	0.444082	0	0.444082	0.444082	0	0.444082	0.444082	0	0.444082	0.444082	0	0.444082	0.444082	0	0	0	0.444082	0.444082	0	0	0	0	0	0.444082	0.444082	0	0	0	0	0	0	0	0	0	0.444082	0.444082	0	0	0	0	0	0.444082	0.444082	0	0	0	0.444082	0.444082	0	0.444082	0.444082	0	0	0.444082	0.444082	0	0	0	0	0	0	0.444082	0.444082	0	0	0	0	0.444082	0.444082	0	0	0	0	0.444082	0.444082	0	0	0	0	0	0	0	0	0
0.444041	0.444041	0.444041	0.444041	0	0.444041	0.444041	0	0	0.444041	0.444041	0.444041	0.444041	0.444041	0.444041	0	0	0	0.444041	0.444041	0	0.444041	0.444041	0	0	0.444041	0.444041	0	0	0	0	0	0.444041	0.444041	0	0	0	0.444041	0.444041	0	0	0	0	0.444041	0.444041	0	0.444041	0.444041	0	0	0	0.444041	0.444041	0	0	0.444041	0.444041	0	0	0	0	0	0.444041	0.444041	0	0	0.444041	0.444041	0	0.444041	0.444041	0	0	0	0.444041	0.444041	0	0	0	0	0.444041	0.444041	0	0	0	0	0	0	0	0	0.444041	0.444041	0	0	0	0	0	0	0	0	0	0.444041	0.444041	0	0	0	0	0	0	0	0	0	0	0	0	0	0	0	0	0	0	0	0	0	0.444041	0.444041	0	0	0	0	0.444041	0.444041	0	0	0	0.444041	0.444041	0	0	0.444041	0.888029	0.444041	0	0	0.444041	0.888029	0.444041	0	0.444041	0.888029	0.444041	0.444041	0.444041	0.444041	0.444041	0	0.444041	0.888029	0.888029	0.444041	0.444041	0.444041	0.444041	0.888029	0.444041	0.444041	0.888029	0.444041	0	0.444041	0.444041	0.444041	0.444041	0	0.444041	0.444041	0	0.444041	0.444041	0	0.444041	0.444041	0	0.444041	0.444041	0	0	0	0.444041	0.444041	0	0	0	0	0	0.444041	0.444041	0	0	0	0	0	0	0	0	0	0.444041	0.444041	0	0	0	0	0	0.444041	0.444041	0	0	0	0.444041	0.444041	0	0.444041	0.444041	0	0	0.444041	0.444041	0	0	0	0	0	0	0.444041	0.444041	0	0	0	0	0.444041	0.444041	0	0	0	0	0.444041	0.444041	0	0	0	0	0	0	0	0	0
0.444	0.444	0.444	0.444	0	0.444	0.444	0	0	0.444	0.444	0.444	0.444	0.444	0.444	0	0	0	0.444	0.444	0	0.444	0.444	0	0	0.444	0.444	0	0	0	0	0	0.444	0.444	0	0	0	0.444	0.444	0	0	0	0	0.444	0.444	0	0.444	0.444	0	0	0	0.444	0.444	0	0	0.444	0.444	0	0	0	0	0	0.444	0.444	0	0	0.444	0.444	0	0.444	0.444	0	0	0	0.444	0.444	0	0	0	0	0.444	0.444	0	0	0	0	0	0	0	0	0.444	0.444	0	0	0	0	0	0	0	0	0	0.444	0.444	0	0	0	0	0	0	0	0	0	0	0	0	0	0	0	0	0	0	0	0	0	0.444	0.444	0	0	0	0	0.444	0.444	0	0	0	0.444	0.444	0	0	0.444	0.887946	0.444	0	0	0.444	0.887946	0.444	0	0.444	0.887946	0.444	0.444	0.444	0.444	0.444	0	0.444	0.887946	0.887946	0.444	0.444	0.444	0.444	0.887946	0.444	0.444	0.887946	0.444	0	0.444	0.444	0.444	0.444	0	0.444	0.444	0	0.444	0.444	0	0.444	0.444	0	0.444	0.444	0	0	0	0.444	0.444	0	0	0	0	0	0.444	0.444	0	0	0	0	0	0	0	0	0	0.444	0.444	0	0	0	0	0	0.444	0.444	0	0	0	0.444	0.444	0	0.444	0.444	0	0	0.444	0.444	0	0	0	0	0	0	0.444	0.444	0	0	0	0	0.444	0.444	0	0	0	0	0.444	0.444	0	0	0	0	0	0	0	0	0
0.443959	0.443959	0.443959	0.443959	0	0.443959	0.443959	0	0	0.443959	0.443959	0.443959	0.443959	0.443959	0.443959	0	0	0	0.443959	0.443959	0	0.443959	0.443959	0	0	0.443959	0.443959	0	0	0	0	0	0.443959	0.443959	0	0	0	0.443959	0.443959	0	0	0	0	0.443959	0.443959	0	0.443959	0.443959	0	0	0	0.443959	0.443959	0	0	0.443959	0.443959	0	0	0	0	0	0.443959	0.443959	0	0	0.443959	0.443959	0	0.443959	0.443959	0	0	0	0.443959	0.443959	0	0	0	0	0.443959	0.443959	0	0	0	0	0	0	0	0	0.443959	0.443959	0	0	0	0	0	0	0	0	0	0.443959	0.443959	0	0	0	0	0	0	0	0	0	0	0	0	0	0	0	0	0	0	0	0	0	0.443959	0.443959	0	0	0	0	0.443959	0.443959	0	0	0	0.443959	0.443959	0	0	0.443959	0.887864	0.443959	0	0	0.443959	0.887864	0.443959	0	0.443959	0.887864	0.443959	0.443959	0.443959	0.443959	0.443959	0	0.443959	0.887864	0.887864	0.443959	0.443959	0.443959	0.443959	0.887864	0.443959	0.443959	0.887864	0.443959	0	0.443959	0.443959	0.443959	0.443959	0	0.443959	0.443959	0	0.443959	0.443959	0	0.443959	0.443959	0	0.443959	0.443959	0	0	0	0.443959	0.443959	0	0	0	0	0	0.443959	0.443959	0	0	0	0	0	0	0	0	0	0.443959	0.443959	0	0	0	0	0	0.443959	0.443959	0	0	0	0.443959	0.443959	0	0.443959	0.443959	0	0	0.443959	0.443959	0	0	0	0	0	0	0.443959	0.443959	0	0	0	0	0.443959	0.443959	0	0	0	0	0.443959	0.443959	0	0	0	0	0	0	0	0	0
0.44391	0.44391	0.44391	0.44391	0	0.44391	0.44391	0	0	0.44391	0.44391	0.44391	0.44391	0.44391	0.44391	0	0	0	0.44391	0.44391	0	0.44391	0.44391	0	0	0.44391	0.44391	0	0	0	0	0	0.44391	0.44391	0	0	0	0.44391	0.44391	0	0	0	0	0.44391	0.44391	0	0.44391	0.44391	0	0	0	0.44391	0.44391	0	0	0.44391	0.44391	0	0	0	0	0	0.44391	0.44391	0	0	0.44391	0.44391	0	0.44391	0.44391	0	0	0	0.44391	0.44391	0	0	0	0	0.44391	0.44391	0	0	0	0	0	0	0	0	0.44391	0.44391	0	0	0	0	0	0	0	0	0	0.44391	0.44391	0	0	0	0	0	0	0	0	0	0	0	0	0	0	0	0	0	0	0	0	0	0.44391	0.44391	0	0	0	0	0.44391	0.44391	0	0	0	0.44391	0.44391	0	0	0.44391	0.887768	0.44391	0	0	0.44391	0.887768	0.44391	0	0.44391	0.887768	0.44391	0.44391	0.44391	0.44391	0.44391	0	0.44391	0.887768	0.887768	0.44391	0.44391	0.44391	0.44391	0.887768	0.44391	0.44391	0.887768	0.44391	0	0.44391	0.44391	0.44391	0.44391	0	0.44391	0.44391	0	0.44391	0.44391	0	0.44391	0.44391	0	0.44391	0.44391	0	0	0	0.44391	0.44391	0	0	0	0	0	0.44391	0.44391	0	0	0	0	0	0	0	0	0	0.44391	0.44391	0	0	0	0	0	0.44391	0.44391	0	0	0	0.44391	0.44391	0	0.44391	0.44391	0	0	0.44391	0.44391	0	0	0	0	0	0	0.44391	0.44391	0	0	0	0	0.44391	0.44391	0	0	0	0	0.44391	0.44391	0	0	0	0	0	0	0	0	0
0.443869	0.443869	0.443869	0.443869	0	0.443869	0.443869	0	0	0.443869	0.443869	0.443869	0.443869	0.443869	0.443869	0	0	0	0.443869	0.443869	0	0.443869	0.443869	0	0	0.443869	0.443869	0	0	0	0	0	0.443869	0.443869	0	0	0	0.443869	0.443869	0	0	0	0	0.443869	0.443869	0	0.443869	0.443869	0	0	0	0.443869	0.443869	0	0	0.443869	0.443869	0	0	0	0	0	0.443869	0.443869	0	0	0.443869	0.443869	0	0.443869	0.443869	0	0	0	0.443869	0.443869	0	0	0	0	0.443869	0.443869	0	0	0	0	0	0	0	0	0.443869	0.443869	0	0	0	0	0	0	0	0	0	0.443869	0.443869	0	0	0	0	0	0	0	0	0	0	0	0	0	0	0	0	0	0	0	0	0	0.443869	0.443869	0	0	0	0	0.443869	0.443869	0	0	0	0.443869	0.443869	0	0	0.443869	0.887685	0.443869	0	0	0.443869	0.887685	0.443869	0	0.443869	0.887685	0.443869	0.443869	0.443869	0.443869	0.443869	0	0.443869	0.887685	0.887685	0.443869	0.443869	0.443869	0.443869	0.887685	0.443869	0.443869	0.887685	0.443869	0	0.443869	0.443869	0.443869	0.443869	0	0.443869	0.443869	0	0.443869	0.443869	0	0.443869	0.443869	0	0.443869	0.443869	0	0	0	0.443869	0.443869	0	0	0	0	0	0.443869	0.443869	0	0	0	0	0	0	0	0	0	0.443869	0.443869	0	0	0	0	0	0.443869	0.443869	0	0	0	0.443869	0.443869	0	0.443869	0.443869	0	0	0.443869	0.443869	0	0	0	0	0	0	0.443869	0.443869	0	0	0	0	0.443869	0.443869	0	0	0	0	0.443869	0.443869	0	0	0	0	0	0	0	0	0
0.443828	0.443828	0.443828	0.443828	0	0.443828	0.443828	0	0	0.443828	0.443828	0.443828	0.443828	0.443828	0.443828	0	0	0	0.443828	0.443828	0	0.443828	0.443828	0	0	0.443828	0.443828	0	0	0	0	0	0.443828	0.443828	0	0	0	0.443828	0.443828	0	0	0	0	0.443828	0.443828	0	0.443828	0.443828	0	0	0	0.443828	0.443828	0	0	0.443828	0.443828	0	0	0	0	0	0.443828	0.443828	0	0	0.443828	0.443828	0	0.443828	0.443828	0	0	0	0.443828	0.443828	0	0	0	0	0.443828	0.443828	0	0	0	0	0	0	0	0	0.443828	0.443828	0	0	0	0	0	0	0	0	0	0.443828	0.443828	0	0	0	0	0	0	0	0	0	0	0	0	0	0	0	0	0	0	0	0	0	0.443828	0.443828	0	0	0	0	0.443828	0.443828	0	0	0	0.443828	0.443828	0	0	0.443828	0.887603	0.443828	0	0	0.443828	0.887603	0.443828	0	0.443828	0.887603	0.443828	0.443828	0.443828	0.443828	0.443828	0	0.443828	0.887603	0.887603	0.443828	0.443828	0.443828	0.443828	0.887603	0.443828	0.443828	0.887603	0.443828	0	0.443828	0.443828	0.443828	0.443828	0	0.443828	0.443828	0	0.443828	0.443828	0	0.443828	0.443828	0	0.443828	0.443828	0	0	0	0.443828	0.443828	0	0	0	0	0	0.443828	0.443828	0	0	0	0	0	0	0	0	0	0.443828	0.443828	0	0	0	0	0	0.443828	0.443828	0	0	0	0.443828	0.443828	0	0.443828	0.443828	0	0	0.443828	0.443828	0	0	0	0	0	0	0.443828	0.443828	0	0	0	0	0.443828	0.443828	0	0	0	0	0.443828	0.443828	0	0	0	0	0	0	0	0	0
0.992319	0.992319	0.992319	0.992319	0.887589	0.992319	0.992319	0.784538	0.565754	0.646947	0.844956	0.992319	0.992319	1.05251	1.19486	1.00466	0.887589	0.887589	0.992319	0.992319	0.887589	1.05251	1.19486	1.00466	0.887589	1.05251	1.2649	1.22538	1.00466	0.887589	0.887589	0.887589	0.992319	0.992319	0.887589	0.887589	0.887589	0.992319	0.992319	0.887589	0.887589	0.887589	0.784538	0.800055	0.844956	0.784538	0.800055	0.844956	0.784538	0.565754	0.443821	0.646947	0.844956	0.784538	0.565754	0.627621	0.627621	0.443821	0.443821	0.350871	0.156911	0	0.35085	0.496174	0.156911	0	0.35085	0.470724	0.350871	0.496174	0.470724	0.443821	0.350871	0.156911	0.35085	0.496174	0.156911	0	0	0	0.35085	0.496174	0.156911	0	0	0	0	0	0	0.156911	0.496174	0.35085	0	0	0	0	0.156911	0.350871	0.443821	0.443821	0.443821	0.470724	0.35085	0	0	0	0	0	0	0	0	0	0	0	0	0	0	0	0	0	0	0	0	0	0.35085	0.470724	0.350871	0.156911	0	0	0.35085	0.470724	0.443821	0.443821	0.443821	0.646947	0.800055	0.565754	0.443821	0.646947	1.09825	0.992319	0.887589	0.887589	0.992319	1.26487	1.2649	1.33125	1.40322	1.63779	1.69682	1.82933	1.82933	1.82933	1.75383	1.4464	1.48002	1.83602	1.98404	1.82933	1.82933	1.82933	1.82933	1.98404	1.82933	1.91471	2.24555	2.26191	2.11015	2.04508	2.13332	2.26191	2.17891	1.88885	1.91471	2.04508	1.88885	1.91471	2.13332	2.11015	2.04508	2.04508	1.88885	1.91471	2.04508	1.88885	1.77475	1.77475	1.91471	2.04508	1.88885	1.77475	1.77475	1.66759	1.4464	1.48002	1.69682	1.77475	1.77475	1.77475	1.66759	1.4464	1.33125	1.33125	1.22538	1.00466	1.05251	1.2649	1.33125	1.33125	1.33125	1.22538	1.00466	1.05251	1.2649	1.33125	1.22538	1.00466	1.05251	1.2649	1.22538	1.19486	1.19486	1.00466	0.887589	1.05251	1.2649	1.22538	1.00466	0.887589	0.784538	0.565754	0.443821	0.627621	0.627621	0.443821	0.443821	0.443821	0.350871	0.496174	0.470724	0.350871	0.156911	0	0	0.443787	0.443787	0	0	0	0	0	0.156911	0.350871	0.443821	0.443821
0.992227	0.992227	0.992227	0.992227	0.887506	0.992227	0.992227	0.844877	0.646887	0.565702	0.784465	0.992227	0.992227	1.00457	1.19475	1.05241	0.887506	0.887506	0.992227	0.992227	0.887506	1.00457	1.19475	1.05241	0.887506	1.00457	1.22526	1.26478	1.05241	0.887506	0.887506	0.887506	0.992227	0.992227	0.887506	0.887506	0.887506	0.992227	0.992227	0.887506	0.887506	0.887506	0.844877	0.79998	0.784465	0.844877	0.79998	0.784465	0.844877	0.646887	0.44378	0.565702	0.784465	0.844877	0.646887	0.627563	0.627563	0.44378	0.44378	0.47068	0.350817	0	0.156897	0.496128	0.350817	0	0.156897	0.350839	0.47068	0.496128	0.350839	0.44378	0.47068	0.350817	0.156897	0.496128	0.350817	0	0	0	0.156897	0.496128	0.350817	0	0	0	0	0	0	0.350817	0.496128	0.156897	0	0	0	0	0.350817	0.47068	0.44378	0.44378	0.44378	0.350839	0.156897	0	0	0	0	0	0	0	0	0	0	0	0	0	0	0	0	0	0	0	0	0	0.156897	0.350839	0.47068	0.350817	0	0	0.156897	0.350839	0.44378	0.44378	0.44378	0.565702	0.79998	0.646887	0.44378	0.565702	0.95429	0.992227	0.887506	0.887506	0.992227	1.1421	1.22526	1.33113	1.40309	1.54493	1.66743	1.82916	1.82916	1.82916	1.83585	1.47988	1.44627	1.75367	1.98386	1.82916	1.82916	1.82916	1.82916	1.98386	1.82916	1.88868	2.1787	2.2617	2.13312	2.04489	2.10996	2.2617	2.24534	1.91453	1.88868	2.04489	1.91453	1.88868	2.10996	2.13312	2.04489	2.04489	1.91453	1.88868	2.04489	1.91453	1.77459	1.77459	1.88868	2.04489	1.91453	1.77459	1.77459	1.69666	1.47988	1.44627	1.66743	1.77459	1.77459	1.77459	1.69666	1.47988	1.33113	1.33113	1.26478	1.05241	1.00457	1.22526	1.33113	1.33113	1.33113	1.26478	1.05241	1.00457	1.22526	1.33113	1.26478	1.05241	1.00457	1.22526	1.26478	1.19475	1.19475	1.05241	0.887506	1.00457	1.22526	1.26478	1.05241	0.887506	0.844877	0.646887	0.44378	0.627563	0.627563	0.44378	0.44378	0.44378	0.47068	0.496128	0.350839	0.47068	0.350817	0	0	0.443745	0.443745	0	0	0	0	0	0.350817	0.47068	0.44378	0.44378
0.443704	0.443704	0.443704	0.443704	0	0.443704	0.443704	0.443704	0.443704	0	0	0.443704	0.443704	0	0.443704	0.443704	0	0	0.443704	0.443704	0	0	0.443704	0.443704	0	0	0	0.443704	0.443704	0	0	0	0.443704	0.443704	0	0	0	0.443704	0.443704	0	0	0	0.443704	0.443704	0	0.443704	0.443704	0	0.443704	0.443704	0	0	0	0.443704	0.443704	0.443704	0.443704	0	0	0.443704	0.443704	0	0	0.443704	0.443704	0	0	0	0.443704	0.443704	0	0	0.443704	0.443704	0	0.443704	0.443704	0	0	0	0	0.443704	0.443704	0	0	0	0	0	0	0.443704	0.443704	0	0	0	0	0	0.443704	0.443704	0	0	0	0	0	0	0	0	0	0	0	0	0	0	0	0	0	0	0	0	0	0	0	0	0	0	0	0	0.443704	0.443704	0	0	0	0	0	0	0	0	0.443704	0.443704	0	0	0.443704	0.443704	0	0	0.443704	0.443704	0	0	0.443704	0.443704	0	0.443704	0.443704	0.443704	0.887355	0.443704	0	0.443704	0.887355	0.443704	0.443704	0.443704	0.443704	0.887355	0.443704	0	0.443704	0.443704	0.443704	0.443704	0	0.443704	0.887355	0.443704	0	0.443704	0.443704	0	0	0.443704	0.443704	0.443704	0.443704	0	0.443704	0.443704	0	0	0	0.443704	0.443704	0	0	0.443704	0.443704	0	0	0	0	0	0.443704	0.443704	0	0	0.443704	0.443704	0	0	0	0	0	0.443704	0.443704	0	0	0	0.443704	0.443704	0	0	0.443704	0.443704	0.443704	0.443704	0	0	0	0.443704	0.443704	0	0.443704	0.443704	0	0.443704	0.443704	0	0	0	0.443704	0.443704	0	0.443704	0.443704	0	0	0.443704	0.443704	0	0	0	0	0	0.443704	0.443704	0	0
0.443663	0.443663	0.443663	0.443663	0	0.443663	0.443663	0.443663	0.443663	0	0	0.443663	0.443663	0	0.443663	0.443663	0	0	0.443663	0.443663	0	0	0.443663	0.443663	0	0	0	0.443663	0.443663	0	0	0	0.443663	0.443663	0	0	0	0.443663	0.443663	0	0	0	0.443663	0.443663	0	0.443663	0.443663	0	0.443663	0.443663	0	0	0	0.443663	0.443663	0.443663	0.443663	0	0	0.443663	0.443663	0	0	0.443663	0.443663	0	0	0	0.443663	0.443663	0	0	0.443663	0.443663	0	0.443663	0.443663	0	0	0	0	0.443663	0.443663	0	0	0	0	0	0	0.443663	0.443663	0	0	0	0	0	0.443663	0.443663	0	0	0	0	0	0	0	0	0	0	0	0	0	0	0	0	0	0	0	0	0	0	0	0	0	0	0	0	0.443663	0.443663	0	0	0	0	0	0	0	0	0.443663	0.443663	0	0	0.443663	0.443663	0	0	0.443663	0.443663	0	0	0.443663	0.443663	0	0.443663	0.443663	0.443663	0.887273	0.443663	0	0.443663	0.887273	0.443663	0.443663	0.443663	0.443663	0.887273	0.443663	0	0.443663	0.443663	0.443663	0.443663	0	0.443663	0.887273	0.443663	0	0.443663	0.443663	0	0	0.443663	0.443663	0.443663	0.443663	0	0.443663	0.443663	0	0	0	0.443663	0.443663	0	0	0.443663	0.443663	0	0	0	0	0	0.443663	0.443663	0	0	0.443663	0.443663	0	0	0	0	0	0.443663	0.443663	0	0	0	0.443663	0.443663	0	0	0.443663	0.443663	0.443663	0.443663	0	0	0	0.443663	0.443663	0	0.443663	0.443663	0	0.443663	0.443663	0	0	0	0.443663	0.443663	0	0.443663	0.443663	0	0	0.443663	0.443663	0	0	0	0	0	0.443663	0.443663	0	0
0.443615	0.443615	0.443615	0.443615	0	0.443615	0.443615	0.443615	0.443615	0	0	0.443615	0.443615	0	0.443615	0.443615	0	0	0.443615	0.443615	0	0	0.443615	0.443615	0	0	0	0.443615	0.443615	0	0	0	0.443615	0.443615	0	0	0	0.443615	0.443615	0	0	0	0.443615	0.443615	0	0.443615	0.443615	0	0.443615	0.443615	0	0	0	0.443615	0.443615	0.443615	0.443615	0	0	0.443615	0.443615	0	0	0.443615	0.443615	0	0	0	0.443615	0.443615	0	0	0.443615	0.443615	0	0.443615	0.443615	0	0	0	0	0.443615	0.443615	0	0	0	0	0	0	0.443615	0.443615	0	0	0	0	0	0.443615	0.443615	0	0	0	0	0	0	0	0	0	0	0	0	0	0	0	0	0	0	0	0	0	0	0	0	0	0	0	0	0.443615	0.443615	0	0	0	0	0	0	0	0	0.443615	0.443615	0	0	0.443615	0.443615	0	0	0.443615	0.443615	0	0	0.443615	0.443615	0	0.443615	0.443615	0.443615	0.887177	0.443615	0	0.443615	0.887177	0.443615	0.443615	0.443615	0.443615	0.887177	0.443615	0	0.443615	0.443615	0.443615	0.443615	0	0.443615	0.887177	0.443615	0	0.443615	0.443615	0	0	0.443615	0.443615	0.443615	0.443615	0	0.443615	0.443615	0	0	0	0.443615	0.443615	0	0	0.443615	0.443615	0	0	0	0	0	0.443615	0.443615	0	0	0.443615	0.443615	0	0	0	0	0	0.443615	0.443615	0	0	0	0.443615	0.443615	0	0	0.443615	0.443615	0.443615	0.443615	0	0	0	0.443615	0.443615	0	0.443615	0.443615	0	0.443615	0.443615	0	0	0	0.443615	0.443615	0	0.443615	0.443615	0	0	0.443615	0.443615	0	0	0	0	0	0.443615	0.443615	0	0
0.443574	0.443574	0.443574	0.443574	0	0.443574	0.443574	0.443574	0.443574	0	0	0.443574	0.443574	0	0.443574	0.443574	0	0	0.443574	0.443574	0	0	0.443574	0.443574	0	0	0	0.443574	0.443574	0	0	0	0.443574	0.443574	0	0	0	0.443574	0.443574	0	0	0	0.443574	0.443574	0	0.443574	0.443574	0	0.443574	0.443574	0	0	0	0.443574	0.443574	0.443574	0.443574	0	0	0.443574	0.443574	0	0	0.443574	0.443574	0	0	0	0.443574	0.443574	0	0	0.443574	0.443574	0	0.443574	0.443574	0	0	0	0	0.443574	0.443574	0	0	0	0	0	0	0.443574	0.443574	0	0	0	0	0	0.443574	0.443574	0	0	0	0	0	0	0	0	0	0	0	0	0	0	0	0	0	0	0	0	0	0	0	0	0	0	0	0	0.443574	0.443574	0	0	0	0	0	0	0	0	0.443574	0.443574	0	0	0.443574	0.443574	0	0	0.443574	0.443574	0	0	0.443574	0.443574	0	0.443574	0.443574	0.443574	0.887094	0.443574	0	0.443574	0.887094	0.443574	0.443574	0.443574	0.443574	0.887094	0.443574	0	0.443574	0.443574	0.443574	0.443574	0	0.443574	0.887094	0.443574	0	0.443574	0.443574	0	0	0.443574	0.443574	0.443574	0.443574	0	0.443574	0.443574	0	0	0	0.443574	0.443574	0	0	0.443574	0.443574	0	0	0	0	0	0.443574	0.443574	0	0	0.443574	0.443574	0	0	0	0	0	0.443574	0.443574	0	0	0	0.443574	0.443574	0	0	0.443574	0.443574	0.443574	0.443574	0	0	0	0.443574	0.443574	0	0.443574	0.443574	0	0.443574	0.443574	0	0	0	0.443574	0.443574	0	0.443574	0.443574	0	0	0.443574	0.443574	0	0	0	0	0	0.443574	0.443574	0	0
0.443532	0.443532	0.443532	0.443532	0	0.443532	0.443532	0.443532	0.443532	0	0	0.443532	0.443532	0	0.443532	0.443532	0	0	0.443532	0.443532	0	0	0.443532	0.443532	0	0	0	0.443532	0.443532	0	0	0	0.443532	0.443532	0	0	0	0.443532	0.443532	0	0	0	0.443532	0.443532	0	0.443532	0.443532	0	0.443532	0.443532	0	0	0	0.443532	0.443532	0.443532	0.443532	0	0	0.443532	0.443532	0	0	0.443532	0.443532	0	0	0	0.443532	0.443532	0	0	0.443532	0.443532	0	0.443532	0.443532	0	0	0	0	0.443532	0.443532	0	0	0	0	0	0	0.443532	0.443532	0	0	0	0	0	0.443532	0.443532	0	0	0	0	0	0	0	0	0	0	0	0	0	0	0	0	0	0	0	0	0	0	0	0	0	0	0	0	0.443532	0.443532	0	0	0	0	0	0	0	0	0.443532	0.443532	0	0	0.443532	0.443532	0	0	0.443532	0.443532	0	0	0.443532	0.443532	0	0.443532	0.443532	0.443532	0.887012	0.443532	0	0.443532	0.887012	0.443532	0.443532	0.443532	0.443532	0.887012	0.443532	0	0.443532	0.443532	0.443532	0.443532	0	0.443532	0.887012	0.443532	0	0.443532	0.443532	0	0	0.443532	0.443532	0.443532	0.443532	0	0.443532	0.443532	0	0	0	0.443532	0.443532	0	0	0.443532	0.443532	0	0	0	0	0	0.443532	0.443532	0	0	0.443532	0.443532	0	0	0	0	0	0.443532	0.443532	0	0	0	0.443532	0.443532	0	0	0.443532	0.443532	0.443532	0.443532	0	0	0	0.443532	0.443532	0	0.443532	0.443532	0	0.443532	0.443532	0	0	0	0.443532	0.443532	0	0.443532	0.443532	0	0	0.443532	0.443532	0	0	0	0	0	0.443532	0.443532	0	0
0.443491	0.443491	0.443491	0.443491	0	0.443491	0.443491	0.443491	0.443491	0	0	0.443491	0.443491	0	0.443491	0.443491	0	0	0.443491	0.443491	0	0	0.443491	0.443491	0	0	0	0.443491	0.443491	0	0	0	0.443491	0.443491	0	0	0	0.443491	0.443491	0	0	0	0.443491	0.443491	0	0.443491	0.443491	0	0.443491	0.443491	0	0	0	0.443491	0.443491	0.443491	0.443491	0	0	0.443491	0.443491	0	0	0.443491	0.443491	0	0	0	0.443491	0.443491	0	0	0.443491	0.443491	0	0.443491	0.443491	0	0	0	0	0.443491	0.443491	0	0	0	0	0	0	0.443491	0.443491	0	0	0	0	0	0.443491	0.443491	0	0	0	0	0	0	0	0	0	0	0	0	0	0	0	0	0	0	0	0	0	0	0	0	0	0	0	0	0.443491	0.443491	0	0	0	0	0	0	0	0	0.443491	0.443491	0	0	0.443491	0.443491	0	0	0.443491	0.443491	0	0	0.443491	0.443491	0	0.443491	0.443491	0.443491	0.886929	0.443491	0	0.443491	0.886929	0.443491	0.443491	0.443491	0.443491	0.886929	0.443491	0	0.443491	0.443491	0.443491	0.443491	0	0.443491	0.886929	0.443491	0	0.443491	0.443491	0	0	0.443491	0.443491	0.443491	0.443491	0	0.443491	0.443491	0	0	0	0.443491	0.443491	0	0	0.443491	0.443491	0	0	0	0	0	0.443491	0.443491	0	0	0.443491	0.443491	0	0	0	0	0	0.443491	0.443491	0	0	0	0.443491	0.443491	0	0	0.443491	0.443491	0.443491	0.443491	0	0	0	0.443491	0.443491	0	0.443491	0.443491	0	0.443491	0.443491	0	0	0	0.443491	0.443491	0	0.443491	0.443491	0	0	0.443491	0.443491	0	0	0	0	0	0.443491	0.443491	0	0
0.44345	0.44345	0.44345	0.44345	0	0.44345	0.44345	0.44345	0.44345	0	0	0.44345	0.44345	0	0.44345	0.44345	0	0	0.44345	0.44345	0	0	0.44345	0.44345	0	0	0	0.44345	0.44345	0	0	0	0.44345	0.44345	0	0	0	0.44345	0.44345	0	0	0	0.44345	0.44345	0	0.44345	0.44345	0	0.44345	0.44345	0	0	0	0.44345	0.44345	0.44345	0.44345	0	0	0.44345	0.44345	0	0	0.44345	0.44345	0	0	0	0.44345	0.44345	0	0	0.44345	0.44345	0	0.44345	0.44345	0	0	0	0	0.44345	0.44345	0	0	0	0	0	0	0.44345	0.44345	0	0	0	0	0	0.44345	0.44345	0	0	0	0	0	0	0	0	0	0	0	0	0	0	0	0	0	0	0	0	0	0	0	0	0	0	0	0	0.44345	0.44345	0	0	0	0	0	0	0	0	0.44345	0.44345	0	0	0.44345	0.44345	0	0	0.44345	0.44345	0	0	0.44345	0.44345	0	0.44345	0.44345	0.44345	0.886847	0.44345	0	0.44345	0.886847	0.44345	0.44345	0.44345	0.44345	0.886847	0.44345	0	0.44345	0.44345	0.44345	0.44345	0	0.44345	0.886847	0.44345	0	0.44345	0.44345	0	0	0.44345	0.44345	0.44345	0.44345	0	0.44345	0.44345	0	0	0	0.44345	0.44345	0	0	0.44345	0.44345	0	0	0	0	0	0.44345	0.44345	0	0	0.44345	0.44345	0	0	0	0	0	0.44345	0.44345	0	0	0	0.44345	0.44345	0	0	0.44345	0.44345	0.44345	0.44345	0	0	0	0.44345	0.44345	0	0.44345	0.44345	0	0.44345	0.44345	0	0	0	0.44345	0.44345	0	0.44345	0.44345	0	0	0.44345	0.44345	0	0	0	0	0	0.44345	0.44345	0	0
0.443409	0.443409	0.443409	0.443409	0	0.443409	0.443409	0.443409	0.443409	0	0	0.443409	0.443409	0	0.443409	0.443409	0	0	0.443409	0.443409	0	0	0.443409	0.443409	0	0	0	0.443409	0.443409	0	0	0	0.443409	0.443409	0	0	0	0.443409	0.443409	0	0	0	0.443409	0.443409	0	0.443409	0.443409	0	0.443409	0.443409	0	0	0	0.443409	0.443409	0.443409	0.443409	0	0	0.443409	0.443409	0	0	0.443409	0.443409	0	0	0	0.443409	0.443409	0	0	0.443409	0.443409	0	0.443409	0.443409	0	0	0	0	0.443409	0.443409	0	0	0	0	0	0	0.443409	0.443409	0	0	0	0	0	0.443409	0.443409	0	0	0	0	0	0	0	0	0	0	0	0	0	0	0	0	0	0	0	0	0	0	0	0	0	0	0	0	0.443409	0.443409	0	0	0	0	0	0	0	0	0.443409	0.443409	0	0	0.443409	0.443409	0	0	0.443409	0.443409	0	0	0.443409	0.443409	0	0.443409	0.443409	0.443409	0.886765	0.443409	0	0.443409	0.886765	0.443409	0.443409	0.443409	0.443409	0.886765	0.443409	0	0.443409	0.443409	0.443409	0.443409	0	0.443409	0.886765	0.443409	0	0.443409	0.443409	0	0	0.443409	0.443409	0.443409	0.443409	0	0.443409	0.443409	0	0	0	0.443409	0.443409	0	0	0.443409	0.443409	0	0	0	0	0	0.443409	0.443409	0	0	0.443409	0.443409	0	0	0	0	0	0.443409	0.443409	0	0	0	0.443409	0.443409	0	0	0.443409	0.443409	0.443409	0.443409	0	0	0	0.443409	0.443409	0	0.443409	0.443409	0	0.443409	0.443409	0	0	0	0.443409	0.443409	0	0.443409	0.443409	0	0	0.443409	0.443409	0	0	0	0	0	0.443409	0.443409	0	0
1.0515	1.19372	1.19372	1.26368	1.2242	1.19372	1.26368	1.40188	1.40188	1.2242	1.00369	0.991367	0.991367	0.886737	1.0515	1.26368	1.2242	1.00369	1.0515	1.26368	1.32997	1.2242	1.19372	1.26368	1.32997	1.2242	1.00369	1.0515	1.26368	1.32997	1.2242	1.00369	1.0515	1.26368	1.2242	1.00369	0.886737	1.0515	1.26368	1.2242	1.00369	0.886737	1.0515	1.19372	1.00369	1.0515	1.19372	1.00369	1.0515	1.26368	1.2242	1.00369	0.886737	0.991367	0.991367	0.991367	0.991367	0.886737	0.886737	0.991367	0.991367	0.886737	0.783785	0.799287	0.844145	0.886737	0.783785	0.565211	0.646326	0.799287	0.565211	0.443395	0.646326	0.844145	0.783785	0.799287	0.844145	0.886737	0.783785	0.565211	0.443395	0.627019	0.627019	0.443395	0.443395	0.443395	0.350535	0.156761	0	0.350513	0.495698	0.156761	0	0	0	0	0.350513	0.470272	0.443395	0.350535	0.156761	0	0	0	0	0	0	0	0	0	0	0	0	0	0	0	0	0	0	0	0	0	0	0	0	0	0.350513	0.470272	0.443395	0.443395	0.443395	0.443395	0.443395	0.443395	0.443395	0.443395	0.646326	0.844145	0.886737	0.886737	0.991367	0.991367	0.886737	0.886737	1.0515	1.26368	1.32997	1.2242	1.19372	1.26368	1.32997	1.40188	1.40188	1.4786	1.83426	1.82757	1.66599	1.61358	1.83426	1.82757	1.82757	1.82757	1.91287	2.24339	2.25975	2.10813	2.04312	2.13127	2.25975	2.17682	1.88704	1.91287	2.24339	2.25975	2.21591	2.25975	2.25975	2.21591	2.21591	2.25975	2.25975	2.25975	2.25975	2.21591	2.35018	2.56944	2.5503	2.32922	2.21591	2.35018	2.47715	2.32922	2.21591	2.25975	2.25975	2.21591	2.21591	2.21591	2.10813	1.88704	1.91287	2.13127	2.10813	1.88704	1.91287	2.13127	2.21591	2.10813	1.88704	1.77305	1.77305	1.82757	1.82757	1.66599	1.44501	1.32997	1.40188	1.40188	1.32997	1.32997	1.4786	1.61358	1.54359	1.40188	1.32997	1.2242	1.00369	0.991367	0.991367	0.886737	0.991367	0.991367	0.886737	0.991367	0.953463	0.565211	0.443395	0.443395	0.627019	0.627019	0.443395	0.646326	0.799287	0.565211	0.443395	0.646326	0.844145	0.783785	0.565211	0.443395	0.443395	0.443395	0.646326	0.844145	0.886737	0.886737
1.0036	1.19361	1.19361	1.22409	1.26357	1.19361	1.22409	1.40175	1.40175	1.26357	1.0514	0.991275	0.991275	0.886655	1.0036	1.22409	1.26357	1.0514	1.0036	1.22409	1.32985	1.26357	1.19361	1.22409	1.32985	1.26357	1.0514	1.0036	1.22409	1.32985	1.26357	1.0514	1.0036	1.22409	1.26357	1.0514	0.886655	1.0036	1.22409	1.26357	1.0514	0.886655	1.0036	1.19361	1.0514	1.0036	1.19361	1.0514	1.0036	1.22409	1.26357	1.0514	0.886655	0.991275	0.991275	0.991275	0.991275	0.886655	0.886655	0.991275	0.991275	0.886655	0.844066	0.799213	0.783712	0.886655	0.844066	0.646266	0.565159	0.799213	0.646266	0.443354	0.565159	0.783712	0.844066	0.799213	0.783712	0.886655	0.844066	0.646266	0.443354	0.62696	0.62696	0.443354	0.443354	0.443354	0.470229	0.35048	0	0.156746	0.495652	0.35048	0	0	0	0	0.156746	0.350502	0.443354	0.470229	0.35048	0	0	0	0	0	0	0	0	0	0	0	0	0	0	0	0	0	0	0	0	0	0	0	0	0	0.156746	0.350502	0.443354	0.443354	0.443354	0.443354	0.443354	0.443354	0.443354	0.443354	0.565159	0.783712	0.886655	0.886655	0.991275	0.991275	0.886655	0.886655	1.0036	1.22409	1.32985	1.26357	1.19361	1.22409	1.32985	1.40175	1.40175	1.44488	1.75199	1.8274	1.69504	1.61343	1.75199	1.8274	1.8274	1.8274	1.88687	2.17662	2.25954	2.13108	2.04293	2.10794	2.25954	2.24319	1.91269	1.88687	2.17662	2.25954	2.21571	2.25954	2.25954	2.21571	2.21571	2.25954	2.25954	2.25954	2.25954	2.21571	2.32901	2.55006	2.5692	2.34996	2.21571	2.32901	2.47692	2.34996	2.21571	2.25954	2.25954	2.21571	2.21571	2.21571	2.13108	1.91269	1.88687	2.10794	2.13108	1.91269	1.88687	2.10794	2.21571	2.13108	1.91269	1.77289	1.77289	1.8274	1.8274	1.69504	1.47847	1.32985	1.40175	1.40175	1.32985	1.32985	1.44488	1.61343	1.63607	1.40175	1.32985	1.26357	1.0514	0.991275	0.991275	0.886655	0.991275	0.991275	0.886655	0.991275	1.09709	0.646266	0.443354	0.443354	0.62696	0.62696	0.443354	0.565159	0.799213	0.646266	0.443354	0.565159	0.783712	0.844066	0.646266	0.443354	0.443354	0.443354	0.565159	0.783712	0.886655	0.886655
0	0.443279	0.443279	0	0.443279	0.443279	0	0.443279	0.443279	0.443279	0.443279	0.443279	0.443279	0	0	0	0.443279	0.443279	0	0	0	0.443279	0.443279	0	0	0.443279	0.443279	0	0	0	0.443279	0.443279	0	0	0.443279	0.443279	0	0	0	0.443279	0.443279	0	0	0.443279	0.443279	0	0.443279	0.443279	0	0	0.443279	0.443279	0	0.443279	0.443279	0.443279	0.443279	0	0	0.443279	0.443279	0	0.443279	0.443279	0	0	0.443279	0.443279	0	0.443279	0.443279	0	0	0	0.443279	0.443279	0	0	0.443279	0.443279	0	0.443279	0.443279	0	0	0	0.443279	0.443279	0	0	0.443279	0.443279	0	0	0	0	0	0	0	0.443279	0.443279	0	0	0	0	0	0	0	0	0	0	0	0	0	0	0	0	0	0	0	0	0	0	0	0	0	0	0	0	0	0	0	0	0	0	0	0	0	0	0	0.443279	0.443279	0	0	0	0	0	0.443279	0.443279	0	0	0.443279	0.443279	0	0.443279	0.443279	0.443279	0.443279	0.443279	0.443279	0.443279	0.443279	0	0.443279	0.443279	0.443279	0.443279	0	0.443279	0.886504	0.443279	0	0.443279	0.443279	0	0.443279	0.443279	0	0	0.443279	0.443279	0.443279	0.443279	0	0	0	0.443279	0.443279	0	0	0.443279	0.443279	0	0.443279	0.443279	0	0	0	0.443279	0.443279	0	0	0.443279	0.443279	0	0	0	0.443279	0.443279	0	0	0.443279	0.443279	0.443279	0.443279	0	0.443279	0.443279	0	0	0	0.443279	0.886504	0.443279	0	0.443279	0.443279	0.443279	0.443279	0	0.443279	0.443279	0	0.443279	0.886504	0.443279	0	0	0.443279	0.443279	0	0	0.443279	0.443279	0	0	0	0.443279	0.443279	0	0	0	0	0	0	0
0	0.443237	0.443237	0	0.443237	0.443237	0	0.443237	0.443237	0.443237	0.443237	0.443237	0.443237	0	0	0	0.443237	0.443237	0	0	0	0.443237	0.443237	0	0	0.443237	0.443237	0	0	0	0.443237	0.443237	0	0	0.443237	0.443237	0	0	0	0.443237	0.443237	0	0	0.443237	0.443237	0	0.443237	0.443237	0	0	0.443237	0.443237	0	0.443237	0.443237	0.443237	0.443237	0	0	0.443237	0.443237	0	0.443237	0.443237	0	0	0.443237	0.443237	0	0.443237	0.443237	0	0	0	0.443237	0.443237	0	0	0.443237	0.443237	0	0.443237	0.443237	0	0	0	0.443237	0.443237	0	0	0.443237	0.443237	0	0	0	0	0	0	0	0.443237	0.443237	0	0	0	0	0	0	0	0	0	0	0	0	0	0	0	0	0	0	0	0	0	0	0	0	0	0	0	0	0	0	0	0	0	0	0	0	0	0	0	0.443237	0.443237	0	0	0	0	0	0.443237	0.443237	0	0	0.443237	0.443237	0	0.443237	0.443237	0.443237	0.443237	0.443237	0.443237	0.443237	0.443237	0	0.443237	0.443237	0.443237	0.443237	0	0.443237	0.886422	0.443237	0	0.443237	0.443237	0	0.443237	0.443237	0	0	0.443237	0.443237	0.443237	0.443237	0	0	0	0.443237	0.443237	0	0	0.443237	0.443237	0	0.443237	0.443237	0	0	0	0.443237	0.443237	0	0	0.443237	0.443237	0	0	0	0.443237	0.443237	0	0	0.443237	0.443237	0.443237	0.443237	0	0.443237	0.443237	0	0	0	0.443237	0.886422	0.443237	0	0.443237	0.443237	0.443237	0.443237	0	0.443237	0.443237	0	0.443237	0.886422	0.443237	0	0	0.443237	0.443237	0	0	0.443237	0.443237	0	0	0	0.443237	0.443237	0	0	0	0	0	0	0
0	0.443196	0.443196	0	0.443196	0.443196	0	0.443196	0.443196	0.443196	0.443196	0.443196	0.443196	0	0	0	0.443196	0.443196	0	0	0	0.443196	0.443196	0	0	0.443196	0.443196	0	0	0	0.443196	0.443196	0	0	0.443196	0.443196	0	0	0	0.443196	0.443196	0	0	0.443196	0.443196	0	0.443196	0.443196	0	0	0.443196	0.443196	0	0.443196	0.443196	0.443196	0.443196	0	0	0.443196	0.443196	0	0.443196	0.443196	0	0	0.443196	0.443196	0	0.443196	0.443196	0	0	0	0.443196	0.443196	0	0	0.443196	0.443196	0	0.443196	0.443196	0	0	0	0.443196	0.443196	0	0	0.443196	0.443196	0	0	0	0	0	0	0	0.443196	0.443196	0	0	0	0	0	0	0	0	0	0	0	0	0	0	0	0	0	0	0	0	0	0	0	0	0	0	0	0	0	0	0	0	0	0	0	0	0	0	0	0.443196	0.443196	0	0	0	0	0	0.443196	0.443196	0	0	0.443196	0.443196	0	0.443196	0.443196	0.443196	0.443196	0.443196	0.443196	0.443196	0.443196	0	0.443196	0.443196	0.443196	0.443196	0	0.443196	0.886339	0.443196	0	0.443196	0.443196	0	0.443196	0.443196	0	0	0.443196	0.443196	0.443196	0.443196	0	0	0	0.443196	0.443196	0	0	0.443196	0.443196	0	0.443196	0.443196	0	0	0	0.443196	0.443196	0	0	0.443196	0.443196	0	0	0	0.443196	0.443196	0	0	0.443196	0.443196	0.443196	0.443196	0	0.443196	0.443196	0	0	0	0.443196	0.886339	0.443196	0	0.443196	0.443196	0.443196	0.443196	0	0.443196	0.443196	0	0.443196	0.886339	0.443196	0	0	0.443196	0.443196	0	0	0.443196	0.443196	0	0	0	0.443196	0.443196	0	0	0	0	0	0	0
0	0.443155	0.443155	0	0.443155	0.443155	0	0.443155	0.443155	0.443155	0.443155	0.443155	0.443155	0	0	0	0.443155	0.443155	0	0	0	0.443155	0.443155	0	0	0.443155	0.443155	0	0	0	0.443155	0.443155	0	0	0.443155	0.443155	0	0	0	0.443155	0.443155	0	0	0.443155	0.443155	0	0.443155	0.443155	0	0	0.443155	0.443155	0	0.443155	0.443155	0.443155	0.443155	0	0	0.443155	0.443155	0	0.443155	0.443155	0	0	0.443155	0.443155	0	0.443155	0.443155	0	0	0	0.443155	0.443155	0	0	0.443155	0.443155	0	0.443155	0.443155	0	0	0	0.443155	0.443155	0	0	0.443155	0.443155	0	0	0	0	0	0	0	0.443155	0.443155	0	0	0	0	0	0	0	0	0	0	0	0	0	0	0	0	0	0	0	0	0	0	0	0	0	0	0	0	0	0	0	0	0	0	0	0	0	0	0	0.443155	0.443155	0	0	0	0	0	0.443155	0.443155	0	0	0.443155	0.443155	0	0.443155	0.443155	0.443155	0.443155	0.443155	0.443155	0.443155	0.443155	0	0.443155	0.443155	0.443155	0.443155	0	0.443155	0.886257	0.443155	0	0.443155	0.443155	0	0.443155	0.443155	0	0	0.443155	0.443155	0.443155	0.443155	0	0	0	0.443155	0.443155	0	0	0.443155	0.443155	0	0.443155	0.443155	0	0	0	0.443155	0.443155	0	0	0.443155	0.443155	0	0	0	0.443155	0.443155	0	0	0.443155	0.443155	0.443155	0.443155	0	0.443155	0.443155	0	0	0	0.443155	0.886257	0.443155	0	0.443155	0.443155	0.443155	0.443155	0	0.443155	0.443155	0	0.443155	0.886257	0.443155	0	0	0.443155	0.443155	0	0	0.443155	0.443155	0	0	0	0.443155	0.443155	0	0	0	0	0	0	0
0	0.443107	0.443107	0	0.443107	0.443107	0	0.443107	0.443107	0.443107	0.443107	0.443107	0.443107	0	0	0	0.443107	0.443107	0	0	0	0.443107	0.443107	0	0	0.443107	0.443107	0	0	0	0.443107	0.443107	0	0	0.443107	0.443107	0	0	0	0.443107	0.443107	0	0	0.443107	0.443107	0	0.443107	0.443107	0	0	0.443107	0.443107	0	0.443107	0.443107	0.443107	0.443107	0	0	0.443107	0.443107	0	0.443107	0.443107	0	0	0.443107	0.443107	0	0.443107	0.443107	0	0	0	0.443107	0.443107	0	0	0.443107	0.443107	0	0.443107	0.443107	0	0	0	0.443107	0.443107	0	0	0.443107	0.443107	0	0	0	0	0	0	0	0.443107	0.443107	0	0	0	0	0	0	0	0	0	0	0	0	0	0	0	0	0	0	0	0	0	0	0	0	0	0	0	0	0	0	0	0	0	0	0	0	0	0	0	0.443107	0.443107	0	0	0	0	0	0.443107	0.443107	0	0	0.443107	0.443107	0	0.443107	0.443107	0.443107	0.443107	0.443107	0.443107	0.443107	0.443107	0	0.443107	0.443107	0.443107	0.443107	0	0.443107	0.886161	0.443107	0	0.443107	0.443107	0	0.443107	0.443107	0	0	0.443107	0.443107	0.443107	0.443107	0	0	0	0.443107	0.443107	0	0	0.443107	0.443107	0	0.443107	0.443107	0	0	0	0.443107	0.443107	0	0	0.443107	0.443107	0	0	0	0.443107	0.443107	0	0	0.443107	0.443107	0.443107	0.443107	0	0.443107	0.443107	0	0	0	0.443107	0.886161	0.443107	0	0.443107	0.443107	0.443107	0.443107	0	0.443107	0.443107	0	0.443107	0.886161	0.443107	0	0	0.443107	0.443107	0	0	0.443107	0.443107	0	0	0	0.443107	0.443107	0	0	0	0	0	0	0
0	0.443066	0.443066	0	0.443066	0.443066	0	0.443066	0.443066	0.443066	0.443066	0.443066	0.443066	0	0	0	0.443066	0.443066	0	0	0	0.443066	0.443066	0	0	0.443066	0.443066	0	0	0	0.443066	0.443066	0	0	0.443066	0.443066	0	0	0	0.443066	0.443066	0	0	0.443066	0.443066	0	0.443066	0.443066	0	0	0.443066	0.443066	0	0.443066	0.443066	0.443066	0.443066	0	0	0.443066	0.443066	0	0.443066	0.443066	0	0	0.443066	0.443066	0	0.443066	0.443066	0	0	0	0.443066	0.443066	0	0	0.443066	0.443066	0	0.443066	0.443066	0	0	0	0.443066	0.443066	0	0	0.443066	0.443066	0	0	0	0	0	0	0	0.443066	0.443066	0	0	0	0	0	0	0	0	0	0	0	0	0	0	0	0	0	0	0	0	0	0	0	0	0	0	0	0	0	0	0	0	0	0	0	0	0	0	0	0.443066	0.443066	0	0	0	0	0	0.443066	0.443066	0	0	0.443066	0.443066	0	0.443066	0.443066	0.443066	0.443066	0.443066	0.443066	0.443066	0.443066	0	0.443066	0.443066	0.443066	0.443066	0	0.443066	0.886079	0.443066	0	0.443066	0.443066	0	0.443066	0.443066	0	0	0.443066	0.443066	0.443066	0.443066	0	0	0	0.443066	0.443066	0	0	0.443066	0.443066	0	0.443066	0.443066	0	0	0	0.443066	0.443066	0	0	0.443066	0.443066	0	0	0	0.443066	0.443066	0	0	0.443066	0.443066	0.443066	0.443066	0	0.443066	0.443066	0	0	0	0.443066	0.886079	0.443066	0	0.443066	0.443066	0.443066	0.443066	0	0.443066	0.443066	0	0.443066	0.886079	0.443066	0	0	0.443066	0.443066	0	0	0.443066	0.443066	0	0	0	0.443066	0.443066	0	0	0	0	0	0	0
0	0.443025	0.443025	0	0.443025	0.443025	0	0.443025	0.443025	0.443025	0.443025	0.443025	0.443025	0	0	0	0.443025	0.443025	0	0	0	0.443025	0.443025	0	0	0.443025	0.443025	0	0	0	0.443025	0.443025	0	0	0.443025	0.443025	0	0	0	0.443025	0.443025	0	0	0.443025	0.443025	0	0.443025	0.443025	0	0	0.443025	0.443025	0	0.443025	0.443025	0.443025	0.443025	0	0	0.443025	0.443025	0	0.443025	0.443025	0	0	0.443025	0.443025	0	0.443025	0.443025	0	0	0	0.443025	0.443025	0	0	0.443025	0.443025	0	0.443025	0.443025	0	0	0	0.443025	0.443025	0	0	0.443025	0.443025	0	0	0	0	0	0	0	0.443025	0.443025	0	0	0	0	0	0	0	0	0	0	0	0	0	0	0	0	0	0	0	0	0	0	0	0	0	0	0	0	0	0	0	0	0	0	0	0	0	0	0	0.443025	0.443025	0	0	0	0	0	0.443025	0.443025	0	0	0.443025	0.443025	0	0.443025	0.443025	0.443025	0.443025	0.443025	0.443025	0.443025	0.443025	0	0.443025	0.443025	0.443025	0.443025	0	0.443025	0.885997	0.443025	0	0.443025	0.443025	0	0.443025	0.443025	0	0	0.443025	0.443025	0.443025	0.443025	0	0	0	0.443025	0.443025	0	0	0.443025	0.443025	0	0.443025	0.443025	0	0	0	0.443025	0.443025	0	0	0.443025	0.443025	0	0	0	0.443025	0.443025	0	0	0.443025	0.443025	0.443025	0.443025	0	0.443025	0.443025	0	0	0	0.443025	0.885997	0.443025	0	0.443025	0.443025	0.443025	0.443025	0	0.443025	0.443025	0	0.443025	0.885997	0.443025	0	0	0.443025	0.443025	0	0	0.443025	0.443025	0	0	0	0.443025	0.443025	0	0	0	0	0	0	0
0	0.442984	0.442984	0	0.442984	0.442984	0	0.442984	0.442984	0.442984	0.442984	0.442984	0.442984	0	0	0	0.442984	0.442984	0	0	0	0.442984	0.442984	0	0	0.442984	0.442984	0	0	0	0.442984	0.442984	0	0	0.442984	0.442984	0	0	0	0.442984	0.442984	0	0	0.442984	0.442984	0	0.442984	0.442984	0	0	0.442984	0.442984	0	0.442984	0.442984	0.442984	0.442984	0	0	0.442984	0.442984	0	0.442984	0.442984	0	0	0.442984	0.442984	0	0.442984	0.442984	0	0	0	0.442984	0.442984	0	0	0.442984	0.442984	0	0.442984	0.442984	0	0	0	0.442984	0.442984	0	0	0.442984	0.442984	0	0	0	0	0	0	0	0.442984	0.442984	0	0	0	0	0	0	0	0	0	0	0	0	0	0	0	0	0	0	0	0	0	0	0	0	0	0	0	0	0	0	0	0	0	0	0	0	0	0	0	0.442984	0.442984	0	0	0	0	0	0.442984	0.442984	0	0	0.442984	0.442984	0	0.442984	0.442984	0.442984	0.442984	0.442984	0.442984	0.442984	0.442984	0	0.442984	0.442984	0.442984	0.442984	0	0.442984	0.885915	0.442984	0	0.442984	0.442984	0	0.442984	0.442984	0	0	0.442984	0.442984	0.442984	0.442984	0	0	0	0.442984	0.442984	0	0	0.442984	0.442984	0	0.442984	0.442984	0	0	0	0.442984	0.442984	0	0	0.442984	0.442984	0	0	0	0.442984	0.442984	0	0	0.442984	0.442984	0.442984	0.442984	0	0.442984	0.442984	0	0	0	0.442984	0.885915	0.442984	0	0.442984	0.442984	0.442984	0.442984	0	0.442984	0.442984	0	0.442984	0.885915	0.442984	0	0	0.442984	0.442984	0	0	0.442984	0.442984	0	0	0	0.442984	0.442984	0	0	0	0	0	0	0
0	0.442943	0.442943	0	0.442943	0.442943	0	0.442943	0.442943	0.442943	0.442943	0.442943	0.442943	0	0	0	0.442943	0.442943	0	0	0	0.442943	0.442943	0	0	0.442943	0.442943	0	0	0	0.442943	0.442943	0	0	0.442943	0.442943	0	0	0	0.442943	0.442943	0	0	0.442943	0.442943	0	0.442943	0.442943	0	0	0.442943	0.442943	0	0.442943	0.442943	0.442943	0.442943	0	0	0.442943	0.442943	0	0.442943	0.442943	0	0	0.442943	0.442943	0	0.442943	0.442943	0	0	0	0.442943	0.442943	0	0	0.442943	0.442943	0	0.442943	0.442943	0	0	0	0.442943	0.442943	0	0	0.442943	0.442943	0	0	0	0	0	0	0	0.442943	0.442943	0	0	0	0	0	0	0	0	0	0	0	0	0	0	0	0	0	0	0	0	0	0	0	0	0	0	0	0	0	0	0	0	0	0	0	0	0	0	0	0.442943	0.442943	0	0	0	0	0	0.442943	0.442943	0	0	0.442943	0.442943	0	0.442943	0.442943	0.442943	0.442943	0.442943	0.442943	0.442943	0.442943	0	0.442943	0.442943	0.442943	0.442943	0	0.442943	0.885832	0.442943	0	0.442943	0.442943	0	0.442943	0.442943	0	0	0.442943	0.442943	0.442943	0.442943	0	0	0	0.442943	0.442943	0	0	0.442943	0.442943	0	0.442943	0.442943	0	0	0	0.442943	0.442943	0	0	0.442943	0.442943	0	0	0	0.442943	0.442943	0	0	0.442943	0.442943	0.442943	0.442943	0	0.442943	0.442943	0	0	0	0.442943	0.885832	0.442943	0	0.442943	0.442943	0.442943	0.442943	0	0.442943	0.442943	0	0.442943	0.885832	0.442943	0	0	0.442943	0.442943	0	0	0.442943	0.442943	0	0	0	0.442943	0.442943	0	0	0	0	0	0	0
0.885819	0.99034	0.99034	0.885819	0.99034	0.952476	0.564626	0.645657	0.843271	0.99034	0.99034	1.05041	1.26238	1.22293	1.00266	0.885819	1.05041	1.26238	1.22293	1.00266	0.885819	1.05041	1.19248	1.00266	0.885819	0.99034	0.99034	0.885819	0.885819	0.885819	0.99034	0.99034	0.885819	0.885819	0.99034	0.99034	0.885819	0.782973	0.564626	0.645657	0.843271	0.885819	0.782973	0.798459	0.843271	0.885819	0.99034	0.99034	0.885819	0.885819	0.99034	0.99034	0.885819	0.99034	0.99034	0.99034	0.99034	0.885819	0.885819	0.99034	0.952476	0.564626	0.645657	0.798459	0.564626	0.442936	0.626369	0.626369	0.442936	0.626369	0.626369	0.442936	0.442936	0.442936	0.626369	0.626369	0.442936	0.442936	0.645657	0.843271	0.782973	0.798459	0.843271	0.885819	0.885819	0.782973	0.798459	0.843271	0.885819	0.782973	0.798459	0.843271	0.885819	0.885819	0.782973	0.564626	0.442936	0.442936	0.442936	0.626369	0.626369	0.442936	0.442936	0.442936	0.442936	0.442936	0.442936	0.442936	0.442936	0.442936	0.442936	0.442936	0.442936	0.442936	0.442936	0.442936	0.442936	0.564626	0.782973	0.885819	0.885819	0.885819	0.885819	0.885819	0.885819	0.885819	0.885819	0.885819	0.885819	0.885819	0.885819	0.885819	0.885819	0.885819	0.885819	0.885819	0.885819	0.885819	0.885819	0.885819	1.05041	1.26238	1.22293	1.00266	0.885819	0.885819	0.885819	1.05041	1.19248	1.00266	0.885819	1.05041	1.26238	1.22293	1.19248	1.26238	1.47707	1.61191	1.61191	1.69344	1.82568	1.82568	1.66426	1.61191	1.69344	1.82568	1.82568	1.77121	1.82568	2.03498	2.12907	2.10595	2.041	2.12907	2.21362	2.25741	2.25741	2.21362	2.21362	2.25741	2.25741	2.25741	2.25741	2.21362	2.21362	2.21362	2.25741	2.25741	2.21362	2.21362	2.25741	2.25741	2.21362	2.34775	2.56678	2.54766	2.32681	2.21362	2.34775	2.56678	2.54766	2.32681	2.25741	2.25741	2.21362	2.21362	2.10595	2.041	2.12907	2.10595	1.88509	1.82568	1.82568	1.91089	2.12907	2.10595	1.96147	1.82568	1.77121	1.77121	1.66426	1.54199	1.63453	1.69344	1.66426	1.54199	1.40042	1.40042	1.40042	1.3286	1.40042	1.40042	1.22293	1.19248	1.44349	1.40042	1.3286	1.3286	1.40042	1.40042	1.3286	1.22293	1.19248	1.26238	1.3286	1.22293	1.00266	1.05041	1.19248	1.00266	0.885819	0.885819	0.885819	0.885819	0.885819	0.885819
0.885723	0.990233	0.990233	0.885723	0.990233	1.09594	0.645587	0.564565	0.782888	0.990233	0.990233	1.00255	1.2228	1.26224	1.0503	0.885723	1.00255	1.2228	1.26224	1.0503	0.885723	1.00255	1.19235	1.0503	0.885723	0.990233	0.990233	0.885723	0.885723	0.885723	0.990233	0.990233	0.885723	0.885723	0.990233	0.990233	0.885723	0.843179	0.645587	0.564565	0.782888	0.885723	0.843179	0.798373	0.782888	0.885723	0.990233	0.990233	0.885723	0.885723	0.990233	0.990233	0.885723	0.990233	0.990233	0.990233	0.990233	0.885723	0.885723	0.990233	1.09594	0.645587	0.564565	0.798373	0.645587	0.442888	0.626301	0.626301	0.442888	0.626301	0.626301	0.442888	0.442888	0.442888	0.626301	0.626301	0.442888	0.442888	0.564565	0.782888	0.843179	0.798373	0.782888	0.885723	0.885723	0.843179	0.798373	0.782888	0.885723	0.843179	0.798373	0.782888	0.885723	0.885723	0.843179	0.645587	0.442888	0.442888	0.442888	0.626301	0.626301	0.442888	0.442888	0.442888	0.442888	0.442888	0.442888	0.442888	0.442888	0.442888	0.442888	0.442888	0.442888	0.442888	0.442888	0.442888	0.442888	0.645587	0.843179	0.885723	0.885723	0.885723	0.885723	0.885723	0.885723	0.885723	0.885723	0.885723	0.885723	0.885723	0.885723	0.885723	0.885723	0.885723	0.885723	0.885723	0.885723	0.885723	0.885723	0.885723	1.00255	1.2228	1.26224	1.0503	0.885723	0.885723	0.885723	1.00255	1.19235	1.0503	0.885723	1.00255	1.2228	1.26224	1.19235	1.2228	1.44336	1.61173	1.61173	1.66408	1.82548	1.82548	1.69326	1.61173	1.66408	1.82548	1.82548	1.77102	1.82548	1.96126	2.10572	2.12884	2.04078	2.10572	2.21338	2.25716	2.25716	2.21338	2.21338	2.25716	2.25716	2.25716	2.25716	2.21338	2.21338	2.21338	2.25716	2.25716	2.21338	2.21338	2.25716	2.25716	2.21338	2.32656	2.54738	2.56651	2.3475	2.21338	2.32656	2.54738	2.56651	2.3475	2.25716	2.25716	2.21338	2.21338	2.12884	2.04078	2.10572	2.12884	1.91068	1.82548	1.82548	1.88488	2.10572	2.12884	2.03476	1.82548	1.77102	1.77102	1.69326	1.63435	1.54182	1.66408	1.69326	1.63435	1.40027	1.40027	1.40027	1.32845	1.40027	1.40027	1.26224	1.19235	1.33762	1.40027	1.32845	1.32845	1.40027	1.40027	1.32845	1.26224	1.19235	1.2228	1.32845	1.26224	1.0503	1.00255	1.19235	1.0503	0.885723	0.885723	0.885723	0.885723	0.885723	0.885723
0	0.442813	0.442813	0	0.442813	0.885572	0.442813	0	0	0.442813	0.442813	0	0	0.442813	0.442813	0	0	0	0.442813	0.442813	0	0	0.442813	0.442813	0	0.442813	0.442813	0	0	0	0.442813	0.442813	0	0	0.442813	0.442813	0	0.442813	0.442813	0	0	0	0.442813	0.442813	0	0	0.442813	0.442813	0	0	0.442813	0.442813	0	0.442813	0.442813	0.442813	0.442813	0	0	0.442813	0.885572	0.442813	0	0.442813	0.442813	0	0.442813	0.442813	0	0.442813	0.442813	0	0	0	0.442813	0.442813	0	0	0	0	0.442813	0.442813	0	0	0	0.442813	0.442813	0	0	0.442813	0.442813	0	0	0	0.442813	0.442813	0	0	0	0.442813	0.442813	0	0	0	0	0	0	0	0	0	0	0	0	0	0	0	0	0.442813	0.442813	0	0	0	0	0	0	0	0	0	0	0	0	0	0	0	0	0	0	0	0	0	0	0	0.442813	0.442813	0	0	0	0	0.442813	0.442813	0	0	0	0.442813	0.442813	0	0	0.442813	0.442813	0	0.442813	0.442813	0.442813	0.442813	0	0.442813	0.442813	0	0.442813	0.442813	0	0.442813	0.442813	0	0	0.442813	0.442813	0	0	0.442813	0.442813	0.442813	0.442813	0	0	0	0.442813	0.442813	0	0	0.442813	0.442813	0	0	0	0.442813	0.442813	0	0	0	0.442813	0.442813	0.442813	0.442813	0	0	0.442813	0.442813	0	0.442813	0.442813	0.442813	0.442813	0	0	0.442813	0.885572	0.442813	0	0	0.442813	0.885572	0.442813	0	0.442813	0.885572	0.442813	0.442813	0.442813	0	0.442813	0.442813	0.442813	0.442813	0.442813	0.442813	0	0	0.442813	0.442813	0	0.442813	0.442813	0	0	0.442813	0.442813	0	0.442813	0.442813	0	0	0	0	0	0
0	0.442772	0.442772	0	0.442772	0.88549	0.442772	0	0	0.442772	0.442772	0	0	0.442772	0.442772	0	0	0	0.442772	0.442772	0	0	0.442772	0.442772	0	0.442772	0.442772	0	0	0	0.442772	0.442772	0	0	0.442772	0.442772	0	0.442772	0.442772	0	0	0	0.442772	0.442772	0	0	0.442772	0.442772	0	0	0.442772	0.442772	0	0.442772	0.442772	0.442772	0.442772	0	0	0.442772	0.88549	0.442772	0	0.442772	0.442772	0	0.442772	0.442772	0	0.442772	0.442772	0	0	0	0.442772	0.442772	0	0	0	0	0.442772	0.442772	0	0	0	0.442772	0.442772	0	0	0.442772	0.442772	0	0	0	0.442772	0.442772	0	0	0	0.442772	0.442772	0	0	0	0	0	0	0	0	0	0	0	0	0	0	0	0	0.442772	0.442772	0	0	0	0	0	0	0	0	0	0	0	0	0	0	0	0	0	0	0	0	0	0	0	0.442772	0.442772	0	0	0	0	0.442772	0.442772	0	0	0	0.442772	0.442772	0	0	0.442772	0.442772	0	0.442772	0.442772	0.442772	0.442772	0	0.442772	0.442772	0	0.442772	0.442772	0	0.442772	0.442772	0	0	0.442772	0.442772	0	0	0.442772	0.442772	0.442772	0.442772	0	0	0	0.442772	0.442772	0	0	0.442772	0.442772	0	0	0	0.442772	0.442772	0	0	0	0.442772	0.442772	0.442772	0.442772	0	0	0.442772	0.442772	0	0.442772	0.442772	0.442772	0.442772	0	0	0.442772	0.88549	0.442772	0	0	0.442772	0.88549	0.442772	0	0.442772	0.88549	0.442772	0.442772	0.442772	0	0.442772	0.442772	0.442772	0.442772	0.442772	0.442772	0	0	0.442772	0.442772	0	0.442772	0.442772	0	0	0.442772	0.442772	0	0.442772	0.442772	0	0	0	0	0	0
0	0.44273	0.44273	0	0.44273	0.885408	0.44273	0	0	0.44273	0.44273	0	0	0.44273	0.44273	0	0	0	0.44273	0.44273	0	0	0.44273	0.44273	0	0.44273	0.44273	0	0	0	0.44273	0.44273	0	0	0.44273	0.44273	0	0.44273	0.44273	0	0	0	0.44273	0.44273	0	0	0.44273	0.44273	0	0	0.44273	0.44273	0	0.44273	0.44273	0.44273	0.44273	0	0	0.44273	0.885408	0.44273	0	0.44273	0.44273	0	0.44273	0.44273	0	0.44273	0.44273	0	0	0	0.44273	0.44273	0	0	0	0	0.44273	0.44273	0	0	0	0.44273	0.44273	0	0	0.44273	0.44273	0	0	0	0.44273	0.44273	0	0	0	0.44273	0.44273	0	0	0	0	0	0	0	0	0	0	0	0	0	0	0	0	0.44273	0.44273	0	0	0	0	0	0	0	0	0	0	0	0	0	0	0	0	0	0	0	0	0	0	0	0.44273	0.44273	0	0	0	0	0.44273	0.44273	0	0	0	0.44273	0.44273	0	0	0.44273	0.44273	0	0.44273	0.44273	0.44273	0.44273	0	0.44273	0.44273	0	0.44273	0.44273	0	0.44273	0.44273	0	0	0.44273	0.44273	0	0	0.44273	0.44273	0.44273	0.44273	0	0	0	0.44273	0.44273	0	0	0.44273	0.44273	0	0	0	0.44273	0.44273	0	0	0	0.44273	0.44273	0.44273	0.44273	0	0	0.44273	0.44273	0	0.44273	0.44273	0.44273	0.44273	0	0	0.44273	0.885408	0.44273	0	0	0.44273	0.885408	0.44273	0	0.44273	0.885408	0.44273	0.44273	0.44273	0	0.44273	0.44273	0.44273	0.44273	0.44273	0.44273	0	0	0.44273	0.44273	0	0.44273	0.44273	0	0	0.44273	0.44273	0	0.44273	0.44273	0	0	0	0	0	0
0	0.442689	0.442689	0	0.442689	0.885326	0.442689	0	0	0.442689	0.442689	0	0	0.442689	0.442689	0	0	0	0.442689	0.442689	0	0	0.442689	0.442689	0	0.442689	0.442689	0	0	0	0.442689	0.442689	0	0	0.442689	0.442689	0	0.442689	0.442689	0	0	0	0.442689	0.442689	0	0	0.442689	0.442689	0	0	0.442689	0.442689	0	0.442689	0.442689	0.442689	0.442689	0	0	0.442689	0.885326	0.442689	0	0.442689	0.442689	0	0.442689	0.442689	0	0.442689	0.442689	0	0	0	0.442689	0.442689	0	0	0	0	0.442689	0.442689	0	0	0	0.442689	0.442689	0	0	0.442689	0.442689	0	0	0	0.442689	0.442689	0	0	0	0.442689	0.442689	0	0	0	0	0	0	0	0	0	0	0	0	0	0	0	0	0.442689	0.442689	0	0	0	0	0	0	0	0	0	0	0	0	0	0	0	0	0	0	0	0	0	0	0	0.442689	0.442689	0	0	0	0	0.442689	0.442689	0	0	0	0.442689	0.442689	0	0	0.442689	0.442689	0	0.442689	0.442689	0.442689	0.442689	0	0.442689	0.442689	0	0.442689	0.442689	0	0.442689	0.442689	0	0	0.442689	0.442689	0	0	0.442689	0.442689	0.442689	0.442689	0	0	0	0.442689	0.442689	0	0	0.442689	0.442689	0	0	0	0.442689	0.442689	0	0	0	0.442689	0.442689	0.442689	0.442689	0	0	0.442689	0.442689	0	0.442689	0.442689	0.442689	0.442689	0	0	0.442689	0.885326	0.442689	0	0	0.442689	0.885326	0.442689	0	0.442689	0.885326	0.442689	0.442689	0.442689	0	0.442689	0.442689	0.442689	0.442689	0.442689	0.442689	0	0	0.442689	0.442689	0	0.442689	0.442689	0	0	0.442689	0.442689	0	0.442689	0.442689	0	0	0	0	0	0
0	0.442648	0.442648	0	0.442648	0.885244	0.442648	0	0	0.442648	0.442648	0	0	0.442648	0.442648	0	0	0	0.442648	0.442648	0	0	0.442648	0.442648	0	0.442648	0.442648	0	0	0	0.442648	0.442648	0	0	0.442648	0.442648	0	0.442648	0.442648	0	0	0	0.442648	0.442648	0	0	0.442648	0.442648	0	0	0.442648	0.442648	0	0.442648	0.442648	0.442648	0.442648	0	0	0.442648	0.885244	0.442648	0	0.442648	0.442648	0	0.442648	0.442648	0	0.442648	0.442648	0	0	0	0.442648	0.442648	0	0	0	0	0.442648	0.442648	0	0	0	0.442648	0.442648	0	0	0.442648	0.442648	0	0	0	0.442648	0.442648	0	0	0	0.442648	0.442648	0	0	0	0	0	0	0	0	0	0	0	0	0	0	0	0	0.442648	0.442648	0	0	0	0	0	0	0	0	0	0	0	0	0	0	0	0	0	0	0	0	0	0	0	0.442648	0.442648	0	0	0	0	0.442648	0.442648	0	0	0	0.442648	0.442648	0	0	0.442648	0.442648	0	0.442648	0.442648	0.442648	0.442648	0	0.442648	0.442648	0	0.442648	0.442648	0	0.442648	0.442648	0	0	0.442648	0.442648	0	0	0.442648	0.442648	0.442648	0.442648	0	0	0	0.442648	0.442648	0	0	0.442648	0.442648	0	0	0	0.442648	0.442648	0	0	0	0.442648	0.442648	0.442648	0.442648	0	0	0.442648	0.442648	0	0.442648	0.442648	0.442648	0.442648	0	0	0.442648	0.885244	0.442648	0	0	0.442648	0.885244	0.442648	0	0.442648	0.885244	0.442648	0.442648	0.442648	0	0.442648	0.442648	0.442648	0.442648	0.442648	0.442648	0	0	0.442648	0.442648	0	0.442648	0.442648	0	0	0.442648	0.442648	0	0.442648	0.442648	0	0	0	0	0	0
0	0.442601	0.442601	0	0.442601	0.885148	0.442601	0	0	0.442601	0.442601	0	0	0.442601	0.442601	0	0	0	0.442601	0.442601	0	0	0.442601	0.442601	0	0.442601	0.442601	0	0	0	0.442601	0.442601	0	0	0.442601	0.442601	0	0.442601	0.442601	0	0	0	0.442601	0.442601	0	0	0.442601	0.442601	0	0	0.442601	0.442601	0	0.442601	0.442601	0.442601	0.442601	0	0	0.442601	0.885148	0.442601	0	0.442601	0.442601	0	0.442601	0.442601	0	0.442601	0.442601	0	0	0	0.442601	0.442601	0	0	0	0	0.442601	0.442601	0	0	0	0.442601	0.442601	0	0	0.442601	0.442601	0	0	0	0.442601	0.442601	0	0	0	0.442601	0.442601	0	0	0	0	0	0	0	0	0	0	0	0	0	0	0	0	0.442601	0.442601	0	0	0	0	0	0	0	0	0	0	0	0	0	0	0	0	0	0	0	0	0	0	0	0.442601	0.442601	0	0	0	0	0.442601	0.442601	0	0	0	0.442601	0.442601	0	0	0.442601	0.442601	0	0.442601	0.442601	0.442601	0.442601	0	0.442601	0.442601	0	0.442601	0.442601	0	0.442601	0.442601	0	0	0.442601	0.442601	0	0	0.442601	0.442601	0.442601	0.442601	0	0	0	0.442601	0.442601	0	0	0.442601	0.442601	0	0	0	0.442601	0.442601	0	0	0	0.442601	0.442601	0.442601	0.442601	0	0	0.442601	0.442601	0	0.442601	0.442601	0.442601	0.442601	0	0	0.442601	0.885148	0.442601	0	0	0.442601	0.885148	0.442601	0	0.442601	0.885148	0.442601	0.442601	0.442601	0	0.442601	0.442601	0.442601	0.442601	0.442601	0.442601	0	0	0.442601	0.442601	0	0.442601	0.442601	0	0	0.442601	0.442601	0	0.442601	0.442601	0	0	0	0	0	0
0	0.44256	0.44256	0	0.44256	0.885066	0.44256	0	0	0.44256	0.44256	0	0	0.44256	0.44256	0	0	0	0.44256	0.44256	0	0	0.44256	0.44256	0	0.44256	0.44256	0	0	0	0.44256	0.44256	0	0	0.44256	0.44256	0	0.44256	0.44256	0	0	0	0.44256	0.44256	0	0	0.44256	0.44256	0	0	0.44256	0.44256	0	0.44256	0.44256	0.44256	0.44256	0	0	0.44256	0.885066	0.44256	0	0.44256	0.44256	0	0.44256	0.44256	0	0.44256	0.44256	0	0	0	0.44256	0.44256	0	0	0	0	0.44256	0.44256	0	0	0	0.44256	0.44256	0	0	0.44256	0.44256	0	0	0	0.44256	0.44256	0	0	0	0.44256	0.44256	0	0	0	0	0	0	0	0	0	0	0	0	0	0	0	0	0.44256	0.44256	0	0	0	0	0	0	0	0	0	0	0	0	0	0	0	0	0	0	0	0	0	0	0	0.44256	0.44256	0	0	0	0	0.44256	0.44256	0	0	0	0.44256	0.44256	0	0	0.44256	0.44256	0	0.44256	0.44256	0.44256	0.44256	0	0.44256	0.44256	0	0.44256	0.44256	0	0.44256	0.44256	0	0	0.44256	0.44256	0	0	0.44256	0.44256	0.44256	0.44256	0	0	0	0.44256	0.44256	0	0	0.44256	0.44256	0	0	0	0.44256	0.44256	0	0	0	0.44256	0.44256	0.44256	0.44256	0	0	0.44256	0.44256	0	0.44256	0.44256	0.44256	0.44256	0	0	0.44256	0.885066	0.44256	0	0	0.44256	0.885066	0.44256	0	0.44256	0.885066	0.44256	0.44256	0.44256	0	0.44256	0.44256	0.44256	0.44256	0.44256	0.44256	0	0	0.44256	0.44256	0	0.44256	0.44256	0	0	0.44256	0.44256	0	0.44256	0.44256	0	0	0	0	0	0
0.782296	0.797769	0.797769	0.564137	0.625827	0.951628	0.842541	0.782296	0.564137	0.625827	0.625827	0.349869	0.156463	0.349847	0.469379	0.442553	0.442553	0.442553	0.625827	0.625827	0.442553	0.442553	0.645098	0.797769	0.564137	0.645098	0.842541	0.782296	0.564137	0.442553	0.645098	0.842541	0.782296	0.564137	0.625827	0.625827	0.442553	0.625827	0.625827	0.442553	0.442553	0.349869	0.494756	0.494756	0.156463	0	0.349847	0.469379	0.349869	0.156463	0.349847	0.494756	0.156463	0.349847	0.469379	0.625827	0.625827	0.442553	0.442553	0.625827	0.951628	0.842541	0.885053	0.989484	0.989484	0.885053	0.989484	0.989484	0.885053	0.989484	0.989484	0.885053	0.782296	0.564137	0.645098	0.842541	0.885053	0.782296	0.564137	0.442553	0.645098	0.842541	0.885053	0.782296	0.564137	0.645098	0.842541	0.782296	0.564137	0.645098	0.842541	0.885053	0.782296	0.564137	0.645098	0.842541	0.782296	0.564137	0.442553	0.645098	0.842541	0.885053	0.885053	0.885053	0.885053	0.885053	0.885053	0.885053	0.885053	0.885053	0.885053	0.885053	0.885053	0.885053	0.885053	0.885053	0.885053	0.842541	0.645098	0.442553	0.442553	0.564137	0.782296	0.885053	0.885053	0.885053	0.885053	0.885053	0.885053	0.885053	0.885053	0.885053	0.885053	0.885053	0.885053	0.885053	0.885053	0.885053	0.885053	0.782296	0.564137	0.442553	0.645098	0.842541	0.885053	0.885053	0.885053	0.782296	0.797769	0.842541	0.885053	0.885053	0.885053	1.0495	1.19145	1.00179	0.885053	0.989484	0.989484	0.885053	0.989484	0.989484	1.0495	1.19145	1.00179	1.0495	1.19145	1.00179	1.0495	1.26128	1.32745	1.39921	1.39921	1.32745	1.32745	1.39921	1.39921	1.32745	1.32745	1.39921	1.39921	1.47579	1.69198	1.76968	1.66282	1.44227	1.47579	1.69198	1.76968	1.76968	1.90924	2.12723	2.10413	1.88346	1.76968	1.8241	1.8241	1.76968	1.76968	1.76968	1.8241	1.8241	1.8241	1.8241	1.76968	1.76968	1.90924	2.03924	1.88346	1.90924	2.12723	2.25546	2.25546	2.10413	1.88346	1.8241	2.03322	2.12723	2.10413	1.88346	1.8241	2.03322	2.03924	1.88346	1.8241	1.97838	1.8241	1.8241	1.8241	1.76968	1.8241	1.8241	1.8241	1.8241	1.8241	1.8241	1.76968	1.76968	1.8241	1.8241	1.76968	1.8241	1.8241	1.66282	1.44227	1.47579	1.69198	1.76968	1.90924	2.12723	2.10413	1.88346	1.76968	1.76968	1.76968	1.76968
0.842463	0.797695	0.797695	0.645038	0.625769	0.782194	0.782223	0.842463	0.645038	0.625769	0.625769	0.469335	0.349814	0.156448	0.349836	0.442512	0.442512	0.442512	0.625769	0.625769	0.442512	0.442512	0.564085	0.797695	0.645038	0.564085	0.782223	0.842463	0.645038	0.442512	0.564085	0.782223	0.842463	0.645038	0.625769	0.625769	0.442512	0.625769	0.625769	0.442512	0.442512	0.469335	0.49471	0.49471	0.349814	0	0.156448	0.349836	0.469335	0.349814	0.156448	0.49471	0.349814	0.156448	0.349836	0.625769	0.625769	0.442512	0.442512	0.625769	0.782194	0.782223	0.884971	0.989392	0.989392	0.884971	0.989392	0.989392	0.884971	0.989392	0.989392	0.884971	0.842463	0.645038	0.564085	0.782223	0.884971	0.842463	0.645038	0.442512	0.564085	0.782223	0.884971	0.842463	0.645038	0.564085	0.782223	0.842463	0.645038	0.564085	0.782223	0.884971	0.842463	0.645038	0.564085	0.782223	0.842463	0.645038	0.442512	0.564085	0.782223	0.884971	0.884971	0.884971	0.884971	0.884971	0.884971	0.884971	0.884971	0.884971	0.884971	0.884971	0.884971	0.884971	0.884971	0.884971	0.884971	0.782223	0.564085	0.442512	0.442512	0.645038	0.842463	0.884971	0.884971	0.884971	0.884971	0.884971	0.884971	0.884971	0.884971	0.884971	0.884971	0.884971	0.884971	0.884971	0.884971	0.884971	0.884971	0.842463	0.645038	0.442512	0.564085	0.782223	0.884971	0.884971	0.884971	0.842463	0.797695	0.782223	0.884971	0.884971	0.884971	1.0017	1.19134	1.0494	0.884971	0.989392	0.989392	0.884971	0.989392	0.989392	1.0017	1.19134	1.0494	1.0017	1.19134	1.0494	1.0017	1.22176	1.32732	1.39908	1.39908	1.32732	1.32732	1.39908	1.39908	1.32732	1.32732	1.39908	1.39908	1.44213	1.66267	1.76952	1.69182	1.47566	1.44213	1.66267	1.76952	1.76952	1.88328	2.10393	2.12703	1.90906	1.76952	1.82393	1.82393	1.76952	1.76952	1.76952	1.82393	1.82393	1.82393	1.82393	1.76952	1.76952	1.88328	2.03905	1.90906	1.88328	2.10393	2.25525	2.25525	2.12703	1.90906	1.82393	1.95959	2.10393	2.12703	1.90906	1.82393	1.95959	2.03905	1.90906	1.82393	1.97819	1.82393	1.82393	1.82393	1.76952	1.82393	1.82393	1.82393	1.82393	1.82393	1.82393	1.76952	1.76952	1.82393	1.82393	1.76952	1.82393	1.82393	1.69182	1.47566	1.44213	1.66267	1.76952	1.88328	2.10393	2.12703	1.90906	1.76952	1.76952	1.76952	1.76952