0.902534	0.451295	0.451295	0.451295	0	0.451295	0.451295	0.451295	0.902534	0.902534	0.451295	0	0.451295	0.451295	0.451295	0.451295	0.451295	0.451295	0	0.451295	0.902534	0.451295	0	0.451295	0.451295	0.451295	0.451295	0	0.451295	0.451295	0.451295	0.451295	0	0	0.451295	0.902534	0.451295	0	0	0.451295	0.902534	0.451295	0	0.451295	0.902534	0.451295	0.451295	0.451295	0	0.451295	0.451295	0.451295	0.902534	0.451295	0	0.451295	0.451295	0.451295	0.902534	0.451295	0	0	0.451295	0.451295	0.451295	0.451295	0	0	0	0	0	0.451295	0.451295	0	0	0	0.451295	0.451295	0	0	0	0.451295	0.451295	0	0.451295	0.451295	0	0	0.451295	0.451295	0	0	0	0	0.451295	0.451295	0	0	0	0	0	0.451295	0.451295	0	0	0.451295	0.451295	0	0	0	0.451295	0.451295	0	0.451295	0.451295	0	0	0	0	0	0	0	0.451295	0.451295	0	0	0	0	0	0	0	0.451295	0.451295	0	0	0	0	0.451295	0.451295	0	0	0	0	0.451295	0.451295	0	0.451295	0.451295	0	0	0	0.451295	0.451295	0	0	0	0	0	0	0	0	0	0	0	0	0.451295	0.451295	0.451295	0.451295	0.451295	0.902534	0.451295	0	0	0.451295	0.902534	0.451295	0.451295	0.451295	0.451295	0.451295	0.451295	0.451295	0	0.451295	0.451295	0.451295	0.902534	0.902534	0.451295	0.451295	0.451295	0.451295	0.902534	0.451295	0.451295	0.451295	0	0.451295	0.902534	0.451295	0.451295	0.902534	0.451295	0.451295	0.902534	0.451295	0.451295	0.451295	0.451295	0.902534	0.902534	0.451295	0.902534	1.35366	0.451295	0.451295	0.451295	1.35366	1.35366	0.451295	0.451295	0.902534	1.80462	0.902534	0.451295	0.451295	0.902534	1.35366	1.35366	0.902534	0.451295	0.451295	0	0.451295	0.451295	0.451295	0.451295	0	0	0.451295	0.451295	0	0	0	0.451295	0.902534	0.451295	0.451295	0.451295	0.902534	0.902534	0.451295	0.451295	0.451295	0.902534
0.902449	0.451252	0.451252	0.451252	0	0.451252	0.451252	0.451252	0.902449	0.902449	0.451252	0	0.451252	0.451252	0.451252	0.451252	0.451252	0.451252	0	0.451252	0.902449	0.451252	0	0.451252	0.451252	0.451252	0.451252	0	0.451252	0.451252	0.451252	0.451252	0	0	0.451252	0.902449	0.451252	0	0	0.451252	0.902449	0.451252	0	0.451252	0.902449	0.451252	0.451252	0.451252	0	0.451252	0.451252	0.451252	0.902449	0.451252	0	0.451252	0.451252	0.451252	0.902449	0.451252	0	0	0.451252	0.451252	0.451252	0.451252	0	0	0	0	0	0.451252	0.451252	0	0	0	0.451252	0.451252	0	0	0	0.451252	0.451252	0	0.451252	0.451252	0	0	0.451252	0.451252	0	0	0	0	0.451252	0.451252	0	0	0	0	0	0.451252	0.451252	0	0	0.451252	0.451252	0	0	0	0.451252	0.451252	0	0.451252	0.451252	0	0	0	0	0	0	0	0.451252	0.451252	0	0	0	0	0	0	0	0.451252	0.451252	0	0	0	0	0.451252	0.451252	0	0	0	0	0.451252	0.451252	0	0.451252	0.451252	0	0	0	0.451252	0.451252	0	0	0	0	0	0	0	0	0	0	0	0	0.451252	0.451252	0.451252	0.451252	0.451252	0.902449	0.451252	0	0	0.451252	0.902449	0.451252	0.451252	0.451252	0.451252	0.451252	0.451252	0.451252	0	0.451252	0.451252	0.451252	0.902449	0.902449	0.451252	0.451252	0.451252	0.451252	0.902449	0.451252	0.451252	0.451252	0	0.451252	0.902449	0.451252	0.451252	0.902449	0.451252	0.451252	0.902449	0.451252	0.451252	0.451252	0.451252	0.902449	0.902449	0.451252	0.902449	1.35353	0.451252	0.451252	0.451252	1.35353	1.35353	0.451252	0.451252	0.902449	1.80445	0.902449	0.451252	0.451252	0.902449	1.35353	1.35353	0.902449	0.451252	0.451252	0	0.451252	0.451252	0.451252	0.451252	0	0	0.451252	0.451252	0	0	0	0.451252	0.902449	0.451252	0.451252	0.451252	0.902449	0.902449	0.451252	0.451252	0.451252	0.902449
0.902363	0.45121	0.45121	0.45121	0	0.45121	0.45121	0.45121	0.902363	0.902363	0.45121	0	0.45121	0.45121	0.45121	0.45121	0.45121	0.45121	0	0.45121	0.902363	0.45121	0	0.45121	0.45121	0.45121	0.45121	0	0.45121	0.45121	0.45121	0.45121	0	0	0.45121	0.902363	0.45121	0	0	0.45121	0.902363	0.45121	0	0.45121	0.902363	0.45121	0.45121	0.45121	0	0.45121	0.45121	0.45121	0.902363	0.45121	0	0.45121	0.45121	0.45121	0.902363	0.45121	0	0	0.45121	0.45121	0.45121	0.45121	0	0	0	0	0	0.45121	0.45121	0	0	0	0.45121	0.45121	0	0	0	0.45121	0.45121	0	0.45121	0.45121	0	0	0.45121	0.45121	0	0	0	0	0.45121	0.45121	0	0	0	0	0	0.45121	0.45121	0	0	0.45121	0.45121	0	0	0	0.45121	0.45121	0	0.45121	0.45121	0	0	0	0	0	0	0	0.45121	0.45121	0	0	0	0	0	0	0	0.45121	0.45121	0	0	0	0	0.45121	0.45121	0	0	0	0	0.45121	0.45121	0	0.45121	0.45121	0	0	0	0.45121	0.45121	0	0	0	0	0	0	0	0	0	0	0	0	0.45121	0.45121	0.45121	0.45121	0.45121	0.902363	0.45121	0	0	0.45121	0.902363	0.45121	0.45121	0.45121	0.45121	0.45121	0.45121	0.45121	0	0.45121	0.45121	0.45121	0.902363	0.902363	0.45121	0.45121	0.45121	0.45121	0.902363	0.45121	0.45121	0.45121	0	0.45121	0.902363	0.45121	0.45121	0.902363	0.45121	0.45121	0.902363	0.45121	0.45121	0.45121	0.45121	0.902363	0.902363	0.45121	0.902363	1.35341	0.45121	0.45121	0.45121	1.35341	1.35341	0.45121	0.45121	0.902363	1.80428	0.902363	0.45121	0.45121	0.902363	1.35341	1.35341	0.902363	0.45121	0.45121	0	0.45121	0.45121	0.45121	0.45121	0	0	0.45121	0.45121	0	0	0	0.45121	0.902363	0.45121	0.45121	0.45121	0.902363	0.902363	0.45121	0.45121	0.45121	0.902363
0.902278	0.451167	0.451167	0.451167	0	0.451167	0.451167	0.451167	0.902278	0.902278	0.451167	0	0.451167	0.451167	0.451167	0.451167	0.451167	0.451167	0	0.451167	0.902278	0.451167	0	0.451167	0.451167	0.451167	0.451167	0	0.451167	0.451167	0.451167	0.451167	0	0	0.451167	0.902278	0.451167	0	0	0.451167	0.902278	0.451167	0	0.451167	0.902278	0.451167	0.451167	0.451167	0	0.451167	0.451167	0.451167	0.902278	0.451167	0	0.451167	0.451167	0.451167	0.902278	0.451167	0	0	0.451167	0.451167	0.451167	0.451167	0	0	0	0	0	0.451167	0.451167	0	0	0	0.451167	0.451167	0	0	0	0.451167	0.451167	0	0.451167	0.451167	0	0	0.451167	0.451167	0	0	0	0	0.451167	0.451167	0	0	0	0	0	0.451167	0.451167	0	0	0.451167	0.451167	0	0	0	0.451167	0.451167	0	0.451167	0.451167	0	0	0	0	0	0	0	0.451167	0.451167	0	0	0	0	0	0	0	0.451167	0.451167	0	0	0	0	0.451167	0.451167	0	0	0	0	0.451167	0.451167	0	0.451167	0.451167	0	0	0	0.451167	0.451167	0	0	0	0	0	0	0	0	0	0	0	0	0.451167	0.451167	0.451167	0.451167	0.451167	0.902278	0.451167	0	0	0.451167	0.902278	0.451167	0.451167	0.451167	0.451167	0.451167	0.451167	0.451167	0	0.451167	0.451167	0.451167	0.902278	0.902278	0.451167	0.451167	0.451167	0.451167	0.902278	0.451167	0.451167	0.451167	0	0.451167	0.902278	0.451167	0.451167	0.902278	0.451167	0.451167	0.902278	0.451167	0.451167	0.451167	0.451167	0.902278	0.902278	0.451167	0.902278	1.35328	0.451167	0.451167	0.451167	1.35328	1.35328	0.451167	0.451167	0.902278	1.80411	0.902278	0.451167	0.451167	0.902278	1.35328	1.35328	0.902278	0.451167	0.451167	0	0.451167	0.451167	0.451167	0.451167	0	0	0.451167	0.451167	0	0	0	0.451167	0.902278	0.451167	0.451167	0.451167	0.902278	0.902278	0.451167	0.451167	0.451167	0.902278
0.902193	0.451124	0.451124	0.451124	0	0.451124	0.451124	0.451124	0.902193	0.902193	0.451124	0	0.451124	0.451124	0.451124	0.451124	0.451124	0.451124	0	0.451124	0.902193	0.451124	0	0.451124	0.451124	0.451124	0.451124	0	0.451124	0.451124	0.451124	0.451124	0	0	0.451124	0.902193	0.451124	0	0	0.451124	0.902193	0.451124	0	0.451124	0.902193	0.451124	0.451124	0.451124	0	0.451124	0.451124	0.451124	0.902193	0.451124	0	0.451124	0.451124	0.451124	0.902193	0.451124	0	0	0.451124	0.451124	0.451124	0.451124	0	0	0	0	0	0.451124	0.451124	0	0	0	0.451124	0.451124	0	0	0	0.451124	0.451124	0	0.451124	0.451124	0	0	0.451124	0.451124	0	0	0	0	0.451124	0.451124	0	0	0	0	0	0.451124	0.451124	0	0	0.451124	0.451124	0	0	0	0.451124	0.451124	0	0.451124	0.451124	0	0	0	0	0	0	0	0.451124	0.451124	0	0	0	0	0	0	0	0.451124	0.451124	0	0	0	0	0.451124	0.451124	0	0	0	0	0.451124	0.451124	0	0.451124	0.451124	0	0	0	0.451124	0.451124	0	0	0	0	0	0	0	0	0	0	0	0	0.451124	0.451124	0.451124	0.451124	0.451124	0.902193	0.451124	0	0	0.451124	0.902193	0.451124	0.451124	0.451124	0.451124	0.451124	0.451124	0.451124	0	0.451124	0.451124	0.451124	0.902193	0.902193	0.451124	0.451124	0.451124	0.451124	0.902193	0.451124	0.451124	0.451124	0	0.451124	0.902193	0.451124	0.451124	0.902193	0.451124	0.451124	0.902193	0.451124	0.451124	0.451124	0.451124	0.902193	0.902193	0.451124	0.902193	1.35315	0.451124	0.451124	0.451124	1.35315	1.35315	0.451124	0.451124	0.902193	1.80394	0.902193	0.451124	0.451124	0.902193	1.35315	1.35315	0.902193	0.451124	0.451124	0	0.451124	0.451124	0.451124	0.451124	0	0	0.451124	0.451124	0	0	0	0.451124	0.902193	0.451124	0.451124	0.451124	0.902193	0.902193	0.451124	0.451124	0.451124	0.902193
0.902108	0.451082	0.451082	0.451082	0	0.451082	0.451082	0.451082	0.902108	0.902108	0.451082	0	0.451082	0.451082	0.451082	0.451082	0.451082	0.451082	0	0.451082	0.902108	0.451082	0	0.451082	0.451082	0.451082	0.451082	0	0.451082	0.451082	0.451082	0.451082	0	0	0.451082	0.902108	0.451082	0	0	0.451082	0.902108	0.451082	0	0.451082	0.902108	0.451082	0.451082	0.451082	0	0.451082	0.451082	0.451082	0.902108	0.451082	0	0.451082	0.451082	0.451082	0.902108	0.451082	0	0	0.451082	0.451082	0.451082	0.451082	0	0	0	0	0	0.451082	0.451082	0	0	0	0.451082	0.451082	0	0	0	0.451082	0.451082	0	0.451082	0.451082	0	0	0.451082	0.451082	0	0	0	0	0.451082	0.451082	0	0	0	0	0	0.451082	0.451082	0	0	0.451082	0.451082	0	0	0	0.451082	0.451082	0	0.451082	0.451082	0	0	0	0	0	0	0	0.451082	0.451082	0	0	0	0	0	0	0	0.451082	0.451082	0	0	0	0	0.451082	0.451082	0	0	0	0	0.451082	0.451082	0	0.451082	0.451082	0	0	0	0.451082	0.451082	0	0	0	0	0	0	0	0	0	0	0	0	0.451082	0.451082	0.451082	0.451082	0.451082	0.902108	0.451082	0	0	0.451082	0.902108	0.451082	0.451082	0.451082	0.451082	0.451082	0.451082	0.451082	0	0.451082	0.451082	0.451082	0.902108	0.902108	0.451082	0.451082	0.451082	0.451082	0.902108	0.451082	0.451082	0.451082	0	0.451082	0.902108	0.451082	0.451082	0.902108	0.451082	0.451082	0.902108	0.451082	0.451082	0.451082	0.451082	0.902108	0.902108	0.451082	0.902108	1.35302	0.451082	0.451082	0.451082	1.35302	1.35302	0.451082	0.451082	0.902108	1.80377	0.902108	0.451082	0.451082	0.902108	1.35302	1.35302	0.902108	0.451082	0.451082	0	0.451082	0.451082	0.451082	0.451082	0	0	0.451082	0.451082	0	0	0	0.451082	0.902108	0.451082	0.451082	0.451082	0.902108	0.902108	0.451082	0.451082	0.451082	0.902108
0.902022	0.451039	0.451039	0.451039	0	0.451039	0.451039	0.451039	0.902022	0.902022	0.451039	0	0.451039	0.451039	0.451039	0.451039	0.451039	0.451039	0	0.451039	0.902022	0.451039	0	0.451039	0.451039	0.451039	0.451039	0	0.451039	0.451039	0.451039	0.451039	0	0	0.451039	0.902022	0.451039	0	0	0.451039	0.902022	0.451039	0	0.451039	0.902022	0.451039	0.451039	0.451039	0	0.451039	0.451039	0.451039	0.902022	0.451039	0	0.451039	0.451039	0.451039	0.902022	0.451039	0	0	0.451039	0.451039	0.451039	0.451039	0	0	0	0	0	0.451039	0.451039	0	0	0	0.451039	0.451039	0	0	0	0.451039	0.451039	0	0.451039	0.451039	0	0	0.451039	0.451039	0	0	0	0	0.451039	0.451039	0	0	0	0	0	0.451039	0.451039	0	0	0.451039	0.451039	0	0	0	0.451039	0.451039	0	0.451039	0.451039	0	0	0	0	0	0	0	0.451039	0.451039	0	0	0	0	0	0	0	0.451039	0.451039	0	0	0	0	0.451039	0.451039	0	0	0	0	0.451039	0.451039	0	0.451039	0.451039	0	0	0	0.451039	0.451039	0	0	0	0	0	0	0	0	0	0	0	0	0.451039	0.451039	0.451039	0.451039	0.451039	0.902022	0.451039	0	0	0.451039	0.902022	0.451039	0.451039	0.451039	0.451039	0.451039	0.451039	0.451039	0	0.451039	0.451039	0.451039	0.902022	0.902022	0.451039	0.451039	0.451039	0.451039	0.902022	0.451039	0.451039	0.451039	0	0.451039	0.902022	0.451039	0.451039	0.902022	0.451039	0.451039	0.902022	0.451039	0.451039	0.451039	0.451039	0.902022	0.902022	0.451039	0.902022	1.35289	0.451039	0.451039	0.451039	1.35289	1.35289	0.451039	0.451039	0.902022	1.8036	0.902022	0.451039	0.451039	0.902022	1.35289	1.35289	0.902022	0.451039	0.451039	0	0.451039	0.451039	0.451039	0.451039	0	0	0.451039	0.451039	0	0	0	0.451039	0.902022	0.451039	0.451039	0.451039	0.902022	0.902022	0.451039	0.451039	0.451039	0.902022
0.901937	0.450997	0.450997	0.450997	0	0.450997	0.450997	0.450997	0.901937	0.901937	0.450997	0	0.450997	0.450997	0.450997	0.450997	0.450997	0.450997	0	0.450997	0.901937	0.450997	0	0.450997	0.450997	0.450997	0.450997	0	0.450997	0.450997	0.450997	0.450997	0	0	0.450997	0.901937	0.450997	0	0	0.450997	0.901937	0.450997	0	0.450997	0.901937	0.450997	0.450997	0.450997	0	0.450997	0.450997	0.450997	0.901937	0.450997	0	0.450997	0.450997	0.450997	0.901937	0.450997	0	0	0.450997	0.450997	0.450997	0.450997	0	0	0	0	0	0.450997	0.450997	0	0	0	0.450997	0.450997	0	0	0	0.450997	0.450997	0	0.450997	0.450997	0	0	0.450997	0.450997	0	0	0	0	0.450997	0.450997	0	0	0	0	0	0.450997	0.450997	0	0	0.450997	0.450997	0	0	0	0.450997	0.450997	0	0.450997	0.450997	0	0	0	0	0	0	0	0.450997	0.450997	0	0	0	0	0	0	0	0.450997	0.450997	0	0	0	0	0.450997	0.450997	0	0	0	0	0.450997	0.450997	0	0.450997	0.450997	0	0	0	0.450997	0.450997	0	0	0	0	0	0	0	0	0	0	0	0	0.450997	0.450997	0.450997	0.450997	0.450997	0.901937	0.450997	0	0	0.450997	0.901937	0.450997	0.450997	0.450997	0.450997	0.450997	0.450997	0.450997	0	0.450997	0.450997	0.450997	0.901937	0.901937	0.450997	0.450997	0.450997	0.450997	0.901937	0.450997	0.450997	0.450997	0	0.450997	0.901937	0.450997	0.450997	0.901937	0.450997	0.450997	0.901937	0.450997	0.450997	0.450997	0.450997	0.901937	0.901937	0.450997	0.901937	1.35277	0.450997	0.450997	0.450997	1.35277	1.35277	0.450997	0.450997	0.901937	1.80343	0.901937	0.450997	0.450997	0.901937	1.35277	1.35277	0.901937	0.450997	0.450997	0	0.450997	0.450997	0.450997	0.450997	0	0	0.450997	0.450997	0	0	0	0.450997	0.901937	0.450997	0.450997	0.450997	0.901937	0.901937	0.450997	0.450997	0.450997	0.901937
0.901852	0.450954	0.450954	0.450954	0	0.450954	0.450954	0.450954	0.901852	0.901852	0.450954	0	0.450954	0.450954	0.450954	0.450954	0.450954	0.450954	0	0.450954	0.901852	0.450954	0	0.450954	0.450954	0.450954	0.450954	0	0.450954	0.450954	0.450954	0.450954	0	0	0.450954	0.901852	0.450954	0	0	0.450954	0.901852	0.450954	0	0.450954	0.901852	0.450954	0.450954	0.450954	0	0.450954	0.450954	0.450954	0.901852	0.450954	0	0.450954	0.450954	0.450954	0.901852	0.450954	0	0	0.450954	0.450954	0.450954	0.450954	0	0	0	0	0	0.450954	0.450954	0	0	0	0.450954	0.450954	0	0	0	0.450954	0.450954	0	0.450954	0.450954	0	0	0.450954	0.450954	0	0	0	0	0.450954	0.450954	0	0	0	0	0	0.450954	0.450954	0	0	0.450954	0.450954	0	0	0	0.450954	0.450954	0	0.450954	0.450954	0	0	0	0	0	0	0	0.450954	0.450954	0	0	0	0	0	0	0	0.450954	0.450954	0	0	0	0	0.450954	0.450954	0	0	0	0	0.450954	0.450954	0	0.450954	0.450954	0	0	0	0.450954	0.450954	0	0	0	0	0	0	0	0	0	0	0	0	0.450954	0.450954	0.450954	0.450954	0.450954	0.901852	0.450954	0	0	0.450954	0.901852	0.450954	0.450954	0.450954	0.450954	0.450954	0.450954	0.450954	0	0.450954	0.450954	0.450954	0.901852	0.901852	0.450954	0.450954	0.450954	0.450954	0.901852	0.450954	0.450954	0.450954	0	0.450954	0.901852	0.450954	0.450954	0.901852	0.450954	0.450954	0.901852	0.450954	0.450954	0.450954	0.450954	0.901852	0.901852	0.450954	0.901852	1.35264	0.450954	0.450954	0.450954	1.35264	1.35264	0.450954	0.450954	0.901852	1.80326	0.901852	0.450954	0.450954	0.901852	1.35264	1.35264	0.901852	0.450954	0.450954	0	0.450954	0.450954	0.450954	0.450954	0	0	0.450954	0.450954	0	0	0	0.450954	0.901852	0.450954	0.450954	0.450954	0.901852	0.901852	0.450954	0.450954	0.450954	0.901852
1.43457	1.00824	1.00824	0.969689	0.574829	0.637692	0.637692	0.637692	1.0082	1.0082	0.637692	0.318856	0.712936	0.637692	0.637692	0.637692	0.637692	0.797096	0.79712	1.00824	1.11587	0.81289	0.79712	0.858509	0.657326	0.637692	0.637692	0.45094	0.637692	0.637692	0.637692	0.637692	0.45094	0.45094	0.637692	1.0082	0.637692	0.45094	0.45094	0.637692	1.0082	0.797096	0.79712	0.858509	0.96967	0.637692	0.637692	0.637692	0.574829	0.969689	1.00824	1.00824	1.27523	1.16053	1.24503	1.42572	1.42572	1.42572	1.62545	1.42572	1.3526	1.3526	1.42572	1.42572	1.42572	1.42572	1.3526	1.3526	1.3526	1.46959	1.69432	1.72402	1.50375	1.46959	1.69432	1.8032	1.72402	1.50375	1.46959	1.69432	1.8032	1.72402	1.50375	1.3526	1.42572	1.42572	1.3526	1.3526	1.42572	1.42572	1.3526	1.3526	1.3526	1.46959	1.64102	1.50375	1.3526	1.3526	1.3526	1.46959	1.69432	1.72402	1.50375	1.3526	1.3526	1.42572	1.42572	1.3526	1.3526	1.3526	1.42572	1.42572	1.3526	1.28518	1.21403	1.24503	1.3526	1.3526	1.3526	1.46959	1.69432	1.8032	1.72402	1.50375	1.46959	1.69432	1.8032	1.8032	1.8032	1.8032	1.8032	1.72402	1.50375	1.46959	1.69432	1.8032	1.8032	1.72402	1.64102	1.69432	1.8032	1.8032	1.8032	1.72402	1.50375	1.3526	1.42572	1.42572	1.3526	1.3526	1.3526	1.42572	1.42572	1.3526	1.46959	1.69432	1.91913	2.14397	2.25358	2.25358	2.25358	2.36881	2.59363	2.70369	2.70369	2.83633	3.16147	3.40802	3.28323	3.05972	2.92427	2.74092	2.70369	2.70369	2.74092	2.70835	2.39013	2.29816	2.29816	2.29816	2.29816	2.16751	1.9454	1.91913	2.07785	1.9454	1.85865	1.86545	1.66405	1.42572	1.28518	1.06939	1.00824	1.27523	1.00824	1.00824	1.16053	1.24503	1.42572	1.62545	1.42572	1.28518	1.28516	1.00824	1.00824	1.27523	1.00824	1.00824	1.00824	1.00824	1.27523	1.27523	1.00824	1.11587	1.36188	0.637692	0.637692	0.637692	1.28511	1.24495	0.574795	0.657306	0.858471	1.57782	0.858471	0.637692	0.637692	1.0082	1.42565	1.36188	1.11587	1.00824	0.969689	0.574829	0.637692	0.637692	0.637692	0.657306	0.159429	0.159429	0.657306	0.797096	0.79712	1.02077	1.24503	1.42572	1.62545	1.42572	1.56984	1.78195	2.01585	2.01585	1.85865	1.85865	1.85865	2.01585
1.60167	1.00814	1.00814	1.11576	0.657264	0.637632	0.637632	0.637632	1.0081	1.0081	0.637632	0.712868	1.14937	0.637632	0.637632	0.637632	0.637632	0.969578	0.858428	1.00814	0.969598	0.812813	0.858428	0.797045	0.574775	0.637632	0.637632	0.450897	0.637632	0.637632	0.637632	0.637632	0.450897	0.450897	0.637632	1.0081	0.637632	0.450897	0.450897	0.637632	1.0081	0.969578	0.858428	0.797045	0.797021	0.637632	0.637632	0.637632	0.657264	1.11576	1.00814	1.00814	1.27511	1.28504	1.28506	1.42559	1.42559	1.42559	1.6253	1.42559	1.35247	1.35247	1.42559	1.42559	1.42559	1.42559	1.35247	1.35247	1.35247	1.50361	1.72386	1.69416	1.46945	1.50361	1.72386	1.80303	1.69416	1.46945	1.50361	1.72386	1.80303	1.69416	1.46945	1.35247	1.42559	1.42559	1.35247	1.35247	1.42559	1.42559	1.35247	1.35247	1.35247	1.50361	1.64087	1.46945	1.35247	1.35247	1.35247	1.50361	1.72386	1.69416	1.46945	1.35247	1.35247	1.42559	1.42559	1.35247	1.35247	1.35247	1.42559	1.42559	1.35247	1.24491	1.21391	1.28506	1.35247	1.35247	1.35247	1.50361	1.72386	1.80303	1.69416	1.46945	1.50361	1.72386	1.80303	1.80303	1.80303	1.80303	1.80303	1.69416	1.46945	1.50361	1.72386	1.80303	1.80303	1.69416	1.64087	1.72386	1.80303	1.80303	1.80303	1.69416	1.46945	1.35247	1.42559	1.42559	1.35247	1.35247	1.35247	1.42559	1.42559	1.35247	1.50361	1.72386	1.94521	2.1673	2.25337	2.25337	2.25337	2.3899	2.61286	2.70343	2.70343	2.81814	3.16117	3.4077	3.26747	3.04284	2.87156	2.74066	2.70343	2.70343	2.74066	2.65137	2.36859	2.29794	2.29794	2.29794	2.29794	2.14377	1.91895	1.94521	2.07766	1.91895	1.85848	1.78178	1.56969	1.42559	1.24491	1.02067	1.00814	1.27511	1.00814	1.00814	1.28504	1.28506	1.42559	1.6253	1.42559	1.24491	1.16042	1.00814	1.00814	1.27511	1.00814	1.00814	1.00814	1.00814	1.27511	1.27511	1.00814	0.969598	1.16038	0.637632	0.637632	0.637632	1.06923	1.02061	0.796997	0.85839	0.657244	1.12705	0.657244	0.637632	0.637632	1.0081	1.42552	1.16038	0.969598	1.00814	1.11576	0.657264	0.637632	0.637632	0.637632	0.85839	0.356448	0.356448	0.85839	0.969578	0.858428	1.06929	1.28506	1.42559	1.6253	1.42559	1.6639	1.86528	2.01566	2.01566	1.85848	1.85848	1.85848	2.01566
1.35226	0.450826	0.450826	0.901597	0.450826	0.450826	0.450826	0.450826	0.901597	0.901597	0.450826	0.901597	1.35226	0.450826	0.450826	0.450826	0.450826	0.901597	0.450826	0.450826	0.450826	0.450826	0.450826	0	0	0.450826	0.450826	0	0.450826	0.450826	0.450826	0.450826	0	0	0.450826	0.901597	0.450826	0	0	0.450826	0.901597	0.901597	0.450826	0	0.450826	0.450826	0.450826	0.450826	0.450826	0.901597	0.450826	0.450826	0.901597	0.901597	0.450826	0.450826	0.450826	0.450826	0.901597	0.450826	0	0	0.450826	0.450826	0.450826	0.450826	0	0	0	0.450826	0.450826	0	0	0.450826	0.450826	0	0	0	0.450826	0.450826	0	0	0	0	0.450826	0.450826	0	0	0.450826	0.450826	0	0	0	0.450826	0.450826	0	0	0	0	0.450826	0.450826	0	0	0	0	0.450826	0.450826	0	0	0	0.450826	0.450826	0	0	0.450826	0.450826	0	0	0	0.450826	0.450826	0	0	0	0.450826	0.450826	0	0	0	0	0	0	0	0.450826	0.450826	0	0	0	0.450826	0.450826	0	0	0	0	0	0	0.450826	0.450826	0	0	0	0.450826	0.450826	0	0.450826	0.450826	0.450826	0.450826	0	0	0	0.450826	0.450826	0	0	0	0.450826	0.450826	0	0	0.450826	0.450826	0	0	0.450826	0.450826	0	0.450826	0.450826	0.450826	0.450826	0	0	0.450826	0.450826	0	0.450826	0.450826	0.450826	0.450826	0	0	0.450826	0.901597	0.450826	0.450826	0.901597	0.450826	0.450826	0.901597	0.450826	0	0.450826	0.450826	0.450826	0.901597	0.450826	0.450826	0.450826	0.450826	0.901597	0.901597	0.450826	0.450826	0.901597	0.450826	0.450826	0.450826	0.901597	0.901597	0.901597	0.901597	0.450826	0.901597	0.450826	0.450826	0.450826	0.901597	1.35226	0.901597	0.450826	0.450826	0.901597	0.450826	0.450826	0.450826	0.450826	0.901597	0.450826	0.450826	0.901597	0.901597	0.450826	0.450826	0.450826	0.450826	0.901597	0.450826	0.901597	0.901597	0.901597	0.901597	0.450826	0.450826	0.450826	0.901597
1.35213	0.450784	0.450784	0.901511	0.450784	0.450784	0.450784	0.450784	0.901511	0.901511	0.450784	0.901511	1.35213	0.450784	0.450784	0.450784	0.450784	0.901511	0.450784	0.450784	0.450784	0.450784	0.450784	0	0	0.450784	0.450784	0	0.450784	0.450784	0.450784	0.450784	0	0	0.450784	0.901511	0.450784	0	0	0.450784	0.901511	0.901511	0.450784	0	0.450784	0.450784	0.450784	0.450784	0.450784	0.901511	0.450784	0.450784	0.901511	0.901511	0.450784	0.450784	0.450784	0.450784	0.901511	0.450784	0	0	0.450784	0.450784	0.450784	0.450784	0	0	0	0.450784	0.450784	0	0	0.450784	0.450784	0	0	0	0.450784	0.450784	0	0	0	0	0.450784	0.450784	0	0	0.450784	0.450784	0	0	0	0.450784	0.450784	0	0	0	0	0.450784	0.450784	0	0	0	0	0.450784	0.450784	0	0	0	0.450784	0.450784	0	0	0.450784	0.450784	0	0	0	0.450784	0.450784	0	0	0	0.450784	0.450784	0	0	0	0	0	0	0	0.450784	0.450784	0	0	0	0.450784	0.450784	0	0	0	0	0	0	0.450784	0.450784	0	0	0	0.450784	0.450784	0	0.450784	0.450784	0.450784	0.450784	0	0	0	0.450784	0.450784	0	0	0	0.450784	0.450784	0	0	0.450784	0.450784	0	0	0.450784	0.450784	0	0.450784	0.450784	0.450784	0.450784	0	0	0.450784	0.450784	0	0.450784	0.450784	0.450784	0.450784	0	0	0.450784	0.901511	0.450784	0.450784	0.901511	0.450784	0.450784	0.901511	0.450784	0	0.450784	0.450784	0.450784	0.901511	0.450784	0.450784	0.450784	0.450784	0.901511	0.901511	0.450784	0.450784	0.901511	0.450784	0.450784	0.450784	0.901511	0.901511	0.901511	0.901511	0.450784	0.901511	0.450784	0.450784	0.450784	0.901511	1.35213	0.901511	0.450784	0.450784	0.901511	0.450784	0.450784	0.450784	0.450784	0.901511	0.450784	0.450784	0.901511	0.901511	0.450784	0.450784	0.450784	0.450784	0.901511	0.450784	0.901511	0.901511	0.901511	0.901511	0.450784	0.450784	0.450784	0.901511
1.35198	0.450734	0.450734	0.901412	0.450734	0.450734	0.450734	0.450734	0.901412	0.901412	0.450734	0.901412	1.35198	0.450734	0.450734	0.450734	0.450734	0.901412	0.450734	0.450734	0.450734	0.450734	0.450734	0	0	0.450734	0.450734	0	0.450734	0.450734	0.450734	0.450734	0	0	0.450734	0.901412	0.450734	0	0	0.450734	0.901412	0.901412	0.450734	0	0.450734	0.450734	0.450734	0.450734	0.450734	0.901412	0.450734	0.450734	0.901412	0.901412	0.450734	0.450734	0.450734	0.450734	0.901412	0.450734	0	0	0.450734	0.450734	0.450734	0.450734	0	0	0	0.450734	0.450734	0	0	0.450734	0.450734	0	0	0	0.450734	0.450734	0	0	0	0	0.450734	0.450734	0	0	0.450734	0.450734	0	0	0	0.450734	0.450734	0	0	0	0	0.450734	0.450734	0	0	0	0	0.450734	0.450734	0	0	0	0.450734	0.450734	0	0	0.450734	0.450734	0	0	0	0.450734	0.450734	0	0	0	0.450734	0.450734	0	0	0	0	0	0	0	0.450734	0.450734	0	0	0	0.450734	0.450734	0	0	0	0	0	0	0.450734	0.450734	0	0	0	0.450734	0.450734	0	0.450734	0.450734	0.450734	0.450734	0	0	0	0.450734	0.450734	0	0	0	0.450734	0.450734	0	0	0.450734	0.450734	0	0	0.450734	0.450734	0	0.450734	0.450734	0.450734	0.450734	0	0	0.450734	0.450734	0	0.450734	0.450734	0.450734	0.450734	0	0	0.450734	0.901412	0.450734	0.450734	0.901412	0.450734	0.450734	0.901412	0.450734	0	0.450734	0.450734	0.450734	0.901412	0.450734	0.450734	0.450734	0.450734	0.901412	0.901412	0.450734	0.450734	0.901412	0.450734	0.450734	0.450734	0.901412	0.901412	0.901412	0.901412	0.450734	0.901412	0.450734	0.450734	0.450734	0.901412	1.35198	0.901412	0.450734	0.450734	0.901412	0.450734	0.450734	0.450734	0.450734	0.901412	0.450734	0.450734	0.901412	0.901412	0.450734	0.450734	0.450734	0.450734	0.901412	0.450734	0.901412	0.901412	0.901412	0.901412	0.450734	0.450734	0.450734	0.901412
1.35185	0.450691	0.450691	0.901327	0.450691	0.450691	0.450691	0.450691	0.901327	0.901327	0.450691	0.901327	1.35185	0.450691	0.450691	0.450691	0.450691	0.901327	0.450691	0.450691	0.450691	0.450691	0.450691	0	0	0.450691	0.450691	0	0.450691	0.450691	0.450691	0.450691	0	0	0.450691	0.901327	0.450691	0	0	0.450691	0.901327	0.901327	0.450691	0	0.450691	0.450691	0.450691	0.450691	0.450691	0.901327	0.450691	0.450691	0.901327	0.901327	0.450691	0.450691	0.450691	0.450691	0.901327	0.450691	0	0	0.450691	0.450691	0.450691	0.450691	0	0	0	0.450691	0.450691	0	0	0.450691	0.450691	0	0	0	0.450691	0.450691	0	0	0	0	0.450691	0.450691	0	0	0.450691	0.450691	0	0	0	0.450691	0.450691	0	0	0	0	0.450691	0.450691	0	0	0	0	0.450691	0.450691	0	0	0	0.450691	0.450691	0	0	0.450691	0.450691	0	0	0	0.450691	0.450691	0	0	0	0.450691	0.450691	0	0	0	0	0	0	0	0.450691	0.450691	0	0	0	0.450691	0.450691	0	0	0	0	0	0	0.450691	0.450691	0	0	0	0.450691	0.450691	0	0.450691	0.450691	0.450691	0.450691	0	0	0	0.450691	0.450691	0	0	0	0.450691	0.450691	0	0	0.450691	0.450691	0	0	0.450691	0.450691	0	0.450691	0.450691	0.450691	0.450691	0	0	0.450691	0.450691	0	0.450691	0.450691	0.450691	0.450691	0	0	0.450691	0.901327	0.450691	0.450691	0.901327	0.450691	0.450691	0.901327	0.450691	0	0.450691	0.450691	0.450691	0.901327	0.450691	0.450691	0.450691	0.450691	0.901327	0.901327	0.450691	0.450691	0.901327	0.450691	0.450691	0.450691	0.901327	0.901327	0.901327	0.901327	0.450691	0.901327	0.450691	0.450691	0.450691	0.901327	1.35185	0.901327	0.450691	0.450691	0.901327	0.450691	0.450691	0.450691	0.450691	0.901327	0.450691	0.450691	0.901327	0.901327	0.450691	0.450691	0.450691	0.450691	0.901327	0.450691	0.901327	0.901327	0.901327	0.901327	0.450691	0.450691	0.450691	0.901327
1.35172	0.450649	0.450649	0.901242	0.450649	0.450649	0.450649	0.450649	0.901242	0.901242	0.450649	0.901242	1.35172	0.450649	0.450649	0.450649	0.450649	0.901242	0.450649	0.450649	0.450649	0.450649	0.450649	0	0	0.450649	0.450649	0	0.450649	0.450649	0.450649	0.450649	0	0	0.450649	0.901242	0.450649	0	0	0.450649	0.901242	0.901242	0.450649	0	0.450649	0.450649	0.450649	0.450649	0.450649	0.901242	0.450649	0.450649	0.901242	0.901242	0.450649	0.450649	0.450649	0.450649	0.901242	0.450649	0	0	0.450649	0.450649	0.450649	0.450649	0	0	0	0.450649	0.450649	0	0	0.450649	0.450649	0	0	0	0.450649	0.450649	0	0	0	0	0.450649	0.450649	0	0	0.450649	0.450649	0	0	0	0.450649	0.450649	0	0	0	0	0.450649	0.450649	0	0	0	0	0.450649	0.450649	0	0	0	0.450649	0.450649	0	0	0.450649	0.450649	0	0	0	0.450649	0.450649	0	0	0	0.450649	0.450649	0	0	0	0	0	0	0	0.450649	0.450649	0	0	0	0.450649	0.450649	0	0	0	0	0	0	0.450649	0.450649	0	0	0	0.450649	0.450649	0	0.450649	0.450649	0.450649	0.450649	0	0	0	0.450649	0.450649	0	0	0	0.450649	0.450649	0	0	0.450649	0.450649	0	0	0.450649	0.450649	0	0.450649	0.450649	0.450649	0.450649	0	0	0.450649	0.450649	0	0.450649	0.450649	0.450649	0.450649	0	0	0.450649	0.901242	0.450649	0.450649	0.901242	0.450649	0.450649	0.901242	0.450649	0	0.450649	0.450649	0.450649	0.901242	0.450649	0.450649	0.450649	0.450649	0.901242	0.901242	0.450649	0.450649	0.901242	0.450649	0.450649	0.450649	0.901242	0.901242	0.901242	0.901242	0.450649	0.901242	0.450649	0.450649	0.450649	0.901242	1.35172	0.901242	0.450649	0.450649	0.901242	0.450649	0.450649	0.450649	0.450649	0.901242	0.450649	0.450649	0.901242	0.901242	0.450649	0.450649	0.450649	0.450649	0.901242	0.450649	0.901242	0.901242	0.901242	0.901242	0.450649	0.450649	0.450649	0.901242
1.3516	0.450606	0.450606	0.901157	0.450606	0.450606	0.450606	0.450606	0.901157	0.901157	0.450606	0.901157	1.3516	0.450606	0.450606	0.450606	0.450606	0.901157	0.450606	0.450606	0.450606	0.450606	0.450606	0	0	0.450606	0.450606	0	0.450606	0.450606	0.450606	0.450606	0	0	0.450606	0.901157	0.450606	0	0	0.450606	0.901157	0.901157	0.450606	0	0.450606	0.450606	0.450606	0.450606	0.450606	0.901157	0.450606	0.450606	0.901157	0.901157	0.450606	0.450606	0.450606	0.450606	0.901157	0.450606	0	0	0.450606	0.450606	0.450606	0.450606	0	0	0	0.450606	0.450606	0	0	0.450606	0.450606	0	0	0	0.450606	0.450606	0	0	0	0	0.450606	0.450606	0	0	0.450606	0.450606	0	0	0	0.450606	0.450606	0	0	0	0	0.450606	0.450606	0	0	0	0	0.450606	0.450606	0	0	0	0.450606	0.450606	0	0	0.450606	0.450606	0	0	0	0.450606	0.450606	0	0	0	0.450606	0.450606	0	0	0	0	0	0	0	0.450606	0.450606	0	0	0	0.450606	0.450606	0	0	0	0	0	0	0.450606	0.450606	0	0	0	0.450606	0.450606	0	0.450606	0.450606	0.450606	0.450606	0	0	0	0.450606	0.450606	0	0	0	0.450606	0.450606	0	0	0.450606	0.450606	0	0	0.450606	0.450606	0	0.450606	0.450606	0.450606	0.450606	0	0	0.450606	0.450606	0	0.450606	0.450606	0.450606	0.450606	0	0	0.450606	0.901157	0.450606	0.450606	0.901157	0.450606	0.450606	0.901157	0.450606	0	0.450606	0.450606	0.450606	0.901157	0.450606	0.450606	0.450606	0.450606	0.901157	0.901157	0.450606	0.450606	0.901157	0.450606	0.450606	0.450606	0.901157	0.901157	0.901157	0.901157	0.450606	0.901157	0.450606	0.450606	0.450606	0.901157	1.3516	0.901157	0.450606	0.450606	0.901157	0.450606	0.450606	0.450606	0.450606	0.901157	0.450606	0.450606	0.901157	0.901157	0.450606	0.450606	0.450606	0.450606	0.901157	0.450606	0.901157	0.901157	0.901157	0.901157	0.450606	0.450606	0.450606	0.901157
1.35147	0.450564	0.450564	0.901072	0.450564	0.450564	0.450564	0.450564	0.901072	0.901072	0.450564	0.901072	1.35147	0.450564	0.450564	0.450564	0.450564	0.901072	0.450564	0.450564	0.450564	0.450564	0.450564	0	0	0.450564	0.450564	0	0.450564	0.450564	0.450564	0.450564	0	0	0.450564	0.901072	0.450564	0	0	0.450564	0.901072	0.901072	0.450564	0	0.450564	0.450564	0.450564	0.450564	0.450564	0.901072	0.450564	0.450564	0.901072	0.901072	0.450564	0.450564	0.450564	0.450564	0.901072	0.450564	0	0	0.450564	0.450564	0.450564	0.450564	0	0	0	0.450564	0.450564	0	0	0.450564	0.450564	0	0	0	0.450564	0.450564	0	0	0	0	0.450564	0.450564	0	0	0.450564	0.450564	0	0	0	0.450564	0.450564	0	0	0	0	0.450564	0.450564	0	0	0	0	0.450564	0.450564	0	0	0	0.450564	0.450564	0	0	0.450564	0.450564	0	0	0	0.450564	0.450564	0	0	0	0.450564	0.450564	0	0	0	0	0	0	0	0.450564	0.450564	0	0	0	0.450564	0.450564	0	0	0	0	0	0	0.450564	0.450564	0	0	0	0.450564	0.450564	0	0.450564	0.450564	0.450564	0.450564	0	0	0	0.450564	0.450564	0	0	0	0.450564	0.450564	0	0	0.450564	0.450564	0	0	0.450564	0.450564	0	0.450564	0.450564	0.450564	0.450564	0	0	0.450564	0.450564	0	0.450564	0.450564	0.450564	0.450564	0	0	0.450564	0.901072	0.450564	0.450564	0.901072	0.450564	0.450564	0.901072	0.450564	0	0.450564	0.450564	0.450564	0.901072	0.450564	0.450564	0.450564	0.450564	0.901072	0.901072	0.450564	0.450564	0.901072	0.450564	0.450564	0.450564	0.901072	0.901072	0.901072	0.901072	0.450564	0.901072	0.450564	0.450564	0.450564	0.901072	1.35147	0.901072	0.450564	0.450564	0.901072	0.450564	0.450564	0.450564	0.450564	0.901072	0.450564	0.450564	0.901072	0.901072	0.450564	0.450564	0.450564	0.450564	0.901072	0.450564	0.901072	0.901072	0.901072	0.901072	0.450564	0.450564	0.450564	0.901072
1.35134	0.450521	0.450521	0.900987	0.450521	0.450521	0.450521	0.450521	0.900987	0.900987	0.450521	0.900987	1.35134	0.450521	0.450521	0.450521	0.450521	0.900987	0.450521	0.450521	0.450521	0.450521	0.450521	0	0	0.450521	0.450521	0	0.450521	0.450521	0.450521	0.450521	0	0	0.450521	0.900987	0.450521	0	0	0.450521	0.900987	0.900987	0.450521	0	0.450521	0.450521	0.450521	0.450521	0.450521	0.900987	0.450521	0.450521	0.900987	0.900987	0.450521	0.450521	0.450521	0.450521	0.900987	0.450521	0	0	0.450521	0.450521	0.450521	0.450521	0	0	0	0.450521	0.450521	0	0	0.450521	0.450521	0	0	0	0.450521	0.450521	0	0	0	0	0.450521	0.450521	0	0	0.450521	0.450521	0	0	0	0.450521	0.450521	0	0	0	0	0.450521	0.450521	0	0	0	0	0.450521	0.450521	0	0	0	0.450521	0.450521	0	0	0.450521	0.450521	0	0	0	0.450521	0.450521	0	0	0	0.450521	0.450521	0	0	0	0	0	0	0	0.450521	0.450521	0	0	0	0.450521	0.450521	0	0	0	0	0	0	0.450521	0.450521	0	0	0	0.450521	0.450521	0	0.450521	0.450521	0.450521	0.450521	0	0	0	0.450521	0.450521	0	0	0	0.450521	0.450521	0	0	0.450521	0.450521	0	0	0.450521	0.450521	0	0.450521	0.450521	0.450521	0.450521	0	0	0.450521	0.450521	0	0.450521	0.450521	0.450521	0.450521	0	0	0.450521	0.900987	0.450521	0.450521	0.900987	0.450521	0.450521	0.900987	0.450521	0	0.450521	0.450521	0.450521	0.900987	0.450521	0.450521	0.450521	0.450521	0.900987	0.900987	0.450521	0.450521	0.900987	0.450521	0.450521	0.450521	0.900987	0.900987	0.900987	0.900987	0.450521	0.900987	0.450521	0.450521	0.450521	0.900987	1.35134	0.900987	0.450521	0.450521	0.900987	0.450521	0.450521	0.450521	0.450521	0.900987	0.450521	0.450521	0.900987	0.900987	0.450521	0.450521	0.450521	0.450521	0.900987	0.450521	0.900987	0.900987	0.900987	0.900987	0.450521	0.450521	0.450521	0.900987
1.35121	0.450479	0.450479	0.900902	0.450479	0.450479	0.450479	0.450479	0.900902	0.900902	0.450479	0.900902	1.35121	0.450479	0.450479	0.450479	0.450479	0.900902	0.450479	0.450479	0.450479	0.450479	0.450479	0	0	0.450479	0.450479	0	0.450479	0.450479	0.450479	0.450479	0	0	0.450479	0.900902	0.450479	0	0	0.450479	0.900902	0.900902	0.450479	0	0.450479	0.450479	0.450479	0.450479	0.450479	0.900902	0.450479	0.450479	0.900902	0.900902	0.450479	0.450479	0.450479	0.450479	0.900902	0.450479	0	0	0.450479	0.450479	0.450479	0.450479	0	0	0	0.450479	0.450479	0	0	0.450479	0.450479	0	0	0	0.450479	0.450479	0	0	0	0	0.450479	0.450479	0	0	0.450479	0.450479	0	0	0	0.450479	0.450479	0	0	0	0	0.450479	0.450479	0	0	0	0	0.450479	0.450479	0	0	0	0.450479	0.450479	0	0	0.450479	0.450479	0	0	0	0.450479	0.450479	0	0	0	0.450479	0.450479	0	0	0	0	0	0	0	0.450479	0.450479	0	0	0	0.450479	0.450479	0	0	0	0	0	0	0.450479	0.450479	0	0	0	0.450479	0.450479	0	0.450479	0.450479	0.450479	0.450479	0	0	0	0.450479	0.450479	0	0	0	0.450479	0.450479	0	0	0.450479	0.450479	0	0	0.450479	0.450479	0	0.450479	0.450479	0.450479	0.450479	0	0	0.450479	0.450479	0	0.450479	0.450479	0.450479	0.450479	0	0	0.450479	0.900902	0.450479	0.450479	0.900902	0.450479	0.450479	0.900902	0.450479	0	0.450479	0.450479	0.450479	0.900902	0.450479	0.450479	0.450479	0.450479	0.900902	0.900902	0.450479	0.450479	0.900902	0.450479	0.450479	0.450479	0.900902	0.900902	0.900902	0.900902	0.450479	0.900902	0.450479	0.450479	0.450479	0.900902	1.35121	0.900902	0.450479	0.450479	0.900902	0.450479	0.450479	0.450479	0.450479	0.900902	0.450479	0.450479	0.900902	0.900902	0.450479	0.450479	0.450479	0.450479	0.900902	0.450479	0.900902	0.900902	0.900902	0.900902	0.450479	0.450479	0.450479	0.900902
2.43482	1.99482	1.85672	2.01375	1.85672	1.85672	1.85672	1.85672	2.01375	2.01375	1.85672	2.06957	2.47094	2.29578	2.29578	2.29578	2.29578	2.42444	2.29578	2.29578	2.21153	1.99482	1.85672	1.80133	1.80133	1.85672	1.7801	1.46807	1.42424	1.42424	1.42424	1.42424	1.24374	1.01971	1.00719	1.27389	1.00719	0.796293	0.574232	0.637025	1.00714	1.00714	0.637025	0.356129	0.57419	0.450436	0.450436	0.450436	0.450436	0.900817	0.450436	0.450436	0.900817	0.900817	0.450436	0.450436	0.450436	0.450436	0.796233	0.477777	0.356129	0.159262	0.57419	0.656617	0.477777	0.356107	0.159262	0.503632	0.796293	0.857616	0.656641	0.574232	0.796293	0.857616	0.656641	0.574232	0.796293	0.900888	1.00719	1.00719	0.900888	0.900888	0.900888	1.01971	1.21276	1.06828	0.900888	1.01971	1.21276	1.06828	0.900888	0.900888	1.01971	1.21276	1.06828	0.900888	1.01971	1.24374	1.35119	1.28385	1.06828	0.900888	1.01971	1.24374	1.35119	1.28385	1.21276	1.24374	1.35119	1.35119	1.28385	1.21276	1.24374	1.35119	1.42424	1.42424	1.35119	1.35119	1.35119	1.42424	1.42424	1.35119	1.35119	1.35119	1.42424	1.42424	1.35119	1.35119	1.46807	1.69256	1.80133	1.80133	1.80133	1.85672	1.85672	1.80133	1.80133	1.80133	1.85672	1.85672	1.80133	1.80133	1.80133	1.80133	1.80133	1.91714	2.0757	1.94338	1.80133	1.91714	2.14175	2.16526	1.94338	1.80133	1.85672	1.85672	1.85672	1.85672	1.80133	1.80133	1.80133	1.85672	1.85672	1.80133	1.80133	1.91714	2.0757	1.94338	1.80133	1.91714	2.0757	1.94338	1.80133	1.80133	1.85672	1.85672	1.80133	1.85672	1.85672	1.72223	1.50219	1.46807	1.69256	1.72223	1.63932	1.69256	1.72223	1.63932	1.7801	1.85672	1.80133	1.80133	1.85672	2.01375	1.85672	1.72223	1.66232	1.42424	1.42424	1.46803	1.06828	1.01971	1.36052	1.42424	1.28385	1.28382	1.00719	1.00719	1.00719	1.00719	1.27389	1.27389	1.00719	1.00719	1.27389	1.00719	1.00719	1.00719	1.27389	1.27389	1.1147	0.968653	0.637025	1.00714	0.637025	0.796263	0.968678	1.1147	1.36045	1.00714	0.637025	0.796263	1.28379	1.00719	1.00719	1.00719	1.15932	1.60017	1.42424	1.42424	1.62376	1.62376	1.42424	1.42424	1.42424	1.42424	1.62376	1.42424	1.46803	1.28382	1.27389	1.27389	1.15932	1.36052	1.42424	1.62376
2.43459	2.06938	1.85655	2.01356	1.85655	1.85655	1.85655	1.85655	2.01356	2.01356	1.85655	1.99463	2.3661	2.29556	2.29556	2.29556	2.29556	2.42421	2.29556	2.29556	2.27895	2.06938	1.85655	1.80116	1.80116	1.85655	1.86334	1.50205	1.42411	1.42411	1.42411	1.42411	1.28373	1.06818	1.00709	1.27377	1.00709	0.857535	0.656579	0.636965	1.00704	1.00704	0.636965	0.477732	0.796158	0.450394	0.450394	0.450394	0.450394	0.900732	0.450394	0.450394	0.900732	0.900732	0.450394	0.450394	0.450394	0.450394	0.574136	0.356096	0.477732	0.356073	0.796158	0.857488	0.356096	0.159247	0.356073	0.811941	0.857535	0.796218	0.574178	0.656579	0.857535	0.796218	0.574178	0.656579	0.857535	0.900803	1.00709	1.00709	0.900803	0.900803	0.900803	1.06818	1.21265	1.01961	0.900803	1.06818	1.21265	1.01961	0.900803	0.900803	1.06818	1.21265	1.01961	0.900803	1.06818	1.28373	1.35107	1.24362	1.01961	0.900803	1.06818	1.28373	1.35107	1.24362	1.21265	1.28373	1.35107	1.35107	1.24362	1.21265	1.28373	1.35107	1.42411	1.42411	1.35107	1.35107	1.35107	1.42411	1.42411	1.35107	1.35107	1.35107	1.42411	1.42411	1.35107	1.35107	1.50205	1.72207	1.80116	1.80116	1.80116	1.85655	1.85655	1.80116	1.80116	1.80116	1.85655	1.85655	1.80116	1.80116	1.80116	1.80116	1.80116	1.94319	2.0755	1.91696	1.80116	1.94319	2.16505	2.14155	1.91696	1.80116	1.85655	1.85655	1.85655	1.85655	1.80116	1.80116	1.80116	1.85655	1.85655	1.80116	1.80116	1.94319	2.0755	1.91696	1.80116	1.94319	2.0755	1.91696	1.80116	1.80116	1.85655	1.85655	1.80116	1.85655	1.85655	1.6924	1.46793	1.50205	1.72207	1.6924	1.63916	1.72207	1.6924	1.63916	1.86334	1.85655	1.80116	1.80116	1.85655	2.01356	1.85655	1.6924	1.56806	1.42411	1.42411	1.36039	1.01961	1.06818	1.4679	1.42411	1.24362	1.15921	1.00709	1.00709	1.00709	1.00709	1.27377	1.27377	1.00709	1.00709	1.27377	1.00709	1.00709	1.00709	1.27377	1.27377	0.968587	0.796188	0.636965	1.00704	0.636965	0.968562	1.11459	0.968587	1.15916	1.00704	0.636965	0.968562	1.46785	1.00709	1.00709	1.00709	1.28369	1.75118	1.42411	1.42411	1.62361	1.62361	1.42411	1.42411	1.42411	1.42411	1.62361	1.42411	1.36039	1.15921	1.27377	1.27377	1.28369	1.4679	1.42411	1.62361
1.35083	0.900647	0.450351	0.900647	0.450351	0.450351	0.450351	0.450351	0.900647	0.900647	0.450351	0.450351	0.900647	0.450351	0.450351	0.450351	0.450351	0.900647	0.450351	0.450351	0.900647	0.900647	0.450351	0	0	0.450351	0.900647	0.450351	0.450351	0.450351	0.450351	0.450351	0.450351	0.450351	0.450351	0.900647	0.450351	0.450351	0.450351	0.450351	0.900647	0.900647	0.450351	0.450351	0.900647	0.450351	0.450351	0.450351	0.450351	0.900647	0.450351	0.450351	0.900647	0.900647	0.450351	0.450351	0.450351	0.450351	0.450351	0	0.450351	0.450351	0.900647	0.900647	0	0	0.450351	0.900647	0.450351	0	0	0.450351	0.450351	0	0	0.450351	0.450351	0	0.450351	0.450351	0	0	0	0.450351	0.450351	0	0	0.450351	0.450351	0	0	0	0.450351	0.450351	0	0	0.450351	0.450351	0	0	0	0	0.450351	0.450351	0	0	0.450351	0.450351	0	0	0	0.450351	0.450351	0	0.450351	0.450351	0	0	0	0.450351	0.450351	0	0	0	0.450351	0.450351	0	0	0.450351	0.450351	0	0	0	0.450351	0.450351	0	0	0	0.450351	0.450351	0	0	0	0	0	0.450351	0.450351	0	0	0.450351	0.450351	0	0	0	0.450351	0.450351	0.450351	0.450351	0	0	0	0.450351	0.450351	0	0	0.450351	0.450351	0	0	0.450351	0.450351	0	0	0	0.450351	0.450351	0	0.450351	0.450351	0	0	0.450351	0.450351	0	0.450351	0.450351	0	0.450351	0.900647	0.450351	0	0	0.450351	0.900647	0.450351	0	0.450351	0.450351	0.450351	0.450351	0	0.450351	0.900647	0.450351	0	0.450351	0.450351	0.450351	0.450351	0.450351	0.900647	0.900647	0.450351	0.450351	0.900647	0.450351	0.450351	0.450351	0.900647	0.900647	0.450351	0.450351	0.450351	0.900647	0.450351	0.900647	0.900647	0.450351	0.900647	0.900647	0.450351	0.900647	1.35083	0.450351	0.450351	0.450351	0.900647	1.35083	0.450351	0.450351	0.900647	0.900647	0.450351	0.450351	0.450351	0.450351	0.900647	0.450351	0.450351	0.450351	0.900647	0.900647	0.900647	0.900647	0.450351	0.900647
1.3507	0.900562	0.450309	0.900562	0.450309	0.450309	0.450309	0.450309	0.900562	0.900562	0.450309	0.450309	0.900562	0.450309	0.450309	0.450309	0.450309	0.900562	0.450309	0.450309	0.900562	0.900562	0.450309	0	0	0.450309	0.900562	0.450309	0.450309	0.450309	0.450309	0.450309	0.450309	0.450309	0.450309	0.900562	0.450309	0.450309	0.450309	0.450309	0.900562	0.900562	0.450309	0.450309	0.900562	0.450309	0.450309	0.450309	0.450309	0.900562	0.450309	0.450309	0.900562	0.900562	0.450309	0.450309	0.450309	0.450309	0.450309	0	0.450309	0.450309	0.900562	0.900562	0	0	0.450309	0.900562	0.450309	0	0	0.450309	0.450309	0	0	0.450309	0.450309	0	0.450309	0.450309	0	0	0	0.450309	0.450309	0	0	0.450309	0.450309	0	0	0	0.450309	0.450309	0	0	0.450309	0.450309	0	0	0	0	0.450309	0.450309	0	0	0.450309	0.450309	0	0	0	0.450309	0.450309	0	0.450309	0.450309	0	0	0	0.450309	0.450309	0	0	0	0.450309	0.450309	0	0	0.450309	0.450309	0	0	0	0.450309	0.450309	0	0	0	0.450309	0.450309	0	0	0	0	0	0.450309	0.450309	0	0	0.450309	0.450309	0	0	0	0.450309	0.450309	0.450309	0.450309	0	0	0	0.450309	0.450309	0	0	0.450309	0.450309	0	0	0.450309	0.450309	0	0	0	0.450309	0.450309	0	0.450309	0.450309	0	0	0.450309	0.450309	0	0.450309	0.450309	0	0.450309	0.900562	0.450309	0	0	0.450309	0.900562	0.450309	0	0.450309	0.450309	0.450309	0.450309	0	0.450309	0.900562	0.450309	0	0.450309	0.450309	0.450309	0.450309	0.450309	0.900562	0.900562	0.450309	0.450309	0.900562	0.450309	0.450309	0.450309	0.900562	0.900562	0.450309	0.450309	0.450309	0.900562	0.450309	0.900562	0.900562	0.450309	0.900562	0.900562	0.450309	0.900562	1.3507	0.450309	0.450309	0.450309	0.900562	1.3507	0.450309	0.450309	0.900562	0.900562	0.450309	0.450309	0.450309	0.450309	0.900562	0.450309	0.450309	0.450309	0.900562	0.900562	0.900562	0.900562	0.450309	0.900562
1.35058	0.900477	0.450266	0.900477	0.450266	0.450266	0.450266	0.450266	0.900477	0.900477	0.450266	0.450266	0.900477	0.450266	0.450266	0.450266	0.450266	0.900477	0.450266	0.450266	0.900477	0.900477	0.450266	0	0	0.450266	0.900477	0.450266	0.450266	0.450266	0.450266	0.450266	0.450266	0.450266	0.450266	0.900477	0.450266	0.450266	0.450266	0.450266	0.900477	0.900477	0.450266	0.450266	0.900477	0.450266	0.450266	0.450266	0.450266	0.900477	0.450266	0.450266	0.900477	0.900477	0.450266	0.450266	0.450266	0.450266	0.450266	0	0.450266	0.450266	0.900477	0.900477	0	0	0.450266	0.900477	0.450266	0	0	0.450266	0.450266	0	0	0.450266	0.450266	0	0.450266	0.450266	0	0	0	0.450266	0.450266	0	0	0.450266	0.450266	0	0	0	0.450266	0.450266	0	0	0.450266	0.450266	0	0	0	0	0.450266	0.450266	0	0	0.450266	0.450266	0	0	0	0.450266	0.450266	0	0.450266	0.450266	0	0	0	0.450266	0.450266	0	0	0	0.450266	0.450266	0	0	0.450266	0.450266	0	0	0	0.450266	0.450266	0	0	0	0.450266	0.450266	0	0	0	0	0	0.450266	0.450266	0	0	0.450266	0.450266	0	0	0	0.450266	0.450266	0.450266	0.450266	0	0	0	0.450266	0.450266	0	0	0.450266	0.450266	0	0	0.450266	0.450266	0	0	0	0.450266	0.450266	0	0.450266	0.450266	0	0	0.450266	0.450266	0	0.450266	0.450266	0	0.450266	0.900477	0.450266	0	0	0.450266	0.900477	0.450266	0	0.450266	0.450266	0.450266	0.450266	0	0.450266	0.900477	0.450266	0	0.450266	0.450266	0.450266	0.450266	0.450266	0.900477	0.900477	0.450266	0.450266	0.900477	0.450266	0.450266	0.450266	0.900477	0.900477	0.450266	0.450266	0.450266	0.900477	0.450266	0.900477	0.900477	0.450266	0.900477	0.900477	0.450266	0.900477	1.35058	0.450266	0.450266	0.450266	0.900477	1.35058	0.450266	0.450266	0.900477	0.900477	0.450266	0.450266	0.450266	0.450266	0.900477	0.450266	0.450266	0.450266	0.900477	0.900477	0.900477	0.900477	0.450266	0.900477
1.35045	0.900392	0.450224	0.900392	0.450224	0.450224	0.450224	0.450224	0.900392	0.900392	0.450224	0.450224	0.900392	0.450224	0.450224	0.450224	0.450224	0.900392	0.450224	0.450224	0.900392	0.900392	0.450224	0	0	0.450224	0.900392	0.450224	0.450224	0.450224	0.450224	0.450224	0.450224	0.450224	0.450224	0.900392	0.450224	0.450224	0.450224	0.450224	0.900392	0.900392	0.450224	0.450224	0.900392	0.450224	0.450224	0.450224	0.450224	0.900392	0.450224	0.450224	0.900392	0.900392	0.450224	0.450224	0.450224	0.450224	0.450224	0	0.450224	0.450224	0.900392	0.900392	0	0	0.450224	0.900392	0.450224	0	0	0.450224	0.450224	0	0	0.450224	0.450224	0	0.450224	0.450224	0	0	0	0.450224	0.450224	0	0	0.450224	0.450224	0	0	0	0.450224	0.450224	0	0	0.450224	0.450224	0	0	0	0	0.450224	0.450224	0	0	0.450224	0.450224	0	0	0	0.450224	0.450224	0	0.450224	0.450224	0	0	0	0.450224	0.450224	0	0	0	0.450224	0.450224	0	0	0.450224	0.450224	0	0	0	0.450224	0.450224	0	0	0	0.450224	0.450224	0	0	0	0	0	0.450224	0.450224	0	0	0.450224	0.450224	0	0	0	0.450224	0.450224	0.450224	0.450224	0	0	0	0.450224	0.450224	0	0	0.450224	0.450224	0	0	0.450224	0.450224	0	0	0	0.450224	0.450224	0	0.450224	0.450224	0	0	0.450224	0.450224	0	0.450224	0.450224	0	0.450224	0.900392	0.450224	0	0	0.450224	0.900392	0.450224	0	0.450224	0.450224	0.450224	0.450224	0	0.450224	0.900392	0.450224	0	0.450224	0.450224	0.450224	0.450224	0.450224	0.900392	0.900392	0.450224	0.450224	0.900392	0.450224	0.450224	0.450224	0.900392	0.900392	0.450224	0.450224	0.450224	0.900392	0.450224	0.900392	0.900392	0.450224	0.900392	0.900392	0.450224	0.900392	1.35045	0.450224	0.450224	0.450224	0.900392	1.35045	0.450224	0.450224	0.900392	0.900392	0.450224	0.450224	0.450224	0.450224	0.900392	0.450224	0.450224	0.450224	0.900392	0.900392	0.900392	0.900392	0.450224	0.900392
1.35032	0.900307	0.450182	0.900307	0.450182	0.450182	0.450182	0.450182	0.900307	0.900307	0.450182	0.450182	0.900307	0.450182	0.450182	0.450182	0.450182	0.900307	0.450182	0.450182	0.900307	0.900307	0.450182	0	0	0.450182	0.900307	0.450182	0.450182	0.450182	0.450182	0.450182	0.450182	0.450182	0.450182	0.900307	0.450182	0.450182	0.450182	0.450182	0.900307	0.900307	0.450182	0.450182	0.900307	0.450182	0.450182	0.450182	0.450182	0.900307	0.450182	0.450182	0.900307	0.900307	0.450182	0.450182	0.450182	0.450182	0.450182	0	0.450182	0.450182	0.900307	0.900307	0	0	0.450182	0.900307	0.450182	0	0	0.450182	0.450182	0	0	0.450182	0.450182	0	0.450182	0.450182	0	0	0	0.450182	0.450182	0	0	0.450182	0.450182	0	0	0	0.450182	0.450182	0	0	0.450182	0.450182	0	0	0	0	0.450182	0.450182	0	0	0.450182	0.450182	0	0	0	0.450182	0.450182	0	0.450182	0.450182	0	0	0	0.450182	0.450182	0	0	0	0.450182	0.450182	0	0	0.450182	0.450182	0	0	0	0.450182	0.450182	0	0	0	0.450182	0.450182	0	0	0	0	0	0.450182	0.450182	0	0	0.450182	0.450182	0	0	0	0.450182	0.450182	0.450182	0.450182	0	0	0	0.450182	0.450182	0	0	0.450182	0.450182	0	0	0.450182	0.450182	0	0	0	0.450182	0.450182	0	0.450182	0.450182	0	0	0.450182	0.450182	0	0.450182	0.450182	0	0.450182	0.900307	0.450182	0	0	0.450182	0.900307	0.450182	0	0.450182	0.450182	0.450182	0.450182	0	0.450182	0.900307	0.450182	0	0.450182	0.450182	0.450182	0.450182	0.450182	0.900307	0.900307	0.450182	0.450182	0.900307	0.450182	0.450182	0.450182	0.900307	0.900307	0.450182	0.450182	0.450182	0.900307	0.450182	0.900307	0.900307	0.450182	0.900307	0.900307	0.450182	0.900307	1.35032	0.450182	0.450182	0.450182	0.900307	1.35032	0.450182	0.450182	0.900307	0.900307	0.450182	0.450182	0.450182	0.450182	0.900307	0.450182	0.450182	0.450182	0.900307	0.900307	0.900307	0.900307	0.450182	0.900307
1.35019	0.900223	0.450139	0.900223	0.450139	0.450139	0.450139	0.450139	0.900223	0.900223	0.450139	0.450139	0.900223	0.450139	0.450139	0.450139	0.450139	0.900223	0.450139	0.450139	0.900223	0.900223	0.450139	0	0	0.450139	0.900223	0.450139	0.450139	0.450139	0.450139	0.450139	0.450139	0.450139	0.450139	0.900223	0.450139	0.450139	0.450139	0.450139	0.900223	0.900223	0.450139	0.450139	0.900223	0.450139	0.450139	0.450139	0.450139	0.900223	0.450139	0.450139	0.900223	0.900223	0.450139	0.450139	0.450139	0.450139	0.450139	0	0.450139	0.450139	0.900223	0.900223	0	0	0.450139	0.900223	0.450139	0	0	0.450139	0.450139	0	0	0.450139	0.450139	0	0.450139	0.450139	0	0	0	0.450139	0.450139	0	0	0.450139	0.450139	0	0	0	0.450139	0.450139	0	0	0.450139	0.450139	0	0	0	0	0.450139	0.450139	0	0	0.450139	0.450139	0	0	0	0.450139	0.450139	0	0.450139	0.450139	0	0	0	0.450139	0.450139	0	0	0	0.450139	0.450139	0	0	0.450139	0.450139	0	0	0	0.450139	0.450139	0	0	0	0.450139	0.450139	0	0	0	0	0	0.450139	0.450139	0	0	0.450139	0.450139	0	0	0	0.450139	0.450139	0.450139	0.450139	0	0	0	0.450139	0.450139	0	0	0.450139	0.450139	0	0	0.450139	0.450139	0	0	0	0.450139	0.450139	0	0.450139	0.450139	0	0	0.450139	0.450139	0	0.450139	0.450139	0	0.450139	0.900223	0.450139	0	0	0.450139	0.900223	0.450139	0	0.450139	0.450139	0.450139	0.450139	0	0.450139	0.900223	0.450139	0	0.450139	0.450139	0.450139	0.450139	0.450139	0.900223	0.900223	0.450139	0.450139	0.900223	0.450139	0.450139	0.450139	0.900223	0.900223	0.450139	0.450139	0.450139	0.900223	0.450139	0.900223	0.900223	0.450139	0.900223	0.900223	0.450139	0.900223	1.35019	0.450139	0.450139	0.450139	0.900223	1.35019	0.450139	0.450139	0.900223	0.900223	0.450139	0.450139	0.450139	0.450139	0.900223	0.450139	0.450139	0.450139	0.900223	0.900223	0.900223	0.900223	0.450139	0.900223
1.35005	0.900124	0.45009	0.900124	0.45009	0.45009	0.45009	0.45009	0.900124	0.900124	0.45009	0.45009	0.900124	0.45009	0.45009	0.45009	0.45009	0.900124	0.45009	0.45009	0.900124	0.900124	0.45009	0	0	0.45009	0.900124	0.45009	0.45009	0.45009	0.45009	0.45009	0.45009	0.45009	0.45009	0.900124	0.45009	0.45009	0.45009	0.45009	0.900124	0.900124	0.45009	0.45009	0.900124	0.45009	0.45009	0.45009	0.45009	0.900124	0.45009	0.45009	0.900124	0.900124	0.45009	0.45009	0.45009	0.45009	0.45009	0	0.45009	0.45009	0.900124	0.900124	0	0	0.45009	0.900124	0.45009	0	0	0.45009	0.45009	0	0	0.45009	0.45009	0	0.45009	0.45009	0	0	0	0.45009	0.45009	0	0	0.45009	0.45009	0	0	0	0.45009	0.45009	0	0	0.45009	0.45009	0	0	0	0	0.45009	0.45009	0	0	0.45009	0.45009	0	0	0	0.45009	0.45009	0	0.45009	0.45009	0	0	0	0.45009	0.45009	0	0	0	0.45009	0.45009	0	0	0.45009	0.45009	0	0	0	0.45009	0.45009	0	0	0	0.45009	0.45009	0	0	0	0	0	0.45009	0.45009	0	0	0.45009	0.45009	0	0	0	0.45009	0.45009	0.45009	0.45009	0	0	0	0.45009	0.45009	0	0	0.45009	0.45009	0	0	0.45009	0.45009	0	0	0	0.45009	0.45009	0	0.45009	0.45009	0	0	0.45009	0.45009	0	0.45009	0.45009	0	0.45009	0.900124	0.45009	0	0	0.45009	0.900124	0.45009	0	0.45009	0.45009	0.45009	0.45009	0	0.45009	0.900124	0.45009	0	0.45009	0.45009	0.45009	0.45009	0.45009	0.900124	0.900124	0.45009	0.45009	0.900124	0.45009	0.45009	0.45009	0.900124	0.900124	0.45009	0.45009	0.45009	0.900124	0.45009	0.900124	0.900124	0.45009	0.900124	0.900124	0.45009	0.900124	1.35005	0.45009	0.45009	0.45009	0.900124	1.35005	0.45009	0.45009	0.900124	0.900124	0.45009	0.45009	0.45009	0.45009	0.900124	0.45009	0.45009	0.45009	0.900124	0.900124	0.900124	0.900124	0.45009	0.900124
1.34992	0.900039	0.450047	0.900039	0.450047	0.450047	0.450047	0.450047	0.900039	0.900039	0.450047	0.450047	0.900039	0.450047	0.450047	0.450047	0.450047	0.900039	0.450047	0.450047	0.900039	0.900039	0.450047	0	0	0.450047	0.900039	0.450047	0.450047	0.450047	0.450047	0.450047	0.450047	0.450047	0.450047	0.900039	0.450047	0.450047	0.450047	0.450047	0.900039	0.900039	0.450047	0.450047	0.900039	0.450047	0.450047	0.450047	0.450047	0.900039	0.450047	0.450047	0.900039	0.900039	0.450047	0.450047	0.450047	0.450047	0.450047	0	0.450047	0.450047	0.900039	0.900039	0	0	0.450047	0.900039	0.450047	0	0	0.450047	0.450047	0	0	0.450047	0.450047	0	0.450047	0.450047	0	0	0	0.450047	0.450047	0	0	0.450047	0.450047	0	0	0	0.450047	0.450047	0	0	0.450047	0.450047	0	0	0	0	0.450047	0.450047	0	0	0.450047	0.450047	0	0	0	0.450047	0.450047	0	0.450047	0.450047	0	0	0	0.450047	0.450047	0	0	0	0.450047	0.450047	0	0	0.450047	0.450047	0	0	0	0.450047	0.450047	0	0	0	0.450047	0.450047	0	0	0	0	0	0.450047	0.450047	0	0	0.450047	0.450047	0	0	0	0.450047	0.450047	0.450047	0.450047	0	0	0	0.450047	0.450047	0	0	0.450047	0.450047	0	0	0.450047	0.450047	0	0	0	0.450047	0.450047	0	0.450047	0.450047	0	0	0.450047	0.450047	0	0.450047	0.450047	0	0.450047	0.900039	0.450047	0	0	0.450047	0.900039	0.450047	0	0.450047	0.450047	0.450047	0.450047	0	0.450047	0.900039	0.450047	0	0.450047	0.450047	0.450047	0.450047	0.450047	0.900039	0.900039	0.450047	0.450047	0.900039	0.450047	0.450047	0.450047	0.900039	0.900039	0.450047	0.450047	0.450047	0.900039	0.450047	0.900039	0.900039	0.450047	0.900039	0.900039	0.450047	0.900039	1.34992	0.450047	0.450047	0.450047	0.900039	1.34992	0.450047	0.450047	0.900039	0.900039	0.450047	0.450047	0.450047	0.450047	0.900039	0.450047	0.450047	0.450047	0.900039	0.900039	0.900039	0.900039	0.450047	0.900039
1.34979	0.899954	0.450005	0.899954	0.450005	0.450005	0.450005	0.450005	0.899954	0.899954	0.450005	0.450005	0.899954	0.450005	0.450005	0.450005	0.450005	0.899954	0.450005	0.450005	0.899954	0.899954	0.450005	0	0	0.450005	0.899954	0.450005	0.450005	0.450005	0.450005	0.450005	0.450005	0.450005	0.450005	0.899954	0.450005	0.450005	0.450005	0.450005	0.899954	0.899954	0.450005	0.450005	0.899954	0.450005	0.450005	0.450005	0.450005	0.899954	0.450005	0.450005	0.899954	0.899954	0.450005	0.450005	0.450005	0.450005	0.450005	0	0.450005	0.450005	0.899954	0.899954	0	0	0.450005	0.899954	0.450005	0	0	0.450005	0.450005	0	0	0.450005	0.450005	0	0.450005	0.450005	0	0	0	0.450005	0.450005	0	0	0.450005	0.450005	0	0	0	0.450005	0.450005	0	0	0.450005	0.450005	0	0	0	0	0.450005	0.450005	0	0	0.450005	0.450005	0	0	0	0.450005	0.450005	0	0.450005	0.450005	0	0	0	0.450005	0.450005	0	0	0	0.450005	0.450005	0	0	0.450005	0.450005	0	0	0	0.450005	0.450005	0	0	0	0.450005	0.450005	0	0	0	0	0	0.450005	0.450005	0	0	0.450005	0.450005	0	0	0	0.450005	0.450005	0.450005	0.450005	0	0	0	0.450005	0.450005	0	0	0.450005	0.450005	0	0	0.450005	0.450005	0	0	0	0.450005	0.450005	0	0.450005	0.450005	0	0	0.450005	0.450005	0	0.450005	0.450005	0	0.450005	0.899954	0.450005	0	0	0.450005	0.899954	0.450005	0	0.450005	0.450005	0.450005	0.450005	0	0.450005	0.899954	0.450005	0	0.450005	0.450005	0.450005	0.450005	0.450005	0.899954	0.899954	0.450005	0.450005	0.899954	0.450005	0.450005	0.450005	0.899954	0.899954	0.450005	0.450005	0.450005	0.899954	0.450005	0.899954	0.899954	0.450005	0.899954	0.899954	0.450005	0.899954	1.34979	0.450005	0.450005	0.450005	0.899954	1.34979	0.450005	0.450005	0.899954	0.899954	0.450005	0.450005	0.450005	0.450005	0.899954	0.450005	0.450005	0.450005	0.899954	0.899954	0.899954	0.899954	0.450005	0.899954
1.34967	0.899869	0.449962	0.899869	0.449962	0.449962	0.449962	0.449962	0.899869	0.899869	0.449962	0.449962	0.899869	0.449962	0.449962	0.449962	0.449962	0.899869	0.449962	0.449962	0.899869	0.899869	0.449962	0	0	0.449962	0.899869	0.449962	0.449962	0.449962	0.449962	0.449962	0.449962	0.449962	0.449962	0.899869	0.449962	0.449962	0.449962	0.449962	0.899869	0.899869	0.449962	0.449962	0.899869	0.449962	0.449962	0.449962	0.449962	0.899869	0.449962	0.449962	0.899869	0.899869	0.449962	0.449962	0.449962	0.449962	0.449962	0	0.449962	0.449962	0.899869	0.899869	0	0	0.449962	0.899869	0.449962	0	0	0.449962	0.449962	0	0	0.449962	0.449962	0	0.449962	0.449962	0	0	0	0.449962	0.449962	0	0	0.449962	0.449962	0	0	0	0.449962	0.449962	0	0	0.449962	0.449962	0	0	0	0	0.449962	0.449962	0	0	0.449962	0.449962	0	0	0	0.449962	0.449962	0	0.449962	0.449962	0	0	0	0.449962	0.449962	0	0	0	0.449962	0.449962	0	0	0.449962	0.449962	0	0	0	0.449962	0.449962	0	0	0	0.449962	0.449962	0	0	0	0	0	0.449962	0.449962	0	0	0.449962	0.449962	0	0	0	0.449962	0.449962	0.449962	0.449962	0	0	0	0.449962	0.449962	0	0	0.449962	0.449962	0	0	0.449962	0.449962	0	0	0	0.449962	0.449962	0	0.449962	0.449962	0	0	0.449962	0.449962	0	0.449962	0.449962	0	0.449962	0.899869	0.449962	0	0	0.449962	0.899869	0.449962	0	0.449962	0.449962	0.449962	0.449962	0	0.449962	0.899869	0.449962	0	0.449962	0.449962	0.449962	0.449962	0.449962	0.899869	0.899869	0.449962	0.449962	0.899869	0.449962	0.449962	0.449962	0.899869	0.899869	0.449962	0.449962	0.449962	0.899869	0.449962	0.899869	0.899869	0.449962	0.899869	0.899869	0.449962	0.899869	1.34967	0.449962	0.449962	0.449962	0.899869	1.34967	0.449962	0.449962	0.899869	0.899869	0.449962	0.449962	0.449962	0.449962	0.899869	0.449962	0.449962	0.449962	0.899869	0.899869	0.899869	0.899869	0.449962	0.899869
3.06949	3.13453	3.08591	2.98623	2.73494	2.73494	2.73494	2.73494	2.84347	2.77612	2.42689	2.29315	2.42166	2.29315	2.29315	2.29315	2.29315	2.42166	2.29315	2.29315	2.48851	2.70245	2.73494	2.58798	2.36365	2.29315	2.42166	2.29315	2.29315	2.29315	2.20899	1.99253	1.85459	1.85459	1.85459	2.01144	1.85459	1.85459	1.85459	1.85459	2.01144	2.01144	1.85459	1.85459	2.01144	1.85459	1.85459	1.85459	1.85459	2.01144	1.85459	1.85459	2.01144	2.01144	1.85459	1.85459	1.85459	1.85459	1.77806	1.46638	1.42261	1.42261	1.6219	1.6219	1.24231	1.01854	1.06705	1.46635	1.42261	1.24231	1.01854	1.00603	0.967568	0.573574	0.449955	0.636295	0.655864	0.15908	0.355698	0.503031	0.15908	0.15908	0.355721	0.47723	0.503031	0.355721	0.449955	0.636295	0.636295	0.449955	0.449955	0.449955	0.636295	0.636295	0.573574	0.79538	0.856633	0.655888	0.449955	0.573574	0.79538	0.899855	0.856633	0.811111	0.79538	0.899855	1.00603	1.00603	0.899855	0.899855	0.899855	1.00603	1.00603	0.899855	1.00603	1.00603	0.899855	1.01854	1.24231	1.28238	1.21137	1.24231	1.34964	1.34964	1.42261	1.42261	1.46638	1.69062	1.72026	1.50047	1.34964	1.46638	1.69062	1.72026	1.50047	1.46638	1.69062	1.79927	1.72026	1.50047	1.34964	1.34964	1.46638	1.69062	1.79927	1.72026	1.50047	1.46638	1.69062	1.72026	1.50047	1.34964	1.34964	1.34964	1.42261	1.42261	1.28238	1.06705	1.01854	1.24231	1.34964	1.28238	1.06705	1.01854	1.24231	1.28238	1.06705	1.01854	1.24231	1.28238	1.06705	0.899855	1.01854	1.24231	1.42261	1.42261	1.34964	1.42261	1.42261	1.46638	1.69062	1.85459	1.85459	1.79927	1.72026	1.50047	1.46638	1.63744	1.50885	1.06705	1.01854	1.24231	1.28238	1.12473	0.655888	0.573574	0.967568	1.00603	0.856633	0.811111	0.79538	1.00603	1.27243	1.00603	0.899855	1.00603	1.00603	1.00603	1.00603	1.00603	1.27243	1.27243	1.00603	1.00603	1.27243	1.00603	1.00603	1.00603	1.43142	1.59833	1.42261	1.42261	1.42261	1.6219	1.42261	1.46635	1.28234	1.00603	1.27243	1.43142	1.35896	1.46635	1.59831	1.00603	1.00603	1.00603	1.11342	1.35889	0.636295	0.79535	1.28232	1.27243	1.00603	1.00603	1.00603	1.00603	1.27243	1.00603	1.00603	1.00603	1.43142	1.59833	1.46635	1.28234	1.00603	1.27243
2.98595	3.08561	3.13423	3.0692	2.73468	2.73468	2.73468	2.73468	2.8432	2.86527	2.48828	2.29293	2.42144	2.29293	2.29293	2.29293	2.29293	2.42144	2.29293	2.29293	2.42666	2.64559	2.73468	2.60716	2.38469	2.29293	2.42144	2.29293	2.29293	2.29293	2.27634	2.06701	1.85442	1.85442	1.85442	2.01125	1.85442	1.85442	1.85442	1.85442	2.01125	2.01125	1.85442	1.85442	2.01125	1.85442	1.85442	1.85442	1.85442	2.01125	1.85442	1.85442	2.01125	2.01125	1.85442	1.85442	1.85442	1.85442	1.8612	1.50033	1.42248	1.42248	1.62174	1.62174	1.28225	1.06695	1.01845	1.35883	1.42248	1.28225	1.06695	1.00594	1.11332	0.655826	0.449913	0.636235	0.856506	0.355665	0.159065	0.502984	0.355665	0.355665	0.477185	0.355687	0.502984	0.477185	0.449913	0.636235	0.636235	0.449913	0.449913	0.449913	0.636235	0.636235	0.655826	0.856552	0.795305	0.57352	0.449913	0.655826	0.856552	0.89977	0.795305	0.811035	0.856552	0.89977	1.00594	1.00594	0.89977	0.89977	0.89977	1.00594	1.00594	0.89977	1.00594	1.00594	0.89977	1.06695	1.28225	1.24219	1.21126	1.28225	1.34952	1.34952	1.42248	1.42248	1.50033	1.7201	1.69046	1.46625	1.34952	1.50033	1.7201	1.69046	1.46625	1.50033	1.7201	1.7991	1.69046	1.46625	1.34952	1.34952	1.50033	1.7201	1.7991	1.69046	1.46625	1.50033	1.7201	1.69046	1.46625	1.34952	1.34952	1.34952	1.42248	1.42248	1.24219	1.01845	1.06695	1.28225	1.34952	1.24219	1.01845	1.06695	1.28225	1.24219	1.01845	1.06695	1.28225	1.24219	1.01845	0.89977	1.06695	1.28225	1.42248	1.42248	1.34952	1.42248	1.42248	1.50033	1.7201	1.85442	1.85442	1.7991	1.69046	1.46625	1.50033	1.63729	1.36812	1.01845	1.06695	1.28225	1.24219	0.927453	0.57352	0.655826	1.11332	1.00594	0.795305	0.811035	0.856552	1.00594	1.27231	1.00594	0.89977	1.00594	1.00594	1.00594	1.00594	1.00594	1.27231	1.27231	1.00594	1.00594	1.27231	1.00594	1.00594	1.00594	1.59816	1.74917	1.42248	1.42248	1.42248	1.62174	1.42248	1.35883	1.15788	1.00594	1.27231	1.59816	1.46621	1.35883	1.43129	1.00594	1.00594	1.00594	0.967476	1.15783	0.636235	0.967452	1.46616	1.27231	1.00594	1.00594	1.00594	1.00594	1.27231	1.00594	1.00594	1.00594	1.59816	1.74917	1.35883	1.15788	1.00594	1.27231
0.899615	0.449835	0.899615	1.34928	0.449835	0.449835	0.449835	0.449835	0.899615	1.34928	0.899615	0.449835	0.899615	0.449835	0.449835	0.449835	0.449835	0.899615	0.449835	0.449835	0.449835	0.449835	0.449835	0.449835	0.449835	0.449835	0.899615	0.449835	0.449835	0.449835	0.899615	0.899615	0.449835	0.449835	0.449835	0.899615	0.449835	0.449835	0.449835	0.449835	0.899615	0.899615	0.449835	0.449835	0.899615	0.449835	0.449835	0.449835	0.449835	0.899615	0.449835	0.449835	0.899615	0.899615	0.449835	0.449835	0.449835	0.449835	0.899615	0.449835	0.449835	0.449835	0.899615	0.899615	0.449835	0.449835	0	0.449835	0.449835	0.449835	0.449835	0.449835	0.899615	0.449835	0	0.449835	0.899615	0.449835	0	0.449835	0.449835	0.449835	0.449835	0	0.449835	0.449835	0	0.449835	0.449835	0	0	0	0.449835	0.449835	0.449835	0.449835	0	0	0	0.449835	0.449835	0	0	0.449835	0.449835	0	0.449835	0.449835	0	0	0	0.449835	0.449835	0	0.449835	0.449835	0	0.449835	0.449835	0	0.449835	0.449835	0	0	0.449835	0.449835	0.449835	0.449835	0	0	0	0.449835	0.449835	0	0	0.449835	0.449835	0	0	0	0	0	0.449835	0.449835	0	0	0	0.449835	0.449835	0	0	0	0	0	0.449835	0.449835	0	0	0.449835	0.449835	0	0	0	0.449835	0.449835	0	0	0.449835	0.449835	0	0	0	0.449835	0.449835	0.449835	0.449835	0	0.449835	0.449835	0.449835	0.449835	0.449835	0.449835	0	0	0	0.449835	0.449835	0	0	0.449835	0.449835	0	0	0	0.449835	0.899615	0.449835	0	0.449835	0.449835	0.449835	0.899615	0.449835	0	0.449835	0.449835	0.449835	0.449835	0.449835	0.899615	0.899615	0.449835	0.449835	0.899615	0.449835	0.449835	0.449835	1.34928	1.34928	0.449835	0.449835	0.449835	0.899615	0.449835	0.449835	0.449835	0.449835	0.899615	1.34928	0.899615	0.449835	0.899615	0.449835	0.449835	0.449835	0.449835	0.899615	0.449835	0.899615	1.34928	0.899615	0.449835	0.449835	0.449835	0.449835	0.899615	0.449835	0.449835	0.449835	1.34928	1.34928	0.449835	0.449835	0.449835	0.899615
0.89953	0.449793	0.89953	1.34916	0.449793	0.449793	0.449793	0.449793	0.89953	1.34916	0.89953	0.449793	0.89953	0.449793	0.449793	0.449793	0.449793	0.89953	0.449793	0.449793	0.449793	0.449793	0.449793	0.449793	0.449793	0.449793	0.89953	0.449793	0.449793	0.449793	0.89953	0.89953	0.449793	0.449793	0.449793	0.89953	0.449793	0.449793	0.449793	0.449793	0.89953	0.89953	0.449793	0.449793	0.89953	0.449793	0.449793	0.449793	0.449793	0.89953	0.449793	0.449793	0.89953	0.89953	0.449793	0.449793	0.449793	0.449793	0.89953	0.449793	0.449793	0.449793	0.89953	0.89953	0.449793	0.449793	0	0.449793	0.449793	0.449793	0.449793	0.449793	0.89953	0.449793	0	0.449793	0.89953	0.449793	0	0.449793	0.449793	0.449793	0.449793	0	0.449793	0.449793	0	0.449793	0.449793	0	0	0	0.449793	0.449793	0.449793	0.449793	0	0	0	0.449793	0.449793	0	0	0.449793	0.449793	0	0.449793	0.449793	0	0	0	0.449793	0.449793	0	0.449793	0.449793	0	0.449793	0.449793	0	0.449793	0.449793	0	0	0.449793	0.449793	0.449793	0.449793	0	0	0	0.449793	0.449793	0	0	0.449793	0.449793	0	0	0	0	0	0.449793	0.449793	0	0	0	0.449793	0.449793	0	0	0	0	0	0.449793	0.449793	0	0	0.449793	0.449793	0	0	0	0.449793	0.449793	0	0	0.449793	0.449793	0	0	0	0.449793	0.449793	0.449793	0.449793	0	0.449793	0.449793	0.449793	0.449793	0.449793	0.449793	0	0	0	0.449793	0.449793	0	0	0.449793	0.449793	0	0	0	0.449793	0.89953	0.449793	0	0.449793	0.449793	0.449793	0.89953	0.449793	0	0.449793	0.449793	0.449793	0.449793	0.449793	0.89953	0.89953	0.449793	0.449793	0.89953	0.449793	0.449793	0.449793	1.34916	1.34916	0.449793	0.449793	0.449793	0.89953	0.449793	0.449793	0.449793	0.449793	0.89953	1.34916	0.89953	0.449793	0.89953	0.449793	0.449793	0.449793	0.449793	0.89953	0.449793	0.89953	1.34916	0.89953	0.449793	0.449793	0.449793	0.449793	0.89953	0.449793	0.449793	0.449793	1.34916	1.34916	0.449793	0.449793	0.449793	0.89953
0.899445	0.44975	0.899445	1.34903	0.44975	0.44975	0.44975	0.44975	0.899445	1.34903	0.899445	0.44975	0.899445	0.44975	0.44975	0.44975	0.44975	0.899445	0.44975	0.44975	0.44975	0.44975	0.44975	0.44975	0.44975	0.44975	0.899445	0.44975	0.44975	0.44975	0.899445	0.899445	0.44975	0.44975	0.44975	0.899445	0.44975	0.44975	0.44975	0.44975	0.899445	0.899445	0.44975	0.44975	0.899445	0.44975	0.44975	0.44975	0.44975	0.899445	0.44975	0.44975	0.899445	0.899445	0.44975	0.44975	0.44975	0.44975	0.899445	0.44975	0.44975	0.44975	0.899445	0.899445	0.44975	0.44975	0	0.44975	0.44975	0.44975	0.44975	0.44975	0.899445	0.44975	0	0.44975	0.899445	0.44975	0	0.44975	0.44975	0.44975	0.44975	0	0.44975	0.44975	0	0.44975	0.44975	0	0	0	0.44975	0.44975	0.44975	0.44975	0	0	0	0.44975	0.44975	0	0	0.44975	0.44975	0	0.44975	0.44975	0	0	0	0.44975	0.44975	0	0.44975	0.44975	0	0.44975	0.44975	0	0.44975	0.44975	0	0	0.44975	0.44975	0.44975	0.44975	0	0	0	0.44975	0.44975	0	0	0.44975	0.44975	0	0	0	0	0	0.44975	0.44975	0	0	0	0.44975	0.44975	0	0	0	0	0	0.44975	0.44975	0	0	0.44975	0.44975	0	0	0	0.44975	0.44975	0	0	0.44975	0.44975	0	0	0	0.44975	0.44975	0.44975	0.44975	0	0.44975	0.44975	0.44975	0.44975	0.44975	0.44975	0	0	0	0.44975	0.44975	0	0	0.44975	0.44975	0	0	0	0.44975	0.899445	0.44975	0	0.44975	0.44975	0.44975	0.899445	0.44975	0	0.44975	0.44975	0.44975	0.44975	0.44975	0.899445	0.899445	0.44975	0.44975	0.899445	0.44975	0.44975	0.44975	1.34903	1.34903	0.44975	0.44975	0.44975	0.899445	0.44975	0.44975	0.44975	0.44975	0.899445	1.34903	0.899445	0.44975	0.899445	0.44975	0.44975	0.44975	0.44975	0.899445	0.44975	0.899445	1.34903	0.899445	0.44975	0.44975	0.44975	0.44975	0.899445	0.44975	0.44975	0.44975	1.34903	1.34903	0.44975	0.44975	0.44975	0.899445
0.899361	0.449708	0.899361	1.3489	0.449708	0.449708	0.449708	0.449708	0.899361	1.3489	0.899361	0.449708	0.899361	0.449708	0.449708	0.449708	0.449708	0.899361	0.449708	0.449708	0.449708	0.449708	0.449708	0.449708	0.449708	0.449708	0.899361	0.449708	0.449708	0.449708	0.899361	0.899361	0.449708	0.449708	0.449708	0.899361	0.449708	0.449708	0.449708	0.449708	0.899361	0.899361	0.449708	0.449708	0.899361	0.449708	0.449708	0.449708	0.449708	0.899361	0.449708	0.449708	0.899361	0.899361	0.449708	0.449708	0.449708	0.449708	0.899361	0.449708	0.449708	0.449708	0.899361	0.899361	0.449708	0.449708	0	0.449708	0.449708	0.449708	0.449708	0.449708	0.899361	0.449708	0	0.449708	0.899361	0.449708	0	0.449708	0.449708	0.449708	0.449708	0	0.449708	0.449708	0	0.449708	0.449708	0	0	0	0.449708	0.449708	0.449708	0.449708	0	0	0	0.449708	0.449708	0	0	0.449708	0.449708	0	0.449708	0.449708	0	0	0	0.449708	0.449708	0	0.449708	0.449708	0	0.449708	0.449708	0	0.449708	0.449708	0	0	0.449708	0.449708	0.449708	0.449708	0	0	0	0.449708	0.449708	0	0	0.449708	0.449708	0	0	0	0	0	0.449708	0.449708	0	0	0	0.449708	0.449708	0	0	0	0	0	0.449708	0.449708	0	0	0.449708	0.449708	0	0	0	0.449708	0.449708	0	0	0.449708	0.449708	0	0	0	0.449708	0.449708	0.449708	0.449708	0	0.449708	0.449708	0.449708	0.449708	0.449708	0.449708	0	0	0	0.449708	0.449708	0	0	0.449708	0.449708	0	0	0	0.449708	0.899361	0.449708	0	0.449708	0.449708	0.449708	0.899361	0.449708	0	0.449708	0.449708	0.449708	0.449708	0.449708	0.899361	0.899361	0.449708	0.449708	0.899361	0.449708	0.449708	0.449708	1.3489	1.3489	0.449708	0.449708	0.449708	0.899361	0.449708	0.449708	0.449708	0.449708	0.899361	1.3489	0.899361	0.449708	0.899361	0.449708	0.449708	0.449708	0.449708	0.899361	0.449708	0.899361	1.3489	0.899361	0.449708	0.449708	0.449708	0.449708	0.899361	0.449708	0.449708	0.449708	1.3489	1.3489	0.449708	0.449708	0.449708	0.899361
0.899276	0.449666	0.899276	1.34878	0.449666	0.449666	0.449666	0.449666	0.899276	1.34878	0.899276	0.449666	0.899276	0.449666	0.449666	0.449666	0.449666	0.899276	0.449666	0.449666	0.449666	0.449666	0.449666	0.449666	0.449666	0.449666	0.899276	0.449666	0.449666	0.449666	0.899276	0.899276	0.449666	0.449666	0.449666	0.899276	0.449666	0.449666	0.449666	0.449666	0.899276	0.899276	0.449666	0.449666	0.899276	0.449666	0.449666	0.449666	0.449666	0.899276	0.449666	0.449666	0.899276	0.899276	0.449666	0.449666	0.449666	0.449666	0.899276	0.449666	0.449666	0.449666	0.899276	0.899276	0.449666	0.449666	0	0.449666	0.449666	0.449666	0.449666	0.449666	0.899276	0.449666	0	0.449666	0.899276	0.449666	0	0.449666	0.449666	0.449666	0.449666	0	0.449666	0.449666	0	0.449666	0.449666	0	0	0	0.449666	0.449666	0.449666	0.449666	0	0	0	0.449666	0.449666	0	0	0.449666	0.449666	0	0.449666	0.449666	0	0	0	0.449666	0.449666	0	0.449666	0.449666	0	0.449666	0.449666	0	0.449666	0.449666	0	0	0.449666	0.449666	0.449666	0.449666	0	0	0	0.449666	0.449666	0	0	0.449666	0.449666	0	0	0	0	0	0.449666	0.449666	0	0	0	0.449666	0.449666	0	0	0	0	0	0.449666	0.449666	0	0	0.449666	0.449666	0	0	0	0.449666	0.449666	0	0	0.449666	0.449666	0	0	0	0.449666	0.449666	0.449666	0.449666	0	0.449666	0.449666	0.449666	0.449666	0.449666	0.449666	0	0	0	0.449666	0.449666	0	0	0.449666	0.449666	0	0	0	0.449666	0.899276	0.449666	0	0.449666	0.449666	0.449666	0.899276	0.449666	0	0.449666	0.449666	0.449666	0.449666	0.449666	0.899276	0.899276	0.449666	0.449666	0.899276	0.449666	0.449666	0.449666	1.34878	1.34878	0.449666	0.449666	0.449666	0.899276	0.449666	0.449666	0.449666	0.449666	0.899276	1.34878	0.899276	0.449666	0.899276	0.449666	0.449666	0.449666	0.449666	0.899276	0.449666	0.899276	1.34878	0.899276	0.449666	0.449666	0.449666	0.449666	0.899276	0.449666	0.449666	0.449666	1.34878	1.34878	0.449666	0.449666	0.449666	0.899276
0.899191	0.449623	0.899191	1.34865	0.449623	0.449623	0.449623	0.449623	0.899191	1.34865	0.899191	0.449623	0.899191	0.449623	0.449623	0.449623	0.449623	0.899191	0.449623	0.449623	0.449623	0.449623	0.449623	0.449623	0.449623	0.449623	0.899191	0.449623	0.449623	0.449623	0.899191	0.899191	0.449623	0.449623	0.449623	0.899191	0.449623	0.449623	0.449623	0.449623	0.899191	0.899191	0.449623	0.449623	0.899191	0.449623	0.449623	0.449623	0.449623	0.899191	0.449623	0.449623	0.899191	0.899191	0.449623	0.449623	0.449623	0.449623	0.899191	0.449623	0.449623	0.449623	0.899191	0.899191	0.449623	0.449623	0	0.449623	0.449623	0.449623	0.449623	0.449623	0.899191	0.449623	0	0.449623	0.899191	0.449623	0	0.449623	0.449623	0.449623	0.449623	0	0.449623	0.449623	0	0.449623	0.449623	0	0	0	0.449623	0.449623	0.449623	0.449623	0	0	0	0.449623	0.449623	0	0	0.449623	0.449623	0	0.449623	0.449623	0	0	0	0.449623	0.449623	0	0.449623	0.449623	0	0.449623	0.449623	0	0.449623	0.449623	0	0	0.449623	0.449623	0.449623	0.449623	0	0	0	0.449623	0.449623	0	0	0.449623	0.449623	0	0	0	0	0	0.449623	0.449623	0	0	0	0.449623	0.449623	0	0	0	0	0	0.449623	0.449623	0	0	0.449623	0.449623	0	0	0	0.449623	0.449623	0	0	0.449623	0.449623	0	0	0	0.449623	0.449623	0.449623	0.449623	0	0.449623	0.449623	0.449623	0.449623	0.449623	0.449623	0	0	0	0.449623	0.449623	0	0	0.449623	0.449623	0	0	0	0.449623	0.899191	0.449623	0	0.449623	0.449623	0.449623	0.899191	0.449623	0	0.449623	0.449623	0.449623	0.449623	0.449623	0.899191	0.899191	0.449623	0.449623	0.899191	0.449623	0.449623	0.449623	1.34865	1.34865	0.449623	0.449623	0.449623	0.899191	0.449623	0.449623	0.449623	0.449623	0.899191	1.34865	0.899191	0.449623	0.899191	0.449623	0.449623	0.449623	0.449623	0.899191	0.449623	0.899191	1.34865	0.899191	0.449623	0.449623	0.449623	0.449623	0.899191	0.449623	0.449623	0.449623	1.34865	1.34865	0.449623	0.449623	0.449623	0.899191
0.899107	0.449581	0.899107	1.34852	0.449581	0.449581	0.449581	0.449581	0.899107	1.34852	0.899107	0.449581	0.899107	0.449581	0.449581	0.449581	0.449581	0.899107	0.449581	0.449581	0.449581	0.449581	0.449581	0.449581	0.449581	0.449581	0.899107	0.449581	0.449581	0.449581	0.899107	0.899107	0.449581	0.449581	0.449581	0.899107	0.449581	0.449581	0.449581	0.449581	0.899107	0.899107	0.449581	0.449581	0.899107	0.449581	0.449581	0.449581	0.449581	0.899107	0.449581	0.449581	0.899107	0.899107	0.449581	0.449581	0.449581	0.449581	0.899107	0.449581	0.449581	0.449581	0.899107	0.899107	0.449581	0.449581	0	0.449581	0.449581	0.449581	0.449581	0.449581	0.899107	0.449581	0	0.449581	0.899107	0.449581	0	0.449581	0.449581	0.449581	0.449581	0	0.449581	0.449581	0	0.449581	0.449581	0	0	0	0.449581	0.449581	0.449581	0.449581	0	0	0	0.449581	0.449581	0	0	0.449581	0.449581	0	0.449581	0.449581	0	0	0	0.449581	0.449581	0	0.449581	0.449581	0	0.449581	0.449581	0	0.449581	0.449581	0	0	0.449581	0.449581	0.449581	0.449581	0	0	0	0.449581	0.449581	0	0	0.449581	0.449581	0	0	0	0	0	0.449581	0.449581	0	0	0	0.449581	0.449581	0	0	0	0	0	0.449581	0.449581	0	0	0.449581	0.449581	0	0	0	0.449581	0.449581	0	0	0.449581	0.449581	0	0	0	0.449581	0.449581	0.449581	0.449581	0	0.449581	0.449581	0.449581	0.449581	0.449581	0.449581	0	0	0	0.449581	0.449581	0	0	0.449581	0.449581	0	0	0	0.449581	0.899107	0.449581	0	0.449581	0.449581	0.449581	0.899107	0.449581	0	0.449581	0.449581	0.449581	0.449581	0.449581	0.899107	0.899107	0.449581	0.449581	0.899107	0.449581	0.449581	0.449581	1.34852	1.34852	0.449581	0.449581	0.449581	0.899107	0.449581	0.449581	0.449581	0.449581	0.899107	1.34852	0.899107	0.449581	0.899107	0.449581	0.449581	0.449581	0.449581	0.899107	0.449581	0.899107	1.34852	0.899107	0.449581	0.449581	0.449581	0.449581	0.899107	0.449581	0.449581	0.449581	1.34852	1.34852	0.449581	0.449581	0.449581	0.899107
0.899022	0.449539	0.899022	1.34839	0.449539	0.449539	0.449539	0.449539	0.899022	1.34839	0.899022	0.449539	0.899022	0.449539	0.449539	0.449539	0.449539	0.899022	0.449539	0.449539	0.449539	0.449539	0.449539	0.449539	0.449539	0.449539	0.899022	0.449539	0.449539	0.449539	0.899022	0.899022	0.449539	0.449539	0.449539	0.899022	0.449539	0.449539	0.449539	0.449539	0.899022	0.899022	0.449539	0.449539	0.899022	0.449539	0.449539	0.449539	0.449539	0.899022	0.449539	0.449539	0.899022	0.899022	0.449539	0.449539	0.449539	0.449539	0.899022	0.449539	0.449539	0.449539	0.899022	0.899022	0.449539	0.449539	0	0.449539	0.449539	0.449539	0.449539	0.449539	0.899022	0.449539	0	0.449539	0.899022	0.449539	0	0.449539	0.449539	0.449539	0.449539	0	0.449539	0.449539	0	0.449539	0.449539	0	0	0	0.449539	0.449539	0.449539	0.449539	0	0	0	0.449539	0.449539	0	0	0.449539	0.449539	0	0.449539	0.449539	0	0	0	0.449539	0.449539	0	0.449539	0.449539	0	0.449539	0.449539	0	0.449539	0.449539	0	0	0.449539	0.449539	0.449539	0.449539	0	0	0	0.449539	0.449539	0	0	0.449539	0.449539	0	0	0	0	0	0.449539	0.449539	0	0	0	0.449539	0.449539	0	0	0	0	0	0.449539	0.449539	0	0	0.449539	0.449539	0	0	0	0.449539	0.449539	0	0	0.449539	0.449539	0	0	0	0.449539	0.449539	0.449539	0.449539	0	0.449539	0.449539	0.449539	0.449539	0.449539	0.449539	0	0	0	0.449539	0.449539	0	0	0.449539	0.449539	0	0	0	0.449539	0.899022	0.449539	0	0.449539	0.449539	0.449539	0.899022	0.449539	0	0.449539	0.449539	0.449539	0.449539	0.449539	0.899022	0.899022	0.449539	0.449539	0.899022	0.449539	0.449539	0.449539	1.34839	1.34839	0.449539	0.449539	0.449539	0.899022	0.449539	0.449539	0.449539	0.449539	0.899022	1.34839	0.899022	0.449539	0.899022	0.449539	0.449539	0.449539	0.449539	0.899022	0.449539	0.899022	1.34839	0.899022	0.449539	0.449539	0.449539	0.449539	0.899022	0.449539	0.449539	0.449539	1.34839	1.34839	0.449539	0.449539	0.449539	0.899022
0.898923	0.449489	0.898923	1.34825	0.449489	0.449489	0.449489	0.449489	0.898923	1.34825	0.898923	0.449489	0.898923	0.449489	0.449489	0.449489	0.449489	0.898923	0.449489	0.449489	0.449489	0.449489	0.449489	0.449489	0.449489	0.449489	0.898923	0.449489	0.449489	0.449489	0.898923	0.898923	0.449489	0.449489	0.449489	0.898923	0.449489	0.449489	0.449489	0.449489	0.898923	0.898923	0.449489	0.449489	0.898923	0.449489	0.449489	0.449489	0.449489	0.898923	0.449489	0.449489	0.898923	0.898923	0.449489	0.449489	0.449489	0.449489	0.898923	0.449489	0.449489	0.449489	0.898923	0.898923	0.449489	0.449489	0	0.449489	0.449489	0.449489	0.449489	0.449489	0.898923	0.449489	0	0.449489	0.898923	0.449489	0	0.449489	0.449489	0.449489	0.449489	0	0.449489	0.449489	0	0.449489	0.449489	0	0	0	0.449489	0.449489	0.449489	0.449489	0	0	0	0.449489	0.449489	0	0	0.449489	0.449489	0	0.449489	0.449489	0	0	0	0.449489	0.449489	0	0.449489	0.449489	0	0.449489	0.449489	0	0.449489	0.449489	0	0	0.449489	0.449489	0.449489	0.449489	0	0	0	0.449489	0.449489	0	0	0.449489	0.449489	0	0	0	0	0	0.449489	0.449489	0	0	0	0.449489	0.449489	0	0	0	0	0	0.449489	0.449489	0	0	0.449489	0.449489	0	0	0	0.449489	0.449489	0	0	0.449489	0.449489	0	0	0	0.449489	0.449489	0.449489	0.449489	0	0.449489	0.449489	0.449489	0.449489	0.449489	0.449489	0	0	0	0.449489	0.449489	0	0	0.449489	0.449489	0	0	0	0.449489	0.898923	0.449489	0	0.449489	0.449489	0.449489	0.898923	0.449489	0	0.449489	0.449489	0.449489	0.449489	0.449489	0.898923	0.898923	0.449489	0.449489	0.898923	0.449489	0.449489	0.449489	1.34825	1.34825	0.449489	0.449489	0.449489	0.898923	0.449489	0.449489	0.449489	0.449489	0.898923	1.34825	0.898923	0.449489	0.898923	0.449489	0.449489	0.449489	0.449489	0.898923	0.449489	0.898923	1.34825	0.898923	0.449489	0.449489	0.449489	0.449489	0.898923	0.449489	0.449489	0.449489	1.34825	1.34825	0.449489	0.449489	0.449489	0.898923
2.41912	2.29074	2.4859	2.86253	2.73207	2.73207	2.73207	2.73207	2.84048	3.06627	3.13124	3.17513	3.26878	3.17513	3.17513	3.17513	3.17513	3.26878	3.17513	3.17513	3.08267	2.86256	2.73207	2.73207	2.73207	2.73207	2.84048	2.73207	2.73207	2.73207	2.84048	2.84048	2.73207	2.73207	2.73207	2.84048	2.73207	2.73207	2.73207	2.73207	2.84048	2.84048	2.73207	2.73207	2.84048	2.73207	2.73207	2.73207	2.73207	2.84048	2.73207	2.73207	2.84048	2.84048	2.73207	2.73207	2.73207	2.73207	2.84048	2.73207	2.73207	2.73207	2.84048	2.84048	2.73207	2.73207	2.58526	2.42434	2.29074	2.20667	1.99044	1.85265	2.00933	1.77619	1.46484	1.42111	1.65867	1.71845	1.68884	1.56477	1.42111	1.42111	1.42111	1.34823	1.42111	1.35753	1.01747	1.00497	1.00497	0.898909	0.794544	0.572971	0.635626	0.655174	0.502502	0.476728	0.355347	0.224727	0.355347	0.476728	0.355325	0.158913	0.502526	0.810259	0.655199	0.572971	0.810259	0.655199	0.572971	0.794544	0.898909	1.00497	1.00497	0.898909	1.00497	1.00497	0.898909	1.00497	1.00497	1.01747	1.2101	1.06593	1.01747	1.241	1.42111	1.42111	1.42111	1.42111	1.34823	1.46484	1.68884	1.71845	1.49889	1.34823	1.46484	1.63572	1.49889	1.34823	1.34823	1.34823	1.46484	1.68884	1.71845	1.49889	1.34823	1.34823	1.34823	1.28103	1.06593	0.898909	0.898909	0.898909	1.01747	1.241	1.28103	1.06593	0.898909	0.898909	0.855732	0.655199	0.449482	0.572971	0.794544	0.855732	0.655199	0.449482	0.449482	0.635626	0.635626	0.449482	0.572971	0.794544	0.855732	0.655199	0.476728	0.502502	0.355347	0.476728	0.502502	0.502502	0.355325	0.449447	0.449447	0.158913	0.355347	0.449482	0.635626	0.794514	0.794544	0.898909	1.00497	1.00497	0.898909	1.01747	1.241	1.42111	1.46481	1.06593	1.01747	1.35753	1.42111	1.28103	1.281	1.00497	1.01747	1.35753	1.42111	1.42111	1.42111	1.42111	1.62019	1.62019	1.42111	1.56477	1.96491	1.85265	1.85265	1.85265	2.08927	1.91287	1.42111	1.42111	1.42111	1.62019	1.42111	1.42111	1.42111	1.42111	1.62019	1.7475	1.281	1.00497	1.2711	1.00497	1.00497	1.00497	1.00497	1.2711	1.00497	1.11225	1.35746	1.00493	0.635626	0.635626	0.635626	0.635626	1.00493	0.635626	0.635626	0.635626	1.28094	1.24091	0.449447	0.449447	0.449447	0.898839
2.41889	2.29052	2.42411	2.77295	2.73181	2.73181	2.73181	2.73181	2.84022	2.98282	3.08238	3.17483	3.26847	3.17483	3.17483	3.17483	3.17483	3.26847	3.17483	3.17483	3.13095	2.91456	2.73181	2.73181	2.73181	2.73181	2.84022	2.73181	2.73181	2.73181	2.84022	2.84022	2.73181	2.73181	2.73181	2.84022	2.73181	2.73181	2.73181	2.73181	2.84022	2.84022	2.73181	2.73181	2.84022	2.73181	2.73181	2.73181	2.73181	2.84022	2.73181	2.73181	2.84022	2.84022	2.73181	2.73181	2.73181	2.73181	2.84022	2.73181	2.73181	2.73181	2.84022	2.84022	2.73181	2.73181	2.60443	2.48567	2.29052	2.27395	2.06484	1.85247	2.00914	1.85925	1.49875	1.42098	1.56462	1.68869	1.71829	1.65852	1.42098	1.42098	1.42098	1.3481	1.42098	1.46467	1.06583	1.00488	1.00488	0.898825	0.855652	0.655137	0.635566	0.855605	0.502455	0.355313	0.476683	0.67409	0.476683	0.355313	0.158898	0.355291	0.810158	0.810182	0.572917	0.655137	0.810182	0.572917	0.655137	0.855652	0.898825	1.00488	1.00488	0.898825	1.00488	1.00488	0.898825	1.00488	1.00488	1.06583	1.20999	1.01738	1.06583	1.28091	1.42098	1.42098	1.42098	1.42098	1.3481	1.49875	1.71829	1.68869	1.46471	1.3481	1.49875	1.63557	1.46471	1.3481	1.3481	1.3481	1.49875	1.71829	1.68869	1.46471	1.3481	1.3481	1.3481	1.24089	1.01738	0.898825	0.898825	0.898825	1.06583	1.28091	1.24089	1.01738	0.898825	0.898825	0.794469	0.572917	0.44944	0.655137	0.855652	0.794469	0.572917	0.44944	0.44944	0.635566	0.635566	0.44944	0.655137	0.855652	0.794469	0.572917	0.355313	0.502455	0.476683	0.355313	0.502455	0.502455	0.158898	0.449405	0.449405	0.355291	0.476683	0.44944	0.635566	0.966435	0.855652	0.898825	1.00488	1.00488	0.898825	1.06583	1.28091	1.42098	1.35741	1.01738	1.06583	1.46467	1.42098	1.24089	1.15666	1.00488	1.06583	1.46467	1.42098	1.42098	1.42098	1.42098	1.62004	1.62004	1.42098	1.65852	2.08908	1.85247	1.85247	1.85247	1.96473	1.77599	1.42098	1.42098	1.42098	1.62004	1.42098	1.42098	1.42098	1.42098	1.62004	1.5965	1.15666	1.00488	1.27098	1.00488	1.00488	1.00488	1.00488	1.27098	1.00488	0.96646	1.15661	1.00483	0.635566	0.635566	0.635566	0.635566	1.00483	0.635566	0.635566	0.635566	1.06576	1.0173	0.449405	0.449405	0.449405	0.898754
0.89867	0.449362	0.449362	0.89867	0.449362	0.449362	0.449362	0.449362	0.89867	0.89867	0.449362	0.449362	0.89867	0.449362	0.449362	0.449362	0.449362	0.89867	0.449362	0.449362	0.89867	0.89867	0.449362	0.449362	0.449362	0.449362	0.89867	0.449362	0.449362	0.449362	0.89867	0.89867	0.449362	0.449362	0.449362	0.89867	0.449362	0.449362	0.449362	0.449362	0.89867	0.89867	0.449362	0.449362	0.89867	0.449362	0.449362	0.449362	0.449362	0.89867	0.449362	0.449362	0.89867	0.89867	0.449362	0.449362	0.449362	0.449362	0.89867	0.449362	0.449362	0.449362	0.89867	0.89867	0.449362	0.449362	0.449362	0.89867	0.449362	0.89867	0.89867	0.449362	0.89867	0.89867	0.449362	0.449362	0.449362	0	0.449362	0.89867	0.449362	0.449362	0.449362	0	0.449362	0.89867	0.449362	0.449362	0.449362	0	0.449362	0.449362	0.449362	0.89867	0.449362	0	0.449362	0.89867	0.449362	0	0	0.449362	0.89867	0.449362	0	0.449362	0.449362	0	0.449362	0.449362	0	0.449362	0.449362	0	0.449362	0.449362	0	0.449362	0.449362	0.449362	0.449362	0	0.449362	0.449362	0.449362	0.449362	0.449362	0.449362	0	0.449362	0.449362	0	0	0	0.449362	0.449362	0	0	0	0	0.449362	0.449362	0	0	0	0	0	0	0	0	0	0	0.449362	0.449362	0	0	0	0	0	0	0	0.449362	0.449362	0	0	0	0	0.449362	0.449362	0	0.449362	0.449362	0	0	0	0.449362	0.449362	0	0.449362	0.449362	0	0.449362	0.449362	0.449362	0.449362	0	0.449362	0.89867	0.449362	0	0.449362	0.449362	0	0.449362	0.449362	0.449362	0.449362	0	0.449362	0.89867	0.449362	0	0.449362	0.449362	0.449362	0.89867	0.449362	0.449362	0.449362	0.449362	0.89867	0.89867	0.449362	0.89867	1.34787	0.449362	0.449362	0.449362	0.89867	0.89867	0.449362	0.449362	0.449362	0.89867	0.449362	0.449362	0.449362	0.449362	0.89867	0.89867	0.449362	0.449362	0.89867	0.449362	0.449362	0.449362	0.449362	0.89867	0.449362	0.449362	0.89867	0.89867	0.449362	0.449362	0.449362	0.449362	0.89867	0.449362	0.449362	0.449362	0.89867	0.89867	0.449362	0.449362	0.449362	0.89867
0.898585	0.44932	0.44932	0.898585	0.44932	0.44932	0.44932	0.44932	0.898585	0.898585	0.44932	0.44932	0.898585	0.44932	0.44932	0.44932	0.44932	0.898585	0.44932	0.44932	0.898585	0.898585	0.44932	0.44932	0.44932	0.44932	0.898585	0.44932	0.44932	0.44932	0.898585	0.898585	0.44932	0.44932	0.44932	0.898585	0.44932	0.44932	0.44932	0.44932	0.898585	0.898585	0.44932	0.44932	0.898585	0.44932	0.44932	0.44932	0.44932	0.898585	0.44932	0.44932	0.898585	0.898585	0.44932	0.44932	0.44932	0.44932	0.898585	0.44932	0.44932	0.44932	0.898585	0.898585	0.44932	0.44932	0.44932	0.898585	0.44932	0.898585	0.898585	0.44932	0.898585	0.898585	0.44932	0.44932	0.44932	0	0.44932	0.898585	0.44932	0.44932	0.44932	0	0.44932	0.898585	0.44932	0.44932	0.44932	0	0.44932	0.44932	0.44932	0.898585	0.44932	0	0.44932	0.898585	0.44932	0	0	0.44932	0.898585	0.44932	0	0.44932	0.44932	0	0.44932	0.44932	0	0.44932	0.44932	0	0.44932	0.44932	0	0.44932	0.44932	0.44932	0.44932	0	0.44932	0.44932	0.44932	0.44932	0.44932	0.44932	0	0.44932	0.44932	0	0	0	0.44932	0.44932	0	0	0	0	0.44932	0.44932	0	0	0	0	0	0	0	0	0	0	0.44932	0.44932	0	0	0	0	0	0	0	0.44932	0.44932	0	0	0	0	0.44932	0.44932	0	0.44932	0.44932	0	0	0	0.44932	0.44932	0	0.44932	0.44932	0	0.44932	0.44932	0.44932	0.44932	0	0.44932	0.898585	0.44932	0	0.44932	0.44932	0	0.44932	0.44932	0.44932	0.44932	0	0.44932	0.898585	0.44932	0	0.44932	0.44932	0.44932	0.898585	0.44932	0.44932	0.44932	0.44932	0.898585	0.898585	0.44932	0.898585	1.34774	0.44932	0.44932	0.44932	0.898585	0.898585	0.44932	0.44932	0.44932	0.898585	0.44932	0.44932	0.44932	0.44932	0.898585	0.898585	0.44932	0.44932	0.898585	0.44932	0.44932	0.44932	0.44932	0.898585	0.44932	0.44932	0.898585	0.898585	0.44932	0.44932	0.44932	0.44932	0.898585	0.44932	0.44932	0.44932	0.898585	0.898585	0.44932	0.44932	0.44932	0.898585
0.8985	0.449278	0.449278	0.8985	0.449278	0.449278	0.449278	0.449278	0.8985	0.8985	0.449278	0.449278	0.8985	0.449278	0.449278	0.449278	0.449278	0.8985	0.449278	0.449278	0.8985	0.8985	0.449278	0.449278	0.449278	0.449278	0.8985	0.449278	0.449278	0.449278	0.8985	0.8985	0.449278	0.449278	0.449278	0.8985	0.449278	0.449278	0.449278	0.449278	0.8985	0.8985	0.449278	0.449278	0.8985	0.449278	0.449278	0.449278	0.449278	0.8985	0.449278	0.449278	0.8985	0.8985	0.449278	0.449278	0.449278	0.449278	0.8985	0.449278	0.449278	0.449278	0.8985	0.8985	0.449278	0.449278	0.449278	0.8985	0.449278	0.8985	0.8985	0.449278	0.8985	0.8985	0.449278	0.449278	0.449278	0	0.449278	0.8985	0.449278	0.449278	0.449278	0	0.449278	0.8985	0.449278	0.449278	0.449278	0	0.449278	0.449278	0.449278	0.8985	0.449278	0	0.449278	0.8985	0.449278	0	0	0.449278	0.8985	0.449278	0	0.449278	0.449278	0	0.449278	0.449278	0	0.449278	0.449278	0	0.449278	0.449278	0	0.449278	0.449278	0.449278	0.449278	0	0.449278	0.449278	0.449278	0.449278	0.449278	0.449278	0	0.449278	0.449278	0	0	0	0.449278	0.449278	0	0	0	0	0.449278	0.449278	0	0	0	0	0	0	0	0	0	0	0.449278	0.449278	0	0	0	0	0	0	0	0.449278	0.449278	0	0	0	0	0.449278	0.449278	0	0.449278	0.449278	0	0	0	0.449278	0.449278	0	0.449278	0.449278	0	0.449278	0.449278	0.449278	0.449278	0	0.449278	0.8985	0.449278	0	0.449278	0.449278	0	0.449278	0.449278	0.449278	0.449278	0	0.449278	0.8985	0.449278	0	0.449278	0.449278	0.449278	0.8985	0.449278	0.449278	0.449278	0.449278	0.8985	0.8985	0.449278	0.8985	1.34761	0.449278	0.449278	0.449278	0.8985	0.8985	0.449278	0.449278	0.449278	0.8985	0.449278	0.449278	0.449278	0.449278	0.8985	0.8985	0.449278	0.449278	0.8985	0.449278	0.449278	0.449278	0.449278	0.8985	0.449278	0.449278	0.8985	0.8985	0.449278	0.449278	0.449278	0.449278	0.8985	0.449278	0.449278	0.449278	0.8985	0.8985	0.449278	0.449278	0.449278	0.8985
0.898416	0.449236	0.449236	0.898416	0.449236	0.449236	0.449236	0.449236	0.898416	0.898416	0.449236	0.449236	0.898416	0.449236	0.449236	0.449236	0.449236	0.898416	0.449236	0.449236	0.898416	0.898416	0.449236	0.449236	0.449236	0.449236	0.898416	0.449236	0.449236	0.449236	0.898416	0.898416	0.449236	0.449236	0.449236	0.898416	0.449236	0.449236	0.449236	0.449236	0.898416	0.898416	0.449236	0.449236	0.898416	0.449236	0.449236	0.449236	0.449236	0.898416	0.449236	0.449236	0.898416	0.898416	0.449236	0.449236	0.449236	0.449236	0.898416	0.449236	0.449236	0.449236	0.898416	0.898416	0.449236	0.449236	0.449236	0.898416	0.449236	0.898416	0.898416	0.449236	0.898416	0.898416	0.449236	0.449236	0.449236	0	0.449236	0.898416	0.449236	0.449236	0.449236	0	0.449236	0.898416	0.449236	0.449236	0.449236	0	0.449236	0.449236	0.449236	0.898416	0.449236	0	0.449236	0.898416	0.449236	0	0	0.449236	0.898416	0.449236	0	0.449236	0.449236	0	0.449236	0.449236	0	0.449236	0.449236	0	0.449236	0.449236	0	0.449236	0.449236	0.449236	0.449236	0	0.449236	0.449236	0.449236	0.449236	0.449236	0.449236	0	0.449236	0.449236	0	0	0	0.449236	0.449236	0	0	0	0	0.449236	0.449236	0	0	0	0	0	0	0	0	0	0	0.449236	0.449236	0	0	0	0	0	0	0	0.449236	0.449236	0	0	0	0	0.449236	0.449236	0	0.449236	0.449236	0	0	0	0.449236	0.449236	0	0.449236	0.449236	0	0.449236	0.449236	0.449236	0.449236	0	0.449236	0.898416	0.449236	0	0.449236	0.449236	0	0.449236	0.449236	0.449236	0.449236	0	0.449236	0.898416	0.449236	0	0.449236	0.449236	0.449236	0.898416	0.449236	0.449236	0.449236	0.449236	0.898416	0.898416	0.449236	0.898416	1.34749	0.449236	0.449236	0.449236	0.898416	0.898416	0.449236	0.449236	0.449236	0.898416	0.449236	0.449236	0.449236	0.449236	0.898416	0.898416	0.449236	0.449236	0.898416	0.449236	0.449236	0.449236	0.449236	0.898416	0.449236	0.449236	0.898416	0.898416	0.449236	0.449236	0.449236	0.449236	0.898416	0.449236	0.449236	0.449236	0.898416	0.898416	0.449236	0.449236	0.449236	0.898416
0.898331	0.449193	0.449193	0.898331	0.449193	0.449193	0.449193	0.449193	0.898331	0.898331	0.449193	0.449193	0.898331	0.449193	0.449193	0.449193	0.449193	0.898331	0.449193	0.449193	0.898331	0.898331	0.449193	0.449193	0.449193	0.449193	0.898331	0.449193	0.449193	0.449193	0.898331	0.898331	0.449193	0.449193	0.449193	0.898331	0.449193	0.449193	0.449193	0.449193	0.898331	0.898331	0.449193	0.449193	0.898331	0.449193	0.449193	0.449193	0.449193	0.898331	0.449193	0.449193	0.898331	0.898331	0.449193	0.449193	0.449193	0.449193	0.898331	0.449193	0.449193	0.449193	0.898331	0.898331	0.449193	0.449193	0.449193	0.898331	0.449193	0.898331	0.898331	0.449193	0.898331	0.898331	0.449193	0.449193	0.449193	0	0.449193	0.898331	0.449193	0.449193	0.449193	0	0.449193	0.898331	0.449193	0.449193	0.449193	0	0.449193	0.449193	0.449193	0.898331	0.449193	0	0.449193	0.898331	0.449193	0	0	0.449193	0.898331	0.449193	0	0.449193	0.449193	0	0.449193	0.449193	0	0.449193	0.449193	0	0.449193	0.449193	0	0.449193	0.449193	0.449193	0.449193	0	0.449193	0.449193	0.449193	0.449193	0.449193	0.449193	0	0.449193	0.449193	0	0	0	0.449193	0.449193	0	0	0	0	0.449193	0.449193	0	0	0	0	0	0	0	0	0	0	0.449193	0.449193	0	0	0	0	0	0	0	0.449193	0.449193	0	0	0	0	0.449193	0.449193	0	0.449193	0.449193	0	0	0	0.449193	0.449193	0	0.449193	0.449193	0	0.449193	0.449193	0.449193	0.449193	0	0.449193	0.898331	0.449193	0	0.449193	0.449193	0	0.449193	0.449193	0.449193	0.449193	0	0.449193	0.898331	0.449193	0	0.449193	0.449193	0.449193	0.898331	0.449193	0.449193	0.449193	0.449193	0.898331	0.898331	0.449193	0.898331	1.34736	0.449193	0.449193	0.449193	0.898331	0.898331	0.449193	0.449193	0.449193	0.898331	0.449193	0.449193	0.449193	0.449193	0.898331	0.898331	0.449193	0.449193	0.898331	0.449193	0.449193	0.449193	0.449193	0.898331	0.449193	0.449193	0.898331	0.898331	0.449193	0.449193	0.449193	0.449193	0.898331	0.449193	0.449193	0.449193	0.898331	0.898331	0.449193	0.449193	0.449193	0.898331
0.898247	0.449151	0.449151	0.898247	0.449151	0.449151	0.449151	0.449151	0.898247	0.898247	0.449151	0.449151	0.898247	0.449151	0.449151	0.449151	0.449151	0.898247	0.449151	0.449151	0.898247	0.898247	0.449151	0.449151	0.449151	0.449151	0.898247	0.449151	0.449151	0.449151	0.898247	0.898247	0.449151	0.449151	0.449151	0.898247	0.449151	0.449151	0.449151	0.449151	0.898247	0.898247	0.449151	0.449151	0.898247	0.449151	0.449151	0.449151	0.449151	0.898247	0.449151	0.449151	0.898247	0.898247	0.449151	0.449151	0.449151	0.449151	0.898247	0.449151	0.449151	0.449151	0.898247	0.898247	0.449151	0.449151	0.449151	0.898247	0.449151	0.898247	0.898247	0.449151	0.898247	0.898247	0.449151	0.449151	0.449151	0	0.449151	0.898247	0.449151	0.449151	0.449151	0	0.449151	0.898247	0.449151	0.449151	0.449151	0	0.449151	0.449151	0.449151	0.898247	0.449151	0	0.449151	0.898247	0.449151	0	0	0.449151	0.898247	0.449151	0	0.449151	0.449151	0	0.449151	0.449151	0	0.449151	0.449151	0	0.449151	0.449151	0	0.449151	0.449151	0.449151	0.449151	0	0.449151	0.449151	0.449151	0.449151	0.449151	0.449151	0	0.449151	0.449151	0	0	0	0.449151	0.449151	0	0	0	0	0.449151	0.449151	0	0	0	0	0	0	0	0	0	0	0.449151	0.449151	0	0	0	0	0	0	0	0.449151	0.449151	0	0	0	0	0.449151	0.449151	0	0.449151	0.449151	0	0	0	0.449151	0.449151	0	0.449151	0.449151	0	0.449151	0.449151	0.449151	0.449151	0	0.449151	0.898247	0.449151	0	0.449151	0.449151	0	0.449151	0.449151	0.449151	0.449151	0	0.449151	0.898247	0.449151	0	0.449151	0.449151	0.449151	0.898247	0.449151	0.449151	0.449151	0.449151	0.898247	0.898247	0.449151	0.898247	1.34723	0.449151	0.449151	0.449151	0.898247	0.898247	0.449151	0.449151	0.449151	0.898247	0.449151	0.449151	0.449151	0.449151	0.898247	0.898247	0.449151	0.449151	0.898247	0.449151	0.449151	0.449151	0.449151	0.898247	0.449151	0.449151	0.898247	0.898247	0.449151	0.449151	0.449151	0.449151	0.898247	0.449151	0.449151	0.449151	0.898247	0.898247	0.449151	0.449151	0.449151	0.898247
0.898162	0.449109	0.449109	0.898162	0.449109	0.449109	0.449109	0.449109	0.898162	0.898162	0.449109	0.449109	0.898162	0.449109	0.449109	0.449109	0.449109	0.898162	0.449109	0.449109	0.898162	0.898162	0.449109	0.449109	0.449109	0.449109	0.898162	0.449109	0.449109	0.449109	0.898162	0.898162	0.449109	0.449109	0.449109	0.898162	0.449109	0.449109	0.449109	0.449109	0.898162	0.898162	0.449109	0.449109	0.898162	0.449109	0.449109	0.449109	0.449109	0.898162	0.449109	0.449109	0.898162	0.898162	0.449109	0.449109	0.449109	0.449109	0.898162	0.449109	0.449109	0.449109	0.898162	0.898162	0.449109	0.449109	0.449109	0.898162	0.449109	0.898162	0.898162	0.449109	0.898162	0.898162	0.449109	0.449109	0.449109	0	0.449109	0.898162	0.449109	0.449109	0.449109	0	0.449109	0.898162	0.449109	0.449109	0.449109	0	0.449109	0.449109	0.449109	0.898162	0.449109	0	0.449109	0.898162	0.449109	0	0	0.449109	0.898162	0.449109	0	0.449109	0.449109	0	0.449109	0.449109	0	0.449109	0.449109	0	0.449109	0.449109	0	0.449109	0.449109	0.449109	0.449109	0	0.449109	0.449109	0.449109	0.449109	0.449109	0.449109	0	0.449109	0.449109	0	0	0	0.449109	0.449109	0	0	0	0	0.449109	0.449109	0	0	0	0	0	0	0	0	0	0	0.449109	0.449109	0	0	0	0	0	0	0	0.449109	0.449109	0	0	0	0	0.449109	0.449109	0	0.449109	0.449109	0	0	0	0.449109	0.449109	0	0.449109	0.449109	0	0.449109	0.449109	0.449109	0.449109	0	0.449109	0.898162	0.449109	0	0.449109	0.449109	0	0.449109	0.449109	0.449109	0.449109	0	0.449109	0.898162	0.449109	0	0.449109	0.449109	0.449109	0.898162	0.449109	0.449109	0.449109	0.449109	0.898162	0.898162	0.449109	0.898162	1.34711	0.449109	0.449109	0.449109	0.898162	0.898162	0.449109	0.449109	0.449109	0.898162	0.449109	0.449109	0.449109	0.449109	0.898162	0.898162	0.449109	0.449109	0.898162	0.449109	0.449109	0.449109	0.449109	0.898162	0.449109	0.449109	0.898162	0.898162	0.449109	0.449109	0.449109	0.449109	0.898162	0.449109	0.449109	0.449109	0.898162	0.898162	0.449109	0.449109	0.449109	0.898162
0.898078	0.449067	0.449067	0.898078	0.449067	0.449067	0.449067	0.449067	0.898078	0.898078	0.449067	0.449067	0.898078	0.449067	0.449067	0.449067	0.449067	0.898078	0.449067	0.449067	0.898078	0.898078	0.449067	0.449067	0.449067	0.449067	0.898078	0.449067	0.449067	0.449067	0.898078	0.898078	0.449067	0.449067	0.449067	0.898078	0.449067	0.449067	0.449067	0.449067	0.898078	0.898078	0.449067	0.449067	0.898078	0.449067	0.449067	0.449067	0.449067	0.898078	0.449067	0.449067	0.898078	0.898078	0.449067	0.449067	0.449067	0.449067	0.898078	0.449067	0.449067	0.449067	0.898078	0.898078	0.449067	0.449067	0.449067	0.898078	0.449067	0.898078	0.898078	0.449067	0.898078	0.898078	0.449067	0.449067	0.449067	0	0.449067	0.898078	0.449067	0.449067	0.449067	0	0.449067	0.898078	0.449067	0.449067	0.449067	0	0.449067	0.449067	0.449067	0.898078	0.449067	0	0.449067	0.898078	0.449067	0	0	0.449067	0.898078	0.449067	0	0.449067	0.449067	0	0.449067	0.449067	0	0.449067	0.449067	0	0.449067	0.449067	0	0.449067	0.449067	0.449067	0.449067	0	0.449067	0.449067	0.449067	0.449067	0.449067	0.449067	0	0.449067	0.449067	0	0	0	0.449067	0.449067	0	0	0	0	0.449067	0.449067	0	0	0	0	0	0	0	0	0	0	0.449067	0.449067	0	0	0	0	0	0	0	0.449067	0.449067	0	0	0	0	0.449067	0.449067	0	0.449067	0.449067	0	0	0	0.449067	0.449067	0	0.449067	0.449067	0	0.449067	0.449067	0.449067	0.449067	0	0.449067	0.898078	0.449067	0	0.449067	0.449067	0	0.449067	0.449067	0.449067	0.449067	0	0.449067	0.898078	0.449067	0	0.449067	0.449067	0.449067	0.898078	0.449067	0.449067	0.449067	0.449067	0.898078	0.898078	0.449067	0.898078	1.34698	0.449067	0.449067	0.449067	0.898078	0.898078	0.449067	0.449067	0.449067	0.898078	0.449067	0.449067	0.449067	0.449067	0.898078	0.898078	0.449067	0.449067	0.898078	0.449067	0.449067	0.449067	0.449067	0.898078	0.449067	0.449067	0.898078	0.898078	0.449067	0.449067	0.449067	0.449067	0.898078	0.449067	0.449067	0.449067	0.898078	0.898078	0.449067	0.449067	0.449067	0.898078
0.897994	0.449024	0.449024	0.897994	0.449024	0.449024	0.449024	0.449024	0.897994	0.897994	0.449024	0.449024	0.897994	0.449024	0.449024	0.449024	0.449024	0.897994	0.449024	0.449024	0.897994	0.897994	0.449024	0.449024	0.449024	0.449024	0.897994	0.449024	0.449024	0.449024	0.897994	0.897994	0.449024	0.449024	0.449024	0.897994	0.449024	0.449024	0.449024	0.449024	0.897994	0.897994	0.449024	0.449024	0.897994	0.449024	0.449024	0.449024	0.449024	0.897994	0.449024	0.449024	0.897994	0.897994	0.449024	0.449024	0.449024	0.449024	0.897994	0.449024	0.449024	0.449024	0.897994	0.897994	0.449024	0.449024	0.449024	0.897994	0.449024	0.897994	0.897994	0.449024	0.897994	0.897994	0.449024	0.449024	0.449024	0	0.449024	0.897994	0.449024	0.449024	0.449024	0	0.449024	0.897994	0.449024	0.449024	0.449024	0	0.449024	0.449024	0.449024	0.897994	0.449024	0	0.449024	0.897994	0.449024	0	0	0.449024	0.897994	0.449024	0	0.449024	0.449024	0	0.449024	0.449024	0	0.449024	0.449024	0	0.449024	0.449024	0	0.449024	0.449024	0.449024	0.449024	0	0.449024	0.449024	0.449024	0.449024	0.449024	0.449024	0	0.449024	0.449024	0	0	0	0.449024	0.449024	0	0	0	0	0.449024	0.449024	0	0	0	0	0	0	0	0	0	0	0.449024	0.449024	0	0	0	0	0	0	0	0.449024	0.449024	0	0	0	0	0.449024	0.449024	0	0.449024	0.449024	0	0	0	0.449024	0.449024	0	0.449024	0.449024	0	0.449024	0.449024	0.449024	0.449024	0	0.449024	0.897994	0.449024	0	0.449024	0.449024	0	0.449024	0.449024	0.449024	0.449024	0	0.449024	0.897994	0.449024	0	0.449024	0.449024	0.449024	0.897994	0.449024	0.449024	0.449024	0.449024	0.897994	0.897994	0.449024	0.897994	1.34685	0.449024	0.449024	0.449024	0.897994	0.897994	0.449024	0.449024	0.449024	0.897994	0.449024	0.449024	0.449024	0.449024	0.897994	0.897994	0.449024	0.449024	0.897994	0.449024	0.449024	0.449024	0.449024	0.897994	0.449024	0.449024	0.897994	0.897994	0.449024	0.449024	0.449024	0.449024	0.897994	0.449024	0.449024	0.449024	0.897994	0.897994	0.449024	0.449024	0.449024	0.897994
0.793662	0.476231	0.634963	1.00388	0.634963	0.654513	0.854836	1.00392	1.26977	1.27966	1.27968	1.41962	1.65694	1.71665	1.8507	1.8507	1.8507	2.06287	2.15824	2.28834	2.41659	2.4833	2.60194	2.72921	2.72921	2.72921	2.83751	2.72921	2.72921	2.72921	2.91178	3.12796	3.1718	3.1718	3.1718	3.26536	3.1718	3.1718	3.1718	3.1718	3.26536	3.26536	3.1718	3.1718	3.26536	3.1718	3.1718	3.1718	3.1718	3.26536	3.1718	3.1718	3.26536	3.26536	3.1718	3.1718	3.1718	3.1718	3.26536	3.1718	3.1718	3.1718	3.1915	2.97997	2.72921	2.72921	2.72921	2.83751	2.72921	2.91178	3.12796	3.07944	2.97997	2.83751	2.72921	2.72921	2.64029	2.35869	2.28834	2.41659	2.28834	2.28834	2.28834	2.13481	1.98835	2.00723	1.8507	1.8507	1.77433	1.46331	1.41962	1.41962	1.41962	1.6185	1.35611	1.0164	1.00392	1.26977	1.00392	0.79371	0.572369	0.634963	1.00388	0.654494	0.158747	0.448982	0.572336	0.354974	0.634963	0.634963	0.44901	0.634963	0.634963	0.572369	0.965541	1.00392	0.897965	1.00392	1.00392	1.00392	1.15556	1.2397	1.27968	1.06481	1.15556	1.35611	1.27968	1.06481	1.0164	1.20883	1.06481	1.0164	1.2397	1.34681	1.41962	1.41962	1.34681	1.34681	1.34681	1.34681	1.27968	1.06481	0.897965	0.897965	0.897965	0.897965	0.897965	0.897965	0.897965	0.897965	0.897965	0.897965	0.854836	0.654513	0.44901	0.44901	0.572369	0.79371	0.897965	0.897965	0.897965	0.854836	0.654513	0.44901	0.44901	0.572369	0.79371	1.00392	1.00392	0.897965	0.854836	0.654513	0.572369	0.79371	0.897965	1.00392	1.00392	0.897965	1.00392	1.15556	1.2397	1.41962	1.41962	1.27968	1.20883	1.2397	1.41962	1.6185	1.41962	1.34681	1.41962	1.41962	1.46331	1.77433	1.8507	1.71665	1.634	1.68707	1.8507	1.85748	1.49732	1.46331	1.77433	1.8507	1.8507	2.00723	1.8507	1.8507	1.8507	1.8507	2.00723	2.00723	1.8507	2.00723	2.2439	1.8507	1.8507	1.8507	2.00723	2.00723	1.8507	1.8507	1.71665	1.65694	1.41962	1.41962	1.41962	1.41962	1.6185	1.6185	1.41962	1.41962	1.46328	1.06481	1.00392	1.00392	1.00392	1.26977	1.00392	1.00392	1.26977	1.11109	0.654513	0.634963	0.634963	0.634963	0.854799	0.354956	0.448982	0.448982	0.793662	0.854799	0.634963	0.634963	0.634963	1.00388
0.572274	0.35494	0.634899	1.00378	0.634899	0.572315	0.793635	1.00383	1.26964	1.15545	1.23958	1.41949	1.56298	1.68691	1.85053	1.85053	1.85053	1.98816	2.1346	2.28812	2.41636	2.42157	2.58231	2.72895	2.72895	2.72895	2.83724	2.72895	2.72895	2.72895	2.85929	3.07915	3.1715	3.1715	3.1715	3.26505	3.1715	3.1715	3.1715	3.1715	3.26505	3.26505	3.1715	3.1715	3.26505	3.1715	3.1715	3.1715	3.1715	3.26505	3.1715	3.1715	3.26505	3.26505	3.1715	3.1715	3.1715	3.1715	3.26505	3.1715	3.1715	3.1715	3.26887	3.06277	2.72895	2.72895	2.72895	2.83724	2.72895	2.85929	3.07915	3.12767	3.06277	2.83724	2.72895	2.72895	2.69653	2.37969	2.28812	2.41636	2.28812	2.28812	2.28812	2.15804	2.06267	2.00703	1.85053	1.85053	1.8573	1.49718	1.41949	1.41949	1.41949	1.61834	1.46314	1.06471	1.00383	1.26964	1.00383	0.854753	0.654449	0.634899	1.00378	0.854707	0.354918	0.448933	0.793575	0.476183	0.634899	0.634899	0.448968	0.634899	0.634899	0.654449	1.11098	1.00383	0.897881	1.00383	1.00383	1.00383	1.27953	1.27956	1.23958	1.01631	1.27953	1.46314	1.23958	1.01631	1.06471	1.20872	1.01631	1.06471	1.27956	1.34668	1.41949	1.41949	1.34668	1.34668	1.34668	1.34668	1.23958	1.01631	0.897881	0.897881	0.897881	0.897881	0.897881	0.897881	0.897881	0.897881	0.897881	0.897881	0.793635	0.572315	0.448968	0.448968	0.654449	0.854753	0.897881	0.897881	0.897881	0.793635	0.572315	0.448968	0.448968	0.654449	0.854753	1.00383	1.00383	0.897881	0.793635	0.572315	0.654449	0.854753	0.897881	1.00383	1.00383	0.897881	1.00383	1.27953	1.27956	1.41949	1.41949	1.23958	1.20872	1.27956	1.41949	1.61834	1.41949	1.34668	1.41949	1.41949	1.49718	1.8573	1.85053	1.68691	1.63385	1.71649	1.85053	1.77416	1.46317	1.49718	1.8573	1.85053	1.85053	2.00703	1.85053	1.85053	1.85053	1.85053	2.00703	2.00703	1.85053	2.00703	2.24368	1.85053	1.85053	1.85053	2.00703	2.00703	1.85053	1.85053	1.68691	1.56298	1.41949	1.41949	1.41949	1.41949	1.61834	1.61834	1.41949	1.41949	1.35598	1.01631	1.00383	1.00383	1.00383	1.26964	1.00383	1.00383	1.26964	0.965445	0.572315	0.634899	0.634899	0.634899	0.654425	0.158731	0.448933	0.448933	0.572274	0.654425	0.634899	0.634899	0.634899	1.00378
0.448891	0	0.448891	0.897726	0.448891	0	0	0.448891	0.897726	0.448891	0	0.448891	0.448891	0	0.448891	0.448891	0.448891	0.448891	0	0.448891	0.897726	0.448891	0	0.448891	0.448891	0.448891	0.897726	0.448891	0.448891	0.448891	0.448891	0.448891	0.448891	0.448891	0.448891	0.897726	0.448891	0.448891	0.448891	0.448891	0.897726	0.897726	0.448891	0.448891	0.897726	0.448891	0.448891	0.448891	0.448891	0.897726	0.448891	0.448891	0.897726	0.897726	0.448891	0.448891	0.448891	0.448891	0.897726	0.448891	0.448891	0.448891	1.34645	1.34645	0.448891	0.448891	0.448891	0.897726	0.448891	0.448891	0.448891	0.897726	1.34645	0.897726	0.448891	0.448891	0.897726	0.448891	0.448891	0.897726	0.448891	0.448891	0.448891	0.448891	0.897726	0.897726	0.448891	0.448891	0.897726	0.448891	0.448891	0.448891	0.448891	0.897726	0.897726	0.448891	0.448891	0.897726	0.448891	0.448891	0.448891	0.448891	0.897726	0.897726	0.448891	0.448891	0.897726	0.448891	0.448891	0.448891	0	0.448891	0.448891	0.448891	0.897726	0.448891	0	0.448891	0.448891	0.448891	0.897726	0.448891	0	0	0.897726	0.897726	0	0	0.448891	0.448891	0	0.448891	0.448891	0	0.448891	0.448891	0	0	0	0	0	0	0	0	0	0	0	0	0	0	0	0	0	0	0	0	0.448891	0.448891	0	0	0	0	0	0	0	0.448891	0.448891	0.448891	0.448891	0	0	0	0.448891	0.448891	0	0.448891	0.448891	0	0.448891	0.897726	0.448891	0.448891	0.448891	0	0.448891	0.448891	0.448891	0.897726	0.448891	0	0.448891	0.448891	0.448891	0.897726	0.448891	0	0.448891	0.448891	0.448891	0.448891	0	0.448891	0.897726	0.448891	0.448891	0.897726	0.448891	0.448891	0.448891	0.448891	0.897726	0.897726	0.448891	0.897726	1.34645	0.448891	0.448891	0.448891	0.897726	0.897726	0.448891	0.448891	0	0.448891	0.448891	0.448891	0.448891	0.448891	0.897726	0.897726	0.448891	0.448891	0.448891	0	0.448891	0.448891	0.448891	0.897726	0.448891	0.448891	0.897726	0.448891	0	0.448891	0.448891	0.448891	0.448891	0	0.448891	0.448891	0.448891	0.448891	0.448891	0.448891	0.448891	0.897726
0.448848	0	0.448848	0.897642	0.448848	0	0	0.448848	0.897642	0.448848	0	0.448848	0.448848	0	0.448848	0.448848	0.448848	0.448848	0	0.448848	0.897642	0.448848	0	0.448848	0.448848	0.448848	0.897642	0.448848	0.448848	0.448848	0.448848	0.448848	0.448848	0.448848	0.448848	0.897642	0.448848	0.448848	0.448848	0.448848	0.897642	0.897642	0.448848	0.448848	0.897642	0.448848	0.448848	0.448848	0.448848	0.897642	0.448848	0.448848	0.897642	0.897642	0.448848	0.448848	0.448848	0.448848	0.897642	0.448848	0.448848	0.448848	1.34633	1.34633	0.448848	0.448848	0.448848	0.897642	0.448848	0.448848	0.448848	0.897642	1.34633	0.897642	0.448848	0.448848	0.897642	0.448848	0.448848	0.897642	0.448848	0.448848	0.448848	0.448848	0.897642	0.897642	0.448848	0.448848	0.897642	0.448848	0.448848	0.448848	0.448848	0.897642	0.897642	0.448848	0.448848	0.897642	0.448848	0.448848	0.448848	0.448848	0.897642	0.897642	0.448848	0.448848	0.897642	0.448848	0.448848	0.448848	0	0.448848	0.448848	0.448848	0.897642	0.448848	0	0.448848	0.448848	0.448848	0.897642	0.448848	0	0	0.897642	0.897642	0	0	0.448848	0.448848	0	0.448848	0.448848	0	0.448848	0.448848	0	0	0	0	0	0	0	0	0	0	0	0	0	0	0	0	0	0	0	0	0.448848	0.448848	0	0	0	0	0	0	0	0.448848	0.448848	0.448848	0.448848	0	0	0	0.448848	0.448848	0	0.448848	0.448848	0	0.448848	0.897642	0.448848	0.448848	0.448848	0	0.448848	0.448848	0.448848	0.897642	0.448848	0	0.448848	0.448848	0.448848	0.897642	0.448848	0	0.448848	0.448848	0.448848	0.448848	0	0.448848	0.897642	0.448848	0.448848	0.897642	0.448848	0.448848	0.448848	0.448848	0.897642	0.897642	0.448848	0.897642	1.34633	0.448848	0.448848	0.448848	0.897642	0.897642	0.448848	0.448848	0	0.448848	0.448848	0.448848	0.448848	0.448848	0.897642	0.897642	0.448848	0.448848	0.448848	0	0.448848	0.448848	0.448848	0.897642	0.448848	0.448848	0.897642	0.448848	0	0.448848	0.448848	0.448848	0.448848	0	0.448848	0.448848	0.448848	0.448848	0.448848	0.448848	0.448848	0.897642
0.448806	0	0.448806	0.897557	0.448806	0	0	0.448806	0.897557	0.448806	0	0.448806	0.448806	0	0.448806	0.448806	0.448806	0.448806	0	0.448806	0.897557	0.448806	0	0.448806	0.448806	0.448806	0.897557	0.448806	0.448806	0.448806	0.448806	0.448806	0.448806	0.448806	0.448806	0.897557	0.448806	0.448806	0.448806	0.448806	0.897557	0.897557	0.448806	0.448806	0.897557	0.448806	0.448806	0.448806	0.448806	0.897557	0.448806	0.448806	0.897557	0.897557	0.448806	0.448806	0.448806	0.448806	0.897557	0.448806	0.448806	0.448806	1.3462	1.3462	0.448806	0.448806	0.448806	0.897557	0.448806	0.448806	0.448806	0.897557	1.3462	0.897557	0.448806	0.448806	0.897557	0.448806	0.448806	0.897557	0.448806	0.448806	0.448806	0.448806	0.897557	0.897557	0.448806	0.448806	0.897557	0.448806	0.448806	0.448806	0.448806	0.897557	0.897557	0.448806	0.448806	0.897557	0.448806	0.448806	0.448806	0.448806	0.897557	0.897557	0.448806	0.448806	0.897557	0.448806	0.448806	0.448806	0	0.448806	0.448806	0.448806	0.897557	0.448806	0	0.448806	0.448806	0.448806	0.897557	0.448806	0	0	0.897557	0.897557	0	0	0.448806	0.448806	0	0.448806	0.448806	0	0.448806	0.448806	0	0	0	0	0	0	0	0	0	0	0	0	0	0	0	0	0	0	0	0	0.448806	0.448806	0	0	0	0	0	0	0	0.448806	0.448806	0.448806	0.448806	0	0	0	0.448806	0.448806	0	0.448806	0.448806	0	0.448806	0.897557	0.448806	0.448806	0.448806	0	0.448806	0.448806	0.448806	0.897557	0.448806	0	0.448806	0.448806	0.448806	0.897557	0.448806	0	0.448806	0.448806	0.448806	0.448806	0	0.448806	0.897557	0.448806	0.448806	0.897557	0.448806	0.448806	0.448806	0.448806	0.897557	0.897557	0.448806	0.897557	1.3462	0.448806	0.448806	0.448806	0.897557	0.897557	0.448806	0.448806	0	0.448806	0.448806	0.448806	0.448806	0.448806	0.897557	0.897557	0.448806	0.448806	0.448806	0	0.448806	0.448806	0.448806	0.897557	0.448806	0.448806	0.897557	0.448806	0	0.448806	0.448806	0.448806	0.448806	0	0.448806	0.448806	0.448806	0.448806	0.448806	0.448806	0.448806	0.897557
0.448764	0	0.448764	0.897473	0.448764	0	0	0.448764	0.897473	0.448764	0	0.448764	0.448764	0	0.448764	0.448764	0.448764	0.448764	0	0.448764	0.897473	0.448764	0	0.448764	0.448764	0.448764	0.897473	0.448764	0.448764	0.448764	0.448764	0.448764	0.448764	0.448764	0.448764	0.897473	0.448764	0.448764	0.448764	0.448764	0.897473	0.897473	0.448764	0.448764	0.897473	0.448764	0.448764	0.448764	0.448764	0.897473	0.448764	0.448764	0.897473	0.897473	0.448764	0.448764	0.448764	0.448764	0.897473	0.448764	0.448764	0.448764	1.34607	1.34607	0.448764	0.448764	0.448764	0.897473	0.448764	0.448764	0.448764	0.897473	1.34607	0.897473	0.448764	0.448764	0.897473	0.448764	0.448764	0.897473	0.448764	0.448764	0.448764	0.448764	0.897473	0.897473	0.448764	0.448764	0.897473	0.448764	0.448764	0.448764	0.448764	0.897473	0.897473	0.448764	0.448764	0.897473	0.448764	0.448764	0.448764	0.448764	0.897473	0.897473	0.448764	0.448764	0.897473	0.448764	0.448764	0.448764	0	0.448764	0.448764	0.448764	0.897473	0.448764	0	0.448764	0.448764	0.448764	0.897473	0.448764	0	0	0.897473	0.897473	0	0	0.448764	0.448764	0	0.448764	0.448764	0	0.448764	0.448764	0	0	0	0	0	0	0	0	0	0	0	0	0	0	0	0	0	0	0	0	0.448764	0.448764	0	0	0	0	0	0	0	0.448764	0.448764	0.448764	0.448764	0	0	0	0.448764	0.448764	0	0.448764	0.448764	0	0.448764	0.897473	0.448764	0.448764	0.448764	0	0.448764	0.448764	0.448764	0.897473	0.448764	0	0.448764	0.448764	0.448764	0.897473	0.448764	0	0.448764	0.448764	0.448764	0.448764	0	0.448764	0.897473	0.448764	0.448764	0.897473	0.448764	0.448764	0.448764	0.448764	0.897473	0.897473	0.448764	0.897473	1.34607	0.448764	0.448764	0.448764	0.897473	0.897473	0.448764	0.448764	0	0.448764	0.448764	0.448764	0.448764	0.448764	0.897473	0.897473	0.448764	0.448764	0.448764	0	0.448764	0.448764	0.448764	0.897473	0.448764	0.448764	0.897473	0.448764	0	0.448764	0.448764	0.448764	0.448764	0	0.448764	0.448764	0.448764	0.448764	0.448764	0.448764	0.448764	0.897473
0.448722	0	0.448722	0.897389	0.448722	0	0	0.448722	0.897389	0.448722	0	0.448722	0.448722	0	0.448722	0.448722	0.448722	0.448722	0	0.448722	0.897389	0.448722	0	0.448722	0.448722	0.448722	0.897389	0.448722	0.448722	0.448722	0.448722	0.448722	0.448722	0.448722	0.448722	0.897389	0.448722	0.448722	0.448722	0.448722	0.897389	0.897389	0.448722	0.448722	0.897389	0.448722	0.448722	0.448722	0.448722	0.897389	0.448722	0.448722	0.897389	0.897389	0.448722	0.448722	0.448722	0.448722	0.897389	0.448722	0.448722	0.448722	1.34595	1.34595	0.448722	0.448722	0.448722	0.897389	0.448722	0.448722	0.448722	0.897389	1.34595	0.897389	0.448722	0.448722	0.897389	0.448722	0.448722	0.897389	0.448722	0.448722	0.448722	0.448722	0.897389	0.897389	0.448722	0.448722	0.897389	0.448722	0.448722	0.448722	0.448722	0.897389	0.897389	0.448722	0.448722	0.897389	0.448722	0.448722	0.448722	0.448722	0.897389	0.897389	0.448722	0.448722	0.897389	0.448722	0.448722	0.448722	0	0.448722	0.448722	0.448722	0.897389	0.448722	0	0.448722	0.448722	0.448722	0.897389	0.448722	0	0	0.897389	0.897389	0	0	0.448722	0.448722	0	0.448722	0.448722	0	0.448722	0.448722	0	0	0	0	0	0	0	0	0	0	0	0	0	0	0	0	0	0	0	0	0.448722	0.448722	0	0	0	0	0	0	0	0.448722	0.448722	0.448722	0.448722	0	0	0	0.448722	0.448722	0	0.448722	0.448722	0	0.448722	0.897389	0.448722	0.448722	0.448722	0	0.448722	0.448722	0.448722	0.897389	0.448722	0	0.448722	0.448722	0.448722	0.897389	0.448722	0	0.448722	0.448722	0.448722	0.448722	0	0.448722	0.897389	0.448722	0.448722	0.897389	0.448722	0.448722	0.448722	0.448722	0.897389	0.897389	0.448722	0.897389	1.34595	0.448722	0.448722	0.448722	0.897389	0.897389	0.448722	0.448722	0	0.448722	0.448722	0.448722	0.448722	0.448722	0.897389	0.897389	0.448722	0.448722	0.448722	0	0.448722	0.448722	0.448722	0.897389	0.448722	0.448722	0.897389	0.448722	0	0.448722	0.448722	0.448722	0.448722	0	0.448722	0.448722	0.448722	0.448722	0.448722	0.448722	0.448722	0.897389
0.44868	0	0.44868	0.897304	0.44868	0	0	0.44868	0.897304	0.44868	0	0.44868	0.44868	0	0.44868	0.44868	0.44868	0.44868	0	0.44868	0.897304	0.44868	0	0.44868	0.44868	0.44868	0.897304	0.44868	0.44868	0.44868	0.44868	0.44868	0.44868	0.44868	0.44868	0.897304	0.44868	0.44868	0.44868	0.44868	0.897304	0.897304	0.44868	0.44868	0.897304	0.44868	0.44868	0.44868	0.44868	0.897304	0.44868	0.44868	0.897304	0.897304	0.44868	0.44868	0.44868	0.44868	0.897304	0.44868	0.44868	0.44868	1.34582	1.34582	0.44868	0.44868	0.44868	0.897304	0.44868	0.44868	0.44868	0.897304	1.34582	0.897304	0.44868	0.44868	0.897304	0.44868	0.44868	0.897304	0.44868	0.44868	0.44868	0.44868	0.897304	0.897304	0.44868	0.44868	0.897304	0.44868	0.44868	0.44868	0.44868	0.897304	0.897304	0.44868	0.44868	0.897304	0.44868	0.44868	0.44868	0.44868	0.897304	0.897304	0.44868	0.44868	0.897304	0.44868	0.44868	0.44868	0	0.44868	0.44868	0.44868	0.897304	0.44868	0	0.44868	0.44868	0.44868	0.897304	0.44868	0	0	0.897304	0.897304	0	0	0.44868	0.44868	0	0.44868	0.44868	0	0.44868	0.44868	0	0	0	0	0	0	0	0	0	0	0	0	0	0	0	0	0	0	0	0	0.44868	0.44868	0	0	0	0	0	0	0	0.44868	0.44868	0.44868	0.44868	0	0	0	0.44868	0.44868	0	0.44868	0.44868	0	0.44868	0.897304	0.44868	0.44868	0.44868	0	0.44868	0.44868	0.44868	0.897304	0.44868	0	0.44868	0.44868	0.44868	0.897304	0.44868	0	0.44868	0.44868	0.44868	0.44868	0	0.44868	0.897304	0.44868	0.44868	0.897304	0.44868	0.44868	0.44868	0.44868	0.897304	0.897304	0.44868	0.897304	1.34582	0.44868	0.44868	0.44868	0.897304	0.897304	0.44868	0.44868	0	0.44868	0.44868	0.44868	0.44868	0.44868	0.897304	0.897304	0.44868	0.44868	0.44868	0	0.44868	0.44868	0.44868	0.897304	0.44868	0.44868	0.897304	0.44868	0	0.44868	0.44868	0.44868	0.44868	0	0.44868	0.44868	0.44868	0.44868	0.44868	0.44868	0.44868	0.897304
0.448638	0	0.448638	0.89722	0.448638	0	0	0.448638	0.89722	0.448638	0	0.448638	0.448638	0	0.448638	0.448638	0.448638	0.448638	0	0.448638	0.89722	0.448638	0	0.448638	0.448638	0.448638	0.89722	0.448638	0.448638	0.448638	0.448638	0.448638	0.448638	0.448638	0.448638	0.89722	0.448638	0.448638	0.448638	0.448638	0.89722	0.89722	0.448638	0.448638	0.89722	0.448638	0.448638	0.448638	0.448638	0.89722	0.448638	0.448638	0.89722	0.89722	0.448638	0.448638	0.448638	0.448638	0.89722	0.448638	0.448638	0.448638	1.34569	1.34569	0.448638	0.448638	0.448638	0.89722	0.448638	0.448638	0.448638	0.89722	1.34569	0.89722	0.448638	0.448638	0.89722	0.448638	0.448638	0.89722	0.448638	0.448638	0.448638	0.448638	0.89722	0.89722	0.448638	0.448638	0.89722	0.448638	0.448638	0.448638	0.448638	0.89722	0.89722	0.448638	0.448638	0.89722	0.448638	0.448638	0.448638	0.448638	0.89722	0.89722	0.448638	0.448638	0.89722	0.448638	0.448638	0.448638	0	0.448638	0.448638	0.448638	0.89722	0.448638	0	0.448638	0.448638	0.448638	0.89722	0.448638	0	0	0.89722	0.89722	0	0	0.448638	0.448638	0	0.448638	0.448638	0	0.448638	0.448638	0	0	0	0	0	0	0	0	0	0	0	0	0	0	0	0	0	0	0	0	0.448638	0.448638	0	0	0	0	0	0	0	0.448638	0.448638	0.448638	0.448638	0	0	0	0.448638	0.448638	0	0.448638	0.448638	0	0.448638	0.89722	0.448638	0.448638	0.448638	0	0.448638	0.448638	0.448638	0.89722	0.448638	0	0.448638	0.448638	0.448638	0.89722	0.448638	0	0.448638	0.448638	0.448638	0.448638	0	0.448638	0.89722	0.448638	0.448638	0.89722	0.448638	0.448638	0.448638	0.448638	0.89722	0.89722	0.448638	0.89722	1.34569	0.448638	0.448638	0.448638	0.89722	0.89722	0.448638	0.448638	0	0.448638	0.448638	0.448638	0.448638	0.448638	0.89722	0.89722	0.448638	0.448638	0.448638	0	0.448638	0.448638	0.448638	0.89722	0.448638	0.448638	0.89722	0.448638	0	0.448638	0.448638	0.448638	0.448638	0	0.448638	0.448638	0.448638	0.448638	0.448638	0.448638	0.448638	0.89722
0.448595	0	0.448595	0.897136	0.448595	0	0	0.448595	0.897136	0.448595	0	0.448595	0.448595	0	0.448595	0.448595	0.448595	0.448595	0	0.448595	0.897136	0.448595	0	0.448595	0.448595	0.448595	0.897136	0.448595	0.448595	0.448595	0.448595	0.448595	0.448595	0.448595	0.448595	0.897136	0.448595	0.448595	0.448595	0.448595	0.897136	0.897136	0.448595	0.448595	0.897136	0.448595	0.448595	0.448595	0.448595	0.897136	0.448595	0.448595	0.897136	0.897136	0.448595	0.448595	0.448595	0.448595	0.897136	0.448595	0.448595	0.448595	1.34557	1.34557	0.448595	0.448595	0.448595	0.897136	0.448595	0.448595	0.448595	0.897136	1.34557	0.897136	0.448595	0.448595	0.897136	0.448595	0.448595	0.897136	0.448595	0.448595	0.448595	0.448595	0.897136	0.897136	0.448595	0.448595	0.897136	0.448595	0.448595	0.448595	0.448595	0.897136	0.897136	0.448595	0.448595	0.897136	0.448595	0.448595	0.448595	0.448595	0.897136	0.897136	0.448595	0.448595	0.897136	0.448595	0.448595	0.448595	0	0.448595	0.448595	0.448595	0.897136	0.448595	0	0.448595	0.448595	0.448595	0.897136	0.448595	0	0	0.897136	0.897136	0	0	0.448595	0.448595	0	0.448595	0.448595	0	0.448595	0.448595	0	0	0	0	0	0	0	0	0	0	0	0	0	0	0	0	0	0	0	0	0.448595	0.448595	0	0	0	0	0	0	0	0.448595	0.448595	0.448595	0.448595	0	0	0	0.448595	0.448595	0	0.448595	0.448595	0	0.448595	0.897136	0.448595	0.448595	0.448595	0	0.448595	0.448595	0.448595	0.897136	0.448595	0	0.448595	0.448595	0.448595	0.897136	0.448595	0	0.448595	0.448595	0.448595	0.448595	0	0.448595	0.897136	0.448595	0.448595	0.897136	0.448595	0.448595	0.448595	0.448595	0.897136	0.897136	0.448595	0.897136	1.34557	0.448595	0.448595	0.448595	0.897136	0.897136	0.448595	0.448595	0	0.448595	0.448595	0.448595	0.448595	0.448595	0.897136	0.897136	0.448595	0.448595	0.448595	0	0.448595	0.448595	0.448595	0.897136	0.448595	0.448595	0.897136	0.448595	0	0.448595	0.448595	0.448595	0.448595	0	0.448595	0.448595	0.448595	0.448595	0.448595	0.448595	0.448595	0.897136
0.448553	0	0.448553	0.897052	0.448553	0	0	0.448553	0.897052	0.448553	0	0.448553	0.448553	0	0.448553	0.448553	0.448553	0.448553	0	0.448553	0.897052	0.448553	0	0.448553	0.448553	0.448553	0.897052	0.448553	0.448553	0.448553	0.448553	0.448553	0.448553	0.448553	0.448553	0.897052	0.448553	0.448553	0.448553	0.448553	0.897052	0.897052	0.448553	0.448553	0.897052	0.448553	0.448553	0.448553	0.448553	0.897052	0.448553	0.448553	0.897052	0.897052	0.448553	0.448553	0.448553	0.448553	0.897052	0.448553	0.448553	0.448553	1.34544	1.34544	0.448553	0.448553	0.448553	0.897052	0.448553	0.448553	0.448553	0.897052	1.34544	0.897052	0.448553	0.448553	0.897052	0.448553	0.448553	0.897052	0.448553	0.448553	0.448553	0.448553	0.897052	0.897052	0.448553	0.448553	0.897052	0.448553	0.448553	0.448553	0.448553	0.897052	0.897052	0.448553	0.448553	0.897052	0.448553	0.448553	0.448553	0.448553	0.897052	0.897052	0.448553	0.448553	0.897052	0.448553	0.448553	0.448553	0	0.448553	0.448553	0.448553	0.897052	0.448553	0	0.448553	0.448553	0.448553	0.897052	0.448553	0	0	0.897052	0.897052	0	0	0.448553	0.448553	0	0.448553	0.448553	0	0.448553	0.448553	0	0	0	0	0	0	0	0	0	0	0	0	0	0	0	0	0	0	0	0	0.448553	0.448553	0	0	0	0	0	0	0	0.448553	0.448553	0.448553	0.448553	0	0	0	0.448553	0.448553	0	0.448553	0.448553	0	0.448553	0.897052	0.448553	0.448553	0.448553	0	0.448553	0.448553	0.448553	0.897052	0.448553	0	0.448553	0.448553	0.448553	0.897052	0.448553	0	0.448553	0.448553	0.448553	0.448553	0	0.448553	0.897052	0.448553	0.448553	0.897052	0.448553	0.448553	0.448553	0.448553	0.897052	0.897052	0.448553	0.897052	1.34544	0.448553	0.448553	0.448553	0.897052	0.897052	0.448553	0.448553	0	0.448553	0.448553	0.448553	0.448553	0.448553	0.897052	0.897052	0.448553	0.448553	0.448553	0	0.448553	0.448553	0.448553	0.897052	0.448553	0.448553	0.897052	0.448553	0	0.448553	0.448553	0.448553	0.448553	0	0.448553	0.448553	0.448553	0.448553	0.448553	0.448553	0.448553	0.897052
0.448511	0	0.448511	0.896967	0.448511	0	0	0.448511	0.896967	0.448511	0	0.448511	0.448511	0	0.448511	0.448511	0.448511	0.448511	0	0.448511	0.896967	0.448511	0	0.448511	0.448511	0.448511	0.896967	0.448511	0.448511	0.448511	0.448511	0.448511	0.448511	0.448511	0.448511	0.896967	0.448511	0.448511	0.448511	0.448511	0.896967	0.896967	0.448511	0.448511	0.896967	0.448511	0.448511	0.448511	0.448511	0.896967	0.448511	0.448511	0.896967	0.896967	0.448511	0.448511	0.448511	0.448511	0.896967	0.448511	0.448511	0.448511	1.34531	1.34531	0.448511	0.448511	0.448511	0.896967	0.448511	0.448511	0.448511	0.896967	1.34531	0.896967	0.448511	0.448511	0.896967	0.448511	0.448511	0.896967	0.448511	0.448511	0.448511	0.448511	0.896967	0.896967	0.448511	0.448511	0.896967	0.448511	0.448511	0.448511	0.448511	0.896967	0.896967	0.448511	0.448511	0.896967	0.448511	0.448511	0.448511	0.448511	0.896967	0.896967	0.448511	0.448511	0.896967	0.448511	0.448511	0.448511	0	0.448511	0.448511	0.448511	0.896967	0.448511	0	0.448511	0.448511	0.448511	0.896967	0.448511	0	0	0.896967	0.896967	0	0	0.448511	0.448511	0	0.448511	0.448511	0	0.448511	0.448511	0	0	0	0	0	0	0	0	0	0	0	0	0	0	0	0	0	0	0	0	0.448511	0.448511	0	0	0	0	0	0	0	0.448511	0.448511	0.448511	0.448511	0	0	0	0.448511	0.448511	0	0.448511	0.448511	0	0.448511	0.896967	0.448511	0.448511	0.448511	0	0.448511	0.448511	0.448511	0.896967	0.448511	0	0.448511	0.448511	0.448511	0.896967	0.448511	0	0.448511	0.448511	0.448511	0.448511	0	0.448511	0.896967	0.448511	0.448511	0.896967	0.448511	0.448511	0.448511	0.448511	0.896967	0.896967	0.448511	0.896967	1.34531	0.448511	0.448511	0.448511	0.896967	0.896967	0.448511	0.448511	0	0.448511	0.448511	0.448511	0.448511	0.448511	0.896967	0.896967	0.448511	0.448511	0.448511	0	0.448511	0.448511	0.448511	0.896967	0.448511	0.448511	0.896967	0.448511	0	0.448511	0.448511	0.448511	0.448511	0	0.448511	0.448511	0.448511	0.448511	0.448511	0.448511	0.448511	0.896967
1.20745	1.23828	1.27822	1.27819	1.00277	0.896939	0.896939	1.00277	1.10981	0.653763	0.448497	0.634233	0.634233	0.448497	0.634233	0.634233	0.475683	0.354546	0	0.354546	0.853811	0.634233	0.448497	0.653763	0.853857	1.00277	1.27819	1.27822	1.49561	1.71469	1.84859	1.84859	1.84859	1.84859	1.84859	2.06051	2.15578	2.28572	2.28572	2.28572	2.41383	2.41383	2.28572	2.28572	2.41383	2.28572	2.28572	2.28572	2.28572	2.48046	2.59897	2.72609	2.83427	2.83427	2.72609	2.72609	2.72609	2.72609	2.83427	2.72609	2.72609	2.72609	3.05956	3.26545	3.07592	2.8563	2.72609	2.83427	2.72609	2.72609	2.72609	2.90846	3.26545	3.18786	2.8563	2.72609	2.83427	2.72609	2.72609	2.83427	2.72609	2.63727	2.41903	2.28572	2.41383	2.35596	1.98608	1.84859	1.96061	1.56134	1.418	1.418	1.418	1.61664	1.59316	1.15424	1.00277	1.26831	1.00277	0.964433	0.792773	0.634233	1.00273	1.00273	0.634233	0.653739	1.01516	0.448462	0.448462	0.448462	0.158564	0.653739	0.634233	0.634233	1.00273	0.634233	0.448497	0.634233	0.634233	0.634233	1.00273	0.634233	0.571715	0.792803	1.10981	0.964408	0.448497	0.448497	0.634233	0.792773	0.792803	0.853857	0.653763	0.571715	0.808483	0.653763	0.448497	0.448497	0.448497	0.448497	0.448497	0.448497	0.448497	0.448497	0.448497	0.448497	0.448497	0.571715	0.792803	0.896939	0.896939	0.896939	0.896939	0.896939	0.896939	0.896939	0.853857	0.653763	0.448497	0.448497	0.448497	0.571715	0.792803	0.896939	0.896939	1.00277	1.00277	0.853857	0.653763	0.571715	0.792803	0.896939	1.00277	1.00277	0.896939	1.00277	1.00277	1.01524	1.20745	1.27819	1.00277	1.00277	1.00277	1.01524	1.20745	1.0636	1.00277	1.26831	1.15424	1.23828	1.418	1.418	1.418	1.61664	1.418	1.46163	1.7723	1.84859	1.84859	1.98608	2.13237	2.28572	2.26918	1.93486	1.84859	2.00493	1.84859	1.84859	1.84859	1.84859	1.85535	1.65504	1.418	1.4616	1.59313	1.00277	1.00277	1.00277	1.42679	1.59316	1.418	1.418	1.46163	1.7723	1.84859	1.84859	1.84859	1.71469	1.65504	1.61664	1.418	1.27822	1.20745	1.23828	1.418	1.418	1.418	1.4616	1.0636	1.00277	1.10981	0.808483	0.792803	0.853857	0.653763	0.634233	0.634233	0.448497	0.634233	0.634233	0.634233	0.634233	0.634233	0.634233	0.475683	0.792743
1.20733	1.2781	1.23817	1.15413	1.00268	0.896855	0.896855	1.00268	0.964342	0.571661	0.448455	0.634173	0.634173	0.448455	0.634173	0.634173	0.354535	0.158549	0	0.158549	0.653677	0.634173	0.448455	0.571661	0.792728	1.00268	1.15413	1.23817	1.4615	1.68499	1.84842	1.84842	1.84842	1.84842	1.84842	1.98589	2.13217	2.28551	2.28551	2.28551	2.4136	2.4136	2.28551	2.28551	2.4136	2.28551	2.28551	2.28551	2.28551	2.4188	2.57936	2.72584	2.834	2.834	2.72584	2.72584	2.72584	2.72584	2.834	2.72584	2.72584	2.72584	2.97629	3.18756	3.1241	2.90819	2.72584	2.834	2.72584	2.72584	2.72584	2.85603	3.18756	3.26514	2.90819	2.72584	2.834	2.72584	2.72584	2.834	2.72584	2.69345	2.48022	2.28551	2.4136	2.45989	2.06032	1.84842	2.0845	1.65488	1.41787	1.41787	1.41787	1.61649	1.74351	1.27807	1.00268	1.26819	1.00268	1.10971	0.964318	0.634173	1.00263	1.00263	0.634173	0.853731	1.23807	0.44842	0.44842	0.44842	0.354513	0.853731	0.634173	0.634173	1.00263	0.634173	0.448455	0.634173	0.634173	0.634173	1.00263	0.634173	0.653701	0.853777	0.964342	0.792698	0.448455	0.448455	0.634173	0.964318	0.853777	0.792728	0.571661	0.653701	0.808407	0.571661	0.448455	0.448455	0.448455	0.448455	0.448455	0.448455	0.448455	0.448455	0.448455	0.448455	0.448455	0.653701	0.853777	0.896855	0.896855	0.896855	0.896855	0.896855	0.896855	0.896855	0.792728	0.571661	0.448455	0.448455	0.448455	0.653701	0.853777	0.896855	0.896855	1.00268	1.00268	0.792728	0.571661	0.653701	0.853777	0.896855	1.00268	1.00268	0.896855	1.00268	1.00268	1.0635	1.20733	1.15413	1.00268	1.00268	1.00268	1.0635	1.20733	1.01515	1.00268	1.26819	1.27807	1.2781	1.41787	1.41787	1.41787	1.61649	1.41787	1.49547	1.85518	1.84842	1.84842	2.06032	2.15557	2.28551	2.20164	1.90856	1.84842	2.00474	1.84842	1.84842	1.84842	1.84842	1.77213	1.56119	1.41787	1.35443	1.42665	1.00268	1.00268	1.00268	1.59298	1.74351	1.41787	1.41787	1.49547	1.85518	1.84842	1.84842	1.84842	1.68499	1.56119	1.61649	1.41787	1.23817	1.20733	1.2781	1.41787	1.41787	1.41787	1.35443	1.01515	1.00268	0.964342	0.808407	0.853777	0.792728	0.571661	0.634173	0.634173	0.448455	0.634173	0.634173	0.634173	0.634173	0.634173	0.634173	0.354535	0.57162
0.448378	0.448378	0	0.448378	0.448378	0	0	0.448378	0.448378	0	0	0.448378	0.448378	0	0.448378	0.448378	0	0	0	0	0.448378	0.448378	0	0	0	0.448378	0.448378	0	0	0	0.448378	0.448378	0.448378	0.448378	0.448378	0.448378	0	0.448378	0.448378	0.448378	0.896701	0.896701	0.448378	0.448378	0.896701	0.448378	0.448378	0.448378	0.448378	0.448378	0	0.448378	0.896701	0.896701	0.448378	0.448378	0.448378	0.448378	0.896701	0.448378	0.448378	0.448378	0.896701	0.896701	0.896701	0.896701	0.448378	0.896701	0.448378	0.448378	0.448378	0.448378	0.896701	1.34491	0.896701	0.448378	0.896701	0.448378	0.448378	0.896701	0.448378	0.896701	0.896701	0.448378	0.896701	1.34491	0.896701	0.448378	1.34491	0.896701	0.448378	0.448378	0.448378	0.896701	1.34491	0.896701	0.448378	0.896701	0.448378	0.896701	0.896701	0.448378	0.896701	0.896701	0.448378	0.896701	1.34491	0.448378	0.448378	0.448378	0.448378	0.896701	0.448378	0.448378	0.896701	0.448378	0	0.448378	0.448378	0.448378	0.896701	0.448378	0.448378	0.448378	0.448378	0.448378	0	0	0.448378	0.896701	0.448378	0	0	0.448378	0.448378	0	0	0	0	0	0	0	0	0	0	0	0	0.448378	0.448378	0	0	0	0	0	0	0	0	0	0	0	0	0.448378	0.448378	0	0	0.448378	0.448378	0	0	0.448378	0.448378	0	0.448378	0.448378	0	0.448378	0.448378	0.448378	0.448378	0.448378	0.448378	0.448378	0.448378	0.448378	0.448378	0	0.448378	0.896701	0.896701	0.448378	0.448378	0.448378	0.448378	0.896701	0.448378	0.448378	0.896701	0.448378	0.448378	0.896701	0.448378	0.448378	0.448378	0	0.448378	0.896701	0.448378	0.448378	0.448378	0.448378	0.448378	0.448378	0.448378	0.448378	0.896701	0.448378	0.448378	0.448378	1.34491	1.34491	0.448378	0.448378	0.448378	0.896701	0.448378	0.448378	0.448378	0	0.448378	0.896701	0.448378	0	0.448378	0.448378	0.448378	0.448378	0.448378	0.448378	0	0.448378	0.448378	0.448378	0.448378	0	0	0.448378	0.448378	0	0.448378	0.448378	0.448378	0.448378	0.448378	0.448378	0	0.448378
0.448336	0.448336	0	0.448336	0.448336	0	0	0.448336	0.448336	0	0	0.448336	0.448336	0	0.448336	0.448336	0	0	0	0	0.448336	0.448336	0	0	0	0.448336	0.448336	0	0	0	0.448336	0.448336	0.448336	0.448336	0.448336	0.448336	0	0.448336	0.448336	0.448336	0.896616	0.896616	0.448336	0.448336	0.896616	0.448336	0.448336	0.448336	0.448336	0.448336	0	0.448336	0.896616	0.896616	0.448336	0.448336	0.448336	0.448336	0.896616	0.448336	0.448336	0.448336	0.896616	0.896616	0.896616	0.896616	0.448336	0.896616	0.448336	0.448336	0.448336	0.448336	0.896616	1.34479	0.896616	0.448336	0.896616	0.448336	0.448336	0.896616	0.448336	0.896616	0.896616	0.448336	0.896616	1.34479	0.896616	0.448336	1.34479	0.896616	0.448336	0.448336	0.448336	0.896616	1.34479	0.896616	0.448336	0.896616	0.448336	0.896616	0.896616	0.448336	0.896616	0.896616	0.448336	0.896616	1.34479	0.448336	0.448336	0.448336	0.448336	0.896616	0.448336	0.448336	0.896616	0.448336	0	0.448336	0.448336	0.448336	0.896616	0.448336	0.448336	0.448336	0.448336	0.448336	0	0	0.448336	0.896616	0.448336	0	0	0.448336	0.448336	0	0	0	0	0	0	0	0	0	0	0	0	0.448336	0.448336	0	0	0	0	0	0	0	0	0	0	0	0	0.448336	0.448336	0	0	0.448336	0.448336	0	0	0.448336	0.448336	0	0.448336	0.448336	0	0.448336	0.448336	0.448336	0.448336	0.448336	0.448336	0.448336	0.448336	0.448336	0.448336	0	0.448336	0.896616	0.896616	0.448336	0.448336	0.448336	0.448336	0.896616	0.448336	0.448336	0.896616	0.448336	0.448336	0.896616	0.448336	0.448336	0.448336	0	0.448336	0.896616	0.448336	0.448336	0.448336	0.448336	0.448336	0.448336	0.448336	0.448336	0.896616	0.448336	0.448336	0.448336	1.34479	1.34479	0.448336	0.448336	0.448336	0.896616	0.448336	0.448336	0.448336	0	0.448336	0.896616	0.448336	0	0.448336	0.448336	0.448336	0.448336	0.448336	0.448336	0	0.448336	0.448336	0.448336	0.448336	0	0	0.448336	0.448336	0	0.448336	0.448336	0.448336	0.448336	0.448336	0.448336	0	0.448336
0.448294	0.448294	0	0.448294	0.448294	0	0	0.448294	0.448294	0	0	0.448294	0.448294	0	0.448294	0.448294	0	0	0	0	0.448294	0.448294	0	0	0	0.448294	0.448294	0	0	0	0.448294	0.448294	0.448294	0.448294	0.448294	0.448294	0	0.448294	0.448294	0.448294	0.896532	0.896532	0.448294	0.448294	0.896532	0.448294	0.448294	0.448294	0.448294	0.448294	0	0.448294	0.896532	0.896532	0.448294	0.448294	0.448294	0.448294	0.896532	0.448294	0.448294	0.448294	0.896532	0.896532	0.896532	0.896532	0.448294	0.896532	0.448294	0.448294	0.448294	0.448294	0.896532	1.34466	0.896532	0.448294	0.896532	0.448294	0.448294	0.896532	0.448294	0.896532	0.896532	0.448294	0.896532	1.34466	0.896532	0.448294	1.34466	0.896532	0.448294	0.448294	0.448294	0.896532	1.34466	0.896532	0.448294	0.896532	0.448294	0.896532	0.896532	0.448294	0.896532	0.896532	0.448294	0.896532	1.34466	0.448294	0.448294	0.448294	0.448294	0.896532	0.448294	0.448294	0.896532	0.448294	0	0.448294	0.448294	0.448294	0.896532	0.448294	0.448294	0.448294	0.448294	0.448294	0	0	0.448294	0.896532	0.448294	0	0	0.448294	0.448294	0	0	0	0	0	0	0	0	0	0	0	0	0.448294	0.448294	0	0	0	0	0	0	0	0	0	0	0	0	0.448294	0.448294	0	0	0.448294	0.448294	0	0	0.448294	0.448294	0	0.448294	0.448294	0	0.448294	0.448294	0.448294	0.448294	0.448294	0.448294	0.448294	0.448294	0.448294	0.448294	0	0.448294	0.896532	0.896532	0.448294	0.448294	0.448294	0.448294	0.896532	0.448294	0.448294	0.896532	0.448294	0.448294	0.896532	0.448294	0.448294	0.448294	0	0.448294	0.896532	0.448294	0.448294	0.448294	0.448294	0.448294	0.448294	0.448294	0.448294	0.896532	0.448294	0.448294	0.448294	1.34466	1.34466	0.448294	0.448294	0.448294	0.896532	0.448294	0.448294	0.448294	0	0.448294	0.896532	0.448294	0	0.448294	0.448294	0.448294	0.448294	0.448294	0.448294	0	0.448294	0.448294	0.448294	0.448294	0	0	0.448294	0.448294	0	0.448294	0.448294	0.448294	0.448294	0.448294	0.448294	0	0.448294
0.448252	0.448252	0	0.448252	0.448252	0	0	0.448252	0.448252	0	0	0.448252	0.448252	0	0.448252	0.448252	0	0	0	0	0.448252	0.448252	0	0	0	0.448252	0.448252	0	0	0	0.448252	0.448252	0.448252	0.448252	0.448252	0.448252	0	0.448252	0.448252	0.448252	0.896448	0.896448	0.448252	0.448252	0.896448	0.448252	0.448252	0.448252	0.448252	0.448252	0	0.448252	0.896448	0.896448	0.448252	0.448252	0.448252	0.448252	0.896448	0.448252	0.448252	0.448252	0.896448	0.896448	0.896448	0.896448	0.448252	0.896448	0.448252	0.448252	0.448252	0.448252	0.896448	1.34454	0.896448	0.448252	0.896448	0.448252	0.448252	0.896448	0.448252	0.896448	0.896448	0.448252	0.896448	1.34454	0.896448	0.448252	1.34454	0.896448	0.448252	0.448252	0.448252	0.896448	1.34454	0.896448	0.448252	0.896448	0.448252	0.896448	0.896448	0.448252	0.896448	0.896448	0.448252	0.896448	1.34454	0.448252	0.448252	0.448252	0.448252	0.896448	0.448252	0.448252	0.896448	0.448252	0	0.448252	0.448252	0.448252	0.896448	0.448252	0.448252	0.448252	0.448252	0.448252	0	0	0.448252	0.896448	0.448252	0	0	0.448252	0.448252	0	0	0	0	0	0	0	0	0	0	0	0	0.448252	0.448252	0	0	0	0	0	0	0	0	0	0	0	0	0.448252	0.448252	0	0	0.448252	0.448252	0	0	0.448252	0.448252	0	0.448252	0.448252	0	0.448252	0.448252	0.448252	0.448252	0.448252	0.448252	0.448252	0.448252	0.448252	0.448252	0	0.448252	0.896448	0.896448	0.448252	0.448252	0.448252	0.448252	0.896448	0.448252	0.448252	0.896448	0.448252	0.448252	0.896448	0.448252	0.448252	0.448252	0	0.448252	0.896448	0.448252	0.448252	0.448252	0.448252	0.448252	0.448252	0.448252	0.448252	0.896448	0.448252	0.448252	0.448252	1.34454	1.34454	0.448252	0.448252	0.448252	0.896448	0.448252	0.448252	0.448252	0	0.448252	0.896448	0.448252	0	0.448252	0.448252	0.448252	0.448252	0.448252	0.448252	0	0.448252	0.448252	0.448252	0.448252	0	0	0.448252	0.448252	0	0.448252	0.448252	0.448252	0.448252	0.448252	0.448252	0	0.448252
0.448209	0.448209	0	0.448209	0.448209	0	0	0.448209	0.448209	0	0	0.448209	0.448209	0	0.448209	0.448209	0	0	0	0	0.448209	0.448209	0	0	0	0.448209	0.448209	0	0	0	0.448209	0.448209	0.448209	0.448209	0.448209	0.448209	0	0.448209	0.448209	0.448209	0.896364	0.896364	0.448209	0.448209	0.896364	0.448209	0.448209	0.448209	0.448209	0.448209	0	0.448209	0.896364	0.896364	0.448209	0.448209	0.448209	0.448209	0.896364	0.448209	0.448209	0.448209	0.896364	0.896364	0.896364	0.896364	0.448209	0.896364	0.448209	0.448209	0.448209	0.448209	0.896364	1.34441	0.896364	0.448209	0.896364	0.448209	0.448209	0.896364	0.448209	0.896364	0.896364	0.448209	0.896364	1.34441	0.896364	0.448209	1.34441	0.896364	0.448209	0.448209	0.448209	0.896364	1.34441	0.896364	0.448209	0.896364	0.448209	0.896364	0.896364	0.448209	0.896364	0.896364	0.448209	0.896364	1.34441	0.448209	0.448209	0.448209	0.448209	0.896364	0.448209	0.448209	0.896364	0.448209	0	0.448209	0.448209	0.448209	0.896364	0.448209	0.448209	0.448209	0.448209	0.448209	0	0	0.448209	0.896364	0.448209	0	0	0.448209	0.448209	0	0	0	0	0	0	0	0	0	0	0	0	0.448209	0.448209	0	0	0	0	0	0	0	0	0	0	0	0	0.448209	0.448209	0	0	0.448209	0.448209	0	0	0.448209	0.448209	0	0.448209	0.448209	0	0.448209	0.448209	0.448209	0.448209	0.448209	0.448209	0.448209	0.448209	0.448209	0.448209	0	0.448209	0.896364	0.896364	0.448209	0.448209	0.448209	0.448209	0.896364	0.448209	0.448209	0.896364	0.448209	0.448209	0.896364	0.448209	0.448209	0.448209	0	0.448209	0.896364	0.448209	0.448209	0.448209	0.448209	0.448209	0.448209	0.448209	0.448209	0.896364	0.448209	0.448209	0.448209	1.34441	1.34441	0.448209	0.448209	0.448209	0.896364	0.448209	0.448209	0.448209	0	0.448209	0.896364	0.448209	0	0.448209	0.448209	0.448209	0.448209	0.448209	0.448209	0	0.448209	0.448209	0.448209	0.448209	0	0	0.448209	0.448209	0	0.448209	0.448209	0.448209	0.448209	0.448209	0.448209	0	0.448209
0.448167	0.448167	0	0.448167	0.448167	0	0	0.448167	0.448167	0	0	0.448167	0.448167	0	0.448167	0.448167	0	0	0	0	0.448167	0.448167	0	0	0	0.448167	0.448167	0	0	0	0.448167	0.448167	0.448167	0.448167	0.448167	0.448167	0	0.448167	0.448167	0.448167	0.89628	0.89628	0.448167	0.448167	0.89628	0.448167	0.448167	0.448167	0.448167	0.448167	0	0.448167	0.89628	0.89628	0.448167	0.448167	0.448167	0.448167	0.89628	0.448167	0.448167	0.448167	0.89628	0.89628	0.89628	0.89628	0.448167	0.89628	0.448167	0.448167	0.448167	0.448167	0.89628	1.34428	0.89628	0.448167	0.89628	0.448167	0.448167	0.89628	0.448167	0.89628	0.89628	0.448167	0.89628	1.34428	0.89628	0.448167	1.34428	0.89628	0.448167	0.448167	0.448167	0.89628	1.34428	0.89628	0.448167	0.89628	0.448167	0.89628	0.89628	0.448167	0.89628	0.89628	0.448167	0.89628	1.34428	0.448167	0.448167	0.448167	0.448167	0.89628	0.448167	0.448167	0.89628	0.448167	0	0.448167	0.448167	0.448167	0.89628	0.448167	0.448167	0.448167	0.448167	0.448167	0	0	0.448167	0.89628	0.448167	0	0	0.448167	0.448167	0	0	0	0	0	0	0	0	0	0	0	0	0.448167	0.448167	0	0	0	0	0	0	0	0	0	0	0	0	0.448167	0.448167	0	0	0.448167	0.448167	0	0	0.448167	0.448167	0	0.448167	0.448167	0	0.448167	0.448167	0.448167	0.448167	0.448167	0.448167	0.448167	0.448167	0.448167	0.448167	0	0.448167	0.89628	0.89628	0.448167	0.448167	0.448167	0.448167	0.89628	0.448167	0.448167	0.89628	0.448167	0.448167	0.89628	0.448167	0.448167	0.448167	0	0.448167	0.89628	0.448167	0.448167	0.448167	0.448167	0.448167	0.448167	0.448167	0.448167	0.89628	0.448167	0.448167	0.448167	1.34428	1.34428	0.448167	0.448167	0.448167	0.89628	0.448167	0.448167	0.448167	0	0.448167	0.89628	0.448167	0	0.448167	0.448167	0.448167	0.448167	0.448167	0.448167	0	0.448167	0.448167	0.448167	0.448167	0	0	0.448167	0.448167	0	0.448167	0.448167	0.448167	0.448167	0.448167	0.448167	0	0.448167
0.448125	0.448125	0	0.448125	0.448125	0	0	0.448125	0.448125	0	0	0.448125	0.448125	0	0.448125	0.448125	0	0	0	0	0.448125	0.448125	0	0	0	0.448125	0.448125	0	0	0	0.448125	0.448125	0.448125	0.448125	0.448125	0.448125	0	0.448125	0.448125	0.448125	0.896196	0.896196	0.448125	0.448125	0.896196	0.448125	0.448125	0.448125	0.448125	0.448125	0	0.448125	0.896196	0.896196	0.448125	0.448125	0.448125	0.448125	0.896196	0.448125	0.448125	0.448125	0.896196	0.896196	0.896196	0.896196	0.448125	0.896196	0.448125	0.448125	0.448125	0.448125	0.896196	1.34416	0.896196	0.448125	0.896196	0.448125	0.448125	0.896196	0.448125	0.896196	0.896196	0.448125	0.896196	1.34416	0.896196	0.448125	1.34416	0.896196	0.448125	0.448125	0.448125	0.896196	1.34416	0.896196	0.448125	0.896196	0.448125	0.896196	0.896196	0.448125	0.896196	0.896196	0.448125	0.896196	1.34416	0.448125	0.448125	0.448125	0.448125	0.896196	0.448125	0.448125	0.896196	0.448125	0	0.448125	0.448125	0.448125	0.896196	0.448125	0.448125	0.448125	0.448125	0.448125	0	0	0.448125	0.896196	0.448125	0	0	0.448125	0.448125	0	0	0	0	0	0	0	0	0	0	0	0	0.448125	0.448125	0	0	0	0	0	0	0	0	0	0	0	0	0.448125	0.448125	0	0	0.448125	0.448125	0	0	0.448125	0.448125	0	0.448125	0.448125	0	0.448125	0.448125	0.448125	0.448125	0.448125	0.448125	0.448125	0.448125	0.448125	0.448125	0	0.448125	0.896196	0.896196	0.448125	0.448125	0.448125	0.448125	0.896196	0.448125	0.448125	0.896196	0.448125	0.448125	0.896196	0.448125	0.448125	0.448125	0	0.448125	0.896196	0.448125	0.448125	0.448125	0.448125	0.448125	0.448125	0.448125	0.448125	0.896196	0.448125	0.448125	0.448125	1.34416	1.34416	0.448125	0.448125	0.448125	0.896196	0.448125	0.448125	0.448125	0	0.448125	0.896196	0.448125	0	0.448125	0.448125	0.448125	0.448125	0.448125	0.448125	0	0.448125	0.448125	0.448125	0.448125	0	0	0.448125	0.448125	0	0.448125	0.448125	0.448125	0.448125	0.448125	0.448125	0	0.448125
0.448083	0.448083	0	0.448083	0.448083	0	0	0.448083	0.448083	0	0	0.448083	0.448083	0	0.448083	0.448083	0	0	0	0	0.448083	0.448083	0	0	0	0.448083	0.448083	0	0	0	0.448083	0.448083	0.448083	0.448083	0.448083	0.448083	0	0.448083	0.448083	0.448083	0.896112	0.896112	0.448083	0.448083	0.896112	0.448083	0.448083	0.448083	0.448083	0.448083	0	0.448083	0.896112	0.896112	0.448083	0.448083	0.448083	0.448083	0.896112	0.448083	0.448083	0.448083	0.896112	0.896112	0.896112	0.896112	0.448083	0.896112	0.448083	0.448083	0.448083	0.448083	0.896112	1.34403	0.896112	0.448083	0.896112	0.448083	0.448083	0.896112	0.448083	0.896112	0.896112	0.448083	0.896112	1.34403	0.896112	0.448083	1.34403	0.896112	0.448083	0.448083	0.448083	0.896112	1.34403	0.896112	0.448083	0.896112	0.448083	0.896112	0.896112	0.448083	0.896112	0.896112	0.448083	0.896112	1.34403	0.448083	0.448083	0.448083	0.448083	0.896112	0.448083	0.448083	0.896112	0.448083	0	0.448083	0.448083	0.448083	0.896112	0.448083	0.448083	0.448083	0.448083	0.448083	0	0	0.448083	0.896112	0.448083	0	0	0.448083	0.448083	0	0	0	0	0	0	0	0	0	0	0	0	0.448083	0.448083	0	0	0	0	0	0	0	0	0	0	0	0	0.448083	0.448083	0	0	0.448083	0.448083	0	0	0.448083	0.448083	0	0.448083	0.448083	0	0.448083	0.448083	0.448083	0.448083	0.448083	0.448083	0.448083	0.448083	0.448083	0.448083	0	0.448083	0.896112	0.896112	0.448083	0.448083	0.448083	0.448083	0.896112	0.448083	0.448083	0.896112	0.448083	0.448083	0.896112	0.448083	0.448083	0.448083	0	0.448083	0.896112	0.448083	0.448083	0.448083	0.448083	0.448083	0.448083	0.448083	0.448083	0.896112	0.448083	0.448083	0.448083	1.34403	1.34403	0.448083	0.448083	0.448083	0.896112	0.448083	0.448083	0.448083	0	0.448083	0.896112	0.448083	0	0.448083	0.448083	0.448083	0.448083	0.448083	0.448083	0	0.448083	0.448083	0.448083	0.448083	0	0	0.448083	0.448083	0	0.448083	0.448083	0.448083	0.448083	0.448083	0.448083	0	0.448083
0.448041	0.448041	0	0.448041	0.448041	0	0	0.448041	0.448041	0	0	0.448041	0.448041	0	0.448041	0.448041	0	0	0	0	0.448041	0.448041	0	0	0	0.448041	0.448041	0	0	0	0.448041	0.448041	0.448041	0.448041	0.448041	0.448041	0	0.448041	0.448041	0.448041	0.896028	0.896028	0.448041	0.448041	0.896028	0.448041	0.448041	0.448041	0.448041	0.448041	0	0.448041	0.896028	0.896028	0.448041	0.448041	0.448041	0.448041	0.896028	0.448041	0.448041	0.448041	0.896028	0.896028	0.896028	0.896028	0.448041	0.896028	0.448041	0.448041	0.448041	0.448041	0.896028	1.3439	0.896028	0.448041	0.896028	0.448041	0.448041	0.896028	0.448041	0.896028	0.896028	0.448041	0.896028	1.3439	0.896028	0.448041	1.3439	0.896028	0.448041	0.448041	0.448041	0.896028	1.3439	0.896028	0.448041	0.896028	0.448041	0.896028	0.896028	0.448041	0.896028	0.896028	0.448041	0.896028	1.3439	0.448041	0.448041	0.448041	0.448041	0.896028	0.448041	0.448041	0.896028	0.448041	0	0.448041	0.448041	0.448041	0.896028	0.448041	0.448041	0.448041	0.448041	0.448041	0	0	0.448041	0.896028	0.448041	0	0	0.448041	0.448041	0	0	0	0	0	0	0	0	0	0	0	0	0.448041	0.448041	0	0	0	0	0	0	0	0	0	0	0	0	0.448041	0.448041	0	0	0.448041	0.448041	0	0	0.448041	0.448041	0	0.448041	0.448041	0	0.448041	0.448041	0.448041	0.448041	0.448041	0.448041	0.448041	0.448041	0.448041	0.448041	0	0.448041	0.896028	0.896028	0.448041	0.448041	0.448041	0.448041	0.896028	0.448041	0.448041	0.896028	0.448041	0.448041	0.896028	0.448041	0.448041	0.448041	0	0.448041	0.896028	0.448041	0.448041	0.448041	0.448041	0.448041	0.448041	0.448041	0.448041	0.896028	0.448041	0.448041	0.448041	1.3439	1.3439	0.448041	0.448041	0.448041	0.896028	0.448041	0.448041	0.448041	0	0.448041	0.896028	0.448041	0	0.448041	0.448041	0.448041	0.448041	0.448041	0.448041	0	0.448041	0.448041	0.448041	0.448041	0	0	0.448041	0.448041	0	0.448041	0.448041	0.448041	0.448041	0.448041	0.448041	0	0.448041
0.447992	0.447992	0	0.447992	0.447992	0	0	0.447992	0.447992	0	0	0.447992	0.447992	0	0.447992	0.447992	0	0	0	0	0.447992	0.447992	0	0	0	0.447992	0.447992	0	0	0	0.447992	0.447992	0.447992	0.447992	0.447992	0.447992	0	0.447992	0.447992	0.447992	0.89593	0.89593	0.447992	0.447992	0.89593	0.447992	0.447992	0.447992	0.447992	0.447992	0	0.447992	0.89593	0.89593	0.447992	0.447992	0.447992	0.447992	0.89593	0.447992	0.447992	0.447992	0.89593	0.89593	0.89593	0.89593	0.447992	0.89593	0.447992	0.447992	0.447992	0.447992	0.89593	1.34376	0.89593	0.447992	0.89593	0.447992	0.447992	0.89593	0.447992	0.89593	0.89593	0.447992	0.89593	1.34376	0.89593	0.447992	1.34376	0.89593	0.447992	0.447992	0.447992	0.89593	1.34376	0.89593	0.447992	0.89593	0.447992	0.89593	0.89593	0.447992	0.89593	0.89593	0.447992	0.89593	1.34376	0.447992	0.447992	0.447992	0.447992	0.89593	0.447992	0.447992	0.89593	0.447992	0	0.447992	0.447992	0.447992	0.89593	0.447992	0.447992	0.447992	0.447992	0.447992	0	0	0.447992	0.89593	0.447992	0	0	0.447992	0.447992	0	0	0	0	0	0	0	0	0	0	0	0	0.447992	0.447992	0	0	0	0	0	0	0	0	0	0	0	0	0.447992	0.447992	0	0	0.447992	0.447992	0	0	0.447992	0.447992	0	0.447992	0.447992	0	0.447992	0.447992	0.447992	0.447992	0.447992	0.447992	0.447992	0.447992	0.447992	0.447992	0	0.447992	0.89593	0.89593	0.447992	0.447992	0.447992	0.447992	0.89593	0.447992	0.447992	0.89593	0.447992	0.447992	0.89593	0.447992	0.447992	0.447992	0	0.447992	0.89593	0.447992	0.447992	0.447992	0.447992	0.447992	0.447992	0.447992	0.447992	0.89593	0.447992	0.447992	0.447992	1.34376	1.34376	0.447992	0.447992	0.447992	0.89593	0.447992	0.447992	0.447992	0	0.447992	0.89593	0.447992	0	0.447992	0.447992	0.447992	0.447992	0.447992	0.447992	0	0.447992	0.447992	0.447992	0.447992	0	0	0.447992	0.447992	0	0.447992	0.447992	0.447992	0.447992	0.447992	0.447992	0	0.447992
1.41638	1.41638	1.34374	1.41638	1.41638	1.34374	1.34374	1.41638	1.41638	1.34374	1.34374	1.41638	1.41638	1.34374	1.41638	1.41638	1.34374	1.34374	1.34374	1.34374	1.41638	1.41638	1.34374	1.34374	1.34374	1.27676	1.06238	0.895916	1.01408	1.23687	1.27676	1.06238	1.00163	1.00163	0.852882	0.653016	0.447985	0.633509	0.633509	0.47514	0.791838	0.791838	0.47514	0.633509	0.963307	0.852882	1.00163	1.00163	1.00163	1.00163	0.895916	1.00163	1.26686	1.27673	1.27676	1.41638	1.41638	1.41638	1.6148	1.41638	1.41638	1.41638	1.6148	1.6148	1.65315	1.85323	1.84648	2.00264	1.84648	1.84648	1.84648	1.84648	2.00264	2.26656	2.26659	2.28312	2.41107	2.28312	2.28312	2.35328	1.98381	2.00264	2.00264	1.77028	1.77024	1.89991	1.6148	1.41638	1.89991	1.6148	1.35301	1.15292	1.00163	1.27671	1.50218	1.10855	0.963332	1.15287	0.633509	0.963307	1.10855	0.963332	1.15287	1.06232	0.571021	0.791838	1.27668	0.633509	0.633509	0.633509	0.652992	1.01401	0.44795	0.44795	0.895845	0.571021	0.354163	0.633509	0.633509	0.633509	1.00158	0.633509	0.47514	0.354141	0.571021	0.652992	0.447985	0.447985	0.633509	1.00158	0.633509	0.447985	0.447985	0.47514	0.500829	0.354163	0.447985	0.447985	0.447985	0.447985	0.571062	0.791898	0.895916	0.895916	0.895916	0.895916	0.895916	0.852882	0.653016	0.571062	0.791898	0.895916	0.895916	0.895916	0.895916	0.895916	0.895916	0.895916	0.895916	0.895916	1.01408	1.20607	1.06238	0.895916	0.895916	0.852882	0.653016	0.571062	0.791898	0.852882	0.80756	0.791898	0.852882	0.653016	0.571062	0.963332	1.00163	0.852882	0.80756	0.963332	1.00163	0.852882	0.653016	0.633509	0.791868	0.791898	1.00163	1.26686	1.26686	1.00163	1.00163	1.00163	1.00163	1.26686	1.00163	1.00163	1.26686	1.00163	1.15292	1.59134	1.41638	1.41638	1.55956	1.68322	1.84648	2.00264	1.84648	1.84648	1.84648	1.84648	1.98381	2.19933	2.28312	2.28312	2.41107	2.28312	2.28312	2.28312	2.45732	2.26656	1.84648	1.84648	1.84648	1.85323	1.4939	1.41638	1.41638	1.34374	1.41638	1.6148	1.41638	1.34374	1.41638	1.41638	1.27676	1.06238	1.00163	1.00163	0.895916	1.00163	1.00163	1.00163	1.00163	0.895916	0.895916	1.00163	1.00163	0.895916	0.852882	0.653016	0.633509	0.633509	0.633509	0.633509	0.447985	0.633509
1.41625	1.41625	1.34361	1.41625	1.41625	1.34361	1.34361	1.41625	1.41625	1.34361	1.34361	1.41625	1.41625	1.34361	1.41625	1.41625	1.34361	1.34361	1.34361	1.34361	1.41625	1.41625	1.34361	1.34361	1.34361	1.23676	1.01399	0.895831	1.06228	1.27664	1.23676	1.01399	1.00153	1.00153	0.791824	0.571009	0.447943	0.63345	0.63345	0.35413	0.570967	0.570967	0.35413	0.63345	0.791794	0.791824	1.00153	1.00153	1.00153	1.00153	0.895831	1.00153	1.26674	1.15281	1.23676	1.41625	1.41625	1.41625	1.61465	1.41625	1.41625	1.41625	1.61465	1.61465	1.55941	1.77011	1.84631	2.00246	1.84631	1.84631	1.84631	1.84631	2.00246	2.15308	2.19912	2.2829	2.41085	2.2829	2.2829	2.45709	2.05797	2.00246	2.00246	1.85306	1.90632	1.89973	1.61465	1.41625	1.89973	1.61465	1.4598	1.27661	1.00153	1.45975	1.50204	0.963242	1.10844	1.35282	0.63345	0.791794	0.963242	1.10844	1.35282	1.27656	0.791764	0.570967	1.06222	0.63345	0.63345	0.63345	0.852756	1.23666	0.447908	0.447908	0.895761	0.791764	0.475096	0.63345	0.63345	0.63345	1.00149	0.63345	0.35413	0.158368	0.791764	0.852756	0.447943	0.447943	0.63345	1.00149	0.63345	0.447943	0.447943	0.35413	0.500782	0.475096	0.447943	0.447943	0.447943	0.447943	0.652955	0.852802	0.895831	0.895831	0.895831	0.895831	0.895831	0.791824	0.571009	0.652955	0.852802	0.895831	0.895831	0.895831	0.895831	0.895831	0.895831	0.895831	0.895831	0.895831	1.06228	1.20596	1.01399	0.895831	0.895831	0.791824	0.571009	0.652955	0.852802	0.791824	0.807484	0.852802	0.791824	0.571009	0.652955	1.10844	1.00153	0.791824	0.807484	1.10844	1.00153	0.791824	0.571009	0.63345	0.963217	0.852802	1.00153	1.26674	1.26674	1.00153	1.00153	1.00153	1.00153	1.26674	1.00153	1.00153	1.26674	1.00153	1.27661	1.74152	1.41625	1.41625	1.653	1.71257	1.84631	2.00246	1.84631	1.84631	1.84631	1.84631	2.05797	2.26638	2.2829	2.2829	2.41085	2.2829	2.2829	2.2829	2.35306	2.15308	1.84631	1.84631	1.84631	1.77011	1.45983	1.41625	1.41625	1.34361	1.41625	1.61465	1.41625	1.34361	1.41625	1.41625	1.23676	1.01399	1.00153	1.00153	0.895831	1.00153	1.00153	1.00153	1.00153	0.895831	0.895831	1.00153	1.00153	0.895831	0.791824	0.571009	0.63345	0.63345	0.63345	0.63345	0.447943	0.63345
0.447866	0.447866	0	0.447866	0.447866	0	0	0.447866	0.447866	0	0	0.447866	0.447866	0	0.447866	0.447866	0	0	0	0	0.447866	0.447866	0	0	0	0	0	0	0.447866	0.447866	0	0	0.447866	0.447866	0	0	0	0.447866	0.447866	0	0.447866	0.447866	0	0.447866	0.447866	0	0.447866	0.447866	0.447866	0.447866	0	0.447866	0.895677	0.447866	0	0.447866	0.447866	0.447866	0.895677	0.447866	0.447866	0.447866	0.895677	0.895677	0.447866	0.447866	0.447866	0.895677	0.447866	0.447866	0.447866	0.447866	0.895677	0.895677	0.447866	0.447866	0.895677	0.447866	0.447866	1.34338	0.895677	0.895677	0.895677	0.895677	1.34338	1.34338	0.895677	0.447866	1.34338	0.895677	0.895677	0.895677	0.447866	1.34338	1.34338	0.447866	0.895677	1.34338	0.447866	0.447866	0.447866	0.895677	1.34338	1.34338	0.895677	0.447866	0.895677	0.447866	0.447866	0.447866	0.895677	1.34338	0.447866	0.447866	0.895677	0.895677	0.447866	0.447866	0.447866	0.447866	0.895677	0.447866	0	0	0.895677	0.895677	0	0	0.447866	0.895677	0.447866	0	0	0	0.447866	0.447866	0	0	0	0	0.447866	0.447866	0	0	0	0	0	0	0	0.447866	0.447866	0	0	0	0	0	0	0	0	0	0.447866	0.447866	0	0	0	0	0	0.447866	0.447866	0	0.447866	0.447866	0	0	0.447866	0.895677	0.447866	0	0.447866	0.895677	0.447866	0	0	0.447866	0.895677	0.447866	0.447866	0.895677	0.895677	0.447866	0.447866	0.447866	0.447866	0.895677	0.447866	0.447866	0.895677	0.447866	0.895677	1.34338	0.447866	0.447866	0.895677	0.447866	0.447866	0.895677	0.447866	0.447866	0.447866	0.447866	0.895677	0.895677	0.447866	0.447866	0.895677	0.447866	0.447866	0.447866	0.895677	0.895677	0.447866	0.447866	0.447866	0.447866	0	0.447866	0.447866	0	0.447866	0.895677	0.447866	0	0.447866	0.447866	0	0	0.447866	0.447866	0	0.447866	0.447866	0.447866	0.447866	0	0	0.447866	0.447866	0	0	0	0.447866	0.447866	0.447866	0.447866	0	0.447866
0.447824	0.447824	0	0.447824	0.447824	0	0	0.447824	0.447824	0	0	0.447824	0.447824	0	0.447824	0.447824	0	0	0	0	0.447824	0.447824	0	0	0	0	0	0	0.447824	0.447824	0	0	0.447824	0.447824	0	0	0	0.447824	0.447824	0	0.447824	0.447824	0	0.447824	0.447824	0	0.447824	0.447824	0.447824	0.447824	0	0.447824	0.895593	0.447824	0	0.447824	0.447824	0.447824	0.895593	0.447824	0.447824	0.447824	0.895593	0.895593	0.447824	0.447824	0.447824	0.895593	0.447824	0.447824	0.447824	0.447824	0.895593	0.895593	0.447824	0.447824	0.895593	0.447824	0.447824	1.34325	0.895593	0.895593	0.895593	0.895593	1.34325	1.34325	0.895593	0.447824	1.34325	0.895593	0.895593	0.895593	0.447824	1.34325	1.34325	0.447824	0.895593	1.34325	0.447824	0.447824	0.447824	0.895593	1.34325	1.34325	0.895593	0.447824	0.895593	0.447824	0.447824	0.447824	0.895593	1.34325	0.447824	0.447824	0.895593	0.895593	0.447824	0.447824	0.447824	0.447824	0.895593	0.447824	0	0	0.895593	0.895593	0	0	0.447824	0.895593	0.447824	0	0	0	0.447824	0.447824	0	0	0	0	0.447824	0.447824	0	0	0	0	0	0	0	0.447824	0.447824	0	0	0	0	0	0	0	0	0	0.447824	0.447824	0	0	0	0	0	0.447824	0.447824	0	0.447824	0.447824	0	0	0.447824	0.895593	0.447824	0	0.447824	0.895593	0.447824	0	0	0.447824	0.895593	0.447824	0.447824	0.895593	0.895593	0.447824	0.447824	0.447824	0.447824	0.895593	0.447824	0.447824	0.895593	0.447824	0.895593	1.34325	0.447824	0.447824	0.895593	0.447824	0.447824	0.895593	0.447824	0.447824	0.447824	0.447824	0.895593	0.895593	0.447824	0.447824	0.895593	0.447824	0.447824	0.447824	0.895593	0.895593	0.447824	0.447824	0.447824	0.447824	0	0.447824	0.447824	0	0.447824	0.895593	0.447824	0	0.447824	0.447824	0	0	0.447824	0.447824	0	0.447824	0.447824	0.447824	0.447824	0	0	0.447824	0.447824	0	0	0	0.447824	0.447824	0.447824	0.447824	0	0.447824
0.447782	0.447782	0	0.447782	0.447782	0	0	0.447782	0.447782	0	0	0.447782	0.447782	0	0.447782	0.447782	0	0	0	0	0.447782	0.447782	0	0	0	0	0	0	0.447782	0.447782	0	0	0.447782	0.447782	0	0	0	0.447782	0.447782	0	0.447782	0.447782	0	0.447782	0.447782	0	0.447782	0.447782	0.447782	0.447782	0	0.447782	0.895509	0.447782	0	0.447782	0.447782	0.447782	0.895509	0.447782	0.447782	0.447782	0.895509	0.895509	0.447782	0.447782	0.447782	0.895509	0.447782	0.447782	0.447782	0.447782	0.895509	0.895509	0.447782	0.447782	0.895509	0.447782	0.447782	1.34313	0.895509	0.895509	0.895509	0.895509	1.34313	1.34313	0.895509	0.447782	1.34313	0.895509	0.895509	0.895509	0.447782	1.34313	1.34313	0.447782	0.895509	1.34313	0.447782	0.447782	0.447782	0.895509	1.34313	1.34313	0.895509	0.447782	0.895509	0.447782	0.447782	0.447782	0.895509	1.34313	0.447782	0.447782	0.895509	0.895509	0.447782	0.447782	0.447782	0.447782	0.895509	0.447782	0	0	0.895509	0.895509	0	0	0.447782	0.895509	0.447782	0	0	0	0.447782	0.447782	0	0	0	0	0.447782	0.447782	0	0	0	0	0	0	0	0.447782	0.447782	0	0	0	0	0	0	0	0	0	0.447782	0.447782	0	0	0	0	0	0.447782	0.447782	0	0.447782	0.447782	0	0	0.447782	0.895509	0.447782	0	0.447782	0.895509	0.447782	0	0	0.447782	0.895509	0.447782	0.447782	0.895509	0.895509	0.447782	0.447782	0.447782	0.447782	0.895509	0.447782	0.447782	0.895509	0.447782	0.895509	1.34313	0.447782	0.447782	0.895509	0.447782	0.447782	0.895509	0.447782	0.447782	0.447782	0.447782	0.895509	0.895509	0.447782	0.447782	0.895509	0.447782	0.447782	0.447782	0.895509	0.895509	0.447782	0.447782	0.447782	0.447782	0	0.447782	0.447782	0	0.447782	0.895509	0.447782	0	0.447782	0.447782	0	0	0.447782	0.447782	0	0.447782	0.447782	0.447782	0.447782	0	0	0.447782	0.447782	0	0	0	0.447782	0.447782	0.447782	0.447782	0	0.447782
0.96288	1.00116	0.895495	1.00116	1.00116	1.01361	1.23629	1.27616	1.2055	1.36162	1.68243	1.71193	1.62951	1.68243	1.84561	1.84561	1.79055	1.90567	2.12894	2.23778	2.28205	2.28205	2.23778	2.23778	2.23778	2.23778	2.35221	2.57546	2.59479	2.37337	2.23778	2.23778	2.15231	1.93175	1.79055	1.90567	2.12894	2.15231	1.93175	1.79055	1.84561	1.84561	1.79055	1.71193	1.4932	1.34311	1.41572	1.41572	1.27616	1.06188	0.895495	1.00116	1.26627	1.00116	0.895495	1.00116	1.00116	0.852482	0.962856	0.633212	0.633212	0.633212	0.852437	0.791467	0.44774	0.44774	0.44774	0.895426	0.44774	0.44774	0.44774	0.44774	0.895426	0.895426	0.44774	0.44774	0.895426	0.44774	0.570753	1.36152	0.791467	0.791467	0.852437	1.00111	1.41563	1.41563	1.00111	0.633212	1.41563	1.00111	1.00111	1.00111	0.633212	1.41563	1.41563	0.633212	1.00111	1.4931	0.570753	0.44774	0.44774	0.895426	1.343	1.2362	0.852437	0.633212	1.06182	0.570753	0.44774	0.44774	0.791467	1.27608	0.633212	0.652686	1.01353	0.895426	0.44774	0.44774	0.44774	0.44774	0.895426	0.44774	0.158309	0.353997	0.852437	0.791467	0.158309	0.353997	0.633212	0.852437	0.353975	0.158309	0.353997	0.447775	0.633212	0.633212	0.447775	0.570794	0.791527	0.895495	0.852482	0.65271	0.570794	0.791527	0.895495	0.895495	0.895495	0.895495	0.895495	1.00116	1.00116	0.895495	0.895495	0.895495	0.895495	0.895495	0.895495	0.895495	0.895495	0.895495	0.852482	0.65271	0.447775	0.570794	0.791527	0.895495	0.895495	0.852482	0.65271	0.570794	0.807182	0.65271	0.570794	0.791527	0.852482	0.962856	0.633212	0.570794	0.807182	0.962856	0.633212	0.570794	0.791527	1.00116	1.26627	1.00116	1.00116	1.26627	1.26627	1.00116	1.00116	1.00116	1.00116	1.26627	1.00116	1.00116	1.26627	1.00116	1.10803	1.35231	0.633212	0.633212	1.00111	0.633212	0.633212	1.00111	0.633212	0.633212	0.633212	0.791497	1.27611	1.26627	1.00116	1.00116	1.26627	1.00116	1.00116	1.00116	1.26627	1.26627	1.00116	1.00116	1.00116	1.00116	0.895495	1.00116	1.00116	1.01361	1.2055	1.27613	1.00116	0.895495	1.00116	1.00116	0.895495	0.895495	1.00116	1.15238	1.23629	1.27616	1.2055	1.2055	1.06188	1.01361	1.23629	1.27616	1.2055	1.23629	1.34311	1.34311	1.41572	1.41572	1.27616	1.06188	1.01361	1.2055
1.10792	1.00105	0.895398	1.00105	1.00105	1.06177	1.27603	1.23616	1.20538	1.50139	1.71174	1.68225	1.62933	1.71174	1.84541	1.84541	1.79036	1.93154	2.15207	2.23754	2.2818	2.2818	2.23754	2.23754	2.23754	2.23754	2.37311	2.59451	2.57517	2.35195	2.23754	2.23754	2.12871	1.90546	1.79036	1.93154	2.15207	2.12871	1.90546	1.79036	1.84541	1.84541	1.79036	1.68225	1.45912	1.34296	1.41557	1.41557	1.23616	1.0135	0.895398	1.00105	1.26614	1.00105	0.895398	1.00105	1.00105	0.79144	0.791416	0.633148	0.633148	0.633148	0.652622	0.570699	0.447698	0.447698	0.447698	0.895342	0.447698	0.447698	0.447698	0.447698	0.895342	0.895342	0.447698	0.447698	0.895342	0.447698	0.791393	1.36139	0.570699	0.570699	0.652622	1.00101	1.4155	1.4155	1.00101	0.633148	1.4155	1.00101	1.00101	1.00101	0.633148	1.4155	1.4155	0.633148	1.00101	1.71165	0.791393	0.447698	0.447698	0.895342	1.34288	1.01344	0.652622	0.633148	1.27596	0.791393	0.447698	0.447698	0.570699	1.06172	0.633148	0.852355	1.23608	0.895342	0.447698	0.447698	0.447698	0.447698	0.895342	0.447698	0.353941	0.474869	0.652622	0.570699	0.353941	0.474869	0.633148	0.652622	0.158293	0.353941	0.474869	0.447726	0.633148	0.633148	0.447726	0.652642	0.852391	0.895398	0.79144	0.570732	0.652642	0.852391	0.895398	0.895398	0.895398	0.895398	0.895398	1.00105	1.00105	0.895398	0.895398	0.895398	0.895398	0.895398	0.895398	0.895398	0.895398	0.895398	0.79144	0.570732	0.447726	0.652642	0.852391	0.895398	0.895398	0.79144	0.570732	0.652642	0.807097	0.570732	0.652642	0.852391	0.79144	0.791416	0.633148	0.652642	0.807097	0.791416	0.633148	0.652642	0.852391	1.00105	1.26614	1.00105	1.00105	1.26614	1.26614	1.00105	1.00105	1.00105	1.00105	1.26614	1.00105	1.00105	1.26614	1.00105	0.96278	1.15222	0.633148	0.633148	1.00101	0.633148	0.633148	1.00101	0.633148	0.633148	0.633148	0.962761	1.45906	1.26614	1.00105	1.00105	1.26614	1.00105	1.00105	1.00105	1.26614	1.26614	1.00105	1.00105	1.00105	1.00105	0.895398	1.00105	1.00105	1.06177	1.20538	1.15226	1.00105	0.895398	1.00105	1.00105	0.895398	0.895398	1.00105	1.276	1.27603	1.23616	1.20538	1.20538	1.0135	1.06177	1.27603	1.23616	1.20538	1.27603	1.34296	1.34296	1.41557	1.41557	1.23616	1.0135	1.06177	1.20538
0.895258	0.447656	0	0.447656	0.447656	0.447656	0.447656	0	0.447656	0.895258	0.447656	0	0.447656	0.447656	0.447656	0.447656	0	0.447656	0.447656	0	0.447656	0.447656	0	0	0	0	0.447656	0.447656	0	0	0	0	0	0	0	0.447656	0.447656	0	0	0	0.447656	0.447656	0	0	0	0	0.447656	0.447656	0	0	0	0.447656	0.895258	0.447656	0	0.447656	0.447656	0	0.447656	0.447656	0.447656	0.447656	0.447656	0.447656	0.447656	0.447656	0.447656	0.895258	0.447656	0.447656	0.447656	0.447656	0.895258	0.895258	0.447656	0.447656	0.895258	0.447656	0.895258	1.34275	0.447656	0.447656	0.447656	0.895258	1.34275	1.34275	0.895258	0.447656	1.34275	0.895258	0.895258	0.895258	0.447656	1.34275	1.34275	0.447656	0.895258	1.79008	0.895258	0.447656	0.447656	0.895258	1.34275	0.895258	0.447656	0.447656	1.34275	0.895258	0.447656	0.447656	0.447656	0.895258	0.447656	0.895258	1.34275	0.895258	0.447656	0.447656	0.447656	0.447656	0.895258	0.447656	0.447656	0.447656	0.447656	0.447656	0.447656	0.447656	0.447656	0.447656	0	0.447656	0.447656	0	0.447656	0.447656	0	0.447656	0.447656	0	0	0	0.447656	0.447656	0	0	0	0	0	0.447656	0.447656	0	0	0	0	0	0	0	0	0	0	0	0	0.447656	0.447656	0	0	0	0	0.447656	0.447656	0	0.447656	0.447656	0	0.447656	0.447656	0.447656	0.447656	0.447656	0.447656	0.447656	0.447656	0.447656	0.895258	0.447656	0.447656	0.895258	0.895258	0.447656	0.447656	0.447656	0.447656	0.895258	0.447656	0.447656	0.895258	0.447656	0.447656	0.895258	0.447656	0.447656	0.895258	0.447656	0.447656	0.895258	0.447656	0.447656	0.447656	0.895258	1.34275	0.895258	0.447656	0.447656	0.895258	0.447656	0.447656	0.447656	0.895258	0.895258	0.447656	0.447656	0.447656	0.447656	0	0.447656	0.447656	0.447656	0.447656	0.447656	0.447656	0	0.447656	0.447656	0	0	0.447656	0.895258	0.447656	0	0.447656	0.447656	0	0.447656	0.447656	0	0.447656	0.447656	0	0	0.447656	0.447656	0	0	0.447656	0.447656
0.895174	0.447614	0	0.447614	0.447614	0.447614	0.447614	0	0.447614	0.895174	0.447614	0	0.447614	0.447614	0.447614	0.447614	0	0.447614	0.447614	0	0.447614	0.447614	0	0	0	0	0.447614	0.447614	0	0	0	0	0	0	0	0.447614	0.447614	0	0	0	0.447614	0.447614	0	0	0	0	0.447614	0.447614	0	0	0	0.447614	0.895174	0.447614	0	0.447614	0.447614	0	0.447614	0.447614	0.447614	0.447614	0.447614	0.447614	0.447614	0.447614	0.447614	0.895174	0.447614	0.447614	0.447614	0.447614	0.895174	0.895174	0.447614	0.447614	0.895174	0.447614	0.895174	1.34262	0.447614	0.447614	0.447614	0.895174	1.34262	1.34262	0.895174	0.447614	1.34262	0.895174	0.895174	0.895174	0.447614	1.34262	1.34262	0.447614	0.895174	1.78991	0.895174	0.447614	0.447614	0.895174	1.34262	0.895174	0.447614	0.447614	1.34262	0.895174	0.447614	0.447614	0.447614	0.895174	0.447614	0.895174	1.34262	0.895174	0.447614	0.447614	0.447614	0.447614	0.895174	0.447614	0.447614	0.447614	0.447614	0.447614	0.447614	0.447614	0.447614	0.447614	0	0.447614	0.447614	0	0.447614	0.447614	0	0.447614	0.447614	0	0	0	0.447614	0.447614	0	0	0	0	0	0.447614	0.447614	0	0	0	0	0	0	0	0	0	0	0	0	0.447614	0.447614	0	0	0	0	0.447614	0.447614	0	0.447614	0.447614	0	0.447614	0.447614	0.447614	0.447614	0.447614	0.447614	0.447614	0.447614	0.447614	0.895174	0.447614	0.447614	0.895174	0.895174	0.447614	0.447614	0.447614	0.447614	0.895174	0.447614	0.447614	0.895174	0.447614	0.447614	0.895174	0.447614	0.447614	0.895174	0.447614	0.447614	0.895174	0.447614	0.447614	0.447614	0.895174	1.34262	0.895174	0.447614	0.447614	0.895174	0.447614	0.447614	0.447614	0.895174	0.895174	0.447614	0.447614	0.447614	0.447614	0	0.447614	0.447614	0.447614	0.447614	0.447614	0.447614	0	0.447614	0.447614	0	0	0.447614	0.895174	0.447614	0	0.447614	0.447614	0	0.447614	0.447614	0	0.447614	0.447614	0	0	0.447614	0.447614	0	0	0.447614	0.447614
0.895076	0.447565	0	0.447565	0.447565	0.447565	0.447565	0	0.447565	0.895076	0.447565	0	0.447565	0.447565	0.447565	0.447565	0	0.447565	0.447565	0	0.447565	0.447565	0	0	0	0	0.447565	0.447565	0	0	0	0	0	0	0	0.447565	0.447565	0	0	0	0.447565	0.447565	0	0	0	0	0.447565	0.447565	0	0	0	0.447565	0.895076	0.447565	0	0.447565	0.447565	0	0.447565	0.447565	0.447565	0.447565	0.447565	0.447565	0.447565	0.447565	0.447565	0.895076	0.447565	0.447565	0.447565	0.447565	0.895076	0.895076	0.447565	0.447565	0.895076	0.447565	0.895076	1.34248	0.447565	0.447565	0.447565	0.895076	1.34248	1.34248	0.895076	0.447565	1.34248	0.895076	0.895076	0.895076	0.447565	1.34248	1.34248	0.447565	0.895076	1.78971	0.895076	0.447565	0.447565	0.895076	1.34248	0.895076	0.447565	0.447565	1.34248	0.895076	0.447565	0.447565	0.447565	0.895076	0.447565	0.895076	1.34248	0.895076	0.447565	0.447565	0.447565	0.447565	0.895076	0.447565	0.447565	0.447565	0.447565	0.447565	0.447565	0.447565	0.447565	0.447565	0	0.447565	0.447565	0	0.447565	0.447565	0	0.447565	0.447565	0	0	0	0.447565	0.447565	0	0	0	0	0	0.447565	0.447565	0	0	0	0	0	0	0	0	0	0	0	0	0.447565	0.447565	0	0	0	0	0.447565	0.447565	0	0.447565	0.447565	0	0.447565	0.447565	0.447565	0.447565	0.447565	0.447565	0.447565	0.447565	0.447565	0.895076	0.447565	0.447565	0.895076	0.895076	0.447565	0.447565	0.447565	0.447565	0.895076	0.447565	0.447565	0.895076	0.447565	0.447565	0.895076	0.447565	0.447565	0.895076	0.447565	0.447565	0.895076	0.447565	0.447565	0.447565	0.895076	1.34248	0.895076	0.447565	0.447565	0.895076	0.447565	0.447565	0.447565	0.895076	0.895076	0.447565	0.447565	0.447565	0.447565	0	0.447565	0.447565	0.447565	0.447565	0.447565	0.447565	0	0.447565	0.447565	0	0	0.447565	0.895076	0.447565	0	0.447565	0.447565	0	0.447565	0.447565	0	0.447565	0.447565	0	0	0.447565	0.447565	0	0	0.447565	0.447565
0.894992	0.447523	0	0.447523	0.447523	0.447523	0.447523	0	0.447523	0.894992	0.447523	0	0.447523	0.447523	0.447523	0.447523	0	0.447523	0.447523	0	0.447523	0.447523	0	0	0	0	0.447523	0.447523	0	0	0	0	0	0	0	0.447523	0.447523	0	0	0	0.447523	0.447523	0	0	0	0	0.447523	0.447523	0	0	0	0.447523	0.894992	0.447523	0	0.447523	0.447523	0	0.447523	0.447523	0.447523	0.447523	0.447523	0.447523	0.447523	0.447523	0.447523	0.894992	0.447523	0.447523	0.447523	0.447523	0.894992	0.894992	0.447523	0.447523	0.894992	0.447523	0.894992	1.34235	0.447523	0.447523	0.447523	0.894992	1.34235	1.34235	0.894992	0.447523	1.34235	0.894992	0.894992	0.894992	0.447523	1.34235	1.34235	0.447523	0.894992	1.78955	0.894992	0.447523	0.447523	0.894992	1.34235	0.894992	0.447523	0.447523	1.34235	0.894992	0.447523	0.447523	0.447523	0.894992	0.447523	0.894992	1.34235	0.894992	0.447523	0.447523	0.447523	0.447523	0.894992	0.447523	0.447523	0.447523	0.447523	0.447523	0.447523	0.447523	0.447523	0.447523	0	0.447523	0.447523	0	0.447523	0.447523	0	0.447523	0.447523	0	0	0	0.447523	0.447523	0	0	0	0	0	0.447523	0.447523	0	0	0	0	0	0	0	0	0	0	0	0	0.447523	0.447523	0	0	0	0	0.447523	0.447523	0	0.447523	0.447523	0	0.447523	0.447523	0.447523	0.447523	0.447523	0.447523	0.447523	0.447523	0.447523	0.894992	0.447523	0.447523	0.894992	0.894992	0.447523	0.447523	0.447523	0.447523	0.894992	0.447523	0.447523	0.894992	0.447523	0.447523	0.894992	0.447523	0.447523	0.894992	0.447523	0.447523	0.894992	0.447523	0.447523	0.447523	0.894992	1.34235	0.894992	0.447523	0.447523	0.894992	0.447523	0.447523	0.447523	0.894992	0.894992	0.447523	0.447523	0.447523	0.447523	0	0.447523	0.447523	0.447523	0.447523	0.447523	0.447523	0	0.447523	0.447523	0	0	0.447523	0.894992	0.447523	0	0.447523	0.447523	0	0.447523	0.447523	0	0.447523	0.447523	0	0	0.447523	0.447523	0	0	0.447523	0.447523
0.894908	0.447481	0	0.447481	0.447481	0.447481	0.447481	0	0.447481	0.894908	0.447481	0	0.447481	0.447481	0.447481	0.447481	0	0.447481	0.447481	0	0.447481	0.447481	0	0	0	0	0.447481	0.447481	0	0	0	0	0	0	0	0.447481	0.447481	0	0	0	0.447481	0.447481	0	0	0	0	0.447481	0.447481	0	0	0	0.447481	0.894908	0.447481	0	0.447481	0.447481	0	0.447481	0.447481	0.447481	0.447481	0.447481	0.447481	0.447481	0.447481	0.447481	0.894908	0.447481	0.447481	0.447481	0.447481	0.894908	0.894908	0.447481	0.447481	0.894908	0.447481	0.894908	1.34223	0.447481	0.447481	0.447481	0.894908	1.34223	1.34223	0.894908	0.447481	1.34223	0.894908	0.894908	0.894908	0.447481	1.34223	1.34223	0.447481	0.894908	1.78938	0.894908	0.447481	0.447481	0.894908	1.34223	0.894908	0.447481	0.447481	1.34223	0.894908	0.447481	0.447481	0.447481	0.894908	0.447481	0.894908	1.34223	0.894908	0.447481	0.447481	0.447481	0.447481	0.894908	0.447481	0.447481	0.447481	0.447481	0.447481	0.447481	0.447481	0.447481	0.447481	0	0.447481	0.447481	0	0.447481	0.447481	0	0.447481	0.447481	0	0	0	0.447481	0.447481	0	0	0	0	0	0.447481	0.447481	0	0	0	0	0	0	0	0	0	0	0	0	0.447481	0.447481	0	0	0	0	0.447481	0.447481	0	0.447481	0.447481	0	0.447481	0.447481	0.447481	0.447481	0.447481	0.447481	0.447481	0.447481	0.447481	0.894908	0.447481	0.447481	0.894908	0.894908	0.447481	0.447481	0.447481	0.447481	0.894908	0.447481	0.447481	0.894908	0.447481	0.447481	0.894908	0.447481	0.447481	0.894908	0.447481	0.447481	0.894908	0.447481	0.447481	0.447481	0.894908	1.34223	0.894908	0.447481	0.447481	0.894908	0.447481	0.447481	0.447481	0.894908	0.894908	0.447481	0.447481	0.447481	0.447481	0	0.447481	0.447481	0.447481	0.447481	0.447481	0.447481	0	0.447481	0.447481	0	0	0.447481	0.894908	0.447481	0	0.447481	0.447481	0	0.447481	0.447481	0	0.447481	0.447481	0	0	0.447481	0.447481	0	0	0.447481	0.447481
0.894824	0.447439	0	0.447439	0.447439	0.447439	0.447439	0	0.447439	0.894824	0.447439	0	0.447439	0.447439	0.447439	0.447439	0	0.447439	0.447439	0	0.447439	0.447439	0	0	0	0	0.447439	0.447439	0	0	0	0	0	0	0	0.447439	0.447439	0	0	0	0.447439	0.447439	0	0	0	0	0.447439	0.447439	0	0	0	0.447439	0.894824	0.447439	0	0.447439	0.447439	0	0.447439	0.447439	0.447439	0.447439	0.447439	0.447439	0.447439	0.447439	0.447439	0.894824	0.447439	0.447439	0.447439	0.447439	0.894824	0.894824	0.447439	0.447439	0.894824	0.447439	0.894824	1.3421	0.447439	0.447439	0.447439	0.894824	1.3421	1.3421	0.894824	0.447439	1.3421	0.894824	0.894824	0.894824	0.447439	1.3421	1.3421	0.447439	0.894824	1.78921	0.894824	0.447439	0.447439	0.894824	1.3421	0.894824	0.447439	0.447439	1.3421	0.894824	0.447439	0.447439	0.447439	0.894824	0.447439	0.894824	1.3421	0.894824	0.447439	0.447439	0.447439	0.447439	0.894824	0.447439	0.447439	0.447439	0.447439	0.447439	0.447439	0.447439	0.447439	0.447439	0	0.447439	0.447439	0	0.447439	0.447439	0	0.447439	0.447439	0	0	0	0.447439	0.447439	0	0	0	0	0	0.447439	0.447439	0	0	0	0	0	0	0	0	0	0	0	0	0.447439	0.447439	0	0	0	0	0.447439	0.447439	0	0.447439	0.447439	0	0.447439	0.447439	0.447439	0.447439	0.447439	0.447439	0.447439	0.447439	0.447439	0.894824	0.447439	0.447439	0.894824	0.894824	0.447439	0.447439	0.447439	0.447439	0.894824	0.447439	0.447439	0.894824	0.447439	0.447439	0.894824	0.447439	0.447439	0.894824	0.447439	0.447439	0.894824	0.447439	0.447439	0.447439	0.894824	1.3421	0.894824	0.447439	0.447439	0.894824	0.447439	0.447439	0.447439	0.894824	0.894824	0.447439	0.447439	0.447439	0.447439	0	0.447439	0.447439	0.447439	0.447439	0.447439	0.447439	0	0.447439	0.447439	0	0	0.447439	0.894824	0.447439	0	0.447439	0.447439	0	0.447439	0.447439	0	0.447439	0.447439	0	0	0.447439	0.447439	0	0	0.447439	0.447439
0.89474	0.447397	0	0.447397	0.447397	0.447397	0.447397	0	0.447397	0.89474	0.447397	0	0.447397	0.447397	0.447397	0.447397	0	0.447397	0.447397	0	0.447397	0.447397	0	0	0	0	0.447397	0.447397	0	0	0	0	0	0	0	0.447397	0.447397	0	0	0	0.447397	0.447397	0	0	0	0	0.447397	0.447397	0	0	0	0.447397	0.89474	0.447397	0	0.447397	0.447397	0	0.447397	0.447397	0.447397	0.447397	0.447397	0.447397	0.447397	0.447397	0.447397	0.89474	0.447397	0.447397	0.447397	0.447397	0.89474	0.89474	0.447397	0.447397	0.89474	0.447397	0.89474	1.34197	0.447397	0.447397	0.447397	0.89474	1.34197	1.34197	0.89474	0.447397	1.34197	0.89474	0.89474	0.89474	0.447397	1.34197	1.34197	0.447397	0.89474	1.78904	0.89474	0.447397	0.447397	0.89474	1.34197	0.89474	0.447397	0.447397	1.34197	0.89474	0.447397	0.447397	0.447397	0.89474	0.447397	0.89474	1.34197	0.89474	0.447397	0.447397	0.447397	0.447397	0.89474	0.447397	0.447397	0.447397	0.447397	0.447397	0.447397	0.447397	0.447397	0.447397	0	0.447397	0.447397	0	0.447397	0.447397	0	0.447397	0.447397	0	0	0	0.447397	0.447397	0	0	0	0	0	0.447397	0.447397	0	0	0	0	0	0	0	0	0	0	0	0	0.447397	0.447397	0	0	0	0	0.447397	0.447397	0	0.447397	0.447397	0	0.447397	0.447397	0.447397	0.447397	0.447397	0.447397	0.447397	0.447397	0.447397	0.89474	0.447397	0.447397	0.89474	0.89474	0.447397	0.447397	0.447397	0.447397	0.89474	0.447397	0.447397	0.89474	0.447397	0.447397	0.89474	0.447397	0.447397	0.89474	0.447397	0.447397	0.89474	0.447397	0.447397	0.447397	0.89474	1.34197	0.89474	0.447397	0.447397	0.89474	0.447397	0.447397	0.447397	0.89474	0.89474	0.447397	0.447397	0.447397	0.447397	0	0.447397	0.447397	0.447397	0.447397	0.447397	0.447397	0	0.447397	0.447397	0	0	0.447397	0.89474	0.447397	0	0.447397	0.447397	0	0.447397	0.447397	0	0.447397	0.447397	0	0	0.447397	0.447397	0	0	0.447397	0.447397
0.894657	0.447356	0	0.447356	0.447356	0.447356	0.447356	0	0.447356	0.894657	0.447356	0	0.447356	0.447356	0.447356	0.447356	0	0.447356	0.447356	0	0.447356	0.447356	0	0	0	0	0.447356	0.447356	0	0	0	0	0	0	0	0.447356	0.447356	0	0	0	0.447356	0.447356	0	0	0	0	0.447356	0.447356	0	0	0	0.447356	0.894657	0.447356	0	0.447356	0.447356	0	0.447356	0.447356	0.447356	0.447356	0.447356	0.447356	0.447356	0.447356	0.447356	0.894657	0.447356	0.447356	0.447356	0.447356	0.894657	0.894657	0.447356	0.447356	0.894657	0.447356	0.894657	1.34185	0.447356	0.447356	0.447356	0.894657	1.34185	1.34185	0.894657	0.447356	1.34185	0.894657	0.894657	0.894657	0.447356	1.34185	1.34185	0.447356	0.894657	1.78888	0.894657	0.447356	0.447356	0.894657	1.34185	0.894657	0.447356	0.447356	1.34185	0.894657	0.447356	0.447356	0.447356	0.894657	0.447356	0.894657	1.34185	0.894657	0.447356	0.447356	0.447356	0.447356	0.894657	0.447356	0.447356	0.447356	0.447356	0.447356	0.447356	0.447356	0.447356	0.447356	0	0.447356	0.447356	0	0.447356	0.447356	0	0.447356	0.447356	0	0	0	0.447356	0.447356	0	0	0	0	0	0.447356	0.447356	0	0	0	0	0	0	0	0	0	0	0	0	0.447356	0.447356	0	0	0	0	0.447356	0.447356	0	0.447356	0.447356	0	0.447356	0.447356	0.447356	0.447356	0.447356	0.447356	0.447356	0.447356	0.447356	0.894657	0.447356	0.447356	0.894657	0.894657	0.447356	0.447356	0.447356	0.447356	0.894657	0.447356	0.447356	0.894657	0.447356	0.447356	0.894657	0.447356	0.447356	0.894657	0.447356	0.447356	0.894657	0.447356	0.447356	0.447356	0.894657	1.34185	0.894657	0.447356	0.447356	0.894657	0.447356	0.447356	0.447356	0.894657	0.894657	0.447356	0.447356	0.447356	0.447356	0	0.447356	0.447356	0.447356	0.447356	0.447356	0.447356	0	0.447356	0.447356	0	0	0.447356	0.894657	0.447356	0	0.447356	0.447356	0	0.447356	0.447356	0	0.447356	0.447356	0	0	0.447356	0.447356	0	0	0.447356	0.447356
0.894573	0.447314	0	0.447314	0.447314	0.447314	0.447314	0	0.447314	0.894573	0.447314	0	0.447314	0.447314	0.447314	0.447314	0	0.447314	0.447314	0	0.447314	0.447314	0	0	0	0	0.447314	0.447314	0	0	0	0	0	0	0	0.447314	0.447314	0	0	0	0.447314	0.447314	0	0	0	0	0.447314	0.447314	0	0	0	0.447314	0.894573	0.447314	0	0.447314	0.447314	0	0.447314	0.447314	0.447314	0.447314	0.447314	0.447314	0.447314	0.447314	0.447314	0.894573	0.447314	0.447314	0.447314	0.447314	0.894573	0.894573	0.447314	0.447314	0.894573	0.447314	0.894573	1.34172	0.447314	0.447314	0.447314	0.894573	1.34172	1.34172	0.894573	0.447314	1.34172	0.894573	0.894573	0.894573	0.447314	1.34172	1.34172	0.447314	0.894573	1.78871	0.894573	0.447314	0.447314	0.894573	1.34172	0.894573	0.447314	0.447314	1.34172	0.894573	0.447314	0.447314	0.447314	0.894573	0.447314	0.894573	1.34172	0.894573	0.447314	0.447314	0.447314	0.447314	0.894573	0.447314	0.447314	0.447314	0.447314	0.447314	0.447314	0.447314	0.447314	0.447314	0	0.447314	0.447314	0	0.447314	0.447314	0	0.447314	0.447314	0	0	0	0.447314	0.447314	0	0	0	0	0	0.447314	0.447314	0	0	0	0	0	0	0	0	0	0	0	0	0.447314	0.447314	0	0	0	0	0.447314	0.447314	0	0.447314	0.447314	0	0.447314	0.447314	0.447314	0.447314	0.447314	0.447314	0.447314	0.447314	0.447314	0.894573	0.447314	0.447314	0.894573	0.894573	0.447314	0.447314	0.447314	0.447314	0.894573	0.447314	0.447314	0.894573	0.447314	0.447314	0.894573	0.447314	0.447314	0.894573	0.447314	0.447314	0.894573	0.447314	0.447314	0.447314	0.894573	1.34172	0.894573	0.447314	0.447314	0.894573	0.447314	0.447314	0.447314	0.894573	0.894573	0.447314	0.447314	0.447314	0.447314	0	0.447314	0.447314	0.447314	0.447314	0.447314	0.447314	0	0.447314	0.447314	0	0	0.447314	0.894573	0.447314	0	0.447314	0.447314	0	0.447314	0.447314	0	0.447314	0.447314	0	0	0.447314	0.447314	0	0	0.447314	0.447314
1.06071	0.570156	0.158142	0.652001	0.632545	0.632545	0.632545	0.570189	0.961863	1.26494	1.0001	1.01253	1.35095	1.41422	1.41422	1.41422	1.45773	1.62778	1.49162	1.45773	1.76757	1.84366	1.78865	1.90365	2.12668	2.34971	2.49894	2.37086	2.34971	2.57272	2.79569	3.01861	3.12805	3.12805	3.12805	3.03507	2.81347	2.79569	3.01861	3.12805	3.03507	2.81347	2.68189	2.79569	3.01861	3.12805	3.03507	2.81347	2.68189	2.68189	2.68189	2.71883	2.68652	2.37086	2.23541	2.15003	1.9297	1.78865	1.84366	1.84366	1.71011	1.49162	1.55718	1.76757	1.71011	1.49162	1.41422	1.61234	1.41422	1.41422	1.41422	1.41422	1.45771	1.27479	1.0001	1.0001	1.26494	1.0001	1.10686	1.35089	0.632545	0.632545	0.632545	0.851543	1.2349	1.3416	0.894489	0.447272	1.3416	0.894489	0.894489	0.894489	0.447272	1.3416	1.45764	0.652001	1.00006	1.71002	0.790639	0.570156	0.652001	0.851543	1.2349	0.894489	0.447272	0.570156	1.3601	0.790639	0.447272	0.447272	0.447272	0.894489	0.447272	0.790639	1.27474	1.00006	0.632545	0.65202	0.85158	1.0001	1.26494	1.0001	1.0001	1.0001	0.961863	0.790663	0.632545	0.632545	0.632545	0.652001	0.158142	0.447272	0.447272	0.158142	0.500069	0.500069	0.353622	0.632545	0.632545	0.4473	0.4473	0.4473	0.632545	0.632545	0.4473	0.4473	0.4473	0.570189	0.790686	0.85158	0.65202	0.4473	0.4473	0.4473	0.4473	0.4473	0.353622	0.158142	0	0	0	0	0	0.353604	0.474417	0.353622	0.158142	0.158142	0.353622	0.474417	0.500069	0.353622	0.474417	0.353604	0.158142	0.500069	0.353604	0.447272	0.570156	0.652001	0.632545	0.632545	0.632545	0.632545	1.00006	0.632545	0.632545	1.00006	1.00006	0.632545	0.632545	0.632545	0.632545	1.00006	0.632545	0.632545	1.00006	0.632545	0.632545	1.00006	0.632545	0.632545	1.00006	0.632545	0.790663	1.27477	1.0001	1.0001	1.0001	1.26494	1.6123	1.26494	1.0001	1.0001	1.42299	1.35095	1.27481	1.06076	1.26494	1.26494	0.85158	0.65202	0.632545	0.790663	0.790686	0.85158	0.65202	0.632545	0.790663	0.806329	0.65202	0.570189	0.961863	1.0001	0.894545	0.894545	1.0001	1.10686	0.65202	0.570189	0.961863	1.0001	0.894545	1.0001	1.0001	0.894545	1.0001	1.0001	0.894545	0.894545	1.0001	1.0001	1.01253	1.23498	1.27481	1.20423
1.27462	0.790565	0.353571	0.851463	0.632485	0.632485	0.632485	0.651959	1.10676	1.26482	1.00001	1.06066	1.45757	1.41409	1.41409	1.41409	1.49148	1.62763	1.4576	1.49148	1.85023	1.84349	1.78849	1.92952	2.14982	2.37063	2.49871	2.34949	2.37063	2.5918	2.81321	3.03479	3.12776	3.12776	3.12776	3.01833	2.79543	2.81321	3.03479	3.12776	3.01833	2.79543	2.68164	2.81321	3.03479	3.12776	3.01833	2.79543	2.68164	2.68164	2.68164	2.71857	2.63	2.34949	2.2352	2.12648	1.90347	1.78849	1.84349	1.84349	1.68049	1.4576	1.65047	1.85023	1.68049	1.4576	1.41409	1.61219	1.41409	1.41409	1.41409	1.41409	1.35082	1.15105	1.00001	1.00001	1.26482	1.00001	0.961773	1.15101	0.632485	0.632485	0.632485	0.65194	1.01238	1.34147	0.894405	0.44723	1.34147	0.894405	0.894405	0.894405	0.44723	1.34147	1.68039	0.851463	0.999968	1.4914	0.570103	0.790565	0.851463	0.65194	1.01238	0.894405	0.44723	0.790565	1.35997	0.570103	0.44723	0.44723	0.44723	0.894405	0.44723	0.570103	1.06061	0.999968	0.632485	0.570135	0.790612	1.00001	1.26482	1.00001	1.00001	1.00001	1.10676	0.961754	0.632485	0.632485	0.632485	0.851463	0.353571	0.44723	0.44723	0.353571	0.500022	0.500022	0.474372	0.632485	0.632485	0.447258	0.447258	0.447258	0.632485	0.632485	0.447258	0.447258	0.447258	0.651959	0.8515	0.790612	0.570135	0.447258	0.447258	0.447258	0.447258	0.447258	0.474372	0.353571	0	0	0	0	0	0.158127	0.353589	0.474372	0.353571	0.353571	0.474372	0.353589	0.500022	0.474372	0.353589	0.158127	0.353571	0.500022	0.158127	0.44723	0.790565	0.851463	0.632485	0.632485	0.632485	0.632485	0.999968	0.632485	0.632485	0.999968	0.999968	0.632485	0.632485	0.632485	0.632485	0.999968	0.632485	0.632485	0.999968	0.632485	0.632485	0.999968	0.632485	0.632485	0.999968	0.632485	0.961754	1.45753	1.00001	1.00001	1.00001	1.26482	1.61215	1.26482	1.00001	1.00001	1.58875	1.45757	1.23486	1.01244	1.26482	1.26482	0.790612	0.570135	0.632485	0.961754	0.8515	0.790612	0.570135	0.632485	0.961754	0.806253	0.570135	0.651959	1.10676	1.00001	0.894461	0.894461	1.00001	0.961773	0.570135	0.651959	1.10676	1.00001	0.894461	1.00001	1.00001	0.894461	1.00001	1.00001	0.894461	0.894461	1.00001	1.00001	1.06066	1.27469	1.23486	1.20412
1.34133	0.894307	0.447181	0.894307	0.447181	0.447181	0.447181	0.447181	0.894307	0.894307	0.447181	0.447181	0.894307	0.447181	0.447181	0.447181	0.447181	0.447181	0	0.447181	0.894307	0.447181	0	0.447181	0.447181	0.447181	0.447181	0	0.447181	0.447181	0.447181	0.447181	0	0	0	0	0	0.447181	0.447181	0	0	0	0	0.447181	0.447181	0	0	0	0	0	0	0.447181	0.447181	0	0	0	0	0	0.447181	0.447181	0	0	0.894307	0.894307	0	0	0.447181	0.894307	0.447181	0.447181	0.447181	0.447181	0.447181	0.447181	0.447181	0.447181	0.894307	0.447181	0.447181	0.894307	0.447181	0.447181	0.447181	0.447181	0.894307	1.34133	0.894307	0.447181	1.34133	0.894307	0.894307	0.894307	0.447181	1.34133	1.78818	0.894307	0.894307	1.34133	0.447181	0.894307	0.894307	0.447181	0.894307	0.894307	0.447181	0.894307	1.34133	0.447181	0.447181	0.447181	0.447181	0.894307	0.447181	0.447181	0.894307	0.894307	0.447181	0	0	0.447181	0.894307	0.447181	0.447181	0.447181	0.894307	0.894307	0.447181	0.447181	0.447181	0.894307	0.447181	0.447181	0.447181	0.447181	0.447181	0.447181	0.447181	0.447181	0.447181	0	0	0	0.447181	0.447181	0	0	0	0.447181	0.447181	0	0	0	0	0	0	0	0.447181	0.447181	0	0	0	0	0	0	0	0.447181	0.447181	0.447181	0.447181	0	0.447181	0.447181	0	0	0.447181	0.447181	0	0.447181	0.894307	0.894307	0.447181	0.447181	0.447181	0.447181	0.894307	0.447181	0.447181	0.894307	0.894307	0.447181	0.447181	0.447181	0.447181	0.894307	0.447181	0.447181	0.894307	0.447181	0.447181	0.894307	0.447181	0.447181	0.894307	0.447181	0.894307	1.34133	0.447181	0.447181	0.447181	0.894307	1.34133	0.894307	0.447181	0.447181	1.34133	0.894307	0	0	0.894307	0.894307	0	0	0.447181	0.894307	0.447181	0	0	0.447181	0.894307	0.447181	0	0.447181	0.894307	0.447181	0	0	0.447181	0.447181	0	0.447181	0.894307	0.447181	0	0.447181	0.447181	0	0.447181	0.447181	0	0	0.447181	0.447181	0.447181	0.447181	0	0.447181
1.3412	0.894224	0.447139	0.894224	0.447139	0.447139	0.447139	0.447139	0.894224	0.894224	0.447139	0.447139	0.894224	0.447139	0.447139	0.447139	0.447139	0.447139	0	0.447139	0.894224	0.447139	0	0.447139	0.447139	0.447139	0.447139	0	0.447139	0.447139	0.447139	0.447139	0	0	0	0	0	0.447139	0.447139	0	0	0	0	0.447139	0.447139	0	0	0	0	0	0	0.447139	0.447139	0	0	0	0	0	0.447139	0.447139	0	0	0.894224	0.894224	0	0	0.447139	0.894224	0.447139	0.447139	0.447139	0.447139	0.447139	0.447139	0.447139	0.447139	0.894224	0.447139	0.447139	0.894224	0.447139	0.447139	0.447139	0.447139	0.894224	1.3412	0.894224	0.447139	1.3412	0.894224	0.894224	0.894224	0.447139	1.3412	1.78801	0.894224	0.894224	1.3412	0.447139	0.894224	0.894224	0.447139	0.894224	0.894224	0.447139	0.894224	1.3412	0.447139	0.447139	0.447139	0.447139	0.894224	0.447139	0.447139	0.894224	0.894224	0.447139	0	0	0.447139	0.894224	0.447139	0.447139	0.447139	0.894224	0.894224	0.447139	0.447139	0.447139	0.894224	0.447139	0.447139	0.447139	0.447139	0.447139	0.447139	0.447139	0.447139	0.447139	0	0	0	0.447139	0.447139	0	0	0	0.447139	0.447139	0	0	0	0	0	0	0	0.447139	0.447139	0	0	0	0	0	0	0	0.447139	0.447139	0.447139	0.447139	0	0.447139	0.447139	0	0	0.447139	0.447139	0	0.447139	0.894224	0.894224	0.447139	0.447139	0.447139	0.447139	0.894224	0.447139	0.447139	0.894224	0.894224	0.447139	0.447139	0.447139	0.447139	0.894224	0.447139	0.447139	0.894224	0.447139	0.447139	0.894224	0.447139	0.447139	0.894224	0.447139	0.894224	1.3412	0.447139	0.447139	0.447139	0.894224	1.3412	0.894224	0.447139	0.447139	1.3412	0.894224	0	0	0.894224	0.894224	0	0	0.447139	0.894224	0.447139	0	0	0.447139	0.894224	0.447139	0	0.447139	0.894224	0.447139	0	0	0.447139	0.447139	0	0.447139	0.894224	0.447139	0	0.447139	0.447139	0	0.447139	0.447139	0	0	0.447139	0.447139	0.447139	0.447139	0	0.447139
1.34107	0.89414	0.447097	0.89414	0.447097	0.447097	0.447097	0.447097	0.89414	0.89414	0.447097	0.447097	0.89414	0.447097	0.447097	0.447097	0.447097	0.447097	0	0.447097	0.89414	0.447097	0	0.447097	0.447097	0.447097	0.447097	0	0.447097	0.447097	0.447097	0.447097	0	0	0	0	0	0.447097	0.447097	0	0	0	0	0.447097	0.447097	0	0	0	0	0	0	0.447097	0.447097	0	0	0	0	0	0.447097	0.447097	0	0	0.89414	0.89414	0	0	0.447097	0.89414	0.447097	0.447097	0.447097	0.447097	0.447097	0.447097	0.447097	0.447097	0.89414	0.447097	0.447097	0.89414	0.447097	0.447097	0.447097	0.447097	0.89414	1.34107	0.89414	0.447097	1.34107	0.89414	0.89414	0.89414	0.447097	1.34107	1.78784	0.89414	0.89414	1.34107	0.447097	0.89414	0.89414	0.447097	0.89414	0.89414	0.447097	0.89414	1.34107	0.447097	0.447097	0.447097	0.447097	0.89414	0.447097	0.447097	0.89414	0.89414	0.447097	0	0	0.447097	0.89414	0.447097	0.447097	0.447097	0.89414	0.89414	0.447097	0.447097	0.447097	0.89414	0.447097	0.447097	0.447097	0.447097	0.447097	0.447097	0.447097	0.447097	0.447097	0	0	0	0.447097	0.447097	0	0	0	0.447097	0.447097	0	0	0	0	0	0	0	0.447097	0.447097	0	0	0	0	0	0	0	0.447097	0.447097	0.447097	0.447097	0	0.447097	0.447097	0	0	0.447097	0.447097	0	0.447097	0.89414	0.89414	0.447097	0.447097	0.447097	0.447097	0.89414	0.447097	0.447097	0.89414	0.89414	0.447097	0.447097	0.447097	0.447097	0.89414	0.447097	0.447097	0.89414	0.447097	0.447097	0.89414	0.447097	0.447097	0.89414	0.447097	0.89414	1.34107	0.447097	0.447097	0.447097	0.89414	1.34107	0.89414	0.447097	0.447097	1.34107	0.89414	0	0	0.89414	0.89414	0	0	0.447097	0.89414	0.447097	0	0	0.447097	0.89414	0.447097	0	0.447097	0.89414	0.447097	0	0	0.447097	0.447097	0	0.447097	0.89414	0.447097	0	0.447097	0.447097	0	0.447097	0.447097	0	0	0.447097	0.447097	0.447097	0.447097	0	0.447097
1.34095	0.894056	0.447055	0.894056	0.447055	0.447055	0.447055	0.447055	0.894056	0.894056	0.447055	0.447055	0.894056	0.447055	0.447055	0.447055	0.447055	0.447055	0	0.447055	0.894056	0.447055	0	0.447055	0.447055	0.447055	0.447055	0	0.447055	0.447055	0.447055	0.447055	0	0	0	0	0	0.447055	0.447055	0	0	0	0	0.447055	0.447055	0	0	0	0	0	0	0.447055	0.447055	0	0	0	0	0	0.447055	0.447055	0	0	0.894056	0.894056	0	0	0.447055	0.894056	0.447055	0.447055	0.447055	0.447055	0.447055	0.447055	0.447055	0.447055	0.894056	0.447055	0.447055	0.894056	0.447055	0.447055	0.447055	0.447055	0.894056	1.34095	0.894056	0.447055	1.34095	0.894056	0.894056	0.894056	0.447055	1.34095	1.78768	0.894056	0.894056	1.34095	0.447055	0.894056	0.894056	0.447055	0.894056	0.894056	0.447055	0.894056	1.34095	0.447055	0.447055	0.447055	0.447055	0.894056	0.447055	0.447055	0.894056	0.894056	0.447055	0	0	0.447055	0.894056	0.447055	0.447055	0.447055	0.894056	0.894056	0.447055	0.447055	0.447055	0.894056	0.447055	0.447055	0.447055	0.447055	0.447055	0.447055	0.447055	0.447055	0.447055	0	0	0	0.447055	0.447055	0	0	0	0.447055	0.447055	0	0	0	0	0	0	0	0.447055	0.447055	0	0	0	0	0	0	0	0.447055	0.447055	0.447055	0.447055	0	0.447055	0.447055	0	0	0.447055	0.447055	0	0.447055	0.894056	0.894056	0.447055	0.447055	0.447055	0.447055	0.894056	0.447055	0.447055	0.894056	0.894056	0.447055	0.447055	0.447055	0.447055	0.894056	0.447055	0.447055	0.894056	0.447055	0.447055	0.894056	0.447055	0.447055	0.894056	0.447055	0.894056	1.34095	0.447055	0.447055	0.447055	0.894056	1.34095	0.894056	0.447055	0.447055	1.34095	0.894056	0	0	0.894056	0.894056	0	0	0.447055	0.894056	0.447055	0	0	0.447055	0.894056	0.447055	0	0.447055	0.894056	0.447055	0	0	0.447055	0.447055	0	0.447055	0.894056	0.447055	0	0.447055	0.447055	0	0.447055	0.447055	0	0	0.447055	0.447055	0.447055	0.447055	0	0.447055
1.34082	0.893973	0.447014	0.893973	0.447014	0.447014	0.447014	0.447014	0.893973	0.893973	0.447014	0.447014	0.893973	0.447014	0.447014	0.447014	0.447014	0.447014	0	0.447014	0.893973	0.447014	0	0.447014	0.447014	0.447014	0.447014	0	0.447014	0.447014	0.447014	0.447014	0	0	0	0	0	0.447014	0.447014	0	0	0	0	0.447014	0.447014	0	0	0	0	0	0	0.447014	0.447014	0	0	0	0	0	0.447014	0.447014	0	0	0.893973	0.893973	0	0	0.447014	0.893973	0.447014	0.447014	0.447014	0.447014	0.447014	0.447014	0.447014	0.447014	0.893973	0.447014	0.447014	0.893973	0.447014	0.447014	0.447014	0.447014	0.893973	1.34082	0.893973	0.447014	1.34082	0.893973	0.893973	0.893973	0.447014	1.34082	1.78751	0.893973	0.893973	1.34082	0.447014	0.893973	0.893973	0.447014	0.893973	0.893973	0.447014	0.893973	1.34082	0.447014	0.447014	0.447014	0.447014	0.893973	0.447014	0.447014	0.893973	0.893973	0.447014	0	0	0.447014	0.893973	0.447014	0.447014	0.447014	0.893973	0.893973	0.447014	0.447014	0.447014	0.893973	0.447014	0.447014	0.447014	0.447014	0.447014	0.447014	0.447014	0.447014	0.447014	0	0	0	0.447014	0.447014	0	0	0	0.447014	0.447014	0	0	0	0	0	0	0	0.447014	0.447014	0	0	0	0	0	0	0	0.447014	0.447014	0.447014	0.447014	0	0.447014	0.447014	0	0	0.447014	0.447014	0	0.447014	0.893973	0.893973	0.447014	0.447014	0.447014	0.447014	0.893973	0.447014	0.447014	0.893973	0.893973	0.447014	0.447014	0.447014	0.447014	0.893973	0.447014	0.447014	0.893973	0.447014	0.447014	0.893973	0.447014	0.447014	0.893973	0.447014	0.893973	1.34082	0.447014	0.447014	0.447014	0.893973	1.34082	0.893973	0.447014	0.447014	1.34082	0.893973	0	0	0.893973	0.893973	0	0	0.447014	0.893973	0.447014	0	0	0.447014	0.893973	0.447014	0	0.447014	0.893973	0.447014	0	0	0.447014	0.447014	0	0.447014	0.893973	0.447014	0	0.447014	0.447014	0	0.447014	0.447014	0	0	0.447014	0.447014	0.447014	0.447014	0	0.447014
1.3407	0.893889	0.446972	0.893889	0.446972	0.446972	0.446972	0.446972	0.893889	0.893889	0.446972	0.446972	0.893889	0.446972	0.446972	0.446972	0.446972	0.446972	0	0.446972	0.893889	0.446972	0	0.446972	0.446972	0.446972	0.446972	0	0.446972	0.446972	0.446972	0.446972	0	0	0	0	0	0.446972	0.446972	0	0	0	0	0.446972	0.446972	0	0	0	0	0	0	0.446972	0.446972	0	0	0	0	0	0.446972	0.446972	0	0	0.893889	0.893889	0	0	0.446972	0.893889	0.446972	0.446972	0.446972	0.446972	0.446972	0.446972	0.446972	0.446972	0.893889	0.446972	0.446972	0.893889	0.446972	0.446972	0.446972	0.446972	0.893889	1.3407	0.893889	0.446972	1.3407	0.893889	0.893889	0.893889	0.446972	1.3407	1.78734	0.893889	0.893889	1.3407	0.446972	0.893889	0.893889	0.446972	0.893889	0.893889	0.446972	0.893889	1.3407	0.446972	0.446972	0.446972	0.446972	0.893889	0.446972	0.446972	0.893889	0.893889	0.446972	0	0	0.446972	0.893889	0.446972	0.446972	0.446972	0.893889	0.893889	0.446972	0.446972	0.446972	0.893889	0.446972	0.446972	0.446972	0.446972	0.446972	0.446972	0.446972	0.446972	0.446972	0	0	0	0.446972	0.446972	0	0	0	0.446972	0.446972	0	0	0	0	0	0	0	0.446972	0.446972	0	0	0	0	0	0	0	0.446972	0.446972	0.446972	0.446972	0	0.446972	0.446972	0	0	0.446972	0.446972	0	0.446972	0.893889	0.893889	0.446972	0.446972	0.446972	0.446972	0.893889	0.446972	0.446972	0.893889	0.893889	0.446972	0.446972	0.446972	0.446972	0.893889	0.446972	0.446972	0.893889	0.446972	0.446972	0.893889	0.446972	0.446972	0.893889	0.446972	0.893889	1.3407	0.446972	0.446972	0.446972	0.893889	1.3407	0.893889	0.446972	0.446972	1.3407	0.893889	0	0	0.893889	0.893889	0	0	0.446972	0.893889	0.446972	0	0	0.446972	0.893889	0.446972	0	0.446972	0.893889	0.446972	0	0	0.446972	0.446972	0	0.446972	0.893889	0.446972	0	0.446972	0.446972	0	0.446972	0.446972	0	0	0.446972	0.446972	0.446972	0.446972	0	0.446972
1.34057	0.893805	0.44693	0.893805	0.44693	0.44693	0.44693	0.44693	0.893805	0.893805	0.44693	0.44693	0.893805	0.44693	0.44693	0.44693	0.44693	0.44693	0	0.44693	0.893805	0.44693	0	0.44693	0.44693	0.44693	0.44693	0	0.44693	0.44693	0.44693	0.44693	0	0	0	0	0	0.44693	0.44693	0	0	0	0	0.44693	0.44693	0	0	0	0	0	0	0.44693	0.44693	0	0	0	0	0	0.44693	0.44693	0	0	0.893805	0.893805	0	0	0.44693	0.893805	0.44693	0.44693	0.44693	0.44693	0.44693	0.44693	0.44693	0.44693	0.893805	0.44693	0.44693	0.893805	0.44693	0.44693	0.44693	0.44693	0.893805	1.34057	0.893805	0.44693	1.34057	0.893805	0.893805	0.893805	0.44693	1.34057	1.78718	0.893805	0.893805	1.34057	0.44693	0.893805	0.893805	0.44693	0.893805	0.893805	0.44693	0.893805	1.34057	0.44693	0.44693	0.44693	0.44693	0.893805	0.44693	0.44693	0.893805	0.893805	0.44693	0	0	0.44693	0.893805	0.44693	0.44693	0.44693	0.893805	0.893805	0.44693	0.44693	0.44693	0.893805	0.44693	0.44693	0.44693	0.44693	0.44693	0.44693	0.44693	0.44693	0.44693	0	0	0	0.44693	0.44693	0	0	0	0.44693	0.44693	0	0	0	0	0	0	0	0.44693	0.44693	0	0	0	0	0	0	0	0.44693	0.44693	0.44693	0.44693	0	0.44693	0.44693	0	0	0.44693	0.44693	0	0.44693	0.893805	0.893805	0.44693	0.44693	0.44693	0.44693	0.893805	0.44693	0.44693	0.893805	0.893805	0.44693	0.44693	0.44693	0.44693	0.893805	0.44693	0.44693	0.893805	0.44693	0.44693	0.893805	0.44693	0.44693	0.893805	0.44693	0.893805	1.34057	0.44693	0.44693	0.44693	0.893805	1.34057	0.893805	0.44693	0.44693	1.34057	0.893805	0	0	0.893805	0.893805	0	0	0.44693	0.893805	0.44693	0	0	0.44693	0.893805	0.44693	0	0.44693	0.893805	0.44693	0	0	0.44693	0.44693	0	0.44693	0.893805	0.44693	0	0.44693	0.44693	0	0.44693	0.44693	0	0	0.44693	0.44693	0.44693	0.44693	0	0.44693
1.34045	0.893722	0.446888	0.893722	0.446888	0.446888	0.446888	0.446888	0.893722	0.893722	0.446888	0.446888	0.893722	0.446888	0.446888	0.446888	0.446888	0.446888	0	0.446888	0.893722	0.446888	0	0.446888	0.446888	0.446888	0.446888	0	0.446888	0.446888	0.446888	0.446888	0	0	0	0	0	0.446888	0.446888	0	0	0	0	0.446888	0.446888	0	0	0	0	0	0	0.446888	0.446888	0	0	0	0	0	0.446888	0.446888	0	0	0.893722	0.893722	0	0	0.446888	0.893722	0.446888	0.446888	0.446888	0.446888	0.446888	0.446888	0.446888	0.446888	0.893722	0.446888	0.446888	0.893722	0.446888	0.446888	0.446888	0.446888	0.893722	1.34045	0.893722	0.446888	1.34045	0.893722	0.893722	0.893722	0.446888	1.34045	1.78701	0.893722	0.893722	1.34045	0.446888	0.893722	0.893722	0.446888	0.893722	0.893722	0.446888	0.893722	1.34045	0.446888	0.446888	0.446888	0.446888	0.893722	0.446888	0.446888	0.893722	0.893722	0.446888	0	0	0.446888	0.893722	0.446888	0.446888	0.446888	0.893722	0.893722	0.446888	0.446888	0.446888	0.893722	0.446888	0.446888	0.446888	0.446888	0.446888	0.446888	0.446888	0.446888	0.446888	0	0	0	0.446888	0.446888	0	0	0	0.446888	0.446888	0	0	0	0	0	0	0	0.446888	0.446888	0	0	0	0	0	0	0	0.446888	0.446888	0.446888	0.446888	0	0.446888	0.446888	0	0	0.446888	0.446888	0	0.446888	0.893722	0.893722	0.446888	0.446888	0.446888	0.446888	0.893722	0.446888	0.446888	0.893722	0.893722	0.446888	0.446888	0.446888	0.446888	0.893722	0.446888	0.446888	0.893722	0.446888	0.446888	0.893722	0.446888	0.446888	0.893722	0.446888	0.893722	1.34045	0.446888	0.446888	0.446888	0.893722	1.34045	0.893722	0.446888	0.446888	1.34045	0.893722	0	0	0.893722	0.893722	0	0	0.446888	0.893722	0.446888	0	0	0.446888	0.893722	0.446888	0	0.446888	0.893722	0.446888	0	0	0.446888	0.446888	0	0.446888	0.893722	0.446888	0	0.446888	0.446888	0	0.446888	0.446888	0	0	0.446888	0.446888	0.446888	0.446888	0	0.446888
1.34032	0.893638	0.446846	0.893638	0.446846	0.446846	0.446846	0.446846	0.893638	0.893638	0.446846	0.446846	0.893638	0.446846	0.446846	0.446846	0.446846	0.446846	0	0.446846	0.893638	0.446846	0	0.446846	0.446846	0.446846	0.446846	0	0.446846	0.446846	0.446846	0.446846	0	0	0	0	0	0.446846	0.446846	0	0	0	0	0.446846	0.446846	0	0	0	0	0	0	0.446846	0.446846	0	0	0	0	0	0.446846	0.446846	0	0	0.893638	0.893638	0	0	0.446846	0.893638	0.446846	0.446846	0.446846	0.446846	0.446846	0.446846	0.446846	0.446846	0.893638	0.446846	0.446846	0.893638	0.446846	0.446846	0.446846	0.446846	0.893638	1.34032	0.893638	0.446846	1.34032	0.893638	0.893638	0.893638	0.446846	1.34032	1.78684	0.893638	0.893638	1.34032	0.446846	0.893638	0.893638	0.446846	0.893638	0.893638	0.446846	0.893638	1.34032	0.446846	0.446846	0.446846	0.446846	0.893638	0.446846	0.446846	0.893638	0.893638	0.446846	0	0	0.446846	0.893638	0.446846	0.446846	0.446846	0.893638	0.893638	0.446846	0.446846	0.446846	0.893638	0.446846	0.446846	0.446846	0.446846	0.446846	0.446846	0.446846	0.446846	0.446846	0	0	0	0.446846	0.446846	0	0	0	0.446846	0.446846	0	0	0	0	0	0	0	0.446846	0.446846	0	0	0	0	0	0	0	0.446846	0.446846	0.446846	0.446846	0	0.446846	0.446846	0	0	0.446846	0.446846	0	0.446846	0.893638	0.893638	0.446846	0.446846	0.446846	0.446846	0.893638	0.446846	0.446846	0.893638	0.893638	0.446846	0.446846	0.446846	0.446846	0.893638	0.446846	0.446846	0.893638	0.446846	0.446846	0.893638	0.446846	0.446846	0.893638	0.446846	0.893638	1.34032	0.446846	0.446846	0.446846	0.893638	1.34032	0.893638	0.446846	0.446846	1.34032	0.893638	0	0	0.893638	0.893638	0	0	0.446846	0.893638	0.446846	0	0	0.446846	0.893638	0.446846	0	0.446846	0.893638	0.446846	0	0	0.446846	0.446846	0	0.446846	0.893638	0.446846	0	0.446846	0.446846	0	0.446846	0.446846	0	0	0.446846	0.446846	0.446846	0.446846	0	0.446846
1.34017	0.89354	0.446797	0.89354	0.446797	0.446797	0.446797	0.446797	0.89354	0.89354	0.446797	0.446797	0.89354	0.446797	0.446797	0.446797	0.446797	0.446797	0	0.446797	0.89354	0.446797	0	0.446797	0.446797	0.446797	0.446797	0	0.446797	0.446797	0.446797	0.446797	0	0	0	0	0	0.446797	0.446797	0	0	0	0	0.446797	0.446797	0	0	0	0	0	0	0.446797	0.446797	0	0	0	0	0	0.446797	0.446797	0	0	0.89354	0.89354	0	0	0.446797	0.89354	0.446797	0.446797	0.446797	0.446797	0.446797	0.446797	0.446797	0.446797	0.89354	0.446797	0.446797	0.89354	0.446797	0.446797	0.446797	0.446797	0.89354	1.34017	0.89354	0.446797	1.34017	0.89354	0.89354	0.89354	0.446797	1.34017	1.78665	0.89354	0.89354	1.34017	0.446797	0.89354	0.89354	0.446797	0.89354	0.89354	0.446797	0.89354	1.34017	0.446797	0.446797	0.446797	0.446797	0.89354	0.446797	0.446797	0.89354	0.89354	0.446797	0	0	0.446797	0.89354	0.446797	0.446797	0.446797	0.89354	0.89354	0.446797	0.446797	0.446797	0.89354	0.446797	0.446797	0.446797	0.446797	0.446797	0.446797	0.446797	0.446797	0.446797	0	0	0	0.446797	0.446797	0	0	0	0.446797	0.446797	0	0	0	0	0	0	0	0.446797	0.446797	0	0	0	0	0	0	0	0.446797	0.446797	0.446797	0.446797	0	0.446797	0.446797	0	0	0.446797	0.446797	0	0.446797	0.89354	0.89354	0.446797	0.446797	0.446797	0.446797	0.89354	0.446797	0.446797	0.89354	0.89354	0.446797	0.446797	0.446797	0.446797	0.89354	0.446797	0.446797	0.89354	0.446797	0.446797	0.89354	0.446797	0.446797	0.89354	0.446797	0.89354	1.34017	0.446797	0.446797	0.446797	0.89354	1.34017	0.89354	0.446797	0.446797	1.34017	0.89354	0	0	0.89354	0.89354	0	0	0.446797	0.89354	0.446797	0	0	0.446797	0.89354	0.446797	0	0.446797	0.89354	0.446797	0	0	0.446797	0.446797	0	0.446797	0.89354	0.446797	0	0.446797	0.446797	0	0.446797	0.446797	0	0	0.446797	0.446797	0.446797	0.446797	0	0.446797
1.61045	1.26349	0.998957	1.2733	0.789757	0.63182	0.63182	0.651251	1.0113	1.0113	0.651251	0.63182	0.99891	0.63182	0.789757	0.960763	0.998957	1.14985	1.23357	1.41261	1.6105	1.5554	1.67874	1.84156	1.84156	1.84156	1.97853	2.12426	2.27703	2.27703	2.27703	2.27703	2.34704	2.5698	2.67884	2.79252	3.01518	3.03162	2.81027	2.79252	3.01518	3.23777	3.46028	3.4746	3.25308	3.1245	3.1245	3.1245	3.1245	3.23777	3.46028	3.4746	3.25308	3.1245	3.1245	3.1245	3.1245	3.1245	3.03162	2.81027	2.79252	3.01518	2.97783	2.54546	2.23287	2.23287	2.27703	2.26056	1.92751	1.84156	1.84156	1.70817	1.48992	1.41261	1.41261	1.27336	1.27333	0.998957	0.998957	1.10559	0.651275	0.63182	0.63182	0.63182	0.99891	1.27327	0.789727	0.446756	1.23348	0.850562	0.960739	1.10559	0.960763	1.49818	1.80041	1.45604	1.6105	1.89484	1.41261	1.6105	1.6105	1.34941	1.42136	1.2733	0.789757	0.960739	1.49818	0.789757	0.651275	0.850608	0.998957	1.26349	0.998957	1.05955	1.45604	1.6105	1.41261	1.34015	1.34015	1.41261	1.6105	1.41261	1.41261	1.41261	1.6105	1.6105	1.41261	1.41261	1.34941	1.42136	0.998957	0.998957	0.998957	0.998957	0.960763	0.789757	0.63182	0.63182	0.63182	0.44679	0.353219	0.157961	0.446756	0.446756	0	0.157961	0.353219	0.473873	0.353197	0	0	0	0	0	0	0	0.353197	0.473873	0.44679	0.44679	0.44679	0.569539	0.789786	0.893527	0.893527	0.850608	0.805407	0.805407	0.651275	0.44679	0.63182	0.63182	0.44679	0.44679	0.473873	0.499493	0.353219	0.63182	0.99891	0.850562	0.353197	0.446756	0.446756	0.446756	0.893457	0.446756	0.446756	0.893457	0.893457	0.446756	0.446756	0.446756	0.446756	0.893457	0.446756	0.446756	1.0113	0.651251	0.63182	0.99891	0.63182	0.63182	0.99891	0.63182	0.850562	1.23348	0.446756	0.446756	0.446756	0.893457	1.34005	0.893457	0.446756	0.446756	1.23348	0.850562	0.353219	0.157961	0.789727	0.850562	0.353219	0.157961	0.446756	0.893457	0.446756	0	0	0.446756	0.893457	0.446756	0	0.446756	0.893457	0.446756	0	0	0.446756	0.569498	0.353219	0.473873	0.789727	0.569498	0.353219	0.63182	0.63182	0.44679	0.63182	0.63182	0.569539	0.789786	0.998957	0.998957	0.998957	0.998957	0.893527	0.998957
1.6103	1.26337	0.998864	1.45586	0.960649	0.631761	0.631761	0.850483	1.23336	1.23336	0.850483	0.631761	0.998817	0.631761	0.960649	1.10549	0.998864	1.27321	1.27324	1.41247	1.61034	1.64859	1.70801	1.84139	1.84139	1.84139	2.05248	2.14738	2.27682	2.27682	2.27682	2.27682	2.36794	2.58885	2.67859	2.81001	3.03134	3.0149	2.79226	2.81001	3.03134	3.25278	3.47428	3.45996	3.23747	3.1242	3.1242	3.1242	3.1242	3.25278	3.47428	3.45996	3.23747	3.1242	3.1242	3.1242	3.1242	3.1242	3.0149	2.79226	2.81001	3.03134	2.91	2.46577	2.23266	2.23266	2.27682	2.19327	1.9013	1.84139	1.84139	1.67858	1.45594	1.41247	1.41247	1.23346	1.14974	0.998864	0.998864	0.960673	0.569486	0.631761	0.631761	0.631761	0.998817	1.05938	0.569445	0.446714	1.01121	0.65119	0.789683	0.960673	1.10549	1.49804	1.42996	1.34928	1.61034	1.89467	1.41247	1.61034	1.61034	1.45591	1.58692	1.45586	0.960649	0.789683	1.49804	0.960649	0.569486	0.789712	0.998864	1.26337	0.998864	1.01128	1.34928	1.61034	1.41247	1.34003	1.34003	1.41247	1.61034	1.41247	1.41247	1.41247	1.61034	1.61034	1.41247	1.41247	1.45591	1.58692	0.998864	0.998864	0.998864	0.998864	1.10549	0.960649	0.631761	0.631761	0.631761	0.446749	0.473829	0.353164	0.446714	0.446714	0	0.353164	0.473829	0.353186	0.157946	0	0	0	0	0	0	0	0.157946	0.353186	0.446749	0.446749	0.446749	0.651214	0.850529	0.893443	0.893443	0.789712	0.805332	0.805332	0.569486	0.446749	0.631761	0.631761	0.446749	0.446749	0.353186	0.499446	0.473829	0.631761	0.998817	0.65119	0.157946	0.446714	0.446714	0.446714	0.893373	0.446714	0.446714	0.893373	0.893373	0.446714	0.446714	0.446714	0.446714	0.893373	0.446714	0.446714	1.23336	0.850483	0.631761	0.998817	0.631761	0.631761	0.998817	0.631761	0.65119	1.01121	0.446714	0.446714	0.446714	0.893373	1.33992	0.893373	0.446714	0.446714	1.01121	0.65119	0.473829	0.353164	0.569445	0.65119	0.473829	0.353164	0.446714	0.893373	0.446714	0	0	0.446714	0.893373	0.446714	0	0.446714	0.893373	0.446714	0	0	0.446714	0.789653	0.473829	0.353186	0.569445	0.789653	0.473829	0.631761	0.631761	0.446749	0.631761	0.631761	0.651214	0.850529	0.998864	0.998864	0.998864	0.998864	0.893443	0.998864
1.3398	0.89329	0.446672	1.3398	0.89329	0.446672	0.446672	0.89329	1.3398	1.3398	0.89329	0.446672	0.89329	0.446672	0.89329	0.89329	0.446672	0.89329	0.446672	0.446672	0.89329	0.89329	0.446672	0.446672	0.446672	0.446672	0.89329	0.446672	0.446672	0.446672	0.446672	0.446672	0.446672	0.446672	0	0.446672	0.446672	0	0	0.446672	0.446672	0.446672	0.446672	0	0	0	0	0	0	0.446672	0.446672	0	0	0	0	0	0	0	0	0	0.446672	0.446672	0	0	0	0	0.446672	0.446672	0	0.446672	0.446672	0	0	0.446672	0.446672	0	0.446672	0.446672	0.446672	0.446672	0	0.446672	0.446672	0.446672	0.89329	0.89329	0.446672	0.446672	0.89329	0.446672	0.446672	0.446672	0.89329	1.3398	0.89329	0.446672	0.89329	1.3398	0.446672	0.89329	0.89329	0.89329	1.3398	1.3398	0.89329	0.446672	1.3398	0.89329	0	0	0.446672	0.89329	0.446672	0	0.446672	0.89329	0.446672	0	0	0.446672	0.89329	0.446672	0.446672	0.446672	0.89329	0.89329	0.446672	0.446672	0.89329	1.3398	0.446672	0.446672	0.446672	0.446672	0.89329	0.89329	0.446672	0.446672	0.446672	0	0.446672	0.446672	0.446672	0.446672	0	0.446672	0.446672	0	0	0	0	0	0	0	0	0	0	0	0	0	0	0.446672	0.446672	0	0	0	0.446672	0.446672	0	0	0.446672	0.446672	0	0	0	0.446672	0.446672	0.446672	0.89329	0.446672	0	0.446672	0.446672	0.446672	0.89329	0.446672	0.446672	0.89329	0.89329	0.446672	0.446672	0.446672	0.446672	0.89329	0.446672	0.446672	1.3398	0.89329	0.446672	0.89329	0.446672	0.446672	0.89329	0.446672	0.446672	0.89329	0.446672	0.446672	0.446672	0.89329	1.3398	0.89329	0.446672	0.446672	0.89329	0.446672	0.446672	0.446672	0.446672	0.446672	0.446672	0.446672	0.446672	0.89329	0.446672	0	0	0.446672	0.89329	0.446672	0	0.446672	0.89329	0.446672	0	0	0.446672	0.89329	0.446672	0	0.446672	0.89329	0.446672	0.446672	0.446672	0	0.446672	0.446672	0.446672	0.446672	0.446672	0.446672	0.446672	0.446672	0	0.446672
1.33967	0.893206	0.44663	1.33967	0.893206	0.44663	0.44663	0.893206	1.33967	1.33967	0.893206	0.44663	0.893206	0.44663	0.893206	0.893206	0.44663	0.893206	0.44663	0.44663	0.893206	0.893206	0.44663	0.44663	0.44663	0.44663	0.893206	0.44663	0.44663	0.44663	0.44663	0.44663	0.44663	0.44663	0	0.44663	0.44663	0	0	0.44663	0.44663	0.44663	0.44663	0	0	0	0	0	0	0.44663	0.44663	0	0	0	0	0	0	0	0	0	0.44663	0.44663	0	0	0	0	0.44663	0.44663	0	0.44663	0.44663	0	0	0.44663	0.44663	0	0.44663	0.44663	0.44663	0.44663	0	0.44663	0.44663	0.44663	0.893206	0.893206	0.44663	0.44663	0.893206	0.44663	0.44663	0.44663	0.893206	1.33967	0.893206	0.44663	0.893206	1.33967	0.44663	0.893206	0.893206	0.893206	1.33967	1.33967	0.893206	0.44663	1.33967	0.893206	0	0	0.44663	0.893206	0.44663	0	0.44663	0.893206	0.44663	0	0	0.44663	0.893206	0.44663	0.44663	0.44663	0.893206	0.893206	0.44663	0.44663	0.893206	1.33967	0.44663	0.44663	0.44663	0.44663	0.893206	0.893206	0.44663	0.44663	0.44663	0	0.44663	0.44663	0.44663	0.44663	0	0.44663	0.44663	0	0	0	0	0	0	0	0	0	0	0	0	0	0	0.44663	0.44663	0	0	0	0.44663	0.44663	0	0	0.44663	0.44663	0	0	0	0.44663	0.44663	0.44663	0.893206	0.44663	0	0.44663	0.44663	0.44663	0.893206	0.44663	0.44663	0.893206	0.893206	0.44663	0.44663	0.44663	0.44663	0.893206	0.44663	0.44663	1.33967	0.893206	0.44663	0.893206	0.44663	0.44663	0.893206	0.44663	0.44663	0.893206	0.44663	0.44663	0.44663	0.893206	1.33967	0.893206	0.44663	0.44663	0.893206	0.44663	0.44663	0.44663	0.44663	0.44663	0.44663	0.44663	0.44663	0.893206	0.44663	0	0	0.44663	0.893206	0.44663	0	0.44663	0.893206	0.44663	0	0	0.44663	0.893206	0.44663	0	0.44663	0.893206	0.44663	0.44663	0.44663	0	0.44663	0.44663	0.44663	0.44663	0.44663	0.44663	0.44663	0.44663	0	0.44663
1.33955	0.893123	0.446588	1.33955	0.893123	0.446588	0.446588	0.893123	1.33955	1.33955	0.893123	0.446588	0.893123	0.446588	0.893123	0.893123	0.446588	0.893123	0.446588	0.446588	0.893123	0.893123	0.446588	0.446588	0.446588	0.446588	0.893123	0.446588	0.446588	0.446588	0.446588	0.446588	0.446588	0.446588	0	0.446588	0.446588	0	0	0.446588	0.446588	0.446588	0.446588	0	0	0	0	0	0	0.446588	0.446588	0	0	0	0	0	0	0	0	0	0.446588	0.446588	0	0	0	0	0.446588	0.446588	0	0.446588	0.446588	0	0	0.446588	0.446588	0	0.446588	0.446588	0.446588	0.446588	0	0.446588	0.446588	0.446588	0.893123	0.893123	0.446588	0.446588	0.893123	0.446588	0.446588	0.446588	0.893123	1.33955	0.893123	0.446588	0.893123	1.33955	0.446588	0.893123	0.893123	0.893123	1.33955	1.33955	0.893123	0.446588	1.33955	0.893123	0	0	0.446588	0.893123	0.446588	0	0.446588	0.893123	0.446588	0	0	0.446588	0.893123	0.446588	0.446588	0.446588	0.893123	0.893123	0.446588	0.446588	0.893123	1.33955	0.446588	0.446588	0.446588	0.446588	0.893123	0.893123	0.446588	0.446588	0.446588	0	0.446588	0.446588	0.446588	0.446588	0	0.446588	0.446588	0	0	0	0	0	0	0	0	0	0	0	0	0	0	0.446588	0.446588	0	0	0	0.446588	0.446588	0	0	0.446588	0.446588	0	0	0	0.446588	0.446588	0.446588	0.893123	0.446588	0	0.446588	0.446588	0.446588	0.893123	0.446588	0.446588	0.893123	0.893123	0.446588	0.446588	0.446588	0.446588	0.893123	0.446588	0.446588	1.33955	0.893123	0.446588	0.893123	0.446588	0.446588	0.893123	0.446588	0.446588	0.893123	0.446588	0.446588	0.446588	0.893123	1.33955	0.893123	0.446588	0.446588	0.893123	0.446588	0.446588	0.446588	0.446588	0.446588	0.446588	0.446588	0.446588	0.893123	0.446588	0	0	0.446588	0.893123	0.446588	0	0.446588	0.893123	0.446588	0	0	0.446588	0.893123	0.446588	0	0.446588	0.893123	0.446588	0.446588	0.446588	0	0.446588	0.446588	0.446588	0.446588	0.446588	0.446588	0.446588	0.446588	0	0.446588
1.33942	0.893039	0.446547	1.33942	0.893039	0.446547	0.446547	0.893039	1.33942	1.33942	0.893039	0.446547	0.893039	0.446547	0.893039	0.893039	0.446547	0.893039	0.446547	0.446547	0.893039	0.893039	0.446547	0.446547	0.446547	0.446547	0.893039	0.446547	0.446547	0.446547	0.446547	0.446547	0.446547	0.446547	0	0.446547	0.446547	0	0	0.446547	0.446547	0.446547	0.446547	0	0	0	0	0	0	0.446547	0.446547	0	0	0	0	0	0	0	0	0	0.446547	0.446547	0	0	0	0	0.446547	0.446547	0	0.446547	0.446547	0	0	0.446547	0.446547	0	0.446547	0.446547	0.446547	0.446547	0	0.446547	0.446547	0.446547	0.893039	0.893039	0.446547	0.446547	0.893039	0.446547	0.446547	0.446547	0.893039	1.33942	0.893039	0.446547	0.893039	1.33942	0.446547	0.893039	0.893039	0.893039	1.33942	1.33942	0.893039	0.446547	1.33942	0.893039	0	0	0.446547	0.893039	0.446547	0	0.446547	0.893039	0.446547	0	0	0.446547	0.893039	0.446547	0.446547	0.446547	0.893039	0.893039	0.446547	0.446547	0.893039	1.33942	0.446547	0.446547	0.446547	0.446547	0.893039	0.893039	0.446547	0.446547	0.446547	0	0.446547	0.446547	0.446547	0.446547	0	0.446547	0.446547	0	0	0	0	0	0	0	0	0	0	0	0	0	0	0.446547	0.446547	0	0	0	0.446547	0.446547	0	0	0.446547	0.446547	0	0	0	0.446547	0.446547	0.446547	0.893039	0.446547	0	0.446547	0.446547	0.446547	0.893039	0.446547	0.446547	0.893039	0.893039	0.446547	0.446547	0.446547	0.446547	0.893039	0.446547	0.446547	1.33942	0.893039	0.446547	0.893039	0.446547	0.446547	0.893039	0.446547	0.446547	0.893039	0.446547	0.446547	0.446547	0.893039	1.33942	0.893039	0.446547	0.446547	0.893039	0.446547	0.446547	0.446547	0.446547	0.446547	0.446547	0.446547	0.446547	0.893039	0.446547	0	0	0.446547	0.893039	0.446547	0	0.446547	0.893039	0.446547	0	0	0.446547	0.893039	0.446547	0	0.446547	0.893039	0.446547	0.446547	0.446547	0	0.446547	0.446547	0.446547	0.446547	0.446547	0.446547	0.446547	0.446547	0	0.446547
1.3393	0.892956	0.446505	1.3393	0.892956	0.446505	0.446505	0.892956	1.3393	1.3393	0.892956	0.446505	0.892956	0.446505	0.892956	0.892956	0.446505	0.892956	0.446505	0.446505	0.892956	0.892956	0.446505	0.446505	0.446505	0.446505	0.892956	0.446505	0.446505	0.446505	0.446505	0.446505	0.446505	0.446505	0	0.446505	0.446505	0	0	0.446505	0.446505	0.446505	0.446505	0	0	0	0	0	0	0.446505	0.446505	0	0	0	0	0	0	0	0	0	0.446505	0.446505	0	0	0	0	0.446505	0.446505	0	0.446505	0.446505	0	0	0.446505	0.446505	0	0.446505	0.446505	0.446505	0.446505	0	0.446505	0.446505	0.446505	0.892956	0.892956	0.446505	0.446505	0.892956	0.446505	0.446505	0.446505	0.892956	1.3393	0.892956	0.446505	0.892956	1.3393	0.446505	0.892956	0.892956	0.892956	1.3393	1.3393	0.892956	0.446505	1.3393	0.892956	0	0	0.446505	0.892956	0.446505	0	0.446505	0.892956	0.446505	0	0	0.446505	0.892956	0.446505	0.446505	0.446505	0.892956	0.892956	0.446505	0.446505	0.892956	1.3393	0.446505	0.446505	0.446505	0.446505	0.892956	0.892956	0.446505	0.446505	0.446505	0	0.446505	0.446505	0.446505	0.446505	0	0.446505	0.446505	0	0	0	0	0	0	0	0	0	0	0	0	0	0	0.446505	0.446505	0	0	0	0.446505	0.446505	0	0	0.446505	0.446505	0	0	0	0.446505	0.446505	0.446505	0.892956	0.446505	0	0.446505	0.446505	0.446505	0.892956	0.446505	0.446505	0.892956	0.892956	0.446505	0.446505	0.446505	0.446505	0.892956	0.446505	0.446505	1.3393	0.892956	0.446505	0.892956	0.446505	0.446505	0.892956	0.446505	0.446505	0.892956	0.446505	0.446505	0.446505	0.892956	1.3393	0.892956	0.446505	0.446505	0.892956	0.446505	0.446505	0.446505	0.446505	0.446505	0.446505	0.446505	0.446505	0.892956	0.446505	0	0	0.446505	0.892956	0.446505	0	0.446505	0.892956	0.446505	0	0	0.446505	0.892956	0.446505	0	0.446505	0.892956	0.446505	0.446505	0.446505	0	0.446505	0.446505	0.446505	0.446505	0.446505	0.446505	0.446505	0.446505	0	0.446505
1.33917	0.892872	0.446463	1.33917	0.892872	0.446463	0.446463	0.892872	1.33917	1.33917	0.892872	0.446463	0.892872	0.446463	0.892872	0.892872	0.446463	0.892872	0.446463	0.446463	0.892872	0.892872	0.446463	0.446463	0.446463	0.446463	0.892872	0.446463	0.446463	0.446463	0.446463	0.446463	0.446463	0.446463	0	0.446463	0.446463	0	0	0.446463	0.446463	0.446463	0.446463	0	0	0	0	0	0	0.446463	0.446463	0	0	0	0	0	0	0	0	0	0.446463	0.446463	0	0	0	0	0.446463	0.446463	0	0.446463	0.446463	0	0	0.446463	0.446463	0	0.446463	0.446463	0.446463	0.446463	0	0.446463	0.446463	0.446463	0.892872	0.892872	0.446463	0.446463	0.892872	0.446463	0.446463	0.446463	0.892872	1.33917	0.892872	0.446463	0.892872	1.33917	0.446463	0.892872	0.892872	0.892872	1.33917	1.33917	0.892872	0.446463	1.33917	0.892872	0	0	0.446463	0.892872	0.446463	0	0.446463	0.892872	0.446463	0	0	0.446463	0.892872	0.446463	0.446463	0.446463	0.892872	0.892872	0.446463	0.446463	0.892872	1.33917	0.446463	0.446463	0.446463	0.446463	0.892872	0.892872	0.446463	0.446463	0.446463	0	0.446463	0.446463	0.446463	0.446463	0	0.446463	0.446463	0	0	0	0	0	0	0	0	0	0	0	0	0	0	0.446463	0.446463	0	0	0	0.446463	0.446463	0	0	0.446463	0.446463	0	0	0	0.446463	0.446463	0.446463	0.892872	0.446463	0	0.446463	0.446463	0.446463	0.892872	0.446463	0.446463	0.892872	0.892872	0.446463	0.446463	0.446463	0.446463	0.892872	0.446463	0.446463	1.33917	0.892872	0.446463	0.892872	0.446463	0.446463	0.892872	0.446463	0.446463	0.892872	0.446463	0.446463	0.446463	0.892872	1.33917	0.892872	0.446463	0.446463	0.892872	0.446463	0.446463	0.446463	0.446463	0.446463	0.446463	0.446463	0.446463	0.892872	0.446463	0	0	0.446463	0.892872	0.446463	0	0.446463	0.892872	0.446463	0	0	0.446463	0.892872	0.446463	0	0.446463	0.892872	0.446463	0.446463	0.446463	0	0.446463	0.446463	0.446463	0.446463	0.446463	0.446463	0.446463	0.446463	0	0.446463
1.33903	0.892775	0.446414	1.33903	0.892775	0.446414	0.446414	0.892775	1.33903	1.33903	0.892775	0.446414	0.892775	0.446414	0.892775	0.892775	0.446414	0.892775	0.446414	0.446414	0.892775	0.892775	0.446414	0.446414	0.446414	0.446414	0.892775	0.446414	0.446414	0.446414	0.446414	0.446414	0.446414	0.446414	0	0.446414	0.446414	0	0	0.446414	0.446414	0.446414	0.446414	0	0	0	0	0	0	0.446414	0.446414	0	0	0	0	0	0	0	0	0	0.446414	0.446414	0	0	0	0	0.446414	0.446414	0	0.446414	0.446414	0	0	0.446414	0.446414	0	0.446414	0.446414	0.446414	0.446414	0	0.446414	0.446414	0.446414	0.892775	0.892775	0.446414	0.446414	0.892775	0.446414	0.446414	0.446414	0.892775	1.33903	0.892775	0.446414	0.892775	1.33903	0.446414	0.892775	0.892775	0.892775	1.33903	1.33903	0.892775	0.446414	1.33903	0.892775	0	0	0.446414	0.892775	0.446414	0	0.446414	0.892775	0.446414	0	0	0.446414	0.892775	0.446414	0.446414	0.446414	0.892775	0.892775	0.446414	0.446414	0.892775	1.33903	0.446414	0.446414	0.446414	0.446414	0.892775	0.892775	0.446414	0.446414	0.446414	0	0.446414	0.446414	0.446414	0.446414	0	0.446414	0.446414	0	0	0	0	0	0	0	0	0	0	0	0	0	0	0.446414	0.446414	0	0	0	0.446414	0.446414	0	0	0.446414	0.446414	0	0	0	0.446414	0.446414	0.446414	0.892775	0.446414	0	0.446414	0.446414	0.446414	0.892775	0.446414	0.446414	0.892775	0.892775	0.446414	0.446414	0.446414	0.446414	0.892775	0.446414	0.446414	1.33903	0.892775	0.446414	0.892775	0.446414	0.446414	0.892775	0.446414	0.446414	0.892775	0.446414	0.446414	0.446414	0.892775	1.33903	0.892775	0.446414	0.446414	0.892775	0.446414	0.446414	0.446414	0.446414	0.446414	0.446414	0.446414	0.446414	0.892775	0.446414	0	0	0.446414	0.892775	0.446414	0	0.446414	0.892775	0.446414	0	0	0.446414	0.892775	0.446414	0	0.446414	0.892775	0.446414	0.446414	0.446414	0	0.446414	0.446414	0.446414	0.446414	0.446414	0.446414	0.446414	0.446414	0	0.446414
1.3389	0.892691	0.446373	1.3389	0.892691	0.446373	0.446373	0.892691	1.3389	1.3389	0.892691	0.446373	0.892691	0.446373	0.892691	0.892691	0.446373	0.892691	0.446373	0.446373	0.892691	0.892691	0.446373	0.446373	0.446373	0.446373	0.892691	0.446373	0.446373	0.446373	0.446373	0.446373	0.446373	0.446373	0	0.446373	0.446373	0	0	0.446373	0.446373	0.446373	0.446373	0	0	0	0	0	0	0.446373	0.446373	0	0	0	0	0	0	0	0	0	0.446373	0.446373	0	0	0	0	0.446373	0.446373	0	0.446373	0.446373	0	0	0.446373	0.446373	0	0.446373	0.446373	0.446373	0.446373	0	0.446373	0.446373	0.446373	0.892691	0.892691	0.446373	0.446373	0.892691	0.446373	0.446373	0.446373	0.892691	1.3389	0.892691	0.446373	0.892691	1.3389	0.446373	0.892691	0.892691	0.892691	1.3389	1.3389	0.892691	0.446373	1.3389	0.892691	0	0	0.446373	0.892691	0.446373	0	0.446373	0.892691	0.446373	0	0	0.446373	0.892691	0.446373	0.446373	0.446373	0.892691	0.892691	0.446373	0.446373	0.892691	1.3389	0.446373	0.446373	0.446373	0.446373	0.892691	0.892691	0.446373	0.446373	0.446373	0	0.446373	0.446373	0.446373	0.446373	0	0.446373	0.446373	0	0	0	0	0	0	0	0	0	0	0	0	0	0	0.446373	0.446373	0	0	0	0.446373	0.446373	0	0	0.446373	0.446373	0	0	0	0.446373	0.446373	0.446373	0.892691	0.446373	0	0.446373	0.446373	0.446373	0.892691	0.446373	0.446373	0.892691	0.892691	0.446373	0.446373	0.446373	0.446373	0.892691	0.446373	0.446373	1.3389	0.892691	0.446373	0.892691	0.446373	0.446373	0.892691	0.446373	0.446373	0.892691	0.446373	0.446373	0.446373	0.892691	1.3389	0.892691	0.446373	0.446373	0.892691	0.446373	0.446373	0.446373	0.446373	0.446373	0.446373	0.446373	0.446373	0.892691	0.446373	0	0	0.446373	0.892691	0.446373	0	0.446373	0.892691	0.446373	0	0	0.446373	0.892691	0.446373	0	0.446373	0.892691	0.446373	0.446373	0.446373	0	0.446373	0.446373	0.446373	0.446373	0.446373	0.446373	0.446373	0.446373	0	0.446373
1.33878	0.892608	0.446331	1.33878	0.892608	0.446331	0.446331	0.892608	1.33878	1.33878	0.892608	0.446331	0.892608	0.446331	0.892608	0.892608	0.446331	0.892608	0.446331	0.446331	0.892608	0.892608	0.446331	0.446331	0.446331	0.446331	0.892608	0.446331	0.446331	0.446331	0.446331	0.446331	0.446331	0.446331	0	0.446331	0.446331	0	0	0.446331	0.446331	0.446331	0.446331	0	0	0	0	0	0	0.446331	0.446331	0	0	0	0	0	0	0	0	0	0.446331	0.446331	0	0	0	0	0.446331	0.446331	0	0.446331	0.446331	0	0	0.446331	0.446331	0	0.446331	0.446331	0.446331	0.446331	0	0.446331	0.446331	0.446331	0.892608	0.892608	0.446331	0.446331	0.892608	0.446331	0.446331	0.446331	0.892608	1.33878	0.892608	0.446331	0.892608	1.33878	0.446331	0.892608	0.892608	0.892608	1.33878	1.33878	0.892608	0.446331	1.33878	0.892608	0	0	0.446331	0.892608	0.446331	0	0.446331	0.892608	0.446331	0	0	0.446331	0.892608	0.446331	0.446331	0.446331	0.892608	0.892608	0.446331	0.446331	0.892608	1.33878	0.446331	0.446331	0.446331	0.446331	0.892608	0.892608	0.446331	0.446331	0.446331	0	0.446331	0.446331	0.446331	0.446331	0	0.446331	0.446331	0	0	0	0	0	0	0	0	0	0	0	0	0	0	0.446331	0.446331	0	0	0	0.446331	0.446331	0	0	0.446331	0.446331	0	0	0	0.446331	0.446331	0.446331	0.892608	0.446331	0	0.446331	0.446331	0.446331	0.892608	0.446331	0.446331	0.892608	0.892608	0.446331	0.446331	0.446331	0.446331	0.892608	0.446331	0.446331	1.33878	0.892608	0.446331	0.892608	0.446331	0.446331	0.892608	0.446331	0.446331	0.892608	0.446331	0.446331	0.446331	0.892608	1.33878	0.892608	0.446331	0.446331	0.892608	0.446331	0.446331	0.446331	0.446331	0.446331	0.446331	0.446331	0.446331	0.892608	0.446331	0	0	0.446331	0.892608	0.446331	0	0.446331	0.892608	0.446331	0	0	0.446331	0.892608	0.446331	0	0.446331	0.892608	0.446331	0.446331	0.446331	0	0.446331	0.446331	0.446331	0.446331	0.446331	0.446331	0.446331	0.446331	0	0.446331
1.33865	0.892524	0.446289	1.33865	0.892524	0.446289	0.446289	0.892524	1.33865	1.33865	0.892524	0.446289	0.892524	0.446289	0.892524	0.892524	0.446289	0.892524	0.446289	0.446289	0.892524	0.892524	0.446289	0.446289	0.446289	0.446289	0.892524	0.446289	0.446289	0.446289	0.446289	0.446289	0.446289	0.446289	0	0.446289	0.446289	0	0	0.446289	0.446289	0.446289	0.446289	0	0	0	0	0	0	0.446289	0.446289	0	0	0	0	0	0	0	0	0	0.446289	0.446289	0	0	0	0	0.446289	0.446289	0	0.446289	0.446289	0	0	0.446289	0.446289	0	0.446289	0.446289	0.446289	0.446289	0	0.446289	0.446289	0.446289	0.892524	0.892524	0.446289	0.446289	0.892524	0.446289	0.446289	0.446289	0.892524	1.33865	0.892524	0.446289	0.892524	1.33865	0.446289	0.892524	0.892524	0.892524	1.33865	1.33865	0.892524	0.446289	1.33865	0.892524	0	0	0.446289	0.892524	0.446289	0	0.446289	0.892524	0.446289	0	0	0.446289	0.892524	0.446289	0.446289	0.446289	0.892524	0.892524	0.446289	0.446289	0.892524	1.33865	0.446289	0.446289	0.446289	0.446289	0.892524	0.892524	0.446289	0.446289	0.446289	0	0.446289	0.446289	0.446289	0.446289	0	0.446289	0.446289	0	0	0	0	0	0	0	0	0	0	0	0	0	0	0.446289	0.446289	0	0	0	0.446289	0.446289	0	0	0.446289	0.446289	0	0	0	0.446289	0.446289	0.446289	0.892524	0.446289	0	0.446289	0.446289	0.446289	0.892524	0.446289	0.446289	0.892524	0.892524	0.446289	0.446289	0.446289	0.446289	0.892524	0.446289	0.446289	1.33865	0.892524	0.446289	0.892524	0.446289	0.446289	0.892524	0.446289	0.446289	0.892524	0.446289	0.446289	0.446289	0.892524	1.33865	0.892524	0.446289	0.446289	0.892524	0.446289	0.446289	0.446289	0.446289	0.446289	0.446289	0.446289	0.446289	0.892524	0.446289	0	0	0.446289	0.892524	0.446289	0	0.446289	0.892524	0.446289	0	0	0.446289	0.892524	0.446289	0	0.446289	0.892524	0.446289	0.446289	0.446289	0	0.446289	0.446289	0.446289	0.446289	0.446289	0.446289	0.446289	0.446289	0	0.446289
2.05029	1.60867	1.411	1.89269	1.60867	1.34787	1.14854	1.26205	1.60862	1.60862	1.26205	0.959671	1.14849	0.631101	0.959647	1.10434	0.959671	1.14849	0.631101	0.650511	1.01015	0.892441	0.446248	0.568851	0.650511	0.631101	0.997775	0.631101	0.631101	0.631101	0.788859	0.959671	0.997821	0.997821	1.01023	1.34787	1.411	1.45442	1.67683	1.83947	1.97628	2.05641	1.92532	1.89932	2.12185	2.23033	2.34438	2.56688	2.6758	2.58615	2.36547	2.34438	2.56688	2.6758	2.6758	2.6758	2.6758	2.6758	2.6758	2.6758	2.71265	2.71265	2.6758	2.6758	2.6758	2.6758	2.58615	2.36547	2.23033	2.14514	1.92532	1.78459	1.78459	1.70623	1.48823	1.33863	1.27191	1.05834	0.997821	0.997821	0.892511	0.997821	0.997821	0.849641	0.959647	0.849595	0.352795	0.446248	0.788829	0.473334	0.631101	0.631101	0.946604	1.60867	2.19098	2.58615	2.97445	3.52377	3.59339	3.84629	4.28428	4.7229	5.23757	5.58535	5.72443	5.69863	5.63791	5.41319	5.1235	4.68093	4.37841	4.16135	3.71869	3.35079	2.97445	2.7535	2.4071	2.12185	1.89932	1.83947	1.99504	1.83947	1.83947	1.83947	2.05034	2.25799	2.27445	2.27445	2.46822	2.84219	2.71265	2.71265	2.71265	2.62427	2.54743	2.40192	2.27445	2.27445	2.19098	1.89932	1.83947	1.83947	1.76355	1.55363	1.33863	1.411	1.411	1.33863	1.33863	1.33863	1.33863	1.23217	1.01023	0.892511	0.892511	0.892511	0.788888	0.568892	0.446282	0.446282	0.446282	0.631101	0.631101	0.446282	0.446282	0.446282	0.631101	0.631101	0.446282	0.446282	0.631101	0.631101	0.446282	0.446282	0.352817	0.568851	0.446248	0.352795	0.849595	0.650511	0.157781	0.352795	0.473334	0.631101	0.997775	0.631101	0.631101	0.997775	0.997775	0.631101	0.631101	0.631101	0.631101	0.997775	0.631101	0.631101	1.3478	1.10434	0.997821	1.26205	0.997821	0.959671	1.14849	0.631101	0.631101	0.997775	0.631101	0.631101	0.631101	0.959647	1.45434	1.26205	0.997821	0.997821	1.26205	0.997821	0.997821	0.997821	0.959671	0.788859	0.631101	0.631101	0.631101	0.959647	0.849641	0.788888	0.568892	0.631101	0.959647	0.804491	0.568892	0.631101	0.959647	0.849641	0.788888	0.568892	0.631101	0.997775	0.631101	0.352817	0.568851	0.892441	0.446248	0.446248	0.446248	0.157781	0.498925	0.352795	0.446248	0.446248	0.568851	0.650511	0.631101	0.631101	0.568892	0.959671
2.21325	1.60851	1.41087	1.89251	1.60851	1.45425	1.27176	1.26193	1.60847	1.60847	1.26193	1.10423	1.34768	0.631042	0.788785	0.959581	1.10423	1.34768	0.631042	0.849516	1.23196	0.892358	0.446206	0.788755	0.849516	0.631042	0.997682	0.631042	0.631042	0.631042	0.959557	1.10423	0.997728	0.997728	1.05825	1.45425	1.41087	1.48809	1.70607	1.83929	2.05015	2.05622	1.89914	1.92514	2.14494	2.23012	2.36525	2.58591	2.67555	2.56664	2.34416	2.36525	2.58591	2.67555	2.67555	2.67555	2.67555	2.67555	2.67555	2.67555	2.7124	2.7124	2.67555	2.67555	2.67555	2.67555	2.56664	2.34416	2.23012	2.12165	1.89914	1.78442	1.78442	1.67667	1.45428	1.33851	1.23206	1.01014	0.997728	0.997728	0.892427	0.997728	0.997728	0.788814	0.788785	0.65045	0.157767	0.446206	0.568798	0.352784	0.631042	0.631042	0.705542	1.33851	2.12165	2.56664	2.90669	3.40911	3.59306	3.79412	4.2375	4.68049	5.16133	5.54065	5.6981	5.7239	5.69806	5.41269	5.16133	4.72246	4.41171	4.30111	3.75806	3.40911	3.1047	2.84192	2.46799	2.14494	1.92514	1.83929	1.99485	1.83929	1.83929	1.83929	1.97609	2.19077	2.27423	2.27423	2.40687	2.75324	2.7124	2.7124	2.7124	2.68017	2.64284	2.40169	2.27423	2.27423	2.25778	1.92514	1.83929	1.83929	1.84602	1.64672	1.33851	1.41087	1.41087	1.33851	1.33851	1.33851	1.33851	1.27179	1.05825	0.892427	0.892427	0.892427	0.849562	0.650474	0.446241	0.446241	0.446241	0.631042	0.631042	0.446241	0.446241	0.446241	0.631042	0.631042	0.446241	0.446241	0.631042	0.631042	0.446241	0.446241	0.47329	0.788755	0.446206	0.157767	0.65045	0.849516	0.352762	0.157767	0.352784	0.631042	0.997682	0.631042	0.631042	0.997682	0.997682	0.631042	0.631042	0.631042	0.631042	0.997682	0.631042	0.631042	1.14838	0.959581	0.997728	1.26193	0.997728	1.10423	1.34768	0.631042	0.631042	0.997682	0.631042	0.631042	0.631042	0.788785	1.27174	1.26193	0.997728	0.997728	1.26193	0.997728	0.997728	0.997728	1.10423	0.959557	0.631042	0.631042	0.631042	0.788785	0.788814	0.849562	0.650474	0.631042	0.788785	0.804416	0.650474	0.631042	0.788785	0.788814	0.849562	0.650474	0.631042	0.997682	0.631042	0.47329	0.788755	0.892358	0.446206	0.446206	0.446206	0.352762	0.498879	0.157767	0.446206	0.446206	0.788755	0.849516	0.631042	0.631042	0.650474	1.10423
1.78412	0.892274	0.446164	1.33828	0.892274	0.892274	0.892274	0.892274	1.33828	1.33828	0.892274	0.892274	1.33828	0.446164	0.446164	0.446164	0.892274	1.33828	0.446164	0.892274	1.33828	0.892274	0.446164	0.892274	0.892274	0.446164	0.892274	0.446164	0.446164	0.446164	0.892274	0.892274	0.446164	0.446164	0.446164	0.892274	0.446164	0.446164	0.446164	0.446164	0.892274	0.446164	0	0.446164	0.446164	0	0.446164	0.446164	0	0	0	0.446164	0.446164	0	0	0	0	0	0	0	0.446164	0.446164	0	0	0	0	0	0	0	0	0	0	0	0	0	0	0	0	0.446164	0.446164	0	0.446164	0.446164	0	0.446164	0.446164	0	0.446164	0.446164	0	0.446164	0.446164	0	0.446164	0.446164	0	0	0.446164	0.446164	0	0	0	0.446164	0.892274	0.446164	0.892274	1.78412	0.892274	0.892274	0.892274	0.892274	1.78412	0.892274	0.892274	1.33828	1.33828	0.892274	0.446164	0.446164	0.446164	0.892274	0.446164	0.446164	0.446164	0.446164	0.446164	0.446164	0.446164	0.446164	0.892274	0.446164	0.446164	0.446164	0.892274	1.33828	0.892274	0.446164	0.446164	0.892274	0.446164	0.446164	0.446164	0.892274	0.892274	0	0.446164	0.446164	0	0	0	0	0.446164	0.446164	0	0	0	0.446164	0.446164	0	0	0	0.446164	0.446164	0	0	0	0.446164	0.446164	0	0	0.446164	0.446164	0	0	0.446164	0.892274	0.446164	0	0.446164	0.892274	0.446164	0	0	0.446164	0.892274	0.446164	0.446164	0.892274	0.892274	0.446164	0.446164	0.446164	0.446164	0.892274	0.446164	0.446164	0.892274	0.446164	0.446164	0.892274	0.446164	0.892274	1.33828	0.446164	0.446164	0.892274	0.446164	0.446164	0.446164	0.446164	0.892274	0.892274	0.446164	0.446164	0.892274	0.446164	0.446164	0.446164	0.892274	0.892274	0.446164	0.446164	0.446164	0.446164	0	0.446164	0.446164	0.446164	0.446164	0.446164	0.446164	0.446164	0.446164	0	0.446164	0.446164	0.446164	0.892274	0.446164	0.446164	0.892274	0.892274	0.446164	0.446164	0.446164	0.446164	0.446164	0	0.446164	0.446164	0.892274	0.892274	0.446164	0.446164	0.446164	0.892274
1.78395	0.892191	0.446123	1.33815	0.892191	0.892191	0.892191	0.892191	1.33815	1.33815	0.892191	0.892191	1.33815	0.446123	0.446123	0.446123	0.892191	1.33815	0.446123	0.892191	1.33815	0.892191	0.446123	0.892191	0.892191	0.446123	0.892191	0.446123	0.446123	0.446123	0.892191	0.892191	0.446123	0.446123	0.446123	0.892191	0.446123	0.446123	0.446123	0.446123	0.892191	0.446123	0	0.446123	0.446123	0	0.446123	0.446123	0	0	0	0.446123	0.446123	0	0	0	0	0	0	0	0.446123	0.446123	0	0	0	0	0	0	0	0	0	0	0	0	0	0	0	0	0.446123	0.446123	0	0.446123	0.446123	0	0.446123	0.446123	0	0.446123	0.446123	0	0.446123	0.446123	0	0.446123	0.446123	0	0	0.446123	0.446123	0	0	0	0.446123	0.892191	0.446123	0.892191	1.78395	0.892191	0.892191	0.892191	0.892191	1.78395	0.892191	0.892191	1.33815	1.33815	0.892191	0.446123	0.446123	0.446123	0.892191	0.446123	0.446123	0.446123	0.446123	0.446123	0.446123	0.446123	0.446123	0.892191	0.446123	0.446123	0.446123	0.892191	1.33815	0.892191	0.446123	0.446123	0.892191	0.446123	0.446123	0.446123	0.892191	0.892191	0	0.446123	0.446123	0	0	0	0	0.446123	0.446123	0	0	0	0.446123	0.446123	0	0	0	0.446123	0.446123	0	0	0	0.446123	0.446123	0	0	0.446123	0.446123	0	0	0.446123	0.892191	0.446123	0	0.446123	0.892191	0.446123	0	0	0.446123	0.892191	0.446123	0.446123	0.892191	0.892191	0.446123	0.446123	0.446123	0.446123	0.892191	0.446123	0.446123	0.892191	0.446123	0.446123	0.892191	0.446123	0.892191	1.33815	0.446123	0.446123	0.892191	0.446123	0.446123	0.446123	0.446123	0.892191	0.892191	0.446123	0.446123	0.892191	0.446123	0.446123	0.446123	0.892191	0.892191	0.446123	0.446123	0.446123	0.446123	0	0.446123	0.446123	0.446123	0.446123	0.446123	0.446123	0.446123	0.446123	0	0.446123	0.446123	0.446123	0.892191	0.446123	0.446123	0.892191	0.892191	0.446123	0.446123	0.446123	0.446123	0.446123	0	0.446123	0.446123	0.892191	0.892191	0.446123	0.446123	0.446123	0.892191
1.78376	0.892094	0.446074	1.33801	0.892094	0.892094	0.892094	0.892094	1.33801	1.33801	0.892094	0.892094	1.33801	0.446074	0.446074	0.446074	0.892094	1.33801	0.446074	0.892094	1.33801	0.892094	0.446074	0.892094	0.892094	0.446074	0.892094	0.446074	0.446074	0.446074	0.892094	0.892094	0.446074	0.446074	0.446074	0.892094	0.446074	0.446074	0.446074	0.446074	0.892094	0.446074	0	0.446074	0.446074	0	0.446074	0.446074	0	0	0	0.446074	0.446074	0	0	0	0	0	0	0	0.446074	0.446074	0	0	0	0	0	0	0	0	0	0	0	0	0	0	0	0	0.446074	0.446074	0	0.446074	0.446074	0	0.446074	0.446074	0	0.446074	0.446074	0	0.446074	0.446074	0	0.446074	0.446074	0	0	0.446074	0.446074	0	0	0	0.446074	0.892094	0.446074	0.892094	1.78376	0.892094	0.892094	0.892094	0.892094	1.78376	0.892094	0.892094	1.33801	1.33801	0.892094	0.446074	0.446074	0.446074	0.892094	0.446074	0.446074	0.446074	0.446074	0.446074	0.446074	0.446074	0.446074	0.892094	0.446074	0.446074	0.446074	0.892094	1.33801	0.892094	0.446074	0.446074	0.892094	0.446074	0.446074	0.446074	0.892094	0.892094	0	0.446074	0.446074	0	0	0	0	0.446074	0.446074	0	0	0	0.446074	0.446074	0	0	0	0.446074	0.446074	0	0	0	0.446074	0.446074	0	0	0.446074	0.446074	0	0	0.446074	0.892094	0.446074	0	0.446074	0.892094	0.446074	0	0	0.446074	0.892094	0.446074	0.446074	0.892094	0.892094	0.446074	0.446074	0.446074	0.446074	0.892094	0.446074	0.446074	0.892094	0.446074	0.446074	0.892094	0.446074	0.892094	1.33801	0.446074	0.446074	0.892094	0.446074	0.446074	0.446074	0.446074	0.892094	0.892094	0.446074	0.446074	0.892094	0.446074	0.446074	0.446074	0.892094	0.892094	0.446074	0.446074	0.446074	0.446074	0	0.446074	0.446074	0.446074	0.446074	0.446074	0.446074	0.446074	0.446074	0	0.446074	0.446074	0.446074	0.892094	0.446074	0.446074	0.892094	0.892094	0.446074	0.446074	0.446074	0.446074	0.446074	0	0.446074	0.446074	0.892094	0.892094	0.446074	0.446074	0.446074	0.892094
1.78359	0.89201	0.446032	1.33788	0.89201	0.89201	0.89201	0.89201	1.33788	1.33788	0.89201	0.89201	1.33788	0.446032	0.446032	0.446032	0.89201	1.33788	0.446032	0.89201	1.33788	0.89201	0.446032	0.89201	0.89201	0.446032	0.89201	0.446032	0.446032	0.446032	0.89201	0.89201	0.446032	0.446032	0.446032	0.89201	0.446032	0.446032	0.446032	0.446032	0.89201	0.446032	0	0.446032	0.446032	0	0.446032	0.446032	0	0	0	0.446032	0.446032	0	0	0	0	0	0	0	0.446032	0.446032	0	0	0	0	0	0	0	0	0	0	0	0	0	0	0	0	0.446032	0.446032	0	0.446032	0.446032	0	0.446032	0.446032	0	0.446032	0.446032	0	0.446032	0.446032	0	0.446032	0.446032	0	0	0.446032	0.446032	0	0	0	0.446032	0.89201	0.446032	0.89201	1.78359	0.89201	0.89201	0.89201	0.89201	1.78359	0.89201	0.89201	1.33788	1.33788	0.89201	0.446032	0.446032	0.446032	0.89201	0.446032	0.446032	0.446032	0.446032	0.446032	0.446032	0.446032	0.446032	0.89201	0.446032	0.446032	0.446032	0.89201	1.33788	0.89201	0.446032	0.446032	0.89201	0.446032	0.446032	0.446032	0.89201	0.89201	0	0.446032	0.446032	0	0	0	0	0.446032	0.446032	0	0	0	0.446032	0.446032	0	0	0	0.446032	0.446032	0	0	0	0.446032	0.446032	0	0	0.446032	0.446032	0	0	0.446032	0.89201	0.446032	0	0.446032	0.89201	0.446032	0	0	0.446032	0.89201	0.446032	0.446032	0.89201	0.89201	0.446032	0.446032	0.446032	0.446032	0.89201	0.446032	0.446032	0.89201	0.446032	0.446032	0.89201	0.446032	0.89201	1.33788	0.446032	0.446032	0.89201	0.446032	0.446032	0.446032	0.446032	0.89201	0.89201	0.446032	0.446032	0.89201	0.446032	0.446032	0.446032	0.89201	0.89201	0.446032	0.446032	0.446032	0.446032	0	0.446032	0.446032	0.446032	0.446032	0.446032	0.446032	0.446032	0.446032	0	0.446032	0.446032	0.446032	0.89201	0.446032	0.446032	0.89201	0.89201	0.446032	0.446032	0.446032	0.446032	0.446032	0	0.446032	0.446032	0.89201	0.89201	0.446032	0.446032	0.446032	0.89201
1.78342	0.891927	0.445991	1.33776	0.891927	0.891927	0.891927	0.891927	1.33776	1.33776	0.891927	0.891927	1.33776	0.445991	0.445991	0.445991	0.891927	1.33776	0.445991	0.891927	1.33776	0.891927	0.445991	0.891927	0.891927	0.445991	0.891927	0.445991	0.445991	0.445991	0.891927	0.891927	0.445991	0.445991	0.445991	0.891927	0.445991	0.445991	0.445991	0.445991	0.891927	0.445991	0	0.445991	0.445991	0	0.445991	0.445991	0	0	0	0.445991	0.445991	0	0	0	0	0	0	0	0.445991	0.445991	0	0	0	0	0	0	0	0	0	0	0	0	0	0	0	0	0.445991	0.445991	0	0.445991	0.445991	0	0.445991	0.445991	0	0.445991	0.445991	0	0.445991	0.445991	0	0.445991	0.445991	0	0	0.445991	0.445991	0	0	0	0.445991	0.891927	0.445991	0.891927	1.78342	0.891927	0.891927	0.891927	0.891927	1.78342	0.891927	0.891927	1.33776	1.33776	0.891927	0.445991	0.445991	0.445991	0.891927	0.445991	0.445991	0.445991	0.445991	0.445991	0.445991	0.445991	0.445991	0.891927	0.445991	0.445991	0.445991	0.891927	1.33776	0.891927	0.445991	0.445991	0.891927	0.445991	0.445991	0.445991	0.891927	0.891927	0	0.445991	0.445991	0	0	0	0	0.445991	0.445991	0	0	0	0.445991	0.445991	0	0	0	0.445991	0.445991	0	0	0	0.445991	0.445991	0	0	0.445991	0.445991	0	0	0.445991	0.891927	0.445991	0	0.445991	0.891927	0.445991	0	0	0.445991	0.891927	0.445991	0.445991	0.891927	0.891927	0.445991	0.445991	0.445991	0.445991	0.891927	0.445991	0.445991	0.891927	0.445991	0.445991	0.891927	0.445991	0.891927	1.33776	0.445991	0.445991	0.891927	0.445991	0.445991	0.445991	0.445991	0.891927	0.891927	0.445991	0.445991	0.891927	0.445991	0.445991	0.445991	0.891927	0.891927	0.445991	0.445991	0.445991	0.445991	0	0.445991	0.445991	0.445991	0.445991	0.445991	0.445991	0.445991	0.445991	0	0.445991	0.445991	0.445991	0.891927	0.445991	0.445991	0.891927	0.891927	0.445991	0.445991	0.445991	0.445991	0.445991	0	0.445991	0.445991	0.891927	0.891927	0.445991	0.445991	0.445991	0.891927
1.78326	0.891844	0.445949	1.33763	0.891844	0.891844	0.891844	0.891844	1.33763	1.33763	0.891844	0.891844	1.33763	0.445949	0.445949	0.445949	0.891844	1.33763	0.445949	0.891844	1.33763	0.891844	0.445949	0.891844	0.891844	0.445949	0.891844	0.445949	0.445949	0.445949	0.891844	0.891844	0.445949	0.445949	0.445949	0.891844	0.445949	0.445949	0.445949	0.445949	0.891844	0.445949	0	0.445949	0.445949	0	0.445949	0.445949	0	0	0	0.445949	0.445949	0	0	0	0	0	0	0	0.445949	0.445949	0	0	0	0	0	0	0	0	0	0	0	0	0	0	0	0	0.445949	0.445949	0	0.445949	0.445949	0	0.445949	0.445949	0	0.445949	0.445949	0	0.445949	0.445949	0	0.445949	0.445949	0	0	0.445949	0.445949	0	0	0	0.445949	0.891844	0.445949	0.891844	1.78326	0.891844	0.891844	0.891844	0.891844	1.78326	0.891844	0.891844	1.33763	1.33763	0.891844	0.445949	0.445949	0.445949	0.891844	0.445949	0.445949	0.445949	0.445949	0.445949	0.445949	0.445949	0.445949	0.891844	0.445949	0.445949	0.445949	0.891844	1.33763	0.891844	0.445949	0.445949	0.891844	0.445949	0.445949	0.445949	0.891844	0.891844	0	0.445949	0.445949	0	0	0	0	0.445949	0.445949	0	0	0	0.445949	0.445949	0	0	0	0.445949	0.445949	0	0	0	0.445949	0.445949	0	0	0.445949	0.445949	0	0	0.445949	0.891844	0.445949	0	0.445949	0.891844	0.445949	0	0	0.445949	0.891844	0.445949	0.445949	0.891844	0.891844	0.445949	0.445949	0.445949	0.445949	0.891844	0.445949	0.445949	0.891844	0.445949	0.445949	0.891844	0.445949	0.891844	1.33763	0.445949	0.445949	0.891844	0.445949	0.445949	0.445949	0.445949	0.891844	0.891844	0.445949	0.445949	0.891844	0.445949	0.445949	0.445949	0.891844	0.891844	0.445949	0.445949	0.445949	0.445949	0	0.445949	0.445949	0.445949	0.445949	0.445949	0.445949	0.445949	0.445949	0	0.445949	0.445949	0.445949	0.891844	0.445949	0.445949	0.891844	0.891844	0.445949	0.445949	0.445949	0.445949	0.445949	0	0.445949	0.445949	0.891844	0.891844	0.445949	0.445949	0.445949	0.891844
1.78309	0.89176	0.445907	1.33751	0.89176	0.89176	0.89176	0.89176	1.33751	1.33751	0.89176	0.89176	1.33751	0.445907	0.445907	0.445907	0.89176	1.33751	0.445907	0.89176	1.33751	0.89176	0.445907	0.89176	0.89176	0.445907	0.89176	0.445907	0.445907	0.445907	0.89176	0.89176	0.445907	0.445907	0.445907	0.89176	0.445907	0.445907	0.445907	0.445907	0.89176	0.445907	0	0.445907	0.445907	0	0.445907	0.445907	0	0	0	0.445907	0.445907	0	0	0	0	0	0	0	0.445907	0.445907	0	0	0	0	0	0	0	0	0	0	0	0	0	0	0	0	0.445907	0.445907	0	0.445907	0.445907	0	0.445907	0.445907	0	0.445907	0.445907	0	0.445907	0.445907	0	0.445907	0.445907	0	0	0.445907	0.445907	0	0	0	0.445907	0.89176	0.445907	0.89176	1.78309	0.89176	0.89176	0.89176	0.89176	1.78309	0.89176	0.89176	1.33751	1.33751	0.89176	0.445907	0.445907	0.445907	0.89176	0.445907	0.445907	0.445907	0.445907	0.445907	0.445907	0.445907	0.445907	0.89176	0.445907	0.445907	0.445907	0.89176	1.33751	0.89176	0.445907	0.445907	0.89176	0.445907	0.445907	0.445907	0.89176	0.89176	0	0.445907	0.445907	0	0	0	0	0.445907	0.445907	0	0	0	0.445907	0.445907	0	0	0	0.445907	0.445907	0	0	0	0.445907	0.445907	0	0	0.445907	0.445907	0	0	0.445907	0.89176	0.445907	0	0.445907	0.89176	0.445907	0	0	0.445907	0.89176	0.445907	0.445907	0.89176	0.89176	0.445907	0.445907	0.445907	0.445907	0.89176	0.445907	0.445907	0.89176	0.445907	0.445907	0.89176	0.445907	0.89176	1.33751	0.445907	0.445907	0.89176	0.445907	0.445907	0.445907	0.445907	0.89176	0.89176	0.445907	0.445907	0.89176	0.445907	0.445907	0.445907	0.89176	0.89176	0.445907	0.445907	0.445907	0.445907	0	0.445907	0.445907	0.445907	0.445907	0.445907	0.445907	0.445907	0.445907	0	0.445907	0.445907	0.445907	0.89176	0.445907	0.445907	0.89176	0.89176	0.445907	0.445907	0.445907	0.445907	0.445907	0	0.445907	0.445907	0.89176	0.89176	0.445907	0.445907	0.445907	0.89176
1.78292	0.891677	0.445866	1.33738	0.891677	0.891677	0.891677	0.891677	1.33738	1.33738	0.891677	0.891677	1.33738	0.445866	0.445866	0.445866	0.891677	1.33738	0.445866	0.891677	1.33738	0.891677	0.445866	0.891677	0.891677	0.445866	0.891677	0.445866	0.445866	0.445866	0.891677	0.891677	0.445866	0.445866	0.445866	0.891677	0.445866	0.445866	0.445866	0.445866	0.891677	0.445866	0	0.445866	0.445866	0	0.445866	0.445866	0	0	0	0.445866	0.445866	0	0	0	0	0	0	0	0.445866	0.445866	0	0	0	0	0	0	0	0	0	0	0	0	0	0	0	0	0.445866	0.445866	0	0.445866	0.445866	0	0.445866	0.445866	0	0.445866	0.445866	0	0.445866	0.445866	0	0.445866	0.445866	0	0	0.445866	0.445866	0	0	0	0.445866	0.891677	0.445866	0.891677	1.78292	0.891677	0.891677	0.891677	0.891677	1.78292	0.891677	0.891677	1.33738	1.33738	0.891677	0.445866	0.445866	0.445866	0.891677	0.445866	0.445866	0.445866	0.445866	0.445866	0.445866	0.445866	0.445866	0.891677	0.445866	0.445866	0.445866	0.891677	1.33738	0.891677	0.445866	0.445866	0.891677	0.445866	0.445866	0.445866	0.891677	0.891677	0	0.445866	0.445866	0	0	0	0	0.445866	0.445866	0	0	0	0.445866	0.445866	0	0	0	0.445866	0.445866	0	0	0	0.445866	0.445866	0	0	0.445866	0.445866	0	0	0.445866	0.891677	0.445866	0	0.445866	0.891677	0.445866	0	0	0.445866	0.891677	0.445866	0.445866	0.891677	0.891677	0.445866	0.445866	0.445866	0.445866	0.891677	0.445866	0.445866	0.891677	0.445866	0.445866	0.891677	0.445866	0.891677	1.33738	0.445866	0.445866	0.891677	0.445866	0.445866	0.445866	0.445866	0.891677	0.891677	0.445866	0.445866	0.891677	0.445866	0.445866	0.445866	0.891677	0.891677	0.445866	0.445866	0.445866	0.445866	0	0.445866	0.445866	0.445866	0.445866	0.445866	0.445866	0.445866	0.445866	0	0.445866	0.445866	0.445866	0.891677	0.445866	0.445866	0.891677	0.891677	0.445866	0.445866	0.445866	0.445866	0.445866	0	0.445866	0.445866	0.891677	0.891677	0.445866	0.445866	0.445866	0.891677
1.78276	0.891594	0.445824	1.33726	0.891594	0.891594	0.891594	0.891594	1.33726	1.33726	0.891594	0.891594	1.33726	0.445824	0.445824	0.445824	0.891594	1.33726	0.445824	0.891594	1.33726	0.891594	0.445824	0.891594	0.891594	0.445824	0.891594	0.445824	0.445824	0.445824	0.891594	0.891594	0.445824	0.445824	0.445824	0.891594	0.445824	0.445824	0.445824	0.445824	0.891594	0.445824	0	0.445824	0.445824	0	0.445824	0.445824	0	0	0	0.445824	0.445824	0	0	0	0	0	0	0	0.445824	0.445824	0	0	0	0	0	0	0	0	0	0	0	0	0	0	0	0	0.445824	0.445824	0	0.445824	0.445824	0	0.445824	0.445824	0	0.445824	0.445824	0	0.445824	0.445824	0	0.445824	0.445824	0	0	0.445824	0.445824	0	0	0	0.445824	0.891594	0.445824	0.891594	1.78276	0.891594	0.891594	0.891594	0.891594	1.78276	0.891594	0.891594	1.33726	1.33726	0.891594	0.445824	0.445824	0.445824	0.891594	0.445824	0.445824	0.445824	0.445824	0.445824	0.445824	0.445824	0.445824	0.891594	0.445824	0.445824	0.445824	0.891594	1.33726	0.891594	0.445824	0.445824	0.891594	0.445824	0.445824	0.445824	0.891594	0.891594	0	0.445824	0.445824	0	0	0	0	0.445824	0.445824	0	0	0	0.445824	0.445824	0	0	0	0.445824	0.445824	0	0	0	0.445824	0.445824	0	0	0.445824	0.445824	0	0	0.445824	0.891594	0.445824	0	0.445824	0.891594	0.445824	0	0	0.445824	0.891594	0.445824	0.445824	0.891594	0.891594	0.445824	0.445824	0.445824	0.445824	0.891594	0.445824	0.445824	0.891594	0.445824	0.445824	0.891594	0.445824	0.891594	1.33726	0.445824	0.445824	0.891594	0.445824	0.445824	0.445824	0.445824	0.891594	0.891594	0.445824	0.445824	0.891594	0.445824	0.445824	0.445824	0.891594	0.891594	0.445824	0.445824	0.445824	0.445824	0	0.445824	0.445824	0.445824	0.445824	0.445824	0.445824	0.445824	0.445824	0	0.445824	0.445824	0.445824	0.891594	0.445824	0.445824	0.891594	0.891594	0.445824	0.445824	0.445824	0.445824	0.445824	0	0.445824	0.445824	0.891594	0.891594	0.445824	0.445824	0.445824	0.891594
2.21114	1.84425	1.76169	2.05419	1.84425	1.99293	1.99293	2.04818	2.40967	2.38381	1.99293	2.04818	2.40967	1.97419	1.83752	1.83752	1.99293	2.22792	1.83752	1.99293	2.21116	1.76166	1.40951	1.60697	1.60697	1.40951	1.58363	1.14733	0.996769	0.996769	1.27052	1.14729	0.64983	0.568257	0.445782	0.891511	0.445782	0.445782	0.445782	0.445782	0.891511	0.568257	0.352444	0.630438	0.78803	0.788054	0.848744	0.649849	0.56829	0.788054	0.891566	0.996769	0.996769	1.00916	1.23087	1.33721	1.33721	1.45288	1.67505	1.7827	1.83752	1.83752	1.7827	1.7827	1.7827	1.7827	1.7827	1.7827	1.7827	1.7827	1.7827	1.7827	1.7827	1.7827	1.7827	1.7827	1.7827	1.7827	1.83752	1.83752	1.7827	1.70442	1.48665	1.33721	1.27057	1.05723	0.891566	0.848744	0.649849	0.44581	0.315229	0.315229	0.44581	0.472837	0.498404	0.352444	0.44581	0.649849	0.848744	1.00916	1.23087	1.33721	1.34645	1.41825	0.996769	1.27054	2.07219	1.60697	1.64513	1.84425	1.99293	2.52515	2.2556	2.39939	2.59773	2.6403	2.67759	2.70978	2.70978	2.70978	2.81732	2.70978	2.80412	3.02498	3.05753	2.83922	2.70978	2.70978	2.70978	2.75059	2.40456	2.27204	2.27204	2.39939	2.56412	2.14285	1.83752	1.83752	1.94888	1.55199	1.40951	1.40951	1.69712	2.04818	1.89731	1.92328	2.14287	2.1196	1.89731	1.7827	1.7827	1.92328	2.14287	2.22797	2.1196	1.89731	1.83752	1.83752	1.7827	1.7827	1.7827	1.83752	1.83752	1.7827	1.7827	1.7827	1.83752	1.83752	1.7827	1.67505	1.62236	1.70442	1.67505	1.45288	1.48665	1.84425	1.83752	1.7827	1.83752	2.04818	2.14287	2.1196	1.89731	1.83752	1.99293	1.83752	1.83752	1.99293	1.99293	1.83752	1.83752	1.83752	1.83752	1.99293	1.83752	1.83752	1.94888	1.55199	1.40951	1.58363	1.14733	1.27054	1.73325	1.40951	1.34645	1.41825	0.996769	0.996769	0.996769	0.958661	1.14729	0.996732	0.630438	0.630438	0.996732	0.630438	0.64983	0.568257	0.891511	0.891511	0.352427	0.472837	0.630438	0.64983	0.157616	0.445782	0.445782	0.352427	0.498404	0.498404	0.472837	0.630438	0.64983	0.157616	0.445782	0.445782	0.568257	1.05717	0.630438	0.630438	0.996732	0.996732	0.630438	0.78803	0.958661	0.996769	1.14733	1.23087	1.40951	1.40951	1.45285	1.27054	0.996769	0.996769	0.996769	1.26072
2.04793	1.76152	1.84407	2.05398	1.76152	1.99274	1.99274	1.97401	2.40943	2.5249	1.99274	1.97401	2.40943	2.04798	1.83735	1.83735	1.99274	2.2277	1.83735	1.99274	2.36266	1.89707	1.40938	1.60681	1.60681	1.40938	1.73307	1.27042	0.996673	0.996673	1.45267	1.34625	0.848617	0.787921	0.445734	0.891414	0.445734	0.445734	0.445734	0.445734	0.891414	0.787921	0.472789	0.630375	0.958542	0.848663	0.78798	0.568237	0.649786	0.848663	0.891483	0.996673	0.996673	1.05713	1.27045	1.33709	1.33709	1.48651	1.70426	1.78253	1.83735	1.83735	1.78253	1.78253	1.78253	1.78253	1.78253	1.78253	1.78253	1.78253	1.78253	1.78253	1.78253	1.78253	1.78253	1.78253	1.78253	1.78253	1.83735	1.83735	1.78253	1.6749	1.45274	1.33709	1.23075	1.00907	0.891483	0.78798	0.568237	0.445768	0.315197	0.315197	0.445768	0.352411	0.498351	0.472789	0.445768	0.568237	0.78798	1.05713	1.27045	1.33709	1.45271	1.58345	0.996673	1.14722	1.89705	1.60681	1.55185	1.76152	1.99274	2.38357	2.18846	2.39916	2.59747	2.5445	2.62125	2.70953	2.70953	2.70953	2.81705	2.70953	2.78614	3.00829	3.10542	2.89079	2.70953	2.70953	2.70953	2.83892	2.46538	2.27183	2.27183	2.39916	2.69571	2.25536	1.83735	1.83735	2.07202	1.64498	1.40938	1.40938	1.57566	1.97401	1.9231	1.89714	2.11941	2.14267	1.9231	1.78253	1.78253	1.89714	2.11941	2.22776	2.14267	1.9231	1.83735	1.83735	1.78253	1.78253	1.78253	1.83735	1.83735	1.78253	1.78253	1.78253	1.83735	1.83735	1.78253	1.70426	1.62221	1.6749	1.70426	1.48651	1.45274	1.76152	1.83735	1.78253	1.83735	1.97401	2.11941	2.14267	1.9231	1.83735	1.99274	1.83735	1.83735	1.99274	1.99274	1.83735	1.83735	1.83735	1.83735	1.99274	1.83735	1.83735	2.07202	1.64498	1.40938	1.73307	1.27042	1.14722	1.58347	1.40938	1.45271	1.58345	0.996673	0.996673	0.996673	1.10306	1.34625	0.996626	0.630375	0.630375	0.996626	0.630375	0.848617	0.787921	0.891414	0.891414	0.1576	0.352411	0.630375	0.848617	0.352389	0.445734	0.445734	0.1576	0.498351	0.498351	0.352411	0.630375	0.848617	0.352389	0.445734	0.445734	0.787921	1.27036	0.630375	0.630375	0.996626	0.996626	0.630375	0.958542	1.10306	0.996673	1.27042	1.27045	1.40938	1.40938	1.34632	1.14722	0.996673	0.996673	0.996673	1.2606
1.33686	0.445692	0.89133	1.33686	0.445692	0.89133	0.89133	0.445692	1.33686	1.78223	0.89133	0.445692	1.33686	0.89133	0.445692	0.445692	0.89133	1.33686	0.445692	0.89133	1.78223	1.33686	0.445692	0.89133	0.89133	0.445692	1.33686	0.89133	0.445692	0.445692	1.33686	1.33686	0.89133	0.89133	0.445692	0.89133	0.445692	0.445692	0.445692	0.445692	0.89133	0.89133	0.445692	0.445692	0.89133	0.445692	0	0	0.445692	0.445692	0	0.445692	0.445692	0.445692	0.445692	0	0	0.445692	0.445692	0	0.445692	0.445692	0	0	0	0	0	0	0	0	0	0	0	0	0	0	0	0	0.445692	0.445692	0	0	0	0	0	0	0	0	0	0	0.445692	0.445692	0	0	0.445692	0.445692	0	0	0	0.445692	0.445692	0	0.89133	1.33686	0.445692	0.445692	1.33686	0.89133	0.445692	0.445692	0.89133	1.33686	0.445692	0.89133	1.33686	0.89133	0.445692	0.445692	0.445692	0.445692	0.89133	0.445692	0	0	0.89133	0.89133	0.445692	0.445692	0.445692	1.33686	0.89133	0.445692	0.445692	0.89133	1.78223	1.33686	0.445692	0.445692	1.33686	0.89133	0.445692	0.445692	0	0.445692	0.445692	0	0	0.445692	0.445692	0	0	0	0	0	0.445692	0.445692	0.445692	0.445692	0	0	0	0.445692	0.445692	0	0	0	0.445692	0.445692	0	0.445692	0.445692	0	0.445692	0.445692	0	0.445692	0.445692	0	0.445692	0.445692	0	0.445692	0.445692	0.445692	0.89133	0.445692	0.445692	0.89133	0.89133	0.445692	0.445692	0.445692	0.445692	0.89133	0.445692	0.445692	1.33686	0.89133	0.445692	1.33686	0.89133	0.445692	0.89133	0.445692	0.89133	1.33686	0.445692	0.445692	0.445692	0.89133	1.33686	0.89133	0.445692	0.445692	0.89133	0.445692	0.89133	0.89133	0.89133	0.89133	0	0	0.445692	0.89133	0.445692	0.445692	0.445692	0	0.445692	0.445692	0	0.445692	0.89133	0.445692	0.445692	0.445692	0.89133	1.33686	0.445692	0.445692	0.89133	0.89133	0.445692	0.89133	0.89133	0.445692	0.89133	0.445692	0.445692	0.445692	0.445692	0.445692	0.445692	0.445692	0.445692	0.89133
1.33674	0.445651	0.891247	1.33674	0.445651	0.891247	0.891247	0.445651	1.33674	1.78206	0.891247	0.445651	1.33674	0.891247	0.445651	0.445651	0.891247	1.33674	0.445651	0.891247	1.78206	1.33674	0.445651	0.891247	0.891247	0.445651	1.33674	0.891247	0.445651	0.445651	1.33674	1.33674	0.891247	0.891247	0.445651	0.891247	0.445651	0.445651	0.445651	0.445651	0.891247	0.891247	0.445651	0.445651	0.891247	0.445651	0	0	0.445651	0.445651	0	0.445651	0.445651	0.445651	0.445651	0	0	0.445651	0.445651	0	0.445651	0.445651	0	0	0	0	0	0	0	0	0	0	0	0	0	0	0	0	0.445651	0.445651	0	0	0	0	0	0	0	0	0	0	0.445651	0.445651	0	0	0.445651	0.445651	0	0	0	0.445651	0.445651	0	0.891247	1.33674	0.445651	0.445651	1.33674	0.891247	0.445651	0.445651	0.891247	1.33674	0.445651	0.891247	1.33674	0.891247	0.445651	0.445651	0.445651	0.445651	0.891247	0.445651	0	0	0.891247	0.891247	0.445651	0.445651	0.445651	1.33674	0.891247	0.445651	0.445651	0.891247	1.78206	1.33674	0.445651	0.445651	1.33674	0.891247	0.445651	0.445651	0	0.445651	0.445651	0	0	0.445651	0.445651	0	0	0	0	0	0.445651	0.445651	0.445651	0.445651	0	0	0	0.445651	0.445651	0	0	0	0.445651	0.445651	0	0.445651	0.445651	0	0.445651	0.445651	0	0.445651	0.445651	0	0.445651	0.445651	0	0.445651	0.445651	0.445651	0.891247	0.445651	0.445651	0.891247	0.891247	0.445651	0.445651	0.445651	0.445651	0.891247	0.445651	0.445651	1.33674	0.891247	0.445651	1.33674	0.891247	0.445651	0.891247	0.445651	0.891247	1.33674	0.445651	0.445651	0.445651	0.891247	1.33674	0.891247	0.445651	0.445651	0.891247	0.445651	0.891247	0.891247	0.891247	0.891247	0	0	0.445651	0.891247	0.445651	0.445651	0.445651	0	0.445651	0.445651	0	0.445651	0.891247	0.445651	0.445651	0.445651	0.891247	1.33674	0.445651	0.445651	0.891247	0.891247	0.445651	0.891247	0.891247	0.445651	0.891247	0.445651	0.445651	0.445651	0.445651	0.445651	0.445651	0.445651	0.445651	0.891247
1.33661	0.445609	0.891164	1.33661	0.445609	0.891164	0.891164	0.445609	1.33661	1.7819	0.891164	0.445609	1.33661	0.891164	0.445609	0.445609	0.891164	1.33661	0.445609	0.891164	1.7819	1.33661	0.445609	0.891164	0.891164	0.445609	1.33661	0.891164	0.445609	0.445609	1.33661	1.33661	0.891164	0.891164	0.445609	0.891164	0.445609	0.445609	0.445609	0.445609	0.891164	0.891164	0.445609	0.445609	0.891164	0.445609	0	0	0.445609	0.445609	0	0.445609	0.445609	0.445609	0.445609	0	0	0.445609	0.445609	0	0.445609	0.445609	0	0	0	0	0	0	0	0	0	0	0	0	0	0	0	0	0.445609	0.445609	0	0	0	0	0	0	0	0	0	0	0.445609	0.445609	0	0	0.445609	0.445609	0	0	0	0.445609	0.445609	0	0.891164	1.33661	0.445609	0.445609	1.33661	0.891164	0.445609	0.445609	0.891164	1.33661	0.445609	0.891164	1.33661	0.891164	0.445609	0.445609	0.445609	0.445609	0.891164	0.445609	0	0	0.891164	0.891164	0.445609	0.445609	0.445609	1.33661	0.891164	0.445609	0.445609	0.891164	1.7819	1.33661	0.445609	0.445609	1.33661	0.891164	0.445609	0.445609	0	0.445609	0.445609	0	0	0.445609	0.445609	0	0	0	0	0	0.445609	0.445609	0.445609	0.445609	0	0	0	0.445609	0.445609	0	0	0	0.445609	0.445609	0	0.445609	0.445609	0	0.445609	0.445609	0	0.445609	0.445609	0	0.445609	0.445609	0	0.445609	0.445609	0.445609	0.891164	0.445609	0.445609	0.891164	0.891164	0.445609	0.445609	0.445609	0.445609	0.891164	0.445609	0.445609	1.33661	0.891164	0.445609	1.33661	0.891164	0.445609	0.891164	0.445609	0.891164	1.33661	0.445609	0.445609	0.445609	0.891164	1.33661	0.891164	0.445609	0.445609	0.891164	0.445609	0.891164	0.891164	0.891164	0.891164	0	0	0.445609	0.891164	0.445609	0.445609	0.445609	0	0.445609	0.445609	0	0.445609	0.891164	0.445609	0.445609	0.445609	0.891164	1.33661	0.445609	0.445609	0.891164	0.891164	0.445609	0.891164	0.891164	0.445609	0.891164	0.445609	0.445609	0.445609	0.445609	0.445609	0.445609	0.445609	0.445609	0.891164
1.33649	0.445567	0.891081	1.33649	0.445567	0.891081	0.891081	0.445567	1.33649	1.78173	0.891081	0.445567	1.33649	0.891081	0.445567	0.445567	0.891081	1.33649	0.445567	0.891081	1.78173	1.33649	0.445567	0.891081	0.891081	0.445567	1.33649	0.891081	0.445567	0.445567	1.33649	1.33649	0.891081	0.891081	0.445567	0.891081	0.445567	0.445567	0.445567	0.445567	0.891081	0.891081	0.445567	0.445567	0.891081	0.445567	0	0	0.445567	0.445567	0	0.445567	0.445567	0.445567	0.445567	0	0	0.445567	0.445567	0	0.445567	0.445567	0	0	0	0	0	0	0	0	0	0	0	0	0	0	0	0	0.445567	0.445567	0	0	0	0	0	0	0	0	0	0	0.445567	0.445567	0	0	0.445567	0.445567	0	0	0	0.445567	0.445567	0	0.891081	1.33649	0.445567	0.445567	1.33649	0.891081	0.445567	0.445567	0.891081	1.33649	0.445567	0.891081	1.33649	0.891081	0.445567	0.445567	0.445567	0.445567	0.891081	0.445567	0	0	0.891081	0.891081	0.445567	0.445567	0.445567	1.33649	0.891081	0.445567	0.445567	0.891081	1.78173	1.33649	0.445567	0.445567	1.33649	0.891081	0.445567	0.445567	0	0.445567	0.445567	0	0	0.445567	0.445567	0	0	0	0	0	0.445567	0.445567	0.445567	0.445567	0	0	0	0.445567	0.445567	0	0	0	0.445567	0.445567	0	0.445567	0.445567	0	0.445567	0.445567	0	0.445567	0.445567	0	0.445567	0.445567	0	0.445567	0.445567	0.445567	0.891081	0.445567	0.445567	0.891081	0.891081	0.445567	0.445567	0.445567	0.445567	0.891081	0.445567	0.445567	1.33649	0.891081	0.445567	1.33649	0.891081	0.445567	0.891081	0.445567	0.891081	1.33649	0.445567	0.445567	0.445567	0.891081	1.33649	0.891081	0.445567	0.445567	0.891081	0.445567	0.891081	0.891081	0.891081	0.891081	0	0	0.445567	0.891081	0.445567	0.445567	0.445567	0	0.445567	0.445567	0	0.445567	0.891081	0.445567	0.445567	0.445567	0.891081	1.33649	0.445567	0.445567	0.891081	0.891081	0.445567	0.891081	0.891081	0.445567	0.891081	0.445567	0.445567	0.445567	0.445567	0.445567	0.445567	0.445567	0.445567	0.891081
1.33636	0.445526	0.890998	1.33636	0.445526	0.890998	0.890998	0.445526	1.33636	1.78156	0.890998	0.445526	1.33636	0.890998	0.445526	0.445526	0.890998	1.33636	0.445526	0.890998	1.78156	1.33636	0.445526	0.890998	0.890998	0.445526	1.33636	0.890998	0.445526	0.445526	1.33636	1.33636	0.890998	0.890998	0.445526	0.890998	0.445526	0.445526	0.445526	0.445526	0.890998	0.890998	0.445526	0.445526	0.890998	0.445526	0	0	0.445526	0.445526	0	0.445526	0.445526	0.445526	0.445526	0	0	0.445526	0.445526	0	0.445526	0.445526	0	0	0	0	0	0	0	0	0	0	0	0	0	0	0	0	0.445526	0.445526	0	0	0	0	0	0	0	0	0	0	0.445526	0.445526	0	0	0.445526	0.445526	0	0	0	0.445526	0.445526	0	0.890998	1.33636	0.445526	0.445526	1.33636	0.890998	0.445526	0.445526	0.890998	1.33636	0.445526	0.890998	1.33636	0.890998	0.445526	0.445526	0.445526	0.445526	0.890998	0.445526	0	0	0.890998	0.890998	0.445526	0.445526	0.445526	1.33636	0.890998	0.445526	0.445526	0.890998	1.78156	1.33636	0.445526	0.445526	1.33636	0.890998	0.445526	0.445526	0	0.445526	0.445526	0	0	0.445526	0.445526	0	0	0	0	0	0.445526	0.445526	0.445526	0.445526	0	0	0	0.445526	0.445526	0	0	0	0.445526	0.445526	0	0.445526	0.445526	0	0.445526	0.445526	0	0.445526	0.445526	0	0.445526	0.445526	0	0.445526	0.445526	0.445526	0.890998	0.445526	0.445526	0.890998	0.890998	0.445526	0.445526	0.445526	0.445526	0.890998	0.445526	0.445526	1.33636	0.890998	0.445526	1.33636	0.890998	0.445526	0.890998	0.445526	0.890998	1.33636	0.445526	0.445526	0.445526	0.890998	1.33636	0.890998	0.445526	0.445526	0.890998	0.445526	0.890998	0.890998	0.890998	0.890998	0	0	0.445526	0.890998	0.445526	0.445526	0.445526	0	0.445526	0.445526	0	0.445526	0.890998	0.445526	0.445526	0.445526	0.890998	1.33636	0.445526	0.445526	0.890998	0.890998	0.445526	0.890998	0.890998	0.445526	0.890998	0.445526	0.445526	0.445526	0.445526	0.445526	0.445526	0.445526	0.445526	0.890998
1.33624	0.445484	0.890915	1.33624	0.445484	0.890915	0.890915	0.445484	1.33624	1.7814	0.890915	0.445484	1.33624	0.890915	0.445484	0.445484	0.890915	1.33624	0.445484	0.890915	1.7814	1.33624	0.445484	0.890915	0.890915	0.445484	1.33624	0.890915	0.445484	0.445484	1.33624	1.33624	0.890915	0.890915	0.445484	0.890915	0.445484	0.445484	0.445484	0.445484	0.890915	0.890915	0.445484	0.445484	0.890915	0.445484	0	0	0.445484	0.445484	0	0.445484	0.445484	0.445484	0.445484	0	0	0.445484	0.445484	0	0.445484	0.445484	0	0	0	0	0	0	0	0	0	0	0	0	0	0	0	0	0.445484	0.445484	0	0	0	0	0	0	0	0	0	0	0.445484	0.445484	0	0	0.445484	0.445484	0	0	0	0.445484	0.445484	0	0.890915	1.33624	0.445484	0.445484	1.33624	0.890915	0.445484	0.445484	0.890915	1.33624	0.445484	0.890915	1.33624	0.890915	0.445484	0.445484	0.445484	0.445484	0.890915	0.445484	0	0	0.890915	0.890915	0.445484	0.445484	0.445484	1.33624	0.890915	0.445484	0.445484	0.890915	1.7814	1.33624	0.445484	0.445484	1.33624	0.890915	0.445484	0.445484	0	0.445484	0.445484	0	0	0.445484	0.445484	0	0	0	0	0	0.445484	0.445484	0.445484	0.445484	0	0	0	0.445484	0.445484	0	0	0	0.445484	0.445484	0	0.445484	0.445484	0	0.445484	0.445484	0	0.445484	0.445484	0	0.445484	0.445484	0	0.445484	0.445484	0.445484	0.890915	0.445484	0.445484	0.890915	0.890915	0.445484	0.445484	0.445484	0.445484	0.890915	0.445484	0.445484	1.33624	0.890915	0.445484	1.33624	0.890915	0.445484	0.890915	0.445484	0.890915	1.33624	0.445484	0.445484	0.445484	0.890915	1.33624	0.890915	0.445484	0.445484	0.890915	0.445484	0.890915	0.890915	0.890915	0.890915	0	0	0.445484	0.890915	0.445484	0.445484	0.445484	0	0.445484	0.445484	0	0.445484	0.890915	0.445484	0.445484	0.445484	0.890915	1.33624	0.445484	0.445484	0.890915	0.890915	0.445484	0.890915	0.890915	0.445484	0.890915	0.445484	0.445484	0.445484	0.445484	0.445484	0.445484	0.445484	0.445484	0.890915
1.33611	0.445443	0.890832	1.33611	0.445443	0.890832	0.890832	0.445443	1.33611	1.78123	0.890832	0.445443	1.33611	0.890832	0.445443	0.445443	0.890832	1.33611	0.445443	0.890832	1.78123	1.33611	0.445443	0.890832	0.890832	0.445443	1.33611	0.890832	0.445443	0.445443	1.33611	1.33611	0.890832	0.890832	0.445443	0.890832	0.445443	0.445443	0.445443	0.445443	0.890832	0.890832	0.445443	0.445443	0.890832	0.445443	0	0	0.445443	0.445443	0	0.445443	0.445443	0.445443	0.445443	0	0	0.445443	0.445443	0	0.445443	0.445443	0	0	0	0	0	0	0	0	0	0	0	0	0	0	0	0	0.445443	0.445443	0	0	0	0	0	0	0	0	0	0	0.445443	0.445443	0	0	0.445443	0.445443	0	0	0	0.445443	0.445443	0	0.890832	1.33611	0.445443	0.445443	1.33611	0.890832	0.445443	0.445443	0.890832	1.33611	0.445443	0.890832	1.33611	0.890832	0.445443	0.445443	0.445443	0.445443	0.890832	0.445443	0	0	0.890832	0.890832	0.445443	0.445443	0.445443	1.33611	0.890832	0.445443	0.445443	0.890832	1.78123	1.33611	0.445443	0.445443	1.33611	0.890832	0.445443	0.445443	0	0.445443	0.445443	0	0	0.445443	0.445443	0	0	0	0	0	0.445443	0.445443	0.445443	0.445443	0	0	0	0.445443	0.445443	0	0	0	0.445443	0.445443	0	0.445443	0.445443	0	0.445443	0.445443	0	0.445443	0.445443	0	0.445443	0.445443	0	0.445443	0.445443	0.445443	0.890832	0.445443	0.445443	0.890832	0.890832	0.445443	0.445443	0.445443	0.445443	0.890832	0.445443	0.445443	1.33611	0.890832	0.445443	1.33611	0.890832	0.445443	0.890832	0.445443	0.890832	1.33611	0.445443	0.445443	0.445443	0.890832	1.33611	0.890832	0.445443	0.445443	0.890832	0.445443	0.890832	0.890832	0.890832	0.890832	0	0	0.445443	0.890832	0.445443	0.445443	0.445443	0	0.445443	0.445443	0	0.445443	0.890832	0.445443	0.445443	0.445443	0.890832	1.33611	0.445443	0.445443	0.890832	0.890832	0.445443	0.890832	0.890832	0.445443	0.890832	0.445443	0.445443	0.445443	0.445443	0.445443	0.445443	0.445443	0.445443	0.890832
1.33597	0.445394	0.890735	1.33597	0.445394	0.890735	0.890735	0.445394	1.33597	1.78104	0.890735	0.445394	1.33597	0.890735	0.445394	0.445394	0.890735	1.33597	0.445394	0.890735	1.78104	1.33597	0.445394	0.890735	0.890735	0.445394	1.33597	0.890735	0.445394	0.445394	1.33597	1.33597	0.890735	0.890735	0.445394	0.890735	0.445394	0.445394	0.445394	0.445394	0.890735	0.890735	0.445394	0.445394	0.890735	0.445394	0	0	0.445394	0.445394	0	0.445394	0.445394	0.445394	0.445394	0	0	0.445394	0.445394	0	0.445394	0.445394	0	0	0	0	0	0	0	0	0	0	0	0	0	0	0	0	0.445394	0.445394	0	0	0	0	0	0	0	0	0	0	0.445394	0.445394	0	0	0.445394	0.445394	0	0	0	0.445394	0.445394	0	0.890735	1.33597	0.445394	0.445394	1.33597	0.890735	0.445394	0.445394	0.890735	1.33597	0.445394	0.890735	1.33597	0.890735	0.445394	0.445394	0.445394	0.445394	0.890735	0.445394	0	0	0.890735	0.890735	0.445394	0.445394	0.445394	1.33597	0.890735	0.445394	0.445394	0.890735	1.78104	1.33597	0.445394	0.445394	1.33597	0.890735	0.445394	0.445394	0	0.445394	0.445394	0	0	0.445394	0.445394	0	0	0	0	0	0.445394	0.445394	0.445394	0.445394	0	0	0	0.445394	0.445394	0	0	0	0.445394	0.445394	0	0.445394	0.445394	0	0.445394	0.445394	0	0.445394	0.445394	0	0.445394	0.445394	0	0.445394	0.445394	0.445394	0.890735	0.445394	0.445394	0.890735	0.890735	0.445394	0.445394	0.445394	0.445394	0.890735	0.445394	0.445394	1.33597	0.890735	0.445394	1.33597	0.890735	0.445394	0.890735	0.445394	0.890735	1.33597	0.445394	0.445394	0.445394	0.890735	1.33597	0.890735	0.445394	0.445394	0.890735	0.445394	0.890735	0.890735	0.890735	0.890735	0	0	0.445394	0.890735	0.445394	0.445394	0.445394	0	0.445394	0.445394	0	0.445394	0.890735	0.445394	0.445394	0.445394	0.890735	1.33597	0.445394	0.445394	0.890735	0.890735	0.445394	0.890735	0.890735	0.445394	0.890735	0.445394	0.445394	0.445394	0.445394	0.445394	0.445394	0.445394	0.445394	0.890735
1.33584	0.445353	0.890652	1.33584	0.445353	0.890652	0.890652	0.445353	1.33584	1.78087	0.890652	0.445353	1.33584	0.890652	0.445353	0.445353	0.890652	1.33584	0.445353	0.890652	1.78087	1.33584	0.445353	0.890652	0.890652	0.445353	1.33584	0.890652	0.445353	0.445353	1.33584	1.33584	0.890652	0.890652	0.445353	0.890652	0.445353	0.445353	0.445353	0.445353	0.890652	0.890652	0.445353	0.445353	0.890652	0.445353	0	0	0.445353	0.445353	0	0.445353	0.445353	0.445353	0.445353	0	0	0.445353	0.445353	0	0.445353	0.445353	0	0	0	0	0	0	0	0	0	0	0	0	0	0	0	0	0.445353	0.445353	0	0	0	0	0	0	0	0	0	0	0.445353	0.445353	0	0	0.445353	0.445353	0	0	0	0.445353	0.445353	0	0.890652	1.33584	0.445353	0.445353	1.33584	0.890652	0.445353	0.445353	0.890652	1.33584	0.445353	0.890652	1.33584	0.890652	0.445353	0.445353	0.445353	0.445353	0.890652	0.445353	0	0	0.890652	0.890652	0.445353	0.445353	0.445353	1.33584	0.890652	0.445353	0.445353	0.890652	1.78087	1.33584	0.445353	0.445353	1.33584	0.890652	0.445353	0.445353	0	0.445353	0.445353	0	0	0.445353	0.445353	0	0	0	0	0	0.445353	0.445353	0.445353	0.445353	0	0	0	0.445353	0.445353	0	0	0	0.445353	0.445353	0	0.445353	0.445353	0	0.445353	0.445353	0	0.445353	0.445353	0	0.445353	0.445353	0	0.445353	0.445353	0.445353	0.890652	0.445353	0.445353	0.890652	0.890652	0.445353	0.445353	0.445353	0.445353	0.890652	0.445353	0.445353	1.33584	0.890652	0.445353	1.33584	0.890652	0.445353	0.890652	0.445353	0.890652	1.33584	0.445353	0.445353	0.445353	0.890652	1.33584	0.890652	0.445353	0.445353	0.890652	0.445353	0.890652	0.890652	0.890652	0.890652	0	0	0.445353	0.890652	0.445353	0.445353	0.445353	0	0.445353	0.445353	0	0.445353	0.890652	0.445353	0.445353	0.445353	0.890652	1.33584	0.445353	0.445353	0.890652	0.890652	0.445353	0.890652	0.890652	0.445353	0.890652	0.445353	0.445353	0.445353	0.445353	0.445353	0.445353	0.445353	0.445353	0.890652
1.73855	1.14613	1.26921	1.73143	1.40804	1.64342	1.84232	1.75985	2.05204	2.36567	2.25325	2.18639	2.40715	2.25325	2.18639	1.97214	2.04604	2.40715	1.97214	2.04604	2.71602	2.78789	2.40205	2.39688	2.39688	2.26968	2.59501	2.39688	2.26968	2.26968	2.59501	2.59501	2.39688	2.39688	2.26968	2.39688	2.26968	2.18639	1.97214	1.83561	1.99085	1.99085	1.83561	1.83561	1.99085	1.83561	1.67331	1.45137	1.34505	1.11322	0.567698	0.629777	0.649146	0.567657	0.445311	0.15745	0.352077	0.629777	0.629777	0.445346	0.629777	0.629777	0.445346	0.445346	0.567698	0.787233	0.890638	0.890638	0.890638	1.00811	1.22959	1.33582	1.33582	1.33582	1.33582	1.45137	1.67331	1.78085	1.70265	1.4851	1.33582	1.45137	1.67331	1.78085	1.78085	1.67331	1.45137	1.33582	1.22959	1.00811	1.05612	1.26924	1.22959	1.00811	0.995728	0.995728	0.890638	0.890638	0.890638	1.05612	1.26924	1.45137	1.64342	1.57411	0.995728	0.847858	1.1989	0.787174	0.352055	0.472341	0.957633	1.45129	0.995728	1.29817	1.91478	1.99085	1.83561	1.92128	2.14064	2.26968	2.39688	2.26968	2.22565	2.22565	2.39688	2.39688	2.26968	2.26968	2.26968	2.63755	2.6748	2.61877	2.40205	2.46305	3.09047	3.18493	2.83626	2.70697	3.0381	3.10248	3.24258	3.4634	3.44912	3.27289	3.14596	3.00545	2.67943	2.48804	2.58073	2.5615	2.33946	2.22565	2.1174	1.89534	1.92128	2.14064	2.26968	2.26968	2.22565	2.22565	2.1174	2.0521	2.14064	2.1174	1.89534	1.78085	1.92128	2.0521	1.89534	1.92128	2.14064	2.22565	2.26968	2.26968	2.22565	2.36051	2.58073	2.5615	2.40205	2.18639	1.89534	1.83561	1.83561	1.83561	2.04604	2.14064	2.26968	2.39688	2.39688	2.26968	2.18639	1.97214	1.83561	1.94684	1.55037	1.40804	1.89528	1.84232	1.75985	2.05204	1.84232	1.75985	1.75982	1.40804	1.60529	1.88872	1.40804	1.34505	1.14613	1.26921	1.73855	1.41677	0.995728	0.957657	1.14608	0.629777	0.957633	1.10202	1.26919	1.14608	0.314898	0.314898	0.629777	0.995681	0.629777	0.629777	0.629777	0.567698	0.957657	1.29817	1.57417	1.83561	1.99085	1.83561	1.83561	1.83561	1.84232	2.05204	1.75985	1.83561	1.99085	1.99085	1.83561	1.84232	1.64342	1.55037	1.94684	1.83561	1.83561	1.83561	1.97214	2.18639	2.26968	2.26968	2.26968	2.39688
1.73839	1.26909	1.14602	1.58182	1.40791	1.55023	1.75969	1.84215	2.05185	2.09955	2.18618	2.25304	2.40692	2.18618	2.25304	2.04585	1.97195	2.40692	2.04585	1.97195	2.48777	2.78763	2.46282	2.39666	2.39666	2.26947	2.59477	2.39666	2.26947	2.26947	2.59477	2.59477	2.39666	2.39666	2.26947	2.39666	2.26947	2.25304	2.04585	1.83544	1.99067	1.99067	1.83544	1.83544	1.99067	1.83544	1.70249	1.48497	1.4512	1.42534	0.649109	0.629718	0.847734	0.787101	0.44527	0.352022	0.472297	0.629718	0.629718	0.445304	0.629718	0.629718	0.445304	0.445304	0.649109	0.847779	0.890555	0.890555	0.890555	1.05603	1.26912	1.3357	1.3357	1.3357	1.3357	1.48497	1.70249	1.78068	1.67316	1.45123	1.3357	1.48497	1.70249	1.78068	1.78068	1.70249	1.48497	1.3357	1.26912	1.05603	1.00802	1.22947	1.26912	1.05603	0.995635	0.995635	0.890555	0.890555	0.890555	1.00802	1.22947	1.48497	1.55023	1.29805	0.995635	0.787159	0.802704	0.567604	0.157435	0.352044	0.78713	1.26907	0.995635	1.13518	1.69519	1.99067	1.83544	1.89516	2.1172	2.26947	2.39666	2.26947	2.22545	2.22545	2.39666	2.39666	2.26947	2.26947	2.26947	2.54185	2.61852	2.67455	2.46282	2.40183	2.89204	3.18463	2.88779	2.70671	2.95542	3.05407	3.22702	3.4488	3.46307	3.31752	3.14567	3.02155	2.75198	2.48781	2.56126	2.58049	2.36029	2.22545	2.14044	1.9211	1.89516	2.1172	2.26947	2.26947	2.22545	2.22545	2.14044	2.05191	2.1172	2.14044	1.9211	1.78068	1.89516	2.05191	1.9211	1.89516	2.1172	2.22545	2.26947	2.26947	2.22545	2.33924	2.56126	2.58049	2.46282	2.25304	1.9211	1.83544	1.83544	1.83544	1.97195	2.1172	2.26947	2.39666	2.39666	2.26947	2.25304	2.04585	1.83544	2.06987	1.64326	1.40791	1.75966	1.75969	1.84215	2.05185	1.75969	1.84215	1.8951	1.40791	1.60514	1.88855	1.40791	1.4512	1.26909	1.14602	1.73839	1.5818	0.995635	1.10192	1.34485	0.629718	0.78713	0.957568	1.45115	1.34485	0.704017	0.704017	0.629718	0.995588	0.629718	0.629718	0.629718	0.649109	1.10192	1.57396	1.69519	1.83544	1.99067	1.83544	1.83544	1.83544	1.75969	2.05185	1.84215	1.83544	1.99067	1.99067	1.83544	1.75969	1.55023	1.64326	2.06987	1.83544	1.83544	1.83544	2.04585	2.25304	2.26947	2.26947	2.26947	2.39666
1.33547	0.890402	0.445228	0.890402	0.445228	0.445228	0.445228	0.890402	1.33547	0.890402	0.445228	0.890402	1.33547	0.445228	0.890402	0.890402	0.445228	1.33547	0.890402	0.445228	0.890402	1.33547	0.890402	0.890402	0.890402	0.445228	1.33547	0.890402	0.445228	0.445228	1.33547	1.33547	0.890402	0.890402	0.445228	0.890402	0.445228	0.890402	0.890402	0.445228	0.890402	0.890402	0.445228	0.445228	0.890402	0.445228	0.445228	0.445228	0.890402	1.33547	0.445228	0.445228	0.890402	0.890402	0.445228	0.445228	0.445228	0.445228	0.445228	0	0.445228	0.445228	0	0	0.445228	0.445228	0	0	0	0.445228	0.445228	0	0	0	0	0.445228	0.445228	0	0	0	0	0.445228	0.445228	0	0	0.445228	0.445228	0	0.445228	0.445228	0	0	0.445228	0.445228	0.445228	0.445228	0	0	0	0	0	0.445228	0.445228	0.445228	0.445228	0	0.445228	0.445228	0	0	0.445228	0.890402	0.445228	0	0.445228	0.890402	0.445228	0	0	0.445228	0.890402	0.445228	0	0	0.890402	0.890402	0.445228	0.445228	0.445228	0.890402	0.445228	0.890402	0.890402	0.445228	0.890402	1.33547	0.890402	0.445228	0.890402	0.445228	0	0	0.445228	0.890402	0.445228	0.445228	0.890402	0.445228	0	0.445228	0.445228	0	0.445228	0.445228	0	0	0.445228	0.445228	0	0	0.445228	0.445228	0	0.445228	0.445228	0	0	0.445228	0.445228	0	0	0	0.445228	0.445228	0	0	0	0.445228	0.890402	0.890402	0.445228	0.445228	0.445228	0.445228	0.445228	0	0.445228	0.890402	0.890402	0.445228	0.890402	0.890402	0.445228	1.33547	0.890402	0.445228	0.890402	0.445228	0.890402	1.33547	0.445228	0.890402	1.33547	0.445228	0.890402	1.33547	0.445228	0.890402	0.890402	0.445228	1.33547	1.33547	0.445228	0.890402	1.33547	0.445228	0.445228	0.445228	1.33547	1.33547	0.890402	0.890402	0.445228	0.890402	0.445228	0.445228	0.445228	0.445228	0.890402	1.33547	0.890402	0.445228	0.890402	0.445228	0.445228	0.445228	0.445228	1.33547	0.890402	0.445228	0.890402	0.890402	0.445228	0.445228	0.445228	0.890402	1.33547	0.445228	0.445228	0.445228	0.890402	0.890402	0.445228	0.445228	0.445228	0.890402
1.33534	0.890319	0.445187	0.890319	0.445187	0.445187	0.445187	0.890319	1.33534	0.890319	0.445187	0.890319	1.33534	0.445187	0.890319	0.890319	0.445187	1.33534	0.890319	0.445187	0.890319	1.33534	0.890319	0.890319	0.890319	0.445187	1.33534	0.890319	0.445187	0.445187	1.33534	1.33534	0.890319	0.890319	0.445187	0.890319	0.445187	0.890319	0.890319	0.445187	0.890319	0.890319	0.445187	0.445187	0.890319	0.445187	0.445187	0.445187	0.890319	1.33534	0.445187	0.445187	0.890319	0.890319	0.445187	0.445187	0.445187	0.445187	0.445187	0	0.445187	0.445187	0	0	0.445187	0.445187	0	0	0	0.445187	0.445187	0	0	0	0	0.445187	0.445187	0	0	0	0	0.445187	0.445187	0	0	0.445187	0.445187	0	0.445187	0.445187	0	0	0.445187	0.445187	0.445187	0.445187	0	0	0	0	0	0.445187	0.445187	0.445187	0.445187	0	0.445187	0.445187	0	0	0.445187	0.890319	0.445187	0	0.445187	0.890319	0.445187	0	0	0.445187	0.890319	0.445187	0	0	0.890319	0.890319	0.445187	0.445187	0.445187	0.890319	0.445187	0.890319	0.890319	0.445187	0.890319	1.33534	0.890319	0.445187	0.890319	0.445187	0	0	0.445187	0.890319	0.445187	0.445187	0.890319	0.445187	0	0.445187	0.445187	0	0.445187	0.445187	0	0	0.445187	0.445187	0	0	0.445187	0.445187	0	0.445187	0.445187	0	0	0.445187	0.445187	0	0	0	0.445187	0.445187	0	0	0	0.445187	0.890319	0.890319	0.445187	0.445187	0.445187	0.445187	0.445187	0	0.445187	0.890319	0.890319	0.445187	0.890319	0.890319	0.445187	1.33534	0.890319	0.445187	0.890319	0.445187	0.890319	1.33534	0.445187	0.890319	1.33534	0.445187	0.890319	1.33534	0.445187	0.890319	0.890319	0.445187	1.33534	1.33534	0.445187	0.890319	1.33534	0.445187	0.445187	0.445187	1.33534	1.33534	0.890319	0.890319	0.445187	0.890319	0.445187	0.445187	0.445187	0.445187	0.890319	1.33534	0.890319	0.445187	0.890319	0.445187	0.445187	0.445187	0.445187	1.33534	0.890319	0.445187	0.890319	0.890319	0.445187	0.445187	0.445187	0.890319	1.33534	0.445187	0.445187	0.445187	0.890319	0.890319	0.445187	0.445187	0.445187	0.890319
1.33522	0.890236	0.445145	0.890236	0.445145	0.445145	0.445145	0.890236	1.33522	0.890236	0.445145	0.890236	1.33522	0.445145	0.890236	0.890236	0.445145	1.33522	0.890236	0.445145	0.890236	1.33522	0.890236	0.890236	0.890236	0.445145	1.33522	0.890236	0.445145	0.445145	1.33522	1.33522	0.890236	0.890236	0.445145	0.890236	0.445145	0.890236	0.890236	0.445145	0.890236	0.890236	0.445145	0.445145	0.890236	0.445145	0.445145	0.445145	0.890236	1.33522	0.445145	0.445145	0.890236	0.890236	0.445145	0.445145	0.445145	0.445145	0.445145	0	0.445145	0.445145	0	0	0.445145	0.445145	0	0	0	0.445145	0.445145	0	0	0	0	0.445145	0.445145	0	0	0	0	0.445145	0.445145	0	0	0.445145	0.445145	0	0.445145	0.445145	0	0	0.445145	0.445145	0.445145	0.445145	0	0	0	0	0	0.445145	0.445145	0.445145	0.445145	0	0.445145	0.445145	0	0	0.445145	0.890236	0.445145	0	0.445145	0.890236	0.445145	0	0	0.445145	0.890236	0.445145	0	0	0.890236	0.890236	0.445145	0.445145	0.445145	0.890236	0.445145	0.890236	0.890236	0.445145	0.890236	1.33522	0.890236	0.445145	0.890236	0.445145	0	0	0.445145	0.890236	0.445145	0.445145	0.890236	0.445145	0	0.445145	0.445145	0	0.445145	0.445145	0	0	0.445145	0.445145	0	0	0.445145	0.445145	0	0.445145	0.445145	0	0	0.445145	0.445145	0	0	0	0.445145	0.445145	0	0	0	0.445145	0.890236	0.890236	0.445145	0.445145	0.445145	0.445145	0.445145	0	0.445145	0.890236	0.890236	0.445145	0.890236	0.890236	0.445145	1.33522	0.890236	0.445145	0.890236	0.445145	0.890236	1.33522	0.445145	0.890236	1.33522	0.445145	0.890236	1.33522	0.445145	0.890236	0.890236	0.445145	1.33522	1.33522	0.445145	0.890236	1.33522	0.445145	0.445145	0.445145	1.33522	1.33522	0.890236	0.890236	0.445145	0.890236	0.445145	0.445145	0.445145	0.445145	0.890236	1.33522	0.890236	0.445145	0.890236	0.445145	0.445145	0.445145	0.445145	1.33522	0.890236	0.445145	0.890236	0.890236	0.445145	0.445145	0.445145	0.890236	1.33522	0.445145	0.445145	0.445145	0.890236	0.890236	0.445145	0.445145	0.445145	0.890236
1.3351	0.890154	0.445104	0.890154	0.445104	0.445104	0.445104	0.890154	1.3351	0.890154	0.445104	0.890154	1.3351	0.445104	0.890154	0.890154	0.445104	1.3351	0.890154	0.445104	0.890154	1.3351	0.890154	0.890154	0.890154	0.445104	1.3351	0.890154	0.445104	0.445104	1.3351	1.3351	0.890154	0.890154	0.445104	0.890154	0.445104	0.890154	0.890154	0.445104	0.890154	0.890154	0.445104	0.445104	0.890154	0.445104	0.445104	0.445104	0.890154	1.3351	0.445104	0.445104	0.890154	0.890154	0.445104	0.445104	0.445104	0.445104	0.445104	0	0.445104	0.445104	0	0	0.445104	0.445104	0	0	0	0.445104	0.445104	0	0	0	0	0.445104	0.445104	0	0	0	0	0.445104	0.445104	0	0	0.445104	0.445104	0	0.445104	0.445104	0	0	0.445104	0.445104	0.445104	0.445104	0	0	0	0	0	0.445104	0.445104	0.445104	0.445104	0	0.445104	0.445104	0	0	0.445104	0.890154	0.445104	0	0.445104	0.890154	0.445104	0	0	0.445104	0.890154	0.445104	0	0	0.890154	0.890154	0.445104	0.445104	0.445104	0.890154	0.445104	0.890154	0.890154	0.445104	0.890154	1.3351	0.890154	0.445104	0.890154	0.445104	0	0	0.445104	0.890154	0.445104	0.445104	0.890154	0.445104	0	0.445104	0.445104	0	0.445104	0.445104	0	0	0.445104	0.445104	0	0	0.445104	0.445104	0	0.445104	0.445104	0	0	0.445104	0.445104	0	0	0	0.445104	0.445104	0	0	0	0.445104	0.890154	0.890154	0.445104	0.445104	0.445104	0.445104	0.445104	0	0.445104	0.890154	0.890154	0.445104	0.890154	0.890154	0.445104	1.3351	0.890154	0.445104	0.890154	0.445104	0.890154	1.3351	0.445104	0.890154	1.3351	0.445104	0.890154	1.3351	0.445104	0.890154	0.890154	0.445104	1.3351	1.3351	0.445104	0.890154	1.3351	0.445104	0.445104	0.445104	1.3351	1.3351	0.890154	0.890154	0.445104	0.890154	0.445104	0.445104	0.445104	0.445104	0.890154	1.3351	0.890154	0.445104	0.890154	0.445104	0.445104	0.445104	0.445104	1.3351	0.890154	0.445104	0.890154	0.890154	0.445104	0.445104	0.445104	0.890154	1.3351	0.445104	0.445104	0.445104	0.890154	0.890154	0.445104	0.445104	0.445104	0.890154
1.33495	0.890057	0.445055	0.890057	0.445055	0.445055	0.445055	0.890057	1.33495	0.890057	0.445055	0.890057	1.33495	0.445055	0.890057	0.890057	0.445055	1.33495	0.890057	0.445055	0.890057	1.33495	0.890057	0.890057	0.890057	0.445055	1.33495	0.890057	0.445055	0.445055	1.33495	1.33495	0.890057	0.890057	0.445055	0.890057	0.445055	0.890057	0.890057	0.445055	0.890057	0.890057	0.445055	0.445055	0.890057	0.445055	0.445055	0.445055	0.890057	1.33495	0.445055	0.445055	0.890057	0.890057	0.445055	0.445055	0.445055	0.445055	0.445055	0	0.445055	0.445055	0	0	0.445055	0.445055	0	0	0	0.445055	0.445055	0	0	0	0	0.445055	0.445055	0	0	0	0	0.445055	0.445055	0	0	0.445055	0.445055	0	0.445055	0.445055	0	0	0.445055	0.445055	0.445055	0.445055	0	0	0	0	0	0.445055	0.445055	0.445055	0.445055	0	0.445055	0.445055	0	0	0.445055	0.890057	0.445055	0	0.445055	0.890057	0.445055	0	0	0.445055	0.890057	0.445055	0	0	0.890057	0.890057	0.445055	0.445055	0.445055	0.890057	0.445055	0.890057	0.890057	0.445055	0.890057	1.33495	0.890057	0.445055	0.890057	0.445055	0	0	0.445055	0.890057	0.445055	0.445055	0.890057	0.445055	0	0.445055	0.445055	0	0.445055	0.445055	0	0	0.445055	0.445055	0	0	0.445055	0.445055	0	0.445055	0.445055	0	0	0.445055	0.445055	0	0	0	0.445055	0.445055	0	0	0	0.445055	0.890057	0.890057	0.445055	0.445055	0.445055	0.445055	0.445055	0	0.445055	0.890057	0.890057	0.445055	0.890057	0.890057	0.445055	1.33495	0.890057	0.445055	0.890057	0.445055	0.890057	1.33495	0.445055	0.890057	1.33495	0.445055	0.890057	1.33495	0.445055	0.890057	0.890057	0.445055	1.33495	1.33495	0.445055	0.890057	1.33495	0.445055	0.445055	0.445055	1.33495	1.33495	0.890057	0.890057	0.445055	0.890057	0.445055	0.445055	0.445055	0.445055	0.890057	1.33495	0.890057	0.445055	0.890057	0.445055	0.445055	0.445055	0.445055	1.33495	0.890057	0.445055	0.890057	0.890057	0.445055	0.445055	0.445055	0.890057	1.33495	0.445055	0.445055	0.445055	0.890057	0.890057	0.445055	0.445055	0.445055	0.890057
1.33483	0.889974	0.445014	0.889974	0.445014	0.445014	0.445014	0.889974	1.33483	0.889974	0.445014	0.889974	1.33483	0.445014	0.889974	0.889974	0.445014	1.33483	0.889974	0.445014	0.889974	1.33483	0.889974	0.889974	0.889974	0.445014	1.33483	0.889974	0.445014	0.445014	1.33483	1.33483	0.889974	0.889974	0.445014	0.889974	0.445014	0.889974	0.889974	0.445014	0.889974	0.889974	0.445014	0.445014	0.889974	0.445014	0.445014	0.445014	0.889974	1.33483	0.445014	0.445014	0.889974	0.889974	0.445014	0.445014	0.445014	0.445014	0.445014	0	0.445014	0.445014	0	0	0.445014	0.445014	0	0	0	0.445014	0.445014	0	0	0	0	0.445014	0.445014	0	0	0	0	0.445014	0.445014	0	0	0.445014	0.445014	0	0.445014	0.445014	0	0	0.445014	0.445014	0.445014	0.445014	0	0	0	0	0	0.445014	0.445014	0.445014	0.445014	0	0.445014	0.445014	0	0	0.445014	0.889974	0.445014	0	0.445014	0.889974	0.445014	0	0	0.445014	0.889974	0.445014	0	0	0.889974	0.889974	0.445014	0.445014	0.445014	0.889974	0.445014	0.889974	0.889974	0.445014	0.889974	1.33483	0.889974	0.445014	0.889974	0.445014	0	0	0.445014	0.889974	0.445014	0.445014	0.889974	0.445014	0	0.445014	0.445014	0	0.445014	0.445014	0	0	0.445014	0.445014	0	0	0.445014	0.445014	0	0.445014	0.445014	0	0	0.445014	0.445014	0	0	0	0.445014	0.445014	0	0	0	0.445014	0.889974	0.889974	0.445014	0.445014	0.445014	0.445014	0.445014	0	0.445014	0.889974	0.889974	0.445014	0.889974	0.889974	0.445014	1.33483	0.889974	0.445014	0.889974	0.445014	0.889974	1.33483	0.445014	0.889974	1.33483	0.445014	0.889974	1.33483	0.445014	0.889974	0.889974	0.445014	1.33483	1.33483	0.445014	0.889974	1.33483	0.445014	0.445014	0.445014	1.33483	1.33483	0.889974	0.889974	0.445014	0.889974	0.445014	0.445014	0.445014	0.445014	0.889974	1.33483	0.889974	0.445014	0.889974	0.445014	0.445014	0.445014	0.445014	1.33483	0.889974	0.445014	0.889974	0.889974	0.445014	0.445014	0.445014	0.889974	1.33483	0.445014	0.445014	0.445014	0.889974	0.889974	0.445014	0.445014	0.445014	0.889974
1.3347	0.889891	0.444972	0.889891	0.444972	0.444972	0.444972	0.889891	1.3347	0.889891	0.444972	0.889891	1.3347	0.444972	0.889891	0.889891	0.444972	1.3347	0.889891	0.444972	0.889891	1.3347	0.889891	0.889891	0.889891	0.444972	1.3347	0.889891	0.444972	0.444972	1.3347	1.3347	0.889891	0.889891	0.444972	0.889891	0.444972	0.889891	0.889891	0.444972	0.889891	0.889891	0.444972	0.444972	0.889891	0.444972	0.444972	0.444972	0.889891	1.3347	0.444972	0.444972	0.889891	0.889891	0.444972	0.444972	0.444972	0.444972	0.444972	0	0.444972	0.444972	0	0	0.444972	0.444972	0	0	0	0.444972	0.444972	0	0	0	0	0.444972	0.444972	0	0	0	0	0.444972	0.444972	0	0	0.444972	0.444972	0	0.444972	0.444972	0	0	0.444972	0.444972	0.444972	0.444972	0	0	0	0	0	0.444972	0.444972	0.444972	0.444972	0	0.444972	0.444972	0	0	0.444972	0.889891	0.444972	0	0.444972	0.889891	0.444972	0	0	0.444972	0.889891	0.444972	0	0	0.889891	0.889891	0.444972	0.444972	0.444972	0.889891	0.444972	0.889891	0.889891	0.444972	0.889891	1.3347	0.889891	0.444972	0.889891	0.444972	0	0	0.444972	0.889891	0.444972	0.444972	0.889891	0.444972	0	0.444972	0.444972	0	0.444972	0.444972	0	0	0.444972	0.444972	0	0	0.444972	0.444972	0	0.444972	0.444972	0	0	0.444972	0.444972	0	0	0	0.444972	0.444972	0	0	0	0.444972	0.889891	0.889891	0.444972	0.444972	0.444972	0.444972	0.444972	0	0.444972	0.889891	0.889891	0.444972	0.889891	0.889891	0.444972	1.3347	0.889891	0.444972	0.889891	0.444972	0.889891	1.3347	0.444972	0.889891	1.3347	0.444972	0.889891	1.3347	0.444972	0.889891	0.889891	0.444972	1.3347	1.3347	0.444972	0.889891	1.3347	0.444972	0.444972	0.444972	1.3347	1.3347	0.889891	0.889891	0.444972	0.889891	0.444972	0.444972	0.444972	0.444972	0.889891	1.3347	0.889891	0.444972	0.889891	0.444972	0.444972	0.444972	0.444972	1.3347	0.889891	0.444972	0.889891	0.889891	0.444972	0.444972	0.444972	0.889891	1.3347	0.444972	0.444972	0.444972	0.889891	0.889891	0.444972	0.444972	0.444972	0.889891
1.33458	0.889808	0.444931	0.889808	0.444931	0.444931	0.444931	0.889808	1.33458	0.889808	0.444931	0.889808	1.33458	0.444931	0.889808	0.889808	0.444931	1.33458	0.889808	0.444931	0.889808	1.33458	0.889808	0.889808	0.889808	0.444931	1.33458	0.889808	0.444931	0.444931	1.33458	1.33458	0.889808	0.889808	0.444931	0.889808	0.444931	0.889808	0.889808	0.444931	0.889808	0.889808	0.444931	0.444931	0.889808	0.444931	0.444931	0.444931	0.889808	1.33458	0.444931	0.444931	0.889808	0.889808	0.444931	0.444931	0.444931	0.444931	0.444931	0	0.444931	0.444931	0	0	0.444931	0.444931	0	0	0	0.444931	0.444931	0	0	0	0	0.444931	0.444931	0	0	0	0	0.444931	0.444931	0	0	0.444931	0.444931	0	0.444931	0.444931	0	0	0.444931	0.444931	0.444931	0.444931	0	0	0	0	0	0.444931	0.444931	0.444931	0.444931	0	0.444931	0.444931	0	0	0.444931	0.889808	0.444931	0	0.444931	0.889808	0.444931	0	0	0.444931	0.889808	0.444931	0	0	0.889808	0.889808	0.444931	0.444931	0.444931	0.889808	0.444931	0.889808	0.889808	0.444931	0.889808	1.33458	0.889808	0.444931	0.889808	0.444931	0	0	0.444931	0.889808	0.444931	0.444931	0.889808	0.444931	0	0.444931	0.444931	0	0.444931	0.444931	0	0	0.444931	0.444931	0	0	0.444931	0.444931	0	0.444931	0.444931	0	0	0.444931	0.444931	0	0	0	0.444931	0.444931	0	0	0	0.444931	0.889808	0.889808	0.444931	0.444931	0.444931	0.444931	0.444931	0	0.444931	0.889808	0.889808	0.444931	0.889808	0.889808	0.444931	1.33458	0.889808	0.444931	0.889808	0.444931	0.889808	1.33458	0.444931	0.889808	1.33458	0.444931	0.889808	1.33458	0.444931	0.889808	0.889808	0.444931	1.33458	1.33458	0.444931	0.889808	1.33458	0.444931	0.444931	0.444931	1.33458	1.33458	0.889808	0.889808	0.444931	0.889808	0.444931	0.444931	0.444931	0.444931	0.889808	1.33458	0.889808	0.444931	0.889808	0.444931	0.444931	0.444931	0.444931	1.33458	0.889808	0.444931	0.889808	0.889808	0.444931	0.444931	0.444931	0.889808	1.33458	0.444931	0.444931	0.444931	0.889808	0.889808	0.444931	0.444931	0.444931	0.889808
1.33445	0.889725	0.444889	0.889725	0.444889	0.444889	0.444889	0.889725	1.33445	0.889725	0.444889	0.889725	1.33445	0.444889	0.889725	0.889725	0.444889	1.33445	0.889725	0.444889	0.889725	1.33445	0.889725	0.889725	0.889725	0.444889	1.33445	0.889725	0.444889	0.444889	1.33445	1.33445	0.889725	0.889725	0.444889	0.889725	0.444889	0.889725	0.889725	0.444889	0.889725	0.889725	0.444889	0.444889	0.889725	0.444889	0.444889	0.444889	0.889725	1.33445	0.444889	0.444889	0.889725	0.889725	0.444889	0.444889	0.444889	0.444889	0.444889	0	0.444889	0.444889	0	0	0.444889	0.444889	0	0	0	0.444889	0.444889	0	0	0	0	0.444889	0.444889	0	0	0	0	0.444889	0.444889	0	0	0.444889	0.444889	0	0.444889	0.444889	0	0	0.444889	0.444889	0.444889	0.444889	0	0	0	0	0	0.444889	0.444889	0.444889	0.444889	0	0.444889	0.444889	0	0	0.444889	0.889725	0.444889	0	0.444889	0.889725	0.444889	0	0	0.444889	0.889725	0.444889	0	0	0.889725	0.889725	0.444889	0.444889	0.444889	0.889725	0.444889	0.889725	0.889725	0.444889	0.889725	1.33445	0.889725	0.444889	0.889725	0.444889	0	0	0.444889	0.889725	0.444889	0.444889	0.889725	0.444889	0	0.444889	0.444889	0	0.444889	0.444889	0	0	0.444889	0.444889	0	0	0.444889	0.444889	0	0.444889	0.444889	0	0	0.444889	0.444889	0	0	0	0.444889	0.444889	0	0	0	0.444889	0.889725	0.889725	0.444889	0.444889	0.444889	0.444889	0.444889	0	0.444889	0.889725	0.889725	0.444889	0.889725	0.889725	0.444889	1.33445	0.889725	0.444889	0.889725	0.444889	0.889725	1.33445	0.444889	0.889725	1.33445	0.444889	0.889725	1.33445	0.444889	0.889725	0.889725	0.444889	1.33445	1.33445	0.444889	0.889725	1.33445	0.444889	0.444889	0.444889	1.33445	1.33445	0.889725	0.889725	0.444889	0.889725	0.444889	0.444889	0.444889	0.444889	0.889725	1.33445	0.889725	0.444889	0.889725	0.444889	0.444889	0.444889	0.444889	1.33445	0.889725	0.444889	0.889725	0.889725	0.444889	0.444889	0.444889	0.889725	1.33445	0.444889	0.444889	0.444889	0.889725	0.889725	0.444889	0.444889	0.444889	0.889725
1.33433	0.889642	0.444848	0.889642	0.444848	0.444848	0.444848	0.889642	1.33433	0.889642	0.444848	0.889642	1.33433	0.444848	0.889642	0.889642	0.444848	1.33433	0.889642	0.444848	0.889642	1.33433	0.889642	0.889642	0.889642	0.444848	1.33433	0.889642	0.444848	0.444848	1.33433	1.33433	0.889642	0.889642	0.444848	0.889642	0.444848	0.889642	0.889642	0.444848	0.889642	0.889642	0.444848	0.444848	0.889642	0.444848	0.444848	0.444848	0.889642	1.33433	0.444848	0.444848	0.889642	0.889642	0.444848	0.444848	0.444848	0.444848	0.444848	0	0.444848	0.444848	0	0	0.444848	0.444848	0	0	0	0.444848	0.444848	0	0	0	0	0.444848	0.444848	0	0	0	0	0.444848	0.444848	0	0	0.444848	0.444848	0	0.444848	0.444848	0	0	0.444848	0.444848	0.444848	0.444848	0	0	0	0	0	0.444848	0.444848	0.444848	0.444848	0	0.444848	0.444848	0	0	0.444848	0.889642	0.444848	0	0.444848	0.889642	0.444848	0	0	0.444848	0.889642	0.444848	0	0	0.889642	0.889642	0.444848	0.444848	0.444848	0.889642	0.444848	0.889642	0.889642	0.444848	0.889642	1.33433	0.889642	0.444848	0.889642	0.444848	0	0	0.444848	0.889642	0.444848	0.444848	0.889642	0.444848	0	0.444848	0.444848	0	0.444848	0.444848	0	0	0.444848	0.444848	0	0	0.444848	0.444848	0	0.444848	0.444848	0	0	0.444848	0.444848	0	0	0	0.444848	0.444848	0	0	0	0.444848	0.889642	0.889642	0.444848	0.444848	0.444848	0.444848	0.444848	0	0.444848	0.889642	0.889642	0.444848	0.889642	0.889642	0.444848	1.33433	0.889642	0.444848	0.889642	0.444848	0.889642	1.33433	0.444848	0.889642	1.33433	0.444848	0.889642	1.33433	0.444848	0.889642	0.889642	0.444848	1.33433	1.33433	0.444848	0.889642	1.33433	0.444848	0.444848	0.444848	1.33433	1.33433	0.889642	0.889642	0.444848	0.889642	0.444848	0.444848	0.444848	0.444848	0.889642	1.33433	0.889642	0.444848	0.889642	0.444848	0.444848	0.444848	0.444848	1.33433	0.889642	0.444848	0.889642	0.889642	0.444848	0.444848	0.444848	0.889642	1.33433	0.444848	0.444848	0.444848	0.889642	0.889642	0.444848	0.444848	0.444848	0.889642
1.13392	0.703284	0.629058	0.99455	0.629058	0.648426	0.846886	1.26776	1.72945	1.60345	1.40643	1.64153	2.0677	1.8335	2.0437	2.25067	2.26707	2.63453	2.67174	2.61576	2.53918	2.63453	2.67174	2.81116	2.81116	2.70386	3.03463	3.09893	3.05085	2.83301	2.98137	2.98137	2.81116	2.81116	2.70386	2.74458	2.3993	2.39414	2.39414	2.26707	2.33675	2.13816	1.8335	1.75783	1.75781	1.40643	1.3435	1.14482	1.26776	1.72945	1.40643	1.3435	1.41515	1.25796	0.994587	0.994587	0.994587	0.994587	0.956562	0.567046	0.648426	0.846886	0.703319	0.314539	0.351655	0.471802	0.351673	0.15727	0	0.444806	0.444806	0	0	0	0	0.351655	0.471802	0.444834	0.444834	0.444834	0.444834	0.648426	0.846886	0.786328	0.567046	0.471802	0.351655	0.15727	0.497331	0.846886	0.889615	0.889615	1.05491	1.26779	1.4834	1.70069	1.7788	1.7788	1.7788	1.7788	1.7788	1.70069	1.4834	1.26779	1.05491	1.00695	1.19759	1.05491	0.889615	0.889615	0.994587	1.10076	0.648426	0.567046	0.801884	0.956543	0.629058	0.444834	0.444834	0.629058	0.84685	0.351655	0.15727	0.351673	0.99455	0.99455	0.629058	0.629058	0.629058	0.84685	0.351655	0.786282	0.84685	0.629058	0.99455	1.29665	1.29669	1.40643	1.60345	1.40643	1.33429	1.33429	1.40643	1.64153	1.70069	1.8335	1.98857	1.8335	1.7788	1.8335	1.8335	1.7788	1.91907	2.13819	2.11497	1.89316	1.8335	1.8335	1.7788	1.7788	1.91907	2.04974	1.89316	1.91907	2.13819	2.11497	1.89316	1.91907	2.13819	2.11497	1.89316	1.7788	1.91907	2.13819	2.11497	1.79263	1.4497	1.40643	1.60345	1.60345	1.40643	1.40643	1.40643	1.40643	1.3435	1.00695	0.994587	1.25796	1.26774	0.786305	0.956543	1.10076	0.994587	1.60342	1.25796	0.994587	1.26774	0.786305	0.956543	1.49164	0.786305	0.956543	1.49164	0.786305	0.99455	1.48332	0.567013	0.786282	0.84685	0.648407	1.44961	1.3342	0.444806	0.889559	1.44961	0.648407	0.786305	0.956562	1.60342	1.60342	1.25796	1.25796	0.994587	1.41515	1.3435	1.5486	1.75783	1.8335	2.13816	2.4044	2.0437	1.96987	2.33675	2.26707	2.26707	2.26707	2.3993	2.7847	2.46023	2.26707	2.53918	2.74458	2.70386	2.70386	2.70386	2.81116	2.98137	2.70386	2.70386	2.70386	2.95231	3.16188	3.14236	3.14236	3.14236	3.23505
0.703209	0.314507	0.628995	0.994445	0.628995	0.566993	0.786255	1.1447	1.58	1.6033	1.40629	1.54845	1.94443	1.83333	1.96969	2.18367	2.26686	2.53894	2.61552	2.67148	2.63427	2.53894	2.61552	2.81089	2.81089	2.70361	2.95203	3.05056	3.09863	2.88447	2.98108	2.98108	2.81089	2.81089	2.70361	2.83271	2.45999	2.39391	2.39391	2.26686	2.43983	2.25043	1.83333	1.84004	1.89292	1.40629	1.44953	1.26764	1.1447	1.58	1.40629	1.44953	1.57998	1.25784	0.994491	0.994491	0.994491	0.994491	1.10065	0.648363	0.566993	0.786255	0.943445	0.703209	0.157255	0.351639	0.471754	0.351618	0	0.444758	0.444758	0	0	0	0	0.157255	0.351639	0.444793	0.444793	0.444793	0.444793	0.566993	0.786255	0.846805	0.648363	0.351639	0.157255	0.351618	0.497283	0.786255	0.889532	0.889532	1.00686	1.22806	1.44957	1.67123	1.77863	1.77863	1.77863	1.77863	1.77863	1.67123	1.44957	1.22806	1.00686	1.05481	1.19748	1.00686	0.889532	0.889532	0.994491	0.956468	0.566993	0.648363	0.801806	0.786226	0.628995	0.444793	0.444793	0.628995	0.648339	0.157255	0.351618	0.471754	0.994445	0.994445	0.628995	0.628995	0.628995	0.648339	0.157255	0.566952	0.648339	0.628995	0.994445	0.943445	1.13387	1.40629	1.6033	1.40629	1.33416	1.33416	1.40629	1.54845	1.67123	1.83333	1.98838	1.83333	1.77863	1.83333	1.83333	1.77863	1.89298	2.11477	2.13799	1.91889	1.83333	1.83333	1.77863	1.77863	1.89298	2.04955	1.91889	1.89298	2.11477	2.13799	1.91889	1.89298	2.11477	2.13799	1.91889	1.77863	1.89298	2.11477	2.13799	1.89948	1.48326	1.40629	1.6033	1.6033	1.40629	1.40629	1.40629	1.40629	1.44953	1.05481	0.994491	1.25784	1.44949	0.956444	0.786226	0.956468	0.994491	1.60325	1.25784	0.994491	1.44949	0.956444	0.786226	1.49148	0.956444	0.786226	1.49148	0.956444	0.994445	1.70041	0.786196	0.566952	0.648339	0.84676	1.67111	1.33406	0.444758	0.889463	1.67111	0.84676	0.956444	1.10065	1.60325	1.60325	1.25784	1.25784	0.994491	1.57998	1.44953	1.64138	1.84004	1.83333	2.25043	2.40416	1.96969	2.0435	2.43983	2.26686	2.26686	2.26686	2.45999	2.78443	2.39907	2.26686	2.63427	2.83271	2.70361	2.70361	2.70361	2.81089	2.98108	2.70361	2.70361	2.70361	3.03434	3.23853	3.14206	3.14206	3.14206	3.23474
0.444717	0	0.444717	0.88938	0.444717	0	0	0.444717	0.88938	0.88938	0.444717	0.444717	0.88938	0.444717	0.444717	0.444717	0.444717	0.88938	0.444717	0.88938	1.33394	0.88938	0.444717	0.88938	0.88938	0.444717	0.88938	0.444717	0.88938	0.88938	1.33394	1.33394	0.88938	0.88938	0.444717	1.33394	0.88938	0.88938	0.88938	0.444717	1.33394	1.33394	0.444717	0.88938	1.33394	0.444717	0.88938	0.88938	0.444717	0.88938	0.444717	0.88938	1.33394	0.88938	0.444717	0.444717	0.444717	0.444717	0.88938	0.444717	0	0	0.88938	0.88938	0	0	0.444717	0.444717	0	0.444717	0.444717	0	0	0	0	0	0	0	0	0	0	0	0	0.444717	0.444717	0	0	0.444717	0.444717	0	0	0	0	0	0	0	0	0	0	0	0	0	0	0	0	0.444717	0.444717	0	0	0	0.444717	0.444717	0	0.444717	0.444717	0.444717	0.444717	0	0	0.444717	0.444717	0	0.444717	0.444717	0.88938	0.88938	0.444717	0.444717	0.444717	0.444717	0	0.444717	0.444717	0.444717	0.88938	0.444717	0	0.444717	0.88938	0.444717	0	0	0.444717	0.444717	0	0.444717	0.88938	0.444717	0	0.444717	0.444717	0	0	0	0.444717	0.444717	0.444717	0.444717	0	0	0	0.444717	0.444717	0	0	0.444717	0.444717	0	0	0.444717	0.444717	0	0	0	0.444717	0.88938	0.444717	0.444717	0.88938	0.88938	0.444717	0.444717	0.444717	0.444717	0.88938	0.444717	0.444717	0.88938	1.33394	0.88938	0.444717	0.444717	0.444717	1.33394	0.88938	0.444717	1.33394	0.88938	0.444717	1.33394	0.88938	0.444717	1.33394	0.88938	0.88938	1.77833	0.88938	0.444717	0.444717	0.88938	1.77833	1.33394	0.444717	0.88938	1.77833	0.88938	0.88938	0.88938	1.33394	1.33394	0.88938	0.88938	0.444717	1.33394	0.88938	0.88938	0.88938	0.444717	1.33394	1.33394	0.444717	0.88938	1.33394	0.444717	0.444717	0.444717	0.88938	1.33394	0.444717	0.444717	1.33394	1.33394	0.444717	0.444717	0.444717	0.88938	1.33394	0.444717	0.444717	0.444717	1.33394	1.33394	0.444717	0.444717	0.444717	0.88938
0.444675	0	0.444675	0.889297	0.444675	0	0	0.444675	0.889297	0.889297	0.444675	0.444675	0.889297	0.444675	0.444675	0.444675	0.444675	0.889297	0.444675	0.889297	1.33381	0.889297	0.444675	0.889297	0.889297	0.444675	0.889297	0.444675	0.889297	0.889297	1.33381	1.33381	0.889297	0.889297	0.444675	1.33381	0.889297	0.889297	0.889297	0.444675	1.33381	1.33381	0.444675	0.889297	1.33381	0.444675	0.889297	0.889297	0.444675	0.889297	0.444675	0.889297	1.33381	0.889297	0.444675	0.444675	0.444675	0.444675	0.889297	0.444675	0	0	0.889297	0.889297	0	0	0.444675	0.444675	0	0.444675	0.444675	0	0	0	0	0	0	0	0	0	0	0	0	0.444675	0.444675	0	0	0.444675	0.444675	0	0	0	0	0	0	0	0	0	0	0	0	0	0	0	0	0.444675	0.444675	0	0	0	0.444675	0.444675	0	0.444675	0.444675	0.444675	0.444675	0	0	0.444675	0.444675	0	0.444675	0.444675	0.889297	0.889297	0.444675	0.444675	0.444675	0.444675	0	0.444675	0.444675	0.444675	0.889297	0.444675	0	0.444675	0.889297	0.444675	0	0	0.444675	0.444675	0	0.444675	0.889297	0.444675	0	0.444675	0.444675	0	0	0	0.444675	0.444675	0.444675	0.444675	0	0	0	0.444675	0.444675	0	0	0.444675	0.444675	0	0	0.444675	0.444675	0	0	0	0.444675	0.889297	0.444675	0.444675	0.889297	0.889297	0.444675	0.444675	0.444675	0.444675	0.889297	0.444675	0.444675	0.889297	1.33381	0.889297	0.444675	0.444675	0.444675	1.33381	0.889297	0.444675	1.33381	0.889297	0.444675	1.33381	0.889297	0.444675	1.33381	0.889297	0.889297	1.77817	0.889297	0.444675	0.444675	0.889297	1.77817	1.33381	0.444675	0.889297	1.77817	0.889297	0.889297	0.889297	1.33381	1.33381	0.889297	0.889297	0.444675	1.33381	0.889297	0.889297	0.889297	0.444675	1.33381	1.33381	0.444675	0.889297	1.33381	0.444675	0.444675	0.444675	0.889297	1.33381	0.444675	0.444675	1.33381	1.33381	0.444675	0.444675	0.444675	0.889297	1.33381	0.444675	0.444675	0.444675	1.33381	1.33381	0.444675	0.444675	0.444675	0.889297
0.444634	0	0.444634	0.889214	0.444634	0	0	0.444634	0.889214	0.889214	0.444634	0.444634	0.889214	0.444634	0.444634	0.444634	0.444634	0.889214	0.444634	0.889214	1.33369	0.889214	0.444634	0.889214	0.889214	0.444634	0.889214	0.444634	0.889214	0.889214	1.33369	1.33369	0.889214	0.889214	0.444634	1.33369	0.889214	0.889214	0.889214	0.444634	1.33369	1.33369	0.444634	0.889214	1.33369	0.444634	0.889214	0.889214	0.444634	0.889214	0.444634	0.889214	1.33369	0.889214	0.444634	0.444634	0.444634	0.444634	0.889214	0.444634	0	0	0.889214	0.889214	0	0	0.444634	0.444634	0	0.444634	0.444634	0	0	0	0	0	0	0	0	0	0	0	0	0.444634	0.444634	0	0	0.444634	0.444634	0	0	0	0	0	0	0	0	0	0	0	0	0	0	0	0	0.444634	0.444634	0	0	0	0.444634	0.444634	0	0.444634	0.444634	0.444634	0.444634	0	0	0.444634	0.444634	0	0.444634	0.444634	0.889214	0.889214	0.444634	0.444634	0.444634	0.444634	0	0.444634	0.444634	0.444634	0.889214	0.444634	0	0.444634	0.889214	0.444634	0	0	0.444634	0.444634	0	0.444634	0.889214	0.444634	0	0.444634	0.444634	0	0	0	0.444634	0.444634	0.444634	0.444634	0	0	0	0.444634	0.444634	0	0	0.444634	0.444634	0	0	0.444634	0.444634	0	0	0	0.444634	0.889214	0.444634	0.444634	0.889214	0.889214	0.444634	0.444634	0.444634	0.444634	0.889214	0.444634	0.444634	0.889214	1.33369	0.889214	0.444634	0.444634	0.444634	1.33369	0.889214	0.444634	1.33369	0.889214	0.444634	1.33369	0.889214	0.444634	1.33369	0.889214	0.889214	1.778	0.889214	0.444634	0.444634	0.889214	1.778	1.33369	0.444634	0.889214	1.778	0.889214	0.889214	0.889214	1.33369	1.33369	0.889214	0.889214	0.444634	1.33369	0.889214	0.889214	0.889214	0.444634	1.33369	1.33369	0.444634	0.889214	1.33369	0.444634	0.444634	0.444634	0.889214	1.33369	0.444634	0.444634	1.33369	1.33369	0.444634	0.444634	0.444634	0.889214	1.33369	0.444634	0.444634	0.444634	1.33369	1.33369	0.444634	0.444634	0.444634	0.889214
0.444592	0	0.444592	0.889131	0.444592	0	0	0.444592	0.889131	0.889131	0.444592	0.444592	0.889131	0.444592	0.444592	0.444592	0.444592	0.889131	0.444592	0.889131	1.33356	0.889131	0.444592	0.889131	0.889131	0.444592	0.889131	0.444592	0.889131	0.889131	1.33356	1.33356	0.889131	0.889131	0.444592	1.33356	0.889131	0.889131	0.889131	0.444592	1.33356	1.33356	0.444592	0.889131	1.33356	0.444592	0.889131	0.889131	0.444592	0.889131	0.444592	0.889131	1.33356	0.889131	0.444592	0.444592	0.444592	0.444592	0.889131	0.444592	0	0	0.889131	0.889131	0	0	0.444592	0.444592	0	0.444592	0.444592	0	0	0	0	0	0	0	0	0	0	0	0	0.444592	0.444592	0	0	0.444592	0.444592	0	0	0	0	0	0	0	0	0	0	0	0	0	0	0	0	0.444592	0.444592	0	0	0	0.444592	0.444592	0	0.444592	0.444592	0.444592	0.444592	0	0	0.444592	0.444592	0	0.444592	0.444592	0.889131	0.889131	0.444592	0.444592	0.444592	0.444592	0	0.444592	0.444592	0.444592	0.889131	0.444592	0	0.444592	0.889131	0.444592	0	0	0.444592	0.444592	0	0.444592	0.889131	0.444592	0	0.444592	0.444592	0	0	0	0.444592	0.444592	0.444592	0.444592	0	0	0	0.444592	0.444592	0	0	0.444592	0.444592	0	0	0.444592	0.444592	0	0	0	0.444592	0.889131	0.444592	0.444592	0.889131	0.889131	0.444592	0.444592	0.444592	0.444592	0.889131	0.444592	0.444592	0.889131	1.33356	0.889131	0.444592	0.444592	0.444592	1.33356	0.889131	0.444592	1.33356	0.889131	0.444592	1.33356	0.889131	0.444592	1.33356	0.889131	0.889131	1.77783	0.889131	0.444592	0.444592	0.889131	1.77783	1.33356	0.444592	0.889131	1.77783	0.889131	0.889131	0.889131	1.33356	1.33356	0.889131	0.889131	0.444592	1.33356	0.889131	0.889131	0.889131	0.444592	1.33356	1.33356	0.444592	0.889131	1.33356	0.444592	0.444592	0.444592	0.889131	1.33356	0.444592	0.444592	1.33356	1.33356	0.444592	0.444592	0.444592	0.889131	1.33356	0.444592	0.444592	0.444592	1.33356	1.33356	0.444592	0.444592	0.444592	0.889131
0.444551	0	0.444551	0.889049	0.444551	0	0	0.444551	0.889049	0.889049	0.444551	0.444551	0.889049	0.444551	0.444551	0.444551	0.444551	0.889049	0.444551	0.889049	1.33344	0.889049	0.444551	0.889049	0.889049	0.444551	0.889049	0.444551	0.889049	0.889049	1.33344	1.33344	0.889049	0.889049	0.444551	1.33344	0.889049	0.889049	0.889049	0.444551	1.33344	1.33344	0.444551	0.889049	1.33344	0.444551	0.889049	0.889049	0.444551	0.889049	0.444551	0.889049	1.33344	0.889049	0.444551	0.444551	0.444551	0.444551	0.889049	0.444551	0	0	0.889049	0.889049	0	0	0.444551	0.444551	0	0.444551	0.444551	0	0	0	0	0	0	0	0	0	0	0	0	0.444551	0.444551	0	0	0.444551	0.444551	0	0	0	0	0	0	0	0	0	0	0	0	0	0	0	0	0.444551	0.444551	0	0	0	0.444551	0.444551	0	0.444551	0.444551	0.444551	0.444551	0	0	0.444551	0.444551	0	0.444551	0.444551	0.889049	0.889049	0.444551	0.444551	0.444551	0.444551	0	0.444551	0.444551	0.444551	0.889049	0.444551	0	0.444551	0.889049	0.444551	0	0	0.444551	0.444551	0	0.444551	0.889049	0.444551	0	0.444551	0.444551	0	0	0	0.444551	0.444551	0.444551	0.444551	0	0	0	0.444551	0.444551	0	0	0.444551	0.444551	0	0	0.444551	0.444551	0	0	0	0.444551	0.889049	0.444551	0.444551	0.889049	0.889049	0.444551	0.444551	0.444551	0.444551	0.889049	0.444551	0.444551	0.889049	1.33344	0.889049	0.444551	0.444551	0.444551	1.33344	0.889049	0.444551	1.33344	0.889049	0.444551	1.33344	0.889049	0.444551	1.33344	0.889049	0.889049	1.77767	0.889049	0.444551	0.444551	0.889049	1.77767	1.33344	0.444551	0.889049	1.77767	0.889049	0.889049	0.889049	1.33344	1.33344	0.889049	0.889049	0.444551	1.33344	0.889049	0.889049	0.889049	0.444551	1.33344	1.33344	0.444551	0.889049	1.33344	0.444551	0.444551	0.444551	0.889049	1.33344	0.444551	0.444551	1.33344	1.33344	0.444551	0.444551	0.444551	0.889049	1.33344	0.444551	0.444551	0.444551	1.33344	1.33344	0.444551	0.444551	0.444551	0.889049
0.44451	0	0.44451	0.888966	0.44451	0	0	0.44451	0.888966	0.888966	0.44451	0.44451	0.888966	0.44451	0.44451	0.44451	0.44451	0.888966	0.44451	0.888966	1.33332	0.888966	0.44451	0.888966	0.888966	0.44451	0.888966	0.44451	0.888966	0.888966	1.33332	1.33332	0.888966	0.888966	0.44451	1.33332	0.888966	0.888966	0.888966	0.44451	1.33332	1.33332	0.44451	0.888966	1.33332	0.44451	0.888966	0.888966	0.44451	0.888966	0.44451	0.888966	1.33332	0.888966	0.44451	0.44451	0.44451	0.44451	0.888966	0.44451	0	0	0.888966	0.888966	0	0	0.44451	0.44451	0	0.44451	0.44451	0	0	0	0	0	0	0	0	0	0	0	0	0.44451	0.44451	0	0	0.44451	0.44451	0	0	0	0	0	0	0	0	0	0	0	0	0	0	0	0	0.44451	0.44451	0	0	0	0.44451	0.44451	0	0.44451	0.44451	0.44451	0.44451	0	0	0.44451	0.44451	0	0.44451	0.44451	0.888966	0.888966	0.44451	0.44451	0.44451	0.44451	0	0.44451	0.44451	0.44451	0.888966	0.44451	0	0.44451	0.888966	0.44451	0	0	0.44451	0.44451	0	0.44451	0.888966	0.44451	0	0.44451	0.44451	0	0	0	0.44451	0.44451	0.44451	0.44451	0	0	0	0.44451	0.44451	0	0	0.44451	0.44451	0	0	0.44451	0.44451	0	0	0	0.44451	0.888966	0.44451	0.44451	0.888966	0.888966	0.44451	0.44451	0.44451	0.44451	0.888966	0.44451	0.44451	0.888966	1.33332	0.888966	0.44451	0.44451	0.44451	1.33332	0.888966	0.44451	1.33332	0.888966	0.44451	1.33332	0.888966	0.44451	1.33332	0.888966	0.888966	1.7775	0.888966	0.44451	0.44451	0.888966	1.7775	1.33332	0.44451	0.888966	1.7775	0.888966	0.888966	0.888966	1.33332	1.33332	0.888966	0.888966	0.44451	1.33332	0.888966	0.888966	0.888966	0.44451	1.33332	1.33332	0.44451	0.888966	1.33332	0.44451	0.44451	0.44451	0.888966	1.33332	0.44451	0.44451	1.33332	1.33332	0.44451	0.44451	0.44451	0.888966	1.33332	0.44451	0.44451	0.44451	1.33332	1.33332	0.44451	0.44451	0.44451	0.888966
0.444461	0	0.444461	0.888869	0.444461	0	0	0.444461	0.888869	0.888869	0.444461	0.444461	0.888869	0.444461	0.444461	0.444461	0.444461	0.888869	0.444461	0.888869	1.33317	0.888869	0.444461	0.888869	0.888869	0.444461	0.888869	0.444461	0.888869	0.888869	1.33317	1.33317	0.888869	0.888869	0.444461	1.33317	0.888869	0.888869	0.888869	0.444461	1.33317	1.33317	0.444461	0.888869	1.33317	0.444461	0.888869	0.888869	0.444461	0.888869	0.444461	0.888869	1.33317	0.888869	0.444461	0.444461	0.444461	0.444461	0.888869	0.444461	0	0	0.888869	0.888869	0	0	0.444461	0.444461	0	0.444461	0.444461	0	0	0	0	0	0	0	0	0	0	0	0	0.444461	0.444461	0	0	0.444461	0.444461	0	0	0	0	0	0	0	0	0	0	0	0	0	0	0	0	0.444461	0.444461	0	0	0	0.444461	0.444461	0	0.444461	0.444461	0.444461	0.444461	0	0	0.444461	0.444461	0	0.444461	0.444461	0.888869	0.888869	0.444461	0.444461	0.444461	0.444461	0	0.444461	0.444461	0.444461	0.888869	0.444461	0	0.444461	0.888869	0.444461	0	0	0.444461	0.444461	0	0.444461	0.888869	0.444461	0	0.444461	0.444461	0	0	0	0.444461	0.444461	0.444461	0.444461	0	0	0	0.444461	0.444461	0	0	0.444461	0.444461	0	0	0.444461	0.444461	0	0	0	0.444461	0.888869	0.444461	0.444461	0.888869	0.888869	0.444461	0.444461	0.444461	0.444461	0.888869	0.444461	0.444461	0.888869	1.33317	0.888869	0.444461	0.444461	0.444461	1.33317	0.888869	0.444461	1.33317	0.888869	0.444461	1.33317	0.888869	0.444461	1.33317	0.888869	0.888869	1.77731	0.888869	0.444461	0.444461	0.888869	1.77731	1.33317	0.444461	0.888869	1.77731	0.888869	0.888869	0.888869	1.33317	1.33317	0.888869	0.888869	0.444461	1.33317	0.888869	0.888869	0.888869	0.444461	1.33317	1.33317	0.444461	0.888869	1.33317	0.444461	0.444461	0.444461	0.888869	1.33317	0.444461	0.444461	1.33317	1.33317	0.444461	0.444461	0.444461	0.888869	1.33317	0.444461	0.444461	0.444461	1.33317	1.33317	0.444461	0.444461	0.444461	0.888869
0.44442	0	0.44442	0.888787	0.44442	0	0	0.44442	0.888787	0.888787	0.44442	0.44442	0.888787	0.44442	0.44442	0.44442	0.44442	0.888787	0.44442	0.888787	1.33305	0.888787	0.44442	0.888787	0.888787	0.44442	0.888787	0.44442	0.888787	0.888787	1.33305	1.33305	0.888787	0.888787	0.44442	1.33305	0.888787	0.888787	0.888787	0.44442	1.33305	1.33305	0.44442	0.888787	1.33305	0.44442	0.888787	0.888787	0.44442	0.888787	0.44442	0.888787	1.33305	0.888787	0.44442	0.44442	0.44442	0.44442	0.888787	0.44442	0	0	0.888787	0.888787	0	0	0.44442	0.44442	0	0.44442	0.44442	0	0	0	0	0	0	0	0	0	0	0	0	0.44442	0.44442	0	0	0.44442	0.44442	0	0	0	0	0	0	0	0	0	0	0	0	0	0	0	0	0.44442	0.44442	0	0	0	0.44442	0.44442	0	0.44442	0.44442	0.44442	0.44442	0	0	0.44442	0.44442	0	0.44442	0.44442	0.888787	0.888787	0.44442	0.44442	0.44442	0.44442	0	0.44442	0.44442	0.44442	0.888787	0.44442	0	0.44442	0.888787	0.44442	0	0	0.44442	0.44442	0	0.44442	0.888787	0.44442	0	0.44442	0.44442	0	0	0	0.44442	0.44442	0.44442	0.44442	0	0	0	0.44442	0.44442	0	0	0.44442	0.44442	0	0	0.44442	0.44442	0	0	0	0.44442	0.888787	0.44442	0.44442	0.888787	0.888787	0.44442	0.44442	0.44442	0.44442	0.888787	0.44442	0.44442	0.888787	1.33305	0.888787	0.44442	0.44442	0.44442	1.33305	0.888787	0.44442	1.33305	0.888787	0.44442	1.33305	0.888787	0.44442	1.33305	0.888787	0.888787	1.77715	0.888787	0.44442	0.44442	0.888787	1.77715	1.33305	0.44442	0.888787	1.77715	0.888787	0.888787	0.888787	1.33305	1.33305	0.888787	0.888787	0.44442	1.33305	0.888787	0.888787	0.888787	0.44442	1.33305	1.33305	0.44442	0.888787	1.33305	0.44442	0.44442	0.44442	0.888787	1.33305	0.44442	0.44442	1.33305	1.33305	0.44442	0.44442	0.44442	0.888787	1.33305	0.44442	0.44442	0.44442	1.33305	1.33305	0.44442	0.44442	0.44442	0.888787
0.444379	0	0.444379	0.888704	0.444379	0	0	0.444379	0.888704	0.888704	0.444379	0.444379	0.888704	0.444379	0.444379	0.444379	0.444379	0.888704	0.444379	0.888704	1.33292	0.888704	0.444379	0.888704	0.888704	0.444379	0.888704	0.444379	0.888704	0.888704	1.33292	1.33292	0.888704	0.888704	0.444379	1.33292	0.888704	0.888704	0.888704	0.444379	1.33292	1.33292	0.444379	0.888704	1.33292	0.444379	0.888704	0.888704	0.444379	0.888704	0.444379	0.888704	1.33292	0.888704	0.444379	0.444379	0.444379	0.444379	0.888704	0.444379	0	0	0.888704	0.888704	0	0	0.444379	0.444379	0	0.444379	0.444379	0	0	0	0	0	0	0	0	0	0	0	0	0.444379	0.444379	0	0	0.444379	0.444379	0	0	0	0	0	0	0	0	0	0	0	0	0	0	0	0	0.444379	0.444379	0	0	0	0.444379	0.444379	0	0.444379	0.444379	0.444379	0.444379	0	0	0.444379	0.444379	0	0.444379	0.444379	0.888704	0.888704	0.444379	0.444379	0.444379	0.444379	0	0.444379	0.444379	0.444379	0.888704	0.444379	0	0.444379	0.888704	0.444379	0	0	0.444379	0.444379	0	0.444379	0.888704	0.444379	0	0.444379	0.444379	0	0	0	0.444379	0.444379	0.444379	0.444379	0	0	0	0.444379	0.444379	0	0	0.444379	0.444379	0	0	0.444379	0.444379	0	0	0	0.444379	0.888704	0.444379	0.444379	0.888704	0.888704	0.444379	0.444379	0.444379	0.444379	0.888704	0.444379	0.444379	0.888704	1.33292	0.888704	0.444379	0.444379	0.444379	1.33292	0.888704	0.444379	1.33292	0.888704	0.444379	1.33292	0.888704	0.444379	1.33292	0.888704	0.888704	1.77698	0.888704	0.444379	0.444379	0.888704	1.77698	1.33292	0.444379	0.888704	1.77698	0.888704	0.888704	0.888704	1.33292	1.33292	0.888704	0.888704	0.444379	1.33292	0.888704	0.888704	0.888704	0.444379	1.33292	1.33292	0.444379	0.888704	1.33292	0.444379	0.444379	0.444379	0.888704	1.33292	0.444379	0.444379	1.33292	1.33292	0.444379	0.444379	0.444379	0.888704	1.33292	0.444379	0.444379	0.444379	1.33292	1.33292	0.444379	0.444379	0.444379	0.888704
0.351285	0	0.444337	0.785453	0.471308	0.444372	0.444372	0.64775	1.09961	1.26644	1.26647	1.40496	1.60178	1.40496	1.40496	1.40496	1.40496	1.60178	1.40496	1.63982	2.06554	1.9865	1.8316	2.04157	2.24833	2.18161	2.13593	1.8316	1.9865	1.9865	2.22073	2.22073	2.04157	2.24833	2.18161	2.40189	2.24833	2.39165	2.39165	2.18161	2.40189	2.40189	1.96783	1.9865	2.20402	1.54699	1.63982	1.8383	1.75601	1.75597	1.40496	1.60178	1.88459	1.60178	1.40496	1.40496	1.40496	1.40496	1.60178	1.40496	1.2269	1.00591	1.25665	1.25665	0.785511	0.566456	0.64775	0.801047	0.566456	0.64775	0.846004	0.785511	0.496813	0.157106	0	0	0.157106	0.351307	0.444372	0.566456	0.785511	0.88869	0.88869	0.99355	0.99355	1.00591	1.2269	1.26647	1.19634	1.2269	1.3329	1.3329	1.3329	1.44819	1.66965	1.77695	1.77695	1.77695	1.77695	1.77695	1.77695	1.77695	1.77695	1.77695	1.77695	1.69893	1.61713	1.66965	1.77695	1.77695	1.8316	1.8316	1.77695	1.8316	1.8316	1.8316	1.8316	1.77695	1.77695	1.8316	1.8316	1.77695	1.69893	1.48186	1.44816	1.26644	0.99355	0.99355	0.846004	0.801047	0.785511	0.846004	0.64775	0.6284	0.845959	0.351285	0	0.444337	0.785453	0.471308	0.444372	0.444372	0.6284	0.6284	0.444372	0.64775	1.09961	0.99355	0.88869	1.05381	1.26647	1.2269	1.00591	0.88869	1.05381	1.26647	1.40496	1.40496	1.2269	1.00591	0.88869	0.99355	0.99355	0.88869	0.88869	0.99355	0.99355	0.785511	0.566456	0.64775	0.801047	0.566456	0.351307	0.157106	0.444337	0.888621	0.444337	0.444337	0.888621	0.888621	0.444337	0.444337	0.444337	0.444337	0.888621	0.444337	0.566416	1.05375	1.40488	0.993504	0.6284	0.6284	0.6284	1.40488	0.993504	0.6284	1.40488	0.993504	0.785482	1.49007	0.955539	0.785482	1.63975	1.25665	1.09961	1.7559	0.993504	0.785482	0.955563	1.25665	1.98641	1.75593	1.3421	1.60178	2.22068	1.60178	1.60178	1.60178	1.88459	1.88459	1.60178	1.60178	1.54699	2.20402	1.9865	1.9865	1.9865	1.96783	2.40189	2.40189	2.18161	2.39165	2.74169	2.61305	2.70105	2.70105	2.80824	2.97826	2.70105	2.83007	3.17798	3.17798	3.04768	3.1391	3.1391	3.09571	3.17798	3.04768	3.1391	3.1391	3.38033	3.38033	3.1391	3.1391	3.1391	3.23169
0.157091	0	0.444296	0.566363	0.351274	0.44433	0.44433	0.566404	0.955474	1.14352	1.22678	1.40483	1.60163	1.40483	1.40483	1.40483	1.40483	1.60163	1.40483	1.54684	1.94241	1.98632	1.83143	1.96764	2.18141	2.24812	2.24809	1.83143	1.98632	1.98632	2.22052	2.22052	1.96764	2.18141	2.24812	2.40167	2.18141	2.39143	2.39143	2.24812	2.40167	2.40167	2.04138	1.98632	2.35505	1.63967	1.54684	1.75584	1.83812	1.89096	1.40483	1.60163	1.88442	1.60163	1.40483	1.40483	1.40483	1.40483	1.60163	1.40483	1.26635	1.05372	1.25653	1.25653	0.845925	0.647689	0.566404	0.800973	0.647689	0.566404	0.785438	0.845925	0.800949	0.351252	0	0	0.351252	0.471264	0.44433	0.647689	0.845925	0.888607	0.888607	0.993458	0.993458	1.05372	1.26635	1.22678	1.19623	1.26635	1.33278	1.33278	1.33278	1.48172	1.69877	1.77679	1.77679	1.77679	1.77679	1.77679	1.77679	1.77679	1.77679	1.77679	1.77679	1.6695	1.61698	1.69877	1.77679	1.77679	1.83143	1.83143	1.77679	1.83143	1.83143	1.83143	1.83143	1.77679	1.77679	1.83143	1.83143	1.77679	1.6695	1.44806	1.34198	1.14352	0.993458	0.993458	0.785438	0.800973	0.845925	0.785438	0.566404	0.628341	0.647666	0.157091	0	0.444296	0.566363	0.351274	0.44433	0.44433	0.628341	0.628341	0.44433	0.566404	0.955474	0.993458	0.888607	1.00581	1.22678	1.26635	1.05372	0.888607	1.00581	1.22678	1.40483	1.40483	1.26635	1.05372	0.888607	0.993458	0.993458	0.888607	0.888607	0.993458	0.993458	0.845925	0.647689	0.566404	0.800973	0.647689	0.471264	0.351252	0.444296	0.888539	0.444296	0.444296	0.888539	0.888539	0.444296	0.444296	0.444296	0.444296	0.888539	0.444296	0.78538	1.26626	1.40474	0.993412	0.628341	0.628341	0.628341	1.40474	0.993412	0.628341	1.40474	0.993412	0.95545	1.48993	0.785409	0.95545	1.83803	1.25653	0.955474	1.54675	0.993412	0.95545	1.09951	1.25653	1.98623	1.94234	1.44803	1.60163	2.22047	1.60163	1.60163	1.60163	1.88442	1.88442	1.60163	1.60163	1.63967	2.35505	1.98632	1.98632	1.98632	2.04138	2.40167	2.40167	2.24812	2.39143	2.8643	2.66871	2.7008	2.7008	2.80798	2.97799	2.7008	2.88148	3.17768	3.17768	3.09542	3.1388	3.1388	3.0474	3.17768	3.09542	3.1388	3.1388	3.38002	3.38002	3.1388	3.1388	3.1388	3.23139
0	0	0.444255	0.444255	0	0	0	0	0.444255	0.444255	0	0.444255	0.888456	0.444255	0.444255	0.444255	0.444255	0.888456	0.444255	0.444255	0.888456	0.888456	0.444255	0.444255	0.444255	0.888456	1.33255	0.444255	0.888456	0.888456	1.33255	1.33255	0.444255	0.444255	0.888456	1.33255	0.444255	0.888456	0.888456	0.888456	1.33255	1.33255	0.888456	0.888456	1.77648	0.888456	0.444255	0.444255	0.888456	1.33255	0.444255	0.888456	1.33255	0.888456	0.444255	0.444255	0.444255	0.444255	0.888456	0.444255	0.444255	0.444255	0.888456	0.888456	0.444255	0.444255	0	0.444255	0.444255	0	0	0.444255	0.888456	0.444255	0	0	0.444255	0.444255	0	0.444255	0.444255	0	0	0.444255	0.444255	0.444255	0.444255	0	0.444255	0.444255	0	0	0	0.444255	0.444255	0	0	0	0	0	0	0	0	0	0	0	0.444255	0.444255	0	0	0.444255	0.444255	0	0.444255	0.444255	0.444255	0.444255	0	0	0.444255	0.444255	0	0	0	0.444255	0.444255	0.444255	0.444255	0	0.444255	0.444255	0	0	0.444255	0.444255	0	0	0.444255	0.444255	0	0	0	0.444255	0.444255	0	0	0.444255	0.444255	0	0	0	0.444255	0.444255	0	0	0	0.444255	0.444255	0.444255	0.444255	0	0.444255	0.444255	0	0	0.444255	0.444255	0.444255	0.444255	0	0.444255	0.444255	0.444255	0.444255	0.444255	0.888456	0.444255	0.444255	0.888456	0.888456	0.444255	0.444255	0.444255	0.444255	0.888456	0.444255	0.888456	1.33255	1.33255	0.888456	0.444255	0.444255	0.444255	1.33255	0.888456	0.444255	1.33255	0.888456	0.888456	1.33255	0.444255	0.888456	1.77648	0.888456	0.444255	1.33255	0.888456	0.888456	0.888456	0.888456	1.77648	1.77648	0.888456	0.888456	1.77648	0.888456	0.888456	0.888456	1.33255	1.33255	0.888456	0.888456	0.888456	1.77648	0.888456	0.888456	0.888456	0.888456	1.33255	1.33255	0.888456	0.888456	1.77648	0.888456	0.444255	0.444255	0.888456	1.33255	0.444255	0.888456	1.33255	1.33255	0.888456	0.444255	0.444255	0.444255	1.33255	0.888456	0.444255	0.444255	1.33255	1.33255	0.444255	0.444255	0.444255	0.888456
0	0	0.444213	0.444213	0	0	0	0	0.444213	0.444213	0	0.444213	0.888373	0.444213	0.444213	0.444213	0.444213	0.888373	0.444213	0.444213	0.888373	0.888373	0.444213	0.444213	0.444213	0.888373	1.33243	0.444213	0.888373	0.888373	1.33243	1.33243	0.444213	0.444213	0.888373	1.33243	0.444213	0.888373	0.888373	0.888373	1.33243	1.33243	0.888373	0.888373	1.77632	0.888373	0.444213	0.444213	0.888373	1.33243	0.444213	0.888373	1.33243	0.888373	0.444213	0.444213	0.444213	0.444213	0.888373	0.444213	0.444213	0.444213	0.888373	0.888373	0.444213	0.444213	0	0.444213	0.444213	0	0	0.444213	0.888373	0.444213	0	0	0.444213	0.444213	0	0.444213	0.444213	0	0	0.444213	0.444213	0.444213	0.444213	0	0.444213	0.444213	0	0	0	0.444213	0.444213	0	0	0	0	0	0	0	0	0	0	0	0.444213	0.444213	0	0	0.444213	0.444213	0	0.444213	0.444213	0.444213	0.444213	0	0	0.444213	0.444213	0	0	0	0.444213	0.444213	0.444213	0.444213	0	0.444213	0.444213	0	0	0.444213	0.444213	0	0	0.444213	0.444213	0	0	0	0.444213	0.444213	0	0	0.444213	0.444213	0	0	0	0.444213	0.444213	0	0	0	0.444213	0.444213	0.444213	0.444213	0	0.444213	0.444213	0	0	0.444213	0.444213	0.444213	0.444213	0	0.444213	0.444213	0.444213	0.444213	0.444213	0.888373	0.444213	0.444213	0.888373	0.888373	0.444213	0.444213	0.444213	0.444213	0.888373	0.444213	0.888373	1.33243	1.33243	0.888373	0.444213	0.444213	0.444213	1.33243	0.888373	0.444213	1.33243	0.888373	0.888373	1.33243	0.444213	0.888373	1.77632	0.888373	0.444213	1.33243	0.888373	0.888373	0.888373	0.888373	1.77632	1.77632	0.888373	0.888373	1.77632	0.888373	0.888373	0.888373	1.33243	1.33243	0.888373	0.888373	0.888373	1.77632	0.888373	0.888373	0.888373	0.888373	1.33243	1.33243	0.888373	0.888373	1.77632	0.888373	0.444213	0.444213	0.888373	1.33243	0.444213	0.888373	1.33243	1.33243	0.888373	0.444213	0.444213	0.444213	1.33243	0.888373	0.444213	0.444213	1.33243	1.33243	0.444213	0.444213	0.444213	0.888373
0	0	0.444165	0.444165	0	0	0	0	0.444165	0.444165	0	0.444165	0.888277	0.444165	0.444165	0.444165	0.444165	0.888277	0.444165	0.444165	0.888277	0.888277	0.444165	0.444165	0.444165	0.888277	1.33228	0.444165	0.888277	0.888277	1.33228	1.33228	0.444165	0.444165	0.888277	1.33228	0.444165	0.888277	0.888277	0.888277	1.33228	1.33228	0.888277	0.888277	1.77613	0.888277	0.444165	0.444165	0.888277	1.33228	0.444165	0.888277	1.33228	0.888277	0.444165	0.444165	0.444165	0.444165	0.888277	0.444165	0.444165	0.444165	0.888277	0.888277	0.444165	0.444165	0	0.444165	0.444165	0	0	0.444165	0.888277	0.444165	0	0	0.444165	0.444165	0	0.444165	0.444165	0	0	0.444165	0.444165	0.444165	0.444165	0	0.444165	0.444165	0	0	0	0.444165	0.444165	0	0	0	0	0	0	0	0	0	0	0	0.444165	0.444165	0	0	0.444165	0.444165	0	0.444165	0.444165	0.444165	0.444165	0	0	0.444165	0.444165	0	0	0	0.444165	0.444165	0.444165	0.444165	0	0.444165	0.444165	0	0	0.444165	0.444165	0	0	0.444165	0.444165	0	0	0	0.444165	0.444165	0	0	0.444165	0.444165	0	0	0	0.444165	0.444165	0	0	0	0.444165	0.444165	0.444165	0.444165	0	0.444165	0.444165	0	0	0.444165	0.444165	0.444165	0.444165	0	0.444165	0.444165	0.444165	0.444165	0.444165	0.888277	0.444165	0.444165	0.888277	0.888277	0.444165	0.444165	0.444165	0.444165	0.888277	0.444165	0.888277	1.33228	1.33228	0.888277	0.444165	0.444165	0.444165	1.33228	0.888277	0.444165	1.33228	0.888277	0.888277	1.33228	0.444165	0.888277	1.77613	0.888277	0.444165	1.33228	0.888277	0.888277	0.888277	0.888277	1.77613	1.77613	0.888277	0.888277	1.77613	0.888277	0.888277	0.888277	1.33228	1.33228	0.888277	0.888277	0.888277	1.77613	0.888277	0.888277	0.888277	0.888277	1.33228	1.33228	0.888277	0.888277	1.77613	0.888277	0.444165	0.444165	0.888277	1.33228	0.444165	0.888277	1.33228	1.33228	0.888277	0.444165	0.444165	0.444165	1.33228	0.888277	0.444165	0.444165	1.33228	1.33228	0.444165	0.444165	0.444165	0.888277
0	0	0.444124	0.444124	0	0	0	0	0.444124	0.444124	0	0.444124	0.888194	0.444124	0.444124	0.444124	0.444124	0.888194	0.444124	0.444124	0.888194	0.888194	0.444124	0.444124	0.444124	0.888194	1.33216	0.444124	0.888194	0.888194	1.33216	1.33216	0.444124	0.444124	0.888194	1.33216	0.444124	0.888194	0.888194	0.888194	1.33216	1.33216	0.888194	0.888194	1.77596	0.888194	0.444124	0.444124	0.888194	1.33216	0.444124	0.888194	1.33216	0.888194	0.444124	0.444124	0.444124	0.444124	0.888194	0.444124	0.444124	0.444124	0.888194	0.888194	0.444124	0.444124	0	0.444124	0.444124	0	0	0.444124	0.888194	0.444124	0	0	0.444124	0.444124	0	0.444124	0.444124	0	0	0.444124	0.444124	0.444124	0.444124	0	0.444124	0.444124	0	0	0	0.444124	0.444124	0	0	0	0	0	0	0	0	0	0	0	0.444124	0.444124	0	0	0.444124	0.444124	0	0.444124	0.444124	0.444124	0.444124	0	0	0.444124	0.444124	0	0	0	0.444124	0.444124	0.444124	0.444124	0	0.444124	0.444124	0	0	0.444124	0.444124	0	0	0.444124	0.444124	0	0	0	0.444124	0.444124	0	0	0.444124	0.444124	0	0	0	0.444124	0.444124	0	0	0	0.444124	0.444124	0.444124	0.444124	0	0.444124	0.444124	0	0	0.444124	0.444124	0.444124	0.444124	0	0.444124	0.444124	0.444124	0.444124	0.444124	0.888194	0.444124	0.444124	0.888194	0.888194	0.444124	0.444124	0.444124	0.444124	0.888194	0.444124	0.888194	1.33216	1.33216	0.888194	0.444124	0.444124	0.444124	1.33216	0.888194	0.444124	1.33216	0.888194	0.888194	1.33216	0.444124	0.888194	1.77596	0.888194	0.444124	1.33216	0.888194	0.888194	0.888194	0.888194	1.77596	1.77596	0.888194	0.888194	1.77596	0.888194	0.888194	0.888194	1.33216	1.33216	0.888194	0.888194	0.888194	1.77596	0.888194	0.888194	0.888194	0.888194	1.33216	1.33216	0.888194	0.888194	1.77596	0.888194	0.444124	0.444124	0.888194	1.33216	0.444124	0.888194	1.33216	1.33216	0.888194	0.444124	0.444124	0.444124	1.33216	0.888194	0.444124	0.444124	1.33216	1.33216	0.444124	0.444124	0.444124	0.888194
0	0	0.444082	0.444082	0	0	0	0	0.444082	0.444082	0	0.444082	0.888112	0.444082	0.444082	0.444082	0.444082	0.888112	0.444082	0.444082	0.888112	0.888112	0.444082	0.444082	0.444082	0.888112	1.33203	0.444082	0.888112	0.888112	1.33203	1.33203	0.444082	0.444082	0.888112	1.33203	0.444082	0.888112	0.888112	0.888112	1.33203	1.33203	0.888112	0.888112	1.7758	0.888112	0.444082	0.444082	0.888112	1.33203	0.444082	0.888112	1.33203	0.888112	0.444082	0.444082	0.444082	0.444082	0.888112	0.444082	0.444082	0.444082	0.888112	0.888112	0.444082	0.444082	0	0.444082	0.444082	0	0	0.444082	0.888112	0.444082	0	0	0.444082	0.444082	0	0.444082	0.444082	0	0	0.444082	0.444082	0.444082	0.444082	0	0.444082	0.444082	0	0	0	0.444082	0.444082	0	0	0	0	0	0	0	0	0	0	0	0.444082	0.444082	0	0	0.444082	0.444082	0	0.444082	0.444082	0.444082	0.444082	0	0	0.444082	0.444082	0	0	0	0.444082	0.444082	0.444082	0.444082	0	0.444082	0.444082	0	0	0.444082	0.444082	0	0	0.444082	0.444082	0	0	0	0.444082	0.444082	0	0	0.444082	0.444082	0	0	0	0.444082	0.444082	0	0	0	0.444082	0.444082	0.444082	0.444082	0	0.444082	0.444082	0	0	0.444082	0.444082	0.444082	0.444082	0	0.444082	0.444082	0.444082	0.444082	0.444082	0.888112	0.444082	0.444082	0.888112	0.888112	0.444082	0.444082	0.444082	0.444082	0.888112	0.444082	0.888112	1.33203	1.33203	0.888112	0.444082	0.444082	0.444082	1.33203	0.888112	0.444082	1.33203	0.888112	0.888112	1.33203	0.444082	0.888112	1.7758	0.888112	0.444082	1.33203	0.888112	0.888112	0.888112	0.888112	1.7758	1.7758	0.888112	0.888112	1.7758	0.888112	0.888112	0.888112	1.33203	1.33203	0.888112	0.888112	0.888112	1.7758	0.888112	0.888112	0.888112	0.888112	1.33203	1.33203	0.888112	0.888112	1.7758	0.888112	0.444082	0.444082	0.888112	1.33203	0.444082	0.888112	1.33203	1.33203	0.888112	0.444082	0.444082	0.444082	1.33203	0.888112	0.444082	0.444082	1.33203	1.33203	0.444082	0.444082	0.444082	0.888112
0	0	0.444041	0.444041	0	0	0	0	0.444041	0.444041	0	0.444041	0.888029	0.444041	0.444041	0.444041	0.444041	0.888029	0.444041	0.444041	0.888029	0.888029	0.444041	0.444041	0.444041	0.888029	1.33191	0.444041	0.888029	0.888029	1.33191	1.33191	0.444041	0.444041	0.888029	1.33191	0.444041	0.888029	0.888029	0.888029	1.33191	1.33191	0.888029	0.888029	1.77563	0.888029	0.444041	0.444041	0.888029	1.33191	0.444041	0.888029	1.33191	0.888029	0.444041	0.444041	0.444041	0.444041	0.888029	0.444041	0.444041	0.444041	0.888029	0.888029	0.444041	0.444041	0	0.444041	0.444041	0	0	0.444041	0.888029	0.444041	0	0	0.444041	0.444041	0	0.444041	0.444041	0	0	0.444041	0.444041	0.444041	0.444041	0	0.444041	0.444041	0	0	0	0.444041	0.444041	0	0	0	0	0	0	0	0	0	0	0	0.444041	0.444041	0	0	0.444041	0.444041	0	0.444041	0.444041	0.444041	0.444041	0	0	0.444041	0.444041	0	0	0	0.444041	0.444041	0.444041	0.444041	0	0.444041	0.444041	0	0	0.444041	0.444041	0	0	0.444041	0.444041	0	0	0	0.444041	0.444041	0	0	0.444041	0.444041	0	0	0	0.444041	0.444041	0	0	0	0.444041	0.444041	0.444041	0.444041	0	0.444041	0.444041	0	0	0.444041	0.444041	0.444041	0.444041	0	0.444041	0.444041	0.444041	0.444041	0.444041	0.888029	0.444041	0.444041	0.888029	0.888029	0.444041	0.444041	0.444041	0.444041	0.888029	0.444041	0.888029	1.33191	1.33191	0.888029	0.444041	0.444041	0.444041	1.33191	0.888029	0.444041	1.33191	0.888029	0.888029	1.33191	0.444041	0.888029	1.77563	0.888029	0.444041	1.33191	0.888029	0.888029	0.888029	0.888029	1.77563	1.77563	0.888029	0.888029	1.77563	0.888029	0.888029	0.888029	1.33191	1.33191	0.888029	0.888029	0.888029	1.77563	0.888029	0.888029	0.888029	0.888029	1.33191	1.33191	0.888029	0.888029	1.77563	0.888029	0.444041	0.444041	0.888029	1.33191	0.444041	0.888029	1.33191	1.33191	0.888029	0.444041	0.444041	0.444041	1.33191	0.888029	0.444041	0.444041	1.33191	1.33191	0.444041	0.444041	0.444041	0.888029
0	0	0.444	0.444	0	0	0	0	0.444	0.444	0	0.444	0.887946	0.444	0.444	0.444	0.444	0.887946	0.444	0.444	0.887946	0.887946	0.444	0.444	0.444	0.887946	1.33179	0.444	0.887946	0.887946	1.33179	1.33179	0.444	0.444	0.887946	1.33179	0.444	0.887946	0.887946	0.887946	1.33179	1.33179	0.887946	0.887946	1.77547	0.887946	0.444	0.444	0.887946	1.33179	0.444	0.887946	1.33179	0.887946	0.444	0.444	0.444	0.444	0.887946	0.444	0.444	0.444	0.887946	0.887946	0.444	0.444	0	0.444	0.444	0	0	0.444	0.887946	0.444	0	0	0.444	0.444	0	0.444	0.444	0	0	0.444	0.444	0.444	0.444	0	0.444	0.444	0	0	0	0.444	0.444	0	0	0	0	0	0	0	0	0	0	0	0.444	0.444	0	0	0.444	0.444	0	0.444	0.444	0.444	0.444	0	0	0.444	0.444	0	0	0	0.444	0.444	0.444	0.444	0	0.444	0.444	0	0	0.444	0.444	0	0	0.444	0.444	0	0	0	0.444	0.444	0	0	0.444	0.444	0	0	0	0.444	0.444	0	0	0	0.444	0.444	0.444	0.444	0	0.444	0.444	0	0	0.444	0.444	0.444	0.444	0	0.444	0.444	0.444	0.444	0.444	0.887946	0.444	0.444	0.887946	0.887946	0.444	0.444	0.444	0.444	0.887946	0.444	0.887946	1.33179	1.33179	0.887946	0.444	0.444	0.444	1.33179	0.887946	0.444	1.33179	0.887946	0.887946	1.33179	0.444	0.887946	1.77547	0.887946	0.444	1.33179	0.887946	0.887946	0.887946	0.887946	1.77547	1.77547	0.887946	0.887946	1.77547	0.887946	0.887946	0.887946	1.33179	1.33179	0.887946	0.887946	0.887946	1.77547	0.887946	0.887946	0.887946	0.887946	1.33179	1.33179	0.887946	0.887946	1.77547	0.887946	0.444	0.444	0.887946	1.33179	0.444	0.887946	1.33179	1.33179	0.887946	0.444	0.444	0.444	1.33179	0.887946	0.444	0.444	1.33179	1.33179	0.444	0.444	0.444	0.887946
0	0	0.443959	0.443959	0	0	0	0	0.443959	0.443959	0	0.443959	0.887864	0.443959	0.443959	0.443959	0.443959	0.887864	0.443959	0.443959	0.887864	0.887864	0.443959	0.443959	0.443959	0.887864	1.33166	0.443959	0.887864	0.887864	1.33166	1.33166	0.443959	0.443959	0.887864	1.33166	0.443959	0.887864	0.887864	0.887864	1.33166	1.33166	0.887864	0.887864	1.7753	0.887864	0.443959	0.443959	0.887864	1.33166	0.443959	0.887864	1.33166	0.887864	0.443959	0.443959	0.443959	0.443959	0.887864	0.443959	0.443959	0.443959	0.887864	0.887864	0.443959	0.443959	0	0.443959	0.443959	0	0	0.443959	0.887864	0.443959	0	0	0.443959	0.443959	0	0.443959	0.443959	0	0	0.443959	0.443959	0.443959	0.443959	0	0.443959	0.443959	0	0	0	0.443959	0.443959	0	0	0	0	0	0	0	0	0	0	0	0.443959	0.443959	0	0	0.443959	0.443959	0	0.443959	0.443959	0.443959	0.443959	0	0	0.443959	0.443959	0	0	0	0.443959	0.443959	0.443959	0.443959	0	0.443959	0.443959	0	0	0.443959	0.443959	0	0	0.443959	0.443959	0	0	0	0.443959	0.443959	0	0	0.443959	0.443959	0	0	0	0.443959	0.443959	0	0	0	0.443959	0.443959	0.443959	0.443959	0	0.443959	0.443959	0	0	0.443959	0.443959	0.443959	0.443959	0	0.443959	0.443959	0.443959	0.443959	0.443959	0.887864	0.443959	0.443959	0.887864	0.887864	0.443959	0.443959	0.443959	0.443959	0.887864	0.443959	0.887864	1.33166	1.33166	0.887864	0.443959	0.443959	0.443959	1.33166	0.887864	0.443959	1.33166	0.887864	0.887864	1.33166	0.443959	0.887864	1.7753	0.887864	0.443959	1.33166	0.887864	0.887864	0.887864	0.887864	1.7753	1.7753	0.887864	0.887864	1.7753	0.887864	0.887864	0.887864	1.33166	1.33166	0.887864	0.887864	0.887864	1.7753	0.887864	0.887864	0.887864	0.887864	1.33166	1.33166	0.887864	0.887864	1.7753	0.887864	0.443959	0.443959	0.887864	1.33166	0.443959	0.887864	1.33166	1.33166	0.887864	0.443959	0.443959	0.443959	1.33166	0.887864	0.443959	0.443959	1.33166	1.33166	0.443959	0.443959	0.443959	0.887864
0	0	0.44391	0.44391	0	0	0	0	0.44391	0.44391	0	0.44391	0.887768	0.44391	0.44391	0.44391	0.44391	0.887768	0.44391	0.44391	0.887768	0.887768	0.44391	0.44391	0.44391	0.887768	1.33152	0.44391	0.887768	0.887768	1.33152	1.33152	0.44391	0.44391	0.887768	1.33152	0.44391	0.887768	0.887768	0.887768	1.33152	1.33152	0.887768	0.887768	1.77511	0.887768	0.44391	0.44391	0.887768	1.33152	0.44391	0.887768	1.33152	0.887768	0.44391	0.44391	0.44391	0.44391	0.887768	0.44391	0.44391	0.44391	0.887768	0.887768	0.44391	0.44391	0	0.44391	0.44391	0	0	0.44391	0.887768	0.44391	0	0	0.44391	0.44391	0	0.44391	0.44391	0	0	0.44391	0.44391	0.44391	0.44391	0	0.44391	0.44391	0	0	0	0.44391	0.44391	0	0	0	0	0	0	0	0	0	0	0	0.44391	0.44391	0	0	0.44391	0.44391	0	0.44391	0.44391	0.44391	0.44391	0	0	0.44391	0.44391	0	0	0	0.44391	0.44391	0.44391	0.44391	0	0.44391	0.44391	0	0	0.44391	0.44391	0	0	0.44391	0.44391	0	0	0	0.44391	0.44391	0	0	0.44391	0.44391	0	0	0	0.44391	0.44391	0	0	0	0.44391	0.44391	0.44391	0.44391	0	0.44391	0.44391	0	0	0.44391	0.44391	0.44391	0.44391	0	0.44391	0.44391	0.44391	0.44391	0.44391	0.887768	0.44391	0.44391	0.887768	0.887768	0.44391	0.44391	0.44391	0.44391	0.887768	0.44391	0.887768	1.33152	1.33152	0.887768	0.44391	0.44391	0.44391	1.33152	0.887768	0.44391	1.33152	0.887768	0.887768	1.33152	0.44391	0.887768	1.77511	0.887768	0.44391	1.33152	0.887768	0.887768	0.887768	0.887768	1.77511	1.77511	0.887768	0.887768	1.77511	0.887768	0.887768	0.887768	1.33152	1.33152	0.887768	0.887768	0.887768	1.77511	0.887768	0.887768	0.887768	0.887768	1.33152	1.33152	0.887768	0.887768	1.77511	0.887768	0.44391	0.44391	0.887768	1.33152	0.44391	0.887768	1.33152	1.33152	0.887768	0.44391	0.44391	0.44391	1.33152	0.887768	0.44391	0.44391	1.33152	1.33152	0.44391	0.44391	0.44391	0.887768
0	0	0.350915	0.470811	0.443904	0.350936	0.15694	0	0.350915	0.496266	0.15694	0.443869	0.784625	0.470811	0.627738	0.627738	0.627738	0.954533	0.845113	0.992504	1.25532	1.25532	0.992504	0.954557	0.784654	0.954533	1.44659	0.992504	1.25532	1.25532	1.57682	1.72583	1.34069	1.14242	1.2651	1.73293	1.14242	1.25532	1.25532	1.2651	1.73293	1.75408	1.25532	1.25532	1.94047	1.44664	1.34069	1.14242	1.25532	1.60005	0.992504	1.2651	1.72583	1.60009	1.40348	1.34069	1.14242	0.992504	1.25532	0.992504	0.992504	0.992504	1.25532	1.25532	0.992504	0.992504	0.784683	0.784654	0.627738	0.350936	0.15694	0.443869	0.784625	0.496266	0.15694	0.15694	0.647044	0.627738	0.443904	0.627738	0.627738	0.565859	0.784683	0.992504	0.992504	0.992504	0.992504	1.00485	1.19508	1.0527	1.00485	1.22561	1.3315	1.40348	1.54536	1.66789	1.77508	1.8892	2.11055	2.21845	2.21845	2.33189	2.55322	2.7745	2.99573	3.10435	3.01207	2.79214	2.7745	2.99573	3.01207	2.79214	2.66156	2.69821	2.69821	2.57238	2.35287	2.21845	2.21845	2.13372	2.04546	2.11055	2.21845	2.21845	2.13372	1.91506	1.82967	1.82967	1.77508	1.69714	1.4803	1.3315	1.3315	1.26513	1.0527	0.887754	0.887754	0.845113	0.800203	0.784683	0.887754	0.887754	0.845113	0.647067	0.443904	0.565859	0.800203	0.647067	0.443904	0.565859	0.784683	0.845113	0.647067	0.443904	0.565859	0.784683	0.992504	0.992504	0.992504	0.992504	0.887754	0.992504	0.992504	0.887754	0.887754	0.992504	1.14242	1.34069	1.40348	1.44667	1.75416	1.82967	1.82967	1.82967	1.82967	1.98441	1.82967	1.69714	1.6381	1.60009	1.40348	1.54536	1.75416	1.82967	1.98441	1.82967	1.98441	2.21839	2.06336	1.6381	1.54536	1.75416	1.82967	2.21839	1.98441	1.82967	2.21839	1.98441	1.98441	2.21839	1.82967	1.98441	2.35279	1.6381	1.54536	2.2017	1.98441	1.98441	1.98441	1.98441	2.50944	2.50944	1.98441	1.98441	2.50944	1.98441	1.98441	1.98441	2.37361	2.55315	2.38913	2.38913	2.38913	2.84001	2.38913	2.38913	2.38913	2.38913	2.73881	2.9294	2.80528	2.80528	3.04442	2.45508	2.39428	2.6103	2.66615	2.77887	2.6103	2.80528	2.97513	2.97513	2.80528	2.69821	2.69821	2.82709	3.17463	2.87872	2.69821	2.69821	2.82706	2.62902	2.26234	2.26234	2.26234	2.38913
0	0	0.156926	0.350904	0.443862	0.470768	0.350882	0	0.156926	0.49622	0.350882	0.443828	0.565766	0.350904	0.627679	0.627679	0.627679	0.784581	0.784611	0.992411	1.25521	1.25521	0.992411	1.09835	0.954444	0.784581	1.26496	0.992411	1.25521	1.25521	1.41205	1.5767	1.4465	1.26499	1.14231	1.73276	1.26499	1.25521	1.25521	1.14231	1.73276	1.94029	1.25521	1.25521	1.75391	1.34057	1.4465	1.26499	1.25521	1.5999	0.992411	1.14231	1.5767	1.59995	1.40335	1.4465	1.26499	0.992411	1.25521	0.992411	0.992411	0.992411	1.25521	1.25521	0.992411	0.992411	0.845034	0.954444	0.627679	0.470768	0.350882	0.443828	0.565766	0.49622	0.350882	0.350882	0.844989	0.627679	0.443862	0.627679	0.627679	0.647007	0.845034	0.992411	0.992411	0.992411	0.992411	1.05261	1.19497	1.00475	1.05261	1.26502	1.33137	1.40335	1.63794	1.69698	1.77492	1.91488	2.13352	2.21825	2.21825	2.35266	2.57215	2.79188	3.01179	3.10406	2.99545	2.77424	2.79188	3.01179	2.99545	2.77424	2.66131	2.69796	2.69796	2.55298	2.33168	2.21825	2.21825	2.11035	2.04527	2.13352	2.21825	2.21825	2.11035	1.88903	1.8295	1.8295	1.77492	1.66774	1.44653	1.33137	1.33137	1.22549	1.00475	0.887671	0.887671	0.784611	0.800129	0.845034	0.887671	0.887671	0.784611	0.565807	0.443862	0.647007	0.800129	0.565807	0.443862	0.647007	0.845034	0.784611	0.565807	0.443862	0.647007	0.845034	0.992411	0.992411	0.992411	0.992411	0.887671	0.992411	0.992411	0.887671	0.887671	0.992411	1.26499	1.4465	1.40335	1.48016	1.83619	1.8295	1.8295	1.8295	1.8295	1.98423	1.8295	1.66774	1.54521	1.59995	1.40335	1.63794	1.83619	1.8295	1.98423	1.8295	1.98423	2.21819	1.94036	1.54521	1.63794	1.83619	1.8295	2.21819	1.98423	1.8295	2.21819	1.98423	1.98423	2.21819	1.8295	1.98423	2.20149	1.54521	1.63794	2.35257	1.98423	1.98423	1.98423	1.98423	2.50921	2.50921	1.98423	1.98423	2.50921	1.98423	1.98423	1.98423	2.51411	2.6842	2.38891	2.38891	2.38891	2.83975	2.38891	2.38891	2.38891	2.38891	2.86129	3.04413	2.80502	2.80502	2.92913	2.39406	2.45485	2.6659	2.61006	2.77862	2.6659	2.80502	2.97486	2.97486	2.80502	2.69796	2.69796	2.87845	3.17434	2.82683	2.69796	2.69796	2.73859	2.53363	2.26212	2.26212	2.26212	2.38891
0	0	0	0	0	0.443787	0.443787	0	0	0.443787	0.443787	0.443787	0.443787	0	0.443787	0.443787	0.443787	0.443787	0	0.443787	0.88752	0.88752	0.443787	0.88752	0.88752	0.443787	0.88752	0.443787	0.88752	0.88752	0.88752	0.88752	0.88752	0.88752	0.443787	1.33115	0.88752	0.88752	0.88752	0.443787	1.33115	1.77461	0.88752	0.88752	1.33115	0.443787	0.88752	0.88752	0.88752	1.33115	0.443787	0.443787	0.88752	0.88752	0.443787	0.88752	0.88752	0.443787	0.88752	0.443787	0.443787	0.443787	0.88752	0.88752	0.443787	0.443787	0.443787	0.88752	0.443787	0.443787	0.443787	0.443787	0.443787	0.443787	0.443787	0.443787	0.88752	0.443787	0	0.443787	0.443787	0.443787	0.443787	0.443787	0.443787	0.443787	0.443787	0.443787	0.443787	0	0.443787	0.443787	0	0.443787	0.88752	0.443787	0	0.443787	0.443787	0	0	0.443787	0.443787	0.443787	0.443787	0	0	0	0.443787	0.443787	0	0	0	0.443787	0.443787	0	0	0	0	0	0.443787	0.443787	0	0	0	0	0.443787	0.443787	0	0	0	0	0	0	0	0	0	0	0.443787	0.443787	0	0	0	0	0	0.443787	0.443787	0	0	0.443787	0.443787	0	0	0	0.443787	0.443787	0.443787	0.443787	0.443787	0.443787	0	0.443787	0.443787	0	0	0.443787	0.88752	0.88752	0.443787	0.443787	0.88752	0.443787	0.443787	0.443787	0.443787	0.88752	0.443787	0	0.443787	0.88752	0.443787	0.88752	0.88752	0.443787	0.88752	0.443787	0.88752	1.33115	0.88752	0.443787	0.88752	0.88752	0.443787	1.33115	0.88752	0.443787	1.33115	0.88752	0.88752	1.33115	0.443787	0.88752	1.33115	0.443787	0.88752	1.77461	0.88752	0.88752	0.88752	0.88752	1.77461	1.77461	0.88752	0.88752	1.77461	0.88752	0.88752	0.88752	1.77461	1.77461	0.88752	0.88752	0.88752	1.77461	0.88752	0.88752	0.88752	0.88752	1.77461	1.77461	0.88752	0.88752	1.33115	0.443787	0.88752	0.88752	0.443787	1.33115	0.88752	0.88752	1.33115	1.33115	0.88752	0.443787	0.443787	0.88752	1.33115	0.443787	0.443787	0.443787	0.88752	0.88752	0.443787	0.443787	0.443787	0.88752
0	0	0	0	0	0.443745	0.443745	0	0	0.443745	0.443745	0.443745	0.443745	0	0.443745	0.443745	0.443745	0.443745	0	0.443745	0.887438	0.887438	0.443745	0.887438	0.887438	0.443745	0.887438	0.443745	0.887438	0.887438	0.887438	0.887438	0.887438	0.887438	0.443745	1.33102	0.887438	0.887438	0.887438	0.443745	1.33102	1.77445	0.887438	0.887438	1.33102	0.443745	0.887438	0.887438	0.887438	1.33102	0.443745	0.443745	0.887438	0.887438	0.443745	0.887438	0.887438	0.443745	0.887438	0.443745	0.443745	0.443745	0.887438	0.887438	0.443745	0.443745	0.443745	0.887438	0.443745	0.443745	0.443745	0.443745	0.443745	0.443745	0.443745	0.443745	0.887438	0.443745	0	0.443745	0.443745	0.443745	0.443745	0.443745	0.443745	0.443745	0.443745	0.443745	0.443745	0	0.443745	0.443745	0	0.443745	0.887438	0.443745	0	0.443745	0.443745	0	0	0.443745	0.443745	0.443745	0.443745	0	0	0	0.443745	0.443745	0	0	0	0.443745	0.443745	0	0	0	0	0	0.443745	0.443745	0	0	0	0	0.443745	0.443745	0	0	0	0	0	0	0	0	0	0	0.443745	0.443745	0	0	0	0	0	0.443745	0.443745	0	0	0.443745	0.443745	0	0	0	0.443745	0.443745	0.443745	0.443745	0.443745	0.443745	0	0.443745	0.443745	0	0	0.443745	0.887438	0.887438	0.443745	0.443745	0.887438	0.443745	0.443745	0.443745	0.443745	0.887438	0.443745	0	0.443745	0.887438	0.443745	0.887438	0.887438	0.443745	0.887438	0.443745	0.887438	1.33102	0.887438	0.443745	0.887438	0.887438	0.443745	1.33102	0.887438	0.443745	1.33102	0.887438	0.887438	1.33102	0.443745	0.887438	1.33102	0.443745	0.887438	1.77445	0.887438	0.887438	0.887438	0.887438	1.77445	1.77445	0.887438	0.887438	1.77445	0.887438	0.887438	0.887438	1.77445	1.77445	0.887438	0.887438	0.887438	1.77445	0.887438	0.887438	0.887438	0.887438	1.77445	1.77445	0.887438	0.887438	1.33102	0.443745	0.887438	0.887438	0.443745	1.33102	0.887438	0.887438	1.33102	1.33102	0.887438	0.443745	0.443745	0.887438	1.33102	0.443745	0.443745	0.443745	0.887438	0.887438	0.443745	0.443745	0.443745	0.887438
0	0	0	0	0	0.443704	0.443704	0	0	0.443704	0.443704	0.443704	0.443704	0	0.443704	0.443704	0.443704	0.443704	0	0.443704	0.887355	0.887355	0.443704	0.887355	0.887355	0.443704	0.887355	0.443704	0.887355	0.887355	0.887355	0.887355	0.887355	0.887355	0.443704	1.3309	0.887355	0.887355	0.887355	0.443704	1.3309	1.77428	0.887355	0.887355	1.3309	0.443704	0.887355	0.887355	0.887355	1.3309	0.443704	0.443704	0.887355	0.887355	0.443704	0.887355	0.887355	0.443704	0.887355	0.443704	0.443704	0.443704	0.887355	0.887355	0.443704	0.443704	0.443704	0.887355	0.443704	0.443704	0.443704	0.443704	0.443704	0.443704	0.443704	0.443704	0.887355	0.443704	0	0.443704	0.443704	0.443704	0.443704	0.443704	0.443704	0.443704	0.443704	0.443704	0.443704	0	0.443704	0.443704	0	0.443704	0.887355	0.443704	0	0.443704	0.443704	0	0	0.443704	0.443704	0.443704	0.443704	0	0	0	0.443704	0.443704	0	0	0	0.443704	0.443704	0	0	0	0	0	0.443704	0.443704	0	0	0	0	0.443704	0.443704	0	0	0	0	0	0	0	0	0	0	0.443704	0.443704	0	0	0	0	0	0.443704	0.443704	0	0	0.443704	0.443704	0	0	0	0.443704	0.443704	0.443704	0.443704	0.443704	0.443704	0	0.443704	0.443704	0	0	0.443704	0.887355	0.887355	0.443704	0.443704	0.887355	0.443704	0.443704	0.443704	0.443704	0.887355	0.443704	0	0.443704	0.887355	0.443704	0.887355	0.887355	0.443704	0.887355	0.443704	0.887355	1.3309	0.887355	0.443704	0.887355	0.887355	0.443704	1.3309	0.887355	0.443704	1.3309	0.887355	0.887355	1.3309	0.443704	0.887355	1.3309	0.443704	0.887355	1.77428	0.887355	0.887355	0.887355	0.887355	1.77428	1.77428	0.887355	0.887355	1.77428	0.887355	0.887355	0.887355	1.77428	1.77428	0.887355	0.887355	0.887355	1.77428	0.887355	0.887355	0.887355	0.887355	1.77428	1.77428	0.887355	0.887355	1.3309	0.443704	0.887355	0.887355	0.443704	1.3309	0.887355	0.887355	1.3309	1.3309	0.887355	0.443704	0.443704	0.887355	1.3309	0.443704	0.443704	0.443704	0.887355	0.887355	0.443704	0.443704	0.443704	0.887355
0	0	0	0	0	0.443663	0.443663	0	0	0.443663	0.443663	0.443663	0.443663	0	0.443663	0.443663	0.443663	0.443663	0	0.443663	0.887273	0.887273	0.443663	0.887273	0.887273	0.443663	0.887273	0.443663	0.887273	0.887273	0.887273	0.887273	0.887273	0.887273	0.443663	1.33078	0.887273	0.887273	0.887273	0.443663	1.33078	1.77412	0.887273	0.887273	1.33078	0.443663	0.887273	0.887273	0.887273	1.33078	0.443663	0.443663	0.887273	0.887273	0.443663	0.887273	0.887273	0.443663	0.887273	0.443663	0.443663	0.443663	0.887273	0.887273	0.443663	0.443663	0.443663	0.887273	0.443663	0.443663	0.443663	0.443663	0.443663	0.443663	0.443663	0.443663	0.887273	0.443663	0	0.443663	0.443663	0.443663	0.443663	0.443663	0.443663	0.443663	0.443663	0.443663	0.443663	0	0.443663	0.443663	0	0.443663	0.887273	0.443663	0	0.443663	0.443663	0	0	0.443663	0.443663	0.443663	0.443663	0	0	0	0.443663	0.443663	0	0	0	0.443663	0.443663	0	0	0	0	0	0.443663	0.443663	0	0	0	0	0.443663	0.443663	0	0	0	0	0	0	0	0	0	0	0.443663	0.443663	0	0	0	0	0	0.443663	0.443663	0	0	0.443663	0.443663	0	0	0	0.443663	0.443663	0.443663	0.443663	0.443663	0.443663	0	0.443663	0.443663	0	0	0.443663	0.887273	0.887273	0.443663	0.443663	0.887273	0.443663	0.443663	0.443663	0.443663	0.887273	0.443663	0	0.443663	0.887273	0.443663	0.887273	0.887273	0.443663	0.887273	0.443663	0.887273	1.33078	0.887273	0.443663	0.887273	0.887273	0.443663	1.33078	0.887273	0.443663	1.33078	0.887273	0.887273	1.33078	0.443663	0.887273	1.33078	0.443663	0.887273	1.77412	0.887273	0.887273	0.887273	0.887273	1.77412	1.77412	0.887273	0.887273	1.77412	0.887273	0.887273	0.887273	1.77412	1.77412	0.887273	0.887273	0.887273	1.77412	0.887273	0.887273	0.887273	0.887273	1.77412	1.77412	0.887273	0.887273	1.33078	0.443663	0.887273	0.887273	0.443663	1.33078	0.887273	0.887273	1.33078	1.33078	0.887273	0.443663	0.443663	0.887273	1.33078	0.443663	0.443663	0.443663	0.887273	0.887273	0.443663	0.443663	0.443663	0.887273
0	0	0	0	0	0.443615	0.443615	0	0	0.443615	0.443615	0.443615	0.443615	0	0.443615	0.443615	0.443615	0.443615	0	0.443615	0.887177	0.887177	0.443615	0.887177	0.887177	0.443615	0.887177	0.443615	0.887177	0.887177	0.887177	0.887177	0.887177	0.887177	0.443615	1.33063	0.887177	0.887177	0.887177	0.443615	1.33063	1.77393	0.887177	0.887177	1.33063	0.443615	0.887177	0.887177	0.887177	1.33063	0.443615	0.443615	0.887177	0.887177	0.443615	0.887177	0.887177	0.443615	0.887177	0.443615	0.443615	0.443615	0.887177	0.887177	0.443615	0.443615	0.443615	0.887177	0.443615	0.443615	0.443615	0.443615	0.443615	0.443615	0.443615	0.443615	0.887177	0.443615	0	0.443615	0.443615	0.443615	0.443615	0.443615	0.443615	0.443615	0.443615	0.443615	0.443615	0	0.443615	0.443615	0	0.443615	0.887177	0.443615	0	0.443615	0.443615	0	0	0.443615	0.443615	0.443615	0.443615	0	0	0	0.443615	0.443615	0	0	0	0.443615	0.443615	0	0	0	0	0	0.443615	0.443615	0	0	0	0	0.443615	0.443615	0	0	0	0	0	0	0	0	0	0	0.443615	0.443615	0	0	0	0	0	0.443615	0.443615	0	0	0.443615	0.443615	0	0	0	0.443615	0.443615	0.443615	0.443615	0.443615	0.443615	0	0.443615	0.443615	0	0	0.443615	0.887177	0.887177	0.443615	0.443615	0.887177	0.443615	0.443615	0.443615	0.443615	0.887177	0.443615	0	0.443615	0.887177	0.443615	0.887177	0.887177	0.443615	0.887177	0.443615	0.887177	1.33063	0.887177	0.443615	0.887177	0.887177	0.443615	1.33063	0.887177	0.443615	1.33063	0.887177	0.887177	1.33063	0.443615	0.887177	1.33063	0.443615	0.887177	1.77393	0.887177	0.887177	0.887177	0.887177	1.77393	1.77393	0.887177	0.887177	1.77393	0.887177	0.887177	0.887177	1.77393	1.77393	0.887177	0.887177	0.887177	1.77393	0.887177	0.887177	0.887177	0.887177	1.77393	1.77393	0.887177	0.887177	1.33063	0.443615	0.887177	0.887177	0.443615	1.33063	0.887177	0.887177	1.33063	1.33063	0.887177	0.443615	0.443615	0.887177	1.33063	0.443615	0.443615	0.443615	0.887177	0.887177	0.443615	0.443615	0.443615	0.887177
0	0	0	0	0	0.443574	0.443574	0	0	0.443574	0.443574	0.443574	0.443574	0	0.443574	0.443574	0.443574	0.443574	0	0.443574	0.887094	0.887094	0.443574	0.887094	0.887094	0.443574	0.887094	0.443574	0.887094	0.887094	0.887094	0.887094	0.887094	0.887094	0.443574	1.33051	0.887094	0.887094	0.887094	0.443574	1.33051	1.77376	0.887094	0.887094	1.33051	0.443574	0.887094	0.887094	0.887094	1.33051	0.443574	0.443574	0.887094	0.887094	0.443574	0.887094	0.887094	0.443574	0.887094	0.443574	0.443574	0.443574	0.887094	0.887094	0.443574	0.443574	0.443574	0.887094	0.443574	0.443574	0.443574	0.443574	0.443574	0.443574	0.443574	0.443574	0.887094	0.443574	0	0.443574	0.443574	0.443574	0.443574	0.443574	0.443574	0.443574	0.443574	0.443574	0.443574	0	0.443574	0.443574	0	0.443574	0.887094	0.443574	0	0.443574	0.443574	0	0	0.443574	0.443574	0.443574	0.443574	0	0	0	0.443574	0.443574	0	0	0	0.443574	0.443574	0	0	0	0	0	0.443574	0.443574	0	0	0	0	0.443574	0.443574	0	0	0	0	0	0	0	0	0	0	0.443574	0.443574	0	0	0	0	0	0.443574	0.443574	0	0	0.443574	0.443574	0	0	0	0.443574	0.443574	0.443574	0.443574	0.443574	0.443574	0	0.443574	0.443574	0	0	0.443574	0.887094	0.887094	0.443574	0.443574	0.887094	0.443574	0.443574	0.443574	0.443574	0.887094	0.443574	0	0.443574	0.887094	0.443574	0.887094	0.887094	0.443574	0.887094	0.443574	0.887094	1.33051	0.887094	0.443574	0.887094	0.887094	0.443574	1.33051	0.887094	0.443574	1.33051	0.887094	0.887094	1.33051	0.443574	0.887094	1.33051	0.443574	0.887094	1.77376	0.887094	0.887094	0.887094	0.887094	1.77376	1.77376	0.887094	0.887094	1.77376	0.887094	0.887094	0.887094	1.77376	1.77376	0.887094	0.887094	0.887094	1.77376	0.887094	0.887094	0.887094	0.887094	1.77376	1.77376	0.887094	0.887094	1.33051	0.443574	0.887094	0.887094	0.443574	1.33051	0.887094	0.887094	1.33051	1.33051	0.887094	0.443574	0.443574	0.887094	1.33051	0.443574	0.443574	0.443574	0.887094	0.887094	0.443574	0.443574	0.443574	0.887094
0	0	0	0	0	0.443532	0.443532	0	0	0.443532	0.443532	0.443532	0.443532	0	0.443532	0.443532	0.443532	0.443532	0	0.443532	0.887012	0.887012	0.443532	0.887012	0.887012	0.443532	0.887012	0.443532	0.887012	0.887012	0.887012	0.887012	0.887012	0.887012	0.443532	1.33038	0.887012	0.887012	0.887012	0.443532	1.33038	1.7736	0.887012	0.887012	1.33038	0.443532	0.887012	0.887012	0.887012	1.33038	0.443532	0.443532	0.887012	0.887012	0.443532	0.887012	0.887012	0.443532	0.887012	0.443532	0.443532	0.443532	0.887012	0.887012	0.443532	0.443532	0.443532	0.887012	0.443532	0.443532	0.443532	0.443532	0.443532	0.443532	0.443532	0.443532	0.887012	0.443532	0	0.443532	0.443532	0.443532	0.443532	0.443532	0.443532	0.443532	0.443532	0.443532	0.443532	0	0.443532	0.443532	0	0.443532	0.887012	0.443532	0	0.443532	0.443532	0	0	0.443532	0.443532	0.443532	0.443532	0	0	0	0.443532	0.443532	0	0	0	0.443532	0.443532	0	0	0	0	0	0.443532	0.443532	0	0	0	0	0.443532	0.443532	0	0	0	0	0	0	0	0	0	0	0.443532	0.443532	0	0	0	0	0	0.443532	0.443532	0	0	0.443532	0.443532	0	0	0	0.443532	0.443532	0.443532	0.443532	0.443532	0.443532	0	0.443532	0.443532	0	0	0.443532	0.887012	0.887012	0.443532	0.443532	0.887012	0.443532	0.443532	0.443532	0.443532	0.887012	0.443532	0	0.443532	0.887012	0.443532	0.887012	0.887012	0.443532	0.887012	0.443532	0.887012	1.33038	0.887012	0.443532	0.887012	0.887012	0.443532	1.33038	0.887012	0.443532	1.33038	0.887012	0.887012	1.33038	0.443532	0.887012	1.33038	0.443532	0.887012	1.7736	0.887012	0.887012	0.887012	0.887012	1.7736	1.7736	0.887012	0.887012	1.7736	0.887012	0.887012	0.887012	1.7736	1.7736	0.887012	0.887012	0.887012	1.7736	0.887012	0.887012	0.887012	0.887012	1.7736	1.7736	0.887012	0.887012	1.33038	0.443532	0.887012	0.887012	0.443532	1.33038	0.887012	0.887012	1.33038	1.33038	0.887012	0.443532	0.443532	0.887012	1.33038	0.443532	0.443532	0.443532	0.887012	0.887012	0.443532	0.443532	0.443532	0.887012
0	0	0	0	0	0.443491	0.443491	0	0	0.443491	0.443491	0.443491	0.443491	0	0.443491	0.443491	0.443491	0.443491	0	0.443491	0.886929	0.886929	0.443491	0.886929	0.886929	0.443491	0.886929	0.443491	0.886929	0.886929	0.886929	0.886929	0.886929	0.886929	0.443491	1.33026	0.886929	0.886929	0.886929	0.443491	1.33026	1.77343	0.886929	0.886929	1.33026	0.443491	0.886929	0.886929	0.886929	1.33026	0.443491	0.443491	0.886929	0.886929	0.443491	0.886929	0.886929	0.443491	0.886929	0.443491	0.443491	0.443491	0.886929	0.886929	0.443491	0.443491	0.443491	0.886929	0.443491	0.443491	0.443491	0.443491	0.443491	0.443491	0.443491	0.443491	0.886929	0.443491	0	0.443491	0.443491	0.443491	0.443491	0.443491	0.443491	0.443491	0.443491	0.443491	0.443491	0	0.443491	0.443491	0	0.443491	0.886929	0.443491	0	0.443491	0.443491	0	0	0.443491	0.443491	0.443491	0.443491	0	0	0	0.443491	0.443491	0	0	0	0.443491	0.443491	0	0	0	0	0	0.443491	0.443491	0	0	0	0	0.443491	0.443491	0	0	0	0	0	0	0	0	0	0	0.443491	0.443491	0	0	0	0	0	0.443491	0.443491	0	0	0.443491	0.443491	0	0	0	0.443491	0.443491	0.443491	0.443491	0.443491	0.443491	0	0.443491	0.443491	0	0	0.443491	0.886929	0.886929	0.443491	0.443491	0.886929	0.443491	0.443491	0.443491	0.443491	0.886929	0.443491	0	0.443491	0.886929	0.443491	0.886929	0.886929	0.443491	0.886929	0.443491	0.886929	1.33026	0.886929	0.443491	0.886929	0.886929	0.443491	1.33026	0.886929	0.443491	1.33026	0.886929	0.886929	1.33026	0.443491	0.886929	1.33026	0.443491	0.886929	1.77343	0.886929	0.886929	0.886929	0.886929	1.77343	1.77343	0.886929	0.886929	1.77343	0.886929	0.886929	0.886929	1.77343	1.77343	0.886929	0.886929	0.886929	1.77343	0.886929	0.886929	0.886929	0.886929	1.77343	1.77343	0.886929	0.886929	1.33026	0.443491	0.886929	0.886929	0.443491	1.33026	0.886929	0.886929	1.33026	1.33026	0.886929	0.443491	0.443491	0.886929	1.33026	0.443491	0.443491	0.443491	0.886929	0.886929	0.443491	0.443491	0.443491	0.886929
0	0	0	0	0	0.44345	0.44345	0	0	0.44345	0.44345	0.44345	0.44345	0	0.44345	0.44345	0.44345	0.44345	0	0.44345	0.886847	0.886847	0.44345	0.886847	0.886847	0.44345	0.886847	0.44345	0.886847	0.886847	0.886847	0.886847	0.886847	0.886847	0.44345	1.33014	0.886847	0.886847	0.886847	0.44345	1.33014	1.77327	0.886847	0.886847	1.33014	0.44345	0.886847	0.886847	0.886847	1.33014	0.44345	0.44345	0.886847	0.886847	0.44345	0.886847	0.886847	0.44345	0.886847	0.44345	0.44345	0.44345	0.886847	0.886847	0.44345	0.44345	0.44345	0.886847	0.44345	0.44345	0.44345	0.44345	0.44345	0.44345	0.44345	0.44345	0.886847	0.44345	0	0.44345	0.44345	0.44345	0.44345	0.44345	0.44345	0.44345	0.44345	0.44345	0.44345	0	0.44345	0.44345	0	0.44345	0.886847	0.44345	0	0.44345	0.44345	0	0	0.44345	0.44345	0.44345	0.44345	0	0	0	0.44345	0.44345	0	0	0	0.44345	0.44345	0	0	0	0	0	0.44345	0.44345	0	0	0	0	0.44345	0.44345	0	0	0	0	0	0	0	0	0	0	0.44345	0.44345	0	0	0	0	0	0.44345	0.44345	0	0	0.44345	0.44345	0	0	0	0.44345	0.44345	0.44345	0.44345	0.44345	0.44345	0	0.44345	0.44345	0	0	0.44345	0.886847	0.886847	0.44345	0.44345	0.886847	0.44345	0.44345	0.44345	0.44345	0.886847	0.44345	0	0.44345	0.886847	0.44345	0.886847	0.886847	0.44345	0.886847	0.44345	0.886847	1.33014	0.886847	0.44345	0.886847	0.886847	0.44345	1.33014	0.886847	0.44345	1.33014	0.886847	0.886847	1.33014	0.44345	0.886847	1.33014	0.44345	0.886847	1.77327	0.886847	0.886847	0.886847	0.886847	1.77327	1.77327	0.886847	0.886847	1.77327	0.886847	0.886847	0.886847	1.77327	1.77327	0.886847	0.886847	0.886847	1.77327	0.886847	0.886847	0.886847	0.886847	1.77327	1.77327	0.886847	0.886847	1.33014	0.44345	0.886847	0.886847	0.44345	1.33014	0.886847	0.886847	1.33014	1.33014	0.886847	0.44345	0.44345	0.886847	1.33014	0.44345	0.44345	0.44345	0.886847	0.886847	0.44345	0.44345	0.44345	0.886847
0	0	0	0	0	0.443409	0.443409	0	0	0.443409	0.443409	0.443409	0.443409	0	0.443409	0.443409	0.443409	0.443409	0	0.443409	0.886765	0.886765	0.443409	0.886765	0.886765	0.443409	0.886765	0.443409	0.886765	0.886765	0.886765	0.886765	0.886765	0.886765	0.443409	1.33001	0.886765	0.886765	0.886765	0.443409	1.33001	1.7731	0.886765	0.886765	1.33001	0.443409	0.886765	0.886765	0.886765	1.33001	0.443409	0.443409	0.886765	0.886765	0.443409	0.886765	0.886765	0.443409	0.886765	0.443409	0.443409	0.443409	0.886765	0.886765	0.443409	0.443409	0.443409	0.886765	0.443409	0.443409	0.443409	0.443409	0.443409	0.443409	0.443409	0.443409	0.886765	0.443409	0	0.443409	0.443409	0.443409	0.443409	0.443409	0.443409	0.443409	0.443409	0.443409	0.443409	0	0.443409	0.443409	0	0.443409	0.886765	0.443409	0	0.443409	0.443409	0	0	0.443409	0.443409	0.443409	0.443409	0	0	0	0.443409	0.443409	0	0	0	0.443409	0.443409	0	0	0	0	0	0.443409	0.443409	0	0	0	0	0.443409	0.443409	0	0	0	0	0	0	0	0	0	0	0.443409	0.443409	0	0	0	0	0	0.443409	0.443409	0	0	0.443409	0.443409	0	0	0	0.443409	0.443409	0.443409	0.443409	0.443409	0.443409	0	0.443409	0.443409	0	0	0.443409	0.886765	0.886765	0.443409	0.443409	0.886765	0.443409	0.443409	0.443409	0.443409	0.886765	0.443409	0	0.443409	0.886765	0.443409	0.886765	0.886765	0.443409	0.886765	0.443409	0.886765	1.33001	0.886765	0.443409	0.886765	0.886765	0.443409	1.33001	0.886765	0.443409	1.33001	0.886765	0.886765	1.33001	0.443409	0.886765	1.33001	0.443409	0.886765	1.7731	0.886765	0.886765	0.886765	0.886765	1.7731	1.7731	0.886765	0.886765	1.7731	0.886765	0.886765	0.886765	1.7731	1.7731	0.886765	0.886765	0.886765	1.7731	0.886765	0.886765	0.886765	0.886765	1.7731	1.7731	0.886765	0.886765	1.33001	0.443409	0.886765	0.886765	0.443409	1.33001	0.886765	0.886765	1.33001	1.33001	0.886765	0.443409	0.443409	0.886765	1.33001	0.443409	0.443409	0.443409	0.886765	0.886765	0.443409	0.443409	0.443409	0.886765
0.156761	0	0	0	0	0.350513	0.470272	0.350535	0.221684	0.495698	0.350513	0.443361	0.443361	0	0.443361	0.443361	0.443361	0.443361	0	0.443361	0.886669	0.886669	0.443361	0.783727	0.8441	0.627019	1.05143	0.565171	0.783727	0.8441	0.991321	0.991321	0.991321	0.991321	0.627019	1.40179	0.991321	0.95344	1.09719	0.953463	1.4868	1.83417	1.25389	1.25389	1.59822	0.991367	1.26365	1.44498	1.59826	1.88046	1.40188	1.40188	1.57504	1.41056	0.991367	1.26365	1.44498	1.33916	1.41056	0.991367	0.991367	0.991367	1.25389	1.25389	0.991367	0.991367	0.991367	1.26365	1.26368	1.40188	1.40188	1.40188	1.29249	0.940481	0.627019	0.627019	0.991321	0.627019	0.350535	0.565171	0.443361	0.565171	0.646303	0.627019	0.783756	0.799287	0.646326	0.627019	0.783756	0.783785	0.991367	0.991367	1.00369	1.19372	1.26365	0.991367	1.00369	1.33916	1.40188	1.32997	1.32997	1.40188	1.54359	1.61358	1.4786	1.44501	1.66599	1.77305	1.82757	1.82757	1.88704	2.10813	2.21591	2.13127	2.04312	2.10813	2.21591	2.21591	2.21591	2.32922	2.47715	2.35018	2.21591	2.21591	2.21591	2.21591	2.13127	1.91287	1.77305	1.77305	1.77305	1.77305	1.77305	1.77305	1.77305	1.77305	1.77305	1.77305	1.69519	1.4786	1.32997	1.32997	1.44501	1.66599	1.77305	1.69519	1.61358	1.66599	1.77305	1.69519	1.4786	1.44501	1.78684	2.10813	2.25975	2.25975	2.39154	2.60731	2.69513	2.69513	2.77133	2.91352	2.78895	2.77133	2.99231	3.13221	3.2246	3.2246	3.13221	3.13221	3.2246	3.13221	3.13221	3.13221	3.13221	3.2246	3.13221	3.21322	3.47651	3.65144	3.57021	3.51846	3.30332	3.25858	3.57361	3.57021	3.51846	3.43402	3.2246	3.13221	3.08892	2.87543	2.82386	3.31807	3.2246	3.13221	3.37292	3.2246	3.2246	3.37292	3.13221	3.2246	3.51843	3.47651	3.51846	3.61439	3.2246	3.2246	3.2246	3.2246	3.57014	3.57014	3.2246	3.2246	3.57014	3.2246	3.08892	2.87543	3.19404	3.19404	2.80208	2.80208	2.6631	2.85828	2.3864	2.3864	2.3864	2.3864	2.83677	2.68138	2.03709	1.98214	2.21585	1.82757	1.98214	1.98214	1.82757	2.21585	1.98214	1.98214	2.21585	2.21585	1.98214	1.82757	1.82757	1.83426	1.88698	1.40188	1.40188	1.40188	1.75212	1.93832	1.82757	1.82757	1.82757	1.98214
0.35048	0	0	0	0	0.156746	0.350502	0.470229	0.664963	0.495652	0.156746	0.44332	0.44332	0	0.44332	0.44332	0.44332	0.44332	0	0.44332	0.886586	0.886586	0.44332	0.565119	0.646243	0.62696	1.26348	0.783654	0.565119	0.646243	0.991229	0.991229	0.991229	0.991229	0.62696	1.40166	0.991229	0.783683	0.953375	1.09709	1.48666	1.636	1.25377	1.25377	1.59807	0.991275	1.141	1.33903	1.59811	1.88028	1.40175	1.40175	1.72369	1.57487	0.991275	1.141	1.33903	1.44485	1.57487	0.991275	0.991275	0.991275	1.25377	1.25377	0.991275	0.991275	0.991275	1.141	1.22409	1.40175	1.40175	1.40175	1.56707	1.29232	0.62696	0.62696	0.991229	0.62696	0.470229	0.783654	0.44332	0.783654	0.844021	0.62696	0.953351	0.799213	0.565159	0.62696	0.953351	0.844066	0.991275	0.991275	1.0514	1.19361	1.141	0.991275	1.0514	1.44485	1.40175	1.32985	1.32985	1.40175	1.63607	1.61343	1.44488	1.47847	1.69504	1.77289	1.8274	1.8274	1.91269	2.13108	2.21571	2.10794	2.04293	2.13108	2.21571	2.21571	2.21571	2.34996	2.47692	2.32901	2.21571	2.21571	2.21571	2.21571	2.10794	1.88687	1.77289	1.77289	1.77289	1.77289	1.77289	1.77289	1.77289	1.77289	1.77289	1.77289	1.66583	1.44488	1.32985	1.32985	1.47847	1.69504	1.77289	1.66583	1.61343	1.69504	1.77289	1.66583	1.44488	1.47847	1.89334	2.13108	2.25954	2.25954	2.45205	2.66286	2.69488	2.69488	2.78869	2.91325	2.77107	2.78869	3.00835	3.13192	3.2243	3.2243	3.13192	3.13192	3.2243	3.13192	3.13192	3.13192	3.13192	3.2243	3.13192	3.22811	3.51813	3.6511	3.56987	3.47619	3.25828	3.30302	3.64103	3.56987	3.47619	3.36173	3.2243	3.13192	3.04072	2.8236	2.87516	3.4194	3.2243	3.13192	3.37261	3.2243	3.2243	3.37261	3.13192	3.2243	3.61405	3.51813	3.47619	3.5181	3.2243	3.2243	3.2243	3.2243	3.56981	3.56981	3.2243	3.2243	3.56981	3.2243	3.04072	2.8236	3.19375	3.19375	2.80182	2.80182	2.60707	2.73542	2.38618	2.38618	2.38618	2.38618	2.8365	2.55	1.96332	1.98196	2.21565	1.8274	1.98196	1.98196	1.8274	2.21565	1.98196	1.98196	2.21565	2.21565	1.98196	1.8274	1.8274	1.75199	1.75196	1.40175	1.40175	1.40175	1.88681	2.06081	1.8274	1.8274	1.8274	1.98196
0.443279	0	0	0	0	0	0	0.443279	0.886504	0.443279	0	0.443279	0.443279	0	0.443279	0.443279	0.443279	0.443279	0	0.443279	0.886504	0.886504	0.443279	0.443279	0.443279	0.443279	1.32962	0.886504	0.443279	0.443279	0.886504	0.886504	0.886504	0.886504	0.443279	1.32962	0.886504	0.443279	0.443279	0.886504	1.32962	1.32962	0.886504	0.886504	1.32962	0.443279	0.443279	0.443279	0.886504	1.32962	0.443279	0.443279	1.32962	1.32962	0.443279	0.443279	0.443279	0.886504	1.32962	0.443279	0.443279	0.443279	0.886504	0.886504	0.443279	0.443279	0.443279	0.443279	0	0.443279	0.443279	0.443279	1.32962	1.32962	0.443279	0.443279	0.886504	0.443279	0.443279	0.886504	0.443279	0.886504	0.886504	0.443279	0.886504	0.443279	0	0.443279	0.886504	0.443279	0.443279	0.443279	0.443279	0.443279	0.443279	0.443279	0.443279	0.886504	0.443279	0	0	0.443279	0.886504	0.443279	0	0.443279	0.443279	0	0.443279	0.443279	0.443279	0.443279	0	0	0.443279	0.443279	0	0	0	0.443279	0.443279	0	0	0	0	0	0	0	0	0	0	0	0	0	0	0	0	0	0	0	0	0	0.443279	0.443279	0	0	0.443279	0.443279	0	0	0	0.443279	0.886504	0.443279	0.443279	0.443279	0.886504	0.886504	0.443279	0.443279	0.443279	0.443279	0	0.443279	0.443279	0.443279	0.886504	0.886504	0.443279	0.443279	0.886504	0.443279	0.443279	0.443279	0.443279	0.886504	0.443279	0.443279	0.886504	0.886504	0.443279	0.443279	0.443279	0.886504	1.32962	0.443279	0.443279	0.886504	0.886504	0.443279	0.443279	0.443279	0.886504	1.77258	0.886504	0.443279	1.32962	0.886504	0.886504	1.32962	0.443279	0.886504	1.77258	0.886504	0.443279	1.32962	0.886504	0.886504	0.886504	0.886504	1.77258	1.77258	0.886504	0.886504	1.77258	0.886504	0.443279	0.443279	1.77258	1.77258	0.886504	0.886504	0.443279	1.32962	0.886504	0.886504	0.886504	0.886504	1.77258	1.32962	0.443279	0.886504	1.32962	0.443279	0.886504	0.886504	0.443279	1.32962	0.886504	0.886504	1.32962	1.32962	0.886504	0.443279	0.443279	0.443279	0.886504	0.443279	0.443279	0.443279	1.32962	1.32962	0.443279	0.443279	0.443279	0.886504
0.443237	0	0	0	0	0	0	0.443237	0.886422	0.443237	0	0.443237	0.443237	0	0.443237	0.443237	0.443237	0.443237	0	0.443237	0.886422	0.886422	0.443237	0.443237	0.443237	0.443237	1.3295	0.886422	0.443237	0.443237	0.886422	0.886422	0.886422	0.886422	0.443237	1.3295	0.886422	0.443237	0.443237	0.886422	1.3295	1.3295	0.886422	0.886422	1.3295	0.443237	0.443237	0.443237	0.886422	1.3295	0.443237	0.443237	1.3295	1.3295	0.443237	0.443237	0.443237	0.886422	1.3295	0.443237	0.443237	0.443237	0.886422	0.886422	0.443237	0.443237	0.443237	0.443237	0	0.443237	0.443237	0.443237	1.3295	1.3295	0.443237	0.443237	0.886422	0.443237	0.443237	0.886422	0.443237	0.886422	0.886422	0.443237	0.886422	0.443237	0	0.443237	0.886422	0.443237	0.443237	0.443237	0.443237	0.443237	0.443237	0.443237	0.443237	0.886422	0.443237	0	0	0.443237	0.886422	0.443237	0	0.443237	0.443237	0	0.443237	0.443237	0.443237	0.443237	0	0	0.443237	0.443237	0	0	0	0.443237	0.443237	0	0	0	0	0	0	0	0	0	0	0	0	0	0	0	0	0	0	0	0	0	0.443237	0.443237	0	0	0.443237	0.443237	0	0	0	0.443237	0.886422	0.443237	0.443237	0.443237	0.886422	0.886422	0.443237	0.443237	0.443237	0.443237	0	0.443237	0.443237	0.443237	0.886422	0.886422	0.443237	0.443237	0.886422	0.443237	0.443237	0.443237	0.443237	0.886422	0.443237	0.443237	0.886422	0.886422	0.443237	0.443237	0.443237	0.886422	1.3295	0.443237	0.443237	0.886422	0.886422	0.443237	0.443237	0.443237	0.886422	1.77242	0.886422	0.443237	1.3295	0.886422	0.886422	1.3295	0.443237	0.886422	1.77242	0.886422	0.443237	1.3295	0.886422	0.886422	0.886422	0.886422	1.77242	1.77242	0.886422	0.886422	1.77242	0.886422	0.443237	0.443237	1.77242	1.77242	0.886422	0.886422	0.443237	1.3295	0.886422	0.886422	0.886422	0.886422	1.77242	1.3295	0.443237	0.886422	1.3295	0.443237	0.886422	0.886422	0.443237	1.3295	0.886422	0.886422	1.3295	1.3295	0.886422	0.443237	0.443237	0.443237	0.886422	0.443237	0.443237	0.443237	1.3295	1.3295	0.443237	0.443237	0.443237	0.886422
0.443196	0	0	0	0	0	0	0.443196	0.886339	0.443196	0	0.443196	0.443196	0	0.443196	0.443196	0.443196	0.443196	0	0.443196	0.886339	0.886339	0.443196	0.443196	0.443196	0.443196	1.32938	0.886339	0.443196	0.443196	0.886339	0.886339	0.886339	0.886339	0.443196	1.32938	0.886339	0.443196	0.443196	0.886339	1.32938	1.32938	0.886339	0.886339	1.32938	0.443196	0.443196	0.443196	0.886339	1.32938	0.443196	0.443196	1.32938	1.32938	0.443196	0.443196	0.443196	0.886339	1.32938	0.443196	0.443196	0.443196	0.886339	0.886339	0.443196	0.443196	0.443196	0.443196	0	0.443196	0.443196	0.443196	1.32938	1.32938	0.443196	0.443196	0.886339	0.443196	0.443196	0.886339	0.443196	0.886339	0.886339	0.443196	0.886339	0.443196	0	0.443196	0.886339	0.443196	0.443196	0.443196	0.443196	0.443196	0.443196	0.443196	0.443196	0.886339	0.443196	0	0	0.443196	0.886339	0.443196	0	0.443196	0.443196	0	0.443196	0.443196	0.443196	0.443196	0	0	0.443196	0.443196	0	0	0	0.443196	0.443196	0	0	0	0	0	0	0	0	0	0	0	0	0	0	0	0	0	0	0	0	0	0.443196	0.443196	0	0	0.443196	0.443196	0	0	0	0.443196	0.886339	0.443196	0.443196	0.443196	0.886339	0.886339	0.443196	0.443196	0.443196	0.443196	0	0.443196	0.443196	0.443196	0.886339	0.886339	0.443196	0.443196	0.886339	0.443196	0.443196	0.443196	0.443196	0.886339	0.443196	0.443196	0.886339	0.886339	0.443196	0.443196	0.443196	0.886339	1.32938	0.443196	0.443196	0.886339	0.886339	0.443196	0.443196	0.443196	0.886339	1.77225	0.886339	0.443196	1.32938	0.886339	0.886339	1.32938	0.443196	0.886339	1.77225	0.886339	0.443196	1.32938	0.886339	0.886339	0.886339	0.886339	1.77225	1.77225	0.886339	0.886339	1.77225	0.886339	0.443196	0.443196	1.77225	1.77225	0.886339	0.886339	0.443196	1.32938	0.886339	0.886339	0.886339	0.886339	1.77225	1.32938	0.443196	0.886339	1.32938	0.443196	0.886339	0.886339	0.443196	1.32938	0.886339	0.886339	1.32938	1.32938	0.886339	0.443196	0.443196	0.443196	0.886339	0.443196	0.443196	0.443196	1.32938	1.32938	0.443196	0.443196	0.443196	0.886339
0.443155	0	0	0	0	0	0	0.443155	0.886257	0.443155	0	0.443155	0.443155	0	0.443155	0.443155	0.443155	0.443155	0	0.443155	0.886257	0.886257	0.443155	0.443155	0.443155	0.443155	1.32925	0.886257	0.443155	0.443155	0.886257	0.886257	0.886257	0.886257	0.443155	1.32925	0.886257	0.443155	0.443155	0.886257	1.32925	1.32925	0.886257	0.886257	1.32925	0.443155	0.443155	0.443155	0.886257	1.32925	0.443155	0.443155	1.32925	1.32925	0.443155	0.443155	0.443155	0.886257	1.32925	0.443155	0.443155	0.443155	0.886257	0.886257	0.443155	0.443155	0.443155	0.443155	0	0.443155	0.443155	0.443155	1.32925	1.32925	0.443155	0.443155	0.886257	0.443155	0.443155	0.886257	0.443155	0.886257	0.886257	0.443155	0.886257	0.443155	0	0.443155	0.886257	0.443155	0.443155	0.443155	0.443155	0.443155	0.443155	0.443155	0.443155	0.886257	0.443155	0	0	0.443155	0.886257	0.443155	0	0.443155	0.443155	0	0.443155	0.443155	0.443155	0.443155	0	0	0.443155	0.443155	0	0	0	0.443155	0.443155	0	0	0	0	0	0	0	0	0	0	0	0	0	0	0	0	0	0	0	0	0	0.443155	0.443155	0	0	0.443155	0.443155	0	0	0	0.443155	0.886257	0.443155	0.443155	0.443155	0.886257	0.886257	0.443155	0.443155	0.443155	0.443155	0	0.443155	0.443155	0.443155	0.886257	0.886257	0.443155	0.443155	0.886257	0.443155	0.443155	0.443155	0.443155	0.886257	0.443155	0.443155	0.886257	0.886257	0.443155	0.443155	0.443155	0.886257	1.32925	0.443155	0.443155	0.886257	0.886257	0.443155	0.443155	0.443155	0.886257	1.77209	0.886257	0.443155	1.32925	0.886257	0.886257	1.32925	0.443155	0.886257	1.77209	0.886257	0.443155	1.32925	0.886257	0.886257	0.886257	0.886257	1.77209	1.77209	0.886257	0.886257	1.77209	0.886257	0.443155	0.443155	1.77209	1.77209	0.886257	0.886257	0.443155	1.32925	0.886257	0.886257	0.886257	0.886257	1.77209	1.32925	0.443155	0.886257	1.32925	0.443155	0.886257	0.886257	0.443155	1.32925	0.886257	0.886257	1.32925	1.32925	0.886257	0.443155	0.443155	0.443155	0.886257	0.443155	0.443155	0.443155	1.32925	1.32925	0.443155	0.443155	0.443155	0.886257
0.443107	0	0	0	0	0	0	0.443107	0.886161	0.443107	0	0.443107	0.443107	0	0.443107	0.443107	0.443107	0.443107	0	0.443107	0.886161	0.886161	0.443107	0.443107	0.443107	0.443107	1.32911	0.886161	0.443107	0.443107	0.886161	0.886161	0.886161	0.886161	0.443107	1.32911	0.886161	0.443107	0.443107	0.886161	1.32911	1.32911	0.886161	0.886161	1.32911	0.443107	0.443107	0.443107	0.886161	1.32911	0.443107	0.443107	1.32911	1.32911	0.443107	0.443107	0.443107	0.886161	1.32911	0.443107	0.443107	0.443107	0.886161	0.886161	0.443107	0.443107	0.443107	0.443107	0	0.443107	0.443107	0.443107	1.32911	1.32911	0.443107	0.443107	0.886161	0.443107	0.443107	0.886161	0.443107	0.886161	0.886161	0.443107	0.886161	0.443107	0	0.443107	0.886161	0.443107	0.443107	0.443107	0.443107	0.443107	0.443107	0.443107	0.443107	0.886161	0.443107	0	0	0.443107	0.886161	0.443107	0	0.443107	0.443107	0	0.443107	0.443107	0.443107	0.443107	0	0	0.443107	0.443107	0	0	0	0.443107	0.443107	0	0	0	0	0	0	0	0	0	0	0	0	0	0	0	0	0	0	0	0	0	0.443107	0.443107	0	0	0.443107	0.443107	0	0	0	0.443107	0.886161	0.443107	0.443107	0.443107	0.886161	0.886161	0.443107	0.443107	0.443107	0.443107	0	0.443107	0.443107	0.443107	0.886161	0.886161	0.443107	0.443107	0.886161	0.443107	0.443107	0.443107	0.443107	0.886161	0.443107	0.443107	0.886161	0.886161	0.443107	0.443107	0.443107	0.886161	1.32911	0.443107	0.443107	0.886161	0.886161	0.443107	0.443107	0.443107	0.886161	1.7719	0.886161	0.443107	1.32911	0.886161	0.886161	1.32911	0.443107	0.886161	1.7719	0.886161	0.443107	1.32911	0.886161	0.886161	0.886161	0.886161	1.7719	1.7719	0.886161	0.886161	1.7719	0.886161	0.443107	0.443107	1.7719	1.7719	0.886161	0.886161	0.443107	1.32911	0.886161	0.886161	0.886161	0.886161	1.7719	1.32911	0.443107	0.886161	1.32911	0.443107	0.886161	0.886161	0.443107	1.32911	0.886161	0.886161	1.32911	1.32911	0.886161	0.443107	0.443107	0.443107	0.886161	0.443107	0.443107	0.443107	1.32911	1.32911	0.443107	0.443107	0.443107	0.886161
0.443066	0	0	0	0	0	0	0.443066	0.886079	0.443066	0	0.443066	0.443066	0	0.443066	0.443066	0.443066	0.443066	0	0.443066	0.886079	0.886079	0.443066	0.443066	0.443066	0.443066	1.32899	0.886079	0.443066	0.443066	0.886079	0.886079	0.886079	0.886079	0.443066	1.32899	0.886079	0.443066	0.443066	0.886079	1.32899	1.32899	0.886079	0.886079	1.32899	0.443066	0.443066	0.443066	0.886079	1.32899	0.443066	0.443066	1.32899	1.32899	0.443066	0.443066	0.443066	0.886079	1.32899	0.443066	0.443066	0.443066	0.886079	0.886079	0.443066	0.443066	0.443066	0.443066	0	0.443066	0.443066	0.443066	1.32899	1.32899	0.443066	0.443066	0.886079	0.443066	0.443066	0.886079	0.443066	0.886079	0.886079	0.443066	0.886079	0.443066	0	0.443066	0.886079	0.443066	0.443066	0.443066	0.443066	0.443066	0.443066	0.443066	0.443066	0.886079	0.443066	0	0	0.443066	0.886079	0.443066	0	0.443066	0.443066	0	0.443066	0.443066	0.443066	0.443066	0	0	0.443066	0.443066	0	0	0	0.443066	0.443066	0	0	0	0	0	0	0	0	0	0	0	0	0	0	0	0	0	0	0	0	0	0.443066	0.443066	0	0	0.443066	0.443066	0	0	0	0.443066	0.886079	0.443066	0.443066	0.443066	0.886079	0.886079	0.443066	0.443066	0.443066	0.443066	0	0.443066	0.443066	0.443066	0.886079	0.886079	0.443066	0.443066	0.886079	0.443066	0.443066	0.443066	0.443066	0.886079	0.443066	0.443066	0.886079	0.886079	0.443066	0.443066	0.443066	0.886079	1.32899	0.443066	0.443066	0.886079	0.886079	0.443066	0.443066	0.443066	0.886079	1.77173	0.886079	0.443066	1.32899	0.886079	0.886079	1.32899	0.443066	0.886079	1.77173	0.886079	0.443066	1.32899	0.886079	0.886079	0.886079	0.886079	1.77173	1.77173	0.886079	0.886079	1.77173	0.886079	0.443066	0.443066	1.77173	1.77173	0.886079	0.886079	0.443066	1.32899	0.886079	0.886079	0.886079	0.886079	1.77173	1.32899	0.443066	0.886079	1.32899	0.443066	0.886079	0.886079	0.443066	1.32899	0.886079	0.886079	1.32899	1.32899	0.886079	0.443066	0.443066	0.443066	0.886079	0.443066	0.443066	0.443066	1.32899	1.32899	0.443066	0.443066	0.443066	0.886079
0.443025	0	0	0	0	0	0	0.443025	0.885997	0.443025	0	0.443025	0.443025	0	0.443025	0.443025	0.443025	0.443025	0	0.443025	0.885997	0.885997	0.443025	0.443025	0.443025	0.443025	1.32886	0.885997	0.443025	0.443025	0.885997	0.885997	0.885997	0.885997	0.443025	1.32886	0.885997	0.443025	0.443025	0.885997	1.32886	1.32886	0.885997	0.885997	1.32886	0.443025	0.443025	0.443025	0.885997	1.32886	0.443025	0.443025	1.32886	1.32886	0.443025	0.443025	0.443025	0.885997	1.32886	0.443025	0.443025	0.443025	0.885997	0.885997	0.443025	0.443025	0.443025	0.443025	0	0.443025	0.443025	0.443025	1.32886	1.32886	0.443025	0.443025	0.885997	0.443025	0.443025	0.885997	0.443025	0.885997	0.885997	0.443025	0.885997	0.443025	0	0.443025	0.885997	0.443025	0.443025	0.443025	0.443025	0.443025	0.443025	0.443025	0.443025	0.885997	0.443025	0	0	0.443025	0.885997	0.443025	0	0.443025	0.443025	0	0.443025	0.443025	0.443025	0.443025	0	0	0.443025	0.443025	0	0	0	0.443025	0.443025	0	0	0	0	0	0	0	0	0	0	0	0	0	0	0	0	0	0	0	0	0	0.443025	0.443025	0	0	0.443025	0.443025	0	0	0	0.443025	0.885997	0.443025	0.443025	0.443025	0.885997	0.885997	0.443025	0.443025	0.443025	0.443025	0	0.443025	0.443025	0.443025	0.885997	0.885997	0.443025	0.443025	0.885997	0.443025	0.443025	0.443025	0.443025	0.885997	0.443025	0.443025	0.885997	0.885997	0.443025	0.443025	0.443025	0.885997	1.32886	0.443025	0.443025	0.885997	0.885997	0.443025	0.443025	0.443025	0.885997	1.77157	0.885997	0.443025	1.32886	0.885997	0.885997	1.32886	0.443025	0.885997	1.77157	0.885997	0.443025	1.32886	0.885997	0.885997	0.885997	0.885997	1.77157	1.77157	0.885997	0.885997	1.77157	0.885997	0.443025	0.443025	1.77157	1.77157	0.885997	0.885997	0.443025	1.32886	0.885997	0.885997	0.885997	0.885997	1.77157	1.32886	0.443025	0.885997	1.32886	0.443025	0.885997	0.885997	0.443025	1.32886	0.885997	0.885997	1.32886	1.32886	0.885997	0.443025	0.443025	0.443025	0.885997	0.443025	0.443025	0.443025	1.32886	1.32886	0.443025	0.443025	0.443025	0.885997
0.442984	0	0	0	0	0	0	0.442984	0.885915	0.442984	0	0.442984	0.442984	0	0.442984	0.442984	0.442984	0.442984	0	0.442984	0.885915	0.885915	0.442984	0.442984	0.442984	0.442984	1.32874	0.885915	0.442984	0.442984	0.885915	0.885915	0.885915	0.885915	0.442984	1.32874	0.885915	0.442984	0.442984	0.885915	1.32874	1.32874	0.885915	0.885915	1.32874	0.442984	0.442984	0.442984	0.885915	1.32874	0.442984	0.442984	1.32874	1.32874	0.442984	0.442984	0.442984	0.885915	1.32874	0.442984	0.442984	0.442984	0.885915	0.885915	0.442984	0.442984	0.442984	0.442984	0	0.442984	0.442984	0.442984	1.32874	1.32874	0.442984	0.442984	0.885915	0.442984	0.442984	0.885915	0.442984	0.885915	0.885915	0.442984	0.885915	0.442984	0	0.442984	0.885915	0.442984	0.442984	0.442984	0.442984	0.442984	0.442984	0.442984	0.442984	0.885915	0.442984	0	0	0.442984	0.885915	0.442984	0	0.442984	0.442984	0	0.442984	0.442984	0.442984	0.442984	0	0	0.442984	0.442984	0	0	0	0.442984	0.442984	0	0	0	0	0	0	0	0	0	0	0	0	0	0	0	0	0	0	0	0	0	0.442984	0.442984	0	0	0.442984	0.442984	0	0	0	0.442984	0.885915	0.442984	0.442984	0.442984	0.885915	0.885915	0.442984	0.442984	0.442984	0.442984	0	0.442984	0.442984	0.442984	0.885915	0.885915	0.442984	0.442984	0.885915	0.442984	0.442984	0.442984	0.442984	0.885915	0.442984	0.442984	0.885915	0.885915	0.442984	0.442984	0.442984	0.885915	1.32874	0.442984	0.442984	0.885915	0.885915	0.442984	0.442984	0.442984	0.885915	1.77141	0.885915	0.442984	1.32874	0.885915	0.885915	1.32874	0.442984	0.885915	1.77141	0.885915	0.442984	1.32874	0.885915	0.885915	0.885915	0.885915	1.77141	1.77141	0.885915	0.885915	1.77141	0.885915	0.442984	0.442984	1.77141	1.77141	0.885915	0.885915	0.442984	1.32874	0.885915	0.885915	0.885915	0.885915	1.77141	1.32874	0.442984	0.885915	1.32874	0.442984	0.885915	0.885915	0.442984	1.32874	0.885915	0.885915	1.32874	1.32874	0.885915	0.442984	0.442984	0.442984	0.885915	0.442984	0.442984	0.442984	1.32874	1.32874	0.442984	0.442984	0.442984	0.885915
0.442943	0	0	0	0	0	0	0.442943	0.885832	0.442943	0	0.442943	0.442943	0	0.442943	0.442943	0.442943	0.442943	0	0.442943	0.885832	0.885832	0.442943	0.442943	0.442943	0.442943	1.32862	0.885832	0.442943	0.442943	0.885832	0.885832	0.885832	0.885832	0.442943	1.32862	0.885832	0.442943	0.442943	0.885832	1.32862	1.32862	0.885832	0.885832	1.32862	0.442943	0.442943	0.442943	0.885832	1.32862	0.442943	0.442943	1.32862	1.32862	0.442943	0.442943	0.442943	0.885832	1.32862	0.442943	0.442943	0.442943	0.885832	0.885832	0.442943	0.442943	0.442943	0.442943	0	0.442943	0.442943	0.442943	1.32862	1.32862	0.442943	0.442943	0.885832	0.442943	0.442943	0.885832	0.442943	0.885832	0.885832	0.442943	0.885832	0.442943	0	0.442943	0.885832	0.442943	0.442943	0.442943	0.442943	0.442943	0.442943	0.442943	0.442943	0.885832	0.442943	0	0	0.442943	0.885832	0.442943	0	0.442943	0.442943	0	0.442943	0.442943	0.442943	0.442943	0	0	0.442943	0.442943	0	0	0	0.442943	0.442943	0	0	0	0	0	0	0	0	0	0	0	0	0	0	0	0	0	0	0	0	0	0.442943	0.442943	0	0	0.442943	0.442943	0	0	0	0.442943	0.885832	0.442943	0.442943	0.442943	0.885832	0.885832	0.442943	0.442943	0.442943	0.442943	0	0.442943	0.442943	0.442943	0.885832	0.885832	0.442943	0.442943	0.885832	0.442943	0.442943	0.442943	0.442943	0.885832	0.442943	0.442943	0.885832	0.885832	0.442943	0.442943	0.442943	0.885832	1.32862	0.442943	0.442943	0.885832	0.885832	0.442943	0.442943	0.442943	0.885832	1.77124	0.885832	0.442943	1.32862	0.885832	0.885832	1.32862	0.442943	0.885832	1.77124	0.885832	0.442943	1.32862	0.885832	0.885832	0.885832	0.885832	1.77124	1.77124	0.885832	0.885832	1.77124	0.885832	0.442943	0.442943	1.77124	1.77124	0.885832	0.885832	0.442943	1.32862	0.885832	0.885832	0.885832	0.885832	1.77124	1.32862	0.442943	0.885832	1.32862	0.442943	0.885832	0.885832	0.442943	1.32862	0.885832	0.885832	1.32862	1.32862	0.885832	0.442943	0.442943	0.442943	0.885832	0.442943	0.442943	0.442943	1.32862	1.32862	0.442943	0.442943	0.442943	0.885832
0.442902	0	0	0	0	0	0	0.442902	0.88575	0.442902	0	0.442902	0.442902	0	0.442902	0.442902	0.442902	0.442902	0	0.442902	0.88575	0.88575	0.442902	0.442902	0.442902	0.442902	1.32849	0.88575	0.442902	0.442902	0.88575	0.88575	0.88575	0.88575	0.442902	1.32849	0.88575	0.442902	0.442902	0.88575	1.32849	1.32849	0.88575	0.88575	1.32849	0.442902	0.442902	0.442902	0.88575	1.32849	0.442902	0.442902	1.32849	1.32849	0.442902	0.442902	0.442902	0.88575	1.32849	0.442902	0.442902	0.442902	0.88575	0.88575	0.442902	0.442902	0.442902	0.442902	0	0.442902	0.442902	0.442902	1.32849	1.32849	0.442902	0.442902	0.88575	0.442902	0.442902	0.88575	0.442902	0.88575	0.88575	0.442902	0.88575	0.442902	0	0.442902	0.88575	0.442902	0.442902	0.442902	0.442902	0.442902	0.442902	0.442902	0.442902	0.88575	0.442902	0	0	0.442902	0.88575	0.442902	0	0.442902	0.442902	0	0.442902	0.442902	0.442902	0.442902	0	0	0.442902	0.442902	0	0	0	0.442902	0.442902	0	0	0	0	0	0	0	0	0	0	0	0	0	0	0	0	0	0	0	0	0	0.442902	0.442902	0	0	0.442902	0.442902	0	0	0	0.442902	0.88575	0.442902	0.442902	0.442902	0.88575	0.88575	0.442902	0.442902	0.442902	0.442902	0	0.442902	0.442902	0.442902	0.88575	0.88575	0.442902	0.442902	0.88575	0.442902	0.442902	0.442902	0.442902	0.88575	0.442902	0.442902	0.88575	0.88575	0.442902	0.442902	0.442902	0.88575	1.32849	0.442902	0.442902	0.88575	0.88575	0.442902	0.442902	0.442902	0.88575	1.77108	0.88575	0.442902	1.32849	0.88575	0.88575	1.32849	0.442902	0.88575	1.77108	0.88575	0.442902	1.32849	0.88575	0.88575	0.88575	0.88575	1.77108	1.77108	0.88575	0.88575	1.77108	0.88575	0.442902	0.442902	1.77108	1.77108	0.88575	0.88575	0.442902	1.32849	0.88575	0.88575	0.88575	0.88575	1.77108	1.32849	0.442902	0.88575	1.32849	0.442902	0.88575	0.88575	0.442902	1.32849	0.88575	0.88575	1.32849	1.32849	0.88575	0.442902	0.442902	0.442902	0.88575	0.442902	0.442902	0.442902	1.32849	1.32849	0.442902	0.442902	0.442902	0.88575
0.469734	0.442888	0.350134	0.156581	0	0.156581	0.350134	0.469734	0.78283	0.564525	0.350134	0.469734	0.495131	0.350134	0.626301	0.626301	0.469734	0.495131	0.350134	0.626301	0.990187	0.990187	0.626301	0.626301	0.626301	0.626301	1.26215	0.78283	0.442854	0.442854	0.885654	0.885654	0.78283	0.843134	0.626301	1.33756	1.09594	0.952373	0.782859	0.952349	1.44328	1.57322	1.44333	1.63435	2.05865	1.82548	1.75015	1.54182	1.63435	2.05865	1.82548	1.82548	2.2408	2.42939	2.25716	2.17433	1.96126	2.03476	2.39388	1.96126	1.82548	1.82548	1.93611	1.75011	1.40027	1.40027	1.33762	1.10707	0.564565	0.626301	0.626301	0.645563	1.34667	1.26215	0.626301	0.645563	1.00247	0.442854	0.442854	0.885654	0.442854	0.885654	0.885654	0.442854	0.885654	0.564525	0.350134	0.626301	0.990187	0.626301	0.626301	0.626301	0.626301	0.782859	0.952373	0.990233	0.990233	1.25245	0.990233	1.00255	1.2228	1.40027	1.44333	1.19235	1.2228	1.40027	1.54182	1.66408	1.69326	1.47691	1.40027	1.54182	1.66408	1.77102	1.82548	1.82548	1.77102	1.88488	2.10572	2.12884	2.04078	2.10572	2.21338	2.21338	2.21338	2.21338	2.21338	2.21338	2.21338	2.21338	2.21338	2.21338	2.21338	2.21338	2.21338	2.21338	2.21338	2.32656	2.54738	2.65548	2.65548	2.65548	2.69205	2.69205	2.65548	2.76816	2.91019	2.91019	2.98889	3.20955	3.43013	3.44433	3.29955	3.12863	3.12863	3.12863	3.22092	3.22092	3.12863	3.12863	3.12863	3.25486	3.43013	3.56613	3.56613	3.56613	3.78183	3.99491	4.00407	4.00407	4.0764	4.00407	4.00407	4.00407	4.00407	4.20865	4.34523	4.44213	4.50734	4.50734	4.44213	4.44213	4.44213	4.37869	4.26608	4.00407	4.12688	4.42291	4.63761	4.78208	4.88012	4.88012	4.93945	5.02951	4.59549	4.56364	4.82504	4.59549	4.50734	4.61395	4.44213	4.50734	4.61657	4.16212	4.00407	4.19415	4.0764	4.0764	4.0764	3.94583	4.00706	3.80749	3.29955	3.22092	3.41581	2.87214	2.82063	3.03753	3.41581	3.22466	2.66006	2.44947	2.38881	2.77252	2.44947	2.38367	2.38367	2.24083	2.35263	1.88482	1.40027	1.59644	1.87831	1.40027	1.44333	1.26221	1.1398	1.72896	1.26221	1.09594	1.33756	1.26215	0.78283	0.442854	0.442854	0.564525	1.05023	0.626301	0.626301	0.626301	1.26215	1.22271	0.442854	0.442854	0.442854	0.885654
0.350101	0.442847	0.469691	0.350079	0	0.350079	0.469691	0.350101	0.564472	0.782758	0.469691	0.350101	0.495085	0.469691	0.626243	0.626243	0.350101	0.495085	0.469691	0.626243	0.990096	0.990096	0.626243	0.626243	0.626243	0.626243	1.05013	0.564472	0.442813	0.442813	0.885572	0.885572	0.564472	0.645504	0.626243	1.13965	0.952285	1.09584	0.952261	0.782787	1.26207	1.40882	1.3375	1.54168	1.93593	1.82531	1.83199	1.6342	1.54168	1.93593	1.82531	1.82531	2.12861	2.32631	2.25695	2.24062	2.03457	1.96108	2.39366	2.03457	1.82531	1.82531	2.05846	1.88465	1.40014	1.40014	1.4432	1.41747	0.645527	0.626243	0.626243	0.843056	1.34654	1.05013	0.626243	0.843056	1.2226	0.442813	0.442813	0.885572	0.442813	0.885572	0.885572	0.442813	0.885572	0.782758	0.469691	0.626243	0.990096	0.626243	0.626243	0.626243	0.626243	0.952261	1.09584	0.990141	0.990141	1.25234	0.990141	1.0502	1.26212	1.40014	1.3375	1.19224	1.26212	1.40014	1.6342	1.6931	1.66393	1.44323	1.40014	1.6342	1.6931	1.77086	1.82531	1.82531	1.77086	1.91051	2.12864	2.10553	2.04059	2.12864	2.21318	2.21318	2.21318	2.21318	2.21318	2.21318	2.21318	2.21318	2.21318	2.21318	2.21318	2.21318	2.21318	2.21318	2.21318	2.34728	2.56627	2.65523	2.65523	2.65523	2.6918	2.6918	2.65523	2.78551	2.90992	2.90992	3.00491	3.22443	3.44401	3.42981	3.25456	3.12835	3.12835	3.12835	3.22062	3.22062	3.12835	3.12835	3.12835	3.29925	3.44401	3.5658	3.5658	3.5658	3.84538	4.05505	4.0037	4.0037	4.07602	4.0037	4.0037	4.0037	4.0037	4.26569	4.37829	4.44172	4.50693	4.50693	4.44172	4.44172	4.44172	4.34483	4.20826	4.0037	4.16174	4.47714	4.68928	4.81201	4.87967	4.87967	4.93899	4.96104	4.56322	4.59507	4.82459	4.56322	4.50693	4.61352	4.44172	4.50693	4.54183	4.12649	4.0037	4.19376	4.07602	4.07602	4.07602	3.90825	3.92066	3.71644	3.25456	3.22062	3.31398	2.82037	2.87188	3.0851	3.31398	3.11657	2.60409	2.38859	2.44925	2.77227	2.38859	2.38345	2.38345	2.17413	2.08798	1.74995	1.40014	1.59629	1.87813	1.40014	1.3375	1.1397	1.26209	1.7288	1.1397	0.952285	1.13965	1.05013	0.564472	0.442813	0.442813	0.782758	1.26204	0.626243	0.626243	0.626243	1.05013	1.00238	0.442813	0.442813	0.442813	0.885572
0	0	0.442772	0.442772	0	0.442772	0.442772	0	0.442772	0.88549	0.442772	0	0.442772	0.442772	0.442772	0.442772	0	0.442772	0.442772	0.442772	0.88549	0.88549	0.442772	0.442772	0.442772	0.442772	0.88549	0.442772	0.442772	0.442772	0.88549	0.88549	0.442772	0.442772	0.442772	0.88549	0.442772	0.88549	0.88549	0.442772	0.88549	0.88549	0.442772	0.442772	0.88549	0.442772	0.88549	0.88549	0.442772	0.88549	0.442772	0.442772	0.88549	0.88549	0.442772	0.88549	0.88549	0.442772	1.3281	0.88549	0.442772	0.442772	1.3281	1.3281	0.442772	0.442772	0.88549	1.3281	0.442772	0.442772	0.442772	0.88549	1.3281	0.88549	0.442772	0.88549	1.3281	0.442772	0.442772	0.88549	0.442772	0.88549	0.88549	0.442772	0.88549	0.88549	0.442772	0.442772	0.88549	0.442772	0.442772	0.442772	0.442772	0.88549	0.88549	0.442772	0.442772	0.88549	0.442772	0.442772	0.442772	0.442772	0.442772	0.442772	0.442772	0.442772	0.88549	0.442772	0	0	0.442772	0.88549	0.442772	0	0.442772	0.442772	0	0.442772	0.442772	0	0.442772	0.442772	0	0	0	0	0	0	0	0	0	0	0	0	0	0	0	0.442772	0.442772	0	0	0	0.442772	0.442772	0	0.442772	0.442772	0.442772	0.442772	0.442772	0.442772	0	0.442772	0.442772	0.442772	0.442772	0.88549	0.88549	0.442772	0.442772	0.442772	0.88549	0.442772	0.442772	0.442772	0.442772	1.3281	1.3281	0.442772	0.442772	0.88549	0.442772	0.442772	0.442772	0.442772	1.3281	0.88549	0.442772	0.88549	0.88549	0.442772	0.442772	0.442772	0.442772	0.88549	0.442772	0.88549	1.3281	1.3281	0.88549	0.442772	0.442772	0.88549	1.3281	0.442772	0.88549	1.3281	0.442772	0.88549	1.3281	0.442772	0.88549	1.3281	0.442772	0.442772	1.3281	0.88549	0.88549	0.88549	0.442772	1.3281	1.3281	0.442772	0.88549	1.3281	0.442772	0.88549	0.88549	1.3281	1.3281	0.442772	0.442772	0.88549	1.3281	0.442772	0.88549	0.88549	0.442772	0.88549	0.88549	0.442772	0.88549	1.3281	0.442772	0.442772	0.442772	0.88549	1.3281	0.442772	0.442772	0.88549	0.88549	0.442772	0.442772	0.442772	0.88549	1.3281	0.442772	0.442772	0.442772	0.88549	0.88549	0.442772	0.442772	0.442772	0.88549
0	0	0.44273	0.44273	0	0.44273	0.44273	0	0.44273	0.885408	0.44273	0	0.44273	0.44273	0.44273	0.44273	0	0.44273	0.44273	0.44273	0.885408	0.885408	0.44273	0.44273	0.44273	0.44273	0.885408	0.44273	0.44273	0.44273	0.885408	0.885408	0.44273	0.44273	0.44273	0.885408	0.44273	0.885408	0.885408	0.44273	0.885408	0.885408	0.44273	0.44273	0.885408	0.44273	0.885408	0.885408	0.44273	0.885408	0.44273	0.44273	0.885408	0.885408	0.44273	0.885408	0.885408	0.44273	1.32798	0.885408	0.44273	0.44273	1.32798	1.32798	0.44273	0.44273	0.885408	1.32798	0.44273	0.44273	0.44273	0.885408	1.32798	0.885408	0.44273	0.885408	1.32798	0.44273	0.44273	0.885408	0.44273	0.885408	0.885408	0.44273	0.885408	0.885408	0.44273	0.44273	0.885408	0.44273	0.44273	0.44273	0.44273	0.885408	0.885408	0.44273	0.44273	0.885408	0.44273	0.44273	0.44273	0.44273	0.44273	0.44273	0.44273	0.44273	0.885408	0.44273	0	0	0.44273	0.885408	0.44273	0	0.44273	0.44273	0	0.44273	0.44273	0	0.44273	0.44273	0	0	0	0	0	0	0	0	0	0	0	0	0	0	0	0.44273	0.44273	0	0	0	0.44273	0.44273	0	0.44273	0.44273	0.44273	0.44273	0.44273	0.44273	0	0.44273	0.44273	0.44273	0.44273	0.885408	0.885408	0.44273	0.44273	0.44273	0.885408	0.44273	0.44273	0.44273	0.44273	1.32798	1.32798	0.44273	0.44273	0.885408	0.44273	0.44273	0.44273	0.44273	1.32798	0.885408	0.44273	0.885408	0.885408	0.44273	0.44273	0.44273	0.44273	0.885408	0.44273	0.885408	1.32798	1.32798	0.885408	0.44273	0.44273	0.885408	1.32798	0.44273	0.885408	1.32798	0.44273	0.885408	1.32798	0.44273	0.885408	1.32798	0.44273	0.44273	1.32798	0.885408	0.885408	0.885408	0.44273	1.32798	1.32798	0.44273	0.885408	1.32798	0.44273	0.885408	0.885408	1.32798	1.32798	0.44273	0.44273	0.885408	1.32798	0.44273	0.885408	0.885408	0.44273	0.885408	0.885408	0.44273	0.885408	1.32798	0.44273	0.44273	0.44273	0.885408	1.32798	0.44273	0.44273	0.885408	0.885408	0.44273	0.44273	0.44273	0.885408	1.32798	0.44273	0.44273	0.44273	0.885408	0.885408	0.44273	0.44273	0.44273	0.885408
0	0	0.442689	0.442689	0	0.442689	0.442689	0	0.442689	0.885326	0.442689	0	0.442689	0.442689	0.442689	0.442689	0	0.442689	0.442689	0.442689	0.885326	0.885326	0.442689	0.442689	0.442689	0.442689	0.885326	0.442689	0.442689	0.442689	0.885326	0.885326	0.442689	0.442689	0.442689	0.885326	0.442689	0.885326	0.885326	0.442689	0.885326	0.885326	0.442689	0.442689	0.885326	0.442689	0.885326	0.885326	0.442689	0.885326	0.442689	0.442689	0.885326	0.885326	0.442689	0.885326	0.885326	0.442689	1.32786	0.885326	0.442689	0.442689	1.32786	1.32786	0.442689	0.442689	0.885326	1.32786	0.442689	0.442689	0.442689	0.885326	1.32786	0.885326	0.442689	0.885326	1.32786	0.442689	0.442689	0.885326	0.442689	0.885326	0.885326	0.442689	0.885326	0.885326	0.442689	0.442689	0.885326	0.442689	0.442689	0.442689	0.442689	0.885326	0.885326	0.442689	0.442689	0.885326	0.442689	0.442689	0.442689	0.442689	0.442689	0.442689	0.442689	0.442689	0.885326	0.442689	0	0	0.442689	0.885326	0.442689	0	0.442689	0.442689	0	0.442689	0.442689	0	0.442689	0.442689	0	0	0	0	0	0	0	0	0	0	0	0	0	0	0	0.442689	0.442689	0	0	0	0.442689	0.442689	0	0.442689	0.442689	0.442689	0.442689	0.442689	0.442689	0	0.442689	0.442689	0.442689	0.442689	0.885326	0.885326	0.442689	0.442689	0.442689	0.885326	0.442689	0.442689	0.442689	0.442689	1.32786	1.32786	0.442689	0.442689	0.885326	0.442689	0.442689	0.442689	0.442689	1.32786	0.885326	0.442689	0.885326	0.885326	0.442689	0.442689	0.442689	0.442689	0.885326	0.442689	0.885326	1.32786	1.32786	0.885326	0.442689	0.442689	0.885326	1.32786	0.442689	0.885326	1.32786	0.442689	0.885326	1.32786	0.442689	0.885326	1.32786	0.442689	0.442689	1.32786	0.885326	0.885326	0.885326	0.442689	1.32786	1.32786	0.442689	0.885326	1.32786	0.442689	0.885326	0.885326	1.32786	1.32786	0.442689	0.442689	0.885326	1.32786	0.442689	0.885326	0.885326	0.442689	0.885326	0.885326	0.442689	0.885326	1.32786	0.442689	0.442689	0.442689	0.885326	1.32786	0.442689	0.442689	0.885326	0.885326	0.442689	0.442689	0.442689	0.885326	1.32786	0.442689	0.442689	0.442689	0.885326	0.885326	0.442689	0.442689	0.442689	0.885326
0	0	0.442648	0.442648	0	0.442648	0.442648	0	0.442648	0.885244	0.442648	0	0.442648	0.442648	0.442648	0.442648	0	0.442648	0.442648	0.442648	0.885244	0.885244	0.442648	0.442648	0.442648	0.442648	0.885244	0.442648	0.442648	0.442648	0.885244	0.885244	0.442648	0.442648	0.442648	0.885244	0.442648	0.885244	0.885244	0.442648	0.885244	0.885244	0.442648	0.442648	0.885244	0.442648	0.885244	0.885244	0.442648	0.885244	0.442648	0.442648	0.885244	0.885244	0.442648	0.885244	0.885244	0.442648	1.32773	0.885244	0.442648	0.442648	1.32773	1.32773	0.442648	0.442648	0.885244	1.32773	0.442648	0.442648	0.442648	0.885244	1.32773	0.885244	0.442648	0.885244	1.32773	0.442648	0.442648	0.885244	0.442648	0.885244	0.885244	0.442648	0.885244	0.885244	0.442648	0.442648	0.885244	0.442648	0.442648	0.442648	0.442648	0.885244	0.885244	0.442648	0.442648	0.885244	0.442648	0.442648	0.442648	0.442648	0.442648	0.442648	0.442648	0.442648	0.885244	0.442648	0	0	0.442648	0.885244	0.442648	0	0.442648	0.442648	0	0.442648	0.442648	0	0.442648	0.442648	0	0	0	0	0	0	0	0	0	0	0	0	0	0	0	0.442648	0.442648	0	0	0	0.442648	0.442648	0	0.442648	0.442648	0.442648	0.442648	0.442648	0.442648	0	0.442648	0.442648	0.442648	0.442648	0.885244	0.885244	0.442648	0.442648	0.442648	0.885244	0.442648	0.442648	0.442648	0.442648	1.32773	1.32773	0.442648	0.442648	0.885244	0.442648	0.442648	0.442648	0.442648	1.32773	0.885244	0.442648	0.885244	0.885244	0.442648	0.442648	0.442648	0.442648	0.885244	0.442648	0.885244	1.32773	1.32773	0.885244	0.442648	0.442648	0.885244	1.32773	0.442648	0.885244	1.32773	0.442648	0.885244	1.32773	0.442648	0.885244	1.32773	0.442648	0.442648	1.32773	0.885244	0.885244	0.885244	0.442648	1.32773	1.32773	0.442648	0.885244	1.32773	0.442648	0.885244	0.885244	1.32773	1.32773	0.442648	0.442648	0.885244	1.32773	0.442648	0.885244	0.885244	0.442648	0.885244	0.885244	0.442648	0.885244	1.32773	0.442648	0.442648	0.442648	0.885244	1.32773	0.442648	0.442648	0.885244	0.885244	0.442648	0.442648	0.442648	0.885244	1.32773	0.442648	0.442648	0.442648	0.885244	0.885244	0.442648	0.442648	0.442648	0.885244
0	0	0.442601	0.442601	0	0.442601	0.442601	0	0.442601	0.885148	0.442601	0	0.442601	0.442601	0.442601	0.442601	0	0.442601	0.442601	0.442601	0.885148	0.885148	0.442601	0.442601	0.442601	0.442601	0.885148	0.442601	0.442601	0.442601	0.885148	0.885148	0.442601	0.442601	0.442601	0.885148	0.442601	0.885148	0.885148	0.442601	0.885148	0.885148	0.442601	0.442601	0.885148	0.442601	0.885148	0.885148	0.442601	0.885148	0.442601	0.442601	0.885148	0.885148	0.442601	0.885148	0.885148	0.442601	1.32759	0.885148	0.442601	0.442601	1.32759	1.32759	0.442601	0.442601	0.885148	1.32759	0.442601	0.442601	0.442601	0.885148	1.32759	0.885148	0.442601	0.885148	1.32759	0.442601	0.442601	0.885148	0.442601	0.885148	0.885148	0.442601	0.885148	0.885148	0.442601	0.442601	0.885148	0.442601	0.442601	0.442601	0.442601	0.885148	0.885148	0.442601	0.442601	0.885148	0.442601	0.442601	0.442601	0.442601	0.442601	0.442601	0.442601	0.442601	0.885148	0.442601	0	0	0.442601	0.885148	0.442601	0	0.442601	0.442601	0	0.442601	0.442601	0	0.442601	0.442601	0	0	0	0	0	0	0	0	0	0	0	0	0	0	0	0.442601	0.442601	0	0	0	0.442601	0.442601	0	0.442601	0.442601	0.442601	0.442601	0.442601	0.442601	0	0.442601	0.442601	0.442601	0.442601	0.885148	0.885148	0.442601	0.442601	0.442601	0.885148	0.442601	0.442601	0.442601	0.442601	1.32759	1.32759	0.442601	0.442601	0.885148	0.442601	0.442601	0.442601	0.442601	1.32759	0.885148	0.442601	0.885148	0.885148	0.442601	0.442601	0.442601	0.442601	0.885148	0.442601	0.885148	1.32759	1.32759	0.885148	0.442601	0.442601	0.885148	1.32759	0.442601	0.885148	1.32759	0.442601	0.885148	1.32759	0.442601	0.885148	1.32759	0.442601	0.442601	1.32759	0.885148	0.885148	0.885148	0.442601	1.32759	1.32759	0.442601	0.885148	1.32759	0.442601	0.885148	0.885148	1.32759	1.32759	0.442601	0.442601	0.885148	1.32759	0.442601	0.885148	0.885148	0.442601	0.885148	0.885148	0.442601	0.885148	1.32759	0.442601	0.442601	0.442601	0.885148	1.32759	0.442601	0.442601	0.885148	0.885148	0.442601	0.442601	0.442601	0.885148	1.32759	0.442601	0.442601	0.442601	0.885148	0.885148	0.442601	0.442601	0.442601	0.885148
0	0	0.44256	0.44256	0	0.44256	0.44256	0	0.44256	0.885066	0.44256	0	0.44256	0.44256	0.44256	0.44256	0	0.44256	0.44256	0.44256	0.885066	0.885066	0.44256	0.44256	0.44256	0.44256	0.885066	0.44256	0.44256	0.44256	0.885066	0.885066	0.44256	0.44256	0.44256	0.885066	0.44256	0.885066	0.885066	0.44256	0.885066	0.885066	0.44256	0.44256	0.885066	0.44256	0.885066	0.885066	0.44256	0.885066	0.44256	0.44256	0.885066	0.885066	0.44256	0.885066	0.885066	0.44256	1.32747	0.885066	0.44256	0.44256	1.32747	1.32747	0.44256	0.44256	0.885066	1.32747	0.44256	0.44256	0.44256	0.885066	1.32747	0.885066	0.44256	0.885066	1.32747	0.44256	0.44256	0.885066	0.44256	0.885066	0.885066	0.44256	0.885066	0.885066	0.44256	0.44256	0.885066	0.44256	0.44256	0.44256	0.44256	0.885066	0.885066	0.44256	0.44256	0.885066	0.44256	0.44256	0.44256	0.44256	0.44256	0.44256	0.44256	0.44256	0.885066	0.44256	0	0	0.44256	0.885066	0.44256	0	0.44256	0.44256	0	0.44256	0.44256	0	0.44256	0.44256	0	0	0	0	0	0	0	0	0	0	0	0	0	0	0	0.44256	0.44256	0	0	0	0.44256	0.44256	0	0.44256	0.44256	0.44256	0.44256	0.44256	0.44256	0	0.44256	0.44256	0.44256	0.44256	0.885066	0.885066	0.44256	0.44256	0.44256	0.885066	0.44256	0.44256	0.44256	0.44256	1.32747	1.32747	0.44256	0.44256	0.885066	0.44256	0.44256	0.44256	0.44256	1.32747	0.885066	0.44256	0.885066	0.885066	0.44256	0.44256	0.44256	0.44256	0.885066	0.44256	0.885066	1.32747	1.32747	0.885066	0.44256	0.44256	0.885066	1.32747	0.44256	0.885066	1.32747	0.44256	0.885066	1.32747	0.44256	0.885066	1.32747	0.44256	0.44256	1.32747	0.885066	0.885066	0.885066	0.44256	1.32747	1.32747	0.44256	0.885066	1.32747	0.44256	0.885066	0.885066	1.32747	1.32747	0.44256	0.44256	0.885066	1.32747	0.44256	0.885066	0.885066	0.44256	0.885066	0.885066	0.44256	0.885066	1.32747	0.44256	0.44256	0.44256	0.885066	1.32747	0.44256	0.44256	0.885066	0.885066	0.44256	0.44256	0.44256	0.885066	1.32747	0.44256	0.44256	0.44256	0.885066	0.885066	0.44256	0.44256	0.44256	0.885066
0	0	0.442518	0.442518	0	0.442518	0.442518	0	0.442518	0.884984	0.442518	0	0.442518	0.442518	0.442518	0.442518	0	0.442518	0.442518	0.442518	0.884984	0.884984	0.442518	0.442518	0.442518	0.442518	0.884984	0.442518	0.442518	0.442518	0.884984	0.884984	0.442518	0.442518	0.442518	0.884984	0.442518	0.884984	0.884984	0.442518	0.884984	0.884984	0.442518	0.442518	0.884984	0.442518	0.884984	0.884984	0.442518	0.884984	0.442518	0.442518	0.884984	0.884984	0.442518	0.884984	0.884984	0.442518	1.32734	0.884984	0.442518	0.442518	1.32734	1.32734	0.442518	0.442518	0.884984	1.32734	0.442518	0.442518	0.442518	0.884984	1.32734	0.884984	0.442518	0.884984	1.32734	0.442518	0.442518	0.884984	0.442518	0.884984	0.884984	0.442518	0.884984	0.884984	0.442518	0.442518	0.884984	0.442518	0.442518	0.442518	0.442518	0.884984	0.884984	0.442518	0.442518	0.884984	0.442518	0.442518	0.442518	0.442518	0.442518	0.442518	0.442518	0.442518	0.884984	0.442518	0	0	0.442518	0.884984	0.442518	0	0.442518	0.442518	0	0.442518	0.442518	0	0.442518	0.442518	0	0	0	0	0	0	0	0	0	0	0	0	0	0	0	0.442518	0.442518	0	0	0	0.442518	0.442518	0	0.442518	0.442518	0.442518	0.442518	0.442518	0.442518	0	0.442518	0.442518	0.442518	0.442518	0.884984	0.884984	0.442518	0.442518	0.442518	0.884984	0.442518	0.442518	0.442518	0.442518	1.32734	1.32734	0.442518	0.442518	0.884984	0.442518	0.442518	0.442518	0.442518	1.32734	0.884984	0.442518	0.884984	0.884984	0.442518	0.442518	0.442518	0.442518	0.884984	0.442518	0.884984	1.32734	1.32734	0.884984	0.442518	0.442518	0.884984	1.32734	0.442518	0.884984	1.32734	0.442518	0.884984	1.32734	0.442518	0.884984	1.32734	0.442518	0.442518	1.32734	0.884984	0.884984	0.884984	0.442518	1.32734	1.32734	0.442518	0.884984	1.32734	0.442518	0.884984	0.884984	1.32734	1.32734	0.442518	0.442518	0.884984	1.32734	0.442518	0.884984	0.884984	0.442518	0.884984	0.884984	0.442518	0.884984	1.32734	0.442518	0.442518	0.442518	0.884984	1.32734	0.442518	0.442518	0.884984	0.884984	0.442518	0.442518	0.442518	0.884984	1.32734	0.442518	0.442518	0.442518	0.884984	0.884984	0.442518	0.442518	0.442518	0.884984
0	0	0.442477	0.442477	0	0.442477	0.442477	0	0.442477	0.884902	0.442477	0	0.442477	0.442477	0.442477	0.442477	0	0.442477	0.442477	0.442477	0.884902	0.884902	0.442477	0.442477	0.442477	0.442477	0.884902	0.442477	0.442477	0.442477	0.884902	0.884902	0.442477	0.442477	0.442477	0.884902	0.442477	0.884902	0.884902	0.442477	0.884902	0.884902	0.442477	0.442477	0.884902	0.442477	0.884902	0.884902	0.442477	0.884902	0.442477	0.442477	0.884902	0.884902	0.442477	0.884902	0.884902	0.442477	1.32722	0.884902	0.442477	0.442477	1.32722	1.32722	0.442477	0.442477	0.884902	1.32722	0.442477	0.442477	0.442477	0.884902	1.32722	0.884902	0.442477	0.884902	1.32722	0.442477	0.442477	0.884902	0.442477	0.884902	0.884902	0.442477	0.884902	0.884902	0.442477	0.442477	0.884902	0.442477	0.442477	0.442477	0.442477	0.884902	0.884902	0.442477	0.442477	0.884902	0.442477	0.442477	0.442477	0.442477	0.442477	0.442477	0.442477	0.442477	0.884902	0.442477	0	0	0.442477	0.884902	0.442477	0	0.442477	0.442477	0	0.442477	0.442477	0	0.442477	0.442477	0	0	0	0	0	0	0	0	0	0	0	0	0	0	0	0.442477	0.442477	0	0	0	0.442477	0.442477	0	0.442477	0.442477	0.442477	0.442477	0.442477	0.442477	0	0.442477	0.442477	0.442477	0.442477	0.884902	0.884902	0.442477	0.442477	0.442477	0.884902	0.442477	0.442477	0.442477	0.442477	1.32722	1.32722	0.442477	0.442477	0.884902	0.442477	0.442477	0.442477	0.442477	1.32722	0.884902	0.442477	0.884902	0.884902	0.442477	0.442477	0.442477	0.442477	0.884902	0.442477	0.884902	1.32722	1.32722	0.884902	0.442477	0.442477	0.884902	1.32722	0.442477	0.884902	1.32722	0.442477	0.884902	1.32722	0.442477	0.884902	1.32722	0.442477	0.442477	1.32722	0.884902	0.884902	0.884902	0.442477	1.32722	1.32722	0.442477	0.884902	1.32722	0.442477	0.884902	0.884902	1.32722	1.32722	0.442477	0.442477	0.884902	1.32722	0.442477	0.884902	0.884902	0.442477	0.884902	0.884902	0.442477	0.884902	1.32722	0.442477	0.442477	0.442477	0.884902	1.32722	0.442477	0.442477	0.884902	0.884902	0.442477	0.442477	0.442477	0.884902	1.32722	0.442477	0.442477	0.442477	0.884902	0.884902	0.442477	0.442477	0.442477	0.884902
0	0	0.442436	0.442436	0	0.442436	0.442436	0	0.442436	0.88482	0.442436	0	0.442436	0.442436	0.442436	0.442436	0	0.442436	0.442436	0.442436	0.88482	0.88482	0.442436	0.442436	0.442436	0.442436	0.88482	0.442436	0.442436	0.442436	0.88482	0.88482	0.442436	0.442436	0.442436	0.88482	0.442436	0.88482	0.88482	0.442436	0.88482	0.88482	0.442436	0.442436	0.88482	0.442436	0.88482	0.88482	0.442436	0.88482	0.442436	0.442436	0.88482	0.88482	0.442436	0.88482	0.88482	0.442436	1.3271	0.88482	0.442436	0.442436	1.3271	1.3271	0.442436	0.442436	0.88482	1.3271	0.442436	0.442436	0.442436	0.88482	1.3271	0.88482	0.442436	0.88482	1.3271	0.442436	0.442436	0.88482	0.442436	0.88482	0.88482	0.442436	0.88482	0.88482	0.442436	0.442436	0.88482	0.442436	0.442436	0.442436	0.442436	0.88482	0.88482	0.442436	0.442436	0.88482	0.442436	0.442436	0.442436	0.442436	0.442436	0.442436	0.442436	0.442436	0.88482	0.442436	0	0	0.442436	0.88482	0.442436	0	0.442436	0.442436	0	0.442436	0.442436	0	0.442436	0.442436	0	0	0	0	0	0	0	0	0	0	0	0	0	0	0	0.442436	0.442436	0	0	0	0.442436	0.442436	0	0.442436	0.442436	0.442436	0.442436	0.442436	0.442436	0	0.442436	0.442436	0.442436	0.442436	0.88482	0.88482	0.442436	0.442436	0.442436	0.88482	0.442436	0.442436	0.442436	0.442436	1.3271	1.3271	0.442436	0.442436	0.88482	0.442436	0.442436	0.442436	0.442436	1.3271	0.88482	0.442436	0.88482	0.88482	0.442436	0.442436	0.442436	0.442436	0.88482	0.442436	0.88482	1.3271	1.3271	0.88482	0.442436	0.442436	0.88482	1.3271	0.442436	0.88482	1.3271	0.442436	0.88482	1.3271	0.442436	0.88482	1.3271	0.442436	0.442436	1.3271	0.88482	0.88482	0.88482	0.442436	1.3271	1.3271	0.442436	0.88482	1.3271	0.442436	0.88482	0.88482	1.3271	1.3271	0.442436	0.442436	0.88482	1.3271	0.442436	0.88482	0.88482	0.442436	0.88482	0.88482	0.442436	0.88482	1.3271	0.442436	0.442436	0.442436	0.88482	1.3271	0.442436	0.442436	0.88482	0.88482	0.442436	0.442436	0.442436	0.88482	1.3271	0.442436	0.442436	0.442436	0.88482	0.88482	0.442436	0.442436	0.442436	0.88482
0	0	0.442395	0.442395	0	0.442395	0.442395	0	0.442395	0.884738	0.442395	0	0.442395	0.442395	0.442395	0.442395	0	0.442395	0.442395	0.442395	0.884738	0.884738	0.442395	0.442395	0.442395	0.442395	0.884738	0.442395	0.442395	0.442395	0.884738	0.884738	0.442395	0.442395	0.442395	0.884738	0.442395	0.884738	0.884738	0.442395	0.884738	0.884738	0.442395	0.442395	0.884738	0.442395	0.884738	0.884738	0.442395	0.884738	0.442395	0.442395	0.884738	0.884738	0.442395	0.884738	0.884738	0.442395	1.32698	0.884738	0.442395	0.442395	1.32698	1.32698	0.442395	0.442395	0.884738	1.32698	0.442395	0.442395	0.442395	0.884738	1.32698	0.884738	0.442395	0.884738	1.32698	0.442395	0.442395	0.884738	0.442395	0.884738	0.884738	0.442395	0.884738	0.884738	0.442395	0.442395	0.884738	0.442395	0.442395	0.442395	0.442395	0.884738	0.884738	0.442395	0.442395	0.884738	0.442395	0.442395	0.442395	0.442395	0.442395	0.442395	0.442395	0.442395	0.884738	0.442395	0	0	0.442395	0.884738	0.442395	0	0.442395	0.442395	0	0.442395	0.442395	0	0.442395	0.442395	0	0	0	0	0	0	0	0	0	0	0	0	0	0	0	0.442395	0.442395	0	0	0	0.442395	0.442395	0	0.442395	0.442395	0.442395	0.442395	0.442395	0.442395	0	0.442395	0.442395	0.442395	0.442395	0.884738	0.884738	0.442395	0.442395	0.442395	0.884738	0.442395	0.442395	0.442395	0.442395	1.32698	1.32698	0.442395	0.442395	0.884738	0.442395	0.442395	0.442395	0.442395	1.32698	0.884738	0.442395	0.884738	0.884738	0.442395	0.442395	0.442395	0.442395	0.884738	0.442395	0.884738	1.32698	1.32698	0.884738	0.442395	0.442395	0.884738	1.32698	0.442395	0.884738	1.32698	0.442395	0.884738	1.32698	0.442395	0.884738	1.32698	0.442395	0.442395	1.32698	0.884738	0.884738	0.884738	0.442395	1.32698	1.32698	0.442395	0.884738	1.32698	0.442395	0.884738	0.884738	1.32698	1.32698	0.442395	0.442395	0.884738	1.32698	0.442395	0.884738	0.884738	0.442395	0.884738	0.884738	0.442395	0.884738	1.32698	0.442395	0.442395	0.442395	0.884738	1.32698	0.442395	0.442395	0.884738	0.884738	0.442395	0.442395	0.442395	0.884738	1.32698	0.442395	0.442395	0.442395	0.884738	0.884738	0.442395	0.442395	0.442395	0.884738
0.494588	0.781994	0.842216	0.797461	0.781994	0.989102	0.989102	0.884711	0.989102	1.25102	0.989102	0.884711	0.989102	0.989102	0.989102	0.989102	1.0014	1.3361	1.39867	1.2608	1.26077	1.25102	0.989102	0.989102	0.989102	0.989102	1.09469	0.644849	0.625586	0.625586	0.989056	0.989056	0.625586	0.625586	0.625586	0.989056	0.625586	0.842171	0.781936	0.442348	0.884643	0.884643	0.442348	0.442348	0.884643	0.442348	0.781936	0.842171	0.625586	0.989056	0.625586	0.625586	1.04903	1.00133	0.442348	0.884643	0.884643	0.442348	1.32683	0.884643	0.442348	0.442348	1.32683	1.32683	0.56388	0.644826	0.842171	1.34513	0.644826	0.625586	0.625586	0.842171	1.34513	1.04903	0.625586	0.842171	1.34513	0.644826	0.625586	0.989056	0.625586	0.842171	0.781936	0.56388	1.04903	0.989056	0.625586	0.625586	0.989056	0.625586	0.625586	0.625586	0.625586	0.989056	0.989056	0.625586	0.625586	0.989056	0.625586	0.625586	0.625586	0.781965	1.10581	1.19099	1.0491	0.989102	1.25102	0.989102	0.884711	0.884711	0.989102	1.25102	0.989102	0.884711	0.989102	1.1385	1.22141	1.2608	1.0491	0.884711	0.842216	0.644849	0.442382	0.442382	0.56392	0.781994	0.884711	0.884711	0.884711	0.884711	0.884711	0.884711	0.884711	1.0014	1.22141	1.32693	1.32693	1.39867	1.39867	1.32693	1.32693	1.32693	1.39867	1.39867	1.32693	1.39867	1.54006	1.74815	1.8234	1.8234	1.8234	1.88273	2.17185	2.25459	2.25459	2.25459	2.38095	2.38095	2.25459	2.25459	2.38609	2.72947	2.68898	2.68898	2.68898	2.81742	3.16377	3.16377	3.03406	3.12507	3.21725	3.12507	3.25115	3.46859	3.56207	3.63307	3.29579	3.25115	3.56546	3.64311	3.56207	3.68628	3.90416	3.9995	4.20386	4.34029	4.37371	4.39859	4.39859	4.15738	4.12218	4.34029	4.37371	4.39859	4.34029	4.37371	4.39859	4.34029	4.37371	4.26123	3.9995	3.94134	3.84135	3.56207	3.56207	3.63307	3.29579	3.08187	2.86887	2.81742	3.16377	3.01792	2.68898	2.65702	2.62002	2.25459	2.23827	2.03244	2.0563	1.88267	1.54006	1.74815	1.83007	1.88267	1.39867	1.44168	1.26077	0.989102	1.25102	1.40734	1.3361	1.44168	1.57142	0.989102	0.989102	0.989102	1.09469	1.33603	0.625586	0.625586	0.989056	0.989056	0.625586	0.625586	0.625586	0.842171	1.22131	0.442348	0.442348	0.442348	0.781936	0.842171	0.625586	0.625586	0.625586	0.989056
0.797363	0.842138	0.781921	0.797387	0.842138	0.98901	0.98901	0.884629	0.98901	1.25091	0.98901	0.884629	0.98901	0.98901	0.98901	0.98901	1.049	1.44155	1.39854	1.22129	1.1384	1.25091	0.98901	0.98901	0.98901	0.98901	0.951197	0.563867	0.625528	0.625528	0.988965	0.988965	0.625528	0.625528	0.625528	0.988965	0.625528	0.644766	0.563827	0.442307	0.884561	0.884561	0.442307	0.442307	0.884561	0.442307	0.563827	0.644766	0.625528	0.988965	0.625528	0.625528	1.2606	1.2212	0.442307	0.884561	0.884561	0.442307	1.32671	0.884561	0.442307	0.442307	1.32671	1.32671	0.781863	0.842093	0.644766	1.34501	0.842093	0.625528	0.625528	0.644766	1.34501	1.2606	0.625528	0.644766	1.34501	0.842093	0.625528	0.988965	0.625528	0.644766	0.563827	0.781863	1.2606	0.988965	0.625528	0.625528	0.988965	0.625528	0.625528	0.625528	0.625528	0.988965	0.988965	0.625528	0.625528	0.988965	0.625528	0.625528	0.625528	0.951173	1.41585	1.19088	1.00131	0.98901	1.25091	0.98901	0.884629	0.884629	0.98901	1.25091	0.98901	0.884629	0.98901	1.26065	1.26068	1.22129	1.00131	0.884629	0.781921	0.563867	0.442341	0.442341	0.644789	0.842138	0.884629	0.884629	0.884629	0.884629	0.884629	0.884629	0.884629	1.049	1.26068	1.32681	1.32681	1.39854	1.39854	1.32681	1.32681	1.32681	1.39854	1.39854	1.32681	1.39854	1.63233	1.8299	1.82323	1.82323	1.82323	1.90832	2.23806	2.25438	2.25438	2.25438	2.38073	2.38073	2.25438	2.25438	2.44645	2.81712	2.68873	2.68873	2.68873	2.8686	3.16348	3.16348	3.08159	3.12478	3.21695	3.12478	3.29549	3.51011	3.56174	3.56513	3.25085	3.29549	3.63273	3.64278	3.56174	3.72531	3.94097	3.99914	4.26083	4.37331	4.33988	4.39819	4.39819	4.12179	4.157	4.37331	4.33988	4.39819	4.37331	4.33988	4.39819	4.37331	4.33988	4.20347	3.99914	3.9038	3.77717	3.56174	3.56174	3.56513	3.25085	3.03378	2.81716	2.8686	3.16348	2.93578	2.68873	2.60112	2.52496	2.25438	2.17165	1.95884	1.93372	1.74795	1.63233	1.8299	1.74798	1.74795	1.39854	1.33597	1.1384	0.98901	1.25091	1.57128	1.44155	1.33597	1.40721	0.98901	0.98901	0.98901	0.951197	1.13835	0.625528	0.625528	0.988965	0.988965	0.625528	0.625528	0.625528	0.644766	1.00123	0.442307	0.442307	0.442307	0.563827	0.644766	0.625528	0.625528	0.625528	0.988965
0.884479	0.442266	0	0.442266	0.442266	0.442266	0.442266	0	0.442266	0.884479	0.442266	0	0.442266	0.442266	0.442266	0.442266	0.442266	0.884479	0.442266	0	0.442266	0.884479	0.442266	0.442266	0.442266	0.442266	0.442266	0	0.442266	0.442266	0.884479	0.884479	0.442266	0.442266	0.442266	0.884479	0.442266	0.442266	0.442266	0.442266	0.884479	0.884479	0.442266	0.442266	0.884479	0.442266	0.442266	0.442266	0.442266	0.884479	0.442266	0.442266	1.32659	1.32659	0.442266	0.884479	0.884479	0.442266	1.32659	0.884479	0.442266	0.442266	1.32659	1.32659	0.884479	0.884479	0.442266	1.32659	0.884479	0.442266	0.442266	0.442266	1.32659	1.32659	0.442266	0.442266	1.32659	0.884479	0.442266	0.884479	0.442266	0.442266	0.442266	0.884479	1.32659	0.884479	0.442266	0.442266	0.884479	0.442266	0.442266	0.442266	0.442266	0.884479	0.884479	0.442266	0.442266	0.884479	0.442266	0.442266	0.442266	0.884479	1.32659	0.442266	0	0.442266	0.884479	0.442266	0	0	0.442266	0.884479	0.442266	0	0.442266	0.884479	0.442266	0	0	0	0	0	0	0	0.442266	0.442266	0	0	0	0	0	0	0	0.442266	0.442266	0	0	0.442266	0.442266	0	0	0	0.442266	0.442266	0	0.442266	0.884479	0.884479	0.442266	0.442266	0.442266	0.442266	0.884479	0.442266	0.442266	0.442266	0.884479	0.884479	0.442266	0.442266	0.884479	1.32659	0.442266	0.442266	0.442266	0.884479	1.32659	1.32659	0.884479	0.442266	0.884479	0.442266	0.884479	0.884479	0.442266	0.884479	0.442266	0.884479	1.32659	0.884479	0.442266	0.884479	0.884479	0.442266	1.32659	0.884479	0.442266	1.32659	1.32659	0.442266	0.884479	0.884479	0.442266	1.32659	0.884479	0.442266	1.32659	0.884479	0.442266	0.884479	0.442266	0.442266	0.884479	0.442266	0.442266	0.884479	0.442266	0.442266	0.442266	0.884479	1.32659	0.884479	0.442266	0.442266	0.884479	0.442266	0.442266	0.442266	0.884479	0.884479	0.884479	0.884479	0.442266	0.884479	0.442266	0.442266	0.442266	0.442266	0.884479	1.32659	0.884479	0.442266	0.884479	0.442266	0.442266	0.442266	0.442266	0.884479	0.442266	0.442266	0.884479	0.884479	0.442266	0.442266	0.442266	0.442266	0.884479	0.442266	0.442266	0.442266	0.442266	0.442266	0.442266	0.442266	0.442266	0.884479
0.884397	0.442225	0	0.442225	0.442225	0.442225	0.442225	0	0.442225	0.884397	0.442225	0	0.442225	0.442225	0.442225	0.442225	0.442225	0.884397	0.442225	0	0.442225	0.884397	0.442225	0.442225	0.442225	0.442225	0.442225	0	0.442225	0.442225	0.884397	0.884397	0.442225	0.442225	0.442225	0.884397	0.442225	0.442225	0.442225	0.442225	0.884397	0.884397	0.442225	0.442225	0.884397	0.442225	0.442225	0.442225	0.442225	0.884397	0.442225	0.442225	1.32646	1.32646	0.442225	0.884397	0.884397	0.442225	1.32646	0.884397	0.442225	0.442225	1.32646	1.32646	0.884397	0.884397	0.442225	1.32646	0.884397	0.442225	0.442225	0.442225	1.32646	1.32646	0.442225	0.442225	1.32646	0.884397	0.442225	0.884397	0.442225	0.442225	0.442225	0.884397	1.32646	0.884397	0.442225	0.442225	0.884397	0.442225	0.442225	0.442225	0.442225	0.884397	0.884397	0.442225	0.442225	0.884397	0.442225	0.442225	0.442225	0.884397	1.32646	0.442225	0	0.442225	0.884397	0.442225	0	0	0.442225	0.884397	0.442225	0	0.442225	0.884397	0.442225	0	0	0	0	0	0	0	0.442225	0.442225	0	0	0	0	0	0	0	0.442225	0.442225	0	0	0.442225	0.442225	0	0	0	0.442225	0.442225	0	0.442225	0.884397	0.884397	0.442225	0.442225	0.442225	0.442225	0.884397	0.442225	0.442225	0.442225	0.884397	0.884397	0.442225	0.442225	0.884397	1.32646	0.442225	0.442225	0.442225	0.884397	1.32646	1.32646	0.884397	0.442225	0.884397	0.442225	0.884397	0.884397	0.442225	0.884397	0.442225	0.884397	1.32646	0.884397	0.442225	0.884397	0.884397	0.442225	1.32646	0.884397	0.442225	1.32646	1.32646	0.442225	0.884397	0.884397	0.442225	1.32646	0.884397	0.442225	1.32646	0.884397	0.442225	0.884397	0.442225	0.442225	0.884397	0.442225	0.442225	0.884397	0.442225	0.442225	0.442225	0.884397	1.32646	0.884397	0.442225	0.442225	0.884397	0.442225	0.442225	0.442225	0.884397	0.884397	0.884397	0.884397	0.442225	0.884397	0.442225	0.442225	0.442225	0.442225	0.884397	1.32646	0.884397	0.442225	0.884397	0.442225	0.442225	0.442225	0.442225	0.884397	0.442225	0.442225	0.884397	0.884397	0.442225	0.442225	0.442225	0.442225	0.884397	0.442225	0.442225	0.442225	0.442225	0.442225	0.442225	0.442225	0.442225	0.884397
0.884315	0.442184	0	0.442184	0.442184	0.442184	0.442184	0	0.442184	0.884315	0.442184	0	0.442184	0.442184	0.442184	0.442184	0.442184	0.884315	0.442184	0	0.442184	0.884315	0.442184	0.442184	0.442184	0.442184	0.442184	0	0.442184	0.442184	0.884315	0.884315	0.442184	0.442184	0.442184	0.884315	0.442184	0.442184	0.442184	0.442184	0.884315	0.884315	0.442184	0.442184	0.884315	0.442184	0.442184	0.442184	0.442184	0.884315	0.442184	0.442184	1.32634	1.32634	0.442184	0.884315	0.884315	0.442184	1.32634	0.884315	0.442184	0.442184	1.32634	1.32634	0.884315	0.884315	0.442184	1.32634	0.884315	0.442184	0.442184	0.442184	1.32634	1.32634	0.442184	0.442184	1.32634	0.884315	0.442184	0.884315	0.442184	0.442184	0.442184	0.884315	1.32634	0.884315	0.442184	0.442184	0.884315	0.442184	0.442184	0.442184	0.442184	0.884315	0.884315	0.442184	0.442184	0.884315	0.442184	0.442184	0.442184	0.884315	1.32634	0.442184	0	0.442184	0.884315	0.442184	0	0	0.442184	0.884315	0.442184	0	0.442184	0.884315	0.442184	0	0	0	0	0	0	0	0.442184	0.442184	0	0	0	0	0	0	0	0.442184	0.442184	0	0	0.442184	0.442184	0	0	0	0.442184	0.442184	0	0.442184	0.884315	0.884315	0.442184	0.442184	0.442184	0.442184	0.884315	0.442184	0.442184	0.442184	0.884315	0.884315	0.442184	0.442184	0.884315	1.32634	0.442184	0.442184	0.442184	0.884315	1.32634	1.32634	0.884315	0.442184	0.884315	0.442184	0.884315	0.884315	0.442184	0.884315	0.442184	0.884315	1.32634	0.884315	0.442184	0.884315	0.884315	0.442184	1.32634	0.884315	0.442184	1.32634	1.32634	0.442184	0.884315	0.884315	0.442184	1.32634	0.884315	0.442184	1.32634	0.884315	0.442184	0.884315	0.442184	0.442184	0.884315	0.442184	0.442184	0.884315	0.442184	0.442184	0.442184	0.884315	1.32634	0.884315	0.442184	0.442184	0.884315	0.442184	0.442184	0.442184	0.884315	0.884315	0.884315	0.884315	0.442184	0.884315	0.442184	0.442184	0.442184	0.442184	0.884315	1.32634	0.884315	0.442184	0.884315	0.442184	0.442184	0.442184	0.442184	0.884315	0.442184	0.442184	0.884315	0.884315	0.442184	0.442184	0.442184	0.442184	0.884315	0.442184	0.442184	0.442184	0.442184	0.442184	0.442184	0.442184	0.442184	0.884315
0.884233	0.442143	0	0.442143	0.442143	0.442143	0.442143	0	0.442143	0.884233	0.442143	0	0.442143	0.442143	0.442143	0.442143	0.442143	0.884233	0.442143	0	0.442143	0.884233	0.442143	0.442143	0.442143	0.442143	0.442143	0	0.442143	0.442143	0.884233	0.884233	0.442143	0.442143	0.442143	0.884233	0.442143	0.442143	0.442143	0.442143	0.884233	0.884233	0.442143	0.442143	0.884233	0.442143	0.442143	0.442143	0.442143	0.884233	0.442143	0.442143	1.32622	1.32622	0.442143	0.884233	0.884233	0.442143	1.32622	0.884233	0.442143	0.442143	1.32622	1.32622	0.884233	0.884233	0.442143	1.32622	0.884233	0.442143	0.442143	0.442143	1.32622	1.32622	0.442143	0.442143	1.32622	0.884233	0.442143	0.884233	0.442143	0.442143	0.442143	0.884233	1.32622	0.884233	0.442143	0.442143	0.884233	0.442143	0.442143	0.442143	0.442143	0.884233	0.884233	0.442143	0.442143	0.884233	0.442143	0.442143	0.442143	0.884233	1.32622	0.442143	0	0.442143	0.884233	0.442143	0	0	0.442143	0.884233	0.442143	0	0.442143	0.884233	0.442143	0	0	0	0	0	0	0	0.442143	0.442143	0	0	0	0	0	0	0	0.442143	0.442143	0	0	0.442143	0.442143	0	0	0	0.442143	0.442143	0	0.442143	0.884233	0.884233	0.442143	0.442143	0.442143	0.442143	0.884233	0.442143	0.442143	0.442143	0.884233	0.884233	0.442143	0.442143	0.884233	1.32622	0.442143	0.442143	0.442143	0.884233	1.32622	1.32622	0.884233	0.442143	0.884233	0.442143	0.884233	0.884233	0.442143	0.884233	0.442143	0.884233	1.32622	0.884233	0.442143	0.884233	0.884233	0.442143	1.32622	0.884233	0.442143	1.32622	1.32622	0.442143	0.884233	0.884233	0.442143	1.32622	0.884233	0.442143	1.32622	0.884233	0.442143	0.884233	0.442143	0.442143	0.884233	0.442143	0.442143	0.884233	0.442143	0.442143	0.442143	0.884233	1.32622	0.884233	0.442143	0.442143	0.884233	0.442143	0.442143	0.442143	0.884233	0.884233	0.884233	0.884233	0.442143	0.884233	0.442143	0.442143	0.442143	0.442143	0.884233	1.32622	0.884233	0.442143	0.884233	0.442143	0.442143	0.442143	0.442143	0.884233	0.442143	0.442143	0.884233	0.884233	0.442143	0.442143	0.442143	0.442143	0.884233	0.442143	0.442143	0.442143	0.442143	0.442143	0.442143	0.442143	0.442143	0.884233
0.884138	0.442095	0	0.442095	0.442095	0.442095	0.442095	0	0.442095	0.884138	0.442095	0	0.442095	0.442095	0.442095	0.442095	0.442095	0.884138	0.442095	0	0.442095	0.884138	0.442095	0.442095	0.442095	0.442095	0.442095	0	0.442095	0.442095	0.884138	0.884138	0.442095	0.442095	0.442095	0.884138	0.442095	0.442095	0.442095	0.442095	0.884138	0.884138	0.442095	0.442095	0.884138	0.442095	0.442095	0.442095	0.442095	0.884138	0.442095	0.442095	1.32607	1.32607	0.442095	0.884138	0.884138	0.442095	1.32607	0.884138	0.442095	0.442095	1.32607	1.32607	0.884138	0.884138	0.442095	1.32607	0.884138	0.442095	0.442095	0.442095	1.32607	1.32607	0.442095	0.442095	1.32607	0.884138	0.442095	0.884138	0.442095	0.442095	0.442095	0.884138	1.32607	0.884138	0.442095	0.442095	0.884138	0.442095	0.442095	0.442095	0.442095	0.884138	0.884138	0.442095	0.442095	0.884138	0.442095	0.442095	0.442095	0.884138	1.32607	0.442095	0	0.442095	0.884138	0.442095	0	0	0.442095	0.884138	0.442095	0	0.442095	0.884138	0.442095	0	0	0	0	0	0	0	0.442095	0.442095	0	0	0	0	0	0	0	0.442095	0.442095	0	0	0.442095	0.442095	0	0	0	0.442095	0.442095	0	0.442095	0.884138	0.884138	0.442095	0.442095	0.442095	0.442095	0.884138	0.442095	0.442095	0.442095	0.884138	0.884138	0.442095	0.442095	0.884138	1.32607	0.442095	0.442095	0.442095	0.884138	1.32607	1.32607	0.884138	0.442095	0.884138	0.442095	0.884138	0.884138	0.442095	0.884138	0.442095	0.884138	1.32607	0.884138	0.442095	0.884138	0.884138	0.442095	1.32607	0.884138	0.442095	1.32607	1.32607	0.442095	0.884138	0.884138	0.442095	1.32607	0.884138	0.442095	1.32607	0.884138	0.442095	0.884138	0.442095	0.442095	0.884138	0.442095	0.442095	0.884138	0.442095	0.442095	0.442095	0.884138	1.32607	0.884138	0.442095	0.442095	0.884138	0.442095	0.442095	0.442095	0.884138	0.884138	0.884138	0.884138	0.442095	0.884138	0.442095	0.442095	0.442095	0.442095	0.884138	1.32607	0.884138	0.442095	0.884138	0.442095	0.442095	0.442095	0.442095	0.884138	0.442095	0.442095	0.884138	0.884138	0.442095	0.442095	0.442095	0.442095	0.884138	0.442095	0.442095	0.442095	0.442095	0.442095	0.442095	0.442095	0.442095	0.884138
0.884056	0.442054	0	0.442054	0.442054	0.442054	0.442054	0	0.442054	0.884056	0.442054	0	0.442054	0.442054	0.442054	0.442054	0.442054	0.884056	0.442054	0	0.442054	0.884056	0.442054	0.442054	0.442054	0.442054	0.442054	0	0.442054	0.442054	0.884056	0.884056	0.442054	0.442054	0.442054	0.884056	0.442054	0.442054	0.442054	0.442054	0.884056	0.884056	0.442054	0.442054	0.884056	0.442054	0.442054	0.442054	0.442054	0.884056	0.442054	0.442054	1.32595	1.32595	0.442054	0.884056	0.884056	0.442054	1.32595	0.884056	0.442054	0.442054	1.32595	1.32595	0.884056	0.884056	0.442054	1.32595	0.884056	0.442054	0.442054	0.442054	1.32595	1.32595	0.442054	0.442054	1.32595	0.884056	0.442054	0.884056	0.442054	0.442054	0.442054	0.884056	1.32595	0.884056	0.442054	0.442054	0.884056	0.442054	0.442054	0.442054	0.442054	0.884056	0.884056	0.442054	0.442054	0.884056	0.442054	0.442054	0.442054	0.884056	1.32595	0.442054	0	0.442054	0.884056	0.442054	0	0	0.442054	0.884056	0.442054	0	0.442054	0.884056	0.442054	0	0	0	0	0	0	0	0.442054	0.442054	0	0	0	0	0	0	0	0.442054	0.442054	0	0	0.442054	0.442054	0	0	0	0.442054	0.442054	0	0.442054	0.884056	0.884056	0.442054	0.442054	0.442054	0.442054	0.884056	0.442054	0.442054	0.442054	0.884056	0.884056	0.442054	0.442054	0.884056	1.32595	0.442054	0.442054	0.442054	0.884056	1.32595	1.32595	0.884056	0.442054	0.884056	0.442054	0.884056	0.884056	0.442054	0.884056	0.442054	0.884056	1.32595	0.884056	0.442054	0.884056	0.884056	0.442054	1.32595	0.884056	0.442054	1.32595	1.32595	0.442054	0.884056	0.884056	0.442054	1.32595	0.884056	0.442054	1.32595	0.884056	0.442054	0.884056	0.442054	0.442054	0.884056	0.442054	0.442054	0.884056	0.442054	0.442054	0.442054	0.884056	1.32595	0.884056	0.442054	0.442054	0.884056	0.442054	0.442054	0.442054	0.884056	0.884056	0.884056	0.884056	0.442054	0.884056	0.442054	0.442054	0.442054	0.442054	0.884056	1.32595	0.884056	0.442054	0.884056	0.442054	0.442054	0.442054	0.442054	0.884056	0.442054	0.442054	0.884056	0.884056	0.442054	0.442054	0.442054	0.442054	0.884056	0.442054	0.442054	0.442054	0.442054	0.442054	0.442054	0.442054	0.442054	0.884056
0.883974	0.442013	0	0.442013	0.442013	0.442013	0.442013	0	0.442013	0.883974	0.442013	0	0.442013	0.442013	0.442013	0.442013	0.442013	0.883974	0.442013	0	0.442013	0.883974	0.442013	0.442013	0.442013	0.442013	0.442013	0	0.442013	0.442013	0.883974	0.883974	0.442013	0.442013	0.442013	0.883974	0.442013	0.442013	0.442013	0.442013	0.883974	0.883974	0.442013	0.442013	0.883974	0.442013	0.442013	0.442013	0.442013	0.883974	0.442013	0.442013	1.32583	1.32583	0.442013	0.883974	0.883974	0.442013	1.32583	0.883974	0.442013	0.442013	1.32583	1.32583	0.883974	0.883974	0.442013	1.32583	0.883974	0.442013	0.442013	0.442013	1.32583	1.32583	0.442013	0.442013	1.32583	0.883974	0.442013	0.883974	0.442013	0.442013	0.442013	0.883974	1.32583	0.883974	0.442013	0.442013	0.883974	0.442013	0.442013	0.442013	0.442013	0.883974	0.883974	0.442013	0.442013	0.883974	0.442013	0.442013	0.442013	0.883974	1.32583	0.442013	0	0.442013	0.883974	0.442013	0	0	0.442013	0.883974	0.442013	0	0.442013	0.883974	0.442013	0	0	0	0	0	0	0	0.442013	0.442013	0	0	0	0	0	0	0	0.442013	0.442013	0	0	0.442013	0.442013	0	0	0	0.442013	0.442013	0	0.442013	0.883974	0.883974	0.442013	0.442013	0.442013	0.442013	0.883974	0.442013	0.442013	0.442013	0.883974	0.883974	0.442013	0.442013	0.883974	1.32583	0.442013	0.442013	0.442013	0.883974	1.32583	1.32583	0.883974	0.442013	0.883974	0.442013	0.883974	0.883974	0.442013	0.883974	0.442013	0.883974	1.32583	0.883974	0.442013	0.883974	0.883974	0.442013	1.32583	0.883974	0.442013	1.32583	1.32583	0.442013	0.883974	0.883974	0.442013	1.32583	0.883974	0.442013	1.32583	0.883974	0.442013	0.883974	0.442013	0.442013	0.883974	0.442013	0.442013	0.883974	0.442013	0.442013	0.442013	0.883974	1.32583	0.883974	0.442013	0.442013	0.883974	0.442013	0.442013	0.442013	0.883974	0.883974	0.883974	0.883974	0.442013	0.883974	0.442013	0.442013	0.442013	0.442013	0.883974	1.32583	0.883974	0.442013	0.883974	0.442013	0.442013	0.442013	0.442013	0.883974	0.442013	0.442013	0.883974	0.883974	0.442013	0.442013	0.442013	0.442013	0.883974	0.442013	0.442013	0.442013	0.442013	0.442013	0.442013	0.442013	0.442013	0.883974
0.883892	0.441972	0	0.441972	0.441972	0.441972	0.441972	0	0.441972	0.883892	0.441972	0	0.441972	0.441972	0.441972	0.441972	0.441972	0.883892	0.441972	0	0.441972	0.883892	0.441972	0.441972	0.441972	0.441972	0.441972	0	0.441972	0.441972	0.883892	0.883892	0.441972	0.441972	0.441972	0.883892	0.441972	0.441972	0.441972	0.441972	0.883892	0.883892	0.441972	0.441972	0.883892	0.441972	0.441972	0.441972	0.441972	0.883892	0.441972	0.441972	1.32571	1.32571	0.441972	0.883892	0.883892	0.441972	1.32571	0.883892	0.441972	0.441972	1.32571	1.32571	0.883892	0.883892	0.441972	1.32571	0.883892	0.441972	0.441972	0.441972	1.32571	1.32571	0.441972	0.441972	1.32571	0.883892	0.441972	0.883892	0.441972	0.441972	0.441972	0.883892	1.32571	0.883892	0.441972	0.441972	0.883892	0.441972	0.441972	0.441972	0.441972	0.883892	0.883892	0.441972	0.441972	0.883892	0.441972	0.441972	0.441972	0.883892	1.32571	0.441972	0	0.441972	0.883892	0.441972	0	0	0.441972	0.883892	0.441972	0	0.441972	0.883892	0.441972	0	0	0	0	0	0	0	0.441972	0.441972	0	0	0	0	0	0	0	0.441972	0.441972	0	0	0.441972	0.441972	0	0	0	0.441972	0.441972	0	0.441972	0.883892	0.883892	0.441972	0.441972	0.441972	0.441972	0.883892	0.441972	0.441972	0.441972	0.883892	0.883892	0.441972	0.441972	0.883892	1.32571	0.441972	0.441972	0.441972	0.883892	1.32571	1.32571	0.883892	0.441972	0.883892	0.441972	0.883892	0.883892	0.441972	0.883892	0.441972	0.883892	1.32571	0.883892	0.441972	0.883892	0.883892	0.441972	1.32571	0.883892	0.441972	1.32571	1.32571	0.441972	0.883892	0.883892	0.441972	1.32571	0.883892	0.441972	1.32571	0.883892	0.441972	0.883892	0.441972	0.441972	0.883892	0.441972	0.441972	0.883892	0.441972	0.441972	0.441972	0.883892	1.32571	0.883892	0.441972	0.441972	0.883892	0.441972	0.441972	0.441972	0.883892	0.883892	0.883892	0.883892	0.441972	0.883892	0.441972	0.441972	0.441972	0.441972	0.883892	1.32571	0.883892	0.441972	0.883892	0.441972	0.441972	0.441972	0.441972	0.883892	0.441972	0.441972	0.883892	0.883892	0.441972	0.441972	0.441972	0.441972	0.883892	0.441972	0.441972	0.441972	0.441972	0.441972	0.441972	0.441972	0.441972	0.883892
0.88381	0.441931	0	0.441931	0.441931	0.441931	0.441931	0	0.441931	0.88381	0.441931	0	0.441931	0.441931	0.441931	0.441931	0.441931	0.88381	0.441931	0	0.441931	0.88381	0.441931	0.441931	0.441931	0.441931	0.441931	0	0.441931	0.441931	0.88381	0.88381	0.441931	0.441931	0.441931	0.88381	0.441931	0.441931	0.441931	0.441931	0.88381	0.88381	0.441931	0.441931	0.88381	0.441931	0.441931	0.441931	0.441931	0.88381	0.441931	0.441931	1.32558	1.32558	0.441931	0.88381	0.88381	0.441931	1.32558	0.88381	0.441931	0.441931	1.32558	1.32558	0.88381	0.88381	0.441931	1.32558	0.88381	0.441931	0.441931	0.441931	1.32558	1.32558	0.441931	0.441931	1.32558	0.88381	0.441931	0.88381	0.441931	0.441931	0.441931	0.88381	1.32558	0.88381	0.441931	0.441931	0.88381	0.441931	0.441931	0.441931	0.441931	0.88381	0.88381	0.441931	0.441931	0.88381	0.441931	0.441931	0.441931	0.88381	1.32558	0.441931	0	0.441931	0.88381	0.441931	0	0	0.441931	0.88381	0.441931	0	0.441931	0.88381	0.441931	0	0	0	0	0	0	0	0.441931	0.441931	0	0	0	0	0	0	0	0.441931	0.441931	0	0	0.441931	0.441931	0	0	0	0.441931	0.441931	0	0.441931	0.88381	0.88381	0.441931	0.441931	0.441931	0.441931	0.88381	0.441931	0.441931	0.441931	0.88381	0.88381	0.441931	0.441931	0.88381	1.32558	0.441931	0.441931	0.441931	0.88381	1.32558	1.32558	0.88381	0.441931	0.88381	0.441931	0.88381	0.88381	0.441931	0.88381	0.441931	0.88381	1.32558	0.88381	0.441931	0.88381	0.88381	0.441931	1.32558	0.88381	0.441931	1.32558	1.32558	0.441931	0.88381	0.88381	0.441931	1.32558	0.88381	0.441931	1.32558	0.88381	0.441931	0.88381	0.441931	0.441931	0.88381	0.441931	0.441931	0.88381	0.441931	0.441931	0.441931	0.88381	1.32558	0.88381	0.441931	0.441931	0.88381	0.441931	0.441931	0.441931	0.88381	0.88381	0.88381	0.88381	0.441931	0.88381	0.441931	0.441931	0.441931	0.441931	0.88381	1.32558	0.88381	0.441931	0.88381	0.441931	0.441931	0.441931	0.441931	0.88381	0.441931	0.441931	0.88381	0.88381	0.441931	0.441931	0.441931	0.441931	0.88381	0.441931	0.441931	0.441931	0.441931	0.441931	0.441931	0.441931	0.441931	0.88381
1.59294	1.39721	1.4402	1.74631	1.82149	1.82149	1.82149	1.88076	2.03632	2.03031	1.82149	1.88076	2.03632	1.9065	1.82149	1.82149	1.82149	1.82815	1.47368	1.4402	1.74631	1.82815	1.47368	1.39721	1.39721	1.39721	1.39721	1.32554	1.39721	1.39721	1.59294	1.59294	1.39721	1.39721	1.25947	1.25945	0.988065	0.988065	0.988065	0.841333	0.950263	0.988019	0.62493	0.62493	0.841288	0.349345	0.441884	0.441884	0.441884	1.00028	0.644149	0.62493	1.25939	1.34372	0.644149	0.841288	0.781116	0.563288	1.34372	0.781116	0.563288	0.644149	1.39712	1.39712	0.841288	0.781116	0.563288	1.34372	0.781116	0.563288	0.644149	0.62493	1.39712	1.39712	0.62493	0.781145	1.6307	1.24971	0.988065	1.40587	1.3347	1.39721	1.39721	1.44017	1.72518	1.5698	1.39721	1.53845	1.93187	1.82149	1.82149	1.82149	1.82149	1.97554	1.97554	1.82149	1.82149	1.97554	1.82149	1.82149	1.82149	1.82815	1.7252	1.18974	1.22012	1.25947	1.25945	0.988065	0.883783	0.883783	0.988065	1.09354	0.644173	0.563328	0.796624	0.796601	0.349345	0	0	0	0	0	0	0	0.441884	0.441884	0	0	0	0	0	0	0	0.349345	0.494069	0.781174	0.883783	0.988065	0.988065	0.883783	0.883783	0.883783	0.988065	0.937348	0.312474	0.441884	0.883715	0.883715	0.441884	0.563288	0.644149	0.62493	0.988019	0.62493	0.62493	0.62493	1.13726	1.25942	0.988065	0.988065	1.09354	1.48184	0.950287	0.988065	0.988065	1.24971	1.59289	1.59289	1.24971	0.988065	1.24971	0.988065	1.24971	1.24971	0.988065	1.40587	1.3347	1.44017	1.72518	1.5698	1.39721	1.59294	1.59294	1.39721	1.87419	1.59294	1.39721	1.87419	1.87419	1.39721	1.59294	1.59294	1.39721	1.87419	1.59294	1.39721	1.71811	1.25945	0.988065	1.24971	0.988065	0.988065	1.40587	1.3347	1.39721	1.59294	1.39721	1.39721	1.39721	1.44017	1.56977	1.24971	0.988065	0.988065	1.24971	0.988065	0.988065	0.988065	1.24971	1.24971	1.09354	0.950263	0.62493	0.988019	0.62493	0.62493	0.62493	0.62493	0.988019	1.25939	0.781116	0.563288	1.04793	0.62493	0.468705	0.349345	0.441884	0.883715	0.441884	0.441884	0.781116	0.841288	0.62493	0.62493	0.62493	0.62493	0.988019	0.62493	0.644173	0.841333	0.950287	0.781145	0.644173	0.841333	0.988065	1.24971
1.59279	1.39708	1.47354	1.82798	1.82132	1.82132	1.82132	1.90632	2.03613	1.95679	1.82132	1.90632	2.03613	1.88058	1.82132	1.82132	1.82132	1.74615	1.44007	1.47354	1.82798	1.74615	1.44007	1.39708	1.39708	1.39708	1.39708	1.32542	1.39708	1.39708	1.59279	1.59279	1.39708	1.39708	1.22001	1.1372	0.987973	0.987973	0.987973	0.781101	0.781072	0.987928	0.624872	0.624872	0.64409	0.156224	0.441843	0.441843	0.441843	1.21992	0.84121	0.624872	1.04783	1.3436	0.84121	0.64409	0.563236	0.781043	1.3436	0.563236	0.781043	0.84121	1.39699	1.39699	0.64409	0.563236	0.781043	1.3436	0.563236	0.781043	0.84121	0.624872	1.39699	1.39699	0.624872	0.950175	1.82789	1.2496	0.987973	1.56963	1.44004	1.39708	1.39708	1.33457	1.72502	1.71795	1.39708	1.63062	2.05395	1.82132	1.82132	1.82132	1.82132	1.97536	1.97536	1.82132	1.82132	1.97536	1.82132	1.82132	1.82132	1.74615	1.48178	1.18963	1.25936	1.22001	1.1372	0.987973	0.883701	0.883701	0.987973	0.950199	0.563276	0.644113	0.79655	0.494023	0.156224	0	0	0	0	0	0	0	0.441843	0.441843	0	0	0	0	0	0	0	0.156224	0.494023	0.841255	0.883701	0.987973	0.987973	0.883701	0.883701	0.883701	0.987973	1.28802	0.698599	0.441843	0.883633	0.883633	0.441843	0.781043	0.84121	0.624872	0.987928	0.624872	0.624872	0.624872	1.3345	1.43999	0.987973	0.987973	0.950199	1.48171	1.09344	0.987973	0.987973	1.2496	1.59275	1.59275	1.2496	0.987973	1.2496	0.987973	1.2496	1.2496	0.987973	1.56963	1.44004	1.33457	1.72502	1.71795	1.39708	1.59279	1.59279	1.39708	1.87402	1.59279	1.39708	1.87402	1.87402	1.39708	1.59279	1.59279	1.39708	1.87402	1.59279	1.39708	1.56965	1.1372	0.987973	1.2496	0.987973	0.987973	1.56963	1.44004	1.39708	1.59279	1.39708	1.39708	1.39708	1.33457	1.40574	1.2496	0.987973	0.987973	1.2496	0.987973	0.987973	0.987973	1.2496	1.2496	0.950199	0.781072	0.624872	0.987928	0.624872	0.624872	0.624872	0.624872	0.987928	1.04783	0.563236	0.781043	1.25927	0.624872	0.349334	0.156224	0.441843	0.883633	0.441843	0.441843	0.563236	0.64409	0.624872	0.624872	0.624872	0.624872	0.987928	0.624872	0.563276	0.781101	1.09344	0.950175	0.563276	0.781101	0.987973	1.2496
0.883551	0.441802	0.441802	0.883551	0.441802	0.441802	0.441802	0.441802	0.441802	0.441802	0.441802	0.441802	0.441802	0	0.441802	0.441802	0.441802	0.441802	0	0.441802	0.883551	0.441802	0	0.441802	0.441802	0.441802	0.441802	0	0.441802	0.441802	0.883551	0.883551	0.441802	0.441802	0	0.441802	0.441802	0.441802	0.441802	0	0.441802	0.883551	0.441802	0.441802	0.441802	0	0.441802	0.441802	0.441802	1.3252	0.883551	0.441802	0.883551	1.3252	0.883551	0.441802	0.441802	0.883551	1.3252	0.441802	0.883551	0.883551	1.3252	1.3252	0.441802	0.441802	0.883551	1.3252	0.441802	0.883551	0.883551	0.441802	1.3252	1.3252	0.441802	0.883551	1.76668	0.883551	0.441802	1.3252	0.883551	0.441802	0.441802	0.441802	1.3252	1.3252	0.441802	0.883551	1.3252	0.441802	0.441802	0.441802	0.441802	0.883551	0.883551	0.441802	0.441802	0.883551	0.441802	0.441802	0.441802	0.441802	0.441802	0.441802	0.441802	0	0.441802	0.441802	0	0	0.441802	0.441802	0	0.441802	0.441802	0	0	0	0	0	0	0	0	0	0.441802	0.441802	0	0	0	0	0	0	0	0	0.441802	0.441802	0	0.441802	0.441802	0	0	0	0.441802	1.3252	0.883551	0.441802	0.883551	0.883551	0.441802	0.883551	0.883551	0.441802	0.883551	0.441802	0.441802	0.441802	1.3252	1.3252	0.441802	0.441802	0.441802	1.3252	0.883551	0.441802	0.441802	0.883551	1.3252	1.3252	0.883551	0.441802	0.883551	0.441802	0.883551	0.883551	0.441802	1.3252	0.883551	0.441802	1.3252	1.3252	0.441802	0.883551	0.883551	0.441802	1.3252	0.883551	0.441802	1.3252	1.3252	0.441802	0.883551	0.883551	0.441802	1.3252	0.883551	0.441802	0.883551	0.441802	0.441802	0.883551	0.441802	0.441802	1.3252	0.883551	0.441802	0.883551	0.441802	0.441802	0.441802	0.441802	0.883551	0.883551	0.441802	0.441802	0.883551	0.441802	0.441802	0.441802	0.883551	0.883551	0.441802	0.441802	0.441802	0.883551	0.441802	0.441802	0.441802	0.441802	0.883551	0.883551	0.441802	0.883551	1.3252	0.441802	0	0	0.441802	0.883551	0.441802	0.441802	0.441802	0.441802	0.441802	0.441802	0.441802	0.441802	0.883551	0.441802	0	0	0.883551	0.883551	0	0	0.441802	0.883551
0.88347	0.441761	0.441761	0.88347	0.441761	0.441761	0.441761	0.441761	0.441761	0.441761	0.441761	0.441761	0.441761	0	0.441761	0.441761	0.441761	0.441761	0	0.441761	0.88347	0.441761	0	0.441761	0.441761	0.441761	0.441761	0	0.441761	0.441761	0.88347	0.88347	0.441761	0.441761	0	0.441761	0.441761	0.441761	0.441761	0	0.441761	0.88347	0.441761	0.441761	0.441761	0	0.441761	0.441761	0.441761	1.32507	0.88347	0.441761	0.88347	1.32507	0.88347	0.441761	0.441761	0.88347	1.32507	0.441761	0.88347	0.88347	1.32507	1.32507	0.441761	0.441761	0.88347	1.32507	0.441761	0.88347	0.88347	0.441761	1.32507	1.32507	0.441761	0.88347	1.76652	0.88347	0.441761	1.32507	0.88347	0.441761	0.441761	0.441761	1.32507	1.32507	0.441761	0.88347	1.32507	0.441761	0.441761	0.441761	0.441761	0.88347	0.88347	0.441761	0.441761	0.88347	0.441761	0.441761	0.441761	0.441761	0.441761	0.441761	0.441761	0	0.441761	0.441761	0	0	0.441761	0.441761	0	0.441761	0.441761	0	0	0	0	0	0	0	0	0	0.441761	0.441761	0	0	0	0	0	0	0	0	0.441761	0.441761	0	0.441761	0.441761	0	0	0	0.441761	1.32507	0.88347	0.441761	0.88347	0.88347	0.441761	0.88347	0.88347	0.441761	0.88347	0.441761	0.441761	0.441761	1.32507	1.32507	0.441761	0.441761	0.441761	1.32507	0.88347	0.441761	0.441761	0.88347	1.32507	1.32507	0.88347	0.441761	0.88347	0.441761	0.88347	0.88347	0.441761	1.32507	0.88347	0.441761	1.32507	1.32507	0.441761	0.88347	0.88347	0.441761	1.32507	0.88347	0.441761	1.32507	1.32507	0.441761	0.88347	0.88347	0.441761	1.32507	0.88347	0.441761	0.88347	0.441761	0.441761	0.88347	0.441761	0.441761	1.32507	0.88347	0.441761	0.88347	0.441761	0.441761	0.441761	0.441761	0.88347	0.88347	0.441761	0.441761	0.88347	0.441761	0.441761	0.441761	0.88347	0.88347	0.441761	0.441761	0.441761	0.88347	0.441761	0.441761	0.441761	0.441761	0.88347	0.88347	0.441761	0.88347	1.32507	0.441761	0	0	0.441761	0.88347	0.441761	0.441761	0.441761	0.441761	0.441761	0.441761	0.441761	0.441761	0.88347	0.441761	0	0	0.88347	0.88347	0	0	0.441761	0.88347
0.883388	0.44172	0.44172	0.883388	0.44172	0.44172	0.44172	0.44172	0.44172	0.44172	0.44172	0.44172	0.44172	0	0.44172	0.44172	0.44172	0.44172	0	0.44172	0.883388	0.44172	0	0.44172	0.44172	0.44172	0.44172	0	0.44172	0.44172	0.883388	0.883388	0.44172	0.44172	0	0.44172	0.44172	0.44172	0.44172	0	0.44172	0.883388	0.44172	0.44172	0.44172	0	0.44172	0.44172	0.44172	1.32495	0.883388	0.44172	0.883388	1.32495	0.883388	0.44172	0.44172	0.883388	1.32495	0.44172	0.883388	0.883388	1.32495	1.32495	0.44172	0.44172	0.883388	1.32495	0.44172	0.883388	0.883388	0.44172	1.32495	1.32495	0.44172	0.883388	1.76636	0.883388	0.44172	1.32495	0.883388	0.44172	0.44172	0.44172	1.32495	1.32495	0.44172	0.883388	1.32495	0.44172	0.44172	0.44172	0.44172	0.883388	0.883388	0.44172	0.44172	0.883388	0.44172	0.44172	0.44172	0.44172	0.44172	0.44172	0.44172	0	0.44172	0.44172	0	0	0.44172	0.44172	0	0.44172	0.44172	0	0	0	0	0	0	0	0	0	0.44172	0.44172	0	0	0	0	0	0	0	0	0.44172	0.44172	0	0.44172	0.44172	0	0	0	0.44172	1.32495	0.883388	0.44172	0.883388	0.883388	0.44172	0.883388	0.883388	0.44172	0.883388	0.44172	0.44172	0.44172	1.32495	1.32495	0.44172	0.44172	0.44172	1.32495	0.883388	0.44172	0.44172	0.883388	1.32495	1.32495	0.883388	0.44172	0.883388	0.44172	0.883388	0.883388	0.44172	1.32495	0.883388	0.44172	1.32495	1.32495	0.44172	0.883388	0.883388	0.44172	1.32495	0.883388	0.44172	1.32495	1.32495	0.44172	0.883388	0.883388	0.44172	1.32495	0.883388	0.44172	0.883388	0.44172	0.44172	0.883388	0.44172	0.44172	1.32495	0.883388	0.44172	0.883388	0.44172	0.44172	0.44172	0.44172	0.883388	0.883388	0.44172	0.44172	0.883388	0.44172	0.44172	0.44172	0.883388	0.883388	0.44172	0.44172	0.44172	0.883388	0.44172	0.44172	0.44172	0.44172	0.883388	0.883388	0.44172	0.883388	1.32495	0.44172	0	0	0.44172	0.883388	0.44172	0.44172	0.44172	0.44172	0.44172	0.44172	0.44172	0.44172	0.883388	0.44172	0	0	0.883388	0.883388	0	0	0.44172	0.883388
0.883306	0.441679	0.441679	0.883306	0.441679	0.441679	0.441679	0.441679	0.441679	0.441679	0.441679	0.441679	0.441679	0	0.441679	0.441679	0.441679	0.441679	0	0.441679	0.883306	0.441679	0	0.441679	0.441679	0.441679	0.441679	0	0.441679	0.441679	0.883306	0.883306	0.441679	0.441679	0	0.441679	0.441679	0.441679	0.441679	0	0.441679	0.883306	0.441679	0.441679	0.441679	0	0.441679	0.441679	0.441679	1.32483	0.883306	0.441679	0.883306	1.32483	0.883306	0.441679	0.441679	0.883306	1.32483	0.441679	0.883306	0.883306	1.32483	1.32483	0.441679	0.441679	0.883306	1.32483	0.441679	0.883306	0.883306	0.441679	1.32483	1.32483	0.441679	0.883306	1.76619	0.883306	0.441679	1.32483	0.883306	0.441679	0.441679	0.441679	1.32483	1.32483	0.441679	0.883306	1.32483	0.441679	0.441679	0.441679	0.441679	0.883306	0.883306	0.441679	0.441679	0.883306	0.441679	0.441679	0.441679	0.441679	0.441679	0.441679	0.441679	0	0.441679	0.441679	0	0	0.441679	0.441679	0	0.441679	0.441679	0	0	0	0	0	0	0	0	0	0.441679	0.441679	0	0	0	0	0	0	0	0	0.441679	0.441679	0	0.441679	0.441679	0	0	0	0.441679	1.32483	0.883306	0.441679	0.883306	0.883306	0.441679	0.883306	0.883306	0.441679	0.883306	0.441679	0.441679	0.441679	1.32483	1.32483	0.441679	0.441679	0.441679	1.32483	0.883306	0.441679	0.441679	0.883306	1.32483	1.32483	0.883306	0.441679	0.883306	0.441679	0.883306	0.883306	0.441679	1.32483	0.883306	0.441679	1.32483	1.32483	0.441679	0.883306	0.883306	0.441679	1.32483	0.883306	0.441679	1.32483	1.32483	0.441679	0.883306	0.883306	0.441679	1.32483	0.883306	0.441679	0.883306	0.441679	0.441679	0.883306	0.441679	0.441679	1.32483	0.883306	0.441679	0.883306	0.441679	0.441679	0.441679	0.441679	0.883306	0.883306	0.441679	0.441679	0.883306	0.441679	0.441679	0.441679	0.883306	0.883306	0.441679	0.441679	0.441679	0.883306	0.441679	0.441679	0.441679	0.441679	0.883306	0.883306	0.441679	0.883306	1.32483	0.441679	0	0	0.441679	0.883306	0.441679	0.441679	0.441679	0.441679	0.441679	0.441679	0.441679	0.441679	0.883306	0.441679	0	0	0.883306	0.883306	0	0	0.441679	0.883306
0.883211	0.441632	0.441632	0.883211	0.441632	0.441632	0.441632	0.441632	0.441632	0.441632	0.441632	0.441632	0.441632	0	0.441632	0.441632	0.441632	0.441632	0	0.441632	0.883211	0.441632	0	0.441632	0.441632	0.441632	0.441632	0	0.441632	0.441632	0.883211	0.883211	0.441632	0.441632	0	0.441632	0.441632	0.441632	0.441632	0	0.441632	0.883211	0.441632	0.441632	0.441632	0	0.441632	0.441632	0.441632	1.32469	0.883211	0.441632	0.883211	1.32469	0.883211	0.441632	0.441632	0.883211	1.32469	0.441632	0.883211	0.883211	1.32469	1.32469	0.441632	0.441632	0.883211	1.32469	0.441632	0.883211	0.883211	0.441632	1.32469	1.32469	0.441632	0.883211	1.766	0.883211	0.441632	1.32469	0.883211	0.441632	0.441632	0.441632	1.32469	1.32469	0.441632	0.883211	1.32469	0.441632	0.441632	0.441632	0.441632	0.883211	0.883211	0.441632	0.441632	0.883211	0.441632	0.441632	0.441632	0.441632	0.441632	0.441632	0.441632	0	0.441632	0.441632	0	0	0.441632	0.441632	0	0.441632	0.441632	0	0	0	0	0	0	0	0	0	0.441632	0.441632	0	0	0	0	0	0	0	0	0.441632	0.441632	0	0.441632	0.441632	0	0	0	0.441632	1.32469	0.883211	0.441632	0.883211	0.883211	0.441632	0.883211	0.883211	0.441632	0.883211	0.441632	0.441632	0.441632	1.32469	1.32469	0.441632	0.441632	0.441632	1.32469	0.883211	0.441632	0.441632	0.883211	1.32469	1.32469	0.883211	0.441632	0.883211	0.441632	0.883211	0.883211	0.441632	1.32469	0.883211	0.441632	1.32469	1.32469	0.441632	0.883211	0.883211	0.441632	1.32469	0.883211	0.441632	1.32469	1.32469	0.441632	0.883211	0.883211	0.441632	1.32469	0.883211	0.441632	0.883211	0.441632	0.441632	0.883211	0.441632	0.441632	1.32469	0.883211	0.441632	0.883211	0.441632	0.441632	0.441632	0.441632	0.883211	0.883211	0.441632	0.441632	0.883211	0.441632	0.441632	0.441632	0.883211	0.883211	0.441632	0.441632	0.441632	0.883211	0.441632	0.441632	0.441632	0.441632	0.883211	0.883211	0.441632	0.883211	1.32469	0.441632	0	0	0.441632	0.883211	0.441632	0.441632	0.441632	0.441632	0.441632	0.441632	0.441632	0.441632	0.883211	0.441632	0	0	0.883211	0.883211	0	0	0.441632	0.883211
0.883129	0.441591	0.441591	0.883129	0.441591	0.441591	0.441591	0.441591	0.441591	0.441591	0.441591	0.441591	0.441591	0	0.441591	0.441591	0.441591	0.441591	0	0.441591	0.883129	0.441591	0	0.441591	0.441591	0.441591	0.441591	0	0.441591	0.441591	0.883129	0.883129	0.441591	0.441591	0	0.441591	0.441591	0.441591	0.441591	0	0.441591	0.883129	0.441591	0.441591	0.441591	0	0.441591	0.441591	0.441591	1.32456	0.883129	0.441591	0.883129	1.32456	0.883129	0.441591	0.441591	0.883129	1.32456	0.441591	0.883129	0.883129	1.32456	1.32456	0.441591	0.441591	0.883129	1.32456	0.441591	0.883129	0.883129	0.441591	1.32456	1.32456	0.441591	0.883129	1.76584	0.883129	0.441591	1.32456	0.883129	0.441591	0.441591	0.441591	1.32456	1.32456	0.441591	0.883129	1.32456	0.441591	0.441591	0.441591	0.441591	0.883129	0.883129	0.441591	0.441591	0.883129	0.441591	0.441591	0.441591	0.441591	0.441591	0.441591	0.441591	0	0.441591	0.441591	0	0	0.441591	0.441591	0	0.441591	0.441591	0	0	0	0	0	0	0	0	0	0.441591	0.441591	0	0	0	0	0	0	0	0	0.441591	0.441591	0	0.441591	0.441591	0	0	0	0.441591	1.32456	0.883129	0.441591	0.883129	0.883129	0.441591	0.883129	0.883129	0.441591	0.883129	0.441591	0.441591	0.441591	1.32456	1.32456	0.441591	0.441591	0.441591	1.32456	0.883129	0.441591	0.441591	0.883129	1.32456	1.32456	0.883129	0.441591	0.883129	0.441591	0.883129	0.883129	0.441591	1.32456	0.883129	0.441591	1.32456	1.32456	0.441591	0.883129	0.883129	0.441591	1.32456	0.883129	0.441591	1.32456	1.32456	0.441591	0.883129	0.883129	0.441591	1.32456	0.883129	0.441591	0.883129	0.441591	0.441591	0.883129	0.441591	0.441591	1.32456	0.883129	0.441591	0.883129	0.441591	0.441591	0.441591	0.441591	0.883129	0.883129	0.441591	0.441591	0.883129	0.441591	0.441591	0.441591	0.883129	0.883129	0.441591	0.441591	0.441591	0.883129	0.441591	0.441591	0.441591	0.441591	0.883129	0.883129	0.441591	0.883129	1.32456	0.441591	0	0	0.441591	0.883129	0.441591	0.441591	0.441591	0.441591	0.441591	0.441591	0.441591	0.441591	0.883129	0.441591	0	0	0.883129	0.883129	0	0	0.441591	0.883129
0.883048	0.44155	0.44155	0.883048	0.44155	0.44155	0.44155	0.44155	0.44155	0.44155	0.44155	0.44155	0.44155	0	0.44155	0.44155	0.44155	0.44155	0	0.44155	0.883048	0.44155	0	0.44155	0.44155	0.44155	0.44155	0	0.44155	0.44155	0.883048	0.883048	0.44155	0.44155	0	0.44155	0.44155	0.44155	0.44155	0	0.44155	0.883048	0.44155	0.44155	0.44155	0	0.44155	0.44155	0.44155	1.32444	0.883048	0.44155	0.883048	1.32444	0.883048	0.44155	0.44155	0.883048	1.32444	0.44155	0.883048	0.883048	1.32444	1.32444	0.44155	0.44155	0.883048	1.32444	0.44155	0.883048	0.883048	0.44155	1.32444	1.32444	0.44155	0.883048	1.76568	0.883048	0.44155	1.32444	0.883048	0.44155	0.44155	0.44155	1.32444	1.32444	0.44155	0.883048	1.32444	0.44155	0.44155	0.44155	0.44155	0.883048	0.883048	0.44155	0.44155	0.883048	0.44155	0.44155	0.44155	0.44155	0.44155	0.44155	0.44155	0	0.44155	0.44155	0	0	0.44155	0.44155	0	0.44155	0.44155	0	0	0	0	0	0	0	0	0	0.44155	0.44155	0	0	0	0	0	0	0	0	0.44155	0.44155	0	0.44155	0.44155	0	0	0	0.44155	1.32444	0.883048	0.44155	0.883048	0.883048	0.44155	0.883048	0.883048	0.44155	0.883048	0.44155	0.44155	0.44155	1.32444	1.32444	0.44155	0.44155	0.44155	1.32444	0.883048	0.44155	0.44155	0.883048	1.32444	1.32444	0.883048	0.44155	0.883048	0.44155	0.883048	0.883048	0.44155	1.32444	0.883048	0.44155	1.32444	1.32444	0.44155	0.883048	0.883048	0.44155	1.32444	0.883048	0.44155	1.32444	1.32444	0.44155	0.883048	0.883048	0.44155	1.32444	0.883048	0.44155	0.883048	0.44155	0.44155	0.883048	0.44155	0.44155	1.32444	0.883048	0.44155	0.883048	0.44155	0.44155	0.44155	0.44155	0.883048	0.883048	0.44155	0.44155	0.883048	0.44155	0.44155	0.44155	0.883048	0.883048	0.44155	0.44155	0.44155	0.883048	0.44155	0.44155	0.44155	0.44155	0.883048	0.883048	0.44155	0.883048	1.32444	0.44155	0	0	0.44155	0.883048	0.44155	0.44155	0.44155	0.44155	0.44155	0.44155	0.44155	0.44155	0.883048	0.44155	0	0	0.883048	0.883048	0	0	0.44155	0.883048
0.882966	0.441509	0.441509	0.882966	0.441509	0.441509	0.441509	0.441509	0.441509	0.441509	0.441509	0.441509	0.441509	0	0.441509	0.441509	0.441509	0.441509	0	0.441509	0.882966	0.441509	0	0.441509	0.441509	0.441509	0.441509	0	0.441509	0.441509	0.882966	0.882966	0.441509	0.441509	0	0.441509	0.441509	0.441509	0.441509	0	0.441509	0.882966	0.441509	0.441509	0.441509	0	0.441509	0.441509	0.441509	1.32432	0.882966	0.441509	0.882966	1.32432	0.882966	0.441509	0.441509	0.882966	1.32432	0.441509	0.882966	0.882966	1.32432	1.32432	0.441509	0.441509	0.882966	1.32432	0.441509	0.882966	0.882966	0.441509	1.32432	1.32432	0.441509	0.882966	1.76551	0.882966	0.441509	1.32432	0.882966	0.441509	0.441509	0.441509	1.32432	1.32432	0.441509	0.882966	1.32432	0.441509	0.441509	0.441509	0.441509	0.882966	0.882966	0.441509	0.441509	0.882966	0.441509	0.441509	0.441509	0.441509	0.441509	0.441509	0.441509	0	0.441509	0.441509	0	0	0.441509	0.441509	0	0.441509	0.441509	0	0	0	0	0	0	0	0	0	0.441509	0.441509	0	0	0	0	0	0	0	0	0.441509	0.441509	0	0.441509	0.441509	0	0	0	0.441509	1.32432	0.882966	0.441509	0.882966	0.882966	0.441509	0.882966	0.882966	0.441509	0.882966	0.441509	0.441509	0.441509	1.32432	1.32432	0.441509	0.441509	0.441509	1.32432	0.882966	0.441509	0.441509	0.882966	1.32432	1.32432	0.882966	0.441509	0.882966	0.441509	0.882966	0.882966	0.441509	1.32432	0.882966	0.441509	1.32432	1.32432	0.441509	0.882966	0.882966	0.441509	1.32432	0.882966	0.441509	1.32432	1.32432	0.441509	0.882966	0.882966	0.441509	1.32432	0.882966	0.441509	0.882966	0.441509	0.441509	0.882966	0.441509	0.441509	1.32432	0.882966	0.441509	0.882966	0.441509	0.441509	0.441509	0.441509	0.882966	0.882966	0.441509	0.441509	0.882966	0.441509	0.441509	0.441509	0.882966	0.882966	0.441509	0.441509	0.441509	0.882966	0.441509	0.441509	0.441509	0.441509	0.882966	0.882966	0.441509	0.882966	1.32432	0.441509	0	0	0.441509	0.882966	0.441509	0.441509	0.441509	0.441509	0.441509	0.441509	0.441509	0.441509	0.882966	0.441509	0	0	0.882966	0.882966	0	0	0.441509	0.882966
0.882884	0.441468	0.441468	0.882884	0.441468	0.441468	0.441468	0.441468	0.441468	0.441468	0.441468	0.441468	0.441468	0	0.441468	0.441468	0.441468	0.441468	0	0.441468	0.882884	0.441468	0	0.441468	0.441468	0.441468	0.441468	0	0.441468	0.441468	0.882884	0.882884	0.441468	0.441468	0	0.441468	0.441468	0.441468	0.441468	0	0.441468	0.882884	0.441468	0.441468	0.441468	0	0.441468	0.441468	0.441468	1.3242	0.882884	0.441468	0.882884	1.3242	0.882884	0.441468	0.441468	0.882884	1.3242	0.441468	0.882884	0.882884	1.3242	1.3242	0.441468	0.441468	0.882884	1.3242	0.441468	0.882884	0.882884	0.441468	1.3242	1.3242	0.441468	0.882884	1.76535	0.882884	0.441468	1.3242	0.882884	0.441468	0.441468	0.441468	1.3242	1.3242	0.441468	0.882884	1.3242	0.441468	0.441468	0.441468	0.441468	0.882884	0.882884	0.441468	0.441468	0.882884	0.441468	0.441468	0.441468	0.441468	0.441468	0.441468	0.441468	0	0.441468	0.441468	0	0	0.441468	0.441468	0	0.441468	0.441468	0	0	0	0	0	0	0	0	0	0.441468	0.441468	0	0	0	0	0	0	0	0	0.441468	0.441468	0	0.441468	0.441468	0	0	0	0.441468	1.3242	0.882884	0.441468	0.882884	0.882884	0.441468	0.882884	0.882884	0.441468	0.882884	0.441468	0.441468	0.441468	1.3242	1.3242	0.441468	0.441468	0.441468	1.3242	0.882884	0.441468	0.441468	0.882884	1.3242	1.3242	0.882884	0.441468	0.882884	0.441468	0.882884	0.882884	0.441468	1.3242	0.882884	0.441468	1.3242	1.3242	0.441468	0.882884	0.882884	0.441468	1.3242	0.882884	0.441468	1.3242	1.3242	0.441468	0.882884	0.882884	0.441468	1.3242	0.882884	0.441468	0.882884	0.441468	0.441468	0.882884	0.441468	0.441468	1.3242	0.882884	0.441468	0.882884	0.441468	0.441468	0.441468	0.441468	0.882884	0.882884	0.441468	0.441468	0.882884	0.441468	0.441468	0.441468	0.882884	0.882884	0.441468	0.441468	0.441468	0.882884	0.441468	0.441468	0.441468	0.441468	0.882884	0.882884	0.441468	0.882884	1.3242	0.441468	0	0	0.441468	0.882884	0.441468	0.441468	0.441468	0.441468	0.441468	0.441468	0.441468	0.441468	0.882884	0.441468	0	0	0.882884	0.882884	0	0	0.441468	0.882884
0.882789	0.441421	0.441421	0.882789	0.441421	0.441421	0.441421	0.441421	0.441421	0.441421	0.441421	0.441421	0.441421	0	0.441421	0.441421	0.441421	0.441421	0	0.441421	0.882789	0.441421	0	0.441421	0.441421	0.441421	0.441421	0	0.441421	0.441421	0.882789	0.882789	0.441421	0.441421	0	0.441421	0.441421	0.441421	0.441421	0	0.441421	0.882789	0.441421	0.441421	0.441421	0	0.441421	0.441421	0.441421	1.32405	0.882789	0.441421	0.882789	1.32405	0.882789	0.441421	0.441421	0.882789	1.32405	0.441421	0.882789	0.882789	1.32405	1.32405	0.441421	0.441421	0.882789	1.32405	0.441421	0.882789	0.882789	0.441421	1.32405	1.32405	0.441421	0.882789	1.76516	0.882789	0.441421	1.32405	0.882789	0.441421	0.441421	0.441421	1.32405	1.32405	0.441421	0.882789	1.32405	0.441421	0.441421	0.441421	0.441421	0.882789	0.882789	0.441421	0.441421	0.882789	0.441421	0.441421	0.441421	0.441421	0.441421	0.441421	0.441421	0	0.441421	0.441421	0	0	0.441421	0.441421	0	0.441421	0.441421	0	0	0	0	0	0	0	0	0	0.441421	0.441421	0	0	0	0	0	0	0	0	0.441421	0.441421	0	0.441421	0.441421	0	0	0	0.441421	1.32405	0.882789	0.441421	0.882789	0.882789	0.441421	0.882789	0.882789	0.441421	0.882789	0.441421	0.441421	0.441421	1.32405	1.32405	0.441421	0.441421	0.441421	1.32405	0.882789	0.441421	0.441421	0.882789	1.32405	1.32405	0.882789	0.441421	0.882789	0.441421	0.882789	0.882789	0.441421	1.32405	0.882789	0.441421	1.32405	1.32405	0.441421	0.882789	0.882789	0.441421	1.32405	0.882789	0.441421	1.32405	1.32405	0.441421	0.882789	0.882789	0.441421	1.32405	0.882789	0.441421	0.882789	0.441421	0.441421	0.882789	0.441421	0.441421	1.32405	0.882789	0.441421	0.882789	0.441421	0.441421	0.441421	0.441421	0.882789	0.882789	0.441421	0.441421	0.882789	0.441421	0.441421	0.441421	0.882789	0.882789	0.441421	0.441421	0.441421	0.882789	0.441421	0.441421	0.441421	0.441421	0.882789	0.882789	0.441421	0.882789	1.32405	0.441421	0	0	0.441421	0.882789	0.441421	0.441421	0.441421	0.441421	0.441421	0.441421	0.441421	0.441421	0.882789	0.441421	0	0	0.882789	0.882789	0	0	0.441421	0.882789
1.24829	0.986938	0.986938	1.24829	0.986938	0.986938	0.986938	0.986938	1.13601	1.33317	1.39561	1.25804	1.18838	1.21873	1.39561	1.39561	1.39561	1.39561	1.32403	1.39561	1.59113	1.39561	1.32403	1.39561	1.39561	1.39561	1.39561	1.32403	1.39561	1.39561	1.43853	1.25801	0.840373	0.643438	0.562686	0.795716	0.643438	0.624217	0.624217	0.441414	0.624217	0.986893	0.624217	0.468171	0.493483	0.348968	0.780254	0.949204	0.986938	1.43848	0.94918	0.624217	1.13597	1.48016	0.94918	0.624217	0.624217	0.840329	1.34219	0.643415	0.840329	0.780225	1.43845	1.4719	0.624217	0.624217	0.986893	1.39553	0.624217	0.986893	0.986893	0.624217	1.39553	1.5366	0.949204	1.09229	1.74422	0.986893	0.780254	1.48016	0.94918	0.780254	0.949204	1.13601	1.72321	1.56798	0.986938	1.24829	1.59108	0.986938	0.986938	0.986938	1.13601	1.56801	1.59113	1.39561	1.53669	1.77883	1.472	1.25804	1.0468	0.986938	0.986938	0.840373	0.643438	0.562686	0.795716	0.643438	0.562686	0.780283	0.840373	0.643438	0.441414	0.468171	0.348947	0	0	0.15606	0.348968	0.441414	0.441414	0.441414	0.441414	0.441414	0.643438	0.840373	0.999211	1.21873	1.32403	1.32403	1.32403	1.32403	1.32403	1.32403	1.25804	1.0468	0.882775	1.0468	1.25804	1.32403	1.21873	0.999211	0.986938	1.56022	1.68039	1.81941	1.97329	1.97329	1.81941	2.02799	2.23338	2.24966	2.3188	1.95474	1.81941	1.81941	2.20596	2.20596	1.81941	1.81941	1.74432	2.03394	1.82607	1.81941	1.81941	1.97329	2.20596	2.20596	1.97329	1.81941	1.97329	1.81941	1.97329	1.97329	1.81941	2.20596	1.97329	1.81941	2.20596	2.18936	1.53669	1.62891	1.82607	1.74432	2.03394	1.82607	1.74432	2.02794	1.87206	1.39561	1.59113	1.59113	1.39561	1.87206	1.59113	1.39561	1.56801	1.13601	0.986938	1.25799	0.780254	0.624217	1.39553	0.986893	0.624217	0.986893	0.624217	0.624217	0.624217	0.624217	0.986893	0.986893	0.624217	0.624217	0.986893	0.624217	0.624217	0.624217	0.986893	0.986893	0.624217	0.624217	0.624217	0.986893	0.624217	0.643438	0.840373	0.986938	1.24829	1.24829	0.986938	1.25801	1.71615	1.39561	1.21873	0.999211	0.986938	1.24829	0.986938	1.0468	1.18838	1.13601	0.986938	0.986938	0.986938	0.986938	1.25801	1.25804	1.21873	0.999211	1.25801	1.43853	1.21873	0.999211	1.0468	1.43853
1.24817	0.986847	0.986847	1.24817	0.986847	0.986847	0.986847	0.986847	1.25789	1.43839	1.39549	1.21862	1.18827	1.25792	1.39549	1.39549	1.39549	1.39549	1.32391	1.39549	1.59098	1.39549	1.32391	1.39549	1.39549	1.39549	1.39549	1.32391	1.39549	1.39549	1.33305	1.13591	0.780211	0.562634	0.643379	0.795642	0.562634	0.624159	0.624159	0.441373	0.624159	0.986801	0.624159	0.348936	0.493437	0.468128	0.949092	1.09219	0.986847	1.25787	0.780182	0.624159	1.33298	1.48002	0.780182	0.624159	0.624159	0.643356	1.34206	0.840251	0.643356	0.562594	1.65827	1.68735	0.624159	0.624159	0.986801	1.3954	0.624159	0.986801	0.986801	0.624159	1.3954	1.74406	1.09219	0.949116	1.53646	0.986801	0.949092	1.48002	0.780182	0.949092	1.09219	1.25789	1.72305	1.40413	0.986847	1.24817	1.59093	0.986847	0.986847	0.986847	1.25789	1.71599	1.59098	1.39549	1.62876	1.77866	1.43843	1.21862	0.999118	0.986847	0.986847	0.780211	0.562634	0.643379	0.795642	0.562634	0.643379	0.840296	0.780211	0.562634	0.441373	0.348936	0.156046	0	0	0.348914	0.468128	0.441373	0.441373	0.441373	0.441373	0.441373	0.562634	0.780211	1.0467	1.25792	1.32391	1.32391	1.32391	1.32391	1.32391	1.32391	1.21862	0.999118	0.882694	0.999118	1.21862	1.32391	1.25792	1.0467	0.986847	1.2866	1.56013	1.81924	1.97311	1.97311	1.81924	1.95456	2.1669	2.24945	2.42109	2.02781	1.81924	1.81924	2.20576	2.20576	1.81924	1.81924	1.8259	2.03375	1.74416	1.81924	1.81924	1.97311	2.20576	2.20576	1.97311	1.81924	1.97311	1.81924	1.97311	1.97311	1.81924	2.20576	1.97311	1.81924	2.20576	2.33939	1.62876	1.53655	1.74416	1.8259	2.03375	1.74416	1.8259	2.18913	1.87189	1.39549	1.59098	1.59098	1.39549	1.87189	1.59098	1.39549	1.71599	1.25789	0.986847	1.43835	0.949092	0.624159	1.3954	0.986801	0.624159	0.986801	0.624159	0.624159	0.624159	0.624159	0.986801	0.986801	0.624159	0.624159	0.986801	0.624159	0.624159	0.624159	0.986801	0.986801	0.624159	0.624159	0.624159	0.986801	0.624159	0.562634	0.780211	0.986847	1.24817	1.24817	0.986847	1.13591	1.56786	1.39549	1.25792	1.0467	0.986847	1.24817	0.986847	0.999118	1.18827	1.25789	0.986847	0.986847	0.986847	0.986847	1.13591	1.21862	1.25792	1.0467	1.13591	1.33305	1.25792	1.0467	0.999118	1.33305
0.882544	0.441298	0.441298	0.882544	0.441298	0.441298	0.441298	0.441298	0.882544	0.882544	0.441298	0	0.441298	0.441298	0.441298	0.441298	0.441298	0.441298	0	0.441298	0.882544	0.441298	0	0.441298	0.441298	0.441298	0.441298	0	0.441298	0.441298	0.441298	0.441298	0	0	0.441298	0.441298	0	0.441298	0.441298	0	0.441298	0.882544	0.441298	0	0.441298	0.441298	0.882544	0.882544	0.441298	0.882544	0.441298	0.441298	1.32369	1.32369	0.441298	0.441298	0.441298	0.441298	1.32369	0.882544	0.441298	0.441298	1.76467	1.76467	0.441298	0.441298	0.882544	1.32369	0.441298	0.882544	0.882544	0.441298	1.32369	1.76467	0.882544	0.441298	1.32369	0.882544	0.882544	1.32369	0.441298	0.882544	0.882544	0.882544	1.32369	0.882544	0.441298	0.882544	1.32369	0.441298	0.441298	0.441298	0.882544	1.32369	0.882544	0.441298	0.882544	0.882544	0	0	0	0.441298	0.441298	0	0	0.441298	0.441298	0	0.441298	0.441298	0	0	0	0	0	0	0	0.441298	0.441298	0	0	0	0	0	0	0	0.441298	0.441298	0	0	0	0	0	0	0	0	0	0	0	0	0.441298	0.441298	0.441298	0.441298	0	0.441298	0.882544	0.882544	0.441298	0.441298	0.441298	0.441298	1.32369	0.882544	0.441298	0.441298	1.32369	1.32369	0.441298	0.441298	0.882544	1.32369	0.441298	0.441298	0.441298	0.882544	1.32369	1.32369	0.882544	0.441298	0.882544	0.441298	0.882544	0.882544	0.441298	1.32369	0.882544	0.441298	1.32369	1.76467	0.882544	0.441298	0.441298	0.882544	1.32369	0.441298	0.882544	1.76467	1.32369	0.441298	0.882544	0.882544	0.441298	1.32369	0.882544	0.441298	1.32369	0.882544	0.441298	1.32369	0.882544	0.441298	1.32369	0.882544	0.441298	0.882544	0.441298	0.441298	0.441298	0.441298	0.882544	0.882544	0.441298	0.441298	0.882544	0.441298	0.441298	0.441298	0.882544	0.882544	0.441298	0.441298	0.441298	0.882544	0.441298	0	0	0.441298	0.882544	0.882544	0.441298	0.441298	0.882544	0.441298	0.441298	0.441298	0.441298	0.882544	0.441298	0	0.441298	0.882544	0.441298	0.441298	0.441298	0.441298	0.441298	0	0.441298	0.441298	0.441298	0.441298	0.441298	0.441298	0	0.441298
0.882463	0.441258	0.441258	0.882463	0.441258	0.441258	0.441258	0.441258	0.882463	0.882463	0.441258	0	0.441258	0.441258	0.441258	0.441258	0.441258	0.441258	0	0.441258	0.882463	0.441258	0	0.441258	0.441258	0.441258	0.441258	0	0.441258	0.441258	0.441258	0.441258	0	0	0.441258	0.441258	0	0.441258	0.441258	0	0.441258	0.882463	0.441258	0	0.441258	0.441258	0.882463	0.882463	0.441258	0.882463	0.441258	0.441258	1.32356	1.32356	0.441258	0.441258	0.441258	0.441258	1.32356	0.882463	0.441258	0.441258	1.76451	1.76451	0.441258	0.441258	0.882463	1.32356	0.441258	0.882463	0.882463	0.441258	1.32356	1.76451	0.882463	0.441258	1.32356	0.882463	0.882463	1.32356	0.441258	0.882463	0.882463	0.882463	1.32356	0.882463	0.441258	0.882463	1.32356	0.441258	0.441258	0.441258	0.882463	1.32356	0.882463	0.441258	0.882463	0.882463	0	0	0	0.441258	0.441258	0	0	0.441258	0.441258	0	0.441258	0.441258	0	0	0	0	0	0	0	0.441258	0.441258	0	0	0	0	0	0	0	0.441258	0.441258	0	0	0	0	0	0	0	0	0	0	0	0	0.441258	0.441258	0.441258	0.441258	0	0.441258	0.882463	0.882463	0.441258	0.441258	0.441258	0.441258	1.32356	0.882463	0.441258	0.441258	1.32356	1.32356	0.441258	0.441258	0.882463	1.32356	0.441258	0.441258	0.441258	0.882463	1.32356	1.32356	0.882463	0.441258	0.882463	0.441258	0.882463	0.882463	0.441258	1.32356	0.882463	0.441258	1.32356	1.76451	0.882463	0.441258	0.441258	0.882463	1.32356	0.441258	0.882463	1.76451	1.32356	0.441258	0.882463	0.882463	0.441258	1.32356	0.882463	0.441258	1.32356	0.882463	0.441258	1.32356	0.882463	0.441258	1.32356	0.882463	0.441258	0.882463	0.441258	0.441258	0.441258	0.441258	0.882463	0.882463	0.441258	0.441258	0.882463	0.441258	0.441258	0.441258	0.882463	0.882463	0.441258	0.441258	0.441258	0.882463	0.441258	0	0	0.441258	0.882463	0.882463	0.441258	0.441258	0.882463	0.441258	0.441258	0.441258	0.441258	0.882463	0.441258	0	0.441258	0.882463	0.441258	0.441258	0.441258	0.441258	0.441258	0	0.441258	0.441258	0.441258	0.441258	0.441258	0.441258	0	0.441258
0.882381	0.441217	0.441217	0.882381	0.441217	0.441217	0.441217	0.441217	0.882381	0.882381	0.441217	0	0.441217	0.441217	0.441217	0.441217	0.441217	0.441217	0	0.441217	0.882381	0.441217	0	0.441217	0.441217	0.441217	0.441217	0	0.441217	0.441217	0.441217	0.441217	0	0	0.441217	0.441217	0	0.441217	0.441217	0	0.441217	0.882381	0.441217	0	0.441217	0.441217	0.882381	0.882381	0.441217	0.882381	0.441217	0.441217	1.32344	1.32344	0.441217	0.441217	0.441217	0.441217	1.32344	0.882381	0.441217	0.441217	1.76434	1.76434	0.441217	0.441217	0.882381	1.32344	0.441217	0.882381	0.882381	0.441217	1.32344	1.76434	0.882381	0.441217	1.32344	0.882381	0.882381	1.32344	0.441217	0.882381	0.882381	0.882381	1.32344	0.882381	0.441217	0.882381	1.32344	0.441217	0.441217	0.441217	0.882381	1.32344	0.882381	0.441217	0.882381	0.882381	0	0	0	0.441217	0.441217	0	0	0.441217	0.441217	0	0.441217	0.441217	0	0	0	0	0	0	0	0.441217	0.441217	0	0	0	0	0	0	0	0.441217	0.441217	0	0	0	0	0	0	0	0	0	0	0	0	0.441217	0.441217	0.441217	0.441217	0	0.441217	0.882381	0.882381	0.441217	0.441217	0.441217	0.441217	1.32344	0.882381	0.441217	0.441217	1.32344	1.32344	0.441217	0.441217	0.882381	1.32344	0.441217	0.441217	0.441217	0.882381	1.32344	1.32344	0.882381	0.441217	0.882381	0.441217	0.882381	0.882381	0.441217	1.32344	0.882381	0.441217	1.32344	1.76434	0.882381	0.441217	0.441217	0.882381	1.32344	0.441217	0.882381	1.76434	1.32344	0.441217	0.882381	0.882381	0.441217	1.32344	0.882381	0.441217	1.32344	0.882381	0.441217	1.32344	0.882381	0.441217	1.32344	0.882381	0.441217	0.882381	0.441217	0.441217	0.441217	0.441217	0.882381	0.882381	0.441217	0.441217	0.882381	0.441217	0.441217	0.441217	0.882381	0.882381	0.441217	0.441217	0.441217	0.882381	0.441217	0	0	0.441217	0.882381	0.882381	0.441217	0.441217	0.882381	0.441217	0.441217	0.441217	0.441217	0.882381	0.441217	0	0.441217	0.882381	0.441217	0.441217	0.441217	0.441217	0.441217	0	0.441217	0.441217	0.441217	0.441217	0.441217	0.441217	0	0.441217
0.882286	0.441169	0.441169	0.882286	0.441169	0.441169	0.441169	0.441169	0.882286	0.882286	0.441169	0	0.441169	0.441169	0.441169	0.441169	0.441169	0.441169	0	0.441169	0.882286	0.441169	0	0.441169	0.441169	0.441169	0.441169	0	0.441169	0.441169	0.441169	0.441169	0	0	0.441169	0.441169	0	0.441169	0.441169	0	0.441169	0.882286	0.441169	0	0.441169	0.441169	0.882286	0.882286	0.441169	0.882286	0.441169	0.441169	1.3233	1.3233	0.441169	0.441169	0.441169	0.441169	1.3233	0.882286	0.441169	0.441169	1.76415	1.76415	0.441169	0.441169	0.882286	1.3233	0.441169	0.882286	0.882286	0.441169	1.3233	1.76415	0.882286	0.441169	1.3233	0.882286	0.882286	1.3233	0.441169	0.882286	0.882286	0.882286	1.3233	0.882286	0.441169	0.882286	1.3233	0.441169	0.441169	0.441169	0.882286	1.3233	0.882286	0.441169	0.882286	0.882286	0	0	0	0.441169	0.441169	0	0	0.441169	0.441169	0	0.441169	0.441169	0	0	0	0	0	0	0	0.441169	0.441169	0	0	0	0	0	0	0	0.441169	0.441169	0	0	0	0	0	0	0	0	0	0	0	0	0.441169	0.441169	0.441169	0.441169	0	0.441169	0.882286	0.882286	0.441169	0.441169	0.441169	0.441169	1.3233	0.882286	0.441169	0.441169	1.3233	1.3233	0.441169	0.441169	0.882286	1.3233	0.441169	0.441169	0.441169	0.882286	1.3233	1.3233	0.882286	0.441169	0.882286	0.441169	0.882286	0.882286	0.441169	1.3233	0.882286	0.441169	1.3233	1.76415	0.882286	0.441169	0.441169	0.882286	1.3233	0.441169	0.882286	1.76415	1.3233	0.441169	0.882286	0.882286	0.441169	1.3233	0.882286	0.441169	1.3233	0.882286	0.441169	1.3233	0.882286	0.441169	1.3233	0.882286	0.441169	0.882286	0.441169	0.441169	0.441169	0.441169	0.882286	0.882286	0.441169	0.441169	0.882286	0.441169	0.441169	0.441169	0.882286	0.882286	0.441169	0.441169	0.441169	0.882286	0.441169	0	0	0.441169	0.882286	0.882286	0.441169	0.441169	0.882286	0.441169	0.441169	0.441169	0.441169	0.882286	0.441169	0	0.441169	0.882286	0.441169	0.441169	0.441169	0.441169	0.441169	0	0.441169	0.441169	0.441169	0.441169	0.441169	0.441169	0	0.441169
0.882205	0.441128	0.441128	0.882205	0.441128	0.441128	0.441128	0.441128	0.882205	0.882205	0.441128	0	0.441128	0.441128	0.441128	0.441128	0.441128	0.441128	0	0.441128	0.882205	0.441128	0	0.441128	0.441128	0.441128	0.441128	0	0.441128	0.441128	0.441128	0.441128	0	0	0.441128	0.441128	0	0.441128	0.441128	0	0.441128	0.882205	0.441128	0	0.441128	0.441128	0.882205	0.882205	0.441128	0.882205	0.441128	0.441128	1.32318	1.32318	0.441128	0.441128	0.441128	0.441128	1.32318	0.882205	0.441128	0.441128	1.76399	1.76399	0.441128	0.441128	0.882205	1.32318	0.441128	0.882205	0.882205	0.441128	1.32318	1.76399	0.882205	0.441128	1.32318	0.882205	0.882205	1.32318	0.441128	0.882205	0.882205	0.882205	1.32318	0.882205	0.441128	0.882205	1.32318	0.441128	0.441128	0.441128	0.882205	1.32318	0.882205	0.441128	0.882205	0.882205	0	0	0	0.441128	0.441128	0	0	0.441128	0.441128	0	0.441128	0.441128	0	0	0	0	0	0	0	0.441128	0.441128	0	0	0	0	0	0	0	0.441128	0.441128	0	0	0	0	0	0	0	0	0	0	0	0	0.441128	0.441128	0.441128	0.441128	0	0.441128	0.882205	0.882205	0.441128	0.441128	0.441128	0.441128	1.32318	0.882205	0.441128	0.441128	1.32318	1.32318	0.441128	0.441128	0.882205	1.32318	0.441128	0.441128	0.441128	0.882205	1.32318	1.32318	0.882205	0.441128	0.882205	0.441128	0.882205	0.882205	0.441128	1.32318	0.882205	0.441128	1.32318	1.76399	0.882205	0.441128	0.441128	0.882205	1.32318	0.441128	0.882205	1.76399	1.32318	0.441128	0.882205	0.882205	0.441128	1.32318	0.882205	0.441128	1.32318	0.882205	0.441128	1.32318	0.882205	0.441128	1.32318	0.882205	0.441128	0.882205	0.441128	0.441128	0.441128	0.441128	0.882205	0.882205	0.441128	0.441128	0.882205	0.441128	0.441128	0.441128	0.882205	0.882205	0.441128	0.441128	0.441128	0.882205	0.441128	0	0	0.441128	0.882205	0.882205	0.441128	0.441128	0.882205	0.441128	0.441128	0.441128	0.441128	0.882205	0.441128	0	0.441128	0.882205	0.441128	0.441128	0.441128	0.441128	0.441128	0	0.441128	0.441128	0.441128	0.441128	0.441128	0.441128	0	0.441128
0.882123	0.441088	0.441088	0.882123	0.441088	0.441088	0.441088	0.441088	0.882123	0.882123	0.441088	0	0.441088	0.441088	0.441088	0.441088	0.441088	0.441088	0	0.441088	0.882123	0.441088	0	0.441088	0.441088	0.441088	0.441088	0	0.441088	0.441088	0.441088	0.441088	0	0	0.441088	0.441088	0	0.441088	0.441088	0	0.441088	0.882123	0.441088	0	0.441088	0.441088	0.882123	0.882123	0.441088	0.882123	0.441088	0.441088	1.32305	1.32305	0.441088	0.441088	0.441088	0.441088	1.32305	0.882123	0.441088	0.441088	1.76383	1.76383	0.441088	0.441088	0.882123	1.32305	0.441088	0.882123	0.882123	0.441088	1.32305	1.76383	0.882123	0.441088	1.32305	0.882123	0.882123	1.32305	0.441088	0.882123	0.882123	0.882123	1.32305	0.882123	0.441088	0.882123	1.32305	0.441088	0.441088	0.441088	0.882123	1.32305	0.882123	0.441088	0.882123	0.882123	0	0	0	0.441088	0.441088	0	0	0.441088	0.441088	0	0.441088	0.441088	0	0	0	0	0	0	0	0.441088	0.441088	0	0	0	0	0	0	0	0.441088	0.441088	0	0	0	0	0	0	0	0	0	0	0	0	0.441088	0.441088	0.441088	0.441088	0	0.441088	0.882123	0.882123	0.441088	0.441088	0.441088	0.441088	1.32305	0.882123	0.441088	0.441088	1.32305	1.32305	0.441088	0.441088	0.882123	1.32305	0.441088	0.441088	0.441088	0.882123	1.32305	1.32305	0.882123	0.441088	0.882123	0.441088	0.882123	0.882123	0.441088	1.32305	0.882123	0.441088	1.32305	1.76383	0.882123	0.441088	0.441088	0.882123	1.32305	0.441088	0.882123	1.76383	1.32305	0.441088	0.882123	0.882123	0.441088	1.32305	0.882123	0.441088	1.32305	0.882123	0.441088	1.32305	0.882123	0.441088	1.32305	0.882123	0.441088	0.882123	0.441088	0.441088	0.441088	0.441088	0.882123	0.882123	0.441088	0.441088	0.882123	0.441088	0.441088	0.441088	0.882123	0.882123	0.441088	0.441088	0.441088	0.882123	0.441088	0	0	0.441088	0.882123	0.882123	0.441088	0.441088	0.882123	0.441088	0.441088	0.441088	0.441088	0.882123	0.441088	0	0.441088	0.882123	0.441088	0.441088	0.441088	0.441088	0.441088	0	0.441088	0.441088	0.441088	0.441088	0.441088	0.441088	0	0.441088
0.882042	0.441047	0.441047	0.882042	0.441047	0.441047	0.441047	0.441047	0.882042	0.882042	0.441047	0	0.441047	0.441047	0.441047	0.441047	0.441047	0.441047	0	0.441047	0.882042	0.441047	0	0.441047	0.441047	0.441047	0.441047	0	0.441047	0.441047	0.441047	0.441047	0	0	0.441047	0.441047	0	0.441047	0.441047	0	0.441047	0.882042	0.441047	0	0.441047	0.441047	0.882042	0.882042	0.441047	0.882042	0.441047	0.441047	1.32293	1.32293	0.441047	0.441047	0.441047	0.441047	1.32293	0.882042	0.441047	0.441047	1.76367	1.76367	0.441047	0.441047	0.882042	1.32293	0.441047	0.882042	0.882042	0.441047	1.32293	1.76367	0.882042	0.441047	1.32293	0.882042	0.882042	1.32293	0.441047	0.882042	0.882042	0.882042	1.32293	0.882042	0.441047	0.882042	1.32293	0.441047	0.441047	0.441047	0.882042	1.32293	0.882042	0.441047	0.882042	0.882042	0	0	0	0.441047	0.441047	0	0	0.441047	0.441047	0	0.441047	0.441047	0	0	0	0	0	0	0	0.441047	0.441047	0	0	0	0	0	0	0	0.441047	0.441047	0	0	0	0	0	0	0	0	0	0	0	0	0.441047	0.441047	0.441047	0.441047	0	0.441047	0.882042	0.882042	0.441047	0.441047	0.441047	0.441047	1.32293	0.882042	0.441047	0.441047	1.32293	1.32293	0.441047	0.441047	0.882042	1.32293	0.441047	0.441047	0.441047	0.882042	1.32293	1.32293	0.882042	0.441047	0.882042	0.441047	0.882042	0.882042	0.441047	1.32293	0.882042	0.441047	1.32293	1.76367	0.882042	0.441047	0.441047	0.882042	1.32293	0.441047	0.882042	1.76367	1.32293	0.441047	0.882042	0.882042	0.441047	1.32293	0.882042	0.441047	1.32293	0.882042	0.441047	1.32293	0.882042	0.441047	1.32293	0.882042	0.441047	0.882042	0.441047	0.441047	0.441047	0.441047	0.882042	0.882042	0.441047	0.441047	0.882042	0.441047	0.441047	0.441047	0.882042	0.882042	0.441047	0.441047	0.441047	0.882042	0.441047	0	0	0.441047	0.882042	0.882042	0.441047	0.441047	0.882042	0.441047	0.441047	0.441047	0.441047	0.882042	0.441047	0	0.441047	0.882042	0.441047	0.441047	0.441047	0.441047	0.441047	0	0.441047	0.441047	0.441047	0.441047	0.441047	0.441047	0	0.441047
0.88196	0.441006	0.441006	0.88196	0.441006	0.441006	0.441006	0.441006	0.88196	0.88196	0.441006	0	0.441006	0.441006	0.441006	0.441006	0.441006	0.441006	0	0.441006	0.88196	0.441006	0	0.441006	0.441006	0.441006	0.441006	0	0.441006	0.441006	0.441006	0.441006	0	0	0.441006	0.441006	0	0.441006	0.441006	0	0.441006	0.88196	0.441006	0	0.441006	0.441006	0.88196	0.88196	0.441006	0.88196	0.441006	0.441006	1.32281	1.32281	0.441006	0.441006	0.441006	0.441006	1.32281	0.88196	0.441006	0.441006	1.7635	1.7635	0.441006	0.441006	0.88196	1.32281	0.441006	0.88196	0.88196	0.441006	1.32281	1.7635	0.88196	0.441006	1.32281	0.88196	0.88196	1.32281	0.441006	0.88196	0.88196	0.88196	1.32281	0.88196	0.441006	0.88196	1.32281	0.441006	0.441006	0.441006	0.88196	1.32281	0.88196	0.441006	0.88196	0.88196	0	0	0	0.441006	0.441006	0	0	0.441006	0.441006	0	0.441006	0.441006	0	0	0	0	0	0	0	0.441006	0.441006	0	0	0	0	0	0	0	0.441006	0.441006	0	0	0	0	0	0	0	0	0	0	0	0	0.441006	0.441006	0.441006	0.441006	0	0.441006	0.88196	0.88196	0.441006	0.441006	0.441006	0.441006	1.32281	0.88196	0.441006	0.441006	1.32281	1.32281	0.441006	0.441006	0.88196	1.32281	0.441006	0.441006	0.441006	0.88196	1.32281	1.32281	0.88196	0.441006	0.88196	0.441006	0.88196	0.88196	0.441006	1.32281	0.88196	0.441006	1.32281	1.7635	0.88196	0.441006	0.441006	0.88196	1.32281	0.441006	0.88196	1.7635	1.32281	0.441006	0.88196	0.88196	0.441006	1.32281	0.88196	0.441006	1.32281	0.88196	0.441006	1.32281	0.88196	0.441006	1.32281	0.88196	0.441006	0.88196	0.441006	0.441006	0.441006	0.441006	0.88196	0.88196	0.441006	0.441006	0.88196	0.441006	0.441006	0.441006	0.88196	0.88196	0.441006	0.441006	0.441006	0.88196	0.441006	0	0	0.441006	0.88196	0.88196	0.441006	0.441006	0.88196	0.441006	0.441006	0.441006	0.441006	0.88196	0.441006	0	0.441006	0.88196	0.441006	0.441006	0.441006	0.441006	0.441006	0	0.441006	0.441006	0.441006	0.441006	0.441006	0.441006	0	0.441006
0.881865	0.440959	0.440959	0.881865	0.440959	0.440959	0.440959	0.440959	0.881865	0.881865	0.440959	0	0.440959	0.440959	0.440959	0.440959	0.440959	0.440959	0	0.440959	0.881865	0.440959	0	0.440959	0.440959	0.440959	0.440959	0	0.440959	0.440959	0.440959	0.440959	0	0	0.440959	0.440959	0	0.440959	0.440959	0	0.440959	0.881865	0.440959	0	0.440959	0.440959	0.881865	0.881865	0.440959	0.881865	0.440959	0.440959	1.32267	1.32267	0.440959	0.440959	0.440959	0.440959	1.32267	0.881865	0.440959	0.440959	1.76331	1.76331	0.440959	0.440959	0.881865	1.32267	0.440959	0.881865	0.881865	0.440959	1.32267	1.76331	0.881865	0.440959	1.32267	0.881865	0.881865	1.32267	0.440959	0.881865	0.881865	0.881865	1.32267	0.881865	0.440959	0.881865	1.32267	0.440959	0.440959	0.440959	0.881865	1.32267	0.881865	0.440959	0.881865	0.881865	0	0	0	0.440959	0.440959	0	0	0.440959	0.440959	0	0.440959	0.440959	0	0	0	0	0	0	0	0.440959	0.440959	0	0	0	0	0	0	0	0.440959	0.440959	0	0	0	0	0	0	0	0	0	0	0	0	0.440959	0.440959	0.440959	0.440959	0	0.440959	0.881865	0.881865	0.440959	0.440959	0.440959	0.440959	1.32267	0.881865	0.440959	0.440959	1.32267	1.32267	0.440959	0.440959	0.881865	1.32267	0.440959	0.440959	0.440959	0.881865	1.32267	1.32267	0.881865	0.440959	0.881865	0.440959	0.881865	0.881865	0.440959	1.32267	0.881865	0.440959	1.32267	1.76331	0.881865	0.440959	0.440959	0.881865	1.32267	0.440959	0.881865	1.76331	1.32267	0.440959	0.881865	0.881865	0.440959	1.32267	0.881865	0.440959	1.32267	0.881865	0.440959	1.32267	0.881865	0.440959	1.32267	0.881865	0.440959	0.881865	0.440959	0.440959	0.440959	0.440959	0.881865	0.881865	0.440959	0.440959	0.881865	0.440959	0.440959	0.440959	0.881865	0.881865	0.440959	0.440959	0.440959	0.881865	0.440959	0	0	0.440959	0.881865	0.881865	0.440959	0.440959	0.881865	0.440959	0.440959	0.440959	0.440959	0.881865	0.440959	0	0.440959	0.881865	0.440959	0.440959	0.440959	0.440959	0.440959	0	0.440959	0.440959	0.440959	0.440959	0.440959	0.440959	0	0.440959
0.881784	0.440918	0.440918	0.881784	0.440918	0.440918	0.440918	0.440918	0.881784	0.881784	0.440918	0	0.440918	0.440918	0.440918	0.440918	0.440918	0.440918	0	0.440918	0.881784	0.440918	0	0.440918	0.440918	0.440918	0.440918	0	0.440918	0.440918	0.440918	0.440918	0	0	0.440918	0.440918	0	0.440918	0.440918	0	0.440918	0.881784	0.440918	0	0.440918	0.440918	0.881784	0.881784	0.440918	0.881784	0.440918	0.440918	1.32255	1.32255	0.440918	0.440918	0.440918	0.440918	1.32255	0.881784	0.440918	0.440918	1.76315	1.76315	0.440918	0.440918	0.881784	1.32255	0.440918	0.881784	0.881784	0.440918	1.32255	1.76315	0.881784	0.440918	1.32255	0.881784	0.881784	1.32255	0.440918	0.881784	0.881784	0.881784	1.32255	0.881784	0.440918	0.881784	1.32255	0.440918	0.440918	0.440918	0.881784	1.32255	0.881784	0.440918	0.881784	0.881784	0	0	0	0.440918	0.440918	0	0	0.440918	0.440918	0	0.440918	0.440918	0	0	0	0	0	0	0	0.440918	0.440918	0	0	0	0	0	0	0	0.440918	0.440918	0	0	0	0	0	0	0	0	0	0	0	0	0.440918	0.440918	0.440918	0.440918	0	0.440918	0.881784	0.881784	0.440918	0.440918	0.440918	0.440918	1.32255	0.881784	0.440918	0.440918	1.32255	1.32255	0.440918	0.440918	0.881784	1.32255	0.440918	0.440918	0.440918	0.881784	1.32255	1.32255	0.881784	0.440918	0.881784	0.440918	0.881784	0.881784	0.440918	1.32255	0.881784	0.440918	1.32255	1.76315	0.881784	0.440918	0.440918	0.881784	1.32255	0.440918	0.881784	1.76315	1.32255	0.440918	0.881784	0.881784	0.440918	1.32255	0.881784	0.440918	1.32255	0.881784	0.440918	1.32255	0.881784	0.440918	1.32255	0.881784	0.440918	0.881784	0.440918	0.440918	0.440918	0.440918	0.881784	0.881784	0.440918	0.440918	0.881784	0.440918	0.440918	0.440918	0.881784	0.881784	0.440918	0.440918	0.440918	0.881784	0.440918	0	0	0.440918	0.881784	0.881784	0.440918	0.440918	0.881784	0.440918	0.440918	0.440918	0.440918	0.881784	0.440918	0	0.440918	0.881784	0.440918	0.440918	0.440918	0.440918	0.440918	0	0.440918	0.440918	0.440918	0.440918	0.440918	0.440918	0	0.440918
0.881702	0.440877	0.440877	0.881702	0.440877	0.440877	0.440877	0.440877	0.881702	0.881702	0.440877	0	0.440877	0.440877	0.440877	0.440877	0.440877	0.440877	0	0.440877	0.881702	0.440877	0	0.440877	0.440877	0.440877	0.440877	0	0.440877	0.440877	0.440877	0.440877	0	0	0.440877	0.440877	0	0.440877	0.440877	0	0.440877	0.881702	0.440877	0	0.440877	0.440877	0.881702	0.881702	0.440877	0.881702	0.440877	0.440877	1.32242	1.32242	0.440877	0.440877	0.440877	0.440877	1.32242	0.881702	0.440877	0.440877	1.76299	1.76299	0.440877	0.440877	0.881702	1.32242	0.440877	0.881702	0.881702	0.440877	1.32242	1.76299	0.881702	0.440877	1.32242	0.881702	0.881702	1.32242	0.440877	0.881702	0.881702	0.881702	1.32242	0.881702	0.440877	0.881702	1.32242	0.440877	0.440877	0.440877	0.881702	1.32242	0.881702	0.440877	0.881702	0.881702	0	0	0	0.440877	0.440877	0	0	0.440877	0.440877	0	0.440877	0.440877	0	0	0	0	0	0	0	0.440877	0.440877	0	0	0	0	0	0	0	0.440877	0.440877	0	0	0	0	0	0	0	0	0	0	0	0	0.440877	0.440877	0.440877	0.440877	0	0.440877	0.881702	0.881702	0.440877	0.440877	0.440877	0.440877	1.32242	0.881702	0.440877	0.440877	1.32242	1.32242	0.440877	0.440877	0.881702	1.32242	0.440877	0.440877	0.440877	0.881702	1.32242	1.32242	0.881702	0.440877	0.881702	0.440877	0.881702	0.881702	0.440877	1.32242	0.881702	0.440877	1.32242	1.76299	0.881702	0.440877	0.440877	0.881702	1.32242	0.440877	0.881702	1.76299	1.32242	0.440877	0.881702	0.881702	0.440877	1.32242	0.881702	0.440877	1.32242	0.881702	0.440877	1.32242	0.881702	0.440877	1.32242	0.881702	0.440877	0.881702	0.440877	0.440877	0.440877	0.440877	0.881702	0.881702	0.440877	0.440877	0.881702	0.440877	0.440877	0.440877	0.881702	0.881702	0.440877	0.440877	0.440877	0.881702	0.440877	0	0	0.440877	0.881702	0.881702	0.440877	0.440877	0.881702	0.440877	0.440877	0.440877	0.440877	0.881702	0.440877	0	0.440877	0.881702	0.440877	0.440877	0.440877	0.440877	0.440877	0	0.440877	0.440877	0.440877	0.440877	0.440877	0.440877	0	0.440877
0.881621	0.440837	0.440837	0.881621	0.440837	0.440837	0.440837	0.440837	0.881621	0.881621	0.440837	0	0.440837	0.440837	0.440837	0.440837	0.440837	0.440837	0	0.440837	0.881621	0.440837	0	0.440837	0.440837	0.440837	0.440837	0	0.440837	0.440837	0.440837	0.440837	0	0	0.440837	0.440837	0	0.440837	0.440837	0	0.440837	0.881621	0.440837	0	0.440837	0.440837	0.881621	0.881621	0.440837	0.881621	0.440837	0.440837	1.3223	1.3223	0.440837	0.440837	0.440837	0.440837	1.3223	0.881621	0.440837	0.440837	1.76282	1.76282	0.440837	0.440837	0.881621	1.3223	0.440837	0.881621	0.881621	0.440837	1.3223	1.76282	0.881621	0.440837	1.3223	0.881621	0.881621	1.3223	0.440837	0.881621	0.881621	0.881621	1.3223	0.881621	0.440837	0.881621	1.3223	0.440837	0.440837	0.440837	0.881621	1.3223	0.881621	0.440837	0.881621	0.881621	0	0	0	0.440837	0.440837	0	0	0.440837	0.440837	0	0.440837	0.440837	0	0	0	0	0	0	0	0.440837	0.440837	0	0	0	0	0	0	0	0.440837	0.440837	0	0	0	0	0	0	0	0	0	0	0	0	0.440837	0.440837	0.440837	0.440837	0	0.440837	0.881621	0.881621	0.440837	0.440837	0.440837	0.440837	1.3223	0.881621	0.440837	0.440837	1.3223	1.3223	0.440837	0.440837	0.881621	1.3223	0.440837	0.440837	0.440837	0.881621	1.3223	1.3223	0.881621	0.440837	0.881621	0.440837	0.881621	0.881621	0.440837	1.3223	0.881621	0.440837	1.3223	1.76282	0.881621	0.440837	0.440837	0.881621	1.3223	0.440837	0.881621	1.76282	1.3223	0.440837	0.881621	0.881621	0.440837	1.3223	0.881621	0.440837	1.3223	0.881621	0.440837	1.3223	0.881621	0.440837	1.3223	0.881621	0.440837	0.881621	0.440837	0.440837	0.440837	0.440837	0.881621	0.881621	0.440837	0.440837	0.881621	0.440837	0.440837	0.440837	0.881621	0.881621	0.440837	0.440837	0.440837	0.881621	0.440837	0	0	0.440837	0.881621	0.881621	0.440837	0.440837	0.881621	0.440837	0.440837	0.440837	0.440837	0.881621	0.440837	0	0.440837	0.881621	0.440837	0.440837	0.440837	0.440837	0.440837	0	0.440837	0.440837	0.440837	0.440837	0.440837	0.440837	0	0.440837
0.88154	0.440796	0.440796	0.88154	0.440796	0.440796	0.440796	0.440796	0.88154	0.88154	0.440796	0	0.440796	0.440796	0.440796	0.440796	0.440796	0.440796	0	0.440796	0.88154	0.440796	0	0.440796	0.440796	0.440796	0.440796	0	0.440796	0.440796	0.440796	0.440796	0	0	0.440796	0.440796	0	0.440796	0.440796	0	0.440796	0.88154	0.440796	0	0.440796	0.440796	0.88154	0.88154	0.440796	0.88154	0.440796	0.440796	1.32218	1.32218	0.440796	0.440796	0.440796	0.440796	1.32218	0.88154	0.440796	0.440796	1.76266	1.76266	0.440796	0.440796	0.88154	1.32218	0.440796	0.88154	0.88154	0.440796	1.32218	1.76266	0.88154	0.440796	1.32218	0.88154	0.88154	1.32218	0.440796	0.88154	0.88154	0.88154	1.32218	0.88154	0.440796	0.88154	1.32218	0.440796	0.440796	0.440796	0.88154	1.32218	0.88154	0.440796	0.88154	0.88154	0	0	0	0.440796	0.440796	0	0	0.440796	0.440796	0	0.440796	0.440796	0	0	0	0	0	0	0	0.440796	0.440796	0	0	0	0	0	0	0	0.440796	0.440796	0	0	0	0	0	0	0	0	0	0	0	0	0.440796	0.440796	0.440796	0.440796	0	0.440796	0.88154	0.88154	0.440796	0.440796	0.440796	0.440796	1.32218	0.88154	0.440796	0.440796	1.32218	1.32218	0.440796	0.440796	0.88154	1.32218	0.440796	0.440796	0.440796	0.88154	1.32218	1.32218	0.88154	0.440796	0.88154	0.440796	0.88154	0.88154	0.440796	1.32218	0.88154	0.440796	1.32218	1.76266	0.88154	0.440796	0.440796	0.88154	1.32218	0.440796	0.88154	1.76266	1.32218	0.440796	0.88154	0.88154	0.440796	1.32218	0.88154	0.440796	1.32218	0.88154	0.440796	1.32218	0.88154	0.440796	1.32218	0.88154	0.440796	0.88154	0.440796	0.440796	0.440796	0.440796	0.88154	0.88154	0.440796	0.440796	0.88154	0.440796	0.440796	0.440796	0.88154	0.88154	0.440796	0.440796	0.440796	0.88154	0.440796	0	0	0.440796	0.88154	0.88154	0.440796	0.440796	0.88154	0.440796	0.440796	0.440796	0.440796	0.88154	0.440796	0	0.440796	0.88154	0.440796	0.440796	0.440796	0.440796	0.440796	0	0.440796	0.440796	0.440796	0.440796	0.440796	0.440796	0	0.440796
0.881445	0.440748	0.440748	0.881445	0.440748	0.440748	0.440748	0.440748	0.881445	0.881445	0.440748	0	0.440748	0.440748	0.440748	0.440748	0.440748	0.440748	0	0.440748	0.881445	0.440748	0	0.440748	0.440748	0.440748	0.440748	0	0.440748	0.440748	0.440748	0.440748	0	0	0.440748	0.440748	0	0.440748	0.440748	0	0.440748	0.881445	0.440748	0	0.440748	0.440748	0.881445	0.881445	0.440748	0.881445	0.440748	0.440748	1.32204	1.32204	0.440748	0.440748	0.440748	0.440748	1.32204	0.881445	0.440748	0.440748	1.76247	1.76247	0.440748	0.440748	0.881445	1.32204	0.440748	0.881445	0.881445	0.440748	1.32204	1.76247	0.881445	0.440748	1.32204	0.881445	0.881445	1.32204	0.440748	0.881445	0.881445	0.881445	1.32204	0.881445	0.440748	0.881445	1.32204	0.440748	0.440748	0.440748	0.881445	1.32204	0.881445	0.440748	0.881445	0.881445	0	0	0	0.440748	0.440748	0	0	0.440748	0.440748	0	0.440748	0.440748	0	0	0	0	0	0	0	0.440748	0.440748	0	0	0	0	0	0	0	0.440748	0.440748	0	0	0	0	0	0	0	0	0	0	0	0	0.440748	0.440748	0.440748	0.440748	0	0.440748	0.881445	0.881445	0.440748	0.440748	0.440748	0.440748	1.32204	0.881445	0.440748	0.440748	1.32204	1.32204	0.440748	0.440748	0.881445	1.32204	0.440748	0.440748	0.440748	0.881445	1.32204	1.32204	0.881445	0.440748	0.881445	0.440748	0.881445	0.881445	0.440748	1.32204	0.881445	0.440748	1.32204	1.76247	0.881445	0.440748	0.440748	0.881445	1.32204	0.440748	0.881445	1.76247	1.32204	0.440748	0.881445	0.881445	0.440748	1.32204	0.881445	0.440748	1.32204	0.881445	0.440748	1.32204	0.881445	0.440748	1.32204	0.881445	0.440748	0.881445	0.440748	0.440748	0.440748	0.440748	0.881445	0.881445	0.440748	0.440748	0.881445	0.440748	0.440748	0.440748	0.881445	0.881445	0.440748	0.440748	0.440748	0.881445	0.440748	0	0	0.440748	0.881445	0.881445	0.440748	0.440748	0.881445	0.440748	0.440748	0.440748	0.440748	0.881445	0.440748	0	0.440748	0.881445	0.440748	0.440748	0.440748	0.440748	0.440748	0	0.440748	0.440748	0.440748	0.440748	0.440748	0.440748	0	0.440748
0.881363	0.440708	0.440708	0.881363	0.440708	0.440708	0.440708	0.440708	0.881363	0.881363	0.440708	0	0.440708	0.440708	0.440708	0.440708	0.440708	0.440708	0	0.440708	0.881363	0.440708	0	0.440708	0.440708	0.440708	0.440708	0	0.440708	0.440708	0.440708	0.440708	0	0	0.440708	0.440708	0	0.440708	0.440708	0	0.440708	0.881363	0.440708	0	0.440708	0.440708	0.881363	0.881363	0.440708	0.881363	0.440708	0.440708	1.32191	1.32191	0.440708	0.440708	0.440708	0.440708	1.32191	0.881363	0.440708	0.440708	1.76231	1.76231	0.440708	0.440708	0.881363	1.32191	0.440708	0.881363	0.881363	0.440708	1.32191	1.76231	0.881363	0.440708	1.32191	0.881363	0.881363	1.32191	0.440708	0.881363	0.881363	0.881363	1.32191	0.881363	0.440708	0.881363	1.32191	0.440708	0.440708	0.440708	0.881363	1.32191	0.881363	0.440708	0.881363	0.881363	0	0	0	0.440708	0.440708	0	0	0.440708	0.440708	0	0.440708	0.440708	0	0	0	0	0	0	0	0.440708	0.440708	0	0	0	0	0	0	0	0.440708	0.440708	0	0	0	0	0	0	0	0	0	0	0	0	0.440708	0.440708	0.440708	0.440708	0	0.440708	0.881363	0.881363	0.440708	0.440708	0.440708	0.440708	1.32191	0.881363	0.440708	0.440708	1.32191	1.32191	0.440708	0.440708	0.881363	1.32191	0.440708	0.440708	0.440708	0.881363	1.32191	1.32191	0.881363	0.440708	0.881363	0.440708	0.881363	0.881363	0.440708	1.32191	0.881363	0.440708	1.32191	1.76231	0.881363	0.440708	0.440708	0.881363	1.32191	0.440708	0.881363	1.76231	1.32191	0.440708	0.881363	0.881363	0.440708	1.32191	0.881363	0.440708	1.32191	0.881363	0.440708	1.32191	0.881363	0.440708	1.32191	0.881363	0.440708	0.881363	0.440708	0.440708	0.440708	0.440708	0.881363	0.881363	0.440708	0.440708	0.881363	0.440708	0.440708	0.440708	0.881363	0.881363	0.440708	0.440708	0.440708	0.881363	0.440708	0	0	0.440708	0.881363	0.881363	0.440708	0.440708	0.881363	0.440708	0.440708	0.440708	0.440708	0.881363	0.440708	0	0.440708	0.881363	0.440708	0.440708	0.440708	0.440708	0.440708	0	0.440708	0.440708	0.440708	0.440708	0.440708	0.440708	0	0.440708
0.881282	0.440667	0.440667	0.881282	0.440667	0.440667	0.440667	0.440667	0.881282	0.881282	0.440667	0	0.440667	0.440667	0.440667	0.440667	0.440667	0.440667	0	0.440667	0.881282	0.440667	0	0.440667	0.440667	0.440667	0.440667	0	0.440667	0.440667	0.440667	0.440667	0	0	0.440667	0.440667	0	0.440667	0.440667	0	0.440667	0.881282	0.440667	0	0.440667	0.440667	0.881282	0.881282	0.440667	0.881282	0.440667	0.440667	1.32179	1.32179	0.440667	0.440667	0.440667	0.440667	1.32179	0.881282	0.440667	0.440667	1.76215	1.76215	0.440667	0.440667	0.881282	1.32179	0.440667	0.881282	0.881282	0.440667	1.32179	1.76215	0.881282	0.440667	1.32179	0.881282	0.881282	1.32179	0.440667	0.881282	0.881282	0.881282	1.32179	0.881282	0.440667	0.881282	1.32179	0.440667	0.440667	0.440667	0.881282	1.32179	0.881282	0.440667	0.881282	0.881282	0	0	0	0.440667	0.440667	0	0	0.440667	0.440667	0	0.440667	0.440667	0	0	0	0	0	0	0	0.440667	0.440667	0	0	0	0	0	0	0	0.440667	0.440667	0	0	0	0	0	0	0	0	0	0	0	0	0.440667	0.440667	0.440667	0.440667	0	0.440667	0.881282	0.881282	0.440667	0.440667	0.440667	0.440667	1.32179	0.881282	0.440667	0.440667	1.32179	1.32179	0.440667	0.440667	0.881282	1.32179	0.440667	0.440667	0.440667	0.881282	1.32179	1.32179	0.881282	0.440667	0.881282	0.440667	0.881282	0.881282	0.440667	1.32179	0.881282	0.440667	1.32179	1.76215	0.881282	0.440667	0.440667	0.881282	1.32179	0.440667	0.881282	1.76215	1.32179	0.440667	0.881282	0.881282	0.440667	1.32179	0.881282	0.440667	1.32179	0.881282	0.440667	1.32179	0.881282	0.440667	1.32179	0.881282	0.440667	0.881282	0.440667	0.440667	0.440667	0.440667	0.881282	0.881282	0.440667	0.440667	0.881282	0.440667	0.440667	0.440667	0.881282	0.881282	0.440667	0.440667	0.440667	0.881282	0.440667	0	0	0.440667	0.881282	0.881282	0.440667	0.440667	0.881282	0.440667	0.440667	0.440667	0.440667	0.881282	0.440667	0	0.440667	0.881282	0.440667	0.440667	0.440667	0.440667	0.440667	0	0.440667	0.440667	0.440667	0.440667	0.440667	0.440667	0	0.440667
0.881201	0.440626	0.440626	0.881201	0.440626	0.440626	0.440626	0.440626	0.881201	0.881201	0.440626	0	0.440626	0.440626	0.440626	0.440626	0.440626	0.440626	0	0.440626	0.881201	0.440626	0	0.440626	0.440626	0.440626	0.440626	0	0.440626	0.440626	0.440626	0.440626	0	0	0.440626	0.440626	0	0.440626	0.440626	0	0.440626	0.881201	0.440626	0	0.440626	0.440626	0.881201	0.881201	0.440626	0.881201	0.440626	0.440626	1.32167	1.32167	0.440626	0.440626	0.440626	0.440626	1.32167	0.881201	0.440626	0.440626	1.76198	1.76198	0.440626	0.440626	0.881201	1.32167	0.440626	0.881201	0.881201	0.440626	1.32167	1.76198	0.881201	0.440626	1.32167	0.881201	0.881201	1.32167	0.440626	0.881201	0.881201	0.881201	1.32167	0.881201	0.440626	0.881201	1.32167	0.440626	0.440626	0.440626	0.881201	1.32167	0.881201	0.440626	0.881201	0.881201	0	0	0	0.440626	0.440626	0	0	0.440626	0.440626	0	0.440626	0.440626	0	0	0	0	0	0	0	0.440626	0.440626	0	0	0	0	0	0	0	0.440626	0.440626	0	0	0	0	0	0	0	0	0	0	0	0	0.440626	0.440626	0.440626	0.440626	0	0.440626	0.881201	0.881201	0.440626	0.440626	0.440626	0.440626	1.32167	0.881201	0.440626	0.440626	1.32167	1.32167	0.440626	0.440626	0.881201	1.32167	0.440626	0.440626	0.440626	0.881201	1.32167	1.32167	0.881201	0.440626	0.881201	0.440626	0.881201	0.881201	0.440626	1.32167	0.881201	0.440626	1.32167	1.76198	0.881201	0.440626	0.440626	0.881201	1.32167	0.440626	0.881201	1.76198	1.32167	0.440626	0.881201	0.881201	0.440626	1.32167	0.881201	0.440626	1.32167	0.881201	0.440626	1.32167	0.881201	0.440626	1.32167	0.881201	0.440626	0.881201	0.440626	0.440626	0.440626	0.440626	0.881201	0.881201	0.440626	0.440626	0.881201	0.440626	0.440626	0.440626	0.881201	0.881201	0.440626	0.440626	0.440626	0.881201	0.440626	0	0	0.440626	0.881201	0.881201	0.440626	0.440626	0.881201	0.440626	0.440626	0.440626	0.440626	0.881201	0.440626	0	0.440626	0.881201	0.440626	0.440626	0.440626	0.440626	0.440626	0	0.440626	0.440626	0.440626	0.440626	0.440626	0.440626	0	0.440626
0.881119	0.440586	0.440586	0.881119	0.440586	0.440586	0.440586	0.440586	0.881119	0.881119	0.440586	0	0.440586	0.440586	0.440586	0.440586	0.440586	0.440586	0	0.440586	0.881119	0.440586	0	0.440586	0.440586	0.440586	0.440586	0	0.440586	0.440586	0.440586	0.440586	0	0	0.440586	0.440586	0	0.440586	0.440586	0	0.440586	0.881119	0.440586	0	0.440586	0.440586	0.881119	0.881119	0.440586	0.881119	0.440586	0.440586	1.32155	1.32155	0.440586	0.440586	0.440586	0.440586	1.32155	0.881119	0.440586	0.440586	1.76182	1.76182	0.440586	0.440586	0.881119	1.32155	0.440586	0.881119	0.881119	0.440586	1.32155	1.76182	0.881119	0.440586	1.32155	0.881119	0.881119	1.32155	0.440586	0.881119	0.881119	0.881119	1.32155	0.881119	0.440586	0.881119	1.32155	0.440586	0.440586	0.440586	0.881119	1.32155	0.881119	0.440586	0.881119	0.881119	0	0	0	0.440586	0.440586	0	0	0.440586	0.440586	0	0.440586	0.440586	0	0	0	0	0	0	0	0.440586	0.440586	0	0	0	0	0	0	0	0.440586	0.440586	0	0	0	0	0	0	0	0	0	0	0	0	0.440586	0.440586	0.440586	0.440586	0	0.440586	0.881119	0.881119	0.440586	0.440586	0.440586	0.440586	1.32155	0.881119	0.440586	0.440586	1.32155	1.32155	0.440586	0.440586	0.881119	1.32155	0.440586	0.440586	0.440586	0.881119	1.32155	1.32155	0.881119	0.440586	0.881119	0.440586	0.881119	0.881119	0.440586	1.32155	0.881119	0.440586	1.32155	1.76182	0.881119	0.440586	0.440586	0.881119	1.32155	0.440586	0.881119	1.76182	1.32155	0.440586	0.881119	0.881119	0.440586	1.32155	0.881119	0.440586	1.32155	0.881119	0.440586	1.32155	0.881119	0.440586	1.32155	0.881119	0.440586	0.881119	0.440586	0.440586	0.440586	0.440586	0.881119	0.881119	0.440586	0.440586	0.881119	0.440586	0.440586	0.440586	0.881119	0.881119	0.440586	0.440586	0.440586	0.881119	0.440586	0	0	0.440586	0.881119	0.881119	0.440586	0.440586	0.881119	0.440586	0.440586	0.440586	0.440586	0.881119	0.440586	0	0.440586	0.881119	0.440586	0.440586	0.440586	0.440586	0.440586	0	0.440586	0.440586	0.440586	0.440586	0.440586	0.440586	0	0.440586
0.881025	0.440538	0.440538	0.881025	0.440538	0.440538	0.440538	0.440538	0.881025	0.881025	0.440538	0	0.440538	0.440538	0.440538	0.440538	0.440538	0.440538	0	0.440538	0.881025	0.440538	0	0.440538	0.440538	0.440538	0.440538	0	0.440538	0.440538	0.440538	0.440538	0	0	0.440538	0.440538	0	0.440538	0.440538	0	0.440538	0.881025	0.440538	0	0.440538	0.440538	0.881025	0.881025	0.440538	0.881025	0.440538	0.440538	1.32141	1.32141	0.440538	0.440538	0.440538	0.440538	1.32141	0.881025	0.440538	0.440538	1.76163	1.76163	0.440538	0.440538	0.881025	1.32141	0.440538	0.881025	0.881025	0.440538	1.32141	1.76163	0.881025	0.440538	1.32141	0.881025	0.881025	1.32141	0.440538	0.881025	0.881025	0.881025	1.32141	0.881025	0.440538	0.881025	1.32141	0.440538	0.440538	0.440538	0.881025	1.32141	0.881025	0.440538	0.881025	0.881025	0	0	0	0.440538	0.440538	0	0	0.440538	0.440538	0	0.440538	0.440538	0	0	0	0	0	0	0	0.440538	0.440538	0	0	0	0	0	0	0	0.440538	0.440538	0	0	0	0	0	0	0	0	0	0	0	0	0.440538	0.440538	0.440538	0.440538	0	0.440538	0.881025	0.881025	0.440538	0.440538	0.440538	0.440538	1.32141	0.881025	0.440538	0.440538	1.32141	1.32141	0.440538	0.440538	0.881025	1.32141	0.440538	0.440538	0.440538	0.881025	1.32141	1.32141	0.881025	0.440538	0.881025	0.440538	0.881025	0.881025	0.440538	1.32141	0.881025	0.440538	1.32141	1.76163	0.881025	0.440538	0.440538	0.881025	1.32141	0.440538	0.881025	1.76163	1.32141	0.440538	0.881025	0.881025	0.440538	1.32141	0.881025	0.440538	1.32141	0.881025	0.440538	1.32141	0.881025	0.440538	1.32141	0.881025	0.440538	0.881025	0.440538	0.440538	0.440538	0.440538	0.881025	0.881025	0.440538	0.440538	0.881025	0.440538	0.440538	0.440538	0.881025	0.881025	0.440538	0.440538	0.440538	0.881025	0.440538	0	0	0.440538	0.881025	0.881025	0.440538	0.440538	0.881025	0.440538	0.440538	0.440538	0.440538	0.881025	0.440538	0	0.440538	0.881025	0.440538	0.440538	0.440538	0.440538	0.440538	0	0.440538	0.440538	0.440538	0.440538	0.440538	0.440538	0	0.440538
0.880943	0.440498	0.440498	0.880943	0.440498	0.440498	0.440498	0.440498	0.880943	0.880943	0.440498	0	0.440498	0.440498	0.440498	0.440498	0.440498	0.440498	0	0.440498	0.880943	0.440498	0	0.440498	0.440498	0.440498	0.440498	0	0.440498	0.440498	0.440498	0.440498	0	0	0.440498	0.440498	0	0.440498	0.440498	0	0.440498	0.880943	0.440498	0	0.440498	0.440498	0.880943	0.880943	0.440498	0.880943	0.440498	0.440498	1.32128	1.32128	0.440498	0.440498	0.440498	0.440498	1.32128	0.880943	0.440498	0.440498	1.76147	1.76147	0.440498	0.440498	0.880943	1.32128	0.440498	0.880943	0.880943	0.440498	1.32128	1.76147	0.880943	0.440498	1.32128	0.880943	0.880943	1.32128	0.440498	0.880943	0.880943	0.880943	1.32128	0.880943	0.440498	0.880943	1.32128	0.440498	0.440498	0.440498	0.880943	1.32128	0.880943	0.440498	0.880943	0.880943	0	0	0	0.440498	0.440498	0	0	0.440498	0.440498	0	0.440498	0.440498	0	0	0	0	0	0	0	0.440498	0.440498	0	0	0	0	0	0	0	0.440498	0.440498	0	0	0	0	0	0	0	0	0	0	0	0	0.440498	0.440498	0.440498	0.440498	0	0.440498	0.880943	0.880943	0.440498	0.440498	0.440498	0.440498	1.32128	0.880943	0.440498	0.440498	1.32128	1.32128	0.440498	0.440498	0.880943	1.32128	0.440498	0.440498	0.440498	0.880943	1.32128	1.32128	0.880943	0.440498	0.880943	0.440498	0.880943	0.880943	0.440498	1.32128	0.880943	0.440498	1.32128	1.76147	0.880943	0.440498	0.440498	0.880943	1.32128	0.440498	0.880943	1.76147	1.32128	0.440498	0.880943	0.880943	0.440498	1.32128	0.880943	0.440498	1.32128	0.880943	0.440498	1.32128	0.880943	0.440498	1.32128	0.880943	0.440498	0.880943	0.440498	0.440498	0.440498	0.440498	0.880943	0.880943	0.440498	0.440498	0.880943	0.440498	0.440498	0.440498	0.880943	0.880943	0.440498	0.440498	0.440498	0.880943	0.440498	0	0	0.440498	0.880943	0.880943	0.440498	0.440498	0.880943	0.440498	0.440498	0.440498	0.440498	0.880943	0.440498	0	0.440498	0.880943	0.440498	0.440498	0.440498	0.440498	0.440498	0	0.440498	0.440498	0.440498	0.440498	0.440498	0.440498	0	0.440498
0.880862	0.440457	0.440457	0.880862	0.440457	0.440457	0.440457	0.440457	0.880862	0.880862	0.440457	0	0.440457	0.440457	0.440457	0.440457	0.440457	0.440457	0	0.440457	0.880862	0.440457	0	0.440457	0.440457	0.440457	0.440457	0	0.440457	0.440457	0.440457	0.440457	0	0	0.440457	0.440457	0	0.440457	0.440457	0	0.440457	0.880862	0.440457	0	0.440457	0.440457	0.880862	0.880862	0.440457	0.880862	0.440457	0.440457	1.32116	1.32116	0.440457	0.440457	0.440457	0.440457	1.32116	0.880862	0.440457	0.440457	1.76131	1.76131	0.440457	0.440457	0.880862	1.32116	0.440457	0.880862	0.880862	0.440457	1.32116	1.76131	0.880862	0.440457	1.32116	0.880862	0.880862	1.32116	0.440457	0.880862	0.880862	0.880862	1.32116	0.880862	0.440457	0.880862	1.32116	0.440457	0.440457	0.440457	0.880862	1.32116	0.880862	0.440457	0.880862	0.880862	0	0	0	0.440457	0.440457	0	0	0.440457	0.440457	0	0.440457	0.440457	0	0	0	0	0	0	0	0.440457	0.440457	0	0	0	0	0	0	0	0.440457	0.440457	0	0	0	0	0	0	0	0	0	0	0	0	0.440457	0.440457	0.440457	0.440457	0	0.440457	0.880862	0.880862	0.440457	0.440457	0.440457	0.440457	1.32116	0.880862	0.440457	0.440457	1.32116	1.32116	0.440457	0.440457	0.880862	1.32116	0.440457	0.440457	0.440457	0.880862	1.32116	1.32116	0.880862	0.440457	0.880862	0.440457	0.880862	0.880862	0.440457	1.32116	0.880862	0.440457	1.32116	1.76131	0.880862	0.440457	0.440457	0.880862	1.32116	0.440457	0.880862	1.76131	1.32116	0.440457	0.880862	0.880862	0.440457	1.32116	0.880862	0.440457	1.32116	0.880862	0.440457	1.32116	0.880862	0.440457	1.32116	0.880862	0.440457	0.880862	0.440457	0.440457	0.440457	0.440457	0.880862	0.880862	0.440457	0.440457	0.880862	0.440457	0.440457	0.440457	0.880862	0.880862	0.440457	0.440457	0.440457	0.880862	0.440457	0	0	0.440457	0.880862	0.880862	0.440457	0.440457	0.880862	0.440457	0.440457	0.440457	0.440457	0.880862	0.440457	0	0.440457	0.880862	0.440457	0.440457	0.440457	0.440457	0.440457	0	0.440457	0.440457	0.440457	0.440457	0.440457	0.440457	0	0.440457