8.36175	13.5479	8.81568	13.0963	16.9811	17.5545	13.9478	11.8751	9.48554	9.16037	11.0171	8.35667	9.94859	10.9686	10.6023	9.30641	10.2857	9.50438	10.8935	15.0298	17.2179	16.0182	15.3557	26.8722	35.5518	35.9494	53.8288	69.7124	66.526	69.6204	73.5318	71.6283	64.6077	8.78482	61.5113	62.0964	46.1183	5.74853	30.5041	26.5277	24.1506	31.8855	39.3886	47.1079	68.4548	69.9699	42.655	63.3738	62.725	53.0805	38.2844	23.1206	15.0598	10.6809	5.93364	7.13079	21.9556	30.1065	33.9736	25.7843	17.2972	21.6015	18.8347	33.5778	51.9006	34.2905	46.0926	68.722	64.9668	38.8632	43.0135	49.3138	42.1878	29.2129	24.3116	22.2025	20.3394	24.4807	21.7997	23.029	22.2938	16.13	14.4571	13.7306	17.4379	6.80579	12.8839	12.6125	12.4008	15.5324	18.4554	18.022	15.973	13.0033	12.5	13.8776	16.4725	21.5773	16.23	6.47184	12.152	16.3007	17.4986	22.8158	24.2247	18.8401	24.278	31.5925	40.6113	36.2964	35.23	43.0764	53.7256	55.8963	57.1215	51.2081	31.3643	41.517	62.1602	52.7697	56.8493	54.5577	54.1841	60.8017	63.6976	60.0457	42.6896	42.5185	33.9417	48.0635	50.5084	41.204	25.5083	26.7441	27.4337	35.7433	30.6374	26.3059	43.2482	44.3547	38.2948	30.8955	28.409	48.7321	32.0541	23.733	20.8343	50.8958	42.7701	42.1568	49.9853	42.3992	47.1666	37.1466	31.6357	41.5923	54.2157	53.332	40.8333	16.54	35.493	45.5897	30.5526	31.1282	33.6626	49.8669	57.9821	48.6707	44.3838	44.0617	30.4376	47.8557	49.1405	40.4831	57.0779	61.1158	50.0315	27.3139	60.3231	66.2497	79.4605	79.1469	27.5947	66.7069	76.5076	75.4439	51.3488	60.2084	61.8139	46.0945	4.80134	14.2521	27.9809	49.9691	57.1686	55.885	47.267	55.6119	62.6623	58.0806	41.3715	32.3686	62.4835	58.1945	45.1096	40.8911	48.2333	43.222	17.1222	16.099	13.919	8.74799	6.19884	6.88496	8.46006	14.7526	18.8563	20.3285	11.1748	7.91156	4.17343	11.6029	12.023	22.6553	48.8442	51.6388	45.5798	45.9251	8.80389	57.9558	59.5587	42.3312	30.612	14.7489	21.648	30.9564	30.0408	22.0549	42.6431	65.8434	70.5903	69.6369	67.8839	58.3856	19.7316	31.7316	51.7266	49.0368	40.6409	60.7622	70.6965	76.6369	69.1519	63.4849	70.5063	61.1512
9.51277	13.3244	4.7423	10.238	9.38484	11.6567	7.79564	5.32523	4.25813	6.94402	8.844	4.41973	5.13546	5.60883	7.87179	9.42012	8.20067	6.17823	6.75777	7.72289	10.3606	10.6235	7.71693	17.2846	33.8375	23.0621	25.1978	65.6071	56.4434	66.0475	64.1826	49.9063	36.6894	63.9949	56.317	59.8855	55.2839	32.6423	14.1249	19.066	16.1428	28.0582	32.0024	30.9154	61.3793	73.4684	64.2199	40.9806	56.2806	55.4384	46.5055	25.2155	17.4389	12.1203	14.3476	8.21376	24.2083	21.814	18.7165	22.2347	15.8377	11.3246	10.8798	20.0961	46.4667	56.3568	7.3941	68.3475	67.5352	31.8342	24.8904	42.6915	47.1981	31.1726	17.3439	16.0021	13.8766	15.8995	19.0378	25.4954	18.699	10.1627	10.1553	11.2979	19.7348	13.8301	8.96697	10.5215	6.8573	8.07332	12.5913	14.4556	13.7261	10.4084	11.8734	11.5685	10.9003	19.4896	21.924	4.25817	12.1722	8.72641	12.5888	20.6941	20.2774	11.4266	13.1273	16.8806	28.7989	27.0867	18.7129	14.625	33.739	47.6678	42.6914	45.8018	22.8519	36.9145	48.0522	37.1894	49.2768	34.7332	34.078	49.437	43.684	52.8594	45.8896	43.1777	40.2697	43.024	46.6453	33.6128	31.1246	26.6358	21.3832	44.0765	37.1318	28.3494	34.7797	48.9232	39.8279	25.4367	29.029	49.6043	21.4575	10.5371	9.51757	31.1591	44.8217	51.9349	44.106	39.073	46.1715	45.792	32.8991	36.7565	33.9919	57.4501	54.3907	3.87904	11.7343	36.6376	19.2571	23.3613	22.503	36.0977	53.1748	45.3986	38.1369	50.0395	36.44	54.4999	55.1526	10.1895	33.1782	49.33	37.9082	28.0582	53.975	63.1311	79.0303	79.2899	61.407	45.4457	77.8477	76.6716	33.9159	51.3071	60.27	60.2289	12.2172	2.63142	9.29747	28.9443	32.0145	28.3499	24.8835	60.0133	68.0487	54.579	21.0266	42.9702	56.0486	52.1591	48.2055	40.6106	48.0125	44.5006	22.5724	17.8336	11.6119	6.89508	3.895	5.34559	5.79085	15.7058	11.8652	22.3291	9.83751	6.0647	4.96004	12.5501	18.4532	21.994	34.3144	43.084	46.8295	45.9118	27.9637	42.0796	53.4775	45.225	45.2985	32.6587	23.3718	19.2817	17.8619	7.72284	57.0913	68.1177	68.1929	56.8182	63.0208	63.3135	48.3996	12.1315	40.8761	59.5931	60.1707	56.6048	66.9758	76.8444	66.794	69.1929	70.0376	55.9699
9.96875	10.7109	11.9573	14.4307	13.4933	12.5774	6.60961	5.12276	5.82222	8.83661	12.5694	11.7032	8.22448	5.31313	8.12319	10.1543	8.45797	4.88692	8.72556	11.0317	15.5296	18.135	18.2681	17.4745	31.6809	34.0703	35.7512	63.0014	60.9286	47.2775	58.0315	69.5667	70.7157	69.8883	56.0447	63.3122	64.8819	55.3652	40.7664	25.2263	6.62836	22.9312	31.936	32.8513	54.7439	72.2539	72.6439	67.0973	55.152	39.1964	48.4751	46.7401	41.3197	29.9894	24.5101	20.5998	28.7041	32.7449	26.6032	25.6819	10.4156	10.3709	16.2246	19.4161	36.0315	53.0936	18.1113	59.8431	69.2789	67.2646	57.0152	52.2396	53.6298	40.4084	26.4705	24.0422	13.2581	3.64641	20.9581	22.9349	17.4193	19.839	18.6331	14.6635	21.0228	18.7256	2.0186	12.09	14.7957	12.7802	12.6052	12.7179	14.6766	15.8636	18.0315	14.6364	13.9598	20.2289	26.2036	17.6904	12.5585	8.88976	15.8767	21.478	22.2004	19.2837	20.2818	23.2017	29.0906	31.319	35.8698	35.9325	37.202	50.3281	52.0857	54.7758	52.9389	53.1821	57.6816	55.5306	38.4016	24.4365	30.3069	49.4657	29.5391	55.9542	61.0838	52.3066	42.1441	45.1473	44.0147	46.0709	47.5605	43.493	35.3977	53.483	52.1482	59.7274	52.6486	43.0352	34.7961	18.6063	26.6869	47.9531	33.4998	17.7145	33.2017	47.798	47.6659	41.0547	25.0615	25.8059	50.7616	54.3182	16.1171	45.172	31.9382	59.2342	54.4171	5.64943	7.17237	29.6531	28.211	18.6221	15.7564	32.2608	51.6334	47.1549	35.8161	48.7425	34.7638	58.7461	67.1524	55.8907	33.1349	45.5906	47.4445	55.2624	62.5238	61.9951	77.6244	78.3498	69.4419	35.1168	76.5348	77.9058	57.1546	63.8476	68.1769	72.509	64.6285	59.6396	55.1	41.6772	8.48706	14.0836	26.5719	58.3336	68.8154	66.8857	66.0033	64.7556	52.2849	24.6028	59.3328	64.5564	65.6937	63.5326	55.1324	39.0636	18.4281	9.70551	9.21828	15.2073	18.1465	19.6353	13.9795	25.8458	28.8829	27.3426	25.1116	9.16717	16.3967	25.6953	27.9943	22.528	39.2567	52.0419	57.4073	58.2316	55.3689	42.0938	34.2463	29.0688	32.4153	28.9603	12.4075	19.4186	60.7982	67.1758	66.6072	52.5371	54.7809	69.6462	69.5689	62.23	50.4939	58.2093	62.002	52.6456	63.8952	76.1496	70.444	63.6935	67.84	57.2086
9.00069	13.1639	18.823	18.0311	16.272	12.7756	7.9671	7.03535	8.24216	10.5823	12.623	11.9512	9.99391	7.41558	8.21221	10.4177	10.0925	5.47629	14.6622	16.4802	18.7082	22.8924	25.2823	23.1104	29.4663	37.9853	41.1687	55.6664	63.1219	47.4111	54.7078	68.59	70.9768	67.0492	59.8746	64.5017	71.0293	66.7747	58.0958	49.2257	35.1399	7.61759	24.2911	35.0687	48.4947	66.6184	71.7969	72.0969	68.6063	56.2698	26.7934	22.5037	31.9722	28.4253	36.561	39.7866	34.98	41.2336	43.8751	39.0231	34.1204	36.582	34.8014	26.9381	38.7921	43.85	21.568	42.2924	64.217	69.0406	67.4192	66.3011	64.6874	55.456	45.4081	39.4976	29.9366	16.8102	15.3813	17.7722	23.3564	26.7306	26.8488	19.0868	18.4868	21.1688	14.0818	7.08315	14.3454	19.4887	19.7886	16.0874	16.8967	20.6862	24.7795	20.1763	14.4223	17.3508	23.5965	27.8468	20.3851	16.2132	20.2952	23.759	25.8305	26.9688	28.3967	31.2365	35.59	38.809	42.4003	44.2942	45.843	51.5225	56.582	60.6344	61.8372	60.3025	62.9695	63.487	56.3639	45.3414	40.747	47.4206	39.2162	53.7615	64.4235	63.8111	54.5271	54.7223	54.1587	58.5222	56.2631	52.8264	46.405	57.5375	60.9803	62.3619	60.6429	35.3078	25.114	23.5912	14.7936	34.4572	41.0071	42.6921	54.9828	60.0086	57.3479	38.4545	7.68533	19.3231	46.3225	51.6946	22.0351	32.4759	27.74	54.0595	46.8993	10.2168	9.7296	21.5794	33.8439	25.0716	25.746	34.8122	52.8684	55.7965	49.6958	55.8636	52.7335	60.8768	70.1476	68.6491	63.8562	63.5044	61.3042	62.4323	59.0931	44.1113	72.8505	76.6854	75.0645	71.2537	63.2416	77.3612	67.3317	68.9225	70.6732	76.5271	74.2306	69.9474	64.7767	60.6526	51.9776	19.8074	14.2999	48.691	65.4429	70.6451	71.8104	69.2006	61.2236	50.4244	44.9052	63.1805	68.803	67.9427	63.4456	52.8979	30.9707	16.7105	13.0804	17.9507	17.0607	17.9417	24.3563	35.9002	43.8777	44.7412	47.5619	44.8764	15.7833	28.1102	37.8311	24.6264	33.0734	51.0148	60.0026	61.0941	56.1186	45.7038	33.3273	25.7475	33.7427	31.4889	10.8775	29.707	61.6199	65.6348	65.3441	66.0193	67.0725	74.5438	76.6714	73.9805	69.3282	57.715	51.0037	54.5083	62.8137	70.4165	67.8651	12.5481	64.8766	71.2612
8.59788	13.7089	12.622	10.2164	9.59748	7.26251	6.64564	6.5617	6.73545	5.05791	5.08526	4.27148	6.93544	6.6245	7.43125	9.43032	9.67385	2.63069	17.329	15.4685	9.34864	12.1501	13.7344	13.4693	14.0811	15.1266	13.3519	29.7103	44.4472	57.759	64.1653	63.6901	43.6436	26.3762	36.6819	40.1702	66.4554	66.8102	57.9116	54.5733	50.0922	41.9732	14.34	20.5475	35.6552	46.5433	44.8642	50.6168	61.5993	66.7391	66.7927	64.0291	59.9202	56.0001	50.6108	39.0436	21.3644	28.8419	40.321	44.8588	42.8097	44.1026	47.3903	49.4512	54.5911	50.2635	40.8734	29.0083	27.3841	37.3797	52.3094	64.5401	68.5744	61.1572	44.409	37.3227	38.4221	38.2097	32.9673	27.6078	20.3893	22.3235	28.507	18.3259	13.9069	18.9354	19.9554	15.7667	10.8823	3.24747	17.0947	13.3964	8.22292	11.7085	19.6927	17.5903	10.8971	7.67463	7.28149	17.2816	20.2573	15.12	15.7532	17.9699	18.56	18.486	18.8323	20.7372	23.2129	23.468	23.9949	25.4261	30.8913	33.886	33.2658	40.4797	51.2655	48.1463	39.7046	47.837	56.0937	52.7389	39.4012	44.9124	35.9473	40.1563	22.0491	53.0337	55.1721	48.3196	39.1317	31.7447	17.948	17.4443	29.6655	51.7311	55.9782	26.6768	51.1644	53.6129	17.5272	17.9673	19.7838	20.6893	19.9354	52.4731	56.8267	48.6367	38.143	42.0837	32.7435	28.8557	43.4378	39.3633	34.6379	10.3057	16.5341	43.8078	44.4318	19.7844	7.22417	6.0222	17.112	23.6147	22.1267	17.6498	36.1948	49.0592	45.2219	48.9731	49.8141	47.719	52.7032	60.6468	64.9732	69.5614	71.7591	72.0215	66.1607	50.4446	66.5688	72.3947	74.3202	77.1302	65.47	65.122	63.2758	60.7311	57.7904	70.3709	72.8022	68.744	60.1172	57.2437	63.917	61.3843	47.6736	21.163	23.3417	43.0839	47.9875	47.1174	56.9112	64.7713	61.9179	48.656	44.6648	60.3621	59.5312	55.3755	43.9593	27.2072	13.8731	19.5677	13.3302	12.3806	31.3085	42.2399	47.3322	48.7479	48.9332	54.2922	48.189	12.4103	42.546	42.2059	24.4427	13.2387	17.8387	21.8323	21.434	21.8342	30.8619	41.7323	38.516	29.7775	2.30762	30.9726	60.8948	67.0046	65.0953	66.5007	69.0799	54.2054	70.8357	71.8348	69.2255	61.2513	53.4089	65.4534	71.2842	68.227	60.8678	60.9118	55.0069	66.1384
8.99916	11.077	9.5096	9.25001	9.42496	7.53529	7.13374	6.66351	5.63148	5.57328	5.76965	4.47034	7.60168	7.42843	9.18554	11.3581	9.43265	1.5228	21.4148	18.2347	9.43304	10.648	11.5697	13.4679	11.7742	4.54292	10.5841	31.4137	36.7287	42.9208	58.8984	65.8272	65.1754	36.0434	22.9946	44.7395	59.0862	66.8134	57.5737	54.9828	50.6272	49.8921	38.4814	5.21739	30.3442	44.5125	37.3566	36.7647	44.3784	51.9692	56.6412	57.5575	54.0137	45.7941	33.4102	20.4769	17.5086	20.0491	24.0029	28.2741	24.6918	23.1872	27.1689	40.6316	60.1996	61.333	49.1218	18.4436	31.9672	24.5055	23.6753	42.29	64.5833	65.7663	49.2916	41.9658	44.1472	41.5093	31.3636	22.5763	15.6783	27.7045	26.7152	14.5216	15.6968	20.7819	19.6475	16.7966	17.88	14.0124	8.05669	13.1843	8.94515	9.13614	20.813	18.2622	12.6192	11.4457	10.7805	9.63268	12.5188	11.8005	12.7547	14.9501	16.9126	17.5516	17.8742	18.9657	20.9735	21.7649	22.5054	23.3412	27.8875	33.231	31.3782	33.2425	43.2287	46.3842	23.7878	23.6214	48.7116	56.457	40.4844	39.642	42.5636	37.8572	40.0242	42.7211	51.4024	43.1145	27.6644	38.3799	27.7808	27.165	50.2025	51.6458	46.8882	36.3632	38.1488	57.957	46.4297	29.154	28.6115	19.4695	49.4436	56.6202	51.4871	34.9138	30.9002	37.286	46.4999	40.074	38.3629	33.9341	20.1441	30.2991	37.3507	44.3596	42.5574	23.13	9.13614	6.14346	8.57573	14.2327	15.9791	13.6779	17.8316	31.9764	39.3259	35.7334	37.5686	39.1999	41.3494	47.9647	52.3517	63.1497	69.9411	69.3383	67.6319	58.643	58.2587	63.3427	69.0058	75.2294	74.8	43.868	58.0963	54.8364	61.8251	59.1391	71.4764	71.396	66.0911	49.2915	60.406	69.3563	68.0377	62.1555	47.9105	24.3942	8.83406	32.0815	51.3982	60.0561	63.1132	64.6826	54.7322	41.6288	56.4929	60.3151	56.1263	41.5714	23.0395	27.7163	27.0292	23.7199	31.3963	38.1361	21.4439	30.9182	26.496	48.3825	49.4075	29.0555	10.4391	33.6259	36.2453	15.7798	22.1838	12.7316	11.2093	12.2431	24.0086	33.7424	30.359	20.5801	21.5107	38.942	59.4728	65.7249	61.3153	65.0771	73.2162	61.083	41.0571	56.1486	65.8638	66.3562	64.8824	65.4422	69.085	63.1041	62.6612	59.6375	13.1997	40.5651
17.289	16.8468	14.9958	12.3261	9.34524	8.4822	9.03878	7.01373	5.29936	6.38881	5.82512	4.87231	9.78365	8.87585	8.05411	9.44297	8.23609	15.7855	28.1667	20.6666	9.65057	1.23917	5.87561	14.0609	16.0577	13.4636	9.86833	25.1747	35.0016	32.237	45.4384	59.4514	70.5291	62.597	28.8721	46.5436	35.9259	63.461	56.6916	53.9136	51.8312	54.2605	50.0302	32.8993	12.6393	33.218	40.8482	38.3858	35.9635	38.5322	40.9444	42.198	41.5764	37.6502	30.4858	20.4114	19.3375	16.9567	14.8862	17.0135	21.909	29.0952	31.8292	37.4799	57.8799	64.7511	67.6	65.9987	52.4106	34.8606	25.8424	10.0359	50.3874	69.229	71.7614	70.1577	63.9797	51.6522	34.647	26.2343	24.1578	29.1212	28.3231	28.9836	32.3495	34.1128	26.9026	15.4365	14.5767	16.2004	3.75039	12.1684	14.2356	13.7706	22.4916	22.712	19.2844	18.4088	17.3018	11.9193	9.94112	9.32716	10.8873	16.1008	20.3462	22.329	23.1571	23.9415	25.013	25.8152	26.7832	28.401	31.7886	37.649	42.681	44.1556	44.3752	55.141	43.575	15.3253	15.6714	50.6278	56.2417	46.6084	51.152	49.4604	46.6541	5.8039	46.1624	46.4867	41.1694	27.8784	37.6664	58.8538	60.3997	53.7112	40.9104	40.6702	27.4035	54.2464	55.9732	52.2351	57.3117	61.6308	63.3864	58.9471	47.7871	44.4308	42.0243	39.8002	41.7166	40.5999	49.3681	56.2685	55.4213	53.322	48.1247	40.0116	32.6131	18.7766	10.7435	8.95456	8.88819	9.00178	9.30143	10.3154	14.585	21.3502	35.9264	39.3396	38.2253	37.058	39.5824	42.399	43.9381	62.6843	69.902	63.4589	61.7683	64.2935	65.0441	65.1506	65.5052	68.9787	74.3748	71.9228	58.449	61.6668	26.0778	60.567	60.6064	58.0907	66.7016	34.2886	45.8379	62.4584	71.4112	72.8529	70.8361	66.8897	58.6193	40.4372	14.1256	52.2813	60.3161	64.5675	65.7407	55.4857	15.7098	48.939	62.1276	61.9717	53.6066	37.6455	25.7675	23.9728	18.0525	30.693	35.4157	34.2768	41.0093	47.0768	35.6095	37.614	26.5932	1.60285	30.0773	37.275	33.7707	13.6011	10.7547	20.9212	17.4721	25.1667	18.3285	25.1875	41.3504	44.7803	54.594	56.7287	54.975	63.1981	72.6474	72.6579	63.9917	26.7461	60.5092	75.7496	78.4762	76.9698	73.9957	68.7304	52.6213	29.1055	66.7737	68.85
14.0144	13.1767	11.0048	9.21375	5.249	5.38018	6.92694	6.2934	6.08139	6.76957	6.60622	5.76046	9.91718	8.943	5.63014	6.71731	10.867	17.8768	25.5626	14.2186	13.2952	7.59833	13.3252	20.8821	17.9941	11.9665	8.58826	15.837	27.7762	33.0071	36.7702	39.4545	66.2244	71.5629	47.7666	27.3684	8.69908	54.6053	54.0174	44.9084	43.3441	51.4273	49.6022	30.8954	19.9082	3.78328	25.3104	29.6465	22.8646	23.7737	25.991	26.8772	27.6684	26.4346	24.8517	22.8952	18.7354	17.861	13.6959	5.32218	11.9961	21.8035	24.6861	24.7369	42.547	51.0101	56.1764	61.8056	57.6474	42.3976	18.0716	7.26001	30.5105	58.0349	67.3474	68.4513	68.8203	57.1892	37.3509	28.643	24.7126	27.4437	26.1194	23.5205	25.1597	34.919	32.328	17.0733	14.1082	14.0189	13.2247	8.45068	11.1499	12.4031	16.7251	19.4601	15.9005	10.6671	11.3249	14.264	10.1095	5.95056	6.31319	10.5741	13.0487	14.4888	15.2125	16.0808	16.2385	16.6846	17.3831	18.2591	19.8484	24.0628	30.7069	34.5365	35.3008	51.407	53.4515	20.4294	29.2698	26.9814	47.2035	39.7264	47.4096	45.6223	30.3415	51.2695	58.6097	55.5202	50.8142	26.9512	34.2459	54.1441	47.8403	34.4007	28.9613	32.7858	29.4562	42.8379	47.2047	39.4949	45.6712	51.3355	51.9369	46.5797	32.1925	41.1671	37.8446	20.0378	18.5739	9.82308	46.0046	52.5043	44.1065	44.5556	37.0147	17.1293	14.3845	11.9511	7.04563	5.96891	6.02043	6.08919	5.09609	5.47429	8.56696	14.2067	24.8621	33.0679	27.4647	22.9524	27.3357	29.7621	36.5084	63.7051	70.6919	62.8103	45.6797	53.2265	62.5141	61.9033	61.7278	67.0407	75.7191	76.3115	61.2577	61.0964	64.1856	67.6227	66.7363	44.3557	64.2279	43.5554	53.4759	52.8551	56.4732	66.2016	65.4574	64.7497	59.7267	54.9721	45.1626	29.4219	43.6545	48.9412	56.9798	60.8875	52.129	13.7847	48.1026	58.2883	54.5197	34.5694	14.1415	10.1499	9.67465	3.60599	19.058	30.9982	35.4975	17.6978	29.3813	38.8665	32.9016	18.2583	9.5458	24.0244	26.5984	30.2527	24.2851	35.4893	15.8763	19.1121	21.8475	29.1548	38.7938	36.795	40.8442	47.4445	51.8556	57.6221	66.2205	69.4693	65.6237	60.3946	64.9317	72.3382	73.0291	73.4132	71.9255	61.834	34.4702	63.2107	65.9127	59.2438
13.1845	10.5732	7.40398	8.52327	4.5039	2.32705	5.64884	6.45475	5.87419	6.74623	6.90612	5.52426	9.06185	9.86626	7.49436	6.69851	7.86677	9.57303	20.6395	9.44118	15.174	10.2736	11.7667	14.2707	4.84904	3.01182	8.26413	13.6356	20.8918	30.7191	34.7638	25.5173	58.5746	73.6456	59.8954	15.2698	26.2764	48.2016	58.7541	46.2568	42.3154	51.5069	50.1187	32.3282	25.6665	17.6779	6.17418	17.2435	16.1919	14.9319	13.8521	11.7155	13.5663	10.5247	21.6415	27.4029	17.8033	17.6893	11.4798	6.55686	7.69587	6.6361	12.9029	17.9425	26.197	24.7687	22.3101	42.2756	44.3402	42.3396	44.3303	45.0017	50.2958	45.4589	26.0565	54.0754	70.628	60.7041	39.3501	34.1081	27.6758	27.4816	24.1932	14.2147	11.1234	34.8732	35.0508	17.6081	14.3261	12.7693	16.5444	9.60612	4.59254	10.2314	13.3302	15.5734	13.3553	6.27836	4.95673	15.9414	11.8444	3.0426	4.59254	7.52481	6.50261	6.90647	6.78064	8.00912	7.35417	7.97488	7.95378	8.1284	8.78173	9.67382	11.6687	21.2702	30.0127	45.1705	52.4808	43.9587	26.4529	32.9801	23.2755	29.0726	37.0143	43.3673	28.5878	58.9245	54.4849	39.9625	44.8978	51.935	45.6886	48.3547	39.7664	15.1059	25.5499	32.9371	30.4745	36.081	37.4772	26.9492	30.3748	22.7189	31.4672	33.4434	10.6395	33.3391	29.1211	25.1043	30.4223	18.2942	42.4089	50.0856	26.3895	15.5548	14.1076	15.0063	15.8789	13.1308	5.51593	2.70588	2.62977	3.72892	3.54027	3.90439	3.00143	5.14109	5.40269	12.0976	12.3484	12.9335	18.885	21.4422	36.5088	65.995	71.3514	57.2952	53.044	58.3268	61.439	61.6797	61.9568	69.1922	75.8019	76.1099	64.7722	50.4533	73.4251	63.6925	37.8796	55.8789	61.085	50.3117	54.1725	64.3263	33.7187	42.5511	55.701	60.5154	46.6572	52.4654	60.5796	33.9748	8.08323	5.91357	27.3065	48.0002	56.5543	54.4393	54.6172	50.8301	37.9725	29.2572	23.9781	3.433	14.3438	19.8258	12.9191	10.9754	18.8375	22.3342	25.4997	41.0889	33.788	25.6609	18.6232	16.3705	12.5835	31.9423	28.5777	34.2071	17.4833	16.1719	8.31369	26.3151	31.3625	28.834	31.528	36.7688	44.2475	44.2738	54.1624	66.5071	68.1092	65.8608	67.9096	70.7623	56.4547	62.868	58.2248	51.8912	62.4249	63.5779	57.5213	41.5386
20.0984	17.1395	13.7353	11.6063	8.00838	6.97401	7.25875	5.74601	4.70229	5.64825	6.03189	6.49957	9.71938	12.1419	14.0942	15.97	15.611	8.82409	17.1222	11.3223	12.4891	9.82844	13.3811	13.0803	7.3259	6.52062	8.27796	12.3746	16.8439	22.7025	31.1392	30.0651	53.2007	72.6155	68.1455	27.5198	41.1762	48.8969	64.5501	60.298	55.6678	57.654	54.9038	43.4051	37.1246	27.6096	17.2741	12.0933	4.62255	6.3869	5.0216	10.4167	14.3601	13.6158	28.0542	26.8214	12.4561	15.3545	13.6772	14.4217	12.9452	13.0811	17.6442	23.8362	28.5442	25.7804	25.7364	36.3596	44.07	48.2129	50.7677	51.686	55.4	56.0601	52.2839	21.1604	68.0578	66.8405	56.9807	53.019	44.9522	43.0664	39.8854	27.5457	21.9247	36.3582	31.5295	20.846	22.2675	19.7027	21.7374	17.5095	6.46375	7.40125	18.404	16.9035	12.8736	12.3046	9.49292	13.0725	13.8662	10.7768	11.6485	12.6809	11.6486	12.252	12.9328	13.5974	13.5654	15.1584	15.5282	15.2035	15.742	17.4152	19.5227	25.3572	34.1449	47.8496	53.6034	52.9665	34.658	37.1092	35.6091	45.333	40.0832	43.032	32.0955	55.8464	56.6313	56.7659	49.1795	58.2284	50.731	46.936	41.5779	29.4293	35.2789	38.6718	27.6853	41.2735	35.3428	41.7503	37.2503	31.455	38.5144	33.5796	20.5724	33.4151	21.2255	37.1613	44.7227	39.8141	26.4554	47.2997	41.377	18.6566	17.9873	19.0931	18.0816	11.9557	6.6979	5.45069	5.538	5.9678	5.74624	5.64854	5.92892	7.84483	8.43669	12.2071	13.9662	16.0374	19.4347	21.1644	34.1759	68.3919	70.6608	56.9853	66.1415	64.6365	70.1226	69.4631	64.6171	68.3531	72.4019	74.2502	70.9598	23.7738	72.3154	72.2538	43.2656	56.628	60.0666	49.5393	49.7371	67.5927	68.186	55.1718	44.7945	63.3525	35.3238	48.6837	67.0196	60.9741	46.039	33.6618	5.54081	37.3221	55.7964	61.9827	64.4788	61.5473	50.3186	30.4161	38.3521	23.6476	24.8618	16.1287	22.2159	28.2275	35.4566	39.1395	39.0765	47.581	42.5393	37.0059	30.5543	26.4468	19.027	12.5735	26.8249	35.1721	32.8691	24.6761	18.627	24.343	26.306	25.9445	32.5336	36.4888	36.4079	37.7667	61.1182	69.3429	66.6813	63.1346	64.7918	74.0624	71.9163	68.5679	68.4029	71.4838	69.7496	62.9231	48.3455	23.1672
13.8944	8.06835	10.6934	12.5808	10.7391	9.80916	5.80168	5.29735	5.8864	7.45818	9.82804	11.0612	12.086	14.6808	18.7336	21.1623	21.1525	21.6369	16.3418	3.74483	12.7119	7.47027	11.2423	12.6737	11.9145	9.4122	7.37113	10.5239	12.9625	14.7259	25.3036	35.9706	48.0922	68.661	70.5385	58.6396	53.8771	37.5341	62.0834	67.7419	68.9734	68.2464	63.7681	56.5112	51.5199	40.759	28.9263	34.4318	37.3983	34.1229	27.1976	17.1443	9.76779	17.0436	27.2502	23.9984	24.8005	27.8214	27.067	24.1342	20.1149	14.4918	9.91913	15.8372	22.5665	28.1416	31.4392	34.5232	35.8319	36.3692	35.737	34.2324	38.3651	42.7457	54.1235	53.9445	33.0504	69.5396	73.4017	71.3941	64.873	58.5377	56.7144	51.7448	44.3295	43.7581	36.4409	28.7293	28.418	25.3722	25.6074	23.5358	18.785	9.04678	14.4744	17.9203	13.3545	16.2338	16.8949	18.4907	22.8506	23.0532	19.2986	15.398	13.7404	14.3362	16.2471	16.9421	17.1054	18.8344	20.3921	19.3783	17.0183	18.1831	20.7868	23.6095	30.1298	44.2123	51.621	56.0147	56.1737	43.0235	41.1292	39.4661	44.6921	29.6085	30.1139	43.1425	35.8129	33.4544	36.3797	60.2646	50.2135	43.3385	42.0756	37.2825	39.9354	38.7043	29.4393	43.4261	48.2105	51.9972	44.2219	39.9628	38.7962	27.5802	33.4708	39.7982	40.1919	34.7826	35.9746	35.0321	29.5509	45.935	46.8415	18.8253	12.7168	11.2587	10.8915	9.79122	9.10056	8.78007	8.43582	8.41413	8.17918	8.02103	8.02103	7.74798	7.71037	10.0099	11.4365	14.7155	19.8458	25.8057	38.5565	65.3053	65.2127	32.8503	25.3432	60.6473	74.6788	75.179	67.8966	61.5735	64.4154	70.9288	71.595	66.1574	70.9298	78.3978	76.3244	69.692	53.9046	42.6313	26.7598	46.2591	57.0732	59.3249	60.0584	62.591	35.7829	30.1682	40.9624	65.9268	69.3496	68.3203	67.6586	63.6109	47.7913	24.5143	38.2007	52.9619	62.2727	63.7607	60.5259	54.8213	55.2176	37.1809	21.82	34.7249	34.4497	22.344	28.6269	41.3457	36.2786	31.9693	18.3084	22.9375	23.747	13.2932	13.9412	22.6372	24.8505	11.4556	46.1873	49.367	44.3072	34.0578	49.6037	56.3924	56.234	56.7267	66.8762	70.108	60.1616	56.4477	62.7102	75.9498	77.0658	52.7451	67.4813	76.3135	71.5007	48.824	59.8506	65.5817
14.5534	11.5388	9.40036	14.95	11.1081	12.5589	14.2614	13.7667	14.3671	13.628	11.1194	8.66432	7.9975	12.2557	16.4788	17.1849	16.6587	18.2131	15.824	12.1814	6.31785	2.06282	7.34966	11.6038	13.905	10.5342	8.74756	10.738	11.5126	10.275	17.7225	34.9089	47.2585	63.6366	65.6634	61.1739	67.1726	56.8223	48.598	61.8567	68.0862	71.717	68.3349	60.1121	59.0089	50.1017	26.2351	25.4842	26.7148	26.5479	25.6935	22.0664	9.81309	12.8847	27.3001	26.2244	21.8333	21.4205	19.7453	11.6039	6.13963	10.122	15.8143	11.4182	9.45281	14.4422	15.8665	22.8934	25.4761	24.781	25.7896	26.4405	28.157	30.0699	42.8807	55.5247	55.7655	56.1599	69.191	72.933	70.1962	64.2106	66.2039	66.5166	59.0657	53.2137	43.1039	29.6714	26.156	22.3468	24.4515	24.3229	22.909	19.5518	2.62887	13.9304	12.9303	14.3876	17.1849	22.1038	20.0993	15.8322	15.2072	13.1776	11.9819	11.8281	14.2027	15.5908	16.1076	17.0804	18.1628	19.007	16.1937	12.0249	17.1676	19.9499	24.1567	35.1524	42.8441	45.945	51.2025	39.1571	41.8595	35.7955	35.0916	26.0334	48.1674	50.308	50.3076	43.7774	58.4548	64.592	49.0732	40.8988	38.1174	33.1252	32.4464	31.1115	29.117	39.6616	47.1725	46.003	40.5723	38.8755	31.8905	22.2189	30.2076	37.9417	34.2436	23.8718	19.2401	20.232	15.3714	45.6846	37.6624	14.2587	8.08826	7.42466	8.48006	8.94023	9.07979	8.46211	7.63802	7.24925	7.08664	7.32702	7.01044	6.14005	6.77875	9.03442	9.96535	12.7477	27.5236	37.5673	39.84	53.1969	57.2213	48.7024	56.1245	61.5679	73.1074	71.6325	59.2492	62.4886	67.5271	72.6044	72.4454	71.7995	55.1989	75.8708	79.3164	76.4047	70.2381	68.3697	58.2835	30.1634	47.4165	27.7084	24.3937	48.9695	49.2942	19.9435	29.1868	52.4306	65.9714	68.1573	69.4608	71.5541	72.231	69.5587	61.4687	47.0133	40.0734	52.1347	52.2186	50.3303	55.3095	53.5264	51.5145	40.2166	37.7335	41.7517	33.7079	40.6322	46.704	44.8255	36.1174	35.6029	20.5722	16.04	12.6411	15.1464	21.6306	24.159	56.2555	47.5028	40.1874	35.6745	59.2761	60.9133	55.15	55.0044	66.9889	70.7393	64.3345	64.4377	70.0272	77.7095	77.8058	52.3929	68.1566	75.6354	72.1604	66.9412	70.7095	66.4503
8.17751	5.38602	7.46885	16.1785	10.2964	12.4356	14.7043	13.8659	11.4293	8.15325	6.9766	6.2511	3.39979	9.35422	10.35	7.61317	5.53635	2.89965	11.8612	13.8193	9.45711	5.2934	5.12987	13.5834	17.7854	13.0356	10.8079	12.3008	14.2485	13.9041	16.053	24.8663	46.1814	60.6219	59.6415	52.5476	67.5372	67.5875	37.6301	34.2562	51.6711	68.1413	68.6416	55.165	59.4508	54.9241	24.7003	15.442	10.8137	13.7492	16.9055	16.1932	15.6539	1.95372	15.2433	16.3107	9.56942	9.65891	18.8998	22.7267	22.303	21.7014	15.4143	11.6041	17.8189	24.1745	21.5615	18.0711	18.4465	13.3191	15.1451	21.9522	11.3311	25.1814	29.0172	47.9345	64.9817	64.1773	36.2503	48.6408	66.7532	65.0825	64.4719	67.9724	60.6814	53.9707	46.6047	35.6469	30.8835	23.103	24.4673	24.6571	23.5395	24.174	12.7186	7.01195	14.9519	11.2139	10.5266	12.1749	15.8694	10.4093	8.95792	8.53636	7.93337	6.54728	9.46819	11.5672	10.5621	10.4595	9.80315	11.1196	16.0391	8.0499	16.1097	10.1334	11.961	19.1404	30.2944	33.8859	38.4812	25.7821	41.8481	24.5255	14.0458	31.0241	54.5035	53.5259	49.1878	51.2704	65.9103	64.6738	36.0326	29.6205	26.0326	16.5391	11.2407	9.93735	12.9922	20.8853	26.1839	23.641	20.0929	16.4772	10.1216	6.22886	10.1509	7.51605	13.7457	26.8579	25.0703	24.9645	21.919	42.9831	33.7713	22.3916	10.0317	5.49422	5.24654	5.4887	5.64697	5.49433	4.62131	4.03623	4.15765	4.44658	4.02849	3.53461	4.13518	6.3466	7.42376	9.48255	26.4481	42.4172	49.5332	55.1718	59.1343	64.9378	68.3307	66.7006	71.8014	73.3045	73.8459	72.2002	74.0467	75.0996	74.0569	77.4814	76.4202	42.7334	76.2351	75.6017	58.0179	69.889	68.0596	40.7215	38.215	27.4831	39.2717	53.9754	59.2858	61.1786	12.9415	63.5483	25.4436	26.7733	40.3607	46.551	60.2723	69.6336	71.6568	69.1546	59.9218	47.0577	28.9693	14.8799	40.0383	50.3233	57.9729	60.0739	60.2308	57.7116	48.4781	21.992	49.9976	41.2365	18.9246	13.1524	28.4889	29.8118	24.811	10.4362	17.8007	29.0458	55.6164	38.427	24.5394	12.4256	56.358	52.0981	37.9567	47.2511	66.986	71.51	63.8987	65.5145	68.5529	77.2901	77.2856	50.758	69.2728	73.7926	70.2773	63.9121	56.9957	58.8046
31.5469	30.5672	20.6905	3.55174	12.764	10.1563	10.1162	10.3158	10.8511	9.75296	12.9279	13.558	9.67865	12.0396	6.55597	2.40506	6.40389	11.701	13.711	8.9518	7.89579	8.23595	8.6203	17.6253	18.7882	10.9779	9.86158	13.1379	15.241	12.6307	12.9273	15.9984	44.0985	58.4226	59.3726	54.5754	62.6097	68.3803	61.482	28.0487	40.8219	64.7999	69.6431	60.9145	61.1148	57.0781	30.4238	19.2204	15.4712	17.8678	20.6608	15.0907	15.053	10.1871	18.8974	22.4734	17.6843	19.5707	22.7951	21.7314	17.1367	16.0475	16.5555	19.0768	21.7582	19.6065	15.3763	19.7014	25.6826	20.7487	15.6567	19.6815	4.59031	26.8989	17.8431	40.0442	59.9314	64.6407	64.2296	50.864	28.6634	53.1231	57.7032	68.4575	63.4025	60.5384	53.9784	38.3629	34.6147	26.7089	28.1607	27.2314	20.8551	22.7501	24.3916	12.8409	13.4286	15.0535	11.3305	9.87418	15.7538	15.1367	10.8679	8.10956	9.48183	7.7734	9.49272	12.37	9.2611	8.99588	8.49804	8.64697	15.098	15.7927	14.3799	10.8674	9.77003	13.5432	26.4991	40.6676	44.4068	31.8805	32.8432	18.5275	17.7653	18.4571	48.3503	59.162	57.1489	63.1891	65.6179	58.6317	37.3435	23.0012	16.405	11.1427	9.5327	8.94871	9.99511	14.0114	12.8822	10.8693	11.7355	10.8803	11.2748	14.7314	18.0258	17.4192	13.5839	16.4213	27.6772	34.2183	9.1178	38.4189	33.7039	26.7854	15.241	6.84956	4.86934	4.74351	4.802	4.66103	4.36163	4.03203	4.36868	4.12347	3.60404	3.48547	4.27165	5.94735	7.00901	8.26556	15.6887	27.3622	36.416	44.749	48.2203	55.2795	65.6171	70.286	72.925	66.8963	52.7201	62.2179	73.7423	76.2931	75.3472	76.9435	79.8798	76.2587	69.7042	76.5589	46.2782	63.9069	65.8035	53.5223	40.4772	20.7343	36.9971	51.1509	57.8191	65.8472	54.6183	65.7475	68.3512	64.247	57.1444	53.2392	42.8639	35.5745	66.3675	71.2052	70.7348	69.6219	66.1933	49.806	13.5924	42.7026	50.6445	54.6965	54.8565	54.9269	59.5982	47.8657	43.951	39.1347	29.5384	17.0289	37.4862	17.0517	31.6339	10.2265	9.56845	38.0154	45.3685	23.9584	34.3225	34.9874	52.5038	55.2608	51.3041	52.0253	71.7384	75.8884	66.7235	60.8321	61.7533	75.3496	76.4089	29.5847	66.8212	73.8169	71.6445	68.1331	59.8216	61.9828
39.5946	36.5114	37.5627	32.0431	17.5312	7.74504	1.00072	6.15571	12.6693	15.1061	16.0163	19.0688	15.8483	9.56329	4.84625	11.4322	13.6835	15.7091	13.9597	11.8633	11.9735	10.835	10.3379	16.1756	14.9067	8.25906	8.71562	12.7207	13.4519	9.88494	11.1704	12.5491	40.0059	53.2411	57.1922	59.0375	59.4197	62.9537	65.2664	57.8663	12.3762	58.9386	69.0974	65.4384	62.0738	55.4054	32.2183	23.7019	20.2805	24.9008	25.3103	17.8311	18.0009	12.83	22.3628	27.7398	23.7016	23.0689	22.6596	24.2711	21.9309	17.6952	15.6815	21.1546	21.3957	16.8434	14.933	15.9527	17.8171	15.2188	15.1889	4.59337	19.3151	26.0222	16.093	27.3723	48.8279	54.6681	59.7357	64.5824	61.5269	47.6113	27.3116	62.8247	66.6902	69.33	64.2405	34.5323	32.0387	28.2695	33.2079	31.6932	17.2758	17.2599	26.8408	23.6619	2.91523	11.5601	13.6497	10.784	10.7354	13.8173	16.5992	11.3817	10.8117	8.98831	8.81966	11.9175	7.42235	7.90108	7.94919	7.51462	10.4046	15.5892	11.8034	12.0908	8.88646	10.3873	16.6873	32.4593	45.2084	35.2671	23.6948	18.7267	26.4617	19.8021	30.1066	52.1661	46.3431	51.6474	52.7368	46.6104	32.2311	19.3186	13.3647	9.48096	8.12559	7.09542	7.59352	12.0407	11.1744	6.51765	6.30413	7.25561	15.0452	21.8763	24.5724	18.9644	5.50986	15.6624	17.7947	23.7201	23.8058	45.6673	40.3693	24.4259	12.7439	4.92259	4.86883	4.86883	4.52198	4.21261	4.36118	4.31103	4.0776	3.47165	3.39909	3.68907	4.253	5.52409	6.03427	8.7174	11.6081	12.8501	16.4914	33.6335	40.5874	40.7367	49.6134	56.5056	71.1436	69.7852	41.1194	49.129	67.9097	72.3526	70.7659	73.0184	79.4872	79.0441	53.7412	75.9677	58.9958	55.3583	56.5503	60.4617	59.4593	55.5813	46.1918	31.9931	48.8275	48.692	37.5332	18.1644	54.3141	64.7748	67.6192	67.0004	65.8595	58.1474	15.8904	61.0104	64.5363	66.2854	69.3273	69.6535	56.9648	5.02215	28.6942	41.8437	44.9921	45.1074	55.2018	57.8972	49.8756	41.4981	39.1749	22.7339	37.9838	23.4214	23.2415	17.4991	11.5394	38.0986	32.1297	14.3837	20.1778	20.3023	38.0922	40.8692	33.3367	37.7526	73.1888	77.3024	62.7604	56.4357	62.8449	74.2594	76.4932	61.3666	31.6848	67.1021	72.5666	70.4337	67.1076	54.6916
35.8945	35.2941	37.8134	42.64	39.8188	32.8271	25.2652	20.3697	12.7029	7.34715	7.7127	2.0161	6.31579	6.92813	13.1665	11.1415	8.13023	7.75372	8.43135	5.53727	4.86807	5.12835	5.92517	13.7165	13.541	7.51354	8.49422	13.2062	13.0283	9.71818	10.9526	11.1092	38.862	51.798	49.7978	57.0788	62.275	57.7388	58.3531	64.1752	51.4241	40.084	69.1009	67.1775	62.0372	57.0667	37.5062	26.8924	23.1911	29.3771	29.1994	23.909	22.3248	15.3731	29.4373	34.584	23.7436	21.339	24.6277	28.3731	28.3452	26.9727	24.118	25.6761	24.3298	19.8252	19.3549	15.0319	10.6883	15.8754	13.5968	21.7592	25.2293	25.3427	20.2158	18.8031	36.3565	42.2747	48.8346	58.3635	64.8365	65.5536	53.4664	16.8908	50.6178	71.1281	70.851	36.0752	26.6947	20.9848	34.1646	33.0617	17.5093	15.3879	24.1581	26.3622	20.1745	8.562	5.53764	12.123	14.6389	13.207	15.5199	8.55168	7.94847	7.56472	5.14376	8.81848	8.67284	7.39685	7.35134	6.90407	8.37382	10.7611	12.6879	8.43705	9.59972	7.49977	10.5875	15.7726	30.4315	32.1009	18.7592	14.2441	25.2293	25.1989	27.9345	44.4772	47.6355	45.2447	43.4172	31.5646	20.9458	11.0951	4.31038	7.86157	4.66014	1.50065	2.92574	12.0459	16.0159	7.96911	5.30354	6.06444	12.1582	21.9887	30.6906	36.112	35.8742	26.3722	23.8349	12.2018	26.2005	36.1801	26.4252	10.8583	7.78328	5.9252	3.36189	4.52158	3.99643	3.96909	4.16775	4.0042	3.71399	3.41254	3.60335	3.74729	3.28702	4.32855	5.51223	13.0384	20.9551	17.1081	10.2466	27.5079	38.2725	38.9724	37.3122	46.3726	71.0754	69.354	54.896	54.2804	62.4743	65.1849	63.73	71.8054	79.5506	79.0729	23.4288	72.7885	73.7642	65.3909	49.9192	47.7768	56.0411	65.5428	70.0424	69.9147	68.5308	66.6828	69.4773	67.8207	62.5229	51.9403	40.3098	31.3548	23.2961	62.6986	62.4122	7.39663	48.3079	56.6121	62.141	69.9826	70.177	62.2498	49.523	24.7999	15.7036	13.4423	26.2916	45.065	47.8333	39.7413	34.4602	14.1079	33.5242	29.1045	19.3723	31.0944	36.7722	52.0925	44.2477	46.9493	49.959	47.0432	41.2183	38.9198	41.7442	39.011	72.2625	75.9209	60.6937	62.974	67.5599	74.4958	76.1378	72.8479	67.934	35.5828	54.5667	72.1581	72.1469	51.9461
20.8483	34.3251	35.6482	33.5901	34.9664	37.3705	35.022	30.7126	27.8137	19.1703	13.0491	10.0759	1.25056	11.0275	12.6908	9.99364	9.42317	9.37023	11.8571	10.603	6.31485	5.64453	5.99452	13.2502	13.7396	6.65626	7.33987	12.7998	13.1475	9.82201	11.4207	12.0359	35.1145	54.2202	46.6818	48.8399	65.3316	60.4329	42.9969	57.1958	62.4939	10.76	66.642	69.6014	70.2316	66.8805	45.3694	29.1529	25.6961	30.6028	27.9185	20.072	22.0537	12.7586	37.5168	40.5925	28.8451	27.8696	32.7927	36.632	36.341	35.6625	35.3552	34.7274	34.1921	31.2554	25.4787	19.3922	14.3283	11.1776	17.9257	28.305	20.2604	17.9503	15.6586	14.1453	25.4494	32.6898	38.1094	44.0062	50.7375	59.625	59.3319	48.6587	29.4449	66.8853	71.9831	53.5416	36.2193	26.2696	32.1299	30.2984	20.3284	18.312	23.3875	26.0092	25.732	21.265	12.1702	3.51987	9.15505	13.8252	18.021	9.83301	6.11686	5.15226	5.05196	5.44394	13.271	9.48511	6.9631	7.25418	8.11268	7.51317	10.5652	10.8771	10.8576	6.87439	6.69339	7.73745	13.7187	22.6023	17.3823	12.7017	17.3524	21.7265	25.8026	32.4254	44.9303	44.6988	38.7126	23.3879	14.9963	9.03001	22.7247	24.5612	21.1454	10.2983	16.6715	24.7612	32.9747	21.7942	7.85471	4.76806	6.07649	9.79184	16.5711	24.2468	39.0207	47.382	43.4732	20.0515	21.8696	39.5163	36.839	22.0667	22.094	19.5796	9.60508	3.87752	3.50672	3.78005	3.92139	3.74699	3.72617	3.39849	3.43037	3.37544	2.92544	3.81278	5.8593	18.1025	29.6565	12.3918	6.31488	25.0968	42.0423	39.8311	32.5994	48.9311	68.4082	63.4116	58.5112	60.1753	67.1002	66.4353	58.8632	67.582	78.8478	78.9036	68.9242	19.5489	72.9224	74.6749	64.2022	38.871	50.6455	63.3743	70.2627	73.2475	70.9239	64.2501	60.9949	63.4668	67.1517	68.4096	64.9464	62.9518	64.1492	22.7755	63.0172	64.2912	25.0513	49.9376	55.3218	58.0294	52.2275	52.3828	59.7102	62.8802	58.9901	40.3712	15.1662	9.22893	27.0048	34.4836	24.001	14.9145	28.3685	33.4645	15.2974	35.6912	53.7187	59.1116	48.8475	55.5819	55.9746	56.0845	51.1771	29.2111	37.4094	38.7575	69.5492	72.9869	63.712	61.408	65.4665	71.9704	73.7226	74.4835	74.255	72.4422	35.3058	73.6282	74.5826	59.1624
38.3134	26.8447	37.9226	39.0714	38.2977	36.4632	31.5469	25.1123	25.7733	19.3248	13.44	14.5134	4.06505	10.9738	4.79984	8.97379	9.39479	5.62201	9.52852	12.3331	8.71317	9.76132	11.0268	15.0542	15.0854	8.17366	6.42781	13.0706	14.8642	10.9656	12.8545	14.3102	32.3659	53.7914	48.7457	39.323	66.5589	65.4305	32.4542	41.2627	59.0657	51.5047	56.3235	71.2232	73.5869	72.5016	53.2398	33.7279	31.8581	36.4931	33.9864	21.6559	20.3906	9.18669	40.554	40.5214	12.6264	17.0677	27.6685	31.2205	28.5698	30.741	36.9482	43.6105	45.4388	44.2128	40.3165	34.7017	28.4273	15.1386	17.7887	23.0543	28.8558	22.3612	9.53325	12.5081	16.5106	24.1726	22.3829	22.1077	27.6554	48.0662	56.4046	51.3548	42.3399	52.1659	66.966	61.5572	46.9926	35.0433	34.6367	32.2233	25.0534	22.6745	24.1178	23.7518	24.2767	22.172	15.3363	16.053	13.2074	1.97666	17.6411	16.9926	9.17901	4.92103	6.27261	2.69766	14.3372	13.6451	6.62791	6.36547	6.92042	6.17638	7.12577	11.4914	11.8513	7.47175	5.29088	7.00823	8.90743	15.3875	15.0364	11.8751	12.5041	14.9149	18.3148	19.7892	26.5855	31.8202	25.8463	14.4915	7.8602	16.6519	40.7916	34.3894	35.9581	18.6147	23.2436	20.0251	34.1154	30.5786	12.6999	6.38207	5.83488	6.53474	7.7429	9.85984	22.9197	42.3115	53.4895	51.3572	33.49	16.5984	39.2249	45.0447	41.0211	34.1543	18.3601	3.94868	3.53294	3.37522	3.6754	3.74667	3.53294	3.18531	3.30052	3.22412	2.96222	3.35203	5.53633	17.9773	32.4225	17.3382	14.2543	26.2503	41.5191	37.3778	35.8488	48.144	60.6387	57.2569	53.0538	56.2001	68.8304	70.1094	62.6224	63.8938	74.445	76.6047	75.333	72.594	24.4056	71.4703	71.9829	62.7094	65.3469	63.4641	48.449	66.6055	61.8902	56.1719	59.7794	54.8679	45.934	48.6476	46.7519	53.1452	50.7865	53.3716	23.0509	70.5736	58.8489	67.8965	68.799	56.0406	9.21505	36.2989	40.7603	45.9024	59.6548	60.1488	49.7984	34.181	14.3746	10.6693	16.171	36.6101	35.0281	22.7784	7.22165	33.4826	48.5493	61.1552	34.8199	40.5982	34.299	25.1137	37.2762	44.0439	33.7388	37.6708	64.5195	65.9821	52.9055	56.6839	63.2826	66.2472	68.2204	68.2028	70.9293	75.021	64.2032	68.6999	74.6828	65.2381
49.6336	38.5364	23.4393	45.2839	52.5908	54.066	49.3546	40.4212	41.0198	38.2063	31.5159	28.4296	25.8296	28.3576	23.2349	7.8009	12.4458	13.2379	15.5286	15.689	10.0741	8.44171	8.37659	13.154	14.2516	8.8831	10.2994	15.8179	16.8676	14.1392	23.4344	33.0455	41.9328	49.4721	42.4791	35.855	66.2691	68.9778	45.7538	35.3773	41.4023	63.079	52.1265	57.8956	73.5419	75.4558	63.0747	48.4209	46.2107	48.6357	42.8523	29.4603	30.2136	21.1865	32.3709	37.7929	26.2675	24.4135	30.6563	32.2426	22.0484	21.439	16.373	20.854	24.7138	29.6328	41.8257	46.7993	45.6743	39.1763	30.7748	23.079	30.7889	25.1355	12.7632	19.0951	14.7977	22.5639	27.2703	27.1627	28.5849	39.9605	52.6469	54.685	48.9474	19.1921	56.2737	66.084	57.577	49.1741	46.5986	38.975	27.6663	23.3895	23.6256	23.9764	27.1635	25.8837	18.3889	17.7724	20.1417	17.3433	1.9764	14.8509	14.5867	13.052	10.642	7.72237	11.6978	15.1732	8.39289	5.98313	7.40508	7.84575	7.96913	8.28387	9.20105	8.04723	8.08857	8.94755	10.6755	14.1608	17.0572	18.4695	18.1242	16.5479	16.298	17.1742	13.2062	11.3774	11.6654	10.2863	10.7675	22.1026	44.3489	28.3009	40.3621	29.46	32.123	24.4767	30.6081	31.7284	12.4316	7.22076	9.07325	5.99079	5.7089	7.72237	11.9925	18.3595	32.5568	48.8401	56.6047	48.2659	17.3263	16.5061	39.3165	39.8092	20.5508	4.9926	4.75098	4.24406	4.49962	4.86697	4.99571	4.87968	4.81576	4.65873	4.1851	4.211	6.34297	13.7551	25.6857	24.3611	13.8456	24.7798	35.39	43.8267	51.3036	56.2025	58.9903	59.726	58.4683	62.1297	69.5162	71.8293	68.0788	67.0485	74.5789	79.4907	79.9921	78.1261	72.6257	47.2435	67.6373	46.4223	20.0132	34.0163	44.9859	61.1443	63.3277	69.466	67.5666	67.6426	71.4835	71.4124	69.6432	68.2562	64.6024	52.1772	41.2537	64.1061	69.2525	63.9899	43.7459	68.3388	74.0516	73.7461	70.3695	64.5078	68.392	73.4109	73.4746	67.6284	51.1062	29.2068	18.684	43.0142	29.0712	18.9942	11.4278	27.0392	19.8717	59.5673	56.5712	53.7293	54.0146	48.7672	35.4629	52.2388	58.8321	46.6266	61.1429	60.1224	38.7392	59.852	67.7208	68.3189	66.8387	68.6929	71.925	77.351	77.5486	70.2745	72.2505	64.4985
46.401	50.1818	36.7508	16.5575	28.4191	46.8828	54.763	46.4542	44.5694	44.7229	39.0538	33.1199	27.7477	23.3742	24.5905	24.3991	9.67275	20.5363	16.7495	14.5695	10.5553	6.61537	5.78072	14.15	15.0372	8.76015	9.15887	14.202	14.9193	14.9308	27.9084	34.1322	29.7002	29.331	40.2557	44.2195	63.8847	69.3676	61.9096	47.8104	36.1375	57.1481	63.3579	22.2675	70.7027	75.5662	62.8487	53.7584	52.4307	55.2508	43.8854	45.6498	47.1044	34.8829	18.1223	26.5641	13.0237	12.8283	26.9324	30.2993	21.5975	25.541	30.4709	35.406	35.4691	21.1935	16.5069	18.4031	35.0524	36.7592	31.7012	28.6168	33.0459	26.7119	13.2707	21.8196	22.1681	14.6412	22.1041	29.9376	32.731	36.2733	44.6467	49.7612	51.0116	46.5342	28.5438	64.5004	62.7588	61.1651	58.9218	45.3357	31.1909	30.5188	26.6496	22.0607	24.4469	24.134	18.0166	17.4161	21.9029	25.3152	15.1441	3.04976	12.8208	18.9678	21.158	16.8914	12.0612	14.5032	8.28287	6.9256	8.00065	7.40444	6.74632	6.20511	5.60199	5.99309	8.6857	9.86094	11.8541	14.0289	16.3415	17.9248	17.4526	15.9907	14.892	15.0309	12.2102	9.02765	8.44485	10.1461	14.4562	25.3603	44.7686	51.1905	49.3402	36.5631	37.6611	34.4537	35.2772	35.6201	22.2051	17.0681	15.0111	11.3437	8.65779	6.85468	7.14363	6.94349	9.81979	22.9743	38.1073	52.2041	45.2264	40.8827	49.1699	36.9256	14.7083	4.66167	4.4992	4.49922	4.74079	4.61826	4.63166	4.74732	4.60143	4.34128	3.96757	4.24369	6.57806	11.3553	15.5319	17.0387	22.9038	21.3406	36.103	49.4575	56.7472	62.3901	61.7859	56.1377	59.4079	64.3817	72.1251	72.0563	64.2517	73.2338	77.2817	78.3956	79.8484	79.4215	72.3488	57.4033	43.2097	57.7451	32.8731	28.2246	4.9422	56.1359	67.7309	72.0936	65.8961	36.8395	33.146	33.4712	23.5363	16.8317	25.2566	28.4068	25.1723	23.0047	49.0771	50.1948	71.8617	76.0499	74.0396	73.1534	75.1067	74.5974	73.157	73.4697	75.7032	75.2032	70.0369	56.9235	1.25017	37.2582	43.8836	46.441	43.5512	24.8333	30.9861	49.0423	55.9988	41.868	44.07	48.9171	58.8714	54.6036	57.7458	59.8535	58.0557	45.7542	46.7537	61.2225	66.2285	67.2193	64.0162	65.8396	73.0271	76.3094	77.6754	71.5656	56.5601	59.3208
36.6903	46.6566	41.6217	33.9851	37.4649	17.8264	47.3649	47.0611	41.4612	41.1321	39.649	32.932	23.286	7.51039	12.4293	23.6244	4.87875	20.8954	20.7544	9.33246	3.72474	4.13581	4.96968	15.5263	16.8561	11.1202	9.91583	12.7539	14.258	14.4779	24.8252	31.4842	23.5788	26.8412	28.5887	36.8172	58.9144	65.946	65.1556	60.1431	49.6423	47.8971	60.1766	55.1926	66.8426	74.1509	58.4207	60.2202	60.6508	60.1877	45.3537	48.5028	55.0886	49.1792	22.8413	17.6702	15.4164	14.4471	25.8879	25.441	13.5038	14.027	15.5991	26.1574	33.302	26.8586	29.21	23.0684	18.05	29.2842	35.8401	38.5125	44.0352	38.5596	19.0917	23.7053	25.8023	15.6535	12.0929	12.8798	18.5382	25.7126	31.0456	30.4457	39.9948	53.0587	32.4669	44.5693	54.2667	60.5678	65.9441	52.65	28.5593	28.4988	28.489	22.0259	20.368	20.6058	14.4306	13.0776	15.3661	22.8868	22.3098	15.4019	4.46397	10.0605	15.0212	19.4106	14.8724	12.8648	7.91382	6.97129	8.63204	6.73631	3.5494	3.81123	3.8558	3.14501	6.3224	7.67325	8.86959	9.86609	9.57682	9.36035	9.29566	9.67222	10.0425	11.0075	9.73237	7.03699	7.04571	7.25142	8.93256	13.8942	22.4249	24.3816	19.0925	11.154	29.8297	23.2865	39.6305	34.6285	23.7417	20.8119	17.439	12.267	7.63143	4.55355	4.05993	4.35849	2.12081	3.89995	11.0236	45.7401	45.2977	32.9172	39.7698	20.1457	5.50968	2.67377	2.69123	3.18436	3.12515	2.75987	2.54844	2.65039	2.84876	2.85422	2.76549	2.94027	4.1843	8.77844	10.4915	10.829	23.5283	24.9897	22.6404	22.0489	27.5839	35.6714	49.0294	51.8011	48.2977	52.9883	71.2467	70.9552	65.6322	66.5462	63.1461	67.4454	78.5501	79.7757	73.0972	74.3971	63.4628	47.7525	54.2242	58.2308	50.5362	65.1946	72.3104	71.7208	49.9642	56.7966	61.2528	58.8671	59.7885	56.0715	43.0823	33.6144	41.6922	55.642	67.8435	73.6655	76.0627	72.9397	64.1301	60.0798	65.4237	66.356	61.9605	60.3807	69.6908	74.2775	75.279	72.8192	57.4019	21.0104	17.128	29.9436	44.0792	35.1734	31.0378	31.9732	59.8539	48.3357	44.1832	39.3333	60.429	61.6982	35.2162	21.6832	16.7318	41.1537	52.557	41.3567	55.2837	67.6376	59.6604	58.4045	62.7949	68.5321	71.6176	68.5207	24.4607	54.0252
30.5199	42.2144	37.7804	31.9806	45.5542	28.0848	30.4677	36.7407	39.4372	34.4512	31.4174	27.522	22.6374	15.1467	15.9545	15.6799	5.05259	11.4763	26.0508	11.215	6.91345	7.50967	8.39967	18.4902	18.4572	10.8977	10.1792	13.4445	14.9966	12.3762	19.4886	25.6421	10.8362	11.8469	24.1656	34.1001	56.0006	62.7199	61.5581	61.6788	54.029	46.5215	55.3892	60.4083	62.6776	70.7945	46.2837	54.7833	61.1866	59.9194	34.2245	34.0116	49.7067	51.7402	31.7619	7.31803	22.6354	24.239	28.4065	23.95	12.5935	14.3332	15.3256	21.2359	28.067	22.0189	22.4189	13.4078	4.26457	20.5921	34.2174	30.4171	43.9432	45.9762	26.7356	25.185	28.1873	18.8154	11.3155	8.60323	15.5904	20.1005	25.7274	28.0272	39.4477	44.2245	37.5236	7.74964	28.3957	48.7615	67.2708	58.0712	29.2225	21.6581	27.9507	23.1696	18.0402	19.4001	10.3239	10.3412	12.9178	15.0959	18.2745	20.0255	11.9887	2.62642	5.05282	11.6392	10.0222	7.07115	5.3354	5.43007	8.08992	6.53442	2.29716	3.0183	3.63555	2.12797	3.29927	4.46716	4.52238	5.30356	4.66078	4.35829	4.49836	4.94137	5.43019	7.1271	7.23573	5.30339	5.85649	4.326	2.70253	2.85397	3.7741	4.94124	3.87171	5.81697	27.9314	9.71325	32.1487	14.0701	7.76342	6.10402	4.6972	2.52978	2.18585	1.91171	2.32414	3.332	1.97585	1.42512	4.87815	33.4728	44.987	18.3036	39.5344	12.0793	1.62961	1.7407	1.24999	1.74077	1.42514	1.34624	1.34624	1.34624	1.62959	1.80243	1.80243	1.51025	1.62961	5.57315	7.17632	5.25966	11.1529	13.4537	7.6085	16.3069	22.3213	25.1566	44.8928	50.7739	46.5854	52.0227	66.4136	61.8781	52.4847	51.5012	51.0314	68.366	77.5689	77.8721	66.6706	73.5975	71.2752	47.3339	15.9263	37.8957	35.3817	71.5035	73.5713	67.6265	26.1207	39.8659	51.0409	47.6362	48.8288	51.5442	42.4505	21.1836	36.4374	49.7779	62.4183	72.3727	72.757	59.5075	54.3813	42.9696	44.8631	51.5247	46.6915	37.8437	58.6752	67.65	71.5874	72.6123	64.0675	49.9776	17.8426	5.81699	21.767	39.6757	19.4085	14.5942	61.5164	58.4043	46.164	23.7644	49.4082	61.3263	51.7948	19.9021	34.3267	42.0247	36.2762	33.7296	50.752	65.1149	52.7351	44.2909	51.4338	65.0557	71.0772	69.8667	55.3333	40.2326
26.2992	40.5378	39.7659	36.5313	47.3223	33.2133	6.89739	23.4651	46.0428	46.4997	40.6124	41.074	41.137	33.7372	28.0124	23.6789	17.8556	9.33293	19.9134	16.1366	9.60029	7.67156	8.76632	20.0216	20.5436	12.4143	12.367	15.6506	15.9468	11.0552	17.7014	24.6128	16.5217	11.0217	24.1653	30.7728	52.3553	61.0331	63.3366	66.2775	60.8969	54.5231	56.5551	54.9501	52.4417	66.4993	45.3667	51.8398	60.2508	60.2931	25.9956	14.5454	40.2676	52.0417	38.7768	17.0892	13.969	22.063	31.4718	27.9964	12.2464	10.0939	17.7615	25.1723	32.9952	27.1094	27.1063	30.5958	27.933	22.4232	25.7653	24.0735	43.7583	47.8134	28.3351	24.6147	29.1556	19.9732	8.53871	14.55	21.8706	22.9407	28.1118	34.1468	44.3694	46.4621	43.8834	22.9985	21.4291	46.4338	67.8219	61.2832	31.798	24.2082	29.166	26.0106	22.4715	23.2018	15.7804	16.3504	17.4726	18.2279	23.4836	29.4786	27.6809	20.9184	14.9127	2.21404	6.93059	10.0274	9.8659	8.4425	6.88155	4.27137	2.01476	3.00762	3.91895	2.74225	2.51102	4.49794	5.81662	6.84604	6.88181	6.6529	6.62516	6.93285	7.23539	7.95275	7.57562	5.48896	5.46633	4.07437	2.67328	2.52953	3.15926	5.83246	6.98351	8.66591	25.3346	22.4801	27.6862	8.42431	5.30004	2.37708	3.42834	2.12042	2.15695	2.79305	2.62627	3.25614	2.32391	1.23728	2.93957	20.6409	41.1307	32.9206	36.3669	9.15626	3.24192	3.71153	3.37363	2.89707	2.79305	2.79305	2.64993	2.54799	2.69075	2.52956	2.29699	2.21404	2.30379	4.77513	7.88934	8.08955	5.92159	7.00496	12.6698	14.5964	18.4032	21.9666	43.2391	52.0113	54.6031	59.4959	66.2844	61.7064	58.2868	53.2632	53.1303	66.9557	76.0636	78.016	71.4646	73.1879	74.1924	74.7263	74.9477	72.3381	56.8586	70.8752	72.0917	64.4982	61.9082	70.3252	72.5112	67.5821	67.5489	71.8574	71.6307	59.4125	47.9212	50.7529	55.6891	70.6805	72.5662	43.3797	58.7555	58.1845	53.6227	55.1642	55.8827	53.2886	59.4831	66.4899	71.0265	72.9679	71.0697	67.2943	51.2911	36.5484	14.5546	32.9801	28.4254	19.6935	59.6967	60.9374	51.9087	28.7193	36.0306	51.339	58.472	58.3168	58.6671	52.8672	44.0292	45.5335	52.6078	64.1046	53.1273	33.3618	47.51	63.4749	69.5742	71.5541	69.5682	61.0837
22.2914	38.5108	38.0355	35.3292	45.4108	34.6608	23.8446	25.6477	41.7907	49.4971	40.3679	39.5586	45.5149	39.1562	28.0101	25.0667	20.9968	11.7595	4.76491	14.7216	12.7106	10.3983	5.46592	17.7277	21.1498	12.048	12.0186	17.4968	17.4621	9.81731	13.9894	19.5452	20.1657	18.0248	22.2908	31.1344	43.4916	52.6417	61.0086	67.3498	66.3737	65.5378	59.1804	35.5686	25.6134	58.4042	54.8177	55.9636	59.8847	62.4367	40.1628	18.0573	29.3193	51.2855	38.4878	18.7714	9.09442	17.8907	34.9602	33.3562	7.87322	5.31409	14.4439	22.8091	37.1716	27.4349	23.7919	32.5198	29.2346	22.6431	15.9636	22.4263	44.3981	47.3576	25.568	22.5129	27.4142	22.9917	17.184	13.0229	22.9905	21.1041	24.8286	32.8378	41.251	49.1406	51.346	42.131	21.5709	49.8765	68.2714	62.334	27.9752	25.4169	27.7973	25.0261	23.4135	23.5317	17.6411	16.8627	15.6089	16.6061	21.2915	27.7918	28.9581	23.5983	21.1088	11.8889	7.34159	10.1688	9.52373	7.84413	4.55229	0.901246	2.4605	4.00092	4.65634	3.40981	2.79273	4.27121	5.73059	6.70046	6.8811	6.62448	6.65222	6.97619	7.15813	7.37894	6.53334	4.44194	4.57925	4.29637	2.83146	2.40289	3.15893	5.57231	6.98278	8.08499	17.2208	22.2055	18.0978	6.67748	4.02429	2.40292	4.074	2.12021	2.29676	2.79276	2.40292	2.84789	2.12755	1.84482	2.69615	10.7263	28.1511	32.5906	22.8091	6.01135	3.18348	3.57466	3.42815	2.87519	2.79276	2.79276	2.62603	2.54773	2.69048	2.45425	2.21381	2.29676	2.30355	3.6393	6.68901	8.44165	7.90583	10.329	12.4306	11.3221	13.9728	18.0107	35.5053	44.8112	51.0179	59.0259	65.1033	59.9137	58.1703	55.5874	58.8145	61.4371	71.1076	76.6988	75.5293	71.0551	71.9199	74.75	74.8529	75.3814	64.239	65.6053	67.445	59.083	69.3204	72.135	73.49	68.2419	68.1319	71.387	74.2295	65.9556	44.9712	50.45	45.2828	64.6969	73.9086	66.0892	56.3664	60.2372	54.8554	54.5315	54.6678	53.9371	58.2723	64.4187	70.3907	71.3164	71.9597	71.0439	56.2526	46.2211	35.3154	19.0242	28.3652	34.8518	55.0277	57.1399	56.6189	48.523	28.1958	25.8334	52.85	58.321	58.0001	52.8185	47.0217	44.7755	49.7506	62.3732	59.1744	46.3465	47.3962	61.699	61.2096	67.6928	71.2683	62.4716
19.3948	36.4534	36.2552	31.5388	41.3993	35.8464	37.381	32.9696	18.879	43.074	32.0658	22.3218	40.4807	39.4118	25.9866	25.1389	24.2507	19.3181	13.8349	7.22762	11.8877	10.51	2.52894	15.4841	20.2383	9.46361	9.28522	16.0212	15.9825	8.25128	9.38852	9.52704	17.843	22.1973	23.0787	29.0507	35.7466	38.7641	49.3262	64.0085	67.972	69.4564	62.6828	39.1835	21.6019	47.6451	59.7448	57.1131	59.9043	62.5902	47.2758	19.5949	34.7524	47.3289	31.8205	13.0267	10.5051	16.5511	34.5822	33.2281	11.2015	17.975	14.5917	15.9715	35.9871	21.9832	18.7073	24.4902	25.1236	17.7206	13.4964	21.9454	41.1739	46.5051	25.9029	23.9268	26.0418	23.1865	22.2247	4.23788	18.023	13.9714	15.3843	24.0211	34.3563	50.2891	51.9702	46.5994	24.8925	48.3744	70.5215	65.9449	29.4661	27.7643	28.2141	23.7496	22.6135	22.0229	14.1688	13.3888	11.064	7.55807	7.31138	13.5694	18.4094	17.7205	21.7817	17.6764	8.59559	7.57037	7.24037	6.49047	5.24062	2.99689	3.22199	5.59917	5.85478	4.50714	2.79233	1.95148	1.67634	2.60793	3.63895	2.99689	2.69024	2.74182	3.18311	4.46579	4.09263	2.8312	3.85434	3.71062	1.97527	1.62908	2.01437	2.60778	1.77574	2.26238	2.5475	3.77293	3.71062	1.50975	1.11769	0.706957	3.47717	2.57181	2.06793	1.34586	1.24964	2.01437	1.50975	1.97527	2.69587	2.54734	2.84755	2.1492	2.12736	2.30329	2.01448	2.13473	1.95151	1.24964	1.34586	1.34586	1.24964	1.50982	1.62912	1.18553	0.951754	1.07498	0.706957	1.28651	0.558921	4.2414	7.58805	11.347	11.4406	9.39979	10.1968	11.7919	24.5432	28.9519	32.7983	50.4421	58.1161	36.9827	15.4135	48.5239	60.1104	50.1628	51.3168	69.0806	74.448	65.8379	40.9016	56.7698	62.3502	74.0694	67.1833	53.9248	61.7581	57.6775	70.5868	66.9954	65.9638	66.8979	55.2671	36.4294	69.1016	65.4805	22.079	51.6173	51.8428	58.9273	71.4163	71.4594	25.0388	48.2391	55.6177	54.9279	40.1697	33.2833	55.294	66.3038	72.0692	71.0483	65.3622	61.2379	59.9895	60.6818	51.3615	28.2316	5.86299	36.1214	51.0901	55.9889	61.2261	61.7624	49.8872	48.1895	44.9372	38.7791	29.1941	27.8093	34.9233	30.1771	29.565	53.92	57.0445	51.2622	57.6344	66.5567	60.4132	62.4371	70.2412	60.9706
19.5271	36.4281	37.741	29.3977	39.1024	44.2078	44.4554	37.9425	15.6506	29.1149	32.7322	34.9725	42.871	44.7396	39.8394	35.4032	34.9394	34.5552	28.569	17.172	7.90435	9.97302	5.87794	15.2179	19.065	9.77698	9.77698	14.2162	13.7997	9.75855	12.2859	9.85203	15.7898	23.7935	23.4429	23.276	37.538	40.8578	41.4425	59.1423	68.1386	71.8655	67.151	50.9088	52.9997	51.2665	66.5121	53.3985	58.4541	65.0425	58.8476	26.3562	30.0044	35.1819	19.3829	19.5482	24.9332	24.4112	27.3539	24.2863	20.4979	25.3092	22.7275	27.2808	33.8807	25.3251	23.4847	25.6635	31.0533	30.9052	30.8799	27.427	26.1619	44.6296	34.2286	30.6844	28.5646	22.3875	22.7691	8.68078	17.6262	19.2413	19.5803	22.7095	36.4051	59.4143	52.9748	28.4969	44.4974	29.7475	70.8972	70.3806	48.9324	42.4803	41.5315	36.1725	33.3886	29.2557	17.182	15.808	12.597	8.84458	10.0494	12.6998	14.9081	16.7244	20.4589	16.5166	11.4944	12.1663	11.7788	9.86918	8.01541	6.34621	6.85079	9.10753	9.29114	8.19524	5.01692	1.9433	1.8017	2.149	4.24126	5.50441	5.57125	5.76968	6.14936	6.83053	6.12427	5.05089	4.66889	3.53456	2.83092	2.84738	2.35659	2.87454	2.65494	2.69576	3.72299	4.15252	3.53015	2.35659	2.06772	1.91098	3.25529	3.63432	2.89621	2.30311	2.24833	2.18501	1.77557	2.149	3.08344	2.68986	2.52874	2.46011	3.08356	3.477	3.37263	3.24575	3.12862	2.62553	2.64915	2.89621	2.87464	2.69576	2.60766	2.37637	1.99873	1.7401	1.7401	2.49779	2.1272	5.04761	7.65345	11.5439	12.4942	9.91125	5.62058	8.59478	22.306	30.4877	38.9951	51.0378	57.393	46.2929	44.9618	57.9598	61.9731	38.5866	46.3969	68.1318	73.7218	72.9612	50.2461	64.8773	71.6903	77.3705	74.5885	51.2607	43.6465	50.4125	73.6773	75.1489	74.9064	76.0265	69.2143	58.927	64.1516	61.2859	47.9825	61.688	53.0829	35.7284	61.3599	72.5629	64.9703	15.8993	44.3529	57.0551	55.7463	54.7701	70.6317	75.3519	74.0199	61.7774	25.0632	66.7068	72.3191	72.4865	63.3647	56.0709	52.3437	6.79012	44.4219	57.6131	64.9654	69.0491	66.7729	56.8756	48.6049	45.9683	34.1499	45.2771	33.6651	27.2612	21.0999	45.2938	58.9234	64.4329	69.3894	73.2765	70.105	71.5022	75.1653	72.5348
16.3432	33.1462	37.2837	27.3331	29.5345	44.5733	47.0715	47.6086	48.9304	43.1489	30.5631	25.7016	26.4277	25.2544	36.2457	40.07	43.1822	45.6527	43.1167	35.5651	22.629	13.0293	8.60104	12.2224	15.0539	10.4854	10.5549	14.4847	14.1041	9.43953	13.6752	10.7105	16.8971	28.8261	25.022	17.9343	33.4392	38.5171	33.5647	48.2078	63.4272	73.5505	73.2434	64.6784	64.1824	44.3832	69.0639	48.4627	35.2697	61.8302	70.2375	65.4291	53.2564	40.6328	30.5295	15.8984	1.62873	10.1661	22.55	31.5112	34.0888	30.677	25.7524	36.1129	38.8621	31.6036	20.9246	19.4996	30.0487	37.2887	36.0788	24.7321	0.951571	38.7233	42.6435	39.2255	34.4219	22.6891	19.9961	13.8769	17.834	25.3828	25.2242	24.289	37.9681	65.0539	57.8678	37.1741	44.089	32.735	64.3052	73.6951	70.0035	63.228	58.5676	51.3834	44.8141	37.3893	19.1136	18.6519	15.7454	10.7867	11.0227	13.1221	13.3635	14.3945	20.0543	17.9512	13.2737	10.7014	9.87889	9.32451	8.72007	6.18121	3.52993	5.5622	7.60488	9.85424	8.62217	6.39868	6.2209	6.54792	4.09192	1.1853	1.37987	1.90253	2.296	3.5297	2.50989	1.18523	1.91069	1.91069	2.21306	1.73985	1.45689	2.62515	2.57122	2.1196	2.32306	2.30284	2.14879	1.77538	1.45693	1.49918	2.40225	3.33059	3.634	3.63829	3.86989	3.50343	1.99855	2.06744	2.70117	3.35838	3.29771	3.14326	3.48117	3.81738	3.67227	3.63825	4.02705	4.24819	4.13351	3.88589	3.86989	3.75176	3.42719	3.37234	3.39072	3.14326	3.24068	3.85375	3.39072	5.9061	7.60488	13.1853	16.3201	11.2097	5.084	8.4394	18.3378	26.2116	36.3033	48.1559	59.3879	58.591	58.9437	66.7031	69.8592	67.8961	67.2167	70.508	72.2356	75.9553	67.9182	71.8292	71.8477	78.4563	78.3205	76.6132	76.4617	73.7856	76.3718	74.0659	61.6974	70.7343	74.205	71.969	66.0954	69.8317	72.2713	66.9828	35.7647	29.5877	55.145	71.8591	76.0532	74.4995	73.9188	75.6175	75.107	73.3493	71.211	64.1542	62.8471	74.0952	77.2245	73.6266	70.9974	75.1936	69.0508	67.1772	71.8518	68.1632	49.6944	16.1091	39.2861	62.3021	67.7257	60.0574	42.5807	33.5992	54.3688	55.9535	40.677	46.8611	36.9601	34.312	63.2585	66.187	60.4217	69.0059	58.3155	67.6883	76.2663	76.7604
17.2931	25.7415	29.3561	29.1162	26.3043	37.2485	40.2297	41.391	43.7855	41.1324	35.8632	29.7358	18.8344	4.59783	14.1929	28.8566	35.7005	41.0252	43.477	39.2766	29.75	20.9805	8.80907	8.93642	12.897	8.35682	9.93956	15.3071	15.5347	8.26013	12.3553	15.6798	24.6037	33.6345	23.7729	18.4306	26.5972	26.4394	29.4393	39.6048	51.2202	70.2551	75.3364	73.4405	72.6243	48.4048	66.1267	58.2763	39.4535	24.4624	51.5491	64.6316	55.1594	39.6452	38.1955	29.08	17.4583	23.1736	30.5824	34.9108	33.481	28.5116	23.7278	32.0548	35.9251	30.636	23.4735	26.5389	32.3123	32.5754	22.655	22.6833	13.0231	24.1284	43.6483	43.2284	38.0143	25.7966	19.2006	15.4067	7.88731	19.53	27.3708	27.113	36.7279	64.1445	65.4485	36.3941	39.8257	42.0993	48.1502	69.1204	72.3929	68.5135	62.9213	57.2974	53.0536	45.1018	19.978	21.0225	19.1736	16.7634	17.0531	19.297	20.1325	20.5939	23.4422	21.1851	14.9669	10.5543	8.79356	9.09263	9.89599	7.72945	3.54702	4.20721	4.57409	6.69768	7.55594	5.85335	5.13181	6.33516	6.00895	4.42283	4.12928	4.42283	4.91025	5.53121	5.08645	4.19263	3.77194	3.35806	3.17729	2.64857	2.14859	2.84675	2.40188	1.50933	1.90236	1.8776	1.67579	1.34541	1.11737	1.28618	1.81864	2.62503	3.67189	3.88549	3.49418	3.14293	2.87404	2.67196	2.23397	3.25467	3.47633	3.50306	3.67189	3.67189	3.63362	3.87348	4.16297	4.24775	3.96453	3.33024	3.12308	3.24515	3.14293	3.00636	3.03724	3.14293	3.39494	3.63786	2.68945	5.13766	4.78898	10.7928	17.3134	18.8087	16.6018	13.0359	17.137	28.8512	24.2198	18.897	43.3353	48.2883	49.6108	61.4724	66.5076	67.9241	67.1518	69.007	65.8875	70.7157	65.3809	69.8117	61.3533	74.4703	74.371	76.4202	77.8296	79.0619	81.2924	78.2069	43.099	54.7548	72.0716	75.7135	74.8884	72.6065	66.2401	54.5884	52.2234	51.4656	30.766	56.2732	72.3896	75.8909	76.7227	76.5397	69.3401	38.365	52.5917	72.7741	77.5786	78.1883	73.5649	67.2143	65.4703	75.2699	70.1888	65.1971	70.2432	74.3516	67.82	57.1524	42.9744	18.874	54.4197	64.1384	58.7561	48.2603	61.5873	59.0348	33.5117	27.7578	31.8822	64.7695	61.0036	60.2827	56.3013	67.917	52.4444	62.4979	69.0658	70.5979
20.928	20.9777	16.0153	23.9884	27.3449	29.1818	21.9359	15.8682	16.3152	20.8184	12.064	5.39247	6.62129	1.73961	4.20678	4.65411	6.58654	19.9371	33.616	32.2418	18.2541	14.6913	15.0135	7.31275	15.4125	4.74627	8.42106	15.0861	14.8118	7.28985	7.38962	10.3241	24.6353	35.0146	28.6364	23.6463	24.4518	17.3617	15.202	21.085	27.136	56.4135	68.1761	68.8796	71.1002	56.3186	59.8979	66.2166	39.6442	41.1204	43.4752	61.3256	51.812	21.623	35.6438	39.5678	23.3413	16.2964	11.8946	10.1494	8.80147	8.16349	6.64911	14.3919	30.4354	25.1296	11.8626	19.9956	15.5459	20.8184	28.0934	16.8941	11.8848	12.2165	43.0241	42.5793	34.0112	26.7595	23.7393	18.7468	16.2346	5.86039	24.3835	28.9375	29.7579	58.0566	66.147	57.3027	33.6343	27.5943	23.3678	33.3207	61.2342	64.1283	59.254	53.3614	55.5638	49.6023	18.2084	18.5983	15.0135	11.4638	11.4585	12.8142	12.5472	15.1823	18.9625	16.5886	12.5328	7.83814	4.76265	4.41179	7.18	8.02034	4.98461	5.40361	4.50542	3.96394	4.65411	3.68404	3.31573	4.40814	4.02218	2.05948	1.62845	1.844	2.8246	3.85287	3.29696	2.49703	2.91133	2.91133	2.74068	2.62465	2.23367	3.15727	2.57073	1.90225	2.91133	3.25421	1.90216	1.05996	1.50917	1.59948	0.951389	1.07457	1.1312	1.45665	0.883332	0.558707	2.18432	2.74068	1.24913	1.67562	1.24913	1.3797	1.57992	1.6285	1.59951	1.50924	1.57992	1.42419	1.77504	1.41316	0.883362	0.749575	0.951389	0.883362	0.900835	1.24913	1.59951	1.97454	1.90216	4.87477	2.64823	5.86039	9.09135	8.46437	7.44555	6.18003	15.235	38.4077	25.9277	9.81129	17.2915	21.9429	23.9708	47.0691	46.5233	39.7501	64.6877	69.8682	65.4991	60.787	4.41179	54.0384	28.874	68.5905	52.2945	54.8594	48.5371	75.8718	82.0056	79.712	53.4484	26.0174	55.4853	65.1593	61.868	53.324	53.2581	40.1311	23.9947	53.5867	59.4829	31.2281	33.4138	50.4544	51.1431	39.922	60.7055	64.5315	66.0968	65.7851	64.4093	62.6175	57.4575	60.9997	49.2506	73.8509	69.5246	59.9235	41.9147	68.8745	62.6234	49.8489	51.9771	44.2445	6.97905	47.2242	56.2965	56.3443	63.8297	60.0282	30.1386	34.6827	54.5257	66.4073	45.2325	50.2794	53.056	65.5191	47.2662	51.0004	43.4267	60.024
20.8759	16.7241	11.3328	20.5311	28.8811	30.6065	18.3188	14.5308	16.9953	23.8737	18.5417	10.7647	0.249845	5.46279	4.15084	7.62463	4.70343	15.6866	33.4637	32.411	17.8722	15.6814	20.2114	8.44753	18.0264	7.56673	8.77109	14.54	15.2774	9.51017	9.68089	10.1347	20.4286	30.2045	24.9636	20.1545	23.9297	18.4251	12.0548	17.1821	25.1231	49.2399	62.0404	67.0189	72.3494	65.7251	47.9221	66.4603	54.2623	22.8728	33.8469	46.262	46.6943	50.5935	51.8849	47.6281	25.3199	20.1828	19.7368	6.19913	10.6201	9.53731	7.70253	14.9085	32.9606	22.6218	18.1635	14.386	1.57969	22.476	29.754	11.8726	14.3952	18.9075	42.2323	41.5938	29.0674	21.3213	22.5416	17.6312	18.884	1.62828	21.9316	31.3547	28.3446	55.0801	64.8049	61.6411	49.1016	24.3421	19.3777	26.6817	47.432	62.8704	63.4466	55.7689	55.6169	47.0226	26.3586	26.236	17.2782	11.2502	11.0479	11.5551	8.18461	11.4677	18.1056	16.0482	12.9072	8.71734	5.15773	4.46017	7.03086	7.82179	4.26855	4.99025	4.18055	4.11711	4.90914	3.94399	3.63277	4.59682	4.02569	2.30216	1.97439	1.66621	2.65394	4.23946	3.51552	2.47803	3.08228	3.08226	2.6946	2.45273	2.01342	3.18152	2.5705	1.05986	2.93762	3.96359	2.23347	1.05986	1.57969	1.66613	0.395017	1.2859	1.24901	1.59935	1.59933	0.749496	1.58956	2.87343	1.97439	2.119	1.50909	1.24903	1.34521	1.59935	1.58956	1.07449	0.951292	1.11719	1.77487	1.62834	1.49874	1.49874	1.42405	1.24903	1.34521	1.24901	1.424	1.80101	2.14818	5.20235	3.23958	4.87435	7.03086	5.51325	3.6837	4.19167	14.4353	40.8092	26.0065	16.0012	16.1963	18.6811	13.71	34.5554	37.2857	31.1465	65.7601	71.2337	68.6317	62.3179	9.47546	54.2678	34.0507	65.2468	42.8399	55.3561	46.7033	75.7652	82.1876	80.1837	60.066	50.5031	59.7172	62.5214	55.5896	55.7642	58.6979	42.0369	38.1351	46.4852	56.5821	45.2183	18.7437	22.2887	16.9786	18.226	71.0527	66.2156	59.7601	63.8577	63.4928	55.9723	63.5458	61.5941	47.8651	74.0476	68.7772	55.6593	37.2871	62.6039	64.2629	52.4684	52.6974	49.0459	27.1701	29.6506	56.0085	60.6762	67.9774	65.274	49.7006	46.605	46.7739	56.8828	42.504	38.2189	52.43	62.4689	37.2077	32.2819	58.8494	64.5597
20.6412	19.7463	18.1047	23.251	31.6588	37.2908	29.9611	21.1009	21.5175	21.0131	18.2244	19.3293	14.4885	10.3962	16.5756	14.9706	13.9437	18.9888	34.5818	36.976	30.177	27.4157	30.6377	23.2243	11.6724	3.85213	5.36533	13.8641	17.3813	11.0938	10.9919	13.0208	18.6452	26.6442	27.3448	21.6691	24.1634	22.9249	20.3813	21.5563	23.8471	41.5456	53.3336	63.0588	72.7053	73.6193	44.7629	57.391	67.8515	66.6866	57.1218	54.7236	65.0355	71.1592	72.9544	67.3116	42.3321	37.6309	35.163	20.8899	5.66969	10.3502	18.7083	24.0479	34.8085	33.6037	39.4979	35.3815	25.2334	26.9294	36.973	39.0304	42.2929	44.7826	46.7027	40.574	28.1242	19.8197	18.603	16.5291	18.5709	8.56929	16.2175	31.9392	33.2802	53.7664	63.7583	65.7927	66.0524	53.7002	37.567	41.3964	16.67	54.6478	69.621	65.3193	53.1336	43.2554	34.4373	36.0153	26.1898	17.8156	15.6945	15.5661	13.7808	11.7465	16.8905	18.5867	18.3137	18.8096	21.7198	22.6212	21.8823	20.5294	15.5065	10.3802	6.95396	6.93626	6.93611	5.296	4.93701	5.81198	5.70243	5.47091	5.85964	5.85178	6.24813	7.33879	6.73929	5.75626	5.48485	4.81013	3.53285	3.42582	3.57226	4.2318	3.7211	2.12614	3.01568	3.94359	2.4012	1.45633	1.76585	1.87704	1.62814	2.30196	2.40129	2.79091	3.51531	2.54604	2.5091	3.9634	4.19145	3.73784	3.32931	3.24425	3.18137	3.15684	3.24422	3.18137	3.25381	3.08716	3.15684	3.52858	3.86841	4.1169	3.99073	3.61979	3.75032	3.88441	3.78734	3.47535	3.55049	6.16128	5.98413	6.07583	6.99756	6.70275	6.65693	6.59213	14.1112	35.1459	30.9893	27.3978	26.0466	27.9466	28.202	37.5492	45.8617	46.7712	64.9907	71.0308	69.1325	67.2782	62.5811	63.2708	53.2297	63.193	70.302	63.2149	50.7127	75.9538	80.3853	79.3237	76.5078	71.1411	62.7341	61.0276	54.5908	55.9317	57.2064	57.4815	55.3864	55.1651	51.2169	41.8254	21.3676	16.813	31.1818	45.1485	72.6979	72.5811	73.6234	76.664	73.3539	65.362	66.112	66.8726	67.0597	73.9562	68.7596	65.8486	75.5818	72.5605	55.2092	44.7048	45.7645	55.5807	62.2503	52.5985	23.1278	56.8412	72.2128	74.3557	73.0449	71.8958	68.3704	58.0334	41.8667	37.8709	62.2689	70.5921	65.824	52.5904	65.9995	54.7169
24.4826	24.5969	18.5035	17.6354	23.8026	32.6411	28.7174	19.9879	21.6405	16.3101	10.1371	12.4638	23.6494	18.8073	16.621	19.8099	20.4464	20.289	29.4426	36.3343	35.4605	31.0216	34.0467	31.8814	17.6091	1.62796	7.2794	15.7168	17.1337	12.4919	9.48603	10.996	16.3947	27.0295	35.0961	32.002	31.973	29.2058	23.6341	23.136	27.4135	35.6977	39.2897	47.6003	62.3386	70.8356	64.1153	15.5803	41.9989	66.6438	73.5226	72.6363	66.5662	62.4824	72.1913	72.4119	40.5759	32.8135	37.1614	29.5865	17.6314	15.4853	14.5975	19.7445	29.0515	32.5515	31.8555	33.2115	34.1737	35.3369	39.083	40.8021	38.5106	38.9469	39.8937	29.0084	24.3103	25.6999	22.2721	17.9485	17.1266	13.863	8.75064	22.2003	24.8007	44.1517	51.1346	58.9552	67.6515	67.272	53.2694	22.1892	45.7395	53.0006	72.0351	71.3009	55.3427	47.2709	32.0495	36.0377	29.3734	19.6778	17.1405	16.728	16.2786	13.4615	16.6783	18.2041	18.2876	17.5547	19.8934	20.8419	18.3453	16.1744	15.3655	13.0185	8.21668	7.73246	8.27365	8.37576	8.70382	9.14209	7.88455	6.05521	6.05521	6.34502	6.39559	7.3068	6.95324	6.56592	7.03837	5.9033	3.97858	4.02894	3.80734	4.36108	3.79907	2.23304	2.93706	3.8838	2.37489	1.49837	2.26073	2.21201	2.45861	2.32191	1.77455	1.97404	3.18101	3.12682	2.40108	3.03608	3.94336	3.46603	3.18104	3.00521	2.76261	2.62399	2.62399	2.87299	3.14173	3.08179	2.9372	3.24391	3.77466	3.99807	3.884	3.74993	3.99807	4.37895	4.59616	3.884	3.01551	4.42103	5.81143	6.91117	6.56576	5.5291	6.35702	7.10759	14.11	23.1225	24.3689	22.5734	22.5178	24.0241	24.4605	27.7836	35.4214	40.2863	63.2584	70.6605	64.1698	67.0769	72.0631	71.0967	70.4169	70.5639	64.9513	66.4746	74.5969	77.0578	71.3982	72.5558	76.286	73.4666	54.7897	37.3266	44.0265	40.0711	50.2333	63.8523	56.2459	36.0778	46.8708	28.5892	19.1496	47.5189	53.9408	50.3132	69.2904	74.5634	71.2079	66.3849	65.0501	72.4786	72.9466	73.3354	70.3007	68.9746	69.6488	70.9013	71.1867	72.2053	70.3411	68.0847	60.8021	46.5353	7.22256	43.2291	48.0886	40.86	53.0202	69.861	72.0889	70.6103	67.1252	64.9554	58.3103	54.4954	51.4966	62.9497	56.1748	55.9086	60.4914	68.1182
12.3173	20.1405	15.7582	11.9873	13.422	23.4503	28.6098	24.2235	21.2137	20.1556	16.2079	16.3088	29.3652	20.1514	6.10775	10.1775	8.36043	12.6826	18.6497	27.1494	31.7766	31.1409	29.8625	30.9649	26.6092	16.6602	11.3821	20.8661	15.8441	11.2034	10.8411	12.0644	25.3974	37.4398	37.1238	25.5835	17.8799	16.0194	13.627	15.8335	22.2462	30.2445	36.927	43.9609	57.5476	67.8868	58.9761	60.8643	58.5235	45.7837	62.9917	70.4527	64.2219	27.7421	69.4595	72.094	43.2949	29.5832	33.3402	26.8	22.0789	23.6647	20.0298	3.35643	16.312	16.0106	11.9879	17.5669	22.6233	24.0974	22.6922	17.0749	15.7055	24.0218	21.4177	12.5533	17.3052	24.3257	16.2942	18.2861	18.8709	16.8095	9.48569	18.1391	27.1721	38.9726	34.8749	36.01	53.2673	62.601	62.9785	56.4572	46.22	37.2943	70.7134	73.2366	61.115	56.4873	40.5142	37.6447	30.3764	18.5941	16.576	16.2193	15.4731	12.463	14.0231	14.355	14.2214	6.452	4.50397	12.6444	16.0035	10.6362	8.80444	11.0235	10.2554	10.3424	11.5063	14.8333	17.4015	17.1257	12.4407	6.1453	4.79333	4.74147	4.84776	5.83199	4.75758	4.40661	6.73778	6.33215	5.67711	5.34727	4.43806	4.72812	4.11208	2.45201	3.03562	4.02064	2.54539	1.57923	2.45201	2.36809	2.6938	2.37464	1.5086	1.59887	1.4561	2.47104	2.05882	1.87681	3.0203	2.73972	2.69397	2.29479	2.0129	2.12573	1.84329	1.76563	1.73894	2.0129	2.05882	2.01293	2.29479	2.1258	2.15489	2.49619	2.64739	2.69397	2.921	2.23291	2.45201	2.50845	3.39314	5.66864	5.51447	4.08958	4.43813	5.64428	12.7958	14.4711	11.7485	12.463	14.2669	14.3792	14.8409	16.879	23.2127	28.8898	62.0192	69.2611	63.8697	68.1271	68.5543	65.7071	68.3421	60.8371	69.3338	73.5238	73.628	69.9241	54.193	58.1444	69.032	72.7514	72.9185	44.3174	61.1691	60.134	56.5896	67.8812	68.0519	51.3904	34.5724	24.1438	40.9109	39.473	39.2027	48.3332	70.2072	74.5542	72.386	42.3229	75.7804	77.9377	75.8141	75.7436	73.7607	72.5431	73.804	68.9214	52.4312	59.8968	41.4726	21.5893	17.8933	14.4737	48.4168	51.5708	42.3724	46.318	21.7385	26.3633	47.4694	56.5604	46.3671	48.7568	57.7807	53.4184	39.3316	63.772	64.9112	32.6612	47.1069	44.6415
14.8697	23.3576	22.0771	16.1888	12.8731	18.3415	25.0955	24.8666	22.8655	25.8505	21.7908	14.5407	30.0705	19.0404	12.2976	13.7227	7.08264	8.18919	11.6225	20.1524	24.1721	32.1621	37.0017	37.6436	29.8147	17.9451	9.68364	26.3418	22.1688	18.0932	17.787	20.221	31.6767	36.8187	24.6588	13.4899	17.4255	18.9864	16.4127	17.131	22.1294	27.3655	37.0801	44.2683	59.246	68.7149	62.028	63.9362	67.3032	70.1699	61.1884	48.7638	66.4428	60.9687	67.0459	67.6095	57.6357	54.1568	47.4638	32.7212	21.0014	20.1833	19.4043	14.4845	10.1885	13.7366	14.306	19.3306	21.4497	19.5988	18.7352	13.0261	15.8607	26.436	17.0926	14.0753	12.5134	15.714	26.8155	17.6776	17.4553	16.5951	12.1379	19.9739	25.0398	38.1088	38.5022	19.8002	26.5708	51.024	66.4866	66.5346	56.2959	44.5793	63.5947	73.8304	67.7698	63.0437	51.2063	42.5983	32.8845	17.3038	15.6197	16.5848	15.9197	12.0074	12.6283	12.0842	15.2802	12.4108	3.88306	9.00205	13.5828	10.2543	10.7164	12.0553	15.9325	20.1862	20.8851	22.2383	23.0582	23.4773	20.01	11.4651	7.17054	5.60285	5.55861	6.27795	4.58508	5.36403	8.42463	8.94695	11.8387	15.4832	14.4927	8.72968	5.07124	3.0811	3.40655	4.17896	2.78997	2.01265	2.36788	2.36788	2.93649	2.89385	1.99709	1.42344	1.13065	2.45823	2.37455	1.81759	2.67042	2.06614	2.06614	2.14739	2.06614	2.52685	2.4519	2.2466	2.13287	2.21169	2.30134	2.12557	2.06614	1.74771	1.87662	2.15466	2.12557	2.13287	1.73877	2.29447	3.03535	2.30123	2.69357	4.744	4.7277	2.85059	3.25268	3.9971	8.17594	9.84769	9.3359	10.9293	12.5134	12.7081	12.9209	14.5047	19.8728	24.6672	57.7866	63.8117	58.1607	55.5596	21.7256	27.2749	39.1802	69.679	73.4861	63.3476	69.767	73.4172	71.3962	68.2716	71.3432	73.9702	77.4441	73.9152	48.117	61.7463	49.4867	59.4316	62.6017	57.519	49.7661	44.0349	55.4684	45.467	36.3771	49.3011	74.6432	77.1964	69.1962	29.5095	75.1047	76.7474	72.6993	70.492	66.2463	72.7279	71.3269	29.6671	76.1095	73.7022	73.3988	68.7042	71.4458	73.5988	70.3979	61.3804	56.8481	63.2769	66.8441	61.8242	31.1576	41.2869	47.1071	44.1053	40.5599	34.8891	47.0158	66.4056	67.269	56.8845	41.1285	63.9121
16.017	17.2326	18.0401	10.5911	13.6149	19.0544	24.5617	28.0232	30.1085	36.6421	33.4735	27.211	27.9802	16.664	6.23833	15.0057	16.7912	23.3312	30.1012	34.367	32.863	36.9925	44.3842	48.763	42.5837	30.2549	20.4387	24.527	16.6507	9.96507	16.9967	18.2691	27.4589	32.5861	19.4571	6.45546	11.0735	15.5874	15.5033	15.6698	16.0697	23.029	28.0372	33.1733	52.8996	65.4307	58.062	58.6479	68.4399	76.0943	74.1546	49.1593	53.1474	69.7518	72.0598	70.1211	70.9763	73.1798	71.8535	62.3791	40.7793	36.1462	35.8618	35.4784	27.0211	13.4839	23.6618	23.8436	25.1681	26.052	28.0891	25.0343	25.4478	28.7942	23.0305	24.7194	25.2171	22.2838	25.1405	21.2055	16.7728	13.7913	11.015	23.754	21.4924	33.6891	43.6634	38.7557	38.0437	47.66	65.8158	69.9139	67.0934	63.0617	45.7718	66.9882	66.2764	63.2582	51.4269	44.6649	36.9571	23.9503	23.1172	24.2485	21.9858	16.3019	15.8439	13.3397	16.9702	15.9753	9.35447	10.8806	14.6949	12.2103	12.7209	15.8631	16.0645	14.3797	10.1658	6.52666	4.83722	14.0417	17.2641	15.3422	12.9805	11.2704	11.1541	12.4421	14.3648	14.5479	12.3534	8.09906	9.67646	11.2231	20.2196	25.1681	20.67	13.2727	11.3018	8.95947	5.30858	3.74051	3.54468	3.5315	3.79796	3.32783	2.21136	1.73852	1.97337	2.78984	3.6355	3.4785	3.80626	3.08092	2.68766	2.92045	3.08597	3.314	3.28107	3.03523	2.84499	2.78984	2.89374	3.12102	3.18015	3.12102	3.24301	3.42457	3.74889	3.24301	1.62756	3.14064	3.79796	3.35579	3.35117	4.79216	6.35502	6.73667	7.95716	8.54701	9.4884	8.24188	5.11022	4.83701	5.80959	4.88468	3.47385	4.88468	10.8843	16.1638	48.3519	58.8059	56.4912	59.7146	64.709	65.5182	68.3058	66.5969	66.1582	59.4553	66.097	71.8922	71.7797	62.3457	56.7393	67.7602	78.2803	79.237	58.2568	63.5715	65.4946	61.091	55.0237	44.5441	40.2413	49.3166	62.1112	64.0576	66.1415	56.2916	75.4619	76.3152	11.415	62.2975	63.1747	75.0599	79.5968	80.8882	80.938	80.8503	69.1812	72.8745	79.0622	78.0616	80.8974	78.8304	76.4413	77.6514	80.4675	81.3589	80.8345	79.5722	78.3225	77.3163	73.0409	54.6832	8.70141	20.2988	25.7529	32.7873	41.694	60.3896	57.6318	53.192	62.2054	62.0583
7.07051	5.40003	16.7097	17.1033	15.6658	17.257	21.0078	26.4264	31.5113	49.2565	41.9925	21.3745	16.3867	8.32873	7.53996	12.3518	12.9518	21.2647	26.9142	30.4831	23.8398	24.9888	30.42	45.7018	42.855	27.9287	18.5372	10.1231	15.928	12.1109	13.3525	11.4135	28.6814	32.82	19.2038	12.567	19.5195	23.1874	21.5671	18.6332	9.30033	21.5241	20.2221	12.4372	37.7109	55.5508	32.6773	36.1327	50.8181	73.2834	75.6229	62.3486	31.2398	62.9875	72.1039	65.3192	62.2833	67.3372	73.0567	68.9392	46.6783	40.3068	36.983	38.936	40.8151	20.276	14.6121	14.8213	16.3485	20.0568	25.9345	22.4989	20.0889	23.9868	15.5059	18.1806	19.8269	22.4091	20.6857	12.0526	17.24	20.9252	5.00618	24.587	26.9846	20.0385	37.416	44.4397	34.7606	30.5589	55.6576	66.4991	66.8935	65.9687	54.0284	60.1018	65.5196	65.1721	44.7771	40.019	34.0546	22.682	19.4706	22.7481	21.8691	14.74	16.348	13.6693	15.0606	15.147	7.49947	4.11475	9.54574	8.93328	9.18639	11.3269	8.00017	9.28213	8.3579	7.32708	8.81608	8.96522	7.79399	9.45415	9.46223	8.56569	8.97724	10.2044	12.5521	12.0676	12.8332	5.0428	5.36564	4.35226	12.0821	21.6053	25.0014	12.9016	12.2162	11.2479	6.10573	3.52678	3.36934	4.08834	4.811	4.05786	2.01224	1.66517	3.49133	2.56902	2.25998	2.68739	3.19438	2.84465	2.23226	2.21126	2.29412	2.23226	2.05821	2.06574	1.84275	1.57885	1.62742	1.90915	2.05821	2.15425	2.24617	2.52639	2.8447	2.73892	3.08551	4.44716	4.90633	3.88241	3.36934	5.08245	7.66216	7.27671	7.03574	7.06176	8.06996	7.9257	6.92199	6.01212	5.99153	6.39056	5.83039	5.83039	6.37367	7.61431	27.795	43.6098	42.8954	67.2782	72.7477	61.0554	53.9758	34.8145	48.4653	49.1213	47.941	58.0353	68.7973	59.1763	27.4936	45.4433	74.6006	78.7032	72.9573	48.8313	71.7487	63.0271	46.6879	34.0319	22.8808	52.701	63.822	62.866	61.0451	55.0093	70.9521	76.0888	61.1936	67.8228	36.0667	59.815	74.3832	77.1742	78.6569	82.9526	77.8717	73.8065	81.34	74.6799	77.7776	77.0315	72.2021	71.9051	75.5397	76.8598	75.4122	71.9771	70.7031	73.9005	74.0871	66.162	44.7199	26.4557	10.7686	30.2184	42.3096	61.9675	63.6967	62.3888	59.4004	48.3182
5.68576	6.1255	8.32995	7.27608	11.9093	15.8142	18.212	22.1792	26.7054	53.6906	47.9302	3.76865	5.3076	3.719	6.43769	12.4393	16.9965	18.4421	14.2342	13.2949	14.9793	12.7353	17.5516	40.1009	40.6093	27.2573	20.864	15.8735	14.7029	21.584	13.5186	5.52356	30.7674	33.4763	14.7153	10.0034	16.5407	18.7817	15.8413	15.9273	13.7162	22.8298	21.1681	9.56208	34.0064	48.5451	24.8478	34.1738	30.8413	68.2068	75.3302	68.9501	59.4614	17.6082	69.0624	62.1962	14.4887	40.9503	69.9996	68.6758	35.6497	23.4469	29.8311	36.0221	41.3912	28.0136	10.4745	2.25967	6.44742	9.40559	17.8863	16.6416	11.2852	19.8039	7.92706	9.96304	10.0585	4.44699	7.75246	4.41558	11.5015	25.8525	8.51673	23.4665	29.1581	17.2624	10.8788	18.3782	22.597	17.0128	45.7931	62.0204	62.5829	59.349	21.7601	45.682	61.5596	64.5118	43.7782	40.0502	32.1524	17.7072	13.1113	20.5058	20.0498	12.0137	15.7071	13.7072	13.9355	15.0593	10.6451	8.69806	10.5453	7.49885	5.55696	3.35056	8.00679	12.2543	8.75486	4.17797	5.10929	5.59284	5.06983	4.97151	4.52948	3.59609	3.56585	3.86619	1.876	9.78082	11.9634	5.17816	3.21825	5.14226	15.2724	3.53085	21.889	19.681	18.5719	15.6785	7.88066	3.70649	3.04477	3.78502	5.17812	4.54645	2.13219	1.73821	4.12934	3.24222	0.394772	1.05916	2.14676	2.5261	1.59829	1.4231	1.79985	1.84259	1.73828	1.76491	1.41209	1.18417	1.37864	1.73828	1.97311	2.05803	1.99664	2.06556	1.67442	2.69282	4.51233	5.07891	5.07891	3.1549	2.39985	4.96218	7.79332	6.91449	5.62299	4.9591	6.53221	6.33937	3.89405	3.68138	5.29302	6.14279	4.98087	4.76875	5.13336	5.52642	9.33308	14.6599	20.1043	65.4223	73.4509	67.9101	39.7887	32.8289	40.2819	46.2483	26.651	53.5935	71.3281	63.5225	34.8112	42.2153	71.058	76.9484	74.2377	35.7401	72.6351	65.8394	52.6525	42.5969	30.9146	52.63	61.7203	63.7736	28.3909	53.5329	65.5116	72.0036	60.9927	67.5442	68.6365	68.441	62.5163	63.9872	73.541	83.0922	79.7726	71.0399	82.5946	77.772	48.163	62.6399	63.5061	65.0053	58.4802	54.4884	65.8949	66.3737	66.1538	70.0605	72.6198	67.6845	53.7357	43.3961	11.9393	34.3075	42.2887	62.5353	64.9654	57.3395	55.8111	51.043
14.5937	12.9162	11.9082	8.1226	9.85756	14.9973	17.8009	20.6588	26.3548	53.5464	53.647	18.0302	17.7008	15.8418	13.4155	12.6756	19.884	19.2899	17.7733	15.1711	25.4625	23.7428	25.6767	39.6782	40.9302	31.6991	33.5502	31.2207	8.46456	27.7241	20.6896	21.4142	23.6739	29.0879	19.0388	16.4068	19.3128	19.1648	13.1886	9.79073	7.33363	22.0623	23.0682	17.288	26.5246	40.4307	22.2283	37.9361	38.0975	65.2766	75.2852	75.3338	71.5059	51.7255	61.5757	69.2532	46.3499	40.1822	64.2806	66.4426	57.5329	50.2376	40.6418	36.4381	35.6231	28.6726	22.7219	13.5396	8.13404	14.5467	20.1293	22.9996	13.136	18.8578	13.9148	16.9467	12.4386	10.2214	14.0578	11.8492	2.21084	25.1669	21.1654	18.4782	32.3335	30.6376	21.6855	20.4863	24.454	27.2025	44.9789	60.9611	65.7669	59.923	29.6747	26.2414	61.6514	65.0763	55.435	52.4917	44.0568	33.2776	21.8624	21.9676	21.4416	14.9015	17.1946	15.651	15.8688	17.2883	14.1636	11.4608	13.4924	9.63647	8.69889	6.93163	8.42127	12.2065	9.79529	6.92953	7.50434	7.73785	6.86058	5.1178	5.28376	5.42191	6.09472	5.15387	8.80035	9.35151	5.72803	5.84775	4.9867	3.97621	11.3073	6.43702	10.6762	16.5789	19.5107	22.8866	16.8142	7.13144	5.45582	4.83573	5.73077	5.25152	3.35021	2.65189	4.74219	4.1139	1.07366	1.74704	2.7384	3.35483	2.23183	2.24574	2.84415	3.08507	2.9983	3.0445	2.45729	2.37364	2.5074	2.76102	3.1547	3.42356	3.49084	3.00349	1.57855	4.12891	5.28363	5.04488	5.28363	3.51283	3.54363	6.18446	8.59194	8.49995	7.20162	5.82928	8.04765	8.61314	7.01277	7.30273	8.21202	8.38722	7.61911	7.61911	8.45912	9.54417	10.3085	12.4381	19.8119	60.6382	70.6921	67.3971	56.0785	51.7477	49.8098	55.7524	51.0317	62.4861	73.2368	65.6465	51.1539	49.7942	71.5507	76.9745	73.5981	39.5827	72.8229	74.0492	68.0071	63.6625	64.9764	65.105	51.7529	56.5756	59.3328	54.906	63.5184	54.466	68.4233	72.575	71.7147	77.3829	77.5544	77.4716	80.2034	82.6725	77.5556	68.5818	82.6372	80.3466	61.0927	73.1052	75.4892	72.862	68.0851	68.1209	72.2988	73.4299	74.4876	75.1129	74.5885	72.7114	66.064	56.3247	14.8643	37.0244	37.1434	58.464	62.3069	51.3869	57.472	63.677
17.2394	13.8545	14.4553	13.1708	10.5248	14.4423	14.8742	12.657	20.85	50.4837	58.174	40.0646	22.1437	33.3977	34.4748	26.2205	16.6377	11.9808	15.995	14.8426	11.4805	19.3553	25.6602	40.6476	40.2934	36.1353	39.2254	41.5113	28.3166	18.4388	21.7963	9.94893	19.3687	20.0832	12.1415	9.8019	16.6699	16.8651	10.9943	13.8916	16.0582	16.5166	18.3802	22.5266	27.5134	38.9677	37.4282	39.7517	29.7542	51.7506	69.6515	75.6152	77.6003	76.9019	64.4424	57.9058	63.9484	59.5761	64.8422	71.88	75.5693	76.0541	72.8432	63.6954	47.6079	25.3475	15.3659	22.2117	19.0372	6.21611	10.614	23.4395	24.3442	19.01	13.3099	10.6445	16.0725	22.3984	22.7077	22.9748	24.9175	14.7217	23.613	10.0432	19.2529	29.3237	26.9468	26.3395	30.4881	28.2802	41.9774	55.4202	65.4331	68.6978	63.8501	42.9944	58.6232	68.8158	69.3575	67.7305	57.2866	41.0134	31.7672	28.884	27.5137	22.9244	23.7607	21.5842	19.9598	19.6064	15.4056	13.0815	15.3024	15.5318	13.0227	11.5764	11.0497	13.0202	11.6209	9.41991	9.9463	11.0175	10.2772	9.62328	9.45964	8.32681	6.29475	8.32644	10.6805	6.93092	6.72518	7.99806	7.94089	5.91003	6.14157	7.87917	8.79486	11.743	6.955	15.3918	25.4975	24.3267	18.7697	14.214	11.1764	8.92755	7.21805	6.06383	6.88671	6.24318	3.00316	1.62689	1.73795	3.5302	3.32677	3.36847	3.27982	3.32677	3.31274	3.68067	3.7184	3.73918	3.88144	4.26149	4.26149	3.24177	1.76457	1.94888	3.768	6.04342	5.59177	5.01074	5.75167	4.28668	4.593	6.90217	8.26806	7.68974	5.98207	5.30654	10.006	11.3288	10.1619	11.0069	12.3679	13.424	13.787	13.8672	14.5376	15.9631	17.1744	17.0144	18.7871	56.1247	67.2805	59.4236	52.7099	48.5343	42.1558	41.5121	23.3397	59.3069	68.784	65.5969	63.4022	60.5426	73.4323	76.6086	72.89	59.8745	61.6653	75.1402	76.3006	75.7661	73.7881	70.7575	67.6903	63.1465	63.6936	35.7126	55.7397	71.0514	70.4369	67.771	66.9968	75.8795	80.6158	81.8587	81.8635	79.6178	53.3406	73.4269	80.7193	80.6941	70.9001	49.439	67.0131	74.9256	76.0866	73.6471	72.8417	74.166	76.9541	77.839	76.9301	78.3338	77.5006	73.9305	60.6681	28.831	28.9051	57.9048	63.4434	55.6975	59.0537	61.2369
15.072	17.2755	13.3704	15.6381	14.3025	15.5676	12.6592	9.87591	16.8113	42.2793	55.887	55.762	46.5126	37.8776	39.6525	34.3579	19.1202	1.59783	16.333	22.5103	17.9304	8.41266	7.88214	33.1986	34.7129	31.198	30.5505	38.8811	37.8085	20.3196	11.0914	27.0655	27.0374	20.5175	16.2043	13.9928	15.6742	14.6109	10.9877	12.7327	13.5116	17.8018	24.0605	27.0028	27.09	32.3737	43.2766	39.7411	26.153	32.2797	53.4687	66.0103	73.8047	77.3009	76.235	46.6913	64.8636	64.3929	65.2641	69.0686	71.8358	74.767	76.5694	75.0214	67.358	40.3056	20.7619	25.3404	25.7697	22.2394	11.5085	5.48034	18.7374	20.5505	7.69537	9.89662	22.024	23.9544	24.1305	24.7137	30.5635	30.8826	15.931	16.8347	10.6124	22.1278	25.1478	24.8612	25.2095	27.2045	39.5756	47.7199	58.2067	67.7597	72.9187	67.9468	11.0163	50.836	63.2472	69.1234	64.9297	46.8003	38.9939	38.1315	33.9165	24.8898	25.5472	23.8331	21.2865	19.5888	15.2129	16.0528	19.0361	18.8804	14.9584	12.838	12.4363	14.093	13.1644	11.1769	11.4163	12.838	11.7835	10.4605	10.7591	9.46521	8.04639	11.347	10.5803	7.43785	7.93641	7.78959	7.61185	7.56981	6.91286	1.99608	3.84885	3.3909	5.1318	5.34375	19.7071	30.2897	27.8817	22.3478	18.5088	12.5996	8.33143	7.33259	7.92269	7.25092	5.11691	4.45944	1.42262	2.36666	3.86511	3.99509	3.56925	3.15415	3.01325	3.24145	3.42296	3.74713	4.30085	4.35088	2.99261	2.13157	3.95984	4.92968	4.699	5.15285	5.08053	5.38376	6.01478	4.63271	4.63271	6.94777	7.30733	5.70813	6.22028	6.60485	12.0128	12.7008	10.056	10.9437	13.0003	14.5333	15.4045	15.8949	16.3565	17.4181	19.0367	20.2751	25.5135	56.9831	63.3612	43.192	35.4225	39.6297	47.9421	45.4323	56.2239	69.9139	66.5751	38.3178	54.816	65.9759	74.83	75.9164	68.8155	69.4715	68.124	27.9736	71.6909	77.4092	74.7967	64.2119	42.0883	2.39924	48.2909	63.5499	74.8819	75.5887	69.2722	31.0365	74.7902	74.4745	68.3019	65.1086	65.4256	65.8591	31.748	69.2405	73.8824	80.5244	80.5859	76.6844	71.1937	69.2329	71.6627	70.1894	68.0583	65.2312	73.404	75.7691	73.5253	77.4064	79.6303	79.7228	75.9499	66.0153	43.0948	39.2293	64.151	63.3315	58.0562	54.2806
12.1673	19.9557	14.8973	12.8443	12.8273	15.4025	15.536	12.3158	13.8808	32.529	46.9333	56.9762	61.8675	42.3795	30.8145	36.7189	39.8357	34.3549	19.0252	14.2963	12.5714	16.1583	11.9792	29.8999	30.3707	21.318	20.8068	31.9424	33.1602	33.3119	37.9316	19.1305	26.3592	31.2601	15.4207	7.49594	11.0232	11.8293	10.4733	12.2262	13.8615	12.0525	9.95918	13.2669	16.3407	14.1639	19.216	16.6184	13.4119	21.7972	35.7463	39.7077	48.9645	64.2166	78.258	74.7465	35.7468	59.328	59.0265	51.8915	40.3914	52.6197	63.6424	74.4896	73.9148	55.8386	36.8728	35.0268	29.214	18.9716	22.7313	23.1989	16.207	3.47204	11.812	7.30668	26.121	15.1777	14.2447	18.2063	13.8864	3.86469	21.5523	22.2915	20.0063	17.4445	19.6785	16.8964	17.4738	23.1862	32.9255	39.5789	42.5923	49.388	70.8257	71.7987	62.2643	37.1768	37.6284	65.9935	68.5437	58.7415	49.9956	49.2171	44.1137	26.1292	22.8364	20.5167	19.5374	19.4801	13.2903	14.9371	16.3131	16.2521	15.878	13.4976	12.8403	14.7064	12.2871	10.0789	10.7012	12.0425	10.4934	8.10575	9.35567	9.46418	9.48302	11.1952	9.54133	6.28865	5.72674	5.12549	5.32017	6.58602	5.59916	5.65369	5.76142	4.8948	7.93917	7.81385	13.4037	12.8368	23.7516	24.752	23.4758	16.6556	9.67107	7.72593	8.41896	7.32962	4.75399	5.81443	4.75722	2.29296	1.62663	2.05724	2.45028	2.9081	2.47547	1.84188	2.24512	3.23635	2.75463	0.899786	2.46917	4.08642	5.17619	4.45553	2.84328	3.90043	4.80875	5.36029	5.45703	4.52775	4.66216	6.52973	6.60427	4.80875	6.09525	7.59272	13.4199	12.7681	7.4226	8.23912	10.4706	11.3541	11.4086	11.6353	12.999	15.0796	17.1406	21.4175	39.3191	59.8188	55.4777	19.4745	17.3004	43.6267	53.4129	52.943	58.6849	68.0343	64.4078	63.331	53.1989	58.1639	75.2856	76.9617	65.3936	69.6025	76.4324	78.3428	73.667	53.2675	71.2298	72.8882	65.2969	63.3287	70.257	72.0619	72.7104	64.0669	71.6157	56.1004	73.3896	77.7484	73.7464	73.736	76.3579	77.7952	56.2639	74.1017	77.8325	79.7029	80.4882	78.369	77.5178	71.2119	25.8492	47.6341	52.3661	37.4365	67.6176	70.8911	55.8387	63.6808	72.5157	77.9302	77.235	72.6756	69.7517	55.9727	16.7753	49.801	44.2231	49.9408
15.9685	19.6553	13.6785	11.8705	12.7339	11.1463	8.37486	9.86018	13.0243	28.971	40.8735	52.6234	67.0251	56.5184	18.1652	33.5625	40.9079	42.049	35.4423	22.1616	16.773	25.174	24.83	29.8514	33.1082	32.9193	33.002	36.3183	29.8468	34.7466	39.2893	40.5091	23.1844	23.1153	23.3879	11.0465	11.8295	11.4846	9.63911	9.969	8.62415	9.72707	12.5212	11.5523	10.8079	18.507	16.1237	11.4089	11.4451	19.0291	30.3471	32.3829	34.6112	45.2836	76.3741	78.4911	63.6632	24.8643	52.7699	51.0027	54.5523	52.6	44.2817	67.3987	73.8436	61.592	34.928	39.9488	38.9684	20.3182	22.9346	23.5367	25.418	10.0343	13.8882	12.4201	15.8512	25.6334	49.695	56.7886	57.5993	52.9462	37.9243	17.3422	15.3369	5.46234	13.5138	19.9099	19.5533	24.3083	29.1235	34.8237	34.0419	39.6737	63.7447	70.2654	70.4646	62.6601	10.5217	56.9683	67.6076	65.3596	60.6331	57.0584	50.4474	32.831	31.3752	25.8056	20.984	20.4479	15.42	15.9344	15.8707	16.1367	17.6657	17.273	15.2039	17.0737	15.4106	12.6622	12.1483	13.011	11.6909	9.46343	8.9689	8.76986	10.8268	11.294	8.9283	7.68796	6.83376	6.06213	6.86946	7.44881	6.44447	6.91815	8.07508	7.14603	8.32986	6.72326	10.1276	4.41676	13.324	22.7015	26.544	23.1178	18.2715	13.8518	11.7209	9.26249	5.38287	6.17483	6.52223	6.17476	3.29289	0.558015	1.62652	2.6509	2.62141	1.76412	3.39045	3.03323	2.2099	4.31776	4.14623	3.87624	5.00929	4.5273	3.70474	4.76647	5.00625	5.62028	5.94949	5.32527	5.11589	6.56417	6.8312	4.69796	5.35111	6.99236	14.6628	14.4738	7.99545	8.35321	11.0061	12.0084	11.4502	11.691	14.0497	16.8726	19.169	24.069	44.6863	54.7677	35.2994	20.191	25.0186	54.1674	59.4589	51.9952	49.7802	67.0191	72.7223	60.7851	68.5534	66.3329	71.8664	74.0274	59.7514	69.269	69.1323	79.0572	79.0723	65.9072	6.15241	74.9985	76.4652	61.8189	46.0953	48.4698	63.7447	56.3091	70.6172	74.5641	61.0983	67.9181	71.4458	71.8686	73.6252	79.7297	79.2082	58.6468	38.9312	78.3917	80.6059	76.5686	77.8839	77.7106	71.676	45.4935	48.1127	35.779	64.5609	68.4041	51.723	56.1518	62.1476	73.8978	76.4078	73.7798	73.3896	71.4236	57.2521	18.1672	35.993	35.0893
21.7711	10.3899	9.44323	13.8408	14.3535	9.71687	6.58466	10.756	13.6599	26.7698	36.2167	44.3568	67.1935	65.8114	33.4198	28.365	38.0111	44.0522	43.2193	32.1788	16.0484	18.485	18.1185	6.15167	21.5999	30.9233	36.072	43.4356	29.1817	30.2553	31.2415	36.5461	34.0082	14.0106	19.1249	17.9376	12.45	9.65035	5.76013	6.01302	6.09156	9.76145	11.5921	10.0529	11.4454	18.5402	10.8727	9.13919	9.50036	17.787	25.9875	23.6739	24.1354	27.4892	70.2325	76.2728	74.8637	72.1333	50.1295	47.489	61.4821	55.6361	50.3546	61.1658	69.1267	61.8279	49.8565	51.2045	43.1287	24.8064	22.3493	21.3168	27.9322	21.8302	10.5396	8.06491	11.4557	37.0128	50.3128	55.4694	63.4286	67.2683	65.8756	59.7221	53.7224	46.2527	30.3621	10.6711	11.4066	24.8352	26.5254	26.0026	28.9745	37.6144	53.1896	61.6896	70.5776	71.4026	58.1592	22.5706	53.3227	63.2153	61.421	62.47	52.3618	39.8787	44.4962	37.6312	25.4104	21.6808	17.3422	16.5046	16.5994	17.5373	18.1296	18.4351	16.7517	17.6911	16.8036	13.2092	11.7037	13.341	12.3915	8.75531	7.82786	6.60071	9.03969	12.0742	9.54286	6.9263	7.06798	7.34926	8.54066	8.91418	12.7607	17.4245	19.1564	17.6705	14.592	10.7076	8.18229	10.0529	6.29964	15.2227	24.9409	24.9563	19.9731	15.9851	15.1965	12.476	6.35043	6.38646	6.53801	7.74798	6.47914	2.45605	1.07314	2.45605	2.73704	2.66818	2.06438	1.49681	4.9031	5.67692	3.5638	3.73768	5.03952	5.03952	4.23066	5.1154	5.28127	6.21375	6.98968	5.81332	5.27837	7.50071	8.10964	6.13942	6.15432	6.89955	15.1065	15.925	8.58796	8.54036	12.1467	12.7614	11.0012	11.7388	14.693	17.4768	20.468	24.4056	42.488	45.0314	25.8037	20.9224	34.9111	59.4303	56.439	40.9011	41.9525	64.7405	74.7308	66.9974	36.7912	65.77	69.3699	45.8722	69.1463	69.6436	55.8555	76.7087	77.0469	75.3377	72.5123	57.3286	76.6992	74.1302	72.4405	70.5782	70.0638	62.4221	30.1834	70.129	73.9488	56.8986	34.4562	46.4534	50.2637	76.4254	78.3115	70.2323	51.1791	77.9376	79.7838	72.3952	77.7406	80.2751	80.4116	73.9344	62.8441	60.1359	60.8293	57.8161	46.1999	51.1819	57.6329	69.6975	74.2292	73.2755	73.6606	74.7262	69.5798	43.4226	12.4291	35.4324
13.3718	5.58659	7.61468	16.643	12.6511	12.4318	13.9148	11.154	10.9907	22.3001	31.3246	35.0738	63.4276	69.1006	57.4697	33.3712	32.8621	43.3757	48.3989	43.3087	27.8379	13.1023	10.9146	7.88877	14.144	13.3521	19.9882	37.8102	28.9208	27.1658	27.1269	32.4127	33.1346	33.6574	11.2294	18.3253	18.5293	12.5793	6.28656	6.06068	5.72476	8.7213	9.79722	7.87958	15.9443	14.0133	8.45443	8.30092	8.37358	20.6068	23.5583	15.1325	19.349	21.1205	61.2466	68.4951	72.7106	76.958	75.6381	36.9153	63.9453	63.5941	60.4057	59.9888	60.5346	65.439	64.6398	62.3324	50.6348	30.3916	32.1848	16.157	30.1836	38.8922	32.2804	25.2986	22.2922	35.7453	44.027	45.7885	41.4861	58.9261	69.7278	70.5738	66.6031	63.0807	58.1335	51.1388	42.248	15.5248	6.51872	20.1817	28.6386	35.1298	42.0774	47.1216	66.018	70.6884	62.5406	53.4118	20.4406	53.068	61.3801	65.564	56.169	43.1641	47.5803	45.1986	38.3572	29.3459	19.8826	18.5978	17.7861	18.5301	19.2721	19.4311	18.1138	17.1544	15.3341	11.8573	11.308	13.1759	11.9497	9.00717	9.88851	7.42047	7.71009	12.375	11.8376	8.52923	7.49415	8.72189	10.4138	19.5172	34.2431	40.9919	40.8811	37.9826	32.6904	24.1116	17.9169	15.531	11.1608	12.5952	21.1131	23.4554	13.3999	14.6793	21.1557	19.0849	9.58126	7.74733	6.32802	7.53436	7.78236	5.304	2.90718	1.41114	3.07827	2.06419	1.28418	4.08524	5.00833	4.73948	3.34362	3.69984	4.97753	5.38171	4.22659	5.49763	5.97933	6.50919	7.12729	5.80484	5.80487	8.55193	9.1563	7.5447	7.92756	8.30092	15.9552	16.8706	9.3992	9.46284	13.4205	13.532	10.9907	11.6571	14.4359	15.9896	19.8258	23.2105	33.6121	35.0377	22.2655	24.4702	36.3736	56.7871	55.205	43.6602	44.9937	57.7623	71.0221	70.7628	66.5872	67.6288	52.5554	57.0475	63.4362	56.3912	64.7096	73.6716	74.3392	74.0251	76.4672	58.9731	67.8853	76.2399	75.4883	75.0731	76.1784	75.4724	68.8446	47.3546	61.5996	71.4361	66.4391	56.3983	50.9384	73.1011	75.7395	65.7639	64.6106	74.7843	79.6153	73.1922	77.1711	78.2359	80.0507	78.9594	78.1175	77.3779	71.1967	23.5276	50.7803	44.2435	50.2142	64.0079	69.9802	70.5212	71.3824	75.3938	73.3434	63.5058	44.4017	4.43344
11.4522	11.2165	11.6949	14.4898	16.2763	16.5092	13.425	10.6873	10.3479	18.7884	25.9621	28.1751	55.4769	67.6199	68.2894	55.605	20.0128	24.8853	43.6004	48.6636	40.2974	29.0979	18.607	11.488	5.28027	14.4159	21.3575	21.1729	11.9399	12.2598	10.228	25.5166	29.8526	35.1399	33.9106	14.5257	17.0168	17.7714	7.50728	5.62958	4.78761	6.67541	8.0613	12.2744	16.1261	8.41067	7.54384	7.38697	7.54971	20.8567	19.2779	12.9077	18.713	23.9499	49.3633	49.6527	59.325	71.0459	78.0615	74.3533	29.7519	64.6925	66.8251	64.6649	62.8563	64.827	67.8046	67.6903	56.8864	39.8606	40.623	19.8427	24.4971	32.5344	22.8443	16.642	10.0513	29.7084	36.382	43.3539	49.3726	50.2386	58.9729	71.1874	72.3396	70.605	66.1309	62.9079	63.3114	59.003	51.7668	35.9175	2.25805	26.5011	33.3879	36.3657	61.0067	67.1872	63.8979	66.8201	56.5579	19.8645	55.9677	65.9023	60.8911	49.8208	50.6448	47.5751	46.0009	37.1469	23.0885	21.4167	18.6285	15.7801	14.1696	13.1139	12.948	15.2085	14.8519	10.6721	11.0033	13.8092	12.2657	10.5571	10.4723	11.7268	13.5867	14.0119	12.5182	9.87124	9.92876	11.818	13.1143	30.8987	38.757	31.0259	26.2733	26.8129	31.6774	29.2535	20.0936	13.1144	6.01211	5.67584	18.903	21.8268	16.4611	21.7476	25.535	23.6763	13.6331	10.4795	8.06883	8.27994	8.41405	7.72301	6.41145	2.05636	1.9716	1.94778	3.52369	4.18571	3.79439	4.41201	4.09614	3.51052	4.84207	5.46061	4.4016	6.23962	6.52031	5.80429	6.34906	5.69478	5.98645	9.03798	9.63002	7.81102	8.5866	9.58032	17.5337	18.4203	11.8364	11.1807	14.246	14.7674	11.8301	11.9989	15.0173	15.3969	18.8462	20.1222	21.9519	30.436	28.9899	27.7582	34.9272	52.9955	55.7737	51.8165	58.3975	59.454	66.3484	71.0333	68.4763	67.0514	50.5017	64.5251	66.7485	42.1578	64.2232	70.1701	70.7526	65.9405	70.7513	75.3381	64.1602	74.1499	76.0004	74.8015	75.2838	75.4064	75.2937	72.036	43.8648	62.5964	74.0748	73.0263	68.4101	61.5043	70.4798	69.3039	75.0857	57.8435	78.644	75.1463	71.3849	73.6197	67.0022	73.2703	79.0313	78.7947	78.2275	73.3352	56.0426	51.9697	46.4342	58.0382	65.0015	66.9756	68.3243	74.9347	75.2074	71.2621	68.1386	61.6068
15.4053	15.4552	17.2046	9.7453	10.3242	10.5744	12.471	8.47741	7.92564	14.5354	20.2532	24.1123	44.5815	60.197	70.8389	66.7081	34.5775	17.9323	24.9681	44.5925	45.047	37.357	25.2336	13.6316	18.358	23.2943	20.9696	14.5976	6.13776	8.09963	7.00721	13.2855	25.3708	30.3581	35.4651	34.7669	20.9008	15.0704	9.85016	5.97805	4.17418	3.47488	12.1981	16.2783	11.4731	6.29786	6.67265	8.54839	14.2164	15.2375	11.9351	13.7109	23.6678	30.4148	40.1364	42.4848	42.9209	54.6434	73.6043	76.8522	71.143	36.8159	59.9513	65.4493	56.7924	42.1632	56.4985	64.9585	58.0472	49.6351	48.5776	31.7983	21.9094	26.9732	18.1213	19.3566	10.3011	26.2576	30.0665	33.5143	41.8167	62.0482	61.6301	33.6367	64.1527	72.1951	70.8366	66.2934	66.0238	65.6678	65.203	60.9436	40.1023	1.42189	28.9913	36.1845	56.1126	63.0062	65.0029	71.5427	69.8599	45.9421	19.5821	59.4978	63.0261	59.6302	58.7792	50.9346	47.4606	40.8636	23.0525	22.4304	24.0339	22.268	19.2995	17.9139	14.689	17.0025	17.3687	11.7806	10.3182	14.4146	17.6337	15.9781	12.9405	16.1485	14.4148	14.215	18.0806	18.222	15.2273	14.5088	14.2292	30.0979	26.0674	7.9811	11.825	4.25842	13.475	20.5077	14.9953	9.6646	12.0914	13.5298	6.47714	20.444	26.3157	19.2077	23.903	22.9835	16.8295	14.3132	12.3634	11.1942	9.64947	8.92326	9.18071	5.19443	0.899376	3.24901	4.51189	4.09572	4.12206	4.78718	4.233	4.01575	5.39491	5.72643	4.58993	6.68627	6.58266	5.10493	5.58803	5.39491	5.56044	9.23288	9.99485	8.0624	8.8129	9.96526	18.2332	18.8445	12.3952	12.8705	15.822	15.9209	12.1725	12.6675	16.6537	16.4954	16.4327	16.3236	15.0279	28.9663	32.0765	26.9939	36.7365	53.4254	58.065	55.2414	61.484	64.1288	68.609	69.2925	54.4573	60.9862	71.6036	72.6256	69.7531	44.4116	61.7418	71.7406	72.9542	60.2455	56.7304	76.9229	75.1412	40.3518	71.3472	73.6616	74.6949	74.7087	76.159	75.462	70.7602	61.8067	52.7493	70.1722	73.2655	65.7715	42.3939	64.9703	76.3894	54.0193	70.4732	72.6914	78.7811	77.2919	20.0934	73.2522	74.7232	74.9152	80.6576	80.4725	31.9024	60.7807	60.6979	62.0478	64.5563	64.0101	66.023	73.1641	75.1506	73.333	71.6943	68.8265
6.67432	10.1291	20.5068	17.4393	11.7332	14.0826	14.6894	12.5076	10.7033	12.9107	16.0769	19.1239	35.8069	49.4971	68.717	71.9899	65.4251	54.2692	26.393	27.5683	48.1389	50.2273	43.893	39.9752	31.8061	14.4133	15.1519	12.0638	9.78735	13.1877	15.4603	16.4976	6.56126	16.6935	33.5091	41.5702	39.684	26.5585	18.0359	12.3871	5.87429	8.30562	14.0103	13.6212	11.2368	10.0182	9.62367	13.7113	14.663	12.0028	14.3719	22.3118	34.1763	44.2383	49.1832	48.4771	46.0025	53.4377	66.5689	72.333	74.773	74.4421	68.6844	25.1216	62.6159	63.8782	49.3115	57.5334	68.5534	70.6812	67.4348	57.8918	45.8657	43.5266	41.1604	37.3186	24.9078	10.9968	27.2489	39.0286	46.9391	61.4672	69.989	70.579	64.2355	11.8341	66.6617	73.4213	72.7666	71.6246	71.5414	69.5663	61.7149	50.737	26.8437	21.0328	52.1887	60.7923	61.7411	69.772	72.5693	66.6999	59.3951	31.6931	47.0113	63.8758	66.0721	57.6096	51.4494	52.4668	48.3104	42.9933	34.1961	31.787	33.0725	32.9305	32.2601	32.469	30.9946	27.8751	24.0592	19.6259	21.3745	26.3048	26.8991	24.2864	27.2827	30.7813	33.1498	36.5047	36.8728	34.4381	35.4973	36.7744	28.9049	26.0379	30.8677	24.5992	22.8214	26.9243	25.8238	22.0094	20.6735	19.9564	20.1508	22.5248	21.6424	22.6182	28.5943	28.3511	23.3838	20.8893	20.7365	21.7906	19.8584	16.3569	15.4562	8.71032	3.01632	5.45119	5.82434	5.47653	6.15197	6.32621	5.69379	6.17189	7.36698	7.36906	6.23854	7.74505	7.54843	6.81698	7.49801	6.75397	6.85484	10.9646	12.3003	10.9971	12.1666	13.2349	19.7136	20.5568	16.1984	18.615	22.4754	24.2736	24.3819	24.6988	24.9111	23.8097	22.4322	22.3493	21.6167	25.7286	26.8787	23.0964	32.5394	51.0896	57.2698	58.044	64.8172	69.0596	66.2456	54.2482	60.4121	71.1058	73.0116	71.3055	61.8907	48.0515	65.0993	71.5086	70.948	67.0237	66.7206	76.2198	78.1706	68.2696	29.263	71.5401	76.9346	78.8153	80.0945	79.4016	77.7118	76.8424	73.3187	67.1613	24.6988	62.0986	66.5958	55.4099	71.6541	73.9809	54.2729	75.3993	80.9925	81.1443	80.2973	79.5782	75.9472	74.195	81.6776	82.2904	72.5423	48.8934	21.7883	60.1092	68.5572	70.5154	71.9574	74.6649	75.8118	74.6619	73.4696	72.1943
20.402	13.6971	2.15181	15.5072	19.7064	23.3327	22.9802	20.5865	18.2616	16.5638	14.7237	14.3949	27.5448	38.9862	58.7337	68.4702	70.726	69.4486	62.4563	37.1335	31.6637	45.3374	46.6951	51.7993	46.1793	16.7765	10.5003	9.83489	10.4071	15.6348	18.2211	21.0607	21.2013	21.3361	17.5633	25.8563	32.5212	32.5575	27.4395	24.2565	20.4017	17.795	14.2869	7.32684	7.74853	9.93795	11.8664	15.7264	14.4978	14.5336	20.5201	25.3126	26.9713	30.3889	33.9796	33.0957	32.7927	47.2273	59.9755	65.5122	67.9304	72.7411	74.8427	73.0684	17.7211	71.1691	67.9658	64.3861	61.9816	67.0142	69.6513	63.7617	48.1524	43.5263	43.5626	40.1448	32.446	12.7223	22.0606	33.5331	43.1122	53.7125	63.2368	69.362	72.2315	71.8727	59.4987	60.7019	70.1827	72.4711	74.133	72.8235	67.1088	62.3161	56.8822	36.6779	28.7452	48.9605	54.226	64.9411	69.834	67.8503	68.0416	65.9044	52.5656	40.7201	65.9928	64.3151	59.543	55.8175	44.3735	40.4829	24.6774	31.5417	39.7095	37.3063	32.4318	31.4376	32.4873	31.7276	28.4256	21.3281	17.2255	20.0708	20.402	23.242	36.6109	43.0513	42.799	41.108	40.9377	42.1012	42.392	42.9496	48.8708	50.627	47.2962	37.061	33.6332	32.9335	32.4809	38.1492	41.2291	39.6953	33.149	20.6418	15.9826	23.8585	35.3372	37.4613	28.985	25.3402	25.6317	25.9936	25.3241	22.9094	23.2036	13.8022	4.45271	5.17573	6.01536	5.8945	7.36836	7.76203	7.21193	7.02354	7.71293	7.54776	6.34744	7.73059	7.73059	7.39929	8.17845	7.71508	8.34867	12.9196	14.3909	13.0094	14.1019	14.8472	19.7461	19.972	14.5057	15.8121	21.8233	24.7956	25.0481	25.9183	26.9643	27.1568	25.6743	26.4012	28.6881	28.985	25.2183	24.3218	31.3195	48.4846	52.3723	53.3942	65.1273	70.5184	67.4636	67.8266	70.8751	70.8331	64.3599	47.8356	34.5641	51.5449	61.1208	72.0897	65.1775	32.3557	59.1931	73.9903	75.1581	70.2162	62.8331	43.1514	55.1209	76.3138	81.0231	80.697	78.5757	76.9279	73.0558	73.3632	72.5879	57.8534	60.0962	68.4764	65.1048	75.9925	60.1913	68.8102	79.1183	81.9427	81.2906	78.9853	74.1408	70.9767	80.7242	81.8479	79.6425	77.5729	71.0896	31.1189	52.4617	63.5643	68.6586	73.6135	74.7164	73.6866	72.2199	70.041
17.3542	19.0212	15.8814	1.41046	9.1523	17.3191	19.0791	14.8101	15.5052	17.2431	12.9632	10.2397	18.6111	26.5021	40.2307	48.1024	55.9218	64.7853	67.9135	57.0005	4.68493	20.3029	32.0788	53.3054	49.9422	22.6113	14.599	10.4809	5.50615	4.08336	6.05027	2.12254	21.4348	30.7155	4.43133	7.20052	7.72971	16.6302	15.422	15.3808	23.4821	24.123	17.2175	9.12718	2.22943	5.39339	10.0871	12.7347	9.84144	5.13664	14.2288	10.2109	8.2476	9.45842	18.4934	21.1453	18.5647	28.8246	39.5081	49.8599	44.3401	39.8061	52.8092	74.3592	65.7387	53.7645	56.9022	53.3695	37.3359	19.629	62.0134	64.6175	36.777	19.9412	29.2329	38.6875	42.0291	20.5429	11.6114	11.8632	16.6235	23.6952	31.8899	38.0176	43.386	71.1888	72.435	42.0379	35.0161	54.2468	70.0358	70.1847	61.2259	55.4297	58.0122	51.2792	21.4838	17.3324	37.4506	55.9242	61.825	50.3883	45.4036	65.1566	66.6611	18.2879	51.4306	58.1716	55.3407	52.6324	39.2213	42.6149	3.15128	23.9356	28.301	29.5076	22.8714	13.5163	16.0043	21.2403	19.2766	16.6358	8.92073	3.23852	6.70254	17.6634	27.6633	24.9288	27.1999	23.0609	15.9241	19.586	18.072	22.1794	43.3014	33.9209	43.9091	21.6129	18.8797	25.6587	14.4109	23.0417	27.1306	26.3792	25.0114	18.195	7.547	14.3549	19.9112	34.3043	22.8469	14.3582	14.1494	15.3776	15.9033	18.811	25.0883	15.4094	2.93245	3.56601	6.18788	4.12091	6.13574	5.94556	4.4139	3.87762	5.58641	5.6601	3.59197	5.89374	6.21012	5.6601	5.7462	4.0833	5.62751	11.9832	13.1089	10.464	10.8702	10.3266	15.9787	15.4094	8.54603	12.1591	21.0577	18.5574	13.175	13.0458	14.9863	16.7422	12.235	13.8405	19.5723	18.394	15.3335	18.7787	29.9645	46.4894	46.5343	45.8725	63.5619	66.9848	56.0065	57.8834	58.3197	50.972	44.9656	57.832	49.317	38.5526	58.0721	76.1672	70.0726	54.255	62.0924	75.198	72.8566	53.5993	58.2335	66.1701	70.9169	53.8041	78.2155	78.5839	75.9122	74.3009	57.4199	55.0579	66.3538	71.1522	66.1793	44.9897	49.8191	72.9218	62.7544	19.6621	55.9694	68.8261	66.2277	53.9099	45.9944	64.688	77.4803	77.7009	73.6199	73.5205	72.9923	65.6884	14.0027	15.1926	34.1672	64.7888	67.6373	66.4241	63.5996	52.0225
10.36	11.931	22.9621	21.1247	14.8445	9.62547	15.4225	15.4808	14.8696	16.1372	13.7179	10.1436	17.1726	22.7148	35.6885	40.8099	43.0567	59.7096	70.1263	64.5197	27.6274	6.98706	28.7588	53.6447	50.7022	25.3486	17.3739	12.7881	5.81984	3.3091	5.34713	7.45942	25.0618	31.9861	1.81484	3.56562	3.86139	10.7765	11.4483	12.0486	25.293	32.0862	23.1726	10.5322	5.85134	5.2279	11.2172	11.0914	8.78525	5.80153	13.5628	4.95312	7.44278	8.44938	17.6438	21.2236	18.3235	26.674	33.1527	40.9599	34.4634	25.8606	46.6094	71.0284	70.9967	34.8525	58.2535	65.2227	56.8981	41.5373	58.0414	61.3902	40.9362	29.124	33.0612	42.0017	42.2472	17.4275	8.73539	5.75635	12.9655	17.4443	19.506	28.7392	34.5298	67.3101	71.4953	66.3628	62.0178	41.5975	64.343	69.1634	63.1248	59.7344	58.3911	52.3729	41.9259	6.72703	30.6351	52.4093	60.1842	51.5898	38.5246	64.877	66.2703	33.8909	16.3177	48.1667	61.7175	61.4777	46.6253	41.1612	26.8118	48.7854	48.4931	47.2452	34.6092	14.1639	11.6642	20.4542	19.0192	20.1164	16.1895	8.75459	7.7587	14.5418	23.4831	31.0729	27.7762	15.3994	5.02994	11.4826	11.6963	17.4443	43.2376	5.27777	42.4779	26.4143	27.2071	30.5573	17.0625	17.078	22.8346	27.7483	34.9697	33.2937	16.7419	12.9889	8.53459	29.6223	25.0623	15.796	11.6619	15.2515	15.595	17.6313	23.6053	17.711	1.62519	4.40988	6.45584	4.61824	6.20703	5.81723	4.18372	3.52647	5.2279	5.81723	3.93653	6.16748	6.71786	6.39162	6.17743	4.23874	5.39285	11.9991	13.3482	10.4515	10.9829	10.776	16.4832	14.6977	8.79062	12.2872	23.4065	21.5534	15.2656	14.9052	15.3209	15.9948	13.5664	14.7214	16.6341	19.4745	19.6701	22.5204	26.9588	45.382	46.2633	40.3569	60.9461	63.247	36.6779	34.6199	32.1366	5.69206	52.9158	60.7062	53.7246	50.3252	53.0941	76.4185	71.7887	31.0438	59.3945	72.4824	67.3353	60.9142	63.0396	62.8472	77.3192	67.0921	77.2018	78.0992	75.5287	75.4322	63.4692	55.3629	59.8562	70.1089	73.4468	57.5995	36.3782	66.2337	57.1524	60.1329	56.7924	36.3236	51.175	45.2465	49.2812	66.299	75.7961	75.7832	73.6554	74.9786	75.5265	73.8579	41.8764	20.7378	27.4436	58.8275	62.6697	64.8263	62.3351	48.1317
16.6694	12.0006	24.0426	34.3814	35.1166	26.4717	9.40929	14.4215	17.8387	19.3126	17.5763	11.3471	15.7005	19.4647	31.2531	37.8988	42.5053	58.0438	71.3192	72.662	67.129	58.0702	43.9244	48.5914	47.2755	27.604	22.4805	17.9684	7.75961	6.0036	11.9815	21.8624	34.0149	43.8008	21.4629	25.8813	38.9942	42.8371	39.8278	29.8788	27.8859	38.1361	34.6983	21.0853	15.9918	2.05527	12.4232	11.3939	12.4939	18.2494	18.7186	12.0377	12.3529	13.3042	20.3934	24.9378	21.7098	25.5458	33.8239	42.0052	47.486	51.8056	58.3887	69.7771	74.5688	64.8031	16.5089	69.4375	69.54	37.7707	32.222	52.2816	67.007	64.8824	53.8712	46.8958	47.3252	45.8579	37.7682	26.3711	3.93617	19.2081	30.6119	36.9423	42.6234	63.9222	72.045	75.1814	76.4316	75.1782	67.9609	49.4212	64.4023	71.5613	72.4276	71.3206	68.8052	59.2085	23.8833	42.0214	59.8202	57.3878	52.0807	63.6378	63.2852	49.325	35.6797	15.0026	59.9884	63.5986	57.0139	50.9397	45.5099	58.5552	53.1408	58.1036	53.8954	51.2401	47.2107	41.3084	34.8823	32.8052	32.8059	25.0846	24.6672	18.2518	6.04403	24.8185	39.2761	44.9663	44.0352	39.3717	31.7187	31.0278	46.154	41.2441	8.58141	40.5377	48.2004	44.7669	5.66714	13.0239	6.7515	4.05209	19.9004	27.6554	32.7944	40.1373	38.0249	37.9572	34.426	25.6655	18.6034	23.5618	25.9273	21.3189	23.5324	18.999	7.30839	9.87472	8.57995	7.19079	8.2295	8.40932	7.77743	8.09809	9.07793	9.59207	9.28729	10.3652	10.2657	10.4338	10.6104	9.53582	9.23055	13.3136	14.7737	12.0943	12.9508	13.676	20.9149	21.5009	19.4307	20.4481	27.0874	27.7559	21.8109	21.6559	24.6008	26.8558	28.4633	29.9807	28.6649	35.7121	40.4367	36.7248	26.7791	43.4974	49.4379	34.7605	52.4831	60.9009	52.1245	24.3034	37.6732	60.5918	68.5345	69.8604	67.8404	66.8125	67.2016	74.065	71.2658	16.9658	51.4067	70.9794	72.825	76.2638	75.7635	72.047	78.4718	76.5959	72.3451	73.8193	78.0946	79.5647	76.8837	72.5711	71.6336	75.6326	77.9937	77.8927	78.0048	78.2354	79.0102	79.9616	79.7693	76.7723	63.4223	22.433	57.2336	70.2335	76.8155	78.3629	80.1068	81.6886	82.3898	82.608	78.4304	53.8708	10.5398	52.9306	66.3965	72.313	72.2815	70.8357
9.00023	22.4362	17.9917	19.7378	28.7522	29.4326	20.5481	5.38072	11.3567	25.6316	23.1252	13.4397	16.3779	17.7886	24.844	28.6232	30.273	41.1908	61.8761	69.7947	70.9205	69.34	62.9951	48.1744	36.8403	21.9315	21.413	25.0232	11.8195	5.90277	20.1109	26.4111	31.3328	48.0055	48.3017	34.6476	40.0426	48.7926	52.112	44.5696	30.2654	32.1257	29.902	24.6428	24.5159	13.6439	10.8621	16.1256	15.9831	19.0578	14.9487	11.1087	11.4435	11.6334	18.1622	20.9432	17.9051	20.5221	25.7844	28.1578	34.8189	46.1273	57.3995	68.1098	74.1146	76.1915	71.9408	46.277	72.8137	63.8043	55.4481	59.849	63.4796	70.5482	66.5377	53.9238	44.9804	41.2482	34.7162	32.1618	22.579	11.8183	20.9152	34.3766	38.9399	52.2251	60.3485	65.6506	70.9535	74.3083	74.4647	68.5748	33.9961	57.3752	71.726	73.8879	73.8975	70.3136	58.4862	10.9822	49.6258	58.9772	59.803	63.7279	62.643	56.2011	55.871	42.7717	58.3187	53.1889	48.7217	45.0411	44.1513	55.2274	35.7696	50.6029	60.6523	65.0506	63.1504	56.9245	48.6217	39.9883	36.6826	30.4598	31.8984	32.7887	33.6676	37.2184	32.0622	40.945	48.1283	48.4418	43.4135	42.9449	49.0807	55.6311	51.4145	33.2411	30.0681	49.0685	28.2196	29.2939	33.9548	34.013	36.4032	22.3193	20.7958	22.5479	28.7733	31.1864	32.8731	29.4372	11.858	17.3012	23.8059	18.3519	25.2726	16.7116	3.6296	8.91989	8.61601	7.37194	7.88306	8.2452	7.78057	8.32199	10.0313	11.1457	10.6472	11.5166	11.446	11.2314	11.2314	10.3184	10.3716	13.1892	13.8418	11.1214	12.0639	12.5747	23.0525	24.2336	19.9556	22.2765	26.4982	24.4442	15.7091	15.7707	23.7532	28.3041	30.9386	34.9457	38.8856	41.1504	40.0104	38.284	41.5959	35.5271	42.5374	35.0974	43.9621	54.5404	56.8919	50.8651	50.7729	52.7533	61.2428	62.5943	58.0217	62.81	69.4566	74.0112	62.7333	30.4374	59.2427	72.2754	73.295	72.6251	70.2425	68.2618	72.3581	76.7202	73.3048	45.9045	76.0126	79.4336	78.0505	77.7817	76.6666	75.4862	74.6224	76.0561	79.7469	80.5808	79.1132	78.7011	79.8505	80.3514	79.126	71.8036	42.7694	59.6913	72.1155	72.7803	73.7922	76.7169	78.8534	81.9504	81.8673	74.572	47.1577	50.2201	62.9685	70.8881	71.8835	71.6575
16.1354	20.7374	22.0401	6.23479	9.69708	21.96	16.9171	20.1245	12.6995	19.6201	25.8211	20.8875	21.4665	19.2636	19.49	19.7834	16.4959	22.3301	40.9045	50.7153	56.3949	61.9314	61.7296	52.8149	34.1701	18.9573	16.9232	26.7427	12.9874	6.47527	25.3285	23.8275	15.8363	36.1017	51.8663	56.2645	58.7306	47.1901	47.5492	57.2822	55.0975	47.5623	31.5082	17.2809	26.5391	26.7749	9.1241	14.4676	9.87907	10.4603	6.62245	6.93946	7.54414	8.9105	18.8519	17.4897	11.3725	15.8076	20.4245	19.8579	17.3976	22.8724	27.6902	52.6715	63.1378	69.2926	74.8757	62.5513	63.038	72.364	67.1402	46.0684	19.861	58.8403	64.5138	56.1791	47.0838	44.0625	34.3505	31.3407	21.0788	18.9179	15.4514	21.3447	27.704	33.6167	35.68	34.47	39.5512	45.6549	57.7881	68.0984	70.4144	63.8466	19.5662	50.2764	69.0816	71.634	64.1816	51.3251	21.8958	59.0999	63.2359	67.2495	66.6187	66.0685	67.588	38.7744	53.3522	53.2914	43.0525	32.912	44.6108	56.8969	42.2275	54.1251	57.0539	56.7915	59.1249	58.4813	57.9899	55.7134	49.4409	37.3462	33.0916	31.426	34.9499	51.569	39.5855	23.5801	12.9484	29.0891	15.5769	17.1375	22.2549	39.7188	57.4235	62.043	57.2732	43.4769	36.7295	26.7208	23.2504	18.8755	23.2741	25.7823	39.2241	35.6493	33.4811	26.9294	23.4739	30.2001	24.3641	25.9342	27.5051	24.4471	26.3522	14.3962	5.72265	8.17058	6.7522	4.95168	6.84206	7.49361	6.72513	6.85094	8.95939	9.43912	8.53253	9.64312	9.22224	9.36426	9.62914	7.84393	8.16168	11.0177	11.931	10.2068	10.8279	11.6673	24.6507	25.6096	14.5615	16.4148	21.3851	19.5031	14.424	15.833	25.9948	32.2686	37.2593	41.1659	43.4298	42.1035	31.6925	32.3961	40.3325	39.6138	14.4476	32.7241	29.3138	34.3886	55.159	60.0162	56.5702	56.1447	63.3938	62.1675	56.5524	66.6056	70.047	56.2921	12.6249	39.0524	58.1932	46.6655	61.9676	49.1651	67.9338	64.0423	63.3273	68.4814	73.9783	74.8043	42.7539	74.112	74.1198	76.8245	76.2223	75.5336	71.1232	64.6586	59.2449	64.5851	53.8908	53.0138	62.2963	73.2668	78.7419	78.2111	70.2707	33.9519	54.1999	62.7456	59.1457	64.8333	68.8737	77.1076	79.8631	76.9261	67.2436	34.5971	20.8882	56.1611	54.3632	45.5957
17.9319	20.1719	20.0068	10.663	9.86264	19.3314	12.2822	18.0977	24.1166	8.58801	15.3702	16.589	23.5624	20.9296	17.8458	17.8304	12.1919	14.5172	32.2331	38.8389	40.1846	49.9358	56.5509	56.8326	44.1352	23.7227	18.885	24.6145	11.5459	11.6005	29.4447	25.8082	17.8773	29.2965	40.4094	49.8994	64.6657	65.0495	37.7255	54.4684	65.3127	66.3417	57.3484	30.156	26.547	32.8625	14.0692	11.1394	7.82784	8.40153	5.60596	6.3582	7.83328	8.6578	18.0045	18.7821	13.153	14.5134	16.3763	16.5284	17.8044	23.0704	25.8402	38.1486	51.7692	58.983	69.1937	74.9735	60.0387	70.5524	69.0552	58.9653	39.1232	43.175	55.7278	65.6922	66.5653	54.4688	30.3953	22.4951	8.04853	17.7016	23.6596	10.5851	20.7435	28.4483	31.0601	29.5779	31.2533	32.4226	40.0421	54.6081	65.4329	70.4009	67.0644	42.9772	58.3416	69.951	67.6051	66.5857	42.6317	45.4482	51.862	60.9203	65.4661	67.056	72.1186	67.5939	43.7861	52.4193	42.4125	37.2583	38.8991	58.8151	45.0913	53.3312	46.9923	44.3295	43.611	31.2566	45.8165	56.431	57.8581	53.3265	51.0932	46.2029	45.928	58.6136	38.3261	24.1408	4.87588	26.064	11.6056	5.28726	7.61533	18.6035	40.967	53.5023	54.8702	47.3482	43.953	28.4238	21.287	7.15496	28.7538	26.307	38.225	32.1571	37.5186	36.5876	29.0567	24.5504	25.3359	29.8671	29.7872	24.6956	12.3635	9.52854	15.426	12.3542	9.09511	5.16997	6.68811	8.42839	7.71644	8.05444	9.67923	9.28608	8.34394	9.47154	8.82845	9.48893	9.84924	8.22921	8.48039	10.4578	11.4936	10.2626	10.112	10.8268	24.2967	25.6765	15.5748	19.4827	25.526	23.2567	19.3542	21.2478	30.8064	37.4453	44.7476	47.5311	47.6385	45.6256	41.8232	31.7719	33.0367	34.135	43.3861	29.4632	18.5133	27.8889	52.8367	55.9078	57.7867	64.5786	69.5797	67.7311	66.1945	66.8282	59.8613	52.3814	67.8282	66.4425	65.3928	53.2704	45.4504	57.9152	65.4874	52.8347	64.0622	63.6135	72.2247	74.1657	54.8711	50.2298	69.7447	73.4279	75.7453	76.983	73.6487	69.4681	67.7629	63.8723	39.8172	32.1064	34.5844	63.5005	76.9544	78.5472	75.6602	67.7794	34.3047	43.521	65.8189	72.0689	72.32	75.6928	77.673	75.9067	73.1669	64.1503	40.1067	45.3969	47.7327	14.449
16.1308	17.5176	22.4147	17.4864	17.1951	19.7935	17.2114	18.2006	27.2341	15.0915	12.4984	8.44531	21.836	22.7479	20.0151	23.5106	18.9829	18.8493	29.2785	36.2692	36.2309	40.7558	48.4779	57.55	58.2665	52.843	46.0569	37.8211	31.4428	27.4104	27.6647	27.8448	21.5915	28.5695	37.0165	41.5275	60.9045	69.7042	68.3206	60.6976	36.7425	49.5662	70.0345	69.8861	61.7268	50.6777	27.0044	7.00809	12.5672	11.6656	7.55901	7.55281	8.24288	8.41513	14.7144	16.0548	12.7143	14.8721	17.2041	18.1498	19.549	21.7666	21.8339	28.9981	48.7109	55.122	62.2636	76.7739	76.8231	46.0986	61.1071	72.0544	70.6714	61.8038	53.8813	65.4624	74.2214	70.0825	56.6273	53.7369	51.3517	45.8517	37.645	15.7884	8.82563	15.4024	27.4153	32.1058	32.3626	31.8936	37.1539	48.7165	59.4158	67.6886	73.2184	73.2352	70.0113	64.9502	58.0569	66.343	56.4921	21.6073	43.9817	51.9038	55.8664	59.1075	69.6218	73.6013	69.1386	46.214	17.2423	47.2453	49.554	49.9918	54.162	22.7015	34.5679	58.0445	59.2444	56.206	59.4592	60.024	56.4973	50.0875	49.5025	49.2338	57.6465	61.2539	41.3319	30.6883	17.0181	27.7634	17.6979	21.2315	27.9419	35.696	31.3541	13.9449	17.2787	40.1703	51.252	46.5343	47.164	29.4204	42.1487	37.0818	47.2973	53.6543	57.3643	53.59	47.8091	37.4822	30.7139	40.706	36.9644	11.1927	12.1706	22.2473	29.0299	33.162	31.5189	27.5025	19.4232	12.372	11.5579	12.4612	13.8632	14.1941	13.4289	14.036	14.5388	15.0914	14.9974	14.2194	14.0412	14.0899	13.1505	11.1702	10.6328	10.9335	22.7279	24.6466	17.1946	22.6412	35.1636	36.5655	38.3401	39.5832	36.8628	36.2402	54.0136	57.1785	54.4853	55.3865	59.9415	61.1143	55.7502	50.3305	54.0852	57.6592	56.4227	49.9394	57.5499	60.1464	57.231	62.5468	69.622	66.7629	60.842	66.3316	71.7297	66.8597	56.3555	63.3908	69.4939	57.9227	57.3755	61.5118	65.7925	70.6881	63.6775	68.2771	69.6725	72.3311	76.1626	75.7178	67.4111	33.7826	68.0394	75.4417	77.175	75.696	75.814	74.0321	67.977	63.7914	63.9328	68.4652	76.7787	79.4259	79.6961	78.8135	74.3311	53.3752	57.7923	75.1473	77.0661	78.5426	79.9731	81.6463	82.8458	82.9234	81.9771	77.7709	51.7546	29.9966
7.26321	7.22102	22.1077	10.1104	15.5823	15.309	12.5626	12.7816	23.9336	10.9677	7.89739	2.00849	16.5791	20.4492	14.3458	22.4442	18.6384	15.971	21.0151	25.1856	26.2242	28.6496	29.7268	42.8627	49.6192	47.6919	41.7127	31.6319	27.4084	22.427	15.0043	26.7432	25.1554	16.2199	30.4677	29.9114	47.828	60.2873	64.7322	66.9678	63.8656	58.0181	59.9162	70.3202	68.5165	62.9381	37.2502	7.39558	8.92188	8.71202	6.10691	7.01801	6.87772	5.47178	12.3479	13.6831	7.55211	9.15447	11.8244	12.6271	13.1086	13.5971	12.2987	18.5567	41.6689	50.8139	49.6383	70.9573	76.7511	70.8969	53.3658	68.8773	73.5085	64.004	30.1282	40.9092	71.3171	72.8143	52.4617	50.7729	47.9252	52.2613	44.5741	18.3403	14.8004	7.29626	14.7839	20.0567	20.927	19.6691	24.0278	30.2399	39.2516	49.3618	63.253	68.8337	68.1498	65.6145	60.3212	58.6629	54.095	16.5121	29.2694	38.929	34.6038	38.5207	55.7781	62.5179	64.177	58.9207	43.4714	43.0193	43.7582	27.3745	48.4797	37.1365	10.1556	64.338	69.8619	55.5239	61.3097	64.3288	64.0534	63.4741	63.3438	61.668	58.0621	52.0148	38.0005	26.8162	29.8554	33.9515	21.0663	26.6947	26.1035	35.49	39.2451	34.8185	25.6693	37.5625	44.517	42.489	51.339	43.5988	38.7397	36.4185	34.8376	47.5322	48.9741	42.4512	41.1453	33.6041	27.6471	40.9199	23.1926	11.4412	13.3366	19.1896	26.5118	26.0163	26.0755	25.3369	22.3026	9.02239	9.94528	9.9977	12.1551	12.5054	10.632	11.1003	11.6291	11.6342	11.7597	10.5269	9.93359	9.94547	8.99716	8.22744	8.71163	9.61534	20.9579	23.89	17.9671	20.7473	43.5259	42.0782	33.3805	34.6323	26.2475	26.5898	60.3984	58.4304	42.8158	47.1051	51.6625	53.781	52.4012	43.2232	37.3082	53.3199	59.3267	53.3872	57.3966	63.6822	50.0832	45.7493	63.5099	67.3943	62.5829	65.6898	66.7849	62.1217	17.2601	67.1074	54.9431	55.5705	57.8523	59.0163	62.6332	62.8135	69.9566	65.741	63.7529	63.6921	71.4261	76.0472	75.8308	61.9472	34.1071	60.5373	71.5717	73.8547	73.2456	72.1444	66.536	59.7411	60.1719	62.2945	72.0787	75.6336	77.1544	77.4368	77.0295	72.9838	30.2208	68.8605	73.673	76.6846	76.7779	78.9094	80.9255	81.5715	81.4244	80.6657	75.1095	34.6851
5.02688	4.97462	21.9152	7.69436	11.8129	8.88015	7.97301	11.9999	21.7004	7.18663	12.2069	13.4726	11.4943	14.4619	10.6474	18.1787	12.3503	8.4848	14.2992	17.8738	16.4112	16.9846	13.7595	24.9873	29.1453	29.0674	35.3529	31.56	20.7579	16.3413	13.298	26.893	27.7231	6.68622	23.9316	17.5887	37.5057	45.7803	38.9313	39.2876	56.5879	71.2586	50.4367	58.6581	69.4743	69.2114	49.319	17.2104	11.1827	1.42034	5.24207	6.67927	6.82152	4.93416	11.9461	12.7492	5.28299	4.23595	7.22657	7.37021	7.69448	9.72579	8.8617	10.1462	30.4913	42.4976	32.1064	60.5839	72.4449	73.8794	71.9545	27.095	71.7889	67.8885	31.5495	29.8979	62.4988	71.3643	47.0222	27.9796	36.4709	52.5443	44.06	17.9149	15.5564	17.8655	14.5131	12.981	15.8277	12.5649	14.983	11.8134	14.2307	15.396	27.2264	37.1104	34.3413	36.2942	35.2924	42.2509	45.6839	30.2485	4.92483	33.566	27.2695	18.3397	39.2382	46.4011	53.8211	57.5864	61.5139	61.2268	31.0891	24.9597	36.4901	23.139	34.4444	60.8099	70.7941	57.8486	41.8659	32.7891	28.1028	18.8598	21.7064	23.0322	24.5224	32.4346	35.9746	11.897	36.4821	36.0934	22.4665	28.0209	19.7067	22.3957	36.145	37.3873	41.1432	51.6169	44.4397	8.54	36.0587	39.6178	35.1257	36.6416	22.7686	24.2213	18.4121	18.0564	24.6246	22.1001	19.9975	32.9375	10.8567	20.1992	16.1488	18.4532	26.4041	14.1577	9.7307	12.9896	21.1652	6.05347	11.2666	10.1666	11.0136	9.61917	6.31778	8.17134	8.91224	7.73773	7.94813	6.09373	6.13131	7.26241	7.06718	6.83946	7.77283	9.02108	19.5712	22.6793	16.9586	18.4377	46.1646	48.76	27.8699	27.229	24.6864	17.6705	59.1753	58.512	30.3668	33.7721	37.7598	33.5805	40.9576	42.0285	27.789	40.5786	24.6871	44.23	43.1418	62.9846	30.0581	26.2462	52.4858	59.5379	46.8956	33.3646	51.1322	67.538	11.6886	72.0655	44.5714	53.2008	60.4898	59.5132	51.071	41.6473	72.2102	65.5401	60.5592	46.6408	49.5979	62.6285	73.1077	67.4493	66.0558	66.0941	40.3109	67.4728	73.2069	71.1641	57.5959	15.1107	22.7813	7.55133	60.225	67.2644	68.0887	73.5846	79.0571	77.4455	46.2488	47.6001	64.5475	73.23	70.7878	64.4013	65.2101	68.4063	73.4482	80.5308	78.7563	56.9647
7.05774	8.79804	16.4755	9.2694	8.83844	11.593	16.3835	22.135	20.5645	13.8958	19.0062	19.3229	16.936	8.08154	13.0225	18.6544	15.668	11.2655	10.0906	12.9287	15.4924	16.4775	17.4777	25.9142	30.6691	35.6604	44.2982	45.7617	33.1407	23.4333	23.3448	29.6387	25.7712	7.45381	20.7187	16.354	32.6336	43.5691	45.428	47.0653	56.1027	72.253	71.037	11.509	67.2071	73.04	62.6092	33.3141	21.6016	10.5806	5.75214	8.94015	8.97372	8.10765	13.505	13.7258	8.20211	6.52872	7.70564	9.02048	10.3183	12.3956	14.875	19.1735	33.9556	41.4801	36.829	57.2746	70.204	74.4802	76.2116	68.04	61.3282	70.496	49.8617	36.5452	56.024	62.7607	59.248	44.0116	39.0099	51.3241	44.1859	29.4539	27.5304	31.3241	26.7825	12.8755	19.3565	22.3489	22.7692	21.549	23.2615	24.9331	30.368	39.6296	43.3858	38.2486	32.9813	35.7689	34.4955	28.8293	13.8309	30.2375	33.3479	21.6472	36.5511	44.0874	52.9138	59.864	65.0469	68.8322	65.6901	50.0688	26.5036	9.5997	23.7641	40.5835	63.9661	65.8034	55.5585	46.7017	36.9558	21.4669	24.2264	28.3405	26.8509	24.1138	37.0687	11.2772	38.455	36.7977	28.2497	30.5379	33.9758	42.0084	51.6579	55.7895	56.7942	61.8005	57.7488	26.8992	20.8788	43.2155	44.7925	39.8767	30.194	21.653	7.36162	11.098	22.5951	31.5194	32.4203	25.1208	1.81335	29.4074	34.2273	28.76	15.946	24.2984	12.8754	18.646	19.751	10.4784	19.6994	19.689	18.7624	15.7493	12.7248	12.8562	12.8754	12.25	11.9259	11.0598	11.5968	11.8829	11.4384	11.0598	11.0983	11.4844	20.0756	22.1497	15.8186	17.0711	43.2521	52.997	42.2311	43.5466	48.7859	44.5569	40.2713	55.7373	47.9568	50.7891	54.6251	48.1207	54.3604	59.1112	58.7534	39.5526	39.0884	47.5286	36.927	61.8237	32.9417	19.1052	47.1144	56.1475	58.1022	58.7565	59.82	67.5623	22.022	70.1876	62.1748	40.1166	54.0668	27.593	28.3576	44.4709	64.8214	60.2289	56.2571	58.4428	64.8823	68.921	73.987	74.1173	76.4725	76.7699	74.8872	11.6732	72.968	76.7	68.0601	42.0233	7.92652	21.8108	46.4546	63.4056	68.3809	74.5352	80.2638	79.5465	69.7831	58.4521	7.21147	64.7058	74.7672	75.3384	75.0527	75.7964	77.6836	80.599	79.7009	74.1263
15.1935	12.1518	19.9827	16.3681	14.8056	14.4214	7.64976	22.8843	15.0106	19.0495	16.4063	17.7068	23.0527	24.9678	21.4702	15.2531	17.202	10.5558	7.91027	11.1381	9.37788	7.70491	14.4243	24.6152	31.591	30.878	25.7041	35.0702	28.3076	22.1385	29.6764	33.8719	19.5131	10.6911	11.4382	17.012	26.9095	40.5209	49.8256	54.9156	58.3647	69.7883	76.4163	74.4906	51.742	67.0898	70.0794	60.3228	48.5133	31.7457	7.77131	12.153	10.2304	10.9243	16.3866	17.4163	11.6522	7.90855	9.41178	17.5021	24.164	28.0266	29.3269	23.3848	31.0979	31.8702	27.6217	46.104	57.7738	67.8495	75.6133	77.7411	68.0384	54.1706	71.5613	71.797	66.1497	53.2807	67.5384	75.4068	74.9222	70.633	60.2956	39.9756	25.6716	35.8509	32.9277	13.6628	5.65495	2.53911	7.92554	8.16228	8.68003	19.9961	30.1135	37.0339	38.9471	34.7019	26.7859	22.0817	23.1992	24.9935	25.3891	10.4557	34.8106	27.6378	31.2132	37.991	42.0394	49.5316	55.0899	63.6999	71.3249	73.4167	71.6811	66.9779	60.2996	48.5295	27.0658	63.4391	65.7036	64.2321	56.6877	39.4921	33.674	27.6252	14.0628	22.7226	34.3242	15.0903	38.0991	42.7401	34.9875	30.786	31.3969	35.6686	5.03185	23.4176	31.3724	55.2426	59.9715	53.1773	40.3978	12.891	13.8207	17.8261	6.83804	28.0835	47.6917	58.3764	59.0682	49.454	27.3813	7.77131	17.4098	37.9606	38.7903	30.4876	29.9134	30.1909	23.6172	30.3041	30.9735	25.0679	19.5556	16.5284	24.0072	30.5136	31.6243	27.4135	22.138	21.4009	20.1823	17.2212	16.3691	16.9343	16.9343	17.3101	17.9238	18.0895	25.6629	28.4398	24.9975	25.2268	38.1918	50.2544	50.7773	47.9716	45.673	57.0138	57.4905	43.9153	32.425	55.879	61.4012	42.8668	26.6544	42.0892	62.3177	66.8998	62.7828	57.5186	47.1536	43.8754	46.5387	46.6067	49.3601	48.742	47.9804	58.6141	65.5816	71.9897	69.4309	73.5153	66.8015	56.1269	72.4977	69.7102	67.9631	68.9143	69.5041	64.1235	23.1205	57.5673	65.7783	72.2191	76.5221	78.1255	78.2696	77.3194	79.6694	78.5854	76.3986	68.1494	66.8185	66.8443	63.6169	43.8577	54.4188	63.9759	60.2778	57.0397	76.359	78.89	78.3071	78.7561	77.8078	73.1727	48.8283	44.1618	68.2909	75.4698	78.2489	79.0473	79.1986	77.2811
21.5239	26.758	25.6154	22.6326	19.7926	12.0555	14.8761	18.7065	10.8798	16.59	12.8868	19.6455	20.3048	21.3831	19.5163	15.866	15.9917	5.58053	9.84332	11.4369	4.31036	5.21734	9.37747	17.6244	24.962	23.375	22.4838	33.0635	25.05	28.5582	33.5894	28.8412	20.4469	15.0267	9.99422	17.6953	26.2238	33.8665	40.0403	47.4699	51.9063	58.3225	69.2148	74.7331	73.0125	10.6052	68.0033	67.363	62.6694	54.4781	29.2018	11.4822	10.6823	10.9518	14.9903	17.5654	13.8026	8.91826	13.967	23.5863	27.3517	29.102	27.0326	28.3894	33.1134	24.3719	27.752	40.4508	42.4067	49.3647	61.8187	71.2734	75.0123	64.9043	55.9877	72.8981	74.2633	61.1109	67.9662	73.5654	77.4337	77.4581	70.7144	52.9258	38.7749	41.4575	34.201	21.9269	31.9979	40.1696	41.0614	34.5815	23.5401	16.9936	12.7085	17.3537	24.3331	34.6084	34.8533	23.0972	19.7391	19.488	24.3475	14.7471	29.6913	31.4918	26.8991	31.0739	31.2529	36.9187	44.6991	52.1758	61.3668	68.0832	70.9319	71.675	70.5261	67.2503	54.5729	28.4611	62.7593	70.9138	67.8266	50.2025	41.3054	35.4326	33.1276	32.5901	27.2986	19.6156	33.4389	47.6817	35.6856	32.4983	38.5173	46.5783	31.6147	45.9114	48.0897	38.6976	42.1915	50.7051	48.9144	38.798	28.3985	12.5155	21.6969	30.7389	50.6002	56.6436	60.3253	64.3727	60.7408	40.2021	20.9733	37.7797	31.73	20.1315	19.6755	31.2786	37.072	39.8034	40.1296	34.348	21.6959	11.8533	29.7264	32.4974	34.3223	32.1888	25.5125	23.3576	21.9755	19.7506	17.069	16.8471	17.069	17.2069	18.121	19.1164	27.8009	30.6202	26.3784	27.3974	35.9172	43.393	47.7858	55.4553	50.1585	52.4323	62.7578	65.2832	60.6252	40.2708	53.9644	57.3184	46.7937	50.9329	44.0125	57.2841	60.0016	58.2422	51.9251	36.4407	52.331	50.7767	46.6957	47.0729	49.3892	53.803	59.2573	66.6112	72.1138	72.6525	49.4784	71.8435	73.6473	31.5282	22.6922	57.4471	66.5892	54.2232	62.2899	65.2165	66.2695	67.8727	73.4133	75.2587	76.0431	76.2224	77.0479	79.0451	80.5494	76.2877	53.1695	29.9776	62.4716	67.9334	72.4416	72.1729	70.8781	72.4161	67.851	57.4731	69.7436	73.9523	75.8968	77.0108	75.6992	69.2242	45.348	71.6731	77.4296	76.8735	78.4226	77.8794
26.1814	33.8083	20.7628	12.5938	10.7887	16.5935	21.428	10.7927	21.4893	12.9762	8.9243	18.4758	10.4795	11.9422	10.6271	11.1655	11.0271	4.48169	4.39483	14.2755	15.7663	12.3499	8.63491	9.79252	7.63452	16.6843	24.1391	34.1978	27.1328	27.3585	18.7058	6.5732	17.8011	10.8543	14.9012	14.0487	14.8029	15.0833	14.6245	14.9221	18.2981	26.7561	40.9092	60.4486	74.9037	68.2268	42.6079	60.6511	61.7069	63.4545	50.3458	1.96858	10.3038	6.59203	11.1439	15.264	13.9172	10.6561	18.7839	22.946	16.0883	12.0871	10.8036	27.8936	35.1409	25.5373	26.2566	34.5102	39.5915	44.4609	42.1414	44.9309	71.0206	74.4222	65.6701	43.7382	72.4928	61.996	58.8241	56.2451	63.1163	78.2071	76.811	66.0245	60.0848	59.7229	49.2557	41.1808	49.8087	52.8443	49.8096	41.0623	24.536	26.1934	27.7715	27.7114	22.8744	11.8765	17.6875	26.3356	30.8225	30.2691	30.6496	21.9828	21.9315	27.3361	21.7371	20.5596	22.8486	23.2026	25.4687	27.8692	31.1357	38.476	42.9833	52.4345	57.835	65.2316	64.2833	36.1448	31.5353	65.4752	71.3462	54.8844	43.9793	35.1429	39.5291	41.5697	28.2305	18.6296	31.8716	47.4638	30.835	25.5962	28.7172	42.9319	10.259	40.3723	37.6858	26.3531	15.6223	38.959	42.4209	37.3685	32.7243	18.3196	21.3326	39.7873	55.8973	51.459	27.4079	35.0258	60.4616	54.977	17.4653	35.7357	26.3674	25.8082	8.19948	32.6064	40.7865	35.827	38.1235	36.7207	33.7016	21.2938	33.5513	30.956	19.6556	19.8576	16.9792	18.3446	19.7059	21.6939	18.3219	14.9467	13.6638	12.7211	13.3395	14.1065	25.392	28.2205	20.8894	22.5446	33.104	40.1401	42.5943	52.2141	63.7909	58.6652	58.4399	63.2403	66.9711	64.2371	42.4325	44.4883	44.7649	61.0407	53.7635	16.3225	24.2838	42.7333	60.6353	54.6939	32.872	46.6116	44.2611	41.2421	38.2969	37.5595	44.0564	48.5849	60.5663	40.9484	51.1434	72.9293	70.4174	67.0473	70.2376	72.1806	71.1565	36.6699	68.8001	64.7383	63.4426	51.574	56.4748	63.5219	61.2794	73.4062	72.0218	74.3923	73.4244	76.0422	75.3448	72.7474	61.8942	55.7402	70.6615	76.5912	68.5084	57.878	66.5946	71.4606	70.1026	53.8797	32.9305	66.1709	72.6336	74.4511	72.1727	58.14	74.709	74.1593	78.9755	79.3026
27.8611	35.2883	14.6905	10.9546	6.84489	18.215	17.2029	20.7126	23.6757	14.1487	10.7425	17.8179	11.8077	10.4404	9.0768	1.59447	4.73165	7.14955	7.75388	11.7969	15.3919	14.4914	11.787	9.41378	6.35594	13.8418	19.7967	31.4595	18.2668	18.0957	12.3224	17.0173	10.6551	12.5846	10.5422	7.11547	9.75054	12.1452	14.2744	11.3503	14.3491	22.8509	31.0251	46.0062	72.777	74.8797	41.6156	48.3188	55.1287	64.5498	59.9985	24.157	2.84311	7.72036	10.2577	13.2989	12.3413	14.3938	25.1883	23.9091	12.9773	11.026	12.1192	27.9389	34.5597	22.5925	18.7486	23.6145	34.311	47.927	51.2547	51.9773	67.1385	68.2594	60.8597	46.035	64.2971	68.9006	47.7567	43.3223	43.2608	66.9032	77.3007	75.0918	68.4066	66.1465	54.9877	33.9677	25.5802	1.62338	42.9217	42.0498	13.101	25.8503	31.8	28.0342	29.7176	27.9381	9.2549	11.5501	22.1005	19.3973	18.0841	10.1177	19.2773	29.6327	22.2113	19.8357	21.8604	19.539	19.9608	21.2911	27.5012	33.2886	33.6485	40.405	40.5689	64.8842	66.3173	48.0305	56.3106	46.0713	69.6785	60.8966	48.7696	39.9427	41.641	46.6282	37.3915	16.2075	37.2346	43.6736	25.4869	28.7447	35.9781	35.4114	15.4726	30.0189	52.2123	33.6482	36.5846	32.8793	43.0078	43.6881	33.2027	14.5611	6.03767	21.4405	53.76	55.0202	42.7817	18.8766	50.9843	61.4366	35.3036	30.8423	19.9245	24.0735	21.1107	39.5783	42.4975	29.5204	38.5308	39.8699	41.1891	36.431	23.5873	33.2835	3.13279	12.8197	16.15	19.5777	22.0181	24.2817	25.6426	21.8005	17.9305	15.7	14.2534	13.9162	24.8756	28.2673	20.9357	22.7167	33.7382	39.6599	41.9412	49.4088	67.985	65.3028	58.162	58.0353	56.1616	60.9821	64.6367	60.8588	38.3612	55.7467	58.7127	19.7361	29.6833	35.382	62.6785	61.7995	22.9566	41.5348	41.6048	45.466	41.58	32.335	21.1723	42.1753	27.0196	29.7428	49.7441	72.7973	73.5807	72.8598	68.6459	75.588	74.1583	65.7871	43.6214	68.2833	73.0742	70.7742	46.8087	56.2934	56.1795	71.1561	71.3564	73.6918	72.3868	73.2404	72.6407	75.8267	76.4675	77.8379	71.1789	65.3425	71.8072	72.8641	74.2554	68.3241	74.8336	75.7677	69.5119	25.0735	59.8868	72.5196	74.9841	35.4109	65.899	70.3941	76.6218	78.4395
28.4533	34.9855	11.5463	12.8599	11.8855	12.1481	13.8863	25.5517	19.0035	18.0527	13.2885	20.5085	13.6359	7.73341	10.6315	8.60686	11.6115	14.6111	14.8728	13.9182	13.2405	12.181	10.4847	8.29527	8.52278	11.3763	14.9192	31.2107	21.5458	17.4644	18.8015	23.6409	21.9609	15.4978	10.6207	5.65283	11.1499	11.1422	13.3024	10.6696	12.2623	19.0617	22.0759	28.2102	64.6308	75.1979	65.7694	35.5208	44.2993	61.0329	60.862	41.5347	15.0622	6.8556	12.0129	12.6013	10.7511	22.0219	28.3748	19.2333	8.79878	11.5349	15.9837	32.1882	32.1491	14.162	13.6999	21.3376	26.7209	33.5829	42.9088	50.783	68.5572	68.4479	55.3167	60.4074	14.8722	63.5941	60.6716	36.4687	59.0916	56.8151	53.7679	72.1296	73.1141	72.891	61.4842	5.51013	28.7696	41.693	44.3481	23.4564	25.8605	33.324	33.5755	30.1587	31.2277	29.3416	22.1124	26.7618	19.4862	25.8859	31.8301	26.7625	7.52101	33.9042	26.5138	16.4436	15.1353	14.5122	17.1658	16.1852	24.1808	29.2452	28.1667	24.7355	24.1683	59.9736	66.1786	55.0644	53.9813	28.5725	59.8906	66.5981	57.1315	44.9928	39.6968	49.5145	42.9806	13.3943	40.7909	45.3864	30.8247	30.1836	33.9791	38.3183	35.2234	3.67225	54.2326	50.3111	26.9663	38.649	43.7736	45.9489	27.1774	4.61269	13.0788	22.9015	39.8786	51.6361	50.8094	43.6539	25.6803	63.5448	48.9373	23.8268	23.0971	27.2111	28.6134	36.8472	43.8847	14.3475	23.7317	22.8444	27.7244	29.9793	19.9541	29.6247	6.55131	14.3508	23.0189	22.7972	23.9609	22.1828	25.0499	24.113	18.988	17.1519	14.944	13.377	24.7927	28.4225	21.0095	22.8047	34.314	39.2793	41.6958	48.3662	67.0174	68.4235	58.4902	56.1556	60.4082	65.039	67.8384	66.7303	61.0444	38.2543	49.2423	53.6357	49.912	52.47	66.5782	57.1811	49.1457	48.1095	44.4889	34.5815	27.1456	46.5866	50.9265	42.7949	27.2148	23.5657	53.31	68.8418	73.8196	74.5552	68.6913	74.9066	73.9921	72.2786	55.3843	21.171	65.9113	75.0979	68.3339	57.311	37.3399	57.3576	70.4869	72.3073	71.262	71.1391	70.375	75.4687	76.0689	75.9147	76.817	71.2908	70.4392	53.9628	75.5941	77.5354	61.8313	74.4142	77.4422	75.0773	54.7267	65.7793	73.3644	59.955	47.6513	63.596	70.7095	75.5469
26.9842	34.0748	12.7773	13.6288	11.7154	5.23873	11.0441	16.6855	7.99432	17.3071	8.50599	16.9553	7.48005	11.0008	13.1928	10.1961	8.75656	8.39903	9.39311	8.48667	9.69326	7.02791	5.44238	3.1124	6.69769	6.80603	9.30955	23.6216	20.199	12.6364	12.8535	14.6753	10.4835	12.3376	10.2253	5.10538	10.3121	8.79782	9.42301	7.88183	6.57157	7.60058	12.6175	14.7792	47.0763	71.8579	68.1953	27.8409	34.8549	56.8711	57.5778	43.794	27.9317	2.44492	12.3281	11.649	9.21273	20.2162	17.0849	7.08846	11.7404	13.6803	21.4163	32.591	26.4629	6.94301	9.61308	22.9477	23.4259	21.7429	30.6253	42.3627	66.5835	68.8847	57.0152	55.264	63.7503	28.9262	69.7771	59.0219	42.098	48.1728	46.1084	32.5411	68.7589	76.2642	68.362	19.8782	23.452	21.8418	19.8516	6.61559	26.4136	18.6253	29.4419	28.3426	32.9935	24.2023	11.8488	26.5789	19.0601	28.1622	29.5998	36.192	28.1355	29.047	24.8772	10.0848	13.3913	8.75143	13.6804	10.1598	16.4456	16.1353	12.813	17.7005	19.7179	47.4332	60.4121	56.0854	43.4436	38.4972	39.357	68.5124	62.6496	50.6005	38.6433	47.6318	44.7404	12.9708	35.0008	47.1037	39.2448	26.8764	25.3198	30.5309	39.5077	9.68704	51.764	51.6785	39.2774	27.8681	34.7855	38.9776	16.7621	2.78196	20.2758	31.2345	25.4993	32.3267	49.2702	54.8626	24.5352	62.6001	58.0027	20.7548	32.9311	29.0349	24.854	29.4688	44.427	17.8426	17.5774	17.437	26.4834	18.33	17.2734	25.6924	11.0777	16.4668	14.5044	13.6517	17.8881	11.8492	11.7499	15.3016	10.097	8.6535	8.01135	7.89142	23.7867	27.2022	18.6877	21.0196	33.8025	38.6317	39.7478	46.7353	65.1804	69.2465	65.2064	56.7288	53.1765	53.9379	43.9404	47.3049	47.5635	39.5819	22.9904	47.1085	45.7087	45.6697	62.3162	37.3084	57.5457	46.64	39.6368	23.4135	43.4991	45.2258	43.4637	37.9973	43.1664	43.4335	40.101	47.3512	56.948	61.9164	67.0105	69.4808	70.5352	72.5925	55.1572	56.5811	37.1464	70.8644	69.3764	62.2884	61.0882	50.1873	58.2932	60.7604	65.4726	63.531	56.1618	64.4314	63.5401	61.3975	70.4472	64.3419	71.2956	65.4327	69.2742	78.7259	70.2858	54.0966	70.4131	74.8999	65.4506	43.0793	64.0381	73.2866	56.7378	47.2509	55.2777	62.0549
22.5402	33.4396	14.6388	11.2345	10.5891	4.5683	12.7582	14.1495	6.50795	15.0846	8.59138	14.562	5.42201	14.6165	13.5737	10.526	10.5891	9.54331	6.04887	5.58639	10.6045	6.21549	5.40805	7.25077	8.30809	6.48677	7.11303	13.8996	15.1558	10.2827	11.4305	10.3585	9.70643	17.2441	15.5599	11.218	10.8092	8.76281	7.77089	8.04797	7.3504	5.83281	11.3829	12.199	36.128	69.1377	68.5477	43.7147	30.8497	51.2948	55.1475	45.2603	34.5983	5.65147	10.6338	12.9333	17.3914	18.6231	8.94928	4.85816	13.4962	14.77	23.9153	29.5636	20.2297	11.8838	10.85	23.4162	22.3905	20.989	28.3391	37.5829	62.0958	65.778	59.8408	55.8104	69.8388	42.3538	69.9426	66.9381	50.4759	27.8933	51.4009	56.6835	56.4075	76.102	71.59	32.6635	32.7313	23.8128	16.1675	18.9618	30.9345	19.5027	31.9993	30.288	34.6675	25.3911	10.4822	17.4772	23.2178	16.4448	24.2644	38.7525	36.2028	20.1285	26.908	17.6413	16.6417	10.0559	12.7672	9.09395	14.7559	15.0447	14.1013	21.0009	18.6194	39.8915	58.0579	59.3276	46.6275	43.1752	25.0076	67.6313	65.4119	57.0155	45.8346	47.2106	39.7961	17.8276	21.1054	43.4907	40.7667	30.4166	24.8295	34.4963	43.0181	23.0676	41.8285	47.659	48.7577	39.2203	31.1037	34.5516	17.3381	8.74227	27.8339	35.3008	4.7301	18.4961	47.6342	58.2016	44.7494	59.1677	61.0387	21.5103	37.6095	35.7354	32.9114	29.3522	40.0501	15.959	18.1978	15.4316	26.6584	14.8551	18.7384	23.0134	13.7968	21.0632	13.6797	9.59363	13.0764	9.31367	11.3471	16.4377	12.0352	7.97843	7.43863	8.35697	24.0347	27.6743	18.9112	21.1857	33.7728	37.3299	36.5042	46.1648	64.4774	68.236	68.8248	64.2614	40.2461	43.284	45.0543	47.0853	50.7941	57.2656	56.2259	24.3704	33.7754	31.3144	59.3779	41.0827	57.5921	56.2149	56.7213	48.4183	44.9246	35.9137	27.5434	34.5315	41.6226	50.7693	37.4153	35.5038	43.5404	41.7615	67.7948	67.074	70.2558	72.004	59.3898	58.7039	41.2712	61.8264	69.3979	64.0537	65.3879	67.9473	58.9837	36.0133	56.2509	63.4218	55.7327	60.5502	60.5962	56.7719	67.098	51.9717	68.9546	65.6326	72.2238	77.9011	72.4687	37.5397	56.7874	73.7345	72.6726	61.925	48.1797	74.98	59.9985	47.2706	20.4564	10.369
15.7886	33.9821	21.3217	13.0179	14.8541	8.34906	21.6623	18.4392	16.2076	17.3212	10.9227	5.99995	8.92167	14.8692	16.2483	14.2688	11.2101	10.7203	10.4193	11.5438	16.1144	11.1311	7.81897	11.724	10.2587	11.5928	7.2833	10.5956	16.5717	16.4366	19.6614	17.9701	18.5376	22.2015	23.341	22.7406	19.9655	15.3461	14.489	15.4501	13.4155	11.7477	15.3726	19.2651	33.8714	64.8872	69.4523	62.8534	47.9442	39.1602	50.1664	46.2072	40.4764	15.0759	6.51456	14.6072	19.8359	19.4193	11.43	10.6218	12.0241	15.6856	24.3282	26.3855	25.2344	18.3775	16.2516	22.6718	22.9749	21.3613	26.424	32.9208	55.6707	63.1686	66.1726	69.1605	73.3595	57.7906	57.1786	69.1466	66.5587	54.6142	53.4271	65.9469	64.1672	67.5962	70.5853	63.2605	57.9968	48.4464	33.8859	34.7272	42.1105	35.1478	41.5749	38.399	33.9774	28.2165	10.8925	19.243	30.8637	23.643	30.3714	39.2425	39.0951	3.24286	27.1149	20.8809	17.8828	17.7415	13.5644	11.8877	20.0102	25.1144	22.2042	23.2822	22.8192	42.8412	58.2765	60.0767	57.4939	42.1032	31.607	57.5747	64.7591	62.545	59.1023	51.6243	29.8235	18.7419	10.2471	40.6025	44.8118	42.927	40.8884	45.9285	51.3242	48.9089	40.7044	32.5252	41.4764	39.5544	32.3297	34.2536	22.3775	7.87252	25.0944	30.3796	23.7015	30.4437	48.7515	59.8217	57.4848	45.2626	59.7053	29.041	39.9593	44.32	39.5815	26.3248	26.2869	13.0137	22.0168	4.77827	23.7541	27.4858	21.9429	31.2405	24.327	27.5355	23.668	22.1253	20.0396	19.782	21.3209	26.0336	24.4912	19.9543	18.451	16.8977	25.081	28.4159	20.2121	22.0099	33.4163	36.0151	32.4589	44.5487	64.0936	65.8353	69.9021	70.0208	50.1805	54.1534	59.7912	59.0446	62.3962	66.6783	68.5478	63.533	49.6957	38.8277	59.4786	44.6077	48.8013	34.0865	45.5379	39.8924	8.65187	25.3708	34.5651	10.5256	45.6362	58.7822	43.6538	37.8888	59.3383	55.5452	67.6264	68.8874	70.1688	72.311	72.3292	71.8222	68.9677	41.6884	63.5737	62.5003	53.5806	63.5524	70.9135	70.6086	43.5609	66.0782	73.0223	74.1881	73.2694	70.4206	73.7165	73.0844	72.7473	71.7793	76.2408	76.6676	63.8492	23.8325	27.3154	60.524	75.4031	75.1334	69.6906	71.0834	37.4886	62.976	62.1076	58.1268
19.219	38.9698	30.5069	20.3145	21.6422	17.3955	22.7712	7.64004	10.3537	11.2678	6.12526	4.94505	11.6372	13.7145	13.6051	9.66745	13.6635	16.4752	13.8136	6.54397	11.0142	19.3409	17.7157	13.0046	9.23616	13.8227	9.75371	11.5312	12.5484	12.2028	19.8334	23.1608	21.1957	21.6	22.8581	24.0499	23.4956	20.2348	18.259	17.401	14.9999	16.3572	18.064	17.4519	24.8906	52.4327	64.0716	66.9006	64.9401	52.6454	43.6981	38.4009	38.6125	24.9299	6.12549	8.2244	17.6348	19.0357	17.4519	17.8833	15.7494	18.777	26.6146	30.6502	29.1339	27.0934	18.1388	21.3642	22.9419	17.767	22.707	32.2565	48.0364	51.1548	47.1389	65.893	74.8015	73.0156	69.7214	52.9817	57.401	71.4168	69.0706	43.1282	27.2691	21.5828	63.4543	75.3927	77.4099	76.0995	70.1528	55.5985	40.1479	24.9656	44.9503	41.8705	30.5451	32.6323	33.2846	37.7755	19.7456	16.77	22.8398	36.5025	43.094	32.9577	13.9741	18.5931	17.5678	19.5413	20.7135	32.9569	29.9427	21.0489	18.3836	25.18	31.505	46.0824	57.992	63.5026	68.9507	64.8385	56.6246	57.6957	58.5258	54.9022	61.7477	57.4023	31.2092	23.6293	17.7579	22.6169	40.6565	39.984	44.2242	51.9572	57.2228	60.9846	62.5002	61.2464	58.1327	54.0442	44.4827	34.3073	20.7777	7.992	22.9892	35.7557	35.0638	25.9547	36.7457	55.3944	62.9496	39.7097	45.9465	35.3136	36.4059	37.216	22.5937	26.6972	35.2466	38.276	28.9141	23.7758	7.51623	24.0334	27.0957	33.8043	31.851	39.29	44.0259	46.2439	46.0557	42.1304	39.1894	41.388	41.7263	36.838	34.4257	34.2182	31.2614	24.9823	20.8193	25.0787	35.6466	41.3287	47.9417	53.8285	61.5939	61.1554	67.8361	71.7815	61.648	36.5882	59.1078	64.6138	57.871	57.438	65.8471	70.399	71.6914	64.2251	62.8245	29.9783	59.273	54.587	64.551	71.2578	73.3548	73.575	71.162	65.35	65.3705	62.3096	57.9738	57.8038	66.823	56.5463	64.4291	67.5605	71.9559	72.3648	69.7149	72.6456	77.3093	76.2787	71.6976	70.6539	69.7221	66.1794	33.1225	60.304	73.1263	61.3648	58.6615	69.3892	72.7771	70.0852	73.8113	79.0404	78.8126	75.35	70.8909	50.1612	63.6808	77.9469	79.5656	77.6567	57.9189	43.1827	53.5972	58.0698	36.4358	70.183	71.7316	76.0576
25.3892	39.839	28.6294	18.2537	26.4916	23.6105	13.822	4.25317	7.86149	6.94692	9.43384	11.5314	14.7136	15.2924	15.5848	22.0069	23.0108	22.5486	21.7468	20.33	10.8935	3.34529	13.4591	13.9949	10.8512	11.5906	10.9772	12.4744	13.6547	7.91544	11.262	14.0561	15.5262	16.835	17.1338	17.0205	16.662	15.4691	13.169	13.3914	13.0479	15.0737	12.9445	14.8468	18.3942	36.4034	48.187	58.0848	65.4944	62.6634	49.9426	38.523	33.6066	23.6671	6.00401	12.6075	31.113	19.45	14.2335	18.5728	14.5498	15.572	19.1369	25.5977	39.0703	32.8426	15.5283	16.1112	17.9361	20.8008	26.0101	29.3617	42.0845	43.7935	27.4606	49.922	68.7711	72.3049	72.8869	71.8066	63.9078	26.7243	70.9678	73.1854	68.4303	50.2267	51.1352	61.0692	72.721	78.3309	78.4716	71.0523	47.7292	42.1052	53.1891	45.8062	41.888	44.5763	42.7807	34.7918	31.2861	18.2212	16.0437	27.6093	32.865	30.3955	16.6339	23.6204	33.3293	26.9846	30.78	36.2697	37.6403	29.5805	19.8637	32.7908	35.1821	43.0887	49.6531	55.0247	64.3546	66.0125	34.7497	49.5439	48.5932	43.2683	53.3677	58.8752	39.7076	15.0583	30.4666	13.5574	30.9418	20.178	35.2829	44.3247	50.6382	54.4294	55.7878	56.317	54.2659	47.3464	34.7223	22.675	10.2494	2.1477	4.22432	10.5362	13.6751	12.4942	21.2638	42.3295	56.6876	53.912	29.7814	47.8399	32.5638	23.7996	9.62983	30.1505	36.5312	35.7251	32.575	33.5957	23.6726	11.1359	17.2504	29.1893	29.9454	40.9651	46.9444	52.5973	51.7367	47.5707	43.1644	42.631	45.1185	42.5533	41.3005	40.7082	34.5837	22.883	23.2607	35.4815	46.0085	49.0648	52.8055	52.4476	53.693	56.7069	67.6906	69.4	58.7094	58.9959	47.5322	56.2633	58.7765	58.1023	61.7516	62.6108	63.1458	66.3712	73.5367	56.1108	64.582	61.1569	63.1776	66.3759	59.0438	59.739	61.6535	75.243	75.4991	56.8823	66.108	67.9053	56.195	58.6872	50.6008	63.9919	71.0981	70.061	60.8637	63.243	73.3092	76.1376	72.1571	69.4417	73.6567	74.5927	76.7557	70.0682	53.7232	71.6776	72.7395	70.3955	71.1361	72.7546	71.8544	67.9738	62.561	44.8463	30.4649	60.451	71.91	76.4997	75.8449	80.1363	78.9057	74.2512	69.0809	63.3919	56.4187	71.4648	66.0124	66.7129
21.7896	38.1512	31.5581	5.35745	10.7956	8.56693	9.45819	10.8462	7.72903	1.26902	4.89114	7.65239	11.0869	18.0816	20.4918	17.5976	16.8927	18.0971	19.3248	20.4819	20.6884	21.5488	15.3496	3.85821	13.0847	8.02228	9.78518	9.51958	15.707	6.15661	6.97491	8.36829	9.21494	9.94376	9.68283	9.62882	9.33107	10.9544	9.91835	12.0211	12.7868	11.8583	9.83553	14.1386	14.8988	24.9323	28.5803	25.4096	43.9184	56.8643	53.7302	46.9927	42.6315	31.3686	26.3834	27.9348	31.5813	20.9374	6.313	17.1802	9.37717	9.7564	11.6313	33.6105	43.0366	24.4228	20.4898	27.3835	27.6918	29.8675	30.2203	31.5897	42.0084	38.9925	29.3277	31.9524	44.1705	45.7532	55.3563	65.8905	72.2649	71.5423	43.4623	57.6082	69.5885	64.8738	14.8187	57.8212	53.8581	42.6383	75.051	75.6621	60.7635	56.1839	63.4065	61.9194	54.7837	51.1418	38.6367	28.2931	36.4714	21.8794	21.9156	31.1746	28.2989	20.8577	26.0603	18.178	16.6357	28.3054	32.7269	25.6506	38.2756	36.9714	33.5138	30.8728	24.8618	34.0436	30.8048	32.5794	46.6171	66.5498	52.6093	49.4814	55.4871	49.6076	47.986	60.7686	55.7249	16.5326	29.0597	20.0373	30.0436	5.79901	26.1849	19.1651	23.3333	21.4475	18.5484	16.5939	12.5509	5.98563	0.176006	0.74671	1.18055	2.67895	4.14675	5.23629	4.63997	1.40777	8.45911	22.9542	38.4133	61.5062	56.8668	48.6614	49.3073	27.7813	15.299	28.8891	13.8162	14.2009	26.3909	30.5323	25.9784	21.9259	28.017	29.9083	23.6441	41.9553	43.2463	35.5865	41.0479	40.9118	40.4941	34.4495	31.5661	30.7414	36.854	34.8202	28.5616	21.843	24.8957	38.9715	52.0712	56.6189	54.2077	41.8274	42.8911	56.0753	69.8972	68.4561	51.3738	58.9016	48.9905	39.1142	33.7149	50.7515	62.8896	63.0936	56.7245	27.5669	73.3648	74.7549	47.5391	69.493	72.5658	67.5319	62.8582	61.9418	32.1905	75.1571	77.9873	59.8206	31.8816	49.7404	47.854	59.2933	34.4463	51.6819	62.5037	69.0809	59.6855	54.9182	55.0288	67.1305	68.4234	67.5235	72.53	66.6563	73.2323	76.3123	72.9833	75.0346	78.7766	67.7883	42.8849	42.8581	7.19749	60.6213	72.6849	75.8958	77.2215	74.8673	60.3001	74.7874	70.732	70.7635	76.7964	76.5685	76.3452	73.8403	61.6644	66.5279	66.6489	47.693
13.0083	33.9827	31.2123	15.6093	7.08217	18.2469	15.6166	10.6182	8.85098	8.30425	4.82126	6.50492	2.78055	3.76106	8.49075	8.94524	11.6742	13.21	16.2014	13.8719	11.629	14.8172	20.5729	5.9723	12.6047	6.74139	8.9567	5.61634	16.2466	4.56945	3.88981	4.33843	5.98511	7.35925	5.87966	5.78537	6.31968	8.39603	6.42971	7.18647	7.86032	6.9721	6.52146	8.9016	8.14123	17.3178	23.2458	13.2904	12.6798	35.1319	41.8524	32.9511	27.9582	20.0848	22.2677	30.2681	24.8413	15.4949	4.0449	18.6664	5.33696	3.79362	11.6099	38.9369	40.7703	13.6565	21.9478	26.2349	21.1147	18.7539	26.7201	46.8167	38.1881	26.9756	26.2638	22.1932	32.8483	22.7194	42.3422	44.6892	54.9895	67.1745	66.0225	28.9227	50.3942	68.0476	49.0898	41.4402	55.9984	56.342	61.5599	74.126	57.7325	36.324	50.0358	57.9799	46.6876	41.5464	35.7853	33.0141	34.8772	27.1384	27.1622	27.7555	29.4725	17.9357	14.7108	26.1676	17.2865	13.0131	22.8696	16.6739	32.9649	25.6253	23.6596	16.3657	23.8973	33.3727	20.4874	21.768	37.8051	65.4827	65.3174	14.4964	51.3285	52.5062	43.0646	60.9323	65.2751	27.5821	24.0841	16.458	29.3854	5.73501	27.8482	8.40137	5.26789	2.91072	1.51362	0.897318	0.175991	0.393514	0.8973	0.746645	1.58352	3.8818	4.5018	5.41972	5.81167	5.10223	10.3408	17.8577	27.2093	62.1669	66.6849	30.9934	46.4522	33.4475	21.5541	30.5056	18.2498	13.7317	18.6039	21.4276	18.0712	21.4496	33.1758	32.235	20.9813	38.1794	50.8079	34.8326	23.0784	26.1396	28.3594	33.2902	25.0344	13.3405	19.8204	24.8845	24.0558	11.542	17.7229	33.1758	56.9033	60.2056	48.9496	31.7777	33.2958	56.2289	70.1861	68.7343	49.7597	57.999	30.3575	48.9662	52.9526	63.8502	68.2077	59.2434	15.8016	51.9898	70.5568	78.0623	22.7318	63.2015	71.5666	59.4594	43.1135	60.4253	54.6022	70.3399	76.389	64.9919	65.3022	34.3383	62.5468	51.5643	48.1478	34.5687	61.0963	64.7885	55.1184	45.9443	43.0853	48.3144	50.7232	48.849	65.9787	65.7283	54.6909	67.2512	67.4861	72.3991	77.3119	34.2064	45.0432	55.4535	48.6165	63.1556	69.3667	66.661	68.5448	67.7773	63.3799	70.714	76.1768	47.4883	66.602	64.8615	69.1365	69.9962	55.8397	55.7149	61.5488	60.6862
20.974	30.8429	28.3441	15.8714	6.1454	18.1404	14.626	3.8012	6.56719	10.6796	17.9771	21.2433	18.9048	16.3105	14.2616	15.3407	9.97183	4.84274	13.8426	14.7967	13.6551	14.5327	19.4257	14.7735	8.47378	13.9958	10.2839	7.25287	17.5937	6.89912	8.99619	11.4195	12.6957	12.6039	12.2103	11.4962	9.27279	6.56003	3.16924	5.97185	7.38333	7.2842	7.44055	9.06087	9.17884	13.4418	19.706	23.928	25.5516	31.5258	42.7116	42.0349	38.2964	34.2122	24.4434	7.67273	9.57407	13.1398	4.82076	16.9128	5.09278	4.086	10.8301	35.2941	40.0178	32.9011	29.1805	29.3575	29.8124	14.702	24.4999	45.9574	45.2753	40.0045	37.095	40.0111	44.8386	48.7536	53.9972	46.8139	52.532	65.8925	70.8386	72.0839	70.1504	61.1145	47.5643	68.3129	67.122	54.3873	54.9353	69.9288	58.2503	64.3009	68.3675	69.676	62.8816	56.2237	55.5844	57.6689	52.0278	36.7531	26.2691	20.9189	26.8468	27.5068	24.8578	22.2878	26.5225	25.4637	19.2991	6.13564	26.5554	16.503	25.6779	21.3232	30.8676	32.8928	22.7198	22.1536	32.0718	62.1132	68.5233	53.2653	40.0394	53.1468	41.2184	54.5207	64.9355	46.3808	23.0957	10.4765	23.8876	16.4089	21.5035	10.5327	1.58335	0	2.28643	9.01612	16.2969	20.3107	18.99	15.7945	17.2733	20.3466	21.6751	22.3979	19.9063	13.2303	9.35935	16.0514	23.799	58.2869	68.2058	51.8209	31.1079	53.4808	39.3764	32.5485	22.4641	16.7485	20.9103	25.0837	24.1667	29.2911	36.9196	34.1721	25.8679	46.7636	54.2877	44.8909	42.9326	51.3589	45.0425	44.7846	43.3712	38.7946	28.9307	32.1097	39.5354	42.079	45.0832	42.8894	58.7647	64.639	54.3699	57.6877	59.737	56.698	67.0789	67.3626	52.9201	59.4585	23.5634	44.3275	47.6431	61.8516	65.6284	68.9349	72.5418	66.696	73.9306	77.9936	53.8899	52.2867	72.8483	68.8319	57.753	63.6985	63.0603	67.6613	75.4547	53.7286	65.5348	53.8998	58.3558	51.8826	61.1383	48.0921	61.782	58.8519	59.363	63.7786	51.5624	43.098	60.1372	66.0217	60.81	66.4305	58.4504	68.6344	74.9615	74.2828	70.341	49.8249	71.1519	73.1139	68.782	43.8117	69.0039	65.9486	63.9613	60.6941	74.6026	75.2049	78.1695	72.1164	76.4503	76.953	77.5926	77.1742	74.9891	74.7329	76.0423	74.2727
36.2326	31.3224	24.6814	12.1765	8.24238	12.4983	15.5703	13.4716	12.3655	14.1157	15.2881	18.3025	21.2809	23.943	23.3344	21.9711	15.2161	7.67962	11.376	19.6545	19.1721	16.9367	15.432	23.0709	13.165	20.3088	15.1429	12.9095	20.5119	11.2891	15.9337	18.2029	20.1853	18.0724	10.616	9.24608	11.3081	6.03204	4.56858	7.799	9.64169	11.1884	12.7629	13.9734	15.6219	15.3978	19.5774	28.6168	30.1354	28.6757	34.6949	36.2112	32.6852	28.8119	20.7598	32.0671	33.8849	33.5778	26.1778	19.2326	11.3669	7.47435	4.10072	25.1792	37.7441	37.9371	34.5915	34.535	35.9027	28.3976	25.4618	35.3474	44.8572	46.0488	46.3192	50.5228	54.448	58.9635	57.6471	52.3052	55.2288	65.0725	71.6192	74.4672	73.9989	65.4298	62.3971	67.679	67.332	62.3427	65.9694	64.7453	64.4394	71.2233	72.9541	75.7462	73.77	67.7247	62.3633	64.9319	64.3171	43.2432	25.3507	26.1351	35.2938	40.1276	39.1514	33.5266	31.0112	31.6427	27.2646	3.00916	18.3962	31.2033	36.6476	36.6248	40.987	34.6416	26.9303	27.2585	33.0124	56.3697	66.813	63.927	32.2601	50.7833	50.919	42.2231	54.828	59.1518	40.45	11.2977	13.6372	16.0895	11.3006	9.21043	1.96653	5.49158	14.0345	24.738	30.0491	31.6576	28.3647	20.7863	23.2086	25.4115	26.9925	28.9432	32.1378	29.0914	3.66913	11.7956	25.7413	50.5105	64.0281	65.8813	48.5482	61.4151	59.3445	39.0958	26.6432	19.7746	30.1846	36.8939	41.3771	44.5775	46.2833	44.9801	40.7846	56.347	58.561	47.5387	45.7501	49.4681	57.6348	58.2116	56.9168	56.268	50.7519	45.6031	45.0415	42.3882	47.5713	51.3725	56.9377	63.3842	58.7962	51.9956	54.0539	41.2718	56.1198	65.6985	61.2168	60.2855	50.2978	17.8416	45.7576	63.6741	68.8158	74.4203	76.6139	74.3098	77.9851	76.6265	67.2447	42.9082	69.7698	71.1928	51.1851	59.1516	61.707	69.7452	75.5727	55.473	54.508	57.669	41.9019	60.68	67.4229	66.5685	69.8918	66.0874	68.1338	69.8921	66.9447	28.3314	55.358	63.8038	68.5672	71.6795	70.8892	64.1693	68.6602	66.7149	10.3751	63.6792	72.1659	71.6179	72.2046	66.7018	45.3015	68.4521	74.6802	68.7115	68.6994	75.7078	79.032	78.2537	80.3433	81.298	81.5403	81.0949	80.2729	78.8639	78.6309	77.8847
18.3317	14.3346	14.6902	5.16045	13.8233	13.0403	16.9838	21.2328	14.4725	10.275	4.63821	7.86725	5.2341	14.3386	17.3169	13.7032	15.0925	16.3469	7.13968	9.07368	18.2417	19.7855	12.9968	25.1301	21.9444	14.0035	14.5276	11.3657	19.652	5.49101	15.647	13.8486	13.5079	17.4949	16.8561	10.6149	7.35076	6.33221	4.7265	6.98936	5.35566	9.64832	11.6071	12.7615	14.9914	15.6805	14.7609	12.5382	8.73051	10.1511	9.2696	11.1831	19.3697	25.0378	36.7356	34.6045	17.0913	24.0749	32.8535	29.4589	24.5605	16.7071	9.82533	12.8182	21.0142	16.2503	13.5187	17.7731	25.7002	28.3005	24.8781	21.7613	28.8016	25.6253	29.8941	35.7108	40.3391	39.8744	30.1303	24.5135	25.9396	32.8534	38.8124	42.53	50.367	67.6901	71.6916	69.661	64.313	42.0001	60.1359	62.5833	65.1749	65.8655	66.1902	73.1081	75.3098	68.6647	48.7633	63.2292	65.274	47.4116	39.0651	37.0689	32.2731	25.0335	30.1794	31.1714	31.4869	35.7692	31.1649	13.0842	13.771	14.3343	13.7026	17.8894	40.5377	29.0336	14.3075	15.3579	17.567	36.9089	55.6743	61.8382	52.9451	26.194	55.7406	51.8338	30.992	53.5754	55.725	27.4501	4.10022	6.04411	7.08872	7.00465	3.75976	12.3004	27.7138	31.7861	26.2318	18.0423	21.6684	17.5959	21.2335	17.533	18.7222	20.3475	29.465	38.852	26.194	5.16061	19.161	45.3653	57.6042	66.814	66.3286	55.6576	68.3026	43.4741	34.2859	18.9267	39.839	51.9477	59.3586	62.0316	60.4276	55.0334	54.0777	55.4117	53.6651	26.0113	26.2644	36.1072	34.5016	51.9907	47.9178	52.2397	56.9495	51.3652	42.8846	25.3385	33.4836	37.4021	49.3965	55.0664	56.8727	46.1926	27.1565	13.7739	37.1941	65.0128	69.1417	66.32	66.1459	64.2219	51.9306	5.72537	47.5758	60.1727	45.0064	71.878	79.1301	74.7866	69.1658	64.7745	58.2756	75.0236	65.5673	61.373	26.3004	72.238	75.5208	66.4466	65.7037	64.7972	60.6952	63.8706	62.213	64.667	72.7063	69.4452	64.0346	60.1922	72.5154	59.3133	55.0764	64.5474	57.6812	65.5417	31.5712	69.523	72.7815	69.6256	70.118	67.5439	62.6058	62.9202	9.2971	70.6593	66.3594	46.9984	73.473	75.3468	64.8051	63.3457	72.4855	71.4604	59.2946	58.3476	75.4686	79.0967	78.7271	73.9616	67.8616	71.3675
12.1663	9.78075	14.1357	6.71195	17.5644	16.776	15.832	17.8384	11.8129	8.04684	13.3799	11.2962	11.4223	11.7787	13.8269	13.6548	17.5024	18.2767	15.3658	12.1747	12.9334	20.0684	16.5524	24.818	27.2065	9.13089	10.9899	12.5552	19.7234	6.54454	17.4405	11.182	15.5675	23.0524	14.9265	8.66786	10.5022	10.9736	7.74511	10.1344	9.37308	14.1654	14.6276	17.0087	18.2735	19.1934	16.1032	8.86619	11.1858	12.7645	8.59793	7.38097	14.6047	22.9898	40.1079	39.9586	26.941	17.6706	1.45038	13.9012	17.8999	24.1698	19.7674	6.50007	16.2674	15.782	10.1769	16.9109	24.144	22.0543	20.4903	22.63	27.5437	19.2292	19.8114	26.4544	29.0672	26.4878	21.1314	18.135	18.9401	20.7656	23.1544	30.7632	39.9959	59.8211	67.5468	70.9469	73.7168	72.9142	61.3164	31.985	65.4938	70.6119	70.2748	71.41	76.5719	74.7674	67.1323	66.3237	62.8986	51.2645	37.3638	24.004	19.7674	13.7848	21.8048	22.9591	29.1717	36.0079	31.7184	24.5801	12.146	19.1582	25.5281	14.8528	40.4545	22.8414	10.5526	13.2673	14.7431	27.7803	48.6114	60.0659	63.3667	61.1237	41.3063	64.7718	46.8422	26.9973	55.8797	41.9034	2.81252	2.99323	4.6079	1.94239	5.5042	17.7468	26.0252	18.6023	6.10375	10.9142	9.97323	17.4181	24.1484	25.4193	29.5181	29.383	30.0173	38.0701	37.3791	29.7058	7.59341	48.6358	58.8518	62.7377	68.7837	41.1084	69.3424	50.7376	43.4351	23.2638	45.6348	60.56	67.1472	65.8349	66.5809	64.3873	59.6818	58.0954	48.9671	22.3764	32.9425	46.3957	29.9456	38.9168	28.1491	42.0993	54.628	60.881	59.3106	40.8223	32.7964	35.9298	49.8315	54.4772	52.7137	27.4755	18.4057	33.7097	42.8304	56.3806	67.1222	63.9961	65.0018	68.4177	67.8238	60.5065	45.0131	55.2193	63.7089	70.6867	78.2488	73.5844	67.0964	68.4288	45.4065	75.3004	68.9102	55.7319	10.2582	75.4288	75.6349	57.7448	51.9851	59.9777	60.0027	55.0406	47.744	37.3134	62.266	67.9764	68.7713	67.3052	75.0257	76.725	72.6621	63.1803	68.5844	55.1414	63.7455	75.4654	73.6011	73.758	70.9866	71.233	71.6671	63.0447	59.5162	67.545	75.9804	74.0397	69.7197	67.7546	66.6045	69.8602	71.8506	74.4182	74.2802	68.1976	26.7316	66.3134	76.5401	77.2493	68.3651	75.0827
21.7801	22.9299	24.735	19.8131	18.5094	15.7376	13.8994	20.0621	22.2125	19.2023	13.1434	13.1388	14.2205	12.5217	9.38192	16.1922	24.2544	26.6698	24.1205	21.6026	21.1156	20.7187	16.8049	25.7626	29.4631	8.64093	9.00615	15.9288	15.5184	13.8184	18.7636	11.3687	19.6587	22.1835	18.3828	17.8674	18.091	20.5806	22.0821	24.3108	22.566	15.5669	3.51385	7.58635	8.34891	9.95017	12.6338	14.9888	11.456	12.7554	12.3075	5.65446	6.48065	14.6269	31.7295	39.4508	37.1097	37.2766	32.6322	24.4485	13.2751	23.3019	22.4562	11.6435	11.6376	18.5903	15.7701	18.6636	26.7924	27.0661	30.2421	31.5037	33.059	23.113	24.3468	26.0774	25.9913	23.953	23.8414	25.0147	23.5775	24.146	27.9837	28.0156	36.8524	52.0089	58.5704	62.1531	67.762	71.8013	73.697	73.522	72.2063	71.6035	72.5185	73.1339	71.5914	67.7626	65.1633	71.1842	73.2183	71.4352	65.6986	55.265	38.615	25.835	32.3142	31.5626	27.628	35.9294	41.0003	38.306	26.3603	12.2732	27.232	12.1075	37.1357	37.2026	26.6161	17.7957	18.7364	25.6696	39.299	52.4669	59.6201	65.6778	61.9354	64.1148	57.685	54.4389	48.0202	32.763	39.0924	43.5723	35.9429	20.8237	15.2093	15.4686	18.8362	28.6308	12.9613	11.9213	10.6757	28.1168	30.3084	37.9996	46.6573	51.3616	53.7277	53.4632	47.6556	45.0638	37.0823	33.1882	58.0711	65.2742	72.0914	62.4163	65.3257	60.8341	51.4031	33.2512	47.5516	63.6786	71.5994	70.2015	59.3924	68.3953	72.7728	71.3619	69.3668	67.708	61.1015	45.0221	37.751	51.7049	58.8286	49.7279	33.0908	44.3921	61.5405	59.2678	45.5722	47.0011	55.7359	54.0862	30.7315	36.0286	54.674	57.7237	58.2916	59.4742	67.5068	68.3615	73.0167	75.5153	76.5146	77.7715	78.1947	78.67	77.0283	63.0387	73.754	74.2388	69.006	71.0127	45.9057	68.9449	78.6503	79.5929	76.7937	68.4986	74.0441	75.1923	72.737	66.5172	40.7877	58.688	69.654	73.7635	71.3386	59.6403	48.2668	35.2924	53.912	72.5463	75.1108	74.763	72.5492	38.7752	74.661	70.398	32.7729	50.6023	62.727	67.5603	68.1211	72.1932	73.8987	72.2307	74.708	78.8937	79.0523	72.4562	56.4188	60.8199	67.5827	72.6754	70.4255	54.7091	51.157	41.7683	43.7279	74.6441	76.3622	72.1044
17.7204	21.7563	27.2433	28.9081	27.8837	15.7441	1.26819	12.4309	14.3223	21.2419	24.6085	10.272	13.1791	12.348	11.8962	17.6037	24.0867	28.0394	24.2143	16.9061	19.8423	22.7143	19.2342	22.2592	26.4331	11.8908	9.35543	21.1925	14.8103	16.4217	17.4994	11.2849	21.3177	17.1585	13.5945	17.9542	20.9146	25.0594	25.4452	19.9368	12.8452	9.47083	12.6403	15.1372	19.3104	19.5825	15.4279	13.4072	11.4909	13.3383	9.58809	2.34533	4.74156	9.28158	20.3834	30.9043	35.294	37.5409	38.333	38.951	33.3861	22.0878	23.5343	15.2508	10.6443	16.3142	18.8622	17.2225	24.5307	30.9913	34.6592	33.1058	33.3713	19.8004	21.0395	19.7573	21.6335	23.4081	25.1251	23.7324	16.3431	23.7259	28.7449	25.6344	31.7908	43.6348	47.7477	50.7411	54.99	57.7674	66.1197	72.6246	76.934	78.9913	79.7761	80.0184	78.8883	75.1197	65.8873	35.6133	51.7232	68.063	71.2327	70.6394	61.2294	42.2855	41.8989	46.1	46.8796	44.92	46.944	46.7159	37.2934	30.7972	27.353	15.141	11.7816	35.8137	38.8175	28.5722	21.3814	20.0996	25.5618	32.3757	40.4241	53.7977	64.0389	56.553	60.4823	30.0595	15.1123	31.2813	57.6102	60.3985	58.6679	46.6157	35.0378	21.4577	4.84048	30.7248	23.2535	19.5914	27.0641	33.913	38.5349	49.1525	58.3789	62.506	63.8503	64.2431	57.6698	47.7206	43.4034	18.705	36.2124	57.6477	68.2655	65.6206	66.5071	64.5549	39.4897	12.6325	28.8434	60.4712	71.9532	73.6798	73.5988	64.756	59.1017	62.5282	66.3608	69.9173	69.4793	59.191	38.6604	48.8783	59.0264	59.2828	45.2671	32.3611	51.8107	63.8478	59.5052	51.8867	54.5318	50.8174	16.5184	49.9756	53.6121	52.872	55.4219	60.4093	68.4092	68.7255	72.4363	75.4141	76.7927	77.8527	77.2989	75.3321	74.6763	68.8276	56.0047	71.1486	69.5806	71.2859	71.0068	57.2419	67.4472	77.3942	79.8032	75.8383	31.9364	69.1512	72.6929	73.7638	37.5507	67.811	73.8631	77.0995	77.9389	77.7607	75.8966	72.5048	57.3188	32.1245	28.4054	12.1865	38.4666	72.4812	74.9511	11.8336	62.1227	60.6976	56.3998	55.4801	56.4877	47.2269	60.4809	67.5795	71.5201	77.232	79.0624	79.3809	74.3153	62.5058	37.9469	74.3334	77.7658	71.5585	69.9202	54.1272	33.0806	48.5194	68.0868	57.0356
13.4813	8.14293	10.6733	8.76858	8.33138	15.4983	7.94819	15.4511	14.2892	17.0613	27.7138	15.6715	6.62798	8.59572	10.6068	13.0355	9.81603	18.5692	18.8117	2.6768	11.8095	12.6881	9.82801	13.1246	19.8984	19.0035	8.76832	21.2031	11.8099	11.1195	9.7596	3.78296	21.1034	14.1609	4.61649	7.97694	10.6556	11.6932	10.2437	6.13185	5.15865	12.1815	15.5424	10.6938	13.785	5.56881	4.72487	9.58863	7.78718	7.30668	4.75066	7.95792	5.50562	6.15429	9.69523	12.8524	12.8379	18.8406	23.639	25.2037	22.3724	10.3786	21.2367	14.1771	4.40225	6.59338	14.9856	10.5592	9.41152	11.6264	19.3231	31.3337	30.8918	10.2433	11.1839	12.166	8.66523	11.0401	10.2134	14.2541	15.5568	18.4756	20.2548	13.1588	13.3671	29.4415	24.3849	19.3205	19.0826	18.7075	38.8377	35.3483	37.8075	44.5107	51.0428	58.5248	60.2488	62.6513	65.4454	65.8945	55.4309	16.7797	50.5509	68.1498	63.6053	33.0072	25.755	25.256	36.2117	35.2493	29.5833	34.7779	33.1105	35.822	28.3837	25.7597	29.0395	1.86883	28.2365	25.7352	16.191	6.31556	6.51476	7.08609	9.34321	21.2981	46.9265	38.4793	48.826	29.5507	30.0309	44.2822	54.8361	39.9631	53.9592	41.9954	25.1231	27.8531	12.6436	32.88	28.7103	8.88393	13.7811	27.9291	37.5071	49.1958	53.4687	50.048	45.3519	56.6431	55.2746	46.7879	36.7449	30.9877	14.65	19.3819	54.0142	44.9955	56.0554	48.0419	8.33099	21.1598	14.0285	46.1839	68.7276	70.8622	75.736	72.8056	46.4793	36.8579	39.2593	35.3386	52.221	61.462	26.439	43.5592	27.807	39.2645	49.4989	33.3279	26.6345	43.1137	43.9315	24.397	47.6391	48.2516	35.4747	58.1952	59.0186	37.5439	35.1417	34.0062	51.5857	43.6169	47.2502	52.4075	54.7985	57.6095	44.4595	45.0423	68.1512	67.3161	42.6132	57.3848	61.2108	65.3812	73.2142	70.9192	50.6405	29.8248	61.1718	77.3938	69.5021	64.6016	67.1372	74.7031	34.9334	71.7805	70.7317	62.7069	58.0727	62.7544	65.8303	70.1798	56.716	45.2169	43.8999	44.5583	50.1476	72.5309	74.0528	60.609	56.4787	63.2697	67.1255	56.9387	57.2079	65.0459	70.8205	67.7643	64.2769	66.9241	50.4128	69.7822	65.4675	62.7203	58.699	70.9161	79.8424	72.6114	58.448	64.4063	29.4939	60.9113	18.03	71.3314
14.1729	7.8638	8.96845	4.09476	5.56857	20.284	10.1829	19.9619	16.1182	17.3252	24.4812	18.0852	4.05313	4.34554	8.27413	10.2178	1.93369	17.752	20.0582	8.06619	9.00164	14.7527	10.7481	10.4696	14.8604	18.5928	15.0594	14.0181	10.8234	10.7798	2.89787	6.5629	18.5907	10.3731	9.12728	9.97132	6.89685	1.62093	6.70236	10.0952	4.48454	11.8296	15.3917	11.4168	10.4526	5.33313	5.27547	10.621	10.6044	8.95681	4.6062	7.0014	5.10752	6.32697	9.70674	12.8119	8.80162	10.183	14.4038	18.8708	23.1693	23.2334	21.7669	10.5583	2.7448	3.23915	13.4632	11.5787	8.38802	9.67445	20.8668	33.5052	28.25	9.31838	12.4905	13.2394	10.0186	8.29799	5.44645	18.0043	16.3717	16.2246	17.257	10.9706	11.8049	25.8866	17.3496	13.3846	16.0322	18.049	32.5246	36.2936	42.0057	46.3951	51.24	50.414	40.2214	41.1459	45.7316	58.6119	67.7018	67.7999	62.3896	60.2066	59.8698	46.4743	41.7935	52.8399	56.9911	53.9	43.497	43.0173	38.8096	37.8542	25.1991	15.5727	27.7804	15.2007	17.6146	29.464	17.4467	4.77282	4.7082	4.39839	5.94982	22.988	26.5488	21.9011	36.2256	58.4138	54.5807	46.9491	54.7354	34.3225	56.6833	49.9942	30.834	29.8798	13.3663	33.2832	30.3966	14.2165	12.9189	27.1344	42.8307	53.4198	53.942	53.6233	54.9184	64.5191	63.2736	59.4043	53.3382	44.3625	39.0581	32.9472	37.6412	25.8773	43.8383	27.0883	25.0673	21.314	30.6178	29.107	66.8003	69.7106	74.4527	72.1633	65.8971	67.2773	60.2743	35.2627	41.4661	61.2489	53.9455	40.3775	42.1472	25.4052	44.1314	39.8377	30.1058	35.5796	47.145	48.144	50.0497	56.0087	39.2924	60.2448	65.8262	49.4777	32.1306	30.246	40.2968	30.1492	43.487	37.3184	41.1119	53.3756	47.4421	52.5991	61.1077	59.6269	59.3682	49.1968	41.1301	63.7231	73.5653	71.888	63.5253	59.1027	25.0209	75.2477	70.2888	66.6592	68.7899	72.4327	32.8826	71.207	72.5694	63.1354	50.2821	32.0058	69.9715	72.9587	55.2786	49.5954	48.3798	52.3089	61.2561	60.2387	70.7313	62.5307	49.5585	62.6629	65.1327	47.6675	51.3796	60.8698	73.5616	73.2229	64.7499	62.3182	36.3118	63.9425	65.6901	58.9592	63.7583	61.2491	78.5342	76.2659	60.4797	59.8423	62.9906	58.0255	22.2264	71.6042
17.2157	14.5228	19.1607	14.7942	14.2284	27.1959	22.4957	20.5776	17.0366	20.7645	22.793	21.3817	11.456	11.0329	8.58015	5.88771	11.9506	5.82499	23.4328	24.4762	16.2215	10.1164	9.47427	14.7444	15.5522	10.8357	14.7628	1.41742	13.898	15.6393	9.71494	8.00147	11.1713	10.7077	17.7588	13.6078	8.05227	7.76068	9.87456	11.462	9.29667	11.9072	10.7948	13.1655	19.2823	19.506	16.5148	16.6438	17.5942	15.9647	12.4909	15.6338	15.5999	14.323	13.9642	14.881	10.4392	11.1136	14.2702	23.1454	32.0841	35.8557	31.156	19.8168	13.6624	14.4925	18.0789	16.9207	13.2824	12.9664	20.2853	28.2815	27.6207	24.5485	23.0582	22.3242	19.859	10.4395	10.47	17.317	9.58058	15.6171	20.3749	19.3205	20.079	25.3133	26.7661	29.0954	31.338	36.9919	42.4326	43.2526	48.7563	57.1054	61.7508	59.3817	56.9131	58.0052	58.4323	61.9814	67.84	71.2017	72.5075	69.7314	57.699	41.4731	17.714	34.5892	47.7986	67.2722	73.4181	75.4816	74.9456	70.7715	60.9896	50.318	42.545	35.0333	9.76578	36.1511	35.777	36.6154	32.7637	28.2164	26.9169	35.5004	40.2909	50.6774	63.1915	72.3198	74.4644	72.7527	67.3501	57.5105	60.707	62.2308	62.2857	60.4584	54.7529	50.131	40.014	32.8979	32.6255	33.5232	56.3912	66.8264	68.5907	72.5267	72.9098	74.6634	73.0684	71.4816	71.603	73.5899	74.7517	74.1894	71.465	65.0829	55.9133	44.7074	29.5589	34.3224	38.1811	12.9167	61.4181	71.6732	75.7822	78.0603	77.642	77.5437	75.7436	66.5954	65.7705	55.2804	22.0305	45.2657	21.0911	11.7548	16.8845	44.357	51.1882	51.6359	61.3981	68.6147	67.441	62.7148	51.2124	65.7035	69.3761	59.4565	44.9163	47.7012	53.9105	60.218	62.7729	61.4099	63.1163	66.3532	65.967	60.9947	42.2147	65.0684	74.1326	73.9115	64.7355	32.2506	70.5226	75.8155	76.6695	75.4049	68.5955	52.0027	75.3113	76.7332	69.8746	36.5206	65.3625	67.6907	63.7796	57.2387	62.2473	63.7636	69.423	76.7701	71.683	70.1353	66.6036	69.4028	74.7096	70.0157	49.3766	20.8124	38.5988	55.6565	66.2292	57.27	57.9115	65.4854	74.2367	74.5741	71.5378	73.8174	72.5406	45.2084	53.1593	73.0087	78.0311	77.0946	72.6673	74.4921	73.265	68.9284	78.0674	76.7768	69.7829	73.4048
17.1026	14.6264	17.2593	16.6588	17.9559	26.8146	30.6271	22.4723	12.0149	20.4713	21.2958	18.6614	10.757	15.6027	12.5348	14.8748	12.4338	17.4538	10.9837	25.9125	27.9355	21.1282	7.94639	12.6847	19.5575	10.8215	13.095	15.2498	13.2194	8.89306	16.5484	2.83824	13.2851	14.1609	10.0051	7.43391	15.5114	11.1231	5.79301	8.44335	3.60274	8.1407	7.82403	17.3037	23.9877	23.4628	18.416	12.6553	12.6677	11.6233	14.4096	17.9694	15.9381	14.8801	16.2586	16.0877	9.43101	8.44348	8.72334	15.9381	19.5636	21.7869	22.8981	25.299	22.8035	17.2396	15.9987	16.6566	22.7254	16.9439	9.44351	21.3803	30.3869	28.6744	23.1673	23.8247	16.3991	16.7743	11.9354	12.5897	12.4745	15.4802	19.7655	18.9368	21.3135	18.3955	21.5287	26.2509	28.7082	35.1281	41.0218	40.2359	42.3765	46.5306	48.9462	45.9457	43.5751	35.4672	21.0963	20.7355	16.0545	35.6033	53.1732	62.0368	65.6475	63.322	60.5415	63.2927	59.3865	43.0583	42.4619	61.5283	72.4037	76.4704	75.3233	71.4415	64.9074	58.9269	37.614	21.2943	37.5742	42.2562	44.0737	41.8204	38.7233	43.1184	37.4948	57.3013	71.4738	70.1154	62.8594	71.4812	70.5399	62.2027	60.6022	62.8361	67.9107	70.6208	66.6825	55.8506	42.706	37.3673	35.941	31.8712	61.8256	70.3326	66.7033	70.8302	63.9641	70.9992	70.244	66.7993	63.3443	66.5978	69.7994	72.5743	73.3153	73.2154	69.657	63.8199	44.1266	39.754	34.2263	44.6536	30.1417	66.2914	72.4787	75.8471	75.6181	77.1485	76.9895	77.6749	77.8869	74.9888	67.9867	22.3158	47.4703	53.115	49.6215	24.279	21.8308	18.145	51.2008	56.2251	62.4604	60.5933	55.8508	68.3787	71.269	64.2986	55.6868	51.9271	58.969	61.3926	59.1378	61.3673	64.482	68.1822	72.7452	64.3118	36.0052	62.9468	65.3761	69.9336	73.2621	73.1109	62.693	33.8642	58.5652	69.4452	71.6942	66.2385	63.7339	63.3502	49.2371	72.4821	76.9354	75.8513	67.7453	61.3098	63.3707	66.3056	35.7977	74.3015	72.2915	68.113	66.0705	70.4535	73.6246	77.3103	75.6009	74.1381	72.0455	43.7244	63.0145	61.5531	53.2892	58.6944	72.1488	73.9218	74.4173	77.7156	78.8748	76.061	66.7859	64.3217	63.3133	73.8761	76.1604	73.569	74.1552	73.3103	74.1918	77.726	76.3377	74.8648
10.6906	9.20318	9.31561	8.25758	14.1321	14.6065	19.1341	15.056	14.8182	15.9972	12.6846	20.8464	26.9213	15.3353	12.4324	23.7499	13.4235	16.6308	19.5413	12.2372	19.4631	19.1446	16.2513	4.17155	14.8364	13.1442	8.84147	16.5	18.7766	11.8015	17.5104	8.59221	9.51539	10.6573	6.75453	15.4531	14.5798	3.4094	6.45851	12.6669	12.8798	15.2038	13.0798	13.3622	4.47325	14.8258	14.3868	8.758	10.6471	8.05107	16.555	16.5386	14.7865	15.1052	20.1211	18.9442	8.74264	4.52744	9.8378	12.803	9.16081	9.74107	13.3971	17.3666	14.791	14.5163	13.1723	14.5358	25.0491	18.8431	17.9463	20.7003	22.462	22.8929	21.2644	18.4939	15.13	20.9305	18.3615	22.8664	19.2622	12.9609	13.503	12.995	18.1227	11.439	8.76484	11.8302	14.6183	16.4404	25.5762	40.3215	43.0702	35.1259	22.7435	15.5367	16.0369	16.1935	15.1254	20.3554	14.5154	15.5512	26.9773	26.4474	15.0626	24.306	40.6815	55.6759	66.5523	70.1304	70.7689	71.7592	61.8293	45.6998	72.7628	75.2995	74.4313	72.542	63.4002	31.9019	15.5231	6.66413	10.9828	21.7847	19.4964	31.2299	10.0398	52.2381	68.3486	73.8309	73.9615	55.5239	64.2337	63.0583	62.4797	58.6462	57.6351	65.3875	68.1628	58.9209	45.4181	42.1557	37.7399	29.0511	60.5405	70.098	62.284	67.0954	42.9848	60.0823	66.3921	61.7759	31.7028	38.4809	41.6006	34.1005	37.7815	59.6532	54.6619	55.1443	41.8257	37.5629	25.6841	49.431	37.8944	25.4526	44.8005	56.8694	70.3524	75.9899	72.7561	75.4926	74.6225	73.4908	74.9427	65.9997	66.2089	52.9201	57.3951	48.1419	57.9954	54.5289	59.3903	40.7084	32.8337	23.5645	48.6097	66.3928	70.8748	66.2377	65.0088	58.4433	43.9823	54.0972	50.0396	49.7502	45.0054	65.0402	71.9634	70.1648	64.7198	65.3168	61.1374	55.4595	61.4989	72.6166	76.6803	75.8374	72.8479	67.526	68.1389	70.3213	61.4931	60.8099	72.4884	74.6557	69.9301	68.1217	73.2771	73.1733	63.7073	46.4313	59.8969	60.2503	71.5731	64.9548	64.6123	72.4581	72.2048	73.8622	72.5346	54.976	67.1749	64.5071	37.5908	43.8189	56.0615	53.4957	66.1846	70.9216	65.7543	58.5558	70.2928	73.9734	73.4251	73.8044	70.9986	67.4929	72.678	74.8712	71.0518	72.7345	67.4696	45.2178	72.9812	73.9785
8.61798	9.48453	10.3393	4.39672	13.1077	10.0991	15.4807	11.3305	10.3697	13.3794	10.3697	3.70304	28.3742	27.0019	4.96569	18.695	23.1501	11.4245	23.3314	18.0257	15.3255	20.9978	18.3401	11.4245	11.7959	13.8369	13.7624	18.1117	14.7587	9.19696	15.1325	15.8694	6.5974	10.755	14.48	10.1922	9.0645	7.43693	9.69106	9.96759	10.4831	15.2963	19.3155	10.8115	7.03961	14.2027	10.2949	13.0873	16.0264	12.6932	18.5497	14.5664	15.5665	14.1548	24.3646	21.8819	7.67238	5.12059	16.1838	13.1529	11.0364	9.76299	6.56041	9.72589	15.1479	17.0119	10.9006	13.1658	21.1146	17.1273	15.5677	14.2433	15.6634	20.0519	21.9337	16.8994	20.005	17.8564	13.7753	13.7095	16.85	16.1124	14.8806	13.5071	17.0257	17.612	8.18361	19.1162	11.7898	14.8384	19.7009	15.1479	6.20553	12.9845	21.0929	25.9508	25.3678	18.2518	23.109	14.9175	18.9027	29.9722	31.9163	35.4443	36.4838	34.1858	26.7652	33.9938	54.7597	62.0527	61.7418	66.7164	73.2923	71.0636	36.0141	55.9826	71.5926	76.3338	72.3969	53.346	46.4299	38.3183	24.6767	5.78398	4.86318	23.1225	19.5997	46.9793	53.89	65.7336	77.8841	73.0298	49.9353	62.4141	61.2768	58.2279	49.4485	51.6941	66.3761	66.4086	55.2884	50.0151	50.2368	49.2562	56.9582	67.546	61.7629	64.3928	53.619	50.8722	66.2365	63.8671	47.195	33.4271	42.5193	52.6269	57.0688	58.9693	51.9624	37.7148	32.5769	33.7171	29.4983	44.6016	49.4038	31.878	3.55496	21.7079	58.3392	73.196	72.8815	74.4374	74.8506	75.8556	76.2885	73.0223	70.1925	65.7683	61.1747	59.5005	63.5686	64.6323	66.5558	54.8829	54.4104	64.4339	63.9515	59.5867	66.5964	65.1806	65.9377	66.9508	52.244	42.1867	43.3394	44.0682	54.2915	64.4886	72.7911	76.252	75.4508	65.0308	60.2196	55.7906	59.7387	54.8466	63.7109	74.3862	75.5699	72.6683	73.764	59.1032	43.8761	58.4896	68.2578	73.7446	67.8983	62.6082	70.8973	73.1531	69.6286	46.5763	66.6017	62.7562	70.8551	69.9902	66.751	72.3699	71.3758	69.516	71.164	63.8527	60.084	53.7445	70.3148	64.6661	32.4409	48.08	57.8857	60.8179	62.374	64.1261	71.6542	70.7937	58.5946	66.6774	70.873	75.0584	71.2588	40.9731	16.2017	64.4573	73.4117	67.3487	46.5107	69.2966
12.98	14.8748	11.675	7.61285	15.4258	10.1422	14.7949	11.177	9.12325	12.8455	9.95344	11.1568	15.9097	31.545	26.3278	5.77827	22.1278	17.3393	13.8715	23.7649	5.73855	21.4099	17.1962	11.826	16.1461	14.1206	12.9495	15.525	8.18065	4.574	14.2542	13.1914	9.37425	15.9723	9.28806	5.60677	10.2381	13.1345	13.9471	15.8621	18.2709	15.1724	12.1248	10.7251	9.27538	16.2206	21.3178	19.5632	17.6073	16.9524	16.2314	3.06689	15.1307	16.2609	21.713	19.8563	11.4337	13.77	17.5427	12.4848	10.085	7.58063	9.74334	9.50215	13.6743	13.3692	11.4336	15.6553	18.3406	14.0722	14.2661	15.5051	15.1119	11.4106	9.14411	11.1421	19.0738	14.5374	12.8313	12.5023	8.93062	17.9623	17.7507	12.7232	14.7467	28.9377	24.944	32.9654	28.5301	29.1053	36.2956	38.2548	35.7349	35.7162	33.3747	28.5577	26.4481	29.2811	29.8435	30.8192	33.8143	29.8749	29.7272	32.3164	32.3543	33.8804	44.6419	39.5304	3.6904	49.1621	58.858	56.2791	65.5143	72.4798	72.2036	64.8212	28.4026	72.066	74.241	56.3845	45.1866	41.9257	34.0869	13.1698	16.451	11.9519	8.19767	39.2616	42.8083	54.092	76.888	78.0643	48.2183	57.3444	65.9172	65.29	56.2956	45.8292	58.3452	68.5538	63.1668	56.4832	55.8028	58.224	57.3959	59.7932	58.2745	58.725	53.0996	54.8861	67.0446	61.2024	47.6126	32.0728	22.8413	30.6638	41.027	41.7212	32.9505	27.7378	30.1304	24.242	30.7444	35.8357	40.2195	38.9274	14.167	16.9401	23.3071	61.33	61.6787	52.0707	62.2476	74.2151	76.6111	73.8324	66.5708	69.9145	66.7729	60.4592	53.5129	60.9925	66.6271	62.0191	55.3507	62.5195	64.3285	54.3806	57.6514	60.2985	58.3702	64.777	65.8581	65.8245	51.6854	40.7685	53.4161	58.7262	65.9525	71.4305	73.1927	63.6719	48.8079	56.7928	61.8237	61.0322	65.7465	67.5	70.0849	68.5681	65.2177	55.7302	68.2526	66.9049	61.2034	71.664	72.6092	58.23	58.2547	54.2091	70.7858	58.9995	66.0583	62.2133	54.1591	70.5879	66.9675	71.3939	62.1066	72.3856	75.6045	67.0083	47.2145	61.6732	67.7258	74.4217	69.6162	39.3896	55.1013	67.8073	70.4559	70.0135	73.9036	73.6622	70.142	67.859	64.8859	71.3621	75.9795	74.9639	76.2301	76.4754	76.2394	74.4712	65.7622	34.8667
11.9315	19.7007	10.3958	12.8299	16.4626	11.565	14.6613	11.7355	7.75335	12.7052	8.13793	16.4959	5.32987	21.3062	36.3423	23.9866	14.9955	23.3813	13.0287	20.1573	11.8513	18.4177	17.6728	10.9392	15.7076	15.7742	15.6693	12.9962	8.63348	9.10411	3.75605	11.2565	12.0077	12.6355	10.5778	8.99868	13.0043	18.3834	17.6096	14.0202	7.70463	4.92155	10.3503	15.7679	20.1479	18.8067	14.3243	16.6511	20.8907	19.2737	8.27887	3.37218	13.1053	17.8804	20.7887	19.5465	8.44054	13.9957	15.6693	8.06178	8.15049	12.7584	6.26285	8.89823	13.9576	12.4731	11.9021	16.8136	17.4688	12.7601	10.3678	7.87661	13.0931	16.5778	21.0054	25.1686	24.9343	19.1395	15.9182	16.9967	16.2345	21.234	25.3667	21.371	24.078	44.5634	43.3457	44.2454	36.2283	36.1696	41.9936	44.2447	38.1172	36.8156	39.4874	39.9428	37.6527	41.9348	46.3276	44.3083	36.7009	33.7776	34.0427	34.9732	31.1776	33.6089	40.9786	36.3473	36.6829	27.8395	36.9731	50.9341	58.7753	63.4548	67.7214	71.9141	71.8641	63.455	68.9834	57.6236	44.27	44.5636	31.348	24.8263	10.2713	11.8838	17.5492	36.3188	41.8992	49.9251	72.6895	77.6062	72.0216	46.9747	61.4217	67.0104	63.1898	49.4073	53.6846	68.1693	69.828	65.4085	64.0806	65.0535	62.6969	51.5149	55.1687	53.8902	25.6621	49.1088	65.0705	59.8642	50.0567	40.5896	29.9053	25.7165	22.9117	22.1418	18.7471	14.9954	19.447	34.6301	49.1819	54.7803	48.9158	29.2271	29.1741	29.0684	29.3255	22.1774	37.7222	37.403	25.9918	50.2692	71.9856	74.5161	68.0425	68.2102	67.3199	60.8385	52.2105	55.8009	65.3852	70.9564	69.3653	66.985	61.981	56.8973	34.0136	58.18	57.395	56.9835	58.0503	70.0358	56.7479	22.4709	49.7257	47.0592	42.7231	36.6774	68.9662	68.6868	60.885	68.4093	59.1315	60.4228	49.6521	38.9581	35.0249	32.9993	34.9423	68.9565	75.8865	74.1549	77.2167	70.1858	62.3992	70.1395	68.3421	57.4497	61.0115	60.8679	60.6818	62.2347	56.374	70.9358	70.118	71.4866	56.0114	74.6049	75.7349	69.6955	65.2787	64.9932	73.1617	69.0008	75.3705	71.3359	57.2879	68.0081	69.3459	68.0527	74.0451	73.9662	66.4569	54.924	34.4436	68.3817	73.5532	71.8461	75.3308	75.3194	75.4261	73.7748	73.6813	60.9019
8.50706	21.5419	9.27364	17.7814	14.5885	11.603	12.1765	12.7588	10.5363	11.93	9.27376	15.9244	18.7469	4.8239	31.326	34.8793	13.1259	13.4859	22.1045	20.2589	14.4831	15.6085	19.3717	9.70948	15.8355	14.804	17.8824	14.3419	8.71579	2.35653	13.1483	11.1114	5.457	16.7602	21.0387	21.2546	19.0862	10.4648	2.83132	8.74651	12.2146	11.8533	6.69832	1.83418	3.06627	10.7957	8.0982	5.60851	1.40563	9.40454	14.7432	7.67457	14.1806	21.993	29.1736	30.9173	18.3666	18.4515	16.5326	11.9937	12.2582	12.6218	7.44083	7.2701	8.96252	11.3634	11.3077	14.3105	14.4761	9.2479	10.568	14.5106	24.5742	26.9838	24.2468	24.4129	19.1163	12.1539	8.90574	8.06086	12.3378	23.3922	24.3864	22.7505	27.2656	49.6257	41.6532	41.0369	34.166	35.8085	35.9699	38.3877	34.8028	39.1022	40.9533	43.2181	40.9645	48.1444	51.8945	49.144	44.3479	43.1046	43.036	42.5285	40.2191	43.3737	46.4942	41.5888	40.864	37.6809	23.4464	16.4917	47.2865	57.5449	57.4585	62.9458	69.8612	68.6071	59.0247	57.637	48.8471	47.3947	25.6748	20.8331	16.0117	20.0501	15.5095	31.0261	41.9899	53.8158	69.6165	73.589	74.3012	70.7548	43.0163	63.3537	65.3472	51.7245	38.0193	46.4117	65.871	68.9374	68.1333	67.5169	65.7404	61.0528	62.3326	60.8613	37.1269	61.9144	64.0014	60.1477	47.2625	40.1832	36.3688	35.2942	27.3459	28.1552	32.4328	31.7007	40.9098	47.835	54.0213	43.6897	6.20897	33.4138	47.1956	37.2037	47.7998	35.0987	30.5289	56.2004	48.9405	59.9701	29.7364	63.7003	69.2367	69.7222	68.743	67.5005	66.5041	65.1491	68.5939	73.5856	74.1902	71.142	64.4431	60.1707	49.1212	53.7968	70.063	65.4785	61.4787	67.3669	33.6649	65.1447	71.1511	69.0352	68.3752	29.761	61.4399	69.0377	70.7709	64.3404	28.2947	61.4822	65.3839	66.4807	70.245	73.0013	71.2758	72.8267	78.2916	76.1343	75.0653	75.2532	59.7389	58.1597	67.1873	67.7623	17.0726	65.4161	60.2113	67.2625	68.3259	72.8941	75.2744	73.1045	60.3061	74.9659	74.6447	69.4131	71.2319	58.4186	76.8126	53.0312	70.6264	73.4786	61.6626	55.2752	66.9298	68.9021	77.3654	76.6235	31.1348	57.9408	67.0108	66.3245	73.3265	71.8301	72.2522	72.3428	74.3949	73.2863	72.6904	72.002
13.274	19.3564	9.43864	19.9055	9.53109	8.7456	9.85008	13.3649	13.0382	9.65046	10.535	11.2483	20.926	14.1148	20.3205	27.7978	27.5431	15.7568	8.08631	18.6543	11.8804	14.5653	16.4677	9.04819	15.3175	12.3314	13.3141	8.37633	11.1262	14.4017	5.5971	10.619	17.1953	12.4862	9.96962	2.53272	2.3627	9.25983	14.6151	13.1143	9.78345	12.638	18.8204	21.5646	19.0174	20.9041	13.3651	11.7371	13.7608	10.1393	14.093	6.6795	11.8226	8.42119	8.48845	28.4842	29.1128	25.1308	15.8954	14.9736	14.3807	16.2747	13.7959	13.0062	11.6822	9.84247	11.8492	13.4842	12.181	13.236	16.4701	11.3064	26.0706	27.8287	18.1622	16.8929	13.9675	7.58485	2.38873	11.5248	16.124	22.3709	20.3716	19.7026	20.99	50.1727	40.0232	34.4408	26.9249	29.4641	28.2094	31.6548	26.9615	35.2192	32.9985	38.1503	34.0886	43.8757	50.2551	52.7589	49.9633	48.4286	49.0666	50.209	50.5549	50.3033	54.9536	57.0362	53.6155	48.3695	42.7156	34.2712	4.76924	44.7491	53.5504	52.0726	53.5689	60.7505	58.2346	55.8143	49.0867	45.5116	20.3333	20.6327	21.2958	9.03838	6.80288	27.3094	37.1001	51.0989	69.2207	70.7737	73.4443	76.8754	69.0608	43.1137	65.2793	59.117	37.497	39.2726	34.0686	13.4208	44.8076	56.5522	62.3059	64.6719	65.6793	60.8436	63.9896	71.4532	59.7051	53.6076	42.9924	37.6691	34.8588	39.3578	35.8822	39.2914	48.1621	50.5515	51.8475	48.4759	38.8675	15.9905	45.5705	46.6857	43.8298	29.9487	44.1095	41.5028	14.0743	59.3098	59.3521	61.6656	69.9465	46.9601	58.3744	72.8254	74.5034	72.3359	71.5861	73.7317	74.8206	75.4142	73.6226	68.9005	64.0105	62.0194	67.4137	13.4511	71.2316	72.3226	64.7292	63.3669	31.1433	70.2771	70.5125	67.2559	73.584	63.0033	24.1564	29.0686	43.2251	27.9143	67.2863	71.1894	69.4111	66.3511	69.7623	72.6587	72.6367	68.6227	75.2291	73.0492	58.2983	70.6465	73.3033	49.5061	58.3038	69.0965	62.7341	66.6113	67.9053	53.8908	69.6269	63.9569	68.9799	68.0384	62.4526	74.5001	72.7871	68.2285	70.5129	49.8034	76.1147	63.7299	56.4643	72.2756	70.3513	46.5618	53.784	64.2488	78.204	77.6909	64.8389	68.6112	68.8505	65.1557	72.8478	72.0833	65.1335	70.6174	75.8161	68.8556	69.9097	75.5388
17.392	19.5742	10.3933	20.6186	12.0195	12.3132	14.0439	16.4794	16.6161	14.249	13.7033	13.1865	23.1932	24.0348	21.8544	13.3032	15.7205	22.3329	22.7707	15.0433	13.9509	17.366	13.3147	11.7804	20.7064	16.0883	15.7843	14.3289	17.8492	15.6502	12.8413	3.16426	16.4335	22.05	22.4007	25.2374	27.2255	22.0391	17.8842	13.645	14.197	18.9621	18.8491	23.698	24.8713	20.7392	13.9543	8.73822	9.28504	13.3564	19.9763	18.0604	20.351	23.8028	24.6117	13.7192	4.78775	6.98047	9.5173	16.6088	12.6198	13.6279	11.7841	10.0987	15.1619	18.1992	16.1221	16.2561	16.1019	13.8707	14.4732	12.0187	29.2427	26.6062	6.6673	12.2834	14.6343	17.8679	23.7046	23.2667	25.22	31.8434	27.8159	19.4752	21.6827	53.0672	48.1008	26.418	28.2185	34.2292	40.6394	47.8695	49.7654	50.0162	47.0765	48.4032	49.0254	39.4869	20.251	29.7926	22.5907	21.1171	30.9417	36.9326	43.5224	47.3156	54.1	59.5057	63.0516	63.9615	63.0589	62.4231	58.3995	37.8591	8.9429	33.3255	43.2825	52.953	58.3541	58.0712	52.8111	43.4148	24.284	19.9037	9.92854	33.2982	40.2411	39.8096	32.8314	31.2741	62.5884	67.8583	72.2431	78.3535	78.1927	60.1241	57.9511	65.943	64.8131	53.9963	63.3845	69.7049	68.3649	65.9154	59.3106	42.7056	39.9301	43.4225	72.7461	72.4714	39.9958	37.4327	39.3915	45.6336	28.3799	18.713	40.5772	52.5621	55.802	51.9871	45.1249	23.8804	17.2406	46.667	58.9539	62.7608	65.9816	66.0494	66.0029	64.6174	42.4286	52.7017	63.7337	50.0731	35.1904	60.7994	56.487	27.5935	48.6305	57.1955	64.7634	68.9648	59.0035	37.6241	55.2072	70.4835	70.1728	66.5406	69.1349	65.1762	69.5405	67.2415	67.7229	63.6524	39.5015	68.2517	67.2422	66.2034	67.3791	57.1431	49.2026	65.5816	72.485	71.3788	66.625	64.4126	28.6565	56.2121	69.176	70.727	73.557	73.9427	68.3859	68.4562	67.0149	24.7066	70.4249	67.6367	52.8276	61.2743	71.878	61.4386	62.3188	68.4051	67.9862	69.9694	48.676	52.6674	68.5499	73.5463	71.4367	66.9424	70.4605	25.0767	73.1325	73.4631	68.0835	54.4675	52.7696	60.7767	54.789	36.6949	75.5889	77.4536	74.2799	74.1491	71.9206	63.6707	59.1622	40.9663	62.0975	70.619	70.9085	70.2118	72.3693	74.793
17.0833	22.0962	9.23244	17.7918	10.265	14.9384	15.1765	16.9461	16.8047	12.471	6.82834	11.9852	17.1183	22.7873	21.9615	18.3536	12.1697	10.738	30.6439	23.5372	15.4362	22.849	15.5585	22.6837	27.27	19.6859	11.5035	8.93021	17.8479	14.6475	10.1282	17.8536	26.2716	25.8108	18.494	16.7659	19.0913	25.9353	25.3079	20.542	19.1807	18.1589	16.5652	17.9146	22.9699	18.2626	16.1831	14.4922	12.8253	14.8303	20.2944	14.8608	14.571	16.3576	22.7654	24.9644	23.1254	18.9657	14.8197	12.3491	9.4789	12.1525	12.2835	13.7436	20.0702	18.467	14.8171	15.9306	17.7066	14.5505	15.4289	18.1519	24.9591	20.023	16.3872	18.1293	20.4984	27.2907	25.0625	18.9459	22.6556	27.4669	28.1695	24.3237	22.9825	54.1211	53.9074	11.4015	11.9476	24.7002	32.803	48.0996	52.8645	49.1516	48.6322	47.5817	40.7877	34.0616	29.7234	45.0043	41.246	36.3103	28.4512	26.3278	21.6004	16.2824	28.8446	29.5404	40.0371	49.1532	50.0931	54.1007	60.9683	59.5162	44.8451	25.0062	29.2094	38.041	46.3902	49.8793	45.3043	33.9713	15.903	10.4532	36.1358	45.6643	42.1926	44.203	45.8385	41.1351	45.8485	48.9873	57.8531	74.2113	79.1842	77.0875	24.0561	62.2925	63.8548	68.1783	56.1125	58.4158	68.3411	71.5438	72.172	71.4143	70.1039	69.8543	73.53	67.159	33.1157	33.2787	31.8681	47.1009	41.3031	28.7163	43.157	46.0331	29.3282	13.4918	40.1977	49.1829	55.3327	62.8864	69.5024	73.5307	75.7636	76.1119	75.4645	75.291	70.7895	29.7319	57.4932	66.8478	58.2686	32.4999	70.0093	73.6625	67.6856	58.5985	53.7073	26.1354	65.7941	65.8752	62.385	52.4646	73.3848	72.6698	68.1272	60.2673	67.2338	59.2068	63.165	60.5468	9.97944	60.3272	71.8694	71.2556	66.8371	55.3415	43.6939	65.9747	71.3337	76.0934	72.7414	45.1161	50.2372	49.1747	56.3734	65.4339	57.436	71.3711	75.7471	70.2395	60.2992	46.2545	57.4072	66.6427	63.1951	37.1105	67.6971	71.5013	64.8704	71.2817	73.6453	72.1384	57.8462	64.7501	69.9997	72.9309	73.8274	72.7473	74.7627	64.7889	46.7767	71.7237	75.8885	75.7516	67.7799	28.1006	40.9621	26.3832	67.2713	75.053	74.8264	73.151	65.4849	61.5712	69.3244	66.6285	63.4497	40.6922	61.3704	72.1028	72.0107	71.5404
18.2741	20.5372	11.4272	19.3028	12.0918	9.27373	9.24317	12.0413	12.9603	14.2444	5.74336	17.1383	8.75315	9.57838	15.1983	15.7716	14.8463	12.5833	27.1497	29.6951	7.77856	25.229	15.4844	28.6283	21.7755	8.45953	4.86942	10.1362	24.2257	29.4427	25.8685	20.3551	19.8902	14.9691	18.1012	12.8387	12.5826	11.6098	12.5279	15.6331	15.8596	11.9395	10.6254	12.2003	8.96121	11.3759	12.906	13.34	13.3871	21.1961	23.4405	17.1145	9.90302	4.71934	3.06501	5.87175	11.8218	16.2842	12.1293	1.79095	12.9961	22.1824	21.9319	21.6853	24.1234	18.7378	15.3689	17.066	18.5112	10.8731	11.559	15.5569	16.4345	10.2667	10.8127	13.1871	14.9821	19.9006	9.44074	15.82	23.0007	20.7126	19.8188	19.4252	21.7462	51.3837	53.6955	31.146	25.4485	26.1853	33.7933	20.2566	7.22356	11.1457	19.3266	22.2898	27.9975	39.2208	33.1999	45.362	39.6696	42.3328	46.6744	42.7245	41.5855	42.3262	41.4728	40.089	41.3154	42.4447	42.8951	32.7158	40.2982	52.1327	39.8017	40.2595	34.9087	21.285	18.6383	20.1546	16.1371	7.00065	22.396	27.8154	30.4438	24.4275	15.9007	29.5482	35.7136	40.7278	45.4169	43.7615	36.2005	59.9138	76.8428	78.9271	68.9022	67.4583	64.4032	66.8886	60.1875	30.4365	19.9415	34.8428	47.7426	56.0981	58.4785	57.9749	62.2855	56.4665	34.9988	42.3528	43.173	48.7495	44.1373	29.786	40.3141	6.96185	50.294	62.4953	68.2526	70.6652	71.526	69.6097	68.9203	70.6862	72.6644	74.7396	75.8807	76.6044	76.0776	70.0289	39.0937	49.6367	57.7635	66.7767	61.3509	59.9775	68.8623	70.7222	72.0357	66.481	69.0713	62.0129	72.6894	69.0605	63.8734	73.9696	72.4792	63.8715	65.928	56.3041	36.1535	59.5117	43.0109	43.0687	39.6986	56.0726	57.0751	48.7949	18.3244	71.0447	75.4435	58.5026	69.7873	70.806	57.8226	27.6506	59.384	71.4167	72.7414	73.5	75.0837	77.6558	75.3834	68.2969	58.9108	60.644	63.3125	57.6788	66.0712	64.6341	75.1686	69.8825	59.7121	67.1473	53.0796	63.4245	71.5145	75.7813	77.0355	76.5704	77.3143	77.1938	70.6256	55.8985	33.161	14.1457	64.8102	67.2416	63.8368	55.6617	54.534	62.1634	54.7174	35.1273	49.1896	68.6497	68.1311	61.9374	66.7618	70.5282	70.083	65.0312	63.4483	63.4947
21.6456	13.6237	14.9428	21.9783	14.9873	11.6278	11.8206	14.3085	18.4669	18.7362	6.49262	10.3344	17.1505	13.8555	8.07383	11.6529	16.3167	15.2355	17.746	30.1612	0.878231	22.7667	15.9175	26.0373	15.6666	7.18323	7.77771	23.2613	27.4812	23.102	21.2758	19.2207	18.7073	15.1317	16.5626	17.4537	15.5813	12.1134	9.6098	11.0268	13.1424	14.584	13.6411	17.0955	11.0389	12.7382	14.1238	13.2695	9.73278	22.1335	18.3206	13.5802	11.5205	5.24918	5.37247	7.44756	7.90247	10.2068	16.7608	18.229	12.6563	6.30998	10.2916	12.6253	20.9703	21.6723	20.1321	21.6626	23.5585	20.8011	20.7115	21.007	18.9851	15.4834	10.7597	10.2872	15.7386	9.05786	16.3936	17.7185	16.5743	17.2433	18.5061	15.6774	18.332	45.8183	50.031	27.3727	26.2713	32.5087	42.0827	39.7553	38.6408	37.1569	37.9519	39.3845	43.8362	40.8631	32.6232	40.0972	46.0314	28.3821	36.5968	44.4107	42.7354	40.7149	38.9548	37.3311	35.3779	37.8203	45.2537	38.5796	46.1121	56.3751	46.1902	44.4454	41.4837	23.9145	15.1967	17.4382	10.2007	18.8553	27.4836	13.3466	25.0919	29.3539	26.5421	36.6419	36.729	26.2995	31.1331	29.2787	26.7795	41.4096	72.5441	76.6016	69.6038	61.5737	56.6017	60.2544	54.1604	36.8641	25.7244	22.868	36.6346	46.6957	45.6292	45.9303	42.1953	46.599	35.6487	33.2393	30.9298	33.9809	45.2475	39.6167	38.3591	36.7582	62.5589	67.9013	73.2539	75.5258	76.397	75.8329	73.222	68.919	70.684	67.6822	73.4552	76.8397	76.7799	75.3468	71.0717	34.6664	48.3823	70.4675	69.5758	41.7066	60.2446	68.9805	73.1052	73.3894	71.7789	66.245	72.1022	76.0399	6.10476	66.7737	73.2814	74.7385	72.1534	62.701	46.8546	59.2688	56.8179	9.46938	58.8951	71.9829	71.7056	74.8369	67.3173	48.5271	77.4528	70.8707	25.8669	41.0044	60.7421	67.0903	53.3852	47.3219	70.4169	80.7578	78.2444	73.0129	75.6698	73.3143	65.9139	59.7686	63.9745	56.3487	71.737	74.8479	75.5195	63.7342	41.5439	49.3781	56.1527	56.8315	24.9557	59.2844	71.9108	75.8751	76.9737	76.8354	72.6185	70.3207	70.8027	67.8507	37.6004	52.6616	60.2667	46.0761	47.0227	48.2927	36.7837	54.5763	66.734	66.0021	36.2773	64.0821	70.574	68.2534	58.7262	57.375	61.7095	55.7814
21.3527	3.61172	14.9477	18.9948	12.3214	16.1241	17.3301	14.9143	22.758	17.5376	13.0468	10.3454	8.52811	18.5485	17.6835	12.2323	13.7546	16.9828	11.4864	27.0853	8.29126	18.3542	21.3162	14.7891	7.17203	7.65249	10.3604	22.5746	25.2917	15.8061	11.2934	4.95537	10.5357	15.8665	5.10726	0.878125	7.89222	10.1051	10.4445	9.07186	7.85417	7.816	9.88168	12.8685	7.20369	10.585	11.5057	13.8471	6.88619	22.8911	16.612	11.7763	11.8352	7.43646	10.2645	6.8683	16.249	11.3977	7.47521	12.365	18.4658	17.1234	15.3486	12.2519	5.60514	8.08254	11.8502	18.2488	20.3988	13.5951	14.1579	16.7586	16.2568	10.0476	12.2217	6.1436	19.4354	4.28005	20.5273	12.4671	15.1201	18.196	19.152	16.5918	13.633	43.4853	49.9247	24.9059	25.6157	27.6779	34.0901	33.4241	33.8261	28.9035	34.8459	39.2561	43.7336	38.0849	36.029	37.162	34.921	38.2766	29.5577	27.1372	42.3815	46.9271	45.1758	39.5431	35.7877	40.7058	46.5196	37.5845	41.0685	53.3201	45.8121	46.0828	40.851	18.1337	5.646	16.4012	3.61595	28.6902	29.997	12.7067	2.00181	19.887	32.8654	43.2119	42.4913	36.1091	31.5645	27.8753	32.0177	36.8773	63.4498	71.5423	62.5528	36.713	26.8336	59.1318	56.7056	36.5427	28.4342	21.8855	15.3934	37.9814	39.1374	35.9864	26.9999	19.0742	37.3629	46.1729	43.7265	33.9353	39.8539	46.5457	46.516	19.6209	63.7734	68.4426	70.9933	72.3611	73.8477	76.1903	76.8628	74.8442	72.1766	67.6437	67.101	76.3963	76.7061	74.384	74.3297	67.1614	29.9672	67.6958	72.4577	64.0281	52.2843	41.1766	69.4153	75.6387	74.9325	64.2149	71.8097	75.4603	62.3929	33.9172	33.0144	33.9971	42.3363	58.9878	53.0445	53.8313	51.2509	40.1588	62.8084	73.7997	66.1266	72.4039	74.6327	59.7804	72.4367	73.2719	57.2331	38.1822	51.5811	59.7253	66.9848	54.72	58.0663	81.5044	80.8483	33.3815	36.0397	63.1006	65.9506	59.8302	62.5662	61.3489	74.3658	76.3888	69.6497	39.6803	62.7565	63.8847	69.973	67.4555	65.2553	53.6588	5.82867	61.7573	74.085	75.3635	68.1314	67.2899	67.8275	67.4115	67.0499	55.6923	13.8821	45.1311	51.2883	39.4464	42.7387	61.3871	64.8139	49.6481	63.0885	61.7527	51.9249	42.3567	51.2915	68.083	72.0864	65.9647
14.4745	5.77852	16.8274	15.8624	13.6548	10.6075	9.72334	15.1591	19.7931	12.7503	12.1258	16.0087	13.5745	2.36135	17.3058	22.6187	15.7806	10.6905	14.4752	23.8421	15.6576	13.3448	10.2223	13.5645	20.1032	20.3138	6.2048	14.3963	24.841	26.2839	26.2383	20.7332	18.6815	21.5225	17.8105	15.5724	16.106	15.0898	9.80196	4.38205	8.97854	10.2294	10.078	13.4099	11.5901	7.41944	8.2272	14.7913	9.49459	23.8833	20.0909	14.4084	16.8552	9.86238	12.0376	11.3506	11.9356	15.3548	7.90095	9.1416	15.1922	16.8167	15.9051	16.1328	15.4924	10.4268	8.19965	13.8241	19.75	15.6147	12.8852	13.8314	19.8354	17.8591	12.4916	3.61569	25.0688	11.6957	22.98	11.4853	13.6249	19.4362	22.2607	19.7292	20.398	44.494	49.118	30.1697	23.2621	24.7326	25.7964	29.0254	29.1019	23.8461	36.0313	37.4909	40.9911	37.4696	32.7664	36.6121	38.2752	34.354	30.0843	38.3033	35.9826	29.1826	38.0588	42.1091	44.3552	49.0052	47.4063	39.0545	35.0479	47.4066	47.8358	39.2645	21.8982	12.1109	6.44931	15.48	4.26869	31.5913	29.7395	14.016	23.9992	20.3311	22.408	44.9524	46.7226	42.4288	41.3833	45.8753	55.9923	59.888	56.5184	67.1256	66.7423	59.6033	55.2024	64.6454	63.1463	42.1187	29.421	23.902	22.9928	23.64	33.9138	28.8614	28.6772	26.4485	8.2854	30.5944	44.1034	37.3056	33.6433	42.3552	48.085	29.1775	55.6396	75.0795	75.0535	68.9514	60.2157	38.9605	41.5086	55.7787	59.4278	52.6131	28.4952	71.7194	76.5946	69.3709	71.3687	72.8792	68.1598	34.0868	70.4176	72.7778	71.4927	65.2002	67.3019	72.5091	72.5171	69.6594	71.5266	72.3554	70.4719	67.4418	71.4844	72.8564	67.7403	39.6536	54.8822	27.986	48.7454	62.2674	55.5309	71.5259	69.454	51.0636	71.6894	70.9574	51.2005	71.4069	53.6392	56.5761	65.0496	39.165	60.2371	66.0453	64.7111	80.2362	80.7724	40.5051	56.5436	48.5431	41.9646	56.9073	57.047	61.9485	73.5441	74.3237	46.2951	72.759	58.5361	59.8347	68.0159	61.2678	67.7036	66.0729	63.8843	12.373	71.291	75.1354	67.226	67.7674	68.9662	70.1277	72.9122	71.7329	43.5999	57.8704	51.1471	38.5106	39.5924	55.1458	62.5432	61.2931	47.3533	40.384	61.5731	67.8221	68.868	71.178	71.1766	63.8045
17.5825	7.94599	19.4768	12.749	10.1219	11.0604	8.47191	19.567	12.375	10.7646	8.37094	12.0187	16.9536	14.4266	12.0122	17.8572	21.5453	10.3884	13.2734	22.0264	9.7464	8.71241	17.2957	26.4211	21.3106	21.5824	17.8872	10.198	10.1322	9.24095	20.7727	23.8515	23.3423	21.7619	17.0334	15.5556	18.1594	19.2842	13.4108	17.12	16.4024	15.2689	13.1222	13.0636	15.0377	15.4205	8.991	16.237	11.8639	23.0632	21.6429	11.4355	18.0617	11.729	11.9491	11.2409	14.2008	11.6242	14.105	12.444	13.2961	13.9291	14.0562	13.1659	12.7494	15.3347	13.9923	9.96312	12.3936	14.9386	17.9866	18.8737	25.6975	21.5506	10.6396	15.7609	26.2137	10.6494	22.813	12.5598	9.9109	17.4855	21.5746	23.7473	22.9155	42.9045	43.9333	24.6381	25.0852	14.3029	23.9738	32.7719	32.9901	30.0603	39.4373	37.8166	36.3281	35.0841	31.7801	39.9741	42.3972	42.1413	39.9175	41.225	32.29	21.7409	35.2697	38.368	44.9504	42.6817	36.7526	36.4177	39.2977	44.0131	48.7571	27.2685	10.9541	12.3755	1.50004	11.7555	26.2725	30.2978	26.6819	16.308	21.7242	31.8417	36.1053	40.7678	42.7864	45.9273	46.5142	47.9616	54.9027	59.8125	58.4077	68.3396	72.4863	66.4946	63.5138	70.5858	66.469	49.0599	39.0867	33.6779	32.1268	21.7385	27.8317	25.8214	25.1874	29.8103	31.6524	19.2767	25.1445	35.9483	25.4212	28.105	43.6955	50.2543	23.4053	68.7037	77.0471	75.9107	73.6637	72.6053	71.3699	66.5373	66.7381	71.5473	71.9974	67.6608	73.8385	65.0142	67.6967	72.0652	72.7218	64.9156	34.0663	69.7725	73.3211	73.5648	78.4411	72.2339	68.7985	73.2338	72.8942	72.6793	69.5382	69.8999	74.6953	73.5087	76.0776	50.2016	59.5102	53.3183	63.8169	66.736	67.0948	66.4243	69.6539	16.7189	64.5781	74.2157	28.6257	67.0591	59.8126	62.6179	71.7843	67.6728	26.2811	55.4806	63.9947	77.2906	77.9798	58.4508	55.2419	61.8128	65.4049	55.7434	9.91108	54.8824	65.833	66.0502	66.0028	73.9856	49.5328	65.3914	69.1044	65.8542	68.1859	69.1292	71.1939	47.7439	62.6606	72.4805	69.0091	69.7439	69.1915	65.7425	70.0582	71.5177	51.8344	50.9989	57.3238	45.3733	48.4507	19.4965	46.1508	47.9717	54.6652	61.9231	60.9275	65.3953	65.6097	63.2118	57.2379	58.342
22.2046	5.52711	19.7843	11.2343	7.46471	14.3984	10.8252	23.7802	18.3933	16.8549	8.39704	11.9397	15.4135	19.8742	15.1719	17.0894	17.3002	16.9775	18.7865	8.9251	12.2861	23.4661	24.1775	25.1511	19.7683	19.0008	21.4476	13.3938	12.7335	13.7176	13.851	8.49803	9.49238	13.9501	17.6353	16.061	20.8021	18.1036	22.1979	25.1968	23.6699	20.0782	14.6246	13.1118	16.2148	21.1905	8.24726	14.1063	17.5468	22.9586	18.7361	10.5592	15.2862	11.0981	13.9767	11.7346	10.1724	10.4035	15.8387	18.1991	14.811	16.9944	15.6402	12.378	10.6389	14.0186	15.5103	12.4851	14.9507	12.3919	8.28538	13.3386	25.8244	22.9761	11.9205	23.5179	24.2692	13.1917	19.0894	9.41697	8.58207	17.0359	20.7015	19.3346	23.0342	39.6678	42.9423	32.7353	26.6569	19.7574	29.2472	29.6066	36.1809	38.6049	41.8646	39.2656	33.906	34.6046	33.4466	40.4386	39.6075	33.6169	33.2411	38.3624	37.8485	32.049	41.6196	36.0202	32.1391	36.2368	31.465	33.5573	38.6568	41.9675	42.1868	14.7847	21.8772	17.3324	28.832	36.2614	34.1236	30.1908	27.2918	24.9789	25.7489	22.9338	31.6151	24.1804	27.0839	48.078	50.8507	54.3144	54.8848	51.1917	37.2649	68.8097	74.8578	67.9372	64.4455	74.3904	67.6383	44.4891	40.2202	45.6357	38.6065	28.8106	19.7474	28.8679	27.2828	25.886	29.8706	34.382	33.1282	36.5139	29.1362	18.1815	19.1358	42.8348	45.7932	42.9084	70.7902	73.8772	72.707	72.7166	74.1601	74.6045	74.758	73.0111	72.8237	65.5729	46.6855	65.6971	67.9753	69.1203	66.9275	71.0707	66.488	29.2388	66.7082	70.0981	80.371	77.8796	55.4733	72.9138	74.1011	73.7885	67.5051	71.4768	72.4713	67.6892	78.021	69.6694	12.3914	63.5685	73.7102	67.1696	69.3127	64.9954	60.4031	40.8017	56.6398	75.2495	68.1803	52.6024	63.4995	56.2739	69.742	71.6696	59.3658	53.2268	50.4702	71.5417	73.9077	72.8504	61.9013	60.8812	69.4771	69.0731	58.9655	60.2113	43.4335	69.9608	70.6908	61.9479	55.4208	66.5156	71.4088	63.1445	44.6721	64.8486	71.5315	63.3683	43.1544	70.0576	70.4919	63.7076	60.9197	61.9514	67.684	67.6422	64.4483	25.2952	63.9178	53.477	15.3911	34.8217	31.2771	59.5286	65.8965	54.691	54.5156	60.2715	52.223	60.3273	66.7175	68.5666
23.9475	11.1796	15.5189	17.1013	12.665	15.9374	9.60513	22.089	24.7462	24.1777	18.0054	14.4269	13.4819	22.5943	26.4171	24.0301	20.5385	21.426	17.686	6.24903	17.9469	15.4114	12.618	22.3082	22.0226	24.4724	32.7328	31.2732	23.8633	20.6347	18.9216	15.9729	17.2186	19.6148	16.3961	9.37047	15.6459	13.3795	8.71089	6.97484	6.13145	10.7089	16.7524	16.5616	25.4583	30.496	19.4941	8.60914	3.66097	18.5906	14.4971	13.4305	14.9425	15.8718	18.8652	19.9531	13.0979	10.0028	13.3373	16.4332	8.20278	15.7663	23.6894	25.8281	21.8512	18.3478	20.6579	19.6949	17.6466	17.4332	18.1477	16.8143	18.7171	16.2848	20.066	35.1085	28.075	27.412	18.2856	15.6279	26.3753	29.3376	24.5305	20.4228	26.5519	39.7129	45.3532	41.9187	36.765	25.4541	28.4748	33.9842	43.6011	49.7157	47.9555	41.7323	40.9007	45.2471	43.368	42.7362	41.036	37.4351	38.7281	43.147	43.6626	42.6488	45.938	39.9149	35.9923	38.1054	34.8945	36.8168	44.1617	36.3912	19.2804	6.79732	23.4193	28.8647	44.983	48.3949	42.136	38.8765	44.7817	49.1318	49.0804	45.303	34.5046	18.2841	7.56213	38.9812	54.5426	57.2318	55.724	55.5269	54.4832	75.0234	77.384	62.9617	61.2291	76.1151	68.3564	45.796	41.2004	45.8359	40.5205	38.2315	16.7446	2.67807	15.4907	25.8663	31.868	34.2445	32.0678	24.78	26.1709	23.5969	31.2963	47.3239	36.8811	27.0899	52.2118	69.8915	74.378	74.7693	75.8056	76.6472	75.3304	72.6059	71.3337	71.5974	68.1171	59.6451	56.8921	63.5044	60.658	67.4318	69.7451	57.1917	52.871	68.3746	79.6755	80.4749	66.497	29.5894	70.9626	77.6988	77.0492	73.1846	45.8737	70.5967	73.57	71.8809	73.0026	72.1489	77.3194	71.7564	70.4826	73.9954	73.0393	68.9401	66.5546	75.9414	77.75	58.4393	30.9281	52.2251	68.8098	70.2926	70.3452	71.6584	71.4825	73.7991	76.6749	78.7014	78.339	74.1341	72.0601	74.355	76.0651	73.326	67.0673	74.3783	75.3192	70.6704	71.4549	67.8277	56.3588	42.3357	67.2647	65.8647	63.7532	65.731	44.9966	50.1157	66.9237	70.748	69.6479	68.0081	64.466	70.2043	73.1862	67.4983	48.6443	54.8867	57.5025	51.0963	36.8125	62.5302	68.7343	63.8703	63.0477	69.2164	71.3791	69.857	66.2512	65.9992
21.6888	17.0684	6.65477	14.782	15.1493	20.4124	20.4964	7.92875	17.3563	18.9518	15.4865	7.44335	9.82404	15.5809	19.0375	16.2637	14.747	16.5115	6.38059	10.592	12.6762	14.4027	15.2642	26.3438	23.5649	17.0355	24.3404	27.3928	23.8868	13.7535	8.31619	4.20575	16.3435	24.4114	25.528	18.9417	4.0045	6.18012	12.2766	21.9276	19.4544	11.4697	6.33521	12.2923	20.8043	30.4651	19.4166	14.8745	14.7143	22.103	11.5403	11.4693	9.88736	10.6907	12.2451	15.7304	13.7254	6.655	9.80429	12.3751	10.2569	17.1983	18.0776	19.7539	20.6196	12.9333	14.8888	17.4681	10.892	10.4396	10.9366	16.3921	10.7126	5.17011	18.0746	34.3888	18.1254	35.5927	16.2369	20.4294	22.2217	22.7556	22.6962	14.4107	17.2026	35.8807	38.8618	35.5231	32.9934	15.5321	25.9399	37.132	33.858	37.239	33.7251	26.3867	36.0227	39.2912	32.4806	33.3173	35.8183	31.8238	30.8044	34.4657	35.333	31.7943	36.9135	35.532	31.3774	26.0306	19.2714	32.7014	41.8345	20.8043	10.9267	12.9821	16.4177	40.5286	47.4499	38.0606	37.1474	30.5855	39.5056	42.8727	42.6029	39.6131	33.8636	19.3226	8.57181	13.0435	49.8171	54.5948	50.7935	44.5805	43.8553	76.4441	78.3065	62.2004	57.6534	75.4219	67.6029	52.6442	50.9314	41.4848	31.8314	39.8478	29.0125	18.8825	18.2487	16.2847	20.3833	21.4373	19.3462	6.95719	23.323	34.2762	32.8887	38.3969	5.46799	31.2987	17.4499	51.5926	64.2785	66.6564	66.2355	65.9775	67.1171	68.2424	66.1085	67.2526	68.3201	68.7499	50.5354	47.6515	50.0148	65.0401	65.9767	63.1346	28.1825	64.8836	77.3896	79.7546	73.8938	63.4733	52.2777	72.989	74.6443	64.7037	67.7652	74.6696	42.1909	61.8462	70.06	66.6893	77.113	67.4232	67.5618	69.0101	71.8628	68.0852	58.9207	70.752	77.6123	69.8806	48.2212	38.224	66.0383	64.0401	63.5723	65.0337	66.954	58.296	69.5462	73.8332	75.9635	70.0753	66.3907	68.5181	76.878	75.3045	58.3699	72.6697	68.1444	72.0356	69.5846	56.0476	62.5107	68.7834	66.684	55.2344	35.2518	57.2136	63.0854	64.6114	43.6283	70.8417	71.9457	71.2872	60.1321	58.7378	69.7726	65.2823	51.6537	29.9112	42.0619	27.717	25.0514	56.1543	63.3428	64.3133	65.6969	67.8131	64.5565	58.7379	60.4494	61.5276
16.6326	16.8976	1.89807	11.5099	11.2739	17.4698	25.2597	8.01604	13.1878	13.5308	11.7509	12.3004	10.269	14.977	4.71586	3.76359	11.0259	11.4681	5.19581	12.8512	11.6799	9.78674	13.0477	29.9196	26.9579	13.1772	5.96977	6.58092	12.625	13.568	17.5167	12.6482	19.1293	18.9454	0.723709	12.9627	12.9808	12.3004	16.0292	17.0979	5.33494	9.94766	13.7137	16.3127	12.2067	25.2806	15.066	12.4499	17.0692	26.3398	14.4951	7.53686	9.43353	8.19591	7.26216	9.91917	11.295	8.76569	9.32553	13.5139	12.5791	20.0278	13.8803	2.34062	16.302	2.14165	8.02353	12.3047	6.35385	11.5139	9.60343	6.18201	10.5646	20.6788	21.4611	30.1259	8.9526	35.8655	15.3901	21.2701	19.3817	22.6284	26.6086	16.8792	13.4778	31.9154	33.1669	31.7564	32.9604	20.6507	23.6294	34.1028	25.1687	19.2719	7.07692	18.4435	32.5954	31.5494	19.3704	25.2953	29.0196	21.5178	20.4066	28.1134	28.7415	24.1146	29.445	24.6364	21.4961	24.0027	21.4985	26.7013	34.6844	10.552	17.4948	16.8765	21.4807	48.0009	51.8738	21.1253	26.1281	22.9149	27.9366	32.0936	24.3992	18.7885	38.886	28.589	8.12761	8.02186	45.561	49.8087	46.5706	43.1328	46.6627	76.5453	77.7719	61.0363	54.6376	75.0014	66.6335	53.4943	52.6736	38.7358	16.5338	31.4849	32.9069	22.2774	30.3372	22.2826	17.1059	17.5582	21.6079	20.0473	20.1628	37.977	35.1383	23.7367	27.0359	28.0667	39.3216	38.8597	27.6725	34.1505	43.1503	31.8458	48.3934	47.5513	48.0474	58.5886	50.0781	58.1873	29.2264	43.1982	16.7033	65.6039	67.7705	62.7228	31.3636	44.8516	74.622	77.6764	71.6781	72.3159	67.8895	15.543	65.6913	64.903	74.3529	71.4766	57.8522	59.753	66.2463	48.8315	75.8582	66.7329	70.4744	63.9914	59.0084	56.7686	50.2283	65.3376	76.0659	69.9569	61.8898	6.10788	56.7905	57.5507	50.0232	58.9369	67.7036	51.3232	56.2235	56.6363	68.6643	64.643	62.6941	51.4677	73.3852	74.0642	49.9488	68.7436	42.3892	61.0286	56.1343	11.4795	71.1295	71.5475	63.5237	52.4541	52.2931	41.8204	61.3044	70.0779	24.573	64.7433	68.5977	68.6074	57.0762	50.9164	67.1586	55.516	52.269	57.0286	52.9516	53.9488	46.8353	41.3362	50.0397	46.3048	37.7158	44.3748	57.8392	64.6968	67.4915	65.1944
9.49369	12.26	3.40397	11.0315	12.2245	14.029	24.4473	15.8423	12.7431	12.2435	9.59044	14.1823	7.26775	14.7525	4.59741	4.29495	15.1102	8.5438	14.957	13.4651	12.2472	4.65354	4.93372	29.0308	26.9559	14.4307	14.0006	4.00374	10.821	12.4118	17.0329	12.8236	10.6194	13.0112	8.02284	8.32395	12.3652	11.2046	11.4786	16.8743	6.69669	9.60125	14.61	18.7801	6.69004	17.8305	12.8132	14.459	18.9768	27.5091	18.8108	5.01649	9.18355	9.15913	7.12738	9.60261	10.1541	10.4504	8.02304	16.4499	11.644	14.9758	10.5636	1.24096	16.0718	1.41478	10.1987	8.89308	6.20851	13.7711	9.30092	4.21228	20.4049	26.9972	20.2082	23.4592	9.78914	31.9005	14.61	22.9427	19.8751	25.8044	27.4838	21.7196	19.7495	28.0118	30.5252	32.1022	29.3244	18.0057	12.2474	23.2226	25.7143	26.3068	21.2061	20.6442	27.433	28.5437	23.3214	26.3311	24.8927	20.7216	22.357	29.5272	28.2109	22.9936	28.7224	25.3916	23.5158	24.8737	19.9534	20.8355	31.0119	14.5367	10.3199	17.3065	22.1187	53.8116	55.9887	28.1126	22.6536	24.9922	15.6661	32.2689	32.5434	22.9628	39.6406	39.7462	13.8453	17.4894	46.4946	49.0848	45.6289	40.9656	47.7974	77.1837	77.1521	57.549	56.1483	75.89	66.9344	52.8199	47.1291	35.6448	4.35137	19.3426	39.2379	33.2956	36.5071	28.3199	17.1045	17.5567	20.4361	23.0913	12.013	35.4254	40.5189	12.6886	37.6848	27.4633	32.5125	35.1536	31.3121	13.8088	46.1077	45.2403	48.2814	33.5289	39.732	53.8051	58.6616	65.9249	28.0331	42.32	39.994	64.457	69.6	57.5564	45.9641	25.7509	74.4824	76.4894	69.4248	71.4819	73.5678	52.2085	66.783	71.9813	74.704	60.5943	65.537	56.2912	69.0765	32.8791	74.9766	74.6389	72.848	64.2073	59.6833	62.039	53.8589	64.4248	76.1068	71.9789	63.0724	39.3421	41.5897	58.0334	53.5782	57.297	64.711	53.052	55.2876	52.6389	67.0387	63.6323	60.5497	53.644	72.9507	72.5155	58.1368	56.2641	64.522	54.9477	55.8616	58.8641	72.2748	72.2656	64.0416	53.544	53.3782	40.475	62.4265	68.2787	24.7433	59.707	67.8771	64.8502	58.7055	60.8335	66.8594	54.129	45.5707	52.9004	53.6546	54.0114	55.6741	16.9228	39.7	39.2203	43.0714	54.6639	62.3169	70.3683	70.6052	64.6547
9.79435	13.7731	9.78814	11.6063	11.9144	12.6874	22.7188	19.5553	8.38029	14.9305	13.0458	19.4443	23.2299	21.6224	16.1671	15.6436	11.3894	5.19801	21.1849	18.114	15.589	12.591	17.3245	26.1996	20.0704	12.6224	16.1424	7.79422	7.64861	14.8931	20.5571	21.2614	18.8099	17.3243	14.8047	7.36385	8.22724	15.5328	18.982	18.1534	11.5487	12.0421	10.9119	16.1668	22.4821	19.658	2.60731	13.979	19.9643	27.2077	23.5283	17.582	14.1221	5.0764	3.01676	8.05034	10.1152	11.8889	10.775	20.9774	15.3836	15.77	13.835	8.60591	16.2118	11.4358	14.9559	12.1893	12.5162	16.4166	7.80997	7.29164	21.9528	27.9699	18.6787	22.0567	12.9873	31.1938	19.4246	28.1949	17.3645	29.1957	25.6095	18.5169	21.0481	29.0858	32.2419	35.2262	34.0292	29.5928	30.617	33.3544	33.0331	30.9822	25.2747	16.9561	26.7337	33.4138	30.2004	28.6553	25.1404	23.5492	25.0513	30.2702	28.1426	22.5891	28.1441	26.0438	24.8043	24.7082	18.2359	18.877	25.9672	14.1214	2.49286	8.57068	12.5812	55.4332	56.99	32.7506	15.453	25.1146	29.735	36.8489	39.9634	28.2808	40.0056	45.7203	20.1264	28.4542	51.3599	50.4014	42.6414	38.1035	50.7146	76.7716	76.5382	59.2526	62.0017	76.9922	65.8376	49.0118	39.9798	31.7216	10.2959	22.8134	38.2612	33.7029	36.2895	28.9373	15.101	11.9914	1.65527	17.4454	22.8802	35.2141	34.9939	28.512	47.2557	26.5397	23.5093	18.919	39.4324	29.5267	38.1296	50.0677	53.6176	43.3459	48.1832	50.4491	62.2394	71.7667	68.3825	64.203	65.744	37.8263	69.4772	72.6909	70.3667	64.5103	67.71	72.8796	72.2727	71.8571	76.2391	75.174	70.4481	67.9148	72.3775	71.5896	71.5101	65.7317	74.7506	74.1674	73.5007	73.9267	72.5737	60.6539	52.6685	66.7446	63.8306	70.6955	77.8371	72.6968	67.0735	70.1886	69.5579	56.2154	41.9709	42.5996	54.7218	55.6356	52.1994	38.083	58.3542	57.3856	62.6661	64.3259	74.07	77.2293	77.5145	75.3084	72.5699	43.1859	59.2719	69.5541	73.3441	70.1431	44.5758	60.7983	63.5298	57.3681	66.0255	72.2428	52.6505	41.5271	67.6999	70.8311	70.4628	70.7992	70.5738	71.2432	71.226	69.5216	67.9779	66.1864	68.4479	58.6056	33.9761	9.46133	39.3327	60.3705	66.708	70.5631	68.4457	62.185
13.4748	16.0925	13.916	12.955	12.311	13.9402	19.163	18.6732	8.89322	16.9423	16.1956	20.0261	23.5049	19.4981	12.9418	10.5547	10.6148	20.6688	24.4952	20.1811	16.1493	18.5573	25.4974	25.7053	16.3153	15.2101	13.2828	9.64215	8.03633	7.33248	13.8681	20.1241	22.8963	22.9329	19.8698	17.2774	15.3507	19.7897	23.6692	25.2457	21.891	20.249	18.3952	21.5133	30.4405	28.0488	18.2514	9.95493	13.4531	25.9729	29.4525	28.6826	23.8984	16.1207	8.03633	12.8426	18.0944	20.3656	14.7779	21.0962	14.6167	16.6468	19.9109	18.2018	19.8451	18.1286	22.3269	22.6508	21.1418	20.0201	14.8692	14.3348	20.718	23.1294	25.5399	30.5557	16.7514	31.3319	32.5621	29.2125	15.927	34.8112	20.4924	15.281	21.1301	31.2115	36.0378	39.2571	40.1269	39.2794	37.4844	37.5406	39.0765	35.52	28.6085	27.5824	36.1264	37.7114	29.8572	31.0101	30.5253	28.4078	27.2982	30.9413	30.1015	24.6989	29.1253	28.1422	27.6988	26.9568	21.1758	21.1177	19.6244	9.04424	1.50922	9.2331	11.3947	53.8867	55.564	38.6667	31.8747	36.2597	47.0663	44.4857	42.003	30.3199	43.4483	48.5969	24.1534	27.8249	51.6489	45.5659	32.3578	38.3492	58.6504	75.4199	75.835	62.3549	69.3605	77.0697	58.1268	43.1379	37.1329	30.1485	25.3025	31.6442	31.5443	20.9149	27.0375	34.0588	32.1035	27.2504	21.7093	11.8337	23.0508	25.6927	13.6222	51.6735	54.8208	44.8122	35.2421	28.5649	44.6102	42.6216	10.0965	39.6053	54.5074	54.6158	58.5806	56.1625	51.5732	52.8602	66.5678	67.3226	68.5524	63.573	62.908	75.8606	77.4068	73.7619	42.2529	66.3891	76.6525	76.7282	78.7203	79.2916	76.641	65.4761	41.5542	74.1207	76.2098	75.7057	78.7752	79.7434	75.2445	62.2961	69.3855	73.4413	62.6684	72.3673	71.2791	74.8816	80.1533	73.5636	73.2036	76.9036	75.8058	67.8935	46.6308	38.6023	13.7094	35.4218	15.9306	54.4823	49.6279	32.0001	47.6549	58.4438	69.7975	76.0204	79.0704	77.8212	67.1089	63.2643	68.9624	72.9285	72.6069	60.0051	56.4302	71.8849	73.7465	72.3416	72.1631	76.0061	68.623	36.6591	38.6851	61.4967	69.9418	74.606	76.9561	78.8948	79.0606	78.0125	76.6328	75.0823	75.1209	72.1615	64.5541	41.5821	16.4964	60.8271	69.951	69.094	64.5588	62.1909
9.07811	12.7757	10.6039	10.8612	13.4614	14.6258	14.0484	15.3812	16.7523	7.8085	8.8438	9.20642	8.04859	14.1865	16.4751	17.6943	18.2327	17.2162	17.5105	15.2501	13.7922	13.783	12.937	11.7638	12.1966	12.9403	9.40445	4.71392	11.2585	12.7569	9.12876	4.46445	12.0386	20.2438	23.5644	23.9954	17.7047	12.4961	15.6018	15.264	16.919	19.0442	19.6011	19.8521	20.0577	25.0116	23.0988	17.1378	16.0655	15.7786	7.15673	6.87301	19.8112	23.0863	18.3131	17.3484	16.6305	20.3431	12.1395	16.0846	8.01303	14.4508	19.4874	16.1539	22.4335	15.7648	19.8747	18.2729	20.1022	20.5762	16.1503	15.9348	25.9928	24.6092	21.667	32.693	18.5049	21.7635	27.4342	15.85	28.1979	29.0031	16.9067	19.8355	17.2732	22.0803	29.3531	34.2567	29.7604	25.4201	19.5319	17.5081	26.6377	23.2352	26.8192	30.7645	34.2468	33.3805	22.9238	27.0473	25.5261	22.1229	22.3212	27.7767	27.6117	20.5612	26.7233	26.5073	25.5075	24.3571	17.6583	16.504	14.8918	11.6408	10.8668	10.8002	12.8194	53.2763	54.4473	39.0953	38.8334	41.2942	37.2702	39.4988	36.3335	20.8547	43.5714	47.8573	21.707	16.3538	44.5671	49.2296	43.8033	51.9142	68.8854	75.9213	74.9011	59.1208	71.2996	75.5401	61.06	56.2606	46.7929	36.4562	38.2375	31.8321	8.98396	16.3044	22.4231	29.3795	29.3238	21.7095	22.2184	31.3136	23.908	9.37479	28.68	51.2455	46.88	43.9768	42.6972	26.1941	39.9329	51.2193	44.929	17.2757	26.8798	35.0095	21.3969	62.4322	71.2455	69.4468	66.0101	21.0113	58.482	72.4035	70.2643	20.5704	63.0439	70.4409	68.2485	43.3005	63.995	73.7998	76.2386	75.5021	72.3595	72.2527	73.0537	60.9142	30.0985	39.5082	42.7654	58.1763	69.6214	67.3056	47.8309	76.6684	70.8133	62.954	63.9745	71.9973	79.8089	70.712	69.8454	70.0403	74.1786	70.3779	56.3326	64.5052	67.1317	65.0126	68.4333	72.1661	70.1274	69.7315	67.1283	61.3619	59.1718	58.2496	22.5181	52.096	72.2332	73.4455	72.4991	70.6794	54.5825	63.7238	72.415	71.2323	66.7921	64.6573	65.755	75.2942	71.1387	66.6636	66.4778	62.9218	42.2128	49.0071	70.7716	74.3303	76.0213	76.0416	73.1125	71.3021	73.8809	74.6548	73.0343	64.0297	42.7615	45.016	67.9092	71.506	68.3371	58.6803
9.06243	13.1502	9.41174	7.53146	12.1629	14.2375	13.2772	12.201	19.3771	5.55857	5.46743	5.68838	22.7599	26.0298	18.2398	3.60792	17.5178	14.4024	15.6696	16.8424	12.7274	5.71734	7.15823	11.4311	11.2471	11.4135	13.5061	11.936	9.68212	9.94259	10.4291	10.251	14.842	17.3632	15.7219	17.7368	21.5032	13.1377	17.3088	14.8079	13.258	16.457	16.649	19.3053	19.8339	27.9127	23.4052	11.8535	18.2313	27.9244	25.8204	17.6792	13.0887	23.3576	26.8087	20.7449	9.11493	17.9057	12.3594	18.2158	12.2205	15.2969	21.9336	7.87657	17.4586	16.1962	20.6491	17.1795	20.4481	19.4596	20.1489	25.8347	22.9316	25.7422	25.699	33.2312	32.9034	13.9962	16.2209	25.9898	36.6381	26.1564	24.3246	23.7064	18.5622	17.6226	22.7268	30.4599	25.9811	24.0716	22.2213	20.5046	25.3051	18.3737	27.8908	30.1777	31.2453	34.7525	27.7515	28.1869	25.0663	20.6448	21.5607	27.6671	27.5408	20.7014	26.432	26.2782	24.893	23.9196	16.1544	15.6983	16.2747	12.1144	6.80177	4.38129	24.8098	53.2281	52.5093	35.1344	36.226	47.727	41.4994	20.7892	29.6782	21.7344	46.6993	44.8196	24.9541	35.0379	32.2877	35.5068	47.5507	66.0065	74.6432	76.3215	71.1594	47.3003	65.9222	75.0959	68.5746	62.6483	55.5951	45.4797	47.998	38.6426	12.3243	15.618	13.0528	7.36137	19.5836	19.7483	14.5961	31.0922	23.148	20.0247	25.7744	42.0752	47.3277	12.5679	43.7087	39.1284	34.5093	42.0549	47.9385	42.6441	28.0212	15.7314	40.8062	68.6115	74.1853	62.1047	74.505	67.4462	15.2076	65.6382	72.71	67.8026	53.532	63.2711	69.1632	71.4438	61.5291	19.3421	66.0529	73.4463	70.6602	70.4667	75.7209	75.8968	74.7018	73.8039	72.5016	63.9958	59.4196	70.8311	66.6674	71.6682	75.3803	23.2746	53.5009	73.1074	78.8895	71.2499	62.8318	55.6149	76.5649	71.0494	61.8053	65.1869	65.4143	67.2457	69.5359	67.8326	63.8314	68.8608	69.3864	71.3355	72.04	71.9378	71.8951	43.8439	74.7522	77.1415	73.7117	59.8794	53.3765	71.8252	75.0883	65.1823	47.5374	61.3921	60.8728	68.4973	66.2306	51.9562	52.3847	43.9236	41.4614	48.9053	30.2644	8.10161	41.3624	61.4237	55.6879	60.033	69.8466	74.9215	75.0382	68.0917	61.3188	30.049	48.304	68.2191	71.2135	63.183
10.2102	14.5421	14.9094	13.6332	10.2461	15.9997	16.7462	16.8566	14.2632	8.75392	22.627	27.0598	31.7228	27.1067	24.5649	16.7324	11.7068	17.3412	21.4418	21.4734	20.8413	21.7231	21.2978	19.6948	13.3128	11.9105	14.6273	11.8529	10.5853	12.9732	12.8081	11.9087	14.3531	18.7281	12.6406	9.42824	23.2674	31.5246	26.2636	12.6581	9.08101	13.8512	17.8109	26.764	23.1324	32.0791	26.3132	21.6055	19.9445	17.9259	14.1439	24.7272	13.5523	19.5466	24.8632	24.805	6.19316	20.1708	23.5443	22.9842	21.5829	21.7341	21.7225	14.7536	19.2268	29.956	31.8692	31.3106	35.8303	37.3919	40.2341	45.0706	42.6511	35.8453	32.9936	36.2964	44.9469	44.0293	36.5296	21.4649	22.0938	36.952	38.0659	33.2392	26.2967	28.5366	31.8607	36.1992	33.4855	33.6558	29.2066	30.7239	30.7745	29.8345	35.1858	31.6972	33.5829	37.3247	30.9041	32.7537	32.629	28.5798	26.7935	29.8035	29.1826	23.8721	28.1887	28.0184	26.2996	23.8036	16.7431	19.0654	14.425	1.8643	9.39496	19.8653	29.4793	47.1936	47.0196	34.9288	35.5437	46.7885	47.6131	29.7959	19.1351	11.0924	47.107	39.0911	29.432	44.9289	56.9887	64.404	69.6253	75.7944	76.8311	73.7813	64.0312	42.7535	52.576	73.4081	72.2476	65.2228	62.117	56.8798	57.9285	47.461	11.5065	14.5428	26.3538	28.2622	26.8195	21.8847	24.3315	27.4979	10.7707	16.9282	19.6322	33.5451	41.1501	27.4786	17.664	39.2992	33.7296	35.5662	44.1606	43.2341	45.8505	24.7874	40.126	64.5803	73.3401	58.5338	69.9846	76.7395	71.0311	22.1603	66.2406	70.1697	72.1983	62.8777	37.9997	74.9886	79.9609	78.9479	69.0713	40.7898	62.6315	72.4847	77.3361	78.5837	77.3982	74.0773	72.2517	76.292	70.9404	11.4163	62.6547	63.5301	69.5993	61.7492	24.6983	68.7351	78.2754	77.3953	71.5671	63.3829	76.9087	72.6869	60.1861	65.9824	61.136	70.1942	73.1268	72.2866	72.6893	76.8373	79.5168	80.5613	80.5235	79.9838	80.1745	77.7953	59.7267	76.7829	78.9408	68.8796	70.3695	73.5172	69.5115	64.2462	72.2791	60.6201	40.9277	63.8973	60.7946	8.61801	19.6318	37.3363	48.4482	45.0222	67.07	72.8053	73.3306	75.025	73.2293	68.6928	58.5434	60.7687	72.3832	73.8964	74.6098	72.3836	66.533	54.1743	60.7431	67.8701
8.10602	12.1612	15.838	17.0016	12.5761	15.6829	21.2488	15.2505	5.75095	18.9098	19.9917	16.7417	22.183	20.6456	23.516	26.2554	7.466	9.08021	18.4578	20.7355	17.5966	10.6385	7.16323	16.403	12.874	5.10096	9.41305	6.99068	6.42755	11.2447	15.4064	16.7679	17.5617	23.1403	22.1579	12.6984	15.0237	25.2949	29.6031	21.5668	6.02666	17.6562	19.1186	18.3089	11.8601	29.5465	23.8187	27.3848	16.9654	15.9592	9.24126	23.1778	14.8031	27.7815	23.5581	17.9075	15.0933	7.17375	16.5299	20.6864	20.586	23.0666	22.8406	22.4167	27.301	33.4384	36.7515	44.5931	51.4458	52.8527	52.3452	52.7411	51.4368	45.7625	37.1266	33.3836	33.2039	26.8315	25.6846	25.9924	16.0628	24.5897	33.1269	34.6861	26.1722	33.4446	36.6347	39.7767	35.1186	34.1006	20.9428	19.732	27.3839	33.1815	32.7968	29.3948	32.991	34.9182	29.0485	32.2246	32.7147	30.0455	28.4548	29.6192	28.4553	23.3098	27.4378	27.4002	25.4476	22.3588	17.822	18.7521	5.81135	8.79522	11.6235	17.4346	21.8262	40.7069	42.5848	33.7552	36.3099	46.4449	46.0307	32.8144	31.6106	18.2813	43.6245	27.2252	25.1564	39.3693	60.2422	68.1018	74.1168	77.4758	75.0306	66.907	53.5617	38.3975	12.9582	68.2117	71.467	59.743	57.0407	53.3075	57.0101	50.4578	32.7142	26.5017	24.9298	20.394	12.399	15.7875	19.196	14.4732	15.9601	13.1253	16.4322	33.3516	31.5286	29.288	18.0273	22.3	27.4299	31.7968	40.1185	31.6335	40.265	34.1643	27.0919	62.9595	71.4584	73.0222	54.3165	72.9951	75.6249	61.5017	25.3544	42.4391	57.7504	66.6833	73.5591	73.1112	74.5065	78.9204	78.0364	70.2982	54.0258	20.5643	59.9344	73.1301	75.4106	73.3211	69.1919	76.603	77.8812	72.0978	57.124	38.2986	47.6325	63.9928	63.08	44.7587	66.738	65.6181	65.7306	69.5972	76.9943	75.2967	49.3053	66.9594	65.5287	71.2944	73.3821	73.5534	75.2647	77.7797	79.5465	80.6438	81.2502	80.6232	80.8305	80.1791	72.2973	56.5506	80.2193	77.7026	73.8474	72.6027	46.8255	74.5812	69.7843	60.8795	65.2039	70.2627	53.8981	47.3881	42.1063	47.7359	56.8799	67.3017	71.0324	65.7291	67.537	75.1334	74.8433	75.0501	73.6613	60.4909	41.6488	55.3454	70.07	74.3447	72.1599	63.4591	28.0713	37.8912
1.83066	3.7891	5.39888	6.69221	6.54611	11.9175	22.3644	11.611	9.95165	20.3069	16.4845	13.0799	21.2182	18.1632	15.6948	23.8751	9.91171	3.61133	7.8129	10.8095	12.2733	14.9139	10.7923	11.7555	17.088	10.6441	12.4513	8.63052	3.64506	3.4905	10.3199	11.0972	12.5974	22.6635	24.6043	16.5012	21.5188	21.7741	9.6947	23.3899	14.1411	14.0643	18.8245	20.3714	8.87391	20.1871	9.7054	7.061	8.33427	15.3538	7.7668	21.9281	11.32	27.8011	14.6476	7.82853	11.5305	13.7985	16.2462	13.3422	11.2659	12.6386	10.3927	16.9131	20.3923	20.0328	23.3496	39.5194	40.6099	34.6275	34.4822	33.9209	44.5246	46.2572	32.6831	34.3525	36.8727	27.0799	19.3021	17.9341	22.9628	25.684	20.4668	32.3957	15.0075	14.5706	19.6051	24.0127	24.5588	33.9467	22.8723	19.9929	28.2179	23.234	21.4652	23.077	28.4679	26.1793	17.9849	24.6474	22.5697	13.351	13.6335	20.1486	21.1062	15.4446	21.5229	22.1147	20.5255	17.4822	13.3282	13.0644	4.1765	11.5242	10.0916	15.258	18.1188	38.3499	40.7892	28.8655	32.5135	46.6221	43.2412	24.2526	26.2377	12.69	40.4715	16.6906	26.311	35.2097	64.7468	65.8994	69.692	72.4283	65.0067	47.3332	31.5262	32.3483	17.092	65.5574	71.0774	56.8043	57.7029	55.1656	50.96	42.9783	41.3079	35.4597	19.6954	15.4806	12.7893	15.2491	17.0354	7.87636	13.4356	12.8063	9.96359	34.9669	36.0606	23.6606	18.6648	4.91171	12.6386	20.218	36.0642	19.9127	29.4041	44.389	9.63312	57.8661	66.1303	74.7439	70.4383	59.216	73.7577	67.2408	39.7131	39.8364	42.4969	28.8054	77.2065	77.3474	10.5343	64.9186	73.6141	67.505	61.6444	66.4386	58.8818	32.2599	70.1201	71.7658	59.0385	71.1822	73.7656	65.3361	69.9127	61.5186	47.265	54.1318	59.2027	56.3908	67.4364	56.2788	21.2225	57.0066	75.3165	75.588	28.017	65.0289	70.7193	70.8387	62.6695	61.1747	66.6616	60.865	58.6997	62.6708	64.1608	67.3583	77.1914	76.5798	77.0134	67.6459	74.7662	75.5618	65.242	62.1615	61.4843	72.8671	62.072	60.2869	62.7034	71.3988	55.0733	52.6737	45.2064	38.9647	39.5661	58.692	50.1552	45.0352	49.9653	68.7224	32.2267	48.0792	62.7728	53.4031	50.5768	42.9342	32.9303	53.9235	58.8825	50.3748	48.5025	45.4316
5.26147	7.19357	6.22098	6.29093	5.42356	14.0752	23.6791	9.42536	12.6141	18.6065	14.486	11.0257	22.8307	21.2905	13.0081	21.7896	11.5247	10.5604	10.3691	11.2529	11.9782	11.3394	3.52076	8.50025	16.8911	13.1593	7.30316	4.34829	7.81262	7.78955	8.95484	8.33355	7.7369	19.1526	23.3916	18.4282	23.0909	26.0606	13.646	12.8806	12.0327	10.0807	11.827	16.2853	6.24251	17.7842	16.4177	10.6267	10.3915	17.4152	6.46176	22.3813	8.14454	25.6115	17.65	7.6884	11.2957	14.2643	20.5369	16.8596	8.74446	10.1563	6.65536	15.172	23.136	25.8203	32.1974	37.7017	20.2032	15.8213	23.4933	25.7078	41.272	46.7409	36.4574	33.9571	36.2285	23.5041	6.58212	17.558	20.6624	26.5836	16.9326	33.4209	16.5113	9.74242	18.8968	22.6747	28.2585	38.4359	26.0196	21.5685	31.2513	24.9403	24.634	23.4541	26.9856	25.6077	17.0705	23.7813	22.6701	12.2332	12.5974	19.6091	20.4531	15.4422	20.8589	21.5209	19.5116	16.7749	13.4719	10.8491	6.29795	11.523	9.45496	14.4714	17.1549	37.5132	40.617	28.5977	33.2004	46.8394	42.4414	27.8066	27.5014	19.8349	39.8421	6.9289	39.5566	43.5644	65.177	68.9992	70.8757	70.0486	61.0815	32.2534	11.2275	32.5315	31.0611	65.4307	71.5569	56.4704	58.2707	56.3774	49.6217	40.5102	39.1367	34.5413	17.9868	12.6145	11.4269	14.5986	18.6695	17.4718	33.7932	35.2022	20.8286	32.9984	39.5917	23.5243	20.5522	14.336	17.3348	27.7705	39.0066	26.7942	30.4317	44.9037	25.4009	51.3875	62.8741	73.6408	73.2716	37.4468	70.8949	68.7995	45.8201	40.0258	55.9683	12.8501	76.1956	77.4459	44.9993	45.7274	72.2543	66.0287	55.2513	65.4588	69.2366	32.7445	64.6906	71.0861	63.7813	72.5193	73.3714	64.5544	70.9479	68.9357	68.8069	68.6134	67.5858	64.6484	70.0043	65.2828	64.6034	56.2933	71.924	75.1215	45.0173	60.2345	71.8039	73.6812	61.9504	54.5115	64.3463	52.8543	57.6403	63.3787	51.2036	66.7512	77.8993	76.3167	76.4214	72.4268	63.9333	72.5211	61.6184	47.3269	65.7385	66.7592	59.4872	57.6432	67.0532	69.2758	60.7171	62.6508	58.039	45.6707	35.2933	57.2969	34.0802	54.806	50.2653	68.8148	28.229	30.2715	62.6489	50.8624	49.3515	53.2987	56.6458	47.2397	57.5012	43.1457	19.6289	13.1848
14.1357	15.09	13.5558	12.5115	14.0906	22.9034	21.7353	6.17608	19.4733	19.6576	16.1112	10.1031	19.8262	21.4554	4.66913	22.3194	26.5529	25.9221	25.4439	23.8253	21.4999	17.8175	14.8056	14.9891	15.6362	11.783	9.49176	9.4104	14.7409	17.0522	12.2278	10.0798	10.16	17.6273	18.9847	13.3642	18.9469	21.6122	18.9139	10.0683	4.34784	13.6729	17.9019	18.7905	19.3922	24.9202	35.0751	35.7804	29.766	23.7803	14.423	23.0557	17.5378	10.9731	12.1573	16.4722	14.4848	9.31665	17.423	18.2307	11.4411	15.4339	18.1185	28.8572	43.7052	48.5081	46.427	30.518	5.553	23.0478	26.0145	27.0219	36.8322	38.3497	37.4294	44.1185	46.8239	36.6508	21.7026	22.7033	12.7312	19.1621	3.71088	33.1747	31.2948	19.2283	20.9364	27.2731	35.0616	43.0312	19.6655	26.0579	27.6754	24.521	31.8172	30.1924	29.4684	29.6702	23.0905	27.548	26.6024	21.2847	22.1868	25.6405	25.2602	21.8543	24.8172	24.7419	22.4955	20.823	15.4022	6.9822	6.68171	10.1684	9.90986	15.1202	19.3037	37.481	40.4051	30.5988	37.5553	49.013	47.5582	41.2915	39.521	40.3931	45.2822	33.6524	48.4621	40.0256	65.4692	74.9714	75.9901	71.7796	59.6585	18.5456	26.2346	33.773	59.2905	74.7156	74.1686	64.0664	60.6918	57.7227	51.4465	39.0664	27.8206	25.3801	19.5433	14.2105	14.5252	20.323	23.4057	21.4775	25.9251	24.8531	45.9097	48.635	27.7791	31.5596	32.2211	27.7657	21.7054	22.5745	29.141	24.9386	35.1511	45.2272	42.2307	27.4261	57.4386	73.6901	75.2441	35.9653	67.3625	75.6006	72.7751	70.5109	71.5317	62.704	68.6325	76.1166	71.7573	56.7888	58.7011	75.5372	77.4201	77.0584	77.5356	74.2403	55.8737	56.1983	70.6082	77.2645	79.5472	78.992	79.5708	80.1738	80.3414	80.1486	80.5323	80.3838	79.8152	78.7263	78.2883	76.6832	64.7382	67.4918	68.4656	68.657	70.5259	73.6558	68.3329	60.9207	64.5631	62.9023	70.9046	70.8556	61.8088	67.9164	78.9651	79.5813	79.1984	80.2498	76.0008	23.6391	60.2694	55.7102	67.6592	70.4906	69.3967	68.6684	73.797	76.4652	75.0295	74.4091	73.112	66.2112	63.4802	64.6721	47.6388	59.3388	49.0874	69.0742	40.8448	33.406	58.9697	63.2633	62.1902	61.9107	66.003	63.4246	55.2742	39.3615	13.3387	6.90393
15.1127	13.186	14.8725	17.8759	22.3922	23.6034	11.8315	18.0209	13.5958	14.5039	16.5073	6.54398	15.2142	18.1347	11.9154	6.24889	14.8005	17.3107	20.0433	23.895	26.4789	25.5898	21.4055	15.6069	12.1111	8.3713	8.0301	12.1274	14.4456	13.8322	13.8609	10.4069	14.9098	24.9646	22.4983	15.2673	16.7386	14.8576	8.97805	12.7674	15.5851	23.6168	30.3583	29.8063	25.3402	27.3032	33.9592	43.5282	42.6016	30.9549	22.1311	22.9745	22.4804	21.1832	17.6884	16.4474	11.3283	9.822	19.2769	21.027	14.3197	15.6267	22.1942	38.2221	53.5813	53.0859	42.4244	27.798	23.128	19.876	22.1688	27.2699	37.5328	41.017	42.4084	44.2638	46.4086	45.4728	42.5503	38.325	26.9755	22.6913	21.5724	24.6945	30.6616	21.1748	24.2259	34.1124	39.0658	43.5171	5.08395	34.5466	29.8558	29.5555	34.8717	32.4498	29.5266	28.9095	21.5495	26.6467	26.1823	21.1483	20.7875	22.7564	21.5448	17.5344	20.4124	19.505	16.794	16.7613	9.17458	3.4765	6.12396	10.3515	11.7093	14.3163	18.0214	35.8039	37.9267	26.9476	32.6154	45.069	45.8456	41.431	40.2434	40.772	38.2233	37.4312	51.5753	46.0294	71.897	79.5209	75.7911	58.8567	26.1183	22.0895	20.0449	30.1288	65.4917	74.7987	66.9804	56.3472	51.8957	39.7087	42.9437	36.428	15.3687	19.289	21.9502	14.4456	10.2703	19.8922	25.8606	1.72646	30.6825	32.7414	36.5068	30.1437	30.5457	31.0517	35.4525	3.36443	29.7876	31.9522	24.1266	14.8827	23.3326	28.7177	23.3123	24.0706	33.2499	72.0326	75.9245	67.7612	39.0785	68.5777	73.3279	73.424	74.4096	71.3717	41.0384	64.3932	70.508	71.7719	65.7346	69.5019	75.4571	77.6104	78.6721	78.5466	75.6498	62.7389	21.8609	58.729	75.3526	78.0896	78.8826	79.1779	79.3509	79.4047	79.5552	79.266	78.4166	77.7946	78.0098	77.2681	74.9953	48.9971	24.6046	63.3397	67.6514	73.368	73.5332	71.1891	69.0852	66.5539	68.1816	51.9335	43.068	50.974	74.5297	79.3844	80.2433	80.8742	80.9067	77.7655	67.2705	53.2144	16.2421	60.3474	55.1979	26.622	20.5561	65.0785	68.8972	67.8456	71.8492	67.4696	68.7857	49.5724	50.7851	60.2309	54.3137	71.3641	45.1182	36.9391	49.5557	55.059	51.1952	51.5528	56.976	54.726	33.226	22.7927	17.9292	21.5821
15.2532	13.025	14.332	13.5491	9.89635	1.61605	10.7284	13.4895	10.0736	18.7071	23.7897	17.7832	19.0149	15.9731	18.7624	17.2797	12.4677	8.63929	7.06444	10.8488	10.5277	6.68072	6.24826	9.03694	10.2506	6.78827	6.62377	14.5801	17.1678	7.25812	12.4445	13.9871	17.0223	20.9785	9.86002	6.64655	15.3801	17.1751	15.869	21.007	25.4543	24.7251	17.498	15.746	21.4033	25.1196	23.1533	21.7205	36.8869	36.4096	32.2589	25.6472	16.3787	17.5347	16.7607	13.885	12.9209	13.0852	21.453	22.0595	16.3242	17.6446	24.0008	37.4359	55.0989	46.4924	36.5644	40.0799	39.348	36.5671	37.3173	34.0012	30.8006	23.465	23.6423	40.4759	36.8346	23.12	33.9	43.2268	41.021	36.5269	35.1073	18.9647	18.92	24.7817	26.4806	38.6723	44.3647	45.6284	10.135	34.6538	29.3333	27.3462	32.7258	31.7626	28.7647	26.6316	18.2395	23.5387	23.1254	16.3395	15.914	18.1746	16.7723	12.4997	15.7457	14.5492	12.2616	15.7959	11.9243	4.43034	2.5871	7.71954	10.7719	12.1266	14.6611	32.2757	33.9084	22.6627	24.767	36.6806	40.4641	38.0581	36.2654	34.1851	26.8064	38.12	52.6438	53.4487	75.9085	79.628	66.9225	55.8547	52.156	31.667	29.6254	44.1421	71.4885	77.0165	64.0287	37.259	27.2242	18.881	42.1107	44.2457	14.6188	12.8145	22.1365	15.4207	5.81643	9.60793	19.6238	19.3394	3.96889	25.1531	47.2184	46.471	7.55216	9.26545	35.7563	15.7402	27.736	26.4083	23.3708	18.9215	23.1195	22.8758	13.5665	29.1934	11.5603	65.7722	74.365	73.1453	69.7351	44.9032	48.8616	61.0369	69.0268	67.7081	40.1045	50.2083	47.8652	51.367	74.0537	74.3832	32.2481	66.0881	74.2987	75.3805	75.7879	73.0694	68.892	68.0547	46.5128	45.8234	63.4818	67.2018	72.0808	74.1708	73.263	73.7528	73.8652	73.3728	74.3304	74.2527	76.5289	73.6042	69.2962	69.7608	65.7326	73.1047	73.4843	67.5229	64.3439	66.2015	60.0879	22.6676	40.4604	39.2369	56.0252	67.3498	68.1705	64.6441	74.3684	77.8616	76.024	75.0648	72.5243	48.3196	56.783	56.0913	51.6611	49.5454	46.6423	65.9431	70.0236	66.1475	63.3654	65.0212	54.8566	49.7547	63.1541	72.3395	39.0436	23.7275	21.1738	21.4617	28.2077	14.9831	16.1357	36.7266	31.7822	21.1856	28.021	21.2873
16.7919	12.1391	7.3561	4.6217	8.37364	17.8723	23.2076	22.2895	17.9328	8.33615	12.5399	17.9735	21.1423	15.2781	18.7801	20.0025	16.0964	14.8242	13.2965	14.7486	12.1908	6.51767	3.05899	9.04061	9.35738	9.84764	10.5786	13.9273	15.9504	7.50952	11.1855	15.7548	18.8907	17.8599	9.72956	10.7911	17.9146	21.1761	17.4655	17.3337	22.4017	14.1495	4.20013	14.3171	18.2257	21.437	21.2514	16.2837	24.343	29.6458	29.6052	27.8955	22.5164	23.6348	20.2715	14.8698	18.7028	16.2567	19.5003	23.2214	16.7913	16.2525	19.622	35.2819	58.628	47.7405	11.7801	27.945	28.8916	22.6041	25.7968	32.6571	35.2246	33.4214	30.5439	42.5624	42.6532	34.7886	26.3847	11.7956	32.9399	47.266	43.2145	19.1092	13.3449	26.7889	28.2938	34.5312	44.3853	48.6873	21.9814	28.8811	27.7715	28.988	35.2215	33.5386	29.0616	26.1169	18.1606	22.4489	22.1939	15.3786	14.1902	17.3277	15.7098	10.6846	13.2704	12.2285	8.45833	9.44674	10.6404	8.53227	5.32525	2.65115	7.33146	13.4235	14.8425	28.0562	30.0049	21.2381	23.6372	33.3037	37.0519	34.3301	32.6218	28.9651	20.9874	46.4174	54.5369	55.9349	76.7188	76.5785	66.4003	67.726	58.1964	46.6591	48.6689	31.122	61.553	76.2066	69.9883	50.3973	42.7254	21.6108	40.0478	43.0609	17.1566	14.3082	24.981	22.1166	17.0845	20.4185	19.4109	13.7805	5.09806	11.5969	20.3189	41.9831	35.9794	27.2547	34.3794	22.3554	16.5314	26.9323	30.476	34.1926	33.7401	27.0346	18.3224	18.5053	22.0234	50.0163	69.599	71.4409	72.0576	71.3318	54.881	53.6518	70.4072	69.7974	33.1132	49.224	30.9726	37.3411	70.7971	75.4784	70.1895	43.2672	54.267	72.5655	76.5334	73.2291	66.2108	72.6557	74.1442	65.2847	61.9685	52.1845	14.8425	46.7259	56.5707	65.5087	59.321	31.8324	43.7165	69.5514	75.1242	70.8581	65.2257	68.1976	70.6267	77.0444	77.7882	75.5215	74.1826	67.4151	59.3789	58.3518	54.121	53.8136	52.0289	55.6485	64.5062	61.1098	68.8524	74.0172	71.6302	71.1859	74.0872	69.9865	49.4655	54.0293	46.7957	58.6752	53.8646	50.5239	69.3485	68.3138	66.0598	73.5814	56.689	48.7489	66.6856	69.199	18.3611	44.7605	42.9664	43.2127	44.4893	37.9018	32.7502	30.9602	29.0119	21.2788	30.1907	13.412
6.43769	7.28541	13.9636	15.8477	14.8937	17.8471	17.2007	14.3294	16.8593	16.7009	5.76809	12.1909	20.8803	17.8256	19.8629	22.3543	19.145	17.829	16.399	18.9182	16.7115	11.0635	8.7592	12.9891	7.35532	3.36816	6.43746	10.7858	14.165	15.9934	22.2533	25.4579	24.9119	18.6742	11.854	15.2335	21.8775	23.052	20.485	23.0359	25.8221	24.4979	25.6588	17.8732	20.9339	27.6772	26.6617	30.0207	31.9061	32.5127	30.3678	27.586	31.0253	27.3163	25.0934	17.0125	22.0743	20.0379	21.9616	22.9878	5.32478	12.9241	21.8467	34.4672	58.8482	53.8935	27.8938	29.7791	25.5265	18.0436	27.5598	33.7027	42.5103	39.7798	28.4624	40.0344	46.3122	30.0615	32.2425	37.0417	35.2365	43.9715	41.7078	24.7061	7.73336	14.9057	29.8465	33.1634	41.5788	48.814	28.5827	21.6205	27.1653	28.169	35.757	34.4625	29.8911	26.7891	17.5108	21.2367	21.0388	15.2361	13.9718	16.9708	15.3782	9.28774	11.0711	10.3411	7.32446	7.4968	8.07993	8.0055	7.03956	4.47047	4.3844	13.1261	14.4649	24.5788	26.6651	18.6873	19.8678	28.5844	31.7467	27.1994	26.4423	23.7418	23.344	47.8872	53.1683	59.1444	76.7635	70.5859	63.2947	68.2309	65.9593	62.7893	57.1072	41.7416	39.5177	73.5305	71.2613	51.9728	51.3512	43.7304	40.0674	34.9299	18.0646	15.1476	25.4062	21.8362	7.70217	8.0948	7.28541	3.85481	9.64948	12.3734	16.9621	18.662	22.3543	24.6377	31.0458	33.5051	12.6625	14.0205	16.6302	28.1168	30.2597	28.3265	22.1428	19.9916	45.7393	34.7798	54.0042	67.7274	71.034	75.4372	69.5468	42.5405	68.7111	70.6307	55.5926	53.9626	63.1782	51.8438	66.4998	71.4504	71.8931	73.1085	63.8845	25.011	74.6616	73.0604	68.0051	72.2279	75.5455	72.6921	74.0843	72.907	69.321	68.8955	66.2008	56.5547	61.9989	67.5718	68.1874	14.4174	68.3385	72.0755	66.9315	67.2763	71.3486	77.0422	77.0981	71.7049	73.0532	75.1395	64.3085	45.6988	54.6592	58.9684	61.1887	53.612	54.5526	53.732	63.7624	69.7754	65.9142	65.7434	70.734	72.2983	71.2292	64.4641	65.9214	64.6418	73.8223	66.5638	25.3796	30.7155	62.6102	74.0887	70.502	59.6868	64.0088	57.6943	60.4743	61.3795	59.4959	51.8645	45.0435	33.1494	33.0004	30.0969	12.5574	12.7277	23.5226	20.037
12.0302	13.2651	16.5554	14.4373	10.4043	14.2266	15.8362	9.33185	10.0592	15.7338	16.9311	7.28303	11.6434	7.88597	5.30713	7.526	10.7698	13.0823	12.8774	20.1934	21.8189	15.7313	11.763	13.983	15.4561	14.5081	14.1471	15.0128	17.1226	21.3254	23.2632	13.9261	9.33669	7.87123	10.0592	15.4169	23.2048	23.9985	22.8909	23.6615	25.2349	27.2943	26.6356	31.4618	32.3688	30.7972	26.3517	23.0152	16.6637	29.7767	35.8439	41.0123	42.0068	36.9548	31.2444	18.0514	24.658	22.5456	20.9141	7.49427	18.389	25.1219	27.4591	32.997	55.0283	54.3643	37.0177	34.3429	30.8833	26.8523	27.3405	31.1754	43.6658	41.87	23.4793	36.104	44.4336	29.7854	15.9377	24.164	25.3523	18.9837	37.3026	38.1769	25.9415	7.35683	19.9028	35.8645	43.1616	47.0735	38.795	23.128	25.722	26.2848	35.0451	34.4345	31.0524	28.7383	18.066	21.452	20.668	14.5647	13.7606	16.6084	15.0713	9.36954	10.6302	9.67264	7.12393	7.30111	6.30637	7.68385	8.64161	4.86159	4.61751	13.2722	13.6712	21.8134	22.4775	13.3368	13.9593	23.4084	26.7396	23.6138	22.7359	16.3962	24.8974	44.853	52.7465	59.0121	75.3366	65.5203	58.5907	66.8493	71.057	73.1106	66.153	33.0843	3.15681	69.3181	72.7917	55.8016	54.2972	52.5361	47.9426	34.4198	16.765	13.0372	25.3596	21.2034	8.16015	7.90717	10.5153	7.21873	15.4387	17.2564	20.4731	13.3875	9.21677	20.4909	25.6294	26.3401	13.8694	14.0108	21.3773	23.6081	27.0359	28.8099	19.2598	45.6407	58.9444	62.9491	35.2287	55.046	68.5496	75.9052	74.9669	46.8563	54.3041	71.262	75.5524	60.234	59.4574	53.4192	58.7282	60.9888	60.2495	72.3427	75.9013	68.8934	66.2257	68.9183	68.8876	69.4065	76.0114	72.8356	63.9853	63.8818	67.7529	75.2027	76.0497	73.85	69.3546	71.804	75.1939	71.9711	36.416	69.7052	70.5017	68.3849	67.438	78.2419	79.7679	74.5211	72.9549	73.3774	66.6743	23.744	37.5603	59.4652	68.4635	62.5837	49.4072	48.9455	43.5747	56.1953	63.9158	63.485	63.3501	61.7358	63.2362	69.7115	67.1674	68.0901	71.0127	75.4415	73.1916	67.4513	48.2639	55.4949	71.81	71.7187	64.0685	29.3879	64.3926	52.9062	59.2317	54.7477	37.5438	29.1042	26.029	26.0932	29.5012	28.788	22.8341	20.6273
18.7887	15.6211	8.64959	13.693	9.35437	12.5603	14.1143	6.64404	6.78578	13.5514	20.4414	20.0654	15.9295	19.88	19.1851	18.5278	17.1019	11.6616	6.64424	10.1787	11.3744	12.0647	13.9096	14.7907	10.3847	5.85554	10.2824	16.3731	21.3119	23.7062	25.0433	22.1625	16.6003	12.9124	17.2332	16.6093	22.3006	26.0898	16.467	14.3801	18.2011	22.2831	20.8226	26.6157	36.3349	30.2835	10.9564	21.1081	20.6304	10.9338	13.8709	25.398	26.5544	33.4953	32.8671	15.1416	18.221	6.8737	11.7039	23.758	31.7068	24.9765	29.2254	34.0738	50.9292	52.4431	41.3053	32.4002	24.5508	28.4493	30.867	27.8899	38.5261	41.011	29.0108	30.6667	38.7836	31.844	19.8583	18.0025	17.9489	24.5757	32.546	40.3686	32.4018	24.5612	17.9545	32.9154	44.1133	47.0457	47.6403	37.3133	24.0687	25.816	34.6825	33.8671	31.9232	29.6896	18.0295	21.9886	20.6664	14.0129	13.2021	16.0973	14.436	8.75745	10.2004	9.286	7.42102	7.11278	4.54067	6.79431	9.93829	4.82347	6.34645	14.9243	15.0104	20.4709	19.0378	9.72658	11.4498	18.8309	21.5135	19.788	19.2588	16.7378	25.135	41.7919	51.5649	54.3201	73.0977	67.4034	56.4697	62.7759	68.3172	75.4425	74.0856	68.1252	69.6137	60.5992	68.5453	61.83	57.6886	55.1962	57.6654	45.1768	14.6528	8.62361	23.1514	23.6523	9.56418	3.15653	6.57098	7.79009	18.4255	13.9696	21.9936	18.5278	16.8263	22.6675	24.7868	27.5849	19.7164	17.5511	28.2543	24.4606	28.3205	28.9931	11.522	53.1601	59.7163	54.9305	67.1889	44.6206	46.6317	73.4255	75.8531	69.0592	44.3769	51.2839	77.8904	75.6357	52.1084	64.051	55.9046	60.6746	58	61.0886	73.4416	75.2155	39.0306	57.4773	68.0749	62.7714	71.6914	66.6771	64.953	45.2473	69.4058	71.4321	69.7715	72.2748	61.7861	71.9347	72.3404	74.8335	63.4987	46.8009	66.5637	61.6033	60.3756	79.336	81.0494	75.0239	72.1843	69.7801	60.7198	50.5328	34.8599	36.2859	70.3988	70.3641	55.7761	51.7267	20.2217	15.1307	54.8944	65.4439	62.2663	56.4825	35.0681	46.4728	42.6951	59.643	41.1744	66.8887	73.749	74.6383	73.2672	63.2609	31.8766	62.3262	59.0324	44.9271	62.5172	57.7566	32.0648	52.0831	40.2443	16.2103	10.607	13.0111	6.71202	35.9589	31.2455	20.1343
12.4212	12.0675	5.25445	9.89126	12.1531	16.1547	15.3848	9.01421	4.82297	7.82775	14.1618	19.1612	14.0787	17.2936	10.1534	11.4352	13.236	11.2283	14.0706	18.9065	16.1862	8.88513	4.19854	15.0099	20.8901	17.8813	15.5976	15.4492	19.0464	15.6889	15.5766	16.6965	14.2012	25.6918	26.4889	18.7596	13.7541	23.5997	14.1161	14.0082	21.9151	29.0849	27.3431	22.7802	27.1183	17.3848	17.1703	18.7206	20.3893	17.1638	13.8006	15.0888	9.73382	19.61	37.3622	26.8983	23.6511	24.2858	30.6257	31.7214	28.8438	20.6288	26.9259	30.1541	43.9424	46.438	42.2208	37.4997	16.2814	24.4495	23.2246	23.8517	28.2033	36.8157	33.0963	31.5586	37.3631	28.6284	9.2339	14.3568	11.2956	4.92292	16.3445	32.8406	42.6197	47.367	33.5875	18.6825	38.3722	45.7706	49.5902	44.8813	30.0692	22.4821	32.3688	32.3645	31.1632	29.4223	18.1338	22.7141	20.6911	13.6554	12.9424	15.7209	13.8034	8.19722	9.72725	9.07172	8.12758	7.15014	4.42486	6.78483	10.1123	2.24311	10.7883	15.4921	12.9985	18.6441	17.3128	8.15677	9.75743	14.4609	15.1905	13.9233	16.9213	19.5731	27.5172	37.3328	45.4902	48.1529	68.0737	69.5494	54.3041	49.632	53.9135	72.6822	75.3217	75.3743	75.3643	70.1112	50.497	61.1502	53.287	47.7608	59.3451	49.9787	21.1826	12.1004	13.8494	22.4394	23.8659	15.7485	3.34437	12.115	17.5263	15.8799	26.4698	18.5515	15.9274	24.2701	28.198	35.5848	14.9097	22.5801	19.9773	22.6398	29.7281	29.1167	9.39974	46.2539	60.1339	34.9429	58.5598	69.3538	53.0305	62.2684	73.5092	71.9356	69.8662	54.7903	74.7395	78.5333	32.4131	59.0002	67.1879	68.9619	66.0576	60.4244	68.3006	75.1154	60.9163	35.9857	55.8956	43.46	63.8825	69.6083	63.987	60.7998	72.3433	63.0819	64.0711	72.7315	62.6098	72.9225	66.6482	73.4472	73.0396	51.9154	55.3525	66.2114	65.305	79.2767	80.7293	75.9115	76.4512	75.4233	66.8331	54.9038	58.6392	56.4386	58.9521	70.3362	66.7749	61.5871	45.471	53.6621	42.1759	54.02	63.6045	65.337	43.2693	22.5095	39.0843	41.1513	61.0728	33.256	63.8284	72.6984	75.6598	75.4575	70.5074	63.1706	35.6289	49.7474	61.1764	62.2138	52.3293	19.0215	47.458	36.8435	43.6948	44.6663	43.8525	37.3011	36.6068	34.7139
12.4395	10.4268	14.4171	6.78443	8.55783	16.4044	14.8726	7.63671	7.32789	10.2988	7.1222	15.5923	15.5881	16.5042	12.3468	14.465	14.4368	15.2778	16.3041	15.4318	14.9344	18.3269	19.4756	21.1239	21.5074	13.9223	15.5022	15.5665	15.9053	13.1258	13.2689	15.7472	19.5295	30.6366	31.0416	20.4227	25.966	23.1382	19.2901	18.9176	20.1637	27.0793	24.813	14.9161	21.3619	26.57	26.9021	10.7115	11.389	9.49867	13.7842	16.1803	13.7743	10.183	45.1083	43.4394	27.9948	34.0542	34.3804	28.6346	24.0046	19.4352	27.4022	29.0841	39.2449	44.1126	43.0268	48.5818	44.7662	30.4242	26.7044	27.3953	31.8975	34.2131	25.157	33.4967	43.2285	29.29	15.3178	21.6025	26.8283	26.8052	14.2827	8.90431	27.8591	49.8807	46.5839	32.3219	20.4177	7.41962	36.6527	51.4471	49.816	41.7779	35.9719	30.436	30.2996	28.5756	19.2022	24.2904	21.4341	13.6865	13.5454	16.2927	14.5724	10.4014	10.7426	9.39227	8.60832	6.97479	6.01279	9.21389	7.14729	5.60057	14.2048	13.1747	10.0075	16.6319	16.2697	8.59091	9.7703	13.4174	13.603	11.9369	14.991	21.054	28.3987	35.0687	36.7616	37.6775	60.0041	68.4405	64.7241	69.5308	65.9939	58.9614	45.8562	17.0988	59.1772	65.598	39.7202	62.9912	48.4478	41.7378	56.22	57.1553	49.8785	39.0686	30.0955	21.8362	16.5539	24.8273	15.7659	19.0653	22.8964	25.4675	28.4668	20.9171	26.3036	28.343	21.7962	21.7594	21.8132	23.6791	8.10676	24.2794	34.212	28.7482	12.2989	32.2269	45.446	58.8655	38.2093	53.2852	64.4626	30.7463	63.8721	71.5366	73.7366	73.8438	58.8529	75.2855	72.8885	62.1358	43.7356	12.6688	44.8084	52.3558	66.0576	74.9735	68.0069	62.376	64.4414	55.1812	69.5833	76.06	75.5707	73.6146	74.3103	68.3095	71.1969	73.7122	75.0828	77.2008	73.9248	75.1243	75.0846	72.6932	43.2075	57.862	69.5842	79.0984	79.6959	75.6104	78.2721	79.4944	75.7088	70.6671	75.4137	78.1858	75.7858	57.745	58.3134	67.2347	69.41	63.3228	72.6472	70.7832	48.7796	48.0826	60.3374	60.0687	62.1197	54.7051	51.3507	52.6276	40.4653	35.413	62.7289	73.9293	76.5738	77.8094	75.4902	53.3883	49.6048	63.2963	69.6418	69.5524	65.8095	60.797	50.2878	39.2908	35.005	17.9306	46.2481	50.6163
11.9153	9.03769	17.0974	15.1747	8.36893	16.627	14.3849	6.29201	6.19766	14.1104	10.5459	10.9603	11.8487	13.1652	14.5955	16.5036	14.6725	13.6253	11.2935	9.06205	8.73109	4.09866	2.1379	10.7739	14.4163	12.1259	8.60766	7.32095	11.5602	13.5345	14.432	12.5856	17.8192	29.8367	30.5194	21.3493	17.3796	15.1637	9.23217	11.6593	20.5666	29.3755	31.7508	29.5532	32.8013	31.0937	22.8631	12.0232	20.1231	8.18133	17.1086	21.797	22.6594	4.34416	50.5534	48.2474	19.4847	26.9963	28.5446	24.2994	21.1635	15.0077	23.659	23.6133	35.9418	37.3109	31.2732	43.175	51.0488	43.3539	34.5973	34.4467	36.0144	39.0341	31.0453	26.5276	45.2211	30.9247	14.6431	23.9146	27.7932	28.8878	30.7633	26.4657	12.1796	37.3536	42.6723	45.5402	39.8416	27.4492	19.5436	38.4272	50.3773	48.4702	42.3638	32.582	29.2764	26.5017	19.8027	25.4544	22.3187	13.9776	13.7855	15.942	13.8471	9.96104	9.26443	8.00943	8.41488	6.28501	6.17103	9.39138	3.83725	9.70095	11.0367	10.4155	9.44613	15.0294	14.4699	7.52317	7.65162	10.953	12.5202	11.2852	12.758	18.1013	28.1856	43.652	48.0284	51.3757	65.4413	73.2719	73.7647	74.3587	76.2898	76.2101	75.2339	74.7679	77.4874	75.4349	72.3206	68.7643	57.0608	58.7781	62.449	62.7119	59.8493	53.8668	46.1446	33.0434	12.4918	19.2754	18.0683	16.0707	24.0463	25.037	32.3402	37.5324	42.1196	32.01	5.59203	19.0338	17.3108	9.75625	21.1637	24.6099	39.5521	32.7356	11.0704	27.5359	22.8199	43.9405	54.709	45.3809	40.0206	48.5385	23.1637	63.5582	68.299	72.8295	64.9615	50.1748	74.4139	76.6335	76.3493	72.5112	60.6497	42.0641	48.8473	71.7561	74.5409	73.0435	68.2207	57.9505	61.3125	75.2409	77.7916	74.8424	69.8561	63.0291	71.7753	72.0726	75.8925	71.6753	72.1028	72.4074	70.2491	72.6431	69.155	4.45828	65.6037	78.7176	78.1867	73.189	77.2527	80.2957	78.4565	72.0767	77.2681	78.9947	79.6796	77.5435	65.7153	48.4039	73.8984	72.6296	59.2872	72.3555	74.1779	61.611	34.7269	59.7191	62.0889	62.5312	14.2781	52.4387	39.4439	55.5421	37.3564	49.488	69.69	73.4027	77.1578	73.6626	49.7726	13.7664	52.6379	63.1678	61.9416	49.9245	28.6855	38.7465	47.1248	21.1727	52.5295	41.1686
9.17358	7.98818	9.16715	13.1105	6.64169	12.6822	13.6067	8.97042	7.63528	15.387	12.5098	5.00742	5.38152	7.65108	9.09529	9.39032	5.7013	1.23867	4.21195	6.772	10.1593	14.6155	12.8593	14.0572	13.3362	11.846	12.4905	12.6516	13.0171	15.7632	14.3278	9.1538	19.1946	30.4986	27.9392	16.3141	16.4022	23.1536	23.549	20.8177	18.5372	19.7456	21.0863	18.7367	13.8556	13.0933	13.5507	15.5431	25.7225	23.1053	10.7763	25.9503	24.6114	10.0659	52.2805	47.7263	15.7161	12.6756	11.7476	12.8827	13.3366	19.4937	19.1342	12.118	26.2132	30.9253	16.0405	24.7779	37.0184	36.3062	20.6793	21.7968	25.3645	25.8969	19.8227	24.8988	40.3401	33.7268	17.6076	20.3098	17.3083	10.0471	23.8033	30.6214	13.4964	28.1189	37.0992	33.41	33.3381	32.3341	40.5564	28.7986	24.3778	37.3681	36.9533	32.3565	28.6197	24.3542	18.1301	24.0247	22.1693	12.8051	11.9055	14.057	12.3417	7.65108	5.95844	6.70929	8.49344	6.7094	7.52275	7.39188	4.20096	10.0527	12.5845	13.1625	10.2554	15.7861	16.3939	10.5658	8.35727	7.63925	9.49063	9.39824	11.0054	12.6971	28.6089	53.695	55.1195	52.9276	62.9259	71.8645	74.6598	62.6039	66.4708	68.059	67.2207	68.0822	71.0789	62.938	72.8919	73.8571	64.3415	61.7219	62.8532	61.5483	58.1524	52.383	49.5348	36.492	20.487	17.6904	16.0402	10.5452	24.6693	27.9797	35.1441	39.2425	34.0934	36.482	23.1332	15.6394	22.8475	21.1613	11.9191	13.1287	36.3205	35.0983	7.33692	24.7701	20.3955	14.6618	26.3862	35.5653	35.7957	49.5648	22.616	49.4272	52.7477	61.8648	71.6048	64.7141	55.3617	64.4155	68.111	73.155	72.2573	64.8398	37.7756	50.5599	75.5525	77.7797	74.8869	72.1029	61.4117	36.204	46.4664	68.3113	62.5106	56.2456	68.8582	73.1839	70.1386	27.2402	71.3171	62.4159	67.7215	73.1711	72.9307	60.5943	35.4709	77.0864	77.0436	66.1404	67.2295	76.7303	77.4813	66.7657	73.8318	70.6274	75.2138	77.8157	77.5061	69.3293	71.5418	70.444	68.0544	55.2219	64.1806	74.4565	67.0961	50.3126	12.4741	62.5138	44.1271	53.9131	40.8362	42.1247	48.4492	48.319	40.8778	13.9764	68.7558	72.0999	64.3918	65.0894	62.1332	50.2024	37.5186	33.2993	26.4847	23.1467	50.1869	34.0398	40.4872	61.1437
7.05241	6.13053	6.00613	12.2245	9.77081	11.3039	11.0202	9.0682	9.71131	15.9709	11.735	2.10129	2.13027	4.87453	8.4363	11.4775	6.68402	8.63382	9.34414	9.62481	10.9049	9.82529	9.2576	14.3735	10.7394	8.35814	10.7638	12.3463	14.5458	18.4855	17.7432	17.6676	23.4239	30.4539	24.0801	6.83571	19.6916	18.697	15.6168	17.7038	21.8827	13.6866	12.9201	14.0885	17.5208	17.6505	13.5591	13.0756	15.4268	12.347	12.9938	24.6275	23.3231	5.74309	52.8802	49.5166	11.6158	12.281	12.1391	11.6224	13.1717	23.9105	24.8303	15.2847	26.2512	31.797	23.7481	23.2598	28.6213	34.5356	22.9114	9.17119	31.8351	34.6942	25.5455	22.2454	31.5566	28.0067	19.91	18.9492	17.9257	16.7789	16.7902	33.9253	32.5867	8.12067	15.8808	23.1039	27.4746	28.8576	42.1215	44.5205	16.4494	5.19456	20.4043	28.6594	28.7451	25.7378	19.7856	21.063	20.4189	10.8396	9.33082	13.2735	13.1622	7.63848	6.47541	8.20687	9.6214	8.80093	7.98562	4.66429	3.73968	6.40032	12.8964	15.5838	9.1415	16.3847	19.3035	11.597	3.71102	3.28775	8.56238	8.06173	9.72225	11.9569	29.1168	56.4324	58.3223	53.6001	61.3717	70.8641	75.8914	65.7793	25.5101	11.5789	18.4084	39.553	55.2322	48.4224	58.4735	73.009	67.5851	60.7811	63.1853	61.4341	57.1046	56.1337	50.644	33.1936	18.1975	16.1389	15.571	10.6867	23.9825	27.0853	35.816	36.439	2.33594	34.095	24.1222	13.1977	0.391711	17.8486	14.8523	14.3932	32.8845	32.7825	7.24774	25.8762	24.1863	8.81112	3.21271	2.50662	13.3584	43.7725	21.3762	43.8186	45.7129	53.0091	72.324	73.3245	44.1963	23.184	39.8139	65.3904	72.7064	70.9185	67.7185	50.1413	66.6954	76.0336	75.3086	74.532	71.4962	72.5701	70.3952	18.2128	53.1486	48.08	55.4529	71.4452	71.376	70.984	64.3851	70.2697	74.0213	76.5078	74.7575	71.7453	45.3072	72.4038	76.2059	65.1128	63.0256	68.8741	74.9848	72.5828	72.1753	69.3154	71.0045	76.4012	78.661	76.3108	76.26	72.1427	67.1342	69.0944	52.0399	72.5994	72.1726	65.0856	53.065	42.1133	49.799	43.9203	40.6102	43.5679	51.228	37.3361	29.3461	29.0539	51.3225	67.9181	65.8343	63.5328	63.9943	61.3768	60.0343	57.7446	51.5803	35.4455	8.90806	40.195	35.7838	41.9029
8.24984	7.06226	6.57433	11.5346	9.98493	11.8927	11.2448	9.7168	10.144	14.2778	9.17636	6.60174	7.91156	10.0979	11.6563	13.5541	8.26432	10.4693	10.9719	12.8959	10.5434	7.00655	12.0482	17.2974	15.5264	13.6192	13.1005	13.9739	16.8012	18.8743	21.7125	24.8298	24.1262	23.9958	15.704	12.9421	12.9543	4.70286	7.32717	19.0942	19.6042	21.2927	23.8402	25.7407	26.855	22.1822	14.5209	11.4192	16.237	19.586	17.8163	20.0754	21.7328	3.36565	51.7185	50.4153	16.0987	14.6821	13.5646	16.8525	16.0376	21.1739	26.501	21.855	28.3333	27.7542	23.3951	18.1746	21.5261	29.2392	37.7642	28.0115	12.2196	31.3043	32.4395	36.4576	31.8977	27.5393	29.3713	24.6459	19.0977	22.251	14.3061	33.3092	40.4424	33.3657	27.8373	20.954	15.2295	19.0416	36.9078	40.4489	29.1305	28.7939	22.8047	14.9409	24.355	27.0844	27.4656	23.1776	13.4984	9.21662	8.63086	13.3794	14.2392	8.58764	8.45126	8.89565	9.16517	7.53918	3.37922	1.02132	3.74336	6.79938	14.2144	15.7419	8.39464	14.6821	18.4422	14.2155	6.01803	4.22918	8.66024	8.22255	9.39522	11.6514	25.7926	54.1975	59.498	57.4068	63.8562	71.5431	76.4741	68.1395	19.6461	17.667	29.041	42.239	46.6036	50.2293	16.3842	65.1038	68.14	60.1107	62.5356	62.3414	58.9578	57.6033	52.7118	40.6417	23.9079	16.5974	12.8687	10.3962	20.9024	18.2267	31.7882	37.7733	16.2016	27.7961	22.6991	12.9068	22.656	25.7767	31.2038	28.1173	25.6254	24.3162	9.5313	29.2752	24.1018	7.56125	9.31775	18.1059	25.8037	47.1491	23.2078	35.645	39.9841	44.0214	69.559	74.1797	65.6286	54.8891	59.3993	40.791	66.7959	69.8892	72.7058	72.2565	22.1286	70.458	75.393	75.6325	71.6888	71.3988	75.4573	72.3553	51.3389	57.3789	61.542	66.8676	50.4444	74.3596	70.6632	62.5483	68.1457	74.2392	69.4439	69.0719	63.7566	60.8476	75.2593	71.598	68.7743	65.2342	70.9385	70.3545	57.427	64.6137	58.5789	70.2244	76.9812	76.5388	76.351	74.25	74.7307	71.0241	39.727	62.6855	66.0369	65.0389	60.3211	30.4254	32.3388	23.2357	33.5212	56.1141	51.5136	35.6021	42.4066	45.1052	19.3978	52.7555	66.0926	63.4538	63.5958	62.0947	63.6525	64.822	62.53	55.9585	41.3036	32.4841	41.839	38.6752
10.8625	9.49473	8.02901	11.0818	10.333	11.5841	11.866	10.6667	8.19267	7.91035	8.54711	8.3139	9.24354	11.2713	14.2382	14.4882	7.5863	9.59978	8.09571	6.68265	5.48021	10.9117	9.3244	16.3893	20.2112	11.4954	10.0966	15.3304	19.0367	20.6135	27.9637	29.9537	15.0607	9.00739	12.6429	17.9434	13.7438	10.5689	12.6086	18.901	21.7511	24.3718	22.2315	13.8601	6.31861	15.1894	20.7232	22.1533	23.2589	17.7263	11.2712	11.1038	19.7323	8.17829	50.3342	48.7077	17.6462	17.412	18.3819	19.3665	15.061	17.0475	23.005	22.7872	32.6181	25.4302	25.5033	18.7497	23.7363	25.7597	34.8786	37.4205	25.943	29.7635	23.6384	27.4222	28.5078	26.403	31.0341	29.4705	21.718	25.0145	14.3174	25.2564	34.5307	35.0131	31.7887	26.5183	17.6863	16.3079	30.6177	31.3021	32.5341	37.8312	44.2895	40.0756	28.1646	19.0818	11.6759	9.3753	10.7079	7.73086	7.58584	12.7924	13.271	8.92961	12.925	10.3282	7.44637	5.52154	1.50642	2.10809	7.21915	11.0342	13.6925	12.0602	7.2502	13.2625	14.9269	13.5938	11.6503	7.34318	8.01203	8.46847	9.31694	10.8625	20.2372	49.6174	57.507	55.6305	63.5929	72.481	77.561	68.761	9.69777	4.54453	25.7364	46.9541	49.2458	52.0641	39.3291	46.2353	66.3278	65.578	65.8168	64.9893	58.1005	55.0797	56.0351	49.0867	31.9723	23.4344	15.3875	14.0765	20.2532	14.2382	24.2053	33.1383	15.6804	23.0658	24.4414	14.3581	13.3097	14.3907	5.51335	8.17622	18.6128	25.2027	13.8713	31.1403	22.8734	9.20958	9.26555	22.4559	27.027	51.5373	34.64	23.7957	35.1114	38.6112	63.3762	69.6702	65.6922	64.7343	67.9489	46.1086	51.3745	52.5592	61.955	72.0908	63.9007	45.0992	72.387	75.2752	70.2591	62.1818	66.6986	75.03	74.5986	73.5174	73.1586	77.3762	67.0631	55.837	65.2732	61.8208	71.3783	72.3322	64.2865	68.8633	71.676	48.6671	67.27	74.9177	74.367	69.8572	66.0398	65.9028	54.1945	49.9536	68.789	56.585	73.4438	75.8182	75.9955	73.3312	67.9713	46.6371	65.2883	61.5857	46.9659	60.2654	68.0539	63.1457	34.4455	6.93925	26.7319	49.7488	65.7232	56.5502	57.8565	64.7575	66.0163	53.0491	39.1808	55.8487	62.6055	64.4062	66.6669	67.1884	68.3771	66.2761	60.0941	42.5759	39.6357	11.1188
7.55969	5.13722	5.16077	8.62958	11.3666	13.3903	10.9551	5.3028	1.26269	3.99118	7.76303	8.74599	11.4543	11.019	15.9739	15.2626	9.99052	10.3546	3.863	11.2373	10.7977	14.1921	14.0362	15.0565	16.547	14.3156	13.971	16.3822	16.6535	17.526	27.231	21.5483	8.4183	15.6161	17.4486	20.3435	14.4641	9.59717	7.00939	8.90247	10.285	12.4949	17.4533	17.6063	22.4329	25.6945	22.9919	15.1966	12.5889	13.5382	7.55969	11.0529	19.6792	9.54962	50.7379	49.0408	17.605	15.005	21.8272	21.5307	11.9111	13.1049	16.5807	19.3921	32.5519	28.946	29.7284	21.5035	21.9582	19.8504	26.1638	31.0493	18.5683	16.6666	16.3216	24.3926	31.6225	28.9151	26.007	27.5804	26.0871	30.1741	14.06	16.4551	23.0327	28.6208	29.0743	28.1066	27.2748	23.5167	19.8153	11.3419	17.6731	25.4821	38.0874	42.9238	40.6657	36.4289	31.6478	25.7136	12.3605	15.0504	12.0729	12.2552	13.0825	10.6213	15.8059	10.8368	5.34254	3.92945	1.06518	3.98717	11.1383	12.7059	10.377	8.86043	6.40321	11.3711	11.2696	8.18274	10.2361	9.0905	7.68548	7.94399	8.79349	9.39509	16.0635	43.8636	53.6508	52.0586	62.1382	73.7542	78.0278	68.6133	43.9482	23.6114	15.1484	44.4481	47.9393	54.5772	53.0434	25.7613	58.5128	68.0026	68.5527	65.7539	59.826	54.9525	55.2805	52.6594	39.226	27.2374	19.2333	15.1304	21.0576	14.3702	21.8136	32.4312	17.3897	21.0528	26.8156	29.0488	22.3101	26.8829	29.6115	23.4559	19.2144	25.8883	12.3398	32.1681	24.5043	19.3098	2.97985	26.7983	10.0314	49.024	43.0725	11.5139	14.7824	24.9885	56.1814	62.1764	62.3438	67.8733	72.3929	65.4729	62.8336	53.7024	39.2534	64.6694	71.3379	53.1901	46.7489	68.9185	72.2273	65.5147	57.0033	72.7018	75.4158	69.8024	60.6464	71.4015	75.6719	37.4007	69.0298	70.3847	71.3461	74.5125	75.3174	74.1591	73.1012	70.4079	33.8002	70.2681	72.5854	71.6829	70.2911	67.3939	68.9668	61.449	74.1681	68.1106	69.6227	66.5175	58.4583	45.4853	53.4426	69.4408	71.4476	63.7042	40.5205	36.9422	65.1916	70.4081	63.4905	51.8527	18.6107	41.7555	52.3431	62.8289	65.3284	63.0248	69.1548	65.7752	53.7685	36.6237	15.2907	36.7537	44.1422	43.5453	58.416	66.7684	66.7417	47.1745	46.3914	51.9715
6.41194	3.05551	4.59683	2.52389	4.84476	3.84684	2.11507	6.47318	8.55271	8.375	8.17675	10.8388	11.9477	7.82193	14.2384	16.2455	13.6409	9.11596	9.98175	11.8878	10.704	13.9707	12.0759	9.22856	12.0521	14.6407	15.7727	16.1506	14.377	16.5859	23.3655	20.9315	15.2261	13.2608	17.9586	19.6183	13.1307	17.7368	7.50518	7.27816	12.0634	19.3251	20.6227	16.9885	14.2294	8.6059	14.3767	20.2253	21.8005	19.9429	20.8359	21.753	19.216	11.4103	51.8532	52.1997	20.6729	14.8913	22.0992	24.8607	13.3213	8.98652	13.1178	18.649	24.6514	22.6623	24.5704	18.2543	18.5944	21.5999	21.7674	28.2405	29.2394	10.8657	31.083	38.5834	39.897	28.4334	20.2051	23.5585	29.4268	37.2681	18.3096	14.4966	15.727	22.0381	27.6109	28.0248	28.6019	32.4886	33.2767	28.5795	23.306	15.6148	20.8472	26.4267	26.4302	23.6494	18.5939	30.6187	26.2985	10.4423	15.6786	14.925	12.965	14.1957	16.7893	10.0583	4.53694	1.61407	1.95711	4.46578	13.0647	12.1771	5.81155	7.02368	6.56305	10.2621	10.466	7.07513	8.88662	9.89607	8.30519	7.77205	7.9433	7.9244	14.3684	38.1392	47.864	43.5915	58.9971	74.2398	77.3862	63.9735	48.767	39.7034	15.514	47.2938	37.7189	53.3808	58.6808	38.948	46.0945	68.6187	69.7399	63.8847	57.9608	54.4551	52.2235	50.142	38.6659	25.9622	20.2054	12.7456	23.5585	14.0762	16.8097	32.6904	20.6781	19.2525	21.9409	28.342	22.3084	25.6328	29.1959	14.0442	21.7923	22.1116	15.7343	33.3794	21.1186	23.9543	19.6173	27.0608	31.4162	29.6072	40.2015	28.3274	17.2631	7.06004	49.2468	56.9318	52.9436	61.8369	72.0903	69.6843	60.1791	38.5234	18.1652	56.9909	74.4569	69.6347	43.3425	46.7298	71.6285	69.2678	68.4383	63.0798	62.2776	60.1648	68.8	67.0811	74.4658	67.6642	68.0895	74.155	74.6019	71.4931	65.8048	66.2992	69.3748	73.2544	65.9665	31.3403	64.4631	73.0173	73.9433	71.7487	70.8826	69.2591	74.9995	65.0739	52.2823	59.0771	69.3087	73.6296	76.5163	77.4991	77.0294	73.6339	68.575	67.2121	32.1846	68.9267	67.2407	67.0419	63.9486	33.0407	51.4231	66.9823	69.4039	60.7366	70.6291	66.7196	61.5507	59.0754	47.2131	39.0812	49.9464	55.4789	42.7491	40.7362	63.2791	53.1837	13.1128	10.5732
11.7249	11.0155	12.7986	14.4234	13.5779	16.1321	17.1613	14.9582	14.9048	15.6938	16.006	13.5558	3.37794	10.9196	13.3962	9.72535	9.13765	14.3676	15.1012	10.3964	9.77202	14.4452	13.6138	9.68861	13.4721	16.7422	15.7329	10.4257	12.0811	19.3417	21.3741	21.6639	21.2747	19.7446	11.869	1.99565	17.0615	17.0206	6.48852	4.89395	6.30001	15.6695	19.7599	20.0501	24.0411	26.6246	22.1627	17.4663	15.4639	22.9003	27.9205	21.4026	24.5371	20.1876	45.9441	52.2554	28.0736	24.8562	27.3608	26.5658	17.7788	13.7575	16.0189	22.6481	22.5282	22.2756	20.2969	18.6593	21.7258	25.5155	29.3854	33.7134	42.2247	40.4864	22.1831	24.8645	38.9426	37.3023	35.716	34.3524	36.2097	44.735	29.1876	14.4809	25.54	30.562	32.747	31.7136	29.0521	29.1504	31.7608	36.4391	38.7953	31.3148	24.4005	29.7055	28.8617	23.7761	19.3417	27.5119	25.3278	16.5515	9.87104	12.0515	17.4546	19.1355	14.8895	6.535	1.95691	5.7168	9.08567	10.0136	10.514	8.8722	8.52208	9.02983	8.09326	11.2406	12.0752	9.44355	9.88332	11.3233	11.6733	11.1746	10.1522	9.39171	16.0312	37.4785	47.0044	44.2062	58.7728	74.1244	76.6288	59.544	39.6044	54.3206	51.115	45.4071	24.1459	52.2184	59.0373	51.4609	25.0093	69.0522	73.0036	66.7682	60.3204	56.2096	56.4415	52.4097	25.8963	20.3033	25.6578	22.3309	22.3224	21.1332	30.2318	39.4305	27.9736	21.4277	22.1066	28.2657	26.2287	20.5469	24.9814	21.3311	23.0623	22.7584	25.4813	30.3819	15.145	24.9328	28.1615	11.9512	22.8765	16.0222	23.2828	36.9086	25.9384	14.8623	33.3354	50.341	48.9195	53.334	66.2873	69.2942	64.7253	56.7208	56.9699	52.8275	72.7406	75.0797	65.369	36.4071	63.7129	45.7001	30.2096	63.901	67.479	67.6365	69.5377	60.3358	70.7938	69.1793	29.8883	62.6263	71.8406	71.7186	65.5204	66.3841	66.2477	67.6057	73.4994	72.632	60.5847	48.5842	60.5086	70.2888	74.1412	76.0446	73.6542	44.0868	66.0233	67.5619	60.2232	58.7026	65.9513	64.2691	55.5615	37.9506	49.1335	71.2005	69.6173	59.9622	73.431	74.7159	76.5189	69.3158	69.0317	73.2796	74.0327	72.9515	75.0564	69.3361	34.9821	43.4648	51.2884	59.7756	69.5138	69.2581	64.4621	52.19	18.9647	60.1294	46.5781	46.0418
14.9963	11.2551	11.2542	15.0045	15.4763	15.0834	14.3125	14.2483	14.9411	14.6533	14.5301	10.302	13.9377	18.0061	17.1834	17.2096	16.9806	16.7094	16.0819	15.0853	13.0104	16.3023	16.5626	13.7416	16.0203	17.9842	12.5419	1.8606	11.3366	21.0478	23.3693	22.6997	24.317	19.5775	16.9765	21.1454	22.7884	9.00951	5.42288	14.799	22.3631	25.5134	22.6461	20.3715	24.6864	20.1483	15.9441	11.4381	12.8328	17.0588	23.4574	25.8808	24.7367	25.8341	39.0388	46.1645	21.0851	26.1207	35.9753	32.2546	18.3435	14.4755	15.1637	23.3434	24.3543	24.1411	20.4163	19.282	21.5984	23.0272	26.3789	30.7962	40.9546	48.6541	46.6478	34.4812	26.0963	17.097	21.1727	30.5563	34.5278	46.8787	44.4168	20.421	8.52275	21.2161	25.357	27.8546	25.9664	26.7247	26.9305	26.7315	31.7756	29.6132	18.1422	26.3739	23.9217	22.8656	24.3844	29.6234	24.1905	15.1438	13.4454	14.884	18.666	15.6188	6.45093	4.3826	13.9383	18.1031	18.4227	18.1188	14.503	6.31878	2.54757	7.72795	9.77307	12.7389	14.3221	12.1613	10.4181	10.0816	11.0345	10.9081	9.92854	9.35927	18.8624	37.4658	46.7928	46.3817	62.8409	74.5497	74.2854	56.4951	58.7639	64.7404	68.9515	39.0989	35.3192	55.648	53.1655	56.1261	39.4356	64.5941	76.0827	71.1023	62.7689	59.2016	60.7591	51.7552	19.5134	4.20173	22.573	29.2344	24.2874	24.7985	29.3608	29.0446	14.236	12.2708	16.1304	20.5325	22.2317	19.2237	22.5009	24.2942	21.4982	28.3603	33.1321	33.9414	22.6523	30.5855	28.8689	19.4432	9.3842	22.2367	21.4216	30.7666	32.5654	22.5811	10.3115	34.3883	41.9353	44.3695	53.193	59.9658	63.2872	64.2249	69.2187	65.4308	33.1603	70.9843	72.9778	46.9267	60.1993	54.4509	51.6326	56.7682	50.8123	58.4361	66.7605	71.9087	71.8746	67.9246	64.3089	43.0304	66.8643	71.247	66.6922	67.7446	60.9819	62.7548	72.6119	76.4781	74.8777	70.4605	59.7253	34.0012	33.2111	57.9885	54.9628	58.0413	70.8525	72.5502	72.8433	73.8028	76.3106	78.5282	79.3652	78.558	69.9769	54.0127	75.0693	67.887	71.772	74.8104	76.1913	76.8195	73.2752	75.45	61.8397	58.2105	72.1708	72.1379	31.6149	29.4873	54.3421	64.7829	68.7246	66.8782	66.8285	63.0087	57.0771	25.1552	63.5973	58.5749
16.1532	10.2018	5.30933	7.53117	8.7138	8.57274	9.86964	12.4782	11.2167	7.32335	5.17041	9.64255	18.9376	19.0916	10.8972	7.51703	7.15957	6.32023	8.14843	6.83094	9.11323	16.3008	17.9314	11.1488	13.1268	14.8591	7.65923	13.8239	10.8089	12.688	16.6774	13.7374	6.70434	22.0256	27.6983	19.919	7.18038	9.97902	13.5836	17.6614	15.1834	23.6206	18.4376	14.8832	14.5746	24.5363	20.8325	16.4981	13.3935	1.2743	12.2699	17.03	14.1024	20.116	37.3375	42.7184	21.2239	22.8959	36.6415	35.4609	18.9613	13.9051	9.21192	17.8068	15.3991	15.9462	18.5819	20.3217	19.3576	18.0815	17.2905	21.2118	29.2895	34.7144	34.5982	30.6689	24.4064	25.4147	26.4572	27.3259	25.609	35.3481	42.3442	37.5135	34.8785	36.9269	22.0136	19.4307	17.1891	16.9478	19.0162	13.395	24.7445	25.2718	7.33135	22.1839	22.9639	22.9682	20.4728	28.5728	26.1167	22.8499	20.5638	20.6872	14.4817	4.15411	6.34643	15.3843	22.4957	24.2442	23.9267	22.8111	20.367	18.3811	14.0393	8.2597	2.60087	4.22666	9.25662	11.7637	12.2687	10.0279	6.56368	5.62762	6.36309	6.85071	18.7256	34.128	48.157	51.0649	68.2372	75.3685	67.2263	51.4506	64.8254	67.0978	72.5365	44.4554	50.1187	62.1773	44.5886	51.1025	54.7392	41.22	76.2643	73.8454	62.7228	64.4185	63.7142	51.856	11.9651	27.9919	19.7381	6.47104	8.40093	11.358	23.7857	28.9595	26.8	15.2794	3.86938	5.00055	11.3686	22.4713	25.535	24.4864	20.7148	14.4235	20.1473	29.8147	25.1221	39.4872	31.317	17.0705	20.9866	18.6358	23.4953	5.03664	28.3322	25.6352	13.7403	12.5925	31.0138	30.7902	37.777	40.0883	36.6887	51.5709	66.8818	64.941	52.3764	38.6317	73.4515	70.1878	46.3198	69.061	68.624	72.1997	71.3701	65.5969	64.873	75.7598	77.736	64.538	65.0091	69.6939	66.2443	68.1484	67.319	60.3464	62.284	69.8317	70.9926	73.6997	72.2328	71.0865	72.3362	72.5387	71.6567	57.4687	55.97	26.1004	60.9586	72.8976	75.4267	76.211	76.4645	76.7639	76.9643	78.7191	78.5709	68.6902	66.7858	76.632	63.3189	55.6578	70.4572	75.7535	74.0103	68.5262	61.9496	71.1699	68.9584	63.7181	65.6004	57.9894	59.2944	55.7607	49.3611	41.661	66.5691	69.0342	67.1592	54.3544	48.5874	68.9813
15.1158	12.1013	6.90888	3.71658	5.68069	5.99391	8.17162	7.2486	5.83053	6.67881	7.8756	7.75128	18.2723	20.9771	13.1351	8.64064	5.07525	4.19738	8.24581	8.54894	6.16254	14.2171	16.3402	4.07969	9.56782	12.3407	6.65857	6.70373	4.41983	6.70359	11.682	10.0791	13.5818	26.7506	26.1969	15.1315	1.23763	12.2963	12.583	9.65087	5.03938	24.7365	13.2208	8.407	15.6321	27.5566	23.7919	16.4872	12.2493	9.46387	6.4099	16.1978	10.1016	12.276	33.3164	39.3697	13.9041	18.3016	34.1198	33.4945	21.0928	14.8086	5.60831	11.6136	7.44236	6.67012	10.1668	17.149	12.5833	9.88066	11.0772	15.0952	16.2878	26.2482	21.3078	22.425	8.76747	18.7465	16.1273	18.4562	22.055	24.312	26.8859	26.6153	24.4241	42.6873	39.5088	9.76363	9.7046	9.89231	13.2909	8.01144	27.9721	25.4285	5.3086	24.4778	24.5075	19.9852	17.1992	31.9816	29.6252	14.0007	14.7069	14.3977	8.22242	1.33289	12.2963	17.6064	20.7049	17.8773	14.9242	14.1902	13.4477	11.9347	11.2326	12.3379	10.9913	5.47737	1.06467	6.19208	8.89832	9.724	7.58156	4.32572	4.22616	5.69641	15.4437	27.8647	48.5576	55.1867	70.4863	75.4151	56.4188	49.6725	49.7789	70.8569	70.8959	32.1051	59.7421	65.8627	39.6173	44.3927	54.0605	1.23761	75.3041	75.8414	60.9658	65.2912	62.8245	53.3827	25.3711	20.7011	28.1418	23.0742	11.5032	5.34014	13.6612	16.7086	20.5054	18.8991	4.64099	2.13573	5.24854	17.9065	23.9156	17.7983	21.0338	2.33417	20.1293	22.6466	6.16533	40.9754	35.32	9.03389	13.6109	12.6452	10.0718	8.84961	17.288	20.8895	23.3716	5.24854	27.0939	26.1245	35.5148	39.4241	32.3609	45.8806	63.8389	60.1945	56.2021	26.0246	66.0011	75.6937	50.7519	60.9679	52.8977	58.502	69.7355	61.0117	56.1449	67.6924	79.0575	57.9941	41.9181	56.4492	49.9708	55.8867	67.2723	43.4452	53.5486	59.3142	57.9836	64.4505	64.2845	62.8083	56.0485	57.7822	72.7412	29.2192	48.1912	60.9365	38.0779	48.0192	61.2384	65.0666	65.1034	64.6336	65.1234	72.5867	75.9985	71.5984	19.8357	76.0528	73.8751	38.0906	55.7742	66.2556	60.2437	37.9096	69.9889	72.3269	48.1054	43.6509	60.9046	53.4478	53.9732	35.4132	12.8446	58.1906	46.5293	67.0949	63.9046	54.1091	12.3245	67.1991
12.7078	15.1257	12.2708	9.5752	11.0749	8.98224	1.66005	7.38923	10.5619	11.1534	11.2635	10.3883	16.1589	18.4132	15.4425	9.85391	3.8608	4.197	8.08999	9.43651	5.70388	12.6989	17.9701	13.5215	13.4707	15.5753	13.8919	6.43041	9.22106	15.8884	21.4768	20.374	20.1333	24.2704	21.6865	12.8424	6.79438	16.3961	16.6964	13.9638	11.212	26.7579	13.4768	8.82215	19.2639	27.2484	23.065	16.2251	13.9079	15.2115	8.17284	14	15.313	19.7489	31.1291	38.0514	19.2021	19.798	28.3613	31.0726	22.1543	17.2294	8.93717	6.45832	10.7417	6.7857	7.4216	18.3137	21.0327	20.2472	21.2536	18.7456	19.1476	30.5995	30.4681	33.5688	23.026	14.6344	10.7983	16.082	20.8319	21.8659	21.7554	22.4163	18.402	39.4548	42.5349	6.89114	3.98505	16.5095	19.552	16.2393	30.5642	30.8674	22.589	30.5106	27.917	25.1957	26.4711	37.5156	33.1971	13.1606	9.44002	7.33003	3.98505	15.703	24.7926	25.3455	21.8204	19.5518	15.6145	15.4854	18.5176	18.9288	20.6799	20.2771	18.2861	15.4143	12.5631	11.0683	6.72335	7.90522	10.2873	4.1678	3.00859	4.96289	12.5167	24.714	45.4991	53.6916	71.1106	75.8787	57.345	58.5736	52.5579	73.3916	71.2603	54.3293	66.9707	67.2516	42.7838	39.9719	49.4009	22.4272	74.6059	76.6722	59.7714	64.2858	65.6674	59.9673	39.0075	9.06101	28.2421	37.3278	34.1263	20.5036	10.6991	11.7371	24.5294	36.2285	34.3917	22.3126	14.8802	9.80746	18.3388	22.0539	30.6578	14.7813	17.9667	24.7613	9.53925	38.0419	38.504	18.2957	14.2868	16.3227	14.3006	9.87952	11.0955	18.3062	30.1049	20.4716	18.8504	26.8183	35.9677	39.5698	32.7108	40.8828	61.7381	63.9203	64.6433	53.8006	53.5571	76.4363	70.0695	33.9437	25.1122	47.8003	69.8913	72.3695	62.33	65.1381	79.3908	68.8197	41.4468	33.1311	23.9828	49.2773	57.9612	48.7746	63.6519	62.6818	59.4677	65.6863	70.4823	68.8622	46.5875	57.761	71.8202	30.6875	63.9287	70.6985	75.6189	75.797	72.7871	65.2223	55.3259	24.7714	35.9174	64.798	75.6343	77.669	69.5925	67.2029	76.386	66.7267	24.9104	50.8204	52.7751	49.4816	71.2033	71.2827	40.3464	32.3486	29.9241	59.7829	70.1809	67.8738	56.8628	63.3292	48.7234	67.6132	67.9853	62.5086	56.8539	66.1997
7.48486	17.9516	16.2294	8.29163	6.86215	5.28199	7.2551	8.7927	11.2046	12.1841	12.1056	12.4225	15.5237	16.9739	13.8349	6.70221	6.08287	6.48566	10.0129	10.0699	3.36274	9.87882	17.9787	19.6677	17.4043	18.1977	15.8969	12.4245	16.6033	16.5697	16.3251	10.6669	10.9874	17.1961	17.3022	14.5899	15.1837	22.2878	20.4277	18.0322	15.1426	28.4257	19.5578	12.7928	28.2255	27.4418	16.0624	14.2426	18.9831	20.8312	11.9618	12.4379	24.8808	29.6657	30.4189	33.8851	23.8227	17.0567	21.403	25.8583	18.7924	17.8519	14.1946	10.5871	15.8838	13.7924	11.2304	18.3059	27.0908	27.9857	28.4552	25.5242	25.6418	33.2413	36.0494	40.4654	37.4333	25.0316	12.0999	10.2863	19.0936	27.884	29.202	24.0997	19.3127	33.6565	34.4692	13.1362	10.5424	16.4854	19.1117	21.2465	35.3671	39.2767	32.8067	28.3886	29.6598	32.6806	34.9595	38.8856	25.9059	6.16416	2.59998	8.14283	23.6557	30.1381	33.9421	30.8816	26.1378	25.3886	23.2221	23.5896	26.5047	26.7832	27.5053	27.8714	26.4814	23.3609	17.515	14.0668	12.4066	5.47637	9.61219	6.20766	2.93125	3.78064	9.67336	22.4649	38.0876	46.3182	69.9782	76.0023	65.7198	69.466	67.5815	75.3376	73.8357	66.3032	71.4679	69.0438	50.3839	35.8555	39.9036	35.0688	73.4858	76.8346	56.5107	56.6806	66.9453	66.1924	41.6103	19.8218	20.9357	36.3207	41.8751	36.3746	27.4685	34.1213	36.3739	41.5851	44.4655	35.4431	24.4776	8.74041	18.1565	20.2594	30.6595	28.8877	10.791	24.8416	18.7204	30.7648	41.2794	31.5277	29.1299	30.7897	28.2147	18.3728	15.5028	21.4624	32.1873	32.6867	8.96166	22.6379	35.8309	37.8093	31.1859	36.7069	55.78	62.4799	69.329	68.8414	32.2643	74.3123	75.8601	60.2499	10.7531	24.1454	46.4534	69.7871	71.303	70.2184	77.7257	76.1623	36.134	53.5731	59.3003	58.5061	31.7072	51.292	65.2487	63.8654	66.65	69.2279	73.2517	75.3664	68.3817	59.9197	64.0604	52.4984	73.4866	76.086	79.7847	80.1063	78.4968	73.7876	69.3129	62.9413	40.9687	30.7232	71.7131	79.2338	79.291	46.8758	75.4717	75.4981	68.3176	49.7359	55.7817	65.3247	68.9039	69.5939	64.5821	58.2201	66.0887	72.2566	74.2306	73.5068	71.2589	68.723	62.7195	66.6173	65.3276	57.4031	62.8746	68.954
2.97743	18.7853	22.2296	1.0499	6.17798	8.06459	9.9753	6.62262	5.32708	6.96983	9.19539	10.4355	17.2067	20.2214	8.54526	3.81652	6.87232	6.31785	11.3025	9.1565	5.8624	7.15703	7.60927	12.4235	10.9041	8.31586	11.3742	14.4529	16.4706	19.9981	20.4882	18.0477	18.8863	22.9229	23.4792	22.0189	22.6112	24.251	19.4433	12.968	10.745	22.6799	18.7398	12.93	32.4027	23.8812	10.5763	13.8189	20.4381	18.2925	16.1885	14.6693	23.1527	19.3272	19.2727	27.1083	19.6858	12.2402	20.8964	21.7003	15.8607	17.678	16.6028	15.3784	10.7616	17.3168	9.86291	13.1774	15.361	18.0714	17.4485	21.1397	22.533	22.7436	21.9637	27.778	32.6146	29.092	25.5432	22.612	16.9248	25.3392	31.7184	23.8267	21.0374	30.535	27.7711	21.6658	21.6196	15.447	21.3957	15.428	21.7474	34.7921	32.9879	16.0249	30.5613	34.3066	28.5456	25.3321	4.9985	14.9749	18.0714	28.8126	34.7709	29.8497	26.8931	22.1782	21.2713	21.2203	20.0552	19.0263	22.3828	22.8265	20.3852	20.4776	20.7403	21.5263	15.7096	8.10357	10.0986	10.5251	2.10631	10.0239	6.13144	4.70141	7.93768	17.5395	26.8748	33.5362	65.4399	73.4541	61.7293	70.2258	62.1416	74.2438	73.0687	65.6095	71.4522	71.0349	56.366	33.0975	31.6913	36.6662	72.6169	77.0528	57.1195	53.3232	67.8979	67.3668	35.6754	23.78	22.4006	7.07057	33.7184	33.1968	32.7569	35.346	28.9655	22.8416	35.3911	39.7449	36.3168	17.9673	15.4844	16.3957	18.2637	31.7357	29.6065	19.9907	25.7772	19.5489	40.3246	38.1736	30.842	26.2183	25.4063	22.4633	15.4986	12.662	22.8402	29.5	14.5886	14.7108	34.3556	33.5276	24.7536	25.6411	41.4307	47.76	66.6153	72.0199	55.2374	63.8978	74.3598	68.4656	52.7276	62.044	64.7415	49.281	62.3606	74.9243	77.0419	75.8688	61.1577	50.353	71.3376	63.7539	65.0852	62.6724	54.1376	43.6572	37.2501	24.6773	64.0309	75.6857	73.3634	65.0303	53.9418	60.4923	76.2059	75.051	72.9867	72.9371	74.3325	70.91	69.6445	71.0936	66.5647	65.5089	45.577	67.2054	80.0645	77.6901	40.7801	73.1401	75.0467	71.0762	32.8095	64.8503	66.0703	71.9771	73.8685	74.795	76.0227	73.3374	68.5853	69.2402	72.3393	71.023	47.4993	71.3614	62.4024	8.96036	49.5729	67.0482
10.6466	17.4739	26.0145	3.43383	8.51796	8.23913	8.73819	5.06122	5.79675	10.1855	9.42295	9.10383	16.2459	13.9948	8.62217	7.55324	7.86324	7.49539	10.5585	9.92135	8.68238	4.65893	8.48992	7.19564	5.50822	8.33987	13.5392	15.6391	14.7249	17.0342	18.8928	17.4437	16.3215	18.8529	22.4286	21.773	22.6091	24.5615	18.0858	10.5464	11.0924	17.7983	21.266	25.0595	25.9756	16.8815	14.2254	18.3191	19.6043	16.7678	19.9106	22.749	21.6754	13.0611	11.0609	24.9739	19.8318	19.1989	24.0019	17.6399	10.3186	14.7245	17.3147	18.8305	9.43698	16.1217	15.7269	15.0515	12.9325	14.5673	16.9457	22.5105	22.7465	23.444	22.9591	25.7937	30.2645	28.8354	25.509	29.9295	31.7985	24.4685	20.4931	22.8968	23.4783	32.2255	31.6716	26.948	29.3606	27.8734	30.9782	28.1615	15.6975	12.4168	32.612	26.4999	37.0262	35.3883	21.7014	13.7831	8.2193	25.5752	27.1723	33.0391	32.6463	25.81	21.653	18.8227	18.2972	19.2245	19.4414	16.7614	18.8909	22.7465	22.5561	21.5133	19.9672	24.476	21.5178	11.3621	8.81468	12.2533	8.42676	4.80311	9.87667	10.3272	9.56426	13.3818	18.1817	33.9938	61.9759	69.8088	56.1443	67.4092	49.6336	77.1168	76.429	57.9429	68.8318	72.3739	60.2039	38.2514	30.5416	29.7288	72.4157	76.9629	60.1292	58.6488	66.5627	61.5915	36.9232	33.5474	32.7906	13.0344	26.7784	30.6504	30.0874	24.4979	26.7902	24.1978	34.869	38.5903	46.3494	38.4623	12.6095	11.2332	19.0743	23.9037	33.9619	22.9945	24.0538	17.8309	26.0603	32.512	19.7137	15.03	14.5212	13.9837	8.85124	1.44264	19.9782	27.3157	16.4023	5.08813	33.0518	30.8389	22.8108	24.6437	43.8964	50.8965	66.8461	73.0657	64.1196	57.6971	73.1378	67.7177	56.2502	61.407	63.7565	69.3513	14.5784	76.2856	79.1333	69.7134	70.0422	70.8731	74.1931	64.9084	67.6014	68.5995	57.9738	52.3233	55.0795	38.1187	54.9579	73.9267	73.787	70.0946	57.9044	58.3859	76.2999	74.7518	56.7348	68.5477	72.774	70.7459	64.8548	62.0255	57.8612	68.0671	68.2976	5.41672	76.7837	80.4604	67.8865	60.2312	71.7887	73.3615	34.3106	52.081	55.6189	64.069	69.2488	73.4128	73.6734	70.0111	65.7494	68.2693	71.197	60.8479	65.969	71.5594	50.9764	61.7858	66.4784	68.847
16.553	19.2687	26.7196	7.38633	10.5228	10.7712	10.0759	7.21162	6.82684	10.3217	9.21749	7.99809	15.1166	15.7042	11.356	6.86239	9.03773	9.7785	11.4271	8.87906	3.60225	6.93379	8.99806	4.26377	8.68164	12.7407	15.965	19.4647	19.6484	19.5446	21.4807	21.6937	21.5135	21.2722	20.1032	19.4266	22.7986	17.4862	5.24601	7.91739	13.9301	21.0645	24.3385	21.5639	16.5827	20.5849	23.09	26.6279	26.4271	28.0725	32.2341	33.1904	25.2603	14.5275	14.8269	24.3293	17.5101	15.8062	17.5338	14.6659	10.6113	16.4808	17.6832	14.2184	16.4473	12.2053	20.0448	10.6408	6.15958	1.89182	9.27213	15.3759	16.6006	24.0003	27.6675	31.5278	34.8345	33.668	28.8545	32.2388	33.6368	30.9807	21.7443	18.4826	12.1847	17.647	33.7166	36.71	35.7457	38.2905	42.6313	40.2016	38.0355	36.5583	2.98708	31.6097	41.6248	32.8099	17.204	10.4531	37.8008	42.7296	37.2254	32.0288	22.9618	8.71917	2.35255	10.4181	14.1986	14.5663	10.7211	9.85475	14.9695	21.8594	25.2596	26.3577	28.7294	34.1161	33.9716	26.6836	21.0835	19.8383	18.726	12.7038	5.23461	8.67775	14.8481	13.4652	12.2377	29.9635	57.8848	66.1439	56.8622	54.5904	38.1041	76.5316	77.9464	59.9402	68.1383	73.5436	63.8387	45.8225	34.73	28.2252	72.4953	76.6605	61.4877	61.6932	64.171	57.9177	37.0269	32.8228	34.1377	25.9444	22.4774	35.1524	31.1651	24.4712	27.0052	30.3545	34.5	32.4474	44.3911	44.2701	35.0791	18.4276	12.5766	17.2742	29.8171	37.5986	26.7159	8.48029	20.0127	24.8423	16.9845	16.1468	15.5253	11.7751	9.57101	7.84168	19.5806	25.3665	18.5138	3.9063	30.4273	24.8233	18.8795	22.4409	46.7511	53.29	65.2622	71.9748	68.6124	34.195	67.889	74.5167	72.215	68.5556	66.3948	73.7126	70.4431	63.1889	79.8255	74.7148	70.0775	74.0967	76.2275	67.3579	70.2691	73.4948	75.5695	72.8737	62.557	40.5519	37.2401	71.8788	75.714	77.4699	77.3285	70.6151	71.7156	74.3957	61.2342	65.8954	76.082	75.3317	74.1124	74.5751	74.5306	76.0172	76.4747	68.8171	55.4205	78.7418	79.787	78.4943	76.9739	73.3792	51.1368	45.5944	56.8036	60.8186	61.5748	60.4227	44.108	20.8925	35.914	45.2773	29.8445	52.1113	71.8096	76.1307	76.3604	77.4883	75.4675	72.696
14.9707	16.9677	23.7936	5.58345	10.0048	11.2063	9.57174	9.21819	6.89408	7.01709	8.98591	7.31842	11.7349	12.624	4.33751	3.96021	7.52991	6.96574	9.25513	10.4604	7.34062	6.48297	4.79275	7.21122	7.70086	8.89332	10.3947	11.735	14.688	14.577	13.8353	15.1963	14.82	18.5692	16.9004	12.3076	15.759	7.54597	13.9366	13.7931	18.2979	17.2962	14.7589	17.8337	13.6135	15.401	16.599	19.8345	18.6927	22.44	24.0087	22.8937	19.3409	12.1615	17.812	18.175	10.0662	16.8961	14.1048	16.3004	17.4026	18.5874	14.7941	6.08771	18.3099	20.7433	11.292	16.8776	6.1397	12.1518	8.78396	14.1327	10.7201	14.3205	18.0945	21.1297	27.5907	27.0021	16.1437	23.5453	22.1658	24.4001	25.9222	23.9325	13.0359	12.109	22.9092	33.5825	27.4742	24.241	32.4833	31.5928	27.8617	37.5165	37.363	29.9814	29.5996	21.6886	10.3256	34.9788	45.5432	33.758	23.4769	16.8039	7.343	8.13576	9.68693	12.8904	24.6162	20.7402	3.58493	10.1605	19.1376	14.7708	18.9249	17.9115	20.6024	27.5294	30.3848	24.2724	18.8531	17.8039	16.84	11.3816	10.6189	1.65007	15.6236	16.2877	10.4183	18.2759	50.3329	60.5315	52.428	15.2799	45.9101	70.9166	77.5795	62.9651	67.8629	74.0989	65.8316	50.5145	41.4004	31.7562	72.8138	76.4796	60.2322	60.8148	63.145	59.6467	43.1934	41.2926	36.3319	29.7119	18.3592	20.6576	18.0943	14.4688	15.8186	28.8275	29.4628	24.3186	36.8388	34.7786	33.8949	32.8497	15.3488	11.831	21.3606	27.3999	27.7864	15.2534	26.2209	21.6142	14.4648	8.93292	14.2222	13.2059	9.21819	13.1561	25.2775	28.1309	15.262	12.1931	28.99	16.9322	15.9732	27.0307	49.0663	52.5142	57.5661	65.3081	68.8913	64.1274	49.1209	68.1041	67.7098	62.5695	56.77	67.6285	71.3615	47.8814	75.1236	75.9016	48.9245	64.8155	69.5825	61.3671	65.0536	67.1267	70.8255	76.5678	72.9829	41.201	47.8863	65.6549	69.9159	70.9261	74.7317	71.9295	54.1638	70.512	73.2178	70.1383	70.7234	72.6312	70.2015	74.1136	72.9621	73.7764	76.0635	72.3875	44.1974	65.6817	74.8634	75.7833	75.6824	69.6353	50.7791	37.3109	44.7865	47.6078	40.6312	22.8205	22.2782	43.4288	57.537	56.7904	46.3728	37.4198	66.0944	74.2945	73.4282	72.7343	66.3011	61.6214
12.5737	14.4124	21.2818	0.349866	9.1578	9.84673	9.92554	10.1652	5.80289	4.74776	7.31539	3.70173	8.75617	12.6272	6.34185	2.76388	4.91707	5.20437	9.66878	11.2607	8.8955	6.28205	5.18715	5.91901	4.0321	4.65749	7.49323	7.43722	8.6333	8.59373	8.85733	11.4388	9.41878	16.4335	12.8351	6.50809	6.45457	10.5623	16.4975	10.0389	14.6645	16.7079	16.4774	18.045	9.43471	7.78507	5.08091	12.0588	8.68655	7.39722	7.62219	5.37339	14.0884	8.99813	19.8948	13.7938	10.1311	18.5279	13.698	13.8539	21.0254	19.0903	12.4278	4.74149	16.7341	25.2958	4.14	22.4176	9.48304	16.3845	11.0893	13.9717	12.2976	4.53218	6.52896	9.58632	22.2216	21.3508	11.749	18.3571	7.17525	9.79905	7.94252	10.3813	13.7481	25.7372	12.0995	20.6499	20.8934	19.613	30.6302	31.9195	22.9982	32.8906	47.6348	40.4706	15.1052	6.23378	10.0846	42.2616	42.7405	11.2457	10.4725	9.00349	13.5985	13.5619	6.99101	4.19095	24.1132	23.0084	10.4499	13.4943	21.6749	10.4173	9.84824	7.70019	9.53279	18.6508	25.6828	22.5635	18.7564	18.5688	16.8705	7.82309	9.97145	6.72589	12.4393	17.493	10.7637	9.76429	44.3471	59.9399	58.9437	45.2285	56.5208	61.8753	75.4726	65.7203	70.4549	74.7517	66.3369	52.1266	46.1538	36.9535	72.8821	76.5512	58.6768	59.1989	64.9426	63.6767	46.3067	38.4025	26.5106	28.2761	20.0991	13.7301	14.766	8.4683	4.22341	26.0352	26.5583	25.6393	36.4964	32.9132	33.5677	36.9782	25.6758	15.1805	19.0851	7.57698	26.5094	24.2975	24.8005	11.2715	16.4703	17.8508	17.5196	17.485	16.0272	18.2025	26.2672	26.8491	12.3716	19.519	29.0759	18.4353	20.0942	29.3004	46.4349	49.7994	50.5153	53.0389	60.2135	71.4211	62.8446	53.5851	55.7507	58.5113	61.0827	65.341	69.9004	68.7768	56.0975	76.0463	63.327	64.9164	47.5993	49.0785	51.9659	53.1593	55.6661	76.7262	76.2955	39.914	51.3799	47.4633	62.428	56.1051	64.2683	66.9285	45.4571	62.3102	76.3	75.0819	48.8992	68.6114	63.7062	65.8117	62.0748	72.1087	75.4864	71.577	53.7548	41.8125	14.1016	23.6981	28.1308	43.9136	59.9369	55.1083	46.0072	12.7862	14.8488	22.5015	27.8566	36.2642	53.8369	47.2438	34.4392	61.8536	51.3702	41.3544	30.055	43.4024	63.3992	65.1567
15.8642	16.3481	16.0022	12.1306	12.7372	9.23117	10.408	8.00123	4.11007	7.38422	9.5378	7.10103	9.70163	12.2489	10.7468	7.13455	4.91369	6.39065	10.415	9.17158	9.99126	7.71684	9.94442	9.45729	7.02463	7.5761	8.75559	10.8266	12.7551	12.2102	12.2031	14.2587	16.1948	20.5862	13.2296	13.9346	11.061	17.0037	15.2159	4.71214	14.0668	23.0078	24.4505	24.4604	17.2764	17.6182	16.6155	12.3248	14.2781	13.0115	13.4622	12.1072	17.5488	15.2668	23.0074	18.1499	14.5475	19.7361	16.8564	11.4405	19.0163	19.8461	14.1162	7.7456	16.3353	25.5759	7.14311	20.3052	16.2855	20.9905	17.53	14.6482	13.1116	9.77574	11.4406	16.0429	21.9489	21.3539	24.0112	22.6014	13.7343	12.4676	17.2316	17.841	19.5014	30.6412	30.642	13.3741	13.3917	7.17425	22.0085	31.0088	22.0855	26.3312	45.6716	47.1132	19.7265	3.66826	17.1494	38.7171	31.8499	15.7344	15.6964	15.3431	21.5779	17.3311	11.5114	9.8522	21.8441	20.5388	15.7024	18.6404	22.0396	11.2753	5.73441	0.742093	5.54159	15.8515	32.2093	36.7358	33.4105	31.7509	27.6068	18.3951	16.1157	13.5638	6.17501	16.0666	12.0027	9.64364	40.2063	61.0385	65.3186	51.1615	55.2721	34.9237	69.3037	71.0944	75.4156	76.1885	67.1153	53.724	50.9243	43.2105	72.2365	76.7746	59.4381	58.4456	67.6909	65.9546	41.8403	31.1129	23.3543	35.0413	27.4874	21.9486	19.8047	17.149	11.1631	23.6102	23.9452	25.8177	39.2781	35.5922	26.9688	35.5564	34.0128	26.5245	26.038	7.78426	23.3682	22.3426	19.5126	16.2712	30.7217	35.8952	32.626	21.0787	19.8666	19.687	20.152	26.8298	16.3556	17.792	28.658	21.7861	21.9102	26.3109	38.0326	44.0643	48.4325	56.4366	62.8873	73.3399	67.2435	34.3916	47.763	64.611	69.2109	71.9048	72.4929	72.5312	34.2358	72.0805	73.4309	62.3683	17.5116	61.9254	53.4124	55.132	53.1489	73.3867	75.7063	48.6078	47.363	48.7244	68.2125	71.0817	71.9631	72.7061	67.347	22.759	76.2924	77.4749	44.6153	69.758	71.8405	71.9149	71.8436	75.2572	75.141	68.2766	47.7461	67.0894	66.0623	49.4587	60.0177	64.4071	67.7129	66.6851	68.9323	46.0887	17.8063	30.7438	15.0522	28.3005	47.2068	58.9491	41.014	44.3987	61.8311	38.1116	41.9569	66.2017	70.3379	74.0526
14.1951	15.3198	1.22413	18.2235	8.73452	6.00144	6.42516	5.40877	9.02157	10.3695	12.0977	10.1409	10.5801	11.3861	12.9131	9.89442	8.40016	11.019	13.2316	11.6203	11.9575	14.53	15.6883	13.8563	11.8996	12.0978	12.6934	13.97	15.4928	14.1464	13.1423	14.912	19.6699	24.9383	19.6973	20.1215	17.6136	23.8289	21.0382	15.2154	18.3204	18.9898	23.0263	24.903	19.9705	21.4775	28.4846	28.1867	25.4142	17.8598	12.4147	14.0597	24.5864	28.8617	30.3837	26.8184	22.9335	24.3234	25.7386	24.9089	25.699	25.1857	18.0376	15.6208	15.0696	21.3286	10.9869	19.1704	21.2883	14.6613	10.3917	13.0812	17.9463	17.7208	14.2852	18.8145	25.9791	27.6201	29.5086	27.3353	25.4121	25.9551	27.7286	25.4173	25.4945	32.4143	43.3639	44.8678	42.7307	40.1757	40.3849	39.3877	33.3074	31.3237	43.6144	48.0833	19.284	7.88025	15.9463	29.6693	29.5249	29.0937	29.8603	29.3287	23.0056	15.0016	11.7871	8.83574	21.0555	22.2623	14.5003	20.0628	23.5168	21.5652	20.5479	16.6922	15.724	17.9462	21.1311	36.9519	44.9312	50.1781	48.843	41.6063	35.0611	29.3749	18.4442	8.77985	12.1955	9.67761	32.7695	57.1586	67.4491	60.6717	42.6191	45.9821	61.9221	70.0092	77.0724	77.5526	69.6667	57.9894	63.9629	72.7167	76.2031	76.5446	65.8015	62.2354	66.8108	63.5913	33.7519	29.5529	28.6536	36.8115	28.1554	21.934	30.0273	25.694	17.8471	31.5747	37.8997	33.6246	32.9367	34.8006	17.6035	21.6545	32.5406	32.3236	33.1194	19.34	15.2076	28.2612	24.6632	26.8672	30.3131	27.3315	34.8795	22.8116	21.8024	19.7142	19.4483	25.6957	11.2999	14.8736	26.3391	25.7411	20.1339	20.8557	31.8968	35.9233	39.191	50.9792	60.1627	73.5815	73.1529	54.6186	47.4992	56.6967	63.4058	74.3711	75.4274	76.6906	72.3569	3.44555	63.8025	57.7581	65.8678	67.0333	64.0046	68.5508	68.0506	73.504	76.0352	66.0823	63.7004	63.2934	62.8117	67.487	71.1298	74.4339	76.1322	73.7086	71.7697	75.3393	67.4971	56.0646	60.8018	68.4275	72.8982	76.4233	75.2213	65.1119	67.6993	75.467	79.4768	79.2111	78.8985	78.3159	74.7078	67.149	71.5556	71.8554	65.6681	24.528	30.9832	34.1178	37.2699	55.352	63.6413	58.5655	43.989	40.3283	46.8973	65.9675	63.9264	46.1242
6.40381	7.94024	13.477	14.217	2.84451	0.49465	3.44076	7.24168	6.7799	6.24436	8.03897	7.85138	7.8057	9.1893	12.3585	8.44844	5.80418	9.80405	13.4298	11.2411	8.27272	12.1157	11.1128	10.0702	8.92164	8.57425	8.2511	8.77431	11.4103	10.2145	8.46448	9.61007	14.9176	20.5733	13.4828	13.6199	14.2203	20.2959	18.2448	14.2127	14.0851	11.6825	18.1575	18.2308	13.2874	13.2004	19.1399	24.2863	21.3604	14.9496	9.58526	11.9041	15.5316	19.4671	23.0224	21.1458	18.4094	20.8013	23.874	19.8873	20.455	20.427	14.8446	15.7418	7.54909	14.8197	22.5972	12.8145	15.8711	8.27963	8.01649	15.2013	17.1659	14.3279	9.85945	11.055	17.6759	18.0608	18.6037	17.7488	19.7054	21.4473	19.9003	18.7236	19.7173	21.4508	29.1671	33.8751	33.6352	31.2731	32.6167	31.1079	24.7337	23.9097	38.2334	43.5794	16.137	6.85877	13.66	19.1888	23.206	23.7647	25.8464	24.2375	15.0584	9.00578	14.1117	2.84466	14.6452	25.7343	14.4941	16.3121	15.0433	18.4346	17.3607	11.9042	11.9994	29.7966	20.3925	18.4785	33.0652	42.3472	45.731	38.7921	33.4311	27.4262	22.467	5.67527	12.8883	11.2719	29.2195	50.5837	64.9543	60.0153	43.7041	54.2904	51.1796	67.3312	76.1893	77.6029	70.0739	50.206	62.6188	72.4716	74.2594	72.4593	64.5565	58.6761	58.6933	55.4185	32.0419	31.9056	40.2496	37.0783	30.7112	15.4841	20.9865	20.5879	27.132	45.2054	47.0166	34.1137	21.3941	28.6906	15.8331	7.99453	21.9448	29.9448	31.209	32.4105	10.2474	25.8397	16.914	22.0925	14.8446	21.4745	31.3777	22.6704	23.5959	17.8686	28.3551	30.6062	2.35158	14.7659	22.4081	28.362	20.0473	20.371	31.7751	33.3592	39.0685	44.3845	44.429	66.5212	71.2132	67.0839	59.27	59.7932	47.1949	70.6154	72.3055	76.1062	75.9163	58.5669	40.8589	67.8183	72.4483	65.5839	64.2485	71.3723	69.7607	72.1958	75.9944	67.6574	62.9992	54.6645	37.4891	45.381	59.2926	66.093	72.0492	71.126	60.4222	60.7711	65.6452	68.3846	66.2307	58.0814	69.7215	75.9926	76.0053	62.3483	73.4019	76.7759	73.9035	74.9919	74.3434	74.728	72.6852	65.6337	57.8601	64.1641	69.885	64.9275	28.0412	32.6832	26.1776	32.7889	44.4203	50.7515	46.4145	24.1274	36.5996	38.291	61.9648	68.1679
8.46552	5.1527	20.2582	9.43077	1.61181	4.22197	4.09048	5.06993	3.21163	3.3371	5.23437	7.57382	5.85762	8.66425	11.4508	6.04	2.84428	4.18936	12.0544	9.91012	6.62922	6.22447	4.36334	5.06098	5.08489	5.5809	5.6987	5.79312	9.66228	9.38391	6.17347	4.89686	11.681	16.5577	6.96471	4.53047	12.6519	15.4578	10.1861	7.9864	9.33367	10.0338	16.1899	12.1886	10.4461	10.1561	8.73771	5.31479	3.48001	12.6587	7.43461	16.1996	10.821	6.71926	13.8785	13.1471	10.8789	14.7534	18.6354	10.8852	11.5419	12.559	9.75319	12.5268	6.88436	8.2931	28.7956	10.2933	8.59051	15.8075	6.01527	17.3947	18.2791	9.21382	6.23177	7.14115	7.54815	5.6987	7.01399	6.2725	5.96003	7.9864	8.54752	9.543	9.09984	8.63219	9.79882	13.2425	15.8082	16.8136	20.4737	20.0022	18.0981	22.0705	36.1905	40.612	11.8249	12.3992	15.2113	13.3023	12.1784	8.67831	7.8982	16.2376	16.1904	11.1952	15.9488	7.26587	7.13462	21.0949	19.0495	19.1868	9.70045	4.61013	15.7897	13.5421	5.33441	30.5846	25.6016	11.3493	17.7857	11.3949	34.851	36.1309	33.5831	27.31	24.8433	11.9403	10.6506	12.8315	30.9845	50.6978	63.9572	55.6181	48.6325	51.8029	47.1322	66.5007	75.6207	77.7323	68.422	56.9311	71.0926	66.078	54.7172	58.9776	56.5075	49.387	52.6536	54.3766	37.0059	24.9667	39.2247	40.4698	35.7667	11.136	15.122	24.2376	30.7605	48.5932	50.5642	28.6411	30.5886	9.14952	20.616	13.2382	19.3565	27.1177	23.5628	36.5269	20.8086	20.7645	13.0079	7.33104	10.8734	28.6586	30.5518	22.0291	22.5504	15.863	30.3263	31.7911	6.88433	20.3199	21.4663	23.9066	18.0012	20.685	35.1961	40.0881	40.4738	37.1289	35.6209	57.7312	67.4872	70.5077	61.4455	64.6662	54.4139	60.78	68.3451	74.5726	76.4889	68.351	18.8199	67.1191	74.3659	69.8052	64.8538	65.7343	47.6588	63.426	73.449	61.3682	44.858	30.2597	37.4447	45.1546	52.8715	53.5996	60.898	55.0613	52.6034	44.2272	23.7173	57.5659	62.0927	67.1912	73.068	76.2263	75.0512	55.8253	74.084	78.536	52.4183	61.7406	55.7405	44.5913	67.9165	70.3943	47.1284	36.6213	66.0782	70.0604	15.3306	24.257	25.5561	25.9206	26.7736	23.2539	23.5454	45.2107	38.7632	34.6871	49.3267	50.9602
7.77176	17.5721	19.0145	2.27853	5.50406	7.08144	6.68723	7.0048	6.27926	6.38843	5.16412	7.75805	9.80036	10.0343	10.2767	3.93858	6.62388	6.5004	12.6725	12.4134	12.2727	9.32655	7.3143	7.31229	8.86506	9.74967	9.68912	9.26606	9.51403	8.34963	7.15076	6.11886	10.872	15.6472	11.053	8.92828	15.4996	13.9291	11.0568	12.6004	13.1039	15.7144	19.4705	16.5098	16.2821	13.6082	15.1303	13.0155	11.3239	10.6114	16.4577	19.8464	11.4668	7.0134	16.5127	20.2161	15.5671	15	19.604	19.1101	18.7018	13.886	11.2521	14.7254	12.568	9.19403	30.2912	25.4816	7.54761	18.4862	8.77267	16.2815	16.1673	10.6126	7.04512	10.2415	13.4455	12.5457	11.2394	9.66166	11.0437	13.2498	14.1117	15.5839	16.4128	18.2428	19.6504	22.44	25.1451	26.7955	27.463	27.8988	27.5561	28.6136	37.4621	37.7467	4.4422	22.6432	18.9935	18.4312	18.7766	18.5747	19.3166	22.8193	22.334	18.7167	18.5309	16.3577	13.8023	7.63583	15.7046	22.8278	20.8802	11.5065	25.3989	21.956	16.7169	22.4275	23.615	16.2922	24.5918	13.7239	20.8094	40.9846	44.3609	40.5151	34.3649	21.9208	3.37299	15.1574	35.1659	50.8544	62.0915	49.8417	57.0008	47.4374	46.9869	65.0249	75.663	77.8892	66.0173	75.9588	76.9336	72.2646	64.7454	60.5282	61.3404	57.1432	58.0302	57.1165	41.131	33.1206	22.702	41.7734	42.7145	3.68334	25.0221	23.9457	22.8837	45.9744	52.7287	22.8718	24.7207	20.5449	23.7529	19.0515	27.2587	26.2185	18.6245	36.5432	29.7036	16.8635	20.9972	10.5173	17.2274	22.0043	24.2752	18.3836	19.0972	17.169	27.9239	27.4781	12.8373	31.1024	27.277	18.9665	11.0433	16.3226	37.465	48.0781	40.9338	33.0266	41.6199	56.6359	61.7587	66.6922	66.5552	70.4507	68.6091	39.1015	69.257	75.0751	76.4075	69.6665	50.0309	46.7289	74.5598	73.9111	67.9904	69.1929	66.8795	69.2978	72.1434	67.2081	56.2882	38.2221	37.8322	38.69	40.52	52.2363	63.8991	68.5621	69.7547	63.3317	51.4681	71.5016	71.856	74.7976	74.7269	69.6084	67.2693	55.5754	71.86	80.0197	71.0254	71.4096	64.3005	35.2591	68.122	72.138	56.0395	39.7989	58.8019	63.4869	36.8122	5.84448	24.6749	32.416	27.9804	29.1292	34.4997	51.3554	47.7619	52.5899	58.1885	48.0203
12.5587	22.4022	9.58096	11.5062	11.8135	10.5016	10.7624	10.0791	7.31165	6.4788	5.36999	5.42872	9.53159	12.2255	13.9656	12.4954	12.8655	9.75173	10.5457	11.158	11.7056	9.93241	9.60745	10.4779	9.45289	6.45098	5.30204	11.4551	16.1662	14.8296	8.99193	0.874138	10.3373	16.4685	14.2711	14.4131	20.9243	22.6666	21.7154	17.5416	15.4551	19.2094	23.9162	23.8136	22.8021	21.2691	20.4335	15.3696	17.0659	21.2274	26.3733	18.6551	14.3897	16.2446	23.2083	23.074	14.7787	11.4658	18.7875	22.9471	16.6411	14.0214	11.8416	16.0373	16.6693	21.4648	17.7953	35.7628	18.7141	20.0356	19.456	21.7196	19.5733	16.8837	14.3112	9.52746	13.8756	15.983	15.8114	16.4987	15.4147	15.6958	17.6539	18.0649	18.8417	20.9885	22.489	23.9184	25.038	26.9988	29.2979	31.0953	31.4268	31.8762	35.57	27.9555	16.6664	31.3827	21.9086	21.4681	20.9156	14.4103	4.93917	11.352	13.9357	6.7956	17.4973	22.4551	24.7398	20.8228	15.7773	11.4326	18.914	17.96	24.9813	19.8941	5.57974	19.093	16.6035	5.24482	16.5149	26.8792	19.3344	14.5179	32.7311	40.9133	44.2899	37.0636	11.4491	9.18645	35.0039	47.9602	60.3677	60.1118	41.9329	24.5862	36.072	58.6635	73.8696	77.3572	77.7785	77.5262	67.1792	61.1632	60.8219	63.3131	66.4369	63.3896	59.2639	48.9334	31.1388	33.2839	36.4263	40.8173	43.9046	6.53448	27.4823	22.1859	21.0911	43.4943	52.5449	38.4009	27.9211	56.5422	55.4433	34.4701	18.5007	26.4771	20.0524	34.8024	35.5674	9.15267	17.0621	28.7816	24.9212	25.5918	33.8351	33.9443	28.8155	25.2465	29.0631	23.0306	19.4043	28.8806	17.2255	7.54668	14.2283	23.5749	34.6418	45.9893	44.5451	35.9426	38.5193	50.0361	53.8719	60.0276	63.4129	71.6784	74.1247	55.3979	49.5159	74.7253	77.482	72.9103	68.0473	47.6451	68.2259	74.8212	63.727	59.2893	63.9931	72.2336	70.5697	70.2641	74.9939	73.3918	60.4089	60.0178	68.8659	69.8125	57.3798	23.7401	59.9061	61.801	69.4131	70.9884	60.447	59.478	68.1888	70.4332	68.8972	59.2419	72.1189	80.4666	75.3917	63.6467	66.9084	57.09	68.7571	71.3506	61.9414	53.4126	52.7279	52.9348	47.9507	40.6249	11.4352	39.0834	33.7681	32.5854	41.879	52.8499	49.2818	43.5741	29.0314	42.0663
19.4285	19.3124	7.03771	8.16286	8.67078	7.86564	8.26962	7.37811	6.96256	7.19927	7.02031	3.92233	5.05955	9.0302	11.2177	9.19895	9.53883	10.8499	7.10516	4.79872	6.00611	7.31079	6.55217	7.24724	8.00614	9.07076	9.8673	17.3095	20.0355	13.9635	11.9083	10.4092	7.03771	12.0574	9.93142	9.98449	14.0469	17.004	18.1132	13.6057	10.6865	12.234	15.1349	15.378	16.327	16.5368	11.9412	11.9601	10.7178	18.6225	17.4281	12.6795	12.3172	17.0065	19.683	17.855	10.5891	11.219	17.0797	26.309	9.14729	8.63482	7.38619	15.3775	12.8895	26.6578	7.32101	37.9913	29.2874	14.3452	16.4465	14.0469	18.1121	19.7563	14.1917	6.30915	6.47838	8.91337	10.1708	12.7773	10.3745	12.2879	12.0517	12.3544	12.8452	12.7593	14.1359	16.1071	17.6604	17.7794	20.8647	23.8833	23.6525	22.7269	25.3526	13.3526	29.333	33.6905	18.0296	17.7339	12.548	13.8808	10.0414	14.3909	18.2242	11.6779	19.2397	20.6253	17.6695	16.6608	14.1788	18.6624	11.4544	11.4884	28.3881	25.129	13.7337	22.9344	14.3998	15.0164	1.06325	15.4244	20.2179	14.0481	13.5309	24.0592	41.8112	43.4873	17.6942	2.64359	25.6208	37.9072	43.3654	52.6456	44.9343	39.4743	30.2395	43.295	66.8163	70.4006	73.5644	64.7812	49.0449	41.5366	41.3473	53.968	59.3802	53.966	44.5485	29.9068	25.1737	20.2664	27.1503	36.9709	35.6774	8.8634	24.0336	21.5271	18.688	37.683	48.8067	49.4014	61.6712	61.0714	61.6181	46.0693	8.17367	23.7775	20.8273	30.5086	33.4958	27.0481	14.1107	28.947	26.1659	17.6246	22.6151	30.9759	28.9788	28.5324	30.5837	20.7931	14.7597	19.6029	15.1851	15.3704	20.7535	24.3982	27.4286	36.5435	43.3346	41.9048	36.5355	43.6467	41.3934	40.5227	47.871	67.2753	72.252	66.5502	34.1951	68.4446	76.2256	73.548	70.9654	63.9937	59.5696	75.2392	66.8162	58.7458	60.054	69.4751	64.0518	61.4977	72.2757	76.2533	68.7723	62.8587	71.8844	69.9421	71.3927	66.3995	5.13083	66.9308	68.3329	65.5687	65.6498	70.5282	73.3142	75.3238	72.1838	20.1338	71.0946	79.5849	76.1837	44.6897	66.0827	60.6228	71.7155	71.7965	59.144	59.1701	55.5757	46.1473	41.6017	44.9881	20.2944	40.5409	42.5315	32.005	39.4191	52.2688	52.3071	19.5843	34.6241	50.1183
21.2641	15.4433	2.81635	4.69626	4.86406	3.43027	2.76178	3.98721	7.18815	7.59061	8.37566	6.44976	4.14784	6.11712	8.64233	5.12752	2.12556	11.1852	5.26961	4.61805	3.37217	6.1343	3.84397	4.39274	9.60047	11.8241	14.1051	17.9918	15.4836	3.53509	14.6566	14.5761	3.33593	8.84209	4.53869	4.71225	6.11712	6.10487	10.5131	8.95061	8.60147	9.60071	10.5212	8.16169	4.36153	2.13268	3.76796	10.6578	7.26314	10.2853	1.23589	5.22357	3.87535	8.56483	12.4776	15.1653	7.69636	12.4637	15.692	25.6924	6.54202	3.28073	9.98363	13.7539	8.83714	24.0033	6.46155	36.7419	33.0383	4.13687	7.48178	5.41398	16.1628	14.0571	3.37217	6.89286	5.25547	2.2375	2.81635	5.76757	7.13847	10.376	6.33707	6.96631	7.1695	10.4012	13.0586	8.91577	9.60512	8.46187	11.492	14.6095	15.9602	16.0565	17.3079	4.22029	33.6032	35.9481	18.2833	18.7334	13.8681	22.7974	17.6957	9.28711	17.8492	13.8162	23.1287	20.5034	6.63339	12.2739	11.2364	10.5644	7.23186	4.78857	23.0696	21.8859	19.2523	30.1062	13.383	14.6758	14.4261	12.7773	13.9174	13.3496	20.079	32.2989	47.5967	50.0161	22.055	6.68495	18.269	29.334	17.5737	42.8361	58.6097	38.9036	28.9372	32.8014	59.8491	52.6844	41.1573	54.8657	55.7565	43.5136	34.0037	49.4133	50.1597	42.0545	17.122	5.4696	19.7077	15.5594	13.6172	25.0362	23.2246	8.9699	18.7425	19.3118	19.9088	34.9163	47.5694	54.1899	64.8684	39.7473	52.8291	55.7977	35.1743	14.5375	20.1003	26.4728	30.4007	33.9776	24.7143	17.728	24.0569	16.8089	17.9308	23.0308	27.4128	30.2358	29.4086	19.3391	9.37719	15.5265	13.0027	17.7749	21.1644	24.404	27.2845	31.4214	41.7894	42.5255	28.7676	38.5139	37.2183	31.1839	38.1237	60.8374	66.9913	64.9328	59.6492	52.1707	73.9847	72.6133	70.0125	64.3882	55.8704	75.1593	66.2864	58.4236	64.7739	68.9852	66.6843	66.1448	61.9152	74.3709	72.0143	64.396	72.1533	44.17	69.425	72.0873	30.6117	67.4924	67.4513	63.7944	60.8596	33.122	41.1351	76.7795	71.7356	58.1572	73.1068	79.2839	75.7034	48.6086	66.4651	58.2271	71.0622	71.9101	61.0745	58.973	56.7173	47.0888	38.1117	44.769	31.7457	35.8575	47.3452	38.5524	44.7093	44.9367	49.6715	28.117	28.5846	36.128
20.5735	12.3132	8.18126	8.3822	6.4002	5.14757	4.20195	5.79027	5.96204	7.67028	10.0119	9.791	7.51909	9.10845	11.1025	7.04271	7.09535	7.86382	7.04276	8.45973	7.06187	8.55904	7.0957	7.71077	12.1547	15.494	20.7698	13.8479	7.01059	14.5321	19.4135	13.839	7.13774	10.4003	5.53753	6.56694	9.32932	9.99584	11.9255	11.1066	11.939	16.0595	17.8177	6.08193	2.11103	5.30076	7.90008	14.5369	17.731	13.5907	8.56915	1.56297	12.722	14.6519	17.6213	20.5697	13.6032	16.6451	18.0712	22.0585	4.69562	9.67751	13.9162	12.7368	12.0072	21.1957	10.1226	33.3623	32.7333	6.6327	11.5028	10.4246	15.5786	16.1404	11.5028	12.9348	8.1175	9.47511	12.4551	14.879	16.8374	16.5642	14.4713	14.4354	13.5039	17.7677	21.88	18.6003	13.2481	10.7224	13.3651	14.548	17.068	21.0136	15.5539	5.98481	34.0558	39.4152	22.5321	21.18	20.9052	27.5726	27.0031	12.573	14.2438	11.9926	24.1264	22.227	8.86993	16.8059	17.6734	11.3393	10.0396	10.6005	13.079	22.6721	23.4219	34.1532	23.605	0.349567	14.3857	26.1003	37.0458	42.3503	52.2203	60.8942	65.9516	64.5071	37.3055	6.77575	15.7082	23.2784	19.3292	38.8977	57.1199	58.1756	50.0428	47.2737	59.0787	61.617	56.7358	61.4233	66.73	65.9751	60.5189	56.749	51.5391	44.6039	29.4803	21.3494	20.7066	16.4471	14.2479	29.9964	19.597	19.7219	11.9926	18.1366	25.1356	33.4319	42.502	49.4703	65.4671	54.7416	28.6769	51.2941	48.8945	12.2407	26.2315	30.4397	33.9171	37.9723	30.4068	10.9865	24.7303	27.4159	21.3632	13.3851	22.4132	31.0832	30.5048	25.0281	13.5122	18.7096	16.7259	23.4031	20.7068	19.597	29.8466	29.66	47.6722	53.7726	42.0831	23.4532	29.5957	40.3479	46.3819	61.725	66.4304	64.0098	64.069	23.0567	76.1006	74.3992	62.9853	62.5494	48.3562	72.8344	66.8027	69.5007	71.7335	73.1753	74.6177	71.768	62.2589	74.2457	72.0665	68.4514	73.0442	50.7155	72.9646	72.9078	48.3918	58.6576	72.2785	72.4187	69.7326	60.4985	62.378	73.0221	60.5298	76.1878	78.0096	79.2655	72.7149	44.9151	61.5893	65.718	72.8414	72.9388	68.2483	65.4552	65.2571	59.7695	44.9581	44.8433	43.2308	25.5957	46.1741	49.6661	50.5972	18.7074	34.9631	46.0151	9.81814	41.9471
18.9742	14.0442	13.1933	8.94903	6.38315	5.92114	6.16032	8.56337	8.22951	9.24122	11.0307	13.1673	13.0195	11.8653	11.4144	9.39277	9.90042	12.108	13.0009	10.2953	6.18211	4.37455	4.75915	13.4547	17.5346	15.4353	14.9628	13.9558	23.302	25.3168	21.5958	14.3416	10.6658	13.0792	11.3012	11.8471	13.8135	14.7572	14.0491	7.99465	5.96147	18.3125	16.4951	8.84097	10.772	10.0855	18.0885	21.5476	21.8575	20.4308	22.2215	20.9035	23.1933	20.7005	20.725	21.4796	15.769	20.8201	23.4015	22.5355	17.0188	21.9011	21.7865	18.8008	21.5454	24.0099	18.1616	29.6039	31.1727	13.439	12.9866	14.169	14.3732	20.7243	15.8863	16.2747	10.3066	15.2332	17.9182	16.9422	17.4862	21.2723	19.0747	16.2295	19.1179	20.4526	19.8609	17.753	24.6873	23.3688	19.455	18.9184	18.409	20.5119	9.68412	7.37763	31.7189	37.1782	31.0072	30.4933	7.8155	17.7762	21.9592	15.3918	13.4888	13.4349	22.8904	23.8361	19.0531	15.1998	16.9635	12.564	12.2622	14.3753	6.52282	10.8722	19.3327	33.8027	33.3301	27.2193	24.6098	27.4333	46.4724	60.0225	68.4574	68.7532	70.7344	72.6096	60.1488	36.2217	12.2871	12.4327	16.509	25.6263	41.5041	52.3018	48.5006	27.983	26.2177	36.991	37.3233	51.3879	56.7335	62.0419	60.751	39.9274	35.0477	37.3175	30.0006	32.6797	29.4684	23.5109	21.3763	33.4964	17.1736	25.7996	14.107	20.0968	26.5313	30.1656	39.2626	46.5304	64.8912	67.1293	54.2178	9.4115	57.1706	57.3181	35.6407	21.1519	30.5626	41.5115	33.6552	9.18975	15.2052	28.76	30.2315	18.3214	17.9091	26.6247	33.0472	34.1501	18.0873	9.37373	12.8512	21.9913	14.8243	11.4305	29.1298	31.1926	47.1902	56.1481	29.9553	17.2772	35.1952	15.7498	32.6143	60.8015	66.8654	66.7244	69.5321	47.5922	73.443	75.705	70.881	71.5285	50.5275	60.8484	66.1509	69.6348	74.5772	73.7595	64.682	69.2897	71.0081	58.0854	69.5441	74.3209	71.6154	52.884	74.0431	71.2857	63.5857	44.7416	34.4874	65.4045	71.8102	71.9011	69.8461	66.4349	75.5153	80.2557	78.9919	75.3918	59.5555	44.537	51.3132	56.1625	64.9452	71.9656	75.2987	74.8993	74.7049	71.0568	60.3225	59.8652	59.7138	46.1987	24.5615	56.0172	58.4567	48.4947	34.5813	45.9219	49.9426	50.5196
17.6856	10.2243	9.38748	8.61095	6.54963	6.55881	7.01803	8.91324	8.64023	9.89671	11.2641	12.1908	11.9379	10.9356	12.1479	10.8179	12.0341	12.729	10.473	8.67251	8.19212	6.15451	8.12662	15.1976	13.2933	8.99906	19.7345	26.0983	25.2383	21.1223	16.6156	11.6394	9.61506	11.233	11.3869	12.8662	12.9326	12.4157	16.4531	17.6879	20.4104	16.0055	3.20936	11.5094	9.95712	1.92948	20.5974	14.8762	17.5911	19.0445	24.8337	28.0119	25.0732	20.972	18.6919	18.729	14.2931	19.2643	24.723	23.7971	23.3456	25.2146	22.2425	18.2586	22.2558	26.2934	24.8474	23.4361	25.9021	17.636	11.2652	12.9553	9.09673	22.707	13.2625	15.0723	15.6009	13.3478	11.8163	11.5234	13.2038	13.7803	12.5297	14.043	18.7044	15.3337	9.73038	13.0547	14.0778	19.4447	19.6897	19.6993	18.2619	15.9226	4.31491	10.3603	24.8818	27.3028	27.1372	37.9461	25.7745	8.56922	16.619	12.982	18.4502	17.8062	23.6467	26.3836	23.9336	13.6266	15.3651	12.7153	11.9147	11.7183	10.207	3.35313	8.58491	24.4553	28.1102	25.3951	30.2036	44.0083	51.8518	57.3961	61.3107	48.7525	65.7822	71.9056	61.6332	42.5542	28.1381	6.35166	10.5891	14.3592	11.7587	22.0073	36.7263	18.951	39.3001	22.7037	35.6947	43.1744	44.1497	43.02	54.014	44.4293	35.128	44.6571	22.5424	30.7082	29.5644	23.8882	20.9792	27.576	6.01118	20.8634	11.306	23.0903	22.1925	23.87	33.8404	40.1493	56.1622	62.2775	57.8937	55.1798	61.9739	68.7031	63.9872	41.6764	17.0674	39.3409	36.0837	7.04138	7.77664	16.1891	25.6108	27.8504	24.4414	20.9377	27.5508	31.9591	24.4438	8.00314	14.9681	20.6921	11.1394	16.3335	33.1862	31.9414	37.7913	54.8717	51.6517	55.9307	61.9893	63.8302	49.2932	35.6902	60.1113	65.609	71.1201	69.181	37.2624	71.9339	72.8233	73.1687	71.8879	17.9635	42.7093	20.8957	55.0421	75.3353	78.231	75.2752	69.4564	59.9551	67.8609	72.9874	67.5515	65.3882	73.4138	70.9218	67.4702	65.1169	60.3055	43.5473	72.5904	74.5093	74.1742	68.0872	77.623	77.8652	68.2619	25.2307	54.1455	51.6606	53.2283	61.3325	39.2037	49.6103	71.8479	75.4657	77.6623	75.6353	64.6412	60.7457	59.5117	59.8476	36.7911	48.1941	60.0616	59.3915	54.0438	50.4425	59.025	59.4066
17.034	7.71253	3.69752	6.66682	4.56363	6.30369	5.31078	6.63089	5.93022	6.8183	7.21072	5.91232	6.61952	8.22225	11.2588	9.90906	8.04165	8.07669	8.01552	10.7801	9.0925	7.50079	9.36576	13.5206	15.3423	19.6107	19.7934	17.9425	13.9654	10.1011	7.17949	7.04045	5.7705	7.93518	3.97832	8.22239	7.33398	13.8193	26.5275	21.4427	9.20545	4.8217	11.0365	9.42101	11.5593	5.19838	23.093	17.8308	7.76101	9.90317	12.3859	16.6772	17.0706	13.9573	9.91361	14.8557	15.3306	21.9126	25.433	21.9334	17.2217	13.5721	10.4046	4.91178	10.0264	14.8081	18.4201	11.8205	15.1183	24.8774	10.8647	11.2125	11.2127	19.1765	14.3468	6.62426	18.4915	8.70776	13.8845	9.35811	12.7334	7.91864	5.84066	13.0758	15.0691	11.0406	11.0262	11.7845	15.9509	10.5383	13.4297	18.0261	14.6163	8.24585	3.20901	11.4423	19.1737	19.4775	15.6087	29.3286	32.8506	15.8357	7.80452	10.8708	15.071	11.874	21.9143	30.7564	25.3008	10.6325	10.4952	10.0715	11.0926	9.20868	7.37238	6.97444	2.59595	13.325	17.7217	15.1342	20.3073	42.5752	52.9404	63.2368	69.2475	52.2828	59.9842	71.5177	61.9766	30.8888	26.3759	17.0507	3.70151	11.8624	12.0264	19.8052	27.2696	18.2169	46.0482	40.6114	35.1811	30.4562	30.635	14.3293	54.7982	59.1999	37.4054	56.5795	38.9895	23.0132	25.1788	15.5191	11.5873	14.7612	6.64689	16.2812	7.71235	20.3513	21.3239	21.0206	21.8137	14.75	43.8834	62.2782	63.983	62.5262	48.7504	58.51	65.9284	56.8708	23.8922	33.2481	33.6934	4.98479	11.5216	13.9566	11.7206	16.6828	21.744	13.4071	19.4404	28.5634	25.8883	22.6449	14.1607	28.1258	17.0761	14.1455	26.9342	30.7709	32.2035	44.0787	52.2697	67.9517	60.2178	56.7684	65.2296	54.8427	29.145	50.2759	59.4897	68.506	59.0196	53.6711	69.085	68.5823	75.7235	52.7201	60.5728	44.9158	59.6686	75.1807	80.6159	73.32	60.0975	68.9051	73.6885	53.9202	50.1721	66.686	72.7701	72.8654	71.016	66.6508	69.2099	49.4176	65.4745	73.4478	73.6586	60.8048	77.2129	72.3499	56.5295	71.3068	71.8989	74.0663	70.9774	65.5838	55.0247	62.1863	35.9914	56.6287	76.2539	76.7463	66.0224	59.531	55.7251	63.2702	60.4447	26.8365	21.3244	50.3139	56.9303	49.4841	34.715	27.5978
16.2302	10.8694	2.76048	5.41128	3.53339	6.43973	4.43884	6.18035	6.23851	6.23129	7.13491	5.92185	6.26719	7.47231	9.35723	8.92148	6.87878	6.15362	9.50694	12.5588	9.69687	9.93315	11.5485	13.4104	16.8129	17.1259	14.4156	11.0251	7.13506	5.83729	7.73675	4.30704	5.71236	10.7034	5.44212	9.39016	8.87315	19.2431	26.915	16.2109	13.8291	14.3248	16.4042	12.9929	16.2472	10.5084	18.5915	23.7361	2.84192	8.5659	10.9159	13.5069	15.8196	15.6664	13.6946	15.0251	16.1569	19.3746	21.2588	16.1589	12.9895	12.741	10.1693	6.78232	7.52011	9.62409	12.5274	15.1926	4.93278	24.5747	21.1363	9.99212	14.756	8.86654	13.204	13.4468	10.816	17.102	8.67081	12.2526	10.9293	11.0487	10.0536	12.1515	9.86048	13.9102	18.615	20.7098	21.7226	19.2375	17.1029	14.1282	4.91128	2.98296	13.8908	15.4557	13.7773	17.1212	13.6155	21.441	27.2185	27.4692	16.2408	8.61415	10.8049	11.4607	21.7706	30.1954	16.6675	6.80201	11.0982	10.3699	12.8512	11.7406	6.97378	7.37181	6.3245	8.05339	13.2749	12.4984	16.4579	34.0774	43.3079	51.2782	67.3318	64.4223	41.2556	71.0279	66.0621	27.3226	21.2883	14.0127	6.55066	7.16607	14.6345	22.8552	15.3808	14.6989	34.285	29.1792	7.32516	31.6575	23.5276	15.8502	56.7472	61.1965	24.7654	58.0885	48.2933	20.7628	24.4431	14.6322	11.4114	12.5135	11.9418	18.3977	13.1017	15.0214	19.0469	23.8242	25.8159	22.7424	43.3482	59.0842	63.8123	64.9537	59.0807	35.2728	64.8164	63.7399	34.7068	31.0229	32.2705	10.2694	16.1082	15.5223	9.58237	11.4868	19.4921	13.719	16.7463	30.1236	29.0496	26.0978	7.25941	29.0052	13.4226	10.1013	13.5069	14.6794	30.8112	43.8924	53.8763	69.1407	66.3264	51.0157	41.6728	42.6446	16.8728	39.4337	48.6028	67.4333	72.1305	41.8374	66.4225	69.593	77.1649	63.367	59.2697	52.1611	43.4108	71.0942	79.4963	73.7097	70.2948	59.7755	76.2535	63.5675	28.7478	58.2682	65.9996	65.6833	71.2112	73.1649	71.9167	63.1613	48.1761	72.5548	75.4795	69.3806	77.7387	68.5328	70.8164	75.7502	63.4229	58.8822	70.3665	72.4267	70.5119	70.8947	71.7429	54.2666	67.0177	75.6666	72.5758	69.7742	67.3392	68.7758	66.2568	54.5942	36.7733	12.3145	40.3991	43.1178	35.7742	34.0061
12.9207	12.5039	5.69305	3.04812	4.44524	6.11374	4.69042	6.01218	6.4579	5.69333	7.0583	5.76935	5.57284	6.10142	7.5193	7.3487	5.74332	5.24107	9.20541	11.6705	10.0379	10.4364	10.9219	10.0731	11.5666	9.22342	5.32952	2.76006	5.4552	7.85068	5.29804	5.36629	6.52956	11.0473	6.80161	9.86104	11.0971	20.021	24.4227	19.6209	15.6862	14.5237	15.0295	10.0599	17.4606	11.6809	20.4055	22.1734	4.74148	17.1197	17.7882	22.5906	11.591	14.1401	16.1577	12.6861	12.7685	12.1241	10.8132	11.4597	12.4942	10.3296	9.32497	10.1179	9.6125	8.77216	8.96548	13.0876	15.9968	13.0826	26.3444	15.8686	5.85242	7.71332	5.12428	17.2728	12.054	14.5572	12.7925	8.11322	16.6798	6.11111	9.66746	9.4768	5.79524	11.4148	8.32812	4.70941	15.1091	17.0271	9.11715	1.6102	8.8658	13.2463	24.1435	23.8564	17.0231	9.79368	10.152	18.2163	16.9351	13.6926	18.9951	16.9094	12.5039	10.1465	14.6608	21.2212	25.0568	10.5711	8.18462	11.5913	14.6133	13.1609	8.37292	7.90569	7.76514	4.69357	7.95038	9.52449	12.0839	24.2883	34.3575	35.7736	58.7915	65.9425	38.4193	69.0674	66.9301	29.8281	20.1845	10.2369	9.36425	6.2475	13.827	19.4306	17.7685	15.1127	47.391	44.3725	16.6443	29.9105	34.4512	32.1064	55.7086	60.5124	55.0111	57.751	47.5869	20.241	21.8647	11.1482	14.4802	18.4547	20.7512	24.1509	18.1359	9.69565	13.9387	28.0415	30.677	23.6596	37.1139	49.6468	59.6941	65.0763	67.4495	44.4432	58.6772	66.4821	47.4315	34.7708	36.2256	17.473	17.938	19.1892	14.5183	11.0971	16.6497	12.5626	12.7702	25.3888	28.4901	28.3822	14.9098	25.8447	13.7175	15.9084	18.4105	18.172	17.5096	35.2239	46.8463	64.4341	66.6376	63.6034	55.7247	32.3922	16.7026	14.5996	33.5031	64.4785	75.2906	52.9369	65.01	67.2596	75.5879	70.2953	26.2492	40.007	31.7829	65.42	75.5542	75.0385	74.3354	57.2629	77.227	61.6217	15.1916	52.6052	65.342	60.672	64.3804	70.3022	73.16	70.7043	24.5068	61.2933	73.638	70.6248	73.4812	44.595	65.5887	76.5385	75.6559	68.8764	57.5028	50.3244	55.9391	65.2489	73.4855	73.8024	61.9127	55.9955	71.7555	73.4469	73.1935	74.2889	71.9971	62.4273	55.5345	43.4803	13.3159	24.1435	32.1225	22.7035
11.3439	14.0851	8.45452	3.5966	5.34315	6.49418	6.13045	7.13372	6.61103	6.10075	6.69175	4.70587	5.75575	5.61531	6.49863	6.64469	5.36565	5.1797	8.52451	10.0644	8.8799	9.52529	9.69041	5.57516	1.88888	9.61114	14.1295	12.5877	6.45724	4.68316	4.84531	9.36346	7.96305	9.95317	9.07576	9.07567	11.0633	18.008	18.5975	18.7486	17.2884	15.4138	12.4148	9.86006	14.2991	14.5088	23.705	17.2693	13.9435	18.4821	9.55733	26.3279	21.225	8.53122	7.91635	9.67255	8.49846	8.96396	13.5041	11.2862	7.15042	6.80092	7.98527	8.56642	12.5888	12.1663	9.57331	9.29247	16.5217	3.0876	21.5399	23.5582	15.7357	7.70663	11.2715	9.84785	21.125	10.3101	20.3918	11.4738	13.0159	13.9363	12.5578	15.1196	10.573	7.54015	7.80232	8.31307	19.7375	16.3755	2.34874	8.33454	9.37099	12.7102	24.5313	23.123	23.0665	17.9734	14.4126	22.7538	22.5912	18.4205	18.6259	17.9611	11.2412	6.78958	11.9574	16.7627	24.4486	25.2069	9.47584	4.41386	14.294	12.3483	8.43905	8.46886	8.50386	6.49427	3.36975	7.75249	9.79108	18.5608	26.1785	26.4835	45.0782	63.5935	53.4121	65.8114	65.3898	26.0187	20.0363	8.16728	8.60947	10.0284	5.50688	11.7569	11.6597	11.7872	63.5926	40.9804	51.9324	22.9301	21.12	30.5999	41.9211	54.7396	56.1652	50.1669	37.358	10.5232	21.0433	9.83357	13.8356	12.4099	5.63951	24.3578	23.9109	16.2499	12.2434	25.8153	31.8345	25.3818	33.3367	40.8196	52.2182	63.1852	70.1254	60.9216	45.9688	67.3128	58.4094	34.2054	28.4059	8.60762	17.0991	18.4477	14.7911	10.6793	12.9545	7.38674	13.7113	27.6338	23.3947	25.7405	17.2884	24.6643	18.2001	19.4828	28.4939	27.0219	21.4019	18.2889	40.2218	53.8471	55.985	48.8688	40.9577	48.6775	54.5747	48.83	27.456	55.2011	73.3736	63.234	68.7735	67.1344	71.0984	67.8935	38.6187	25.1877	61.3865	53.7792	66.686	75.7893	74.9922	66.7198	77.0098	16.9563	58.1732	54.338	65.8721	63.9583	57.9883	63.076	71.3639	71.0814	47.413	29.172	63.3403	56.5756	39.1001	61.3123	49.9653	65.0004	74.7147	74.569	73.6472	69.8202	61.2772	42.0878	67.9367	73.5127	73.7553	62.9354	21.1136	57.5362	66.759	73.928	75.2371	69.7115	62.9045	55.6877	42.0271	10.3555	13.115	24.5975
11.1079	13.7764	8.18284	4.60154	5.07318	6.6102	6.55567	6.95257	5.55563	7.58093	6.54631	4.46809	5.94038	6.27246	5.365	5.74733	5.32845	4.98918	7.6476	9.68801	9.21818	9.34979	9.53212	6.78907	9.23075	15.5181	11.5639	4.88209	4.41353	3.67958	4.24205	7.49187	6.27255	8.74997	10.3938	7.51609	10.4341	14.599	13.567	14.0714	15.5443	14.8545	11.4284	11.8109	13.6078	16.0154	23.4492	10.5028	17.0572	16.8142	13.1145	16.9808	20.641	18.2097	10.3709	6.12983	6.22948	4.58495	13.8081	14.736	5.76291	6.3061	8.43824	8.40488	11.8257	12.9979	10.2195	6.76264	14.9296	9.09241	10.2818	18.853	25.8541	18.256	12.7991	16.3163	21.4856	15.8771	15.3824	18.7995	13.134	15.5508	16.4564	10.7006	16.4472	18.0391	18.0486	19.091	22.5652	13.1356	7.05682	8.48174	6.51869	11.9463	23.9346	23.7461	11.0993	21.7741	19.1959	23.3911	24.8739	16.0145	9.71226	9.2355	12.3077	8.60679	8.18862	11.3011	18.8208	23.3017	21.0343	9.86963	8.76997	12.0245	8.87905	8.01252	8.60861	9.40478	4.30593	5.78633	8.9846	15.5995	19.9547	21.7418	30.8592	55.2145	59.6667	58.3456	64.7581	21.5609	15.9254	5.59599	7.92302	10.384	10.7251	10.6652	19.0087	28.9721	66.6583	16.5818	61.3488	21.505	27.0204	18.9355	28.7978	40.4789	40.395	31.9379	17.227	6.15183	18.8327	18.1904	17.5487	9.31848	7.67088	24.1586	19.3847	18.0334	14.3985	26.3348	30.8427	23.8769	29.2488	35.1797	46.8981	61.5386	72.2248	68.4847	11.2588	62.8513	62.2353	41.0805	11.589	2.04354	16.41	19.1917	18.3289	14.6963	11.4949	7.74253	12.3437	26.0895	25.3338	29.3935	14.9924	17.6918	19.3113	18.7088	28.3718	20.5798	26.2533	7.00601	28.8744	42.9317	48.023	54.24	56.3917	58.8426	43.835	58.1994	45.5562	26.0617	66.9601	67.266	65.1998	68.6585	72.7525	67.7892	22.5921	47.9365	68.5048	34.686	47.1011	75.6475	75.9524	73.0774	71.6051	59.8348	67.9146	64.2289	53.7981	60.5301	60.6268	62.9777	71.4803	71.0573	54.9256	39.3327	39.5687	51.4415	64.9033	70.558	71.5079	53.1633	59.9839	71.3557	73.7457	73.4253	72.2272	60.5142	44.1838	62.0297	71.4455	73.3483	70.5194	62.2083	40.7957	57.0527	70.8156	72.3117	71.0583	68.2672	55.9325	20.5747	20.1792	30.6152
11.5775	11.5625	7.594	4.98874	5.28823	6.26478	6.09965	4.90942	4.95515	7.1487	5.93981	4.31254	6.10933	6.16564	5.40097	5.59553	5.45381	5.29682	6.6885	8.66757	8.67268	9.00856	9.20148	12.5084	16.3641	10.5455	8.14607	10.0236	3.85234	7.70899	11.1505	16.6104	9.29868	2.32889	8.87824	6.9455	12.1469	12.6358	10.5045	11.3422	12.2229	13.376	14.3321	14.7411	15.3235	16.3624	18.9501	10.5651	13.3922	13.2223	16.3802	17.5018	8.86315	15.41	18.5361	3.05217	1.57147	4.75615	10.4007	12.6819	10.8008	8.34171	7.98939	8.13136	7.14277	8.08751	10.736	6.91949	13.5019	14.75	6.1513	10.7032	25.0995	24.3694	9.11423	6.07732	13.1958	13.5716	4.24534	14.9131	19.2827	13.6802	11.3353	11.207	4.93366	11.1295	17.9469	18.0293	14.6895	6.38095	7.86912	9.30601	5.79613	9.04098	21.4489	26.6598	19.0637	16.4746	26.1729	23.6836	19.5111	5.78574	5.62515	9.57905	12.2412	10.8321	9.96351	9.3864	16.3181	15.0818	13.5089	13.664	3.51049	12.5736	10.2655	8.60616	8.83505	10.5389	7.48542	4.37176	6.39963	12.7515	16.8784	16.7308	19.9536	38.1223	56.3411	49.5228	62.4519	19.771	9.53103	1.48169	3.85234	1.60981	3.77294	11.1697	25.3134	36.7956	65.8453	18.2578	62.2125	23.6748	24.8332	7.56438	24.1097	29.0273	32.193	32.3584	27.6898	24.3698	26.6449	24.5723	19.6932	18.8612	17.2835	15.9961	14.3631	17.4314	18.9202	30.7955	32.0306	22.101	24.1004	21.8274	30.9032	52.5016	71.3382	71.4542	48.7314	38.9641	62.5844	60.109	39.4534	13.8331	17.6538	24.9252	25.932	19.2146	13.7235	12.2487	14.3545	31.9219	46.2277	46.6146	30.3127	11.4773	23.4052	12.353	23.0535	23.9606	12.8251	20.4019	11.4434	33.4536	45.2341	52.4253	60.6042	68.0191	60.2944	15.3957	37.1329	33.8217	54.6754	65.8123	47.5579	67.0578	72.2481	51.5478	49.9879	64.9397	72.1455	58.5472	53.7647	73.7583	77.167	73.3741	60.4332	69.1891	69.5434	40.6276	45.4366	41.4773	68.0487	71.5641	75.9391	75.755	71.2923	68.0647	63.5498	62.4211	64.5507	58.3526	65.0769	71.0504	50.287	54.3506	69.1626	73.3445	75.8512	70.7887	45.1354	23.5072	59.8365	68.4941	71.157	71.8061	69.9613	63.7428	46.0077	54.9547	64.3167	71.8857	64.8251	40.2413	27.4734	23.0423
7.9212	11.059	10.5988	8.80237	8.23945	8.17431	5.95201	4.14371	4.70763	5.19551	5.74626	5.07813	6.81414	6.88631	7.36026	7.74108	7.30331	6.94479	7.92902	9.95056	10.4324	10.5919	10.9179	17.2487	19.7793	12.4388	12.3963	12.8156	14.7648	9.90913	5.239	4.24478	12.5847	14.3079	10.9179	7.09802	11.059	13.7692	13.5679	15.7696	15.999	16.1922	19.7196	22.4034	23.8964	22.9914	18.6921	17.7586	16.1362	18.8111	23.5591	23.5216	20.1067	23.6752	17.7465	2.81358	7.09777	5.78529	7.84771	9.8318	12.3923	13.373	9.76008	9.40464	10.6112	12.0597	16.6286	15.7696	18.4817	22.309	17.8161	13.0042	18.9877	19.5972	13.9329	13.2175	13.8761	14.2597	8.55151	4.37134	1.50196	6.15058	13.4294	13.2251	11.4197	15.1515	16.1487	11.633	7.90271	3.27758	7.91366	9.80935	6.05936	6.41548	16.1957	22.7588	27.9139	23.4428	5.93915	1.7194	11.1494	21.8215	19.6166	15.2094	15.1472	11.4831	10.7741	18.0949	17.0566	13.6546	10.1252	12.6334	7.77911	7.32767	12.5578	11.4365	10.4549	12.2108	10.3918	8.70785	7.1983	8.22287	12.0054	12.2296	13.4474	25.5306	45.5446	41.1344	54.1629	22.2097	2.3481	2.96614	1.58099	0.493942	2.20792	15.4973	37.5637	49.4541	65.574	39.8713	65.215	20.4285	35.7011	34.278	26.7442	16.7274	16.1922	17.858	17.2929	10.365	8.45917	7.45883	14.7425	21.9442	17.7635	9.09062	8.60494	13.8545	18.944	33.8894	33.0357	21.5017	26.0011	22.8556	27.6914	38.9909	66.1617	71.0686	65.1671	44.3896	54.2128	68.5957	62.3803	36.3543	25.2507	24.4327	28.3616	21.3126	16.4443	15.1124	18.7711	37.7355	37.5611	50.7666	47.0157	11.1438	21.2205	19.9464	24.5758	23.1444	11.9971	30.1123	37.9961	30.1276	18.4228	34.0621	55.0572	68.3229	71.2435	67.6501	53.3947	48.4815	35.6699	61.5304	55.0146	44.6493	73.5508	64.849	50.3291	67.7369	70.7981	50.1097	69.1784	49.4364	48.3625	54.5153	51.6423	68.1932	76.1739	73.3292	57.406	56.3906	61.6795	71.7855	76.818	77.1831	74.2903	70.4026	64.5157	69.0162	68.4142	55.4912	53.8803	71.7442	74.9824	71.012	69.4187	67.7556	72.2752	71.5212	65.5523	55.5189	15.3378	56.7611	66.2088	69.5265	71.8531	72.9243	72.7859	71.2025	68.8169	69.0118	53.145	33.5349	34.111	26.7639
4.69137	10.1693	10.9699	9.55438	9.07893	7.03614	2.88792	6.37975	1.40749	3.80817	5.91846	5.46654	6.68724	7.03608	7.32102	7.52187	7.03608	6.60855	7.45626	9.44588	10.2323	9.97334	8.94788	16.7276	17.7574	12.019	11.0333	10.6528	16.837	13.8101	14.9029	12.8667	19.0586	20.5836	7.66872	8.6641	2.65786	7.79975	12.9473	15.008	14.8833	14.1564	16.2255	19.3584	21.4744	17.1663	15.3226	19.3641	17.631	17.3608	21.0293	20.4549	20.4191	26.0855	17.4797	14.6714	11.8268	7.51571	11.0592	19.476	20.6987	17.5774	12.3441	10.5025	11.492	12.2147	15.4617	14.7866	16.3121	22.0431	21.2977	15.4369	14.1121	15.1242	8.39328	8.98036	14.2749	15.5855	8.44264	1.23456	2.37378	12.1704	15.9763	16.2498	16.0112	16.4986	12.8307	4.52071	1.65615	2.62324	6.79794	8.36678	6.97819	6.94377	14.5469	17.6414	22.756	23.8021	21.9724	21.7509	19.7548	15.0006	10.7869	10.8911	9.6683	6.76928	20.4856	19.1783	8.65204	9.64871	12.0535	14.0954	15.014	7.4178	7.4182	11.0504	10.5992	12.68	11.9712	9.80901	9.69167	9.35997	5.76658	4.41219	7.65513	18.318	27.7271	16.2015	42.3865	28.9683	5.55141	4.39864	2.61754	2.20763	0.4939	23.7617	47.4612	53.5533	64.5756	48.6145	69.098	14.2888	25.5034	22.6893	7.74049	7.66872	11.6716	14.9587	19.2014	21.6309	19.1873	17.9437	19.3959	25.6859	21.3166	10.5111	6.74934	15.6516	24.4963	41.1049	36.4577	19.82	22.0459	22.0341	23.1635	29.5761	57.4679	67.8599	68.4464	68.5512	51.2108	60.5065	65.7321	46.3838	29.2881	24.2524	25.7324	19.4706	13.0946	14.6424	15.3097	25.2224	5.79282	36.078	48.4553	33.8915	5.55376	20.5381	28.4966	22.8535	27.2551	26.8	30.0203	34.0949	28.4165	10.1693	24.8269	55.1755	65.6624	68.1379	65.5467	48.0313	27.4466	48.8096	56.467	44.6268	66.6278	73.5335	33.9236	62.0335	73.8823	66.2713	32.42	63.5228	61.7051	32.7611	36.4045	53.9555	70.8065	71.1833	55.6126	54.5949	54.3455	63.9557	74.3723	75.3943	71.3459	67.8203	55.4016	69.0292	70.2194	67.6356	62.9349	66.3946	75.023	76.4265	74.3646	70.6104	62.9869	51.9587	67.6111	69.7333	65.0245	50.6921	55.3022	59.8786	62.7756	66.1988	69.9425	72.0025	71.4062	64.634	35.6482	16.0932	24.0026	25.4738
5.30668	6.4956	5.26953	6.5441	8.00402	6.28213	10.1981	4.04316	3.42625	3.43962	5.32634	4.02438	4.7833	5.15677	4.95385	5.23508	5.09793	4.35674	4.79279	6.81286	6.62584	6.41216	8.36793	15.0429	14.195	9.44498	9.51944	9.30386	15.4133	9.19886	9.54104	10.3463	17.5914	14.6175	15.7066	12.0475	7.9141	6.09788	7.99662	9.42801	10.8089	9.91941	10.1368	10.4641	14.3473	2.72538	11.0843	13.7473	15.6905	11.7038	12.3798	10.6244	14.7767	20.0893	13.8005	18.7869	13.7019	7.41738	13.4981	21.4389	14.4059	12.1379	10.2713	9.56863	8.66515	5.53174	7.48325	6.64165	6.74908	12.1061	16.3603	11.9459	9.20034	10.7721	7.12368	9.88787	18.6316	18.8873	13.4564	14.9239	18.47	16.1764	15.0086	8.97959	6.2701	10.8795	8.22134	0.872919	8.53614	10.5859	8.37351	7.68545	6.95401	11.0686	18.9394	16.8403	13.7263	13.5526	15.2468	13.7228	6.61918	8.15247	9.03037	13.5398	11.6291	7.90098	17.1001	17.9046	16.8529	14.7473	14.4372	14.732	15.1671	15.5125	8.52054	2.7586	9.0601	12.6688	12.266	7.80857	7.65463	8.56057	7.85603	5.50453	5.83339	12.398	19.7461	0.629495	37.2765	29.5036	4.37057	2.49838	1.9199	2.92427	1.71914	25.5645	50.7033	55.5182	63.837	45.6079	70.4583	32.6461	2.86137	9.50053	9.69786	9.51601	6.08544	6.63693	15.306	14.743	5.91523	7.65427	10.3502	24.9252	24.2417	27.8285	16.1181	15.9748	25.7154	41.0129	33.2725	10.7209	16.8386	19.331	24.4682	29.3854	47.7145	59.4022	65.8141	72.905	68.0948	32.5597	58.9866	56.6782	42.051	29.1179	22.841	18.5152	13.2389	13.7761	11.1434	12.4533	3.53102	23.6256	42.767	38.6479	16.0154	13.0494	29.8782	23.2491	29.962	32.2594	19.0697	10.9101	19.2204	32.4291	27.2438	9.53936	33.2445	49.2816	57.4774	54.3066	34.7763	23.9617	42.0703	54.5906	34.0007	70.0483	65.6625	28.5862	54.6042	68.5542	62.2645	48.021	38.1717	61.454	33.0521	47.0466	69.0299	58.9229	49.973	58.2598	57.6529	46.0539	68.9265	72.9828	69.1685	64.3544	41.1362	60.9254	56.0795	39.2707	61.8577	62.6605	63.2988	68.5991	66.5705	59.3226	52.2456	37.524	38.1688	67.4745	73.9582	67.9386	12.3239	18.2563	31.8624	40.6502	40.389	27.5507	3.04636	22.3048	25.1077	18.1684	19.8489	21.027
2.12292	6.87973	0.987539	3.5945	5.09746	11.326	13.5853	2.34741	5.37361	2.27513	4.92875	2.29506	2.79658	3.64047	3.30877	3.64047	3.55623	2.0352	2.98569	5.37361	4.06883	4.61234	8.22051	14.4226	11.9299	5.4073	6.12684	6.26959	13.9681	4.92579	4.57301	7.73101	16.1464	8.08955	19.6104	6.39723	11.0583	8.91446	4.05408	5.23757	6.4906	5.83566	5.70003	4.6027	16.9243	2.09409	15.4071	6.92341	11.3761	6.89755	9.08813	6.2816	8.07708	12.7838	10.6448	14.5203	7.53606	4.21507	13.7865	20.9162	11.6081	8.06754	6.31958	6.09735	5.24891	2.64006	4.57283	5.53108	3.66542	3.59456	13.3395	8.87799	3.87049	6.39723	8.15164	11.5732	20.9429	19.3275	10.1108	9.36897	10.7433	9.55261	10.3745	9.55199	6.41362	10.3039	6.57051	3.62791	13.7085	8.03469	5.55305	7.5143	7.12318	12.5414	18.0227	12.3748	7.29474	5.24898	7.4227	8.92608	8.57659	8.82118	6.6521	14.8094	14.0903	6.03029	9.19933	12.8642	15.4873	12.7068	9.90636	13.9529	11.7745	10.9078	13.3354	6.08482	4.85186	9.17381	11.5983	4.51986	4.13175	5.05283	3.3318	4.58277	3.89771	10.0221	18.6687	6.38356	35.9732	25.7851	3.25795	2.20721	1.88768	1.95111	1.22191	23.214	50.8082	57.4806	64.0801	43.6712	69.7532	36.7475	7.53588	12.3053	9.52584	7.74633	7.79445	10.1975	21.0637	16.5652	3.6613	6.46946	7.60862	30.92	32.6463	21.1706	23.1077	12.7837	23.1294	33.9622	32.0469	23.2736	23.1388	14.0619	17.3204	27.4508	42.582	47.5672	56.3485	71.5606	68.8944	35.7024	39.7685	59.875	47.9653	33.4611	19.901	14.1043	9.51997	6.61861	6.21447	6.74819	4.55972	20.9696	38.7046	34.2304	23.1658	6.85595	32.8531	25.5184	16.6389	25.1828	21.4259	24.9385	14.4354	21.9401	22.6312	12.7614	8.36553	29.6973	44.0215	48.517	32.4858	17.2598	41.7076	44.0647	20.3301	49.5372	62.6676	54.3479	23.6677	59.8049	62.943	58.5409	15.0436	68.4296	32.0657	65.4721	65.187	36.0553	52.306	48.2812	49.1387	32.4749	66.3387	72.9798	69.2094	59.945	35.1864	40.2344	55.4978	57.0919	57.992	49.5696	40.1913	44.9904	54.2105	44.4469	30.1947	50.6039	40.9868	52.1321	75.0943	72.4668	26.4118	17.1907	28.2933	26.4124	12.4528	22.0965	36.059	35.7	24.7217	19.7016	15.8642	13.8734
6.7786	7.03809	7.30258	7.36768	3.38565	12.2423	12.999	7.89975	5.97743	3.69386	4.21454	3.21559	4.79189	5.39842	4.7316	4.7316	4.817	4.6868	5.36209	6.48981	4.817	6.00501	9.35713	15.9178	13.3831	9.69647	9.96907	9.53149	15.1863	13.1979	10.045	10.1664	18.3191	7.70159	20.9467	6.23315	12.7604	9.92464	3.823	3.85052	3.69398	5.4623	8.8258	7.73825	18.109	8.70457	16.9006	7.36971	12.3512	14.4618	15.073	12.6078	11.0473	12.8727	13.2127	15.5684	11.0473	11.0263	13.8223	14.3796	12.2484	12.4879	8.62234	6.08675	5.5686	4.98939	6.32157	8.99791	7.15195	6.74781	14.5028	11.375	7.64348	9.56834	14.6838	16.3038	19.9643	15.2033	10.4732	14.7039	14.9843	7.79174	11.0258	10.9732	9.69625	9.99952	1.98956	12.3834	16.2643	5.52803	6.19215	13.8459	11.7213	9.46948	13.5998	12.2167	9.98331	6.37566	6.07467	11.1136	13.6992	9.53759	7.56113	14.1677	14.1795	6.32128	7.12035	6.59523	12.2845	15.1341	11.0812	11.9289	14.103	16.0671	16.7065	12.2485	10.5079	12.0753	14.861	10.064	9.19883	8.98488	6.98724	7.15385	1.43924	7.65299	18.1454	21.1403	31.8186	18.9422	3.75487	2.90285	1.88752	1.49115	1.23419	20.2619	50.4032	58.8921	64.98	42.6576	69.5711	41.3592	16.427	12.6073	12.0213	9.39953	9.8983	11.7065	20.2728	16.3719	4.41095	6.29988	6.16756	28.7501	37.0279	2.34733	24.7738	5.68106	19.0831	29.6127	29.0083	24.4577	29.839	24.6659	17.6861	28.005	39.2735	43.1162	51.3164	69.6373	70.6317	63.5108	46.4465	51.5368	48.7295	47.0322	35.8816	17.3136	13.4961	17.3126	16.0692	12.5225	8.10756	20.0988	36.4492	31.4131	27.7997	14.0017	29.7224	26.1146	14.9056	23.2568	25.075	29.0087	18.2872	17.4237	27.1331	29.1559	26.1515	21.2499	29.4536	41.1355	38.0873	33.0514	39.3484	42.1602	44.0693	19.3362	51.2297	68.2991	71.1218	54.3176	54.1834	67.8557	59.3892	61.5459	35.1308	57.8631	63.2362	60.2283	55.2064	54.1071	52.7326	45.8228	67.2242	73.8675	73.524	73.0249	70.111	56.2653	21.3674	63.5382	66.5617	47.1577	51.2927	52.2846	50.1859	52.0761	50.7516	59.9012	65.7251	65.8625	73.4768	71.0401	29.9329	26.0027	20.8855	38.4856	53.0139	55.0874	49.6511	43.6942	42.3397	38.7503	30.9863	22.1403
11.7052	9.15947	10.6937	7.14506	5.06069	8.93587	9.58739	10.4376	7.13884	6.99271	3.8502	5.56008	6.61733	7.08413	6.65115	6.75822	6.61736	7.0016	7.58015	8.15039	6.29963	7.45347	10.2713	17.0776	15.2443	14.5531	15.4161	16.0406	17.9039	17.5599	15.7346	15.4026	21.3058	11.7203	22.2981	8.12514	12.2239	9.6817	8.21407	8.36418	6.23264	7.32443	13.4106	11.9308	18.1661	10.6311	16.6241	11.7006	15.3018	19.1453	20.2251	18.028	16.0816	16.2834	16.3536	18.2198	15.3675	16.1892	15.0717	6.26857	5.57078	14.0901	14.5792	12.0867	7.92694	6.70497	8.74278	11.7301	11.0149	10.1958	15.3769	12.9016	10.5334	9.94596	14.5447	15.8533	17.9806	9.17369	1.1175	6.07414	11.6066	17.4603	18.1197	12.2344	11.5815	5.84741	8.87634	15.3237	9.35625	4.11263	14.7157	21.6137	20.0313	18.3241	12.3211	4.92782	13.27	11.7233	3.09013	11.5562	15.7495	8.6764	9.53063	12.4661	10.0174	7.00112	14.7427	16.1545	18.4907	23.6915	19.2678	11.9308	15.8495	20.606	11.9014	13.4348	16.0404	16.9581	18.8682	15.8566	14.6144	13.4667	11.851	11.5365	5.75137	3.52568	11.5381	20.1567	22.4642	9.44826	4.51875	3.52983	1.79648	1.27053	1.22168	15.9574	49.3319	60.9087	65.6761	34.8207	68.6278	46.7785	23.1115	12.2997	14.5801	11.7237	10.7019	11.2437	11.9193	10.2935	9.73624	12.0827	15.1002	27.4383	37.4071	25.567	16.7898	11.8078	14.0272	25.4982	28.3365	25.8355	30.0716	31.7435	29.8691	33.1848	37.2941	44.113	52.0635	65.7971	70.8172	70.8447	64.0844	14.6782	56.6307	62.8083	55.0312	19.3639	5.7066	8.75792	16.3437	18.981	17.8323	24.9986	34.9641	30.0016	30.0137	32.9747	19.8756	23.3918	25.2745	26.383	23.8689	25.4359	17.4403	15.781	30.8639	39.4038	38.3706	35.173	23.3361	16.4652	38.7038	43.7692	43.2292	45.8964	49.7127	41.2678	33.4556	59.0878	66.5494	67.3466	51.6063	68.3386	69.8559	61.4543	32.999	29.5811	46.5144	38.8031	7.84441	29.6789	26.8062	18.7824	51.3274	71.2459	75.2524	76.4662	75.2078	72.2576	55.7659	63.3511	65.1256	65.9824	56.1966	36.409	30.8072	40.3763	42.9576	49.3574	57.3465	58.3475	64.3474	65.0771	43.3493	22.5774	35.377	59.8633	66.5591	66.2893	62.7554	59.969	57.5448	52.7466	45.8329	33.6167
9.58636	8.23483	2.90243	9.83089	8.72145	2.65649	4.81616	5.53789	5.06037	8.01738	3.69328	5.22444	4.54181	5.05142	5.02454	5.41968	4.39653	4.08268	5.49406	6.24141	4.45118	5.26192	6.97517	14.7008	11.7226	9.58967	9.06002	11.3553	12.4445	11.3284	13.0287	13.9982	16.7828	11.5555	22.7638	7.22533	7.05163	7.4524	8.51742	9.90391	8.43193	7.82259	12.4856	9.36336	16.8552	9.37604	13.8959	9.38056	8.60218	9.81627	11.2517	10.8586	11.2324	11.7717	12.4122	12.6998	8.71646	10.1645	9.85197	10.7172	10.0214	5.32433	13.7777	18.7603	10.0892	4.78149	6.14711	6.87162	7.51046	7.00088	12.9408	9.17284	6.70646	5.78216	12.7579	16.1608	16.1837	10.833	13.9257	14.9742	9.95695	18.9389	22.4953	9.1082	7.60654	5.32433	16.4745	11.6497	4.35844	6.79498	16.5799	13.1498	5.17528	8.53145	10.8586	9.82674	9.63205	11.8638	6.24141	12.0429	14.843	7.00053	5.29304	8.12574	7.61829	7.79575	19.8946	18.185	16.4295	21.5602	20.8062	24.4447	16.2551	19.3057	11.2113	13.337	15.667	14.6176	17.7273	13.7178	12.1384	10.2562	10.2588	12.1757	9.39919	7.70015	13.6849	19.9779	17.0766	3.86933	4.32702	3.46013	1.79633	1.10371	0.889897	12.274	47.5598	61.4338	61.0814	52.2646	61.7035	46.9731	27.6581	7.70368	13.4375	12.0158	12.9181	14.9519	15.5614	14.2248	13.5135	14.127	14.9594	23.8486	31.7792	32.492	31.7577	18.5064	11.5739	16.7849	18.7828	13.2102	15.7278	18.9089	23.4926	29.5529	28.9077	33.3826	42.0468	52.3434	58.3489	63.6927	68.1765	61.7097	26.5934	60.7596	64.6386	31.7514	26.0448	28.3602	13.8961	11.9135	14.2524	26.6745	32.1746	27.9571	25.0587	35.0741	32.7129	4.79083	31.7514	30.7804	23.1876	27.7551	19.6769	11.2873	14.2754	17.5949	25.7155	27.9092	33.8797	32.9626	17.8939	25.6008	24.1203	20.6892	33.4586	42.4767	51.8762	61.0111	53.6492	65.8526	63.5864	39.2067	10.393	50.2693	60.4111	49.7688	45.8113	53.2605	64.4919	73.0243	74.6408	71.3326	57.6878	28.6599	60.0152	64.016	68.5041	72.0286	72.0735	75.0502	73.7753	64.9058	19.2253	58.2356	58.115	60.5188	59.8456	53.7266	55.8938	61.3798	67.0151	67.9432	55.0039	27.3198	49.9524	62.5685	63.1212	61.0576	58.9728	54.8412	53.0153	50.2798	47.9285	38.3502
7.89749	6.78342	11.0121	17.2878	12.6666	9.35451	4.46412	4.10073	4.68849	7.31655	4.35471	5.80497	5.23262	4.73027	4.38573	4.87784	4.08233	3.80601	5.50169	5.05985	4.46098	5.04812	6.38116	13.679	11.6353	7.53356	5.98343	6.99163	10.9106	10.211	11.1798	10.964	12.8781	12.1122	22.8747	12.7362	8.83685	6.45096	10.107	6.23143	11.6142	10.6916	11.7802	8.16343	14.0276	13.5093	12.8903	10.0712	8.7157	9.29958	8.65619	7.49395	8.84346	9.0851	12.7032	14.1888	8.91161	9.21047	9.16248	9.77962	11.7182	10.2168	8.23913	20.5484	14.585	5.78162	5.93541	5.79216	7.42809	6.88845	12.138	10.1893	7.51764	7.29856	13.3018	17.4679	16.4032	10.593	9.31534	11.5685	12.986	12.9745	20.8585	9.19598	10.5572	6.87073	17.3249	7.84253	6.62274	8.66621	11.4688	8.76776	9.92665	11.9285	9.78258	3.82195	3.75378	8.094	10.4464	14.4649	14.7324	9.04099	8.00582	10.6956	10.9581	8.59922	19.5212	24.2086	11.3218	15.8216	24.9642	23.3716	27.1265	15.9956	14.7901	18.4417	22.4707	17.6665	20.7389	15.7475	13.6827	10.8736	11.1884	11.8821	9.69491	15.5707	28.8084	35.014	29.9501	4.35443	3.95021	3.10408	1.65514	1.40675	1.36283	8.55787	41.8708	59.1781	58.4305	56.8727	40.3731	43.9638	32.1071	1.74459	10.1575	7.83516	6.48817	7.05112	10.5709	9.49604	6.57746	11.7033	15.964	16.2405	15.3125	17.5683	17.3963	16.2353	15.3296	13.5721	16.3528	16.8454	16.1116	17.1027	19.0034	18.5809	26.2104	32.8425	34.1435	45.4626	50.2685	58.1491	68.3608	70.748	66.1386	55.8855	63.6732	44.3611	22.4936	34.0738	36.9686	30.8386	8.87161	19.7619	29.414	31.6525	26.1278	29.3762	41.0699	25.054	28.9007	31.8007	19.2328	26.1488	23.9268	17.9056	23.3395	12.7421	12.9687	18.8624	20.7638	30.5402	33.8329	32.1477	21.3691	15.2573	26.1097	30.8398	34.1851	45.7227	47.7181	18.1949	66.2804	70.0468	63.9286	34.0241	41.4866	45.2605	59.8117	67.7299	73.085	70.8697	72.9869	73.3386	72.4491	60.805	28.1152	56.8505	66.6112	70.0414	71.9664	70.7535	61.6094	37.828	65.6268	65.256	63.776	68.1638	69.7935	64.8347	59.6962	65.8481	72.2987	74.487	65.2643	35.0444	47.0917	66.5311	64.4534	57.4202	58.1147	55.7183	54.5761	49.8583	53.3941	49.4493
7.39885	10.8736	13.3294	13.996	7.23427	14.1814	9.17597	6.85285	6.34276	8.56953	8.93553	7.36491	6.61076	4.52088	2.9639	4.21307	2.97926	3.21425	4.71379	5.68682	6.15095	6.40864	7.48523	12.8127	14.0595	10.9999	9.4352	9.81444	12.4572	12.5453	12.3177	11.8014	12.3743	12.5941	22.5703	22.7679	21.2136	14.9092	9.17113	10.7216	12.6032	13.4817	12.5622	10.7557	12.0745	15.0787	14.4023	12.5997	11.0981	11.664	9.64587	8.38828	10.9031	11.8476	15.5587	21.7398	19.9116	15.6672	12.8417	12.7728	14.549	15.4779	11.9202	17.1932	18.1201	7.4691	8.11905	8.70132	8.57654	7.20116	10.1869	12.8128	13.3436	8.69456	11.2749	16.7989	16.0423	10.8561	8.15891	7.45132	13.9149	11.1411	13.6817	8.88215	11.553	6.0722	17.8946	7.2505	8.05858	11.0785	13.3944	16.7147	18.6219	18.4966	17.6078	15.1666	12.222	10.7921	11.7118	16.4609	17.111	14.0235	10.4957	9.99574	12.7511	10.3613	16.3386	23.8166	20.2677	20.8123	28.2822	19.6553	24.5487	23.8779	16.1575	23.2318	31.4866	26.4605	29.5061	23.0257	20.0695	17.3311	16.9389	15.3323	13.1726	30.7328	39.2736	45.7986	42.7646	8.83073	6.0722	3.69246	1.77903	2.03422	2.34644	3.20476	26.3705	51.135	55.3162	50.4968	29.6662	35.8691	36.6611	12.8671	12.3972	15.2102	16.3401	16.253	20.8099	21.3105	18.809	20.248	19.5716	22.9582	27.7949	29.9293	21.9433	8.22031	18.2867	15.8458	15.2185	17.0426	19.3359	23.1936	21.5984	20.5066	30.9188	38.3109	34.7777	44.4885	53.8164	60.9008	67.556	71.4596	73.4544	69.8066	48.06	45.3323	41.6795	32.1795	3.6264	40.8214	44.3895	27.6297	15.0045	19.9191	13.2797	21.6267	27.814	34.2281	19.6236	27.089	23.1686	24.9925	24.4491	19.1643	23.5673	28.7504	17.7609	8.65839	15.0045	21.1939	28.0437	27.5662	20.935	12.7784	16.9081	19.5836	21.0161	25.1824	31.7518	54.8727	61.897	68.0179	72.0123	63.6667	43.337	6.18982	36.5544	60.9504	75.4864	76.233	47.9982	72.046	76.7643	75.3849	62.3164	27.019	45.867	56.5668	43.3794	35.5177	59.9702	65.8462	73.4569	70.639	72.7257	72.1379	70.6609	73.9191	72.5484	67.8639	70.437	75.864	67.0255	49.7974	55.3986	70.2032	67.5933	51.9274	58.0326	62.434	62.6107	61.4505	64.5585	63.9869
13.1451	10.3393	3.38392	13.0416	19.4516	18.3398	9.81808	8.3308	9.45923	10.7143	9.64505	6.76459	7.89585	6.6372	3.91507	3.86829	3.24205	2.10008	2.42266	4.81484	5.90149	6.32577	6.84365	9.57015	12.535	12.1162	10.7738	10.0477	11.4005	12.0068	12.3457	11.8004	9.9468	10.3243	16.9888	20.4707	21.9914	20.8406	11.7418	13.8981	9.54727	11.924	11.804	11.804	12.0355	12.8673	12.8783	12.1528	11.6234	12.3456	10.7549	9.8226	12.2652	11.8575	13.3298	18.3638	20.4312	17.5515	12.6598	10.6393	11.6902	13.9984	12.1303	9.47739	16.9368	10.157	5.7595	6.77542	6.32577	7.80517	7.63404	11.6828	15.2969	11.7588	11.7107	15.5353	15.0396	10.677	8.54429	7.80515	10.087	13.7183	9.78816	12.4499	13.2609	7.21891	18.1008	6.03462	8.84356	12.5203	14.8585	16.7918	15.2237	12.9113	12.0637	10.2373	8.40992	8.1471	5.84489	10.5068	12.2649	11.202	12.6602	12.5002	12.8077	10.7258	13.6886	17.359	23.5364	28.4074	24.7246	20.303	14.6847	26.8475	22.1535	23.1983	35.2021	21.8053	30.1916	23.8984	20.5552	19.6267	19.0068	16.4778	13.7028	35.5795	43.0376	50.9153	53.4637	13.4685	8.01508	4.35367	2.18531	2.34624	2.47845	2.27389	4.73563	20.231	31.0484	46.6348	45.8611	25.1426	38.8315	17.4221	12.3776	15.05	10.1173	9.88935	14.4962	14.1255	7.85074	9.19419	8.05754	19.3216	28.4795	30.0298	30.5192	18.122	8.57179	11.3659	11.4737	13.0416	20.0522	27.955	31.3352	30.9736	33.3396	38.8166	42.509	46.9721	51.6415	56.5461	60.8195	64.8259	68.803	71.0663	66.457	36.1866	39.1501	59.0723	59.3229	35.6511	50.8405	46.0949	38.5965	38.0912	37.5307	43.0788	37.7373	1.11708	18.6803	5.26014	23.7649	30.9613	28.2458	22.2553	24.5077	31.7772	31.2489	22.3933	20.2588	13.6299	15.4283	15.993	16.5375	14.9508	13.4898	9.66117	10.3448	12.497	19.5022	61.9798	64.7783	31.3777	70.6729	72.8474	63.1395	34.6284	42.0294	59.4998	71.7515	76.1412	70.5833	58.8602	75.7172	75.7224	70.1552	59.9313	33.2563	23.1429	56.3697	64.7048	60.8507	61.097	72.1961	65.0659	52.9652	44.8753	47.6754	67.6793	73.1677	66.3392	72.3851	75.8777	63.8501	57.0881	64.4063	67.9328	63.4731	46.6968	50.5783	61.6649	63.1381	61.4392	62.6776	65.5235
7.75465	6.00162	7.32298	5.84465	6.22964	5.05855	2.59195	3.3067	5.0197	5.33657	5.0495	4.52003	6.32485	6.29407	4.54006	4.73515	4.31139	1.23346	1.65468	1.65473	1.88654	2.20583	2.46586	3.67537	6.03391	4.90118	4.95011	4.36721	4.38448	5.04951	4.46303	6.17147	3.663	5.83161	5.50033	5.54666	7.84999	14.7286	8.71809	11.1113	4.57976	4.26929	5.41759	5.39535	4.21594	4.11066	4.54018	5.17333	6.25832	7.12478	5.13831	4.57001	7.84037	5.66176	5.92103	5.04665	7.3391	7.32289	6.1448	4.09947	4.81417	6.74378	7.51526	1.57948	12.83	13.8593	8.55388	8.25291	1.72668	6.48608	2.92215	5.22247	8.79387	9.23006	8.75853	11.0956	14.0235	12.1887	8.46528	6.83391	4.98334	3.58793	4.8362	8.60202	13.2287	4.68391	17.5085	3.82081	4.23732	4.57976	3.55396	2.72332	6.46293	7.74886	8.99912	10.8058	13.1104	10.0943	5.12063	5.93356	7.98096	8.21519	12.8022	16.6074	14.326	11.2574	14.0005	13.4514	20.654	27.7206	24.5895	24.2695	27.8173	8.4517	18.2449	16.3915	36.4664	13.119	21.0776	15.2098	12.1712	15.6021	16.3856	10.9445	5.58973	33.8675	48.6696	46.8564	59.6555	16.4875	8.34385	3.76881	1.10332	0.986876	0.872301	0.629048	0.493474	1.43839	5.04639	46.7675	52.9669	17.8168	39.2297	14.4097	6.64777	13.093	4.70319	2.32641	10.7317	12.9743	5.41192	6.26772	7.61932	21.7191	25.5127	7.5311	15.6637	21.0802	11.6112	2.42242	4.59962	6.53912	9.87043	15.9945	17.255	18.2315	24.5087	20.3272	24.8451	27.3435	27.6404	39.2512	39.2997	36.9591	35.5343	51.0916	61.3318	56.0249	58.5779	41.2608	68.3506	58.8378	32.2086	35.2234	19.1531	23.3678	21.1522	25.1256	33.6668	31.3418	4.78918	15.395	1.65473	25.1781	26.6424	15.1963	12.4606	25.2016	28.6973	20.1236	25.1957	23.8608	12.632	5.0197	7.92326	4.4934	6.08592	6.12273	6.98727	8.20975	12.2928	55.4556	64.9791	47.6601	44.7358	68.8041	67.9048	46.1593	31.4082	63.8723	71.3906	72.208	75.8146	58.0565	71.1493	72.4443	65.4349	54.9879	45.2248	8.33167	59.5488	66.6849	26.8495	43.3126	68.7782	56.9487	46.9028	46.3978	53.057	60.7207	38.669	64.0675	74.9693	73.9769	58.6237	38.5673	49.5048	49.804	58.2029	51.861	34.8985	48.0057	47.6993	29.0303	33.898	41.2918
4.90068	7.02943	8.20933	7.11797	6.00356	4.92221	5.36976	4.39442	4.19373	6.12217	4.4388	5.23336	5.99337	6.65614	7.1157	5.74025	4.02085	0.348898	2.81603	2.49621	2.51442	2.33926	2.29334	2.96813	4.77911	3.85587	5.049	4.70284	4.00962	4.35289	3.50208	6.55419	3.30626	7.15525	4.36338	4.81385	6.44854	13.6419	10.7186	9.35083	5.35838	4.36676	5.3948	5.049	3.59179	3.62534	3.97941	4.18669	5.5891	6.07044	3.86766	4.67722	6.54058	5.44743	5.99337	4.43884	6.87914	6.82684	7.1345	4.62529	5.52688	5.83101	8.06342	4.62529	7.61854	12.7475	10.3808	10.9949	3.14174	6.20231	4.1395	6.40654	7.95252	13.3863	13.5874	11.0909	13.6408	13.4238	7.75386	5.8412	4.83859	2.61495	3.35184	3.24144	13.2637	1.40618	14.9444	5.37258	3.67509	4.53963	3.27414	3.67492	9.73041	11.6542	11.7085	11.0318	14.5241	13.7888	13.7001	12.9352	8.54291	7.9523	11.5047	19.485	16.6922	11.9127	16.1872	13.7356	18.379	23.4414	21.1258	24.7375	31.6376	5.29051	14.309	17.0683	34.6073	17.1948	19.1786	18.7586	15.5752	18.0476	17.4677	10.8277	6.78069	26.4835	52.4588	36.654	61.336	24.102	10.3583	3.43212	1.4902	1.11692	0.986774	1.11692	1.36229	2.09249	4.52621	47.4763	52.8027	18.2284	37.3125	12.96	4.75078	8.37137	9.33842	5.39481	10.9009	12.4429	5.99332	7.02272	8.60114	22.6154	31.3887	29.5406	35.2004	35.0856	17.1903	6.74332	16.8778	19.9198	16.0138	13.0954	9.60349	9.73041	18.7519	10.6874	3.85575	12.0955	16.9609	36.3097	33.6826	21.5994	24.4181	39.7563	52.8601	57.453	66.8527	42.9699	69.4201	65.0983	24.461	39.9903	23.4939	22.4677	20.2426	24.986	28.3772	39.0172	15.3151	14.6059	17.4513	19.6675	26.6394	13.954	9.5313	23.837	27.2444	16.0301	21.8689	28.2394	18.7876	3.82042	7.41086	3.43225	5.49143	5.80264	5.69555	7.14689	9.30509	47.9315	60.8155	59.6709	37.758	65.2051	70.5734	51.9464	14.5097	65.6668	73.5528	70.8535	75.3501	63.5672	68.497	72.1531	65.7433	59.4029	50.3129	14.9862	50.4301	65.292	46.7812	49.4324	64.3731	56.7518	53.2013	44.9337	59.0419	65.6275	40.1287	61.9807	75.7704	72.7406	52.6744	17.2474	36.2096	40.7021	57.3928	54.6171	39.7183	39.3787	44.175	29.9495	29.9406	22.1406
10.9271	15.0299	14.7633	12.5214	7.29714	8.93834	18.1912	19.9932	17.7467	20.1207	23.6053	22.0753	15.777	10.7989	10.5208	10.1144	6.87867	3.1415	4.98533	5.46083	6.46202	6.63555	6.08247	6.60166	8.59565	9.3708	10.5885	11.3184	10.5665	10.3368	10.6459	11.4425	9.44249	12.2395	11.2262	12.3873	13.4496	18.4792	21.6337	18.6223	14.1826	11.7372	10.718	11.4641	12.1588	11.8445	12.3653	12.3976	12.2175	11.5679	11.3985	12.7425	12.0261	10.2873	10.5869	10.8698	12.8978	15.0943	16.1789	14.8319	11.2955	9.66648	11.4841	11.3934	6.88516	7.48987	10.3363	13.4814	9.0771	5.66089	11.2673	12.4664	14.1698	20.6588	22.4975	18.6789	15.2419	12.3936	6.40592	5.07219	5.22129	2.49588	1.75251	2.75599	11.1363	2.75587	10.8908	11.3668	10.0158	8.52666	6.16317	7.52359	9.98007	10.1526	8.59517	8.06068	16.4355	18.948	14.3228	13.0945	10.5141	10.1889	13.9538	22.6488	18.0438	10.6578	14.2792	11.8	16.4355	21.424	19.4531	23.7461	34.348	22.835	31.5505	36.9316	33.875	22.5056	21.8149	27.9594	25.9479	27.7758	24.0764	15.8028	14.3735	8.20807	49.1695	18.6748	56.6971	39.007	22.2449	6.27869	4.92483	4.10988	3.34708	2.96796	7.69575	11.8832	11.3681	42.9884	50.9754	3.24111	35.4571	22.8353	12.8845	5.5483	4.57884	8.50036	13.5053	11.999	6.26406	7.90465	9.89182	24.5651	36.8622	33.2542	36.072	49.7257	45.485	19.3934	22.5386	24.6055	27.2289	30.5159	32.5439	32.215	24.4552	17.8843	26.639	41.9927	45.2523	31.0049	21.3617	36.7164	42.1207	48.545	56.8403	63.7982	71.3247	70.3258	68.9676	59.7674	2.1211	33.7153	46.509	44.1275	40.3716	34.7401	34.6569	46.3245	41.146	16.452	27.0636	26.0253	18.2362	14.9029	9.16576	18.4697	22.7777	18.2474	23.2511	33.752	28.8409	7.85427	13.1806	11.2712	11.4426	12.9592	11.7971	9.40507	8.42698	36.4955	54.5583	63.4089	66.0594	64.2821	70.3241	53.066	23.4441	63.9841	74.2746	70.7426	73.1066	70.3528	54.2813	70.092	69.854	69.9177	64.1071	44.4327	25.798	61.2519	61.6777	59.8579	60.2371	45.4597	29.9721	18.4969	50.4493	60.5143	62.6288	65.4586	73.517	71.4696	50.1458	21.5496	27.3521	50.1393	57.1545	54.4785	50.2985	48.4973	62.3798	63.6173	59.489	49.8397
11.9109	11.1734	8.27949	6.84947	8.68999	20.8155	23.9647	25.6804	26.6974	26.3476	26.3813	26.3633	21.9836	14.1278	9.99125	9.40415	9.50962	8.31325	8.28814	6.27545	4.36594	5.59895	6.27577	6.50979	7.45976	8.2294	9.36986	10.8688	11.1734	10.7938	12.0653	14.1574	12.612	12.3639	9.6017	10.5324	11.9303	15.0496	19.5683	20.0838	16.0919	11.3276	8.82339	10.8514	12.9329	12.6998	12.9942	13.0628	12.6594	12.0689	11.5979	11.8433	11.9723	11.0838	10.7493	10.2166	10.1364	12.8424	15.08	14.5423	12.3375	10.8179	10.0438	10.4769	8.32222	3.17959	5.84269	11.3768	15.3792	10.2973	5.39929	8.65461	10.2521	11.4289	13.1934	13.9046	11.059	6.77284	6.1575	5.73917	5.77823	1.7952	0.493305	6.03215	11.1822	5.23254	5.04505	4.90286	5.86338	5.35737	5.90395	7.66377	9.29388	8.87793	9.0682	8.82299	15.5933	19.6047	17.5867	14.0702	7.37555	6.9768	12.1253	19.7593	19.8119	17.891	19.311	17.5001	18.5168	21.2312	18.8514	22.0554	38.0168	36.8723	28.555	34.9309	31.6907	17.7503	7.89297	16.5333	18.52	25.4761	25.5451	17.5004	15.3658	9.52945	35.3495	22.8925	40.2291	40.2149	32.4309	8.08956	5.29827	4.20751	3.20336	2.21893	16.1024	33.8637	39.8706	24.3238	46.0201	28.4231	25.5716	26.5237	11.1927	11.9578	8.33116	5.13954	14.2691	12.2064	6.77927	7.84748	9.9499	23.8466	34.9846	38.4102	35.8351	15.2311	47.9099	27.0537	13.3464	8.27917	14.1593	26.5588	32.5898	36.6713	35.575	29.3658	37.316	44.5168	36.8355	32.6841	16.5336	0.628864	15.9595	35.2584	47.2294	56.9802	67.3894	71.8099	67.1138	39.0628	14.4415	28.8192	35.3136	36.0731	23.8812	8.48925	10.3241	32.2128	47.0837	43.2155	19.6988	19.1997	8.18768	17.629	18.2293	20.9518	21.7137	17.0907	19.5265	34.3118	37.9053	14.766	14.6975	14.0781	14.4305	15.2396	12.1505	9.87817	10.2947	13.2784	34.2823	52.2394	63.4188	67.1043	63.0691	32.5399	19.4455	55.759	74.0693	70.2278	72.0663	75.6139	55.2829	51.7663	67.5749	70.5146	69.1063	62.0294	25.9559	43.9488	61.4231	69.4526	65.9161	58.0145	58.4924	56.3458	38.4383	26.2362	47.0614	62.0522	64.5107	65.1385	52.6671	29.1979	23.789	55.4374	56.7671	53.4375	56.1606	43.8459	48.7164	55.7989	62.1489	60.0538
8.81088	3.72722	6.31524	7.73049	10.2734	20.6614	23.7136	13.8756	5.22031	10.3118	8.22818	7.12022	16.1726	17.7276	10.4246	6.14245	5.73865	9.20427	11.3541	10.0642	5.289	2.85793	2.75547	3.91322	4.3518	4.55507	4.70165	5.94415	7.13266	7.39506	9.16461	12.3108	11.201	8.43268	5.99188	6.06895	6.56411	7.52856	8.82269	10.7173	10.4413	9.03514	5.77785	8.65368	8.4695	9.10187	8.84267	8.55276	8.46249	8.52504	8.13458	7.59926	7.83774	7.93738	7.90357	7.65942	6.29425	6.89038	7.69437	7.44901	7.29577	10.4913	11.6167	10.8608	11.6963	6.74148	8.0613	8.48849	14.2418	18.0431	14.8363	10.187	9.68717	10.3527	5.67536	3.75947	4.92074	0.986434	6.6542	6.16172	5.94385	2.59096	3.48385	12.3289	10.8569	4.01979	9.3231	9.92604	6.6343	7.57343	11.0785	11.7249	10.5409	9.39058	9.72462	7.50433	10.7924	14.8325	15.6657	16.4136	13.5088	11.763	14.4291	19.6397	20.3263	15.8198	19.197	18.8161	17.7651	20.2059	17.9294	18.876	35.773	43.2796	33.2471	23.9919	13.6127	17.7426	18.427	17.5457	7.30368	17.2217	26.6681	23.1444	20.2827	17.7362	12.5956	23.6013	25.3907	29.8026	36.9581	9.72766	3.21239	2.49544	2.1207	1.16979	24.3098	49.6832	45.5675	43.0683	28.3899	36.8369	10.7965	26.6564	6.82482	6.25592	8.66904	6.08132	12.6576	12.0766	6.63385	7.84668	8.70945	19.9543	26.4974	29.8502	41.0552	32.114	27.8003	39.8495	7.86029	12.1242	18.3308	20.8914	15.2294	7.78985	8.13414	5.53372	25.1372	34.6114	23.7149	10.4407	34.3892	45.4747	39.32	18.7023	14.6063	31.5405	41.529	46.534	52.3717	47.3977	22.7029	20.8916	28.5718	11.8749	30.5691	33.3748	27.8194	10.2157	35.7604	45.539	42.6596	18.5377	16.8096	12.1495	8.81722	22.0398	23.6524	16.1417	18.084	31.8168	40.7971	21.3769	9.24753	10.9038	12.3398	12.1293	9.84472	11.092	12.9251	8.66924	13.0512	25.1161	37.8027	36.5546	24.9017	55.8189	52.6043	20.2059	72.0896	65.8788	65.4049	74.5349	70.0305	37.8341	57.0419	65.3672	68.3917	69.465	51.6683	28.813	55.7083	70.1053	70.1692	64.6639	50.1316	9.02876	29.1325	22.0412	43.3	54.3445	53.7901	59.5526	48.2747	27.0243	18.1871	54.6993	57.465	53.6931	56.0988	33.1138	35.8638	35.5325	15.5467	44.2285
8.2494	5.35649	6.94547	9.30805	10.104	16.2715	21.011	23.1155	22.5699	18.36	13.6887	9.82259	1.87755	13.223	14.505	7.59847	4.52451	6.29332	9.77619	10.339	6.99469	6.14177	3.81883	3.08708	3.8348	4.43719	4.32353	5.23158	6.06094	6.75186	7.96454	10.5235	11.223	8.32967	6.68069	6.0013	5.90314	7.50407	8.20626	8.36328	9.48928	10.6291	8.51731	10.0127	7.83694	8.32967	8.67349	8.65309	8.49821	8.28692	7.67817	7.07961	7.22946	7.45836	7.76082	7.28067	6.0013	6.03123	6.84829	6.59733	6.32209	9.41653	11.6168	16.258	21.6768	12.4824	15.3597	12.5359	11.0279	14.7332	13.8581	13.3857	14.3188	13.8174	10.2144	6.76038	3.89345	7.31732	1.7778	7.53535	9.68599	4.20672	10.2588	14.6718	6.53824	9.47195	17.1691	11.37	10.7473	6.25533	10.2726	7.50172	5.60576	7.96992	10.216	9.91454	9.82259	9.02757	4.95066	8.21305	8.49781	8.4892	9.34748	12.5254	16.4611	16.8005	21.9512	18.2691	16.3156	18.5937	15.738	17.2435	31.3521	38.7	37.4746	39.4379	23.6996	35.1201	32.4147	28.8894	23.9815	7.34962	19.9489	28.3012	26.0007	24.1	13.245	24.8386	26.872	19.5081	33.2817	14.3603	3.30501	2.66563	2.2725	1.64473	29.9349	57.0773	39.2868	52.3052	42.0939	38.0379	22.2183	31.5731	13.2582	7.97737	6.54515	8.22786	10.821	11.3986	5.52203	7.61569	8.08411	16.1476	20.3611	19.329	26.9929	39.4361	10.6479	39.7485	33.4369	13.0256	12.1666	23.2348	26.5239	27.7791	20.1308	10.8561	18.9905	32.2756	22.3642	19.3301	27.2553	21.9572	38.6684	39.6086	34.1414	22.8849	4.92318	17.9555	40.1973	50.6036	38.0683	21.1955	32.4813	24.2437	37.7245	31.577	30.1761	24.8265	19.9823	35.4616	39.9154	42.8352	26.4362	34.1194	16.9962	31.9511	31.7593	14.9979	12.5911	26.1501	40.8504	27.8028	6.91129	11.3242	14.8464	15.8886	15.7665	17.9332	18.1359	16.3285	24.7293	26.6126	26.8333	14.2979	57.1964	52.3622	60.2645	46.331	63.9152	67.0086	65.6556	72.8649	72.6588	66.703	33.0556	57.5621	61.1554	71.0699	63.8762	13.6224	49.9212	64.8844	66.082	64.2663	62.7722	44.8094	4.43717	20.0643	39.2129	53.6774	65.3009	64.7005	34.7487	23.2234	11.2418	54.8654	60.6468	51.9406	47.189	39.0479	49.1372	49.2906	47.5629	31.4964
9.97698	10.7908	10.5169	11.1054	11.8979	15.332	17.8121	19.397	22.5304	24.3501	23.3905	22.198	20.5729	11.0912	4.07489	6.61044	11.3523	10.8589	11.1492	10.2704	8.76051	9.16902	7.33481	6.64387	5.21947	6.50801	6.99432	7.50143	7.69685	7.85707	8.27733	9.18855	11.0455	11.313	9.68566	8.21455	8.6404	9.67808	9.41574	8.92877	9.50702	12.5361	14.2484	13.7216	11.5001	11.56	12.6211	12.9294	12.778	11.9271	10.6869	9.9242	9.81761	9.91387	10.5845	10.354	9.83098	9.30131	9.96068	8.99282	11.014	11.2401	11.545	20.0529	28.6391	20.0135	7.60372	5.52178	15.4407	19.7892	18.0815	15.9553	19.6261	27.8581	31.2594	26.7288	12.5115	10.972	14.6605	9.35472	10.11	8.93501	12.7095	7.58204	6.80385	16.0675	14.5031	2.8838	6.99414	7.7449	7.98577	8.0742	9.34667	11.7963	14.105	15.8041	13.3803	10.1807	11.3585	15.6845	16.0235	15.639	15.7467	16.4732	16.4994	14.1164	16.3123	14.1767	16.9298	22.7861	21.6231	20.1542	30.9474	34.8911	31.3601	39.6266	39.4837	43.7527	39.1866	34.6472	38.8012	42.9744	38.1559	34.811	31.8305	25.0596	19.1392	20.6275	5.84099	4.07882	23.0495	20.9596	23.1958	15.8065	3.14034	2.89969	29.0383	54.2874	55.2148	56.5517	65.4124	55.7884	41.2542	39.8212	22.2799	15.2572	11.1121	11.8061	10.112	6.76855	4.83317	7.74438	9.50189	13.6251	15.6418	14.7543	18.715	38.9069	33.4284	22.1683	39.8038	30.6871	10.258	11.8055	6.83653	9.53112	10.2133	7.45724	8.89375	25.1831	22.815	19.3053	27.6492	24.4159	6.14142	30.4395	46.5248	52.5023	48.1441	35.9805	23.5578	29.1979	39.1158	48.7146	32.4382	10.6372	28.975	31.7529	5.41454	29.8494	30.6307	19.3272	28.7129	48.3196	36.9451	10.8652	30.6453	33.072	15.1875	9.86512	12.3231	22.7268	39.051	33.0604	11.9467	15.8691	22.5552	23.8843	26.6536	28.3377	22.3071	26.6661	29.9894	27.0215	19.9956	37.0574	56.0653	34.5149	43.7758	65.0693	47.4748	45.6353	68.2597	72.9292	75.4319	75.3186	56.0054	44.1255	51.1889	68.6744	67.6488	41.9534	36.3338	58.8692	61.7747	63.3588	66.5236	64.7033	51.6642	18.3706	34.0481	47.4067	69.8509	69.8471	32.364	29.2466	21.5098	49.5982	59.6867	55.1391	57.7576	54.1292	49.545	51.2719	59.1973	63.5999
5.25642	8.0148	9.18735	8.31191	8.65126	11.0677	12.5652	12.0357	13.8506	17.0917	19.2143	17.3217	19.3306	16.6432	10.842	7.69569	9.8877	13.3619	13.1355	9.75804	6.70601	8.38961	7.53394	10.2905	8.37372	4.35053	4.67458	4.92248	4.98324	4.87331	5.21911	5.36954	6.02263	7.3667	6.59851	5.45834	6.32084	5.90709	5.35555	6.77028	5.52393	7.76706	9.40855	9.35379	8.02417	8.03709	8.99193	8.63952	8.46706	8.00756	7.24458	6.77706	6.69731	6.67721	7.34848	7.3667	7.52042	6.7506	9.38798	6.40549	8.68876	7.50266	8.3969	15.0364	24.1021	25.444	19.1518	13.188	10.3993	18.2046	15.6058	12.6073	15.8815	26.303	31.7088	34.7656	27.7483	9.34561	9.82094	6.83619	5.36652	12.1455	11.3114	2.9766	15.8774	14.3667	4.26635	5.06983	1.92505	4.97418	8.56567	13.534	16.3257	16.4686	16.919	15.1321	10.2129	8.82001	15.8361	15.4791	12.2209	11.8689	10.1841	12.2896	12.0308	7.78771	12.0246	10.2125	11.5351	20.1377	21.8164	18.4253	28.5601	32.7809	23.3216	23.8109	24.1815	31.3261	27.901	20.1132	23.6927	33.439	40.0476	40.7827	35.1667	23.7646	4.20592	20.2746	17.1484	11.7916	19.3195	17.9523	24.1182	28.3897	3.0865	2.96645	22.1152	40.895	68.307	63.1107	59.5793	51.6973	41.9789	38.987	20.8132	13.5433	8.31389	6.16029	4.35053	1.5591	3.91192	9.63725	11.9457	11.8916	12.0306	11.8238	15.2662	34.7779	41.5839	15.0961	33.3277	33.6599	9.4412	17.3665	15.546	15.5565	12.6871	12.4512	14.1836	25.844	26.0258	3.75839	13.8721	31.9171	21.4999	22.1422	35.1089	35.3995	41.9284	35.2759	26.4323	19.4249	4.70016	33.3881	41.4337	23.6948	8.05149	23.2566	34.3983	26.4332	32.5558	15.374	24.4882	35.7289	42.3023	31.522	29.659	19.6953	11.1263	14.8369	14.5975	21.8844	34.3642	33.4876	25.8101	20.7967	16.289	15.8676	20.3009	19.4497	18.3853	33.1466	32.0221	23.411	13.5603	36.4122	41.9801	40.4049	36.5734	53.2201	64.537	47.1646	56.5392	66.0873	73.0469	75.2675	60.9886	19.8956	47.7433	65.0535	62.0972	50.9858	8.86668	51.5894	52.4014	54.094	60.5298	61.7574	61.2322	47.0646	18.4967	31.1988	70.0472	70.9782	30.8133	22.7526	18.2724	30.1048	49.8974	52.6206	52.8155	43.6686	32.1069	45.1389	47.4899	58.906
2.36995	5.60947	7.75831	6.58628	6.40231	8.75188	10.3347	8.43789	8.97268	10.374	12.1703	11.0248	15.3909	11.8871	12.2011	16.7929	8.22562	5.94161	13.16	11.8082	6.92624	7.6272	8.15119	12.9515	10.9574	2.42044	1.81954	2.65357	2.87286	2.65357	2.70445	2.66494	2.47632	3.34963	3.46944	3.48254	4.35002	3.25342	2.97644	5.99936	2.75446	4.55323	4.06322	4.3501	3.58941	4.01833	4.70935	3.75805	3.67269	3.83374	3.57256	3.34519	3.36319	3.55126	4.19105	3.82967	4.01828	2.96115	7.91527	3.93869	6.6045	4.06322	5.86048	8.90193	12.8293	16.3046	18.418	24.1351	9.39468	12.6957	13.1342	9.67596	7.48381	8.56796	14.0251	35.7208	34.5885	13.6773	4.68359	5.82715	2.98148	12.9262	11.8178	6.04901	16.5625	10.2472	8.09696	8.95498	8.53738	7.59639	9.0171	13.2629	14.7753	11.6021	9.09486	7.33355	4.36397	6.01923	12.7748	10.8779	8.16022	8.93335	8.48692	12.5366	10.8635	10.2063	15.0352	13.7189	8.48532	14.045	19.1139	17.8045	25.5619	29.6894	23.8114	21.9491	17.0392	20.6199	20.5901	6.49988	7.18	8.98628	11.0252	12.4274	6.77648	9.64689	20.7355	19.7667	20.3281	6.16691	17.4018	16.6807	19.1059	34.5444	3.5255	2.72665	22.6847	36.1842	70.499	69.8734	47.8905	57.7844	46.8386	37.0839	19.1105	11.6749	6.86384	5.35509	4.97977	4.66769	4.73175	9.01678	11.3598	11.7643	11.8373	11.1871	14.0071	31.6458	42.2579	30.2428	35.4441	34.2495	12.5326	16.0308	12.7666	12.0286	9.12862	11.6019	11.9625	26.555	27.3503	13.5361	10.3745	28.4125	27.0912	29.7706	34.3638	13.1875	34.9846	33.4382	23.087	22.7679	27.6312	25.3344	30.4868	33.9841	16.4575	9.33702	43.1954	39.9112	27.8349	19.0007	23.2506	22.8688	28.5226	41.731	40.6917	12.5506	17.9736	11.536	14.957	23.2829	32.2113	29.7932	29.9664	27.027	14.1494	13.6808	16.0842	7.67215	18.929	33.9568	34.7338	19.3881	13.0088	31.6093	28.7177	35.7519	50.1956	28.1938	62.0483	65.01	18.8187	51.0199	70.7948	73.9111	64.7502	56.0989	32.3729	64.4351	57.8045	48.7279	15.696	46.0332	44.9801	43.0484	54.1377	57.6332	62.5205	56.6168	17.6877	30.4675	68.6564	69.5434	34.4294	24.941	19.5535	11.5537	26.6312	32.2251	47.4003	40.6147	27.2586	47.3207	18.2325	42.9459
2.96591	5.916	8.84657	8.48617	8.18865	10.8625	12.6046	9.96062	9.00477	11.3997	14.0572	13.8888	18.798	18.5985	17.2043	20.1923	18.6741	10.7878	6.07567	13.7819	11.8607	9.52421	9.5011	14.6293	13.0995	5.45432	3.43392	3.70102	5.39922	5.45731	4.87239	4.66722	4.68013	5.36572	5.69937	6.15913	5.9085	5.20947	5.21812	7.65582	7.12936	8.38834	8.09613	7.79609	7.07696	7.67336	7.74837	7.37541	7.64239	7.59761	7.12936	6.74933	6.45773	6.29125	6.42287	6.36913	6.26024	6.07842	9.38634	8.85846	9.98575	7.79609	8.69218	10.1765	13.0205	16.7915	20.5171	29.7774	26.1185	4.55288	11.7195	14.1288	4.6218	6.11757	8.7107	33.0135	36.5695	16.668	3.83335	8.58987	5.42973	12.389	10.7159	6.93848	11.4763	10.8774	10.0962	9.99746	10.9358	10.7918	11.2495	12.8482	13.8804	14.8267	12.8484	11.311	10.5194	9.43594	8.8913	12.1411	10.6836	10.4932	11.7636	14.3516	13.8371	12.099	14.371	13.6806	13.5438	17.9075	15.5318	15.7636	21.9098	27.2127	28.9945	29.319	26.0397	18.6852	22.8865	12.5904	14.1607	16.6526	18.445	16.0398	11.2187	16.422	38.5808	35.1228	41.1431	9.88435	11.0108	4.97325	18.9115	34.4729	6.78659	3.32664	32.0517	49.0603	69.2746	72.1914	50.1493	67.4914	52.9092	35.6572	20.3928	23.7952	21.4719	14.8186	11.0109	8.69233	8.52103	8.39529	7.13529	9.05018	11.9329	14.6779	17.2579	29.7911	42.3971	44.8294	41.6808	29.2828	13.1721	13.8481	11.6937	12.1246	14.23	15.1826	11.995	32.0513	32.0688	22.0316	26.056	18.3237	30.7005	25.7471	33.3046	20.6993	32.9917	46.9478	46.6964	48.8616	54.3696	53.7521	35.7133	13.7817	11.7878	14.8591	46.1197	44.8785	32.5091	33.93	16.3099	22.9661	22.5796	31.644	43.1394	32.2698	12.0954	18.3595	10.0306	26.1354	34.0929	28.5754	27.4658	30.8932	25.2877	25.6638	22.205	16.2986	19.1836	34.8855	40.6233	16.9936	21.4499	31.4001	21.6558	21.9851	48.4968	53.2291	42.1244	66.6226	35.1798	41.7609	70.1835	73.6158	68.981	66.3371	40.8922	63.0493	63.5534	41.147	18.2533	38.7858	43.2424	42.0675	52.755	58.9053	64.1165	61.3193	28.2479	29.98	63.8803	65.8122	51.584	46.2841	38.1015	23.1646	17.0369	45.9537	56.8591	48.3941	46.3032	57.2459	34.8752	42.9725
5.90784	6.36626	9.40577	9.92033	9.40122	11.7477	13.2859	11.1906	11.6115	14.0642	16.5078	16.54	19.7453	21.8842	21.3988	20.9614	22.0786	24.2401	17.5851	0.938543	12.8838	14.821	13.8783	17.5319	15.6231	8.08411	6.67512	3.74915	3.75734	6.87999	7.48477	6.93823	6.53305	7.41899	8.2025	8.46476	8.41053	7.97388	8.22409	10.8445	12.5395	12.0517	10.7304	10.1242	10.0766	10.9388	11.3597	11.3203	10.7155	10.13	9.92051	9.64575	9.29785	9.0628	9.19945	8.66951	7.67464	7.72667	10.3459	10.2882	9.50507	7.45484	7.63176	8.5599	12.8529	16.4088	19.4839	28.6101	36.4582	35.227	26.9099	17.8084	8.98947	7.67269	18.941	33.7519	33.6884	16.0979	4.05848	5.13347	10.3629	12.8704	7.89887	6.0578	7.08437	5.41229	7.50229	9.02369	9.27252	6.0779	6.40334	9.48449	8.78558	12.5391	13.847	11.0726	12.4431	11.7463	6.59423	10.3457	12.1178	9.92033	10.0995	12.356	12.3294	8.30782	10.7027	12.0224	15.8531	16.2212	16.9567	21.9119	24.6388	24.3535	22.5928	21.2852	23.4627	15.3264	28.0637	18.4435	17.6852	17.026	13.2482	7.79517	13.907	23.5144	51.3547	31.5133	52.2113	14.3439	11.4411	12.715	14.3267	25.2371	22.4316	17.4723	37.0726	53.642	67.4417	72.3498	16.4211	68.9218	56.9891	47.6654	50.9689	46.8656	38.3137	28.2306	20.572	13.2651	9.57872	10.8764	11.9981	11.104	8.39453	11.5515	11.0646	7.87244	18.5022	23.9252	19.2254	4.29699	13.6174	18.2238	19.24	24.4771	26.6516	17.9541	10.5801	30.4969	31.7825	17.9362	30.0477	38.3769	22.1516	19.6341	30.8428	34.3852	15.943	10.6867	25.3412	37.8449	41.3591	49.3089	55.3425	49.1826	37.723	31.2705	38.802	47.1017	11.86	41.4451	33.121	25.7997	14.6851	11.9316	27.3515	42.1691	32.1319	15.8012	33.921	25.6511	30.9973	33.561	23.0781	27.9478	31.7698	23.5179	15.0253	22.4858	27.9124	39.2387	45.7313	31.9929	32.4399	35.3548	22.9652	9.61939	30.9978	59.947	55.4747	45.4218	65.8067	50.2241	55.2111	70.708	70.1871	71.4296	70.8076	57.1159	59.65	48.7927	29.0542	24.7587	37.8977	37.9687	47.6101	57.1104	65.6264	66.0642	49.7784	4.15062	56.9391	66.1447	64.3554	63.3827	59.7189	53.9258	36.5482	42.97	56.207	48.3023	37.2941	64.873	58.6258	15.6564
8.43768	5.43973	6.97157	6.44249	7.19233	12.0264	13.2923	10.4121	11.8237	12.8738	14.8757	15.8439	16.9337	18.3209	20.0562	20.4794	19.4107	21.1251	23.9511	16.5215	2.0317	9.90902	13.0182	18.9035	17.6648	10.6816	8.83333	8.49323	7.44188	4.56505	5.36752	6.66579	7.17793	7.71821	8.07999	8.24478	8.24478	7.89846	7.96751	9.29691	10.7144	10.5494	9.64477	9.17141	9.43769	10.5672	10.9377	10.8154	10.2674	9.5518	9.22882	9.0473	9.0473	8.88665	8.66864	8.16552	7.59423	7.21512	7.90593	8.22325	6.66579	7.82463	5.78414	3.20094	9.91951	14.9566	16.7799	20.8188	26.7421	32.87	35.3578	31.8472	23.6197	14.4972	22.9072	30.7168	25.1549	12.0559	5.38964	7.12787	10.4135	9.19692	2.0978	6.47933	7.68905	11.6718	14.6601	15.6925	16.6292	16.0062	9.90184	4.66615	5.4561	7.11113	10.0462	10.6147	10.3949	10.2144	7.72581	9.15044	10.7424	8.29443	6.02009	5.93999	8.11429	8.26592	12.3024	13.419	15.009	18.7199	18.0536	18.8415	21.2886	20.3306	18.7421	20.3883	27.8284	20.4233	32.1833	18.4902	16.0241	12.2342	11.8668	11.5901	18.0845	34.7036	55.1193	17.9785	52.084	21.6593	23.3964	14.4898	3.96788	14.9344	30.1493	31.3603	35.7633	55.1076	65.1317	71.1683	14.259	64.4413	57.469	63.2192	62.6546	57.6344	50.8687	40.2962	29.234	20.7851	11.0757	8.48469	9.09248	10.1976	12.8263	18.8976	18.7199	16.6659	15.948	11.9311	8.22854	12.4751	19.7016	28.5774	30.437	33.8306	31.2296	24.0416	14.2732	18.8804	27.4304	35.5914	35.1675	29.9956	31.9764	10.4831	24.493	28.499	33.6256	33.6514	28.0311	25.6387	18.1868	20.3609	44.7492	56.3693	52.6038	46.2781	38.7454	42.8113	34.9228	39.1719	38.4364	36.8962	30.8632	13.6526	11.8329	35.5951	38.946	33.5132	39.4547	39.9811	14.6869	36.3015	25.0247	27.44	40.0891	38.9252	22.0889	8.47936	19.2729	36.6676	41.8388	36.3062	33.7416	30.3063	14.8112	22.4095	20.4824	37.6166	58.3181	58.0747	65.3118	70.38	44.4841	57.8965	70.8376	72.5859	73.236	66.9857	5.13295	58.5088	52.4642	20.5479	27.5639	29.3752	36.3193	44.7312	61.547	65.7914	57.0829	44.9391	42.1881	64.5179	67.4054	66.5679	63.5258	60.6942	50.1336	23.9213	42.2452	59.9492	43.7865	51.1892	58.4769	52.1493
9.13035	6.09859	6.75586	1.98614	4.51166	11.121	13.1713	8.5875	8.07548	8.2277	8.22774	9.07222	10.2888	10.533	11.8077	13.2677	12.8956	14.2009	22.4417	24.0877	15.8431	8.08283	6.66478	15.2926	17.2528	13.0429	9.32879	9.71592	10.3562	7.69216	5.14687	2.75324	4.06155	4.72995	4.79629	4.63026	4.34845	4.10594	4.29614	4.66586	5.00491	5.1587	5.65547	5.91442	5.90426	6.81974	6.40001	6.0569	6.14276	6.01975	5.78124	5.65547	5.78384	5.8354	5.59414	5.20795	5.30509	5.39765	5.51858	5.45572	4.55147	10.5478	5.54274	2.33671	5.54002	7.077	11.6857	13.1555	14.2078	14.6626	16.2541	20.4414	25.3364	22.4231	24.2661	27.099	16.6635	8.77875	8.48357	9.38354	5.22514	1.40468	6.4833	6.53377	4.79605	12.3532	13.664	7.71703	5.29634	5.77347	11.9826	10.9973	8.22239	7.35708	9.88276	10.8485	7.08302	9.34927	8.81741	9.39584	10.626	7.60676	6.51308	5.91412	5.73413	6.24876	12.681	13.7127	13.1296	13.0558	9.10579	9.85901	15.5983	18.3733	17.3135	20.6795	31.9812	28.5522	29.6169	10.5605	9.12547	9.49682	17.7443	14.732	21.4232	45.1526	54.3498	22.5562	49.8763	27.9236	28.9186	17.7773	2.49359	19.4476	18.4305	31.1091	28.9481	55.1873	62.2609	69.229	30.1125	48.7805	58.2074	67.4252	68.4527	65.1003	57.609	48.1864	33.7294	23.9791	10.3269	4.74582	5.90656	6.28915	7.59898	11.5976	9.01341	7.66894	19.0894	20.4027	13.4738	12.0869	27.5636	36.8044	26.0157	16.2589	17.0703	24.0983	31.9764	21.4983	17.0766	29.8069	42.8656	26.5622	10.713	24.7256	16.2906	14.8894	4.45434	15.2808	27.4433	26.0939	20.8477	29.0507	31.2522	38.6825	54.9786	60.5271	59.1919	55.7261	53.8278	44.9032	34.1739	43.4241	48.8669	46.9244	22.545	35.2768	35.5787	35.4748	44.603	13.3476	35.25	15.3485	23.0215	24.8848	36.4482	42.3682	39.5969	34.3966	19.1435	21.1825	30.6566	25.7552	19.9625	16.238	16.0381	21.8127	28.7457	33.6791	55.4544	68.6362	25.2685	64.8083	71.1498	51.3351	46.377	62.7246	65.6389	69.9205	59.039	25.3633	55.153	44.2336	16.2008	21.7194	26.8174	30.369	54.3579	63.1633	60.3265	59.2994	51.822	49.3317	61.6672	60.6823	57.7128	60.5856	57.6162	43.9672	25.1031	38.6026	57.2608	58.9268	34.5539	42.2246
7.6218	9.65601	7.96548	2.44427	4.59394	9.53432	12.1895	9.65653	8.00484	8.06186	7.59861	8.14755	8.8765	8.64817	10.1955	10.8798	10.1211	11.5622	19.4488	24.0027	22.1421	17.8191	7.44277	8.58801	14.7375	15.0421	14.2859	13.2865	11.2681	8.48289	8.3125	6.9702	5.60137	3.49804	4.182	4.34807	4.21073	4.34807	4.44401	4.43381	4.56431	4.68154	5.31877	5.80403	5.54252	6.45745	5.99421	5.55058	5.167	5.28477	5.15826	5.2848	5.42769	5.31877	5.21615	5.2075	5.28477	5.25345	5.93916	5.42769	6.43878	9.8818	8.68386	6.45721	8.98829	12.3842	7.36864	11.6304	12.7193	12.8967	12.7239	13.1706	16.7825	21.253	24.7159	24.0857	12.3926	8.10729	10.7805	7.56304	2.42565	3.90962	7.1262	3.49809	5.38879	13.2129	15.5652	12.7193	12.7081	9.68947	4.53442	12.5178	15.6267	14.3971	8.51784	4.26389	9.19681	9.30133	13.1838	14.977	9.34807	2.85548	6.7467	11.0695	10.0562	9.49774	12.5174	11.5372	12.6707	14.3962	9.30101	10.5154	15.0575	16.9515	16.1457	19.5503	27.6477	27.6356	20.8446	10.9791	10.0272	12.12	20.6174	17.405	25.2842	51.2434	52.3917	25.271	52.0157	47.5184	33.7445	18.8206	4.87038	27.2176	18.3058	32.6408	23.6953	53.5458	60.8352	66.5988	37.8245	10.7839	55.1204	61.6932	66.1782	67.5029	55.7154	48.862	38.1591	27.8491	10.4544	5.25345	5.9061	7.40244	8.26426	9.64845	8.58801	14.2854	18.9206	12.2693	19.8963	21.4755	33.1663	32.4332	5.42732	2.89775	27.4188	34.0324	32.258	25.5054	24.6211	34.738	33.6894	16.6724	21.1484	18.8945	17.4214	18.5681	14.0284	25.6247	26.5567	16.776	21.9449	28.2534	38.9364	29.837	29.1346	42.8079	52.1583	60.9024	58.829	56.7853	45.7568	53.765	52.9399	57.97	36.9723	26.4365	31.419	29.7587	38.8177	40.5464	37.6239	41.32	11.3056	13.7121	24.6673	26.286	28.9664	33.1897	29.0961	12.2693	29.1275	24.04	19.1658	12.9725	21.9584	22.1248	28.529	30.0203	46.9004	65.474	57.4441	15.8973	67.2621	71.2452	48.4626	37.687	61.7023	69.5028	69.1229	63.0248	35.717	40.6253	25.7197	16.1357	20.2149	26.0889	49.7949	60.8019	61.5031	62.482	68.735	56.527	53.5284	61.1676	58.684	59.7598	58.5766	51.4998	47.7284	33.6568	29.9452	41.2992	48.0766	40.9881
6.06297	12.2033	8.82894	4.86685	4.63907	7.62304	10.0392	9.19574	6.8707	7.28678	8.2638	8.18476	8.92191	8.56001	8.99238	9.67809	9.30042	10.4634	15.1587	18.3969	19.2965	21.2099	19.5172	8.03177	5.73058	14.4931	19.2654	19.1445	14.8347	8.39114	6.87058	7.7998	10.2839	7.41572	3.36124	4.2103	4.4874	4.72906	4.34763	3.89011	3.96688	4.77331	5.0518	5.11094	5.013	6.28577	6.16336	5.71235	5.16647	5.43815	5.25292	5.28426	5.29561	5.05182	5.21562	5.28424	4.89774	4.68109	4.79539	5.06663	7.63855	8.53759	8.75389	15.0339	5.13145	20.837	10.1198	6.36378	11.0619	12.0529	11.162	10.7181	12.3238	16.9347	19.1951	15.7924	7.65218	9.23382	11.0185	5.52008	1.32672	4.39911	6.64797	4.66498	3.71946	9.53328	10.9778	9.95318	11.6846	13.348	14.0774	7.63839	1.79332	1.40448	5.28402	6.06311	5.986	8.13561	11.6658	15.3905	13.8376	8.11052	8.30662	11.0358	10.0335	9.89893	12.3511	12.25	13.076	11.181	11.8939	12.689	16.9174	15.1613	12.5255	14.835	16.2427	15.8946	13.5878	11.9994	6.52132	13.3413	19.5742	18.473	29.0461	53.0828	52.1913	29.6012	47.095	58.3504	41.8456	20.9531	6.19469	35.254	27.1423	38.9718	19.8741	47.3448	59.4206	66.3284	45.2446	31.2884	53.7077	52.2006	55.4059	69.2957	54.2891	47.058	43.4677	32.4881	10.104	3.36124	5.22412	8.72172	9.76064	9.31439	7.52895	12.5022	17.2986	11.384	8.98599	18.6022	27.7981	22.2944	10.7865	17.6007	32.8716	29.73	16.0556	15.8679	33.9535	43.8978	39.001	27.8857	28.3639	10.2531	12.7369	20.6511	16.2353	17.3304	22.5783	19.4471	19.586	20.2334	32.9441	38.021	38.0025	37.589	37.1769	53.0162	51.1553	59.1638	53.64	53.9537	47.8489	63.4335	48.6149	15.704	27.9967	33.1764	28.592	53.1726	25.6843	45.282	27.8528	38.7461	42.2988	40.2445	30.4147	22.3101	39.0949	20.8281	28.9861	26.5006	21.2557	18.5976	27.3986	19.4627	28.9258	23.8022	30.9224	54.6596	63.1756	60.3561	30.5163	65.9678	65.3466	26.058	47.4489	64.5236	67.913	69.5903	66.8543	34.4146	28.2055	13.3821	7.14033	20.3841	43.9961	56.2378	59.3468	60.7986	72.3803	68.8834	21.4684	56.3156	59.3556	59.2792	57.3295	47.3885	45.4398	51.3374	47.7419	31.1811	28.0657	47.3653
4.35056	12.6459	9.43054	4.55012	3.65363	4.52029	6.97949	8.27873	4.4328	3.3789	5.74046	5.56019	6.45614	7.18936	6.5819	6.64728	5.56021	6.11408	10.3238	11.4297	10.5424	13.8616	16.9335	12.4876	7.1457	6.52993	13.8443	19.3587	17.2938	9.15619	4.59281	4.17745	11.23	11.9583	3.42753	2.03093	2.53505	2.41896	2.09701	1.87577	2.46229	4.01549	2.9642	2.42519	2.42519	4.51354	4.46999	3.48009	2.61156	3.25124	3.11354	2.83386	2.58828	2.61156	3.08424	2.75258	2.36833	2.49289	1.85139	2.61147	5.28357	5.74046	7.2408	17.4019	10.9818	17.7816	20.3431	3.90892	6.42842	7.45113	6.76514	5.79506	5.83635	8.24868	9.33091	6.96889	4.26308	9.49545	8.5158	2.46229	0.696841	2.959	3.97395	3.34726	4.9215	7.10816	6.97298	5.82318	7.89691	9.1226	15.0839	11.9549	7.23916	7.723	9.33091	4.3019	11.7504	11.2044	5.72733	7.47885	13.2458	8.00334	4.68069	6.8417	5.75355	5.96556	13.6139	19.0054	9.01083	4.36092	6.98818	8.65152	16.5251	12.9432	7.13975	9.51252	8.81494	9.1949	7.35504	8.5314	8.32134	13.9016	16.3141	17.96	31.6182	52.3697	54.1635	38.0054	35.7	59.8601	47.1617	24.2266	8.64446	39.176	29.3444	35.6535	12.4709	37.1926	56.0449	68.416	55.0227	31.774	49.4388	47.1353	54.283	67.7741	52.3347	46.2332	47.4593	35.8072	10.1187	0.938091	4.6804	9.29916	9.7416	5.11023	4.27714	11.3029	13.2466	15.0627	13.5911	12.2802	21.7223	21.133	22.348	21.354	19.6071	19.124	8.66009	14.7658	34.745	35.0886	14.3903	12.0207	21.325	8.82164	10.6885	27.5378	15.1505	6.51845	27.4521	27.4077	18.7547	15.3948	23.8798	29.2789	27.4848	27.4175	52.7323	58.5013	29.8672	45.3465	52.9773	50.2113	39.9111	62.7445	53.8329	24.1029	19.3541	34.7152	35.4594	57.186	36.7737	38.9486	16.7376	36.903	35.2163	34.8485	29.9771	13.7748	39.1108	23.9182	19.9289	21.2811	12.5563	25.2604	33.4886	18.5877	28.7015	13.6972	18.3026	28.6034	51.8018	56.0221	39.4784	51.0719	65.4347	44.1413	15.1512	49.6301	49.9084	52.3434	64.647	58.1269	2.71925	16.3926	8.54166	11.7413	32.2647	45.8762	54.054	56.7609	72.8208	72.445	33.3173	37.5877	51.1027	55.7245	56.2361	35.4306	30.2398	48.8763	49.7356	41.6862	31.8278	14.4913
2.26345	11.153	10.4861	5.27468	2.10399	2.58788	5.05064	8.69978	5.21454	3.45372	5.39548	5.55969	6.4763	7.72958	7.10556	6.50158	5.23752	5.39551	9.39245	9.87765	8.31022	11.8867	14.514	16.6291	13.8793	0.718208	9.05716	19.2446	19.545	10.1021	5.65576	3.56962	9.88488	12.8452	5.54065	1.57706	2.44357	2.03073	2.09679	2.27018	2.61702	4.13348	2.80666	2.33592	2.81211	4.60228	4.30138	3.15174	2.18174	2.70238	2.65153	2.46214	2.71915	2.99443	2.65153	2.03816	2.15377	2.46209	2.34241	3.1994	4.69294	5.72682	8.253	17.994	15.1856	13.1631	23.4548	10.8379	2.09675	7.02347	5.85605	5.1334	6.05463	6.59274	6.90171	4.17708	3.20874	9.93783	7.45027	1.23162	0.550868	2.58788	3.09848	5.18264	6.6039	6.15477	7.51373	6.2702	6.44621	7.49394	11.4474	9.11542	7.96372	8.72041	6.13311	3.28317	12.7465	9.01006	4.45622	4.94564	10.2054	9.83349	6.31545	5.74765	3.84247	5.21441	16.6282	18.9136	6.07422	5.3509	5.45066	6.2582	13.6096	12.0527	7.66816	9.83337	9.87936	8.15433	1.57708	9.65339	8.69971	12.8452	15.4304	17.2153	30.8309	50.514	55.0057	47.8291	33.1203	62.9398	55.1835	29.1346	8.48033	38.1118	33.3925	25.3564	19.6791	24.3476	55.9549	70.0186	57.4376	27.268	45.8434	40.9499	48.8451	64.7376	54.4324	49.1232	49.3635	37.3638	10.3747	2.58798	5.65315	11.4486	11.2521	5.04182	7.44056	13.9309	13.7566	17.2521	20.5735	21.8763	26.3068	24.0321	21.514	13.7167	10.1755	12.9169	9.83353	29.7889	43.4786	30.6392	10.7834	8.30507	24.8831	18.5499	12.9819	31.1098	15.6285	12.6272	36.9053	40.7654	30.0452	26.4468	32.985	35.3631	37.3023	44.6819	55.1667	60.8749	38.7739	44.2135	54.2835	50.8965	45.0317	62.3614	58.6164	35.5775	13.5468	20.4734	29.3442	58.0696	42.3693	31.7096	15.318	33.864	27.2746	30.2107	30.6417	27.8948	29.356	30.6952	9.9264	22.2221	9.34394	28.358	35.3899	22.4584	23.9069	9.05274	22.9358	18.9948	42.8275	47.9045	41.7409	38.2856	62.869	48.3395	28.428	24.728	42.3047	47.7188	63.7062	67.2498	31.5488	27.0293	19.5226	16.697	27.9322	39.0705	47.5116	52.284	72.385	73.3066	53.1649	22.0404	36.6107	55.0621	59.089	44.4121	41.2952	50.0602	49.3039	44.7473	37.5149	22.7041
3.37827	9.21072	13.8381	10.8641	7.30308	5.48324	5.49148	9.39941	6.93778	6.02444	7.23564	7.47768	8.13898	8.81999	9.39958	9.38093	8.67054	8.8584	11.2245	12.1099	11.2207	13.4077	16.3809	22.8368	21.2134	7.8432	6.103	15.8006	18.2025	14.7663	12.6966	8.84646	8.81306	11.4526	8.69219	4.04462	3.58618	4.12233	4.8066	4.67661	4.20555	4.6925	4.1875	4.18762	5.21419	5.82232	5.08586	4.43208	4.20555	4.67981	4.67981	4.54945	4.9695	5.18246	4.79408	4.20915	3.96962	4.13327	4.77207	5.69508	6.69318	7.96832	10.3653	17.9132	17.1536	7.60315	18.9388	17.1567	7.21271	10.5556	9.34344	8.79858	9.39201	8.3539	9.19319	9.36228	10.182	11.0103	6.86863	1.49811	1.48788	4.37732	3.17537	4.92057	6.43861	7.23731	9.57037	4.57234	4.30437	7.0712	7.89363	9.27432	11.9569	11.7941	8.81999	10.7469	7.84283	5.3923	8.77513	8.45216	10.8547	13.389	13.7557	12.0496	8.20596	9.49683	18.3964	13.6826	10.6963	10.6865	8.80647	7.2844	10.117	11.3507	12.0498	13.5842	13.7722	11.447	9.88414	9.29755	8.91944	15.2306	17.9354	16.8719	29.6713	46.3289	52.4545	60.1626	41.8269	66.5746	65.5015	41.15	6.45288	29.2557	38.6773	15.231	38.4871	19.4719	56.9732	70.8516	55.8037	24.8186	46.9625	51.2863	46.992	56.3566	55.6456	54.3953	54.5731	40.9464	13.2137	7.62698	7.79189	15.7624	16.2235	11.6273	14.6076	19.1974	18.9264	24.3868	30.405	38.0011	40.0715	32.6631	26.0523	21.0405	19.4638	27.6316	33.7265	39.8956	40.2712	5.18246	12.8661	15.9514	16.8006	18.3102	5.66835	30.6679	11.6633	20.5379	55.3046	61.8952	59.5637	54.7133	52.7196	51.6625	51.8907	57.8804	56.6966	54.6907	36.1927	46.8723	53.2059	58.8958	55.3014	64.4444	63.2774	46.389	30.5662	20.9106	19.4148	56.6301	48.2657	21.6224	20.9269	29.7861	35.9458	41.0455	35.3804	41.0259	28.3764	34.7311	19.8835	31.9072	22.0331	30.9509	33.0053	21.2112	13.9989	26.6502	34.5271	32.972	38.1619	37.5822	36.3655	25.8179	50.4547	60.2508	61.1794	42.0162	13.2565	45.9805	64.3296	73.2368	57.9391	35.4064	32.5072	27.5999	34.7369	43.4241	42.6006	51.5909	71.4943	73.3431	66.1602	57.0863	21.5401	49.4354	63.7279	59.7677	56.0452	57.0346	54.3386	53.2193	50.2187	38.688
4.93868	7.14411	11.3321	12.3573	12.6486	11.9891	9.01688	9.52991	7.46112	8.20344	9.27337	9.25433	9.3111	9.97734	11.3663	11.8377	10.7761	10.8523	12.5526	13.0349	12.9445	14.55	16.3663	24.4912	28.8821	24.1648	17.3303	8.13276	10.5394	14.6516	14.0892	11.8472	12.5128	12.9145	9.87582	7.96204	7.37495	4.54875	4.23365	5.53718	5.80125	6.03615	5.60433	5.06475	5.66813	6.19975	5.87295	5.7102	5.66813	5.93632	6.25495	6.1393	6.21184	6.15387	6.37782	6.62548	6.2859	6.1344	6.43831	6.74358	7.97702	10.1163	13.1739	18.7157	21.32	19.1573	22.1948	22.7921	16.8004	13.619	13.2383	12.7459	13.8004	15.3012	15.1399	13.3095	11.7479	8.4321	1.25578	5.65219	7.36911	7.84991	8.73392	8.34603	2.36765	9.11846	11.9527	3.45289	3.35985	4.50892	6.51887	8.33013	4.51241	3.47911	9.87573	12.3683	5.06475	9.11399	10.3213	9.94963	7.97702	7.60664	10.387	12.2736	8.73356	8.25146	15.8858	15.3405	10.9066	11.0926	8.43001	8.53939	7.45504	10.8029	13.0978	13.2521	13.4203	13.2383	15.1423	12.7022	9.88335	16.7064	18.2335	14.8142	28.3535	39.9901	51.9251	64.8723	54.5188	60.4194	72.391	60.4923	19.1957	9.58329	36.6167	43.7178	14.5262	40.8975	54.7538	64.7427	64.4097	69.7061	71.3371	72.6041	71.9577	68.0944	61.6256	54.0389	57.9987	46.2562	21.2856	16.1749	13.8579	21.1305	21.8976	18.2048	22.8891	24.3187	31.9728	34.7999	27.3227	38.4924	47.8435	59.1446	63.7069	58.099	39.944	14.4414	13.6692	28.4803	40.9315	36.0902	14.9738	15.9547	33.3518	36.4948	26.9663	34.2537	22.6462	12.6841	59.6322	61.6437	52.7768	62.2772	63.3337	57.7437	53.3699	59.4552	59.9278	60.0149	56.4267	59.7873	63.3601	63.5854	49.2239	63.3735	60.516	53.1718	51.9295	51.4162	52.2466	55.4364	55.701	41.9163	39.4362	28.9714	51.0178	52.3927	46.6256	53.6509	60.2388	61.0046	53.9018	52.6086	45.9455	40.6431	31.6566	25.5404	32.0575	37.9081	38.7056	35.6925	26.1343	13.4659	31.3372	37.3668	16.0809	24.8098	54.3242	49.8968	32.3542	28.0021	36.9717	72.5223	68.4402	39.5011	38.2086	31.3782	37.2471	50.9958	50.3405	52.4051	69.2861	71.3096	66.6377	66.3525	60.8665	20.0435	48.105	56.7221	58.0061	64.7596	66.62	65.3319	63.4799	59.3941
4.91691	4.8678	5.67553	7.51197	9.79523	11.3804	10.8737	10.1727	8.30457	8.23863	8.6977	9.36037	8.43128	9.04859	9.55222	9.87666	10.1729	10.4059	11.7881	12.0272	12.2764	13.9034	14.199	18.8704	24.0893	25.6979	24.096	16.1632	2.33528	11.912	11.2682	10.2794	14.3472	16.7865	11.1138	8.04995	10.425	9.67334	4.80537	3.66876	5.15535	5.83413	5.38575	4.89547	5.06428	5.5582	5.65437	5.54745	5.29028	5.28182	5.8725	5.76973	5.8725	5.78009	5.91058	6.39596	6.37728	6.07023	5.90294	5.93582	7.21999	9.54452	12.1301	16.4802	19.9639	26.4233	30.1001	26.2635	16.4377	12.6766	13.6035	15.0939	14.8454	13.4726	10.7779	6.25441	1.94639	2.36734	5.76948	7.97609	7.61184	9.17883	9.76384	8.13226	7.57276	3.43062	12.0269	10.1152	3.43062	4.61744	9.33556	8.81023	9.94822	8.22203	5.55802	7.82629	7.5435	8.04269	6.19193	6.06987	7.0172	5.45206	3.63148	9.90565	11.3383	9.64346	12.4181	13.5191	15.2685	12.9515	7.23402	8.64323	9.83095	10.7214	10.8353	11.0046	10.8886	11.3307	13.3097	8.73269	8.80976	17.8646	18.0097	13.4225	22.4852	31.2832	57.4029	64.787	60.5728	38.6152	72.8452	70.4413	32.8677	10.1669	15.7104	48.1855	38.5261	8.2671	41.8935	40.5358	66.1457	70.3364	70.0486	70.2118	70.6507	69.8685	67.2359	62.0968	57.2542	43.3172	16.6345	14.6731	15.3565	25.2716	29.201	30.2414	31.4007	29.1522	32.9199	25.7404	19.0143	37.273	56.4817	61.7653	58.9118	57.6448	45.9823	24.2909	36.1711	42.57	41.4019	34.4657	34.367	38.435	35.5652	21.2412	27.9602	23.4721	16.1609	16.0813	58.2378	63.4212	45.1926	28.7147	19.3165	22.4784	38.7278	55.138	57.5713	59.5995	64.9262	68.5529	71.123	62.0652	26.8283	60.5664	49.1169	54.0023	54.5508	55.916	59.9667	61.5594	62.0101	48.8796	48.8504	27.0002	54.0779	44.7598	23.2515	44.7794	57.0845	55.1065	44.7096	45.2517	43.7011	43.6477	34.4714	32.5169	30.5161	35.7583	35.0472	25.8827	17.5911	14.7735	27.2026	39.0701	50.8377	52.1189	54.2576	22.7601	45.1013	54.1765	28.4567	65.3493	68.7495	54.6494	33.7104	37.049	29.6651	48.6133	50.227	47.7038	64.6605	67.9638	63.2219	65.3948	64.1419	55.5203	37.6913	41.0535	25.9811	43.5406	61.3465	66.2856	65.893	64.1413
3.03837	2.50988	2.66188	2.58701	3.41722	6.76856	9.82823	10.6999	8.96138	5.8719	5.40731	6.97625	5.45153	5.45153	6.42536	6.268	7.14273	7.10306	8.17463	7.78973	7.2377	8.26629	8.34614	11.3425	13.8948	14.9775	19.048	24.2309	16.3142	8.83744	5.1431	12.6013	17.7112	20.5663	13.3511	7.61681	9.81473	11.3588	8.80909	5.92992	3.09731	3.13614	2.97807	3.00333	3.51729	4.34506	4.18631	3.71742	3.5472	3.09747	3.52164	3.56845	3.19348	2.71813	3.26824	3.8175	3.94182	3.8175	3.79768	3.58529	4.00249	6.49925	8.70181	11.915	16.5994	22.8767	18.1983	8.8923	3.13614	6.39733	2.03739	3.20748	0.887863	1.8505	4.27533	6.15267	7.43785	6.98498	5.38234	5.72982	6.21759	9.39681	8.20362	5.72997	5.39062	3.3004	3.9071	12.7655	10.9338	11.9066	7.83535	7.74959	12.4005	10.6453	2.46121	6.2847	6.41858	3.90723	6.41826	10.1943	12.3489	10.7121	9.54374	5.72735	7.47726	5.55745	8.2033	10.8498	13.6911	11.9828	7.63432	7.51708	4.60064	4.89174	9.33442	9.42657	10.0988	15.5872	17.4742	11.6818	10.1674	16.3693	16.7486	13.2268	16.3069	19.432	58.0801	65.2635	61.5752	53.4496	66.7303	73.5095	46.8019	19.4074	4.89183	39.2291	41.7863	31.3159	47.2633	47.8343	53.807	36.4797	42.6206	43.5969	44.8561	46.8068	44.9366	42.645	40.7001	26.9206	8.14571	15.5057	23.0475	40.144	46.4433	44.7205	42.3317	38.6635	25.2364	22.1573	38.8452	47.9224	53.8093	56.6675	46.6063	58.2485	53.9624	34.7768	22.927	19.9151	32.5007	36.733	39.5366	27.9454	17.4404	38.575	39.4302	36.0664	37.474	35.7553	49.9497	54.5739	42.4565	52.3037	52.5088	39.5484	42.8676	52.6457	53.7558	49.8275	56.2725	55.3077	67.0415	64.1627	56.7176	53.1142	46.5329	49.4479	47.4763	44.6743	47.9633	57.5562	56.8254	38.502	46.1993	22.7008	46.1892	40.81	28.2783	39.6332	38.565	15.2266	48.7752	45.1788	34.2983	38.3162	40.3353	33.3253	22.0017	27.8648	15.7864	5.54671	16.4923	23.5288	28.6549	26.2864	33.9799	41.9739	14.5303	49.685	51.1763	52.262	50.8598	47.2119	63.5694	54.0712	45.4765	33.6611	12.6347	23.3686	35.0973	42.3604	60.292	64.2459	58.4908	63.4648	62.9739	60.1492	62.3488	61.8637	56.7133	47.4471	16.6626	55.685	58.0415	57.3613
2.11732	1.85034	2.32181	2.42382	2.49148	4.17509	6.64371	8.96706	9.17712	7.34682	6.4178	6.96507	6.66833	5.57861	6.32899	6.37602	5.93461	6.64359	7.06658	6.66833	7.05215	8.01356	8.17945	10.0891	11.4939	11.1742	13.2729	20.6634	21.8132	15.3313	9.48888	8.19891	13.6686	23.3398	15.7821	8.92247	9.64884	9.52701	8.15746	8.05557	6.25291	4.05793	2.97775	3.15029	3.8289	4.86364	4.39974	3.63093	3.37693	3.04308	3.56815	3.82901	3.32294	2.83226	3.08249	3.30011	3.32294	3.37699	3.46515	3.13593	3.34106	5.35966	7.71082	9.05345	13.9941	11.7749	3.49983	3.52114	11.1855	16.6344	16.298	15.7775	9.27087	4.96763	4.72592	6.28165	7.47488	6.82944	5.2495	6.42476	8.26526	12.63	8.95727	10.8863	8.17397	5.74783	5.69294	2.99285	6.37602	5.28071	4.07275	9.28924	9.59115	10.4022	9.15167	8.67586	7.28206	3.4954	7.35054	10.8806	13.3517	8.96011	9.30401	14.9171	19.0252	18.7057	18.0947	16.091	11.1856	5.79928	5.72429	7.15433	9.11579	11.8232	12.3837	10.7112	9.12278	10.0844	12.4451	10.3179	9.1495	14.1326	14.4524	10.2459	15.0174	20.8206	54.4328	67.2057	60.9919	56.4402	52.6809	73.1972	58.0644	28.9507	8.98132	32.544	35.227	21.9186	32.3392	46.0093	42.6208	22.8116	27.1594	31.3098	30.953	30.9413	30.6689	25.0028	17.7096	10.5365	13.3327	25.6612	36.7575	57.1425	62.9885	61.0534	58.166	54.7735	50.3522	33.52	38.5131	37.5584	19.4907	48.1352	60.1622	58.1985	49.6991	36.0152	27.9336	18.0073	21.9974	10.9034	15.4665	31.3162	31.2726	31.6738	32.1946	24.2012	17.3062	15.7249	41.5577	48.9436	28.1714	23.4041	26.0293	31.4571	46.9823	53.8149	56.7672	54.4751	61.9221	52.7194	50.1946	62.7737	63.9573	51.6418	47.3179	46.4408	45.5287	41.3949	42.0146	52.3051	29.6207	42.9057	33.74	32.734	43.377	47.9334	42.7845	40.5255	43.1602	22.6888	52.6232	54.1761	54.0919	55.5535	50.8597	40.9188	32.0303	25.5196	6.07382	19.4612	21.4512	20.0694	29.1945	31.0096	15.2801	10.7045	48.2363	56.5718	35.6927	51.8891	60.8449	7.8795	58.0766	48.5977	49.276	33.1398	8.5803	15.7194	22.3287	37.1262	59.5159	63.2492	55.4307	61.0834	61.4783	63.1274	59.1698	42.2894	17.6027	46.266	37.0339	31.9522	43.7171	49.7334
1.6047	0.627729	1.25531	2.33459	2.91602	3.51661	3.92184	5.10992	6.9494	8.29838	7.46214	6.28101	6.90417	3.99785	5.04799	6.2668	5.92133	7.1536	7.15372	7.5098	7.43446	7.93866	7.99805	9.78487	10.8068	10.4237	11.133	14.5598	17.6266	17.5478	18.3315	18.7977	5.48891	19.7358	19.8562	10.5791	11.4421	9.51374	5.45023	6.68974	8.07492	7.97362	4.91518	3.54651	4.17106	4.71895	4.01291	3.35869	3.24906	3.19758	3.47788	3.82862	3.94107	3.81285	3.49947	2.91602	2.473	2.89526	3.29977	3.35869	3.04277	3.20704	5.7679	6.81999	8.81078	2.10279	2.80504	13.1592	25.5116	27.687	22.603	20.0064	13.057	5.90122	4.26035	5.25446	5.89084	4.90322	7.06829	10.0737	10.7786	13.4305	7.27502	9.18872	9.16328	7.01554	6.39642	5.65004	4.35814	5.31423	5.03894	7.22566	6.47714	7.10159	3.08218	1.57615	4.61589	6.75829	6.75829	10.5995	13.6976	11.6411	8.34429	11.1355	12.4341	8.95636	6.75846	5.82954	3.34508	4.24274	5.44783	9.25061	14.5593	11.9482	8.04763	11.9907	13.6728	16.1867	19.5605	19.5471	19.1347	22.5863	22.7158	20.3041	22.3601	23.8467	50.7908	70.1932	61.1074	46.7233	33.7318	68.5444	65.3135	43.4791	14.0667	24.5417	28.5455	16.021	28.3404	34.408	23.0555	13.1447	12.4114	16.522	18.2598	19.3276	18.5601	15.2066	5.74964	6.47251	19.4121	32.4775	40.4041	60.8961	59.089	30.0872	30.4007	42.7041	56.1429	48.9712	22.3573	51.5653	41.8034	50.8759	53.3608	51.6138	44.3695	36.1306	23.4793	27.9299	33.6666	20.4147	16.3136	22.435	25.7214	33.7312	36.2459	32.1727	32.732	36.3658	49.7658	47.1984	27.3216	34.1669	44.8181	46.4095	42.53	45.8625	61.6665	59.4713	60.2943	50.3574	30.626	57.8144	58.4891	48.8035	47.643	48.1896	46.3544	40.0399	36.4426	43.4043	1.48716	39.9269	32.115	39.271	41.91	55.0725	52.8202	55.7129	53.3929	41.7926	51.3234	58.8831	60.8243	60.1033	59.7144	53.7849	44.4014	24.2903	22.2467	26.6949	25.0394	28.5221	30.0493	26.909	19.0847	11.6856	54.7231	56.9725	31.2856	52.0709	65.198	33.6215	49.9537	34.1209	35.2926	34.3584	30.1009	33.2029	31.8961	14.6543	57.1056	59.2159	54.3061	62.7079	64.0181	61.6498	55.5374	54.5079	58.6188	47.5743	13.2463	43.1577	31.6123	29.4488
1.64191	0.246199	1.56638	1.88239	2.42333	3.17354	3.17354	3.48178	4.76922	7.83294	8.72124	8.10534	9.94465	5.27117	4.79129	6.47209	6.41423	6.75782	6.6938	6.75795	6.09969	6.69596	6.8193	8.47506	9.44391	8.34373	9.17367	11.3	12.5637	14.2651	17.7544	20.7382	19.2196	9.7434	19.5799	12.4919	13.6965	10.946	5.58809	5.34721	5.66518	9.28592	7.40942	3.13523	3.8399	4.25985	3.6673	3.24874	3.35836	3.13529	2.95689	3.07701	3.20671	3.32226	3.23482	2.50915	2.33436	2.87926	3.6302	3.90609	2.75049	1.88239	4.2067	6.47215	4.01252	4.58608	11.3507	25.9893	34.0221	27.0755	22.0012	21.153	13.8675	7.49315	6.41434	7.97317	7.56984	5.43623	4.72497	7.37144	8.21544	10.8774	5.73611	6.79291	8.02297	7.45164	7.21717	8.13985	7.50905	6.1315	2.95689	6.83426	4.97248	4.23148	5.83164	5.62028	9.87869	12.5048	10.1418	12.6681	13.975	10.7343	8.63802	6.8992	7.44352	7.39571	6.91668	7.43563	6.36539	4.86589	3.48176	6.58821	15.0803	11.9831	11.86	16.2949	17.4218	17.3464	19.8907	20.1674	23.6898	28.2423	28.0821	22.8682	20.2239	20.0232	45.7624	71.8739	62.2656	37.7552	46.435	50.1158	67.7345	55.4042	23.4884	15.844	25.1418	23.222	29.8722	21.6111	9.20564	7.1032	6.74036	8.16168	9.25007	9.19133	12.6716	18.3498	14.5157	8.47515	21.3571	32.616	43.025	59.5537	57.7635	52.9898	52.2682	51.9586	23.179	61.629	47.8938	50.1166	39.4549	44.6797	38.1008	37.9931	31.2219	15.7102	9.90782	28.4596	36.463	27.2143	20.9706	21.1153	23.3028	33.2767	37.7064	33.8094	46.0297	52.5116	59.4025	57.2819	44.1441	26.4134	46.7344	37.9925	34.9731	43.0216	59.9226	60.2699	59.9472	50.8553	30.8166	53.6949	56.0866	55.6731	58.122	58.2283	54.7462	46.2134	42.0039	40.7043	28.0023	41.2052	50.4636	47.6215	41.2011	57.8682	51.7851	52.4987	53.4324	52.9715	57.5612	61.3315	61.6497	61.6199	61.0111	54.7814	45.9182	28.7696	30.2454	30.0342	25.6974	21.1956	19.4689	17.8585	7.84401	17.1031	47.1127	60.308	35.3938	47.1523	66.4986	55.8464	32.6432	39.4085	29.4087	24.7591	45.8342	51.4037	7.54645	21.7863	47.6248	49.4865	50.4702	58.1494	48.3695	62.2127	66.4518	47.9117	41.4584	11.0379	46.856	39.1076	28.0201	16.3953
1.88211	2.26841	3.08159	2.18009	1.81676	2.26839	2.46017	2.61503	3.11087	5.38871	8.13912	9.38885	12.6806	9.12808	5.179	5.76673	5.76673	5.76682	5.32443	5.38304	4.56938	5.97308	7.34688	8.14822	8.9839	7.26763	8.4413	10.6959	11.0582	11.5144	14.563	17.3146	22.1281	15.9422	11.4602	11.4188	17.6439	13.6951	7.10629	5.74325	5.64883	7.83193	7.34842	3.33986	3.66686	4.39491	3.83953	3.32188	2.80998	2.91547	3.03721	2.95154	3.07674	2.96175	2.85268	3.20643	3.28084	3.19698	3.03718	2.63231	2.72264	3.5203	4.89001	4.27371	2.0879	9.26768	17.7493	27.7659	28.1974	11.6835	18.3916	23.0394	14.8201	7.27978	7.3063	8.40974	8.52451	6.63523	3.61745	5.39122	6.98194	10.5359	6.64167	7.1835	8.03887	8.82277	10.8782	12.1621	7.83243	4.67665	5.27926	9.35583	5.47959	1.94543	6.73933	6.97135	12.3061	11.8587	8.53495	9.63867	9.56096	7.73702	7.49234	7.93536	9.04431	8.75581	6.72861	6.27983	5.22193	4.42901	4.86533	5.60094	10.7291	9.33729	14.395	12.0218	11.0675	10.5777	15.3336	13.0819	14.6941	19.5786	21.1038	16.3341	15.8471	15.814	37.0222	70.2148	66.4701	31.6061	35.0356	11.9022	65.5961	60.2656	36.3081	5.42466	17.4253	15.5856	19.4057	12.518	5.88992	5.24798	4.79088	4.79088	4.7436	4.1739	7.81512	13.3875	12.8055	10.1107	19.3729	29.433	43.4491	53.8329	52.059	45.9417	43.5637	59.6823	49.8933	62.7713	62.1593	39.5202	27.8519	41.0158	31.7079	22.9715	19.5949	15.0504	11.1511	16.6171	29.9954	29.1671	23.1972	19.0788	17.3701	21.7726	28.6061	35.9766	47.79	54.7277	64.9096	55.6188	54.5446	41.0004	44.9198	38.9173	16.0885	42.5876	61.5627	63.4812	62.8726	59.4542	49.9096	59.3157	60.9262	60.7115	61.5225	62.6776	61.1309	55.9966	54.8364	49.6229	42.6129	50.2923	55.3362	53.7413	43.9869	56.4925	48.4634	43.5468	46.9861	51.5148	56.2651	60.4923	61.6081	61.9017	58.4203	51.2482	47.5836	37.2772	36.2027	33.9077	31.1337	25.882	16.5933	24.5218	18.0114	19.1552	33.7693	58.4916	51.7351	24.1053	63.108	65.9141	23.1751	47.7533	42.1246	28.1073	44.7828	55.3884	33.1889	25.3976	36.2071	38.2774	38.5637	50.8478	56.1048	62.5172	63.1324	57.6584	58.6906	55.3207	62.7123	45.9789	48.9648	35.0333
2.47228	5.10846	3.5836	2.8097	2.49051	2.44146	2.45998	3.04189	3.37566	3.41558	4.34643	4.56894	9.08036	8.97821	5.9323	6.27916	5.74809	5.86905	5.93729	5.95981	4.93539	7.22406	8.02346	8.57692	9.49142	7.9662	8.12753	9.01733	9.30497	9.49925	11.0245	13.1923	18.7063	16.9719	10.984	4.51933	17.3425	15.9911	8.01028	8.15457	8.66383	8.55105	7.90457	6.13015	5.59505	5.0463	3.42429	2.66055	1.94524	2.61478	2.86819	2.70568	2.70568	2.85239	3.28051	3.61708	3.07642	2.26155	1.77445	2.26817	3.26667	4.52938	3.79586	1.49695	4.0564	12.1382	18.3741	24.4008	23.2119	10.7713	10.9401	23.3148	18.9373	6.93669	6.75875	8.46816	8.80509	7.78431	6.81803	4.73991	5.86881	11.6515	9.29052	6.25079	8.50817	8.60615	9.27205	10.6637	7.96235	4.35678	1.79144	5.90685	3.88589	5.51179	10.3424	10.5201	9.64525	6.63203	4.34298	5.58704	6.75877	9.72829	9.13838	7.39433	6.76543	7.62094	6.86345	5.62968	8.53541	5.35735	0.887436	5.3909	9.38479	14.0567	15.2056	11.0142	9.39267	11.3018	16.0222	13.9238	11.3779	16.1312	16.211	11.2055	15.0298	14.0202	27.3044	64.1017	68.786	32.7873	28.0054	27.0523	59.2414	60.7971	46.7172	9.15247	11.0454	13.8896	15.1326	9.39237	4.46587	4.43892	4.07142	3.04189	3.17289	3.9702	3.4155	3.65428	5.14054	8.09452	14.1866	23.2858	37.5188	47.1667	42.7068	37.8728	43.7861	50.629	43.9649	63.4162	63.2288	36.8006	30.747	44.4002	31.019	19.4147	20.2131	26.2017	19.184	20.1564	23.9186	27.4815	35.5689	31.9498	30.5835	40.4706	42.7128	33.7678	33.1463	47.2428	69.413	64.2036	29.11	50.3203	41.7831	39.8267	26.9405	47.9963	67.505	67.4219	64.5038	63.4643	56.0113	60.5842	60.6565	56.3812	52.0646	57.0006	62.0207	61.7096	60.0609	53.2993	42.512	53.0187	52.5043	55.5132	45.7079	54.0563	55.0759	54.3005	54.18	51.4635	52.2814	52.0356	54.4193	65.8864	62.3825	48.6102	47.7182	39.3393	38.1732	37.0966	25.9653	24.1699	31.8445	32.13	24.0154	14.9007	24.9234	50.116	55.9784	29.5276	47.9411	67.6775	54.4638	30.1767	42.243	24.4752	58.1832	59.1184	36.9738	9.82532	35.628	29.0702	26.6296	45.0922	55.8929	64.2644	62.0616	65.73	70.564	69.1633	62.0881	43.6536	55.2128	43.8566
9.79778	6.87607	3.51945	5.20671	6.97042	4.9167	1.26682	1.16734	1.8738	2.66029	3.19622	2.45971	5.61859	7.98384	8.75424	10.5524	11.1432	10.2756	10.6125	10.3976	10.1948	10.0006	9.58724	11.1289	11.5172	9.47083	9.54596	10.1089	10.5524	12.2684	14.6337	16.2513	19.3917	19.9579	16.4306	14.9214	15.4524	12.9997	5.44546	4.46532	6.79308	7.80413	8.1266	8.48121	8.85052	7.24754	3.88549	2.32063	2.44122	3.3076	3.20577	3.09571	3.56643	3.93194	4.00023	3.47657	3.28022	3.23393	4.19835	5.22119	4.51568	2.71659	1.23047	1.35897	5.44819	12.5019	15.3583	21.1663	22.7076	17.8741	6.68533	15.1356	24.7945	17.7407	9.64481	11.0024	13.2412	15.1727	18.0061	16.1178	11.2461	14.7989	16.1501	13.5606	15.1781	12.4149	7.11786	8.73864	8.02225	5.38192	2.09481	6.37728	7.07364	5.20671	6.59762	6.96575	4.44839	4.29727	6.65593	6.28319	3.75161	4.74247	4.04116	5.20081	6.51361	4.67558	6.25223	6.89718	7.43336	10.1305	14.8247	17.0189	18.5304	19.06	15.8449	13.9035	12.5028	11.2509	11.2339	4.91026	7.33503	13.0647	15.9938	13.4275	13.7855	13.3001	25.0979	53.1849	64.5133	55.8348	51.5273	50.2119	47.2609	56.5591	49.8281	25.9302	7.44143	12.0338	11.1431	6.47494	4.1297	3.42412	2.87846	2.78782	3.51945	3.81118	3.03652	2.83076	5.00703	6.63354	9.84607	17.3541	25.9984	42.4968	50.2071	48.5598	46.5917	53.3396	62.146	66.0207	58.9826	43.5388	44.5892	40.3788	18.3798	7.34742	23.661	38.8715	44.5199	42.9882	32.2798	46.753	50.9674	35.5908	16.5185	34.2076	39.4122	39.7827	42.5735	51.5546	64.3546	63.5431	48.5888	6.51134	43.154	57.953	63.0024	67.6815	69.4422	62.6491	57.3836	56.9327	33.5251	50.6302	63.006	65.6768	64.5483	64.6254	67.1827	68.937	66.7767	63.2772	52.6967	63.345	63.0864	64.7302	58.3169	62.401	66.5302	68.3435	71.1078	70.2579	64.7181	47.9112	49.051	66.6809	62.7816	44.0736	46.939	42.6747	40.8687	35.4931	19.8585	31.6432	27.2535	30.203	20.6902	26.4406	26.4642	31.2934	47.8575	48.9428	28.1514	60.4008	64.9967	39.9892	17.987	30.0072	64.9196	59.3836	36.4971	51.5783	35.5111	23.5166	35.7615	42.3725	50.1219	65.3086	68.8623	64.9764	58.9565	41.8907	48.9653	62.1852	51.8628	35.965
7.97031	6.39083	9.63591	14.1498	16.0171	15.2028	10.2406	5.5432	2.5082	1.64121	2.64865	2.26776	3.51494	5.59954	7.30227	9.09345	10.767	10.7737	11.1678	10.398	9.29867	7.72952	7.40701	9.52196	9.72648	8.42496	9.00923	9.64835	10.0431	11.5821	13.5593	13.7849	14.8539	18.5298	17.9446	15.373	15.2164	12.0183	7.67762	7.4706	4.73901	3.47612	7.78456	8.7111	10.6939	10.489	5.12785	3.37498	3.83849	3.66596	2.86765	2.97104	3.90464	4.17641	3.69468	3.45011	4.05585	5.10465	5.51346	4.58453	2.70517	1.57543	1.10045	2.22736	6.92025	11.6702	11.4231	15.877	18.1726	15.0099	12.2111	2.95565	18.1271	23.68	14.9088	12.0986	12.5295	10.2957	12.5999	15.8932	16.0824	17.9908	17.8487	12.4136	11.5931	9.82178	8.76642	10.4642	8.30849	5.64187	2.53208	7.59604	6.12888	3.51489	5.81408	7.51184	5.20609	6.76407	8.77156	7.93288	5.55396	6.03101	3.75931	7.77304	8.21588	0	5.73399	9.10619	10.4633	13.5458	15.6339	14.6995	14.337	13.4092	11.1486	10.0431	8.50658	13.0864	16.0732	15.9374	15.9889	12.2019	14.8394	13.4745	12.798	15.4879	33.5921	44.436	43.4405	48.5215	44.678	47.0209	51.088	49.8721	40.8048	33.0027	14.9645	4.50843	4.69125	3.42819	3.6536	2.83056	2.49004	2.9608	4.19777	3.96184	2.58517	2.74932	5.86771	6.77491	6.37674	12.1419	18.1721	36.1426	49.24	54.0716	62.866	65.8867	63.8391	58.4026	44.3996	30.5338	29.3516	5.42312	18.6168	29.571	43.6513	54.3785	52.5601	48.573	27.7685	54.3702	53.4846	45.6249	30.1597	35.2504	47.0288	34.3542	44.1889	47.4756	48.1864	48.665	47.9218	42.4976	49.2036	61.5984	67.3692	69.8489	64.8759	43.2826	51.9673	59.5898	48.7004	46.1237	55.6833	63.1935	64.8861	63.4356	62.0391	61.7679	63.231	67.0913	55.3376	65.2038	58.0481	62.9504	60.2969	64.0656	66.2705	69.1481	71.7497	67.7465	62.9584	53.0621	61.7625	66.8029	60.9911	44.7968	46.9835	42.7666	36.8664	29.6042	24.0243	10.9016	24.7296	29.4628	12.5423	29.36	27.7338	17.0297	22.1303	37.27	37.6947	17.054	62.2326	63.3658	38.849	22.1188	62.3123	64.9967	48.499	21.6276	42.1015	32.689	48.6539	50.7664	48.5553	56.0363	62.1824	60.6008	57.5536	54.5667	57.2895	45.987	23.2134	23.4803
3.37452	9.49467	12.7368	14.2336	11.1291	12.9904	14.5519	9.82251	6.63936	2.80356	1.01447	1.39175	1.81607	2.64852	3.13386	3.26577	4.2966	5.81373	8.46405	6.85087	5.44752	4.74182	3.58258	6.79181	6.10648	5.04503	5.21724	6.30835	7.48588	7.58407	6.75482	6.44832	6.69285	10.4663	14.2811	13.0977	10.4665	9.88607	10.8436	10.6202	7.74411	4.83555	5.38104	10.2704	12.1148	13.5002	6.97933	2.97575	2.96052	2.63127	1.92122	2.09433	2.44076	2.09442	2.33975	2.60833	3.04105	3.58258	2.56748	0.936975	0.887164	1.65025	1.64104	3.51876	8.44293	10.128	8.67633	13.5976	15.3841	11.3692	11.4911	12.4669	1.9212	16.587	15.1331	4.93697	6.89379	7.8029	7.56633	1.77395	4.14352	10.4743	11.6014	4.01054	6.03756	12.6811	11.8781	8.66116	6.89589	5.86718	1.94465	5.70458	6.42968	3.99922	3.8262	6.80937	9.8445	9.22172	7.78955	9.48419	7.81229	5.17696	2.72161	7.53663	6.41356	9.38536	9.8979	9.97976	9.15046	9.66564	9.90363	8.69043	7.72311	3.9043	4.81377	4.58715	5.66245	16.7405	22.8346	20.8656	13.6745	13.2305	18.9436	17.8917	16.4149	16.3401	34.775	38.7684	16.672	31.4053	35.8543	7.88586	32.9322	26.0841	25.7022	35.7013	18.0715	6.01034	4.48119	1.49654	3.10952	1.87336	1.71318	2.36528	4.54439	4.54439	2.99085	3.34313	6.68368	7.19904	4.77627	6.00784	8.35897	26.7822	33.4919	30.9474	36.691	35.6503	33.2211	20.494	13.1491	35.4375	41.7174	40.7339	40.519	41.7987	45.1206	52.7019	39.4737	46.0465	28.2345	52.077	52.5577	16.4215	32.2831	40.1586	42.981	41.9115	31.6577	33.113	43.4869	46.1054	47.5677	47.4213	58.9244	63.3533	60.4418	54.7391	32.9441	30.6979	52.1589	62.2706	61.1494	53.3909	31.7717	21.3994	30.929	40.2965	36.305	32.4118	38.7259	62.6078	46.154	64.6517	48.9	56.2376	56.6329	60.5458	65.6739	68.4083	63.6249	50.4066	64.7656	60.7528	67.2882	64.1687	55.2987	40.8376	42.9742	41.8723	40.7986	31.6924	18.9581	17.9687	21.9852	22.2951	20.0764	20.6773	15.4483	9.38222	1.32497	14.8527	34.9117	45.251	14.2664	62.1178	59.896	21.5812	49.3328	59.9893	61.8206	61.1051	46.1403	46.9641	22.7024	38.6563	39.8379	35.1353	42.6339	59.3067	65.5488	68.1956	66.2966	60.2031	51.0602	38.7452
5.44399	9.46768	11.2984	12.9625	14.036	3.85732	12.3108	7.76594	6.38963	3.71417	0.887083	0.71732	0.778061	1.25447	1.55584	1.91314	1.92102	2.32003	6.26251	5.0356	3.49714	3.99521	3.00071	5.51221	5.10349	4.82268	2.28721	3.04074	3.99907	3.85739	5.1386	4.67428	4.01022	4.54415	6.66326	7.22945	3.58225	5.28504	7.02969	6.02988	6.68557	11.041	1.87319	10.1972	12.9396	15.4815	8.80151	2.58468	2.21333	2.26727	1.60364	1.43442	2.12276	0.550186	0.936881	1.10027	1.39162	1.77374	0.869868	0.389032	0.347969	1.55577	2.22694	4.5572	8.81815	8.42823	7.06326	13.2297	14.2871	10.3943	10.4165	12.1185	11.5297	8.88456	17.4905	2.33294	4.22564	5.38615	7.80198	5.55278	4.01018	8.70936	10.5873	3.88442	7.54186	16.6672	12.718	5.89721	4.42689	4.42687	1.11389	3.423	8.06954	6.43831	0.246047	4.96381	10.3386	11.5052	9.49573	10.1703	8.37939	5.55292	5.34432	7.88476	4.393	6.66315	4.80102	5.91743	4.78858	5.10654	6.83269	4.78858	5.72506	4.73799	4.42008	5.15888	7.40527	19.6584	27.3278	19.8054	7.49494	8.01848	14.5445	11.4136	9.79006	11.4511	31.4258	35.6309	15.6796	27.5384	44.3464	7.30295	37.4417	11.8932	24.8827	42.0079	17.9672	6.86076	5.64081	0.246059	3.32021	1.84882	1.88123	2.50761	4.5572	4.544	3.32021	3.71816	7.16537	7.34304	4.19698	4.35162	4.29951	23.55	21.2037	17.673	14.7991	16.3199	14.499	24.0819	34.8999	34.7162	33.9633	29.2664	27.1081	22.7801	32.7999	51.0957	40.5682	50.5612	45.8638	35.5527	49.1274	44.9996	33.5577	19.8366	21.4326	46.3958	34.1593	37.1898	47.5174	41.7834	41.2704	45.9203	59.8692	63.0811	56.5798	50.425	23.7881	16.2823	53.6453	61.5842	58.7831	44.376	15.0469	10.2694	5.74318	25.4826	27.2833	26.7584	30.8657	58.9906	29.8615	63.3062	44.1191	48.0191	43.9199	51.4469	63.8155	63.9654	51.6813	55.4915	67.0657	64.37	67.7571	60.4496	48.4879	36.138	40.4443	39.707	41.4991	33.2215	21.0554	23.4478	16.3801	12.4901	14.4847	9.99743	16.8761	4.22557	11.5447	12.9006	18.6185	46.5044	35.8092	50.3559	60.2453	42.0182	28.2947	49.3934	46.7499	53.9838	32.7152	38.9353	15.9524	26.7979	25.8477	28.4939	37.5153	42.0571	49.4595	64.2751	63.6618	46.9233	42.5743	36.2488
5.44344	9.19918	10.1847	11.0399	15.7303	8.84762	5.81494	10.5812	10.3754	7.96791	4.34094	0.695848	1.26634	1.72176	1.88116	2.58456	3.07985	2.74869	5.38003	6.68497	6.78872	7.83362	8.12379	8.50583	7.67525	5.64826	3.93046	5.28765	5.66177	5.72472	7.44663	6.59078	4.5668	5.53094	8.57313	11.1391	11.569	8.35606	5.64826	4.61242	5.88925	14.1695	11.3485	8.18672	12.4347	15.8244	9.62705	2.95479	2.1011	3.04029	3.13316	3.10911	2.86685	1.88116	1.7906	2.2605	2.80839	2.42174	1.94433	1.40233	0.550115	1.94425	2.80826	4.34079	8.09789	7.86327	6.68243	12.3648	12.9471	9.78909	10.3946	11.5894	14.7531	9.60475	19.5156	6.12738	4.74093	4.73769	7.93062	6.96964	5.10299	9.14177	10.7635	5.90425	5.42967	16.5999	14.1801	6.18549	5.2192	6.75356	7.43088	5.58468	8.27242	4.91148	1.92083	1.26634	4.67053	6.95256	6.7732	10.3947	9.27056	5.64848	6.01692	8.4642	7.54158	9.865	8.5731	8.62939	7.1153	5.38852	3.10894	4.99643	8.88387	8.33649	8.01775	9.36791	10.6614	22.2974	26.3933	13.1332	6.52061	7.76705	12.3982	9.88377	9.4853	11.2298	28.2571	32.5517	19.1482	25.3682	49.5058	21.9984	37.5988	23.5589	29.5289	49.9475	26.8842	7.44049	6.02909	1.88116	3.88403	2.19944	2.19944	2.58445	4.58629	4.67376	3.66479	4.09871	7.24483	7.16464	4.03963	4.27106	3.90333	18.8873	15.7998	10.6086	6.80821	12.4985	17.1712	42.8172	55.2243	61.0299	65.5957	65.4467	61.5942	56.329	52.2784	53.6467	35.1412	48.2593	49.5705	31.8543	28.9008	42.6824	50.6108	42.3623	33.1251	47.0089	45.1047	50.1028	55.4004	49.7408	44.6408	48.3268	62.4014	64.721	57.3599	50.4741	39.3831	45.7026	62.2978	65.9287	63.4303	62.5596	63.3588	62.4442	49.3226	42.6043	50.3812	57.2924	59.1913	63.8658	55.8672	69.3298	64.5055	67.7897	69.22	64.1494	58.3663	57.4544	44.8705	47.2534	68.3097	71.658	72.8955	70.6597	64.9556	58.3512	56.0379	51.0803	49.2625	43.2709	40.0165	37.3741	30.2959	25.8132	24.4433	22.1429	26.9162	21.6317	25.0093	22.1451	10.3388	36.8634	49.8877	37.7857	50.3646	56.7669	45.2214	27.7463	40.5551	46.6506	40.911	19.2379	20.5411	12.785	9.29554	27.397	34.8542	33.6625	40.3354	63.1939	65.683	59.8711	56.5869	48.1905
5.9036	9.91656	10.075	9.84177	14.4542	16.1908	7.80042	5.86572	11.6503	12.5147	8.65884	3.6645	2.47071	2.17863	2.82954	3.33785	4.11683	4.31287	5.6796	7.62656	8.67442	9.84203	10.6226	11.6956	11.449	6.60143	6.0633	7.24661	7.95252	7.8178	8.90769	9.24299	8.90624	10.7751	12.2489	14.0818	15.1293	13.0194	7.11457	6.72396	8.01694	13.6027	16.2778	8.30936	11.2146	14.5396	10.529	4.12758	1.40221	3.7174	4.5133	3.19484	3.19014	2.82954	2.89278	3.51792	3.49648	2.58432	2.26021	1.87281	1.79032	3.03506	2.8294	2.98998	6.58315	7.57946	7.07028	11.9704	12.6272	10.2364	10.8865	11.9289	14.1593	13.1914	18.9602	9.33123	7.83282	6.60143	7.50906	8.29312	8.14996	10.5949	10.3588	7.43004	2.61328	11.7393	16.4227	11.9388	9.28575	9.87156	10.8405	9.02709	7.09566	2.11529	3.13284	5.82749	3.93006	2.69843	5.51132	10.1569	11.5775	9.78417	9.26208	10.5707	11.6555	12.498	11.1638	11.2292	8.30569	4.20325	6.68877	11.6908	12.8731	12.5648	12.1542	12.3768	13.2042	21.4019	19.6501	8.0168	8.01694	10.2589	11.6805	9.4812	10.485	10.529	22.1395	26.5083	22.889	26.2109	50.7531	44.8412	36.5813	35.4436	29.057	53.0354	39.9635	8.06424	6.14597	3.19014	5.0077	2.95457	2.78646	2.8294	4.65722	4.97162	3.96409	4.28815	7.06182	6.96243	4.05035	4.23883	4.34035	11.6278	13.3114	9.75294	7.99656	21.206	32.7935	57.6737	68.5315	70.4031	72.3379	73.8833	74.4276	73.3552	70.5941	64.5124	51.4727	53.6283	50.6882	40.5727	19.6362	20.2871	36.5145	36.5311	36.0714	36.3831	26.5807	34.0838	51.7599	53.1338	47.2476	49.4495	65.8156	68.0808	59.1091	52.3427	54.6532	61.8138	68.1483	69.4165	67.5837	71.2626	72.7422	74.5086	71.1691	63.9013	62.6886	67.9194	71.6968	73.3713	71.3292	74.1151	69.4669	68.5666	68.0576	61.1337	36.7622	46.5883	50.3237	14.3854	57.7695	69.3191	71.6372	73.6463	71.4442	67.9496	67.7794	65.2801	60.2304	55.535	56.1089	51.3858	38.9942	34.6948	33.5213	34.4917	38.7057	35.1643	34.7056	28.8135	27.548	20.5249	48.8111	49.6668	23.8232	24.6307	46.8793	20.4144	43.3539	43.6476	50.2733	36.9885	4.22482	10.3124	9.32491	27.1875	32.8294	33.0161	42.7601	56.9793	60.8956	64.8798	65.6953	62.2909
5.42045	9.16409	9.26879	7.67397	8.21223	14.2609	15.9404	10.9439	2.507	9.05495	10.628	7.26816	5.8139	2.80234	1.4858	1.96714	2.33236	2.58406	2.6073	2.74813	3.07437	3.58118	4.56589	9.5905	11.9253	6.97694	4.58562	4.63113	3.96013	3.82484	5.35379	5.54055	9.31624	9.51612	7.37547	6.76104	7.57912	9.73541	9.79359	6.66364	6.44566	3.56436	13.0092	12.1108	10.1774	13.0013	11.6795	4.69856	2.43364	3.58102	5.66032	1.77322	1.7475	2.12224	2.72054	2.53093	1.16666	0.936574	2.21269	2.50688	3.03476	2.96951	1.40201	2.22629	5.52952	6.54635	6.12598	11.1054	11.9073	8.73217	9.43579	10.7684	11.0067	13.3101	16.0492	5.20385	6.49161	6.24639	4.35381	4.19932	5.76232	9.59959	9.16574	6.78713	7.27614	3.37336	12.8364	12.8662	9.05205	7.95171	8.35608	8.91357	9.42372	8.00527	10.2696	11.4371	10.9281	5.89308	3.90275	3.51743	5.89296	7.50853	7.2764	7.65863	7.35538	4.58234	4.23847	5.14868	7.96061	9.12731	5.98331	6.06241	6.51904	6.62763	6.92355	7.80923	9.24193	16.5529	13.6349	4.82437	6.14538	10.2212	11.4077	11.6562	13.7526	11.8243	15.2809	14.2216	17.2058	23.9752	47.8874	56.5268	16.728	29.1872	31.0258	51.9413	42.9745	13.3699	8.18499	2.33236	5.51061	2.80772	2.41491	2.50688	4.44588	4.93185	3.6641	4.00901	7.67948	7.71016	3.93709	3.82476	4.19932	6.68117	6.29856	5.7726	9.80655	30.5128	39.3571	61.2703	69.4445	63.288	66.199	70.827	74.4776	75.8439	75.7065	73.0689	66.6172	61.1519	50.6168	45.2434	40.9215	33.7254	40.9236	56.027	60.4907	60.1636	59.0752	56.3791	63.683	66.7069	63.2368	59.177	65.8835	68.4073	58.9402	53.7159	56.7916	57.3247	64.0118	68.27	66.1021	67.3282	56.182	62.0632	69.0606	67.3811	63.3702	65.2681	70.6556	75.6078	72.8136	65.1353	28.0023	36.1892	50.4615	42.7965	20.0188	31.9926	52.2004	46.5896	49.1243	57.6018	48.7927	62.5298	61.8227	52.8666	63.3219	69.6489	69.1093	63.183	59.7133	55.7063	33.6296	28.6233	27.604	27.3776	22.1664	15.6226	25.7192	21.5767	32.7652	34.122	17.0493	35.1727	47.2803	47.6543	49.4165	28.2771	35.1193	20.5618	31.428	45.7706	20.9124	23.039	13.2432	20.1871	29.693	30.738	41.1612	44.2511	39.764	50.0115	58.683	61.6442
5.67828	7.60147	7.96554	7.0124	7.42865	11.3401	13.1729	14.5682	11.838	2.36427	8.18437	9.32302	8.88116	6.30505	2.47025	2.02745	2.50678	2.33863	2.3643	2.58384	2.33863	2.31915	3.14668	8.00421	11.2472	8.26504	6.61612	5.81357	3.91775	4.82079	3.68427	6.2102	7.80875	6.41071	5.27479	5.63899	6.77141	8.20786	7.50202	7.88212	3.61435	5.53168	8.6728	15.5693	12.2327	10.3569	11.565	3.71273	3.37296	3.62663	6.50928	1.94376	2.09333	2.82894	3.03959	1.73872	0.869503	1.43386	2.80744	3.13219	3.19408	2.33202	1.05778	2.17809	5.03053	6.01489	5.30834	9.75051	11.1418	8.19326	7.70947	8.50148	10.1239	15.5136	8.37634	8.05368	14.6909	15.5647	14.7947	10.7208	4.89811	7.00147	7.02683	6.38938	7.57805	4.91309	7.22671	13.1567	9.02535	7.35874	9.27777	13.6754	12.44	9.63847	13.0004	12.2476	13.5558	11.3644	9.02542	5.96302	1.98226	3.3729	3.20353	2.69792	2.15022	3.2642	5.88472	6.73369	6.24571	7.17714	7.56274	7.7992	9.88845	10.086	7.48382	7.88172	8.87121	14.0883	12.0312	5.97514	6.29792	10.5395	13.3032	12.2772	10.6594	10.593	13.3373	13.6629	17.3152	24.6534	43.1718	59.2915	53.0678	17.0836	35.9868	53.868	42.5236	18.3352	11.9168	1.25399	6.20265	2.98941	2.50662	2.60691	4.42513	4.38084	3.37296	3.84402	8.4667	8.33552	3.5171	4.00861	4.06443	6.68049	6.53434	6.86458	12.8194	32.9973	40.4437	61.8808	70.2192	63.6079	70.4199	69.174	59.3831	60.3793	67.9849	72.9373	73.4859	69.2622	57.472	50.1849	51.0981	45.7397	51.2436	64.8916	67.7061	66.646	64.5239	60.517	64.7663	68.1097	62.6617	59.9175	64.3332	67.2916	60.8302	57.0171	57.089	56.4074	68.7051	72.5481	64.9761	51.8258	30.6913	20.764	43.4566	49.5936	51.4683	58.0089	55.8483	64.4988	64.5108	38.7291	22.5153	51.6592	53.5745	36.4458	17.5763	19.0049	47.3252	43.4504	30.9809	41.9599	40.4114	58.0436	59.0166	47.2906	51.31	64.9743	70.1581	65.8651	63.029	60.5711	46.193	39.4179	31.6845	15.2054	12.5227	30.7536	27.8891	18.4706	30.9417	34.9083	20.2186	12.9486	13.1688	5.59097	27.8956	22.5625	26.2594	27.5573	25.5882	41.4853	38.6527	16.5523	35.0794	16.1808	27.5687	33.3319	37.1497	38.5163	35.1193	39.6573	46.0988	56.9073
7.26475	7.79455	7.394	7.87002	8.09154	10.0551	10.6737	12.4944	15.1885	12.5341	2.80189	7.50712	12.3318	10.7235	6.61524	2.95367	2.02724	3.19394	3.33688	3.19394	3.33688	3.72867	4.19872	7.12693	10.8306	10.6318	9.99306	6.81223	5.28251	4.22355	6.14454	8.84087	6.68245	5.65952	6.01468	7.16231	8.54409	11.3152	11.1966	11.4162	12.4056	9.22149	8.12048	9.26738	13.6289	12.9995	11.1655	3.74073	3.54246	6.59957	8.12048	5.20288	4.82058	4.17358	2.178	2.21227	2.28611	2.78569	3.82412	3.82412	2.95882	2.62977	2.48838	2.80189	4.5813	5.7222	4.79855	8.09487	8.95084	8.62932	10.3435	10.187	9.18187	4.71365	6.57925	15.4073	19.6795	19.5358	19.646	20.7094	17.6531	13.6587	13.7342	11.9963	8.79268	9.26707	7.76821	14.9103	19.575	22.3237	24.7954	24.1366	20.5811	15.0466	17.018	14.4666	15.9489	16.4901	13.1418	9.07609	6.09335	4.50554	5.1041	9.55239	13.35	13.0526	8.76607	5.41944	3.66341	3.99696	5.19689	5.6435	9.85655	10.9099	8.39105	7.9424	6.75943	12.7443	11.9158	5.68557	6.85317	10.7057	12.5109	10.0851	8.56953	9.49114	12.7725	17.3732	20.4282	21.0517	30.9028	49.234	55.9013	52.1197	10.6859	53.9736	49.4154	28.0177	14.4006	3.03428	7.00087	2.4883	2.80189	4.02704	5.71705	4.67202	2.87614	4.3114	7.88093	7.60854	4.90673	5.20563	5.41951	7.95556	8.81417	9.26701	15.7382	35.6691	43.1606	60.9878	69.8817	65.7634	72.2728	63.4546	41.5724	48.1227	47.6826	19.9541	64.5799	73.9331	74.5155	68.3867	61.4853	60.1653	62.5536	69.5409	69.702	66.5552	65.3607	65.5944	67.2181	68.328	61.749	64.1682	69.9152	71.406	67.6863	66.5558	70.6879	73.4069	74.0276	68.1937	28.0772	25.7424	30.2731	34.7799	43.3235	33.424	34.9758	36.6622	30.4186	32.3861	46.6326	43.3931	34.497	51.3606	54.2123	40.0284	43.0557	46.5056	51.7559	51.7653	19.4586	45.0896	49.7511	57.8438	60.3494	51.8426	30.1685	29.3357	55.979	59.0754	61.417	62.6981	54.1571	42.1248	36.1059	30.003	19.5768	27.7032	19.6497	8.64457	21.2227	34.5686	32.518	23.1503	15.4086	9.72435	20.9184	24.2134	11.3442	35.4387	34.7397	36.8266	44.5576	37.419	18.323	14.9688	25.9942	30.92	35.681	47.1976	50.8509	51.0068	50.3522	57.9232
6.76997	8.29538	7.05954	6.88949	6.84633	8.74678	9.77301	10.1861	12.4933	14.9033	13.697	3.9626	9.4902	12.998	10.8362	7.6311	2.87585	1.73833	2.26609	2.33819	2.82847	3.4256	3.8239	5.64578	8.63033	9.63671	8.96352	8.85806	7.09498	7.45919	8.61687	8.40814	6.54489	6.29712	6.72175	6.5811	7.06172	9.71346	11.9334	11.6413	13.223	12.1147	6.68179	6.40928	8.59814	11.1957	8.79866	4.50185	4.44489	8.63533	7.5064	4.93075	4.05279	2.36385	2.50615	3.47336	2.48805	2.42047	3.10745	3.03389	2.28589	2.14982	1.87211	2.14982	4.0377	4.96069	3.82364	6.82648	7.00659	5.81225	7.27411	5.70078	4.86945	10.8511	11.848	13.706	18.7457	15.6044	8.51571	9.86047	12.8233	10.3945	13.0274	12.7792	12.171	11.6461	10.8138	12.9984	18.1488	23.0569	26.2565	24.7138	25.1834	20.4807	21.5297	17.1386	14.8422	12.2765	10.6577	10.0615	9.69529	4.9125	4.36983	9.78003	9.65287	8.19216	11.1288	10.1177	8.95042	8.6253	9.21581	10.7428	12.6621	8.97465	4.20167	7.39315	8.67084	13.4698	12.9194	8.64383	9.88662	12.1878	11.6137	10.6902	11.7742	12.3287	12.9331	14.311	17.2975	16.8587	23.8337	33.2574	43.1648	55.2579	41.5108	45.1769	49.7867	36.5127	10.0249	5.74259	3.57579	3.58019	3.99681	4.56461	6.52634	5.67713	3.13157	4.11505	6.68595	6.72144	5.10364	5.80987	6.75034	8.50015	10.3258	12.554	18.9917	42.4123	49.1476	61.8369	69.3634	66.4979	71.0938	55.6147	39.528	37.1949	55.4632	62.9516	49.8592	48.1302	73.1786	74.9201	64.3183	57.036	61.5369	67.539	66.6612	59.5443	60.1647	63.1397	68.3881	69.8975	65.545	64.9298	69.7589	71.3695	70.6124	72.6041	74.527	72.3936	61.4271	21.9989	41.0153	41.5541	36.5436	36.6453	39.2055	24.2842	37.9883	41.7992	43.2539	39.4689	25.4005	35.1982	48.2762	55.1068	61.5725	55.3707	28.9885	36.0927	53.6379	63.4846	41.079	17.3248	37.1768	44.6407	50.5681	51.7084	44.0134	41.9313	54.4936	52.6453	46.9712	53.4623	50.0852	41.9673	44.3675	43.367	27.7577	32.6273	26.9762	11.1403	22.0496	36.7997	38.7216	16.3172	15.1613	22.0264	18.391	17.0693	13.3986	25.1927	40.6588	35.2434	37.8661	45.8762	36.0015	14.97	19.0294	24.7049	36.9475	45.9124	49.516	49.0482	44.2911	44.0733
3.67912	5.4814	4.71902	4.67112	2.43892	4.52457	6.44335	6.08477	6.59147	9.37796	13.8348	11.2911	1.87194	10.1663	10.6077	9.04828	4.42394	2.89126	0.347737	0.716857	0.886507	1.0575	1.25363	2.25914	3.68324	3.51624	5.34064	8.6479	5.15566	5.79136	4.47804	4.69683	3.62572	3.13142	2.74707	1.88007	2.86512	2.48791	3.51624	3.57985	3.69151	6.65873	3.27708	6.50523	3.95849	2.77974	1.60261	2.58298	3.49041	6.36669	3.3541	0.388788	0.491755	0.869264	3.07305	3.56283	2.46957	2.12134	2.98859	3.20259	2.22545	0.983438	1.71188	2.60619	3.56283	4.2013	3.18847	5.58923	6.53255	6.92079	7.97617	8.37386	11.6423	9.21494	5.05608	9.34048	18.5086	15.2475	2.948	3.51188	6.35268	1.94322	10.3371	7.27342	4.14033	6.75174	7.4839	4.71276	6.08225	7.59938	10.5546	9.62819	19.0205	11.0771	14.1618	8.52702	11.0702	10.5913	6.10176	5.17301	9.09835	4.79772	2.12134	9.42597	9.63536	6.48232	3.90128	6.16757	6.6856	5.21621	5.88309	8.79575	8.34388	3.62562	0.17387	4.28619	7.85887	11.2809	10.8124	8.62771	9.96032	13.8104	10.288	4.02628	8.8707	11.0589	8.28947	5.74211	9.47687	11.7338	19.4483	21.4824	26.1445	48.3059	35.9716	41.7708	44.4516	35.2996	4.39345	7.80639	4.81946	3.1073	2.64648	4.37964	6.74058	5.51663	3.18847	3.26313	5.53016	5.53016	2.82808	2.80136	3.29988	4.6098	7.3563	12.2158	21.0163	48.3637	52.6261	64.401	70.0755	65.0401	68.6777	49.4406	34.4271	20.689	26.04	36.7673	56.5621	67.39	26.1747	73.1208	62.3086	30.0083	42.0998	59.3583	62.6997	48.37	38.4852	38.4127	59.5305	61.7583	49.1862	48.4543	63.0182	65.6564	62.8346	65.7704	64.7363	46.8259	15.1148	30.6623	21.4205	24.4919	24.1156	21.6837	23.1373	15.2471	26.7334	23.811	18.1324	13.1019	17.4552	21.0481	43.2014	53.8633	61.8646	58.2912	44.2026	28.2413	32.5084	64.9332	56.159	9.87861	32.6119	37.3164	36.3677	41.375	43.4581	52.9188	60.7529	54.0397	43.753	47.5353	35.3788	29.294	43.1045	45.9896	30.141	31.0432	22.8195	7.24283	20.7147	15.7044	43.2537	23.4502	20.6505	20.7013	5.15549	9.28105	24.7407	7.81402	37.4805	31.9538	25.3551	32.0119	30.6592	21.4388	12.6274	9.29522	18.9627	19.0154	31.2428	29.0937	15.7538	5.92591
3.34032	4.99288	5.35124	4.88382	2.89114	3.65014	5.59406	5.59406	6.35205	8.5687	12.0457	12.6963	4.16514	7.29702	11.3014	9.88898	4.89603	3.96565	1.0136	1.40139	1.40142	1.26549	0.936171	1.57391	2.6969	1.74668	4.99288	7.92538	3.96585	1.98148	1.01366	4.17226	3.31779	2.96809	1.11303	1.40139	3.14544	2.77948	2.25899	2.36341	2.58286	5.88251	3.7397	6.1377	3.8815	2.60601	2.31827	3.03344	3.8348	4.81897	2.22522	0.491704	0.491704	0.983336	3.07274	3.44662	2.33759	1.96609	2.9477	3.31765	2.36325	0.869175	1.7893	3.18815	3.88144	4.03694	3.19288	5.65765	7.65277	8.79653	8.11798	7.80541	10.3961	6.84477	7.51298	12.7267	16.8353	12.8214	3.81136	4.88394	5.15498	2.09256	10.7269	8.37301	5.28125	7.50471	8.56697	6.5685	8.68793	10.3406	11.243	5.98319	16.7263	11.6588	11.6156	7.46551	13.8283	12.1117	5.12322	7.83416	11.8959	7.87878	1.84752	7.57712	8.70274	8.42706	5.20111	2.19806	4.22244	4.6709	6.76871	8.83812	5.09952	2.82787	2.33759	8.96648	12.3423	9.64972	5.91274	6.20754	7.89367	14.6787	12.572	6.6271	6.30304	6.97369	6.10138	7.17446	10.3919	11.2581	18.834	22.5267	25.1176	41.3164	19.1087	35.0722	36.5348	31.5276	7.0432	7.28099	12.4347	2.09248	2.97321	5.21551	6.03242	4.57994	3.10686	3.10686	5.29227	5.28099	3.16934	2.97325	3.20232	4.51075	6.96282	11.42	21.2346	49.4391	54.9394	67.0174	70.6135	64.4904	66.7224	41.4821	34.2432	29.6394	36.601	32.7457	44.2162	70.8471	58.8321	68.8735	67.423	39.2861	44.2388	58.0288	61.3077	48.6059	34.8702	42.8366	61.4398	58.8758	43.5127	46.5592	61.9659	67.5102	65.9625	62.2986	51.2222	25.8542	25.8828	29.2734	11.7491	18.1162	11.7681	11.6597	26.2494	19.8601	24.3304	19.0277	22.3308	17.8333	29.2914	32.632	24.8257	55.1682	63.2051	58.0046	43.5115	37.0462	8.20265	61.2754	61.5993	37.9151	37.6832	34.5164	28.3733	35.4176	44.857	54.5648	62.8607	56.2886	48.4395	47.102	34.095	34.7325	44.3546	43.4651	29.5011	32.6435	25.2762	15.0548	24.9036	23.28	41.6987	26.2521	22.9549	15.1347	8.11849	10.9227	26.6783	5.53774	33.3667	31.8271	14.256	18.6249	33.3759	35.9624	9.52817	18.5111	15.335	15.6289	32.19	30.9569	24.597	23.4604
5.31736	6.78339	7.75951	8.36549	7.29471	6.25733	6.74829	7.02384	8.70232	11.6586	13.8082	15.7435	13.9031	2.69673	10.869	13.8234	9.79251	7.80493	4.88342	2.45686	1.5545	2.12104	2.60583	2.95269	3.71106	3.49415	5.31736	8.95271	9.4755	8.26125	6.73085	6.88753	5.73592	6.82699	4.42331	1.98131	2.36305	3.67843	3.80704	5.15474	6.03221	8.36549	9.23712	8.36549	5.8236	4.50055	4.4436	5.54825	5.8108	4.73407	2.31804	1.26537	1.0573	1.22902	3.37134	3.47241	2.09951	2.19778	3.18787	3.27631	2.33094	1.7378	2.41355	3.64971	5.48037	6.06404	6.38433	8.79596	9.4983	8.92962	8.46293	7.765	10.0929	10.3856	11.5018	13.0929	9.93076	5.95249	10.4912	11.3604	8.05032	4.734	9.51189	5.50479	4.13936	14.0186	18.3454	19.994	26.0981	30.2154	29.8596	26.3772	27.2384	27.4474	22.4274	16.4257	17.2523	14.1386	13.6127	12.1605	14.6249	13.7108	9.27956	4.44678	7.35495	8.63288	9.65641	6.92402	5.05501	5.20067	5.61224	3.9577	4.28556	4.83732	7.48039	7.26389	7.96184	8.59554	7.96944	11.1372	13.6444	17.5741	18.9704	21.1914	22.8167	23.1908	20.0016	15.1438	14.0305	13.2049	24.0764	31.1924	35.7321	33.7317	6.92179	38.8094	40.0813	29.3965	20.4017	14.0871	20.0107	6.543	3.34002	3.66203	4.33753	4.17189	3.82268	3.99556	5.72018	6.44222	5.37603	4.93534	5.42853	6.42604	8.00051	11.728	20.4595	48.6201	56.5785	69.0128	71.61	65.8787	63.2954	26.5691	31.2367	35.8518	46.1844	49.5826	57.7703	72.9513	75.5538	53.1625	64.4557	73.4129	69.6277	64.7677	62.1754	58.6646	64.1231	69.0058	73.4534	75.1105	74.5566	72.6479	69.5033	70.8067	68.417	54.7109	24.8636	34.739	44.7356	37.8572	30.4438	35.4956	43.1668	50.4037	54.0808	51.3026	50.681	48.1589	47.0169	46.9343	50.1252	53.913	39.4138	37.9108	61.2673	64.2796	56.7654	48.9598	38.7436	53.55	68.9848	70.4842	69.0137	64.5363	57.4051	48.1594	41.0454	47.7473	60.8901	57.688	54.0649	48.4256	45.2144	54.1368	54.0358	45.3397	31.6678	35.4905	34.1395	24.0036	28.5946	36.7603	31.5185	22.0372	19.4915	22.8071	28.9722	29.5275	33.1456	27.8657	21.8826	31.1319	21.7953	22.2983	33.6153	44.2434	36.9349	26.2949	10.8862	7.69818	23.0914	33.7943	40.9828	44.3324
4.50344	5.61181	6.58986	7.80626	7.70549	7.26952	6.40688	5.75875	7.44641	11.0088	12.5158	12.89	16.1314	14.3315	0.626716	11.1604	11.882	10.1609	8.92876	5.37531	1.49488	1.60216	2.41344	2.48724	2.99791	3.03787	3.71484	5.50455	7.72655	9.32431	8.72858	6.00447	4.4229	6.21623	4.96508	2.98772	2.43824	5.26303	2.89042	3.31716	4.34771	5.57995	7.02335	6.27349	4.61846	3.61231	3.44621	4.06606	4.28519	3.33982	1.84717	1.43309	1.43309	1.564	3.57445	3.49365	2.09214	2.45667	3.51511	3.72673	2.71305	2.80047	3.7907	5.27158	8.09301	8.28696	7.66899	9.13434	8.97132	8.30109	8.39775	7.39039	10.5392	12.2531	10.0314	5.30535	4.95915	9.83474	11.8039	9.57562	6.40688	11.205	13.0225	8.96503	10.5518	23.0039	26.0676	24.1377	28.1153	30.8209	31.0049	31.9888	33.189	30.1398	24.6967	20.6896	18.8124	14.5318	12.4651	11.2065	9.48491	7.75861	9.8225	4.05127	4.6698	3.37099	6.23286	8.46241	9.64344	9.60549	6.34873	7.96139	7.98355	7.45017	8.97136	13.2512	17.3894	17.5395	13.5445	12.3404	13.0097	14.8758	17.2491	18.3616	18.4017	20.2242	22.6468	22.4665	17.9061	14.5548	28.2067	33.5988	37.0542	25.7938	25.6706	40.9902	37.8038	15.3109	25.8688	22.8135	17.71	12.7296	2.97269	4.02508	4.12447	3.74687	3.30352	3.9575	5.24612	5.72749	4.93182	4.60868	5.05468	6.63229	8.84795	11.8743	18.5149	48.0196	57.0662	69.9075	71.3667	62.6045	65.0501	44.6813	22.4074	39.833	52.6241	53.8131	48.6861	60.7903	73.409	75.1458	68.1106	67.5647	73.0296	68.6375	65.3025	69.6398	72.2868	71.0712	74.8012	76.0115	73.4558	69.8484	61.354	64.7504	60.1591	17.2608	37.473	45.372	42.5575	34.4431	38.6783	48.2705	53.6199	58.1025	55.3575	49.1796	47.5813	48.8749	49.3951	48.4351	50.8611	56.999	55.8457	41.756	32.4072	60.3932	63.7507	61.7512	55.8964	22.6344	48.1101	60.6356	65.1497	65.4684	61.6246	55.9969	39.6366	23.6346	62.3067	64.4599	57.8213	50.7453	47.5489	48.8518	37.7162	36.5552	36.8141	38.2926	32.6897	19.5529	15.0066	4.19318	12.4889	26.4818	33.0425	38.7888	38.2262	39.419	39.7266	40.2199	28.2565	12.1839	29.7772	25.4581	28.3336	40.2614	42.3278	30.0478	21.8285	28.1911	26.0081	47.7871	52.5177	31.3996
3.16841	4.00604	3.41072	3.74661	5.41642	7.61982	6.92044	4.57888	4.96464	8.34783	9.36042	7.26878	11.5886	15.649	12.6562	1.32344	9.03037	9.42869	10.7011	7.76344	3.24339	2.26487	1.0133	1.0571	1.98091	2.17676	1.84698	2.21113	3.33948	4.44608	4.71736	3.3708	2.14885	3.24339	5.52528	3.1301	2.46876	2.11343	6.24173	5.54693	2.50495	1.40098	2.21113	2.84833	2.70183	2.33707	2.26501	2.17676	1.78888	1.11278	1.0427	1.0571	1.2288	1.60195	3.6117	3.13007	1.60195	2.19733	3.51472	4.29496	3.6117	4.28452	5.47113	7.31128	9.42869	8.30024	6.99502	8.6312	8.46137	7.43356	8.06125	7.80333	11.2882	10.5285	5.5064	7.47937	10.4672	10.3057	6.27285	6.0109	10.6566	17.1845	15.2178	11.47	11.9646	23.2728	24.2458	16.7893	19.6	20.9347	21.453	29.5228	37.1817	37.129	33.13	24.9208	18.4641	13.7002	8.86563	14.7759	10.4955	4.66606	6.73139	4.95864	8.92806	9.74323	7.23843	2.41942	7.05582	8.25044	7.0981	6.91854	5.92389	8.29145	8.04875	4.82098	3.13015	8.794	4.62749	3.13018	7.48103	8.37081	6.35022	6.36451	10.352	6.33883	13.5091	25.384	23.2276	15.6974	24.0917	33.2403	42.2197	27.9578	24.0851	47.4343	42.6049	11.2868	22.6076	30.9668	22.133	17.6942	5.89862	4.19254	3.81002	3.1301	2.64548	3.99489	5.38323	5.3021	3.83373	3.74661	3.31682	6.73798	10.2841	12.611	18.6196	46.496	58.4817	68.8644	68.4339	58.2174	67.1227	63.2136	7.33578	39.7019	55.7509	57.6214	49.6466	19.6001	45.0563	71.9648	77.676	72.7098	23.6968	42.2851	47.7374	69.7217	69.8317	65.0345	68.1417	63.4912	12.5584	37.1764	24.9925	53.905	57.9744	34.0496	41.9851	36.7024	24.862	25.8569	40.7743	45.1391	45.0721	40.7545	27.046	31.649	31.103	34.4183	41.8671	41.8357	38.8701	44.5568	46.6814	44.1716	33.0206	21.6437	54.9361	66.8023	65.3282	48.6658	44.8943	45.6321	27.2728	20.7336	35.8012	46.6704	54.0568	52.7431	51.8398	62.1131	58.6082	54.3813	54.8018	52.263	37.5708	33.2782	24.8972	23.8543	22.214	11.0348	15.3691	34.0868	38.5017	35.8198	30.5439	30.9493	28.4796	31.5948	32.3281	28.2037	37.8487	25.6658	21.2578	18.9213	15.0205	19.745	23.2029	32.2532	36.9355	11.3121	11.5886	48.5606	40.2197	40.6393
2.86381	3.47582	3.3165	2.86381	3.70998	6.68446	6.68446	4.26677	4.76115	8.36985	8.57752	6.79676	10.4948	12.3296	14.7974	10.8195	2.79994	8.03311	12.0225	9.79541	5.03874	4.0243	2.31732	0.716496	1.60186	2.09898	1.87916	1.7887	1.87916	2.45623	3.14427	4.17794	3.24318	4.19217	5.82168	3.4455	4.37775	3.66103	3.03217	6.42413	6.23164	3.7381	1.56369	1.96545	2.2245	2.2109	2.26478	1.98073	1.60186	1.48453	1.40084	1.05699	1.05698	1.63902	3.92609	3.09111	1.16561	1.84669	3.80574	4.41502	3.82148	5.14718	5.7184	7.2046	9.01815	8.1259	6.93693	7.80261	7.50201	6.58389	7.58997	7.6268	7.76272	6.56595	14.0431	15.4662	10.6885	4.68511	3.93373	8.99703	10.4532	16.1983	14.6799	6.30033	9.98337	21.2109	22.8538	16.5721	19.5983	20.6213	22.3901	25.2809	27.5299	34.8021	39.539	28.8548	18.2975	15.1079	11.4222	15.6413	13.4875	9.56292	8.39628	5.57881	7.08879	7.09096	8.2713	7.12854	4.53889	4.9033	1.98066	3.18708	3.82159	3.18694	3.68956	3.72602	2.19714	9.03592	7.22108	4.71694	3.4758	3.92609	10.8126	11.185	10.8609	13.0603	5.88042	21.4114	28.336	22.8094	21.6972	27.4176	42.6446	39.772	20.2775	49.7663	45.7605	14.9458	16.0878	25.4209	8.99737	6.82491	1.77174	6.08931	7.29241	3.64873	4.34682	5.51428	6.78136	6.02281	2.95176	2.95685	3.16805	7.05733	10.207	12.1729	18.1904	48.166	60.6948	64.8234	63.3653	54.4065	65.6349	69.9093	44.8809	32.3224	55.0541	57.8986	53.5168	30.718	26.07	59.6666	74.3861	77.9376	72.9995	63.8278	60.5306	73.6512	69.2582	44.5217	52.6436	56.0221	39.707	18.3225	41.7406	40.9963	63.2838	35.556	35.4897	21.6377	16.0872	27.9982	39.6312	35.3484	33.2636	22.833	14.4525	25.7201	37.3467	39.402	42.6199	42.2714	35.804	36.1519	43.678	44.8739	40.9847	34.7502	15.7563	62.7392	68.9371	58.02	28.0063	40.3125	51.0217	52.8399	44.7507	25.7538	7.23733	28.8601	35.992	48.6689	59.4078	53.4475	51.2729	55.0002	55.1088	51.6725	45.2949	40.4502	31.656	16.8713	30.4865	38.376	28.1912	28.7002	25.8925	19.7598	13.5591	18.8766	23.8339	18.6882	35.9864	32.0005	7.77238	14.0476	18.9437	22.6083	23.0254	26.3053	36.6156	34.4455	26.9922	42.4741	38.3529	52.7314
3.03198	3.33879	3.78974	4.03522	4.2664	6.75446	7.44809	6.057	4.55176	7.58924	8.79929	7.38252	9.64068	11.1727	13.7036	16.1572	12.7665	6.52918	7.23865	10.6548	9.45645	7.2776	5.02641	3.0762	1.26484	1.78855	2.12024	1.98056	1.96528	2.74551	3.26141	4.57802	5.47846	6.58327	6.41201	4.85716	4.52211	6.46049	4.42165	2.62776	4.43152	6.20458	3.09079	2.33015	2.71244	2.82658	2.98705	2.71244	2.12024	1.74584	1.43263	0.935677	1.1125	1.71966	4.04982	3.20073	1.1125	1.71966	3.80535	4.0646	3.61102	5.47817	6.33724	7.94376	10.6829	9.05607	6.57652	8.64991	9.82132	7.43233	2.19692	7.44426	12.6375	13.4785	10.6714	7.02117	6.1637	6.29033	7.4302	7.92159	8.69862	15.3511	15.5934	10.4148	14.0412	25.2852	25.1686	16.141	18.0803	18.0598	22.4864	19.4842	5.26996	18.6904	41.5312	37.7422	24.4268	20.48	17.9027	20.9171	19.3166	14.7963	12.1242	8.13443	3.81729	7.22024	3.57783	8.33953	8.56857	9.15901	8.80613	8.98857	11.1331	13.0711	13.2315	12.1044	11.1215	12.6673	11.6641	11.4617	14.8496	14.7545	10.1964	10.237	6.42338	4.82008	10.5805	9.43923	18.4756	29.5472	35.1581	36.1568	45.639	54.312	54.1677	48.7542	27.3889	32.0948	33.448	22.9355	18.1948	17.3854	20.3879	11.8114	4.61683	3.3162	3.64839	2.4683	6.68152	6.46491	4.0832	4.02398	4.00524	7.18951	9.4822	10.6057	15.4676	49.4312	58.7236	60.5939	63.8055	61.2375	65.9551	71.6989	67.8175	48.2339	47.311	56.2806	54.2563	41.8657	8.5101	41.5595	61.3866	73.7233	73.3428	62.9025	66.5512	73.9115	67.3926	55.1109	60.9879	62.8105	59.0208	49.7329	47.1751	45.9472	66.3349	62.5654	47.1832	38.0878	35.4183	36.7749	36.2574	26.9811	20.8445	22.4464	28.6736	36.1804	42.633	46.6026	44.9838	43.2689	43.9135	41.8645	46.3758	53.4803	52.1334	48.4216	41.6455	28.672	60.6221	68.1855	55.2411	45.6083	28.5798	23.6716	48.1697	55.7232	49.0556	41.6003	14.0133	17.9376	59.6721	57.3038	50.482	51.8167	52.2461	50.6914	46.9861	46.9288	39.9983	29.0521	31.2731	20.1923	2.08433	9.97775	7.93635	15.7161	28.4521	34.0985	34.9169	30.9624	15.8278	30.9796	35.8543	24.3594	15.6019	16.4594	26.903	27.7246	25.0652	32.4195	40.9399	43.4607	33.9566	42.1991
2.25763	2.43729	2.52829	2.80489	2.91019	5.07324	5.56695	4.90254	4.96301	3.87929	6.41137	5.94965	6.04635	7.79166	8.1407	10.157	11.1254	9.6339	2.61028	6.59396	9.56705	7.66585	5.5909	4.88408	2.70091	0.868725	1.11246	1.22847	1.4006	1.87076	2.03292	1.94193	3.31588	5.94965	5.37059	3.09068	2.8475	4.70962	4.17001	3.22867	2.95121	5.75626	5.3954	2.25763	1.87881	1.87881	2.0255	1.87076	1.5634	1.78829	1.49431	1.01302	1.35677	1.60148	3.7132	3.18634	1.6015	1.94185	3.82077	4.16985	3.44468	4.78196	6.16317	9.14342	12.4824	9.27013	6.13905	9.95373	9.69234	4.41441	6.43897	10.0641	11.8753	7.44353	2.65029	7.49461	9.93766	7.99672	6.08073	6.54872	8.83645	15.162	15.3784	14.2463	17.3277	27.6937	22.0262	7.50867	13.0584	19.0474	21.8729	15.914	10.4196	10.1498	34.74	40.6842	23.6757	18.8057	14.4785	17.9783	17.931	12.3732	10.5682	8.32788	2.60458	6.43665	4.52144	3.12935	5.14356	6.65442	4.29045	4.50828	8.63727	10.2253	11.5053	12.2665	11.0427	9.688	11.089	9.02809	11.0776	12.2908	10.6243	5.03783	6.85816	7.21962	8.03	11.3551	4.26597	12.5227	28.5288	31.146	31.9649	42.1838	45.1643	30.8402	23.2673	36.0731	34.5302	22.1952	10.5174	15.8694	16.9088	22.2839	6.51478	1.05678	0.868682	0.716378	4.99899	5.5962	3.31588	3.85213	4.0606	7.00128	8.70294	9.10347	15.4618	46.1817	51.0696	49.9005	56.7133	55.9013	60.624	64.6311	66.7181	59.4198	29.2622	53.9868	50.834	48.8095	13.8208	39.2213	47.6733	59.6833	67.4203	69.1443	72.5669	71.8488	54.6749	36.9114	53.283	58.0998	55.7332	51.1571	37.0313	53.1226	53.746	63.4758	45.0698	35.4506	33.9871	25.6948	26.56	20.9683	10.9223	14.8981	25.056	29.9577	29.0784	30.0206	29.2567	31.2825	35.7675	33.4469	32.5574	41.5849	48.6344	45.3809	39.7823	32.4669	20.7848	71.9853	71.0227	48.3122	54.3772	56.5164	24.9045	36.9734	39.3565	55.8753	31.4494	22.8691	49.9211	55.3618	42.3902	37.2589	40.618	42.724	43.483	44.3285	35.6499	22.9019	14.8768	4.38714	11.0673	11.1138	20.7456	28.2258	32.425	32.9474	30.1923	19.8203	15.4618	21.634	30.7349	30.9578	27.7184	14.2914	16.3226	32.5297	18.9567	19.1146	34.2784	44.0176	16.0925	38.3629
1.11229	1.2646	1.38963	1.40043	1.64773	3.26062	3.24217	4.1225	6.04576	3.81657	5.09613	4.96551	5.04614	6.81202	5.85828	5.969	5.22357	7.16152	8.83558	0.173737	8.73905	8.61764	6.52079	6.33606	3.93258	0.737091	0.86865	1.11236	1.16534	1.0567	1.21598	1.16534	1.91829	4.50113	4.70912	3.03141	1.63864	2.6951	2.90981	1.32294	1.74551	4.37627	6.24159	2.50401	1.0567	0.716313	0.347471	1.11229	1.35664	1.73679	1.73679	1.71057	1.91827	1.40043	3.20012	3.07068	1.49416	1.71934	3.61034	4.43068	3.80859	4.79397	6.38041	10.4461	13.7515	8.28455	5.63274	9.50493	7.25791	10.0055	12.4918	6.74663	4.37627	6.96878	5.16885	7.97924	10.0439	7.43653	5.09619	6.40139	9.96437	15.7543	17.0894	18.0196	17.6125	23.8551	18.2663	5.69617	12.032	17.7174	21.5765	15.3466	12.688	18.2432	25.6486	41.361	25.9831	17.3944	8.67688	14.4976	15.762	9.93668	10.224	9.54333	6.29176	6.91788	7.6305	5.95683	7.11206	7.86266	7.15562	7.75707	8.03085	4.52098	3.73703	4.06019	0.77691	6.14577	10.0628	6.43846	7.43065	7.27624	11.1504	14.7752	14.8941	13.8078	12.7584	13.0687	16.5634	16.6195	15.1764	15.6448	5.5124	5.41141	2.52797	36.0457	40.8095	18.0649	18.6218	27.8522	4.39012	19.3746	7.4467	16.5871	15.4271	7.61725	5.2693	4.75984	3.6805	3.56009	2.71731	3.80463	3.82037	6.72662	8.29514	8.29514	15.2687	42.473	46.3029	39.325	44.5843	46.5915	55.4469	54.6687	59.728	64.5588	38.8595	47.9751	47.4396	52.2647	22.0663	44.0637	45.4755	45.9076	65.6422	73.78	73.0892	68.5863	52.6269	4.83442	21.8144	42.3037	40.2943	38.2857	33.4621	53.3532	20.0882	57.8699	44.0284	43.9879	42.0771	13.7929	20.7342	18.0523	2.56342	13.94	18.4096	14.5065	11.6519	7.1056	10.1944	17.7826	24.3135	23.1197	10.0918	7.28449	39.7993	43.8335	26.1326	34.311	23.7461	72.7285	74.9072	35.8709	31.8463	57.102	54.1007	42.1488	39.7583	60.2393	34.9937	35.4529	33.1838	48.3113	42.3427	43.5963	40.5542	38.7432	41.6251	45.3587	33.5125	9.84777	8.51842	16.6286	11.5143	9.85357	24.4696	26.0642	23.8811	20.7093	12.5907	9.06778	27.1831	16.0258	14.5141	10.3619	9.52989	27.2752	6.20342	32.435	20.9903	11.213	13.1261	41.0231	28.7659	38.3966
0.521149	1.09859	1.60123	1.91811	2.09096	3.12388	3.82015	4.34856	5.80688	6.92362	6.72612	4.56027	6.40323	7.55405	6.75258	6.92365	6.88945	8.53174	12.265	7.05266	5.4138	10.3454	9.67406	9.37006	5.76295	0.521149	0.935451	1.16522	1.40034	1.71048	1.94156	1.97999	2.32948	4.21921	5.80435	5.87821	3.80448	3.68014	4.12213	1.01288	2.11244	3.57664	5.92087	3.57243	1.78803	1.4941	0.694851	1.11219	1.16517	1.48392	2.26382	2.58074	1.71042	1.04221	2.60396	2.95567	1.5534	1.48392	3.03102	4.22266	4.45729	5.96095	7.71604	11.7967	12.7003	6.29084	6.40308	5.75525	11.272	15.7571	11.8755	5.1426	6.40308	7.49908	5.8195	8.37366	10.95	8.89579	6.58143	7.66831	11.911	17.4411	19.4357	17.3093	11.5027	16.2226	16.1424	11.0492	14.4754	13.7331	21.4244	20.2999	14.1675	17.0824	18.6253	41.2002	35.3149	22.4528	12.1766	14.8921	14.5519	12.6739	12.8509	12.8159	13.3072	12.3483	12.4032	10.7811	10.0161	8.86321	8.70174	10.1581	7.49943	2.46758	2.95567	4.19771	3.03102	7.9509	9.02615	4.79362	6.65299	9.02615	9.02641	12.4262	14.4904	14.6809	17.1228	17.7466	19.9817	21.0467	21.1548	20.1185	20.7449	19.4105	19.4503	46.3424	44.6839	24.6579	26.4402	27.3349	9.47231	6.72829	14.1578	6.29817	21.6509	19.4482	10.7557	6.95365	4.96529	1.81312	3.61003	4.1366	3.61003	6.6217	8.1822	7.9342	12.7502	37.9437	46.9889	44.1527	43.7977	44.7011	56.1442	59.2905	61.6831	68.2118	62.6624	29.2005	44.7372	55.5199	32.2555	45.9369	46.7516	44.5129	63.7678	74.3676	71.8049	69.6881	69.2635	51.5286	24.6867	38.1799	38.1095	34.5302	41.1742	50.633	32.8635	55.4963	56.4712	61.0951	62.6875	43.0485	14.7732	13.9138	9.97385	22.7374	22.6863	13.3617	11.0026	11.8272	13.4361	19.9327	26.5784	28.8025	27.058	25.9782	39.6611	49.5181	40.5024	41.7515	36.1162	72.2554	75.6937	42.1702	34.417	56.3167	63.0598	62.2168	56.0648	58.987	24.6548	36.9672	19.7387	42.9287	50.9359	51.9999	46.9884	40.9592	40.087	48.1774	37.5636	9.2306	19.104	26.0484	21.488	24.2003	27.4155	17.3554	17.1271	20.8245	18.0414	21.6424	28.8106	19.8556	19.7798	16.23	15.1318	32.403	18.9552	27.9784	26.3512	21.6543	20.308	34.8915	38.7931	14.4665
0.736952	0.716178	0.868458	1.40019	2.03236	2.86248	3.6798	4.12186	4.66691	7.77631	8.64679	7.18722	7.98544	8.72767	9.48066	9.47148	8.71606	8.50694	12.4804	14.4046	10.3616	6.42119	5.15059	11.2757	10.2561	4.05961	2.31628	1.22808	1.01273	1.35647	2.11944	2.11944	2.11944	2.95046	4.34481	6.37952	5.80383	4.69239	5.0718	3.55966	3.95486	5.0275	6.48316	4.17593	2.09083	2.11228	1.57256	1.21575	1.40016	1.63823	2.45497	2.60369	1.81289	1.21575	2.32915	2.64385	1.91005	1.91793	2.82538	3.74438	4.19382	6.54686	9.27233	13.6512	12.6846	6.34665	7.42942	10.7508	12.4466	5.38867	3.07505	7.25656	9.18558	7.62321	5.81894	9.47868	12.5367	10.1753	8.10954	8.45149	10.5555	15.0047	17.0628	14.0856	12.5517	17.7502	17.6761	13.749	14.9524	13.4311	19.301	19.7956	14.6368	19.3818	8.28175	31.8208	38.9709	24.3402	13.8169	13.5349	11.292	8.42348	8.5891	11.7333	12.4331	10.1074	9.48522	5.88032	2.60378	2.26364	4.17582	3.1283	0.885666	6.74335	11.3558	10.8982	8.80788	6.2667	6.76271	4.75886	7.83673	12.3148	12.5348	9.47279	6.64337	4.41972	8.70045	8.55988	3.87818	4.19039	11.9603	18.6618	23.3532	26.3915	36.714	49.5575	42.1013	26.933	37.0633	33.8757	27.2608	23.6525	16.9708	10.7502	5.80644	16.6129	12.6548	5.88786	6.42133	10.4876	13.2881	9.39293	4.89209	5.96036	7.20935	7.60566	12.7301	36.5435	46.1966	38.2665	34.6367	32.4073	41.2482	55.6092	62.5623	68.0406	71.9205	68.2599	59.617	55.5214	40.2911	44.6428	50.7238	50.3641	62.5027	73.7135	75.4243	76.4998	78.1429	77.2342	73.0773	69.0579	65.5968	52.6545	48.6897	47.7553	25.0931	35.9861	40.9197	53.9359	67.6174	67.8829	50.6467	16.0541	19.3401	34.1975	23.9536	8.28868	12.8107	14.434	11.4836	18.6621	29.2534	37.412	42.1712	43.3781	45.3126	52.0147	52.2922	54.9459	55.3411	65.2694	74.0754	63.625	46.4141	11.3671	22.7769	46.3268	58.3714	56.7682	36.8308	44.1243	21.7704	33.7913	48.5783	52.2474	48.3798	42.631	41.5605	50.0097	40.5967	17.8596	18.0244	20.8634	11.2299	4.41978	14.6071	32.784	40.4935	42.1519	40.7804	34.0614	30.1036	25.574	27.4682	26.3838	23.1938	35.0989	34.7711	13.2849	14.4975	21.7574	20.4997	23.3574	28.5355	31.0569
0.245637	0.549226	0.549226	0.549243	1.01269	1.74502	2.43018	2.69442	3.07486	5.60745	6.22814	5.46766	6.59144	6.2115	7.58588	7.69192	6.65193	6.39973	7.9551	10.2313	10.5441	8.13789	3.29183	7.87141	11.3945	4.67916	3.33716	2.09771	1.71887	1.26425	1.11204	1.32256	1.35633	1.60095	1.97961	3.67945	5.0507	5.05063	3.47384	3.8508	3.72408	5.24206	5.63658	2.79843	1.25232	2.03209	1.64727	1.05638	1.40001	2.20954	2.46699	2.09051	1.25226	1.04202	2.48523	2.41148	1.26425	1.40003	2.36105	3.18987	3.18987	4.605	7.59152	13.7134	15.3292	5.65232	5.25921	10.2441	5.57567	6.26837	7.33268	8.84814	8.28601	4.85472	4.57892	10.9125	13.341	9.47176	7.75465	7.15953	7.0597	10.7492	14.1237	12.3423	10.9073	23.0064	19.3896	10.9427	16.5948	14.1187	14.4182	15.6887	13.1292	16.2302	17.2199	23.2979	40.5389	24.238	13.2703	14.8921	13.2534	5.96735	2.48531	5.6526	6.91593	3.45657	4.605	1.97954	6.38101	3.12815	7.05338	2.25682	3.62184	12.6311	9.76955	8.37248	7.85112	5.34642	2.94492	2.8622	4.96436	9.98505	10.7788	12.5367	10.4557	2.14738	6.56227	10.9063	7.48224	3.57599	10.4474	13.5079	15.1592	18.9005	32.3264	41.2549	33.6564	18.3799	35.0561	32.3583	24.2544	21.2321	17.7189	6.29697	4.53639	8.77333	12.5367	4.50991	4.33403	11.8154	11.8733	10.2144	4.49671	3.89708	5.63649	7.95493	16.8337	43.4112	49.7451	33.2603	29.9897	34.0843	3.03048	32.5898	50.0072	56.502	65.0096	66.9822	60.1013	41.9065	33.9731	32.896	44.2243	44.3783	55.4588	66.1227	69.8316	69.3075	73.1164	75.5184	73.5528	68.435	66.8001	55.4471	46.8097	33.6055	29.2034	16.2788	24.8238	45.6821	53.616	67.4391	62.1017	45.0725	10.3089	37.1149	26.8567	13.1773	22.1543	15.8637	5.50033	11.3761	20.1841	26.7221	29.6023	29.9599	35.8708	41.8187	43.8532	48.8097	50.0082	32.3208	66.3317	66.2277	58.1744	37.5964	25.6495	34.2297	45.1136	40.4841	50.605	51.0194	27.0212	24.2588	48.283	49.0305	46.6705	44.3341	45.5237	51.4579	42.2082	18.9312	10.0729	15.1723	20.8695	18.8184	26.2341	31.0396	30.715	30.4815	29.7983	27.7973	22.1394	19.6932	20.3596	20.7365	21.5458	27.6693	31.4966	26.7093	5.39337	17.5421	12.0761	12.9998	18.4502	27.706
0.245612	0.549169	0.520998	0.491215	0.388341	1.01254	1.32238	1.21551	1.74482	3.89668	4.2883	4.17512	5.63601	4.24973	4.10998	4.49942	5.54275	5.53197	5.16698	5.41223	4.16437	5.09722	7.28956	4.21792	9.3642	5.29809	4.2883	3.24093	2.41747	1.70992	0.347337	0.49119	0.17367	0.549186	0.626168	1.55295	3.80323	5.54275	3.50791	1.78751	1.64716	4.73258	4.26376	0.694649	0.776615	1.87782	1.4936	1.48349	1.94094	2.09749	1.87782	2.19567	1.39989	0.868287	2.6032	2.46674	1.01254	1.01254	2.09029	2.94462	2.82479	3.33226	5.57483	12.576	16.5868	8.03529	9.48942	4.28144	5.91915	7.93192	7.12351	7.97626	7.01693	5.89415	7.28973	10.7093	12.7764	9.46461	7.72909	6.90011	7.01704	9.43395	10.6716	9.56693	10.5124	23.288	20.5182	11.3934	16.6702	16.6252	16.6218	14.8805	10.5248	12.8778	16.9718	21.3002	41.9431	24.7934	12.9398	15.4282	13.7384	5.7146	6.03629	8.29248	6.62675	1.8126	2.78196	6.11688	6.17477	5.09426	12.7535	13.1121	14.2948	13.6027	3.65859	3.4081	3.03026	5.95421	0.868308	3.08904	2.94477	6.80946	9.5014	12.3316	10.3772	5.16717	3.31429	6.37802	6.67106	5.18998	10.409	13.2848	14.8906	22.3419	33.0322	42.6612	42.0876	32.626	37.1605	27.7193	26.6557	24.8968	20.4572	21.4035	8.17293	7.43973	9.87883	2.94973	6.40832	16.1481	13.5691	15.9991	11.9187	4.16806	6.45664	16.9908	31.6743	48.5918	45.956	26.9103	36.0403	27.6621	24.3647	27.3969	22.9998	31.6572	42.6273	50.211	52.5515	50.1037	38.465	34.5655	41.3966	34.7023	39.9861	48.2139	56.2577	42.4892	49.5456	65.5625	68.0846	53.7882	61.4207	60.1609	53.8986	48.5536	52.1903	33.7854	14.1607	48.8706	31.5401	53.6924	65.8222	62.717	41.3511	21.0182	33.9742	35.6038	36.7421	20.5774	5.89411	8.93248	8.42708	4.23223	6.28685	3.65869	19.9186	30.6308	40.8796	47.2624	44.98	19.9876	52.7666	63.56	55.7149	35.4028	32.9801	51.9637	45.563	17.0339	49.854	51.6186	40.4566	30.9256	49.8656	46.6052	46.151	45.3034	43.3098	51.8156	43.5809	13.6835	15.2423	14.5851	13.6347	13.3192	17.9568	19.364	17.6961	21.1727	19.8239	25.6779	14.9032	9.22807	7.84995	7.13608	17.6243	21.9919	21.8907	31.4981	18.5165	17.9954	17.2421	18.6967	17.9781	12.6424
0.173654	0.388286	0.388307	0.491173	0.549137	1.05617	1.22774	1.4834	1.97921	3.64593	4.5057	4.53551	5.72198	6.17417	4.85376	4.72912	6.48128	6.23642	6.14298	6.88036	6.75012	6.67955	8.05461	4.54873	4.85379	8.86799	7.47481	5.88599	3.95357	1.97914	1.05617	0.245591	0.626114	0.868205	0.776579	1.5721	2.82463	5.50193	6.14298	3.42103	4.12066	5.71421	2.94951	0.776537	3.81475	5.2098	3.93097	3.19875	2.6939	1.77039	1.05617	1.39973	1.5625	1.39978	2.94943	2.74353	1.11175	0.982207	2.33491	3.08873	2.60294	2.8245	4.57799	11.1252	13.7971	11.5127	9.73503	5.03496	7.45673	6.74979	6.6504	8.10881	10.0579	7.63054	4.04721	7.01621	11.6352	10.2162	7.57241	7.3311	7.04984	9.9203	11.5986	11.3572	11.5234	18.9373	20.7433	11.7777	9.96975	11.2774	17.3865	18.8084	15.0115	13.5052	13.6637	22.7122	43.9655	27.3412	13.5436	14.0043	12.2879	7.70732	4.86302	9.01668	10.3252	8.99079	9.53922	7.32956	5.77629	16.3426	20.2462	22.3672	26.764	24.9007	17.0041	9.7559	5.28654	7.62102	4.19276	9.18295	7.69827	8.2526	12.6957	10.1141	3.4903	6.02594	8.25228	9.24598	7.95347	7.26257	11.1189	13.4981	13.731	20.4946	31.6758	50.646	48.746	33.9529	47.5777	39.0632	37.3631	37.0752	30.1973	28.8948	20.803	10.8151	4.79167	3.33662	20.246	35.2691	37.8682	38.0115	32.649	19.4804	9.96014	27.1557	36.8369	40.7641	30.4942	36.3968	46.3487	8.50956	40.8209	30.478	26.729	34.982	43.1473	51.295	57.2416	58.0955	44.1742	33.5395	40.1537	34.3005	36.2025	57.3022	66.3867	60.2868	45.9323	54.0263	72.3902	49.5454	53.966	68.6225	64.1866	56.8627	59.316	51.3224	25.5665	34.6763	52.5065	28.373	65.7792	70.6788	66.7933	40.6852	38.1258	48.3378	47.9659	25.823	15.9875	15.8177	14.1554	12.1644	14.879	13.9733	18.3766	28.0163	40.1066	54.2295	59.2781	49.053	31.9217	64.9907	58.5728	40.3057	39.2439	57.6746	50.9404	23.6857	48.4246	54.292	52.5475	36.3705	52.872	52.9446	51.9552	46.3594	32.6383	48.9033	45.2603	21.6351	27.4784	28.8644	20.3068	22.3827	28.1462	31.7235	28.858	30.251	29.07	33.4319	21.6004	7.48051	14.7683	9.13879	6.26951	20.623	24.7619	31.5093	26.9248	18.3126	26.5465	17.4138	17.5567	15.6173
0.245553	0.173637	0.388268	0.491123	0.736662	1.22763	1.05607	0.549066	0.694518	2.11142	3.31363	3.64148	4.86252	6.57833	6.88617	6.37705	7.09121	7.48008	8.26431	8.34195	8.12827	8.35602	8.95568	9.96916	4.53502	4.17433	8.26431	11.1863	9.87289	5.85516	4.12026	2.28266	0.694518	1.01235	0.868144	1.78717	2.69924	4.04326	6.51046	6.43499	5.81696	1.70966	3.67433	5.73198	8.15163	8.42064	8.18052	6.50829	4.66192	3.43383	2.45417	1.35594	1.05607	1.09803	2.71022	2.82426	1.35587	1.25189	2.64852	3.12712	2.36034	2.33471	3.12712	8.33288	9.50136	6.6501	4.19227	7.21485	8.34689	5.57378	5.26598	6.18796	11.1949	10.3335	5.2091	7.99135	11.4974	9.68281	7.36259	7.57177	6.86008	11.7428	12.7066	11.1436	11.3587	19.5236	23.7439	17.3356	18.2305	20.0595	20.3414	19.962	16.5458	16.1978	15.3331	24.7498	45.2879	29.8051	13.1902	12.8402	9.51644	5.77576	8.27657	9.56516	7.66102	11.2782	9.01419	6.46005	13.0057	11.4787	11.7804	14.7064	19.6751	32.8825	42.4547	43.3175	39.6258	32.0158	22.1943	18.6552	12.0164	6.18821	9.77672	4.33267	6.14248	4.62323	11.611	10.4403	7.5269	6.00527	10.4527	13.1679	12.5568	15.8559	25.4699	51.5175	57.9037	43.7391	14.5858	33.0331	34.0773	29.1404	22.078	27.834	22.7836	12.3833	5.43601	3.31373	26.1451	32.3398	17.5852	23.1087	36.4624	33.8158	18.732	23.4621	31.1085	35.2355	35.3659	47.1821	53.5659	52.0395	52.5029	36.8318	32.1366	37.3557	42.752	46.6603	50.9129	56.5045	60.0507	35.0248	24.6193	33.3175	30.7756	60.0185	70.3932	61.0811	52.3564	61.6316	70.0747	48.8504	40.1435	54.2836	63.7841	59.954	60.1984	63.1643	60.9895	50.2965	40.6329	47.1869	12.2283	61.4944	68.8263	63.8387	49.9364	32.6113	45.6981	35.9883	32.2446	28.3096	23.1988	20.1835	23.1998	25.9026	23.8551	15.0219	10.523	27.0433	56.6999	66.8107	49.2618	56.8112	65.4499	60.8662	51.3373	50.6684	56.8319	35.051	27.1953	51.5938	55.3409	44.4054	58.7888	60.8717	57.5691	52.5879	45.0473	41.1802	33.6601	16.5097	9.84627	17.7581	17.8258	27.0154	26.4677	15.5062	4.77878	11.7719	8.77414	17.8249	28.2834	31.5349	32.123	34.6588	34.4076	23.695	10.9265	29.5365	37.1186	20.335	20.3759	23.2429	19.5832	17.651
0.173621	0.245545	0.52085	0.491081	0.715834	1.05597	1.60024	0.549011	0.173621	0.934875	2.14654	2.79731	3.64114	4.58711	5.37763	5.54125	5.72096	5.36942	6.01734	6.9133	5.75209	5.69239	6.41589	10.0101	8.58484	2.65396	4.54787	9.0584	11.0588	6.57772	4.86206	3.31331	1.97877	1.60024	1.04161	1.25184	1.86934	2.08982	3.7427	4.75668	3.36735	4.61289	6.0639	5.03413	6.45488	5.39141	4.5774	4.5774	3.51128	2.87162	1.91701	0.885241	1.21517	1.3887	2.32803	2.33447	1.49316	1.71819	2.84517	2.70994	2.08968	2.33447	2.22225	5.26547	6.45479	4.44125	4.51797	8.78324	9.14923	5.43256	4.42773	4.04636	9.64429	10.2285	8.83795	12.0136	11.069	8.7717	7.59632	7.57106	6.80751	11.9756	12.6797	10.9451	10.8025	20.9838	23.1655	14.8866	17.0788	15.3124	16.5795	19.5872	18.7495	20.0141	18.2848	27.5702	46.7724	32.4385	14.9252	12.2394	7.41576	4.28025	7.49488	15.5254	9.32731	4.49829	4.72805	7.73445	12.3822	12.8085	14.1266	17.5292	33.8812	37.19	33.3609	39.3883	40.264	36.816	19.3315	12.6192	12.4017	2.65396	5.90503	9.07306	8.58522	8.26319	10.3044	10.152	9.42506	6.74865	12.0937	14.6712	11.7429	10.7973	15.4521	38.9612	50.5274	48.3063	41.2913	18.5972	37.2638	32.8159	28.7445	29.0531	17.4284	9.63678	5.04278	1.77001	24.8447	29.4855	24.8814	16.3869	18.5916	31.7235	18.5203	8.51451	22.0181	24.2781	23.9251	37.0816	42.2855	49.1073	42.4731	29.6991	26.2326	30.0517	35.5558	36.779	40.0605	63.8791	69.1213	22.2452	8.55566	31.2228	34.5541	53.3885	67.3181	71.7317	67.8948	57.4052	57.6748	51.1649	50.3061	56.4163	51.1781	61.8452	52.0206	59.1442	60.3399	52.2491	32.8728	33.6489	54.2603	44.3377	66.07	58.8996	57.0764	23.2889	27.3577	32.5462	38.0705	36.9244	31.5895	20.1029	14.5169	16.7004	17.5024	17.5042	3.19821	4.17382	38.2637	63.9862	68.4077	26.4469	58.5655	68.8974	64.6189	25.5191	46.722	55.1992	30.994	33.8593	48.346	34.4068	57.5527	58.2286	47.4371	40.6255	38.7326	34.0071	12.7956	5.14806	22.6615	9.11146	18.0456	20.4418	10.2896	11.4116	16.2819	14.7178	15.116	22.4896	34.4661	34.9109	23.1975	24.4353	29.514	29.474	16.1435	20.25	33.8364	31.1854	8.78687	23.4699	22.0053	20.3033
0.173605	0.173605	0.548962	0.173605	0.388179	1.01216	1.71804	0.520801	0.388195	0.625903	1.35561	1.70927	2.19484	2.25566	3.64484	4.11938	4.17355	3.46786	3.29025	4.95878	4.17355	3.47219	4.11938	8.25535	7.9142	6.22755	6.74153	3.47217	7.79443	7.11477	6.24655	4.68013	4.00145	3.10244	1.25166	0.694387	1.26364	0.625932	1.16439	0.520801	2.94351	8.80245	7.66324	5.581	6.77441	6.92975	5.40762	5.33266	3.40682	2.65372	2.17418	0.694387	0.934793	0.867938	1.84476	2.20848	1.49303	1.84476	2.82373	2.46581	1.97857	2.35989	2.02368	3.7502	5.75912	5.47304	4.77788	9.88102	9.96853	5.34643	5.04822	4.70555	9.16281	11.0329	10.2431	11.896	9.87077	8.1066	8.01744	7.7034	6.83513	11.3703	11.7746	9.63596	11.1106	24.4133	25.0478	14.1476	15.0149	11.1915	14.4221	18.3645	14.0285	14.1741	13.3778	26.6732	47.6227	33.9172	16.259	12.6017	6.71059	3.25816	8.13371	17.0081	10.8015	4.30404	6.85234	4.90429	7.41512	8.829	9.95698	12.235	36.1451	43.6368	30.9891	17.3325	17.9507	40.9304	23.3376	4.62236	12.7586	7.43116	5.11299	6.31041	3.41564	8.92917	8.61121	10.5168	9.41185	5.54877	12.7487	15.7853	13.4625	12.7954	10.3179	27.0893	35.2351	34.0716	50.6294	36.5091	37.2312	35.8879	28.5421	25.8339	15.9802	9.58917	5.19375	2.70971	18.1552	22.2074	22.2074	25.1255	23.5064	29.9989	13.5525	1.84476	14.0964	18.9229	23.5363	32.4669	17.7084	31.2904	18.3971	15.9305	14.6715	11.8138	15.6077	14.0843	13.2857	64.379	71.1575	29.2839	22.7197	26.1357	36.5022	48.1416	56.7155	69.6166	74.39	55.1799	27.7628	46.065	31.3708	65.7377	15.8418	58.438	36.0174	45.6282	53.101	39.081	46.9445	14.6561	58.4931	36.9276	64.9187	46.4063	50.8592	44.6477	20.4904	31.0074	38.642	38.695	35.0833	19.5405	4.67692	3.67364	9.63617	17.0589	20.7493	26.0309	46.9064	61.163	71.8396	28.6908	26.7262	68.7297	68.9333	27.0978	29.8919	54.6413	51.2104	14.9529	46.6874	29.4492	55.3608	55.0339	38.2077	24.8681	15.1215	9.61377	16.9561	19.9059	25.7743	10.5214	25.0356	20.9182	18.6393	23.3316	21.736	24.1542	20.0287	19.1079	33.5913	33.0076	8.91787	20.0186	20.5415	12.9023	27.628	31.6007	30.2629	32.6267	11.5101	19.4237	17.3815	17.7294
0.388161	0.347173	0.548908	0.38814	0.245499	0.934699	1.11133	0.625878	0.867906	1.21494	1.39923	1.57153	2.45339	2.62501	3.29909	4.16242	4.62194	5.26469	5.36551	5.20488	5.29573	5.12703	5.5804	8.6966	8.81016	8.77044	9.73282	7.28444	2.60204	5.03307	8.51168	9.92882	9.11446	7.21292	2.98374	1.43118	1.74402	1.16434	1.59997	0.776286	4.54678	12.9761	10.9852	9.5888	10.6131	10.5859	10.2046	11.0168	8.56815	6.05543	3.53599	1.26356	0.885074	0.715676	1.7353	2.60196	1.3992	1.47257	2.50186	2.56123	2.09649	2.19462	2.28197	3.67316	5.57221	6.11139	5.65699	10.6138	9.87419	5.75084	6.23392	4.53361	8.98687	10.9431	7.80679	10.9967	11.7407	8.3673	7.80116	7.22911	7.51888	13.3598	12.5972	9.34907	11.7868	25.4991	24.613	10.9365	12.6819	13.0614	19.8814	21.1037	15.2558	18.1213	18.2759	28.379	48.7081	35.3843	16.5215	13.9842	9.14753	7.74836	9.5581	16.0396	10.2913	7.19642	7.32836	2.43496	6.22696	9.84351	9.79939	12.4702	29.5165	40.857	42.021	41.7058	23.5901	36.9526	38.5889	14.6655	15.0989	15.8875	14.435	14.2019	11.2725	3.16444	6.7933	12.3261	10.6722	8.40269	13.5265	15.7367	16.1314	17.9266	15.9511	25.7148	31.366	36.7099	50.6432	48.0334	17.3703	33.8116	30.0257	23.7035	18.3954	12.009	5.63323	3.19739	10.3724	20.5927	27.3538	31.0318	33.7205	24.5286	7.9361	3.84846	10.4499	16.544	22.4032	35.8553	30.3985	35.235	21.4083	22.5251	21.3781	16.748	18.6637	20.2297	16.2018	57.6013	70.3993	62.2722	36.8645	27.9636	36.9469	51.8765	57.9835	66.7483	74.712	70.7566	48.0045	51.8974	42.7204	57.0186	52.4164	47.0815	53.1715	46.6606	54.2897	47.9681	51.894	39.187	46.4512	21.182	61.1127	46.1039	54.3013	63.0628	46.2165	31.6669	28.3902	35.4736	36.5208	20.0222	7.76363	8.71706	11.6831	17.1468	18.8499	24.8625	46.3864	64.0391	71.7965	31.8466	17.599	63.1877	68.4289	45.8164	34.9889	52.2531	59.5468	28.1548	47.2537	47.8786	57.8824	50.0899	13.6331	29.877	35.1984	22.9306	13.1838	20.6447	22.1101	14.5561	23.6233	27.1302	27.9718	31.7891	34.6436	36.17	35.5879	32.668	24.0776	24.7138	40.8347	46.1547	45.748	36.4605	19.367	7.73301	17.1796	16.7688	17.9742	34.3219	29.5317	32.2833
2.35956	1.59988	1.32168	1.32168	1.39914	1.01201	0.245461	0.490938	0.625814	1.21482	1.38831	1.21482	1.93984	2.4532	3.16421	3.65656	3.57369	4.5858	6.14009	6.34207	6.34207	6.51491	7.27759	9.48415	8.81602	8.70444	10.5194	11.8656	11.0314	8.10545	3.65663	2.60173	7.28539	8.77089	5.11182	2.35954	1.63707	1.05569	1.87676	4.33448	13.9516	24.2955	24.4691	23.3698	19.4667	10.1468	2.35956	6.00333	13.6449	15.1907	9.65249	4.11873	2.35956	1.49282	1.59983	2.08911	1.3991	1.56176	2.4836	2.82324	2.60757	2.79657	2.7804	3.74154	5.64859	5.49916	5.60373	10.5013	11.8257	9.83386	8.3386	6.00311	10.8909	11.387	5.62746	8.69399	12.3375	9.39002	7.59424	9.39002	11.6814	16.1686	13.2397	10.8171	11.4585	23.57	24.6873	13.4464	15.7619	15.3267	21.6058	22.9217	19.6638	22.5664	13.8315	30.5738	48.6256	36.2488	16.348	16.3587	13.7877	11.5527	11.8174	14.8948	9.31082	8.35967	9.13582	6.50586	7.15496	10.6389	10.1396	9.80893	17.0251	24.9349	30.7666	43.0038	49.6728	26.2372	29.6521	32.7018	26.9846	25.2096	22.3315	20.2942	20.9728	16.4547	8.08008	6.74669	8.48656	6.67424	11.318	13.1826	10.9948	10.5013	14.6033	19.8801	25.7335	33.4319	44.9324	53.0612	40.0509	17.0938	30.133	32.2011	25.7734	15.772	6.9857	5.03259	5.4203	12.0685	20.3925	23.6589	19.4243	11.4488	8.44513	6.58048	8.95873	16.2793	25.6423	15.3404	17.5997	22.3202	6.83406	5.18706	1.93982	10.7744	31.6149	45.6872	44.6123	31.7492	55.4057	62.7675	60.5636	53.6631	43.4736	46.659	53.7665	60.3997	71.9071	76.0854	72.8922	72.0865	73.1189	57.9277	60.9138	46.7642	64.6264	55.253	54.0961	48.6488	53.4557	50.0013	32.9315	31.9515	59.2186	60.0164	55.8646	64.779	61.5565	38.1125	24.8044	30.2649	36.0659	24.7283	12.2328	14.0915	19.1438	18.7158	15.9345	32.6462	46.2014	65.3792	70.3261	44.7625	43.9503	42.0709	63.0449	59.3621	44.3253	49.0116	58.4654	48.6331	7.70379	35.1814	33.8475	41.6634	57.4067	60.2274	61.551	59.4091	47.6164	28	21.5239	9.12128	15.0129	27.0174	31.2115	29.1019	19.0694	3.98938	11.1822	16.9586	25.1717	31.9517	29.5489	20.1053	26.9352	38.4034	40.7387	34.9406	25.4144	7.60016	40.5248	46.9352	54.4655	61.1859
2.02321	2.46526	2.74215	2.74215	3.33474	3.18288	1.90841	0.245452	0.347108	0.490862	0.934523	1.04122	1.56162	1.57123	2.08898	2.95295	2.99335	3.2389	4.45319	5.37292	5.79889	5.9556	6.42278	8.61235	7.64007	6.61359	7.60938	8.62783	9.38962	9.99527	10.364	9.25871	10.8161	10.5564	5.5365	2.25512	1.43091	1.05557	2.95284	9.95417	18.2608	30.2923	32.4205	29.9412	22.3993	15.5926	6.73967	8.9805	4.3444	13.345	13.2354	6.47779	3.53542	1.63693	0.884907	0.884884	1.59972	1.76939	2.45293	2.60731	2.52542	2.96817	2.94785	3.70499	6.11025	5.04677	4.00032	7.41309	9.64242	11.0611	10.4231	7.62627	11.3166	11.1576	7.76193	10.6107	16.8242	17.4046	14.7976	13.583	15.5201	16.1746	12.0068	10.3287	11.5034	22.1191	25.8099	19.567	19.1057	16.0845	21.2511	24.9289	22.7138	20.7051	9.47235	37.3683	45.9635	34.5317	15.2184	19.5036	15.9111	8.88732	10.2021	11.2724	7.048	5.8522	6.77243	5.87532	7.11921	9.30387	9.36619	9.78299	13.4705	17.1704	19.5384	26.4514	38.3618	42.5382	18.2254	32.5462	31.4824	26.5841	20.4449	16.3184	18.9947	22.783	20.8027	7.96221	4.10725	4.43978	8.2745	10.39	10.6768	11.0816	11.3721	10.1672	18.399	26.3052	34.9439	49.1683	51.3735	41.6743	13.0448	29.6002	37.2541	22.7135	8.50482	6.35554	5.52052	7.33347	9.00986	6.60214	3.80089	9.31472	9.80937	5.37557	8.58147	35.4355	39.8971	30.9539	23.2947	5.13777	13.6318	18.1249	14.1013	15.1311	46.9026	52.5648	56.7841	54.1021	44.7621	39.6556	27.7877	46.945	51.3631	40.5518	40.2654	41.235	59.9994	72.7467	73.406	72.1114	75.4682	76.2556	68.9256	59.1828	65.705	60.516	53.2686	43.2944	48.9773	42.9003	32.4137	46.925	50.328	60.1317	48.2353	59.3073	61.2429	43.7559	40.4569	37.7851	32.3443	21.8045	13.2383	13.2594	11.9477	11.1581	12.4679	30.4949	38.3576	62.2363	66.8923	45.2841	43.4797	23.4009	42.6444	63.3425	58.8055	53.8678	50.8272	52.8751	49.9519	28.5125	44.2697	61.978	64.3886	61.2977	59.7389	61.5004	55.6883	38.6229	32.7309	26.2158	16.1084	15.7705	15.8376	9.09373	10.9938	31.5724	40.7958	40.8773	31.5275	9.1479	11.2158	20.7636	23.0887	25.5751	36.224	42.9657	30.5362	27.113	45.3194	47.6639	56.7549	64.2485
0.347072	0.388048	0.694119	0.77606	1.5995	1.7086	2.6012	0.173538	0.24541	0.24541	0.625656	0.5206	1.16394	1.01176	1.01176	1.63666	1.5995	1.76921	2.43427	3.13974	3.1206	3.07221	3.7047	6.70809	6.47699	3.25706	3.1014	4.11792	4.66245	5.33064	5.63454	5.99231	8.27894	7.44996	2.79602	1.25124	1.57105	1.39882	5.05506	12.7791	15.9095	30.6526	26.8164	7.25962	21.7206	20.8474	9.38351	10.5787	14.7783	7.63746	9.26347	7.46975	4.85054	2.45273	0.867625	0.347072	0.884793	1.0974	1.86836	1.97782	1.43071	1.81115	2.45268	3.50941	5.90208	4.878	3.10123	5.86926	7.08067	7.79141	10.7922	12.2511	12.4344	10.1982	9.18936	13.3769	19.0083	16.1807	11.2921	10.4253	10.2674	12.4446	12.1091	10.6837	10.4012	20.6558	23.8307	18.4663	16.2063	11.8627	20.707	25.1918	22.9128	22.9976	23.1167	43.8481	41.5704	31.5772	14.7347	20.7306	16.0731	7.09732	10.4344	11.1115	8.23088	2.64132	3.87447	4.04098	5.04634	6.26297	5.26316	9.27346	13.1183	15.5991	15.1729	16.8391	18.6019	42.4183	40.0313	2.41573	17.8805	26.7865	24.6242	15.2231	12.4783	15.0604	22.3877	17.9749	8.41251	7.46809	4.98408	7.70794	10.5169	13.6201	9.08584	7.30037	11.3452	15.9103	19.8265	32.001	35.1153	39.9494	42.5112	31.3709	37.9669	27.2092	7.42038	4.7544	4.22905	5.26328	9.11972	9.72231	5.26293	7.42829	4.37127	7.05361	13.8484	38.8427	29.3961	37.1462	25.0601	3.84726	21.6293	15.5579	11.6375	9.20211	48.5304	54.1075	35.6472	52.8399	52.5838	59.3729	63.1042	54.8734	45.0723	41.2763	33.7259	33.5525	40.7451	56.0924	62.2742	58.2807	63.6429	73.5184	68.9802	47.7497	60.7656	63.884	58.4172	50.4812	42.5381	34.9974	23.7233	41.0525	19.0846	42.354	31.26	59.643	54.7987	26.2286	26.8067	31.0334	27.5739	14.6058	11.5712	15.7067	12.6739	4.3851	9.63252	15.4528	41.4061	49.9616	59.905	36.1399	34.1647	39.3209	14.9655	53.2062	64.2683	61.9846	56.3707	53.0722	52.6943	49.8115	57.6252	59.3685	53.6069	50.976	51.2039	58.3833	53.9594	33.2559	32.6939	32.0188	20.0201	12.6689	13.1025	14.6738	27.595	34.3931	24.1069	12.469	19.6487	17.4853	8.8256	7.59845	10.122	26.8809	37.5891	32.3726	5.13693	36.1873	46.127	49.5753	52.8299	57.6185
1.3879	0.173521	0.520551	0.388009	1.32129	2.08856	2.02271	0.490769	0.34704	0.490769	0.715403	0.548716	1.01167	0.77595	1.0973	1.43058	1.43062	1.59939	1.93928	2.52485	2.45249	2.80115	3.33402	5.57819	6.9413	4.54525	3.18693	2.95236	2.43404	3.45316	2.42785	3.12516	6.16952	5.08992	1.59939	1.22683	1.73469	2.33315	7.72255	12.4118	12.2048	25.3714	30.957	24.6457	22.0338	17.664	10.8442	4.70978	11.2986	10.4889	2.28114	6.57394	7.29967	5.40769	3.12031	1.26304	0.548699	1.04102	1.769	2.0957	1.63652	1.16384	1.7859	3.57252	5.51644	4.90195	4.08821	6.90064	7.33169	5.90915	7.35773	10.664	15.1608	11.7824	7.82845	16.639	21.4323	17.0266	12.2747	9.84011	10.334	14.4969	15.6142	11.0757	11.0757	22.5599	23.3098	14.6886	15.5697	15.2157	27.2991	30.0634	24.6616	21.4434	31.8562	48.1609	38.116	29.6288	16.5482	19.8597	15.0199	7.49059	9.30809	10.3043	8.47365	4.72558	6.81264	5.03124	6.12609	6.28142	6.99234	8.37332	12.026	16.3863	13.6067	14.2281	15.4705	36.0828	41.1675	26.1704	13.2709	16.2648	34.698	34.4185	22.8186	14.1113	19.8832	21.6401	16.1255	15.4473	13.6452	7.10951	6.24345	13.3172	13.3627	10.8961	3.57265	4.85008	17.4838	24.1742	20.0239	25.7663	35.776	38.2916	30.8991	21.9344	7.51608	3.95073	3.64324	1.63659	5.04581	8.63774	12.9878	13.0275	11.0374	5.62612	14.6717	31.9482	35.3698	37.3582	18.2459	10.6087	21.7542	14.9681	14.5314	7.71327	40.2293	56.9413	51.2332	26.9703	48.4244	64.0211	63.8842	62.886	44.6331	23.5259	33.2627	39.4065	36.2915	43.0471	53.0173	39.8256	30.1253	33.7785	55.5926	54.0767	59.9974	64.6415	65.9208	64.585	44.8522	46.0871	26.8688	24.6441	26.6201	14.1257	24.5222	63.6253	48.252	22.2152	23.3847	30.2179	24.3419	20.8774	19.9981	19.7439	18.5922	20.1562	29.4888	33.363	21.2743	35.6132	49.5621	30.8849	37.8948	41.2061	38.1126	10.8429	57.093	66.8109	66.6563	61.1022	46.3147	54.5523	53.2732	46.6169	23.1545	33.6809	53.2025	61.008	54.5261	34.9995	35.0299	30.5968	15.4742	13.924	13.7925	18.3004	33.5147	30.8651	11.7369	13.3959	22.0201	19.8964	9.64966	12.3022	15.7397	27.822	35.3515	18.3654	12.7715	38.5342	46.1338	48.9101	50.4254	58.6718
2.48263	1.09723	1.01163	0.867461	0.387954	0.775872	1.26291	1.09719	0.347007	0.934251	0.884626	0.387975	0.625538	0.625538	0.736056	0.867461	1.09723	1.39856	1.86801	1.97745	1.57078	1.59925	2.45226	4.34314	5.90112	5.16223	4.54485	4.18902	3.06659	3.10065	0.548667	4.85883	6.224	3.81542	1.39861	0.981433	1.57075	4.05843	7.70651	10.0625	11.5471	17.4331	22.632	22.6667	15.5866	10.7622	11.8606	4.88627	5.11011	10.6673	8.97818	2.09559	4.99506	7.79022	6.08915	3.10065	0.625578	1.16378	1.91571	2.5246	2.10981	1.5992	1.87602	3.46576	5.75836	5.51588	4.5708	7.22568	7.62408	5.57753	5.96102	7.38495	13.2873	12.6002	7.7008	11.4701	16.2102	16.6958	15.1961	14.4129	12.3299	16.1903	18.9825	12.0542	11.7573	25.173	25.1808	15.7517	17.4449	19.2168	33.9338	34.3403	17.8857	8.66595	43.6987	48.0491	35.0003	27.4349	16.7458	17.5442	13.0295	8.17211	8.76749	11.9678	11.0618	6.18357	4.80032	5.34365	8.11666	7.75066	8.19227	5.34365	13.9808	16.8319	12.2082	12.931	12.8667	26.7897	33.5787	28.075	27.3423	26.8852	27.4187	42.9992	41.6303	30.7514	25.2473	22.2113	16.1208	13.8387	14.8668	13.5537	10.9071	6.64501	2.46454	4.66136	3.87383	4.84979	18.9585	16.3427	13.0495	16.0229	15.1601	17.9305	12.5065	10.3326	12.87	4.34318	5.1938	4.19249	5.5349	5.02176	7.27452	22.3232	14.3844	17.3052	7.89523	14.8119	22.3239	17.4976	10.3262	13.8462	19.4671	16.6897	9.62055	7.89475	34.7146	50.2716	54.7201	53.6358	43.9499	64.7111	63.7907	66.3192	61.9852	40.6719	11.6366	20.6507	25.7178	30.4658	44.8977	57.19	64.0875	65.1396	53.5589	20.8944	55.6412	62.1051	69.4614	69.7629	63.7939	62.5572	48.7794	19.2033	27.4616	38.2398	31.3291	66.0021	39.0719	14.1393	18.3541	27.6635	20.4957	22.6151	23.106	19.3483	20.9065	26.4771	31.076	39.2414	42.7986	49.4476	46.0127	22.5281	35.4104	39.5811	43.6626	39.6179	15.174	52.8861	69.3747	68.5726	54.8214	56.725	50.2695	18.9843	16.5427	25.7263	49.5413	62.6524	56.0187	32.6134	34.0881	28.9917	12.6666	15.5691	16.6254	23.7618	35.9434	22.3431	13.2319	13.9037	24.4486	23.7357	12.5918	13.3164	14.1942	30.6075	40.2443	18.4765	13.8016	43.4879	49.8669	48.2626	45.1613	52.8318
2.35834	1.43035	0.884563	1.05517	0.934202	1.05518	1.2628	1.321	0.548613	0.775804	0.548596	0.387936	0.548596	0.775804	0.625484	0.38792	0.548596	0.981282	1.63621	1.48194	1.2628	0.934168	0.884546	2.80052	3.94984	3.67524	4.50152	6.58399	6.74367	5.88056	6.46854	7.1515	4.70247	2.02982	1.11076	0.981332	1.56102	4.24531	7.26593	10.7948	13.4155	15.105	13.9253	11.6349	10.5526	4.50474	12.0871	5.3817	2.99214	6.5997	9.46125	8.01215	4.01743	8.21459	10.0027	6.19466	0.884546	0.775836	1.57061	2.48241	2.26084	2.28067	2.31335	3.41323	6.52968	6.00016	4.19213	7.24949	7.8624	5.80921	6.00016	7.46557	13.6421	15.1074	13.0394	11.4793	9.2752	7.92373	7.04326	9.26096	9.10425	11.3892	17.9405	13.4695	15.1586	27.6613	31.1104	29.0238	30.9253	31.7558	40.287	39.0387	30.8899	40.9106	49.0067	43.1159	30.327	24.3697	15.5188	16.5193	13.6544	9.77309	7.95891	12.5733	11.6172	1.01148	2.46429	5.26176	7.9369	6.57737	5.81203	6.51835	15.3418	15.7026	12.5047	12.7867	11.5274	20.5355	25.8845	25.2641	27.3516	38.2488	32.5295	10.8229	34.8061	41.7464	39.8486	28.4201	17.7244	14.353	14.6	18.9243	22.4418	22.694	19.9469	12.4475	5.75557	3.48716	13.226	12.1658	14.3732	17.2611	15.673	15.0862	18.4396	14.9538	16.2123	6.70638	6.87372	7.37043	6.16837	4.18502	1.93889	17.5134	25.1324	8.1645	8.44468	9.44122	5.25306	4.67699	6.46823	9.03207	13.3944	12.4549	9.58753	10.8252	29.3879	37.9653	42.555	56.3121	59.994	69.9689	65.2491	56.9062	68.2411	66.063	49.6738	16.5647	8.29763	16.9157	51.1088	64.6473	65.0073	56.5296	65.766	62.1935	57.7789	41.4335	54.7323	66.0144	67.0524	69.132	64.7919	40.8886	42.2505	42.0599	52.1484	65.6297	32.4649	9.05158	9.99704	22.4014	26.2687	31.334	30.5631	22.9911	19.2172	25.1534	19.2318	23.7804	34.7829	56.9306	51.5925	25.5561	33.5249	32.1994	38.4273	46.5908	45.6789	17.16	59.8504	69.2694	61.5407	58.1942	56.6844	49.8479	15.5143	22.864	48.7848	62.7617	53.7849	23.5593	37.8548	36.0814	15.2666	18.7983	21.168	29.6733	34.2516	15.1153	12.8222	10.4663	23.1545	24.5151	12.7891	16.5653	21.8639	33.3744	31.0684	24.7444	9.32082	43.0924	53.0679	46.8513	44.0686	52.4075
1.57046	1.74285	1.43022	1.48186	1.49198	1.57048	1.5989	1.39829	0.934119	0.548564	0.173472	0.387881	0.548541	0.490626	0.775725	0.867269	0.693857	0.387881	1.39826	1.26267	1.38751	1.56087	1.09698	2.08789	2.41471	2.52421	2.86916	4.85796	6.78463	7.32199	6.63501	4.98221	2.48226	1.22649	1.11067	1.22649	1.57048	2.62331	4.49118	7.85082	11.5453	14.7579	13.2885	9.32463	12.4677	6.83022	9.24116	7.04254	5.19266	3.29236	8.21885	10.5512	9.68423	7.95299	14.4155	10.5308	1.78538	1.25077	1.5989	1.93869	1.81047	2.1447	2.28045	3.64205	6.90506	5.89987	4.21662	7.6053	8.42447	6.50178	7.48845	9.63628	16.6602	17.3013	13.1687	11.8431	9.05404	10.0767	16.3675	18.3405	16.2288	10.8932	7.86161	12.1614	14.5988	22.5331	25.7279	25.9671	31.0591	36.4359	45.1792	47.741	48.1806	46.3172	41.416	33.6456	25.3111	21.8615	14.7904	17.0415	14.8865	8.78441	6.07095	9.4232	10.286	4.66067	4.67641	2.69109	5.91758	4.66073	3.41289	9.78087	12.6826	14.3017	14.561	11.7015	9.63788	18.8703	22.1428	21.6137	26.5112	36.9727	39.7301	30.7951	17.1592	12.9631	39.4064	39.388	23.7839	13.992	14.3749	19.5376	21.7588	21.0355	23.0562	18.6109	12.5211	5.79613	5.72628	5.60052	3.02668	6.08801	10.0123	11.58	15.0439	16.1213	8.7046	3.78326	8.9878	5.19282	4.40703	5.26099	3.13856	8.60812	18.4228	24.1996	17.3703	9.5457	6.50178	6.64575	7.25697	5.32848	11.2557	16.6625	10.1106	8.18491	24.2316	29.1102	28.3574	46.7985	56.2821	70.4767	72.5229	53.675	37.6238	68.328	66.282	50.673	37.3631	27.0593	53.4867	63.3567	61.0717	64.0384	14.9227	65.6929	73.7844	74.0099	65.6501	21.7629	40.1703	56.096	67.1598	47.7107	38.2207	31.637	64.3853	60.9305	29.3108	18.0554	15.0976	25.1767	35.0169	29.8131	29.2552	24.4018	17.3053	19.9692	14.816	18.826	17.8667	52.8372	52.3799	29.3468	36.2749	27.8377	36.7242	48.0999	49.9454	46.8645	9.71872	58.6643	64.6393	57.8804	56.4876	61.6358	37.3732	34.5219	49.987	57.6002	46.9963	22.4816	33.8801	41.2764	20.4605	6.64609	4.95505	19.3119	26.2815	3.13861	9.67371	11.4181	31.1298	38.0956	34.4725	33.1175	25.1078	10.3474	24.7579	31.4097	24.0902	29.1817	48.5838	51.5227	50.2005	51.2828
1.01133	2.02944	2.25381	1.9386	1.63598	1.91518	2.08776	1.57033	1.3208	1.22637	1.35452	1.3982	1.01133	0.49061	0.625367	1.1105	0.548492	0.173456	1.01129	1.05497	1.04062	1.39816	1.76834	2.19297	1.74267	1.48171	1.76837	2.65145	2.62302	2.14456	1.96172	2.09499	1.73408	1.3208	0.981147	0.981147	1.39818	1.48171	1.73408	3.18104	6.74247	12.6373	14.1295	11.4413	12.5174	11.6177	3.12388	10.9664	7.33495	2.96646	9.1551	11.5042	13.6396	5.43037	16.9772	15.0392	3.06575	0.867238	2.19297	1.93852	1.55103	1.57031	2.26043	4.27603	6.89807	5.64484	4.18423	8.64955	10.0597	8.56823	9.99935	11.1746	17.3673	18.2129	14.3239	14.4307	10.8829	9.34231	14.2142	9.53259	6.47387	0.245309	5.89952	11.076	12.6777	18.4225	19.3087	17.5387	20.2445	24.3291	34.2781	36.8575	36.7278	34.8838	30.2844	23.2952	18.8743	18.4868	13.4514	16.0578	12.6817	7.42483	8.83661	6.4489	5.87162	6.52846	6.60952	1.21401	2.60582	3.29658	8.3383	8.23415	10.6789	15.1236	13.2521	9.51441	8.48106	17.1352	20.7814	17.6939	22.5736	33.2262	33.8065	31.8379	33.8346	26.9792	21.575	41.0617	33.6246	22.5223	15.1379	15.9983	15.4876	16.7965	20.6959	20.0166	15.8286	11.466	7.74845	10.0514	7.48222	7.94479	7.177	3.67051	3.99803	4.59903	10.8193	15.6309	15.8759	13.1605	9.16028	6.07782	3.90733	4.50051	5.46838	9.62208	17.1396	10.8193	15.6563	19.0337	8.40854	5.38632	10.3854	13.3259	10.5217	10.1426	21.2435	25.799	24.4273	41.2883	50.0674	63.4709	70.9028	72.1186	67.2208	17.2328	65.2654	67.1237	61.4234	52.2046	46.4657	56.624	52.7118	60.8164	66.7466	67.9758	68.1175	65.5178	71.481	59.7946	58.8977	47.9209	44.4973	54.6795	35.8616	27.8534	68.5999	54.0928	21.1873	37.4058	5.09097	32.8958	39.2318	24.7779	28.6785	28.3723	21.2062	17.383	16.3461	14.0613	18.9537	41.4348	47.9897	36.7269	39.1816	29.6751	30.2492	42.0581	49.976	52.6009	49.2769	27.6724	51.2093	52.62	58.189	64.1965	47.3361	43.1967	39.2829	51.4187	52.0374	26.2967	23.8954	32.1793	22.4692	7.74819	10.1782	20.2623	36.1861	34.8982	28.6712	27.7689	42.0665	41.1916	17.024	6.03626	27.6844	32	23.9466	27.8128	26.5125	14.8731	32.066	35.5594	40.6581	41.4688
4.19119	2.90495	2.02926	2.35779	2.95107	3.41242	3.57099	3.18076	3.12374	2.5999	1.96155	1.3544	0.715087	0.387807	0.625303	1.01119	0.715063	0.884316	1.22623	1.22623	1.22623	1.2139	1.16328	1.63574	1.55087	0.867106	0.775579	1.70764	2.25356	2.25361	2.08764	1.78515	1.63584	1.93843	1.96155	1.96155	2.17222	2.26028	2.11621	1.9768	3.09965	8.49922	13.1816	13.9864	14.5439	17.7908	11.1829	9.88793	9.02939	2.11621	9.10167	10.6914	16.5727	12.9733	13.0935	16.8196	5.12253	2.02917	1.90714	2.95096	2.28007	2.17222	2.52374	4.65964	7.17598	6.32529	5.1888	10.7582	12.6793	11.0189	12.2964	13.1887	19.1254	21.0166	17.0504	20.7266	17.0385	8.62189	11.7786	19.0484	22.8965	22.5785	20.6998	15.0941	11.7532	15.2836	19.4607	21.2631	22.9805	24.6784	30.5607	33.9447	34.1648	32.5528	30.9085	24.4697	15.9688	15.2474	11.9255	15.1648	11.7783	8.79113	9.96381	8.59507	11.6903	14.345	9.1547	5.70738	3.53306	4.77332	8.88804	9.05192	11.9267	11.849	11.1634	11.5443	9.69472	16.2941	19.5331	14.6483	17.446	28.7628	29.8029	24.2031	30.84	37.9068	23.5897	45.1853	55.0311	53.7545	44.6858	31.1193	26.0128	25.7275	26.2786	29.8156	34.1153	34.2534	27.3123	18.1516	11.2746	14.0566	16.3774	13.8447	9.54432	14.0329	20.8044	26.0254	29.1657	28.8079	21.5096	11.7317	8.97176	9.90739	10.2958	9.34784	6.51002	17.6313	18.1671	18.8127	31.9312	28.907	15.4051	9.33972	8.88151	9.98088	17.5508	20.419	19.9743	37.3283	46.5216	55.1574	62.3428	67.6941	72.3358	71.0113	48.3701	34.9646	59.7447	69.1017	67.1837	47.8253	40.4312	46.3187	72.4351	73.7345	47.847	43.833	63.9523	57.858	50.3972	44.2405	47.2616	26.8182	20.9675	42.2607	68.5631	49.3967	41.3476	52.3483	38.4188	28.2483	44.5493	28.9152	13.9766	30.219	36.5043	25.8771	18.2672	16.2083	14.2821	27.7912	47.2822	49.383	47.0215	44.9748	41.6775	44.5646	54.7604	58.9142	62.0907	60.2129	28.3039	33.2265	62.7438	65.1427	46.7101	40.1025	34.8468	50.7818	58.5969	37.6813	27.9593	28.0097	17.4541	17.4818	17.8372	8.44379	10.6959	28.4414	36.111	35.0057	30.1653	24.588	35.7962	38.2052	32.2235	14.4535	28.4327	27.9434	23.3527	10.0702	26.6879	30.6401	37.2287	38.4584
2.96584	2.40777	1.78497	3.89131	4.89944	4.88417	4.28231	3.41647	3.18043	2.94567	2.59964	2.32549	1.9382	1.26235	1.57002	1.9382	1.8672	2.02905	2.09459	1.93823	1.39794	0.715013	0.490484	1.25033	1.84281	1.22605	0.34684	1.09671	2.02905	2.49962	2.49962	1.73375	1.35427	1.73375	1.96135	1.96135	2.02166	2.02166	1.84293	1.59851	1.73375	3.6535	7.58805	11.1549	14.0552	17.9771	17.121	12.5593	9.28428	3.43832	8.28392	7.78644	12.5509	15.9406	5.5989	15.0844	6.82794	4.41252	1.59851	3.29593	2.52348	2.02905	1.91481	3.94831	7.71812	8.07271	7.17933	13.1232	14.228	10.8064	11.7879	13.2497	19.8698	20.9555	14.5421	12.9424	8.386	18.3963	11.7305	15.0944	18.3345	19.8116	16.3627	11.7774	10.975	12.8373	16.3757	16.3755	16.0728	17.7292	22.4204	27.0368	28.0568	24.6103	23.2202	22.6864	17.1305	8.81663	13.4796	16.2094	12.0003	9.13926	7.93384	7.59371	10.3615	8.60581	3.89131	4.44978	5.5669	6.74086	10.5155	15.0801	8.7735	4.89324	10.2399	11.3286	9.5491	16.2634	18.2582	11.8396	13.1363	20.666	22.7583	24.2105	32.2511	37.3344	44.9403	49.82	61.1261	62.2461	54.3512	40.5077	33.3396	30.2397	31.5774	37.769	42.9325	45.2759	40.7283	29.045	22.7584	25.8031	23.2991	21.7253	8.90083	15.5254	16.7458	20.2008	20.2776	22.3754	27.0521	17.3738	9.0516	11.3339	14.2937	14.2054	11.9024	7.24667	20.1307	32.2313	34.5016	42.7891	37.0004	15.6595	8.31217	8.77503	14.6409	15.6595	13.3317	27.0981	35.2822	44.1217	48.964	51.4925	59.6214	68.9991	70.9642	64.5139	51.6415	51.1097	60.185	58.2123	39.8433	45.9386	69.3126	75.3303	58.6345	45.2775	59.4573	51.2251	17.353	31.3389	21.638	37.7213	29.754	47.5052	66.4731	40.6938	38.9669	47.6816	43.9432	16.4615	41.5126	35.3174	12.9641	23.5345	30.7849	31.1042	17.5976	19.3628	20.1557	25.9145	36.6186	48.9298	50.9575	50.5489	48.1014	45.8923	45.6689	53.0179	60.8004	64.7246	55.0673	43.3495	64.0561	59.0888	45.4103	46.9765	26.2709	49.8609	58.6498	33.9487	30.4307	31.097	23.6738	22.8899	25.5186	23.1037	17.8948	10.9642	6.57461	2.116	21.6317	38.5546	40.0507	29.4749	11.8401	22.3179	31.2985	21.8197	17.2296	9.45334	19.1706	28.6382	29.9734	31.8208
4.95327	0.866943	6.47222	7.08198	6.35475	6.20147	4.8438	2.48127	1.97637	2.02885	2.02145	2.1924	2.52323	2.64511	2.79928	2.41388	1.78479	1.42966	0.54835	0.346808	0.490467	0.625214	0.866985	1.59829	2.0943	1.42963	1.01104	1.35413	1.42966	1.11023	1.48128	1.64465	1.35413	1.11023	0.980862	0.980862	1.0966	1.0966	1.11023	1.35413	1.3978	1.42966	2.02145	4.68434	7.41676	10.8598	10.6883	11.5423	8.66098	4.33715	8.34472	5.57448	7.71746	13.2463	2.57609	12.7345	10.8953	7.46007	1.42963	2.73966	1.73353	1.73353	1.76786	3.45086	8.23178	9.36412	8.16038	12.8159	12.5159	10.6613	13.1947	14.6943	18.8637	21.0257	22.9212	26.7645	26.8089	19.2577	10.8058	9.86013	9.59696	9.90688	8.68105	11.4478	11.0054	11.5828	11.2617	11.5071	5.875	7.70818	10.2601	11.7427	12.5535	11.3919	11.7474	12.4316	16.3288	13.0542	9.83482	16.634	14.5292	8.72267	7.46423	5.55582	4.58134	6.5606	3.36303	3.56596	8.39359	12.7103	16.0947	11.2909	2.33171	3.57032	7.00634	9.01159	8.57423	15.7576	16.9496	10.2767	11.5751	18.7891	20.3533	21.1549	29.0341	32.161	52.5846	64.5915	55.7599	64.137	59.0654	42.5185	30.6024	24.8934	29.3519	38.3277	38.9667	38.2307	40.2243	34.5539	30.4823	29.9558	24.9663	28.2629	13.1278	11.6705	12.8106	18.9632	23.8866	8.72272	18.2885	19.431	8.26939	8.49745	7.81575	4.19033	5.91539	4.99219	4.2256	35.5119	43.5553	12.5162	27.876	21.5171	9.21443	7.94233	11.7288	13.5301	12.5574	20.5092	24.1871	32.5801	37.6493	36.1477	39.146	48.6037	55.9045	61.9847	67.8437	68.9265	47.2079	43.4877	48.1923	38.9205	62.2315	73.7285	69.6197	15.2282	62.7669	55.8376	17.3282	20.8955	43.3313	16.8015	32.0291	48.6895	61.0631	22.147	13.6189	49.4678	31.0844	16.6154	28.5681	37.3897	24.9026	29.5611	12.9635	30.174	18.0872	20.4901	19.6748	11.7896	6.39867	23.7279	35.6592	41.3715	36.9602	29.8822	28.9783	31.0755	51.7613	62.6007	60.2041	34.7008	56.6956	50.3396	48.3787	53.4383	45.2481	55.3896	52.5266	24.1866	26.3657	39.6369	41.2417	31.3585	18.4175	18.1656	16.6544	21.1999	28.4739	31.1837	29.6302	16.3503	4.87141	15.2159	23.6414	27.5943	24.8201	13.3204	24.3116	22.7416	2.79918	29.5118	25.5778	20.4211
1.93779	4.54158	7.17799	4.11441	5.56618	7.53996	7.41607	4.24299	2.90411	2.14375	1.39765	1.22585	1.26211	1.63536	1.16301	0.387695	0.490425	1.22591	1.73342	1.49127	1.01095	0.775396	0.735615	1.70714	2.21929	1.22582	0.933627	1.0965	1.56973	1.11013	1.25017	1.70723	1.63536	1.49127	1.47099	1.35401	1.3203	1.39768	1.49127	1.63536	1.73342	1.55051	1.25017	2.43217	4.82478	7.46343	7.58664	7.2458	6.97853	11.3061	9.00265	2.8572	6.23868	10.699	6.55085	6.66032	12.61	10.7284	3.46346	2.62205	3.06959	2.7395	2.2529	5.27821	9.23216	7.38007	7.11217	12.3206	14.4016	14.6089	16.8878	18.7796	21.7354	25.8617	28.4344	25.3886	17.9339	11.9668	11.2727	11.1286	10.904	10.6012	10.926	12.1591	10.9628	12.619	16.7168	9.02361	8.27932	10.5141	9.63226	10.3696	10.8881	10.4428	11.2599	11.814	14.9319	15.5625	6.66286	14.5231	19.12	10.1515	6.8267	3.80121	1.91445	6.48047	5.25848	4.61653	12.7077	17.5884	9.33854	3.89058	6.3402	4.99158	7.81298	7.79232	8.46723	15.1685	15.8377	9.38025	11.0195	20.2115	20.9098	16.7416	23.426	28.4581	49.5625	69.6667	53.9165	51.1395	59.7177	46.8958	31.2332	25.55	21.7216	25.9768	28.0174	35.7034	42.7095	38.8343	30.9347	27.6675	28.0733	34.7346	27.0473	3.71771	8.78671	12.6723	19.11	18.3582	9.15176	15.1062	6.3331	5.70554	5.3703	1.86676	4.18639	7.33653	5.75493	17.0774	37.3296	42.9328	20.4641	26.2413	35.3649	25.3489	15.3253	9.09273	11.2998	18.071	23.6828	31.7405	33.4226	28.3206	32.9763	42.4665	44.0039	46.7153	56.7121	65.046	68.7572	49.822	54.3878	49.0835	41.57	69.5397	74.0334	62.4464	48.8028	60.8109	54.9876	35.2955	29.408	30.1448	12.1554	45.9664	48.6743	17.7305	32.4425	49.7625	33.3917	26.1018	18.1346	37.2294	34.8182	26.7591	10.078	25.2756	20.8715	17.9549	16.5999	10.8589	4.32996	15.0483	18.5684	32.981	28.7924	28.5789	31.4141	34.0694	49.1818	59.1984	61.4338	48.0537	41.362	40.3804	47.2804	60.6403	48.7372	48.5903	44.224	28.1711	43.0634	44.9155	44.4862	40.0941	19.7587	17.0986	7.65414	25.3818	27.0825	24.0667	14.9274	15.9656	23.3453	29.5606	27.3708	16.9984	13.3662	16.0425	14.0123	24.3937	15.4308	23.1303	26.8523	18.446
2.43196	5.02685	9.63106	7.81448	5.36999	2.20554	6.08456	6.28566	5.8463	4.24257	2.82006	2.19198	1.70706	1.05448	0.625067	0.883973	1.70706	2.02107	1.59805	1.26199	1.09639	1.01085	0.866822	2.2191	2.883	1.05446	1.59797	1.22574	1.42939	1.39753	1.22578	1.39753	1.55035	1.39753	1.22578	1.35387	1.55035	1.49111	1.35387	1.16289	1.32016	1.49111	1.22578	1.76749	3.80066	4.02584	2.94982	2.52276	5.36995	14.3846	11.913	5.74398	6.9545	9.44893	11.4509	8.4202	9.75177	11.3818	5.70488	1.78445	2.60459	2.27919	4.04063	8.84538	6.57273	4.27413	8.77302	11.9654	12.3196	11.3143	13.4452	15.4618	16.68	15.5445	13.407	14.0157	14.4709	10.5608	10.054	9.31471	7.04726	8.41978	6.73031	3.08377	5.33657	14.5152	17.3616	6.03339	8.41324	8.79939	7.43734	9.54524	10.2583	9.9516	10.6312	9.94429	9.37519	12.3321	13.1794	11.6072	22.5522	9.71607	7.48423	4.38094	8.05278	11.05	6.00877	5.86883	16.7082	15.7729	6.1066	10.2076	7.52564	9.24859	8.31508	7.64921	8.02876	14.59	14.905	8.997	10.1278	19.3104	20.8776	15.8263	20.7112	28.7828	45.9327	67.3202	62.398	31.9684	45.0707	55.9125	46.1189	32.3919	17.9938	25.4772	35.7491	50.371	57.2076	51.9035	31.9389	21.2152	17.7843	27.7424	30.9736	15.4034	8.85373	11.9211	12.2086	13.8129	8.88519	7.63382	4.49187	4.65801	4.51166	6.90349	11.6858	14.8235	13.9165	7.78634	9.60831	20.5357	38.7159	43.0719	51.3463	54.4161	44.0202	24.2582	7.52564	13.8067	21.2343	33.477	33.6788	19.2076	26.2542	41.8925	44.1435	41.2345	46.5711	53.9403	70.4287	70.6134	23.5481	30.8435	26.5284	61.3834	74.2626	73.4436	55.3673	38.1426	63.3553	61.8753	9.85831	33.1101	35.278	44.2957	28.2185	26.4488	34.1238	51.8562	39.6991	25.2951	19.9398	29.7313	34.153	24.8468	17.9964	5.46604	15.5855	14.2391	13.6449	14.5243	17.5966	19.4984	16.8553	26.3814	23.8397	26.1352	27.7543	34.2362	43.644	52.3008	59.6681	54.3146	41.1128	38.2773	48.3245	57.402	54.133	57.8311	51.8888	39.8028	40.6297	40.7157	50.192	42.8378	23.739	5.75405	22.8835	18.995	17.5308	15.1525	17.9959	32.2335	19.2682	9.67143	15.2325	22.6306	20.1478	9.99633	9.69528	13.6823	24.9061	13.2783	16.8804	19.4371
3.99585	3.88982	6.91995	8.81692	10.641	7.25049	1.78429	2.84103	6.12538	6.95396	4.50134	2.41321	2.41321	2.35663	2.14334	1.91409	1.56941	0.883869	0.173357	0.883892	1.05438	0.490333	0.490299	2.97976	2.84084	0.77525	2.45012	1.39738	0.883892	1.01076	1.22567	1.24994	1.39741	1.48087	1.10992	1.24994	1.63505	1.63505	1.47071	1.49099	1.64419	1.35376	1.16279	1.74167	3.87038	3.88961	1.9374	1.38659	2.8198	10.7333	13.8067	8.81348	7.12342	8.40726	11.1008	11.7104	10.4628	11.4495	5.82781	1.78429	2.35663	3.06901	6.41516	9.1483	6.57245	8.64009	7.94775	9.65414	10.5716	8.84296	9.48626	10.0458	10.9801	10.63	9.69001	9.96636	12.3825	11.2541	9.4866	5.74347	8.87567	18.0491	14.5525	10.4285	6.04743	14.2169	13.0585	8.54332	7.92564	8.9478	9.30139	11.0427	11.3096	9.11064	8.56375	7.9532	7.36512	11.5388	16.6499	8.2793	21.0801	11.2484	8.09506	5.86823	5.88354	6.80831	3.72886	10.8856	14.7685	10.324	7.27673	7.85682	10.0052	13.0122	7.93988	7.72282	7.69429	13.401	13.7063	8.41893	9.07652	16.5915	19.0668	15.5031	16.8225	26.5188	43.0608	62.9674	55.9162	36.8782	22.4252	50.1722	58.7656	47.6992	33.7366	41.397	55.6183	58.5473	64.0617	66.0812	51.1645	27.6686	22.4281	18.2377	31.0427	24.1545	11.4609	13.7745	9.4496	7.02327	0.693394	1.10985	2.20546	3.48454	3.65204	7.33477	10.2793	6.84302	11.6312	12.0789	7.67761	3.16023	35.8026	54.851	42.2411	45.1203	58.7769	52.3606	30.3606	13.494	17.1847	30.5174	31.6741	21.9073	23.4825	37.5447	39.612	37.7204	40.311	41.5946	65.6197	72.7345	69.5069	65.6488	64.1547	60.403	70.8035	73.4136	72.2491	62.5093	56.7072	67.7348	38.656	30.0293	47.0567	38.3184	10.5716	32.7017	26.4527	50.0395	43.6479	20.3006	23.5556	26.7705	24.9887	7.42042	22.9338	17.9416	17.531	18.1223	12.3679	11.3814	14.2178	10.8333	11.5388	20.1938	20.9285	27.6773	29.5915	29.6142	40.5576	52.5999	60.0101	52.3141	39.4468	38.5162	19.9422	45.8111	51.604	59.4525	53.7108	10.1991	16.0245	51.4756	52.6404	36.2642	17.7845	13.7345	28.3084	17.4743	18.5898	4.43471	27.8011	33.6759	6.59473	21.5829	30.1802	30.2865	24.3362	15.1829	12.3008	14.4946	27.7714	33.7812	8.94127	14.4764
2.11498	2.20512	2.20512	2.25892	5.76603	8.15751	4.48755	1.16262	1.87434	6.38702	6.76412	3.1219	2.79288	3.25334	3.23487	2.85647	2.95946	2.95946	1.97563	0.624979	0.77514	0.346677	0.624949	3.06371	2.09351	2.4315	2.62131	1.35362	1.16267	1.35362	1.47056	1.39727	1.24981	1.55006	1.73292	1.63489	1.39727	1.39727	1.73292	1.97565	1.78411	1.16267	0.866638	1.26172	3.65159	4.1022	2.25892	2.09359	2.21879	5.71176	11.9572	13.2578	11.2593	7.7849	6.23959	5.36075	7.77353	9.28467	5.59638	4.65398	4.84517	4.37675	7.00384	8.60858	6.71179	5.01417	4.78317	8.26417	9.52634	7.25154	7.2496	7.7697	9.83714	10.4272	10.2111	8.90466	10.1944	9.8256	5.79431	8.80908	14.3714	20.3414	10.4575	10.9595	3.13622	11.6954	10.6896	7.84488	6.23959	7.27603	11.34	10.466	11.0051	7.93403	7.40226	7.08967	7.41412	10.8494	16.8778	12.2208	14.4908	13.986	6.97845	7.45729	8.40433	3.73656	8.8831	14.9968	9.94212	4.15289	7.93949	2.81958	12.3661	12.7849	7.8296	7.45729	7.7846	13.404	13.5448	8.47353	8.61689	13.7619	16.8465	16.9311	18.0138	22.0693	39.1215	59.1477	51.6198	43.7996	55.8229	33.7804	58.0454	53.1666	45.4825	52.1583	62.5391	61.727	63.0168	70.0577	63.9959	38.8721	41.045	41.944	44.5425	37.9878	8.60353	8.33281	7.7846	11.1573	11.3728	9.39819	4.16013	2.10781	3.28985	4.84494	9.53854	6.76412	1.42909	6.9788	10.1264	7.20498	17.7511	46.841	59.5852	55.3922	12.9945	55.8951	53.3122	31.2413	11.6446	22.1458	24.9869	21.6885	27.7159	38.9534	30.0737	22.8334	32.5047	32.6755	55.8523	67.0888	71.0763	72.2963	66.7536	57.0811	59.9006	69.2831	76.3548	74.4798	40.3251	61.9524	54.2957	26.8561	44.7252	30.7401	28.2042	32.8668	16.126	49.7938	44.0113	20.1927	21.5044	19.2328	23.1352	21.8042	28.1747	26.6297	18.9099	17.2651	9.52676	6.57177	5.79431	4.77088	8.26437	17.5115	14.4837	19.7091	23.1901	21.1392	35.1826	51.3285	62.4493	59.3035	35.8381	40.6965	40.6533	32.0671	40.3346	59.197	56.2116	19.5917	32.6192	52.0539	46.5796	20.0189	23.2989	34.3319	30.5572	9.11133	12.9192	9.69349	28.2364	28.9969	24.3791	26.1829	15.9298	23.2485	28.5654	12.4548	12.4099	19.5161	18.048	32.6056	29.8635	7.23752
3.99504	4.1667	2.62102	2.40656	0.775104	7.25077	7.63164	1.48059	2.59808	1.47033	6.04627	6.33784	5.7036	4.7234	4.01369	3.02422	2.71101	3.06844	3.12157	1.80899	0.93332	0.245125	0.346645	2.88217	1.56912	2.6887	1.74136	1.2497	1.16257	1.16257	1.3535	1.48059	1.16257	1.10972	1.2497	1.10972	1.09609	1.01057	1.26164	1.39715	1.22544	1.21309	1.03983	1.26159	3.36138	3.40998	2.19138	2.49821	2.81934	3.86986	7.57019	10.9221	12.5432	10.6728	8.94125	4.44727	7.56999	7.75383	5.68271	4.16698	3.50094	3.23447	4.65654	6.0463	4.41031	3.18317	5.56374	7.44272	7.65274	6.23652	6.73733	7.07849	8.57036	9.98763	10.8378	9.94734	9.16594	7.84394	7.21822	12.1878	12.0946	19.1113	10.2774	9.71631	7.95141	9.92964	9.97464	4.74857	5.01653	5.51052	10.9689	7.97754	11.1357	7.78236	6.62939	5.84469	6.89966	9.90091	12.7226	15.608	5.79098	16.1774	6.95237	6.84776	9.17823	4.78262	12.5437	18.2055	3.53062	6.73075	7.24914	6.66453	13.8601	12.6332	7.96242	6.48493	6.60443	12.5415	12.6843	8.22088	8.67679	12.7386	16.0543	18.8248	22.6628	22.6398	34.3292	50.4116	46.591	40.9404	62.8082	45.2266	50.7362	53.5516	51.7549	49.0368	56.018	53.0392	33.7546	66.8185	66.395	48.3066	54.5848	52.0966	53.0109	47.8878	17.5921	2.68879	14.0951	23.3002	31.0751	36.0285	30.1843	14.8944	8.96587	5.77334	4.18458	6.98409	5.6405	3.02409	3.63905	6.83498	6.69978	21.2797	43.2542	61.0592	62.6359	30.3081	60.4467	48.3108	24.1294	11.004	13.706	23.0912	33.7832	43.1433	25.2848	15.5047	27.2874	23.2118	41.3911	52.7784	58.5284	60.192	60.0484	59.1878	41.3815	57.4075	74.4935	76.9133	66.115	22.3031	61.9831	49.7839	27.9527	53.3825	50.1718	34.2435	13.3409	48.6624	38.7172	22.3205	13.543	13.0778	22.8755	22.1329	15.7366	13.5065	14.0986	1.56912	9.04642	7.61671	6.86967	6.95284	8.76897	16.2942	16.3744	15.173	14.9926	14.2822	23.2781	38.5052	59.0769	63.9056	43.6071	29.8132	24.6961	38.2904	40.9936	53.6137	48.8706	43.3756	43.5495	52.0576	35.0273	29.5533	41.1277	39.7182	28.4878	20.9133	14.4738	16.5262	27.3179	28.6345	24.8949	11.7374	12.967	28.3502	23.4577	7.81978	11.3027	14.5912	7.52718	21.4116	29.2327	13.8673
6.73007	7.00246	4.57882	4.40989	4.64026	6.90724	9.82782	4.24096	2.31091	2.02019	5.51264	11.6427	13.9315	12.7336	10.5962	8.0932	5.806	4.8165	4.57882	3.86947	3.32548	2.64361	2.08604	1.80874	1.35336	2.94362	1.48044	1.01047	1.16245	1.48044	1.35336	1.48044	1.73259	1.8417	1.63458	1.35336	1.59745	2.08604	1.87399	1.70641	1.63458	1.74119	1.42885	1.74116	3.12117	3.12123	2.47989	2.3304	2.46172	2.40631	3.13561	5.18787	8.34723	10.6191	13.5304	13.3134	11.6815	7.44036	3.5641	2.41251	3.50051	3.81104	4.27946	5.49098	5.36789	5.74924	5.7518	5.89426	6.03088	5.71065	6.25245	6.49801	7.60594	8.38879	7.67489	5.13011	5.86654	9.11382	9.15197	10.702	9.25138	16.8172	17.1637	13.7306	6.21694	5.52859	11.4081	13.2429	12.1408	11.8565	14.1824	11.4902	14.0105	10.4379	9.13353	9.45789	10.5976	10.3604	7.92311	14.2257	8.27893	16.462	10.1921	7.24009	7.48923	7.10042	12.0114	20.4692	15.6019	7.88629	4.50992	10.6701	13.2463	11.0195	6.77796	7.14393	7.3388	12.2353	12.6042	8.3067	8.38013	13.505	17.2332	18.5785	21.4652	23.691	32.6236	44.4701	49.5413	49.2463	62.5164	57.753	47.6523	39.5546	20.3045	27.7536	48.1873	48.9149	23.9355	60.0305	66.1063	64.8986	61.5215	54.2923	56.4251	50.2149	30.104	23.9855	19.1909	39.4761	50.0667	57.4314	61.266	58.3671	52.5759	47.4001	37.6088	18.1645	5.49098	3.41399	2.08604	6.22408	5.57677	8.75759	14.9511	31.9347	65.1851	61.5786	36.8552	50.5582	64.7246	60.8778	44.3913	27.4045	21.1737	40.0006	44.7981	40.51	36.0994	28.23	40.4584	50.2192	48.8979	40.8075	60.4343	59.634	46.8218	47.4447	66.8217	74.8641	75.0719	67.5796	48.4687	60.1144	47.161	35.9488	39.3165	43.1965	37.4117	46.1296	33.2392	24.7014	15.1688	7.03391	17.9654	24.4088	15.475	13.0417	20.3286	12.9818	3.2204	9.38566	10.8752	9.39031	8.58855	11.6279	15.3477	15.083	12.8914	12.2047	15.7214	23.416	48.9148	59.5492	57.312	32.9202	15.608	20.0923	35.7165	59.4519	69.777	71.6973	70.0938	68.0662	57.7604	58.6039	54.6532	42.1239	32.2837	29.4658	26.8043	20.6066	15.5647	25.6016	26.0961	18.2133	17.6882	20.8073	23.4458	20.3889	20.4335	16.2607	7.07757	18.9193	27.1898	8.35389
7.59766	8.47305	7.78079	6.04034	2.9485	4.37878	8.55338	6.66553	3.61356	4.15876	6.79468	7.24146	9.37083	13.9271	15.0587	12.5127	8.81353	6.61236	5.4252	3.95301	3.60127	3.79901	3.46167	1.97506	2.47954	2.08578	0.980208	0.866407	1.22519	1.48029	1.35322	1.73242	1.95984	1.97508	2.0201	1.8738	1.8738	2.21815	2.21815	1.7836	1.63441	2.08576	1.31948	1.35315	2.0929	2.25161	2.19093	1.84151	1.59728	1.55923	1.93667	2.19087	3.29345	5.46339	8.7172	9.37543	7.85389	4.52612	2.17033	1.91335	2.94841	3.53	3.72759	4.32403	6.48598	7.08735	5.49834	4.02392	4.67166	5.4551	5.87364	5.15573	7.30397	10.5554	9.94935	3.67904	4.6556	10.2249	8.31644	9.49788	9.61452	12.6402	14.9134	8.15517	4.79436	5.3976	10.2028	12.877	11.3695	10.8107	13.3171	11.5262	14.7151	11.8013	8.87443	8.71725	7.36235	10.0661	6.03034	10.7893	11.1313	16.0987	11.789	9.41389	9.04463	7.58795	7.31218	14.2635	11.7313	9.227	9.82686	7.52575	6.93624	9.81828	11.0965	10.7933	8.66007	11.8009	12.8863	8.75527	8.84121	14.9697	17.3393	15.7933	18.428	22.089	30.0144	40.7952	48.3142	51.2404	59.852	58.9568	61.3177	60.5359	54.9465	54.1457	53.3114	31.2102	35.9565	18.6135	56.1199	61.8449	62.1994	61.0463	61.4802	51.7839	25.8446	23.9853	19.0438	42.5703	57.2669	54.4154	60.9896	63.0637	60.5341	59.5248	58.5395	48.2656	23.4274	4.91988	4.91988	6.63691	7.0773	7.48092	10.5202	19.0676	43.6975	60.3993	59.4919	61.4715	67.7382	72.0282	64.0178	45.5288	32.0576	9.9004	20.3167	37.7637	44.5503	44.0174	39.4134	34.994	25.4076	41.3283	59.7389	55.9023	44.3316	26.9362	43.4079	67.0984	73.4475	74.2061	71.4948	67.4754	29.4865	52.0184	43.2078	5.84357	45.0184	41.0557	27.4592	25.6171	19.7322	11.9964	21.1093	30.0989	29.1441	21.1005	22.9497	24.0955	17.3221	8.3619	6.44283	6.10368	6.33655	6.79714	7.69179	8.4646	9.00613	9.35845	9.25095	10.0274	37.888	36.3031	37.5948	47.3643	29.5159	14.6849	25.0855	52.469	65.6044	69.2794	71.9806	71.4095	64.7638	61.3201	52.6314	45.1007	38.8171	26.6663	20.1031	25.5618	19.0575	23.0985	28.9083	24.7163	22.4097	25.0212	25.115	26.296	32.8917	29.2746	26.3281	17.0245	23.2671	3.82241
6.05185	6.39385	5.1869	5.26625	3.46559	4.18352	4.80297	5.62579	6.0715	7.96588	10.0193	8.78277	7.33129	5.57047	11.6623	12.6423	9.81738	7.50571	6.76162	4.65535	3.26589	2.85539	1.93655	3.02814	3.79451	1.09572	0.547935	0.624743	0.774879	0.883469	1.09577	1.22509	1.10939	1.10939	1.31941	1.31941	1.31941	1.16223	1.16223	1.10939	0.933049	2.17002	1.97478	1.10932	1.31935	1.38592	1.59712	1.31941	0.774879	1.48009	2.02723	1.74083	1.76652	1.97488	3.66652	2.81839	1.78344	2.43057	2.2514	1.8084	1.64334	1.8084	1.706	3.26569	7.03455	7.55021	5.03274	4.33736	3.79454	4.89192	5.58081	4.75634	7.80783	10.445	9.06763	8.91938	8.76634	11.4988	10.8519	11.0813	12.6692	11.6402	14.4606	16.5454	5.61819	14.9408	8.56791	7.41104	5.36689	5.59426	9.41275	7.36163	11.6219	10.4646	6.90596	3.90313	2.41206	10.5191	9.19671	12.1374	11.6014	11.788	8.40125	7.98593	7.06826	5.41106	3.99378	9.20717	11.186	11.1207	7.73633	9.84545	11.1021	10.3917	8.95164	10.1973	9.24973	12.233	13.2702	8.39412	8.41495	14.613	15.9757	12.5751	14.0521	14.6892	21.4269	34.9732	38.1202	39.3294	52.5602	46.392	41.1273	33.1725	37.9566	56.9456	61.8748	54.3962	54.8922	52.1153	27.4143	20.4047	49.8343	56.4337	65.6182	59.7166	30.2388	26.3404	15.2808	33.2014	61.539	54.7638	35.649	49.2867	51.4334	55.5594	61.5048	62.7027	50.5105	18.0417	6.01284	4.52573	5.15548	5.55168	10.3747	15.2047	11.2749	17.7301	48.5162	72.3874	68.7276	56.2909	65.9405	46.9233	39.8478	37.396	28.7141	12.1291	14.8808	19.7081	17.7735	31.9454	38.0686	50.7556	67.2524	70.568	69.9438	66.2484	47.9192	41.1907	63.2115	66.4882	59.3602	29.4253	58.3333	62.7674	60.2325	53.9028	37.0104	33.3512	27.8942	29.5867	31.9596	8.69433	8.16006	8.09151	8.69433	12.3719	15.1546	18.472	23.9795	12.3169	3.47851	3.72726	3.6707	2.25146	2.59741	3.56764	3.92239	2.98843	7.90117	15.5592	39.5258	32.1543	11.4278	31.0971	40.9286	46.3858	50.7601	59.7532	58.1402	16.1036	60.5823	67.5185	59.0758	51.9906	52.0229	45.124	40.7911	30.7172	20.1344	19.1775	18.7213	9.27492	23.0439	22.2108	20.7622	21.8663	22.0902	24.3388	27.7793	32.4752	37.8826	18.3466	20.5586	6.48306
4.43201	4.80256	5.37456	6.36298	3.88742	5.03817	3.77857	0.62465	3.56723	5.87014	9.41192	8.71533	11.6608	6.83876	6.25071	10.51	8.85934	5.89276	6.29777	4.49545	2.85511	2.95795	1.73201	3.42615	4.28156	1.01013	0.387402	0.387402	0.519759	0.692997	0.714314	0.245028	0.387418	0.490047	0.692997	0.692997	0.692997	0.387418	0.387418	0.490047	0.774769	2.08532	2.11387	1.09563	1.09563	0.866223	1.05378	1.21262	0.883366	1.16206	1.70585	1.47996	0.866223	1.22492	3.32886	2.4791	1.38579	1.54925	2.01963	2.01963	1.26111	2.11387	1.84107	2.6932	6.38614	6.86671	4.32667	5.8041	5.13159	2.88108	5.10552	5.7011	9.48074	9.30815	2.4055	3.9935	6.90099	8.30442	8.51256	7.06959	6.72818	14.2848	22.7388	13.9746	6.22453	18.5233	6.09986	7.54957	3.11556	3.80997	8.63981	5.90021	8.02348	8.99114	7.77902	2.4791	4.03801	7.75658	6.79588	6.95008	7.21589	6.29788	5.33303	8.16246	6.1602	3.55049	5.87254	10.4083	13.4859	7.56702	2.41182	4.87953	5.74011	9.14478	8.09055	7.77902	8.83801	15.2062	15.4206	8.09055	7.93545	13.1198	13.7717	10.087	11.7033	12.5828	21.4943	33.6295	30.7028	27.745	42.2232	36.9751	22.0278	12.192	27.7095	46.033	52.0577	43.7057	40.732	56.2695	45.8751	22.3732	42.7189	33.8907	63.7267	63.7736	27.7765	23.7259	19.2933	17.0956	61.4577	62.8076	30.5473	30.5874	33.1277	38.0256	46.8063	61.4887	57.2319	24.9375	6.04397	2.62005	2.21773	3.23324	7.8259	10.3518	13.7668	12.1497	19.995	67.4862	74.7708	18.3458	63.2638	41.3998	29.0663	28.4352	23.7884	19.8538	15.9809	10.5756	31.3221	35.579	37.2348	50.7414	70.5426	71.7501	60.2088	58.0941	63.0479	11.6196	52.9421	56.1926	59.0957	53.076	57.1445	65.8662	38.2591	58.7021	3.46085	27.6074	26.9414	40.1069	35.715	4.15802	10.4568	7.27064	12.2875	19.3622	17.9421	22.4054	26.3981	9.2332	2.08537	2.02712	3.82945	1.56851	1.26115	1.46986	1.3966	6.49384	14.6645	13.2091	28.2912	36.5479	29.8488	22.9884	19.8865	25.6963	36.1168	53.853	58.3778	45.3709	30.7928	58.1533	45.5115	42.8363	52.6028	46.9178	44.6773	34.1063	19.4569	8.11798	8.37811	16.8443	11.4841	17.4947	14.1521	15.2969	17.0267	16.7678	12.215	32.4526	39.6061	20.6571	18.9226	12.6841
3.9442	5.5931	7.06891	7.75018	7.06891	8.33687	4.08159	7.36035	11.1552	9.17451	6.12835	7.41552	12.5996	10.4665	1.10911	9.18035	10.039	7.62638	7.79544	7.36026	6.07036	5.36593	4.37427	5.2541	5.17719	1.59677	0.346479	1.26104	1.16201	0.932873	0.547832	0.245007	0.547832	0.866169	1.16201	1.31917	1.16201	1.10918	1.10918	0.714267	1.10911	1.84089	1.783	1.21251	1.38566	1.05368	0.88328	1.01003	0.932829	1.16195	1.59674	1.35276	0.51971	1.05366	3.02757	2.25755	1.48989	1.48989	1.87317	2.11365	1.10911	2.11365	2.0923	2.83895	5.62203	5.36574	3.12	7.2148	6.60351	3.46491	6.12835	6.32986	9.30721	7.88473	3.98202	5.56142	8.03553	8.00625	8.39257	5.80352	5.08171	14.8479	22.2761	14.5995	12.8308	19.2915	8.13873	9.61037	7.54929	7.479	9.32921	8.11699	9.10597	11.3019	9.62385	5.99201	6.38339	5.57468	5.37974	3.63739	5.98459	8.69988	8.00851	8.13848	5.5691	3.28336	10.0905	12.6521	14.7889	9.26215	7.4397	8.19609	6.25504	11.8909	13.0718	12.6479	13.2083	17.0826	15.4931	7.54884	7.83073	12.3592	13.0361	9.88401	11.2765	12.0679	21.3186	31.4197	26.6125	25.5565	39.629	35.8701	29.1908	42.4202	34.5531	27.8938	38.4434	33.4063	40.4983	59.4089	61.8315	59.5118	51.1229	23.7711	52.9347	67.0879	56.1637	42.1838	34.261	1.2491	57.6009	65.7441	50.37	21.3885	36.4953	38.4923	45.7487	63.9671	67.7654	61.8119	43.6395	15.564	8.91289	6.60171	5.87964	4.53778	12.7689	12.0045	10.2293	56.9629	73.2845	65.0288	34.9782	66.7043	66.0133	58.7751	46.8682	37.8033	35.078	30.2137	32.2288	35.4013	36.8911	49.0429	69.1242	71.3299	61.1099	9.70641	68.1657	57.2735	33.7397	47.8738	65.1177	60.963	48.6197	65.3117	24.4445	62.6357	60.958	54.8895	34.9346	37.806	32.6738	19.5971	20.4571	17.709	8.70474	12.1346	11.7281	21.3452	26.1722	12.0682	1.05366	2.08525	4.49835	4.21119	3.12016	1.91281	5.03775	11.1816	9.95521	12.6625	23.051	31.3602	36.1523	35.5735	32.0478	33.585	41.0262	54.1665	60.1127	61.3365	57.2589	39.4365	37.0937	54.091	60.4026	57.7912	56.676	51.92	42.9357	32.2486	25.7843	25.3832	14.2144	17.6144	16.2968	16.0393	17.414	17.6679	12.4655	31.7552	40.1495	31.9947	24.9075	16.9132
3.80924	4.98698	7.19609	9.16551	10.0382	11.7266	10.6177	9.32975	10.0627	10.751	7.54852	2.4786	9.5018	12.4468	6.32921	5.73908	12.2818	11.7753	11.9117	12.3552	11.5107	9.60508	7.85278	8.45425	7.08468	2.85447	1.8407	1.56823	1.48984	1.22473	0.774654	0.489955	1.03923	1.31903	1.59668	1.97434	2.08504	1.71437	1.31903	1.26086	1.2489	1.54894	1.5682	1.47973	1.74035	1.38552	1.26086	1.16183	0.774611	1.2489	1.6337	1.31897	0.547753	0.547753	2.70928	2.79623	1.86497	1.54894	1.64286	2.41125	1.64286	1.64286	2.19001	3.41236	5.12767	4.65382	4.17861	7.91908	7.3091	4.32223	5.42018	5.10156	6.36168	6.32708	8.40614	8.08941	10.394	11.0983	10.442	5.52846	3.95132	11.092	18.8681	20.9523	19.9953	19.3367	9.94326	10.4205	9.47946	10.3182	10.7947	10.5368	10.1196	13.0094	10.5151	9.00761	8.05677	7.31158	9.16551	8.2715	10.2833	12.6646	11.2191	5.71844	1.93591	8.00739	12.166	10.7532	11.7071	12.2539	11.5551	13.5941	12.2545	10.4834	14.5553	13.6467	13.8129	14.2505	12.1428	6.38261	7.21612	11.73	12.5367	9.85965	11.0402	11.6194	19.0902	27.3213	23.2181	25.1543	44.2012	48.4991	45.0931	44.2478	42.2201	11.0919	33.494	38.5434	41.7487	55.4937	63.4512	63.9806	58.413	50.5281	8.93471	56.465	63.6172	60.684	54.1344	23.1532	45.1868	65.3052	66.3364	47.4682	39.4451	47.6449	53.0043	64.6365	71.2564	72.0088	65.5181	41.7257	21.9347	11.7946	7.50958	5.36268	9.24225	8.96019	7.25487	39.9299	66.0697	73.2773	67.8457	61.5535	71.8386	72.2494	63.9863	53.5286	50.4699	45.1996	35.9343	37.0239	35.144	41.5481	61.653	67.723	67.5814	62.9113	55.6148	69.6812	28.0846	45.1582	62.3203	64.9291	54.9814	65.3136	63.1141	52.8604	65.6351	63.9712	55.9959	17.062	25.0843	28.7421	22.0598	17.9621	9.10505	4.15009	8.67209	17.7675	24.9779	27.0709	13.6057	3.67785	4.98408	6.48153	5.28757	4.86625	8.30263	7.41477	9.53721	18.4701	24.3949	32.1317	39.3428	42.0201	41.1543	42.3885	46.6102	55.6278	63.0742	66.6347	66.6486	58.991	35.7278	32.2229	59.7178	65.6597	65.6237	59.8036	50.763	46.746	40.5348	32.4351	20.3885	21.2036	21.3433	20.9863	18.6905	12.3838	6.41967	20.47	36.8238	42.4974	37.4178	28.1416
3.47717	3.18116	4.07	5.69699	7.59401	12.5065	14.9383	12.308	10.6441	5.10423	2.35458	5.99079	6.21341	7.23784	9.75752	6.38446	3.11466	9.62225	12.4856	12.5092	12.0497	11.0913	10.2823	11.8411	9.92303	4.48747	3.25071	1.7315	0.865971	0.932684	0.932684	0.979738	1.03913	1.05345	0.865992	1.10896	1.10896	0.883126	0.932651	1.48961	1.16173	1.31885	1.09531	0.714124	1.42799	1.5488	1.35251	1.22454	0.734797	1.22454	1.35251	1.35251	1.16173	0.774575	1.7315	2.49639	2.1692	1.5488	1.31885	2.0919	1.97406	1.59646	2.0919	3.32789	4.80117	4.363	4.66932	8.0629	7.27023	4.86878	5.29802	5.69433	5.36216	6.94813	4.60219	4.40711	9.104	11.1358	9.90701	7.45577	7.26245	9.94071	13.9225	15.5923	14.3911	11.927	4.98358	6.76106	3.26461	5.19641	7.25426	7.2542	6.80237	10.9927	6.97115	4.20678	4.86586	4.76723	7.67856	7.67863	5.73849	7.68596	6.40305	7.42037	4.66945	7.78429	9.44599	9.85896	12.0763	13.8472	7.68779	4.48747	7.58457	6.65595	10.5504	14.75	10.7775	10.4535	9.27743	3.30537	5.87095	12.5359	14.9558	13.9858	13.9072	12.9487	18.0671	23.0903	18.289	18.5503	40.6584	54.2493	54.4803	36.7829	33.2561	37.9642	16.5804	26.7982	16.5154	18.2	26.8927	29.1957	37.1674	50.8804	53.3056	27.938	39.9845	63.7207	67.3866	50.098	9.73071	52.1307	66.6777	66.7522	48.0708	27.3347	28.9766	34.6526	53.6471	68.6802	69.7962	57.4156	38.6027	18.8303	9.7534	7.19751	7.45568	7.42011	4.98638	11.244	28.8411	67.4727	75.632	72.1684	35.8743	64.6867	67.3786	57.4758	51.2864	44.4528	30.6078	28.78	28.3978	32.5887	51.0886	57.7265	61.3942	70.3238	46.5511	64.5423	62.755	24.6226	53.546	62.991	61.4599	64.4683	72.4707	51.5469	38.3498	47.1615	57.8284	38.7145	8.30018	14.7318	13.0868	16.9252	14.4195	12.8972	16.6625	12.9274	12.9221	33.9047	32.6227	3.19056	3.32355	4.21035	4.27006	6.21339	9.99699	13.6306	14.8533	10.0888	5.98337	8.15157	15.5738	21.3435	21.5935	22.8102	25.489	32.0568	40.2485	45.3458	52.715	62.8554	65.1347	60.8217	46.4228	27.3804	55.358	57.0045	39.0052	39.7786	44.4823	36.5033	18.6677	15.9323	14.4577	14.2501	11.616	8.05937	11.6358	5.5789	13.0049	34.9972	36.5041	30.942
3.77714	3.79687	4.10971	5.02155	5.9305	10.836	14.3644	12.1315	11.5086	12.5563	9.34684	3.70117	3.83974	1.00973	6.86866	12.0862	10.6311	4.77904	3.32327	8.45277	10.1178	11.9297	14.7864	17.6156	14.6666	7.09796	5.15277	3.26413	1.47938	1.09525	1.10886	1.2245	1.16167	1.21216	0.774508	0.624444	0.519559	0.714037	1.24866	1.35237	0.932558	1.39599	1.00973	0.38725	1.10879	1.84035	1.59628	0.979588	0.774466	1.35237	1.35237	1.48946	1.63339	0.883046	1.56791	2.25027	1.73133	1.26062	1.59631	1.93555	1.70519	1.59631	2.14122	3.11909	4.86829	5.03618	4.56583	7.64692	8.22165	4.3999	3.0218	5.71983	6.00999	5.08051	6.0999	7.45087	9.06322	7.45282	6.73207	6.80185	6.83653	8.62176	10.0879	9.6153	7.9329	6.34228	5.0216	6.89834	3.59925	5.19297	6.58838	5.52759	6.10002	10.2935	8.23068	4.67852	4.77904	5.19597	6.40249	5.05697	1.00973	7.32782	2.35425	5.03052	8.10214	9.63169	10.9503	10.9607	13.8581	16.8575	14.7304	12.7778	7.03122	8.02083	9.59133	7.79291	9.62111	15.8755	14.8959	9.30513	8.07886	11.3627	12.4534	10.9617	14.4808	15.1935	18.1782	20.5376	18.2425	18.4175	35.4144	49.0259	55.778	50.2434	27.4016	41.7039	14.6181	30.1785	24.1114	25.1654	25.3815	19.9426	18.0044	33.1556	47.1573	47.7954	35.4173	38.9445	69.1008	61.1219	14.5804	35.1937	59.0078	69.7688	62.9101	11.6173	15.9641	24.1221	31.3705	62.7549	69.8038	64.8637	55.5996	37.1416	17.765	12.4541	8.30686	7.0731	5.54897	8.00576	14.123	50.6609	68.9331	74.7116	74.2205	41.7558	62.9544	68.0055	60.9112	50.8996	36.6741	22.8035	25.1016	29.7694	46.0245	50.3219	51.5887	64.0726	68.9088	49.5725	71.9948	49.1089	39.1243	52.1388	59.7453	66.1175	71.8593	61.4712	13.8071	41.1641	54.9269	53.0006	41.9523	18.3051	4.59184	14.5954	15.6845	15.7674	19.1418	16.0436	26.2959	26.3454	40.4618	2.02635	2.49629	2.90079	3.44671	5.32004	6.94748	7.61092	7.54708	5.95064	5.517	5.71737	9.79953	13.4172	13.2385	14.2365	15.7785	20.7309	26.8661	32.5888	40.1983	52.9235	58.5451	61.7558	62.426	57.8066	27.6074	52.5489	48.8995	34.3828	45.8219	43.8203	24.621	21.5822	17.148	16.6564	15.9202	11.9858	10.2794	5.4603	10.2155	23.3764	28.3107	25.7676
3.71309	3.94662	4.2762	5.36387	6.24781	9.45205	12.7898	12.9564	11.8392	12.3231	13.7657	12.1153	9.46448	5.61494	5.7142	9.88085	15.5973	17.4213	14.2614	5.9798	3.67678	12.7241	17.1353	23.1154	22.0485	15.4133	12.5326	9.27126	4.20942	0.865829	1.46915	1.35232	1.39593	1.4793	1.10875	0.865829	0.882943	0.734659	1.35225	1.00965	0.882943	1.47925	1.22434	0.882943	1.22431	1.84019	1.59614	0.979504	1.0951	1.6424	1.6424	1.47925	1.48933	0.865787	1.39587	1.73118	1.00965	0.882943	1.47925	1.97369	1.91206	1.73984	1.9354	2.90042	4.71913	5.35547	4.71604	7.47585	9.89652	7.52099	7.47612	8.00541	6.65249	5.22671	7.83727	10.2844	12.4424	9.78092	6.89788	8.0871	10.5667	12.1155	13.2319	12.5103	10.6153	7.26923	6.46366	7.69802	6.31605	5.54851	7.19592	6.09955	6.8012	10.2843	11.1341	11.0893	9.22132	6.88084	5.4216	8.76106	8.82248	11.8008	11.9475	7.39716	3.79257	10.4011	12.4706	11.6188	11.6041	13.2483	11.2484	12.0413	13.9096	11.3016	12.4438	13.9817	11.2729	7.766	9.30849	6.90208	7.19581	16.7103	17.6342	11.3181	10.4517	11.947	13.7493	18.2407	16.7311	15.6107	31.6719	41.4521	52.3337	56.4865	48.5716	45.6898	34.9049	38.359	38.8556	36.0349	35.2867	35.9159	33.6291	32.5361	42.0001	53.1568	58.2333	48.1608	61.6314	63.762	36.6902	21.3988	44.5147	69.1205	70.5831	52.131	40.957	43.2174	25.4744	46.4637	67.1684	71.4673	71.5885	65.7627	53.9533	42.9657	29.4677	16.8185	10.8037	9.95188	9.47648	25.4959	50.3142	66.6652	74.8618	76.3927	62.8956	37.7741	63.6611	66.8931	61.873	50.7342	44.1533	42.8189	44.6199	44.6336	38.7974	46.5508	71.2746	66.1458	62.2167	73.0004	69.4001	51.7783	51.152	67.9136	74.3096	75.896	70.8373	61.2525	45.1495	24.4459	54.6515	58.5087	58.5265	57.307	47.9186	32.8136	25.5116	13.1874	21.3988	17.1837	33.2472	23.0133	11.5616	2.14103	3.06094	4.63671	5.27199	5.74521	5.86747	5.93762	6.0972	5.55926	7.46035	10.7186	12.37	15.6321	18.1168	20.8717	23.2913	23.1345	21.2689	32.6549	43.7422	54.2674	59.1232	61.169	59.4381	31.5434	38.7317	43.088	52.4261	50.8315	46.16	46.6853	43.6318	41.0903	31.0677	16.1969	13.9047	11.2483	8.48628	17.6369	23.5103	19.0102
2.40425	2.64697	2.94111	3.80782	4.8645	7.26631	9.43895	10.9289	11.8859	11.9639	12.1211	11.7263	11.6729	6.06003	4.973	2.90024	5.45906	6.90144	10.8869	10.4947	8.48023	9.10616	4.4061	16.2196	22.1137	21.0177	19.1974	16.8229	10.5598	2.32825	1.59608	1.48928	1.54844	1.54844	1.46903	1.31854	1.54836	1.54836	1.05315	0.624287	0.734584	1.00954	1.09499	1.05315	1.70487	1.78215	1.54836	1.59598	1.54836	1.64224	1.4791	1.16139	0.979403	0.932383	1.4791	1.56764	2.01858	2.18928	2.0842	2.10564	2.44736	2.42893	1.91188	2.79518	4.36174	4.33095	3.66819	6.19253	8.26107	7.86287	5.85932	3.47615	3.3045	4.86437	5.01177	7.9442	12.6607	11.6713	4.27582	7.70696	10.2628	10.0419	10.8131	8.75565	8.01928	7.3965	6.5649	7.10307	7.19752	4.71576	7.78215	5.6954	5.69289	8.56249	10.403	12.0548	9.96566	4.20919	4.52242	13.7901	9.77535	7.23601	7.2421	11.0878	5.0294	8.14903	12.5659	15.4906	19.4283	21.1485	18.4443	16.5759	15.8727	12.7985	9.55784	10.7217	14.5054	18.3597	16.8361	12.723	11.4778	18.4315	15.9275	9.82136	11.3622	9.78734	7.24189	12.3865	16.5664	14.6153	25.0758	35.4073	43.451	50.9473	53.5082	48.9137	34.9569	32.0401	33.3005	26.8145	27.1271	30.1797	32.5816	31.5967	31.6406	33.4902	42.0757	48.271	27.192	61.9853	54.0087	30.9378	6.35974	59.9638	70.4258	63.1712	49.1817	49.2782	47.8273	17.1519	53.9143	67.7762	72.8239	71.99	67.378	61.6312	50.6519	33.0448	17.9146	13.3035	10.5044	10.7916	19.6093	41.5874	61.7256	74.8598	76.659	69.0859	32.0529	61.9239	68.7623	63.0685	55.3233	50.8929	47.7753	52.0973	54.0819	51.3525	61.0678	68.6303	58.7015	73.1945	75.808	69.3403	43.5011	45.6622	69.3012	75.6823	75.314	72.3129	68.6513	58.7091	21.0189	43.3872	40.9195	42.8625	48.445	48.2313	51.0834	50.671	32.8856	20.1534	32.3648	40.907	37.4093	25.431	9.17603	3.70072	4.66828	4.74405	4.0981	3.48055	3.77643	3.8274	4.36201	6.7136	9.17019	12.1215	13.8322	13.9805	11.8359	14.7012	17.7987	12.3501	6.82866	20.2573	38.4322	51.9409	63.0652	64.0604	46.3954	16.8192	51.4115	40.7716	25.3098	43.0057	48.5964	52.2393	47.7582	23.883	16.656	17.6564	13.7904	15.7466	21.7627	18.1578
0.547499	1.83985	1.95807	1.73085	2.64097	5.0788	5.09921	3.86567	5.6922	10.1147	8.58859	6.09832	11.992	6.84068	5.37099	2.18906	6.91139	4.18041	3.86562	7.41138	9.81426	11.6801	7.24139	4.8852	11.4357	13.4776	15.1338	17.6188	14.5194	4.89128	0.713855	0.624263	0.882794	0.882794	0.734559	1.05306	2.21614	2.21614	0.692535	0.692535	0.713838	0.624234	0.97932	0.624234	1.63294	1.87211	1.48905	1.9733	1.83985	1.4688	1.10848	1.00946	0.865624	0.624234	1.16129	0.774284	1.35207	2.14068	2.42255	1.7309	1.76513	2.47743	1.6421	2.87917	4.64844	3.54795	2.45924	4.53517	4.03158	3.56055	6.89208	4.18029	1.5959	4.16237	2.01829	1.59586	12.3044	13.9785	1.91172	6.32393	3.90027	5.07884	8.75944	4.04999	2.94583	4.56458	3.49721	3.18932	4.71515	2.25638	7.49982	4.02049	2.35363	3.32669	4.3238	4.65181	5.6922	7.06889	4.94562	13.4587	9.56408	5.52599	6.73021	9.57161	5.63494	15.0861	13.3896	13.7468	20.0314	16.893	9.61831	8.90745	9.90336	10.1147	5.90639	5.54742	7.26761	7.98006	9.7068	8.98888	4.2052	16.5091	18.0164	7.26552	6.27713	6.23235	8.14829	6.8665	11.0146	12.0451	15.2985	24.8768	26.4611	23.7385	29.4632	26.802	11.7793	6.70633	18.0645	13.2271	14.0565	9.11176	3.5649	17.7374	33.4749	24.1604	14.7446	41.7073	25.5814	50.1273	54.3236	34.1795	24.2991	35.9757	62.0736	61.8688	47.4536	39.9711	50.7062	42.4638	24.8766	32.5133	60.0623	63.0202	58.2213	57.0928	50.7925	35.0477	11.5657	7.03173	4.53535	6.54161	5.89631	7.10206	17.9619	55.5586	68.3999	70.3419	67.8214	39.7016	57.8088	55.9803	32.0521	27.0443	35.2673	48.315	52.1629	42.9684	49.8008	66.2244	72.8752	53.668	66.3588	62.4646	60.8512	51.7057	9.8261	61.9867	63.1811	46.8783	55.584	66.5841	50.4082	35.6295	33.4754	31.004	12.9539	22.168	35.393	47.0922	41.986	17.9655	15.9969	24.526	34.3628	34.7363	21.4266	1.5579	2.08404	1.8722	1.16134	1.22411	2.09112	1.70472	0.774284	1.46888	2.11256	1.97339	1.64215	2.79493	5.87617	20.0738	21.6006	11.7587	14.8055	23.5434	25.6096	8.945	33.5193	51.3935	59.2796	40.8202	53.3024	48.269	33.5598	7.28387	19.614	45.2354	52.3185	27.0607	15.3473	16.0913	14.7177	14.2709	19.5768	17.9188
0.713768	1.87192	1.93482	1.70455	2.40366	4.56412	4.6512	3.56442	4.71778	9.38626	8.00098	6.33027	12.8428	7.11402	6.39773	5.55741	7.63838	5.50692	5.69711	4.91208	6.4707	9.47361	7.79002	2.0838	8.26834	12.5602	14.4183	18.1911	16.4555	7.29708	1.54815	0.346248	0.62417	0.547444	0.173125	1.10837	2.32781	2.32781	0.865535	0.865564	0.713791	0.69247	1.09479	0.865564	1.64193	2.09091	1.47883	1.59568	1.78181	1.64193	1.26015	1.05295	1.2117	1.05298	1.22401	1.10845	0.624209	1.00935	1.97309	1.4889	1.31822	2.47718	1.86392	2.9758	4.80196	3.59767	2.70222	4.04958	3.41044	4.5347	8.02643	3.54759	0.624209	3.07935	1.73937	2.25611	14.3819	14.0354	3.59767	7.74293	1.59571	5.37596	8.1688	5.58951	5.52563	5.98776	3.3576	2.14049	4.71778	1.56734	7.68415	3.99038	2.78934	2.44686	2.95569	3.05989	6.885	6.70315	4.69268	12.8134	10.4777	9.12398	11.3237	10.1467	9.58728	14.9213	9.80916	10.5539	18.7965	16.6856	9.13788	8.38189	9.59479	10.1887	6.32338	6.20812	8.36464	10.8624	11.3465	12.48	12.0245	14.0316	18.4508	7.9515	6.07578	5.98025	8.29627	6.41598	8.63347	10.1477	11.7874	19.994	22.4418	12.4796	7.35514	23.3932	8.72202	5.2423	16.0033	15.0445	16.7296	11.833	5.25926	17.1169	33.9215	26.0729	11.489	36.568	33.74	39.7329	52.4756	33.1319	29.2339	17.0096	54.307	63.6416	54.7208	39.6999	49.5968	51.8528	35.1662	21.2278	52.7253	59.4667	59.113	60.8224	60.1934	48.3126	20.1615	13.1246	7.92995	7.07052	6.0589	5.03441	9.03579	42.3837	61.2924	67.9699	71.4233	64.0488	29.7314	51.0738	52.6062	45.4969	49.2751	55.9265	60.0535	53.6263	57.8431	69.4155	73.1844	53.5941	65.5048	61.3532	61.597	64.3889	51.929	45.4705	56.7889	48.066	52.5978	66.4756	55.4278	55.2849	48.2109	39.6366	30.059	28.7285	19.3112	37.8621	45.5192	33.6433	6.55253	1.22399	21.6233	41.6459	36.9929	10.7196	2.98595	0.62417	1.09483	1.93489	2.42847	1.90368	1.31829	1.31829	1.31829	1.35195	1.39555	2.09091	7.54576	22.2215	19.9933	12.2239	4.66724	13.7455	25.9212	26.2368	19.0618	32.9351	57.2469	48.6746	52.1968	51.6059	39.235	35.1712	15.607	37.1138	53.6679	36.9824	23.587	18.8566	16.8125	14.938	18.8435	16.8395
1.21158	1.86373	1.86373	1.86373	2.18855	3.82614	4.60906	4.15091	5.20475	8.69797	10.1072	10.3432	13.9306	11.9963	7.10097	10.0898	8.30249	6.72241	10.3448	12.6698	10.5722	8.26751	5.74526	7.10062	7.74265	16.9728	18.2458	22.4942	22.6465	15.9711	9.75823	4.54426	1.97289	1.26007	1.03854	1.7305	2.79436	2.47695	1.90349	1.80674	1.4686	1.31815	1.73919	1.47874	1.56716	1.78163	0.774095	1.54799	3.02543	4.09691	4.17604	3.56003	3.09373	2.70763	2.4951	2.0908	1.22386	1.10826	2.25582	2.64613	2.8994	2.47702	1.00925	2.94017	4.6507	3.86484	3.1176	3.7752	3.83784	5.44938	8.16992	6.96732	4.42837	3.77533	2.95552	4.40456	12.08	12.3651	11.3992	10.2484	4.56392	5.65196	6.96732	8.07504	8.10384	8.95454	5.98731	5.15057	7.30459	6.9527	8.76127	0.865503	7.74997	7.60732	8.15587	8.85212	5.71711	2.6462	9.24146	16.9535	18.1442	17.0826	15.5525	8.38677	15.2115	15.9332	10.0613	12.9514	19.1562	17.8993	11.3086	10.4479	15.9573	19.4439	19.7009	20.957	21.673	25.186	29.4717	32.0472	30.7029	21.2262	12.856	5.41662	7.95824	7.99474	9.64028	9.7607	8.96909	10.6956	11.4744	12.0683	16.5709	18.3846	21.2764	27.2617	30.0508	39.9826	35.4327	20.7718	15.7836	11.6095	12.0964	13.8317	26.8552	25.8519	14.6593	32.1825	37.5626	24.3591	42.5828	38.1111	35.3152	19.7487	40.3334	64.3921	68.1549	64.4529	62.7244	64.9209	54.8681	12.9846	47.1988	65.5163	70.871	72.87	73.8453	71.3159	65.5024	57.8832	42.5897	25.394	16.0925	11.6028	11.6514	28.4327	50.5764	65.5304	71.8435	69.1768	57.4496	52.3993	67.5247	71.1825	72.9329	72.7528	71.778	71.1877	72.8005	71.707	66.3869	50.0369	60.2267	70.2795	71.6641	72.8332	71.6712	60.217	8.77758	49.2769	60.6238	69.416	67.2235	59.7304	51.0591	54.8741	46.5551	27.9819	38.9236	55.8063	62.8738	63.3145	56.5481	47.9067	41.7152	47.2835	54.3084	55.2914	52.1981	43.6153	31.263	15.6807	4.33323	1.93462	0.624106	0.547388	0.713695	0.547411	0.244819	1.03854	8.34446	24.2643	19.9617	19.5361	22.764	28.6026	35.6188	42.9148	47.7092	29.9844	41.1261	60.8812	62.0092	56.3822	47.4521	50.4927	42.4262	16.6999	43.2173	57.0986	60.579	56.6779	44.5375	27.5331	24.1096	22.6066
1.22375	1.93445	1.78148	1.78148	1.78148	2.87833	3.64636	2.95512	3.69512	6.02348	7.30379	8.05969	11.2371	9.78371	11.0927	11.477	7.02939	8.69203	10.3641	12.0361	14.7783	12.6696	6.24733	8.69203	7.24124	13.3859	18.2958	22.338	23.6236	17.6062	13.2855	8.2684	3.09329	1.83941	2.73479	3.46195	3.63416	2.60036	1.73903	0.865394	0.387031	0.624052	1.3952	0.865394	0.713631	1.03844	2.11195	3.26244	3.66691	3.71132	3.82591	3.56384	3.28065	2.79422	2.08339	1.9575	1.86357	1.42704	2.25562	2.81539	2.55392	3.02015	3.43175	1.93451	3.83742	3.7232	3.13172	4.32253	4.00826	4.33286	6.99401	8.50128	7.47246	4.27406	4.58925	7.10011	4.56002	10.5847	12.4234	7.97974	6.06514	6.85827	5.98674	4.57307	4.33276	6.93481	6.19033	4.65051	5.52453	8.08328	5.79628	8.08293	8.69718	3.02015	7.61778	6.19033	6.47861	9.15399	8.80027	9.28727	11.9761	8.90364	0.93203	11.6283	16.6572	12.2827	14.9844	16.8379	17.5999	16.3988	10.6424	10.6303	20.2075	23.8503	24.2518	26.8342	27.3786	28.8232	28.3459	23.8573	25.1323	22.2598	17.3467	10.3756	4.69175	5.86707	13.344	15.1924	9.75987	8.53511	8.72538	7.32375	9.17426	15.2249	27.205	37.7369	38.3185	36.9598	41.867	32.5809	17.4923	9.24045	12.7353	10.5449	19.4371	22.5008	19.5619	25.0902	38.1398	27.8307	46.3802	52.0754	50.192	39.5387	12.7839	46.6038	64.7246	67.2449	63.1081	66.7627	63.4793	45.652	22.9346	18.3294	47.5461	64.6655	72.1945	73.3141	72.6303	70.8467	60.8116	36.8953	24.9172	15.4285	13.9266	19.006	25.9057	49.9873	66.0292	66.2764	68.2326	64.2281	36.4058	49.6168	56.7072	55.8989	55.4059	59.6528	54.515	9.79376	55.972	62.4566	38.4035	58.8169	65.7383	69.4211	70.9746	70.3499	61.6263	38.8517	14.1041	59.4484	63.0234	52.3484	47.5446	52.9814	62.6228	62.884	57.3564	49.556	52.0775	58.1421	63.8368	63.8168	57.4997	49.7224	49.1939	53.811	57.46	57.5323	54.4324	45.8321	28.5966	12.6727	3.9485	2.47678	1.39524	1.78155	2.59467	3.35707	8.86407	23.3565	23.1671	28.6313	27.5995	23.95	24.4266	27.6832	37.1998	41.9463	26.952	21.7282	11.4438	29.9064	8.76565	30.9224	41.9465	36.2146	20.7031	31.3707	52.5427	60.6588	55.5936	31.5649	19.1524	15.9116
1.00906	1.71279	1.6323	1.87137	1.83912	2.57114	3.21591	2.47646	2.70697	4.80058	4.83752	2.98501	5.99831	9.52416	13.5954	12.1244	7.77838	9.2329	12.4746	10.2419	5.58778	6.99353	9.22399	7.78807	8.77596	4.42394	11.5116	16.451	18.9721	13.6839	13.3914	10.6519	0.547308	6.62869	9.0977	7.31945	3.739	1.25983	0.386992	0.734283	0.773992	1.00906	1.46822	0.519213	1.5477	2.59444	2.78864	2.24888	1.39515	1.59524	1.80633	1.76445	1.93429	1.73884	2.94468	3.1739	1.4269	0.865284	1.76445	2.94479	4.31869	4.49064	2.77246	3.7904	1.25978	3.35663	2.51844	4.26665	4.0777	1.83912	2.44609	3.94038	6.82081	7.02869	5.09723	4.10684	4.74179	4.6341	3.88352	3.52565	4.06693	5.41842	6.00561	5.65082	2.49448	3.77449	4.48405	2.97493	2.0903	4.09592	2.55367	8.31338	14.2712	16.3613	16.7845	11.9787	14.4612	4.66606	7.28111	12.1088	6.24679	3.18802	10.1859	18.7145	21.6257	22.387	24.4643	20.5566	17.0913	14.0542	8.86981	9.86467	19.6413	22.8668	18.3888	19.253	22.7093	25.9789	18.4023	8.42667	12.4627	17.5684	20.5657	23.7149	21.1821	12.345	6.0326	15.4184	12.5567	9.43452	11.5207	11.4862	10.196	11.3566	17.9554	37.2842	48.1449	45.406	5.24058	28.0652	12.8538	4.53363	9.86756	8.77262	12.9391	15.5422	11.6674	13.8859	52.2669	50.9096	50.4032	52.8942	57.9883	54.463	43.3183	23.1865	24.466	58.4509	61.1659	65.1844	65.1029	60.024	56.6145	51.428	42.3735	9.70471	48.707	59.3803	65.4218	71.7852	69.2134	50.6067	36.0201	22.1471	12.7084	12.2908	17.5966	33.9663	58.2767	66.7015	71.5421	69.3038	57.9019	50.9205	47.9834	54.5466	55.9333	59.5403	57.2205	62.4476	60.9912	68.9698	55.1901	8.15394	38.0395	55.1329	63.0832	67.5763	66.0474	63.2205	55.9419	11.0318	48.6971	58.1022	55.0331	48.2649	53.7487	68.6327	60.6581	28.9427	20.2383	11.9394	29.9743	47.1556	56.9654	55.0063	39.6603	23.6545	28.5844	43.7845	56.7163	60.9158	55.6196	36.8387	11.3118	6.03523	2.27528	2.0832	2.57128	5.4837	10.9886	17.9639	28.0291	31.3821	20.1024	2.89886	9.3332	16.9882	22.2847	42.5202	45.0009	51.4411	54.1547	54.6407	53.1353	34.2007	26.4152	37.814	42.5804	47.6489	35.7047	48.4856	57.5365	36.4325	24.7703	15.6229
0.931855	1.2235	1.39494	1.93409	2.09012	2.55344	3.02442	2.40275	2.73417	4.41349	4.40343	3.77426	5.87351	9.25262	13.8469	14.3068	10.9459	9.79214	13.461	14.4599	10.1554	4.14977	2.78836	6.81405	3.81733	10.635	19.2857	21.0246	20.0659	15.3156	14.4256	10.0744	4.59805	12.4432	10.8796	10.0533	5.81801	2.10439	0.713514	0.623964	0.386959	1.31772	1.24772	1.55715	3.52531	3.18784	2.08305	0.978901	1.00897	1.73003	1.86322	1.93411	1.91079	1.56672	3.32056	3.07819	1.09441	1.395	1.73007	1.7039	2.63971	5.03243	5.35192	0.734207	2.81496	1.31772	2.08294	4.21718	4.03333	2.16735	2.69012	4.41349	6.22694	6.78571	5.61906	6.95071	6.4595	4.03354	3.52531	3.64575	2.73417	7.16044	8.68883	4.31823	1.35142	3.46129	5.69462	4.97911	5.69474	8.25133	6.22707	9.33217	13.1696	11.341	15.4641	16.4804	8.35131	8.75044	15.0637	14.6489	16.9497	8.52881	9.83301	20.3909	18.7686	15.1988	18.8068	18.1391	16.3323	11.7738	8.7239	9.5958	18.5253	23.1879	19.9871	20.1757	21.325	22.7533	19.4161	19.9058	20.9229	20.9515	17.4764	17.566	20.4557	21.0457	16.1239	6.79435	12.5958	9.65154	11.4257	11.2108	9.28528	10.1651	11.2903	27.2049	39.3032	47.1519	40.2298	12.5958	24.8107	6.56119	7.80032	7.03438	9.00677	10.2158	9.95949	16.5259	55.1357	55.1013	14.6489	34.7307	49.9831	58.2232	55.1256	41.2771	17.7038	43.7849	60.9072	67.6189	68.0461	66.8377	65.2744	56.0631	48.4249	37.6462	10.3943	32.8372	45.2583	65.8839	69.1734	61.4929	52.9103	43.6004	27.4697	10.7861	16.1241	21.039	39.9529	58.9246	72.6507	71.3851	64.109	64.1559	58.6295	53.4667	52.1658	53.8467	55.3948	57.0599	65.8464	70.6986	63.611	46.7299	7.75724	29.1743	56.7761	63.9013	60.8959	61.3487	62.4321	52.7983	17.4874	46.0811	42.8398	34.672	61.7005	67.2682	59.9645	59.2929	43.6569	19.5994	15.5338	2.70134	32.6044	52.2685	53.4395	45.4895	35.4296	29.6367	44.2398	60.8414	66.9986	59.2458	32.8974	17.7601	6.43887	2.94457	2.93943	8.05804	15.1557	17.3088	27.7607	29.158	19.3033	10.9525	17.4029	25.003	26.4333	40.68	39.9696	38.903	20.1275	24.1068	39.4008	57.411	29.9205	35.4745	37.8728	29.6534	25.1242	35.7845	50.5913	47.3511	41.5533	19.439
1.09431	0.713427	0.931761	1.73852	2.42116	3.11649	3.69407	3.1308	3.28876	4.67459	5.14855	5.01744	6.29016	8.58895	13.0573	15.9034	15.2112	15.4559	17.7023	18.4792	17.9441	17.2733	13.9577	10.4607	7.58715	15.4764	17.9046	18.9445	18.5637	15.2208	12.937	7.07748	7.91648	16.9262	6.72645	8.33456	7.1884	4.83662	1.72991	1.64122	1.38408	1.42668	2.94432	4.86133	3.98863	2.13946	1.3948	1.2234	2.42116	3.11651	2.95941	2.61682	2.44574	1.86312	2.16713	2.18773	1.54741	1.05247	1.54733	2.21486	2.20132	2.93907	5.27904	4.75003	3.94741	7.18266	6.09508	4.17797	2.32028	2.16713	2.8982	4.90974	6.0561	7.63507	7.58715	6.35553	4.94297	3.01922	3.47805	6.41294	9.339	10.2935	4.64902	3.07808	3.59618	5.73281	9.76902	7.26161	2.55319	6.62977	13.1437	7.4702	1.76417	2.25505	4.93674	3.88262	11.3681	16.41	15.5709	15.21	18.2285	24.8691	17.1007	13.2279	22.1044	18.6612	19.1257	15.7262	10.177	8.93997	8.92697	8.75461	20.329	26.2615	20.5997	22.982	24.9101	23.3608	26.7011	33.5855	33.3501	32.1093	30.6844	27.766	27.9755	26.3845	26.2353	19.0085	8.49895	6.26421	8.81576	7.87398	8.90239	10.9723	11.1181	21.6219	31.3185	38.8235	50.3069	29.4837	26.9672	26.1935	11.7827	10.1941	10.4399	7.35166	9.35715	16.0296	48.9766	57.3933	48.1985	29.5444	15.4341	45.3123	54.7456	45.8351	32.9672	8.61425	42.4759	62.4923	68.2336	70.4727	72.814	72.412	68.935	63.4661	53.1015	32.9154	41.814	63.8252	71.9142	73.6854	70.8691	65.6204	57.7604	35.6169	15.246	15.6227	20.7738	32.8468	67.7626	70.8071	70.4437	72.106	69.8379	62.6739	54.2966	63.4675	61.8587	47.7563	65.0863	66.6122	63.6908	63.4272	44.2428	36.5277	53.5343	62.3594	60.0434	61.7645	62.8112	61.9616	49.7265	25.2071	31.1435	32.337	59.1737	67.993	69.3425	70.4454	70.0318	65.7985	60.0725	56.2036	42.7299	20.9111	53.0558	53.9121	45.5685	29.9563	31.1601	33.1512	62.0175	67.3062	63.9108	53.1359	32.5851	20.9944	12.7578	13.9455	19.3238	20.3797	25.0541	24.2968	23.2183	20.6429	20.6756	20.5263	16.2552	29.9184	29.6665	21.6006	16.2787	6.32763	10.4835	58.1355	49.1896	42.2735	56.7522	51.6532	55.4158	54.843	50.7343	44.7145	47.7029	28.5831
1.1078	0.623847	0.244685	0.882178	1.56641	2.47577	3.44329	2.94391	2.81442	3.47353	3.81662	3.27941	4.50263	6.27292	9.33313	11.5577	9.63613	10.1931	13.9141	13.5828	12.8754	13.7141	13.2357	13.5921	8.74419	13.5907	14.5553	19.3109	18.7919	12.0734	8.26361	3.35575	8.66693	19.231	6.69929	7.31685	7.09726	7.06411	2.24812	1.56643	1.73834	1.35117	3.63279	4.06575	2.20124	2.55293	2.45756	2.30716	2.95906	2.42706	1.59478	1.54717	1.54717	0.692068	0.865033	1.05234	1.25942	1.22325	1.22325	2.45756	2.32646	1.72967	2.79303	6.92568	8.16412	5.76345	5.03169	2.35215	1.42653	1.86284	1.09415	3.30201	4.68997	4.74033	4.55848	4.20238	5.26719	4.97809	5.83443	8.42392	10.7664	6.22835	3.97682	4.4564	3.15426	11.1051	13.1708	5.56252	6.7081	14.4307	11.6631	2.59361	3.63279	2.8356	5.8849	7.75574	14.7351	19.4899	14.6186	12.4047	11.8291	18.1002	21.7384	4.36866	19.0727	19.9656	23.2921	19.8686	10.1362	7.85652	6.65541	6.32203	22.3866	29.2297	17.845	19.8386	27.7091	25.5632	23.9418	22.5417	22.9612	22.8916	24.2066	22.7651	23.2177	20.5244	19.4729	21.2328	12.3995	12.6014	12.3129	4.94554	4.66457	9.50492	9.70146	18.9343	24.6299	24.1367	42.7344	50.7615	19.2646	32.6267	11.2368	7.2366	6.15913	1.83859	7.35091	15.0688	35.2652	44.8416	42.9606	31.7026	19.4364	25.0729	50.1598	47.8487	36.4132	10.9436	9.41663	37.4129	53.9654	59.6276	65.7651	69.3851	66.4936	63.3811	64.2145	55.9216	40.2397	59.2159	67.1838	70.7946	69.0793	62.7269	60.8943	45.8433	10.8658	11.931	15.5158	20.5999	54.9409	59.5326	53.0811	54.8023	69.2654	62.2501	50.7484	59.9354	57.4116	50.1619	63.4459	56.606	45.8526	66.8175	62.1999	36.199	41.638	55.7408	55.5161	58.4701	55.0011	56.0074	52.7214	20.4522	15.2733	24.7478	40.3523	51.2793	55.0119	60.4118	65.6066	65.5942	60.2655	56.0446	57.5055	48.6032	28.0868	46.2894	39.2681	24.9874	17.845	19.554	29.4648	54.2462	63.4269	59.4083	35.5121	23.5528	12.708	12.9304	17.3419	19.3754	19.9511	18.3844	24.8055	23.9858	18.4412	14.236	14.8697	24.9453	21.9156	13.9085	16.3493	9.7206	26.4536	55.0781	51.1136	44.2862	64.2074	52.8074	52.2076	60.6987	61.8853	44.0977	45.7609	36.3652
0	0.489319	0	0.489319	0.978567	1.95656	2.93342	1.95656	1.46767	1.95656	2.44517	1.46767	3.42125	5.36689	7.78111	9.21695	5.36689	6.33536	11.1131	8.73954	5.85154	7.78111	6.33536	8.73954	1.46767	11.1131	12.985	19.7328	19.7328	10.6412	4.88147	0.489319	8.26091	19.7328	7.3002	7.3002	6.81827	7.78111	2.44517	0.978567	1.46767	0.489319	3.42125	1.95656	0.978567	2.93342	2.93342	2.44517	2.44517	1.46767	0.978567	1.46767	1.46767	0.489319	0.489319	0.489319	1.46767	1.46767	0.978567	2.44517	2.44517	1.46767	1.95656	7.3002	10.6412	1.46767	2.93342	0.489319	0.489319	1.46767	0	0.978567	2.93342	2.44517	1.46767	3.42125	6.33536	5.85154	5.85154	8.26091	10.1679	0.978567	7.78111	0.489319	3.42125	13.4487	13.4487	0.489319	11.5835	13.4487	0.489319	6.33536	2.44517	0.489319	5.36689	6.33536	12.5195	20.1652	12.0523	7.3002	12.0523	2.44517	21.4479	11.5835	17.5363	19.2981	24.3536	21.4479	10.6412	8.26091	5.36689	4.88147	23.1235	30.5104	15.2853	17.0903	28.6605	26.7429	20.5952	2.93342	7.78111	3.42125	6.81827	5.36689	12.5195	14.829	9.21695	15.2853	9.21695	10.6412	5.85154	6.81827	0.489319	7.78111	9.69308	19.2981	22.7084	19.2981	36.927	55.5991	23.1235	33.3295	8.26091	3.42125	4.39534	0	4.88147	13.4487	25.9571	31.2314	33.6697	22.2907	10.6412	14.829	47.7708	49.6861	37.2384	12.985	1.46767	6.33536	9.21695	10.1679	45.2218	59.7776	56.2141	57.6695	65.838	61.9769	39.6391	3.90857	27.1318	60.6234	64.9035	55.909	59.5278	48.6401	9.69308	10.1679	14.3708	19.2981	44.978	49.8901	36.927	42.6874	70.1307	58.8866	34.6745	3.90857	45.4635	59.9011	63.1203	52.9319	38.7575	67.8056	65.9197	30.5104	21.0228	46.1765	46.8714	55.7547	51.8384	52.0244	50.8846	20.1652	4.88147	16.6422	22.2907	23.9461	17.0903	18.4217	42.9507	52.0244	34.3423	35.6555	58.6233	57.3874	5.85154	43.7272	37.2384	17.9801	5.85154	14.3708	1.46767	16.6422	57.6695	59.5278	30.8723	20.1652	7.78111	9.21695	14.829	18.8611	17.5363	15.2853	24.7584	25.5601	17.5363	7.78111	3.90857	16.6422	15.7397	11.5835	15.7397	14.829	30.5104	52.9319	49.6861	43.4706	66.0816	56.6627	42.1541	59.5278	67.2333	42.4219	42.4219	38.7575
0.489302	0.691938	0.386828	0.386807	0.978467	1.95636	2.81376	1.87048	1.47769	2.0893	2.47528	1.76361	3.73698	5.38835	7.46793	8.80645	5.83334	6.75273	11.2267	9.70557	6.93938	8.81324	8.9244	10.4411	9.84742	11.779	12.4159	18.7079	18.8647	11.0465	5.25775	0.62369	7.81402	19.1641	7.76911	7.76911	8.26369	8.15018	3.15367	2.24781	2.68365	2.49344	2.68356	1.22305	1.97168	3.2283	3.11553	2.2477	2.08212	1.48776	1.10752	1.35082	1.25918	1.16034	1.21077	0.978467	1.3944	1.48776	1.31721	2.11062	2.32602	1.59445	1.83825	6.54715	10.7164	2.93822	2.97351	0.978467	0.773579	1.59445	0.386828	1.09395	3.2604	4.27161	4.04302	3.30139	6.03216	7.11452	7.07534	7.76911	8.86548	1.47776	7.39906	1.39443	6.58091	10.3027	10.9183	8.38126	12.3933	13.1514	2.24781	7.18011	3.60735	2.78731	5.94359	6.40179	11	19.1178	12.9493	8.57271	11.963	3.9385	19.0876	14.9671	13.6968	18.8703	24.6531	22.4018	12.342	9.32822	6.35328	6.65189	22.2121	29.7788	17.7531	16.2913	26.7414	31.0442	25.4386	13.5798	15.8314	17.6525	16.9144	10.6244	13.2687	18.4071	15.9311	15.7013	11.0197	9.23498	7.096	7.42681	3.67296	7.38721	9.00648	18.7583	22.054	18.2017	35.2185	56.4372	31.0655	32.5119	16.2314	2.45727	4.06499	4.83553	6.43622	13.1163	25.5187	30.3987	32.5181	28.1702	20.4743	9.76658	48.5643	52.6573	38.8291	15.259	3.11081	5.52114	8.24774	9.81026	42.0362	58.5105	58.9456	60.1331	65.8903	62.3739	43.1112	25.0139	13.7513	59.9446	65.0548	58.1321	61.2964	51.4792	14.5075	10.1287	13.4989	17.912	46.1745	52.9589	44.8272	49.9778	66.7744	54.5165	37.4818	17.6641	53.9699	61.6939	62.62	53.2285	40.4569	65.4045	65.303	38.5689	15.0155	45.8609	50.7385	58.1514	54.6379	45.383	48.9872	38.3801	10.9488	13.2179	20.5787	23.7904	23.3222	26.5527	43.9188	54.3639	44.3019	42.7658	59.9453	53.9807	13.7359	33.7885	39.1136	32.974	21.812	17.3142	8.45708	15.3311	54.4399	60.6558	46.9903	35.0464	22.1605	20.1843	25.0862	20.0078	14.1104	18.5185	26.8071	21.6075	16.1322	11.4705	5.17566	17.2154	15.6495	12.1838	20.7007	28.5877	38.2504	51.4681	46.7613	45.3767	65.489	55.3655	42.7958	57.2422	67.1345	48.322	44.8059	36.4052
1.46747	1.63145	1.72928	1.35077	0.864817	1.59431	2.40783	2.25418	2.30657	2.76548	2.93802	2.64418	4.48151	5.67117	7.1857	8.71979	7.80426	8.91718	12.9399	14.1154	11.6525	12.3027	14.2002	15.7144	19.3606	19.591	16.7398	17.7926	16.2661	10.7355	5.79216	1.39432	6.55784	16.253	15.3303	14.6057	7.23669	4.90502	12.8806	12.911	9.46611	7.57458	8.38042	9.69475	8.74169	6.21245	4.20476	2.73297	1.73787	1.16018	1.22291	1.10743	0.713173	1.00854	1.97141	2.35138	1.93322	1.90204	1.73785	1.64053	1.97141	1.71183	2.11044	4.42145	9.43364	6.45622	0.172976	3.27847	1.42612	1.70309	0.864796	1.42609	5.94307	11.6024	13.3972	11.8726	6.65154	8.61088	6.09004	4.1727	8.1406	4.50141	6.09242	1.47761	7.38864	8.54518	14.3727	16.6801	15.3232	11.6012	5.35492	9.5294	7.95229	11.1677	13.7346	11.3757	9.76991	13.4483	12.9882	12.6112	14.2542	11.2701	7.26074	19.7538	10.319	12.7139	25.828	24.4684	15.7	12.7006	10.1844	13.9402	21.8115	25.8737	20.4994	16.6873	25.3575	44.5487	47.4149	45.7003	43.0349	37.3321	33.0171	29.1132	31.4419	33.2403	33.0035	29.9327	27.9797	25.5077	19.718	17.3228	15.3135	11.2261	8.07778	15.7437	19.0861	17.1928	31.6732	56.0047	48.3784	8.75133	30.5504	22.644	7.908	9.09729	12.0282	14.4391	24.9019	30.4525	33.1368	34.6891	35.4225	32.6986	53.4802	64.685	56.4397	34.2388	11.3004	4.32995	4.93489	8.05423	31.9277	53.8465	62.8262	66.1848	69.4035	68.7345	60.1654	51.7445	28.5339	52.458	63.524	62.6412	65.5128	61.9137	37.936	15.5541	17.4318	18.8807	50.6799	59.6124	50.2832	40.0424	53.778	58.0224	47.2569	47.7654	56.0653	56.1032	52.6658	55.6718	56.8317	66.6404	68.6673	52.2072	35.2017	50.8604	60.7165	63.705	57.4443	64.6559	66.3978	58.8281	42.0051	25.9249	5.94302	19.9403	29.4476	35.9981	47.6591	59.7181	61.9991	61.5666	64.8375	48.8733	44.7802	41.2291	15.5444	23.0924	27.7749	23.7261	19.4867	14.029	40.0108	61.4762	64.1303	61.2606	54.7779	37.6393	24.324	12.6038	2.98331	19.3168	27.1223	29.0597	30.052	24.9125	1.83809	16.2133	18.6993	18.5986	32.724	42.2672	36.6401	37.6352	40.3419	36.2344	61.1118	60.467	57.2806	58.0909	65.7184	55.7543	48.3412	33.4502
0.864764	1.35066	2.21394	2.73276	2.32574	1.31703	1.00839	1.56584	1.90971	2.42615	2.59837	2.27377	4.2324	5.47991	6.28704	7.42747	7.0556	7.98833	10.7095	13.2591	11.2843	8.9083	9.1042	6.74967	9.84543	12.7825	14.461	14.075	12.5921	9.35743	5.79414	1.56584	4.40091	9.60105	10.2722	7.02447	8.30077	16.6167	19.8476	21.0386	19.4639	17.3846	15.3998	13.0015	10.7907	7.63731	5.00327	3.67228	2.94292	2.49297	1.86223	1.22284	0.864764	1.16013	2.79198	2.86055	1.72908	1.90971	1.73771	1.90187	1.90969	1.64036	3.09092	2.86055	5.47714	7.08861	5.75336	0.518867	3.49775	0.623573	1.80513	1.59418	8.01885	12.6253	5.12863	5.56012	2.73261	8.104	8.45551	7.08679	8.38626	8.27262	5.67061	6.39368	10.5363	13.6851	12.4053	11.8	10.0706	5.18909	8.16106	11.2586	11.299	16.5092	17.3427	15.1723	12.7792	9.57865	6.87848	8.7702	9.44042	11.6779	8.38626	7.92247	17.3363	4.78531	22.9768	24.5611	20.2475	18.4626	16.1893	21.4081	25.651	23.9784	17.106	20.1911	29.3826	52.3206	52.7209	42.5396	44.6069	40.0042	34.1958	33.255	34.9161	35.409	36.6366	36.855	35.1687	33.132	26.7943	22.0183	20.0275	15.7638	12.004	10.8614	12.2952	11.9669	22.3183	46.1969	53.2513	39.3295	12.4143	33.8324	25.4342	8.62545	13.4133	13.0856	20.6933	25.1514	24.8438	28.6428	38.6332	52.9157	46.3778	67.2245	68.3446	54.8365	24.8438	3.94553	2.78673	4.15798	14.429	34.3281	53.8691	63.0404	68.8649	69.4613	61.9171	59.4463	50.7427	34.1665	51.495	57.4484	63.8643	67.2014	54.502	17.4316	20.2236	22.3646	53.0495	58.8832	34.4392	41.1328	53.2499	54.9255	56.4426	60.2064	61.0696	61.2745	62.536	65.4433	66.0754	71.7255	73.9046	60.5449	36.5651	46.0983	63.4471	65.0243	67.9865	72.4758	72.838	61.2409	48.2888	47.4995	33.6065	9.17979	14.3265	20.5482	30.4262	45.999	57.7814	66.5042	70.8147	63.0104	61.3864	61.6466	57.078	45.832	37.4598	23.0753	16.9891	18.1151	12.1262	40.4294	58.2327	60.6586	58.3428	47.1524	15.2434	6.75176	7.02231	14.0702	25.4503	31.3563	34.4859	32.1731	15.3684	6.85286	9.16739	14.8486	40.17	46.7785	32.4775	33.9352	41.7064	11.8714	53.3656	62.4958	63.8031	64.7422	63.8779	55.3764	43.4732	15.276
1.15996	2.07442	3.0176	3.42883	3.69612	3.25966	2.11015	1.00835	0.733681	1.64022	2.10299	1.97111	3.69197	4.8584	5.14548	5.75284	5.0761	5.24523	6.96066	9.27929	9.43969	8.25099	8.20313	2.40737	6.61459	8.28949	6.51846	7.22098	9.20888	7.53606	5.14541	1.15996	2.4926	5.97407	8.09073	10.7776	15.6421	15.5274	10.4327	10.6338	14.5127	15.4018	13.1452	9.57784	8.88461	7.22113	5.45258	4.79722	4.27406	3.90731	3.0763	2.21372	1.97114	1.87006	2.47462	2.55175	1.54645	1.31685	1.59404	2.0816	1.73754	1.72892	3.17152	1.97104	2.63795	4.97581	6.11784	3.49742	3.10994	3.0617	1.22271	0.881767	7.4503	13.2578	14.0131	12.6625	7.17034	6.18508	7.79537	6.71392	9.46238	9.05538	7.41306	10.7043	4.43754	3.56079	2.42593	2.01598	1.39405	4.23211	9.11271	10.1316	12.9824	19.4743	12.3025	14.3682	15.8731	13.215	10.5853	12.7953	13.6744	12.9463	14.8838	14.6459	17.9694	19.825	16.0128	19.0402	21.1664	23.1746	20.8033	24.6439	25.8766	22.4669	15.6321	21.2285	33.9604	52.181	52.8469	26.8124	33.2766	43.6978	31.8924	4.26342	4.64637	13.7025	20.698	28.6955	29.6369	27.0403	25.4332	21.469	17.8377	15.7571	15.5237	11.6189	7.27554	10.3665	17.5437	33.1168	42.6726	48.8126	34.3321	21.9686	36.3795	14.131	12.4273	10.6484	18.7206	23.3224	19.686	24.9084	34.1337	58.0328	57.9366	37.4	67.3867	64.9267	42.6073	3.78753	2.93754	3.11471	7.92127	16.0839	34.8871	47.4568	62.946	65.5255	56.9287	60.714	54.7648	34.6507	33.4933	39.8664	55.3626	67.107	61.5335	19.8564	15.4811	17.7405	48.1248	53.0751	42.0113	38.2535	35.7221	42.8719	49.5915	60.37	64.85	59.431	51.0505	47.8268	50.7609	72.5101	75.6758	65.377	43.7916	37.3915	62.8639	63.3189	71.0723	67.1904	75.6078	62.4118	39.5422	49.2331	55.15	32.7769	4.53023	5.11972	6.85892	16.5028	34.0726	55.1857	68.4768	66.5081	56.66	55.4381	62.7949	64.6469	61.4773	53.826	30.0202	23.9672	24.8862	15.5648	23.6457	46.8294	53.3534	53.1555	37.2695	9.89225	5.02916	5.25374	3.90731	13.5027	32.5229	35.6711	20.6395	13.0602	10.0468	1.90953	39.1829	43.3544	22.4712	28.6537	45.0602	35.7531	24.609	44.3515	46.6198	54.1935	53.7293	44.1743	25.7448	15.9053
3.02211	3.63064	2.64345	2.45634	3.05661	3.79111	3.86104	2.93728	1.63101	0.712952	1.25871	1.22261	2.95231	4.26302	4.5296	4.60429	3.79884	4.1466	6.14855	7.65849	8.41423	9.9812	11.9307	8.41942	5.89406	9.79485	6.40625	7.15501	9.01289	6.42922	4.55892	1.09354	3.49706	8.89975	10.6485	9.08979	12.6442	13.7303	11.0594	8.91488	12.2835	14.344	14.3438	11.2534	11.3911	9.08034	6.64314	5.88182	5.14523	4.66209	4.41038	3.80287	3.05661	2.44417	2.10284	1.86179	1.4872	1.5463	1.86179	1.86179	1.56553	1.90151	2.24686	2.63204	2.59788	4.79342	6.70435	7.49073	6.21314	6.54493	2.02327	0.931185	2.9724	5.86907	5.77804	2.81277	4.49025	5.47911	2.40724	5.44374	11.1618	11.3726	12.7769	8.94877	1.4873	4.04133	4.31847	4.4002	4.64609	5.37006	6.49065	6.94507	11.6026	20.6696	19.1307	6.96833	8.90024	14.2778	18.1274	19.26	18.9627	16.8497	15.7683	12.6001	11.7751	20.3626	14.8894	13.6413	20.4504	23.1178	20.0923	26.6001	28.6068	20.1897	8.09551	17.2043	35.6337	50.1302	53.9409	45.1985	12.8247	45.3589	46.1692	31.506	28.6215	16.7141	3.30002	11.8229	16.611	12.5898	12.7557	18.5527	20.4416	18.8573	16.6398	13.8901	6.50911	8.44668	14.7131	28.7081	32.9436	40.0834	46.3278	24.5634	36.9921	20.9858	12.6444	10.5465	21.1464	25.4788	17.3967	20.9861	26.3948	51.5563	60.9482	31.1699	56.9464	69.519	56.5647	8.86264	3.67159	2.16581	6.46336	10.8657	24.1454	38.8078	60.0404	63.4953	57.3022	62.6711	57.2069	37.0257	20.9734	17.2959	47.5563	65.0357	63.8996	35.4543	10.3534	17.4811	38.9675	41.9296	27.9721	22.555	33.6391	38.7685	30.5101	37.3702	58.1762	53.8594	49.6958	58.904	55.9362	70.1322	74.0856	66.6259	58.9206	42.8878	59.3022	64.371	69.8636	68.3143	77.1563	65.7141	40.9993	52.6522	65.8288	54.3258	2.95744	4.17528	4.43714	10.1873	20.8595	35.1462	55.3149	63.4459	57.6057	55.3249	58.807	60.6094	63.104	57.6968	17.2809	26.3627	33.336	33.8119	17.8804	22.5697	50.3195	59.7658	53.2727	31.6811	16.1992	6.18453	18.5841	16.9755	12.9015	38.463	27.2021	16.2988	11.6396	8.99248	36.2911	41.3448	14.6011	27.0114	38.9616	45.6064	8.85566	35.7149	31.5147	36.2605	37.5828	10.1094	26.9212	29.8579
4.58443	4.94198	2.10962	1.39376	2.24673	3.67121	5.4135	6.44718	6.44718	4.94226	2.25338	0.546785	2.01557	3.49674	4.23118	4.48976	4.43669	5.18756	6.79093	8.3284	8.95276	10.3856	13.3193	14.1101	1.8697	10.5989	8.33505	11.0248	10.4799	6.31573	3.97057	1.24672	5.3693	10.7592	10.414	7.38372	11.3046	13.1495	9.12982	5.11844	7.22572	10.498	16.2054	15.2715	15.009	13.0255	10.354	9.50363	9.24048	9.13199	8.75666	7.77153	6.64469	5.65364	4.27326	2.87547	2.3057	2.24668	2.42545	2.59188	2.44386	2.27311	2.08121	3.82177	3.45401	3.89496	6.4536	7.91967	2.61477	6.93609	5.18756	4.07408	4.71216	4.90916	4.34545	6.26878	7.1544	6.91088	8.20903	5.73653	3.60564	6.11698	3.59342	0.691607	3.10933	6.88726	8.30568	8.60128	8.07496	7.78646	7.75448	5.88108	5.49707	14.6597	24.7472	20.6563	19.1407	17.1506	9.95882	11.39	13.5834	13.0993	16.415	17.5828	8.39753	10.7916	15.3523	14.97	16.0406	18.9831	17.5481	24.3552	34.4259	33.6723	28.691	26.6812	38.457	53.3306	60.1802	62.7958	61.9265	62.0653	56.1201	39.1186	36.9359	34.2448	25.2217	16.8961	26.6296	25.1608	24.7341	21.8161	14.287	4.42002	3.24513	7.60984	8.10197	8.52156	11.3596	23.5265	26.0903	29.4141	43.1527	44.8866	38.2692	14.0866	6.78199	3.72741	19.7559	24.814	18.2198	21.5757	24.7929	44.2983	56.9961	55.6652	20.1886	67.3568	65.3519	27.4388	5.78005	4.3931	5.21868	8.01655	15.8915	31.3757	54.9925	60.3743	57.7468	64.8839	63.7555	52.1385	37.1216	16.7108	35.9634	59.8285	63.7726	51.6618	29.1349	10.7753	31.4307	33.5841	22.1421	24.1998	36.327	35.3028	27.9973	29.8802	47.8431	55.5334	62.1616	62.4812	44.189	63.3517	72.314	72.8822	73.9326	72.3026	39.6273	59.9085	64.4626	68.1143	77.7223	72.9223	64.4768	52.022	66.9494	66.1128	37.1313	9.3811	5.27805	9.67028	15.825	24.6166	38.153	55.3409	59.4728	56.0431	44.6873	31.9512	64.2881	58.1244	21.7076	10.3134	13.7402	24.6395	49.0495	52.0349	28.507	44.7834	61.7339	64.6081	61.0502	42.0084	22.7701	17.1848	16.5563	24.4985	36.4675	20.7162	10.5827	5.55852	32.1209	37.4292	22.4105	26.7072	22.6418	43.7117	37.6643	29.1759	34.7769	27.1684	18.977	31.905	44.3542	50.7017
4.62904	5.40997	3.35308	2.10943	1.97049	2.59164	3.25871	4.41957	5.09216	5.35522	3.49221	0.930964	1.31646	2.56849	3.35312	3.63001	3.3929	3.8947	4.84182	5.86797	6.11627	6.59733	8.2698	16.5353	8.13661	12.9616	12.823	12.7267	9.24392	3.94024	2.02286	0.930997	6.81807	12.5673	9.55062	5.4966	13.0932	12.4901	4.55806	7.5572	9.86466	6.03868	10.3694	12.1032	11.6554	10.268	7.34562	6.555	6.7209	6.68366	6.33145	5.56887	4.93876	4.32799	3.63009	2.94176	2.25315	1.56524	2.40668	2.64287	1.90898	1.55566	1.73702	3.11375	3.4536	3.2768	3.41897	7.72336	6.33122	3.01664	4.8571	3.83323	4.14944	3.82155	2.0882	5.12088	7.66451	6.20926	5.45101	8.01978	5.21821	1.35006	4.14932	3.49655	2.9417	8.29241	9.88079	7.85096	7.53426	8.25935	8.63572	6.50779	3.31755	5.45075	15.699	15.5923	17.95	22.4139	22.1343	21.7909	21.5076	19.3857	16.2594	23.0711	18.2257	4.80505	9.79351	13.0255	5.02783	14.0617	15.5232	12.8614	24.8606	25.2631	22.1668	15.5374	17.9464	37.2538	48.8365	52.9933	59.5759	58.1964	41.8633	26.9305	25.6989	35.2651	30.0666	17.4143	24.4907	20.705	22.8793	25.9986	24.5217	18.5212	7.2009	3.28593	6.72071	7.09233	6.96701	17.1083	17.2846	16.1763	24.2227	32.2462	27.7232	14.5411	6.24256	2.73158	15.6203	21.1608	13.99	19.8398	19.6099	35.0897	48.2462	53.0142	48.0904	53.9681	67.8671	40.5946	4.85704	3.17074	3.35319	4.90245	8.45203	20.5107	46.748	52.082	46.322	57.0127	58.7919	54.3505	43.6106	16.5239	19.0648	50.378	58.9234	51.7161	38.6893	7.76301	27.0747	30.123	19.5059	32.2008	44.3106	36.6027	29.5371	27.029	28.8365	46.7779	64.3945	67.5965	58.7621	61.5482	68.4877	69.5138	70.2758	76.1248	73.1271	44.7214	49.7326	61.1973	74.6158	70.1009	65.1254	43.9564	57.8002	65.6101	52.4458	24.9075	4.48935	6.02908	8.29275	11.9097	17.4303	27.8905	32.4868	36.0072	43.9852	55.4627	57.1438	44.6363	41.4124	27.1762	26.0438	38.9936	47.4699	52.4805	51.0822	24.7113	45.2413	60.0316	64.2169	53.3533	4.645	8.91793	19.2915	16.632	36.5714	36.4409	10.6452	10.6021	34.3266	31.6323	24.6395	30.5414	27.4187	44.0717	39.9638	10.1006	17.9828	14.7111	1.00801	35.3412	43.4766	40.7953