0	0.447523	0.447523	0	0	0	0	0	0.447523	0.447523	0	0	0	0	0	0	0	0	0	0	0	0.447523	0.447523	0	0	0	0	0	0	0	0	0	0	0	0	0.447523	0.447523	0	0	0	0	0	0	0	0	0.447523	0.447523	0	0	0	0	0	0	0	0	0	0	0	0	0	0	0	0	0	0	0	0	0	0	0	0	0	0	0	0.447523	0.447523	0	0	0	0	0	0	0	0	0	0	0	0	0	0	0	0	0	0	0	0.447523	0.447523	0	0	0	0	0	0	0	0	0	0	0	0	0	0	0	0	0.447523	0.447523	0	0	0	0	0	0	0	0	0	0	0.447523	0.447523	0	0	0	0	0	0	0	0	0	0	0	0.447523	0.447523	0	0	0	0	0	0	0	0	0.447523	0.447523	0	0	0	0	0	0	0	0	0	0	0.447523	0.447523	0	0	0	0	0	0	0	0	0	0	0	0	0	0.447523	0.447523	0	0	0	0	0	0	0	0	0	0	0	0	0	0	0	0	0	0.447523	0.447523	0	0	0	0	0	0.447523	0.447523	0	0	0	0	0	0	0.447523	0.447523	0	0	0	0	0	0	0	0	0.447523	0.447523	0	0	0	0	0	0	0	0.447523	0.447523	0	0	0	0	0	0	0.447523	0.447523	0	0	0	0	0	0	0	0.447523	0.447523	0	0	0	0	0	0	0.447523	0.447523	0
0	0.447481	0.447481	0	0	0	0	0	0.447481	0.447481	0	0	0	0	0	0	0	0	0	0	0	0.447481	0.447481	0	0	0	0	0	0	0	0	0	0	0	0	0.447481	0.447481	0	0	0	0	0	0	0	0	0.447481	0.447481	0	0	0	0	0	0	0	0	0	0	0	0	0	0	0	0	0	0	0	0	0	0	0	0	0	0	0	0.447481	0.447481	0	0	0	0	0	0	0	0	0	0	0	0	0	0	0	0	0	0	0	0.447481	0.447481	0	0	0	0	0	0	0	0	0	0	0	0	0	0	0	0	0.447481	0.447481	0	0	0	0	0	0	0	0	0	0	0.447481	0.447481	0	0	0	0	0	0	0	0	0	0	0	0.447481	0.447481	0	0	0	0	0	0	0	0	0.447481	0.447481	0	0	0	0	0	0	0	0	0	0	0.447481	0.447481	0	0	0	0	0	0	0	0	0	0	0	0	0	0.447481	0.447481	0	0	0	0	0	0	0	0	0	0	0	0	0	0	0	0	0	0.447481	0.447481	0	0	0	0	0	0.447481	0.447481	0	0	0	0	0	0	0.447481	0.447481	0	0	0	0	0	0	0	0	0.447481	0.447481	0	0	0	0	0	0	0	0.447481	0.447481	0	0	0	0	0	0	0.447481	0.447481	0	0	0	0	0	0	0	0.447481	0.447481	0	0	0	0	0	0	0.447481	0.447481	0
0	0.447439	0.447439	0	0	0	0	0	0.447439	0.447439	0	0	0	0	0	0	0	0	0	0	0	0.447439	0.447439	0	0	0	0	0	0	0	0	0	0	0	0	0.447439	0.447439	0	0	0	0	0	0	0	0	0.447439	0.447439	0	0	0	0	0	0	0	0	0	0	0	0	0	0	0	0	0	0	0	0	0	0	0	0	0	0	0	0.447439	0.447439	0	0	0	0	0	0	0	0	0	0	0	0	0	0	0	0	0	0	0	0.447439	0.447439	0	0	0	0	0	0	0	0	0	0	0	0	0	0	0	0	0.447439	0.447439	0	0	0	0	0	0	0	0	0	0	0.447439	0.447439	0	0	0	0	0	0	0	0	0	0	0	0.447439	0.447439	0	0	0	0	0	0	0	0	0.447439	0.447439	0	0	0	0	0	0	0	0	0	0	0.447439	0.447439	0	0	0	0	0	0	0	0	0	0	0	0	0	0.447439	0.447439	0	0	0	0	0	0	0	0	0	0	0	0	0	0	0	0	0	0.447439	0.447439	0	0	0	0	0	0.447439	0.447439	0	0	0	0	0	0	0.447439	0.447439	0	0	0	0	0	0	0	0	0.447439	0.447439	0	0	0	0	0	0	0	0.447439	0.447439	0	0	0	0	0	0	0.447439	0.447439	0	0	0	0	0	0	0	0.447439	0.447439	0	0	0	0	0	0	0.447439	0.447439	0
0	0.447397	0.447397	0	0	0	0	0	0.447397	0.447397	0	0	0	0	0	0	0	0	0	0	0	0.447397	0.447397	0	0	0	0	0	0	0	0	0	0	0	0	0.447397	0.447397	0	0	0	0	0	0	0	0	0.447397	0.447397	0	0	0	0	0	0	0	0	0	0	0	0	0	0	0	0	0	0	0	0	0	0	0	0	0	0	0	0.447397	0.447397	0	0	0	0	0	0	0	0	0	0	0	0	0	0	0	0	0	0	0	0.447397	0.447397	0	0	0	0	0	0	0	0	0	0	0	0	0	0	0	0	0.447397	0.447397	0	0	0	0	0	0	0	0	0	0	0.447397	0.447397	0	0	0	0	0	0	0	0	0	0	0	0.447397	0.447397	0	0	0	0	0	0	0	0	0.447397	0.447397	0	0	0	0	0	0	0	0	0	0	0.447397	0.447397	0	0	0	0	0	0	0	0	0	0	0	0	0	0.447397	0.447397	0	0	0	0	0	0	0	0	0	0	0	0	0	0	0	0	0	0.447397	0.447397	0	0	0	0	0	0.447397	0.447397	0	0	0	0	0	0	0.447397	0.447397	0	0	0	0	0	0	0	0	0.447397	0.447397	0	0	0	0	0	0	0	0.447397	0.447397	0	0	0	0	0	0	0.447397	0.447397	0	0	0	0	0	0	0	0.447397	0.447397	0	0	0	0	0	0	0.447397	0.447397	0
0	0.447356	0.447356	0	0	0	0	0	0.447356	0.447356	0	0	0	0	0	0	0	0	0	0	0	0.447356	0.447356	0	0	0	0	0	0	0	0	0	0	0	0	0.447356	0.447356	0	0	0	0	0	0	0	0	0.447356	0.447356	0	0	0	0	0	0	0	0	0	0	0	0	0	0	0	0	0	0	0	0	0	0	0	0	0	0	0	0.447356	0.447356	0	0	0	0	0	0	0	0	0	0	0	0	0	0	0	0	0	0	0	0.447356	0.447356	0	0	0	0	0	0	0	0	0	0	0	0	0	0	0	0	0.447356	0.447356	0	0	0	0	0	0	0	0	0	0	0.447356	0.447356	0	0	0	0	0	0	0	0	0	0	0	0.447356	0.447356	0	0	0	0	0	0	0	0	0.447356	0.447356	0	0	0	0	0	0	0	0	0	0	0.447356	0.447356	0	0	0	0	0	0	0	0	0	0	0	0	0	0.447356	0.447356	0	0	0	0	0	0	0	0	0	0	0	0	0	0	0	0	0	0.447356	0.447356	0	0	0	0	0	0.447356	0.447356	0	0	0	0	0	0	0.447356	0.447356	0	0	0	0	0	0	0	0	0.447356	0.447356	0	0	0	0	0	0	0	0.447356	0.447356	0	0	0	0	0	0	0.447356	0.447356	0	0	0	0	0	0	0	0.447356	0.447356	0	0	0	0	0	0	0.447356	0.447356	0
0	0.447314	0.447314	0	0	0	0	0	0.447314	0.447314	0	0	0	0	0	0	0	0	0	0	0	0.447314	0.447314	0	0	0	0	0	0	0	0	0	0	0	0	0.447314	0.447314	0	0	0	0	0	0	0	0	0.447314	0.447314	0	0	0	0	0	0	0	0	0	0	0	0	0	0	0	0	0	0	0	0	0	0	0	0	0	0	0	0.447314	0.447314	0	0	0	0	0	0	0	0	0	0	0	0	0	0	0	0	0	0	0	0.447314	0.447314	0	0	0	0	0	0	0	0	0	0	0	0	0	0	0	0	0.447314	0.447314	0	0	0	0	0	0	0	0	0	0	0.447314	0.447314	0	0	0	0	0	0	0	0	0	0	0	0.447314	0.447314	0	0	0	0	0	0	0	0	0.447314	0.447314	0	0	0	0	0	0	0	0	0	0	0.447314	0.447314	0	0	0	0	0	0	0	0	0	0	0	0	0	0.447314	0.447314	0	0	0	0	0	0	0	0	0	0	0	0	0	0	0	0	0	0.447314	0.447314	0	0	0	0	0	0.447314	0.447314	0	0	0	0	0	0	0.447314	0.447314	0	0	0	0	0	0	0	0	0.447314	0.447314	0	0	0	0	0	0	0	0.447314	0.447314	0	0	0	0	0	0	0.447314	0.447314	0	0	0	0	0	0	0	0.447314	0.447314	0	0	0	0	0	0	0.447314	0.447314	0
0	0.447272	0.447272	0	0	0	0	0	0.447272	0.447272	0	0	0	0	0	0	0	0	0	0	0	0.447272	0.447272	0	0	0	0	0	0	0	0	0	0	0	0	0.447272	0.447272	0	0	0	0	0	0	0	0	0.447272	0.447272	0	0	0	0	0	0	0	0	0	0	0	0	0	0	0	0	0	0	0	0	0	0	0	0	0	0	0	0.447272	0.447272	0	0	0	0	0	0	0	0	0	0	0	0	0	0	0	0	0	0	0	0.447272	0.447272	0	0	0	0	0	0	0	0	0	0	0	0	0	0	0	0	0.447272	0.447272	0	0	0	0	0	0	0	0	0	0	0.447272	0.447272	0	0	0	0	0	0	0	0	0	0	0	0.447272	0.447272	0	0	0	0	0	0	0	0	0.447272	0.447272	0	0	0	0	0	0	0	0	0	0	0.447272	0.447272	0	0	0	0	0	0	0	0	0	0	0	0	0	0.447272	0.447272	0	0	0	0	0	0	0	0	0	0	0	0	0	0	0	0	0	0.447272	0.447272	0	0	0	0	0	0.447272	0.447272	0	0	0	0	0	0	0.447272	0.447272	0	0	0	0	0	0	0	0	0.447272	0.447272	0	0	0	0	0	0	0	0.447272	0.447272	0	0	0	0	0	0	0.447272	0.447272	0	0	0	0	0	0	0	0.447272	0.447272	0	0	0	0	0	0	0.447272	0.447272	0
0	0.44723	0.44723	0	0	0	0	0	0.44723	0.44723	0	0	0	0	0	0	0	0	0	0	0	0.44723	0.44723	0	0	0	0	0	0	0	0	0	0	0	0	0.44723	0.44723	0	0	0	0	0	0	0	0	0.44723	0.44723	0	0	0	0	0	0	0	0	0	0	0	0	0	0	0	0	0	0	0	0	0	0	0	0	0	0	0	0.44723	0.44723	0	0	0	0	0	0	0	0	0	0	0	0	0	0	0	0	0	0	0	0.44723	0.44723	0	0	0	0	0	0	0	0	0	0	0	0	0	0	0	0	0.44723	0.44723	0	0	0	0	0	0	0	0	0	0	0.44723	0.44723	0	0	0	0	0	0	0	0	0	0	0	0.44723	0.44723	0	0	0	0	0	0	0	0	0.44723	0.44723	0	0	0	0	0	0	0	0	0	0	0.44723	0.44723	0	0	0	0	0	0	0	0	0	0	0	0	0	0.44723	0.44723	0	0	0	0	0	0	0	0	0	0	0	0	0	0	0	0	0	0.44723	0.44723	0	0	0	0	0	0.44723	0.44723	0	0	0	0	0	0	0.44723	0.44723	0	0	0	0	0	0	0	0	0.44723	0.44723	0	0	0	0	0	0	0	0.44723	0.44723	0	0	0	0	0	0	0.44723	0.44723	0	0	0	0	0	0	0	0.44723	0.44723	0	0	0	0	0	0	0.44723	0.44723	0
0	0.447181	0.447181	0	0	0	0	0	0.447181	0.447181	0	0	0	0	0	0	0	0	0	0	0	0.447181	0.447181	0	0	0	0	0	0	0	0	0	0	0	0	0.447181	0.447181	0	0	0	0	0	0	0	0	0.447181	0.447181	0	0	0	0	0	0	0	0	0	0	0	0	0	0	0	0	0	0	0	0	0	0	0	0	0	0	0	0.447181	0.447181	0	0	0	0	0	0	0	0	0	0	0	0	0	0	0	0	0	0	0	0.447181	0.447181	0	0	0	0	0	0	0	0	0	0	0	0	0	0	0	0	0.447181	0.447181	0	0	0	0	0	0	0	0	0	0	0.447181	0.447181	0	0	0	0	0	0	0	0	0	0	0	0.447181	0.447181	0	0	0	0	0	0	0	0	0.447181	0.447181	0	0	0	0	0	0	0	0	0	0	0.447181	0.447181	0	0	0	0	0	0	0	0	0	0	0	0	0	0.447181	0.447181	0	0	0	0	0	0	0	0	0	0	0	0	0	0	0	0	0	0.447181	0.447181	0	0	0	0	0	0.447181	0.447181	0	0	0	0	0	0	0.447181	0.447181	0	0	0	0	0	0	0	0	0.447181	0.447181	0	0	0	0	0	0	0	0.447181	0.447181	0	0	0	0	0	0	0.447181	0.447181	0	0	0	0	0	0	0	0.447181	0.447181	0	0	0	0	0	0	0.447181	0.447181	0
0	0.447139	0.447139	0	0	0	0	0	0.447139	0.447139	0	0	0	0	0	0	0	0	0	0	0	0.447139	0.447139	0	0	0	0	0	0	0	0	0	0	0	0	0.447139	0.447139	0	0	0	0	0	0	0	0	0.447139	0.447139	0	0	0	0	0	0	0	0	0	0	0	0	0	0	0	0	0	0	0	0	0	0	0	0	0	0	0	0.447139	0.447139	0	0	0	0	0	0	0	0	0	0	0	0	0	0	0	0	0	0	0	0.447139	0.447139	0	0	0	0	0	0	0	0	0	0	0	0	0	0	0	0	0.447139	0.447139	0	0	0	0	0	0	0	0	0	0	0.447139	0.447139	0	0	0	0	0	0	0	0	0	0	0	0.447139	0.447139	0	0	0	0	0	0	0	0	0.447139	0.447139	0	0	0	0	0	0	0	0	0	0	0.447139	0.447139	0	0	0	0	0	0	0	0	0	0	0	0	0	0.447139	0.447139	0	0	0	0	0	0	0	0	0	0	0	0	0	0	0	0	0	0.447139	0.447139	0	0	0	0	0	0.447139	0.447139	0	0	0	0	0	0	0.447139	0.447139	0	0	0	0	0	0	0	0	0.447139	0.447139	0	0	0	0	0	0	0	0.447139	0.447139	0	0	0	0	0	0	0.447139	0.447139	0	0	0	0	0	0	0	0.447139	0.447139	0	0	0	0	0	0	0.447139	0.447139	0
0	0.447097	0.447097	0	0	0	0	0	0.447097	0.447097	0	0	0	0	0	0	0	0	0	0	0	0.447097	0.447097	0	0	0	0	0	0	0	0	0	0	0	0	0.447097	0.447097	0	0	0	0	0	0	0	0	0.447097	0.447097	0	0	0	0	0	0	0	0	0	0	0	0	0	0	0	0	0	0	0	0	0	0	0	0	0	0	0	0.447097	0.447097	0	0	0	0	0	0	0	0	0	0	0	0	0	0	0	0	0	0	0	0.447097	0.447097	0	0	0	0	0	0	0	0	0	0	0	0	0	0	0	0	0.447097	0.447097	0	0	0	0	0	0	0	0	0	0	0.447097	0.447097	0	0	0	0	0	0	0	0	0	0	0	0.447097	0.447097	0	0	0	0	0	0	0	0	0.447097	0.447097	0	0	0	0	0	0	0	0	0	0	0.447097	0.447097	0	0	0	0	0	0	0	0	0	0	0	0	0	0.447097	0.447097	0	0	0	0	0	0	0	0	0	0	0	0	0	0	0	0	0	0.447097	0.447097	0	0	0	0	0	0.447097	0.447097	0	0	0	0	0	0	0.447097	0.447097	0	0	0	0	0	0	0	0	0.447097	0.447097	0	0	0	0	0	0	0	0.447097	0.447097	0	0	0	0	0	0	0.447097	0.447097	0	0	0	0	0	0	0	0.447097	0.447097	0	0	0	0	0	0	0.447097	0.447097	0
0	0.447055	0.447055	0	0	0	0	0	0.447055	0.447055	0	0	0	0	0	0	0	0	0	0	0	0.447055	0.447055	0	0	0	0	0	0	0	0	0	0	0	0	0.447055	0.447055	0	0	0	0	0	0	0	0	0.447055	0.447055	0	0	0	0	0	0	0	0	0	0	0	0	0	0	0	0	0	0	0	0	0	0	0	0	0	0	0	0.447055	0.447055	0	0	0	0	0	0	0	0	0	0	0	0	0	0	0	0	0	0	0	0.447055	0.447055	0	0	0	0	0	0	0	0	0	0	0	0	0	0	0	0	0.447055	0.447055	0	0	0	0	0	0	0	0	0	0	0.447055	0.447055	0	0	0	0	0	0	0	0	0	0	0	0.447055	0.447055	0	0	0	0	0	0	0	0	0.447055	0.447055	0	0	0	0	0	0	0	0	0	0	0.447055	0.447055	0	0	0	0	0	0	0	0	0	0	0	0	0	0.447055	0.447055	0	0	0	0	0	0	0	0	0	0	0	0	0	0	0	0	0	0.447055	0.447055	0	0	0	0	0	0.447055	0.447055	0	0	0	0	0	0	0.447055	0.447055	0	0	0	0	0	0	0	0	0.447055	0.447055	0	0	0	0	0	0	0	0.447055	0.447055	0	0	0	0	0	0	0.447055	0.447055	0	0	0	0	0	0	0	0.447055	0.447055	0	0	0	0	0	0	0.447055	0.447055	0
0	0.447014	0.447014	0	0	0	0	0	0.447014	0.447014	0	0	0	0	0	0	0	0	0	0	0	0.447014	0.447014	0	0	0	0	0	0	0	0	0	0	0	0	0.447014	0.447014	0	0	0	0	0	0	0	0	0.447014	0.447014	0	0	0	0	0	0	0	0	0	0	0	0	0	0	0	0	0	0	0	0	0	0	0	0	0	0	0	0.447014	0.447014	0	0	0	0	0	0	0	0	0	0	0	0	0	0	0	0	0	0	0	0.447014	0.447014	0	0	0	0	0	0	0	0	0	0	0	0	0	0	0	0	0.447014	0.447014	0	0	0	0	0	0	0	0	0	0	0.447014	0.447014	0	0	0	0	0	0	0	0	0	0	0	0.447014	0.447014	0	0	0	0	0	0	0	0	0.447014	0.447014	0	0	0	0	0	0	0	0	0	0	0.447014	0.447014	0	0	0	0	0	0	0	0	0	0	0	0	0	0.447014	0.447014	0	0	0	0	0	0	0	0	0	0	0	0	0	0	0	0	0	0.447014	0.447014	0	0	0	0	0	0.447014	0.447014	0	0	0	0	0	0	0.447014	0.447014	0	0	0	0	0	0	0	0	0.447014	0.447014	0	0	0	0	0	0	0	0.447014	0.447014	0	0	0	0	0	0	0.447014	0.447014	0	0	0	0	0	0	0	0.447014	0.447014	0	0	0	0	0	0	0.447014	0.447014	0
0	0.446972	0.446972	0	0	0	0	0	0.446972	0.446972	0	0	0	0	0	0	0	0	0	0	0	0.446972	0.446972	0	0	0	0	0	0	0	0	0	0	0	0	0.446972	0.446972	0	0	0	0	0	0	0	0	0.446972	0.446972	0	0	0	0	0	0	0	0	0	0	0	0	0	0	0	0	0	0	0	0	0	0	0	0	0	0	0	0.446972	0.446972	0	0	0	0	0	0	0	0	0	0	0	0	0	0	0	0	0	0	0	0.446972	0.446972	0	0	0	0	0	0	0	0	0	0	0	0	0	0	0	0	0.446972	0.446972	0	0	0	0	0	0	0	0	0	0	0.446972	0.446972	0	0	0	0	0	0	0	0	0	0	0	0.446972	0.446972	0	0	0	0	0	0	0	0	0.446972	0.446972	0	0	0	0	0	0	0	0	0	0	0.446972	0.446972	0	0	0	0	0	0	0	0	0	0	0	0	0	0.446972	0.446972	0	0	0	0	0	0	0	0	0	0	0	0	0	0	0	0	0	0.446972	0.446972	0	0	0	0	0	0.446972	0.446972	0	0	0	0	0	0	0.446972	0.446972	0	0	0	0	0	0	0	0	0.446972	0.446972	0	0	0	0	0	0	0	0.446972	0.446972	0	0	0	0	0	0	0.446972	0.446972	0	0	0	0	0	0	0	0.446972	0.446972	0	0	0	0	0	0	0.446972	0.446972	0
0.353357	0.474058	0.353335	0	0	0	0	0	0.44693	0.44693	0	0	0	0	0	0	0	0	0	0	0	0.353335	0.474058	0.446965	0.353357	0.158023	0	0	0	0	0	0	0	0	0	0.353335	0.474058	0.446965	0.446965	0.446965	0.446965	0.446965	0.446965	0.446965	0.446965	0.474058	0.353335	0	0	0	0	0	0	0.158023	0.353357	0.446965	0.446965	0.446965	0.446965	0.446965	0.446965	0.446965	0.446965	0.446965	0.446965	0.353357	0.158023	0	0	0	0	0	0	0	0.353335	0.474058	0.446965	0.446965	0.446965	0.446965	0.446965	0.446965	0.446965	0.446965	0.446965	0.446965	0.353357	0.158023	0	0	0	0	0	0	0	0.353335	0.474058	0.446965	0.446965	0.446965	0.353357	0.158023	0	0	0	0	0	0	0	0.158023	0.353357	0.446965	0.446965	0.474058	0.353335	0.158023	0.353357	0.446965	0.446965	0.446965	0.446965	0.446965	0.446965	0.446965	0.446965	0.474058	0.353335	0	0	0	0	0	0.158023	0.353357	0.446965	0.446965	0.446965	0.446965	0.474058	0.353335	0	0	0	0	0	0	0	0.158023	0.499688	0.353335	0	0	0	0	0	0	0	0	0	0.158023	0.499688	0.353335	0	0	0	0	0	0	0	0	0	0.158023	0.353357	0.446965	0.446965	0.474058	0.353335	0	0	0	0	0	0	0.158023	0.353357	0.446965	0.446965	0.446965	0.446965	0.446965	0.446965	0.446965	0.446965	0.446965	0.632066	0.632066	0.446965	0.446965	0.446965	0.446965	0.446965	0.474058	0.353335	0.158023	0.353357	0.446965	0.446965	0.446965	0.446965	0.474058	0.499688	0.353357	0.446965	0.446965	0.446965	0.446965	0.446965	0.446965	0.569762	0.805721	0.651529	0.446965	0.446965	0.446965	0.446965	0.446965	0.446965	0.446965	0.632066	0.632066	0.446965	0.446965	0.446965	0.446965	0.446965	0.569762	0.805721	0.651529	0.446965	0.446965	0.446965	0.446965	0.569762	0.790094	0.893875	0.85094	0.651529	0.446965	0.446965	0.446965	0.569762	0.790094	0.893875	0.85094	0.651529	0.446965
0.47401	0.353319	0.158007	0	0	0	0	0	0.446888	0.446888	0	0	0	0	0	0	0	0	0	0	0	0.158007	0.353319	0.446916	0.47401	0.353301	0	0	0	0	0	0	0	0	0	0.158007	0.353319	0.446916	0.446916	0.446916	0.446916	0.446916	0.446916	0.446916	0.446916	0.353319	0.158007	0	0	0	0	0	0	0.353301	0.47401	0.446916	0.446916	0.446916	0.446916	0.446916	0.446916	0.446916	0.446916	0.446916	0.446916	0.47401	0.353301	0	0	0	0	0	0	0	0.158007	0.353319	0.446916	0.446916	0.446916	0.446916	0.446916	0.446916	0.446916	0.446916	0.446916	0.446916	0.47401	0.353301	0	0	0	0	0	0	0	0.158007	0.353319	0.446916	0.446916	0.446916	0.47401	0.353301	0	0	0	0	0	0	0	0.353301	0.47401	0.446916	0.446916	0.353319	0.158007	0.353301	0.47401	0.446916	0.446916	0.446916	0.446916	0.446916	0.446916	0.446916	0.446916	0.353319	0.158007	0	0	0	0	0	0.353301	0.47401	0.446916	0.446916	0.446916	0.446916	0.353319	0.158007	0	0	0	0	0	0	0	0.353301	0.49964	0.158007	0	0	0	0	0	0	0	0	0	0.353301	0.49964	0.158007	0	0	0	0	0	0	0	0	0	0.353301	0.47401	0.446916	0.446916	0.353319	0.158007	0	0	0	0	0	0	0.353301	0.47401	0.446916	0.446916	0.446916	0.446916	0.446916	0.446916	0.446916	0.446916	0.446916	0.632002	0.632002	0.446916	0.446916	0.446916	0.446916	0.446916	0.353319	0.158007	0.353301	0.47401	0.446916	0.446916	0.446916	0.446916	0.353319	0.49964	0.47401	0.446916	0.446916	0.446916	0.446916	0.446916	0.446916	0.651461	0.805637	0.5697	0.446916	0.446916	0.446916	0.446916	0.446916	0.446916	0.446916	0.632002	0.632002	0.446916	0.446916	0.446916	0.446916	0.446916	0.651461	0.805637	0.5697	0.446916	0.446916	0.446916	0.446916	0.651461	0.850849	0.893777	0.790008	0.5697	0.446916	0.446916	0.446916	0.651461	0.850849	0.893777	0.790008	0.5697	0.446916
0.446846	0	0	0	0	0	0	0	0.446846	0.446846	0	0	0	0	0	0	0	0	0	0	0	0	0	0	0.446846	0.446846	0	0	0	0	0	0	0	0	0	0	0	0	0	0	0	0	0	0	0	0	0	0	0	0	0	0	0	0.446846	0.446846	0	0	0	0	0	0	0	0	0	0	0.446846	0.446846	0	0	0	0	0	0	0	0	0	0	0	0	0	0	0	0	0	0	0	0.446846	0.446846	0	0	0	0	0	0	0	0	0	0	0	0	0.446846	0.446846	0	0	0	0	0	0	0	0.446846	0.446846	0	0	0	0	0.446846	0.446846	0	0	0	0	0	0	0	0	0	0	0	0	0	0	0	0.446846	0.446846	0	0	0	0	0	0	0	0	0	0	0	0	0	0.446846	0.446846	0	0	0	0	0	0	0	0	0	0	0.446846	0.446846	0	0	0	0	0	0	0	0	0	0	0.446846	0.446846	0	0	0	0	0	0	0	0	0	0	0.446846	0.446846	0	0	0	0	0	0	0	0	0	0.446846	0.446846	0	0	0	0	0	0	0	0.446846	0.446846	0	0	0	0	0	0.446846	0.446846	0	0	0	0	0	0	0.446846	0.446846	0	0	0	0	0	0	0	0	0.446846	0.446846	0	0	0	0	0	0.446846	0.446846	0	0	0	0	0	0.446846	0.446846	0	0	0	0	0	0	0.446846	0.446846	0	0	0	0
0.446797	0	0	0	0	0	0	0	0.446797	0.446797	0	0	0	0	0	0	0	0	0	0	0	0	0	0	0.446797	0.446797	0	0	0	0	0	0	0	0	0	0	0	0	0	0	0	0	0	0	0	0	0	0	0	0	0	0	0	0.446797	0.446797	0	0	0	0	0	0	0	0	0	0	0.446797	0.446797	0	0	0	0	0	0	0	0	0	0	0	0	0	0	0	0	0	0	0	0.446797	0.446797	0	0	0	0	0	0	0	0	0	0	0	0	0.446797	0.446797	0	0	0	0	0	0	0	0.446797	0.446797	0	0	0	0	0.446797	0.446797	0	0	0	0	0	0	0	0	0	0	0	0	0	0	0	0.446797	0.446797	0	0	0	0	0	0	0	0	0	0	0	0	0	0.446797	0.446797	0	0	0	0	0	0	0	0	0	0	0.446797	0.446797	0	0	0	0	0	0	0	0	0	0	0.446797	0.446797	0	0	0	0	0	0	0	0	0	0	0.446797	0.446797	0	0	0	0	0	0	0	0	0	0.446797	0.446797	0	0	0	0	0	0	0	0.446797	0.446797	0	0	0	0	0	0.446797	0.446797	0	0	0	0	0	0	0.446797	0.446797	0	0	0	0	0	0	0	0	0.446797	0.446797	0	0	0	0	0	0.446797	0.446797	0	0	0	0	0	0.446797	0.446797	0	0	0	0	0	0	0.446797	0.446797	0	0	0	0
0.446756	0	0	0	0	0	0	0	0.446756	0.446756	0	0	0	0	0	0	0	0	0	0	0	0	0	0	0.446756	0.446756	0	0	0	0	0	0	0	0	0	0	0	0	0	0	0	0	0	0	0	0	0	0	0	0	0	0	0	0.446756	0.446756	0	0	0	0	0	0	0	0	0	0	0.446756	0.446756	0	0	0	0	0	0	0	0	0	0	0	0	0	0	0	0	0	0	0	0.446756	0.446756	0	0	0	0	0	0	0	0	0	0	0	0	0.446756	0.446756	0	0	0	0	0	0	0	0.446756	0.446756	0	0	0	0	0.446756	0.446756	0	0	0	0	0	0	0	0	0	0	0	0	0	0	0	0.446756	0.446756	0	0	0	0	0	0	0	0	0	0	0	0	0	0.446756	0.446756	0	0	0	0	0	0	0	0	0	0	0.446756	0.446756	0	0	0	0	0	0	0	0	0	0	0.446756	0.446756	0	0	0	0	0	0	0	0	0	0	0.446756	0.446756	0	0	0	0	0	0	0	0	0	0.446756	0.446756	0	0	0	0	0	0	0	0.446756	0.446756	0	0	0	0	0	0.446756	0.446756	0	0	0	0	0	0	0.446756	0.446756	0	0	0	0	0	0	0	0	0.446756	0.446756	0	0	0	0	0	0.446756	0.446756	0	0	0	0	0	0.446756	0.446756	0	0	0	0	0	0	0.446756	0.446756	0	0	0	0
0.446714	0	0	0	0	0	0	0	0.446714	0.446714	0	0	0	0	0	0	0	0	0	0	0	0	0	0	0.446714	0.446714	0	0	0	0	0	0	0	0	0	0	0	0	0	0	0	0	0	0	0	0	0	0	0	0	0	0	0	0.446714	0.446714	0	0	0	0	0	0	0	0	0	0	0.446714	0.446714	0	0	0	0	0	0	0	0	0	0	0	0	0	0	0	0	0	0	0	0.446714	0.446714	0	0	0	0	0	0	0	0	0	0	0	0	0.446714	0.446714	0	0	0	0	0	0	0	0.446714	0.446714	0	0	0	0	0.446714	0.446714	0	0	0	0	0	0	0	0	0	0	0	0	0	0	0	0.446714	0.446714	0	0	0	0	0	0	0	0	0	0	0	0	0	0.446714	0.446714	0	0	0	0	0	0	0	0	0	0	0.446714	0.446714	0	0	0	0	0	0	0	0	0	0	0.446714	0.446714	0	0	0	0	0	0	0	0	0	0	0.446714	0.446714	0	0	0	0	0	0	0	0	0	0.446714	0.446714	0	0	0	0	0	0	0	0.446714	0.446714	0	0	0	0	0	0.446714	0.446714	0	0	0	0	0	0	0.446714	0.446714	0	0	0	0	0	0	0	0	0.446714	0.446714	0	0	0	0	0	0.446714	0.446714	0	0	0	0	0	0.446714	0.446714	0	0	0	0	0	0	0.446714	0.446714	0	0	0	0
0.446672	0	0	0	0	0	0	0	0.446672	0.446672	0	0	0	0	0	0	0	0	0	0	0	0	0	0	0.446672	0.446672	0	0	0	0	0	0	0	0	0	0	0	0	0	0	0	0	0	0	0	0	0	0	0	0	0	0	0	0.446672	0.446672	0	0	0	0	0	0	0	0	0	0	0.446672	0.446672	0	0	0	0	0	0	0	0	0	0	0	0	0	0	0	0	0	0	0	0.446672	0.446672	0	0	0	0	0	0	0	0	0	0	0	0	0.446672	0.446672	0	0	0	0	0	0	0	0.446672	0.446672	0	0	0	0	0.446672	0.446672	0	0	0	0	0	0	0	0	0	0	0	0	0	0	0	0.446672	0.446672	0	0	0	0	0	0	0	0	0	0	0	0	0	0.446672	0.446672	0	0	0	0	0	0	0	0	0	0	0.446672	0.446672	0	0	0	0	0	0	0	0	0	0	0.446672	0.446672	0	0	0	0	0	0	0	0	0	0	0.446672	0.446672	0	0	0	0	0	0	0	0	0	0.446672	0.446672	0	0	0	0	0	0	0	0.446672	0.446672	0	0	0	0	0	0.446672	0.446672	0	0	0	0	0	0	0.446672	0.446672	0	0	0	0	0	0	0	0	0.446672	0.446672	0	0	0	0	0	0.446672	0.446672	0	0	0	0	0	0.446672	0.446672	0	0	0	0	0	0	0.446672	0.446672	0	0	0	0
0.44663	0	0	0	0	0	0	0	0.44663	0.44663	0	0	0	0	0	0	0	0	0	0	0	0	0	0	0.44663	0.44663	0	0	0	0	0	0	0	0	0	0	0	0	0	0	0	0	0	0	0	0	0	0	0	0	0	0	0	0.44663	0.44663	0	0	0	0	0	0	0	0	0	0	0.44663	0.44663	0	0	0	0	0	0	0	0	0	0	0	0	0	0	0	0	0	0	0	0.44663	0.44663	0	0	0	0	0	0	0	0	0	0	0	0	0.44663	0.44663	0	0	0	0	0	0	0	0.44663	0.44663	0	0	0	0	0.44663	0.44663	0	0	0	0	0	0	0	0	0	0	0	0	0	0	0	0.44663	0.44663	0	0	0	0	0	0	0	0	0	0	0	0	0	0.44663	0.44663	0	0	0	0	0	0	0	0	0	0	0.44663	0.44663	0	0	0	0	0	0	0	0	0	0	0.44663	0.44663	0	0	0	0	0	0	0	0	0	0	0.44663	0.44663	0	0	0	0	0	0	0	0	0	0.44663	0.44663	0	0	0	0	0	0	0	0.44663	0.44663	0	0	0	0	0	0.44663	0.44663	0	0	0	0	0	0	0.44663	0.44663	0	0	0	0	0	0	0	0	0.44663	0.44663	0	0	0	0	0	0.44663	0.44663	0	0	0	0	0	0.44663	0.44663	0	0	0	0	0	0	0.44663	0.44663	0	0	0	0
0.446588	0	0	0	0	0	0	0	0.446588	0.446588	0	0	0	0	0	0	0	0	0	0	0	0	0	0	0.446588	0.446588	0	0	0	0	0	0	0	0	0	0	0	0	0	0	0	0	0	0	0	0	0	0	0	0	0	0	0	0.446588	0.446588	0	0	0	0	0	0	0	0	0	0	0.446588	0.446588	0	0	0	0	0	0	0	0	0	0	0	0	0	0	0	0	0	0	0	0.446588	0.446588	0	0	0	0	0	0	0	0	0	0	0	0	0.446588	0.446588	0	0	0	0	0	0	0	0.446588	0.446588	0	0	0	0	0.446588	0.446588	0	0	0	0	0	0	0	0	0	0	0	0	0	0	0	0.446588	0.446588	0	0	0	0	0	0	0	0	0	0	0	0	0	0.446588	0.446588	0	0	0	0	0	0	0	0	0	0	0.446588	0.446588	0	0	0	0	0	0	0	0	0	0	0.446588	0.446588	0	0	0	0	0	0	0	0	0	0	0.446588	0.446588	0	0	0	0	0	0	0	0	0	0.446588	0.446588	0	0	0	0	0	0	0	0.446588	0.446588	0	0	0	0	0	0.446588	0.446588	0	0	0	0	0	0	0.446588	0.446588	0	0	0	0	0	0	0	0	0.446588	0.446588	0	0	0	0	0	0.446588	0.446588	0	0	0	0	0	0.446588	0.446588	0	0	0	0	0	0	0.446588	0.446588	0	0	0	0
0.446547	0	0	0	0	0	0	0	0.446547	0.446547	0	0	0	0	0	0	0	0	0	0	0	0	0	0	0.446547	0.446547	0	0	0	0	0	0	0	0	0	0	0	0	0	0	0	0	0	0	0	0	0	0	0	0	0	0	0	0.446547	0.446547	0	0	0	0	0	0	0	0	0	0	0.446547	0.446547	0	0	0	0	0	0	0	0	0	0	0	0	0	0	0	0	0	0	0	0.446547	0.446547	0	0	0	0	0	0	0	0	0	0	0	0	0.446547	0.446547	0	0	0	0	0	0	0	0.446547	0.446547	0	0	0	0	0.446547	0.446547	0	0	0	0	0	0	0	0	0	0	0	0	0	0	0	0.446547	0.446547	0	0	0	0	0	0	0	0	0	0	0	0	0	0.446547	0.446547	0	0	0	0	0	0	0	0	0	0	0.446547	0.446547	0	0	0	0	0	0	0	0	0	0	0.446547	0.446547	0	0	0	0	0	0	0	0	0	0	0.446547	0.446547	0	0	0	0	0	0	0	0	0	0.446547	0.446547	0	0	0	0	0	0	0	0.446547	0.446547	0	0	0	0	0	0.446547	0.446547	0	0	0	0	0	0	0.446547	0.446547	0	0	0	0	0	0	0	0	0.446547	0.446547	0	0	0	0	0	0.446547	0.446547	0	0	0	0	0	0.446547	0.446547	0	0	0	0	0	0	0.446547	0.446547	0	0	0	0
0.446505	0	0	0	0	0	0	0	0.446505	0.446505	0	0	0	0	0	0	0	0	0	0	0	0	0	0	0.446505	0.446505	0	0	0	0	0	0	0	0	0	0	0	0	0	0	0	0	0	0	0	0	0	0	0	0	0	0	0	0.446505	0.446505	0	0	0	0	0	0	0	0	0	0	0.446505	0.446505	0	0	0	0	0	0	0	0	0	0	0	0	0	0	0	0	0	0	0	0.446505	0.446505	0	0	0	0	0	0	0	0	0	0	0	0	0.446505	0.446505	0	0	0	0	0	0	0	0.446505	0.446505	0	0	0	0	0.446505	0.446505	0	0	0	0	0	0	0	0	0	0	0	0	0	0	0	0.446505	0.446505	0	0	0	0	0	0	0	0	0	0	0	0	0	0.446505	0.446505	0	0	0	0	0	0	0	0	0	0	0.446505	0.446505	0	0	0	0	0	0	0	0	0	0	0.446505	0.446505	0	0	0	0	0	0	0	0	0	0	0.446505	0.446505	0	0	0	0	0	0	0	0	0	0.446505	0.446505	0	0	0	0	0	0	0	0.446505	0.446505	0	0	0	0	0	0.446505	0.446505	0	0	0	0	0	0	0.446505	0.446505	0	0	0	0	0	0	0	0	0.446505	0.446505	0	0	0	0	0	0.446505	0.446505	0	0	0	0	0	0.446505	0.446505	0	0	0	0	0	0	0.446505	0.446505	0	0	0	0
0.446463	0	0	0	0	0	0	0	0.446463	0.446463	0	0	0	0	0	0	0	0	0	0	0	0	0	0	0.446463	0.446463	0	0	0	0	0	0	0	0	0	0	0	0	0	0	0	0	0	0	0	0	0	0	0	0	0	0	0	0.446463	0.446463	0	0	0	0	0	0	0	0	0	0	0.446463	0.446463	0	0	0	0	0	0	0	0	0	0	0	0	0	0	0	0	0	0	0	0.446463	0.446463	0	0	0	0	0	0	0	0	0	0	0	0	0.446463	0.446463	0	0	0	0	0	0	0	0.446463	0.446463	0	0	0	0	0.446463	0.446463	0	0	0	0	0	0	0	0	0	0	0	0	0	0	0	0.446463	0.446463	0	0	0	0	0	0	0	0	0	0	0	0	0	0.446463	0.446463	0	0	0	0	0	0	0	0	0	0	0.446463	0.446463	0	0	0	0	0	0	0	0	0	0	0.446463	0.446463	0	0	0	0	0	0	0	0	0	0	0.446463	0.446463	0	0	0	0	0	0	0	0	0	0.446463	0.446463	0	0	0	0	0	0	0	0.446463	0.446463	0	0	0	0	0	0.446463	0.446463	0	0	0	0	0	0	0.446463	0.446463	0	0	0	0	0	0	0	0	0.446463	0.446463	0	0	0	0	0	0.446463	0.446463	0	0	0	0	0	0.446463	0.446463	0	0	0	0	0	0	0.446463	0.446463	0	0	0	0
0.446414	0	0	0	0	0	0	0	0.446414	0.446414	0	0	0	0	0	0	0	0	0	0	0	0	0	0	0.446414	0.446414	0	0	0	0	0	0	0	0	0	0	0	0	0	0	0	0	0	0	0	0	0	0	0	0	0	0	0	0.446414	0.446414	0	0	0	0	0	0	0	0	0	0	0.446414	0.446414	0	0	0	0	0	0	0	0	0	0	0	0	0	0	0	0	0	0	0	0.446414	0.446414	0	0	0	0	0	0	0	0	0	0	0	0	0.446414	0.446414	0	0	0	0	0	0	0	0.446414	0.446414	0	0	0	0	0.446414	0.446414	0	0	0	0	0	0	0	0	0	0	0	0	0	0	0	0.446414	0.446414	0	0	0	0	0	0	0	0	0	0	0	0	0	0.446414	0.446414	0	0	0	0	0	0	0	0	0	0	0.446414	0.446414	0	0	0	0	0	0	0	0	0	0	0.446414	0.446414	0	0	0	0	0	0	0	0	0	0	0.446414	0.446414	0	0	0	0	0	0	0	0	0	0.446414	0.446414	0	0	0	0	0	0	0	0.446414	0.446414	0	0	0	0	0	0.446414	0.446414	0	0	0	0	0	0	0.446414	0.446414	0	0	0	0	0	0	0	0	0.446414	0.446414	0	0	0	0	0	0.446414	0.446414	0	0	0	0	0	0.446414	0.446414	0	0	0	0	0	0	0.446414	0.446414	0	0	0	0
0.446373	0	0	0	0	0	0	0	0.446373	0.446373	0	0	0	0	0	0	0	0	0	0	0	0	0	0	0.446373	0.446373	0	0	0	0	0	0	0	0	0	0	0	0	0	0	0	0	0	0	0	0	0	0	0	0	0	0	0	0.446373	0.446373	0	0	0	0	0	0	0	0	0	0	0.446373	0.446373	0	0	0	0	0	0	0	0	0	0	0	0	0	0	0	0	0	0	0	0.446373	0.446373	0	0	0	0	0	0	0	0	0	0	0	0	0.446373	0.446373	0	0	0	0	0	0	0	0.446373	0.446373	0	0	0	0	0.446373	0.446373	0	0	0	0	0	0	0	0	0	0	0	0	0	0	0	0.446373	0.446373	0	0	0	0	0	0	0	0	0	0	0	0	0	0.446373	0.446373	0	0	0	0	0	0	0	0	0	0	0.446373	0.446373	0	0	0	0	0	0	0	0	0	0	0.446373	0.446373	0	0	0	0	0	0	0	0	0	0	0.446373	0.446373	0	0	0	0	0	0	0	0	0	0.446373	0.446373	0	0	0	0	0	0	0	0.446373	0.446373	0	0	0	0	0	0.446373	0.446373	0	0	0	0	0	0	0.446373	0.446373	0	0	0	0	0	0	0	0	0.446373	0.446373	0	0	0	0	0	0.446373	0.446373	0	0	0	0	0	0.446373	0.446373	0	0	0	0	0	0	0.446373	0.446373	0	0	0	0
0.352861	0	0	0	0	0	0.157811	0.352883	0.473423	0.352861	0	0	0	0	0	0	0	0	0	0	0	0	0	0	0.352861	0.473423	0.446366	0.446366	0.446366	0.446366	0.446366	0.446366	0.446366	0.446366	0.446366	0.446366	0.446366	0.446366	0.446366	0.446366	0.446366	0.446366	0.446366	0.446366	0.446366	0.446366	0.446366	0.446366	0.446366	0.446366	0.446366	0.446366	0.446366	0.473423	0.352861	0	0	0	0	0	0	0	0	0	0	0.352861	0.473423	0.446366	0.446366	0.446366	0.446366	0.446366	0.446366	0.446366	0.446366	0.352883	0.157811	0	0	0	0	0	0	0	0	0	0.352861	0.473423	0.352883	0.157811	0	0	0	0	0	0	0	0	0.157811	0.352883	0.473423	0.352861	0	0	0	0	0	0.157811	0.352883	0.473423	0.352861	0	0	0	0	0.446331	0.446331	0	0	0	0	0	0	0.157811	0.352883	0.446366	0.446366	0.446366	0.446366	0.446366	0.446366	0.446366	0.473423	0.352861	0	0	0	0	0	0.157811	0.352883	0.446366	0.446366	0.446366	0.446366	0.446366	0.446366	0.473423	0.352861	0	0	0	0	0	0	0	0	0.157811	0.352883	0.473423	0.352861	0	0	0	0	0	0	0	0	0.157811	0.352883	0.473423	0.352861	0	0	0	0	0	0	0	0.157811	0.352883	0.446366	0.473423	0.352861	0	0	0.157811	0.352883	0.446366	0.446366	0.446366	0.446366	0.446366	0.473423	0.352861	0.157811	0.352883	0.446366	0.446366	0.446366	0.446366	0.446366	0.473423	0.352861	0.157811	0.352883	0.446366	0.446366	0.446366	0.473423	0.352861	0.157811	0.352883	0.446366	0.446366	0.446366	0.446366	0.473423	0.499019	0.352883	0.446366	0.446366	0.446366	0.446366	0.446366	0.446366	0.446366	0.631219	0.631219	0.446366	0.446366	0.446366	0.446366	0.446366	0.631219	0.631219	0.446366	0.446366	0.446366	0.446366	0.568998	0.804641	0.650656	0.446366	0.446366	0.446366	0.568998	0.789036	0.892677	0.8498	0.650656	0.446366	0.568998	0.789036	0.892677
0.157796	0	0	0	0	0	0.352828	0.473379	0.35285	0.157796	0	0	0	0	0	0	0	0	0	0	0	0	0	0	0.157796	0.35285	0.446324	0.446324	0.446324	0.446324	0.446324	0.446324	0.446324	0.446324	0.446324	0.446324	0.446324	0.446324	0.446324	0.446324	0.446324	0.446324	0.446324	0.446324	0.446324	0.446324	0.446324	0.446324	0.446324	0.446324	0.446324	0.446324	0.446324	0.35285	0.157796	0	0	0	0	0	0	0	0	0	0	0.157796	0.35285	0.446324	0.446324	0.446324	0.446324	0.446324	0.446324	0.446324	0.446324	0.473379	0.352828	0	0	0	0	0	0	0	0	0	0.157796	0.35285	0.473379	0.352828	0	0	0	0	0	0	0	0	0.352828	0.473379	0.35285	0.157796	0	0	0	0	0	0.352828	0.473379	0.35285	0.157796	0	0	0	0	0.446289	0.446289	0	0	0	0	0	0	0.352828	0.473379	0.446324	0.446324	0.446324	0.446324	0.446324	0.446324	0.446324	0.35285	0.157796	0	0	0	0	0	0.352828	0.473379	0.446324	0.446324	0.446324	0.446324	0.446324	0.446324	0.35285	0.157796	0	0	0	0	0	0	0	0	0.352828	0.473379	0.35285	0.157796	0	0	0	0	0	0	0	0	0.352828	0.473379	0.35285	0.157796	0	0	0	0	0	0	0	0.352828	0.473379	0.446324	0.35285	0.157796	0	0	0.352828	0.473379	0.446324	0.446324	0.446324	0.446324	0.446324	0.35285	0.157796	0.352828	0.473379	0.446324	0.446324	0.446324	0.446324	0.446324	0.35285	0.157796	0.352828	0.473379	0.446324	0.446324	0.446324	0.35285	0.157796	0.352828	0.473379	0.446324	0.446324	0.446324	0.446324	0.35285	0.498972	0.473379	0.446324	0.446324	0.446324	0.446324	0.446324	0.446324	0.446324	0.63116	0.63116	0.446324	0.446324	0.446324	0.446324	0.446324	0.63116	0.63116	0.446324	0.446324	0.446324	0.446324	0.650595	0.804566	0.568945	0.446324	0.446324	0.446324	0.650595	0.84972	0.892594	0.788962	0.568945	0.446324	0.650595	0.84972	0.892594
0	0	0	0	0	0	0.446248	0.446248	0	0	0	0	0	0	0	0	0	0	0	0	0	0	0	0	0	0	0	0	0	0	0	0	0	0	0	0	0	0	0	0	0	0	0	0	0	0	0	0	0	0	0	0	0	0	0	0	0	0	0	0	0	0	0	0	0	0	0	0	0	0	0	0	0	0	0	0.446248	0.446248	0	0	0	0	0	0	0	0	0	0	0	0.446248	0.446248	0	0	0	0	0	0	0	0	0.446248	0.446248	0	0	0	0	0	0	0	0.446248	0.446248	0	0	0	0	0	0	0.446248	0.446248	0	0	0	0	0	0	0.446248	0.446248	0	0	0	0	0	0	0	0	0	0	0	0	0	0	0.446248	0.446248	0	0	0	0	0	0	0	0	0	0	0	0	0	0	0	0	0.446248	0.446248	0	0	0	0	0	0	0	0	0	0	0.446248	0.446248	0	0	0	0	0	0	0	0	0	0.446248	0.446248	0	0	0	0	0	0.446248	0.446248	0	0	0	0	0	0	0	0.446248	0.446248	0	0	0	0	0	0	0	0.446248	0.446248	0	0	0	0	0	0.446248	0.446248	0	0	0	0	0	0.446248	0.446248	0	0	0	0	0	0	0	0.446248	0.446248	0	0	0	0	0	0.446248	0.446248	0	0	0	0	0.446248	0.446248	0	0	0	0	0.446248	0.446248	0	0	0	0	0.446248	0.446248	0
0	0	0	0	0	0	0.446206	0.446206	0	0	0	0	0	0	0	0	0	0	0	0	0	0	0	0	0	0	0	0	0	0	0	0	0	0	0	0	0	0	0	0	0	0	0	0	0	0	0	0	0	0	0	0	0	0	0	0	0	0	0	0	0	0	0	0	0	0	0	0	0	0	0	0	0	0	0	0.446206	0.446206	0	0	0	0	0	0	0	0	0	0	0	0.446206	0.446206	0	0	0	0	0	0	0	0	0.446206	0.446206	0	0	0	0	0	0	0	0.446206	0.446206	0	0	0	0	0	0	0.446206	0.446206	0	0	0	0	0	0	0.446206	0.446206	0	0	0	0	0	0	0	0	0	0	0	0	0	0	0.446206	0.446206	0	0	0	0	0	0	0	0	0	0	0	0	0	0	0	0	0.446206	0.446206	0	0	0	0	0	0	0	0	0	0	0.446206	0.446206	0	0	0	0	0	0	0	0	0	0.446206	0.446206	0	0	0	0	0	0.446206	0.446206	0	0	0	0	0	0	0	0.446206	0.446206	0	0	0	0	0	0	0	0.446206	0.446206	0	0	0	0	0	0.446206	0.446206	0	0	0	0	0	0.446206	0.446206	0	0	0	0	0	0	0	0.446206	0.446206	0	0	0	0	0	0.446206	0.446206	0	0	0	0	0.446206	0.446206	0	0	0	0	0.446206	0.446206	0	0	0	0	0.446206	0.446206	0
0	0	0	0	0	0	0.446164	0.446164	0	0	0	0	0	0	0	0	0	0	0	0	0	0	0	0	0	0	0	0	0	0	0	0	0	0	0	0	0	0	0	0	0	0	0	0	0	0	0	0	0	0	0	0	0	0	0	0	0	0	0	0	0	0	0	0	0	0	0	0	0	0	0	0	0	0	0	0.446164	0.446164	0	0	0	0	0	0	0	0	0	0	0	0.446164	0.446164	0	0	0	0	0	0	0	0	0.446164	0.446164	0	0	0	0	0	0	0	0.446164	0.446164	0	0	0	0	0	0	0.446164	0.446164	0	0	0	0	0	0	0.446164	0.446164	0	0	0	0	0	0	0	0	0	0	0	0	0	0	0.446164	0.446164	0	0	0	0	0	0	0	0	0	0	0	0	0	0	0	0	0.446164	0.446164	0	0	0	0	0	0	0	0	0	0	0.446164	0.446164	0	0	0	0	0	0	0	0	0	0.446164	0.446164	0	0	0	0	0	0.446164	0.446164	0	0	0	0	0	0	0	0.446164	0.446164	0	0	0	0	0	0	0	0.446164	0.446164	0	0	0	0	0	0.446164	0.446164	0	0	0	0	0	0.446164	0.446164	0	0	0	0	0	0	0	0.446164	0.446164	0	0	0	0	0	0.446164	0.446164	0	0	0	0	0.446164	0.446164	0	0	0	0	0.446164	0.446164	0	0	0	0	0.446164	0.446164	0
0	0	0	0	0	0	0.446123	0.446123	0	0	0	0	0	0	0	0	0	0	0	0	0	0	0	0	0	0	0	0	0	0	0	0	0	0	0	0	0	0	0	0	0	0	0	0	0	0	0	0	0	0	0	0	0	0	0	0	0	0	0	0	0	0	0	0	0	0	0	0	0	0	0	0	0	0	0	0.446123	0.446123	0	0	0	0	0	0	0	0	0	0	0	0.446123	0.446123	0	0	0	0	0	0	0	0	0.446123	0.446123	0	0	0	0	0	0	0	0.446123	0.446123	0	0	0	0	0	0	0.446123	0.446123	0	0	0	0	0	0	0.446123	0.446123	0	0	0	0	0	0	0	0	0	0	0	0	0	0	0.446123	0.446123	0	0	0	0	0	0	0	0	0	0	0	0	0	0	0	0	0.446123	0.446123	0	0	0	0	0	0	0	0	0	0	0.446123	0.446123	0	0	0	0	0	0	0	0	0	0.446123	0.446123	0	0	0	0	0	0.446123	0.446123	0	0	0	0	0	0	0	0.446123	0.446123	0	0	0	0	0	0	0	0.446123	0.446123	0	0	0	0	0	0.446123	0.446123	0	0	0	0	0	0.446123	0.446123	0	0	0	0	0	0	0	0.446123	0.446123	0	0	0	0	0	0.446123	0.446123	0	0	0	0	0.446123	0.446123	0	0	0	0	0.446123	0.446123	0	0	0	0	0.446123	0.446123	0
0	0	0	0	0	0	0.446074	0.446074	0	0	0	0	0	0	0	0	0	0	0	0	0	0	0	0	0	0	0	0	0	0	0	0	0	0	0	0	0	0	0	0	0	0	0	0	0	0	0	0	0	0	0	0	0	0	0	0	0	0	0	0	0	0	0	0	0	0	0	0	0	0	0	0	0	0	0	0.446074	0.446074	0	0	0	0	0	0	0	0	0	0	0	0.446074	0.446074	0	0	0	0	0	0	0	0	0.446074	0.446074	0	0	0	0	0	0	0	0.446074	0.446074	0	0	0	0	0	0	0.446074	0.446074	0	0	0	0	0	0	0.446074	0.446074	0	0	0	0	0	0	0	0	0	0	0	0	0	0	0.446074	0.446074	0	0	0	0	0	0	0	0	0	0	0	0	0	0	0	0	0.446074	0.446074	0	0	0	0	0	0	0	0	0	0	0.446074	0.446074	0	0	0	0	0	0	0	0	0	0.446074	0.446074	0	0	0	0	0	0.446074	0.446074	0	0	0	0	0	0	0	0.446074	0.446074	0	0	0	0	0	0	0	0.446074	0.446074	0	0	0	0	0	0.446074	0.446074	0	0	0	0	0	0.446074	0.446074	0	0	0	0	0	0	0	0.446074	0.446074	0	0	0	0	0	0.446074	0.446074	0	0	0	0	0.446074	0.446074	0	0	0	0	0.446074	0.446074	0	0	0	0	0.446074	0.446074	0
0	0	0	0	0	0	0.446032	0.446032	0	0	0	0	0	0	0	0	0	0	0	0	0	0	0	0	0	0	0	0	0	0	0	0	0	0	0	0	0	0	0	0	0	0	0	0	0	0	0	0	0	0	0	0	0	0	0	0	0	0	0	0	0	0	0	0	0	0	0	0	0	0	0	0	0	0	0	0.446032	0.446032	0	0	0	0	0	0	0	0	0	0	0	0.446032	0.446032	0	0	0	0	0	0	0	0	0.446032	0.446032	0	0	0	0	0	0	0	0.446032	0.446032	0	0	0	0	0	0	0.446032	0.446032	0	0	0	0	0	0	0.446032	0.446032	0	0	0	0	0	0	0	0	0	0	0	0	0	0	0.446032	0.446032	0	0	0	0	0	0	0	0	0	0	0	0	0	0	0	0	0.446032	0.446032	0	0	0	0	0	0	0	0	0	0	0.446032	0.446032	0	0	0	0	0	0	0	0	0	0.446032	0.446032	0	0	0	0	0	0.446032	0.446032	0	0	0	0	0	0	0	0.446032	0.446032	0	0	0	0	0	0	0	0.446032	0.446032	0	0	0	0	0	0.446032	0.446032	0	0	0	0	0	0.446032	0.446032	0	0	0	0	0	0	0	0.446032	0.446032	0	0	0	0	0	0.446032	0.446032	0	0	0	0	0.446032	0.446032	0	0	0	0	0.446032	0.446032	0	0	0	0	0.446032	0.446032	0
0	0	0	0	0	0	0.445991	0.445991	0	0	0	0	0	0	0	0	0	0	0	0	0	0	0	0	0	0	0	0	0	0	0	0	0	0	0	0	0	0	0	0	0	0	0	0	0	0	0	0	0	0	0	0	0	0	0	0	0	0	0	0	0	0	0	0	0	0	0	0	0	0	0	0	0	0	0	0.445991	0.445991	0	0	0	0	0	0	0	0	0	0	0	0.445991	0.445991	0	0	0	0	0	0	0	0	0.445991	0.445991	0	0	0	0	0	0	0	0.445991	0.445991	0	0	0	0	0	0	0.445991	0.445991	0	0	0	0	0	0	0.445991	0.445991	0	0	0	0	0	0	0	0	0	0	0	0	0	0	0.445991	0.445991	0	0	0	0	0	0	0	0	0	0	0	0	0	0	0	0	0.445991	0.445991	0	0	0	0	0	0	0	0	0	0	0.445991	0.445991	0	0	0	0	0	0	0	0	0	0.445991	0.445991	0	0	0	0	0	0.445991	0.445991	0	0	0	0	0	0	0	0.445991	0.445991	0	0	0	0	0	0	0	0.445991	0.445991	0	0	0	0	0	0.445991	0.445991	0	0	0	0	0	0.445991	0.445991	0	0	0	0	0	0	0	0.445991	0.445991	0	0	0	0	0	0.445991	0.445991	0	0	0	0	0.445991	0.445991	0	0	0	0	0.445991	0.445991	0	0	0	0	0.445991	0.445991	0
0	0	0	0	0	0	0.445949	0.445949	0	0	0	0	0	0	0	0	0	0	0	0	0	0	0	0	0	0	0	0	0	0	0	0	0	0	0	0	0	0	0	0	0	0	0	0	0	0	0	0	0	0	0	0	0	0	0	0	0	0	0	0	0	0	0	0	0	0	0	0	0	0	0	0	0	0	0	0.445949	0.445949	0	0	0	0	0	0	0	0	0	0	0	0.445949	0.445949	0	0	0	0	0	0	0	0	0.445949	0.445949	0	0	0	0	0	0	0	0.445949	0.445949	0	0	0	0	0	0	0.445949	0.445949	0	0	0	0	0	0	0.445949	0.445949	0	0	0	0	0	0	0	0	0	0	0	0	0	0	0.445949	0.445949	0	0	0	0	0	0	0	0	0	0	0	0	0	0	0	0	0.445949	0.445949	0	0	0	0	0	0	0	0	0	0	0.445949	0.445949	0	0	0	0	0	0	0	0	0	0.445949	0.445949	0	0	0	0	0	0.445949	0.445949	0	0	0	0	0	0	0	0.445949	0.445949	0	0	0	0	0	0	0	0.445949	0.445949	0	0	0	0	0	0.445949	0.445949	0	0	0	0	0	0.445949	0.445949	0	0	0	0	0	0	0	0.445949	0.445949	0	0	0	0	0	0.445949	0.445949	0	0	0	0	0.445949	0.445949	0	0	0	0	0.445949	0.445949	0	0	0	0	0.445949	0.445949	0
0	0	0	0	0	0	0.445907	0.445907	0	0	0	0	0	0	0	0	0	0	0	0	0	0	0	0	0	0	0	0	0	0	0	0	0	0	0	0	0	0	0	0	0	0	0	0	0	0	0	0	0	0	0	0	0	0	0	0	0	0	0	0	0	0	0	0	0	0	0	0	0	0	0	0	0	0	0	0.445907	0.445907	0	0	0	0	0	0	0	0	0	0	0	0.445907	0.445907	0	0	0	0	0	0	0	0	0.445907	0.445907	0	0	0	0	0	0	0	0.445907	0.445907	0	0	0	0	0	0	0.445907	0.445907	0	0	0	0	0	0	0.445907	0.445907	0	0	0	0	0	0	0	0	0	0	0	0	0	0	0.445907	0.445907	0	0	0	0	0	0	0	0	0	0	0	0	0	0	0	0	0.445907	0.445907	0	0	0	0	0	0	0	0	0	0	0.445907	0.445907	0	0	0	0	0	0	0	0	0	0.445907	0.445907	0	0	0	0	0	0.445907	0.445907	0	0	0	0	0	0	0	0.445907	0.445907	0	0	0	0	0	0	0	0.445907	0.445907	0	0	0	0	0	0.445907	0.445907	0	0	0	0	0	0.445907	0.445907	0	0	0	0	0	0	0	0.445907	0.445907	0	0	0	0	0	0.445907	0.445907	0	0	0	0	0.445907	0.445907	0	0	0	0	0.445907	0.445907	0	0	0	0	0.445907	0.445907	0
0	0	0	0	0	0	0.445866	0.445866	0	0	0	0	0	0	0	0	0	0	0	0	0	0	0	0	0	0	0	0	0	0	0	0	0	0	0	0	0	0	0	0	0	0	0	0	0	0	0	0	0	0	0	0	0	0	0	0	0	0	0	0	0	0	0	0	0	0	0	0	0	0	0	0	0	0	0	0.445866	0.445866	0	0	0	0	0	0	0	0	0	0	0	0.445866	0.445866	0	0	0	0	0	0	0	0	0.445866	0.445866	0	0	0	0	0	0	0	0.445866	0.445866	0	0	0	0	0	0	0.445866	0.445866	0	0	0	0	0	0	0.445866	0.445866	0	0	0	0	0	0	0	0	0	0	0	0	0	0	0.445866	0.445866	0	0	0	0	0	0	0	0	0	0	0	0	0	0	0	0	0.445866	0.445866	0	0	0	0	0	0	0	0	0	0	0.445866	0.445866	0	0	0	0	0	0	0	0	0	0.445866	0.445866	0	0	0	0	0	0.445866	0.445866	0	0	0	0	0	0	0	0.445866	0.445866	0	0	0	0	0	0	0	0.445866	0.445866	0	0	0	0	0	0.445866	0.445866	0	0	0	0	0	0.445866	0.445866	0	0	0	0	0	0	0	0.445866	0.445866	0	0	0	0	0	0.445866	0.445866	0	0	0	0	0.445866	0.445866	0	0	0	0	0.445866	0.445866	0	0	0	0	0.445866	0.445866	0
0	0	0	0	0	0	0.445824	0.445824	0	0	0	0	0	0	0	0	0	0	0	0	0	0	0	0	0	0	0	0	0	0	0	0	0	0	0	0	0	0	0	0	0	0	0	0	0	0	0	0	0	0	0	0	0	0	0	0	0	0	0	0	0	0	0	0	0	0	0	0	0	0	0	0	0	0	0	0.445824	0.445824	0	0	0	0	0	0	0	0	0	0	0	0.445824	0.445824	0	0	0	0	0	0	0	0	0.445824	0.445824	0	0	0	0	0	0	0	0.445824	0.445824	0	0	0	0	0	0	0.445824	0.445824	0	0	0	0	0	0	0.445824	0.445824	0	0	0	0	0	0	0	0	0	0	0	0	0	0	0.445824	0.445824	0	0	0	0	0	0	0	0	0	0	0	0	0	0	0	0	0.445824	0.445824	0	0	0	0	0	0	0	0	0	0	0.445824	0.445824	0	0	0	0	0	0	0	0	0	0.445824	0.445824	0	0	0	0	0	0.445824	0.445824	0	0	0	0	0	0	0	0.445824	0.445824	0	0	0	0	0	0	0	0.445824	0.445824	0	0	0	0	0	0.445824	0.445824	0	0	0	0	0	0.445824	0.445824	0	0	0	0	0	0	0	0.445824	0.445824	0	0	0	0	0	0.445824	0.445824	0	0	0	0	0.445824	0.445824	0	0	0	0	0.445824	0.445824	0	0	0	0	0.445824	0.445824	0
0	0	0	0	0	0	0.445782	0.445782	0	0	0	0	0	0	0	0	0	0	0	0	0	0	0	0	0	0	0	0	0	0	0	0	0	0	0	0	0	0	0	0	0	0	0	0	0	0	0	0	0	0	0	0	0	0	0	0	0	0	0	0	0	0	0	0	0	0	0	0	0	0	0	0	0	0	0	0.445782	0.445782	0	0	0	0	0	0	0	0	0	0	0	0.445782	0.445782	0	0	0	0	0	0	0	0	0.445782	0.445782	0	0	0	0	0	0	0	0.445782	0.445782	0	0	0	0	0	0	0.445782	0.445782	0	0	0	0	0	0	0.445782	0.445782	0	0	0	0	0	0	0	0	0	0	0	0	0	0	0.445782	0.445782	0	0	0	0	0	0	0	0	0	0	0	0	0	0	0	0	0.445782	0.445782	0	0	0	0	0	0	0	0	0	0	0.445782	0.445782	0	0	0	0	0	0	0	0	0	0.445782	0.445782	0	0	0	0	0	0.445782	0.445782	0	0	0	0	0	0	0	0.445782	0.445782	0	0	0	0	0	0	0	0.445782	0.445782	0	0	0	0	0	0.445782	0.445782	0	0	0	0	0	0.445782	0.445782	0	0	0	0	0	0	0	0.445782	0.445782	0	0	0	0	0	0.445782	0.445782	0	0	0	0	0.445782	0.445782	0	0	0	0	0.445782	0.445782	0	0	0	0	0.445782	0.445782	0
0	0	0	0	0	0	0.445734	0.445734	0	0	0	0	0	0	0	0	0	0	0	0	0	0	0	0	0	0	0	0	0	0	0	0	0	0	0	0	0	0	0	0	0	0	0	0	0	0	0	0	0	0	0	0	0	0	0	0	0	0	0	0	0	0	0	0	0	0	0	0	0	0	0	0	0	0	0	0.445734	0.445734	0	0	0	0	0	0	0	0	0	0	0	0.445734	0.445734	0	0	0	0	0	0	0	0	0.445734	0.445734	0	0	0	0	0	0	0	0.445734	0.445734	0	0	0	0	0	0	0.445734	0.445734	0	0	0	0	0	0	0.445734	0.445734	0	0	0	0	0	0	0	0	0	0	0	0	0	0	0.445734	0.445734	0	0	0	0	0	0	0	0	0	0	0	0	0	0	0	0	0.445734	0.445734	0	0	0	0	0	0	0	0	0	0	0.445734	0.445734	0	0	0	0	0	0	0	0	0	0.445734	0.445734	0	0	0	0	0	0.445734	0.445734	0	0	0	0	0	0	0	0.445734	0.445734	0	0	0	0	0	0	0	0.445734	0.445734	0	0	0	0	0	0.445734	0.445734	0	0	0	0	0	0.445734	0.445734	0	0	0	0	0	0	0	0.445734	0.445734	0	0	0	0	0	0.445734	0.445734	0	0	0	0	0.445734	0.445734	0	0	0	0	0.445734	0.445734	0	0	0	0	0.445734	0.445734	0
0.445727	0.445727	0.445727	0.445727	0.445727	0.445727	0.472745	0.352356	0	0	0	0	0	0	0	0	0	0	0	0	0	0	0	0	0	0	0	0	0	0	0	0	0	0	0	0	0	0	0	0	0	0	0	0	0	0	0	0	0	0	0	0	0	0	0	0	0	0	0	0	0	0	0	0	0	0	0	0	0	0	0	0	0.157585	0.352378	0.445727	0.472745	0.352356	0	0	0	0	0	0	0	0	0	0.157585	0.352378	0.472745	0.352356	0	0	0	0	0	0	0	0.157585	0.498304	0.352356	0	0	0	0	0	0	0.157585	0.498304	0.352356	0	0	0	0.157585	0.352378	0.445727	0.472745	0.352356	0	0	0	0	0.157585	0.352378	0.472745	0.352356	0	0	0	0	0	0	0	0.157585	0.352378	0.445727	0.445727	0.445727	0.445727	0.445727	0.472745	0.352356	0	0	0	0	0	0	0.157585	0.352378	0.445727	0.445727	0.445727	0.445727	0.445727	0.445727	0.445727	0.445727	0.472745	0.352356	0	0	0	0	0	0	0.157585	0.352378	0.445727	0.445727	0.472745	0.352356	0	0	0.157585	0.352378	0.445727	0.445727	0.445727	0.445727	0.445727	0.472745	0.352356	0.157585	0.352378	0.445727	0.445727	0.445727	0.472745	0.352356	0.157585	0.352378	0.445727	0.445727	0.445727	0.445727	0.445727	0.630316	0.630316	0.445727	0.445727	0.445727	0.445727	0.445727	0.445727	0.445727	0.472745	0.498304	0.352378	0.445727	0.445727	0.445727	0.445727	0.472745	0.352356	0.157585	0.352378	0.445727	0.445727	0.445727	0.630316	0.630316	0.445727	0.445727	0.445727	0.445727	0.445727	0.568184	0.787906	0.848584	0.649725	0.445727	0.445727	0.568184	0.787906	0.8914	0.848584	0.649725	0.445727	0.568184	0.787906	0.8914	0.848584	0.649725	0.445727	0.568184	0.787906	0.8914	0.848584	0.649725	0.445727	0.568184	0.787906	0.8914	0.848584	0.649725	0.445727
0.445685	0.445685	0.445685	0.445685	0.445685	0.445685	0.352345	0.15757	0	0	0	0	0	0	0	0	0	0	0	0	0	0	0	0	0	0	0	0	0	0	0	0	0	0	0	0	0	0	0	0	0	0	0	0	0	0	0	0	0	0	0	0	0	0	0	0	0	0	0	0	0	0	0	0	0	0	0	0	0	0	0	0	0.352323	0.472701	0.445685	0.352345	0.15757	0	0	0	0	0	0	0	0	0	0.352323	0.472701	0.352345	0.15757	0	0	0	0	0	0	0	0.352323	0.498258	0.15757	0	0	0	0	0	0	0.352323	0.498258	0.15757	0	0	0	0.352323	0.472701	0.445685	0.352345	0.15757	0	0	0	0	0.352323	0.472701	0.352345	0.15757	0	0	0	0	0	0	0	0.352323	0.472701	0.445685	0.445685	0.445685	0.445685	0.445685	0.352345	0.15757	0	0	0	0	0	0	0.352323	0.472701	0.445685	0.445685	0.445685	0.445685	0.445685	0.445685	0.445685	0.445685	0.352345	0.15757	0	0	0	0	0	0	0.352323	0.472701	0.445685	0.445685	0.352345	0.15757	0	0	0.352323	0.472701	0.445685	0.445685	0.445685	0.445685	0.445685	0.352345	0.15757	0.352323	0.472701	0.445685	0.445685	0.445685	0.352345	0.15757	0.352323	0.472701	0.445685	0.445685	0.445685	0.445685	0.445685	0.630257	0.630257	0.445685	0.445685	0.445685	0.445685	0.445685	0.445685	0.445685	0.352345	0.498258	0.472701	0.445685	0.445685	0.445685	0.445685	0.352345	0.15757	0.352323	0.472701	0.445685	0.445685	0.445685	0.630257	0.630257	0.445685	0.445685	0.445685	0.445685	0.445685	0.649664	0.848504	0.787833	0.568131	0.445685	0.445685	0.649664	0.848504	0.891317	0.787833	0.568131	0.445685	0.649664	0.848504	0.891317	0.787833	0.568131	0.445685	0.649664	0.848504	0.891317	0.787833	0.568131	0.445685	0.649664	0.848504	0.891317	0.787833	0.568131	0.445685
0	0	0	0	0	0	0	0	0	0	0	0	0	0	0	0	0	0	0	0	0	0	0	0	0	0	0	0	0	0	0	0	0	0	0	0	0	0	0	0	0	0	0	0	0	0	0	0	0	0	0	0	0	0	0	0	0	0	0	0	0	0	0	0	0	0	0	0	0	0	0	0	0.445609	0.445609	0	0	0	0	0	0	0	0	0	0	0	0	0.445609	0.445609	0	0	0	0	0	0	0	0	0	0.445609	0.445609	0	0	0	0	0	0	0	0.445609	0.445609	0	0	0	0	0.445609	0.445609	0	0	0	0	0	0	0	0.445609	0.445609	0	0	0	0	0	0	0	0	0	0.445609	0.445609	0	0	0	0	0	0	0	0	0	0	0	0	0	0.445609	0.445609	0	0	0	0	0	0	0	0	0	0	0	0	0	0	0	0	0.445609	0.445609	0	0	0	0	0	0	0.445609	0.445609	0	0	0	0	0	0	0	0.445609	0.445609	0	0	0	0	0	0.445609	0.445609	0	0	0	0	0	0.445609	0.445609	0	0	0	0	0	0	0	0	0.445609	0.445609	0	0	0	0	0	0	0.445609	0.445609	0	0	0	0.445609	0.445609	0	0	0	0	0	0.445609	0.445609	0	0	0	0	0.445609	0.445609	0	0	0	0	0.445609	0.445609	0	0	0	0	0.445609	0.445609	0	0	0	0	0.445609	0.445609	0	0	0	0
0	0	0	0	0	0	0	0	0	0	0	0	0	0	0	0	0	0	0	0	0	0	0	0	0	0	0	0	0	0	0	0	0	0	0	0	0	0	0	0	0	0	0	0	0	0	0	0	0	0	0	0	0	0	0	0	0	0	0	0	0	0	0	0	0	0	0	0	0	0	0	0	0.445567	0.445567	0	0	0	0	0	0	0	0	0	0	0	0	0.445567	0.445567	0	0	0	0	0	0	0	0	0	0.445567	0.445567	0	0	0	0	0	0	0	0.445567	0.445567	0	0	0	0	0.445567	0.445567	0	0	0	0	0	0	0	0.445567	0.445567	0	0	0	0	0	0	0	0	0	0.445567	0.445567	0	0	0	0	0	0	0	0	0	0	0	0	0	0.445567	0.445567	0	0	0	0	0	0	0	0	0	0	0	0	0	0	0	0	0.445567	0.445567	0	0	0	0	0	0	0.445567	0.445567	0	0	0	0	0	0	0	0.445567	0.445567	0	0	0	0	0	0.445567	0.445567	0	0	0	0	0	0.445567	0.445567	0	0	0	0	0	0	0	0	0.445567	0.445567	0	0	0	0	0	0	0.445567	0.445567	0	0	0	0.445567	0.445567	0	0	0	0	0	0.445567	0.445567	0	0	0	0	0.445567	0.445567	0	0	0	0	0.445567	0.445567	0	0	0	0	0.445567	0.445567	0	0	0	0	0.445567	0.445567	0	0	0	0
0	0	0	0	0	0	0	0	0	0	0	0	0	0	0	0	0	0	0	0	0	0	0	0	0	0	0	0	0	0	0	0	0	0	0	0	0	0	0	0	0	0	0	0	0	0	0	0	0	0	0	0	0	0	0	0	0	0	0	0	0	0	0	0	0	0	0	0	0	0	0	0	0.445526	0.445526	0	0	0	0	0	0	0	0	0	0	0	0	0.445526	0.445526	0	0	0	0	0	0	0	0	0	0.445526	0.445526	0	0	0	0	0	0	0	0.445526	0.445526	0	0	0	0	0.445526	0.445526	0	0	0	0	0	0	0	0.445526	0.445526	0	0	0	0	0	0	0	0	0	0.445526	0.445526	0	0	0	0	0	0	0	0	0	0	0	0	0	0.445526	0.445526	0	0	0	0	0	0	0	0	0	0	0	0	0	0	0	0	0.445526	0.445526	0	0	0	0	0	0	0.445526	0.445526	0	0	0	0	0	0	0	0.445526	0.445526	0	0	0	0	0	0.445526	0.445526	0	0	0	0	0	0.445526	0.445526	0	0	0	0	0	0	0	0	0.445526	0.445526	0	0	0	0	0	0	0.445526	0.445526	0	0	0	0.445526	0.445526	0	0	0	0	0	0.445526	0.445526	0	0	0	0	0.445526	0.445526	0	0	0	0	0.445526	0.445526	0	0	0	0	0.445526	0.445526	0	0	0	0	0.445526	0.445526	0	0	0	0
0	0	0	0	0	0	0	0	0	0	0	0	0	0	0	0	0	0	0	0	0	0	0	0	0	0	0	0	0	0	0	0	0	0	0	0	0	0	0	0	0	0	0	0	0	0	0	0	0	0	0	0	0	0	0	0	0	0	0	0	0	0	0	0	0	0	0	0	0	0	0	0	0.445484	0.445484	0	0	0	0	0	0	0	0	0	0	0	0	0.445484	0.445484	0	0	0	0	0	0	0	0	0	0.445484	0.445484	0	0	0	0	0	0	0	0.445484	0.445484	0	0	0	0	0.445484	0.445484	0	0	0	0	0	0	0	0.445484	0.445484	0	0	0	0	0	0	0	0	0	0.445484	0.445484	0	0	0	0	0	0	0	0	0	0	0	0	0	0.445484	0.445484	0	0	0	0	0	0	0	0	0	0	0	0	0	0	0	0	0.445484	0.445484	0	0	0	0	0	0	0.445484	0.445484	0	0	0	0	0	0	0	0.445484	0.445484	0	0	0	0	0	0.445484	0.445484	0	0	0	0	0	0.445484	0.445484	0	0	0	0	0	0	0	0	0.445484	0.445484	0	0	0	0	0	0	0.445484	0.445484	0	0	0	0.445484	0.445484	0	0	0	0	0	0.445484	0.445484	0	0	0	0	0.445484	0.445484	0	0	0	0	0.445484	0.445484	0	0	0	0	0.445484	0.445484	0	0	0	0	0.445484	0.445484	0	0	0	0
0	0	0	0	0	0	0	0	0	0	0	0	0	0	0	0	0	0	0	0	0	0	0	0	0	0	0	0	0	0	0	0	0	0	0	0	0	0	0	0	0	0	0	0	0	0	0	0	0	0	0	0	0	0	0	0	0	0	0	0	0	0	0	0	0	0	0	0	0	0	0	0	0.445443	0.445443	0	0	0	0	0	0	0	0	0	0	0	0	0.445443	0.445443	0	0	0	0	0	0	0	0	0	0.445443	0.445443	0	0	0	0	0	0	0	0.445443	0.445443	0	0	0	0	0.445443	0.445443	0	0	0	0	0	0	0	0.445443	0.445443	0	0	0	0	0	0	0	0	0	0.445443	0.445443	0	0	0	0	0	0	0	0	0	0	0	0	0	0.445443	0.445443	0	0	0	0	0	0	0	0	0	0	0	0	0	0	0	0	0.445443	0.445443	0	0	0	0	0	0	0.445443	0.445443	0	0	0	0	0	0	0	0.445443	0.445443	0	0	0	0	0	0.445443	0.445443	0	0	0	0	0	0.445443	0.445443	0	0	0	0	0	0	0	0	0.445443	0.445443	0	0	0	0	0	0	0.445443	0.445443	0	0	0	0.445443	0.445443	0	0	0	0	0	0.445443	0.445443	0	0	0	0	0.445443	0.445443	0	0	0	0	0.445443	0.445443	0	0	0	0	0.445443	0.445443	0	0	0	0	0.445443	0.445443	0	0	0	0
0	0	0	0	0	0	0	0	0	0	0	0	0	0	0	0	0	0	0	0	0	0	0	0	0	0	0	0	0	0	0	0	0	0	0	0	0	0	0	0	0	0	0	0	0	0	0	0	0	0	0	0	0	0	0	0	0	0	0	0	0	0	0	0	0	0	0	0	0	0	0	0	0.445394	0.445394	0	0	0	0	0	0	0	0	0	0	0	0	0.445394	0.445394	0	0	0	0	0	0	0	0	0	0.445394	0.445394	0	0	0	0	0	0	0	0.445394	0.445394	0	0	0	0	0.445394	0.445394	0	0	0	0	0	0	0	0.445394	0.445394	0	0	0	0	0	0	0	0	0	0.445394	0.445394	0	0	0	0	0	0	0	0	0	0	0	0	0	0.445394	0.445394	0	0	0	0	0	0	0	0	0	0	0	0	0	0	0	0	0.445394	0.445394	0	0	0	0	0	0	0.445394	0.445394	0	0	0	0	0	0	0	0.445394	0.445394	0	0	0	0	0	0.445394	0.445394	0	0	0	0	0	0.445394	0.445394	0	0	0	0	0	0	0	0	0.445394	0.445394	0	0	0	0	0	0	0.445394	0.445394	0	0	0	0.445394	0.445394	0	0	0	0	0	0.445394	0.445394	0	0	0	0	0.445394	0.445394	0	0	0	0	0.445394	0.445394	0	0	0	0	0.445394	0.445394	0	0	0	0	0.445394	0.445394	0	0	0	0
0	0	0	0	0	0	0	0	0	0	0	0	0	0	0	0	0	0	0	0	0	0	0	0	0	0	0	0	0	0	0	0	0	0	0	0	0	0	0	0	0	0	0	0	0	0	0	0	0	0	0	0	0	0	0	0	0	0	0	0	0	0	0	0	0	0	0	0	0	0	0	0	0.445353	0.445353	0	0	0	0	0	0	0	0	0	0	0	0	0.445353	0.445353	0	0	0	0	0	0	0	0	0	0.445353	0.445353	0	0	0	0	0	0	0	0.445353	0.445353	0	0	0	0	0.445353	0.445353	0	0	0	0	0	0	0	0.445353	0.445353	0	0	0	0	0	0	0	0	0	0.445353	0.445353	0	0	0	0	0	0	0	0	0	0	0	0	0	0.445353	0.445353	0	0	0	0	0	0	0	0	0	0	0	0	0	0	0	0	0.445353	0.445353	0	0	0	0	0	0	0.445353	0.445353	0	0	0	0	0	0	0	0.445353	0.445353	0	0	0	0	0	0.445353	0.445353	0	0	0	0	0	0.445353	0.445353	0	0	0	0	0	0	0	0	0.445353	0.445353	0	0	0	0	0	0	0.445353	0.445353	0	0	0	0.445353	0.445353	0	0	0	0	0	0.445353	0.445353	0	0	0	0	0.445353	0.445353	0	0	0	0	0.445353	0.445353	0	0	0	0	0.445353	0.445353	0	0	0	0	0.445353	0.445353	0	0	0	0
0	0	0	0	0	0	0	0	0	0	0	0	0	0	0	0	0	0	0	0	0	0	0	0	0	0	0	0	0	0	0	0	0	0	0	0	0	0	0	0	0	0	0	0	0	0	0	0	0	0	0	0	0	0	0	0	0	0	0	0	0	0	0	0	0	0	0	0	0	0	0	0	0.445311	0.445311	0	0	0	0	0	0	0	0	0	0	0	0	0.445311	0.445311	0	0	0	0	0	0	0	0	0	0.445311	0.445311	0	0	0	0	0	0	0	0.445311	0.445311	0	0	0	0	0.445311	0.445311	0	0	0	0	0	0	0	0.445311	0.445311	0	0	0	0	0	0	0	0	0	0.445311	0.445311	0	0	0	0	0	0	0	0	0	0	0	0	0	0.445311	0.445311	0	0	0	0	0	0	0	0	0	0	0	0	0	0	0	0	0.445311	0.445311	0	0	0	0	0	0	0.445311	0.445311	0	0	0	0	0	0	0	0.445311	0.445311	0	0	0	0	0	0.445311	0.445311	0	0	0	0	0	0.445311	0.445311	0	0	0	0	0	0	0	0	0.445311	0.445311	0	0	0	0	0	0	0.445311	0.445311	0	0	0	0.445311	0.445311	0	0	0	0	0	0.445311	0.445311	0	0	0	0	0.445311	0.445311	0	0	0	0	0.445311	0.445311	0	0	0	0	0.445311	0.445311	0	0	0	0	0.445311	0.445311	0	0	0	0
0	0	0	0	0	0	0	0	0	0	0	0	0	0	0	0	0	0	0	0	0	0	0	0	0	0	0	0	0	0	0	0	0	0	0	0	0	0	0	0	0	0	0	0	0	0	0	0	0	0	0	0	0	0	0	0	0	0	0	0	0	0	0	0	0	0	0	0	0	0	0	0	0.44527	0.44527	0	0	0	0	0	0	0	0	0	0	0	0	0.44527	0.44527	0	0	0	0	0	0	0	0	0	0.44527	0.44527	0	0	0	0	0	0	0	0.44527	0.44527	0	0	0	0	0.44527	0.44527	0	0	0	0	0	0	0	0.44527	0.44527	0	0	0	0	0	0	0	0	0	0.44527	0.44527	0	0	0	0	0	0	0	0	0	0	0	0	0	0.44527	0.44527	0	0	0	0	0	0	0	0	0	0	0	0	0	0	0	0	0.44527	0.44527	0	0	0	0	0	0	0.44527	0.44527	0	0	0	0	0	0	0	0.44527	0.44527	0	0	0	0	0	0.44527	0.44527	0	0	0	0	0	0.44527	0.44527	0	0	0	0	0	0	0	0	0.44527	0.44527	0	0	0	0	0	0	0.44527	0.44527	0	0	0	0.44527	0.44527	0	0	0	0	0	0.44527	0.44527	0	0	0	0	0.44527	0.44527	0	0	0	0	0.44527	0.44527	0	0	0	0	0.44527	0.44527	0	0	0	0	0.44527	0.44527	0	0	0	0
0	0	0	0	0	0	0	0	0	0	0	0	0	0	0	0	0	0	0	0	0	0	0	0	0	0	0	0	0	0	0	0	0	0	0	0	0	0	0	0	0	0	0	0	0	0	0	0	0	0	0	0	0	0	0	0	0	0	0	0	0	0	0	0	0	0	0	0	0	0	0	0	0.445228	0.445228	0	0	0	0	0	0	0	0	0	0	0	0	0.445228	0.445228	0	0	0	0	0	0	0	0	0	0.445228	0.445228	0	0	0	0	0	0	0	0.445228	0.445228	0	0	0	0	0.445228	0.445228	0	0	0	0	0	0	0	0.445228	0.445228	0	0	0	0	0	0	0	0	0	0.445228	0.445228	0	0	0	0	0	0	0	0	0	0	0	0	0	0.445228	0.445228	0	0	0	0	0	0	0	0	0	0	0	0	0	0	0	0	0.445228	0.445228	0	0	0	0	0	0	0.445228	0.445228	0	0	0	0	0	0	0	0.445228	0.445228	0	0	0	0	0	0.445228	0.445228	0	0	0	0	0	0.445228	0.445228	0	0	0	0	0	0	0	0	0.445228	0.445228	0	0	0	0	0	0	0.445228	0.445228	0	0	0	0.445228	0.445228	0	0	0	0	0	0.445228	0.445228	0	0	0	0	0.445228	0.445228	0	0	0	0	0.445228	0.445228	0	0	0	0	0.445228	0.445228	0	0	0	0	0.445228	0.445228	0	0	0	0
0	0	0	0	0	0	0	0	0	0	0	0	0	0	0	0	0	0	0	0	0	0	0	0	0	0	0	0	0	0	0	0	0	0	0	0	0	0	0	0	0	0	0	0	0	0	0	0	0	0	0	0	0	0	0	0	0	0	0	0	0	0	0	0	0	0	0	0	0	0	0	0	0.445187	0.445187	0	0	0	0	0	0	0	0	0	0	0	0	0.445187	0.445187	0	0	0	0	0	0	0	0	0	0.445187	0.445187	0	0	0	0	0	0	0	0.445187	0.445187	0	0	0	0	0.445187	0.445187	0	0	0	0	0	0	0	0.445187	0.445187	0	0	0	0	0	0	0	0	0	0.445187	0.445187	0	0	0	0	0	0	0	0	0	0	0	0	0	0.445187	0.445187	0	0	0	0	0	0	0	0	0	0	0	0	0	0	0	0	0.445187	0.445187	0	0	0	0	0	0	0.445187	0.445187	0	0	0	0	0	0	0	0.445187	0.445187	0	0	0	0	0	0.445187	0.445187	0	0	0	0	0	0.445187	0.445187	0	0	0	0	0	0	0	0	0.445187	0.445187	0	0	0	0	0	0	0.445187	0.445187	0	0	0	0.445187	0.445187	0	0	0	0	0	0.445187	0.445187	0	0	0	0	0.445187	0.445187	0	0	0	0	0.445187	0.445187	0	0	0	0	0.445187	0.445187	0	0	0	0	0.445187	0.445187	0	0	0	0
0	0	0	0	0	0	0	0	0	0	0	0	0	0	0	0	0	0	0	0	0	0	0	0	0	0	0	0	0	0	0	0	0	0	0	0	0	0	0	0	0	0	0	0	0	0	0	0	0	0	0	0	0	0	0	0	0	0	0	0	0	0	0	0	0	0	0	0	0	0	0	0	0.445145	0.445145	0	0	0	0	0	0	0	0	0	0	0	0	0.445145	0.445145	0	0	0	0	0	0	0	0	0	0.445145	0.445145	0	0	0	0	0	0	0	0.445145	0.445145	0	0	0	0	0.445145	0.445145	0	0	0	0	0	0	0	0.445145	0.445145	0	0	0	0	0	0	0	0	0	0.445145	0.445145	0	0	0	0	0	0	0	0	0	0	0	0	0	0.445145	0.445145	0	0	0	0	0	0	0	0	0	0	0	0	0	0	0	0	0.445145	0.445145	0	0	0	0	0	0	0.445145	0.445145	0	0	0	0	0	0	0	0.445145	0.445145	0	0	0	0	0	0.445145	0.445145	0	0	0	0	0	0.445145	0.445145	0	0	0	0	0	0	0	0	0.445145	0.445145	0	0	0	0	0	0	0.445145	0.445145	0	0	0	0.445145	0.445145	0	0	0	0	0	0.445145	0.445145	0	0	0	0	0.445145	0.445145	0	0	0	0	0.445145	0.445145	0	0	0	0	0.445145	0.445145	0	0	0	0	0.445145	0.445145	0	0	0	0
0	0	0	0	0	0	0	0	0	0	0	0	0	0	0	0	0	0	0	0	0	0	0	0	0	0	0	0	0	0	0	0	0	0	0	0	0	0	0	0	0	0	0	0	0	0	0	0	0	0	0	0	0	0	0	0	0	0	0	0	0	0	0	0	0	0	0	0	0	0	0	0	0.445104	0.445104	0	0	0	0	0	0	0	0	0	0	0	0	0.445104	0.445104	0	0	0	0	0	0	0	0	0	0.445104	0.445104	0	0	0	0	0	0	0	0.445104	0.445104	0	0	0	0	0.445104	0.445104	0	0	0	0	0	0	0	0.445104	0.445104	0	0	0	0	0	0	0	0	0	0.445104	0.445104	0	0	0	0	0	0	0	0	0	0	0	0	0	0.445104	0.445104	0	0	0	0	0	0	0	0	0	0	0	0	0	0	0	0	0.445104	0.445104	0	0	0	0	0	0	0.445104	0.445104	0	0	0	0	0	0	0	0.445104	0.445104	0	0	0	0	0	0.445104	0.445104	0	0	0	0	0	0.445104	0.445104	0	0	0	0	0	0	0	0	0.445104	0.445104	0	0	0	0	0	0	0.445104	0.445104	0	0	0	0.445104	0.445104	0	0	0	0	0	0.445104	0.445104	0	0	0	0	0.445104	0.445104	0	0	0	0	0.445104	0.445104	0	0	0	0	0.445104	0.445104	0	0	0	0	0.445104	0.445104	0	0	0	0
0	0	0	0	0	0	0	0	0	0	0	0	0	0	0	0	0	0	0	0	0	0	0	0	0	0	0	0	0	0	0	0	0	0	0	0	0	0	0	0	0	0	0	0	0	0	0	0	0	0	0	0	0	0	0	0	0	0	0	0	0	0	0	0	0	0	0	0	0	0	0	0	0.445055	0.445055	0	0	0	0	0	0	0	0	0	0	0.15736	0.351874	0.472069	0.351852	0	0	0	0	0	0.15736	0.351874	0.44509	0.44509	0.472069	0.351852	0	0	0	0.15736	0.351874	0.44509	0.44509	0.472069	0.351852	0	0	0	0.15736	0.497592	0.351852	0	0	0	0	0	0	0.15736	0.497592	0.351852	0	0	0	0	0	0	0	0.15736	0.351874	0.472069	0.351852	0	0	0	0	0	0	0	0	0.15736	0.351874	0.44509	0.44509	0.44509	0.472069	0.351852	0	0	0	0	0	0.15736	0.351874	0.44509	0.44509	0.44509	0.44509	0.44509	0.44509	0.44509	0.44509	0.44509	0.472069	0.497592	0.351874	0.44509	0.44509	0.44509	0.44509	0.44509	0.472069	0.497592	0.351874	0.44509	0.44509	0.44509	0.44509	0.44509	0.44509	0.629415	0.629415	0.44509	0.44509	0.44509	0.44509	0.44509	0.472069	0.351852	0.15736	0.351874	0.44509	0.44509	0.44509	0.472069	0.351852	0.15736	0.351874	0.44509	0.44509	0.44509	0.44509	0.44509	0.567372	0.802342	0.648796	0.44509	0.44509	0.567372	0.78678	0.890126	0.890126	0.847371	0.648796	0.44509	0.567372	0.78678	0.847371	0.648796	0.44509	0.44509	0.567372	0.78678	0.890126	0.847371	0.648796	0.567372	0.78678	0.890126	0.890126	0.847371	0.648796	0.44509	0.567372	0.78678	0.890126	0.847371	0.648796	0.44509	0.567372	0.78678	0.890126	0.847371	0.648796	0.44509	0.567372	0.78678	0.890126	0.847371	0.648796	0.44509	0.44509	0.567372	0.78678
0	0	0	0	0	0	0	0	0	0	0	0	0	0	0	0	0	0	0	0	0	0	0	0	0	0	0	0	0	0	0	0	0	0	0	0	0	0	0	0	0	0	0	0	0	0	0	0	0	0	0	0	0	0	0	0	0	0	0	0	0	0	0	0	0	0	0	0	0	0	0	0	0.445014	0.445014	0	0	0	0	0	0	0	0	0	0	0.35182	0.472025	0.351841	0.157345	0	0	0	0	0	0.35182	0.472025	0.445048	0.445048	0.351841	0.157345	0	0	0	0.35182	0.472025	0.445048	0.445048	0.351841	0.157345	0	0	0	0.35182	0.497546	0.157345	0	0	0	0	0	0	0.35182	0.497546	0.157345	0	0	0	0	0	0	0	0.35182	0.472025	0.351841	0.157345	0	0	0	0	0	0	0	0	0.35182	0.472025	0.445048	0.445048	0.445048	0.351841	0.157345	0	0	0	0	0	0.35182	0.472025	0.445048	0.445048	0.445048	0.445048	0.445048	0.445048	0.445048	0.445048	0.445048	0.351841	0.497546	0.472025	0.445048	0.445048	0.445048	0.445048	0.445048	0.351841	0.497546	0.472025	0.445048	0.445048	0.445048	0.445048	0.445048	0.445048	0.629356	0.629356	0.445048	0.445048	0.445048	0.445048	0.445048	0.351841	0.157345	0.35182	0.472025	0.445048	0.445048	0.445048	0.351841	0.157345	0.35182	0.472025	0.445048	0.445048	0.445048	0.445048	0.445048	0.648736	0.802267	0.567319	0.445048	0.445048	0.648736	0.847292	0.890043	0.890043	0.786707	0.567319	0.445048	0.648736	0.847292	0.786707	0.567319	0.445048	0.445048	0.648736	0.847292	0.890043	0.786707	0.567319	0.648736	0.847292	0.890043	0.890043	0.786707	0.567319	0.445048	0.648736	0.847292	0.890043	0.786707	0.567319	0.445048	0.648736	0.847292	0.890043	0.786707	0.567319	0.445048	0.648736	0.847292	0.890043	0.786707	0.567319	0.445048	0.445048	0.648736	0.847292
0	0	0	0	0	0	0	0	0	0	0	0	0	0	0	0	0	0	0	0	0	0	0	0	0	0	0	0	0	0	0	0	0	0	0	0	0	0	0	0	0	0	0	0	0	0	0	0	0	0	0	0	0	0	0	0	0	0	0	0	0	0	0	0	0	0	0	0	0	0	0	0	0.444972	0.444972	0	0	0	0	0	0	0	0	0	0	0.444972	0.444972	0	0	0	0	0	0	0	0.444972	0.444972	0	0	0	0	0	0	0	0.444972	0.444972	0	0	0	0	0	0	0	0.444972	0.444972	0	0	0	0	0	0	0	0.444972	0.444972	0	0	0	0	0	0	0	0	0.444972	0.444972	0	0	0	0	0	0	0	0	0	0	0.444972	0.444972	0	0	0	0	0	0	0	0	0	0	0.444972	0.444972	0	0	0	0	0	0	0	0	0	0	0.444972	0.444972	0	0	0	0	0	0	0.444972	0.444972	0	0	0	0	0	0	0.444972	0.444972	0	0	0	0	0	0	0	0.444972	0.444972	0	0	0	0	0	0.444972	0.444972	0	0	0	0	0	0.444972	0.444972	0	0	0	0.444972	0.444972	0	0	0	0	0	0.444972	0.444972	0	0	0	0	0.444972	0.444972	0	0	0	0.444972	0.444972	0	0	0	0	0	0.444972	0.444972	0	0	0	0	0.444972	0.444972	0	0	0	0	0.444972	0.444972	0	0	0	0	0	0.444972	0.444972
0	0	0	0	0	0	0	0	0	0	0	0	0	0	0	0	0	0	0	0	0	0	0	0	0	0	0	0	0	0	0	0	0	0	0	0	0	0	0	0	0	0	0	0	0	0	0	0	0	0	0	0	0	0	0	0	0	0	0	0	0	0	0	0	0	0	0	0	0	0	0	0	0.444931	0.444931	0	0	0	0	0	0	0	0	0	0	0.444931	0.444931	0	0	0	0	0	0	0	0.444931	0.444931	0	0	0	0	0	0	0	0.444931	0.444931	0	0	0	0	0	0	0	0.444931	0.444931	0	0	0	0	0	0	0	0.444931	0.444931	0	0	0	0	0	0	0	0	0.444931	0.444931	0	0	0	0	0	0	0	0	0	0	0.444931	0.444931	0	0	0	0	0	0	0	0	0	0	0.444931	0.444931	0	0	0	0	0	0	0	0	0	0	0.444931	0.444931	0	0	0	0	0	0	0.444931	0.444931	0	0	0	0	0	0	0.444931	0.444931	0	0	0	0	0	0	0	0.444931	0.444931	0	0	0	0	0	0.444931	0.444931	0	0	0	0	0	0.444931	0.444931	0	0	0	0.444931	0.444931	0	0	0	0	0	0.444931	0.444931	0	0	0	0	0.444931	0.444931	0	0	0	0.444931	0.444931	0	0	0	0	0	0.444931	0.444931	0	0	0	0	0.444931	0.444931	0	0	0	0	0.444931	0.444931	0	0	0	0	0	0.444931	0.444931
0	0	0	0	0	0	0	0	0	0	0	0	0	0	0	0	0	0	0	0	0	0	0	0	0	0	0	0	0	0	0	0	0	0	0	0	0	0	0	0	0	0	0	0	0	0	0	0	0	0	0	0	0	0	0	0	0	0	0	0	0	0	0	0	0	0	0	0	0	0	0	0	0.444889	0.444889	0	0	0	0	0	0	0	0	0	0	0.444889	0.444889	0	0	0	0	0	0	0	0.444889	0.444889	0	0	0	0	0	0	0	0.444889	0.444889	0	0	0	0	0	0	0	0.444889	0.444889	0	0	0	0	0	0	0	0.444889	0.444889	0	0	0	0	0	0	0	0	0.444889	0.444889	0	0	0	0	0	0	0	0	0	0	0.444889	0.444889	0	0	0	0	0	0	0	0	0	0	0.444889	0.444889	0	0	0	0	0	0	0	0	0	0	0.444889	0.444889	0	0	0	0	0	0	0.444889	0.444889	0	0	0	0	0	0	0.444889	0.444889	0	0	0	0	0	0	0	0.444889	0.444889	0	0	0	0	0	0.444889	0.444889	0	0	0	0	0	0.444889	0.444889	0	0	0	0.444889	0.444889	0	0	0	0	0	0.444889	0.444889	0	0	0	0	0.444889	0.444889	0	0	0	0.444889	0.444889	0	0	0	0	0	0.444889	0.444889	0	0	0	0	0.444889	0.444889	0	0	0	0	0.444889	0.444889	0	0	0	0	0	0.444889	0.444889
0	0	0	0	0	0	0	0	0	0	0	0	0	0	0	0	0	0	0	0	0	0	0	0	0	0	0	0	0	0	0	0	0	0	0	0	0	0	0	0	0	0	0	0	0	0	0	0	0	0	0	0	0	0	0	0	0	0	0	0	0	0	0	0	0	0	0	0	0	0	0	0	0.444848	0.444848	0	0	0	0	0	0	0	0	0	0	0.444848	0.444848	0	0	0	0	0	0	0	0.444848	0.444848	0	0	0	0	0	0	0	0.444848	0.444848	0	0	0	0	0	0	0	0.444848	0.444848	0	0	0	0	0	0	0	0.444848	0.444848	0	0	0	0	0	0	0	0	0.444848	0.444848	0	0	0	0	0	0	0	0	0	0	0.444848	0.444848	0	0	0	0	0	0	0	0	0	0	0.444848	0.444848	0	0	0	0	0	0	0	0	0	0	0.444848	0.444848	0	0	0	0	0	0	0.444848	0.444848	0	0	0	0	0	0	0.444848	0.444848	0	0	0	0	0	0	0	0.444848	0.444848	0	0	0	0	0	0.444848	0.444848	0	0	0	0	0	0.444848	0.444848	0	0	0	0.444848	0.444848	0	0	0	0	0	0.444848	0.444848	0	0	0	0	0.444848	0.444848	0	0	0	0.444848	0.444848	0	0	0	0	0	0.444848	0.444848	0	0	0	0	0.444848	0.444848	0	0	0	0	0.444848	0.444848	0	0	0	0	0	0.444848	0.444848
0	0	0	0	0	0	0	0	0	0	0	0	0	0	0	0	0	0	0	0	0	0	0	0	0	0	0	0	0	0	0	0	0	0	0	0	0	0	0	0	0	0	0	0	0	0	0	0	0	0	0	0	0	0	0	0	0	0	0	0	0	0	0	0	0	0	0	0	0	0	0	0	0.444806	0.444806	0	0	0	0	0	0	0	0	0	0	0.444806	0.444806	0	0	0	0	0	0	0	0.444806	0.444806	0	0	0	0	0	0	0	0.444806	0.444806	0	0	0	0	0	0	0	0.444806	0.444806	0	0	0	0	0	0	0	0.444806	0.444806	0	0	0	0	0	0	0	0	0.444806	0.444806	0	0	0	0	0	0	0	0	0	0	0.444806	0.444806	0	0	0	0	0	0	0	0	0	0	0.444806	0.444806	0	0	0	0	0	0	0	0	0	0	0.444806	0.444806	0	0	0	0	0	0	0.444806	0.444806	0	0	0	0	0	0	0.444806	0.444806	0	0	0	0	0	0	0	0.444806	0.444806	0	0	0	0	0	0.444806	0.444806	0	0	0	0	0	0.444806	0.444806	0	0	0	0.444806	0.444806	0	0	0	0	0	0.444806	0.444806	0	0	0	0	0.444806	0.444806	0	0	0	0.444806	0.444806	0	0	0	0	0	0.444806	0.444806	0	0	0	0	0.444806	0.444806	0	0	0	0	0.444806	0.444806	0	0	0	0	0	0.444806	0.444806
0	0	0	0	0	0	0	0	0	0	0	0	0	0	0	0	0	0	0	0	0	0	0	0	0	0	0	0	0	0	0	0	0	0	0	0	0	0	0	0	0	0	0	0	0	0	0	0	0	0	0	0	0	0	0	0	0	0	0	0	0	0	0	0	0	0	0	0	0	0	0	0	0.444758	0.444758	0	0	0	0	0	0	0	0	0	0	0.444758	0.444758	0	0	0	0	0	0	0	0.444758	0.444758	0	0	0	0	0	0	0	0.444758	0.444758	0	0	0	0	0	0	0	0.444758	0.444758	0	0	0	0	0	0	0	0.444758	0.444758	0	0	0	0	0	0	0	0	0.444758	0.444758	0	0	0	0	0	0	0	0	0	0	0.444758	0.444758	0	0	0	0	0	0	0	0	0	0	0.444758	0.444758	0	0	0	0	0	0	0	0	0	0	0.444758	0.444758	0	0	0	0	0	0	0.444758	0.444758	0	0	0	0	0	0	0.444758	0.444758	0	0	0	0	0	0	0	0.444758	0.444758	0	0	0	0	0	0.444758	0.444758	0	0	0	0	0	0.444758	0.444758	0	0	0	0.444758	0.444758	0	0	0	0	0	0.444758	0.444758	0	0	0	0	0.444758	0.444758	0	0	0	0.444758	0.444758	0	0	0	0	0	0.444758	0.444758	0	0	0	0	0.444758	0.444758	0	0	0	0	0.444758	0.444758	0	0	0	0	0	0.444758	0.444758
0	0	0	0	0	0	0	0	0	0	0	0	0	0	0	0	0	0	0	0	0	0	0	0	0	0	0	0	0	0	0	0	0	0	0	0	0	0	0	0	0	0	0	0	0	0	0	0	0	0	0	0	0	0	0	0	0	0	0	0	0	0	0	0	0	0	0	0	0	0	0	0	0.444717	0.444717	0	0	0	0	0	0	0	0	0	0	0.444717	0.444717	0	0	0	0	0	0	0	0.444717	0.444717	0	0	0	0	0	0	0	0.444717	0.444717	0	0	0	0	0	0	0	0.444717	0.444717	0	0	0	0	0	0	0	0.444717	0.444717	0	0	0	0	0	0	0	0	0.444717	0.444717	0	0	0	0	0	0	0	0	0	0	0.444717	0.444717	0	0	0	0	0	0	0	0	0	0	0.444717	0.444717	0	0	0	0	0	0	0	0	0	0	0.444717	0.444717	0	0	0	0	0	0	0.444717	0.444717	0	0	0	0	0	0	0.444717	0.444717	0	0	0	0	0	0	0	0.444717	0.444717	0	0	0	0	0	0.444717	0.444717	0	0	0	0	0	0.444717	0.444717	0	0	0	0.444717	0.444717	0	0	0	0	0	0.444717	0.444717	0	0	0	0	0.444717	0.444717	0	0	0	0.444717	0.444717	0	0	0	0	0	0.444717	0.444717	0	0	0	0	0.444717	0.444717	0	0	0	0	0.444717	0.444717	0	0	0	0	0	0.444717	0.444717
0	0	0	0	0	0	0	0	0	0	0	0	0	0	0	0	0	0	0	0	0	0	0	0	0	0	0	0	0	0	0	0	0	0	0	0	0	0	0	0	0	0	0	0	0	0	0	0	0	0	0	0	0	0	0	0	0	0	0	0	0	0	0	0	0	0	0	0	0	0	0	0	0.444675	0.444675	0	0	0	0	0	0	0	0	0	0	0.444675	0.444675	0	0	0	0	0	0	0	0.444675	0.444675	0	0	0	0	0	0	0	0.444675	0.444675	0	0	0	0	0	0	0	0.444675	0.444675	0	0	0	0	0	0	0	0.444675	0.444675	0	0	0	0	0	0	0	0	0.444675	0.444675	0	0	0	0	0	0	0	0	0	0	0.444675	0.444675	0	0	0	0	0	0	0	0	0	0	0.444675	0.444675	0	0	0	0	0	0	0	0	0	0	0.444675	0.444675	0	0	0	0	0	0	0.444675	0.444675	0	0	0	0	0	0	0.444675	0.444675	0	0	0	0	0	0	0	0.444675	0.444675	0	0	0	0	0	0.444675	0.444675	0	0	0	0	0	0.444675	0.444675	0	0	0	0.444675	0.444675	0	0	0	0	0	0.444675	0.444675	0	0	0	0	0.444675	0.444675	0	0	0	0.444675	0.444675	0	0	0	0	0	0.444675	0.444675	0	0	0	0	0.444675	0.444675	0	0	0	0	0.444675	0.444675	0	0	0	0	0	0.444675	0.444675
0	0	0	0	0	0	0	0	0	0	0	0	0	0	0	0	0	0	0	0	0	0	0	0	0	0	0	0	0	0	0	0	0	0	0	0	0	0	0	0	0	0	0	0	0	0	0	0	0	0	0	0	0	0	0	0	0	0	0	0	0	0	0	0	0	0	0	0	0	0	0	0	0.444634	0.444634	0	0	0	0	0	0	0	0	0	0	0.444634	0.444634	0	0	0	0	0	0	0	0.444634	0.444634	0	0	0	0	0	0	0	0.444634	0.444634	0	0	0	0	0	0	0	0.444634	0.444634	0	0	0	0	0	0	0	0.444634	0.444634	0	0	0	0	0	0	0	0	0.444634	0.444634	0	0	0	0	0	0	0	0	0	0	0.444634	0.444634	0	0	0	0	0	0	0	0	0	0	0.444634	0.444634	0	0	0	0	0	0	0	0	0	0	0.444634	0.444634	0	0	0	0	0	0	0.444634	0.444634	0	0	0	0	0	0	0.444634	0.444634	0	0	0	0	0	0	0	0.444634	0.444634	0	0	0	0	0	0.444634	0.444634	0	0	0	0	0	0.444634	0.444634	0	0	0	0.444634	0.444634	0	0	0	0	0	0.444634	0.444634	0	0	0	0	0.444634	0.444634	0	0	0	0.444634	0.444634	0	0	0	0	0	0.444634	0.444634	0	0	0	0	0.444634	0.444634	0	0	0	0	0.444634	0.444634	0	0	0	0	0	0.444634	0.444634
0	0	0	0	0	0	0	0	0	0	0	0	0	0	0	0	0	0	0	0	0	0	0	0	0	0	0	0	0	0	0	0	0	0	0	0	0	0	0	0	0	0	0	0	0	0	0	0	0	0	0	0	0	0	0	0	0	0	0	0	0	0	0	0	0	0	0	0	0	0	0	0	0.444592	0.444592	0	0	0	0	0	0	0	0	0	0	0.444592	0.444592	0	0	0	0	0	0	0	0.444592	0.444592	0	0	0	0	0	0	0	0.444592	0.444592	0	0	0	0	0	0	0	0.444592	0.444592	0	0	0	0	0	0	0	0.444592	0.444592	0	0	0	0	0	0	0	0	0.444592	0.444592	0	0	0	0	0	0	0	0	0	0	0.444592	0.444592	0	0	0	0	0	0	0	0	0	0	0.444592	0.444592	0	0	0	0	0	0	0	0	0	0	0.444592	0.444592	0	0	0	0	0	0	0.444592	0.444592	0	0	0	0	0	0	0.444592	0.444592	0	0	0	0	0	0	0	0.444592	0.444592	0	0	0	0	0	0.444592	0.444592	0	0	0	0	0	0.444592	0.444592	0	0	0	0.444592	0.444592	0	0	0	0	0	0.444592	0.444592	0	0	0	0	0.444592	0.444592	0	0	0	0.444592	0.444592	0	0	0	0	0	0.444592	0.444592	0	0	0	0	0.444592	0.444592	0	0	0	0	0.444592	0.444592	0	0	0	0	0	0.444592	0.444592
0	0	0	0	0	0	0	0	0	0	0	0	0	0	0	0	0	0	0	0	0	0	0	0	0	0	0	0	0	0	0	0	0	0	0	0	0	0	0	0	0	0	0	0	0	0	0	0	0	0	0	0	0	0	0	0	0	0	0	0	0	0	0	0	0	0	0	0	0	0	0	0	0.444551	0.444551	0	0	0	0	0	0	0	0	0	0	0.444551	0.444551	0	0	0	0	0	0	0	0.444551	0.444551	0	0	0	0	0	0	0	0.444551	0.444551	0	0	0	0	0	0	0	0.444551	0.444551	0	0	0	0	0	0	0	0.444551	0.444551	0	0	0	0	0	0	0	0	0.444551	0.444551	0	0	0	0	0	0	0	0	0	0	0.444551	0.444551	0	0	0	0	0	0	0	0	0	0	0.444551	0.444551	0	0	0	0	0	0	0	0	0	0	0.444551	0.444551	0	0	0	0	0	0	0.444551	0.444551	0	0	0	0	0	0	0.444551	0.444551	0	0	0	0	0	0	0	0.444551	0.444551	0	0	0	0	0	0.444551	0.444551	0	0	0	0	0	0.444551	0.444551	0	0	0	0.444551	0.444551	0	0	0	0	0	0.444551	0.444551	0	0	0	0	0.444551	0.444551	0	0	0	0.444551	0.444551	0	0	0	0	0	0.444551	0.444551	0	0	0	0	0.444551	0.444551	0	0	0	0	0.444551	0.444551	0	0	0	0	0	0.444551	0.444551
0	0	0	0	0	0	0	0	0	0	0	0	0	0	0	0	0	0	0	0	0	0	0	0	0	0	0	0	0	0	0	0	0	0	0	0	0	0	0	0	0	0	0	0	0	0	0	0	0	0	0	0	0	0	0	0	0	0	0	0	0	0	0	0	0	0	0	0	0	0	0	0	0.44451	0.44451	0	0	0	0	0	0	0	0	0	0	0.44451	0.44451	0	0	0	0	0	0	0	0.44451	0.44451	0	0	0	0	0	0	0	0.44451	0.44451	0	0	0	0	0	0	0	0.44451	0.44451	0	0	0	0	0	0	0	0.44451	0.44451	0	0	0	0	0	0	0	0	0.44451	0.44451	0	0	0	0	0	0	0	0	0	0	0.44451	0.44451	0	0	0	0	0	0	0	0	0	0	0.44451	0.44451	0	0	0	0	0	0	0	0	0	0	0.44451	0.44451	0	0	0	0	0	0	0.44451	0.44451	0	0	0	0	0	0	0.44451	0.44451	0	0	0	0	0	0	0	0.44451	0.44451	0	0	0	0	0	0.44451	0.44451	0	0	0	0	0	0.44451	0.44451	0	0	0	0.44451	0.44451	0	0	0	0	0	0.44451	0.44451	0	0	0	0	0.44451	0.44451	0	0	0	0.44451	0.44451	0	0	0	0	0	0.44451	0.44451	0	0	0	0	0.44451	0.44451	0	0	0	0	0.44451	0.44451	0	0	0	0	0	0.44451	0.44451
0	0	0	0	0	0	0	0	0	0	0	0	0	0	0	0	0	0	0	0	0	0	0	0	0	0	0	0	0	0	0	0	0	0	0	0	0	0	0	0	0	0	0	0	0	0	0	0	0	0	0	0	0	0	0	0	0	0	0	0	0	0	0	0	0	0	0	0	0	0	0	0	0.444461	0.444461	0	0	0	0	0	0	0	0	0	0	0.444461	0.444461	0	0	0	0	0	0	0	0.444461	0.444461	0	0	0	0	0	0	0	0.444461	0.444461	0	0	0	0	0	0	0	0.444461	0.444461	0	0	0	0	0	0	0	0.444461	0.444461	0	0	0	0	0	0	0	0	0.444461	0.444461	0	0	0	0	0	0	0	0	0	0	0.444461	0.444461	0	0	0	0	0	0	0	0	0	0	0.444461	0.444461	0	0	0	0	0	0	0	0	0	0	0.444461	0.444461	0	0	0	0	0	0	0.444461	0.444461	0	0	0	0	0	0	0.444461	0.444461	0	0	0	0	0	0	0	0.444461	0.444461	0	0	0	0	0	0.444461	0.444461	0	0	0	0	0	0.444461	0.444461	0	0	0	0.444461	0.444461	0	0	0	0	0	0.444461	0.444461	0	0	0	0	0.444461	0.444461	0	0	0	0.444461	0.444461	0	0	0	0	0	0.444461	0.444461	0	0	0	0	0.444461	0.444461	0	0	0	0	0.444461	0.444461	0	0	0	0	0	0.444461	0.444461
0	0	0	0	0	0	0	0	0	0	0	0	0	0	0	0	0	0	0	0	0	0	0	0	0	0	0	0	0	0	0	0	0	0	0	0	0	0	0	0	0	0	0	0	0	0	0	0	0	0	0	0	0	0	0	0	0	0	0	0	0	0	0	0	0	0	0	0	0	0	0	0.157135	0.496882	0.35135	0	0	0	0	0	0	0	0.157135	0.351372	0.444455	0.471396	0.35135	0	0	0	0	0	0.157135	0.351372	0.471396	0.35135	0	0	0.157135	0.351372	0.444455	0.444455	0.444455	0.471396	0.35135	0	0	0.157135	0.351372	0.444455	0.444455	0.444455	0.471396	0.35135	0	0	0	0	0	0.157135	0.351372	0.471396	0.35135	0	0	0	0	0	0.157135	0.351372	0.444455	0.471396	0.35135	0	0	0	0	0	0	0	0.157135	0.351372	0.444455	0.471396	0.35135	0	0	0	0	0	0	0	0.157135	0.351372	0.444455	0.471396	0.35135	0	0	0	0.157135	0.351372	0.444455	0.444455	0.444455	0.444455	0.444455	0.471396	0.35135	0.157135	0.351372	0.444455	0.444455	0.444455	0.444455	0.471396	0.496882	0.351372	0.444455	0.444455	0.444455	0.444455	0.444455	0.471396	0.496882	0.351372	0.444455	0.444455	0.444455	0.444455	0.444455	0.444455	0.471396	0.496882	0.351372	0.444455	0.444455	0.444455	0.444455	0.471396	0.35135	0.157135	0.351372	0.444455	0.444455	0.444455	0.471396	0.496882	0.351372	0.444455	0.444455	0.471396	0.35135	0.157135	0.351372	0.444455	0.444455	0.444455	0.471396	0.496882	0.351372	0.444455	0.444455	0.444455	0.471396	0.496882	0.351372	0.444455	0.444455	0.471396	0.35135	0.157135	0.351372	0.444455	0.444455	0.444455	0.471396	0.496882	0.351372	0.444455	0.444455	0.444455	0.471396	0.496882	0.351372	0.444455	0.444455	0.444455	0.471396	0.35135	0.157135	0.351372	0.444455	0.444455	0.444455	0.471396	0.35135
0	0	0	0	0	0	0	0	0	0	0	0	0	0	0	0	0	0	0	0	0	0	0	0	0	0	0	0	0	0	0	0	0	0	0	0	0	0	0	0	0	0	0	0	0	0	0	0	0	0	0	0	0	0	0	0	0	0	0	0	0	0	0	0	0	0	0	0	0	0	0	0.351318	0.496836	0.15712	0	0	0	0	0	0	0	0.351318	0.471352	0.444413	0.351339	0.15712	0	0	0	0	0	0.351318	0.471352	0.351339	0.15712	0	0	0.351318	0.471352	0.444413	0.444413	0.444413	0.351339	0.15712	0	0	0.351318	0.471352	0.444413	0.444413	0.444413	0.351339	0.15712	0	0	0	0	0	0.351318	0.471352	0.351339	0.15712	0	0	0	0	0	0.351318	0.471352	0.444413	0.351339	0.15712	0	0	0	0	0	0	0	0.351318	0.471352	0.444413	0.351339	0.15712	0	0	0	0	0	0	0	0.351318	0.471352	0.444413	0.351339	0.15712	0	0	0	0.351318	0.471352	0.444413	0.444413	0.444413	0.444413	0.444413	0.351339	0.15712	0.351318	0.471352	0.444413	0.444413	0.444413	0.444413	0.351339	0.496836	0.471352	0.444413	0.444413	0.444413	0.444413	0.444413	0.351339	0.496836	0.471352	0.444413	0.444413	0.444413	0.444413	0.444413	0.444413	0.351339	0.496836	0.471352	0.444413	0.444413	0.444413	0.444413	0.351339	0.15712	0.351318	0.471352	0.444413	0.444413	0.444413	0.351339	0.496836	0.471352	0.444413	0.444413	0.351339	0.15712	0.351318	0.471352	0.444413	0.444413	0.444413	0.351339	0.496836	0.471352	0.444413	0.444413	0.444413	0.351339	0.496836	0.471352	0.444413	0.444413	0.351339	0.15712	0.351318	0.471352	0.444413	0.444413	0.444413	0.351339	0.496836	0.471352	0.444413	0.444413	0.444413	0.351339	0.496836	0.471352	0.444413	0.444413	0.444413	0.351339	0.15712	0.351318	0.471352	0.444413	0.444413	0.444413	0.351339	0.15712
0	0	0	0	0	0	0	0	0	0	0	0	0	0	0	0	0	0	0	0	0	0	0	0	0	0	0	0	0	0	0	0	0	0	0	0	0	0	0	0	0	0	0	0	0	0	0	0	0	0	0	0	0	0	0	0	0	0	0	0	0	0	0	0	0	0	0	0	0	0	0	0.444337	0.444337	0	0	0	0	0	0	0	0	0.444337	0.444337	0	0	0	0	0	0	0	0	0.444337	0.444337	0	0	0	0	0.444337	0.444337	0	0	0	0	0	0	0	0.444337	0.444337	0	0	0	0	0	0	0	0	0	0	0.444337	0.444337	0	0	0	0	0	0	0	0.444337	0.444337	0	0	0	0	0	0	0	0	0	0	0.444337	0.444337	0	0	0	0	0	0	0	0	0	0	0.444337	0.444337	0	0	0	0	0	0	0.444337	0.444337	0	0	0	0	0	0	0	0.444337	0.444337	0	0	0	0	0	0.444337	0.444337	0	0	0	0	0	0	0.444337	0.444337	0	0	0	0	0	0	0	0.444337	0.444337	0	0	0	0	0	0	0.444337	0.444337	0	0	0	0	0.444337	0.444337	0	0	0	0	0.444337	0.444337	0	0	0	0	0.444337	0.444337	0	0	0	0	0.444337	0.444337	0	0	0	0	0.444337	0.444337	0	0	0	0	0.444337	0.444337	0	0	0	0	0.444337	0.444337	0	0	0	0	0	0.444337	0.444337	0	0	0	0	0
0	0	0	0	0	0	0	0	0	0	0	0	0	0	0	0	0	0	0	0	0	0	0	0	0	0	0	0	0	0	0	0	0	0	0	0	0	0	0	0	0	0	0	0	0	0	0	0	0	0	0	0	0	0	0	0	0	0	0	0	0	0	0	0	0	0	0	0	0	0	0	0.444296	0.444296	0	0	0	0	0	0	0	0	0.444296	0.444296	0	0	0	0	0	0	0	0	0.444296	0.444296	0	0	0	0	0.444296	0.444296	0	0	0	0	0	0	0	0.444296	0.444296	0	0	0	0	0	0	0	0	0	0	0.444296	0.444296	0	0	0	0	0	0	0	0.444296	0.444296	0	0	0	0	0	0	0	0	0	0	0.444296	0.444296	0	0	0	0	0	0	0	0	0	0	0.444296	0.444296	0	0	0	0	0	0	0.444296	0.444296	0	0	0	0	0	0	0	0.444296	0.444296	0	0	0	0	0	0.444296	0.444296	0	0	0	0	0	0	0.444296	0.444296	0	0	0	0	0	0	0	0.444296	0.444296	0	0	0	0	0	0	0.444296	0.444296	0	0	0	0	0.444296	0.444296	0	0	0	0	0.444296	0.444296	0	0	0	0	0.444296	0.444296	0	0	0	0	0.444296	0.444296	0	0	0	0	0.444296	0.444296	0	0	0	0	0.444296	0.444296	0	0	0	0	0.444296	0.444296	0	0	0	0	0	0.444296	0.444296	0	0	0	0	0
0	0	0	0	0	0	0	0	0	0	0	0	0	0	0	0	0	0	0	0	0	0	0	0	0	0	0	0	0	0	0	0	0	0	0	0	0	0	0	0	0	0	0	0	0	0	0	0	0	0	0	0	0	0	0	0	0	0	0	0	0	0	0	0	0	0	0	0	0	0	0	0.444255	0.444255	0	0	0	0	0	0	0	0	0.444255	0.444255	0	0	0	0	0	0	0	0	0.444255	0.444255	0	0	0	0	0.444255	0.444255	0	0	0	0	0	0	0	0.444255	0.444255	0	0	0	0	0	0	0	0	0	0	0.444255	0.444255	0	0	0	0	0	0	0	0.444255	0.444255	0	0	0	0	0	0	0	0	0	0	0.444255	0.444255	0	0	0	0	0	0	0	0	0	0	0.444255	0.444255	0	0	0	0	0	0	0.444255	0.444255	0	0	0	0	0	0	0	0.444255	0.444255	0	0	0	0	0	0.444255	0.444255	0	0	0	0	0	0	0.444255	0.444255	0	0	0	0	0	0	0	0.444255	0.444255	0	0	0	0	0	0	0.444255	0.444255	0	0	0	0	0.444255	0.444255	0	0	0	0	0.444255	0.444255	0	0	0	0	0.444255	0.444255	0	0	0	0	0.444255	0.444255	0	0	0	0	0.444255	0.444255	0	0	0	0	0.444255	0.444255	0	0	0	0	0.444255	0.444255	0	0	0	0	0	0.444255	0.444255	0	0	0	0	0
0	0	0	0	0	0	0	0	0	0	0	0	0	0	0	0	0	0	0	0	0	0	0	0	0	0	0	0	0	0	0	0	0	0	0	0	0	0	0	0	0	0	0	0	0	0	0	0	0	0	0	0	0	0	0	0	0	0	0	0	0	0	0	0	0	0	0	0	0	0	0	0.444213	0.444213	0	0	0	0	0	0	0	0	0.444213	0.444213	0	0	0	0	0	0	0	0	0.444213	0.444213	0	0	0	0	0.444213	0.444213	0	0	0	0	0	0	0	0.444213	0.444213	0	0	0	0	0	0	0	0	0	0	0.444213	0.444213	0	0	0	0	0	0	0	0.444213	0.444213	0	0	0	0	0	0	0	0	0	0	0.444213	0.444213	0	0	0	0	0	0	0	0	0	0	0.444213	0.444213	0	0	0	0	0	0	0.444213	0.444213	0	0	0	0	0	0	0	0.444213	0.444213	0	0	0	0	0	0.444213	0.444213	0	0	0	0	0	0	0.444213	0.444213	0	0	0	0	0	0	0	0.444213	0.444213	0	0	0	0	0	0	0.444213	0.444213	0	0	0	0	0.444213	0.444213	0	0	0	0	0.444213	0.444213	0	0	0	0	0.444213	0.444213	0	0	0	0	0.444213	0.444213	0	0	0	0	0.444213	0.444213	0	0	0	0	0.444213	0.444213	0	0	0	0	0.444213	0.444213	0	0	0	0	0	0.444213	0.444213	0	0	0	0	0
0	0	0	0	0	0	0	0	0	0	0	0	0	0	0	0	0	0	0	0	0	0	0	0	0	0	0	0	0	0	0	0	0	0	0	0	0	0	0	0	0	0	0	0	0	0	0	0	0	0	0	0	0	0	0	0	0	0	0	0	0	0	0	0	0	0	0	0	0	0	0	0.444165	0.444165	0	0	0	0	0	0	0	0	0.444165	0.444165	0	0	0	0	0	0	0	0	0.444165	0.444165	0	0	0	0	0.444165	0.444165	0	0	0	0	0	0	0	0.444165	0.444165	0	0	0	0	0	0	0	0	0	0	0.444165	0.444165	0	0	0	0	0	0	0	0.444165	0.444165	0	0	0	0	0	0	0	0	0	0	0.444165	0.444165	0	0	0	0	0	0	0	0	0	0	0.444165	0.444165	0	0	0	0	0	0	0.444165	0.444165	0	0	0	0	0	0	0	0.444165	0.444165	0	0	0	0	0	0.444165	0.444165	0	0	0	0	0	0	0.444165	0.444165	0	0	0	0	0	0	0	0.444165	0.444165	0	0	0	0	0	0	0.444165	0.444165	0	0	0	0	0.444165	0.444165	0	0	0	0	0.444165	0.444165	0	0	0	0	0.444165	0.444165	0	0	0	0	0.444165	0.444165	0	0	0	0	0.444165	0.444165	0	0	0	0	0.444165	0.444165	0	0	0	0	0.444165	0.444165	0	0	0	0	0	0.444165	0.444165	0	0	0	0	0
0	0	0	0	0	0	0	0	0	0	0	0	0	0	0	0	0	0	0	0	0	0	0	0	0	0	0	0	0	0	0	0	0	0	0	0	0	0	0	0	0	0	0	0	0	0	0	0	0	0	0	0	0	0	0	0	0	0	0	0	0	0	0	0	0	0	0	0	0	0	0	0.444124	0.444124	0	0	0	0	0	0	0	0	0.444124	0.444124	0	0	0	0	0	0	0	0	0.444124	0.444124	0	0	0	0	0.444124	0.444124	0	0	0	0	0	0	0	0.444124	0.444124	0	0	0	0	0	0	0	0	0	0	0.444124	0.444124	0	0	0	0	0	0	0	0.444124	0.444124	0	0	0	0	0	0	0	0	0	0	0.444124	0.444124	0	0	0	0	0	0	0	0	0	0	0.444124	0.444124	0	0	0	0	0	0	0.444124	0.444124	0	0	0	0	0	0	0	0.444124	0.444124	0	0	0	0	0	0.444124	0.444124	0	0	0	0	0	0	0.444124	0.444124	0	0	0	0	0	0	0	0.444124	0.444124	0	0	0	0	0	0	0.444124	0.444124	0	0	0	0	0.444124	0.444124	0	0	0	0	0.444124	0.444124	0	0	0	0	0.444124	0.444124	0	0	0	0	0.444124	0.444124	0	0	0	0	0.444124	0.444124	0	0	0	0	0.444124	0.444124	0	0	0	0	0.444124	0.444124	0	0	0	0	0	0.444124	0.444124	0	0	0	0	0
0	0	0	0	0	0	0	0	0	0	0	0	0	0	0	0	0	0	0	0	0	0	0	0	0	0	0	0	0	0	0	0	0	0	0	0	0	0	0	0	0	0	0	0	0	0	0	0	0	0	0	0	0	0	0	0	0	0	0	0	0	0	0	0	0	0	0	0	0	0	0	0.444082	0.444082	0	0	0	0	0	0	0	0	0.444082	0.444082	0	0	0	0	0	0	0	0	0.444082	0.444082	0	0	0	0	0.444082	0.444082	0	0	0	0	0	0	0	0.444082	0.444082	0	0	0	0	0	0	0	0	0	0	0.444082	0.444082	0	0	0	0	0	0	0	0.444082	0.444082	0	0	0	0	0	0	0	0	0	0	0.444082	0.444082	0	0	0	0	0	0	0	0	0	0	0.444082	0.444082	0	0	0	0	0	0	0.444082	0.444082	0	0	0	0	0	0	0	0.444082	0.444082	0	0	0	0	0	0.444082	0.444082	0	0	0	0	0	0	0.444082	0.444082	0	0	0	0	0	0	0	0.444082	0.444082	0	0	0	0	0	0	0.444082	0.444082	0	0	0	0	0.444082	0.444082	0	0	0	0	0.444082	0.444082	0	0	0	0	0.444082	0.444082	0	0	0	0	0.444082	0.444082	0	0	0	0	0.444082	0.444082	0	0	0	0	0.444082	0.444082	0	0	0	0	0.444082	0.444082	0	0	0	0	0	0.444082	0.444082	0	0	0	0	0
0	0	0	0	0	0	0	0	0	0	0	0	0	0	0	0	0	0	0	0	0	0	0	0	0	0	0	0	0	0	0	0	0	0	0	0	0	0	0	0	0	0	0	0	0	0	0	0	0	0	0	0	0	0	0	0	0	0	0	0	0	0	0	0	0	0	0	0	0	0	0	0.444041	0.444041	0	0	0	0	0	0	0	0	0.444041	0.444041	0	0	0	0	0	0	0	0	0.444041	0.444041	0	0	0	0	0.444041	0.444041	0	0	0	0	0	0	0	0.444041	0.444041	0	0	0	0	0	0	0	0	0	0	0.444041	0.444041	0	0	0	0	0	0	0	0.444041	0.444041	0	0	0	0	0	0	0	0	0	0	0.444041	0.444041	0	0	0	0	0	0	0	0	0	0	0.444041	0.444041	0	0	0	0	0	0	0.444041	0.444041	0	0	0	0	0	0	0	0.444041	0.444041	0	0	0	0	0	0.444041	0.444041	0	0	0	0	0	0	0.444041	0.444041	0	0	0	0	0	0	0	0.444041	0.444041	0	0	0	0	0	0	0.444041	0.444041	0	0	0	0	0.444041	0.444041	0	0	0	0	0.444041	0.444041	0	0	0	0	0.444041	0.444041	0	0	0	0	0.444041	0.444041	0	0	0	0	0.444041	0.444041	0	0	0	0	0.444041	0.444041	0	0	0	0	0.444041	0.444041	0	0	0	0	0	0.444041	0.444041	0	0	0	0	0
0	0	0	0	0	0	0	0	0	0	0	0	0	0	0	0	0	0	0	0	0	0	0	0	0	0	0	0	0	0	0	0	0	0	0	0	0	0	0	0	0	0	0	0	0	0	0	0	0	0	0	0	0	0	0	0	0	0	0	0	0	0	0	0	0	0	0	0	0	0	0	0.444	0.444	0	0	0	0	0	0	0	0	0.444	0.444	0	0	0	0	0	0	0	0	0.444	0.444	0	0	0	0	0.444	0.444	0	0	0	0	0	0	0	0.444	0.444	0	0	0	0	0	0	0	0	0	0	0.444	0.444	0	0	0	0	0	0	0	0.444	0.444	0	0	0	0	0	0	0	0	0	0	0.444	0.444	0	0	0	0	0	0	0	0	0	0	0.444	0.444	0	0	0	0	0	0	0.444	0.444	0	0	0	0	0	0	0	0.444	0.444	0	0	0	0	0	0.444	0.444	0	0	0	0	0	0	0.444	0.444	0	0	0	0	0	0	0	0.444	0.444	0	0	0	0	0	0	0.444	0.444	0	0	0	0	0.444	0.444	0	0	0	0	0.444	0.444	0	0	0	0	0.444	0.444	0	0	0	0	0.444	0.444	0	0	0	0	0.444	0.444	0	0	0	0	0.444	0.444	0	0	0	0	0.444	0.444	0	0	0	0	0	0.444	0.444	0	0	0	0	0
0	0	0	0	0	0	0	0	0	0	0	0	0	0	0	0	0	0	0	0	0	0	0	0	0	0	0	0	0	0	0	0	0	0	0	0	0	0	0	0	0	0	0	0	0	0	0	0	0	0	0	0	0	0	0	0	0	0	0	0	0	0	0	0	0	0	0	0	0	0	0	0.443959	0.443959	0	0	0	0	0	0	0	0	0.443959	0.443959	0	0	0	0	0	0	0	0	0.443959	0.443959	0	0	0	0	0.443959	0.443959	0	0	0	0	0	0	0	0.443959	0.443959	0	0	0	0	0	0	0	0	0	0	0.443959	0.443959	0	0	0	0	0	0	0	0.443959	0.443959	0	0	0	0	0	0	0	0	0	0	0.443959	0.443959	0	0	0	0	0	0	0	0	0	0	0.443959	0.443959	0	0	0	0	0	0	0.443959	0.443959	0	0	0	0	0	0	0	0.443959	0.443959	0	0	0	0	0	0.443959	0.443959	0	0	0	0	0	0	0.443959	0.443959	0	0	0	0	0	0	0	0.443959	0.443959	0	0	0	0	0	0	0.443959	0.443959	0	0	0	0	0.443959	0.443959	0	0	0	0	0.443959	0.443959	0	0	0	0	0.443959	0.443959	0	0	0	0	0.443959	0.443959	0	0	0	0	0.443959	0.443959	0	0	0	0	0.443959	0.443959	0	0	0	0	0.443959	0.443959	0	0	0	0	0	0.443959	0.443959	0	0	0	0	0
0	0	0	0	0	0	0	0	0	0	0	0	0	0	0	0	0	0	0	0	0	0	0	0	0	0	0	0	0	0	0	0	0	0	0	0	0	0	0	0	0	0	0	0	0	0	0	0	0	0	0	0	0	0	0	0	0	0	0	0	0	0	0	0	0	0	0	0	0	0	0	0.44391	0.44391	0	0	0	0	0	0	0	0	0.44391	0.44391	0	0	0	0	0	0	0	0	0.44391	0.44391	0	0	0	0	0.44391	0.44391	0	0	0	0	0	0	0	0.44391	0.44391	0	0	0	0	0	0	0	0	0	0	0.44391	0.44391	0	0	0	0	0	0	0	0.44391	0.44391	0	0	0	0	0	0	0	0	0	0	0.44391	0.44391	0	0	0	0	0	0	0	0	0	0	0.44391	0.44391	0	0	0	0	0	0	0.44391	0.44391	0	0	0	0	0	0	0	0.44391	0.44391	0	0	0	0	0	0.44391	0.44391	0	0	0	0	0	0	0.44391	0.44391	0	0	0	0	0	0	0	0.44391	0.44391	0	0	0	0	0	0	0.44391	0.44391	0	0	0	0	0.44391	0.44391	0	0	0	0	0.44391	0.44391	0	0	0	0	0.44391	0.44391	0	0	0	0	0.44391	0.44391	0	0	0	0	0.44391	0.44391	0	0	0	0	0.44391	0.44391	0	0	0	0	0.44391	0.44391	0	0	0	0	0	0.44391	0.44391	0	0	0	0	0
0	0	0	0	0	0	0	0	0	0	0	0	0	0	0	0	0	0	0	0	0	0	0	0	0	0	0	0	0	0	0	0	0	0	0	0	0	0	0	0	0	0	0	0	0	0	0	0	0	0	0	0	0	0	0	0	0	0	0	0	0	0	0	0	0	0	0	0	0	0	0	0.443869	0.443869	0	0	0	0	0	0	0	0	0.443869	0.443869	0	0	0	0	0	0	0	0	0.443869	0.443869	0	0	0	0	0.443869	0.443869	0	0	0	0	0	0	0	0.443869	0.443869	0	0	0	0	0	0	0	0	0	0	0.443869	0.443869	0	0	0	0	0	0	0	0.443869	0.443869	0	0	0	0	0	0	0	0	0	0	0.443869	0.443869	0	0	0	0	0	0	0	0	0	0	0.443869	0.443869	0	0	0	0	0	0	0.443869	0.443869	0	0	0	0	0	0	0	0.443869	0.443869	0	0	0	0	0	0.443869	0.443869	0	0	0	0	0	0	0.443869	0.443869	0	0	0	0	0	0	0	0.443869	0.443869	0	0	0	0	0	0	0.443869	0.443869	0	0	0	0	0.443869	0.443869	0	0	0	0	0.443869	0.443869	0	0	0	0	0.443869	0.443869	0	0	0	0	0.443869	0.443869	0	0	0	0	0.443869	0.443869	0	0	0	0	0.443869	0.443869	0	0	0	0	0.443869	0.443869	0	0	0	0	0	0.443869	0.443869	0	0	0	0	0
0	0	0	0	0	0	0	0	0	0	0	0	0	0	0	0	0	0	0	0	0	0	0	0	0	0	0	0	0	0	0	0	0	0	0	0	0	0	0	0	0	0	0	0	0	0	0	0	0	0	0	0	0	0	0	0	0	0	0	0	0	0	0	0	0	0	0	0	0	0	0	0.443828	0.443828	0	0	0	0	0	0	0	0	0.443828	0.443828	0	0	0	0	0	0	0	0	0.443828	0.443828	0	0	0	0	0.443828	0.443828	0	0	0	0	0	0	0	0.443828	0.443828	0	0	0	0	0	0	0	0	0	0	0.443828	0.443828	0	0	0	0	0	0	0	0.443828	0.443828	0	0	0	0	0	0	0	0	0	0	0.443828	0.443828	0	0	0	0	0	0	0	0	0	0	0.443828	0.443828	0	0	0	0	0	0	0.443828	0.443828	0	0	0	0	0	0	0	0.443828	0.443828	0	0	0	0	0	0.443828	0.443828	0	0	0	0	0	0	0.443828	0.443828	0	0	0	0	0	0	0	0.443828	0.443828	0	0	0	0	0	0	0.443828	0.443828	0	0	0	0	0.443828	0.443828	0	0	0	0	0.443828	0.443828	0	0	0	0	0.443828	0.443828	0	0	0	0	0.443828	0.443828	0	0	0	0	0.443828	0.443828	0	0	0	0	0.443828	0.443828	0	0	0	0	0.443828	0.443828	0	0	0	0	0	0.443828	0.443828	0	0	0	0	0
0	0	0	0	0	0	0	0	0	0	0	0	0	0	0	0	0	0	0	0	0	0	0	0	0	0	0	0	0	0	0	0	0	0	0	0	0	0	0	0	0	0	0	0	0	0	0	0	0	0	0	0	0	0	0	0	0	0	0	0	0	0	0	0	0	0	0	0	0.156911	0.350871	0.443821	0.470724	0.35085	0	0	0	0	0	0	0	0.156911	0.496174	0.35085	0	0	0	0	0	0.156911	0.350871	0.443821	0.470724	0.35085	0	0	0.156911	0.350871	0.470724	0.35085	0	0	0	0	0	0.156911	0.350871	0.470724	0.35085	0	0	0	0	0.156911	0.350871	0.443821	0.443821	0.443821	0.443821	0.470724	0.35085	0.156911	0.350871	0.443821	0.443821	0.443821	0.443821	0.443821	0.470724	0.35085	0.156911	0.350871	0.443821	0.443821	0.443821	0.443821	0.443821	0.443821	0.443821	0.443821	0.470724	0.35085	0.156911	0.350871	0.443821	0.443821	0.443821	0.443821	0.443821	0.443821	0.443821	0.443821	0.470724	0.35085	0.156911	0.350871	0.443821	0.443821	0.443821	0.443821	0.470724	0.496174	0.350871	0.443821	0.443821	0.443821	0.443821	0.443821	0.443821	0.470724	0.496174	0.350871	0.443821	0.443821	0.443821	0.443821	0.470724	0.35085	0.156911	0.350871	0.443821	0.443821	0.443821	0.443821	0.470724	0.35085	0.156911	0.350871	0.443821	0.443821	0.443821	0.443821	0.565754	0.800055	0.646947	0.443821	0.443821	0.565754	0.784538	0.887589	0.887589	0.844956	0.646947	0.443821	0.565754	0.784538	0.887589	0.844956	0.646947	0.443821	0.565754	0.784538	0.887589	0.844956	0.646947	0.443821	0.565754	0.784538	0.887589	0.844956	0.646947	0.443821	0.565754	0.784538	0.887589	0.844956	0.646947	0.443821	0.443821	0.565754	0.784538	0.844956	0.646947	0.443821	0.565754	0.784538	0.887589	0.844956	0.646947	0.443821	0.443821	0.443821	0.565754	0.800055	0.646947	0.443821	0.443821	0.443821	0.443821	0.443821	0.627621	0.627621	0.443821	0.443821	0.443821	0.565754	0.784538
0	0	0	0	0	0	0	0	0	0	0	0	0	0	0	0	0	0	0	0	0	0	0	0	0	0	0	0	0	0	0	0	0	0	0	0	0	0	0	0	0	0	0	0	0	0	0	0	0	0	0	0	0	0	0	0	0	0	0	0	0	0	0	0	0	0	0	0	0.350817	0.47068	0.44378	0.350839	0.156897	0	0	0	0	0	0	0	0.350817	0.496128	0.156897	0	0	0	0	0	0.350817	0.47068	0.44378	0.350839	0.156897	0	0	0.350817	0.47068	0.350839	0.156897	0	0	0	0	0	0.350817	0.47068	0.350839	0.156897	0	0	0	0	0.350817	0.47068	0.44378	0.44378	0.44378	0.44378	0.350839	0.156897	0.350817	0.47068	0.44378	0.44378	0.44378	0.44378	0.44378	0.350839	0.156897	0.350817	0.47068	0.44378	0.44378	0.44378	0.44378	0.44378	0.44378	0.44378	0.44378	0.350839	0.156897	0.350817	0.47068	0.44378	0.44378	0.44378	0.44378	0.44378	0.44378	0.44378	0.44378	0.350839	0.156897	0.350817	0.47068	0.44378	0.44378	0.44378	0.44378	0.350839	0.496128	0.47068	0.44378	0.44378	0.44378	0.44378	0.44378	0.44378	0.350839	0.496128	0.47068	0.44378	0.44378	0.44378	0.44378	0.350839	0.156897	0.350817	0.47068	0.44378	0.44378	0.44378	0.44378	0.350839	0.156897	0.350817	0.47068	0.44378	0.44378	0.44378	0.44378	0.646887	0.79998	0.565702	0.44378	0.44378	0.646887	0.844877	0.887506	0.887506	0.784465	0.565702	0.44378	0.646887	0.844877	0.887506	0.784465	0.565702	0.44378	0.646887	0.844877	0.887506	0.784465	0.565702	0.44378	0.646887	0.844877	0.887506	0.784465	0.565702	0.44378	0.646887	0.844877	0.887506	0.784465	0.565702	0.44378	0.44378	0.646887	0.844877	0.784465	0.565702	0.44378	0.646887	0.844877	0.887506	0.784465	0.565702	0.44378	0.44378	0.44378	0.646887	0.79998	0.565702	0.44378	0.44378	0.44378	0.44378	0.44378	0.627563	0.627563	0.44378	0.44378	0.44378	0.646887	0.844877
0	0	0	0	0	0	0	0	0	0	0	0	0	0	0	0	0	0	0	0	0	0	0	0	0	0	0	0	0	0	0	0	0	0	0	0	0	0	0	0	0	0	0	0	0	0	0	0	0	0	0	0	0	0	0	0	0	0	0	0	0	0	0	0	0	0	0	0	0.443704	0.443704	0	0	0	0	0	0	0	0	0	0	0.443704	0.443704	0	0	0	0	0	0	0.443704	0.443704	0	0	0	0	0	0.443704	0.443704	0	0	0	0	0	0	0	0.443704	0.443704	0	0	0	0	0	0	0.443704	0.443704	0	0	0	0	0	0	0.443704	0.443704	0	0	0	0	0	0	0	0.443704	0.443704	0	0	0	0	0	0	0	0	0	0	0.443704	0.443704	0	0	0	0	0	0	0	0	0	0	0.443704	0.443704	0	0	0	0	0	0.443704	0.443704	0	0	0	0	0	0	0	0.443704	0.443704	0	0	0	0	0	0	0.443704	0.443704	0	0	0	0	0	0	0.443704	0.443704	0	0	0	0	0.443704	0.443704	0	0	0	0.443704	0.443704	0	0	0	0	0	0.443704	0.443704	0	0	0	0	0.443704	0.443704	0	0	0	0	0.443704	0.443704	0	0	0	0	0.443704	0.443704	0	0	0	0	0	0.443704	0.443704	0	0	0	0.443704	0.443704	0	0	0	0	0	0	0.443704	0.443704	0	0	0	0	0	0	0.443704	0.443704	0	0	0	0.443704	0.443704
0	0	0	0	0	0	0	0	0	0	0	0	0	0	0	0	0	0	0	0	0	0	0	0	0	0	0	0	0	0	0	0	0	0	0	0	0	0	0	0	0	0	0	0	0	0	0	0	0	0	0	0	0	0	0	0	0	0	0	0	0	0	0	0	0	0	0	0	0.443663	0.443663	0	0	0	0	0	0	0	0	0	0	0.443663	0.443663	0	0	0	0	0	0	0.443663	0.443663	0	0	0	0	0	0.443663	0.443663	0	0	0	0	0	0	0	0.443663	0.443663	0	0	0	0	0	0	0.443663	0.443663	0	0	0	0	0	0	0.443663	0.443663	0	0	0	0	0	0	0	0.443663	0.443663	0	0	0	0	0	0	0	0	0	0	0.443663	0.443663	0	0	0	0	0	0	0	0	0	0	0.443663	0.443663	0	0	0	0	0	0.443663	0.443663	0	0	0	0	0	0	0	0.443663	0.443663	0	0	0	0	0	0	0.443663	0.443663	0	0	0	0	0	0	0.443663	0.443663	0	0	0	0	0.443663	0.443663	0	0	0	0.443663	0.443663	0	0	0	0	0	0.443663	0.443663	0	0	0	0	0.443663	0.443663	0	0	0	0	0.443663	0.443663	0	0	0	0	0.443663	0.443663	0	0	0	0	0	0.443663	0.443663	0	0	0	0.443663	0.443663	0	0	0	0	0	0	0.443663	0.443663	0	0	0	0	0	0	0.443663	0.443663	0	0	0	0.443663	0.443663
0	0	0	0	0	0	0	0	0	0	0	0	0	0	0	0	0	0	0	0	0	0	0	0	0	0	0	0	0	0	0	0	0	0	0	0	0	0	0	0	0	0	0	0	0	0	0	0	0	0	0	0	0	0	0	0	0	0	0	0	0	0	0	0	0	0	0	0	0.443615	0.443615	0	0	0	0	0	0	0	0	0	0	0.443615	0.443615	0	0	0	0	0	0	0.443615	0.443615	0	0	0	0	0	0.443615	0.443615	0	0	0	0	0	0	0	0.443615	0.443615	0	0	0	0	0	0	0.443615	0.443615	0	0	0	0	0	0	0.443615	0.443615	0	0	0	0	0	0	0	0.443615	0.443615	0	0	0	0	0	0	0	0	0	0	0.443615	0.443615	0	0	0	0	0	0	0	0	0	0	0.443615	0.443615	0	0	0	0	0	0.443615	0.443615	0	0	0	0	0	0	0	0.443615	0.443615	0	0	0	0	0	0	0.443615	0.443615	0	0	0	0	0	0	0.443615	0.443615	0	0	0	0	0.443615	0.443615	0	0	0	0.443615	0.443615	0	0	0	0	0	0.443615	0.443615	0	0	0	0	0.443615	0.443615	0	0	0	0	0.443615	0.443615	0	0	0	0	0.443615	0.443615	0	0	0	0	0	0.443615	0.443615	0	0	0	0.443615	0.443615	0	0	0	0	0	0	0.443615	0.443615	0	0	0	0	0	0	0.443615	0.443615	0	0	0	0.443615	0.443615
0	0	0	0	0	0	0	0	0	0	0	0	0	0	0	0	0	0	0	0	0	0	0	0	0	0	0	0	0	0	0	0	0	0	0	0	0	0	0	0	0	0	0	0	0	0	0	0	0	0	0	0	0	0	0	0	0	0	0	0	0	0	0	0	0	0	0	0	0.443574	0.443574	0	0	0	0	0	0	0	0	0	0	0.443574	0.443574	0	0	0	0	0	0	0.443574	0.443574	0	0	0	0	0	0.443574	0.443574	0	0	0	0	0	0	0	0.443574	0.443574	0	0	0	0	0	0	0.443574	0.443574	0	0	0	0	0	0	0.443574	0.443574	0	0	0	0	0	0	0	0.443574	0.443574	0	0	0	0	0	0	0	0	0	0	0.443574	0.443574	0	0	0	0	0	0	0	0	0	0	0.443574	0.443574	0	0	0	0	0	0.443574	0.443574	0	0	0	0	0	0	0	0.443574	0.443574	0	0	0	0	0	0	0.443574	0.443574	0	0	0	0	0	0	0.443574	0.443574	0	0	0	0	0.443574	0.443574	0	0	0	0.443574	0.443574	0	0	0	0	0	0.443574	0.443574	0	0	0	0	0.443574	0.443574	0	0	0	0	0.443574	0.443574	0	0	0	0	0.443574	0.443574	0	0	0	0	0	0.443574	0.443574	0	0	0	0.443574	0.443574	0	0	0	0	0	0	0.443574	0.443574	0	0	0	0	0	0	0.443574	0.443574	0	0	0	0.443574	0.443574
0	0	0	0	0	0	0	0	0	0	0	0	0	0	0	0	0	0	0	0	0	0	0	0	0	0	0	0	0	0	0	0	0	0	0	0	0	0	0	0	0	0	0	0	0	0	0	0	0	0	0	0	0	0	0	0	0	0	0	0	0	0	0	0	0	0	0	0	0.443532	0.443532	0	0	0	0	0	0	0	0	0	0	0.443532	0.443532	0	0	0	0	0	0	0.443532	0.443532	0	0	0	0	0	0.443532	0.443532	0	0	0	0	0	0	0	0.443532	0.443532	0	0	0	0	0	0	0.443532	0.443532	0	0	0	0	0	0	0.443532	0.443532	0	0	0	0	0	0	0	0.443532	0.443532	0	0	0	0	0	0	0	0	0	0	0.443532	0.443532	0	0	0	0	0	0	0	0	0	0	0.443532	0.443532	0	0	0	0	0	0.443532	0.443532	0	0	0	0	0	0	0	0.443532	0.443532	0	0	0	0	0	0	0.443532	0.443532	0	0	0	0	0	0	0.443532	0.443532	0	0	0	0	0.443532	0.443532	0	0	0	0.443532	0.443532	0	0	0	0	0	0.443532	0.443532	0	0	0	0	0.443532	0.443532	0	0	0	0	0.443532	0.443532	0	0	0	0	0.443532	0.443532	0	0	0	0	0	0.443532	0.443532	0	0	0	0.443532	0.443532	0	0	0	0	0	0	0.443532	0.443532	0	0	0	0	0	0	0.443532	0.443532	0	0	0	0.443532	0.443532
0	0	0	0	0	0	0	0	0	0	0	0	0	0	0	0	0	0	0	0	0	0	0	0	0	0	0	0	0	0	0	0	0	0	0	0	0	0	0	0	0	0	0	0	0	0	0	0	0	0	0	0	0	0	0	0	0	0	0	0	0	0	0	0	0	0	0	0	0.443491	0.443491	0	0	0	0	0	0	0	0	0	0	0.443491	0.443491	0	0	0	0	0	0	0.443491	0.443491	0	0	0	0	0	0.443491	0.443491	0	0	0	0	0	0	0	0.443491	0.443491	0	0	0	0	0	0	0.443491	0.443491	0	0	0	0	0	0	0.443491	0.443491	0	0	0	0	0	0	0	0.443491	0.443491	0	0	0	0	0	0	0	0	0	0	0.443491	0.443491	0	0	0	0	0	0	0	0	0	0	0.443491	0.443491	0	0	0	0	0	0.443491	0.443491	0	0	0	0	0	0	0	0.443491	0.443491	0	0	0	0	0	0	0.443491	0.443491	0	0	0	0	0	0	0.443491	0.443491	0	0	0	0	0.443491	0.443491	0	0	0	0.443491	0.443491	0	0	0	0	0	0.443491	0.443491	0	0	0	0	0.443491	0.443491	0	0	0	0	0.443491	0.443491	0	0	0	0	0.443491	0.443491	0	0	0	0	0	0.443491	0.443491	0	0	0	0.443491	0.443491	0	0	0	0	0	0	0.443491	0.443491	0	0	0	0	0	0	0.443491	0.443491	0	0	0	0.443491	0.443491
0	0	0	0	0	0	0	0	0	0	0	0	0	0	0	0	0	0	0	0	0	0	0	0	0	0	0	0	0	0	0	0	0	0	0	0	0	0	0	0	0	0	0	0	0	0	0	0	0	0	0	0	0	0	0	0	0	0	0	0	0	0	0	0	0	0	0	0	0.44345	0.44345	0	0	0	0	0	0	0	0	0	0	0.44345	0.44345	0	0	0	0	0	0	0.44345	0.44345	0	0	0	0	0	0.44345	0.44345	0	0	0	0	0	0	0	0.44345	0.44345	0	0	0	0	0	0	0.44345	0.44345	0	0	0	0	0	0	0.44345	0.44345	0	0	0	0	0	0	0	0.44345	0.44345	0	0	0	0	0	0	0	0	0	0	0.44345	0.44345	0	0	0	0	0	0	0	0	0	0	0.44345	0.44345	0	0	0	0	0	0.44345	0.44345	0	0	0	0	0	0	0	0.44345	0.44345	0	0	0	0	0	0	0.44345	0.44345	0	0	0	0	0	0	0.44345	0.44345	0	0	0	0	0.44345	0.44345	0	0	0	0.44345	0.44345	0	0	0	0	0	0.44345	0.44345	0	0	0	0	0.44345	0.44345	0	0	0	0	0.44345	0.44345	0	0	0	0	0.44345	0.44345	0	0	0	0	0	0.44345	0.44345	0	0	0	0.44345	0.44345	0	0	0	0	0	0	0.44345	0.44345	0	0	0	0	0	0	0.44345	0.44345	0	0	0	0.44345	0.44345
0	0	0	0	0	0	0	0	0	0	0	0	0	0	0	0	0	0	0	0	0	0	0	0	0	0	0	0	0	0	0	0	0	0	0	0	0	0	0	0	0	0	0	0	0	0	0	0	0	0	0	0	0	0	0	0	0	0	0	0	0	0	0	0	0	0	0	0	0.443409	0.443409	0	0	0	0	0	0	0	0	0	0	0.443409	0.443409	0	0	0	0	0	0	0.443409	0.443409	0	0	0	0	0	0.443409	0.443409	0	0	0	0	0	0	0	0.443409	0.443409	0	0	0	0	0	0	0.443409	0.443409	0	0	0	0	0	0	0.443409	0.443409	0	0	0	0	0	0	0	0.443409	0.443409	0	0	0	0	0	0	0	0	0	0	0.443409	0.443409	0	0	0	0	0	0	0	0	0	0	0.443409	0.443409	0	0	0	0	0	0.443409	0.443409	0	0	0	0	0	0	0	0.443409	0.443409	0	0	0	0	0	0	0.443409	0.443409	0	0	0	0	0	0	0.443409	0.443409	0	0	0	0	0.443409	0.443409	0	0	0	0.443409	0.443409	0	0	0	0	0	0.443409	0.443409	0	0	0	0	0.443409	0.443409	0	0	0	0	0.443409	0.443409	0	0	0	0	0.443409	0.443409	0	0	0	0	0	0.443409	0.443409	0	0	0	0.443409	0.443409	0	0	0	0	0	0	0.443409	0.443409	0	0	0	0	0	0	0.443409	0.443409	0	0	0	0.443409	0.443409
0	0	0	0	0	0	0	0	0	0	0	0	0	0	0	0	0	0	0	0	0	0	0	0	0	0	0	0	0	0	0	0	0	0	0	0	0	0	0	0	0	0	0	0	0	0	0	0	0	0	0	0	0	0	0	0	0	0	0	0	0	0	0	0	0	0	0	0	0.443361	0.443361	0	0	0	0	0	0	0	0	0	0	0.443361	0.443361	0	0	0	0	0	0	0.443361	0.443361	0	0	0	0	0	0.443361	0.443361	0	0	0	0	0	0	0	0.443361	0.443361	0	0	0	0	0	0	0.443361	0.443361	0	0	0	0	0	0	0.443361	0.443361	0	0	0	0	0	0	0	0.443361	0.443361	0	0	0	0	0	0	0	0	0	0	0.443361	0.443361	0	0	0	0	0	0	0	0	0	0	0.443361	0.443361	0	0	0	0	0	0.443361	0.443361	0	0	0	0	0	0	0	0.443361	0.443361	0	0	0	0	0	0	0.443361	0.443361	0	0	0	0	0	0	0.443361	0.443361	0	0	0	0	0.443361	0.443361	0	0	0	0.443361	0.443361	0	0	0	0	0	0.443361	0.443361	0	0	0	0	0.443361	0.443361	0	0	0	0	0.443361	0.443361	0	0	0	0	0.443361	0.443361	0	0	0	0	0	0.443361	0.443361	0	0	0	0.443361	0.443361	0	0	0	0	0	0	0.443361	0.443361	0	0	0	0	0	0	0.443361	0.443361	0	0	0	0.443361	0.443361
0	0	0	0	0	0	0	0	0	0	0	0	0	0	0	0	0	0	0	0	0	0	0	0	0	0	0	0	0	0	0	0	0	0	0	0	0	0	0	0	0	0	0	0	0	0	0	0	0	0	0	0	0	0	0	0	0	0	0	0	0	0	0	0	0	0	0	0	0.44332	0.44332	0	0	0	0	0	0	0	0	0	0	0.44332	0.44332	0	0	0	0	0	0	0.44332	0.44332	0	0	0	0	0	0.44332	0.44332	0	0	0	0	0	0	0	0.44332	0.44332	0	0	0	0	0	0	0.44332	0.44332	0	0	0	0	0	0	0.44332	0.44332	0	0	0	0	0	0	0	0.44332	0.44332	0	0	0	0	0	0	0	0	0	0	0.44332	0.44332	0	0	0	0	0	0	0	0	0	0	0.44332	0.44332	0	0	0	0	0	0.44332	0.44332	0	0	0	0	0	0	0	0.44332	0.44332	0	0	0	0	0	0	0.44332	0.44332	0	0	0	0	0	0	0.44332	0.44332	0	0	0	0	0.44332	0.44332	0	0	0	0.44332	0.44332	0	0	0	0	0	0.44332	0.44332	0	0	0	0	0.44332	0.44332	0	0	0	0	0.44332	0.44332	0	0	0	0	0.44332	0.44332	0	0	0	0	0	0.44332	0.44332	0	0	0	0.44332	0.44332	0	0	0	0	0	0	0.44332	0.44332	0	0	0	0	0	0	0.44332	0.44332	0	0	0	0.44332	0.44332
0	0	0	0	0	0	0	0	0	0	0	0	0	0	0	0	0	0	0	0	0	0	0	0	0	0	0	0	0	0	0	0	0	0	0	0	0	0	0	0	0	0	0	0	0	0	0	0	0	0	0	0	0	0	0	0	0	0	0	0	0	0	0	0	0	0	0	0	0.443279	0.443279	0	0	0	0	0	0	0	0	0	0	0.443279	0.443279	0	0	0	0	0	0	0.443279	0.443279	0	0	0	0	0	0.443279	0.443279	0	0	0	0	0	0	0	0.443279	0.443279	0	0	0	0	0	0	0.443279	0.443279	0	0	0	0	0	0	0.443279	0.443279	0	0	0	0	0	0	0	0.443279	0.443279	0	0	0	0	0	0	0	0	0	0	0.443279	0.443279	0	0	0	0	0	0	0	0	0	0	0.443279	0.443279	0	0	0	0	0	0.443279	0.443279	0	0	0	0	0	0	0	0.443279	0.443279	0	0	0	0	0	0	0.443279	0.443279	0	0	0	0	0	0	0.443279	0.443279	0	0	0	0	0.443279	0.443279	0	0	0	0.443279	0.443279	0	0	0	0	0	0.443279	0.443279	0	0	0	0	0.443279	0.443279	0	0	0	0	0.443279	0.443279	0	0	0	0	0.443279	0.443279	0	0	0	0	0	0.443279	0.443279	0	0	0	0.443279	0.443279	0	0	0	0	0	0	0.443279	0.443279	0	0	0	0	0	0	0.443279	0.443279	0	0	0	0.443279	0.443279
0	0	0	0	0	0	0	0	0	0	0	0	0	0	0	0	0	0	0	0	0	0	0	0	0	0	0	0	0	0	0	0	0	0	0	0	0	0	0	0	0	0	0	0	0	0	0	0	0	0	0	0	0	0	0	0	0	0	0	0	0	0	0	0	0	0	0	0	0.443237	0.443237	0	0	0	0	0	0	0	0	0	0	0.443237	0.443237	0	0	0	0	0	0	0.443237	0.443237	0	0	0	0	0	0.443237	0.443237	0	0	0	0	0	0	0	0.443237	0.443237	0	0	0	0	0	0	0.443237	0.443237	0	0	0	0	0	0	0.443237	0.443237	0	0	0	0	0	0	0	0.443237	0.443237	0	0	0	0	0	0	0	0	0	0	0.443237	0.443237	0	0	0	0	0	0	0	0	0	0	0.443237	0.443237	0	0	0	0	0	0.443237	0.443237	0	0	0	0	0	0	0	0.443237	0.443237	0	0	0	0	0	0	0.443237	0.443237	0	0	0	0	0	0	0.443237	0.443237	0	0	0	0	0.443237	0.443237	0	0	0	0.443237	0.443237	0	0	0	0	0	0.443237	0.443237	0	0	0	0	0.443237	0.443237	0	0	0	0	0.443237	0.443237	0	0	0	0	0.443237	0.443237	0	0	0	0	0	0.443237	0.443237	0	0	0	0.443237	0.443237	0	0	0	0	0	0	0.443237	0.443237	0	0	0	0	0	0	0.443237	0.443237	0	0	0	0.443237	0.443237
0	0	0	0	0	0	0	0	0	0	0	0	0	0	0	0	0	0	0	0	0	0	0	0	0	0	0	0	0	0	0	0	0	0	0	0	0	0	0	0	0	0	0	0	0	0	0	0	0	0	0	0	0	0	0	0	0	0	0	0	0	0	0	0	0	0.156702	0.350404	0.443231	0.470098	0.350383	0	0	0.156702	0.350404	0.443231	0.443231	0.443231	0.443231	0.443231	0.443231	0.626786	0.626786	0.443231	0.443231	0.443231	0.443231	0.443231	0.443231	0.470098	0.495514	0.350404	0.443231	0.443231	0.443231	0.443231	0.470098	0.350383	0	0.156702	0.350404	0.443231	0.443231	0.443231	0.443231	0.470098	0.350383	0.156702	0.350404	0.443231	0.443231	0.443231	0.443231	0.470098	0.495514	0.350404	0.443231	0.443231	0.443231	0.443231	0.443231	0.470098	0.350383	0	0	0	0.156702	0.350404	0.443231	0.443231	0.470098	0.350383	0	0	0	0	0	0	0	0.156702	0.350404	0.443231	0.470098	0.350383	0	0	0.156702	0.350404	0.443231	0.443231	0.443231	0.443231	0.443231	0.443231	0.470098	0.495514	0.350404	0.443231	0.443231	0.443231	0.443231	0.470098	0.350383	0.156702	0.350404	0.443231	0.443231	0.443231	0.443231	0.443231	0.626786	0.626786	0.443231	0.443231	0.443231	0.443231	0.443231	0.443231	0.470098	0.495514	0.350404	0.443231	0.443231	0.443231	0.443231	0.443231	0.470098	0.495514	0.350404	0.443231	0.443231	0.443231	0.470098	0.495514	0.350404	0.443231	0.443231	0.470098	0.350383	0.156702	0.350404	0.443231	0.443231	0.443231	0.470098	0.350383	0.156702	0.350404	0.443231	0.443231	0.470098	0.495514	0.350404	0.443231	0.443231	0.443231	0.470098	0.350383	0.156702	0.350404	0.443231	0.443231	0.470098	0.350383	0.156702	0.350404	0.443231	0.443231	0.443231	0.626786	0.626786	0.443231	0.443231	0.443231	0.470098	0.350383	0.156702	0.350404	0.443231	0.443231	0.443231	0.443231	0.470098	0.495514	0.350404	0.443231	0.443231	0.443231	0.443231	0.443231	0.470098	0.350383	0.156702	0.350404	0.443231	0.470098	0.350383
0	0	0	0	0	0	0	0	0	0	0	0	0	0	0	0	0	0	0	0	0	0	0	0	0	0	0	0	0	0	0	0	0	0	0	0	0	0	0	0	0	0	0	0	0	0	0	0	0	0	0	0	0	0	0	0	0	0	0	0	0	0	0	0	0	0.35035	0.47005	0.443183	0.350367	0.156687	0	0	0.35035	0.47005	0.443183	0.443183	0.443183	0.443183	0.443183	0.443183	0.626723	0.626723	0.443183	0.443183	0.443183	0.443183	0.443183	0.443183	0.350367	0.495466	0.47005	0.443183	0.443183	0.443183	0.443183	0.350367	0.156687	0	0.35035	0.47005	0.443183	0.443183	0.443183	0.443183	0.350367	0.156687	0.35035	0.47005	0.443183	0.443183	0.443183	0.443183	0.350367	0.495466	0.47005	0.443183	0.443183	0.443183	0.443183	0.443183	0.350367	0.156687	0	0	0	0.35035	0.47005	0.443183	0.443183	0.350367	0.156687	0	0	0	0	0	0	0	0.35035	0.47005	0.443183	0.350367	0.156687	0	0	0.35035	0.47005	0.443183	0.443183	0.443183	0.443183	0.443183	0.443183	0.350367	0.495466	0.47005	0.443183	0.443183	0.443183	0.443183	0.350367	0.156687	0.35035	0.47005	0.443183	0.443183	0.443183	0.443183	0.443183	0.626723	0.626723	0.443183	0.443183	0.443183	0.443183	0.443183	0.443183	0.350367	0.495466	0.47005	0.443183	0.443183	0.443183	0.443183	0.443183	0.350367	0.495466	0.47005	0.443183	0.443183	0.443183	0.350367	0.495466	0.47005	0.443183	0.443183	0.350367	0.156687	0.35035	0.47005	0.443183	0.443183	0.443183	0.350367	0.156687	0.35035	0.47005	0.443183	0.443183	0.350367	0.495466	0.47005	0.443183	0.443183	0.443183	0.350367	0.156687	0.35035	0.47005	0.443183	0.443183	0.350367	0.156687	0.35035	0.47005	0.443183	0.443183	0.443183	0.626723	0.626723	0.443183	0.443183	0.443183	0.350367	0.156687	0.35035	0.47005	0.443183	0.443183	0.443183	0.443183	0.350367	0.495466	0.47005	0.443183	0.443183	0.443183	0.443183	0.443183	0.350367	0.156687	0.35035	0.47005	0.443183	0.350367	0.156687
0	0	0	0	0	0	0	0	0	0	0	0	0	0	0	0	0	0	0	0	0	0	0	0	0	0	0	0	0	0	0	0	0	0	0	0	0	0	0	0	0	0	0	0	0	0	0	0	0	0	0	0	0	0	0	0	0	0	0	0	0	0	0	0	0	0.443107	0.443107	0	0	0	0	0	0.443107	0.443107	0	0	0	0	0	0	0.443107	0.443107	0	0	0	0	0	0	0	0.443107	0.443107	0	0	0	0	0	0	0	0.443107	0.443107	0	0	0	0	0	0	0.443107	0.443107	0	0	0	0	0	0.443107	0.443107	0	0	0	0	0	0	0	0	0	0	0.443107	0.443107	0	0	0	0	0	0	0	0	0	0	0	0.443107	0.443107	0	0	0	0	0	0.443107	0.443107	0	0	0	0	0	0	0	0.443107	0.443107	0	0	0	0	0	0	0.443107	0.443107	0	0	0	0	0	0.443107	0.443107	0	0	0	0	0	0	0	0.443107	0.443107	0	0	0	0	0	0	0.443107	0.443107	0	0	0	0	0.443107	0.443107	0	0	0	0	0.443107	0.443107	0	0	0	0	0	0.443107	0.443107	0	0	0	0.443107	0.443107	0	0	0	0	0	0.443107	0.443107	0	0	0	0	0.443107	0.443107	0	0	0	0.443107	0.443107	0	0	0	0	0	0.443107	0.443107	0	0	0	0	0	0.443107	0.443107	0	0	0	0	0	0	0	0.443107	0.443107	0	0	0
0	0	0	0	0	0	0	0	0	0	0	0	0	0	0	0	0	0	0	0	0	0	0	0	0	0	0	0	0	0	0	0	0	0	0	0	0	0	0	0	0	0	0	0	0	0	0	0	0	0	0	0	0	0	0	0	0	0	0	0	0	0	0	0	0	0.443066	0.443066	0	0	0	0	0	0.443066	0.443066	0	0	0	0	0	0	0.443066	0.443066	0	0	0	0	0	0	0	0.443066	0.443066	0	0	0	0	0	0	0	0.443066	0.443066	0	0	0	0	0	0	0.443066	0.443066	0	0	0	0	0	0.443066	0.443066	0	0	0	0	0	0	0	0	0	0	0.443066	0.443066	0	0	0	0	0	0	0	0	0	0	0	0.443066	0.443066	0	0	0	0	0	0.443066	0.443066	0	0	0	0	0	0	0	0.443066	0.443066	0	0	0	0	0	0	0.443066	0.443066	0	0	0	0	0	0.443066	0.443066	0	0	0	0	0	0	0	0.443066	0.443066	0	0	0	0	0	0	0.443066	0.443066	0	0	0	0	0.443066	0.443066	0	0	0	0	0.443066	0.443066	0	0	0	0	0	0.443066	0.443066	0	0	0	0.443066	0.443066	0	0	0	0	0	0.443066	0.443066	0	0	0	0	0.443066	0.443066	0	0	0	0.443066	0.443066	0	0	0	0	0	0.443066	0.443066	0	0	0	0	0	0.443066	0.443066	0	0	0	0	0	0	0	0.443066	0.443066	0	0	0
0	0	0	0	0	0	0	0	0	0	0	0	0	0	0	0	0	0	0	0	0	0	0	0	0	0	0	0	0	0	0	0	0	0	0	0	0	0	0	0	0	0	0	0	0	0	0	0	0	0	0	0	0	0	0	0	0	0	0	0	0	0	0	0	0	0.443025	0.443025	0	0	0	0	0	0.443025	0.443025	0	0	0	0	0	0	0.443025	0.443025	0	0	0	0	0	0	0	0.443025	0.443025	0	0	0	0	0	0	0	0.443025	0.443025	0	0	0	0	0	0	0.443025	0.443025	0	0	0	0	0	0.443025	0.443025	0	0	0	0	0	0	0	0	0	0	0.443025	0.443025	0	0	0	0	0	0	0	0	0	0	0	0.443025	0.443025	0	0	0	0	0	0.443025	0.443025	0	0	0	0	0	0	0	0.443025	0.443025	0	0	0	0	0	0	0.443025	0.443025	0	0	0	0	0	0.443025	0.443025	0	0	0	0	0	0	0	0.443025	0.443025	0	0	0	0	0	0	0.443025	0.443025	0	0	0	0	0.443025	0.443025	0	0	0	0	0.443025	0.443025	0	0	0	0	0	0.443025	0.443025	0	0	0	0.443025	0.443025	0	0	0	0	0	0.443025	0.443025	0	0	0	0	0.443025	0.443025	0	0	0	0.443025	0.443025	0	0	0	0	0	0.443025	0.443025	0	0	0	0	0	0.443025	0.443025	0	0	0	0	0	0	0	0.443025	0.443025	0	0	0
0	0	0	0	0	0	0	0	0	0	0	0	0	0	0	0	0	0	0	0	0	0	0	0	0	0	0	0	0	0	0	0	0	0	0	0	0	0	0	0	0	0	0	0	0	0	0	0	0	0	0	0	0	0	0	0	0	0	0	0	0	0	0	0	0	0.442984	0.442984	0	0	0	0	0	0.442984	0.442984	0	0	0	0	0	0	0.442984	0.442984	0	0	0	0	0	0	0	0.442984	0.442984	0	0	0	0	0	0	0	0.442984	0.442984	0	0	0	0	0	0	0.442984	0.442984	0	0	0	0	0	0.442984	0.442984	0	0	0	0	0	0	0	0	0	0	0.442984	0.442984	0	0	0	0	0	0	0	0	0	0	0	0.442984	0.442984	0	0	0	0	0	0.442984	0.442984	0	0	0	0	0	0	0	0.442984	0.442984	0	0	0	0	0	0	0.442984	0.442984	0	0	0	0	0	0.442984	0.442984	0	0	0	0	0	0	0	0.442984	0.442984	0	0	0	0	0	0	0.442984	0.442984	0	0	0	0	0.442984	0.442984	0	0	0	0	0.442984	0.442984	0	0	0	0	0	0.442984	0.442984	0	0	0	0.442984	0.442984	0	0	0	0	0	0.442984	0.442984	0	0	0	0	0.442984	0.442984	0	0	0	0.442984	0.442984	0	0	0	0	0	0.442984	0.442984	0	0	0	0	0	0.442984	0.442984	0	0	0	0	0	0	0	0.442984	0.442984	0	0	0
0	0	0	0	0	0	0	0	0	0	0	0	0	0	0	0	0	0	0	0	0	0	0	0	0	0	0	0	0	0	0	0	0	0	0	0	0	0	0	0	0	0	0	0	0	0	0	0	0	0	0	0	0	0	0	0	0	0	0	0	0	0	0	0	0	0.442943	0.442943	0	0	0	0	0	0.442943	0.442943	0	0	0	0	0	0	0.442943	0.442943	0	0	0	0	0	0	0	0.442943	0.442943	0	0	0	0	0	0	0	0.442943	0.442943	0	0	0	0	0	0	0.442943	0.442943	0	0	0	0	0	0.442943	0.442943	0	0	0	0	0	0	0	0	0	0	0.442943	0.442943	0	0	0	0	0	0	0	0	0	0	0	0.442943	0.442943	0	0	0	0	0	0.442943	0.442943	0	0	0	0	0	0	0	0.442943	0.442943	0	0	0	0	0	0	0.442943	0.442943	0	0	0	0	0	0.442943	0.442943	0	0	0	0	0	0	0	0.442943	0.442943	0	0	0	0	0	0	0.442943	0.442943	0	0	0	0	0.442943	0.442943	0	0	0	0	0.442943	0.442943	0	0	0	0	0	0.442943	0.442943	0	0	0	0.442943	0.442943	0	0	0	0	0	0.442943	0.442943	0	0	0	0	0.442943	0.442943	0	0	0	0.442943	0.442943	0	0	0	0	0	0.442943	0.442943	0	0	0	0	0	0.442943	0.442943	0	0	0	0	0	0	0	0.442943	0.442943	0	0	0
0	0	0	0	0	0	0	0	0	0	0	0	0	0	0	0	0	0	0	0	0	0	0	0	0	0	0	0	0	0	0	0	0	0	0	0	0	0	0	0	0	0	0	0	0	0	0	0	0	0	0	0	0	0	0	0	0	0	0	0	0	0	0	0	0	0.442902	0.442902	0	0	0	0	0	0.442902	0.442902	0	0	0	0	0	0	0.442902	0.442902	0	0	0	0	0	0	0	0.442902	0.442902	0	0	0	0	0	0	0	0.442902	0.442902	0	0	0	0	0	0	0.442902	0.442902	0	0	0	0	0	0.442902	0.442902	0	0	0	0	0	0	0	0	0	0	0.442902	0.442902	0	0	0	0	0	0	0	0	0	0	0	0.442902	0.442902	0	0	0	0	0	0.442902	0.442902	0	0	0	0	0	0	0	0.442902	0.442902	0	0	0	0	0	0	0.442902	0.442902	0	0	0	0	0	0.442902	0.442902	0	0	0	0	0	0	0	0.442902	0.442902	0	0	0	0	0	0	0.442902	0.442902	0	0	0	0	0.442902	0.442902	0	0	0	0	0.442902	0.442902	0	0	0	0	0	0.442902	0.442902	0	0	0	0.442902	0.442902	0	0	0	0	0	0.442902	0.442902	0	0	0	0	0.442902	0.442902	0	0	0	0.442902	0.442902	0	0	0	0	0	0.442902	0.442902	0	0	0	0	0	0.442902	0.442902	0	0	0	0	0	0	0	0.442902	0.442902	0	0	0
0	0	0	0	0	0	0	0	0	0	0	0	0	0	0	0	0	0	0	0	0	0	0	0	0	0	0	0	0	0	0	0	0	0	0	0	0	0	0	0	0	0	0	0	0	0	0	0	0	0	0	0	0	0	0	0	0	0	0	0	0	0	0	0	0	0.442854	0.442854	0	0	0	0	0	0.442854	0.442854	0	0	0	0	0	0	0.442854	0.442854	0	0	0	0	0	0	0	0.442854	0.442854	0	0	0	0	0	0	0	0.442854	0.442854	0	0	0	0	0	0	0.442854	0.442854	0	0	0	0	0	0.442854	0.442854	0	0	0	0	0	0	0	0	0	0	0.442854	0.442854	0	0	0	0	0	0	0	0	0	0	0	0.442854	0.442854	0	0	0	0	0	0.442854	0.442854	0	0	0	0	0	0	0	0.442854	0.442854	0	0	0	0	0	0	0.442854	0.442854	0	0	0	0	0	0.442854	0.442854	0	0	0	0	0	0	0	0.442854	0.442854	0	0	0	0	0	0	0.442854	0.442854	0	0	0	0	0.442854	0.442854	0	0	0	0	0.442854	0.442854	0	0	0	0	0	0.442854	0.442854	0	0	0	0.442854	0.442854	0	0	0	0	0	0.442854	0.442854	0	0	0	0	0.442854	0.442854	0	0	0	0.442854	0.442854	0	0	0	0	0	0.442854	0.442854	0	0	0	0	0	0.442854	0.442854	0	0	0	0	0	0	0	0.442854	0.442854	0	0	0
0	0	0	0	0	0	0	0	0	0	0	0	0	0	0	0	0	0	0	0	0	0	0	0	0	0	0	0	0	0	0	0	0	0	0	0	0	0	0	0	0	0	0	0	0	0	0	0	0	0	0	0	0	0	0	0	0	0	0	0	0	0	0	0	0	0.442813	0.442813	0	0	0	0	0	0.442813	0.442813	0	0	0	0	0	0	0.442813	0.442813	0	0	0	0	0	0	0	0.442813	0.442813	0	0	0	0	0	0	0	0.442813	0.442813	0	0	0	0	0	0	0.442813	0.442813	0	0	0	0	0	0.442813	0.442813	0	0	0	0	0	0	0	0	0	0	0.442813	0.442813	0	0	0	0	0	0	0	0	0	0	0	0.442813	0.442813	0	0	0	0	0	0.442813	0.442813	0	0	0	0	0	0	0	0.442813	0.442813	0	0	0	0	0	0	0.442813	0.442813	0	0	0	0	0	0.442813	0.442813	0	0	0	0	0	0	0	0.442813	0.442813	0	0	0	0	0	0	0.442813	0.442813	0	0	0	0	0.442813	0.442813	0	0	0	0	0.442813	0.442813	0	0	0	0	0	0.442813	0.442813	0	0	0	0.442813	0.442813	0	0	0	0	0	0.442813	0.442813	0	0	0	0	0.442813	0.442813	0	0	0	0.442813	0.442813	0	0	0	0	0	0.442813	0.442813	0	0	0	0	0	0.442813	0.442813	0	0	0	0	0	0	0	0.442813	0.442813	0	0	0
0	0	0	0	0	0	0	0	0	0	0	0	0	0	0	0	0	0	0	0	0	0	0	0	0	0	0	0	0	0	0	0	0	0	0	0	0	0	0	0	0	0	0	0	0	0	0	0	0	0	0	0	0	0	0	0	0	0	0	0	0	0	0	0	0	0.442772	0.442772	0	0	0	0	0	0.442772	0.442772	0	0	0	0	0	0	0.442772	0.442772	0	0	0	0	0	0	0	0.442772	0.442772	0	0	0	0	0	0	0	0.442772	0.442772	0	0	0	0	0	0	0.442772	0.442772	0	0	0	0	0	0.442772	0.442772	0	0	0	0	0	0	0	0	0	0	0.442772	0.442772	0	0	0	0	0	0	0	0	0	0	0	0.442772	0.442772	0	0	0	0	0	0.442772	0.442772	0	0	0	0	0	0	0	0.442772	0.442772	0	0	0	0	0	0	0.442772	0.442772	0	0	0	0	0	0.442772	0.442772	0	0	0	0	0	0	0	0.442772	0.442772	0	0	0	0	0	0	0.442772	0.442772	0	0	0	0	0.442772	0.442772	0	0	0	0	0.442772	0.442772	0	0	0	0	0	0.442772	0.442772	0	0	0	0.442772	0.442772	0	0	0	0	0	0.442772	0.442772	0	0	0	0	0.442772	0.442772	0	0	0	0.442772	0.442772	0	0	0	0	0	0.442772	0.442772	0	0	0	0	0	0.442772	0.442772	0	0	0	0	0	0	0	0.442772	0.442772	0	0	0
0	0	0	0	0	0	0	0	0	0	0	0	0	0	0	0	0	0	0	0	0	0	0	0	0	0	0	0	0	0	0	0	0	0	0	0	0	0	0	0	0	0	0	0	0	0	0	0	0	0	0	0	0	0	0	0	0	0	0	0	0	0	0	0	0	0.44273	0.44273	0	0	0	0	0	0.44273	0.44273	0	0	0	0	0	0	0.44273	0.44273	0	0	0	0	0	0	0	0.44273	0.44273	0	0	0	0	0	0	0	0.44273	0.44273	0	0	0	0	0	0	0.44273	0.44273	0	0	0	0	0	0.44273	0.44273	0	0	0	0	0	0	0	0	0	0	0.44273	0.44273	0	0	0	0	0	0	0	0	0	0	0	0.44273	0.44273	0	0	0	0	0	0.44273	0.44273	0	0	0	0	0	0	0	0.44273	0.44273	0	0	0	0	0	0	0.44273	0.44273	0	0	0	0	0	0.44273	0.44273	0	0	0	0	0	0	0	0.44273	0.44273	0	0	0	0	0	0	0.44273	0.44273	0	0	0	0	0.44273	0.44273	0	0	0	0	0.44273	0.44273	0	0	0	0	0	0.44273	0.44273	0	0	0	0.44273	0.44273	0	0	0	0	0	0.44273	0.44273	0	0	0	0	0.44273	0.44273	0	0	0	0.44273	0.44273	0	0	0	0	0	0.44273	0.44273	0	0	0	0	0	0.44273	0.44273	0	0	0	0	0	0	0	0.44273	0.44273	0	0	0
0	0	0	0	0	0	0	0	0	0	0	0	0	0	0	0	0	0	0	0	0	0	0	0	0	0	0	0	0	0	0	0	0	0	0	0	0	0	0	0	0	0	0	0	0	0	0	0	0	0	0	0	0	0	0	0	0	0	0	0	0	0	0	0	0	0.442689	0.442689	0	0	0	0	0	0.442689	0.442689	0	0	0	0	0	0	0.442689	0.442689	0	0	0	0	0	0	0	0.442689	0.442689	0	0	0	0	0	0	0	0.442689	0.442689	0	0	0	0	0	0	0.442689	0.442689	0	0	0	0	0	0.442689	0.442689	0	0	0	0	0	0	0	0	0	0	0.442689	0.442689	0	0	0	0	0	0	0	0	0	0	0	0.442689	0.442689	0	0	0	0	0	0.442689	0.442689	0	0	0	0	0	0	0	0.442689	0.442689	0	0	0	0	0	0	0.442689	0.442689	0	0	0	0	0	0.442689	0.442689	0	0	0	0	0	0	0	0.442689	0.442689	0	0	0	0	0	0	0.442689	0.442689	0	0	0	0	0.442689	0.442689	0	0	0	0	0.442689	0.442689	0	0	0	0	0	0.442689	0.442689	0	0	0	0.442689	0.442689	0	0	0	0	0	0.442689	0.442689	0	0	0	0	0.442689	0.442689	0	0	0	0.442689	0.442689	0	0	0	0	0	0.442689	0.442689	0	0	0	0	0	0.442689	0.442689	0	0	0	0	0	0	0	0.442689	0.442689	0	0	0
0	0	0	0	0	0	0	0	0	0	0	0	0	0	0	0	0	0	0	0	0	0	0	0	0	0	0	0	0	0	0	0	0	0	0	0	0	0	0	0	0	0	0	0	0	0	0	0	0	0	0	0	0	0	0	0	0	0	0	0	0	0	0	0	0	0.442648	0.442648	0	0	0	0	0	0.442648	0.442648	0	0	0	0	0	0	0.442648	0.442648	0	0	0	0	0	0	0	0.442648	0.442648	0	0	0	0	0	0	0	0.442648	0.442648	0	0	0	0	0	0	0.442648	0.442648	0	0	0	0	0	0.442648	0.442648	0	0	0	0	0	0	0	0	0	0	0.442648	0.442648	0	0	0	0	0	0	0	0	0	0	0	0.442648	0.442648	0	0	0	0	0	0.442648	0.442648	0	0	0	0	0	0	0	0.442648	0.442648	0	0	0	0	0	0	0.442648	0.442648	0	0	0	0	0	0.442648	0.442648	0	0	0	0	0	0	0	0.442648	0.442648	0	0	0	0	0	0	0.442648	0.442648	0	0	0	0	0.442648	0.442648	0	0	0	0	0.442648	0.442648	0	0	0	0	0	0.442648	0.442648	0	0	0	0.442648	0.442648	0	0	0	0	0	0.442648	0.442648	0	0	0	0	0.442648	0.442648	0	0	0	0.442648	0.442648	0	0	0	0	0	0.442648	0.442648	0	0	0	0	0	0.442648	0.442648	0	0	0	0	0	0	0	0.442648	0.442648	0	0	0
0	0	0	0	0	0	0	0	0	0	0	0	0	0	0	0	0	0	0	0	0	0	0	0	0	0	0	0	0	0	0	0	0	0	0	0	0	0	0	0	0	0	0	0	0	0	0	0	0	0	0	0	0	0	0	0	0	0	0	0	0	0	0	0	0	0.442601	0.442601	0	0	0	0	0	0.442601	0.442601	0	0	0	0	0	0	0.442601	0.442601	0	0	0	0	0	0	0	0.442601	0.442601	0	0	0	0	0	0	0	0.442601	0.442601	0	0	0	0	0	0	0.442601	0.442601	0	0	0	0	0	0.442601	0.442601	0	0	0	0	0	0	0	0	0	0	0.442601	0.442601	0	0	0	0	0	0	0	0	0	0	0	0.442601	0.442601	0	0	0	0	0	0.442601	0.442601	0	0	0	0	0	0	0	0.442601	0.442601	0	0	0	0	0	0	0.442601	0.442601	0	0	0	0	0	0.442601	0.442601	0	0	0	0	0	0	0	0.442601	0.442601	0	0	0	0	0	0	0.442601	0.442601	0	0	0	0	0.442601	0.442601	0	0	0	0	0.442601	0.442601	0	0	0	0	0	0.442601	0.442601	0	0	0	0.442601	0.442601	0	0	0	0	0	0.442601	0.442601	0	0	0	0	0.442601	0.442601	0	0	0	0.442601	0.442601	0	0	0	0	0	0.442601	0.442601	0	0	0	0	0	0.442601	0.442601	0	0	0	0	0	0	0	0.442601	0.442601	0	0	0
0	0	0	0	0	0	0	0	0	0	0	0	0	0	0	0	0	0	0	0	0	0	0	0	0	0	0	0	0	0	0	0	0	0	0	0	0	0	0	0	0	0	0	0	0	0	0	0	0	0	0	0	0	0	0	0	0	0	0	0	0	0	0	0	0	0.44256	0.44256	0	0	0	0	0	0.44256	0.44256	0	0	0	0	0	0	0.44256	0.44256	0	0	0	0	0	0	0	0.44256	0.44256	0	0	0	0	0	0	0	0.44256	0.44256	0	0	0	0	0	0	0.44256	0.44256	0	0	0	0	0	0.44256	0.44256	0	0	0	0	0	0	0	0	0	0	0.44256	0.44256	0	0	0	0	0	0	0	0	0	0	0	0.44256	0.44256	0	0	0	0	0	0.44256	0.44256	0	0	0	0	0	0	0	0.44256	0.44256	0	0	0	0	0	0	0.44256	0.44256	0	0	0	0	0	0.44256	0.44256	0	0	0	0	0	0	0	0.44256	0.44256	0	0	0	0	0	0	0.44256	0.44256	0	0	0	0	0.44256	0.44256	0	0	0	0	0.44256	0.44256	0	0	0	0	0	0.44256	0.44256	0	0	0	0.44256	0.44256	0	0	0	0	0	0.44256	0.44256	0	0	0	0	0.44256	0.44256	0	0	0	0.44256	0.44256	0	0	0	0	0	0.44256	0.44256	0	0	0	0	0	0.44256	0.44256	0	0	0	0	0	0	0	0.44256	0.44256	0	0	0
0	0	0	0	0	0	0	0	0	0	0	0	0	0	0	0	0	0	0	0	0	0	0	0	0	0	0	0	0	0	0	0	0	0	0	0	0	0	0	0	0	0	0	0	0	0	0	0	0	0	0	0	0	0.156463	0.349869	0.442553	0.442553	0.442553	0.442553	0.442553	0.442553	0.442553	0.442553	0.442553	0.442553	0.625827	0.625827	0.442553	0.442553	0.442553	0.442553	0.442553	0.469379	0.349847	0.156463	0.349869	0.442553	0.442553	0.442553	0.442553	0.469379	0.349847	0	0	0.156463	0.349869	0.442553	0.442553	0.442553	0.469379	0.349847	0	0	0	0	0	0	0	0.442518	0.442518	0	0	0	0	0.156463	0.349869	0.469379	0.349847	0	0	0	0	0	0.442518	0.442518	0	0	0	0	0	0	0	0	0.156463	0.349869	0.469379	0.349847	0	0	0	0.156463	0.349869	0.442553	0.442553	0.442553	0.442553	0.442553	0.442553	0.469379	0.494756	0.349869	0.442553	0.442553	0.442553	0.442553	0.469379	0.349847	0.156463	0.349869	0.442553	0.442553	0.442553	0.442553	0.442553	0.625827	0.625827	0.442553	0.442553	0.442553	0.442553	0.442553	0.442553	0.469379	0.349847	0.156463	0.349869	0.442553	0.442553	0.442553	0.469379	0.349847	0.156463	0.349869	0.442553	0.442553	0.442553	0.442553	0.442553	0.469379	0.349847	0.156463	0.349869	0.442553	0.442553	0.442553	0.442553	0.625827	0.625827	0.442553	0.442553	0.442553	0.442553	0.625827	0.625827	0.442553	0.442553	0.564137	0.782296	0.842541	0.645098	0.442553	0.442553	0.442553	0.442553	0.442553	0.625827	0.625827	0.442553	0.442553	0.442553	0.469379	0.349847	0.156463	0.349869	0.442553	0.442553	0.442553	0.469379	0.349847	0.156463	0.349869	0.442553	0.442553	0.469379	0.349847	0	0	0	0.442518	0.442518	0	0	0	0.156463	0.349869	0.469379	0.349847	0	0.156463	0.349869	0.442553	0.442553	0.469379	0.349847	0.156463	0.349869	0.442553	0.442553	0.442553	0.442553	0.442553	0.469379	0.349847	0.156463	0.349869	0.442553
0	0	0	0	0	0	0	0	0	0	0	0	0	0	0	0	0	0	0	0	0	0	0	0	0	0	0	0	0	0	0	0	0	0	0	0	0	0	0	0	0	0	0	0	0	0	0	0	0	0	0	0	0	0.349814	0.469335	0.442512	0.442512	0.442512	0.442512	0.442512	0.442512	0.442512	0.442512	0.442512	0.442512	0.625769	0.625769	0.442512	0.442512	0.442512	0.442512	0.442512	0.349836	0.156448	0.349814	0.469335	0.442512	0.442512	0.442512	0.442512	0.349836	0.156448	0	0	0.349814	0.469335	0.442512	0.442512	0.442512	0.349836	0.156448	0	0	0	0	0	0	0	0.442477	0.442477	0	0	0	0	0.349814	0.469335	0.349836	0.156448	0	0	0	0	0	0.442477	0.442477	0	0	0	0	0	0	0	0	0.349814	0.469335	0.349836	0.156448	0	0	0	0.349814	0.469335	0.442512	0.442512	0.442512	0.442512	0.442512	0.442512	0.349836	0.49471	0.469335	0.442512	0.442512	0.442512	0.442512	0.349836	0.156448	0.349814	0.469335	0.442512	0.442512	0.442512	0.442512	0.442512	0.625769	0.625769	0.442512	0.442512	0.442512	0.442512	0.442512	0.442512	0.349836	0.156448	0.349814	0.469335	0.442512	0.442512	0.442512	0.349836	0.156448	0.349814	0.469335	0.442512	0.442512	0.442512	0.442512	0.442512	0.349836	0.156448	0.349814	0.469335	0.442512	0.442512	0.442512	0.442512	0.625769	0.625769	0.442512	0.442512	0.442512	0.442512	0.625769	0.625769	0.442512	0.442512	0.645038	0.842463	0.782223	0.564085	0.442512	0.442512	0.442512	0.442512	0.442512	0.625769	0.625769	0.442512	0.442512	0.442512	0.349836	0.156448	0.349814	0.469335	0.442512	0.442512	0.442512	0.349836	0.156448	0.349814	0.469335	0.442512	0.442512	0.349836	0.156448	0	0	0	0.442477	0.442477	0	0	0	0.349814	0.469335	0.349836	0.156448	0	0.349814	0.469335	0.442512	0.442512	0.349836	0.156448	0.349814	0.469335	0.442512	0.442512	0.442512	0.442512	0.442512	0.349836	0.156448	0.349814	0.469335	0.442512
0	0	0	0	0	0	0	0	0	0	0	0	0	0	0	0	0	0	0	0	0	0	0	0	0	0	0	0	0	0	0	0	0	0	0	0	0	0	0	0	0	0	0	0	0	0	0	0	0	0	0	0	0	0.442436	0.442436	0	0	0	0	0	0	0	0	0	0	0.442436	0.442436	0	0	0	0	0	0	0	0.442436	0.442436	0	0	0	0	0	0	0	0	0.442436	0.442436	0	0	0	0	0	0	0	0	0	0	0	0	0.442436	0.442436	0	0	0	0	0.442436	0.442436	0	0	0	0	0	0	0	0.442436	0.442436	0	0	0	0	0	0	0	0	0.442436	0.442436	0	0	0	0	0	0.442436	0.442436	0	0	0	0	0	0	0	0.442436	0.442436	0	0	0	0	0	0	0.442436	0.442436	0	0	0	0	0	0.442436	0.442436	0	0	0	0	0	0	0	0	0.442436	0.442436	0	0	0	0	0	0.442436	0.442436	0	0	0	0	0	0	0	0.442436	0.442436	0	0	0	0	0.442436	0.442436	0	0	0	0	0.442436	0.442436	0	0	0.442436	0.442436	0	0	0	0	0	0	0	0.442436	0.442436	0	0	0	0	0	0.442436	0.442436	0	0	0	0	0	0.442436	0.442436	0	0	0	0	0	0	0	0.442436	0.442436	0	0	0	0.442436	0.442436	0	0	0	0.442436	0.442436	0	0	0	0	0.442436	0.442436	0	0	0	0	0	0	0	0.442436	0.442436	0
0	0	0	0	0	0	0	0	0	0	0	0	0	0	0	0	0	0	0	0	0	0	0	0	0	0	0	0	0	0	0	0	0	0	0	0	0	0	0	0	0	0	0	0	0	0	0	0	0	0	0	0	0	0.442395	0.442395	0	0	0	0	0	0	0	0	0	0	0.442395	0.442395	0	0	0	0	0	0	0	0.442395	0.442395	0	0	0	0	0	0	0	0	0.442395	0.442395	0	0	0	0	0	0	0	0	0	0	0	0	0.442395	0.442395	0	0	0	0	0.442395	0.442395	0	0	0	0	0	0	0	0.442395	0.442395	0	0	0	0	0	0	0	0	0.442395	0.442395	0	0	0	0	0	0.442395	0.442395	0	0	0	0	0	0	0	0.442395	0.442395	0	0	0	0	0	0	0.442395	0.442395	0	0	0	0	0	0.442395	0.442395	0	0	0	0	0	0	0	0	0.442395	0.442395	0	0	0	0	0	0.442395	0.442395	0	0	0	0	0	0	0	0.442395	0.442395	0	0	0	0	0.442395	0.442395	0	0	0	0	0.442395	0.442395	0	0	0.442395	0.442395	0	0	0	0	0	0	0	0.442395	0.442395	0	0	0	0	0	0.442395	0.442395	0	0	0	0	0	0.442395	0.442395	0	0	0	0	0	0	0	0.442395	0.442395	0	0	0	0.442395	0.442395	0	0	0	0.442395	0.442395	0	0	0	0	0.442395	0.442395	0	0	0	0	0	0	0	0.442395	0.442395	0
0	0	0	0	0	0	0	0	0	0	0	0	0	0	0	0	0	0	0	0	0	0	0	0	0	0	0	0	0	0	0	0	0	0	0	0	0	0	0	0	0	0	0	0	0	0	0	0	0	0	0	0	0	0.442348	0.442348	0	0	0	0	0	0	0	0	0	0	0.442348	0.442348	0	0	0	0	0	0	0	0.442348	0.442348	0	0	0	0	0	0	0	0	0.442348	0.442348	0	0	0	0	0	0	0	0	0	0	0	0	0.442348	0.442348	0	0	0	0	0.442348	0.442348	0	0	0	0	0	0	0	0.442348	0.442348	0	0	0	0	0	0	0	0	0.442348	0.442348	0	0	0	0	0	0.442348	0.442348	0	0	0	0	0	0	0	0.442348	0.442348	0	0	0	0	0	0	0.442348	0.442348	0	0	0	0	0	0.442348	0.442348	0	0	0	0	0	0	0	0	0.442348	0.442348	0	0	0	0	0	0.442348	0.442348	0	0	0	0	0	0	0	0.442348	0.442348	0	0	0	0	0.442348	0.442348	0	0	0	0	0.442348	0.442348	0	0	0.442348	0.442348	0	0	0	0	0	0	0	0.442348	0.442348	0	0	0	0	0	0.442348	0.442348	0	0	0	0	0	0.442348	0.442348	0	0	0	0	0	0	0	0.442348	0.442348	0	0	0	0.442348	0.442348	0	0	0	0.442348	0.442348	0	0	0	0	0.442348	0.442348	0	0	0	0	0	0	0	0.442348	0.442348	0
0	0	0	0	0	0	0	0	0	0	0	0	0	0	0	0	0	0	0	0	0	0	0	0	0	0	0	0	0	0	0	0	0	0	0	0	0	0	0	0	0	0	0	0	0	0	0	0	0	0	0	0	0	0.442307	0.442307	0	0	0	0	0	0	0	0	0	0	0.442307	0.442307	0	0	0	0	0	0	0	0.442307	0.442307	0	0	0	0	0	0	0	0	0.442307	0.442307	0	0	0	0	0	0	0	0	0	0	0	0	0.442307	0.442307	0	0	0	0	0.442307	0.442307	0	0	0	0	0	0	0	0.442307	0.442307	0	0	0	0	0	0	0	0	0.442307	0.442307	0	0	0	0	0	0.442307	0.442307	0	0	0	0	0	0	0	0.442307	0.442307	0	0	0	0	0	0	0.442307	0.442307	0	0	0	0	0	0.442307	0.442307	0	0	0	0	0	0	0	0	0.442307	0.442307	0	0	0	0	0	0.442307	0.442307	0	0	0	0	0	0	0	0.442307	0.442307	0	0	0	0	0.442307	0.442307	0	0	0	0	0.442307	0.442307	0	0	0.442307	0.442307	0	0	0	0	0	0	0	0.442307	0.442307	0	0	0	0	0	0.442307	0.442307	0	0	0	0	0	0.442307	0.442307	0	0	0	0	0	0	0	0.442307	0.442307	0	0	0	0.442307	0.442307	0	0	0	0.442307	0.442307	0	0	0	0	0.442307	0.442307	0	0	0	0	0	0	0	0.442307	0.442307	0
0	0	0	0	0	0	0	0	0	0	0	0	0	0	0	0	0	0	0	0	0	0	0	0	0	0	0	0	0	0	0	0	0	0	0	0	0	0	0	0	0	0	0	0	0	0	0	0	0	0	0	0	0	0.442266	0.442266	0	0	0	0	0	0	0	0	0	0	0.442266	0.442266	0	0	0	0	0	0	0	0.442266	0.442266	0	0	0	0	0	0	0	0	0.442266	0.442266	0	0	0	0	0	0	0	0	0	0	0	0	0.442266	0.442266	0	0	0	0	0.442266	0.442266	0	0	0	0	0	0	0	0.442266	0.442266	0	0	0	0	0	0	0	0	0.442266	0.442266	0	0	0	0	0	0.442266	0.442266	0	0	0	0	0	0	0	0.442266	0.442266	0	0	0	0	0	0	0.442266	0.442266	0	0	0	0	0	0.442266	0.442266	0	0	0	0	0	0	0	0	0.442266	0.442266	0	0	0	0	0	0.442266	0.442266	0	0	0	0	0	0	0	0.442266	0.442266	0	0	0	0	0.442266	0.442266	0	0	0	0	0.442266	0.442266	0	0	0.442266	0.442266	0	0	0	0	0	0	0	0.442266	0.442266	0	0	0	0	0	0.442266	0.442266	0	0	0	0	0	0.442266	0.442266	0	0	0	0	0	0	0	0.442266	0.442266	0	0	0	0.442266	0.442266	0	0	0	0.442266	0.442266	0	0	0	0	0.442266	0.442266	0	0	0	0	0	0	0	0.442266	0.442266	0
0	0	0	0	0	0	0	0	0	0	0	0	0	0	0	0	0	0	0	0	0	0	0	0	0	0	0	0	0	0	0	0	0	0	0	0	0	0	0	0	0	0	0	0	0	0	0	0	0	0	0	0	0	0.442225	0.442225	0	0	0	0	0	0	0	0	0	0	0.442225	0.442225	0	0	0	0	0	0	0	0.442225	0.442225	0	0	0	0	0	0	0	0	0.442225	0.442225	0	0	0	0	0	0	0	0	0	0	0	0	0.442225	0.442225	0	0	0	0	0.442225	0.442225	0	0	0	0	0	0	0	0.442225	0.442225	0	0	0	0	0	0	0	0	0.442225	0.442225	0	0	0	0	0	0.442225	0.442225	0	0	0	0	0	0	0	0.442225	0.442225	0	0	0	0	0	0	0.442225	0.442225	0	0	0	0	0	0.442225	0.442225	0	0	0	0	0	0	0	0	0.442225	0.442225	0	0	0	0	0	0.442225	0.442225	0	0	0	0	0	0	0	0.442225	0.442225	0	0	0	0	0.442225	0.442225	0	0	0	0	0.442225	0.442225	0	0	0.442225	0.442225	0	0	0	0	0	0	0	0.442225	0.442225	0	0	0	0	0	0.442225	0.442225	0	0	0	0	0	0.442225	0.442225	0	0	0	0	0	0	0	0.442225	0.442225	0	0	0	0.442225	0.442225	0	0	0	0.442225	0.442225	0	0	0	0	0.442225	0.442225	0	0	0	0	0	0	0	0.442225	0.442225	0
0	0	0	0	0	0	0	0	0	0	0	0	0	0	0	0	0	0	0	0	0	0	0	0	0	0	0	0	0	0	0	0	0	0	0	0	0	0	0	0	0	0	0	0	0	0	0	0	0	0	0	0	0	0.442184	0.442184	0	0	0	0	0	0	0	0	0	0	0.442184	0.442184	0	0	0	0	0	0	0	0.442184	0.442184	0	0	0	0	0	0	0	0	0.442184	0.442184	0	0	0	0	0	0	0	0	0	0	0	0	0.442184	0.442184	0	0	0	0	0.442184	0.442184	0	0	0	0	0	0	0	0.442184	0.442184	0	0	0	0	0	0	0	0	0.442184	0.442184	0	0	0	0	0	0.442184	0.442184	0	0	0	0	0	0	0	0.442184	0.442184	0	0	0	0	0	0	0.442184	0.442184	0	0	0	0	0	0.442184	0.442184	0	0	0	0	0	0	0	0	0.442184	0.442184	0	0	0	0	0	0.442184	0.442184	0	0	0	0	0	0	0	0.442184	0.442184	0	0	0	0	0.442184	0.442184	0	0	0	0	0.442184	0.442184	0	0	0.442184	0.442184	0	0	0	0	0	0	0	0.442184	0.442184	0	0	0	0	0	0.442184	0.442184	0	0	0	0	0	0.442184	0.442184	0	0	0	0	0	0	0	0.442184	0.442184	0	0	0	0.442184	0.442184	0	0	0	0.442184	0.442184	0	0	0	0	0.442184	0.442184	0	0	0	0	0	0	0	0.442184	0.442184	0
0	0	0	0	0	0	0	0	0	0	0	0	0	0	0	0	0	0	0	0	0	0	0	0	0	0	0	0	0	0	0	0	0	0	0	0	0	0	0	0	0	0	0	0	0	0	0	0	0	0	0	0	0	0.442143	0.442143	0	0	0	0	0	0	0	0	0	0	0.442143	0.442143	0	0	0	0	0	0	0	0.442143	0.442143	0	0	0	0	0	0	0	0	0.442143	0.442143	0	0	0	0	0	0	0	0	0	0	0	0	0.442143	0.442143	0	0	0	0	0.442143	0.442143	0	0	0	0	0	0	0	0.442143	0.442143	0	0	0	0	0	0	0	0	0.442143	0.442143	0	0	0	0	0	0.442143	0.442143	0	0	0	0	0	0	0	0.442143	0.442143	0	0	0	0	0	0	0.442143	0.442143	0	0	0	0	0	0.442143	0.442143	0	0	0	0	0	0	0	0	0.442143	0.442143	0	0	0	0	0	0.442143	0.442143	0	0	0	0	0	0	0	0.442143	0.442143	0	0	0	0	0.442143	0.442143	0	0	0	0	0.442143	0.442143	0	0	0.442143	0.442143	0	0	0	0	0	0	0	0.442143	0.442143	0	0	0	0	0	0.442143	0.442143	0	0	0	0	0	0.442143	0.442143	0	0	0	0	0	0	0	0.442143	0.442143	0	0	0	0.442143	0.442143	0	0	0	0.442143	0.442143	0	0	0	0	0.442143	0.442143	0	0	0	0	0	0	0	0.442143	0.442143	0
0	0	0	0	0	0	0	0	0	0	0	0	0	0	0	0	0	0	0	0	0	0	0	0	0	0	0	0	0	0	0	0	0	0	0	0	0	0	0	0	0	0	0	0	0	0	0	0	0	0	0	0	0	0.442095	0.442095	0	0	0	0	0	0	0	0	0	0	0.442095	0.442095	0	0	0	0	0	0	0	0.442095	0.442095	0	0	0	0	0	0	0	0	0.442095	0.442095	0	0	0	0	0	0	0	0	0	0	0	0	0.442095	0.442095	0	0	0	0	0.442095	0.442095	0	0	0	0	0	0	0	0.442095	0.442095	0	0	0	0	0	0	0	0	0.442095	0.442095	0	0	0	0	0	0.442095	0.442095	0	0	0	0	0	0	0	0.442095	0.442095	0	0	0	0	0	0	0.442095	0.442095	0	0	0	0	0	0.442095	0.442095	0	0	0	0	0	0	0	0	0.442095	0.442095	0	0	0	0	0	0.442095	0.442095	0	0	0	0	0	0	0	0.442095	0.442095	0	0	0	0	0.442095	0.442095	0	0	0	0	0.442095	0.442095	0	0	0.442095	0.442095	0	0	0	0	0	0	0	0.442095	0.442095	0	0	0	0	0	0.442095	0.442095	0	0	0	0	0	0.442095	0.442095	0	0	0	0	0	0	0	0.442095	0.442095	0	0	0	0.442095	0.442095	0	0	0	0.442095	0.442095	0	0	0	0	0.442095	0.442095	0	0	0	0	0	0	0	0.442095	0.442095	0
0	0	0	0	0	0	0	0	0	0	0	0	0	0	0	0	0	0	0	0	0	0	0	0	0	0	0	0	0	0	0	0	0	0	0	0	0	0	0	0	0	0	0	0	0	0	0	0	0	0	0	0	0	0.442054	0.442054	0	0	0	0	0	0	0	0	0	0	0.442054	0.442054	0	0	0	0	0	0	0	0.442054	0.442054	0	0	0	0	0	0	0	0	0.442054	0.442054	0	0	0	0	0	0	0	0	0	0	0	0	0.442054	0.442054	0	0	0	0	0.442054	0.442054	0	0	0	0	0	0	0	0.442054	0.442054	0	0	0	0	0	0	0	0	0.442054	0.442054	0	0	0	0	0	0.442054	0.442054	0	0	0	0	0	0	0	0.442054	0.442054	0	0	0	0	0	0	0.442054	0.442054	0	0	0	0	0	0.442054	0.442054	0	0	0	0	0	0	0	0	0.442054	0.442054	0	0	0	0	0	0.442054	0.442054	0	0	0	0	0	0	0	0.442054	0.442054	0	0	0	0	0.442054	0.442054	0	0	0	0	0.442054	0.442054	0	0	0.442054	0.442054	0	0	0	0	0	0	0	0.442054	0.442054	0	0	0	0	0	0.442054	0.442054	0	0	0	0	0	0.442054	0.442054	0	0	0	0	0	0	0	0.442054	0.442054	0	0	0	0.442054	0.442054	0	0	0	0.442054	0.442054	0	0	0	0	0.442054	0.442054	0	0	0	0	0	0	0	0.442054	0.442054	0
0	0	0	0	0	0	0	0	0	0	0	0	0	0	0	0	0	0	0	0	0	0	0	0	0	0	0	0	0	0	0	0	0	0	0	0	0	0	0	0	0	0	0	0	0	0	0	0	0	0	0	0	0	0.442013	0.442013	0	0	0	0	0	0	0	0	0	0	0.442013	0.442013	0	0	0	0	0	0	0	0.442013	0.442013	0	0	0	0	0	0	0	0	0.442013	0.442013	0	0	0	0	0	0	0	0	0	0	0	0	0.442013	0.442013	0	0	0	0	0.442013	0.442013	0	0	0	0	0	0	0	0.442013	0.442013	0	0	0	0	0	0	0	0	0.442013	0.442013	0	0	0	0	0	0.442013	0.442013	0	0	0	0	0	0	0	0.442013	0.442013	0	0	0	0	0	0	0.442013	0.442013	0	0	0	0	0	0.442013	0.442013	0	0	0	0	0	0	0	0	0.442013	0.442013	0	0	0	0	0	0.442013	0.442013	0	0	0	0	0	0	0	0.442013	0.442013	0	0	0	0	0.442013	0.442013	0	0	0	0	0.442013	0.442013	0	0	0.442013	0.442013	0	0	0	0	0	0	0	0.442013	0.442013	0	0	0	0	0	0.442013	0.442013	0	0	0	0	0	0.442013	0.442013	0	0	0	0	0	0	0	0.442013	0.442013	0	0	0	0.442013	0.442013	0	0	0	0.442013	0.442013	0	0	0	0	0.442013	0.442013	0	0	0	0	0	0	0	0.442013	0.442013	0
0	0	0	0	0	0	0	0	0	0	0	0	0	0	0	0	0	0	0	0	0	0	0	0	0	0	0	0	0	0	0	0	0	0	0	0	0	0	0	0	0	0	0	0	0	0	0	0	0	0	0	0	0	0.441972	0.441972	0	0	0	0	0	0	0	0	0	0	0.441972	0.441972	0	0	0	0	0	0	0	0.441972	0.441972	0	0	0	0	0	0	0	0	0.441972	0.441972	0	0	0	0	0	0	0	0	0	0	0	0	0.441972	0.441972	0	0	0	0	0.441972	0.441972	0	0	0	0	0	0	0	0.441972	0.441972	0	0	0	0	0	0	0	0	0.441972	0.441972	0	0	0	0	0	0.441972	0.441972	0	0	0	0	0	0	0	0.441972	0.441972	0	0	0	0	0	0	0.441972	0.441972	0	0	0	0	0	0.441972	0.441972	0	0	0	0	0	0	0	0	0.441972	0.441972	0	0	0	0	0	0.441972	0.441972	0	0	0	0	0	0	0	0.441972	0.441972	0	0	0	0	0.441972	0.441972	0	0	0	0	0.441972	0.441972	0	0	0.441972	0.441972	0	0	0	0	0	0	0	0.441972	0.441972	0	0	0	0	0	0.441972	0.441972	0	0	0	0	0	0.441972	0.441972	0	0	0	0	0	0	0	0.441972	0.441972	0	0	0	0.441972	0.441972	0	0	0	0.441972	0.441972	0	0	0	0	0.441972	0.441972	0	0	0	0	0	0	0	0.441972	0.441972	0
0	0	0	0	0	0	0	0	0	0	0	0	0	0	0	0	0	0	0	0	0	0	0	0	0	0	0	0	0	0	0	0	0	0	0	0	0	0	0	0	0	0	0	0	0	0	0	0	0	0	0	0	0	0.441931	0.441931	0	0	0	0	0	0	0	0	0	0	0.441931	0.441931	0	0	0	0	0	0	0	0.441931	0.441931	0	0	0	0	0	0	0	0	0.441931	0.441931	0	0	0	0	0	0	0	0	0	0	0	0	0.441931	0.441931	0	0	0	0	0.441931	0.441931	0	0	0	0	0	0	0	0.441931	0.441931	0	0	0	0	0	0	0	0	0.441931	0.441931	0	0	0	0	0	0.441931	0.441931	0	0	0	0	0	0	0	0.441931	0.441931	0	0	0	0	0	0	0.441931	0.441931	0	0	0	0	0	0.441931	0.441931	0	0	0	0	0	0	0	0	0.441931	0.441931	0	0	0	0	0	0.441931	0.441931	0	0	0	0	0	0	0	0.441931	0.441931	0	0	0	0	0.441931	0.441931	0	0	0	0	0.441931	0.441931	0	0	0.441931	0.441931	0	0	0	0	0	0	0	0.441931	0.441931	0	0	0	0	0	0.441931	0.441931	0	0	0	0	0	0.441931	0.441931	0	0	0	0	0	0	0	0.441931	0.441931	0	0	0	0.441931	0.441931	0	0	0	0.441931	0.441931	0	0	0	0	0.441931	0.441931	0	0	0	0	0	0	0	0.441931	0.441931	0
0.441918	0.441918	0.441918	0.441918	0.441918	0.441918	0.441918	0.441918	0.441918	0.441918	0.441918	0.441918	0.441918	0.441918	0.441918	0.441918	0.441918	0.441918	0.441918	0.441918	0.441918	0.441918	0.441918	0.441918	0.441918	0.441918	0.441918	0.441918	0.441918	0.441918	0.441918	0.441918	0.441918	0.441918	0.441918	0.441918	0.441918	0.441918	0.441918	0.441918	0.441918	0.441918	0.441918	0.441918	0.441918	0.441918	0.441918	0.441918	0.441918	0.441918	0.441918	0.441918	0.441918	0.468705	0.494046	0.349367	0.441918	0.441918	0.441918	0.441918	0.441918	0.441918	0.441918	0.441918	0.441918	0.468705	0.494046	0.349367	0.441918	0.441918	0.441918	0.441918	0.441918	0.441918	0.468705	0.494046	0.349367	0.441918	0.441918	0.441918	0.441918	0.441918	0.441918	0.563328	0.796624	0.644173	0.441918	0.441918	0.441918	0.441918	0.441918	0.441918	0.441918	0.563328	0.781174	0.883783	0.883783	0.883783	0.841333	0.644173	0.441918	0.441918	0.441918	0.441918	0.468705	0.349345	0	0.156238	0.349367	0.441918	0.441918	0.441918	0.441918	0.468705	0.349345	0.156238	0.349367	0.441918	0.441918	0.441918	0.441918	0.441918	0.441918	0.468705	0.494046	0.349367	0.441918	0.441918	0.441918	0.441918	0.468705	0.349345	0.156238	0.349367	0.441918	0.441918	0.441918	0.441918	0.441918	0.468705	0.349345	0.156238	0.349367	0.441918	0.441918	0.441918	0.441918	0.468705	0.494046	0.349367	0.441918	0.441918	0.441918	0.441918	0.468705	0.349345	0	0.156238	0.349367	0.441918	0.441918	0.441918	0.441918	0.441918	0.468705	0.349345	0	0	0	0.156238	0.349367	0.468705	0.349345	0	0	0	0	0	0.156238	0.349367	0.468705	0.349345	0	0	0	0.156238	0.494046	0.349345	0	0.156238	0.349367	0.441918	0.468705	0.349345	0	0	0.441884	0.441884	0	0	0	0.156238	0.349367	0.441918	0.441918	0.468705	0.349345	0.156238	0.349367	0.441918	0.441918	0.441918	0.468705	0.349345	0.156238	0.349367	0.441918	0.441918	0.441918	0.468705	0.349345	0.156238	0.349367	0.441918	0.441918	0.441918	0.441918	0.441918	0.468705	0.349345	0.156238	0.349367	0.441918	0.468705	0.349345	0	0	0	0.441884	0.441884	0	0	0.156238	0.349367	0.468705	0.349345	0	0	0	0.156238	0.349367	0.441918	0.441918	0.468705	0.494046	0.349367
0.441877	0.441877	0.441877	0.441877	0.441877	0.441877	0.441877	0.441877	0.441877	0.441877	0.441877	0.441877	0.441877	0.441877	0.441877	0.441877	0.441877	0.441877	0.441877	0.441877	0.441877	0.441877	0.441877	0.441877	0.441877	0.441877	0.441877	0.441877	0.441877	0.441877	0.441877	0.441877	0.441877	0.441877	0.441877	0.441877	0.441877	0.441877	0.441877	0.441877	0.441877	0.441877	0.441877	0.441877	0.441877	0.441877	0.441877	0.441877	0.441877	0.441877	0.441877	0.441877	0.441877	0.349334	0.494	0.468662	0.441877	0.441877	0.441877	0.441877	0.441877	0.441877	0.441877	0.441877	0.441877	0.349334	0.494	0.468662	0.441877	0.441877	0.441877	0.441877	0.441877	0.441877	0.349334	0.494	0.468662	0.441877	0.441877	0.441877	0.441877	0.441877	0.441877	0.644113	0.79655	0.563276	0.441877	0.441877	0.441877	0.441877	0.441877	0.441877	0.441877	0.644113	0.841255	0.883701	0.883701	0.883701	0.781101	0.563276	0.441877	0.441877	0.441877	0.441877	0.349334	0.156224	0	0.349313	0.468662	0.441877	0.441877	0.441877	0.441877	0.349334	0.156224	0.349313	0.468662	0.441877	0.441877	0.441877	0.441877	0.441877	0.441877	0.349334	0.494	0.468662	0.441877	0.441877	0.441877	0.441877	0.349334	0.156224	0.349313	0.468662	0.441877	0.441877	0.441877	0.441877	0.441877	0.349334	0.156224	0.349313	0.468662	0.441877	0.441877	0.441877	0.441877	0.349334	0.494	0.468662	0.441877	0.441877	0.441877	0.441877	0.349334	0.156224	0	0.349313	0.468662	0.441877	0.441877	0.441877	0.441877	0.441877	0.349334	0.156224	0	0	0	0.349313	0.468662	0.349334	0.156224	0	0	0	0	0	0.349313	0.468662	0.349334	0.156224	0	0	0	0.349313	0.494	0.156224	0	0.349313	0.468662	0.441877	0.349334	0.156224	0	0	0.441843	0.441843	0	0	0	0.349313	0.468662	0.441877	0.441877	0.349334	0.156224	0.349313	0.468662	0.441877	0.441877	0.441877	0.349334	0.156224	0.349313	0.468662	0.441877	0.441877	0.441877	0.349334	0.156224	0.349313	0.468662	0.441877	0.441877	0.441877	0.441877	0.441877	0.349334	0.156224	0.349313	0.468662	0.441877	0.349334	0.156224	0	0	0	0.441843	0.441843	0	0	0.349313	0.468662	0.349334	0.156224	0	0	0	0.349313	0.468662	0.441877	0.441877	0.349334	0.494	0.468662
0	0	0	0	0	0	0	0	0	0	0	0	0	0	0	0	0	0	0	0	0	0	0	0	0	0	0	0	0	0	0	0	0	0	0	0	0	0	0	0	0	0	0	0	0	0	0	0	0	0	0	0	0	0	0.441802	0.441802	0	0	0	0	0	0	0	0	0	0	0.441802	0.441802	0	0	0	0	0	0	0	0.441802	0.441802	0	0	0	0	0	0	0.441802	0.441802	0	0	0	0	0	0	0	0	0.441802	0.441802	0	0	0	0	0	0	0	0	0	0	0	0	0.441802	0.441802	0	0	0	0	0	0	0.441802	0.441802	0	0	0	0	0	0	0	0.441802	0.441802	0	0	0	0	0	0	0.441802	0.441802	0	0	0	0	0	0	0	0.441802	0.441802	0	0	0	0	0	0.441802	0.441802	0	0	0	0	0	0	0	0.441802	0.441802	0	0	0	0	0	0	0	0	0	0	0.441802	0.441802	0	0	0	0	0	0	0	0.441802	0.441802	0	0	0	0	0	0.441802	0.441802	0	0	0.441802	0.441802	0	0	0	0	0	0.441802	0.441802	0	0	0	0.441802	0.441802	0	0	0	0	0.441802	0.441802	0	0	0	0	0	0.441802	0.441802	0	0	0	0	0	0.441802	0.441802	0	0	0	0	0	0	0	0.441802	0.441802	0	0	0	0	0	0	0.441802	0.441802	0	0	0.441802	0.441802	0	0	0	0	0	0.441802	0.441802	0	0	0	0.441802	0.441802
0	0	0	0	0	0	0	0	0	0	0	0	0	0	0	0	0	0	0	0	0	0	0	0	0	0	0	0	0	0	0	0	0	0	0	0	0	0	0	0	0	0	0	0	0	0	0	0	0	0	0	0	0	0	0.441761	0.441761	0	0	0	0	0	0	0	0	0	0	0.441761	0.441761	0	0	0	0	0	0	0	0.441761	0.441761	0	0	0	0	0	0	0.441761	0.441761	0	0	0	0	0	0	0	0	0.441761	0.441761	0	0	0	0	0	0	0	0	0	0	0	0	0.441761	0.441761	0	0	0	0	0	0	0.441761	0.441761	0	0	0	0	0	0	0	0.441761	0.441761	0	0	0	0	0	0	0.441761	0.441761	0	0	0	0	0	0	0	0.441761	0.441761	0	0	0	0	0	0.441761	0.441761	0	0	0	0	0	0	0	0.441761	0.441761	0	0	0	0	0	0	0	0	0	0	0.441761	0.441761	0	0	0	0	0	0	0	0.441761	0.441761	0	0	0	0	0	0.441761	0.441761	0	0	0.441761	0.441761	0	0	0	0	0	0.441761	0.441761	0	0	0	0.441761	0.441761	0	0	0	0	0.441761	0.441761	0	0	0	0	0	0.441761	0.441761	0	0	0	0	0	0.441761	0.441761	0	0	0	0	0	0	0	0.441761	0.441761	0	0	0	0	0	0	0.441761	0.441761	0	0	0.441761	0.441761	0	0	0	0	0	0.441761	0.441761	0	0	0	0.441761	0.441761
0	0	0	0	0	0	0	0	0	0	0	0	0	0	0	0	0	0	0	0	0	0	0	0	0	0	0	0	0	0	0	0	0	0	0	0	0	0	0	0	0	0	0	0	0	0	0	0	0	0	0	0	0	0	0.44172	0.44172	0	0	0	0	0	0	0	0	0	0	0.44172	0.44172	0	0	0	0	0	0	0	0.44172	0.44172	0	0	0	0	0	0	0.44172	0.44172	0	0	0	0	0	0	0	0	0.44172	0.44172	0	0	0	0	0	0	0	0	0	0	0	0	0.44172	0.44172	0	0	0	0	0	0	0.44172	0.44172	0	0	0	0	0	0	0	0.44172	0.44172	0	0	0	0	0	0	0.44172	0.44172	0	0	0	0	0	0	0	0.44172	0.44172	0	0	0	0	0	0.44172	0.44172	0	0	0	0	0	0	0	0.44172	0.44172	0	0	0	0	0	0	0	0	0	0	0.44172	0.44172	0	0	0	0	0	0	0	0.44172	0.44172	0	0	0	0	0	0.44172	0.44172	0	0	0.44172	0.44172	0	0	0	0	0	0.44172	0.44172	0	0	0	0.44172	0.44172	0	0	0	0	0.44172	0.44172	0	0	0	0	0	0.44172	0.44172	0	0	0	0	0	0.44172	0.44172	0	0	0	0	0	0	0	0.44172	0.44172	0	0	0	0	0	0	0.44172	0.44172	0	0	0.44172	0.44172	0	0	0	0	0	0.44172	0.44172	0	0	0	0.44172	0.44172
0	0	0	0	0	0	0	0	0	0	0	0	0	0	0	0	0	0	0	0	0	0	0	0	0	0	0	0	0	0	0	0	0	0	0	0	0	0	0	0	0	0	0	0	0	0	0	0	0	0	0	0	0	0	0.441679	0.441679	0	0	0	0	0	0	0	0	0	0	0.441679	0.441679	0	0	0	0	0	0	0	0.441679	0.441679	0	0	0	0	0	0	0.441679	0.441679	0	0	0	0	0	0	0	0	0.441679	0.441679	0	0	0	0	0	0	0	0	0	0	0	0	0.441679	0.441679	0	0	0	0	0	0	0.441679	0.441679	0	0	0	0	0	0	0	0.441679	0.441679	0	0	0	0	0	0	0.441679	0.441679	0	0	0	0	0	0	0	0.441679	0.441679	0	0	0	0	0	0.441679	0.441679	0	0	0	0	0	0	0	0.441679	0.441679	0	0	0	0	0	0	0	0	0	0	0.441679	0.441679	0	0	0	0	0	0	0	0.441679	0.441679	0	0	0	0	0	0.441679	0.441679	0	0	0.441679	0.441679	0	0	0	0	0	0.441679	0.441679	0	0	0	0.441679	0.441679	0	0	0	0	0.441679	0.441679	0	0	0	0	0	0.441679	0.441679	0	0	0	0	0	0.441679	0.441679	0	0	0	0	0	0	0	0.441679	0.441679	0	0	0	0	0	0	0.441679	0.441679	0	0	0.441679	0.441679	0	0	0	0	0	0.441679	0.441679	0	0	0	0.441679	0.441679
0	0	0	0	0	0	0	0	0	0	0	0	0	0	0	0	0	0	0	0	0	0	0	0	0	0	0	0	0	0	0	0	0	0	0	0	0	0	0	0	0	0	0	0	0	0	0	0	0	0	0	0	0	0	0.441632	0.441632	0	0	0	0	0	0	0	0	0	0	0.441632	0.441632	0	0	0	0	0	0	0	0.441632	0.441632	0	0	0	0	0	0	0.441632	0.441632	0	0	0	0	0	0	0	0	0.441632	0.441632	0	0	0	0	0	0	0	0	0	0	0	0	0.441632	0.441632	0	0	0	0	0	0	0.441632	0.441632	0	0	0	0	0	0	0	0.441632	0.441632	0	0	0	0	0	0	0.441632	0.441632	0	0	0	0	0	0	0	0.441632	0.441632	0	0	0	0	0	0.441632	0.441632	0	0	0	0	0	0	0	0.441632	0.441632	0	0	0	0	0	0	0	0	0	0	0.441632	0.441632	0	0	0	0	0	0	0	0.441632	0.441632	0	0	0	0	0	0.441632	0.441632	0	0	0.441632	0.441632	0	0	0	0	0	0.441632	0.441632	0	0	0	0.441632	0.441632	0	0	0	0	0.441632	0.441632	0	0	0	0	0	0.441632	0.441632	0	0	0	0	0	0.441632	0.441632	0	0	0	0	0	0	0	0.441632	0.441632	0	0	0	0	0	0	0.441632	0.441632	0	0	0.441632	0.441632	0	0	0	0	0	0.441632	0.441632	0	0	0	0.441632	0.441632
0	0	0	0	0	0	0	0	0	0	0	0	0	0	0	0	0	0	0	0	0	0	0	0	0	0	0	0	0	0	0	0	0	0	0	0	0	0	0	0	0	0	0	0	0	0	0	0	0	0	0	0	0	0	0.441591	0.441591	0	0	0	0	0	0	0	0	0	0	0.441591	0.441591	0	0	0	0	0	0	0	0.441591	0.441591	0	0	0	0	0	0	0.441591	0.441591	0	0	0	0	0	0	0	0	0.441591	0.441591	0	0	0	0	0	0	0	0	0	0	0	0	0.441591	0.441591	0	0	0	0	0	0	0.441591	0.441591	0	0	0	0	0	0	0	0.441591	0.441591	0	0	0	0	0	0	0.441591	0.441591	0	0	0	0	0	0	0	0.441591	0.441591	0	0	0	0	0	0.441591	0.441591	0	0	0	0	0	0	0	0.441591	0.441591	0	0	0	0	0	0	0	0	0	0	0.441591	0.441591	0	0	0	0	0	0	0	0.441591	0.441591	0	0	0	0	0	0.441591	0.441591	0	0	0.441591	0.441591	0	0	0	0	0	0.441591	0.441591	0	0	0	0.441591	0.441591	0	0	0	0	0.441591	0.441591	0	0	0	0	0	0.441591	0.441591	0	0	0	0	0	0.441591	0.441591	0	0	0	0	0	0	0	0.441591	0.441591	0	0	0	0	0	0	0.441591	0.441591	0	0	0.441591	0.441591	0	0	0	0	0	0.441591	0.441591	0	0	0	0.441591	0.441591
0	0	0	0	0	0	0	0	0	0	0	0	0	0	0	0	0	0	0	0	0	0	0	0	0	0	0	0	0	0	0	0	0	0	0	0	0	0	0	0	0	0	0	0	0	0	0	0	0	0	0	0	0	0	0.44155	0.44155	0	0	0	0	0	0	0	0	0	0	0.44155	0.44155	0	0	0	0	0	0	0	0.44155	0.44155	0	0	0	0	0	0	0.44155	0.44155	0	0	0	0	0	0	0	0	0.44155	0.44155	0	0	0	0	0	0	0	0	0	0	0	0	0.44155	0.44155	0	0	0	0	0	0	0.44155	0.44155	0	0	0	0	0	0	0	0.44155	0.44155	0	0	0	0	0	0	0.44155	0.44155	0	0	0	0	0	0	0	0.44155	0.44155	0	0	0	0	0	0.44155	0.44155	0	0	0	0	0	0	0	0.44155	0.44155	0	0	0	0	0	0	0	0	0	0	0.44155	0.44155	0	0	0	0	0	0	0	0.44155	0.44155	0	0	0	0	0	0.44155	0.44155	0	0	0.44155	0.44155	0	0	0	0	0	0.44155	0.44155	0	0	0	0.44155	0.44155	0	0	0	0	0.44155	0.44155	0	0	0	0	0	0.44155	0.44155	0	0	0	0	0	0.44155	0.44155	0	0	0	0	0	0	0	0.44155	0.44155	0	0	0	0	0	0	0.44155	0.44155	0	0	0.44155	0.44155	0	0	0	0	0	0.44155	0.44155	0	0	0	0.44155	0.44155
0	0	0	0	0	0	0	0	0	0	0	0	0	0	0	0	0	0	0	0	0	0	0	0	0	0	0	0	0	0	0	0	0	0	0	0	0	0	0	0	0	0	0	0	0	0	0	0	0	0	0	0	0	0	0.441509	0.441509	0	0	0	0	0	0	0	0	0	0	0.441509	0.441509	0	0	0	0	0	0	0	0.441509	0.441509	0	0	0	0	0	0	0.441509	0.441509	0	0	0	0	0	0	0	0	0.441509	0.441509	0	0	0	0	0	0	0	0	0	0	0	0	0.441509	0.441509	0	0	0	0	0	0	0.441509	0.441509	0	0	0	0	0	0	0	0.441509	0.441509	0	0	0	0	0	0	0.441509	0.441509	0	0	0	0	0	0	0	0.441509	0.441509	0	0	0	0	0	0.441509	0.441509	0	0	0	0	0	0	0	0.441509	0.441509	0	0	0	0	0	0	0	0	0	0	0.441509	0.441509	0	0	0	0	0	0	0	0.441509	0.441509	0	0	0	0	0	0.441509	0.441509	0	0	0.441509	0.441509	0	0	0	0	0	0.441509	0.441509	0	0	0	0.441509	0.441509	0	0	0	0	0.441509	0.441509	0	0	0	0	0	0.441509	0.441509	0	0	0	0	0	0.441509	0.441509	0	0	0	0	0	0	0	0.441509	0.441509	0	0	0	0	0	0	0.441509	0.441509	0	0	0.441509	0.441509	0	0	0	0	0	0.441509	0.441509	0	0	0	0.441509	0.441509
0	0	0	0	0	0	0	0	0	0	0	0	0	0	0	0	0	0	0	0	0	0	0	0	0	0	0	0	0	0	0	0	0	0	0	0	0	0	0	0	0	0	0	0	0	0	0	0	0	0	0	0	0	0	0.441468	0.441468	0	0	0	0	0	0	0	0	0	0	0.441468	0.441468	0	0	0	0	0	0	0	0.441468	0.441468	0	0	0	0	0	0	0.441468	0.441468	0	0	0	0	0	0	0	0	0.441468	0.441468	0	0	0	0	0	0	0	0	0	0	0	0	0.441468	0.441468	0	0	0	0	0	0	0.441468	0.441468	0	0	0	0	0	0	0	0.441468	0.441468	0	0	0	0	0	0	0.441468	0.441468	0	0	0	0	0	0	0	0.441468	0.441468	0	0	0	0	0	0.441468	0.441468	0	0	0	0	0	0	0	0.441468	0.441468	0	0	0	0	0	0	0	0	0	0	0.441468	0.441468	0	0	0	0	0	0	0	0.441468	0.441468	0	0	0	0	0	0.441468	0.441468	0	0	0.441468	0.441468	0	0	0	0	0	0.441468	0.441468	0	0	0	0.441468	0.441468	0	0	0	0	0.441468	0.441468	0	0	0	0	0	0.441468	0.441468	0	0	0	0	0	0.441468	0.441468	0	0	0	0	0	0	0	0.441468	0.441468	0	0	0	0	0	0	0.441468	0.441468	0	0	0.441468	0.441468	0	0	0	0	0	0.441468	0.441468	0	0	0	0.441468	0.441468
0	0	0	0	0	0	0	0	0	0	0	0	0	0	0	0	0	0	0	0	0	0	0	0	0	0	0	0	0	0	0	0	0	0	0	0	0	0	0	0	0	0	0	0	0	0	0	0	0	0	0	0	0	0	0.441421	0.441421	0	0	0	0	0	0	0	0	0	0	0.441421	0.441421	0	0	0	0	0	0	0	0.441421	0.441421	0	0	0	0	0	0	0.441421	0.441421	0	0	0	0	0	0	0	0	0.441421	0.441421	0	0	0	0	0	0	0	0	0	0	0	0	0.441421	0.441421	0	0	0	0	0	0	0.441421	0.441421	0	0	0	0	0	0	0	0.441421	0.441421	0	0	0	0	0	0	0.441421	0.441421	0	0	0	0	0	0	0	0.441421	0.441421	0	0	0	0	0	0.441421	0.441421	0	0	0	0	0	0	0	0.441421	0.441421	0	0	0	0	0	0	0	0	0	0	0.441421	0.441421	0	0	0	0	0	0	0	0.441421	0.441421	0	0	0	0	0	0.441421	0.441421	0	0	0.441421	0.441421	0	0	0	0	0	0.441421	0.441421	0	0	0	0.441421	0.441421	0	0	0	0	0.441421	0.441421	0	0	0	0	0	0.441421	0.441421	0	0	0	0	0	0.441421	0.441421	0	0	0	0	0	0	0	0.441421	0.441421	0	0	0	0	0	0	0.441421	0.441421	0	0	0.441421	0.441421	0	0	0	0	0	0.441421	0.441421	0	0	0	0.441421	0.441421
0	0	0	0	0	0	0	0	0	0	0	0	0	0	0	0	0	0	0	0	0	0	0	0	0	0	0	0	0	0	0	0	0	0	0	0	0	0	0	0	0	0	0	0	0	0	0	0	0	0	0	0	0	0	0.44138	0.44138	0	0	0	0	0	0	0	0	0	0	0.44138	0.44138	0	0	0	0	0	0	0	0.44138	0.44138	0	0	0	0	0	0	0.44138	0.44138	0	0	0	0	0	0	0	0	0.44138	0.44138	0	0	0	0	0	0	0	0	0	0	0	0	0.44138	0.44138	0	0	0	0	0	0	0.44138	0.44138	0	0	0	0	0	0	0	0.44138	0.44138	0	0	0	0	0	0	0.44138	0.44138	0	0	0	0	0	0	0	0.44138	0.44138	0	0	0	0	0	0.44138	0.44138	0	0	0	0	0	0	0	0.44138	0.44138	0	0	0	0	0	0	0	0	0	0	0.44138	0.44138	0	0	0	0	0	0	0	0.44138	0.44138	0	0	0	0	0	0.44138	0.44138	0	0	0.44138	0.44138	0	0	0	0	0	0.44138	0.44138	0	0	0	0.44138	0.44138	0	0	0	0	0.44138	0.44138	0	0	0	0	0	0.44138	0.44138	0	0	0	0	0	0.44138	0.44138	0	0	0	0	0	0	0	0.44138	0.44138	0	0	0	0	0	0	0.44138	0.44138	0	0	0.44138	0.44138	0	0	0	0	0	0.44138	0.44138	0	0	0	0.44138	0.44138
0	0	0	0	0	0	0	0	0	0	0	0	0	0	0	0	0	0	0	0	0	0	0	0	0	0	0	0	0	0	0	0	0	0	0	0	0	0	0	0	0	0	0	0	0	0	0	0	0	0	0	0	0	0	0.441339	0.441339	0	0	0	0	0	0	0	0	0	0	0.441339	0.441339	0	0	0	0	0	0	0	0.441339	0.441339	0	0	0	0	0	0	0.441339	0.441339	0	0	0	0	0	0	0	0	0.441339	0.441339	0	0	0	0	0	0	0	0	0	0	0	0	0.441339	0.441339	0	0	0	0	0	0	0.441339	0.441339	0	0	0	0	0	0	0	0.441339	0.441339	0	0	0	0	0	0	0.441339	0.441339	0	0	0	0	0	0	0	0.441339	0.441339	0	0	0	0	0	0.441339	0.441339	0	0	0	0	0	0	0	0.441339	0.441339	0	0	0	0	0	0	0	0	0	0	0.441339	0.441339	0	0	0	0	0	0	0	0.441339	0.441339	0	0	0	0	0	0.441339	0.441339	0	0	0.441339	0.441339	0	0	0	0	0	0.441339	0.441339	0	0	0	0.441339	0.441339	0	0	0	0	0.441339	0.441339	0	0	0	0	0	0.441339	0.441339	0	0	0	0	0	0.441339	0.441339	0	0	0	0	0	0	0	0.441339	0.441339	0	0	0	0	0	0	0.441339	0.441339	0	0	0.441339	0.441339	0	0	0	0	0	0.441339	0.441339	0	0	0	0.441339	0.441339
0	0	0	0	0	0	0	0	0	0	0	0	0	0	0	0	0	0	0	0	0	0	0	0	0	0	0	0	0	0	0	0	0	0	0	0	0	0	0	0	0	0	0	0	0	0	0	0	0	0	0	0	0	0	0.441298	0.441298	0	0	0	0	0	0	0	0	0	0	0.441298	0.441298	0	0	0	0	0	0	0	0.441298	0.441298	0	0	0	0	0	0	0.441298	0.441298	0	0	0	0	0	0	0	0	0.441298	0.441298	0	0	0	0	0	0	0	0	0	0	0	0	0.441298	0.441298	0	0	0	0	0	0	0.441298	0.441298	0	0	0	0	0	0	0	0.441298	0.441298	0	0	0	0	0	0	0.441298	0.441298	0	0	0	0	0	0	0	0.441298	0.441298	0	0	0	0	0	0.441298	0.441298	0	0	0	0	0	0	0	0.441298	0.441298	0	0	0	0	0	0	0	0	0	0	0.441298	0.441298	0	0	0	0	0	0	0	0.441298	0.441298	0	0	0	0	0	0.441298	0.441298	0	0	0.441298	0.441298	0	0	0	0	0	0.441298	0.441298	0	0	0	0.441298	0.441298	0	0	0	0	0.441298	0.441298	0	0	0	0	0	0.441298	0.441298	0	0	0	0	0	0.441298	0.441298	0	0	0	0	0	0	0	0.441298	0.441298	0	0	0	0	0	0	0.441298	0.441298	0	0	0.441298	0.441298	0	0	0	0	0	0.441298	0.441298	0	0	0	0.441298	0.441298
0	0	0	0	0	0	0	0	0	0	0	0	0	0	0	0.156017	0.348871	0.441292	0.441292	0.441292	0.441292	0.441292	0.441292	0.441292	0.441292	0.441292	0.441292	0.441292	0.441292	0.441292	0.441292	0.441292	0.441292	0.441292	0.441292	0.441292	0.441292	0.441292	0.441292	0.441292	0.441292	0.441292	0.441292	0.441292	0.441292	0.441292	0.441292	0.56253	0.780067	0.882531	0.882531	0.882531	0.882531	0.882531	0.84014	0.64326	0.441292	0.441292	0.441292	0.441292	0.441292	0.441292	0.56253	0.780067	0.882531	0.882531	0.84014	0.64326	0.441292	0.441292	0.441292	0.441292	0.441292	0.441292	0.441292	0.624044	0.624044	0.441292	0.441292	0.441292	0.441292	0.441292	0.441292	0.468041	0.493346	0.348871	0.441292	0.441292	0.441292	0.441292	0.441292	0.441292	0.441292	0.468041	0.34885	0	0	0.156017	0.348871	0.441292	0.441292	0.441292	0.441292	0.441292	0.441292	0.441292	0.441292	0.468041	0.34885	0.156017	0.348871	0.441292	0.441292	0.441292	0.441292	0.468041	0.493346	0.348871	0.441292	0.441292	0.441292	0.441292	0.441292	0.441292	0.468041	0.493346	0.348871	0.441292	0.441292	0.441292	0.441292	0.441292	0.468041	0.493346	0.348871	0.441292	0.441292	0.441292	0.441292	0.441292	0.441292	0.468041	0.34885	0.156017	0.348871	0.441292	0.441292	0.441292	0.468041	0.34885	0	0	0	0	0	0	0.156017	0.493346	0.34885	0	0	0	0	0	0	0	0.156017	0.348871	0.441292	0.468041	0.34885	0	0	0	0.156017	0.348871	0.441292	0.441292	0.468041	0.34885	0	0	0.156017	0.348871	0.441292	0.468041	0.34885	0.156017	0.348871	0.468041	0.34885	0	0	0	0.156017	0.348871	0.468041	0.34885	0	0	0.156017	0.493346	0.34885	0	0	0	0.156017	0.493346	0.34885	0	0	0	0.156017	0.348871	0.468041	0.34885	0	0	0.156017	0.348871	0.441292	0.468041	0.34885	0	0.156017	0.348871	0.441292	0.441292	0.441292	0.441292	0.624044	0.624044	0.441292	0.441292	0.441292	0.441292	0.441292	0.441292	0.468041	0.493346	0.348871	0.441292	0.468041	0.34885	0	0	0	0.156017	0.348871	0.468041	0.34885	0	0	0	0.441258	0.441258
0	0	0	0	0	0	0	0	0	0	0	0	0	0	0	0.348817	0.467994	0.441244	0.441244	0.441244	0.441244	0.441244	0.441244	0.441244	0.441244	0.441244	0.441244	0.441244	0.441244	0.441244	0.441244	0.441244	0.441244	0.441244	0.441244	0.441244	0.441244	0.441244	0.441244	0.441244	0.441244	0.441244	0.441244	0.441244	0.441244	0.441244	0.441244	0.643193	0.840052	0.882436	0.882436	0.882436	0.882436	0.882436	0.779983	0.56247	0.441244	0.441244	0.441244	0.441244	0.441244	0.441244	0.643193	0.840052	0.882436	0.882436	0.779983	0.56247	0.441244	0.441244	0.441244	0.441244	0.441244	0.441244	0.441244	0.623982	0.623982	0.441244	0.441244	0.441244	0.441244	0.441244	0.441244	0.348834	0.493299	0.467994	0.441244	0.441244	0.441244	0.441244	0.441244	0.441244	0.441244	0.348834	0.156001	0	0	0.348817	0.467994	0.441244	0.441244	0.441244	0.441244	0.441244	0.441244	0.441244	0.441244	0.348834	0.156001	0.348817	0.467994	0.441244	0.441244	0.441244	0.441244	0.348834	0.493299	0.467994	0.441244	0.441244	0.441244	0.441244	0.441244	0.441244	0.348834	0.493299	0.467994	0.441244	0.441244	0.441244	0.441244	0.441244	0.348834	0.493299	0.467994	0.441244	0.441244	0.441244	0.441244	0.441244	0.441244	0.348834	0.156001	0.348817	0.467994	0.441244	0.441244	0.441244	0.348834	0.156001	0	0	0	0	0	0	0.348817	0.493299	0.156001	0	0	0	0	0	0	0	0.348817	0.467994	0.441244	0.348834	0.156001	0	0	0	0.348817	0.467994	0.441244	0.441244	0.348834	0.156001	0	0	0.348817	0.467994	0.441244	0.348834	0.156001	0.348817	0.467994	0.348834	0.156001	0	0	0	0.348817	0.467994	0.348834	0.156001	0	0	0.348817	0.493299	0.156001	0	0	0	0.348817	0.493299	0.156001	0	0	0	0.348817	0.467994	0.348834	0.156001	0	0	0.348817	0.467994	0.441244	0.348834	0.156001	0	0.348817	0.467994	0.441244	0.441244	0.441244	0.441244	0.623982	0.623982	0.441244	0.441244	0.441244	0.441244	0.441244	0.441244	0.348834	0.493299	0.467994	0.441244	0.348834	0.156001	0	0	0	0.348817	0.467994	0.348834	0.156001	0	0	0	0.441217	0.441217
0	0	0	0	0	0	0	0	0	0	0	0	0	0	0	0.441169	0.441169	0	0	0	0	0	0	0	0	0	0	0	0	0	0	0	0	0	0	0	0	0	0	0	0	0	0	0	0	0	0	0.441169	0.441169	0	0	0	0	0	0	0	0	0	0	0	0	0	0.441169	0.441169	0	0	0	0	0	0	0	0	0	0	0	0.441169	0.441169	0	0	0	0	0	0	0	0.441169	0.441169	0	0	0	0	0	0	0	0	0	0	0	0.441169	0.441169	0	0	0	0	0	0	0	0	0	0	0.441169	0.441169	0	0	0	0	0	0.441169	0.441169	0	0	0	0	0	0	0	0.441169	0.441169	0	0	0	0	0	0	0.441169	0.441169	0	0	0	0	0	0	0	0	0.441169	0.441169	0	0	0	0	0	0	0	0	0	0	0	0.441169	0.441169	0	0	0	0	0	0	0	0	0.441169	0.441169	0	0	0	0	0	0	0.441169	0.441169	0	0	0	0	0	0	0.441169	0.441169	0	0	0	0.441169	0.441169	0	0	0	0	0	0.441169	0.441169	0	0	0	0	0.441169	0.441169	0	0	0	0	0.441169	0.441169	0	0	0	0	0.441169	0.441169	0	0	0	0	0.441169	0.441169	0	0	0	0	0.441169	0.441169	0	0	0	0	0.441169	0.441169	0	0	0	0	0	0	0	0.441169	0.441169	0	0	0	0	0	0	0.441169	0.441169	0	0	0	0	0	0.441169	0.441169
0	0	0	0	0	0	0	0	0	0	0	0	0	0	0	0.441128	0.441128	0	0	0	0	0	0	0	0	0	0	0	0	0	0	0	0	0	0	0	0	0	0	0	0	0	0	0	0	0	0	0.441128	0.441128	0	0	0	0	0	0	0	0	0	0	0	0	0	0.441128	0.441128	0	0	0	0	0	0	0	0	0	0	0	0.441128	0.441128	0	0	0	0	0	0	0	0.441128	0.441128	0	0	0	0	0	0	0	0	0	0	0	0.441128	0.441128	0	0	0	0	0	0	0	0	0	0	0.441128	0.441128	0	0	0	0	0	0.441128	0.441128	0	0	0	0	0	0	0	0.441128	0.441128	0	0	0	0	0	0	0.441128	0.441128	0	0	0	0	0	0	0	0	0.441128	0.441128	0	0	0	0	0	0	0	0	0	0	0	0.441128	0.441128	0	0	0	0	0	0	0	0	0.441128	0.441128	0	0	0	0	0	0	0.441128	0.441128	0	0	0	0	0	0	0.441128	0.441128	0	0	0	0.441128	0.441128	0	0	0	0	0	0.441128	0.441128	0	0	0	0	0.441128	0.441128	0	0	0	0	0.441128	0.441128	0	0	0	0	0.441128	0.441128	0	0	0	0	0.441128	0.441128	0	0	0	0	0.441128	0.441128	0	0	0	0	0.441128	0.441128	0	0	0	0	0	0	0	0.441128	0.441128	0	0	0	0	0	0	0.441128	0.441128	0	0	0	0	0	0.441128	0.441128
0	0	0	0	0	0	0	0	0	0	0	0	0	0	0	0.441088	0.441088	0	0	0	0	0	0	0	0	0	0	0	0	0	0	0	0	0	0	0	0	0	0	0	0	0	0	0	0	0	0	0.441088	0.441088	0	0	0	0	0	0	0	0	0	0	0	0	0	0.441088	0.441088	0	0	0	0	0	0	0	0	0	0	0	0.441088	0.441088	0	0	0	0	0	0	0	0.441088	0.441088	0	0	0	0	0	0	0	0	0	0	0	0.441088	0.441088	0	0	0	0	0	0	0	0	0	0	0.441088	0.441088	0	0	0	0	0	0.441088	0.441088	0	0	0	0	0	0	0	0.441088	0.441088	0	0	0	0	0	0	0.441088	0.441088	0	0	0	0	0	0	0	0	0.441088	0.441088	0	0	0	0	0	0	0	0	0	0	0	0.441088	0.441088	0	0	0	0	0	0	0	0	0.441088	0.441088	0	0	0	0	0	0	0.441088	0.441088	0	0	0	0	0	0	0.441088	0.441088	0	0	0	0.441088	0.441088	0	0	0	0	0	0.441088	0.441088	0	0	0	0	0.441088	0.441088	0	0	0	0	0.441088	0.441088	0	0	0	0	0.441088	0.441088	0	0	0	0	0.441088	0.441088	0	0	0	0	0.441088	0.441088	0	0	0	0	0.441088	0.441088	0	0	0	0	0	0	0	0.441088	0.441088	0	0	0	0	0	0	0.441088	0.441088	0	0	0	0	0	0.441088	0.441088
0	0	0	0	0	0	0	0	0	0	0	0	0	0	0	0.441047	0.441047	0	0	0	0	0	0	0	0	0	0	0	0	0	0	0	0	0	0	0	0	0	0	0	0	0	0	0	0	0	0	0.441047	0.441047	0	0	0	0	0	0	0	0	0	0	0	0	0	0.441047	0.441047	0	0	0	0	0	0	0	0	0	0	0	0.441047	0.441047	0	0	0	0	0	0	0	0.441047	0.441047	0	0	0	0	0	0	0	0	0	0	0	0.441047	0.441047	0	0	0	0	0	0	0	0	0	0	0.441047	0.441047	0	0	0	0	0	0.441047	0.441047	0	0	0	0	0	0	0	0.441047	0.441047	0	0	0	0	0	0	0.441047	0.441047	0	0	0	0	0	0	0	0	0.441047	0.441047	0	0	0	0	0	0	0	0	0	0	0	0.441047	0.441047	0	0	0	0	0	0	0	0	0.441047	0.441047	0	0	0	0	0	0	0.441047	0.441047	0	0	0	0	0	0	0.441047	0.441047	0	0	0	0.441047	0.441047	0	0	0	0	0	0.441047	0.441047	0	0	0	0	0.441047	0.441047	0	0	0	0	0.441047	0.441047	0	0	0	0	0.441047	0.441047	0	0	0	0	0.441047	0.441047	0	0	0	0	0.441047	0.441047	0	0	0	0	0.441047	0.441047	0	0	0	0	0	0	0	0.441047	0.441047	0	0	0	0	0	0	0.441047	0.441047	0	0	0	0	0	0.441047	0.441047
0	0	0	0	0	0	0	0	0	0	0	0	0	0	0	0.441006	0.441006	0	0	0	0	0	0	0	0	0	0	0	0	0	0	0	0	0	0	0	0	0	0	0	0	0	0	0	0	0	0	0.441006	0.441006	0	0	0	0	0	0	0	0	0	0	0	0	0	0.441006	0.441006	0	0	0	0	0	0	0	0	0	0	0	0.441006	0.441006	0	0	0	0	0	0	0	0.441006	0.441006	0	0	0	0	0	0	0	0	0	0	0	0.441006	0.441006	0	0	0	0	0	0	0	0	0	0	0.441006	0.441006	0	0	0	0	0	0.441006	0.441006	0	0	0	0	0	0	0	0.441006	0.441006	0	0	0	0	0	0	0.441006	0.441006	0	0	0	0	0	0	0	0	0.441006	0.441006	0	0	0	0	0	0	0	0	0	0	0	0.441006	0.441006	0	0	0	0	0	0	0	0	0.441006	0.441006	0	0	0	0	0	0	0.441006	0.441006	0	0	0	0	0	0	0.441006	0.441006	0	0	0	0.441006	0.441006	0	0	0	0	0	0.441006	0.441006	0	0	0	0	0.441006	0.441006	0	0	0	0	0.441006	0.441006	0	0	0	0	0.441006	0.441006	0	0	0	0	0.441006	0.441006	0	0	0	0	0.441006	0.441006	0	0	0	0	0.441006	0.441006	0	0	0	0	0	0	0	0.441006	0.441006	0	0	0	0	0	0	0.441006	0.441006	0	0	0	0	0	0.441006	0.441006
0	0	0	0	0	0	0	0	0	0	0	0	0	0	0	0.440959	0.440959	0	0	0	0	0	0	0	0	0	0	0	0	0	0	0	0	0	0	0	0	0	0	0	0	0	0	0	0	0	0	0.440959	0.440959	0	0	0	0	0	0	0	0	0	0	0	0	0	0.440959	0.440959	0	0	0	0	0	0	0	0	0	0	0	0.440959	0.440959	0	0	0	0	0	0	0	0.440959	0.440959	0	0	0	0	0	0	0	0	0	0	0	0.440959	0.440959	0	0	0	0	0	0	0	0	0	0	0.440959	0.440959	0	0	0	0	0	0.440959	0.440959	0	0	0	0	0	0	0	0.440959	0.440959	0	0	0	0	0	0	0.440959	0.440959	0	0	0	0	0	0	0	0	0.440959	0.440959	0	0	0	0	0	0	0	0	0	0	0	0.440959	0.440959	0	0	0	0	0	0	0	0	0.440959	0.440959	0	0	0	0	0	0	0.440959	0.440959	0	0	0	0	0	0	0.440959	0.440959	0	0	0	0.440959	0.440959	0	0	0	0	0	0.440959	0.440959	0	0	0	0	0.440959	0.440959	0	0	0	0	0.440959	0.440959	0	0	0	0	0.440959	0.440959	0	0	0	0	0.440959	0.440959	0	0	0	0	0.440959	0.440959	0	0	0	0	0.440959	0.440959	0	0	0	0	0	0	0	0.440959	0.440959	0	0	0	0	0	0	0.440959	0.440959	0	0	0	0	0	0.440959	0.440959
0	0	0	0	0	0	0	0	0	0	0	0	0	0	0	0.440918	0.440918	0	0	0	0	0	0	0	0	0	0	0	0	0	0	0	0	0	0	0	0	0	0	0	0	0	0	0	0	0	0	0.440918	0.440918	0	0	0	0	0	0	0	0	0	0	0	0	0	0.440918	0.440918	0	0	0	0	0	0	0	0	0	0	0	0.440918	0.440918	0	0	0	0	0	0	0	0.440918	0.440918	0	0	0	0	0	0	0	0	0	0	0	0.440918	0.440918	0	0	0	0	0	0	0	0	0	0	0.440918	0.440918	0	0	0	0	0	0.440918	0.440918	0	0	0	0	0	0	0	0.440918	0.440918	0	0	0	0	0	0	0.440918	0.440918	0	0	0	0	0	0	0	0	0.440918	0.440918	0	0	0	0	0	0	0	0	0	0	0	0.440918	0.440918	0	0	0	0	0	0	0	0	0.440918	0.440918	0	0	0	0	0	0	0.440918	0.440918	0	0	0	0	0	0	0.440918	0.440918	0	0	0	0.440918	0.440918	0	0	0	0	0	0.440918	0.440918	0	0	0	0	0.440918	0.440918	0	0	0	0	0.440918	0.440918	0	0	0	0	0.440918	0.440918	0	0	0	0	0.440918	0.440918	0	0	0	0	0.440918	0.440918	0	0	0	0	0.440918	0.440918	0	0	0	0	0	0	0	0.440918	0.440918	0	0	0	0	0	0	0.440918	0.440918	0	0	0	0	0	0.440918	0.440918
0	0	0	0	0	0	0	0	0	0	0	0	0	0	0	0.440877	0.440877	0	0	0	0	0	0	0	0	0	0	0	0	0	0	0	0	0	0	0	0	0	0	0	0	0	0	0	0	0	0	0.440877	0.440877	0	0	0	0	0	0	0	0	0	0	0	0	0	0.440877	0.440877	0	0	0	0	0	0	0	0	0	0	0	0.440877	0.440877	0	0	0	0	0	0	0	0.440877	0.440877	0	0	0	0	0	0	0	0	0	0	0	0.440877	0.440877	0	0	0	0	0	0	0	0	0	0	0.440877	0.440877	0	0	0	0	0	0.440877	0.440877	0	0	0	0	0	0	0	0.440877	0.440877	0	0	0	0	0	0	0.440877	0.440877	0	0	0	0	0	0	0	0	0.440877	0.440877	0	0	0	0	0	0	0	0	0	0	0	0.440877	0.440877	0	0	0	0	0	0	0	0	0.440877	0.440877	0	0	0	0	0	0	0.440877	0.440877	0	0	0	0	0	0	0.440877	0.440877	0	0	0	0.440877	0.440877	0	0	0	0	0	0.440877	0.440877	0	0	0	0	0.440877	0.440877	0	0	0	0	0.440877	0.440877	0	0	0	0	0.440877	0.440877	0	0	0	0	0.440877	0.440877	0	0	0	0	0.440877	0.440877	0	0	0	0	0.440877	0.440877	0	0	0	0	0	0	0	0.440877	0.440877	0	0	0	0	0	0	0.440877	0.440877	0	0	0	0	0	0.440877	0.440877
0	0	0	0	0	0	0	0	0	0	0	0	0	0	0	0.440837	0.440837	0	0	0	0	0	0	0	0	0	0	0	0	0	0	0	0	0	0	0	0	0	0	0	0	0	0	0	0	0	0	0.440837	0.440837	0	0	0	0	0	0	0	0	0	0	0	0	0	0.440837	0.440837	0	0	0	0	0	0	0	0	0	0	0	0.440837	0.440837	0	0	0	0	0	0	0	0.440837	0.440837	0	0	0	0	0	0	0	0	0	0	0	0.440837	0.440837	0	0	0	0	0	0	0	0	0	0	0.440837	0.440837	0	0	0	0	0	0.440837	0.440837	0	0	0	0	0	0	0	0.440837	0.440837	0	0	0	0	0	0	0.440837	0.440837	0	0	0	0	0	0	0	0	0.440837	0.440837	0	0	0	0	0	0	0	0	0	0	0	0.440837	0.440837	0	0	0	0	0	0	0	0	0.440837	0.440837	0	0	0	0	0	0	0.440837	0.440837	0	0	0	0	0	0	0.440837	0.440837	0	0	0	0.440837	0.440837	0	0	0	0	0	0.440837	0.440837	0	0	0	0	0.440837	0.440837	0	0	0	0	0.440837	0.440837	0	0	0	0	0.440837	0.440837	0	0	0	0	0.440837	0.440837	0	0	0	0	0.440837	0.440837	0	0	0	0	0.440837	0.440837	0	0	0	0	0	0	0	0.440837	0.440837	0	0	0	0	0	0	0.440837	0.440837	0	0	0	0	0	0.440837	0.440837
0	0	0	0	0	0	0	0	0	0	0	0	0	0	0	0.440796	0.440796	0	0	0	0	0	0	0	0	0	0	0	0	0	0	0	0	0	0	0	0	0	0	0	0	0	0	0	0	0	0	0.440796	0.440796	0	0	0	0	0	0	0	0	0	0	0	0	0	0.440796	0.440796	0	0	0	0	0	0	0	0	0	0	0	0.440796	0.440796	0	0	0	0	0	0	0	0.440796	0.440796	0	0	0	0	0	0	0	0	0	0	0	0.440796	0.440796	0	0	0	0	0	0	0	0	0	0	0.440796	0.440796	0	0	0	0	0	0.440796	0.440796	0	0	0	0	0	0	0	0.440796	0.440796	0	0	0	0	0	0	0.440796	0.440796	0	0	0	0	0	0	0	0	0.440796	0.440796	0	0	0	0	0	0	0	0	0	0	0	0.440796	0.440796	0	0	0	0	0	0	0	0	0.440796	0.440796	0	0	0	0	0	0	0.440796	0.440796	0	0	0	0	0	0	0.440796	0.440796	0	0	0	0.440796	0.440796	0	0	0	0	0	0.440796	0.440796	0	0	0	0	0.440796	0.440796	0	0	0	0	0.440796	0.440796	0	0	0	0	0.440796	0.440796	0	0	0	0	0.440796	0.440796	0	0	0	0	0.440796	0.440796	0	0	0	0	0.440796	0.440796	0	0	0	0	0	0	0	0.440796	0.440796	0	0	0	0	0	0	0.440796	0.440796	0	0	0	0	0	0.440796	0.440796
0	0	0	0	0	0	0	0	0	0	0	0	0	0	0	0.440748	0.440748	0	0	0	0	0	0	0	0	0	0	0	0	0	0	0	0	0	0	0	0	0	0	0	0	0	0	0	0	0	0	0.440748	0.440748	0	0	0	0	0	0	0	0	0	0	0	0	0	0.440748	0.440748	0	0	0	0	0	0	0	0	0	0	0	0.440748	0.440748	0	0	0	0	0	0	0	0.440748	0.440748	0	0	0	0	0	0	0	0	0	0	0	0.440748	0.440748	0	0	0	0	0	0	0	0	0	0	0.440748	0.440748	0	0	0	0	0	0.440748	0.440748	0	0	0	0	0	0	0	0.440748	0.440748	0	0	0	0	0	0	0.440748	0.440748	0	0	0	0	0	0	0	0	0.440748	0.440748	0	0	0	0	0	0	0	0	0	0	0	0.440748	0.440748	0	0	0	0	0	0	0	0	0.440748	0.440748	0	0	0	0	0	0	0.440748	0.440748	0	0	0	0	0	0	0.440748	0.440748	0	0	0	0.440748	0.440748	0	0	0	0	0	0.440748	0.440748	0	0	0	0	0.440748	0.440748	0	0	0	0	0.440748	0.440748	0	0	0	0	0.440748	0.440748	0	0	0	0	0.440748	0.440748	0	0	0	0	0.440748	0.440748	0	0	0	0	0.440748	0.440748	0	0	0	0	0	0	0	0.440748	0.440748	0	0	0	0	0	0	0.440748	0.440748	0	0	0	0	0	0.440748	0.440748
0	0	0	0	0	0	0	0	0	0	0	0	0	0	0	0.440708	0.440708	0	0	0	0	0	0	0	0	0	0	0	0	0	0	0	0	0	0	0	0	0	0	0	0	0	0	0	0	0	0	0.440708	0.440708	0	0	0	0	0	0	0	0	0	0	0	0	0	0.440708	0.440708	0	0	0	0	0	0	0	0	0	0	0	0.440708	0.440708	0	0	0	0	0	0	0	0.440708	0.440708	0	0	0	0	0	0	0	0	0	0	0	0.440708	0.440708	0	0	0	0	0	0	0	0	0	0	0.440708	0.440708	0	0	0	0	0	0.440708	0.440708	0	0	0	0	0	0	0	0.440708	0.440708	0	0	0	0	0	0	0.440708	0.440708	0	0	0	0	0	0	0	0	0.440708	0.440708	0	0	0	0	0	0	0	0	0	0	0	0.440708	0.440708	0	0	0	0	0	0	0	0	0.440708	0.440708	0	0	0	0	0	0	0.440708	0.440708	0	0	0	0	0	0	0.440708	0.440708	0	0	0	0.440708	0.440708	0	0	0	0	0	0.440708	0.440708	0	0	0	0	0.440708	0.440708	0	0	0	0	0.440708	0.440708	0	0	0	0	0.440708	0.440708	0	0	0	0	0.440708	0.440708	0	0	0	0	0.440708	0.440708	0	0	0	0	0.440708	0.440708	0	0	0	0	0	0	0	0.440708	0.440708	0	0	0	0	0	0	0.440708	0.440708	0	0	0	0	0	0.440708	0.440708
0.440701	0.440701	0.440701	0.440701	0.440701	0.440701	0.440701	0.440701	0.440701	0.440701	0.440701	0.440701	0.440701	0.440701	0.440701	0.467415	0.348383	0	0	0	0	0	0.155808	0.348405	0.440701	0.440701	0.440701	0.440701	0.440701	0.440701	0.440701	0.440701	0.440701	0.440701	0.440701	0.440701	0.440701	0.440701	0.440701	0.440701	0.440701	0.440701	0.440701	0.440701	0.561777	0.779023	0.88135	0.839016	0.642399	0.440701	0.440701	0.440701	0.440701	0.440701	0.440701	0.440701	0.561777	0.779023	0.88135	0.88135	0.88135	0.88135	0.839016	0.642399	0.440701	0.440701	0.440701	0.440701	0.440701	0.440701	0.561777	0.779023	0.88135	0.88135	0.88135	0.839016	0.642399	0.440701	0.440701	0.440701	0.440701	0.440701	0.440701	0.561777	0.794431	0.642399	0.440701	0.440701	0.440701	0.440701	0.440701	0.440701	0.440701	0.440701	0.440701	0.440701	0.440701	0.467415	0.492686	0.348405	0.440701	0.440701	0.440701	0.440701	0.440701	0.440701	0.440701	0.440701	0.440701	0.467415	0.348383	0.155808	0.348405	0.440701	0.440701	0.440701	0.467415	0.348383	0	0	0.155808	0.348405	0.440701	0.440701	0.440701	0.467415	0.348383	0	0	0	0.155808	0.348405	0.440701	0.467415	0.348383	0	0	0	0	0	0	0	0.155808	0.492686	0.348383	0	0	0	0	0	0	0	0	0	0.155808	0.348405	0.467415	0.348383	0	0	0	0	0.155808	0.348405	0.440701	0.440701	0.467415	0.348383	0	0.155808	0.348405	0.440701	0.440701	0.440701	0.467415	0.348383	0	0.155808	0.348405	0.440701	0.440701	0.440701	0.467415	0.348383	0	0	0.155808	0.492686	0.348383	0	0	0	0.155808	0.348405	0.467415	0.348383	0	0	0.155808	0.348405	0.467415	0.348383	0	0	0	0.155808	0.492686	0.348383	0	0	0.155808	0.348405	0.467415	0.348383	0	0	0	0.155808	0.492686	0.348383	0	0	0	0.155808	0.492686	0.348383	0	0	0.155808	0.348405	0.467415	0.348383	0	0	0	0.155808	0.348405	0.440701	0.440701	0.467415	0.348383	0.155808	0.348405	0.440701	0.440701	0.440701	0.440701	0.467415	0.348383	0.155808	0.348405	0.440701	0.440701	0.440701	0.467415	0.348383
0.44066	0.44066	0.44066	0.44066	0.44066	0.44066	0.44066	0.44066	0.44066	0.44066	0.44066	0.44066	0.44066	0.44066	0.44066	0.348372	0.155794	0	0	0	0	0	0.348351	0.467372	0.44066	0.44066	0.44066	0.44066	0.44066	0.44066	0.44066	0.44066	0.44066	0.44066	0.44066	0.44066	0.44066	0.44066	0.44066	0.44066	0.44066	0.44066	0.44066	0.44066	0.64234	0.838939	0.881268	0.778951	0.561725	0.44066	0.44066	0.44066	0.44066	0.44066	0.44066	0.44066	0.64234	0.838939	0.881268	0.881268	0.881268	0.881268	0.778951	0.561725	0.44066	0.44066	0.44066	0.44066	0.44066	0.44066	0.64234	0.838939	0.881268	0.881268	0.881268	0.778951	0.561725	0.44066	0.44066	0.44066	0.44066	0.44066	0.44066	0.64234	0.794358	0.561725	0.44066	0.44066	0.44066	0.44066	0.44066	0.44066	0.44066	0.44066	0.44066	0.44066	0.44066	0.348372	0.49264	0.467372	0.44066	0.44066	0.44066	0.44066	0.44066	0.44066	0.44066	0.44066	0.44066	0.348372	0.155794	0.348351	0.467372	0.44066	0.44066	0.44066	0.348372	0.155794	0	0	0.348351	0.467372	0.44066	0.44066	0.44066	0.348372	0.155794	0	0	0	0.348351	0.467372	0.44066	0.348372	0.155794	0	0	0	0	0	0	0	0.348351	0.49264	0.155794	0	0	0	0	0	0	0	0	0	0.348351	0.467372	0.348372	0.155794	0	0	0	0	0.348351	0.467372	0.44066	0.44066	0.348372	0.155794	0	0.348351	0.467372	0.44066	0.44066	0.44066	0.348372	0.155794	0	0.348351	0.467372	0.44066	0.44066	0.44066	0.348372	0.155794	0	0	0.348351	0.49264	0.155794	0	0	0	0.348351	0.467372	0.348372	0.155794	0	0	0.348351	0.467372	0.348372	0.155794	0	0	0	0.348351	0.49264	0.155794	0	0	0.348351	0.467372	0.348372	0.155794	0	0	0	0.348351	0.49264	0.155794	0	0	0	0.348351	0.49264	0.155794	0	0	0.348351	0.467372	0.348372	0.155794	0	0	0	0.348351	0.467372	0.44066	0.44066	0.348372	0.155794	0.348351	0.467372	0.44066	0.44066	0.44066	0.44066	0.348372	0.155794	0.348351	0.467372	0.44066	0.44066	0.44066	0.348372	0.155794
0	0	0	0	0	0	0	0	0	0	0	0	0	0	0	0	0	0	0	0	0	0	0.440586	0.440586	0	0	0	0	0	0	0	0	0	0	0	0	0	0	0	0	0	0	0	0	0.440586	0.440586	0	0	0	0	0	0	0	0	0	0	0.440586	0.440586	0	0	0	0	0	0	0	0	0	0	0	0	0.440586	0.440586	0	0	0	0	0	0	0	0	0	0	0	0.440586	0.440586	0	0	0	0	0	0	0	0	0	0	0	0	0	0.440586	0.440586	0	0	0	0	0	0	0	0	0	0	0	0.440586	0.440586	0	0	0	0	0	0	0	0.440586	0.440586	0	0	0	0	0	0	0	0	0.440586	0.440586	0	0	0	0	0	0	0	0	0	0	0.440586	0.440586	0	0	0	0	0	0	0	0	0	0	0.440586	0.440586	0	0	0	0	0	0	0.440586	0.440586	0	0	0	0	0	0.440586	0.440586	0	0	0	0	0	0	0.440586	0.440586	0	0	0	0	0	0	0	0.440586	0.440586	0	0	0	0	0.440586	0.440586	0	0	0	0	0.440586	0.440586	0	0	0	0	0	0.440586	0.440586	0	0	0	0.440586	0.440586	0	0	0	0	0	0.440586	0.440586	0	0	0	0	0.440586	0.440586	0	0	0	0.440586	0.440586	0	0	0	0	0	0.440586	0.440586	0	0	0	0	0.440586	0.440586	0	0	0	0	0	0	0.440586	0.440586	0	0	0	0	0
0	0	0	0	0	0	0	0	0	0	0	0	0	0	0	0	0	0	0	0	0	0	0.440538	0.440538	0	0	0	0	0	0	0	0	0	0	0	0	0	0	0	0	0	0	0	0	0.440538	0.440538	0	0	0	0	0	0	0	0	0	0	0.440538	0.440538	0	0	0	0	0	0	0	0	0	0	0	0	0.440538	0.440538	0	0	0	0	0	0	0	0	0	0	0	0.440538	0.440538	0	0	0	0	0	0	0	0	0	0	0	0	0	0.440538	0.440538	0	0	0	0	0	0	0	0	0	0	0	0.440538	0.440538	0	0	0	0	0	0	0	0.440538	0.440538	0	0	0	0	0	0	0	0	0.440538	0.440538	0	0	0	0	0	0	0	0	0	0	0.440538	0.440538	0	0	0	0	0	0	0	0	0	0	0.440538	0.440538	0	0	0	0	0	0	0.440538	0.440538	0	0	0	0	0	0.440538	0.440538	0	0	0	0	0	0	0.440538	0.440538	0	0	0	0	0	0	0	0.440538	0.440538	0	0	0	0	0.440538	0.440538	0	0	0	0	0.440538	0.440538	0	0	0	0	0	0.440538	0.440538	0	0	0	0.440538	0.440538	0	0	0	0	0	0.440538	0.440538	0	0	0	0	0.440538	0.440538	0	0	0	0.440538	0.440538	0	0	0	0	0	0.440538	0.440538	0	0	0	0	0.440538	0.440538	0	0	0	0	0	0	0.440538	0.440538	0	0	0	0	0
0	0	0	0	0	0	0	0	0	0	0	0	0	0	0	0	0	0	0	0	0	0	0.440498	0.440498	0	0	0	0	0	0	0	0	0	0	0	0	0	0	0	0	0	0	0	0	0.440498	0.440498	0	0	0	0	0	0	0	0	0	0	0.440498	0.440498	0	0	0	0	0	0	0	0	0	0	0	0	0.440498	0.440498	0	0	0	0	0	0	0	0	0	0	0	0.440498	0.440498	0	0	0	0	0	0	0	0	0	0	0	0	0	0.440498	0.440498	0	0	0	0	0	0	0	0	0	0	0	0.440498	0.440498	0	0	0	0	0	0	0	0.440498	0.440498	0	0	0	0	0	0	0	0	0.440498	0.440498	0	0	0	0	0	0	0	0	0	0	0.440498	0.440498	0	0	0	0	0	0	0	0	0	0	0.440498	0.440498	0	0	0	0	0	0	0.440498	0.440498	0	0	0	0	0	0.440498	0.440498	0	0	0	0	0	0	0.440498	0.440498	0	0	0	0	0	0	0	0.440498	0.440498	0	0	0	0	0.440498	0.440498	0	0	0	0	0.440498	0.440498	0	0	0	0	0	0.440498	0.440498	0	0	0	0.440498	0.440498	0	0	0	0	0	0.440498	0.440498	0	0	0	0	0.440498	0.440498	0	0	0	0.440498	0.440498	0	0	0	0	0	0.440498	0.440498	0	0	0	0	0.440498	0.440498	0	0	0	0	0	0	0.440498	0.440498	0	0	0	0	0
0	0	0	0	0	0	0	0	0	0	0	0	0	0	0	0	0	0	0	0	0	0	0.440457	0.440457	0	0	0	0	0	0	0	0	0	0	0	0	0	0	0	0	0	0	0	0	0.440457	0.440457	0	0	0	0	0	0	0	0	0	0	0.440457	0.440457	0	0	0	0	0	0	0	0	0	0	0	0	0.440457	0.440457	0	0	0	0	0	0	0	0	0	0	0	0.440457	0.440457	0	0	0	0	0	0	0	0	0	0	0	0	0	0.440457	0.440457	0	0	0	0	0	0	0	0	0	0	0	0.440457	0.440457	0	0	0	0	0	0	0	0.440457	0.440457	0	0	0	0	0	0	0	0	0.440457	0.440457	0	0	0	0	0	0	0	0	0	0	0.440457	0.440457	0	0	0	0	0	0	0	0	0	0	0.440457	0.440457	0	0	0	0	0	0	0.440457	0.440457	0	0	0	0	0	0.440457	0.440457	0	0	0	0	0	0	0.440457	0.440457	0	0	0	0	0	0	0	0.440457	0.440457	0	0	0	0	0.440457	0.440457	0	0	0	0	0.440457	0.440457	0	0	0	0	0	0.440457	0.440457	0	0	0	0.440457	0.440457	0	0	0	0	0	0.440457	0.440457	0	0	0	0	0.440457	0.440457	0	0	0	0.440457	0.440457	0	0	0	0	0	0.440457	0.440457	0	0	0	0	0.440457	0.440457	0	0	0	0	0	0	0.440457	0.440457	0	0	0	0	0
0	0	0	0	0	0	0	0	0	0	0	0	0	0	0	0	0	0	0	0	0	0	0.440416	0.440416	0	0	0	0	0	0	0	0	0	0	0	0	0	0	0	0	0	0	0	0	0.440416	0.440416	0	0	0	0	0	0	0	0	0	0	0.440416	0.440416	0	0	0	0	0	0	0	0	0	0	0	0	0.440416	0.440416	0	0	0	0	0	0	0	0	0	0	0	0.440416	0.440416	0	0	0	0	0	0	0	0	0	0	0	0	0	0.440416	0.440416	0	0	0	0	0	0	0	0	0	0	0	0.440416	0.440416	0	0	0	0	0	0	0	0.440416	0.440416	0	0	0	0	0	0	0	0	0.440416	0.440416	0	0	0	0	0	0	0	0	0	0	0.440416	0.440416	0	0	0	0	0	0	0	0	0	0	0.440416	0.440416	0	0	0	0	0	0	0.440416	0.440416	0	0	0	0	0	0.440416	0.440416	0	0	0	0	0	0	0.440416	0.440416	0	0	0	0	0	0	0	0.440416	0.440416	0	0	0	0	0.440416	0.440416	0	0	0	0	0.440416	0.440416	0	0	0	0	0	0.440416	0.440416	0	0	0	0.440416	0.440416	0	0	0	0	0	0.440416	0.440416	0	0	0	0	0.440416	0.440416	0	0	0	0.440416	0.440416	0	0	0	0	0	0.440416	0.440416	0	0	0	0	0.440416	0.440416	0	0	0	0	0	0	0.440416	0.440416	0	0	0	0	0
0	0	0	0	0	0	0	0	0	0	0	0	0	0	0	0	0	0	0	0	0	0	0.440376	0.440376	0	0	0	0	0	0	0	0	0	0	0	0	0	0	0	0	0	0	0	0	0.440376	0.440376	0	0	0	0	0	0	0	0	0	0	0.440376	0.440376	0	0	0	0	0	0	0	0	0	0	0	0	0.440376	0.440376	0	0	0	0	0	0	0	0	0	0	0	0.440376	0.440376	0	0	0	0	0	0	0	0	0	0	0	0	0	0.440376	0.440376	0	0	0	0	0	0	0	0	0	0	0	0.440376	0.440376	0	0	0	0	0	0	0	0.440376	0.440376	0	0	0	0	0	0	0	0	0.440376	0.440376	0	0	0	0	0	0	0	0	0	0	0.440376	0.440376	0	0	0	0	0	0	0	0	0	0	0.440376	0.440376	0	0	0	0	0	0	0.440376	0.440376	0	0	0	0	0	0.440376	0.440376	0	0	0	0	0	0	0.440376	0.440376	0	0	0	0	0	0	0	0.440376	0.440376	0	0	0	0	0.440376	0.440376	0	0	0	0	0.440376	0.440376	0	0	0	0	0	0.440376	0.440376	0	0	0	0.440376	0.440376	0	0	0	0	0	0.440376	0.440376	0	0	0	0	0.440376	0.440376	0	0	0	0.440376	0.440376	0	0	0	0	0	0.440376	0.440376	0	0	0	0	0.440376	0.440376	0	0	0	0	0	0	0.440376	0.440376	0	0	0	0	0
0	0	0	0	0	0	0	0	0	0	0	0	0	0	0	0	0	0	0	0	0	0	0.440328	0.440328	0	0	0	0	0	0	0	0	0	0	0	0	0	0	0	0	0	0	0	0	0.440328	0.440328	0	0	0	0	0	0	0	0	0	0	0.440328	0.440328	0	0	0	0	0	0	0	0	0	0	0	0	0.440328	0.440328	0	0	0	0	0	0	0	0	0	0	0	0.440328	0.440328	0	0	0	0	0	0	0	0	0	0	0	0	0	0.440328	0.440328	0	0	0	0	0	0	0	0	0	0	0	0.440328	0.440328	0	0	0	0	0	0	0	0.440328	0.440328	0	0	0	0	0	0	0	0	0.440328	0.440328	0	0	0	0	0	0	0	0	0	0	0.440328	0.440328	0	0	0	0	0	0	0	0	0	0	0.440328	0.440328	0	0	0	0	0	0	0.440328	0.440328	0	0	0	0	0	0.440328	0.440328	0	0	0	0	0	0	0.440328	0.440328	0	0	0	0	0	0	0	0.440328	0.440328	0	0	0	0	0.440328	0.440328	0	0	0	0	0.440328	0.440328	0	0	0	0	0	0.440328	0.440328	0	0	0	0.440328	0.440328	0	0	0	0	0	0.440328	0.440328	0	0	0	0	0.440328	0.440328	0	0	0	0.440328	0.440328	0	0	0	0	0	0.440328	0.440328	0	0	0	0	0.440328	0.440328	0	0	0	0	0	0	0.440328	0.440328	0	0	0	0	0
0	0	0	0	0	0	0	0	0	0	0	0	0	0	0	0	0	0	0	0	0	0	0.440288	0.440288	0	0	0	0	0	0	0	0	0	0	0	0	0	0	0	0	0	0	0	0	0.440288	0.440288	0	0	0	0	0	0	0	0	0	0	0.440288	0.440288	0	0	0	0	0	0	0	0	0	0	0	0	0.440288	0.440288	0	0	0	0	0	0	0	0	0	0	0	0.440288	0.440288	0	0	0	0	0	0	0	0	0	0	0	0	0	0.440288	0.440288	0	0	0	0	0	0	0	0	0	0	0	0.440288	0.440288	0	0	0	0	0	0	0	0.440288	0.440288	0	0	0	0	0	0	0	0	0.440288	0.440288	0	0	0	0	0	0	0	0	0	0	0.440288	0.440288	0	0	0	0	0	0	0	0	0	0	0.440288	0.440288	0	0	0	0	0	0	0.440288	0.440288	0	0	0	0	0	0.440288	0.440288	0	0	0	0	0	0	0.440288	0.440288	0	0	0	0	0	0	0	0.440288	0.440288	0	0	0	0	0.440288	0.440288	0	0	0	0	0.440288	0.440288	0	0	0	0	0	0.440288	0.440288	0	0	0	0.440288	0.440288	0	0	0	0	0	0.440288	0.440288	0	0	0	0	0.440288	0.440288	0	0	0	0.440288	0.440288	0	0	0	0	0	0.440288	0.440288	0	0	0	0	0.440288	0.440288	0	0	0	0	0	0	0.440288	0.440288	0	0	0	0	0
0	0	0	0	0	0	0	0	0	0	0	0	0	0	0	0	0	0	0	0	0	0	0.440247	0.440247	0	0	0	0	0	0	0	0	0	0	0	0	0	0	0	0	0	0	0	0	0.440247	0.440247	0	0	0	0	0	0	0	0	0	0	0.440247	0.440247	0	0	0	0	0	0	0	0	0	0	0	0	0.440247	0.440247	0	0	0	0	0	0	0	0	0	0	0	0.440247	0.440247	0	0	0	0	0	0	0	0	0	0	0	0	0	0.440247	0.440247	0	0	0	0	0	0	0	0	0	0	0	0.440247	0.440247	0	0	0	0	0	0	0	0.440247	0.440247	0	0	0	0	0	0	0	0	0.440247	0.440247	0	0	0	0	0	0	0	0	0	0	0.440247	0.440247	0	0	0	0	0	0	0	0	0	0	0.440247	0.440247	0	0	0	0	0	0	0.440247	0.440247	0	0	0	0	0	0.440247	0.440247	0	0	0	0	0	0	0.440247	0.440247	0	0	0	0	0	0	0	0.440247	0.440247	0	0	0	0	0.440247	0.440247	0	0	0	0	0.440247	0.440247	0	0	0	0	0	0.440247	0.440247	0	0	0	0.440247	0.440247	0	0	0	0	0	0.440247	0.440247	0	0	0	0	0.440247	0.440247	0	0	0	0.440247	0.440247	0	0	0	0	0	0.440247	0.440247	0	0	0	0	0.440247	0.440247	0	0	0	0	0	0	0.440247	0.440247	0	0	0	0	0
0	0	0	0	0	0	0	0	0	0	0	0	0	0	0	0	0	0	0	0	0	0	0.440207	0.440207	0	0	0	0	0	0	0	0	0	0	0	0	0	0	0	0	0	0	0	0	0.440207	0.440207	0	0	0	0	0	0	0	0	0	0	0.440207	0.440207	0	0	0	0	0	0	0	0	0	0	0	0	0.440207	0.440207	0	0	0	0	0	0	0	0	0	0	0	0.440207	0.440207	0	0	0	0	0	0	0	0	0	0	0	0	0	0.440207	0.440207	0	0	0	0	0	0	0	0	0	0	0	0.440207	0.440207	0	0	0	0	0	0	0	0.440207	0.440207	0	0	0	0	0	0	0	0	0.440207	0.440207	0	0	0	0	0	0	0	0	0	0	0.440207	0.440207	0	0	0	0	0	0	0	0	0	0	0.440207	0.440207	0	0	0	0	0	0	0.440207	0.440207	0	0	0	0	0	0.440207	0.440207	0	0	0	0	0	0	0.440207	0.440207	0	0	0	0	0	0	0	0.440207	0.440207	0	0	0	0	0.440207	0.440207	0	0	0	0	0.440207	0.440207	0	0	0	0	0	0.440207	0.440207	0	0	0	0.440207	0.440207	0	0	0	0	0	0.440207	0.440207	0	0	0	0	0.440207	0.440207	0	0	0	0.440207	0.440207	0	0	0	0	0	0.440207	0.440207	0	0	0	0	0.440207	0.440207	0	0	0	0	0	0	0.440207	0.440207	0	0	0	0	0
0	0	0	0	0	0	0	0	0	0	0	0	0	0	0	0	0	0	0	0	0	0	0.440166	0.440166	0	0	0	0	0	0	0	0	0	0	0	0	0	0	0	0	0	0	0	0	0.440166	0.440166	0	0	0	0	0	0	0	0	0	0	0.440166	0.440166	0	0	0	0	0	0	0	0	0	0	0	0	0.440166	0.440166	0	0	0	0	0	0	0	0	0	0	0	0.440166	0.440166	0	0	0	0	0	0	0	0	0	0	0	0	0	0.440166	0.440166	0	0	0	0	0	0	0	0	0	0	0	0.440166	0.440166	0	0	0	0	0	0	0	0.440166	0.440166	0	0	0	0	0	0	0	0	0.440166	0.440166	0	0	0	0	0	0	0	0	0	0	0.440166	0.440166	0	0	0	0	0	0	0	0	0	0	0.440166	0.440166	0	0	0	0	0	0	0.440166	0.440166	0	0	0	0	0	0.440166	0.440166	0	0	0	0	0	0	0.440166	0.440166	0	0	0	0	0	0	0	0.440166	0.440166	0	0	0	0	0.440166	0.440166	0	0	0	0	0.440166	0.440166	0	0	0	0	0	0.440166	0.440166	0	0	0	0.440166	0.440166	0	0	0	0	0	0.440166	0.440166	0	0	0	0	0.440166	0.440166	0	0	0	0.440166	0.440166	0	0	0	0	0	0.440166	0.440166	0	0	0	0	0.440166	0.440166	0	0	0	0	0	0	0.440166	0.440166	0	0	0	0	0
0	0	0	0	0	0	0	0	0	0	0	0	0	0	0	0	0	0	0	0	0	0	0.440119	0.440119	0	0	0	0	0	0	0	0	0	0	0	0	0	0	0	0	0	0	0	0	0.440119	0.440119	0	0	0	0	0	0	0	0	0	0	0.440119	0.440119	0	0	0	0	0	0	0	0	0	0	0	0	0.440119	0.440119	0	0	0	0	0	0	0	0	0	0	0	0.440119	0.440119	0	0	0	0	0	0	0	0	0	0	0	0	0	0.440119	0.440119	0	0	0	0	0	0	0	0	0	0	0	0.440119	0.440119	0	0	0	0	0	0	0	0.440119	0.440119	0	0	0	0	0	0	0	0	0.440119	0.440119	0	0	0	0	0	0	0	0	0	0	0.440119	0.440119	0	0	0	0	0	0	0	0	0	0	0.440119	0.440119	0	0	0	0	0	0	0.440119	0.440119	0	0	0	0	0	0.440119	0.440119	0	0	0	0	0	0	0.440119	0.440119	0	0	0	0	0	0	0	0.440119	0.440119	0	0	0	0	0.440119	0.440119	0	0	0	0	0.440119	0.440119	0	0	0	0	0	0.440119	0.440119	0	0	0	0.440119	0.440119	0	0	0	0	0	0.440119	0.440119	0	0	0	0	0.440119	0.440119	0	0	0	0.440119	0.440119	0	0	0	0	0	0.440119	0.440119	0	0	0	0	0.440119	0.440119	0	0	0	0	0	0	0.440119	0.440119	0	0	0	0	0
0	0	0	0	0	0	0	0	0	0	0	0	0	0	0	0	0	0	0	0	0	0	0.440078	0.440078	0	0	0	0	0	0	0	0	0	0	0	0	0	0	0	0	0	0	0	0	0.440078	0.440078	0	0	0	0	0	0	0	0	0	0	0.440078	0.440078	0	0	0	0	0	0	0	0	0	0	0	0	0.440078	0.440078	0	0	0	0	0	0	0	0	0	0	0	0.440078	0.440078	0	0	0	0	0	0	0	0	0	0	0	0	0	0.440078	0.440078	0	0	0	0	0	0	0	0	0	0	0	0.440078	0.440078	0	0	0	0	0	0	0	0.440078	0.440078	0	0	0	0	0	0	0	0	0.440078	0.440078	0	0	0	0	0	0	0	0	0	0	0.440078	0.440078	0	0	0	0	0	0	0	0	0	0	0.440078	0.440078	0	0	0	0	0	0	0.440078	0.440078	0	0	0	0	0	0.440078	0.440078	0	0	0	0	0	0	0.440078	0.440078	0	0	0	0	0	0	0	0.440078	0.440078	0	0	0	0	0.440078	0.440078	0	0	0	0	0.440078	0.440078	0	0	0	0	0	0.440078	0.440078	0	0	0	0.440078	0.440078	0	0	0	0	0	0.440078	0.440078	0	0	0	0	0.440078	0.440078	0	0	0	0.440078	0.440078	0	0	0	0	0	0.440078	0.440078	0	0	0	0	0.440078	0.440078	0	0	0	0	0	0	0.440078	0.440078	0	0	0	0	0
0	0	0	0	0	0	0	0	0	0	0	0	0	0	0	0	0	0	0	0	0	0	0.440038	0.440038	0	0	0	0	0	0	0	0	0	0	0	0	0	0	0	0	0	0	0	0	0.440038	0.440038	0	0	0	0	0	0	0	0	0	0	0.440038	0.440038	0	0	0	0	0	0	0	0	0	0	0	0	0.440038	0.440038	0	0	0	0	0	0	0	0	0	0	0	0.440038	0.440038	0	0	0	0	0	0	0	0	0	0	0	0	0	0.440038	0.440038	0	0	0	0	0	0	0	0	0	0	0	0.440038	0.440038	0	0	0	0	0	0	0	0.440038	0.440038	0	0	0	0	0	0	0	0	0.440038	0.440038	0	0	0	0	0	0	0	0	0	0	0.440038	0.440038	0	0	0	0	0	0	0	0	0	0	0.440038	0.440038	0	0	0	0	0	0	0.440038	0.440038	0	0	0	0	0	0.440038	0.440038	0	0	0	0	0	0	0.440038	0.440038	0	0	0	0	0	0	0	0.440038	0.440038	0	0	0	0	0.440038	0.440038	0	0	0	0	0.440038	0.440038	0	0	0	0	0	0.440038	0.440038	0	0	0	0.440038	0.440038	0	0	0	0	0	0.440038	0.440038	0	0	0	0	0.440038	0.440038	0	0	0	0.440038	0.440038	0	0	0	0	0	0.440038	0.440038	0	0	0	0	0.440038	0.440038	0	0	0	0	0	0	0.440038	0.440038	0	0	0	0	0
0	0	0	0.155571	0.347875	0.440031	0.440031	0.440031	0.440031	0.440031	0.440031	0.440031	0.440031	0.440031	0.440031	0.440031	0.440031	0.440031	0.440031	0.440031	0.440031	0.440031	0.466704	0.347853	0	0	0	0	0	0	0.155571	0.347875	0.440031	0.440031	0.440031	0.440031	0.440031	0.440031	0.440031	0.440031	0.440031	0.440031	0.440031	0.440031	0.466704	0.491937	0.347875	0.440031	0.440031	0.440031	0.440031	0.440031	0.440031	0.440031	0.440031	0.440031	0.466704	0.491937	0.347875	0.440031	0.440031	0.440031	0.440031	0.440031	0.440031	0.440031	0.440031	0.440031	0.440031	0.440031	0.622261	0.622261	0.440031	0.440031	0.440031	0.440031	0.440031	0.440031	0.440031	0.440031	0.440031	0.440031	0.440031	0.622261	0.622261	0.440031	0.440031	0.440031	0.440031	0.440031	0.440031	0.440031	0.440031	0.440031	0.440031	0.440031	0.440031	0.440031	0.466704	0.347853	0	0	0	0	0	0	0.155571	0.347875	0.440031	0.440031	0.440031	0.466704	0.347853	0	0	0	0	0	0.155571	0.347875	0.466704	0.347853	0	0	0	0	0	0	0	0	0.347853	0.466704	0.347875	0.155571	0	0	0	0	0	0	0	0	0.439997	0.439997	0	0	0	0	0	0	0	0	0	0.155571	0.491937	0.347853	0	0	0	0	0	0	0.347853	0.466704	0.440031	0.347875	0.155571	0	0	0.347853	0.466704	0.440031	0.440031	0.347875	0.155571	0	0	0.347853	0.491937	0.155571	0	0	0	0	0	0.155571	0.491937	0.347853	0	0	0	0.155571	0.491937	0.347853	0	0	0.155571	0.347875	0.466704	0.347853	0	0	0	0.155571	0.347875	0.466704	0.347853	0	0	0.155571	0.491937	0.347853	0	0	0	0.155571	0.347875	0.466704	0.347853	0	0	0.155571	0.347875	0.466704	0.347853	0	0	0	0.439997	0.439997	0	0	0	0.155571	0.347875	0.466704	0.347853	0	0	0.155571	0.347875	0.466704	0.347853	0	0	0	0	0	0	0.439997	0.439997	0	0	0	0	0
0	0	0	0.347821	0.466661	0.43999	0.43999	0.43999	0.43999	0.43999	0.43999	0.43999	0.43999	0.43999	0.43999	0.43999	0.43999	0.43999	0.43999	0.43999	0.43999	0.43999	0.347843	0.155557	0	0	0	0	0	0	0.347821	0.466661	0.43999	0.43999	0.43999	0.43999	0.43999	0.43999	0.43999	0.43999	0.43999	0.43999	0.43999	0.43999	0.347843	0.491891	0.466661	0.43999	0.43999	0.43999	0.43999	0.43999	0.43999	0.43999	0.43999	0.43999	0.347843	0.491891	0.466661	0.43999	0.43999	0.43999	0.43999	0.43999	0.43999	0.43999	0.43999	0.43999	0.43999	0.43999	0.622204	0.622204	0.43999	0.43999	0.43999	0.43999	0.43999	0.43999	0.43999	0.43999	0.43999	0.43999	0.43999	0.622204	0.622204	0.43999	0.43999	0.43999	0.43999	0.43999	0.43999	0.43999	0.43999	0.43999	0.43999	0.43999	0.43999	0.43999	0.347843	0.155557	0	0	0	0	0	0	0.347821	0.466661	0.43999	0.43999	0.43999	0.347843	0.155557	0	0	0	0	0	0.347821	0.466661	0.347843	0.155557	0	0	0	0	0	0	0	0	0.155557	0.347843	0.466661	0.347821	0	0	0	0	0	0	0	0	0.439956	0.439956	0	0	0	0	0	0	0	0	0	0.347821	0.491891	0.155557	0	0	0	0	0	0	0.155557	0.347843	0.43999	0.466661	0.347821	0	0	0.155557	0.347843	0.43999	0.43999	0.466661	0.347821	0	0	0.155557	0.491891	0.347821	0	0	0	0	0	0.347821	0.491891	0.155557	0	0	0	0.347821	0.491891	0.155557	0	0	0.347821	0.466661	0.347843	0.155557	0	0	0	0.347821	0.466661	0.347843	0.155557	0	0	0.347821	0.491891	0.155557	0	0	0	0.347821	0.466661	0.347843	0.155557	0	0	0.347821	0.466661	0.347843	0.155557	0	0	0	0.439956	0.439956	0	0	0	0.347821	0.466661	0.347843	0.155557	0	0	0.347821	0.466661	0.347843	0.155557	0	0	0	0	0	0	0.439956	0.439956	0	0	0	0	0
0	0	0	0.439909	0.439909	0	0	0	0	0	0	0	0	0	0	0	0	0	0	0	0	0	0	0	0	0	0	0	0	0	0.439909	0.439909	0	0	0	0	0	0	0	0	0	0	0	0	0	0.439909	0.439909	0	0	0	0	0	0	0	0	0	0	0.439909	0.439909	0	0	0	0	0	0	0	0	0	0	0	0.439909	0.439909	0	0	0	0	0	0	0	0	0	0	0	0.439909	0.439909	0	0	0	0	0	0	0	0	0	0	0	0	0	0	0	0	0	0	0	0	0	0.439909	0.439909	0	0	0	0	0	0	0	0	0	0	0.439909	0.439909	0	0	0	0	0	0	0	0	0	0	0	0	0.439909	0.439909	0	0	0	0	0	0	0	0	0.439909	0.439909	0	0	0	0	0	0	0	0	0	0.439909	0.439909	0	0	0	0	0	0	0	0	0	0	0.439909	0.439909	0	0	0	0	0	0	0.439909	0.439909	0	0	0	0.439909	0.439909	0	0	0	0	0	0.439909	0.439909	0	0	0	0	0.439909	0.439909	0	0	0	0.439909	0.439909	0	0	0	0	0	0.439909	0.439909	0	0	0	0	0.439909	0.439909	0	0	0	0	0.439909	0.439909	0	0	0	0	0.439909	0.439909	0	0	0	0	0	0.439909	0.439909	0	0	0	0.439909	0.439909	0	0	0	0	0.439909	0.439909	0	0	0	0	0	0	0	0	0.439909	0.439909	0	0	0	0	0
0	0	0	0.439869	0.439869	0	0	0	0	0	0	0	0	0	0	0	0	0	0	0	0	0	0	0	0	0	0	0	0	0	0.439869	0.439869	0	0	0	0	0	0	0	0	0	0	0	0	0	0.439869	0.439869	0	0	0	0	0	0	0	0	0	0	0.439869	0.439869	0	0	0	0	0	0	0	0	0	0	0	0.439869	0.439869	0	0	0	0	0	0	0	0	0	0	0	0.439869	0.439869	0	0	0	0	0	0	0	0	0	0	0	0	0	0	0	0	0	0	0	0	0	0.439869	0.439869	0	0	0	0	0	0	0	0	0	0	0.439869	0.439869	0	0	0	0	0	0	0	0	0	0	0	0	0.439869	0.439869	0	0	0	0	0	0	0	0	0.439869	0.439869	0	0	0	0	0	0	0	0	0	0.439869	0.439869	0	0	0	0	0	0	0	0	0	0	0.439869	0.439869	0	0	0	0	0	0	0.439869	0.439869	0	0	0	0.439869	0.439869	0	0	0	0	0	0.439869	0.439869	0	0	0	0	0.439869	0.439869	0	0	0	0.439869	0.439869	0	0	0	0	0	0.439869	0.439869	0	0	0	0	0.439869	0.439869	0	0	0	0	0.439869	0.439869	0	0	0	0	0.439869	0.439869	0	0	0	0	0	0.439869	0.439869	0	0	0	0.439869	0.439869	0	0	0	0	0.439869	0.439869	0	0	0	0	0	0	0	0	0.439869	0.439869	0	0	0	0	0
0	0	0	0.439828	0.439828	0	0	0	0	0	0	0	0	0	0	0	0	0	0	0	0	0	0	0	0	0	0	0	0	0	0.439828	0.439828	0	0	0	0	0	0	0	0	0	0	0	0	0	0.439828	0.439828	0	0	0	0	0	0	0	0	0	0	0.439828	0.439828	0	0	0	0	0	0	0	0	0	0	0	0.439828	0.439828	0	0	0	0	0	0	0	0	0	0	0	0.439828	0.439828	0	0	0	0	0	0	0	0	0	0	0	0	0	0	0	0	0	0	0	0	0	0.439828	0.439828	0	0	0	0	0	0	0	0	0	0	0.439828	0.439828	0	0	0	0	0	0	0	0	0	0	0	0	0.439828	0.439828	0	0	0	0	0	0	0	0	0.439828	0.439828	0	0	0	0	0	0	0	0	0	0.439828	0.439828	0	0	0	0	0	0	0	0	0	0	0.439828	0.439828	0	0	0	0	0	0	0.439828	0.439828	0	0	0	0.439828	0.439828	0	0	0	0	0	0.439828	0.439828	0	0	0	0	0.439828	0.439828	0	0	0	0.439828	0.439828	0	0	0	0	0	0.439828	0.439828	0	0	0	0	0.439828	0.439828	0	0	0	0	0.439828	0.439828	0	0	0	0	0.439828	0.439828	0	0	0	0	0	0.439828	0.439828	0	0	0	0.439828	0.439828	0	0	0	0	0.439828	0.439828	0	0	0	0	0	0	0	0	0.439828	0.439828	0	0	0	0	0
0	0	0	0.439788	0.439788	0	0	0	0	0	0	0	0	0	0	0	0	0	0	0	0	0	0	0	0	0	0	0	0	0	0.439788	0.439788	0	0	0	0	0	0	0	0	0	0	0	0	0	0.439788	0.439788	0	0	0	0	0	0	0	0	0	0	0.439788	0.439788	0	0	0	0	0	0	0	0	0	0	0	0.439788	0.439788	0	0	0	0	0	0	0	0	0	0	0	0.439788	0.439788	0	0	0	0	0	0	0	0	0	0	0	0	0	0	0	0	0	0	0	0	0	0.439788	0.439788	0	0	0	0	0	0	0	0	0	0	0.439788	0.439788	0	0	0	0	0	0	0	0	0	0	0	0	0.439788	0.439788	0	0	0	0	0	0	0	0	0.439788	0.439788	0	0	0	0	0	0	0	0	0	0.439788	0.439788	0	0	0	0	0	0	0	0	0	0	0.439788	0.439788	0	0	0	0	0	0	0.439788	0.439788	0	0	0	0.439788	0.439788	0	0	0	0	0	0.439788	0.439788	0	0	0	0	0.439788	0.439788	0	0	0	0.439788	0.439788	0	0	0	0	0	0.439788	0.439788	0	0	0	0	0.439788	0.439788	0	0	0	0	0.439788	0.439788	0	0	0	0	0.439788	0.439788	0	0	0	0	0	0.439788	0.439788	0	0	0	0.439788	0.439788	0	0	0	0	0.439788	0.439788	0	0	0	0	0	0	0	0	0.439788	0.439788	0	0	0	0	0
0	0	0	0.439747	0.439747	0	0	0	0	0	0	0	0	0	0	0	0	0	0	0	0	0	0	0	0	0	0	0	0	0	0.439747	0.439747	0	0	0	0	0	0	0	0	0	0	0	0	0	0.439747	0.439747	0	0	0	0	0	0	0	0	0	0	0.439747	0.439747	0	0	0	0	0	0	0	0	0	0	0	0.439747	0.439747	0	0	0	0	0	0	0	0	0	0	0	0.439747	0.439747	0	0	0	0	0	0	0	0	0	0	0	0	0	0	0	0	0	0	0	0	0	0.439747	0.439747	0	0	0	0	0	0	0	0	0	0	0.439747	0.439747	0	0	0	0	0	0	0	0	0	0	0	0	0.439747	0.439747	0	0	0	0	0	0	0	0	0.439747	0.439747	0	0	0	0	0	0	0	0	0	0.439747	0.439747	0	0	0	0	0	0	0	0	0	0	0.439747	0.439747	0	0	0	0	0	0	0.439747	0.439747	0	0	0	0.439747	0.439747	0	0	0	0	0	0.439747	0.439747	0	0	0	0	0.439747	0.439747	0	0	0	0.439747	0.439747	0	0	0	0	0	0.439747	0.439747	0	0	0	0	0.439747	0.439747	0	0	0	0	0.439747	0.439747	0	0	0	0	0.439747	0.439747	0	0	0	0	0	0.439747	0.439747	0	0	0	0.439747	0.439747	0	0	0	0	0.439747	0.439747	0	0	0	0	0	0	0	0	0.439747	0.439747	0	0	0	0	0
0	0	0	0.4397	0.4397	0	0	0	0	0	0	0	0	0	0	0	0	0	0	0	0	0	0	0	0	0	0	0	0	0	0.4397	0.4397	0	0	0	0	0	0	0	0	0	0	0	0	0	0.4397	0.4397	0	0	0	0	0	0	0	0	0	0	0.4397	0.4397	0	0	0	0	0	0	0	0	0	0	0	0.4397	0.4397	0	0	0	0	0	0	0	0	0	0	0	0.4397	0.4397	0	0	0	0	0	0	0	0	0	0	0	0	0	0	0	0	0	0	0	0	0	0.4397	0.4397	0	0	0	0	0	0	0	0	0	0	0.4397	0.4397	0	0	0	0	0	0	0	0	0	0	0	0	0.4397	0.4397	0	0	0	0	0	0	0	0	0.4397	0.4397	0	0	0	0	0	0	0	0	0	0.4397	0.4397	0	0	0	0	0	0	0	0	0	0	0.4397	0.4397	0	0	0	0	0	0	0.4397	0.4397	0	0	0	0.4397	0.4397	0	0	0	0	0	0.4397	0.4397	0	0	0	0	0.4397	0.4397	0	0	0	0.4397	0.4397	0	0	0	0	0	0.4397	0.4397	0	0	0	0	0.4397	0.4397	0	0	0	0	0.4397	0.4397	0	0	0	0	0.4397	0.4397	0	0	0	0	0	0.4397	0.4397	0	0	0	0.4397	0.4397	0	0	0	0	0.4397	0.4397	0	0	0	0	0	0	0	0	0.4397	0.4397	0	0	0	0	0
0	0	0	0.439659	0.439659	0	0	0	0	0	0	0	0	0	0	0	0	0	0	0	0	0	0	0	0	0	0	0	0	0	0.439659	0.439659	0	0	0	0	0	0	0	0	0	0	0	0	0	0.439659	0.439659	0	0	0	0	0	0	0	0	0	0	0.439659	0.439659	0	0	0	0	0	0	0	0	0	0	0	0.439659	0.439659	0	0	0	0	0	0	0	0	0	0	0	0.439659	0.439659	0	0	0	0	0	0	0	0	0	0	0	0	0	0	0	0	0	0	0	0	0	0.439659	0.439659	0	0	0	0	0	0	0	0	0	0	0.439659	0.439659	0	0	0	0	0	0	0	0	0	0	0	0	0.439659	0.439659	0	0	0	0	0	0	0	0	0.439659	0.439659	0	0	0	0	0	0	0	0	0	0.439659	0.439659	0	0	0	0	0	0	0	0	0	0	0.439659	0.439659	0	0	0	0	0	0	0.439659	0.439659	0	0	0	0.439659	0.439659	0	0	0	0	0	0.439659	0.439659	0	0	0	0	0.439659	0.439659	0	0	0	0.439659	0.439659	0	0	0	0	0	0.439659	0.439659	0	0	0	0	0.439659	0.439659	0	0	0	0	0.439659	0.439659	0	0	0	0	0.439659	0.439659	0	0	0	0	0	0.439659	0.439659	0	0	0	0.439659	0.439659	0	0	0	0	0.439659	0.439659	0	0	0	0	0	0	0	0	0.439659	0.439659	0	0	0	0	0
0	0	0	0.439619	0.439619	0	0	0	0	0	0	0	0	0	0	0	0	0	0	0	0	0	0	0	0	0	0	0	0	0	0.439619	0.439619	0	0	0	0	0	0	0	0	0	0	0	0	0	0.439619	0.439619	0	0	0	0	0	0	0	0	0	0	0.439619	0.439619	0	0	0	0	0	0	0	0	0	0	0	0.439619	0.439619	0	0	0	0	0	0	0	0	0	0	0	0.439619	0.439619	0	0	0	0	0	0	0	0	0	0	0	0	0	0	0	0	0	0	0	0	0	0.439619	0.439619	0	0	0	0	0	0	0	0	0	0	0.439619	0.439619	0	0	0	0	0	0	0	0	0	0	0	0	0.439619	0.439619	0	0	0	0	0	0	0	0	0.439619	0.439619	0	0	0	0	0	0	0	0	0	0.439619	0.439619	0	0	0	0	0	0	0	0	0	0	0.439619	0.439619	0	0	0	0	0	0	0.439619	0.439619	0	0	0	0.439619	0.439619	0	0	0	0	0	0.439619	0.439619	0	0	0	0	0.439619	0.439619	0	0	0	0.439619	0.439619	0	0	0	0	0	0.439619	0.439619	0	0	0	0	0.439619	0.439619	0	0	0	0	0.439619	0.439619	0	0	0	0	0.439619	0.439619	0	0	0	0	0	0.439619	0.439619	0	0	0	0.439619	0.439619	0	0	0	0	0.439619	0.439619	0	0	0	0	0	0	0	0	0.439619	0.439619	0	0	0	0	0
0	0	0	0.439578	0.439578	0	0	0	0	0	0	0	0	0	0	0	0	0	0	0	0	0	0	0	0	0	0	0	0	0	0.439578	0.439578	0	0	0	0	0	0	0	0	0	0	0	0	0	0.439578	0.439578	0	0	0	0	0	0	0	0	0	0	0.439578	0.439578	0	0	0	0	0	0	0	0	0	0	0	0.439578	0.439578	0	0	0	0	0	0	0	0	0	0	0	0.439578	0.439578	0	0	0	0	0	0	0	0	0	0	0	0	0	0	0	0	0	0	0	0	0	0.439578	0.439578	0	0	0	0	0	0	0	0	0	0	0.439578	0.439578	0	0	0	0	0	0	0	0	0	0	0	0	0.439578	0.439578	0	0	0	0	0	0	0	0	0.439578	0.439578	0	0	0	0	0	0	0	0	0	0.439578	0.439578	0	0	0	0	0	0	0	0	0	0	0.439578	0.439578	0	0	0	0	0	0	0.439578	0.439578	0	0	0	0.439578	0.439578	0	0	0	0	0	0.439578	0.439578	0	0	0	0	0.439578	0.439578	0	0	0	0.439578	0.439578	0	0	0	0	0	0.439578	0.439578	0	0	0	0	0.439578	0.439578	0	0	0	0	0.439578	0.439578	0	0	0	0	0.439578	0.439578	0	0	0	0	0	0.439578	0.439578	0	0	0	0.439578	0.439578	0	0	0	0	0.439578	0.439578	0	0	0	0	0	0	0	0	0.439578	0.439578	0	0	0	0	0
0	0	0	0.439531	0.439531	0	0	0	0	0	0	0	0	0	0	0	0	0	0	0	0	0	0	0	0	0	0	0	0	0	0.439531	0.439531	0	0	0	0	0	0	0	0	0	0	0	0	0	0.439531	0.439531	0	0	0	0	0	0	0	0	0	0	0.439531	0.439531	0	0	0	0	0	0	0	0	0	0	0	0.439531	0.439531	0	0	0	0	0	0	0	0	0	0	0	0.439531	0.439531	0	0	0	0	0	0	0	0	0	0	0	0	0	0	0	0	0	0	0	0	0	0.439531	0.439531	0	0	0	0	0	0	0	0	0	0	0.439531	0.439531	0	0	0	0	0	0	0	0	0	0	0	0	0.439531	0.439531	0	0	0	0	0	0	0	0	0.439531	0.439531	0	0	0	0	0	0	0	0	0	0.439531	0.439531	0	0	0	0	0	0	0	0	0	0	0.439531	0.439531	0	0	0	0	0	0	0.439531	0.439531	0	0	0	0.439531	0.439531	0	0	0	0	0	0.439531	0.439531	0	0	0	0	0.439531	0.439531	0	0	0	0.439531	0.439531	0	0	0	0	0	0.439531	0.439531	0	0	0	0	0.439531	0.439531	0	0	0	0	0.439531	0.439531	0	0	0	0	0.439531	0.439531	0	0	0	0	0	0.439531	0.439531	0	0	0	0.439531	0.439531	0	0	0	0	0.439531	0.439531	0	0	0	0	0	0	0	0	0.439531	0.439531	0	0	0	0	0
0	0	0	0.439491	0.439491	0	0	0	0	0	0	0	0	0	0	0	0	0	0	0	0	0	0	0	0	0	0	0	0	0	0.439491	0.439491	0	0	0	0	0	0	0	0	0	0	0	0	0	0.439491	0.439491	0	0	0	0	0	0	0	0	0	0	0.439491	0.439491	0	0	0	0	0	0	0	0	0	0	0	0.439491	0.439491	0	0	0	0	0	0	0	0	0	0	0	0.439491	0.439491	0	0	0	0	0	0	0	0	0	0	0	0	0	0	0	0	0	0	0	0	0	0.439491	0.439491	0	0	0	0	0	0	0	0	0	0	0.439491	0.439491	0	0	0	0	0	0	0	0	0	0	0	0	0.439491	0.439491	0	0	0	0	0	0	0	0	0.439491	0.439491	0	0	0	0	0	0	0	0	0	0.439491	0.439491	0	0	0	0	0	0	0	0	0	0	0.439491	0.439491	0	0	0	0	0	0	0.439491	0.439491	0	0	0	0.439491	0.439491	0	0	0	0	0	0.439491	0.439491	0	0	0	0	0.439491	0.439491	0	0	0	0.439491	0.439491	0	0	0	0	0	0.439491	0.439491	0	0	0	0	0.439491	0.439491	0	0	0	0	0.439491	0.439491	0	0	0	0	0.439491	0.439491	0	0	0	0	0	0.439491	0.439491	0	0	0	0.439491	0.439491	0	0	0	0	0.439491	0.439491	0	0	0	0	0	0	0	0	0.439491	0.439491	0	0	0	0	0
0	0	0	0.43945	0.43945	0	0	0	0	0	0	0	0	0	0	0	0	0	0	0	0	0	0	0	0	0	0	0	0	0	0.43945	0.43945	0	0	0	0	0	0	0	0	0	0	0	0	0	0.43945	0.43945	0	0	0	0	0	0	0	0	0	0	0.43945	0.43945	0	0	0	0	0	0	0	0	0	0	0	0.43945	0.43945	0	0	0	0	0	0	0	0	0	0	0	0.43945	0.43945	0	0	0	0	0	0	0	0	0	0	0	0	0	0	0	0	0	0	0	0	0	0.43945	0.43945	0	0	0	0	0	0	0	0	0	0	0.43945	0.43945	0	0	0	0	0	0	0	0	0	0	0	0	0.43945	0.43945	0	0	0	0	0	0	0	0	0.43945	0.43945	0	0	0	0	0	0	0	0	0	0.43945	0.43945	0	0	0	0	0	0	0	0	0	0	0.43945	0.43945	0	0	0	0	0	0	0.43945	0.43945	0	0	0	0.43945	0.43945	0	0	0	0	0	0.43945	0.43945	0	0	0	0	0.43945	0.43945	0	0	0	0.43945	0.43945	0	0	0	0	0	0.43945	0.43945	0	0	0	0	0.43945	0.43945	0	0	0	0	0.43945	0.43945	0	0	0	0	0.43945	0.43945	0	0	0	0	0	0.43945	0.43945	0	0	0	0.43945	0.43945	0	0	0	0	0.43945	0.43945	0	0	0	0	0	0	0	0	0.43945	0.43945	0	0	0	0	0
0	0	0	0.43941	0.43941	0	0	0	0	0	0	0	0	0	0	0	0	0	0	0	0	0	0	0	0	0	0	0	0	0	0.43941	0.43941	0	0	0	0	0	0	0	0	0	0	0	0	0	0.43941	0.43941	0	0	0	0	0	0	0	0	0	0	0.43941	0.43941	0	0	0	0	0	0	0	0	0	0	0	0.43941	0.43941	0	0	0	0	0	0	0	0	0	0	0	0.43941	0.43941	0	0	0	0	0	0	0	0	0	0	0	0	0	0	0	0	0	0	0	0	0	0.43941	0.43941	0	0	0	0	0	0	0	0	0	0	0.43941	0.43941	0	0	0	0	0	0	0	0	0	0	0	0	0.43941	0.43941	0	0	0	0	0	0	0	0	0.43941	0.43941	0	0	0	0	0	0	0	0	0	0.43941	0.43941	0	0	0	0	0	0	0	0	0	0	0.43941	0.43941	0	0	0	0	0	0	0.43941	0.43941	0	0	0	0.43941	0.43941	0	0	0	0	0	0.43941	0.43941	0	0	0	0	0.43941	0.43941	0	0	0	0.43941	0.43941	0	0	0	0	0	0.43941	0.43941	0	0	0	0	0.43941	0.43941	0	0	0	0	0.43941	0.43941	0	0	0	0	0.43941	0.43941	0	0	0	0	0	0.43941	0.43941	0	0	0	0.43941	0.43941	0	0	0	0	0.43941	0.43941	0	0	0	0	0	0	0	0	0.43941	0.43941	0	0	0	0	0
0.439403	0.439403	0.439403	0.466038	0.347357	0	0	0	0	0	0	0	0	0	0	0	0	0	0	0.155349	0.347379	0.439403	0.439403	0.439403	0.439403	0.439403	0.439403	0.439403	0.439403	0.439403	0.466038	0.347357	0	0	0	0.155349	0.347379	0.439403	0.439403	0.439403	0.439403	0.439403	0.439403	0.439403	0.439403	0.466038	0.347357	0.155349	0.347379	0.439403	0.439403	0.439403	0.439403	0.439403	0.439403	0.439403	0.439403	0.466038	0.347357	0	0.155349	0.347379	0.439403	0.439403	0.439403	0.439403	0.439403	0.439403	0.439403	0.439403	0.466038	0.491235	0.347379	0.439403	0.439403	0.439403	0.439403	0.439403	0.439403	0.439403	0.439403	0.439403	0.439403	0.466038	0.347357	0	0	0	0	0	0	0	0.155349	0.347379	0.439403	0.439403	0.439403	0.439403	0.439403	0.439403	0.439403	0.439403	0.439403	0.439403	0.439403	0.439403	0.466038	0.347357	0	0	0	0	0	0	0	0	0.155349	0.347379	0.466038	0.347357	0	0	0	0	0	0	0	0	0	0	0	0	0.347357	0.466038	0.439403	0.439403	0.439403	0.439403	0.347379	0.155349	0	0	0.347357	0.466038	0.439403	0.347379	0.155349	0	0	0	0	0	0	0.439369	0.439369	0	0	0	0	0	0	0	0.155349	0.347379	0.439403	0.466038	0.347357	0	0	0	0	0.155349	0.347379	0.466038	0.347357	0	0	0.155349	0.491235	0.347357	0	0	0	0.155349	0.347379	0.466038	0.347357	0	0	0.155349	0.347379	0.466038	0.347357	0	0	0	0.439369	0.439369	0	0	0	0.155349	0.347379	0.466038	0.347357	0	0	0.155349	0.347379	0.466038	0.347357	0	0	0	0.155349	0.491235	0.347357	0	0	0.155349	0.347379	0.466038	0.347357	0	0	0	0.155349	0.347379	0.466038	0.347357	0	0	0.155349	0.491235	0.347357	0	0.155349	0.347379	0.439403	0.466038	0.347357	0	0	0	0	0.155349	0.347379	0.439403	0.439403	0.466038	0.347357	0	0	0	0	0
0.439356	0.439356	0.439356	0.347341	0.155333	0	0	0	0	0	0	0	0	0	0	0	0	0	0	0.34732	0.465988	0.439356	0.439356	0.439356	0.439356	0.439356	0.439356	0.439356	0.439356	0.439356	0.347341	0.155333	0	0	0	0.34732	0.465988	0.439356	0.439356	0.439356	0.439356	0.439356	0.439356	0.439356	0.439356	0.347341	0.155333	0.34732	0.465988	0.439356	0.439356	0.439356	0.439356	0.439356	0.439356	0.439356	0.439356	0.347341	0.155333	0	0.34732	0.465988	0.439356	0.439356	0.439356	0.439356	0.439356	0.439356	0.439356	0.439356	0.347341	0.491182	0.465988	0.439356	0.439356	0.439356	0.439356	0.439356	0.439356	0.439356	0.439356	0.439356	0.439356	0.347341	0.155333	0	0	0	0	0	0	0	0.34732	0.465988	0.439356	0.439356	0.439356	0.439356	0.439356	0.439356	0.439356	0.439356	0.439356	0.439356	0.439356	0.439356	0.347341	0.155333	0	0	0	0	0	0	0	0	0.34732	0.465988	0.347341	0.155333	0	0	0	0	0	0	0	0	0	0	0	0	0.155333	0.347341	0.439356	0.439356	0.439356	0.439356	0.465988	0.34732	0	0	0.155333	0.347341	0.439356	0.465988	0.34732	0	0	0	0	0	0	0.439322	0.439322	0	0	0	0	0	0	0	0.34732	0.465988	0.439356	0.347341	0.155333	0	0	0	0	0.34732	0.465988	0.347341	0.155333	0	0	0.34732	0.491182	0.155333	0	0	0	0.34732	0.465988	0.347341	0.155333	0	0	0.34732	0.465988	0.347341	0.155333	0	0	0	0.439322	0.439322	0	0	0	0.34732	0.465988	0.347341	0.155333	0	0	0.34732	0.465988	0.347341	0.155333	0	0	0	0.34732	0.491182	0.155333	0	0	0.34732	0.465988	0.347341	0.155333	0	0	0	0.34732	0.465988	0.347341	0.155333	0	0	0.34732	0.491182	0.155333	0	0.34732	0.465988	0.439356	0.347341	0.155333	0	0	0	0	0.34732	0.465988	0.439356	0.439356	0.347341	0.155333	0	0	0	0	0
0	0	0	0	0	0	0	0	0	0	0	0	0	0	0	0	0	0	0	0.439282	0.439282	0	0	0	0	0	0	0	0	0	0	0	0	0	0	0.439282	0.439282	0	0	0	0	0	0	0	0	0	0	0.439282	0.439282	0	0	0	0	0	0	0	0	0	0	0	0.439282	0.439282	0	0	0	0	0	0	0	0	0	0.439282	0.439282	0	0	0	0	0	0	0	0	0	0	0	0	0	0	0	0	0	0	0	0.439282	0.439282	0	0	0	0	0	0	0	0	0	0	0	0	0	0	0	0	0	0	0	0	0	0	0.439282	0.439282	0	0	0	0	0	0	0	0	0	0	0	0	0	0	0	0	0	0	0	0	0.439282	0.439282	0	0	0	0	0	0.439282	0.439282	0	0	0	0	0	0	0.439282	0.439282	0	0	0	0	0	0	0	0.439282	0.439282	0	0	0	0	0	0	0	0.439282	0.439282	0	0	0	0	0.439282	0.439282	0	0	0	0	0.439282	0.439282	0	0	0	0	0.439282	0.439282	0	0	0	0	0	0.439282	0.439282	0	0	0	0.439282	0.439282	0	0	0	0	0.439282	0.439282	0	0	0	0	0	0.439282	0.439282	0	0	0	0.439282	0.439282	0	0	0	0	0	0.439282	0.439282	0	0	0	0	0.439282	0.439282	0	0	0.439282	0.439282	0	0	0	0	0	0	0	0.439282	0.439282	0	0	0	0	0	0	0	0	0
0	0	0	0	0	0	0	0	0	0	0	0	0	0	0	0	0	0	0	0.439241	0.439241	0	0	0	0	0	0	0	0	0	0	0	0	0	0	0.439241	0.439241	0	0	0	0	0	0	0	0	0	0	0.439241	0.439241	0	0	0	0	0	0	0	0	0	0	0	0.439241	0.439241	0	0	0	0	0	0	0	0	0	0.439241	0.439241	0	0	0	0	0	0	0	0	0	0	0	0	0	0	0	0	0	0	0	0.439241	0.439241	0	0	0	0	0	0	0	0	0	0	0	0	0	0	0	0	0	0	0	0	0	0	0.439241	0.439241	0	0	0	0	0	0	0	0	0	0	0	0	0	0	0	0	0	0	0	0	0.439241	0.439241	0	0	0	0	0	0.439241	0.439241	0	0	0	0	0	0	0.439241	0.439241	0	0	0	0	0	0	0	0.439241	0.439241	0	0	0	0	0	0	0	0.439241	0.439241	0	0	0	0	0.439241	0.439241	0	0	0	0	0.439241	0.439241	0	0	0	0	0.439241	0.439241	0	0	0	0	0	0.439241	0.439241	0	0	0	0.439241	0.439241	0	0	0	0	0.439241	0.439241	0	0	0	0	0	0.439241	0.439241	0	0	0	0.439241	0.439241	0	0	0	0	0	0.439241	0.439241	0	0	0	0	0.439241	0.439241	0	0	0.439241	0.439241	0	0	0	0	0	0	0	0.439241	0.439241	0	0	0	0	0	0	0	0	0
0	0	0	0	0	0	0	0	0	0	0	0	0	0	0	0	0	0	0	0.439201	0.439201	0	0	0	0	0	0	0	0	0	0	0	0	0	0	0.439201	0.439201	0	0	0	0	0	0	0	0	0	0	0.439201	0.439201	0	0	0	0	0	0	0	0	0	0	0	0.439201	0.439201	0	0	0	0	0	0	0	0	0	0.439201	0.439201	0	0	0	0	0	0	0	0	0	0	0	0	0	0	0	0	0	0	0	0.439201	0.439201	0	0	0	0	0	0	0	0	0	0	0	0	0	0	0	0	0	0	0	0	0	0	0.439201	0.439201	0	0	0	0	0	0	0	0	0	0	0	0	0	0	0	0	0	0	0	0	0.439201	0.439201	0	0	0	0	0	0.439201	0.439201	0	0	0	0	0	0	0.439201	0.439201	0	0	0	0	0	0	0	0.439201	0.439201	0	0	0	0	0	0	0	0.439201	0.439201	0	0	0	0	0.439201	0.439201	0	0	0	0	0.439201	0.439201	0	0	0	0	0.439201	0.439201	0	0	0	0	0	0.439201	0.439201	0	0	0	0.439201	0.439201	0	0	0	0	0.439201	0.439201	0	0	0	0	0	0.439201	0.439201	0	0	0	0.439201	0.439201	0	0	0	0	0	0.439201	0.439201	0	0	0	0	0.439201	0.439201	0	0	0.439201	0.439201	0	0	0	0	0	0	0	0.439201	0.439201	0	0	0	0	0	0	0	0	0
0	0	0	0	0	0	0	0	0	0	0	0	0	0	0	0	0	0	0	0.439161	0.439161	0	0	0	0	0	0	0	0	0	0	0	0	0	0	0.439161	0.439161	0	0	0	0	0	0	0	0	0	0	0.439161	0.439161	0	0	0	0	0	0	0	0	0	0	0	0.439161	0.439161	0	0	0	0	0	0	0	0	0	0.439161	0.439161	0	0	0	0	0	0	0	0	0	0	0	0	0	0	0	0	0	0	0	0.439161	0.439161	0	0	0	0	0	0	0	0	0	0	0	0	0	0	0	0	0	0	0	0	0	0	0.439161	0.439161	0	0	0	0	0	0	0	0	0	0	0	0	0	0	0	0	0	0	0	0	0.439161	0.439161	0	0	0	0	0	0.439161	0.439161	0	0	0	0	0	0	0.439161	0.439161	0	0	0	0	0	0	0	0.439161	0.439161	0	0	0	0	0	0	0	0.439161	0.439161	0	0	0	0	0.439161	0.439161	0	0	0	0	0.439161	0.439161	0	0	0	0	0.439161	0.439161	0	0	0	0	0	0.439161	0.439161	0	0	0	0.439161	0.439161	0	0	0	0	0.439161	0.439161	0	0	0	0	0	0.439161	0.439161	0	0	0	0.439161	0.439161	0	0	0	0	0	0.439161	0.439161	0	0	0	0	0.439161	0.439161	0	0	0.439161	0.439161	0	0	0	0	0	0	0	0.439161	0.439161	0	0	0	0	0	0	0	0	0
0	0	0	0	0	0	0	0	0	0	0	0	0	0	0	0	0	0	0	0.439114	0.439114	0	0	0	0	0	0	0	0	0	0	0	0	0	0	0.439114	0.439114	0	0	0	0	0	0	0	0	0	0	0.439114	0.439114	0	0	0	0	0	0	0	0	0	0	0	0.439114	0.439114	0	0	0	0	0	0	0	0	0	0.439114	0.439114	0	0	0	0	0	0	0	0	0	0	0	0	0	0	0	0	0	0	0	0.439114	0.439114	0	0	0	0	0	0	0	0	0	0	0	0	0	0	0	0	0	0	0	0	0	0	0.439114	0.439114	0	0	0	0	0	0	0	0	0	0	0	0	0	0	0	0	0	0	0	0	0.439114	0.439114	0	0	0	0	0	0.439114	0.439114	0	0	0	0	0	0	0.439114	0.439114	0	0	0	0	0	0	0	0.439114	0.439114	0	0	0	0	0	0	0	0.439114	0.439114	0	0	0	0	0.439114	0.439114	0	0	0	0	0.439114	0.439114	0	0	0	0	0.439114	0.439114	0	0	0	0	0	0.439114	0.439114	0	0	0	0.439114	0.439114	0	0	0	0	0.439114	0.439114	0	0	0	0	0	0.439114	0.439114	0	0	0	0.439114	0.439114	0	0	0	0	0	0.439114	0.439114	0	0	0	0	0.439114	0.439114	0	0	0.439114	0.439114	0	0	0	0	0	0	0	0.439114	0.439114	0	0	0	0	0	0	0	0	0
0	0	0	0	0	0	0	0	0	0	0	0	0	0	0	0	0	0	0	0.439073	0.439073	0	0	0	0	0	0	0	0	0	0	0	0	0	0	0.439073	0.439073	0	0	0	0	0	0	0	0	0	0	0.439073	0.439073	0	0	0	0	0	0	0	0	0	0	0	0.439073	0.439073	0	0	0	0	0	0	0	0	0	0.439073	0.439073	0	0	0	0	0	0	0	0	0	0	0	0	0	0	0	0	0	0	0	0.439073	0.439073	0	0	0	0	0	0	0	0	0	0	0	0	0	0	0	0	0	0	0	0	0	0	0.439073	0.439073	0	0	0	0	0	0	0	0	0	0	0	0	0	0	0	0	0	0	0	0	0.439073	0.439073	0	0	0	0	0	0.439073	0.439073	0	0	0	0	0	0	0.439073	0.439073	0	0	0	0	0	0	0	0.439073	0.439073	0	0	0	0	0	0	0	0.439073	0.439073	0	0	0	0	0.439073	0.439073	0	0	0	0	0.439073	0.439073	0	0	0	0	0.439073	0.439073	0	0	0	0	0	0.439073	0.439073	0	0	0	0.439073	0.439073	0	0	0	0	0.439073	0.439073	0	0	0	0	0	0.439073	0.439073	0	0	0	0.439073	0.439073	0	0	0	0	0	0.439073	0.439073	0	0	0	0	0.439073	0.439073	0	0	0.439073	0.439073	0	0	0	0	0	0	0	0.439073	0.439073	0	0	0	0	0	0	0	0	0
0	0	0	0	0	0	0	0	0	0	0	0	0	0	0	0	0	0	0	0.439033	0.439033	0	0	0	0	0	0	0	0	0	0	0	0	0	0	0.439033	0.439033	0	0	0	0	0	0	0	0	0	0	0.439033	0.439033	0	0	0	0	0	0	0	0	0	0	0	0.439033	0.439033	0	0	0	0	0	0	0	0	0	0.439033	0.439033	0	0	0	0	0	0	0	0	0	0	0	0	0	0	0	0	0	0	0	0.439033	0.439033	0	0	0	0	0	0	0	0	0	0	0	0	0	0	0	0	0	0	0	0	0	0	0.439033	0.439033	0	0	0	0	0	0	0	0	0	0	0	0	0	0	0	0	0	0	0	0	0.439033	0.439033	0	0	0	0	0	0.439033	0.439033	0	0	0	0	0	0	0.439033	0.439033	0	0	0	0	0	0	0	0.439033	0.439033	0	0	0	0	0	0	0	0.439033	0.439033	0	0	0	0	0.439033	0.439033	0	0	0	0	0.439033	0.439033	0	0	0	0	0.439033	0.439033	0	0	0	0	0	0.439033	0.439033	0	0	0	0.439033	0.439033	0	0	0	0	0.439033	0.439033	0	0	0	0	0	0.439033	0.439033	0	0	0	0.439033	0.439033	0	0	0	0	0	0.439033	0.439033	0	0	0	0	0.439033	0.439033	0	0	0.439033	0.439033	0	0	0	0	0	0	0	0.439033	0.439033	0	0	0	0	0	0	0	0	0
0	0	0	0	0	0	0	0	0	0	0	0	0	0	0	0	0	0	0	0.438992	0.438992	0	0	0	0	0	0	0	0	0	0	0	0	0	0	0.438992	0.438992	0	0	0	0	0	0	0	0	0	0	0.438992	0.438992	0	0	0	0	0	0	0	0	0	0	0	0.438992	0.438992	0	0	0	0	0	0	0	0	0	0.438992	0.438992	0	0	0	0	0	0	0	0	0	0	0	0	0	0	0	0	0	0	0	0.438992	0.438992	0	0	0	0	0	0	0	0	0	0	0	0	0	0	0	0	0	0	0	0	0	0	0.438992	0.438992	0	0	0	0	0	0	0	0	0	0	0	0	0	0	0	0	0	0	0	0	0.438992	0.438992	0	0	0	0	0	0.438992	0.438992	0	0	0	0	0	0	0.438992	0.438992	0	0	0	0	0	0	0	0.438992	0.438992	0	0	0	0	0	0	0	0.438992	0.438992	0	0	0	0	0.438992	0.438992	0	0	0	0	0.438992	0.438992	0	0	0	0	0.438992	0.438992	0	0	0	0	0	0.438992	0.438992	0	0	0	0.438992	0.438992	0	0	0	0	0.438992	0.438992	0	0	0	0	0	0.438992	0.438992	0	0	0	0.438992	0.438992	0	0	0	0	0	0.438992	0.438992	0	0	0	0	0.438992	0.438992	0	0	0.438992	0.438992	0	0	0	0	0	0	0	0.438992	0.438992	0	0	0	0	0	0	0	0	0
0	0	0	0	0	0	0	0	0	0	0	0	0	0	0	0	0	0	0	0.438945	0.438945	0	0	0	0	0	0	0	0	0	0	0	0	0	0	0.438945	0.438945	0	0	0	0	0	0	0	0	0	0	0.438945	0.438945	0	0	0	0	0	0	0	0	0	0	0	0.438945	0.438945	0	0	0	0	0	0	0	0	0	0.438945	0.438945	0	0	0	0	0	0	0	0	0	0	0	0	0	0	0	0	0	0	0	0.438945	0.438945	0	0	0	0	0	0	0	0	0	0	0	0	0	0	0	0	0	0	0	0	0	0	0.438945	0.438945	0	0	0	0	0	0	0	0	0	0	0	0	0	0	0	0	0	0	0	0	0.438945	0.438945	0	0	0	0	0	0.438945	0.438945	0	0	0	0	0	0	0.438945	0.438945	0	0	0	0	0	0	0	0.438945	0.438945	0	0	0	0	0	0	0	0.438945	0.438945	0	0	0	0	0.438945	0.438945	0	0	0	0	0.438945	0.438945	0	0	0	0	0.438945	0.438945	0	0	0	0	0	0.438945	0.438945	0	0	0	0.438945	0.438945	0	0	0	0	0.438945	0.438945	0	0	0	0	0	0.438945	0.438945	0	0	0	0.438945	0.438945	0	0	0	0	0	0.438945	0.438945	0	0	0	0	0.438945	0.438945	0	0	0.438945	0.438945	0	0	0	0	0	0	0	0.438945	0.438945	0	0	0	0	0	0	0	0	0
0	0	0	0	0	0	0	0	0	0	0	0	0	0	0	0	0	0	0	0.438905	0.438905	0	0	0	0	0	0	0	0	0	0	0	0	0	0	0.438905	0.438905	0	0	0	0	0	0	0	0	0	0	0.438905	0.438905	0	0	0	0	0	0	0	0	0	0	0	0.438905	0.438905	0	0	0	0	0	0	0	0	0	0.438905	0.438905	0	0	0	0	0	0	0	0	0	0	0	0	0	0	0	0	0	0	0	0.438905	0.438905	0	0	0	0	0	0	0	0	0	0	0	0	0	0	0	0	0	0	0	0	0	0	0.438905	0.438905	0	0	0	0	0	0	0	0	0	0	0	0	0	0	0	0	0	0	0	0	0.438905	0.438905	0	0	0	0	0	0.438905	0.438905	0	0	0	0	0	0	0.438905	0.438905	0	0	0	0	0	0	0	0.438905	0.438905	0	0	0	0	0	0	0	0.438905	0.438905	0	0	0	0	0.438905	0.438905	0	0	0	0	0.438905	0.438905	0	0	0	0	0.438905	0.438905	0	0	0	0	0	0.438905	0.438905	0	0	0	0.438905	0.438905	0	0	0	0	0.438905	0.438905	0	0	0	0	0	0.438905	0.438905	0	0	0	0.438905	0.438905	0	0	0	0	0	0.438905	0.438905	0	0	0	0	0.438905	0.438905	0	0	0.438905	0.438905	0	0	0	0	0	0	0	0.438905	0.438905	0	0	0	0	0	0	0	0	0
0	0	0	0	0	0	0	0	0	0	0	0	0	0	0	0	0	0	0	0.438865	0.438865	0	0	0	0	0	0	0	0	0	0	0	0	0	0	0.438865	0.438865	0	0	0	0	0	0	0	0	0	0	0.438865	0.438865	0	0	0	0	0	0	0	0	0	0	0	0.438865	0.438865	0	0	0	0	0	0	0	0	0	0.438865	0.438865	0	0	0	0	0	0	0	0	0	0	0	0	0	0	0	0	0	0	0	0.438865	0.438865	0	0	0	0	0	0	0	0	0	0	0	0	0	0	0	0	0	0	0	0	0	0	0.438865	0.438865	0	0	0	0	0	0	0	0	0	0	0	0	0	0	0	0	0	0	0	0	0.438865	0.438865	0	0	0	0	0	0.438865	0.438865	0	0	0	0	0	0	0.438865	0.438865	0	0	0	0	0	0	0	0.438865	0.438865	0	0	0	0	0	0	0	0.438865	0.438865	0	0	0	0	0.438865	0.438865	0	0	0	0	0.438865	0.438865	0	0	0	0	0.438865	0.438865	0	0	0	0	0	0.438865	0.438865	0	0	0	0.438865	0.438865	0	0	0	0	0.438865	0.438865	0	0	0	0	0	0.438865	0.438865	0	0	0	0.438865	0.438865	0	0	0	0	0	0.438865	0.438865	0	0	0	0	0.438865	0.438865	0	0	0.438865	0.438865	0	0	0	0	0	0	0	0.438865	0.438865	0	0	0	0	0	0	0	0	0
0	0	0	0	0	0	0	0	0	0	0	0	0	0	0	0	0	0	0	0.438824	0.438824	0	0	0	0	0	0	0	0	0	0	0	0	0	0	0.438824	0.438824	0	0	0	0	0	0	0	0	0	0	0.438824	0.438824	0	0	0	0	0	0	0	0	0	0	0	0.438824	0.438824	0	0	0	0	0	0	0	0	0	0.438824	0.438824	0	0	0	0	0	0	0	0	0	0	0	0	0	0	0	0	0	0	0	0.438824	0.438824	0	0	0	0	0	0	0	0	0	0	0	0	0	0	0	0	0	0	0	0	0	0	0.438824	0.438824	0	0	0	0	0	0	0	0	0	0	0	0	0	0	0	0	0	0	0	0	0.438824	0.438824	0	0	0	0	0	0.438824	0.438824	0	0	0	0	0	0	0.438824	0.438824	0	0	0	0	0	0	0	0.438824	0.438824	0	0	0	0	0	0	0	0.438824	0.438824	0	0	0	0	0.438824	0.438824	0	0	0	0	0.438824	0.438824	0	0	0	0	0.438824	0.438824	0	0	0	0	0	0.438824	0.438824	0	0	0	0.438824	0.438824	0	0	0	0	0.438824	0.438824	0	0	0	0	0	0.438824	0.438824	0	0	0	0.438824	0.438824	0	0	0	0	0	0.438824	0.438824	0	0	0	0	0.438824	0.438824	0	0	0.438824	0.438824	0	0	0	0	0	0	0	0.438824	0.438824	0	0	0	0	0	0	0	0	0
0	0	0	0	0	0	0	0	0	0	0	0	0	0	0	0	0	0	0	0.438784	0.438784	0	0	0	0	0	0	0	0	0	0	0	0	0	0	0.438784	0.438784	0	0	0	0	0	0	0	0	0	0	0.438784	0.438784	0	0	0	0	0	0	0	0	0	0	0	0.438784	0.438784	0	0	0	0	0	0	0	0	0	0.438784	0.438784	0	0	0	0	0	0	0	0	0	0	0	0	0	0	0	0	0	0	0	0.438784	0.438784	0	0	0	0	0	0	0	0	0	0	0	0	0	0	0	0	0	0	0	0	0	0	0.438784	0.438784	0	0	0	0	0	0	0	0	0	0	0	0	0	0	0	0	0	0	0	0	0.438784	0.438784	0	0	0	0	0	0.438784	0.438784	0	0	0	0	0	0	0.438784	0.438784	0	0	0	0	0	0	0	0.438784	0.438784	0	0	0	0	0	0	0	0.438784	0.438784	0	0	0	0	0.438784	0.438784	0	0	0	0	0.438784	0.438784	0	0	0	0	0.438784	0.438784	0	0	0	0	0	0.438784	0.438784	0	0	0	0.438784	0.438784	0	0	0	0	0.438784	0.438784	0	0	0	0	0	0.438784	0.438784	0	0	0	0.438784	0.438784	0	0	0	0	0	0.438784	0.438784	0	0	0	0	0.438784	0.438784	0	0	0.438784	0.438784	0	0	0	0	0	0	0	0.438784	0.438784	0	0	0	0	0	0	0	0	0
0.438771	0.438771	0.438771	0.438771	0.438771	0.438771	0.438771	0.438771	0.346878	0.155126	0	0	0	0	0	0	0	0	0	0.438737	0.438737	0	0	0	0	0	0	0	0	0	0	0.155126	0.346878	0.438771	0.438771	0.465368	0.346857	0	0	0	0	0	0.155126	0.346878	0.438771	0.438771	0.438771	0.465368	0.346857	0	0	0	0	0	0.155126	0.346878	0.438771	0.438771	0.438771	0.438771	0.465368	0.346857	0	0	0	0	0	0	0.155126	0.346878	0.438771	0.465368	0.346857	0	0	0	0	0	0	0	0	0	0	0	0	0	0	0	0	0	0	0.155126	0.490528	0.346857	0	0	0	0	0	0	0	0	0	0	0	0	0	0	0	0	0	0	0	0	0	0.155126	0.490528	0.346857	0	0	0	0	0	0	0	0	0	0	0	0	0	0	0	0	0	0	0	0	0.438737	0.438737	0	0	0	0	0	0.346857	0.465368	0.438771	0.346878	0.155126	0	0	0	0.346857	0.465368	0.438771	0.346878	0.155126	0	0	0	0	0.346857	0.465368	0.346878	0.155126	0	0	0	0.155126	0.346878	0.465368	0.346857	0	0	0.155126	0.346878	0.465368	0.346857	0	0	0	0.155126	0.490528	0.346857	0	0	0.155126	0.346878	0.465368	0.346857	0	0	0	0.155126	0.346878	0.465368	0.346857	0	0	0.155126	0.490528	0.346857	0	0	0	0.155126	0.490528	0.346857	0	0	0	0.155126	0.346878	0.465368	0.346857	0	0	0.155126	0.490528	0.346857	0	0	0	0	0	0.438737	0.438737	0	0	0	0	0.346857	0.490528	0.155126	0	0.346857	0.465368	0.438771	0.438771	0.438771	0.346878	0.155126	0	0	0.346857	0.465368	0.438771	0.438771	0.346878	0.155126	0	0	0	0	0
0.43873	0.43873	0.43873	0.43873	0.43873	0.43873	0.43873	0.43873	0.465325	0.346825	0	0	0	0	0	0	0	0	0	0.438697	0.438697	0	0	0	0	0	0	0	0	0	0	0.346825	0.465325	0.43873	0.43873	0.346847	0.155111	0	0	0	0	0	0.346825	0.465325	0.43873	0.43873	0.43873	0.346847	0.155111	0	0	0	0	0	0.346825	0.465325	0.43873	0.43873	0.43873	0.43873	0.346847	0.155111	0	0	0	0	0	0	0.346825	0.465325	0.43873	0.346847	0.155111	0	0	0	0	0	0	0	0	0	0	0	0	0	0	0	0	0	0	0.346825	0.490483	0.155111	0	0	0	0	0	0	0	0	0	0	0	0	0	0	0	0	0	0	0	0	0	0.346825	0.490483	0.155111	0	0	0	0	0	0	0	0	0	0	0	0	0	0	0	0	0	0	0	0	0.438697	0.438697	0	0	0	0	0	0.155111	0.346847	0.43873	0.465325	0.346825	0	0	0	0.155111	0.346847	0.43873	0.465325	0.346825	0	0	0	0	0.155111	0.346847	0.465325	0.346825	0	0	0	0.346825	0.465325	0.346847	0.155111	0	0	0.346825	0.465325	0.346847	0.155111	0	0	0	0.346825	0.490483	0.155111	0	0	0.346825	0.465325	0.346847	0.155111	0	0	0	0.346825	0.465325	0.346847	0.155111	0	0	0.346825	0.490483	0.155111	0	0	0	0.346825	0.490483	0.155111	0	0	0	0.346825	0.465325	0.346847	0.155111	0	0	0.346825	0.490483	0.155111	0	0	0	0	0	0.438697	0.438697	0	0	0	0	0.155111	0.490483	0.346825	0	0.155111	0.346847	0.43873	0.43873	0.43873	0.465325	0.346825	0	0	0.155111	0.346847	0.43873	0.43873	0.465325	0.346825	0	0	0	0	0
0	0	0	0	0	0	0	0	0.438656	0.438656	0	0	0	0	0	0	0	0	0	0.438656	0.438656	0	0	0	0	0	0	0	0	0	0	0.438656	0.438656	0	0	0	0	0	0	0	0	0	0.438656	0.438656	0	0	0	0	0	0	0	0	0	0	0.438656	0.438656	0	0	0	0	0	0	0	0	0	0	0	0	0.438656	0.438656	0	0	0	0	0	0	0	0	0	0	0	0	0	0	0	0	0	0	0	0	0	0.438656	0.438656	0	0	0	0	0	0	0	0	0	0	0	0	0	0	0	0	0	0	0	0	0	0	0.438656	0.438656	0	0	0	0	0	0	0	0	0	0	0	0	0	0	0	0	0	0	0	0	0	0.438656	0.438656	0	0	0	0	0	0	0	0	0.438656	0.438656	0	0	0	0	0	0	0.438656	0.438656	0	0	0	0	0	0	0.438656	0.438656	0	0	0	0.438656	0.438656	0	0	0	0	0.438656	0.438656	0	0	0	0	0	0.438656	0.438656	0	0	0	0.438656	0.438656	0	0	0	0	0	0.438656	0.438656	0	0	0	0	0.438656	0.438656	0	0	0	0	0.438656	0.438656	0	0	0	0	0.438656	0.438656	0	0	0	0	0.438656	0.438656	0	0	0	0	0	0	0.438656	0.438656	0	0	0	0	0	0.438656	0.438656	0	0	0	0	0	0	0.438656	0.438656	0	0	0	0	0	0	0.438656	0.438656	0	0	0	0	0
0	0	0	0	0	0	0	0	0.438616	0.438616	0	0	0	0	0	0	0	0	0	0.438616	0.438616	0	0	0	0	0	0	0	0	0	0	0.438616	0.438616	0	0	0	0	0	0	0	0	0	0.438616	0.438616	0	0	0	0	0	0	0	0	0	0	0.438616	0.438616	0	0	0	0	0	0	0	0	0	0	0	0	0.438616	0.438616	0	0	0	0	0	0	0	0	0	0	0	0	0	0	0	0	0	0	0	0	0	0.438616	0.438616	0	0	0	0	0	0	0	0	0	0	0	0	0	0	0	0	0	0	0	0	0	0	0.438616	0.438616	0	0	0	0	0	0	0	0	0	0	0	0	0	0	0	0	0	0	0	0	0	0.438616	0.438616	0	0	0	0	0	0	0	0	0.438616	0.438616	0	0	0	0	0	0	0.438616	0.438616	0	0	0	0	0	0	0.438616	0.438616	0	0	0	0.438616	0.438616	0	0	0	0	0.438616	0.438616	0	0	0	0	0	0.438616	0.438616	0	0	0	0.438616	0.438616	0	0	0	0	0	0.438616	0.438616	0	0	0	0	0.438616	0.438616	0	0	0	0	0.438616	0.438616	0	0	0	0	0.438616	0.438616	0	0	0	0	0.438616	0.438616	0	0	0	0	0	0	0.438616	0.438616	0	0	0	0	0	0.438616	0.438616	0	0	0	0	0	0	0.438616	0.438616	0	0	0	0	0	0	0.438616	0.438616	0	0	0	0	0
0	0	0	0	0	0	0	0	0.438569	0.438569	0	0	0	0	0	0	0	0	0	0.438569	0.438569	0	0	0	0	0	0	0	0	0	0	0.438569	0.438569	0	0	0	0	0	0	0	0	0	0.438569	0.438569	0	0	0	0	0	0	0	0	0	0	0.438569	0.438569	0	0	0	0	0	0	0	0	0	0	0	0	0.438569	0.438569	0	0	0	0	0	0	0	0	0	0	0	0	0	0	0	0	0	0	0	0	0	0.438569	0.438569	0	0	0	0	0	0	0	0	0	0	0	0	0	0	0	0	0	0	0	0	0	0	0.438569	0.438569	0	0	0	0	0	0	0	0	0	0	0	0	0	0	0	0	0	0	0	0	0	0.438569	0.438569	0	0	0	0	0	0	0	0	0.438569	0.438569	0	0	0	0	0	0	0.438569	0.438569	0	0	0	0	0	0	0.438569	0.438569	0	0	0	0.438569	0.438569	0	0	0	0	0.438569	0.438569	0	0	0	0	0	0.438569	0.438569	0	0	0	0.438569	0.438569	0	0	0	0	0	0.438569	0.438569	0	0	0	0	0.438569	0.438569	0	0	0	0	0.438569	0.438569	0	0	0	0	0.438569	0.438569	0	0	0	0	0.438569	0.438569	0	0	0	0	0	0	0.438569	0.438569	0	0	0	0	0	0.438569	0.438569	0	0	0	0	0	0	0.438569	0.438569	0	0	0	0	0	0	0.438569	0.438569	0	0	0	0	0
0	0	0	0	0	0	0	0	0.438529	0.438529	0	0	0	0	0	0	0	0	0	0.438529	0.438529	0	0	0	0	0	0	0	0	0	0	0.438529	0.438529	0	0	0	0	0	0	0	0	0	0.438529	0.438529	0	0	0	0	0	0	0	0	0	0	0.438529	0.438529	0	0	0	0	0	0	0	0	0	0	0	0	0.438529	0.438529	0	0	0	0	0	0	0	0	0	0	0	0	0	0	0	0	0	0	0	0	0	0.438529	0.438529	0	0	0	0	0	0	0	0	0	0	0	0	0	0	0	0	0	0	0	0	0	0	0.438529	0.438529	0	0	0	0	0	0	0	0	0	0	0	0	0	0	0	0	0	0	0	0	0	0.438529	0.438529	0	0	0	0	0	0	0	0	0.438529	0.438529	0	0	0	0	0	0	0.438529	0.438529	0	0	0	0	0	0	0.438529	0.438529	0	0	0	0.438529	0.438529	0	0	0	0	0.438529	0.438529	0	0	0	0	0	0.438529	0.438529	0	0	0	0.438529	0.438529	0	0	0	0	0	0.438529	0.438529	0	0	0	0	0.438529	0.438529	0	0	0	0	0.438529	0.438529	0	0	0	0	0.438529	0.438529	0	0	0	0	0.438529	0.438529	0	0	0	0	0	0	0.438529	0.438529	0	0	0	0	0	0.438529	0.438529	0	0	0	0	0	0	0.438529	0.438529	0	0	0	0	0	0	0.438529	0.438529	0	0	0	0	0
0	0	0	0	0	0	0	0	0.438488	0.438488	0	0	0	0	0	0	0	0	0	0.438488	0.438488	0	0	0	0	0	0	0	0	0	0	0.438488	0.438488	0	0	0	0	0	0	0	0	0	0.438488	0.438488	0	0	0	0	0	0	0	0	0	0	0.438488	0.438488	0	0	0	0	0	0	0	0	0	0	0	0	0.438488	0.438488	0	0	0	0	0	0	0	0	0	0	0	0	0	0	0	0	0	0	0	0	0	0.438488	0.438488	0	0	0	0	0	0	0	0	0	0	0	0	0	0	0	0	0	0	0	0	0	0	0.438488	0.438488	0	0	0	0	0	0	0	0	0	0	0	0	0	0	0	0	0	0	0	0	0	0.438488	0.438488	0	0	0	0	0	0	0	0	0.438488	0.438488	0	0	0	0	0	0	0.438488	0.438488	0	0	0	0	0	0	0.438488	0.438488	0	0	0	0.438488	0.438488	0	0	0	0	0.438488	0.438488	0	0	0	0	0	0.438488	0.438488	0	0	0	0.438488	0.438488	0	0	0	0	0	0.438488	0.438488	0	0	0	0	0.438488	0.438488	0	0	0	0	0.438488	0.438488	0	0	0	0	0.438488	0.438488	0	0	0	0	0.438488	0.438488	0	0	0	0	0	0	0.438488	0.438488	0	0	0	0	0	0.438488	0.438488	0	0	0	0	0	0	0.438488	0.438488	0	0	0	0	0	0	0.438488	0.438488	0	0	0	0	0
0	0	0	0	0	0	0	0	0.438448	0.438448	0	0	0	0	0	0	0	0	0	0.438448	0.438448	0	0	0	0	0	0	0	0	0	0	0.438448	0.438448	0	0	0	0	0	0	0	0	0	0.438448	0.438448	0	0	0	0	0	0	0	0	0	0	0.438448	0.438448	0	0	0	0	0	0	0	0	0	0	0	0	0.438448	0.438448	0	0	0	0	0	0	0	0	0	0	0	0	0	0	0	0	0	0	0	0	0	0.438448	0.438448	0	0	0	0	0	0	0	0	0	0	0	0	0	0	0	0	0	0	0	0	0	0	0.438448	0.438448	0	0	0	0	0	0	0	0	0	0	0	0	0	0	0	0	0	0	0	0	0	0.438448	0.438448	0	0	0	0	0	0	0	0	0.438448	0.438448	0	0	0	0	0	0	0.438448	0.438448	0	0	0	0	0	0	0.438448	0.438448	0	0	0	0.438448	0.438448	0	0	0	0	0.438448	0.438448	0	0	0	0	0	0.438448	0.438448	0	0	0	0.438448	0.438448	0	0	0	0	0	0.438448	0.438448	0	0	0	0	0.438448	0.438448	0	0	0	0	0.438448	0.438448	0	0	0	0	0.438448	0.438448	0	0	0	0	0.438448	0.438448	0	0	0	0	0	0	0.438448	0.438448	0	0	0	0	0	0.438448	0.438448	0	0	0	0	0	0	0.438448	0.438448	0	0	0	0	0	0	0.438448	0.438448	0	0	0	0	0
0	0	0	0	0	0	0	0	0.438408	0.438408	0	0	0	0	0	0	0	0	0	0.438408	0.438408	0	0	0	0	0	0	0	0	0	0	0.438408	0.438408	0	0	0	0	0	0	0	0	0	0.438408	0.438408	0	0	0	0	0	0	0	0	0	0	0.438408	0.438408	0	0	0	0	0	0	0	0	0	0	0	0	0.438408	0.438408	0	0	0	0	0	0	0	0	0	0	0	0	0	0	0	0	0	0	0	0	0	0.438408	0.438408	0	0	0	0	0	0	0	0	0	0	0	0	0	0	0	0	0	0	0	0	0	0	0.438408	0.438408	0	0	0	0	0	0	0	0	0	0	0	0	0	0	0	0	0	0	0	0	0	0.438408	0.438408	0	0	0	0	0	0	0	0	0.438408	0.438408	0	0	0	0	0	0	0.438408	0.438408	0	0	0	0	0	0	0.438408	0.438408	0	0	0	0.438408	0.438408	0	0	0	0	0.438408	0.438408	0	0	0	0	0	0.438408	0.438408	0	0	0	0.438408	0.438408	0	0	0	0	0	0.438408	0.438408	0	0	0	0	0.438408	0.438408	0	0	0	0	0.438408	0.438408	0	0	0	0	0.438408	0.438408	0	0	0	0	0.438408	0.438408	0	0	0	0	0	0	0.438408	0.438408	0	0	0	0	0	0.438408	0.438408	0	0	0	0	0	0	0.438408	0.438408	0	0	0	0	0	0	0.438408	0.438408	0	0	0	0	0
0	0	0	0	0	0	0	0	0.438361	0.438361	0	0	0	0	0	0	0	0	0	0.438361	0.438361	0	0	0	0	0	0	0	0	0	0	0.438361	0.438361	0	0	0	0	0	0	0	0	0	0.438361	0.438361	0	0	0	0	0	0	0	0	0	0	0.438361	0.438361	0	0	0	0	0	0	0	0	0	0	0	0	0.438361	0.438361	0	0	0	0	0	0	0	0	0	0	0	0	0	0	0	0	0	0	0	0	0	0.438361	0.438361	0	0	0	0	0	0	0	0	0	0	0	0	0	0	0	0	0	0	0	0	0	0	0.438361	0.438361	0	0	0	0	0	0	0	0	0	0	0	0	0	0	0	0	0	0	0	0	0	0.438361	0.438361	0	0	0	0	0	0	0	0	0.438361	0.438361	0	0	0	0	0	0	0.438361	0.438361	0	0	0	0	0	0	0.438361	0.438361	0	0	0	0.438361	0.438361	0	0	0	0	0.438361	0.438361	0	0	0	0	0	0.438361	0.438361	0	0	0	0.438361	0.438361	0	0	0	0	0	0.438361	0.438361	0	0	0	0	0.438361	0.438361	0	0	0	0	0.438361	0.438361	0	0	0	0	0.438361	0.438361	0	0	0	0	0.438361	0.438361	0	0	0	0	0	0	0.438361	0.438361	0	0	0	0	0	0.438361	0.438361	0	0	0	0	0	0	0.438361	0.438361	0	0	0	0	0	0	0.438361	0.438361	0	0	0	0	0
0	0	0	0	0	0	0	0	0.438321	0.438321	0	0	0	0	0	0	0	0	0	0.438321	0.438321	0	0	0	0	0	0	0	0	0	0	0.438321	0.438321	0	0	0	0	0	0	0	0	0	0.438321	0.438321	0	0	0	0	0	0	0	0	0	0	0.438321	0.438321	0	0	0	0	0	0	0	0	0	0	0	0	0.438321	0.438321	0	0	0	0	0	0	0	0	0	0	0	0	0	0	0	0	0	0	0	0	0	0.438321	0.438321	0	0	0	0	0	0	0	0	0	0	0	0	0	0	0	0	0	0	0	0	0	0	0.438321	0.438321	0	0	0	0	0	0	0	0	0	0	0	0	0	0	0	0	0	0	0	0	0	0.438321	0.438321	0	0	0	0	0	0	0	0	0.438321	0.438321	0	0	0	0	0	0	0.438321	0.438321	0	0	0	0	0	0	0.438321	0.438321	0	0	0	0.438321	0.438321	0	0	0	0	0.438321	0.438321	0	0	0	0	0	0.438321	0.438321	0	0	0	0.438321	0.438321	0	0	0	0	0	0.438321	0.438321	0	0	0	0	0.438321	0.438321	0	0	0	0	0.438321	0.438321	0	0	0	0	0.438321	0.438321	0	0	0	0	0.438321	0.438321	0	0	0	0	0	0	0.438321	0.438321	0	0	0	0	0	0.438321	0.438321	0	0	0	0	0	0	0.438321	0.438321	0	0	0	0	0	0	0.438321	0.438321	0	0	0	0	0
0	0	0	0	0	0	0	0	0.438281	0.438281	0	0	0	0	0	0	0	0	0	0.438281	0.438281	0	0	0	0	0	0	0	0	0	0	0.438281	0.438281	0	0	0	0	0	0	0	0	0	0.438281	0.438281	0	0	0	0	0	0	0	0	0	0	0.438281	0.438281	0	0	0	0	0	0	0	0	0	0	0	0	0.438281	0.438281	0	0	0	0	0	0	0	0	0	0	0	0	0	0	0	0	0	0	0	0	0	0.438281	0.438281	0	0	0	0	0	0	0	0	0	0	0	0	0	0	0	0	0	0	0	0	0	0	0.438281	0.438281	0	0	0	0	0	0	0	0	0	0	0	0	0	0	0	0	0	0	0	0	0	0.438281	0.438281	0	0	0	0	0	0	0	0	0.438281	0.438281	0	0	0	0	0	0	0.438281	0.438281	0	0	0	0	0	0	0.438281	0.438281	0	0	0	0.438281	0.438281	0	0	0	0	0.438281	0.438281	0	0	0	0	0	0.438281	0.438281	0	0	0	0.438281	0.438281	0	0	0	0	0	0.438281	0.438281	0	0	0	0	0.438281	0.438281	0	0	0	0	0.438281	0.438281	0	0	0	0	0.438281	0.438281	0	0	0	0	0.438281	0.438281	0	0	0	0	0	0	0.438281	0.438281	0	0	0	0	0	0.438281	0.438281	0	0	0	0	0	0	0.438281	0.438281	0	0	0	0	0	0	0.438281	0.438281	0	0	0	0	0
0	0	0	0	0	0	0	0	0.43824	0.43824	0	0	0	0	0	0	0	0	0	0.43824	0.43824	0	0	0	0	0	0	0	0	0	0	0.43824	0.43824	0	0	0	0	0	0	0	0	0	0.43824	0.43824	0	0	0	0	0	0	0	0	0	0	0.43824	0.43824	0	0	0	0	0	0	0	0	0	0	0	0	0.43824	0.43824	0	0	0	0	0	0	0	0	0	0	0	0	0	0	0	0	0	0	0	0	0	0.43824	0.43824	0	0	0	0	0	0	0	0	0	0	0	0	0	0	0	0	0	0	0	0	0	0	0.43824	0.43824	0	0	0	0	0	0	0	0	0	0	0	0	0	0	0	0	0	0	0	0	0	0.43824	0.43824	0	0	0	0	0	0	0	0	0.43824	0.43824	0	0	0	0	0	0	0.43824	0.43824	0	0	0	0	0	0	0.43824	0.43824	0	0	0	0.43824	0.43824	0	0	0	0	0.43824	0.43824	0	0	0	0	0	0.43824	0.43824	0	0	0	0.43824	0.43824	0	0	0	0	0	0.43824	0.43824	0	0	0	0	0.43824	0.43824	0	0	0	0	0.43824	0.43824	0	0	0	0	0.43824	0.43824	0	0	0	0	0.43824	0.43824	0	0	0	0	0	0	0.43824	0.43824	0	0	0	0	0	0.43824	0.43824	0	0	0	0	0	0	0.43824	0.43824	0	0	0	0	0	0	0.43824	0.43824	0	0	0	0	0
0	0	0	0	0	0	0	0	0.438193	0.438193	0	0	0	0	0	0	0	0	0	0.438193	0.438193	0	0	0	0	0	0	0	0	0	0	0.438193	0.438193	0	0	0	0	0	0	0	0	0	0.438193	0.438193	0	0	0	0	0	0	0	0	0	0	0.438193	0.438193	0	0	0	0	0	0	0	0	0	0	0	0	0.438193	0.438193	0	0	0	0	0	0	0	0	0	0	0	0	0	0	0	0	0	0	0	0	0	0.438193	0.438193	0	0	0	0	0	0	0	0	0	0	0	0	0	0	0	0	0	0	0	0	0	0	0.438193	0.438193	0	0	0	0	0	0	0	0	0	0	0	0	0	0	0	0	0	0	0	0	0	0.438193	0.438193	0	0	0	0	0	0	0	0	0.438193	0.438193	0	0	0	0	0	0	0.438193	0.438193	0	0	0	0	0	0	0.438193	0.438193	0	0	0	0.438193	0.438193	0	0	0	0	0.438193	0.438193	0	0	0	0	0	0.438193	0.438193	0	0	0	0.438193	0.438193	0	0	0	0	0	0.438193	0.438193	0	0	0	0	0.438193	0.438193	0	0	0	0	0.438193	0.438193	0	0	0	0	0.438193	0.438193	0	0	0	0	0.438193	0.438193	0	0	0	0	0	0	0.438193	0.438193	0	0	0	0	0	0.438193	0.438193	0	0	0	0	0	0	0.438193	0.438193	0	0	0	0	0	0	0.438193	0.438193	0	0	0	0	0
0.154919	0	0	0	0	0	0	0	0.346396	0.464748	0.438187	0.438187	0.438187	0.438187	0.438187	0.346417	0.154919	0	0	0.346396	0.464748	0.438187	0.438187	0.438187	0.346417	0.154919	0	0	0	0	0	0.346396	0.464748	0.438187	0.438187	0.438187	0.346417	0.154919	0	0	0	0	0.346396	0.464748	0.438187	0.346417	0.154919	0	0	0	0	0	0	0.154919	0.489875	0.346396	0	0	0	0	0	0	0	0	0	0.154919	0.346417	0.438187	0.464748	0.346396	0	0	0	0	0	0	0	0	0	0	0	0	0	0	0	0	0	0	0.154919	0.346417	0.438187	0.464748	0.346396	0	0	0	0	0	0	0	0	0	0	0	0	0	0	0	0	0	0	0	0.154919	0.346417	0.438187	0.464748	0.346396	0	0	0	0	0	0	0	0	0	0	0	0	0	0	0	0	0	0.154919	0.346417	0.438187	0.438187	0.464748	0.346396	0	0	0	0	0	0	0	0	0.438153	0.438153	0	0	0	0	0	0	0.438153	0.438153	0	0	0	0	0.154919	0.346417	0.464748	0.346396	0	0	0.154919	0.489875	0.346396	0	0	0	0.154919	0.489875	0.346396	0	0	0	0	0	0.438153	0.438153	0	0	0	0.438153	0.438153	0	0	0	0	0	0.438153	0.438153	0	0	0.154919	0.346417	0.464748	0.346396	0	0	0	0	0.438153	0.438153	0	0	0	0	0.346396	0.464748	0.346417	0.154919	0	0	0.346396	0.464748	0.438187	0.346417	0.154919	0	0	0	0.346396	0.464748	0.346417	0.154919	0	0	0	0.346396	0.464748	0.438187	0.346417	0.154919	0	0	0	0.346396	0.464748	0.438187	0.346417	0.154919	0	0	0	0.346396	0.464748	0.438187	0.438187	0.438187	0.438187	0.438187
0.346364	0	0	0	0	0	0	0	0.154905	0.346385	0.438146	0.438146	0.438146	0.438146	0.438146	0.464706	0.346364	0	0	0.154905	0.346385	0.438146	0.438146	0.438146	0.464706	0.346364	0	0	0	0	0	0.154905	0.346385	0.438146	0.438146	0.438146	0.464706	0.346364	0	0	0	0	0.154905	0.346385	0.438146	0.464706	0.346364	0	0	0	0	0	0	0.346364	0.48983	0.154905	0	0	0	0	0	0	0	0	0	0.346364	0.464706	0.438146	0.346385	0.154905	0	0	0	0	0	0	0	0	0	0	0	0	0	0	0	0	0	0	0.346364	0.464706	0.438146	0.346385	0.154905	0	0	0	0	0	0	0	0	0	0	0	0	0	0	0	0	0	0	0	0.346364	0.464706	0.438146	0.346385	0.154905	0	0	0	0	0	0	0	0	0	0	0	0	0	0	0	0	0	0.346364	0.464706	0.438146	0.438146	0.346385	0.154905	0	0	0	0	0	0	0	0	0.438113	0.438113	0	0	0	0	0	0	0.438113	0.438113	0	0	0	0	0.346364	0.464706	0.346385	0.154905	0	0	0.346364	0.48983	0.154905	0	0	0	0.346364	0.48983	0.154905	0	0	0	0	0	0.438113	0.438113	0	0	0	0.438113	0.438113	0	0	0	0	0	0.438113	0.438113	0	0	0.346364	0.464706	0.346385	0.154905	0	0	0	0	0.438113	0.438113	0	0	0	0	0.154905	0.346385	0.464706	0.346364	0	0	0.154905	0.346385	0.438146	0.464706	0.346364	0	0	0	0.154905	0.346385	0.464706	0.346364	0	0	0	0.154905	0.346385	0.438146	0.464706	0.346364	0	0	0	0.154905	0.346385	0.438146	0.464706	0.346364	0	0	0	0.154905	0.346385	0.438146	0.438146	0.438146	0.438146	0.438146
0.438073	0	0	0	0	0	0	0	0	0	0	0	0	0	0	0.438073	0.438073	0	0	0	0	0	0	0	0.438073	0.438073	0	0	0	0	0	0	0	0	0	0	0.438073	0.438073	0	0	0	0	0	0	0	0.438073	0.438073	0	0	0	0	0	0	0.438073	0.438073	0	0	0	0	0	0	0	0	0	0	0.438073	0.438073	0	0	0	0	0	0	0	0	0	0	0	0	0	0	0	0	0	0	0	0	0	0.438073	0.438073	0	0	0	0	0	0	0	0	0	0	0	0	0	0	0	0	0	0	0	0	0	0	0.438073	0.438073	0	0	0	0	0	0	0	0	0	0	0	0	0	0	0	0	0	0	0	0	0.438073	0.438073	0	0	0	0	0	0	0	0	0	0	0	0	0.438073	0.438073	0	0	0	0	0	0	0.438073	0.438073	0	0	0	0	0.438073	0.438073	0	0	0	0	0.438073	0.438073	0	0	0	0	0.438073	0.438073	0	0	0	0	0	0	0.438073	0.438073	0	0	0	0.438073	0.438073	0	0	0	0	0	0.438073	0.438073	0	0	0.438073	0.438073	0	0	0	0	0	0	0.438073	0.438073	0	0	0	0	0	0	0.438073	0.438073	0	0	0	0	0	0.438073	0.438073	0	0	0	0	0	0.438073	0.438073	0	0	0	0	0	0	0.438073	0.438073	0	0	0	0	0	0	0.438073	0.438073	0	0	0	0	0	0	0	0	0	0
0.438026	0	0	0	0	0	0	0	0	0	0	0	0	0	0	0.438026	0.438026	0	0	0	0	0	0	0	0.438026	0.438026	0	0	0	0	0	0	0	0	0	0	0.438026	0.438026	0	0	0	0	0	0	0	0.438026	0.438026	0	0	0	0	0	0	0.438026	0.438026	0	0	0	0	0	0	0	0	0	0	0.438026	0.438026	0	0	0	0	0	0	0	0	0	0	0	0	0	0	0	0	0	0	0	0	0	0.438026	0.438026	0	0	0	0	0	0	0	0	0	0	0	0	0	0	0	0	0	0	0	0	0	0	0.438026	0.438026	0	0	0	0	0	0	0	0	0	0	0	0	0	0	0	0	0	0	0	0	0.438026	0.438026	0	0	0	0	0	0	0	0	0	0	0	0	0.438026	0.438026	0	0	0	0	0	0	0.438026	0.438026	0	0	0	0	0.438026	0.438026	0	0	0	0	0.438026	0.438026	0	0	0	0	0.438026	0.438026	0	0	0	0	0	0	0.438026	0.438026	0	0	0	0.438026	0.438026	0	0	0	0	0	0.438026	0.438026	0	0	0.438026	0.438026	0	0	0	0	0	0	0.438026	0.438026	0	0	0	0	0	0	0.438026	0.438026	0	0	0	0	0	0.438026	0.438026	0	0	0	0	0	0.438026	0.438026	0	0	0	0	0	0	0.438026	0.438026	0	0	0	0	0	0	0.438026	0.438026	0	0	0	0	0	0	0	0	0	0
0.437986	0	0	0	0	0	0	0	0	0	0	0	0	0	0	0.437986	0.437986	0	0	0	0	0	0	0	0.437986	0.437986	0	0	0	0	0	0	0	0	0	0	0.437986	0.437986	0	0	0	0	0	0	0	0.437986	0.437986	0	0	0	0	0	0	0.437986	0.437986	0	0	0	0	0	0	0	0	0	0	0.437986	0.437986	0	0	0	0	0	0	0	0	0	0	0	0	0	0	0	0	0	0	0	0	0	0.437986	0.437986	0	0	0	0	0	0	0	0	0	0	0	0	0	0	0	0	0	0	0	0	0	0	0.437986	0.437986	0	0	0	0	0	0	0	0	0	0	0	0	0	0	0	0	0	0	0	0	0.437986	0.437986	0	0	0	0	0	0	0	0	0	0	0	0	0.437986	0.437986	0	0	0	0	0	0	0.437986	0.437986	0	0	0	0	0.437986	0.437986	0	0	0	0	0.437986	0.437986	0	0	0	0	0.437986	0.437986	0	0	0	0	0	0	0.437986	0.437986	0	0	0	0.437986	0.437986	0	0	0	0	0	0.437986	0.437986	0	0	0.437986	0.437986	0	0	0	0	0	0	0.437986	0.437986	0	0	0	0	0	0	0.437986	0.437986	0	0	0	0	0	0.437986	0.437986	0	0	0	0	0	0.437986	0.437986	0	0	0	0	0	0	0.437986	0.437986	0	0	0	0	0	0	0.437986	0.437986	0	0	0	0	0	0	0	0	0	0
0.437946	0	0	0	0	0	0	0	0	0	0	0	0	0	0	0.437946	0.437946	0	0	0	0	0	0	0	0.437946	0.437946	0	0	0	0	0	0	0	0	0	0	0.437946	0.437946	0	0	0	0	0	0	0	0.437946	0.437946	0	0	0	0	0	0	0.437946	0.437946	0	0	0	0	0	0	0	0	0	0	0.437946	0.437946	0	0	0	0	0	0	0	0	0	0	0	0	0	0	0	0	0	0	0	0	0	0.437946	0.437946	0	0	0	0	0	0	0	0	0	0	0	0	0	0	0	0	0	0	0	0	0	0	0.437946	0.437946	0	0	0	0	0	0	0	0	0	0	0	0	0	0	0	0	0	0	0	0	0.437946	0.437946	0	0	0	0	0	0	0	0	0	0	0	0	0.437946	0.437946	0	0	0	0	0	0	0.437946	0.437946	0	0	0	0	0.437946	0.437946	0	0	0	0	0.437946	0.437946	0	0	0	0	0.437946	0.437946	0	0	0	0	0	0	0.437946	0.437946	0	0	0	0.437946	0.437946	0	0	0	0	0	0.437946	0.437946	0	0	0.437946	0.437946	0	0	0	0	0	0	0.437946	0.437946	0	0	0	0	0	0	0.437946	0.437946	0	0	0	0	0	0.437946	0.437946	0	0	0	0	0	0.437946	0.437946	0	0	0	0	0	0	0.437946	0.437946	0	0	0	0	0	0	0.437946	0.437946	0	0	0	0	0	0	0	0	0	0
0.437905	0	0	0	0	0	0	0	0	0	0	0	0	0	0	0.437905	0.437905	0	0	0	0	0	0	0	0.437905	0.437905	0	0	0	0	0	0	0	0	0	0	0.437905	0.437905	0	0	0	0	0	0	0	0.437905	0.437905	0	0	0	0	0	0	0.437905	0.437905	0	0	0	0	0	0	0	0	0	0	0.437905	0.437905	0	0	0	0	0	0	0	0	0	0	0	0	0	0	0	0	0	0	0	0	0	0.437905	0.437905	0	0	0	0	0	0	0	0	0	0	0	0	0	0	0	0	0	0	0	0	0	0	0.437905	0.437905	0	0	0	0	0	0	0	0	0	0	0	0	0	0	0	0	0	0	0	0	0.437905	0.437905	0	0	0	0	0	0	0	0	0	0	0	0	0.437905	0.437905	0	0	0	0	0	0	0.437905	0.437905	0	0	0	0	0.437905	0.437905	0	0	0	0	0.437905	0.437905	0	0	0	0	0.437905	0.437905	0	0	0	0	0	0	0.437905	0.437905	0	0	0	0.437905	0.437905	0	0	0	0	0	0.437905	0.437905	0	0	0.437905	0.437905	0	0	0	0	0	0	0.437905	0.437905	0	0	0	0	0	0	0.437905	0.437905	0	0	0	0	0	0.437905	0.437905	0	0	0	0	0	0.437905	0.437905	0	0	0	0	0	0	0.437905	0.437905	0	0	0	0	0	0	0.437905	0.437905	0	0	0	0	0	0	0	0	0	0
0.437865	0	0	0	0	0	0	0	0	0	0	0	0	0	0	0.437865	0.437865	0	0	0	0	0	0	0	0.437865	0.437865	0	0	0	0	0	0	0	0	0	0	0.437865	0.437865	0	0	0	0	0	0	0	0.437865	0.437865	0	0	0	0	0	0	0.437865	0.437865	0	0	0	0	0	0	0	0	0	0	0.437865	0.437865	0	0	0	0	0	0	0	0	0	0	0	0	0	0	0	0	0	0	0	0	0	0.437865	0.437865	0	0	0	0	0	0	0	0	0	0	0	0	0	0	0	0	0	0	0	0	0	0	0.437865	0.437865	0	0	0	0	0	0	0	0	0	0	0	0	0	0	0	0	0	0	0	0	0.437865	0.437865	0	0	0	0	0	0	0	0	0	0	0	0	0.437865	0.437865	0	0	0	0	0	0	0.437865	0.437865	0	0	0	0	0.437865	0.437865	0	0	0	0	0.437865	0.437865	0	0	0	0	0.437865	0.437865	0	0	0	0	0	0	0.437865	0.437865	0	0	0	0.437865	0.437865	0	0	0	0	0	0.437865	0.437865	0	0	0.437865	0.437865	0	0	0	0	0	0	0.437865	0.437865	0	0	0	0	0	0	0.437865	0.437865	0	0	0	0	0	0.437865	0.437865	0	0	0	0	0	0.437865	0.437865	0	0	0	0	0	0	0.437865	0.437865	0	0	0	0	0	0	0.437865	0.437865	0	0	0	0	0	0	0	0	0	0
0.437818	0	0	0	0	0	0	0	0	0	0	0	0	0	0	0.437818	0.437818	0	0	0	0	0	0	0	0.437818	0.437818	0	0	0	0	0	0	0	0	0	0	0.437818	0.437818	0	0	0	0	0	0	0	0.437818	0.437818	0	0	0	0	0	0	0.437818	0.437818	0	0	0	0	0	0	0	0	0	0	0.437818	0.437818	0	0	0	0	0	0	0	0	0	0	0	0	0	0	0	0	0	0	0	0	0	0.437818	0.437818	0	0	0	0	0	0	0	0	0	0	0	0	0	0	0	0	0	0	0	0	0	0	0.437818	0.437818	0	0	0	0	0	0	0	0	0	0	0	0	0	0	0	0	0	0	0	0	0.437818	0.437818	0	0	0	0	0	0	0	0	0	0	0	0	0.437818	0.437818	0	0	0	0	0	0	0.437818	0.437818	0	0	0	0	0.437818	0.437818	0	0	0	0	0.437818	0.437818	0	0	0	0	0.437818	0.437818	0	0	0	0	0	0	0.437818	0.437818	0	0	0	0.437818	0.437818	0	0	0	0	0	0.437818	0.437818	0	0	0.437818	0.437818	0	0	0	0	0	0	0.437818	0.437818	0	0	0	0	0	0	0.437818	0.437818	0	0	0	0	0	0.437818	0.437818	0	0	0	0	0	0.437818	0.437818	0	0	0	0	0	0	0.437818	0.437818	0	0	0	0	0	0	0.437818	0.437818	0	0	0	0	0	0	0	0	0	0
0.437778	0	0	0	0	0	0	0	0	0	0	0	0	0	0	0.437778	0.437778	0	0	0	0	0	0	0	0.437778	0.437778	0	0	0	0	0	0	0	0	0	0	0.437778	0.437778	0	0	0	0	0	0	0	0.437778	0.437778	0	0	0	0	0	0	0.437778	0.437778	0	0	0	0	0	0	0	0	0	0	0.437778	0.437778	0	0	0	0	0	0	0	0	0	0	0	0	0	0	0	0	0	0	0	0	0	0.437778	0.437778	0	0	0	0	0	0	0	0	0	0	0	0	0	0	0	0	0	0	0	0	0	0	0.437778	0.437778	0	0	0	0	0	0	0	0	0	0	0	0	0	0	0	0	0	0	0	0	0.437778	0.437778	0	0	0	0	0	0	0	0	0	0	0	0	0.437778	0.437778	0	0	0	0	0	0	0.437778	0.437778	0	0	0	0	0.437778	0.437778	0	0	0	0	0.437778	0.437778	0	0	0	0	0.437778	0.437778	0	0	0	0	0	0	0.437778	0.437778	0	0	0	0.437778	0.437778	0	0	0	0	0	0.437778	0.437778	0	0	0.437778	0.437778	0	0	0	0	0	0	0.437778	0.437778	0	0	0	0	0	0	0.437778	0.437778	0	0	0	0	0	0.437778	0.437778	0	0	0	0	0	0.437778	0.437778	0	0	0	0	0	0	0.437778	0.437778	0	0	0	0	0	0	0.437778	0.437778	0	0	0	0	0	0	0	0	0	0
0.437738	0	0	0	0	0	0	0	0	0	0	0	0	0	0	0.437738	0.437738	0	0	0	0	0	0	0	0.437738	0.437738	0	0	0	0	0	0	0	0	0	0	0.437738	0.437738	0	0	0	0	0	0	0	0.437738	0.437738	0	0	0	0	0	0	0.437738	0.437738	0	0	0	0	0	0	0	0	0	0	0.437738	0.437738	0	0	0	0	0	0	0	0	0	0	0	0	0	0	0	0	0	0	0	0	0	0.437738	0.437738	0	0	0	0	0	0	0	0	0	0	0	0	0	0	0	0	0	0	0	0	0	0	0.437738	0.437738	0	0	0	0	0	0	0	0	0	0	0	0	0	0	0	0	0	0	0	0	0.437738	0.437738	0	0	0	0	0	0	0	0	0	0	0	0	0.437738	0.437738	0	0	0	0	0	0	0.437738	0.437738	0	0	0	0	0.437738	0.437738	0	0	0	0	0.437738	0.437738	0	0	0	0	0.437738	0.437738	0	0	0	0	0	0	0.437738	0.437738	0	0	0	0.437738	0.437738	0	0	0	0	0	0.437738	0.437738	0	0	0.437738	0.437738	0	0	0	0	0	0	0.437738	0.437738	0	0	0	0	0	0	0.437738	0.437738	0	0	0	0	0	0.437738	0.437738	0	0	0	0	0	0.437738	0.437738	0	0	0	0	0	0	0.437738	0.437738	0	0	0	0	0	0	0.437738	0.437738	0	0	0	0	0	0	0	0	0	0
0.437698	0	0	0	0	0	0	0	0	0	0	0	0	0	0	0.437698	0.437698	0	0	0	0	0	0	0	0.437698	0.437698	0	0	0	0	0	0	0	0	0	0	0.437698	0.437698	0	0	0	0	0	0	0	0.437698	0.437698	0	0	0	0	0	0	0.437698	0.437698	0	0	0	0	0	0	0	0	0	0	0.437698	0.437698	0	0	0	0	0	0	0	0	0	0	0	0	0	0	0	0	0	0	0	0	0	0.437698	0.437698	0	0	0	0	0	0	0	0	0	0	0	0	0	0	0	0	0	0	0	0	0	0	0.437698	0.437698	0	0	0	0	0	0	0	0	0	0	0	0	0	0	0	0	0	0	0	0	0.437698	0.437698	0	0	0	0	0	0	0	0	0	0	0	0	0.437698	0.437698	0	0	0	0	0	0	0.437698	0.437698	0	0	0	0	0.437698	0.437698	0	0	0	0	0.437698	0.437698	0	0	0	0	0.437698	0.437698	0	0	0	0	0	0	0.437698	0.437698	0	0	0	0.437698	0.437698	0	0	0	0	0	0.437698	0.437698	0	0	0.437698	0.437698	0	0	0	0	0	0	0.437698	0.437698	0	0	0	0	0	0	0.437698	0.437698	0	0	0	0	0	0.437698	0.437698	0	0	0	0	0	0.437698	0.437698	0	0	0	0	0	0	0.437698	0.437698	0	0	0	0	0	0	0.437698	0.437698	0	0	0	0	0	0	0	0	0	0
0.437651	0	0	0	0	0	0	0	0	0	0	0	0	0	0	0.437651	0.437651	0	0	0	0	0	0	0	0.437651	0.437651	0	0	0	0	0	0	0	0	0	0	0.437651	0.437651	0	0	0	0	0	0	0	0.437651	0.437651	0	0	0	0	0	0	0.437651	0.437651	0	0	0	0	0	0	0	0	0	0	0.437651	0.437651	0	0	0	0	0	0	0	0	0	0	0	0	0	0	0	0	0	0	0	0	0	0.437651	0.437651	0	0	0	0	0	0	0	0	0	0	0	0	0	0	0	0	0	0	0	0	0	0	0.437651	0.437651	0	0	0	0	0	0	0	0	0	0	0	0	0	0	0	0	0	0	0	0	0.437651	0.437651	0	0	0	0	0	0	0	0	0	0	0	0	0.437651	0.437651	0	0	0	0	0	0	0.437651	0.437651	0	0	0	0	0.437651	0.437651	0	0	0	0	0.437651	0.437651	0	0	0	0	0.437651	0.437651	0	0	0	0	0	0	0.437651	0.437651	0	0	0	0.437651	0.437651	0	0	0	0	0	0.437651	0.437651	0	0	0.437651	0.437651	0	0	0	0	0	0	0.437651	0.437651	0	0	0	0	0	0	0.437651	0.437651	0	0	0	0	0	0.437651	0.437651	0	0	0	0	0	0.437651	0.437651	0	0	0	0	0	0	0.437651	0.437651	0	0	0	0	0	0	0.437651	0.437651	0	0	0	0	0	0	0	0	0	0
0.437611	0	0	0	0	0	0	0	0	0	0	0	0	0	0	0.437611	0.437611	0	0	0	0	0	0	0	0.437611	0.437611	0	0	0	0	0	0	0	0	0	0	0.437611	0.437611	0	0	0	0	0	0	0	0.437611	0.437611	0	0	0	0	0	0	0.437611	0.437611	0	0	0	0	0	0	0	0	0	0	0.437611	0.437611	0	0	0	0	0	0	0	0	0	0	0	0	0	0	0	0	0	0	0	0	0	0.437611	0.437611	0	0	0	0	0	0	0	0	0	0	0	0	0	0	0	0	0	0	0	0	0	0	0.437611	0.437611	0	0	0	0	0	0	0	0	0	0	0	0	0	0	0	0	0	0	0	0	0.437611	0.437611	0	0	0	0	0	0	0	0	0	0	0	0	0.437611	0.437611	0	0	0	0	0	0	0.437611	0.437611	0	0	0	0	0.437611	0.437611	0	0	0	0	0.437611	0.437611	0	0	0	0	0.437611	0.437611	0	0	0	0	0	0	0.437611	0.437611	0	0	0	0.437611	0.437611	0	0	0	0	0	0.437611	0.437611	0	0	0.437611	0.437611	0	0	0	0	0	0	0.437611	0.437611	0	0	0	0	0	0	0.437611	0.437611	0	0	0	0	0	0.437611	0.437611	0	0	0	0	0	0.437611	0.437611	0	0	0	0	0	0	0.437611	0.437611	0	0	0	0	0	0	0.437611	0.437611	0	0	0	0	0	0	0	0	0	0
0.437571	0	0	0	0	0	0	0	0	0	0	0	0	0	0	0.437571	0.437571	0	0	0	0	0	0	0	0.437571	0.437571	0	0	0	0	0	0	0	0	0	0	0.437571	0.437571	0	0	0	0	0	0	0	0.437571	0.437571	0	0	0	0	0	0	0.437571	0.437571	0	0	0	0	0	0	0	0	0	0	0.437571	0.437571	0	0	0	0	0	0	0	0	0	0	0	0	0	0	0	0	0	0	0	0	0	0.437571	0.437571	0	0	0	0	0	0	0	0	0	0	0	0	0	0	0	0	0	0	0	0	0	0	0.437571	0.437571	0	0	0	0	0	0	0	0	0	0	0	0	0	0	0	0	0	0	0	0	0.437571	0.437571	0	0	0	0	0	0	0	0	0	0	0	0	0.437571	0.437571	0	0	0	0	0	0	0.437571	0.437571	0	0	0	0	0.437571	0.437571	0	0	0	0	0.437571	0.437571	0	0	0	0	0.437571	0.437571	0	0	0	0	0	0	0.437571	0.437571	0	0	0	0.437571	0.437571	0	0	0	0	0	0.437571	0.437571	0	0	0.437571	0.437571	0	0	0	0	0	0	0.437571	0.437571	0	0	0	0	0	0	0.437571	0.437571	0	0	0	0	0	0.437571	0.437571	0	0	0	0	0	0.437571	0.437571	0	0	0	0	0	0	0.437571	0.437571	0	0	0	0	0	0	0.437571	0.437571	0	0	0	0	0	0	0	0	0	0
0.437531	0	0	0	0	0	0	0	0	0	0	0	0	0	0	0.437531	0.437531	0	0	0	0	0	0	0	0.437531	0.437531	0	0	0	0	0	0	0	0	0	0	0.437531	0.437531	0	0	0	0	0	0	0	0.437531	0.437531	0	0	0	0	0	0	0.437531	0.437531	0	0	0	0	0	0	0	0	0	0	0.437531	0.437531	0	0	0	0	0	0	0	0	0	0	0	0	0	0	0	0	0	0	0	0	0	0.437531	0.437531	0	0	0	0	0	0	0	0	0	0	0	0	0	0	0	0	0	0	0	0	0	0	0.437531	0.437531	0	0	0	0	0	0	0	0	0	0	0	0	0	0	0	0	0	0	0	0	0.437531	0.437531	0	0	0	0	0	0	0	0	0	0	0	0	0.437531	0.437531	0	0	0	0	0	0	0.437531	0.437531	0	0	0	0	0.437531	0.437531	0	0	0	0	0.437531	0.437531	0	0	0	0	0.437531	0.437531	0	0	0	0	0	0	0.437531	0.437531	0	0	0	0.437531	0.437531	0	0	0	0	0	0.437531	0.437531	0	0	0.437531	0.437531	0	0	0	0	0	0	0.437531	0.437531	0	0	0	0	0	0	0.437531	0.437531	0	0	0	0	0	0.437531	0.437531	0	0	0	0	0	0.437531	0.437531	0	0	0	0	0	0	0.437531	0.437531	0	0	0	0	0	0	0.437531	0.437531	0	0	0	0	0	0	0	0	0	0
0.464039	0.437517	0.437517	0.437517	0.437517	0.437517	0.437517	0.437517	0.345888	0.154683	0	0	0	0	0	0.345867	0.464039	0.437517	0.345888	0.154683	0	0	0	0	0.345867	0.464039	0.437517	0.437517	0.437517	0.437517	0.345888	0.154683	0	0	0	0	0.345867	0.464039	0.437517	0.437517	0.345888	0.154683	0	0	0	0.345867	0.464039	0.437517	0.345888	0.154683	0	0	0	0.345867	0.464039	0.437517	0.437517	0.437517	0.437517	0.345888	0.154683	0	0	0	0	0.345867	0.464039	0.437517	0.437517	0.437517	0.437517	0.437517	0.437517	0.437517	0.437517	0.345888	0.154683	0	0	0	0	0	0	0	0	0	0	0	0.345867	0.464039	0.437517	0.437517	0.437517	0.437517	0.437517	0.437517	0.437517	0.345888	0.154683	0	0	0	0	0	0	0	0	0	0	0	0	0	0.437484	0.437484	0	0	0	0	0	0	0	0	0	0	0	0	0	0	0	0	0	0	0	0	0.437484	0.437484	0	0	0	0	0	0	0	0	0	0	0	0.154683	0.489127	0.345867	0	0	0	0	0.154683	0.345888	0.464039	0.345867	0	0	0	0	0.437484	0.437484	0	0	0	0	0.345867	0.489127	0.154683	0	0	0	0.345867	0.464039	0.437517	0.437517	0.345888	0.154683	0	0	0.345867	0.464039	0.437517	0.345888	0.154683	0.345867	0.464039	0.437517	0.437517	0.345888	0.154683	0	0.345867	0.464039	0.345888	0.154683	0.345867	0.464039	0.437517	0.345888	0.154683	0	0	0	0.345867	0.464039	0.437517	0.345888	0.154683	0	0	0	0.345867	0.464039	0.437517	0.345888	0.154683	0	0	0.345867	0.464039	0.437517	0.345888	0.154683	0	0	0.345867	0.464039	0.437517	0.437517	0.345888	0.154683	0	0	0.345867	0.464039	0.437517	0.345888	0.154683	0	0	0	0.345867	0.464039	0.437517	0.437517	0.437517	0.437517	0.345888	0.154683	0	0	0	0
0.345856	0.437477	0.437477	0.437477	0.437477	0.437477	0.437477	0.437477	0.463996	0.345835	0	0	0	0	0	0.154668	0.345856	0.437477	0.463996	0.345835	0	0	0	0	0.154668	0.345856	0.437477	0.437477	0.437477	0.437477	0.463996	0.345835	0	0	0	0	0.154668	0.345856	0.437477	0.437477	0.463996	0.345835	0	0	0	0.154668	0.345856	0.437477	0.463996	0.345835	0	0	0	0.154668	0.345856	0.437477	0.437477	0.437477	0.437477	0.463996	0.345835	0	0	0	0	0.154668	0.345856	0.437477	0.437477	0.437477	0.437477	0.437477	0.437477	0.437477	0.437477	0.463996	0.345835	0	0	0	0	0	0	0	0	0	0	0	0.154668	0.345856	0.437477	0.437477	0.437477	0.437477	0.437477	0.437477	0.437477	0.463996	0.345835	0	0	0	0	0	0	0	0	0	0	0	0	0	0.437444	0.437444	0	0	0	0	0	0	0	0	0	0	0	0	0	0	0	0	0	0	0	0	0.437444	0.437444	0	0	0	0	0	0	0	0	0	0	0	0.345835	0.489082	0.154668	0	0	0	0	0.345835	0.463996	0.345856	0.154668	0	0	0	0	0.437444	0.437444	0	0	0	0	0.154668	0.489082	0.345835	0	0	0	0.154668	0.345856	0.437477	0.437477	0.463996	0.345835	0	0	0.154668	0.345856	0.437477	0.463996	0.345835	0.154668	0.345856	0.437477	0.437477	0.463996	0.345835	0	0.154668	0.345856	0.463996	0.345835	0.154668	0.345856	0.437477	0.463996	0.345835	0	0	0	0.154668	0.345856	0.437477	0.463996	0.345835	0	0	0	0.154668	0.345856	0.437477	0.463996	0.345835	0	0	0.154668	0.345856	0.437477	0.463996	0.345835	0	0	0.154668	0.345856	0.437477	0.437477	0.463996	0.345835	0	0	0.154668	0.345856	0.437477	0.463996	0.345835	0	0	0	0.154668	0.345856	0.437477	0.437477	0.437477	0.437477	0.463996	0.345835	0	0	0	0
0	0	0	0	0	0	0	0	0.437404	0.437404	0	0	0	0	0	0	0	0	0.437404	0.437404	0	0	0	0	0	0	0	0	0	0	0.437404	0.437404	0	0	0	0	0	0	0	0	0.437404	0.437404	0	0	0	0	0	0	0.437404	0.437404	0	0	0	0	0	0	0	0	0	0.437404	0.437404	0	0	0	0	0	0	0	0	0	0	0	0	0	0	0.437404	0.437404	0	0	0	0	0	0	0	0	0	0	0	0	0	0	0	0	0	0	0	0	0.437404	0.437404	0	0	0	0	0	0	0	0	0	0	0	0	0	0.437404	0.437404	0	0	0	0	0	0	0	0	0	0	0	0	0	0	0	0	0	0	0	0	0.437404	0.437404	0	0	0	0	0	0	0	0	0	0	0	0.437404	0.437404	0	0	0	0	0	0.437404	0.437404	0	0	0	0	0	0	0.437404	0.437404	0	0	0	0	0	0.437404	0.437404	0	0	0	0	0	0	0	0.437404	0.437404	0	0	0	0	0	0.437404	0.437404	0	0	0	0	0.437404	0.437404	0	0	0	0.437404	0.437404	0	0	0	0.437404	0.437404	0	0	0	0	0	0	0.437404	0.437404	0	0	0	0	0	0	0.437404	0.437404	0	0	0	0	0	0.437404	0.437404	0	0	0	0	0	0	0.437404	0.437404	0	0	0	0	0	0.437404	0.437404	0	0	0	0	0	0	0	0	0	0.437404	0.437404	0	0	0	0
0	0	0	0	0	0	0	0	0.437364	0.437364	0	0	0	0	0	0	0	0	0.437364	0.437364	0	0	0	0	0	0	0	0	0	0	0.437364	0.437364	0	0	0	0	0	0	0	0	0.437364	0.437364	0	0	0	0	0	0	0.437364	0.437364	0	0	0	0	0	0	0	0	0	0.437364	0.437364	0	0	0	0	0	0	0	0	0	0	0	0	0	0	0.437364	0.437364	0	0	0	0	0	0	0	0	0	0	0	0	0	0	0	0	0	0	0	0	0.437364	0.437364	0	0	0	0	0	0	0	0	0	0	0	0	0	0.437364	0.437364	0	0	0	0	0	0	0	0	0	0	0	0	0	0	0	0	0	0	0	0	0.437364	0.437364	0	0	0	0	0	0	0	0	0	0	0	0.437364	0.437364	0	0	0	0	0	0.437364	0.437364	0	0	0	0	0	0	0.437364	0.437364	0	0	0	0	0	0.437364	0.437364	0	0	0	0	0	0	0	0.437364	0.437364	0	0	0	0	0	0.437364	0.437364	0	0	0	0	0.437364	0.437364	0	0	0	0.437364	0.437364	0	0	0	0.437364	0.437364	0	0	0	0	0	0	0.437364	0.437364	0	0	0	0	0	0	0.437364	0.437364	0	0	0	0	0	0.437364	0.437364	0	0	0	0	0	0	0.437364	0.437364	0	0	0	0	0	0.437364	0.437364	0	0	0	0	0	0	0	0	0	0.437364	0.437364	0	0	0	0
0	0	0	0	0	0	0	0	0.437317	0.437317	0	0	0	0	0	0	0	0	0.437317	0.437317	0	0	0	0	0	0	0	0	0	0	0.437317	0.437317	0	0	0	0	0	0	0	0	0.437317	0.437317	0	0	0	0	0	0	0.437317	0.437317	0	0	0	0	0	0	0	0	0	0.437317	0.437317	0	0	0	0	0	0	0	0	0	0	0	0	0	0	0.437317	0.437317	0	0	0	0	0	0	0	0	0	0	0	0	0	0	0	0	0	0	0	0	0.437317	0.437317	0	0	0	0	0	0	0	0	0	0	0	0	0	0.437317	0.437317	0	0	0	0	0	0	0	0	0	0	0	0	0	0	0	0	0	0	0	0	0.437317	0.437317	0	0	0	0	0	0	0	0	0	0	0	0.437317	0.437317	0	0	0	0	0	0.437317	0.437317	0	0	0	0	0	0	0.437317	0.437317	0	0	0	0	0	0.437317	0.437317	0	0	0	0	0	0	0	0.437317	0.437317	0	0	0	0	0	0.437317	0.437317	0	0	0	0	0.437317	0.437317	0	0	0	0.437317	0.437317	0	0	0	0.437317	0.437317	0	0	0	0	0	0	0.437317	0.437317	0	0	0	0	0	0	0.437317	0.437317	0	0	0	0	0	0.437317	0.437317	0	0	0	0	0	0	0.437317	0.437317	0	0	0	0	0	0.437317	0.437317	0	0	0	0	0	0	0	0	0	0.437317	0.437317	0	0	0	0
0	0	0	0	0	0	0	0	0.437277	0.437277	0	0	0	0	0	0	0	0	0.437277	0.437277	0	0	0	0	0	0	0	0	0	0	0.437277	0.437277	0	0	0	0	0	0	0	0	0.437277	0.437277	0	0	0	0	0	0	0.437277	0.437277	0	0	0	0	0	0	0	0	0	0.437277	0.437277	0	0	0	0	0	0	0	0	0	0	0	0	0	0	0.437277	0.437277	0	0	0	0	0	0	0	0	0	0	0	0	0	0	0	0	0	0	0	0	0.437277	0.437277	0	0	0	0	0	0	0	0	0	0	0	0	0	0.437277	0.437277	0	0	0	0	0	0	0	0	0	0	0	0	0	0	0	0	0	0	0	0	0.437277	0.437277	0	0	0	0	0	0	0	0	0	0	0	0.437277	0.437277	0	0	0	0	0	0.437277	0.437277	0	0	0	0	0	0	0.437277	0.437277	0	0	0	0	0	0.437277	0.437277	0	0	0	0	0	0	0	0.437277	0.437277	0	0	0	0	0	0.437277	0.437277	0	0	0	0	0.437277	0.437277	0	0	0	0.437277	0.437277	0	0	0	0.437277	0.437277	0	0	0	0	0	0	0.437277	0.437277	0	0	0	0	0	0	0.437277	0.437277	0	0	0	0	0	0.437277	0.437277	0	0	0	0	0	0	0.437277	0.437277	0	0	0	0	0	0.437277	0.437277	0	0	0	0	0	0	0	0	0	0.437277	0.437277	0	0	0	0
0	0	0	0	0	0	0	0	0.437237	0.437237	0	0	0	0	0	0	0	0	0.437237	0.437237	0	0	0	0	0	0	0	0	0	0	0.437237	0.437237	0	0	0	0	0	0	0	0	0.437237	0.437237	0	0	0	0	0	0	0.437237	0.437237	0	0	0	0	0	0	0	0	0	0.437237	0.437237	0	0	0	0	0	0	0	0	0	0	0	0	0	0	0.437237	0.437237	0	0	0	0	0	0	0	0	0	0	0	0	0	0	0	0	0	0	0	0	0.437237	0.437237	0	0	0	0	0	0	0	0	0	0	0	0	0	0.437237	0.437237	0	0	0	0	0	0	0	0	0	0	0	0	0	0	0	0	0	0	0	0	0.437237	0.437237	0	0	0	0	0	0	0	0	0	0	0	0.437237	0.437237	0	0	0	0	0	0.437237	0.437237	0	0	0	0	0	0	0.437237	0.437237	0	0	0	0	0	0.437237	0.437237	0	0	0	0	0	0	0	0.437237	0.437237	0	0	0	0	0	0.437237	0.437237	0	0	0	0	0.437237	0.437237	0	0	0	0.437237	0.437237	0	0	0	0.437237	0.437237	0	0	0	0	0	0	0.437237	0.437237	0	0	0	0	0	0	0.437237	0.437237	0	0	0	0	0	0.437237	0.437237	0	0	0	0	0	0	0.437237	0.437237	0	0	0	0	0	0.437237	0.437237	0	0	0	0	0	0	0	0	0	0.437237	0.437237	0	0	0	0
0	0	0	0	0	0	0	0	0.437197	0.437197	0	0	0	0	0	0	0	0	0.437197	0.437197	0	0	0	0	0	0	0	0	0	0	0.437197	0.437197	0	0	0	0	0	0	0	0	0.437197	0.437197	0	0	0	0	0	0	0.437197	0.437197	0	0	0	0	0	0	0	0	0	0.437197	0.437197	0	0	0	0	0	0	0	0	0	0	0	0	0	0	0.437197	0.437197	0	0	0	0	0	0	0	0	0	0	0	0	0	0	0	0	0	0	0	0	0.437197	0.437197	0	0	0	0	0	0	0	0	0	0	0	0	0	0.437197	0.437197	0	0	0	0	0	0	0	0	0	0	0	0	0	0	0	0	0	0	0	0	0.437197	0.437197	0	0	0	0	0	0	0	0	0	0	0	0.437197	0.437197	0	0	0	0	0	0.437197	0.437197	0	0	0	0	0	0	0.437197	0.437197	0	0	0	0	0	0.437197	0.437197	0	0	0	0	0	0	0	0.437197	0.437197	0	0	0	0	0	0.437197	0.437197	0	0	0	0	0.437197	0.437197	0	0	0	0.437197	0.437197	0	0	0	0.437197	0.437197	0	0	0	0	0	0	0.437197	0.437197	0	0	0	0	0	0	0.437197	0.437197	0	0	0	0	0	0.437197	0.437197	0	0	0	0	0	0	0.437197	0.437197	0	0	0	0	0	0.437197	0.437197	0	0	0	0	0	0	0	0	0	0.437197	0.437197	0	0	0	0
0	0	0	0	0	0	0	0	0.43715	0.43715	0	0	0	0	0	0	0	0	0.43715	0.43715	0	0	0	0	0	0	0	0	0	0	0.43715	0.43715	0	0	0	0	0	0	0	0	0.43715	0.43715	0	0	0	0	0	0	0.43715	0.43715	0	0	0	0	0	0	0	0	0	0.43715	0.43715	0	0	0	0	0	0	0	0	0	0	0	0	0	0	0.43715	0.43715	0	0	0	0	0	0	0	0	0	0	0	0	0	0	0	0	0	0	0	0	0.43715	0.43715	0	0	0	0	0	0	0	0	0	0	0	0	0	0.43715	0.43715	0	0	0	0	0	0	0	0	0	0	0	0	0	0	0	0	0	0	0	0	0.43715	0.43715	0	0	0	0	0	0	0	0	0	0	0	0.43715	0.43715	0	0	0	0	0	0.43715	0.43715	0	0	0	0	0	0	0.43715	0.43715	0	0	0	0	0	0.43715	0.43715	0	0	0	0	0	0	0	0.43715	0.43715	0	0	0	0	0	0.43715	0.43715	0	0	0	0	0.43715	0.43715	0	0	0	0.43715	0.43715	0	0	0	0.43715	0.43715	0	0	0	0	0	0	0.43715	0.43715	0	0	0	0	0	0	0.43715	0.43715	0	0	0	0	0	0.43715	0.43715	0	0	0	0	0	0	0.43715	0.43715	0	0	0	0	0	0.43715	0.43715	0	0	0	0	0	0	0	0	0	0.43715	0.43715	0	0	0	0
0	0	0	0	0	0	0	0	0.43711	0.43711	0	0	0	0	0	0	0	0	0.43711	0.43711	0	0	0	0	0	0	0	0	0	0	0.43711	0.43711	0	0	0	0	0	0	0	0	0.43711	0.43711	0	0	0	0	0	0	0.43711	0.43711	0	0	0	0	0	0	0	0	0	0.43711	0.43711	0	0	0	0	0	0	0	0	0	0	0	0	0	0	0.43711	0.43711	0	0	0	0	0	0	0	0	0	0	0	0	0	0	0	0	0	0	0	0	0.43711	0.43711	0	0	0	0	0	0	0	0	0	0	0	0	0	0.43711	0.43711	0	0	0	0	0	0	0	0	0	0	0	0	0	0	0	0	0	0	0	0	0.43711	0.43711	0	0	0	0	0	0	0	0	0	0	0	0.43711	0.43711	0	0	0	0	0	0.43711	0.43711	0	0	0	0	0	0	0.43711	0.43711	0	0	0	0	0	0.43711	0.43711	0	0	0	0	0	0	0	0.43711	0.43711	0	0	0	0	0	0.43711	0.43711	0	0	0	0	0.43711	0.43711	0	0	0	0.43711	0.43711	0	0	0	0.43711	0.43711	0	0	0	0	0	0	0.43711	0.43711	0	0	0	0	0	0	0.43711	0.43711	0	0	0	0	0	0.43711	0.43711	0	0	0	0	0	0	0.43711	0.43711	0	0	0	0	0	0.43711	0.43711	0	0	0	0	0	0	0	0	0	0.43711	0.43711	0	0	0	0
0	0	0	0	0	0	0	0	0.43707	0.43707	0	0	0	0	0	0	0	0	0.43707	0.43707	0	0	0	0	0	0	0	0	0	0	0.43707	0.43707	0	0	0	0	0	0	0	0	0.43707	0.43707	0	0	0	0	0	0	0.43707	0.43707	0	0	0	0	0	0	0	0	0	0.43707	0.43707	0	0	0	0	0	0	0	0	0	0	0	0	0	0	0.43707	0.43707	0	0	0	0	0	0	0	0	0	0	0	0	0	0	0	0	0	0	0	0	0.43707	0.43707	0	0	0	0	0	0	0	0	0	0	0	0	0	0.43707	0.43707	0	0	0	0	0	0	0	0	0	0	0	0	0	0	0	0	0	0	0	0	0.43707	0.43707	0	0	0	0	0	0	0	0	0	0	0	0.43707	0.43707	0	0	0	0	0	0.43707	0.43707	0	0	0	0	0	0	0.43707	0.43707	0	0	0	0	0	0.43707	0.43707	0	0	0	0	0	0	0	0.43707	0.43707	0	0	0	0	0	0.43707	0.43707	0	0	0	0	0.43707	0.43707	0	0	0	0.43707	0.43707	0	0	0	0.43707	0.43707	0	0	0	0	0	0	0.43707	0.43707	0	0	0	0	0	0	0.43707	0.43707	0	0	0	0	0	0.43707	0.43707	0	0	0	0	0	0	0.43707	0.43707	0	0	0	0	0	0.43707	0.43707	0	0	0	0	0	0	0	0	0	0.43707	0.43707	0	0	0	0
0	0	0	0	0	0	0	0	0.43703	0.43703	0	0	0	0	0	0	0	0	0.43703	0.43703	0	0	0	0	0	0	0	0	0	0	0.43703	0.43703	0	0	0	0	0	0	0	0	0.43703	0.43703	0	0	0	0	0	0	0.43703	0.43703	0	0	0	0	0	0	0	0	0	0.43703	0.43703	0	0	0	0	0	0	0	0	0	0	0	0	0	0	0.43703	0.43703	0	0	0	0	0	0	0	0	0	0	0	0	0	0	0	0	0	0	0	0	0.43703	0.43703	0	0	0	0	0	0	0	0	0	0	0	0	0	0.43703	0.43703	0	0	0	0	0	0	0	0	0	0	0	0	0	0	0	0	0	0	0	0	0.43703	0.43703	0	0	0	0	0	0	0	0	0	0	0	0.43703	0.43703	0	0	0	0	0	0.43703	0.43703	0	0	0	0	0	0	0.43703	0.43703	0	0	0	0	0	0.43703	0.43703	0	0	0	0	0	0	0	0.43703	0.43703	0	0	0	0	0	0.43703	0.43703	0	0	0	0	0.43703	0.43703	0	0	0	0.43703	0.43703	0	0	0	0.43703	0.43703	0	0	0	0	0	0	0.43703	0.43703	0	0	0	0	0	0	0.43703	0.43703	0	0	0	0	0	0.43703	0.43703	0	0	0	0	0	0	0.43703	0.43703	0	0	0	0	0	0.43703	0.43703	0	0	0	0	0	0	0	0	0	0.43703	0.43703	0	0	0	0
0	0	0	0	0	0	0	0	0.436984	0.436984	0	0	0	0	0	0	0	0	0.436984	0.436984	0	0	0	0	0	0	0	0	0	0	0.436984	0.436984	0	0	0	0	0	0	0	0	0.436984	0.436984	0	0	0	0	0	0	0.436984	0.436984	0	0	0	0	0	0	0	0	0	0.436984	0.436984	0	0	0	0	0	0	0	0	0	0	0	0	0	0	0.436984	0.436984	0	0	0	0	0	0	0	0	0	0	0	0	0	0	0	0	0	0	0	0	0.436984	0.436984	0	0	0	0	0	0	0	0	0	0	0	0	0	0.436984	0.436984	0	0	0	0	0	0	0	0	0	0	0	0	0	0	0	0	0	0	0	0	0.436984	0.436984	0	0	0	0	0	0	0	0	0	0	0	0.436984	0.436984	0	0	0	0	0	0.436984	0.436984	0	0	0	0	0	0	0.436984	0.436984	0	0	0	0	0	0.436984	0.436984	0	0	0	0	0	0	0	0.436984	0.436984	0	0	0	0	0	0.436984	0.436984	0	0	0	0	0.436984	0.436984	0	0	0	0.436984	0.436984	0	0	0	0.436984	0.436984	0	0	0	0	0	0	0.436984	0.436984	0	0	0	0	0	0	0.436984	0.436984	0	0	0	0	0	0.436984	0.436984	0	0	0	0	0	0	0.436984	0.436984	0	0	0	0	0	0.436984	0.436984	0	0	0	0	0	0	0	0	0	0.436984	0.436984	0	0	0	0
0	0	0	0	0	0	0	0	0.436944	0.436944	0	0	0	0	0	0	0	0	0.436944	0.436944	0	0	0	0	0	0	0	0	0	0	0.436944	0.436944	0	0	0	0	0	0	0	0	0.436944	0.436944	0	0	0	0	0	0	0.436944	0.436944	0	0	0	0	0	0	0	0	0	0.436944	0.436944	0	0	0	0	0	0	0	0	0	0	0	0	0	0	0.436944	0.436944	0	0	0	0	0	0	0	0	0	0	0	0	0	0	0	0	0	0	0	0	0.436944	0.436944	0	0	0	0	0	0	0	0	0	0	0	0	0	0.436944	0.436944	0	0	0	0	0	0	0	0	0	0	0	0	0	0	0	0	0	0	0	0	0.436944	0.436944	0	0	0	0	0	0	0	0	0	0	0	0.436944	0.436944	0	0	0	0	0	0.436944	0.436944	0	0	0	0	0	0	0.436944	0.436944	0	0	0	0	0	0.436944	0.436944	0	0	0	0	0	0	0	0.436944	0.436944	0	0	0	0	0	0.436944	0.436944	0	0	0	0	0.436944	0.436944	0	0	0	0.436944	0.436944	0	0	0	0.436944	0.436944	0	0	0	0	0	0	0.436944	0.436944	0	0	0	0	0	0	0.436944	0.436944	0	0	0	0	0	0.436944	0.436944	0	0	0	0	0	0	0.436944	0.436944	0	0	0	0	0	0.436944	0.436944	0	0	0	0	0	0	0	0	0	0.436944	0.436944	0	0	0	0
0	0	0	0	0	0	0	0	0.436904	0.436904	0	0	0	0	0	0	0	0	0.436904	0.436904	0	0	0	0	0	0	0	0	0	0	0.436904	0.436904	0	0	0	0	0	0	0	0	0.436904	0.436904	0	0	0	0	0	0	0.436904	0.436904	0	0	0	0	0	0	0	0	0	0.436904	0.436904	0	0	0	0	0	0	0	0	0	0	0	0	0	0	0.436904	0.436904	0	0	0	0	0	0	0	0	0	0	0	0	0	0	0	0	0	0	0	0	0.436904	0.436904	0	0	0	0	0	0	0	0	0	0	0	0	0	0.436904	0.436904	0	0	0	0	0	0	0	0	0	0	0	0	0	0	0	0	0	0	0	0	0.436904	0.436904	0	0	0	0	0	0	0	0	0	0	0	0.436904	0.436904	0	0	0	0	0	0.436904	0.436904	0	0	0	0	0	0	0.436904	0.436904	0	0	0	0	0	0.436904	0.436904	0	0	0	0	0	0	0	0.436904	0.436904	0	0	0	0	0	0.436904	0.436904	0	0	0	0	0.436904	0.436904	0	0	0	0.436904	0.436904	0	0	0	0.436904	0.436904	0	0	0	0	0	0	0.436904	0.436904	0	0	0	0	0	0	0.436904	0.436904	0	0	0	0	0	0.436904	0.436904	0	0	0	0	0	0	0.436904	0.436904	0	0	0	0	0	0.436904	0.436904	0	0	0	0	0	0	0	0	0	0.436904	0.436904	0	0	0	0
0.436897	0.436897	0.436897	0.436897	0.436897	0.436897	0.436897	0.436897	0.61783	0.61783	0.436897	0.436897	0.436897	0.436897	0.436897	0.436897	0.436897	0.436897	0.61783	0.61783	0.436897	0.436897	0.436897	0.436897	0.436897	0.436897	0.436897	0.436897	0.345397	0.154463	0.345376	0.46338	0.436897	0.436897	0.436897	0.436897	0.436897	0.436897	0.436897	0.345397	0.488434	0.46338	0.436897	0.436897	0.436897	0.436897	0.436897	0.436897	0.636855	0.787574	0.556928	0.436897	0.436897	0.436897	0.436897	0.436897	0.436897	0.436897	0.436897	0.61783	0.61783	0.436897	0.436897	0.436897	0.436897	0.436897	0.436897	0.436897	0.436897	0.436897	0.345397	0.154463	0	0	0	0.345376	0.46338	0.436897	0.436897	0.436897	0.436897	0.436897	0.436897	0.436897	0.345397	0.154463	0	0	0	0	0	0	0	0	0	0	0	0.436864	0.436864	0	0	0	0	0	0	0	0	0	0	0.154463	0.345397	0.436897	0.46338	0.345376	0	0	0	0	0	0	0	0	0	0.154463	0.345397	0.436897	0.436897	0.436897	0.436897	0.436897	0.436897	0.436897	0.436897	0.436897	0.46338	0.345376	0	0	0	0	0	0	0	0.154463	0.345397	0.436897	0.436897	0.46338	0.345376	0	0	0	0	0.154463	0.488434	0.345376	0	0	0	0.154463	0.345397	0.436897	0.46338	0.345376	0	0	0	0	0.154463	0.488434	0.345376	0	0	0	0	0	0	0	0.345376	0.46338	0.345397	0.154463	0	0	0	0.345376	0.46338	0.345397	0.154463	0	0	0.345376	0.46338	0.436897	0.345397	0.154463	0.345376	0.46338	0.345397	0.154463	0	0.345376	0.46338	0.436897	0.436897	0.345397	0.154463	0	0	0.345376	0.46338	0.436897	0.345397	0.154463	0	0	0	0.345376	0.46338	0.345397	0.154463	0	0	0	0.345376	0.46338	0.436897	0.436897	0.345397	0.154463	0	0	0.345376	0.46338	0.436897	0.345397	0.154463	0	0	0.345376	0.46338	0.436897	0.345397	0.154463	0	0	0	0	0	0	0.345376	0.46338	0.436897	0.436897	0.436897	0.436897
0.43685	0.43685	0.43685	0.43685	0.43685	0.43685	0.43685	0.43685	0.617764	0.617764	0.43685	0.43685	0.43685	0.43685	0.43685	0.43685	0.43685	0.43685	0.617764	0.617764	0.43685	0.43685	0.43685	0.43685	0.43685	0.43685	0.43685	0.43685	0.463331	0.345339	0.154447	0.34536	0.43685	0.43685	0.43685	0.43685	0.43685	0.43685	0.43685	0.463331	0.488381	0.34536	0.43685	0.43685	0.43685	0.43685	0.43685	0.43685	0.556869	0.78749	0.636787	0.43685	0.43685	0.43685	0.43685	0.43685	0.43685	0.43685	0.43685	0.617764	0.617764	0.43685	0.43685	0.43685	0.43685	0.43685	0.43685	0.43685	0.43685	0.43685	0.463331	0.345339	0	0	0	0.154447	0.34536	0.43685	0.43685	0.43685	0.43685	0.43685	0.43685	0.43685	0.463331	0.345339	0	0	0	0	0	0	0	0	0	0	0	0.436817	0.436817	0	0	0	0	0	0	0	0	0	0	0.345339	0.463331	0.43685	0.34536	0.154447	0	0	0	0	0	0	0	0	0	0.345339	0.463331	0.43685	0.43685	0.43685	0.43685	0.43685	0.43685	0.43685	0.43685	0.43685	0.34536	0.154447	0	0	0	0	0	0	0	0.345339	0.463331	0.43685	0.43685	0.34536	0.154447	0	0	0	0	0.345339	0.488381	0.154447	0	0	0	0.345339	0.463331	0.43685	0.34536	0.154447	0	0	0	0	0.345339	0.488381	0.154447	0	0	0	0	0	0	0	0.154447	0.34536	0.463331	0.345339	0	0	0	0.154447	0.34536	0.463331	0.345339	0	0	0.154447	0.34536	0.43685	0.463331	0.345339	0.154447	0.34536	0.463331	0.345339	0	0.154447	0.34536	0.43685	0.43685	0.463331	0.345339	0	0	0.154447	0.34536	0.43685	0.463331	0.345339	0	0	0	0.154447	0.34536	0.463331	0.345339	0	0	0	0.154447	0.34536	0.43685	0.43685	0.463331	0.345339	0	0	0.154447	0.34536	0.43685	0.463331	0.345339	0	0	0.154447	0.34536	0.43685	0.463331	0.345339	0	0	0	0	0	0	0.154447	0.34536	0.43685	0.43685	0.43685	0.43685
0	0	0	0	0	0	0	0	0.436777	0.436777	0	0	0	0	0	0	0	0	0.436777	0.436777	0	0	0	0	0	0	0	0	0.436777	0.436777	0	0	0	0	0	0	0	0	0	0.436777	0.436777	0	0	0	0	0	0	0	0	0.436777	0.436777	0	0	0	0	0	0	0	0	0.436777	0.436777	0	0	0	0	0	0	0	0	0	0.436777	0.436777	0	0	0	0	0	0	0	0	0	0	0	0	0.436777	0.436777	0	0	0	0	0	0	0	0	0	0	0	0.436777	0.436777	0	0	0	0	0	0	0	0	0	0	0.436777	0.436777	0	0	0	0	0	0	0	0	0	0	0	0	0.436777	0.436777	0	0	0	0	0	0	0	0	0	0	0	0	0	0	0	0	0	0	0.436777	0.436777	0	0	0	0	0	0	0	0	0.436777	0.436777	0	0	0	0	0.436777	0.436777	0	0	0	0	0	0	0	0.436777	0.436777	0	0	0	0	0	0	0	0	0	0	0.436777	0.436777	0	0	0	0	0	0.436777	0.436777	0	0	0	0	0	0.436777	0.436777	0	0	0.436777	0.436777	0	0	0	0	0	0.436777	0.436777	0	0	0	0	0	0.436777	0.436777	0	0	0	0	0	0.436777	0.436777	0	0	0	0	0	0	0	0.436777	0.436777	0	0	0	0	0	0.436777	0.436777	0	0	0	0	0	0.436777	0.436777	0	0	0	0	0	0	0	0	0	0	0	0