1.95885	3.02284	6.0538	6.54095	7.89668	5.80612	1.23916	6.53403	5.31517	2.13124	2.47712	1.5673	1.10838	1.26365	3.15644	4.03964	5.25779	5.14091	4.38706	3.99403	2.66765	3.78605	3.59142	1.33455	0.943786	0.991401	1.10838	2.10229	1.89518	2.71884	2.60373	1.1756	3.13213	3.13213	3.99019	5.08139	4.61711	6.81204	6.54095	1.36867	4.15874	3.94795	3.71279	2.80752	4.2314	0.722625	1.76087	2.6272	2.45227	1.65307	1.95885	3.05801	2.76905	1.95885	2.82386	1.1756	4.57736	3.30324	1.88706	1.75219	1.88706	2.80208	2.65043	3.02284	4.03964	0.3919	3.06297	2.4334	2.38249	1.86244	2.60371	2.62713	1.89509	2.22963	3.96718	3.59142	1.9821	2.35662	1.89509	2.13839	2.87215	1.49714	0.876279	1.49714	1.23916	1.23918	1.12216	1.10838	1.78681	2.21586	1.57703	1.36867	2.13124	1.40188	0.991401	0.350535	3.13213	6.29384	5.24327	2.67337	2.76903	3.71272	2.60371	1.65299	1.23916	1.23918	1.76089	2.71884	2.10956	1.78684	1.26371	1.41279	1.3346	1.0219	0.876301	2.55024	1.10838	3.85399	1.66231	1.73459	4.1182	6.19218	5.54985	3.60418	5.04236	5.18794	3.36742	4.72466	5.08139	2.73565	0.783764	1.17555	1.61543	2.73565	1.86244	1.76089	1.5673	4.37312	3.09773	0.876257	0.893621	0.893621	1.23912	0.876257	0.991349	1.3686	1.33455	1.72565	1.56723	0.876301	2.10956	1.61549	1.76089	3.05801	2.8508	3.32173	1.92724	2.33706	2.71884	1.36867	5.4866	4.33109	0.876257	0.876257	2.195	4.02826	3.54432	3.25661	3.09773	2.21586	2.47716	4.75682	2.30405	1.33455	2.74125	5.2895	6.46685	7.88545	12.4879	10.7797	6.25046	5.70345	4.09958	2.38261	12.0262	15.0533	9.33853	6.64397	4.09958	0.350535	0.631933	1.82922	1.40188	1.06601	1.99754	1.0219	0.525794	2.13839	1.58672	1.58674	2.38251	2.21586	1.06599	2.85075	6.66661	4.96947	1.36867	2.67913	1.41277	0.391916	0.554225	1.33455	0.743583	0.631933	2.04306	2.4334	1.12216	2.6272	3.36747	2.10956	1.10838	1.12216	1.23918	1.0219	1.06601	1.10838	0.943786	1.2267	1.41277	1.23914	0.554242	1.1221	1.26365	0.701043	1.56723	0.701043	0.701043	0.722625	1.23914	0.876279	0.722625	0.743583	0.631933	0.722625	0.893639	0.876279	1.49714	1.2267	1.41277	2.195	2.04306	1.65299	0.893621	0.876279	1.26365	1.06601
3.67526	5.78234	4.94463	4.86067	8.13843	5.94724	0.525744	6.66593	6.91014	3.0577	3.15623	2.67326	2.76889	2.60358	5.31475	5.7743	5.96012	5.25445	4.21301	3.65435	2.60347	3.15612	2.62686	1.56716	2.22955	3.01248	3.64198	4.0394	3.47452	4.37281	3.50504	1.61538	3.70827	4.25619	3.51808	4.02784	4.34469	6.10791	7.82733	2.67309	4.42826	5.68714	5.46132	3.83794	4.56035	2.47699	2.73555	3.83794	4.28841	3.22819	3.15632	3.19478	3.50504	3.77776	3.60402	2.98174	4.70806	2.62695	3.09762	3.7126	3.84193	4.87654	5.80585	5.63367	3.21393	2.24311	2.91418	2.13817	1.9819	1.75192	2.85046	2.85046	1.8949	1.75192	3.83771	3.83771	1.86224	2.13817	1.80369	2.28373	2.58574	1.57688	1.44489	1.76073	1.65292	1.86237	1.99745	2.1949	2.85059	3.17075	2.93526	2.73555	2.27714	1.61535	0.943702	1.8868	4.3272	5.78204	4.70806	2.82349	2.43315	3.09741	2.62686	1.23904	1.86237	2.22955	2.88794	3.51813	3.39885	3.28917	3.15632	3.06284	2.82366	2.4333	2.9767	4.08443	3.10239	6.25709	3.7697	3.83798	5.07205	5.97273	4.75634	3.87339	5.23696	5.62528	3.0577	4.1729	5.21368	2.24311	0.631837	1.26352	1.48668	2.76874	1.65292	3.02256	2.45827	4.75628	3.3029	1.0514	0.943702	1.44484	1.56707	0.893533	1.10823	1.23902	1.40174	2.05036	1.58656	2.05045	3.19478	2.52597	2.38237	3.53972	3.50069	4.02796	2.66751	2.97662	2.97662	2.35654	4.54689	3.60803	0.631837	1.50718	2.8984	4.06931	3.21374	2.73536	2.19477	2.3824	4.83581	5.26894	2.48933	3.64174	7.69625	9.9629	9.77457	9.0671	9.07172	9.92393	8.5916	4.92292	2.19477	3.70827	11.9281	12.2629	7.35509	4.89808	3.72056	1.06589	1.49705	2.62695	1.88689	1.66216	2.10938	1.61535	1.23902	1.58656	1.95868	2.3369	2.88785	2.38228	2.1093	3.91257	5.76626	3.54396	2.35001	2.85059	1.80379	1.50728	1.56716	1.88689	1.86237	1.44489	2.19477	2.05036	1.88689	3.67526	3.34442	1.88689	1.33448	1.41269	1.75204	2.04298	1.95868	1.80379	1.61538	1.66216	1.92705	1.61535	1.56716	1.93501	1.78668	1.49705	1.93501	1.80379	1.65292	1.50728	1.75198	1.23904	1.23907	1.61538	1.56716	1.1755	1.2636	1.72556	2.21573	2.21573	2.10936	2.50757	2.05036	1.92705	1.89502	1.92705	3.1171	1.66216
6.97902	5.44114	6.30727	7.41375	7.14729	3.28871	4.57673	6.49353	6.73065	3.69141	3.05743	2.76861	4.33049	6.25682	7.22275	6.30482	5.58975	4.54991	3.32575	2.50737	1.61513	2.30361	3.21835	3.96663	4.61647	6.09029	7.1138	5.80532	3.13166	3.87305	3.43866	1.80361	3.76919	3.84137	2.93488	4.2879	3.60776	4.20528	7.58946	5.32277	0.876112	4.61644	7.16639	5.68667	3.77739	2.62676	3.50045	4.2344	5.64383	5.57088	5.59261	6.32407	6.32644	5.5817	4.2055	4.89778	5.58975	4.45873	4.61975	5.72914	6.63167	6.96195	6.03037	3.72043	2.45804	3.21346	2.89814	2.27683	1.88663	1.9584	3.01202	3.01202	2.24291	1.61513	3.46518	3.85326	1.80353	1.9584	1.82887	2.33662	2.63251	2.21551	2.11646	2.34977	2.60335	2.73527	2.85036	3.06253	3.94729	4.87605	4.92574	4.70464	4.21274	2.52571	1.75177	3.8374	4.25935	4.61954	4.12846	2.48894	2.22921	2.38204	2.27687	2.72405	3.11699	3.34416	3.87317	4.28799	4.37246	4.93498	5.14014	4.31988	3.05752	2.66724	1.4969	1.23892	5.92897	7.6053	4.40367	5.10455	6.0203	6.11246	5.06858	4.72066	5.721	5.85444	2.98148	3.38038	4.45169	1.92687	2.28364	2.71839	2.45806	2.82333	2.73527	0.876134	2.82325	3.83738	3.10211	1.99722	1.27554	1.58642	1.93482	1.7865	1.58643	1.44475	1.58643	2.27687	2.27691	2.67867	2.80701	2.28364	3.15597	3.85336	3.67905	4.03892	2.82337	3.53945	3.56954	3.22786	4.54657	2.97633	1.23892	1.9584	3.59074	3.85326	2.35617	1.92687	3.30276	4.77205	4.92261	1.33434	2.63253	7.23093	8.31034	6.55588	5.86991	5.2885	6.97902	10.2689	8.48089	2.62663	1.41254	3.91223	8.79805	11.9758	12.4373	8.27251	4.4139	1.41252	1.2389	2.76853	2.11646	2.27691	2.33667	2.38213	2.60332	2.43932	1.72539	1.9348	3.60772	3.21823	3.56947	4.48241	3.60772	2.47669	3.05752	2.82878	2.62676	2.85036	3.01217	3.01217	2.76864	2.6267	2.60324	1.76056	2.64993	3.8652	2.50742	1.61521	1.75186	2.04277	2.04277	2.24303	2.38215	2.28364	2.10922	2.05024	2.30365	2.19468	2.38215	2.76861	2.54983	2.19468	2.58563	2.67298	2.35629	2.04277	2.27687	1.80361	2.13809	2.24303	2.43305	2.62676	2.72405	2.58563	2.21551	2.10916	2.16649	2.64989	2.71839	3.15599	2.89826	3.0574	4.57649	1.80361
6.29218	10.9465	9.21913	6.13915	3.9931	1.82869	3.93148	4.73311	5.03189	3.84097	3.21313	2.67835	3.88458	5.13963	5.31386	4.72022	4.21221	3.1701	1.61499	1.02156	1.33422	2.98129	4.94996	4.94996	4.46859	6.0598	5.28246	4.40326	3.32076	3.45158	2.93459	1.89466	3.1018	3.01171	4.17211	5.63772	3.98923	3.67456	6.64204	5.18642	2.82296	3.02199	5.90821	6.73704	3.15569	1.58626	2.64968	4.23041	6.32355	7.1868	6.67868	6.63106	6.10713	5.09516	3.93151	4.89421	4.90664	4.61935	5.23625	5.78125	6.94405	6.43713	3.34388	2.16628	2.60297	3.26976	3.32076	2.5495	2.16628	2.34943	3.22736	2.9708	2.24268	1.99693	3.21787	3.47362	1.80335	1.66178	1.75165	2.27665	2.45783	2.27671	2.43284	2.62654	2.85011	2.98129	3.09704	3.15572	4.03858	4.89732	4.70742	5.10411	4.92531	4.05735	3.36188	4.34387	4.02708	3.78494	3.71985	2.1089	1.9582	2.10169	2.48885	3.25587	3.64129	3.98929	4.8694	5.13963	4.48216	4.9713	4.30185	4.54948	2.71814	2.60297	2.63226	5.41854	7.68124	6.34236	4.42732	4.45828	5.19548	5.26794	4.19774	3.71173	5.25624	4.77456	1.95823	2.04246	2.71805	3.85312	5.06828	4.92217	3.853	2.30343	1.06568	2.2766	2.43899	2.24268	2.33639	1.92669	1.57658	1.44461	1.76039	1.76037	1.41239	1.41239	1.44461	2.11628	2.7684	2.9915	2.50719	2.71814	4.28759	4.42402	4.25548	4.37198	3.06226	3.60752	3.82124	3.3621	3.67873	1.72523	1.4967	2.22898	3.83698	3.60734	1.93461	2.67275	4.26987	4.69125	2.35609	2.60294	2.74045	6.17076	6.43673	5.64306	6.57591	5.41829	8.37914	10.688	4.93429	1.33422	2.97614	5.42683	7.6948	3.38004	10.9277	14.1982	4.87545	1.12185	1.44457	3.76881	2.21531	2.13068	1.99703	2.34956	2.60309	2.45783	1.78629	1.56678	4.70391	4.51238	3.32076	3.15552	1.75165	2.72381	3.06226	2.5854	2.5854	2.72381	2.5854	2.28344	2.34956	3.3665	2.99651	2.19448	2.9812	3.8845	2.34956	1.98166	2.24283	2.52549	2.38195	2.22913	2.38195	2.38195	2.1379	2.21531	2.38191	2.28344	2.04259	2.13068	2.30343	2.1379	2.28344	2.43284	2.24283	1.99703	2.33646	2.60312	2.62654	2.22913	2.24283	2.72381	2.62654	2.28338	1.82869	1.82869	2.16635	3.10192	2.9915	2.11628	2.43899	3.85286	5.06793	3.2179
2.9912	8.79638	12.804	7.1101	0.7433	3.88408	2.38158	2.98083	4.07939	3.21285	3.11624	2.60272	3.71953	3.52137	2.67811	2.2831	2.76798	2.19416	1.02151	2.2426	2.9707	4.15726	4.77115	4.42358	2.43259	4.80906	2.10882	4.4577	3.53872	4.38546	3.51709	1.65244	2.84972	3.36619	4.77414	5.76467	3.05685	3.8645	8.06252	6.4574	3.54312	3.98873	3.32057	5.61307	5.77267	2.19426	3.26946	4.54905	5.24442	5.9076	4.7552	3.54312	3.48663	3.09671	2.80101	3.84064	2.768	2.60285	4.03823	4.62869	4.62869	2.82284	2.82814	1.99678	2.45134	3.36619	3.82076	2.82276	2.64939	2.93432	3.67829	3.45128	2.24249	2.35572	3.09655	2.87106	1.82852	1.58611	1.40134	1.78613	1.7602	1.5667	1.99686	2.13768	1.86182	1.89446	2.13768	2.28321	3.1698	3.93094	3.02164	2.38168	3.37974	5.18889	3.85253	4.58891	4.23338	3.36159	3.09655	1.88628	1.75148	1.88634	1.99686	2.43886	2.74032	2.97583	4.74871	5.3048	4.55919	3.8842	2.80101	4.05698	3.32972	4.72287	4.38191	4.58896	4.92154	3.98873	3.60706	3.60281	2.768	2.60274	1.73384	2.82271	5.10333	3.69071	1.93445	2.33623	3.09671	4.54579	3.69088	4.37151	3.67829	2.2831	1.99676	2.35572	1.56664	1.66163	2.04229	1.50677	1.10792	0.893299	1.44444	1.61484	1.23869	1.41225	1.50684	1.75153	1.98145	2.43886	2.11606	3.15531	4.03815	3.39787	4.05703	3.8645	1.86182	2.10149	2.60283	2.84982	1.66168	1.41223	2.80648	2.80646	3.06181	2.38161	2.98098	3.99649	4.48171	3.4647	3.05685	3.05685	3.51709	6.01895	5.54775	5.00423	6.68455	7.49264	12.6731	10.4329	1.23865	1.49662	3.15047	7.02716	10.063	7.09551	10.0892	17.4665	3.3297	1.41225	2.82276	4.83431	1.99686	1.93443	1.49662	1.49662	1.82852	2.13758	2.22878	1.80319	4.72287	5.59127	2.82271	1.33404	1.6149	1.80327	1.9581	2.19426	2.43886	1.89446	1.76022	1.33409	1.41225	3.05682	2.45757	2.13768	2.28316	3.28808	1.44447	1.48635	1.5667	1.72506	1.89446	1.98145	1.89446	1.48635	1.33409	1.61488	1.78616	1.5667	1.72506	2.16613	2.30321	1.49662	1.17516	1.6149	1.88634	1.9265	1.5667	1.86182	1.73393	1.41228	1.36815	1.12173	1.10792	1.80319	1.99678	1.78616	1.72506	1.93443	2.13758	2.21502	3.05685	3.75629	4.83424	3.96567
4.51182	6.14768	9.10248	7.77448	2.62586	3.54265	3.32938	4.5351	4.57515	2.73432	3.11592	2.10849	3.96526	4.329	1.89418	1.36794	2.04208	2.30295	1.8943	2.54911	2.47605	3.678	3.19357	4.02643	2.60263	5.4702	2.97045	5.48409	3.77633	4.7482	4.28666	2.0422	3.69042	4.20056	3.73968	4.45722	3.85213	4.07898	8.63163	5.63133	3.58994	4.54528	4.38509	5.00388	7.0072	3.44669	3.05654	5.46738	5.07015	5.18577	5.19449	4.31871	4.31868	2.88684	3.71915	2.87076	2.74008	4.14592	4.80879	4.7065	2.93414	2.43853	2.9754	1.786	2.33601	3.50374	4.54861	3.86414	3.50371	3.48618	3.75591	4.02632	2.73432	2.35548	2.87076	2.43223	1.58596	1.75132	1.58596	1.61468	1.61473	1.86166	2.24241	2.62604	2.38149	1.8943	1.95793	2.19407	2.97549	3.82038	2.38137	0.525544	4.30079	5.71927	3.75591	4.65427	3.98827	2.97024	2.52485	1.57628	1.786	1.6523	2.19407	2.76784	2.66649	2.66649	5.14145	5.95794	5.70107	4.20434	3.50374	3.53845	4.45731	6.43551	4.79904	4.46747	4.65427	3.71093	2.87076	3.74368	3.28775	2.13022	1.40121	2.73993	4.45038	3.05651	2.1375	3.36147	3.74393	2.82799	2.54902	4.51153	3.78422	2.82242	2.34899	1.95785	1.93427	2.2148	2.38134	1.41207	0.893193	0.700709	1.23857	1.9579	1.82841	1.8943	2.35564	2.48838	2.22871	2.04967	2.27628	3.50371	4.08279	3.69047	4.21146	2.93414	1.76006	1.41212	1.98128	2.60263	2.303	2.98052	1.89418	1.17499	2.303	3.36147	4.26906	4.8466	5.19449	4.20428	4.77366	2.73432	5.54999	8.75333	6.16986	3.50374	6.35059	10.7952	14.8204	7.71263	1.58598	3.32027	5.09408	9.23044	11.064	7.33624	6.24265	16.519	2.73432	1.56656	3.56844	4.31848	1.56656	2.10858	1.8943	1.9579	2.58476	2.47588	2.22855	1.61468	5.34677	6.32193	1.26304	1.50671	1.36803	1.66153	1.88618	2.04967	1.88618	1.61473	1.76006	1.49648	1.58596	2.60248	2.21489	2.38149	1.80311	2.8973	1.76003	1.61476	1.6523	1.66153	1.56656	1.48622	1.36803	1.26312	1.41215	1.66153	1.786	1.49648	1.33397	1.58598	1.93425	1.58598	1.36803	1.50671	1.786	2.10858	1.6523	1.36803	1.17505	1.10786	0.875891	0.875862	1.23855	1.75132	2.10129	1.61473	1.4121	1.89418	2.73432	3.09623	2.67208	3.30164	4.37101	3.34301
10.0218	12.0427	12.0666	9.28259	4.87421	3.8519	3.69011	5.82636	6.28321	5.52227	6.02553	4.70603	5.38031	5.46691	2.16567	1.58583	2.43212	4.34289	6.00552	6.00552	5.31243	5.8524	4.92387	5.21145	5.32384	5.28657	1.58583	3.98792	2.34878	3.60213	3.98797	2.62577	6.11756	8.492	8.58803	7.40084	5.88845	5.63081	10.0858	8.01274	6.53758	6.25444	6.60174	6.32406	8.17881	5.68713	3.69018	6.41386	6.97639	6.97233	11.021	12.3178	8.72897	6.02542	4.61451	4.37085	8.73407	10.2597	8.63645	5.83433	3.54247	3.67768	3.98808	4.02616	3.65274	3.3791	3.46386	2.73409	2.98026	3.47267	3.85179	3.96492	2.43201	2.4571	3.39715	2.82222	2.11566	2.66623	3.15477	3.36565	3.71902	3.95743	4.26862	4.69639	4.89604	4.45023	4.41244	4.65409	3.99193	2.4571	1.12152	3.60651	5.24042	5.13799	3.28746	4.09725	3.36095	2.54879	2.80048	2.27605	2.43212	3.49912	5.07874	5.57148	5.3805	5.4254	7.33554	7.16361	4.45706	3.82014	4.09356	3.99559	5.2865	5.2432	3.91074	4.86782	5.86508	4.58804	2.82217	4.02597	3.54231	1.33378	1.02127	1.66131	3.9458	5.85502	6.04817	5.43936	3.75574	1.65205	3.94571	4.37068	2.76745	2.58454	2.43831	1.58583	1.92614	2.76747	2.6776	2.16572	2.11566	1.95773	2.24217	3.25491	4.02616	4.58827	4.69639	4.34289	4.21115	4.41244	4.92387	5.03066	4.74781	4.03742	3.8519	3.13047	3.99193	4.58827	4.20391	2.91296	3.02106	3.67766	4.51136	5.80313	6.65866	6.90294	4.618	2.13003	7.53742	11.2902	11.8035	12.1443	14.7969	15.8267	14.6828	14.6981	14.9102	13.8097	10.3065	3.06123	3.02112	4.37074	7.3253	11.9714	12.1095	9.71529	2.24217	13.9737	8.03507	2.84913	5.06965	4.21106	2.19384	2.38122	2.13728	2.66613	3.64005	2.99053	2.50642	1.82823	5.24029	5.5467	2.97014	2.87066	3.09613	3.9109	3.74355	3.1548	2.62577	2.91296	3.36565	2.93385	2.45088	2.54886	3.58957	4.1271	3.30151	2.6257	2.64889	2.13728	2.24217	2.50649	2.52475	2.60236	2.72302	2.62577	2.60236	2.7398	2.60233	2.43212	2.52475	2.60233	2.71736	2.8223	2.73423	2.3554	2.58465	3.13047	3.25491	2.87066	2.62577	2.98041	2.87066	2.4384	2.11566	2.16572	2.276	1.75989	1.9964	2.19375	2.58454	3.60213	2.97514	3.60635	4.58804	2.488
8.20543	9.96774	10.5688	9.09319	5.83383	4.72166	3.77561	5.45813	5.34303	3.51613	4.66326	3.99518	5.56791	5.21072	2.10089	2.48791	3.83975	5.24298	6.4744	6.80795	6.67617	6.95871	5.94427	5.96452	5.2401	2.9127	3.09565	2.87022	2.38089	2.66586	3.19289	2.13709	6.39671	7.56809	6.05751	8.55252	9.53048	7.71162	10.0322	8.90309	5.69999	6.3426	6.43225	5.41649	7.86316	5.92633	4.61432	5.88775	7.32643	6.83415	10.1435	11.0029	10.2255	8.65071	4.57448	6.56679	7.98595	6.83442	5.62239	3.83576	3.39691	3.60616	4.07845	4.41206	4.76964	5.80223	4.58763	3.50305	3.36522	3.05593	3.58901	3.49858	1.78561	1.9339	3.36522	3.16894	2.76734	2.9127	3.54217	4.23243	4.44985	4.44985	4.55793	4.72181	5.0393	4.72181	4.70567	4.79843	3.52054	1.36768	3.16894	3.9105	3.67317	3.37876	2.52437	3.34238	2.66586	2.30256	2.82199	2.38101	2.35519	3.81979	5.21098	5.39409	5.62242	5.95696	6.83424	3.15443	3.2262	3.26863	6.39911	8.96797	7.11042	4.80788	2.80568	4.55764	6.56419	4.83283	2.7338	3.71023	3.3606	1.17483	2.48791	3.58926	4.5746	5.52184	4.99695	3.51613	4.09682	5.17283	5.06917	2.97492	1.17476	2.04169	2.27573	1.2749	1.50632	2.11536	2.27579	2.12987	1.72458	2.04181	2.66599	3.39698	4.0971	4.26825	4.21078	4.12674	4.20355	4.85509	5.39126	5.31194	4.22519	3.34252	3.85152	3.70632	4.20355	4.82056	4.46689	3.68977	3.34247	3.30122	5.0393	5.94427	5.67871	3.85152	7.87066	12.653	15.2973	16.5841	16.0027	15.661	15.0953	12.8244	10.0047	8.86008	7.32678	5.58973	4.09682	2.04928	1.44406	3.71844	8.29733	12.4522	10.3667	9.43029	7.38978	7.87624	8.70553	7.29562	6.25354	3.31964	2.45689	1.41183	1.02117	3.60598	4.51067	3.70616	3.84757	3.67742	2.99538	2.84889	2.98016	2.87041	3.45048	3.99538	3.58926	3.47254	3.21687	2.98016	3.05609	3.32417	2.80021	2.35519	2.97501	3.15452	3.48566	2.13709	2.93347	2.04928	2.38104	2.82745	2.76734	2.73399	2.72278	2.76734	2.48791	2.43818	2.54863	2.38104	2.73399	3.15449	2.99036	2.76734	2.58442	2.22828	2.48791	2.9127	3.01077	3.15452	3.22635	3.21687	3.1302	2.82199	1.82806	1.95753	2.45687	1.95748	2.11536	2.34854	2.43177	3.49858	3.11533	4.20326	4.57428	1.7597
8.65862	8.24797	7.3503	3.21651	3.68937	4.02531	4.61712	6.94481	6.8069	4.38383	5.76263	5.42423	5.57835	3.74265	1.17471	2.0416	3.16863	3.53743	3.68941	3.76718	4.5874	4.97202	3.95668	4.70514	3.2543	3.65194	3.92945	2.97978	3.32845	3.15413	3.1686	1.58553	5.07755	6.95777	6.73359	7.58518	6.99894	6.56396	6.68199	8.02037	3.26822	4.91982	6.68216	6.18282	7.86996	4.11508	2.27561	3.87084	6.0567	7.42541	7.40519	1.95728	10.5742	8.55302	2.38077	4.70502	4.07785	0.350268	2.35483	1.99602	2.28228	2.33534	2.48765	2.71684	5.95608	7.64809	4.57389	2.47519	2.47519	2.10791	3.01031	3.21163	1.58551	1.41172	2.67709	2.45041	1.80258	1.89374	2.10802	2.35495	2.47532	2.60186	2.89661	2.9747	3.12988	2.9747	2.34843	1.02113	2.72236	3.63935	2.73917	2.04151	1.996	2.48752	2.10791	2.52415	2.16526	1.57583	1.9573	1.78548	1.95736	3.34216	4.08164	3.53743	3.67704	3.67704	2.12962	3.86304	7.84917	7.15191	8.88744	9.56171	4.70514	3.92961	4.07803	4.72119	5.9332	4.3698	2.47519	3.15405	3.02049	3.06079	3.36048	2.62527	0.943068	1.78545	2.45665	4.70502	6.78039	5.04162	2.43155	1.06518	0.875612	1.89365	2.10791	1.48571	1.26269	1.4117	1.75082	1.9573	1.10754	1.50627	3.02054	3.05578	2.52427	2.19342	2.10802	2.52427	3.01046	3.54178	3.6058	3.31931	2.87011	3.22597	4.3838	3.56751	2.87011	2.3808	2.64838	3.3192	3.02054	3.49846	3.28696	1.73327	2.04151	10.0064	15.4547	13.2541	8.88744	7.38921	8.31308	8.43411	6.11644	4.06664	1.99602	2.52427	3.26831	4.11508	3.52004	1.23817	0.631422	3.39646	9.69651	13.2699	8.04269	6.24093	8.14423	4.15558	7.75499	8.96699	7.77811	1.27478	2.62514	1.26269	1.61421	3.70991	5.07755	4.31725	2.52415	1.22577	1.49605	1.49605	1.75086	1.9961	2.16531	2.10798	1.61429	1.75086	1.75086	1.65181	1.9337	2.82706	2.28228	1.61429	1.61427	1.50627	2.47528	1.99608	2.66562	2.12962	1.80258	1.95734	1.56611	1.50627	1.48578	1.56611	1.56611	1.82788	2.12966	1.56611	1.1213	1.75953	1.75955	1.56611	1.78548	1.48578	1.48578	1.56611	1.65181	1.89374	1.9961	1.75086	1.9337	2.3807	1.58553	1.57583	2.16526	2.3023	2.5483	3.09538	2.89649	2.62514	3.25414	4.70173	3.85106	1.0652
6.30042	10.4266	9.70769	0.175119	2.67106	1.27466	1.41158	7.72908	9.27164	4.32736	4.46578	3.60108	3.71774	2.2753	1.80242	2.11507	3.32811	3.67663	3.19236	3.49804	3.83902	5.31948	5.69892	6.55186	5.68554	5.41533	4.73043	3.98696	3.86268	3.50241	3.68902	2.63078	3.36452	4.70124	6.81727	10.0756	6.16742	2.04142	3.44521	6.89412	5.97334	5.13651	5.32201	4.20252	8.82592	3.37812	2.48744	4.19535	5.13651	6.48675	7.63163	1.12113	10.3006	7.77156	2.13668	4.493	3.68902	1.99593	2.45018	2.28208	2.38056	2.66548	2.04142	2.50566	6.53534	7.51892	4.75268	2.67106	2.62487	1.89346	2.58378	3.05535	1.75939	1.6609	2.475	2.28206	1.65167	1.86095	1.86095	1.86095	2.24155	2.91215	3.36471	3.21149	3.39633	3.485	1.57568	1.58536	3.10004	3.54127	2.22771	1.75059	2.35458	2.38043	1.61404	1.88537	1.95711	1.78527	1.61407	1.2747	1.61412	3.77478	4.59674	4.38343	4.15534	3.22574	2.60146	7.01521	7.17618	5.52073	7.32323	7.61411	3.81907	3.36471	3.36471	3.51546	4.61317	3.49792	1.89346	2.54805	2.54814	2.5058	1.2747	1.80232	3.15381	4.40076	4.15534	5.09208	5.85308	2.73328	1.23808	1.23808	0.942939	1.99579	2.2414	1.3334	1.2381	1.56597	2.16511	2.6769	2.43145	2.19323	3.50238	3.05551	3.06052	2.86987	2.72226	2.84849	2.91215	2.93303	2.84842	2.6769	2.67123	3.10015	3.39617	2.84835	2.43145	2.66548	3.36458	3.19229	2.73347	3.68916	2.76682	2.73328	8.22013	15.1004	14.0346	7.8996	5.26488	4.75274	4.26716	3.11474	2.12942	2.9795	2.66548	1.50614	1.95708	3.37812	4.45562	3.16829	2.10049	4.32392	10.3815	13.3073	6.31955	3.35996	7.2592	0.875529	8.11762	9.88379	7.77156	1.41158	2.67683	2.33513	2.63076	4.83191	6.19415	3.44962	1.41158	1.99593	1.95716	1.41161	1.61415	1.86095	2.21405	1.9959	1.65167	1.75071	1.75071	1.80242	2.45018	3.02019	2.27536	1.61415	2.04889	1.98053	2.38056	2.63078	2.30207	2.60149	1.1746	1.40068	1.2747	1.41161	1.61415	1.72425	1.65167	1.95719	2.30212	1.82772	1.41161	1.78532	2.04889	1.82772	1.61412	1.75071	1.86095	1.72425	1.41161	1.1746	1.02104	1.0651	1.95708	2.0413	1.36742	2.0488	1.93351	1.49585	2.91197	5.00178	4.03623	2.54814	3.31887	4.09605	3.12943	1.41158
12.8789	10.6483	8.1518	3.53671	5.04079	5.10069	5.56937	7.41404	8.67575	5.23831	4.09569	3.09479	2.91171	1.88527	3.0552	3.44947	4.57317	4.76837	4.22396	6.33827	9.81601	13.1655	13.1373	11.3606	9.82204	9.39171	8.20321	7.05536	6.05577	5.08574	5.25002	3.8623	2.27514	3.34145	5.31874	8.20304	9.70726	8.91263	7.70546	8.00414	7.14191	6.62637	6.55094	3.88194	7.75353	2.84815	4.22758	6.93718	7.55831	6.30006	7.09333	2.38034	9.79013	8.43232	3.88206	6.28804	5.96784	4.94356	4.47917	4.46559	4.65233	4.03593	2.64788	3.71742	6.58988	6.78791	4.45515	2.7664	2.67083	1.82748	2.38025	2.84809	2.27518	2.27518	2.80488	2.88546	2.84819	3.09495	3.34163	3.47153	3.92887	5.07682	5.6637	4.58654	2.67664	2.7664	2.86943	2.2751	2.66511	2.67083	1.50591	1.82748	2.89594	2.43739	1.57553	1.93333	1.92541	2.28186	2.38032	2.60137	2.82123	2.60126	3.28621	3.68871	4.7525	6.38579	8.6279	9.03147	6.62651	5.45667	5.93474	5.54739	2.64792	2.54789	2.98949	1.95699	2.34789	3.81869	5.03783	5.54756	4.53317	3.09495	2.82118	3.37782	4.0808	4.15477	2.50552	2.98939	3.96342	2.16484	1.40054	1.44361	1.27454	2.04112	2.11477	1.41145	1.50598	2.10762	2.91185	3.68878	4.12553	3.83467	4.20946	4.03593	4.58654	4.57326	3.96362	3.83467	4.41077	4.7043	4.37961	4.22396	3.92887	3.60092	3.73799	3.85044	2.73876	2.82663	4.03589	4.28474	3.09495	1.17444	6.79917	12.1433	15.8305	15.379	9.24065	4.47901	2.12922	5.76169	9.01193	8.62796	6.40228	5.47889	4.05472	1.88527	2.66521	4.38307	5.88623	5.97286	3.1536	4.31646	10.1213	11.9667	3.605	3.88199	4.85346	4.03593	10.7264	9.32981	7.11022	1.44365	2.43109	2.2751	3.86227	6.06808	5.51996	1.75922	2.47485	2.28191	2.47481	2.10762	2.67095	2.73319	2.50554	2.34798	2.28191	2.24132	2.13646	1.95699	2.47477	2.67658	2.50552	2.48718	2.50554	2.22763	2.43747	2.99457	2.54789	2.82115	1.6515	1.82753	1.9957	2.04121	1.86076	2.04121	2.04121	1.66073	1.92541	1.82753	1.89338	2.28191	2.67095	2.84815	2.11486	2.19301	2.3545	2.58367	2.34798	2.13646	2.04121	1.82753	2.47477	2.50547	2.16484	3.11447	2.38025	2.71632	3.51509	4.94333	3.54096	2.10757	2.99453	1.99562	2.45619	3.0552
13.2357	8.84491	3.50174	5.93404	5.93165	5.378	4.47542	5.13853	7.78167	5.09103	3.21069	2.37998	2.45593	2.48696	3.26739	3.76613	4.93995	4.93995	5.68447	9.74871	12.1326	13.0235	13.605	14.5231	11.3582	9.46767	8.73676	7.95107	6.90395	6.12469	6.63267	4.59587	1.65135	1.95671	3.29976	3.98607	4.03552	4.79652	5.97221	7.55136	7.72763	6.62567	5.04017	2.43725	4.15435	3.92853	3.86988	8.06836	9.92701	8.65655	7.02263	4.09555	9.22683	8.76362	4.22359	6.09234	5.5877	5.24099	5.57699	4.5562	3.73765	3.83806	3.74155	4.55592	6.21	6.29923	4.08037	2.48679	2.27487	1.93314	2.30164	2.45593	1.8851	2.11467	2.8852	3.05493	3.09468	3.35955	3.58789	3.71729	4.22359	4.91845	4.16921	3.67177	4.08037	3.28588	2.76611	2.22728	2.35414	2.13614	1.06487	1.58506	2.88511	2.84781	1.78498	2.10738	2.10009	1.78498	2.38014	3.54082	3.22513	1.36716	4.32684	7.87382	10.359	11.1004	10.1687	7.85086	5.30984	4.36867	4.62552	4.15438	2.10738	2.62446	2.33468	1.8931	2.13628	3.29997	2.82638	2.97893	3.26739	2.98923	2.97891	4.22337	5.48085	4.57255	1.02078	1.88501	3.28588	2.16463	1.58506	1.61376	1.49556	1.88501	1.93317	2.38014	2.84795	2.86932	2.96875	3.70908	4.34087	4.45499	4.91845	5.37791	5.06444	4.79662	3.83829	3.49749	5.02831	5.51975	5.10025	4.92158	4.61257	4.23082	4.42067	4.15452	2.86932	2.66498	3.32291	3.37748	2.601	6.80513	12.7824	14.2677	12.7702	8.88486	4.03547	1.10718	7.14143	10.2335	9.71852	8.00339	4.90292	3.88156	4.02414	4.09555	4.57287	4.29859	4.97063	6.62587	3.16769	3.70882	9.22509	10.6581	3.88163	3.67177	0.175086	6.63713	7.88285	6.87311	6.55256	0.875392	3.78207	4.15438	4.76784	4.75184	2.72156	2.04104	2.47464	2.76629	3.22507	2.3543	2.93247	3.11435	3.00962	2.67072	2.52358	2.48696	2.52358	2.33468	2.76615	2.10009	2.43099	2.60114	2.58344	2.47464	2.45596	2.10738	2.21363	2.27492	1.99552	2.50532	2.60111	1.99555	1.61384	1.61384	1.95682	2.12906	1.93317	1.72392	1.75037	1.75037	1.72392	2.45593	1.95682	2.27498	2.22744	2.34778	2.50532	2.60114	2.82098	2.76626	2.97379	2.99424	2.63026	4.22337	3.5406	1.86047	2.22728	4.08037	3.71703	1.99542	1.72383	1.61384	2.34778	2.38011
9.36934	5.55473	3.70443	6.80434	5.95383	2.71581	2.86902	4.22666	6.96159	4.02368	2.24078	1.33302	1.72375	2.43074	3.0194	3.51446	4.19416	4.01999	4.7674	8.48875	8.40061	11.6831	9.63688	13.7742	9.26126	7.10704	8.92915	9.02978	6.48748	5.43616	7.18034	4.93012	1.61368	1.75888	2.60076	2.82057	2.04073	2.37977	4.81799	7.14888	7.65117	7.84622	7.54105	5.11152	1.2253	3.63815	4.06526	8.58286	9.76423	7.55698	7.7698	5.34355	9.18577	8.39528	3.0546	4.42009	5.3291	2.13606	4.09124	2.37977	4.36819	5.41933	4.83065	4.42009	5.51892	5.92584	3.83374	2.13595	1.72368	1.61362	1.99527	1.99527	1.27433	1.61368	2.43701	2.60085	2.10722	2.04083	2.28147	2.9113	3.48399	2.64741	0.553593	3.92794	5.37719	3.05948	1.89293	1.99524	2.1925	2.04823	1.23773	1.10708	2.04823	2.67607	1.95659	1.93298	2.27471	1.82719	1.8019	2.50504	2.28143	4.93931	4.57225	5.15882	5.6385	5.18229	4.54235	3.70862	2.28143	1.99524	3.74123	3.47069	1.12082	2.04073	1.61368	3.36363	1.40028	5.73951	7.4068	6.72686	5.07588	4.54235	5.37738	6.12647	5.51076	3.35904	1.2253	1.99524	2.8475	1.86031	1.36704	1.48514	1.36704	1.2743	1.73262	3.00931	3.47087	3.21532	2.84765	2.76601	2.73267	3.09436	4.62518	5.28357	3.83394	3.56615	2.82065	2.27475	3.8812	3.15298	3.49713	3.83392	3.35921	3.09436	3.56615	3.09926	2.2409	2.21341	3.78174	6.73105	8.3724	10.5803	12.0117	9.2516	6.33927	4.09492	1.61362	3.51446	10.6614	5.58732	9.20021	6.42896	4.61187	2.60074	2.52332	4.08023	3.28572	3.12869	4.31582	7.59816	5.09056	4.53212	8.96366	9.00491	3.15287	2.80435	4.90245	6.30116	3.71671	8.38992	6.6251	1.78477	4.81799	4.08002	3.6043	3.63797	1.23774	1.95659	1.61368	1.61368	2.64738	1.5057	2.63001	2.35405	2.47438	1.99534	1.8019	1.89302	1.95662	2.50499	2.67607	2.27475	2.04083	1.86041	1.8019	1.10712	2.28137	1.10712	1.78481	1.75888	1.93296	1.58493	1.58493	1.23777	1.36711	1.36711	1.4112	2.10717	2.09989	1.33307	1.36711	1.33307	1.2743	1.56545	1.12088	2.12885	1.86041	1.82719	1.72375	1.73262	1.82719	2.12881	2.3798	2.89539	2.37977	3.74123	3.83377	2.64738	2.67607	4.46454	3.88113	1.78477	2.19259	3.51885	3.67565	2.97351
6.23794	3.15252	5.61887	7.24611	6.72362	2.97323	3.54015	5.00009	5.63239	3.21009	1.50547	1.06469	1.41108	2.54718	3.22445	3.67524	4.89267	5.65132	4.79562	6.76598	7.62876	15.0158	5.75729	15.3072	7.75909	5.37699	8.24624	11.4819	9.83123	7.51631	8.55593	5.00291	1.26216	1.41105	2.27444	2.43038	2.19227	2.3472	4.0945	5.27713	5.37673	5.58667	5.65132	7.55596	5.09004	3.19115	5.46355	7.10406	9.85475	5.09015	5.20811	5.30032	10.4578	8.58195	3.0941	5.30884	4.42313	1.61346	4.96949	3.81748	4.45388	5.15514	4.47772	3.31761	4.61139	5.55387	3.47033	1.95634	1.6602	1.41102	1.95637	2.09969	1.99517	2.5231	2.91104	3.15269	2.48649	2.28128	2.82584	3.44408	3.28543	1.65104	2.52294	4.06468	4.75088	2.97826	1.3669	1.61343	1.80163	1.75869	1.92486	1.57508	1.75869	2.27449	2.37965	2.47411	2.30125	2.34733	2.28128	1.6135	2.28113	6.40952	5.58647	2.76562	3.01905	2.71556	3.05435	2.60062	0.721712	1.89286	4.57188	5.88458	5.42185	5.25152	2.97331	1.12078	6.79502	7.27329	5.69673	5.34309	6.41466	6.90932	6.02415	4.42322	2.33417	1.65094	1.41099	2.474	2.72104	1.73235	1.48499	1.3669	1.17409	0.942626	2.30125	3.15269	3.49683	3.83361	3.71658	3.22452	3.3407	4.16842	5.51037	5.00009	3.21501	3.3633	2.62976	2.16429	3.60399	3.14778	3.60414	3.98931	3.58721	3.46177	3.81762	2.82045	2.11427	1.92486	7.10603	11.469	10.5585	10.2414	9.23804	6.56057	4.89252	2.66434	2.84741	5.23986	9.63548	2.76559	11.2681	5.51835	4.22974	2.5231	4.38185	4.32602	4.77029	4.93914	4.25507	9.74651	4.06468	6.7661	9.54323	10.0266	5.13477	3.81762	6.70359	5.48006	1.75004	9.35235	7.64443	1.72351	5.80936	3.96226	3.09388	3.05917	1.99517	2.60062	2.04065	1.33296	2.27444	1.12078	2.71547	1.72359	1.56537	1.12078	1.10702	1.10702	1.22518	2.43668	2.10698	2.11427	2.11427	1.73247	1.12078	1.33289	1.88465	1.80174	2.43679	2.27455	1.95641	1.41105	1.57508	1.36699	1.48509	1.41108	1.10702	1.41102	1.95637	1.41108	1.61354	1.78464	1.99507	1.41102	1.33296	2.27449	1.97978	2.37965	1.95644	1.73247	1.9328	2.3012	2.50474	3.44831	2.67005	3.05419	3.48354	2.80406	3.05422	5.1345	3.59971	2.47417	4.26582	4.46436	3.86121	3.70821
8.34406	6.87361	7.14769	7.60069	6.31904	2.54685	2.16402	2.93154	3.0589	1.95616	1.72342	2.04044	2.76546	4.62431	5.47682	7.1057	9.0936	10.026	9.95099	7.77985	6.184	16.6008	8.13965	16.2388	11.9142	4.7665	4.82974	5.35364	6.89739	7.40101	8.65362	4.92919	3.299	5.00269	4.4091	2.37942	2.11397	2.43017	3.9272	4.4637	3.59939	2.72081	3.05392	7.5294	7.53138	4.50772	2.37935	5.07469	9.00323	5.80627	1.95622	4.40889	10.5267	6.95384	6.31929	6.7054	2.64691	5.5453	5.59426	4.20787	4.11274	5.46277	4.54132	2.84701	4.14218	4.82967	2.91061	1.95619	1.92467	1.78447	2.21299	3.05904	3.58684	3.92738	4.09435	4.53146	4.36754	4.22959	4.76981	4.168	2.28104	2.24036	3.63728	3.49629	3.83302	2.82003	1.58461	1.74982	2.10677	1.95622	2.10677	2.12845	2.16408	2.43654	2.6642	3.01882	2.82555	2.97815	2.96788	1.82684	2.96773	6.16441	5.93999	3.21454	2.62364	1.89257	2.16402	2.27432	3.31732	2.21292	3.15232	3.51804	1.50541	3.76503	5.13411	3.53962	3.68721	5.41844	5.8635	4.70247	2.89484	1.58461	1.23749	1.0205	1.10687	1.61329	1.65079	2.22667	2.62364	1.72335	1.58461	1.78447	2.11405	2.76548	4.11283	4.25464	5.23077	6.16962	6.10323	6.05358	6.96708	7.76834	7.39528	4.7507	3.67073	3.53537	3.01882	3.81724	5.28257	5.03888	5.29979	5.27693	5.18425	5.43525	5.18131	3.28509	3.25228	5.62663	11.9116	14.1005	10.2232	8.00116	5.60772	3.83304	2.45526	6.45146	8.38877	6.10075	4.32535	5.2624	8.62955	4.62422	4.93854	3.35857	0.391395	1.02054	1.12061	1.40001	5.2825	10.3768	0.892432	6.90828	11.3649	12.4351	6.67171	5.79867	8.1177	4.47747	4.03436	8.05486	8.12857	1.17399	7.02041	3.74052	2.72081	1.74982	2.82555	2.97301	2.6642	2.30102	2.45526	2.22678	3.15232	2.60036	2.73772	2.19218	1.65087	1.41093	1.61335	2.45526	2.50459	2.66994	2.73772	2.19218	1.61335	1.74982	2.28104	2.97301	2.73772	2.43028	2.04044	1.88455	2.12845	1.74986	1.73229	1.99496	2.27432	2.16408	2.33401	2.24047	2.24047	2.47387	2.62951	2.28104	3.28509	3.70384	2.73215	2.50457	2.19218	2.22678	2.67562	2.82011	3.19078	4.22579	2.58257	3.09362	3.44801	2.50451	3.81714	3.47003	3.75289	5.95298	6.04609	4.22598	4.31482	2.80379
6.56168	5.77974	6.45767	5.37571	4.36687	2.10649	1.85977	2.62337	2.04763	1.82667	1.99479	2.24028	3.70758	5.58289	5.75367	7.5329	9.222	9.35578	8.85507	8.20494	5.23901	16.053	10.488	11.5675	10.9355	10.2291	11.0945	9.86695	7.72124	6.50633	7.14469	3.6495	5.4541	8.30052	7.81752	4.53436	1.74965	2.2807	4.22894	5.69534	5.2475	3.83285	3.16654	6.7647	7.1782	5.03826	3.68697	6.39894	8.41229	6.41301	2.5466	5.46504	9.71456	8.13919	7.93317	4.40871	6.65714	6.72236	3.81676	3.50039	3.8486	5.08911	4.29672	2.71495	3.51768	3.46088	2.43622	1.95599	1.57478	1.65995	2.22659	3.35828	4.094	4.31462	4.44648	4.85142	4.65017	4.07911	3.2144	1.44297	2.66954	3.15196	3.15193	2.86804	3.44765	2.60001	1.7843	2.11387	2.50434	2.28078	1.95604	2.21279	2.58246	2.81991	2.76521	2.88411	3.15213	3.11317	2.12825	2.59998	3.22369	5.79785	6.31597	3.68683	2.2807	1.73202	2.84667	2.33373	4.19661	5.58569	6.22981	6.90135	5.72216	4.94435	6.01272	2.2127	5.37597	6.70481	5.2505	5.37571	5.07418	1.93241	1.23739	0.892344	1.61312	2.19186	1.33264	1.61312	2.34676	1.75836	1.65995	1.95607	2.13547	2.76521	3.84862	4.25064	5.65025	5.47915	5.90152	6.52516	7.49123	7.52911	5.5532	3.32625	3.15196	3.15201	3.05377	4.39826	5.23887	4.65987	4.93809	4.53106	5.07449	5.31936	4.22922	4.31439	7.00472	7.84768	12.5374	12.3152	7.51283	4.82926	2.37911	1.95596	5.43463	9.27331	8.17219	5.7747	2.60012	4.09372	5.42049	3.90738	2.73173	3.15196	4.93809	5.45146	6.57571	8.24294	8.30767	5.73767	1.95604	5.56371	15.7703	13.3172	6.72502	7.40474	6.98566	2.52262	3.32625	8.08186	7.49682	2.42992	7.66254	2.97769	2.2807	0.989996	2.28076	1.72327	1.93241	1.93241	2.11387	2.4737	2.62929	2.44878	2.52262	3.05377	2.3534	1.73214	1.8925	2.60012	2.50437	2.28084	2.3792	2.12825	1.92449	1.8925	2.76524	2.76524	2.28084	1.8925	1.8925	1.95607	1.95604	1.50528	1.61323	1.99479	2.50437	2.67537	2.21279	2.10664	2.10664	2.62346	2.62929	3.05878	4.15298	3.29872	2.30081	1.92449	1.85989	2.10664	2.47364	2.6753	3.83262	4.22894	2.76506	4.68566	4.82926	4.05281	3.67452	1.22495	5.35333	5.90152	3.84874	3.92683	4.46324	2.19198
4.91901	5.08863	4.36649	2.73149	3.28434	2.82492	1.75821	3.14689	2.80326	1.33257	1.36659	1.74953	3.70716	5.41728	4.72725	5.75296	8.29943	6.48497	3.86011	3.26583	3.63677	12.8222	8.34072	15.2224	13.4174	12.6966	10.6793	4.0336	3.83246	4.42188	5.37516	1.72303	5.23824	5.38923	3.53897	4.68525	1.49491	1.99451	4.22857	6.16325	5.06174	2.10636	3.01825	5.07373	4.74957	4.2537	3.51737	6.69262	9.20158	8.43455	4.01847	4.8913	7.99778	6.70182	1.613	4.42188	7.78766	6.34399	3.6366	3.67411	3.05337	3.98798	3.87966	2.23993	2.62314	2.8195	2.11357	1.82644	1.44282	1.74953	2.04005	2.71478	3.20934	3.9072	3.46955	2.97752	1.75821	1.0499	0.89228	2.97238	3.7358	2.54637	2.13514	2.23993	2.97232	2.54637	1.44282	1.41067	2.10637	2.4734	2.50411	2.58219	2.42982	2.21257	2.30059	2.58219	3.2141	2.99286	3.7153	3.81642	2.88375	5.85954	6.82824	3.59871	2.04745	1.49486	2.11357	3.67426	2.66943	2.10642	3.31679	3.59871	2.93107	5.67383	5.57432	3.05334	3.31669	4.16701	4.26437	5.92872	4.61342	1.26173	0.782572	1.17382	2.62902	2.98769	1.22483	1.61304	2.62902	2.10637	1.56492	1.56492	1.50512	2.0991	3.4341	4.42188	5.08872	3.83246	4.58393	5.77412	6.08967	4.829	4.02224	4.31398	2.2738	2.27384	2.11365	3.22345	4.15241	3.0182	3.60298	3.50008	3.1518	1.95585	3.05334	6.93958	8.10323	8.70337	12.9322	9.78466	4.22499	2.88375	2.82502	3.35793	8.48389	7.65427	5.47849	4.89128	4.20703	4.96811	5.32708	5.06174	3.36231	4.37693	5.15667	4.14157	5.70302	4.8696	2.10637	2.50411	5.38664	3.9843	18.092	15.7532	6.20743	6.66814	3.35793	1.06437	1.26179	8.9355	5.41728	5.30714	6.82824	2.35304	1.80113	0.630972	1.74944	0.494958	1.33252	1.57463	1.17382	1.41067	1.78413	1.82644	1.1067	2.04752	2.04752	1.41067	1.50512	2.04752	2.16366	1.65979	1.74949	1.99451	1.58431	1.72309	1.80121	1.50512	1.36659	1.26179	1.65979	1.80121	1.82649	1.50512	1.36659	1.17382	1.23727	1.99451	1.44282	1.61306	1.41067	2.16361	1.93225	2.45479	2.28056	1.1067	1.88413	1.57463	0.989893	0.874925	2.71471	4.55389	6.6567	5.95174	4.65942	5.2064	4.06356	2.23993	1.44279	4.08969	4.86948	1.99458	2.52224	4.07848	3.51737	1.8597
5.15319	4.07434	3.35742	2.43575	2.89399	2.98738	1.85951	2.99255	3.7719	1.49476	1.50497	1.80103	3.98378	5.57356	4.62287	6.42597	9.32363	6.11116	3.99154	3.6863	5.13281	7.49539	5.24944	12.8957	9.96996	10.0228	7.8556	3.517	2.79753	3.32099	3.447	0.94222	4.12256	4.96457	3.1899	2.76454	2.13503	2.12782	4.22096	5.51626	4.93694	3.22307	3.05305	3.98378	3.53861	3.98756	4.37648	8.08581	11.851	9.22163	1.61287	4.08926	5.67837	7.43934	7.48955	6.2983	7.27033	6.34341	4.42143	4.65883	3.14656	3.31634	3.25133	1.74926	2.19144	2.73681	2.16339	1.95565	2.13503	2.1062	2.03984	2.80299	3.05312	3.15145	2.45452	3.46902	1.75801	1.7493	1.93203	2.59951	2.58182	1.65031	1.48442	1.99428	2.28026	2.12779	1.884	1.74935	2.21234	2.59959	2.66916	2.73692	2.37872	2.12782	2.21234	2.47319	2.59962	4.22096	5.79675	3.68613	2.71443	4.89067	6.42588	4.09294	1.89202	1.49471	1.04979	3.92621	6.31507	8.14676	7.25406	5.88217	3.60258	2.86764	4.69792	5.75507	1.41048	6.47492	5.50811	4.61295	2.84618	3.49544	4.20673	3.96096	3.84389	3.7719	2.37874	2.66916	3.15141	2.64614	1.884	1.65039	1.85951	2.47314	3.7719	4.47601	4.47601	4.36964	6.1629	7.85593	6.48217	4.15211	4.9185	4.61295	2.27361	2.21234	2.42956	3.32099	4.19932	2.84618	4.19932	2.81925	1.95561	6.12353	8.62217	10.7439	10.7887	11.0596	12.3793	6.52351	2.16344	3.92623	4.64921	5.37487	9.12817	5.4112	4.99799	5.18831	4.08926	3.98756	5.43338	5.15319	4.19932	5.13256	6.20649	3.43375	1.22471	1.85951	4.02193	5.64912	6.34358	5.61702	17.9902	19.368	5.22925	5.18836	2.48538	0.721434	4.36964	9.10863	1.93203	7.06949	5.18831	2.11335	1.78394	1.97899	1.78394	1.10658	1.33243	1.8263	1.72291	1.49476	1.95565	2.33332	2.04731	1.89211	2.27361	1.33243	1.65961	1.884	2.12782	1.95565	1.93205	2.50378	1.61287	1.78394	1.36645	1.26166	1.23717	1.41052	1.78394	1.56476	1.8263	1.74935	1.73178	1.6129	1.58416	1.95561	1.50497	1.6129	1.58414	1.61284	1.80103	2.47314	1.44267	1.23713	1.58416	1.93203	2.04724	4.76517	6.93255	7.30543	6.79463	5.06435	3.31645	2.59951	2.8192	2.12779	1.44267	4.22455	3.98374	1.41046	2.73121	3.12705	3.18985	2.13503
5.35154	4.2494	4.99768	4.543	3.68584	3.36175	2.84603	2.97691	3.92568	1.9555	2.19134	2.28017	5.33743	7.04129	6.12296	9.58971	11.4156	11.6421	12.8394	13.2885	11.0008	4.02147	9.66768	10.2521	8.05183	7.6291	5.65906	3.22274	2.48512	1.88374	2.30009	2.13484	3.16556	2.82434	1.36633	2.52188	2.97702	2.81908	5.16741	7.23866	6.12296	4.19538	3.60225	4.65837	5.06388	5.07286	5.79631	9.71777	11.4356	4.56949	5.13521	8.21324	8.7648	9.37034	7.49884	5.35177	6.46742	5.84815	3.8593	3.76342	2.21205	2.19121	2.1347	1.74914	2.44806	3.15112	3.26519	3.1512	3.22296	3.11226	3.44685	4.03286	2.66318	0.391245	3.05769	3.71453	1.61265	1.23698	1.36624	2.1347	2.19121	1.61268	1.57432	2.30009	2.44806	2.5817	3.25121	3.46889	3.73929	4.07417	3.77977	3.59818	3.70243	3.44241	2.9305	1.61265	2.73668	5.67782	6.72715	3.60225	2.03954	4.19884	6.4486	4.55286	1.80076	0.892082	3.56401	3.67344	2.52188	2.54594	4.96093	5.80657	3.43352	5.41082	5.82773	3.46889	4.19891	8.18036	4.19174	1.02015	5.20561	6.18193	4.70073	2.97179	3.36162	3.15109	2.96676	3.1512	3.87902	3.39334	2.97188	2.97702	2.84603	2.9305	3.87895	4.0327	4.14055	6.66657	7.72281	6.10093	3.39334	4.16615	4.89017	3.98339	3.44685	4.12241	4.12241	3.70243	3.36168	2.54585	4.07392	0.874802	7.01783	9.37823	10.3051	11.2594	10.9554	9.08195	5.38812	6.01126	8.24062	6.23529	3.70243	1.72276	4.53288	7.62955	10.7186	9.71964	7.64705	5.30638	3.26508	3.48185	4.71668	7.78607	7.14261	4.16641	10.9968	12.2067	9.46001	8.67813	9.97077	9.52062	14.3329	16.8531	3.0076	4.52948	4.3692	4.2957	8.16956	6.80059	2.42921	6.55733	3.68575	2.5036	2.62278	2.84603	2.86739	2.76443	2.73111	3.11226	3.63608	3.33909	3.48199	3.44241	2.47297	1.49462	2.10594	1.99421	2.43561	2.27345	2.30013	2.12763	2.21214	3.15109	2.04712	2.16324	1.97882	2.28017	2.59939	2.62278	2.50363	2.28017	2.27345	1.85935	1.85935	1.85935	2.16324	2.5036	1.99421	1.50484	2.12758	1.89194	3.1512	3.29775	1.88383	1.73151	2.62852	5.30629	6.76304	6.72962	5.60561	4.02144	2.8937	2.5035	1.95547	1.78378	2.64584	2.45431	2.28017	3.48185	3.11205	1.23703	3.01766	3.67347	3.49939	2.90964
6.4482	4.47531	4.79284	5.60502	4.36881	3.67318	3.36147	3.94082	3.76308	1.74902	2.11303	2.03945	7.15466	9.27112	7.26708	10.0853	14.4422	18.0609	16.8848	14.4222	9.55812	12.8408	11.6829	7.91667	6.11979	5.80348	4.58236	2.62238	2.21185	1.92374	2.12742	2.52162	4.07742	4.48884	3.60206	2.76415	2.23939	2.4291	4.8022	6.66593	3.29726	1.8006	3.15073	5.77481	5.84761	5.13471	6.28265	8.39503	8.96431	2.33288	6.59346	6.33275	6.29695	6.60937	5.13462	3.53372	4.70008	4.37913	2.59902	2.66853	1.61251	1.65925	1.7577	2.19112	3.05256	3.64821	3.53805	3.25087	3.22263	3.35695	3.51648	2.98692	1.6593	1.61251	2.59899	2.73629	2.29987	1.75768	1.58386	2.47263	2.5033	1.7577	1.7836	2.27989	2.5991	2.84574	3.09228	3.45974	4.20593	4.88998	4.60898	3.67318	3.70206	3.39301	3.28338	5.61571	5.91955	5.91955	5.62918	4.22382	3.51648	5.30568	7.33453	3.15075	1.10637	2.52162	4.91457	3.1893	2.76401	5.64806	5.58073	2.16298	4.32348	3.60203	0.989603	4.22016	7.21098	5.00006	1.6593	4.88676	5.18755	4.31991	3.6019	3.46836	2.33283	2.89356	3.09228	3.45974	4.62208	4.05123	2.90934	2.8671	2.62251	2.93021	4.19496	4.19496	4.42059	8.84958	6.39186	2.43528	3.7792	3.71421	3.76308	3.70613	3.83137	4.45154	4.29526	2.8671	2.62826	2.12738	2.27314	4.91462	8.48144	8.21776	8.01214	8.59105	7.6773	2.6456	3.15086	5.84779	4.99719	5.08714	3.00714	2.50336	4.9912	7.78572	8.18893	7.13597	6.12981	4.81501	2.76412	1.06406	3.36137	9.51922	7.31816	9.68664	13.2483	11.6337	9.27612	8.30445	10.3041	10.6562	8.71817	11.1163	5.31698	4.6385	6.06306	6.72679	7.30807	1.88364	4.79268	4.82734	2.45405	2.66291	2.27994	1.994	2.4291	3.2084	3.46854	3.33875	3.25087	3.45974	3.92546	3.05757	2.29991	1.61253	1.23691	1.89175	1.9553	1.7577	1.95528	2.33288	2.04692	2.99195	2.12742	1.93168	1.89175	2.34596	2.23939	2.37829	2.58144	2.52162	2.27994	1.85916	1.61259	1.41025	1.61257	1.95528	1.72259	1.56446	2.33288	2.76415	2.89356	1.58386	3.21301	4.53922	6.13959	6.87032	4.99719	2.81872	1.9939	2.29987	2.47267	2.71398	2.64563	1.93166	1.95524	2.27322	2.84574	3.1893	3.6855	3.05757	3.53805	4.03238	3.1893	3.2084
6.35823	3.90565	4.01691	5.46241	4.0321	5.20463	5.20453	5.24779	3.98263	1.74886	1.49434	1.33206	8.57625	11.0048	6.4454	6.34159	16.0927	17.0163	6.81057	9.8423	12.8785	15.4778	10.6175	4.2269	4.50509	5.80547	3.95191	1.95502	1.92356	2.21172	2.37805	1.72243	3.48119	4.55212	3.83104	3.43287	1.859	1.33206	3.35643	5.32498	3.77081	2.81838	3.77881	7.10342	6.56533	4.53879	5.64742	7.86099	6.63139	1.49427	5.92639	4.99955	5.38711	5.80289	4.02056	2.34562	3.83476	3.53755	2.1343	1.85887	1.23677	1.58371	1.80053	2.22552	2.76391	3.43287	3.26458	2.66842	2.37808	2.2392	1.64993	0.247402	1.26123	1.89146	2.34562	2.11273	1.99373	1.93148	1.44227	2.29965	2.64534	1.9938	1.9938	2.16283	2.04674	1.7313	1.859	2.27974	3.05229	3.29712	3.85862	3.05226	2.81844	3.45921	4.16536	6.40524	5.05974	1.80042	3.45921	6.04228	5.08091	5.71138	5.15464	1.26131	2.81855	2.37808	3.36098	0.874636	5.38432	3.468	2.84549	4.99985	4.94197	4.22718	3.32464	5.65799	6.42637	3.43275	1.89158	5.02376	3.15049	4.21974	4.64763	3.21269	2.11284	2.37808	2.84549	3.25059	4.19456	3.94043	1.72243	1.64993	1.99383	3.01709	4.2054	3.84674	4.59192	8.69997	4.46109	3.6015	3.68505	3.15044	2.80217	2.88271	2.76391	2.7194	3.33837	2.5989	2.59887	0.630691	4.31251	8.59389	9.21761	8.17346	7.47132	7.17483	4.58189	4.28066	5.46262	1.06395	5.24779	5.45959	2.97625	2.1908	2.45384	4.37878	4.45095	3.81492	3.53758	1.49427	4.19827	5.43217	6.7262	8.30341	4.16536	10.7637	9.02266	3.05711	4.86757	6.12174	10.55	8.10053	8.35563	12.0651	7.82501	2.84536	2.48482	5.16658	1.75754	3.14566	4.15078	2.73601	2.34575	2.73616	2.59887	1.61245	2.10556	2.67408	2.37808	1.88347	1.50455	2.19092	2.54546	1.7313	2.50306	2.16276	0.891937	1.06395	0.941991	1.57402	1.56432	2.16283	2.10556	2.50306	2.12722	2.16283	2.04674	1.80053	1.36607	1.65915	1.88347	1.80053	1.74886	1.56432	1.23683	1.41013	1.57402	1.23677	1.17337	1.64993	2.03928	1.61245	0.721225	3.85857	5.45138	4.89866	4.36483	2.8453	1.74881	1.74881	1.80053	3.39276	3.94055	2.67401	1.88338	2.16276	1.82579	2.22552	2.13443	2.45384	4.42016	2.97131	2.97123	3.73434	2.88271	2.82394
5.41468	4.47447	5.50614	6.61958	5.30486	5.44828	6.28146	6.44456	4.15043	1.88328	1.40998	1.49419	9.33116	13.4848	7.26774	5.949	16.6854	18.6885	1.64976	12.0924	13.7985	15.3324	11.3573	3.28275	4.4607	5.96137	3.22185	1.58354	2.62201	4.94146	5.35023	2.81826	3.37427	4.84837	1.99362	3.49837	2.1907	1.73112	2.92957	4.839	3.98227	4.53161	5.2039	8.41646	7.7166	5.08633	6.80969	8.64802	3.31973	4.839	5.7502	4.80129	5.23572	5.56328	3.75021	2.66231	3.53724	2.84505	1.65893	1.93131	1.88328	1.95493	2.1054	2.37784	2.8452	3.70136	3.73407	2.73588	2.52114	2.37784	1.78327	1.26112	0.874502	1.26112	2.11255	2.16257	1.93131	2.29947	2.04653	2.4536	2.81822	2.66241	2.59861	2.37782	2.16262	1.73112	2.03907	2.50291	2.71347	2.27279	3.3243	3.01679	4.29427	5.33869	4.3783	4.74728	5.03232	3.45891	4.62112	7.08593	4.0616	1.82556	1.75735	3.70136	3.0917	3.00672	3.60133	2.73577	3.63484	3.49412	6.24554	6.57189	5.69237	5.47595	6.67393	8.23074	7.59167	3.77047	2.59861	5.37264	2.12701	4.6079	4.5047	2.47217	2.03907	2.1054	2.89301	2.59863	4.21937	3.60122	1.95493	1.99362	2.1054	3.15022	4.05041	3.6724	4.8265	8.31156	4.22302	4.22302	4.20501	3.84638	3.01679	2.97101	3.39241	3.22202	3.68484	2.71912	1.97824	4.22653	6.38833	8.53576	8.69432	7.5761	6.27428	3.53724	4.56846	7.71679	3.87798	4.52823	4.4505	4.58154	3.33805	3.67248	4.02041	5.07141	5.59048	5.05944	4.88894	5.38384	3.01679	5.41767	6.5558	5.27904	1.40992	10.7465	7.01577	2.4536	4.25179	10.0412	13.4206	6.55587	5.37283	9.01547	1.5044	2.71898	3.9052	4.07665	3.60122	2.5985	2.12698	2.73588	3.35631	3.44585	3.36079	1.9936	2.29944	2.62775	2.03907	2.27275	1.5044	2.67382	2.42864	1.65898	2.33239	2.45359	1.88328	1.65898	1.33192	1.72226	1.65898	1.5641	1.6122	1.65893	1.89139	2.82365	2.58095	2.1054	1.8588	1.82561	1.82561	1.80034	1.48394	1.44213	1.5044	1.56416	2.04646	1.06387	1.5044	1.56416	1.36593	1.49414	3.53727	4.07658	4.0616	3.11119	2.21143	2.71347	2.62776	2.04646	1.75737	2.97101	4.62112	3.90515	1.61222	1.9313	2.1054	2.59863	2.37782	2.44737	5.02332	2.81826	3.8464	3.84638	2.84515	3.05196
4.27985	5.93581	7.8523	9.64308	7.24039	4.55131	5.45856	6.54344	4.53116	2.27259	2.10522	2.11244	7.75238	12.7792	7.99322	3.68449	15.789	15.2099	11.4269	13.7607	12.1626	16.8665	12.2614	4.36408	4.96221	4.37438	2.19038	2.10522	8.21017	15.3751	17.3615	11.6378	4.69892	4.82603	2.04635	3.32401	3.15001	3.33783	3.90491	5.74963	5.417	6.96161	7.33876	10.0182	9.72493	6.70034	7.82352	5.54104	2.33216	6.28076	5.02281	3.37393	4.71475	5.55998	3.3558	2.10508	3.05653	2.50258	2.27931	3.05672	3.49381	3.84615	3.83031	3.46758	3.98588	4.84817	5.41433	4.46052	3.83426	2.97075	2.97066	2.47193	1.442	1.61211	2.29926	2.92939	3.12572	3.36054	3.59682	3.76217	3.83028	3.83426	3.83028	3.53707	3.14998	2.71888	3.12572	3.67216	3.90497	3.60103	3.73363	2.96543	6.2326	7.04707	5.62225	4.7117	3.7701	6.31179	6.42292	4.65661	2.96543	1.56402	3.44111	4.25141	4.19754	7.26921	8.03253	8.39998	6.48148	7.24039	6.16004	2.76338	2.23862	2.3776	3.16436	6.03863	7.46781	4.56788	3.73372	4.76284	1.442	4.16458	4.15002	3.2826	3.49381	3.33783	3.37409	2.67358	4.68252	3.1499	2.97589	3.22174	3.35602	4.27985	4.89778	4.93478	6.09843	9.33509	6.21834	6.21834	5.77595	4.88849	3.76217	4.19754	4.88863	4.74711	4.89774	1.44195	1.40981	6.33319	7.31604	8.32326	7.00658	3.32399	1.78306	5.4727	8.86255	7.00049	5.41705	5.57915	5.93559	5.29556	2.44713	1.7572	1.73085	3.74983	3.7781	3.84589	3.53688	4.93765	5.57115	7.04745	7.18624	4.22261	5.45856	11.4314	6.35703	5.61442	7.98789	13.0658	12.5671	8.46533	8.04919	6.35717	3.36048	3.60103	6.12058	3.12572	5.45856	2.64489	3.15001	3.35602	2.73564	2.10516	2.62752	3.2826	3.31489	3.14992	2.59841	3.64719	3.22174	3.05169	2.23877	2.59838	3.01652	3.05169	2.90854	2.59841	2.13403	2.10522	2.45335	2.42828	1.33174	1.27312	2.27259	3.31489	2.97589	2.71888	2.62178	2.27931	2.3776	2.13403	1.80018	1.72211	1.80018	1.88312	2.80166	2.37763	1.99345	1.95476	1.64961	3.58388	5.4724	2.97578	2.81785	2.35166	1.17314	1.99342	2.99109	3.01652	2.2113	0.391075	3.98182	3.68436	1.93113	2.19051	3.2826	3.45879	3.70102	3.14998	5.34952	2.59838	3.68449	4.39531	4.15019	4.08749
3.67179	5.43059	6.77104	8.84654	6.9285	5.79347	4.85057	5.07031	4.21857	1.95456	1.97786	1.95456	4.32163	8.6464	9.99254	10.1107	16.5594	13.7728	11.5331	9.34869	9.65412	15.205	10.7972	3.22124	3.22124	2.82302	2.10496	2.88188	10.7214	13.8084	11.7565	14.5328	5.67004	4.31828	2.42818	2.71295	2.7631	2.7186	3.53238	5.58126	6.25381	7.9137	8.00925	10.9502	11.0653	7.62002	5.37175	0.349766	5.505	5.33493	4.14963	2.6618	4.12022	5.30359	3.24948	1.72187	2.54466	2.50241	2.72979	3.22141	3.58375	3.95103	4.20434	3.95871	4.41559	4.82576	6.2804	5.61382	4.44979	2.81768	3.05131	2.67326	1.65867	1.65867	2.03868	3.11076	3.83387	3.59645	3.44519	3.90458	4.06099	3.67179	3.53671	3.64683	3.48033	2.84466	3.14966	3.81396	3.00615	2.92901	4.44281	5.23474	7.46917	6.78845	3.90441	3.9853	4.19337	6.66347	5.85821	1.79992	1.89094	3.1641	5.74925	4.85081	5.22628	7.86846	6.03842	8.34233	6.07818	3.22141	1.64937	4.71125	6.13728	5.92754	5.70981	4.89732	4.71435	3.60056	3.66757	3.6841	2.62725	3.56234	3.84565	2.90824	3.45843	4.07595	3.63433	3.70468	4.47347	2.98578	3.09111	3.33748	4.01965	4.86634	5.44992	5.64593	6.79079	9.29148	5.08536	5.10609	5.03443	4.41892	3.39177	4.69847	4.98931	4.14975	6.47819	3.44063	3.68414	8.04809	8.38132	8.35286	4.45986	1.61198	4.14978	6.84366	6.25395	4.55096	6.29458	4.374	5.67507	6.04062	2.79594	3.36015	5.24353	5.96549	5.1651	5.05848	3.85748	2.04614	8.54829	10.5972	11.0759	9.75422	4.37748	11.9426	6.77958	6.62516	7.52333	11.6377	10.3002	7.08277	6.03842	3.713	3.36015	3.22141	5.27797	1.99322	5.08522	2.27907	3.35568	3.31456	2.54466	1.65862	1.85845	3.33748	3.22141	2.81768	2.58046	3.51515	3.35568	2.58046	1.99324	2.21108	2.64459	1.92301	1.74835	2.105	2.23854	1.89103	2.98568	2.67326	2.16221	1.49391	2.12657	2.80138	2.48409	2.37739	2.03868	2.13381	2.37736	1.85845	1.95456	2.03868	1.61198	1.64945	2.54473	2.27236	1.40972	1.04919	1.3656	5.56223	5.62164	1.58324	1.74826	1.61192	1.23646	1.40969	2.6619	4.07221	3.01622	1.74826	2.10489	2.80138	3.1254	3.46722	3.67179	2.86601	3.05138	2.73536	4.31111	1.58324	2.21108	4.08708	4.68231	3.49345
4.52691	1.44167	3.68379	7.00526	10.9049	7.39801	4.7999	3.44469	3.05596	1.56373	1.48353	1.56373	2.5444	3.87666	4.19646	6.39346	13.5178	10.3768	3.31426	6.04759	7.81038	13.6211	10.2861	3.11028	2.58008	2.37706	1.75687	2.33171	8.71372	12.284	10.3392	9.42287	3.00589	3.3599	2.48388	2.16201	1.72178	1.61184	3.68375	6.55606	6.35583	6.15853	6.6175	9.56721	8.998	3.05114	1.93077	3.2818	5.1527	3.20671	2.84422	2.72937	3.70422	4.69453	3.24915	1.4937	1.74814	2.11204	2.27888	2.35137	2.59791	2.86576	3.33719	3.84543	3.86509	2.84441	3.67135	3.39132	3.82935	2.59777	2.89205	2.43411	1.23633	1.33155	1.7482	2.27888	2.73512	2.92883	2.66741	2.89221	3.01595	2.6212	2.10474	2.09748	2.50218	2.48388	2.71271	2.6212	1.73052	4.58022	3.98872	4.88739	7.10713	6.80776	5.79318	7.05003	5.91394	5.22554	4.36311	1.36546	1.10581	6.05999	7.49462	6.55407	5.92702	5.23435	1.88267	5.2313	3.2818	3.51039	4.20381	4.08653	3.09063	2.627	2.29883	2.66724	2.37703	2.4715	3.84531	2.97524	2.98538	2.43411	2.84428	2.13362	2.42797	2.72956	2.62128	4.47302	3.86493	2.19009	2.23835	2.58023	3.05114	4.20386	5.23147	5.24304	5.96484	6.46363	1.79974	4.22172	4.0902	3.11028	1.49377	3.4974	2.37718	5.20231	8.84539	4.72363	5.41598	8.75289	7.30044	5.53719	1.93077	3.60035	4.59027	6.13662	5.30328	4.36334	8.40514	7.24068	7.26553	7.1722	4.10892	3.56208	4.36318	4.25042	2.64434	1.56364	3.77762	7.32309	7.32309	5.62128	7.97101	10.6998	0.891574	12.3188	10.3231	7.44231	5.92433	9.65319	6.93427	2.11193	1.17286	0.941589	1.79974	2.12641	3.22097	2.48371	3.53621	2.13362	2.19009	3.21147	2.71261	2.50221	2.10482	1.56373	1.6493	2.10476	2.27882	2.48388	2.97019	2.59791	2.22467	2.10474	2.50208	1.58311	1.48353	1.48353	1.23636	1.33149	2.72937	1.61176	1.74814	1.61181	2.12637	2.34473	1.04909	1.23633	1.04909	0.874275	1.58309	1.23636	1.33155	1.40959	1.33155	0.720975	1.11952	0.941589	1.06357	1.6492	2.73497	5.51258	4.44917	1.40954	1.39867	2.23835	3.45813	3.51484	2.48388	1.93074	3.60014	2.52028	1.33155	2.34486	2.73512	2.37718	1.95438	1.57342	1.58309	1.44172	2.97002	1.65845	1.72178	2.76286	3.43157	2.37715
6.56228	3.63346	2.84397	6.68689	12.7802	7.49967	3.7121	2.27184	2.44644	2.27864	2.48362	3.05583	3.09541	2.92846	3.58289	4.36274	13.4703	15.5637	5.31424	8.69087	8.95268	13.3613	9.93284	3.21119	2.59754	2.16175	1.61165	1.40941	4.53656	6.69609	5.58042	2.3315	3.14906	4.69759	4.44899	3.43123	2.50196	2.23811	3.93858	6.31005	4.13784	3.7121	6.7783	9.75829	9.11154	3.68344	1.72154	4.01869	4.29265	3.0156	3.14896	3.29538	3.73659	4.36274	3.20643	1.58296	1.79966	2.1334	2.57997	2.86546	2.97502	2.86546	3.05583	3.71229	3.35504	1.75668	3.5359	2.96976	3.09037	2.57986	2.73473	2.37684	1.44158	1.36541	1.56357	1.99284	2.27864	2.92854	2.66713	2.54424	2.80085	2.81711	2.44644	2.12621	2.18987	2.71809	2.57997	1.27275	4.40426	5.89562	2.1618	2.50186	5.89562	5.23097	5.37074	9.15523	9.16001	5.37054	3.35487	1.49357	1.36541	8.77233	8.95284	6.7963	6.1778	2.71809	4.54988	5.15224	2.66701	2.82248	3.49707	4.41815	4.47277	4.44899	4.27862	4.65531	2.67281	3.2208	4.65541	3.00558	4.06006	1.93056	2.64413	2.18987	1.72161	1.56357	1.58294	4.2607	3.14896	1.89067	2.22444	2.6614	3.09541	4.71036	6.09916	6.67137	7.03678	4.22147	0.941505	3.69983	3.14894	2.27853	1.40941	2.22433	3.6834	9.28974	9.62021	5.64486	6.44456	7.53154	5.15224	2.238	2.50196	4.10851	6.32926	9.05805	8.41361	7.50786	11.9477	9.68107	6.61696	5.76894	2.67275	1.92265	3.20643	3.33668	2.47131	6.23114	6.89055	6.47949	5.41548	5.63133	7.92338	10.139	4.98812	8.89139	13.8773	11.0945	9.56637	9.00386	2.33155	1.89058	0.89151	1.57327	1.88257	4.53999	3.29554	4.06006	2.09729	2.73484	1.82492	3.39096	1.88257	2.86546	2.50193	0.741812	0.630427	1.93056	2.80085	2.96988	3.51449	2.66713	1.65835	2.37684	2.44644	2.34462	2.22444	1.89067	1.33142	1.99279	2.59754	1.58296	1.74798	1.64913	2.12621	1.44154	1.11943	0.874213	1.7567	0.781929	1.64906	0.630427	0.89151	0.989039	1.40943	1.27271	1.17275	0.874213	1.50382	2.92846	3.63346	4.71346	3.51434	1.99284	2.48362	4.03017	3.60001	3.18743	1.36534	2.27853	3.21116	2.11175	1.56357	2.22444	2.6614	2.35113	1.64913	1.78255	1.39854	1.06347	2.8918	2.64409	2.84407	2.97502	3.67103	2.81711
6.00637	4.44833	1.82475	8.45299	11.3635	6.29028	3.28118	2.43377	3.53576	4.0897	5.38437	6.09633	4.26054	1.82475	3.44403	4.22092	15.197	15.8043	3.66653	10.5315	9.90822	12.3258	8.73076	2.5198	2.47099	2.96962	4.69397	5.55826	4.3101	2.5017	2.62652	4.91143	6.17721	4.33468	3.90343	3.93831	3.68319	3.58277	3.67068	4.60568	3.28118	3.21086	5.24479	8.88721	9.48366	6.61648	2.27167	3.09502	4.44842	3.53131	3.69946	3.82863	4.07084	4.26027	2.76219	2.13322	2.84387	4.11929	5.47064	5.55826	5.55826	5.42353	4.5796	3.5997	2.67256	3.49226	3.8286	2.23777	2.27161	2.76219	2.7121	2.45244	2.42751	2.23792	2.34442	3.59964	3.94994	4.37298	4.16326	4.02981	3.84458	3.35921	3.47935	3.18719	1.72145	0.720838	2.45244	4.84633	6.78888	7.23322	4.32066	4.26054	7.67813	7.09766	6.07651	8.93866	9.09759	5.06883	2.64384	4.74531	7.80939	11.0622	8.27728	2.59739	1.56334	2.96945	3.98031	4.72278	5.65514	6.75808	7.81895	8.80733	8.09591	5.53911	4.52945	4.37621	2.50174	4.36251	6.00666	4.91456	5.7737	3.67077	3.43981	3.28135	2.59742	1.73031	2.27161	3.51398	2.99001	3.09026	3.35475	3.74862	4.2498	5.75282	7.48318	8.19076	7.92297	4.99397	4.46873	2.66103	1.64889	2.1616	1.06335	4.60596	9.24932	10.0423	7.6352	5.58784	5.92321	4.91125	3.2203	2.10442	4.31707	7.57256	11.8986	13.5285	9.19989	10.2871	13.96	10.848	5.93317	4.13742	3.14388	2.44621	2.81684	4.16326	8.1909	9.46378	7.46542	5.73192	6.30725	8.10848	8.812	10.8482	9.70453	2.23777	11.6753	14.4552	16.5868	9.09759	3.1487	2.27844	3.22052	4.22478	5.57994	6.7956	4.4486	5.85654	1.64899	1.6582	2.5016	2.8222	2.34442	2.51996	3.16316	1.72145	2.04557	3.16321	3.14873	2.81689	2.96962	3.14873	2.04548	1.58279	2.51996	3.39083	3.22052	2.96962	2.7346	2.99001	3.14388	2.3767	2.57974	2.96451	2.37673	1.64899	1.75653	1.6582	2.27172	2.37673	2.29839	1.50369	1.74787	1.99269	2.21046	2.54401	3.00532	3.09026	1.93038	3.83258	3.82863	3.2203	3.16321	3.8447	4.60599	4.05987	2.7121	3.95735	1.74775	1.89039	2.59728	2.33134	3.47935	4.40409	5.44576	5.03022	3.53138	2.29839	2.42751	2.90743	3.31816	3.53131	4.72278	4.32066	4.89589	3.66653
5.57924	1.72121	3.59928	8.93787	8.3958	4.20253	2.88072	2.37649	4.30966	5.79159	6.3115	4.69348	4.39317	1.61137	3.92236	6.17152	14.1155	10.5597	11.6746	12.4836	10.0487	10.5154	7.19927	1.56321	1.78225	2.96932	6.1717	8.47362	9.32481	7.78759	5.32175	5.4033	4.31664	3.37247	3.32243	3.68281	5.06865	4.84897	3.59509	3.33611	2.9279	3.12409	2.84343	6.75706	7.42622	5.63027	4.79857	1.40914	3.97997	3.29476	2.9743	3.39032	4.30946	4.13705	2.45221	2.48315	3.51382	5.02064	5.76808	5.93297	6.17664	5.82273	4.6967	3.05525	3.39037	4.52566	3.82829	2.45219	2.44597	3.05016	2.64359	2.21024	2.27821	2.27821	2.76203	4.01804	3.92251	4.88628	4.9965	4.73835	4.22062	2.88079	3.2107	4.69648	2.62045	1.85774	5.34703	6.52449	7.26162	6.95834	5.17491	6.85653	10.2108	9.42535	9.39098	9.3452	6.92589	3.44373	0.874047	4.41725	4.9109	6.27783	3.59915	3.31784	3.32243	2.0453	2.27821	4.78929	5.55769	6.28049	6.27808	5.13083	5.63027	5.44492	4.95675	2.6665	2.35069	4.88616	4.89547	4.37592	5.27598	3.64545	3.35892	3.92251	3.68281	2.50146	2.76194	2.79488	3.29491	3.5824	3.49213	3.98776	4.57908	6.61358	8.3605	7.64825	5.27605	5.63027	6.79468	1.57297	2.48315	2.81666	5.05644	8.34088	7.88633	6.44334	5.24434	5.46986	4.02929	1.36508	2.54376	3.82844	5.61968	8.71661	11.3729	6.61586	5.99329	14.1722	14.6081	9.47645	3.63278	3.70333	4.20266	3.53104	3.92251	5.38382	7.83512	6.76842	6.89349	4.6967	3.5094	6.95816	5.73116	8.51009	13.1694	5.27598	6.0583	15.4448	21.559	8.97081	2.37639	2.73432	3.83242	4.88628	6.1571	5.53862	4.82376	6.27778	1.36515	1.56327	3.14837	2.29813	1.58266	1.27251	2.84348	2.37649	3.47901	4.10774	3.53537	3.39044	2.66663	4.0854	2.59704	1.73014	2.81666	3.3544	3.05025	2.50148	2.66089	3.14358	2.97437	2.29817	2.51971	3.33622	2.82205	1.89031	2.54376	2.66089	2.62052	2.97446	2.76205	1.85774	1.89031	2.23769	2.43352	2.50148	2.23769	1.88214	4.5357	4.82376	2.54369	1.23597	2.86492	3.5824	3.83242	2.81666	4.45817	4.11866	1.58264	1.92228	2.44597	2.27821	3.84421	4.52916	4.56587	4.54915	4.10765	2.43352	2.71757	3.05525	2.76203	3.93783	5.74695	3.39048	5.41161	3.76037
4.99296	3.75986	6.08253	7.83805	5.30107	2.5791	2.626	2.88053	6.46141	7.99643	6.20042	3.43015	3.77595	1.99231	4.2773	7.30989	10.8164	3.66583	8.44446	6.84034	5.67508	7.68037	5.44436	1.61119	1.56313	2.80005	5.67508	6.95985	8.48866	8.93735	4.76349	3.21975	2.82166	2.50123	3.49171	3.12394	4.08893	4.44776	3.35412	2.84327	3.33579	3.50906	3.32212	6.6264	7.31192	5.2438	4.44752	1.50331	4.5252	3.21026	2.50113	2.76163	3.82787	3.35844	1.99228	2.34397	3.18659	3.49171	3.83989	4.3756	5.09202	4.91363	4.39281	2.98944	3.76796	4.99276	3.75986	2.27124	2.47052	2.98425	2.29791	1.65789	1.49321	1.33105	2.27793	3.59884	2.98944	3.08967	3.6824	4.60485	3.7477	1.74748	1.89003	9.22484	6.62667	5.08297	4.2237	6.66023	5.69627	6.44976	5.46957	4.91363	7.37914	6.29159	3.76004	3.49171	2.9067	2.11113	0.941276	2.98425	4.58854	6.09498	4.37551	1.75618	1.57282	2.35048	2.8218	2.84333	3.21991	3.10931	3.90254	6.46818	6.55359	5.85544	3.70282	2.04518	2.73408	3.93745	3.37201	3.18651	4.54868	4.21676	4.40326	3.83208	3.33584	3.04986	2.71159	2.04518	2.35048	2.59693	2.90688	3.2621	3.6824	6.79411	8.50746	6.26775	2.11124	6.89254	6.77631	0.891259	2.4333	2.92772	8.64215	10.2095	4.63437	3.64498	4.05888	4.7441	2.4269	2.03773	2.9742	5.0322	7.52365	8.17642	6.9961	5.7702	14.0455	13.5633	11.3614	6.77631	2.50123	2.97409	3.87519	1.64868	4.45799	5.76757	6.95768	3.4787	4.2773	2.71734	0.941276	5.55684	4.3719	3.76808	12.1133	12.6135	1.95364	15.4809	23.4853	9.6722	1.79916	3.56073	3.59899	3.21041	3.16261	1.36504	5.79069	5.44436	1.79916	2.13282	3.59884	2.47052	1.10543	1.01919	2.27124	2.37628	3.18659	2.80007	2.98944	3.59896	2.80007	4.84823	1.82434	2.04518	2.21004	1.40903	1.72104	1.10543	1.61119	2.8432	2.92761	1.75618	2.09669	1.36504	2.27118	1.06317	2.12556	1.95361	1.64868	1.61123	1.72999	1.65789	1.27239	1.01919	1.44113	1.2358	2.09669	4.89496	5.50238	2.34384	1.56313	2.42705	2.48293	2.48293	2.66066	2.97411	5.61895	4.07007	1.44117	1.99228	2.5969	2.42705	3.21975	3.14805	1.17241	3.71102	2.96889	1.95364	2.27801	2.27801	1.64868	3.35844	5.18288	0.552744	4.37538	2.34397
3.09424	7.03603	7.52071	5.1999	3.00429	1.92983	2.37601	4.90998	9.22419	6.69366	6.64851	5.68781	2.98398	1.99208	3.81169	6.61445	8.708	1.40891	7.46295	4.79766	3.9022	6.27898	4.30864	1.72095	1.88995	4.02857	6.62586	8.29645	4.85738	7.58993	4.69576	6.40015	4.93465	2.62577	2.62575	3.35824	3.20536	3.69855	3.37183	2.50101	3.18622	3.38973	4.02857	6.38584	7.23732	7.002	5.30076	4.58802	4.84471	2.96863	2.51911	2.59653	3.21941	2.50091	1.74736	2.7615	3.35824	4.0286	5.2319	5.87564	5.8526	5.83966	5.57547	4.0286	4.21982	5.56726	4.19456	2.27771	2.54321	2.88017	2.45174	1.99208	1.65772	1.85739	2.97383	3.21946	1.119	1.79898	3.85529	5.34602	2.59655	0.941147	3.97921	10.9797	6.71579	7.57041	4.93772	6.09425	8.58981	6.72023	4.79782	4.30884	5.36859	4.88512	1.17231	1.72089	2.03743	1.97674	3.33559	1.72095	1.441	4.47093	4.53485	1.2357	1.88995	2.62002	3.04967	3.00444	2.50101	1.10529	6.32907	7.86382	4.01717	3.66956	3.35824	3.00444	3.69855	4.95904	3.5986	2.88024	4.31583	4.64394	4.69581	4.277	3.90224	3.38973	2.97381	2.03752	2.1038	2.62002	3.20536	3.53471	4.39239	7.54458	8.88476	4.56492	2.61996	7.65248	7.52071	2.62002	3.81179	2.98409	9.46379	10.5342	4.07343	2.51911	3.92159	4.36109	1.56297	3.31268	4.13645	7.84696	11.4863	10.8402	5.30086	9.09511	12.249	8.50669	7.33372	4.44713	2.67179	4.0883	3.58153	3.14781	4.9315	5.89359	6.69357	4.44734	5.18265	5.31224	5.12986	5.67457	5.71423	2.33062	7.20438	16.5332	4.52818	12.9222	24.1269	13.2957	1.88185	3.84347	2.89082	2.34373	2.10376	1.88986	5.91629	3.92159	2.50098	2.2236	3.92161	2.50093	1.64851	1.40891	1.57267	1.95342	2.62577	1.78191	2.66029	2.54321	3.51301	5.02851	1.88995	3.26178	2.35024	2.34364	1.0486	1.85739	2.20982	2.88017	3.20997	1.88185	2.81608	1.99208	2.54321	1.44103	1.99203	1.27223	0.72063	0.941181	1.11906	1.61104	1.40891	0.988664	1.65767	2.03743	3.10883	4.4026	2.96349	1.3649	2.27778	2.4268	2.66612	3.2478	2.86438	3.37171	5.93155	3.59425	1.56297	1.79898	2.48268	3.12362	2.98915	1.88179	2.42669	2.59653	1.92985	2.37604	3.21009	3.46525	2.90658	3.18622	4.16185	0.72063	3.14777	2.37592
3.37153	7.99442	7.80598	4.86298	3.87462	3.87471	4.57787	7.13693	9.6478	3.94844	7.2366	6.71956	3.66514	3.09396	4.53783	8.20926	8.20926	3.09384	7.00973	3.9788	3.14742	5.31996	3.9367	2.72801	3.20984	6.09629	10.5624	10.9259	5.4437	7.58919	6.44175	8.92414	6.8217	4.72095	3.00418	4.14702	3.90202	4.84764	5.84176	4.81005	4.69534	5.1028	6.10372	8.33683	9.18489	7.83286	4.10658	5.6421	6.24967	4.3153	3.27994	2.81571	2.82113	2.50076	3.294	3.98666	4.69534	6.35238	7.59924	8.87586	8.67191	9.09789	8.47289	7.00154	6.27618	6.58661	5.16156	3.14751	2.81577	2.79952	2.4701	2.3758	2.51901	3.00418	2.59641	0.552662	3.5941	5.37952	7.71031	9.41177	7.50456	5.8004	6.7863	10.5124	8.69869	6.76664	11.2884	11.4451	10.2022	7.37776	3.49541	2.9685	3.33516	2.97343	1.0485	1.75587	4.88494	7.8994	6.11368	3.83916	1.99194	2.96833	4.44665	3.92119	3.59827	3.97907	4.60422	4.07329	3.64429	3.05422	5.8	6.80375	3.76725	2.97355	3.28011	3.44294	4.07319	5.24007	4.22319	4.16169	4.78797	5.02832	4.47069	4.73694	4.36425	4.48419	4.61729	3.294	3.10872	3.5941	4.13608	4.92191	6.41827	9.87658	10.5528	6.42072	6.69308	10.7714	11.105	3.16196	5.79	8.19335	9.86471	8.23087	3.45593	1.95317	3.74699	4.3153	4.05833	6.38546	9.64507	13.2393	10.7717	3.08909	6.69495	12.7609	10.8118	5.22259	3.66918	4.60422	5.41292	5.37924	4.01702	7.83681	9.86489	10.4348	8.80404	6.30739	4.85694	3.97907	5.6421	7.43812	7.47416	5.93094	4.57787	18.8446	8.38101	10.0295	24.4699	17.005	3.9214	3.01423	0.89109	1.57253	1.17225	3.08888	4.74321	3.35793	3.5983	2.43284	4.14685	2.71116	3.14762	3.12335	2.82126	2.3758	2.61971	2.82126	3.35793	1.92964	3.59809	3.92122	3.294	3.2098	2.27752	3.04928	1.85723	1.23565	1.49285	2.66572	2.67148	2.72801	3.14759	2.87998	3.38949	3.5941	3.35799	1.85723	1.36478	1.64836	1.11896	1.10522	0.873806	0.873748	2.16071	2.84266	3.27994	3.2473	2.64288	3.20508	3.68179	4.01702	3.87471	2.37583	1.36468	4.37107	4.69187	2.81577	2.51901	3.24751	4.22319	4.64354	3.84324	1.99194	2.61971	3.4385	3.84324	4.44695	4.75942	4.33304	4.88494	4.83511	3.6817	0.873806	4.21575	6.80392
4.10609	8.04197	7.75553	3.69773	2.96813	2.761	3.1084	6.1692	8.00307	3.01394	6.92322	6.84489	3.18562	3.14723	4.7365	10.1204	6.96431	6.53794	6.54937	4.22254	2.97318	4.36026	2.98342	1.74703	2.13219	6.11287	12.4004	8.84318	6.44094	6.55176	5.50095	4.69488	6.33503	4.85629	2.13219	2.62527	2.62527	3.59794	4.85646	4.05792	3.73053	4.5374	5.81258	8.78938	8.56245	4.90905	1.95305	3.92087	6.15208	5.14638	3.77491	2.66549	2.27055	1.40865	2.64263	2.8797	3.84274	5.53636	6.18141	7.73834	5.99632	7.83219	7.64538	6.4479	6.38464	6.45941	5.0665	3.14717	2.59606	2.20933	1.78154	1.44076	1.61075	1.72063	0.941002	3.27965	3.1617	3.14239	6.92974	8.01619	5.93073	5.76853	6.44793	9.90372	8.40859	5.23954	6.92349	8.80821	7.80563	4.88433	2.33018	0.890985	1.61067	1.97626	0.873672	0.891003	7.93594	6.57713	7.90771	3.26107	1.97636	2.09609	3.87412	5.85121	3.93634	2.761	3.70192	3.04909	6.27542	3.58086	3.82684	6.39871	4.53399	1.78154	1.40865	2.11063	2.62526	4.13549	2.04459	2.66562	2.97333	3.37119	3.9015	4.52395	2.79925	3.21892	4.20103	2.5428	2.03713	2.50051	3.01394	3.68135	5.27398	9.90372	9.00705	4.84714	5.33392	12.3343	14.436	5.18146	3.59783	4.82205	6.27555	4.74285	2.81547	1.95299	2.59604	2.46982	3.84276	6.1154	10.2527	10.3929	3.84285	6.87984	10.5102	11.403	8.7132	3.2188	1.74703	3.21897	7.30788	4.85629	3.93643	7.83213	10.2012	8.69825	6.68346	6.01118	3.29351	0.781484	5.14933	9.60248	8.19212	8.84799	4.01273	19.3056	11.1964	9.62541	25.4409	18.2956	3.8546	2.29729	0.174752	2.34967	0.873672	3.49064	2.86369	1.99173	2.27735	2.59606	3.44243	1.85704	2.73329	2.92688	2.7109	1.8896	2.46982	3.14721	2.76098	1.33066	3.46442	1.99165	2.29729	1.25998	2.03704	1.95302	1.40862	1.25992	1.44072	1.97626	1.39774	1.82388	1.65741	1.92946	1.99171	3.04907	2.4699	1.92156	1.2355	1.11885	1.0484	0.630068	1.01884	2.11054	3.38908	3.8388	2.46986	1.36457	1.33066	2.64263	2.65989	2.98352	2.37559	2.76087	3.20936	4.44629	2.48208	1.58206	1.79863	2.98858	3.20475	3.20475	2.65989	2.27059	1.99173	2.90603	2.86384	3.27978	3.00387	2.51875	2.96308	3.00387	1.64819	1.72939	6.92537	8.50681
3.58049	7.86152	7.40857	3.14686	2.45103	2.33002	2.84226	4.08344	5.62758	4.53375	6.33443	6.18069	1.85675	3.20904	6.45651	12.1372	5.36721	9.03712	6.47266	4.54684	3.20428	4.016	2.50018	1.27191	1.33054	5.46995	12.3015	6.56473	4.69099	4.24368	4.72011	1.72933	6.52115	3.97805	1.44063	2.27038	2.27706	2.5958	2.10314	2.67104	4.04626	4.88387	5.84043	7.8445	5.79891	1.57223	1.85688	3.01359	5.19838	5.19838	4.016	2.57813	2.04432	0.988391	2.37526	2.27706	3.42886	4.75825	5.22735	7.03399	3.53356	5.62226	6.87916	6.08018	6.94839	6.71377	4.98479	3.05364	2.66522	2.03683	1.44058	1.06277	0.741325	0.890921	1.72921	5.23025	2.44482	1.27186	6.61253	8.02448	1.99153	4.21878	6.47523	9.0454	7.52656	4.86206	3.68087	1.25979	1.49257	1.79837	1.6105	0.629973	1.50274	1.85675	0.988323	2.1883	8.9863	0.940874	8.85543	1.99143	0.87364	2.09589	4.65221	6.7183	3.97811	1.40852	2.5958	1.88124	6.85292	3.66858	4.07233	6.79143	4.68453	1.23537	1.50284	1.65726	1.92928	4.28978	2.27038	1.79848	1.33054	1.88931	3.94743	4.0871	1.65719	1.88931	3.21847	1.44058	1.27191	2.27706	2.625	2.67097	4.45603	9.96757	7.05947	0.174735	1.33054	12.2278	14.7394	5.95515	4.49998	3.73409	4.07224	2.84206	2.277	2.04432	2.20911	1.49264	4.27569	7.66792	10.5437	4.24721	5.53576	8.92199	8.29396	8.46391	7.14579	2.43227	1.23539	1.01874	7.27636	3.12259	4.41515	8.06892	9.8478	5.07516	4.24368	6.47499	4.36344	2.27038	7.04045	9.16851	6.27716	10.8165	5.7705	19.9435	13.6122	8.82867	25.1441	19.3227	3.70961	3.20428	0.873611	2.72731	1.17197	3.44208	2.12475	1.56254	1.17203	2.88986	3.14686	1.40852	1.9293	2.29708	2.45105	1.50284	2.1603	2.96777	1.06274	1.74676	3.10793	1.27191	1.57223	1.27186	1.95279	1.23537	1.65719	2.11033	1.22296	1.75551	1.33054	1.58191	1.0188	1.65719	0.940919	1.88124	0.698908	1.82364	1.23539	0.630013	1.06274	0.629973	2.54247	2.98826	2.88986	2.277	1.50284	1.65726	1.23542	2.1603	1.22296	1.49257	1.4823	4.11668	3.24669	3.46406	1.61054	1.06277	1.11875	2.87934	1.95287	2.27715	2.98831	2.81524	1.88133	2.13201	2.18843	2.29708	1.72933	1.50284	1.17203	0.698908	1.10497	2.98312	7.43672	6.75383
3.6641	6.81727	5.6083	4.44558	4.24696	4.96024	6.53928	4.54666	2.65938	6.41886	5.66992	3.92013	0.940824	4.35949	8.31475	11.7146	2.51827	10.0312	6.38809	4.99044	3.83007	3.7742	2.29682	2.37511	2.96763	4.52647	9.25089	7.36354	0.349434	5.29886	6.38837	4.73566	7.07582	3.9356	2.59565	3.70122	3.59726	3.72983	3.35702	3.68072	5.59768	6.38124	6.98879	5.8399	2.76035	2.86329	3.63089	4.24696	4.39067	4.01565	3.63071	2.59557	2.0957	1.72915	2.46935	2.67073	4.10532	4.82103	5.18053	7.39182	5.24138	5.4253	7.8039	6.55734	7.69237	7.33097	5.2298	3.27903	2.96751	2.04413	1.49249	1.88114	1.61045	1.40838	3.95476	7.48414	3.9817	3.2089	4.44545	9.18692	5.62175	6.06257	8.20718	8.66919	7.03139	3.4944	1.6478	1.23527	1.74665	2.37504	1.99128	1.23525	1.56232	1.61039	1.61042	4.10532	8.60903	3.0484	7.98664	1.58176	1.88924	3.83807	6.98872	7.47827	4.35961	2.84196	3.68065	3.64338	6.83714	5.12501	6.27429	8.02379	3.98153	2.48174	3.24657	3.04849	3.33425	5.9598	4.3735	3.77437	3.16111	2.96751	3.84192	3.14658	2.64212	3.14658	2.76037	2.11023	2.34285	3.66825	3.93569	3.47703	4.48279	9.65715	5.5434	3.68065	6.07987	11.3958	12.1502	6.04239	4.56305	3.82609	3.87339	2.76037	2.45081	2.92632	3.49442	2.59568	6.32441	11.2307	11.5672	4.76121	7.38775	7.74445	7.49404	7.86085	6.4721	2.54231	2.13179	3.08802	5.5434	2.57801	6.791	11.3156	11.7345	5.18074	6.07964	5.53527	3.14662	5.66972	8.84634	5.95463	3.66831	13.8377	6.15117	21.0786	15.0875	6.40215	22.7031	21.8873	6.18015	3.00316	1.17191	3.38844	2.51827	4.2753	2.54231	2.51827	2.43214	3.14179	3.6641	2.72721	3.59724	3.59726	3.49442	1.82353	1.95265	2.88961	1.06266	2.37502	2.04413	2.37513	2.10301	1.7812	1.75535	1.75537	1.9291	2.27685	1.82353	1.99133	2.13179	1.9527	1.17191	1.61039	1.23529	1.74665	1.06266	1.56238	2.13179	1.6571	1.22285	2.1029	3.59713	1.7812	1.22285	2.73277	3.08818	2.84192	1.50268	2.64209	2.43214	1.50268	3.00316	4.2894	2.42577	2.34275	1.95268	1.88114	2.03675	3.4944	3.42863	3.33432	3.87346	2.79874	3.53337	3.82629	4.33177	4.40114	3.38856	2.27691	1.36438	1.56232	1.48217	2.96236	5.79583	5.22992
3.33394	5.76942	8.15755	9.74158	10.7869	11.3341	7.98637	7.03913	5.54283	1.27162	1.2351	1.74648	2.18802	3.59677	6.47377	10.5681	5.9493	6.79016	7.30786	5.78748	4.69337	3.76582	2.76021	2.76021	2.87889	4.01536	5.8521	6.06165	3.77381	2.57764	4.0455	7.23425	10.8751	6.96239	3.44163	4.18903	3.7579	4.52619	5.05341	6.06205	7.93388	8.91078	7.39147	3.90054	1.11854	0.720268	1.74648	2.45056	2.67047	2.27657	2.73238	2.61871	2.59542	2.34915	2.46916	2.84158	4.69337	5.53477	5.94154	6.81885	4.30657	3.04809	6.9559	9.64441	11.4606	9.30082	5.26663	3.27869	3.14626	2.27666	2.10283	2.34264	1.7552	1.75518	6.87789	8.18439	4.24658	6.65689	7.33067	6.98153	7.13189	3.122	5.24086	5.01712	3.59673	1.78103	1.40826	1.44035	1.65688	2.10993	1.92891	1.99115	3.84179	7.40767	8.0954	7.83387	10.5709	7.81472	8.62881	3.10755	2.97251	6.11367	10.2341	8.74499	6.04218	5.17447	5.7276	5.46651	7.12792	5.10078	7.61173	7.89595	4.02676	6.2259	6.04218	5.27257	3.85351	5.83671	3.93533	3.98136	4.75744	4.14529	3.5968	3.51152	4.35922	4.89219	3.69682	3.63058	3.10755	4.3626	4.92919	5.14518	6.04206	6.61131	4.0568	9.07659	10.0191	10.9072	9.61211	5.78748	3.87299	2.98255	4.0455	4.69357	3.76594	2.59542	3.49407	3.59694	9.59535	11.2965	4.78586	7.08999	9.61211	8.20619	6.78139	6.4015	4.99	5.05341	5.02935	5.24086	4.75744	3.77405	6.92131	11.4137	8.02491	3.6678	5.22061	5.57553	5.05623	7.1342	11.0541	10.6042	8.98685	8.44666	6.7195	19.729	12.647	2.84152	18.1248	25.16	10.7266	2.59531	3.1464	5.78767	4.40076	5.40252	3.74579	3.08792	3.12217	3.81001	4.21789	3.35221	3.26025	2.64183	3.122	1.58161	2.44435	3.35659	1.61031	2.98255	1.88907	2.34264	2.10277	2.10277	2.34264	2.71014	2.64188	2.49981	2.43192	2.72697	3.33404	2.66488	1.78107	1.78107	1.74654	1.65695	1.74654	3.4372	3.70917	3.16076	1.50246	2.37477	3.32023	4.80823	5.54321	4.69363	3.04825	2.98769	1.79814	3.87308	3.69682	3.16081	4.40048	3.59253	2.26995	2.29665	2.34264	2.97251	3.6804	4.92919	4.24658	2.76021	3.97736	3.24629	4.57607	4.70973	5.2984	4.69042	3.91992	3.27887	2.65915	2.84166	3.53308	5.15975	6.38066	6.46485
7.07478	8.00043	8.8768	9.3557	10.7669	8.56642	5.67129	8.95077	5.08828	2.10982	2.3424	2.27648	2.18779	2.29636	3.00254	5.98127	7.6657	0.629789	7.99436	5.99372	4.58537	4.53567	3.14607	2.18779	2.09528	3.2081	4.91007	5.29753	3.35164	2.98225	5.66855	2.6646	9.70231	7.20837	3.21775	3.48937	3.14602	4.01497	5.28923	7.95008	10.0603	8.45665	4.80774	3.38792	3.6302	3.7005	2.45031	2.26971	2.79817	2.29641	2.84136	3.14607	3.04793	2.72669	3.14607	3.18445	4.53221	5.703	5.37665	4.2173	2.29641	3.27853	0.174684	5.40746	12.9149	10.9906	5.05254	2.66444	2.67019	2.32933	1.97561	2.10982	3.12167	4.83253	8.50352	7.76416	5.61541	6.24686	5.84929	3.53272	4.67673	6.33255	4.84189	3.98454	3.09235	1.78089	1.64757	1.755	1.78084	2.10255	2.29641	1.88078	6.96162	9.232	9.14041	7.85957	9.06733	9.36929	7.85927	2.84142	2.84142	7.47069	11.1272	6.88827	5.79761	6.0316	5.37975	3.84127	6.0337	5.3174	7.80226	7.15004	4.15968	7.49885	7.09379	7.47685	3.44128	5.06451	4.14489	3.09247	5.60715	4.08225	3.53269	4.31695	4.92868	5.25188	3.43685	3.20353	2.96196	4.37253	4.92858	4.8202	5.87229	1.61014	6.09091	8.20011	6.66506	6.64469	6.38215	3.20335	2.4441	4.11575	5.01683	4.58537	3.2081	1.61006	2.29636	3.49371	9.97798	5.57479	5.94869	11.9393	11.7729	8.13288	4.88242	3.21753	4.22115	5.66894	6.47326	5.94842	3.76543	2.20856	5.83864	10.5723	6.71182	4.02624	5.45484	6.76331	7.90497	8.91163	10.7667	10.5673	6.64496	3.98454	13.7082	12.5882	8.02216	1.58142	12.2467	26.7493	15.3227	0.873326	4.82006	4.87934	3.16049	4.18858	3.82553	3.05293	2.6646	3.31078	4.19945	2.9722	1.99097	3.12167	2.67019	2.61853	3.21768	2.97209	1.27154	2.49948	2.27648	1.97561	2.26971	2.18779	2.42542	2.61844	2.26971	2.26977	2.73225	3.00273	3.20829	3.38785	2.8199	2.81452	2.23599	1.79795	2.8199	4.44472	3.42797	4.69286	1.88876	1.71997	4.11575	5.50717	4.95326	4.65099	3.83731	3.14117	2.51779	3.93481	2.79817	3.80947	4.85439	3.70043	2.61844	2.04381	2.59519	3.38792	4.44478	5.83887	4.25688	4.01494	3.59654	4.60204	5.24053	5.37975	5.06482	4.08243	3.59654	3.51115	3.69644	3.77366	4.57566	5.57507	5.32897	4.95929
4.37223	4.46474	4.52196	3.5108	0.781074	5.83559	6.99514	8.09704	4.06698	1.17157	1.56192	1.88868	2.18757	2.87831	3.0476	3.16015	7.57104	3.80913	7.96395	8.17024	5.57444	4.31283	2.45008	1.6474	1.95211	3.31035	5.45135	5.78638	3.85274	2.87831	4.9525	4.01467	7.96203	4.68922	1.97541	2.44387	3.04753	3.93445	5.32834	4.89126	4.70543	3.1457	2.10235	2.46871	3.7084	5.2284	4.0259	2.87831	3.1457	2.3291	2.37442	2.54157	2.54157	2.34866	2.70959	2.4993	3.69595	5.50634	5.88942	2.03606	3.31499	5.68425	8.1304	9.92303	12.7192	10.0691	4.68276	2.03606	1.78068	1.75485	1.48181	1.65661	4.21335	6.15156	9.57185	7.47595	4.217	3.53222	2.44387	3.35603	2.51754	6.03067	4.93112	3.51065	3.27807	1.33002	1.74618	2.62401	2.37442	2.37442	2.44387	1.65661	9.82764	6.61019	8.66839	8.72796	3.528	9.42481	6.05312	3.2782	1.99077	6.47022	9.41701	5.07304	1.99067	3.66724	2.84108	5.70251	5.69196	4.22051	7.03135	5.83813	4.37216	6.47266	5.5066	8.83899	4.81973	4.21335	4.69245	2.20827	5.7472	3.14572	3.82517	3.62983	4.61453	4.6925	2.75965	2.59489	2.34866	3.52795	4.69248	4.31283	1.99069	4.75964	7.00583	3.89958	2.57715	4.85396	5.15861	4.13367	4.25644	3.57932	4.40999	5.54178	2.48088	1.74614	1.92063	2.42506	8.18279	4.90673	6.81542	8.08792	5.79414	1.99069	2.79792	2.90463	3.4365	2.2762	6.17104	5.81745	3.1214	1.58129	5.12331	9.42481	7.61225	2.59492	4.90985	5.46807	4.86032	4.86032	7.3614	7.18275	4.98898	11.555	8.27475	5.66827	9.4452	4.27405	11.1886	24.1743	15.5995	4.07084	6.40029	3.20307	2.73186	2.20827	1.92853	1.75485	1.74618	2.37442	3.48904	2.18757	1.40793	2.81411	2.10961	2.9719	2.88888	1.78071	1.32997	1.27138	1.23491	1.17157	1.92855	1.74618	1.75485	2.57715	1.40793	1.50224	1.95213	1.95213	1.50224	2.49925	1.95213	2.34216	2.34216	2.42517	2.81419	3.01243	3.27807	5.36493	1.95207	1.49205	2.98711	2.26954	2.20833	3.5961	3.80913	2.79792	1.99075	2.42506	2.34854	3.14563	4.39965	2.96664	2.32905	1.85614	2.37444	2.49933	3.84091	5.05224	3.46293	4.95563	2.57726	3.80924	4.9588	4.75982	4.21712	4.56186	3.558	2.81962	3.0476	2.96165	3.00242	4.01457	4.217	3.21737
4.7594	3.45385	3.15989	4.32984	6.60956	6.78844	4.85972	6.28371	3.77271	1.01831	1.50211	2.61803	3.74469	4.79418	4.90942	4.28795	7.58018	6.85852	7.58441	10.3701	8.2453	4.98848	2.27597	1.95196	2.20814	3.55758	4.99149	4.57449	3.14534	1.49185	2.27591	1.60981	4.35772	2.44984	2.84089	2.98182	2.97153	3.66672	4.74003	3.351	3.74448	3.66683	3.53202	3.05235	3.20293	5.07854	4.36132	3.14542	3.1454	2.49908	2.15933	2.15933	2.43121	2.86221	3.12125	2.65837	4.38897	5.40644	4.46405	2.22191	5.4426	5.06372	5.6064	6.76203	7.74923	7.57027	3.9532	1.7805	1.74597	1.65646	1.7285	1.95196	4.27363	5.98014	11.5176	9.95561	4.54482	4.24164	3.14534	2.15926	4.19156	5.05476	4.91838	2.88847	2.59452	1.40784	2.6641	4.35801	5.60643	4.92775	3.09177	1.25927	11.5625	8.46707	9.29074	9.44313	6.12915	7.90324	7.62747	5.91957	2.27605	3.97614	6.5981	6.9539	6.92574	3.97614	5.12279	7.94808	3.89919	3.62928	6.03005	3.91859	4.90617	6.54799	4.78476	8.38799	6.9193	3.87195	4.91838	2.87796	5.29653	2.61803	3.35123	3.42732	5.01566	4.1441	2.88862	3.14548	2.59469	3.14058	5.1785	3.80875	1.5617	5.76233	4.95199	2.54125	2.27599	4.27363	4.81929	5.12312	4.46769	2.49908	5.46733	5.74661	2.27597	1.78055	2.10215	2.26928	5.19589	1.58112	4.45389	6.03005	3.9762	3.35123	4.21314	3.95347	2.59469	3.53183	6.03005	5.33055	2.62374	3.64198	5.4232	7.0899	9.06215	4.10372	3.59586	4.36132	4.52157	5.63833	10.0957	10.0668	10.736	7.63307	7.99331	12.5364	15.4746	4.7401	11.6768	18.9753	14.0815	6.71739	7.91627	4.52131	2.03585	2.10213	2.09488	1.88042	2.10221	2.32889	2.79764	2.27597	2.18725	1.7805	2.27605	2.90438	3.14551	2.96139	2.98687	1.99057	1.3299	0.940464	1.23479	1.36386	2.10215	3.1454	2.43121	1.74603	1.85598	2.13098	1.82283	2.29593	1.3299	1.23479	1.60984	2.34195	2.32889	2.81388	3.91859	5.37843	2.15926	1.04779	3.27773	1.49192	1.7975	3.0868	2.37411	2.84082	2.81393	1.58115	2.51716	2.49898	4.98239	2.51716	1.75466	1.95196	2.57703	2.51732	4.24164	4.75605	2.65837	4.85347	1.99057	3.25918	4.04424	3.53202	3.36927	4.37171	3.52768	3.27791	3.53202	3.08701	2.37423	3.4272	3.7283	2.9252
2.84049	2.26911	2.96614	7.45659	8.12123	4.41269	3.14028	3.38676	4.44345	4.25564	3.9184	4.52111	7.96078	12.7877	15.506	15.4247	11.0619	5.05428	3.67878	8.2732	7.49842	5.23886	3.53167	3.59132	3.8284	4.561	4.56095	2.75904	2.37387	2.20785	2.84045	3.59132	7.3278	8.18708	7.24797	6.81435	6.70807	7.14206	6.91882	6.58177	8.04795	6.6204	5.60583	4.31569	2.72589	4.18739	5.06324	4.61375	4.31212	4.0552	4.39903	4.78427	5.17826	6.41578	6.27394	4.46389	3.01186	2.81362	5.70962	7.81003	7.68511	6.453	5.61921	4.90581	5.09882	5.36392	2.98142	2.43096	2.9662	3.46227	4.21992	5.29631	6.81648	7.42476	12.0794	11.0194	5.9998	7.76223	10.2562	10.6699	5.2504	2.3481	3.46209	2.29572	2.70908	5.40609	10.3313	14.3309	14.1853	11.7205	6.27137	3.38693	12.3088	10.8642	7.56999	8.70785	10.276	11.4061	11.8234	10.538	5.68318	4.08125	4.41262	4.69159	7.27227	6.15526	5.93915	8.88878	3.53155	3.69525	5.23607	7.32985	9.20057	8.33241	3.95306	6.91861	6.78117	7.92902	7.30532	6.10899	7.42476	5.92677	4.44352	4.21625	5.66709	4.7842	4.60069	4.99127	5.17826	6.2355	7.34598	4.75892	4.71735	5.61381	7.68708	7.64044	5.28771	4.81882	4.53112	3.59551	3.59542	3.04693	5.40868	4.95771	3.47536	3.27758	3.44027	5.12255	5.97968	2.8137	3.98343	4.88106	7.4988	10.8069	11.6764	9.00626	4.70774	4.21613	5.60561	5.36399	3.51013	5.09889	6.98545	8.3519	10.9282	6.2714	4.561	4.24132	3.09158	8.59285	12.0793	7.46855	9.3684	9.57055	14.0657	10.7499	18.6008	4.83119	11.3075	17.0183	13.2247	5.55432	6.70998	6.27123	0.873128	2.9662	3.899	3.97599	3.82445	3.98358	4.19108	4.35751	4.91813	5.33035	4.95181	4.08499	3.48847	2.90408	3.33265	3.38693	3.82445	3.3554	2.75915	2.97133	3.87171	4.98824	4.83139	4.21992	4.32969	3.84027	3.25897	3.14516	3.2026	2.9662	3.05204	3.899	4.15847	2.73145	4.06622	4.93019	2.62349	2.75913	4.71735	3.10632	3.84018	4.02514	3.67895	4.0552	4.46724	3.59555	3.33265	3.01191	6.05198	3.49274	2.73145	2.73145	3.64162	4.78427	5.70162	5.57341	4.36795	6.30006	5.64866	5.40054	5.05428	3.36893	3.25897	4.41262	3.1451	2.37387	2.46816	2.37399	5.53278	10.3482	13.4169	14.8246
5.9186	5.61341	4.73945	7.32067	7.74959	1.40749	1.27101	3.20232	6.16967	6.39411	4.35718	4.14349	9.00023	12.7371	12.6328	13.0295	11.0504	5.06272	7.07385	7.35929	4.21928	3.7276	3.43555	3.66623	3.74398	5.95646	7.20592	6.46876	5.26444	3.74398	4.44292	6.1279	7.8568	9.55435	8.08606	7.43227	8.18093	10.1723	9.99097	8.91657	8.80144	6.08882	5.76417	5.45007	3.69504	3.25868	4.78377	5.19516	4.85897	4.13253	4.31532	4.88075	5.3299	6.14768	5.40847	4.56058	1.25895	3.66623	5.22706	5.31572	5.07774	4.44304	3.52701	2.64061	2.8187	3.0014	2.46797	2.75891	3.10605	3.20708	3.66623	3.91806	4.78377	5.95637	10.6972	11.5408	10.8704	12.1618	13.0295	15.2088	12.1613	5.2269	3.66199	3.14488	4.08464	10.8807	15.6998	12.6431	10.7665	12.0722	5.88777	3.20232	9.961	11.2241	5.84933	5.84709	8.68496	9.8967	11.3782	11.4351	6.91819	4.49726	4.92682	5.2269	6.10818	6.27059	4.84006	8.88788	3.93332	3.80817	5.90594	8.28901	9.60794	7.03614	5.07758	5.7246	5.2242	8.0639	7.03614	6.55386	6.99557	5.56218	3.557	3.52694	4.7169	4.7585	4.95139	5.16905	5.60538	7.63194	8.33704	6.51725	7.25341	7.46828	7.53776	7.80911	5.59448	4.61333	3.89851	3.24451	3.3322	3.10584	4.45305	3.89851	3.20704	3.43555	3.57833	5.76665	4.73938	4.00966	4.02472	4.19798	8.0639	11.0333	11.2054	11.665	7.68793	3.50963	4.61321	5.39993	3.89866	3.8398	5.29553	6.14978	8.22562	4.5305	4.30474	5.72485	5.36346	10.4366	9.20104	10.6528	13.805	14.0567	10.433	13.9556	19.4641	7.00382	13.6377	19.651	12.0782	5.42217	5.95126	6.23461	2.32838	2.37378	3.48817	3.87138	3.46197	3.66623	4.30474	4.99084	5.84709	5.7459	4.70746	3.73183	2.51684	1.95156	2.46797	3.0016	3.33243	3.47505	3.0016	3.14491	3.46197	4.05484	4.53072	4.46351	4.19798	3.69504	3.31864	2.57654	3.05178	3.43998	3.59101	4.35712	3.57833	2.49853	4.06951	3.77199	2.37375	3.72769	4.88058	3.62883	4.90537	5.07177	3.97944	3.74398	4.21235	4.21595	3.35511	2.8775	5.83391	3.87129	3.59524	3.59524	4.56058	4.95742	5.34113	6.128	5.3299	6.81588	6.70974	6.08882	4.69134	2.23515	2.15885	3.66603	3.73158	6.16931	6.74964	6.92049	10.1174	13.0944	10.9647	9.67649
3.69467	3.8078	4.4968	6.44239	5.02325	1.56133	1.82231	4.3112	3.00129	4.90474	1.74552	2.27534	8.28776	11.0947	6.08789	0.523791	7.12787	8.84882	7.80818	4.70674	2.92427	2.54054	1.71914	2.15871	2.12317	6.43299	7.98153	7.40338	6.89814	5.55084	4.98725	6.43299	5.40494	4.35669	5.07723	5.52907	5.14219	6.64158	4.4664	4.14305	5.836	3.2162	3.53102	4.69085	4.95385	4.25484	5.55353	6.70898	5.75303	3.36829	2.84006	2.81317	3.04647	2.49836	2.72524	3.87079	3.48763	2.7585	1.40737	1.11783	1.36339	1.88788	1.65593	1.57102	2.29528	2.44915	1.95137	1.40743	1.17113	0.780778	1.64677	3.57796	6.20774	6.98414	3.33191	9.17487	13.2444	11.4091	7.73963	13.1286	13.3376	4.92926	2.64032	2.27534	2.26864	12.2411	11.7328	3.59472	12.8127	9.66141	5.22641	2.7586	8.36782	12.275	8.37316	4.73249	5.08617	6.29881	9.17445	9.17445	5.62333	2.81855	4.37051	4.1866	4.5301	5.50426	4.15749	8.52731	3.15895	3.57796	4.36712	4.57342	4.90484	2.79142	5.3629	3.85125	3.82767	5.22641	3.82767	4.71646	4.60289	3.46144	2.86123	2.49828	2.81309	2.6576	2.86137	3.12035	3.69467	6.62579	5.29522	3.35476	4.00928	2.96551	4.98715	6.4956	3.64083	3.2066	4.45266	3.67808	3.14444	2.72524	3.35008	2.6575	1.58069	1.78004	2.6576	4.92627	2.26868	3.69456	3.15895	2.59391	5.46311	4.39798	4.21891	11.811	8.28776	3.35472	4.53353	4.90479	3.25836	2.49836	4.99011	5.4382	7.2709	5.90503	1.64677	3.75558	7.61331	8.01847	5.84905	8.41588	9.22765	9.36538	7.91257	15.156	20.4176	11.67	12.8748	21.1592	10.5978	5.42167	6.14934	5.97847	3.35472	2.10881	1.72799	1.82231	1.43952	1.40741	1.95137	2.37354	2.97077	3.531	3.27696	2.87722	2.29532	2.26868	2.59391	2.10881	1.64677	2.27532	1.64677	1.87988	1.64677	1.98999	2.59391	2.75863	2.27538	2.87715	2.66893	1.79708	1.65598	1.49149	1.95137	2.83996	1.40741	4.08401	3.94444	2.72524	0.987624	3.04638	4.0243	2.70856	3.33202	3.67815	2.70856	2.6576	2.88778	3.09099	1.71914	1.79701	4.81774	2.10873	2.04283	3.10573	4.18662	3.48772	2.79142	4.46625	2.48007	3.87091	3.20672	2.34777	1.79708	1.65593	2.81304	3.53088	4.75465	7.16131	6.0309	3.97519	9.36666	4.92926	6.76901	9.84074
2.26842	2.79658	2.97043	2.92398	1.82207	1.98984	2.2073	3.74306	0.246891	3.82711	2.37333	2.3733	7.51016	10.0454	5.19393	1.36334	7.27223	9.88687	6.30042	3.29034	2.92398	2.66867	1.50154	1.77988	1.92764	7.62038	9.47643	7.07289	8.28746	7.79836	6.55953	6.96849	5.92492	3.42602	3.30891	4.61246	4.08387	5.83543	3.5945	3.47439	5.7393	3.10546	3.70668	4.69042	5.02598	5.42137	6.15389	6.96849	6.71486	3.59453	3.57765	3.77152	3.14432	1.3964	4.75417	3.47425	2.86093	2.5162	1.40726	1.40728	1.74531	2.15844	1.60915	1.22191	1.95119	2.83975	2.70832	2.10862	1.65577	3.42591	4.21155	4.73855	7.81528	8.90488	6.94913	4.78265	2.97043	4.31421	7.45444	14.1688	12.8536	3.82314	1.77983	2.20721	2.37321	13.7987	10.5789	5.90708	12.6661	11.6396	8.6028	5.74201	7.76924	12.7746	8.52644	5.66808	3.9443	8.79439	10.7318	7.56154	4.25419	4.3597	6.85609	5.99819	4.61246	5.3399	4.40789	8.55936	2.70832	3.69434	4.67434	5.39904	3.50916	4.49612	3.82711	3.20172	3.48751	4.04271	2.32801	5.06165	5.74444	3.27649	3.011	2.79115	2.66874	2.75839	3.08585	3.43932	4.9868	7.48254	3.74327	2.88738	3.89771	6.87331	7.34381	5.22304	3.6613	3.85088	4.35614	3.53053	2.88738	2.13003	2.5162	2.32794	1.82214	2.13017	3.6984	5.05283	3.08585	4.27201	2.98574	3.47439	4.44209	1.74525	5.07654	9.6665	6.43235	5.78395	7.68299	7.56185	5.56113	3.95198	7.34381	8.51982	8.15739	5.45155	1.43939	6.4904	8.22418	3.45231	5.12403	7.49676	10.0198	7.49676	5.92475	15.0994	17.1874	11.512	5.62277	22.9676	17.3194	5.3988	5.28603	4.85164	2.2951	1.64663	1.17102	1.2343	1.2343	1.06185	1.3294	1.74537	2.37333	3.20644	3.30891	3.31801	2.8183	2.90328	2.9241	2.37333	1.98981	2.12292	1.36334	1.65583	1.95122	2.61704	2.96538	2.49816	2.12297	3.04608	2.62275	1.65583	1.57087	1.25879	2.44894	2.44271	2.03508	4.31421	3.82314	2.18642	1.77988	3.18257	3.91711	2.62275	3.01107	4.18623	3.36799	3.0462	2.81292	3.21586	2.9704	2.57591	4.46237	1.754	3.49172	3.59033	4.4422	4.31092	2.66309	3.97846	1.74531	2.79115	2.70832	2.42404	1.97449	2.92398	3.97463	3.46108	4.73824	5.30587	6.49032	5.69978	9.92974	3.10525	6.77704	8.72391
3.14393	3.01072	2.61671	2.88724	3.24377	3.10514	3.29021	3.35408	1.74519	3.11976	5.4623	5.92454	6.85532	7.75322	4.14216	2.34083	5.19348	8.86563	8.96672	7.39179	4.95291	4.21466	2.75811	2.81802	2.81802	6.32838	8.85053	5.98982	3.01077	6.81179	9.07632	9.6737	7.30262	5.36209	4.35591	6.71438	7.05319	8.33466	6.26917	5.7625	7.82405	6.51535	5.79374	5.1558	4.57255	4.45202	4.21833	6.82688	6.61771	4.39736	4.6868	5.06144	4.2859	4.21454	5.17604	2.12985	2.12273	2.79632	2.20708	2.10841	2.43004	3.18233	3.04587	2.75811	2.73042	2.81792	2.65699	2.87667	4.02362	6.319	6.7853	6.76774	6.0869	6.48974	8.36637	9.00927	10.3034	11.9209	10.64	13.1295	10.0635	2.46718	1.32921	2.10833	3.80697	13.3352	10.4338	4.21473	10.5299	11.2791	7.98544	4.06846	3.74273	10.4674	12.7158	11.0352	4.41102	9.18555	11.6974	6.87268	4.01229	3.80697	4.84183	1.609	2.61671	5.45107	4.88846	8.87722	4.1569	4.57255	5.57137	5.44849	3.80708	5.32533	5.22555	5.79374	4.73807	3.76304	1.79674	5.16731	5.53053	3.87018	4.14227	4.24332	4.30352	4.68035	5.1763	6.7854	8.78055	6.6607	2.61671	4.57237	5.22531	6.89001	5.30541	2.51599	2.57568	3.5771	3.62759	2.34721	2.20701	2.27491	2.81259	3.14397	3.7063	4.5726	5.94977	5.36209	3.20611	4.35927	4.30352	6.21385	6.14591	3.9169	4.90382	7.75909	7.73818	6.64054	6.43188	6.14818	4.7824	3.77113	5.83483	6.94831	5.88614	4.06853	3.83871	6.03731	7.53548	8.22198	9.78665	7.36566	5.44005	5.91411	9.59108	13.9275	14.4185	9.12122	3.10514	16.1764	21.0112	21.1181	18.2877	12.0455	7.08907	5.4623	2.59342	0.780662	2.26825	2.37309	2.37309	2.27495	2.65709	2.81802	2.97014	3.15839	3.24377	3.43897	3.53033	2.83952	2.83947	2.83947	2.46731	2.57579	3.14397	3.20614	3.09041	2.46726	2.27491	2.97012	2.96502	2.1583	2.34083	2.97021	2.75808	0.493755	3.27621	3.82678	2.97006	1.98961	3.21554	3.85056	4.19663	3.31769	3.144	4.79189	5.4069	5.61178	4.52941	3.50443	3.66508	4.14216	4.51921	1.88761	4.23965	3.76304	5.66506	6.00757	5.36216	4.47905	2.54013	2.49788	2.66848	1.92744	0.872754	3.05075	3.82281	3.35399	5.0612	4.51921	5.66486	9.64139	7.61188	8.61553	8.87399	9.64945
5.63526	4.5289	3.0105	2.27476	2.47939	2.86058	3.21531	3.5085	3.05062	2.61655	4.01193	4.30314	4.92496	4.51875	2.42344	2.12963	2.73018	7.7682	10.7466	11.1636	8.40642	6.4893	3.89719	3.27605	2.81239	2.90255	5.97677	9.34372	8.51823	4.52214	7.51289	10.5444	8.97923	7.39112	5.92403	7.08413	7.7375	8.29479	6.05687	6.16728	8.68832	6.39177	5.29374	4.18181	3.91655	3.67724	3.38535	7.15935	6.45217	4.92508	5.54931	4.87891	4.78184	6.22503	4.45137	2.46704	2.5399	2.96986	2.42983	2.51589	3.00046	3.52568	2.96986	2.10102	2.81222	6.2683	7.34255	7.91225	7.47144	6.10851	7.58973	8.00183	7.4874	4.95234	4.73741	7.19487	12.3718	11.915	10.134	10.3319	7.15092	1.72739	1.25847	1.40701	6.61706	12.8258	10.1952	4.04202	10.1722	14.556	6.30166	3.20111	5.17586	0.629311	9.19778	13.5832	9.36401	4.6375	10.9191	9.36723	5.91623	1.8218	3.3672	3.33108	3.3852	5.81357	2.53981	7.62879	4.6378	4.05331	4.88799	3.59385	4.70554	4.98586	5.29386	5.70698	5.762	4.18918	2.2747	4.54208	4.27121	3.85811	4.24294	4.36936	4.35554	4.57221	4.9799	7.30193	9.19634	6.84622	5.8677	5.69871	5.7066	6.08613	4.40705	3.59382	4.21427	5.45053	4.36914	2.10096	2.59319	2.87641	2.70781	3.33117	4.59856	4.9799	6.88309	5.93668	5.06086	3.59382	4.31369	6.83076	5.64604	5.91623	5.23361	6.66011	7.19496	4.87874	5.68019	3.98153	3.7627	3.82264	3.01043	5.91351	8.17737	4.62777	5.99706	9.06252	9.85295	7.85011	7.30193	5.07558	10.2935	6.00432	6.00675	14.0238	15.8884	7.00965	7.65233	15.6579	3.97794	13.7725	24.0808	19.9507	10.2756	8.17781	6.88293	3.52983	3.10487	3.46066	3.28992	2.59322	2.37285	2.29467	2.83914	2.42358	3.57698	3.82264	3.35378	2.10822	2.5399	3.14369	2.95971	3.05062	2.92354	1.88745	2.49759	2.10096	2.46704	2.79062	2.96474	2.59319	2.96995	2.95971	1.39614	2.49759	3.25733	2.47922	1.95077	2.37289	3.21525	3.83441	4.87566	4.35547	3.57698	3.97794	4.57221	4.90352	4.58191	3.25733	2.79605	4.85072	4.57196	2.75787	2.98512	2.96465	5.30208	5.06086	5.02211	4.46182	3.21531	2.81777	2.98512	3.21509	2.3275	3.76258	3.3852	1.79648	3.72619	6.76674	9.442	11.233	0.889985	11.2524	8.49036	8.36581
4.85029	4.14136	2.49736	1.4069	1.88725	2.86029	3.97374	3.57661	2.63935	1.01762	2.47901	2.71304	3.72585	4.88757	5.11965	4.30268	3.63956	3.385	6.00622	6.91471	6.10787	6.79493	4.23892	2.7299	2.23407	1.4069	1.60867	4.9549	7.25186	8.57093	12.3437	9.30011	7.72898	7.51229	5.54874	4.47821	6.4492	3.27572	2.92325	6.26066	6.60522	2.79581	4.84092	2.4295	2.18591	2.90243	3.00015	6.34384	6.43301	3.97374	2.03461	2.47901	5.32707	5.90281	3.508	1.92709	1.92709	2.46676	1.77937	1.60876	1.97391	3.916	4.02278	2.96965	5.15472	8.93681	7.19408	5.8055	5.61072	4.35509	6.41187	5.99619	5.19276	5.41424	4.75622	7.72911	11.8714	8.84577	7.38446	7.39041	3.72585	1.17063	1.40686	4.58156	10.8756	13.0839	9.96984	3.11917	14.0306	15.0917	2.96965	11.8787	11.1432	8.91213	1.79633	11.0657	12.1579	1.91917	8.12574	7.52793	6.07334	2.97983	1.60873	1.50103	3.58913	6.36496	0.174535	4.85653	4.15612	3.7056	3.84979	2.44824	3.67679	4.44098	4.57174	4.9307	5.5297	4.36886	3.25704	3.97359	3.66439	2.87613	3.0102	2.97983	3.33083	3.73004	3.67686	6.31782	7.12118	6.49333	8.62938	7.63588	6.55733	5.29307	3.84983	4.3027	5.29322	7.0325	5.06025	1.60873	1.65535	2.27446	1.98924	2.59293	3.20551	3.43832	5.63462	2.86029	5.28456	2.96452	3.43832	5.12247	2.42333	5.2359	4.21386	4.02286	4.90593	6.27963	5.07511	4.01164	5.76142	5.23606	3.83809	3.50373	9.71834	7.98769	4.08268	4.1887	5.83119	2.71318	1.17068	7.86403	9.28424	6.61669	8.08182	20.3873	15.8804	2.75748	10.8741	19.7276	18.85	23.543	5.46105	18.5293	13.5404	7.41437	8.69574	5.6797	1.49092	2.1008	2.37262	1.98926	2.20666	2.44824	3.04523	1.95065	2.12955	2.66792	2.53958	1.82162	1.87916	2.15789	1.97391	2.10801	1.71849	1.40688	2.37255	1.58008	1.57043	2.44202	2.79579	1.98924	1.71849	1.40686	2.9695	2.9023	1.98916	1.40684	1.4069	3.0453	3.20551	3.49074	4.73699	3.33076	2.61628	2.49743	2.1008	3.63945	4.98823	3.20539	2.20659	4.54169	3.55523	2.8121	2.18591	2.49734	5.65849	4.68568	1.74486	3.08494	2.88669	2.29441	3.34881	4.31302	2.61615	4.06391	3.72585	2.8121	3.76233	7.83759	10.7573	8.66001	8.23994	11.0802	6.43068	6.65928
4.08205	3.52916	2.44799	2.10062	2.65636	4.52145	6.29844	5.78171	4.2704	1.27033	1.60854	3.72947	6.14389	6.94652	6.87101	5.90769	3.70528	2.37228	6.08498	4.12996	4.88712	7.08261	4.71423	2.81186	2.37244	1.71834	1.27033	3.04986	5.30387	6.8945	15.3197	11.9278	4.81552	5.75033	4.59769	4.98498	6.63845	2.1577	1.60862	7.30027	3.31675	3.72947	4.46068	1.91899	2.42312	3.82192	4.32686	6.26723	5.83324	3.20507	3.08943	3.84942	4.90544	4.68519	2.75717	1.40672	1.57992	2.15763	1.65521	1.98909	1.74471	7.15789	7.78937	5.81287	4.61072	7.25101	5.84599	4.54122	4.14094	3.77009	1.56052	7.36334	5.40237	2.61605	6.56848	10.1364	9.0851	5.22107	2.37231	1.56052	1.879	2.10782	2.51541	9.32926	10.4073	8.08107	7.77395	4.36832	13.3091	11.976	8.46095	15.2413	11.5794	12.8932	2.03443	10.4308	13.7034	1.60854	7.77395	5.99558	5.40237	3.63923	2.86004	2.42312	3.42461	5.56954	2.59258	3.69295	4.39615	4.08233	3.85738	3.08954	3.48619	5.92292	7.00029	6.63872	6.59341	6.91411	3.84947	4.54139	4.35805	3.25683	3.4336	4.21717	4.68551	4.44062	4.11186	7.53324	5.24693	4.92994	7.36519	7.60968	6.22386	4.35803	4.9272	4.83761	5.23257	8.13954	5.83315	1.60859	1.43884	2.0933	2.12936	3.04502	3.08954	3.20522	4.6106	1.74471	4.44041	4.06748	4.78115	4.58114	2.22023	4.30915	3.4904	5.04778	6.52924	5.37437	2.7072	4.7367	6.32696	8.08701	7.46408	4.44062	9.1186	9.54689	2.97956	4.2704	5.06871	3.5932	3.98097	7.98336	9.1319	7.61752	20.1032	21.9449	3.74165	5.84634	10.542	23.0657	9.80785	23.7558	17.4574	7.47981	19.3715	12.2389	7.3672	6.21907	2.37231	1.06142	1.95045	1.5606	1.57995	2.12212	2.87578	1.82145	1.01754	2.66192	1.92689	1.879	1.879	2.04187	1.85458	2.04187	1.85458	1.95045	2.44799	2.27424	1.64601	2.49718	3.14302	2.20646	1.36283	2.03431	3.24267	2.72951	2.04178	1.22145	1.65521	3.66404	3.11889	2.83867	4.59742	2.8386	1.79625	2.04187	1.88709	3.72548	5.4495	4.10061	2.79552	4.68846	2.92288	1.75336	1.98909	2.29424	4.73646	5.04778	2.18559	1.879	2.7572	3.21448	4.28448	4.75557	2.87578	3.86893	3.14293	1.39588	3.08447	6.15116	10.3916	5.70552	12.037	9.80162	5.57784	4.95141
2.90175	3.00958	2.70703	2.34644	2.37217	3.97284	3.86867	4.70419	6.12388	3.86879	3.24255	3.21425	7.66743	7.14896	3.83726	2.83844	3.47273	4.92348	6.08706	6.06498	6.28107	7.82107	6.85285	4.21673	2.88614	2.81157	2.99958	3.14274	4.25222	5.50115	15.3284	13.4023	2.04167	7.50706	8.41116	7.98652	6.61542	4.87738	4.81518	7.89661	2.49696	3.82139	4.23812	5.5477	5.98281	5.37414	4.15533	6.32604	6.54009	4.87725	3.82533	2.51503	3.57575	4.01069	2.49689	2.10761	2.49694	2.70703	2.57482	1.27017	4.01079	10.592	9.69404	6.65154	7.49318	5.32343	3.24239	6.07216	7.24216	3.43325	4.87736	2.10761	9.80667	5.78869	4.38525	3.97284	1.01739	1.92672	2.90188	5.26093	6.65154	5.62035	5.52595	13.0522	11.5646	9.67461	6.60172	8.71447	8.12239	9.81444	14.3663	13.0501	11.9269	14.1535	2.26739	9.82445	12.9898	1.50075	6.89391	4.64604	6.07239	7.45132	5.62035	3.86879	3.97294	4.24158	4.59702	3.91544	5.36013	5.5477	6.23083	6.64928	6.3946	6.75853	7.24253	8.10453	8.59876	9.23178	4.62664	5.09505	5.1216	4.98751	6.54042	8.86762	8.9553	7.18674	6.98462	9.87227	4.49425	8.45984	6.08201	5.50115	5.73931	5.29223	2.81685	3.55456	4.81508	6.54009	5.37112	2.75704	2.26739	2.42912	3.5886	5.88411	6.17283	5.78896	5.28372	4.08191	5.37133	6.36407	7.70453	7.00809	4.44009	3.75345	3.52885	6.65121	6.26652	4.04081	4.19517	7.05043	8.70132	11.3316	11.1346	7.67936	8.36324	9.96785	3.69664	5.56921	6.23081	5.70532	4.75196	7.65783	11.745	20.7116	22.6325	7.60512	13.2252	12.7472	9.52794	22.7782	11.945	15.3287	26.1383	14.8623	13.5408	18.9313	18.3824	13.7026	5.74975	3.04465	0.246789	1.74453	2.9227	3.59281	4.30886	2.95885	2.15748	2.79526	2.66181	3.14281	3.11858	2.72939	2.47866	2.33994	2.1004	2.90188	4.12977	4.84955	3.76971	3.14278	3.69664	3.14278	2.27405	2.3721	3.04465	3.21425	2.4663	1.79606	2.15748	3.30722	2.62153	3.2049	4.40929	2.98428	1.79606	1.95028	2.12915	3.52461	5.142	4.04081	3.91542	6.00265	4.19505	3.21433	3.74148	3.72933	4.21301	4.98428	2.81685	1.23372	3.11845	4.21295	4.45014	4.36794	3.00963	4.47736	5.60161	6.22363	7.15124	9.27139	11.6931	1.17046	14.7652	8.15353	5.49313	4.61027
2.98404	3.42408	3.25621	2.37199	1.79591	2.47828	3.62585	1.753	5.22009	4.54065	3.72901	2.65585	6.52109	7.08538	3.69623	1.75303	1.11708	3.43277	3.80516	2.32662	3.66326	5.23439	5.4042	3.84874	2.59221	2.95859	3.76938	3.89572	3.48977	3.62585	12.9841	13.7596	8.97863	8.00421	12.0343	10.495	6.08175	5.56866	6.08404	6.29465	4.02168	3.48974	3.82123	5.60115	5.66254	4.06671	3.30689	7.26607	7.56318	4.83951	3.08388	2.18518	3.04432	3.80516	2.81127	2.18531	2.49671	2.66158	2.81127	4.97769	7.21891	9.6202	7.99098	4.19469	5.99481	7.36632	5.70483	5.11803	7.39809	4.21252	3.76128	6.82388	7.41224	8.58556	3.4853	2.57459	3.70458	3.58829	4.21277	7.82428	7.80351	7.63968	4.00663	11.8326	11.9619	9.67376	6.79325	10.3899	10.0477	13.1414	12.3422	4.32605	13.4009	11.8033	2.04149	8.36228	11.483	0.551767	5.23436	4.98708	6.51235	6.85223	5.60897	3.1183	3.52868	3.1569	5.91384	5.91401	6.63747	6.67341	7.06891	7.12569	5.9823	5.17384	5.83237	5.78069	8.49396	8.44505	4.02178	4.9231	5.11823	5.54722	7.69803	9.6617	9.87162	8.90995	9.8136	10.7534	8.51505	11.2892	6.88035	5.15325	3.50273	5.60079	6.75758	5.39308	4.18023	3.67562	3.35244	3.75325	3.30703	2.75682	5.09458	7.72683	7.18612	6.40809	5.26047	4.43978	4.94765	5.45977	6.65761	5.99481	6.91281	4.57024	4.43951	5.61427	6.94736	5.78059	4.98708	6.94738	8.17461	6.40809	8.42941	7.15696	9.52709	8.59779	4.18386	4.73581	5.81177	5.93422	12.0288	14.07	18.6883	20.1058	7.14824	11.8587	14.6973	10.3171	7.2972	20.3987	13.2833	7.29919	20.4042	23.1042	8.59779	13.2146	21.7491	19.8478	6.41001	3.94947	1.82104	2.42891	4.09996	4.25206	4.90167	3.63854	2.63856	1.95008	2.8595	3.59253	3.69225	3.04447	2.7236	2.21981	1.88673	3.1183	4.32605	4.90167	3.97258	3.43295	3.93046	3.48541	2.83807	2.44755	3.13761	3.76116	2.61547	1.98871	2.04149	2.53884	2.88574	2.96872	3.14242	2.32662	1.48028	2.03404	1.98871	3.69209	4.98678	2.92244	3.89572	6.70435	4.38483	3.52434	4.60985	4.92934	4.6878	4.75157	2.78957	1.82111	2.98399	4.60973	5.047	5.66241	5.13883	4.82732	4.09996	2.27381	5.66215	12.3876	11.4528	4.98678	14.3525	6.22995	4.52719	3.1425
2.87504	2.81099	2.7893	2.12874	1.98851	1.92636	3.89516	1.71784	3.31579	2.70651	2.42866	2.1	4.30088	5.46171	3.42366	2.63832	1.82093	4.19425	4.52676	3.50244	3.15656	4.1398	3.66294	2.23311	1.65473	2.10721	2.75652	2.8856	2.92215	3.8326	10.5321	10.902	11.9174	11.2149	3.89532	5.69626	5.40373	5.80332	5.23113	4.64517	4.23725	3.524	2.8856	2.53868	1.65473	2.09989	5.52467	8.36691	6.91427	3.72844	2.51456	2.10713	2.42858	3.08857	2.4473	1.60812	1.74415	1.0467	3.52819	7.76421	7.21817	7.12463	6.1446	3.6753	3.72844	2.79473	5.25993	5.37313	1.88645	7.13536	6.85146	4.57001	7.76452	6.70375	1.64545	2.70651	3.97224	4.75127	7.32289	8.62631	5.56545	6.63659	4.31161	8.65677	14.9876	6.76359	4.52676	7.81966	8.4517	7.75496	3.82081	7.42557	13.5601	8.9729	1.82093	7.26751	10.9286	2.63835	4.47652	5.84209	5.16463	6.84048	5.01049	2.65559	2.66697	2.37172	6.06359	7.53895	4.77976	5.2913	5.19074	4.21234	4.30805	3.80492	5.04951	3.65888	9.54582	5.99394	3.75288	4.64527	4.68733	5.11777	7.72608	8.69451	8.21733	7.84061	7.75488	5.94641	9.22518	10.7398	6.26772	5.70396	4.26921	6.61394	6.89262	3.58777	2.46583	2.79475	2.75652	2.81099	2.7893	2.34599	5.66176	7.41767	4.73539	4.3256	4.21594	4.8018	4.81435	4.15455	5.0495	3.93008	7.84037	5.90321	5.17316	3.83654	5.49199	4.36717	4.09956	6.10558	6.37439	2.70644	6.1422	5.9942	7.84061	5.80332	2.79475	1.98841	2.12156	7.53895	13.8094	15.3481	19.9965	8.4023	9.20779	12.7703	6.86904	8.06231	6.77478	19.1632	11.6355	1.74415	8.49321	17.1645	22.1306	13.3408	18.8383	24.3928	6.54805	4.75425	2.98372	2.44731	2.70644	1.25794	2.79473	3.59202	3.14209	1.85404	2.81642	2.3395	2.61522	2.42866	2.18508	1.71784	1.87845	2.7893	1.7442	3.14209	2.66691	2.04128	3.00901	3.74061	2.42858	1.77869	2.83781	3.75274	2.2736	1.40637	1.60812	2.2736	2.49639	3.10322	2.10713	1.65468	1.39548	1.7442	1.65473	4.11046	4.06238	2.1	2.63835	6.61391	4.05121	2.42858	4.20858	2.81642	3.19957	3.83654	2.63835	2.10721	2.79473	3.97967	3.27435	2.96327	2.03374	2.09989	3.52819	2.42231	4.24078	12.2275	13.4252	2.88548	14.7483	7.90626	3.89521	1.64553
1.92614	2.32617	2.27336	1.85384	2.46566	3.75249	4.87596	2.90104	3.42339	3.82042	3.74039	3.44987	4.87596	6.1221	3.76052	3.31089	2.65531	5.00997	3.5874	2.34563	1.85375	3.70362	2.9009	1.43828	1.88634	2.2056	2.46561	2.2056	2.49621	3.86754	9.63504	10.0161	9.89282	11.2447	6.03329	1.74397	5.75604	7.19907	4.68687	4.87594	4.5263	3.91427	3.45864	1.64536	2.18476	4.64469	6.86813	7.601	5.787	2.5143	1.88625	2.041	2.20553	2.59159	2.29331	1.87826	2.32617	3.36528	6.31479	8.81972	7.82255	6.44612	4.67055	3.21327	3.35174	4.52621	2.66091	3.52799	4.60892	2.34575	9.19229	4.92808	1.32832	3.21327	0.628983	4.75064	7.95252	9.07842	8.49084	4.30061	5.88221	6.39275	8.25952	2.42833	15.3061	10.9949	1.74402	5.07282	4.15412	3.10306	5.17258	8.26463	11.5647	8.37137	3.14186	8.14559	11.3939	3.92967	4.43206	5.31063	5.22195	7.79208	5.26495	2.47794	2.46561	2.04107	5.16385	7.84895	3.85575	4.7349	5.44485	4.25119	4.57936	3.6915	5.41703	5.66118	10.4437	4.72838	4.32516	5.83118	5.91294	5.37258	7.63043	8.32193	7.31405	7.84919	4.75071	1.10317	12.4476	11.8013	7.19064	6.04567	4.59568	5.31039	4.80106	3.04374	2.26668	2.42841	2.87475	2.98341	2.44704	2.10699	6.75412	8.69343	5.60001	5.31063	4.7349	4.977	5.11724	4.94664	5.49153	4.47605	7.85468	6.52678	4.90054	3.76052	5.83101	4.71245	6.46477	9.07666	7.02938	5.3948	5.28218	7.0336	5.84402	2.95798	1.57932	3.31547	4.53959	10.5533	11.7231	17.5717	22.616	2.81075	13.207	9.12813	3.86766	8.9786	11.6504	18.8861	7.14909	2.65521	3.72406	10.1969	20.7097	22.1582	11.8837	25.5231	7.60687	4.12839	3.52782	2.42833	2.44704	1.74402	2.62074	3.75236	3.15623	2.57407	2.26673	2.09249	2.09249	1.87826	1.94969	1.79554	2.53842	2.8107	1.87826	3.21332	2.79446	2.12134	3.04374	4.06196	2.20553	1.22097	2.66091	3.28785	1.94965	1.40622	1.94969	2.26668	1.57932	3.38321	2.97829	1.94969	2.09249	1.60798	2.1213	4.70271	2.72847	1.71766	2.66664	6.4088	4.43866	2.66664	4.98283	3.14182	2.81075	3.48908	2.70623	2.03363	2.87468	4.21172	3.72806	3.3472	1.88625	2.03353	3.38326	3.9143	5.64276	11.4105	15.5157	4.18301	14.8549	11.4809	3.14182	1.06103
2.12115	2.83731	3.08806	2.59148	2.5142	3.32885	3.83578	2.90078	4.19359	5.81008	7.02247	8.49198	10.5085	9.91011	6.63555	4.98259	5.56724	8.69284	8.4008	6.20916	5.75816	6.48498	5.22146	2.85866	2.83737	2.96283	3.08806	3.04358	3.30606	3.83578	7.12107	8.59523	10.0372	11.6531	9.84606	4.80057	5.01875	7.46628	4.55593	5.43599	5.23011	3.55327	1.75249	3.36494	4.87548	5.95016	5.99278	5.54796	4.92757	1.94946	2.12115	2.63784	2.98317	3.31057	2.83731	2.95773	4.51912	6.94298	6.04507	6.93655	6.27598	4.00911	3.52331	5.75816	8.58367	10.7057	9.26799	3.08794	2.18467	5.41118	4.62468	5.49103	5.60743	3.76006	5.77885	12.2722	14.5358	15.5425	15.5956	11.8299	11.0953	8.45012	10.1268	3.25526	14.4399	11.4836	4.36631	5.75554	4.68647	2.92147	7.48987	9.63407	8.90687	5.32397	3.38302	8.0625	9.54389	4.12797	5.73457	4.92483	5.55613	6.91286	4.90006	2.71164	2.97813	2.42196	4.95203	7.17321	5.54796	4.75028	7.68038	7.84868	7.46042	5.59952	5.23011	5.94526	12.3649	9.55969	5.90486	7.7478	11.5743	12.2725	9.97625	7.33768	5.02151	7.39595	4.92483	10.1315	14.3	9.89054	5.35786	3.97886	3.57434	4.73418	3.89437	2.78875	2.92158	2.6608	3.00848	3.65815	3.3651	3.74006	8.11569	9.24251	5.29029	6.36168	7.74204	7.98914	6.99691	7.31956	8.59565	7.75338	8.93834	7.801	7.85427	7.25001	7.29491	7.39644	11.0743	9.96737	4.90336	5.36901	2.21901	3.74006	5.49928	5.11674	9.24436	13.4074	14.8571	16.7302	18.7978	19.1649	18.2644	4.8132	13.3961	9.44971	2.10681	8.88567	16.4118	17.697	6.12176	5.39431	3.82406	6.32383	14.7486	24.8987	5.91243	23.951	6.3143	11.6424	12.0316	5.75782	3.00841	2.09961	2.83724	3.50171	3.82008	3.7035	2.59148	2.66645	2.75599	2.49601	2.72835	3.08319	3.85553	4.30023	4.49255	5.45815	5.52656	4.75028	4.30003	3.91372	2.15659	1.65434	2.72262	2.49588	2.2054	2.59148	3.30606	3.20368	2.2328	4.02045	4.43828	3.59144	3.35159	2.2328	2.83724	4.73424	3.63748	2.47772	3.04343	5.6949	4.38355	4.26847	5.97278	4.23649	3.10279	3.32885	3.08806	2.59148	3.50171	4.68624	4.95203	4.09864	3.28772	4.73449	6.36168	6.75382	5.78677	10.3799	15.5947	8.7466	14.2605	15.679	4.59875	4.43845
4.19315	4.75304	3.97103	3.08288	2.83708	2.27295	2.88464	2.96247	4.20751	5.18929	6.56467	8.89821	10.6353	8.01055	6.21581	6.07937	6.1431	7.07873	8.65619	6.44506	5.21241	6.44728	5.90149	2.61452	2.83708	2.90049	2.92129	3.08775	3.47106	3.69487	5.33485	4.77814	6.75278	9.20975	9.51697	9.43496	3.83533	5.17165	3.57421	3.84725	4.40371	3.30563	2.96241	5.43253	5.55563	4.43787	3.91338	4.07974	3.97851	2.53794	2.37103	2.59119	3.25494	3.83148	2.8742	2.66053	6.14041	9.44891	5.41035	5.65471	5.46012	3.17959	7.52324	11.2251	11.0838	11.6077	13.337	7.21629	5.3575	3.13639	4.55537	6.0249	8.75092	3.04316	8.14406	13.7944	13.5317	13.5892	14.7449	14.3333	10.6352	7.83239	10.9638	4.98189	12.9607	8.83967	6.46338	4.87515	6.77945	5.90906	7.6054	11.0833	7.85881	2.34519	2.04068	5.78591	7.87766	8.55308	7.13316	5.90918	6.83193	6.70174	3.81955	2.42171	2.72807	2.66053	6.37022	7.75249	5.46021	7.29614	8.0178	7.69895	8.68188	7.66415	4.59501	5.59893	11.1526	12.8786	6.79059	7.65435	9.81428	9.96065	5.69467	1.103	9.05376	11.7943	9.29426	10.2975	9.82442	5.3937	2.9675	3.14117	3.50565	4.21092	3.55285	2.92129	2.92129	2.42795	2.62026	3.13639	2.99814	4.13874	8.11497	8.93091	5.80163	6.63487	8.28847	8.08603	8.01234	9.0799	8.73611	9.88084	9.03587	8.33116	8.39304	7.80786	6.1038	6.5896	8.73766	2.96766	4.9849	5.2122	8.32205	12.4652	14.5767	11.3974	15.7018	19.6646	19.7947	18.3576	19.9191	14.47	7.04695	8.93754	12.4327	8.0545	6.95112	11.3276	16.344	12.8531	3.81972	5.90918	4.15333	4.07607	13.3284	25.054	6.94238	25.5697	9.15708	4.0762	15.1599	10.1647	3.9134	1.71734	2.61446	3.36476	4.07995	4.21471	3.66201	3.20336	3.20336	3.19864	3.34674	3.44922	4.47521	5.28119	5.5342	5.98494	5.5666	5.86326	6.02462	3.38257	1.94929	2.37096	2.75563	2.26626	1.98793	2.34531	3.17959	3.36476	3.57421	4.35207	4.68582	3.50142	2.96766	2.53794	3.04318	3.4884	3.59108	3.31026	3.67423	4.448	3.13639	4.00887	5.82991	4.06504	2.75574	2.09934	2.49568	2.21893	3.86686	5.24393	5.66011	4.64392	5.0571	5.41062	5.30114	4.87515	4.57849	10.5567	16.2742	8.10026	15.1672	17.7879	4.52552	4.68594
6.75255	5.90863	3.38229	1.60754	1.85333	2.59096	3.65746	4.21058	3.84689	3.97831	5.00875	5.77777	5.40161	2.80991	2.63734	5.26355	4.43765	5.29754	5.84209	4.40327	2.88435	5.41534	5.11551	1.60754	1.88582	2.18425	2.53771	2.80991	2.80991	2.44637	5.77759	6.26306	8.71475	10.0542	6.70115	7.7401	6.75219	1.36182	1.97242	1.92562	4.12719	3.35082	4.00847	7.36841	6.91153	3.102	2.59081	3.48362	2.81521	1.94914	2.12074	1.87774	2.26604	3.25453	2.32557	1.60754	7.35826	10.0554	5.45956	5.43197	4.43054	2.20498	7.11359	2.85812	4.04962	9.56526	10.4407	3.72697	4.04962	3.52265	5.45968	3.45746	10.0554	1.74342	8.83878	13.3281	10.5239	7.00367	1.92562	6.99519	8.86208	11.2002	8.55221	5.00853	11.5713	7.98711	7.66299	3.69436	6.21971	9.34021	10.1509	11.4274	4.06448	4.87473	4.07584	2.47709	6.83781	11.6272	7.46463	4.10884	7.88252	6.98024	3.14086	1.60751	1.77801	2.0405	6.75435	7.63006	5.7465	9.06095	7.58327	4.53847	5.90879	6.61168	5.52552	5.73602	5.58751	10.506	5.39894	5.05647	2.18413	5.73862	7.63609	8.8225	10.1812	8.86552	4.43738	4.92664	5.49795	3.80333	2.92092	3.21233	3.44869	3.19817	2.80987	2.2927	2.27274	2.2661	3.00791	3.1361	2.09921	3.14093	6.98454	8.60899	6.44428	5.21195	5.99188	4.49171	5.52546	7.62828	4.43084	9.46665	7.38467	4.88381	5.25761	6.56367	4.35511	5.22908	4.07566	3.81913	7.98159	8.65368	10.1567	7.36841	5.64121	14.8057	18.3408	13.8503	8.11085	8.59398	11.7649	2.96731	7.47101	6.10322	8.54023	9.46665	8.44797	8.44104	9.26621	6.48356	0.87197	3.55251	3.35076	10.8446	20.373	22.5334	17.5973	27.0675	13.394	11.7139	13.1258	13.674	4.23912	2.37084	3.43572	3.50548	2.83683	2.72783	3.04298	3.04301	3.08747	2.57335	2.37084	2.21874	3.50104	3.69446	1.85333	2.9621	3.81913	5.65944	6.51797	3.04781	1.60746	2.3255	2.66587	2.09912	1.49997	2.18425	2.9826	3.15538	3.1022	3.38238	3.69032	2.72768	0.87197	1.9491	2.92092	2.29265	1.75216	3.50529	4.04962	3.91301	2.44637	2.87385	4.87441	3.3053	2.42774	1.47957	2.57321	1.92562	2.96219	4.68533	4.60752	3.8548	2.37084	1.11654	2.80991	5.77782	9.10171	15.7918	16.2594	1.49997	17.2768	15.1685	1.55947	4.43738
5.29727	7.67593	3.42201	1.85314	1.85314	3.84653	4.9811	5.26304	4.60718	3.85442	4.21025	5.7381	4.81197	4.00433	3.21222	5.07085	2.99743	7.67593	4.26716	3.32779	4.18494	5.32252	3.38193	1.85314	2.03286	2.5907	2.97726	2.53746	2.43992	2.12054	6.2264	7.22093	8.4892	10.0518	5.69353	3.55218	6.53573	1.72576	2.20476	3.19803	4.88335	3.84653	3.83076	8.21128	8.31506	3.63633	2.87359	3.36401	2.61977	2.99757	3.66132	3.2729	3.15508	3.52225	2.09895	1.23289	8.21305	10.2499	5.54372	4.32331	4.20672	6.99487	3.48776	4.71068	8.34006	6.76923	5.93834	5.7771	3.25424	6.96923	7.3943	8.49781	8.08411	1.74331	10.1513	12.5979	9.89362	9.66334	3.97033	8.02539	9.92468	12.8142	10.4969	6.26247	13.4778	8.82324	5.71705	3.59027	7.83664	13.0772	10.8437	4.81179	8.29939	10.1633	9.22106	3.08717	4.06042	11.0145	10.111	0.77981	7.67403	8.3205	5.056	2.33837	2.53746	2.26587	5.87995	7.35764	4.92622	6.99456	6.38534	3.21217	5.11532	5.60584	4.68506	4.03816	5.05592	8.2131	5.60592	5.25741	3.35047	6.64459	5.44537	5.21696	5.78741	5.21122	4.68508	7.30306	7.07727	4.46073	4.18494	3.38193	2.42114	2.83644	2.66563	1.92541	1.94895	1.94897	2.43992	2.96191	2.34486	2.78796	6.02348	7.96414	6.99456	5.86215	7.29499	6.61102	5.28019	5.43437	2.37051	7.52741	6.06069	5.78483	5.94334	4.7266	5.7851	5.68302	3.63643	5.21122	10.3727	8.11701	3.89333	8.44064	10.377	11.046	2.09888	8.70228	10.4192	7.67612	8.98022	6.99487	11.768	8.34013	3.21222	13.669	12.5448	13.6369	10.6219	4.85237	2.99757	3.85442	6.90882	13.4777	17.433	19.0801	17.5411	28.5092	3.50072	13.292	6.70048	15.8179	4.67522	2.83649	4.30954	4.98115	3.91282	3.08717	2.70521	2.72756	3.15508	2.20476	1.88563	2.23215	3.48774	3.35052	1.65388	4.29881	4.68491	5.13563	5.04397	3.14058	1.91752	2.09893	2.66563	2.26583	1.94897	2.53746	2.66568	2.61975	2.15603	2.53746	3.15504	2.66563	1.25734	1.91752	2.79338	2.96701	2.29244	3.08708	4.18499	3.97018	2.72756	3.59038	4.85237	4.18499	2.33837	2.57309	2.96191	2.61975	2.78796	4.81186	4.23521	3.34594	4.52791	10.02	15.6931	18.6109	18.3969	14.4277	4.92622	13.8653	17.7978	10.4386	2.09899	5.21122
3.81841	7.04479	3.50043	3.2025	3.76686	5.58653	5.82839	7.44762	7.2944	5.28833	4.94728	8.318	6.4596	6.4037	5.32232	1.98738	7.51093	8.77036	3.63611	2.96675	4.44671	4.10806	2.83623	2.96684	3.14043	5.18778	6.98361	7.63489	6.80412	4.92605	5.2309	7.79783	9.30703	8.67225	3.55184	5.01978	9.5022	9.40472	8.21277	4.43678	4.07489	3.50463	3.20228	7.72136	7.66156	3.58994	3.42167	3.14032	3.59012	5.3561	6.35929	6.2141	5.66133	5.38948	3.66081	3.38165	6.84522	9.33847	6.2951	4.36135	10.0003	10.923	8.74886	8.86421	10.5292	7.50521	5.62938	8.08731	11.8207	11.6924	7.11226	10.8425	6.1678	2.59047	8.81042	11.6486	9.52814	10.2575	3.72229	5.73494	10.0161	12.7461	12.2123	4.36457	14.2965	8.02461	5.1354	2.12753	7.42128	11.3137	10.3511	13.2914	13.7708	9.95938	11.0687	7.28602	3.72238	9.74527	11.3632	4.30559	7.30238	9.62612	7.01741	4.12665	5.21097	4.92605	4.53745	5.5323	5.18762	7.12071	9.05121	7.08702	2.63684	6.23566	6.61047	4.94435	5.91006	8.83597	9.91387	7.06212	7.8284	8.50942	8.83597	9.61424	9.84705	6.94274	3.93943	6.86488	8.41312	5.1701	4.5539	2.70487	2.46445	2.98199	3.00734	4.10833	5.65345	5.59738	4.19188	3.04243	3.44827	4.18473	6.50772	7.56806	7.75018	9.84235	8.03587	7.78296	6.1413	1.01666	5.45866	8.28588	6.95987	5.27952	4.35069	2.66544	2.72177	3.59009	2.6138	6.07978	9.20236	9.57751	9.54098	7.97686	14.7131	18.578	20.4331	20.3735	21.6235	19.7677	12.9409	12.1974	12.8122	14.2977	7.47337	8.27678	11.2007	16.146	13.9856	6.59671	4.43681	4.36135	8.82063	13.8404	16.1378	21.212	7.97076	25.9703	14.8889	5.35575	6.8391	13.3701	5.9099	3.80261	1.71678	1.57859	2.66544	3.00734	3.28648	3.58589	3.86577	3.27262	3.44827	4.00785	4.35092	2.37036	3.32745	4.7324	3.93916	4.35069	3.58991	3.30932	3.0424	2.83623	3.14032	2.49504	2.18384	2.63684	3.21188	3.47009	2.65407	3.00734	4.89834	4.9107	3.72652	3.08689	3.0424	3.67325	3.14026	2.42089	3.62342	3.35013	1.74321	3.84617	4.87056	4.01899	2.23196	2.75498	3.25403	2.66544	2.4644	3.8929	4.29838	4.97437	5.89716	11.1322	9.4043	2.09867	5.58653	7.72188	15.8691	18.1078	12.7017	6.63288	4.36135	5.90751
5.69234	6.10881	3.75839	2.836	3.46975	4.35388	4.26635	7.07801	5.55373	5.87913	6.42408	8.75953	3.86547	5.1376	0.3487	4.68403	8.31351	6.04963	1.1694	1.64435	3.28599	2.98172	2.72704	2.72149	2.80916	5.96999	7.33422	8.84013	9.54001	7.74982	4.52382	6.5505	10.7462	7.45661	4.94973	8.01471	10.8578	9.55522	6.81867	6.14053	4.24857	4.59308	3.85357	6.93978	6.75909	2.83586	2.75456	1.94858	2.57261	3.72202	3.96958	5.23059	5.99016	7.12005	6.8185	5.52099	6.29214	7.42064	4.13705	7.72871	12.6377	10.487	11.5376	11.6147	12.8838	9.23825	3.8654	10.2598	15.628	11.8097	13.5701	10.2565	4.05966	2.37013	6.02235	8.49623	9.01786	11.7326	9.04701	0.493143	9.04696	12.956	10.6035	2.70463	14.4796	10.0324	3.20215	4.2982	7.97588	11.475	13.4517	13.6628	9.36637	8.37554	9.16316	6.59822	2.7047	9.77289	12.3069	6.10156	6.59834	9.73094	6.42388	4.18432	5.69246	5.43075	3.86547	3.13998	2.85715	3.91192	7.44667	9.66154	6.14538	4.68102	7.59707	7.15144	5.77619	6.26386	6.78786	4.51701	5.99016	10.2072	11.2402	10.2526	11.351	8.54817	2.46421	6.9677	8.54989	5.04302	3.58537	2.32485	1.77746	2.43946	3.57286	5.78401	7.64382	8.32447	7.13048	2.99701	3.48284	4.68418	6.97419	8.73428	8.35443	11.965	7.97584	7.58117	6.80309	5.48832	7.30164	8.81984	7.9703	5.75279	3.96953	3.08658	2.20435	1.94855	2.61925	5.21598	5.52372	4.74803	4.20592	4.38154	8.48608	13.3421	13.1176	9.88186	9.9627	20.0009	15.8672	12.9034	0.3487	14.7191	3.04201	8.68857	15.8022	18.1671	13.1612	6.08924	3.28614	3.04711	7.51027	11.9169	13.1773	22.3637	2.75467	12.5104	16.6128	12.8306	5.28779	8.269	4.43613	3.68929	3.21149	1.06041	1.23268	2.57261	3.32734	3.52597	3.8654	3.62329	4.4904	5.01635	3.58975	2.03238	4.36072	3.72595	3.13996	4.12605	3.007	2.79287	2.92019	3.42145	3.86535	2.12014	1.79452	2.43946	3.84576	3.68941	2.836	3.13521	5.69234	4.46004	3.96953	3.14004	2.44566	3.50432	3.76629	2.61341	3.04697	2.96645	3.1159	4.35043	3.83397	2.61925	1.49953	1.97184	2.3249	1.32761	3.48266	4.89777	4.81095	4.75107	7.90854	12.1455	5.05517	16.6839	18.8455	14.8363	16.6715	12.4607	7.90325	5.14944	3.85369	5.39167
7.52556	8.14043	5.22711	2.23153	4.03703	3.04183	2.51261	7.60178	4.97951	4.30836	5.33254	6.94349	3.17803	7.52524	3.92709	4.72525	6.27245	4.51656	3.86513	4.30478	4.17664	3.13975	2.03973	1.60693	1.65347	6.75182	6.42324	4.91879	4.69988	7.31527	4.45632	5.31825	9.28948	7.7372	6.27245	7.47772	7.87958	5.45763	6.36721	7.36566	4.29757	3.83349	3.13972	7.2906	7.45585	2.57223	2.32462	1.55896	1.77734	2.87276	2.33773	4.10756	5.82476	8.06542	7.44593	6.82868	7.97486	5.83993	5.87862	10.4595	10.5204	7.23575	8.10782	8.14043	12.3347	11.3156	10.1605	10.1259	2.10561	9.77339	16.0028	8.94636	3.13491	2.8357	10.0866	15.7446	15.7658	15.0362	10.6954	2.65913	11.3154	12.0056	7.25988	4.52665	12.9876	10.5517	3.36304	2.95605	5.39963	5.77559	4.13681	1.60693	6.16665	11.3903	8.48676	3.21112	3.52565	8.90189	11.7935	5.0425	5.42992	9.50012	5.27852	3.1781	4.18378	1.87703	2.0323	3.32696	4.20907	4.38114	5.90879	8.09641	8.28955	4.68353	1.987	6.08866	4.55323	1.79426	6.93907	2.7268	6.88128	6.70337	6.6517	7.59594	11.7886	10.4854	3.76591	4.94309	6.31286	5.61478	3.66011	2.20406	1.92489	2.47632	4.40179	5.16942	5.44402	6.95856	8.48676	2.89914	3.04186	4.01828	7.15057	10.4537	9.35592	11.5124	6.16677	9.53857	10.6449	7.07525	5.56382	7.16918	6.21737	2.78717	3.91171	3.89237	3.6726	3.11562	4.74759	4.36388	3.96904	1.9869	1.47891	4.59588	6.4025	7.59839	5.21579	7.86469	13.0902	14.642	10.1929	1.88499	13.6912	15.4848	6.73864	12.4349	15.5395	15.0421	10.0966	4.5232	2.11994	1.57829	6.45796	9.957	16.0199	23.923	9.81523	11.5615	2.96617	21.8846	5.11358	5.39126	3.84539	3.38101	3.2533	2.619	2.51277	2.95605	2.33773	2.29178	2.43923	2.46404	3.63542	3.82189	3.31325	4.55304	3.72556	2.72107	2.75428	3.62274	2.26513	1.91698	2.03973	2.619	4.04809	1.75149	1.10248	2.15536	4.04809	2.44542	2.0323	2.78717	5.75458	2.46394	3.20171	2.80874	2.47615	2.99655	3.68892	3.48242	3.72168	3.89237	4.28023	4.77606	3.58938	2.03973	1.3275	1.71654	1.71654	0.888858	4.94309	4.97343	4.82293	8.03423	12.3857	12.7796	8.31113	13.549	5.21849	5.90909	10.1096	4.43576	3.48254	2.88341	3.10083	6.35769
7.52484	8.45123	7.4672	2.20393	4.20861	3.28552	3.27167	7.97792	8.32621	5.16021	5.28677	6.43205	5.39908	9.88994	4.04773	2.72084	3.81739	4.6316	5.73607	5.39911	4.68329	5.35447	3.75768	2.21767	2.1832	7.97792	6.04112	2.883	3.58469	5.39911	5.01835	2.83537	6.99194	7.63231	6.52416	7.18519	8.05546	4.51278	4.69916	5.32051	3.67225	5.18629	4.47268	8.20822	8.58959	2.53643	2.0909	2.0982	3.13949	3.86467	4.81015	5.45731	5.91597	9.77703	8.60504	6.54246	6.26237	4.84448	9.4269	11.5354	9.14093	4.23728	5.67271	5.49541	9.19986	9.44994	2.15517	9.3002	13.3004	14.0702	14.2114	5.01517	2.88312	3.86467	15.0804	19.3975	13.5682	12.179	8.13981	8.48433	12.2464	11.2876	4.52622	7.88854	10.6794	10.0378	4.09595	0.718708	4.12528	4.81005	5.24102	5.06908	9.01938	11.846	5.06888	2.98119	7.89984	9.38634	9.21263	4.80998	4.05889	8.26746	6.65127	6.21714	4.1364	1.9247	1.79418	4.34961	5.41301	5.77508	5.26106	5.3683	6.59696	6.26004	3.68859	2.8725	5.06296	4.13627	6.08072	5.75433	2.46379	5.49541	8.05546	8.83313	9.92086	9.35168	6.4807	6.80194	6.22409	5.75408	4.36337	2.36968	2.96085	2.99644	4.87228	5.56346	5.06906	7.12907	8.58962	2.6533	2.5365	3.84504	7.4672	12.523	11.0199	9.85173	2.03209	12.8812	11.6886	5.82402	4.85054	5.4543	5.11314	3.89182	3.82133	4.18353	6.05866	5.59577	4.89694	5.35447	6.48535	5.73607	4.68013	8.28358	14.1761	18.0856	20.5397	19.9187	20.6662	10.5072	2.18311	11.5599	10.6563	3.58469	8.1304	12.9536	14.8404	14.4924	10.314	4.94879	2.63609	2.29157	6.02122	9.81283	24.5059	21.2636	22.0001	6.78677	10.8556	23.3408	13.5801	4.06274	3.32664	3.15385	3.04146	3.52092	3.5253	3.13951	2.78691	2.44519	2.20393	2.51252	3.84507	3.19683	5.22942	5.9411	3.21084	2.47594	2.5124	3.27154	2.46371	1.77716	1.57814	2.6589	3.43392	2.11974	1.7427	2.1197	3.91116	2.75406	2.0982	2.83542	5.68067	2.78691	3.80155	3.46899	3.00643	3.13943	3.4994	3.13945	3.086	2.83542	1.57814	3.36274	2.66468	2.34398	2.12691	2.36968	1.97147	2.32441	5.01517	4.98208	5.36551	8.98498	9.95615	9.51793	1.98672	15.0859	6.45992	2.95575	8.15046	4.40468	1.87684	1.60668	5.45432	8.04998
5.4289	7.11573	7.02312	2.33728	3.27121	2.29135	3.46878	6.54181	7.84228	3.19636	3.5887	5.24046	5.22612	10.591	6.45923	4.69885	5.40711	8.07164	7.90109	8.267	8.25814	7.88783	5.56285	2.83522	2.99618	7.97712	6.96571	4.66681	5.90782	5.28634	7.86336	3.76543	6.6076	6.66603	5.40674	5.90002	7.59451	5.92789	3.04113	5.05362	3.97227	4.35265	4.27919	8.33593	8.27369	2.78664	2.80838	3.62229	4.45881	4.73086	5.22617	2.27151	7.63153	11.6331	8.54743	3.52058	6.98099	8.81775	10.8443	11.6213	8.30986	7.88766	7.97712	5.6985	7.99008	11.1217	10.1983	9.38711	5.35408	2.75379	10.5788	5.90529	1.79402	3.13908	13.7772	18.9954	7.41082	5.55195	1.60652	9.17172	13.3494	10.2876	3.2528	9.33058	10.5184	8.78558	1.2323	3.65951	7.48447	9.03009	9.07403	8.0349	7.96806	7.89874	3.38047	5.22612	6.58504	8.37149	10.043	7.30793	6.36626	9.304	10.0953	8.75239	5.61399	3.63473	3.91097	5.04472	4.36301	4.06227	6.08756	10.2142	10.3121	6.48019	5.14787	2.8565	5.94568	5.75121	8.07164	5.89777	6.38235	6.60326	6.31876	8.27369	8.0949	6.87304	3.72486	6.29031	6.99974	4.94215	3.80117	3.20129	4.42834	4.92419	5.24054	4.86872	2.21748	7.39041	7.35617	2.72629	3.68838	4.70846	9.02335	13.6965	8.05466	2.79206	7.35445	14.2503	10.6865	5.65637	5.2861	5.60312	5.56285	5.39856	5.22893	4.26513	4.21196	7.49862	9.65174	8.58924	10.0024	13.9883	16.874	16.5997	13.8518	5.82344	4.06227	1.9245	13.5473	11.5558	7.50812	11.2173	6.78619	12.3053	9.86146	6.90768	16.5743	17.2868	11.4613	4.9453	3.08561	2.83503	6.49825	12.6966	26.7862	14.601	27.5507	10.3725	21.7344	12.9491	23.6326	9.24195	4.06237	4.34928	4.26525	5.38745	5.11289	4.74994	4.60503	4.20476	4.05872	3.34455	2.96563	0.628452	5.53022	5.91523	3.34887	2.58938	2.44496	3.31265	3.49911	2.44498	1.74249	2.96561	3.89158	3.65962	2.75393	1.9866	3.73702	3.58856	2.58949	3.13921	5.49491	2.96563	4.09555	3.83288	3.85262	4.56564	4.97877	4.56564	3.97606	4.00244	1.49912	4.51232	3.8329	3.69253	3.7007	3.58453	2.80838	3.32628	4.80958	5.56288	6.87336	10.5253	12.6128	12.6837	10.3668	4.30383	13.2048	7.96778	7.28126	4.85023	3.20129	4.36293	7.83284	12.2826
5.39523	5.83571	4.68224	2.23088	2.44473	2.57152	2.65839	3.81664	6.06469	5.98774	3.58824	3.72454	3.34404	9.16454	5.21402	3.30313	6.07958	7.51761	8.60892	9.20174	9.08287	9.26021	5.98774	2.72046	3.04596	9.23481	12.4272	10.6561	8.68563	6.31142	8.1436	6.19661	5.39523	4.92344	6.51375	6.44233	5.39795	6.51375	0.628358	3.81664	2.66412	4.47173	4.27881	7.59971	7.16722	2.87203	2.95519	3.50314	4.80925	6.31846	4.74631	3.6591	8.11246	10.8962	7.94677	6.42405	8.22325	10.2829	11.7383	8.28219	3.1389	8.31041	8.13796	6.77427	10.3572	11.528	10.8965	11.7126	12.4206	13.2853	15.1493	10.7854	1.852	2.23077	9.02246	15.3714	9.78883	8.66827	2.36916	13.1057	14.2324	4.63051	5.22564	12.1211	11.8972	7.07772	3.31234	4.1245	7.28244	8.37762	5.6902	4.27899	3.55024	3.34404	4.35926	5.55164	3.11459	10.4826	9.27913	5.8257	6.77452	8.66864	8.36388	6.61398	5.4313	3.74895	4.51542	5.08877	3.58835	3.08533	7.90559	11.5093	9.68101	8.93122	7.67192	5.65605	6.87257	2.27123	1.71604	7.59389	10.1068	3.62174	3.82061	9.07278	10.3796	7.45389	5.04422	5.87668	6.15766	4.29638	2.61828	3.19622	4.43466	5.69829	5.98044	3.63437	2.1827	6.99914	5.82546	3.32608	4.89606	5.52181	10.741	11.9965	1.98635	7.44417	10.5781	12.7103	8.88964	4.40385	3.9717	5.83829	4.68229	2.6527	2.96533	5.43137	5.0174	2.7918	7.94487	8.75148	11.1741	12.7406	8.87173	5.331	3.23854	16.6983	22.9121	23.6944	22.335	20.2852	16.2147	5.73485	9.83825	9.65834	15.7902	17.332	16.7367	16.9832	11.9593	3.67152	4.1245	3.20082	7.40385	11.1648	26.2488	18.5179	28.6756	20.5997	26.8202	13.1058	22.6071	20.4955	4.37984	4.26483	4.84975	6.0796	4.84975	4.56519	5.29428	5.87692	5.38982	3.48152	1.98642	1.852	4.79654	5.11218	3.3621	2.61248	2.75363	3.21035	3.65505	3.30776	2.58923	3.11472	3.75697	3.15329	2.20351	2.18279	3.92588	3.85212	2.44473	2.46328	5.00526	2.96023	4.00206	4.34885	4.73044	5.67191	6.06487	5.0174	4.51212	5.73487	3.42016	5.87668	4.70798	3.08055	3.23854	3.38018	3.25248	3.65917	4.23281	3.83254	4.53532	6.25886	7.10895	9.04364	11.1957	3.85212	13.3483	14.9355	5.61323	3.34867	2.85621	6.03999	12.141	16.2324
4.74879	4.91989	3.52415	1.88436	2.15459	2.2909	2.57126	3.43292	5.05254	5.01371	3.94459	4.06141	3.69975	8.57509	3.91002	3.21002	7.127	4.6979	4.80865	2.12619	5.07626	9.05566	5.28501	2.27104	2.65253	9.44715	13.2961	6.5339	6.69635	5.04086	6.64918	5.49386	4.43407	5.43075	7.46504	7.75539	6.60197	6.28688	1.81878	5.06738	4.303	4.23238	3.37972	5.91412	5.78097	2.29094	1.88436	3.0056	5.04371	6.0765	3.85184	5.67109	6.75589	9.72634	6.42091	5.30509	4.59434	5.96722	4.89552	1.77661	5.01689	7.34474	10.035	4.89552	5.67109	10.6914	10.3439	12.158	10.6808	5.45296	15.0586	13.3628	2.49352	1.2321	8.54416	12.4303	9.95474	9.82492	1.05992	14.587	10.1791	7.36927	7.21641	12.1292	9.49816	3.89085	5.23944	5.0674	8.33437	9.76526	4.80858	2.03893	4.14977	5.87631	5.77343	3.58803	1.98619	11.1945	10.5478	3.44609	3.21002	4.40007	5.99709	5.87603	4.23591	2.7034	3.83213	5.38639	4.48824	3.19589	8.1371	11.5628	4.87074	1.60627	4.84925	4.3484	9.28287	7.45124	7.7557	6.25831	10.948	7.07256	9.05437	11.6904	10.626	5.78097	3.32557	4.24653	4.91989	3.9751	2.10479	2.87173	4.18947	5.9396	6.73631	5.20795	4.40339	6.67374	4.89542	3.27071	4.37944	4.70753	9.72634	8.09338	3.5498	5.5617	7.0261	9.20999	6.06407	2.75326	3.19575	5.42788	4.4342	7.95927	9.29596	9.14477	8.10467	8.32409	13.783	7.61064	8.31499	3.69975	12.0776	14.2581	16.1911	17.545	13.414	9.18327	6.98991	25.724	13.2493	10.7076	5.67109	11.074	16.8382	15.5663	13.6769	12.532	12.558	3.65879	5.35279	3.97525	8.68445	11.7048	23.0825	19.6094	25.0704	26.6411	17.3333	24.2935	19.0394	25.1783	3.65873	3.42852	3.89073	4.97767	3.84395	4.29614	5.80452	5.98734	5.90668	3.36187	2.53576	3.30279	4.35863	4.74561	3.20995	2.46302	2.11912	2.27098	2.98028	3.30742	2.58896	1.92414	2.61215	2.23054	1.04549	1.40472	3.11427	3.28441	2.1047	2.20322	4.44419	3.58789	4.24674	5.90426	5.5403	5.11185	5.44174	3.17681	2.32378	5.06738	2.42578	5.63661	3.97129	1.60629	1.94767	1.36086	2.41952	2.83449	3.57096	2.80768	4.04655	4.97156	5.0406	12.1527	11.9593	1.23208	13.6177	15.8312	6.28915	2.271	1.0599	5.07626	13.5638	17.6236
6.01886	4.59038	2.66358	2.27085	2.42565	2.66365	3.65432	4.55097	5.32976	4.89494	5.25895	5.92632	5.74154	9.08074	4.68151	5.05234	6.08575	2.10449	6.05604	6.26963	6.2697	6.5944	3.81983	2.1046	2.20309	9.82393	13.7907	6.86031	5.167	5.65756	7.35617	6.28627	6.5946	6.77305	6.30761	7.52169	6.82542	4.03502	4.35819	5.52861	4.06099	3.32522	2.85548	4.56407	4.0573	2.53553	2.51156	4.00505	4.55097	3.89029	2.85548	5.91351	6.38043	7.73925	3.8515	5.35252	5.63639	3.46777	2.70315	6.77305	6.43899	9.17103	13.7123	10.2541	10.7408	10.4893	5.93916	3.11413	6.97029	12.0754	16.731	11.5369	0.389622	3.65432	8.05233	11.0193	10.7926	8.81634	2.99511	11.0885	8.51784	11.4386	8.61592	9.83593	8.3988	2.18225	5.93379	7.10753	10.0355	8.81469	2.96465	2.87147	7.20949	9.57144	10.127	7.44277	4.91653	8.5104	9.76877	5.92617	4.68128	3.34795	7.31353	5.39685	3.46763	2.32357	4.06109	6.10529	4.00517	3.58349	6.07329	9.29615	6.11514	5.01627	4.18892	4.06099	12.4542	10.3425	6.878	8.16399	13.1969	11.1873	9.38279	6.773	5.67048	4.91939	2.91841	4.06109	5.65733	4.29553	1.32686	2.46275	4.97718	7.80997	6.18105	6.47811	5.05203	6.07329	4.17464	4.20354	4.264	4.52114	7.90399	4.80808	4.01624	5.05203	6.7838	7.52165	4.79555	2.21668	2.71976	3.32536	6.44831	7.49645	6.93622	7.7778	7.61611	7.34433	14.6352	14.835	9.95393	9.50996	16.2766	12.0542	12.2703	9.32793	2.49327	10.0401	17.4208	18.4324	6.5834	3.82005	9.44621	18.9922	18.9039	6.97897	9.77528	10.9315	11.4305	4.52448	5.60149	3.13829	7.69319	18.1534	17.6559	14.238	12.8667	23.1938	7.80049	25.2567	17.4365	25.638	2.70306	3.34335	3.81586	4.18892	2.99511	2.15439	3.90986	5.16694	6.78398	4.30271	3.49809	4.01624	4.59367	4.44374	2.66358	2.29073	2.4628	2.66365	3.15267	3.31166	2.27076	2.51141	2.71976	1.87603	1.16879	1.57753	2.81279	3.34789	2.203	2.42554	3.86303	4.48757	3.15267	4.35844	4.12389	4.90718	6.14181	2.09726	2.41927	4.45388	1.9475	5.27599	3.9747	1.81867	1.74204	1.23197	2.75295	2.89756	3.58328	3.36142	4.27794	5.28444	9.28521	11.8644	6.98926	8.05276	13.8021	13.024	6.7552	2.03875	2.27076	4.43358	10.432	17.0078
5.83662	5.56879	4.016	3.09922	4.07194	6.74604	9.3976	9.34607	6.05577	3.13788	4.48718	5.64882	3.83142	9.17012	7.51543	4.97688	0.246398	4.51081	6.9546	4.97669	3.19986	3.76377	2.78557	2.51131	2.26392	10.0447	12.7678	6.37989	2.75274	4.94657	8.85732	6.98882	8.49084	8.5169	5.43815	5.36573	7.23119	3.23743	5.01277	5.87493	4.1488	3.43227	3.26996	4.07181	3.75588	4.69715	5.05182	6.02599	5.77232	3.34774	3.52346	5.53898	6.22109	6.5028	5.41053	4.5507	1.79332	3.54913	7.45183	7.9129	7.52129	6.42898	8.20789	6.98874	3.57029	8.16294	10.2403	14.3083	17.1557	15.4401	10.726	4.18856	4.29533	5.05171	10.9038	13.4112	11.5944	7.9927	5.92577	8.78241	11.0372	11.1037	11.1814	10.253	5.56073	4.30563	5.97343	5.89272	8.64533	6.98863	2.75282	4.52071	9.0151	9.50904	10.835	12.8779	13.4629	10.4315	9.73818	7.40782	5.16626	3.83132	7.23119	4.35781	3.48476	3.72364	5.23851	6.903	4.12347	5.21276	7.52125	6.84235	4.13426	5.56059	4.55046	4.69691	13.2041	10.9631	3.48476	6.96329	9.91631	6.31639	4.77331	8.59108	10.9001	10.2416	6.39881	4.86993	6.13402	4.61944	2.47487	3.32504	5.54984	7.22299	0.938219	6.87047	5.18362	4.7479	3.73577	4.97688	5.93347	8.01877	8.85741	4.12347	4.27757	4.94029	6.39858	6.13644	5.23851	6.13671	7.05672	7.10925	7.3436	6.30959	5.9787	6.77247	7.52922	8.10679	12.9018	16.8706	19.7513	19.5035	15.9768	8.81432	2.51131	7.22331	15.8919	21.9873	22.5872	12.131	4.47053	3.34764	14.1621	18.4955	11.9787	11.4299	10.978	9.96463	8.57349	3.03997	3.85099	3.31137	7.56237	19.6804	15.736	18.5641	16.3152	12.6787	12.6527	23.804	12.0278	23.9109	7.07536	3.32504	2.89731	3.65804	3.67045	3.48042	2.97461	1.48836	5.90557	5.99363	4.89454	4.45691	4.97669	4.39911	3.04007	3.2	3.50212	3.89011	4.01593	3.3476	2.36845	2.65762	2.46252	2.53528	2.5885	2.72521	3.30679	3.54913	2.44402	2.83401	4.01588	4.51062	3.28379	1.3606	3.03997	6.13642	5.15749	3.17626	4.30219	3.71946	3.2	5.56879	4.53403	2.72521	2.34285	2.81265	3.86281	4.36137	4.78263	4.4535	5.93833	10.8119	13.9596	5.55803	3.89011	11.1412	15.4906	11.8612	7.45183	3.45437	3.68694	5.39653	8.44722	13.6422
3.49738	5.4293	5.0661	3.23731	5.77175	7.99211	8.55923	8.67215	8.16247	4.5204	2.47449	6.74733	2.27028	6.63856	8.43443	7.14583	4.48672	4.86947	3.13281	1.92357	4.20625	4.86949	3.46712	2.58828	2.27042	7.25507	11.2673	9.66963	7.73027	2.29025	7.88391	6.81784	7.65138	6.76514	4.27737	2.97943	6.98789	3.13753	4.20966	5.53841	3.74735	3.84282	4.06032	3.69066	5.03948	6.25916	6.25916	6.85928	7.28814	6.2088	6.48145	5.29201	5.28357	5.60044	1.81825	2.95909	6.44003	7.57559	6.62713	6.39805	6.08465	3.19501	3.86255	12.2984	15.4804	14.0131	9.5201	10.6234	10.3241	5.6538	0.38957	3.34745	3.69892	5.73004	16.0992	15.7901	10.5137	6.76295	5.29227	8.1353	8.96561	8.57319	9.99923	7.97937	4.34725	6.06238	6.60454	6.16266	9.05151	7.37086	2.75261	3.49738	10.2856	9.58599	6.90481	8.96074	12.424	11.7866	11.5464	9.718	5.92542	6.36288	6.77153	3.0397	3.26981	3.8154	5.58176	7.13965	4.66458	4.97044	8.5022	8.26307	5.1105	3.88956	4.55	4.12288	13.6406	10.9132	5.65354	3.56992	5.04228	7.50486	9.15678	10.678	11.1181	10.8988	6.31581	5.21197	5.66942	3.48441	3.94371	4.45667	6.62713	5.7716	2.34249	5.9124	4.35736	3.83104	3.57017	4.72859	6.1628	8.48136	6.93908	4.06042	5.59227	5.4097	5.4097	4.20618	5.78226	7.97937	8.72634	7.97937	6.90478	5.35152	5.18334	5.22661	5.38778	6.61145	9.54953	12.9536	15.7349	13.657	5.65392	5.3147	14.3437	19.5363	21.5165	19.8847	5.93294	4.69338	1.98564	11.9944	23.2299	20.316	8.75291	7.6381	12.8643	14.9837	11.726	3.8623	3.25112	2.66315	6.859	14.5065	12.5744	13.1682	24.6619	5.8338	24.2873	16.6456	13.4278	17.5801	18.3365	3.96652	3.28366	1.7761	2.10409	2.91786	3.90892	2.18184	2.29029	5.44018	5.6879	4.34697	4.58951	3.25112	2.88148	3.1377	3.09896	3.46712	5.43738	4.18813	2.09686	1.92357	2.53505	2.65179	2.46239	2.41896	2.7853	3.37875	2.9642	3.65363	5.08673	4.5236	2.97943	0.49277	3.81514	5.45387	3.84282	3.58698	5.18318	3.69059	2.27036	4.81971	3.86239	3.13773	3.20919	3.26981	3.51889	3.83092	5.69577	5.03914	7.23867	14.2034	10.1404	3.45384	5.45399	9.12094	12.1447	8.30566	6.23034	4.43301	4.51041	5.28369	8.15482	11.8826
4.53326	5.25755	5.77108	1.94693	4.50977	4.54961	5.1332	6.62189	5.05087	8.64572	5.15676	3.90854	5.93715	0.246364	6.14014	7.01279	6.4184	5.48363	2.96399	2.83357	3.34706	4.51986	3.82675	1.97015	1.8512	3.47968	6.37874	8.43338	10.3397	5.82014	3.69018	4.3467	5.62394	5.5488	3.25092	2.99443	7.37022	4.17708	5.01488	5.59181	3.13735	4.01521	4.91506	3.28332	4.84124	5.55982	5.7713	6.1501	6.13547	5.62402	8.48043	6.06184	4.97876	5.83292	5.39264	6.26792	9.15562	6.79976	2.12549	5.28309	7.14514	5.56778	10.6727	7.35024	9.54681	18.8115	12.1706	5.98488	4.84731	1.74149	4.60228	4.84743	3.58662	5.4369	17.2021	13.2049	4.07117	3.66979	2.8969	4.44272	6.47646	6.14045	5.39278	3.86203	3.34244	5.99484	5.87387	5.71109	8.59935	5.65306	1.47787	2.617	10.8097	10.6506	4.34676	5.45091	6.60415	6.45343	8.16149	7.47835	5.51921	8.82729	7.14514	3.36061	3.58667	3.32448	5.77112	7.49803	5.82291	5.73225	7.66808	5.92471	4.84124	3.1994	4.66391	3.9431	13.6591	9.91433	6.31527	5.43713	5.98509	5.72696	3.79911	0.550851	9.88344	11.307	6.83011	5.59983	4.05988	2.03073	3.34711	5.72696	8.48925	4.29452	5.16524	4.34659	2.99429	2.27014	3.26948	4.43249	5.05073	5.74765	1.49817	5.00286	6.44621	5.06547	3.5228	2.88119	3.97375	4.58935	5.5165	5.73225	5.31723	3.66986	3.82675	3.6903	3.6903	5.06561	6.27036	6.28942	5.60538	5.66895	7.59614	10.043	15.193	15.9676	13.6872	4.03394	16.1411	15.3731	12.5539	20.8578	18.1679	10.7161	20.9183	10.5414	9.358	13.7697	15.1191	6.39973	4.01517	2.36809	6.28918	9.18109	6.13556	5.13027	21.6712	7.96353	24.3948	8.5169	21.4176	10.5439	25.4314	4.18061	3.32448	3.09864	1.87558	2.03063	2.99429	3.5228	0.938041	5.98483	5.54065	3.93545	4.14801	2.26345	2.18174	2.7523	2.96399	3.69025	6.66228	4.34659	1.9234	2.09679	2.88119	2.66289	1.72404	1.79298	2.0895	3.19928	2.70231	2.9176	4.74383	4.1335	2.91768	2.0895	3.96598	4.24493	3.32431	2.4926	3.32431	3.17561	1.94693	3.83059	4.30482	2.43736	2.22981	2.33583	3.96598	4.05988	4.84108	5.48374	11.0033	15.9048	6.90164	8.31718	7.28529	4.27676	12.1437	8.69304	4.31879	1.72404	2.5879	3.72275	8.0666	11.6637
5.21419	5.72896	7.07129	2.03055	3.20836	3.81442	4.18734	10.0693	7.10498	9.28205	7.29481	1.9853	5.49119	2.85459	6.21933	3.26902	6.0761	6.94194	3.66954	2.36788	2.49245	4.36015	4.942	2.21599	2.21599	2.26324	3.45319	6.45479	9.5536	8.10977	1.39321	3.56949	6.69981	7.29481	5.69508	5.77081	8.70412	6.26979	7.46562	7.12363	2.63403	2.80633	3.81839	1.72389	4.37732	4.51955	5.28282	4.81906	4.17307	4.2624	9.28176	7.21271	7.96251	7.90855	5.22544	5.97674	9.23586	6.09344	6.24821	2.44334	9.25478	10.4002	8.91965	15.3715	6.7332	17.1096	13.4304	6.41776	5.87323	1.43605	7.90855	8.64495	8.91944	2.26324	16.0554	13.9627	8.89487	6.67069	3.79863	4.39802	4.36015	2.49242	4.92057	5.90374	8.02741	9.83692	8.38903	7.15713	6.31462	2.95844	1.96998	2.44332	8.80132	10.254	5.90391	4.1221	3.61987	7.11149	9.17889	5.43665	5.156	7.83708	6.28616	3.09837	4.58895	4.91784	6.96759	9.06293	7.68495	8.00008	6.36433	4.74343	4.34643	6.13992	5.60488	6.59193	12.8913	7.81076	7.94061	6.02432	5.35016	6.61021	6.50124	7.20691	10.3654	10.1786	5.66838	3.9427	2.63403	2.61106	3.08366	6.1615	6.1615	3.43127	6.42001	3.19893	2.20217	2.21599	4.43208	5.89385	5.77072	4.34629	1.25583	6.05377	5.36139	3.34209	2.03798	3.69822	4.36023	4.27656	4.36023	3.81861	3.09837	3.34676	3.66945	3.66945	3.49677	3.49677	4.53259	4.63763	6.59891	12.75	16.7705	16.1222	16.1169	15.4247	5.49119	13.0629	20.1986	7.27848	2.66265	18.2023	12.413	3.81861	18.8509	15.0812	8.06584	13.5472	15.281	7.82765	3.37811	2.75195	4.23389	6.98676	5.08577	20.0889	17.2949	20.4894	17.7522	7.46562	24.8433	4.43191	27.7898	7.23537	1.60547	0.870891	1.9853	1.98526	2.42462	3.47932	1.71498	6.60321	4.27633	2.70759	3.30122	2.53458	2.47419	3.34232	3.20858	5.21388	6.99509	3.58193	2.03798	2.57017	2.81187	3.13703	1.60555	1.71506	1.94673	2.81173	2.57002	2.88078	5.12975	4.51933	1.26791	2.83313	3.9427	4.07429	4.31834	1.85091	1.77581	3.42706	3.47955	2.43713	4.54914	3.34209	1.32629	3.58612	2.89647	3.86173	5.22563	4.97545	14.7422	13.1757	7.51922	10.5074	8.85495	6.21966	9.51833	8.40442	5.78078	0.718161	3.23649	4.05946	6.75267	9.74886
3.32368	3.86124	5.36371	3.30103	4.35973	6.25478	5.91095	11.077	10.6704	9.56993	12.9608	9.39411	5.00208	2.46163	4.43165	7.38525	8.94654	7.97684	4.97501	4.84033	3.83006	4.40098	5.90335	4.34599	3.34197	3.11264	3.31012	3.86124	6.43805	8.28895	5.83183	4.70484	6.79622	7.13773	5.77022	6.50058	6.07555	1.0449	6.58008	5.29335	3.13675	4.17627	4.30067	4.07414	2.49213	2.85416	4.35969	4.12191	3.48345	8.16012	9.83153	7.18737	8.32971	9.52971	7.00948	7.44906	10.0512	6.25482	9.13967	12.416	13.4798	11.1149	6.9349	10.7356	12.7325	11.4968	13.2067	7.68965	4.72705	1.43595	9.11841	9.19208	9.41747	11.6842	9.5175	8.89362	5.9236	10.1161	6.76093	3.81409	2.96334	3.03883	5.80096	5.97622	8.65746	8.48745	4.07394	2.4369	5.32745	5.7102	3.5008	3.17507	5.77771	6.10245	7.98995	10.2193	7.61824	4.05912	5.79332	2.78993	6.86789	6.11217	5.22219	7.98445	10.6041	10.4887	6.85734	7.82135	6.3612	6.59163	5.97148	4.57199	5.85507	5.83211	2.2896	8.21742	11.25	5.25069	4.63721	7.68396	8.90521	6.02361	5.38623	7.05408	7.80633	8.2818	4.07394	2.4369	4.17999	6.39882	7.69	8.4145	4.67928	5.49076	6.39627	4.9142	3.90797	3.96921	5.77011	6.64557	6.21901	4.96899	4.72077	6.66999	4.78083	3.31012	3.6568	5.28225	5.6337	4.34599	3.973	4.12191	3.73436	3.68961	3.48345	3.68543	3.76235	3.99939	6.69233	10.0077	17.8289	24.8873	22.4115	15.3586	7.27175	8.47731	14.4069	14.1763	9.78371	5.28203	7.56369	15.341	10.8425	5.01393	14.835	20.8972	7.28405	14.6939	14.6437	7.77586	3.65674	4.34933	3.82603	5.22495	5.98375	25.9091	13.6525	25.9804	16.7299	1.65188	25.2575	6.37754	26.1751	12.4281	2.61067	1.48774	2.15337	2.51036	3.32379	4.35969	3.84174	6.98601	3.75437	2.97863	3.90799	5.59101	5.31623	4.93868	4.51241	7.05378	6.51632	4.17627	2.65674	3.1368	3.76253	4.97496	3.76253	2.71864	2.10359	2.63379	3.03885	4.60142	7.54391	5.79341	2.83299	3.69765	3.23621	3.82996	5.79341	5.43611	4.56219	4.79358	5.91108	5.53718	4.35973	2.95818	1.88321	3.32368	1.57678	2.20204	3.20813	4.31797	16.4086	8.22284	7.83304	8.43203	7.97684	6.43831	9.67444	8.49975	5.22215	2.33548	4.01445	5.25656	6.76324	8.88535
4.44123	2.58712	3.00356	3.96509	4.84608	4.51184	4.27552	10.6937	11.4918	5.74629	11.6794	13.9315	9.19007	5.51763	4.58809	6.63607	9.32273	9.54599	8.85021	9.58743	8.34532	7.74112	8.22242	6.91937	4.50871	4.58806	6.96007	7.97079	6.69192	7.39825	9.87475	8.47815	7.40452	4.09216	2.0375	3.69753	5.78009	8.58366	9.83079	6.54343	3.45277	4.22958	2.65079	3.58562	5.30164	6.93649	8.13746	8.52855	14.3579	14.6099	14.1359	10.5717	6.33017	9.15757	9.27991	5.60893	6.15293	5.42725	6.04312	7.20556	9.9282	11.5121	8.36439	1.74105	6.50919	13.7349	12.1828	5.83384	2.58715	4.29331	9.34297	12.1673	13.1568	18.7454	14.3893	5.05832	4.18655	9.16397	7.06987	7.36401	5.55542	7.01751	9.01113	9.02245	10.5094	9.65525	7.35842	10.9785	11.1763	8.82669	4.56173	4.3972	5.5581	3.41756	1.0592	5.76943	8.7025	9.83046	6.44436	3.09758	5.83381	5.65168	8.3188	10.5594	10.3989	11.0778	8.81023	5.79276	7.16173	5.48207	6.50919	7.51793	7.49603	5.90042	7.97601	9.59293	11.6444	7.89216	6.76263	8.30953	6.79759	3.72167	3.58548	3.08296	4.91965	6.0229	3.15089	5.53939	8.07027	8.83024	10.6291	10.4268	7.01757	6.83927	7.741	7.3402	6.51601	6.13387	9.44752	10.4044	8.26722	5.83416	6.43754	7.37424	6.30418	5.90042	5.74891	5.54745	4.5618	3.66885	3.08308	4.48503	8.47655	8.98358	8.89319	13.2754	15.737	16.4113	15.669	16.387	22.8227	15.9464	2.4614	16.7147	20.4124	16.6377	14.6952	12.8236	3.97265	6.69839	19.4887	17.2225	11.0919	6.7626	7.97616	18.3564	15.3573	12.9746	15.5044	7.23611	4.89236	5.67553	6.62474	6.49973	5.72537	23.1143	26.0857	11.5121	28.9643	14.5397	20.2832	16.3075	18.7829	20.2235	8.98821	3.86093	2.8326	2.11772	3.30981	4.57147	4.5319	7.77323	5.5582	5.28179	5.73068	6.26635	6.30668	5.15827	5.55812	8.10275	6.81517	5.23606	3.65648	3.75412	4.20835	5.83413	6.01584	5.25049	3.93457	3.30073	2.78966	4.67864	6.63795	2.70707	2.32218	4.69161	5.13198	5.97096	6.85674	6.09229	4.50871	4.35597	5.45218	5.90042	3.45277	0.174152	2.80586	3.86093	4.29331	6.36788	9.87666	12.5243	13.0333	3.07801	0.88795	5.03724	12.0174	9.90624	5.85454	6.45358	4.53185	3.90765	4.17957	4.5319	6.77999	12.1824
3.00328	3.79768	3.58529	5.70913	6.0425	1.98472	4.35534	10.6466	10.7736	6.69108	2.28921	9.16505	9.99867	7.61109	5.40748	4.34853	6.91868	11.7028	10.2743	8.53809	7.17797	6.0226	5.04883	4.84548	3.17447	3.66841	7.51693	8.36557	7.97558	8.19455	12.4762	7.63426	2.78399	1.23113	6.60147	7.84095	9.59259	8.51223	7.60522	7.01052	8.10598	9.86982	10.6063	11.0193	8.07679	7.1779	9.67291	15.2261	14.485	8.63745	8.04744	7.97558	5.89982	4.58739	10.1715	7.49522	6.92516	10.1204	12.5278	14.1148	14.5627	16.319	14.4476	13.0597	12.177	9.03599	4.31716	2.56931	1.91479	5.60312	10.569	12.5103	14.0984	8.91709	14.1144	5.92232	4.97392	8.73699	7.90638	9.71009	7.10489	3.68898	7.29275	9.81763	10.5962	5.83333	7.36776	8.73229	8.60994	8.82896	3.1362	3.52161	5.2811	4.51824	4.59088	3.86063	5.00994	9.08772	8.13103	1.56684	4.94062	5.63264	9.41572	7.8259	5.55766	5.43508	8.4774	4.91641	6.0521	6.87311	5.73781	6.61974	4.7454	2.58692	6.9847	11.1554	14.5086	8.69647	4.54789	6.74197	5.58969	3.03828	1.8748	2.80556	5.87162	4.61683	3.56845	6.30357	7.12188	7.66541	8.976	5.7795	5.40736	5.42673	6.07441	5.65381	6.25373	5.21268	9.67409	8.21793	6.01523	5.45153	6.52887	6.52887	5.25557	4.74224	4.38652	4.01373	2.85376	2.78399	3.07775	9.71912	10.0754	8.53814	12.9999	15.0785	10.0497	6.89926	11.9413	16.7209	17.0581	4.30342	23.3484	24.3128	17.2114	8.43017	8.38645	14.3733	17.4447	10.7577	20.3895	10.4908	11.7213	8.20369	6.1912	7.80492	14.1059	13.1213	13.2737	6.66874	3.15058	2.83245	5.51692	5.76889	3.08277	10.8727	30.1513	20.4195	26.5122	26.6798	13.8165	19.0692	8.69654	15.3874	12.5103	7.21073	4.05835	2.56931	2.53378	3.37712	1.94612	5.54671	4.51156	4.74224	4.2929	3.58532	3.68891	2.42395	4.07317	5.93492	5.51692	4.05842	2.97807	3.13133	3.5472	4.44104	4.89498	4.51156	3.28208	2.65623	1.98469	3.58514	5.20382	4.09167	1.48746	4.12114	5.58996	5.39359	5.38234	4.40008	2.97807	3.17447	2.91658	3.30492	3.00328	1.92267	2.95763	4.58739	2.75118	3.9071	8.09836	6.64419	5.00994	4.51144	6.56315	13.0157	17.1656	9.6502	7.06954	4.74204	5.28101	1.92269	2.78399	4.2927	9.06511	14.4846
2.89556	3.54687	3.34555	6.43633	4.69409	5.55708	2.80533	8.77633	9.41441	8.20072	6.25284	3.81695	7.11065	8.59579	8.73657	6.60113	6.3055	7.34682	6.13249	4.83877	4.44039	5.31442	5.13076	2.89538	1.74933	4.39965	9.38804	7.27371	5.90947	7.43711	9.42529	2.53353	4.3448	4.00215	6.9005	7.14176	5.38474	5.55725	5.82013	4.27495	4.54774	6.93295	6.43416	6.45275	6.25317	6.95876	9.97462	10.8492	8.26556	6.57846	6.36194	4.45082	5.39009	0.174119	7.4369	8.85176	7.92472	3.20731	2.83226	4.62637	3.8602	8.20256	9.99208	9.732	13.0958	12.4749	6.74138	2.49141	1.74933	4.80446	12.3625	12.4908	12.8139	5.57861	14.7971	11.8364	5.23507	7.51016	6.90047	8.62772	9.01401	4.52107	5.3845	10.8434	8.82313	7.16083	6.82721	2.08851	9.52546	7.3465	2.36702	4.2925	6.24349	4.67798	4.17878	2.80544	3.19775	7.95211	9.03503	1.74066	4.18588	4.86672	6.43633	5.53566	5.59749	4.72598	7.32457	5.89931	4.86364	8.89108	7.57116	4.42371	3.68437	7.77178	9.64167	10.4022	14.8306	9.76005	4.77945	6.5418	5.79928	3.13576	2.61579	4.03205	4.67779	2.33484	4.82973	4.86674	5.31171	6.95011	7.57135	5.65331	5.68494	5.90169	5.42614	3.9719	4.91283	2.83226	7.99657	5.65035	2.26244	5.06324	7.23476	6.43395	4.17511	3.30011	2.75105	3.75341	3.49983	3.88742	4.74156	9.56682	10.188	10.4414	10.3071	13.306	16.3064	15.8684	18.5094	12.1802	7.36669	13.6253	25.6268	9.4937	18.8913	9.20695	16.8924	10.5683	17.1664	7.50065	20.0056	7.74879	5.6214	5.58945	8.47474	5.04854	5.42361	6.22683	7.71824	5.93431	1.60483	2.34116	5.0482	4.00189	2.36699	2.86931	28.9315	29.7689	25.3976	29.4501	14.8278	11.4081	17.6486	16.0794	9.61264	9.89938	4.56069	3.37684	2.97775	2.32174	1.26738	3.52114	3.0381	3.90691	3.45212	2.36699	3.34536	4.30275	4.29227	4.34451	4.2429	3.5848	2.32174	3.20721	4.87595	4.10249	4.00203	3.37684	1.92251	1.11481	1.77514	3.8602	4.74165	5.11033	4.87595	3.82901	4.00215	3.82887	5.06305	3.58483	3.49983	3.58498	2.02978	2.63303	3.48247	3.81717	5.28071	7.12114	7.01626	8.51138	10.8717	10.2775	8.79649	7.06855	2.03721	17.1192	17.2698	2.61579	7.10221	3.30011	5.68469	2.36689	2.46094	5.83275	10.6442	13.7347
2.22854	3.14997	3.58464	5.42558	2.1805	4.59975	4.48402	5.98136	7.86349	7.14109	9.30759	6.52559	0.738586	4.00174	6.13198	4.07261	0.522292	6.15121	5.27996	3.85972	5.29977	6.55249	4.67728	2.15254	2.65573	7.03427	10.8478	8.82415	9.33911	11.376	9.70864	4.94283	2.95702	2.36674	6.43329	6.49083	2.49123	3.94107	5.22291	3.92173	4.5307	4.69025	2.80498	3.34502	5.31423	9.40159	10.8788	8.63581	7.6813	7.74842	7.12682	6.72999	8.96615	7.84695	1.16778	3.66769	4.39574	6.37967	3.49504	4.69361	7.36637	8.12985	7.2833	10.9446	12.2689	10.1078	6.8652	2.3215	2.1171	5.98896	16.9757	16.0746	9.14073	5.10682	11.1934	16.5929	15.4922	15.9663	13.8197	10.0839	8.51206	5.38408	5.9891	11.0691	9.82798	8.74247	5.67389	5.92111	8.40044	5.85268	4.5074	5.89103	7.68503	6.21669	5.55659	4.56047	4.74449	6.12932	8.45458	4.07233	5.42305	7.8921	6.9494	6.05121	6.74105	5.35911	5.21155	5.20304	6.75862	10.1696	8.0236	3.48211	7.82393	9.64787	6.12932	5.20849	11.5768	10.6745	5.96147	6.82617	5.81931	3.66764	4.0016	3.75291	3.19758	6.36129	6.90022	6.2526	7.95901	9.31847	8.31273	8.35522	7.89015	7.49386	7.82434	7.30574	6.86552	4.58672	5.5158	5.8882	0.870414	2.75059	5.87042	5.83215	3.88711	4.27451	5.3001	5.43405	4.20344	4.46701	5.04783	7.95898	8.58119	12.6383	16.439	15.1636	8.80735	12.6322	20.1584	13.0836	4.8385	21.4037	16.1455	9.11044	15.2777	8.47601	18.8789	8.89063	15.5206	5.17989	15.1826	11.3045	6.45171	1.87451	7.44622	7.1081	6.13699	6.63415	6.66765	4.3992	2.02945	2.36662	4.13111	4.63555	4.12036	4.05382	29.8709	22.1902	31.4275	19.5121	20.1988	1.47703	21.1706	11.1422	10.7412	9.52628	4.54708	3.30882	2.80504	1.92231	2.46074	4.91548	6.6185	6.69008	5.08343	3.34049	3.73273	3.93315	4.0128	4.53054	4.74116	4.29889	2.86901	4.86622	6.10992	3.90651	5.21155	4.97307	4.45369	3.34071	3.63056	6.93009	8.47411	7.23633	5.9891	4.48402	4.01296	5.13023	4.56023	4.4402	5.42305	5.17998	4.58675	4.8261	5.87079	6.39411	7.01548	7.55695	6.74984	7.28114	7.97371	6.89775	13.0132	8.73017	7.46207	16.0889	14.3544	2.2689	6.13186	4.96712	5.72885	3.68819	3.23515	6.64292	13.4146	10.6309
0.717744	1.60455	2.26194	3.58414	1.81692	2.09539	3.30851	2.85278	6.68686	4.51025	7.20275	8.31355	5.9206	0.389269	2.95676	2.60941	3.49898	6.51548	3.03737	2.47262	5.44977	6.34869	4.35754	1.81692	1.84996	6.59949	9.56193	8.80812	7.9564	8.50969	7.25204	7.80262	5.86996	4.30194	5.90041	2.34072	4.89045	6.37478	9.92405	7.34513	2.49098	1.57602	1.015	5.68362	5.22245	5.06232	4.76922	4.3438	5.55599	4.89045	4.06845	4.4228	6.6938	9.15438	6.24464	3.20666	4.90255	5.89277	4.13072	4.53003	8.98478	10.0468	7.47548	10.2935	11.2487	7.23336	4.6252	1.81687	1.43526	9.60768	19.4073	11.5759	2.20091	6.3745	2.60954	10.5786	11.6567	9.97264	7.35555	6.68716	8.326	6.90376	6.68716	10.5674	7.32313	5.22261	6.74226	6.68907	7.06934	4.37481	3.19726	4.3988	6.85386	4.00133	5.06218	3.58425	3.66741	3.0024	6.55193	7.36126	7.51472	6.49058	5.70747	5.74917	4.29165	4.94219	4.54657	1.43523	4.86576	7.87791	5.90041	5.42222	9.90782	7.58716	5.22245	4.97258	10.471	12.5147	7.01881	7.50875	6.12879	2.9772	4.20299	4.55982	2.81023	5.57745	3.61776	3.76073	7.40153	8.5095	6.42354	5.55605	7.18395	4.875	5.12998	5.85227	6.30166	3.99747	2.42324	5.10632	1.94561	3.03739	4.6252	4.20649	2.09534	2.50915	4.5698	3.44266	4.81607	3.49898	3.29934	4.22796	4.38524	5.58834	6.21604	10.8374	20.578	22.1983	18.9602	10.69	13.8905	21.3718	2.2282	14.4144	4.14544	12.5068	12.9469	3.82823	12.687	9.75522	10.3443	16.441	10.4014	2.26856	3.58423	4.05365	3.58005	4.50695	4.67706	2.33436	2.99228	1.55665	2.36651	3.68784	3.13523	8.58338	29.2331	8.37725	29.4255	4.29861	18.9838	8.65844	21.3735	5.93834	6.82804	5.83185	2.95683	1.94555	1.7228	1.60453	2.46041	3.81243	4.96661	4.94234	6.89706	5.8877	3.88662	2.33426	1.94557	3.85945	5.12978	4.11976	1.79178	4.51012	5.06212	2.10258	4.00122	4.03125	3.85951	2.95689	3.34482	8.20101	7.80262	4.86589	4.22803	2.60954	3.58414	5.74641	3.30853	3.45141	3.52061	3.34037	3.58005	3.82823	4.4296	4.69313	5.44995	4.86576	3.65085	5.76724	9.24962	3.97094	12.6366	11.4009	10.0825	15.4269	11.6991	2.99243	4.53011	3.58005	3.83993	2.80482	1.96883	5.43328	15.8396	6.39547
1.98393	1.60444	4.0121	4.71813	3.32188	0.778434	2.60915	1.65087	5.7976	1.74016	2.03661	8.67449	8.59281	4.43937	5.72263	5.61965	4.50968	6.66839	3.3579	2.89453	5.00797	5.16126	3.96674	1.60444	2.03661	5.66461	9.21699	10.1447	7.72551	5.38293	0.937285	6.92856	5.64871	5.96773	5.35782	2.47253	2.89453	2.03661	10.3668	8.19829	2.20078	2.12388	1.48695	6.06697	7.59812	2.46022	2.58602	4.39837	5.10586	3.00218	2.97688	2.09506	2.65507	7.10629	5.04676	2.42311	2.75007	4.58559	6.21516	8.26288	8.66439	4.52968	4.51653	5.63016	9.88927	7.10016	4.11935	1.40307	1.40315	12.2293	16.6583	6.24168	6.28237	8.71349	5.92015	2.03661	2.3663	5.96047	4.97522	5.06185	7.9575	5.12953	3.30822	8.48256	5.27049	4.39837	8.19654	6.97135	6.83356	3.49862	2.09512	5.141	7.60792	3.20643	5.38852	1.94543	1.57588	2.66087	4.58562	7.30595	9.48744	3.13488	1.87407	3.90553	1.65087	5.5364	5.27049	2.96166	4.89285	6.59882	3.58372	6.31036	8.71334	6.89637	5.66458	4.34684	7.7714	11.1135	6.76576	6.51483	6.43209	3.68743	3.94006	3.94006	2.423	5.35782	2.50894	2.33415	7.90332	9.61894	5.47959	4.67643	7.13963	2.8313	2.28833	4.7243	5.16126	3.28064	1.0443	3.93241	1.0443	2.49065	3.32174	3.19208	1.56623	1.55658	3.79609	1.92192	5.3466	3.03706	3.03709	3.17318	1.26701	2.4355	5.04692	15.5636	23.8235	19.1875	6.49648	6.63297	18.443	20.2591	10.904	12.5042	5.77436	14.9823	9.41171	4.39846	12.2653	12.7737	3.14933	14.7412	12.8809	6.7594	2.42311	0.550427	1.79162	2.18009	1.40315	0.870279	3.1107	1.74016	0.870307	2.423	3.61721	15.7863	27.1438	10.6194	23.2469	10.6425	15.2063	8.25571	18.2554	9.06159	2.97688	2.09521	2.3663	2.83137	2.53288	2.4355	4.13034	4.34686	2.1024	4.4391	7.30394	5.76658	3.97055	2.32114	2.70596	4.34684	6.35746	4.35363	0.98462	4.05306	4.97493	1.79162	3.34439	2.70577	2.21436	0.887522	3.00211	8.44607	6.81834	2.34064	1.94543	0.550449	3.23433	5.24764	1.92195	1.79162	1.94543	1.25507	1.43513	2.02919	2.46028	2.15214	4.00073	4.79055	2.80445	4.31546	9.14687	4.74045	13.0108	14.5937	10.9844	16.74	10.1675	1.60447	3.4158	1.81676	2.63227	2.09515	1.16756	6.13056	15.4999	4.51976
2.61478	2.02898	5.55486	5.73506	5.98739	4.00049	2.53256	1.57571	4.79014	2.60892	1.60425	7.88762	10.3295	6.07151	7.52142	9.37224	7.80121	7.98443	5.16087	4.06755	4.81516	4.1735	6.0568	4.77779	4.01181	5.74803	7.91939	9.51117	9.03491	4.86474	3.44183	4.96544	5.04641	7.32167	6.24109	3.34419	1.21818	4.0898	7.44991	5.74275	3.71975	3.29882	2.22789	5.47895	8.21745	5.00777	5.66438	6.77636	6.47079	3.4811	4.07121	2.96129	3.58342	5.15212	4.94141	5.04655	3.23421	3.88589	7.94914	7.83123	6.01951	6.01951	5.1261	5.40489	5.0463	8.246	5.34614	1.2669	2.28807	10.944	11.5788	10.9525	10.9234	12.1479	11.0571	7.53891	5.39076	5.08191	2.09499	3.58346	8.19948	5.53618	6.66576	9.00261	8.02137	6.14947	6.92797	6.28141	6.86984	3.79575	3.47678	5.48711	7.43402	3.76002	6.64106	2.89442	3.66665	5.34633	4.61476	3.51978	8.19584	7.16805	3.83917	3.8274	2.28811	4.91086	5.61922	4.82783	7.27906	6.62088	1.32528	7.26677	5.20133	6.20741	8.3242	8.85139	8.15457	6.82429	6.06645	5.54406	5.76613	5.27851	4.72389	3.19181	3.0812	6.51199	3.81171	5.44625	10.4427	12.5023	7.51359	8.96337	6.79375	4.19872	4.1735	5.97972	4.81516	3.48112	3.09598	2.9766	0.246152	1.96836	2.20049	3.12983	2.86819	2.58576	3.85872	2.97664	5.44883	4.73991	4.20225	4.23069	4.65992	6.60519	8.94064	18.9132	24.6727	18.138	2.60892	8.3616	15.602	18.3634	12.2003	12.5124	4.37404	14.3428	12.777	5.25306	14.2844	9.94267	6.97103	9.27483	8.65682	8.00112	5.22149	2.03634	3.04189	3.85885	3.34424	2.28811	2.61476	2.70006	2.26824	2.78806	5.76608	25.4505	22.4367	21.3944	18.1167	7.60725	13.0533	5.14054	16.7637	16.5225	4.34643	3.68721	4.27328	4.19872	3.37566	2.9716	5.34621	5.38254	4.76824	6.98135	5.0344	4.20219	5.21871	4.2415	4.58542	5.78946	7.48757	4.29065	1.11437	4.05271	5.97972	2.70568	5.27002	3.7317	1.8739	1.71374	4.71762	8.53375	7.17432	3.66671	3.37566	2.08771	2.99172	4.35326	2.50868	3.13472	3.42442	3.19668	3.68721	4.73997	4.79039	4.63422	5.55486	5.83054	3.81157	3.66655	5.74803	6.86368	16.2185	17.3186	9.03491	17.4868	11.5638	2.43527	4.39804	3.45076	3.85878	2.80434	2.08771	7.70759	11.6724	6.74792
3.34389	6.25019	11.0561	7.30301	5.57587	5.21818	4.50899	4.35307	5.04598	3.12954	2.15166	5.68984	10.7675	8.34637	1.47647	7.22922	7.01681	8.54673	7.30274	5.64791	7.03164	3.13442	4.06733	5.73453	4.8024	8.46738	10.7316	10.3302	11.0493	6.60458	6.27856	4.76778	3.54508	5.27806	6.41243	5.73453	4.91048	4.6917	5.76564	5.72156	5.5546	5.51395	3.13445	4.73929	7.10496	0.49222	0.389161	5.76549	7.0673	5.74749	5.04593	1.26677	2.08751	6.63399	8.87418	8.7123	9.75308	8.97766	5.04593	6.24288	9.37301	11.0063	8.21312	1.0441	5.51395	6.85188	4.11857	2.97133	2.78239	8.58091	6.00897	4.88904	8.17556	4.34604	8.84379	9.0486	4.63367	7.45552	5.96699	5.76556	8.80389	4.55851	7.04879	10.8441	12.8853	11.6712	5.7265	4.91026	5.81712	4.25875	5.30931	6.92749	8.10289	3.42854	6.24992	3.93959	6.22386	7.20067	7.10751	7.00658	6.59325	8.39731	6.202	5.88882	7.34351	9.0313	8.5968	7.60107	8.9119	3.96622	9.03082	12.1807	12.7854	13.1591	11.604	11.5343	7.61248	6.73843	6.262	6.29987	6.32583	4.61415	3.75945	3.3076	3.47645	6.01147	3.35727	6.24051	13.3964	14.9736	9.42913	13.0088	10.6397	7.43357	5.81712	5.20943	4.7013	5.58681	6.25265	5.16064	3.90504	3.96999	4.80249	6.0662	5.92677	4.24114	2.66036	2.58539	3.37515	3.51942	4.34249	5.55432	6.9807	5.04581	7.5967	19.666	22.9531	11.3977	10.275	10.3973	15.6243	17.6175	13.0001	15.3336	6.59789	12.0331	15.9426	2.9148	15.2685	7.88694	6.77573	10.2117	9.96991	7.51277	6.68723	4.88897	4.12973	3.96244	4.23044	4.08943	3.65404	3.96622	3.41528	3.26621	9.00966	29.4695	17.9697	26.7902	17.8942	4.99831	10.1603	17.5338	12.3928	26.0774	10.5027	2.43504	1.4028	1.23042	0.937152	1.4028	5.55423	5.82996	6.18781	10.8666	9.80953	7.55412	6.59789	5.06093	3.09571	5.86828	8.66277	5.17778	2.12348	4.39408	7.12378	2.60882	6.12702	4.39408	3.04162	4.04137	5.39035	7.12378	6.39362	2.96108	3.00162	3.46335	3.03649	3.30757	3.71943	4.52899	4.91363	4.67261	3.93194	2.12348	0.717521	2.56782	4.88891	6.27856	6.35652	7.1387	7.28064	4.72366	16.9155	16.0177	5.38203	13.2418	16.0519	8.21312	1.65063	5.04612	5.04609	2.80945	2.89399	6.89721	8.99045	9.09437
4.01105	10.4172	12.0986	8.18914	5.82945	3.84636	5.6049	6.12673	8.1982	9.52213	9.55885	6.10725	8.0087	8.71098	3.26606	7.97002	6.15569	6.51077	7.58827	5.08103	6.14354	0.348035	1.98339	5.08103	5.65004	9.70233	9.87492	9.00101	10.6615	3.79514	7.61935	6.69333	5.85007	4.23002	1.72214	5.35656	8.11695	8.50652	7.27162	4.90089	5.89086	7.56702	5.1075	7.06458	8.71605	4.6753	6.37706	7.97013	8.91745	4.39714	1.32508	4.35262	4.25825	6.72656	7.58275	7.61973	8.5325	9.05959	6.49493	1.98331	6.10707	10.2741	9.74862	4.89151	4.12919	1.23033	6.13406	7.17321	3.321	8.29788	11.0052	13.4331	13.0772	13.6542	14.6955	6.43046	3.99596	6.14858	5.8881	7.03089	7.89365	7.74446	2.09449	5.22049	12.5723	14.9082	7.77304	4.86382	3.51914	3.2982	3.99596	6.68663	7.4327	3.93154	6.63982	5.43146	6.30888	7.61955	7.99427	8.91779	9.41419	7.36881	6.59702	5.74426	6.3559	8.59085	10.0213	8.91121	3.82678	5.10742	13.7243	13.3835	10.7266	11.0799	10.9491	9.32828	7.031	6.09001	5.70533	5.56194	4.45142	1.84917	2.26776	3.35709	2.97104	4.14368	3.61622	7.23055	15.4453	12.3085	5.40376	8.91083	7.39876	8.50624	7.16671	3.4934	4.72324	6.00876	5.55403	4.67533	4.35262	4.43808	5.44523	6.15589	6.41183	2.20015	1.98331	5.23201	5.25207	7.10664	8.18914	6.93121	8.01987	8.66222	13.4935	21.5908	20.6281	3.81478	15.6674	16.2627	19.256	13.8211	9.82309	13.3949	6.35572	11.522	15.9413	2.91463	13.6659	9.64349	3.42365	11.0742	8.3581	7.97768	7.09835	6.24232	4.27247	3.51928	3.66596	3.47612	2.9913	3.35709	4.12916	5.62862	13.4578	25.5631	19.5519	23.7398	25.5226	4.20511	8.04374	23.3376	6.18709	25.2424	20.2696	14.3486	11.1045	5.57541	1.4027	2.09449	6.28023	6.14832	1.49667	6.12909	8.69607	7.78267	5.59416	4.59757	3.37498	5.10742	8.63147	6.32525	3.19134	5.44781	7.82042	2.28767	6.25169	2.87806	3.42378	5.44521	5.38716	5.76507	6.58575	3.51489	2.86758	3.58277	3.14848	3.73116	4.20152	5.12805	5.58624	4.81445	2.78754	3.58279	5.28623	5.39	3.24752	2.36555	4.55824	5.43146	5.57541	6.72647	16.8568	10.1032	4.35262	4.2405	15.4923	11.1867	5.92598	5.04558	4.42793	4.18348	4.19777	3.99973	6.86888	7.34276
2.87792	11.4421	6.74566	9.02908	4.42728	3.44981	4.34183	5.61765	8.13056	10.4747	11.0582	10.8729	11.5325	6.39039	4.93685	9.65184	9.16944	11.5151	10.7981	6.91349	2.72161	4.52798	5.246	5.43099	7.72109	8.47097	5.82626	6.78954	7.16598	3.19577	10.2619	8.17379	5.98572	5.6284	5.51028	4.28966	2.48984	3.57818	6.8506	3.2656	1.21784	3.56552	4.65858	9.18813	10.1065	3.37452	2.78727	3.58244	5.12734	5.38953	7.27723	8.5747	10.5077	12.3361	2.11586	4.3419	5.17696	3.7146	7.86474	4.12892	9.18372	14.4742	12.3904	5.34484	2.33314	5.34468	7.11653	8.81923	5.04498	6.01034	13.2297	11.228	6.87432	7.68073	6.53098	5.44716	7.70555	5.40326	7.8423	8.3025	7.9321	8.7253	4.56756	6.66376	11.3856	12.3671	8.90985	4.91544	1.9212	2.33327	2.7873	5.5316	8.12483	4.65883	7.78194	4.04061	5.20573	6.96036	6.58525	7.20559	10.3971	9.99878	4.96432	5.15062	7.04707	2.96054	7.68091	7.87453	8.19524	10.4951	12.6264	11.1095	6.25105	4.90934	4.2894	3.81046	5.10388	3.96143	2.44076	3.54441	3.83813	3.99948	3.81462	3.03604	1.88152	2.74907	2.71589	7.59914	17.7608	10.0315	7.30334	8.93797	7.82918	7.66118	5.5127	4.62328	5.44752	5.04517	4.22965	3.46284	3.19577	3.03607	2.9758	2.64839	6.92597	4.3452	5.90536	5.20861	4.201	6.63013	7.0975	8.21175	11.9552	15.2781	19.0754	21.7636	15.3629	8.53132	21.6995	19.5777	14.312	0.246068	13.2639	12.9321	1.23019	12.9898	14.0323	3.32072	12.7368	12.5405	1.01453	14.0163	11.4119	4.17232	4.67486	4.69079	2.33327	2.15133	3.29777	2.80879	0.695979	2.26747	5.59343	11.2434	20.6651	21.945	15.9867	22.0834	29.0685	2.95552	6.68598	23.1239	14.9492	13.5937	20.9621	18.4543	13.8912	7.10574	2.96054	3.64913	5.05968	4.55765	4.44785	3.96169	4.42728	6.26058	4.05522	3.23311	2.41583	4.97006	6.10634	4.34167	3.5445	4.90022	6.72579	3.2794	5.86712	2.44079	2.80346	4.25783	3.96163	5.2172	6.79181	3.4758	3.75079	3.3024	3.82646	4.62328	4.4377	4.84194	3.96547	4.46448	4.90934	5.74368	5.08047	6.12619	6.58548	4.08866	1.56564	3.49307	6.63918	9.38186	14.1629	5.81612	5.723	5.22018	17.7159	11.042	6.97936	3.17198	2.64852	4.76688	5.22	2.56748	3.10969	3.9043
3.23299	11.4399	4.76645	9.05424	3.79443	4.09933	4.55738	7.26821	10.4943	9.1685	4.35181	4.48103	5.38888	3.20473	8.34409	7.74302	7.01487	6.04694	3.30209	5.19959	7.06353	9.03184	7.30295	9.77415	12.4354	9.04658	4.67445	6.20508	5.19938	2.32003	7.7506	7.67596	5.43022	4.34128	7.1159	11.1749	10.544	4.3724	5.21953	7.62763	4.84146	6.39217	4.73812	7.70472	10.1014	4.86304	4.86304	4.43724	7.46337	8.97508	5.82604	2.09416	7.94617	12.5981	5.76403	2.26732	3.90375	4.29618	9.10449	11.5017	13.3993	12.3514	5.98748	0.936881	1.49639	8.12419	7.62778	9.33744	8.75148	1.48619	12.8772	14.3133	10.1358	5.50949	4.17193	11.7769	6.78917	5.82833	5.88945	7.58291	9.66431	8.90917	2.26732	8.4422	11.7853	11.0306	7.04646	3.34293	5.05947	3.74253	3.88454	6.92768	11.2527	6.63871	8.63502	3.44071	7.51055	6.08887	6.01734	9.01389	9.94224	7.86443	7.10531	4.20067	7.27824	6.2003	1.32478	9.64626	11.7707	9.60987	9.8212	9.60987	5.66991	4.91198	3.82587	3.65283	4.91198	2.78701	3.35646	4.46419	4.82289	4.5044	3.47981	2.78701	2.41572	4.02897	4.29618	9.49547	17.4386	6.06662	8.7296	7.8735	5.21951	3.37423	4.5044	6.6186	7.44151	6.97907	5.95766	4.0103	3.46249	3.03576	2.02822	4.06968	7.46299	4.42687	5.34413	4.54409	5.40275	8.40567	9.18276	12.3433	13.5938	10.6624	12.3108	15.7376	5.15018	19.7644	24.1221	17.0579	5.77457	10.549	12.1467	6.82388	7.48886	15.2042	11.8724	3.13352	12.4656	13.3631	3.74239	12.7313	14.1341	5.4467	3.29747	3.14785	1.64098	1.92102	3.51845	4.1429	4.76653	6.2484	12.9965	25.2072	28.5901	21.5239	3.19545	28.5053	24.389	3.42754	6.24832	22.4142	18.0555	5.21969	3.83776	18.7524	21.6669	6.84999	2.48952	2.4895	2.50761	2.69904	3.07526	2.80328	3.13346	5.82833	5.27652	3.91916	3.6529	5.60365	2.36508	3.46249	4.52756	3.10925	6.03705	1.77374	5.73288	4.39638	1.60368	4.69024	3.79432	5.40269	6.38963	2.83002	3.6857	3.7586	5.10369	5.58519	5.72521	4.89079	3.68575	5.58494	6.48663	5.68042	5.59295	4.44717	3.49714	8.82189	9.28121	6.50981	8.86309	12.8697	7.48886	4.5837	9.46782	5.30769	17.615	7.1364	5.82576	3.51845	1.64098	4.45058	4.67428	3.56539	3.96507	2.97048
5.04419	12.4531	8.91522	12.3365	8.57313	10.3309	10.9934	9.46714	12.0574	5.97723	4.52701	3.0355	7.1361	10.0287	8.46422	7.49397	5.14966	2.97524	7.27587	10.1225	10.088	9.69987	10.9934	13.1886	9.03125	4.28882	2.97021	1.7905	5.91703	8.06926	4.61262	4.7661	10.4145	10.3376	7.06466	7.61743	11.2572	12.8467	5.92964	11.6915	8.80423	8.05645	8.08021	3.51828	7.19781	7.87306	7.77117	7.22895	6.30013	5.07961	3.35601	2.95996	6.8925	7.81057	7.51002	8.09466	8.16704	3.58191	2.41551	7.17947	6.49312	4.6577	2.09394	3.73013	8.43658	13.0821	8.42257	8.78905	10.0398	1.94428	12.1384	15.8451	9.38816	13.2908	13.2292	6.60204	3.19046	5.76339	4.80036	9.2672	10.9783	6.27841	2.21326	9.795	11.6029	6.59512	7.36087	9.51958	8.50426	6.43092	6.06867	10.1579	12.1949	5.89428	9.22463	4.18246	8.17227	7.99749	12.5884	13.8256	9.70144	8.19242	10.1951	8.12385	8.30819	5.5925	6.15382	13.476	9.46691	7.39059	10.3611	9.75331	4.09871	3.57751	3.46218	5.5926	6.66265	7.82804	8.71409	7.13597	3.7502	3.03537	3.35601	2.58456	3.49684	4.18234	4.0286	9.10332	15.0596	3.61517	7.65595	8.64793	8.35775	8.6753	10.6631	11.1843	10.3771	9.16937	7.84842	3.8453	4.28882	3.90354	2.64789	5.05873	5.76333	4.58303	6.08569	6.27845	6.58385	11.1542	11.8437	10.581	7.9621	2.82963	8.84394	17.7936	6.76242	21.035	21.7183	12.8936	8.73382	14.0167	8.60165	4.20037	11.7442	14.0736	8.80079	5.4765	11.6229	15.4848	10.2716	9.33175	11.4337	9.64071	5.44341	3.34263	2.09402	2.44033	4.05455	6.86657	6.81451	8.01775	22.9071	26.4701	6.81451	16.0706	20.8275	27.6199	16.2036	5.4437	6.84962	22.2361	17.1182	15.6219	17.3796	11.3482	21.7188	23.1484	18.6823	11.7177	6.73816	5.77407	5.24502	3.91889	1.22998	4.35464	5.957	5.51188	6.212	7.96799	7.22074	7.01029	7.44065	3.23271	5.66142	4.05465	6.2621	6.58404	3.51831	4.7217	5.12638	6.80368	6.75558	3.80997	4.00994	4.86273	5.97723	6.61804	6.37532	4.5833	4.54373	6.63794	7.90086	7.00154	6.72465	6.23817	8.05594	6.47251	7.93092	6.1542	10.5276	9.12903	4.34094	8.7693	13.7062	2.28698	16.7945	6.68473	5.67993	5.60309	2.03537	4.8872	6.19275	5.52012	3.6154	3.03537
6.8663	11.3521	8.8348	10.6031	6.40951	10.4936	12.1835	11.055	11.0429	5.1986	7.88319	6.13134	7.78158	8.68105	7.39017	5.03165	2.12232	2.72082	6.69075	6.12687	8.87488	12.0553	11.4532	6.00651	4.99569	3.42669	2.56659	4.35433	7.93014	8.91447	7.77038	5.5411	4.22824	8.06062	12.1313	10.6938	5.77088	12.8288	10.3607	13.046	9.48145	7.1353	7.10206	7.06004	1.48588	5.58411	7.74185	6.36062	3.13286	4.05404	3.81329	4.34041	5.43192	5.44288	4.55626	4.77488	5.42912	3.66442	3.85641	4.20325	1.49601	2.31951	2.85077	6.32295	13.1591	13.5789	6.89207	10.0098	9.05562	2.15063	8.39333	13.1751	15.2625	15.9875	12.1273	6.10472	0.777913	3.41364	6.08762	10.3517	11.4127	8.83505	5.34329	7.46147	10.5373	7.83855	11.8658	11.237	9.99998	7.78161	8.13729	11.153	9.91229	4.43641	8.97127	3.61503	7.76626	10.7586	11.7089	7.79679	5.61602	7.34405	11.1379	9.77234	9.64474	7.06228	11.2873	13.9284	6.82249	6.98581	10.1251	7.71081	3.88378	5.50868	6.14632	6.60143	5.91643	8.57223	8.81521	9.02996	5.37935	2.64761	3.12803	3.31975	3.72975	3.54347	3.65218	6.41148	13.5938	7.30111	6.9671	10.4496	10.415	9.55531	10.2708	9.40608	6.7441	7.9909	7.7319	3.49648	3.8449	3.91837	5.51918	5.59181	4.27062	3.75765	6.06294	10.8692	12.372	11.7637	5.28397	5.81466	11.2865	8.78853	7.43789	17.9727	3.4749	19.8695	21.2185	13.3056	10.9969	14.7693	8.05518	4.28838	10.7893	11.5882	7.60289	5.29557	9.91247	15.5107	11.8801	13.0853	6.97772	10.4629	8.79972	3.00018	2.50726	2.86655	3.83701	8.4684	9.85923	9.05242	26.4706	11.286	25.4745	29.4026	21.4171	14.8338	16.1094	6.14115	5.67951	20.1353	13.6518	13.1326	14.946	13.3968	5.76298	19.5294	25.626	25.9254	21.1449	10.5801	2.9134	2.95449	1.84844	3.42689	6.84889	7.59353	7.82721	8.52925	7.83855	6.84889	7.80042	3.42248	5.32066	5.59721	4.83436	7.65731	6.19938	4.00953	5.19832	7.82675	5.97633	3.4749	3.96432	3.72975	4.25671	4.91128	5.34338	4.8001	4.17109	5.54086	6.73711	6.36963	6.43701	6.14591	11.1464	3.47478	8.30734	6.43701	6.14591	7.70367	13.1412	8.64724	15.4155	3.47913	13.4453	7.02829	6.40937	7.97985	5.27545	1.40221	4.19994	4.65748	4.00942	3.81329
6.30589	10.0381	7.22921	8.01776	4.79945	10.0089	3.58118	7.59668	3.71316	4.52624	6.30568	9.18472	7.96612	3.95994	1.72132	2.56647	4.66989	3.96013	5.66827	3.7413	4.93797	9.80365	6.0945	5.4753	4.86161	6.81977	6.84801	6.29638	7.14687	5.27524	8.19255	10.9282	9.71608	7.44517	14.3926	11.5166	2.86627	7.45505	6.9108	6.89768	6.787	4.88614	3.56436	6.24651	7.78657	4.1671	1.92048	4.25621	5.04296	4.52615	2.748	3.71708	5.4176	9.48351	10.6715	9.06492	8.37714	6.27989	3.71316	2.17832	3.20396	3.96009	2.80782	7.34302	13.3214	7.2986	9.9157	12.6764	8.29216	1.64967	8.95747	7.70275	4.93505	4.27042	5.86496	6.41803	6.30594	4.54268	9.84078	10.323	6.3057	4.54268	6.7607	5.34265	8.88201	6.66142	5.82688	5.81147	10.4966	6.63666	6.69015	9.94786	8.35583	4.73996	9.29867	4.19951	5.44512	9.4047	10.0091	8.37714	7.14696	5.89538	4.58236	8.43145	5.06688	2.22629	14.7052	15.8026	6.92355	8.34169	7.82228	5.81147	9.03914	9.31624	7.42938	7.50834	2.47063	1.55532	5.05779	7.67754	6.0353	2.26667	2.69825	2.3645	3.24596	4.228	4.79963	5.91567	12.3959	11.7637	5.59157	7.50848	6.92355	5.354	7.06149	6.19151	6.21052	8.6731	5.58332	3.71726	4.1707	4.97119	6.68338	6.0353	3.47437	3.42639	7.94388	12.8262	7.46876	7.96641	13.553	15.6207	14.4027	9.82309	8.76741	19.1875	2.50688	21.3439	22.1828	11.5165	11.4178	13.6759	6.41807	5.64476	8.58641	12.3993	7.55347	3.31941	5.98574	11.2953	7.65863	8.73243	7.3653	7.04443	11.1712	2.42117	1.73887	2.43364	2.64738	6.65219	8.61881	14.5136	28.5225	2.69818	27.3391	7.30084	12.7324	10.5942	15.4817	7.81663	3.88329	16.1578	9.01139	11.1818	8.49569	13.7335	19.5964	13.1226	5.0042	8.71387	18.0836	17.8714	5.44529	3.19452	2.96951	2.61301	4.19951	5.42887	5.05791	4.22441	3.51326	6.13082	6.25824	1.57465	4.81195	6.66338	3.6929	6.06746	4.69856	2.3645	5.92821	7.96617	5.73893	2.09359	2.58403	2.02763	3.03479	2.28654	1.87265	3.56417	3.56417	5.96325	7.19634	5.92315	7.20252	11.5079	6.52821	9.14189	9.63176	12.2413	6.7368	11.0173	8.34204	4.35391	14.3384	5.2837	11.2966	5.76236	5.67884	6.89333	5.51871	2.09348	1.4858	2.97461	5.4176	5.73893
9.24109	11.2436	6.38978	9.37731	5.88714	8.90401	7.16257	0.695644	8.3181	10.6056	10.1023	9.13943	4.44543	5.10171	5.89257	5.81096	5.40083	4.73955	6.97619	6.3523	3.8245	11.4967	5.03369	7.70189	4.55547	9.15191	9.58032	5.47477	5.95527	4.06461	5.10177	5.27479	6.76034	4.4254	12.2319	10.0859	3.3189	4.19915	7.65603	5.4832	5.38662	5.77201	2.08611	4.46248	6.99965	8.80005	5.14848	6.40817	4.85807	4.65635	5.00676	5.90254	8.88116	12.8252	8.57031	1.98223	3.03458	5.34238	6.13061	7.74809	7.61546	6.25777	0.777723	9.51622	13.358	2.02733	9.85735	11.5996	7.95607	1.87255	11.7952	11.1614	14.5379	16.4079	11.3354	3.8245	3.43918	8.81472	10.2908	9.91182	9.91516	9.55806	8.96982	5.95539	7.27355	5.05756	4.35016	5.24349	11.7409	9.5027	5.59088	9.57427	9.66063	6.36881	10.5397	6.08647	1.40186	7.29169	8.01695	4.66918	4.62078	9.62429	5.38392	4.50245	7.99507	10.9271	17.2653	15.4022	5.64684	6.24577	3.58072	7.20217	7.53941	5.38681	5.04245	6.44515	5.44216	4.6884	7.27355	6.12548	3.7167	1.71244	2.31915	1.84821	3.83624	4.9072	5.76196	7.97857	12.6955	14.3236	8.14858	9.34805	8.29693	6.52786	6.26029	6.32162	8.35317	8.26471	5.24908	4.04983	5.30563	5.86438	7.35831	6.53434	3.30536	4.42534	9.47817	15.6592	16.509	18.0711	17.873	13.0008	15.9497	9.37265	8.33552	19.9761	5.6386	21.1781	24.4098	12.0961	11.2342	11.1611	8.42552	9.74963	6.59351	11.7661	7.9505	1.49582	6.50928	7.3423	6.16936	5.35353	6.4105	6.01518	10.2683	3.10803	1.01404	2.17809	2.89205	7.468	12.5585	24.7801	26.9208	13.4471	26.9864	1.11345	6.38703	9.13131	11.935	8.50148	5.59088	14.4018	4.99498	8.80668	6.96157	9.53966	15.0877	16.4088	12.125	16.9059	18.7794	21.2349	4.52586	3.20369	2.65858	3.46104	3.29632	4.61128	5.89495	4.67262	5.50733	6.97601	4.42522	3.80883	4.67246	7.65754	3.18954	6.08393	5.05726	2.61278	7.79897	7.5332	5.64402	3.03959	3.35518	3.09364	3.34165	0.347835	4.69811	5.05745	3.82448	7.2754	8.34616	5.67828	6.96542	11.682	3.13232	12.5563	3.74911	11.2623	4.4254	10.5246	5.66798	7.59553	10.7201	3.95979	9.10719	5.73067	6.25777	6.4911	5.59088	4.51589	4.12697	4.68536	7.9152	5.53168
15.0656	7.06858	4.2021	9.6129	4.19865	10.679	9.85224	4.86992	11.2881	6.81849	5.37517	2.78569	3.03428	6.00477	7.44392	8.8127	7.61468	6.66008	7.09349	5.20561	7.06858	14.0089	6.027	7.54813	7.91453	9.64162	7.27275	8.37558	9.16422	6.58152	1.74716	2.69774	6.97577	9.89814	9.65994	9.08704	4.55502	2.58346	3.80847	6.62891	6.58164	5.78453	3.88261	3.58053	5.81038	8.69034	8.38269	9.77388	9.48979	8.35282	7.78512	7.12693	9.57511	8.64951	4.63026	9.32857	12.852	14.3394	13.1719	9.86874	6.77054	7.72402	1.71221	9.51542	14.511	1.09974	10.2674	9.17669	8.09132	3.65116	9.51544	12.9381	5.97467	4.16632	8.29082	10.0248	7.48157	6.12484	9.55671	12.2123	8.41731	2.65256	3.58035	1.98198	5.76135	6.20242	7.73965	10.3996	14.3595	14.7929	7.91304	8.74734	11.5839	6.14449	11.5257	8.135	7.83629	7.70131	10.4116	6.23816	5.05696	9.2401	5.62488	7.00723	9.81657	4.38046	12.9935	13.3906	7.19943	8.96914	9.51589	11.1927	9.86132	9.88755	6.52033	8.22691	8.88036	10.2221	4.3114	3.17017	3.5805	3.71656	3.81241	4.05314	6.07371	8.67175	11.6077	12.9831	13.1641	12.9827	6.25725	8.3333	9.9929	5.76146	0.626977	6.08339	7.24213	5.59566	5.53951	5.03321	5.62488	4.7641	6.89639	7.77941	6.19759	5.81298	7.17669	9.98989	6.40988	1.11336	5.17405	10.9942	17.4583	11.9816	6.30452	17.4955	9.93136	18.3408	25.7074	14.7916	8.90496	9.81533	9.17866	11.4463	10.9617	6.01447	9.78987	2.25953	6.46522	5.37517	5.86409	7.48356	8.96428	9.51587	9.49114	4.5552	2.53046	2.69767	3.03419	9.62348	18.6663	19.8902	19.9212	15.554	28.492	6.509	9.74969	9.82123	14.5349	8.64951	6.40988	14.0803	7.57969	10.8903	9.5067	10.1428	15.6469	13.5364	14.6801	16.3682	11.1439	12.9467	6.6822	1.40178	3.35485	4.35309	3.13197	2.80729	5.30525	5.72233	7.72979	6.25725	7.53275	7.06017	3.79261	7.02623	2.25953	6.14428	6.25952	4.51546	8.46605	6.35156	5.05691	3.90201	5.06593	5.27425	2.95891	3.95919	6.6822	5.30525	5.05703	7.67235	7.50687	4.672	6.97544	8.54366	7.56187	9.50323	5.64341	7.11223	9.70069	9.83903	6.77054	9.89778	10.7556	3.13204	9.8565	9.81682	9.69771	9.07609	8.09154	6.27871	4.34972	5.40011	9.50323	5.88419
13.7705	9.3292	9.81558	6.37185	4.02667	10.7934	7.26407	7.35697	12.7652	7.96383	3.1316	3.13177	6.94082	6.29712	7.05964	8.3026	6.80067	6.58764	3.71203	4.06731	8.79816	11.3946	2.96879	7.35288	8.23819	9.75477	7.06172	10.3945	12.6755	9.62877	5.37733	3.69164	3.49497	2.33819	3.31836	6.61444	4.17305	4.3905	4.85716	3.65072	4.82017	3.7404	2.71964	2.82834	5.15624	8.16864	6.59233	6.75239	7.4847	8.29031	8.36787	8.18298	5.248	5.04181	9.89731	10.5051	9.53792	7.20907	5.20226	6.27545	9.07499	4.82297	3.58022	5.20498	14.404	4.42433	9.4761	8.20421	6.51957	6.44404	1.87211	9.82036	14.921	14.5037	5.74266	9.08669	12.0379	4.93075	5.77093	9.52994	12.833	11.0352	9.09952	5.89384	2.48818	4.68783	7.28242	8.7919	11.7047	14.9981	9.18269	9.26639	12.2993	4.93368	10.5472	9.00263	11.179	7.72375	7.12395	4.12603	4.22323	7.83712	7.22715	3.85512	11.9985	10.4459	15.0274	14.6788	8.19038	8.9488	9.55632	8.64403	7.60602	10.2666	8.86668	6.72163	13.5475	9.71283	2.61227	4.41781	6.97518	7.15134	5.67747	4.66219	6.75018	11.7594	15.5107	14.6217	10.6972	8.74649	4.88474	4.61041	7.94927	6.08279	5.20498	3.9664	4.28657	4.68448	3.9626	5.91385	6.96412	4.62971	2.21204	5.34128	6.68626	5.70103	5.27356	8.55652	8.52562	7.0929	4.67181	6.16779	14.636	9.85996	5.89398	15.3183	17.1448	12.9585	27.6277	17.1781	5.74259	7.79381	7.02583	8.64403	11.0404	7.27446	9.94504	5.05642	6.44394	5.59532	6.7327	6.82038	7.50658	8.58445	7.67192	3.99681	2.99897	2.87585	4.33871	11.2819	17.8665	13.3275	21.9587	8.51538	30.748	6.19706	18.9086	5.76091	22.555	13.4447	2.87585	10.7639	8.15255	10.3706	7.64113	10.0064	19.6851	12.1632	15.071	12.2529	7.12395	6.18254	13.502	4.05252	3.47779	3.66317	2.42058	2.36385	3.67961	6.89571	7.2985	5.19665	4.54155	4.93356	4.14075	6.82878	4.35269	5.76073	6.72144	3.30476	7.26587	5.54949	4.58084	3.47347	2.33819	2.03439	3.03389	5.81216	6.76973	4.88474	5.47388	7.94927	8.13418	6.59896	6.35324	3.49078	10.872	6.44404	6.80044	6.14402	9.57438	5.12128	5.92651	7.59426	12.4825	3.37226	12.9367	11.8173	8.66595	8.78527	8.73004	7.48292	5.29358	5.70078	9.40196	6.95983
9.34523	9.21947	13.7729	5.27308	4.54106	7.81936	4.73818	11.8695	12.4918	5.24173	3.27708	3.07321	6.58014	3.81948	3.93581	3.66282	4.36943	6.78692	6.75851	4.12576	9.27464	9.50146	4.96647	7.13167	5.41556	6.38539	7.48017	6.86304	13.2158	9.98199	6.12852	3.74795	5.62409	7.91344	7.81409	9.85503	11.2355	11.5724	11.4977	8.94431	2.96849	3.9013	4.88753	6.31986	4.55416	5.54922	7.57629	8.24673	7.28173	5.54922	6.20842	5.58939	2.50594	10.3318	10.9242	9.41557	2.80676	8.14608	10.818	11.6595	6.57802	2.14962	5.14699	3.56301	12.4678	5.44034	10.9171	4.67114	6.14339	10.4875	6.58029	2.2658	3.88187	8.51998	16.3324	11.531	10.6892	7.11098	2.31843	5.20164	6.27729	6.4894	7.36255	10.0833	6.44092	4.20151	6.31986	5.97355	7.19374	12.0494	6.51686	6.40868	9.94418	3.41202	7.67481	6.76946	5.76033	5.89339	8.53895	4.93025	0.886489	6.34091	9.26204	5.93105	10.0346	10.5548	15.3096	11.6996	3.95864	6.20126	6.62541	4.29687	6.82816	8.11716	5.21621	10.9328	14.9523	6.01325	2.19826	4.51461	6.12151	6.94885	5.64523	4.09659	5.47325	10.8243	13.2285	6.65873	7.10075	7.29802	3.82342	0.936221	6.00333	8.68339	5.6582	2.17759	4.90894	6.84547	8.19094	7.46409	6.8951	5.30415	3.93581	2.65782	2.25914	4.36943	6.67867	8.49905	9.59915	10.661	13.6264	14.7146	18.3487	14.4523	10.6122	12.3353	20.0938	0.886489	28.6575	23.0684	2.14962	6.20819	5.10009	5.64506	6.27264	6.65884	9.46159	5.21327	5.76013	3.03373	6.4087	5.97377	6.24669	5.14699	2.33795	2.89126	2.56539	3.13132	6.97411	10.9539	11.4337	8.81254	24.4284	4.42392	31.9078	6.12127	18.8553	14.9294	16.547	19.6077	3.64635	6.08225	4.03751	7.17516	3.96242	9.43838	18.6911	16.0544	7.45805	17.0153	10.2118	6.85645	18.9518	8.03681	3.56283	2.50594	2.09275	2.64648	2.60626	5.92093	6.46862	4.06697	5.10009	1.48519	4.68404	6.92311	4.77281	5.64245	6.59143	0.869307	5.65822	6.62515	6.2962	2.71384	2.4389	4.16553	3.8547	5.35456	6.20096	5.72113	4.34872	6.20816	7.19983	2.65777	3.51627	7.72866	9.8268	5.89339	8.04441	6.73211	5.89075	3.92817	6.92516	9.4753	16.2826	6.35287	15.1145	13.3881	8.80427	6.92516	5.90071	2.0928	3.88183	6.98261	9.2652	6.10187
4.90515	8.6826	11.4124	4.55394	7.222	3.7477	4.51086	10.6013	6.50685	2.6061	4.54082	3.90093	6.6847	5.57007	4.96008	3.81136	3.37184	6.54367	8.03461	5.62361	6.56823	5.65762	5.90033	6.41507	5.22705	4.00721	4.17226	3.49431	14.9443	9.62678	4.36901	5.86249	5.90051	4.67087	3.16934	3.90093	5.658	6.8191	12.9345	11.2085	7.45779	6.61365	4.88711	7.62202	9.87729	2.48761	6.12346	7.19332	5.21575	3.12627	4.33812	13.493	14.8564	14.1448	13.4063	13.2663	12.0871	12.2146	7.65291	5.8239	1.26545	7.00528	8.9617	10.1558	10.6827	7.65291	12.8909	11.3161	11.3021	12.0589	8.08902	2.82794	1.60249	2.33759	20.4828	16.1227	9.19333	10.3534	8.73021	7.96272	6.99704	3.57955	4.09597	10.3179	10.6066	6.06461	7.9757	7.82266	7.36189	11.8189	6.40577	4.51417	8.42706	4.86854	7.49922	7.09808	6.41507	4.91158	9.66786	10.5895	9.75339	4.35182	9.23745	8.05611	2.28546	9.15979	18.2711	9.78863	6.12098	8.43629	8.70332	7.57567	9.40078	11.1175	8.96148	15.7026	12.2413	4.0629	2.71928	6.01276	5.91295	6.27213	5.57014	4.04831	5.02881	8.01396	12.0729	10.4916	5.61275	5.42636	2.86484	7.09368	8.66434	9.895	7.95333	6.57987	5.58099	8.72807	11.2811	7.79606	6.44274	3.91616	3.82304	6.2437	4.79739	3.57512	5.72054	6.72019	7.79629	9.54999	8.05113	9.15979	13.5088	9.34459	10.9165	12.9791	20.3171	8.38864	27.2374	28.1144	2.02668	5.71542	5.74151	6.18122	5.0318	5.39865	7.76191	3.34039	6.34967	3.26297	8.82332	8.94876	9.03502	6.88829	3.99594	3.57934	2.42001	3.43788	13.2284	21.6982	23.6294	23.4959	23.4362	12.0208	31.1125	6.7576	11.4765	19.0133	1.84752	19.9379	13.3869	3.13114	4.06682	6.59077	3.88159	9.32722	14.6233	18.887	8.59637	17.1703	9.18038	11.505	20.7386	13.8607	6.12066	3.33574	3.07768	2.52975	3.47716	4.85932	7.38573	7.42558	5.58866	1.91957	7.27275	6.06217	3.13118	5.59937	6.52511	3.29508	3.24433	5.64178	7.82234	2.45707	2.9477	2.56513	2.80638	5.09952	6.37066	4.95976	4.22244	8.14531	9.09747	5.51645	7.16648	5.73911	6.21721	5.72074	6.66056	6.35001	4.60955	4.12542	8.80987	16.7975	15.9097	1.64883	11.1891	10.7406	10.9951	11.1815	8.96133	1.25352	4.73435	6.6132	6.72019	7.48152
5.89229	8.03531	8.08831	5.41482	3.74733	3.47241	7.70592	5.97239	5.14894	9.19275	7.52994	6.82492	11.1884	12.4112	10.9314	9.32504	6.27402	9.27956	11.5616	13.0305	11.6736	5.04033	9.10138	5.66529	2.11388	3.20199	3.71106	6.25733	10.5893	9.42458	15.2959	18.9802	17.8687	13.4988	7.79169	3.31736	5.73592	7.09735	8.48884	8.03349	2.48746	2.02639	1.78922	6.27612	11.4416	5.09909	2.46923	5.65742	7.09943	9.88858	23.9144	30.1469	30.7358	23.0251	5.20378	9.14954	15.9213	12.9855	4.82165	2.58249	2.45699	9.97004	12.2973	11.4659	10.7627	8.79761	10.1648	10.864	4.56331	9.70427	9.9804	5.98005	2.46923	4.59278	18.302	16.0573	2.95262	4.65438	9.05026	8.38833	6.25733	5.54825	5.73592	7.8799	11.6399	10.4424	8.01169	8.83759	8.4162	13.1709	8.78277	9.13539	9.49837	10.3187	11.5616	12.9295	11.6109	7.74441	7.75936	8.04291	13.771	12.4559	7.46287	6.2452	4.93519	9.77738	15.1262	8.3302	6.62642	1.77225	3.16898	4.73407	7.22541	9.1751	11.9772	16.3294	8.78408	3.29926	3.93507	8.98029	9.65798	9.85321	9.12728	5.97265	7.22331	11.1769	12.6541	9.03209	6.36572	12.1301	15.1369	15.5128	14.6053	16.7157	14.2447	11.8953	11.9729	10.8758	12.8711	13.1507	16.3623	14.5064	13.5961	17.9595	20.2754	13.3547	10.6388	7.58071	8.20764	8.33213	9.85326	10.7021	7.43484	5.22662	7.46473	18.3966	22.3256	3.8811	29.1162	28.5119	5.14894	7.05753	7.66968	6.97303	5.75923	6.12272	6.85505	4.17201	7.26204	6.34937	9.95848	5.81074	3.54112	5.11958	4.37881	4.05141	7.55905	17.7059	27.9711	23.8186	16.4396	15.6007	2.8008	25.9588	25.9398	7.09091	7.66968	17.0567	18.7017	8.45783	18.1285	7.00461	7.12231	6.42604	5.02834	7.60389	11.5686	16.0505	10.8157	16.0505	9.92918	13.8564	19.1396	13.4045	6.2452	4.26784	3.9577	1.94278	2.41988	4.51044	7.88549	7.44081	5.92487	3.4202	6.62386	4.17903	2.65732	6.55198	9.04525	7.38534	5.63629	5.07566	7.95243	2.58249	2.78464	3.47681	3.75521	4.78425	5.59887	5.8082	6.51571	8.96727	9.4983	7.13064	8.56655	8.06311	8.83759	8.06298	5.89229	6.02474	4.31	3.16903	10.2861	22.1337	10.573	11.6623	12.1287	7.05753	6.91308	10.2099	10.6098	2.31804	3.0774	6.243	6.38433	3.75538
8.97945	10.0314	5.00087	1.60211	3.47648	7.26338	7.05664	1.35738	9.64344	10.5521	9.93002	5.48011	10.0575	9.57065	7.6112	11.2426	10.3349	10.7509	8.31378	7.87759	2.80057	7.52883	9.26254	2.84862	5.42804	6.93829	3.79084	3.51095	7.44641	11.6579	14.7473	17.1488	17.8336	15.9585	11.4031	9.26266	5.78939	4.59236	7.12991	6.41382	5.89163	5.50455	4.22524	7.60495	11.613	1.94258	6.30177	8.72181	9.08332	10.2602	20.2572	16.5711	11.7931	18.214	18.2636	12.7744	12.2891	9.78676	3.47205	2.71323	6.19473	10.6807	9.97626	3.47217	6.67715	8.20691	6.19957	8.04918	6.60747	4.02508	8.72644	6.68345	2.58238	4.93171	14.2748	12.5051	2.89042	4.88296	7.73607	8.70673	7.00434	7.96875	9.28832	7.48792	9.86217	12.6122	7.67441	2.74619	3.61207	9.23595	10.3948	10.958	11.3101	13.0107	12.614	13.9442	14.8005	10.4293	3.47217	10.6738	7.00434	10.9067	10.5343	5.91199	2.58223	11.0553	8.42722	4.42284	5.09857	7.09862	11.2324	12.9936	13.5806	13.5806	12.1076	11.0709	6.2731	3.49384	4.57935	9.23589	12.032	12.1886	13.5617	8.14402	9.36001	14.9559	13.3302	5.04873	11.9905	18.6681	20.1984	16.7939	14.2435	15.3864	11.6983	8.61367	8.14409	8.18548	11.7659	13.4357	14.7026	14.1023	20.9332	23.5672	26.5305	25.0722	20.1504	12.7392	17.0357	20.2985	24.2079	21.5452	14.3795	8.96674	10.5518	24.2908	17.9327	9.86386	29.4988	24.9245	5.57995	7.24119	8.11691	6.8438	6.08077	7.00847	6.18022	4.25351	5.54768	5.82312	6.40444	1.84717	5.61181	6.92755	6.57617	8.28696	16.3572	26.0039	25.6117	6.81783	10.787	17.6627	26.3807	24.6806	16.1587	6.92114	6.97257	12.6186	19.1976	17.6278	12.3396	16.161	6.27349	6.30186	5.0546	5.02787	11.7	16.4269	7.44026	17.5971	15.265	10.3007	23.9986	13.8415	5.73542	2.56465	4.95882	2.5822	1.04281	3.81042	8.33087	6.20637	4.86767	3.93474	3.18755	4.95882	5.42504	5.51541	9.12646	7.35459	5.66479	4.83689	6.90599	2.82727	1.87149	3.90002	5.20014	3.89999	3.73899	5.95967	6.4969	9.49741	8.99092	9.33839	9.25524	7.98355	8.42945	6.36516	4.93182	4.34069	4.2954	4.44321	13.8864	22.4707	4.13894	11.5487	8.49664	8.48845	7.14867	5.33903	9.77641	4.90434	1.2532	3.66179	5.97178	5.17141
8.18594	13.0176	7.50269	5.67476	6.40623	4.62749	2.98761	9.2621	12.1556	8.27212	11.3667	5.97146	5.52528	8.02643	5.43821	5.29105	8.66032	6.0409	2.95703	7.9231	6.92689	2.95703	9.43518	10.8248	6.8885	6.44087	5.97152	7.43381	6.40645	5.88099	6.63162	4.80826	11.1653	13.3504	10.4404	12.027	7.90813	6.61129	6.42234	6.75585	6.24178	4.93439	7.00362	8.82088	8.56451	2.864	7.25644	5.27116	4.34726	2.80024	13.4887	22.0075	20.2777	23.7828	19.085	5.76817	7.81632	7.69662	2.14878	4.34025	7.61989	9.135	6.88602	4.80826	7.05386	9.11437	7.19539	11.2411	8.97041	5.42449	9.77542	3.81002	3.03258	4.85791	11.0763	11.5476	4.68528	5.88323	7.35344	5.43854	6.12654	9.56987	9.63675	7.77336	8.25938	11.7876	5.86042	6.00385	7.88435	3.80632	0.737369	3.30318	6.80162	9.85543	7.46121	4.73639	10.5054	12.6123	3.73861	10.6889	3.4717	3.44585	5.56846	3.31682	2.64548	10.8296	9.48573	6.06021	9.65429	8.74235	7.66796	5.44106	4.44588	4.66929	4.73297	5.51447	4.7708	3.95715	4.4997	8.04836	14.8904	7.81117	13.6014	9.03064	9.30905	15.0341	9.34191	11.1437	17.5103	9.23481	4.66606	6.09952	6.92269	7.64868	4.2672	7.26895	7.74296	6.61174	5.67442	10.6635	18.0382	15.1229	13.2235	6.25362	5.38318	10.7123	18.8554	18.9569	23.1298	22.1708	22.9268	22.0746	24.2952	24.7774	23.2802	20.0538	5.27116	16.3995	25.7902	22.0756	3.8998	4.82098	6.52353	5.38337	5.04822	5.66421	5.38337	4.12422	3.72656	3.47192	2.11343	3.84145	4.88246	6.51647	8.30024	10.6514	15.3102	20.1498	17.1158	10.0087	1.91899	5.84287	14.2374	10.1866	16.2764	5.528	4.86713	5.52566	7.59086	16.9665	8.4146	19.0741	3.84161	3.88052	3.33942	3.91502	13.5412	14.8838	6.71855	16.1722	19.9843	6.24162	24.3654	7.38964	6.36458	5.71925	3.57833	2.65102	1.57345	3.33477	6.73139	6.61156	6.20608	4.93439	3.42396	7.08943	7.66796	4.17121	6.23222	6.07025	5.09831	4.19634	5.09811	2.65674	1.40098	3.72635	5.5064	4.12419	4.95864	4.85807	5.0394	9.37914	7.672	7.99917	6.24435	4.71743	4.45951	2.71296	3.71025	5.17079	11.186	13.8573	17.2099	13.5754	3.99489	6.62474	10.3376	10.3167	3.20133	5.21424	7.06427	4.82066	3.6117	2.09908	8.05742	7.67169
7.4327	14.0909	7.57819	1.09897	3.20106	2.69594	5.71593	10.0007	10.1689	5.14453	9.1004	6.74852	3.10581	5.81911	8.30106	4.22425	4.5225	5.05366	6.68446	9.54892	5.02688	8.59307	10.5759	10.1619	6.97093	4.65284	3.4192	5.28206	6.91783	7.5727	4.60775	2.2581	8.41176	9.24511	12.0413	15.2378	8.02572	5.14718	8.33464	5.76768	2.91065	2.60494	0.886063	4.49906	4.4218	4.49906	8.94495	7.55701	7.77257	6.07955	4.36734	8.79325	9.89165	13.501	10.6947	6.05969	8.24961	6.48609	1.49467	5.21356	7.00264	7.54707	7.09723	7.05336	10.3492	5.88794	4.33631	7.86463	10.1216	12.397	8.80817	1.2287	3.99063	5.38272	7.95942	9.27185	6.40332	7.67117	11.0689	4.25257	7.43305	8.98916	3.95675	4.25257	5.29028	8.19962	6.62226	8.65092	7.85551	8.02597	6.76624	6.67795	8.8348	8.58431	6.08192	4.57842	5.47873	9.90445	8.24992	4.42182	7.9093	1.265	4.42187	4.80804	6.12103	9.63568	14.4406	13.2765	9.85447	6.65547	4.43197	5.07426	5.92331	7.10765	7.1408	5.64236	3.74615	4.71051	6.65576	9.31601	16.4758	4.82049	11.2351	10.813	8.42776	13.5039	7.219	11.2387	18.4208	8.97771	10.1218	11.1544	8.02597	8.29948	7.36884	7.5727	9.97486	6.63101	5.8423	11.4888	15.7903	22.7473	24.5182	25.9219	27.0735	27.4371	11.8015	14.0835	17.0137	7.02181	2.48671	4.57845	2.74567	7.81605	5.28206	4.77053	13.1632	16.9377	22.4757	19.502	4.12378	4.28429	5.6107	5.41325	5.92331	4.65303	3.92629	3.80986	3.75429	2.95183	1.39002	4.4218	3.66096	6.00296	7.98153	8.08952	10.8657	16.2151	15.7049	14.458	11.2302	0.173786	11.611	8.92705	20.3369	6.65771	7.58986	4.19233	6.48631	13.8446	7.45488	16.0537	4.22073	4.11289	4.04672	5.21354	15.3526	12.3488	7.60351	14.6253	23.3019	8.30106	24.0697	9.47083	3.99438	5.66365	4.7831	2.48674	0.549537	1.78862	4.16713	5.20217	4.42196	5.13283	3.80593	6.58829	5.97066	2.69587	3.81765	5.91068	5.43796	3.51456	3.03711	2.88987	1.7717	2.96697	4.62707	3.82168	4.6691	4.81737	3.6816	7.43277	6.14762	6.29102	4.37775	4.42203	2.98731	1.63902	1.98064	6.20523	15.4149	15.6866	6.44035	5.17061	11.7678	10.9677	3.73824	9.17247	14.0594	7.60351	7.97262	5.17054	3.91466	2.6565	7.95386	8.42579
9.42714	10.6937	6.80675	3.16782	3.26141	5.47852	8.89851	11.381	7.2776	3.64839	6.91038	5.9704	8.42361	4.77011	8.38467	6.88465	5.13237	5.98033	8.25805	12.1627	10.7226	7.75852	1.26489	3.67699	9.00296	10.7587	7.23708	3.03699	1.40071	1.73711	4.02391	8.11983	8.05993	10.1465	15.3075	15.6964	5.33748	2.26444	7.38212	7.70294	5.57833	7.87544	8.52052	8.62964	5.78013	4.1123	9.25673	9.33517	7.609	10.3876	7.85484	4.42161	4.90587	8.65999	9.28994	5.97763	7.02086	4.99942	4.59102	9.83167	10.3163	8.80761	7.26738	5.58621	6.29256	3.93359	10.1209	10.5271	11.1521	13.0886	6.40483	2.2579	3.45808	4.19531	6.73672	8.08152	5.1988	5.19291	10.6504	9.74677	4.86621	2.26452	4.1954	6.57654	7.72432	11.8139	12.3599	9.0469	5.76748	6.21443	6.57674	8.20461	12.005	12.3285	8.05993	5.56748	0.388567	6.27399	10.0549	6.34689	8.32847	3.67699	6.02995	8.18497	5.29006	2.74539	16.5989	16.9427	6.67481	6.75459	7.32426	5.55402	3.29336	4.65237	6.50148	6.40259	4.17755	6.43967	10.1964	13.0688	14.7539	6.25269	9.96667	12.8063	10.549	7.26923	7.32395	8.89812	15.7882	9.48873	9.20959	8.62964	9.32155	10.8754	13.6837	7.8017	5.50564	11.9262	9.53124	4.19914	7.60877	9.70646	10.1353	8.65871	5.21323	15.5555	27.7745	17.7588	13.6763	20.2592	17.3394	13.5252	15.899	18.8296	22.4436	16.7098	5.20166	15.0613	18.881	15.4676	5.56748	6.90432	8.94935	7.81916	7.72421	5.91028	7.67075	8.30078	6.36332	4.25215	4.03501	5.58611	5.2103	9.88013	17.3488	20.7047	21.3796	22.5718	10.828	16.8411	10.2359	9.30259	14.9147	15.6961	16.0048	6.6235	9.985	5.54589	6.65739	12.3284	7.95895	11.5194	7.35207	5.03846	3.67715	7.82992	16.3936	8.2843	13.7237	14.1616	25.4977	14.462	20.9986	15.4609	10.5158	2.60468	5.51381	6.09862	4.58131	3.93359	4.7355	5.88739	4.7355	6.057	6.27164	3.66068	4.50859	3.82123	0.935721	3.1915	5.65527	6.48572	3.27522	3.67699	2.31716	3.30256	4.0832	4.95771	5.09742	4.57802	3.57777	5.8797	4.83549	3.78974	3.07147	3.561	3.61102	6.25245	4.57806	1.71966	16.2736	20.1413	5.81889	13.6381	13.5075	12.3369	12.6738	2.11303	16.5534	14.8913	6.58332	6.01018	4.7355	3.99403	7.11301	5.91752
4.76018	3.49233	7.38154	2.95121	4.34944	5.73318	8.97605	10.0278	4.93298	5.90941	4.73167	8.14077	9.18361	6.1198	8.28538	8.1981	4.25177	2.95629	4.12288	6.52143	4.29045	4.57736	7.45932	4.8658	6.13926	12.4842	13.3988	9.19307	4.53809	1.64795	10.301	12.3354	8.42276	9.81881	13.7641	11.7978	4.71587	3.47516	3.82077	5.92718	6.3674	4.9572	4.70962	8.04616	7.11239	3.12923	7.46103	11.5976	5.3954	5.54545	3.45787	3.26095	8.36124	9.53041	6.56453	2.36191	5.71732	3.91393	6.51466	7.70226	4.88408	5.05251	6.36246	4.16276	0.868682	6.75384	11.3384	9.96569	8.72344	7.26658	4.5082	1.71961	2.56368	3.31577	6.95462	8.82976	3.95581	2.60445	7.49461	12.2289	8.45739	7.15623	7.21987	7.4295	6.25206	7.36783	7.65071	6.72981	4.76963	3.99365	2.64471	3.30223	7.05397	9.95373	7.97099	6.76479	5.62008	3.66038	7.0959	9.04086	5.54539	7.57097	5.31482	4.16276	8.42588	6.84115	12.8846	16.2722	7.38773	6.71661	7.97106	8.20355	4.6262	5.30336	5.02581	4.71587	5.14356	7.61775	10.9652	11.8618	8.34563	3.33386	3.03668	2.95121	4.99899	2.50438	7.98766	1.63878	11.6934	10.697	9.68779	6.74728	6.51235	12.6937	12.4358	12.0985	11.237	6.57605	19.8747	21.8513	19.3712	15.1699	10.3028	11.214	13.4354	15.1654	28.1948	9.39504	21.8185	14.2342	10.2221	3.95596	10.4932	15.7815	16.2729	18.0134	8.73995	16.7581	22.3948	13.1604	6.29915	7.08964	7.8389	6.24254	8.34563	7.23634	8.03	6.27337	6.2399	6.97798	7.38154	5.38167	3.85213	9.60481	16.7501	15.6951	18.4486	15.1507	10.2107	20.0432	10.1229	14.795	20.1508	18.1884	12.7884	7.5556	8.43107	7.87425	3.33402	9.14522	10.1797	7.80862	11.094	3.22867	4.76948	9.80831	16.3914	3.95596	16.3593	10.7828	24.8391	21.7897	14.3424	14.7944	11.3961	7.94866	4.17001	5.38182	6.34635	5.87686	5.5964	6.45987	5.8591	6.36274	7.35173	5.15223	1.77137	2.56368	2.74512	2.14819	3.09068	5.90957	4.4448	3.64802	3.22867	5.05271	5.5456	5.8183	4.23425	3.47516	3.48808	4.89326	3.68071	1.78837	2.11283	1.04241	6.76466	10.0637	7.98044	8.04645	13.5718	18.1813	3.66034	14.523	6.94425	8.94164	14.1288	1.63878	15.3927	16.2389	8.28538	4.17006	3.56064	4.5082	6.99493	4.85643
3.68873	4.17688	9.32097	3.71306	7.52557	6.40405	6.08742	7.76995	2.48602	8.19727	3.41826	10.2959	7.18844	8.8176	8.79761	8.02344	1.2526	5.38116	5.77916	7.95732	8.61801	9.8121	5.02843	8.21871	6.67577	1.22833	5.21225	11.8368	9.13644	3.30194	15.6604	12.4484	5.85853	4.81885	13.9359	10.4585	2.82585	2.79923	4.06411	5.14312	4.50129	2.97127	3.95546	7.99582	7.38075	1.48405	5.81742	10.3893	8.84377	1.16528	4.49776	4.17672	9.25829	9.93668	5.60913	4.90209	6.57509	1.7712	5.82	4.23362	4.53767	7.13879	7.92015	4.33859	2.14804	7.76049	7.2107	5.26072	6.34571	5.02547	4.85302	3.07574	2.78302	2.03265	5.57692	8.86362	6.06061	4.88075	6.25128	10.0916	8.93792	7.23573	4.89301	5.59035	2.1966	1.98019	3.33816	4.33862	5.05202	5.11662	5.92167	6.80585	8.47907	8.72911	4.60627	7.19224	8.2615	4.79406	4.70912	8.36041	3.16722	6.19621	5.7638	9.73345	11.5287	5.47743	7.06163	12.3935	5.88612	1.55353	5.68015	7.69375	5.26894	5.75567	3.57698	4.33523	6.11936	8.20302	7.87358	10.9246	4.22321	14.9445	16.0916	15.0157	9.39467	8.57539	10.2584	12.4305	11.0154	10.7564	5.4362	5.4389	7.10539	12.1531	9.90499	11.8887	16.4165	12.6869	8.56166	13.8525	14.8794	15.9518	16.5601	4.5509	10.1486	12.9298	22.4291	7.03642	18.0069	12.2889	10.6485	11.9229	13.8976	11.3226	10.0632	17.1989	19.4455	7.98116	24.3139	16.4098	9.2125	8.05806	4.8282	3.03144	6.25135	4.33523	0.626415	5.73769	6.88986	7.39472	6.58637	4.93254	6.58676	11.5636	19.5489	26.1634	27.0297	5.23804	24.5563	20.4696	12.7155	14.0094	12.9654	14.1687	8.19776	6.72708	5.46908	8.62095	3.33809	5.8888	10.0916	5.89641	11.1818	2.11984	5.37009	11.242	16.7854	3.36959	14.4364	8.29868	22.2753	25.5626	12.4721	20.2564	12.9698	8.4564	4.16595	3.31566	4.28311	3.85191	4.42072	5.33673	5.14312	4.53779	4.92947	5.90896	3.33374	3.50927	3.65999	3.70885	2.56357	4.16595	4.25147	4.22321	3.03144	2.86302	2.26415	0.868622	2.96611	3.68043	3.64768	6.62908	7.80042	5.0523	4.71559	5.11691	10.0456	13.9631	9.40859	12.4091	15.6436	11.5534	7.66511	12.6177	2.32959	14.1274	12.1167	9.06734	14.9083	12.4676	8.90304	0.982679	1.4004	5.39484	6.36643	4.43068
6.74394	6.46329	10.4356	2.99619	5.92094	4.89252	7.38041	7.98608	3.91328	8.73833	5.81721	9.7234	5.75536	7.13822	6.96841	5.63764	4.265	10.6802	8.89614	8.29644	8.45745	6.41952	2.21007	7.94718	6.04536	7.26551	5.83999	8.30858	11.7204	10.0909	16.206	11.5523	4.33485	9.31898	12.6066	7.75982	6.85074	7.38046	5.30263	6.33582	10.0161	10.6033	8.56084	10.182	7.96383	0.885746	5.38885	10.1077	10.5278	4.26517	7.21651	7.0382	10.1479	10.9213	6.76358	6.47681	7.33396	0.776874	6.11606	4.16558	3.51324	5.11911	5.19149	5.63774	3.30162	6.42856	7.19399	9.74463	11.1684	8.77699	8.0064	5.09879	4.62544	4.3761	3.65965	5.50113	5.20883	5.05164	4.9319	6.37995	5.80688	4.92899	2.46758	4.265	1.22822	0.982645	1.94148	3.31515	5.89569	8.32447	7.35619	7.12587	9.87753	10.9739	9.73865	10.0101	8.22529	4.02279	3.47018	7.77704	6.24137	1.63847	7.16097	10.8726	8.81677	5.87821	7.47764	8.83481	7.05259	4.42021	7.30788	8.08845	5.54435	4.23325	2.09101	5.15131	8.08319	10.5007	9.62764	6.75252	7.35009	14.3862	8.97443	10.3009	9.71472	11.2769	9.87771	12.6504	10.6951	11.8465	9.40764	7.00025	5.26852	7.25723	9.38132	8.13212	13.8024	21.24	20.6276	13.3702	7.35619	5.64025	12.485	12.7672	9.71437	14.904	14.94	15.3614	16.9313	15.784	9.6136	17.5232	12.3755	9.67434	7.35036	10.8034	15.8024	11.4345	15.1093	20.0397	11.5027	10.488	4.76859	3.5131	2.80426	5.39438	3.91319	5.04569	4.1366	4.76859	6.31459	5.88586	4.21921	7.08812	14.4353	26.9799	29.0363	11.4566	29.4488	15.1343	6.49314	8.84978	10.8155	16.0472	7.86188	7.35036	4.73099	7.88028	4.76859	4.25106	9.48124	4.55045	9.56362	2.17572	3.70851	11.652	14.3938	4.81868	12.6334	8.13904	23.1635	23.961	13.8977	19.8194	10.362	5.26849	2.19631	2.02512	0.716243	1.09859	2.62706	3.57675	3.64742	3.03611	3.87856	4.79362	3.36925	3.78865	4.02284	4.50743	3.18588	4.16558	3.57675	1.47379	1.77107	3.83978	4.34519	3.95904	3.82013	4.7592	5.39455	8.36678	8.87121	6.71536	7.90486	8.05047	12.1675	10.3384	2.58076	3.18588	6.1379	4.81868	14.7809	11.7971	4.69282	13.5538	8.51267	12.7327	12.8561	8.29805	6.25057	2.50379	1.43223	5.58447	5.73189	4.89234
8.71606	9.69694	9.31138	4.90117	5.55194	7.95584	8.93626	8.67566	6.23845	8.34332	7.73864	8.10954	5.20834	5.47618	1.71033	7.21803	12.4783	13.3056	8.38209	6.95728	5.31313	3.49132	4.92562	10.4944	11.2494	9.8163	9.75678	8.20122	12.497	7.25835	11.4567	10.9502	5.42144	6.91443	3.95472	5.76532	10.9928	13.9672	18.2835	19.337	14.9698	11.3026	10.4998	14.9324	12.0452	2.60387	7.21769	13.4781	15.6213	9.28222	7.05009	6.11786	9.26748	7.81575	7.64819	7.49835	5.75459	2.28354	6.57389	4.25055	4.12186	6.59212	5.66103	4.2823	7.21769	7.11074	6.72797	2.84672	6.9569	5.02452	7.28899	6.62807	5.34696	3.99264	2.60387	1.48377	3.9925	5.56533	6.06679	5.71325	5.22266	5.37185	3.41762	4.0224	1.94139	1.32263	2.80398	4.44338	6.58517	7.49832	6.58517	5.19971	7.08545	8.1977	5.20834	6.53767	5.57588	1.63823	1.49398	5.90807	8.32593	8.95414	10.6952	7.20118	3.07505	4.21873	6.38155	6.67452	6.23806	3.72424	6.40961	9.35549	9.27264	7.27488	4.87983	8.99324	13.2774	11.8924	5.96067	0.776806	6.91421	13.3945	10.3999	4.12186	11.9248	15.0357	13.0113	16.4139	8.89539	8.73742	9.03848	13.4787	11.0488	5.63735	7.03759	3.08983	7.93393	18.1395	21.4744	22.2716	23.903	21.798	11.4637	6.85619	2.82551	16.7539	19.4214	15.7627	18.286	15.7689	15.4456	16.3944	15.9547	8.65717	11.3961	14.4046	14.4288	19.5576	16.3251	16.4855	13.3851	10.6208	4.82729	5.05108	2.78252	7.26652	4.45686	4.73049	6.04488	6.34452	4.79316	2.88849	4.68264	9.92018	25.4782	32.2697	13.6372	23.9763	29.6656	11.5131	8.3924	7.3295	11.5267	13.8965	7.47696	8.37333	8.56024	6.74539	4.93141	2.257	7.34936	4.89209	8.78254	3.27399	4.58918	13.7652	10.6208	9.5995	13.8617	6.23838	24.1726	21.2799	13.13	12.5468	15.413	15.1087	17.5642	17.9843	12.0953	6.50169	2.43661	2.09083	4.41999	5.43548	6.09618	5.75489	5.88032	5.76272	5.05132	4.90117	4.34481	5.3775	4.83351	3.83929	4.92854	5.5895	6.03751	5.75498	4.28233	3.19015	3.64691	8.42166	7.70954	1.43213	2.22347	5.50352	4.85503	8.58928	12.4706	11.3671	12.337	15.5185	15.093	4.29283	11.2131	6.50131	7.19136	7.59816	8.70045	7.49844	5.8775	4.16517	1.87829	3.75232	5.53302	5.47618
4.12133	10.5791	5.54345	7.70925	7.58588	11.3456	7.80595	6.29699	5.89488	7.57429	7.69205	5.81864	5.57542	8.3721	6.68083	8.57983	9.33584	6.07594	1.40007	2.17531	3.18998	6.519	7.19238	7.60539	7.95521	8.86957	10.0242	4.99735	7.66688	11.6588	14.473	13.7885	8.0359	7.30661	9.77401	12.6148	8.42138	4.34437	6.91593	6.24021	10.5546	8.74999	3.87783	13.7062	14.748	2.02474	7.1862	13.7052	13.8308	1.84565	8.0267	9.64211	11.382	8.86957	6.67402	5.2675	4.34764	1.91774	5.39337	4.41253	2.98547	5.61798	6.39973	7.63246	7.95516	4.4398	6.37876	3.51244	4.90054	2.90901	4.86397	6.18277	4.33403	2.88837	3.16632	2.11207	1.60087	3.47386	6.05888	5.88715	5.02703	5.58351	3.45657	3.81943	2.09061	3.27351	3.19925	5.1414	7.95498	5.83889	2.88824	4.18981	5.21063	6.91799	6.67844	9.02603	6.19452	0.347373	2.09055	2.1959	1.09838	5.91983	12.0193	8.80167	3.64665	3.73599	7.0345	8.04317	6.11742	7.29056	11.2203	11.4947	8.98728	6.75125	5.29874	11.0018	12.6716	7.90526	9.98047	8.1306	10.2215	7.91795	9.56365	14.2416	9.39156	10.6782	11.6382	16.2077	11.1932	5.88704	10.7251	9.45187	10.8667	11.275	15.0004	14.8268	11.0343	4.96415	11.7182	6.43667	11.7222	18.0526	18.9943	18.3305	15.3049	16.6114	20.3957	11.5404	19.1081	10.5358	19.8528	10.3452	16.2788	10.1687	10.0604	15.0251	15.3155	17.0739	18.1031	9.41664	17.2157	13.16	9.27174	8.02149	5.71018	7.91797	5.29874	5.43493	5.81867	7.45637	7.12424	2.71101	5.16744	9.36049	29.2581	30.8772	6.74255	28.4684	27.3846	11.9995	11.5257	8.83346	11.0435	11.3303	7.11815	5.81612	7.57429	6.23781	3.8779	3.06984	3.752	5.71533	7.30652	2.6036	5.40993	13.1939	7.98468	13.636	10.2144	5.9775	20.5972	24.0505	2.48533	10.9917	15.3332	11.5197	13.6914	13.8604	11.8852	10.4215	7.66295	2.58028	3.78794	4.99735	6.84935	6.42069	6.12247	5.39365	4.51995	4.92806	4.66644	5.02405	7.4345	5.47565	3.18987	4.19693	3.83894	4.13602	5.51118	4.53648	2.11207	9.97176	6.11733	7.6227	8.04346	6.77763	7.2662	9.71292	9.9227	11.0735	12.3518	16.1207	11.9962	11.7461	14.7705	5.6312	8.93538	7.73021	3.12805	6.67844	6.46191	4.16478	2.95009	0.626203	4.98818	5.53253
11.0018	4.95459	7.98387	8.72107	6.94095	8.89324	3.98797	3.33687	1.47336	1.73617	1.84555	1.22786	7.87052	9.70107	3.36815	6.14354	7.1175	6.18937	7.1899	7.73706	5.58301	8.29559	10.4685	1.74484	6.9065	5.75356	5.75363	6.23688	1.77055	6.99795	14.0334	12.9169	8.29406	7.6624	9.81578	6.11697	8.37999	9.31631	14.7462	13.5671	10.0072	10.5998	8.25334	13.958	12.4301	1.57225	6.57263	11.1288	12.6969	11.4089	12.3527	8.96368	7.39196	6.79209	5.88656	5.75363	4.96069	1.16488	3.80715	5.27549	3.73561	6.84841	8.69883	4.8327	6.21086	4.51948	7.30577	7.38422	8.18197	7.79766	6.88321	6.61782	5.63611	2.60333	2.62626	2.485	0.868308	0.626139	3.29149	5.24152	5.02354	5.71213	4.96083	3.96166	2.43611	4.29173	3.85021	6.28902	9.92129	8.61964	8.10997	8.04264	9.55664	11.47	11.4936	8.82907	3.71142	4.71376	5.23599	6.27038	6.27038	7.28765	13.2681	8.0552	5.72252	6.77694	2.77655	6.65126	10.2248	8.22853	4.81395	11.4547	8.02042	2.79811	5.97435	12.5896	10.8216	7.00225	13.8436	10.4547	12.977	12.2156	7.85962	7.208	15.8193	12.6465	3.64621	9.41541	13.2394	2.90879	11.037	12.8348	6.64246	10.8803	14.0199	17.0839	22.4118	10.3776	16.3586	14.5624	14.6712	11.4313	0.626139	8.82924	7.18556	20.5902	14.8063	11.0474	15.1577	7.0359	11.3937	14.5012	8.07698	18.26	10.175	0.388341	8.51563	10.3428	13.0256	8.18204	18.4655	12.4438	5.55085	4.17515	5.36803	7.99293	4.67868	2.52701	2.48498	9.09917	9.86713	5.75374	9.14095	16.3852	28.067	26.5602	2.14716	26.7121	30.951	12.5748	8.66691	5.89411	8.99118	10.2751	5.26706	2.2632	2.60903	1.97941	1.22788	4.10998	2.88807	6.98961	4.33693	2.95481	7.95417	7.81049	6.02646	9.70722	4.67868	4.75782	11.9946	22.299	20.1572	8.40823	14.8806	4.6628	7.14216	11.0849	6.20111	9.2469	9.02997	3.33226	3.08904	1.11192	3.81904	5.27854	6.73325	5.81807	3.68728	3.81511	2.62629	4.88174	7.41588	6.09491	5.0265	6.11671	4.49606	2.8723	3.16594	5.51062	7.44995	8.42023	1.87791	8.84724	7.42598	7.21854	5.96696	1.09824	1.22786	7.01716	9.13297	9.20441	7.50483	19.4918	11.2886	12.4778	8.57187	7.6624	7.05089	5.7537	4.88174	3.46908	2.94973	1.21551	4.23203	4.72941
8.27884	4.4187	8.28607	6.19366	8.19391	7.08561	4.16396	1.11183	4.16396	6.3498	6.84818	4.54879	5.67744	9.16561	9.86673	9.06335	8.01997	9.49342	9.64671	8.18135	10.0626	12.5311	12.9973	5.55033	4.16037	7.96646	9.26482	6.58333	7.64422	9.5177	11.6451	10.4536	3.95377	9.84314	3.46895	8.03457	12.7755	6.59014	5.14358	10.6048	10.6171	9.22718	7.49619	10.0118	6.61689	6.54515	7.98314	8.36352	10.7405	11.0522	14.9232	13.4312	14.1591	16.7539	16.0934	11.9092	8.36374	5.97636	3.89647	3.72316	3.25906	8.37914	10.3245	5.11711	6.74342	7.15222	9.01487	6.94662	5.37029	4.08048	5.67781	7.81956	8.12352	4.66553	3.64183	3.1275	2.69952	2.82469	2.36066	2.88765	3.02984	3.81869	4.05843	2.28288	3.89626	4.96014	5.31159	6.58327	9.5386	7.82475	1.48334	5.37018	8.02704	2.02424	6.98908	8.55945	11.5498	11.636	7.53773	4.66556	4.927	5.88585	13.2222	3.84991	3.30033	7.26477	6.23904	3.48608	3.80677	5.26666	8.95135	8.41228	6.80261	11.8891	12.7881	8.62391	7.09207	15.7901	13.1886	13.7848	13.2052	7.96666	16.6388	19.6201	17.9003	11.0256	4.75727	5.58788	15.5148	14.8317	11.5582	12.8358	6.51093	8.45443	9.15128	5.80476	17.6531	21.6058	20.8955	9.55579	4.92419	9.31542	13.9583	19.8044	23.6113	26.7893	5.43387	17.5586	12.3148	13.0598	9.61657	20.2653	8.36352	13.2457	14.6177	9.84266	4.54855	6.71284	13.5316	11.8231	14.473	8.89064	3.92307	2.84571	3.33192	6.74979	4.43867	3.9307	4.03232	10.2529	11.4984	7.69044	8.78683	14.401	24.3049	15.1282	8.61394	13.4346	36.0845	20.3674	7.4332	8.41963	8.17205	9.18275	3.57527	3.48612	3.8772	3.65837	3.55863	5.37594	5.27809	5.73496	0.491173	5.57429	6.50852	4.26356	7.75722	7.21579	3.6747	5.33393	4.66537	12.5888	25.0126	21.1549	15.1693	10.911	15.9204	9.35118	4.43867	8.95769	8.43315	2.9545	3.12739	2.17477	4.09155	7.05237	7.93165	8.78707	8.37968	7.23431	5.14938	6.58333	7.47057	4.92386	4.81346	5.89338	2.9698	5.09396	7.28698	5.24111	2.41723	2.26299	6.75004	7.10222	6.17417	3.70717	2.56219	1.55279	6.11609	6.36383	7.96666	4.333	9.43288	18.1141	11.1252	10.8151	10.1038	2.74367	5.63572	6.43335	5.09396	4.85376	4.50903	3.22685	5.16648	4.51893
0.982173	8.40667	9.09301	7.33075	6.1207	4.51864	1.39963	3.84956	8.1946	8.77948	10.5943	11.268	5.25769	3.8961	6.57169	8.55659	3.53707	2.8456	4.03196	5.75268	0.173637	11.3222	16.3449	9.99941	6.04234	10.6537	15.7616	16.1692	18.9378	11.3918	11.1489	14.0983	9.75925	7.14116	16.0612	17.2279	13.7963	9.31459	8.7862	11.4068	13.071	10.7707	7.95287	5.62957	6.88195	12.1234	13.2999	17.2549	22.4458	19.9851	19.6345	14.942	8.86725	6.28567	10.5884	10.9042	7.37688	10.7038	11.882	8.17874	3.43383	6.4347	11.6074	7.91569	6.93943	2.26279	4.71274	6.92032	6.74937	6.1207	7.71277	7.42658	7.01573	5.72145	4.2172	5.40864	7.10177	7.69749	7.8132	7.66681	6.57171	3.92294	1.94061	3.03451	4.04677	4.51843	5.43311	5.50123	8.07914	8.95552	6.43488	8.10809	6.29495	5.92325	10.1078	14.4148	12.1107	8.02631	8.93576	5.34767	6.0767	6.99669	12.5422	7.10177	8.32269	8.74788	7.08493	7.66454	8.29246	6.51046	1.70966	11.2769	15.8223	15.1249	10.982	7.01562	11.1644	7.28837	4.22064	8.69722	12.3652	13.9646	8.30482	5.14864	8.34002	4.19222	3.27255	2.8874	5.87802	13.3902	10.8147	4.8532	8.89842	13.3378	17.8332	20.0221	15.9336	8.35602	5.97577	11.7918	14.8033	14.7434	10.9265	17.9629	20.6603	7.24964	15.7745	16.2827	8.57028	14.315	11.1863	20.2914	21.8179	11.7434	10.3111	15.29	9.18212	8.40667	11.95	16.4114	13.4268	4.55809	4.66168	3.51141	4.19571	7.4264	4.41805	4.09093	3.71072	9.16293	12.2372	9.16474	8.98981	15.5246	25.4297	16.9312	12.1443	15.9042	40.0556	22.4454	8.70767	10.4311	7.87689	8.19814	4.16357	3.99097	4.06175	6.13524	6.60096	6.73197	5.67723	3.18905	2.32827	5.65068	3.84961	8.07574	9.23769	7.52139	5.33373	7.55047	5.09351	4.89937	13.9294	16.2545	13.6322	17.4847	21.0082	15.8985	3.64553	10.8209	11.7574	3.67838	3.14155	4.22064	4.0022	3.31367	3.67433	6.60544	8.42589	5.31129	2.5795	6.73167	7.76561	5.5093	4.30485	4.21713	5.95339	8.19308	10.0012	10.2679	9.25333	5.50958	6.7756	4.50528	5.24061	6.11574	5.77585	6.00557	7.45625	4.68099	3.10316	1.16461	8.54453	13.4262	11.557	5.58196	9.04933	5.47411	5.73448	6.84748	6.00557	5.33366	5.90565	6.23601	8.5705	7.96588
3.98685	9.42506	8.7787	5.04894	3.65755	4.54794	6.35791	9.06167	7.5965	5.91248	6.22813	8.32183	10.6092	6.58891	2.4539	7.76482	5.13938	9.46702	14.5443	11.3215	10.9964	6.22813	16.2137	10.7745	8.10724	3.29068	14.3172	19.7055	14.8216	10.4784	10.4782	13.3717	10.0567	15.4594	18.905	10.4274	5.2658	2.96427	4.55759	3.95283	2.3151	2.25597	2.45385	2.02398	7.04674	10.3174	16.7505	21.026	12.8756	2.62555	10.0849	12.4743	9.02253	11.3211	12.893	8.81171	1.1645	7.66408	9.69892	10.0853	8.19767	2.84536	8.45252	10.6742	9.14941	5.11322	2.46618	7.10108	10.2403	11.6876	9.1625	9.42506	5.96498	6.11491	1.70951	7.91521	10.1426	10.0912	9.14984	8.41649	7.57151	6.74014	4.66152	3.24012	2.41053	3.45512	5.53857	6.91972	7.61195	7.30372	7.85714	7.76698	10.3064	7.75584	7.83288	5.26576	5.09274	11.7901	10.9765	4.41778	5.26568	7.536	9.16379	9.93511	7.64306	6.26592	8.39514	8.85279	6.94931	3.93023	8.98076	13.4046	15.2249	13.1514	10.2106	16.4608	9.84711	14.5141	14.0301	10.0562	7.68867	8.67108	10.142	8.75178	8.44575	6.05185	5.69239	6.74014	9.8985	8.3466	8.15088	8.85826	11.7424	14.9465	18.7118	19.2615	20.7732	25.2444	23.568	13.5285	7.57106	14.0136	19.632	13.5152	7.64291	23.4578	22.6646	7.645	8.7115	14.2358	10.1191	9.68521	18.8976	17.3832	4.21681	18.7029	11.2753	6.6783	6.1153	8.65308	9.18159	7.21657	4.1632	4.28002	4.66446	8.07469	5.54125	5.12785	3.64527	7.13406	10.7065	9.80567	6.48007	13.6233	14.331	17.6624	16.929	26.4288	38.1321	13.202	5.57355	6.62486	5.89267	8.4527	5.97524	3.89573	3.6576	4.72832	5.63466	5.72888	4.99838	3.10288	3.64527	6.00478	4.47169	8.1075	6.26866	5.14841	5.11641	7.76508	5.57358	4.2204	13.6612	11.0183	13.4751	12.6933	6.91972	15.0282	13.5648	11.1924	16.2835	4.82521	4.26276	4.53458	3.40704	2.11122	3.78636	3.14129	4.19173	6.81616	5.60529	4.72805	5.50073	7.44171	6.17302	3.36735	6.3415	5.04894	5.97496	4.99516	6.43405	2.11126	3.95277	2.70994	1.09797	4.72823	7.28784	8.6514	5.99762	3.82969	0.885241	3.89552	7.75536	8.78324	7.26342	8.56974	1.43144	11.7176	9.46349	2.43541	3.33151	3.57471	4.99822	5.36931	6.93904	8.11296
4.27985	10.6014	5.80285	7.20531	8.71581	6.35733	7.24844	9.14872	6.0242	3.02902	6.67078	1.90895	10.2164	8.13389	5.95227	2.7428	8.93411	10.2135	8.42395	3.06853	10.4109	6.83534	10.5591	10.3094	11.8195	7.98081	3.89519	5.34643	4.95298	9.44759	8.1932	10.5959	5.3688	5.94468	8.74586	2.26237	6.60408	7.92937	9.28146	7.46889	10.2168	10.5705	7.64034	6.81795	9.33143	10.8124	21.2456	12.3996	10.1639	9.00924	2.62527	13.613	13.5275	13.7436	5.19375	3.14099	4.1592	9.62094	6.2657	8.72271	7.62483	6.74804	2.45358	8.60266	11.1505	10.372	8.02321	6.88489	5.2083	3.73434	7.14981	10.0896	7.4705	6.43118	5.88424	11.2453	9.77537	9.72931	9.1664	6.43149	3.87609	4.72777	4.61271	4.81547	4.19513	2.64245	1.6373	3.91058	6.67753	7.26055	9.48591	8.78289	9.02705	10.2732	7.27895	3.89519	9.77491	9.61334	8.40489	7.45486	4.19136	6.1868	5.47308	0.736523	8.2412	10.9586	6.9147	5.33247	5.02461	7.18923	13.9621	15.4867	9.90492	9.00924	11.3705	18.2885	4.90148	7.86789	14.2425	15.7981	13.3528	7.32939	5.62852	6.75905	8.25027	8.82274	9.06079	6.39916	8.277	10.3096	12.6446	10.3096	4.68011	3.62011	9.40102	7.34154	8.22547	7.01442	10.3273	8.98787	21.2833	26.2414	13.831	11.1613	26.3149	27.5493	13.2107	8.78263	9.11511	10.6149	11.642	3.33556	8.13906	16.0276	3.78602	15.7611	15.9566	8.47268	5.09235	4.06078	3.5364	6.06337	4.81547	4.86165	4.45433	6.80038	4.9858	5.27351	2.90761	5.26499	7.80194	9.4673	13.3118	8.88994	8.78294	25.6913	22.6874	30.182	36.8333	14.3924	1.91683	4.36279	2.88699	5.34366	3.65721	3.71021	4.72777	5.26517	4.68023	4.7056	4.55717	2.96397	3.89534	6.24655	3.42004	7.05634	4.04615	3.6859	4.00153	5.94459	3.96017	4.7056	13.5771	10.1055	10.0365	9.49023	2.96387	11.5756	16.694	8.88989	17.9274	3.10244	2.19491	4.0201	4.68013	5.14784	5.26517	1.73556	5.76169	7.0876	4.24814	4.64819	5.58092	7.49415	5.81563	2.71537	3.29025	3.72214	6.88035	4.72764	4.53408	2.25574	3.1266	1.73548	1.09782	1.25172	4.21998	5.02178	5.19686	4.34229	3.31304	5.03342	7.80194	5.58085	6.75923	10.3164	10.4109	6.05097	14.0728	6.23692	2.94366	3.51089	4.21633	5.72808	3.14099	6.93814
4.6638	9.52149	1.21494	9.79923	10.1743	5.03318	5.52959	8.28825	5.87642	6.23431	5.16454	3.48476	8.4163	7.78454	7.6108	6.41686	5.66755	14.2479	11.6848	5.37658	10.5491	8.62944	3.34882	12.5112	17.1519	16.6179	12.0744	11.2034	5.43426	5.66771	7.47803	8.38669	5.25603	4.21593	4.96127	0.388161	5.87602	3.87559	7.60091	6.88008	7.04543	5.9215	6.23398	9.58386	12.8557	13.4366	20.0866	2.41008	20.122	10.331	9.08897	14.11	14.8181	12.8365	3.81737	6.23431	5.26478	15.6035	12.5664	13.5629	10.6602	10.2154	2.3598	8.78993	10.6867	12.8365	5.33193	5.73281	4.19103	3.9102	9.14771	9.79918	7.95777	4.40997	9.0338	14.6045	9.31361	9.51435	9.08418	8.11696	6.23431	6.67491	5.03318	4.42717	4.66065	4.65424	4.04587	2.0236	3.57389	5.54023	6.75848	6.37529	5.40716	5.57254	4.79011	7.60064	10.2463	7.90034	5.41783	5.50771	6.85165	3.02873	7.84624	5.70676	8.81662	6.6701	5.96386	2.99384	4.71163	6.61477	14.9154	8.6562	6.51525	9.08897	10.1858	15.7965	0.54893	5.19642	13.2957	17.7062	13.6239	4.95854	8.7822	10.3713	6.96328	8.45139	11.1868	4.61232	5.58052	8.10627	7.78454	2.28197	5.64908	5.46456	11.9461	4.51724	3.55729	13.8874	20.6373	18.9925	25.2315	15.2743	16.8907	26.0043	22.1166	10.1476	15.2338	4.24772	14.4525	10.3714	8.11674	4.67952	9.44634	12.569	6.72136	8.79855	8.39358	12.4815	10.4721	8.29176	1.43113	4.51728	4.75578	5.27324	6.30969	7.90034	4.92201	4.28968	3.80138	7.72544	10.6356	10.5378	9.84479	4.10825	2.69288	29.3664	19.8762	20.5608	35.2738	25.4344	1.38844	2.43498	2.70961	2.7425	4.37254	2.41632	4.50731	5.02118	3.25801	4.62181	4.41683	3.12641	3.75005	6.28381	3.08777	6.72316	4.36237	3.55729	4.00112	5.09482	3.73401	4.66361	12.1008	9.12364	9.95601	9.39705	3.41517	7.94486	15.2502	5.03322	15.7596	8.48545	2.25549	4.28627	4.95834	4.16242	3.53608	2.9484	6.1138	5.77412	5.7278	4.58625	6.36102	7.38845	3.64456	4.5174	2.46572	5.1471	5.7611	3.89482	4.00107	2.82363	2.74264	2.48392	2.41643	2.9535	4.51724	4.81194	6.05072	4.05691	4.17303	4.8518	5.73009	5.43462	6.64828	8.95956	13.0359	5.91663	12.0491	11.2643	1.57153	1.84457	3.12621	5.71188	1.91665	5.56163
7.08228	6.57584	5.03245	9.21179	7.56312	3.19711	2.65322	7.71526	4.16203	6.59849	9.41053	4.89753	5.18706	5.7609	8.51089	11.4323	5.53984	14.0752	14.4397	9.9188	8.71621	12.9581	12.8281	5.52904	6.36048	10.7997	12.7568	18.1265	17.8606	9.9628	6.94337	6.74694	8.93282	10.4865	9.10243	4.82382	3.43236	8.71579	7.93529	9.68864	5.37622	6.67628	7.04687	14.6789	16.0589	11.9134	7.82117	13.1313	18.5639	8.08188	13.7741	15.9191	12.2548	5.53956	5.63561	4.958	4.92785	15.9195	5.97089	9.6824	11.6706	13.5983	3.45416	8.42931	8.17709	12.0822	9.78355	2.4836	5.89067	7.26109	8.17533	7.79298	5.02058	3.65652	8.51221	15.4508	4.77699	3.28974	9.64217	16.0356	17.0788	15.2448	10.7946	9.31269	11.5333	11.3436	8.97842	6.39559	2.98363	2.35947	3.10186	3.98949	2.96844	2.11771	4.66317	7.82117	9.17856	9.82042	5.99312	1.91646	8.0507	4.03061	7.56895	7.04461	8.6555	9.08328	11.0052	6.93706	7.54779	7.3742	12.5286	2.4532	14.4004	6.34678	2.09631	10.8383	11.7086	9.42859	12.9753	12.5376	9.30467	10.8914	5.63561	8.27684	4.90362	5.67511	11.6656	5.19303	11.1591	14.181	12.0026	10.978	15.4692	14.3016	11.0052	4.04539	3.28963	17.0459	18.8975	11.0154	20.2839	8.6333	24.4969	19.0609	0.934617	11.548	16.0613	6.02277	16.691	6.41632	9.80893	7.42399	12.6229	8.35967	12.5829	13.7224	11.7536	10.1466	9.63579	9.84255	4.33448	3.78541	2.20818	1.70902	7.4138	8.2485	5.13798	4.57262	5.25557	8.27684	9.60552	6.99833	8.51084	8.52453	12.5949	27.5604	10.1677	22.2566	31.3763	24.2698	4.27888	2.25528	4.67935	5.81226	6.26204	4.51685	5.09436	4.85149	3.53574	4.78954	4.54657	5.50752	4.7301	5.97089	3.51023	5.88314	5.20714	2.57866	4.07846	4.04532	3.02852	5.53963	12.4562	9.03156	9.94353	7.7533	4.86073	7.1549	12.0685	12.795	8.90789	14.9213	2.43473	3.41924	4.28931	2.7092	2.20807	2.26194	6.24771	4.67923	3.1404	5.91583	8.68893	4.22964	4.42672	5.26427	4.70472	6.23343	5.75035	4.1728	4.49701	5.16426	6.8146	6.72947	5.14692	4.21919	5.8908	5.70639	5.04152	5.80177	4.9518	4.33098	4.45359	3.80125	1.73515	6.04008	6.35582	7.11345	7.32783	10.1392	3.95942	5.33173	7.5945	9.12308	3.98938	6.84492
8.04993	2.56089	6.97005	8.3166	6.93616	4.76405	5.05558	7.41099	4.45306	5.0232	5.91553	7.15425	6.99789	7.43518	7.56281	12.3045	9.14645	9.89441	11.679	11.8159	6.11025	8.91557	15.2908	15.7274	14.9273	8.52736	2.35924	10.3009	15.412	18.4501	20.0638	18.7518	14.9456	11.3222	9.46487	7.42313	2.56089	11.1499	7.49989	9.82004	11.9411	11.7863	9.40358	14.0918	10.3286	2.11763	9.20345	13.3031	11.6644	4.55587	7.26071	8.11545	3.40576	4.10748	5.64834	5.77316	4.2856	10.3006	7.96201	2.52533	9.24084	14.9631	6.18978	7.59922	9.00948	9.73052	9.27378	0.388067	7.22776	7.3591	7.94888	6.35983	2.64172	5.8143	6.40412	11.3532	8.48396	9.17764	10.9113	12.5944	15.3963	16.6506	12.8006	12.4679	15.1779	15.0963	10.5183	6.64679	3.92875	4.22948	2.50155	1.01186	3.80067	5.91027	6.90857	6.94264	8.29022	11.6387	4.72627	3.47119	6.77243	5.74979	3.16392	8.83522	11.665	9.03087	8.61393	7.13152	6.90857	7.04625	8.45815	3.41889	12.3809	4.08925	7.04625	10.8733	16.2182	19.6688	11.1074	4.53276	9.47268	11.5063	11.5922	6.57984	9.21143	6.56623	9.63321	3.44096	14.712	13.2315	15.2192	13.2317	11.6296	9.73102	3.74935	3.29393	8.45815	11.492	13.0042	15.5756	23.3669	14.6547	23.703	19.4779	11.1012	11.317	3.56901	12.0068	15.8187	9.31472	9.96602	6.72887	14.6623	8.11545	11.3004	8.11545	11.1711	12.1706	10.1387	9.41552	4.41612	3.12092	2.14573	4.61116	8.71334	8.13154	6.39721	6.41566	4.87555	4.92109	8.39202	9.79727	18.2225	24.3617	22.6379	23.4996	7.93993	34.9981	29.5577	14.8092	5.88255	4.41601	4.897	6.34624	6.96198	5.04704	5.20386	5.04686	4.17242	4.85106	6.37653	7.59972	6.91714	5.71882	5.30883	4.68834	5.34489	1.4724	3.87487	3.98911	3.6192	5.38939	10.5835	9.71429	6.03204	8.51135	4.71075	7.05465	8.19093	16.0975	3.45396	15.1996	6.39502	5.23807	4.99328	2.82291	3.18269	2.32728	6.29198	6.13201	4.51643	7.09814	7.22776	2.52542	3.8283	2.95304	5.04686	6.41329	5.94291	4.60168	5.28357	6.7988	8.02102	6.57993	4.72968	4.66293	7.25243	4.38219	4.99328	6.4775	3.6439	6.03238	5.88271	5.8522	10.3902	6.81402	0.69419	5.28357	9.0358	8.10994	2.7091	1.70878	2.41598	8.24779	12.0068	7.18085
6.11215	2.98287	8.63156	8.5654	8.31596	7.42237	5.80068	4.6622	5.43281	5.47096	4.72579	3.18255	7.64137	7.26003	7.69319	12.7444	11.8634	5.34466	6.61251	13.5956	11.2611	2.09599	8.40195	10.5353	10.4805	10.9913	8.95046	9.14527	4.9571	1.25124	8.55729	14.8695	17.2903	14.484	10.0039	7.05361	4.02963	7.81403	12.9248	5.71022	6.61292	10.3013	7.32675	7.65641	5.5388	11.7853	8.03664	6.33823	8.03619	4.6622	5.51691	1.87637	3.67628	7.97788	8.69277	9.05412	4.28872	5.58926	6.56761	0.548748	9.18936	13.3727	7.66206	5.38316	11.9712	12.0092	8.35801	2.43427	8.65349	7.51672	7.28391	4.57494	5.2942	6.96981	4.71026	3.98868	12.034	15.2376	5.20337	8.64884	4.90237	13.777	12.4664	16.2799	14.0524	14.6562	11.3521	5.72585	2.87024	3.27086	3.56885	2.56063	3.36552	7.80454	7.71371	9.62652	11.6978	9.7476	0.173538	4.62047	6.39634	8.567	6.37345	6.60174	7.98688	9.79628	5.81079	4.18981	2.96782	4.81335	4.13222	4.77601	8.25928	3.12541	4.16121	6.77183	17.7997	21.8821	11.0805	4.36117	12.2305	8.04911	12.6828	7.86687	8.28984	12.7039	8.17363	0.867596	15.0239	10.6094	8.56569	9.74951	9.90126	11.9492	8.1181	6.26294	6.11685	11.5946	15.2489	15.0947	19.6951	16.4909	21.6481	18.4755	10.6729	5.60273	9.68683	14.4458	14.3976	7.94813	6.81292	2.85973	12.7538	6.90999	8.88651	8.93727	5.51996	5.41656	6.28211	6.17008	1.39884	4.13222	3.29813	5.64744	9.29477	6.90124	3.34769	3.34769	4.81055	6.11227	10.3177	25.0061	32.9571	29.1652	25.1161	8.77962	30.7855	35.4794	14.6603	6.37345	7.08714	5.71823	5.7078	5.09346	4.34408	4.22905	4.75431	4.38501	3.4838	4.87828	6.95272	5.58417	7.2455	5.30828	5.83402	3.48817	5.36661	2.79608	4.16121	3.8279	3.29815	4.64618	7.89806	9.03122	4.87505	9.9937	2.4832	3.50518	5.20609	14.8917	3.92808	11.2598	5.43	6.71897	7.1036	4.67833	4.1576	2.48317	7.14703	8.88642	3.60621	5.53843	4.13222	2.70883	2.6921	2.02301	4.50603	6.81522	6.06101	4.49287	4.37154	4.92384	3.7047	3.95094	2.82275	3.67628	6.5043	2.95273	7.18	5.53853	3.41435	2.56048	8.55164	10.9545	4.41549	4.87512	4.9571	4.8229	7.59872	6.77411	5.71059	6.26568	5.81371	5.26305	12.6371	9.70427
3.83539	5.67319	8.13521	9.76882	6.74475	3.34751	7.41189	7.05324	7.6153	6.66761	5.01913	2.40917	1.43062	4.98358	4.81317	6.08991	11.5609	14.0482	12.0181	9.88826	11.8737	4.92016	3.43154	6.63682	7.44364	11.5839	8.45657	10.1366	10.0063	13.1012	13.229	7.59231	6.57838	16.7028	16.7636	9.61639	4.78808	3.0864	11.9643	10.8125	4.3813	4.6006	6.56736	4.08841	8.70159	6.57853	5.11055	5.53809	9.54832	6.39596	5.02221	0.490769	4.5022	10.4722	7.94222	10.6964	5.51672	7.16112	6.07267	1.93933	10.1363	10.4239	8.44776	1.39869	13.3894	15.443	4.99234	4.72855	8.65278	6.83828	5.72793	4.18596	6.58522	4.22862	6.0309	3.57256	12.3468	17.958	15.8002	14.9268	14.9888	10.7004	11.5148	18.4848	8.35051	19.757	9.39355	8.31709	7.5223	8.22158	7.16112	3.99961	2.19386	6.56705	9.03374	10.4667	9.91324	11.0373	10.0323	4.22862	9.9595	10.8562	6.57394	3.28868	7.68437	8.88574	7.93096	5.47064	3.81587	3.74046	4.80985	4.49222	6.47629	4.81293	4.36076	10.4464	14.9423	16.8208	10.406	11.8332	10.3003	12.1816	8.5986	8.287	6.19607	16.7922	8.16592	6.94575	11.2602	13.1434	3.47053	6.11179	4.76329	9.4259	9.48576	7.08424	6.3726	15.0628	13.3716	8.79495	16.7658	10.4721	22.534	17.1793	8.86119	6.51987	5.54616	12.033	8.35022	5.43223	7.18346	0	10.0634	5.8891	9.44297	9.63304	4.27781	5.63398	7.41182	4.95661	2.09578	5.47043	4.51542	5.20566	7.5978	6.56707	4.11754	5.3885	5.75924	8.18729	19.606	33.4145	24.2229	4.66199	8.11385	14.5652	35.9703	21.6676	5.14522	5.53541	6.39594	6.74493	5.70474	2.48293	0.981467	2.32671	3.64316	4.5056	4.77585	7.11783	6.94998	6.40291	7.24899	5.58362	5.37452	2.95243	5.74869	3.99961	5.02223	3.99954	3.45316	4.95941	7.42745	7.53569	6.11168	8.25856	1.81104	3.5091	4.64578	13.4975	7.94762	11.7837	8.94963	7.8078	8.72841	5.37456	4.3813	3.12518	8.56626	9.39659	4.61029	4.70955	3.18693	4.4691	3.80015	3.03263	3.73255	6.9264	6.57397	4.80074	4.10664	3.87419	2.0228	3.57256	3.19635	3.99961	6.50372	4.95661	9.62713	7.82109	5.90173	6.48542	10.1917	8.28858	5.14538	6.17688	1.93931	3.0669	6.7557	4.34355	4.53214	5.72557	5.72557	5.34132	7.37174	9.66297
2.94699	6.12549	4.03998	10.7196	12.3151	13.2576	12.0076	9.81689	9.66199	6.11089	6.33967	7.25663	6.56434	4.41484	6.56677	8.65246	5.88859	6.20503	10.6824	10.5959	8.33374	4.43488	2.8592	2.57766	1.59928	6.78567	10.7961	10.7627	7.05262	7.68411	13.3281	19.3504	19.541	15.3679	16.2999	10.3757	3.25628	3.9992	8.4555	6.57768	6.62048	3.47018	4.41472	6.06955	11.7631	3.67543	2.9825	6.70702	6.51215	4.28422	4.61011	6.19553	9.19595	16.3958	8.29889	11.6209	12.4792	14.8279	9.96348	4.58394	9.84604	7.78996	8.35646	4.55465	11.7824	17.2518	4.40786	4.98292	7.62052	10.0326	8.78107	3.74826	2.6915	1.59925	5.01861	5.38783	3.79956	9.80657	6.29019	17.2557	18.3694	8.64723	14.6013	18.0586	5.13629	19.2699	12.8357	12.2736	9.90964	11.652	12.9131	9.10547	5.87864	2.28088	5.87847	10.5331	10.4716	8.7663	5.20533	6.42747	10.6952	9.69795	6.26418	3.45282	7.71257	10.8952	13.4169	12.3117	9.99242	5.74842	7.32104	9.25606	14.4356	9.32591	4.67729	3.78384	7.193	12.0494	8.82079	11.7451	4.85887	13.745	8.19227	11.319	8.33387	15.9069	12.2783	11.9079	15.0073	13.9614	6.30683	2.50066	6.20484	14.0858	16.3827	16.6856	17.8411	15.45	8.48144	8.98276	18.381	11.1982	22.7119	17.3503	7.1852	9.81723	5.36574	11.0618	10.5953	5.32948	6.28304	1.32111	7.25034	10.1003	9.91532	11.2173	10.9608	11.1359	5.94893	3.50872	5.79721	7.777	7.0962	4.68698	5.7995	6.57768	6.12572	9.86576	17.3013	24.0562	29.3993	32.0206	4.17116	23.1807	26.5536	27.0076	31.085	16.2732	7.60672	5.09239	2.50066	5.4943	3.43996	6.72693	6.96	6.22402	4.9228	3.90833	2.35855	1.39856	1.78572	4.10629	8.61003	8.24563	7.34729	5.70952	5.70674	4.85887	6.03793	6.75527	5.53757	5.70404	6.9512	6.95142	6.41402	5.12445	2.42762	4.15682	5.36295	11.0229	9.27603	5.7481	9.87556	6.61127	7.44251	4.22798	1.96216	0.173505	8.76749	9.24601	4.78759	3.48314	5.81262	6.74451	6.42789	6.26219	6.96003	8.88516	7.93764	5.34085	5.51893	4.99215	3.74826	4.11715	4.51524	6.19553	7.62052	5.83293	7.97628	7.11687	6.46878	8.34055	9.90902	6.79647	6.45052	5.85076	7.37136	4.66158	5.40422	5.03048	5.53757	8.4266	9.46855	7.45092	6.07955	7.75024
5.1903	2.84303	1.97725	4.02852	6.00047	8.07625	8.61078	12.1609	11.8093	8.61086	5.32912	4.50135	6.48421	3.1005	5.83236	2.79519	8.9233	9.34994	4.3394	4.80916	1.87586	7.80659	10.7377	10.2819	8.7121	6.13002	3.80319	2.17272	7.98496	10.5199	6.61075	7.65453	14.9593	17.0123	13.3056	6.0788	1.7344	4.67381	6.39234	3.02698	3.55504	8.48068	9.29248	10.6014	13.6911	4.57044	3.94979	3.55504	2.32637	5.03028	5.14447	5.58258	9.21863	13.9916	4.67381	9.02742	13.9531	9.90865	11.1807	10.8937	7.72111	7.07894	9.24539	5.94065	8.29763	15.6367	8.01215	3.34688	7.86462	9.80567	9.91413	4.32897	0.736031	2.50045	1.05517	4.21717	4.17081	5.08892	13.9687	21.041	17.0352	10.1903	17.2482	16.5289	10.3251	15.1556	11.382	9.91141	9.16038	8.60583	12.0958	14.6499	10.5676	5.68805	3.03206	4.6449	8.66471	8.1645	4.32903	6.47508	9.30009	9.02877	7.99743	0.548613	2.43356	3.50858	7.37659	8.79204	9.55287	6.22342	8.10126	6.39477	14.2168	15.213	4.49138	2.69126	6.71714	9.69112	5.53713	10.7186	4.30139	11.267	8.62959	10.6988	10.9883	12.9693	11.6653	6.73501	13.2305	11.2965	6.51865	6.99071	6.35745	13.8447	18.2678	12.6261	9.98401	8.455	9.30821	8.665	12.1363	11.1033	20.3249	20.3623	6.34377	8.68526	13.4539	2.10965	15.2439	14.5478	9.83971	7.53449	3.08582	6.87609	10.5104	13.3055	10.0389	6.42029	5.56904	8.34867	9.62989	12.478	11.342	9.11739	11.3494	13.201	13.1073	16.0012	17.1954	14.7667	22.3903	22.0397	19.0797	19.223	10.1673	15.885	23.9309	12.6841	8.39756	1.64539	4.51478	8.17354	11.7807	11.9365	9.34243	7.00978	5.88803	6.64667	8.17	8.07625	7.45001	6.11519	6.57737	10.0317	8.44644	7.60642	6.04723	4.68658	3.64249	5.70353	5.70353	5.60106	6.47529	6.87609	5.04507	2.652	3.40447	3.33339	4.70247	8.11584	13.3315	5.79907	13.1764	12.6294	7.05168	5.21615	4.38386	3.06648	7.84185	8.29763	3.98756	4.65795	6.83079	6.61326	6.42952	6.75476	7.59677	9.46128	8.81999	5.415	4.87687	3.79943	3.80336	4.41446	5.58792	7.32454	7.48945	5.65401	7.63506	9.73137	7.22712	5.88787	9.30636	7.79118	7.17804	7.04126	7.63919	7.99782	4.95869	5.26152	7.62343	5.88803	8.39789	7.10195	4.277	3.25599
6.33824	3.48244	5.34234	5.37035	6.08801	1.70796	6.01198	11.0934	11.1846	8.47987	4.11621	5.46079	9.21755	4.22746	8.68453	13.3612	13.0245	8.31287	1.64522	3.6749	11.3054	8.88369	7.37007	8.37105	11.7326	14.8974	16.9368	15.7435	20.5247	20.5744	19.1288	8.942	2.1447	1.84334	1.01138	2.55966	2.98194	4.92187	5.83167	5.26119	8.21385	13.8798	10.1409	13.4637	15.0976	5.19266	4.95499	1.97704	2.43333	2.64615	2.98194	3.98721	8.09139	11.3668	3.33315	7.83595	9.49259	2.11661	7.8054	12.5979	6.77158	9.05404	11.7235	6.28187	5.6453	12.7942	10.7934	6.33586	3.67071	7.42532	8.87012	6.95844	3.07106	3.61734	2.14477	3.26963	6.53819	2.50019	14.6676	25.4343	20.2482	17.1847	19.7522	17.8455	15.826	17.4788	14.648	8.47346	11.1338	5.26131	6.95013	13.1497	12.715	5.87991	3.33315	2.9616	11.1652	6.64575	3.60509	6.50419	8.94693	8.62836	6.08786	6.37349	8.37105	7.19209	4.64469	2.10946	5.18407	7.85082	8.38135	3.25584	15.7196	14.5753	4.40703	1.97704	4.32857	10.4695	8.57798	8.77779	4.72411	7.29753	11.7808	12.8158	14.5984	11.9289	10.0763	2.84274	13.5844	6.66578	6.57642	9.79266	9.19241	16.2805	18.1704	7.95824	12.6689	13.4516	10.4691	5.87989	3.89223	10.6056	17.3938	24.3245	6.58339	6.50221	11.9721	15.0845	2.98175	15.2005	15.5625	10.637	9.41714	5.56851	6.28892	6.56515	3.81471	7.26527	10.4638	9.47253	8.94693	6.81038	2.82161	4.01711	6.82991	4.88535	8.14946	12.3539	14.9856	19.0351	28.2937	13.502	30.5591	16.8805	19.9007	15.0818	28.0861	16.1373	5.02973	14.7535	20.2836	21.5578	21.511	16.0227	13.2514	8.71619	8.33418	7.24924	8.27084	7.20633	8.12755	10.3014	2.95142	6.4494	6.87324	5.8115	4.65755	3.18136	3.33296	4.22719	4.70825	5.01784	4.61887	4.38009	4.85792	1.55125	3.8922	2.17263	3.81471	5.36473	16.2679	11.5002	10.0763	13.8353	7.32352	3.5673	2.79486	2.10946	6.87946	7.94526	5.18434	3.91925	5.23557	4.64469	5.58743	4.57022	3.22348	7.79041	7.6535	3.46523	2.80024	1.11067	2.45186	3.34658	3.98344	5.62961	7.07828	5.26131	9.81482	11.0557	7.32153	4.78669	7.8054	6.30551	5.20138	6.95826	4.15963	6.51124	5.67192	5.32864	5.99215	7.44903	3.26963	7.31982	5.02987	4.19198
4.04256	6.22925	9.24361	5.2917	7.24833	7.25655	3.22315	6.57585	10.4201	10.8313	11.9058	11.8471	15.8488	7.71968	8.4536	7.97415	3.23694	1.97695	5.81095	10.7929	10.2965	7.31113	12.0373	14.1943	15.3308	16.9227	18.7282	8.81531	9.84339	12.4072	21.839	7.32896	5.56825	5.96703	4.84839	5.26078	4.36946	5.0646	6.57592	10.1271	14.7044	12.1344	0.387847	15.6583	14.3699	5.43019	3.57118	2.22027	4.87282	4.65067	4.33859	3.67455	10.205	16.4725	14.1846	13.7875	10.0026	7.61247	8.71006	7.55813	5.38096	8.56823	13.7221	6.24112	6.1935	14.2229	14.3912	7.95758	6.42821	7.92801	9.34211	7.68923	3.61701	3.41696	2.62302	2.62306	6.41192	1.39816	10.7445	29.3056	26.1162	12.1819	8.49989	8.77865	9.5085	16.5025	17.5201	10.2951	9.75675	9.77146	10.53	11.3006	16.4797	7.37508	2.99158	1.76834	8.77679	9.83172	4.59888	3.40391	6.2413	11.5107	9.4597	6.32624	1.97695	2.69629	2.08776	3.19514	6.23194	13.1264	13.3538	13.2586	13.1386	8.41684	7.04228	10.4302	9.49035	9.49161	5.87192	7.48806	7.92987	8.28592	11.4013	3.71912	13.66	15.5001	7.80474	3.57122	15.0145	6.10681	10.4558	9.62787	10.3298	15.7938	9.67598	13.186	15.7109	20.3515	18.3732	2.33227	7.09436	12.2469	11.9943	25.1559	7.5756	7.34522	9.47187	14.0051	16.4839	1.57031	14.7562	9.84339	8.21815	7.20949	8.09975	6.1238	2.69643	5.74654	8.71008	7.04405	4.64403	7.44669	8.14867	6.50372	8.18461	11.9664	13.3673	15.5857	15.1406	24.2554	36.897	4.40666	36.3481	19.367	30.0856	22.966	12.8634	28.4847	17.3703	24.5118	18.5945	11.8614	2.80009	8.47911	12.5027	12.3083	13.4039	12.4804	11.2337	11.5107	11.1323	10.4683	7.58935	1.59882	4.1629	5.91213	4.91857	4.42377	5.38632	4.8452	5.26921	6.78396	6.01163	5.42769	6.64302	3.13831	4.27603	3.07076	4.98171	5.38637	18.6048	10.4297	12.0026	10.5299	7.89446	3.67039	3.60455	3.41259	5.6291	7.27869	5.14346	3.73914	4.76135	5.2009	5.95965	5.05298	2.42694	7.19921	6.50122	3.25538	3.19503	3.61712	4.66026	4.8851	4.61842	6.64302	6.07766	3.94905	10.606	8.47219	8.39773	7.81601	5.75422	3.80264	4.87596	5.3724	8.8824	5.12313	5.13771	5.95965	4.87286	7.4878	6.1238	6.70512	6.28161	6.42603
7.10625	6.28784	6.73284	6.03543	6.57558	13.8699	16.6863	15.6681	9.38961	1.09678	4.43322	8.41083	15.7234	12.1991	2.8422	1.5986	2.46361	5.36384	10.4621	16.0744	12.9239	10.2044	15.2811	19.3769	19.5039	15.6646	18.9525	14.1885	9.15951	14.3326	15.4086	6.39993	9.08776	13.5735	12.5527	10.915	8.88848	7.63503	14.4381	16.4427	10.6271	1.843	9.02477	12.7468	11.9064	3.73065	5.40256	6.59804	3.57102	1.97677	4.28631	7.25393	12.551	16.2998	11.4662	12.2	9.67528	12.1024	10.16	2.33203	1.25046	11.8742	12.9567	3.50743	6.82866	13.1373	13.5521	6.36957	6.90422	12.5255	14.2014	10.1318	6.39295	5.3053	5.26875	2.35779	5.42692	3.12363	6.04765	25.8578	30.556	23.2111	19.9437	15.9869	9.63501	8.39689	18.598	11.5556	8.07407	12.7308	8.34668	6.39993	16.7561	14.4293	5.59959	2.94089	3.08493	9.79095	10.0503	7.10625	5.66298	9.23477	6.34167	7.86054	9.68146	7.72698	5.74621	6.18126	9.77659	11.8063	11.2594	19.9643	21.2423	19.6049	18.9058	16.1728	13.9178	14.9258	15.0823	17.2745	18.5641	13.0018	2.22008	8.27437	13.5636	10.1387	9.83118	9.72326	15.311	3.64147	11.7588	7.27996	11.5887	19.919	17.8179	12.2312	8.40919	22.4675	19.1334	9.82393	3.50762	11.3597	8.07002	22.6953	16.367	11.841	2.62277	8.16211	17.0659	12.6273	11.0381	11.0192	13.6215	12.597	8.66225	7.32016	1.39805	5.0169	9.11465	10.3166	8.31342	9.68898	11.5851	11.1817	9.42208	4.87553	3.56663	3.55401	5.36371	32.9483	30.3792	22.146	24.5088	17.0388	1.8102	26.3123	25.7243	19.9188	3.33252	15.5233	10.5117	13.6499	11.3339	12.3782	12.1404	11.4067	10.0464	8.36074	7.84009	6.87178	8.79415	9.71692	8.77783	6.76804	3.19481	3.12374	7.44024	7.56363	7.79496	8.34668	6.98914	6.98055	5.728	4.16959	6.19291	4.42339	5.86879	5.32764	4.79852	8.40901	18.162	6.64253	12.597	7.44784	6.57522	2.74015	3.80209	4.64357	1.8102	6.90837	7.32253	5.96649	6.39298	9.45862	8.40958	7.87727	5.81013	6.5278	5.74594	4.41318	5.1082	6.71557	6.51688	6.64485	6.02838	6.73518	1.57016	8.18884	8.70254	6.57519	9.34727	8.9793	2.79444	7.75897	7.65238	5.3053	8.94682	3.41225	2.57672	3.95245	4.84783	7.7646	8.94049	8.04135	13.3913	16.4627
6.18545	2.88397	3.26868	12.1317	11.5674	10.2836	12.7848	13.4887	11.9357	9.6039	10.0279	11.193	11.8551	10.5536	3.09916	1.26235	2.27983	4.58175	9.30435	16.9826	10.6303	4.92363	14.7523	13.0421	12.4055	8.77384	13.3894	23.4655	11.7769	2.25338	7.33753	6.93087	10.9473	9.62654	9.90498	8.60609	11.3775	9.17558	19.2609	11.4242	4.77283	8.60752	8.27516	9.54739	9.87074	1.48142	4.87188	4.56889	3.4119	2.17187	4.2154	7.26317	9.99886	11.6495	14.7598	4.57217	13.5137	14.4112	10.6767	2.42646	4.15842	13.2886	10.1859	2.45104	5.5989	8.76335	11.7044	11.3322	10.4703	8.93981	16.0293	11.0488	6.67054	4.03829	3.84494	3.99719	3.87183	3.13765	1.93813	16.8021	23.9226	19.6866	13.5513	10.3173	8.95111	7.70874	15.8077	10.603	4.22623	5.95847	7.02378	0.520253	9.62757	17.8589	5.70402	3.50291	1.5508	5.42636	7.80348	5.5163	6.0861	11.13	10.9447	9.45308	7.02625	5.33831	1.8672	4.98946	7.63211	5.03703	2.33195	11.475	17.7447	16.8182	14.4427	11.734	11.6318	13.5875	12.7903	13.2566	13.3019	14.1871	7.92805	7.60312	8.42205	4.72606	7.78857	7.69764	12.5418	3.81358	9.89413	4.5294	5.5752	11.9816	10.7626	4.37864	13.41	21.246	9.35109	9.98054	13.2886	11.0733	6.64159	14.8601	15.7558	15.0064	7.59366	1.76798	11.7771	14.2233	2.59946	9.18393	13.3508	15.2925	9.90732	9.65745	3.4119	3.89131	7.12608	9.54297	4.16933	5.01656	7.94313	7.11378	6.91181	6.36892	4.56866	5.20266	12.2997	28.9818	15.5685	16.7036	9.41487	24.5127	22.8953	9.87139	23.1783	22.1309	16.4701	19.0654	12.8352	5.64367	7.78817	10.3069	15.9986	17.1118	16.3462	15.8859	14.4122	9.55405	2.42646	6.78244	8.34545	5.08996	5.21414	7.56241	4.56889	6.22106	5.25976	6.83897	5.19132	5.4264	5.22825	4.7853	3.81346	3.12339	3.94844	3.80967	2.96584	15.0544	12.8367	4.05303	8.2326	7.54118	6.93744	4.03829	2.42646	4.28558	3.64099	4.12973	7.07415	6.04966	6.08625	10.7852	5.87083	9.35417	8.17005	5.51596	4.49299	3.33212	3.08482	4.84425	3.73044	4.21199	2.49962	4.25765	2.59946	9.55343	7.40535	7.42917	9.90587	6.28006	3.65337	7.70874	5.88578	3.26868	5.01622	5.79683	5.72235	9.29659	8.204	5.99794	8.72343	7.78653	12.3826	12.9226
4.37839	6.27726	3.30925	15.7059	12.2663	4.24328	3.29564	1.78471	5.01592	6.6679	8.83408	8.6876	7.70795	8.04295	3.65296	0.548333	5.49397	7.00658	5.4122	17.2304	4.07465	6.87282	17.6891	14.0129	4.55203	7.80819	14.5492	24.7494	10.4391	6.2609	8.22474	9.12541	15.5746	4.75076	6.39171	3.25456	12.2421	7.27043	18.0399	5.88506	10.89	9.09996	6.59637	8.74097	8.05387	1.22597	4.12912	2.14389	5.36258	2.43242	5.27028	5.9102	7.03992	8.91909	16.5117	4.08569	16.0161	12.5877	10.9043	4.64269	5.87513	11.0724	7.22369	3.40284	4.89566	6.64102	6.96414	11.9968	15.0832	1.93804	14.604	12.5159	6.66767	2.25316	1.22599	5.01579	2.49925	2.63932	0.346808	11.5417	16.9496	16.6269	13.3204	9.7629	14.0801	14.3293	6.70296	9.67329	8.6475	7.4702	12.5159	2.1924	7.03992	18.1364	3.80137	2.35719	1.25028	2.96048	3.12297	4.25728	7.81377	11.0723	11.1405	5.9102	2.99076	3.81322	2.62226	6.18452	7.33687	4.89869	3.81324	4.95327	9.28344	8.97308	9.11448	9.35335	5.99731	3.09889	0.387734	4.75069	9.12726	13.8625	9.34554	7.40671	7.04833	1.93802	4.21502	3.3631	8.97773	7.09223	10.8492	9.21447	8.87863	14.7552	21.655	20.3118	20.1227	14.0801	3.32736	3.98567	18.5717	9.35018	10.4818	9.21425	8.68578	14.3612	11.1611	1.22599	8.40745	11.4923	8.72267	5.27055	9.86407	12.9631	12.9633	14.2658	8.7677	2.96048	5.41498	9.8933	0.866964	1.56987	4.92299	3.67343	8.53328	8.97764	5.1418	6.2275	12.4253	22.6334	7.31914	13.9837	23.4534	12.7446	26.618	12.8357	2.59924	5.70348	6.13434	9.85984	14.4961	2.88368	11.0414	13.0622	11.4972	5.51278	1.84274	3.50258	3.66944	6.10755	4.87454	6.92188	8.22474	4.07457	5.25055	10.1368	3.236	4.85606	3.61607	5.02767	5.13308	5.88506	5.74481	5.05127	2.4324	3.4682	3.19417	3.48115	3.99683	18.5717	9.0019	5.74485	5.9974	7.13139	4.57151	2.55866	3.36315	4.85606	4.87132	1.22601	5.32639	4.72224	6.28662	11.7748	3.53236	11.1482	8.04295	4.56826	4.04145	3.41173	3.79762	4.67478	3.50688	4.01556	3.32736	4.16878	4.60723	10.816	6.63209	6.63209	9.65664	4.10374	5.02767	4.65549	2.79381	3.71788	4.75076	3.84448	2.79393	8.03569	9.30198	6.94728	8.06484	9.99784	12.147	6.60787
5.3703	6.86998	9.39473	13.0406	6.165	13.143	14.0616	10.9535	3.02523	7.27617	10.8894	8.86629	6.05591	5.51493	4.05573	0.714878	12.1773	11.5818	7.73979	10.7551	10.7884	11.21	14.603	5.66109	4.2112	13.6551	22.1028	18.5005	7.04173	15.9621	18.8897	14.2817	17.386	5.70556	8.54458	8.5466	16.3489	12.9982	11.2618	11.7989	7.4849	11.3263	8.78671	10.0558	6.52591	3.29534	5.37045	4.89852	7.31634	4.10355	2.8202	5.25004	7.57858	10.0559	15.407	6.82697	16.777	8.85453	8.53242	8.15956	8.02222	6.45086	3.78146	5.62719	7.80191	8.12385	2.62205	8.38409	14.5395	9.7734	10.305	16.1599	7.20265	3.56998	3.29534	5.661	2.14368	2.68971	1.93776	8.92313	14.1299	17.2479	19.7305	19.6526	23.3057	19.9095	8.07354	0.387695	8.088	10.6752	14.0768	5.08912	11.5652	16.2023	2.08689	1.76765	1.3203	3.7376	6.56897	5.46653	2.46273	12.6623	12.5517	4.84334	4.98884	6.17224	3.12274	6.80714	4.04097	8.67985	7.1555	8.88609	11.7862	11.6962	9.15628	11.1087	8.63108	1.3203	3.87116	12.3803	17.4372	12.4588	2.86764	8.46233	9.95666	8.64619	9.44981	8.16721	9.82837	10.4304	11.6477	14.1006	15.7735	21.7279	21.9292	13.1045	10.5956	1.56971	1.70714	10.4645	16.7417	3.8711	18.3931	14.35	8.89918	14.4632	14.1854	3.43767	9.52743	9.8691	9.35737	9.95696	10.7316	3.50219	8.95759	15.753	14.9752	9.62415	8.44158	12.5462	2.49915	0.884036	2.86764	4.41173	10.427	9.76144	7.52605	12.9621	18.593	12.4707	15.3977	19.5478	24.4628	13.6747	18.7062	20.9087	7.14724	7.09178	9.39008	11.775	15.3112	10.2044	9.63201	6.36785	13.9362	8.95752	4.35739	4.59709	5.2588	8.39486	8.88609	8.69548	6.23892	5.21317	6.59587	9.56994	5.36218	5.03626	5.21317	5.19032	7.17403	8.21496	5.26974	4.33671	2.59915	5.55536	6.44653	4.77226	5.9893	19.8969	7.07467	9.98535	6.3331	7.14732	6.42568	5.0422	6.19145	7.79272	6.19142	3.53204	4.92251	5.01545	6.78118	12.183	4.75015	12.9617	6.5146	4.3265	4.99174	6.56245	7.92711	6.515	5.72128	6.56242	6.04629	3.46368	7.70142	11.9554	6.00912	5.49066	8.42049	4.41196	6.64061	2.25962	1.01095	5.28956	3.33142	3.36271	7.03743	4.36782	4.89232	10.6482	10.1247	15.5714	15.3617	3.19388
13.2613	9.08425	3.84376	6.28566	12.6094	12.3118	12.5476	12.7422	10.8405	5.98879	4.43495	3.3624	0.346742	5.18135	8.28194	10.5077	18.029	13.6756	15.7657	13.7103	11.8556	12.0793	7.87411	13.771	21.0937	24.2963	17.9524	6.02603	13.3517	2.35684	16.3706	12.7553	17.5183	13.2811	16.5095	17.7847	15.4629	15.7596	9.88163	7.89072	10.48	10.3585	7.78604	10.0707	4.85515	5.90932	6.92058	5.84635	7.48447	6.50063	4.43178	4.32609	3.81242	9.56004	15.124	6.03334	15.9599	8.7745	7.34174	8.41286	9.50221	1.73325	9.00863	9.14957	7.24285	7.7748	5.22707	7.60125	10.4634	11.1462	6.28544	13.577	8.88508	8.61883	6.90349	6.16428	4.80596	5.21274	3.99612	3.91678	7.90379	8.77949	9.07939	9.23932	18.5095	18.0458	12.8841	10.925	9.37644	4.89178	14.161	11.4195	17.1242	13.6078	0.245192	3.08392	3.70527	4.41139	7.56042	3.25395	3.41109	9.86809	10.7822	8.96829	8.30842	5.22707	7.51557	9.37945	7.64944	9.8228	9.07748	0.54823	13.8361	20.1153	15.8856	9.96009	10.9418	10.1055	13.1288	19.193	18.4876	17.6259	15.6517	11.7635	16.4104	19.2038	14.451	13.3476	16.5737	20.5238	20.8008	19.4807	14.2704	6.27617	13.9484	19.8346	18.2859	15.7736	13.8159	11.6671	11.3417	0.883973	21.9526	14.9109	19.0849	19.5032	16.3652	8.12332	10.9928	10.0982	12.4577	14.1966	10.3087	8.0636	4.84608	13.2249	15.9361	14.4304	5.19842	13.031	7.97961	4.91597	7.26934	10.3601	11.5213	8.01232	9.78724	18.9883	25.8777	16.2985	27.1655	14.6378	17.663	24.3775	12.5389	19.4531	15.8623	6.33929	2.88314	11.8412	13.7547	17.0157	10.7983	12.1823	22.1653	24.3893	20.8102	12.7322	2.90374	4.80596	7.36584	5.88426	3.03004	5.10891	5.25802	8.50259	4.88259	3.33117	5.9368	7.02216	9.86822	10.8405	4.92207	4.49844	4.27416	6.73263	4.82447	3.79673	7.07407	18.0418	8.35026	11.1077	5.04158	4.91908	3.67267	2.85694	3.79671	5.62902	5.74398	7.64949	8.63065	8.72136	6.28563	10.2901	4.56738	12.4423	5.52256	3.78108	6.23846	10.1382	10.5513	8.54405	3.70527	2.48075	3.56529	4.95234	9.77255	10.8787	6.64202	5.06218	3.74521	5.72071	7.52564	6.94409	5.02696	6.22659	10.6985	8.65938	5.12058	2.79333	3.36236	6.133	10.7342	16.0073	17.3484	15.4584
9.82656	12.3644	13.9503	12.6752	4.84566	5.01747	11.0137	10.4293	10.4141	8.60942	7.78363	5.79206	5.03514	6.41548	8.00642	8.57216	14.9616	15.2551	17.2668	19.0644	12.4736	7.31881	4.65445	11.1158	7.18691	11.1579	6.35303	17.7926	12.3233	11.4792	15.0935	8.63784	18.0087	15.2404	6.79979	4.16777	7.04	7.88992	6.82567	3.94676	11.3092	6.73198	7.07141	5.90849	4.56721	7.11113	5.82797	2.94456	4.86998	5.95624	7.48397	8.26715	5.80514	5.10547	12.6866	4.58015	15.6253	9.19267	5.90879	7.42062	8.77178	6.40823	10.3241	8.30739	4.50134	8.65816	6.36927	10.1599	11.1378	3.65199	5.52201	5.62601	11.0427	10.3243	9.35071	4.8455	5.14061	7.44441	6.23776	3.41519	4.48794	4.18891	5.56478	16.774	15.5663	7.3348	8.65807	5.84548	10.5986	4.33935	10.4789	14.9403	19.4671	12.2018	9.29985	9.00961	6.39684	2.57531	6.48614	3.36217	2.85666	5.62847	4.32915	5.82797	4.32561	1.42922	9.37383	11.0226	8.7051	8.77864	6.05473	3.87038	17.3829	16.2866	9.7435	8.97062	16.5677	15.9312	16.1077	18.5988	11.6566	9.71277	16.1654	21.1205	22.2274	15.1908	7.94026	5.01468	4.56721	10.7866	12.7855	9.31851	2.45012	12.6248	13.4059	15.2555	14.0029	12.6083	20.2335	18.7264	16.3769	7.5716	18.7446	20.6551	6.1251	8.47438	11.0862	7.04042	11.4184	8.25118	13.2497	11.8454	6.61486	6.66171	8.54332	12.6745	15.3217	14.3109	3.91664	10.4571	11.2117	12.3191	4.377	7.02116	8.02797	6.13241	16.4707	28.8281	24.4148	27.7644	35.7054	11.3939	14.3655	18.7217	17.5832	5.42717	21.2458	11.489	1.7331	7.92352	12.5468	12.2174	18.6306	17.4333	2.77694	6.90284	20.4224	19.6298	4.25606	3.2535	5.42729	5.84578	4.42128	5.08805	3.71681	7.51481	5.72249	2.10805	6.72126	8.46611	12.8856	12.1436	5.19792	4.72428	5.42466	5.87601	2.35666	5.60728	5.87585	14.1595	11.2599	5.20069	8.57216	8.50228	9.69037	8.23867	6.93476	7.74	5.94349	5.04129	10.4506	12.2092	8.64517	6.25425	6.18274	8.17953	5.8961	4.27379	9.35564	11.9964	9.63048	9.29315	5.08509	5.74347	7.07358	6.74954	7.57139	8.6833	8.12752	1.97573	3.50591	5.6602	5.76658	6.0427	6.19976	4.18203	5.42741	6.91988	1.39738	1.8665	6.66137	0.883869	10.3171	13.221	15.7644	16.8694
3.50542	4.33552	0.693329	3.82352	5.58297	6.06386	9.56734	8.26968	10.9401	12.0141	11.0878	8.85196	7.93371	7.414	7.73953	6.86804	11.0644	15.2104	8.85209	11.017	12.5848	7.97822	5.91311	9.50093	16.4217	20.1726	16.8027	8.94206	6.22513	13.194	18.8267	8.84375	17.8141	14.8857	2.84074	8.09456	7.10405	3.50556	6.04209	11.0683	9.22964	5.76594	6.72906	4.02525	7.11038	7.09593	7.40226	6.22542	5.45678	5.29108	5.46501	4.18519	4.55033	4.74891	12.1414	6.13205	16.519	11.944	5.5963	6.18221	6.72023	9.23432	9.7232	6.33349	5.20041	10.5707	7.60762	8.47548	8.45989	5.42677	5.72468	1.93729	4.41052	8.12683	8.35557	4.70484	4.08416	6.16313	5.86529	2.25897	2.63833	2.8406	7.61698	17.2481	15.1302	10.8242	13.018	10.7606	11.9679	4.67301	10.8385	14.9409	15.4003	10.4011	13.6732	12.1803	12.73	3.91624	3.26697	2.97965	7.82049	7.07085	1.87425	7.3642	7.41402	4.94547	8.39047	10.812	9.0131	10.6719	5.59638	8.80425	16.9837	16.0045	11.4671	10.7801	9.73806	10.3956	10.0233	13.778	6.89991	3.33049	3.82355	2.10785	5.87293	9.76076	10.5016	9.72369	10.4247	15.2223	12.1266	13.7897	17.7726	16.3575	8.30688	8.60194	8.78611	9.13476	12.4401	11.9202	13.4177	12.2898	6.40778	16.7703	20.0607	15.96	14.8499	2.3563	9.66663	6.36632	5.02587	9.62156	2.09351	6.77948	7.92463	8.58975	14.7421	13.8454	2.62127	7.67645	12.7232	12.3112	5.10814	9.62177	16.7053	24.1637	32.7085	26.1103	5.36067	33.2946	33.5026	1.91391	6.11975	10.5978	21.0216	6.95343	24.2548	12.6735	3.08334	3.33059	5.74284	5.77384	17.8246	18.7435	21.5599	22.3347	16.5217	17.2796	7.73931	5.10503	5.22585	1.97563	4.60572	5.69882	3.56895	4.94523	6.14862	4.89686	4.11313	4.66983	13.9572	12.4446	4.38005	3.79619	4.36655	4.01405	2.5577	6.06386	5.36057	11.0256	11.9391	2.35633	3.99541	6.01509	6.90442	8.86351	6.08342	8.43402	10.979	8.45989	4.1022	5.52967	6.12477	3.08334	6.66519	6.77948	8.44787	5.29108	10.069	4.33903	6.80529	12.9583	9.2674	5.33578	4.84504	4.95126	7.14528	9.66518	5.84502	3.23487	6.80766	5.71964	4.55033	3.30807	6.25368	4.43427	3.48419	7.36417	4.94547	6.03226	8.34867	3.46259	4.65695	5.52967	9.9188	19.4173
4.9178	6.78305	7.79933	6.56	2.25211	8.65695	12.1405	8.14258	6.93346	10.085	11.7837	8.36345	11.1559	13.1982	15.3145	17.9629	12.4634	12.1681	11.8772	0.548094	4.80744	4.71999	5.52122	8.23714	7.32379	10.7953	7.81007	9.9416	12.4441	15.0177	17.8229	5.98457	17.8147	15.7187	6.10491	9.37695	6.98452	8.51593	4.52693	11.7233	7.86245	6.32111	6.35141	2.43128	7.29135	8.00493	10.1355	9.9416	8.27968	8.36399	7.78992	4.15976	2.62102	4.35575	12.2191	4.72026	16.8575	12.7825	5.10744	8.26512	6.57084	9.10998	11.2005	4.97797	3.12163	8.87402	5.94739	4.64048	7.55819	4.67274	8.77701	5.26777	5.53985	5.08407	5.46426	4.84475	5.0492	6.86723	6.16254	3.33024	1.55953	3.18317	6.66003	11.4709	20.456	16.3126	8.54126	10.0681	6.5778	3.94602	12.2986	11.3911	9.87857	9.02081	9.66453	9.14869	16.207	10.4266	9.9822	8.87604	2.59808	9.85945	6.90799	5.62742	5.18536	3.70005	9.1658	11.7707	7.10337	12.6843	5.60623	14.0951	19.1014	13.5765	8.73187	12.4355	9.09613	9.86004	14.9102	15.9733	7.42502	4.67257	5.74246	12.4362	17.8748	20.2051	18.0879	10.1866	8.19997	15.7497	9.94896	16.6564	15.7616	12.606	10.2105	8.1624	12.7387	14.2697	9.98163	9.13557	11.5316	9.85566	11.9918	3.50525	15.4367	11.2564	16.9096	7.45654	7.58171	5.56407	2.84031	9.68201	2.35606	6.17683	7.96242	4.87202	14.1098	13.817	5.99486	14.1425	13.5242	8.7636	2.7385	7.42502	31.0625	35.0709	19.0372	9.17076	18.9651	27.8353	28.5004	4.11286	5.93515	10.7914	23.1529	4.94505	22.6285	8.26512	1.3535	2.81934	5.91255	4.54019	14.636	11.5811	12.2	12.6228	7.9387	10.5044	15.0037	5.62482	6.76556	3.55164	4.81699	6.64046	5.86248	4.92087	5.265	5.6405	4.15954	3.65122	14.0064	11.3711	2.96421	4.25549	4.16698	2.46197	1.84177	5.80625	5.3378	12.1681	8.03915	7.99039	12.426	11.1565	5.75278	5.79349	6.66697	7.27538	10.7953	11.3224	9.87857	2.02782	5.36579	5.95519	8.16592	7.27538	8.27931	3.70426	6.17683	4.98987	10.3098	11.5475	7.74225	3.11676	4.01369	5.06075	7.71381	7.0762	4.03973	7.44112	8.20691	6.79852	5.39897	4.36618	6.55978	4.7234	4.84475	8.1083	6.22489	4.60532	8.81489	5.04023	5.08434	5.08722	10.7565	18.2514
8.04978	4.69749	4.10136	5.25618	7.23613	4.32458	6.97703	7.48132	12.7208	15.6975	10.8537	1.93684	11.6931	11.1956	6.18818	3.06801	5.74188	9.28291	7.43407	8.32463	12.3563	11.3518	9.44566	9.02303	6.46871	10.847	16.2134	12.6268	15.3057	16.1157	8.60186	2.25854	15.7489	14.5486	1.09593	7.78343	10.7906	5.13913	7.74147	11.9983	7.73777	5.74924	5.03956	3.99463	6.48653	4.42982	6.13052	6.74776	11.2509	8.87535	6.86672	6.55688	5.42584	9.90121	10.3989	3.47911	18.5562	13.0603	4.50002	7.51265	5.22478	9.31069	12.972	4.89619	7.24211	4.36546	6.86645	4.65607	8.34702	6.49801	5.95423	10.2484	6.07263	6.2384	6.27379	3.3299	1.73248	5.32331	5.48804	3.18285	0.866495	3.18282	5.98396	7.44197	16.5026	21.0562	11.9604	6.32046	5.27602	4.24084	9.50629	11.9905	14.9389	14.7168	7.10915	5.49104	13.653	11.2774	11.9315	14.2599	9.81651	18.0974	13.546	9.2613	4.49017	5.39806	8.40263	9.48329	4.84395	10.0668	5.35973	19.3156	17.0001	11.2542	9.95634	10.9613	9.19045	12.1396	17.2128	9.75685	9.09521	11.547	16.4701	19.8636	12.1316	4.43343	12.0549	9.10964	10.4228	19.3373	15.4009	13.0609	4.37591	7.69829	12.951	8.8819	7.65196	14.892	9.66773	8.61542	12.3149	5.51264	7.4599	11.536	16.5186	7.78872	14.892	12.264	6.82373	12.5196	12.1313	12.8212	8.63762	12.4527	13.192	8.26478	11.1956	13.9415	2.5746	13.8787	9.60464	8.17916	11.1476	25.1377	35.7741	26.0234	17.9342	25.9812	17.0074	22.7866	23.3659	4.9892	6.18136	9.94015	24.3005	0.866495	22.6414	7.69208	3.77965	5.40937	6.44339	4.56913	11.5355	11.4653	10.938	8.19914	15.0022	4.1877	17.6207	15.7461	10.3754	8.23598	4.65279	2.55707	3.06812	4.80416	4.9173	6.07243	4.37918	4.81628	13.9306	9.75246	4.80727	6.55931	6.8346	6.41363	5.53126	6.44319	5.57656	12.9989	6.22393	7.33269	6.33018	9.753	9.78377	2.02019	5.71065	5.41187	7.69778	8.56932	9.39598	8.5697	3.77965	4.98936	8.0932	9.40223	8.81073	6.12361	7.46601	9.20908	8.22005	9.37121	8.16293	3.82276	3.73581	5.38154	5.66615	4.64026	9.29719	9.38251	9.53701	8.46546	8.76814	8.4032	8.81095	5.7496	5.87195	7.4599	2.25177	1.71519	5.36775	5.19942	7.52669	6.69953	5.02477	14.4566
3.47883	2.93833	6.23537	3.2889	5.5094	9.58011	6.55867	12.9385	17.7159	12.217	2.17024	7.24146	11.3905	5.62374	5.6997	8.68189	6.41962	3.63831	5.32305	10.4588	8.88089	9.13409	13.1356	16.1452	15.6551	17.7402	14.4213	12.4174	12.7749	7.04392	3.79507	2.98871	12.2595	12.9493	6.82283	5.51993	6.1687	7.80305	9.95805	10.4199	7.09981	3.88817	3.6506	3.13531	6.12279	3.40057	6.12274	5.36729	6.0428	7.56869	6.57646	6.21397	5.28955	11.5345	4.98595	11.4364	13.8094	10.0889	4.18385	6.32929	5.03911	9.57965	13.4708	4.20878	7.64961	5.33703	4.98572	4.76926	6.18761	7.94432	4.0352	10.3204	9.60866	7.6898	7.40189	7.45515	4.72244	3.81069	6.18761	1.54955	1.10949	1.09583	6.28248	8.59583	16.6042	19.6288	12.7805	14.5481	12.5868	7.02064	7.17633	11.103	12.0813	13.6519	10.1986	7.24972	10.7292	6.28272	10.6181	15.4975	4.0389	14.6529	6.86592	9.0736	10.4904	5.90657	8.22636	9.49774	6.18761	4.74745	12.3597	18.7971	13.2548	9.94648	10.0889	8.51068	6.59214	6.49742	8.27768	6.84683	11.9837	13.9777	11.8467	1.16228	14.4946	13.0543	9.4508	5.64757	6.52226	11.8648	13.355	4.7695	9.5902	10.9367	13.9299	14.7041	9.72092	17.675	17.726	16.9397	14.7934	13.2468	8.17687	8.7834	4.5652	4.8711	11.6116	15.9975	16.5688	16.1944	18.656	16.5391	7.94467	13.7288	11.3845	14.7581	8.40221	14.6144	2.94843	14.999	10.9875	10.6541	22.1882	37.5324	28.318	4.33781	26.6863	22.8153	15.7484	16.8405	15.973	7.91477	2.52155	13.5039	24.302	2.09298	20.7473	10.6501	5.51183	6.44277	5.87387	5.02454	8.09768	8.76217	9.55583	8.49726	14.905	19.3126	9.17698	22.011	14.2245	10.4364	5.68138	3.82244	4.75681	2.97864	3.2889	5.62634	3.15902	4.98572	12.682	8.81324	5.13855	7.15166	6.70985	6.72944	6.32936	6.61223	6.72944	12.5752	10.4532	6.78174	5.68138	4.12657	11.1117	9.61452	3.99429	4.88936	8.3619	6.66326	9.0736	13.7293	12.4516	8.87407	1.59728	10.1912	9.61903	6.66349	4.86822	9.09399	8.80996	10.0015	9.14647	3.66688	4.76926	7.27367	2.73781	3.29343	4.24046	5.70229	8.09226	6.89184	6.84683	5.65808	7.79751	4.65263	1.95984	7.31596	5.36729	1.22515	4.10118	7.95941	8.97209	8.4646	6.86828	7.37595
6.46063	2.02723	5.08563	8.84871	10.0411	11.4894	14.3014	14.9477	15.2093	7.07626	5.53015	11.8168	13.617	10.9883	10.3198	10.2845	8.16142	0.173273	8.39935	6.33104	3.69907	5.65725	6.82215	8.01721	7.13672	9.92681	9.94869	12.1823	7.31322	4.46278	5.33656	1.70609	10.1292	11.186	9.63613	10.9761	2.32996	7.80228	11.6789	10.4971	7.80228	4.74699	3.65016	2.35538	9.0931	9.7155	9.67236	7.42698	4.74711	7.98607	8.95171	7.06816	4.33407	9.3741	3.79451	12.6185	9.79218	11.308	10.0268	9.18373	6.82215	7.91396	13.0824	5.57014	2.44895	4.74699	1.76647	4.81537	7.94353	8.27684	4.33736	7.86064	11.0373	8.44468	10.9772	11.8739	2.52132	2.9885	4.46249	2.57423	3.42668	2.96335	3.08198	8.09126	16.5695	17.7741	18.596	18.5897	17.1628	15.2658	6.73559	5.1842	2.59733	7.7573	12.8279	10.6859	13.4789	6.76153	10.3972	17.7188	7.07646	11.5134	9.56367	3.94867	4.18719	7.03278	12.0481	18.5569	14.0389	8.26818	14.5452	14.1386	10.6318	8.53896	10.6045	7.24054	3.41335	5.3586	7.31559	6.98244	5.68107	6.74626	4.84319	11.6794	13.5069	9.28901	12.1851	12.4271	16.0727	6.79613	9.89757	8.54054	11.5321	11.8632	12.1216	7.81009	8.34574	19.9978	15.9716	5.46297	6.05185	5.53015	6.98208	11.7527	4.94329	12.1603	16.3489	19.8003	21.5996	9.58987	14.7368	15.7736	3.65016	13.8291	6.02993	12.2126	8.32476	8.46166	8.93897	14.0865	8.11836	16.4042	35.4355	32.5451	4.94934	25.6817	24.6969	14.9506	8.15474	8.34568	11.319	8.93839	1.09577	10.7241	21.2653	10.6534	11.9144	16.0302	14.5566	7.32725	3.82209	4.65538	6.2725	4.84013	5.39993	3.80642	7.46431	22.1088	16.1573	14.2812	21.2298	15.3255	5.51938	3.19166	5.17816	6.23455	4.40886	3.94494	1.59704	4.88886	10.5937	7.33133	5.03877	7.07023	4.35456	7.80783	5.74048	4.81537	4.56476	8.70096	7.10735	5.05928	6.66489	4.36491	9.01643	12.5396	9.68581	4.18719	5.87052	6.82246	7.86806	9.28115	13.0097	12.4504	9.10767	3.88775	8.28774	4.7189	5.69917	11.6512	8.62567	9.00323	9.52267	5.69648	6.4968	4.53857	4.95261	6.56933	2.35553	5.10596	8.99508	6.61172	6.65632	5.74065	6.42152	6.95084	6.61172	8.05874	6.80494	5.4629	9.11246	8.04829	8.2773	7.33172	8.26124	8.09694
8.76874	10.3116	12.3289	14.7609	12.9365	9.89569	10.0989	10.1939	9.92586	3.74272	8.93607	14.2772	12.9817	9.05429	10.9037	9.61749	4.01214	1.24915	8.39342	5.26301	3.56714	5.15469	8.56701	3.7028	6.88411	8.23383	10.5658	7.52435	3.34242	8.69391	7.92109	7.4166	6.66429	6.70833	8.94271	12.0469	5.63841	3.84115	12.8053	11.1696	5.95261	5.6463	5.22336	5.13743	12.9047	11.8049	13.098	16.4143	14.7407	12.3575	11.7665	10.7979	5.87026	8.49029	6.611	10.2974	8.9231	7.83152	6.59077	8.65325	7.07565	5.7011	10.7232	7.42224	1.74069	3.34242	6.49416	5.80433	5.80151	9.1622	6.83876	1.93636	7.92995	6.36531	12.9002	11.9667	2.32317	2.4055	1.09563	5.1864	6.04168	7.00064	3.18211	5.73993	11.367	10.9531	7.68077	6.56405	17.0215	12.3765	10.7916	10.2838	9.61889	6.69728	6.60452	11.6023	15.8067	8.1769	5.5108	14.7911	8.17702	7.94858	5.86494	7.19726	5.03817	3.48252	11.8287	15.0953	2.59709	12.8174	19.7964	11.9998	9.13215	7.06957	6.65535	6.79555	2.41182	5.74022	11.1395	14.6763	12.7708	11.7291	13.9621	12.6201	12.9622	10.3738	5.94516	1.10922	14.924	14.4684	12.3128	12.5695	9.92586	10.7752	13.4612	6.41873	13.0434	14.0509	10.5388	12.5834	12.0333	15.8962	13.44	9.39965	9.60202	9.46852	11.4133	17.8697	20.4284	3.56727	15.1639	14.7911	5.19791	15.208	9.95355	10.0645	12.5101	7.24617	15.3727	18.124	14.7127	27.6702	40.1217	11.2422	25.4125	28.6429	19.048	6.10245	6.60227	9.07344	9.44885	6.02179	0.547864	6.73457	13.9746	13.0505	5.80179	6.71707	17.5759	13.5139	4.48877	2.77535	3.56709	4.21157	4.74665	3.98226	6.12894	15.3864	21.1087	7.98531	17.2812	21.7107	8.43341	4.37452	4.94287	9.4118	7.06742	4.71842	3.50391	5.45408	10.1963	6.73466	5.35812	6.8324	6.12894	10.5181	5.58032	5.02339	4.78082	7.9133	5.86494	4.76836	6.79555	4.03808	5.51908	8.34489	8.87265	7.47964	6.65565	4.28178	4.27129	3.94833	9.4564	10.6791	10.8913	4.27115	7.39876	10.0356	11.892	8.06715	6.2152	8.53819	9.60659	5.78879	2.31027	5.39686	6.38408	6.48276	7.28868	3.12037	13.5014	9.26304	7.32095	8.26045	5.65702	5.36653	8.35163	5.4076	6.2223	4.48888	8.65332	6.18673	9.93779	10.5008	12.122	7.25634
7.32996	6.89831	9.5937	10.6834	6.22176	5.80383	5.71642	5.5931	6.22154	1.80813	6.83159	13.7814	11.861	5.15417	3.29253	3.09594	0.173241	1.6431	7.25561	9.30782	12.5049	12.7946	10.6231	8.03571	1.76614	8.53738	8.02268	4.53802	10.7798	11.4636	11.5564	11.8939	9.00852	2.02694	7.71773	12.1902	8.91233	3.02268	14.0443	9.56938	6.38339	7.7349	6.11624	9.20562	14.5275	8.59339	6.47497	8.71447	7.31435	10.2559	8.30362	10.3175	9.39297	10.5529	10.2853	12.3592	11.4035	11.411	7.92571	4.891	6.46614	6.76263	6.88955	6.45902	4.52458	3.47785	5.90488	10.8698	13.6333	13.6065	5.9523	9.46012	12.3757	10.2968	11.2526	8.87801	3.4992	3.73453	3.9444	6.97249	5.35773	7.45724	6.69703	4.63852	4.71774	8.53738	7.23324	6.36467	13.8257	12.2083	14.0571	13.8064	13.7659	17.2273	4.70194	10.7796	16.0136	8.00667	3.88723	10.8798	8.78147	8.27233	3.55019	3.98191	8.97589	6.86599	8.3874	12.433	7.2006	12.3022	23.4477	15.8769	7.43131	4.49835	7.03577	12.6836	14.4379	12.6792	13.9024	10.5924	6.65697	6.58563	6.16676	8.63926	16.3727	10.3895	10.1958	8.53771	4.1864	17.0162	17.6711	15.0364	9.49694	12.2458	15.3371	9.2953	9.67058	6.76053	4.32267	7.17437	11.486	15.6032	16.5237	10.4217	7.10609	5.03198	11.6865	19.4709	19.5608	3.32401	12.6886	15.0626	11.3263	9.87683	7.84048	18.7649	25.6305	27.1769	26.6825	23.9725	26.9516	32.5433	22.5883	22.5425	28.2097	16.1939	12.5358	6.2146	6.23607	7.98459	8.20304	5.71642	3.60029	6.55667	11.5128	13.0966	13.6241	10.78	9.23218	16.1	7.80864	6.94948	3.6372	7.64378	9.60617	9.07109	8.93064	11.322	14.4221	19.6775	9.23268	21.368	10.421	4.33301	4.40794	9.85482	8.69938	2.49686	1.54918	4.78034	7.94205	6.80381	6.76263	4.49833	5.86435	8.55256	7.00001	8.65778	8.70474	10.5377	8.93519	4.50812	8.86984	5.90974	6.12139	7.98459	7.92016	6.45943	8.93078	11.9663	12.3005	8.16032	4.44501	10.0974	10.6619	8.48424	2.44849	13.6069	14.7339	5.13107	5.18289	7.93465	7.50985	2.6875	7.64378	9.41147	8.67312	7.33032	8.60376	4.70218	11.8179	10.5647	1.84089	8.17991	8.0902	5.79074	9.35531	2.86534	6.46614	2.98793	7.16785	5.57976	6.23339	10.9638	17.3378	12.3838
4.84178	6.38506	9.81867	8.94098	12.4326	15.1213	15.9443	16.2663	11.9551	2.60234	3.23259	10.7958	16.055	12.0058	5.8591	7.51926	4.3258	3.46456	5.78786	5.28757	6.7095	13.9691	10.0622	5.52855	7.03057	9.81867	4.79256	9.53253	9.16551	8.08737	5.93933	6.94883	9.01385	8.00756	10.5855	11.7964	8.67671	3.32818	14.0538	6.77914	7.47815	10.5162	7.9175	8.17875	10.8523	6.79239	10.9329	15.9672	4.43111	12.1983	9.55189	4.32583	2.70374	3.80924	11.8312	16.191	10.4982	9.4529	2.64219	3.48186	7.61233	7.03506	0.173223	7.56564	8.44196	4.87837	4.74562	9.31102	9.53253	12.5586	9.51577	15.2899	6.84381	4.03344	5.73876	6.22097	4.54728	3.56657	3.50325	6.56715	3.82098	4.85102	5.49657	5.51803	1.74033	6.05976	8.09989	8.76702	11.6432	13.6991	14.4193	14.2596	16.0306	20.141	10.6568	3.61215	13.0533	6.7859	4.94219	9.09561	9.8603	11.833	12.2093	6.05015	5.56053	10.9468	10.2505	16.8721	7.94705	15.2926	21.4558	15.3105	10.0456	13.5819	13.4127	8.65199	7.21406	6.5854	9.95442	9.34841	18.724	19.9437	18.2591	10.8701	11.1008	11.4622	8.68728	9.80124	12.889	10.3942	15.5337	19.7828	20.1321	17.1313	10.7943	2.70392	6.72687	1.05355	10.8904	12.6355	16.5408	13.9489	14.8437	19.0236	18.0253	13.6787	15.1505	23.9986	20.945	13.0922	13.7694	13.0951	8.01464	12.1895	26.58	34.6078	34.868	25.6068	9.96933	1.31897	21.1792	11.9253	18.0149	26.7761	14.083	0.624562	12.5132	8.51411	6.04035	6.05011	7.30927	5.26508	5.32112	7.09747	11.1499	10.7242	8.5845	9.3978	1.109	14.6278	7.55391	2.11344	9.46661	8.69184	5.1309	6.24957	7.5714	10.0922	8.62336	17.0184	6.57401	20.7169	10.9741	2.8805	2.6195	8.98934	10.4982	4.91171	1.16189	5.11617	6.55603	6.44041	3.54982	2.7748	7.98364	5.22809	2.16939	4.15719	6.04281	11.2413	11.5298	4.53725	9.88302	6.86532	4.21076	7.6716	9.03798	6.56744	7.79465	7.16751	7.57735	6.89758	5.95175	6.66069	7.19582	9.78363	8.89856	10.5906	16.0858	6.04278	6.63417	9.77896	7.94684	4.53749	8.25885	8.76395	10.0628	7.82483	7.60819	6.69604	5.39549	10.5731	9.95421	7.5037	11.0562	11.456	12.3539	8.02232	6.32692	5.90398	4.07028	7.85057	8.6868	15.8753	7.61233	17.3586
7.93352	11.2394	11.7836	2.76916	6.57339	6.63376	5.18502	13.2476	14.6463	4.59245	5.42271	1.3962	13.8392	13.0863	6.25143	2.61926	8.27033	3.63659	4.81356	5.60278	6.73297	11.0174	11.0134	6.72392	7.59401	8.61036	1.35258	6.4097	4.15328	6.11524	7.07188	4.83827	3.99227	6.8198	13.2846	12.6276	7.47738	4.1497	11.9351	11.0863	13.8478	15.8642	10.5899	4.71685	8.39796	3.13381	5.52813	14.6837	7.03193	14.2266	11.3787	6.02765	8.55134	9.62227	13.7591	12.9747	8.41183	8.39623	2.5964	5.87095	4.8659	5.78971	6.41657	5.39788	12.2941	8.32649	5.03084	8.16012	9.11513	9.44449	11.8207	18.9959	8.02117	5.13594	4.86878	4.26991	3.64885	2.81736	1.22461	6.03964	4.01092	4.15694	3.56624	4.94752	4.53691	2.70351	5.42253	7.30872	6.92891	2.57314	2.6477	3.35919	15.3092	17.5025	13.8544	6.04224	6.38204	7.76379	4.18555	4.94767	7.54773	9.30592	13.1132	12.0661	6.10564	7.69349	16.4147	20.0517	4.94144	23.916	18.9798	8.01393	7.14	11.4701	10.8161	10.5898	10.4411	6.02747	12.6065	9.24655	18.3123	12.3615	10.4581	15.8003	8.09934	7.16671	9.46589	12.5335	12.94	11.0857	8.64414	11.1796	8.17833	3.79703	9.38494	9.42646	7.79369	1.80771	15.1534	15.3527	5.96106	5.69973	7.69954	11.9781	16.217	20.0664	15.3471	20.1664	20.7001	8.45348	11.6576	15.5078	17.353	20.991	13.1493	12.3455	15.585	16.4937	23.188	20.6226	30.3014	16.4636	24.6886	11.3001	7.10506	8.97416	6.92239	15.4201	9.27142	7.3105	9.56011	5.49601	4.89031	6.36377	10.9553	11.0771	8.27219	8.64414	7.78436	11.1255	13.4107	4.6536	8.2065	9.19274	2.3096	4.32186	7.17058	6.80237	5.98337	19.4174	4.86878	21.3342	9.44599	3.49857	2.88038	8.91396	10.4535	4.76698	2.73652	5.17642	7.09871	5.35647	4.65341	5.95842	5.64467	3.61183	3.90174	4.27006	5.35657	9.98662	11.0083	4.18186	9.84126	5.74601	4.16402	0.624468	5.90866	7.01759	8.46905	4.80449	8.44124	3.13377	4.37339	3.90174	4.71692	7.47724	8.3195	8.4602	13.8151	4.86878	5.74601	8.08825	7.89631	2.16929	7.18898	7.01731	5.08094	6.23235	6.36123	7.57859	4.52396	8.03386	15.9902	8.00667	10.4195	12.4436	12.2079	7.35852	5.25299	6.23235	5.28703	6.81961	7.43782	15.3465	10.7202	9.79005
5.61513	5.25246	5.70682	6.40228	3.80839	6.89632	8.38371	12.0143	11.4932	5.86806	7.9329	8.13094	7.79288	11.1975	6.333	8.30109	8.59423	0.883023	7.7835	6.21044	6.75859	7.0731	9.67471	9.91032	6.43893	5.02144	2.60183	6.21283	6.40012	5.26409	5.02171	7.47657	3.02688	2.96194	12.2424	9.0937	4.12424	4.57567	6.7256	7.37219	7.14763	15.6665	13.4343	3.83958	10.6588	10.9607	11.2017	11.0784	4.46036	13.8498	11.2429	6.27879	3.28254	5.45211	12.1766	8.60125	6.70574	6.65496	1.9044	6.81895	4.17804	6.32574	9.06803	1.86471	10.7484	10.8082	8.73024	9.38982	10.2235	10.4305	10.484	19.7725	8.39711	5.39448	4.5364	3.0805	2.44778	2.85402	2.60185	5.74799	5.28623	3.42504	4.77927	6.40228	5.69646	2.64185	1.39599	4.0216	7.71551	8.59609	9.08924	9.17189	13.7009	15.4176	11.8875	10.0605	9.01723	12.7285	8.43221	3.61161	6.32574	7.23136	11.2432	10.0218	5.71976	9.12711	22.0399	16.7882	15.3308	24.3742	15.2024	8.69565	13.1121	10.2702	12.6264	12.6849	4.59184	11.7726	5.02155	8.82331	11.8002	16.7566	12.1233	1.03903	14.4181	10.358	18.0329	17.6207	12.2796	12.0648	11.2392	3.63623	8.39767	11.1364	7.60687	9.59833	10.5399	2.64739	13.283	12.3479	10.3496	9.40879	9.53678	7.06688	5.26374	6.58865	12.8962	19.8001	21.8426	7.91603	11.5191	22.0036	19.5778	11.6592	20.2608	23.1925	28.2912	28.5931	19.023	12.0752	27.3252	1.26062	21.8621	7.50818	5.99028	9.77591	6.778	9.53489	11.1923	13.4643	12.6494	6.10028	6.74331	7.46109	8.10766	11.0345	8.76351	7.03158	12.6086	3.83967	15.7184	6.03922	7.10398	8.385	5.25258	5.65481	8.7654	7.32822	6.65529	22.4952	4.56259	22.9288	11.1399	7.31821	6.956	7.1659	6.93225	5.52493	6.06841	2.08451	6.18405	8.51253	5.31978	3.79664	4.33529	5.35605	4.86529	2.83813	3.63615	6.94707	9.11421	1.35246	8.84454	8.71232	7.4767	4.91403	1.24874	3.98087	6.15799	3.48102	8.87547	1.35246	3.45961	1.59638	4.74464	9.13969	3.39862	11.7749	12.1416	6.07819	5.69377	4.6433	6.15783	4.50697	5.49517	9.40817	3.82796	7.19675	8.97343	6.89632	4.74473	5.00956	19.434	11.0279	7.28592	10.1174	13.3469	9.46792	4.15663	8.58291	7.62627	5.87799	3.17602	10.1967	16.3418	9.78921
13.7002	14.1214	15.6131	12.4291	5.95994	6.29478	6.43842	8.90903	6.38085	7.08287	6.41568	9.46281	5.74521	7.14675	7.3333	8.07773	7.21416	2.63591	8.11916	6.35996	3.49786	7.08287	11.3267	7.29915	5.18107	6.75777	5.59106	5.65426	7.79246	9.19147	9.64447	6.0583	2.42916	4.39953	11.3616	7.8222	1.78233	5.4078	2.30921	4.20956	11.857	14.0788	8.99822	12.0851	16.9758	17.162	12.1864	5.37227	2.87984	11.693	9.82771	8.63571	3.79254	9.68015	10.6996	2.61877	4.71597	5.19253	7.29938	8.93853	5.55928	7.42278	9.62166	5.10328	6.6941	10.2967	11.1235	10.4584	8.62897	6.09696	11.6152	17.3284	8.11377	6.06066	7.68473	7.55214	6.79914	5.45977	4.44343	5.5671	8.75619	7.41899	7.1798	8.27258	10.1268	8.80442	5.28604	4.67812	7.06605	8.59359	8.10664	2.64146	8.30039	13.4715	12.2263	12.7664	7.41291	10.1012	12.004	8.9143	11.8235	6.59914	9.74082	9.60208	7.26707	11.0748	20.587	8.96586	19.8231	18.3311	16.3233	12.5949	14.4781	17.7679	15.2008	12.9898	11.1151	16.1938	12.6119	11.4926	11.9226	12.483	9.90519	8.17113	7.58299	9.97366	13.4167	14.154	9.15789	6.0581	7.6447	18.5684	20.8585	18.6759	12.7737	14.5856	15.3458	6.56553	8.81564	5.35547	5.24359	2.83788	5.4947	6.3251	9.01268	8.15506	12.0135	19.6295	18.7854	6.12622	19.2899	27.9263	14.754	5.19253	3.13318	1.73118	3.8665	5.79903	7.56344	18.675	28.0292	5.53514	25.1826	2.94145	4.88939	10.0442	15.8249	15.5852	14.6843	11.8328	11.8328	4.54599	0.173174	3.95023	3.69695	12.2828	12.5954	14.2818	16.1938	10.9495	14.1805	6.90204	6.46344	7.83721	6.66113	2.25007	7.74534	6.11393	4.64931	21.734	5.88996	19.4509	12.4435	10.7758	6.40185	5.36384	5.33049	4.32105	5.76806	4.36218	5.37751	9.24447	5.35557	6.12622	8.59392	10.1339	10.0354	8.6948	9.28396	11.761	12.7898	9.12662	8.30603	2.73609	4.83737	6.92132	6.70535	6.46355	3.56539	5.55904	8.15506	1.48941	2.11286	3.11408	8.93365	10.94	5.25228	14.34	11.5071	7.64078	10.3528	12.8207	11.0312	7.31141	7.62162	9.24456	12.1151	13.4639	15.7036	8.45191	7.09738	5.78621	19.0637	12.8943	4.86807	14.3707	15.9925	8.76459	13.5204	19.8656	22.8523	16.2149	9.19147	5.59097	15.4172	16.033
12.4687	10.715	6.66065	6.51729	4.77806	3.59857	9.1017	11.8854	6.32472	7.06559	5.7137	8.26112	5.80107	6.26835	6.70664	4.50597	5.02046	0.489737	6.27768	7.43588	7.29844	8.19168	7.64357	2.32841	4.06887	5.57183	4.94932	5.86947	8.34004	10.2008	11.011	10.9291	8.45833	3.64796	11.1224	8.63484	2.87942	5.0205	2.73571	10.1794	12.6107	1.56764	13.1132	22.6631	23.3767	17.1554	9.97283	9.62074	6.34538	8.46469	9.06629	9.67292	6.73082	8.06257	3.17542	3.18029	5.83913	7.23624	8.69404	8.76059	5.98916	7.75215	8.93281	7.23397	4.40593	11.2472	8.06059	10.1496	11.8555	2.95624	11.6967	13.6261	4.56173	5.76785	7.84793	7.16485	7.97	8.48562	5.25171	7.75215	15.5938	12.962	11.0883	11.3173	14.2806	13.7644	6.18323	3.21765	2.18919	6.72434	10.7904	7.62095	10.7749	15.5695	15.5746	17.7612	12.2863	2.57251	7.76156	9.67354	12.2773	7.77483	9.18232	8.59966	8.9865	11.2855	10.7809	12.14	11.5368	14.9844	20.0108	15.3262	6.49954	6.65192	4.97322	7.81238	8.78867	11.6091	6.94595	1.46903	11.4666	11.8739	6.66065	5.76747	5.76002	7.40644	10.4468	17.1321	10.7916	11.258	19.9298	19.638	15.9818	13.0502	10.2514	11.3281	14.649	9.11314	9.20152	4.50625	5.27122	4.42605	6.43773	7.76156	7.83644	13.209	16.7718	17.0243	9.58919	2.51955	20.8538	28.413	14.5843	2.24996	8.3402	11.4223	15.1358	14.6683	11.3005	18.6642	28.2613	6.6074	28.2111	5.92951	5.50491	7.77483	12.0783	14.8808	11.1141	1.22427	9.86812	11.5249	6.80059	6.46279	6.27796	13.5307	16.187	13.3828	15.6251	13.3453	19.2723	14.6149	7.32291	2.70827	7.43588	9.24355	4.15563	10.1778	5.83883	18.669	3.77643	12.677	5.87707	14.2728	13.2096	9.08081	6.84126	4.27908	4.40587	5.1518	1.48918	7.944	7.51646	7.6095	8.99946	10.3904	9.81097	8.9865	8.83013	11.1765	13.4944	12.9458	14.5367	13.0833	5.65376	1.63308	4.09787	6.99638	7.40606	5.94947	10.4509	7.26047	2.77376	6.60038	9.74428	9.65518	8.91353	17.4398	14.2454	11.5264	14.3873	14.4454	15.2848	6.88024	6.97784	10.1101	18.8249	10.8015	18.2218	11.7347	9.9742	5.56677	16.1427	17.2309	8.45656	15.9617	19.2285	11.9807	13.6173	15.0557	14.7836	13.8368	9.81985	8.54903	6.75706	11.2854
5.40402	10.4758	13.5518	14.0766	10.2827	9.42298	9.73192	7.9542	3.11833	5.69747	3.02103	5.41771	3.39767	2.24965	6.37966	5.41769	5.0788	1.21181	4.39871	4.42567	7.35585	11.5654	8.29896	1.59592	4.03158	2.4039	2.83749	1.39567	6.62209	9.27401	4.06839	6.97089	9.44287	8.11259	8.48976	7.91547	1.6421	3.83853	7.78139	13.0259	4.40549	11.9497	17.138	16.1909	11.6864	3.72441	7.19251	8.30415	7.32586	8.84211	10.8948	11.3457	6.50543	6.12489	4.40569	7.06291	7.09411	4.94581	5.20577	5.56606	3.79577	6.82788	6.89644	8.15534	1.80703	10.1769	8.14814	13.1253	15.9442	6.46257	13.6158	12.0637	3.50155	3.7124	5.85862	3.5982	4.56151	8.45537	4.17668	8.5478	16.8116	8.99682	11.9795	12.8096	12.1376	16.5941	5.41771	1.03874	1.48913	2.78957	7.77579	5.65327	6.46235	14.9767	9.58818	13.2724	17.3656	13.2049	1.73951	5.12845	5.58993	7.55045	8.75949	5.78748	5.8965	10.8373	6.2299	13.2644	13.0232	9.56408	20.4628	16.8856	17.6971	19.2788	19.8622	17.8416	17.4545	17.7733	12.8347	10.6131	13.5052	8.25698	13.3534	17.0366	14.2008	6.58675	9.96416	19.8196	4.93959	15.0569	14.9369	9.73941	6.38207	5.88875	6.21806	7.79646	11.6703	6.47168	12.0113	10.0293	1.54829	5.53407	9.4379	12.2758	10.8794	13.9172	19.0171	9.10063	7.39388	13.7534	8.79432	22.0961	23.4096	17.5564	16.0512	12.8834	18.6823	23.1756	17.3017	19.8352	30.1611	14.6669	30.8706	22.301	16.3668	12.6406	5.13397	6.6312	6.3614	8.29734	4.27894	5.27076	8.17501	9.56408	8.04178	7.45897	9.65607	11.2451	10.2655	5.94888	9.51415	4.29282	9.66508	9.39988	3.99085	11.3595	2.11246	10.7999	7.50566	17.5505	3.15633	14.6785	12.7096	6.94552	8.08525	12.944	7.92473	4.69311	5.62173	6.89439	4.48579	3.11829	5.59002	4.71843	2.7356	7.21281	5.65309	4.91569	4.3512	7.19447	5.80023	5.54747	6.56431	10.9473	11.0756	7.32615	3.81919	8.31642	9.13879	4.18041	9.28839	10.3894	9.08635	5.24261	12.2426	11.6801	7.70588	11.7826	10.4937	10.1774	6.954	8.81401	13.4391	5.61907	2.89996	7.56203	19.3451	3.67609	15.1895	11.9499	10.4499	7.07113	15.5242	21.806	6.59786	12.2483	15.9162	12.2761	4.03158	12.6151	8.3726	5.18296	12.0007	10.8017	11.1859	9.37684
7.40294	12.8744	10.4597	7.08072	3.39745	3.97937	4.20482	0.882714	4.33038	3.28131	0.774217	4.5347	4.5347	1.46865	7.86103	8.72718	5.01081	1.35186	4.33014	2.81592	4.02009	9.12207	10.0111	8.19764	6.16268	2.64086	2.18887	2.21606	7.72795	9.2419	6.25059	4.00903	5.66065	9.49692	8.26677	7.08083	3.35754	4.74295	10.5632	10.4225	2.87905	10.5306	13.1102	13.0845	6.82708	8.90484	12.4059	11.7205	11.1632	8.7091	9.66372	11.1434	5.57607	4.94513	1.16124	7.86103	6.55256	8.26677	6.93636	7.94262	7.54627	9.77379	8.85266	8.72202	1.24827	9.5374	11.188	15.2469	13.1664	3.72391	12.7067	11.7707	6.24856	4.66741	6.72311	6.14141	5.86821	9.77346	3.63478	7.54964	15.6894	9.83673	3.30401	9.32485	10.803	19.0505	7.16928	3.0601	4.07915	3.32202	2.40366	3.24934	8.76686	14.1842	11.4835	13.9014	16.7121	17.2594	8.92933	6.84045	6.86187	8.29647	10.7192	6.03697	8.93601	3.99048	17.839	14.4082	16.7016	10.7251	10.2448	11.3997	4.86346	7.30903	6.20812	6.72311	11.5039	13.4006	10.5854	15.6959	15.4177	7.39512	5.07828	1.24819	5.8378	8.28075	14.008	17.4908	1.76501	20.3974	12.4491	5.05507	9.28089	8.07542	4.10803	4.79889	9.27307	1.09483	11.0122	7.94262	9.69096	10.7676	9.4495	13.9196	9.61728	6.56338	14.0828	15.9956	15.8343	21.4908	23.351	12.9996	17.1631	15.6784	15.1277	15.9221	12.7246	5.36233	16.2826	21.908	26.5059	4.31986	15.727	28.1103	31.6384	30.2475	21.9213	11.1842	8.15679	12.2764	11.4202	6.95341	4.94811	9.51471	12.0425	7.56127	5.56541	13.0235	7.94242	6.82739	9.1	6.27679	7.21052	10.6162	4.75249	9.77346	1.4889	9.83664	8.16877	17.0365	5.73563	17.5954	8.67243	13.7943	6.09797	10.6711	12.1096	6.82739	4.15136	5.36233	8.39581	2.70776	4.67682	4.59032	4.74307	7.63838	4.3234	4.16206	6.03677	7.21004	3.73205	7.75075	5.32924	7.99555	6.72309	7.24071	2.3534	9.5374	10.5101	7.59054	7.3094	10.9133	10.4363	0.865564	8.20263	11.0859	11.113	4.49534	6.63071	7.91521	8.48886	10.3105	7.80124	5.35407	4.80228	4.60954	19.2006	6.17456	12.0802	10.011	10.7672	8.1742	14.0472	21.5173	5.00769	9.26713	15.4132	13.54	5.259	7.74293	11.1936	15.7755	15.4178	3.47554	5.31779	8.50653
2.35316	11.6607	11.5042	9.26775	5.86777	6.41329	8.04069	7.78032	4.42506	2.11203	2.57177	5.92768	5.95501	4.40459	9.98236	6.78968	1.16105	1.47874	5.57576	6.63224	6.72908	8.54448	5.94747	7.90649	5.1818	3.11774	3.6345	2.14027	6.41287	5.88755	6.03635	6.54943	4.48153	4.5996	8.45414	6.39946	7.08011	6.89303	10.1129	13.1743	11.3992	2.94532	10.0971	16.383	11.1615	9.70141	11.0848	11.6208	8.92997	8.62773	7.19134	5.71433	8.39496	5.37541	0.774137	8.02925	6.29237	11.6516	12.1773	5.94034	0.865447	8.29543	10.1197	7.60682	2.18864	9.07013	9.71033	14.9262	13.7187	3.79506	13.4617	15.0733	12.6487	14.724	13.4753	5.22463	8.39496	6.75494	4.83874	5.5464	10.0398	11.7696	8.26038	7.54887	9.93484	20.5235	10.0099	4.39811	3.21672	2.87876	3.80683	3.838	6.47004	9.69867	7.10109	10.4642	19.6044	19.0107	10.8177	5.71205	3.9751	4.88726	12.0613	4.77668	6.8654	12.1645	20.1591	16.3083	11.544	16.7997	17.7297	14.9999	10.0905	20.1976	25.5038	20.1819	15.7179	19.1766	15.4124	11.2141	9.77248	12.0226	13.5762	20.1223	19.9111	15.109	11.611	12.6124	3.32146	21.8918	10.7234	8.39496	12.0132	8.67102	2.44661	2.81576	9.03503	4.26745	11.2339	3.83775	9.33793	12.1713	10.492	4.37418	12.959	11.9856	10.5788	13.95	10.3447	21.5843	6.37852	18.0793	15.2031	12.7594	9.39812	17.7205	20.4748	17.8639	5.41688	14.1665	10.9489	25.2952	29.3624	18.2313	10.6754	16.549	27.2315	34.2038	23.0974	6.81596	7.68958	15.7491	13.8403	6.77478	12.08	7.92869	1.05285	12.079	10.6434	8.25166	11.7806	12.7898	11.0183	12.4105	8.31523	11.1427	6.12381	10.1353	7.94161	15.5893	9.86686	17.8382	5.18211	8.90605	14.4414	8.55164	6.89941	10.6313	5.8752	4.8478	10.1169	6.6518	2.87876	7.14425	7.84568	9.85339	4.66677	5.1818	5.5755	7.41995	5.97756	7.40418	3.24901	6.59633	5.83721	6.51541	3.99003	8.23198	11.9471	8.26903	4.91456	11.9792	11.9605	7.08656	4.86297	5.58882	9.62717	8.22668	7.60327	8.05147	13.0705	11.9202	8.99511	8.33093	9.00974	11.654	15.565	8.62733	6.65629	12.6576	20.8852	20.5853	9.94081	16.569	12.374	2.08365	13.4945	17.6014	9.22541	17.0383	19.5103	8.98878	14.1154	8.08409	12.6385	7.31475
0.93203	5.89461	10.2865	11.1416	7.02971	8.15154	7.90622	5.45717	4.21797	3.30317	3.4098	6.53973	0.624052	7.66569	6.48767	6.94341	6.09674	4.65034	2.30811	4.86267	5.95458	11.5116	10.3433	7.72648	0.692334	4.75154	5.69581	1.73044	4.45785	4.44131	6.43552	8.39257	7.16186	5.41894	3.80625	0.547356	5.12671	4.88986	5.61227	10.5847	12.6559	4.77644	5.29451	15.6338	13.8623	7.78878	12.705	17.8673	20.0042	12.519	11.3569	8.91493	12.2206	5.19002	6.09674	6.03823	11.8332	9.98043	10.6062	7.23918	6.54882	10.6572	10.3808	4.91412	3.88371	8.53003	10.5001	16.1145	14.3794	6.43537	7.24942	12.2002	14.2907	15.1796	17.9725	14.925	9.66343	0.244781	6.2307	5.01882	4.29136	9.07742	10.6142	14.6884	4.53404	21.2701	11.9415	2.44638	0.244781	0.547356	4.83506	6.488	4.2777	3.64636	4.76382	11.7649	17.3481	16.0432	11.1097	13.3267	14.1119	7.40958	9.24949	9.56888	8.43592	15.4942	18.7275	17.2036	9.93869	12.5718	14.9987	12.1726	10.8303	15.1803	18.8737	18.569	9.24049	19.2382	16.6328	21.2879	19.2255	18.6997	12.1631	5.63331	5.19002	6.60486	7.89136	7.01268	6.60469	22.1623	13.5014	10.1447	17.0463	14.7492	13.0966	12.0221	11.2963	10.0262	5.49209	15.6935	11.522	10.3991	7.29593	11.7075	11.923	6.48793	12.4771	18.1224	2.32095	17.241	18.3864	10.5612	12.8889	5.26948	1.97282	8.5078	22.4248	18.7242	6.65123	8.29659	17.926	29.3029	30.4373	34.2778	30.6342	21.8232	15.6987	32.0358	35.6638	24.8239	14.0437	8.87088	12.984	11.6017	9.47202	6.24704	4.10722	7.80176	10.9349	7.41932	11.0219	10.6572	10.1872	14.7221	8.74742	10.0551	9.6978	10.5192	7.23326	13.1216	6.19033	15.498	4.01949	5.41911	9.59796	16.3623	8.96198	5.55639	8.09401	7.24942	10.039	9.06462	4.10725	5.00675	4.53385	9.34746	4.53385	4.94718	4.31916	6.90946	5.63331	7.13529	6.16169	7.13529	9.9686	6.86017	2.25573	4.20742	10.5829	10.5612	2.89911	9.81612	14.0333	10.9651	7.55634	4.94739	2.63455	14.0771	10.5286	6.35956	15.7414	20.9978	20.2562	16.5353	17.355	16.5878	13.2773	7.56596	6.4607	16.6904	21.3361	26.1283	14.9356	5.61734	19.4924	9.51143	13.0194	22.9526	12.7123	22.6741	16.3851	14.979	11.5546	14.1244	15.0197	9.68019
6.37746	4.27733	4.52027	8.75612	5.87427	7.46603	5.14951	7.42427	6.43467	2.94479	5.17226	5.97853	6.71882	9.63876	3.5635	2.87822	5.54529	6.49615	4.34959	3.2484	4.03377	13.0947	11.8224	4.63385	3.83712	5.00641	6.73861	5.50266	9.23963	8.29619	4.52057	5.18083	6.92361	7.6725	5.2491	3.05921	5.41561	2.0903	5.98604	5.13196	11.3627	3.22995	4.00794	15.7676	16.1262	6.75412	7.84434	12.5969	18.362	14.1781	11.3558	11.8296	12.1882	4.404	10.1453	7.77887	13.2293	10.8697	10.1858	13.1489	6.85738	8.34291	6.61952	1.93429	3.88331	9.98052	12.7944	11.7781	10.4404	9.94633	2.55381	6.10108	9.58506	5.94664	18.5554	19.3062	8.57675	4.54332	6.27473	5.56918	2.60012	5.4564	4.97064	19.1559	2.89874	21.0726	11.5902	3.40509	1.21135	1.4269	5.01808	3.66233	4.65005	2.4093	6.92768	12.4362	12.6413	13.75	12.4268	10.4463	11.6089	9.43454	4.69132	10.7799	11.8439	12.4758	16.796	17.128	12.5249	11.721	12.1344	14.7576	15.9913	12.7214	10.0298	16.9068	8.9289	17.2232	10.0537	6.22994	10.4572	11.3205	1.42695	10.4133	11.3557	9.79303	5.35263	6.69068	17.4435	26.9335	11.5011	7.64188	12.2021	5.61939	6.63101	8.15403	8.52933	13.3802	1.76445	20.595	13.4547	13.2973	8.87025	6.89177	8.55863	12.8835	14.5711	5.73395	20.943	22.1295	14.7062	21.4518	10.6698	18.6181	22.9349	18.7014	21.9682	8.39177	15.1242	13.6223	21.2885	21.1623	7.40303	15.5345	9.28656	10.7852	29.1977	2.35284	29.4324	32.3133	24.2239	11.6089	2.87822	4.65008	6.21596	0.623989	12.3039	16.8087	5.41865	8.59057	11.6515	12.7199	8.7732	16.6567	9.80368	4.48094	9.09554	9.27833	6.81445	12.887	3.97797	15.1126	4.10698	5.1925	3.64622	9.45123	12.3642	9.27872	0.547285	7.92738	11.4015	10.0495	5.33018	5.55584	4.09592	8.86311	4.31855	3.30296	4.1215	5.87405	4.41413	5.18958	4.37336	6.22747	10.6088	5.24058	3.21612	1.05265	9.03321	11.6085	2.8151	4.04868	10.7763	12.1236	5.63283	5.81857	5.98632	9.93866	11.8799	7.86073	4.3701	11.1588	15.8826	12.6408	15.434	10.4626	2.94479	9.60134	15.0592	19.5069	13.7422	20.1198	20.3475	8.53425	23.4693	19.3168	6.58412	22.8056	11.5449	25.4118	13.2747	20.0514	10.4404	18.0542	9.23352	12.015
5.94606	4.86172	0.773914	6.29073	9.81001	8.02749	7.84326	10.5809	7.09869	3.4742	5.95337	1.95713	10.1891	6.54972	4.97911	2.25524	5.74114	4.90711	2.70134	6.94223	7.84538	10.7352	9.33955	4.17468	3.4048	4.94625	5.32696	4.9103	10.9409	9.84081	9.38314	4.01873	5.13153	7.12757	4.50343	3.35633	6.27434	6.70099	1.93417	9.59126	4.31818	6.59702	8.02019	15.4567	13.5533	3.28907	5.92612	6.41344	11.2614	10.3068	12.755	15.2834	9.38279	9.21494	11.4715	10.9955	12.1977	7.87661	14.0745	14.904	7.5256	6.40427	4.04442	3.64585	2.64544	9.3766	14.1117	9.06126	3.80172	8.50296	9.29768	5.73351	2.32705	9.43347	20.7908	16.345	6.03452	6.43417	8.59482	8.50296	5.24027	9.45662	7.74043	18.0924	1.21124	20.9118	8.15145	3.97773	3.30265	0.882372	3.56304	6.35808	1.8713	5.22317	3.07819	11.3918	13.0833	14.0691	11.6505	7.11728	10.9328	1.93409	11.608	16.0644	11.7738	9.87391	19.404	14.4435	2.6846	7.55872	10.0532	9.61537	5.9384	6.21535	5.19186	9.50689	17.6535	20.0435	12.4017	9.17256	6.11469	1.90295	10.2159	8.96671	10.5051	9.76997	7.42402	8.0818	17.6259	20.4026	8.96005	14.8159	9.93805	3.15487	1.21124	6.35808	6.11469	10.8687	9.62449	12.6656	24.433	7.57219	14.6077	11.1271	6.93369	11.5011	10.6729	8.42569	18.3964	8.39088	8.75562	17.9341	11.9771	5.73358	5.50478	10.049	13.7073	12.5164	14.8605	23.7397	23.573	25.0021	9.6993	11.6176	15.1113	12.8087	18.0352	17.1107	14.0029	36.1225	29.451	10.2776	10.2862	11.2656	16.7124	21.3696	21.7149	16.4902	16.9344	12.6667	8.17115	10.6281	6.54984	13.5844	11.3921	6.65685	9.2977	8.50623	8.52843	11.2397	6.85686	16.1333	6.5229	5.71041	3.60886	4.91021	6.33746	11.5639	10.0532	4.23492	11.4414	10.816	4.80017	4.29056	2.49426	7.3523	4.83723	6.41373	9.46141	11.4158	7.97826	2.0902	5.67386	7.77022	6.39736	5.5128	4.48377	3.32072	7.00927	10.3067	7.23172	6.22712	8.58807	12.2472	3.56307	2.87793	6.88915	5.67404	5.87338	8.75044	9.48712	5.0267	7.93944	9.41855	7.55872	12.3262	1.93409	14.7981	11.6176	16.9933	14.482	22.062	22.4529	11.6175	23.1483	21.3478	4.77538	23.2456	8.43413	24.7034	10.2955	17.7863	9.95994	20.0659	8.86116	10.0073
6.97329	7.16	5.41752	3.1782	5.19156	8.26642	8.58895	9.97726	8.53267	4.04402	3.26134	3.81697	10.7342	6.89046	7.02563	7.08392	7.75653	5.92559	4.94283	4.76245	3.28874	5.83496	6.62943	5.58685	6.89271	5.111	6.0339	4.45657	9.04277	2.8515	8.42511	11.4596	12.1217	7.92615	5.58673	7.55784	6.59646	5.56297	6.31093	6.70874	7.55805	11.6218	13.8832	12.0128	5.03217	14.8493	15.4981	13.1474	12.5862	13.0145	13.0923	11.5293	9.28767	9.58277	9.22179	5.29322	10.1263	2.98445	14.7672	11.4142	6.48581	3.15451	5.00565	6.99223	6.1385	4.96971	11.3407	13.4453	7.40757	8.7829	14.8615	9.97175	1.59499	10.493	20.0037	16.122	10.0238	8.78958	6.43356	7.79201	3.66582	8.25189	4.42671	16.2091	4.98181	19.811	7.57725	7.31809	9.84435	7.93898	2.55333	5.87278	4.90661	6.02201	6.64752	6.39449	8.90239	12.2967	15.6922	12.4434	9.33407	3.06335	9.08118	8.48005	8.82747	8.58908	20.4533	18.233	21.4648	18.7348	14.0295	13.4361	16.9759	21.8768	21.6566	15.247	8.68958	8.48492	4.44008	2.93907	5.12267	9.04333	6.73736	4.69044	7.99178	5.44748	13.6212	15.9141	16.6537	12.9927	9.03154	13.9696	22.3617	20.9284	15.0954	10.806	9.10656	3.18751	11.5287	8.45962	20.1896	21.983	12.2827	15.0783	18.7728	14.873	11.2507	16.2596	26.0714	20.9348	13.3724	10.5053	12.9632	17.9684	15.1899	14.0346	23.5636	30.6449	23.1229	33.7208	17.4528	31.003	3.62904	9.88625	19.185	19.7171	20.5669	27.2409	29.6176	22.7688	27.9231	34.9762	34.0677	26.7723	14.3743	6.27378	5.07619	14.7372	11.631	14.8871	11.8097	10.3957	10.9733	6.60299	12.4466	7.68052	9.2312	8.45916	9.91385	10.9618	8.43351	16.3353	6.75269	3.40902	3.33816	3.13085	4.4234	7.76037	11.6251	9.70739	10.6542	7.3176	5.51207	3.89795	0.623871	7.26382	14.4896	17.4394	15.6305	13.5218	8.69475	4.71237	5.01728	8.70499	9.39465	7.2292	3.98853	4.36928	7.2292	9.06206	10.1132	10.0792	10.6033	15.5854	7.22525	6.71789	2.47612	3.63313	13.6199	15.8401	11.8771	8.58908	11.4211	16.1035	12.0762	14.6254	9.91407	21.4433	17.2952	13.5872	10.393	23.8655	24.9344	7.78683	24.0133	15.9075	6.2148	21.5828	19.6705	18.0394	12.9626	14.6166	22.16	22.7027	16.6285	15.9319
7.31734	8.08005	6.45815	8.0187	11.4126	12.2787	9.84336	8.24777	8.2281	4.78684	0.244685	5.03142	9.03063	7.78555	5.55456	7.8495	9.07426	7.08942	8.107	7.59958	5.92498	5.90251	6.79541	7.44428	9.54153	7.55743	9.67182	1.59486	7.59374	9.36709	2.0826	5.87258	9.54153	9.16326	6.35719	7.32092	2.24823	7.67974	6.75399	8.62888	15.9343	16.9067	18.1513	13.0148	12.3442	4.04378	5.39232	10.7668	13.2053	3.28388	12.7663	18.3428	18.1368	8.1127	8.88019	8.58798	7.61712	12.4226	11.352	7.16306	6.55529	5.86248	6.4331	7.30131	7.6916	4.77472	2.24818	11.6093	10.273	7.75936	10.7092	12.0114	8.58625	6.12102	20.2475	22.2589	15.9167	9.53258	5.02574	6.89614	5.97718	9.71934	5.98447	15.0732	5.56777	18.3853	11.646	9.6124	11.0493	12.9649	4.40267	2.83542	10.1701	8.52715	10.4596	6.27317	11.6626	13.8931	12.8749	7.0664	5.14787	2.68416	7.06645	9.56581	12.3129	10.108	17.0022	10.5048	14.2235	9.35627	11.2274	4.47964	18.6073	20.0231	15.5407	15.1984	16.075	8.42379	1.48804	3.47353	8.66231	7.18193	4.28968	4.15982	2.42709	5.92487	15.5972	14.1693	15.2276	12.9662	12.4719	21.903	26.158	24.7228	19.2645	17.0491	12.0358	1.38393	5.4819	13.4279	9.20573	12.2728	28.532	18.3764	4.94233	7.23655	8.45865	5.57311	23.1512	19.2437	12.134	17.2356	19.4127	19.2695	19.8024	24.3425	29.3406	19.9769	19.3511	34.9818	6.48755	29.4795	10.5789	5.73238	13.8407	20.8697	23.3767	15.6739	28.3318	25.8873	19.6295	27.6898	23.7757	22.0431	15.095	16.6157	19.3782	20.201	15.4931	2.35203	14.1014	12.7616	17.095	3.83608	13.4498	10.3213	6.45786	5.98447	10.6384	11.4974	7.99835	15.8377	5.1795	4.20229	3.52454	3.05833	4.71529	5.67297	8.78192	5.87258	4.67411	2.352	5.67272	4.17747	4.59712	8.82631	13.4846	14.2043	10.9233	13.1315	11.155	6.05314	10.8724	12.4334	10.2978	7.60323	2.93885	5.17948	8.95033	9.26811	7.83049	12.5664	6.77157	17.2969	7.49506	2.08257	1.95673	6.01373	13.524	12.0371	15.0225	15.0759	12.1957	8.58668	13.7086	14.0671	12.6148	22.5116	15.8688	5.97718	10.8573	16.7347	26.6838	11.4138	23.4126	7.15928	4.26564	14.3317	24.1407	6.03368	15.6929	6.82315	8.93907	12.2715	12.7102	13.2273
1.8057	6.48697	5.8643	5.70087	5.92441	5.79604	6.09385	6.27255	5.85415	3.91618	2.31984	4.42228	6.88684	9.52513	3.0773	3.78895	5.24719	1.5471	6.13695	5.2386	5.35592	4.41221	2.79288	6.45079	8.09922	6.73624	10.6655	6.24181	3.56201	9.9002	5.79324	2.5991	5.25551	2.31994	3.11594	5.95407	0.865001	8.75281	3.59545	12.8741	13.7128	13.6061	13.1022	15.2179	18.3385	12.7266	10.5021	9.37393	2.59343	15.3254	10.43	14.5424	18.0164	16.8226	7.56988	13.1526	3.78895	14.6302	12.4171	6.89119	4.66413	3.97283	4.73978	3.70955	6.17078	8.37673	7.58542	4.7957	7.55629	7.54471	8.19203	10.192	13.0121	9.98568	5.2471	17.6185	17.6328	14.0496	10.1796	8.69309	3.83571	10.578	6.70122	14.179	5.13031	15.6916	8.98181	10.5023	9.13067	15.1944	4.9807	1.7807	13.2927	11.3386	11.1468	8.31048	9.44147	10.996	10.8355	9.44769	6.35625	3.56203	10.5239	13.2261	14.163	14.7275	10.0458	3.63244	2.70595	10.578	15.5969	17.6106	16.6427	12.9507	15.8364	18.7801	18.237	5.35873	6.85509	9.26725	11.4979	8.66802	8.76937	4.54166	8.16378	8.81417	18.6682	7.94844	6.72515	10.5035	9.35589	15.8331	3.01864	17.0415	19.6217	12.6055	13.2193	7.09665	10.7762	10.5021	9.41557	9.45386	17.604	24.4062	18.1954	15.9354	13.5909	11.84	28.6404	7.31026	17.8947	20.7879	11.4189	13.4494	22.746	20.5045	3.79269	14.6448	21.6389	30.4555	10.6253	26.3739	14.2981	5.71136	6.31936	6.51209	21.0524	6.22775	17.6658	29.6686	30.1304	14.1548	15.9848	23.6176	21.214	6.26526	6.725	12.2987	9.59772	11.4372	8.32589	6.52089	18.5917	9.50845	12.8083	12.3433	5.37251	2.93858	9.94221	8.68793	7.72469	14.0146	4.60646	5.35046	5.09842	5.28101	3.94286	3.46028	6.06211	4.9779	4.5188	2.49366	3.80443	3.11584	6.64588	11.8396	11.4109	3.98783	8.62265	14.0707	12.1051	12.8078	11.8747	11.4817	14.7514	6.9251	2.13904	4.64811	10.4075	11.6228	11.5411	12.7822	4.94203	16.5618	9.59297	1.25931	8.95778	8.77309	6.21336	17.9171	15.1139	4.50222	6.15143	4.3171	11.7499	14.395	4.64825	18.5175	16.1431	4.07617	11.9914	12.2841	25.3171	4.86344	23.6131	7.63938	10.4244	9.89626	23.0328	11.0115	11.93	13.1062	16.647	20.4372	7.80571	5.95165
2.42046	1.80547	5.78271	6.31872	5.68998	3.66074	3.30139	2.10363	2.63867	2.40181	2.35159	3.69695	6.11226	9.42826	4.88402	1.59445	1.42622	3.32382	5.18982	3.94607	6.16511	4.09397	4.23319	7.1886	7.31992	5.73146	10.875	5.73131	5.01599	6.85414	10.5647	11.2864	12.0717	8.01171	4.7955	7.05887	4.27174	9.21137	9.55157	20.5475	21.2255	19.6389	10.6516	13.8068	15.441	16.4417	16.3726	10.0036	12.8688	13.7022	5.07754	5.81581	12.8908	18.8935	4.7736	16.2715	5.03063	14.8104	16.3261	10.546	5.62981	2.93312	6.47263	5.94382	9.05829	10.5653	13.2318	1.31727	6.31856	7.63652	9.16097	9.82932	7.50902	9.46643	4.55736	7.76748	14.0726	12.3379	7.99703	11.7016	1.39448	10.4848	7.75814	14.2396	2.25432	15.6226	6.24582	10.5132	8.12176	17.3723	8.07853	3.22841	14.3933	17.1136	11.5696	13.6812	6.07138	9.29412	6.65189	8.86548	10.1612	3.69695	15.3123	5.2466	5.92388	6.7852	5.24684	10.1914	13.3163	18.6536	22.9239	19.0462	9.81817	13.1684	15.3641	26.7495	20.3737	10.6635	15.7503	14.7517	10.1744	13.5882	9.69808	6.85414	7.39928	5.26652	16.6406	2.11076	13.2951	18.5108	15.7409	13.5519	12.6353	17.3105	11.2306	16.5491	22.3702	22.0629	5.65633	9.71755	7.1085	11.0261	3.05775	19.5054	11.0418	16.9352	21.1448	5.56148	22.0985	20.1776	21.471	19.7946	14.5535	19.2181	14.8773	12.2975	21.8564	17.6313	19.7735	14.5413	18.7421	19.7781	11.8968	7.20503	9.27445	6.92484	17.3671	14.2595	15.019	21.8151	36.4834	5.83334	14.7686	20.6432	24.0483	6.9392	6.46576	12.1964	1.56614	10.7927	19.4145	16.3563	13.4775	14.7508	11.004	13.2317	6.27175	6.16985	6.96453	8.37426	8.01171	10.0832	6.35328	3.28781	5.12987	6.21546	4.7862	4.14458	5.00403	4.96849	4.94461	4.58681	4.71119	4.98037	6.89052	9.93253	12.47	4.64764	6.58073	11.1797	7.55213	12.566	9.92869	13.3155	15.1929	8.75211	4.11954	4.14458	8.89811	13.3499	9.33141	9.28511	5.29147	17.0646	11.8766	6.27175	13.14	12.0542	11.0638	2.64437	14.9383	16.836	12.2826	9.32415	11.265	14.6906	7.00867	13.6806	17.5482	5.75443	12.4435	15.6983	29.0766	8.92258	26.4592	10.106	11.4809	7.9753	27.3941	9.68365	17.8864	11.0266	3.28779	13.1207	18.739	7.76765
2.44479	2.63857	2.85048	3.35479	5.24621	4.71393	4.20476	3.22809	2.8971	1.76345	1.97143	2.56969	6.37586	8.77108	5.61639	6.68683	5.31347	0.773512	5.00356	5.83283	6.40809	6.09028	13.6241	8.92381	1.73787	5.56604	8.76775	3.72086	6.40148	8.29132	15.0856	22.3663	20.8115	18.2329	10.2073	12.3381	10.1053	7.87105	9.87949	18.7898	11.2598	5.64784	7.57421	5.29101	8.14972	18.3009	16.3351	3.35472	2.31941	6.6471	11.1754	16.4729	16.2458	12.893	4.32663	18.1219	10.0697	12.284	14.9009	11.7754	11.1215	5.18952	9.23416	8.59926	10.6302	9.59159	15.9355	6.37603	2.64413	6.45611	13.6236	12.854	5.754	9.80505	4.20462	5.88326	5.01529	9.14288	8.30159	10.8689	7.78365	3.09123	7.70614	16.3351	3.98697	14.0436	8.76647	12.4466	7.74414	16.8368	9.14288	3.88128	15.9726	18.7064	7.96158	15.0841	9.27966	12.0607	13.7455	12.0425	9.33533	3.49824	14.9888	16.5474	16.9108	14.0292	3.70885	7.08709	9.77726	5.24628	7.09533	7.2447	9.77591	16.1928	18.4368	21.152	17.8513	14.4163	19.8804	23.9521	15.2619	16.2587	11.3094	18.2546	16.2692	12.6038	6.2122	8.02343	16.3711	14.3349	5.73092	1.56599	13.8625	19.157	11.3491	3.17225	13.637	12.7852	13.7346	9.05251	15.0094	10.8759	16.0243	9.35375	15.2833	14.8316	21.8715	8.98015	7.23643	14.7175	13.9047	19.3111	15.1006	12.493	13.588	22.1737	18.7761	13.2515	8.16381	15.6843	9.07812	14.4161	18.2603	12.4388	14.6535	14.1069	18.1694	23.4911	13.2563	14.1871	36.7871	3.69663	18.7064	24.9518	22.7773	4.53085	5.95054	9.66916	11.2244	13.5944	16.6375	15.9908	12.0705	14.5214	9.58676	13.0908	8.99448	7.36274	7.02507	13.1561	12.1171	5.3908	7.78341	2.35145	5.94324	7.075	7.79682	6.43582	6.15762	5.16956	5.03908	6.2124	4.01682	3.83494	5.77947	8.07764	9.48086	5.86055	4.03141	8.58563	7.99637	5.55294	9.7535	12.6332	14.2578	10.0196	3.59477	5.35506	9.10498	10.7634	12.5105	6.09004	11.6752	11.7138	11.8295	9.88283	14.2452	12.5546	18.3888	15.7829	12.346	17.7614	18.1715	3.62765	6.30858	11.5546	15.6928	19.8598	14.8497	12.6974	9.27353	17.5544	31.4136	16.0867	25.7547	20.008	4.64724	13.6037	20.8106	15.0326	24.9025	25.2529	25.1743	13.2521	21.5733	11.41
1.39416	4.73855	8.90188	9.06303	7.0556	4.94062	3.97171	3.73628	2.08891	3.05718	2.94292	1.22282	5.01478	7.2762	5.70981	4.48123	6.40975	4.91038	5.8628	9.29728	8.44159	12.3036	12.1912	8.95496	7.39777	7.90562	3.12931	3.17666	5.37107	7.56789	15.1247	25.5578	8.98933	20.6203	11.7866	8.50193	16.2248	4.31575	6.47143	12.5173	19.9896	10.9983	7.72625	4.84363	9.15155	20.1631	11.4684	4.83446	3.73628	8.8578	14.9879	14.6784	4.27081	9.70422	8.68424	16.9962	9.33422	10.4128	11.5239	10.9268	12.7314	4.68814	6.70557	8.14678	8.05331	5.81456	13.6621	11.7469	5.78163	6.50989	13.6842	12.4981	5.70691	11.133	3.42895	13.3759	9.58632	8.16304	10.4499	0.864736	10.8566	12.052	12.6024	18.4262	5.14619	11.503	8.84468	12.8533	12.148	17.873	7.81819	5.02969	14.9151	14.9943	10.3022	9.59076	15.5916	9.36363	14.7222	5.54169	6.10662	3.67228	7.78869	12.6261	13.6626	15.3133	8.47605	11.9103	6.51904	10.5006	20.5087	21.3197	21.9292	24.8444	23.5754	9.94005	10.3551	8.24647	20.8146	9.89799	18.9706	15.8524	13.2137	22.8315	21.552	18.4299	18.75	13.6476	17.9111	14.8148	7.25791	7.05549	12.3506	17.2443	19.8903	20.2813	22.063	10.6628	4.45473	15.9711	15.4059	15.0697	20.8424	15.8554	8.62022	12.2637	22.9777	16.6781	4.34671	11.6412	9.95383	11.3132	12.6637	6.4099	17.7796	19.0876	15.8427	20.2205	18.9289	22.7763	23.2537	9.83514	26.6044	18.6026	5.89536	12.7847	18.732	24.6599	17.7705	28.8642	29.7871	14.3147	28.1163	25.4552	13.2294	0.713086	4.23252	7.91302	17.2647	20.823	12.7787	13.3138	13.0358	9.1296	9.17979	13.2659	10.7729	4.65963	11.9329	11.9083	13.2759	6.8102	7.08019	4.15089	6.4556	5.26554	7.22578	5.90031	5.29071	4.53069	4.17964	5.31299	3.60681	3.77198	7.61202	11.5829	10.483	5.89536	4.88645	10.167	9.82807	5.61567	9.29238	11.601	13.557	7.30212	2.8763	4.88017	14.1869	13.4756	10.2663	4.5565	12.5182	5.6917	11.8251	11.4948	11.0239	14.7333	10.3733	15.8286	16.3706	15.0963	15.832	3.98658	6.49186	9.76493	19.6304	18.4756	9.89799	13.0008	3.56096	24.3014	28.375	12.2358	24.027	21.6101	4.78505	16.5865	4.64678	21.9789	24.4301	19.0813	20.3232	18.0831	10.8099	19.3916
1.59409	6.59017	4.40051	4.8339	5.49818	4.01591	4.48067	3.708	1.39408	2.9527	3.0176	2.45655	3.2274	3.30035	2.40116	3.42866	7.90653	7.2593	1.90951	6.77473	6.93745	9.52162	5.62827	11.4067	8.63783	5.65442	1.93282	4.20034	3.10994	5.14541	13.9344	24.2196	8.01456	20.2169	9.92746	8.09599	14.7284	7.8383	12.1937	10.4426	17.086	20.4734	16.3198	18.8417	16.7131	12.417	6.76832	7.32376	9.43959	9.46238	4.80628	11.7567	18.6212	11.3921	9.37665	14.2744	9.22609	7.27563	12.8094	13.4211	11.9457	4.31532	3.49742	8.5229	12.6983	5.55989	12.1064	9.36283	7.84547	7.46007	13.7397	10.5741	7.17002	11.6972	6.93732	16.1239	6.22542	4.40064	9.69248	7.00676	4.02716	6.55667	9.80761	14.953	4.03086	12.5877	8.21913	4.42402	18.7866	18.5257	3.5439	8.85663	13.2481	11.3744	13.0851	3.56081	15.3976	0.864655	15.1818	9.2777	4.15763	3.30052	2.18656	2.77034	5.72961	12.9375	15.4537	11.7556	3.6636	15.2586	14.3695	8.02181	7.70471	11.7117	12.3797	14.1739	7.99489	6.54539	23.1865	8.6634	21.0375	11.7695	13.6008	20.2687	7.17853	11.3736	15.5776	18.7267	13.4628	17.6708	11.1771	16.5594	13.6932	15.777	17.1193	14.6502	2.93754	19.6597	13.7432	21.9556	6.18495	23.6097	7.61354	24.4227	18.7014	6.14926	15.081	18.6851	14.2601	12.2912	9.8032	2.55186	7.08796	18.6893	13.5139	10.3903	19.3061	22.9215	17.7531	3.30042	30.7368	7.84022	28.7679	24.9029	16.3422	11.1055	12.5625	16.6405	22.7496	37.162	16.8246	32.4953	24.8428	15.6067	7.88447	7.44275	11.2784	7.17853	11.15	28.7428	19.3742	9.6482	6.74878	0.489135	7.77822	13.4449	10.254	6.3077	14.0687	7.94549	12.147	7.01936	5.14548	4.02698	5.49818	2.08873	4.01591	4.83095	4.36677	3.91491	3.56083	4.27053	5.21978	4.34629	8.82383	11.2729	8.84355	5.48771	4.09302	3.89583	7.31352	12.0258	11.6768	12.3934	9.86747	5.34856	6.92285	3.78751	16.6619	11.9871	12.9248	8.63819	11.3143	7.78212	8.06744	14.3734	4.53989	19.5142	7.72204	13.6939	14.6031	7.65948	10.5198	1.16001	6.72268	8.356	12.0317	8.85698	7.84581	9.11271	13.2481	29.3534	19.2062	9.88383	24.0375	15.6896	11.5118	10.7788	13.4775	20.8442	26.1418	11.1119	15.4224	18.0675	5.73761	23.4849
3.02229	4.35595	3.40675	7.05625	6.79148	5.54059	2.81277	1.86188	1.97097	1.15985	1.10718	2.8129	3.72779	2.27334	1.83756	3.49706	9.09424	8.52198	3.01722	4.94248	4.49025	5.14498	4.07423	8.22352	9.73749	6.69779	1.25871	4.88521	2.94225	3.98588	11.4663	22.1393	18.7435	10.389	16.8605	12.0153	5.55109	16.0533	15.5398	14.0797	14.2038	18.1867	6.26941	26.1707	21.8712	6.14871	8.25212	10.2822	13.29	10.8503	1.83756	16.232	10.6205	13.6605	9.68877	14.0251	11.666	4.55595	14.3077	17.1384	10.1884	3.49706	2.78616	7.62974	18.4489	6.64536	16.2904	9.50399	5.55109	6.62283	17.0773	12.8864	6.87117	11.1603	6.59846	18.1242	4.47713	7.46553	11.9402	8.16168	1.73736	8.14533	10.2489	15.3953	6.10998	9.68877	6.69815	0.773289	18.5826	15.6724	5.35627	10.7271	15.0434	10.3532	12.6308	4.14663	15.455	4.10352	12.7937	8.14707	7.78118	1.39396	4.15005	4.71241	3.10964	3.9446	1.39387	1.93264	10.0453	11.8984	11.599	10.611	10.9652	11.9648	13.4767	13.1508	1.97087	12.105	19.4067	1.31678	15.7267	14.4688	9.37627	18.9033	12.0467	12.165	13.9576	13.6729	3.01734	16.3076	1.15991	11.967	21.6426	21.7138	17.2806	11.3608	15.6726	25.9513	17.603	24.4106	11.1642	23.2297	11.4455	15.0136	23.058	7.09377	12.2381	15.3254	21.8925	5.01381	4.75961	10.3341	11.7687	21.2719	8.01424	19.2707	21.6211	21.0532	19.7879	16.2773	25.5251	11.4431	19.197	21.1631	27.7408	20.8577	2.44417	16.2912	20.8578	38.805	12.9446	28.5451	19.6656	13.4303	7.0933	6.96833	9.11535	11.1863	5.7934	31.1755	23.8755	7.65832	5.26423	7.39678	11.7747	15.1472	9.43881	8.67767	10.411	0.733606	9.13231	6.88594	4.02681	3.33594	4.31488	4.26302	4.69377	6.55623	5.34809	5.12795	5.25614	5.16814	5.89426	3.41985	8.89646	10.1306	9.46294	4.15737	5.11928	1.1071	11.372	12.6607	10.7762	5.01381	8.60886	8.91488	5.68536	4.88554	14.5963	16.0194	10.8239	14.0985	9.76265	16.1793	13.9339	18.2358	9.0565	20.7708	14.9591	11.2321	8.4142	7.90573	7.75135	7.59544	1.72875	6.03257	12.8721	5.49799	9.5996	10.9173	24.0339	28.8628	5.47612	18.569	25.8677	18.2385	20.7568	11.3839	10.5614	9.73743	26.4897	2.44417	14.0989	22.511	12.7364	26.4291
3.2999	2.08121	2.49209	5.7285	4.42313	2.56872	4.64568	6.00031	5.55884	4.27326	3.94064	4.86071	5.47587	4.75913	4.11758	3.64265	8.63609	8.71629	1.72852	4.39981	9.76215	11.0215	4.39981	6.49674	7.89756	6.74954	4.04482	6.0902	5.51868	4.85761	6.73206	17.836	23.6742	21.8838	19.5756	6.93595	10.8231	26.6689	16.8355	13.2515	15.2714	10.541	7.25609	26.4113	19.635	2.35056	7.63466	16.8825	12.3908	3.7905	8.25106	17.9617	0.518716	9.97117	12.7351	18.5713	8.29358	8.38386	16.5964	13.9673	8.44415	5.02223	2.25324	10.2979	18.8544	2.56886	18.2729	11.2697	9.42892	5.4515	19.6356	14.8181	8.03161	12.1506	8.41338	18.5222	5.39707	8.92506	10.5724	10.5996	11.3265	14.7704	1.63989	16.2799	13.7802	7.20163	10.4146	9.32703	13.3094	14.1509	10.4799	7.55195	16.3291	10.4016	12.261	3.17106	15.4648	7.65788	16.6416	11.2964	8.07472	2.73179	7.68624	5.52674	5.1989	7.885	5.51602	4.42333	13.1498	12.9275	13.4799	14.4108	13.4422	9.23064	6.91715	9.14921	3.15217	10.5954	14.6626	9.92965	19.0478	25.2591	22.9066	7.18731	18.3724	11.1033	5.25525	12.2645	9.50363	7.97102	9.08754	10.1118	18.268	23.0208	19.1033	8.52287	18.7582	22.5927	5.86852	24.2422	18.7535	11.3159	19.2195	2.30563	24.42	6.62215	13.0985	9.19921	17.5104	16.2797	8.65678	9.36398	7.18502	17.2398	22.4757	15.0997	13.4931	9.09365	20.6971	24.4617	15.0654	17.5414	16.6598	5.28896	28.972	28.0983	11.2598	9.57555	20.1834	41.7749	30.8235	9.36096	17.5345	29.7103	23.3099	15.5727	12.4421	5.6457	4.84228	28.3803	21.1841	4.90286	5.62748	7.50967	11.1838	20.2317	22.4458	16.3301	9.20756	6.22424	8.12338	9.16345	6.58913	4.47994	4.67097	5.99262	3.87982	7.1588	10.4365	9.47783	8.38425	9.08915	9.13982	7.54078	10.5951	10.8963	9.1141	8.08543	7.65806	10.4309	13.6258	12.1781	12.1447	9.2701	12.9538	14.4588	11.7833	8.31288	14.5726	15.8915	10.8502	15.7464	5.4515	20.6538	11.2562	16.973	11.706	14.887	19.1309	2.84931	8.78269	12.2601	7.42563	9.54709	9.92967	9.12559	16.7905	9.69561	7.91967	14.4257	30.0733	19.8264	13.6406	17.7752	28.1619	18.6763	26.7674	14.357	14.204	11.1636	15.8277	16.8315	6.01009	23.5869	17.1224	26.9488
2.59739	1.63979	4.24476	6.34973	2.18586	2.69876	4.8571	3.91378	4.26236	3.79034	2.93668	3.80201	3.49655	3.42784	3.42784	2.85958	5.62663	7.15982	2.78565	4.64505	10.4517	9.04836	11.5	7.24919	4.40928	4.31412	4.026	5.51551	4.56786	1.93226	2.63154	9.76533	15.3701	13.4428	8.45395	0.172893	19.901	27.1594	13.0649	7.61135	15.1975	10.731	8.63536	26.4955	14.4095	4.73673	10.1345	15.8391	10.297	4.73679	11.3113	16.9253	7.15982	3.47086	13.6176	9.11355	8.38477	16.9252	12.7444	7.31544	5.99209	7.50482	0.386605	12.2587	18.7485	2.47395	15.0325	9.11187	8.9194	3.98515	19.509	17.3576	3.77066	8.54085	6.65042	18.6981	2.02286	9.6585	6.1332	8.3834	9.33743	17.3564	10.4612	12.6284	20.1641	10.5658	9.97916	12.7815	10.1104	11.4432	11.1468	0.345784	15.8221	16.3302	13.7991	2.40668	14.4806	11.5956	16.0787	8.10656	5.00131	8.14376	10.0649	5.85802	4.49927	5.26325	8.61519	5.2548	8.38126	7.96866	9.90573	21.0397	21.4361	3.1753	10.8285	8.94702	4.52892	11.2587	7.77074	17.1802	17.3939	18.4337	20.9684	16.8938	11.2196	20.0988	16.0503	3.66273	9.69455	4.93857	6.93546	5.86052	18.0908	20.2285	18.0972	5.56867	13.2276	24.9075	11.4494	23.3815	18.2186	2.56849	16.425	15.4487	22.3714	14.8656	22.1074	13.1488	3.41897	13.8353	8.89481	13.3625	9.5254	15.1943	16.0088	9.9055	12.8654	4.69259	24.3545	35.4724	11.1167	21.7185	19.4623	10.5401	22.9695	24.4124	13.4701	4.26219	13.2176	38.2468	37.0315	27.5759	20.4188	16.7067	28.6159	19.1485	14.2476	6.53251	11.9423	23.418	16.7101	3.17528	3.11389	1.42541	4.60351	14.5342	20.6089	16.1399	9.86514	9.8898	8.57674	8.08836	6.05085	2.93668	2.56849	4.66091	3.42766	6.3914	8.15844	7.99982	5.62691	6.7209	8.10101	6.14749	9.06721	10.6021	8.68739	8.4521	6.48281	10.1007	17.8176	11.7722	8.41763	8.32761	8.95192	11.5813	13.4125	6.08982	14.2358	13.0635	6.86955	15.0551	2.61453	20.757	4.49927	15.6618	12.1493	5.55005	18.5313	12.0446	8.75578	15.8141	11.231	13.7843	8.74244	6.89099	18.0764	7.50894	22.3801	24.2269	23.5046	1.95526	12.6587	6.22117	31.5378	10.8047	22.7843	5.34693	12.6742	18.6743	6.40765	20.5936	10.8493	14.4855	9.21452	22.8707
3.28563	2.55089	4.8106	5.54949	1.15957	2.13742	4.10216	2.08088	2.47366	1.77926	1.05144	4.36494	4.60309	4.75824	3.70677	1.83715	3.35274	4.79511	3.70656	8.0187	9.26001	5.6103	14.3679	7.08303	3.33497	2.833	1.46655	3.67028	3.85971	3.35289	4.09148	5.24324	5.17224	3.12781	1.76248	3.81333	22.8727	26.3042	12.1333	8.90411	13.3601	5.85752	18.5275	29.0965	11.9211	7.16767	11.6543	10.1037	6.64978	5.00369	9.80524	16.1868	9.12343	3.49627	14.0042	4.67009	12.6902	19.3493	8.49415	8.10027	6.22058	8.38394	3.64192	10.2849	20.114	5.73511	12.8153	8.24786	8.78107	6.81753	14.709	18.9113	8.62139	10.0767	5.35454	19.2963	3.17499	11.8188	3.17028	1.47677	2.42502	14.1452	10.163	12.8468	22.9189	9.87538	10.2612	11.2232	10.4081	13.9579	10.7519	2.51547	15.1743	17.5567	14.76	2.95654	14.6447	12.778	16.4315	1.97037	3.49608	10.2974	9.88847	5.51785	5.24324	5.00369	9.48317	4.26877	5.82949	6.26783	7.8145	26.0595	21.3481	4.3172	16.1754	12.7069	3.5553	11.1813	7.91843	17.2085	12.85	7.67147	15.705	19.8012	5.19793	13.5794	18.3272	9.36686	6.901	11.837	10.3354	9.39192	18.2932	20.5155	18.8968	2.35015	12.3502	21.5214	11.771	20.3612	14.2546	9.20534	14.2874	19.9695	21.7362	18.3272	28.2523	12.0715	17.0322	8.98935	13.8619	16.9864	9.01031	0.881426	2.64268	20.9431	20.5869	11.182	27.3881	37.4801	9.47546	27.3272	13.9083	12.4788	18.7653	17.9214	16.6962	15.3214	7.23234	28.192	25.5293	13.7265	31.1302	7.06048	27.9516	14.7667	12.0632	6.97056	14.9911	18.2582	14.9576	11.4037	3.32161	5.62643	7.41018	8.25826	11.0563	14.879	6.85213	7.21841	8.0442	8.07297	4.01434	1.86134	2.44335	4.69217	3.87892	7.29867	1.48677	5.47731	2.83319	1.86924	6.08895	1.63958	5.82943	8.16264	9.26029	9.25562	8.18587	7.08525	18.1617	10.7572	6.54283	6.2204	3.42731	7.18565	11.0959	1.93208	15.2893	11.5406	3.55929	12.9679	5.12641	17.6352	3.15157	13.3652	11.9613	5.02739	15.3248	13.6718	8.67475	8.56708	6.50681	13.333	2.16518	5.12613	18.6297	7.7752	27.5031	21.2383	10.8943	12.4226	7.50408	4.55787	31.1681	9.62769	20.7273	5.89257	12.6991	16.3794	5.07406	22.5418	13.8329	12.3341	2.13742	23.3142
4.36469	4.04365	5.00322	2.68154	2.25269	3.17482	4.68548	2.94121	4.20184	2.25262	2.02242	5.85921	6.39021	5.84688	5.89695	2.81175	2.56801	4.21238	4.02506	9.6924	9.6627	7.18502	13.4149	7.00344	4.53773	4.26839	1.22214	4.31326	6.8061	11.6715	20.6461	25.9099	20.8437	10.4377	6.81285	5.70652	18.6283	28.4304	2.95129	10.7738	4.93162	9.60339	16.3586	28.9521	14.9069	2.10199	11.2778	1.39341	7.96925	12.8012	6.71931	17.7974	4.60264	8.00565	11.095	6.02524	15.2596	15.4784	10.2077	13.0955	11.0953	12.2567	6.14622	7.33003	20.5803	11.7532	11.9546	13.2571	12.4782	12.1648	5.94661	15.7106	10.1706	15.0371	8.21526	21.2675	3.11319	11.7062	6.93409	4.58332	7.41525	10.0473	7.38377	11.4658	21.0253	8.68063	7.50734	11.4389	12.5852	17.3743	10.6565	2.78517	17.3835	17.3994	14.5714	5.01217	15.7766	11.3228	18.266	4.17366	5.34592	9.43516	9.8296	9.00028	9.51293	9.36654	10.1315	3.02111	3.07468	2.34991	16.4057	27.8061	13.4397	13.0687	20.6668	18.7929	6.01566	15.9718	12.422	15.6947	11.7678	8.75394	15.3051	18.3691	9.83987	13.5417	15.173	15.0371	7.23197	14.0031	5.91931	10.0689	17.244	20.6774	18.868	9.21251	18.8936	15.1822	5.01219	12.3876	9.37868	17.1982	12.3296	20.1606	21.0265	19.227	29.0367	15.9195	20.2923	3.66204	8.82787	17.4832	13.2083	0.773029	9.14175	24.675	20.161	19.7059	29.5439	30.0252	13.1386	24.7141	10.7034	13.7737	16.8908	11.4473	9.10993	18.2482	10.334	23.6996	25.099	21.1361	32.0413	13.6393	30.2109	13.0443	12.675	8.07248	9.69683	14.979	14.781	14.6799	6.58704	5.35152	5.68317	4.97344	4.16993	12.924	13.9574	13.3606	15.0001	11.5311	3.55909	4.10192	4.3985	6.73036	5.77581	5.58092	4.1018	4.71081	5.58101	5.32366	3.98432	5.63368	6.15355	1.8041	6.22001	9.37232	9.08455	7.25386	15.0903	8.97409	6.20805	8.99992	5.47698	10.0259	11.1447	1.59325	17.3264	14.0934	6.16555	10.462	9.32178	12.5919	4.45216	12.3763	13.0685	5.85681	16.9849	10.477	6.93409	10.5258	3.81301	16.5661	6.40645	5.18609	17.5358	5.51708	25.9067	22.3108	12.4387	12.5865	6.06679	2.64237	23.6772	15.2891	9.64931	11.9689	12.2842	17.5703	6.05697	24.1373	12.8272	13.8725	7.2239	26.033
2.47317	1.5932	2.68128	0.172845	3.32093	3.97283	6.38967	4.83142	6.51474	3.79703	3.10816	5.9385	7.16592	3.32111	6.51492	8.14374	7.54965	6.3482	7.05917	10.1726	12.6383	9.77004	16.6857	6.70118	4.10137	4.1014	3.07457	5.91874	11.3406	19.1962	24.6635	22.2144	22.8387	15.7091	15.1805	19.1112	23.8486	25.8144	7.29362	14.7795	17.8488	25.53	23.987	20.6097	13.2133	7.1822	9.52222	7.62614	4.65654	14.4158	2.47317	16.3658	7.01732	5.60951	5.97813	5.97063	12.3568	12.3835	14.302	16.2739	16.0222	18.3008	9.10753	8.19846	17.6767	15.0066	3.40513	11.5754	8.92181	11.322	5.93884	13.4704	10.012	15.1879	9.80394	16.5186	7.28568	7.08171	8.51806	4.26119	7.77376	7.66274	11.5391	7.96656	18.8935	11.6325	7.4386	14.0368	20.2788	20.1607	11.3817	6.47879	19.202	13.7983	9.22718	5.51682	10.4102	8.47035	16.7493	4.15522	5.00275	8.07712	7.68357	5.56201	6.2076	2.95603	7.28568	16.6545	15.6135	10.9409	20.829	24.6946	7.67032	19.0331	17.0108	20.0074	9.83871	13.2123	7.15163	12.9926	13.0677	11.2807	15.6575	17.0889	3.59208	19.0459	19.8785	16.172	9.37132	24.296	16.8901	18.3014	21.7179	16.964	9.45887	19.6498	15.2336	6.38724	8.19846	9.62654	14.2828	22.3506	3.82034	20.6603	14.1543	20.6271	23.7213	19.1054	13.892	11.6368	14.2393	17.3524	15.6774	5.01173	13.9098	20.7256	19.4041	4.52745	22.7536	17.0889	23.0942	22.6138	12.2331	19.8254	16.7879	24.0906	25.5815	26.6163	22.0904	27.7718	27.7137	21.2934	29.1849	15.2474	23.9325	19.964	10.1725	5.87867	4.36757	13.4747	20.9394	16.2477	9.35184	17.3236	20.341	20.3651	22.4916	17.7969	10.204	2.5679	12.5807	17.2985	10.2446	9.62654	9.321	9.57239	8.45005	6.91898	4.56668	2.73094	5.72654	8.87964	9.39033	8.19002	7.4562	10.9332	11.2369	9.78025	10.5045	8.6782	15.4479	8.21965	9.55603	18.188	12.2331	13.8463	13.0523	1.25815	18.3126	14.9666	0.518522	6.066	5.70842	13.2787	7.3437	11.5165	13.1534	8.22715	13.3628	8.8515	6.28288	15.685	6.74504	20.3574	8.98167	4.74463	16.3176	7.86556	23.8065	27.3318	9.21192	17.4559	11.5754	9.05069	21.4964	22.5451	8.74476	16.3013	17.7695	22.9593	25.9531	22.6909	4.55348	2.94076	14.8024	21.5288
3.55829	1.42486	1.39306	1.03685	3.31609	5.21042	5.50525	3.01556	6.31486	4.48434	2.84804	6.1712	8.60352	5.1851	7.41425	10.2826	9.72656	6.20718	8.92895	15.3572	19.6029	15.4155	22.0351	8.79002	4.70968	2.9355	4.58245	8.24554	17.1301	25.1049	25.2055	15.2575	22.4267	16.0643	14.5101	25.354	31.0342	28.1728	15.0015	30.1897	22.1837	16.3911	11.3263	10.3268	12.2175	11.5925	2.39952	10.1137	2.1851	11.7617	2.25225	12.3226	12.428	3.29819	7.78279	5.26152	7.29288	9.639	8.67767	8.82643	11.8277	20.3817	11.4636	9.17286	13.3615	16.546	8.61881	13.2774	10.1421	9.75703	5.64277	10.0354	10.2429	6.84774	6.09241	5.01095	7.87947	2.98081	5.89067	2.85851	3.01559	8.89516	12.5488	13.6131	18.8894	14.8438	6.80505	6.48036	20.1789	22.532	16.5077	4.52722	16.213	10.7266	8.62576	8.09056	5.97039	9.28597	9.49858	8.53243	1.46622	6.40502	6.14501	6.13051	6.64121	6.55911	10.2723	13.6935	12.883	17.2744	17.0091	18.1832	13.1025	19.4626	9.87438	13.968	19.4647	5.52407	17.552	15.9222	7.17954	10.7806	18.9685	16.9807	6.02402	22.2592	17.9606	5.82805	23.8974	24.2588	11.6173	13.2492	14.2373	3.49504	16.3099	18.4165	10.3974	6.54117	9.75757	16.4466	11.401	24.7209	3.43949	20.6293	9.13552	23.933	12.2588	20.5564	4.31261	9.15296	11.0829	11.3845	14.5026	5.92585	17.1301	21.1352	18.8019	17.8772	30.8667	14.188	30.6922	18.9935	11.105	17.5267	19.3631	24.7813	19.4449	23.2519	19.7313	32.8466	34.5482	14.686	29.9026	32.7231	12.4172	33.5908	25.481	16.1903	5.9778	12.0325	25.6228	25.6511	18.0346	25.2858	27.3554	23.8232	23.3192	23.9803	16.3225	10.0926	0.172827	13.4127	11.6658	6.06577	5.12499	6.54114	5.02585	3.35198	3.4004	6.43035	10.0403	12.476	9.49914	5.40815	3.62862	7.7506	7.91646	10.493	14.0597	12.9161	18.9958	8.77881	16.6782	12.6939	11.4944	12.8605	12.401	4.64344	16.8521	14.242	2.16443	6.45054	7.90121	14.6751	7.71479	9.64161	14.2698	14.6087	2.16443	13.5359	10.1192	16.7167	12.1238	13.3617	14.2801	14.4044	19.751	7.1509	20.8478	30.5003	5.4107	18.5121	23.369	12.1518	10.8897	25.7875	20.6898	13.734	19.3631	25.9056	29.9489	24.5135	16.1102	9.35038	16.2527	9.184
4.03864	2.51452	1.42476	1.31588	1.83633	5.3083	6.88134	3.45213	2.8477	5.38568	3.29799	5.4074	8.7595	5.28598	3.93456	2.78437	4.83952	5.48352	8.37916	15.4145	19.5514	16.4869	26.8585	9.79582	5.8475	3.59135	5.38568	7.18097	17.5483	23.0968	27.8765	22.2436	28.9328	18.8287	12.9734	20.0348	16.8343	5.70736	21.4096	35.9166	16.2539	8.08985	5.39397	5.01953	8.7595	10.1028	5.34438	10.5392	6.20639	9.47966	6.4045	7.11746	12.9556	9.68518	7.06811	6.77853	5.98943	5.12421	8.11858	8.11334	9.42329	18.4246	13.4679	7.67611	15.0573	21.8312	13.4188	13.9283	11.5915	10.396	10.8535	8.74301	18.7589	14.226	12.3301	7.29431	6.74575	5.06919	6.19929	6.42972	6.48658	7.10121	8.39329	10.5287	11.8612	11.9167	1.62982	11.7574	18.2849	16.001	12.6226	5.70463	9.51	12.5996	7.62475	12.0413	9.27064	6.34704	8.46377	8.87774	4.32587	6.06498	8.00849	7.77607	7.05761	5.08974	12.4444	20.5449	14.5498	3.21119	8.2466	9.04385	18.101	15.5224	7.76141	13.3052	18.0132	7.75955	15.5221	19.0482	7.08039	11.8039	19.3784	18.721	8.8256	21.9384	16.6258	10.4616	25.4532	20.3512	9.45678	8.91498	6.64501	8.36729	16.7979	12.4159	12.632	11.0616	9.85023	9.54191	13.0189	23.7977	4.484	20.9629	13.1607	25.3398	20.5963	16.1512	12.3262	10.3272	7.21549	7.92821	10.8272	5.48324	12.7734	20.2992	15.9555	15.5119	29.5948	7.71967	34.1658	25.1331	20.5093	16.4004	12.2673	9.34659	25.0376	18.5574	10.1707	29.3387	34.3706	16.1818	10.7485	38.4079	27.9022	22.0381	28.1336	24.8016	17.2951	9.97459	15.5238	19.7584	3.64057	18.7842	6.31918	16.4411	14.3863	16.6317	15.8192	8.77131	10.6135	4.48723	13.0189	8.38112	7.22786	6.19929	5.07214	2.98047	7.50152	13.2533	12.7466	11.767	7.62475	4.56578	4.40738	6.64055	2.59034	7.50519	11.0289	9.58846	21.4534	9.43272	15.883	4.74387	13.5755	12.2808	15.6723	9.90103	12.781	13.7927	3.35148	5.53688	6.47732	15.1912	3.87759	11.4631	11.7613	15.419	8.32353	11.0918	14.4027	13.7777	14.8065	16.6647	12.6231	4.0239	24.4021	10.4917	23.8712	27.4189	9.27064	18.3541	19.5358	22.2905	22.2103	10.7055	27.059	23.5083	13.0999	5.62424	2.10142	12.627	23.2737	11.6158	20.7118	7.965
4.93578	3.49021	1.70138	1.34937	0.488743	2.25182	5.21532	5.57878	3.17347	5.47493	5.61056	2.47248	8.0692	7.12298	3.11203	1.59263	6.04515	11.5359	11.1411	13.086	23.3287	14.2048	31.3866	8.5444	5.39321	2.25188	4.85427	5.56021	14.7199	21.8773	35.5507	17.1756	24.9933	22.4886	19.6817	9.93053	15.5249	7.71937	33.9034	30.2308	11.7358	6.53976	1.83615	1.71002	7.43403	8.98513	6.7167	9.6872	5.60776	7.92764	9.75568	6.71715	9.20567	13.1018	7.60671	1.3157	7.29323	13.7314	11.5724	8.8771	8.09645	14.9151	12.5066	8.67572	15.9194	23.3052	8.15337	13.9257	7.22686	9.8069	15.4096	5.54689	22.0738	8.35575	9.04811	9.25594	8.74214	4.42039	7.39094	4.93592	4.34257	6.03525	4.00147	1.6388	7.05481	9.92287	5.60776	13.6909	16.0414	11.6002	3.66051	12.9357	10.1744	6.17005	12.0871	16.1947	13.9377	5.78864	9.63998	9.38143	5.49647	5.88957	9.97333	7.2148	8.46303	9.23444	7.46774	13.4514	17.2494	14.4775	3.07368	11.6309	16.7207	10.5964	12.0401	24.5594	4.31186	8.57695	1.86834	23.5909	10.6243	11.8634	16.4241	12.333	12.4433	16.6301	14.8279	6.58444	22.2532	20.3987	16.1731	11.7488	5.8848	10.1744	12.8616	18.0153	13.5618	15.0332	10.3913	2.94011	16.5019	21.9808	1.96936	21.4202	17.4415	13.7371	27.2913	5.17248	22.4757	10.0382	8.99371	6.67963	7.49073	5.352	13.1337	23.2937	24.639	19.7158	20.1454	3.01491	35.5457	27.5051	14.7236	18.8459	20.0218	12.4428	23.6799	25.7312	18.8742	20.7443	22.7731	14.3927	13.9436	33.5554	29.1976	12.7576	17.2377	21.1903	12.0401	14.9662	14.0832	19.0248	8.3661	19.9106	17.949	9.80131	8.74226	12.4731	17.6316	16.5432	14.7945	12.8449	18.3705	9.79538	9.2246	4.47681	5.85707	9.85905	10.6767	10.424	3.18301	10.3949	8.91439	10.6958	12.0595	7.29571	4.87554	7.4849	8.25428	1.62976	18.7033	10.5263	18.2033	12.4872	16.6752	12.6085	13.0573	11.3375	6.04488	14.7347	6.99863	6.57372	4.79315	9.75524	9.60093	3.29758	4.00147	15.3918	6.71039	12.9267	14.4916	12.7196	11.0961	21.7216	18.1144	16.349	22.1827	9.87219	24.9657	24.9555	9.054	21.0095	10.9789	15.8871	22.9417	21.3286	16.5108	29.0247	20.2668	5.03386	7.69057	10.9981	18.475	15.2294	26.0404	15.4559
7.56004	5.1693	3.16863	2.58998	2.31686	2.32329	3.28375	6.46474	7.0231	7.07317	11.5348	12.2009	9.06792	5.60725	5.18349	14.2386	26.5837	28.1234	24.3871	26.3443	31.4984	24.2765	35.5069	9.4779	6.0541	2.07967	3.5905	4.14653	10.2402	18.805	37.7448	26.1067	5.17216	23.4497	26.2851	18.2948	11.5455	5.24031	36.7942	25.9348	3.90339	5.70382	10.1664	10.3253	11.5343	6.58609	8.97152	9.7234	5.86422	9.88774	9.85135	7.81976	5.69337	9.85823	8.44832	6.59289	6.63712	16.2879	8.97953	9.25043	12.057	9.09475	8.28731	17.1946	15.9993	18.5036	6.40324	10.552	3.39929	6.47604	13.7822	2.59565	19.5557	13.0593	0.863808	9.69385	9.59117	9.62284	10.6305	8.43998	6.78374	5.35168	3.1117	6.80309	10.6983	7.45888	5.4391	9.83491	15.5135	20.93	22.8811	17.698	16.3863	3.22433	11.442	16.106	12.8614	10.9285	10.6556	6.10507	4.86611	7.76527	9.7071	4.41642	1.86827	4.59085	8.78098	16.4319	17.5763	14.3651	7.12236	16.2264	6.88226	2.39897	23.1936	16.2352	22.328	16.7346	13.6499	24.4509	9.26893	10.9467	17.446	8.89907	17.3647	12.2617	7.41175	3.81902	23.392	20.1419	12.2646	10.2683	22.2391	20.5759	15.3251	25.8762	20.9204	19.9783	12.7733	12.1175	19.645	16.2064	8.77616	20.7137	16.0534	2.44197	24.2525	8.41213	21.7331	11.1093	8.40708	16.1224	16.7385	11.3369	17.2362	25.6477	22.1661	11.7061	24.0689	8.70527	37.0622	26.9375	7.60624	11.4561	26.0382	29.1278	17.4685	20.8451	8.47216	12.7711	18.029	11.1755	17.8211	22.3901	27.7198	32.6725	21.7874	10.9662	17.4494	24.1432	23.2717	31.0854	38.404	36.9926	20.6781	4.8992	16.5226	14.0315	13.2542	14.9361	6.17922	16.1984	20.5318	12.2513	13.0466	6.48538	8.78141	17.3736	15.2235	8.88934	7.29497	3.93746	7.11648	14.0316	14.2659	12.3198	8.21694	6.02741	8.66992	3.43851	14.2296	12.8664	17.9423	8.58957	12.4157	10.2024	11.0898	11.217	2.95489	14.7326	11.7346	8.35528	9.80598	4.97422	12.0566	8.52851	7.39618	15.4583	9.70758	13.1106	16.357	16.5292	10.6236	20.793	6.762	14.5134	21.1904	16.2456	28.9606	30.3934	6.58609	24.8322	9.96288	22.2232	20.9988	32.0829	4.41664	28.6998	28.0913	15.9481	4.99787	14.2231	17.2273	16.9892	23.6697	3.31982
7.48351	3.87635	2.72964	2.89362	2.08663	2.5492	4.34176	6.67839	8.1946	8.15383	8.56199	11.8239	12.387	11.3571	12.8141	24.2239	30.0844	25.0817	26.4625	31.422	33.5037	35.9635	39.9743	11.859	7.24988	3.72424	1.86001	3.78728	7.06602	13.7291	33.2824	34.6823	24.7316	14.7584	21.866	23.0353	21.1759	16.2478	39.658	28.7173	6.69842	7.62679	6.72678	11.221	13.7448	7.60569	7.90409	9.88633	8.4063	9.22333	9.97186	7.9519	7.31032	5.5354	3.33276	8.69076	1.73572	16.0746	18.1706	13.5012	8.95149	3.11136	12.668	15.7839	19.8059	15.0521	5.48166	6.61681	5.85348	10.9769	8.60034	6.08504	16.097	13.075	4.05949	7.6072	6.15009	9.57554	9.8869	8.3772	4.99741	3.35073	6.21647	1.95376	13.2733	7.60342	6.04629	7.04761	12.7553	17.5678	14.2261	13.3858	17.2537	6.70911	14.8768	13.8129	6.42313	13.9333	14.0816	3.93706	2.40484	10.3281	11.2662	7.79461	6.55667	4.07035	16.8745	26.2001	16.5401	6.005	11.6064	14.5039	0.518274	6.10425	22.6712	4.93807	26.6492	12.861	14.2261	16.1652	6.26344	7.34606	19.4914	6.78316	14.9234	9.77542	12.6453	16.062	27.6385	20.8249	3.05369	9.50763	23.633	17.5924	14.8115	27.7229	17.0626	20.973	25.9386	13.0922	15.3046	3.01922	15.4316	19.8258	14.4749	5.86373	18.2534	18.8497	11.46	22.8158	21.1867	14.7321	12.9869	13.2353	21.1134	28.5827	24.4777	16.4406	24.9245	20.9605	35.9383	29.3623	9.73874	6.34762	5.12274	22.5638	29.9722	26.0227	18.908	23.0413	26.289	5.48203	8.94528	22.4893	24.0675	28.4026	27.986	18.1103	14.6736	26.0697	28.2715	29.8435	33.4924	33.1365	24.2877	14.5717	17.9772	12.5848	5.39519	8.0098	5.14009	26.9471	21.2647	21.2339	19.2205	9.54401	7.43509	16.9935	13.2776	6.64312	0.77255	2.39862	6.54542	9.82396	7.90432	13.3064	11.9483	6.09969	8.73053	2.81008	9.94296	12.3777	8.13981	14.7663	16.5396	9.97186	10.0574	9.8863	3.39023	11.231	12.4776	10.324	6.92173	6.25674	16.5758	15.4704	13.9635	17.4479	12.7444	14.5883	19.762	20.3485	14.8309	16.097	11.6649	8.74408	16.9878	10.986	24.6511	36.0709	8.2866	21.8701	13.1259	19.3903	11.307	31.4751	17.124	13.4643	25.0905	32.5883	16.0972	9.35312	12.9554	11.1399	17.0812	5.50344
7.53328	1.7779	0.863688	2.24448	1.09243	1.20904	2.68522	5.27269	7.05487	7.46524	5.64018	2.07204	1.90734	6.0531	12.5771	23.7252	20.5004	4.53467	3.93688	22.2972	18.4814	38.1283	42.066	11.2902	5.69985	3.98168	2.45375	3.51884	4.77912	5.11358	18.6033	28.8646	36.1111	23.6304	8.28016	16.4196	16.229	18.5246	41.0397	24.3291	4.7546	2.0792	2.93418	12.2484	8.06686	8.89259	7.98586	7.90302	10.7967	4.58999	9.79837	11.4316	8.80937	6.82554	3.93307	5.85525	8.28576	10.5893	19.5936	17.9674	4.06994	10.903	12.9583	9.68445	17.7331	7.89064	15.6661	3.18194	4.15294	11.0067	6.616	6.30015	14.0175	11.7322	3.69167	5.04392	5.72339	7.12116	6.16858	4.9969	9.09113	3.11108	2.63506	7.2916	11.9524	9.22192	8.23662	12.2892	8.74017	1.93056	10.323	17.6583	11.1602	8.88615	8.5727	9.75708	9.95947	13.5358	16.1702	7.21273	1.05066	9.42117	13.3066	12.1737	4.25873	10.7242	19.3184	29.4848	3.45061	5.47313	9.16855	16.9426	8.72847	13.845	22.0904	7.48306	24.1329	9.42117	12.8984	8.76792	6.16828	5.56388	16.8469	6.7845	6.54916	16.5861	7.4829	15.2575	26.9122	9.24867	6.90406	9.65624	21.7661	5.93542	10.8618	24.3136	9.0658	25.0322	28.0588	12.8155	13.908	9.68603	18.2291	20.4181	20.7105	14.9546	20.7098	20.2918	8.11028	8.25201	25.0377	26.6405	16.4116	4.47216	17.9893	27.4922	20.731	14.5444	23.3079	21.7572	25.8365	25.055	32.3548	31.2911	27.7402	18.7423	2.34832	10.4003	10.9851	27.4325	31.5547	25.5686	23.6497	19.1866	15.694	10.6895	12.7072	26.5988	20.8715	15.7827	7.90352	11.7903	17.8634	12.1154	18.598	28.3172	27.7378	27.3299	36.0054	36.4811	29.0462	28.1043	6.44748	12.2118	14.7297	5.74625	7.60265	16.166	10.1201	11.0272	3.91045	5.34236	9.87241	5.87543	5.68449	9.96249	11.4945	10.4701	8.54214	6.71497	6.87871	5.85525	2.27089	20.3469	15.985	8.41064	8.40543	2.59514	11.857	12.0174	7.45753	13.4309	3.41624	5.00888	16.3331	13.7876	9.08033	11.922	13.0713	17.0393	10.3038	18.4081	16.2651	9.43968	10.562	18.5838	10.523	4.70447	14.0531	36.8861	24.7413	22.0927	3.62681	24.0867	13.7489	21.9173	24.0577	25.8135	19.4618	21.1627	23.7419	4.66657	6.59154	8.06713	13.5694	4.9045
5.23859	0.172728	0.622773	2.08613	1.10589	0.8636	1.96859	5.11601	5.54479	5.63968	6.87807	5.51301	5.34184	6.0109	12.984	21.1611	9.57328	11.856	14.5581	20.278	17.1305	37.9144	41.0402	9.85543	4.25813	3.2828	3.29642	3.48893	4.25816	4.93685	13.0417	23.3056	31.988	29.0688	10.6473	8.27972	9.89646	26.1802	40.3886	22.9994	3.27368	4.17382	2.21085	9.88448	4.6566	6.54858	6.80093	2.93881	12.0334	4.25813	4.28261	8.29707	5.82476	4.36136	5.55292	2.58923	6.70564	11.2697	16.5655	15.063	3.65515	15.1924	14.5806	6.42668	17.8515	4.58931	16.8053	7.17772	8.09892	14.2963	14.0637	2.13552	13.5634	17.36	13.2325	3.17225	6.11057	8.20038	4.63124	7.0127	8.75871	6.5667	10.3211	9.40088	8.08079	9.34058	6.02567	5.35025	9.83212	11.5863	13.7316	19.2833	1.55418	17.879	16.1188	5.33909	10.6485	14.1531	11.712	7.45681	5.28347	4.76637	11.7314	18.4516	12.1971	19.1379	21.4582	26.5634	1.89932	6.67711	6.48328	18.6635	11.4573	12.0618	21.7018	20.5479	18.1242	21.6832	11.1189	9.74022	7.17571	11.7204	10.8889	13.466	9.45277	17.4198	17.5141	22.8596	18.7077	9.75622	15.6239	15.3022	23.8159	14.2301	18.2367	18.8146	1.83555	25.3441	25.4354	15.6622	11.9159	19.8126	16.6402	13.4987	19.9652	10.0983	25.1523	18.8126	17.595	12.4666	12.629	28.208	22.3843	6.77313	14.585	28.5226	12.0172	8.7821	29.3801	7.40388	17.8605	5.00837	5.36386	12.2479	21.3162	21.7741	9.68519	12.9668	9.34519	20.1103	25.6133	23.6725	18.4067	16.3664	17.8428	13.7385	15.3419	23.1034	16.5728	8.51271	22.7493	26.375	25.3483	28.2267	11.2405	17.5162	30.7939	35.1261	31.6829	32.5689	31.0566	20.3795	13.6909	14.5546	10.0344	8.4097	11.061	8.38203	11.1493	14.6394	4.93406	4.83719	10.7483	4.35099	10.2374	8.28494	11.9914	10.7869	10.487	5.66328	5.50215	5.3501	5.69936	19.8195	15.9002	7.07085	5.06973	5.7046	14.7481	15.764	16.9186	13.4663	3.94024	4.55069	15.1924	14.7554	6.21527	8.96749	10.2654	14.4498	9.66027	15.4121	19.3335	18.0934	14.9976	18.3354	9.02669	0.863557	8.03761	30.719	29.8807	18.2879	17.6394	5.34743	24.1152	5.35852	14.925	23.2923	27.7457	18.7822	12.7579	17.934	6.71429	12.9057	14.8808	8.3616
4.22636	2.07889	1.09222	1.56358	1.86757	2.44113	3.51828	7.17689	6.1958	2.80934	3.49272	3.9397	5.03113	5.49352	12.9935	21.064	18.507	16.3124	19.5374	19.5909	20.545	33.602	34.8313	8.15495	5.43714	5.08688	6.11004	9.72609	13.0625	12.6251	15.2509	23.4679	20.95	21.676	28.23	17.8777	14.2951	16.1033	38.5129	31.4081	5.92155	4.57921	3.10578	5.02234	5.69908	3.18144	3.96979	6.84568	6.80026	7.15234	3.45008	3.29592	3.01853	5.62106	6.17689	5.40723	10.4065	8.33435	9.75058	11.1099	5.88201	15.1577	17.157	11.6826	15.1868	9.13866	13.4606	11.6281	14.1525	16.6928	21.2775	15.7154	6.31564	6.47362	17.2971	11.7301	7.91111	9.2596	7.94962	9.30123	9.23459	8.84538	12.6294	13.7257	11.7991	4.68153	5.60523	9.50501	16.747	14.0946	9.42734	13.214	8.97454	20.7873	12.7613	18.2065	16.0004	12.4719	6.29898	4.53383	8.37462	6.67677	3.63845	21.1976	24.6732	6.08078	13.5194	9.63522	20.7482	18.186	11.9966	16.3254	14.306	6.3296	16.3511	26.2074	6.2027	27.4607	2.78799	11.3601	12.5352	18.0511	16.3457	12.5848	8.84376	14.5842	15.4271	22.3024	20.8459	15.5082	21.3994	23.3378	23.9325	10.0905	4.31311	5.28317	20.1147	29.0507	21.7633	10.8	14.0265	23.097	18.5845	18.2642	20.6703	9.25969	25.2287	18.189	14.8249	23.2353	9.30137	26.5013	24.42	7.62429	11.4787	29.3801	27.1336	24.7316	37.895	6.48938	20.1533	21.4574	30.9219	32.3983	28.6034	20.2535	14.1354	14.9531	7.37737	9.26694	13.4564	10.3253	19.1168	11.0488	13.3821	12.8524	7.98213	13.7704	25.3335	17.4405	25.0049	24.3265	25.0346	31.282	36.6589	33.3063	15.0261	16.0212	26.2241	25.2193	21.3561	23.993	10.086	17.1194	21.8808	19.9407	15.7299	13.9381	17.3972	19.1382	16.4167	10.4205	10.7859	14.0744	16.4973	9.05813	4.68765	9.48844	13.1537	11.0259	10.3215	3.05281	8.38119	16.2818	15.79	8.21389	14.1884	12.1549	14.8121	15.5554	11.7836	12.6296	10.1075	1.31514	12.3227	13.4142	3.5891	10.6307	18.8659	22.1658	23.5401	24.2342	16.3771	4.32008	19.7979	21.8761	14.5149	13.4787	17.0579	15.4043	25.5543	11.3699	11.7689	20.7554	16.9272	12.8653	16.3502	17.7367	20.9922	26.7261	18.7116	15.6638	17.0646	7.71157	7.91103	3.29601
5.77033	4.63991	2.78247	1.86738	2.47115	2.72857	3.14827	5.8234	3.44967	0.546089	2.25048	3.31361	5.68275	4.65561	6.64063	12.2626	12.2777	12.0514	18.3267	16.6182	10.7929	22.5662	27.2123	9.75439	6.64086	5.92627	5.98548	11.914	20.0684	23.6381	16.4486	13.8557	18.2386	14.2785	25.06	33.7928	37.3519	29.0398	31.5965	33.9052	6.68895	5.63856	5.28249	2.41632	4.08717	5.98548	7.7619	11.3988	9.35312	4.13751	3.53884	1.77741	4.14108	6.08777	8.07925	4.65255	9.94776	11.9515	9.09987	9.27854	3.99918	14.1505	17.8006	7.11899	8.58548	5.74465	7.70919	12.5183	13.7213	11.1501	18.9994	13.0098	15.4475	11.188	17.2857	17.2842	4.68725	5.13808	5.30491	10.122	9.72946	5.54402	10.7926	8.51107	8.75249	7.28729	1.63787	4.16596	13.1961	9.30796	6.91303	13.3344	4.933	20.8944	6.54294	16.7746	17.1832	9.06366	8.07925	5.9929	2.01309	5.51994	10.0037	14.264	29.6987	19.134	14.244	24.5592	23.3353	17.4908	12.5004	13.2311	13.6582	5.6829	11.2825	28.8176	9.35729	28.082	15.5487	10.7993	11.5294	16.6542	15.8605	8.79207	4.49411	13.0415	15.8262	13.8598	15.9986	13.7242	26.6823	23.6483	15.8515	10.1527	15.0925	20.5328	26.5134	26.5808	9.13342	9.36381	13.8194	15.1279	26.5958	24.66	20.1457	12.3472	23.8119	16.469	15.5545	24.0734	25.4213	24.412	30.2644	7.61992	9.54034	23.598	29.4206	26.3249	42.7961	17.0319	24.5775	17.2353	6.23062	6.20484	13.4722	9.26642	9.55794	12.9677	6.61409	6.84261	14.6422	25.0478	26.1804	25.4471	23.4276	15.6108	1.09208	13.3286	26.9552	25.0235	14.8558	23.4711	18.8521	25.6657	31.0102	37.9146	23.8268	33.1136	35.6465	39.005	36.2858	29.2901	26.1626	15.5063	14.2118	15.2183	16.4937	12.545	13.2342	13.2343	14.5356	12.0418	5.01607	5.00729	14.3957	11.9565	6.03183	8.40815	11.0594	13.2314	14.5555	8.80644	6.9127	12.7071	14.3249	10.3578	15.4326	15.7585	10.6934	18.618	7.91035	13.4031	16.3792	11.3723	11.9149	9.8011	9.53991	12.6091	22.7045	21.4375	13.7915	19.3295	23.347	1.22097	23.113	7.17614	3.80935	13.5579	16.0091	11.2564	20.7629	25.5032	16.1791	24.4652	31.405	25.4965	15.3461	9.96787	9.13327	19.5347	28.6782	31.3602	21.7076	9.60462	2.96845	13.213
2.13498	4.30886	4.05767	3.65825	2.6844	1.24506	1.15818	3.43644	4.3226	3.4921	2.85592	1.24498	6.02134	5.97234	4.57836	6.64225	8.92153	12.4486	14.6244	15.8766	14.5054	22.8387	28.2703	10.3964	4.97142	4.82669	2.25031	10.41	18.829	14.2084	16.2229	7.6708	14.3378	12.7882	4.3226	22.504	28.594	31.637	29.4894	23.7261	6.84399	7.77018	7.3502	4.78659	4.87825	3.4921	6.68829	6.00924	6.58926	5.16936	4.30886	3.34913	4.02458	0.690687	7.19167	4.73071	8.21191	11.5742	10.0141	7.94778	2.89225	11.5388	12.946	11.169	8.80925	8.25973	3.73025	3.45374	1.25691	8.44168	17.0255	2.47094	6.73883	16.7858	12.2439	18.4992	5.1692	6.79903	3.20858	4.998	8.83023	3.41496	7.06259	6.84832	1.55374	7.97523	6.84222	7.22231	12.56	10.5467	12.0518	16.3446	2.40369	18.4992	14.4397	7.01279	7.24863	6.64028	8.84986	6.20193	9.96706	2.62841	11.5647	19.3767	29.9435	11.4541	12.3365	14.2682	5.92576	11.2547	1.47509	6.95839	7.61894	8.90713	10.682	27.9829	12.4751	24.5234	19.059	16.4455	8.06393	12.9666	12.5691	8.04094	5.18049	14.8543	8.24046	17.2706	16.7722	16.4673	25.4438	13.3507	7.38583	20.7634	14.0763	10.5816	15.5282	15.9439	12.9666	11.6122	11.0027	11.6072	27.8571	19.3487	4.85113	7.80059	25.7963	14.3952	16.3742	17.5609	29.1418	14.3006	27.9156	13.2719	9.7987	4.19394	6.58926	25.0098	42.5254	16.1898	23.8471	8.84339	7.67603	7.21005	10.9509	12.7416	13.7393	13.9428	9.70618	14.6287	24.9401	26.3254	21.142	7.01078	6.21602	12.4724	25.7207	24.1582	14.2565	24.7328	12.3749	35.8651	11.2075	14.4309	6.69522	41.0529	4.93544	28.2232	22.1613	12.1295	13.8948	12.7286	36.2004	19.9369	29.1854	18.7774	1.5916	11.5193	8.88229	11.7519	13.498	10.7717	12.7618	13.3555	14.5348	13.8975	9.23289	9.07511	9.41153	5.51158	16.728	14.2844	8.57123	13.906	12.0323	9.26366	5.11167	10.1966	7.39197	18.0999	14.6103	17.3942	19.7967	17.1378	19.3787	15.9202	9.31525	21.2929	20.7509	11.2815	11.8854	19.0582	18.4937	14.8954	15.6579	11.7681	13.3461	19.7858	12.9536	3.63782	8.21237	21.0975	19.3161	19.4342	13.5408	16.8396	12.7286	4.77734	8.9906	0.772224	8.00291	11.0841	11.358	17.7747	16.3259	11.8239
1.22068	2.95291	4.16533	4.03904	3.43622	2.25016	1.92975	1.90643	2.78718	5.06476	3.55068	2.24352	7.38518	8.19703	6.88182	9.48535	14.0585	21.0428	18.4171	15.6568	18.389	24.2689	32.5345	10.239	4.1936	5.43544	2.19663	7.41462	20.6784	24.8858	18.8304	22.7748	17.1483	14.07	14.5795	25.4962	6.02336	11.3893	15.8749	11.1147	7.39698	7.62193	6.53475	4.47997	5.96436	2.61103	6.16533	6.05964	2.76583	3.80864	2.80853	1.22077	2.09961	6.61532	8.98513	7.22158	9.58618	13.2984	9.74795	2.34707	4.99749	6.60386	9.04082	9.46564	8.24495	10.5181	9.58454	2.62801	2.48853	8.80466	12.2198	5.55093	2.32174	16.3877	8.38568	16.9467	3.85492	5.72036	7.66383	1.55358	8.24813	6.16569	5.85277	5.34524	2.76585	5.72036	5.46777	12.4472	5.51887	5.77174	6.89242	18.0282	5.33705	14.9833	13.2659	12.0288	1.96792	6.64158	5.36166	3.71397	6.95768	5.35616	9.57012	15.197	13.8917	8.6509	10.1718	13.7371	6.46263	10.5179	2.76585	3.25419	9.11275	14.4021	16.4908	27.5642	4.76476	20.5189	13.5794	20.9279	11.5608	9.67991	9.58482	9.64636	14.9916	12.2875	11.3294	25.8862	19.9744	22.1919	23.8074	10.0359	11.9831	18.8272	13.2421	11.4456	12.0381	10.5585	16.9656	8.12614	10.9084	17.5284	22.7533	19.0914	8.88631	4.34957	24.9282	13.6527	16.4083	13.2161	28.4593	12.8451	17.6175	15.6175	7.87173	9.95037	4.06826	26.1166	40.3699	5.72036	21.8845	19.2433	23.0962	22.5392	23.6537	17.6564	13.8867	12.0118	2.78189	25.6427	28.2995	14.4282	11.2152	28.6031	29.8135	20.3491	11.2145	13.0907	31.7163	13.7242	31.7063	38.7113	19.1734	17.7043	16.5665	42.2834	4.31859	32.4775	20.8615	12.2705	20.9101	25.9349	43.5693	13.9046	29.7269	17.8019	23.28	10.3874	7.69225	11.3103	16.7733	15.9625	18.6954	13.5584	14.0745	13.1245	9.49023	8.40681	7.94698	3.55487	12.8128	15.8231	10.5396	11.1589	9.53367	9.24901	4.87191	7.38335	8.176	13.6271	17.8449	10.623	18.8926	13.9603	24.8344	15.3356	14.6989	18.8459	15.4691	10.2517	8.67592	24.4372	13.5794	10.8983	23.4089	20.0293	13.7048	10.6912	15.3703	9.23196	5.24501	12.2522	12.2432	15.1781	11.8029	10.5686	12.9905	13.1279	9.38044	7.55501	5.09982	7.14426	10.1499	17.7158	15.3506	3.81647
3.22186	3.20813	4.89571	4.77663	4.30808	4.17204	4.41327	4.06785	2.5649	3.34829	4.16836	3.28122	8.97276	10.3159	10.9362	14.7351	16.3002	14.5287	3.87377	12.7792	18.795	26.3006	34.0937	9.23092	6.84079	6.53211	6.39627	10.5512	19.6645	25.65	7.82657	12.3108	14.5321	2.10642	16.015	24.3552	6.34071	5.02046	5.637	7.08219	7.60048	4.52228	4.55157	5.77109	10.1317	8.64871	6.68508	5.1194	2.19641	4.82585	5.85976	4.87455	6.48696	7.70869	6.13875	2.7602	10.517	12.3068	4.02007	6.79792	10.1587	7.06163	3.1093	7.82497	9.62894	13.5907	14.3162	4.9584	3.34829	6.61227	10.7963	5.02048	8.25812	12.6232	10.1484	14.1436	3.38797	6.2122	8.64328	1.4234	5.84957	8.406	9.37965	9.56918	4.85329	9.34081	13.1906	7.78193	5.43495	1.54385	11.2492	13.9273	4.20736	14.1515	10.4369	14.5784	8.59488	10.4153	6.95112	5.85963	6.47137	11.6209	10.2326	9.59124	9.34699	9.04167	9.59124	14.7643	7.01776	9.57362	9.08021	6.25925	12.6598	11.2091	16.1413	17.8114	10.3724	18.4841	11.9857	19.1788	12.7562	5.25575	4.13988	3.8161	18.5043	12.5266	12.9647	25.8796	11.4448	26.3079	18.5554	12.8433	13.7523	19.4208	16.0154	17.0212	18.6911	20.0623	14.4835	9.94936	12.8434	16.9024	20.6055	14.2856	9.01125	2.84498	20.8746	15.2713	16.9341	10.1951	24.0057	13.9795	14.0031	16.8327	15.9746	16.4114	13.3943	26.0969	35.5218	7.67459	20.3611	17.7942	15.8555	12.0863	14.5211	9.17446	4.1507	1.62827	10.7819	19.7986	24.6103	29.9363	33.6946	22.9343	10.7381	11.2841	21.9066	28.6702	18.1329	18.0216	39.6604	25.4786	6.27573	22.5186	34.6046	31.4135	11.9213	30.3063	17.765	14.4947	20.2665	11.8157	44.6656	20.943	23.4822	18.7105	24.5205	32.2537	20.9438	17.3646	16.2961	20.7202	16.2193	13.1175	6.93428	15.9418	17.3167	11.9498	16.5812	21.5208	9.35046	17.6637	13.5049	8.40425	10.5391	10.0127	12.9892	17.8355	15.2422	10.2536	15.9166	10.3214	12.686	11.8837	18.0009	4.6384	11.5991	14.797	8.12537	8.33126	5.3557	24.8858	19.8244	22.722	15.8555	14.9863	18.793	16.8387	2.6949	12.2613	14.9248	12.2148	17.6047	7.78193	6.61441	8.90661	1.3482	10.8647	18.0997	15.2449	11.5994	10.0012	10.9167	14.4614	22.4579	12.5412
3.3168	3.65703	4.0675	5.09887	4.3589	4.0236	4.58695	4.87717	3.93802	1.00653	2.56456	3.71327	11.9104	11.1123	6.7625	11.7356	11.4178	14.8061	15.3467	20.3591	13.23	28.9108	29.4918	10.947	11.082	6.55169	7.94587	18.672	27.0642	15.0283	9.78568	17.6628	16.8371	13.8937	15.0998	24.1486	8.33042	5.64418	6.72126	6.16421	2.76531	0.976416	3.4007	7.67383	13.2427	8.98851	7.94599	4.41619	3.05617	2.43997	2.54725	4.30776	10.3935	11.2126	3.62449	1.42328	11.8143	8.84087	10.6217	10.4596	12.3537	11.5031	8.03849	2.78679	2.01231	11.0549	16.5275	8.90417	1.10527	5.23587	11.5356	15.0106	7.43122	3.62451	13.3647	10.2148	2.8447	8.555	6.47046	2.45196	3.93428	9.31711	8.96437	7.52491	10.1713	17.8009	11.0858	6.75175	8.30825	11.8024	12.2144	4.33837	6.64035	7.66809	9.21583	15.4803	10.7092	9.09992	8.75424	7.06719	4.8982	10.3093	11.8785	18.0771	18.1816	6.47286	19.941	14.3907	10.5437	11.1308	10.6466	12.768	8.36338	7.30435	13.9578	1.2447	14.5115	9.11685	14.5267	20.0752	15.5977	3.7294	5.33883	9.5412	23.6715	24.805	21.4276	15.3459	17.9492	24.6182	14.5083	12.8908	7.37418	15.0335	17.574	19.6507	23.4752	26.3577	11.598	19.7171	20.409	9.91389	22.8973	11.1301	4.76355	6.6336	13.7708	11.6201	8.56879	10.8566	29.2069	17.3738	14.5115	11.5642	11.3548	14.2806	7.56926	18.987	27.3502	15.4943	11.2535	14.7848	26.5845	22.1783	18.106	14.7475	7.39596	6.5872	9.34909	7.38989	18.3865	24.6638	18.1521	16.0928	18.3685	16.1004	30.6236	8.20956	19.1912	20.8467	31.9731	15.1714	2.67794	34.8117	43.2718	14.5779	26.5837	22.7431	12.7243	14.7842	24.2434	10.2207	34.6232	32.7256	12.0933	30.0032	28.2332	19.2815	21.0019	20.1062	16.7084	16.6407	13.1247	10.8645	16.9214	25.0258	29.1895	27.4538	28.8193	27.1758	25.9642	8.15149	23.3952	19.017	13.2151	12.1724	13.6343	16.6061	19.1744	5.87177	15.3171	13.5046	11.6687	11.0618	7.7587	5.2045	14.0555	12.3715	14.9415	16.1012	8.18875	21.7355	14.0195	24.7112	9.03961	6.60307	11.4575	14.4364	17.0834	7.20799	21.4062	11.9765	19.8889	5.85904	12.2805	17.1761	10.5342	19.7256	11.9394	7.0753	9.09812	13.0374	11.9663	15.6746	23.7906	19.7914
3.17017	4.70077	2.26921	3.63639	3.38742	3.17031	4.03418	3.4482	3.97864	1.591	1.69952	4.25531	11.4412	9.17288	10.2464	16.4174	17.6398	15.6461	20.7085	27.5234	20.7772	23.4364	21.4792	12.3266	14.4251	6.05817	8.24424	21.5642	22.9755	14.9228	15.7285	23.1269	8.56618	14.034	16.3968	27.111	12.6541	8.93739	7.71096	5.69559	4.41244	5.96057	6.61115	8.56278	13.1911	3.31661	6.38817	6.10653	2.08482	3.10401	4.44581	4.63772	8.20357	10.6202	5.69816	7.41093	8.15045	4.63772	6.36292	2.24951	10.4499	5.69841	11.6214	7.95799	5.82092	6.25813	14.8426	11.312	5.15858	3.10884	17.5527	16.1941	4.39223	9.31169	11.4427	6.9475	3.14677	6.0191	6.25832	7.45195	7.52184	7.30981	5.01966	3.96751	16.6079	19.7952	1.34794	13.4378	3.72885	17.6614	6.92421	10.1693	11.6361	5.59687	6.86489	16.5261	14.8894	1.86649	3.34778	1.92917	6.23229	11.0539	19.3691	20.5826	6.46999	21.0011	21.8642	7.09948	3.55403	3.48662	14.6598	13.4779	9.96343	14.6486	13.6812	14.1479	14.7083	6.19948	8.06088	18.2899	16.3965	0.862984	7.97949	6.52183	21.4137	24.6474	0.545829	9.95343	26.6777	21.607	12.2401	2.08482	9.26061	5.851	10.281	9.5899	19.6216	22.2911	20.9555	23.1634	19.6099	19.5081	24.1708	15.3629	6.5333	7.68263	7.30373	11.2569	10.3241	13.8855	26.4951	16.7092	14.0964	11.5971	8.75009	11.352	8.5663	17.4157	28.0047	9.71916	10.7165	25.5079	12.922	24.6212	15.254	14.7325	13.2617	1.55315	10.5332	13.3089	9.6851	3.79596	6.82001	15.8147	22.0189	25.2285	24.8433	25.8175	22.5184	9.3164	22.7786	19.4608	4.0561	40.5596	42.8831	10.4798	38.4298	21.6651	20.3338	14.7021	16.1637	8.24429	22.6514	26.0266	27.5943	11.2772	33.6794	24.8035	12.5559	15.939	14.7623	15.0418	12.3307	7.68263	24.1511	23.0853	21.0604	20.7109	19.3355	19.2161	33.48	19.9075	7.49692	17.7372	14.3037	14.0002	8.29176	15.4442	16.1811	14.2877	17.6546	17.8981	8.77316	12.9835	11.0799	17.5726	9.80862	12.5555	15.819	8.45424	11.4318	24.0578	12.5744	20.339	8.89862	13.1369	11.4811	8.07196	16.8641	4.14993	23.0499	16.1711	18.8825	11.4252	13.4931	19.3222	11.1292	13.8494	6.4428	8.93737	15.6884	10.2307	9.76769	14.8857	19.2229	23.0609
3.51585	5.6588	2.89087	5.11822	9.93404	9.87765	5.37647	3.51595	5.2346	1.72546	1.38052	3.68853	8.68259	7.28329	5.00463	6.87927	7.61942	8.77548	16.0235	23.3056	24.029	7.04085	15.1403	13.7616	15.5213	10.0683	10.4178	22.929	15.7467	8.16552	11.7805	19.5917	11.8614	13.8078	19.4042	31.9323	17.9383	13.3073	11.1816	7.86916	9.78442	10.4998	11.1655	6.21308	9.82473	5.61704	2.63841	5.18956	4.93018	4.9241	3.29387	6.20138	8.77548	8.2924	7.75717	9.74431	4.7877	7.65148	3.87283	5.30192	8.03483	4.26528	6.90468	6.21066	4.08488	5.2348	11.9823	11.6743	6.57699	4.83353	19.6022	11.1102	7.24498	7.09243	6.9741	5.23469	5.93772	5.10956	1.48446	9.08352	10.2797	4.78739	3.96702	3.90686	19.3803	17.8298	8.77537	11.7227	11.7931	16.6127	5.37908	15.4911	12.9053	12.4913	6.60184	13.1138	13.0597	5.55916	0.24408	4.89405	8.58045	12.5375	22.1599	9.22347	12.7531	18.9726	16.2775	4.48169	4.40173	2.31445	9.96217	11.7358	10.1061	16.0465	12.758	16.386	16.5084	13.5957	15.4243	15.4069	15.6636	0.545775	6.53923	12.4207	25.9576	27.1749	14.7895	23.9302	27.7973	17.1911	6.12242	12.3193	8.64786	8.90465	14.3579	25.9295	33.8985	9.11417	32.7996	18.7688	16.4462	18.4921	15.7696	9.78983	6.09882	6.85818	8.25552	15.3637	9.99808	13.5994	18.3901	14.1571	11.8086	14.9124	9.48225	11.5621	6.89823	13.2706	21.7042	8.06057	10.8395	29.2523	7.38852	20.6984	14.5773	13.8042	9.78395	7.14555	5.3598	6.31148	5.00429	12.5913	20.4467	23.708	31.071	32.9704	6.76774	32.9505	12.1499	3.79538	20.064	20.3402	6.61067	38.6833	37.3769	11.3527	42.483	28.9243	25.2047	28.8649	26.3397	19.1748	23.9164	24.4571	19.2781	20.8759	16.9636	36.3449	30.6334	21.6547	19.7447	23.2401	18.9323	23.3139	34.0871	23.1675	13.3524	14.3769	8.83903	15.8647	23.2861	24.4191	10.3351	10.1923	13.5305	10.9049	8.27345	16.9338	12.2017	19.0829	16.11	20.3001	7.45125	11.3063	12.9836	20.1945	17.4658	9.77714	16.8782	12.8627	2.01205	18.8964	18.8537	10.8455	16.2347	5.93006	3.99692	7.303	15.3143	4.49172	21.9003	16.4833	18.0566	12.7352	13.6163	17.8066	15.8239	22.9193	22.9978	20.8148	13.7165	13.6808	8.23469	12.1015	14.3772	24.9641
3.9779	6.19804	4.47142	16.8134	25.1398	24.8913	14.0162	7.73986	7.55145	5.083	3.66423	1.73389	4.92962	5.27892	2.93626	3.55315	4.14887	5.24528	7.59925	14.4374	20.0991	10.1459	10.4455	17.4127	24.6181	26.5164	14.5963	22.0711	12.7242	14.4744	23.382	21.0073	17.7258	10.5837	13.3177	33.1027	21.3078	10.6488	8.814	18.3752	24.1757	18.7046	11.9168	4.70321	5.06236	7.48152	4.89355	4.23705	5.40288	4.92962	5.23415	3.27099	5.35933	7.61865	10.0528	12.9033	3.63581	10.0213	5.92974	11.7999	10.6187	5.71773	4.17048	9.13204	8.05979	7.52077	12.1349	10.8446	4.0951	4.14887	16.4745	10.4165	4.08423	5.69445	6.73453	6.57638	7.39757	5.48701	6.07646	8.08628	8.49317	4.87243	4.10949	5.38932	18.0663	13.0905	12.2466	6.35923	15.4367	14.8461	7.89557	12.378	7.22003	9.50243	12.6851	13.306	15.7992	9.15258	3.7004	7.89004	9.44429	12.8471	20.2269	4.75009	17.9996	17.1066	13.4014	7.67175	10.0312	7.52656	8.18641	10.7709	16.1042	12.7547	8.62033	16.924	13.0585	6.09307	3.10811	8.65503	10.7854	6.08375	4.95648	2.07722	26.5072	19.9353	17.1557	26.1491	20.2822	6.57673	10.5035	12.2656	7.18755	13.9225	26.5383	25.272	15.1897	20.7494	35.1543	13.0673	12.6699	11.2491	5.95946	6.89754	5.84984	4.35764	11.4796	12.7689	13.9656	16.5711	8.03599	15.3956	14.033	15.2855	9.68286	8.88424	5.40323	17.8311	15.0289	4.58534	4.54656	26.3891	10.5798	20.3263	15.5443	17.9297	9.82392	8.74822	7.07318	3.46461	12.9559	17.103	21.6446	31.1465	38.3455	25.0249	18.4247	35.0023	8.10265	8.24271	25.3065	17.8369	19.3998	41.957	27.3448	16.8296	43.7915	29.21	9.29422	3.27099	7.78647	6.33867	23.5608	21.3373	11.9418	28.0436	25.9948	10.4766	16.303	19.1669	25.4993	34.367	36.4877	32.071	24.8879	6.73497	5.90985	8.08651	21.7541	24.2647	20.5711	11.2207	18.8966	8.76619	14.4751	17.1038	17.9895	19.4266	15.4896	17.5502	24.1223	23.4172	13.447	13.8037	22.1397	22.4085	17.6108	21.3177	4.57592	13.0448	8.8387	5.76878	16.1353	13.1271	10.792	10.1909	5.23403	8.81367	11.9638	12.4834	18.3884	15.9006	15.3147	12.5666	15.8393	17.3005	19.4004	14.7609	9.58756	10.9942	15.463	14.6025	10.1108	9.78885	14.0142	28.8494
4.89936	6.70795	10.0775	25.6814	17.6705	21.7098	13.1624	10.2281	10.4418	7.90443	5.9981	4.23686	2.75889	5.11692	4.14852	3.05001	4.14139	5.61596	7.14016	13.2095	16.6593	16.6098	8.27182	21.2351	29.0097	32.6153	23.1954	17.7091	14.5746	10.2055	26.0233	15.5792	20.5257	11.4529	13.7027	33.9128	18.4521	9.56914	20.6909	34.0781	29.9715	26.8784	13.646	0.929221	6.10469	7.00409	6.99151	5.26453	6.54234	4.09489	7.74858	9.34608	8.73103	8.40181	9.31945	10.9217	7.33178	11.7398	6.63796	9.58693	10.5125	4.92938	3.16926	4.54634	6.45702	5.23383	11.2638	7.54294	0.929221	2.69348	11.9438	12.0979	3.01098	4.507	8.01527	6.9117	6.6708	3.89875	3.48989	6.07803	8.74716	6.89693	1.39099	10.5244	10.9787	7.89528	11.278	5.64235	15.4206	13.8625	2.5867	11.1275	14.1605	7.67106	12.7288	11.6835	15.4146	6.15023	7.05814	10.211	11.4774	14.7345	16.4569	3.93635	17.1246	10.8605	5.44041	6.39293	12.236	8.254	4.39096	11.76	17.3531	5.3118	9.05019	12.41	4.00727	6.3378	8.51967	6.94749	4.84787	10.1666	17.0907	25.6192	23.4591	5.0968	16.5483	23.7031	7.33154	9.89845	12.2362	9.03101	8.48223	21.559	15.1571	8.22979	15.3563	13.8733	31.7622	21.9962	5.00338	8.56562	7.67128	8.14472	6.01752	5.00338	10.1366	9.19693	13.4977	18.4859	17.1616	14.2334	9.94471	13.8615	11.7875	6.708	7.2276	19.6163	16.0503	4.67746	8.50471	25.8754	8.32774	23.3798	13.7512	9.56431	12.8633	8.56374	4.31976	3.68784	12.3533	18.6139	24.2985	32.2381	24.6075	12.9383	31.5769	36.6031	22.4654	14.6792	26.0923	20.6677	31.8817	43.7323	11.4199	31.9355	38.6295	14.5813	22.5174	21.5872	17.83	7.6142	29.9718	27.5219	25.0319	13.258	25.9587	21.0745	15.5381	6.70147	9.31992	15.5091	16.8118	6.69942	4.99156	6.92257	15.0092	15.7037	29.6644	39.8574	19.4347	10.0248	16.1272	24.7966	9.78788	14.0512	21.6298	20.0557	19.7238	15.0212	24.704	25.1905	21.7965	19.0836	17.2929	12.1029	8.0859	17.6085	14.6839	4.25408	4.73711	6.49516	9.13917	16.3251	16.9604	12.3231	8.73911	9.26241	9.03615	10.7665	15.5576	13.988	12.7994	11.6449	15.1145	13.8093	20.5886	11.4987	6.10459	15.0486	9.27155	6.92235	4.65216	11.3425	11.0151	23.9302
6.48363	7.39627	14.0111	21.9313	5.34471	19.5061	6.59951	6.7075	9.42919	7.78517	5.51523	3.79443	1.59046	3.89815	4.01775	3.32863	4.46708	7.40189	14.2662	16.6142	11.6508	21.8227	20.5647	20.983	20.0145	27.9925	26.9211	10.5287	19.2583	9.23673	23.5107	18.1686	15.2765	21.6794	29.6124	29.1318	9.88626	27.0775	30.6577	32.2483	25.4355	35.0141	14.9393	5.81838	9.60992	7.68011	6.94485	5.06454	8.56474	5.20236	3.10282	2.86928	6.87297	12.7273	9.13009	7.00537	9.21157	12.4167	8.015	9.09213	6.16129	7.77551	3.87154	2.1052	3.90574	1.72496	9.76349	6.31861	0.771632	1.80083	8.73804	10.6202	5.17384	7.55005	6.9217	2.24198	7.56549	4.70233	1.4226	8.31783	11.9473	4.80147	5.26402	14.2777	3.51493	7.23479	3.31541	3.90574	13.1102	10.7967	7.47461	1.04944	17.6416	14.5704	1.73357	5.09645	9.7869	4.68344	4.72719	8.24263	13.9903	18.8279	11.7084	5.61542	11.9332	12.7493	8.47471	2.88992	11.0497	11.6144	9.50013	12.6028	8.02541	11.4462	6.05579	12.8404	7.6422	10.3203	14.4729	8.60022	4.7365	7.01376	7.8206	14.5181	3.06929	12.1015	15.3291	20.5357	1.4226	18.2473	16.1068	17.0118	18.4344	23.1781	4.87152	8.72983	11.2463	10.7379	28.4616	33.6201	15.144	5.11646	3.43381	3.42079	3.42079	6.01676	7.3009	6.95316	12.166	10.7481	10.5779	16.4432	10.9415	17.0481	10.9776	7.44911	7.29094	17.1407	15.608	13.846	14.541	25.7028	14.1741	21.8606	9.06827	5.93856	13.4481	11.015	2.94597	7.92529	7.59595	9.90895	24.2063	33.7873	14.7273	26.3716	20.9317	34.5304	11.4763	19.2719	22.595	25.0288	40.0359	44.5952	2.39564	31.3176	36.9204	19.5091	12.6939	13.9953	19.3573	9.33568	36.429	23.8082	7.65728	11.7432	12.2944	15.3128	21.7213	26.2544	18.7784	22.8665	22.9994	14.3587	11.6149	15.8656	3.38614	8.72525	9.14605	37.6586	38.5876	8.23401	8.396	21.8295	22.9234	12.0037	6.48324	3.10759	12.6735	7.90381	15.8538	11.7192	5.06168	6.1996	5.16526	5.58127	3.61869	10.9636	16.5683	5.23318	6.54175	11.6857	6.58431	9.39128	12.6709	10.6248	7.90366	8.12081	6.95347	3.48958	10.1412	10.7478	7.33082	6.32361	14.2049	13.7131	16.4437	15.8946	6.94725	14.2739	9.2706	8.28125	7.82033	12.4538	12.9697	7.88883
11.5187	14.7186	12.3988	14.9044	3.17803	12.4379	7.06935	7.48952	8.63774	7.21801	4.82243	2.85349	1.56195	2.31985	3.87118	3.31045	5.86813	12.3069	20.8066	18.671	16.0848	28.0452	25.1369	17.3801	10.3661	29.5926	26.7801	5.73921	18.2676	12.5662	19.2925	16.3745	15.3618	32.5507	30.505	7.44844	31.8086	19.9065	10.2763	16.0474	31.9274	34.6934	13.9774	8.88138	13.859	8.1202	5.69571	3.63476	7.08975	4.84691	4.89223	4.20437	7.04422	12.848	8.55876	5.85576	14.4477	13.6457	7.23442	7.37979	6.83615	10.8468	2.78509	3.04944	4.50616	1.0059	7.71674	7.00687	2.45058	1.42242	7.13884	9.95855	5.17332	8.18384	6.22479	5.43146	4.6986	5.43136	5.83824	9.94711	10.5965	1.10463	7.99029	11.2517	4.13714	8.05714	5.72375	6.56353	6.92094	8.24036	8.74574	6.75233	12.9525	16.9191	4.06496	3.38572	5.46369	2.08383	9.55532	13.0384	14.9773	17.5156	6.70025	10.1125	7.08984	11.79	11.0115	4.2639	10.9094	10.1432	14.2763	10.3753	12.1319	16.5708	14.0289	12.3431	8.87975	7.99062	13.5545	10.5727	14.0602	15.3137	12.9262	16.4544	9.06951	16.2462	15.8367	18.0937	10.826	20.9993	13.1682	10.5912	14.2728	15.9203	5.33303	5.50676	9.02934	7.91554	15.2611	36.3847	20.4536	11.3209	10.3922	8.47753	6.21054	3.39879	7.36977	7.42482	8.28054	8.59951	8.51847	22.9014	12.0038	15.4327	11.9405	8.56387	4.7267	14.0804	15.8733	6.80427	3.90541	17.9352	16.3761	15.795	18.5322	6.16076	10.8898	13.1229	4.10856	19.6271	25.2886	29.3428	33.5409	33.8984	16.658	13.5291	9.62562	29.0719	4.33591	19.6877	16.3609	29.9398	35.7435	45.94	6.07687	28.4322	30.6248	6.07449	12.4961	17.1609	18.4845	12.9257	39.5473	8.27029	31.9444	29.6487	18.5386	14.3123	11.6718	18.9522	15.0112	15.693	15.3249	11.6162	21.0508	32.3098	38.8127	37.3585	36.4417	25.899	35.2431	17.281	19.4531	26.9943	17.102	11.9744	9.99467	10.5107	1.8656	8.1753	10.1645	10.3147	6.04565	5.84083	4.69867	6.86801	4.7267	6.46693	16.1638	9.90836	10.1251	14.9155	14.3353	15.2963	12.7212	11.8441	10.4455	9.25621	8.5167	7.4095	8.95742	12.3068	7.00511	7.44278	13.9184	5.54662	16.758	13.2228	10.5727	22.2793	22.5007	16.6252	15.0198	12.9002	10.2428	11.3081
22.4599	22.8017	15.0099	7.79833	1.59016	6.69727	5.48763	6.70605	9.92874	7.64027	4.00596	3.552	3.65468	0.862541	3.3941	4.14025	8.05628	12.7521	17.0646	19.4065	16.0466	25.3701	24.1892	13.5043	4.99046	25.5588	25.2004	25.1896	17.0467	19.02	16.9963	11.3269	18.214	28.1944	26.1518	24.3206	32.2973	17.0158	14.3495	10.1087	30.7062	30.6468	19.7689	9.25666	15.9455	6.29224	6.38459	3.71081	5.76664	2.96532	6.33601	6.68851	8.37177	11.5085	8.81042	4.50582	17.9531	14.1633	3.71099	6.05475	7.86514	10.7022	3.89769	2.95036	3.7898	3.92792	6.35673	6.11952	2.77952	4.63506	3.62209	7.70656	5.52746	10.8406	8.53116	8.67892	8.6523	9.55447	9.7856	11.9596	8.39963	3.46327	9.07291	8.39933	5.506	4.87362	7.1605	5.58023	2.69822	4.3355	8.77478	12.9551	5.90765	14.9312	9.97637	6.07629	6.14823	5.38453	10.5092	7.17075	6.73203	13.3219	13.7106	22.183	22.1368	15.091	2.72557	9.5846	15.0014	14.7382	7.59644	11.1465	15.9831	8.43573	13.7499	8.37177	15.0308	7.48887	12.3693	7.88555	6.9561	9.40914	12.6023	16.9833	7.79881	18.483	16.9365	14.1159	12.3636	23.3104	16.3985	15.3938	17.6302	6.14856	17.1969	13.8464	14.3561	22.8143	18.0525	23.8407	28.6455	21.4037	9.77978	10.4997	7.70288	3.54787	8.07615	10.3095	5.59862	1.31358	6.39341	17.783	13.2003	16.7137	6.30379	8.50196	6.77543	12.4058	16.44	12.8572	9.24921	17.4952	15.3646	9.58428	20.1078	15.2909	15.206	11.483	1.37986	29.5578	27.5335	9.9581	19.9676	23.0752	23.4767	23.0118	23.1897	33.7979	21.477	26.964	15.4714	23.7009	20.8475	45.6765	25.5571	33.9573	33.4639	12.2344	18.1914	16.6454	15.0902	15.5331	35.16	27.5295	34.8843	26.5568	22.6043	18.176	15.7057	16.5741	29.4326	28.905	24.7986	21.1249	23.9069	21.3309	29.961	38.2294	28.678	10.5267	31.2815	31.9919	14.4023	12.3017	6.92064	10.1132	20.6738	17.9541	17.2582	18.6981	13.3926	11.8431	15.0091	10.3871	6.24538	9.69124	7.97508	4.84645	12.1637	7.53491	6.70593	17.3051	10.3138	3.46766	1.25575	4.14047	5.81766	7.40655	4.99323	6.3085	13.0436	15.8244	9.19165	9.0288	10.767	4.017	14.2715	22.1351	24.2369	26.1566	24.6977	24.9273	15.4365	11.0119	11.3011	20.936
28.1245	18.8818	22.3445	5.55091	2.86863	2.56271	2.72532	8.50285	9.62036	5.33463	5.76636	5.7152	5.01624	2.4197	2.50996	3.48839	7.1862	10.7727	15.7389	21.9826	26.1194	31.4395	30.8355	19.1371	9.11058	14.5307	6.24684	6.51771	13.8451	22.1236	14.5499	5.67113	15.8088	19.558	25.9236	26.1435	27.7893	20.5028	24.0882	21.3465	32.0099	33.9445	27.0813	5.65579	15.0148	4.39919	4.83079	9.302	8.14495	4.1685	3.65014	9.21822	13.1119	7.03672	4.64723	8.30882	18.0584	14.9996	6.49306	5.76636	9.18546	7.44693	7.16839	6.55805	4.57374	3.96498	6.02495	3.21908	1.04916	2.45008	1.63598	6.60873	1.34696	11.1574	6.46564	5.96648	8.22674	7.86643	9.06596	10.4078	5.95909	6.30054	12.0328	6.30749	6.94479	3.1066	4.93025	5.9662	4.69777	6.15273	11.1947	14.8282	11.2397	5.50561	14.5395	12.3182	8.92326	4.50536	12.7512	12.2765	10.3076	11.4093	12.8123	25.31	22.4755	17.0938	10.6812	11.832	13.6243	7.47231	6.22359	7.86466	1.04913	11.3397	8.59737	11.2333	16.3894	7.91417	12.0424	6.09525	7.77529	7.47847	10.0483	17.9978	6.25426	18.1989	14.8258	10.8904	9.74916	20.8297	19.3102	22.8847	19.1815	15.1514	14.2204	13.8715	19.1079	24.3164	27.5898	13.6274	12.9411	21.0404	17.9514	17.2404	8.89292	4.83079	6.14049	12.0852	11.1218	9.15622	14.4153	7.23888	9.07233	9.20944	8.74264	8.40739	13.429	8.69139	16.128	13.5881	16.698	20.1584	14.1966	20.6386	18.6448	19.4115	11.9054	3.63408	3.85131	27.4394	26.6364	25.732	30.5275	21.5241	34.2902	33.3995	28.4994	27.6539	18.7342	25.4682	23.9325	22.1722	20.5205	43.6833	28.5919	28.3857	37.7719	17.0566	14.7109	12.5249	10.4932	13.0896	21.3728	26.7654	25.0276	30.557	17.8386	14.0249	17.7794	14.4721	25.5819	29.3094	31.0195	28.0142	26.9109	20.5216	20.0767	15.7276	38.5877	16.7527	43.955	35.6798	11.1225	0.711202	23.7405	41.7032	43.2772	41.8069	37.4679	31.6512	21.2249	8.31596	7.47217	10.7408	3.1446	5.77619	7.44712	10.3943	13.8685	11.1184	9.73901	19.9153	12.8806	13.8422	10.7809	5.38676	3.65014	7.9887	4.13277	5.48673	12.7509	7.90109	5.71497	4.50543	6.86663	5.48404	7.7457	16.3005	21.3049	23.8571	18.3411	15.9177	13.3209	9.10549	15.8962	19.3149
28.9682	9.66426	23.7204	12.9522	5.63968	6.5752	6.73097	10.0868	8.08178	4.93004	5.46235	5.7986	5.15464	2.6083	1.75841	3.06794	4.01625	4.89391	5.01578	6.03653	10.2732	27.1802	33.004	10.2272	17.5348	26.0448	28.978	27.0672	21.7716	21.1348	8.1033	3.90448	7.28219	7.91336	9.47591	17.1239	19.5914	7.70548	4.63078	3.10636	20.7908	34.7545	29.0195	2.88883	12.8574	6.68071	2.26744	10.8554	10.6122	3.25096	5.16342	8.27292	13.8877	4.10719	0.975585	4.35501	16.6852	16.1799	5.53715	3.82405	9.60613	4.13958	7.74493	8.42392	6.88534	3.1632	3.92698	0.621853	2.10451	1.92772	4.19264	6.22755	2.24108	9.15489	8.05481	6.95478	7.70548	7.67712	8.40656	6.03403	1.15686	10.7492	11.7281	3.79306	9.59297	3.90448	3.71818	6.98848	8.95188	8.50244	7.77478	9.28903	13.1563	9.40274	6.5727	16.8676	12.2304	3.48395	8.735	9.47561	7.3757	10.8542	10.9878	24.2477	5.63178	15.1342	17.889	16.8676	7.59312	7.80648	8.884	7.28228	11.8406	4.13238	5.74542	8.55971	14.3364	12.4558	11.9185	8.03176	13.816	15.9811	15.355	17.9129	8.99988	16.1454	8.83163	12.1615	7.39341	21.9704	27.7683	26.9519	8.42527	20.8457	4.31412	8.0871	21.8872	14.5128	14.8157	25.0159	19.2553	13.5373	26.3838	17.9521	3.38474	6.09444	7.11029	7.20784	14.0676	11.0611	8.12465	5.85408	9.57637	2.01068	2.96491	5.67076	10.5733	2.44987	9.36434	4.70051	19.6419	17.5408	13.6421	10.1408	6.01467	16.7233	8.67693	3.99423	4.47532	17.2823	18.2263	14.3228	36.5406	5.20009	38.3729	26.7005	17.0488	10.3065	8.02267	17.0663	9.26761	12.1619	31.047	46.4623	13.8721	20.889	27.552	34.3773	8.42527	9.94562	8.92251	9.00312	15.95	17.0726	13.8025	28.9422	24.5668	9.14709	9.42728	11.6105	15.9896	17.8124	0.87941	14.1078	15.1436	15.3547	9.19277	20.681	42.7222	9.18507	48.0217	25.4428	2.1942	10.1488	40.3824	41.0881	22.4561	24.1208	30.1396	36.2272	19.3789	10.7492	10.0841	7.28219	5.05977	9.78379	21.0758	27.4137	23.002	15.6879	14.6579	20.7727	18.3962	11.8407	12.5461	6.22519	8.30792	10.9104	4.89106	7.00486	12.403	11.6685	14.1805	9.87109	10.5937	10.2884	9.83153	8.16739	10.5935	9.56427	6.70484	6.46525	7.8192	7.40723	14.7757	16.3846
31.1605	17.2442	24.7295	16.7876	11.7922	13.9848	14.2602	15.4765	16.2664	11.9939	6.13223	5.72153	5.00938	3.71785	2.69211	1.54216	3.2046	3.92653	4.25163	3.78079	6.01391	26.9307	33.009	16.8317	25.9308	26.7876	20.3177	18.6267	24.9364	28.4222	9.24635	8.89143	4.98886	6.71532	9.99109	9.30838	2.1599	13.0664	19.6363	24.8285	31.1929	35.6053	26.4151	0.928652	10.6752	5.83827	0.243893	9.60517	10.76	5.16281	4.30339	8.33319	10.4533	3.46232	4.75935	4.3172	13.5645	16.8306	5.16267	4.55658	9.46097	4.75935	6.05301	5.96525	8.22847	4.68128	2.46784	2.24745	1.62655	1.92755	4.51754	4.01951	2.3945	5.95761	11.3237	12.2395	6.6321	8.52036	9.73738	5.13155	4.92034	13.4747	7.06014	9.67655	8.92524	6.89328	7.32774	9.20153	8.64134	3.62115	2.842	6.15838	8.60103	12.7662	3.10605	19.3508	16.5967	4.59217	6.43034	6.58097	7.86498	13.9398	9.86966	22.7503	2.94955	10.8857	15.1915	19.112	7.78137	10.1844	4.25877	16.1014	0.862291	9.66353	8.01123	4.09258	13.179	18.4182	9.16515	7.36731	9.16538	7.76668	17.6723	18.3037	12.016	16.4361	8.12609	13.5197	15.2716	37.4456	29.2449	15.8578	5.06214	19.1175	4.03074	4.13556	23.6088	12.5726	5.93547	15.0041	21.9218	4.27586	28.5852	18.9911	2.09717	6.7626	7.98722	0.711046	8.69461	16.8658	16.9411	11.1433	7.03757	4.01608	5.08252	4.73445	5.61276	4.40841	5.23061	4.47498	22.0577	13.4788	17.0746	8.28479	6.76515	11.5138	7.06632	2.62514	3.00914	8.96827	5.96509	17.2738	41.8163	10.925	41.2227	16.948	7.84803	8.63444	8.7658	16.2175	10.6199	9.58163	34.7011	48.3518	15.1804	33.2373	22.5668	30.6018	22.4035	10.5561	11.3163	8.34909	12.13	13.0911	9.25721	17.0957	30.7609	21.6119	11.4715	12.9516	15.7225	11.0944	8.11686	13.9527	9.63494	8.72927	9.30822	24.3891	39.4145	13.5605	38.955	27.821	35.8239	39.3316	45.2989	12.3926	33.4012	29.3834	20.9919	42.8888	15.2013	13.9259	5.2307	10.0153	20.8859	28.7796	29.3093	23.2332	20.0158	15.138	14.0979	17.4581	14.4467	12.4748	15.1084	6.20836	12.448	8.05966	7.44542	5.7139	5.77549	14.9025	15.0049	10.9524	10.5185	9.78675	9.05138	7.39278	14.4982	13.1259	13.417	11.6385	3.80427	1.03468	12.9381	19.75
30.1323	17.4358	20.6413	13.6647	8.80741	5.61254	9.35065	14.301	14.7855	13.1917	9.66249	7.93763	8.74017	9.06526	7.74349	4.0193	2.93407	4.62992	4.01916	3.16247	5.26105	21.2616	31.2434	29.3368	26.2162	17.5555	10.5072	10.5138	21.8519	31.0062	22.063	14.0929	13.6445	5.34139	1.39005	8.15906	16.4327	18.5458	23.2034	30.5965	31.7788	26.1646	15.4956	3.59607	7.98648	4.16362	3.71749	7.51667	8.83165	5.27497	9.66231	9.25312	2.34422	8.05367	7.11731	5.654	9.06957	15.8614	9.63413	2.34429	8.43244	8.60049	13.1289	15.3026	16.4932	10.7065	4.3881	3.63293	3.0089	1.96543	3.10578	3.27297	2.67522	4.08118	12.9465	13.8694	5.08183	7.42343	7.30303	6.13881	10.4701	9.4737	6.70378	13.4779	7.99943	8.49919	8.2244	5.38274	8.0517	7.05366	4.40825	4.68062	7.39777	11.586	4.57244	18.094	17.8244	3.46195	8.30654	9.86488	9.09026	10.7315	18.0146	18.4184	5.53587	9.35031	10.8535	17.9606	8.74017	12.9233	10.5394	18.6017	8.73361	10.7037	9.91118	13.9952	13.094	15.9591	11.1049	6.70353	5.88299	6.01098	12.1536	16.3567	7.10914	16.9272	14.6442	8.26475	30.1686	35.5373	12.8778	4.89015	23.0969	28.6423	22.6497	19.4635	22.7784	9.88053	5.9939	16.1688	20.7495	4.18836	29.3658	20.0225	3.66143	7.16423	12.5631	8.9535	5.13103	9.73485	11.713	8.11597	6.45504	5.39903	2.58492	3.05288	3.65322	2.10402	5.50407	7.42351	22.2132	7.99916	18.7222	6.56063	9.33998	7.97221	2.31235	6.14618	8.12169	12.9114	12.0522	26.5763	34.4638	12.1398	32.1679	29.7551	24.6306	17.9816	1.73258	10.4159	11.7133	5.18506	32.9583	47.2006	15.8021	38.7148	30.0233	2.41286	33.729	35.126	26.6984	6.20535	8.0806	9.78188	7.25504	0.545325	14.6469	27.2216	22.5844	9.30767	20.7357	25.1484	21.7048	19.8365	17.4084	14.0887	15.4652	26.4826	40.6491	13.2919	25.8552	26.1845	32.1516	24.6824	15.8514	24.7205	21.0205	25.0808	25.1671	30.4398	25.45	30.2159	17.4989	11.2753	19.783	14.2444	3.8502	9.58092	2.46762	10.7577	10.1204	11.4147	6.22401	17.6575	30.1527	21.1802	14.8349	10.7318	15.2544	7.30292	4.62992	4.91993	3.68151	9.71564	8.13737	8.39629	9.10298	7.10898	10.376	7.75071	0.862161	3.4833	12.5221	16.0409	18.3214	24.2347
26.1365	16.338	15.3533	6.57975	8.55761	7.55113	10.6406	11.8964	16.8386	9.86785	6.00071	6.53765	6.45221	6.86452	7.8984	6.90866	1.20685	4.09162	4.65819	5.17336	6.15753	13.0737	19.8889	21.6676	17.3817	9.21543	6.6043	7.37365	16.4455	27.3306	28.6328	17.9048	14.5564	8.51166	5.0612	5.22124	12.1582	14.3643	26.4981	26.404	10.2482	7.38727	5.85223	5.71284	4.16314	4.89569	9.20605	8.61311	8.10102	7.83192	12.8658	4.91943	9.75748	6.68577	7.44408	5.18457	8.36107	15.5209	10.6773	3.43167	6.49953	11.6399	17.9856	17.5937	19.2769	14.9182	5.06108	3.70905	3.16684	2.34408	3.76066	4.05189	3.46601	3.62039	11.3216	15.1236	8.89418	8.80645	5.71299	9.85192	13.2269	4.47426	10.9349	11.0877	8.83112	8.83133	7.52022	5.01444	5.35479	4.09165	6.04205	9.45344	10.9074	5.86476	5.76413	12.0935	15.059	8.76361	6.15756	9.43673	13.7637	7.61242	21.115	13.0347	12.0333	9.77056	11.725	16.5938	5.86512	10.7359	10.7303	14.8477	2.43719	12.5026	13.1909	14.7726	10.0817	5.01426	15.1773	11.4196	2.59046	4.91943	8.12417	13.1904	5.26358	18.0923	16.5939	20.0011	38.2349	23.9895	6.09998	17.6999	34.2656	27.7413	24.2877	24.3085	19.8402	7.53187	6.60662	21.0043	21.7373	6.86845	25.7156	17.9829	9.03587	4.47404	5.46353	8.3056	2.39405	5.6922	11.068	13.7646	2.54435	9.86782	5.9321	5.22984	4.69602	2.93388	7.18354	8.19516	16.6679	5.06108	15.4704	5.72301	5.67447	5.63815	3.65294	4.05177	3.76052	14.8661	18.1273	26.5913	11.4739	23.5622	3.77618	26.3746	34.6569	27.7589	11.4694	4.48729	4.50386	13.3932	29.5698	45.9984	8.23579	44.7012	17.0439	28.7617	11.7122	32.9094	40.378	8.55761	8.72446	10.0913	9.24465	6.83862	4.84709	10.2054	23.0191	15.8035	21.943	17.5483	25.5885	27.0431	21.0706	15.0202	17.3508	27.7551	41.5477	5.71304	15.8171	3.16215	22.4688	28.5937	33.2466	26.3121	8.00921	5.24084	15.9758	2.82592	11.1497	16.6921	32.6588	11.4203	25.9909	4.78006	20.6887	17.2504	16.5983	11.7117	10.2867	6.68532	6.77237	23.8651	27.5178	25.4869	10.1194	1.24328	12.8321	9.6034	4.84736	11.9778	15.7197	16.6902	10.1381	6.52412	7.37548	9.87952	11.5766	12.2307	9.1826	10.5056	11.1196	11.3522	17.5773	24.6901
27.8778	13.7338	13.1796	7.07291	10.4468	9.66398	8.57199	16.8739	22.1222	6.83793	3.44846	3.38344	1.42146	0.385517	5.62941	7.2954	3.10532	2.93358	1.47276	1.54172	1.73222	4.95178	5.66845	3.79153	2.63563	3.38344	4.77929	4.61626	6.47159	7.77163	21.0289	24.8864	24.0164	11.6997	3.62002	5.10419	15.2108	19.1371	28.0172	18.9367	3.53307	4.78236	3.61592	5.59552	1.42151	5.83659	2.31201	5.33234	8.22088	10.8189	8.71172	4.64818	8.67362	5.87663	5.39508	5.77636	7.88287	15.4272	9.98774	5.59566	5.68935	8.97705	13.2466	3.48695	16.8111	17.2843	5.81395	3.54562	2.97365	2.43694	2.93358	2.94865	2.29911	2.59022	8.86889	15.5963	10.7766	6.42849	3.7797	9.13092	13.4381	5.38441	7.97053	5.51103	6.79948	2.43694	5.38144	4.19102	6.15658	11.1131	12.298	7.6647	2.86708	4.67993	5.84433	9.79716	13.3981	12.9612	3.46127	7.41983	12.9268	3.59535	19.3456	4.89214	13.2135	12.2536	16.1194	16.1458	2.80439	6.19244	14.6029	13.9064	3.27684	14.0943	12.6563	6.62576	10.5734	5.87171	15.1519	16.2612	5.07789	2.76188	7.38057	10.9242	7.13443	16.0364	13.6427	21.8738	40.711	19.5779	5.22931	23.0041	31.4263	12.117	14.1878	11.144	8.02864	7.37487	4.01862	18.3176	24.0108	3.72478	19.4027	15.6421	7.63608	8.98663	3.26788	8.15702	6.75417	8.617	7.98494	12.9472	2.56152	15.2716	7.33147	6.15694	5.38441	5.92413	10.7597	9.97071	13.6339	8.97249	10.5962	10.4992	4.47369	5.01405	7.79435	9.04281	7.37489	25.2619	23.7953	6.53678	23.2852	23.2598	32.0417	4.65771	32.8282	35.5638	30.2593	22.5415	5.00794	12.1753	33.7313	44.9797	8.61185	46.1882	11.1941	28.3532	25.0124	16.9895	43.3955	12.004	13.2901	12.9083	13.2261	10.76	5.8443	6.55897	10.5734	23.2541	19.1577	28.8504	16.7748	18.1667	14.0631	7.29184	16.8511	32.1812	38.3485	15.9842	17.5045	34.7426	37.1032	30.3396	25.8504	27.8741	33.5804	12.0614	19.6969	0.385517	31.6232	22.5981	14.7876	15.3708	25.9112	9.82661	21.7202	5.27392	18.956	5.10388	19.0791	19.7081	5.27392	20.9238	22.2228	16.7765	8.36043	17.5356	22.1715	16.1748	10.6181	9.21451	11.0675	11.8065	12.4719	13.8775	11.1995	12.7878	17.765	14.488	5.85181	15.9207	7.41788	3.62	13.6659	16.7101
21.9086	4.67302	13.3804	6.22461	6.86314	12.7522	15.4615	22.2648	20.319	5.97508	3.27656	3.27656	2.31177	3.16169	5.52377	3.28998	5.30975	7.10102	6.68441	5.85144	3.68451	3.16624	4.14458	2.78296	2.29884	4.26043	5.30952	3.6196	4.8704	4.92749	12.2249	19.4312	33.0167	22.4215	7.89664	12.0069	12.0779	20.0805	31.8294	15.9857	3.39184	2.8252	3.17571	4.50286	2.31168	5.61064	1.73206	4.48633	9.09868	8.55569	1.37893	8.06189	4.69502	7.00155	3.21735	3.39634	3.32579	12.9708	10.4549	5.77297	2.80429	6.20582	11.7872	1.94968	16.2998	17.5329	6.94728	4.14467	3.34363	2.34364	3.052	2.41217	2.17968	2.92824	6.94724	13.0454	11.8561	7.00783	4.89456	6.22222	10.6753	5.8338	7.90964	7.80274	5.50257	4.48633	6.53179	7.04114	11.2798	10.0368	6.11549	4.67941	7.71127	6.94756	6.90751	10.7916	17.0353	14.554	6.90126	8.67286	13.4041	1.3462	20.1111	6.56955	7.36419	10.9232	19.5996	14.606	1.38967	10.2351	6.8311	8.46777	7.26706	11.7419	17.6275	8.35935	12.3442	11.6047	10.8492	17.8772	9.71871	5.27362	8.71096	9.16172	11.3572	14.3702	4.31556	17.413	38.0956	23.7102	13.3039	26.1524	28.3378	13.2458	12.5129	7.75792	3.95888	8.44364	9.415	15.1212	16.7181	12.021	18.6239	13.8964	4.63178	6.91582	6.6645	5.01334	10.6952	6.90518	5.59777	13.6356	3.11919	15.9194	5.95292	3.61968	3.46531	3.10488	7.93509	7.66384	11.2523	12.1885	16.0962	14.5589	5.85144	1.3127	1.00517	5.67305	7.61244	30.5715	16.0334	29.6625	33.9669	23.0527	38.8002	22.3249	16.3683	16.904	24.8011	28.6809	4.98991	26.3864	45.9651	30.5012	35.8376	45.2685	20.8799	25.8334	27.3858	2.34355	43.3882	22.6158	11.418	11.7627	14.8345	12.1564	9.26329	6.8969	6.62955	20.4829	14.1741	23.8212	19.1357	7.03493	6.08677	10.4129	21.5604	32.9349	36.4703	11.6619	46.4939	43.8635	21.2352	17.5993	21.4041	25.7956	43.4246	27.2635	13.5434	22.2894	26.2414	9.86648	16.1385	7.70185	24.9651	13.2981	26.2321	16.1445	14.1151	27.358	23.6929	26.4049	13.8503	17.5518	19.9871	7.92079	14.1243	22.4473	12.7387	13.0395	13.2753	11.5309	12.0488	11.4425	10.3584	11.4574	10.8705	14.038	13.8726	3.31255	10.5416	9.36602	10.6753	3.41806	13.9996	12.4018
9.54706	15.8776	15.972	14.1624	20.1022	19.4874	16.3767	15.0049	11.5634	5.09148	4.25661	2.39336	2.50829	4.52531	4.50245	1.6349	6.13645	6.29673	7.78734	8.83533	9.90032	7.76871	2.85117	1.69724	2.5609	6.31258	6.45227	4.13359	4.58985	4.46619	10.4309	16.6154	32.7466	26.9071	13.0473	15.7273	13.158	25.5693	30.9409	10.3871	3.21706	5.47007	6.71215	5.39711	5.96227	5.25903	3.34339	8.00692	10.2838	4.30492	7.16564	11.3982	9.52344	10.9005	5.84338	3.97348	2.159	9.42456	10.6702	7.94704	2.82491	8.06112	13.8912	6.68385	16.3081	17.0938	8.18395	4.64731	3.28978	2.26619	3.11889	2.85117	3.46501	6.0719	7.20396	8.12176	11.3321	8.39299	4.27383	3.46067	9.61304	11.0092	12.5485	10.0149	5.16889	9.05977	6.96552	6.03311	8.35679	6.35412	3.96222	8.597	6.11527	5.97474	9.45075	15.1592	19.9533	10.4051	5.71117	8.47341	14.2107	4.3049	18.9618	4.5414	6.3312	9.19661	19.2081	15.938	5.93026	6.52431	11.4083	13.3334	16.8402	6.83275	18.2499	13.0557	7.75719	13.7934	17.6806	22.4544	14.2114	10.449	12.8475	13.2125	15.1737	9.24994	3.9919	15.5036	34.0951	26.8301	11.8927	23.0527	25.4056	14.9393	6.25008	15.6973	16.0353	17.4365	19.6668	8.81529	5.29537	12.9937	8.63728	5.49119	5.39699	4.25661	8.92548	0.710707	10.6317	8.44818	6.22163	12.6847	5.05694	16.0786	9.06004	6.46385	3.64788	6.94654	5.00701	3.54931	9.77675	12.6063	17.9555	15.1355	12.6413	8.18383	10.6268	19.7831	21.3841	16.0609	20.9787	27.7814	14.9985	9.54685	36.2622	16.1925	25.9916	29.0026	29.136	26.5888	11.5197	42.9643	29.7158	36.5486	48.2681	29.3661	14.7752	20.7619	33.8936	20.5785	34.7239	37.0784	14.9066	13.7846	14.4816	11.5091	11.6331	9.49786	8.59734	14.3235	16.7176	13.8944	13.7877	10.0658	3.81032	9.47315	18.3688	28.314	42.1642	32.1443	45.7282	25.208	15.9214	14.1004	14.6416	15.6186	35.9736	46.0665	27.1429	33.6837	15.6397	17.1323	18.6917	18.6472	24.2734	28.3591	28.3229	19.1232	13.8171	26.7584	38.361	31.2818	20.1566	16.8531	12.932	8.46675	14.7605	17.5313	12.1353	10.5353	7.81475	13.8362	13.7616	7.37375	2.4666	1.54151	2.94303	7.21188	16.6509	25.7848	16.8719	9.0855	16.4707	7.68047	14.9972	15.7503
10.0197	24.1205	16.7935	11.7211	10.2598	4.27346	15.3982	20.0327	19.3143	12.9046	11.2177	7.25162	5.77447	3.90169	1.21863	2.10302	6.37198	4.84228	2.15869	2.46637	4.16532	6.41334	4.98897	0.928161	2.31764	7.03757	7.04998	3.30731	8.12115	12.2822	20.7691	28.3863	29.7642	21.7351	11.9294	22.0615	12.8491	22.9188	19.9911	3.82152	6.38601	7.60948	6.43388	4.01739	7.15447	1.96449	3.1611	12.0925	6.62371	8.68485	9.14933	11.9495	8.87178	12.719	9.12093	6.20241	4.0613	10.2164	10.2456	6.47656	3.72354	13.6935	15.3031	7.93389	17.0716	16.9639	7.98818	4.18987	3.05143	2.06751	2.72335	3.34305	4.67854	9.22722	7.76227	2.50814	9.45572	11.4094	7.73972	4.67836	8.28007	12.5608	12.3424	7.51738	10.1042	10.5503	6.82963	4.76875	6.15491	6.09042	3.23511	9.92917	5.11137	5.33897	8.87142	15.7933	16.0797	5.27264	7.85847	11.3473	10.5665	9.06553	15.2783	1.4211	5.23889	6.31667	20.4106	21.1837	2.58382	10.8904	13.0297	8.88638	13.0688	12.5505	12.7067	15.3768	4.50197	10.1427	14.616	21.9675	13.7152	11.0645	11.8685	13.5781	13.469	8.1339	6.74176	17.0924	32.5725	24.6108	6.36066	14.0237	29.4501	31.2136	13.5908	8.76081	14.161	24.0952	25.3729	9.64926	13.3888	10.4044	5.33064	3.41725	8.7933	8.99724	8.74905	3.69583	8.02638	10.4477	16.3654	12.6046	9.4208	13.8789	6.69161	3.61898	4.43927	10.9316	2.24623	9.64926	10.5869	4.47252	10.5221	5.67212	11.5247	16.5879	18.8085	17.916	7.74736	8.44209	17.6876	13.3101	1.10353	19.3461	31.7373	7.10579	29.9435	20.5045	16.2812	14.7985	25.9102	48.4277	17.4708	48.2366	26.823	9.53001	9.0608	14.8402	27.4953	36.3942	9.36441	46.3158	39.6191	10.1426	13.2697	7.70038	5.67986	5.16001	8.04988	8.41808	6.0858	8.19729	7.70007	6.46075	5.87511	9.94964	19.488	23.1611	32.1703	24.796	30.5456	25.7487	7.73985	11.3106	12.0337	8.45437	21.2522	40.4742	22.5699	30.492	15.5757	18.6624	14.3555	25.6347	35.0986	39.6198	32.4558	18.4184	13.6333	13.8463	9.41345	14.9246	19.084	15.9555	4.75637	18.6298	21.3717	12.7612	7.74699	9.05119	18.4562	10.2663	3.86752	1.04836	2.39316	4.82714	11.9217	22.8531	24.2641	15.4744	17.9133	18.3539	12.8235	7.43547	20.1172	24.3754
3.79011	28.301	22.8464	6.22315	10.7996	13.5391	18.5695	11.1942	17.7324	15.3937	18.5117	13.2472	7.96744	4.69361	0.92808	0.544995	3.80945	5.84215	6.08527	6.16406	5.49041	2.6234	4.31426	2.56053	1.9643	5.84946	6.60316	4.64329	13.9789	15.5737	17.3422	20.7595	18.0439	12.1248	18.334	27.8689	22.8564	22.3923	10.1999	5.43404	6.6013	5.50114	4.54079	6.71049	9.47287	3.54868	4.63073	10.0693	6.14754	8.79446	6.33032	10.4643	5.9293	9.68218	9.22792	8.24411	2.62906	9.32039	7.39354	4.00216	5.98065	17.9371	12.9671	7.27268	16.0314	16.9023	9.28961	3.86711	2.88663	2.4842	3.30719	3.16083	4.3041	9.73065	4.23168	4.38547	4.98539	7.69562	8.38656	12.3384	9.62129	4.99748	2.24602	1.15598	9.18567	12.7775	8.63367	6.62078	4.15763	4.02808	6.7109	7.60459	0.621416	5.07891	8.97045	16.9833	13.326	1.73159	7.41514	14.3259	6.33223	11.0002	11.1545	2.43592	8.34491	7.73893	24.1218	17.9978	12.4746	11.2292	2.4842	1.90299	6.06814	12.8813	4.81737	17.403	13.5182	8.80265	9.41863	16.5863	3.31145	5.87454	6.01986	7.23288	5.24709	6.75167	2.29825	22.0093	31.4573	14.8268	19.512	13.3876	8.42582	29.0153	29.2626	15.1527	2.43592	25.4827	25.14	5.59358	9.56921	4.55368	10.0919	7.74631	11.8197	6.20185	5.67933	3.24853	4.01685	14.6356	17.4173	9.61233	7.6993	16.4861	8.49406	3.92771	6.96408	9.89642	9.13397	10.5979	12.4253	3.59401	9.08359	8.35734	8.92396	24.3502	21.3231	9.32558	20.7284	15.3725	13.1748	5.29422	8.58847	13.3963	26.8573	17.3754	30.6796	14.58	7.03099	8.97374	33.145	47.7325	36.8249	49.6213	7.37828	11.0529	6.53465	10.1446	13.2601	29.8916	42.5455	21.6209	48.38	26.5685	6.74543	10.1542	18.4428	16.7871	12.3855	22.9885	14.5553	16.3307	8.2792	10.4647	12.639	8.42616	4.31426	12.1984	15.9559	26.8717	25.2699	18.1493	16.4648	6.68219	10.9295	8.28104	21.4149	32.1257	15.9048	22.4582	10.1022	13.0621	8.79272	8.35578	9.78039	7.74065	10.5619	12.938	14.2979	12.0743	7.76875	16.1896	18.6433	7.74631	20.1152	4.47213	28.6027	16.5198	9.99687	7.60866	15.3962	15.4355	19.9355	15.7756	8.72878	12.3896	15.5327	7.81372	9.25126	15.8714	11.9265	11.5413	16.5977	16.8835	18.6607	23.9497
14.2404	22.9195	27.8622	15.5254	12.0072	6.8987	11.989	2.01632	11.7678	15.665	20.7061	15.8046	7.37117	5.21824	2.46598	1.6254	2.29795	3.16501	3.16501	3.77401	1.69675	1.83124	2.31091	4.40863	3.04612	3.30663	4.84131	4.646	15.5168	20.5044	14.7156	14.6129	21.6868	15.8897	28.6193	30.8998	19.8973	12.8003	2.39267	4.01662	3.80922	3.53163	4.40863	10.0782	10.3691	3.65076	5.96056	4.31396	7.76045	5.62708	6.6732	11.0736	5.68666	7.75497	8.94742	10.8961	6.91318	6.99675	7.48464	5.60849	10.2143	16.0698	10.4019	5.83383	14.0519	17.5265	10.8593	3.16032	2.58325	3.07991	3.54832	3.48526	4.99681	9.54421	2.69553	5.15888	3.99081	2.68987	6.09636	15.4706	11.7755	1.24256	4.42195	4.91691	6.09648	13.6909	11.1115	7.91748	0.878675	2.97223	3.14167	5.73265	3.96122	6.53399	13.2043	15.4752	12.111	0.516987	9.77941	14.7956	2.62301	13.4658	8.13729	6.11312	11.4833	9.13472	21.6837	10.0967	16.8814	5.33811	2.41739	4.14308	6.86037	14.336	5.8316	17.7104	14.9097	9.10941	10.5609	9.89127	4.57882	2.60606	5.73276	5.67875	6.70981	14.1347	11.135	25.4005	23.8629	15.1696	17.6375	18.3135	11.7058	13.0149	25.5336	23.4024	9.64715	23.2526	24.2602	6.45079	6.55604	3.39053	8.50681	10.0982	11.7674	6.99499	5.43343	2.58317	10.9438	17.4759	5.96044	10.8974	6.11352	16.1881	9.31952	4.24842	9.20958	5.33778	11.7147	8.44042	10.5376	10.5754	3.59378	3.9611	13.2043	29.0867	6.18919	20.6529	9.93778	4.34131	8.77341	5.87385	12.0647	4.82616	19.1378	6.5293	31.1336	13.9742	11.2057	11.2232	34.0857	48.7057	32.9945	49.5799	6.29459	9.55168	3.3245	0.385333	6.32938	12.7867	38.3363	34.9199	31.6941	45.1328	30.209	25.5393	33.6805	37.0399	32.0237	20.5473	15.3947	22.7272	12.7137	6.9972	6.67498	6.11312	1.63449	6.74463	13.4174	19.6942	20.6351	12.8126	8.73401	20.6194	13.1	10.7519	23.6245	18.4835	12.7377	13.9344	6.86471	10.1027	11.438	12.8474	14.0965	4.30025	5.46039	4.30017	10.4129	12.0651	11.5607	20.1058	22.9706	7.41859	20.6188	1.08978	30.4215	19.3286	11.8516	3.80907	6.3871	16.9547	19.273	20.1267	19.3461	23.218	11.0944	17.3034	23.0976	17.2144	18.3908	24.7381	24.8764	21.4468	17.731	19.2501
18.104	12.7809	27.4862	28.6253	24.7786	23.576	22.5598	15.4701	6.45914	13.743	23.7003	10.375	8.39871	8.18991	6.14151	4.61386	2.85006	2.88608	3.54781	3.54781	1.04806	2.46564	3.4422	5.12712	5.61606	3.10353	2.88608	2.82386	9.3295	19.6995	22.2638	14.4107	15.7931	10.3531	22.4361	26.5901	24.0646	18.7656	6.57556	1.21828	2.55991	1.47198	2.39874	10.298	10.2634	5.95993	8.75789	2.34241	9.93633	4.84098	9.34362	11.1464	7.39255	8.42616	7.63192	10.0676	11.4714	4.02727	4.91618	8.07413	12.5921	13.875	8.02202	1.34556	13.3691	19.7683	9.10068	4.18879	4.47124	4.08905	3.68276	4.39483	8.0618	10.0973	6.33134	7.75448	7.03591	4.16412	5.07505	14.591	11.7173	2.96209	3.64635	3.46367	8.44498	12.601	9.70379	4.99627	6.0382	3.89319	1.85523	8.04726	8.20232	14.0464	19.3342	15.7351	10.2345	3.51024	10.6902	12.5069	10.9845	12.8673	2.13049	12.1102	13.1904	12.7383	13.9017	8.11556	14.9859	6.99643	5.90843	5.27112	6.08863	12.9369	8.22319	18.3651	10.2135	13.8542	13.9147	12.6137	9.80379	7.03178	7.2916	5.92079	11.6283	14.5471	3.59332	25.2716	9.25851	14.4108	12.7152	12.5715	20.8534	19.2606	10.6064	23.0379	18.9415	13.5493	19.9684	20.4214	15.6737	9.45334	8.97232	7.75435	9.47115	4.92218	1.69667	7.2873	11.1105	12.2328	6.33134	7.6318	8.45196	16.9922	8.90302	0.927893	6.8532	7.39255	11.1234	5.92058	5.67823	10.6241	10.0409	4.961	13.5737	21.4113	19.4124	17.9973	8.77948	9.19368	12.4401	6.67467	14.0867	1.25427	17.1509	12.0825	28.4745	13.6353	10.341	9.86185	27.5349	48.1203	25.2362	46.7012	12.3599	8.18991	11.609	1.00465	6.73982	12.9664	18.9311	47.3527	14.7687	40.2065	28.0878	9.28789	22.7521	20.9473	18.658	19.8278	23.8321	19.8321	7.91529	12.5927	14.9128	12.1001	7.90063	8.65412	11.6166	12.0571	13.3449	22.2643	18.1212	23.6819	10.1393	23.0595	22.1019	2.2456	7.40003	12.9888	19.1923	5.27096	14.552	10.6985	10.3673	11.9838	9.61389	8.57868	10.1757	8.72662	6.75934	21.8428	18.2797	13.4556	19.1209	3.96063	23.6804	24.5788	22.8392	26.1736	26.2245	18.4674	7.72819	10.1687	6.37704	10.4011	16.1942	22.3474	14.1207	7.43364	11.1033	18.0009	14.6845	8.634	6.15314	15.1792
13.9156	6.48572	13.6136	20.9175	23.7985	22.6642	17.8381	13.6533	20.2697	21.975	9.54245	13.0113	18.4505	15.9173	9.94592	7.96378	5.53143	1.6251	3.44177	2.60557	2.31047	3.62973	5.4564	3.31069	4.64511	3.17393	3.923	4.01587	5.70849	11.6921	22.5807	20.6322	13.9004	14.6576	18.3978	25.6715	22.8998	23.6404	12.3903	2.31035	4.61321	1.86301	1.21816	9.09977	11.6693	8.21522	7.43841	5.92985	8.42339	4.62592	8.86474	7.56815	6.44057	8.99361	6.45824	5.34502	8.23111	6.00862	4.46097	7.23254	15.3122	15.9158	7.8777	3.00643	14.5428	19.9819	5.92	4.54274	4.72996	3.77742	3.53097	4.25827	7.49299	8.83075	7.42318	8.6067	8.57144	7.04762	3.75779	10.4612	11.1464	4.84053	1.48191	5.4322	7.03485	8.24153	8.35287	3.16457	6.18114	4.99588	4.03062	9.71323	8.18897	15.5203	15.714	11.6278	8.11846	6.43121	8.57771	8.63323	8.02174	3.65015	5.70847	10.6627	10.218	11.5726	3.54746	13.994	10.2129	8.07353	4.86489	4.13529	9.1923	7.95796	11.2873	20.2639	12.4222	15.2162	16.9951	7.82443	8.82467	7.4642	7.78368	9.2999	14.6847	17.4211	14.9189	24.089	6.69788	10.6947	11.6598	14.8614	18.2691	16.2628	5.93013	15.3078	13.2932	2.86536	13.9209	18.4904	19.3601	13.6539	11.231	2.13023	10.3177	6.91173	1.70525	9.3607	8.20121	8.96648	7.22456	3.82007	10.7924	13.7538	8.09515	7.10305	6.75876	9.404	7.10314	4.13163	4.14247	6.8337	9.11727	7.32039	9.77191	18.4036	20.0879	13.1014	12.0249	12.0075	8.70639	7.30647	16.9819	9.30544	12.5107	22.4376	15.6998	24.9206	13.0115	1.31195	16.5858	38.7856	17.8381	38.194	19.6151	5.01062	16.8039	6.75656	13.9399	12.2629	13.3902	50.3156	27.808	45.911	31.5799	23.217	33.3825	36.251	29.2224	21.8336	13.3839	13.1132	5.95933	6.18116	10.8864	11.0796	13.6581	14.9334	11.0962	8.63323	9.93579	15.494	19.8089	14.8237	4.37769	25.7086	7.47935	17.9069	25.2521	9.67944	26.3367	20.4065	18.3126	8.6467	4.01596	5.66739	9.39788	10.74	5.848	5.73949	13.6288	12.1032	10.8762	25.2355	23.226	7.60635	6.57476	19.3076	20.4976	11.2176	9.05767	14.1173	18.9777	17.0558	14.0185	3.24759	17.8187	17.3381	17.9173	10.2294	14.0152	19.6438	12.6353	17.0645	11.1224	20.0941
10.7742	2.75444	2.67824	2.39829	2.01568	3.17345	10.6005	18.5045	19.6135	15.709	11.2026	20.4438	26.0684	32.3526	30.1452	24.3431	17.4538	7.53869	2.77578	1.54056	1.38873	5.01001	5.87227	1.10305	2.78112	1.72233	3.80034	4.21604	6.7233	14.6564	25.6279	23.6726	15.8372	15.9297	7.12903	20.1953	23.4269	21.5696	14.3323	4.88836	6.13301	3.81966	3.97116	10.1893	12.1481	7.7881	4.29898	9.28012	8.90139	4.84012	7.43778	8.05661	3.31026	8.49086	10.0698	4.91526	4.22987	3.96008	5.15473	6.2159	16.358	17.2447	5.38018	4.99532	15.6608	17.0245	4.29904	3.92641	4.6289	4.51304	5.33658	6.58993	6.74286	7.58457	7.26206	6.14515	7.5253	6.93439	2.23861	6.67968	7.88231	7.13279	3.77297	6.91119	8.19343	7.28998	8.60548	5.6072	5.43189	5.39383	9.01691	12.0236	10.0828	15.3417	7.89152	5.33644	5.46692	9.7271	8.03678	4.37702	3.84666	6.24651	8.55022	9.39511	9.14463	7.43788	10.6049	13.4461	5.21695	8.50449	4.4704	5.56252	11.4499	17.3668	13.754	17.998	17.5632	19.3696	14.772	6.72337	4.86743	6.44895	7.33399	5.19994	19.3376	21.7982	15.7225	16.7805	18.4353	11.83	13.3259	18.2069	8.44835	15.9322	2.80234	16.4972	15.2503	11.4646	10.5176	8.98029	16.0158	8.92061	11.6551	7.79769	13.7136	10.2396	4.3502	9.04212	7.21604	10.1445	10.7213	6.24633	15.175	14.1021	10.5135	10.3157	6.68002	8.99303	10.5352	12.4749	10.5982	8.50449	8.82334	11.5959	2.92636	7.10221	7.84219	10.4432	12.0191	9.48179	7.06731	13.188	7.19787	21.0723	16.0829	28.1439	12.1945	19.4338	21.4628	7.19787	10.6671	28.4273	18.8077	20.9158	37.6663	28.3984	8.57697	10.504	9.66069	9.4164	6.66003	47.404	25.6396	38.5226	37.7505	40.1718	37.3	35.9565	36.6277	28.4016	15.7426	15.3164	10.2547	8.05661	8.9898	9.05517	5.50685	4.78805	2.9263	2.13009	9.24454	3.62948	6.51856	7.03667	9.18232	19.6369	18.8356	23.4977	33.8061	26.3143	20.3188	28.9771	23.6169	14.3518	16.8447	13.7599	10.251	10.0306	8.0461	8.13513	5.49888	5.1802	5.23667	20.7769	21.6107	8.9898	14.3376	20.941	29.847	38.3875	40.4269	31.0996	10.5767	10.2547	8.90139	6.08276	13.1994	14.5224	20.3662	23.3973	28.2208	29.4503	29.458	22.736	15.1472	25.5887
17.7403	4.53863	4.01521	3.53031	2.34188	2.1018	11.9144	14.3624	16.3577	17.219	6.62018	16.5429	11.9276	17.5698	24.4419	23.1937	21.4652	10.4416	2.34176	2.12983	1.89427	4.2985	4.08774	2.92611	1.48163	3.62905	4.01503	3.27409	5.91144	12.2919	26.5324	26.2028	15.6357	10.276	5.22468	26.0261	26.735	15.8221	10.4146	4.79374	5.67669	7.28962	8.01295	9.40797	8.72414	5.63245	2.68904	10.0816	10.1493	8.17901	4.99514	3.97069	7.53016	4.01494	11.1429	6.40493	3.8078	6.40974	6.42348	3.61703	14.3194	18.9035	5.98764	8.68447	15.563	13.4936	4.21566	3.86551	4.15587	4.02987	5.70763	6.97792	7.14269	5.66893	8.30458	4.48303	6.83217	6.97963	3.81945	8.07204	8.08812	8.27682	5.49827	7.20509	8.19262	6.97753	7.20509	8.21221	7.41408	7.41585	11.701	9.46428	9.77039	9.88181	5.83671	7.43704	1.47158	10.6073	10.1659	5.64809	1.55959	5.91175	9.04609	10.3638	8.1997	6.89165	10.2167	5.0564	3.7726	7.1972	7.69615	8.77072	12.0052	15.7414	15.6703	13.6227	27.3089	17.3559	11.5457	8.5648	5.48781	2.41649	0	13.0475	26.1491	11.4583	5.76896	14.8214	14.9089	9.26104	13.5381	9.06077	23.2118	6.82573	14.3615	11.3051	12.3519	10.8411	8.64511	9.72611	16.9756	12.0127	4.16271	14.1995	18.1464	9.96137	6.40493	8.00168	4.69453	10.1252	10.5646	13.4017	18.0297	12.8975	10.1272	11.566	6.43937	10.5595	10.738	11.9245	9.67786	13.324	9.88892	11.6816	5.70763	11.1797	7.46282	9.70158	7.62982	12.829	16.1007	0.97444	19.8504	21.5309	12.5982	22.1271	22.1909	13.5057	13.9794	14.4492	6.02662	20.5558	26.1768	27.9138	25.8324	45.5904	6.34785	12.7023	5.47983	7.05218	11.8543	39.1312	38.0674	3.28769	30.2257	32.1889	26.2985	18.5805	22.0506	30.2613	11.7785	12.8247	11.2605	17.3714	20.3575	18.8047	17.0621	10.5595	6.90236	11.0328	14.9631	13.7874	8.12942	9.15526	9.24391	5.49818	8.88768	9.11073	30.4684	30.6302	17.943	32.3625	25.4401	12.2919	7.19946	13.9065	16.5903	16.9207	16.2038	17.6844	16.7545	14.577	15.4278	14.5434	14.7177	9.28999	23.1228	26.2874	32.3592	34.4523	32.2685	39.5815	27.1306	18.2681	13.4318	7.15883	10.4702	6.40952	3.67759	12.6196	15.9487	25.893	26.5949	12.0611	14.7656	25.0156
23.7576	13.8943	7.22891	4.69117	2.93079	1.04766	8.73181	14.3584	17.48	15.0584	10.9496	9.92259	11.4083	18.2777	24.7993	25.9254	22.2468	7.37362	2.58776	2.41622	2.23813	3.00541	2.07321	0.344499	1.38845	4.86319	4.46934	3.44519	5.5928	7.51194	26.5247	29.5921	15.1095	6.40429	8.34529	23.5082	27.9931	15.9725	6.3286	4.62778	1.21786	3.61658	0.974341	7.26883	10.0639	8.71858	3.52995	8.28111	9.89081	4.01462	5.29134	4.16257	5.23534	3.98892	8.48913	4.82388	7.33263	9.44984	7.66704	6.58871	11.21	17.8139	8.81996	9.91384	14.8565	10.84	6.59752	8.41466	10.3264	7.96334	5.22435	6.0286	5.85898	4.91458	6.82504	5.98703	7.02895	9.56247	7.0663	11.8948	12.1428	8.76156	6.35642	8.05876	11.5	7.9283	5.08774	10.5798	6.85097	8.38178	6.61917	6.93303	7.49084	6.03573	5.62408	9.41748	0.710186	10.954	9.24106	8.07151	13.2403	13.5237	15.7671	13.062	8.86598	14.5047	5.77089	2.77532	7.69123	8.59086	11.0011	10.4955	13.2152	12.8036	15.4483	9.56988	30.7013	11.1899	4.8392	2.31622	5.10191	2.77522	8.21139	23.5297	14.5614	11.8065	8.38695	6.7564	8.27465	10.7355	8.58542	14.2847	22.5515	16.2649	27.9607	19.9022	7.99039	14.1299	3.24646	12.2361	16.7653	13.4586	6.12484	16.9121	10.2143	8.42289	9.80539	7.75112	4.31186	8.75814	13.1692	11.8608	11.0567	11.1178	3.7996	11.0567	3.26477	7.54276	6.3493	3.75657	10.8308	13.5198	11.0758	7.21459	12.8585	9.92299	3.6491	3.23296	12.5435	13.7298	10.7893	21.6303	20.6689	5.83893	4.56704	7.19826	11.9701	18.0245	12.419	12.4752	5.33544	17.4807	24.1541	46.4382	15.3388	48.692	33.1742	6.93497	16.9245	13.4112	11.7952	22.2317	40.6924	46.9446	42.2575	39.3358	37.9776	34.618	34.3411	21.0684	16.3679	23.9091	16.2736	12.6102	13.6311	19.3868	27.578	30.9499	26.0355	15.0448	11.7105	11.7891	1.04764	9.27683	17.8643	22.4295	24.9526	27.1468	30.8177	22.5025	8.73481	27.5628	33.266	26.2662	18.875	9.01535	6.94128	13.1702	19.6567	21.707	19.8311	26.6161	23.8396	5.52955	11.7134	23.1041	27.7134	16.2977	15.2869	24.8443	5.59302	28.0874	11.4194	15.9827	21.0713	17.0285	6.55304	5.73746	5.23284	19.2128	15.6681	17.7087	5.52955	16.1882	15.3355	12.2874
25.5994	17.763	7.56537	4.65286	4.84159	3.69285	3.10203	8.96312	20.3111	13.8482	11.6979	8.11174	2.69387	16.3222	24.79	21.1044	11.5832	1.25368	1.72184	2.12943	2.26421	2.80153	2.23792	1.10274	1.25368	4.6242	5.25727	4.08699	5.62367	6.57229	22.3075	25.326	18.603	13.0079	7.04479	23.9653	29.5087	16.5735	5.73698	4.95552	2.30948	4.46895	7.53654	7.63598	9.68169	8.38602	3.44057	5.70628	10.3249	5.84561	1.8939	2.63287	0.544631	3.75624	4.01419	4.0582	7.206	6.46515	6.17644	4.77765	6.86066	12.648	11.4254	9.63284	12.3947	6.84363	5.15608	8.71457	9.56927	10.5909	3.26445	6.18579	4.02536	3.39312	3.61616	8.04343	4.98236	10.2741	4.14086	12.4653	9.89601	5.52929	4.38255	4.21483	15.7818	7.87454	5.32667	8.049	4.67502	8.54938	1.83022	6.26101	9.22651	9.60913	9.59266	9.17181	1.75593	9.6224	6.02803	8.87968	11.5006	9.24192	23.0896	8.06325	8.5629	7.55967	5.38951	3.20051	9.44864	8.56295	7.65121	5.68599	10.5855	8.19847	17.7011	6.89867	31.1268	9.17181	4.02522	3.77189	3.9995	2.43429	15.9168	28.4352	11.5006	4.76512	20.99	17.1332	10.0727	10.6909	3.84555	22.2361	10.3482	26.5083	22.6413	15.7048	10.0587	10.5974	5.64702	9.5224	13.6484	17.0216	5.5053	18.1872	3.68102	11.1876	10.7447	4.79283	7.67389	10.2258	8.31211	5.29071	5.54779	18.3196	4.92282	10.3702	3.01005	6.06654	8.64967	3.28686	12.6973	12.4675	10.1486	3.86473	10.7816	4.53772	2.07303	9.6047	14.9274	2.39143	14.9484	18.4304	10.7187	8.21219	8.58466	2.69398	5.87574	6.30753	9.44097	10.8325	17.0748	13.034	12.3548	44.2755	40.9331	36.2614	46.6311	32.4816	12.3446	13.3757	0.878154	0.243582	12.538	25.7019	26.3039	18.3826	21.9033	15.51	26.0537	25.7173	24.5364	31.3283	17.8127	5.45706	7.67351	13.4978	22.0466	27.275	26.0381	15.7864	17.1943	13.6372	5.10173	13.8599	18.2354	12.814	18.4641	22.0976	17.9815	5.39245	18.492	10.3128	22.8907	20.667	17.3979	14.7154	16.2828	17.013	10.8539	13.9891	12.2138	33.1168	28.3014	7.26804	17.822	24.0164	16.983	5.07555	8.8793	21.8589	6.04509	22.5901	5.70652	11.7744	16.272	19.4008	8.67791	8.58466	7.43568	22.5625	10.2271	23.1184	4.38255	24.1317	15.1722	3.92887
15.9572	20.4373	11.1462	3.8181	5.66711	5.71595	1.86224	6.02489	15.9831	12.272	12.1442	12.0758	11.7751	19.2177	18.2259	5.05183	1.10257	1.00407	1.00407	1.83003	1.83003	2.8012	2.0149	1.2536	0.861031	4.25596	5.82496	4.49799	4.86529	5.46452	18.9309	21.0771	17.6233	18.2259	7.19718	28.0271	28.8575	14.4291	5.22315	4.15799	3.5418	6.3552	7.13212	5.34249	10.8575	6.29739	2.46425	3.64426	8.54672	7.73291	1.10264	1.38816	1.34487	4.4719	3.67662	4.31111	3.7872	2.06574	4.85022	2.12929	5.26794	9.39907	9.31339	6.51812	10.0264	7.55118	3.61599	8.11422	3.9586	11.208	3.86439	5.0981	2.72089	1.90154	2.07288	8.96687	3.24585	9.1207	2.67706	13.1325	8.7134	3.78722	5.22338	3.50825	17.7669	8.16917	7.53568	4.29733	1.04746	8.22715	6.00539	4.33817	8.50125	9.94082	10.952	7.93957	1.24166	7.35454	3.92114	2.0149	5.32606	12.8124	24.061	4.85958	11.8583	4.88369	7.73291	0.516644	9.29492	8.39371	3.89858	6.46458	9.86749	2.41577	17.9532	9.34428	29.535	6.51812	7.1566	5.83769	1.38824	3.0488	20.955	27.516	11.3004	6.09235	22.3809	20.8284	14.7606	8.3369	9.30108	23.3499	3.6807	30.0943	16.2747	10.4564	11.1462	7.48946	7.20509	7.82037	10.5306	17.0183	5.12401	19.1347	3.96955	12.585	7.75536	5.91005	4.62714	5.17817	3.95475	9.10814	2.58727	19.1107	6.58705	8.56694	5.50475	5.10677	11.2818	4.66821	12.5109	13.5297	10.894	7.22948	9.84011	5.96909	7.46054	12.3768	14.514	9.59196	15.4861	9.88484	5.46489	13.9697	9.31345	4.75235	8.79556	6.42817	12.9576	10.2742	18.6453	5.91743	0.927326	41.6611	46.09	12.0505	44.5635	44.4345	5.32343	10.2853	8.05728	5.83771	3.628	17.5342	15.7845	9.4402	19.8158	8.71346	4.7862	35.3033	21.8173	29.0745	20.0518	8.97656	12.0468	18.5265	24.1612	20.6845	14.047	21.357	20.7002	13.6218	2.48231	13.9206	21.6611	13.0215	5.37831	4.01397	3.17243	17.0693	6.24424	7.52212	16.6698	16.7292	12.5441	15.5613	17.8801	17.3807	6.00558	11.1043	8.9494	32.6084	31.0786	12.3755	16.6865	15.5003	14.2664	14.8137	15.864	19.472	5.33177	18.1256	3.98818	5.01717	12.8779	20.8086	11.1879	6.61795	8.12853	26.4956	10.5844	23.7767	8.55375	21.4051	15.4942	13.5881
12.7326	16.3081	13.8561	3.54123	5.3884	6.89303	4.84972	7.55042	12.9789	11.4189	12.3751	15.7792	23.1173	22.7485	12.9574	4.16109	1.00403	2.01478	1.31125	1.69545	1.77231	3.77502	2.96996	2.01478	2.00744	4.34794	5.19166	4.49754	4.40169	4.62648	20.0835	22.3207	13.9123	18.173	7.37151	28.2876	22.2661	12.8157	9.10757	7.3778	7.9756	9.76233	5.83726	10.0889	11.4747	2.23743	3.15809	3.39248	4.10051	8.5004	4.1329	1.34465	6.21299	7.39345	5.86473	6.15876	4.0283	1.62416	3.95795	1.55898	6.97693	8.94842	9.50557	7.13176	11.3705	11.8855	6.14933	10.4202	7.62705	12.7302	9.3726	1.85406	4.16109	1.77241	4.02459	8.50711	2.83766	7.74894	5.19742	10.1241	10.8577	2.43381	4.58517	5.86939	14.992	6.69396	8.085	6.79128	5.90946	10.6566	6.89303	8.33778	12.7734	9.44097	8.22294	6.42738	1.69554	5.00756	3.80616	5.10647	9.67584	15.7758	15.115	10.9707	14.7303	9.91162	13.319	1.4197	12.7144	10.1579	6.7806	7.92652	8.75565	5.39145	15.6639	11.2398	24.7252	2.75311	9.70192	4.48145	2.50574	6.52874	21.4785	20.6212	12.9458	5.26763	17.3587	23.2826	16.7256	13.665	13.7489	22.4576	9.42417	29.7514	11.7586	8.54614	13.1159	10.2849	7.76974	9.39207	14.6715	14.7527	11.9756	19.0396	9.81871	11.4967	6.18488	8.86506	6.19668	6.0342	6.79128	10.0453	5.17771	14.992	9.05195	4.35137	7.22658	5.66413	14.9379	6.00517	10.9807	13.0978	14.0069	10.9734	10.6531	7.88261	8.12787	11.3902	15.5613	15.0513	16.2735	9.73429	3.28628	12.0916	9.7578	9.54505	10.7428	8.25279	13.3191	6.69404	11.6855	9.83895	5.48543	37.3373	42.6237	21.3952	25.0087	45.3427	34.2021	6.19893	8.18992	9.56752	9.39988	19.7406	11.6952	16.3312	19.3867	3.54561	13.1314	25.346	13.3972	27.0897	16.273	12.8935	15.3047	24.5504	29.8128	29.0442	13.0908	23.9258	21.6849	11.4589	4.43527	14.3302	19.6812	14.9058	12.9463	10.2571	5.22297	16.2256	1.82984	7.43434	16.7167	10.4918	14.3543	21.994	19.2369	19.0637	19.4735	19.1471	14.4021	21.2391	31.241	5.70536	24.5673	20.4032	21.1245	20.5039	19.2236	13.1738	7.35579	12.1883	7.70983	11.1868	14.286	12.9736	3.26383	10.491	4.15404	26.6162	19.4366	21.1036	16.8426	7.56382	10.3468	12.7305
17.021	15.9877	9.54828	3.10105	5.30023	6.66722	8.60061	3.69179	9.09384	0.709898	1.62402	6.99924	29.7339	28.0755	6.93871	2.80073	3.32183	2.55813	4.34775	9.7073	10.8692	7.22826	3.42678	2.39078	3.54528	6.17709	6.19599	4.63889	3.48215	3.33938	23.0754	22.663	8.41789	17.8085	5.00725	24.1923	20.928	23.6059	24.3253	26.3424	28.5064	24.4584	16.2267	16.4712	10.2114	4.24505	4.94546	3.95786	2.82189	4.85834	5.47422	12.5654	13.0929	12.6089	17.5129	16.6465	9.3993	3.92041	4.4047	2.58679	6.56147	7.52073	11.8228	7.13116	11.1342	11.7086	4.1539	10.6146	6.66971	10.6628	12.6962	5.53553	4.43461	2.84778	4.13957	8.54527	5.3005	8.05579	7.96025	7.76895	10.4856	2.77418	4.73931	10.3098	11.0335	2.50544	8.98774	10.9505	10.1896	14.4578	8.38201	10.289	14.9738	11.4287	12.5536	8.34794	3.95775	5.58803	4.91844	1.86177	4.6419	7.12872	10.5884	18.6936	12.8755	10.0672	16.1207	7.31604	15.5121	10.3427	6.19592	6.51733	10.7105	10.5078	15.7957	5.7127	17.1767	9.09284	5.42862	1.92436	10.9725	15.9242	13.7687	14.8173	18.157	9.76152	14.4947	23.5671	15.21	14.5144	19.2827	25.199	9.15039	26.8205	12.4818	7.87282	12.7489	9.14	2.34062	9.8772	15.4703	10.2946	18.5753	13.2099	10.743	10.7316	13.1761	11.6177	7.88195	7.58257	9.56669	14.0534	8.12719	11.943	9.91744	6.02403	10.8521	9.16188	16.2743	6.14173	11.2535	7.81893	10.1237	13.7374	12.0171	9.60679	8.54542	8.38381	9.3716	10.5559	17.3631	10.7265	8.05228	11.7913	13.1603	15.232	9.18692	7.05723	12.1601	12.9656	13.4462	11.0987	5.53542	29.5304	33.4771	31.5175	23.0268	25.1943	44.9107	21.4432	8.08985	8.79441	12.3643	16.2195	17.6057	20.892	13.5549	7.19381	14.9442	21.9467	10.8156	14.3357	6.00427	13.7609	16.3895	17.6211	10.4916	20.9856	13.592	16.8598	24.8963	19.8035	9.08966	7.80406	16.7538	23.1869	21.9473	17.1384	11.9612	10.1836	3.04834	6.37944	7.88697	8.93696	14.9671	21.9061	16.304	14.4471	16.5276	16.0744	10.9456	8.4861	23.8534	14.1375	22.8938	29.2325	23.6593	18.8009	9.349	5.90404	2.72041	12.1374	18.0076	19.0831	17.9511	22.8192	18.2825	19.955	22.6443	14.2986	26.1011	13.8794	8.88189	7.82106	3.33959	6.90736
1.55866	3.00888	2.92929	2.54031	4.62559	4.58418	8.38297	6.67563	6.68396	5.05043	5.39045	5.6035	31.0303	29.6296	2.92929	8.22173	10.7096	7.04218	6.12889	14.144	17.0748	17.3987	8.5143	2.07236	3.62709	6.62278	6.02575	4.38104	3.50724	4.32684	20.7359	19.7093	13.0321	19.7723	1.94719	16.0223	18.4938	21.4279	18.0437	22.5579	26.6241	26.7113	26.2382	22.3905	14.9159	11.1941	7.14677	5.84373	5.80607	4.88823	12.8522	22.6107	14.535	15.4862	26.3125	27.0525	20.1635	9.29267	6.51423	4.88823	6.04261	6.99853	12.2373	6.56301	11.9954	11.3047	7.57974	12.2491	8.1105	8.71947	13.8547	8.04596	7.52033	5.45523	4.30982	7.78288	4.68877	6.35342	7.43291	5.26643	8.17381	1.63293	4.35065	5.45225	7.12395	3.33925	8.58629	8.96432	6.30481	14.4185	5.33024	9.88795	13.9217	13.819	11.2052	9.83623	8.98388	9.50694	6.68631	6.82432	10.3993	10.1215	17.3618	16.2776	8.26376	10.0321	14.5547	7.39418	14.5091	9.42244	10.2218	11.4217	11.607	8.12478	13.1364	8.55127	6.37839	7.89353	4.08558	10.9592	13.5839	5.92563	3.71149	17.9895	15.814	10.0872	7.37644	16.2392	14.5621	10.0592	20.845	26.0797	8.98713	23.3747	17.7011	3.78611	5.84351	7.15456	9.51875	7.39368	10.971	11.2793	18.3168	6.42647	7.73824	9.83623	12.702	14.3518	7.06285	7.02999	9.90987	16.5742	12.4006	9.96384	12.071	9.29267	9.17652	9.74309	13.4044	4.30655	13.5593	6.97564	7.3548	13.687	11.4181	12.8063	14.9087	13.0448	12.7274	12.2373	20.9231	16.2638	21.0723	21.2394	12.5911	12.0623	13.3635	7.6879	7.95227	9.4621	13.8423	8.82454	2.83713	26.9833	10.2217	23.8539	41.543	5.5404	47.7557	28.7332	9.17615	6.56977	13.4596	12.5702	17.9494	9.15006	5.47366	6.4447	15.4583	22.2984	18.1482	7.2575	10.5907	12.6036	14.7243	11.3247	10.2048	23.5921	7.97362	6.84733	12.5763	21.8294	14.4049	4.918	8.54138	13.1295	18.4764	13.8461	13.7452	16.2662	19.0699	15.1049	3.41331	3.86325	9.7205	25.4592	13.8905	6.24236	2.92442	3.00413	2.39659	6.45573	18.4588	17.3119	12.5406	16.5634	17.8556	24.7989	21.8967	15.1049	12.5904	12.7488	19.6821	20.3389	18.1425	17.8564	15.4489	15.8577	20.4849	8.57955	20.5726	19.3815	11.7809	5.32477	6.42618	12.0721
2.12841	2.71987	3.19883	4.71645	5.3214	1.25311	3.86287	5.45201	3.71113	8.55874	6.77869	9.47929	30.19	26.0141	2.75771	18.1851	15.6886	16.5622	6.98957	18.4781	15.9719	17.3561	15.1138	1.82944	2.77899	5.86781	4.57409	1.41934	1.21712	3.40436	18.8234	17.8112	15.6214	21.4897	7.7918	13.2798	11.3909	15.7746	2.12841	9.04952	4.25097	6.18517	24.7193	18.4803	14.5616	15.3591	12.4623	14.8775	12.5423	6.51601	17.6069	23.3302	10.8553	14.1354	20.2043	19.6978	25.6286	15.6462	6.73766	7.76757	11.9774	13.4149	11.4425	2.84724	12.1563	6.44378	15.44	12.0704	6.37815	7.10503	13.8386	6.40077	7.02496	5.22147	4.15307	6.00074	4.67258	2.95913	7.32808	2.29556	7.70773	4.99176	1.00374	5.85562	8.90603	6.37815	4.38047	7.59602	5.86787	11.1837	9.83953	11.4021	10.386	14.2118	7.20235	3.10046	5.47589	8.90579	4.47021	4.21283	7.97839	3.96813	12.1564	2.44533	6.69204	7.25656	16.8271	6.2348	15.5283	7.57884	12.4114	10.2416	7.51584	5.58983	11.0749	9.89855	10.7454	16.5856	8.36179	17.9621	10.7295	15.9187	14.3963	14.0876	13.0009	14.1572	4.01242	14.5338	15.9206	7.26462	22.7429	20.7056	14.1237	23.8453	16.1756	2.75771	4.50937	5.10481	10.766	7.03119	9.45802	6.51599	12.7959	4.9207	7.76757	7.54833	4.25459	14.4664	6.34363	6.02283	6.97323	13.0361	15.9181	5.1648	14.9068	4.35016	2.58055	8.05423	9.55263	4.3265	14.1686	6.30432	10.2471	7.20047	3.52792	6.56279	11.7127	14.4401	17.918	14.0037	27.368	12.5512	12.8343	18.7451	7.39328	9.8914	14.8951	7.71707	4.35016	7.3912	12.4284	8.95905	15.5247	24.3674	14.905	14.6228	43.379	20.7842	42.521	35.2018	11.6933	4.32644	12.3984	11.3577	9.70797	7.57696	9.7519	13.2566	11.4595	9.7826	11.4021	15.8125	12.047	9.01466	12.4651	15.8635	12.575	24.8743	3.42599	9.1675	11.0752	14.426	8.2101	11.4264	10.6606	6.70309	14.7231	6.68569	11.1362	14.3953	17.7466	22.0751	20.8218	7.89849	9.1675	27.7797	13.5524	6.17352	5.72671	6.51599	6.7333	15.3297	20.2827	1.79677	28.1425	30.0817	24.9711	12.1396	8.17313	17.4527	20.4727	7.03116	14.1928	12.8674	7.57696	5.84285	3.28546	4.64127	21.1047	15.2532	9.43655	9.88117	5.8331	6.1476	9.12536	8.82321
4.29529	6.02463	9.95509	12.6536	8.12329	4.77161	2.6704	3.75422	4.24383	10.3904	11.7164	11.5468	24.1961	21.4055	12.863	27.7026	17.475	24.8045	11.2954	27.1161	22.2442	21.5401	23.9213	9.45717	1.89282	4.67211	5.07264	1.90063	1.08858	3.39101	23.4608	23.9502	11.3823	14.017	8.85653	2.29534	11.0188	14.0024	8.46206	4.71611	6.2412	15.0818	21.9469	6.28756	13.0428	16.723	17.0601	19.1088	19.9271	4.40034	20.7742	22.2939	7.30008	7.53229	15.729	9.14818	24.3164	25.9529	17.0131	22.5006	24.8794	20.0033	12.7106	8.24975	12.1102	2.12828	16.8912	3.39121	6.37951	6.19643	11.4152	5.07264	4.81142	1.20478	3.10029	5.00581	3.37799	2.24318	6.45215	1.70351	3.10023	4.66593	5.47265	3.42579	7.56103	4.99131	3.91934	5.16432	4.53521	11.8532	16.1367	10.2701	3.96782	10.7583	7.37473	1.10212	5.2876	6.08947	5.82261	5.84265	8.8744	6.95584	9.00898	4.50898	8.01564	7.87584	18.7835	7.59533	16.8131	13.3102	15.1639	11.1826	3.13803	6.27856	12.2978	9.57418	13.3683	15.7915	11.5572	15.6472	13.2371	12.9759	9.85185	4.49605	5.9537	11.5658	12.5742	17.8866	13.9634	8.3347	23.8079	18.7944	16.1845	17.1277	6.47918	3.7027	7.04081	6.44089	8.6181	5.90235	10.8893	9.22913	12.2874	6.59307	8.04999	8.08755	5.33207	14.0404	6.9747	8.1816	3.95672	10.2542	16.1294	3.6546	16.9168	5.34559	6.42543	10.1024	7.93435	7.72024	16.7761	5.28769	13.4019	6.06099	3.15673	6.97264	12.098	9.16659	16.8553	15.514	31.1339	11.7701	7.95782	18.8826	5.33193	6.24095	14.681	5.82723	5.82261	12.4252	11.9714	8.4583	25.1871	15.8358	27.8485	13.6415	33.3808	37.2103	23.3077	43.2113	17.2375	9.31102	12.2084	8.24975	13.7688	6.62172	16.1362	13.402	15.4722	8.37962	9.93648	14.8942	8.54326	7.65218	10.1289	9.64803	8.75546	25.9023	6.71767	17.1077	11.4498	6.34304	1.63263	9.72341	12.4608	3.65485	9.09921	9.24952	14.491	15.6171	14.5069	14.2598	22.594	14.334	11.892	18.1382	13.9633	10.9932	8.50398	4.21233	7.35307	21.8418	15.1096	16.8304	22.7283	12.9409	7.26622	15.5501	20.3068	22.6679	17.2643	5.58912	8.41561	12.092	12.6531	7.59919	5.08425	13.2148	17.3105	5.07264	9.76406	8.90827	5.95382	8.15128	8.78198	2.48113
14.6922	18.0918	19.4493	16.3245	12.8876	10.6583	3.15641	3.78515	6.36322	9.43484	12.2817	8.71699	15.1971	14.3478	21.2215	23.1455	14.8303	26.8827	16.4138	31.6254	21.4834	21.5519	29.3757	20.9304	6.66713	3.27125	3.19818	2.60288	2.1557	3.8429	24.0724	25.8868	10.3391	12.6523	17.1573	10.4293	4.88663	14.501	16.0386	11.6916	12.3418	16.9113	11.0486	12.0131	10.3967	15.7536	22.3609	15.4783	24.0931	7.56439	26.0311	22.3744	9.16616	3.48098	15.2174	8.60257	19.1724	27.814	15.5544	30.3941	27.5164	25.6387	20.213	17.9284	12.1791	4.15568	14.1021	1.53916	8.38033	5.12097	7.03999	8.34811	8.33433	7.80336	7.68956	5.15268	1.85318	2.57997	5.3312	3.42544	4.05552	4.99065	9.28514	5.16398	6.78792	4.6876	4.5087	2.46283	4.94332	9.65794	12.8437	9.9541	5.76648	8.96189	10.0207	7.28341	9.9541	8.81549	8.8545	7.88438	9.67558	7.78114	3.96732	6.19334	7.43066	10.4978	8.81493	15.0006	14.8274	11.875	14.8448	11.691	8.01469	1.75476	10.0631	6.04097	13.8747	6.73197	13.6202	7.54694	14.5419	14.0583	11.9473	9.44272	9.54512	13.4505	17.5066	16.8617	13.1684	11.009	22.4785	22.7446	15.9065	14.4212	7.39206	12.6981	1.24094	10.7642	12.342	11.0235	11.2622	12.6523	19.2543	14.1715	11.939	10.5789	9.25316	14.7582	9.51666	4.74962	6.18174	10.111	11.1337	14.9986	15.3209	9.47868	10.6589	13.2055	9.47297	8.79099	20.8258	7.15269	17.0639	8.10114	9.9196	8.59729	5.85431	6.35156	13.4823	13.6795	30.8861	6.39943	10.8643	14.1774	9.8349	4.34588	13.3593	6.51477	12.0601	12.1038	10.7813	10.7709	29.3849	14.743	27.762	8.76945	14.1864	40.2129	12.1038	43.1895	28.5603	15.3975	7.5067	14.8988	15.3209	9.97146	12.6365	6.41755	13.3625	5.06922	8.85882	5.33134	11.7148	8.498	14.4532	1.37669	16.9413	22.9614	1.92369	21.6864	10.9858	0.243421	2.60288	7.39186	8.63228	3.57681	4.85978	8.79099	12.0447	12.5576	13.2773	14.6973	18.6407	23.2663	32.3545	26.5066	18.0156	11.4106	6.10559	2.41437	9.19896	25.6992	25.8387	11.815	13.6446	19.7329	21.1946	12.3418	11.4694	7.90588	10.5788	14.1184	8.96236	7.27897	10.9679	10.3415	9.62644	11.6189	13.4119	7.86244	7.56036	6.12003	9.23568	8.23297	3.78504	4.12732
17.3797	15.6086	12.52	7.36185	12.8475	15.3964	8.51092	5.18876	5.92083	5.00485	10.7208	11.7139	5.34445	12.9123	18.9764	13.3863	13.522	24.3195	15.1025	31.2724	16.6117	8.24826	23.702	27.3962	14.7782	9.62155	13.5337	12.1052	6.07657	1.48013	18.2734	23.835	12.6522	9.75683	12.3947	11.69	7.89615	7.03965	8.79002	9.47198	15.7577	24.5626	3.96703	18.4523	6.90407	6.67304	20.6037	19.3393	27.0443	9.07258	28.6851	19.8268	10.7631	4.54707	15.2374	16.1809	13.315	29.2511	0.8775	29.1326	15.3099	17.5672	23.5851	27.0971	9.38688	3.57668	8.20776	6.30252	6.66405	7.70553	7.43038	8.29715	8.34388	9.78018	8.10744	5.25066	1.90024	2.48051	3.61347	5.94552	8.17119	9.9989	14.6464	8.83415	8.37982	4.77093	5.1492	3.33795	3.78458	8.63655	6.82138	7.19037	10.9403	14.3846	11.9693	5.60133	7.9071	2.5043	2.07145	4.71509	4.29794	6.6533	9.18247	10.2014	10.8819	12.3811	6.82571	17.1847	15.1714	3.702	15.9471	12.3687	10.5023	1.04676	10.0834	1.25272	12.0422	2.1278	11.815	7.12139	13.6757	12.2732	13.7779	15.1822	16.8702	14.7939	16.2956	18.4957	15.7309	14.6686	21.0025	24.0769	12.8863	16.3581	9.7683	6.18118	13.9285	4.19418	12.2047	7.475	8.71122	9.48265	20.0366	11.7859	9.64361	6.36258	6.70117	11.9865	6.45095	12.2728	2.61963	8.06999	15.6732	20.1888	15.4223	9.99884	11.7856	10.9673	7.99457	5.5144	19.3998	10.9158	17.8488	7.0458	9.58574	14.6605	16.2602	16.1258	15.7109	19.1043	28.2608	5.19449	10.5346	5.6194	7.38909	12.1126	6.48719	17.0012	12.1362	5.58823	10.0199	9.84988	29.6638	12.4319	23.6246	14.3842	6.67304	33.6751	28.4315	29.6934	40.5662	35.3247	7.26649	11.022	12.3666	9.00768	8.37985	0.926742	7.78	5.36375	7.21641	3.30687	15.203	11.4392	14.9966	14.1802	24.2307	8.73595	12.5285	22.5912	9.35057	5.42603	9.16489	11.4233	10.6578	5.04873	3.81564	5.4931	8.12663	10.1634	6.03061	19.8373	11.9934	14.0719	3.6257	9.71716	13.6106	3.61348	7.62244	6.93548	15.8536	21.2942	29.9691	10.1176	7.3736	5.72507	15.8696	23.0168	24.255	22.9713	23.3815	22.0488	19.9045	14.5352	11.0108	7.66021	7.97068	10.7629	9.45522	9.45551	7.99457	8.56826	7.26254	4.63993	10.3929	6.08862
18.7812	15.7688	2.57949	1.08822	8.1541	13.7759	11.307	8.37879	6.32262	6.9851	13.5362	12.5372	6.1189	17.1624	15.4442	14.3901	17.8168	24.3763	11.8732	26.9128	16.5264	1.24071	13.0599	25.9312	23.1027	20.2811	26.5507	24.877	16.8716	7.65983	14.2209	20.6153	7.22168	8.43875	16.2892	15.3576	9.34944	1.38715	3.64557	6.03975	22.2225	23.7959	4.91858	14.3448	4.62346	7.12087	19.7974	17.3469	31.6107	6.36888	29.2889	19.5803	14.792	6.68969	15.612	18.4282	18.7675	29.3704	9.87743	23.334	15.4542	6.19237	21.5314	31.0759	6.68081	3.31992	1.8607	9.01754	0.688317	6.02283	3.75301	1.7203	3.64148	6.06144	4.62365	6.85481	3.79595	3.22989	7.13525	9.91238	8.10676	11.1736	13.6745	8.20545	8.18411	2.68603	2.41392	6.08086	5.2195	3.60906	12.0391	5.16011	9.1015	12.6872	9.79104	4.98093	9.5143	6.2557	10.7728	12.5466	11.993	10.1265	6.98731	8.41346	7.19171	5.04824	16.7679	8.05638	12.5713	4.63954	13.6409	15.0095	9.6453	2.12759	10.0202	6.35038	15.3635	10.7728	13.2578	9.5383	12.4067	6.70073	10.2934	11.4899	4.49487	12.9576	7.04482	20.7862	10.9135	14.4008	21.4632	19.6356	13.4801	19.9476	16.3246	13.0313	12.9031	11.2184	8.23168	8.43919	9.80945	3.95174	16.695	6.81869	8.00428	1.20444	5.98871	12.0942	7.62154	11.2335	5.92283	6.85912	4.97814	11.3888	9.15668	9.69016	8.8134	6.98896	4.29756	6.79295	12.2169	12.6469	12.5021	7.2157	4.01072	2.24253	13.5188	20.6666	8.72363	25.3429	23.2084	3.64564	8.00428	4.53686	10.8728	6.77588	13.9238	16.7383	12.0669	5.22764	12.6373	1.24079	26.4284	5.90557	21.6034	16.1103	6.66376	32.7677	28.2897	11.6412	22.3446	41.6491	17.9666	6.07581	6.70049	10.7046	10.3538	8.90292	11.1738	11.4519	10.0249	10.4803	17.8595	12.407	6.61302	22.9227	16.7958	3.58853	11.678	22.8186	6.61966	10.9286	11.702	11.9117	5.96456	6.00344	2.15517	5.36031	6.18277	8.58227	8.61622	12.6462	11.2237	2.17575	16.4511	25.0962	9.28343	17.0887	8.77922	19.4295	19.843	17.7487	30.0674	13.9661	10.3877	9.28343	14.974	12.5707	6.55992	6.08092	8.44091	12.4967	17.7044	16.9567	11.2491	4.30791	6.93474	8.03656	7.05964	8.93509	6.74792	6.34135	9.25146	6.59118	4.24238	4.53364
17.4718	16.4552	3.06066	0.860272	5.68037	12.5692	13.1218	10.5528	10.7189	12.0875	8.72277	4.7608	16.5613	19.4255	11.2927	6.15411	12.6946	24.8119	10.4589	18.0103	21.3246	9.87791	5.70113	18.5332	21.4714	19.4437	18.9427	22.3812	17.9191	17.3796	12.5839	17.9598	9.31944	10.7676	16.8266	12.0875	6.20832	4.86142	5.48152	9.05635	27.5023	14.9957	10.0494	11.2275	9.55426	10.2662	18.5739	9.90377	30.4925	6.43849	27.8179	23.4384	12.3328	11.3968	13.9584	13.6809	16.385	25.9458	16.584	15.1959	8.72258	10.74	17.6742	31.933	5.52384	2.77777	3.19747	8.78818	3.44159	5.21876	5.76206	3.15569	9.38535	8.81941	6.82043	9.08337	6.31999	8.40418	14.1289	11.2029	6.2551	11.0264	8.12518	8.78	9.64747	4.08309	5.36276	12.2025	14.1203	12.406	2.83559	12.5539	14.9678	8.70779	2.23579	8.16929	10.0816	7.22106	7.4985	5.32976	1.86063	9.45827	13.7645	14.1222	16.4945	23.1993	16.5617	5.19352	6.82043	11.8736	6.68254	15.5565	10.1391	1.46988	8.90495	10.0536	17.3044	10.4479	16.0195	10.2147	14.9426	8.77865	8.69664	11.3878	9.99671	12.6977	3.16023	18.9611	1.25252	19.5414	24.6562	14.5319	17.471	18.9422	9.59747	19.646	6.23883	15.6654	7.52958	8.37841	13.4941	8.55976	16.3324	7.40734	9.53002	4.98915	4.9092	8.87763	13.6253	17.2799	9.88974	4.95083	4.30742	8.85324	9.62385	6.98443	4.01052	8.77507	3.33728	10.7149	5.00383	7.94752	1.4598	7.97824	4.30732	8.85324	21.4817	2.09941	16.2098	19.0131	18.9356	7.22341	9.23346	13.0108	9.1819	9.75937	14.2144	15.0733	16.7868	12.4225	14.3199	2.95773	22.9209	9.90405	18.1427	14.9272	5.60789	38.2038	9.72708	33.4665	28.0654	35.602	22.6342	4.01059	9.50645	11.0956	10.3391	10.2882	9.02502	9.28734	11.0457	6.61269	18.5164	9.64449	1.08816	23.9328	9.17113	11.8546	13.9097	24.1647	11.3903	12.8615	10.5476	10.018	4.13672	5.29672	2.15508	4.09745	7.04422	5.72401	10.4303	6.43874	10.2426	22.141	14.7352	25.2843	17.641	14.7495	13.6763	25.148	16.5613	21.0836	24.8699	7.75476	18.549	2.57933	19.3179	13.7693	11.5096	7.73416	3.58831	2.92773	8.05045	7.98199	8.81908	4.72366	8.53977	9.28293	11.3907	9.60034	14.0693	4.7823	7.10187	7.31079	12.8509	8.20487
16.3578	12.5823	3.15523	0.344107	3.43698	10.7603	17.0961	18.4373	17.3533	14.656	11.8124	20.3586	19.8912	14.1813	4.24179	2.26188	3.70112	17.0911	19.0246	6.20985	23.654	16.4922	2.95762	17.6681	16.3373	20.5456	13.9081	19.9231	13.4811	14.1826	9.31596	11.7642	15.2066	11.9657	12.4034	12.5944	5.38655	2.43185	4.09704	17.2594	26.2457	5.45972	16.0526	18.1139	16.4037	11.6152	13.333	15.4164	27.8082	10.2872	29.758	21.8666	8.95389	7.2628	15.4578	10.0852	10.8437	17.6686	13.2228	13.9954	13.6783	4.05401	19.8417	27.1993	4.81841	3.8607	4.45463	11.1474	7.40302	8.74822	7.1904	9.59509	12.4553	9.23123	7.26065	8.63411	5.25211	12.8238	13.9575	10.7603	8.56591	13.8697	7.78738	10.0171	10.1983	8.90934	13.9908	15.2735	10.6484	16.2029	8.65572	9.64652	19.2819	10.4777	3.00689	10.3472	7.83142	6.34018	12.9442	11.8252	8.59451	12.5463	13.1506	20.1964	23.2723	19.795	16.2084	15.4098	6.34233	9.38471	12.0082	10.9574	10.3142	3.88706	5.21844	8.8897	14.9925	6.69932	15.1317	16.7599	17.4521	9.82984	5.45163	13.9569	13.5164	13.0037	13.1557	14.7913	10.7665	21.4347	12.7139	17.251	12.2694	20.3061	2.55604	17.1437	5.17334	19.5215	12.5296	14.1724	12.6406	17.4883	12.1509	8.45753	6.58971	9.36478	11.1453	13.4977	11.2319	10.7968	14.5409	9.22481	16.8475	14.6429	12.856	8.16888	5.54206	10.5866	4.02101	14.8349	2.47979	10.9421	8.94785	13.0801	13.4811	19.7659	14.9781	20.0682	15.3973	8.88169	17.298	5.66194	8.93017	20.5401	7.68074	16.1315	14.5012	7.68094	14.0525	15.0926	16.3216	9.58312	20.0343	16.7431	17.0298	17.2356	18.2494	38.9069	21.1377	38.6896	36.0951	22.887	17.5128	18.2892	14.2425	6.20766	12.1743	14.7416	14.7972	12.4899	12.1293	6.85785	17.6836	7.6487	2.07799	16.8939	20.7066	27.947	26.6089	18.0222	11.2314	9.49807	9.88186	4.63851	3.9844	2.33898	3.33704	5.06762	3.86049	5.57892	12.2286	10.6798	17.0022	12.0644	17.7957	15.1802	21.3051	3.64096	18.8767	17.9432	7.01895	23.3988	19.5925	3.95471	17.8713	11.5851	12.1506	14.0978	10.3382	2.0992	4.63853	6.5189	5.53142	7.45322	10.8292	6.4401	8.35025	10.6484	6.81985	12.8653	18.1551	1.89973	3.84141	15.9553	13.8697	13.6643
10.8778	6.69841	3.22879	1.53834	0.620287	3.15975	9.09905	18.9234	20.5382	13.1193	11.7098	15.1657	9.75328	6.08624	2.24202	1.96083	1.00307	8.37652	21.463	11.2896	24.3552	16.0826	2.66877	18.8291	9.456	21.8127	11.9704	17.3756	10.0174	8.43635	6.61113	9.16602	18.4629	11.5299	6.59126	12.8167	10.3667	2.39487	6.07407	21.871	18.2243	15.4735	12.787	14.8092	11.9077	12.1121	6.77421	20.1058	19.0226	16.5678	24.983	15.0504	10.1973	8.16806	18.6706	10.0518	9.40601	4.62213	8.54488	9.96629	13.7214	16.6532	26.1776	12.6471	5.70006	5.49898	3.67267	10.6732	5.04679	10.0797	5.95056	11.0894	10.235	5.34273	8.61822	7.99108	6.8825	13.7902	8.73932	10.9628	6.6508	13.2072	5.96285	10.9447	7.5509	10.606	15.3913	11.5911	8.645	15.7203	10.4457	7.35693	16.7912	11.9047	1.8523	11.9692	9.50906	14.3331	16.5227	16.5623	6.81916	6.55584	6.79741	13.8566	16.6922	14.53	15.5405	23.8914	3.52535	15.2105	8.90835	4.39781	10.2857	8.29359	7.49741	8.69329	12.7159	4.39781	10.3849	13.3569	10.7237	5.34273	5.78376	10.4011	16.9644	18.0723	17.1193	12.4208	21.9863	11.31	14.7548	20.9586	9.31816	17.5169	5.15863	14.7979	5.10164	23.4143	11.4975	18.5546	11.8465	17.4867	4.15387	10.9356	5.82167	12.404	14.0675	12.2563	13.9978	9.72521	16.8109	12.8804	21.4768	14.6997	13.0449	10.606	8.9404	12.9339	11.9446	14.6914	16.7017	18.0399	16.1084	14.7987	17.3516	24.6739	10.6813	21.1681	10.8986	12.9345	15.9749	8.097	4.37764	21.7692	7.52046	22.9377	12.2732	10.7009	4.24811	12.007	13.762	15.3276	18.4353	17.2404	13.9389	13.1271	31.8705	39.5256	31.6814	39.5603	23.7536	25.4719	12.3126	9.88808	25.5011	25.1319	14.1577	14.4944	17.3613	16.9519	7.1899	8.03427	11.0333	10.052	8.25231	13.7221	23.5778	24.9147	16.0569	5.78392	13.5928	7.66525	8.06164	5.65629	2.43144	5.21768	6.69858	6.98532	4.95302	5.85141	6.03788	10.7062	14.6545	11.3797	15.5673	4.74737	17.197	18.6558	18.0829	3.57511	9.99522	19.8885	14.4935	3.84107	7.04897	8.81775	7.38025	9.16975	13.6735	5.95068	3.44092	7.26207	11.7721	9.08033	7.34887	7.52783	7.29591	11.3354	11.8396	18.2247	15.9939	4.37747	8.54488	14.0957	15.3381	7.25201
3.30069	3.53757	3.42338	2.60136	1.55733	0.860023	2.46144	17.879	22.6978	7.05657	11.0667	10.6525	2.58429	2.77697	2.81916	2.67416	3.28296	5.83117	16.9933	13.0554	20.4688	8.80845	8.53902	15.5324	2.93698	18.8926	6.49964	16.3174	14.2398	11.0667	4.62184	10.0505	17.0187	14.6472	11.3639	13.7959	13.2229	6.03765	10.817	23.4651	4.80825	17.4978	6.27433	12.0656	9.2847	10.1227	8.55249	23.9286	12.4904	13.636	18.9782	15.7243	4.05299	6.2834	16.5085	15.1205	10.9554	9.18407	12.8633	7.19502	16.0813	24.6572	26.8453	7.3229	9.4374	8.65415	3.11237	8.95683	4.46352	8.4933	1.96063	12.1106	6.68715	3.84068	9.76355	6.05907	9.46728	14.0344	6.67856	12.3293	4.63446	9.92105	2.00524	10.1363	5.00248	11.6978	11.5825	7.7767	12.1175	15.9524	6.98435	8.22866	12.7897	10.9437	5.29795	9.0095	8.5795	9.47354	10.3124	11.4116	8.94606	9.7873	4.13562	16.775	10.2462	9.71287	9.96575	26.2486	15.2913	17.2572	7.40531	5.44787	7.37391	9.04115	6.71521	4.4304	10.9451	4.24094	5.46932	2.07052	6.56426	2.29386	4.83262	7.42688	11.3293	11.9685	10.7229	7.51951	24.1488	9.04791	10.1966	16.3863	9.06667	13.9054	2.0126	7.46739	15.1289	20.1795	7.36413	16.4541	10.1855	11.5022	4.57082	12.3801	13.409	8.20428	4.94963	5.1609	11.387	9.43117	19.1059	17.1651	21.9506	9.40259	10.4924	11.2196	8.74663	11.6511	17.7047	12.526	23.0559	15.6861	10.6489	11.0667	21.4491	18.2653	13.6724	14.4294	20.3425	15.9857	16.4931	9.07943	6.522	18.1633	13.1857	22.0239	6.27403	16.8619	10.8819	16.2771	12.3262	30.8754	19.8466	24.1542	18.3805	8.21634	37.199	45.7858	34.2168	44.7407	5.56467	14.9777	24.7059	29.4572	10.7004	33.4056	24.6488	10.2853	15.533	17.9683	12.3889	6.00117	10.9404	11.9861	9.96582	13.6726	15.0046	9.55898	14.6117	6.81614	17.0209	6.58875	6.83547	8.03378	7.22125	10.546	8.37076	4.38733	6.68062	9.88399	10.3458	13.3525	5.53026	9.97679	7.73165	5.53033	15.2913	19.8286	16.8762	12.3489	6.01826	13.7201	11.8685	5.69925	3.95394	6.42099	15.4068	3.00154	13.7031	7.20513	11.334	15.6373	14.8657	14.0952	11.1759	3.77128	11.7147	16.6009	16.3967	15.745	5.61674	13.3554	20.7245	22.6651	16.853	11.2195
2.61803	3.00113	3.00116	2.92156	2.75532	2.0124	0.543925	19.303	24.4643	2.81892	13.7947	7.71059	3.67207	3.21003	2.79792	2.67393	3.70005	4.15665	11.1442	10.1219	13.318	0.172005	10.4356	5.62389	13.8908	13.0201	5.49796	13.5895	11.5387	9.68501	3.09795	7.8108	9.73341	11.9214	8.00763	10.1339	11.8686	6.71232	11.247	23.0865	2.18814	17.5517	3.84051	12.6886	13.318	8.64359	11.5339	25.1851	15.1874	13.5043	17.4145	14.754	2.47908	3.8403	14.3079	17.5361	5.69874	18.0955	14.3302	9.6503	8.26946	24.6434	18.7217	11.0928	11.8735	9.64536	4.91654	6.12311	2.9366	6.28271	4.2921	10.4788	2.0124	4.9489	7.96614	4.97562	9.3389	14.0699	4.46638	12.3618	6.71258	7.5705	0.3846	8.24506	2.9267	11.4412	9.37699	2.0775	14.0699	15.7659	5.10041	8.71101	12.7332	12.7421	6.07316	6.35647	7.28447	4.34319	13.0323	4.51535	11.8466	13.0712	11.0873	12.2885	20.3571	2.69041	9.16745	23.4393	15.8167	8.2627	12.6699	14.6524	14.8363	7.49602	3.77074	9.07975	15.5645	8.80974	7.50185	8.80757	5.94946	8.43473	3.802	8.39566	8.74926	10.6292	5.94221	16.5525	16.3417	10.4264	6.98181	11.6967	10.8771	11.2869	5.94946	5.82041	15.4122	15.3179	7.1944	12.6449	11.5487	8.45193	4.72188	9.68703	13.1593	10.2802	6.58807	7.34552	7.42	12.6315	17.6913	23.2147	23.1231	12.0432	12.0362	13.1884	11.5962	10.6518	18.6423	10.3772	23.5144	16.7098	8.71808	15.7457	23.0538	14.2494	17.7256	8.8729	26.962	10.0821	6.96736	5.94958	10.9851	9.88582	16.7811	8.28545	15.7448	5.24757	21.6978	13.2345	15.878	40.2299	7.84218	26.7963	18.6917	13.4646	40.8321	50.4198	32.4896	50.6984	7.09077	7.9662	8.70316	22.0748	33.415	24.7163	27.2604	8.72255	6.74728	18.4794	19.353	7.97205	11.7557	12.7161	7.99014	13.0169	11.9101	5.58256	16.2359	9.37699	18.2389	8.24506	6.2365	8.76387	9.24258	11.7114	7.34788	5.85067	7.79825	10.0782	10.8099	12.2175	7.88658	12.1715	9.43658	8.04391	10.2009	12.0644	11.4722	10.9084	7.06846	8.33874	12.207	13.0061	7.26027	4.50549	12.0604	19.5774	18.6403	14.6337	11.9214	26.8227	13.3711	13.9803	11.6733	11.6356	16.3011	9.87698	3.37541	3.33587	3.22836	16.8704	17.7346	4.71232	5.90278	9.82814
3.43564	3.62323	3.11175	2.60084	2.83414	2.88056	1.21595	19.6367	22.5199	7.87835	10.4305	3.25966	9.70931	16.6686	19.4103	20.741	18.3136	11.0649	8.74838	10.647	9.26464	6.67731	12.4171	14.234	16.7873	8.81539	12.2647	10.2829	10.6703	9.82556	8.39491	11.7222	10.0136	12.8444	7.79705	11.2858	14.2372	12.5635	12.6887	25.2145	8.40867	14.6947	9.01241	15.9286	12.9581	10.1566	15.0515	20.178	15.5094	19.673	15.1933	19.4457	9.84345	8.7024	10.3337	17.9911	4.63673	22.807	16.371	14.4762	7.28373	19.1189	14.3373	5.38204	12.6817	5.52918	9.97676	11.4713	10.5282	11.8303	11.0765	11.052	7.4953	9.87374	12.6132	8.32796	10.8149	14.4784	6.68594	11.6955	7.40389	6.68587	4.30543	8.37411	6.3399	9.06631	5.96815	1.69344	14.6541	12.9887	7.42541	11.6345	14.6506	10.0655	2.57808	3.95331	9.94664	10.0772	16.2366	16.0104	15.1937	9.0652	16.8782	5.00138	24.1656	4.19114	15.7745	21.3475	7.66307	23.2478	17.9886	11.3068	7.11681	19.3966	19.2154	14.5256	23.2737	12.2733	10.9808	17.3439	4.63687	15.5355	9.0652	6.49862	2.61776	5.98551	7.30733	20.0187	7.21772	11.4319	11.1431	9.22104	9.87315	11.9097	10.1949	15.439	11.0758	17.7123	9.96347	12.5778	11.0645	9.20882	8.78438	8.21681	9.55717	10.4904	12.1247	11.3728	10.7349	19.566	10.4953	29.4068	24.9325	10.0491	7.97851	12.4808	17.1934	12.2969	18.7711	9.99816	25.4429	13.7298	5.86226	12.7829	19.9112	17.4825	19.108	9.0652	22.1572	9.22727	6.52063	5.29689	15.456	4.29152	9.82699	7.64563	9.16666	20.8453	24.1665	14.1756	33.7554	30.9298	21.1673	35.3165	25.837	6.01945	39.3483	44.3369	16.1613	50.0104	27.9156	10.8711	24.5008	19.781	25.3878	21.0657	14.0253	26.6309	10.7141	11.1012	21.5118	3.67578	5.00138	7.01623	13.1236	14.2977	3.15887	8.24282	9.78054	15.3444	10.938	20.7205	5.8374	6.79592	11.5565	11.1725	10.1949	14.5259	16.3849	15.9902	14.6882	17.2305	16.0971	13.8371	12.0362	19.5335	25.7566	25.0393	20.6057	14.5735	9.66833	9.42821	15.5087	22.3677	23.4062	14.0636	16.4683	23.7024	16.6012	14.5878	20.0844	27.0142	5.31909	4.47564	4.56968	10.5824	14.3843	15.6605	14.6244	9.31239	3.92342	14.8348	14.9503	10.5402	12.6917	13.9318
3.98251	4.32193	3.63908	2.62315	2.55479	2.55479	1.95997	16.1347	20.3709	7.05502	5.67457	5.60469	19.1661	21.2726	21.1314	22.3829	21.7573	18.8895	8.80812	7.86867	7.5408	8.33258	12.5032	13.7411	10.839	6.96814	13.5152	13.5018	10.4241	5.98477	11.0293	11.8668	12.7922	12.8029	7.08968	14.2473	15.4548	9.0641	9.07652	20.4529	13.4622	7.3678	14.7827	21.8862	8.70941	14.9713	20.1796	10.1488	19.2504	20.8529	10.5823	21.9392	6.88004	9.38033	9.22682	19.409	9.5548	25.1842	12.3996	17.6478	17.4811	22.5131	18.4514	11.9006	11.8275	5.698	10.2146	9.74971	10.7306	11.6195	10.7293	13.6999	13.8017	13.6341	15.5965	10.3809	11.7625	14.3832	6.28884	11.4599	5.489	6.05757	4.74574	8.07971	8.37357	8.87266	4.6206	1.47909	13.4223	8.83537	9.55508	10.675	13.0545	7.6827	4.80687	6.14095	11.0853	10.5702	13.524	16.2234	15.4556	10.8945	17.3904	5.65925	23.3671	9.79006	18.9626	23.0545	18.4761	18.6973	15.5127	12.5992	24.5222	16.8174	18.2189	16.8341	22.6718	10.5179	10.558	18.4879	8.24409	20.6608	12.0964	9.56524	3.87404	6.12222	18.2179	13.1741	14.2909	13.2614	13.2659	10.9317	8.04587	16.0275	16.5718	21.5668	10.7489	18.0328	17.5931	13.1941	12.2126	11.0394	8.90505	8.57051	9.95302	8.95475	11.2164	12.708	17.6845	13.5717	14.5388	30.4786	24.9411	9.15072	9.94463	12.5641	11.1829	21.0491	11.9461	21.5009	22.8163	11.0895	10.065	12.0069	13.081	14.7962	19.1446	10.3302	12.547	6.60641	10.8072	14.5714	10.8697	11.6705	4.71144	6.22592	18.3197	25.4928	9.40015	37.3782	27.8641	8.61558	31.5783	36.9398	26.4281	29.7496	35.2295	26.6188	33.7295	22.2077	49.1833	36.4521	19.1502	14.3732	12.9031	30.5678	12.9876	29.1744	18.1015	14.1984	26.689	14.0189	6.28163	8.12052	12.8439	7.25938	8.97663	3.47365	13.6661	24.3455	15.3902	11.1116	14.4775	12.5268	10.5165	9.7556	10.2825	17.4831	16.8988	17.3123	16.3243	20.0263	21.187	15.8982	16.7074	25.6199	26.3586	25.1581	24.3802	20.9965	16.5745	14.5388	15.6663	21.5791	26.6192	22.1629	13.6993	15.1997	20.4869	3.64307	18.5502	14.1119	6.58697	12.1238	9.22691	2.06992	13.1769	15.1854	12.4493	9.15805	4.05182	10.3094	8.86596	23.7292	36.9104	25.0934
2.6675	4.22179	4.15166	3.33491	3.16738	2.84397	2.88003	10.6683	18.4993	6.78153	4.06951	13.4038	22.994	13.8145	3.83934	4.63269	10.3962	19.9882	11.9593	4.56912	4.06974	4.46192	4.84308	5.83654	5.99422	5.04421	17.445	19.3112	5.50964	8.63458	13.7584	10.7081	10.5741	12.7562	10.6212	8.19899	17.3821	6.90642	8.92943	20.0833	12.7122	9.75298	9.13848	22.0307	12.6896	17.5442	21.924	3.13474	24.4088	10.7082	8.88472	18.8473	7.63285	8.33826	8.49556	19.0898	3.61048	24.2075	8.2897	13.3262	15.7181	21.5843	16.5024	12.1667	9.33025	7.74968	8.20449	7.18627	7.51692	6.15004	4.29094	13.6561	9.60164	8.27626	14.74	11.0191	11.2513	13.3471	3.00533	12.3976	3.6104	3.2816	4.49115	4.37536	7.94761	8.28288	5.72807	5.41347	12.1198	6.87312	6.2067	6.5419	12.3663	6.50844	6.77078	10.3318	13.2012	8.022	7.68233	9.46869	11.371	19.7173	16.7058	10.9654	20.1987	10.2768	11.5782	20.0835	15.6912	1.30932	18.5622	13.8311	21.0192	30.4297	5.38076	8.93798	18.768	9.11374	13.1457	17.5499	7.14371	19.582	4.00426	9.74821	7.77383	4.91213	26.8173	1.15339	18.3349	14.2145	15.5464	7.14398	15.1381	18.8161	16.3968	15.5597	16.3968	16.8591	16.6481	7.42368	12.0475	10.8741	10.047	10.9067	11.8282	10.2135	12.039	15.467	15.8359	16.0573	20.4923	22.2492	24.6055	11.058	10.5892	5.93807	8.40676	31.8605	3.30388	31.3114	17.0132	13.9686	14.8026	14.1047	17.0124	24.9158	4.37536	20.3815	9.82287	11.5395	3.13474	15.1149	6.60835	13.5374	7.74402	10.5463	18.005	6.58605	29.8498	40.3535	8.16423	19.5121	19.9953	37.9171	8.98745	30.0013	38.3763	15.098	34.0808	44.5506	41.7606	50.8394	8.2415	8.72858	10.5846	30.0972	28.8378	23.1259	32.1403	16.175	29.0123	27.488	13.3715	16.1252	5.72029	9.08029	6.37322	23.7633	26.7686	26.9735	22.7124	15.7794	2.55456	23.8341	9.23939	5.58349	8.94881	16.901	9.5913	14.3719	16.0943	17.5261	23.447	16.2334	24.0733	19.9892	15.3466	11.8799	11.719	14.2723	13.2154	11.8941	8.92837	5.21533	18.9626	27.2253	17.1496	24.2273	26.8676	11.165	16.956	14.4922	12.7909	8.90419	3.43929	6.55495	4.53019	11.5343	9.52362	10.7538	5.21545	6.87283	8.68709	30.4367	30.1821	26.8354
2.09781	3.76541	4.05107	3.91464	4.00733	3.24062	2.84372	5.91513	17.6616	12.0785	5.20641	19.5308	20.3966	6.87223	2.68376	2.92542	3.64258	15.6792	20.314	13.8839	7.31946	4.23895	3.37422	2.50193	1.85921	10.8832	23.8236	13.0879	7.92525	16.2305	14.1118	9.92547	8.48771	10.94	6.18716	2.06954	17.2699	11.3694	6.39741	21.8111	12.3836	18.3253	12.9869	14.2093	10.6951	14.4388	19.0555	14.6654	23.7884	12.5556	9.00406	17.9061	9.16439	12.1658	7.88897	20.3837	4.15142	21.6293	12.9074	6.00561	19.804	31.0758	16.1115	8.11905	3.37414	7.14736	9.08934	9.07663	4.61967	5.74757	3.15796	14.1671	5.49588	7.05329	15.4284	10.7109	9.17344	13.0393	3.5025	9.8964	6.51912	3.89225	5.98365	3.8581	9.38577	8.0496	1.82717	6.74435	7.25957	6.37032	8.47613	8.24232	13.5077	5.97657	7.21769	12.2069	16.9454	9.92543	7.01436	9.20629	9.26833	26.9186	14.6698	16.8084	16.4008	7.74299	3.85794	6.58784	11.604	16.6095	7.39771	15.7922	7.69096	29.4702	19.1751	8.07819	16.3564	3.61012	18.1871	14.2875	12.0173	16.9986	4.46132	6.67517	4.64488	12.7611	26.7844	9.57652	17.5752	21.3754	10.1175	15.6971	15.226	16.7427	16.053	17.408	14.648	15.3689	8.37196	4.91463	11.4973	9.5457	13.9658	8.84693	3.4773	10.7909	19.6466	6.23384	16.5602	21.168	15.3166	17.8083	26.5264	8.76889	6.89748	1.03153	12.5874	34.8607	15.5064	36.5806	12.939	7.73758	17.2031	24.5479	24.3221	11.3038	21.0132	18.9078	9.00556	6.66645	7.96324	4.49086	10.1975	9.89663	7.21786	5.99592	14.0522	14.3702	41.3777	24.1313	26.8931	7.56791	4.22142	41.3929	6.17538	19.3313	38.2464	28.0955	40.469	55.1024	34.2321	50.0659	9.73002	7.64387	11.6012	17.5081	37.9731	11.9639	33.9811	34.9792	12.7133	28.5092	20.1125	16.0423	11.0873	15.3058	17.3947	23.3712	13.3775	22.0193	16.0322	16.5661	12.6653	24.7963	15.8994	6.39757	11.3496	16.9111	6.7252	14.9765	18.4874	14.4271	26.3046	14.4229	19.9454	11.6421	9.97358	8.69956	7.87621	14.348	15.5011	10.9197	15.0433	27.0374	30.6684	14.0341	31.7624	27.6835	26.3727	24.0183	3.8581	10.4186	9.53526	3.60998	2.92039	7.42342	14.5758	9.06249	5.09277	8.66834	9.75366	10.7534	8.07297	22.1251	28.2566	30.8987
2.23383	3.2403	3.65009	4.24869	4.63484	3.47681	2.62239	2.68366	14.6456	20.1942	17.9016	21.0504	16.1648	3.87282	3.09637	3.20839	3.83848	4.91421	14.0008	14.3094	8.04364	2.93533	0.171923	2.3372	4.39491	17.4166	18.1641	11.401	12.2653	10.2418	10.1194	13.8709	17.5122	15.2738	9.91307	8.80545	10.7098	14.5934	0.729397	18.4237	10.746	12.7658	11.5736	12.9533	14.5201	15.4335	21.3634	10.2072	22.3463	11.8729	11.0687	13.2778	9.42457	13.3728	11.4804	23.5308	15.3021	20.8941	13.8595	8.50214	24.5552	33.1654	11.4277	12.7822	11.4963	9.07581	13.0703	13.7104	11.0687	11.5629	7.65267	14.7595	4.83311	9.27927	13.3683	10.378	9.29969	10.1194	4.24869	4.11907	8.92353	10.4502	9.21789	8.23998	12.4271	8.32489	4.37476	8.47326	6.13242	11.4792	11.6354	9.96025	15.0813	9.75284	11.6785	15.1845	19.1516	10.7315	13.2897	14.2926	8.09915	29.8689	10.9533	22.1571	12.6395	2.12564	1.82702	9.71759	10.2061	24.5786	8.69909	12.5738	19.443	26.8795	24.4607	5.84756	12.8637	11.6006	10.8756	14.1367	11.1015	14.0003	6.69442	12.9932	6.16773	21.9996	16.4224	22.3901	10.4866	22.0625	12.5956	23.4903	18.3435	15.6267	11.8811	15.9648	10.9172	6.28211	9.88568	14.5876	12.7475	8.33875	13.8357	3.74958	7.0196	12.3942	19.9567	11.7736	19.5678	15.3354	12.1664	22.8291	21.5862	8.48718	11.8915	5.65239	17.0793	30.6238	27.2428	37.8576	7.30498	15.7215	23.5489	22.9239	11.5325	22.9623	25.6238	18.293	19.5764	12.1204	7.35407	16.3965	13.6252	12.5161	14.7481	9.58789	9.35776	30.3639	33.2251	13.023	27.7871	14.5207	17.3596	26.5903	24.713	6.33511	26.9506	34.2848	33.9009	55.5913	16.8981	53.0645	11.6413	20.9458	17.8559	18.9584	37.2237	34.5446	22.5469	33.3362	10.0674	22.562	20.7957	13.8847	16.2948	22.6584	27.0883	24.668	16.8723	22.7918	17.3948	21.887	27.9336	13.2392	20.0294	4.91421	11.5335	13.93	14.0576	15.9785	18.799	11.3031	23.8189	17.0347	17.91	7.58603	9.95974	13.3858	9.68204	8.23998	15.7301	21.6626	32.9238	20.8625	8.11285	11.1632	37.7529	18.0282	21.3306	20.993	16.5958	7.35409	5.46859	10.2072	4.97344	8.19748	5.75711	0.859584	3.42142	4.37481	13.3021	12.9412	7.49253	6.84633	23.7419	36.5068
2.24018	2.95487	3.16647	4.24826	4.74367	3.33395	2.81711	3.22633	6.98003	16.3863	19.1971	15.9637	10.2782	4.50296	3.45112	3.26721	3.25811	1.08712	8.96052	11.4653	6.07417	2.42964	3.03859	4.03955	3.6738	19.5658	4.91047	16.6443	15.4627	4.33059	15.5353	16.7148	16.4627	13.712	10.4585	9.68583	6.61079	13.9717	1.9212	12.5276	9.55114	4.61568	10.3055	15.8812	10.6415	10.3507	22.6835	6.64559	28.4436	12.4885	13.9136	8.27352	11.1881	7.08681	10.0099	14.8864	13.5336	16.3175	12.9987	4.28963	20.2563	31.4058	21.0661	16.0056	15.9291	10.5068	19.2432	16.8052	15.5362	16.23	10.2952	15.2183	7.67629	11.6482	10.7615	10.1064	12.7561	11.4781	6.51793	6.74122	9.83449	11.3971	10.0385	7.08703	10.2728	7.27448	7.80847	9.7866	10.6088	9.43123	9.04174	7.14194	13.1096	7.26452	12.4829	14.1043	16.1288	8.33452	14.0727	10.229	10.4378	28.6369	1.70123	22.5908	3.53955	3.04327	9.68561	8.78013	16.6436	20.8885	11.5311	3.76468	16.4136	25.645	23.5977	4.23793	9.70656	9.79816	9.87172	17.6261	16.7081	10.9275	14.1952	12.1945	20.1345	26.4874	4.53211	26.5242	14.4829	15.4627	23.0601	18.2487	15.6798	11.2362	5.55038	13.368	15.0394	8.39089	19.5613	12.3678	12.4446	7.18422	10.6652	3.09614	9.71799	17.456	16.3854	22.5667	16.1086	14.4878	15.7681	24.4202	11.0102	5.18856	15.5843	18.8833	17.8166	18.3043	34.2761	33.5769	12.9584	22.9346	19.5057	14.3675	14.1969	21.661	23.2257	24.8614	25.5325	28.2229	8.06093	19.8948	17.9921	24.8039	17.5729	24.0189	27.6114	32.9096	9.87315	26.1125	34.91	32.9161	31.6376	16.8622	26.5037	10.3814	6.20489	32.0953	28.2232	60.6115	39.4728	60.7925	40.7154	18.1166	19.7437	10.7972	33.9552	25.0243	17.3572	33.0988	28.1052	20.8894	19.0371	17.0886	15.2374	14.7413	27.7895	24.7041	20.2021	22.3235	10.0146	13.1884	28.2782	14.9837	24.3966	19.8783	15.872	3.60933	21.2372	18.8584	5.0457	21.3216	14.2905	19.0687	24.6216	18.4174	11.0356	18.1406	12.7697	10.566	13.0848	30.0471	41.1143	10.3295	35.0127	34.6742	29.1147	10.7455	19.5812	12.4421	11.7437	12.5456	8.24077	11.6482	3.91783	11.0351	7.01501	4.75628	4.80514	10.6442	12.0268	9.29876	7.85988	10.0085	22.9822	26.7186
2.0972	2.55358	2.95462	4.37374	4.60862	3.28029	3.29818	4.28913	3.85683	1.92111	3.47633	4.15023	5.29118	4.76484	2.33663	2.17319	2.2334	1.82656	9.93935	9.13497	4.2479	1.30888	3.87216	6.08113	9.46644	23.4029	1.1529	17.4537	8.5578	12.4883	11.484	17.7798	14.385	3.78009	10.8336	7.06367	9.54439	16.5425	7.44644	8.18197	10.3103	7.94467	7.45201	19.442	7.87379	15.5306	22.7953	11.4546	32.8083	11.2112	16.4911	4.65933	13.1534	5.81655	10.4478	11.6135	8.74006	19.0454	10.932	2.45961	11.5132	25.4664	16.035	8.93411	16.4195	14.9564	22.5945	10.8118	10.0882	12.8482	6.76843	9.39521	4.9368	12.4199	7.85163	5.74599	6.96269	4.28934	3.92117	7.71857	5.32163	8.5794	8.8733	4.07896	10.8386	8.13991	10.2264	6.88526	5.11449	3.79166	6.3134	5.72585	10.4193	9.59025	8.09042	4.76505	14.8214	9.21606	4.84103	12.951	17.8091	23.1556	3.52254	23.7243	4.22021	8.48728	12.0879	3.7645	24.0117	13.3834	11.2472	9.6802	5.29416	22.3819	18.2628	4.23771	9.11177	13.3207	17.7375	7.67933	19.6408	6.81098	16.9924	9.4224	29.3564	18.4086	26.253	13.399	20.5704	5.35425	20.6041	12.5839	9.03456	6.64522	3.81105	13.5817	19.9815	9.82158	26.6173	7.85917	13.4968	8.53268	8.87327	6.76845	8.86191	25.6744	6.88075	25.2203	6.0232	10.2097	22.9416	19.9231	12.2809	15.0247	21.8139	14.5537	8.42922	7.97397	35.1312	28.4137	20.4889	25.7145	11.4645	14.3067	6.65607	20.8592	17.1783	16.4995	13.0489	32.5668	9.95827	21.082	14.5206	19.6625	21.64	39.2775	24.2514	4.189	16.1568	26.6601	32.2358	11.7468	12.5521	19.6631	12.7968	5.07712	22.0631	17.5704	58.81	56.9375	27.4958	57.8101	57.2606	18.7331	10.0162	24.0465	41.1863	18.8871	29.4907	39.7136	28.8282	24.0362	16.3065	15.1098	10.9975	8.25736	23.6879	8.17526	21.2043	21.9793	6.50586	11.216	17.4358	13.5549	24.4504	18.4005	12.4472	14.321	17.3376	22.3168	10.1277	26.0655	6.87048	19.5042	5.65131	13.9358	12.5581	13.514	10.7236	8.09538	7.21387	37.3512	33.1748	29.0887	33.2076	27.5591	15.5931	3.43361	20.5921	15.1506	8.97276	3.26239	9.67475	7.19963	2.93465	6.77887	5.52607	4.3738	3.85699	12.8267	8.84408	6.51702	6.67339	16.2275	26.4188	20.5421
2.45929	2.44123	3.03782	4.87364	5.23234	4.12492	3.70503	4.37333	3.91688	1.92087	1.89771	2.08999	4.68068	4.98346	2.58208	2.41094	2.59912	3.15675	11.0649	10.6368	4.56667	1.21516	3.77964	2.23984	3.70503	25.6965	10.9358	22.0241	7.13417	10.7443	8.42889	7.94389	19.7996	9.17149	10.0125	10.3753	13.0444	12.2434	11.0841	8.47117	13.7061	15.1482	8.24937	19.2972	4.81337	19.4746	19.6951	13.5288	31.0634	11.6461	11.0649	9.0356	13.6007	14.365	15.3039	17.3538	11.8416	19.5936	12.3523	10.7233	9.40658	26.0191	21.3319	11.4414	10.4358	16.8933	24.3979	5.81878	14.1551	9.55072	6.81274	4.70882	3.15192	15.6567	6.78462	9.73632	4.00595	3.96178	8.027	6.93075	2.81677	6.01317	9.96159	8.89489	11.8938	11.3157	11.3162	10.9364	8.32253	5.82624	8.34158	9.96888	11.2101	14.5997	6.29445	3.94686	16.8239	5.46434	15.839	11.0841	8.93204	24.8161	10.8729	24.9087	16.4953	11.8546	8.49992	2.84262	25.5392	7.30251	6.6049	10.3815	18.1432	19.3456	11.7024	8.44556	11.0791	12.9326	17.2424	2.12503	16.8582	5.48593	15.2787	10.4723	25.3715	18.512	29.1556	13.0232	18.5437	10.1143	8.77819	17.5014	5.52554	10.8601	6.36795	13.5326	27.7204	15.0774	27.1359	6.93075	11.0347	13.3418	14.8826	10.2548	14.0159	27.6178	9.53165	24.6023	8.92093	13.7215	16.7483	5.93526	22.5339	21.4162	7.67866	21.46	18.6928	23.5792	32.5511	17.577	23.9394	21.6582	6.0805	15.5557	11.2787	24.6971	14.3083	10.6688	9.17617	28.4612	10.2927	20.3361	17.5689	2.87877	39.6178	34.4314	9.57348	28.6769	20.7902	13.2325	36.824	11.1145	1.63007	14.1933	21.0522	9.38234	25.0635	40.552	58.6034	31.4751	24.0563	45.945	51.4761	39.5358	21.0574	29.3233	41.333	13.6171	37.2679	40.8144	15.9085	24.7379	12.9966	13.0579	11.4243	9.16098	23.2734	6.05422	23.8618	23.3314	18.6539	13.8938	6.94501	22.9591	26.6503	16.7268	10.4067	17.8215	12.6838	20.6747	13.7595	20.5902	4.9982	18.8713	18.3377	17.2138	19.1692	7.74605	9.27213	10.9502	17.6862	28.2108	21.018	32.0861	17.1215	12.9111	4.78281	8.62016	17.4529	11.3379	5.14255	9.57322	8.77869	6.46979	6.2782	7.19109	7.90224	5.79589	4.07857	12.44	6.55867	6.22224	5.36761	12.9326	26.695	25.9074
3.19336	3.63666	4.0055	4.99769	5.75751	4.77624	4.47239	5.6632	5.49332	4.45937	4.2196	3.92045	5.71696	6.07981	4.28849	4.23692	4.94785	5.79561	11.6057	16.2354	11.3681	4.68042	2.93918	2.01069	0.729075	24.4882	15.6231	17.7592	11.5789	9.22077	0.925421	12.9893	14.1973	10.374	2.58184	12.8946	17.7087	12.5679	13.1348	16.6028	17.1083	19.1875	17.6708	15.047	5.21233	20.6844	17.2296	7.71695	28.493	18.9588	5.44539	13.1663	16.3007	19.4481	13.736	15.8322	14.2873	11.9943	3.33309	2.55323	11.1185	27.9876	24.2091	14.0044	9.53506	13.4291	23.8046	3.27968	12.8899	14.6406	14.4329	9.99068	8.98236	19.9192	10.3566	18.5694	15.5878	14.1199	13.0264	12.6447	13.755	11.6263	12.8355	15.1392	9.86901	12.3178	4.26111	10.8359	13.3176	9.03311	14.8901	16.6409	16.77	16.2518	10.5321	4.07808	17.8247	7.86323	19.4726	11.2091	1.25097	17.1039	16.3722	30.8485	22.6754	16.4174	11.6741	7.82263	17.776	19.9539	21.959	22.9996	27.9159	18.7574	19.1667	15.0047	12.6827	13.1941	18.5118	9.51886	17.1806	16.1046	15.911	20.3632	12.7768	17.1938	26.1922	21.6952	22.765	16.697	9.40582	20.5819	20.4947	18.4652	14.6996	13.854	27.8836	21.2068	26.1611	13.592	17.869	24.3064	17.7532	13.2895	12.1156	19.1112	26.1282	33.1893	22.6379	11.8933	9.36935	12.3146	16.6529	17.1139	21.5928	20.5823	17.7013	33.9033	35.5831	22.8861	30.6251	19.9498	4.48873	11.214	27.9703	29.9574	14.8713	2.55321	19.1954	13.7205	21.7397	20.2488	11.1175	26.2485	35.4152	20.1886	27.3799	29.2832	24.5679	13.1065	32.9975	8.44157	19.8127	14.622	27.4266	18.2854	7.06245	50.9455	47.1662	22.1821	34.3085	48.3621	51.3785	42.2662	21.3367	26.7767	32.2602	40.0774	49.0857	35.99	5.6632	18.8699	10.511	22.3802	26.1977	28.4206	31.0809	26.4222	32.5492	32.3999	38.1726	28.6128	19.4349	28.2318	29.4011	28.0721	27.0759	23.6481	18.4368	15.4348	16.0916	20.5864	31.0263	28.9454	18.7917	7.67207	12.2051	19.1381	8.18076	7.96525	22.1838	16.6964	5.70156	14.283	9.22039	7.18826	10.4462	16.0918	16.854	15.8484	24.9353	24.7371	19.9432	17.4753	14.4432	10.8006	10.7482	12.1194	12.485	16.0671	15.7335	17.0248	13.4632	16.4174	27.074	29.2457
4.6169	5.2119	5.14143	4.97385	4.99719	4.66414	4.61684	5.85232	5.49277	4.77599	4.76375	4.32898	5.67551	5.94369	4.00521	4.12431	5.18672	5.36661	7.94466	15.9096	18.7228	10.5994	5.18121	3.53823	2.57598	22.1054	12.3541	15.7454	2.45893	7.11094	11.7442	16.0256	6.58198	2.23282	11.2763	11.9652	8.44417	7.82234	9.98985	13.839	12.1219	14.8884	20.7951	9.70247	5.61858	18.3743	16.2012	12.7515	20.9449	21.1809	14.5272	9.30775	13.0716	17.4112	9.02428	9.79611	14.8948	6.394	6.20003	6.44373	12.0723	27.5619	30.5973	24.1096	11.0503	12.0718	20.5818	8.84159	10.5677	13.9753	12.8332	7.51937	5.66272	16.0172	6.35068	24.5525	18.8801	17.0326	11.1545	12.1868	12.2041	11.6589	13.2475	18.4697	11.2335	9.75373	3.09485	5.14425	12.4734	4.90297	15.4747	11.0813	13.5787	9.33666	14.0134	5.57729	16.9733	9.90811	16.1025	20.8246	17.1069	7.37245	22.2167	27.9801	17.3871	9.96706	17.8434	9.94557	18.7118	22.7202	21.714	24.9152	23.0804	17.99	20.7929	17.5882	18.7471	17.4261	21.6129	12.9032	16.3771	14.1188	5.37992	30.3296	4.97385	28.5753	11.5288	12.3885	11.6731	16.3919	8.11098	28.7314	23.6151	16.6985	14.5959	13.1402	22.9273	17.8806	15.5806	13.9788	19.9114	16.903	29.094	17.8034	4.28811	13.8232	32.0536	26.9669	19.7353	2.33594	15.8563	20.9144	30.2642	24.9935	11.0317	17.2395	15.7991	36.3268	27.3196	18.1626	36.4337	18.1561	12.204	22.4556	36.421	27.7706	22.6198	18.1776	12.5532	18.8929	22.0389	24.456	29.3492	26.4535	7.34069	20.5463	27.3778	28.2388	28.0288	23.4435	24.7122	27.3189	20.0367	14.4781	23.0295	27.8345	48.3342	50.4111	29.708	11.6733	29.962	52.7304	53.1728	38.7158	23.2191	36.1856	16.7732	36.7481	39.5629	31.8849	23.1013	12.5235	17.4992	22.8651	24.3296	29.7667	33.2268	23.1948	24.9876	25.0212	42.4004	35.4631	18.9896	17.6251	35.6869	30.9406	31.9734	28.9013	22.8343	18.7472	16.8807	24.5866	27.6663	23.3319	11.9005	9.81739	12.0317	17.2574	18.5304	12.7896	18.7931	9.4411	7.83671	11.7538	14.9748	11.0327	18.1572	23.7551	24.5148	17.2402	27.4896	29.7092	26.7726	22.3994	17.1602	12.3598	12.3174	16.875	16.6585	17.6468	16.3802	13.8063	16.3887	24.4339	21.5804	32.4306
4.61637	5.82428	5.86175	5.54776	4.67952	3.09454	4.47141	6.64234	5.33032	2.93351	2.25885	2.00305	4.55578	5.2197	3.1088	2.92352	3.91205	3.33243	2.15201	6.64264	17.5621	14.3996	3.07084	2.30409	2.33582	21.944	4.67934	13.7408	11.6433	13.9349	12.1133	13.939	7.75281	6.7659	8.85855	10.7249	9.65318	3.91951	1.69174	1.95841	8.85877	18.9173	15.3857	9.00399	0.85906	12.1577	7.25088	12.5886	11.71	14.8141	23.9648	5.46277	11.1829	13.361	2.29117	7.25088	11.4295	4.68248	8.8651	8.40079	5.99212	15.9484	26.7821	26.9903	7.64787	14.8023	21.4359	12.6803	3.79801	7.53408	15.3073	17.9462	15.9458	12.4602	14.0498	26.0651	8.2196	13.111	6.09561	8.85044	3.96064	5.74402	7.25518	16.1568	4.12395	9.03276	5.98968	8.11359	10.5821	4.97334	15.0235	5.08934	8.19831	4.99684	12.7494	10.8763	14.2004	2.33585	22.7466	25.1909	7.01559	19.5065	31.4253	17.1586	3.87059	12.1889	10.4856	11.381	11.8853	5.72373	5.51623	10.7398	12.9275	15.6463	5.77681	3.09454	6.87853	11.7579	18.2402	7.68593	10.7254	9.37846	23.3329	31.2808	21.6928	31.4449	19.4071	10.0566	9.5822	24.7302	11.7613	28.3688	21.3354	13.3377	8.30284	10.0496	15.1185	13.2495	12.9895	22.1034	2.96355	13.175	29.9227	12.5478	16.3637	14.771	31.7704	13.5613	27.5759	7.18708	26.0822	8.76318	11.1615	9.86825	12.3884	11.0617	15.0191	35.3085	1.9433	38.8374	34.9078	5.94325	27.6573	23.0963	22.3435	7.61803	29.798	15.299	13.875	21.4536	21.7587	38.7585	8.80016	8.93605	17.8666	20.5945	25.9141	30.5911	32.391	21.8004	34.031	31.5355	13.221	25.6467	38.9882	45.8995	42.5604	26.4272	4.40895	23.5071	29.4918	53.3711	49.9705	15.8897	12.1856	39.9174	16.0905	35.7528	33.2042	9.74683	26.8504	15.1731	20.6098	14.2045	15.6483	17.822	19.1776	17.3222	13.4275	9.36781	42.0867	21.2757	9.27463	15.0199	41.4746	29.0169	9.17357	24.0347	23.0036	21.3452	17.7792	19.7872	13.2827	10.4038	15.8275	19.1975	15.3896	14.3002	22.6244	10.1444	20.9233	23.6685	17.2045	11.9506	11.6379	17.932	8.15779	16.3329	24.2102	12.0659	24.2707	12.747	16.9824	19.3352	19.4392	12.8653	13.9231	12.6883	13.2462	15.1446	10.0691	8.3336	15.3576	26.7264	22.2594	35.8321
5.06015	6.95912	6.49166	5.4811	5.41696	4.76587	3.61951	6.60237	6.46697	3.38025	2.06794	2.01018	4.82666	5.41679	3.60323	3.44916	3.97864	3.2788	2.17222	3.2383	13.0532	19.6746	8.86912	2.06801	2.9383	22.5397	8.12876	18.1451	3.33208	5.85643	6.76527	6.27568	13.0698	9.32845	3.76662	4.39172	8.99213	7.3491	3.47468	11.9295	21.7404	20.6557	4.64139	14.1271	9.58136	10.6355	2.06082	15.4304	14.3233	6.54754	23.0426	15.8879	13.8179	11.5647	2.19909	12.0372	3.37157	9.48433	5.95475	4.00428	3.63562	16.5849	32.5672	26.715	2.44045	19.2176	23.4231	6.35167	10.3369	11.9957	13.7507	11.935	5.0168	7.72249	17.3682	24.6154	1.58358	9.58578	8.21878	9.13099	5.60995	4.18702	3.60737	17.0771	3.09436	11.9538	9.32877	9.25352	9.5458	10.7031	11.8178	12.2217	13.1686	12.3484	12.8316	12.6495	15.547	15.8737	25.2389	13.2619	6.58286	29.2024	32.7816	11.0295	12.7873	7.08277	12.5269	14.3705	12.7879	13.429	5.61781	11.7028	15.8278	13.7958	11.1606	1.15235	8.92839	11.9552	16.3892	7.30592	3.33213	13.5957	29.6799	25.8371	29.0983	31.1606	26.9421	8.33319	25.4449	28.1396	20.1236	22.6227	28.144	6.27796	10.5065	3.91932	22.8897	15.8629	21.1842	21.8098	6.20109	12.7017	21.0069	3.85516	6.33113	13.2155	28.8186	5.27768	26.932	8.61733	27.9055	11.8839	17.0932	11.6369	17.9191	13.4989	25.0708	35.8069	23.1911	35.4707	14.0346	27.8542	29.8502	22.8905	11.6243	15.3338	21.4819	6.54977	22.4235	8.6089	37.1221	9.27323	25.4071	25.1799	30.5274	29.2227	31.4751	19.8143	37.827	18.1281	38.264	17.7157	3.23816	21.0595	49.7228	45.8386	13.0265	23.8198	33.446	26.0128	22.1859	51.9784	50.2234	11.9909	37.4033	35.0568	20.665	35.7087	22.4013	17.6445	18.6767	15.1742	19.3566	15.6681	20.094	22.2559	6.39256	33.4734	22.8365	29.0151	26.6037	15.3718	26.0857	10.4429	34.3253	40.1242	18.7429	19.5022	21.8765	22.6918	28.4331	19.9445	28.3473	18.1459	19.5565	18.6774	5.86122	20.1756	21.4267	9.05569	10.4323	12.9258	14.8343	15.72	6.35177	15.1861	20.8566	14.9721	28.4125	11.6705	26.314	8.51496	9.87918	17.5301	18.6576	12.7457	14.2426	13.2625	17.2127	17.8417	13.1313	13.5152	16.6643	25.6208	38.4714	38.5797
5.79315	7.64649	7.08208	5.88296	5.86076	5.83103	6.2289	7.34656	7.21154	4.11593	3.3319	3.31424	5.71478	6.8917	5.69196	5.69199	5.90288	4.8385	3.2965	3.13184	6.65458	20.1107	15.2005	2.44024	3.70327	17.822	17.892	15.0417	9.48341	3.52057	0.875895	3.1551	13.558	11.1544	4.66304	6.35123	5.27717	5.16541	8.6564	17.8599	12.5958	5.45144	16.5336	7.50386	13.3586	3.91132	12.6139	18.7169	13.5262	17.6207	8.64276	17.8462	22.7733	19.585	3.2561	10.9449	5.41654	7.71399	3.40586	2.33538	9.53149	17.4758	27.1697	25.4749	14.2918	20.1057	19.2887	3.37135	9.9637	12.0595	16.2294	11.1496	8.73859	12.115	8.23514	19.2234	16.7892	8.2599	3.71113	5.50444	6.07052	4.99603	6.02934	13.3657	11.225	20.2537	16.418	10.9366	8.03408	11.5434	12.2004	17.9327	12.1821	12.2116	14.9848	23.0218	20.4643	24.1891	28.3865	9.98118	17.0617	30.7715	26.2636	12.6482	13.8378	19.5762	16.5341	14.5639	18.4887	19.1551	11.6359	15.0208	19.638	11.6701	18.6533	16.782	19.755	17.4942	18.9875	19.4151	16.5165	22.2083	18.587	22.5738	30.0267	33.1664	27.5471	14.6683	24.6093	27.6117	21.129	18.9227	22.875	7.45785	4.87444	13.2888	24.069	8.79883	33.8359	19.0917	13.6523	18.7177	21.8607	12.3376	14.7566	26.2795	19.5487	14.6576	16.2649	21.4805	31.974	22.276	24.4441	15.543	10.0375	19.5057	19.9145	36.5689	26.1383	23.7249	36.1126	39.6491	26.9258	14.4115	13.1896	26.4203	14.107	28.1782	32.3131	33.5815	37.591	26.6789	20.9152	18.0654	36.9752	37.2278	21.3404	24.5592	19.3823	31.7068	8.73507	25.944	28.1439	26.7141	41.691	48.4725	24.0391	29.2544	26.8061	24.5802	37.4061	54.2864	32.0301	42.3624	49.7655	20.9833	44.0929	35.9196	31.2419	16.6484	11.2447	10.8276	15.5636	14.2832	28.6392	25.6241	26.8987	42.1995	22.9403	4.7529	26.3407	10.8834	17.4421	39.2702	34.1955	46.8166	39.2748	23.5001	10.4099	19.6418	28.2071	27.1866	31.9238	17.1985	20.111	11.6509	16.6062	26.4644	29.3161	31.2475	28.982	7.71442	26.7676	24.1445	22.7338	10.785	19.9652	11.403	26.3054	3.2784	24.5235	19.9825	0.768214	16.7595	19.4045	23.2739	23.548	21.6905	22.9222	20.3571	17.6593	17.3101	20.8804	31.9711	48.2313	33.4103
5.36433	7.64569	7.18465	5.90206	5.57487	4.144	5.14242	6.7231	6.33895	4.14747	3.70301	3.474	5.94139	7.74311	6.2746	6.29085	6.22821	5.1396	3.91485	2.71403	3.43569	18.141	18.3753	1.20225	2.85645	8.73772	18.6993	15.3246	12.5265	7.73044	6.04833	3.63505	12.2374	13.4756	6.13392	4.98961	3.29616	2.76762	5.16496	12.0855	6.64086	14.3224	13.2131	5.88236	10.7219	12.8842	14.5895	11.3172	9.89419	9.59173	14.0583	3.2782	15.2212	23.9055	7.49148	7.78575	3.09372	4.42405	3.60659	6.47494	14.1697	13.8726	14.1818	21.4756	6.22827	14.6147	8.54518	8.77337	3.63913	10.3692	18.5253	8.73733	12.8401	12.4793	10.0817	4.9068	11.1136	13.1661	10.2594	8.8382	10.4617	12.2266	12.9817	9.52134	17.0318	20.8324	13.8475	11.4021	8.62737	11.7081	8.96688	18.8066	5.54617	8.54017	13.5544	20.3883	9.54417	28.1343	25.992	12.3284	23.1862	29.1701	19.4671	12.1864	13.5221	17.1733	15.3162	16.8158	16.6301	23.5819	15.9276	17.4049	23.6154	7.49958	17.2302	23.9083	19.0014	9.80264	23.6081	18.8719	32.1947	12.006	21.3309	31.0206	29.6213	31.5399	27.3976	17.6926	17.3801	29.8124	15.1038	23.3553	14.2807	1.00148	3.22404	16.2047	13.059	20.1209	35.3253	19.4653	17.7695	24.3274	12.3849	16.9916	19.5737	31.9019	18.0636	20.4082	22.4632	27.1361	17.9784	35.725	29.9056	11.0589	25.4605	25.5695	19.2486	31.9425	19.4287	14.9979	35.9724	28.5485	18.9662	10.4304	11.953	26.1148	19.3065	34.6043	23.1581	42.2152	27.0847	29.0371	20.2106	16.2814	35.7545	29.3101	32.462	34.6858	32.6568	30.9998	32.9088	27.2849	12.0828	3.16411	26.3095	42.797	31.6373	21.2927	31.1913	15.2457	49.0622	52.1133	22.3488	43.1442	32.7329	34.9173	51.305	38.0056	23.747	20.0381	10.3211	17.1793	23.0651	19.4932	28.8673	15.0827	37.761	42.3584	15.4415	26.0334	14.2762	13.279	41.9744	38.8172	17.6403	48.4101	28.6611	21.568	16.6316	10.1653	25.601	27.6433	20.8635	15.585	15.0196	18.5863	32.0348	38.9953	31.894	26.9042	45.4713	10.5633	35.1018	12.0942	20.5462	18.0937	11.5811	8.70772	16.5563	12.4068	9.22981	22.6873	17.1536	6.16962	18.1959	23.9962	23.7457	21.6526	19.2223	15.4525	15.0298	13.9529	12.0275	33.6192	48.7634	22.7431
4.7057	6.83122	6.9154	6.02822	5.44207	3.43536	3.83495	4.98025	4.65574	3.77713	3.83495	4.01427	5.54556	6.95714	5.63151	4.84653	4.66211	3.63876	3.78877	1.95764	2.93241	17.2505	18.8442	3.1639	4.39068	6.00914	7.8678	4.28603	8.92592	6.19958	8.28078	12.298	14.9558	12.0259	6.95714	3.91058	3.53218	4.14696	5.48232	12.3618	6.36594	9.76785	5.32014	6.86508	8.61985	10.5504	6.01144	2.71376	7.44639	7.57883	11.5327	12.6147	12.3114	18.4351	15.9892	6.43822	5.79206	4.33684	2.25799	5.75422	11.8803	11.2786	15.227	20.5097	6.83122	11.4265	1.58316	9.63617	4.98899	12.6711	17.0924	5.82985	16.2168	9.26329	12.7351	6.29489	7.73522	7.87502	11.8522	15.564	9.47266	11.523	16.6028	13.3932	18.0947	21.2685	10.6142	11.1478	16.1517	17.8606	8.59996	21.8485	7.99855	9.21681	16.801	9.53114	4.53801	27.3866	22.2082	13.4871	22.8854	27.7689	14.5798	12.4642	13.4554	15.1115	23.2039	18.1406	9.053	23.7283	15.1553	12.0845	24.2322	4.80107	14.4243	25.1105	2.43974	5.4154	23.7081	24.6945	30.2278	16.6023	18.6052	36.0647	22.5529	30.4082	24.3346	21.3784	18.5868	32.3793	10.1979	19.5582	4.62741	4.37063	12.9141	21.589	14.3039	7.70329	35.6539	16.9686	18.2476	35.9674	10.2021	17.1976	15.1381	19.7404	8.69879	18.5171	22.9006	12.8229	18.505	40.2653	5.52203	34.236	15.8394	12.6196	31.1416	24.8031	20.884	10.3353	39.1208	14.228	21.1605	17.9661	20.2096	11.6564	10.7056	26.0714	6.85677	43.7023	12.432	18.5045	12.109	22.9156	29.2498	19.5525	43.5544	23.9564	43.1398	5.75167	42.3271	20.2457	31.3708	26.3324	35.6199	43.1838	38.2571	19.341	41.4478	34.1785	49.0626	23.6086	40.6479	42.4	19.1801	41.4173	53.4184	35.6235	16.5327	21.6453	17.5586	25.0632	29.2978	24.1846	14.0694	13.8471	40.0942	33.5413	12.191	13.9294	13.2317	19.5219	22.4745	42.1076	9.47294	43.9005	26.5457	9.83008	27.099	17.1738	26.7088	24.2791	10.0087	15.9693	8.57295	24.692	11.9602	26.1497	14.6765	35.0784	42.9106	17.3522	32.8267	5.84974	13.9519	14.289	15.2275	19.4789	20.9859	21.2899	14.2195	8.42288	20.4443	13.0144	8.6414	12.6712	11.8338	14.5611	8.12685	6.73732	15.0816	14.0817	10.6569	30.2638	43.4294	5.90175
4.94442	5.95247	6.21973	6.70217	5.9865	3.80767	3.77678	4.82486	4.97099	4.67731	4.90602	5.09295	6.19658	7.05767	6.84122	5.3088	4.39359	3.47338	4.17126	1.62889	2.77237	16.2832	18.2804	4.49894	5.51366	3.40511	8.12563	1.41597	9.51211	4.96823	5.94056	8.53046	9.86253	8.37113	7.37578	3.95871	4.73928	5.13864	4.90907	8.65837	5.13831	10.18	3.45199	2.49899	7.99238	9.39987	7.98881	5.22869	4.90879	12.6512	8.36093	8.89343	8.65892	11.7792	17.5354	4.00273	5.57641	2.0884	1.95735	4.46945	11.6903	20.0921	19.2652	10.2959	10.7187	13.8965	8.52399	9.2192	0.971401	15.8702	8.10443	11.8264	14.0186	11.2067	12.5592	8.96524	10.6889	6.56944	4.61422	19.7609	14.8283	6.77306	10.7814	15.5084	15.3541	24.8426	10.284	11.147	12.4045	17.5558	9.51248	23.3829	8.60421	13.2263	19.794	10.2097	14.612	26.9376	10.9225	15.1294	24.2402	25.0606	7.27347	13.7266	17.2776	6.00836	15.7464	10.0006	7.41471	20.7075	22.7646	9.41484	30.4761	3.43087	13.3548	23.5955	1.25013	6.74538	8.5386	24.3108	14.1981	22.9338	17.7948	38.1297	19.9725	35.123	24.2576	18.348	20.7788	33.7917	10.8247	19.4241	11.4547	9.21426	7.71196	13.3088	19.6676	8.86579	32.9747	19.5334	35.3381	28.4663	28.5631	22.2565	15.0271	1.04455	5.90097	18.4531	17.7892	11.1576	33.7587	10.7343	31.2844	17.1645	27.3227	6.16854	32.2527	21.0053	27.4638	26.3189	36.3656	4.39002	13.1763	12.9236	32.8275	4.289	15.2583	21.8154	13.023	40.7114	11.8923	8.94248	21.6544	20.0264	15.1317	20.6557	38.9075	10.6359	34.8896	22.9591	30.0185	16.0822	13.8888	37.7633	54.1271	43.6309	17.724	23.2201	46.2785	51.1768	26.7205	41.4788	48.2064	18.1812	21.4662	32.1458	52.8169	39.9172	13.4844	14.6244	24.5053	23.9027	31.3751	24.1368	26.7061	35.0661	35.2768	18.5221	22.6245	31.2244	32.0339	30.9613	38.6692	37.494	42.9383	41.6375	21.238	7.58214	26.7877	14.2978	8.55076	21.3789	19.608	25.5254	23.0886	18.8828	16.9673	40.5734	41.85	37.9314	24.8544	22.5598	34.1881	13.6405	17.6376	15.8954	15.2965	17.5008	16.7058	15.897	7.81556	6.06396	17.1503	19.2738	4.75154	10.285	8.96524	13.6511	7.66881	14.7216	19.3329	10.3331	2.53418	25.5235	35.3185	14.7151
6.2169	7.03852	7.34568	7.27258	6.81083	4.63911	4.12857	5.67169	6.3303	5.85358	5.85358	5.63063	7.22493	8.5648	7.91562	6.57744	5.20858	4.68003	5.50231	3.20481	2.75085	14.2276	17.6232	5.48131	4.32606	4.3158	8.76258	5.53151	11.6926	7.15481	5.90059	5.51278	8.65256	4.57242	6.13216	4.07506	5.68978	4.23372	3.03519	5.96889	7.82989	12.2908	8.46577	7.239	9.31178	10.7925	13.4239	11.0445	3.20481	17.5301	10.5979	15.767	15.1798	11.3067	13.7123	4.12868	7.69819	3.77638	3.09273	3.33051	14.2088	25.4458	13.5559	8.94218	11.9939	15.0539	7.48396	4.28528	6.76811	14.4982	5.98869	18.7312	11.8843	13.5842	10.7766	15.6445	14.7439	14.7985	11.6955	14.4347	16.7875	3.53581	11.0697	17.5959	10.1191	25.4527	3.86848	4.97947	7.27274	13.8325	16.4343	20.1228	4.6045	9.21526	18.1512	3.2047	26.5025	21.7156	11.0699	27.3275	28.934	19.9961	9.21818	13.6099	13.6458	7.17474	6.7618	16.6874	4.82757	20.5739	16.5231	15.1187	23.2402	8.65768	8.03966	27.4911	23.1842	20.939	12.5205	15.2941	4.48516	6.12063	18.614	36.2327	23.541	38.2978	20.5062	6.17029	17.7895	26.7038	11.3746	22.547	22.056	23.3635	17.0832	17.5693	24.8262	5.50238	26.7587	15.2142	22.173	13.275	37.2432	20.4814	8.69759	9.50512	19.0661	17.418	28.5113	21.3019	23.6675	21.8159	16.5018	17.5586	18.1935	7.78571	19.2768	21.8815	7.4394	34.5572	33.3387	9.75927	14.8595	10.4626	24.0529	18.2721	13.8673	31.2638	34.6056	32.6258	6.00801	18.2951	30.6163	17.265	22.9313	28.3775	16.0796	18.1115	17.9946	12.9714	24.1013	23.0215	42.6084	54.9495	41.1918	10.5244	46.1217	59.8426	56.4116	36.8527	21.894	37.2055	21.4711	52.2743	50.7139	30.1503	44.5451	43.2345	2.61377	16.2111	20.1425	11.2105	23.3527	30.4287	37.8136	45.8087	12.691	37.6487	47.2206	44.5724	47.0151	41.1543	58.657	22.2387	51.2173	40.2855	23.99	21.606	26.0179	26.7574	20.5248	19.4081	18.4208	14.1012	13.8693	28.259	41.9006	32.7043	19.13	31.077	31.4437	24.4968	40.0914	19.8585	19.0563	18.6123	12.9202	10.2454	17.0324	20.0549	9.02605	8.2147	16.0152	18.3683	7.51433	9.90282	9.14553	15.9343	12.9964	21.5216	16.0782	1.08598	4.9939	27.4954	28.4819	16.8426
5.48057	6.98009	6.83996	6.02664	6.06262	4.20195	3.27694	5.53079	5.73744	4.11398	4.11398	3.78772	6.01694	6.92399	5.31876	4.79971	3.47271	3.77608	5.25249	2.92161	1.62859	11.0989	15.5974	4.99355	2.84007	4.61339	7.6429	7.35094	10.425	4.82716	7.1113	4.08887	10.6929	2.25732	6.5324	4.39258	3.61755	5.84037	5.08314	5.50191	9.39815	9.0253	9.86645	11.5196	7.37422	15.1626	7.25043	13.0205	5.959	18.1545	11.7877	11.742	10.8502	5.95161	9.59359	6.76123	9.05195	5.52555	4.29839	9.1986	23.5542	21.8293	2.68566	9.73506	7.9964	12.4285	1.82476	4.49786	7.79759	11.268	9.49103	19.1779	5.37618	14.8401	3.61746	15.9252	9.62816	11.0424	9.18197	6.5103	16.0783	7.88925	12.2501	20.3	5.52021	21.0059	11.9855	6.97383	6.3276	9.31146	14.8918	12.6724	3.97645	2.23777	13.9564	12.1087	27.9371	12.0478	21.3427	29.7748	21.2022	10.2631	8.23129	8.23686	6.96998	13.425	12.1945	20.6039	20.2595	26.4087	11.6208	15.0461	7.68066	13.0192	3.53554	32.8944	26.7445	23.2772	24.2703	12.4217	9.0505	14.2986	9.86645	30.8889	18.3382	38.3165	8.51013	15.0943	9.75846	14.6218	20.2154	19.6592	20.3866	24.8117	19.3442	38.9765	31.1987	26.554	19.1853	14.2078	12.0227	14.7937	31.9788	14.0932	17.9705	5.20786	28.1729	4.4556	42.2122	9.37366	16.405	14.7619	6.67515	25.7589	10.3283	15.6776	11.7893	9.21308	21.1756	39.4516	36.6232	21.1971	29.8878	15.3607	6.55261	27.2832	34.3331	40.9987	43.1557	27.3778	22.9114	21.2434	28.3516	7.3724	31.962	11.8535	11.8306	23.9368	15.7875	22.1786	14.1387	27.3255	46.8652	40.6254	9.09424	27.8013	54.6997	57.9602	45.053	20.1019	19.8619	13.7719	35.5019	54.8233	43.1872	45.5006	42.9089	45.4835	13.5471	13.4865	5.48084	22.0012	27.1984	39.4317	23.7777	49.6465	33.7122	52.4078	29.3516	24.5242	41.2309	32.8386	61.3938	25.311	41.7958	41.5016	23.8684	19.5454	21.9865	28.0185	31.1523	31.3186	14.1085	21.8523	29.2775	41.3782	37.8919	17.8314	32.5785	36.955	38.2622	18.4243	41.6179	15.1704	11.6753	10.8228	17.7528	19.7677	15.3315	17.5531	8.94084	6.30689	18.6667	17.8632	12.4839	5.2884	13.7653	16.2885	11.5696	21.9063	9.21266	7.12746	11.6771	28.6018	19.3274	15.4815
4.61292	6.59575	6.4018	4.82641	4.97825	3.53498	2.71263	5.31808	5.4131	3.22235	3.31219	2.99572	2.77157	7.33441	6.77755	3.53498	1.72497	3.14861	5.10837	1.54487	1.46666	7.88846	14.657	8.88569	1.62842	4.44506	5.9751	7.82811	8.32734	2.09492	8.42134	3.32983	12.4627	4.0743	6.93793	5.09127	1.53527	8.4671	3.23597	10.3314	5.01347	4.29795	9.49293	14.283	6.12388	20.3164	5.13999	14.4181	3.6374	17.9681	14.4771	5.14837	6.89598	3.26315	12.2048	8.35501	10.4251	5.25196	3.32989	14.2678	26.3006	12.5699	12.0432	5.23811	2.19775	12.5424	6.56756	9.52609	9.16675	8.61624	14.9112	17.4536	7.85922	14.7376	4.65403	17.0678	6.65078	9.52143	7.29486	3.15329	16.714	9.43739	13.4776	19.8295	6.34739	16.2202	10.4076	12.3672	9.3846	11.7121	13.6997	10.5694	9.94718	7.20575	13.8523	15.7345	29.8691	6.8729	23.5964	31.1194	13.7865	9.02596	6.70042	8.3533	12.1864	15.4073	16.8072	15.7853	29.7906	18.6464	28.1878	13.6593	6.65694	15.8775	5.93859	31.8762	23.4972	20.5053	27.5206	11.5571	9.87263	13.7087	10.5954	27.1754	20.5973	36.7977	5.9067	17.6215	9.41191	5.54356	26.7711	16.505	14.6864	13.2532	22.7455	45.5466	24.2637	31.4567	10.7837	8.85875	25.9971	18.9422	23.9732	16.8999	15.687	9.80958	28.0197	8.6378	43.7655	19.9321	9.83798	13.1534	15.5248	14.8686	25.0404	12.813	15.8337	10.7907	8.16563	36.2025	33.1696	16.8138	34.762	12.5357	9.97084	33.9835	33.2993	20.4647	20.8564	24.1133	35.4094	17.6325	19.8547	19.4834	29.939	8.49129	17.1261	26.3164	22.0817	27.4568	11.8528	29.1765	45.2776	33.1669	23.2606	24.8001	56.3431	47.8959	31.1531	35.1526	15.0512	19.2925	40.7813	48.8156	41.6423	50.6428	46.1092	46.8539	14.387	12.9366	10.4818	24.9312	23.305	31.0385	11.7864	45.852	42.866	45.7657	40.2774	25.952	47.872	20.3404	60.9895	11.8952	30.1696	38.3287	33.0385	13.8061	15.4413	15.7909	13.0144	23.2924	27.8686	14.6158	16.3662	27.6305	13.1222	29.8786	32.3885	8.41965	42.0496	5.80992	39.3948	30.431	26.2132	20.1047	19.7501	21.5814	12.4684	13.7098	9.03041	1.09921	16.2878	19.5353	18.7882	7.02923	16.0497	11.1247	16.4346	22.6468	8.696	9.54996	16.9	24.2637	14.4592	11.0573
4.79575	6.32615	6.57763	5.78933	5.43954	3.94606	3.25836	5.37216	5.6649	1.09917	5.27379	6.30774	7.04269	12.3294	17.3146	5.34767	2.30211	5.34767	8.55728	4.77141	2.49812	1.91872	12.2151	15.6723	2.4265	4.40507	5.5245	7.93497	8.63706	4.01605	8.7473	5.4129	12.9672	8.58069	8.14413	5.57449	4.448	7.99443	5.22667	13.1692	8.19325	5.81958	8.93929	13.4553	6.53139	18.8433	8.23488	15.2526	8.76058	22.195	17.4159	8.08583	8.72932	5.05652	9.26628	7.15244	11.3033	8.21242	3.90888	16.7691	25.2947	9.51609	15.0615	7.78351	7.15077	14.8231	5.13095	9.22473	10.806	4.20123	20.4507	14.162	13.8048	9.74298	14.3834	20.6983	11.6144	15.1317	8.83324	8.85112	19.7542	5.68815	12.965	16.356	5.77188	12.3154	6.21743	8.83161	14.4926	16.4589	10.0355	17.6679	19.9408	16.9308	16.5255	20.0933	33.9703	4.23232	22.0368	34.5186	19.6183	15.9898	9.34469	8.70166	14.7748	17.4097	10.2427	12.9789	29.027	7.81303	33.0441	24.3742	12.1478	17.4826	12.8211	28.2719	19.8394	17.2239	27.2699	13.7386	14.1832	15.8625	25.7803	20.123	27.9883	34.6285	13.0091	23.4837	20.8352	6.4264	26.3142	19.3457	15.9101	11.4212	35.589	35.7266	9.37011	32.0344	7.50465	12.5261	30.7069	26.1266	7.92981	19.0291	15.5095	21.5268	17.3024	14.205	35.0424	23.0976	20.8926	26.1101	18.9451	20.5696	24.0492	14.8235	17.9724	16.9977	5.59535	23.9714	29.1065	19.8087	26.3142	14.0391	14.816	40.4143	1.46652	29.6119	34.9648	14.5675	37.0411	29.4346	14.8681	24.5575	21.4375	13.55	12.6219	9.65821	25.7565	19.5032	17.703	26.7024	45.2695	45.8196	6.07357	30.4668	58.1506	46.2571	26.4933	39.5171	9.52522	43.4213	46.9552	13.4878	54.0575	34.6933	45.7837	47.6211	30.9943	21.1328	19.6166	28.4995	13.0088	30.9178	31.0456	35.527	41.6643	27.0337	41.5051	20.383	54.4713	20.1768	61.4953	8.23488	29.3833	27.6932	39.6349	11.4632	15.6191	7.3553	23.4397	12.1945	18.0185	26.6038	17.5206	25.5247	17.3989	24.5036	29.8872	5.37493	38.0304	14.9351	27.128	33.1483	29.8403	25.8898	17.7832	18.0033	16.1503	10.4162	4.76202	4.18364	8.92175	18.0528	22.5605	12.3485	18.7053	18.0187	21.0518	25.6857	26.0116	26.7807	16.1444	14.954	17.5382	6.97052
4.62794	5.97405	6.06565	4.70293	4.97729	3.85172	2.74985	2.6184	5.81895	14.0821	23.4503	28.4647	40.3932	47.4924	48.3316	20.1992	0.618931	11.5936	15.6387	14.0224	13.1206	11.6601	8.47442	14.6607	2.79233	4.87085	6.67329	6.67317	7.8851	2.93583	8.65487	11.7138	11.8739	12.6641	8.61509	7.60341	8.35347	8.5466	12.0196	16.7289	13.4484	9.02936	9.02908	11.5892	10.9643	13.5642	16.4597	13.8186	12.2065	22.9567	9.21152	6.04405	3.63673	8.85685	3.16197	16.4573	12.7091	15.7318	7.96338	12.3277	21.2799	15.6349	17.4629	12.0417	13.8043	9.43152	6.42549	6.89471	10.279	9.76728	20.6944	5.30629	17.4094	6.45062	19.1705	18.5496	13.6933	23.065	13.3531	18.5309	21.6724	11.4792	13.8511	16.4025	11.9815	12.4486	9.54821	6.30491	14.9525	18.6157	9.99593	6.80216	11.785	21.1687	16.419	24.2849	32.4198	12.8535	17.9929	38.286	26.685	18.2899	18.9443	14.5143	17.5691	14.096	13.9656	8.8505	27.0472	14.5712	27.95	23.6951	15.8953	23.9837	15.0891	29.1348	26.2332	25.1697	26.2443	19.2759	7.23633	12.0996	21.54	29.4139	14.2824	33.1731	18.3474	12.6686	27.7695	11.5894	24.6891	13.7758	5.08199	30.819	39.396	10.3622	15.6512	24.3643	6.6492	12.5765	33.7511	15.9649	30.4343	24.0802	23.4813	26.8583	10.3368	16.6349	13.4787	28.4941	9.83648	21.1073	23.1109	33.7124	20.2858	20.067	23.5939	31.3108	27.5037	39.3689	29.759	14.6615	19.6836	4.37821	27.7831	34.0568	23.8792	20.8695	28.2048	24.2673	26.2222	38.2145	8.28487	27.6954	20.879	11.9711	12.3776	22.5424	42.6173	37.2979	29.315	10.406	36.1729	40.6386	34.2679	14.191	60.8807	47.0029	35.9926	39.9242	28.3109	49.1313	23.785	40.2981	50.8	6.06089	43.4801	49.2709	37.6592	19.8259	29.9022	37.5368	33.5911	32.9669	44.2677	28.4877	35.8123	19.7464	35.4325	36.6168	47.3045	45.4565	57.1246	15.2636	28.6044	33.1378	48.0481	27.3338	4.97743	16.2849	24.4825	11.8447	17.2683	36.825	12.8101	19.3477	9.07449	29.5767	24.2289	15.4045	28.9666	21.3673	4.7985	8.19068	12.8322	15.7832	19.4593	21.6551	14.13	11.2014	20.0519	25.1531	24.4858	28.1544	34.449	31.0601	33.466	33.9707	30.2005	23.5574	19.0036	27.3272	34.7348	28.0571	12.1743	4.73704
4.11942	5.21425	4.97682	12.1229	23.893	26.0426	33.5162	40.3472	40.659	48.3094	50.7626	48.3187	52.5912	49.8881	60.5452	39.184	20.3329	12.8744	27.2259	33.6179	41.3199	37.1202	19.6155	7.33026	3.25329	4.45387	6.87554	8.48038	5.47855	5.05529	7.68517	8.88035	7.98783	13.1321	8.04324	7.88483	10.4913	9.78504	13.319	15.8995	13.8055	8.01665	10.0967	8.68527	8.19862	11.8995	21.9804	12.9989	9.09135	16.7269	0.383792	2.83882	5.5862	7.38925	11.5558	22.9294	10.1136	28.8893	9.50688	6.83532	21.0976	20.2306	13.5625	11.66	11.6459	9.07844	6.5741	10.0519	15.5445	12.7621	19.0412	6.01481	15.6531	16.3646	19.7756	16.3816	10.8358	25.4378	12.0182	23.6593	19.9349	14.3855	15.2491	13.4309	16.3602	17.324	14.0054	9.5609	13.5629	18.6905	13.1894	5.18069	10.6931	13.7048	18.5873	19.7554	27.1885	22.2108	22.3289	43.8947	30.5497	19.8871	14.7041	18.6414	22.6531	5.97345	13.704	7.66444	16.9878	11.9438	24.587	13.4129	15.8984	28.6795	14.2562	30.8594	28.5409	32.1706	16.7245	16.5838	17.7456	2.91049	11.5581	29.0259	6.17661	28.8135	28.7851	3.32887	27.3684	19.5207	27.9347	15.8541	11.9845	35.5215	42.8657	14.4622	25.1319	19.6272	6.80789	6.0458	29.8192	30.596	15.2213	15.0941	27.889	25.4206	36.9517	16.7142	31.0665	24.5266	20.678	5.83832	24.9673	18.5574	23.5037	30.0689	25.4368	36.3569	26.7946	36.2883	27.1349	24.4916	31.519	31.6363	19.7048	20.6649	34.0936	30.111	36.5551	44.8494	12.4792	37.9316	34.5883	28.0729	35.2182	17.9187	10.1634	29.6726	43.4326	34.1062	44.6222	43.3551	26.9976	14.937	36.2275	11.9971	60.383	46.1716	41.8148	13.9434	19.2864	54.3526	24.6035	54.4142	42.011	25.3512	38.8417	52.1346	37.9143	18.4184	22.4755	35.6827	41.2619	27.2617	43.538	17.8801	34.9814	29.8993	31.5237	29.3284	19.9428	59.6589	29.7701	8.933	16.7809	31.9239	45.1407	48.9655	12.933	22.7292	31.5169	31.3023	27.3459	48.6455	20.9654	1.53491	18.9894	31.9754	15.8115	26.3004	22.3586	19.3226	11.8784	6.69851	13.4869	20.294	27.2854	29.8649	29.3009	31.7193	39.6606	38.6812	36.3688	30.6441	33.6327	33.3233	31.4805	33.7037	32.7859	24.6065	12.9737	25.3456	36.9541	40.2039	25.3285	12.0089
10.6988	6.49615	6.46942	44.7381	57.7265	62.367	63.2809	62.4005	60.85	61.3629	53.6551	49.5726	46.2622	39.4832	61.8084	60.7366	53.9527	18.7557	48.7711	57.828	61.2083	58.6197	41.6525	3.42847	3.10529	2.95027	5.22517	8.45926	7.205	5.47538	10.2509	4.52179	2.19689	12.6736	9.5134	6.52966	9.37382	9.3692	11.0939	12.3255	11.5179	6.29013	11.2283	10.313	11.1392	12.1819	19.0633	6.26907	5.88497	10.0505	5.43815	10.0059	9.09661	8.22769	10.4001	19.9405	8.29345	34.8057	8.48775	20.8473	16.7112	21.1972	9.02121	10.0282	6.64822	14.9382	5.35726	14.4543	13.7023	7.84752	15.8376	8.87923	12.9372	21.9958	18.2941	11.9093	5.69652	27.6788	4.86989	25.7501	17.3219	12.663	14.4308	10.3485	15.9277	19.0028	19.6917	20.0136	6.16435	18.0887	23.297	8.45896	13.7733	0.343253	25.1144	7.36891	20.251	28.2305	19.4042	40.3423	29.1418	13.4855	25.2157	26.4802	8.22729	13.8046	1.895	12.4952	10.7929	24.7429	21.6688	10.9374	17.8023	33.2972	5.75011	27.7202	26.0423	32.7524	17.9137	24.7415	18.9439	15.9856	19.3143	30.3736	4.4828	35.3562	32.6567	14.7904	25.3609	18.9374	32.4551	25.8833	17.8668	42.691	31.6555	26.4919	29.6972	25.9242	12.1356	14.2194	6.51393	34.7554	24.7407	2.6789	34.7053	16.5683	46.658	14.4544	36.9281	16.2244	29.966	17.256	26.051	6.87691	13.4486	23.9136	7.10184	31.9704	24.3296	33.178	42.5272	45.1137	16.0776	24.8599	32.9855	8.41689	18.8607	28.3658	15.927	47.0014	36.4446	24.3763	37.9175	38.6819	31.7859	18.5294	12.5141	33.2932	37.4152	13.2064	2.54979	26.2912	36.7311	32.2512	37.0861	1.38341	51.7161	35.9387	6.54072	26.5729	21.1422	48.1296	45.0822	51.6797	40.8723	13.8092	29.7965	53.8928	39.3571	7.33167	24.6077	20.0923	12.0393	51.7872	39.5343	18.6454	35.2627	23.4819	26.6487	1.47611	36.4921	54.7741	30.438	9.691	26.0979	43.8398	22.7489	44.3599	40.0347	6.8854	17.7396	4.28282	36.8347	51.8527	7.25847	36.2828	34.4614	23.6378	6.59556	26.0885	16.9564	18.4471	18.5376	12.2444	13.963	20.1574	28.1793	32.9859	40.2801	44.3396	42.0531	32.3207	31.3504	21.5517	21.277	24.4906	16.2152	27.4596	19.1416	23.7989	19.5015	28.5531	19.635	27.2821	28.896	13.963
44.6928	34.3037	32.6863	61.6651	63.0011	61.5289	58.7794	54.6491	53.94	40.2651	44.1791	51.5736	50.6582	52.9195	53.7084	55.226	59.7347	38.7575	58.2745	61.598	45.5958	62.3613	54.8301	2.66227	3.41537	4.06163	5.52258	7.17005	6.96821	6.16624	10.4027	3.32846	4.63611	13.772	12.6855	5.89678	7.68376	9.07192	7.91195	11.967	7.70615	6.90994	9.52894	9.26335	18.2805	11.4074	13.7284	2.05846	3.6032	10.0273	11.8413	7.98636	5.60359	9.37299	13.3005	17.7785	13.2709	35.3233	3.94456	22.8741	7.15013	22.5912	11.7355	12.3381	9.53537	18.6683	5.69376	17.8132	15.4925	10.5363	12.0087	5.50916	9.48566	23.8561	11.6851	3.53348	14.0622	27.5265	2.85375	27.1393	20.06	10.5415	15.6129	9.09582	18.7325	20.2347	11.3808	11.967	17.5902	10.6966	24.7866	24.2532	24.6278	9.36707	23.822	2.62329	14.4115	32.6093	8.68316	31.9061	34.3567	10.4735	23.5271	9.11	26.7464	23.4162	23.0102	4.74818	26.0949	19.5992	14.7053	17.1938	19.7148	29.6214	2.43752	26.0692	29.3833	26.6561	14.5012	30.1947	8.51414	7.70826	34.8749	16.6364	17.139	37.3709	25.926	12.3908	22.7599	11.4978	35.408	11.3914	45.8016	37.2623	5.98438	24.9627	30.2527	24.3467	20.7463	31.2437	27.7877	6.28918	31.1922	17.3509	32.9847	10.5415	48.8472	10.3254	30.4838	8.85431	30.5588	20.4782	19.3642	8.35442	8.41578	17.8571	9.05824	22.3883	40.7921	28.4726	53.8445	37.749	39.4915	40.0177	33.818	38.2447	41.9274	49.3171	43.7669	53.8707	42.0464	29.6954	35.2641	35.1976	20.5211	20.5189	28.4851	38.8573	30.3204	15.9372	31.6614	39.8735	14.77	12.8255	15.63	34.8893	46.6723	23.978	28.2071	38.1472	40.7331	10.8528	50.5735	40.4767	40.4472	14.0177	20.3076	51.3778	44.6913	32.184	16.3202	33.4108	42.3171	51.9394	17.3988	38.6912	28.7192	25.7968	37.7149	47.4939	39.7158	38.2503	27.0788	17.3652	21.9607	50.0629	44.6782	23.0719	44.7218	25.6347	33.6641	41.131	51.9847	33.3947	23.7786	37.1713	14.284	11.4585	4.67695	23.8059	10.5678	19.7646	24.4748	16.8614	24.9269	23.543	22.2784	23.429	18.7015	14.6974	22.3229	18.3817	30.8041	22.6168	23.4087	28.7186	22.9476	28.7118	18.969	23.3578	18.2966	19.0026	12.3332	23.3674	26.7109	10.3594
58.5943	57.1077	61.7457	64.7506	53.0379	29.2851	32.6993	30.5724	27.0766	43.1061	58.3405	46.9734	59.8456	60.9356	35.7148	47.2172	60.0983	49.0362	57.1768	64.3519	9.6407	63.6483	59.7442	29.1433	31.6483	25.3592	8.82897	8.51825	9.05892	10.7075	9.86713	5.55099	9.06368	14.9823	11.2021	3.59875	7.78496	7.62847	8.20852	11.2208	5.35626	8.7646	8.18749	9.88995	17.7506	8.60682	11.4146	3.86554	11.3362	15.9228	10.7389	8.29887	9.25011	11.5122	15.7535	10.1497	19.1267	31.4167	12.7854	22.3949	14.1486	21.6025	13.2216	17.0797	12.5998	22.244	4.84204	21.9719	13.2153	14.2367	15.6672	12.0979	10.6042	24.9877	13.6846	8.71716	18.723	22.1964	16.93	27.835	24.1909	14.1865	22.8973	12.6597	22.7901	13.9548	12.6591	16.1134	11.3212	8.25911	16.2774	18.4189	19.8181	4.13945	15.9946	10.1317	17.1818	28.8716	5.35893	20.9829	34.3466	4.18186	13.6447	31.6721	25.7448	24.7634	22.5779	17.0411	19.0199	16.2966	12.0324	21.2066	19.3938	27.557	15.7892	19.763	30.0281	16.5612	28.0342	18.6808	9.22088	19.2657	29.5505	8.90969	24.2542	37.9827	24.9772	19.0715	28.8763	20.4346	19.4005	35.9726	43.6023	13.8652	20.2694	28.0921	26.1823	12.9164	17.6988	22.5082	25.9209	8.89206	37.7526	36.0442	33.2602	13.0242	47.7402	13.7306	28.6301	6.16562	20.3289	2.06537	29.2508	29.4609	28.1747	24.1709	28.4762	39.2215	28.5136	32.2462	47.6936	24.362	28.1568	26.4206	47.2145	41.9673	14.8015	28.4522	31.4203	40.2844	22.1434	10.9546	4.82071	16.6755	20.9801	32.0022	34.0784	19.3838	9.83272	30.2692	26.0814	39.8544	44.3609	39.1683	45.0798	53.0385	42.5617	20.2574	35.6793	41.525	27.4894	33.7544	22.4364	19.778	26.7785	36.6081	47.2705	45.9948	26.7248	5.60278	11.4347	22.4179	29.5203	26.8475	41.5814	25.4177	31.1485	39.0213	18.1991	58.0791	45.8827	16.4728	10.4019	6.16308	34.5306	51.1317	11.4913	29.8539	22.6786	23.5853	19.0654	30.2189	35.5811	16.693	27.8978	22.1201	8.57672	18.5899	12.6814	23.6881	20.2293	30.2854	33.4331	31.6452	37.653	32.0961	24.0725	15.2877	9.66231	11.6371	24.8781	17.6718	30.7301	27.8076	15.0568	17.0495	27.0247	27.1961	24.978	27.645	27.7961	17.3555	8.35026	17.4912	29.0913	25.2117
48.3515	44.5058	57.6306	52.7411	33.8405	17.3089	14.9246	19.6857	44.7991	56.8911	49.3308	26.9894	61.8048	63.4596	28.7326	47.607	63.6095	58.3725	53.6661	65.0139	29.2485	61.1433	61.6067	42.5522	53.8092	56.8972	35.3772	8.68208	8.48559	8.7362	9.50376	7.99039	12.1324	13.5576	8.12544	5.83616	10.0422	6.43187	9.62824	8.34956	10.0253	10.221	9.15664	11.6555	14.1847	8.61776	12.0966	7.21888	14.4202	15.6272	8.19759	12.46	11.5152	9.53468	16.721	9.50319	9.76216	25.8481	29.8551	16.7618	19.0689	21.0338	8.7639	16.8315	12.1882	24.6083	7.34564	26.1159	12.2084	10.4391	14.9246	14.068	16.4209	24.6491	21.1587	18.0888	24.8986	12.7536	24.2567	29.7689	24.6946	12.5053	22.4534	14.3068	20.6252	16.8613	19.8591	9.87598	7.25689	16.4532	22.914	25.8863	20.7182	12.7844	15.5151	20.7903	33.1469	22.833	6.65258	12.9004	28.8251	16.7099	16.9149	34.5535	22.6259	32.8802	16.9802	14.8375	6.49456	24.2234	19.267	25.8451	15.1723	30.2996	20.9648	10.725	23.4426	1.09848	31.9133	14.1207	18.5499	30.2996	4.84733	13.7704	29.1843	38.039	24.197	16.4811	22.9103	19.9929	17.7975	36.6534	21.0385	10.4661	33.8857	39.78	21.5537	7.93958	19.1555	9.35904	20.0468	22.0054	44.5323	38.4537	20.4016	25.3774	42.9525	14.0754	17.0957	27.5161	26.0254	20.5458	45.3786	34.558	38.2255	23.6633	10.03	5.23467	30.7934	40.2745	5.88797	35.1577	32.0575	19.3091	40.7332	29.2409	12.173	5.23769	23.0866	19.0213	15.0682	17.9552	11.1814	12.0599	16.9405	19.2283	16.9126	31.9924	33.2371	19.2674	30.4685	18.9633	35.9415	29.4326	46.9231	52.2007	38.2292	25.185	40.0225	26.1103	16.2754	15.3908	12.6585	8.18308	16.7923	41.7052	45.6096	28.5533	17.3428	29.3823	31.0644	26.8203	30.95	37.7953	36.3793	21.4801	38.6993	28.4319	47.8537	58.5184	36.0774	12.7673	22.7658	23.3569	12.6973	44.4916	37.324	15.0041	19.9925	12.9722	14.4877	34.8769	29.4414	19.2219	10.0967	15.211	13.1144	26.7674	30.097	33.9579	33.5001	38.4549	40.9784	39.8468	38.9555	31.3954	30.2454	23.0117	12.6882	15.0418	27.595	26.7854	27.0464	33.6785	12.2856	17.4581	26.2482	29.2718	31.0709	27.4911	30.4584	28.8863	19.9212	19.7091	28.2596	29.9243
34.4869	21.7835	40.5135	15.8619	16.8649	7.36841	31.888	37.0407	48.1501	53.9664	19.3661	34.5437	57.6715	63.0878	9.87536	27.4781	63.1013	63.2885	48.394	64.8676	41.6452	58.2507	60.8449	44.7848	48.7643	63.0959	55.4485	8.18787	13.0164	7.07278	4.28449	6.26926	12.0587	8.93371	8.30774	9.30347	12.6788	5.92702	6.547	4.389	11.8915	6.12672	8.4613	8.70884	10.121	7.91021	11.7165	9.38984	13.291	19.2832	12.178	13.4075	14.9148	6.28738	19.1959	16.6666	4.96304	5.31419	29.0632	6.76175	20.6105	16.4667	7.20234	16.431	13.0638	28.1368	8.24202	30.3975	17.768	10.6501	9.98898	8.19327	18.0981	17.6665	22.8055	20.9822	28.2746	3.53229	30.7902	28.745	16.4323	12.4592	18.8261	16.3319	9.0929	23.0349	17.1789	6.08599	14.3137	23.235	17.9626	12.0676	12.3703	3.15107	18.2351	17.3159	42.6784	18.3129	11.6112	10.7157	16.9502	13.2258	30.3239	33.7021	18.8996	37.938	14.7765	11.5093	15.4306	25.6126	22.2267	28.8997	11.4215	29.8235	15.8999	17.6124	21.7412	11.3885	29.6086	17.9833	34.4845	19.8774	15.7604	11.4668	29.8235	38.405	18.8482	6.57137	16.5678	23.0169	37.3801	27.1245	4.89472	26.6293	43.6114	19.0183	37.3682	6.30149	20.6302	18.3283	5.60987	31.2962	39.8494	23.6727	18.6939	43.3641	22.4325	21.6924	17.6124	28.8653	12.7105	39.7861	48.122	21.7771	38.7534	20.6214	42.7597	48.4802	31.1937	26.0235	38.5069	7.57028	9.81901	21.7102	48.1427	35.6044	9.76759	21.8569	10.0987	6.63242	3.60206	13.4841	0.38361	33.0574	44.8927	42.5493	27.6416	25.3031	10.5569	9.73651	32.5291	15.285	25.1391	6.97444	37.9993	39.3462	22.3132	30.4681	39.4871	23.6787	22.6396	15.171	16.9195	12.482	22.2489	32.029	37.0263	6.75568	11.8427	21.9791	37.1876	25.3858	36.8248	10.1878	26.4796	23.9153	18.8805	37.7208	52.5508	38.2216	10.6931	19.7701	31.1238	31.647	24.5812	37.547	47.2208	15.7377	31.5909	8.03947	18.4104	32.0057	18.4874	8.60977	3.32745	12.7268	16.0453	32.6418	32.5306	30.4775	31.366	40.3803	42.3656	40.1934	38.2848	31.4389	30.065	29.4062	16.5591	9.25562	30.4282	31.3591	17.9322	32.122	18.9444	26.2838	25.1931	28.9343	42.8438	47.7179	50.494	48.1803	43.1736	41.6674	39.5252	37.2075
25.2642	28.1953	14.1676	26.552	22.367	21.3708	44.9934	27.6562	35.0484	48.0292	49.7937	52.0803	51.4028	59.1002	11.229	32.0271	57.9464	60.0351	35.4233	62.0481	50.1059	55.9072	60.37	47.7764	46.8899	61.9558	59.8954	55.947	57.4461	48.7833	20.0291	7.33813	11.2142	6.09996	7.12911	5.84255	11.5813	6.11426	6.5376	4.11727	12.1763	7.18539	8.31727	5.05556	6.59239	11.2093	12.2392	13.4802	13.6321	22.4771	7.03134	5.03522	15.6422	7.3673	22.719	15.3119	17.7028	16.863	21.0505	17.6147	17.7665	11.9538	13.008	18.9773	11.3025	30.7433	4.79504	35.0484	15.3466	17.9449	9.51809	14.9354	17.1584	6.72721	19.8388	20.2218	25.1008	3.90591	32.8821	28.7187	9.35586	18.8821	19.4815	20.3546	6.59705	26.0608	11.4213	6.12609	21.4522	18.747	11.412	17.8161	18.1058	15.2093	17.9542	25.5127	45.2118	10.798	13.9905	12.8717	19.1294	17.1513	25.5691	38.9666	7.92384	40.4445	12.2854	19.9524	19.6028	20.8664	19.3684	29.2967	3.46926	29.7036	17.3436	16.2344	15.9598	9.35116	27.8814	29.4018	39.0199	4.36525	25.198	15.8343	29.034	41.4363	20.5044	16.5553	33.0612	38.5808	29.651	10.0781	8.37892	35.5313	32.5973	26.6842	39.4625	24.9531	25.5009	27.1241	16.0362	30.5158	37.7885	17.2087	32.7648	36.0149	16.8252	19.7736	31.9982	7.72025	33.531	32.8353	30.9996	30.9144	22.5846	47.0889	29.453	10.6295	26.0811	48.729	36.6141	39.1281	26.7522	36.1323	47.4606	34.3484	26.2315	31.6227	37.0211	16.0628	10.2204	19.4156	35.9549	41.7464	20.9836	31.204	16.2171	7.10461	4.00919	14.616	12.9693	24.8147	12.329	20.0421	27.6002	40.8853	19.2227	24.3768	39.405	44.7484	40.2575	39.9878	31.7085	21.7137	20.519	28.9565	30.975	24.3354	22.1528	2.99817	17.8184	28.4784	16.2956	21.6254	9.04199	13.3976	37.319	44.0414	28.0761	10.7503	21.9175	28.4558	40.1929	36.8371	31.7265	35.1073	38.3911	24.5305	18.3896	6.71414	6.66886	22.1738	7.14705	2.7903	8.84448	9.95166	21.8731	36.1923	31.4676	28.2187	28.0874	38.4433	39.8435	33.3123	29.3861	26.2569	30.3524	36.8509	34.5409	29.124	34.8594	39.5789	31.405	41.3882	31.1424	44.3652	53.7814	54.3037	55.8091	56.7508	57.8228	58.3623	60.3982	61.6488	57.7205	54.8841
20.3962	6.26786	2.22872	29.5825	17.0456	37.9012	35.6261	20.0686	37.9385	51.4143	54.375	50.7882	50.808	47.7857	20.112	32.5364	45.7414	58.4159	58.2249	54.7135	51.5204	46.3204	60.8272	51.3977	42.6202	52.1322	63.4152	66.4975	64.4284	66.3295	61.7319	51.8025	33.9809	9.80154	10.1196	5.96249	9.80154	11.5578	11.1436	10.91	16.6673	14.3039	9.98344	11.143	4.16976	18.5816	13.4051	14.118	8.38663	20.607	0.383539	14.291	6.00098	18.9942	22.5225	6.421	8.69935	28.7793	15.9099	28.5488	30.5821	31.1559	27.6513	17.6229	16.629	29.6823	5.4961	36.4661	3.46907	17.7203	17.1197	22.3545	19.5351	22.891	14.0394	13.6981	29.8592	8.28865	26.8457	34.8899	15.309	19.6815	33.9165	34.5747	25.1351	24.2875	17.9811	21.2822	22.5945	8.24185	11.3798	21.4347	19.6523	19.9032	14.2203	36.2243	43.8073	3.69776	21.9165	24.6418	32.6435	30.6899	24.1752	41.1146	11.8515	40.0583	29.4769	22.3545	26.8042	21.5769	12.8437	25.8368	13.5909	27.2765	18.0216	16.2993	2.07166	20.0276	34.9535	36.7539	31.6371	14.8825	24.0399	17.1567	20.9577	40.2436	20.0699	27.9084	45.1198	30.8427	10.3211	21.0939	17.689	25.8641	26.5608	33.2778	23.6037	36.9848	20.8875	29.0852	23.4653	33.8206	26.5434	15.0311	27.5027	30.4065	28.458	6.21917	25.5789	34.0131	25.6354	7.20067	24.4436	39.4522	40.6914	36.2368	27.419	39.1089	34.9559	36.1669	34.023	48.0119	30.6596	33.9652	18.3849	31.8402	39.1598	22.3099	36.5932	32.2017	21.7517	17.4917	38.5498	18.6966	26.6445	24.7144	41.2281	36.1224	9.36412	3.99797	9.14319	36.4521	35.0053	42.1754	38.4092	33.8589	14.125	18.5392	37.8976	47.1076	8.35074	29.4385	25.3593	28.6481	25.6797	36.5785	40.1124	42.329	32.7687	29.5235	6.96699	15.1607	20.2492	17.4498	3.46892	11.9894	20.4264	27.3823	27.9463	30.3718	35.0847	30.1462	35.2332	21.072	34.6719	35.235	19.7434	14.8551	11.0121	11.2572	13.7928	21.2365	8.51513	3.61363	9.74777	12.0047	27.7367	32.7912	21.9186	17.6175	17.4648	39.6349	44.0312	24.7137	17.1384	15.2535	13.9938	24.6918	35.5623	42.523	47.5591	52.0478	57.3362	66.6253	68.5853	68.7574	68.3564	65.538	57.646	54.6543	57.343	62.4096	60.9737	57.4959	52.3681	51.271
32.9664	18.6915	21.9755	26.1749	17.4608	37.8933	6.34099	34.2099	37.0098	34.2707	18.8761	15.1539	30.9116	21.9973	19.9411	30.1452	39.6771	53.6771	57.7048	50.4802	45.4442	32.5785	53.4404	44.2131	14.8483	24.1382	51.2025	49.9938	46.1164	57.8442	63.5299	65.1802	60.6054	27.6704	10.9551	8.18366	6.97245	12.5444	11.4891	14.2998	18.2302	13.6288	9.72985	14.7037	11.087	21.7356	8.07298	9.70633	8.09424	17.3617	3.03165	15.2719	13.6788	26.2772	14.2767	6.26512	12.0624	31.2645	12.3539	30.6499	29.0171	29.564	25.8422	13.9097	20.35	20.8289	17.8196	32.8872	8.17869	13.1231	16.8257	20.2011	15.3049	31.8006	24.3312	20.2363	35.9914	18.0964	13.2584	36.5359	32.9404	28.3592	34.1892	28.6196	36.6867	13.0062	18.4981	16.9536	19.244	12.4518	17.6314	24.6743	13.8046	14.2267	12.8208	42.1858	36.4961	8.01574	33.3914	37.6531	41.9516	32.6869	21.9828	35.668	19.3185	36.2413	34.8287	17.1941	24.4932	19.1319	11.3522	21.2639	24.1284	23.2731	24.9285	19.1657	19.4884	30.6875	26.6601	20.1101	20.6554	16.425	19.1387	8.61445	14.9982	26.2517	27.6185	33.9476	30.4398	15.8501	21.7363	19.6384	17.9866	11.9759	2.06433	11.2925	12.2557	35.1486	14.2753	19.8015	28.7367	32.5832	1.54325	15.8022	3.43046	16.6434	13.4184	13.4031	16.119	16.7319	17.4487	15.0187	16.5469	20.9894	12.5666	34.401	46.7205	41.5249	24.571	40.4556	51.5943	45.9981	35.2861	15.0935	31.8256	46.052	39.0989	24.7536	25.4815	36.5261	35.4599	13.5052	33.9302	5.47174	23.9127	23.7201	16.5464	37.6913	15.0065	8.98209	9.35542	37.0546	25.0351	2.45416	6.56073	23.8893	14.9615	14.3463	27.8913	41.3448	32.272	15.9753	16.8287	20.5445	26.0812	44.3806	44.5002	21.5397	25.1072	41.0738	14.4221	23.313	16.7312	14.497	10.3537	17.7092	31.7625	35.2657	31.5007	29.1752	31.4617	31.1228	17.6076	5.4744	25.0042	27.1204	11.9099	11.9888	13.845	11.525	9.84927	15.3667	11.9616	13.3705	19.699	23.3692	33.425	24.4887	4.00839	18.3631	22.63	48.8702	50.1058	27.9986	28.8556	18.7247	5.69015	1.82266	14.1759	26.0672	35.65	40.5635	62.4787	69.633	74.3003	71.568	63.191	59.5942	59.7437	62.0023	62.7446	61.2273	33.0285	32.1683	32.9008	39.0923
33.7898	22.3231	26.9002	18.5884	24.6688	21.3185	24.1053	15.6845	7.73078	17.904	13.1674	10.9905	20.4157	12.9658	18.4129	25.1151	26.6588	20.7627	28.3677	22.6932	30.5204	14.3654	27.6359	42.9126	5.89277	38.0996	15.9688	13.8151	28.5582	32.1877	36.0016	56.7129	66.0271	52.5468	7.35168	9.38642	8.04194	9.44506	5.58951	9.90027	13.3203	6.56885	7.98626	13.5247	12.9882	20.1402	10.4126	10.1663	10.5575	10.9112	6.09809	12.6077	12.4903	20.7067	4.2931	5.78352	12.6916	30.3828	9.49882	34.6765	23.8422	15.5174	33.9127	21.7428	8.1428	24.4912	22.1162	24.1256	9.42264	15.0921	14.9487	13.6211	9.72892	31.2118	23.9637	18.7879	38.2509	28.6746	16.5053	36.0763	33.7937	27.3897	16.8046	29.5303	40.647	17.7534	16.9751	14.4812	19.8833	18.281	8.5115	30.44	10.7194	10.8985	34.572	38.3899	23.3185	13.2368	33.1504	31.019	32.4015	15.6546	17.8661	30.186	23.8543	15.907	36.7909	21.8537	17.9547	17.3999	7.57153	8.82445	14.388	28.1116	31.9915	24.893	34.4592	36.3392	9.70571	17.0879	17.2983	18.698	19.6054	10.7329	7.93603	6.64073	7.01491	7.00464	20.6901	14.5589	19.7937	2.82615	12.0718	19.0872	21.8098	21.173	17.1345	28.1363	9.67168	6.8694	34.4248	28.9325	17.8917	13.4666	16.6202	12.0817	17.9261	9.30001	10.3308	18.5608	15.9273	25.1233	26.834	30.488	29.8917	31.7348	8.31651	23.9825	44.8245	45.6313	23.2289	16.5091	22.0328	9.13352	37.7626	40.9961	23.8391	21.6397	28.5685	27.0771	37.253	17.9004	32.6862	18.7042	22.9782	6.96123	29.5316	35.1416	12.2189	28.6841	15.0349	35.3575	43.1709	38.1309	24.7516	21.2156	4.38731	14.9096	7.8941	26.1026	35.1142	9.79997	20.6861	20.6103	34.5425	43.5416	20.549	37.3824	41.491	29.2994	17.8658	21.2433	13.2697	10.2927	12.5784	10.6908	5.80106	20.7108	20.1356	23.9358	28.6508	28.0127	32.8579	26.0554	20.8559	16.8398	11.835	8.51191	7.658	21.9038	26.2403	23.8552	15.886	25.6813	28.3594	30.1472	36.8951	22.8661	18.227	11.712	22.9328	54.4659	53.7727	42.8675	52.6265	52.0303	38.0628	4.11593	19.0342	20.8283	28.0615	36.4184	66.6439	66.3447	57.3915	63.1765	51.7627	44.9719	53.4553	62.5799	60.5419	65.8634	53.1758	29.2844	37.1523	31.8769
35.0682	41.9002	39.2771	29.1967	30.831	21.8124	24.8937	7.86284	11.131	18.0793	16.2701	38.055	27.4091	14.6537	15.9399	24.7501	13.8964	6.05479	16.8822	22.1796	25.8773	11.5147	28.1782	36.0318	35.4475	31.7987	18.8482	9.52079	24.0302	24.3239	32.3705	45.9405	61.5899	65.209	55.175	28.0872	4.27893	4.29266	2.25435	9.84892	11.2744	4.65469	8.62734	10.7653	10.042	18.5996	7.49613	3.2727	5.90184	5.0303	11.2744	12.6728	15.7372	19.3662	11.0409	7.57277	5.13085	27.5169	8.32913	36.1472	18.0681	35.525	32.7318	7.50202	25.8174	28.1591	22.3364	17.014	12.854	16.4209	9.552	9.08287	20.4992	25.4556	12.8032	8.78276	33.194	27.6749	25.0294	27.9677	19.5013	40.139	19.8466	32.0075	38.5208	15.8847	18.6704	25.0103	28.0959	26.0425	8.9518	38.7062	10.546	30.2236	25.1009	26.5638	20.1167	9.81442	25.1611	32.8826	43.716	19.5554	6.00915	18.8374	20.9844	15.2034	23.2673	28.4062	34.9312	34.5742	26.1329	28.5891	23.0264	31.695	22.6139	24.312	36.8602	34.2044	3.25913	17.604	7.06947	19.6591	18.3945	9.72669	2.2543	5.06512	3.37397	3.97115	23.7082	10.3583	14.851	12.0873	12.5642	13.1207	13.2856	19.0093	19.7284	16.3889	11.0933	2.62137	36.9826	25.7459	20.1432	4.76601	7.49062	17.2054	7.64076	8.19095	11.0203	5.58094	16.8407	30.0754	31.5844	22.3892	18.8759	14.8547	46.0957	53.5426	47.7569	35.1626	6.29852	12.8599	22.537	10.99	29.0119	32.4868	3.30825	18.0747	29.8762	29.4825	41.0797	11.523	32.3905	26.7914	24.6206	32.5736	32.856	23.9224	35.7527	30.106	39.6079	25.7001	16.5366	15.9944	29.6752	20.4555	28.5776	32.8321	27.7147	22.632	44.6137	19.0994	24.4555	33.8477	41.8539	27.7209	20.2784	24.4661	11.4268	12.0329	20.2254	5.80019	5.9313	16.1165	20.9533	17.4053	13.5664	21.5572	18.3281	16.6006	27.4577	21.6411	24.4122	18.8424	11.8889	7.906	4.99546	2.47169	19.4496	31.8344	32.5216	28.7608	25.3026	25.3285	29.7127	31.6582	41.3478	33.112	33.8101	18.9933	25.2931	62.496	62.5855	57.5558	60.9914	62.4978	61.5225	31.5905	11.4073	16.5509	25.0166	34.5511	66.2578	71.6083	52.198	52.0086	47.2691	37.3457	42.9288	57.0626	46.0373	66.5153	60.8658	50.0958	44.8357	37.8919
11.1406	12.6062	27.7853	26.8628	39.3419	37.0354	25.4184	19.6452	25.1517	29.0004	29.6023	19.527	14.6448	12.892	15.0489	14.4968	12.7754	8.96216	17.7823	16.0368	14.7655	13.3383	29.6729	21.8369	30.8321	30.773	26.3135	16.1607	20.627	21.7304	37.8909	45.9939	56.6412	65.0426	67.4362	66.3286	63.9247	63.3669	61.636	53.4541	33.7304	12.2904	9.52859	15.1457	15.0882	18.7616	11.0429	1.5428	8.07953	11.6053	12.9633	11.6777	17.9831	25.4358	19.512	16.5029	10.7928	17.9456	14.3741	28.3068	11.8377	31.4047	12.046	31.3619	23.4876	19.819	8.67617	20.1067	22.5163	9.44813	12.2362	20.4013	31.3455	26.2756	18.9684	19.7254	33.1769	19.2605	27.5886	23.0746	14.8009	37.0882	23.7183	35.5622	26.9111	19.6427	17.0066	27.8403	23.0488	34.6087	19.0072	37.5012	11.339	34.1805	22.7507	24.9908	26.598	26.4839	4.17868	25.2064	33.5141	27.2709	7.35591	5.46232	27.3109	16.6484	16.5032	7.17177	16.4138	29.8557	33.6678	34.4982	36.2951	32.6496	14.6084	31.801	40.8628	21.5636	15.2422	23.4188	13.9885	21.5642	11.5134	8.17585	6.81355	13.2119	7.25202	7.51825	22.7231	10.77	14.4662	20.2036	14.9573	9.52729	9.16452	19.0091	23.4753	11.5764	15.8434	8.75803	31.8886	28.948	12.6513	15.0038	12.677	12.7211	16.787	19.3272	12.3337	29.1013	38.4934	28.4644	13.1819	37.302	38.7047	40.7774	45.797	27.8629	3.70428	28.2487	19.9638	7.81777	18.4369	30.7881	28.9779	18.8022	23.7528	20.6897	8.19013	30.2207	38.2763	16.7393	34.5901	18.511	19.9959	36.0246	34.7974	6.90165	35.0226	11.7746	27.1121	52.9429	48.786	20.8152	28.3104	36.6188	41.9518	25.6688	40.6258	21.1886	41.5009	18.5128	27.6191	40.0745	31.3171	18.2297	31.8274	31.0042	32.215	21.387	27.4187	43.1222	37.7741	12.023	6.75159	14.6961	15.3426	6.49669	22.3396	24.2103	37.1791	20.902	22.4475	16.4041	28.1904	37.3367	36.9207	32.2895	38.1797	42.297	38.6644	32.8402	35.1979	30.6647	39.6928	55.8219	68.9705	70.9446	68.3725	52.8032	35.6793	70.5895	71.2223	64.7225	60.8304	59.6252	69.4585	59.8075	58.0547	61.0433	63.0603	61.6324	71.0558	75.1099	57.3828	59.5311	48.7824	46.0964	53.3414	59.4943	23.3919	61.8244	44.5305	37.5431	45.1282	63.351
38.6065	29.6277	28.4972	11.5025	15.3028	34.3562	35.6201	29.13	29.8365	35.442	31.003	13.3372	9.24227	27.4011	14.8553	13.3013	21.02	26.9568	23.2078	19.4796	7.19531	5.24468	27.0068	18.4914	18.8725	18.8693	19.3237	12.3937	14.0679	19.5693	35.4236	43.3343	47.396	52.6706	56.8823	63.5936	67.1785	67.3254	66.3064	66.767	61.1251	48.9541	17.2983	11.7702	17.7626	14.3309	17.6662	6.37485	17.3768	17.1667	12.4738	9.33241	13.512	28.5025	13.752	25.2991	17.6047	11.8676	15.9523	9.51421	3.64004	19.7623	18.1664	34.8878	2.91205	35.6537	17.3235	35.015	14.895	27.3698	22.8178	39.865	27.7505	37.0307	25.4577	9.79389	20.1372	15.7281	15.5741	21.7696	32.1904	29.9841	0.766709	23.9507	10.4582	20.8087	19.6127	16.4945	24.3192	31.0017	25.4192	34.2943	13.6173	31.8731	23.1583	8.27425	24.3724	29.6542	22.4267	29.7083	27.1529	29.5132	16.3488	19.6025	39.811	19.237	23.5271	18.6409	26.2558	8.51598	12.5521	17.8419	21.7237	17.5971	16.0572	36.4241	48.7464	16.8102	17.6326	27.0915	17.3362	20.358	9.11197	5.2666	10.6772	10.3989	8.75684	5.56708	19.6919	13.8661	14.294	20.5455	9.84734	5.14104	8.18932	11.3809	19.6834	17.1787	20.1286	12.0685	23.0968	34.5429	16.6159	26.7312	12.4116	28.0437	23.7089	23.3295	29.3669	35.1545	25.3603	26.416	42.1043	42.3143	37.37	31.4389	25.8845	18.0652	26.4673	21.1164	17.4124	10.3606	23.9457	45.4689	37.4519	24.863	29.0795	4.97131	22.3081	23.7749	21.2568	36.1571	42.5747	24.3454	42.3046	21.1674	25.8745	41.7062	29.2224	17.6955	40.5625	46.6123	46.1688	41.33	15.0807	22.7983	51.2093	38.5047	35.7447	30.2662	32.9121	40.0596	37.1257	34.5296	11.9844	11.4356	20.8101	10.6866	3.66424	22.0266	54.0094	43.9694	52.0922	45.4122	37.7388	46.6987	45.6187	39.4884	35.0296	24.2209	42.9633	33.8901	37.3513	34.8696	41.9918	46.3163	48.5855	49.2211	39.812	40.9669	39.2804	53.0995	59.9623	55.4978	50.869	67.6502	74.3415	71.856	73.954	67.3924	53.7458	73.2076	72.4016	57.0161	55.1344	49.9834	67.5557	62.7269	66.1618	66.4919	68.3869	70.5231	74.3034	73.4482	42.3604	65.9743	45.2095	58.2449	65.7353	51.5201	57.8437	54.6114	36.4656	46.5611	55.498	72.5624
7.03269	21.1348	26.6936	33.0955	40.4249	37.7646	27.1413	8.6747	15.1549	20.4241	21.7025	32.8999	42.3841	40.9292	35.9522	36.5241	36.8344	32.0788	26.1112	30.1597	28.9016	23.3549	27.8036	22.0181	9.38315	4.51966	2.99114	11.0296	12.7737	14.7888	13.5875	17.4576	23.3347	36.459	37.2786	42.2384	46.4529	44.0637	48.1267	61.2148	65.7571	66.7214	65.1302	61.9184	58.266	50.5273	33.6277	42.1407	49.1685	30.8968	3.035	15.9871	37.6267	51.3263	48.9836	41.7912	47.8837	50.5596	47.1751	13.5621	10.2467	12.6653	24.6562	28.7491	12.7941	27.3044	26.4388	21.3622	27.7957	13.0336	31.0535	36.8519	23.9525	32.0212	24.6439	25.6435	24.2002	14.4166	16.4175	2.70865	37.5441	39.5603	11.3366	25.6345	14.0786	23.2625	18.0803	12.6776	28.8159	30.008	24.1714	28.4181	17.33	30.9932	21.3368	19.2838	12.1218	24.1169	26.6494	21.7284	18.5247	37.4261	36.9079	30.7075	42.9126	43.014	28.9953	14.6235	20.9387	29.2499	17.5618	14.825	17.808	11.9945	22.9202	27.5162	51.5603	33.818	21.0775	29.4904	11.9381	22.7207	17.1536	12.7941	19.6651	14.491	5.65937	6.13145	13.3686	15.8709	13.794	18.9878	4.6218	4.10732	13.6271	14.7552	22.3067	22.2833	18.3401	15.2657	27.4932	35.7802	15.0749	29.453	19.2896	14.4754	17.073	13.0255	15.079	18.795	35.5705	37.0651	24.6412	34.9068	26.6005	32.1518	45.0237	37.1202	11.6264	31.6674	5.47199	34.4971	47.3142	38.8992	27.2818	33.9013	22.2207	13.1747	19.905	34.3989	39.6941	39.978	11.2372	46.9395	39.582	29.8721	43.0439	40.7776	32.2208	11.9658	51.0074	31.67	45.3843	44.4955	50.7547	43.334	34.5906	52.3961	5.23319	36.132	34.3883	45.7179	21.3117	32.4978	49.1905	56.1214	54.1823	51.1967	57.7837	61.1412	59.9372	45.0176	56.1807	63.1838	63.4205	63.5783	61.3816	62.7097	59.1556	53.1829	58.5018	64.2268	69.1543	72.3842	73.4691	74.881	76.2088	76.6089	74.0686	69.438	71.3681	76.1875	76.3687	75.6539	73.8224	73.9955	72.742	55.1191	70.3767	70.8678	68.6714	73.5984	71.1245	47.5226	42.1052	33.8718	55.183	46.5666	54.2607	58.2787	59.4976	55.6947	60.1831	55.5887	47.3963	51.3015	63.2234	69.2705	68.8662	55.4195	68.9503	72.2929	72.7327	70.1548	60.0199	64.2541
8.00558	11.1071	24.4336	30.3095	33.0973	36.2086	30.7511	29.4727	25.4147	14.1845	14.3626	26.1695	32.6151	30.669	30.6259	30.5391	27.1912	22.5981	20.6955	23.6384	25.5073	24.3251	25.8895	26.2616	24.4712	17.0633	11.8578	13.3504	16.777	14.2683	13.6924	23.3809	13.1828	18.2416	26.1376	41.9054	43.4686	39.9074	39.3631	46.4034	53.7564	61.2338	65.7319	64.8441	63.2895	63.1979	52.8372	55.9625	58.1157	59.8333	42.9594	55.0797	61.0222	62.8516	64.7749	63.6939	61.0705	54.6345	59.436	47.9435	24.8692	8.53439	16.8431	15.8283	7.23605	14.2824	17.2743	29.7476	40.1621	28.0382	37.5519	14.6037	35.6275	4.08209	27.7461	33.7955	26.1532	8.21591	2.05609	11.9652	16.5777	39.3475	42.8455	15.494	11.672	24.6539	11.2493	19.603	33.9762	37.8829	16.1432	13.9059	6.41409	27.864	29.2967	20.0155	22.7937	31.9094	33.1187	15.9861	8.71265	13.4853	19.7446	18.6035	25.7893	35.1258	36.1629	27.663	23.6384	31.5017	32.3493	29.6398	19.8394	7.06666	15.909	8.50449	35.1293	44.7769	39.8945	45.7543	38.74	41.1512	34.2536	29.8563	31.1781	31.835	23.2417	18.1552	10.0781	5.83812	6.40771	14.967	6.4991	7.50122	22.9725	21.0583	24.9698	20.0758	15.6298	18.2145	33.1919	28.7935	21.5699	29.0556	30.7261	12.1706	6.99297	4.76416	15.6173	28.819	28.1174	11.927	36.6279	43.1953	40.9298	34.9162	26.4705	24.6921	27.8584	19.5476	29.5527	46.5632	41.1543	25.4621	13.9341	17.2754	24.8889	7.00153	30.2778	34.9602	32.6478	16.8431	46.7093	44.7029	11.437	38.6089	38.1478	22.6425	44.2751	14.1679	51.7205	26.6458	40.1418	33.6658	41.6532	47.0246	15.0534	45.3186	27.9732	14.9184	16.7825	28.6306	43.354	57.9113	56.2372	38.3523	16.6324	33.2498	48.0882	40.0711	29.0954	20.4403	6.65724	14.8238	36.7365	26.8094	19.5229	42.2602	55.9972	62.2046	67.0687	70.041	71.8287	74.2118	76.607	77.6751	77.437	77.9251	78.3888	76.9511	76.946	76.9497	74.0515	75.5195	75.6574	73.1255	67.6466	52.491	64.1954	67.3892	67.7129	70.9355	66.6494	46.0478	38.2212	43.0343	38.4217	26.2697	30.2581	34.6038	28.0172	31.8769	46.7546	59.7135	56.1382	28.6318	31.4067	50.17	49.0732	15.7661	52.1056	67.8267	70.8624	71.5289	69.5585	59.8687
27.8775	28.8365	21.9664	13.313	6.156	19.3031	18.2848	36.1371	26.0768	5.34188	20.9351	22.7872	1.53264	31.0218	42.4397	43.1507	40.8437	34.8256	28.982	27.4552	28.0827	24.4808	12.586	5.9652	22.2947	29.3505	28.6109	27.3038	26.6612	23.4582	26.3644	28.5673	20.349	25.9442	31.3228	16.1459	20.9343	9.61633	20.3576	34.7048	38.3136	41.3804	42.5937	42.5692	46.4352	57.9763	57.5161	51.7538	46.0006	61.7478	63.082	64.1292	57.0958	52.817	58.7847	58.8661	51.1781	40.0175	54.6931	59.8138	60.4046	50.9079	23.881	17.7523	14.13	35.1255	55.5587	47.3683	39.8692	37.1174	39.5415	12.4974	30.4212	17.1892	3.25311	34.4955	15.1966	24.1696	23.563	16.8733	16.3319	16.3978	28.0098	34.5847	14.2299	21.5815	20.591	4.06739	7.33191	29.8282	25.8415	39.2914	35.1965	22.5979	26.9883	29.2365	25.6071	18.403	22.6867	24.1713	24.3233	24.3083	16.1092	18.9211	21.9152	14.8795	10.9205	14.5369	8.88203	7.34762	22.3156	28.8357	29.6967	25.6219	27.799	27.0719	18.0267	13.0233	53.2742	59.956	53.9462	53.8731	47.4864	38.862	42.0924	44.2887	34.4504	28.7264	29.8542	23.1143	19.5725	22.0788	20.2082	15.4577	21.2044	11.7214	17.3006	11.7567	10.6937	27.8907	33.3253	20.1234	13.3945	13.3468	23.0262	16.6109	19.5669	17.9518	28.171	20.2625	14.191	33.3131	21.3785	21.0106	14.4425	14.6401	25.0934	35.1172	11.5967	26.3819	38.2791	45.4009	30.1318	34.025	23.0083	6.66297	29.2725	17.1372	23.8403	8.84216	14.2551	45.7722	39.2092	30.0265	43.4012	42.8837	31.4942	38.1863	43.6368	24.089	53.4074	28.5295	28.1947	23.116	21.6629	47.7516	17.2921	45.4549	38.1894	20.0731	15.7136	7.19357	29.7584	31.2739	39.8131	50.7655	44.3101	46.9813	51.7389	54.5349	58.3386	58.7972	48.7326	44.6649	52.4069	56.7902	51.2021	35.1948	31.5286	25.5015	9.84435	30.9751	47.9332	56.3741	54.0808	56.0373	57.184	30.5963	60.2372	65.9608	61.8568	54.5	28.0977	55.6954	64.4094	65.5119	65.2328	62.7905	67.4411	70.5964	69.9744	68.0912	65.2022	57.0137	57.2189	50.6556	43.4014	37.1402	17.1375	39.9078	39.2153	36.8082	36.0359	47.1793	54.3159	50.6097	47.1059	48.4911	38.593	35.5024	35.9278	28.3316	31.3221	48.9493	63.7999	67.2262
18.1781	11.9206	21.8613	25.7321	22.465	17.4429	14.0211	35.7621	30.9223	25.245	24.5062	7.72416	32.0019	41.7262	43.0968	44.0355	43.8394	42.9176	41.1533	40.0152	39.1064	36.136	31.0534	23.7207	15.3942	7.65107	15.6152	19.3795	20.5925	21.7145	28.2383	29.6317	23.951	38.753	32.9747	28.5924	17.949	21.254	32.8947	41.5759	37.9021	30.8169	31.153	38.4469	41.395	45.4257	49.6902	46.5714	42.2947	51.027	56.269	51.3774	38.1556	36.0958	38.8467	39.5671	33.4809	36.2209	46.6398	52.953	56.655	58.0478	53.5124	44.5427	36.2235	58.1428	54.2271	37.9411	49.4122	37.7945	30.8107	35.3174	11.4804	17.3434	17.1619	27.3468	20.7396	21.2494	23.9485	14.3337	18.3588	16.999	6.1461	28.156	21.9007	23.4965	27.749	15.058	11.2683	7.01015	37.6603	34.9288	34.6985	16.1631	9.65208	4.13787	25.3705	19.6289	4.88992	26.4778	35.5638	35.001	18.1341	26.1782	37.7735	37.5044	28.7168	35.9138	29.0883	21.3404	11.4357	15.9691	24.2183	26.6625	22.7998	17.7566	21.9386	11.8548	54.0336	68.2348	59.8516	51.4797	54.7906	45.2949	41.1633	45.1961	23.6608	17.5776	25.0605	28.807	30.9511	29.0913	19.4469	22.0609	27.7115	26.49	23.3808	20.6187	29.9762	31.1159	16.6879	6.8313	11.0218	26.7238	19.6803	4.81797	5.65775	8.04706	23.4473	25.5022	15.5836	22.5464	12.5881	23.7877	23.5689	16.6235	8.77618	31.3373	13.4588	29.7415	20.3797	29.661	33.6335	12.3723	26.9469	15.9766	18.7939	24.091	23.8448	16.1802	41.6039	38.2337	25.4802	46.7187	40.7052	35.5063	14.9392	47.8379	27.7825	36.2821	52.7009	17.9427	14.3414	19.299	11.0934	42.3792	19.7611	49.1474	35.3355	20.0097	21.3981	23.3329	42.3023	53.6115	53.1709	45.5568	37.7266	46.0831	55.103	50.5725	42.3873	48.4438	32.975	24.1086	39.9331	30.9897	51.9328	44.0131	22.1111	32.0198	48.8954	55.565	58.6033	63.5208	66.4772	66.2163	67.7629	60.1746	55.0346	48.5894	44.2807	54.8251	52.2225	34.1251	36.2132	30.444	25.8599	26.8744	46.5051	66.3683	70.4879	68.5275	66.2721	64.0589	69.9077	71.0496	71.106	68.9803	67.3665	70.8489	72.6886	72.0406	72.1428	73.9091	73.3783	71.2944	69.7443	66.7462	63.283	58.6891	47.6492					
16.3654	29.9152	37.4437	34.9205	36.9877	39.3563	43.0775	47.6387	35.9011	14.607	4.98364	19.8258	37.0427	33.3642	10.3451	10.2948	7.48538	14.3774	23.1342	23.1585	17.7291	19	28.0027	30.9493	31.1392	27.7933	13.6183	4.71657	5.02723	13.2364	21.8513	24.8831	21.9458	30.1322	31.7021	39.1188	42.9942	39.0235	22.0768	27.9706	37.6119	19.7548	24.1083	27.2833	23.9234	21.2476	23.1127	26.4691	30.9621	31.5402	30.9547	23.6772	20.6812	17.7643	7.34239	25.6775	11.1243	17.8052	26.9603	27.3562	30.1783	44.1497	52.9053	57.9199	55.3075	58.2079	37.13	34.8643	52.4504	41.7618	28.5679	48.5275	38.5764	6.63598	32.2555	29.6328	37.357	32.021	17.6415	20.0847	27.8177	21.8558	18.0569	27.5272	28.2431	17.8463	32.1369	15.0376	26.4191	23.9251	34.5499	8.91866	44.9686	34.2186	31.2291	32.3281	24.1933	19.0127	30.1602	28.5145	21.5098	31.7715	21.195	28.9759	30.9997	14.3768	8.89976	29.466	13.3443	17.2129	10.0203	10.5668	16.5006	17.1832	10.5107	17.0556	24.1033	13.9715	51.0816	69.9261	62.2368	9.32778	48.5242	48.471	40.0826	56.0114	21.1455	23.6488	29.3008	44.8018	38.7493	36.6396	11.6654	16.0607	18.0063	23.0879	20.5259	16.002	31.2881	34.1741	34.6949	21.5644	16.2812	14.1151	12.8856	7.0487	5.67792	4.83535	16.6213	23.7583	15.5785	14.7551	15.2407	20.7496	21.3436	15.2644	10.7388	31.2093	17.3815	29.518	10.3113	15.7845	33.5094	13.6196	20.3536	23.422	13.5413	19.6247	21.9984	32.1694	48.3469	12.7948	47.2434	33.8939	30.8379	22.7562	21.3055	50.3377	37.1525	35.6627	46.1327	8.98046	9.213	18.8889	34.099	30.9025	34.572	47.7792	15.5516	19.4398	8.17155	24.0276	38.7468	34.8867	29.177	27.2334	30.5228	14.4782	25.0421	24.3077	18.5113	46.5539	33.3281	50.2808	29.0164	53.8982	41.6723	31.2088	46.3435	43.0249	20.7147	9.43189	39.3709	37.5892	37.6097	57.1367	62.2616	39.6492	58.355	58.6534	53.0227	53.1897	57.4006	54.3356	56.6947	58.3126	58.7456	61.0605	63.5811	55.7957	32.4165	11.8306	33.0286	32.6397	21.6791	60.2499	71.7767	75.9223	76.6541	76.2634	74.6077	71.2797	67.845	63.8833	59.2292	55.9361										
35.6028	36.6996	38.9207	34.997	28.9956	33.6596	43.5759	29.5607	10.8782	22.52	15.063	13.6578	25.5992	26.6926	19.3123	14.8287	16.6346	9.95134	7.6666	9.26786	10.4901	13.3057	19.1078	25.1122	26.2647	29.3468	28.3219	26.4311	21.8585	9.43134	13.4305	25.174	29.2986	13.3586	23.6233	38.5391	33.3697	22.0003	7.54426	12.1263	38.4358	31.4784	30.066	30.7652	18.8179	11.5684	8.81557	11.9777	18.4334	11.1308	13.1473	13.0316	13.5814	10.8782	12.0619	28.2048	32.0625	22.6485	25.494	25.0143	20.1243	31.203	37.511	41.6835	41.7471	47.9329	22.1692	33.8411	46.9533	38.8629	33.2247	41.7455	51.8453	38.5034	22.9338	16.9916	20.2648	43.7407	9.17996	35.073	33.0876	35.1352	18.1911	26.7395	30.7717	20.6688	28.2655	17.4931	34.0996	21.5719	17.9726	41.3064	42.8115	16.5439	10.9027	19.2489	27.6829	38.7292	15.7073	14.1866	20.7553	27.0163	15.14	34.3094	18.5318	6.89907	19.3935	13.1021	35.3523	48.1803	55.4933	59.7422	59.2031	54.0471	23.3187	5.8406	24.7293	24.5635	38.301	67.3551	66.0197	49.0277	8.81988	31.8848	45.6718	60.8695	21.4748	32.6629	43.4569	42.9552	49.0762	35.9691	20.7241	23.7313	29.7311	37.7051	37.5742	37.1544	28.4709	27.1592	38.3411	37.5796	5.04698	14.45	14.7596	17.5171	18.9218	18.1995	22.658	16.5906	25.0222	21.8659	16.5054	13.975	15.1048	17.7713	25.4904	30.6454	26.267	35.1343	23.6572	25.166	18.0398	17.7992	15.3719	28.5794	8.55283	21.2728	23.6964	39.092	49.9339	27.8014	43.9628	15.5971	32.5795	17.5957	15.7426	40.6087	11.227	29.7196	41.1819	8.09184	4.24833	22.4008	40.9163	18.4138	44.9778	43.683	8.85388	15.0978	14.9302	27.0973	34.431	22.5499	18.0206	28.5826	47.0412	46.2749	47.7391	46.2278	38.8938	22.2147	35.766	25.3651	45.3814	50.602	40.5144	38.4879	41.5496	37.8945	22.2501	14.3838	41.5711	38.6942	51.1795	58.1943	44.4557	37.7265	24.4053	30.6699	21.7708	33.1772	44.4339	34.4166	33.0636	34.1161	43.5824	29.9659	32.1066	60.4455	61.9296	59.9746	60.8807	64.1687	63.0455	56.2278	45.4665	62.1975	64.3772	59.1205	49.3753															
44.7807	41.4732	39.7415	32.7357	28.6603	32.9305	22.659	17.6198	18.8048	7.84859	12.6411	13.5519	20.2677	21.568	19.9017	22.321	4.44562	26.8311	34.9367	26.4502	12.2977	8.55861	3.30525	13.9736	18.5413	25.576	24.0968	19.1113	24.0563	16.3342	16.901	29.1167	28.6504	30.9869	40.8956	44.1453	39.6078	35.554	35.3482	33.5054	33.4918	20.7833	27.8441	39.9468	40.3404	21.4265	23.5537	19.9073	12.856	12.3056	30.8129	27.3017	27.5105	50.0264	57.149	56.1431	47.6454	40.1845	31.8766	8.30832	20.2045	24.2406	24.1537	25.6217	33.5857	34.526	22.6116	33.0539	39.9577	37.6038	41.1702	44.3926	55.2476	56.5314	46.5593	40.1446	32.6924	38.8915	17.4662	30.2959	5.88721	33.3675	17.4679	25.4799	47.0093	45.7311	30.5353	15.5963	14.0635	18.9959	23.7667	8.68898	35.1829	33.9688	39.3072	40.8264	27.9604	15.7883	20.6885	22.5593	9.72555	11.4955	21.6004	28.8192	22.9758	28.0525	22.0716	33.4622	60.9161	64.9878	66.6032	65.9559	64.604	67.5864	63.2408	62.9685	66.6605	68.3683	65.2424	61.271	60.5296	43.583	38.6336	20.5483	54.0609	58.186	22.082	43.543	49.1659	16.047	53.3089	29.0544	14.8054	8.77585	48.8224	49.1718	46.9198	52.7639	49.1509	24.0163	26.6605	37.1693	32.6235	10.2404	12.9427	17.9388	16.7991	11.3641	25.4961	20.7446	23.7298	8.37864	21.1537	7.94083	2.54544	5.29906	23.8869	39.8482	34.8069	38.7664	29.2475	31.9239	30.0882	25.1083	11.9232	29.2172	25.0657	30.417	17.9161	40.9915	42.7463	37.7873	39.5343	11.1322	23.4629	12.5451	35.56	44.0447	29.1891	46.5228	45.9444	37.6034	14.1283	15.4	34.6115	12.8082	46.6842	41.4906	21.6663	17.6932	34.5295	32.5414	36.0956	16.0021	32.1941	38.6568	36.5916	26.4411	15.9422	17.2389	29.0882	28.2664	27.6416	17.5523	35.6467	39.5135	43.7794	43.2843	29.9034	36.3432	30.7001	37.3268	44.54	47.9749	50.0598	42.4075	42.3682	34.5798	23.1067	48.9493	63.7841	71.437	72.0981	69.0915	62.9939	55.4313	55.5506	60.2444	69.7575	72.0984	70.3405	67.6352	65.4446	65.0363	66.3252	64.7045	44.6694																			
30.4241	17.7185	14.933	22.6358	28.0852	28.1181	9.01124	19.0982	13.9724	14.9455	17.166	21.8044	29.464	33.5347	26.5388	8.08503	28.3355	37.674	40.1844	41.4229	35.3917	34.9863	46.9337	43.7237	24.681	22.9213	17.7768	6.92302	8.57775	29.3466	42.6507	40.2916	39.5619	41.8204	40.9132	35.6966	46.7613	50.6483	45.6067	41.5243	44.9478	26.3493	27.1633	44.4967	53.4209	33.6146	31.6368	36.2565	18.7187	21.4692	42.9849	36.6103	26.6189	52.7162	37.3564	36.9524	54.925	53.4038	13.7746	29.5825	38.4957	39.225	28.4978	10.6944	29.8398	17.1065	32.7221	22.2841	33.2976	36.026	36.3618	37.9929	47.796	52.7601	53.7483	54.7702	53.6715	40.9697	38.0581	9.42929	10.6103	13.7852	25.6103	18.4885	53.3419	35.9855	34.8643	14.9189	19.1316	14.3306	18.3048	36.5714	36.3426	33.1197	37.2514	34.2516	13.9142	5.67619	21.3624	23.6764	22.9161	35.324	46.4171	54.6838	52.0597	28.2158	17.5311	60.5593	64.4787	58.5264	54.6654	47.6835	49.9985	60.2459	62.7867	66.5474	67.3904	69.4612	70.8296	67.3709	62.6955	55.1859	50.8082	20.4368	59.7292	44.1481	41.9547	55.7523	43.0925	47.3567	44.5995	13.7976	28.8652	18.4602	54.8421	42.541	52.928	55.9753	56.9524	43.1439	43.9235	42.5796	42.1953	33.3426	13.0107	6.00342	9.97542	7.68389	17.301	18.0036	4.35942	12.9484	15.409	14.7294	10.0062	11.8789	12.6095	10.6625	2.32895	28.5077	29.9134	17.8285	18.3048	13.8091	10.7737	23.2459	35.7239	28.6847	13.3894	36.474	30.9248	45.2258	23.692	24.7449	31.5297	29.3163	42.0936	29.5629	47.0629	57.3887	28.9099	36.7211	29.0894	9.5425	12.3831	18.0292	43.6243	39.4687	20.6511	23.5202	34.4737	30.5121	26.4674	5.97182	31.1127	31.3397	32.1241	20.7674	20.6709	36.4357	42.4266	39.9553	50.3478	35.1922	13.0926	21.7932	16.1058	19.4848	27.517	50.111	60.7968	66.0386	66.3538	57.0623	27.7571	39.5779	55.0769	65.0371	68.5322	71.3777	73.7277	74.6971	74.5501	73.8357	72.6662	70.7487	68.8542	70.1371	72.6136	73.5425	72.9084	72.1693	72.1649																							
7.37291	13.4879	16.5394	33.0042	38.4552	10.689	26.6271	29.6268	32.0357	28.2376	20.3803	20.7013	16.3793	20.0396	11.3127	28.8249	37.8268	23.0652	13.0981	26.9682	31.1164	39.984	52.3515	52.4266	46.6775	46.5638	37.4529	19.4332	6.15517	33.7222	51.3872	36.6107	45.6831	43.0008	25.5238	12.8665	16.7725	27.4124	29.8427	36.6079	55.2576	47.1015	39.8669	22.6311	48.1196	21.2609	24.3547	41.2405	22.5393	22.0966	42.4047	26.7608	16.8062	42.9607	47.4184	56.7566	50.1833	39.4676	36.395	53.808	42.9311	51.5172	30.5907	8.27791	37.9885	28.4014	44.5332	14.1589	15.6821	13.2692	14.9611	16.0145	23.6523	31.3952	43.9831	49.9077	50.0926	50.3058	54.1129	34.8686	16.3726	12.9857	28.8018	2.67379	53.1031	47.719	21.9764	39.6328	24.3282	15.0358	20.3515	8.00037	20.3803	2.32872	12.6397	31.4576	17.1064	28.0395	51.6085	57.0063	59.7829	61.6967	62.994	64.0536	67.3968	65.6774	56.8789	65.8386	60.3415	50.8577	40.8454	25.3727	41.4468	45.8875	30.0121	44.177	33.3457	36.9083	45.9404	50.0716	51.4567	48.7203	45.2808	43.5064	58.2394	37.3613	47.4324	52.7775	33.8484	60.1322	9.93723	34.4768	48.1039	30.7495	55.6858	43.4218	25.5699	44.7915	51.7575	42.545	37.9969	36.5249	31.2288	29.7303	27.2239	18.0391	1.38085	7.69246	7.25481	10.6338	7.42094	10.2197	15.0946	14.551	19.6785	20.2262	14.0771	14.9897	10.8544	20.6715	38.0974	35.3041	7.93395	10.5626	14.6899	23.2052	14.463	20.0093	32.312	11.7637	27.6883	5.02804	32.8958	42.6209	36.4577	33.8284	36.5024	10.689	55.4852	50.1375	6.92224	16.9762	35.2426	39.5702	37.0915	29.5805	38.2019	37.8495	14.6964	27.1998	34.2909	13.4041	5.12818	42.8852	57.8266	59.967	61.0545	60.6105	62.8226	61.3547	60.1493	50.7924	53.6811	45.8043	29.5671	33.2231	31.3517	43.0783	58.7625	67.2263	71.8039	71.5834	70.3412	67.6415	63.7033	70.4796	73.8464	74.1705	73.2277	69.8441	66.7408	62.3538	58.6709	61.636	67.0564	69.5158	69.4085	64.8601																												
4.41173	10.667	5.00158	38.4151	42.2874	8.74869	42.262	44.1981	42.1913	34.9707	16.2494	12.6067	24.5648	34.86	30.8998	27.4754	29.3987	22.1251	16.0864	17.4412	17.3614	31.307	38.5305	31.6252	32.4944	28.9802	29.1657	41.291	15.5538	22.1982	51.7942	56.5326	43.3079	14.9791	40.6899	30.8256	28.0037	17.7212	8.20943	17.8678	41.0453	47.927	38.5222	37.3468	40.2487	21.7854	23.8775	42.0033	35.0289	37.5962	45.6716	35.4719	31.7077	26.492	47.3884	13.6925	46.4083	38.1279	53.5525	55.2561	38.8069	58.9232	26.6413	15.306	48.0868	32.7541	54.4846	21.8545	15.8749	5.6826	9.20902	18.2365	14.4937	17.8839	28.1092	31.2284	29.7281	41.3782	52.1528	51.7451	48.232	38.484	21.0379	5.82596	48.7521	56.5031	14.5524	45.1161	20.5373	22.8476	12.0985	16.7468	5.59271	5.31911	6.56044	19.5509	33.4706	59.3682	61.3002	57.0282	53.8146	49.7195	49.1443	39.7136	49.3772	57.5482	51.8638	61.6348	54.444	32.6665	29.9211	23.2013	44.2914	47.1949	25.0594	46.4554	41.4574	40.0303	36.2078	45.0739	45.46	42.9387	31.0101	54.4035	45.825	36.6277	37.4347	34.0827	48.6214	55.5168	47.963	50.1232	49.8626	32.6578	60.1192	39.0316	37.1189	44.8722	20.725	43.8975	49.3714	35.1029	19.0383	19.6647	25.3662	23.2916	18.9701	8.63613	4.98105	9.00951	12.6821	9.59858	9.05487	18.7091	16.776	18.2503	20.4236	34.5608	36.0181	28.5681	39.3813	37.764	14.8125	14.1933	11.3597	5.95399	30.4098	33.1591	9.28817	18.4191	15.6608	31.9386	10.9961	31.6252	32.3939	43.8565	45.6377	35.2045	56.6252	34.8646	23.0206	27.6945	26.534	26.6212	31.2449	32.712	40.7353	33.9202	14.535	26.2814	35.3963	1.55068	40.9011	55.4981	41.7054	19.6647	34.7526	36.3431	31.1771	35.6509	55.1907	50.9564	56.0195	50.0884	37.4375	54.5448	59.3289	66.3099	70.246	71.4007	72.4561	68.2858	63.9547	68.5847	72.5354	73.6001	69.6868	64.615	64.9913	68.8062	69.0302	64.1529	57.2634	47.4279	39.4665																															
36.1841	36.2407	36.7499	48.4013	39.9012	28.0477	38.6091	33.7388	29.2855	32.1941	38.0879	39.2071	41.6332	40.1254	41.9551	33.3373	34.2161	24.1808	19.796	19.5328	28.8294	32.1823	30.373	12.3811	33.4058	13.1045	12.8343	41.8553	38.4919	32.0967	26.9186	36.462	56.7792	49.3372	39.79	47.4405	8.66653	6.95399	19.6125	35.2356	34.147	27.4856	22.4594	27.9282	51.3572	59.7233	54.8913	52.6298	48.1874	55.3144	54.3113	51.4613	32.4514	28.6036	49.7576	42.0568	51.5641	37.9899	59.7943	23.1407	50.5785	48.4084	37.6804	21.4164	49.0995	18.85	56.104	36.2575	20.8744	18.4724	21.4305	27.825	21.3399	11.7102	19.9794	28.8839	26.084	27.0574	32.3963	42.5534	52.6469	57.2913	53.1524	44.1036	54.988	58.8865	57.9331	64.7774	59.3149	59.2156	58.5436	56.1226	43.9314	24.5471	19.6314	41.5393	59.4619	61.0586	37.3849	14.2559	22.8586	22.5041	21.2977	22.287	39.5642	39.3457	41.1667	49.5336	39.8477	24.155	42.8436	43.201	50.3619	59.257	48.8352	48.8802	47.7787	54.8913	60.4207	62.4679	61.8239	55.2979	33.4952	53.3718	55.1312	63.4623	60.674	50.4715	54.5206	59.3627	48.4609	15.53	44.5355	49.3777	62.1862	37.7678	54.7457	47.9375	48.0721	41.0176	44.5786	37.3631	33.9572	30.539	27.8354	13.4699	12.7918	19.7765	16.1381	3.68408	6.86031	10.0928	13.5213	15.4316	15.7126	27.1917	34.1791	31.4927	24.2863	35.9426	35.464	23.2907	18.9304	3.36977	9.73321	13.3061	19.6114	25.4079	38.0636	32.2068	33.3085	38.3712	40.6769	39.7035	47.9616	49.5093	52.3335	29.1514	55.7406	37.2826	20.9207	21.4627	19.5545	5.40002	25.3018	24.9429	45.7549	25.5789	18.6088	21.3798	30.0618	28.2035	41.6487	36.3667	52.3244	58.3707	58.4892	57.5325	55.454	54.7874	63.3719	62.6805	68.1098	71.5492	71.5522	72.6142	73.5117	74.6571	73.7567	72.6488	71.6795	67.9514	68.7176	73.0798	75.7659	75.8544	74.1992	71.7454	69.694	68.5713	64.7616	56.023	41.9387																																	
39.2822	42.5732	46.5493	45.7152	25.2832	29.612	38.3179	46.2402	49.4321	49.6119	43.586	35.7138	29.6693	26.4082	31.7555	40.1349	37.2162	15.9619	18.0123	29.9865	27.801	29.5355	19.509	13.5788	30.8178	29.7193	25.9903	31.3545	43.7047	45.9074	40.6361	33.493	35.0598	56.6936	4.20458	52.2742	19.3647	17.26	33.3732	32.3607	16.8017	5.98176	25.9941	46.853	60.5649	62.6881	62.9037	63.7318	57.5608	57.5694	51.1335	52.5234	44.3764	50.1135	24.3768	50.1141	54.2419	42.969	60.276	36.1214	56.7368	10.7519	32.9887	42.0549	53.7164	15.2507	60.9883	48.2993	15.9454	30.5436	28.0186	24.6947	31.3746	4.66719	15.3629	13.5734	27.2648	24.0186	14.5941	17.3945	30.8057	41.1167	47.901	50.8603	59.7718	61.5791	66.5179	66.8351	63.8689	65.5475	65.9169	63.7162	63.1048	53.8052	52.7291	63.3588	61.0779	39.1174	7.41913	16.922	19.233	25.8318	34.7681	17.1029	44.0034	46.0975	45.3493	34.2474	20.3409	17.1018	48.5698	48.9928	25.3292	54.5505	57.6918	57.0949	55.3796	53.2931	57.3201	58.035	58.2643	55.712	55.1096	61.3699	63.1478	60.933	62.7708	62.0246	59.0802	49.9775	42.1539	4.83512	38.7078	54.8364	28.0828	53.3503	57.9856	51.1808	45.0785	49.0473	42.5497	26.2411	20.2895	26.9051	32.2119	9.04375	29.4736	35.3204	33.7231	10.2563	9.18243	13.4572	24.1966	30.0752	25.3527	24.8216	25.4477	15.9354	5.92371	25.7085	24.072	5.29657	26.3404	4.41063	13.7076	19.4105	38.6985	38.6257	12.513	14.5388	35.6837	33.7405	33.0031	11.4915	44.1757	34.2941	54.3141	14.2307	55.3828	42.1229	17.0839	23.3252	20.7165	22.2379	12.3976	31.9996	32.5308	12.237	17.3938	22.0532	8.33716	18.5533	23.4004	45.5862	39.2372	19.4372	49.1488	67.8745	71.8113	71.5254	69.4525	65.728	67.0915	72.1421	72.4972	71.2482	70.4783	69.9898	70.2281	72.8745	74.1299	74.1096	74.3109	73.8624	73.1704	71.9008	69.4306	65.5082																																						
10.6252	17.092	21.1122	21.9441	13.2672	21.8517	23.2224	29.6785	28.1797	25.9921	25.8456	25.7581	23.3588	23.574	15.4191	16.4576	11.1199	13.3501	22.1391	22.9492	23.4242	25.0215	21.6444	29.842	32.5404	39.0266	30.844	24.5585	35.9623	40.2903	37.217	34.8175	23.5786	50.1196	22.5653	53.3903	27.9304	6.31019	18.3776	40.4282	51.3788	56.6359	58.1105	53.7273	44.9813	26.6292	42.3512	53.4817	44.2376	44.3076	35.1489	40.2534	55.3983	62.5747	48.1601	50.2949	54.7684	48.6792	48.2799	53.5061	46.9029	37.0592	45.0054	29.6909	62.4864	35.9699	66.6261	21.6717	38.1684	30.0256	22.6043	3.5953	34.8507	7.82984	7.71906	26.145	29.0491	14.7291	10.8747	11.4417	6.86983	11.4729	13.8889	26.3556	46.9974	46.5943	51.9567	45.6455	28.3851	29.4638	31.8021	32.885	59.5945	59.453	60.1407	55.2648	27.8302	16.7812	8.68076	20.9166	29.0074	39.1994	45.4984	34.5351	39.6671	39.8752	31.7678	32.4512	35.3898	30.8562	44.8663	48.2912	36.2575	26.4517	46.2619	54.5667	48.5508	31.8288	26.885	23.9309	22.0246	14.7537	42.213	52.096	45.6714	29.7316	13.6719	36.0086	53.9022	54.1181	40.6751	28.7269	53.7391	37.9652	44.7362	55.266	46.7887	45.2047	32.467	13.6567	15.6793	9.51471	27.2441	28.7042	25.4703	17.4758	52.4469	43.3266	51.6742	12.0637	8.05971	13.7757	17.5497	2.70537	14.2983	15.4102	16.3802	22.7234	11.4782	31.249	15.807	20.3347	30.6529	10.1359	12.4806	25.8407	14.6256	20.0967	31.5315	18.6312	27.7316	39.9639	37.6467	23.351	49.9522	33.6099	58.3962	9.01489	56.5008	50.9059	23.7566	27.417	23.1589	34.9971	22.6272	27.9956	7.83849	2.17834	11.4217	3.29024	5.46555	15.5288	25.6971	5.77478	33.7743	51.9994	68.1447	73.1351	70.9676	65.6121	61.4865	63.7315	65.4019	66.316	64.9291	63.235	63.5751	62.7483	65.4901	72.4006	74.1627	72.2649	66.8311	56.4409																																										
6.48081	13.1933	12.431	8.89857	2.41995	11.4208	2.46789	11.5025	18.5301	12.2841	14.7374	18.6925	22.1053	25.7275	22.6203	16.2208	13.094	16.7331	16.4878	16.0878	28.2091	30.0515	24.5568	29.4454	28.5544	33.3264	32.431	28.5054	25.8753	21.3346	24.5508	29.4165	30.9706	39.9065	17.51	47.4286	44.9522	46.6354	48.1987	52.3347	53.2731	48.1689	38.796	27.4088	7.1177	20.3191	29.9869	46.5792	30.5594	44.9516	41.6728	47.6269	60.6985	70.1239	64.7832	59.8547	64.2727	58.2294	32.9416	60.8644	14.4555	31.1687	58.8981	32.1855	56.9066	49.3712	66.0633	30.8913	54.7563	41.9753	8.05899	19.4395	33.3248	25.0102	9.30313	14.3208	23.9378	12.6335	1.5406	6.37081	4.47211	7.62159	15.3345	21.4603	32.1492	27.3028	34.0547	31.6547	13.5762	17.9168	23.6296	23.5737	47.8075	49.2048	27.4992	35.1413	41.1559	36.9511	36.9591	32.8071	34.5974	37.7117	29.7165	15.8285	17.4824	36.7013	41.6271	41.2651	39.2209	33.2413	44.6806	49.55	34.0512	11.444	13.2494	18.7507	21.1792	35.5128	49.0561	57.7536	57.9347	51.5461	41.4833	24.2495	12.2356	33.7508	33.4479	48.112	56.6349	42.512	40.4156	54.7888	55.2295	44.2427	61.841	53.2376	43.5661	52.319	56.2338	46.1865	40.5643	46.6341	50.4085	37.7377	25.9555	28.0156	52.1057	37.2499	55.7338	27.6432	24.6148	47.7609	45.7295	39.389	9.7379	13.2494	6.72501	23.4434	6.31192	33.9119	9.65372	18.6292	26.7054	8.98105	11.4541	26.0736	8.70293	32.4801	25.0282	5.0773	15.0235	7.49851	34.9699	16.3146	48.7961	2.83182	57.5462	34.626	53.5212	55.3042	10.2658	12.0695	10.8696	25.6062	11.5025	17.3906	1.89048	5.33628	11.1933	10.0121	11.392	11.4249	19.2566	32.5074	58.3183	68.3367	71.7524	69.113	62.5951	60.4553	65.757	70.3475	71.4687	71.0938	69.5051	66.9074	66.7619	67.6581	69.9722	73.4667	68.6056																																													
26.4231	31.7955	27.6475	22.3995	20.1265	17.7336	13.53	9.82767	5.89261	13.0658	16.0354	3.28945	13.0368	7.84979	16.1545	29.8054	36.4203	40.5095	41.555	32.5489	19.0023	18.2038	32.4072	39.8102	34.5697	33.0668	34.046	31.2442	23.7529	23.5466	26.3038	24.1191	28.6944	44.6354	36.0431	41.9183	47.5327	53.2757	53.2484	50.5822	46.7668	42.4763	39.0163	42.7179	43.3865	45.6085	50.3019	60.8206	61.035	59.7334	49.4013	46.8443	51.1246	64.9306	64.6202	62.1116	63.5829	60.3903	60.7858	63.43	61.1989	52.2145	60.204	66.1905	48.9096	49.8266	56.6258	56.0824	60.2883	54.276	52.0732	48.8081	39.1419	32.9391	11.2012	16.4922	32.5005	11.8698	47.4617	47.0118	28.8536	16.6398	18.8174	24.6419	19.551	19.6989	24.1728	25.0222	11.7456	3.28963	1.91345	15.5377	36.4435	48.1292	28.7456	29.8494	30.5914	49.4692	46.3869	21.6738	14.0532	24.631	26.6992	33.7509	36.4514	20.802	3.85674	27.3552	34.423	40.6828	37.2591	31.212	41.4248	42.0144	43.301	51.0909	54.66	57.5088	59.1118	58.2197	58.8398	61.895	64.2109	64.2718	58.6167	18.8961	47.102	52.6155	58.4546	59.2739	62.4211	58.07	47.2343	33.7152	55.7203	59.6501	63.02	61.8652	63.5207	63.948	64.3041	59.849	60.732	64.4722	68.2734	66.5775	61.8642	57.3372	63.0162	52.0853	44.8787	45.7077	38.0846	36.5269	27.7351	25.2451	11.8135	25.554	18.1625	26.6006	10.3031	6.32947	19.1551	12.1533	11.1229	10.6712	19.9294	28.0369	21.3182	38.5913	43.8982	43.4684	34.1966	30.2251	41.4102	27.8072	50.0899	45.2411	37.4442	52.1175	42.7606	37.1236	37.9296	37.9884	32.1278	32.8005	29.2084	30.7007	39.204	45.3478	49.5918	60.6346	68.7948	72.7796	75.7795	76.8702	74.9214	68.5075	60.5705	61.3137	70.1576	69.6164	63.0896	67.2162	72.3304	74.9718	75.1236	73.8308	71.9377	67.7525																																														
39.6546	44.3343	42.5163	35.6967	29.7166	19.1751	14.1499	16.1645	10.9346	8.52342	8.83752	15.6723	19.9535	15.0734	17.1962	26.8338	34.6177	42.4702	44.9884	44.8598	39.1387	34.0667	32.614	26.353	26.7141	35.0979	35.3192	27.7702	23.1155	24.6244	24.2696	24.0871	27.0166	43.7339	33.5624	37.7797	42.6869	44.5095	44.6438	41.8927	37.1725	35.1718	35.6628	42.3618	52.6087	55.6015	51.9069	57.1565	58.8968	54.948	40.3913	28.5646	14.4536	31.2858	42.6489	44.6862	47.6501	57.0122	64.6258	69.4376	69.2949	67.4917	63.3338	63.9427	63.5776	57.0985	68.5564	72.9941	72.4132	71.3125	71.1854	64.2481	58.4014	46.6564	46.6197	45.2709	17.6516	58.8178	55.6192	49.7051	39.0062	46.3263	33.6286	33.2477	1.93595	17.6091	31.0126	36.6839	23.2888	15.6573	13.6534	4.61519	22.0179	41.1057	46.3885	28.9342	29.6525	50.2954	47.1106	21.7328	12.3655	20.4081	8.6636	6.41712	29.9869	41.3109	36.2134	37.6657	27.0632	22.6103	12.3745	23.2578	37.8656	44.558	49.2547	51.9692	48.87	41.6307	32.9975	24.9711	34.5979	47.5541	56.197	59.2693	66.2685	55.7205	53.1084	46.1327	21.0603	31.4088	28.4656	10.5275	22.5306	48.6833	48.197	12.8809	26.3069	42.7969	53.3979	58.0573	56.7104	53.7178	52.9285	58.3984	68.2617	71.7711	69.9938	65.4592	64.5661	55.7111	56.3328	45.1021	56.268	18.3533	7.79233	25.385	27.2042	24.5036	32.2845	17.3941	6.74071	16.007	9.59317	10.6497	4.32589	3.90518	9.40546	20.7032	37.1744	32.0079	30.4591	23.2201	32.697	37.163	24.0147	30.5865	34.0651	43.105	11.4385	31.2208	47.2422	62.4813	67.0435	66.435	63.7864	60.3951	55.331	53.4144	57.2503	64.0117	69.2734	72.8705	74.2161	74.6816	73.5695	73.8729	73.2941	71.3568	66.7319	63.14	70.5745	68.1501	54.2606	60.6263	68.7951	71.4435	70.5037																																																	
30.3541	28.4989	32.9684	25.7399	30.254	28.1932	25.4436	26.7226	17.31	16.9609	17.2671	11.2547	13.604	7.64763	28.9971	34.0382	31.7138	28.1813	22.4656	28.9651	39.1189	30.5542	7.71647	26.6205	26.5843	9.72773	28.0923	22.394	8.96565	9.66989	10.9526	18.675	27.0383	37.4023	12.9594	19.7864	18.9585	11.418	9.57484	12.4544	13.7664	13.6685	13.5678	15.5516	18.9259	18.2656	13.7811	26.5956	25.2697	26.2588	29.7636	25.8128	22.9415	27.6403	32.2067	32.2905	39.3209	50.1449	54.438	52.1837	56.1368	68.0021	66.6493	60.5966	67.2346	68.3989	70.1687	69.4175	70.3235	72.654	73.5735	72.5319	70.0786	70.4697	70.0013	67.6676	59.3833	67.1161	37.7013	39.4551	46.4117	43.2297	51.8676	27.0891	10.5216	14.4618	43.0689	32.949	33.2598	17.9684	23.2774	6.64588	28.9284	30.7932	32.9356	42.1341	35.0077	40.0985	46.8162	21.0587	10.9637	25.3743	21.1457	26.7769	29.1969	18.3348	40.0899	46.5947	11.2409	19.8492	24.6186	30.6424	22.2142	32.0113	31.6958	27.4348	24.3489	12.5512	6.03405	17.0196	21.5565	18.6426	12.8021	38.1233	64.8257	56.7746	41.3592	52.6714	43.7567	57.0062	57.5348	56.8454	57.336	56.1125	49.2706	49.9236	49.9361	42.9155	27.588	18.0383	19.1197	27.5327	26.8594	38.3915	51.9511	51.79	52.1485	60.6017	57.6394	47.5563	61.0478	53.7238	64.588	38.6496	24.0983	20.4652	20.8483	32.5816	18.5231	17.1285	7.65866	16.5748	28.6383	31.9644	21.1542	8.77375	15.0322	18.8141	16.8515	24.4562	18.9935	6.91719	30.7545	29.0304	13.6237	26.1712	28.509	40.6697	11.5245	27.4118	57.0102	66.1121	68.929	70.4661	71.2041	71.5299	70.7767	69.3947	69.1398	70.169	70.2543	69.0826	64.8953	60.3877	59.7198	70.2737	68.1946	61.5893	61.1627	62.7057	71.4694	70.1183	60.3172	58.4346	49.9462																																																			
19.8839	14.9207	16.8884	12.8009	18.7338	16.8663	15.3677	25.4987	7.80415	8.52186	16.8314	3.21241	16.9175	12.144	37.3971	40.7656	30.3442	21.4788	5.73404	3.65776	3.15279	28.4866	21.9797	12.8001	20.9908	25.1333	36.2758	32.328	26.9145	13.7376	9.80766	10.6003	22.801	28.7772	12.8694	8.16352	10.6202	8.64931	7.53555	7.66353	8.33443	9.68672	8.71483	9.68647	11.1643	8.83107	6.81408	15.1191	19.4954	23.6062	26.0441	16.5955	18.7819	28.5543	28.8217	22.9373	22.9787	32.8301	41.3327	36.6435	42.0956	54.5964	57.8477	60.5557	65.3909	64.7922	55.7929	35.8801	43.0069	48.1729	61.7513	71.7336	71.1247	72.5394	74.6767	74.8539	68.2605	57.3298	64.7257	20.9836	45.82	61.3643	59.2491	27.5472	28.4179	22.5141	53.0824	21.7691	43.7541	23.3433	18.3506	31.55	31.3113	7.89109	22.9681	32.7114	40.8134	34.1171	31.0209	41.1832	39.4819	38.869	34.6672	25.5283	39.3511	44.8115	39.2035	34.2623	24.6962	32.5636	29.9931	34.3084	35.1572	33.98	28.3503	15.4782	26.287	27.1132	26.6252	35.7141	35.104	41.0189	10.7885	49.4974	63.9108	53.6728	34.4126	62.8146	62.4903	26.8069	24.392	27.0364	32.3527	28.6177	20.3278	12.3415	15.698	18.4997	28.5284	29.1473	23.6979	31.5189	5.463	44.8123	53.9783	42.5357	59.7653	64.631	45.261	44.9937	55.4301	52.1882	63.3414	49.8909	46.7121	46.844	47.1961	45.9046	44.7056	19.9037	32.5895	35.3825	33.2819	29.1758	31.3722	20.9717	3.26646	11.0877	1.61419	25.6217	17.8052	16.1199	48.7785	60.3718	64.2077	66.6969	68.3687	68.549	67.7802	69.005	69.1543	65.6521	62.9789	64.4229	67.4091	69.2471	69.7811	69.8203	69.4489	66.4529	62.5277	60.6983	56.1255	55.9671	61.3248	69.9896	66.1431	54.733	62.7833	69.4316	73.7789	70.3347	58.736	48.472																																																				
61.0624	62.3671	58.2124	53.1074	58.1535	59.3796	59.3906	56.3539	51.1376	40.6229	8.52084	22.074	9.14687	36.1665	29.7673	35.3394	48.0129	56.5958	60.5957	62.1485	60.6975	53.1225	42.8198	40.5288	43.8606	44.7814	2.9019	40.5457	18.9008	19.608	2.0599	10.1302	20.2875	17.5601	17.7003	10.4178	7.33269	7.64617	7.38909	8.33351	7.20046	5.45197	5.82132	10.1604	11.1571	7.71496	7.00049	8.52942	12.4343	19.1561	26.5946	24.1783	24.2504	25.9176	21.1919	23.6253	24.7463	31.3143	43.5547	47.2129	43.5018	38.5763	30.8872	40.6038	48.1802	50.3624	52.9334	46.4431	37.8266	49.8364	35.9388	63.2202	66.9033	65.9848	70.739	73.8004	70.47	69.6946	74.7026	70.3602	63.2444	70.5593	62.2997	63.9562	58.332	55.8247	50.0294	51.7683	14.7744	42.7487	35.2234	43.4813	9.5627	34.0214	38.0866	36.3239	37.5153	33.6973	24.0724	35.5906	32.6307	35.0559	37.1932	31.6319	18.8049	7.75754	14.9902	36.1124	45.7513	48.1628	45.1659	41.7544	34.5088	18.0595	10.196	20.2761	58.5867	65.8781	69.9886	70.5075	69.2919	71.0568	71.1335	66.0577	61.3932	35.3785	51.0242	61.4516	61.7178	38.9865	52.3927	55.2238	55.1955	50.3594	49.6502	51.9315	52.6895	49.8739	42.8291	14.4713	14.0745	12.421	38.8532	44.199	39.7781	41.6484	48.7015	65.2459	66.3645	65.639	57.4213	58.9748	61.5043	52.6527	65.6068	67.3157	54.3069	36.2165	45.6309	49.0123	53.8317	50.6075	47.9994	46.1259	48.0616	46.8653	46.8339	44.2943	33.0454	59.7579	72.7845	77.181	77.6043	76.9675	75.8291	75.8297	76.3307	76.3967	76.0025	75.1552	73.9092	71.8731	69.2414	65.9075	64.6463	68.5512	72.7633	74.3693	74.067	73.2681	72.0878	70.8146	71.6703	73.8656	75.0985	74.9961	72.7629	71.783	73.9079	73.6889	70.3858	57.3766	28.0037																																																					
59.3156	60.2996	62.7748	62.5038	62.5525	59.8624	56.0579	50.0996	54.3332	59.0284	53.7368	26.3498	51.0234	53.0666	52.8951	21.3828	26.8214	43.8144	51.5534	51.4876	50.0092	43.5389	32.3615	29.502	21.1312	41.311	43.9046	35.8548	40.0551	20.0203	22.8786	21.1741	16.1589	5.39519	17.5827	18.2907	6.33991	4.64492	6.61572	7.3182	5.48316	4.92679	5.39547	8.5682	6.17647	2.39432	4.97056	4.83146	7.02038	11.8147	19.8551	25.1815	24.6138	19.6175	13.6915	21.6864	26.8227	29.822	35.6737	37.3251	34.8315	40.4394	33.9979	33.2919	39.7014	43.9832	48.6269	52.7534	23.249	44.4041	24.6115	24.5084	37.1689	26.3908	59.1248	63.6731	61.3769	66.0108	74.6127	74.6019	74.0904	77.1275	76.2329	74.9672	73.9519	71.102	54.8024	55.1302	52.4249	30.7621	44.132	37.7886	37.0534	54.0183	43.6449	32.4294	21.9292	44.0615	36.8221	37.8519	46.1882	36.4106	22.5888	27.6716	39.1282	41.4813	41.5336	41.6116	43.9348	40.5085	29.9871	5.06864	14.3583	39.2052	38.8958	58.0303	71.783	70.1527	68.2992	68.4703	70.3002	73.8039	75.0963	74.0077	61.99	42.7593	57.1509	26.315	47.2495	51.564	56.008	58.4207	65.4201	66.5596	65.605	63.6886	61.7273	60.7396	60.0133	44.617	8.76304	40.006	39.2775	27.2289	33.4777	32.7592	32.7414	58.8195	62.9111	54.2173	41.441	61.1048	55.3696	60.3133	69.7847	69.8228	64.0289	39.5038	36.2553	47.6502	52.238	51.4384	51.3349	50.4987	54.0409	56.5832	56.8134	59.3167	65.7409	76.5329	78.8462	78.4997	77.6149	75.0374	71.7512	70.8898	70.2138	67.5813	66.2185	67.732	69.1249	69.2406	67.7567	65.0453	66.4853	71.7374	74.5062	75.0339	74.1456	73.3813	71.9721	70.8079	74.472	76.9314	77.1484	75.85	74.0187	71.4577	67.8087																																																									
26.7841	31.5047	37.8613	40.7826	42.919	30.612	28.0261	20.7306	22.417	44.4673	61.7587	43.9043	62.5613	54.7037	50.5335	42.672	24.348	35.4323	34.6367	37.6189	30.6883	26.1542	26.1115	38.0387	42.8002	42.7011	41.6462	17.9013	33.6964	34.0179	23.6786	19.7107	11.9392	14.3377	19.2227	22.1123	12.0547	5.66903	5.3867	5.50096	4.60986	4.45291	4.13134	5.87177	2.70331	1.93516	5.25616	8.17473	7.27011	4.42988	5.34105	10.9665	13.7128	10.946	5.77042	5.96477	8.49429	8.5676	7.41876	7.70063	12.9913	27.2823	32.06	32.5137	33.9261	24.1327	24.0212	43.0912	23.3057	32.2468	50.927	52.3456	53.2057	52.4571	52.5688	34.9866	40.408	32.9447	46.3298	54.1414	63.4595	72.0781	73.348	73.2979	71.3371	71.2769	65.9452	58.3298	65.2986	63.5563	58.0343	54.7524	44.422	50.9304	35.4989	40.4642	15.3938	38.929	27.0575	22.9322	37.9591	43.6396	46.5815	43.0804	35.1397	30.2517	26.7821	11.6994	16.5165	4.40713	46.2198	49.2404	59.587	65.9165	66.5056	69.586	68.9896	46.0752	5.35456	23.1443	26.8896	30.612	42.1813	54.571	66.0975	68.0665	67.3376	71.0949	70.3601	69.4839	67.9763	64.1062	62.4584	62.706	68.6632	70.6193	66.8038	60.5627	63.2299	52.3452	27.6118	47.3123	21.4788	25.824	56.4148	61.2126	54.9318	37.3489	44.5784	44.0696	47.1519	54.9374	38.8233	58.8562	57.0136	64.8581	69.7452	56.917	40.8036	44.9715	51.9691	58.1472	59.295	54.0339	55.4282	63.998	68.1432	71.9696	75.5526	76.2281	70.1855	52.264	53.2007	54.3297	58.7144	62.4775	61.0437	56.2434	55.6207	60.0717	64.6025	66.2865	67.1893	67.4294	67.7354	68.3566	67.0486	65.6813	63.7503	59.8421	59.4103	65.9785	72.89	71.4662	67.2802	62.2664	56.5783	39.6242																																																										
26.0534	29.946	24.6665	16.4054	25.7706	13.5021	22.9643	20.6267	26.4988	55.1021	60.7629	38.7733	63.8626	58.1181	46.4315	49.3717	47.6018	46.1142	33.7382	19.891	15.3356	23.0924	32.1656	34.7252	33.2791	31.8286	30.9983	25.7173	17.2744	27.285	20.8393	34.0062	19.8584	20.1231	24.3884	23.7241	15.1737	9.42133	6.14722	4.96083	4.18679	3.2651	3.28733	5.66862	4.80667	4.54614	1.8813	6.57937	9.87693	6.93234	3.59216	6.70942	10.2306	7.87589	5.20884	4.18687	5.91784	6.19404	5.11345	6.54458	8.52701	13.8335	20.4401	23.6606	23.297	26.3821	35.0664	30.7461	35.5165	28.5087	8.97433	18.3495	28.7608	24.8371	31.1265	1.57693	39.4602	31.9025	26.2942	30.2327	38.5463	54.6658	58.5321	57.0159	48.7246	69.3186	63.8312	61.9277	68.0533	73.2057	73.0829	70.5428	59.9061	34.0508	29.6449	48.0284	43.3093	42.1741	12.1119	15.0822	9.33895	28.4332	35.2247	38.6395	41.4955	38.5332	31.2604	30.7247	40.8389	47.3558	62.3491	66.0746	69.0112	69.6513	65.9965	59.9563	44.4629	17.8068	29.1508	34.5229	38.3389	36.2138	38.5806	7.23029	48.6025	66.6214	71.7144	70.307	68.3361	69.3855	68.7655	63.0271	56.6404	32.0058	48.1506	56.7415	65.1737	69.2841	65.8122	49.2036	38.662	42.6389	30.0511	36.3298	63.2781	46.9906	44.0985	63.1177	60.2911	51.5357	45.8696	18.1143	40.1248	44.5004	53.9105	49.0623	69.8296	65.3616	62.447	64.9612	66.661	65.0358	65.2198	66.4198	69.0589	73.2061	74.6252	74.4956	72.7269	67.9	62.38	58.6669	55.3499	51.6893	52.0648	52.6024	55.1324	57.7782	60.0766	65.3635	68.7398	69.6768	70.1694	69.3831	66.3017	65.0242	65.5453	66.4328	67.909	64.3283	64.6904	72.3604	71.7398	60.716	46.06	36.2476																																																												
18.2028	14.0198	23.1211	19.2307	30.0398	14.1118	16.8872	27.3877	50.9824	52.7567	45.1571	35.946	62.874	56.7547	35.2686	46.4789	39.0947	34.9463	12.5914	14.241	19.4193	25.0762	29.9977	15.9624	26.3443	38.1523	39.8834	34.2156	29.3634	25.6937	13.7923	38.3265	29.763	21.7078	40.0444	40.1211	37.8053	38.0233	37.0394	35.1743	28.4503	15.9762	6.80414	6.89432	6.14449	6.1023	6.42869	7.55289	10.9067	9.42208	8.32523	7.34741	6.98134	6.34076	8.43243	8.35791	7.67308	6.81279	5.62477	6.66159	8.76272	9.92334	10.3159	12.6703	14.0234	29.5717	39.4653	37.3315	44.6147	51.7087	56.3702	59.2796	61.6608	63.6112	63.1937	52.2059	43.8738	30.9698	27.7578	19.7007	20.1914	42.264	30.539	33.5875	48.4817	64.8995	56.9263	65.7401	59.6391	60.9199	66.8733	69.9752	72.3197	67.7596	60.6658	57.0838	62.2759	42.3814	39.3228	42.5509	35.5059	7.15792	19.5463	14.3427	15.3628	12.0652	53.9678	63.4835	64.5503	67.487	67.8701	61.8382	47.2453	31.04	8.53296	33.525	40.0944	46.1001	46.6935	48.4073	53.8899	57.878	60.3699	54.1709	33.0171	11.946	14.856	21.752	8.32523	17.1866	29.8988	44.9834	58.0008	53.6462	37.5344	38.2637	35.8952	71.8601	71.3399	64.5419	63.3584	65.2345	58.5239	34.6378	67.3929	39.2658	65.1566	57.992	39.8465	36.7776	35.565	37.3598	52.2755	58.1573	62.4371	44.4717	64.5423	53.0089	57.7676	67.0644	65.5236	53.9384	54.5969	67.2389	74.3712	75.9167	74.7321	72.9455	71.1549	68.498	68.4097	68.386	64.8789	63.6711	65.9996	67.0005	68.0563	69.872	73.2779	75.1406	74.1813	72.2747	70.1638	68.6913	67.6265	66.7063	65.1437	62.3698	65.6799	68.0557	68.5235	68.0854	52.6087																																																															
24.7721	19.5509	31.2372	21.7368	37.2603	29.838	18.6643	45.9692	54.569	36.5234	38.9936	34.4611	53.7468	51.4935	13.9495	41.9391	53.3288	48.8013	25.8179	19.5704	17.2407	20.1585	19.6878	18.9554	34.6339	43.4325	48.9209	43.8153	38.1395	38.7172	29.1674	27.7581	50.5537	37.5147	33.0472	38.8169	37.0998	36.8032	36.0873	35.7928	34.728	26.7501	14.3965	7.45465	6.42098	5.49959	8.53211	10.0293	11.1519	8.83887	6.69508	5.02086	5.13205	5.1293	5.43883	6.38539	5.88757	4.96	4.45159	4.7815	5.69054	5.78866	5.95335	7.08281	8.81175	21.8636	27.9588	23.8549	34.6217	40.8159	44.7672	50.7319	53.7109	54.7987	59.4787	55.2071	37.5122	22.3131	15.111	18.4717	38.0979	42.1294	41.02	44.4604	42.5367	46.492	44.7298	58.618	36.7474	27.6952	40.8359	39.2993	61.6109	66.5631	59.3232	60.7427	68.5404	38.7408	49.2095	35.2344	52.6746	19.3751	31.0217	29.6527	28.1723	38.2651	64.113	65.3666	56.2555	57.793	48.081	20.6878	31.8123	23.8245	37.6982	37.6989	42.1523	46.1388	41.2111	42.4059	48.7325	49.0544	51.853	53.6222	45.5983	33.7209	43.1302	46.7001	32.9383	23.707	34.6961	20.9368	40.4741	53.0053	53.7039	18.4948	29.0476	63.5084	68.9023	64.6198	59.2382	60.6701	58.55	35.3378	70.8197	50.3468	72.2801	55.4477	51.217	59.4639	53.6011	30.9133	53.6328	56.1328	58.8567	54.1465	64.5601	30.2386	38.7456	57.8482	32.9266	22.5901	35.8655	52.4315	69.6222	67.7274	63.3016	62.9873	63.9416	60.3111	59.0079	57.2692	48.0527	49.3769	58.1755	60.3098	61.7673	64.7864	70.4784	69.9893	65.9467	62.5232	58.2682	56.7283	56.6961	55.2208	51.5137	39.7676																																																																				