0.889787	7.61552	7.36131	3.51923	6.61988	6.59169	8.76871	11.2061	12.7422	10.6994	6.83689	1.98889	2.98054	10.7287	13.892	16.4534	11.8018	6.22703	3.91312	3.88086	0.958311	4.22249	9.36308	13.2527	17.5993	9.37443	0.641659	3.0227	3.30679	15.4081	8.62354	16.1499	9.20978	0.562755	1.25821	11.545	20.7546	16.4122	18.2398	12.1017	15.5459	16.7398	15.4011	6.56553	1.75226	2.39285	5.52559	6.65044	7.22344	9.38923	8.32812	8.13905	6.51566	10.9294	5.14729	8.71221	5.19559	6.06458	5.77718	4.13232	7.85353	2.76069	14.7385	15.3944	9.75713	1.67842	2.7203	9.47156	3.39617	3.20499	6.59374	4.93563	7.05147	9.66287	5.24053	7.49888	5.71213	3.24415	9.7007	11.5449	7.75234	5.87642	7.1693	3.69802	8.49424	0.754987	4.00862	7.13708	7.78419	1.06768	5.33825	7.75833	3.37274	12.9857	17.516	16.2173	20.957	15.6409	5.40544	11.4671	10.3323	6.5011	9.04036	3.26358	4.09025	5.73121	5.44275	13.3223	23.6356	26.6018	19.5774	15.7539	27.3444	37.3408	25.8109	14.0588	24.9568	21.3794	17.067	7.80802	17.6752	25.7437	27.5984	18.7824	4.97372	4.64775	9.46391	14.4999	17.4692	18.7172	17.0397	11.4932	11.4146	14.6433	8.54517	2.84513	8.28331	11.871	6.74532	2.51529	6.23448	2.14207	6.42154	7.39097	10.5471	9.5216	2.5152	5.11059	13.5595	7.60961	8.1729	13.3995	14.0594	9.35028	3.30662	13.3235	16.5264	11.3086	3.45128	0.795826	0.397949	1.29542	9.69437	10.8753	8.01707	10.8743	10.2496	6.26693	4.05935	11.3763	13.2703	8.61287	7.28332	7.04953	19.1375	14.758	16.0562	25.9156	20.7624	13.4379	3.05888	17.9103	24.1521	20.181	5.65989	24.9019	9.37449	28.9179	2.41914	10.5629	7.33411	13.9937	21.0375	18.7109	10.0156	13.9764	21.1305	19.8942	26.6862	29.6741	23.0057	18.8448	18.4566	15.6233	7.64006	12.5699	22.0273	21.3842	8.48378	14.9069	24.1238	25.415	26.1045	23.3662	14.6125	4.61038	3.37274	4.70131	3.02264	6.38276	7.59756	8.82958	13.2165	23.379	25.0234	21.9867	9.96569	7.87905	7.32753	11.4146	15.2973	15.4226	7.13708	4.05146	1.64029	18.0821	16.7413	21.3081	13.9649	1.43453	8.87112	16.1082	20.6399	22.5696	22.5787	22.5583	22.4415	22.2633	23.1703	21.5669	10.4082	2.31236	6.18422	10.3948	7.43474	10.8619
5.32623	9.1088	6.5339	1.52008	2.31204	1.64015	1.25811	1.7521	3.55885	1.9888	0.795743	2.70837	4.14311	14.4908	11.6331	13.2031	14.0138	3.10989	1.53047	4.79344	3.66344	5.29346	11.2766	8.45362	17.3706	14.8611	1.75201	0.64156	1.29525	15.2528	7.67973	16.5722	6.78838	1.38961	0.533835	3.02755	11.4252	14.9607	14.5364	11.1373	7.83127	7.63956	4.84555	1.08231	0.889649	4.82913	8.72187	5.14684	4.56547	8.27324	3.62469	8.06199	9.59125	15.6169	7.3903	6.58364	4.87439	4.87439	5.00139	5.25499	5.8626	8.01013	7.13605	13.4329	8.49746	5.65665	4.98272	4.29584	4.72768	3.74862	4.29948	4.72768	8.13259	8.22277	3.88047	6.05117	4.36863	6.84306	6.0588	12.5112	9.55556	6.11263	10.7373	2.77739	7.91709	2.67325	9.4706	6.5341	12.0755	2.67322	1.83143	8.01013	8.39321	15.1733	11.1411	13.5882	26.1954	17.5648	6.11294	6.69646	10.4767	3.3065	8.8631	1.77899	1.95669	0.562721	10.695	20.742	18.0516	12.9028	20.8717	9.91711	18.1386	21.8548	6.10018	19.6401	29.2158	19.5284	4.4116	24.7494	29.7467	24.3944	14.5426	3.27761	8.22136	7.12768	2.81144	2.02816	4.97341	5.08241	3.2631	2.89439	2.17105	8.21569	13.2152	5.14666	10.4249	14.4561	14.491	3.35382	8.28261	5.95786	8.93737	3.88047	5.46508	4.94492	7.22059	10.5573	13.9795	12.8158	3.3395	8.93262	12.8867	15.5115	13.9379	4.29948	13.3977	14.4306	5.24299	1.61097	0.907282	0.177949	7.91712	14.4558	6.75175	8.06199	8.61022	6.44265	5.36396	16.5722	13.1172	8.93259	8.28245	5.57019	21.0104	18.8457	27.7867	25.4996	6.15335	4.43993	12.9433	25.661	20.3587	26.5151	13.5145	20.4872	13.081	24.3578	12.6164	15.4972	13.7986	9.16067	4.52062	11.0927	9.13731	15.4289	20.6215	11.1909	7.84892	20.431	18.4014	11.9082	12.6172	11.0727	9.919	8.66006	7.04859	4.52728	16.061	18.162	20.3894	20.7056	21.629	24.2443	20.6983	9.67941	2.39276	6.6143	1.68773	4.08989	7.20779	5.29373	24.559	19.0066	17.8661	23.7985	6.89046	3.83561	3.41884	9.61825	13.6749	4.2111	7.98723	9.78776	5.27012	19.4722	12.4015	23.1109	21.0585	9.93597	11.5963	15.1173	17.4997	16.6454	15.1401	15.3515	15.5853	13.8191	10.5403	7.5985	2.386	0.503288	4.14708	11.2981	7.51704	7.87832
1.35482	5.87253	5.01978	2.16364	1.28285	2.17085	0.907198	1.35487	5.29327	12.3095	13.4661	11.4124	5.1096	12.8847	10.7282	14.3123	12.7359	3.41862	2.3187	2.39239	4.27711	4.77981	11.1565	13.9994	17.7095	14.0354	1.43421	0.907198	3.20437	11.2034	3.35347	11.1725	3.3392	0.641535	2.54591	4.13152	4.95072	4.38595	5.67782	7.26456	1.03743	0.641503	0.533783	0.397855	3.21909	6.36191	7.14408	3.99214	6.02236	10.9276	10.765	13.6208	10.3304	14.2029	3.06869	6.83558	7.36021	11.3928	8.03475	2.17085	3.21909	6.97713	2.31868	7.22185	4.52015	2.78284	5.32544	1.78763	2.62525	3.10957	4.77998	2.51472	5.32568	9.95446	1.51988	5.77351	4.39687	6.88985	1.98853	12.0732	5.65577	8.00383	9.80663	2.3187	6.22326	4.64671	12.2034	2.89404	12.3945	3.77732	1.12518	7.94557	10.0908	10.4973	20.2351	25.7978	19.5402	9.7867	18.7373	19.4723	11.7081	10.6648	20.2516	24.725	18.9712	10.2906	7.39135	20.6478	25.8344	27.2275	27.1448	11.0916	8.79505	18.6484	13.4825	16.0232	28.1086	18.4345	11.6001	22.1564	19.2926	17.6509	17.2535	17.8132	17.5425	15.4949	8.8278	3.14471	2.14159	0.711695	2.38589	6.96855	11.9969	11.1582	11.3009	8.28185	5.79785	9.62155	12.4531	8.30627	6.2058	0.25164	6.63946	5.86988	3.74805	6.1123	8.53633	12.6988	13.4756	13.111	5.26633	4.26994	6.02236	5.02306	10.5904	10.1163	7.08322	20.9742	28.811	25.3583	12.7918	2.17096	4.21048	9.92838	8.9658	7.79873	6.72097	3.35332	8.4364	17.0434	4.39324	12.1142	7.95738	4.47111	8.99962	15.2399	21.7187	7.15939	24.0034	27.9086	18.7475	16.5228	22.0123	29.7737	16.01	15.5278	2.27739	17.906	22.0324	20.1493	19.2132	17.7217	4.61965	4.21067	15.6286	15.7161	14.8111	11.0713	19.671	27.9153	23.0435	13.9629	4.22181	3.82716	8.15432	12.4064	5.56668	9.40522	15.9169	10.6063	15.2286	19.0831	19.023	21.5267	20.564	9.37425	2.31875	9.1078	3.89643	6.94374	2.14892	1.53023	23.6766	21.0609	23.8156	20.6123	5.17336	2.22842	7.56323	4.80603	4.23652	3.6588	8.72109	3.90845	5.33723	15.4836	20.7608	21.9829	13.4228	14.5593	15.8926	13.8525	12.227	11.4126	11.5588	11.204	11.4637	13.9399	17.6723	20.1079	17.863	14.7256	11.2655	6.22584	2.39239	2.84459
3.41831	5.21829	8.45782	9.14926	4.71676	2.41843	0.957992	0.177915	6.02663	11.2038	8.23668	11.9054	5.0846	5.56887	8.7383	11.3322	6.40037	2.54572	3.20418	1.63991	2.64297	4.14256	8.49219	11.5422	13.1651	8.14605	0.958039	0.177915	6.67619	6.51351	3.21877	3.50456	7.04762	5.72411	4.64625	10.3877	13.5128	10.6923	8.45222	10.4649	8.54452	2.89383	0.562612	1.08208	6.44871	10.9098	8.39212	7.04942	5.89337	9.40467	10.5385	14.4565	12.8141	12.0392	9.48646	14.1348	10.7767	7.55627	7.18676	8.29622	6.10409	5.77572	13.8925	10.1159	1.83118	5.95632	5.4755	4.76284	4.61921	4.14628	7.43904	11.0906	4.5266	11.4986	3.26731	3.02167	0.533731	8.03928	1.42303	10.9605	3.5405	7.10893	4.35332	2.38554	3.26728	4.22128	11.0086	3.14944	11.5882	7.43235	3.27691	9.5888	5.66628	16.4671	26.1184	23.1668	7.97216	14.5128	14.7273	11.5834	7.75599	18.0824	24.6967	23.197	19.6408	11.0345	6.34443	15.7059	24.0972	25.4774	17.725	10.2182	21.6096	27.8072	27.6422	12.4669	21.3731	17.0259	23.2709	23.4197	13.5951	5.72411	3.77693	4.05027	6.17227	12.3656	9.41705	5.1487	4.08512	1.03727	2.67273	5.46413	1.63991	5.71015	6.17269	12.6874	12.4228	4.89624	9.10749	13.5951	6.02938	1.08208	6.53534	11.2216	7.59543	6.05763	3.89608	11.8254	14.9532	9.57812	3.76446	12.4633	16.1657	13.9387	6.55428	7.22319	6.51822	11.9057	15.0658	23.1804	18.5227	1.67803	2.19958	4.32439	9.37044	7.3638	5.5013	2.39214	5.42958	11.9231	16.9634	16.8443	10.9316	14.2839	12.744	9.97673	11.3055	9.79621	18.5753	8.04903	10.8722	13.4518	20.1354	13.3891	7.3638	18.2676	13.6651	15.9091	13.1831	10.4165	18.9658	24.8832	7.43052	12.3464	11.4208	7.38888	9.10579	20.4145	26.7917	27.2294	20.4536	17.5818	16.626	12.4919	18.0483	15.7649	9.49338	18.6468	9.7047	8.71003	16.6752	10.9612	6.74368	13.6643	15.5631	4.6865	0.957992	11.5467	2.31846	10.1751	2.3184	1.13903	13.9012	16.9177	20.1438	5.25412	6.28019	5.49844	6.44181	11.9934	12.8452	7.12632	4.88335	7.76846	6.72968	7.37429	14.4287	10.2411	6.4658	14.6325	12.771	8.90801	4.453	1.25784	0.733513	1.03727	1.295	5.21801	3.89584	4.90869	6.63877	3.41349	5.65517	2.41852	4.66981	3.31996
5.50085	4.52622	5.15747	7.77937	7.13426	5.36272	3.66257	1.98819	4.87309	12.8275	13.7865	12.9651	5.8156	4.89573	3.57556	4.77904	10.9601	10.6287	5.2536	2.54547	1.68723	1.25772	2.46986	1.85664	5.31561	4.52605	2.17054	1.77846	8.09397	2.31819	5.83143	3.6624	2.01192	6.96692	2.41821	12.3393	7.26317	7.61874	4.76242	3.2429	8.91757	4.05374	1.13899	1.63971	6.76569	11.7818	1.13899	11.4295	6.01571	0.251578	4.29463	7.40667	1.83099	0.711557	14.4065	13.9178	11.0623	19.1864	12.3747	6.51317	7.55559	14.5319	10.1343	13.1994	7.31416	9.37073	4.08848	10.7076	3.41336	2.77661	7.31416	10.0905	11.1102	12.4618	3.70938	4.8051	4.62882	7.08398	6.1442	6.83194	5.24172	5.99784	6.35109	6.33883	3.02676	1.59073	8.55774	7.81109	12.8296	8.82613	7.26103	6.64755	8.23578	12.6072	8.00207	6.02893	18.6452	8.0136	15.5512	21.5517	17.1614	28.5878	21.2116	29.5136	26.8548	10.3562	2.14113	3.06804	3.2429	10.4984	14.5565	17.3798	20.9727	4.77906	21.6432	13.5077	21.1497	27.2055	28.5407	23.9683	20.7089	15.9647	11.5679	4.45267	7.26317	8.33207	13.7226	22.3242	24.7465	21.9814	14.6814	6.4484	1.08199	4.7952	4.39229	0.754735	5.94559	9.98766	8.13591	12.6589	11.922	9.60225	12.4034	14.6981	12.6041	14.4473	13.5114	13.3242	12.1133	6.66649	7.22255	8.19795	2.39205	6.51293	4.61876	7.92305	16.8444	25.6755	29.7215	28.6879	15.5509	4.26899	7.61901	8.9983	5.56867	2.66662	4.41029	9.21319	4.19117	6.96043	10.9256	4.44926	22.0719	6.20195	19.3549	8.07695	6.97388	6.2247	24.5675	28.05	17.1387	3.84285	19.1827	23.6228	25.1774	19.3929	7.28024	16.8476	22.2555	27.5504	28.808	17.0611	13.0624	21.1597	14.3343	18.3965	12.2632	5.07458	8.13591	12.4428	9.20664	12.0276	23.5032	10.931	19.8809	16.1096	13.2337	9.25759	13.1614	16.7611	5.8156	11.998	11.2993	16.8111	14.9973	4.29476	4.64596	8.03858	4.97194	10.0225	0.754735	7.49626	7.77353	3.27662	5.71786	8.57204	4.47025	6.35082	9.23132	12.0245	14.4916	16.2714	8.3691	4.71628	6.38778	9.61543	9.06781	7.29535	10.7119	2.71341	16.4788	15.5592	6.94047	4.19117	6.02893	8.92997	9.5534	10.7418	12.0727	13.3042	14.2854	12.0083	9.55813	5.71812	6.61734	9.558
2.81027	1.52988	1.25759	5.36199	2.6425	3.97129	4.39201	3.57079	1.46652	4.44887	8.76288	8.37584	6.1992	4.8953	3.94337	11.2392	8.47982	12.4607	8.30375	3.64502	2.39184	2.64259	1.77826	1.63951	3.26189	4.14543	2.78218	2.39184	6.06166	2.3181	7.08337	6.43797	4.04965	7.59367	2.78218	12.2001	12.909	9.02447	7.08125	5.29179	9.20556	3.43132	1.03709	1.24498	4.40968	11.2339	6.64731	11.2713	4.36677	0.251556	6.55515	5.78792	1.96402	1.60053	10.2977	13.4095	15.7026	14.7318	3.02634	2.71907	7.15943	17.81	6.11805	13.7454	11.7249	13.1836	4.27592	14.2867	3.35238	1.63951	9.0124	3.80118	2.14105	4.29061	7.21977	4.11882	7.39145	4.88243	5.1569	4.09975	7.62854	6.14367	6.26408	3.59721	3.66206	1.28255	6.18888	6.17151	14.1529	6.1992	12.3815	0.641323	7.20477	3.1087	8.94454	5.5231	16.8598	3.70917	19.5675	10.9079	5.50881	29.7545	14.24	31.5013	13.0308	4.84682	6.02068	6.5553	4.80468	14.7984	10.3275	5.39406	17.8046	8.6926	27.1518	21.923	15.5086	18.6114	17.5068	9.63989	5.67624	15.3228	16.6989	14.0175	16.967	18.025	18.2986	19.4464	21.1388	22.5195	20.466	15.9599	14.222	12.8301	11.5672	9.17246	5.71737	7.29454	10.5523	16.0299	9.31147	19.8339	12.9807	10.8412	5.67637	8.49036	8.49071	14.6457	17.9879	11.7962	1.03714	9.87689	12.7561	11.9175	9.23903	9.08046	11.1106	15.1155	16.372	11.6498	3.41761	9.08009	10.3858	9.78407	7.67689	4.0497	6.49581	10.3932	8.90846	12.3924	4.08823	6.3503	19.7653	10.3628	16.7621	1.46652	5.77446	9.14719	7.52445	6.22416	9.37166	19.0725	16.7432	13.7502	11.2435	6.03589	25.1997	22.5056	17.1185	15.2962	11.1632	3.51738	19.3234	23.4115	18.8189	24.7099	23.6606	14.7048	13.0888	12.9948	13.5229	2.38512	19.4908	17.6392	22.5884	13.304	15.6896	11.8534	20.5899	13.8865	9.50585	16.9604	2.3181	19.3156	12.8537	1.83075	3.73448	2.3384	4.66897	5.04637	5.63486	11.1535	6.96661	9.5521	5.04944	10.1555	6.03602	7.93764	12.3262	6.23155	1.91511	13.5823	9.57471	9.49171	8.37589	6.38967	6.24158	3.41756	8.66568	2.26284	17.5823	9.58238	7.10759	8.00177	8.49232	6.11037	4.09971	6.38709	7.67689	9.13411	10.5361	3.70917	3.21822	1.75136	2.91505	8.05924
0.733321	1.06706	5.0798	6.59006	4.29767	5.36169	5.3148	1.52972	2.67194	3.38018	4.0878	4.68539	4.77814	2.71301	3.16348	12.8375	7.44713	8.95697	6.77815	1.63942	7.29395	13.5556	14.5847	8.37497	4.62815	8.36767	11.1095	9.01529	3.66184	2.66597	5.40498	3.59668	4.17904	4.20886	3.66186	10.6931	9.36741	6.30779	6.30779	2.41781	5.50808	2.17012	8.62069	9.71915	4.92984	6.97446	2.17012	6.51163	2.93081	1.51934	7.04743	4.79428	0.906847	2.71873	7.68389	8.21705	10.3481	12.6892	5.85179	3.44936	2.77608	15.369	10.0466	5.75214	13.5911	9.17149	5.99669	10.6434	3.1784	1.12475	7.76182	1.59049	1.24485	7.2215	11.325	5.46278	6.51168	2.39159	5.78731	7.26178	4.39155	7.04555	1.98776	5.16551	3.92299	1.60036	4.84314	3.37089	9.61312	1.52964	13.4441	1.83056	7.67594	2.68961	3.14863	6.73022	8.99447	5.50824	12.8525	15.5227	11.9898	21.9701	13.3921	25.3464	2.70718	12.5483	6.96588	9.00298	3.59668	15.5414	6.66739	6.74166	16.4873	19.9375	24.1086	15.1142	3.20323	4.84328	6.26351	4.72537	6.89393	15.0148	15.7891	16.1275	8.39507	4.54586	5.51686	17.0898	21.2408	20.5412	18.1057	13.6611	10.969	7.04555	3.44929	8.30271	7.96982	5.32363	4.09924	6.61124	9.23979	18.5415	10.9577	14.4495	10.3265	10.3014	9.58184	12.7455	17.4081	13.0295	5.71693	2.93089	0.397718	1.9878	3.66181	5.5675	6.57371	8.63506	12.1627	16.0968	18.4019	19.6679	16.2153	11.584	10.2065	5.56475	9.07952	14.1074	15.1482	12.7684	3.10837	7.46351	17.7709	8.76197	14.1154	7.84514	8.02194	15.1666	6.49493	9.96583	10.4932	14.0137	19.3748	18.7145	14.5726	16.3101	23.2553	12.7233	24.4777	27.7891	26.6096	24.4253	25.0084	22.6109	11.3221	22.5795	25.8771	16.0366	14.4879	12.7036	12.3624	3.57038	10.7829	8.44072	11.3814	3.57472	12.0501	1.95574	13.2681	10.6224	7.35718	14.1069	9.20499	15.1351	9.53678	3.76765	2.95755	2.33812	5.02089	1.42262	5.53919	10.7787	6.20344	11.5552	2.62424	7.70192	4.29745	5.67572	11.1616	4.68516	3.73416	11.8819	5.14722	4.057	7.60535	9.06608	9.19988	6.21097	9.86776	3.51701	16.7576	6.83289	4.58024	1.03703	6.81246	7.44707	8.56351	8.99479	3.35218	4.64482	8.36751	14.1683	18.7998	22.695	22.8916	19.2492
2.95729	1.46624	9.38606	6.78456	4.29729	5.36122	5.07342	4.52474	1.7601	3.73375	3.26622	4.77772	4.68498	3.91061	0.733239	8.69065	9.44614	4.7148	6.28252	2.31078	12.7335	16.1648	15.9426	13.85	4.62774	10.0457	11.1355	10.9816	5.94375	3.91052	4.15969	1.52958	3.93073	1.61007	6.29005	11.0905	5.33187	7.78495	7.78495	3.20286	2.41753	3.59202	13.4638	9.79315	10.782	3.81285	2.31082	3.5167	2.93056	1.63925	6.06049	3.30442	0.906768	4.99859	7.91271	7.75322	6.72716	13.7354	4.38406	3.31881	3.77554	9.86098	12.8089	9.17047	11.5897	11.8646	8.83763	4.36611	2.24843	1.12465	4.94191	3.82521	3.74628	13.0972	10.3914	9.30291	5.60601	2.75885	5.78681	6.53253	8.59655	6.96528	12.7855	5.16506	2.70694	2.64199	3.31881	3.05699	6.91131	0.562379	10.5869	9.23852	7.09736	4.65795	6.1625	6.64604	4.04871	4.14478	8.99733	15.7736	17.0813	6.02701	12.4967	14.5192	6.51111	15.1274	9.87482	13.5462	2.31759	13.7022	7.50632	10.2147	14.3437	19.9117	15.3167	6.10151	3.14339	4.72496	6.14249	5.2163	1.6773	9.47354	12.6136	16.8664	17.7695	1.59028	15.6703	18.8612	21.207	19.399	16.5058	13.4173	10.7908	6.89366	3.0414	5.49913	6.06073	5.4737	7.13207	4.60732	9.85192	8.04605	6.01953	14.1225	9.93642	9.48982	9.48511	13.0423	15.1619	9.57453	4.76129	4.319	2.4175	1.75109	3.20295	4.84608	6.26299	8.86554	13.1716	16.7671	18.5342	18.5748	14.7953	17.6472	18.2243	6.74792	8.57903	13.3559	14.4877	9.20419	4.82003	11.1079	19.9666	8.92062	15.8822	6.75957	6.58968	19.2918	8.62678	12.3359	5.60597	9.8117	20.1356	19.8596	17.7424	17.9289	11.8091	18.1807	26.1826	27.7805	26.901	23.6978	22.1237	17.9035	7.61689	31.5092	32.2782	15.7301	14.3579	11.7944	7.12363	3.19795	6.38586	8.56281	5.14374	1.60022	9.38767	5.32293	8.34654	11.4713	4.71496	5.91493	9.10403	6.11688	7.00053	5.63382	0.889171	3.89444	2.87077	1.4225	0.711357	9.20381	5.87258	9.22533	2.62401	4.84589	3.80044	2.95743	9.3666	0.641231	5.91484	11.0005	4.17868	3.80064	10.0471	9.14589	8.00022	8.69065	12.2585	2.51348	16.0629	7.32269	4.57984	1.25739	4.77755	5.67537	9.34884	8.99401	8.39409	2.89263	9.34229	14.5914	19.8495	22.6482	23.3275	19.9976
5.1065	2.67144	10.771	6.277	3.16309	4.29324	4.60354	3.59596	3.02565	1.6866	1.2573	0.733165	1.8129	2.46891	3.37956	2.66545	8.46067	2.52591	4.29298	2.86508	12.1989	12.7322	11.4255	16.5677	5.99558	9.97165	4.32235	10.5631	4.05218	6.38544	9.27426	5.3196	1.98744	5.55229	9.48863	8.10428	2.49439	10.5775	7.29242	1.50865	5.27256	4.0485	14.1691	1.24462	14.5684	1.08159	2.87062	1.43338	4.77727	4.26378	5.95615	3.94223	2.7067	5.11564	7.37874	6.14156	5.67474	13.2988	3.66122	1.98747	6.26698	3.98967	12.6305	13.3428	6.58676	17.5005	7.37038	7.16382	0.889085	1.519	1.67723	7.21802	4.7773	12.1476	7.88115	12.2636	7.35599	3.644	6.09574	4.77707	10.5217	7.07728	12.8661	9.10154	12.0573	9.98415	4.29691	4.94793	7.62012	4.52446	6.62864	13.7892	5.27226	8.84871	11.4841	7.60387	14.7878	6.74045	11.0581	10.9215	12.1965	4.49314	2.84852	5.0819	6.52945	13.4275	10.5505	11.1756	6.67338	12.5235	3.4165	12.4473	8.32892	1.88975	1.43347	0.177831	3.73341	10.0448	15.012	16.5931	10.1574	5.3196	2.7067	8.99276	19.1118	10.171	18.8768	8.30114	9.49875	12.0202	12.7676	11.1507	8.69018	7.43759	3.79608	5.63041	5.84547	6.71742	7.05058	6.645	8.30117	8.60502	11.9229	15.6302	15.7397	14.2139	10.1336	10.1531	13.9553	16.2983	13.6588	5.52156	1.60007	4.77404	6.80018	7.70697	8.0303	9.38241	12.57	13.8817	10.5778	8.8212	5.21583	18.8275	20.5857	4.44041	7.6041	10.0343	9.49875	12.7526	16.0515	18.7795	21.266	6.21998	17.2432	8.56203	10.4717	19.8719	7.06372	15.9091	11.8499	17.4179	15.6844	10.4696	17.0497	16.3199	8.27513	21.7454	19.5544	17.9002	20.3402	20.0516	22.3436	24.6507	27.7534	35.9134	26.4621	7.7529	12.6396	14.8797	15.1076	14.8146	12.9778	10.6207	7.04653	3.48957	7.0108	5.67465	5.0791	6.0264	5.56625	3.02544	3.89424	6.44604	7.76467	6.72881	3.84144	5.50718	3.93037	4.52452	4.2083	7.73061	4.99518	6.26205	3.74598	6.19746	7.77864	6.65477	9.54	7.13173	9.68893	6.91072	5.94331	11.1737	15.4428	9.72683	11.9592	16.3622	19.0125	16.1585	23.3707	15.1073	12.5145	10.5851	8.65291	4.97936	4.39062	8.0723	11.5364	2.02681	10.3899	7.99951	15.6859	18.4622	19.6332	17.53
6.39676	5.25112	8.53038	4.02459	1.77762	2.71225	4.20787	2.93006	1.28199	4.28896	6.51011	6.32104	3.89366	1.63888	4.9062	5.07853	3.94186	5.36593	0.562288	1.46599	6.9792	10.5995	15.0399	15.7838	7.28551	10.7757	4.87089	11.5392	6.14861	14.7317	18.5964	13.7798	3.14775	5.64096	7.99833	6.38473	11.6594	13.1432	5.42682	8.37232	12.1654	12.2968	6.6794	6.66344	14.0472	4.21903	4.93165	7.66767	1.03674	5.56297	5.5207	5.11519	3.10241	2.86476	7.63333	3.41619	9.74113	11.9426	4.45067	3.03559	4.99467	7.93675	13.5795	5.39189	11.9478	12.1173	0.888977	4.657	3.43012	3.50275	7.98293	12.7757	14.235	1.29427	7.67403	3.41157	7.27056	0.795175	6.21914	5.40375	9.93438	6.03371	6.67971	11.1496	5.56586	9.61525	1.63896	4.04793	4.72382	6.01806	3.8328	14.2622	7.989	8.60564	13.843	10.3466	10.9215	13.7499	13.6489	14.664	4.14384	7.89009	8.85837	3.41624	0.502935	9.05497	4.43658	8.3727	16.1092	12.3221	5.28956	9.6358	9.6882	11.5513	8.32851	3.66081	6.28136	14.4394	15.0821	17.2544	13.8812	8.92403	8.48748	10.3819	15.1245	6.43812	14.9419	20.0282	22.0968	18.7022	15.0573	11.2552	2.77544	4.14384	2.87032	6.78326	7.45959	5.76968	5.6742	6.50987	10.7882	4.33261	3.02517	4.31825	6.56946	11.5352	4.84179	5.78597	9.87323	13.695	16.3234	11.778	4.77663	3.04081	2.94082	1.75076	2.3843	4.82574	8.16626	12.2577	10.7704	12.6757	17.5514	20.7689	16.7155	1.75076	3.10232	5.52087	11.1979	19.8323	21.099	17.2352	5.50655	17.9531	26.023	15.7571	11.1752	12.5731	2.64145	18.2573	19.2237	18.8669	23.814	5.33366	17.4664	12.6425	9.48768	10.1157	13.1344	14.6758	15.4221	14.2821	17.4158	20.2227	25.284	24.3011	4.31825	24.0476	28.8642	27.4842	21.6444	16.4299	13.0941	9.22732	8.91892	11.0644	14.8412	13.4738	12.5972	13.7089	14.8509	11.9615	6.73962	3.59565	2.58722	3.1075	6.76286	7.95794	5.14262	3.35124	2.19839	4.00509	5.17014	6.41381	6.05964	7.37848	6.65408	6.62838	10.241	5.64126	5.71517	2.26209	14.6684	15.2454	20.4286	12.1447	18.9859	21.5189	21.1627	17.8898	27.1046	16.013	5.94254	4.29624	8.26705	8.71019	7.67406	8.32851	3.39318	3.74563	3.72882	13.6809	20.0176	24.0436	23.8777	20.3965
9.53362	8.06317	7.08446	1.82996	1.63878	2.41691	0.533375	3.50223	1.13827	6.72731	6.44444	7.98212	8.51865	5.07792	4.29216	5.42598	2.07248	5.54836	2.37072	1.38841	4.77609	3.64304	7.77679	11.4233	7.32719	10.9315	4.99416	12.4283	11.9849	15.5421	13.1292	15.8082	5.16943	5.93959	10.7064	12.6161	11.5916	6.73447	5.14208	12.5682	7.60215	7.12994	8.13133	11.3422	10.3883	3.66045	2.66512	8.92981	7.06934	2.84242	6.54967	6.44447	3.94154	3.26533	4.29216	6.50959	6.16069	8.07257	7.40501	2.54392	5.49751	12.6252	11.0564	6.02524	10.1984	4.15492	7.27015	2.07248	2.80902	1.25706	12.3576	8.68092	12.5434	12.5965	7.76888	10.9536	14.4204	11.2661	2.37072	4.1284	7.13001	12.255	6.03317	6.22854	18.3688	14.1085	7.80661	4.47811	7.71507	5.59606	4.29225	6.72731	5.19073	0.733048	12.897	5.16959	18.0502	13.2701	1.06666	1.63878	10.6846	4.4465	12.7303	14.8498	12.1066	4.68367	8.52951	10.2118	6.32045	4.18882	10.7878	20.1524	22.3749	17.6321	12.4263	6.72731	6.39614	15.7144	17.6761	17.7512	2.13989	19.2253	21.8788	19.7467	19.9699	16.9958	17.2921	9.00866	8.37146	15.6627	15.0808	11.7565	2.75797	2.13989	4.09778	1.85564	4.48865	4.96901	6.046	3.48878	8.10276	11.9358	17.1705	19.8789	22.1973	21.189	15.8047	15.3614	16.8531	17.4888	14.6359	9.44343	3.76617	10.4553	18.3806	22.9995	22.489	17.5769	13.9518	13.7149	9.94728	5.07792	7.25286	7.15396	8.10471	6.13826	1.29414	4.96584	10.6975	14.5032	13.5961	20.1338	27.8077	30.2001	19.7718	6.89133	13.2969	16.8736	10.381	14.346	22.7407	14.9433	25.3778	4.54782	14.2113	11.6123	9.55266	18.3056	11.611	3.41598	8.74658	20.9145	22.5481	18.2423	18.7894	17.8936	18.2419	21.8218	14.9022	12.5965	17.4017	16.5493	15.5311	14.0144	11.0566	6.03317	10.7283	7.68136	7.6309	3.89329	9.76499	11.8158	6.99848	3.14734	5.67385	7.74539	7.64922	11.2887	10.385	4.11691	10.1808	9.4809	7.50414	5.39136	3.79535	2.31694	1.46586	2.64136	7.29096	10.56	13.297	10.5831	12.6739	5.23851	14.7591	4.23353	17.0435	6.80784	5.34492	12.2376	28.2299	21.0365	12.4445	12.6347	10.4681	6.46137	0.888883	5.21765	5.1636	0.957354	7.45889	9.7042	4.31775	4.43956	5.21778	3.79957
3.33634	1.75035	7.26939	10.891	9.89594	7.87883	5.4971	3.65994	0.906436	4.20688	7.99703	8.47296	8.00832	2.80862	4.86986	5.16903	3.14705	4.71299	4.2883	5.17825	7.6502	7.53622	5.63183	11.5786	7.32026	8.87562	4.18817	13.7131	10.4566	15.2873	20.6099	16.7715	6.41258	3.52447	4.38237	4.27367	2.41667	1.03649	7.56485	8.99201	10.8188	13.6055	10.7304	3.70702	2.16174	1.03649	0.251424	3.41558	4.61569	5.28847	9.40209	3.66008	3.27461	6.79817	10.0194	12.3283	8.68754	1.77718	6.19785	1.78608	9.72197	12.7391	2.92943	15.7347	7.36024	10.3564	4.18817	7.69832	3.84011	4.04736	6.50862	12.7904	15.7756	13.7037	11.4536	15.2588	7.84128	14.1283	2.66484	2.58672	7.04859	12.1185	6.72675	9.53404	18.4445	9.16721	7.99678	4.81818	8.91172	0.177779	8.23005	1.82969	2.6883	5.81145	7.19848	8.01055	14.9677	0.794988	10.569	9.68946	1.68611	14.3973	11.9456	16.9841	15.7809	7.35364	7.44358	13.2201	11.9195	9.03099	15.4822	12.3751	13.5758	16.2934	15.1077	8.88089	3.9051	8.48012	7.91	6.21815	12.6727	22.8304	11.8354	10.8406	20.4916	26.4869	28.6259	29.1972	29.878	24.2851	15.4157	4.841	6.67118	3.27444	7.25003	7.76254	9.9204	9.04666	6.21815	3.20162	3.26496	6.37608	4.29185	8.17951	8.01055	6.55156	5.76857	8.99922	12.2606	14.4382	13.4549	7.1816	8.81856	20.6716	22.6228	14.256	10.9195	7.64603	3.8403	7.71861	10.3173	11.0267	8.90325	4.20688	12.6885	18.9469	17.8758	13.6063	2.7059	14.3524	14.0514	13.7265	14.109	8.86875	5.32088	17.5562	14.4025	13.6223	13.1003	16.5278	14.4377	7.18135	20.7038	15.4851	8.2751	6.16014	16.0331	4.75946	11.9153	2.02621	16.8808	21.1274	17.3557	11.8602	11.2128	9.53234	9.55174	20.2583	23.6638	30.2232	23.4186	9.76612	5.16308	6.39807	10.4427	16.6123	23.0746	25.2898	26.0901	24.109	20.9778	14.3119	4.65635	10.8907	20.9577	21.0305	13.803	14.2095	12.6973	6.3761	11.8198	7.16641	12.2939	7.12935	2.86967	2.66471	3.41554	3.26015	7.6723	10.2033	3.69414	2.66471	7.26901	3.5951	6.64315	4.65635	10.6172	15.6734	23.6769	26.8882	25.0538	8.33206	13.2513	16.3933	17.2678	14.5013	12.0303	7.21812	0.39753	2.89151	7.04446	14.8103	17.7997	16.0399	10.9968	7.37707
5.27053	7.10921	9.72291	9.68399	8.87524	6.74463	8.78625	1.25673	5.59513	5.51944	5.28819	7.63161	14.0409	15.2489	10.5697	8.37031	7.3826	1.42181	5.01831	5.07102	7.54984	9.87158	8.37038	6.60761	1.28169	5.11681	6.56982	12.5659	6.08588	11.0055	16.4259	7.82298	2.37033	0.888772	0.906327	0.888712	0.502758	0.251402	5.71349	6.086	6.41454	3.694	2.58655	6.63357	7.07457	5.43674	2.78032	1.52886	3.74445	8.38447	7.12861	7.21526	10.7773	11.1034	9.45329	5.0401	9.31808	7.10931	3.25967	8.3685	10.8857	6.60749	15.2581	16.4773	6.72647	13.8234	7.71791	9.8191	8.78643	3.03997	0.355521	4.12739	5.78399	11.2307	9.83923	10.2245	7.45746	9.35059	3.02439	7.01477	3.25967	6.7608	13.9933	3.94078	17.6871	15.1818	4.2915	7.45138	7.08306	3.14685	8.32599	8.97793	4.54695	5.97485	7.29	7.27509	7.7494	4.80144	8.73029	4.79152	8.76181	14.0692	20.5997	18.2502	19.187	11.584	7.51543	10.8498	13.2721	19.9609	11.4956	21.2126	24.6813	10.0712	3.19641	9.93179	9.38377	7.93254	5.47398	3.48811	13.0539	26.332	22.3479	25.9872	16.288	14.7573	13.9406	9.44183	5.40187	8.95757	13.881	14.8372	8.67804	7.79137	12.3561	18.466	20.1322	16.2496	8.68684	4.94603	3.0347	2.47447	10.5511	17.8158	15.7338	13.687	13.8356	11.2363	7.84676	10.3164	11.4217	12.0773	20.8564	22.1886	7.59069	22.2735	19.2874	11.655	6.87016	9.03067	14.2017	16.4023	13.6097	14.3682	15.6462	9.04587	7.97883	13.2716	6.5838	4.84029	3.55058	6.09381	11.9894	10.7855	6.93499	14.5401	13.9532	12.2897	9.81009	25.2602	20.7557	14.5048	15.1268	11.4341	4.26565	2.89141	14.6272	19.9272	10.621	11.0281	17.2881	10.9299	27.4053	29.9016	27.2517	22.2864	19.0663	20.8223	17.306	14.9914	3.73195	14.3683	20.8015	25.0533	23.0213	14.7426	3.02448	10.6379	12.0639	4.20644	11.9336	19.0091	21.8513	29.3622	30.421	28.3992	25.0529	21.7702	15.3241	3.42915	8.98941	6.66377	7.80885	10.4792	11.61	5.40224	2.02592	2.58655	6.56989	11.8356	14.2905	8.20715	12.1431	11.0613	10.1789	3.8764	2.64067	10.0526	13.0898	10.3047	9.19978	7.2895	12.7601	8.33175	11.2438	6.82898	4.52272	3.25986	5.53905	14.7583	17.76	14.3077	10.4444	12.2151	6.69842	4.90483
3.96812	4.38852	9.33697	8.27353	6.03157	9.09845	10.6151	3.03964	5.01756	0.50274	6.10569	12.8995	18.6127	19.8369	15.3969	8.77715	9.3044	10.0655	5.31106	2.52454	7.76066	4.90406	0.502714	1.58943	1.63827	2.31626	2.86361	8.55775	7.37566	5.51875	8.84457	4.04643	0.397436	0.732814	1.60912	1.25666	0.906261	0.794868	3.74412	3.3168	2.92894	3.1012	7.60024	13.8226	17.9929	17.2289	10.1122	4.13858	2.67016	6.4136	6.14647	4.29108	4.21725	3.62045	0.732814	5.63058	10.0655	9.6687	12.2145	13.1385	5.31999	8.90156	9.88004	7.45868	1.96249	9.84592	1.46543	7.10854	3.73161	5.60274	2.67017	1.43276	0.957082	6.57644	5.42474	3.59443	4.20625	3.73159	7.06039	5.53844	6.11347	3.59443	14.1064	18.1554	17.4484	12.3878	6.19697	6.09317	5.28766	3.51486	1.25666	2.86361	4.36341	3.568	0.957082	7.52479	10.2536	5.04572	7.25485	3.69361	12.4549	2.41613	15.7947	13.8121	7.43166	6.06226	4.29115	3.20109	9.46799	20.6667	14.8892	19.1598	8.85532	23.1233	20.0211	12.3726	5.89551	9.10555	13.575	14.0974	13.6524	22.7148	16.991	6.04444	24.8404	26.0572	21.823	15.4463	16.6272	22.4437	25.327	23.5665	17.6712	10.4478	11.3216	13.378	12.9658	14.1041	7.06039	1.68578	5.03931	4.94541	14.0877	14.6079	13.1829	4.77475	5.16795	8.26418	13.3308	14.0425	9.64516	4.44885	18.6654	14.2883	15.8139	18.1509	20.3678	28.354	30.7311	29.5552	24.1401	18.5501	15.8515	9.39576	5.5468	9.3028	6.09317	7.28892	10.2016	2.51216	5.42178	7.84595	6.7372	7.40248	2.31625	9.41667	13.5858	11.9233	21.3302	11.3423	15.3455	24.8214	18.0003	11.6548	6.37486	3.92846	3.70631	4.53271	10.7842	15.3898	8.90169	16.8314	20.0159	16.087	10.8053	4.82384	3.44706	9.46799	8.90169	13.1709	10.3037	13.8981	12.48	15.1044	21.2394	19.4969	18.864	18.5238	8.78593	17.2812	19.3234	20.0571	18.7714	21.0667	10.7717	15.2137	25.1924	24.4219	15.9612	7.88708	10.6369	11.9136	6.21933	6.41629	12.5402	5.53851	2.47421	1.388	2.54321	1.52862	2.66426	10.2708	16.7269	4.14239	17.9585	7.28273	18.2399	24.0396	21.1411	7.89255	1.2815	14.1257	10.9915	4.01523	17.4831	15.7646	13.5922	9.73765	15.6725	6.63276	6.72559	12.0737	13.3062	14.2784	9.49883	8.00721
6.23626	5.70456	9.42081	10.0619	9.99234	3.94005	8.92652	3.89604	4.47668	9.34946	13.292	17.778	11.7545	8.47224	17.1888	11.7803	9.82083	9.83749	6.25608	2.58606	9.03534	7.28824	6.45909	8.41814	10.1653	11.4117	9.69469	9.62547	14.0725	15.3751	12.6659	5.23658	2.41602	2.38317	1.9863	1.85493	3.03426	3.52348	4.43789	4.14188	4.33078	8.45629	12.7881	11.9123	5.23678	11.9806	9.58698	1.1921	2.41602	3.26393	2.86336	5.88724	9.23294	10.7499	2.8908	8.23334	8.83686	3.40996	7.28202	8.85284	13.487	2.89075	10.5119	14.1775	9.54452	5.21571	4.27225	4.44506	8.47263	5.67161	1.81191	6.43258	6.64861	6.56879	5.8554	3.21543	5.21263	0.75402	8.48669	1.29369	6.86852	1.25657	3.10095	10.6869	6.16624	6.72518	15.75	13.4163	7.21173	7.54882	8.36874	6.28589	4.87809	3.03941	1.13785	8.60155	3.65894	6.88878	8.49752	10.3186	14.9583	18.2134	6.41573	11.0833	12.5396	14.4393	11.7423	12.7779	12.1598	13.7212	9.23743	2.19735	22.3543	15.9174	15.1632	20.0081	14.3656	9.33638	7.42511	2.48666	9.50913	13.1193	13.5456	12.6473	5.04206	14.0671	17.9179	13.4762	12.9839	12.4503	9.41432	11.5356	18.8434	16.9224	17.7003	16.4878	18.4521	18.0477	11.3206	10.4412	11.0701	11.0835	17.1115	15.4077	19.7153	13.8888	8.97805	6.14572	4.62467	4.09616	9.16971	5.31964	16.5666	18.9561	13.1999	12.3489	29.8937	30.3644	26.876	23.5174	18.4478	5.11589	5.69345	5.74811	6.93395	6.49752	8.55718	9.1399	11.6986	6.8347	2.02564	2.66403	4.14202	2.95532	1.42155	1.12394	2.02556	13.4059	21.8009	18.3291	26.0147	14.0381	9.22284	20.0415	21.0174	15.712	14.7252	9.42081	7.77982	14.9916	6.50705	5.88731	21.6351	28.7449	21.606	12.9966	11.7753	11.931	6.8888	4.09616	9.90692	14.6846	4.27238	10.2896	20.3613	17.7004	13.0067	13.9554	2.58606	14.9916	17.0748	16.0322	19.677	26.5406	31.3849	35.6868	31.7953	19.8533	8.48513	3.14626	4.68185	6.91829	13.3051	14.7045	15.0188	8.38887	4.04623	1.08095	1.92167	1.78558	3.59397	8.09976	17.0708	23.1493	22.7365	22.771	21.8109	25.0779	26.8039	10.2052	8.54072	21.2372	17.6563	16.6917	25.3142	18.3522	2.58599	9.62498	20.4504	1.13791	10.4508	4.00329	10.5275	15.6571	12.9383	4.31987
2.16815	3.58926	3.23944	4.8001	6.1123	4.5214	5.65984	7.00175	4.34823	2.70486	5.84138	15.5049	19.9892	19.3292	19.4326	9.36304	9.02802	9.5227	6.22574	3.30204	7.93199	11.431	9.07147	5.54859	10.188	13.2076	12.5898	3.40978	3.27323	15.2032	14.0113	2.66381	9.63076	9.95943	5.54597	5.07561	8.04012	8.60641	5.51781	0.888462	4.04949	5.99128	6.88806	6.97552	16.2946	17.2354	9.73732	3.4464	1.59899	4.54546	5.86808	5.67087	0.888485	10.9922	2.26066	6.4894	9.36138	12.2657	15.3663	13.5833	4.6106	8.86538	10.8188	13.1684	10.555	3.06487	3.42802	5.93919	1.88836	3.49623	3.93951	2.71056	1.51804	1.63795	2.51159	2.33615	9.68718	8.85883	12.124	6.04317	6.7701	2.80757	6.38094	4.52147	6.22558	11.0454	8.31067	13.1445	5.40903	3.1408	8.26233	4.34823	7.05904	2.89055	1.81172	6.63126	1.6854	7.91442	8.68398	15.1341	4.8906	19.3061	10.3802	11.461	6.49202	5.71198	9.18872	21.902	25.3726	19.3517	16.7711	2.13155	21.2302	17.5561	25.5145	13.6439	9.95487	18.4905	21.7795	22.4563	22.3045	17.9926	5.86552	15.0634	26.28	25.244	16.3224	5.60194	7.38024	11.9362	17.8732	21.5946	21.6784	13.6659	12.6834	6.75877	5.94957	9.52252	10.176	7.82063	3.02351	2.86306	11.1122	15.566	15.0735	2.84105	3.65856	8.75416	6.23579	9.58617	1.25637	4.31942	4.04565	12.491	17.2097	24.7267	20.7551	16.4664	26.7762	32.0757	26.3803	16.169	14.5637	13.566	12.8515	12.1916	14.3976	15.9274	15.798	8.91895	4.52147	5.04153	1.95406	0.640704	3.01316	5.51215	5.47237	15.4642	18.3176	10.3935	14.3518	15.8782	21.2958	15.3542	19.069	9.33542	9.34991	10.405	13.6389	20.6021	15.4017	8.85881	1.13779	18.431	14.2918	6.75898	8.73184	8.0687	5.80138	3.76029	7.07213	5.84677	14.7959	23.173	21.7603	14.3735	9.83064	7.15056	5.45791	11.209	18.8426	20.8167	21.0997	25.2522	28.7098	22.2545	5.84412	11.6902	19.4492	20.262	18.3901	14.5009	3.41437	7.70176	10.0729	6.26316	6.47979	6.20568	3.55411	2.92837	3.20039	2.86866	8.48625	11.5291	3.72667	24.1064	23.9585	29.4583	16.1893	13.9243	15.8905	16.0829	11.4822	15.3661	24.6097	18.2844	1.58906	8.75939	20.5834	4.82291	11.7711	3.74357	3.57166	9.605	11.4728	4.49011
4.54157	8.53953	12.6067	10.6962	5.01952	4.61011	11.3594	8.70458	2.89019	0.753875	4.36219	4.82235	11.068	10.919	6.05532	7.60438	10.0011	9.27062	5.1515	1.58898	5.39989	8.36681	11.8547	10.9461	8.23935	9.07109	17.4572	11.1679	13.089	19.3977	9.29505	5.17555	10.0717	11.1585	12.5548	9.0828	12.9223	12.9681	11.4447	5.1665	5.1877	7.96617	7.15876	11.4226	12.4766	5.36237	1.67594	2.70462	0.888407	6.41425	4.99122	3.82207	6.32426	5.01616	7.07187	6.64038	1.77634	5.16064	4.36238	7.49573	5.3623	5.39703	11.0555	7.64671	8.22616	3.65838	5.3157	0.710746	6.66113	2.00962	4.08394	6.05563	4.64059	1.43236	2.77345	3.74314	9.58048	4.13724	10.0716	8.2857	4.64044	4.04524	2.8903	5.18777	2.36938	12.1229	9.24436	15.6111	6.52481	6.27748	12.1095	5.21471	6.51028	3.56704	3.30159	7.08042	4.77341	10.7	8.47446	18.6372	8.20406	16.3878	9.24731	10.9064	3.6584	2.51132	16.1274	22.0037	12.9601	13.7068	21.5518	16.0901	22.1903	22.4021	5.67044	17.8128	24.4813	23.8989	20.8151	10.6056	6.41212	17.5404	21.9055	11.9352	8.12697	19.4642	22.8505	23.1568	22.4847	20.2308	17.6972	15.7173	17.2455	14.7224	10.7255	5.31838	3.82193	5.4345	6.41425	5.78187	11.296	15.8077	12.5902	9.70513	9.60589	5.93886	4.84193	3.74307	2.70452	4.04931	7.69507	3.39089	4.25684	4.34785	4.23109	21.0453	29.6815	31.7723	29.6658	14.3752	10.3008	22.4073	22.1828	15.3594	6.39507	0.640679	3.14069	7.59823	7.38187	2.91199	1.4323	3.76397	1.81152	3.69239	7.44015	7.28722	5.93868	21.7286	25.449	21.1059	17.5272	2.38261	13.5787	19.7341	25.3056	18.9047	18.2022	10.4522	22.0982	21.3662	12.4373	18.3769	27.0026	29.0005	15.2526	7.97574	2.14606	4.68074	3.93924	8.21123	13.2065	20.1416	22.16	17.0979	2.33591	9.19634	11.3358	12.0594	14.001	3.42772	4.13724	3.4869	6.86744	7.66262	2.14606	4.48612	8.12676	13.4582	14.622	15.5225	13.1661	12.2242	9.7425	5.93868	3.75996	3.73063	16.6721	16.6073	16.1604	8.03923	1.29341	2.80732	6.56737	5.28618	3.74325	15.4482	15.6113	5.07808	19.4642	25.0448	17.5078	7.08046	23.6369	28.0329	23.7524	13.4321	3.7725	8.45436	20.8603	9.02724	21.6813	21.8478	22.7837	21.9145	17.8871	11.7997
9.06976	7.7577	3.4137	5.07455	12.428	14.4292	10.238	3.59311	1.08064	2.07123	3.10496	1.00503	2.54233	3.74282	2.30851	3.44578	5.42275	9.37428	9.81487	7.30562	3.93892	3.49543	8.87589	13.4993	13.1953	20.3529	18.8943	11.2313	9.95617	10.9465	2.86257	5.34137	12.8842	5.388	8.67522	3.23884	10.1857	6.13671	12.6331	8.13533	4.43301	6.9672	1.25619	7.25423	4.26364	3.19988	7.81932	8.25009	6.69547	2.24628	6.93417	7.39806	5.46854	4.57544	7.9752	7.26514	7.27763	2.77885	3.27262	10.4781	3.44562	0.355352	6.47856	3.73018	3.69201	4.44722	3.55346	5.6256	6.23445	4.60279	0.397284	3.93885	4.27111	3.14525	6.09568	4.00215	11.0206	12.8949	8.21071	7.66782	2.77316	3.98647	6.86681	6.7231	8.05013	13.6665	9.54185	9.95719	5.36187	4.2047	5.89588	7.30516	5.84552	3.65802	5.88538	4.8894	5.5925	15.0797	10.4485	11.3341	12.39	9.10209	13.038	17.9405	13.1839	7.8052	16.1111	26.0624	25.1969	30.8045	16.6472	6.02895	4.94353	7.60346	18.5544	15.9351	6.1947	6.4333	17.7862	23.641	22.455	20.1632	9.70928	17.3652	25.7658	21.4339	12.3708	3.4999	6.67471	6.51006	5.65877	2.41521	6.7117	11.5892	7.40013	0.53302	2.27412	6.16411	6.91592	1.51777	9.4644	1.82864	9.69144	8.59727	4.92446	8.61185	9.58483	7.51191	5.71653	8.6685	9.85822	12.46	8.72661	7.04057	9.33545	4.02177	7.95199	4.61307	11.7683	24.7669	28.9253	30.4346	33.6935	34.3814	28.6371	21.9717	20.9144	21.8093	21.0303	15.8711	11.0766	9.94987	5.38813	11.7691	11.1142	7.51557	5.91696	25.352	19.6215	23.4815	27.1188	21.1168	22.3201	23.9421	21.7633	13.3437	7.2547	4.93741	25.9485	23.4729	27.1085	29.2333	17.2788	9.97574	6.80537	10.2493	7.26525	8.81559	9.22866	11.6042	2.56073	6.87822	13.8293	15.8386	11.9341	11.9277	11.6919	11.0562	18.233	8.38619	8.87589	7.1624	6.37976	10.2862	5.93833	7.62772	6.9939	10.5641	6.2045	10.2495	10.0722	9.86526	9.99806	4.53076	2.33572	2.02504	16.9708	9.18697	17.3362	12.929	8.80186	7.27806	5.24701	3.58859	5.11159	10.3375	16.0544	11.0558	2.92784	7.61995	19.9588	23.5324	16.3672	9.02646	2.52356	6.23445	2.80719	7.60325	19.0253	3.01263	18.9136	9.22009	5.38788	6.01098	6.02918	2.89004
7.03738	7.90447	7.69962	14.2822	12.1368	5.59194	0.640556	4.81498	5.5359	5.8079	4.52021	3.27243	4.62289	4.6834	5.86639	4.6228	1.96156	4.38996	4.00166	5.38754	5.84529	3.39034	3.59256	7.90449	7.76329	12.4919	5.30878	3.72983	0.732485	5.84529	11.1873	7.65137	6.4565	11.5312	11.4844	8.38026	12.9792	15.0708	13.6952	5.78907	4.81498	7.80074	5.55847	5.16554	2.62136	6.48779	7.25375	2.75595	7.61876	2.88964	2.9383	4.14043	4.65326	9.0691	9.49441	9.12292	7.11603	1.13747	6.89756	9.98064	3.48623	3.65339	3.76332	4.91451	1.63747	2.62125	8.31376	7.96085	6.04143	7.38235	4.36154	8.99312	4.2597	6.82976	9.47967	7.1765	4.90182	8.13459	4.78908	2.38215	0.753729	1.96156	5.11081	3.25784	7.4551	5.1867	8.32123	4.84082	4.44315	4.34711	8.24924	8.75387	7.97435	5.78103	5.86122	10.5406	15.8479	18.6945	16.1177	4.2597	10.0701	9.4556	15.2265	10.6898	20.1211	15.8253	15.1364	25.9601	29.7163	16.9701	14.6563	20.3171	21.2107	3.40865	22.4612	18.2231	23.5352	20.6842	15.8307	9.68281	5.88499	8.75742	11.9115	18.9342	13.7505	19.4884	17.9795	14.2008	13.8322	18.2118	20.1612	18.9961	16.2582	10.5637	6.43011	1.28089	8.26032	13.6696	16.0005	13.5979	1.91279	10.3369	9.34733	5.45631	3.34837	14.6623	10.7615	7.58637	1.5279	9.83365	5.83989	11.6069	8.23764	5.43345	9.42538	12.4171	4.40443	8.29171	15.5965	19.7831	15.2119	2.91143	7.59666	16.2532	15.4006	4.14029	1.12347	5.40778	11.7111	12.3055	3.44531	4.53036	5.51627	10.4729	2.46668	14.4726	4.86679	22.4798	16.1647	25.5484	14.3024	3.6403	1.74918	4.76264	6.36944	11.9491	14.6627	10.6489	13.0456	20.8641	15.684	16.3822	12.7372	13.4419	13.5967	6.41328	3.74235	4.47474	5.62793	9.45599	14.3696	14.8398	13.2539	13.6714	4.60249	11.4619	6.80268	8.47985	19.9928	4.99026	9.05547	0.888258	8.81454	3.42706	7.30486	7.90482	4.81498	6.87715	2.86234	4.37926	10.749	18.5514	20.4157	9.69697	2.52347	3.26282	8.98452	17.0796	21.3297	13.6696	8.81312	6.93095	12.2865	15.9792	9.77822	11.1492	18.8137	7.45338	19.5985	23.9182	24.4297	16.5845	2.36892	6.01042	3.49975	6.49475	2.58507	12.3151	23.4236	20.6182	28.5687	25.943	19.6862	18.4538	20.4753	23.2732
11.5251	6.25588	5.9473	8.96984	5.14089	4.59872	2.58483	7.11532	10.06	8.13418	5.66891	2.91117	4.6089	9.99828	13.5751	11.3155	9.20026	7.99069	7.03688	5.82338	0.753663	2.07831	1.29303	4.79831	6.72182	7.12391	1.06574	1.67536	3.98549	14.5988	18.5034	19.9815	7.62627	2.47282	2.6863	0.640499	2.49177	2.68625	2.63891	0.88815	1.9853	5.13786	5.03974	1.52774	7.49802	11.3193	11.2929	9.16034	10.9194	2.71536	1.03569	0.732418	0.561754	4.31405	6.58207	1.08043	6.62215	10.527	14.3024	9.91154	3.09944	1.749	4.77223	6.23336	6.76979	1.67547	8.38459	8.40857	2.27384	6.9036	5.47036	5.4672	6.17304	7.77036	8.53132	6.04846	3.92625	4.13978	1.29307	1.88763	2.31486	1.35261	9.19337	6.43925	10.76	2.31492	8.11689	5.03675	1.25589	5.11342	8.29834	8.73918	1.6082	6.90386	7.25284	16.7012	4.65279	18.4434	22.4146	14.6858	8.13418	14.4642	16.6385	20.1124	6.31507	10.9888	11.7495	5.17402	9.02789	9.37238	23.0792	7.34845	22.266	3.37599	13.9398	20.5974	19.2926	9.69602	13.4222	20.176	14.342	6.01002	4.09433	17.557	23.9925	18.8832	7.66038	14.2986	19.5549	12.0064	5.59982	4.67966	6.58197	5.70992	4.98995	2.02458	6.60313	6.42951	7.10452	10.1944	12.9506	4.92382	7.32944	11.2729	4.51981	12.2811	9.53014	10.6631	2.30818	8.83972	14.1926	22.3845	17.5126	15.8139	12.2818	16.7393	12.2952	15.9716	22.4799	27.8558	28.239	32.3687	35.5588	34.2285	27.8478	21.9467	21.3197	21.8759	17.9773	16.2703	8.43047	7.99654	16.9	15.1722	9.47883	12.9682	0.905723	16.2385	5.54669	11.0183	14.065	12.4673	7.29771	7.77658	13.5677	17.1384	8.18687	14.9911	4.43576	14.1548	5.16526	11.9314	4.87573	2.31495	3.3149	3.40829	4.47427	4.75561	6.15544	5.03675	8.37953	13.1035	17.6767	16.0282	9.24451	19.2469	8.29834	21.3681	18.2518	3.89015	8.44461	5.38697	11.021	5.97107	6.39304	4.82113	7.49815	10.4838	7.39824	12.0695	15.6622	13.2602	21.9265	11.0575	6.72182	8.72867	6.89465	6.6846	6.75605	3.59222	1.7581	14.788	12.4941	13.0826	11.1011	13.6819	14.7412	6.13515	10.6092	9.83304	14.1401	16.0789	18.1011	19.3366	16.9985	16.0485	7.49404	14.09	20.5446	9.33339	21.5022	20.8805	13.6138	8.40146	5.30802	9.2926
6.73276	7.75195	8.63947	6.6655	1.29291	2.77239	1.51726	12.3091	14.2673	10.3553	7.87181	2.38169	4.17349	9.62585	7.58288	4.2883	11.8865	15.0636	9.06751	8.81135	8.13329	5.5993	3.59205	2.97494	4.38561	2.91072	1.78456	1.387	7.42049	16.9465	2.6684	17.3538	10.7015	0.502379	1.59823	2.63882	2.2736	3.15943	6.02758	6.29977	4.04775	2.13054	3.69097	8.38378	12.2489	12.6731	11.4445	15.5879	15.6243	1.12329	2.68603	3.57012	5.98876	6.38056	4.5572	6.93192	4.446	7.94196	11.1607	6.40937	3.14435	5.18571	8.13316	5.82279	4.51218	3.59202	1.78456	6.90294	6.20276	2.7094	1.08034	3.41265	1.08034	5.84402	0.532866	5.38651	5.25758	5.07322	3.77105	3.02208	3.69097	3.21357	11.1485	6.9455	11.393	1.52761	5.88379	7.47044	6.76955	3.53476	7.80303	2.41459	10.9213	7.69214	16.3379	17.4189	20.266	25.5216	13.8673	6.01967	2.93773	10.3885	6.90314	3.7292	17.1795	22.2328	24.9814	22.7462	10.7983	3.3663	20.0355	12.0795	10.9295	14.575	15.8271	13.3681	5.88393	14.8558	15.9133	8.62328	15.8839	9.73911	5.14962	2.07062	1.29291	11.646	17.2176	7.16012	16.4446	14.9948	6.50813	3.1989	10.7255	16.4666	18.6781	14.6806	5.14964	3.21361	10.5054	12.6787	7.61141	5.31339	7.36206	8.53055	1.08034	5.54313	7.49708	5.13751	14.0055	10.7189	9.57361	12.9251	2.54154	10.1947	3.022	9.61479	4.4423	5.51521	13.7312	23.0214	28.3571	27.1915	19.6143	12.5136	7.66001	5.55741	6.29977	9.41051	8.42238	6.92977	1.46445	16.9002	12.3931	8.37826	16.6024	12.9571	5.70128	16.2892	15.768	12.6731	5.86532	10.2469	19.4205	16.29	8.48229	2.8617	13.7477	18.8973	8.98631	16.6024	8.98308	18.3882	12.153	10.5059	12.2939	13.1391	11.8267	12.2746	15.5288	12.8214	4.78792	6.65858	8.6073	6.5792	21.3543	21.3255	21.1591	27.4834	5.49802	5.0112	6.73255	4.11298	11.0458	0.532866	8.68026	10.3087	8.13334	10.095	15.3437	11.0999	9.83989	23.3129	21.1483	5.74452	6.95639	4.43182	10.3785	12.584	8.85443	5.11307	5.84417	11.4714	10.7983	12.0853	3.49892	11.1592	6.15488	7.59523	2.8672	7.12358	9.43478	9.86304	12.5077	15.403	14.802	18.412	9.38946	9.21399	15.927	20.6569	22.8816	13.9803	5.71486	5.14964	12.3756	19.7317
13.5424	11.3306	9.15224	5.98819	2.88893	0.502335	4.60794	14.0576	10.8305	10.3934	10.8251	5.70887	6.05278	13.5971	15.1397	11.1211	17.9589	14.7231	4.21411	2.8615	4.78436	2.97468	4.13528	6.86422	8.16262	4.25852	2.49133	3.72878	7.15511	12.492	14.5101	13.9374	5.14895	6.43808	7.70742	8.53555	6.99151	3.82844	5.59877	6.72072	6.03981	2.41441	4.37806	9.81393	11.9454	5.01689	5.45506	18.4624	14.7612	5.07267	8.45073	8.60698	7.36176	6.03992	3.27147	4.98887	5.79822	9.43397	13.6102	14.5288	6.02688	8.82588	7.9314	2.07794	2.52277	0.887986	4.71869	7.79278	1.63709	2.71493	1.03556	1.43162	3.34727	4.26208	3.25693	0.956395	2.54139	5.43211	3.48516	2.41441	4.44551	5.10025	8.16253	8.31911	6.28174	4.17304	7.26236	9.71469	6.34095	5.10939	7.19418	7.81848	5.93323	9.1587	9.46107	17.7011	13.7702	9.68045	20.4991	18.8386	11.6722	7.29627	2.86695	2.30774	21.529	15.1461	14.4246	19.9078	10.8527	2.97459	10.9011	7.51279	13.3461	26.8457	29.1392	27.6562	18.3324	8.30226	14.8779	13.0985	12.924	8.88838	14.972	13.7427	4.94183	10.4817	18.5354	24.7188	26.5991	16.3646	8.06241	7.76114	18.3617	18.0223	8.4795	13.327	3.49413	2.3348	14.7298	8.37754	8.98236	7.39731	2.16704	7.088	3.41236	2.38159	2.46588	13.7348	19.4249	22.7856	24.2444	16.9552	3.49877	10.6286	9.86358	13.2503	13.9364	12.2056	11.612	11.6005	13.2138	15.589	16.5568	16.1815	14.9133	13.5942	11.8597	8.83834	8.43795	10.687	15.425	13.954	6.39206	20.5766	22.7226	12.9563	7.12301	22.5981	18.4213	15.2329	3.38939	24.4012	32.3539	31.4563	16.5938	5.01379	14.6591	11.7532	7.92759	13.442	5.50031	15.4687	2.13035	2.07043	1.77559	0.90556	3.90542	1.8874	0.887986	15.5011	18.8353	16.8452	14.5288	15.3486	15.0234	10.5719	26.3821	24.3811	7.37841	9.54299	5.98819	2.49133	9.05806	6.92917	3.25707	2.66815	1.52755	8.39944	13.1876	13.5077	17.8884	15.009	7.26892	13.1189	4.18443	5.77915	4.13528	11.6307	7.49429	2.00867	6.90244	6.91359	2.2243	3.37072	5.53165	3.74141	15.1703	18.9911	19.0511	19.154	17.5793	15.346	16.1306	18.7748	17.4834	10.8792	9.70248	18.2432	13.3387	12.1336	20.0805	27.5822	27.3856	24.7049	19.5006	6.65583
1.6369	1.35223	0.251159	3.92509	6.02643	5.35356	5.6672	8.62164	10.3985	15.4454	10.8795	3.88901	2.024	5.32421	12.4638	14.6583	11.9021	5.53371	8.83053	5.62319	2.66787	2.31421	6.76791	6.76563	7.6963	6.13343	4.18378	6.32803	8.44986	0.177592	5.48853	4.2691	11.1884	11.1455	9.64328	12.3577	14.5483	5.01031	3.79092	3.76192	5.59801	1.00454	6.01582	8.52708	8.14466	12.6043	18.6944	18.4743	8.12216	8.98097	7.44402	3.56944	3.90501	7.19129	5.82167	3.87283	3.5474	5.94594	9.90247	8.77836	11.06	11.0615	13.4246	6.19405	7.76814	9.02879	8.41134	4.26906	4.79688	1.24295	2.1375	1.8871	2.16671	2.00836	3.27105	1.52731	2.63817	2.88863	6.75431	3.33297	2.66197	3.15866	3.36566	3.03182	3.40751	6.5518	2.13745	8.81647	6.33296	7.58348	4.97272	7.81558	6.02625	7.98847	3.61735	6.23167	10.8516	16.1023	13.2921	12.9341	9.59872	4.0198	7.97918	5.17283	19.5055	11.6451	10.1692	10.2814	16.1472	14.5831	3.65629	10.057	21.1832	19.5475	8.35466	23.3724	15.9453	7.87064	13.6411	12.7915	1.35223	11.1843	5.1091	10.9193	8.14475	5.11209	7.52876	7.83735	3.1982	11.9049	16.9409	13.5551	18.8302	20.3638	9.82371	15.9478	3.09846	6.05709	12.2971	3.19835	9.43299	9.01	7.6963	3.31405	3.19336	2.30746	0.887893	14.0976	17.0819	13.5711	24.67	18.8484	7.73655	13.7454	17.1109	17.7189	14.4707	9.32931	5.84306	5.64503	8.87181	9.8995	8.79761	8.9149	9.62447	10.7449	13.3669	13.0885	18.6152	23.7425	23.8757	15.6103	11.4692	16.3529	13.5015	3.69026	0.732185	20.0077	19.9393	20.1139	12.4112	34.3732	16.7363	30.0895	25.162	10.0254	11.0721	7.42741	6.14111	10.7121	5.75694	15.5656	3.31396	3.13887	3.09854	2.07772	1.91206	5.14865	9.5229	17.4659	9.52257	19.9574	15.3564	14.6185	11.3294	18.5566	20.2524	9.62403	15.3059	11.7931	7.174	3.49824	5.64806	15.9111	18.2768	12.8741	7.06125	5.98737	6.48511	4.48713	4.13869	10.5412	12.0624	11.5988	8.60032	6.10044	4.31641	9.84221	7.50207	8.60076	4.31289	3.87272	9.60067	17.613	18.9685	16.1428	12.7633	4.4309	2.13013	3.13871	3.27113	4.04698	7.00192	13.6604	16.7242	12.1163	15.7378	13.0917	13.5745	11.9833	11.6313	11.7627	12.9151	9.6244	13.6441	16.429
0.251137	1.08002	2.31407	7.17325	6.05162	4.67784	4.83536	2.41385	4.14977	7.96093	4.8353	1.38662	2.86103	3.10337	0.561539	1.92012	1.13693	9.28913	12.3639	11.9211	3.4118	2.71435	7.0603	5.51338	6.50122	7.28209	5.49079	9.29378	3.55142	4.88667	5.65579	8.87104	5.85036	7.70569	3.19792	7.39554	11.5719	9.77184	4.75406	5.07185	5.84239	3.65595	7.54828	8.81052	9.58573	14.3368	12.6195	5.24417	1.43141	7.36837	8.64226	6.15336	8.89327	6.4368	5.14821	4.31251	2.41392	0.710272	4.43047	2.71435	5.39346	8.16098	3.59089	10.6041	9.41254	6.17077	10.823	8.09317	3.88869	3.13844	1.75733	3.27072	1.43138	2.77175	1.95259	2.13731	4.65107	5.14821	1.91182	2.02388	1.98454	1.08002	4.34496	5.31218	7.65789	5.85847	4.13449	4.59696	6.09995	8.04567	14.4863	3.99977	9.06501	1.91182	11.7121	12.2712	12.5049	12.6217	16.9757	10.2143	8.31741	11.0377	8.03394	1.85329	18.6504	10.2804	7.6478	8.74809	10.4148	9.95774	9.29373	4.43051	21.924	21.2164	25.5179	29.7007	14.1944	5.91396	5.75674	7.74188	12.8763	15.8757	17.2952	11.2421	9.60296	21.4717	24.622	23.6856	18.1303	7.41881	2.70864	9.39178	16.672	24.8051	17.0317	10.3405	8.05327	13.8972	14.4303	16.6958	17.5784	18.6981	14.7652	4.43069	3.65592	4.68099	0.905385	6.43658	13.2543	11.0431	13.6586	19.1163	19.9695	11.1822	1.19103	6.7538	6.9902	7.97856	9.33505	13.4758	14.4223	14.0018	14.3298	13.91	13.0862	11.6816	8.60002	4.26873	15.6557	11.0753	2.47179	13.1941	19.3743	15.2977	9.15009	3.2563	2.07761	12.0065	9.90893	6.0101	7.24379	34.02	26.1874	36.6716	33.5282	18.1977	13.3087	6.01812	6.40756	9.3736	7.7534	15.1431	4.13449	1.12297	2.50973	4.17233	3.56463	3.80705	5.9321	7.37889	12.1314	18.6779	11.1566	15.9262	8.1084	9.48982	3.76999	17.0416	17.6367	10.6595	9.93496	6.54414	8.81052	16.0887	21.0491	23.0921	17.7557	10.503	2.16663	3.93662	3.56912	8.09317	14.2964	19.0331	9.39178	10.1919	8.05327	11.8573	9.674	8.6407	3.72807	9.51534	16.9481	14.9825	11.0172	15.0378	16.6381	14.276	21.3512	25.5196	23.8411	19.5592	17.873	16.3376	11.5479	7.69564	20.7149	24.4062	26.6354	26.1224	27.0578	28.4327	28.2385	26.177	24.9827	21.2685
0.640154	0.710198	3.76115	6.64431	1.07991	3.6554	4.8186	4.3446	7.5821	5.9445	3.15806	1.74817	3.05187	2.30701	3.88828	7.97	8.42652	7.11195	1.91982	11.0903	4.08069	3.29905	7.153	2.8606	4.38766	11.4558	7.59251	7.88435	8.4044	1.75723	13.9321	7.98734	2.92586	9.85909	9.37148	14.489	14.3524	10.4786	3.65556	1.38654	3.25596	0.710198	5.82056	10.4487	10.4314	4.87357	4.70731	7.93913	7.8378	8.04474	2.13711	2.15909	5.04028	5.688	1.03525	2.31381	3.48422	3.27055	5.66336	3.54672	2.33414	8.59868	5.55791	4.76977	6.76466	10.5348	0.887744	6.98945	7.5106	2.5835	0.905308	3.44333	2.31377	2.12972	2.22364	3.26091	3.56875	2.31383	5.764	8.36083	9.4054	5.09891	4.65039	6.37554	7.20923	4.31199	6.86196	2.83861	9.25016	9.1409	10.5971	11.8319	5.416	13.7604	8.31666	11.2739	5.54124	16.8049	12.8409	13.3201	23.982	27.1676	22.7479	7.81409	13.607	17.8547	17.9421	20.4157	22.482	18.7049	8.0333	4.81865	13.0652	14.6752	20.1104	9.08899	16.5443	23.5418	24.0562	19.1104	6.22044	6.61893	8.30926	6.66988	20.5359	16.5968	11.5157	8.1242	12.8059	15.8776	14.2919	13.5611	14.9389	23.7042	23.2358	14.6427	10.8509	9.82185	7.69484	12.5119	3.01577	22.8186	14.1638	10.6373	6.00712	4.51744	3.01571	5.66603	10.0311	8.91321	13.2233	21.2027	27.345	27.3471	25.4698	25.3853	24.8444	22.9271	18.9515	12.5902	3.96403	3.4113	2.61974	3.79027	8.31666	11.642	13.7261	15.2742	23.3777	26.457	20.244	6.73697	17.2212	18.2121	12.0895	7.00046	4.13425	10.467	8.76774	4.04234	5.76418	17.6155	28.2531	35.3012	23.3992	0.251097	6.9295	7.24768	7.68896	6.62562	10.2131	13.8102	2.63766	2.61985	4.22784	6.82153	9.39081	8.59368	3.65554	4.17189	3.02092	11.1025	6.38769	11.942	3.1976	9.97081	17.5339	10.3849	6.17773	14.5921	13.6041	11.1447	12.9127	19.621	1.63655	14.9671	9.34012	4.65034	3.65554	6.70717	4.31558	11.7613	12.9945	11.0582	5.22856	15.3073	8.51863	13.7769	10.3048	10.5387	3.37436	17.0524	17.4469	4.09235	13.4033	18.5314	16.0871	7.58226	16.1551	10.0193	14.5247	10.8984	11.9451	13.4833	15.423	5.88161	5.4305	14.3717	16.7321	13.3941	12.3818	17.3298	20.1193	18.6209	17.6468	14.8743
1.95222	1.07981	4.15257	4.51005	2.38067	4.95878	6.07843	6.34809	9.13505	7.05243	0.177542	0.905229	3.19733	2.07714	6.05039	8.43475	6.18744	1.51655	2.02351	7.0853	10.3621	1.03516	7.46685	6.52171	8.26395	2.30681	8.51216	7.05268	9.33306	6.73644	16.9547	8.47628	13.4732	12.3363	9.98204	9.59652	6.37512	4.52736	1.13665	4.44374	6.25728	8.00001	3.96361	2.38728	3.29892	4.76604	9.07485	4.28261	0.731979	3.68923	5.55456	3.03108	0.251075	6.4353	1.52688	0.956027	1.81001	1.91975	3.75661	2.13685	4.09191	8.67586	5.06449	2.4714	3.70199	3.06192	6.54289	7.9248	9.55818	3.19247	2.38715	3.75661	0.396983	3.49279	3.27009	2.8604	2.80503	2.805	10.1543	6.2522	9.00758	7.95561	0.731979	7.88955	4.6803	11.2225	10.4534	6.91108	9.47381	15.0498	16.87	11.2506	6.57834	16.6882	15.2278	10.7263	9.08651	8.20242	9.31827	22.5253	14.3033	13.9319	20.7184	10.2417	6.71818	16.1141	21.1738	19.9392	15.273	8.39667	12.1261	12.0898	3.02065	6.71818	7.35026	8.46004	21.8881	18.71	15.8593	16.1634	11.6404	2.46493	0.640129	9.22788	18.5128	20.9492	26.7688	28.2814	22.9582	6.92673	14.2213	25.5561	25.4381	10.371	3.6508	12.9658	13.8071	10.0903	3.31303	11.8911	8.28626	22.0345	2.31363	7.39242	12.2937	2.46504	6.57827	9.46865	7.45019	8.26411	15.5246	20.5131	18.317	14.9433	6.79828	1.60731	8.21959	13.262	14.6415	13.9116	15.6963	17.4436	17.9929	17.4682	14.7102	8.54827	1.25523	4.28261	10.7209	15.985	16.5365	15.9802	22.9638	29.817	23.4954	12.4377	4.92099	7.62183	6.57834	10.3667	12.5515	16.3787	22.5776	19.6111	8.98042	8.43993	13.4592	12.9834	8.56451	2.30685	9.82718	9.83495	7.17213	7.59792	10.8491	13.3337	9.32674	2.63757	4.31161	4.66009	3.15778	7.98626	4.83761	10.8265	6.25211	10.141	0.355081	17.9811	18.2592	6.72494	6.98865	7.44813	5.49835	21.6945	15.287	21.9418	16.424	7.26614	13.1238	16.4731	16.71	15.3954	7.98626	1.98418	7.98242	13.8638	12.2442	12.316	17.8764	17.8008	4.47199	15.5826	10.1887	17.2462	23.3677	21.4911	15.24	15.7405	23.7634	21.5357	21.921	18.353	16.9728	15.971	15.2867	6.21236	2.27241	6.01674	6.72967	14.3149	19.0129	20.8289	17.9675	14.977	11.2613	8.7202
5.78472	3.21179	3.5898	4.92341	2.22321	4.81768	5.16184	10.4425	12.5066	6.48534	3.54598	0.710067	3.93555	5.41499	6.48273	0.396965	10.335	10.2912	6.4829	3.73948	10.6009	7.93723	4.83406	6.37701	11.7177	12.9834	13.1048	8.96798	6.27898	5.69776	13.1803	9.40527	13.5582	1.95203	2.93608	1.3863	2.49014	1.43095	3.90356	8.86839	4.96162	7.214	7.30949	1.63621	1.50596	6.04953	8.90947	6.77253	5.55712	7.21434	7.95492	4.81132	2.19476	5.91191	2.75377	0.753161	1.24249	1.68371	5.62365	9.51283	8.82211	3.01515	4.42922	4.04525	5.94376	7.63939	3.76052	4.71646	3.19708	5.62388	7.0672	7.34989	6.38646	2.36718	2.5214	7.93775	7.89893	2.97326	7.32436	10.6863	11.3609	10.2115	7.19079	10.1937	7.65575	10.2305	5.88045	1.51639	4.83396	2.93608	4.28564	3.65495	5.39215	4.12191	9.42954	6.2091	9.53853	16.2006	0.502088	19.6289	24.5061	17.4636	10.7975	14.8368	17.1124	12.4115	7.41625	3.83486	2.02333	4.07991	21.7863	7.27383	13.7886	3.25553	3.03593	9.2204	20.6528	11.6477	24.6663	24.5855	12.9105	2.95191	8.25783	7.8305	4.31477	11.4239	15.0024	10.537	2.19476	13.8341	26.066	30.7449	34.2196	28.846	17.5502	11.5795	3.89954	7.11964	4.86283	4.67628	13.5669	12.3393	8.46103	5.13446	16.1574	5.51191	8.27784	9.70984	7.73967	12.6182	15.0367	20.0078	24.606	22.0138	19.8132	21.3495	22.5421	21.718	19.3666	15.9857	12.7858	9.88216	8.21888	6.37433	7.15606	11.5446	10.2248	4.44001	2.46482	5.16155	20.7241	21.8946	7.6194	19.1104	22.5774	8.32026	3.80592	3.19708	6.02422	6.10861	5.62113	5.70614	5.28092	6.09847	7.83644	9.8954	15.3353	13.3413	21.1968	24.0992	26.9724	27.2043	24.2552	17.9261	11.6783	3.34585	8.81324	12.5775	13.4321	10.9378	10.5202	6.04984	2.75961	14.2928	10.7716	0.502088	18.1312	20.5617	8.42463	8.98128	11.2603	14.4231	7.98595	14.4607	2.70192	12.9134	12.2528	6.88092	17.1561	8.76653	19.9955	11.2849	8.54748	7.6617	2.27217	11.3604	18.3056	12.8695	19.6126	16.8579	3.41071	9.72723	15.5636	19.576	15.6919	10.0576	5.53995	3.58551	14.3328	18.4208	17.4922	15.2163	15.2012	13.2078	6.27898	1.96006	4.04163	6.76342	8.50627	13.1727	7.69389	11.3036	8.20376	11.5949	12.8728	11.1978
3.37344	5.24215	3.38744	3.9628	2.22311	5.63134	2.07674	3.73932	4.60868	1.63615	3.19185	6.65175	7.68696	3.3455	6.24861	12.1109	12.8589	6.89859	7.5882	9.50393	9.74656	9.85613	1.43083	1.19062	2.85988	3.02014	3.00957	1.78336	4.14804	11.207	8.46025	7.98474	9.35056	6.54873	10.8346	11.6387	4.76861	1.27985	5.1611	5.87978	5.58717	9.6701	6.34687	0.905054	3.02007	4.93251	3.90307	2.36689	0.639975	1.35159	2.27209	7.42204	4.28545	5.38278	4.46049	1.68348	1.25497	1.51625	6.0078	8.86223	2.52131	5.06986	7.11859	8.22323	2.13644	8.22323	4.25607	5.94314	2.22311	2.63695	5.62308	4.22646	9.69655	3.4059	9.33755	4.04877	7.0115	5.8799	7.11893	8.99421	8.18064	4.98614	1.27985	7.66074	7.68708	13.4393	11.2711	7.81004	12.6322	12.047	10.395	5.14621	4.47113	4.44288	3.65026	13.0044	9.41743	13.3307	4.28162	7.82942	7.9809	6.5769	13.5575	22.6413	27.3636	29.4349	19.736	2.07681	1.25498	5.98451	21.4359	4.48494	11.8589	13.8208	13.0554	2.38021	15.9978	17.7929	19.5214	7.03349	7.39101	11.7722	7.37419	2.70747	3.02006	2.33345	10.3414	17.4739	16.1402	14.6157	25.1516	23.0346	20.7084	24.7198	3.58523	5.67274	12.5018	15.1042	18.9658	19.9859	19.2835	7.37431	7.20474	9.83309	15.9807	3.05101	9.32454	7.27926	5.51144	11.9231	18.2712	11.4498	6.66834	10.3691	12.4736	11.1846	5.33631	5.73007	9.08685	13.5684	19.9143	22.386	21.9543	19.6544	13.4221	3.65026	8.70058	3.58523	3.26951	2.77633	17.7613	25.4994	25.2902	16.516	17.1547	11.8894	15.3347	12.4925	6.43439	8.18064	10.9805	11.3242	10.4516	6.9521	4.44299	2.33345	16.6386	15.6027	4.52649	0.640006	7.11856	6.8713	6.13813	8.7931	7.03382	11.6387	11.5614	5.53118	3.75589	2.71336	5.65363	8.74957	9.34933	9.73245	5.40316	18.5008	18.5185	4.78486	16.3715	8.08984	6.71656	5.53946	13.8587	18.5269	11.6248	12.5016	14.7021	1.07962	13.6604	20.9967	12.9092	6.87158	16.4761	18.6773	11.9391	6.01299	12.5854	21.509	19.9624	2.63706	7.25835	2.58285	6.63311	5.31293	9.60897	14.6871	16.3074	11.7356	3.96297	2.31323	5.75993	8.04261	6.86039	4.78499	8.28468	8.47665	6.67994	6.99422	7.66901	9.43957	6.40282	16.3416	11.0878	9.15199	8.45843	5.35104
1.35145	5.40268	7.44836	2.70719	3.09679	2.5397	7.98443	8.25627	4.95736	1.06483	1.50567	8.84237	6.94005	8.20203	9.68346	8.92528	3.14195	4.26664	4.55361	3.442	4.28481	6.7159	2.80424	2.02294	3.81772	5.49693	6.04878	6.3171	6.89102	10.8566	3.36387	12.6355	5.84756	9.61224	6.66042	9.44664	5.06939	8.75969	6.43383	1.68338	6.05366	5.16056	1.80949	4.3753	4.83643	4.95736	3.09679	2.41277	1.91098	1.03486	3.96239	5.39084	2.66055	5.24167	7.0309	6.45052	2.77609	2.53959	5.64456	5.94489	6.33672	3.76821	11.0482	7.11782	9.42745	4.98562	5.03532	5.07224	7.58747	8.57988	9.67571	11.8807	10.1918	4.09083	10.7468	5.90304	4.68878	9.84945	8.47393	1.5161	0.904946	4.60484	7.47935	9.17757	6.75058	8.50968	9.93918	3.98208	10.6934	4.86189	9.12565	3.92272	3.01988	7.69191	1.52643	5.75931	10.9453	5.71603	7.2577	12.8716	7.00463	8.50423	13.0805	4.96049	10.2657	25.6143	21.4479	1.63589	0.95571	5.50505	16.1589	9.68312	12.8349	27.1017	27.762	18.2372	4.28507	8.03036	3.42377	10.0488	12.4998	12.2219	6.04358	8.17939	5.79429	5.77556	7.11801	1.80949	4.37509	6.79599	19.0103	22.6002	27.6138	22.0107	6.87325	8.6754	8.22239	5.40268	9.73188	6.65353	8.92486	9.17757	10.3708	13.1647	11.591	3.21112	9.93023	10.565	14.5948	11.8181	21.0089	10.7899	6.09701	7.24054	16.0355	25.9754	30.9978	26.9306	26.0967	22.7043	11.386	2.27173	2.88701	4.83322	10.1992	9.85566	8.50278	2.95153	2.50859	7.57946	1.24225	13.6154	19.1798	9.06056	9.14584	6.16813	4.63522	10.3922	2.38644	3.23544	4.04086	6.53879	8.33563	7.03753	3.14207	3.36373	10.9342	24.3519	28.7126	29.7627	28.7758	26.0536	22.6726	13.4873	1.0795	10.301	16.0579	19.9883	21.1838	18.3218	7.71621	13.8177	5.38225	9.7086	16.5692	15.2487	4.18137	6.17559	13.494	5.26247	12.1437	6.20791	17.3959	11.5672	9.91023	18.0304	12.2362	2.50848	3.80519	3.09679	11.1406	14.4556	6.08459	11.1508	10.3591	10.2571	6.15019	12.0109	7.65388	16.497	13.434	12.7529	8.07375	2.15823	2.61888	1.4307	5.87923	10.3734	5.31242	4.81701	8.50465	12.4726	14.3353	9.95343	4.28118	4.37509	0.887417	6.10483	4.9228	3.50988	9.67548	10.5475	3.21117	5.26224	6.88879	4.43915
5.85751	3.49592	4.39959	5.71524	3.14175	4.89669	5.20544	8.83143	8.04262	2.55781	2.15807	6.53803	9.51025	8.12633	5.77472	2.71284	5.78302	4.35697	0.887302	3.33075	3.58449	11.7602	14.0064	8.1264	2.37975	1.06472	0.731697	4.13609	6.31646	4.13211	7.94298	9.14992	0.90488	9.4152	7.49091	11.8956	5.09651	6.76344	5.34975	3.98175	2.75306	9.46552	8.66412	3.56706	1.80931	1.35133	2.63653	1.38589	3.23519	6.81841	4.32458	3.56692	6.40634	12.3749	18.5716	21.2224	18.1272	7.5074	5.37303	3.54937	3.96209	3.03501	10.5524	7.12624	11.0544	5.26172	4.51527	9.56554	5.87866	1.35138	5.80183	3.96216	4.13211	1.63575	8.93767	10.3695	10.8173	12.644	13.4973	5.25284	2.38623	4.67494	4.25157	6.77042	6.9973	16.0709	11.6825	6.71545	10.7319	5.81782	5.64129	6.04792	2.75299	6.22737	10.5286	11.1945	4.59431	10.3041	14.6329	7.41456	7.73114	9.68697	14.3333	11.6378	24.6918	25.4023	12.5452	2.86485	2.00713	3.65368	9.80354	14.4272	22.469	18.4705	21.3812	25.2888	4.26636	6.27704	11.2092	9.22483	7.18869	8.7726	10.7168	16.3389	18.7578	18.4142	11.435	2.37965	6.13718	8.16585	15.9747	23.273	16.3667	11.8508	23.287	19.678	16.9641	18.0475	12.6313	15.726	13.0232	8.34944	9.89117	8.21607	6.81814	6.71544	8.60363	7.63506	10.0248	13.3286	22.9285	9.21784	6.53803	9.00417	17.9672	12.0444	13.4842	4.3747	8.13396	19.9482	17.4582	7.93715	3.65384	2.63655	2.90822	4.31003	5.3237	3.61502	8.58938	9.17687	12.3793	2.38636	14.3856	12.4077	5.48489	7.79264	13.0235	10.9001	3.26888	8.82474	8.7011	8.26081	6.00665	2.07641	9.07169	13.0598	11.9469	1.77422	6.15745	9.0162	8.13396	7.65948	6.22756	10.2083	14.7505	10.7505	5.26177	2.85925	4.18122	14.7122	13.9047	9.6304	8.35868	11.8994	5.46512	6.14983	10.3918	3.72594	10.2162	19.0381	17.9618	16.7368	23.1564	14.9139	23.4151	15.2473	2.58235	8.60209	18.8569	26.3748	25.576	17.5831	13.0435	9.20626	12.3316	24.4424	27.6741	21.3002	8.42217	18.0583	13.8182	12.7425	4.48056	8.35688	5.77472	9.23306	13.5324	10.025	0.250979	5.55538	9.25581	12.2774	14.4195	16.2894	6.92395	3.63649	3.93428	3.13662	8.45862	12.9068	6.57594	5.5105	11.8395	11.9255	7.85751	8.76398
8.64544	6.9568	3.15645	5.34954	8.11629	1.74726	4.46988	5.62149	7.89545	5.58544	1.13617	1.24201	3.40939	0.56114	3.81699	6.51616	7.23713	7.37226	6.9233	1.75613	11.6554	10.8714	12.769	9.52963	3.759	4.57007	4.98467	6.67764	3.65354	3.01391	3.33028	7.14898	1.98322	6.04215	5.63006	9.00323	7.42212	12.2691	10.6554	5.65204	7.68446	1.43037	7.36339	2.24358	2.70667	1.63558	3.01408	4.25859	9.22344	10.0136	10.2076	1.91872	12.0738	12.896	13.9854	20.6429	25.222	15.525	4.63441	5.68485	2.3057	2.70667	6.27619	7.41987	2.38615	8.6009	2.25757	5.87804	5.68477	4.25485	2.85913	1.00378	2.55754	2.22249	6.67764	12.6049	9.53475	15.2797	16.2748	0.955572	6.26912	1.58687	3.06051	5.79318	10.6525	11.2598	2.66586	6.62212	7.0905	8.26021	12.0327	5.70946	6.0525	2.65995	3.51788	9.56456	5.38122	12.9597	11.445	6.44914	6.99621	10.3249	7.66649	19.2162	20.9042	4.21059	10.5162	16.7022	16.2023	10.3269	1.95933	7.73673	23.4134	30.9411	29.3303	22.0379	10.6689	16.3025	12.5057	7.70454	4.07861	8.35758	1.63566	9.23558	17.722	21.9675	21.0231	16.7753	7.34671	2.31252	5.55499	6.87194	11.8943	17.9593	8.39985	15.6668	13.5646	16.6247	21.8968	22.4025	6.30831	8.64544	8.97435	5.84649	10.0604	12.5904	2.53918	11.5289	17.4128	15.1152	11.445	8.26	2.24348	6.81746	14.5871	23.1248	25.901	21.4072	20.6531	21.7117	16.1036	6.79481	2.31252	1.38567	2.36627	2.46387	3.01921	1.0346	11.9378	2.93495	10.527	6.50203	12.7492	10.0643	12.2148	22.1561	24.9231	9.02207	13.5695	14.1413	15.6465	18.0768	13.5911	5.48733	5.8569	3.06044	9.12898	4.35634	2.37941	1.78284	0.501895	3.92197	2.31243	11.9454	18.336	10.9337	7.50633	5.98313	13.2128	15.9367	14.2631	5.53783	3.99706	9.32182	3.25408	9.57247	7.5879	12.9373	11.6981	10.5291	7.3639	12.9499	22.5129	21.2041	15.0806	2.837	7.61844	15.0966	18.5424	15.3845	7.40754	11.9628	22.0902	6.4972	22.2086	17.9036	28.3977	29.4015	1.74726	12.2909	16.5229	10.4386	11.0828	14.8663	19.6158	13.551	5.03435	2.36627	8.02848	9.68628	10.5972	7.4197	5.66288	13.0321	8.66288	3.36781	6.04753	9.63627	12.9817	6.36219	10.1495	7.46328	7.23702	12.1074	13.502	13.3364
7.09654	7.04865	8.69902	12.5194	12.0413	10.3606	4.26532	3.01377	3.7669	5.85639	2.16496	2.14306	1.38555	2.70064	2.46988	2.88605	3.54419	3.75445	8.28154	8.46955	11.052	13.8154	15.578	13.3544	6.85767	3.50884	4.6574	9.80168	7.4463	7.58745	3.19554	5.59341	10.0639	5.46408	4.0395	4.08951	4.34163	5.85914	3.98099	2.66558	8.62874	9.26912	8.9906	2.76962	5.75743	2.68318	5.13187	4.08963	13.7993	9.49553	12.3519	7.48533	12.7111	18.8991	17.5726	15.4765	23.2989	19.0978	2.63593	4.26532	1.85186	2.88605	2.14298	3.40903	5.85919	2.13567	6.95835	3.73771	6.93827	7.33997	4.08955	3.49077	1.12211	2.48892	2.90766	8.28891	12.5198	15.8684	9.85265	9.20452	2.80338	7.44401	5.49519	3.68729	9.45219	1.75607	9.56383	9.39925	10.7036	7.41295	5.65127	9.94416	4.67425	10.6685	5.20419	10.9691	5.66235	11.8544	12.7111	4.12012	8.54345	9.14852	10.9322	19.6856	11.9618	11.224	19.13	17.1631	15.4911	12.9042	5.15915	2.00663	5.93021	15.1134	9.51949	7.11599	15.1775	12.2615	11.1374	14.4516	5.38933	13.7677	11.0348	5.09554	7.8307	17.7203	23.6612	22.6482	12.3808	5.55158	2.53884	6.67739	5.09536	14.7635	19.5239	20.976	11.0295	5.25209	7.87333	7.41089	16.218	25.2702	24.6325	19.4015	12.6918	9.94912	15.5061	7.57711	6.40511	4.12012	6.99572	6.96467	5.59341	8.84024	2.85883	6.55802	4.61717	4.04333	5.62115	12.4293	12.1706	4.53508	1.78269	3.14105	2.61799	2.50776	4.53531	5.88574	7.20415	2.84224	5.3809	14.4748	11.2802	9.89386	19.1862	11.5587	27.9278	8.37514	10.6764	7.6035	10.3709	17.902	13.2621	5.38088	6.04181	10.5293	14.1848	12.1407	10.9037	8.46989	9.74269	15.6958	18.8707	4.6036	10.1355	13.8278	8.0738	14.8206	4.79279	4.13515	8.46434	8.93639	1.98301	9.67099	6.09546	11.5894	15.1287	12.0632	4.96851	1.80892	1.91035	4.83159	5.88546	4.03961	1.91042	1.85191	5.41253	15.0802	22.3409	23.8669	26.8179	28.406	22.4417	10.8664	25.2541	19.5307	27.806	30.8768	2.85883	5.75233	4.1353	8.25726	13.9753	13.6673	18.7409	14.0188	5.03397	7.42138	10.059	7.31245	3.04984	6.87124	13.0763	10.8815	3.2586	6.89586	5.61839	4.64731	6.48674	3.96144	10.9799	2.85878	3.58825	2.88605	5.64298	4.01636
2.31209	4.76635	14.221	16.5395	5.25433	14.7003	9.86249	6.24819	6.09498	5.48337	1.68269	2.70632	3.83265	1.95897	3.65265	1.46275	2.33239	6.89526	9.89329	10.9354	8.50693	13.3602	7.8944	7.00162	5.40037	2.50763	4.95863	7.02811	6.04129	6.16578	8.42896	10.4248	14.957	16.5569	9.67169	0.95539	8.85132	8.80317	9.75906	6.00498	4.47945	5.703	2.02216	2.15746	3.88519	4.83138	6.70196	1.74692	10.7764	9.01699	10.3553	4.25779	7.59869	11.802	15.9803	21.4714	23.7202	12.1602	5.20373	3.13575	2.88585	4.61676	5.75723	4.72361	6.43105	5.50885	4.44096	8.36886	2.61776	5.87702	6.22552	5.71365	3.58349	3.1952	1.88532	1.03447	4.4829	3.44074	5.10728	5.9817	5.38041	7.75891	6.85693	3.69964	7.20352	5.14354	10.7652	8.85818	4.68713	7.60284	18.1609	12.1689	16.6099	7.1156	16.3097	5.34826	5.32222	8.08604	9.46246	9.05723	16.9113	11.8964	18.9405	18.9115	19.1691	18.2205	14.8784	7.16716	15.9027	15.2667	8.13722	2.63582	3.81612	7.96568	7.54202	13.5686	9.91776	5.03052	12.7102	1.98284	17.5021	14.4233	3.03416	19.6187	24.0375	26.411	24.1806	16.3182	8.22352	7.40617	9.05723	5.13155	5.70283	13.1781	15.4314	11.7212	15.7729	16.9481	15.6643	6.3854	12.6901	15.4744	4.45839	18.5013	16.9786	19.9404	18.1729	3.88938	20.1843	16.6107	16.0197	8.47233	2.75788	4.47931	6.38273	10.4362	4.95865	11.413	11.6717	17.7163	22.8072	17.7498	9.08262	4.22467	1.27918	3.86907	4.59283	10.7531	12.9762	7.24439	9.46737	10.188	12.3667	15.3426	8.21379	24.4837	30.9983	11.4683	9.82111	12.6115	15.7171	13.4211	1.52594	12.5328	14.4306	16.0941	15.5731	9.04731	5.38041	2.75802	21.796	21.7757	23.8868	17.502	1.63537	16.5981	11.3808	21.5112	7.5053	15.2628	24.3937	22.7718	14.8669	7.87265	0.561057	5.15891	7.95044	4.37348	1.38543	0.887075	5.70283	8.31037	6.79606	2.53872	3.69964	4.28343	2.84201	7.73532	19.1198	23.4569	19.3206	12.9248	5.14357	9.93559	22.9419	17.5422	26.7976	26.5614	9.14248	9.5903	9.02039	0.904608	10.6295	18.6641	18.7767	5.88788	10.8364	13.3603	7.3457	3.79142	3.19533	4.86011	5.65912	9.70497	12.8864	8.74594	6.40213	5.69455	7.02804	4.83138	10.1821	9.46771	9.85203	12.729	17.8267	13.7882
2.13532	1.03436	10.6492	19.8386	15.3393	18.8352	9.65059	5.77278	4.95825	2.80287	6.47835	8.66956	9.26737	6.82029	1.12189	2.46303	0.904531	3.72449	9.53203	7.71251	2.95009	4.59235	5.88434	5.65853	9.66598	2.4115	3.9802	6.78367	4.13443	4.20936	10.033	13.5429	2.24292	17.09	11.4575	1.38535	9.21435	7.61626	11.1899	7.2603	1.38535	2.30504	5.50811	2.6827	2.85815	4.76587	3.91295	1.27905	7.24115	4.28279	5.62002	6.16513	3.92086	5.46279	3.2677	4.93602	7.61602	1.90998	6.36036	7.82921	8.59897	7.29448	5.25997	6.76793	11.2525	0.793317	4.83408	4.08872	1.67313	5.3215	8.7881	5.6281	2.46941	3.75798	4.89481	1.25424	3.38531	2.50728	3.20962	0.396694	3.25317	3.26758	5.13088	0.532203	5.23903	4.59579	8.75507	10.4239	13.5759	17.141	12.9971	5.7078	21.1829	15.5618	12.6389	11.2966	14.966	7.38885	9.35991	11.7006	14.5877	8.23755	20.3117	21.2048	13.8809	4.61615	14.1855	20.3273	11.2142	4.7821	8.80735	1.90998	7.24348	9.25555	9.7626	5.15822	5.41149	2.38544	16.2056	19.7533	6.7678	14.4861	18.3195	13.0275	9.55095	12.4286	17.3343	19.9953	17.4047	11.2742	6.88773	3.26758	12.2447	5.39114	17.2014	7.77587	11.3794	15.1791	21.5317	16.0089	19.2276	26.178	30.3373	25.3637	11.991	6.81581	3.89691	14.0162	17.2185	7.76582	22.1585	9.7643	6.81321	2.93397	9.6707	11.279	5.48572	16.2287	18.5912	14.4092	10.1334	13.3122	5.71305	3.09531	2.48213	2.6354	8.47145	11.5263	4.60603	6.86736	10.0435	10.7333	9.05629	1.78234	17.0626	19.2869	8.85719	7.2031	5.48572	5.75663	11.7215	18.3398	20.0179	14.3739	5.70231	12.1683	10.8515	4.42984	7.11483	6.95477	20.6401	19.0754	21.0697	15.3404	6.96366	5.69398	11.7518	15.7585	6.21514	25.8258	12.0496	21.6319	17.3487	6.8767	14.2832	14.6079	8.73965	4.95498	2.50728	1.24165	6.15478	5.00803	4.00759	5.79961	9.34553	3.80356	2.13525	6.62932	3.80339	6.88775	11.2437	15.2617	12.6299	3.93277	19.9003	22.0373	25.3409	17.3014	11.0932	7.54124	12.5868	14.4289	10.4322	7.23707	4.16823	11.9345	17.857	9.38289	8.28163	9.57666	9.61454	5.39142	3.49024	4.07731	5.49425	11.2581	6.59453	5.87671	13.7622	6.07387	4.75583	3.75373	2.76909	7.36983	10.7012	5.72668
0.396643	1.00334	3.48084	11.5435	5.25952	9.12734	8.75289	4.60232	1.46246	2.14238	12.1124	10.8715	8.24791	8.46721	4.81406	4.78171	3.56523	5.87594	8.66853	2.58113	3.65209	3.19459	6.79221	3.36654	8.85643	4.308	5.5078	7.41699	2.50715	4.89449	5.98055	10.4445	14.3274	18.1696	8.65459	2.46293	6.94066	7.10548	8.2254	4.92925	0.560949	2.16424	5.79882	3.09504	4.70272	2.00607	0.731369	1.82569	6.99366	7.26602	4.78182	6.42031	2.46919	6.22452	4.89449	2.1931	4.89439	6.3331	4.14923	1.38516	1.82577	3.72409	1.74652	4.72259	8.01018	6.22444	2.80249	3.34328	4.04238	6.36225	11.4656	5.37922	3.79088	2.31169	4.81406	0.396659	4.26413	3.38508	4.79149	5.4254	1.98251	4.75567	5.38803	3.01293	4.26426	2.37863	4.64596	3.80322	6.43007	5.14258	6.72388	5.83645	8.37278	6.36225	9.76361	19.7724	17.0808	9.08051	10.7005	13.9957	20.6934	23.8484	19.6156	25.0736	22.0976	16.9557	18.2033	13.9335	7.69769	7.05968	12.1187	9.88806	2.33194	9.9339	12.7772	17.042	14.448	14.7191	20.2312	13.5917	17.7524	13.6176	9.82667	23.775	29.8898	27.7487	26.7348	26.4634	22.5528	12.9224	2.84145	7.72988	16.7295	17.7624	10.4229	7.44215	6.49954	8.63322	10.3211	2.69998	4.76531	1.95859	5.88382	7.98561	21.9227	26.2516	22.0823	9.17561	14.2542	22.8541	19.2622	3.65209	14.1441	8.19769	12.465	8.17486	2.36537	6.00383	5.55277	9.12274	11.6696	11.5809	1.46246	2.75176	3.69882	2.0217	8.84265	10.5133	11.4256	8.8378	17.2226	19.3669	4.34042	23.8205	13.6261	17.7374	31.9353	31.2379	25.9656	24.075	23.0296	15.735	7.11392	16.2521	20.6934	20.3867	14.2341	9.76843	7.3611	5.1579	13.9799	19.2353	20.3113	3.50767	20.9238	20.576	17.5543	13.1712	10.9296	20.5681	19.9401	26.748	8.12236	17.2423	21.4045	24.6899	18.2172	10.0143	5.66898	1.13573	4.43994	4.98284	9.28418	5.22364	9.21355	3.01798	3.79088	1.52557	13.6261	23.3817	24.4317	22.8976	21.525	7.61552	8.91991	12.3405	10.9335	7.20248	15.5686	12.7991	14	21.5135	22.3551	5.52453	2.48191	15.7812	17.7312	13.3954	17.1904	7.87739	6.85577	7.27484	7.36946	6.9829	6.17207	5.48505	9.51355	18.8339	22.0809	17.5291	5.30074	5.70165	0.396643	4.83031	11.0315	2.53821
1.78199	2.85778	4.85867	13.5633	13.777	15.7689	17.4495	14.9065	6.88425	4.28207	11.4097	9.36136	5.87535	12.1357	8.4809	6.61215	10.0088	4.16757	8.87613	0	4.72212	4.32216	0.886767	4.43621	2.88489	6.85527	9.51143	7.25292	4.51292	5.03524	3.97965	1.07881	10.3566	4.37936	6.51324	8.37234	2.22144	3.93202	3.75302	4.78123	3.64752	3.48061	2.27022	1.68226	1.63492	4.83002	3.69859	2.13488	6.71144	7.73264	2.63508	4.7484	4.48162	3.79055	3.13482	1.80829	2.3114	10.8211	14.5967	11.5427	4.86854	2.02146	4.67225	6.49383	3.37085	6.08017	8.5095	4.59509	0.886826	5.53523	9.28318	5.13312	2.488	1.68226	6.96438	6.01909	8.89677	2.61714	4.51286	3.03328	6.0032	4.59492	6.00875	7.51964	6.89318	2.63508	6.70936	5.88359	6.01891	3.64752	3.38489	5.758	1.07878	12.5991	16.3157	5.05964	22.2655	19.224	14.8933	17.8963	21.5064	24.2092	17.0658	10.4216	16.2807	14.4143	6.78238	4.28589	12.0686	13.5795	1.74634	14.6248	8.46837	3.4215	7.36882	8.03663	10.6374	21.3025	24.0273	23.5857	19.814	13.8816	23.8348	7.5845	13.0937	13.2664	13.5413	16.3347	23.0096	21.6456	13.8517	9.94554	11.2191	13.3213	12.0621	20.3083	27.5273	30.5218	26.0053	23.712	25.2175	27.0416	27.4146	21.9358	20.3822	11.9901	19.9475	11.3391	17.1434	17.7355	4.80728	19.8953	14.6656	11.668	13.4332	5.85701	7.96959	11.2123	9.94554	7.53392	7.23575	6.73	7.10483	7.77473	7.94818	2.7686	6.56951	7.13724	11.7634	5.20254	24.3364	19.3521	22.3478	24.9777	21.6252	28.5545	18.1111	16.2281	14.1427	17.6203	21.9867	26.8218	22.9561	8.12195	8.96041	20.0557	18.2677	10.0738	5.75563	4.42566	3.73628	5.48475	5.54957	16.7147	19.3521	12.825	16.5927	8.25468	11.0373	3.82334	14.6254	11.7293	7.655	19.8893	3.03328	19.8502	16.7642	8.46637	4.82974	1.00324	3.09965	1.95035	7.82932	10.9375	8.93315	15.9165	12.8314	16.6769	24.4249	22.0356	12.1107	15.6539	20.3952	6.03959	18.8144	20.9643	18.2319	14.2928	9.1269	1.77317	11.9901	20.1622	23.6587	6.57188	1.29106	13.4691	17.7486	17.5315	11.8098	7.19725	4.61547	2.76841	2.53801	4.37219	1.25398	2.97072	10.2232	15.0658	13.5545	20.0407	8.49742	8.66802	4.89414	6.47713	15.8452	19.0642
3.58642	0.73121	10.5569	17.7592	10.8613	8.96967	10.4944	16.3763	9.7924	4.56722	8.1056	6.96373	12.1166	14.2921	6.8206	3.79015	8.62472	7.76407	6.96373	1.52535	6.08476	1.95819	4.74797	4.37906	5.30534	9.84803	8.79823	5.798	1.78184	0.639457	8.39512	10.8931	13.9773	6.22344	8.36776	9.33157	6.81815	3.72345	2.38477	2.19273	4.90632	5.24962	4.32171	2.94926	5.49257	4.74817	5.37819	2.53772	4.95662	5.12959	5.75502	4.3539	11.1256	12.2019	5.10532	4.33958	7.10394	9.88612	5.49246	9.28238	3.78996	0.955022	6.07964	6.86546	2.63469	9.51013	6.53361	5.65962	4.11818	4.11802	7.30265	6.34147	3.42131	2.70515	6.98792	1.58595	11.8426	4.78077	2.25627	0.560841	4.22285	6.57149	7.33641	2.06746	8.73698	2.92254	7.05816	3.02779	7.44254	6.86802	6.67426	3.72345	2.75116	13.8132	19.1217	18.1765	25.1461	13.7932	6.08501	8.17372	7.40968	14.4096	20.0942	21.5343	29.585	32.282	21.7668	5.54897	2.38465	11.6286	10.8982	10.1395	11.5876	3.40757	6.04416	6.74562	5.53758	11.5065	19.9164	21.5859	6.74562	22.8303	8.43119	26.5693	33.7207	30.3076	29.9581	30.2771	26.3386	14.1211	4.76434	15.9042	18.0759	5.74963	18.7868	21.6148	11.2935	17.4567	13.1861	6.81384	7.11284	7.96296	9.32343	9.27789	17.724	24.0709	29.2102	18.1339	6.47682	3.09951	13.6723	7.82666	12.9803	19.7579	11.3881	2.88464	3.88788	3.76512	3.52938	5.65695	6.59254	3.42119	6.27269	3.16948	7.4157	6.99929	4.43575	2.68195	7.70024	3.48026	22.16	25.5126	29.592	18.3081	32.0485	22.6212	22.9055	36.0975	31.9494	27.7666	27.3649	21.6686	5.53497	19.8657	27.0154	28.4608	27.4335	18.8135	15.1334	12.1644	8.51628	7.65425	0.886711	13.7508	23.1395	18.4123	14.9683	8.58949	14.591	9.88955	3.36589	9.17069	13.6127	8.23485	15.1494	22.0889	13.1861	6.09243	3.30956	0.73121	4.42503	2.92254	1.75514	18.899	20.2873	22.6012	15.0029	7.8051	13.4886	15.239	23.7646	29.6622	19.0623	12.0611	19.7034	16.0215	16.279	6.38043	14.4902	17.0641	15.8687	19.8659	17.33	2.71098	3.29546	5.44701	9.32339	7.23506	4.31069	5.69237	5.17793	8.64066	6.99929	8.08322	5.81398	3.8877	6.59718	8.66691	5.70056	19.0619	11.227	3.13966	5.15693	14.4368	8.66888	17.9444
4.60091	3.23274	11.0227	16.9032	8.66638	10.7426	15.4052	18.2549	10.186	5.49209	8.97197	7.92952	10.5333	7.69545	2.24199	0.793057	3.0172	3.91149	2.02118	5.50074	1.94998	3.97889	3.13926	3.40713	8.20983	10.4167	1.25379	5.85582	9.07826	8.35066	12.7224	3.43906	13.4828	0.904169	5.65641	7.78676	8.58287	3.01208	4.89311	3.6509	3.65093	4.25577	4.45632	1.59564	4.27752	1.74609	3.69774	3.64682	2.15638	1.74609	2.50638	10.1428	5.70009	9.88841	10.0069	7.63158	8.47929	11.5507	12.047	11.4224	5.39808	3.18881	6.24978	5.63697	4.32105	8.666	7.54676	10.6709	5.33131	2.00548	7.898	6.48303	2.00562	4.59404	4.53247	6.18277	11.1858	2.31096	0.886596	1.12143	1.5148	2.30417	7.76311	8.21969	9.6626	4.96571	7.80239	3.38415	5.38624	5.85589	2.13453	2.84062	5.72453	3.54239	16.5191	16.6117	10.1027	6.93439	6.75644	3.93152	1.82526	15.2029	23.9049	16.4296	7.14887	27.7944	20.876	3.09401	3.01729	6.39899	12.47	14.1168	10.0595	10.7141	15.042	14.0665	6.2029	1.25379	4.99394	6.01002	9.4001	24.0312	9.23931	21.7086	9.288	7.07732	5.06791	2.88434	5.74913	12.3083	18.096	24.0273	20.0806	19.7421	10.0071	24.892	30.8372	30.41	17.5888	9.41981	10.0403	19.5221	27.1022	26.1806	25.2118	26.0342	20.6083	5.52328	8.14441	7.80446	4.95611	10.0838	15.9596	14.0837	7.64781	9.7965	8.95532	8.46882	8.6595	9.75472	9.12013	5.14136	6.95186	2.63457	2.13439	3.01729	4.74775	7.30862	9.71586	5.69212	9.90803	14.4719	20.0663	9.16983	28.9219	25.852	35.0406	23.5642	4.67471	9.67386	9.36984	8.71393	11.143	20.5566	18.9937	12.9787	25.0437	16.2198	14.0758	12.829	12.3407	11.1968	6.46672	8.8817	15.0436	9.62359	4.67164	9.56646	12.0598	1.746	16.2645	19.0245	9.87199	10.5346	5.97911	14.8723	26.6183	22.577	15.5599	9.08517	6.42826	3.13443	2.1636	20.9512	21.8029	15.6903	18.6601	14.483	20.8653	23.7257	22.7938	15.7384	2.4812	16.8111	16.5895	11.7515	23.8083	20.9181	16.2278	7.05133	4.61459	15.0859	10.9942	3.7357	8.9364	9.20318	6.48341	9.14346	12.2614	8.01409	7.20004	6.24978	2.61649	5.10469	8.66795	16.3863	18.2345	14.7647	14.2912	22.3701	26.5172	8.352	10.7048	18.369	23.0762	25.1596
6.36721	6.30357	6.56066	14.4313	14.0775	14.2127	14.3673	12.2285	5.66685	3.58587	7.14816	6.72136	2.25584	9.82792	7.99782	2.50613	0.250763	4.53207	8.41515	8.35168	8.82404	2.55562	2.30399	1.03387	4.32067	8.63018	10.6235	11.8696	9.71491	7.42464	14.1631	9.52774	15.7684	8.15904	7.57034	3.16887	5.55065	7.58844	1.24106	5.38576	5.09199	3.2081	5.49152	3.69751	3.72273	2.24186	0.639302	1.3847	2.24186	5.27521	5.90553	5.62546	8.31133	14.6013	11.2371	5.93954	6.76467	7.30782	6.64738	1.52499	3.2566	1.85063	7.7305	5.93927	3.25164	6.18233	12.0335	5.48314	8.42959	3.58148	6.91807	10.7707	8.45879	3.09373	3.58573	7.18015	8.34764	5.25745	5.15594	2.26959	4.25516	3.25178	1.42933	0.531951	3.89508	4.2809	3.30892	4.03677	7.62695	10.6922	5.30433	6.62621	6.85325	11.6725	0.731088	1.35022	3.58148	6.3794	9.47197	14.1515	14.4376	6.9624	19.3785	21.1094	26.2964	26.6435	12.2621	2.53726	8.15894	11.4254	4.93382	9.67409	4.14764	17.2623	6.33042	7.58223	10.2797	14.6772	11.3126	8.40814	7.09179	18.8179	0.886518	16.507	13.8906	9.88285	7.69877	4.74726	9.83392	13.9532	15.1644	16.2237	15.1866	27.1357	7.8899	10.1736	14.7846	11.8648	13.4426	19.5171	22.496	23.5159	15.3214	4.13256	1.85063	4.13249	6.89141	9.50211	11.2593	8.80329	5.48314	6.72115	9.30689	9.66642	6.98024	1.63443	1.95782	1.41829	0.501543	5.25723	4.39583	7.38505	8.19433	4.5323	5.37732	8.348	9.58487	11.627	14.0991	12.6579	6.79217	3.20807	8.15865	4.42776	14.1387	20.7396	19.143	7.82531	15.5474	13.7592	8.66723	4.12876	2.93258	16.0649	26.4442	31.2788	29.5241	16.8636	12.5353	9.55796	7.8899	4.47688	1.52499	4.25521	4.56634	10.2204	4.64423	12.915	13.2024	6.26408	16.2532	10.3495	14.6397	20.1279	13.7513	23.7557	23.171	21.0178	11.4627	5.31902	1.25362	2.331	4.03682	15.2384	21.7469	12.3009	15.0693	5.9264	4.91808	5.27514	7.70891	9.82334	14.2206	15.9073	3.01164	15.5032	17.3973	7.67886	11.881	5.48022	4.45588	14.407	10.4158	4.20725	7.5456	1.82499	0.904104	13.6366	13.193	15.4175	13.1403	7.85847	4.30627	7.48436	9.34265	14.812	10.3536	10.0388	7.85873	15.9662	33.7216	18.8466	11.0223	12.8632	17.4471	16.4289
3.3835	8.7501	1.03378	7.42393	6.47501	4.07512	4.89193	6.85221	2.76735	1.13512	1.42914	5.49084	9.82663	8.13194	11.1341	4.59316	1.42917	5.25668	10.4263	4.47628	9.60867	7.6036	2.6987	4.76294	0.752173	4.04432	6.70932	7.41363	3.61159	9.60233	9.69643	7.26251	12.262	4.30961	4.95218	6.85221	7.17982	11.5921	4.51095	4.25478	5.55001	4.42397	6.01661	2.76754	3.68427	0.903995	2.48702	1.63429	4.07485	7.23088	6.78931	3.49278	6.49605	8.7344	2.37737	0.639236	3.58107	5.42283	3.89885	5.2002	3.88279	3.20775	8.83149	7.30051	2.65767	7.11908	4.132	10.4148	8.41418	2.46161	2.3841	4.86668	11.2872	0.73102	5.78798	5.88358	7.72376	6.64424	5.55013	7.82634	7.98715	3.19312	3.40648	1.63421	3.02704	3.26592	2.76735	10.8991	5.58897	14.137	9.55977	12.8407	6.54132	15.1776	5.15521	1.74567	4.26205	0.954752	6.4268	11.8297	14.4091	8.47778	10.0693	7.98186	13.2446	3.78884	7.91436	6.60963	11.5303	9.82704	13.5872	12.5087	1.1892	16.5391	8.68576	2.75619	12.7584	15.5325	15.5615	10.6336	5.53342	12.9023	7.47938	8.73962	15.8134	12.9865	6.27112	2.30378	9.45612	12.6399	7.69801	6.77979	21.3893	25.1493	3.68452	2.24166	3.30859	4.82789	21.825	23.5223	13.3166	30.6688	24.8837	4.65396	8.85769	9.45515	9.20144	8.3691	11.7929	10.5314	9.01094	8.27695	6.18138	5.69072	5.37663	4.72046	4.99298	4.25495	3.09865	5.95959	6.70891	11.9279	10.3527	6.59085	7.30714	10.7571	10.5716	8.47802	8.99563	10.1707	4.89226	6.88145	5.53311	4.65386	2.37737	5.10388	0.73102	16.6372	5.17635	12.8567	8.18597	4.25495	5.42283	9.14347	16.2483	18.5638	9.0512	2.8013	4.07512	4.38146	4.81197	4.6137	7.16253	7.86579	6.56033	4.63025	9.7639	16.5761	10.8829	7.0911	13.9423	14.532	16.3552	13.1068	23.2049	28.7076	17.1952	25.8551	12.2911	7.76163	4.53191	4.47647	3.8947	9.75708	16.2845	2.48702	11.5755	10.5246	9.81486	8.84575	6.5955	5.35067	10.1987	10.3569	6.99689	15.8384	2.33082	14.3328	16.5627	9.7385	8.89386	12.3918	6.49135	3.50596	5.17635	6.91975	5.7046	20.5145	6.36647	15.3125	14.2441	7.7416	3.29432	8.10322	7.13636	11.3531	13.386	17.5351	14.2886	23.1945	32.1149	6.18179	6.38116	6.41989	9.95628	5.897
3.78451	8.2762	1.52469	3.29403	2.70994	2.02053	2.14114	6.94325	4.47588	2.12648	3.18789	5.38473	9.07369	4.61313	10.2449	4.91689	1.605	4.98292	9.56359	5.69019	9.09542	10.4254	1.27826	6.25801	3.88238	4.1051	0.39643	3.41987	2.07423	11.8181	7.24913	10.8348	11.0536	1.60498	4.25435	9.21487	5.06348	10.5927	7.10981	2.55513	4.31984	2.50562	4.9517	1.42906	4.58931	1.38436	0.903911	1.18914	8.60707	9.77179	6.20345	5.00781	8.60001	7.62513	1.13502	0.560608	0.639179	1.88387	2.96919	6.28753	1.90878	4.1429	8.03998	8.96586	3.73451	9.4697	4.01272	11.1384	8.44807	5.37631	3.47892	2.14123	10.0759	4.8276	3.26541	7.65138	7.1617	7.41486	4.80497	8.06657	7.8569	3.73451	2.93202	2.02058	2.77277	1.77227	3.69669	10.942	5.79578	16.9779	6.69684	14.0743	7.99619	12.6388	6.36579	1.50403	2.48679	3.88238	10.8155	10.3167	9.93571	9.41676	6.26293	2.90532	4.2618	12.6311	12.9131	8.68492	8.73364	4.13169	13.7011	10.1741	5.22087	12.1836	4.67008	8.29654	20.0035	15.9492	21.3028	16.9779	3.73458	11.3773	14.4399	18.0813	19.9978	4.93275	10.9274	16.5986	12.9484	7.4808	12.8013	16.4908	20.8067	14.7041	13.9923	16.8083	16.4122	10.2938	16.1946	26.2648	18.0183	30.2956	23.1419	5.70928	8.40627	4.35241	3.95801	0.886392	10.1238	12.1012	16.4796	16.3148	12.6638	10.2777	7.33383	2.90532	2.50557	2.4868	5.19996	7.82382	8.89943	12.1019	10.0038	4.51054	6.32187	10.9339	5.0328	3.88621	7.86666	6.32187	3.25595	8.92844	4.2544	5.34443	10.1002	9.75199	5.69863	13.221	5.48199	10.5885	11.3721	10.5818	8.68492	5.02959	4.01272	3.40616	5.63844	6.24342	5.41087	7.11015	9.79689	10.4863	11.2893	9.50686	5.22087	4.43738	7.07523	5.49882	6.55966	7.36727	4.2544	2.63379	5.87257	4.67005	23.1055	26.923	23.1666	28.2236	9.66456	4.1051	1.38436	2.26927	4.61322	8.46239	13.0065	8.27654	12.8206	11.2138	10.3114	11.2972	10.2056	9.36713	12.7701	17.9648	18.5151	15.2779	6.317	14.5734	11.6868	18.9038	8.47671	4.38078	3.05753	3.40616	2.31031	3.91826	2.51805	20.3474	13.4711	20.9124	14.9791	7.09044	3.95801	8.79468	11.8036	17.6904	24.296	27.1202	21.5358	18.6227	16.4764	11.2029	9.41706	12.324	22.77	23.5631
3.91002	5.00428	1.12104	2.24116	1.50382	2.65712	1.03358	6.0155	8.29607	5.68998	2.83958	3.68363	4.43706	6.65256	6.71928	3.3409	2.14104	4.03953	7.2485	5.48153	10.2457	10.6441	2.16291	4.27965	3.88204	3.32697	2.13367	0.954537	2.88343	8.89864	6.08975	11.957	6.13003	3.26529	2.07398	6.64306	6.70787	7.72245	6.04102	3.36431	4.25403	4.66967	4.08565	4.64288	3.86576	4.6126	2.1917	3.19247	11.7465	11.7819	8.49939	9.97729	7.91651	4.17627	2.74993	1.38431	0.560576	2.38352	6.16781	4.9544	2.88338	3.75516	5.1543	9.08126	4.87833	9.6963	4.13119	8.85063	3.03157	4.90401	5.36711	3.32684	6.88049	10.1795	4.64288	5.70337	2.66306	4.59234	2.76686	5.63492	6.11992	7.48839	7.65097	8.10789	3.75523	3.63236	1.781	6.70788	11.7723	9.8542	3.8007	7.59225	7.05485	7.19774	14.0034	7.80157	2.3033	2.88343	10.003	11.5735	11.982	7.36435	3.89799	3.89399	7.8563	9.67154	10.6933	9.45931	7.08323	2.75552	10.6077	18.3448	23.8131	23.1682	18.6398	15.8936	18.4628	4.28321	19.5115	23.5346	12.324	14.3395	20.1931	22.4818	15.4845	10.6666	21.5119	26.2507	24.7954	13.5385	11.9834	16.4237	12.3181	6.13025	21.2419	23.3487	22.906	16.5241	0.886315	21.0923	27.8113	27.6062	10.8271	8.74693	6.37981	2.02035	3.56287	4.13119	5.53514	11.2924	14.0767	9.88035	6.93178	6.09993	5.25604	5.52379	4.87833	4.53444	9.13495	11.6694	11.7314	9.82482	8.78159	5.89582	7.86412	12.8421	10.2062	9.60737	7.78388	6.19044	4.36992	5.27347	10.7567	19.7605	21.2274	19.2739	18.4317	12.1088	6.35804	7.33741	11.234	10.1259	9.22558	6.32869	3.3409	3.43792	5.3177	3.55853	1.42893	5.1993	1.27815	0.792753	4.35185	4.1314	9.37105	10.8811	4.27977	6.39444	12.323	10.8344	4.78828	3.19251	3.38283	2.80062	17.4497	22.4037	24.8459	16.7185	6.36544	8.06627	9.12008	11.0788	11.9871	6.53319	5.87225	13.5046	16.0036	14.0036	13.7684	12.56	10.2885	9.28504	11.6315	17.942	18.8809	11.5326	11.4972	15.4774	9.93335	20.5568	7.2315	5.52116	9.46937	10.2166	8.34756	7.62873	3.09289	12.1109	15.8839	18.7413	8.87157	1.41789	1.06351	3.16798	9.07501	15.4993	23.5868	23.976	12.8552	1.95727	16.4554	20.1687	14.9476	21.0724	27.8908	33.6805
4.42266	8.60588	9.79504	6.73718	4.77815	3.35936	2.83928	5.19901	9.35569	9.85325	2.77224	4.08531	3.02615	1.4288	6.36483	7.97382	7.23749	4.17604	3.72123	5.00711	9.24451	6.69556	0.954436	1.6717	1.13486	1.00262	1.95708	2.63328	2.88302	4.42606	8.34665	4.53397	8.07864	10.8194	5.87152	3.36861	6.88869	7.19262	1.25317	6.00714	3.88564	2.46092	3.4055	4.75832	0.730788	6.30848	4.58843	3.82067	7.58536	14.0772	14.1991	13.6733	4.47861	1.82437	4.24998	1.80703	0.639056	3.34055	10.8989	8.18394	8.30264	8.2064	6.46358	8.11612	2.30987	10.002	0.531747	9.66103	3.057	1.98099	5.73254	6.2691	2.33015	11.6093	8.01944	2.14081	5.37528	3.54066	3.58438	5.3952	5.19875	10.9945	7.42182	7.70584	7.04106	8.87747	7.82258	8.13906	2.88308	11.5067	19.7984	15.995	8.07861	5.5344	10.6528	9.58553	5.61511	1.1348	6.36469	9.52414	4.28298	3.09264	1.95708	4.11565	9.98693	9.24465	10.0471	10.3089	5.8714	10.0426	11.4328	18.369	22.5446	25.2319	24.0196	14.6874	6.86189	28.3685	32.2946	14.4819	8.89817	13.7469	10.4195	8.67783	2.76671	15.6495	23.6672	14.5053	20.5118	24.7515	1.63372	8.09384	9.43956	9.365	14.3675	5.87171	18.1662	17.391	9.6706	6.42524	7.2693	7.48151	3.02605	7.43614	2.46103	4.80405	2.0202	9.73779	11.201	8.79991	8.33938	17.4194	22.448	22.8239	18.2442	7.89471	7.75337	5.66465	3.80014	12.4829	11.545	10.4838	5.937	4.22042	5.5203	7.53485	10.2918	4.77791	10.7765	14.3569	6.25699	9.225	17.826	12.8595	10.9579	8.36132	15.86	16.7875	4.42248	9.97674	16.3653	12.4537	5.3952	10.1222	12.7679	14.506	12.3421	11.1244	4.61212	7.22889	9.92977	12.6254	13.9773	11.981	8.36669	4.43653	4.20566	9.35202	0.903756	8.87734	8.11625	2.83928	1.74518	3.02605	10.1249	11.9225	5.15382	11.6303	17.2335	13.6864	8.34851	4.53397	3.49159	4.82661	1.25321	7.23749	11.2487	9.43468	6.87086	8.1014	10.6533	10.7556	9.89013	9.24798	4.70923	3.64917	11.9221	13.4258	15.4089	17.5051	5.8266	13.5162	11.3123	6.14986	3.8126	6.24211	9.41532	4.85569	2.61525	6.91536	7.62607	8.06352	8.85017	8.96453	9.39571	8.34811	3.54048	11.6225	20.594	23.2582	20.4017	13.7859	5.3434	16.8335	11.1149	18.0143
5.24614	10.2513	12.1905	9.37418	3.41904	1.18876	2.61513	5.30197	3.13263	8.58876	6.12885	2.26863	4.64204	8.84217	10.4058	10.4259	5.95751	3.99216	1.94887	2.21963	6.55062	7.3044	5.39498	3.25025	1.50353	1.12083	0.886122	0.250658	3.19183	1.25307	3.68292	3.16724	8.59052	5.54786	9.79372	3.01555	5.27273	5.05611	4.47463	4.98153	3.30745	4.31885	2.46716	2.83903	3.64888	3.69566	7.2684	2.55454	3.01555	8.73336	10.7029	8.81987	3.40073	4.50942	4.24961	2.8555	0.560451	4.51963	12.5289	2.70336	4.7874	2.69767	1.6336	5.40641	7.76882	6.37622	4.89014	6.24138	6.04517	2.53606	8.09272	4.50942	10.012	6.58819	5.03124	0.954387	5.40936	7.48727	7.1771	3.01548	3.63166	9.82306	10.8569	12.0793	13.6944	7.57892	4.12682	3.09229	6.31524	14.7462	13.6519	12.7815	7.72098	9.07332	3.88127	14.5048	22.5513	17.6989	6.44138	3.56218	11.7407	13.043	16.1719	14.4161	8.00952	4.30783	4.20529	10.1211	10.886	11.4562	4.17567	15.4845	20.5392	18.8507	18.6597	25.6647	26.156	20.7658	2.63305	20.233	28.6547	30.0399	26.3103	18.013	3.02578	10.718	24.2145	26.1659	31.913	20.8469	13.2561	23.3359	24.2323	10.5161	13.0159	21.5454	25.7483	17.2037	7.24749	5.48606	9.6559	10.4603	1.5849	6.06818	5.25503	7.02289	5.1382	2.50491	5.15343	10.6873	6.78899	5.65588	6.86122	15.2434	21.3876	15.228	3.38211	6.16682	7.48116	13.4595	7.72695	12.4629	3.26449	2.85558	6.08858	5.24884	3.40516	17.9235	13.4024	17.9931	8.30154	8.44916	11.2319	22.697	24.4896	19.2313	18.9541	23.5988	22.7952	21.1868	17.3541	11.5143	22.5354	25.5618	19.135	13.4274	9.54066	14.7558	6.67901	8.8974	7.75298	6.88793	2.14054	4.97844	6.24168	7.34647	6.50817	4.91552	6.88803	7.13174	2.70348	7.24749	8.15523	8.73336	8.57843	10.879	8.36057	2.80011	5.85258	10.4602	9.16487	10.1689	6.39814	3.26461	13.8717	15.6707	15.2376	11.0495	4.80363	1.78066	1.514	3.78338	4.67231	9.17307	9.96526	9.31102	8.51045	6.46271	9.56729	10.6239	15.3036	12.3338	12.8091	10.6073	9.59141	8.2743	9.61817	9.99981	6.56494	9.56145	10.0781	6.24663	3.54035	5.73204	11.9843	7.14462	12.6603	20.1365	15.0792	6.718	3.58421	7.56648	3.20659	13.311	12.6272	13.4539
4.04242	8.34475	4.08446	10.41	6.72429	7.65679	8.06404	9.66126	9.03394	3.43694	6.86289	8.62368	1.77159	12.4724	7.05521	9.95639	9.86528	4.6284	5.21896	7.41243	5.54453	3.36334	7.85436	10.0772	9.19692	2.50467	1.88315	2.36312	3.03074	3.92882	5.73182	3.58386	6.06761	9.55257	7.19324	4.25295	7.24686	5.54484	2.13297	5.42028	6.08809	5.00311	5.82812	2.85533	4.67161	1.6044	5.9359	3.09718	1.07786	6.03954	9.13254	9.70952	5.10148	0.886066	3.13729	1.29	3.02548	5.36539	9.00302	7.49687	11.0824	10.5154	8.5493	7.48051	4.20504	2.19108	3.69529	2.70891	1.12073	5.15304	2.7547	4.77732	1.98066	9.03394	9.6563	5.25428	1.63348	5.12553	1.34946	3.72053	4.4778	3.0099	6.70366	9.38926	7.47589	5.37435	5.78562	7.22964	6.33666	10.4131	18.391	14.5065	17.6343	11.1228	15.3984	16.2298	14.3141	18.5812	9.93196	2.70898	13.6718	13.2745	12.7068	14.5905	8.89607	10.1323	16.581	10.9195	11.0155	4.64158	12.3142	16.7147	24.8747	30.9557	33.6896	31.6942	19.0131	6.60611	22.2058	23.4148	5.70711	16.4059	23.7733	20.1441	7.76794	7.87582	17.5073	22.6069	22.5069	7.02264	24.4234	27.2454	22.569	27.6982	13.1814	14.8036	10.0948	1.06321	5.42005	8.73555	2.5358	10.8018	7.84647	6.86289	6.53093	12.3046	2.16217	8.58312	7.07259	8.46327	11.3418	7.15901	16.7222	18.9273	15.922	18.2965	9.45713	11.7692	11.2629	8.97118	1.51379	14.5028	5.06486	4.6282	0.903568	11.1222	10.0991	18.9884	8.83485	24.8104	14.3937	11.9304	12.0823	11.8829	5.20098	9.03893	15.2215	14.4316	6.50964	7.67469	7.97247	25.9725	23.5164	16.7665	15.5685	14.1602	19.193	13.9652	9.44062	20.652	25.9615	24.7916	13.462	6.35624	3.75409	9.3508	16.0135	15.2046	14.3937	12.4813	12.3004	9.82262	7.49684	6.24098	1.34946	8.4248	2.85533	0.250619	5.03095	11.6978	6.97605	1.25293	9.13891	10.3657	4.14504	11.2097	15.6264	15.1222	14.6368	15.8797	17.2605	16.3971	14.6488	11.8683	6.62287	4.20484	2.14032	4.27469	3.95638	7.30358	13.6076	11.7195	17.749	23.7905	22.8135	13.741	8.03124	2.16217	10.6557	11.7439	10.4177	6.69431	4.13016	10.0724	7.25912	10.0652	17.84	14.542	4.25301	1.95673	4.69844	2.74915	2.70898	10.672	15.2496	12.9482
2.69715	7.06105	9.50394	15.0105	10.564	6.54954	3.25444	3.05609	3.16663	6.97543	11.0367	14.9188	9.51636	10.5141	12.0956	12.6485	9.66011	8.53909	12.2735	8.46232	11.2876	3.64832	8.75916	6.3143	13.1708	8.50156	3.38146	2.93064	1.07777	3.8964	0.396226	6.26736	4.20459	3.99149	2.83849	14.4222	17.1035	16.1382	6.54697	1.88308	2.2193	1.27766	3.78265	4.042	3.53958	1.38378	4.82526	3.8279	5.2538	9.83956	7.72186	11.532	11.5539	9.65868	5.78495	1.82385	4.98058	6.08724	4.64116	5.49624	3.33962	4.20446	2.2192	1.9485	7.43409	3.73286	1.58453	3.68221	7.10662	7.17573	6.35561	1.63328	4.82519	5.16158	9.60981	2.07325	6.66859	9.60345	2.51699	6.58687	5.47944	4.9995	2.13283	6.32627	1.00234	5.93559	6.392	5.03028	1.52405	9.45612	16.2809	16.4596	17.5158	10.4283	21.6268	26.8216	26.5349	25.3004	14.1882	8.92982	14.1332	26.0471	22.9589	21.9159	19.7235	15.9773	13.0102	14.5328	19.9787	18.7291	13.6014	6.18808	9.07829	3.73282	8.03054	7.5121	7.3301	20.9874	22.9994	1.07777	27.3666	30.5123	15.1068	10.7509	12.5211	6.26022	1.34927	3.56165	3.51291	4.50148	24.4845	31.1789	24.7887	34.36	2.13289	6.39452	10.4038	10.2949	8.97729	8.27251	3.1913	10.8959	5.74983	4.0341	13.4243	10.5182	12.0117	7.41162	14.2193	9.97353	8.20378	16.2005	1.77148	7.94461	14.2319	15.7765	4.8254	2.2682	3.58352	2.46034	2.61452	14.0173	2.85495	1.58453	1.50332	9.66805	13.5436	10.6513	9.00589	14.0009	15.6552	19.1633	23.0292	29.635	30.4398	24.8145	21.9676	24.5646	28.2071	29.5394	27.4902	23.4143	14.3927	25.9773	26.2292	18.1008	15.17	6.36306	18.2925	20.4164	11.3997	21.6604	11.3665	4.14489	6.1781	8.81114	5.47942	8.11412	10.5141	9.07153	11.2723	13.5524	13.5685	13.0068	12.1979	14.6786	12.5318	11.5032	13.74	18.4889	13.0042	4.03815	8.97013	5.78502	8.24305	6.76035	3.33962	10.7063	12.4133	5.00545	5.97456	7.3618	8.84773	10.829	11.514	12.5318	10.7526	9.37241	7.91382	6.52827	13.3195	13.2635	4.42125	6.84864	15.6855	21.0844	12.7238	13.6991	17.8213	14.9007	12.0253	11.8778	6.04395	7.3301	1.12061	10.9	9.34945	2.51686	8.12717	7.09598	2.76594	2.07318	6.33608	14.3929	13.9574	8.20378
10.693	13.5447	11.6808	10.4154	5.29444	1.41721	2.13262	3.0964	6.31339	10.1581	6.60485	12.8997	14.5654	3.6091	5.7495	6.70467	4.30657	10.639	13.9498	9.60909	14.8293	5.84573	12.9454	11.3027	10.5869	10.0807	2.50419	4.61053	3.51278	5.23273	6.41566	8.44513	4.2042	1.42828	6.23952	14.3552	3.97527	15.4112	9.92248	1.51357	2.75436	2.21911	1.80634	1.9802	1.80639	1.3492	2.30892	1.27746	3.991	12.5537	9.27415	6.81418	3.0249	5.7654	6.3621	1.88278	5.86916	6.39355	2.16175	5.19677	3.75346	5.86947	6.09429	0.885866	8.11306	4.42081	3.13669	3.2299	6.98582	6.48739	5.74935	4.37478	5.1005	5.99467	5.67618	4.77623	5.15205	9.61505	1.5135	6.75028	3.13153	3.52605	8.96948	8.16403	6.35503	5.06074	5.67618	4.36762	0.885866	9.11196	2.63232	6.23742	5.48721	4.54584	6.75956	15.689	15.5033	5.17293	8.96134	11.7455	7.50145	10.876	22.609	15.4049	5.61048	19.1645	18.9575	5.9351	7.94388	11.0194	4.80853	19.2055	29.4001	31.9112	25.5132	18.5435	10.8279	20.3001	18.8585	22.9038	30.8564	8.56539	21.1197	26.4109	26.9707	15.7257	5.82965	0.396208	0.177187	1.03303	15.2011	30.4654	23.356	21.9358	18.6459	21.2948	19.0039	10.4962	5.99467	13.0985	16.605	21.2791	16.0068	8.18848	11.0945	7.60504	14.3916	5.69534	13.7158	15.168	4.20403	13.5504	8.48863	11.9816	14.7277	12.0893	8.24797	8.0283	6.60527	3.648	2.16189	13.4113	11.6908	3.30652	10.2629	14.5009	10.3464	3.43618	4.03756	17.793	23.4163	20.3307	16.1519	9.33449	12.853	10.1343	3.191	3.6091	3.69458	3.35797	3.7532	5.48756	18.9919	28.2849	21.5167	4.97718	1.13444	4.7072	15.3168	24.7083	21.7871	28.1113	9.57919	2.83822	5.31212	6.02565	19.1568	23.4625	20.7228	16.6715	14.6264	13.5287	10.5874	6.80526	2.85461	11.7868	7.85287	14.6766	15.8294	24.6248	16.351	7.64739	7.57665	5.39314	11.0737	19.7513	22.4213	21.3888	20.2926	10.6828	7.12968	2.85478	2.6144	1.58445	2.13991	4.65088	7.18978	7.40226	2.45998	1.13437	11.0798	15.4332	17.6366	15.8142	16.2227	16.2787	3.19092	21.2764	11.511	16.6428	12.676	8.53142	14.7912	11.9068	3.26375	12.3345	8.89276	2.47907	9.86303	3.26369	6.36451	7.06042	12.0465	13.3359	5.76576	24.8976
7.09656	6.80456	5.06029	3.97509	8.55735	5.12725	0.396167	4.60995	9.24334	8.96844	4.92333	17.0199	10.3145	1.84904	2.1398	4.07189	2.30876	6.75893	13.0571	14.8238	12.4017	4.64041	8.09742	11.663	3.53899	8.63173	6.70405	3.15133	5.82925	5.38138	3.79851	2.6319	3.38099	3.97511	4.0718	11.9441	12.1956	15.8059	7.13757	4.37438	7.26585	8.74401	5.585	2.46622	1.74442	3.58283	7.07941	10.738	9.19113	2.21888	10.0443	8.24712	9.0682	9.51972	7.57593	3.13637	6.32506	7.26558	4.12903	4.37448	3.39925	1.82342	4.53168	4.42058	3.09111	7.05082	3.47653	3.19067	2.07285	5.93449	5.82925	1.84904	2.53506	3.52558	4.88827	4.17407	4.75959	3.78599	3.09118	5.74334	3.01439	9.02272	8.67924	4.07191	4.95158	6.07867	3.29201	8.10667	5.73013	12.4405	7.01806	6.70387	8.2378	11.8572	5.75166	2.23994	1.27741	11.3541	19.4211	22.2915	21.2073	10.5248	4.47305	13.3149	17.569	13.5273	20.6391	17.3833	5.86888	10.3551	8.96168	24.5613	17.7062	23.1093	19.1702	11.8743	4.61017	16.7796	19.0439	26.9115	18.8067	14.3046	27.4143	1.80617	24.8949	14.6567	5.60965	2.53501	2.70244	3.004	6.52702	18.3442	10.6017	13.7797	21.8187	14.5391	16.7621	10.0424	9.48134	12.5819	3.63046	14.7718	12.0045	1.03294	5.48684	8.06167	5.48684	5.27072	8.65802	13.3663	7.90838	14.6402	10.0309	8.07485	10.732	9.33305	2.13972	2.38215	2.46622	5.6126	7.40162	6.52692	11.5464	7.96988	14.2318	5.4416	21.7758	17.5611	18.5096	11.0127	15.418	22.9601	29.1226	33.6247	34.6161	30.6508	27.719	28.0558	29.7539	30.6252	29.3488	26.5354	22.5772	15.7559	8.46035	6.11925	7.6885	7.30169	3.38082	15.6257	18.5682	12.9442	14.5763	24.5369	26.1097	22.2131	15.3424	4.30267	1.24	2.85995	5.62096	5.4187	2.63204	3.19073	13.3763	20.9785	15.9868	7.43281	19.0667	20.5234	8.20257	8.11984	12.1165	13.4807	9.14957	0.560253	9.06986	21.7846	22.3303	9.33333	5.13623	1.0629	1.42813	2.30197	0.751646	1.58422	8.53747	9.9611	4.424	4.88827	8.20814	13.3832	10.8749	8.61581	17.3285	21.1372	12.8992	11.8768	15.1598	21.6536	3.58281	14.6404	18.1366	19.8294	1.91563	19.6571	18.1849	18.8528	22.234	17.3829	6.97432	5.14547	13.3765	18.4941	26.558	23.541
8.78809	5.34611	5.34008	7.39477	10.2862	12.8112	9.59016	6.39513	7.11304	8.44355	12.2317	13.0869	0.903245	4.96052	5.38383	5.69425	3.73188	2.16148	2.30862	4.53143	3.43552	0.953888	2.55317	6.07268	9.75504	4.69664	12.2482	4.5071	2.79887	4.21799	4.30227	5.34043	3.01413	2.63178	4.58941	3.52523	1.51328	5.31115	9.03373	3.55619	7.47511	5.21696	6.95581	1.52352	1.90725	6.36111	7.73542	10.3384	10.6935	10.589	6.42124	2.21868	4.80127	3.32458	2.94573	1.25245	4.31653	6.8599	2.96703	2.94591	5.78315	3.25334	4.98873	9.33273	8.49416	4.88785	5.86804	3.7193	6.50757	4.92288	2.40821	1.1203	2.13961	3.20506	5.74813	2.00337	2.23964	3.58252	3.58252	2.00337	2.67889	6.23832	3.643	4.888	1.63277	3.74837	4.20322	7.72316	6.94499	16.5158	8.28488	12.5734	6.61989	9.92822	2.1395	3.15105	2.13215	12.8096	17.3175	7.96922	19.916	13.564	1.97987	12.6912	24.038	17.8546	15.7373	14.7956	6.87561	10.1668	12.9037	27.8436	28.914	35.6176	29.0276	20.1378	15.199	18.7146	21.6981	19.9314	2.46599	17.2557	18.5393	17.4316	19.1918	10.5385	19.1083	21.7479	19.5169	14.3404	8.72756	3.81849	20.0972	15.1077	3.24852	13.6342	22.2592	7.26521	10.4176	4.86232	6.71508	9.72715	11.8934	9.67791	4.2439	3.69387	3.24852	4.43046	2.4595	7.9594	6.95596	10.8364	2.90314	8.40751	9.02189	7.09361	1.75324	4.60964	6.00099	2.53476	11.1608	0.177153	7.22485	14.1574	15.09	21.9751	26.3953	17.3112	25.8275	27.7385	30.2103	25.5358	21.7004	18.3593	15.2334	11.2849	9.03052	9.7278	9.62006	6.85808	4.03702	2.25355	6.77449	13.2947	19.8937	23.1236	18.4069	10.1137	5.8259	1.25251	7.3008	1.42795	20.8441	20.5787	10.7315	26.6461	20.4495	3.38055	0.730394	4.19207	2.63178	4.888	6.24371	5.00432	10.613	18.7407	13.5739	13.7607	8.68566	16.0507	12.8206	14.9106	9.04358	5.21992	20.0455	27.5005	28.8396	26.1006	15.844	4.66679	2.13223	8.15143	7.88252	4.69643	1.25245	2.23964	8.35617	9.33236	10.5385	12.1652	9.51416	9.28702	16.4133	14.7041	4.75887	12.3142	6.87803	5.47773	15.7509	9.20849	11.7388	10.0953	19.4149	23.4078	8.97596	24.1147	13.3651	5.8074	11.7426	13.1713	10.8518	14.9659	17.7829	18.8692	18.7875	8.96128
4.20287	7.22398	4.64946	10.6894	6.65447	13.0458	13.3655	9.50035	1.25235	7.52389	10.8522	5.95397	4.75848	9.5034	10.1023	11.5701	7.19863	4.20298	4.30177	2.46574	3.09567	3.64262	1.90714	4.27267	11.5544	6.80326	13.7586	4.13937	1.12018	7.11242	6.70262	4.0403	4.67945	4.77488	5.12312	1.67067	3.55584	9.97463	12.9996	7.08442	6.91296	7.15587	8.78726	4.37365	5.02836	7.9682	4.80724	4.37354	11.9728	12.12	8.70357	5.74772	7.24319	6.81208	3.40325	2.12466	1.63263	5.75038	3.40335	2.55307	4.94748	7.14054	7.60457	2.30153	4.59905	5.48594	6.89521	2.37522	2.7534	2.0648	2.94561	2.83187	2.90269	0.751502	5.33961	2.40793	8.09399	6.23811	4.50683	2.53458	1.7708	4.20298	5.2461	6.39423	5.97204	6.21547	6.28218	2.30153	8.50561	11.2623	3.24823	13.8604	5.69917	7.69079	9.33149	13.1664	13.2225	3.43528	19.08	20.5227	17.8433	6.3918	3.582	3.60807	15.3259	15.4021	4.41973	11.1081	17.9541	8.57362	1.77075	15.2233	20.803	15.5818	11.6414	10.5215	5.09603	0.396091	6.2825	6.42095	8.89193	17.8151	4.59903	3.02928	17.1353	29.7	31.1165	29.9288	26.6551	21.0055	13.0545	4.36639	17.9422	25.3494	29.1268	27.3558	21.2204	12.7814	15.3462	7.36077	12.7597	18.0039	19.3603	15.2281	9.92746	4.8874	1.91526	6.16334	6.70963	11.3361	14.348	18.9437	14.6732	8.46999	8.83062	12.1204	9.1595	4.07111	9.71242	6.4903	13.0948	11.4981	6.2379	11.395	12.2477	19.9287	10.5996	3.92687	11.3743	11.493	7.0541	4.41968	13.1752	20.3887	23.5024	21.24	16.4357	14.6065	18.391	23.4966	26.531	26.0665	21.6126	15.7532	12.5647	10.2192	10.7023	9.29747	10.7401	10.8565	10.2189	0.903137	18.9923	24.4422	22.3408	19.7431	16.3677	17.4043	7.27705	2.67862	5.54215	3.89491	11.4876	14.0108	5.63364	11.7823	12.5237	2.63154	16.6826	18.5003	13.2622	6.02371	14.3931	19.3768	18.6845	15.393	10.962	3.73143	5.02238	8.92132	13.9609	19.9478	20.6407	15.309	1.74402	2.19001	6.87737	9.36413	10.6674	8.24544	4.04045	6.25269	15.41	17.1163	15.7774	16.8235	10.3027	10.667	8.49834	4.62605	9.33149	16.7438	22.6469	8.82513	13.4031	18.4995	16.035	19.7762	17.7034	11.2412	11.3622	6.46877	7.4316	7.85066	12.2126	11.305
7.35002	4.78414	2.90239	10.0275	6.45834	3.02894	5.45114	11.3033	8.44904	6.88365	6.73655	1.63257	5.06165	9.32882	5.48531	7.17411	6.35973	4.25776	3.92649	1.51299	2.91855	5.49958	5.54434	0.903047	8.89099	0.354234	10.4286	4.62554	1.88219	7.71576	7.10304	5.12258	6.37177	3.18975	8.0951	6.48974	6.95463	11.2968	8.50461	9.06677	1.97952	6.92587	6.91256	3.78513	5.66036	10.3754	7.93693	9.27223	14.4265	7.77147	9.72848	7.79489	7.77731	8.12331	3.81788	2.32838	2.0187	4.67911	4.74847	2.85362	2.16092	5.82203	10.5985	6.56279	3.64641	7.2554	2.69574	7.4926	3.6933	2.88096	1.4277	2.50316	4.66558	6.63758	9.87663	5.86707	10.1305	4.43323	3.73093	2.7533	4.43328	1.27705	2.06472	10.0275	7.24223	6.84509	7.10307	3.20444	7.01601	5.82725	4.82304	10.6448	0.903047	2.23931	13.0181	1.28921	14.3268	7.68601	8.56214	9.34386	1.50251	7.73411	9.43536	1.18801	6.62566	11.0324	13.8287	13.5363	18.0446	15.0569	7.28287	2.88096	3.74765	8.58515	12.718	13.9419	9.74293	8.38407	6.04115	2.96646	6.98963	17.2711	7.90418	10.3057	20.7221	6.17766	6.3526	15.2652	20.1701	21.5905	17.0563	11.4866	13.3622	20.8448	20.4683	12.6243	5.19512	10.543	20.9449	20.9591	16.6217	10.6914	12.5816	9.34978	13.0446	17.606	16.7982	11.4556	4.59511	15.9826	4.50642	13.331	11.7028	3.75193	10.6803	12.4752	14.2865	1.67052	15.4298	14.2853	19.1633	21.3037	20.2289	3.13548	2.36169	10.1144	12.5226	15.3566	18.0138	16.0787	11.8617	11.0801	7.47195	1.59366	5.33906	9.2654	9.43558	8.97822	14.7701	16.3002	14.9037	8.92548	11.015	16.7748	21.587	24.3874	20.9698	13.6649	8.20031	5.31014	7.97888	4.36595	8.27416	19.8425	21.8527	9.99471	9.4614	19.4575	11.3861	4.07071	0.177119	9.06511	13.3023	10.879	20.4083	17.6277	9.57411	17.1812	10.7962	9.36275	12.2544	7.81658	4.36591	6.35967	9.99473	9.72572	5.21892	9.3841	16.2007	18.7506	17.8328	17.3468	19.0694	23.7075	2.30803	0	1.94756	2.15376	1.41666	4.03234	3.41676	3.39824	10.1543	12.5586	12.9217	11.9472	9.88282	3.0954	8.54444	10.2841	8.07228	11.977	4.25034	11.9954	11.9509	8.14937	5.70384	6.37177	7.36037	14.6053	19.7609	17.4982	17.6185	18.3301	20.1982	20.5499
4.54379	1.7705	2.63092	8.41927	7.98021	7.65165	10.8171	13.2078	9.94986	4.56093	2.85339	3.29058	2.63092	5.12529	8.28253	6.88268	9.57441	5.33885	3.30492	1.88199	5.92933	3.0899	6.65289	1.77041	8.38843	3.75974	8.28259	10.3413	5.68452	5.45348	6.25636	2.66052	8.13944	3.8175	2.53404	4.5267	7.29891	13.4573	12.2104	10.0164	4.12744	2.21793	3.78055	1.51278	3.18455	7.74497	9.68745	7.04831	8.68095	1.67034	7.49773	8.83574	7.03535	1.67027	4.12744	4.24636	1.8819	1.59351	1.28912	4.17226	2.13155	2.26689	8.50411	10.8502	10.4148	4.66541	13.9933	8.96547	11.8624	1.82272	8.6143	7.24197	7.42998	9.46489	7.26304	10.5763	13.2212	12.8066	9.40752	6.58781	5.82674	2.6956	5.72766	12.9257	9.78633	5.69244	6.63673	6.09151	7.91879	1.59351	5.49901	6.00202	2.36153	5.49337	13.0532	9.70322	9.20536	8.75432	4.03193	1.51278	8.33922	3.36108	11.1218	5.65164	1.82272	11.0301	17.7105	13.6983	16.758	5.41645	13.6751	20.8842	19.2428	10.6879	8.17703	15.6166	19.4888	17.1159	12.7444	6.30331	6.75644	9.8033	13.1633	10.445	16.5567	30.3113	32.7885	31.0266	28.307	21.8081	10.0391	1.67034	8.02629	7.64356	3.22842	1.52317	2.30787	13.0876	24.5251	17.8304	10.5766	21.4384	4.12737	19.2112	28.179	27.5378	22.5945	18.1601	6.03018	13.07	18.1243	23.8262	17.1193	14.4051	13.8612	16.4066	18.1569	7.46284	21.2079	15.0243	13.1539	14.3932	22.4886	8.69859	3.64608	2.85334	4.37643	9.64837	7.22276	6.80165	2.30793	11.5318	6.91186	11.154	16.063	15.3012	13.2302	12.2923	17.0475	20.5453	22.4307	23.9889	22.0496	15.5692	13.1639	13.4532	13.5277	14.3905	14.2779	10.4913	6.75635	20.4045	22.0045	11.9311	3.18455	18.4551	12.9	14.6434	10.7242	19.7079	18.2236	5.8429	12.8996	16.5213	7.37633	19.4137	13.4498	27.0228	18.4142	14.6179	8.61983	19.6284	21.1902	13.1048	7.90515	8.59818	2.75287	10.208	13.2297	7.2419	4.30467	7.64356	20.783	22.8517	2.06441	0.177102	0.531291	4.88647	7.8491	9.34781	8.80133	4.89932	3.73071	9.99395	8.88378	1.67963	7.93617	9.97275	8.89564	11.3604	17.7192	10.2054	13.208	14.3933	8.80652	10.5779	12.779	13.3105	8.03201	4.94968	13.4051	8.20877	7.43226	7.4918	6.60908	9.99378
3.67978	2.16054	1.18774	6.07557	7.02159	11.8543	12.1353	7.92584	5.21773	4.85112	3.14984	5.37865	4.44999	3.64587	7.90826	5.26804	12.3874	1.63226	0.953535	2.63078	6.09335	4.0353	6.80106	4.87324	7.13857	8.45649	2.12407	8.58357	9.30297	0.395963	6.87545	5.02711	4.3473	3.79656	1.58354	1.80532	1.27675	4.44993	6.20404	5.49842	3.30454	3.98875	5.19703	5.47571	0.531245	3.48383	7.71639	3.16467	9.11701	3.55485	2.50272	5.6318	5.39039	4.74756	2.55235	5.52637	3.67978	1.58347	1.77914	3.14968	3.01282	1.84822	0.730098	8.80021	11.8689	4.63823	10.8696	1.0624	11.6382	11.3334	11.274	7.91791	8.84194	15.7766	11.5502	3.37922	7.94896	8.02364	6.0222	10.5754	8.09932	5.2917	10.557	12.0323	10.3038	5.13379	4.12687	3.62856	4.99905	4.27873	3.01282	3.02843	5.22976	4.82523	6.23361	7.87925	9.8336	11.9486	6.41897	2.67784	7.224	10.0573	15.12	19.8818	11.4845	7.81687	13.3602	7.84069	10.0036	11.9137	24.2892	23.0041	17.4394	8.73955	1.6702	9.85782	16.1151	19.6222	16.061	2.96582	7.56218	9.48966	13.7507	7.42332	22.3434	20.2378	12.5648	6.3587	7.84809	3.95353	8.61719	15.6151	17.8113	18.9495	11.8543	6.25614	6.55227	11.5653	21.8085	14.9466	24.4467	18.708	21.9042	25.609	15.4111	17.9983	20.9999	19.5916	10.0049	5.41616	9.66164	12.0593	3.09481	13.6361	10.5345	22.2088	14.8218	13.4646	25.6267	13.3122	12.8931	21.5852	22.6935	11.9003	9.20009	11.8056	12.2576	15.2803	17.248	15.7481	10.7439	15.7771	11.8706	21.5032	9.83315	4.06615	4.59777	3.97322	7.6027	8.95106	9.08572	2.67787	14.5108	25.4262	27.9132	25.0119	17.8913	10.4446	3.95357	7.71444	25.5901	27.385	29.8443	27.1645	14.4368	8.02333	8.6558	2.01829	16.3943	23.7028	28.3485	20.901	5.21793	17.1141	18.3981	23.0418	19.5584	25.7122	23.0885	22.2703	15.3888	13.9148	17.5009	14.744	10.3403	6.46678	2.70692	6.32208	15.0469	18.7775	20.2456	21.8906	21.8657	14.1523	1.59337	0.751292	1.52296	5.651	4.94912	0.559988	6.4885	11.5658	9.70375	1.27675	2.63066	9.30946	14.673	15.0061	11.3019	10.3099	16.8519	12.8431	12.0436	5.69211	0.39598	6.1363	9.03211	12.9557	15.5387	19.4981	15.3426	9.78597	11.3019	16.9086	21.6191	22.4164
4.50502	4.80535	2.36107	1.97885	4.36487	10.3697	7.73172	3.55448	5.48096	9.59029	9.26307	4.9205	3.0125	3.64536	6.78006	5.63968	12.8139	0.791805	2.7974	2.63039	4.25641	4.41781	5.84419	8.24017	4.27466	8.64423	6.18339	1.97888	8.81152	8.9905	1.77895	6.15348	6.45686	3.09449	0.177067	1.91452	1.97888	3.26148	4.78278	3.87755	5.82578	5.09694	3.82478	6.97667	0.395922	3.64533	10.2046	4.0389	9.80915	4.89818	1.63203	9.74436	4.67775	6.12301	6.71183	7.47395	3.54128	3.28995	4.06956	4.2712	5.9983	7.24691	8.26641	6.56083	11.8689	3.87755	9.66075	10.1712	2.76382	8.94989	6.21329	14.6044	8.03013	11.0767	14.2695	2.63041	3.37887	2.12384	4.20137	5.44961	3.75902	4.20124	7.68412	9.26296	5.24088	7.73746	5.78053	5.70244	8.44154	10.8083	9.57607	7.55962	6.06238	8.7993	6.85447	13.8208	4.24187	10.8754	9.28259	9.43294	4.97378	15.5429	10.1635	16.0973	15.4513	2.50255	12.0386	8.75296	3.87737	19.9753	18.1541	17.2098	29.8876	26.5851	22.0217	24.793	20.9984	23.6985	16.827	4.11151	8.33048	9.99639	12.8885	15.548	5.38957	17.8342	17.9974	11.495	8.99908	10.3032	12.1341	12.0765	2.01808	13.9335	8.10767	1.51254	5.16948	6.30922	13.9958	16.4782	23.5492	9.72313	31.9037	23.5534	25.9064	34.4554	21.5546	6.53265	6.12332	12.6393	15.6135	14.0618	3.64552	10.2866	5.49784	15.9793	2.70663	9.12441	24.4472	26.4618	29.6859	26.6744	16.224	2.26645	6.00875	7.26166	3.0125	7.96175	11.248	7.32483	15.9456	19.6056	2.91779	20.5147	17.7349	17.0193	17.1939	13.4561	9.59656	7.40395	4.1604	7.47985	12.4278	12.3187	16.3621	20.6969	18.602	14.4992	10.5062	5.43821	27.2323	20.5028	24.5964	24.4756	12.8688	3.64533	7.29091	3.52366	16.1853	14.0164	16.5657	19.5503	8.63916	13.5584	20.4525	18.5671	27.3661	31.0963	36.0531	29.0147	21.5188	23.6178	19.4178	6.64495	7.60207	15.8665	18.1505	13.3343	4.19009	9.57138	9.13137	6.09294	4.91082	5.4837	4.58384	2.8583	5.69144	6.18339	1.07695	5.64781	8.09826	7.28073	13.4026	8.15859	8.2718	14.3472	14.7426	3.62837	11.7299	16.5257	12.7144	4.88553	4.58707	6.52571	9.65927	12.7825	15.1251	11.8583	4.95814	8.10779	10.0387	11.7327	10.6141	8.58422	4.59381	3.41564
3.18851	7.57076	3.95265	3.78368	6.17534	9.57012	4.73988	5.96924	7.57684	2.90147	5.48326	4.08064	1.03225	2.01785	0.559863	4.33227	8.20239	1.6698	2.65382	2.92813	3.91307	5.14805	7.75075	8.01045	4.0691	6.45598	3.91319	7.97801	2.74645	10.6677	2.4067	0.500754	2.13102	3.86109	3.51009	3.77942	1.11965	3.92508	3.22746	1.06219	3.74627	1.42712	5.36033	6.69949	1.00148	3.58031	10.4191	5.41512	8.64348	4.0691	4.62387	7.76041	4.12629	10.3223	6.52499	4.70391	2.5333	6.92308	6.03888	4.51511	4.08064	4.90724	4.30333	0.953387	11.3768	8.1599	4.58344	1.80497	4.55943	7.76062	9.13532	10.1224	15.1838	16.4162	14.4342	1.66988	3.41534	1.27656	3.81634	3.18856	3.7795	7.05509	4.59689	2.15294	3.82463	6.80658	3.87706	2.74653	9.09219	18.2928	19.3852	11.8233	10.1091	6.73395	8.37338	11.6092	4.12232	5.86503	12.5859	14.2444	5.02294	13.101	17.7212	20.4009	18.1047	8.26572	11.1071	12.289	15.2013	19.0993	14.9577	32.3768	26.389	9.19008	5.14815	15.8579	22.5216	17.4364	0.354101	8.29887	2.15291	10.111	14.9347	11.5392	13.2778	13.3055	11.1789	11.8691	2.30724	8.29319	4.27813	6.03388	14.6391	15.2212	5.83324	1.18751	3.82445	4.74008	10.5964	14.7242	12.7132	3.97232	24.7111	23.9212	30.5268	18.832	10.4152	22.325	25.6234	26.8293	26.9154	24.5275	9.2147	3.01224	3.36477	11.0717	6.80228	2.67732	9.92287	12.5215	14.0114	4.34647	11.0275	20.4397	23.6532	24.9782	22.1597	12.5435	3.04334	5.99765	13.6336	18.8456	14.9576	4.0691	19.1881	26.4837	26.3116	20.5629	7.40534	1.84782	7.41348	10.6919	19.7297	23.3676	23.7118	22.6225	17.881	12.4743	9.12363	3.33692	19.5744	28.1019	30.935	20.6191	7.58321	13.3665	18.9461	15.7072	5.343	20.7769	27.317	24.5143	14.2689	10.6077	5.99791	1.95484	14.886	16.6291	22.9591	8.83304	6.41792	10.3951	15.1502	18.0073	17.921	15.7785	12.5777	15.355	12.7222	2.90147	6.41795	10.4426	13.5348	15.2141	15.922	15.7928	10.4426	2.90147	6.03357	4.94828	12.0963	9.91871	9.43191	3.01233	7.56892	13.5223	7.8466	13.846	20.1958	17.6753	14.5881	11.0222	10.8873	12.2421	8.21022	3.2467	5.00145	9.70041	8.86085	8.26554	1.03225	4.63739	9.53073	11.1348	4.75625	0.63833
3.48294	6.50049	8.19595	7.30451	10.2793	14.2217	11.0167	4.33172	6.74454	2.62999	3.57561	5.92971	2.01769	3.13388	4.47307	4.82072	7.05007	6.69663	0.729881	2.85765	2.96494	3.78328	7.57624	4.60655	4.66341	5.60814	2.50211	7.39619	8.64474	6.75378	4.52497	7.73037	8.26484	6.12215	3.18828	4.50411	4.12189	4.9479	4.99472	4.36404	5.41456	5.49691	6.34957	3.91266	0.531087	1.42699	7.64054	6.88022	2.85765	3.64477	5.65766	2.32722	5.88794	6.80819	4.17067	0.395845	6.69876	8.80972	3.37833	0.902634	1.25165	5.99985	8.33643	7.19452	9.44715	11.5175	13.6158	11.2551	4.03798	8.48132	15.4679	2.23815	9.65893	12.1342	7.49501	4.82064	3.57994	2.53304	4.12572	4.06495	5.58073	8.00981	8.6162	4.41714	9.72435	6.30828	3.92474	7.12598	12.0559	14.6488	7.74203	19.1736	10.1378	5.74454	13.8854	12.2092	7.97718	3.72935	9.06971	11.8482	3.95224	3.95236	3.52288	8.48092	10.6862	3.39664	2.13816	5.47992	16.8139	21.1053	11.5467	22.0244	3.64053	17.7062	18.0512	11.4395	3.48726	4.11056	12.7521	9.83076	13.8852	5.05927	5.63041	6.87344	17.9622	15.7722	16.042	9.70694	5.84582	8.26467	5.8644	8.65139	5.16856	10.7202	10.8187	5.68237	2.00215	3.55376	6.09178	6.06897	3.14875	11.5584	16.1336	2.45787	10.5778	15.4904	25.3104	21.2606	14.7616	6.65067	19.779	24.0249	6.90901	4.24105	2.91716	5.05637	9.69942	10.4415	10.9559	8.14595	8.35649	10.5741	14.0604	14.4166	4.97277	9.0609	17.2993	12.7105	1.42697	4.75244	7.39619	15.5225	19.8327	15.5337	2.70024	5.38879	13.2855	19.1841	10.8447	7.85388	5.48265	4.54194	8.13644	3.72935	4.77212	12.3841	12.7202	8.26489	1.77861	4.91956	6.77888	5.14758	9.43116	11.4813	9.83076	26.505	25.6332	26.5018	15.3349	11.3394	14.7506	8.73699	4.0072	6.88031	12.6659	18.0875	14.9284	8.60928	9.14265	15.8911	21.1233	19.5949	14.9734	6.06897	6.12215	14.2514	18.7361	19.9423	12.3924	4.55918	6.88016	6.71731	3.7791	0.500728	5.21343	10.5557	11.8509	6.71032	6.17205	1.95466	8.55804	9.63087	3.82423	3.60599	5.4001	7.18575	13.3962	8.41092	14.4647	18.7011	6.13468	3.40139	5.40316	3.48742	6.23916	9.32773	5.68235	5.4001	6.71725	14.9281	11.0575	7.77769	8.44333	10.2497	6.63668	5.54177
5.26623	3.18794	10.882	7.963	4.78145	10.7772	10.9067	0.791617	6.76899	6.1941	8.18073	9.96796	1.63163	5.89519	3.08847	3.02727	3.87647	8.99977	3.24608	2.852	3.98732	3.60575	4.75533	1.77845	4.09888	6.01979	5.24855	5.68186	5.33635	4.90945	11.4192	9.91985	3.75816	1.52245	4.51425	7.25326	8.83822	2.50176	2.30678	1.97838	4.37437	5.26623	3.60575	0.885022	1.42686	1.28852	2.29996	5.68162	2.94351	2.70588	1.63157	5.44831	8.10561	2.87925	1.80463	2.53292	5.99133	7.95347	5.33635	4.31351	3.32222	3.32222	2.62977	1.74286	1.90581	1.66956	3.433	6.15909	12.8024	2.15982	19.4397	7.15105	4.27347	5.02207	6.73274	1.28852	6.46451	6.95059	4.06841	5.57997	1.58287	10.1547	10.7232	6.87956	7.92283	11.063	9.64875	7.55954	11.0251	15.9949	21.1554	21.4726	7.39347	9.57936	6.36824	7.74335	13.5372	12.4719	12.5754	6.00708	11.1862	13.5161	9.1222	8.26396	11.6848	7.56748	4.71284	2.94365	10.0534	20.6529	6.84162	24.3918	10.4449	16.4732	9.99959	18.5475	4.12529	5.08332	12.5714	10.7791	14.2172	5.24827	3.7498	5.13186	11.696	7.25947	2.23795	7.09945	7.75914	4.37065	2.57573	9.89081	10.3004	6.349	7.59152	0.177018	1.84751	5.5412	7.01232	5.60512	10.611	14.2163	13.2536	10.8728	12.2434	20.6584	12.9337	8.18061	22.1877	27.2885	29.1264	21.7108	5.47944	1.7518	3.43288	1.07663	4.9097	14.1495	17.0556	15.8193	9.38378	8.61393	5.16804	8.60854	13.7841	21.0448	20.7295	11.25	2.23795	3.41469	3.18796	6.35639	17.1976	20.5279	14.6452	23.8526	24.644	19.625	6.64311	3.16345	10.1254	19.7639	24.9198	24.5893	20.4463	16.3297	7.63999	10.5163	12.2338	15.9818	22.0404	25.2776	23.8071	18.9926	11.5576	21.4672	18.6895	31.1235	22.915	1.51212	10.6662	14.7855	12.9881	13.1812	12.8748	6.70522	8.18049	15.045	6.3709	15.8892	8.99669	3.71631	8.69467	14.0583	13.9375	12.3928	9.99979	6.9328	4.59262	5.00049	2.32705	4.24808	9.0237	12.6962	14.6688	13.6986	10.1371	6.16903	5.4481	5.38808	1.07663	3.0426	3.87632	5.19504	7.71184	11.81	14.2774	15.3753	9.96371	21.2877	13.1008	7.56748	4.99738	8.02827	10.8658	6.74401	1.51207	3.12858	12.0142	9.31222	6.77829	10.8784	13.6699	15.9559	8.23057	2.23795
3.88805	1.38211	9.15579	12.6148	11.9397	15.0446	11.035	2.13041	9.5056	10.1359	5.76775	12.949	2.62938	6.66064	2.3733	4.79717	5.96787	7.42779	4.6625	1.03201	3.02187	2.6999	3.00618	1.52222	3.01135	2.61151	1.07654	2.50161	1.11934	10.0344	9.16058	8.54915	10.2775	8.15544	9.64299	13.5202	15.0397	8.17214	1.11929	1.76951	2.30658	2.12305	0.638182	0.250308	3.25056	4.17015	4.11	3.16299	6.17108	3.97137	4.88383	6.32905	5.48169	2.55115	1.60241	2.3602	4.59557	2.13767	4.27328	4.43044	4.66612	2.85179	4.78098	6.59841	3.85999	0.791547	3.71604	4.88369	11.1796	12.1419	19.0173	4.06804	9.28533	7.08369	9.98823	7.27159	2.29984	5.91554	4.97515	9.66187	10.9063	14.7139	4.19984	4.45815	3.87616	11.1958	6.77767	8.39998	9.87583	2.13039	13.5916	9.74244	12.6989	9.98671	13.2011	16.3872	10.4123	4.63603	12.6812	12.695	10.189	7.96237	13.302	13.3938	11.4376	3.00626	6.94799	12.8818	10.2732	15.8546	11.8159	16.3896	6.80001	13.7865	14.3775	14.5666	5.35898	3.64418	5.08303	10.8183	6.90801	6.06014	10.5723	5.19169	7.4029	8.00813	3.74944	3.72869	6.48502	3.77842	4.03334	2.30656	4.09855	10.6814	6.32886	7.37224	10.5368	11.905	11.148	8.67657	13.8861	13.2622	7.16724	6.93209	9.03613	19.2101	22.7556	27.744	22.9356	16.526	7.92204	9.62902	11.8652	8.85841	6.12109	5.68135	7.04654	11.0551	13.7415	18.1384	11.9156	4.38788	2.87899	4.31313	3.53993	11.5726	11.944	3.5531	12.2382	15.9664	16.8024	9.86994	11.7329	20.1904	12.9553	5.51244	10.2995	14.8451	16.2184	25.4008	30.5201	27.7658	13.0105	14.925	19.4455	11.8633	6.7323	12.271	6.74599	11.6059	12.5033	6.5229	12.2131	14.0579	10.3051	16.6708	28.0209	30.4324	14.0418	14.8635	11.116	12.2455	2.6999	1.11934	8.12769	17.412	20.4673	14.4534	12.767	19.6885	7.01829	5.70008	7.25869	10.0601	11.6219	17.4636	21.3814	23.5906	24.9548	25.7704	23.3986	16.2633	8.32738	5.48164	8.76885	12.3751	12.9464	8.81721	1.13325	7.55887	10.8445	9.7475	5.23921	3.01144	7.67143	9.48541	7.64741	22.1388	13.8005	18.2312	7.47082	8.11798	3.50911	6.35554	5.3991	5.83152	12.546	18.3484	22.9315	18.3741	9.37647	1.88094	6.13334	14.2844	8.91925	5.83157
5.4951	3.81488	4.88335	8.69303	7.01106	9.1068	4.50283	3.75725	8.48578	10.5056	10.4214	14.4705	4.97149	6.87152	6.07997	6.88936	4.30182	2.1302	3.47289	2.91635	0.176984	1.3476	2.57523	3.36348	3.87558	4.2981	4.12464	1.2513	1.25128	8.44274	11.6677	13.6035	9.49237	13.1594	15.2462	7.01084	15.0125	9.59168	1.82159	1.34765	0.88483	1.27601	1.00105	0.353965	5.23842	7.22005	9.58112	8.22928	1.2387	2.25154	3.5219	1.80428	4.037	2.92712	0.729677	4.27265	3.57892	2.30634	0.707902	2.92712	4.24726	5.05496	9.1068	0.729695	6.74268	4.21422	6.52955	4.46838	7.51745	6.36721	10.1881	5.8864	9.31046	3.89178	8.036	3.25027	2.15208	4.4263	1.25124	5.26522	8.91892	4.09809	10.4999	9.34172	8.45169	8.08883	1.3476	9.6715	8.99807	9.49541	10.6581	3.12798	8.2382	7.40049	5.92831	7.74759	7.08938	11.1081	9.58585	5.8229	11.8291	11.9435	5.36688	7.64635	6.93148	4.64549	12.3162	15.9824	19.1806	11.4562	6.98476	18.0461	10.6248	9.0671	3.48645	8.7489	13.3141	10.7059	6.07209	3.24546	3.75725	9.58066	4.18812	7.56788	5.48113	8.80743	10.3638	12.6846	16.7729	2.26527	10.5792	9.6715	5.36716	14.1046	5.48116	2.15212	3.16271	5.47266	8.78149	7.09776	18.3215	10.1072	6.69706	13.092	9.99934	9.43986	14.3242	11.5231	3.57909	10.2018	14.7119	19.2428	22.2762	19.972	14.8119	13.548	6.9671	8.10401	15.8115	16.178	17.6886	8.90014	3.88768	9.32377	13.7805	17.3497	19.326	13.1164	16.6418	15.2305	17.822	17.1154	1.52208	12.5857	11.942	8.88279	9.06722	9.70426	5.24727	19.4161	11.1092	5.09145	22.9923	30.7891	18.8751	4.45776	11.9829	5.89437	8.50015	13.7813	18.7132	23.7498	17.6308	8.33593	1.90551	5.91526	10.7378	11.3149	4.00608	19.0748	8.95919	9.42834	12.4557	13.1643	12.7991	8.99126	4.47175	6.70862	8.28981	16.9192	8.14332	5.19115	9.36099	9.99177	6.55795	7.16905	6.11037	7.22449	11.4406	12.343	13.9647	13.6753	12.6932	7.59814	0.884875	1.51178	0.902364	4.03685	9.62791	13.2218	14.4532	11.1002	9.61087	9.88895	8.12867	7.46632	4.95578	14.6449	11.6511	8.8177	9.26526	16.9421	14.389	3.9983	11.252	13.3014	19.9234	17.0076	21.2008	20.056	10.2473	14.2121	13.3053	6.15791	8.11738	6.41555
7.09705	2.92671	1.13296	3.62609	1.95392	7.22577	7.89948	3.0419	5.21152	11.13	9.67894	7.35179	1.80415	3.18705	2.51348	4.34436	1.13296	6.69642	8.95884	9.15084	2.18794	2.96381	2.79597	4.9709	3.43193	5.52264	3.60473	3.88731	1.27588	3.85911	2.85118	2.45693	5.08206	4.88266	15.7127	17.7228	16.7084	8.62201	2.37298	2.55049	2.40568	3.87538	3.39557	1.67835	5.52264	9.19841	3.37702	8.8819	4.10899	2.65848	5.14572	5.98998	6.23721	7.32702	5.92775	2.35967	4.47131	2.06295	1.42642	1.03181	2.61101	1.42648	9.66748	3.98619	8.38208	3.01086	5.81708	3.81462	3.18697	3.89132	7.851	5.81727	4.07873	7.91311	5.3086	1.27596	1.51163	4.62147	2.76208	6.16721	2.00141	4.55721	10.4986	5.34044	15.3119	9.22999	3.18705	8.32558	4.06343	7.63769	3.3211	5.68844	1.03181	3.75712	4.09769	10.3968	5.86203	8.19291	3.0419	11.9997	6.10941	7.0972	10.8713	16.0484	13.1714	5.44932	16.5845	12.6166	1.23858	11.7117	13.2202	11.8814	7.09748	7.40156	8.80641	3.81462	5.29667	7.58929	8.11644	7.89948	2.8567	7.83537	11.7979	7.98204	7.57318	10.6756	10.367	5.53664	18.2721	14.7816	12.6786	18.364	4.84791	15.3293	5.43509	3.53925	8.67492	13.5177	11.2258	13.9664	23.1524	3.4	14.7826	6.69645	21.554	26.3031	20.5336	12.7169	10.7969	14.5143	23.1189	26.5461	27.5992	27.5412	16.9569	5.44679	13.448	9.95953	19.9709	19.6757	15.3119	5.39806	15.371	15.5577	7.46979	9.6705	11.4816	11.1441	14.5727	18.3411	16.076	26.2933	22.141	11.706	6.74198	16.4385	17.5196	19.2095	17.0682	27.6086	31.8772	33.8773	32.0855	17.4236	4.13541	13.6133	3.16239	11.2467	13.2202	10.1876	12.9846	5.74515	14.8971	22.7909	23.6307	24.1324	25.8721	23.3595	13.2304	15.4841	17.5713	19.6596	25.941	26.1473	27.4512	19.1526	13.5114	13.6779	7.72757	10.6485	11.712	14.6883	21.1451	20.4664	17.6855	18.5223	19.7287	20.6212	22.756	24.4184	24.5756	19.5448	12.7349	5.60601	0.729628	2.13726	1.63109	5.4465	10.5356	6.16721	5.86224	2.13006	9.05807	17.2813	17.9445	16.6416	11.7031	6.45286	6.59673	7.2512	17.8112	14.6443	22.9979	12.0805	7.24289	20.2146	25.271	14.4599	30.2128	27.7274	13.5511	6.97317	5.29684	18.7758	25.2226	23.5806
5.41185	2.53195	4.00531	0.729555	5.57806	3.01066	2.67582	6.32707	5.11778	4.19859	3.57393	3.00028	5.74457	4.41511	6.15669	4.90757	1.3818	9.9126	2.13715	11.215	2.89965	3.01058	3.01058	3.50789	2.06264	5.36586	1.34734	3.50789	3.14726	4.45691	5.48012	4.51252	3.50807	3.92277	2.8998	5.68785	5.92693	3.00013	1.74219	4.03221	2.12973	5.66865	5.78482	6.57752	3.18183	10.179	10.7292	11.398	7.49151	6.8027	3.3767	4.38688	3.74843	4.32978	5.3051	3.80609	3.53893	3.81424	3.87901	3.50807	4.4709	2.15888	7.51574	4.84718	7.39254	3.02607	6.03019	3.68978	5.77659	3.08726	2.79557	4.21322	4.45691	1.07623	2.91579	2.76762	2.30585	4.24632	4.59425	5.53612	2.83441	4.66454	9.09838	6.97648	14.92	2.12973	3.50789	7.47494	3.28794	1.91335	11.2141	11.4293	8.16986	0.637993	3.43156	8.26084	10.179	13.6802	11.2407	17.228	12.7981	3.35351	7.5566	13.2453	14.4766	5.40035	13.6728	15.0549	21.5106	18.4203	5.39757	7.2187	5.71217	9.58988	8.23664	5.14519	1.11901	11.363	16.6905	15.7329	9.25675	3.77725	5.1451	1.97756	13.2099	13.9248	13.4464	18.4761	6.74166	5.76606	6.23162	21.4977	6.73018	10.7733	16.9054	21.293	20.2637	14.9701	7.56664	8.58388	23.259	9.98557	10.2087	23.1276	16.5365	14.0702	17.4974	9.05866	8.28858	13.7405	17.6174	7.18447	6.01744	23.869	19.727	12.0898	14.1622	5.60551	5.38627	4.37269	5.86147	4.41851	19.0714	10.6859	23.3575	23.7495	20.2762	14.9712	17.6386	27.0291	17.4601	27.2379	28.2044	19.1373	6.87675	9.77088	11.3839	6.86799	1.03165	7.00951	11.0592	13.2291	6.76641	13.39	20.8765	19.2894	13.0338	17.4797	17.6657	15.0361	11.476	9.59646	18.0425	6.80294	3.87483	9.29779	14.7245	17.9795	11.2243	11.7297	21.3111	14.3933	12.1191	17.5594	25.3236	16.3933	8.43422	7.29266	1.9776	7.36973	4.75349	8.45009	13.7786	12.2436	12.2761	10.3892	5.96611	5.84059	10.2921	12.2761	11.2366	7.2187	3.28777	4.99858	9.6405	10.8743	6.86811	2.65236	10.8411	12.2485	14.5208	13.6091	17.2927	14.8409	10.9505	13.9815	12.6039	4.41507	8.74694	13.069	13.5416	10.9069	25.8017	14.2877	2.79568	15.238	27.2376	26.5963	25.726	15.6765	3.08728	7.46875	14.9288	23.7843	22.646	27.8684
1.58209	5.96527	5.89273	7.98039	1.84656	4.92308	3.53857	6.36515	7.59591	1.07613	6.2504	4.85632	3.91059	2.01656	7.9553	6.41334	1.63086	9.60787	7.4644	10.7277	4.36854	3.09216	4.88196	3.32065	2.69305	5.82138	3.87467	2.70452	2.55	6.01671	4.25315	4.2459	3.37651	3.30167	3.48526	1.76883	3.71041	4.50159	1.18677	3.25886	3.01028	7.13243	3.25909	8.14094	2.23696	5.99634	7.16705	7.4252	4.32938	7.98039	8.60624	3.7147	0.902125	3.55605	4.81791	2.13696	4.34353	4.7792	3.96981	3.12727	5.43415	5.14443	5.01956	8.08672	5.86096	1.45869	6.23559	0.884568	4.07785	5.09027	3.7564	3.95013	9.825	4.25327	5.67884	5.14474	8.23616	2.2989	5.31911	1.27572	5.39703	5.05353	8.35146	6.4612	15.0111	4.52245	7.34854	7.80849	4.90739	4.76945	7.56567	8.5688	9.05577	3.28765	1.07613	3.37651	11.3693	20.5265	9.28227	16.7052	9.69553	2.82864	8.73773	13.2079	16.3625	4.07801	7.06129	13.2622	12.5088	5.91072	9.50712	10.6471	9.23128	5.18943	8.00535	6.45163	16.3329	13.2722	9.11741	13.08	9.73702	4.75303	4.06265	2.29884	12.309	16.0311	6.52041	14.1092	13.7268	7.78861	1.82108	16.0172	15.6973	8.00543	3.09197	4.12328	12.6803	12.6803	8.72158	3.95019	16.1494	18.8399	15.7605	1.11891	24.1955	33.8206	29.5855	20.311	18.519	24.557	31.3187	33.6281	34.7527	34.0449	17.9847	5.21321	10.9499	19.7697	21.9654	17.462	12.9956	7.48483	10.9696	9.19727	14.4802	9.5889	6.80434	3.89058	17.361	30.3387	19.1249	15.6418	25.5386	17.9251	10.0366	3.20104	3.53418	8.22699	13.9209	14.5906	12.852	13.0662	12.3205	16.8507	17.7757	15.0726	14.5906	19.2621	20.9316	17.2325	16.7158	13.6892	11.8639	9.23158	22.7915	24.983	24.2678	17.7163	6.75014	7.21577	18.0171	28.4459	33.1836	33.0306	28.1614	17.9312	13.9033	12.928	8.91628	15.764	19.8279	26.2453	27.482	16.1947	4.16855	9.54497	16.4807	18.053	13.7303	11.1614	14.5196	13.3246	10.7575	14.8743	17.9588	19.5691	18.9782	9.57787	7.91326	4.12356	2.30567	18.7311	18.3559	18.9841	23.1493	21.4363	13.6295	5.77619	8.19689	13.4919	12.8186	22.0537	23.4661	9.49281	3.7147	6.19874	14.4071	12.3705	1.91318	15.1327	11.4019	9.09744	17.3051	20.1138	17.5478	26.5242
5.05303	4.70008	4.02762	7.50004	5.96469	1.82081	4.12299	5.30689	6.61118	0.95262	5.99566	7.04528	4.18652	4.41427	11.0083	10.8348	3.02549	4.361	3.62527	6.24991	3.72671	1.67792	3.22504	2.40495	1.63069	3.87424	4.92259	1.66859	1.27552	4.99736	3.01002	6.94663	5.26321	4.27485	2.29868	0.791161	0.791128	4.46653	2.62828	3.36221	0.791161	4.58998	5.75696	6.25735	2.32568	3.41272	1.77741	1.52157	4.36118	0.395599	7.76266	9.44103	7.55322	7.31854	7.44089	4.7787	8.58225	3.60368	2.4816	6.36726	10.0825	11.5674	1.87992	6.57642	5.57705	3.041	6.245	4.253	5.89212	7.94346	8.25943	9.98201	8.86071	8.37445	10.0597	7.45511	8.94738	6.76512	2.30547	4.91631	6.4963	8.09164	4.63379	10.2723	12.7035	3.12678	6.63218	8.47562	8.33103	4.50118	8.63909	12.1834	1.34713	6.94463	7.73892	3.20078	6.49621	16.0298	15.4486	16.563	7.7249	19.5831	20.182	20.0601	20.7972	12.7866	5.12904	4.92246	5.52409	10.7226	6.1655	7.69134	8.12336	2.06224	5.60461	14.7332	15.8666	18.5785	23.1262	12.3383	4.98206	14.6049	14.6665	7.08668	5.53506	14.1729	17.0378	11.7594	8.48256	12.4333	18.4437	11.332	5.86821	8.08596	11.9736	19.7191	23.9485	19.3678	12.0214	6.6301	10.7172	24.76	20.6499	23.7779	25.5802	16.0932	9.60701	1.95336	3.4805	7.58132	13.3581	12.9131	7.80386	9.58807	12.6299	19.7741	18.7824	20.5493	21.1358	17.1485	12.2555	7.64344	2.99971	4.84625	10.6992	16.8457	8.2352	3.94979	13.8136	22.042	22.2035	28.6339	23.3197	3.92214	18.922	17.6556	10.0483	7.73892	2.51278	5.14419	4.74955	1.13264	3.01009	7.5529	14.1661	20.6937	23.5324	19.9351	19.2434	17.6556	14.9639	10.2786	10.8599	17.5772	20.4352	7.93186	1.94533	10.3077	14.5449	15.4256	11.6431	8.32329	10.6208	10.2067	6.57642	2.65185	1.38146	1.23822	7.8562	21.9617	18.7144	7.89719	24.8903	19.8735	2.00072	10.0058	14.4551	8.63694	11.2473	8.47715	10.3945	15.8462	9.55072	12.7038	12.5401	10.2566	21.509	18.1577	4.96944	3.74352	1.97716	11.8541	16.633	21.1964	16.8492	10.5867	2.83387	7.55493	15.4692	16.5527	7.39949	20.296	11.7489	2.06982	3.72688	5.01619	2.85036	7.74465	12.308	11.2738	17.3237	5.30689	16.7901	19.3685	30.2718	32.8744
6.20718	3.41254	8.94695	9.9148	7.22302	3.72655	4.90328	1.59169	6.46022	6.5382	2.54951	5.64522	9.03084	6.24438	6.22946	10.734	4.91564	1.80341	1.28761	3.82112	3.00962	1.91269	1.18648	2.51252	0.637773	1.60146	3.90182	4.58966	4.31066	5.85994	4.73603	5.74272	2.3255	3.00971	1.25071	0.901952	1.38131	3.30116	5.12871	4.75238	3.98466	2.0162	0.500317	2.4046	1.76837	1.95317	3.80502	4.63318	0.707562	5.62308	2.9417	6.84826	7.96383	6.96383	5.47855	7.63464	14.6839	6.74214	5.64247	8.71652	6.15495	14.9215	4.91564	2.50017	2.40473	2.87719	3.37563	1.27547	2.1871	3.92163	4.4244	9.64377	4.15647	7.1202	8.82548	13.5062	15.5994	5.92549	9.22632	8.63834	1.1326	8.68877	9.04283	15.5199	9.29492	6.74862	7.483	8.39521	4.06568	11.2832	7.46656	2.30526	7.66656	1.63047	8.91419	3.00971	9.20317	12.534	9.29492	6.62943	16.4022	15.5077	11.2837	21.9837	17.1791	11.719	5.82819	1.34694	1.90452	7.57056	9.87847	4.66014	8.15301	14.1588	7.69078	8.15095	17.1859	17.1147	8.13023	11.0127	17.7934	12.1352	14.1805	6.38571	10.9245	14.0452	6.66619	8.77742	7.23334	18.3084	18.011	11.7667	3.85763	8.09088	8.11337	13.3986	13.8843	5.64247	2.15109	2.0161	10.0229	16.1608	16.3815	9.03101	16.7851	23.5799	18.3138	9.60017	6.9638	8.93505	16.5978	22.0688	22.4298	23.6734	22.0781	14.1881	0.500317	9.95578	15.7575	18.9628	16.9013	11.8396	7.35134	12.9101	3.18583	19.0387	7.34687	1.00056	13.3476	10.1758	12.2692	17.475	5.05541	24.2826	20.2482	19.5887	6.85017	6.93741	14.0403	14.8745	12.4228	9.32107	4.0351	3.87393	10.9682	19.3469	21.1194	18.6288	16.6356	15.6936	17.3422	21.0206	22.0081	17.4437	10.7702	4.29613	12.7118	11.0937	11.933	13.5236	14.2163	17.1138	8.39534	4.24525	3.92171	2.35884	7.40713	9.91339	7.31798	16.5507	21.7172	22.0429	25.2089	16.4319	3.88981	5.50929	13.109	15.3067	14.9173	16.3683	13.3602	13.5414	6.36437	11.0488	8.89562	3.78045	22.8748	18.7039	1.63047	3.9218	6.71219	6.70546	8.48218	1.63047	11.0937	14.6023	7.47936	12.9826	16.7378	10.4619	17.6928	21.6686	3.09138	6.24461	12.573	12.8291	9.20692	4.65982	12.2002	15.4973	16.891	5.01575	13.4198	16.2131	15.1497	6.1173
5.99452	5.53401	2.65141	3.00944	3.2484	2.26408	3.49784	7.32321	1.25054	8.32902	1.07582	2.37172	6.02789	9.43921	11.0617	9.13496	1.34682	3.12635	3.31953	3.25795	1.82046	2.48112	2.15816	3.64157	1.97684	3.04027	1.23798	2.37182	2.62777	3.81278	4.70924	2.65721	1.58165	1.63029	1.38126	1.97686	3.05055	4.07669	6.92781	7.708	8.10719	7.12634	4.41684	2.53095	3.13129	2.47482	0.637717	4.70913	5.15226	6.36352	2.84977	2.30503	3.70934	1.97686	1.87956	5.85923	17.9904	6.19694	6.61693	8.47566	12.0301	17.1562	4.03084	1.42577	1.74152	4.63271	2.37828	1.8461	4.88062	7.14561	3.88946	6.5186	4.79397	8.64417	0.952437	5.05211	6.36352	4.88036	12.4622	4.65942	9.72981	11.0926	11.8611	9.99206	2.15805	3.9958	6.96291	11.0922	8.32171	10.8767	12.6109	3.48445	6.25607	0.952471	6.57508	7.43948	10.0339	10.461	10.8039	6.25636	15.8846	11.5039	26.305	25.8405	18.8651	15.0684	11.7207	10.417	9.43293	8.22461	4.81988	9.90583	9.96642	9.95583	10.4165	3.33357	1.63035	2.15088	5.28564	11.7768	7.87028	15.5506	21.1236	6.96312	20.758	22.2501	20.9204	18.2887	8.91343	18.4864	23.4388	19.2567	12.1759	7.09371	14.4147	14.7664	10.0339	6.07649	6.41188	6.70479	14.7655	6.40216	2.37841	13.5559	8.49558	14.8493	13.71	6.20676	7.89373	12.5891	20.3439	12.553	6.84729	5.49223	4.96864	8.94604	17.7146	16.9526	12.3146	15.3559	8.26321	4.98111	11.9257	17.0347	11.0078	22.7718	10.3591	3.74692	12.3235	4.92152	6.61924	4.99356	16.9872	16.2003	17.5071	25.471	12.6032	2.67479	5.57593	7.51324	6.57989	8.09941	5.8409	4.76807	8.43062	8.22433	5.02135	5.85918	4.76794	7.93018	5.30588	4.19687	4.06148	2.15084	8.0771	14.8469	15.3811	6.77323	6.93417	1.34682	16.0671	11.2412	10.3288	10.5737	10.0806	6.92107	9.40687	5.66649	6.22925	13.4411	5.3639	10.3229	13.0911	4.50024	7.95735	10.6217	9.05533	10.7318	11.4337	8.09952	15.4778	15.7317	10.4843	12.5506	13.682	11.6879	19.6825	12.1892	11.9911	12.1558	3.00951	3.75529	1.42579	9.48511	2.40451	12.0359	5.33227	14.3328	7.78645	11.1582	22.8107	18.5395	2.13625	12.2627	17.5921	18.7119	20.7253	14.5579	3.94891	11.9672	10.2704	2.92544	4.94368	5.12817	1.25052	3.63742
2.89824	5.69033	3.33343	3.18531	4.58867	3.13089	0.729184	6.46116	5.37514	7.39734	1.42568	3.42989	2.89824	1.50046	5.11848	3.88508	3.01941	1.42565	5.26148	4.58855	1.63024	3.14594	3.74667	5.82712	4.64247	5.43198	1.00044	0.952385	1.67738	1.42568	1.41464	1.94477	2.96222	4.37064	2.70348	1.60116	3.131	8.16595	4.7676	2.15063	3.48414	7.57915	6.11613	3.09098	5.72038	10.1746	12.1947	9.43212	4.98991	3.31919	2.06921	0.176865	2.40417	1.63012	1.74143	0.559268	12.5923	13.5692	9.88266	9.53387	14.7992	11.9551	3.64133	3.05032	2.70355	5.6028	3.39799	2.06164	3.53271	5.36328	7.0082	6.74751	9.76153	7.04118	2.26388	7.28308	7.61131	3.53722	12.9398	14.1114	12.8855	6.53717	3.6754	2.87684	7.21975	4.34211	3.87292	10.907	11.1125	8.34279	13.2992	3.57671	6.79519	7.34744	11.7763	16.0276	2.49969	11.8114	16.1683	11.3786	18.9639	10.2039	19.7394	3.04015	13.5789	14.2817	8.25508	1.77692	3.3566	10.8082	12.5496	9.47809	7.0586	11.1808	5.02069	10.6741	11.1172	9.33235	4.80016	6.3142	7.58549	17.9165	13.8433	10.6693	26.528	15.4206	12.8829	22.2628	11.8452	18.3264	19.1293	5.26165	14.6705	7.9086	20.2492	2.91447	15.5496	21.6661	16.6327	7.1021	11.357	2.21508	2.12869	14.1932	14.7026	11.8746	9.98518	15.0407	20.5968	21.6088	9.52097	17.1583	27.8907	27.1733	27.3295	24.245	19.1209	10.1034	1.34669	12.954	2.45566	13.0272	8.67	13.2699	12.4617	26.2429	20.1761	6.84924	8.58679	5.57513	6.38244	7.55112	6.4754	18.9172	28.196	19.1423	7.51212	16.8919	19.2575	16.4605	10.6348	5.94508	2.76068	9.11436	7.24697	2.94114	5.78211	2.06176	0.637651	6.4109	7.6091	4.42682	4.46875	7.42214	11.7472	17.7036	14.8525	12.8775	0.952339	5.75536	9.17862	22.9659	29.1149	26.5662	21.9488	17.0968	6.70418	3.37513	5.76306	13.3135	5.09112	12.5886	3.53724	11.0324	14.9149	15.2372	11.7197	13.8087	14.7948	2.67454	3.00405	1.00037	5.24378	5.62201	5.74163	5.78211	12.6061	3.87315	12.6715	13.4097	10.2401	1.38105	5.36325	6.19616	11.2816	9.95972	6.23322	7.99245	10.8803	16.6929	15.0478	6.00157	8.27168	12.4139	15.2763	7.80168	13.9725	15.6174	15.8147	13.1551	5.69573	3.57671	3.94868	6.25569	9.47826	10.4362
1.94459	3.88871	4.13281	2.69175	3.74615	4.94263	4.60183	3.08558	0.884173	3.55004	4.00301	3.3609	2.06145	2.67424	3.3189	1.50023	2.29776	4.16631	4.69851	9.62083	5.51922	1.80293	0.559218	3.77508	4.42649	6.10793	1.23775	1.67728	3.48362	0.53053	1.34656	2.21475	4.3593	0.395447	4.42643	2.49941	1.00033	5.68434	6.41066	10.9065	12.7579	8.40232	6.45823	6.46077	8.30027	5.75447	4.12156	6.40315	4.49938	4.00301	6.86419	4.58823	1.13221	3.00361	0.559235	1.66788	4.15518	6.69884	4.4231	4.29853	3.22375	11.9556	10.6351	1.59123	2.53041	6.10539	4.16631	0.884195	5.22277	7.5926	7.67445	3.00878	4.52002	1.8202	8.6004	8.23235	12.5503	3.81196	3.57617	5.14203	2.69742	3.64096	0.790857	8.02031	6.79459	8.91188	0.353693	9.95395	11.218	3.71275	12.708	7.96691	6.61594	14.6763	14.0946	10.0249	6.03197	9.56118	8.71235	1.77675	15.7525	5.23467	10.831	20.0868	13.7377	12.46	10.6557	3.0855	8.12794	19.6913	12.9882	7.78135	3.57193	4.81562	4.9207	5.01427	4.32729	0.637626	2.87639	3.08548	2.65672	13.5674	12.1449	5.13618	21.026	26.2941	25.0585	22.4842	5.70881	8.76132	11.2817	7.03815	12.5304	3.08558	17.9879	23.8556	19.9173	13.4774	15.7318	9.06025	12.4605	12.7395	5.88957	8.00153	5.53601	10.875	13.3435	7.89808	7.00759	8.28387	18.9755	23.6807	10.1556	6.63679	9.66152	6.83502	6.65532	9.95858	2.87644	11.577	2.84926	11.3247	4.52025	9.1448	15.8184	21.8635	15.5064	7.23773	6.88412	11.1115	6.53634	8.08311	7.14413	8.70012	11.3247	7.86909	14.0357	10.516	1.52099	6.22776	4.64201	3.09066	4.95203	8.2563	12.6751	14.0044	12.9004	13.5776	12.3278	11.7158	10.883	6.53639	1.60102	6.3792	12.7393	15.5669	17.7981	19.9258	15.6541	12.782	11.0147	15.8133	11.2222	15.422	14.4926	10.6193	0.790857	3.92064	5.6762	11.6854	16.9887	12.8366	8.76091	7.93841	2.01558	6.35034	3.57188	17.2334	15.7783	1.9764	0.729117	3.63656	3.92052	5.85832	8.90707	10.3038	9.52006	5.47698	9.68924	6.69184	11.23	8.64273	2.85466	3.62388	5.05095	4.53731	6.79432	5.37166	11.5313	6.22794	4.61866	13.4864	17.8595	17.2453	4.84447	17.0174	23.792	22.2851	18.947	4.16631	18.158	23.9175	21.1542	13.1502	5.9445	2.46174
1.97623	1.13211	1.84553	2.53017	2.5116	2.13574	4.06427	3.29991	1.59109	2.01543	3.96757	3.00347	0.901592	2.6506	1.58121	1.27498	1.66781	6.01337	6.05431	8.09729	7.94524	3.3928	2.49923	4.63166	5.53272	3.60191	1.76773	0.884095	3.71242	1.95242	0.884073	0.500134	3.90035	4.46801	2.30432	2.76567	1.51054	3.42934	3.3744	5.94398	10.115	9.27048	6.16774	10.0508	11.2293	14.2647	5.81823	13.3157	6.60843	7.11762	5.91017	7.96055	0.884095	2.46144	1.82004	1.94442	2.06884	4.76662	2.01532	1.42537	11.8973	15.817	18.7159	8.0971	3.12531	7.11762	3.92011	2.01532	1.75006	5.60186	3.18457	7.18618	5.94398	5.64318	10.0612	5.92327	14.4794	6.8991	7.28788	8.9451	6.40289	7.17796	6.37865	11.4461	4.5912	12.1726	5.30441	9.4842	12.0998	3.25704	10.838	15.0221	0.63757	7.63197	12.5591	12.7532	12.0131	14.9807	16.3306	1.3465	10.3906	6.9256	13.6039	12.5439	15.2588	19.0825	10.504	1.77659	12.0008	21.0612	5.74078	6.66373	7.70588	9.64801	4.09466	9.07293	9.88534	8.34174	5.26074	4.49902	1.3465	8.81548	10.5197	10.0314	4.4992	16.086	10.2387	10.0953	17.758	14.8497	18.4606	5.68401	16.2722	15.2998	19.1288	16.9915	5.94386	22.5074	23.8969	12.3136	9.15254	14.2383	17.7958	12.1439	13.1579	8.18713	7.60579	14.324	15.6095	20.1994	19.078	6.57789	11.2227	21.008	21.837	20.8626	16.4168	12.3268	8.08242	11.3763	10.6058	4.51962	5.85756	2.40374	17.4713	21.0169	11.6973	7.89139	5.35388	14.9536	13.8658	7.48055	13.6783	16.9743	18.942	10.9722	4.8663	9.80133	9.95348	2.62704	3.39754	7.66416	13.3413	18.0593	18.5266	15.6366	13.1535	11.551	11.0452	12.5331	12.6597	7.89329	3.09024	3.6747	10.998	17.6479	23.0404	21.2881	13.3815	10.2387	19.0663	21.4176	17.9556	30.3779	22.7352	14.6414	8.29947	6.36412	4.06427	4.7765	9.46202	2.15024	14.1744	5.64318	17.0385	16.2727	8.3051	14.9564	16.3434	3.72506	1.0755	2.74313	5.98541	9.49724	11.8355	12.0821	8.68587	6.86572	7.73531	3.42934	6.41006	11.4734	4.06416	1.25019	3.79131	7.8041	2.89788	7.23072	4.50933	4.58792	10.1488	12.9781	14.2397	15.6554	17.6159	22.0745	22.0514	20.8357	13.7123	15.296	22.4689	21.2315	20.3105	14.9424	4.81513	6.13537
4.76625	2.65619	1.62967	2.89743	1.81977	1.42524	1.50002	3.53622	3.42905	1.74092	0.637472	2.37081	2.1281	1.34631	0.952105	0.952105	0.750138	5.75337	7.09964	4.07513	10.2504	6.18445	2.48017	3.39714	2.3577	1.74979	1.25004	1.7764	3.08491	1.67691	0.55911	0.728995	0.728995	3.42898	2.15733	1.74988	6.08428	5.83614	6.86276	8.3914	1.67696	6.88268	2.96127	8.49026	4.46748	10.5608	7.28095	12.6503	4.58053	14.3674	7.87539	13.7136	5.16212	2.40349	2.79351	3.57566	2.30419	3.18424	4.26511	3.47863	16.7601	9.69514	21.4226	13.1427	3.57551	6.60741	3.15968	0.728977	3.64031	7.45086	3.33229	9.40332	4.41156	3.13009	9.74619	4.42568	14.4659	6.24634	7.27008	5.68326	2.40356	0.250059	8.0453	11.8934	6.24629	14.1006	8.69847	6.97778	12.1713	6.57267	12.8739	15.5946	3.88806	3.90795	3.74543	13.1515	17.1959	15.0522	17.7641	4.06385	9.34716	12.6017	15.2687	14.3681	23.1091	15.9276	3.25675	3.74125	13.616	22.9451	2.62676	8.95072	8.80797	15.3587	9.14651	2.9242	5.64266	7.12368	3.03925	3.5362	6.51645	3.62319	3.54936	12.9189	6.5981	8.19152	2.84864	6.37798	17.0461	10.582	16.9653	12.5459	16.5771	18.8002	10.6779	17.3747	20.2219	23.3425	16.6375	2.30419	3.04944	13.2803	19.3083	15.1053	21.11	22.222	18.196	10.2666	4.51938	11.4726	15.8378	15.4401	15.9439	16.1608	4.12062	16.8398	15.9565	17.7107	16.5365	13.1111	9.78781	3.0082	12.0742	10.496	22.8424	11.8514	4.42575	6.52334	4.65787	13.2001	18.2818	6.69056	7.9654	8.14696	13.2399	6.59113	5.96151	11.6961	16.0092	13.2667	8.71109	1.84539	7.8288	15.4905	19.4912	21.3413	21.1873	20.4166	19.9278	18.1787	14.6514	8.25274	2.79342	5.18619	12.31	12.2055	8.8282	1.97608	6.6284	3.22319	10.7208	20.8825	15.197	25.0778	7.17484	11.1365	14.3917	7.5609	5.62045	9.0982	4.49859	5.07749	12.1169	8.60581	8.71068	16.6235	19.759	21.4743	23.2305	15.3655	14.4934	11.2573	7.21116	4.91964	1.6007	0.884025	4.29757	6.62605	4.46748	5.73188	1.74092	10.3982	4.0253	3.91989	3.1843	6.93154	5.96151	10.2971	3.57551	2.24927	7.00418	11.7275	15.2355	18.8998	26.5622	21.0795	4.2432	6.74562	5.69433	20.2506	20.0198	9.11186	13.9145	16.322	7.63105	1.76763
5.83812	4.68711	2.29711	2.67353	3.31811	1.74077	1.4251	2.35749	3.39679	1.42514	1.07529	1.66741	2.62654	5.48403	5.36155	2.94001	2.26301	3.96662	6.37974	1.03082	7.72585	9.1225	6.61411	5.28316	5.14073	4.24271	1.03077	2.54809	2.9133	1.34624	1.62953	1.42512	1.66749	2.60866	3.42876	7.47882	11.0269	11.4717	11.2272	11.5945	5.25954	3.39679	2.57247	7.4955	9.14254	0.952022	8.22825	9.97552	7.21257	17.7649	5.36132	13.106	8.13491	3.55338	4.94124	6.40889	6.63495	2.70247	2.89732	4.96631	18.8496	11.6657	20.9212	13.2244	3.46926	6.76068	4.85267	3.4288	1.42514	8.08047	6.35073	7.14215	8.98911	9.92902	13.3701	9.31412	15.4336	9.12246	10.6949	2.47994	7.2508	10.156	13.0406	10.3412	9.40252	14.7111	11.6083	4.26819	11.0428	8.82782	14.0343	10.4104	2.49875	1.62955	0.395337	10.1703	8.48977	15.7245	10.3239	0.559062	3.22291	11.5935	18.6841	20.2076	14.486	7.60634	3.79042	2.30395	12.1897	25.692	8.20975	20.3512	18.0288	18.2124	9.78726	12.2905	8.86882	8.84804	5.81161	7.95362	9.17554	9.51887	1.95205	13.5978	10.1895	3.55338	6.07338	3.41059	8.0181	9.85567	9.29486	21.7272	12.3304	10.6476	21.8965	21.3861	16.4213	12.9179	8.93652	10.5816	12.4607	12.3765	9.41849	14.6033	21.9704	19.8248	11.9313	4.27181	15.5354	24.9838	30.0591	27.2236	16.6109	6.16657	17.994	27.4953	20.4869	18.6893	18.1773	15.5439	6.70171	7.70802	16.1724	9.79495	23.307	15.0799	5.65024	10.5136	11.6622	6.89993	16.2355	11.6925	19.1356	20.5206	12.0774	7.43592	19.7279	21.63	14.8712	6.93094	11.5164	14.8133	15.5047	14.6358	13.6016	14.4703	15.9552	15.7319	14.4535	11.5526	4.20983	4.65746	10.2178	15.8568	20.8945	22.477	18.2723	4.91934	6.15151	1.67676	3.63995	14.5883	7.00599	17.0877	9.78726	19.8538	16.022	7.92649	7.02318	5.60092	13.7414	15.8222	12.9758	10.4794	12.9725	20.978	20.7896	19.8884	21.7623	6.72461	11.0243	12.2574	10.6656	7.95339	4.35827	3.49619	5.56487	6.24579	3.04912	3.94701	3.18402	9.79918	5.18553	1.76743	3.63571	9.51887	5.29194	12.2534	5.83817	5.37308	8.81409	13.6579	19.2123	24.517	22.6201	2.65598	14.4733	17.7942	13.9676	11.7199	13.2651	13.4828	17.1465	14.5402	4.98803	2.01494
2.46072	6.57137	4.41432	1.67666	1.84506	3.01813	3.08446	3.67368	5.83762	3.35031	0.499985	1.91154	4.44238	5.76065	8.18492	9.11029	5.63067	0.176782	4.98757	6.5903	4.0286	4.30781	11.613	14.3016	13.2467	9.01484	2.93975	4.95018	3.42844	1.41397	2.12769	2.01473	1.13185	1.13185	2.30373	10.2647	12.0491	6.07312	10.187	13.5121	7.22888	3.08952	6.46284	4.15361	7.58762	7.5897	5.20904	2.82622	6.37909	12.2173	12.977	15.1355	8.59897	4.98757	7.21828	5.85614	4.23872	4.45265	1.52033	1.28675	14.1289	17.9208	20.9764	11.1717	5.92159	10.0984	7.95824	3.96643	3.88738	5.61938	7.80157	1.87861	7.09015	9.0904	13.0573	13.8375	12.1657	5.48881	5.12501	9.09157	7.66153	2.87535	12.3024	7.90466	12.2234	10.936	13.3651	0.559028	9.68545	4.74925	12.3611	10.7261	10.8971	11.5222	8.01203	5.12497	2.60843	6.408	6.93946	6.73541	6.73541	4.99389	2.14966	2.06833	6.70115	10.1786	10.1547	1.60043	7.24979	21.8633	14.7687	12.5957	8.87311	13.366	13.2776	10.9659	9.65811	16.3676	7.12238	1.91142	1.67659	9.53209	8.50479	8.76981	13.158	2.37691	6.16349	8.46929	7.0094	10.1427	7.85623	11.4188	10.3404	2.7592	8.11775	15.692	22.2094	27.6483	28.9792	21.561	11.2791	6.15109	8.94427	15.9038	13.7662	9.85359	9.3664	12.9167	15.4321	10.8746	14.7667	23.5348	23.4618	25.5598	29.1107	21.0756	3.29885	18.404	27.7962	26.5589	16.1778	8.25307	12.1267	10.0826	19.2459	12.6004	6.25289	1.67666	7.80175	7.46012	16.0117	18.6877	9.14989	10.1547	5.75263	13.1535	11.4971	14.0898	24.819	27.3375	20.437	5.99917	7.82745	12.8254	10.904	10.579	9.7941	13.0655	14.4909	12.6382	9.5247	7.17588	3.39659	6.22552	14.7219	12.027	16.2163	23.1542	20.4629	16.1777	15.2667	16.7787	8.86294	13.8065	1.7672	15.9149	7.38602	14.3159	4.41435	14.7976	11.9797	4.23504	5.18529	9.86439	12.7946	21.9998	28.9962	29.3687	25.1278	12.2528	8.09524	8.3172	9.40157	6.76908	1.45744	0.728864	7.0638	9.46093	8.33941	7.0793	2.69655	9.95017	10.8033	5.36111	3.57053	1.62939	10.6129	10.9174	3.19836	2.65573	3.77366	14.7774	19.3821	16.3815	11.1839	10.501	8.65504	5.75263	9.29377	3.42844	5.12501	8.46917	11.6379	5.5086	1.59063	4.95013
3.08906	5.837	6.84507	2.4605	1.24973	2.70201	3.5044	5.4885	7.05463	8.85139	1.45731	1.45731	2.84784	3.63911	5.12468	7.61324	9.0491	2.75896	1.76714	3.6393	4.84229	7.58078	9.195	12.0776	17.3291	12.8235	3.53524	5.56391	3.03841	3.03826	1.76705	2.26246	0.883734	0.901246	1.03062	6.0826	13.3851	12.9159	13.5315	14.8574	6.79141	4.49734	5.44035	7.60327	11.8745	7.89053	3.96605	3.18332	10.9935	6.02915	5.8105	8.05663	4.89004	4.11584	7.00898	8.48113	6.96521	4.13086	0.883778	0.558972	3.53524	6.40767	7.46112	4.84213	2.30355	9.69246	9.48386	7.00246	6.07222	4.2928	10.0393	2.13483	3.39609	1.91135	6.51213	10.2172	3.99337	3.63501	3.81845	6.89633	8.98385	14.5573	17.3509	12.7555	15.634	5.33438	13.9675	1.90309	13.9644	11.68	13.7238	11.0113	10.693	8.95715	11.2565	5.46592	8.38909	5.24103	7.68498	2.89677	3.37328	7.22834	10.0219	8.22853	5.50816	5.50808	12.7332	3.18335	2.79262	10.2243	13.4323	9.40113	16.7963	18.9071	15.4065	5.71684	13.6033	11.5913	7.47329	5.7788	6.91195	3.53083	14.7288	3.4686	17.7832	4.98701	3.63501	7.113	12.9007	9.28616	13.5113	23.2423	15.56	15.4282	20.4403	21.017	20.5988	22.6259	24.175	21.3159	11.6519	4.11955	13.6304	12.553	15.3537	5.395	5.24081	14.6773	8.51824	16.3775	31.7798	32.5723	25.9323	20.6901	16.3182	5.25854	15.3461	27.9088	31.4548	29.797	20.7679	4.58608	6.83183	9.42837	5.28194	9.85428	12.5446	11.0004	12.3173	7.60327	7.60529	9.30096	17.703	19.0263	15.5189	7.383	16.633	25.0209	25.5921	16.4923	6.70023	16.7076	15.6615	13.263	8.76902	7.34338	4.15331	9.48082	9.53157	8.46847	3.51754	4.11962	8.63002	13.1076	19.381	16.5732	14.4493	21.36	21.3165	19.2031	13.7494	11.8745	13.5001	18.0187	5.83452	13.4713	12.5998	6.95853	16.5962	7.20917	12.0074	18.8324	22.4886	24.2508	23.214	23.4596	26.6209	21.1352	11.1746	6.51202	4.36813	6.33757	9.63489	7.45707	3.7528	2.82595	11.1384	12.9483	9.01099	5.75204	6.49308	14.1317	11.0945	6.22976	14.5206	12.1912	12.3442	0.790451	3.49552	4.76167	14.1977	24.5459	24.3	25.2124	16.8472	3.14414	7.17516	7.62923	6.29852	1.80205	3.78969	8.84625	8.19666	2.15673	5.18765	7.21122
4.29237	4.77422	7.36134	3.77697	1.94349	3.98114	1.81918	4.44145	6.53265	10.578	2.12001	2.82568	3.01755	5.33396	8.10652	4.13049	9.53492	4.4518	0.951708	1.67627	3.88637	10.8657	9.65875	1.23705	19.5755	14.5554	6.3995	4.58903	3.98114	4.38162	1.49936	1.87812	1.52004	0.558898	1.07498	1.42465	4.03146	7.46038	9.04819	10.6944	3.08375	9.9846	7.39077	8.30095	5.73784	2.83117	0.901181	5.11191	11.5129	4.49022	9.47168	0.249967	5.12431	5.29047	2.30335	3.40947	3.02266	2.01445	0.176748	1.62916	1.81918	1.24959	2.79233	4.5788	3.74419	6.53957	4.42038	2.21361	9.10803	3.88251	10.1437	2.18516	4.0621	0.901156	1.74911	5.25792	6.37784	6.86916	8.70964	5.29047	8.76992	14.055	15.7701	3.25552	13.1458	10.7521	12.5282	2.57181	15.9746	13.8718	9.32574	9.07664	9.19399	3.72337	12.8291	10.5555	9.38852	6.3995	5.75118	1.03047	1.24961	4.99259	3.08387	6.0716	2.12728	3.87063	14.7277	10.862	2.40267	5.48213	17.2112	8.07839	14.6269	17.4668	16.2307	15.2938	7.0885	2.49799	14.119	5.47405	9.92435	5.25818	13.3355	5.91791	15.1817	9.49284	10.67	10.8568	17.2445	6.57024	14.6612	9.80865	15.5606	19.0323	16.2733	17.0482	13.2618	10.4251	21.8897	26.4976	16.5377	7.24871	17.6079	8.48927	9.71003	4.26694	1.42471	15.0758	13.6659	19.063	17.5509	4.98652	10.6293	13.2588	14.4902	9.79225	14.3621	26.8253	21.8926	14.8241	21.5255	9.47807	5.28756	5.14841	8.75595	13.1772	23.8938	18.4992	4.89881	1.91118	1.13163	10.2684	23.3306	5.64051	18.5911	0.728724	3.89844	12.7308	8.37185	2.40258	12.4294	16.8574	9.49281	16.7264	15.9161	5.834	14.4737	18.7542	18.829	17.0812	11.7531	4.24871	4.73173	4.02372	4.90228	15.9439	21.999	7.84295	7.15709	14.7071	10.7894	15.2564	22.0049	18.879	4.24871	14.6254	12.7497	4.11548	15.9827	14.8557	20.6238	16.0697	8.70748	3.55233	1.76686	3.25546	11.7165	8.32322	10.3503	13.2355	14.9713	17.522	18.6731	12.3966	3.49522	4.42399	11.758	10.5612	10.8018	14.4257	16.5792	14.8667	7.90316	9.88946	16.4776	14.8668	11.0879	4.70555	2.4981	4.32474	13.8468	22.6645	6.1124	18.0775	15.0756	6.7429	2.51054	7.65412	2.69587	3.18311	2.76432	8.43682	5.95907	7.79657	9.6562	8.98322
2.84734	3.18278	4.00016	4.24108	1.11759	3.25529	3.67259	4.98622	7.00106	4.38124	3.67259	2.29632	0.7903	3.53024	8.48842	8.84503	7.73093	6.65993	4.97687	5.28992	6.56951	11.8867	10.2966	2.60755	21.0309	15.4938	8.42351	3.18274	6.34596	5.85432	3.15833	2.35659	1.41356	0.790333	0.901091	0.883564	1.59017	5.63987	7.17149	8.32384	5.14762	13.8717	10.1963	14.3763	10.576	7.50684	5.4706	3.40916	7.86364	6.92195	8.42914	6.39894	7.9714	7.94097	5.1237	3.71029	3.63847	3.39549	2.26203	1.13146	2.40246	0.951657	0.883564	3.39559	6.69918	5.20456	0.728651	3.00175	7.29196	4.11505	6.54599	2.89607	3.6213	1.07488	1.50962	3.91786	7.31702	9.97302	2.91218	5.7507	12.1465	3.08847	16.7601	4.74436	7.12031	9.0894	3.00687	3.75208	11.1083	14.6533	11.6349	5.90421	6.61363	7.55535	11.6347	9.3685	6.48956	8.11691	3.42749	8.66521	6.17169	6.25076	3.15833	11.5017	7.89291	11.1723	15.6145	22.768	13.0268	4.4235	13.203	12.874	17.0408	15.8039	10.7065	7.31702	4.06194	8.96708	12.342	4.46202	9.19827	11.5238	2.52874	4.07334	5.5712	11.8662	10.712	7.5696	10.9575	4.41308	8.58044	12.2338	13.0751	5.35953	20.3517	26.1169	28.8398	28.2669	30.5883	19.7633	2.84738	8.42373	12.9997	3.57383	6.71715	1.97511	4.51703	8.34241	13.3871	11.5276	5.95849	9.97345	14.2309	14.3616	15.6946	13.5162	9.17179	17.7762	22.8511	26.0911	27.453	18.466	15.7692	14.0949	19.8143	11.4836	22.3238	20.2366	7.73664	3.1828	4.30633	13.9495	18.4601	4.79626	12.4954	4.61561	6.97453	7.57934	10.5775	10.8612	10.3373	11.4977	7.75463	14.2437	10.9984	8.47381	25.2188	18.1427	14.9724	18.5313	13.937	6.76729	6.79435	3.67259	11.4259	18.266	14.5514	9.19836	21.3634	22.6038	18.2544	20.9346	21.9493	13.2199	17.0206	27.1429	26.0337	22.778	2.64915	7.91014	9.75855	8.50242	7.91971	5.4874	2.52874	3.00678	14.081	6.54835	2.82541	8.51663	9.82469	11.9158	20.2447	16.2391	3.22167	3.00162	6.8796	13.6147	18.9407	19.1053	16.3454	11.1488	5.91986	7.82502	13.9303	14.3915	6.58837	4.91733	1.91098	2.01427	7.13932	16.9016	18.9037	21.9211	15.8428	7.1738	3.53456	7.76417	1.97515	2.30304	1.74003	6.49184	5.05089	10.6686	11.2547	10.3275
7.33926	4.19305	8.04126	13.0974	14.588	10.5484	3.77231	2.92253	1.73985	1.62881	1.6667	0.900983	2.26179	2.40212	3.03756	5.50393	6.69856	8.07684	7.17315	7.03327	9.17105	14.3628	14.1992	15.0898	21.0114	15.5069	8.62217	10.6217	10.8231	7.44696	4.98579	3.86989	2.87439	2.69552	2.75833	2.12702	0.951571	2.36945	4.45095	5.88508	4.62829	13.273	10.2887	11.7561	8.70593	4.11838	3.70991	1.42438	5.23336	3.00148	6.8299	5.75816	8.14238	6.63183	3.51652	2.01396	3.88577	4.61509	3.56917	5.76882	3.00668	4.62829	2.18481	3.31636	6.51264	5.31263	5.11094	2.32306	4.9389	4.35624	3.80906	3.42697	1.97492	3.75176	6.79398	6.49158	1.27405	11.6768	11.4393	13.2461	16.3182	18.2732	12.6932	5.01642	4.88867	6.35758	7.58497	7.98621	3.68489	10.2321	17.5313	13.9901	12.752	11.8562	7.20917	3.63807	5.31263	8.55307	3.99198	3.5474	7.56247	4.03089	10.8712	15.7101	11.5383	21.3778	10.4971	12.6605	15.8292	23.6257	18.2732	13.0256	9.97251	10.5199	6.13133	6.14132	6.20114	1.18523	9.85424	9.73134	10.7818	17.8891	16.7566	3.74347	12.1985	14.2096	15.2914	6.18094	10.564	14.1914	7.45728	11.5875	6.05774	17.3401	13.4636	13.8701	20.7049	21.7816	12.9699	7.34138	20.7097	20.1256	5.76918	10.3495	11.222	6.93682	5.42746	3.31636	3.70991	8.4232	10.4001	1.59002	8.44984	6.62465	6.00931	10.7992	3.53422	7.00674	13.3349	14.5967	9.6818	7.73018	4.84101	9.8376	17.9743	8.85089	21.9653	17.2571	6.30152	5.86452	14.077	16.4534	6.68672	12.2193	9.51463	3.91771	6.02218	11.8875	13.361	11.5878	2.847	9.45738	8.02405	4.8758	13.4713	19.579	20.1597	17.0452	28.4518	27.5998	17.2522	8.70627	4.96377	8.19445	14.2182	6.62465	11.9469	22.9431	19.7832	5.83289	7.9036	11.098	7.21549	7.73636	18.5177	26.2825	12.7165	20.8814	8.36499	2.92253	5.82993	6.46991	6.40553	7.08742	13.0193	12.5511	8.00856	8.44984	2.7412	8.39564	7.77909	10.4001	18.4174	10.6112	12.7888	16.7238	14.0262	10.3263	5.91904	4.69469	3.5474	5.8144	7.94995	7.62722	3.71011	1.50953	3.59949	2.54685	2.93844	9.29022	7.70478	4.9639	13.8961	12.0533	4.06132	3.73927	2.06744	6.48892	4.65528	1.80157	2.45978	5.97591	4.24082	10.6776	14.3903	15.3823
5.77631	2.625	9.62829	10.8001	12.9743	13.8965	10.1823	3.94475	1.11741	0.883439	3.90537	3.67189	3.54705	2.83036	0.637081	1.18513	2.13401	6.2002	5.30036	2.69524	5.47229	11.1571	11.1614	14.8053	15.8275	10.6762	3.81698	5.86391	5.20652	3.01667	2.05979	1.90242	1.62867	2.40197	2.64864	2.625	2.14859	1.7397	3.77592	3.7221	2.95931	6.19035	10.9614	15.0154	11.8066	8.32085	5.23908	3.02175	7.38208	6.37386	8.3208	4.96342	5.08347	8.09134	4.41223	0.395093	2.45331	4.29487	2.05979	8.32043	2.4019	7.23793	2.91162	6.34711	7.00169	6.87816	7.71545	1.77521	2.402	4.06107	1.59966	2.87394	2.14863	4.07256	7.90092	6.48856	6.90933	2.64857	4.84051	7.55582	5.74988	9.17196	6.06996	3.77611	4.96342	5.80829	4.40865	3.42671	5.28574	9.74908	5.57013	6.3181	6.96672	2.06726	5.57018	9.90374	8.92673	6.5308	5.12272	11.964	6.96696	3.77186	9.01062	8.26013	4.26229	18.8532	14.9165	10.4063	16.3633	23.0196	23.4314	21.3981	11.634	6.85838	4.61458	2.2616	2.26171	7.75893	9.34107	20.2305	13.7638	12.3556	22.189	7.60002	21.0241	14.1978	18.7394	18.7412	7.95452	5.48652	7.03453	14.7613	13.8632	22.8006	7.99484	2.89566	3.08294	3.04742	5.11049	15.321	22.8	9.84892	22.6927	18.7022	12.1978	8.05543	4.6581	2.3026	7.17216	7.18073	9.00715	9.92757	10.4047	11.8062	1.07469	11.1329	1.84411	4.03048	3.18223	8.42751	16.6847	19.9427	15.3041	19.148	17.56	9.87322	17.1593	13.9768	4.41222	7.97	16.5938	6.99973	11.5369	15.7411	13.4925	9.87322	11.6591	14.0709	11.5214	14.627	5.46394	8.94532	9.17035	8.28204	10.3182	17.6853	5.13787	21.1555	23.2299	18.5694	12.9889	11.9444	8.02327	12.9916	12.6733	10.7982	21.5898	14.3189	1.59964	14.2249	13.1027	17.7741	9.33646	8.80909	5.37836	19.4371	26.2749	25.4626	13.6207	9.97164	12.062	11.4134	7.01943	8.249	12.6968	13.7126	7.06712	5.77631	14.8576	14.1269	6.92725	12.3693	10.302	5.53121	15.1173	19.0385	20.3325	19.8947	14.0511	8.94002	4.26958	5.5285	8.24014	8.73492	8.59493	4.24044	6.56835	5.48652	6.8605	13.9191	7.79432	15.0195	2.79155	3.00117	6.73216	7.0607	4.5977	4.79553	4.1179	5.40415	2.68945	9.6265	8.95352	10.502	14.9156	17.4337
3.9444	2.67175	8.80086	5.9851	5.3895	12.8187	12.8697	5.13714	1.87753	3.6333	4.96288	1.28601	1.76619	2.68907	3.18198	3.87314	2.45942	5.74899	5.25591	0.883332	2.05948	6.85743	3.77149	1.80118	6.37545	6.51117	1.13112	0.353356	0.790111	2.36913	3.67157	2.21276	0.395052	1.3796	0.790067	1.41316	2.83009	2.70073	3.97962	3.02145	2.6542	3.18198	4.7039	5.2177	2.4593	0.530026	1.80118	3.5988	9.80329	6.44248	4.83987	6.07945	4.20678	1.24913	6.71517	2.47829	4.23629	3.24468	0.900811	7.83997	1.84393	5.9851	1.58972	6.02103	9.01984	4.19205	8.00522	3.86915	2.40175	3.34839	0.883362	2.60678	3.24468	5.48582	7.30873	3.48029	8.42106	0.728421	2.64841	6.35865	5.15821	2.29562	10.3818	2.29556	4.63763	6.15997	3.56856	4.19208	7.01847	12.4071	2.3024	6.37545	5.90232	1.27389	4.1174	2.13379	4.23626	6.11007	10.8359	4.58389	9.70484	7.43097	12.1815	4.2943	0.749575	12.7822	6.73151	8.60816	25.6399	11.5394	16.6757	23.3421	14.4917	11.6243	7.69737	0.530026	4.10257	9.0113	7.98419	22.4305	12.7046	14.1391	20.1923	8.68145	21.0733	13.7628	19.8395	19.7203	9.94455	2.15571	5.67915	12.0203	10.7918	16.5186	6.3782	9.56503	8.73417	5.76808	7.92121	12.5409	21.1406	17.7914	23.528	9.17761	13.352	15.6463	15.2471	13.9049	13.419	12.5484	15.094	15.094	12.714	16.6115	8.06807	14.4762	4.09107	3.55117	2.528	10.2195	12.4491	14.7844	9.00682	14.3603	16.4001	22.1333	20.8939	12.2108	3.37155	13.8588	17.2183	10.8582	19.6069	10.8399	3.72195	8.94397	16.3067	9.04527	20.0053	15.0958	5.30004	2.06714	4.90958	13.6727	9.57544	11.9722	11.2233	24.7057	8.9355	5.29701	6.28846	5.25627	10.6093	15.1265	10.2936	17.4327	17.923	4.15122	6.06929	13.6483	0.883303	14.3121	15.087	16.0733	14.4848	6.56783	5.73566	8.48606	15.6354	17.0803	15.8384	7.89029	1.66638	18.9296	19.683	20.5337	20.1039	8.43421	14.1137	10.3172	8.82683	15.9442	3.18177	9.56442	7.83024	7.50441	12.1624	18.895	13.0767	7.48006	3.34839	7.75246	8.27615	8.31284	12.4076	7.77806	5.81311	2.85207	2.75761	12.7445	7.04042	16.0993	1.24911	3.40816	2.369	4.5157	8.92197	1.05996	7.33151	5.72751	1.24913	10.1488	9.10459	3.5988	2.369	0.636984
1.76608	5.03979	5.46271	7.32256	1.24901	12.5957	13.3043	5.86249	0.749457	1.76608	5.85203	3.63277	1.02998	3.57244	3.03651	2.79113	3.24453	3.9045	3.78752	2.52784	0.900745	4.24681	6.68504	4.51554	6.62043	6.10158	0.883225	1.94255	2.64813	4.63718	5.13689	5.45998	2.14821	2.37546	3.63293	2.36889	0.529975	2.35568	3.94404	3.5288	3.08235	2.37546	3.53319	3.56815	0.55865	2.14821	2.15549	1.2737	9.16983	7.38709	7.77518	4.40793	1.45647	0.951257	6.37486	5.42585	4.53258	6.83896	0.789996	6.73056	3.34809	7.83967	8.7919	1.95055	7.28085	5.60469	7.79284	7.03322	2.52784	3.00572	1.45651	2.35563	4.07166	8.86693	5.505	9.32622	6.69636	5.62669	4.98432	7.23886	7.65079	4.1918	9.05058	3.67101	1.67547	3.47553	2.54614	4.57321	5.65951	12.5785	8.16443	5.36587	4.44971	0.395034	2.93762	5.6895	9.24874	8.51381	7.60282	2.52782	12.0994	5.56885	14.8663	4.94683	1.62834	7.4055	6.93479	10.3466	24.9036	19.9916	27.2788	25.978	14.6201	12.7038	10.8446	9.52263	7.95909	13.0431	3.46661	16.8105	18.0431	17.008	7.03103	6.7669	11.8413	9.40381	7.95301	11.843	19.5922	13.8254	5.285	5.50203	6.6849	10.0754	11.6773	18.3488	20.5778	14.8525	4.23959	6.65754	17.9642	20.0234	1.84381	18.6208	22.4043	20.0866	14.5407	9.13539	3.47998	7.39742	10.3334	7.28919	13.8731	15.6814	8.33899	17.8788	2.93776	1.73943	6.31689	9.45971	15.3687	12.1618	4.96251	6.54604	15.0316	19.4995	12.8089	2.69473	13.8698	16.9953	11.6773	5.10978	19.1783	14.3508	7.22423	2.52782	11.5846	13.5542	17.0229	7.24507	1.97433	5.04873	8.84136	9.08554	7.75753	14.9089	17.7704	23.6583	4.02187	8.01994	13.7753	13.7438	12.6332	16.7717	14.1982	21.0773	18.3829	11.0589	13.2425	13.1984	12.0194	17.4558	22.2163	20.8925	19.6218	13.5399	5.4403	11.463	23.0766	24.3946	29.372	18.7839	0.900727	25.1167	23.1688	13.022	18.0332	9.76256	10.9267	18.3267	19.9923	19.8746	10.9945	12.6332	14.8957	19.8007	23.1399	22.6137	12.5357	6.3968	9.14346	8.98201	4.59704	1.49874	6.97188	5.01196	4.93748	4.65721	3.22044	7.21348	12.3105	12.9254	3.08228	4.07166	0.558632	6.35807	7.93	0.728372	8.6807	4.16197	4.07174	7.17936	6.7872	4.58681	4.57663	1.45647
7.03255	4.45972	0.70655	6.54558	13.1976	16.6523	13.4421	6.02505	2.75727	4.29366	4.63665	4.4073	1.42386	1.42386	6.34324	8.56445	4.87408	2.47779	2.84602	3.28233	4.1168	1.24889	3.97898	6.71436	5.95592	2.69432	1.73928	2.52752	3.89626	6.2209	5.04851	7.10829	7.55403	9.28054	10.8631	11.5507	10.4193	9.06359	9.24634	8.11888	1.73928	0.529924	2.40117	2.89466	0.999128	2.93731	2.85152	4.1169	4.26449	4.19142	2.06674	3.63686	4.02551	2.79076	4.29348	7.99236	3.88441	4.42136	6.73258	6.65693	5.12109	3.8076	6.7642	9.32067	2.64781	10.6884	1.73919	8.69026	1.84364	2.47782	0.95116	4.24657	2.79091	7.62394	8.92089	15.2549	7.30763	9.62849	3.50209	2.12612	4.07142	7.75671	4.73552	4.96193	2.79088	4.11312	6.86512	5.77461	3.87216	7.35506	5.76688	8.71862	5.47091	3.85227	2.49666	5.77461	4.36525	8.8015	8.11888	0.558576	10.6509	5.28419	16.6635	21.9307	15.6101	6.129	1.50895	4.10156	16.5361	15.4994	17.1105	11.7162	5.12126	2.01329	11.143	12.2142	4.18036	9.16721	4.36495	8.29082	3.74187	7.79181	5.12126	9.01848	14.489	16.0763	18.1148	14.8542	15.5658	13.8901	3.81592	4.40753	2.1553	12.6103	10.4234	9.86397	3.74187	9.60965	4.58301	4.2681	7.3781	7.72725	13.5704	10.6734	14.5444	19.1971	18.6982	13.5015	9.59306	14.8014	17.4708	13.9655	16.6306	19.2547	18.0421	8.6256	18.1431	25.4888	28.5416	24.6237	9.66289	2.45248	4.36148	6.06849	8.26689	8.82039	20.0027	20.8608	18.3174	9.59258	3.46638	7.08477	14.3092	9.40247	7.21091	11.9461	19.8358	23.2757	26.7342	23.3566	17.6064	13.1191	3.77087	8.93443	17.4299	21.6601	17.8682	11.8663	4.84868	10.2846	4.88681	7.58373	6.95393	16.5009	17.825	23.4321	14.9042	13.8235	7.72725	0.999197	14.0722	20.8608	21.5585	22.3579	24.1923	18.6479	11.2378	13.9591	23.1022	20.8752	25.8535	15.7065	14.6852	25.2981	19.1175	13.6504	20.5292	15.0108	10.668	15.0115	17.7421	14.9392	12.088	15.0682	14.1232	10.4692	12.1312	11.9319	1.41289	1.07436	9.32367	12.5339	0.176646	6.79341	5.56857	1.42389	2.12614	3.17638	6.69125	7.7018	8.53963	3.35245	5.28712	3.7748	4.81327	6.89399	3.52835	4.02161	6.13864	4.86148	8.53963	5.7348	2.92156	10.2414	12.1545	7.79213
5.47024	8.9686	2.69421	5.25452	10.6556	13.0409	7.79136	2.99996	0.8831	1.66589	2.49636	3.63207	2.95818	2.76249	6.04739	8.05238	8.50482	3.72078	2.47756	1.57946	3.37059	4.02492	1.07426	1.59904	0.728214	1.5088	2.12593	1.27345	5.95508	5.87458	3.50172	4.35411	5.85117	7.38785	7.27341	8.42093	9.1685	8.7989	9.31843	11.6282	6.14561	1.13086	1.95017	2.8944	0.706483	3.34744	4.02106	2.18376	2.01311	0.749353	4.02878	7.21207	6.76354	6.13809	1.59904	5.46175	5.42502	3.2533	6.90688	5.82742	0.789878	6.37137	1.62805	7.6491	3.08669	9.31966	3.3707	8.84471	2.82928	3.21982	5.47852	4.94593	5.98601	4.37895	9.47219	12.028	5.85117	10.8177	5.88263	4.12771	4.02106	8.47438	1.97396	6.54461	2.059	3.08169	7.9457	6.71332	7.08369	8.19059	6.46682	9.47212	9.64978	5.03883	3.5719	6.56585	11.5839	11.1293	13.2122	5.18054	6.37367	17.7458	14.0625	19.0217	18.4506	9.72238	2.13328	1.62799	8.57558	4.13128	6.16816	9.79625	8.70184	2.89455	9.89953	6.61918	8.08827	5.27812	6.96395	6.83986	13.595	6.37634	3.24374	11.1249	16.2515	13.3406	7.38789	15.5409	26.3754	20.5483	13.2566	11.5636	14.683	12.105	12.6456	9.04266	14.3207	6.50969	3.77466	10.6555	8.2789	6.19784	10.6514	18.3538	24.0852	23.8768	17.5976	4.76129	4.41053	6.29857	6.45265	8.08827	14.5311	18.5862	12.7243	14.5069	27.822	30.6027	32.149	35.613	22.5172	0.728214	6.97089	12.0868	6.85577	16.527	17.0251	15.7605	10.1612	3.15651	1.62796	2.7399	9.70368	3.99786	4.77103	15.2015	25.8747	26.0989	26.2593	22.7209	15.06	9.66227	10.146	10.6626	10.9598	9.17505	7.24365	5.6149	6.89144	6.76334	7.66906	15.0625	11.7057	17.4502	24.2629	24.9449	11.4674	17.5476	7.37948	16.8134	24.0241	28.2153	28.2027	26.7527	23.2135	16.5848	13.7287	16.3673	23.2767	27.8205	23.4085	5.28386	18.1081	21.5823	10.0619	11.9775	16.9748	15.9408	9.89803	5.46747	3.91573	2.01303	1.6752	3.56752	8.07282	11.0393	13.5887	12.445	2.13328	2.79059	5.22797	14.7799	3.74158	11.9406	4.42107	6.14584	5.23686	7.54289	9.64808	6.72955	1.5088	4.9334	4.94593	0.99904	5.37631	4.79351	2.32195	6.31569	2.059	7.91899	5.76638	2.30174	11.2414	9.14218	12.6838	9.91784
1.99726	8.43044	1.99726	5.9725	10.8575	6.95884	0.499506	0.998936	0	0.499506	0.998936	2.99438	3.4923	3.98969	7.94106	4.48648	8.43044	2.99438	2.49601	0.998936	2.49601	4.98259	1.49821	0.998936	1.49821	1.49821	1.99726	0.499506	7.4505	5.47795	0.499506	0.499506	0.499506	3.4923	1.49821	1.49821	2.49601	0	2.99438	11.3386	8.43044	0.499506	0.998936	2.49601	0	2.49601	5.47795	1.99726	0.499506	0.499506	4.98259	7.4505	5.47795	7.94106	0	2.49601	3.4923	6.95884	5.9725	4.98259	2.99438	4.98259	2.49601	6.46615	4.98259	7.4505	0.998936	7.94106	2.99438	1.99726	7.94106	4.48648	8.43044	3.98969	3.98969	6.95884	0	8.43044	1.49821	2.99438	6.95884	8.43044	4.98259	8.43044	1.99726	4.48648	7.94106	6.95884	8.9186	7.4505	11.8179	7.4505	5.9725	0.998936	1.49821	1.99726	8.9186	3.98969	16.5109	6.46615	6.46615	21.4211	12.2957	10.8575	17.4248	10.8575	1.49821	0.998936	7.4505	5.47795	1.49821	6.95884	8.9186	0	8.9186	1.99726	0.499506	2.49601	6.46615	8.43044	14.6572	2.99438	2.49601	16.0506	8.43044	1.49821	4.98259	22.2817	25.6179	11.3386	1.49821	3.98969	21.8527	10.375	19.2252	6.95884	1.99726	5.9725	2.99438	11.8179	9.40545	4.98259	1.99726	7.94106	4.48648	1.49821	12.2957	9.89093	3.4923	7.94106	7.94106	3.4923	1.49821	2.99438	10.375	23.1319	24.3871	14.6572	8.43044	35.2289	26.8238	3.4923	4.98259	5.47795	8.43044	21.4211	10.8575	3.4923	0.998936	1.49821	1.99726	3.4923	8.9186	2.49601	4.98259	16.0506	20.111	1.99726	14.6572	18.3297	7.94106	5.47795	15.5882	9.89093	5.9725	4.48648	11.3386	3.98969	1.49821	3.98969	9.89093	14.1887	1.49821	1.49821	0.998936	5.47795	4.98259	16.969	4.48648	17.8784	14.6572	0	0.998936	1.99726	2.99438	2.49601	1.49821	0	2.49601	0.998936	0.499506	14.6572	18.3297	11.8179	0	11.8179	15.1238	17.8784	12.2957	2.49601	0.998936	0.998936	0.499506	1.99726	11.3386	11.8179	12.2957	14.1887	0.998936	1.49821	3.4923	15.5882	3.98969	13.2459	4.98259	2.49601	8.43044	8.9186	6.95884	0.998936	3.4923	5.47795	1.49821	0.998936	4.48648	3.4923	1.49821	6.95884	3.4923	9.89093	0.499506	3.4923	14.1887	2.49601	10.375	9.89093
0.950893	7.13402	7.35547	7.64789	9.62266	7.06722	1.8431	1.4235	0.749209	1.24853	1.42348	1.99709	3.40655	2.01262	7.22127	6.95192	6.62715	2.62338	2.64698	0.636683	1.66549	4.57488	3.39294	2.29452	1.2854	1.81751	1.94982	2.30134	7.77398	6.4013	2.84524	2.36798	1.62774	2.78995	1.28544	1.80036	1.37895	1.13059	3.79835	9.52692	8.41896	2.01265	1.02959	2.24649	0.176595	2.05851	5.04376	3.21915	1.34469	1.50851	4.97289	6.9956	6.33155	6.9164	0.882931	2.62341	4.37789	7.24222	5.77301	5.00688	2.5268	7.78969	6.40152	8.9315	6.67092	7.85765	2.79006	8.89413	3.31416	1.57909	6.54337	5.46916	7.85768	3.23834	3.74902	6.43947	1.87662	7.65361	4.14926	4.83767	2.69357	9.75593	5.1077	8.24434	4.35327	4.23424	8.59511	5.11071	11.0975	3.56679	14.233	10.1723	9.26942	3.29549	3.50105	4.75712	5.01004	9.9659	13.9196	4.37789	5.52509	20.0391	11.4622	14.2775	16.7257	10.7036	3.6824	3.47433	8.31392	6.1544	0.950927	7.03279	12.6815	7.08264	5.23581	4.19007	8.7764	13.981	14.7979	4.4377	12.2434	10.4162	8.33237	16.545	8.97546	15.2288	23.4045	27.5736	22.8263	8.63027	1.67483	3.63563	21.5302	9.18771	18.2525	4.493	4.35327	7.20217	6.71681	13.3377	11.8891	8.25918	11.3028	15.7923	16.0823	13.1541	14.5507	14.5507	10.9497	12.2722	9.88113	6.06667	4.74098	2.8452	7.46012	21.2607	27.471	22.8465	24.3592	35.1841	22.1304	2.0127	7.15346	10.4232	8.6041	20.0943	10.4956	2.69357	2.75646	3.88315	6.56444	4.96377	4.53085	13.7514	14.5825	12.7215	18.1269	8.80392	23.3642	23.4939	15.545	11.8337	14.0103	8.60392	5.84975	3.25273	10.7522	8.56013	3.5711	9.80662	13.9549	17.0919	3.04562	0.558418	2.4771	4.41661	8.63029	19.5411	9.78843	19.915	16.634	8.18189	13.1938	15.9879	15.34	11.1404	6.21911	1.94181	1.80032	2.06614	1.67483	15.1394	20.9587	14.983	6.4492	15.0859	15.5616	16.0921	10.9248	3.72004	2.14736	1.07405	0.900382	1.34464	9.92944	12.2434	11.9865	12.3482	2.73938	6.90995	9.36176	13.2372	3.5493	12.591	2.45179	4.93571	10.737	8.89934	5.51114	0.789727	3.15578	4.74073	1.77419	2.3013	4.84711	2.05851	1.77419	4.29227	4.1902	7.45395	1.81759	2.62338	13.0915	4.4097	10.8635	10.0165
4.98186	1.76529	5.72464	7.17625	7.75377	6.7885	3.04539	3.12102	3.24301	2.64689	0.882824	1.42337	3.36962	1.62756	1.97348	3.47402	1.90922	2.65268	3.70299	1.84294	0.900292	2.4956	3.56651	3.89477	2.40041	2.2943	2.01255	4.68147	9.01473	6.19617	2.56935	2.23248	1.59859	1.27308	1.50838	2.45801	2.26022	2.67016	4.58115	5.72424	7.2857	5.80713	2.82846	2.06586	0.950841	1.18432	3.86666	3.03503	2.47687	3.70727	6.06612	9.13141	10.1319	7.11427	3.9892	4.40585	6.61961	8.09874	6.86251	5.253	2.23248	9.77476	2.301	10.4147	9.5466	9.88932	5.66787	11.0897	6.40092	5.6679	7.94958	9.64711	5.62423	1.73852	2.68766	10.4952	15.1295	9.38029	5.21472	0.558362	8.76696	9.5767	2.50814	4.98176	5.56645	4.18964	13.086	6.39127	9.17361	7.10545	13.5164	4.51679	16.3326	12.9345	9.87146	8.50255	10.4653	6.96239	5.91483	11.3788	4.41641	15.4289	13.2634	6.46499	16.7604	20.5761	10.4492	1.57901	8.00068	8.42198	6.50532	2.76168	9.1459	9.16414	3.74051	5.8806	13.8963	2.90966	11.4571	2.84482	3.35579	8.24393	12.442	18.9031	17.8043	14.8228	12.0246	16.3082	9.62008	9.86091	16.872	13.7355	12.7898	12.2188	10.9822	11.5807	21.6253	21.1818	11.4887	13.4185	11.7056	11.492	18.4104	17.2206	13.1336	5.22644	9.11953	15.0103	10.4225	8.37306	7.38376	16.7979	18.1727	13.5854	11.011	14.0582	17.3083	12.707	19.1361	18.3951	15.8345	26.4691	32.3964	31.1837	15.3471	15.0013	8.80331	18.569	21.2032	22.7283	21.3106	13.534	10.0468	5.0128	7.4533	14.2194	24.1841	22.9482	28.2341	19.668	12.2941	6.04577	11.7728	25.8761	29.3611	22.0598	5.67602	6.56408	11.8807	13.2632	7.02986	22.2135	28.8935	28.8667	24.097	16.3397	6.23803	17.6613	9.5469	16.8233	14.7718	4.02374	5.9765	0.900292	6.0175	7.2857	7.94359	5.28235	2.93638	3.18015	2.18314	12.5444	21.5375	21.7332	24.6574	26.0338	19.1962	10.1874	6.54284	8.94617	8.04831	5.91486	4.72748	2.68766	4.61149	11.3017	11.7275	7.91671	4.13006	9.57003	8.42198	1.57892	10.1585	9.86675	1.23586	3.76933	10.7151	4.05836	3.36976	6.59907	10.0115	15.6269	15.9338	12.9894	9.52635	4.84683	3.527	4.4199	5.48291	3.19464	1.76517	2.45154	9.03791	7.22086	12.8516	4.40568
10.1351	5.81714	2.45776	3.94173	4.73331	4.65101	2.92003	1.28516	2.3009	2.45143	2.95704	0.99871	2.6229	0.558311	2.89344	5.28197	6.86214	8.19888	8.85711	6.88869	3.08551	2.32106	1.6274	2.12506	1.50822	2.69891	3.01436	5.64267	8.59186	3.6817	2.23219	3.1798	5.43434	3.21859	1.13037	1.27297	0.249688	1.27297	4.25886	4.08834	5.50186	7.72359	5.83033	3.00398	1.50822	1.97326	5.42282	2.73892	4.54685	2.01231	2.89329	1.41221	3.46462	3.52686	2.76155	2.82819	5.35423	8.09817	10.0358	7.24117	6.09839	12.3603	11.6963	16.3388	11.7464	10.8178	8.00212	11.5129	7.66636	7.59664	8.03435	8.97724	7.11782	3.91431	3.5964	9.08374	5.34572	8.0848	5.804	5.13395	11.3003	4.18942	3.89439	4.62459	6.76097	12.7465	11.5995	7.45263	10.8783	12.6412	1.34438	12.8823	14.8441	10.036	13.3757	12.064	9.51762	9.26272	5.63436	6.22265	8.15955	9.62571	17.8807	8.75562	9.35354	18.6889	14.2576	7.57255	5.56589	2.1251	8.287	9.79255	0.558311	9.62125	12.8743	2.78953	13.1291	10.3395	7.10479	4.12992	6.68139	8.48015	3.42416	12.531	12.7436	11.1579	21.0941	29.4011	18.5953	10.3278	5.13395	6.9239	3.46471	4.49219	6.00438	17.4458	11.8462	6.72677	8.62864	12.3778	9.89581	8.03208	17.1561	20.0389	24.2316	16.6634	14.6628	17.3195	12.7688	2.84457	11.8797	11.4566	10.9555	5.63436	6.23748	15.5427	10.4768	7.66216	6.85527	6.0529	15.6219	24.1274	21.5513	30.3451	14.6192	9.92011	12.6964	14.3243	17.6814	22.1176	18.8954	20.015	22.095	26.7279	28.6238	20.0187	18.3939	2.40013	17.9198	19.6792	18.0266	18.6831	20.4799	17.4227	17.8322	19.0418	11.2267	2.50775	8.76093	17.1561	14.1088	22.785	28.7913	24.3381	19.8397	17.4613	5.81714	16.0932	20.1153	15.6254	6.4833	6.01212	0.706212	8.33452	8.00782	1.28519	6.79033	10.082	10.4998	9.69586	8.27618	4.87163	11.9845	22.4181	23.7173	14.8097	5.13381	5.63457	12.0726	13.7341	11.0461	6.96155	4.26261	3.90226	1.9009	3.77322	4.65121	3.00399	3.87843	11.6971	10.3176	12.015	15.4702	14.2512	10.6923	8.87918	9.25627	2.40004	7.6204	7.71	12.1837	14.8431	9.19945	10.1658	7.88134	6.29133	7.2598	3.42409	1.66525	2.49545	0.636592	3.73591	3.17969	7.8796	8.06998	4.73983
9.31535	7.35309	0.900149	4.65063	5.36234	4.18893	4.06898	2.84979	1.51832	0.900149	3.21825	2.37389	2.64631	1.62726	2.24586	3.719	5.17832	6.3998	7.61986	9.03809	6.61602	2.39985	1.49774	1.76491	1.90889	2.84979	2.84441	4.58034	8.07472	1.99664	3.34587	6.61609	5.74497	7.38418	1.90889	1.02935	2.37389	2.23206	3.68127	3.35056	3.392	6.83668	6.06476	3.31324	1.07376	1.90073	5.85602	1.11645	6.8344	0.950627	7.61971	6.37097	8.09732	1.23563	1.81701	2.52607	2.25967	2.84437	6.65303	3.57025	3.08032	7.16407	6.92139	9.97346	3.17942	6.97387	3.25178	8.70287	5.47596	1.49774	2.36732	4.41896	6.1777	4.12956	5.64222	12.0748	9.68101	14.4887	7.89425	1.24817	10.6574	2.45746	4.20383	4.69052	5.82988	16.0914	13.2949	5.2021	3.91384	4.81077	10.8167	4.51233	8.47782	9.12945	3.52638	3.01399	3.4056	9.63727	11.6193	11.7404	7.72882	4.35903	19.0036	14.4807	17.8177	21.5271	5.28431	6.13549	6.63252	5.11833	1.59827	10.0346	10.6169	8.65629	15.2093	6.63221	7.44986	5.59279	7.85584	6.83476	3.80546	8.99958	3.87	1.59827	10.1413	22.6946	12.4758	23.7005	21.842	4.50226	11.7041	14.2569	7.74644	12.2401	10.2791	11.3254	9.03848	17.7909	9.15931	7.06527	10.1222	3.53085	14.7014	20.2725	14.8658	2.13228	4.65394	10.0585	14.186	13.7075	10.9979	3.57008	16.708	13.1724	14.3499	18.5825	9.45356	16.8323	11.5978	12.1779	10.7133	17.2418	7.37622	33.6777	20.1129	10.146	6.15518	8.28629	12.3165	9.71161	1.59829	12.173	17.0128	19.2258	11.1375	14.0709	21.431	15.3828	17.6481	18.5131	15.6675	11.0345	6.58122	11.5851	23.4838	23.2118	10.0155	3.23744	1.6272	11.4706	27.7038	20.757	8.4579	22.0708	26.9387	18.8449	5.93429	1.81701	4.40848	3.04477	8.59299	12.3454	13.0172	11.7102	6.371	6.14293	5.63416	7.27002	6.87266	5.13348	5.66683	6.53953	5.8035	5.38542	5.72892	7.70536	8.44219	11.8539	10.0618	11.2404	10.1561	6.61602	3.66858	4.89328	3.08022	0.900131	0.636506	0.88264	1.02935	8.08415	8.8356	10.344	9.93124	5.78761	10.2473	10.5117	6.78301	5.78742	10.1413	2.64631	7.79136	8.69774	12.014	13.0137	7.30339	7.85551	7.51297	1.42304	1.0293	0.249679	2.99848	2.76119	3.35518	5.29588	1.76486	5.42228
9.02383	8.23201	2.25955	3.34552	4.12891	3.42344	4.58331	4.78441	3.12494	0.529569	1.42291	1.28495	0.789424	2.5686	3.76826	4.02647	3.2371	2.23176	4.98035	11.1505	9.36588	2.60455	0.63647	1.37843	2.50727	4.26529	3.21792	4.11397	10.2341	5.80826	7.33375	5.46696	3.39169	8.86188	3.71861	2.99824	1.49751	2.36707	4.35858	2.7609	1.90869	6.64304	5.66598	4.22898	3.34563	1.79967	5.60042	0.882548	7.32531	1.51816	7.85468	1.90878	7.64476	3.70193	1.45536	2.25943	2.69254	3.21797	4.52901	1.02924	1.62705	4.30139	3.0799	6.52448	2.21084	5.14173	2.99824	7.5365	5.35312	1.42295	1.57855	2.52581	3.27994	1.62705	3.13977	7.65071	3.47732	10.766	5.85541	5.04199	7.23948	5.17778	5.13295	2.60467	2.2936	12.1522	11.1187	7.23979	9.69669	4.98042	15.6329	4.8707	3.08002	11.1026	5.84778	6.1572	4.88331	5.37323	5.21324	5.78701	7.46782	5.76309	13.1662	12.0214	16.8108	6.35073	13.0392	15.7777	15.8843	15.8133	11.7956	6.67982	12.526	10.7389	18.6512	11.1879	9.88669	12.518	9.63168	4.436	7.98709	8.15812	5.38475	4.11033	11.9821	24.6819	16.6925	25.2928	21.1086	1.57855	7.07977	7.2333	14.0849	11.2232	5.91054	12.7412	13.0159	5.84771	13.2325	17.9878	22.5956	20.862	15.0545	11.1187	6.6154	5.00822	12.3391	14.5189	11.4115	5.95168	9.52383	14.5897	9.46804	10.2811	8.6273	11.8439	18.4419	20.0729	14.5349	17.3069	21.4296	26.4129	23.1404	30.5587	12.1099	13.6553	14.5624	18.4698	20.9488	17.3287	6.52235	1.77351	2.06535	2.60455	4.62347	17.5178	21.2574	12.6481	11.0118	7.40817	2.06528	2.95657	3.6682	11.7089	20.0724	11.9525	1.76472	5.91054	7.45151	7.76909	28.2499	20.0848	23.0389	28.7901	22.6083	4.51186	9.748	10.7126	6.39914	5.55639	11.214	4.94306	7.42464	10.6662	7.33401	8.86228	5.89747	4.74239	6.78231	5.97236	1.41194	3.76833	1.94905	4.9836	8.83501	6.59713	3.54809	6.78205	4.15899	13.8845	9.63628	3.94102	9.24023	12.5264	9.50312	3.17425	1.27278	3.66838	5.48129	6.87176	6.69127	8.32715	9.80273	1.62709	0.176527	1.02924	1.34418	6.29498	11.5833	3.49953	3.70612	10.6121	16.6868	13.2688	9.34545	6.14229	3.17913	7.20182	6.93163	2.54419	4.24356	3.86576	4.43595	1.13021	5.14199	3.91356
5.82336	6.26024	1.62691	1.87573	7.07939	11.1885	11.9335	11.6716	9.18209	4.40418	1.59798	3.46365	6.39851	7.83306	9.57951	8.07359	2.35367	3.17398	0.706015	9.92486	11.1589	7.23076	7.33338	6.48174	1.81674	4.98601	4.15843	3.07963	9.88855	3.2416	10.1306	5.14154	6.21381	6.19376	3.88124	2.18226	3.73488	3.97587	7.76874	8.77234	4.74178	5.85491	3.1543	3.96038	4.79054	3.23696	3.38666	1.6741	6.64246	0.899976	6.06361	2.45707	5.0414	3.42309	0.748817	2.45064	5.78632	6.90673	6.67952	5.7439	5.36152	4.05684	3.74745	9.39595	12.7677	10.2672	4.97075	5.7624	6.53122	7.06427	6.82225	8.84958	7.20543	4.80665	5.50033	6.35268	3.07973	9.94599	3.42326	4.87028	6.58029	7.17355	5.7624	2.52559	0.899958	7.64421	11.0391	11.2384	12.955	4.45988	11.3233	5.59177	2.52567	7.23885	4.63316	6.94847	7.16473	6.34052	8.39888	8.45671	10.0123	6.58705	7.38098	14.4864	6.60348	12.5369	16.1748	3.23696	7.37463	4.75489	5.80497	6.19406	3.73905	7.99992	10.6149	7.07905	6.36976	12.2128	12.9842	0.394696	8.96767	7.16688	6.68623	7.66425	11.7382	24.0832	24.4477	26.56	10.4156	5.23341	7.27481	9.04332	9.10116	7.30807	1.27261	3.5302	6.01531	5.61091	18.6277	4.89257	12.7739	15.1129	12.9651	10.0119	5.07794	5.80225	10.6931	5.93316	12.1118	18.8848	22.013	19.1339	11.4482	8.04504	9.40388	6.34052	5.34424	5.11724	1.73788	4.64995	11.138	19.1379	22.3124	15.0805	12.4175	21.2375	8.5563	7.11135	16.7307	14.9391	4.98601	1.62689	0.998379	1.02915	3.47702	13.6476	17.078	16.8569	20.3422	16.3349	10.7656	9.9944	16.7469	18.9809	6.73403	13.1349	20.2607	22.5119	20.6901	10.1398	19.1214	29.5953	31.9437	16.1132	12.3857	24.1561	19.8865	12.934	6.52163	3.71822	9.78351	4.97056	4.0184	10.2551	2.84935	5.11751	10.4953	9.73015	6.91347	8.08269	4.11368	4.76788	3.68067	5.18019	5.66575	10.0257	11.2623	14.1128	18.17	17.6767	6.30204	6.35032	6.34085	7.83082	9.24069	7.73739	9.93436	9.69783	10.0437	9.27355	6.78845	8.24617	11.9321	11.2662	8.3992	6.0942	7.45086	7.30201	7.82296	6.39854	5.32118	6.21611	12.185	7.07934	4.12856	6.76144	11.3759	16.1758	17.986	12.2843	4.30123	6.39858	5.03551	5.72753	3.59547	4.20283
4.66271	7.33259	7.17291	6.3692	10.4745	11.8111	12.4306	12.8017	13.7291	12.4306	10.1625	7.02887	8.58524	6.82166	6.24271	3.56903	8.164	5.6976	3.35421	5.87785	8.47697	5.06858	4.24295	6.87051	4.26095	3.6675	5.67303	3.25081	6.75821	6.34978	10.6139	7.16201	7.56348	0.705947	7.38033	6.82166	2.69791	8.03092	5.75138	11.7068	11.296	6.2596	1.28472	0.249592	2.36653	2.21032	1.81658	5.20065	7.71877	4.6229	7.76958	0.998344	6.52098	3.96002	2.39915	4.49044	7.98554	7.47233	5.91206	6.23548	6.32799	0.899869	3.13917	5.98163	7.44613	7.53752	9.33093	11.0247	8.24017	7.1622	2.50696	6.50214	5.23311	3.25104	3.17849	3.36794	0.882409	5.97888	4.01819	6.90149	2.13168	8.69692	5.80442	2.78838	1.50767	3.52984	6.33987	9.03541	9.00203	4.89531	4.511	2.37307	3.21739	1.94872	2.82716	6.58625	9.31744	6.10344	12.2878	6.33987	4.88265	12.1441	8.02905	3.36804	11.1643	12.7327	8.92171	23.0788	20.9372	13.1115	8.7987	11.682	11.0163	6.53064	15.9478	20.892	9.10211	8.2157	13.3704	7.38011	5.97125	11.6817	11.0313	8.81774	0	12.1696	13.8245	9.23356	7.01768	8.01407	5.39822	7.97645	5.7085	3.86887	7.0632	4.15827	9.23803	6.35226	21.7774	30.5553	32.0869	22.3292	10.8619	7.14697	4.45593	5.95087	13.2031	18.4763	20.1947	18.3727	9.6287	5.97125	7.92251	12.5807	1.51797	14.9385	27.6736	30.7283	27.8724	20.8263	13.8536	8.43987	6.2596	10.4057	19.3715	2.29991	20.3799	23.4377	17.6752	8.79369	3.95984	5.52507	9.93351	10.1743	5.74341	8.31099	10.3929	9.32605	6.82166	7.82225	5.70813	8.50538	17.7857	7.36784	9.34978	9.43327	6.18352	4.80595	10.0956	15.6237	12.5173	19.7963	12.1748	11.1365	22.9157	18.4139	17.3158	16.6386	8.87594	10.1266	13.3447	6.61452	4.26086	13.4135	9.56609	12.0525	8.66598	6.31111	6.10373	2.73782	4.01826	7.55368	5.56391	4.74152	13.9126	15.4785	13.682	14.1492	14.0923	8.51481	9.29982	9.26423	5.7085	8.12119	6.21294	4.69886	5.38687	3.03381	3.73869	7.38234	13.0494	15.037	15.3623	16.5168	16.2097	11.9804	13.9189	11.4976	2.78838	7.26802	8.89436	3.39096	14.5591	1.51797	14.2122	12.2658	7.35141	5.14075	15.4949	17.5709	2.23143	2.62206	3.12447	7.99696	7.57785	10.34
2.14597	3.54268	4.92921	3.01294	8.65086	2.95574	5.69695	6.99101	7.76716	9.29603	11.0301	3.17833	7.40603	1.59768	1.73762	9.54452	8.86468	6.96466	4.1762	4.65216	6.83181	4.18731	2.5067	3.95946	5.1403	1.62657	6.21975	5.07697	4.12406	3.2362	7.96954	9.15544	6.0726	7.72572	4.57876	7.10159	4.28958	7.92945	5.23236	8.50464	14.5578	8.41165	0.558049	0.72761	2.05715	3.15369	3.59471	5.29101	6.68496	4.26068	10.7091	0.72761	7.56864	0.529421	3.38601	6.6135	7.97526	6.38987	3.56874	1.67377	7.0863	4.57859	5.38326	8.15392	3.5471	2.8488	3.91235	8.62473	3.54264	6.34898	4.83439	9.62894	3.24112	3.00258	3.73428	4.9042	4.15784	3.01802	3.07904	5.69695	5.89584	11.8889	2.49428	0.950263	2.7432	3.49856	11.762	8.08116	0.882324	6.29355	9.18214	6.05512	4.11282	6.84107	5.34322	7.8312	10.7354	3.17337	13.4919	9.84731	5.29384	12.0095	15.9852	3.17833	12.9267	9.2862	18.3475	14.647	5.1403	14.9564	18.727	8.08141	16.0323	8.0811	11.6919	21.2921	17.2555	4.40678	10.9938	12.5611	4.86935	6.44738	12.5984	13.6622	6.99752	1.9723	4.49004	2.01131	11.0888	7.61682	4.26061	5.42041	8.83926	4.1129	8.55438	10.612	13.519	10.994	16.1556	20.132	12.7127	6.46135	8.70002	11.9531	8.05849	4.35043	5.72137	5.45722	2.73764	0.705879	14.4831	15.0776	8.94287	3.49856	9.16041	16.0333	17.7322	16.3413	18.7179	17.3661	4.06754	4.35737	12.0507	17.7716	13.4983	20.0298	17.3242	5.60984	6.50418	8.39043	7.76527	7.57495	8.91409	9.00997	7.90854	2.37286	6.01938	1.76427	7.12934	14.3893	15.5096	19.5013	20.3493	2.49419	8.9256	10.3348	13.8522	15.6068	18.7841	15.3337	8.80487	1.81631	9.77712	13.0798	21.7448	9.48302	29.9634	15.9704	5.34322	21.5798	17.6026	13.4042	9.65391	16.1523	10.0947	2.49419	6.14064	7.72611	6.53704	6.24219	6.48295	7.89146	9.654	10.9936	8.79278	4.6885	1.05875	2.99734	2.64523	2.05715	6.82072	9.29754	5.25006	6.10288	7.78841	6.94715	3.4226	3.89256	5.3975	10.3126	14.0589	12.8368	9.08648	7.22939	13.3757	5.07722	7.03246	8.66491	10.5454	3.78357	10.7962	5.13155	15.9147	3.91247	18.0178	6.71219	5.67253	8.27234	18.9001	13.8963	0.499158	1.12984	1.81631	4.26055	6.00931	7.10159
2.231	1.799	2.62137	0.727544	7.93436	2.89163	4.28901	6.45122	2.87015	4.74068	12.1853	7.81326	5.17561	2.37261	4.1572	9.93097	5.50696	9.78067	6.06184	5.84539	8.32401	4.90354	2.84311	4.01728	5.72585	1.05865	6.53604	6.25841	3.74615	4.09729	7.49526	12.0751	2.13116	11.4446	8.00294	8.26605	8.9689	6.50341	2.39866	8.58875	12.4768	8.41079	2.68589	1.9957	2.52488	3.70463	3.56838	7.08557	8.24924	6.72332	12.8941	6.75719	4.97836	2.84311	2.73729	6.61282	8.48061	6.585	3.27869	1.12972	8.56749	6.83339	5.49868	8.24924	7.76458	7.14603	8.81081	7.78761	2.47521	7.87689	9.1001	7.66183	5.8457	3.11895	1.764	0.49908	3.32563	3.61601	5.80597	2.18169	3.6668	8.79701	5.45379	6.36802	7.72516	3.42215	12.7816	5.34252	2.47523	3.54234	7.0666	8.77006	11.3842	8.17029	8.85729	12.2631	13.929	1.50731	12.5736	12.5259	10.762	9.56381	17.6765	1.73746	9.74389	5.8457	13.8793	4.12364	9.91457	13.9412	14.7422	11.7047	20.4695	14.0085	15.6237	18.9214	19.1074	3.59446	5.80057	9.76842	10.0402	3.51164	9.18079	13.8252	8.18271	1.57797	5.82165	1.57788	10.6454	8.72295	3.07886	8.24383	8.30234	10.3778	5.2818	4.31788	15.1984	18.1313	14.0728	7.85172	4.88146	14.3398	6.27337	14	13.3626	6.44438	3.01777	1.50731	0.394586	0.950166	17.644	14.4431	6.86903	8.55376	16.2156	23.1239	7.8129	10.5206	22.0522	23.2291	15.2884	14.4658	14.6855	19.1719	14.5206	15.442	9.64085	16.0823	17.3082	15.7856	12.9989	7.62436	5.9882	5.74999	6.77957	10.3856	14.9623	13.8884	13.7789	13.1661	6.01354	21.1165	20.6028	4.41324	8.7612	7.04265	2.50648	6.77983	13.5829	15.4062	15.5328	7.23722	14.0144	13.8579	15.4191	13.767	29.6642	9.00034	5.27869	26.0357	15.3897	14.0756	15.7137	17.9323	6.56417	7.57611	5.8456	2.18162	3.80375	7.70575	10.3929	11.539	10.1237	7.64782	8.96866	8.95364	5.11605	4.80513	3.73378	1.77284	3.31164	5.31936	10.5062	4.86901	12.8033	5.45648	0.748648	5.67743	7.55205	15.4749	15.5267	10.242	12.2249	13.2281	16.5125	9.99167	10.8778	13.0967	12.4771	5.35132	9.67609	3.54679	12.7702	0.705812	15.8974	14.0068	14.9423	12.4517	14.267	2.62137	8.17022	8.16274	2.3662	1.07326	3.56838	3.54659
8.65139	6.62178	4.34957	4.12719	6.39588	3.2784	3.63254	5.85529	2.29932	0.249536	6.15167	8.00984	0.394528	4.95641	7.23001	11.293	6.17418	10.6989	9.56306	3.23558	7.43546	7.07665	6.25818	6.98961	7.08495	2.52472	7.20465	9.44323	7.74204	7.34682	5.98762	13.7773	8.61641	9.88949	10.3683	3.25003	8.455	2.1237	8.71392	12.118	7.22993	5.76013	3.74602	5.49554	6.75887	7.1623	7.10889	11.0133	11.9065	4.14573	9.45608	14.8319	5.45327	2.86999	3.03291	4.01687	9.20615	7.34682	2.49375	5.67708	11.1415	8.43716	6.15182	7.23001	8.69302	8.53887	13.0955	10.3774	5.82402	6.77896	10.2803	5.22254	3.01237	1.89971	1.97192	1.18349	4.25967	2.31949	3.2784	2.15282	5.06693	7.78693	6.04863	5.10337	9.44321	4.24161	9.12752	9.32797	4.843	5.3508	2.93413	4.05147	3.79511	5.72028	8.32903	10.6391	11.8469	4.80461	9.392	14.9945	14.0103	10.3037	13.9143	6.38896	3.17757	6.4604	3.63254	11.3859	12.5416	6.44596	10.969	19.4299	17.439	13.6597	16.3618	15.3997	12.1803	9.43058	11.4762	7.99494	8.47988	5.98745	11.8289	24.6407	23.4251	11.0752	1.76389	3.38554	10.7707	9.5143	8.62339	13.7913	14.4731	13.6597	7.37994	12.8782	6.10194	14.0264	14.0633	14.0719	18.2944	17.8693	5.46467	12.2868	7.84146	14.1847	16.8079	10.5042	5.00288	4.01707	13.8084	15.5137	5.46165	7.21509	16.8311	19.6173	23.5054	25.7202	17.9195	13.2338	6.24071	5.63896	8.32523	13.6904	18.5322	4.90953	11.4078	12.944	8.80346	9.51894	9.76763	4.62154	7.73446	9.06151	1.77267	12.7967	8.46598	5.35062	10.6771	19.1905	24.1968	27.1794	16.473	8.97109	9.613	4.94074	5.90778	5.80004	5.85295	13.9418	19.9731	9.79219	13.8656	10.1285	17.3161	21.7892	12.6879	22.282	27.0571	23.7675	8.42622	19.0309	18.6596	11.1827	4.05518	8.9189	3.00208	4.28862	5.63065	1.99539	2.84277	1.99549	1.62629	8.32908	16.9955	20.4492	15.9186	12.095	7.54527	3.71697	3.87587	5.29283	8.37401	5.84504	11.9027	4.40594	5.58982	9.8228	8.07981	16.29	20.3597	18.2706	17.2847	15.1501	16.1387	13.6072	15.5361	15.4001	10.105	4.44444	8.84587	2.29927	9.8637	6.28746	7.06559	4.33179	9.31033	9.62739	7.36977	7.07639	8.79652	9.93631	5.66333	2.29933	3.70019	2.73704
12.1799	13.1199	8.0696	1.51729	4.25933	4.40202	3.8029	3.74544	2.1525	3.97395	5.10288	3.87935	5.1777	2.4558	3.70401	7.78613	6.0531	5.65201	12.6412	10.0286	3.62813	1.90772	4.23023	9.5101	8.06366	3.70392	5.13913	10.644	14.3406	13.1647	2.54289	7.7881	7.12762	7.94288	5.13879	6.38574	10.6978	10.9799	9.67467	7.90635	4.59098	3.8795	1.41114	2.54273	3.0121	5.24871	5.67109	8.41678	14.8384	17.5497	9.89453	10.8137	13.2172	2.12351	1.9718	2.1812	9.03864	6.5348	3.31118	6.49981	7.7823	4.12655	3.00161	3.21609	3.13796	0.249497	6.04065	5.60858	4.40202	4.78809	5.50875	9.29492	6.72204	5.00542	2.15264	4.59086	2.39836	2.99147	5.82086	4.49929	5.41872	9.9307	7.78646	11.0012	8.30842	15.0208	3.34362	13.1237	11.2564	3.74544	5.10306	6.14894	7.50843	8.06421	8.45443	6.32799	5.51983	7.19759	2.52439	10.32	15.267	14.1754	5.72775	3.42143	4.57725	1.664	6.51851	7.49997	4.75588	5.38482	6.36642	10.0918	5.63842	8.20717	8.89082	4.83321	15.7498	13.6061	5.19867	2.54273	6.63925	13.4075	14.3406	15.6429	22.7157	10.5028	4.93077	1.6639	12.3899	4.88053	7.30456	9.88749	11.896	0.8821	11.6418	8.02788	13.8578	10.2448	11.5253	24.9678	26.0639	13.7734	12.959	12.0937	2.54273	11.3391	14.8333	13.9729	7.22739	7.76511	4.7232	12.4735	6.17358	4.98083	5.03281	20.4611	27.2484	17.0547	7.22924	17.3073	17.9202	11.3077	7.53223	2.93387	12.6973	16.327	16.6515	22.5035	24.4617	19.5499	10.4294	5.682	7.64089	9.46321	10.7066	17.2761	20.4611	22.936	18.7795	15.9666	12.8006	11.3651	4.40194	7.37925	12.4113	11.0201	12.9597	8.50217	12.7378	11.1621	15.8945	12.6866	8.079	16.8396	20.8291	10.755	17.5002	24.8618	23.5367	11.452	14.5042	22.3398	15.3183	1.05845	6.92528	5.2923	5.50621	7.29857	7.55057	1.84136	8.11812	9.28225	9.69335	8.78016	2.69687	9.12318	8.42545	11.0737	8.00904	3.73323	8.89122	10.9734	3.56786	8.75268	6.32558	2.12343	3.91112	7.40386	3.46198	9.29492	16.047	14.6367	9.44232	7.78613	6.33746	1.62621	4.65107	4.34921	1.05845	3.91129	14.5589	16.6439	19.2202	17.7901	15.4948	11.5406	10.2052	6.99107	2.25829	7.75095	5.67656	9.66822	7.00854	3.12316	2.35249	0.949984
2.65014	8.63719	12.062	6.56233	5.89359	6.13811	0.788868	3.78212	2.29883	4.57012	4.78131	3.77001	6.21257	6.77767	3.73704	7.37043	9.18162	2.54251	5.20992	7.93625	5.99929	3.87513	2.44923	9.82075	8.9626	4.86742	3.08289	3.70374	12.4267	16.0631	3.97368	5.89342	4.78766	2.64422	2.84771	3.15249	10.6745	10.3649	2.52414	4.24067	3.17703	2.89098	2.5669	4.22619	2.5669	1.97152	4.26247	1.34324	2.0106	13.4408	18.0091	7.29764	16.8863	2.11597	1.76351	1.99501	8.55101	4.98316	2.20928	4.0161	4.80376	4.93046	1.27194	1.89928	0.352818	1.45443	2.05645	4.25893	5.80166	6.01716	4.64729	4.57012	2.35232	1.67308	3.70374	6.49919	5.03867	4.90216	4.12248	4.73929	6.92708	10.3751	4.75217	17.861	12.9949	17.401	13.6908	13.4869	12.4336	7.31222	1.59707	2.29883	3.0015	5.74063	8.23618	9.62411	8.09144	7.49929	3.42118	2.74215	2.12329	5.00193	9.09142	7.26451	5.92977	2.69655	7.45241	5.72446	7.71695	7.29773	13.4249	12.3417	4.40171	2.49327	9.21585	14.805	14.1821	12.3312	8.30719	7.45272	13.9715	17.7261	6.7776	18.2164	25.742	9.97802	4.35919	6.27144	13.025	5.69487	10.2438	12.8398	6.53456	11.2543	8.30001	4.18571	8.58636	10.8128	19.3473	15.8034	11.3175	21.8286	18.8347	2.13056	5.06596	10.9435	11.317	12.0535	4.95532	4.93984	3.81082	6.92467	7.23478	6.22748	11.4983	15.9822	5.98645	19.3	14.0851	8.78773	17.5795	12.3499	8.30719	3.86306	6.03997	12.8908	17.1821	19.8187	14.7631	4.75541	5.12959	7.00817	7.04058	5.13834	5.17442	11.9637	14.6459	8.61299	5.75911	12.9583	13.4875	13.5482	7.73284	2.86934	12.9713	23.8598	13.0129	23.8638	7.40349	10.2265	10.4667	6.33451	5.27736	5.49422	3.78212	15.1468	22.3146	9.88753	5.50841	21.1601	23.1475	16.6813	10.3193	6.50154	6.36827	2.86934	4.95536	9.26973	10.0513	9.7662	13.9861	6.16059	2.62064	3.17711	9.65054	12.6308	8.24711	9.46029	7.85725	4.20042	12.6224	9.83486	12.2644	9.6904	3.81082	6.18055	7.71708	9.24029	1.11556	2.31908	4.17461	1.67308	3.12287	5.36108	5.82266	2.8258	3.47058	0.352818	3.71609	6.39469	18.9449	17.9345	15.9798	12.5393	7.81885	10.0717	11.3677	7.78546	2.20928	4.02382	4.67702	6.50156	4.52603	2.44923	1.62595	0.394453
5.30299	5.60988	14.9901	9.02862	3.93813	7.73205	5.12902	3.00104	2.52388	2.44913	5.66199	4.95495	5.9703	5.59616	0.176394	3.04214	9.62451	9.62458	3.8023	3.6315	6.03938	5.10491	3.08276	6.46296	9.24759	7.72224	5.98592	3.67823	7.12579	15.5637	8.20226	5.72394	6.63799	6.05195	3.73252	1.79831	11.3665	9.79534	0.949802	4.25481	4.8032	0.249449	1.28398	2.95434	4.80667	3.4971	3.13736	1.42186	1.77219	9.61651	19.0706	4.78086	16.1474	1.77219	2.45533	2.39777	7.83909	5.62646	4.25503	3.01662	0.899376	4.80339	4.92686	0.635993	0.899376	2.52391	6.00649	6.29786	4.25851	4.50842	1.62581	2.69065	3.89071	4.37288	4.78086	2.12308	5.2093	5.67527	3.87861	1.66368	4.44292	8.43452	2.54224	18.9458	15.047	17.1823	13.6568	11.4622	12.0524	1.97139	7.57354	5.47721	4.05411	5.67548	5.45465	5.85357	7.8256	8.21119	5.10191	4.25868	5.17397	1.9396	7.57333	8.85577	8.62089	4.40133	6.13745	5.45171	10.377	8.85521	12.319	13.2224	2.50552	1.02847	9.38928	17.2277	4.72912	16.0537	13.5028	3.03207	20.5473	19.5284	5.9703	25.9958	21.6702	9.30792	7.26388	8.92496	14.7427	10.3812	11.0468	17.0165	11.1587	10.0069	0.899376	12.0366	7.74005	20.2062	19.0073	3.62743	10.7402	28.4889	15.4136	4.88905	1.28398	7.22796	9.78801	4.93937	14.9671	15.2829	13.0511	9.70382	6.84677	4.95501	11.8398	12.3663	11.0875	18.4029	12.0061	7.99992	15.3952	14.3378	10.7485	5.47706	2.29874	1.67291	2.3717	4.66004	5.99873	9.99479	6.15255	8.30685	13.774	16.401	13.1132	11.255	9.99534	9.07735	15.2044	16.3575	14.6428	17.9261	13.8079	1.97139	12.6106	24.782	15.2044	27.65	6.28571	5.30299	2.13045	5.04134	8.26293	13.6828	16.5002	15.3461	15.5862	10.1553	16.5732	21.7444	17.0887	7.76323	3.7033	3.89854	8.11685	10.2271	11.349	10.3312	6.55719	5.58826	13.0017	15.2234	14.9047	12.4718	7.16039	1.73679	8.18018	12.2385	11.8253	5.07779	13.8326	5.31734	14.1162	10.0007	1.67291	3.70321	5.66165	9.21491	3.9928	3.36625	3.32436	1.5068	3.29163	3.93797	4.24023	1.89917	4.97668	3.79418	3.32436	6.33385	19.1258	17.3113	7.20235	8.69022	8.11659	13.4395	11.8498	6.36763	2.45533	3.38437	2.86913	5.58819	5.55233	4.31612	2.24391	0.557802
13.8456	12.0992	14.3275	9.15032	2.89042	6.39365	9.1621	7.07402	4.25824	3.27715	3.86247	8.2838	8.85442	4.50802	1.79809	2.44876	6.06935	11.3269	10.085	9.66426	5.56016	1.73662	4.35859	2.1229	5.29084	7.91746	6.70858	6.00588	2.75867	9.53913	11.0937	7.49203	9.55946	7.71564	8.32055	9.38888	11.6991	7.451	1.41073	4.23262	3.95719	3.67786	6.63775	4.95447	2.31863	5.41739	6.68589	6.77665	7.05891	6.15197	14.1828	4.65958	11.5253	6.03891	1.45415	1.34298	5.81892	4.60626	1.8743	1.07273	5.30255	6.77665	8.76566	3.87838	2.22993	4.56925	4.41468	1.11535	4.92964	5.56011	0.899269	2.99575	3.07737	8.10087	3.69878	4.10665	6.81684	1.24699	2.90636	2.39753	4.96677	5.065	8.32593	10.4103	10.7242	12.5262	8.84253	8.43397	14.8283	11.1096	5.94693	3.03175	5.36867	1.07275	5.99815	4.75439	8.32221	11.8752	10.4106	3.76505	2.25762	9.17979	11.733	6.05927	6.58205	4.01538	4.08414	8.46981	11.1375	13.9931	11.9022	7.61254	10.0183	5.75801	6.84608	19.0245	18.6036	12.0224	7.94817	10.592	12.5085	24.5117	25.7293	28.2649	11.0346	2.69024	2.95405	7.0393	17.8632	16.8053	3.38424	10.386	8.956	11.8926	14.9943	10.4704	3.4206	19.3902	17.4049	14.1653	18.7079	24.4347	9.77163	8.11576	1.5772	4.29774	6.55656	7.46118	8.78608	5.34001	6.44117	4.18506	7.05891	10.5004	11.8279	6.83019	16.8278	16.3071	7.23341	3.61407	9.38847	13.0992	10.7612	5.62864	3.70303	4.34794	7.84841	10.365	7.81745	11.5662	16.1465	17.4646	15.1446	13.626	5.454	5.4287	7.15728	3.93767	13.0359	8.88838	7.34647	14.0826	13.77	4.84115	9.78254	22.4842	21.9142	18.4162	4.5895	7.19336	9.64855	17.6052	22.1633	18.3433	11.4397	1.28385	10.1012	14.5623	13.1295	6.75377	13.4001	21.7008	23.3284	19.294	10.3102	3.87828	7.73138	6.47682	3.76512	3.76929	9.07479	14.3001	15.8077	13.5416	10.4264	8.08975	3.36583	6.7447	8.49983	3.24867	11.2101	12.5914	6.83685	13.2829	9.77656	3.34736	3.66526	6.67447	10.4036	6.17189	0.176377	5.55168	10.6145	13.0052	10.4663	9.40647	13.3688	17.1814	12.0457	3.00086	13.9217	21.6421	21.9914	21.2447	18.6534	16.2268	9.26799	2.52366	1.34298	4.35836	5.454	9.87861	11.7295	9.70255	4.29774	0.635927
9.88531	12.0509	10.299	5.29028	0.881733	1.34284	2.86851	4.2615	5.59548	8.77711	11.4389	11.9713	10.4366	3.52714	1.11528	3.30974	2.86858	8.37012	3.24849	1.74528	3.01604	4.23959	1.97105	0.899204	2.14449	4.34729	5.12191	3.71523	6.18882	4.1551	3.01081	5.55938	8.97512	4.92921	11.2882	12.5546	9.45799	4.75407	4.04953	5.97451	3.46974	5.76532	4.28299	7.87054	6.13628	3.71509	6.23068	5.73904	5.52087	6.82987	9.32832	8.28299	9.153	10.7506	2.25727	1.97105	4.96627	5.24654	3.86614	4.86623	5.49554	2.01003	7.46042	5.03725	6.59788	3.3656	3.2342	5.27016	7.72082	7.19935	7.6118	1.34284	7.21831	11.4708	4.7638	9.07517	1.34284	7.32703	7.71293	6.01011	2.78621	3.80976	5.4535	0.78868	5.34836	3.21493	7.34328	1.874	7.99273	9.83504	9.17934	5.74671	4.48725	14.2023	9.6152	9.98865	14.2357	12.923	10.9795	6.5743	1.05804	11.9952	10.375	9.57766	8.26137	4.40386	0	3.07709	9.09557	13.7087	10.4483	4.89125	7.08154	9.25229	0.394337	3.73181	12.7913	12.4458	9.23762	10.131	8.79227	21.7379	22.1157	5.35669	12.1416	12.3577	10.5348	6.95387	13.9428	16.1273	10.5911	12.0628	11.6375	13.5157	13.6719	8.92804	15.2157	7.0538	14.3478	19.8868	8.3252	15.2016	18.4245	6.55595	5.06449	9.63495	5.55938	7.14155	11.1128	18.7841	11.9568	7.16071	8.07587	7.26839	9.99935	7.6831	20.1508	16.9044	9.32391	9.84077	12.4458	7.27679	10.2251	16.6405	15.5073	14.1013	14.8081	12.0982	9.28002	8.54145	15.4335	9.47239	21.2717	21.5674	12.3991	6.71949	7.81633	4.97862	13.9047	2.20863	13.1666	13.115	4.01492	9.45168	8.97568	5.98474	3.42028	11.521	18.7813	16.598	15.3645	18.0823	12.2172	18.8602	19.9974	17.3678	15.8153	14.7592	10.9803	7.00622	5.30205	2.91684	3.715	7.05784	9.22624	8.86889	7.10956	4.25422	4.41446	4.05336	2.22972	1.50651	0.529066	4.05322	5.80263	10.9639	13.3081	9.47239	2.91669	7.69694	4.2615	13.1932	10.6342	1.97094	13.8591	11.3035	8.3794	7.6118	7.21175	9.47677	5.62831	13.8176	11.6982	13.9998	8.08897	1.97102	7.01886	3.63096	11.6726	2.39728	5.55961	14.6041	20.4309	18.2367	13.6296	8.0705	1.24682	5.60917	6.70814	5.79745	6.5183	2.12262	8.31927	11.2351	5.24645	0.881733
1.51657	1.93904	2.11516	1.97076	0.249392	1.59644	2.69557	2.75814	3.41982	5.41636	9.55178	11.2136	7.7594	2.14433	3.56171	2.2434	5.90672	10.2398	9.23722	11.3757	7.54109	1.62539	4.93792	2.3971	1.24673	2.61967	4.5751	1.42147	3.36518	5.98417	1.97082	6.08809	9.88382	3.38811	8.58302	2.29129	2.91654	2.35142	4.02228	4.05286	1.24675	6.17066	8.27681	5.06403	8.05992	5.24599	2.64321	2.52325	2.86834	4.25723	7.93303	10.1535	6.72768	14.3695	4.75348	1.34277	5.03964	5.58365	1.97082	2.61967	2.7411	2.3971	5.11237	2.00985	4.75361	5.33899	2.60184	1.42147	7.8755	2.84111	9.11913	8.12555	9.71139	9.79289	12.2228	12.299	6.34415	8.28224	9.99209	9.0727	3.24821	2.12254	4.48679	7.21758	4.87843	4.02243	6.05027	4.5243	7.03791	3.46043	11.5513	8.92073	10.934	10.1228	15.3415	18.6061	8.96602	21.7596	15.8098	8.4182	3.78084	10.2237	8.06012	7.03797	4.41401	2.99505	6.61102	8.23307	6.69135	2.81922	10.0159	7.81589	17.432	7.7829	8.5831	9.05639	9.74522	12.8372	16.762	11.5029	13.4487	3.11668	5.22842	11.1921	6.26918	6.51544	5.70357	7.41706	9.62007	14.1377	5.80209	6.52502	11.6971	17.271	3.17581	18.0847	15.5169	7.77866	10.755	4.23918	9.51987	7.96391	19.8889	9.41096	4.12091	9.33539	3.86557	5.10045	5.06403	9.63403	15.3957	22.2221	20.2011	20.8522	8.53546	13.7329	22.5194	13.5672	10.1225	20.3047	9.8341	7.50444	14.2411	16.8613	15.818	9.1523	7.9065	7.7122	12.1531	3.19043	14.3092	19.5777	21.9055	11.5656	6.06551	5.49213	5.67906	9.66209	19.4663	13.3458	20.4788	10.2109	11.4015	12.3742	13.4364	14.5596	14.052	12.0678	11.2346	9.55178	8.75036	11.3634	14.5109	29.2078	16.3554	7.07268	6.47803	9.97454	14.4742	17.6648	19.996	21.5081	21.7041	19.7261	14.1455	7.95424	4.4969	1.51665	3.00027	4.02228	1.77168	1.79779	1.42147	2.50465	1.815	3.46043	3.70224	5.80195	6.34681	11.4373	7.75916	2.39707	11.9355	10.8379	18.5518	9.39481	5.8021	10.1112	12.1403	9.05639	4.98152	19.2932	12.4431	13.8196	10.2106	6.8269	10.2676	10.7776	13.4199	4.09474	1.18281	4.23177	3.49589	1.81492	2.29795	1.73622	6.6729	5.46143	5.22865	4.78602	1.50631	5.13664	9.81726	10.152	4.41033	1.11514
4.90628	4.73703	4.58835	4.51037	2.68962	1.05784	3.03071	4.41361	9.36692	7.71147	4.25689	3.78029	1.97059	4.14294	5.42971	0.635749	7.32334	11.7558	6.51706	2.39682	9.40326	6.05729	6.49611	7.01799	6.9918	4.51017	2.99474	2.54143	5.49449	6.26844	5.62686	6.13517	12.0418	0.949484	9.61909	4.08291	1.62516	2.11496	3.17545	2.74081	1.58653	2.06291	5.51671	4.78554	6.7518	4.10544	3.23359	5.9271	4.61843	7.01753	8.78352	10.8431	5.67311	16.5881	6.86382	0.528965	4.49644	5.81984	1.77151	2.35114	3.11635	2.56559	4.18368	3.04105	5.10297	7.45904	4.60481	2.2292	7.23125	5.28927	5.26887	8.18762	12.4429	8.68697	16.2175	15.2579	11.3442	9.64549	10.5646	11.212	4.73681	2.47334	6.43922	2.25699	4.58823	5.39308	6.92382	4.97469	4.86506	2.64887	12.1253	3.01546	15.6875	3.49552	18.8653	17.6522	16.5001	25.2393	5.31531	4.98109	4.39965	7.01753	5.11184	2.45439	3.08158	7.022	8.70094	5.66785	7.53008	5.24571	6.36521	0.899007	10.9668	8.32357	14.0419	9.02728	16.9701	6.88163	14.6004	6.84417	14.6681	10.4235	5.11204	9.06844	7.76044	8.5754	6.67262	7.88455	9.08706	17.8099	14.0631	7.4959	7.52795	19.4663	3.90914	16.8204	18.6314	11.9397	10.6193	2.52302	12.2979	8.86758	17.9079	11.9994	9.16136	10.9738	4.15403	10.8244	12.5682	13.0491	17.6267	22.4372	9.62076	24.1611	13.7901	10.1436	21.2158	18.7028	19.9146	19.6146	5.75651	17.3173	14.1883	9.15311	14.1639	6.47468	7.57068	12.9075	11.731	1.81473	4.95307	9.79176	11.4	6.39189	7.12324	9.24411	7.76268	9.96285	17.1059	2.12227	19.1441	7.92274	8.92666	6.87979	5.80944	3.48666	2.1223	1.07244	6.22455	9.15152	10.1736	12.2003	14.2232	27.8738	11.3442	6.28822	5.45244	5.34704	1.76277	1.2341	0.949484	1.11507	2.20821	1.84024	1.12893	1.77148	1.37684	2.52302	3.93663	5.32121	2.84088	1.79762	1.76277	1.45374	0.881534	1.24661	3.7018	8.02146	5.27485	9.68578	7.19749	0.726963	6.38436	4.60493	12.7619	3.73502	1.97056	0.788485	3.52197	2.81895	3.47355	14.472	13.6689	14.0135	8.09852	4.17258	4.08298	4.80165	7.26701	1.67234	2.60157	4.83035	6.26844	2.52292	2.61937	2.24305	8.09657	7.32334	6.77251	6.12795	4.64483	3.7018	4.98075	7.92264	4.29647	0.997319
5.81694	6.3841	6.42944	6.59596	6.28268	5.24526	6.3816	13.5065	16.5422	18.2847	9.92902	7.71074	5.34663	1.7625	5.75582	4.06366	3.15068	9.8396	9.68198	3.90874	12.3276	12.4198	13.0317	12.2914	11.3886	9.83807	5.99598	4.32849	6.0567	3.52175	9.99621	0.557532	11.1053	7.90111	5.80085	6.08693	3.76361	3.36454	1.28336	4.09396	8.56072	7.74626	2.99978	3.32295	9.12591	12.4706	11.57	9.11766	7.87023	10.4605	6.08946	10.3821	1.81457	15.984	16.9658	8.90569	5.92652	8.0059	7.48919	6.40791	7.32467	3.38746	5.36663	2.86764	2.49181	10.4222	7.36419	4.82987	4.67419	3.40105	3.84483	5.42923	10.8069	14.1134	17.9544	14.526	11.9186	14.3233	10.9605	12.7198	10.3835	3.11624	8.38214	0.788448	2.229	4.413	3.87699	6.04433	0.88148	5.89269	9.28699	5.02975	7.59361	10.4069	7.82959	19.5267	24.5041	19.7889	5.11142	9.37734	8.7848	6.23606	8.68633	6.0036	2.81868	4.80095	7.90483	7.4647	7.36626	4.39914	5.35539	4.89953	3.04075	5.51645	7.16514	10.1519	13.8482	4.86464	15.006	2.52271	9.00114	8.28068	4.3567	8.30459	5.81694	5.72099	2.64277	7.01928	8.07382	15.4301	17.8994	17.2777	4.04838	17.567	5.72391	8.25139	15.3336	12.1863	3.23802	4.73655	10.4961	4.31407	21.2991	8.61686	2.7575	6.70596	12.0954	11.7286	10.9376	13.2331	8.4539	19.4466	19.042	23.6973	10.2958	6.53051	12.1714	18.6324	24.4978	12.6274	13.5827	7.05171	17.0205	19.0848	17.0412	14.8381	12.2006	10.6188	2.54117	7.87023	2.49189	10.3992	5.47428	6.57977	11.3358	10.143	4.41316	1.42115	13.5235	11.1745	12.2049	12.3822	4.67435	5.69162	7.26654	2.84608	14.2677	17.6617	19.2179	21.3486	22.8596	26.2921	22.6843	21.3664	5.5162	3.52184	7.60952	4.23825	1.24653	1.11492	0.352615	0.898924	3.74316	8.82427	9.92466	7.37259	5.84065	8.30459	9.50438	10.1253	4.69395	1.50602	0.176309	0	1.02792	0.705204	3.95568	4.39902	7.45464	5.12061	5.76401	13.7989	12.1623	8.06422	10.6019	15.503	15.1018	11.8387	9.88235	5.96518	2.44794	6.29457	7.88381	0.788448	11.8213	14.5214	5.94438	6.7515	5.96518	2.90532	5.55777	1.18258	7.63542	3.90854	2.74057	2.75186	8.29515	7.15873	4.50992	8.44697	11.6949	8.02113	2.24297	7.30806	6.3309	0.997232
0.705136	2.06261	2.49161	2.84033	3.86065	4.49585	5.62325	15.4608	8.78416	19.6751	11.8023	7.01859	8.40133	4.71986	1.50587	3.38721	4.82952	4.67372	5.86345	6.68267	12.4922	15.9128	8.12543	9.77795	18.7484	15.7927	7.43768	6.72593	9.1853	5.77913	11.6497	9.28783	3.4007	9.09019	5.70198	7.141	3.15036	2.15085	3.28975	8.61757	8.45351	9.15792	8.03545	8.11225	11.7191	15.5787	16.2336	12.6998	14.5482	14.3685	5.47393	8.97865	10.602	6.58848	18.2105	16.2948	7.52887	6.92044	9.02411	10.4953	12.6141	4.80392	8.07274	5.77939	8.02043	11.4997	3.50829	2.47287	4.43013	2.50408	2.49156	3.45946	6.45492	9.40847	8.40311	7.53869	7.36557	9.20971	10.5502	11.0881	13.2534	2.84583	8.47261	2.99425	2.99434	2.52254	7.73543	3.59093	7.32407	9.85579	12.9152	8.7957	2.52257	8.83831	13.5704	16.4601	8.68754	7.78043	7.43735	3.50815	9.5062	6.60899	8.96343	7.02513	5.79525	5.51567	4.06313	8.44607	6.71688	4.19785	2.99434	6.70513	8.40311	7.16476	5.51563	12.4412	9.88147	9.2276	15.3224	1.24639	5.73646	7.21557	14.3568	3.18948	6.51582	8.2308	10.9651	8.93334	5.90503	0.881425	5.38035	13.7698	8.08011	12.9332	18.7602	10.0477	1.97021	8.46569	9.78983	12.9633	11.3101	16.0857	16.8263	9.60668	12.0304	13.6963	16.5992	13.6021	14.5115	21.0839	17.6354	2.25641	12.783	16.4163	2.25641	11.6687	6.58848	5.54902	12.8517	10.2789	14.446	17.8583	21.6987	22.0788	15.6273	9.30234	4.25959	2.6891	4.75226	4.22336	11.8189	15.8277	9.28819	8.11199	6.34229	1.97026	5.96463	5.94408	8.68754	13.6664	3.90814	13.047	13.6204	14.6171	8.93702	13.9983	16.639	13.5344	10.8637	6.33308	5.94415	14.417	18.5767	12.1418	4.18309	4.7361	8.90452	2.49156	1.59598	4.10869	6.33308	6.57222	8.08612	9.18573	8.58963	6.06621	1.45341	5.12602	4.73616	10.394	3.38701	2.29064	2.39649	0.881395	0.881366	2.00919	5.2883	1.83988	4.227	4.92716	7.8828	10.6316	10.3022	9.38399	8.24169	11.798	9.87381	4.76193	6.68237	6.95075	2.84039	4.41268	7.05517	12.1557	11.9227	18.1145	16.5096	4.06324	1.99379	2.12189	6.14656	5.51593	5.60668	4.23058	3.88848	0.898859	6.85159	10.7305	14.9942	16.2695	12.6687	6.40732	7.30732	8.46569	9.83707	2.12195
0.997041	0.881333	2.22858	1.57623	0.635531	1.66248	3.1746	15.3901	7.15321	17.1809	12.644	3.54289	5.62537	5.35437	5.94354	5.73626	5.80003	5.14655	3.18918	3.97065	8.91551	14.175	6.77725	13.1802	23.3807	14.8045	2.3173	3.87614	10.3931	10.3702	8.95939	7.37295	4.34542	5.00111	2.17939	5.7788	8.53082	7.02019	7.19779	10.8622	5.5845	5.285	6.0632	2.12162	8.16139	3.95493	4.80024	12.7853	22.2045	23.0392	12.3519	11.4833	14.2164	9.7661	6.70469	17.3759	12.8812	5.90474	5.3458	10.2897	14.1844	9.87607	6.77944	3.04017	2.95227	4.58687	6.42822	5.12569	4.96393	0.881289	2.91531	2.3637	4.90485	5.3458	5.27347	8.8226	10.9359	3.93549	9.40714	4.10805	9.84377	3.23726	6.38039	9.60903	8.53082	7.06111	6.27415	7.60846	3.16973	5.50421	5.1195	14.7863	10.6127	20.2663	11.2828	7.06963	9.62906	7.09351	1.50578	1.90597	7.6081	2.6422	7.53813	4.0209	3.38686	7.03525	1.42086	8.70539	3.12049	8.61526	9.03152	11.5599	8.68469	6.36344	10.7331	11.1733	1.51599	10.9029	15.4751	7.6403	1.42092	3.87217	15.3212	8.29358	10.301	7.2922	13.6875	17.2811	13.7657	3.76713	5.62537	6.83296	13.0719	9.76613	15.4464	19.1814	8.79491	5.6336	16.0655	14.1401	17.7133	14.3258	11.8327	16.1553	6.59471	7.80511	14.7944	16.0781	16.8446	20.1604	23.8586	21.662	15.6409	18.0473	12.1923	7.77577	8.91551	10.5295	8.45767	8.27911	10.7735	9.28875	0.249297	7.26506	5.31978	4.80325	4.49519	3.53862	3.89596	3.6291	7.6081	6.04797	5.35728	6.09583	8.07206	5.6582	1.5763	4.92682	8.04977	6.10843	10.4942	8.61524	6.5296	9.34511	15.8978	19.5737	11.3593	2.88877	8.46688	14.5737	17.2305	16.8558	5.55699	1.28311	1.81431	4.11947	8.61687	6.98327	5.39151	6.93946	7.98748	9.44726	10.4874	6.86224	10.9055	10.079	7.04404	9.3916	11.4695	7.69755	4.42964	10.3806	13.619	12.0633	6.34188	3.56463	5.73599	4.57352	7.71126	1.94629	10.079	11.4654	17.4862	13.9617	13.6008	12.913	15.7375	12.1154	9.66644	7.69739	2.49137	3.93553	10.1895	17.9217	18.6435	21.3426	16.7921	2.4537	1.51599	0.635531	1.62477	4.42964	2.47261	2.05488	6.57853	7.53813	2.46634	5.76292	4.73567	3.5906	1.67185	8.46662	11.0644	8.03438	12.1353	5.11057
1.67163	0.949121	2.52195	2.15044	0.881197	2.00877	1.51594	13.4134	9.02357	14.8537	12.0336	2.93089	3.30784	2.5036	3.7131	4.73203	5.98155	7.91221	4.90424	1.90589	5.27559	8.37971	6.12562	17.3624	21.7929	8.0336	1.18225	3.47222	9.86264	10.4038	11.5971	4.64664	8.03357	5.48984	3.90765	5.7223	7.59174	8.6578	6.68119	11.5293	4.60337	5.45025	5.12493	1.96981	5.62481	8.24365	5.12505	12.0434	15.549	23.8963	8.23454	12.722	15.0593	12.3878	3.01426	11.8263	14.5953	6.3581	2.86693	7.04311	9.44595	4.34504	1.8396	2.15044	1.6717	3.17441	4.32728	4.95118	7.52714	2.06222	5.07376	3.38656	6.18504	4.10413	3.38201	5.8204	3.0804	11.0873	7.2579	5.12512	7.1908	6.57766	6.53135	5.21736	4.78346	10.1398	5.71944	7.52714	10.6503	11.8351	4.58643	11.4009	8.58801	12.7401	1.62457	11.8842	6.60529	6.93855	0.705001	7.71639	10.2571	7.9028	4.93561	7.43608	7.87214	1.96989	11.0167	10.0294	11.5801	7.52723	5.58394	7.45619	3.56007	9.45719	11.4319	12.092	3.56445	7.38061	13.4376	14.3874	10.8601	9.16281	17.2927	12.3964	13.6129	16.3246	8.78081	16.1877	16.8431	4.64306	5.0372	4.48444	12.1208	17.9672	5.6251	20.3144	14.87	1.34207	11.1712	15.4762	17.375	11.7615	13.8341	10.2571	6.00192	9.82925	11.2434	6.44388	4.50498	1.05744	15.0159	18.591	4.23712	10.9938	4.89816	3.23235	15.3199	9.31844	3.93503	2.39603	6.33188	6.67009	6.34127	8.40127	1.50558	8.00147	7.41345	4.82851	7.56729	5.19372	10.1181	8.33688	8.80135	5.51492	2.88832	1.23362	2.99874	6.61459	5.94302	5.00065	3.18892	8.19606	9.43853	10.4936	17.2612	15.9797	7.54966	4.29483	9.66519	11.8263	9.26705	17.7634	10.4007	1.66241	2.45356	5.3453	8.32048	8.77198	3.41838	4.87588	3.16943	5.97368	8.34394	7.98679	16.6971	12.8919	4.10762	2.99359	0.788227	2.14326	10.1692	10.118	10.0534	13.4974	12.4197	3.8637	6.57056	3.50762	7.395	5.09802	6.66966	3.41838	13.7945	7.63351	8.88284	9.30417	8.75134	3.62888	2.99883	3.47201	1.76198	0.705001	3.01431	9.78997	14.0017	13.1078	7.5493	2.75105	2.25598	1.45314	1.45318	2.05457	2.29021	3.98947	5.45036	10.3692	8.07858	1.18218	0.747736	1.59569	3.01431	7.83316	8.29273	7.43781	11.6761	6.6811
3.79893	5.10969	6.13243	4.9351	2.1431	2.47213	2.45323	9.06431	12.4155	13.6594	8.53063	2.66509	3.93478	4.6029	3.95436	3.32169	4.10371	8.85299	8.31935	3.16913	4.76058	2.00862	6.49554	15.9007	16.6632	3.86336	1.02757	1.07192	6.37909	7.26379	2.28993	6.04682	9.41485	0.94899	0.996851	4.01232	4.23672	6.34054	5.27513	9.60217	3.56412	5.42435	4.64263	2.12121	6.2337	8.22824	2.8666	13.6329	13.6594	21.7236	4.17062	10.8969	17.1052	19.5244	14.3531	3.24631	12.296	13.5666	10.9622	10.8316	10.978	4.65594	2.66512	4.58613	5.1695	4.48423	5.71375	7.97452	8.07054	3.18861	5.36459	1.66224	5.45832	5.27247	3.62856	5.44985	6.60498	10.2919	4.10733	6.13229	1.42059	5.33594	5.33594	5.29846	9.95071	8.37368	4.06203	9.23981	10.86	10.1051	9.33664	9.18277	3.72917	9.50821	3.23667	10.3796	3.89522	2.7339	5.81473	3.13469	9.05127	6.37918	5.62423	3.27465	7.82121	7.92889	6.2338	14.3613	9.79804	7.04911	7.67843	8.03496	8.16019	10.4796	6.81167	8.00077	6.4531	7.2282	3.24635	5.28396	10.1685	6.71493	10.475	10.3481	11.2803	20.5074	16.3649	21.1201	16.5198	6.18447	4.41138	5.97311	13.3292	18.1335	10.3543	14.2138	12.8201	21.176	21.1662	15.5326	10.8645	14.1815	14.8324	3.79077	4.25487	4.45308	14.9975	24.7566	30.1854	32.6988	31.9302	27.0693	19.2236	18.2013	12.6572	3.03959	13.3469	18.8551	17.2274	12.2092	5.50301	2.39572	5.45542	11.2213	3.32153	8.74533	12.5556	13.5327	9.47064	4.89767	11.0093	17.2425	18.5556	16.985	8.3196	0.394075	3.71261	8.19497	4.83762	4.48409	2.61825	7.2722	6.77144	3.38607	9.22023	12.6226	12.8926	14.677	15.096	9.08928	2.66509	14.0405	8.27213	12.3307	10.8605	4.6029	3.02929	5.3446	8.22843	10.3915	10.0641	10.9066	11.2283	12.3874	22.693	19.8539	11.206	11.2428	9.30485	10.8386	11.308	7.16243	1.76182	12.3561	12.6278	5.68937	4.89749	2.75656	6.16714	2.44689	9.23981	9.94648	17.3547	9.28522	2.31682	1.87277	2.36325	5.37914	5.47231	2.91475	2.29663	1.342	4.02013	4.97557	3.85952	3.34941	3.3448	4.62617	2.39582	2.29663	1.24603	2.00862	3.85952	7.06852	9.71554	11.308	8.62905	1.94592	2.00862	0.176242	1.40965	6.67612	10.3096	7.93458	6.96197	3.95417
6.6202	6.84235	7.80292	7.7325	3.23173	4.40761	5.51642	3.38592	10.3204	8.20381	1.96943	2.69378	1.57585	1.12829	2.61805	4.73436	4.19625	7.06775	11.4914	1.49504	5.09723	11.1496	12.5997	11.1374	12.8772	5.45761	3.17369	4.97824	2.3166	6.13193	7.49165	6.86016	10.3084	5.44947	1.28275	1.59539	4.05024	1.62423	6.00564	5.88978	0.747645	3.7288	6.57626	2.49066	8.84684	5.98001	4.01571	9.20682	14.5061	14.1439	1.42044	5.72122	13.7372	21.1356	23.1445	17.2073	3.67458	12.632	17.4671	18.2613	18.3783	11.9905	8.54266	10.5354	11.0739	8.41629	6.20631	7.10443	5.79304	4.82759	6.86016	6.60448	7.15572	4.93467	6.09416	9.71468	10.3604	9.62643	7.2946	3.76608	3.88695	7.63819	11.6039	10.9057	9.77274	1.74406	3.24601	3.1736	7.54823	13.4114	10.3215	11.2308	2.20694	9.14611	12.2154	10.8594	3.38136	2.95141	1.0718	10.8087	12.5626	7.53613	9.1605	3.69979	12.3198	10.5831	10.5348	3.69977	8.27674	10.6196	7.18943	3.95376	2.14285	5.44935	7.15572	8.25499	4.50442	2.22802	5.81391	6.0415	9.16726	8.26016	6.13168	12.1861	3.52007	11.3937	10.2987	15.0569	5.64564	3.52019	3.33992	3.28861	14.7936	14.6286	4.34424	7.06802	20.0409	21.1682	15.3321	10.7713	4.99639	5.37556	14.0264	13.7238	14.8748	17.9227	21.8491	23.6362	25.3687	28.7879	29.355	23.8407	18.406	15.645	11.4624	14.0554	13.2064	16.4793	13.0297	10.525	10.0394	7.2946	0.528661	13.8696	9.94506	8.14275	8.05508	6.01089	1.94571	7.22727	10.5648	13.2383	11.6646	15.1641	12.1859	5.88746	6.71439	10.4404	9.60798	5.27166	14.4014	18.406	19.4856	16.0681	5.55538	7.45522	7.41205	7.6832	6.6686	11.6785	18.0645	12.281	10.8577	19.9586	21.6114	17.0523	10.4845	11.7799	16.2096	14.4117	9.32979	6.43581	3.69968	4.27982	18.7926	17.0741	1.11443	6.32807	8.37319	14.7134	12.1194	4.86261	2.28971	12.645	8.18299	3.49352	4.86261	6.73934	4.18149	2.2964	11.1595	3.17377	15.6035	11.0679	2.49066	3.67472	4.90347	4.50442	8.15902	3.93422	2.44664	4.25445	6.40489	4.34424	3.36289	3.34909	4.35488	9.36185	10.743	3.17371	2.75631	6.01079	4.96273	6.42644	9.70557	9.85209	4.35126	0.948939	3.52447	3.07981	2.56412	3.1738	8.05508	7.97372	5.4578	9.43676
7.26224	7.90998	6.15361	6.8304	0.352413	1.27048	6.2054	6.47281	2.14994	5.28299	6.13131	5.99245	5.18903	5.71803	5.81363	5.12371	6.05351	6.4919	7.39482	6.09351	8.39737	10.596	7.96358	6.2032	7.01294	6.49169	4.97138	7.49092	11.3162	5.16826	7.18875	7.15064	8.94091	7.72407	4.48333	1.376	2.24157	2.12085	6.04567	4.78219	2.53971	4.25038	9.39715	4.40006	10.1504	10.7638	7.31873	7.18663	4.82711	5.37784	3.1143	2.78395	0.747567	6.52926	14.6257	21.0719	23.3187	15.152	2.00821	9.98934	19.1809	17.6024	11.9504	9.08116	9.29823	11.1272	6.84854	5.28594	2.53971	2.64712	4.73385	4.84944	4.25038	6.76989	10.1106	11.461	12.8371	14.1599	6.74737	10.3666	9.5367	4.68158	5.47132	4.39663	2.93021	10.3192	8.29816	4.25411	4.50718	8.36305	2.39526	9.27035	10.8252	11.4793	11.1167	2.6471	5.62058	5.88944	4.31169	9.04096	5.66936	4.86186	9.94419	5.44883	9.74862	5.84489	11.4403	12.4168	11.8169	3.17345	10.7704	7.67663	9.68142	15.2193	13.0164	8.54134	2.49038	6.11387	10.6252	7.36208	8.49181	9.50642	4.94966	5.66391	13.7076	20.8562	20.9473	22.37	12.9261	7.60556	8.31778	2.12812	12.7219	14.1386	8.88001	10.7512	4.97138	17.7836	24.4388	16.5741	9.60236	9.87688	15.4135	20.5096	19.1751	10.2383	3.48454	15.6927	20.7435	19.4415	13.1952	3.51974	3.88658	8.0935	9.61937	14.0451	14.0382	15.6701	17.1021	1.81353	18.2264	23.0264	16.7113	11.2428	11.8872	8.15115	12.5196	14.4309	10.1444	12.4912	4.22501	6.47311	18.3811	23.7521	14.5477	3.13425	3.03895	4.22135	4.80142	14.1789	15.7633	3.38557	13.1224	20.3091	9.98496	11.8815	14.1349	13.237	14.0895	13.1658	14.0903	11.0139	21.2625	15.0282	7.87934	13.7636	6.18329	5.86077	8.57691	13.4693	18.6801	22.3507	25.4947	29.3551	29.784	19.6428	10.325	4.47652	4.73368	9.91865	6.00018	9.58666	12.1313	8.2322	4.28303	4.78219	7.36828	6.42578	4.41047	9.58649	11.3876	2.99276	15.9469	9.84008	3.62771	2.99289	2.29626	0.726479	8.01809	5.18903	2.31642	7.22661	3.52413	4.19562	1.18185	2.49041	2.56396	6.27157	8.35581	10.1105	5.16846	5.27425	2.11354	1.28262	1.50521	1.40938	2.054	4.92481	4.09162	1.8725	4.64197	8.83458	7.98437	7.80973	13.4592	11.3413
4.86145	6.54973	6.04538	4.04947	1.1818	1.42025	5.24145	6.35792	2.49013	5.16779	5.80503	7.98337	11.0964	2.56373	4.40677	6.29072	6.36071	5.12329	4.07986	6.58428	9.4026	7.22577	2.83866	3.85844	2.34941	5.02611	2.36898	9.51174	10.3995	11.8129	4.396	5.84429	5.96866	4.01109	4.45179	2.8223	0.498316	2.6174	4.86136	4.10231	1.76142	5.35159	9.70311	5.16773	5.42277	6.30014	3.76536	6.49104	1.57547	3.1877	8.46782	2.14249	2.49013	0.635222	4.04949	8.61282	18.6006	20.6386	11.576	3.24523	11.4893	14.1171	7.70564	2.8659	3.23591	8.5847	6.63088	5.65556	3.87432	1.57547	0.393981	2.12059	6.7127	4.74937	10.0387	14.7497	3.1191	17.9616	15.9104	11.6559	6.43468	6.2244	3.95322	2.68178	6.21959	10.2312	8.29925	9.78468	9.33396	7.59848	2.59973	7.83985	15.0105	8.36222	7.74069	12.2508	9.69289	7.94736	4.07979	9.44911	11.05	1.24571	7.63031	2.64685	5.16773	5.71726	3.28786	4.84869	3.3623	2.36915	7.73104	14.0855	11.5516	3.95322	18.9728	9.83154	10.8977	11.4384	14.5904	14.314	3.76511	9.11461	7.53457	3.38514	18.0062	17.3242	15.337	20.6531	11.9598	2.24133	10.312	3.93353	8.92643	13.0848	15.195	12.7083	13.8812	20.7287	13.1589	2.52102	2.64092	7.31779	9.54992	8.90167	6.38674	10.1082	14.3222	14.7984	15.255	17.4344	19.0609	7.13479	7.00572	9.78604	6.29072	4.10605	9.14128	12.6156	5.34306	16.4477	18.7146	18.043	22.2641	0.393981	11.167	9.98844	10.1657	4.84902	21.2796	14.879	7.36754	6.23178	19.1307	15.083	2.45263	4.56444	8.9283	8.91343	6.61936	13.6584	13.1211	12.0393	23.824	22.8589	11.9125	7.92673	5.54585	2.75	5.50141	6.22476	11.886	2.68178	18.1951	19.7456	16.5319	18.4454	13.5322	13.3229	15.3224	18.952	19.3804	18.5667	18.4678	16.038	10.7037	2.9978	6.57501	3.93347	1.57547	7.77616	9.83209	12.5589	11.1395	6.7468	7.04702	12.9781	9.59938	2.56373	9.30008	16.2057	11.3672	11.3048	17.337	10.2135	3.80588	1.11417	0.787882	1.27037	7.72307	5.60348	1.74373	7.67587	1.58532	5.47059	2.39502	2.49018	0.352379	5.45384	8.03057	12.2827	4.10231	1.77013	0.89832	0.948712	0.726406	0.249163	2.9976	6.28303	1.51526	1.34162	6.74896	6.76737	9.33567	4.4828	15.4595	8.14078
3.52344	2.83839	1.96896	2.34918	1.34149	0.557105	3.86188	6.28979	0.72634	5.33391	6.10495	6.00388	11.6608	5.61142	4.36773	3.38037	3.23555	3.11879	2.29582	4.06048	9.52838	11.1383	9.53491	8.68003	5.34272	5.66283	1.45248	10.1133	12.2058	12.1479	5.44788	10.7399	12.3047	10.0247	6.1648	3.89385	6.2828	9.19276	10.2883	6.20177	2.822	6.18212	6.14233	5.41101	2.8655	3.8579	1.73462	4.01074	5.20287	4.97678	12.606	2.99225	2.56347	3.51915	2.88711	3.1187	11.1565	17.7708	19.3393	17.6943	4.84852	10.9577	12.0224	7.96208	7.48353	9.16482	5.83609	1.40911	3.39845	3.69864	3.38488	5.33407	4.9611	2.17814	7.35457	16.748	17.7284	20.1213	14.2927	5.2234	3.23064	8.99447	7.45305	5.94015	8.4119	11.3233	11.8113	11.7626	6.77546	6.27765	1.79607	5.67366	14.3117	13.5041	14.002	10.7022	2.3689	10.2519	6.49046	6.82242	13.1893	2.83847	9.52825	4.73292	5.41094	6.57444	6.33832	8.87863	4.94886	4.23501	3.85808	14.682	20.0711	19.1877	18.6331	3.30628	9.87907	8.76797	12.0504	14.6857	2.73862	8.0147	2.95066	4.92389	15.8518	20.3287	21.4756	23.9077	14.7092	3.23078	7.82975	12.319	13.8333	16.3254	10.1133	6.27057	12.7073	5.05921	17.9269	21.3337	16.6104	13.8204	7.01604	6.43637	9.85805	8.18074	12.7196	8.51712	16.6104	17.7888	14.6469	8.56989	7.2043	7.06564	6.52588	8.68006	9.282	7.70701	4.74909	17.2911	15.6894	19.7271	23.6811	9.61293	10.0365	4.64109	6.98152	17.1924	18.3231	10.7399	21.2594	19.1945	12.7345	11.1464	16.8854	12.5626	6.84705	1.67089	8.27462	15.7111	19.7339	14.9247	20.4389	14.2927	1.6616	3.07375	8.19215	14.938	10.5282	5.41094	12.6174	3.24499	10.1644	7.56188	10.2885	6.84038	6.00419	10.1209	8.61037	11.1381	9.09903	8.33288	9.1453	8.44256	10.0782	12.1195	12.665	8.61039	5.12262	4.31087	9.11897	9.44174	4.92076	10.3442	8.76764	11.4046	10.3743	4.04919	8.57494	17.3663	10.9741	15.5267	18.8165	12.5772	7.77747	8.36179	6.98559	8.57517	13.4506	11.3077	3.96837	4.90193	4.04919	2.59935	3.69873	2.6466	2.39488	1.6238	7.62964	8.79669	4.22055	3.93324	1.83866	0.635166	0.72634	0.176174	5.0318	10.2302	7.2043	3.47038	9.22166	5.18827	9.73313	5.97866	16.1427	17.8812
4.01053	3.96801	3.85774	4.48212	3.95247	2.28889	3.01254	6.43553	3.69827	3.86958	7.01112	3.33865	6.48981	7.05456	6.80873	5.65449	5.16708	5.38795	4.73249	4.68028	8.46133	11.9983	11.4273	11.3887	11.5996	10.7978	6.66607	3.36166	8.31203	5.61066	3.2351	7.98227	13.4572	15.3044	10.7385	1.24544	4.22736	6.43579	12.9089	15.1817	16.1236	13.7574	7.05028	1.24539	1.90468	4.01059	6.62962	3.90541	4.71601	3.73172	9.75962	5.75875	2.1276	3.11359	3.49243	2.68127	4.50587	11.0962	17.7322	22.7766	19.2939	5.54494	15.3854	12.7098	9.14291	9.50407	9.63668	5.22315	5.73249	8.95668	9.24185	6.35715	2.20623	3.53626	7.9252	14.6153	17.9587	13.9836	6.05916	3.38456	2.82173	4.44762	6.70033	3.11359	6.17178	10.523	12.6916	9.019	3.6605	6.23086	6.33766	2.12749	7.58711	9.0189	11.0576	6.17178	4.34231	7.93614	4.64371	9.14229	12.1514	3.98719	9.63487	5.44728	7.36808	7.75105	8.60926	4.65371	4.23457	5.21405	5.02515	8.35376	15.7463	16.2493	8.05764	3.33851	3.56241	7.36844	2.66386	13.9218	9.52457	5.46394	7.24332	4.22752	11.1652	23.1428	24.5268	19.554	6.32584	4.87309	4.78098	6.1296	7.37642	11.8801	4.40918	11.5194	5.75913	8.89781	8.40385	6.33748	14.4499	14.5138	4.86043	4.48185	4.61385	8.08947	16.4614	17.9678	23.1804	14.0379	6.52739	20.1482	20.3093	9.27948	6.38553	9.11813	9.26182	7.09114	7.26023	14.5677	10.1066	16.6892	15.6438	6.66609	8.7552	10.3952	11.8046	8.53179	6.45482	18.2925	20.1382	15.2735	8.60926	16.1413	20.2474	17.8401	7.18671	6.32562	11.9785	10.6685	14.8451	7.98227	14.2832	12.6404	4.80027	11.641	14.2438	5.24081	9.23542	13.0127	10.3735	2.61687	7.98934	4.92029	9.87406	7.98368	14.3513	16.1797	16.574	16.428	8.23523	3.11359	4.51954	1.67074	2.68113	2.44571	5.33359	9.11826	12.0845	12.0845	10.6099	6.9152	2.50217	9.25635	8.10574	5.83537	9.95359	7.80781	4.10536	11.1449	10.5273	16.1896	13.5378	7.42346	3.62683	6.3787	13.3013	11.8887	9.83123	11.3945	7.53315	7.98227	9.01896	6.3595	5.13131	3.73998	1.50471	2.22707	8.70816	4.88566	5.81466	9.67877	8.97203	3.46577	2.14208	2.05352	7.48247	9.05991	6.82837	7.09711	6.83976	8.98558	9.82397	7.21644	12.522	17.0303
2.14183	3.07319	2.84336	3.86132	4.60017	3.36129	2.22687	4.50547	6.23015	2.31553	3.53588	3.62644	1.2453	1.76086	2.47074	2.56298	2.52038	3.52279	4.05975	2.59897	2.47074	5.55254	4.94782	5.84558	12.4298	17.9659	18.5019	17.1804	13.9041	8.15552	8.05664	8.53995	1.93681	13.3823	14.2541	4.79652	2.74923	5.62116	1.34118	9.26087	15.3024	14.6226	14.5082	9.54725	10.0362	10.4867	11.4301	11.29	7.58667	10.0718	9.018	3.96753	1.58487	1.28213	0.393866	0.176141	0.880615	1.37541	2.99683	11.1362	25.4501	18.1925	3.30565	8.47475	9.83687	11.1535	12.3177	8.9243	6.223	13.6126	13.6915	2.36833	3.46528	3.36122	4.48148	3.33831	4.32436	4.53628	4.16842	3.24449	6.12875	1.9685	5.96185	0.880615	0	2.1273	3.55768	5.79284	7.86662	3.38418	6.29851	6.9518	4.77403	4.48162	6.89225	2.99174	4.43661	5.29543	7.89737	4.56328	15.7374	4.34211	6.80794	6.9518	1.11389	2.99685	6.65411	7.39238	0.635075	5.33305	9.96305	5.99029	4.58342	5.66192	8.9442	4.86019	11.718	11.3365	20.3755	20.4169	19.5848	2.68089	12.7765	6.50818	16.0032	4.6798	4.29221	0.635045	10.575	4.42632	5.10677	6.80803	6.35647	15.4497	17.4778	5.06756	15.5653	4.395	16.3966	19.0461	7.14779	13.2394	10.9949	0.880659	5.46375	7.20938	10.0718	9.9932	8.67803	8.09016	21.4848	15.543	16.6579	14.9091	9.74496	4.40879	3.37972	2.69249	4.78032	13.0589	7.05355	13.3869	17.8595	14.1064	5.83503	3.90488	14.6688	19.0398	15.4707	3.69794	11.7406	15.8997	16.132	14.2179	4.96965	16.8818	14.3182	6.05871	6.81914	15.3749	16.4649	8.53856	12.1996	9.95102	7.19043	14.1849	1.79569	19.1629	16.9027	5.44394	5.92076	1.58487	8.9929	8.91235	2.34867	12.7479	14.6238	5.50003	13.2175	18.3932	9.94511	5.26946	4.04452	3.69802	7.22415	11.9374	15.0495	15.5649	11.0486	3.51839	4.53628	8.25124	10.3971	9.28012	4.78032	2.28866	3.41591	5.83485	1.51491	4.71559	7.01487	7.31786	5.93902	13.014	12.5021	8.31494	7.44721	13.9053	21.1117	17.0285	10.2112	4.74829	3.90494	6.43993	6.9518	5.48876	4.01383	2.53862	7.53041	9.69475	8.68012	6.89906	10.6226	9.54101	9.38444	3.86132	6.76733	4.77403	9.95264	3.38418	3.07326	5.95672	4.8347	3.07319	1.79569	3.89299
1.6233	2.98612	2.44524	1.51478	4.16781	3.76368	2.36808	2.53836	4.00962	5.05774	0.249067	3.22969	0.78758	1.18128	1.34104	0.747164	1.02683	1.81265	2.59859	1.81265	1.74294	3.98643	3.53982	5.3725	7.54395	11.5924	14.2692	13.9193	14.7397	8.87594	6.12813	11.0617	1.51468	10.1057	12.8307	8.0952	4.24854	0.528358	4.39798	6.83606	7.71033	5.18682	12.1193	7.09615	9.82212	7.9883	6.58224	11.6487	4.90051	5.51315	0.176124	0.787624	1.23268	1.24518	1.02689	1.12764	1.40871	1.62338	1.81276	3.55735	21.0796	22.4841	5.57953	3.84092	7.91992	11.3824	12.0735	7.40784	3.41562	15.6668	14.5062	4.95034	2.69217	1.24518	4.04795	4.11975	4.63977	3.72682	2.99139	1.67035	6.7124	2.99131	5.22193	3.36101	1.02683	4.94728	3.77618	4.42584	4.22649	2.39411	4.23389	6.57267	0.176124	6.09057	6.60038	4.101	5.03054	2.06064	8.77359	6.27582	13.4657	9.91236	1.37536	4.16781	7.89284	6.38461	4.58299	5.49932	5.79492	4.1791	7.74959	4.45019	1.51478	7.53146	3.56154	13.2303	7.35251	19.5935	25.0588	10.3082	24.9449	8.29381	10.2273	5.7314	12.6884	2.68637	0.556925	3.85674	10.7143	1.59447	7.98217	7.67884	2.73207	8.92494	8.58177	11.4592	19.8836	13.1019	16.5056	10.8119	14.9045	18.0885	17.7355	9.99194	3.62599	1.89618	0.176124	3.56154	3.96725	6.19997	23.6019	9.08299	19.1384	18.9027	8.19323	1.12764	3.36111	2.29522	1.6233	13.0299	12.9943	5.8109	13.6358	14.3088	9.61463	3.18643	4.36622	3.21057	7.30868	10.0868	10.4347	13.1027	10.4347	3.76368	10.453	20.586	12.5751	6.82044	10.6216	12.689	9.71845	9.06322	14.5766	2.82119	1.76945	11.6976	6.63724	22.1716	3.46493	8.76528	9.99208	8.92467	7.15165	7.15165	4.1382	9.87169	11.5514	11.0797	19.4694	17.2765	6.12838	3.48267	3.62617	6.50979	5.42071	2.88611	2.59859	1.8382	3.52245	5.16896	6.60989	8.51476	10.0383	7.14955	4.04781	5.96164	4.04807	4.53559	1.24515	1.96841	8.90802	3.6219	9.46413	8.37387	11.9835	6.91595	3.28672	7.26716	8.95179	4.04413	0.996244	3.31929	2.14167	1.57486	4.58282	6.19997	2.88611	0.393831	4.73165	8.25602	5.96928	3.76368	4.64282	7.20238	11.1944	6.59107	7.07215	1.8715	7.24195	5.106	4.94747	10.592	5.37524	2.44524	2.14879	8.15991
11.4741	9.41287	6.02974	4.48084	5.09668	3.79603	2.28814	2.05282	2.39387	4.63909	2.28814	2.5198	2.17731	1.94443	1.41954	1.11368	0.880468	1.37514	2.4889	1.76048	1.83796	3.38353	4.05897	4.569	4.17853	4.77306	8.10351	8.92391	13.9893	10.5406	3.95116	9.32963	7.11462	7.6089	9.51993	4.10427	8.73723	11.5049	10.8959	7.52101	6.58122	5.28293	9.21819	2.20548	5.65257	4.61274	6.76638	10.5238	3.8041	4.2334	1.05653	2.39396	4.22634	5.40915	4.99336	3.90426	3.30515	3.13246	3.27231	4.22634	17.1577	25.4744	23.5453	21.9516	17.2658	6.73481	7.702	12.9758	10.1448	17.47	15.6108	3.87245	4.90018	1.96815	1.26969	2.83734	5.71738	7.24166	7.69621	5.81543	6.67548	4.56241	5.34062	6.17985	6.70984	4.79561	1.58456	2.20548	1.73396	3.62577	6.83779	8.60866	3.13246	8.84108	4.72118	2.45135	4.53542	6.06013	9.76632	12.2443	13.8238	10.1387	1.34092	6.52543	5.71447	4.00926	3.93162	4.569	5.62011	3.5614	4.48061	5.59841	10.2442	8.10379	1.34092	12.6185	3.96686	14.4313	26.6322	24.8557	25.8581	9.48089	9.96099	8.3944	14.6681	11.9826	4.44633	6.21667	11.8646	5.74945	10.0859	6.03714	7.35583	10.4503	6.97852	14.7121	14.8274	19.0023	12.427	13.3927	12.0044	15.0173	16.9991	4.87174	9.13697	13.8408	12.9626	9.82741	9.56425	11.2985	13.5762	17.215	19.959	10.8273	8.57025	4.72793	3.17166	4.53542	6.37684	9.4459	11.319	16.4478	19.1424	14.9437	5.372	5.75744	8.13919	5.65283	8.44434	8.60677	6.8357	7.92277	5.26261	5.44581	11.341	14.9414	4.82443	15.5363	13.5202	6.40062	3.36065	16.8787	12.8691	6.33822	10.2847	8.31333	11.3603	20.0668	6.40051	12.5121	5.42304	15.5766	2.36787	2.25417	6.09014	9.75694	6.50907	6.89103	13.4185	5.45127	10.9202	10.9202	5.06659	6.61586	5.81008	5.06659	10.1787	16.3122	20.6906	22.505	22.7462	23.1688	23.4983	21.6023	19.0023	6.43393	9.08244	13.2101	15.6304	13.2896	14.5123	5.27136	9.3313	11.3764	12.9813	7.20166	5.34062	8.11653	5.12058	2.31505	0.393774	4.53519	1.87133	2.92839	4.13782	7.48062	9.16645	10.2847	10.7867	7.35808	5.80231	6.268	4.96862	7.82665	10.1387	10.1049	7.76842	1.94443	10.3494	14.313	4.48068	10.5195	6.85542	2.69192	2.64559	9.00269
14.3912	16.2636	12.0812	7.70939	5.36029	2.84257	1.28172	2.25382	2.59809	3.13198	2.86406	1.0267	2.45122	1.90407	1.11358	1.41941	1.66082	1.45179	2.00685	1.51439	1.11353	1.93626	3.01143	1.41941	2.29479	5.10523	6.70895	8.67549	13.5621	10.5226	2.14121	4.8335	9.30969	5.71415	8.05409	2.84243	7.48598	12.3146	13.9479	9.06687	2.83708	7.29946	3.36037	2.6159	2.99608	9.44544	13.464	11.7374	4.50436	4.6782	2.44492	3.85604	2.39365	3.1124	4.72752	5.60064	5.26214	3.951	3.27202	4.50436	10.7349	20.9122	23.943	23.5893	21.1129	15.3566	7.38171	13.0825	16.2839	21.1377	18.6675	3.11219	4.99589	6.16923	1.76041	5.71401	6.68184	5.97587	7.7091	7.76766	6.52501	7.33267	7.24103	8.77915	7.83583	4.85868	2.48876	3.14675	1.76029	3.18583	4.89974	5.12017	2.48865	9.2172	3.79577	6.76544	2.92809	0.556818	2.98555	5.61975	7.48598	5.03241	3.95078	12.0445	8.86957	7.31576	3.17126	2.47001	2.11937	3.72595	5.4538	5.18878	1.62307	5.79382	10.4326	7.2009	0.880384	3.77546	16.5303	20.2273	16.7405	6.61559	14.0288	11.9529	6.0819	10.2832	6.21605	5.35136	10.8603	1.12735	7.69523	3.31865	6.3231	4.4353	7.44914	11.6098	8.15333	11.4715	1.02663	5.75656	8.4724	9.59429	8.65291	13.3832	23.8341	27.2516	26.8939	22.1486	18.4579	15.0989	9.03493	18.9447	14.0846	7.388	13.4606	8.35025	2.51968	1.93626	7.8951	12.7038	8.19198	9.60027	10.9635	8.73803	5.96784	7.52827	6.24576	5.268	10.6183	7.80486	2.46375	5.61966	10.8989	14.0001	13.9835	7.43293	9.86997	11.2146	4.89327	10.7735	20.2915	22.7335	10.724	14.9768	15.2093	14.0213	21.0392	14.7645	3.24353	13.6227	8.87467	15.3058	5.14109	2.86426	4.92155	12.0262	6.81915	6.90554	8.52858	2.34806	6.43309	2.51954	7.05373	6.89028	2.00685	2.12679	5.44507	9.3143	9.80356	9.10973	7.60851	8.11417	6.54601	12.7556	21.4163	8.82014	12.2285	6.20123	4.11869	4.25472	8.57083	9.13885	7.44954	10.6562	7.72689	3.24353	1.41939	7.42097	10.1161	6.66357	2.78199	3.62099	3.69686	2.50104	2.63949	7.08846	10.131	11.1928	12.729	9.98294	8.15886	9.35461	7.74844	9.42938	8.77903	10.5114	5.97569	8.24852	13.9706	7.3634	15.4838	7.89135	6.66337	1.28172	2.12668	4.61202
5.37109	14.3956	16.9444	9.52316	3.51714	2.59797	1.76023	2.73129	3.00594	2.78174	2.91197	1.93607	2.50095	2.3935	0.78736	1.41925	1.37488	0.948117	0.948083	1.51425	1.41923	1.59401	1.76018	1.0709	1.28161	2.50083	4.66796	8.2405	12.4072	13.4965	10.4374	6.11919	7.13012	2.48848	8.26994	9.52954	10.6229	9.10884	7.20029	11.1701	7.91156	4.6516	5.66521	6.26682	5.6515	8.13742	11.2974	11.3159	12.4763	8.76268	1.28161	5.16438	4.22179	4.23281	3.9661	2.31461	4.94603	4.10342	0.78736	2.12649	1.41929	4.59828	6.35619	10.571	14.7404	19.2439	17.038	2.73129	12.5506	24.3793	22.0799	9.15953	2.61577	5.10461	2.78183	4.8455	5.06539	1.34072	6.85412	5.46139	3.56072	6.42091	6.57104	6.1489	0.725941	9.39654	1.81223	4.53433	2.45097	5.14068	4.79476	5.55065	5.77222	8.21112	1.66065	7.82508	5.44469	5.49794	2.91209	5.1196	1.41927	2.86386	2.74818	14.8646	2.11923	7.47893	5.54229	9.80283	8.40918	6.52438	2.34783	3.0111	3.07211	5.97495	8.32775	0.725923	2.14102	5.0565	8.19678	9.55613	9.46166	2.48851	12.5434	12.8116	8.65261	4.14833	15.4104	12.581	4.16665	6.02851	2.59797	10.45	11.1599	9.22333	3.02655	7.9668	4.16665	6.88973	2.11193	3.87162	7.771	13.0901	16.4658	17.5639	15.6162	4.4038	8.10198	8.19454	5.37402	8.63166	17.1095	14.2768	11.7929	15.5503	9.07392	14.895	4.47991	7.1559	14.2558	18.3463	19.6021	24.9806	19.8984	16.9185	10.8543	7.64522	5.35089	3.62494	13.0774	7.81383	10.5387	9.71865	13.5711	7.81964	0.880322	8.05378	12.3379	6.77161	1.28161	10.0543	15.5007	11.1701	5.79327	19.3265	17.9317	15.3	25.526	8.63304	1.594	6.35148	9.91164	11.9913	3.72984	1.05632	3.70901	10.9783	10.3928	10.149	15.4929	5.22047	7.74767	6.22798	6.94884	3.22879	5.51181	5.26161	4.16683	15.8189	20.9129	22.7187	24.2394	27.5046	30.6985	31.8604	26.8538	14.2063	17.7341	23.4571	25.0386	23.3983	20.4289	15.6391	8.56864	3.2337	1.96777	6.67449	12.4974	13.3261	14.4988	11.012	4.62169	1.59401	3.20966	1.62293	4.29037	3.76263	1.81215	1.181	6.21549	6.601	6.08166	3.86774	2.11925	3.27152	5.77203	8.67474	2.86381	10.4822	12.7718	18.779	19.8185	8.29004	6.20087	1.93607	5.66505	8.87362
10.3102	6.82496	16.1712	12.3366	2.34763	2.1767	1.99112	2.46956	2.5191	2.25343	2.74794	3.00568	2.14811	3.03637	2.63894	1.11337	2.84193	1.02646	0.176058	1.26934	2.48821	1.50387	0.897643	0.55672	0.746891	1.41915	3.75834	7.577	9.77882	9.60654	8.73133	9.49865	10	7.14657	8.05309	11.3823	11.8283	7.44815	6.76425	10.0549	8.2344	6.931	4.63801	9.8015	7.70754	6.95478	12.1388	5.83231	14.1553	11.7982	4.07673	3.77459	1.99102	2.81467	5.14017	7.43153	3.34594	6.52363	1.26934	0.880223	1.24473	2.73667	4.17737	7.55695	12.5459	17.4757	17.6126	11.1493	4.59802	24.1604	24.1045	8.83192	3.51675	1.18084	3.27124	3.22851	5.5499	0.393664	6.81569	4.23223	2.75357	4.04644	3.90318	2.28759	5.65101	7.82441	5.26966	4.10306	0.880245	2.78161	4.14797	3.24297	2.14811	5.46652	1.62279	6.43665	1.6227	0.897643	6.50739	9.60654	6.85366	0.634777	1.41913	14.0337	11.1696	7.92072	12.7898	6.67391	6.14095	0.248976	4.75563	2.17665	7.59904	11.6726	15.6356	4.99198	5.27851	4.23245	5.31325	6.32208	10.5868	5.06495	8.674	6.35565	8.21958	15.9911	15.8891	17.1496	10.7987	5.73697	8.77228	9.61916	10.4476	6.32208	5.96422	2.5191	11.6784	4.84508	8.21961	10.1491	13.2855	8.63097	9.74676	7.08676	10.0831	12.0791	16.229	17.0233	14.8183	12.1551	10.2656	12.3825	8.46158	16.2756	5.3476	15.5896	7.62466	2.59764	16.9596	25.0413	4.77832	18.4932	11.5474	15.6447	7.73536	5.79014	9.69599	4.58115	16.4889	1.76008	18.1158	15.2877	7.42986	8.46158	9.13757	9.27428	10.8206	9.81558	11.43	17.7346	18.4649	11.854	0.897661	14.5608	16.9947	18.048	22.1382	4.04644	1.74231	0.948001	3.51666	5.84255	0.746891	1.37476	5.93597	9.81519	13.9282	7.54503	15.6516	13.746	1.24472	6.20025	8.70369	7.36422	9.76974	8.83732	12.4002	4.30804	8.21992	8.69513	9.11312	12.2613	14.5214	13.8193	8.16447	1.76881	4.39294	9.01391	11.238	10.8085	10.6222	9.43581	5.95425	4.75567	6.04813	7.67612	10.2512	5.71319	14.058	13.1115	3.72529	1.79488	0.704199	3.00568	2.88506	4.82286	2.29424	1.12715	3.33665	3.83947	2.61552	3.18525	4.61146	3.23342	6.45082	7.19938	3.87129	12.4936	0.352113	17.1866	11.822	5.84022	4.39294	4.56102	8.89452	9.68528
10.2803	5.81049	14.3223	19.6225	12.3358	7.37993	4.28976	2.68523	1.24459	1.90342	2.67936	3.52075	3.07656	1.59369	3.46774	2.56144	5.10385	5.4857	2.05204	1.2814	2.63867	1.62253	0.556662	1.07068	1.2814	1.37469	1.96743	4.53347	7.04521	6.9759	3.62425	8.97924	12.2775	11.4837	8.07449	4.77764	5.7123	1.40804	8.19299	8.16349	3.88288	4.61093	5.26935	12.5031	12.7342	8.94751	11.8762	11.9637	11.3407	7.76544	10.8484	11.9307	6.6618	4.44799	2.11878	8.56342	8.43619	5.96629	1.45134	0.393623	0.88011	1.50372	3.11641	6.56957	11.6709	16.3429	16.6626	13.7614	5.77112	18.0796	26.1129	14.4409	4.43407	1.9357	4.51655	0.17604	5.80007	4.67713	6.38133	4.55714	3.79458	4.51655	1.37462	1.9674	6.35258	6.71634	5.4857	3.39598	5.97412	5.49414	6.32159	7.18635	4.57072	7.4471	5.21087	7.64377	2.44409	0.248963	5.5769	9.43447	3.80265	5.06466	2.88491	9.98111	4.50289	1.24459	14.2033	13.2857	8.82626	5.44374	9.09224	8.35549	12.3579	3.17045	16.4014	6.88842	8.79044	6.90397	6.17743	2.61528	13.0165	11.5001	5.46595	6.67292	10.3795	16.0339	15.4295	18.6554	16.2548	11.7378	15.3388	9.98758	3.62425	8.08587	11.9708	5.23728	12.9673	5.97399	11.1458	9.84152	11.9155	13.3118	19.4222	18.1208	18.8541	18.1095	17.9622	16.0481	12.0477	11.5006	11.7228	10.8071	8.63142	16.4014	4.07636	13.2243	11.1168	10.8484	12.4761	20.6595	23.7046	27.648	21.9989	19.3806	13.5846	14.042	12.2409	6.84186	15.2187	11.4686	16.203	8.60551	15.3601	16.8394	14.3968	11.8865	6.05783	5.06466	15.3446	21.1535	18.2459	8.37672	4.63756	10.1934	8.08366	11.5115	13.3231	9.32007	6.83522	1.34046	3.0715	7.55634	8.25206	5.75526	4.28955	10.388	13.9289	6.0046	15.2861	11.1838	5.03124	3.2709	5.26922	1.49337	6.10776	7.34885	14.2672	3.37762	4.40638	2.64459	1.96743	7.06923	13.101	14.8559	11.8024	9.13682	13.6226	17.1	15.5193	9.88556	4.42374	1.2814	1.26921	3.14587	7.76929	10.0168	6.88842	14.115	16.3408	8.67488	5.46624	8.19523	7.08412	0.17604	4.30759	1.57412	4.88269	6.04772	2.25331	0.393623	3.17029	6.94752	4.95751	6.65013	7.93096	4.87932	3.5858	10.2905	9.72607	15.9526	5.34988	1.62256	0	4.00773	9.85977	13.5451
7.96481	10.6933	11.8028	22.5403	21.2857	16.2493	11.2359	8.05529	3.86667	1.62239	1.66942	2.17629	2.46911	2.2938	3.87064	6.04698	1.7597	6.12473	5.12715	1.07058	2.81961	2.98964	0.556613	1.73308	1.76848	1.75974	1.96726	2.68487	4.86946	7.26313	5.61747	7.18133	11.1463	14.6508	12.8093	9.27404	9.27391	3.69557	9.81335	7.9017	1.2691	2.86312	6.32088	10.0163	16.5574	11.3979	12.5151	18.0002	12.1731	2.253	9.24015	9.90894	10.457	6.14724	3.24224	3.90244	6.95382	5.34969	2.73629	1.89512	1.28125	1.2445	1.26916	5.64994	11.0397	16.0298	16.6439	12.7548	9.44493	4.5703	24.5762	26.0143	11.2551	3.88258	3.4137	3.96492	4.87911	5.8312	3.90231	4.58028	2.66184	5.11833	5.9556	4.24976	2.75305	2.98977	4.01504	7.85767	6.03463	5.8312	3.89055	2.86317	7.01012	10.1925	2.86312	8.04555	8.30923	7.31333	5.7121	7.95501	3.17009	3.58556	4.6765	7.70609	1.45121	6.81667	9.66693	14.13	9.24816	1.11316	11.073	7.29671	15.871	15.4246	18.5258	11.0133	9.83653	9.65295	9.59234	8.26206	8.83025	13.4766	3.87066	7.31308	8.39054	11.544	11.7018	15.0997	11.3814	8.81011	11.811	6.74293	6.46398	5.45173	11.8691	3.00521	14.1132	7.62954	14.3453	14.4747	6.57849	10.2216	16.0508	11.8448	14.0642	16.1119	16.1497	12.7642	7.67107	5.0308	6.22617	6.86794	11.7451	17.8974	3.17017	8.30948	18.3268	21.143	11.4176	8.24586	19.3222	18.1803	16.4573	16.427	14.6133	15.1968	11.6126	9.54071	11.1287	1.7945	9.51559	10.457	12.796	12.8861	11.1237	6.62427	16.1264	23.3876	25.1763	22.0665	13.4558	3.85861	10.0533	6.66122	3.94949	11.4622	3.17009	3.52047	9.31881	1.59357	3.02556	7.59772	11.605	11.6453	8.76924	10.8457	11.6649	2.66184	11.0916	4.96923	0.897472	3.88258	0.746748	6.38098	4.28939	9.86177	10.2215	5.1631	9.27254	6.87022	4.09866	10.9757	11.3712	12.4918	14.8546	13.7931	15.4063	15.3744	16.446	13.8681	6.83227	1.57405	3.28486	4.6865	5.96309	10.4624	5.81272	16.7567	12.9131	5.50759	4.49905	3.2328	7.82293	5.5101	3.3453	4.91959	4.72893	6.50616	3.52045	1.11316	1.8371	8.06065	6.92967	10.9796	7.99299	0.393606	1.11316	4.00749	9.30625	8.40652	3.33611	5.11238	3.07123	0.352045	5.44887	10.9651
13.1875	10.9544	10.6132	13.0221	19.0868	17.5733	14.3914	13.8537	10.5573	2.14748	0.879963	2.81931	4.8216	5.62507	6.44453	11.3556	8.36279	5.6818	5.4058	1.87026	1.62222	4.23098	0.787059	1.75947	1.75947	0.725664	0.248903	1.89492	3.07082	5.16541	6.42786	7.28762	8.62841	13.3952	13.4893	9.9377	11.507	8.5672	7.47617	5.44816	4.05669	2.66156	7.9902	5.42019	16.4821	14.9054	15.4631	12.4731	14.9106	8.602	8.56182	6.35167	7.83176	5.64933	6.21801	3.72836	1.57389	2.48756	2.46257	3.27027	2.05165	1.28112	1.94332	5.06654	6.59596	13.7442	16.1614	11.6438	10.1813	8.83609	12.6806	28.977	19.2641	7.74475	6.9727	5.71413	2.28691	3.78571	1.11304	4.04514	0.879985	1.40777	4.01477	4.97205	5.59793	7.33119	6.22553	6.70801	1.99054	4.95638	6.03903	7.29596	1.24437	8.57587	10.0981	9.41859	12.1738	5.61704	5.68189	2.20422	6.48441	7.74662	7.8781	0.787092	5.97299	8.43429	2.28683	6.24244	10.1036	4.33883	14.054	4.60992	6.31302	9.14982	8.05053	4.84366	0.725664	5.54008	8.14171	9.14323	15.412	12.4822	4.55981	6.59837	5.79107	7.59064	2.14737	8.02228	7.43581	7.36207	10.251	0.787059	8.63021	14.8026	12.9743	8.50182	16.4381	6.1066	9.01782	18.3903	20.704	21.1864	13.3122	15.7468	14.5026	11.2971	8.35359	7.97542	13.9935	13.447	11.7815	7.85497	7.14654	15.4589	11.4624	5.65745	4.19082	6.86715	11.0079	6.46317	17.0486	23.9774	22.878	13.1082	3.45375	0.556573	6.22533	12.1041	18.3191	15.1609	18.5406	5.42019	15.8882	16.8897	18.4692	26.4564	25.9646	19.9731	9.83553	2.05918	9.14323	12.8351	7.1869	3.51562	5.83037	8.04472	4.49881	4.72523	6.54273	6.66727	2.88421	7.5966	2.9894	11.1572	20.0126	16.1147	2.12568	4.72847	6.07906	7.42528	10.9867	7.57101	8.76962	4.42295	4.67601	10.2856	8.03721	4.39143	4.83102	6.76674	3.50259	11.2721	4.71873	4.00707	5.10291	8.91758	1.74179	8.67182	15.9052	12.8844	6.21796	1.37443	6.00339	10.1816	10.2861	7.34746	9.52869	14.8896	1.96702	3.7612	5.36894	3.07091	6.42767	9.44058	2.64407	7.24767	1.40777	6.54273	1.1805	7.80886	9.86578	3.11073	10.9479	11.4279	4.17627	2.59687	0.352009	1.90306	6.1066	2.36009	8.40594	10.8938	9.86568	6.16649	3.8544	2.98946
8.26611	5.93395	11.2712	6.08636	14.9576	12.7216	7.74803	12.9651	13.5167	2.638	0.39353	5.26766	4.40512	4.23071	6.65754	10.0261	9.1421	3.00453	4.5794	2.05907	2.20412	3.80159	1.26885	1.26885	1.99026	0.786991	0.995431	1.73275	2.59664	2.51816	3.41312	4.63957	5.9979	11.7988	12.995	8.05343	8.20732	5.45059	1.41859	5.33721	6.0461	4.17593	9.10932	5.06326	12.5125	11.4961	9.21261	9.64315	16.1126	8.24393	3.88184	4.40522	5.19748	8.05906	7.72238	4.83076	3.45353	2.12549	2.49965	3.60617	2.48726	1.26885	3.48007	3.9015	3.23204	10.6177	13.8933	11.4817	10.8857	13.7054	3.18407	25.1503	21.4276	6.15587	4.5153	2.86262	3.23207	2.44974	1.59327	2.14719	1.40765	0.634535	1.34009	1.02606	4.42251	4.25258	2.6902	3.07055	2.48735	5.96196	6.64829	5.44769	4.08643	2.84084	3.62325	5.88212	9.58874	1.51362	7.31169	6.83123	8.21667	6.91065	3.16948	7.23659	3.35854	4.47768	0.879887	5.54779	5.27647	10.3341	14.1372	3.46693	2.64384	4.05634	5.12643	6.93915	2.75252	3.30285	7.73205	1.6691	9.43182	2.9475	2.28663	5.50629	4.05622	8.34564	3.85407	2.25257	3.85407	3.1304	6.86643	5.8535	8.43357	2.20412	2.86262	7.76331	15.1198	8.98511	12.7851	14.775	18.2794	25.7453	2.59676	11.6492	11.054	15.2239	9.28656	10.9209	10.7798	7.85641	10.6581	9.92013	4.1758	7.79239	11.7003	7.6851	10.7675	16.4635	12.3549	9.14368	15.9435	15.6035	21.3831	19.6199	8.28769	1.23175	3.37668	13.3076	24.4149	7.67322	23.2961	14.6479	12.8524	15.2521	14.271	17.3692	10.5114	3.39492	4.53221	10.4038	11.8288	8.61719	1.94313	3.38125	3.90162	10.9627	6.54217	5.11724	6.75969	11.5061	4.1127	7.98951	7.90783	13.0184	14.657	16.0479	12.8393	7.76359	2.63807	13.4901	12.7704	8.61694	13.2414	2.1183	9.70167	10.1102	7.6851	5.10244	7.86027	8.79306	5.8065	12.1104	2.74703	1.73275	8.30219	7.30959	7.70463	9.47464	13.2936	7.85618	3.37668	1.11294	6.90174	11.4162	7.33056	4.74414	12.482	11.5224	4.09769	3.86992	2.34673	6.21748	5.93395	12.995	3.41301	6.82203	0.8973	7.23659	3.51532	13.6594	10.4326	16.1747	4.60947	1.02611	0.8973	2.98907	0.787024	3.41301	6.1978	3.98346	9.32357	7.35941	9.81472	7.04981	2.68449	3.53291
13.0707	12.7481	14.6786	10.2031	16.9156	17.6066	15.7927	18.3867	19.4866	15.2368	12.2103	8.5075	6.22435	9.03766	12.1119	13.3584	14.7478	4.63579	2.63766	1.62197	1.28087	3.45309	2.11804	1.28091	1.81111	1.18027	1.4075	0.879795	2.29313	1.90269	0.786909	0.786909	2.5362	9.07379	13.558	13.9386	13.9745	10.4257	8.2213	4.99255	4.04448	3.07524	8.83443	3.00938	6.86585	7.17719	4.99566	9.60185	16.6568	12.6382	7.44459	5.91527	1.5931	7.09413	8.90396	6.29254	0.879817	4.85564	8.43122	9.22616	6.65915	1.622	3.02466	4.0558	3.38095	8.34479	12.8821	13.2195	13.2891	17.6107	4.3378	21.3281	25.4795	20.8852	14.5303	10.6046	11.7534	11.6092	9.13006	6.0757	4.4326	3.48873	3.11513	1.94293	6.07791	0.725525	3.62289	0.879773	4.23039	5.61311	4.60899	7.19599	5.09278	4.17537	1.41846	5.2584	5.46388	4.99255	6.12298	1.79401	5.50575	3.6945	6.97359	7.88615	1.59308	3.26965	1.66893	7.04254	4.63909	7.53132	8.88866	6.76776	7.2528	6.42671	3.51504	7.42388	3.31646	2.22475	7.32738	0.175972	8.64045	7.59553	6.68893	4.91826	5.02611	8.73207	8.69096	7.98146	3.02481	2.48709	1.50314	6.36942	3.14467	9.55695	10.8972	6.80159	7.92232	13.996	23.189	29.9029	29.1015	23.0428	5.11074	8.26526	17.1008	18.3691	10.2709	12.8292	10.7786	3.28389	10.2808	12.1331	2.89978	7.40164	12.9728	11.8228	6.74096	4.33798	12.5821	19.7894	11.2793	11.3144	22.2162	20.3677	7.74304	1.37409	3.23173	14.1979	21.7093	12.3065	26.8405	17.3359	3.77292	8.59327	6.86821	13.3325	13.1585	10.5683	11.5876	12.0429	7.92232	2.98882	5.61584	5.48354	12.6476	17.2411	13.3182	4.24471	6.16532	9.21292	4.96777	4.95544	8.36635	15.0127	15.9369	19.2966	14.626	8.23584	10.6781	19.1749	16.9599	6.92745	14.0202	10.9566	7.87658	5.32783	7.93763	2.86227	2.14696	3.53681	2.11802	9.30329	4.72754	5.59415	13.2547	14.4213	10.6127	8.20648	10.1237	3.72349	4.4326	4.49796	7.41579	9.98333	6.70708	11.8276	11.9013	5.50572	10.2767	12.3877	12.2068	8.56559	4.72757	15.586	7.32946	6.42645	2.11797	8.28869	1.51339	15.6613	8.46677	19.0306	7.03837	3.61876	3.90129	5.38229	4.84299	5.61582	2.88366	4.79182	7.40155	9.19378	10.7812	7.7275	3.46211	3.18374
12.8195	12.7289	13.2882	10.2022	14.63	16.2401	16.5344	18.5338	18.3567	15.9155	13.2297	7.85884	6.36896	12.0624	12.3959	13.0606	17.0218	8.19117	1.18017	2.94694	3.41235	3.45279	1.96651	1.12656	1.33978	1.41829	0.995292	1.28076	1.81095	2.63743	0.351911	1.26861	1.57338	4.91472	10.1423	13.2275	14.63	13.3216	9.94086	5.44955	3.23157	5.99653	9.55578	3.62258	4.4873	7.59474	6.48496	7.19545	13.8713	13.6885	8.18584	7.5407	4.16391	3.88906	8.22979	8.05767	6.37831	6.82981	8.27923	10.4758	9.97664	2.86197	1.1127	3.4124	3.79281	5.26677	11.0837	13.6128	13.288	21.0304	12.5261	13.9701	21.8232	22.0267	15.7957	10.6482	11.4339	12.3867	10.4433	6.51086	4.36236	3.55837	6.37116	1.33983	8.00682	2.20361	3.00912	5.58244	5.31022	3.97518	0.393455	8.08184	4.74326	6.19418	1.28079	6.19663	0.556401	6.90934	3.31633	4.24434	2.51773	3.69418	8.09699	5.30455	2.91005	3.76015	1.66878	10.8863	5.81057	8.47293	9.99446	7.80651	9.11428	7.44995	7.81998	7.42324	1.8944	1.40738	5.1252	3.60549	5.11044	7.55495	7.31258	3.3579	7.21638	10.1887	11.2889	10.7803	5.36746	2.05117	5.86011	5.79737	6.03204	13.2261	10.782	9.0798	5.7444	13.1839	20.8979	28.2879	26.2785	12.348	5.99149	9.11437	20.3855	14.4781	7.59485	9.03689	12.3017	8.51529	8.44261	16.3076	3.51474	6.11518	10.5896	11.9154	9.25113	10.3747	14.6184	17.7505	6.82106	22.0775	24.0128	14.8098	3.61845	2.11779	5.11624	15.564	12.4412	15.2353	23.5311	12.0238	6.42597	13.5947	10.002	11.6585	14.0191	10.4774	11.263	8.93522	4.39033	8.53642	4.40438	16.8682	14.8462	21.4414	20.4761	1.79385	5.34766	5.13731	1.18022	2.05868	4.10072	10.1714	14.3906	15.3193	5.4468	13.3731	13.6749	22.7142	23.4439	3.37621	10.3522	11.2891	6.292	3.03469	9.34745	5.38166	1.41829	1.58322	1.37404	4.10072	5.6371	6.76731	12.9184	14.0357	7.4277	6.15471	8.67428	1.62186	4.55521	5.11044	6.97706	3.37604	9.24631	11.0838	7.02272	2.31309	13.5271	14.6774	12.7686	7.97509	4.60883	16.2471	12.5724	4.82968	8.2788	7.42741	6.44715	12.432	8.77953	16.7273	5.65605	3.61845	3.85333	4.96757	5.02889	5.10139	3.37604	2.31309	5.68032	9.14732	9.23668	5.78427	3.66913	2.6782
6.98961	6.97227	9.49246	6.46096	8.7288	7.72611	9.26781	12.3179	11.1408	10.4521	11.0147	9.92959	6.34924	10.7639	9.59842	8.41332	17.354	12.5064	4.8671	2.9256	4.91721	4.14497	2.34604	1.94258	0.556343	1.6216	0.497606	1.50286	1.59278	2.23814	0.55636	1.41815	1.05552	1.7588	4.2439	6.15407	8.71656	11.4168	9.511	3.33439	2.68369	7.97394	10.6147	4.36168	0.497606	4.46948	5.44884	4.22215	9.7478	11.4885	6.36821	8.08101	7.80755	1.66861	4.81968	8.18477	10.655	8.47902	1.98967	7.29287	11.142	4.60816	1.26854	2.5174	3.26903	1.86955	6.70322	11.4885	12.3179	22.7257	17.6646	3.53614	9.75244	13.2454	14.4724	8.28738	4.47657	7.19471	9.24536	8.59902	8.35076	7.27863	9.77232	4.99471	7.89791	2.68357	2.11757	8.15887	5.12467	2.29269	2.12487	7.44286	4.27651	7.30956	2.20347	5.3669	4.09667	5.20765	0.634317	6.22297	1.02581	5.33537	5.83862	4.0436	3.41205	4.00544	2.11763	12.3461	5.67965	7.79794	7.43877	8.43638	6.27415	7.76105	10.4064	5.33539	1.51317	1.51317	4.48663	7.37548	5.16065	3.58383	6.1317	2.22439	8.64565	10.6466	8.39883	12.2504	7.25132	3.7925	9.7478	2.77962	8.76632	11.6307	13.6687	9.70838	5.82838	15.2866	13.8155	5.96289	5.78874	10.8853	8.98276	13.736	17.3633	3.12947	4.14517	2.4428	8.67339	14.145	5.7438	19.0586	7.05631	0.703722	3.51874	6.58425	15.2923	18.6737	10.4407	5.35566	21.4725	28.1526	19.4665	6.35138	1.96627	2.8346	5.99087	17.1124	7.45908	16.0778	15.3666	2.68935	7.60172	13.093	9.92797	11.0669	8.21428	3.86876	10.7478	10.5663	8.00639	13.6785	1.58305	19.4493	12.7626	24.8203	22.193	6.37792	4.4971	3.02409	5.61204	4.21856	0.55636	3.38036	2.4491	3.22647	7.37575	10.95	11.2877	23.9298	22.4847	2.63729	4.47655	2.29273	7.42452	5.344	8.52673	5.33537	5.44055	9.30196	11.2306	10.458	7.08877	7.07999	9.45455	5.11592	3.72278	4.79091	9.12792	2.2928	4.27651	3.58383	6.51691	0.634347	9.14103	5.46284	1.81084	6.09684	10.7034	10.9744	10.3825	11.8057	12.3667	17.7731	13.2768	4.8671	12.3837	5.8933	12.1608	7.79794	6.3683	12.6252	1.5131	1.24389	0.947358	0.393414	1.94258	3.03432	7.30944	0.527803	8.27795	1.41815	4.11519	1.12639	3.23111	2.86178
12.0931	10.9899	12.589	10.4387	10.7524	10.621	10.4737	11.9668	14.0197	15.5906	17.3154	18.0984	14.9301	11.7039	13.0203	9.89282	19.3443	17.2515	9.54166	3.55767	4.95407	7.21502	4.95425	4.99108	1.02567	2.22413	0.896957	0.634292	0.634292	1.51304	2.31268	1.81061	0.351844	2.35888	5.3692	6.32918	7.59306	8.93825	9.38868	4.79063	2.77949	7.42601	12.1311	7.53516	1.81061	4.42089	6.65502	5.78837	9.04821	10.9425	9.30101	10.4411	10.4524	4.85412	1.75873	8.04684	13.434	10.9599	4.31887	4.7098	11.1093	6.08384	3.1292	2.89897	2.4488	1.75864	4.09613	9.38868	12.6472	23.6011	20.715	1.76746	6.25438	13.2967	19.4056	17.6669	12.7651	11.7986	12.6614	12.5787	13.1058	13.4398	14.8121	11.6563	4.27251	2.61342	2.05822	7.74477	6.08384	3.41182	2.34583	4.47596	4.24733	6.50251	4.04336	4.22922	4.72621	2.05078	4.44158	5.66584	7.3112	7.47881	6.69142	3.96274	2.46767	3.11427	1.28055	11.0561	5.6467	6.59297	6.394	10.7206	3.9277	10.73	9.66567	3.16829	1.66852	1.76746	4.55755	10.1415	7.19409	9.43954	9.30075	1.02572	9.44882	11.2291	4.0548	15.5244	7.68829	5.5376	8.89799	2.89897	7.17522	12.963	15.6472	11.8725	13.0788	11.2675	16.8816	9.04647	6.94298	12.2315	5.38081	13.9703	12.4844	7.7646	6.4604	4.56434	5.02771	15.2128	5.41766	16.5106	8.18951	2.68912	0.879573	8.13047	20.5863	20.8463	2.63706	21.1962	27.406	19.9268	8.23358	4.66401	0.78669	2.77946	5.78839	17.4186	12.8565	18.51	11.3113	2.66028	7.55124	6.81944	6.10406	7.81882	3.86834	13.8843	15.7387	11.0992	9.05314	14.9284	2.11743	12.5229	19.4657	25.7261	15.1659	4.25096	3.65586	8.28456	5.35495	3.65568	4.67405	5.36947	2.59577	5.49031	2.31264	4.40007	13.1234	20.3524	11.1858	11.5388	15.8424	13.6863	3.00349	5.61421	4.09613	6.81081	12.644	15.6756	15.9756	14.2648	10.9428	8.93354	10.3474	8.66781	4.8951	5.78574	11.3798	3.51844	0.879573	2.05069	8.18037	2.99316	9.01332	4.24714	2.51728	5.11529	5.02467	8.52988	11.4778	12.56	12.6614	13.5206	8.06923	6.12129	14.3328	2.48631	14.8001	3.41187	6.50262	6.75906	4.43137	6.13395	5.66042	2.77938	1.90226	2.51725	9.61153	1.02572	8.88783	1.65924	5.44562	2.74599	7.71169	7.66475
12.3163	12.3999	11.5987	9.43578	9.79342	11.4953	7.17656	10.8063	13.5588	13.1606	13.5959	16.845	18.469	15.9743	14.6261	8.98135	17.9217	17.795	14.1309	13.6853	12.068	12.2057	7.97104	9.76891	3.24	2.66002	1.94223	1.59251	1.11242	0.725233	2.00476	2.20296	0.527707	1.41791	5.54518	7.63404	8.14449	7.20812	9.93829	10.1057	5.11506	6.13322	12.9142	10.2365	4.96589	4.49632	8.0199	8.49707	8.12781	7.02066	9.26796	11.9692	11.6084	9.11182	6.67494	1.83586	12.7689	11.9262	5.82711	1.45023	9.92736	5.89216	2.0506	1.98943	0.896869	2.11717	2.63666	5.83492	9.75065	22.5919	22.1209	10.2573	5.74291	1.41788	8.59744	16.0393	17.2403	15.0745	12.6739	8.52913	6.59266	8.81976	13.5588	16.4525	8.22748	2.39116	1.28043	5.96181	8.18356	5.65458	1.33939	2.99285	1.02557	3.72224	5.85083	5.10005	6.83678	8.39936	10.7787	6.59483	6.29005	2.74556	7.38066	8.04632	5.59484	5.61384	4.0049	9.1899	6.56448	3.70548	3.6215	6.09571	7.35599	11.4212	8.18867	3.28256	2.9462	0.995016	2.17484	11.952	11.818	6.10312	10.4106	10.5645	4.38899	11.564	3.37975	10.1988	5.65458	5.82735	8.24028	7.42125	4.74191	5.57292	6.34777	12.2256	13.5316	14.7965	22.3109	9.26796	7.42125	12.3958	8.96804	11.4752	1.28043	9.06595	8.27675	6.31657	4.21416	9.25469	4.34705	7.63404	15.0155	17.7798	12.6338	2.63666	20.3606	25.742	22.4084	25.6708	9.00575	13.6748	19.8238	19.5843	11.9912	0.725233	2.9092	10.9576	11.2286	8.75464	5.41719	10.6674	10.3807	8.05563	6.73615	3.55735	8.14442	11.1294	13.7748	19.0227	21.9139	11.0062	7.8967	9.25532	10.9413	13.7585	5.448	5.49005	5.3346	5.18313	8.21827	4.55368	12.6739	13.224	9.41968	3.4651	5.01803	7.24404	11.0022	15.1422	13.5164	15.8045	15.8312	18.8916	13.2484	4.22857	5.98221	7.63831	5.82705	10.6963	13.1606	14.4389	14.5864	10.9082	8.15048	6.48078	3.23066	3.86409	8.1684	5.4815	3.4519	5.15949	7.52833	5.08772	9.52333	3.62153	2.53523	4.04283	1.57292	2.81774	6.84807	12.1338	10.6298	9.88434	9.40238	2.83961	11.7374	9.13011	14.5858	5.79576	2.86122	5.27701	10.7392	10.2212	9.68353	7.92702	2.39116	0.994947	10.3802	2.39125	8.2855	5.05154	7.00341	4.74205	10.7511	7.29194
8.76946	13.6367	11.4655	9.47104	11.9057	13.2862	5.20646	8.05487	11.1208	10.3023	8.03239	12.4943	16.4496	15.4352	13.8862	11.5063	18.8364	16.4509	15.7405	18.1786	18.5998	17.6037	12.3951	15.2156	6.33047	1.76712	0.78654	1.57285	1.24355	1.06978	1.23104	1.57278	1.41775	1.05522	3.51331	5.72352	7.84985	7.14852	9.52297	13.6994	13.015	11.7542	17.5278	14.0166	5.33392	3.62118	4.61697	10.4505	8.94002	5.44473	7.69262	11.5732	11.1273	10.2418	10.272	5.66476	9.95939	11.1495	5.96114	1.58261	8.76904	6.45885	1.65884	1.11231	0.879383	2.25128	2.28532	3.89934	7.52783	20.0181	22.6958	18.3555	16.3913	12.8147	7.51184	2.59527	10.5788	15.141	17.4042	13.957	9.5698	9.50888	11.6931	17.698	13.8982	3.39309	0.556205	1.94202	3.55258	5.96877	6.83603	6.05272	4.60689	1.89374	4.2464	4.77378	4.17355	5.15898	3.62118	8.35735	8.09393	5.05109	2.98743	4.89405	5.65391	7.24944	4.05395	6.69002	5.19452	5.54485	7.20752	7.56809	7.18239	2.73406	8.2175	7.73946	1.89367	2.65977	2.48592	6.50112	13.2863	3.58276	8.35744	12.0035	7.34874	11.18	7.34911	3.66763	5.11451	6.34751	5.85017	10.2356	6.42587	5.15923	9.45185	7.13974	9.85187	13.5945	8.34806	6.76256	3.06889	10.0956	2.39094	7.91287	8.42869	8.89985	12.438	8.49643	15.0953	16.8433	13.4106	11.7281	14.2831	15.5445	16.6319	5.96877	11.9597	20.8699	20.1419	4.33595	18.0704	23.8432	24.4937	25.932	23.0712	6.16245	3.33357	3.35645	2.3122	5.63491	12.8056	12.4826	5.33417	2.90906	9.41884	10.3712	14.8047	20.6007	23.8948	18.4979	6.71064	9.09609	21.321	21.7834	26.0303	25.136	14.6131	6.84737	7.35508	2.86088	7.1057	12.048	8.05446	8.34093	14.6968	6.79833	14.8764	12.2428	14.6973	14.9044	11.455	4.96236	10.6745	15.1509	17.8831	7.44112	12.3477	4.2464	7.91312	17.0356	21.7711	19.7048	16.2377	12.0317	8.0455	4.33598	3.73428	7.09103	7.13786	0.896786	7.19294	6.28	2.90894	6.39268	7.29914	3.79136	3.30096	3.23972	1.66814	7.59963	10.0252	14.6594	10.8851	5.09043	8.03967	7.35731	6.17228	3.55687	11.1588	4.21739	5.0176	12.0372	12.6452	11.1855	11.4176	9.58335	3.60411	1.83569	7.92631	6.79843	7.19273	7.24933	5.5061	3.46049	10.6854	5.83468
8.23842	6.51697	6.28896	8.04428	10.9392	11.7823	4.63315	7.25708	9.4511	10.9394	6.66688	10.3786	12.4114	12.9034	12.0667	12.3232	19.7682	15.9264	15.8731	17.107	18.0718	14.9712	12.7939	15.1798	10.7218	9.14295	5.43857	2.00446	1.4176	2.05008	2.05768	2.90876	3.03321	2.22354	1.73158	3.20599	6.14195	6.27935	6.83558	10.2755	12.9157	13.4914	22.8012	19.7813	5.82602	4.63294	0.556147	9.52622	7.44005	4.00789	7.2067	9.70756	10.4085	11.1262	10.6275	5.48042	5.74951	9.62116	6.8264	3.14287	6.66661	7.73866	2.20263	0.879313	1.62101	1.24338	1.8355	2.11681	4.04217	13.3853	19.353	20.8984	21.7076	19.7554	18.3309	13.9216	5.54428	1.86893	11.1633	17.3082	19.3499	18.2722	16.4615	21.2805	18.5164	7.13907	0.634075	1.75817	3.0685	5.50535	8.18169	4.99281	6.70073	0.248713	3.83531	3.6923	2.51646	4.05361	5.46105	8.26059	8.51155	5.95808	1.83556	5.13475	7.69948	5.85728	7.82585	7.795	3.41075	3.45111	2.86054	2.68267	4.66279	8.84504	10.7875	12.5411	2.13856	4.22054	4.14359	3.85544	8.51822	10.0074	4.7247	11.4165	11.2833	5.44416	9.75985	9.33213	8.7872	6.89744	5.30766	6.50056	11.1158	8.28067	2.20263	10.209	8.28067	2.98705	9.81452	13.2735	12.0365	10.2781	4.13231	7.89685	13.1674	10.9111	13.8058	5.06282	19.3307	15.5782	14.9735	8.91242	16.6135	20.3049	18.5578	7.78732	3.86332	6.48184	4.563	17.1439	20.4068	11.2264	3.85146	19.9267	22.3522	9.10353	6.19391	1.59217	3.41087	10.0076	11.0464	6.13215	10.7176	10.9059	10.4383	9.12806	8.9662	9.13806	5.9888	9.1245	10.9462	13.6686	14.9846	4.40215	10.5758	20.0185	14.1337	1.62107	3.0077	8.35649	3.51303	11.3883	13.9638	18.1402	14.8221	9.4258	19.4046	17.9727	20.3403	18.4414	15.1913	13.5562	19.2628	22.5462	16.7521	8.38533	14.1442	10.8817	11.7228	10.1665	5.18234	2.61265	6.42306	12.8528	17.5267	16.7557	11.8421	9.12945	3.58239	10.4195	12.6931	13.5837	8.35633	3.10836	6.75741	14.9712	12.4965	3.0077	2.72824	9.37014	10.9112	15.0299	14.4159	8.06149	6.37548	2.00438	8.0183	11.8011	11.4895	6.31561	3.41082	13.1355	11.469	6.59104	14.5772	10.3053	3.89894	2.00441	3.4512	3.98098	0.725091	0.786458	6.79763	5.83671	9.31905	6.43017
11.5334	7.8638	9.39462	14.006	9.94729	5.96764	6.92314	8.34681	9.07468	11.6656	10.0838	12.767	11.4634	12.8068	11.0552	10.4698	15.3085	9.48347	13.2713	15.3293	14.0147	12.1269	14.8405	11.9574	13.5994	14.6222	13.0114	8.72489	3.61638	2.05743	4.17262	6.64347	7.07908	4.98629	2.77843	0.39323	2.6593	3.77043	3.55634	3.23927	5.80448	8.94997	18.8158	19.6536	10.094	7.52641	3.35588	7.66148	7.2812	3.22496	7.05321	9.63762	8.91166	10.8803	11.1935	6.75657	1.26788	8.09222	9.1761	6.11144	3.49962	9.31838	7.28148	3.66703	2.13841	1.62093	1.24329	1.12586	1.17949	5.32434	8.78644	12.6303	17.6606	20.4261	22.8605	22.355	17.0775	14.7187	10.0426	2.25085	8.15183	11.5335	13.8703	23.3292	25.0983	13.3583	4.31723	3.53019	3.37878	0.78639	6.31493	6.4603	6.51641	4.4192	1.62087	4.63251	1.93369	3.02282	3.22975	6.36525	5.67709	4.00368	3.20571	6.4813	4.03801	11.003	9.42494	8.35562	6.62741	3.30046	1.59203	2.34489	3.26766	9.0978	12.7974	12.6917	3.4597	4.47425	1.11206	1.06958	5.33288	9.67439	10.9549	17.2235	9.45042	2.2371	5.27547	6.25934	2.44787	1.37326	8.21048	15.8146	15.0289	12.364	6.50005	3.35591	4.47428	8.88965	8.8627	10.7499	16.4593	10.7595	9.15316	3.70451	16.0516	14.7	18.8162	8.8627	18.3251	10.8482	24.8542	20.9254	17.1353	16.3003	9.36949	2.81145	1.73143	3.85493	5.74901	18.8923	18.6297	17.2649	23.3856	25.3789	15.4999	3.16702	4.49477	3.37411	1.80991	6.66164	13.2624	9.79098	4.13195	6.56301	12.327	13.1347	6.56279	4.92436	8.55465	10.664	10.5749	5.98052	11.6408	18.4138	23.5044	26.0774	18.7274	9.61925	7.18085	1.79279	4.44337	2.28493	6.81721	10.7961	0.351709	7.34752	6.7001	8.82913	14.9725	11.5004	4.10971	5.80448	4.87426	7.29776	2.44787	6.6525	2.99202	7.34772	10.0897	5.92926	0.946948	6.42934	11.4387	17.3192	15.4831	11.4529	13.0871	12.3875	2.51622	13.0352	10.8775	7.24789	14.4764	5.17895	11.294	13.2874	17.796	12.9543	1.17949	3.53463	10.9858	13.2874	9.67439	1.11209	2.61253	6.15121	9.92473	11.5343	12.9018	5.08657	5.65812	7.66183	19.6945	20.6279	15.5119	5.15804	3.22496	4.09845	2.28488	2.63592	6.17104	6.51641	8.04359	2.86029	7.14052	5.78355
12.8822	8.71219	15.0654	16.0613	4.93946	8.20997	12.7513	9.74752	9.24505	10.1342	14.4816	14.2153	10.4026	8.96962	6.7336	14.1613	12.8499	3.37846	9.65681	11.9077	10.8023	14.7216	14.8317	13.655	13.0104	13.8774	15.8395	14.6091	10.046	4.74025	6.54124	10.3151	11.2506	11.8894	9.51094	7.08481	3.53432	0.994636	0.393195	0.786353	7.62118	11.9218	14.1583	13.8694	10.2993	9.6366	7.24717	3.51676	9.08208	7.66119	8.52247	10.8606	10.6034	11.199	11.3009	10.0989	5.43748	3.20539	9.83964	10.1455	4.67157	6.65434	9.80368	9.31602	6.81659	4.70779	2.39037	1.9652	1.41742	2.53426	2.29138	2.55861	6.66566	10.9041	16.9403	21.7977	18.8235	19.8592	23.4478	22.4803	16.2418	8.4444	1.37304	14.5748	26.8868	24.1538	14.0566	6.19736	4.24525	5.50467	5.44608	3.69169	3.41005	3.10777	1.33888	5.95168	1.44973	1.02524	5.08596	10.4026	12.2976	9.97613	10.6532	8.25361	9.52444	8.9225	3.7701	4.55537	5.63337	4.55221	6.48089	10.72	9.95716	9.10194	9.172	8.5589	5.65221	5.87708	3.37853	4.70779	7.19087	10.1722	12.7011	12.4708	7.35304	10.6129	10.2534	6.37439	1.96516	8.55382	13.9692	3.3556	18.7266	17.8782	2.05732	7.22426	9.75328	9.09351	11.3009	11.8078	8.90242	16.2333	15.7543	6.82546	18.0722	17.7043	13.7358	17.8796	13.5368	22.746	21.4114	4.96707	10.2116	12.619	12.2467	10.0595	9.37998	8.1474	7.00076	10.5697	13.3423	13.6718	14.6245	13.1335	9.05418	8.82834	8.94118	4.87721	2.11644	0.89655	5.56776	5.85617	1.93351	4.63207	2.65901	12.9038	6.599	7.39601	9.87435	9.92396	7.78589	0.393173	2.05732	4.04144	12.9073	16.206	6.87609	2.89751	7.54981	7.95659	2.64157	8.62224	7.89363	6.89581	6.27059	6.05074	4.24171	5.72221	12.3349	8.88418	9.83096	10.9847	11.751	13.5906	8.82152	9.26438	6.30707	8.27328	0.994636	5.73015	9.3784	4.56229	14.1311	12.9629	9.36081	21.6176	20.1415	10.6161	1.5919	7.47526	14.7864	18.0313	17.2416	8.88418	16.7917	19.2259	14.6204	18.5355	6.73596	5.37828	5.92892	1.65846	6.25878	8.42681	10.775	9.0013	6.21207	8.28061	12.5641	2.20225	5.36661	6.10081	5.74082	11.69	7.50983	5.36387	7.41878	7.3777	5.87444	2.36426	6.968	4.16111	9.41586	2.90809	8.02964	5.33233
4.82617	5.05845	14.7358	20.4782	18.7928	18.4513	17.1153	12.8009	10.4382	11.3132	16.1846	10.3417	6.43759	5.87391	7.47458	13.6058	10.5898	9.82533	13.1455	11.2546	10.7464	15.8921	13.7652	12.9167	11.4548	12.2062	14.9633	16.2836	14.9208	11.9359	9.0434	13.5584	11.7398	12.7409	10.3416	10.7341	10.7697	6.34747	3.3323	0.72489	6.37353	12.6677	14.8075	13.5469	11.1231	10.8391	10.9081	4.98824	4.67139	9.23958	9.2638	11.6496	12.3195	10.6024	10.7846	10.9539	10.0448	3.0221	7.30479	12.5297	10.573	3.4098	6.43783	9.1338	7.84705	5.53434	1.89295	1.7311	1.1257	1.66751	1.49153	0.248656	1.06936	2.10893	6.48707	14.799	16.1786	17.7037	20.6293	23.7935	22.3292	16.7582	8.3954	1.57225	18.2376	28.7813	26.7299	16.9214	6.88643	3.35527	4.34494	6.42344	3.69136	3.2386	2.64132	6.21899	5.04917	3.53396	6.90411	3.00686	1.49153	10.8348	11.8582	8.49324	14.6335	5.56727	4.13117	2.51584	2.11628	5.21325	4.72354	7.20472	3.51215	5.95888	4.49392	6.99126	2.11617	5.09747	3.86623	1.05482	0.393138	5.3407	6.86007	5.11235	6.89305	13.0085	7.17319	11.7881	8.02936	13.1211	9.96945	17.1345	18.2249	9.37697	6.90422	11.0008	10.6039	6.62616	6.5545	11.4816	22.6404	25.0082	6.37373	13.0154	12.0992	14.948	22.9806	25.3112	15.4622	12.0623	6.25797	20.5839	24.2448	23.7265	21.1063	17.0029	15.5705	16.4689	12.5383	5.76406	5.82445	5.74821	11.632	10.7846	8.98866	8.04229	4.72337	1.90117	3.73286	2.85984	5.12131	6.5545	2.81091	4.49752	7.66628	5.96651	12.1537	14.692	8.76093	4.09753	6.27036	7.17758	3.1616	5.64376	16.3557	21.2799	8.97693	5.72957	4.00296	4.72335	8.05142	3.86225	11.2542	7.61471	7.0001	9.40895	6.5362	5.21308	8.88327	14.2779	5.37774	6.97179	6.84464	6.86221	5.61094	5.61109	8.06474	9.81297	2.83269	9.21003	5.36642	7.12007	11.8558	16.4897	22.5924	17.5531	3.00683	8.27299	9.61744	5.83247	3.0221	7.68971	6.56155	1.37293	7.12221	15.984	18.5649	15.8535	5.77974	1.79245	5.02181	5.98695	1.86841	2.73316	5.16006	5.61107	9.76479	12.7171	8.35404	1.59173	3.55566	9.42965	12.1342	7.53501	5.72133	9.00162	2.00393	5.36615	6.57069	2.13801	7.17319	2.83824	6.83351	4.86411	5.41153	7.30493
3.14185	3.79782	8.42507	15.0979	17.2533	16.0931	12.2516	14.156	10.2844	11.787	12.026	9.74994	12.7244	6.42038	4.96612	9.27532	9.26447	13.6973	13.5458	9.22416	9.29492	14.1076	8.76508	7.50832	8.90942	11.1159	13.6775	15.2671	15.4072	15.4219	12.8394	14.313	12.127	11.4804	9.80026	10.2445	14.6337	13.7433	10.5402	5.80555	2.22263	8.46574	13.5657	14.6439	11.8965	10.0039	10.4045	9.9579	7.27909	5.13283	4.94172	11.0356	12.1615	8.1842	9.42228	10.8584	12.8701	7.50599	2.74962	10.3987	14.199	8.20791	1.65814	5.27096	7.35353	7.80167	2.74399	2.05683	0.946638	1.50171	0.896355	0.175806	0.878934	1.4494	1.49138	6.13963	9.35909	9.80194	9.36697	14.4688	20.4297	19.7719	11.9345	8.20791	4.05212	19.3644	26.7061	24.8051	15.17	8.10125	4.33395	6.26458	2.83246	4.33395	6.04989	1.44945	9.44255	6.97109	2.38992	3.51184	5.10609	6.4416	7.89223	7.59637	8.99903	3.58114	5.9966	2.81613	4.96306	4.47297	2.68169	7.84633	7.23993	5.45892	3.58104	5.8475	7.92104	4.43878	3.55095	4.51056	2.61168	1.98816	1.83488	7.67747	8.43052	6.12953	6.16952	5.06079	4.00255	7.70639	8.42522	9.75146	3.10718	5.67549	1.901	8.7786	10.1801	3.55532	9.06574	20.2796	24.6283	13.9209	10.2438	18.4429	6.08007	13.4008	22.6606	17.4418	3.85403	6.85941	19.8011	18.6549	10.5348	9.93271	12.4692	8.66173	5.6323	4.01024	9.70398	8.31576	10.5402	8.55777	5.73948	7.52452	14.1395	16.1221	12.4079	8.11804	4.44219	1.24296	6.12973	7.69094	5.80018	4.72309	8.44299	12.6841	16.9569	12.1093	6.80824	11.7874	15.9586	17.2263	16.6424	13.167	5.95604	23.1687	13.1366	8.29402	7.59637	3.94464	4.44209	4.82573	7.05096	7.87885	3.70359	5.33132	4.09337	8.90882	10.9015	9.09986	13.6925	11.9553	10.0693	5.33169	3.51161	1.80938	4.17138	5.83419	1.05472	10.5456	9.28231	9.43334	6.89235	4.96646	14.0388	3.02198	11.3673	15.3626	16.2544	13.477	10.8325	8.20788	1.4171	6.47944	8.11804	3.97953	6.4416	5.26229	8.22283	4.60486	7.96601	4.92299	5.35168	4.09362	6.7594	7.9228	6.87926	2.28427	4.5107	8.27955	9.85334	12.6029	17.3986	13.6121	1.37288	7.89966	4.72286	5.88917	10.6071	7.14485	3.0015	7.69077	3.37782	8.05083	1.62045	4.11234
1.37273	2.00354	3.02167	5.65078	7.80137	7.0764	6.11684	13.143	14.6796	12.8278	7.73719	10.8369	15.325	10.2086	12.3835	14.3989	11.4527	13.2575	11.9921	7.6963	9.50779	14.0698	6.31237	2.05672	7.02479	7.99967	10.1429	10.1034	10.2303	12.6154	14.1583	13.4853	11.6161	11.0364	13.859	11.6879	12.6154	15.6464	16.9357	14.3028	6.34627	3.23791	7.52947	13.4381	14.4094	11.0733	9.82337	9.99266	12.6926	8.64882	3.06716	10.4588	13.0924	10.7444	11.4423	13.5266	16.9702	12.7881	2.83228	5.99085	13.2961	11.856	3.33156	2.51526	7.27221	9.56398	3.69058	2.34399	2.63499	3.00629	2.23636	1.8093	1.94093	1.93295	1.50163	1.40603	0.39308	1.27957	4.42779	9.2809	16.3953	17.612	12.6824	11.636	3.31302	11.2781	20.1532	24.9394	17.8752	11.4347	11.6553	8.96704	7.73532	8.68205	9.04505	9.43246	8.0723	9.14648	5.65062	5.10558	2.85935	1.65789	2.8322	1.83464	6.42241	6.6249	1.17904	3.70314	4.83772	5.80228	4.55409	4.56096	4.00984	1.50163	2.65829	3.75676	5.50025	8.97512	4.00584	6.59031	3.75676	3.28039	7.8126	8.7233	8.2787	8.91184	9.65425	10.3697	9.5473	7.23919	9.57843	13.1356	7.86848	7.07403	5.73915	7.30151	13.2141	11.8294	13.0131	14.3463	9.87758	6.37232	15.5212	11.6359	15.9631	22.009	11.1012	0.878901	13.0296	17.7599	13.3093	12.652	23.1052	24.9727	25.9506	21.4328	19.105	20.3573	20.9036	17.4942	18.5039	16.517	9.29869	9.59214	8.05014	10.9504	10.8156	18.2406	17.9774	8.74889	2.29074	5.97814	9.03968	10.0517	10.5673	6.19106	7.65896	16.8168	11.4677	1.49133	8.74226	7.46734	5.17972	17.9077	12.3176	14.5959	10.8318	13.0741	10.8575	5.97814	3.31317	4.81553	9.41376	13.587	9.50807	0.393063	5.87543	9.42924	14.4717	19.0651	19.0208	8.8999	2.34404	11.9739	13.8941	13.8042	9.33887	7.08701	6.31254	2.34404	5.64266	1.24283	9.31946	6.57899	13.8986	3.03179	12.9583	11.424	4.57427	14.2658	15.3169	10.9412	4.79024	7.97291	5.01474	3.16579	5.25887	6.07944	1.75739	5.6317	8.19805	0.724752	3.85347	5.09663	8.24048	10.0566	12.2325	9.81001	4.56424	0	3.22835	4.72247	13.812	15.28	4.44168	6.64075	12.6379	12.5405	16.5942	14.628	4.002	8.03513	10.2836	3.52884	4.21135	4.38609
0.703056	0.24857	0.703056	0.946502	1.50149	2.55764	3.94385	8.23422	12.9087	11.6756	5.60967	8.99908	12.4975	14.154	14.1972	15.9179	11.5901	11.9629	10.1319	6.31195	13.6554	12.6227	5.95731	5.59059	8.89232	7.05001	10.4648	8.56467	8.0738	9.36216	12.3731	12.4746	9.75591	8.02716	12.3871	12.4979	11.0781	12.2314	16.1904	17.7146	14.0945	12.136	7.86035	5.45766	12.2167	14.2946	12.6243	11.6537	14.5925	11.3508	3.39085	8.7224	12.1309	11.1308	9.75424	10.2349	15.4573	15.6871	5.48841	3.61871	11.4829	11.9625	5.21157	0.393045	5.8227	10.364	5.60947	4.98692	5.37624	3.7971	2.05653	1.57181	1.62014	0.896184	1.02478	1.23022	1.66709	1.80914	3.12633	8.66007	16.9189	16.5546	10.7209	12.1962	6.81358	8.50818	15.7261	23.3761	17.0521	5.33064	7.75412	6.07139	3.68614	4.15952	2.83197	9.4267	6.32399	7.04963	4.66979	3.16563	2.923	1.73947	1.66702	3.1117	3.8533	5.35034	2.24976	3.28018	7.37509	5.98548	3.37705	3.68614	9.29318	10.3389	8.42893	3.66531	3.53278	6.02571	8.04914	2.04891	1.89249	0.24857	10.5657	5.2115	1.4059	9.57884	9.4713	4.27232	5.73865	5.78326	9.23514	9.7113	13.6575	5.59847	7.76	8.39508	2.72672	4.60399	1.58155	13.1441	14.2896	13.4741	15.0029	8.42846	17.3492	6.55981	9.03936	9.61638	12.3864	13.7888	7.22153	22.1627	25.1162	23.0359	17.8157	8.55606	5.1587	3.12655	5.35034	3.86511	6.57842	11.2825	17.6104	11.4475	12.4848	1.17892	17.1848	22.8772	27.2337	20.8975	5.82303	6.73091	9.96477	13.2656	2.00337	17.8578	22.4582	16.898	8.42846	20.3886	21.6764	18.5418	7.8924	11.9068	17.1595	9.27895	5.6095	6.51324	12.1962	11.5694	3.8969	9.12432	5.6095	3.33123	9.85089	4.55022	6.75102	3.26591	7.30086	10.7981	9.47866	1.90064	14.3658	17.3422	11.7068	13.5386	6.06848	4.34374	9.43157	6.16811	3.89674	2.28384	8.66524	2.94395	12.5894	0.175772	7.73431	14.0366	15.5493	15.9456	11.7845	5.64186	2.98543	8.25038	9.29806	4.78982	3.23769	4.38922	6.34297	4.84995	3.1607	5.21186	2.29056	4.63031	3.86499	2.36352	4.91254	8.35154	7.4261	8.76379	9.0459	11.6292	13.7903	10.9048	6.07139	8.15156	10.703	7.19412	13.0325	16.5188	7.04963	5.12015	11.566	10.0792	7.27187	9.29318
3.7025	3.00063	1.94054	0.785939	0.175756	0.785972	1.8677	2.8588	4.08115	4.86226	6.36173	8.88488	11.9206	13.0761	11.9206	14.6487	12.5114	9.5764	5.95674	8.58113	14.0582	10.7696	10.419	9.26032	10.4796	8.50602	12.1189	10.084	9.19561	8.34219	9.5828	11.1759	10.112	7.58628	7.13469	7.7378	7.84995	8.65971	12.9563	15.2785	14.0588	15.1217	15.434	12.4885	4.6334	7.96392	12.6207	16.5775	17.7156	11.1819	3.85273	4.38532	8.29318	8.97344	10.0174	9.56218	12.4879	15.2432	8.99829	2.13716	10.241	10.9322	6.27498	2.88011	3.66494	10.4301	10.0147	7.1368	4.78933	3.16532	2.67504	0.248549	0.497088	0.175756	1.3724	1.51152	0.785972	1.26722	1.06895	6.57746	18.6783	18.2601	9.41152	11.9114	8.92986	7.80531	15.8105	22.9519	16.2678	1.06897	2.05625	2.3891	1.2301	3.35389	0.527253	5.96438	5.48533	4.78601	3.86476	3.75605	3.31254	4.57344	5.68469	6.44016	6.27498	3.68994	4.47186	8.59174	6.89294	5.41228	5.47422	6.96936	7.78992	2.55738	5.64955	5.79078	5.04725	3.23725	8.02593	2.80984	3.33103	3.37218	8.07078	6.93021	11.1311	15.1074	10.6668	13.9547	8.858	13.9983	9.63072	19.2773	11.3088	8.56385	10.5779	6.09054	7.27092	5.88718	12.5287	11.9594	16.1447	6.57516	14.8556	18.8741	9.63051	12.996	13.6097	13.1505	3.03122	17.5599	19.1977	17.236	2.85875	0.633656	2.77684	7.19378	10.9649	11.1127	11.0715	9.50297	2.20109	8.09884	17.4367	15.6007	14.5014	15.4559	20.2343	11.7056	25.4885	24.3075	2.29035	5.32987	11.802	12.9214	11.5683	22.9327	12.1776	8.3509	20.3687	13.8135	6.04545	21.3185	18.5341	13.6634	15.2779	18.3368	10.7368	18.8212	16.7819	4.84951	10.1819	9.75495	2.36328	2.22201	9.0628	7.13233	8.93663	3.35407	10.3287	6.45405	5.63063	3.9433	16.4957	9.91909	13.6481	20.4928	4.92155	11.5724	15.14	11.1547	7.27114	4.00908	4.54982	4.88422	10.038	1.5116	3.16527	4.1296	2.11543	10.1412	16.7097	16.0262	9.12392	2.00314	4.22511	7.95255	6.80409	7.10033	9.06439	1.33825	4.56335	6.09828	5.97717	2.00316	9.06313	11.565	13.9467	10.5987	3.86476	2.00306	2.35664	2.28366	4.43735	4.94028	8.40494	5.64162	4.09597	7.35176	14.4737	14.3267	6.02519	3.07146	2.74323	5.95673	5.80144	5.50183
4.81443	5.04697	4.78564	3.3766	3.61826	3.3766	2.13695	1.27917	1.7569	2.90658	5.11017	7.2372	8.15021	9.12313	9.7603	13.6472	14.2919	8.27637	6.49349	10.4629	13.37	8.93614	9.89319	8.75531	10.7359	9.46953	12.6494	8.71903	6.69604	7.17426	7.09992	8.58936	10.4464	10.0891	6.9186	4.57296	2.44633	4.83663	10.9381	12.3046	11.0388	12.1338	13.189	14.0423	12.2053	6.75242	7.0996	16.894	20.3534	11.9298	6.2159	2.38901	7.51544	9.58174	12.6391	13.8126	14.6665	15.7872	12.4276	4.93985	6.92914	9.51135	8.27779	5.48454	2.28335	5.90749	9.44428	8.757	5.20205	3.88411	4.09554	0.785903	0.896037	0.555731	1.73914	2.04852	0.633632	0.497071	1.61983	6.03726	18.5493	18.482	9.06346	12.9491	9.03706	8.87857	17.8199	23.3452	14.6469	0.946322	1.1251	1.50121	1.86754	1.65741	1.59099	1.59097	1.66677	3.86041	1.1251	2.31026	1.73035	3.45755	2.90658	2.04852	11.2489	4.76967	6.58598	9.23989	9.56181	11.2765	5.95633	2.59306	4.12919	5.82193	6.34451	2.29013	5.43992	2.6108	7.05685	5.45103	3.14066	6.75884	6.66188	10.0655	11.3494	16.728	12.2399	2.49606	7.67457	6.55827	10.8737	16.9891	5.87133	11.6728	11.1932	13.0449	6.65039	10.6347	11.275	13.1394	12.4542	4.47133	11.1117	10.4123	1.61975	14.4042	8.59092	11.3255	4.84893	3.47507	4.54936	10.0888	9.14768	8.51944	7.41458	7.24329	10.0888	7.78958	10.5694	11.6476	4.1105	2.90643	10.7095	10.6354	9.52585	24.1874	19.7168	12.2529	30.6648	24.6445	6.89892	8.20508	15.8037	13.358	15.6342	19.1406	12.991	11.0228	14.0182	16.9942	18.0149	23.099	15.7226	7.17426	8.1428	19.3064	18.0957	17.8888	3.75572	10.6475	15.5056	9.3747	6.49328	3.79638	11.4493	8.88909	10.0873	8.92954	14.3136	10.2706	6.36366	7.81034	15.5626	9.46309	20.4225	16.0804	15.2462	17.5447	17.7199	15.1386	9.17049	9.17034	4.23929	2.29015	7.37342	5.82975	5.98435	11.3801	14.8392	15.9144	17.0821	18.0446	13.688	8.07228	5.96404	4.03899	8.90581	9.97067	10.1282	4.60318	7.54544	4.2138	5.97639	5.49845	4.46469	5.1102	4.1698	2.51465	3.97802	4.30027	1.96411	3.0663	8.03874	11.5678	9.04421	6.23298	5.74553	8.58074	10.1005	7.31978	4.88985	5.32966	8.32525	6.4396	4.38505	8.04811
3.94273	4.86133	6.41998	6.69763	7.47868	7.3483	6.53242	4.22427	1.37214	1.37221	2.00278	2.36283	2.7316	3.92321	5.41149	10.1231	14.0529	11.5452	8.09942	10.5013	11.3789	9.98922	11.1738	10.3502	9.87413	7.03724	12.8024	8.03771	9.2907	11.5452	9.14675	9.23415	8.6598	9.50141	8.38873	5.60775	0.555657	4.98843	8.40318	10.9573	8.87827	9.13042	9.27788	11.5666	13.3089	11.2575	8.4194	11.8208	19.3338	13.0643	8.67326	4.62899	5.0191	8.2043	10.4324	13.125	16.1994	16.0298	12.8991	8.41924	2.28993	6.58548	9.56053	8.65783	5.98355	1.93221	5.01308	7.58482	8.29541	8.06003	5.70206	0.785822	1.02454	1.22987	1.96383	2.13675	1.61969	1.75672	2.68604	5.92472	16.5403	16.6599	11.4545	17.5237	10.4505	10.5643	18.1496	23.3429	13.8944	0.351441	0.878522	0.39293	0.633566	0.724493	1.12506	1.57135	2.13675	2.90617	4.58914	2.20076	3.16474	2.05586	3.68926	2.22165	9.2952	10.0351	13.2969	10.6468	10.702	4.31412	4.88329	5.36336	4.09519	3.03064	2.10772	0.392913	4.39835	2.74844	6.8209	11.6319	5.17479	6.48343	6.45541	2.65728	1.86734	3.51442	10.1185	12.7572	10.1758	7.65573	0.496993	10.5507	10.3502	2.11496	6.72902	3.40797	12.332	9.85612	1.93221	2.38873	14.7272	19.783	11.9033	6.48339	11.2484	5.70497	6.64974	3.61363	16.9153	21.1856	20.176	17.4449	10.8074	7.1693	6.18622	4.95781	9.19351	3.20327	14.1282	10.7015	3.16467	3.65169	3.38975	0.878544	6.84057	20.702	18.4329	18.9668	25.179	9.74056	8.73898	3.78784	14.1765	14.9557	10.7634	10.0821	23.0528	24.1866	11.7022	2.80931	1.11124	16.3591	14.1062	4.96097	5.74494	6.55078	4.5625	3.60068	7.04779	12.8272	5.3972	14.6654	18.8634	18.8656	16.7913	7.59275	7.99626	3.55361	10.0643	11.0441	7.52091	7.91119	11.585	7.89053	13.7863	6.8209	14.0739	14.9017	12.2133	13.9499	7.29263	8.04716	1.89194	7.75184	12.8547	12.9095	9.58723	7.73419	5.27128	5.95318	8.89656	13.9581	12.0563	5.15721	2.74285	3.88388	5.82128	1.37221	8.01141	5.32886	6.28366	9.09592	5.37468	3.70163	3.40793	2.12233	2.53272	2.20076	0.993963	2.1725	2.74833	3.51014	6.81173	5.56686	6.99395	14.5498	8.76098	7.75582	5.08258	2.11496	4.10658	4.87077	4.67849	4.74664	2.45861	3.16458
4.15818	4.00033	5.33718	4.98207	4.48094	5.5391	7.71021	8.54741	5.25929	3.50984	3.65137	2.28297	0.946096	1.37209	2.04825	4.95735	9.37757	10.3721	8.23112	11.0296	9.85526	12.5914	14.4976	13.6722	9.94971	7.97707	14.2762	10.3378	13.269	11.8806	9.80699	10.4611	8.88242	10.3872	11.3052	4.63184	3.07075	6.18779	3.17892	8.04628	6.31216	6.56673	7.41318	9.4991	12.5739	12.66	11.1163	7.60982	16.5786	13.8869	8.39135	7.41674	2.77607	7.00192	8.38258	9.63541	15.0141	14.2361	10.9401	12.2834	6.21485	2.80904	8.05934	10.2035	9.42317	6.02343	4.06865	5.20107	7.39055	11.9387	8.67238	0.745388	0.785753	1.59066	1.94	2.68016	2.98955	2.77607	3.89532	6.48282	15.6056	17.0781	10.0513	19.466	12.1163	11.3052	17.3163	22.4598	15.368	1.02439	1.75651	3.40761	3.22697	1.57112	0.785709	0.392873	1.75645	2.28969	5.92418	2.74804	1.57121	4.91068	4.09476	3.16429	5.71787	7.28368	6.41674	0.785709	1.33786	5.79949	10.3474	7.92586	10.9398	5.05808	4.38415	4.00033	6.41915	4.18365	5.98322	12.8631	12.3161	1.86705	3.07056	5.08509	3.52716	5.50025	12.1264	21.241	13.351	15.4439	8.83654	1.83376	4.03836	9.51323	16.1137	12.7091	3.22222	2.85787	5.82067	17.1491	18.7421	22.8235	22.1706	8.02359	8.27614	8.8769	6.19266	19.0561	18.0894	13.6722	10.7868	16.1214	11.5237	9.37137	4.56205	12.4801	14.935	11.1911	17.3481	13.6894	4.4706	5.53079	10.9619	14.8746	15.1992	9.91638	11.36	17.4822	12.632	5.97548	12.5914	14.3876	5.82067	10.4542	14.4819	11.9475	16.8649	12.0069	18.7403	5.49767	6.87548	12.9178	11.4083	8.12823	9.54291	10.0328	6.80257	2.83084	6.683	8.73259	13.6699	22.1896	16.7415	7.46388	1.93998	15.1773	19.4938	20.1427	22.9245	21.6522	15.3869	5.88582	7.41267	8.36098	3.61733	12.8262	7.07312	8.87751	19.8232	19.9645	15.2039	13.9595	11.3161	13.4912	5.01871	10.1744	1.58095	8.90773	17.4366	21.4542	20.351	16.3404	11.6221	8.99612	10.5639	8.8876	6.34298	10.9292	12.2458	15.1486	3.77924	5.0185	3.07056	2.61034	4.41536	2.28963	1.26679	2.85801	4.71723	5.33718	6.99752	3.31141	9.66618	8.95735	4.00006	18.4715	11.5092	2.63364	2.13659	4.39813	9.96156	10.9014	4.94817	5.56354	5.78126	6.69705
6.82844	3.6172	3.61718	3.2786	2.61004	3.55295	5.75969	9.25658	7.71526	6.72794	7.58342	7.73282	4.09448	0.745324	0.745363	1.80827	3.61718	5.31944	7.70945	11.9854	12.1876	12.6588	13.6217	14.7666	13.4183	12.3813	16.1487	12.7134	10.4391	7.63875	7.08299	11.4461	6.36897	13.3877	11.5829	4.71675	7.77957	6.97976	3.61294	5.45523	4.60182	5.60697	6.07599	6.18505	7.62498	9.32259	10.7165	7.20575	11.7679	15.4095	8.27365	9.78133	5.05745	6.82171	9.12674	10.137	14.5316	13.2076	8.60776	12.024	12.217	3.61706	4.43915	9.30784	10.5512	10.6443	6.18724	3.61294	5.35942	13.1716	12.3983	2.483	1.66629	2.11462	1.61936	1.37195	1.41617	0.895778	1.9398	3.40728	12.9424	20.2483	13.9493	19.342	13.1278	9.19661	16.3569	21.3941	18.2316	4.62814	1.12479	3.12487	1.57098	3.06531	1.61936	0.745363	3.66344	4.38376	7.87735	5.71701	0.633445	5.70098	3.84727	4.09441	2.04795	2.77576	5.41047	6.08843	2.43933	6.36866	10.1151	9.89458	13.1278	5.3961	6.68264	4.91038	5.15331	11.1505	9.59935	13.0621	11.187	1.96348	5.1085	2.73094	6.80159	7.07851	5.65832	17.7014	18.4709	10.8095	12.1501	6.34031	7.85659	11.6483	1.86699	10.7257	14.7578	11.3976	16.0561	11.0869	6.42354	25.4393	25.2324	10.8311	13.5191	10.0845	8.96994	20.1891	15.4192	21.6361	27.7278	24.791	16.2755	13.298	16.4773	20.5612	14.777	16.6765	20.6801	19.0001	8.43883	7.88681	11.4575	10.1738	5.20929	8.56063	15.9971	14.2555	5.17404	8.17872	5.44952	6.12567	8.85424	12.0676	12.2719	15.3669	21.9453	20.6222	28.1355	16.9195	18.292	17.0356	7.84694	7.91534	9.40347	11.6438	10.2562	6.27258	5.40742	6.8018	14.6702	11.2458	5.15331	14.099	18.2323	20.727	16.9385	7.88715	8.43713	15.0652	12.0528	2.11461	4.38365	8.55173	2.13638	13.5504	7.94955	12.0541	8.34776	9.12011	3.89495	3.86338	8.41757	17.8345	13.2796	12.6173	6.49162	8.31716	9.39072	6.43772	5.68253	0.351374	7.57741	11.1083	4.94748	2.83061	11.4522	12.0346	6.55658	14.7046	5.45512	2.36225	5.32807	9.84081	10.6406	8.5046	7.02081	5.10268	3.84747	5.39637	7.87359	5.86946	9.57258	10.4613	9.33348	19.0989	7.27222	6.66668	4.38371	2.72533	9.14133	6.18751	9.74963	10.4302	7.03562	3.65099
12.3566	6.14504	3.92212	4.38332	4.31292	3.96879	3.87483	6.97881	5.96155	5.26997	4.49034	7.92422	7.33992	4.93483	2.4579	0.785559	1.12474	2.60981	4.70332	8.19304	10.0206	9.14425	8.64364	10.6619	11.3966	10.2438	11.9647	9.19122	6.65942	8.04484	7.31748	11.123	6.48155	13.9458	10.3455	7.6145	8.28778	9.62643	8.55121	6.36833	7.73421	8.55133	7.20518	6.01496	3.85894	3.2359	6.45363	10.2552	4.38315	13.8196	11.3176	14.1725	8.79234	5.44077	9.35965	11.5212	13.9101	12.5826	7.33363	8.38824	14.0296	11.2762	4.28086	6.54887	9.27473	13.4216	8.75315	3.12476	4.33062	13.2062	14.494	4.41452	2.89484	1.11093	0.785559	0.175672	2.05526	1.50064	0.724265	2.3881	8.92918	20.1235	22.7282	26.083	19.6244	5.40968	15.8578	20.3864	18.9244	7.46201	1.17825	2.10712	2.36217	1.17825	0.945961	0.878322	3.86278	1.7296	7.67116	6.43201	0.175672	5.85062	4.31268	4.0678	3.68829	2.72516	1.02426	3.37525	5.15576	2.94216	6.85663	12.5646	7.38904	6.74942	6.93309	6.18658	6.14477	9.91487	12.5833	12.9048	7.06948	3.334	5.12894	3.20241	4.33042	7.29856	3.32932	3.72137	4.78382	8.81954	13.4666	7.19675	4.98408	11.5362	7.80209	15.1883	11.4715	9.50149	21.1124	12.2354	26.6549	29.786	18.2105	9.29283	11.4719	4.46963	8.1171	9.85297	10.1541	13.3363	18.2188	11.2512	2.67965	3.16386	19.8722	23.8999	14.0289	15.8665	21.3137	18.8578	8.76521	8.1171	11.5023	13.6823	19.1237	15.6543	5.43246	3.2262	3.17832	4.10525	9.42328	12.0051	17.5387	14.3263	9.4355	15.0694	6.91567	20.8262	22.0899	8.30951	7.09739	4.24493	2.13618	8.7156	14.7032	2.22094	11.6884	4.41452	10.2438	9.7262	14.5402	12.2612	14.5493	16.543	14.0005	4.90989	13.1841	22.822	25.2003	25.2145	17.3989	10.3673	7.70106	2.13618	3.0651	7.62795	9.33277	8.55953	5.75917	11.5213	7.18378	0.785559	4.98079	9.652	7.29645	2.98381	10.4482	13.7205	12.2859	11.4887	12.7272	9.43609	8.58625	13.819	14.0933	2.8085	12.5825	9.4214	13.4509	11.6136	0.248428	2.85746	4.35505	4.50727	5.53805	4.57139	5.98208	8.35268	8.51623	7.90366	6.69344	3.16377	7.51245	11.6877	13.3912	10.0494	7.77891	7.90928	6.33936	2.24862	10.4942	8.1582	9.06532	11.2133	7.90312	1.26662
13.1419	7.17271	4.33021	5.53754	5.33853	3.17801	3.40651	5.17283	4.41417	4.26964	2.68507	5.56475	5.42901	5.96103	5.22571	2.00194	0.555445	0.895607	1.73841	2.04765	2.7418	3.84674	4.09384	4.16799	5.77962	7.85684	10.7623	10.5927	8.65485	9.73732	8.5592	9.57721	9.22908	13.9827	13.2772	11.7216	8.80728	8.99359	11.5419	9.37498	11.5205	11.4045	9.58511	7.90821	3.37482	3.16345	5.86852	11.3478	10.6483	6.69255	9.57079	16.0307	12.828	4.00297	8.88817	12.5044	15.5099	13.3286	11.6779	12.77	14.7941	13.4751	8.92528	8.601	8.82398	13.53	10.407	3.46033	4.23725	13.2767	14.8765	9.2293	10.362	8.73569	4.86892	3.01937	2.65626	1.41588	2.98852	2.05515	4.76092	11.27	18.0394	29.3814	28.5686	2.67925	15.7385	22.6076	18.285	10.8723	5.35829	0.702587	0.248419	0.74522	1.37169	2.1432	4.03719	3.29669	6.57143	5.45408	0.633324	5.81882	4.5874	2.04756	1.75605	2.04765	1.2786	0.878231	3.22591	1.06836	3.22114	6.36031	1.59021	4.84674	8.24496	5.80066	8.67	3.40668	5.20835	3.83071	1.06834	3.33369	1.26643	3.54784	1.49019	6.96078	4.09363	1.72951	5.26931	10.9368	10.2685	6.27165	1.11079	13.4528	9.75546	10.4974	13.1423	9.0135	13.5555	16.7213	20.7331	11.9926	4.21531	2.30912	7.9026	11.9877	10.4748	10.594	14.7858	18.8454	23.2932	15.2359	4.57083	0.724199	17.1543	18.4961	25.5568	31.0849	27.9314	18.3933	8.61326	7.87216	10.4287	14.7858	12.1567	3.94105	9.99574	12.3965	9.05974	4.94654	4.57092	7.06879	12.6833	7.96125	12.8874	14.8585	12.5231	17.331	7.04502	9.75568	9.11719	7.26702	5.4711	3.00396	13.3156	12.7418	9.33187	10.4919	19.1875	19.9182	22.2966	16.6421	12.1483	6.28114	6.61082	18.2731	24.7085	25.4985	23.2812	16.3766	5.97389	4.0899	3.92156	6.52986	5.68146	3.55213	7.71373	7.08166	4.71908	9.11839	8.77116	1.02411	5.22564	6.19096	8.75751	8.75251	6.74917	14.0119	8.93989	7.05357	4.22279	4.95585	3.23557	8.94673	12.837	5.36106	10.4282	7.89324	10.9571	0.724216	5.78752	3.68785	7.09631	2.83004	4.31248	5.94584	6.4741	6.30789	8.19221	9.7191	8.88667	5.56496	0.248419	7.17081	6.65877	4.9343	12.2234	10.3348	12.0034	2.3618	6.02683	5.15233	8.96851	9.40645	4.15679	1.37169
10.1835	5.43118	4.87165	8.22809	8.84717	7.87143	5.60524	5.43129	4.3121	3.89393	4.12683	4.71838	2.90477	4.66625	5.53671	2.60919	1.27843	1.48996	0.70252	0.895524	1.06826	1.27848	1.26638	2.11402	3.86219	6.08673	10.3895	13.5125	11.7653	10.5794	9.37411	8.26429	8.04341	11.9735	10.8919	11.4328	8.13268	8.06772	10.8241	11.4496	11.4903	9.35832	12.0893	11.7074	3.16317	5.25438	8.55816	8.44218	11.7077	2.85692	10.2212	15.7501	14.9335	4.2151	7.43662	11.2741	17.1147	14.5192	12.887	13.3684	15.1002	10.5706	7.07045	7.4205	7.6994	11.6975	10.2645	2.9883	3.55197	11.5571	14.3385	9.84564	9.57044	10.8283	9.97713	7.31405	4.76702	3.33796	3.66238	2.99864	3.10933	3.31015	7.90742	25.4417	32.0135	14.2359	10.124	24.2948	21.3315	16.24	12.3774	3.44653	0.72415	1.12445	2.28884	2.67914	3.69998	3.37467	4.26907	3.61595	1.05371	4.15636	5.2573	5.48173	5.15193	2.65602	1.37157	1.66575	4.26907	4.04827	1.58035	5.60514	3.71642	2.17146	6.06641	1.02406	8.34526	2.77486	0.175638	0.8955	3.55178	5.08316	4.26926	2.46368	7.82373	7.37146	0.895524	5.17553	6.82645	7.68353	4.65645	5.98095	10.3434	12.1166	14.8427	8.721	3.89377	9.80879	7.44692	5.58364	10.124	12.6414	9.47656	3.99874	2.4385	10.3948	17.3551	14.2219	5.45374	13.2983	20.6236	12.8481	5.39452	2.23431	11.2427	14.3558	19.7817	16.2677	9.74723	2.67324	7.02522	7.7288	5.0441	6.11136	2.83528	10.5635	10.651	11.8058	12.5256	14.8459	5.49829	4.04816	11.7906	7.34653	9.22953	11.0164	15.3047	7.46097	9.40556	12.9171	11.1805	7.58133	10.1958	13.1763	11.0206	5.39478	5.12806	17.326	10.3562	3.72059	15.9963	11.4248	8.37443	11.816	17.8916	19.6217	12.7991	6.04416	5.25744	3.29622	7.68369	10.6956	10.171	8.31498	8.60024	12.7778	14.7953	6.74824	6.80887	6.50831	6.43079	2.30894	6.04387	4.15636	7.43646	13.2466	13.2988	17.4047	9.98423	10.4925	12.4201	10.6709	9.03412	10.6237	7.4668	4.0671	3.13869	6.22986	5.65133	4.60024	3.23506	4.52314	6.30933	2.38764	3.8464	4.2405	4.81168	4.09349	3.61602	0.248398	5.64567	6.16344	6.52935	4.93389	3.92122	9.03364	6.18544	6.78841	14.9052	3.72059	5.77887	2.85686	8.12489	6.65783	1.65656	2.19973
4.32918	5.94207	7.46026	10.3328	10.9527	12.6961	11.4535	9.33012	5.64542	4.38209	5.98525	5.26828	3.44622	4.78551	5.31727	3.86181	2.65572	1.96273	1.40469	0.175621	1.06813	0.702453	0.392705	1.17797	2.60905	3.7286	5.8493	8.95862	9.73098	9.85059	10.4493	9.11708	8.19067	10.6586	8.35742	9.91191	6.69383	6.52878	7.99024	10.2049	8.17421	6.2048	13.3013	14.8634	7.60633	7.24687	9.69402	5.32608	13.5106	3.22052	10.5834	15.3036	15.0728	5.39406	4.50597	8.0257	14.2777	13.3069	8.24901	12.5388	15.7488	7.88576	3.7286	4.1672	6.49139	9.59541	8.27232	3.8498	1.86628	7.58817	10.2204	5.61286	2.65576	4.06671	7.03535	7.03325	6.80817	7.907	8.04269	7.90136	7.2885	4.22199	3.55143	21.255	30.0616	19.75	2.30868	19.4848	20.2696	15.5986	15.3311	6.65724	1.24167	2.51288	2.05469	0.248372	0.94565	1.75567	1.11057	3.33305	2.8295	1.22917	3.7162	4.32936	4.48902	6.78792	3.23478	4.09292	6.22891	4.93326	4.38199	2.67874	6.43495	1.76443	6.11082	3.17741	5.15115	5.88296	8.65323	7.71641	1.73808	5.15419	5.12756	6.6185	3.33766	1.37135	8.04244	6.80817	6.58421	6.99862	3.59882	3.72024	10.5611	10.1743	19.8983	9.95684	11.1689	15.4668	7.75336	8.85091	6.54737	12.9512	12.0966	4.95491	2.00161	3.44622	16.4185	18.343	18.8359	19.1904	12.3951	6.58408	9.608	6.8258	1.98609	4.71813	7.68285	2.13553	2.99824	11.7735	17.5496	18.5388	18.27	16.7206	7.29678	10.3881	11.0151	13.6632	7.87456	16.6252	8.71309	8.28707	10.5613	4.35385	5.70155	1.41559	5.88275	6.95754	12.1743	1.26619	10.0335	6.02569	13.8614	13.7668	11.3548	9.93427	2.68451	13.2278	18.35	26.4658	27.1492	20.7251	18.0104	17.6885	13.2628	2.98801	6.64611	8.27264	5.40559	6.70036	9.18834	8.384	9.09728	10.3372	11.392	10.7944	21.2556	11.0682	2.74676	3.45967	7.09521	5.74168	6.33532	4.74393	3.37432	2.74676	2.87806	6.64597	13.0443	7.89175	2.8077	3.72036	2.49442	6.43029	4.09307	7.96575	8.28707	5.24797	1.72912	5.15115	2.87792	3.87369	7.18201	7.85363	5.71509	4.71816	7.89175	7.51058	3.06912	8.49963	10.0765	5.32599	2.00156	4.03653	5.77852	7.50029	3.78559	8.26339	13.8529	4.38192	7.0094	6.09366	7.23838	5.63706	2.05476	3.61582
9.36752	8.28992	8.75016	10.9942	10.359	12.9501	14.0429	13.6276	8.199	8.28455	10.4425	8.37609	5.4526	4.74341	5.60413	5.43022	4.04736	2.72408	2.72408	2.28168	2.22015	2.234	1.96258	1.1778	0.785291	1.44777	2.0014	2.82929	5.04307	7.42913	9.58087	9.48114	8.90257	10.8586	10.4483	11.9214	9.77716	7.37007	7.75257	9.2331	8.72801	6.43462	11.8329	15.2612	12.515	11.1323	9.8133	6.18947	15.4433	8.19881	8.66748	14.926	15.3887	7.68787	2.48192	6.13261	10.2842	11.1305	8.73965	12.742	16.2545	7.73084	1.57029	2.28164	6.81608	8.76868	7.01722	4.93275	1.57029	6.91953	7.91155	5.20656	2.82916	0.633138	1.79025	4.09257	4.62611	7.23161	9.58087	8.54798	6.6568	5.12703	2.28168	19.0213	27.4097	20.5917	10.869	14.5432	20.0686	13.8588	16.6063	10.2886	3.52956	1.75549	0.877928	0	0.248346	2.3546	1.89066	2.81287	3.7157	1.61857	0.945586	1.75544	0.555282	6.26956	6.19902	4.74341	6.87792	5.7408	3.16252	3.12352	6.4036	1.26612	5.2996	6.42986	3.26297	1.93091	7.50971	8.35656	8.59825	2.77444	5.48335	1.1778	4.62611	2.6088	8.04899	4.07762	5.48038	4.58605	7.17062	9.72996	12.5839	10.0814	9.56961	4.58629	4.62608	9.77667	1.729	12.9262	6.82491	10.6779	13.802	3.01833	2.72976	5.29394	7.36971	8.92586	9.31814	3.55123	10.1209	19.3123	21.2892	16.2753	7.20228	6.42986	8.38502	4.38503	1.49999	15.1085	19.0129	6.82506	8.41354	15.3596	3.64905	9.11081	10.6944	13.2912	10.8217	23.6808	16.2906	10.3318	2.05454	7.62132	10.7894	8.54798	8.92269	11.3601	7.71156	6.47188	12.1444	13.0238	16.6566	5.6014	14.0651	16.9188	13.8861	16.121	19.5464	18.8931	9.95582	0.70238	4.8455	5.01573	3.79343	10.4255	11.4115	11.8515	7.04317	5.98975	7.02792	6.85372	9.84926	5.49427	6.55365	18.5013	23.2665	12.3341	5.94146	4.38501	3.12352	7.9574	5.07929	5.0429	10.4552	14.2409	12.3521	10.5228	11.3097	12.9498	10.0047	4.90812	2.36123	6.19919	8.84536	7.11158	9.2069	8.09191	4.39209	3.32805	2.53088	1.0535	2.00135	2.98263	5.62584	5.01562	7.71523	6.53273	11.5626	11.1886	9.57	12.0477	16.9708	17.5575	12.5888	9.08988	5.17447	7.34309	11.624	6.4036	3.16258	6.85179	7.74671	3.52956	2.60867	1.2415
9.28844	6.67885	7.68152	10.8453	9.12357	11.1838	11.6484	14.0374	7.88269	9.36672	13.3551	13.2872	9.39662	6.08497	6.55297	6.89499	4.743	3.29544	3.7647	4.00145	3.5509	2.24753	2.13512	2.49394	0.555251	1.24139	1.11036	0.39263	1.26601	3.01822	4.76562	5.46903	6.10245	8.28917	9.59396	11.9205	13.3885	11.8409	9.46148	8.54725	10.0408	8.6516	10.4204	12.3332	12.2651	12.3745	9.41107	6.33671	14.2481	10.5901	8.41291	14.1551	15.6252	8.19794	3.02833	5.08173	9.57194	11.3174	10.1808	12.4206	16.2659	8.90141	1.51016	1.96235	7.79218	9.56879	6.92342	4.38463	2.51238	8.84925	8.34296	4.32839	2.49394	0.351173	0.993153	2.04687	3.35087	3.45902	4.46766	5.64436	7.03402	7.23713	4.54569	14.8102	24.1692	20.2422	17.2015	7.92984	19.9287	14.739	16.6382	15.7887	9.7928	2.46299	0.633052	0.723923	0.555234	2.2814	2.60857	2.94086	1.86582	2.24753	3.7931	4.76557	3.49429	2.85593	5.37061	8.22565	6.75324	3.49419	0.175588	1.96233	5.31642	6.3174	1.02372	3.68645	4.29649	3.71959	8.02606	6.33668	11.5538	4.63883	1.80723	3.93957	1.41536	4.6255	6.50655	6.64486	9.62915	5.32504	14.6622	11.4756	12.5323	9.93249	3.69888	9.66491	10.4474	14.9437	5.20025	12.3035	10.929	6.14189	12.5367	10.4882	6.06502	6.65623	5.82474	3.77688	2.46299	2.0543	14.8159	5.72176	15.042	14.9022	1.98581	10.4545	15.4243	11.4805	4.06593	10.576	21.0289	18.773	21.552	21.5046	11.8409	12.8056	14.5499	11.3985	18.4189	24.2118	9.2515	1.96239	9.66616	14.86	15.9327	16.0758	11.4118	4.23926	4.90757	11.2982	9.43592	13.5503	14.4612	13.7142	12.9487	9.58595	5.19757	5.04263	2.90396	8.27109	9.0316	8.35585	9.41107	14.0064	15.3891	11.1522	2.85603	11.5373	6.82441	5.60092	6.58296	9.32853	15.4351	14.5193	18.0369	23.1388	16.9004	7.46485	5.04263	8.22537	9.03616	9.81712	10.611	5.48287	11.1308	1.24139	5.59267	9.19835	14.4558	13.3551	6.99308	1.27807	2.90408	7.29741	11.7681	9.88481	9.74416	10.2275	8.80397	4.21393	2.85603	1.8326	3.23417	3.66135	5.12652	7.07474	13.9859	13.5436	7.27881	4.35302	4.58589	9.38562	10.5595	9.20636	7.72634	2.91991	3.1623	5.40435	12.3914	8.11517	5.01839	8.17449	8.42016	5.4523	2.63782	0.945504
9.1614	6.21022	8.88224	11.6157	7.26353	8.92409	10.5929	10.0246	6.43341	9.12095	11.8298	16.5671	13.9405	8.26666	9.27794	11.1287	8.07005	4.70057	3.84884	3.61474	3.6819	1.93849	1.96215	3.33668	2.72356	1.89023	0.877761	0.526696	0.702246	1.0533	1.41524	2.00105	2.98206	5.04211	6.7995	7.85134	9.1731	10.2769	9.35148	7.28637	7.342	8.06457	9.91355	9.8251	9.97333	10.5934	8.9009	6.48966	12.2031	12.2092	9.81162	11.077	14.0529	8.98721	3.87258	4.33513	9.6789	11.7961	10.593	14.1647	16.3599	8.48805	4.84458	3.64853	7.81259	10.7323	7.01589	3.49393	4.62502	10.6759	8.06236	1.86563	1.96219	2.28795	0.895154	1.96213	2.19886	2.14216	1.66516	2.2473	4.87908	7.83785	8.26666	8.86864	17.2985	20.9683	24.2216	7.43361	15.3889	17.5199	16.218	18.6111	17.294	6.65534	1.27798	0.723865	0.723865	2.36078	4.08811	2.98206	1.24124	1.72867	2.81235	4.27835	6.56853	4.26757	1.50993	1.96213	2.89308	1.56992	1.33689	7.00736	7.88953	10.948	7.9197	0.351136	4.71663	2.55468	5.25536	8.88917	10.2537	4.67445	4.87891	3.66097	5.9709	4.56862	2.72909	3.52874	7.12901	8.22481	13.1587	4.81926	7.17969	11.9187	11.0637	5.64368	8.76697	17.6399	8.54604	8.71077	11.9326	9.04024	10.7328	17.6103	6.87012	3.69853	2.63753	2.63753	3.91971	1.61821	13.7427	15.8183	23.9889	17.1716	11.9041	17.3851	20.6721	21.1987	12.943	1.24127	11.8147	14.5994	17.5881	12.5311	7.55246	12.293	18.0705	12.6274	14.961	16.4542	12.1462	7.40948	12.1421	13.5068	7.50829	6.96185	11.0637	11.8396	15.3929	12.4151	5.01787	12.5202	9.29517	5.77681	12.6812	16.0929	9.73863	1.50993	2.98707	3.55056	6.95776	7.64949	5.0903	2.63754	3.57633	4.08792	11.8934	10.4235	3.37319	0.877782	4.18067	3.99722	7.70413	8.87563	10.6761	10.5581	6.31675	6.40269	5.22338	7.0929	13.1192	7.0673	6.61657	4.0047	9.2522	14.9287	14.3334	10.4871	9.40991	8.396	5.93786	6.55207	8.71089	9.79189	8.31176	9.47279	8.49886	9.49655	10.1494	3.7192	2.21973	2.10589	4.23503	4.38064	5.05405	1.93851	1.93054	5.65452	9.12264	11.3426	11.8114	13.5337	15.7318	18.0054	19.027	15.1926	11.7718	2.8287	13.1137	9.02858	5.881	8.22481	12.9788	13.0539	8.80307	5.15268
11.7694	8.80232	11.9971	12.2838	5.08989	9.12631	13.5225	5.40613	9.49561	12.5911	12.6494	16.9037	15.8691	9.97989	12.2629	15.6469	13.0129	8.98688	8.49821	5.95764	3.82842	3.06307	4.59833	5.32403	5.15232	4.20938	2.28773	0.94529	0.632932	1.02352	0.632932	0.351106	0.877728	2.00087	3.55025	4.24208	4.47708	5.32403	5.77647	5.40637	5.25491	7.0306	10.5255	10.703	8.76666	8.03407	8.16736	8.41148	12.2449	13.2243	11.9876	8.00221	11.2634	11.4437	4.3838	3.88019	9.26235	11.6208	8.80195	15.0019	16.3536	8.37569	8.76666	7.34344	4.88476	11.6359	9.18489	4.66429	6.9916	11.7852	8.65133	2.63732	1.41511	2.51193	1.37083	3.00225	2.60797	0.392555	1.06773	0.877706	1.65576	3.93896	5.9705	5.81576	6.09105	13.1576	23.1519	20.2727	3.27602	15.2349	10.1004	13.3362	20.0343	10.92	2.5303	2.24711	1.86556	2.11301	1.24118	2.00079	3.22407	2.74571	3.1762	1.65576	2.17043	5.33522	1.44737	4.42211	6.1235	3.33638	4.55481	7.91139	1.89013	7.4227	8.74747	3.40457	3.51108	3.68158	0.392539	2.55446	6.01087	4.46663	6.09105	3.61003	6.25574	1.33677	5.69939	5.08978	2.11299	4.84391	7.06469	6.8056	5.27791	11.0123	12.9895	9.36497	18.3364	18.8561	7.29391	4.88489	6.52625	15.4392	12.2838	13.5817	9.74213	1.50987	5.5618	9.53479	10.2185	5.58095	6.89379	9.26434	11.7951	6.06359	16.085	20.3741	5.81551	17.6284	12.8423	4.62462	4.58478	1.27787	6.64348	7.8831	6.31634	7.17908	11.7852	11.3466	3.20027	12.6768	20.8991	18.8404	11.3929	9.97198	11.542	23.326	24.6438	16.345	3.37304	10.3562	15.0279	14.1849	10.486	6.20977	4.84409	12.1063	11.4437	4.04628	8.47001	11.0433	11.3976	15.5019	15.3307	7.74814	10.6369	14.6241	10.7781	5.01419	14.3727	16.6324	10.5437	6.18037	5.29814	2.28775	4.50426	10.7851	12.5749	8.64998	7.03269	0.248277	13.2	12.1495	2.85554	10.0902	6.6547	7.33507	5.1138	5.08978	13.0617	15.2279	7.49575	10.218	5.25176	4.56832	9.13489	9.78648	6.91137	11.5911	15.9922	12.277	12.4619	13.6744	13.4797	12.0456	10.7085	6.67772	3.71876	6.8829	8.46116	7.17922	1.96196	8.41328	13.5274	14.1641	11.8447	7.04137	11.1	10.6906	12.9939	10.3842	8.00387	9.81492	0.94529	5.53413	6.43252	7.898
11.799	8.60752	12.9684	8.74688	6.20155	11.2623	13.4406	1.49942	11.0138	8.19573	8.11316	15.8465	15.5459	9.83546	11.634	15.7728	15.0922	12.6253	15.2597	15.252	7.00603	4.46635	5.95716	5.97747	6.03796	4.43184	2.98657	2.67181	2.67181	2.28077	1.06762	0.744678	0.55507	0.55507	0.723727	1.48918	2.53004	3.21911	3.22386	3.49326	4.10602	5.4507	8.12791	10.3835	9.16003	8.51138	8.82849	8.637	10.2807	10.6413	10.4909	8.98761	9.18406	12.5594	4.80871	3.33605	9.13355	11.6385	8.88038	13.6588	14.0353	9.51509	10.0762	10.6454	6.0306	11.2623	11.7344	3.61405	7.52287	12.4451	11.0578	5.95703	2.44342	2.6077	3.66028	3.64784	5.94935	2.6312	0.784959	0.877593	1.12381	0.784959	0.392498	6.46725	10.1768	8.9142	15.8471	23.5096	7.2681	15.3423	10.4058	11.184	19.023	11.9409	2.05376	2.72872	3.12233	2.59006	1.73724	2.12009	4.03449	5.86441	2.77327	2.81182	5.93921	6.64279	2.98658	2.48093	6.20155	0.632896	5.66674	3.36798	2.51174	7.88198	6.89068	3.16131	4.13572	3.68535	0.496493	1.76356	5.3147	7.64771	5.58009	5.93643	6.20884	2.60767	6.95615	3.52378	3.77577	2.51172	5.24565	10.3152	7.42633	5.84619	8.92234	8.60577	14.103	11.3399	2.93991	3.10751	5.17231	10.6312	11.0316	9.28105	5.71236	13.5756	9.41921	6.65408	8.30312	8.35342	6.07067	1.06763	9.56491	16.1152	10.0541	15.3861	17.233	21.8821	13.3265	5.86714	5.33185	4.47641	7.60268	13.2912	13.5313	7.33449	2.55413	8.19574	8.7586	6.33697	1.0531	10.9511	3.45784	11.3134	21.3731	20.8537	14.8266	7.57092	14.0139	16.5715	17.7378	12.3088	2.43722	12.9687	16.1999	11.0101	6.66101	12.828	10.0849	1.56962	19.5541	13.8742	12.7894	16.3655	8.02932	3.68528	5.79425	10.5241	11.4668	9.5785	10.6353	2.36033	5.94185	7.42232	7.12588	4.76418	5.44483	4.45929	6.04042	5.35469	10.5576	16.1966	9.73056	11.7247	15.4049	10.2358	7.71271	13.6255	2.73981	12.4971	6.30336	7.40582	8.57967	11.639	12.6994	10.691	12.7807	17.3509	12.5622	5.91879	4.37998	4.88438	5.09828	4.9434	4.93102	5.36903	9.28079	8.32439	1.75486	8.06853	10.3251	10.1171	7.55305	9.74921	11.6702	8.8959	7.17848	1.66479	8.06277	7.44221	3.68537	11.788	13.0955	15.6419	15.1869	10.9139
11.1137	9.9066	10.7229	3.4577	9.80246	13.7296	10.9715	3.2754	10.7157	5.94103	0.632811	12.2742	12.7725	6.42692	6.20123	11.809	13.2995	8.98684	7.50624	16.1294	6.6875	7.87959	12.522	16.5224	16.8285	9.49369	3.00171	2.98639	3.76327	4.2086	2.6542	1.33646	0.555022	0.632811	0.877517	0.555022	0.555039	1.26553	2.34047	2.67158	2.73971	2.49312	3.30813	6.10758	7.60203	9.13318	10.828	9.69348	9.24968	9.18355	8.88674	9.20942	8.11979	11.0182	4.88384	3.74684	8.18572	10.5901	11.1833	13.294	12.9407	10.0224	9.95875	11.5587	10.6886	9.66254	11.5734	3.10716	5.20436	12.1044	13.945	11.3135	9.1557	4.13516	5.42761	4.46596	7.17781	5.60159	3.61374	2.24656	0.702051	1.56949	1.40389	11.8519	11.7981	11.5197	13.4907	23.9668	12.299	15.7005	13.7079	14.1941	20.9846	12.3459	1.89782	3.00171	3.75105	2.9188	1.89791	1.75471	2.85495	6.30299	7.17795	5.17207	4.80829	3.02712	2.98633	3.61376	4.84307	4.48624	4.00359	1.589	1.98506	8.26765	5.3228	1.75462	4.21228	4.48647	3.85951	4.1019	4.72832	7.44157	3.6974	6.50402	6.64222	5.62317	7.17786	7.65328	4.97683	2.89235	6.80402	1.8319	6.11972	5.7116	6.75057	5.42769	9.11007	12.114	8.72379	1.27762	4.77965	8.76985	3.3724	8.12692	14.3461	10.9506	16.1243	11.3118	0.992826	2.28725	4.63698	7.81812	12.9573	19.7696	21.4358	7.97057	3.95362	14.1368	7.80084	4.13536	6.46905	8.94012	9.88533	4.83038	7.26536	7.03119	7.42569	9.05764	11.1976	8.07728	16.4422	21.1199	20.7036	20.5107	13.3148	5.3144	12.827	5.49472	14.6577	21.4203	10.2352	16.5569	20.7165	18.2779	10.7066	6.83282	12.9874	15.6264	17.4471	11.7784	11.6687	18.035	19.8672	9.57779	5.22187	9.80895	10.3129	2.17007	12.9309	14.5179	8.74594	2.35359	3.91874	2.38601	2.72281	7.51838	4.17951	4.73154	9.08542	6.43131	8.41139	18.4964	15.3612	13.7796	18.7002	9.48888	3.54955	14.3884	13.4443	17.8499	10.3242	7.77991	8.50896	9.90653	7.27607	4.91505	7.95333	8.93319	6.83314	11.8525	14.9427	15.7091	13.4187	9.95723	9.07758	8.57199	5.64213	7.69411	5.15135	4.43501	3.51041	6.15926	0.723647	2.46205	7.22791	3.61363	3.99607	4.5034	6.65351	5.87941	2.68303	5.86408	7.66511	9.63963	8.8175	5.19855
18.1382	16.0916	7.3413	7.64629	11.9254	10.0973	9.24554	16.8188	17.6273	11.5488	5.75364	10.1046	9.83029	9.48834	9.9384	12.4662	13.2723	6.42598	14.0803	13.9383	4.23359	13.616	11.5878	10.4509	19.4549	22.2658	16.8515	11.297	8.45871	7.77131	5.7825	2.81128	1.57913	1.24077	1.10982	0.701978	0.526495	0.351002	0.945045	2.00028	2.49286	2.48051	2.63076	3.23277	4.32647	5.33393	6.98549	8.82683	9.7245	10.8891	12.1023	12.5955	10.9923	10.4366	5.72979	5.31385	8.88058	10.4196	12.1451	15.161	16.5614	15.5794	14.5719	15.6151	17.082	11.6431	6.20037	4.47556	3.87108	8.82678	13.8062	13.0225	14.937	10.7545	8.37309	4.62345	7.34932	1.58885	7.36385	11.4981	6.12913	1.83171	2.43675	12.1316	11.9277	4.23343	12.4114	22.6779	10.5403	14.4074	12.3446	14.3631	21.094	11.5521	5.36802	7.23365	7.28363	7.03927	4.86473	3.37205	2.6713	3.52314	4.59679	2.0533	4.67257	3.96474	3.10202	3.85931	2.16984	5.08816	4.48937	7.32684	8.52214	9.10924	2.65393	4.32629	3.16067	1.4147	7.5113	1.33633	2.13412	5.84508	2.35976	2.51117	1.73682	4.7793	4.9579	1.78919	1.98475	1.75453	8.12638	10.8025	8.33931	9.01378	7.6837	2.38576	4.33348	10.9772	10.7816	4.32647	5.19507	2.24633	5.75364	12.2697	17.7168	20.4608	21.7412	12.7816	5.82193	5.94072	8.38232	15.057	20.5008	16.6151	15.8647	18.1288	11.7117	13.401	8.86531	1.89771	3.76288	8.11164	14.5823	16.9865	10.8837	4.35092	6.33601	6.15873	7.32668	12.1034	14.6326	10.7095	9.48955	6.82113	6.20767	11.0238	13.5615	17.1105	1.44695	18.796	20.9223	21.0126	13.2723	4.3791	8.19399	11.5483	9.08477	14.5165	12.1702	5.73754	5.15081	1.41466	6.08185	3.59639	3.52755	5.07926	5.40195	8.41052	2.38578	1.17717	1.17717	5.60101	9.97701	13.4387	12.7996	3.3719	6.63003	1.61759	8.98565	11.8265	5.84538	11.0755	16.1669	15.125	11.2343	6.87402	4.39299	6.92654	5.31385	12.1986	4.03381	3.19928	0.554981	4.24083	6.49419	3.50568	7.42054	7.12419	5.44939	6.65278	2.98093	6.74304	9.36667	7.4955	6.15892	5.35671	5.71128	8.38225	9.56463	6.15892	0.723589	5.18315	2.24644	1.24079	8.40864	6.52419	4.62345	3.77505	3.12158	4.71484	4.23702	2.60729	4.7793	5.7825	4.55339	2.11969
12.8426	12.1692	12.7577	12.928	9.27334	3.38523	9.65478	15.6821	13.3521	10.5704	9.82945	9.79463	6.1212	7.67733	8.54243	11.608	12.2022	17.0958	16.8421	4.06356	12.4753	11.2608	2.28686	6.14831	5.32204	17.4471	18.0204	11.5477	7.57475	8.03639	6.95208	2.72222	2.2801	2.11214	1.02313	0.554916	0.175488	0.175488	0.63269	1.06734	1.41457	1.48877	1.56925	1.65513	1.8062	1.61753	1.75438	3.69681	4.94204	6.18542	7.68326	9.34235	8.74291	7.39582	3.79094	3.50547	7.36301	8.78346	7.33229	9.24625	10.8137	11.175	10.0102	10.4838	12.6172	10.9215	2.2801	6.09873	7.55059	3.60882	9.62377	8.67576	12.5584	11.7177	9.26063	6.7428	8.57892	7.94064	13.564	12.2202	14.4405	1.92964	2.35968	5.87827	12.2449	12.7307	15.0338	20.9645	6.19984	15.9555	15.7056	17.6076	17.0583	5.94504	5.40149	7.52081	5.6006	6.89119	5.22088	3.85889	2.21869	2.89173	6.4442	5.7688	6.30168	7.6515	3.54453	3.89057	3.23244	3.50538	4.59658	7.86475	7.42429	5.22095	3.34879	5.7688	2.0457	1.8315	7.27437	4.90466	1.2407	5.00618	3.54873	1.9376	2.77259	7.32621	7.99918	3.91795	1.10976	5.60861	5.73733	5.11186	3.75034	7.5048	9.32318	7.70654	3.23232	12.1306	10.9266	3.91788	6.41625	6.64777	3.50974	10.1871	17.0013	19.8184	14.6651	6.68645	5.71079	8.30085	8.05904	10.9766	19.7394	24.2031	22.4935	22.8075	16.4944	14.5928	7.3386	2.65374	1.9376	1.86485	5.43235	10.1624	10.7493	7.52086	9.78446	6.2585	6.6135	13.2875	6.46798	4.46498	9.06415	8.47714	6.1161	13.5808	7.87983	16.4067	12.2413	3.999	7.52703	5.17109	3.68018	2.98067	8.65149	8.617	13.0864	18.0587	14.175	6.99334	7.43017	8.57723	10.4185	6.35211	8.34399	8.10908	8.49324	3.76255	7.67523	7.80932	2.85435	5.2032	6.15809	1.73676	14.2003	9.32284	6.67499	6.86267	1.89755	7.01286	9.6178	0.894753	5.98088	5.77428	4.73066	5.55948	1.7278	5.43495	8.13455	8.64632	3.9373	2.87573	6.67499	11.2843	10.9272	6.46783	11.1141	9.95658	9.39765	9.9491	7.3386	15.0854	15.079	12.1371	11.0406	11.394	11.2793	10.9633	10.4415	9.52459	8.30778	10.1625	10.0352	6.6865	9.49191	9.6161	5.01249	4.97589	6.44453	8.37794	10.0965	4.81686	5.22088	4.65266	3.68433	2.51105
4.60591	10.5745	15.2782	13.5826	8.75531	3.47879	10.5383	9.90333	4.65202	4.92901	10.6369	10.4133	4.55597	4.80688	1.37024	10.703	12.5018	20.0552	15.9678	2.11928	15.5758	9.24351	9.18704	5.5589	8.54988	7.23212	14.1218	8.82486	6.20669	10.1088	11.6156	6.29151	3.52244	3.15526	2.55322	1.88922	1.17695	0.554858	1.1769	0.944831	0.392348	0.175469	0.723433	0.701844	0.723451	0.744433	0.723451	1.44664	1.44667	1.78888	1.48861	3.17462	2.43629	1.83136	1.06723	0.554876	4.80681	7.56776	5.49293	5.79452	5.79457	5.6459	5.49031	5.01192	7.01192	11.7561	6.17959	5.19676	8.66098	2.44249	6.95143	9.57959	11.9121	10.7071	7.74456	5.24949	7.84672	9.99718	21.2408	9.488	16.4251	2.14083	1.2281	2.11197	6.79312	13.148	18.2029	22.3419	5.68858	15.9748	16.9118	18.851	15.8283	3.74574	1.96103	5.7734	2.11197	4.63562	4.73015	4.80688	2.30672	3.38488	7.1819	6.78209	6.46471	8.40883	2.67642	0.392348	3.06647	2.77219	2.2799	5.91626	3.54837	1.37017	4.81636	6.61296	7.60576	8.16904	8.30707	6.00798	1.41443	3.26032	5.58892	2.67654	0.248144	6.14032	6.81329	3.68395	0.526395	5.25214	2.77219	3.36687	4.30794	5.12307	5.01177	7.45357	5.9801	12.5467	10.4471	5.28967	3.54839	7.84652	6.782	0.632655	2.44249	3.71703	3.06661	2.7723	3.37126	1.73649	0.248144	2.1192	6.11793	9.18533	6.71934	12.8149	3.06647	1.50906	1.33607	1.57883	3.06157	2.49239	1.66421	3.22249	14.4547	9.26272	2.82705	5.53151	12.0947	6.57603	5.40072	7.95294	7.02914	8.94904	5.01192	9.35846	11.4322	15.013	9.87187	1.10965	2.16938	3.71287	2.67654	3.33017	4.33255	8.80999	11.9331	2.68218	8.16877	10.3209	12.1007	9.1044	18.4014	10.5145	3.37136	5.38941	3.71299	1.50914	9.03015	4.3782	6.02805	4.20736	8.59719	10.0725	16.1773	11.2179	6.12801	5.3214	7.98491	8.23646	13.751	11.833	8.52054	5.49302	5.24345	6.12055	3.6127	6.71943	9.03015	6.79312	7.28817	8.47642	9.90201	6.31546	3.22249	9.15614	13.6851	8.46555	6.27456	10.1087	7.17585	8.40883	8.89237	9.37939	4.81651	2.11928	1.02307	1.80593	4.62237	11.9255	11.3449	7.88508	9.07811	4.82921	6.88808	10.3037	4.04437	2.58907	2.98536	4.15241	12.5018	6.89037	5.66468	4.12298	3.29308	1.48854
8.40641	12.5005	12.3518	13.9805	15.5175	9.56051	12.5733	8.8831	4.12261	3.85812	10.1017	10.112	7.13098	4.56571	3.40257	13.1107	14.1526	17.2244	12.711	4.16323	17.271	12.4637	12.2697	3.52656	11.6642	8.98346	18.4582	15.5723	11.6849	13.3711	21.292	23.0837	15.0493	7.89954	6.09782	5.16716	3.9367	2.63577	1.86437	1.0671	0.6326	0.554826	0.894554	0.701777	0.744369	1.12334	1.26505	1.72753	2.14075	2.1191	1.8645	2.99548	3.54822	2.87533	2.16923	1.17684	3.33444	7.1898	8.61555	8.60174	9.04782	8.72585	8.83797	8.98997	9.46656	12.6281	8.3707	2.10449	6.10501	8.21901	5.59954	12.9391	14.441	14.5124	13.9379	9.92525	9.21068	9.98468	21.556	15.7662	12.4754	2.43608	2.47971	1.96088	4.72955	11.7524	16.0614	23.5301	9.69687	13.8359	13.7751	17.6932	19.8072	6.71866	3.29275	7.12221	4.76194	5.53118	6.84816	7.96753	6.65122	6.86569	7.15825	8.54073	8.57567	5.46743	1.40334	2.82672	2.65321	5.43111	1.76274	4.97461	3.87781	1.26496	4.08542	7.28163	8.67442	9.23184	9.21892	6.80174	4.762	1.5884	6.72092	5.10189	6.14727	0.894554	2.68192	1.50901	1.75404	5.93357	6.33393	5.32955	6.41503	7.70504	7.86314	8.13675	6.46653	9.95292	9.3575	4.5954	3.50457	8.89121	8.10711	3.45617	5.55863	10.0083	9.4103	6.20598	4.5821	2.27963	1.06713	4.03243	5.94639	5.20208	2.62986	10.647	8.7205	4.46426	3.69617	2.77205	2.51043	0.554826	1.93722	7.02189	10.6178	8.05931	13.203	13.7406	13.2849	4.85395	7.4062	6.46632	5.63163	5.82255	3.85415	2.5287	6.06795	10.247	5.25175	2.27974	3.37105	4.9808	3.99817	5.40045	4.76194	5.64519	8.93671	7.50912	12.2943	9.91455	10.8531	1.99959	20.5074	14.628	5.95439	11.179	3.79021	7.50332	10.859	9.58995	5.76783	2.46108	3.00055	5.5886	10.5373	6.31233	4.07395	1.66406	12.6405	16.625	14.7055	15.2488	5.46753	8.80868	11.1829	6.90744	4.59571	6.35087	6.67366	2.73848	10.0328	7.42869	1.99959	7.06305	12.3184	13.586	12.2377	6.3981	2.11185	8.53891	6.06043	2.77205	10.549	14.7742	11.495	7.89954	4.4642	2.63579	4.16306	6.50135	9.99784	13.93	14.5447	12.8402	11.1322	11.8855	5.63197	5.87742	8.02952	9.41186	9.91289	3.69594	2.81046	4.56559	5.83571	3.17436
15.8496	19.1548	16.9376	15.2906	16.0604	10.5521	13.2706	8.42713	4.95602	5.11036	11.0888	12.2414	6.81846	7.49268	12.928	15.4213	15.0074	13.2531	6.11693	14.5383	18.3051	11.7182	11.6073	12.7546	11.2458	5.59883	13.2318	19.18	20.3036	14.2398	15.8813	23.8041	23.9653	17.1603	12.6594	10.1013	8.28209	6.03464	4.90024	2.51023	0.392273	0.89449	1.06702	0.89449	0.944685	0.877135	0.784543	1.12323	1.61706	1.65464	1.65464	1.99952	2.5286	2.97979	3.2739	2.74397	3.34798	5.91543	9.25657	11.0996	12.553	12.7309	12.1337	13.2795	15.4478	18.1848	18.3719	16.2533	11.276	11.0516	8.71962	12.7635	17.1172	17.8986	17.5168	13.2493	10.0323	9.48944	15.8566	16.209	11.2397	8.98258	9.26142	11.3855	15.8322	20.4565	21.3357	21.7049	7.87562	14.4335	12.6007	13.8922	19.9996	9.10554	4.41893	7.32998	5.32882	6.80107	8.66487	8.57474	7.9838	10.1027	10.8593	10.3022	7.2248	5.16664	6.92425	7.26426	5.44202	8.21132	8.01941	5.16664	2.68167	3.64558	2.98488	4.59519	4.34949	2.8266	2.47951	2.97979	3.45145	4.6248	3.93617	6.31426	2.1188	7.4015	3.76145	5.11036	8.19127	11.246	8.27843	3.06099	1.99944	4.78048	6.29992	9.15476	11.1927	8.40756	5.32021	6.20541	6.29996	11.8525	9.74328	6.35244	7.13001	5.86388	9.24178	11.2391	5.76982	2.33934	1.27697	5.1101	5.3402	3.32488	4.21012	9.74372	15.5834	13.2536	7.29115	4.1518	7.53283	9.30942	5.79096	6.91301	7.83173	4.09992	2.68173	2.91725	6.90654	1.76257	7.57235	8.49248	9.71315	5.6314	4.71305	3.2739	4.23554	1.72736	8.51894	10.3022	8.20216	2.82651	5.87658	2.28625	2.38478	10.3218	5.81173	11.1713	11.1778	6.35016	10.7234	20.5745	21.8847	9.99951	3.50444	5.81161	8.36308	11.343	8.79647	7.87575	5.46693	8.41297	6.63918	6.46349	8.019	3.45587	6.0671	5.24267	7.26399	21.857	19.5238	20.454	16.681	14.4906	7.40566	4.13337	7.50881	5.32048	4.12211	4.3248	7.64932	4.78066	10.1711	11.4608	11.763	8.70436	2.35886	7.84543	11.0082	7.40594	2.97973	6.19798	3.59484	7.13001	9.04692	13.1266	13.7164	7.50881	1.75382	2.832	5.4476	7.19545	6.07974	6.67311	2.24559	6.20541	4.97443	1.96063	6.6845	10.4004	8.10673	3.88943	1.61706	2.28614	5.20163	2.62963
12.3805	18.1386	14.9161	12.7721	13.6979	4.54469	11.543	5.57943	4.12182	5.26244	9.29414	16.9918	15.7984	10.7605	12.6088	11.6236	12.1833	8.34036	7.62701	16.379	11.3331	6.94944	6.94972	12.0366	5.70862	4.16224	1.0669	9.1199	16.2745	12.264	6.33273	9.45996	16.6197	14.9303	10.983	7.82929	8.53707	5.25943	5.76655	4.39078	1.17655	1.17655	0.894408	0.894408	0.894408	0.55472	0.175419	0.78443	0.784474	1.17662	1.33575	1.24025	1.36986	1.7272	2.46063	2.21784	2.27931	2.90131	4.59484	6.80049	8.54795	9.56023	8.94853	9.49484	12.4049	15.0064	15.5687	15.3196	13.6067	7.73867	10.2793	7.40326	11.5269	11.429	13.091	10.5801	7.64306	8.0466	9.36257	11.6374	5.97868	7.33789	8.60194	13.0913	16.7803	18.773	19.7189	16.0634	4.16244	16.1589	12.9807	12.1355	18.0854	8.9812	2.97936	7.17357	10.9385	6.28972	7.50791	5.83461	3.40214	5.48878	7.87715	7.72112	5.78751	4.71258	8.95669	7.50216	4.17713	4.23523	5.25092	4.54138	2.4917	2.98449	4.34882	4.29236	3.22176	4.00125	1.99921	1.36976	7.57152	4.7545	3.49082	8.59464	4.77707	12.0721	7.77549	9.00168	9.94116	9.68325	4.95559	1.99925	2.38454	3.5257	1.66368	4.82788	9.18972	7.35425	1.02272	5.42445	6.52107	12.2825	11.7565	5.24192	6.20469	4.76085	12.2683	14.7975	3.57328	1.27689	1.99921	3.40192	5.09474	4.26023	8.74586	6.12623	9.62041	11.7717	11.0026	0.526244	6.69274	7.73873	8.01844	1.75365	8.98141	5.55729	9.23011	10.907	12.1991	9.17802	2.24539	6.61111	5.07387	1.78833	3.93574	6.15581	5.94304	8.74586	11.9724	13.5596	13.5171	6.88855	1.66368	4.95559	5.43315	8.64296	2.33913	8.88794	5.03761	7.90559	11.8395	14.8123	8.65716	1.2402	7.29051	5.81132	7.26113	4.56468	2.99993	13.0039	12.5995	6.57455	5.48851	10.0661	9.67071	5.31136	9.1063	2.27931	7.21328	15.2931	21.2956	18.5441	12.5069	7.21373	3.46877	7.7425	8.80077	8.23415	5.66297	6.00626	3.02543	4.71255	4.56468	2.43547	5.28813	2.4917	6.52128	8.19055	9.72005	9.57713	4.85277	6.17791	6.31131	3.54308	3.69533	7.52419	12.0749	11.4606	4.23139	4.21718	2.73815	1.86402	2.77141	6.136	8.06324	8.80757	7.19486	6.94944	8.12215	3.10035	0.632479	1.414	1.27689	3.5039	6.35899	3.69537
2.47896	13.6279	12.6871	13.6279	14.0955	0.496089	10.3055	0	2.97394	4.45591	2.47896	19.545	19.9844	7.88742	9.34225	7.88742	9.8246	5.93193	10.785	14.5612	0.496089	3.96248	6.9117	4.94867	5.93193	1.98361	4.94867	5.93193	9.34225	13.6279	4.45591	5.44071	11.263	11.263	8.3736	4.94867	8.3736	3.96248	5.44071	4.94867	1.48797	1.48797	0.496089	0.496089	0.496089	0.496089	0	0.992104	0.496089	0.496089	0.496089	0	0	0.496089	1.48797	0.992104	0.992104	1.48797	0.992104	0.496089	0.992104	2.97394	3.46847	2.47896	4.94867	6.9117	5.44071	4.94867	8.3736	0.496089	10.3055	0.992104	7.4001	8.3736	10.785	7.4001	1.98361	3.96248	3.96248	10.3055	0.992104	3.46847	1.48797	9.8246	10.785	10.785	14.0955	7.88742	6.42229	16.8595	13.1584	11.263	16.8595	8.3736	1.48797	5.44071	14.0955	6.42229	6.9117	4.94867	0.496089	0.496089	1.98361	6.9117	7.4001	6.42229	7.88742	3.46847	1.98361	0	1.48797	1.98361	1.48797	1.98361	5.44071	4.45591	0	5.44071	1.98361	1.48797	9.34225	2.47896	6.42229	6.42229	2.47896	12.2141	4.94867	0.992104	3.96248	4.94867	1.98361	3.46847	2.47896	2.97394	0	2.47896	0.992104	6.42229	3.96248	4.45591	6.9117	11.263	11.7394	3.46847	4.45591	4.94867	12.6871	15.025	0.992104	1.48797	2.47896	1.98361	3.96248	3.96248	10.3055	7.4001	2.97394	9.34225	14.0955	0.992104	8.3736	2.97394	7.4001	6.42229	8.3736	11.263	1.48797	0.496089	7.88742	11.263	3.46847	3.96248	1.98361	2.47896	2.97394	6.9117	1.48797	13.6279	12.2141	4.45591	10.3055	7.4001	1.48797	0.992104	1.98361	6.42229	1.48797	6.9117	0.496089	3.46847	9.34225	9.8246	0	4.94867	4.94867	6.42229	9.8246	2.47896	2.47896	15.9464	12.6871	1.48797	7.4001	11.7394	8.85856	2.47896	10.785	3.46847	13.1584	4.45591	0	3.46847	3.46847	0.992104	7.88742	6.42229	3.46847	7.4001	5.44071	5.93193	0.496089	6.42229	2.47896	0.992104	4.94867	0.992104	5.44071	3.96248	1.98361	7.4001	8.85856	3.96248	5.44071	1.48797	5.93193	1.98361	6.9117	14.0955	6.9117	0	0.992104	0.496089	2.47896	6.9117	7.4001	2.47896	4.45591	6.9117	9.34225	2.97394	0.496089	0.992104	0.496089	4.94867	6.42229	1.98361
2.8257	12.1381	14.8148	14.7948	12.686	6.32949	8.64134	1.61658	3.74404	4.73755	4.23777	18.7717	18.2616	9.24238	10.4083	8.42446	11.0006	7.10251	10.3302	14.5617	0.392159	3.61077	9.49565	7.10502	10.5893	4.82696	5.76546	5.80998	9.79497	13.879	3.30541	2.74306	10.6266	14.9086	11.6913	8.20904	11.7695	9.3449	8.19426	7.03443	3.74404	2.85276	2.05201	1.41373	0.876863	0	0.632359	1.0667	0.70151	0.70151	0.526144	0.39218	0.784324	1.26456	2.1327	2.16841	1.66343	1.76204	1.40281	1.10912	1.49819	3.33317	4.3796	4.12104	6.11768	8.59303	7.67083	7.49059	10.9207	5.64867	9.18096	2.55193	7.79485	8.72208	11.1432	7.72133	2.11099	4.08362	3.57251	9.83126	5.42367	2.11099	2.38406	11.571	13.5564	13.3088	14.9084	5.04876	9.9626	16.9783	14.1474	11.2529	14.3449	8.3388	2.27888	5.48744	14.6543	7.8962	8.27945	6.39568	1.0667	0.350768	1.96006	6.17662	7.28681	6.15465	7.59583	3.40143	4.63353	2.28553	2.60545	2.45391	1.0522	2.67513	5.57803	4.17607	0.944421	5.16787	2.6522	1.41373	8.30824	4.56398	8.53731	8.54611	8.0712	14.1526	7.57044	3.38341	2.28556	6.51993	1.41376	3.38326	3.06003	3.23049	1.75326	3.50347	3.45062	4.97272	5.46245	4.86124	6.35772	12.7425	12.1761	4.81405	4.08744	6.10289	11.9747	13.3397	1.48782	1.86366	2.62886	1.6165	3.74795	3.76019	10.7198	9.42039	4.40744	10.1693	14.256	2.11818	7.65898	6.52013	8.78525	6.03281	9.392	13.9698	8.7515	9.70457	11.9857	13.0314	5.94428	4.0612	2.68097	2.46016	2.52774	7.15951	3.06003	13.877	13.0631	4.47256	10.2198	7.43584	1.99886	2.63479	3.54684	4.62017	2.38409	7.12156	2.60556	1.61653	8.25223	7.70204	9.48221	9.741	7.28497	8.94637	10.4252	1.75326	3.49015	13.7441	11.4432	7.5963	8.36053	7.90181	8.78525	7.1198	7.06633	5.24705	12.4995	4.23427	1.75326	5.08507	8.64177	5.08503	7.30524	6.87818	2.52774	8.50025	7.11952	7.17233	5.08507	6.3745	2.97888	2.85276	4.26296	3.06	8.03176	5.04893	3.77239	6.29795	9.63658	2.05201	7.45619	1.65418	4.62345	4.4626	8.71716	12.6677	6.92191	1.65418	2.11096	0.554591	2.68097	6.48961	5.46245	5.07291	6.29095	5.85939	7.78902	4.23418	1.96014	3.06012	2.35817	4.72469	8.01696	7.21237
1.56813	7.36009	15.8898	17.2406	13.6029	15.9269	12.4989	9.12541	11.1585	9.39167	9.09891	16.7097	15.5352	10.1844	11.4526	13.4085	16.2266	12.4465	7.82878	13.743	4.12055	6.31203	9.63578	5.77027	11.9885	12.6956	14.4082	12.9201	14.7816	17.8195	12.4515	11.1951	16.08	24.8978	29.5965	29.0968	28.8535	30.9452	28.775	19.9516	12.6547	10.6755	9.21453	7.74236	6.44255	4.64953	2.11078	1.23982	1.0521	0.944326	0.632294	0.894149	1.27652	1.36945	2.13972	3.21605	3.23031	2.74293	2.44118	2.4349	2.72612	3.91536	5.71489	6.82728	8.65649	12.1898	14.2107	15.2082	18.0473	17.8659	12.2903	8.66162	10.8808	12.9809	15.9761	15.2686	12.8085	10.7304	9.39955	12.3466	13.7467	12.2148	10.3284	16.8349	18.223	16.7101	15.4022	6.34776	16.5489	15.9125	12.8393	7.22172	9.54168	12.9034	14.6797	13.7187	16.2189	10.5772	10.7574	10.7575	8.16444	5.97694	4.42777	6.20318	8.15885	7.10219	8.40248	5.84095	7.44965	7.52789	6.49844	2.83093	4.38626	4.48596	4.77867	3.0995	2.27864	5.43141	3.48984	2.45367	7.1864	8.56467	9.11063	8.23732	8.37602	13.8422	8.48936	8.23181	4.37577	6.24195	5.24928	5.58593	5.89513	5.14399	6.02486	6.11228	7.52789	7.77325	10.0165	7.02534	10.5593	17.9939	13.7599	9.12363	8.97921	11.5403	6.46125	9.3358	5.97671	1.95997	4.38962	2.66917	2.98366	2.93711	9.6174	13.1148	7.59553	13.1148	14.3656	8.06095	7.74029	4.1318	5.96396	2.35146	8.87034	15.0753	7.39884	8.75747	14.2541	11.9337	3.57218	4.48581	3.60639	1.95991	2.44118	3.54634	8.74392	11.4411	8.19891	12.5965	13.678	8.97905	4.47237	2.72046	1.61638	1.41362	2.3054	4.56339	7.43558	8.40452	3.44137	7.17813	10.3156	6.32887	2.5517	12.1287	8.17873	4.71138	9.5698	8.83853	5.94105	4.32316	5.25794	0.554559	8.87079	15.5	13.4448	8.27877	8.25152	2.2172	4.37919	4.02686	5.08439	5.85887	3.84429	7.67011	8.86072	12.9565	9.65448	8.10543	4.63308	3.09966	9.87129	12.2644	10.481	4.81377	4.93853	8.54547	13.187	12.9545	11.8177	3.45027	8.97878	4.87975	4.16121	3.64419	6.49833	6.64776	9.57441	8.36171	5.08454	1.86359	0.991915	4.46211	9.7325	12.1577	11.3774	7.15926	2.77061	6.19569	4.95389	3.32827	4.71126	2.33845	3.61046	1.41358
1.06649	2.52725	10.9546	16.2328	14.1976	15.7294	15.9681	12.4851	10.7663	10.6634	13.0422	16.089	15.5973	11.2718	10.8544	12.3547	15.7814	12.8157	6.06438	13.6179	12.5204	12.2031	6.0645	6.82627	2.88959	11.1169	15.8391	15.0115	18.5957	21.7943	18.3792	15.423	16.1335	22.6528	33.0844	35.446	30.3882	31.6163	35.3814	26.2352	17.1702	17.4535	14.4462	11.7973	11.397	9.77547	6.37343	4.03025	1.95969	0.526044	0.632238	0.876696	0.722948	0.350701	0.526044	1.1227	1.86343	1.75304	1.61627	1.61627	1.80482	2.24454	3.15812	4.23725	5.21699	7.50533	10.2646	11.2514	13.2358	17.1581	13.4277	8.32339	8.53589	11.7614	16.4973	17.9111	16.9594	14.7978	12.1472	10.6208	11.3534	13.7176	11.984	16.3258	17.239	14.0455	9.4236	12.353	18.7237	12.6335	10.1789	5.97129	10.0674	14.3255	16.6433	14.9065	12.9819	9.38423	9.87623	12.6033	12.5393	10.4082	5.27193	4.14986	6.02431	5.76991	6.988	2.7705	3.34628	5.04797	9.21506	6.39489	8.2075	9.01812	8.12514	4.08685	5.57697	3.68152	7.78179	4.60293	3.85195	1.7877	3.11888	3.36443	0.247993	10.7819	4.26215	7.17097	7.33513	8.03049	4.25871	2.5091	4.55295	4.49911	4.69481	6.30918	5.4867	4.20457	9.04912	10.063	8.59871	13.0762	10.972	9.51143	6.81565	5.14359	5.76709	6.02408	8.80376	3.65657	5.66083	4.81314	2.93693	4.02648	5.61779	11.1048	14.0894	17.9423	14.6983	7.64606	6.9142	4.10149	5.78562	7.92546	4.72701	10.2871	16.0924	21.4463	17.4899	6.92104	0.247976	4.57949	1.06649	4.57968	3.48949	1.49784	10.6424	5.67178	9.91934	14.1365	10.4069	3.22054	0.175352	1.44571	4.38925	2.52742	1.95972	3.69406	5.57732	5.44507	6.02408	5.63666	8.40908	11.0084	10.7607	8.40339	3.21577	9.91944	9.07219	3.21577	4.08685	7.54328	6.17335	7.17077	11.44	13.467	14.5365	16.3736	8.56168	2.43469	3.33254	1.36924	1.75292	5.93287	2.77032	5.81702	9.10341	9.94919	4.71096	5.0357	7.64168	9.48471	15.8311	18.9909	19.2763	8.66936	5.21673	11.8315	10.276	8.32327	6.69039	6.8064	8.63978	8.53602	10.8071	13.0251	13.8177	11.2838	8.50796	6.19536	7.71637	12.4295	15.7937	18.5807	19.3258	17.5333	16.0088	15.4347	11.3841	3.85195	7.41419	1.61627	5.55275	7.81115	8.7158	11.0839
1.0664	1.40241	5.85776	9.70753	7.26016	6.06388	7.71748	5.48615	2.5871	7.71921	11.3838	14.5802	14.1326	9.55551	6.99816	10.815	15.4829	11.2614	5.03525	14.5027	14.2523	7.54636	8.66836	2.89979	8.24997	7.38925	7.45411	6.00352	8.5856	13.8898	9.23825	5.71381	7.90938	13.2762	16.295	22.588	13.2764	9.0172	30.9576	24.0726	8.12802	11.2397	11.4351	5.43053	7.01323	8.9639	5.97558	5.25976	3.4539	0.743827	0.525994	0.350668	0.4959	0.392049	0.247955	0.876591	0.392049	0.247968	0.632143	0.991727	1.176	0.743866	0.743866	1.02229	1.23965	1.36919	2.13209	2.55128	3.15779	7.99212	6.78806	2.28488	2.60472	2.82498	6.98734	8.01281	6.42015	6.13334	6.99811	5.46382	2.7256	4.02989	3.33225	12.8949	16.7304	10.9241	4.26177	12.6336	17.2137	13.7654	10.8731	2.13931	4.26191	5.25994	4.23681	4.20417	5.32579	7.40751	4.97458	6.45993	4.92537	10.5833	5.24525	0.7229	2.6802	2.77022	3.29058	0.784062	2.74229	0.632173	5.33717	2.80314	6.48781	6.60797	7.39769	6.4693	9.49306	2.89991	11.9144	3.11877	4.94989	2.62826	3.93393	2.49036	1.02225	11.1559	6.17979	4.07127	1.93592	1.73516	1.73525	1.61613	1.4874	2.66866	2.43433	3.09907	4.65851	3.54584	1.23965	4.63211	6.8058	12.5007	13.9985	5.91184	3.09891	1.41335	3.45406	9.03682	8.02959	1.93592	5.31719	4.08249	2.91573	5.47489	4.08622	0.722882	5.27137	10.1665	5.76903	0.632143	5.32579	8.4203	3.77133	4.43034	2.63401	1.6537	5.60379	7.28267	2.43433	8.91239	6.11361	0.495926	5.1072	4.41662	9.71965	1.95957	14.729	6.98088	15.1836	4.20415	1.50791	5.46382	3.60571	1.82997	4.32217	4.23659	3.40038	1.41333	4.61907	3.83976	4.20768	5.32888	10.6058	7.83143	1.88778	4.23319	6.26034	6.77697	3.21529	6.86754	9.73047	10.9541	8.72006	14.6254	14.9607	4.46127	13.1558	18.7301	8.86873	2.55128	3.50227	2.60481	4.8034	6.82586	8.64071	1.82992	3.15764	4.86302	0.525994	3.96868	9.41782	11.6667	15.2387	5.08358	17.4875	10.1171	10.8461	9.02173	4.08643	7.2352	6.26996	3.22006	10.1088	14.1412	15.3889	17.4882	17.3606	16.8608	17.1979	15.1363	13.9941	15.2392	13.8852	12.8821	10.8493	9.96031	10.3207	11.3753	14.4951	5.43042	7.32584	2.45944	3.29071	2.47815	4.37482	8.36523
1.58719	1.27616	3.99514	5.94189	4.23273	3.36402	5.25644	6.39327	6.51759	9.17307	9.52184	11.1548	10.8085	9.22626	9.56696	14.5332	17.085	10.0605	7.0166	14.3928	13.7236	7.73405	9.93087	5.55442	10.0135	9.86953	6.49659	5.48824	3.82342	12.7052	11.631	9.65045	9.12607	12.3976	12.2108	16.6303	13.1176	3.69336	28.0174	24.0703	17.4287	16.5348	14.2291	3.51947	5.24471	7.65205	6.30781	8.19123	7.08297	2.38318	0.495849	0	0.495849	0.495849	0	0.722811	0.893897	0.525944	0.495849	0.8765	1.41314	0.350635	0.350635	0.701243	0.495883	0.495883	1.06629	1.23951	1.50786	6.57964	7.77077	4.02571	3.196	2.62804	4.89699	6.98022	5.64112	5.5952	7.82466	6.31006	3.25772	4.46081	4.7518	12.4577	18.2983	9.97067	2.28466	12.8042	16.4342	13	10.1813	3.02371	4.90011	4.26152	4.10099	5.80802	6.34607	8.20564	3.93371	6.34595	5.14534	11.7549	6.49409	0.783982	0.495849	0.350635	1.61588	0.55438	2.76983	1.12249	4.70659	3.99136	7.38852	7.65205	0.350635	6.02288	9.07024	8.34328	10.8411	4.77416	6.35538	4.61866	6.49668	5.23923	5.31697	9.93511	6.06294	2.62786	1.92779	0.876558	1.66273	1.89574	1.06629	2.87295	5.48536	3.21989	1.27616	0.175319	3.36402	5.94971	7.67551	10.427	16.4108	5.42987	6.8427	5.00168	6.46167	6.94758	3.64313	0.632078	6.81391	5.80787	5.03498	4.92478	3.36842	6.32947	6.23308	6.97138	4.10071	1.22705	2.60443	8.35892	6.46164	7.56759	6.7162	3.59266	2.35727	5.07098	7.84008	11.6308	7.38883	7.05529	6.63442	6.03296	12.2757	8.00618	12.1195	12.7239	14.8796	5.52706	5.65975	7.76295	3.52388	3.05896	3.01343	4.21449	3.05899	2.50862	0.8765	2.11748	1.89574	6.13252	7.59313	3.21974	7.08297	5.80812	2.98299	4.30406	2.3047	8.56177	10.7799	3.65574	5.72369	17.7809	17.4089	4.08608	18.3225	19.819	7.356	2.8516	5.21565	2.85154	2.04363	4.09704	10.5822	3.83917	2.93626	5.04376	0.944062	4.59191	8.2925	9.71405	16.5121	13.7441	19.8273	11.6173	9.56682	7.16942	1.41317	2.74201	4.38837	4.81243	5.08294	2.93626	2.7698	4.72596	6.12276	5.7133	2.63376	3.25772	4.92491	5.92908	3.85517	4.38837	3.48897	4.47113	6.95225	4.90025	8.5688	12.814	14.6489	10.4037	7.89937	6.9783	8.5325	11.2955
1.57733	1.41302	5.1625	6.60658	5.97461	6.25195	5.64596	11.3253	12.7854	10.9225	10.3073	11.9403	10.4151	6.85985	6.17375	15.1697	18.5984	8.83004	8.18481	14.2843	13.5575	8.92223	6.73567	11.5599	13.2048	10.594	6.97958	8.74046	10.7155	17.1939	20.9909	20.6303	19.2352	14.2888	8.07823	9.81043	20.3409	19.6193	28.4473	26.6674	14.3598	17.5041	20.3178	13.8405	12.5575	21.8211	27.0806	24.4731	18.4204	12.2752	10.2387	7.80118	4.32855	2.04354	2.11003	2.35719	2.21635	1.61577	0.632023	0.876424	1.12231	0.632023	0.722745	0.701176	0.632053	0.876468	1.33485	1.86289	2.43397	5.42099	8.87565	8.15214	7.2671	7.70255	9.97621	12.7226	13.0918	13.5582	15.4681	14.6407	12.4816	13.78	16.6354	18.7359	18.857	9.79669	3.74639	13.3925	17.2344	14.1202	14.0692	13.3129	10.3416	9.2689	9.99984	11.536	12.7734	9.24964	4.57837	5.42089	6.20063	13.0605	7.94547	2.67969	0.876424	2.38304	2.35066	1.73492	2.65094	2.38304	5.9617	4.3844	6.88158	7.94355	3.5709	6.82458	0.350601	4.8779	5.0973	3.3635	4.89964	6.90152	7.28151	6.09259	5.30782	6.64525	3.28995	3.48862	2.43397	2.88875	3.71355	2.43397	3.21957	6.99684	8.18313	3.59229	4.82438	2.72509	4.02911	3.60502	7.39616	8.78115	12.5017	6.20073	8.72503	3.59229	7.51879	8.74022	3.57082	0.876446	9.96536	10.4051	9.30245	9.15937	6.13218	7.05665	3.39985	2.60434	11.6202	14.1537	9.25449	5.48773	1.95916	7.08232	7.19007	7.79156	4.70948	6.47986	8.69442	4.46022	9.03513	12.6191	12.6625	16.5194	16.6385	15.2326	13.8878	15.0641	7.22554	1.06619	3.21945	9.98771	7.76268	8.05245	6.8731	2.13165	7.06758	9.36602	7.94579	4.47067	5.4432	11.3831	6.60672	6.84209	9.25405	2.97746	5.68873	7.65556	6.40245	8.94066	9.41606	3.74225	3.88641	11.2218	20.3789	18.804	20.5	13.0945	3.68047	2.13168	5.4432	4.70943	2.65094	3.96793	10.4542	5.5727	2.24388	6.83996	3.28995	5.64576	7.34101	10.2487	17.6146	20.969	15.4185	1.12237	7.99086	11.0846	10.3017	12.4654	12.5816	9.00381	6.46104	5.8074	5.77598	6.55174	12.9719	16.7282	15.5515	9.61407	6.91903	8.5684	9.71363	11.012	12.4248	13.3728	16.1675	16.7208	8.86733	5.17726	3.47548	0.783945	0.783945	1.41306	4.94895	8.01297
1.76106	2.33728	6.43916	8.56719	8.89494	10.9323	13.4228	15.8681	14.2565	9.26325	8.59367	13.6913	16.0768	16.8579	15.2354	13.4478	16.3743	7.18068	6.15101	11.7515	13.4953	12.7662	6.43692	8.44121	13.6073	10.1757	5.55331	8.11612	9.03913	12.7001	16.634	16.8758	15.6467	12.1985	6.79536	7.52438	12.2069	17.3107	25.6023	28.2686	8.85447	15.1323	27.0835	23.2493	20.3038	27.6295	30.8513	33.4265	26.8885	20.0466	20.2547	18.8973	13.7372	6.39247	5.08218	4.10021	3.93297	3.88605	2.60408	2.10976	1.50747	0.943837	0.722673	0.391935	0.391935	0.70111	1.12227	1.65324	1.26384	2.13149	5.59414	8.05174	7.86934	7.50251	8.68516	10.9042	12.1177	12.1891	14.4954	16.2503	15.0238	15.6467	18.2038	18.3908	13.5736	6.30662	3.36338	10.7891	17.3807	19.3562	18.9394	16.1457	11.6977	9.33188	9.44555	10.9791	10.4763	6.63339	6.67851	5.14437	7.0985	13.046	8.61051	2.10978	3.77024	2.82403	2.35046	2.4898	2.8242	3.54482	6.77503	6.40189	9.74598	4.89606	8.72403	7.23319	7.77705	2.28423	2.9977	3.27111	3.39949	5.30713	3.54039	2.10978	1.82938	4.32094	0.525844	3.10298	2.98242	3.22874	2.10978	1.86272	4.84935	6.98541	1.7258	6.02953	9.21163	5.68834	6.67886	5.73082	5.72277	9.72315	9.6268	10.7779	8.6072	5.17675	10.8753	8.56716	1.66241	0.876362	11.5569	11.8889	3.8387	5.18871	7.45217	13.125	3.36772	6.02175	9.10604	8.01056	8.40008	3.52302	3.34506	8.36115	7.82506	1.58689	8.91307	7.44589	5.81482	14.2271	19.1834	16.1045	12.2447	15.6564	17.0494	11.9406	5.78343	4.32816	6.30637	7.76183	7.0989	1.0516	6.79536	6.7127	6.13393	7.49603	8.44793	3.85458	7.59746	6.2319	11.921	11.2064	1.99783	5.78313	9.25014	8.25352	6.1881	5.80668	3.15672	6.08174	5.8302	7.68433	8.61456	3.1713	10.7854	16.3181	10.9202	3.34515	9.18284	6.15126	4.09993	5.63441	3.34492	5.80668	10.0923	6.15116	4.70917	7.0624	7.21826	3.70898	4.81152	5.76772	5.93347	5.683	4.20651	9.71688	7.76974	9.92913	6.79532	5.83824	7.99175	9.63118	4.14805	3.91347	6.2319	8.09434	11.4982	10.3691	13.5733	10.5418	8.26982	6.47929	6.19302	6.70374	6.83958	4.81152	2.80234	5.30713	11.0172	13.3919	14.6473	11.925	8.73477	7.59796	10.2607	14.4954
1.44502	1.56723	5.33515	9.79471	9.01503	6.6326	6.97825	10.6197	10.849	6.6872	4.08113	11.1883	14.1354	7.16761	7.28229	7.79	12.0813	4.94493	2.67337	7.68334	12.4627	13.1967	12.5409	11.7406	9.50051	6.45999	3.99801	6.19213	10.5821	6.40098	4.87076	5.24353	4.56092	7.35593	4.61732	4.63035	0.3919	1.40188	21.7005	31.8317	8.33374	19.5914	23.5955	21.1773	12.0875	14.9488	11.2887	27.0269	24.265	10.2367	10.7135	14.579	16.54	4.92355	3.43941	2.27734	2.71891	3.85408	2.82386	3.05801	2.58601	1.23912	0.554225	0.175269	0.495712	0.876257	0.893621	0.893639	0.722607	0.391916	1.61552	3.69221	4.20257	2.55031	3.99024	3.36303	4.80151	3.8739	5.78795	7.32325	5.92776	6.09888	5.16175	4.25668	3.60845	2.38251	1.41279	4.81088	8.02651	9.21075	8.54049	7.66773	6.63959	3.9942	4.72156	5.34669	3.86597	9.69765	8.83343	3.83813	5.70343	10.3846	10.0914	2.27726	4.84866	4.46962	1.86244	1.0219	1.89518	2.82386	5.48387	2.8723	5.52523	1.10835	10.777	3.50094	9.49418	3.3447	2.24345	3.11743	5.41715	7.85877	3.99035	2.66775	2.55024	3.15653	1.89518	4.87059	1.44498	0.876279	1.49714	2.50785	3.71279	1.33455	4.77289	8.36928	7.83979	3.88567	2.97168	3.91301	2.16696	9.99748	3.99403	13.8518	10.4368	7.65396	14.2817	7.35381	2.05063	1.27579	11.136	12.3287	1.0515	1.72572	2.71884	12.2145	9.01337	7.08111	14.9554	10.5713	14.4975	9.5751	7.431	5.48669	10.4916	3.67561	5.57438	7.59113	8.56677	11.6974	8.02651	1.75219	2.1669	2.27734	3.60843	2.11678	1.49714	2.195	9.11987	10.3007	5.55276	7.49558	4.61732	3.75788	5.09636	7.88529	9.68699	3.8739	13.1282	10.0741	9.5751	6.1407	1.82922	4.21333	4.57736	1.7345	2.43979	9.3386	7.77656	8.70294	5.9785	3.85012	2.52619	9.18152	5.10527	3.52271	1.61549	7.63815	3.54435	7.30048	1.61543	4.25661	8.01708	4.49696	11.5335	7.0298	0.701043	7.86822	6.73414	2.4397	1.61549	1.44502	2.21593	2.24345	4.96947	11.2961	4.21354	5.96823	2.91462	5.97355	7.51155	9.4143	3.34463	0.991349	2.38249	5.57438	6.45966	7.79937	11.522	5.93009	4.23147	2.9769	2.1669	1.66231	2.60384	4.77296	8.39979	9.79514	3.9942	3.06311	4.09979	4.49685	3.54435	2.63301	4.14786	7.56542
2.13831	1.23904	3.09741	8.1733	10.361	9.93599	8.97957	10.5352	10.0068	5.77435	6.06107	10.7666	14.3866	6.35292	1.02175	3.34428	9.33431	3.78566	2.27709	2.67886	8.97942	12.7995	12.3975	13.6042	12.7535	2.85052	4.70834	7.77586	10.4906	6.70203	1.4126	0.39186	1.65282	5.31466	2.85059	2.63278	1.95865	0.876225	19.0499	30.6829	6.86464	15.333	18.2662	21.7295	10.3457	13.5937	12.5145	24.4972	24.1424	16.7164	13.6518	14.9775	19.862	5.96019	4.3763	2.89855	2.76889	3.93204	2.27703	2.8984	3.36708	1.80369	0.554169	0.247835	0.554169	0.876166	0.876166	0.554169	0.631837	1.0514	1.57688	2.27709	3.50507	3.11731	3.7411	1.33448	2.99708	3.32153	5.2545	6.28618	3.74535	3.60821	2.82366	2.21573	2.21564	2.19477	1.58656	3.60806	5.39404	5.97273	7.22331	7.73508	6.32209	3.85385	6.11306	4.63002	6.02061	11.2561	8.62273	3.74511	4.33064	6.80255	10.2527	9.47958	5.42513	5.08991	2.13103	0.943702	1.23904	1.93498	5.31466	0.350501	4.94441	2.10938	9.85535	6.34619	10.2999	2.11668	2.28382	5.63878	5.90901	8.02564	3.39885	3.5698	5.34879	0.554169	1.23902	3.85359	2.5076	2.60358	5.08121	7.31652	5.92969	5.00888	7.3717	9.38526	7.05277	6.6662	6.65026	6.94492	2.10944	11.79	2.97662	13.5537	13.5967	7.28151	17.7077	9.512	2.27714	2.91436	9.39288	9.55077	6.54072	6.7852	8.32762	13.5045	11.4957	5.4864	13.594	11.9615	11.408	9.79829	12.7229	3.83798	12.3511	7.14805	3.91273	0.495694	3.5698	8.15862	5.70284	1.86224	6.02067	6.17235	7.83903	4.02418	2.45829	1.02181	6.6433	12.4903	6.54072	5.44176	2.45827	2.10209	3.65435	7.35306	7.94137	8.7721	9.49957	4.97212	8.24624	5.65761	2.28382	3.34428	3.85371	3.69196	4.54689	9.70276	4.61667	8.24603	5.87043	3.34442	4.54711	10.1777	5.04494	4.12882	0.631877	7.9205	4.02796	8.81406	3.33064	3.36708	9.41334	2.45827	10.2454	9.44321	4.77547	5.21368	5.11685	5.46975	4.85785	4.8359	5.09609	4.53707	1.41269	8.37012	7.08062	11.1708	11.5101	11.2814	11.2256	10.4024	4.77254	1.06591	2.60362	3.65435	4.60032	8.10728	7.68241	6.74047	6.81154	4.09943	6.19191	5.30634	3.39869	5.2545	4.32734	1.48679	6.41685	6.43589	5.28908	5.72143	3.15612	2.50757	2.2294	2.48916
6.7845	7.03726	4.89789	4.30205	6.71056	11.0395	13.6877	16.5504	14.2743	9.39245	9.07126	11.9213	14.1281	13.2272	14.5148	12.967	12.9501	5.65709	4.72066	7.11373	8.87229	9.10511	9.51743	12.959	15.9392	10.3601	3.64143	4.05775	6.96815	4.69793	1.27551	0.554137	0.743403	3.39844	3.70806	2.67298	2.10918	1.57673	13.4003	27.3407	13.1129	15.873	14.7604	24.9264	20.6667	15.8787	13.6345	21.2273	28.0652	27.0904	24.3646	23.2136	24.3939	13.0792	9.82334	7.80595	7.64885	7.90492	5.80525	5.0446	5.55171	5.35989	3.99345	2.82878	1.76056	1.10813	0.783615	0.554119	0.175236	1.10813	1.17533	1.06581	2.58563	3.6079	3.3212	2.28364	3.2136	4.59001	6.55845	9.19469	9.11045	7.42998	6.17661	5.43584	4.12866	3.39851	2.88766	4.0276	5.80521	7.66643	10.0914	11.8177	12.1225	11.1502	9.8594	4.84794	8.24533	10.775	7.48198	5.2424	6.01279	10.8	15.668	17.2288	14.4447	8.73737	2.82337	2.10918	2.13809	2.85036	6.28319	4.97484	9.33685	9.86541	14.688	11.5014	9.33707	6.07285	5.14301	6.17151	6.2856	8.09921	4.92261	4.59987	5.71035	0.893469	1.17533	2.38206	2.99176	7.90492	9.91314	11.6008	11.9761	10.5473	8.20937	6.51441	3.7773	4.15805	8.20927	11.6418	7.88042	12.3861	4.56005	13.4661	14.6415	3.54382	16.7639	11.4234	1.12194	1.17533	5.80514	9.93096	11.5014	10.8958	13.5089	14.8174	9.7342	5.55998	9.70998	10.5348	3.15597	5.93144	12.3861	10.8956	10.4012	7.06473	4.3725	6.67694	7.87463	6.11	2.82333	6.64299	6.34297	0.247826	7.1661	3.34399	2.22932	4.21274	2.6267	7.11144	6.8793	2.76861	2.73527	4.05775	1.80361	8.18735	8.12698	6.6497	2.9968	2.27691	8.19292	11.8239	11.2635	6.63167	2.38204	3.71221	6.519	9.57331	11.0012	10.759	3.36683	2.88759	3.87305	7.11144	5.93925	2.11638	5.25696	8.86401	6.42126	8.17258	4.19814	6.29278	8.70982	9.54883	12.8648	11.515	7.02848	1.10817	5.71057	9.62902	11.0872	9.72523	4.11751	4.77191	6.73313	9.48502	10.8527	12.023	9.96655	9.44755	8.06432	2.05024	4.81013	3.01217	1.17533	3.48729	7.41377	8.27281	4.75605	0.722487	7.24976	8.66378	8.01037	8.69607	8.25257	4.80997	2.54983	2.91393	9.07082	2.97627	7.09654	8.3979	4.64601	4.80067	7.39352	7.54026
4.06854	6.63109	10.0819	11.5547	8.86339	2.82852	6.66485	15.3896	18.8131	18.757	21.1613	23.6246	21.9237	17.4752	15.8199	16.0804	17.5029	7.58884	8.01499	9.96104	6.10713	2.48869	7.50528	8.56395	13.3371	12.758	9.28521	7.32118	7.17798	4.17211	0.893363	0.700843	0.943523	0.943478	1.33416	0.876	1.26328	1.3682	8.87119	21.2973	15.5865	20.7037	15.9566	20.4612	19.4929	13.8221	9.43382	10.4724	20.0549	19.5887	22.1834	28.2202	26.2429	15.7572	11.2026	10.1763	12.0522	14.8097	15.0079	11.5344	8.11346	7.28227	6.39947	6.10713	6.24418	5.19548	3.22752	1.61504	1.0512	1.17521	0.943478	0.350434	0.722398	1.23881	1.27543	0.783578	0.943523	1.72523	2.72381	4.94688	6.8787	6.70121	5.70215	4.89747	4.23403	3.60334	2.82852	3.22752	4.3195	5.42698	6.97855	8.31702	10.3326	9.36172	6.32355	7.25505	8.63321	9.12059	8.64742	10.8085	12.3213	12.7157	12.9483	14.4326	13.0288	11.2479	5.55121	5.13963	4.02734	1.99707	3.33003	5.7207	11.6805	11.0663	13.7941	10.4259	4.26987	5.42698	8.56442	9.77274	9.70154	8.41689	7.44336	8.48226	6.01983	2.82307	1.76039	2.48869	1.95823	12.7872	8.55752	7.32121	5.35941	4.62914	3.1701	9.09501	12.045	7.98715	0.743326	8.94663	9.82712	9.71801	6.10713	14.0141	16.7236	15.7039	18.7508	14.2671	8.18139	7.68144	6.02711	3.50438	2.5496	2.45783	7.05974	5.24174	2.64964	1.78634	0.631757	2.10169	7.58884	4.84752	3.34388	11.8069	10.7773	9.11597	5.16032	2.82302	2.74045	3.01191	4.09489	4.92212	1.33416	7.82046	7.11309	0.722422	5.47145	5.10411	3.74049	1.72515	2.48869	7.17798	5.25649	7.49145	4.92212	1.56678	6.86296	2.60312	4.37545	1.93464	2.19436	8.63376	13.2002	13.9385	12.6258	5.48255	2.76822	7.63645	12.4366	8.72981	3.56912	3.21313	3.43844	6.0598	9.44144	5.93613	5.7207	5.25646	5.55104	4.54603	2.11628	4.83466	3.67873	8.11346	10.6335	6.66495	3.69103	2.98108	5.10377	3.59037	4.25892	4.77145	9.97098	9.94163	6.7124	4.85693	2.13063	7.02807	10.1109	6.51858	3.45179	9.06515	7.22218	7.32715	4.53952	6.29234	4.57621	3.19418	3.60334	4.72345	3.05712	6.19804	5.31374	10.193	8.97111	4.64539	2.45157	2.58525	8.52931	10.1937	12.0616	8.36699	3.3621	4.3195	6.55557	6.17115
7.95614	6.1285	3.60281	5.41791	8.02379	11.2782	10.6876	3.93108	8.27121	10.8507	7.87894	12.7106	13.9102	6.09634	6.16782	12.9077	17.4943	4.25499	11.8067	9.67148	5.96618	3.99649	6.70921	7.39175	10.1575	10.9148	8.64635	8.35349	7.17108	5.55054	1.44447	1.02147	1.22623	1.26323	1.41225	1.61484	1.06558	1.17511	5.41781	15.5169	16.2328	17.3519	12.7145	16.4673	17.3357	17.8582	12.3516	7.7098	10.3582	8.53729	10.7516	25.8071	28.0212	17.6636	10.4249	13.1293	16.8462	22.0298	25.7341	23.847	13.9369	5.78581	4.80922	5.13917	5.93823	6.43405	5.80415	4.9248	4.22637	3.39787	2.16613	1.41225	1.50677	1.02147	0.554014	0.391767	0.893281	0.943394	0.495523	0.495523	1.17516	2.67248	3.45144	3.4381	2.38168	1.65244	1.33409	1.58613	1.82858	1.89446	4.15716	3.4997	4.08326	4.32609	4.32609	9.02989	9.72317	9.62245	9.15423	11.0548	10.6697	5.59155	4.25499	5.92785	6.09639	9.89906	9.49732	9.91129	8.0905	4.7996	0.554031	4.05703	9.60842	9.60839	7.75817	12.3896	3.1698	1.95802	2.88711	5.80404	4.58909	3.22724	4.69058	5.04353	3.77667	3.51709	1.12173	2.64939	9.21213	16.4108	6.47608	8.76928	3.37986	4.83431	6.47592	4.7996	6.47619	10.9696	6.39856	2.16613	2.99109	3.83668	4.14611	7.22122	10.4656	9.14289	10.0994	9.85266	4.99833	6.73636	13.1635	11.9251	11.1571	6.94089	5.19474	2.88704	2.82279	2.6262	2.82284	5.65611	7.56239	1.75148	5.59127	6.18498	5.39558	7.65692	3.98873	2.10149	3.36629	7.41238	5.07962	3.447	5.94577	7.72895	3.69071	10.9096	10.1969	6.80301	4.26922	0.943394	2.9757	8.00099	4.79953	6.35144	10.0881	8.4637	4.45084	5.71985	4.92164	5.9586	4.77101	4.58891	2.38161	7.35334	13.9154	7.49276	5.44039	7.2484	4.61559	3.91153	4.09802	3.77667	6.49249	10.4657	14.6045	6.17043	2.43248	2.50695	4.55898	3.87243	0.495523	8.90571	6.08914	6.77186	5.95844	4.85933	4.22991	4.599	6.18984	5.56954	4.72287	3.10152	13.1928	11.0965	1.49657	0.943427	8.21294	9.43306	11.6796	9.43447	3.01145	7.85582	8.39485	8.90571	2.73461	3.54315	4.49526	3.82076	1.72499	2.67235	6.67546	4.41327	10.0351	11.9347	6.77186	1.49657	3.94655	2.16613	3.09671	7.58839	7.11239	1.44447	3.9116	5.85606	5.4179	2.6262
5.5717	7.44165	6.291	7.01786	4.69655	5.18577	8.52802	9.95902	4.6182	5.93757	4.41261	11.5518	12.2842	10.1954	8.14648	12.8664	15.6841	2.19394	12.4162	6.46381	6.09597	5.59097	5.14145	4.23295	7.76492	10.7188	9.48967	8.21211	5.59079	6.67479	3.13062	1.36794	1.41207	0.722284	0.875862	1.17499	0.943298	0.783385	1.88609	6.53796	6.10847	5.59898	3.88393	8.39412	10.9889	14.0842	8.86167	3.91124	9.09269	4.75448	3.99211	16.9052	27.6195	18.417	5.59107	9.14196	11.5674	14.2758	16.6989	24.6135	19.7814	5.03094	2.45736	1.88618	2.54902	3.60669	3.3294	3.70703	3.91124	3.8483	2.82253	2.27622	2.58476	1.02136	0.743184	0.875862	1.0655	0.525544	0.391733	1.06548	0.783385	0.350368	1.12163	2.84944	2.2148	0.391733	0.175186	0.631597	0.722261	0.631637	3.3658	2.73993	1.61468	2.63176	3.02141	6.73101	7.65617	6.36728	4.26906	5.13866	5.76426	6.05089	4.38495	4.15672	4.23295	5.2438	6.0787	5.97078	7.58741	8.32941	0.875891	6.08827	8.02262	9.9277	4.42658	14.3735	5.68472	2.99079	1.17499	5.24365	2.0422	3.45113	3.3431	5.31262	2.35548	2.66636	1.61468	2.38146	14.0598	12.2997	9.99274	11.2091	1.76006	3.15492	4.54517	5.94517	3.65297	10.1259	10.4136	1.36803	4.5351	1.803	4.85883	2.04208	4.55863	4.42648	4.58843	9.92023	3.46416	2.99595	17.9257	14.5613	9.82013	11.7251	4.86826	2.13027	2.13022	0.783385	3.50371	5.45916	4.66415	3.15492	5.59069	8.60913	2.60263	10.1969	2.19394	4.71932	5.85275	6.10561	9.62582	3.84025	5.09408	5.35817	8.69172	13.6825	5.72757	10.3854	5.09389	2.27622	2.2148	6.35052	8.6195	4.97346	6.64109	10.3116	1.95782	9.68239	4.38509	6.86205	4.17159	1.40121	6.12789	0.391733	14.0787	4.70302	5.94522	8.46293	5.32149	2.99093	3.1935	1.23852	5.85538	8.3938	10.3074	2.80621	5.24074	0.875891	1.73378	4.92124	6.73545	10.4473	4.9241	6.2932	5.33258	10.0046	6.19675	5.94522	9.47094	9.38946	6.02611	3.98847	12.535	13.1481	3.36124	1.6523	11.3139	10.2958	8.39359	11.5505	5.06697	2.84951	6.00613	4.3293	2.33594	4.41289	5.58817	6.83526	2.63176	2.50672	5.11482	5.95808	11.1363	10.1348	3.69047	3.01114	3.28792	4.72256	5.07898	5.00367	2.73451	3.30164	5.46738	4.54528	6.41442	0.495506
4.89591	7.14678	7.19711	8.86397	10.225	7.73157	5.00339	6.49097	10.7619	9.02848	9.89877	13.6294	11.2821	10.0213	8.63086	11.8447	10.9247	7.89442	11.3053	7.51922	8.0446	11.5514	11.3418	7.63816	8.54783	12.8028	9.54952	5.24029	3.91079	7.78538	4.61451	0.893111	1.33378	0.943214	0.943214	1.23843	0.722195	0.350334	1.10771	2.73969	1.58583	1.33378	2.33573	2.28277	1.95765	7.69264	11.1552	12.7761	13.311	7.82376	11.2862	18.4484	23.8271	12.4846	20.2657	23.4419	18.4373	16.6471	16.138	28.5902	25.5574	18.959	16.6801	11.2204	8.0612	6.07055	5.7822	5.13815	4.45699	4.74781	4.05626	3.34283	3.88346	3.75574	3.19326	1.93407	0.875779	0.350334	0.391693	1.06538	0.783316	0.495429	0.495429	2.0419	2.50642	1.7336	1.7336	1.72473	1.65213	1.7336	3.39715	3.56811	2.13003	1.75111	1.0654	5.06967	8.92247	9.81968	8.55504	7.05807	7.85452	11.1656	13.3832	12.6396	11.9802	11.9717	8.44285	7.05169	10.3975	13.2641	10.4132	12.6724	11.8194	11.7553	8.01295	17.1146	13.8272	6.16938	3.02112	5.62266	1.17493	1.49633	2.66623	3.45062	3.26884	5.07865	2.58465	5.41679	10.7737	9.57114	7.06207	14.5682	9.18476	5.1938	1.82818	4.45704	10.0862	14.3806	12.4431	5.56877	6.85468	4.82098	2.99567	2.10836	2.9752	2.67184	5.58764	8.86043	2.91282	2.33578	13.3335	17.4792	15.7144	14.6143	5.74277	2.22848	1.93407	1.27506	3.3791	6.54647	6.98076	8.47804	10.5695	3.34272	8.66054	12.4246	6.21329	3.65274	5.5221	9.13778	10.9022	5.14098	1.95767	4.22906	6.91349	14.0385	10.4974	14.6018	8.849	6.3668	3.26893	5.41689	11.5775	11.8928	12.1906	13.4138	6.89634	11.344	10.7018	6.66319	7.56111	9.86168	14.9103	19.6348	21.0902	14.048	15.2301	14.6637	10.7348	7.09628	5.21145	3.43745	3.32907	9.55908	13.2469	5.24055	4.08234	2.4384	4.05626	4.74781	8.56349	13.2565	11.1146	9.19602	4.54485	8.4124	6.56513	4.3708	8.3627	13.6817	14.8679	14.6128	14.9287	12.4349	2.13717	3.45078	8.31433	9.81195	10.2767	11.7453	5.08753	0.783349	1.75115	2.13003	3.69001	2.28271	6.01028	9.39489	4.90524	5.9244	8.41277	7.82407	6.77059	5.2432	5.07877	6.3668	3.1932	4.46708	5.9572	5.55759	0.631572	3.64005	6.09519	4.54485	7.21986	1.50655
3.54213	6.39696	7.56042	8.0344	9.58271	8.43471	5.63559	7.66074	14.2535	12.888	7.84032	13.1587	10.831	8.75169	10.4624	9.32436	4.84568	10.9562	9.69777	8.97453	9.72969	15.0249	16.8523	14.4304	10.7935	13.9431	9.04717	4.86756	3.39691	7.15219	4.58757	0.722147	1.40094	1.72449	1.61435	1.2749	0.495412	0.175152	0.783236	2.04919	1.58566	0.24771	1.12142	2.35519	1.95756	2.71711	8.96833	16.6747	22.0116	14.2163	16.6783	14.7535	10.7059	12.9613	25.3603	22.2367	17.7501	15.7058	14.3118	29.7828	22.1279	22.3335	25.4682	19.4393	12.8377	10.7734	16.1971	18.7348	16.0233	10.996	6.77011	5.54917	6.24669	6.91322	6.84971	5.35738	4.51097	3.83576	2.10815	1.17476	0.722147	0.700576	0.700576	1.40094	2.33557	2.35519	2.10824	2.28258	2.72278	2.84903	3.84757	4.02567	4.067	3.13002	1.89382	4.30021	9.02771	12.0741	13.116	12.2074	12.2498	14.5731	17.241	18.3189	17.8628	16.757	11.0027	10.6846	13.9284	16.9545	14.6587	16.7856	16.4538	15.5756	13.2633	17.7839	19.0821	14.0618	8.15273	8.2416	4.82023	3.81966	2.27573	0.391658	3.01057	3.99135	7.90109	10.9132	3.0611	10.6125	7.90109	14.2729	13.3997	9.25587	1.82799	4.08201	7.95228	9.86518	6.31852	2.73399	6.08746	7.11261	4.25749	4.09682	3.53771	2.52437	7.72679	5.43867	0.175152	1.0508	5.28608	13.8303	15.2536	11.402	5.94427	4.76983	3.83975	2.99023	3.60601	6.7809	7.09529	1.89394	9.27337	9.09123	8.11048	4.57441	1.58568	2.99538	2.50624	7.2133	8.706	4.47712	2.67174	3.81966	4.34252	11.5602	9.51342	10.6663	6.87816	8.7058	5.94405	2.82745	6.472	8.71114	11.8478	11.6963	6.67617	8.60103	11.8183	9.08828	7.21937	8.22167	11.4758	17.8265	18.1694	14.2059	14.9624	14.9128	11.9307	10.0325	7.78502	6.4884	5.52148	5.43332	13.2293	6.86697	3.96478	7.17569	7.79461	6.93925	8.71114	14.6356	16.2285	13.0898	8.47908	2.63126	3.05609	3.32877	2.19365	7.31239	8.1197	9.62001	10.0325	5.85427	4.90473	9.38811	4.99695	5.06636	6.86076	7.15219	3.96451	1.50632	3.53778	3.37892	1.26288	4.89561	8.86813	8.60075	5.48305	7.14411	9.6919	9.10626	2.8863	5.07833	9.3249	7.51287	7.63705	5.55702	4.02555	4.97231	1.99621	2.27579	5.42478	5.58991	6.43206	3.05606
3.11521	1.2382	5.21027	6.8751	8.52519	7.82229	7.60101	12.343	6.84903	12.5789	4.689	11.2877	11.9036	8.14423	11.6038	4.0252	8.00566	11.257	9.71979	6.53624	12.113	10.4153	10.7804	13.9887	6.78954	11.1801	7.06074	7.02468	7.66803	6.66179	4.28546	0.875634	1.12125	1.9806	1.86102	1.36756	0.55382	1.23824	1.26275	1.44389	1.56604	0.525394	0.631422	0.553803	1.49605	4.895	7.14543	14.5333	26.3958	12.9373	13.679	12.644	16.271	14.6955	15.2194	0.892959	7.34827	6.72684	5.75745	24.373	10.2246	15.8213	20.3133	19.437	12.9165	14.5426	22.2294	25.7864	25.3859	18.8124	12.57	12.5242	10.332	8.17746	10.3363	15.4723	17.2078	19.7593	20.0565	11.9111	1.40081	0.875591	0.350268	0.391618	1.26275	1.75086	1.56611	1.26275	1.41174	1.73327	3.36496	4.57404	6.73359	6.0567	4.22831	6.28914	1.82783	4.45622	6.80725	8.17749	9.30492	9.09068	8.78164	10.6079	10.8668	15.3726	11.1019	9.395	8.58817	12.5274	9.62362	11.2427	12.1538	11.8332	8.3221	10.4614	11.0013	11.284	7.66211	10.1712	10.9853	4.70497	2.24164	3.50272	1.36756	8.10966	13.9146	9.72875	7.64836	14.0026	13.5169	12.6379	13.9832	9.05755	4.32435	3.60569	6.76931	5.25101	5.4661	5.46883	2.63101	2.11517	3.94505	7.48994	6.87739	4.77233	7.89075	1.65173	1.06518	0.700509	1.92577	1.17471	1.06518	2.28223	0.722075	3.74284	4.57413	6.73359	5.31115	3.46338	12.6475	16.3182	15.8239	11.2583	5.31115	8.47646	9.76806	1.33358	2.58416	3.98722	1.1075	2.21425	1.72434	5.5893	4.22476	5.31125	5.23353	5.70712	8.02784	4.54734	9.22795	4.689	3.98717	6.11644	9.89537	6.57969	2.66572	4.4562	7.86244	7.22684	6.33947	15.6763	19.9446	14.4481	6.47359	2.10802	2.38077	1.27482	3.83522	6.97945	7.91007	8.94253	11.9207	9.78183	14.4247	10.2933	1.26275	3.05576	4.3734	3.92961	3.48531	2.63101	5.77848	5.57043	7.32388	4.54399	2.19333	4.66295	6.47136	6.28934	5.42437	4.87329	5.07769	5.37948	7.51985	6.18264	7.11156	5.80173	1.57583	5.9332	6.09409	4.25338	6.6729	4.96884	4.99619	5.8668	8.36306	0.783167	7.34245	10.6297	4.15558	3.12975	7.05	6.45252	5.54856	4.57398	9.67976	6.59112	2.10798	5.09257	5.02954	1.23822	2.21418	2.27553	4.53384	0.350268
3.21623	2.60149	6.04609	9.67878	8.01401	6.85909	7.34753	10.0522	8.37443	8.00304	10.829	4.5867	10.829	12.0916	15.5853	1.65167	10.4197	9.78662	5.81195	4.70156	13.7612	10.2004	4.996	10.8882	6.01612	9.56831	9.24605	5.37876	2.62504	2.10775	2.38043	0.783088	1.17454	1.99579	1.61404	1.48555	1.17454	0.942984	0.990561	1.0506	1.26256	0.391562	0.553748	0.631356	0.391562	1.58536	4.96836	8.52425	23.5461	13.4133	14.7424	10.1705	8.36422	8.80782	6.68133	0.391584	4.02493	3.73836	11.5274	15.5103	8.97315	11.6433	20.1339	18.3386	8.86146	12.273	18.4627	12.8802	22.3659	18.4569	9.8171	10.5488	8.79764	5.97344	8.77226	12.6373	13.7404	18.3475	21.8001	22.1839	2.7165	1.65156	0.350235	0.631356	0.875529	1.12121	1.41158	0.875529	0.553748	0.875529	1.89358	3.85081	7.93721	9.48612	2.10784	8.33348	5.37867	2.30207	2.13668	2.72226	3.83506	4.26744	4.76884	4.2994	5.08625	12.7992	10.7641	5.68284	3.46308	7.69046	6.48933	7.60026	11.812	5.51245	7.16766	10.7706	7.99716	7.88994	3.60532	8.01961	12.6457	5.45719	1.61412	5.16005	6.96996	8.33348	7.64746	2.9795	3.54146	14.7886	10.9244	16.2576	15.3699	6.45413	4.97137	1.3334	6.19415	3.85067	0.942984	4.42132	4.15517	1.41161	2.10775	5.78302	8.31204	3.85081	6.18682	1.41156	1.75939	2.58378	1.72416	0.525344	1.41153	1.44374	3.09506	1.92559	2.10784	7.7078	7.47902	6.72847	6.87687	7.0241	6.83296	4.19535	11.7307	7.3984	10.6285	4.57342	3.53711	2.43772	4.31681	3.87062	6.13546	6.30042	1.02104	3.83483	6.28851	2.47505	9.9358	2.63078	7.87877	6.5633	9.32265	9.20272	10.2449	12.0147	2.64817	3.78303	6.93766	10.2906	15.3627	11.8421	21.1186	17.6951	8.58522	2.47511	2.93303	3.19229	0.942939	3.60547	5.03835	6.63397	9.26382	6.86827	11.6342	4.74647	7.34145	7.26793	8.31234	6.66136	7.27603	7.76201	3.30039	1.86083	5.18639	5.96813	7.01521	5.47947	5.78302	0.553748	1.95716	3.12943	1.72416	2.89635	2.33506	4.53678	6.85909	6.96996	2.62504	9.33072	7.84844	7.48908	10.292	5.27913	8.73112	5.25326	4.53678	7.39025	6.38644	13.5492	8.46652	0.721986	7.73104	9.72591	2.58378	5.20973	9.22681	8.23984	0.892853	3.05535	6.40256	2.47505	3.53711	3.67661	4.31684	2.10775
7.26718	8.96561	5.94237	9.85608	6.6964	7.29154	8.53226	10.994	12.4558	7.73072	14.3134	15.0207	17.0994	15.7684	14.1146	2.89594	11.6728	8.49034	3.88206	5.55578	11.6765	8.8972	2.38025	8.90063	9.54146	8.57937	9.48065	3.92869	0.72192	2.63053	2.1649	1.49571	1.3673	2.04112	1.56574	1.41141	1.3673	0.49524	0.525294	1.41145	1.27457	0.553715	0.892771	0.892789	0.721938	0.783051	2.82115	3.63866	16.7103	14.2662	15.9088	13.9457	13.017	14.6007	15.5768	16.359	16.979	15.3839	20.2997	18.4238	9.56623	1.80224	21.1497	14.4131	12.9222	14.6343	13.2364	1.27457	19.9906	18.0306	8.91263	16.3934	21.962	19.2858	14.5766	10.6197	12.1482	18.008	21.2341	28.7811	18.8016	12.3284	7.16107	5.13912	2.33484	0.553698	1.22553	1.44365	1.72408	1.66073	1.33333	2.64792	7.68975	12.4386	12.4678	12.3377	7.92355	3.70525	2.38034	2.28191	2.4312	2.73876	4.08094	4.36919	5.6983	11.282	14.6812	13.372	10.5728	10.405	11.3606	12.7985	12.9495	3.34163	10.7303	11.9607	6.39494	6.67388	4.2021	5.69804	9.16163	4.68811	5.24145	9.44355	11.4661	10.0295	4.28465	0.783019	1.78511	11.7593	9.47132	12.294	19.6618	10.5043	5.0767	5.31894	9.37109	9.52761	10.6542	12.5677	10.893	9.08572	8.62972	8.94086	11.7227	9.22649	6.89374	2.3349	2.60126	3.9093	3.31857	0.350201	2.13646	3.67635	3.85042	2.30186	0.942889	6.9174	6.86723	7.40787	6.67169	3.94421	1.61392	3.16803	12.2787	7.18164	11.9643	8.68782	6.18165	5.23857	7.66638	5.62868	3.83464	11.7819	8.10067	1.22553	4.45522	5.24145	10.1692	4.40033	5.4566	5.57748	11.938	16.5792	11.7918	14.0815	5.97286	4.32363	6.76794	9.92761	18.0656	14.4136	21.6751	18.0485	8.19568	1.66068	4.40028	6.25208	6.10305	3.22536	2.24121	5.45372	7.26681	3.21102	7.14811	2.21383	8.14995	1.82753	3.09479	1.3673	5.86548	6.544	4.47901	2.45617	6.57161	7.16078	4.61274	6.84774	8.79679	4.36919	1.36737	3.12915	1.26251	2.34789	0.350201	1.56574	6.41144	7.6604	3.43614	7.77089	5.27867	8.43929	10.832	7.66638	10.0294	5.04066	1.44361	7.14811	7.04903	14.3526	8.99355	2.76653	6.68073	11.0669	13.146	14.8521	13.1426	9.71167	4.54321	4.25625	6.56246	3.19205	4.41056	3.15351	5.54735	2.2818
7.41349	11.9202	10.7694	9.37178	6.87543	8.90306	11.5455	14.3658	13.0418	8.98484	13.9923	16.9326	15.1416	9.00951	3.25318	9.55453	13.0418	9.89415	8.09081	8.89689	7.65786	6.72711	4.55592	6.25152	11.3223	8.11294	7.55738	2.63026	3.09945	3.16769	1.50585	2.04841	2.13614	2.10729	1.65125	1.02078	1.02078	0.782939	1.49556	2.27492	1.7328	1.36725	1.93317	1.95682	1.8606	1.8606	2.9116	2.38014	7.18132	17.7658	23.091	22.0029	17.4727	17.5237	19.7807	19.7054	18.675	17.1939	21.2643	25.3061	14.5001	7.89075	20.1477	11.8873	17.7558	15.4763	7.76088	6.98829	18.411	20.189	12.4793	20.8663	24.2163	25.4387	22.2224	16.0383	16.3205	19.0589	22.1724	27.692	25.8293	24.602	21.1736	17.7179	13.1903	8.01843	1.95679	0.875392	1.49563	1.02084	0.892707	1.75037	5.23229	10.2306	12.9012	11.6425	7.64639	4.70067	3.58789	3.22513	2.9116	3.22513	4.65193	5.92675	7.26656	10.6587	14.5995	14.8622	13.7182	15.3173	17.6868	15.3201	6.87352	4.55592	12.8459	10.0941	3.34125	7.55758	9.03062	7.14343	8.35906	9.70653	10.9669	13.0457	12.4204	8.47581	3.09468	1.33321	4.96742	7.32164	12.0125	9.46627	23.5222	15.5193	4.84385	8.04089	11.6956	12.9308	13.904	14.3665	12.3122	10.0933	7.48806	8.60142	13.0104	11.3699	8.28217	7.34829	5.13547	4.70389	7.36477	4.02037	2.11456	2.82092	1.49563	1.10718	0.350168	5.68424	7.81625	6.70473	7.87712	5.93404	2.04091	3.15329	11.1495	6.73165	12.274	11.5215	5.99492	5.72432	8.01828	9.29065	7.10747	8.03138	11.7545	4.93986	6.7253	8.96491	7.89826	2.19282	3.26739	6.16652	10.7625	17.335	14.2483	11.9114	6.31623	6.09234	7.05443	8.32521	17.899	21.6979	22.2017	16.0344	7.60307	5.51127	6.31835	1.36725	4.58614	7.64623	6.48811	6.09234	5.34374	4.06545	4.2089	3.67177	2.97882	4.12518	4.20195	5.93418	8.36065	3.86988	2.33461	3.54079	6.16613	4.65163	5.30993	11.1968	8.40889	6.12699	2.19282	3.77406	1.50585	2.82638	4.94008	7.10783	7.75309	7.72388	4.09178	3.60039	6.48786	7.02233	7.22477	10.2217	7.83743	1.93314	0.495189	4.09555	10.8273	11.0869	5.59585	2.04104	4.36867	8.17525	13.3569	14.13	11.1253	6.93664	4.5427	0.247599	5.30111	2.27498	5.45315	2.21354	6.63704	2.84781
10.8974	3.83392	5.35482	11.8067	11.6088	11.1488	11.5596	13.5528	9.02956	1.57523	1.92504	3.74142	9.69338	11.8424	11.5901	10.5804	8.80509	8.48875	7.65714	6.56148	6.31811	7.31501	5.43611	3.70862	6.3632	5.47785	5.34052	4.25184	3.98581	1.41116	0.892602	1.48514	2.16443	2.84755	2.3798	1.06477	0.892602	1.26221	2.24078	2.04073	0.742735	1.23777	1.57523	1.0503	1.33307	1.89302	1.86041	2.19259	6.10162	4.37172	11.6012	16.9789	13.214	10.6081	10.0162	7.39062	5.95399	5.75783	8.68803	18.5242	16.2073	13.4732	19.8686	9.28227	12.1918	9.87986	5.51914	7.59816	13.2663	20.0229	6.3632	15.9246	4.3995	12.0457	16.2541	15.3583	11.0041	11.7228	13.4201	19.5623	10.0629	16.6883	19.4751	16.3189	18.3716	18.3678	9.69322	4.58562	2.27471	0.391453	0.553593	1.12082	0.78287	0.875301	1.33307	1.36711	2.16449	2.54741	2.10722	1.86041	1.8019	1.89302	1.86041	1.88491	2.0483	2.2409	3.26707	4.93948	6.19273	8.74279	9.9632	8.47498	7.10888	7.55663	8.15027	10.5374	11.9578	11.8862	13.2859	11.8971	10.3735	10.0937	10.568	10.047	8.72238	6.42929	5.30079	4.5088	7.34564	8.68801	16.085	8.85572	26.0638	18.5324	2.86888	5.24903	9.63813	10.5024	8.00826	5.42232	4.47832	4.93012	2.12881	4.09124	3.15298	7.55696	8.47328	11.8859	9.67322	3.21518	5.27767	6.2891	2.10711	2.12881	2.21341	3.68808	4.32281	0.391453	7.92188	3.48388	8.52193	5.43042	6.19245	5.23758	7.27582	5.20837	10.0801	13.4907	7.14677	1.12088	6.47104	11.9621	8.06772	13.9086	15.8668	9.93341	7.53317	8.30997	5.45296	3.32717	1.57523	3.16743	2.82609	6.06693	5.85163	4.71942	2.11445	7.24282	4.87132	2.96829	4.71953	10.0587	11.1201	7.19295	1.44337	5.24022	6.81552	6.28702	5.93352	5.00364	9.25662	6.63669	3.43549	4.40972	2.10716	2.21334	1.06479	2.4743	3.98966	7.67474	5.13806	1.36704	3.51446	3.2248	2.43074	7.15965	5.92351	7.24896	1.26227	5.73933	4.57239	4.97014	3.09917	1.56551	4.02368	6.87491	4.23039	3.81786	4.74506	1.5057	6.47803	4.37859	3.63797	8.52193	2.04073	1.58491	2.10711	3.73721	4.46454	6.53377	6.28697	4.20875	2.2409	2.66461	4.02377	5.09076	4.16879	2.82069	5.46661	6.98762	9.09537	8.41515	4.77071	5.13503	4.02368	3.12869
9.19958	9.57746	11.3094	10.5624	6.57003	6.9869	8.04079	11.5696	6.54209	2.738	4.31541	7.50243	9.55288	7.86089	5.6834	3.21027	3.96226	10.2882	7.19836	3.65033	5.31747	6.98698	3.75327	2.9318	2.33424	4.87084	2.97314	4.65075	1.72359	1.22518	1.1207	0.78279	0.875196	2.76562	2.8951	1.33289	0.875167	1.48499	2.474	1.97964	0.391413	0.525144	0.391413	0.721712	1.48499	1.0502	0.782833	0.525144	5.86375	7.24823	0.721712	7.83022	9.49545	7.01074	5.34309	4.91746	5.1699	5.13457	4.07969	10.6727	11.9756	13.0074	18.0285	6.51221	11.2824	8.4564	7.47621	6.24275	6.52598	18.1093	4.02338	14.3326	3.6376	5.41898	7.33904	11.0756	6.40052	10.9216	10.1966	23.9435	0.942581	3.54012	16.7643	4.28342	7.33904	18.4503	10.4957	5.78083	4.29753	1.17409	0.892538	0.892514	1.02059	0.892514	0.892538	0.631157	0.875196	1.41102	0.942626	0.875225	1.44324	1.26216	0.875196	0.631116	0.990116	1.10697	1.72359	3.19115	2.96819	3.22445	2.82045	7.01257	11.2061	8.87462	3.73694	6.31759	7.45056	7.68767	9.09421	7.14209	6.18484	4.83041	5.34014	5.56514	5.8641	4.9422	5.24854	3.59992	5.79904	8.39443	15.4437	3.67524	28.5828	20.385	5.61887	6.10345	9.54008	8.80417	5.92279	3.21027	4.28342	6.4843	4.47427	4.86457	4.96332	5.23713	7.27329	11.469	11.2644	6.80377	6.46813	7.5974	1.50556	1.23758	2.11416	3.01905	3.84933	3.98531	4.89252	1.65104	7.87181	3.95457	10.6602	5.7152	1.9328	6.24315	10.9606	12.1585	6.62445	0.631157	4.70274	11.6595	6.1849	12.9338	9.56357	6.31494	3.46177	5.58667	4.5084	6.39318	1.82702	3.60396	1.10702	4.8175	1.23763	1.23761	4.11312	6.56291	5.43566	6.27909	6.54904	3.31761	3.51408	2.24055	1.82702	2.8951	2.6005	2.44925	10.0718	3.05419	6.93711	3.3633	2.22701	5.71495	0.942626	0.391435	1.17409	1.23763	5.20776	5.30863	0.721712	4.05358	5.07525	3.48354	5.39072	4.70277	1.06467	5.34273	0.78279	3.68767	3.84947	3.76541	7.24611	4.89267	9.22511	8.17318	4.58496	3.22445	7.60137	1.78459	5.19027	1.88465	4.47427	7.86613	3.05917	2.62387	3.6376	3.01905	3.3407	5.35435	6.1259	3.67532	2.62979	2.76562	2.60065	4.53192	4.57188	2.71556	4.84267	7.53005	3.31775	4.32242	3.48367	8.17321	2.97846	5.18185
8.5153	9.87952	14.1892	10.2229	2.52272	5.61841	7.09066	8.87049	4.71853	6.79451	8.23647	11.6128	9.76268	8.74608	5.62672	4.7507	3.75289	9.685	7.39497	4.20055	4.79499	6.33579	5.45193	7.01003	6.42808	7.75088	6.19157	6.10308	2.84711	2.79835	2.27423	0.742555	0.391395	2.37932	2.978	1.65079	0.942497	1.36678	2.47378	1.97947	0.782721	1.0501	0.990082	0.782753	1.48486	1.06457	0.391395	0.391395	3.73651	7.31361	7.53963	3.95443	3.53542	6.81443	6.53265	7.6009	8.00116	7.05675	3.99256	7.19773	9.34214	13.2703	18.1832	15.7198	14.9367	10.9794	10.6717	8.01603	6.7322	17.4478	8.00676	13.2498	8.65376	7.75088	7.72589	12.1281	11.5013	11.7553	11.0628	25.1992	17.6362	15.3158	22.5704	16.9504	10.602	18.7315	14.2234	18.6749	24.069	26.8164	27.3319	23.3708	15.7303	8.40818	3.99271	2.37944	1.26203	0.391395	1.50541	1.86005	2.04791	1.99496	2.66994	2.86848	2.73772	2.54692	2.10682	2.82555	2.84711	2.76546	2.28104	5.45453	11.0838	14.3623	15.1227	13.9519	12.3798	13.1866	15.6252	15.8668	13.0758	10.2234	10.1499	9.09536	8.31742	7.19807	8.20014	7.77412	7.93192	9.63633	13.1167	4.20055	26.3781	24.4981	12.5584	11.7467	12.9149	12.5822	9.72187	6.42808	6.62402	8.62446	6.47681	2.35349	6.80315	6.90861	4.07572	7.64973	12.8971	9.23728	7.75088	7.04402	4.5848	5.34254	5.28257	4.54476	5.26246	6.97554	6.40925	5.75419	4.33938	1.99489	9.83608	11.2147	12.6405	11.3653	10.1874	8.71197	4.4909	0.942531	3.34019	9.02788	4.38134	11.3649	4.36743	2.58257	1.36685	4.19337	2.47383	5.26246	7.77412	7.78944	5.43508	4.6143	5.99333	8.3228	9.25489	8.35836	7.24158	7.70443	8.96212	1.23749	5.61866	7.91127	5.92502	3.21471	1.58463	4.45353	8.1047	5.30842	9.66246	6.93456	4.81733	7.41125	4.20796	2.60036	0.742593	1.80155	6.8559	6.2374	3.98495	2.82008	2.24047	5.62663	3.00859	5.76722	2.33401	6.58739	4.38134	3.68728	2.99339	4.9936	4.50772	8.34604	10.7226	5.34227	4.7665	3.98873	6.42784	6.86249	6.54847	3.22414	5.41831	5.61841	4.20051	2.19218	3.31742	1.10687	1.78447	5.50983	6.50713	4.29733	3.39465	2.45524	1.82679	0.247531	4.02292	2.62364	4.03428	7.38895	4.69283	1.61337	2.43017	9.87927	3.96212	5.16953
8.57003	7.72098	10.7687	9.84697	7.14075	8.54071	8.34861	2.37908	8.16301	10.5124	9.40166	12.8728	11.3759	12.0099	9.35123	8.12829	7.66305	6.97485	6.55009	4.22536	7.76718	7.86475	7.05208	7.93883	7.44916	8.80293	7.64351	5.07446	2.91049	3.56506	3.36261	1.36664	0.87503	2.274	2.76506	1.61312	0.742478	1.12049	2.48585	1.99466	1.02039	1.23734	0.892368	1.50528	1.17394	0.175019	0.700044	0.942402	2.60016	6.39931	9.25425	9.2589	6.16381	4.42239	4.69889	6.24917	9.54318	9.83512	6.17853	6.12211	7.51489	11.7948	17.6811	20.9144	18.7421	18.4417	15.4298	12.0567	10.8342	19.2521	11.8488	11.109	10.862	10.4759	12.5162	16.442	16.9265	12.8419	12.8519	22.8046	23.7369	19.9661	23.172	23.7764	19.5826	22.0563	19.3292	19.4219	22.4038	29.7283	33.6496	33.4294	28.9681	24.5047	24.0687	21.503	15.6027	11.3657	7.64927	2.81974	1.88438	2.11387	2.60016	2.97789	2.91049	2.58246	2.37923	2.97789	3.46991	3.15213	3.09351	5.15739	9.23664	13.9335	16.2676	15.8978	15.4859	16.742	19.4811	21.5522	20.4633	16.5209	13.577	12.5437	12.934	11.8196	11.317	10.1823	9.46268	10.605	8.85303	6.08253	17.8941	23.093	15.0243	13.5549	13.999	14.7429	10.2226	7.49103	5.07429	9.06649	9.89046	4.142	2.89455	0.892368	6.24883	8.243	16.0286	13.1855	9.20299	4.25064	3.50042	5.47637	7.88027	8.51994	7.48515	7.34365	6.58716	8.80288	5.61818	4.85142	9.69075	15.2909	16.6101	14.1946	9.08155	1.02045	4.65987	2.44878	3.44325	7.31889	2.64662	9.83046	2.71495	3.51787	4.22922	3.56515	5.92924	5.75881	10.1606	11.3657	13.0581	11.658	13.2576	11.8196	12.9879	11.5981	10.4606	9.83544	9.49368	6.80256	6.86394	4.92894	4.36693	1.65988	2.274	5.79791	2.10658	10.7908	9.14489	8.35914	3.70751	7.68022	3.58629	5.6953	5.28209	5.91942	8.38764	7.85709	2.19186	4.33923	7.81361	6.10271	4.46324	3.48288	2.73733	8.96105	5.57463	6.6232	7.10683	3.49616	6.72911	12.0711	11.1212	5.77974	1.50518	3.09839	5.08336	11.4795	7.44077	4.15298	6.85559	4.94435	2.04014	4.453	3.09351	2.3792	3.92683	4.9164	3.22375	0.175019	1.39988	2.04014	1.41076	1.41078	4.0225	4.84175	4.5308	4.61052	1.48481	3.92679	2.42992	11.8384	5.13659	6.94047
6.48252	6.65657	12.1895	13.5856	9.80295	7.44024	5.07382	6.39133	10.7246	7.2878	4.07869	10.1476	7.07045	9.76086	10.1856	10.2945	10.148	8.03706	8.68478	7.88701	8.38517	7.16925	4.47304	2.19166	1.41067	3.32593	3.32593	1.41064	1.23723	3.09303	3.6366	2.23993	1.49486	2.04745	2.13514	1.36652	1.12039	1.10666	2.10631	1.99448	1.0203	1.4106	1.17377	1.17377	1.65056	2.28061	1.8923	1.57463	1.33252	0.874947	2.04005	6.98499	12.4074	10.29	5.56622	3.11285	5.69481	8.8722	7.15674	6.06464	4.92826	4.39778	5.90087	6.24856	6.13159	13.9772	13.8962	9.38808	8.7259	18.1071	13.5524	8.68318	9.43795	9.1565	7.7029	7.4	9.54091	7.2548	7.4	11.7336	14.8298	13.1605	14.2612	15.3787	17.0361	22.9246	17.8693	10.7954	2.67511	12.246	5.06486	16.5239	22.0363	22.7957	21.6698	18.8665	14.1184	17.3927	19.098	13.9614	14.3	11.6866	4.37007	0.494958	0.553382	0.553382	0.553382	0.350002	0.494984	0.782605	0.942352	1.48466	2.10642	1.61306	1.26179	2.98779	5.38664	7.07057	8.3872	11.577	15.4429	16.171	12.6801	10.2831	11.2914	11.7336	10.7534	9.71254	9.10665	8.79185	5.33861	2.2805	10.2282	12.9422	8.8609	6.08967	7.0872	11.4645	3.35793	10.6573	5.29863	2.59978	7.21314	7.43425	8.31586	9.68977	11.4433	8.80201	13.4174	10.6219	7.30618	4.25384	2.97232	4.29634	4.71775	7.59947	4.85406	2.89429	0.782572	3.32133	6.58648	8.49117	6.5498	5.9922	6.06483	4.99266	5.63617	8.39213	6.57504	8.22014	1.2373	7.17146	3.83627	8.71034	7.49032	3.84823	3.12737	5.37523	7.5539	7.62475	3.73981	4.03352	8.96072	14.8967	12.4146	7.86429	9.80281	8.51372	8.94741	8.96067	5.92127	7.88682	10.5249	7.96244	12.1115	7.3206	7.77227	2.30055	8.00522	9.89995	3.98798	11.9782	8.40465	9.83424	9.09809	7.34275	7.10409	0.989842	9.89976	8.86722	5.07394	8.26195	5.56622	2.73149	6.96543	2.22625	2.13514	8.26166	8.3425	6.05222	8.47674	2.10636	12.9807	6.79298	3.95348	7.63059	3.1518	8.08139	12.5527	12.0471	2.50409	0.630942	2.98779	5.3385	1.4106	6.06464	3.92664	0.782605	2.59975	4.32118	6.08967	3.98435	2.33351	2.59975	0.721526	1.95585	3.2092	5.42837	5.80776	4.12298	2.2125	5.70302	8.19865	9.27848	6.24103	0.874925
5.33795	7.94441	15.9425	13.7481	5.47784	2.67478	1.61281	11.1276	10.0681	4.20664	3.31645	10.3893	7.31958	5.6304	6.24069	6.90009	6.66745	4.24979	6.62194	6.96911	6.45644	3.90668	3.98374	2.8675	0.52494	1.72285	2.73681	2.19144	1.73169	2.3528	3.49527	3.09271	1.89202	1.65031	1.61281	1.36638	1.80095	1.23713	1.41046	1.97889	1.2616	1.17365	0.874834	1.89202	1.80095	1.73178	1.99438	1.12034	0.494907	1.10655	0.782491	1.61287	6.98422	9.8557	5.41957	2.28037	3.21362	6.80108	6.39772	6.39772	5.7207	2.3528	1.12028	2.62287	3.75163	8.71778	8.47065	3.67388	3.83209	13.4296	11.6093	5.71304	6.29814	8.38592	7.62589	3.15135	4.72676	5.08819	4.02184	4.45239	9.03863	8.39693	14.2031	10.6124	7.88442	17.1388	13.1372	11.8073	9.16207	11.0079	10.8801	5.55177	9.79275	7.67107	11.2472	16.9802	1.65956	7.57894	16.6301	10.8038	14.2047	17.738	9.07928	0.874834	0.494907	0.494907	0.494907	0.174984	0.391264	0.391264	0.247458	0.742337	0.874856	1.10655	0	1.04979	1.89211	2.4855	3.09287	4.91559	7.71969	10.5324	9.75687	6.86298	6.54913	7.71969	7.64773	7.34233	6.86298	5.29824	1.99438	2.37862	6.53042	6.50515	6.2983	3.36206	4.45216	13.1303	3.33928	13.9392	9.13125	3.37567	0.989739	3.85971	4.89078	3.83605	5.84872	6.17734	9.37892	10.2958	4.36964	5.95113	2.84628	5.95097	2.10616	3.70678	2.97721	0.553342	1.41048	0.52494	2.71443	3.1899	1.8263	3.60256	3.63622	1.92411	6.77677	11.7725	0.874834	9.94765	4.56996	4.90006	9.92695	2.50376	9.26471	2.09888	4.0331	9.15557	7.32784	4.05195	2.45452	6.54656	5.51626	5.06148	5.69449	6.46566	8.40366	5.7968	4.71726	5.95124	2.82473	5.92299	6.16264	5.79694	10.2888	8.32721	13.63	3.31634	11.9565	4.89078	8.596	11.7344	6.3148	9.99339	11.083	5.99149	10.0228	4.45236	12.2637	7.81181	3.70678	4.37996	2.8192	6.18947	6.56723	2.81929	2.4731	4.65883	6.79241	3.11253	7.38265	1.61281	13.8384	4.71702	7.16225	5.79683	4.22814	7.91809	7.23936	3.09776	3.33921	2.12779	3.284	5.06122	2.50376	1.82625	3.98393	5.7968	0.742337	1.93205	3.70678	3.70671	4.82833	2.21234	1.49471	1.33238	1.49471	5.80458	5.06122	3.67379	5.7577	6.39093	8.32039	5.56564	3.2136	2.28033
10.5579	12.0196	15.1394	10.5573	2.47286	4.5698	6.55778	11.994	10.0744	4.7007	6.65566	11.4763	8.70862	5.54065	5.27493	3.92589	4.91502	5.08778	6.05101	5.93765	3.98716	1.72267	2.73653	3.66931	3.29775	2.03966	1.48427	2.59925	2.76425	2.28003	2.97682	3.35707	1.95539	1.80076	1.85922	1.26147	1.56453	1.44254	1.78373	2.23947	1.17353	1.22459	1.10644	2.10587	2.10587	0.721362	0.174968	0.874802	1.65024	1.88383	1.2736	0.721386	2.93039	7.9456	8.7648	6.33597	4.31336	4.29546	4.92725	7.15529	7.54633	3.2133	1.41031	2.42921	3.70642	7.5306	9.25137	7.62955	6.40689	12.2097	12.9179	10.4016	10.6077	11.0231	7.82648	3.01759	2.4355	4.3692	3.60237	1.56462	4.36566	4.39697	13.2535	14.0585	12.4713	17.4611	16.1653	13.9758	16.1649	11.4575	16.2995	12.3007	13.6302	10.3885	15.2083	19.0333	7.82482	6.5459	11.8097	13.5334	14.9865	24.1417	19.0634	17.8451	17.2749	11.8893	5.62447	1.06418	0.74226	0.391224	0.174968	1.02009	0.874744	1.17353	0.874802	1.4425	0.49489	0.699838	0.699838	1.41034	2.62269	4.89033	7.26981	8.00393	8.78529	10.4535	12.0964	13.0547	13.1299	12.0678	10.8568	10.6077	11.6646	14.3661	16.1247	15.9599	13.1819	14.2266	7.10084	14.577	16.1201	13.3962	11.3612	9.27704	4.16641	1.04969	3.20854	5.45241	4.52948	9.68752	8.48957	9.4849	11.2778	10.5399	4.80283	4.3131	0.892106	1.92393	1.4425	2.98722	4.53954	2.73093	1.74914	2.66305	3.60219	1.41034	4.16615	10.7183	10.8272	13.1545	8.8507	7.0501	13.4657	12.5402	12.4294	7.50505	7.85525	9.17411	5.84806	2.54594	2.47297	4.93643	7.93607	3.12673	3.0074	5.99833	8.1966	5.47447	2.12763	0.989637	3.60222	3.53825	6.63297	5.70193	4.20624	8.1968	10.0862	13.071	14.286	4.71686	10.5241	10.695	9.8507	14.3648	11.9097	7.38633	10.8953	11.4578	13.9027	5.1323	1.06418	4.91496	1.48427	7.11114	7.15529	3.53844	7.06908	9.49728	10.7622	9.57314	11.5183	12.2232	11.3094	1.99417	8.96523	4.19174	6.05101	8.91227	8.85047	3.0076	4.91496	2.62269	3.64843	4.70048	1.41034	0.630851	1.61265	8.14371	3.73505	5.08778	4.3692	7.55235	6.10073	3.53844	1.85935	2.10587	1.02009	5.20526	2.48512	2.43561	3.70227	2.27334	3.68589	3.98353	5.09683	7.28847
7.76242	8.25575	9.91474	7.38127	4.03246	9.32218	11.7328	11.8051	8.28273	3.60206	6.47395	8.87815	5.54263	2.62251	3.70206	3.56369	3.98298	1.92374	2.93012	3.21301	4.53922	4.24898	3.90605	4.84951	5.08738	3.99078	1.58386	1.8259	4.07357	2.84559	1.8006	3.16527	3.26487	3.49905	3.22251	1.6593	2.27994	2.58144	3.15075	2.84559	0.630756	0.742196	1.89166	2.03936	1.17342	1.23689	0.742196	1.58386	2.43537	2.23939	1.994	1.41025	1.78357	4.08863	8.51663	9.23143	6.24672	1.23693	2.97151	6.79995	9.99602	5.6773	2.62244	2.45405	2.50336	5.16705	8.03652	8.62587	8.03473	11.5209	13.8915	14.1822	13.1111	10.4524	5.7199	2.03945	1.39933	2.7364	2.84574	1.56446	2.62244	3.70613	8.11396	13.2065	14.0935	16.546	18.6734	20.3091	20.9401	17.3918	16.4995	11.7992	17.5889	16.0699	15.5724	17.2962	9.83141	3.86678	6.62082	15.8569	19.095	26.4603	21.7899	24.4446	27.1321	24.9676	17.7647	10.9904	9.39797	5.84517	2.09848	1.23687	0.494813	0.391189	0.892018	1.04959	0.630786	0.892018	0.721314	0.942075	1.9553	3.75108	6.18859	7.88294	8.7234	10.0871	11.859	13.0139	13.2442	12.9269	12.9997	14.3087	15.7977	17.5109	19.2561	20.869	20.0675	16.2208	11.8101	14.7176	17.9422	16.9427	15.8466	15.0527	8.64979	2.93021	1.72252	2.27994	2.62826	5.30586	10.1436	12.1011	16.6728	15.6182	12.8043	8.24117	3.20826	3.83137	6.39186	0.553237	5.02427	5.03327	3.39301	3.96021	1.95524	1.8259	0.874712	7.44623	12.317	10.3709	5.5428	4.1987	7.97506	10.6397	10.5388	8.95649	9.29528	6.50407	4.31275	4.15122	4.58259	2.8671	7.2606	5.23381	4.09217	4.22733	7.31612	6.22719	1.48422	3.35678	1.49442	5.15536	7.50428	6.44598	5.85784	1.99398	11.36	14.8925	11.1011	5.45198	9.31391	7.80863	13.1545	16.0547	10.8503	8.35268	10.5347	14.2535	11.5825	6.42476	5.41854	7.89225	4.86805	4.91457	8.35437	9.75512	10.8502	8.68067	7.88473	6.76248	7.96013	8.48173	3.21313	6.45519	5.59154	0.892	4.91452	7.15466	6.34214	2.37829	4.28096	2.797	3.6731	3.31571	1.39933	3.64821	4.93616	8.95777	10.3281	9.84966	8.5254	9.36942	6.25631	4.84951	4.07742	3.60201	4.5393	2.27318	0.247411	2.7364	3.37503	1.48422	0.782375	2.62826	4.2058	5.33997
10.8289	12.1214	13.065	9.99217	6.6202	9.75693	8.69534	8.31812	4.15098	1.61237	3.35643	3.86639	5.036	4.52888	2.8933	5.29656	5.8186	3.70588	3.76288	3.90571	4.91422	5.46262	4.61188	3.83499	3.70173	4.03204	3.8428	1.36607	3.28304	4.15081	1.95505	1.58371	2.59887	3.85857	3.98263	1.61242	0.699705	1.41004	3.49424	3.22213	1.23677	1.44227	2.04664	1.36598	0.52479	1.27331	1.41007	2.37793	1.41004	0.349866	0.721225	1.22436	1.65908	0.891913	2.03928	5.20453	7.23729	3.99023	0.721225	3.16496	9.49507	7.64532	3.32004	2.92983	1.36598	1.49427	1.41004	0.699705	1.57402	4.86131	4.88941	4.5822	3.5848	1.49434	1.33199	2.11273	0.941946	0.391171	0.891913	0.874578	1.26123	1.89146	1.11995	0.874607	2.80217	6.96508	11.9562	19.5195	19.5632	17.9982	12.41	9.68594	14.409	18.2025	14.5258	12.6543	12.4313	3.11146	13.7443	11.6207	8.75617	20.176	11.3483	15.6869	14.6268	22.8482	20.9771	18.1697	18.9995	15.7013	8.77683	7.31577	4.53218	1.74886	1.58369	0.874578	0.52479	0.52479	0.174934	0	0	0	0	0	0	0	0	0	0.174934	1.06398	2.34575	4.37546	4.94197	3.77905	4.0734	6.39624	9.08207	9.12923	7.34032	7.91616	10.6661	11.1473	11.5364	15.3686	13.6869	10.3161	6.584	4.59201	3.31538	6.93249	5.4737	8.59389	9.33715	9.53248	15.6221	10.1437	6.45457	6.11944	10.4514	10.6182	9.30556	8.38206	5.81871	4.0734	3.12631	2.81844	2.47239	4.41668	1.64993	1.61237	2.34575	2.86685	4.83968	4.56881	4.07686	2.45382	0.553187	0	3.29692	6.07961	5.13424	6.71954	8.67973	5.08674	6.04974	2.1343	5.77162	6.77481	2.04664	3.28304	4.36499	5.81871	2.64539	4.13977	7.70004	10.1903	8.68655	2.59887	1.17337	7.20395	8.40124	2.04664	8.42432	6.67441	2.71374	3.85857	4.99985	5.77704	1.41007	9.47631	7.90632	5.25937	9.86169	0.941991	4.76383	7.35848	4.64793	1.10623	4.36483	2.45384	1.65915	2.50316	4.76365	5.46241	5.47651	4.64793	7.74631	10.3936	5.37339	1.9938	2.98665	4.45113	2.82394	2.09828	3.85857	6.2821	8.10053	10.7857	10.7353	5.45989	5.08693	3.49424	4.06196	0.782306	4.0321	5.92167	5.47651	3.8428	1.41007	2.73601	1.17337	1.61245	2.4476	2.19092	5.54231	7.78507
3.84638	7.76117	14.0553	12.1731	5.38384	8.16705	4.55161	2.64513	2.98635	2.03907	1.6122	2.37782	3.31519	3.94016	2.86655	4.37482	4.93507	1.22424	3.00672	4.26252	4.74747	4.56837	3.56308	2.98635	3.1502	3.28275	2.82355	1.95487	0.72116	4.03158	3.37427	1.01981	1.40996	2.66802	3.2501	1.80026	1.72219	2.12698	2.52102	3.11119	2.10529	1.04939	1.1732	0.989364	0.391115	0.742055	0.874524	2.92957	2.50281	0.494744	0.699639	0.630667	2.16262	2.13421	1.9936	2.81826	7.69922	7.89066	2.4536	0.891831	7.23655	8.54954	4.37482	2.84505	2.13411	1.99352	1.23666	1.01986	1.23668	2.96573	2.58084	0.699639	1.01981	0.630636	0.874502	1.80026	1.44209	0.891831	0.553115	0.782194	1.50432	1.5641	1.22424	0.553115	0.989364	2.59863	8.3547	15.8331	19.4758	21.8742	22.3097	19.864	18.5095	25.5429	18.4337	17.6433	21.9494	18.8831	7.48054	16.0948	10.6166	17.2928	9.4585	16.0812	4.62121	15.1418	15.3717	14.362	15.1706	17.1752	11.6948	16.9557	15.9537	13.3924	12.8524	7.60563	2.89301	1.88328	0.891849	1.06387	2.50291	2.86655	1.82561	0.52474	0	0	0	0	0	0	0	0	0.174918	0.247377	0.247377	0.553132	1.49419	1.97824	1.64976	2.7636	5.84668	7.51084	8.10521	13.4377	17.0514	17.9331	15.013	10.7794	6.79886	8.21622	6.00197	9.55023	4.80144	9.10513	15.2816	8.77561	5.13365	3.81458	4.8141	10.0385	12.1973	11.0794	7.55053	5.38687	4.74104	3.66826	2.29947	2.976	1.80034	3.26416	1.78327	0.891849	1.82556	4.839	6.69841	2.88243	2.62188	1.39907	5.47293	6.72529	7.63881	8.47838	8.16743	2.2115	5.67614	1.9936	4.91359	7.20962	4.53173	5.51445	5.24748	2.4722	3.15016	3.51143	3.87798	3.68484	2.10529	1.61228	1.61228	8.54254	9.19081	5.59048	9.31219	5.5388	1.36586	2.16262	3.84243	1.49419	4.07279	7.25924	7.65255	9.08765	10.5491	3.05699	2.80193	3.45891	1.9936	1.44213	3.73801	2.47212	1.2367	2.7636	4.37847	7.06718	7.33957	5.8439	6.0193	10.2263	0.874545	2.12701	3.21252	4.69934	4.13958	3.15016	3.05187	6.52106	1.88322	5.30461	6.16518	2.1907	3.33801	1.88328	4.86088	2.50281	1.82561	1.80034	1.01981	2.98625	2.97101	2.62194	1.10613	2.35202	3.01679	1.61222	2.62194	4.95981
1.78306	4.88537	13.88	10.8224	5.45856	7.78315	4.99559	2.16235	1.40983	1.27307	1.442	2.27931	2.54498	3.01652	2.67358	1.74842	4.47387	3.7781	2.64489	2.89275	3.39196	3.48054	2.79621	2.54498	3.86566	3.83403	2.21121	2.29921	1.64961	2.66204	3.3558	2.59823	2.62749	2.67358	1.88303	2.03876	2.21121	2.10514	2.29921	3.14984	3.09619	1.57372	1.17308	1.40978	1.06378	1.10606	0.87447	1.48371	3.71313	1.93111	1.99345	1.80018	2.10522	2.47203	2.50268	2.52092	5.41705	9.03435	7.13599	2.59838	4.33602	7.85378	7.10846	3.59661	1.99332	2.62161	1.36572	1.04929	1.10606	1.80008	2.35166	0.989261	1.0197	0.782114	0.782114	1.23651	1.17308	1.04929	1.06378	1.17308	1.36572	1.17308	0.891767	0.941812	1.11974	1.7831	6.50664	2.2113	12.1833	15.1696	15.034	11.9661	14.5726	23.3882	20.4346	15.9498	16.6549	22.981	5.03505	14.4642	13.1762	13.2441	8.02303	14.561	6.2929	11.2436	15.1005	11.7714	14.9112	15.0063	14.0542	13.798	17.2176	20.5497	22.7081	20.0963	14.9335	12.663	11.6641	8.71591	4.32229	3.00646	3.49806	1.93113	1.11981	0.891767	0.174901	0	0	0	0	0	0	0	0	0	0	0	0	0	0	0.174901	1.40983	4.91329	9.07547	12.7709	16.6134	17.7602	14.2537	8.8492	6.63713	7.13596	4.92564	9.70814	14.7634	10.9193	5.7943	3.77022	3.39196	1.61207	1.85852	3.4321	4.95939	6.54378	6.981	5.33556	2.54498	2.92939	4.36423	1.61211	0.630572	1.10602	2.37763	3.05159	6.55486	4.21894	6.12058	3.83028	7.59092	6.2254	9.07498	6.28087	4.01615	5.20329	3.11087	1.50426	4.19016	7.14225	5.92561	6.1796	5.1774	2.33216	1.50417	2.10522	3.49381	1.72211	0.630612	1.26107	1.23656	7.26674	11.4693	5.43114	13.2316	10.8523	2.76338	1.61214	3.14984	1.27312	4.60743	3.98565	4.69574	8.02315	5.98877	1.74842	3.16436	2.88217	3.53707	3.11108	4.62067	3.90491	3.36048	1.99342	1.26107	2.03876	3.5111	8.83536	2.81796	9.21554	3.12555	0.782157	1.23654	1.93111	1.9232	3.05156	1.99342	5.15072	4.7915	6.38771	5.79404	1.99342	0.494702	5.07995	5.41433	3.51106	1.49399	1.48371	1.26099	1.22413	1.58341	1.61211	2.6735	1.80008	0.553059	3.14984	1.73085	1.95468
5.4165	10.2102	10.7785	4.37754	9.31864	9.35964	5.67527	2.23854	1.17298	1.85835	1.50404	0	1.27296	2.10489	2.03859	0.630547	3.14956	5.92476	3.09591	2.4469	2.76299	2.35146	1.82521	1.58324	3.90441	4.14963	2.47173	2.8014	1.72193	2.12657	3.14956	3.76166	3.14956	2.27903	2.6619	2.04614	0.874336	1.58324	2.43436	2.73525	2.67326	2.45312	2.11215	1.97776	1.10592	1.23644	1.64945	1.95456	3.7495	2.66751	1.23646	1.8	1.74835	1.85845	1.95456	1.72193	2.71295	6.62516	9.26778	7.60421	2.19028	5.15322	7.68031	7.65114	4.56751	3.81385	2.62138	0.941684	0.721023	1.33162	1.85835	1.17298	1.10592	1.01962	1.17298	1.23642	0.891662	0.391041	0.874336	1.3656	1.01962	1.10592	0.553027	0.782045	1.7307	0.524641	4.03089	8.84636	7.01446	1.50411	2.10494	6.46428	14.9873	15.205	11.491	9.23397	14.2516	20.468	5.2463	13.7323	15.9243	11.6377	9.38024	13.9287	9.84604	12.9729	12.5889	11.9124	15.445	9.85037	16.3452	8.89	9.08595	14.1728	16.0033	20.6875	20.5789	18.2138	20.1608	20.1683	11.7085	4.95888	6.38964	5.33504	3.35568	3.22136	1.57357	0.174885	0	0	0	0	0	0	0	0	0	0	0	0	0	0	0	0	0.699506	2.71295	7.04668	12.2796	14.9105	13.8743	9.93519	6.33046	4.68231	9.1909	13.7315	14.5707	11.5932	9.55939	6.68849	2.99085	2.66764	6.84357	4.08694	1.75701	5.23486	6.38964	6.44579	6.0006	2.59803	4.0497	3.51515	0.55301	2.88188	2.27901	6.06798	7.50904	4.53087	6.06829	6.33037	4.76233	8.71969	5.54863	5.05835	6.16402	1.89094	1.22401	3.22141	6.75984	6.06078	3.713	4.25098	6.28032	4.85081	5.54071	5.47492	5.5814	3.39172	1.27296	0.874358	5.05835	11.4304	6.61833	7.66654	10.6503	3.14966	2.27236	3.7373	0.553027	3.90441	3.01617	1.06365	3.1496	3.83387	6.27071	6.67267	5.67796	2.13381	1.17298	3.20704	2.27901	3.26355	1.99322	1.74831	3.49328	0.782045	6.29458	5.20311	5.61359	3.7495	1.75701	2.54473	4.74662	4.85081	2.03859	3.83387	2.97045	1.74826	5.82464	5.56223	0.741952	4.25085	6.12001	3.21194	0.721023	2.73536	0.782045	2.62151	2.67331	0.721041	3.39165	5.23209	6.79749	4.44986	4.0497	2.23854	4.01954
9.82107	10.4123	1.22389	8.78523	9.31	5.10569	0.874246	1.39867	1.4937	1.10581	1.78276	1.65852	2.10476	3.70432	2.12641	0.782009	1.95431	5.79294	4.01539	2.67307	2.2721	2.45288	1.93077	1.39867	2.84422	3.35971	1.93077	2.50211	1.72169	2.13349	3.98872	3.76939	2.71261	2.5444	2.62702	2.47157	2.35137	1.95438	2.71261	3.0956	1.92283	1.95428	2.48371	2.23819	1.26075	1.01951	1.10581	1.06357	2.23819	2.37706	1.61181	1.06355	0.391023	0.552977	0.781966	0.630452	1.01957	3.59614	7.58983	10.3786	5.75127	2.03838	3.66722	7.52648	8.08259	6.86697	4.76185	0.989073	0.494573	1.36546	1.36546	0.891574	1.27283	1.50388	1.48343	1.11952	0.552954	0.349733	0.874246	0.941589	1.04909	1.22389	1.01957	1.6492	1.89075	0.720952	0.941633	6.6245	11.1168	8.04768	6.42435	12.2372	15.9851	12.5268	10.8245	8.54007	12.9413	18.3222	9.26544	13.0522	16.3918	8.33617	9.31788	15.1259	11.8585	11.7261	14.7502	17.1348	7.87318	13.8036	12.7686	9.88077	7.95646	6.17324	3.14447	10.1405	17.0779	15.5712	14.9867	19.422	19.0281	9.09173	11.4906	12.8488	6.61793	9.23203	14.3053	13.2005	8.315	4.61013	2.76286	1.99307	1.33155	0.524591	0	0	0	0	0	0	0	0	0	0	0	0	0.174868	1.93077	5.51287	8.06064	9.2288	7.54847	5.85541	8.09001	11.9637	14.0879	11.7938	10.0912	8.28457	8.39841	6.2725	4.99766	6.06736	1.17292	2.10474	3.26334	6.78793	9.0196	6.84973	6.89545	5.84498	5.22554	1.44172	4.44917	7.46842	8.70357	3.74933	4.32148	3.73302	3.76128	9.65757	6.17324	6.75892	5.31443	2.12637	2.09748	3.66722	5.15296	7.00549	5.56201	4.88771	6.77036	7.03976	6.04038	4.69807	5.47432	5.60244	4.19297	1.10581	4.01904	6.77889	7.85083	10.7208	9.19485	4.14941	5.51287	5.1323	2.11204	3.68366	2.84422	0.174868	0.552977	1.6493	3.35516	3.84528	4.88754	4.36334	3.22113	2.33171	3.73292	2.67307	1.97756	1.95435	4.193	2.71271	1.72178	4.16405	4.03057	4.03047	1.17292	3.90402	2.81742	3.05596	5.89608	3.67135	4.32148	5.94736	6.45219	2.34473	3.22113	6.97962	7.03732	2.59791	4.65573	4.09048	5.6265	2.21079	3.70439	3.98133	7.99172	5.67487	6.71892	2.13349	2.18997	4.01918	5.84244
7.82707	4.14886	7.54742	11.1352	5.79268	2.99028	1.27271	0.941538	0.524541	1.11948	1.64913	2.52018	3.43123	3.49705	1.23623	0.891492	0.941505	4.06006	3.70397	2.59762	3.73265	3.69995	2.81719	2.42772	2.27188	2.1333	1.17275	2.11175	2.57986	2.238	4.5665	2.84397	2.10449	2.48349	1.74793	0.630427	0.720886	2.04575	2.97495	3.39101	2.33155	1.82492	1.61159	2.34453	1.858	1.10571	0.741773	0.941505	1.40939	1.44158	2.37691	2.47123	0.552905	0.174851	0.988988	1.01942	1.27271	1.39854	2.59765	8.67568	10.4268	6.5534	5.2311	3.44011	3.31383	8.21314	7.53154	2.47123	0.720886	1.61159	1.40939	0.699373	1.01942	1.40939	1.61161	1.61161	0.941505	0.552905	0.720886	0.390967	1.01942	0.891492	0.24727	2.18977	2.27853	0.741773	1.17275	2.03829	6.71851	9.1021	6.29124	13.8274	15.7755	8.50473	7.06417	8.32098	10.6126	13.4704	7.80975	10.241	17.6401	6.62856	9.16041	14.17	10.1552	13.1241	21.7692	13.9977	9.30116	10.6611	5.18461	6.33174	10.151	7.33886	6.31269	10.0784	12.6276	14.6142	11.22	15.0516	20.4307	8.91503	12.4319	17.1378	9.3721	11.6802	14.9078	18.5597	17.4992	15.5163	12.2445	7.23413	4.48629	2.29857	0.174851	0	0	0	0	0	0	0	0	0	0	0	0	0	0.174851	0.390983	2.2986	3.46656	4.26091	5.94675	8.79454	10.9417	10.5025	11.1211	10.5952	11.3075	12.0943	10.9896	10.9776	7.0134	4.19627	3.71229	5.93395	6.96827	5.47388	5.44889	5.6019	8.50473	6.23599	6.82253	10.2297	8.95284	3.49279	2.23811	4.31746	5.07849	10.7425	5.74803	8.61547	5.20193	3.44011	3.76108	5.06051	4.57999	7.23413	8.71339	8.9927	9.04352	7.54172	3.98852	2.44644	3.26293	4.07504	5.1052	5.76917	6.92733	7.13194	5.80308	6.04716	5.0844	5.64486	7.54761	5.31424	3.5101	4.68123	4.44879	1.74802	1.8581	1.74802	1.58294	5.80308	6.7786	4.63586	3.53171	2.04575	3.46639	0.781929	2.48349	0.247283	2.37682	4.68123	4.44895	4.06022	2.66713	2.84402	1.8581	5.33392	5.05766	9.5142	7.71389	3.53171	4.0188	5.73243	5.63153	4.07144	3.59988	3.53165	7.85735	3.46639	5.05753	4.31047	6.72276	5.03348	4.40447	6.46333	8.1642	4.41815	8.3352	3.12468	5.79249	9.01874	4.50321
2.37661	6.46277	12.2349	9.55181	4.4486	5.57974	4.0297	0.941455	0.174835	0.174835	1.23609	2.27844	2.3767	1.4414	0.49448	1.56334	1.9304	2.04548	2.33127	2.71219	3.67066	2.43377	2.18968	2.27844	2.11164	1.58281	0.720815	1.23607	3.0153	0.699306	4.37621	3.56131	2.8006	3.49671	2.45244	1.73031	2.54401	2.84374	2.47093	2.5198	1.7994	1.10564	0.78186	1.64889	2.73445	1.61142	1.06337	2.10436	2.5017	1.99269	1.3313	3.12436	2.8006	2.72904	1.89051	1.57312	1.40927	1.1056	1.88231	4.05987	9.75173	11.3208	11.6001	11.056	8.31344	4.8242	7.30508	3.09502	1.78238	1.99256	1.89039	1.23609	0.941455	0.630332	1.3652	1.61142	1.26051	0.781817	0.552849	0.699306	1.27259	1.23607	1.50369	2.09709	2.34429	1.4414	1.40927	1.06335	2.11164	6.47904	7.93805	10.8279	18.9196	14.2927	13.2358	11.4072	13.9482	5.69734	10.3218	13.4602	15.3643	4.53622	9.21272	12.5762	7.35434	15.0277	24.3627	9.87288	11.7485	8.64434	10.2407	14.1105	15.5275	15.9958	14.5256	13.3011	11.0428	12.0957	10.2749	14.5239	19.1901	6.77804	8.08091	14.7076	8.77657	10.8923	7.14982	3.68319	13.3556	17.1485	15.8571	8.67669	7.64915	8.71773	8.33489	5.29377	2.10442	1.74787	1.04889	0	0	0	0	0	0	0	0	0	0	0	0	0	0.174835	0.390948	2.96954	6.42069	7.85698	9.65637	11.5938	13.1494	13.6703	12.7921	10.9714	9.36335	6.15526	7.33618	8.83244	8.93902	7.1503	5.84397	5.53911	7.04895	8.75168	10.0892	12.1001	7.47521	3.43092	1.99269	4.19573	3.67068	7.68181	6.16222	7.13331	9.33193	7.01282	6.09384	6.7956	5.85686	6.40675	7.20036	9.52746	12.5766	12.649	7.84918	4.41775	4.24962	3.45724	0.94141	2.97476	6.46277	8.85924	7.01282	4.08594	3.14388	5.40649	6.25202	4.74525	5.06003	5.9256	5.77095	1.65814	1.58281	1.3984	5.68938	4.56622	2.45244	1.23612	1.06335	1.3313	1.26051	0.941455	0.891429	2.97476	6.13556	8.50393	5.79212	4.99371	4.41775	5.87732	3.01537	2.59724	5.4066	10.0496	6.03677	2.67256	4.32036	4.37272	2.33134	2.33134	4.91131	3.45748	7.0124	6.66149	4.07483	6.95922	7.97166	6.80655	5.37034	5.38155	4.54954	4.01463	9.41501	7.47745	11.6347	9.04586	6.10597
10.9225	12.0181	9.96082	4.53912	1.93021	4.36549	5.7601	3.33615	1.26046	1.49334	2.10416	1.27251	0.552817	0.247223	0.390892	1.85765	1.85765	0.741632	0.781748	1.2604	2.71743	1.49329	1.78225	1.64882	0.874047	0.174818	0.630307	1.11927	2.71192	2.97439	1.58264	4.58896	4.30963	4.53914	3.49204	1.61137	1.65804	3.49639	4.69651	3.35424	2.29813	1.95379	2.48315	2.66663	1.95376	1.99239	1.89022	2.98968	3.05023	3.08994	3.45712	4.01804	3.49639	2.37649	2.48315	2.18945	1.65804	1.78225	2.12577	0.941326	1.78225	4.07441	4.68703	4.76074	7.55414	8.75079	7.91086	4.02941	2.33111	2.54369	2.37639	1.0488	0.630307	0.781781	1.49329	1.64874	0.9888	0.69924	0.891323	1.11922	0.941326	1.2604	1.22354	1.95379	2.10414	1.78222	1.92228	1.72128	1.99241	4.04811	6.88266	7.6775	23.3667	12.1853	6.62726	8.0062	5.45883	15.432	19.481	17.9393	11.9965	11.5986	11.6585	9.45195	7.54619	16.3743	24.9827	11.2502	13.3029	12.6491	15.3375	16.1439	14.689	15.0936	11.6139	10.2909	10.5987	10.1807	7.23268	15.7374	17.7628	4.99342	4.41392	15.0236	5.20107	9.69772	5.22999	8.0875	7.96908	10.4429	13.8492	7.0121	12.3079	13.8916	12.6886	10.8862	7.42656	8.86009	7.53037	4.46857	2.88079	0.720767	0.174818	0	0	0	0	0	0	0	0	0	0	0	0.349633	1.61134	2.62052	3.49213	5.08353	7.80855	10.1534	9.84089	7.62304	10.1531	6.68597	9.17317	10.7572	11.8794	9.83637	7.26376	7.95416	9.5265	9.91374	9.1587	9.02196	2.50146	1.72121	3.3133	5.41449	5.60085	5.7601	9.33074	7.61716	11.5087	10.5933	9.36269	8.84332	7.17047	5.67322	5.23012	8.92648	8.6022	13.0433	9.21302	4.53912	6.1544	4.95675	1.44127	1.95379	3.2107	6.37551	9.29942	9.6919	9.56352	9.1004	8.18998	5.62509	6.30657	7.54	5.61952	3.29491	5.99358	7.08011	9.01706	4.13723	6.30883	2.48315	3.00486	3.92249	4.69348	3.37247	0.552817	1.95373	4.99628	6.13478	2.12577	7.42622	5.18346	6.55423	3.86397	2.47079	4.44113	7.42629	2.76203	2.98968	4.27772	5.23276	0.390909	2.64359	2.27815	1.93021	3.74808	6.54269	4.68679	4.37253	4.79872	1.11922	2.98972	2.62039	2.37639	1.9302	6.27783	5.92278	9.19228	2.133	8.38875
10.0013	6.82087	2.66066	0.699174	0.941276	1.50331	3.97962	4.36509	3.20569	2.13282	1.23586	0.390874	0.174802	0.174802	0.3496	1.36494	1.95354	1.06315	0.781712	1.22343	2.51933	2.13268	1.49314	1.44117	1.82441	1.23586	0.390853	0.720678	1.26035	3.50911	3.14811	1.06317	3.21984	4.54868	4.20227	3.12394	2.10394	2.10388	5.18288	4.57842	1.64857	1.64857	1.56305	2.37625	2.86467	1.88204	2.37612	3.21969	1.95354	0.941276	0.988766	1.64857	2.04509	1.23589	0.630253	0.630212	0.873943	1.44113	0.781669	1.01919	1.89015	2.37625	1.99231	2.50123	2.13282	2.10388	3.09443	1.78209	2.37625	3.8557	3.2621	1.85758	1.11917	0.873972	0.941231	1.10539	1.27239	1.0487	1.36494	1.56305	1.06315	1.27235	1.56305	1.65782	1.06315	1.01912	2.23735	2.80005	5.95769	10.2742	11.5266	14.8015	17.3693	9.45258	13.5304	12.5227	15.1841	18.275	11.998	11.5266	13.8355	15.8047	15.3946	15.5523	15.7245	19.543	25.6926	10.1584	12.4596	10.6364	11.4015	8.72972	7.39567	9.45564	6.96209	6.09744	6.69656	10.7978	7.4758	18.838	15.8876	10.5645	8.1621	15.7097	6.47552	13.2298	13.1211	12.3567	4.36175	14.4213	9.25513	11.5665	15.5203	14.5335	11.7252	11.2409	9.26348	9.49473	10.5646	10.1526	11.0447	7.8706	3.66999	0.3496	0	0	0	0	0	0	0	0	0	0	0	0	0	0	0.174802	1.58251	3.76004	4.44097	4.76032	9.39453	6.89301	6.41948	4.69626	7.00079	10.3623	9.97193	9.79218	11.588	11.0184	7.61848	7.52365	5.22385	4.46819	7.74066	8.00568	6.76782	6.38426	9.91239	8.16189	10.0013	12.3208	10.6474	8.5721	8.00574	8.33333	7.54564	8.16008	4.22038	12.0369	11.5662	7.16973	8.85907	9.34436	8.39544	7.50597	7.23832	8.24729	10.448	11.2364	10.4088	9.39015	8.29035	7.16973	7.81723	9.64959	8.00544	6.94492	9.6622	8.71613	5.92465	2.20995	8.23234	2.81635	6.72313	4.02905	2.59693	3.97976	5.3014	6.01558	5.24106	5.69627	2.47052	6.44028	6.77673	10.6799	7.52186	5.7596	0.941276	6.4986	8.50929	2.59675	3.87535	2.48277	2.50126	1.33098	2.2375	5.0561	4.29164	5.50238	8.46013	5.25547	3.94919	3.98339	2.4333	6.51671	4.58844	4.78887	6.66951	6.45915	4.88569	7.23174	13.2037
2.27106	3.37183	3.2804	2.84304	2.37604	1.50325	1.48273	2.64309	2.47033	1.49306	0.873882	0.74153	0.699107	0.494343	0.699107	1.23572	1.56291	0.74153	2.27778	1.97674	1.56291	1.95336	1.75601	1.95336	0.873882	2.10374	1.27223	0.699107	1.33086	1.3649	4.82296	4.76301	2.1038	2.27098	3.32179	2.62575	3.4913	3.1235	4.45733	3.84338	1.95342	2.67179	3.33548	2.8907	1.27223	1.72981	1.74731	2.7281	2.20975	1.17236	1.50325	2.11103	2.66039	2.62002	2.51923	2.50098	1.74731	1.441	0.873882	1.0486	0.552695	0.7816	0.349567	1.40885	2.33062	5.07657	6.12403	5.22913	5.29224	4.7374	2.43297	1.01908	2.23727	2.35024	1.61106	0.390834	0.524342	1.40885	1.8573	2.03743	2.61996	2.57899	3.18627	4.95904	4.81046	3.29429	1.82417	6.85275	11.0526	9.65806	4.96212	3.26169	6.24084	14.1653	13.884	13.601	17.788	17.8093	15.6005	14.4916	14.7443	13.6291	17.6029	20.4319	21.8804	25.0127	28.0114	9.43151	11.1025	9.67188	11.1417	10.0573	9.1521	8.29667	10.1788	8.18126	5.99245	11.258	8.69956	18.7396	12.2316	14.4594	11.8185	14.7871	5.84221	15.4673	11.7157	12.1363	9.84487	17.1581	6.96141	13.7825	10.6091	12.731	13.9685	10.0292	10.591	8.34496	10.8897	11.2158	13.9842	14.4011	9.53836	3.26178	1.23574	0.174785	0	0	0	0	0	0	0	0	0	0	0	0	0	0	0.174785	0.390834	1.10532	5.42735	5.44417	4.01737	3.04965	3.68211	6.09455	7.95267	7.37877	7.18786	8.12841	7.39492	7.46519	7.54487	8.40169	6.69357	3.53037	2.81608	3.59849	6.5506	8.13723	4.0735	8.33249	9.9163	7.99004	9.07438	10.9005	11.3508	9.30563	7.57645	12.3194	16.3717	15.1314	13.601	14.6978	14.5206	11.0159	7.19827	6.62602	6.17548	6.16085	5.42751	4.99556	4.19468	5.06758	7.33393	10.0469	10.9337	11.2815	8.26807	7.07848	2.84299	0.494369	8.01776	9.68549	7.26439	1.75603	0.873838	4.24857	7.57052	7.71496	6.03749	6.26957	4.30882	6.31006	2.10374	6.86376	2.96364	6.32907	3.53459	1.493	7.43888	7.09535	3.05453	1.61106	1.88185	3.93718	4.93465	6.46079	5.99745	4.44731	6.64386	5.33466	2.18904	6.61461	5.06767	8.15185	8.39605	7.81668	10.7552	9.52472	4.83554	10.9	9.99547
1.26011	1.0485	0.78152	0.390778	0.699041	0.720564	0.349534	1.36468	1.56275	1.23562	1.01899	0.552639	0.78152	0.630093	0.873748	0.552639	1.85723	3.5983	3.10872	2.29752	0.494326	1.33073	1.56275	2.11073	1.40874	1.26003	1.75584	1.17225	1.95317	2.23692	1.88979	4.29083	5.18219	2.54305	1.65751	3.20965	4.25866	3.43833	4.21575	3.7348	1.10518	1.10518	2.59626	3.38933	2.27744	0.78152	0.552662	1.2721	2.45149	1.56284	1.01899	0.89109	1.06297	1.06297	0.873777	1.65751	1.99183	1.58219	0.873806	0.247168	0.78152	0.552639	0.720541	1.26011	4.19059	1.8816	4.30844	4.76259	4.79739	7.23066	6.83917	4.10658	2.10356	0.630093	1.72966	2.76129	2.97364	2.82126	2.79954	3.85492	4.0169	3.00418	4.21949	5.75062	5.09106	6.6594	6.89172	10.5111	7.61462	6.33588	13.0883	16.3505	16.1303	15.0008	14.8365	17.3561	18.0942	16.3032	15.5575	14.8956	12.4103	12.2777	18.5317	13.4001	9.46343	24.8839	27.9651	9.67106	11.0109	8.35847	11.8407	11.8178	13.5685	12.2672	14.1192	11.4717	9.28583	13.3713	12.8768	16.4712	10.5129	9.4928	14.3603	15.2182	8.58246	14.5494	10.2379	11.7933	15.2213	19.3622	10.4628	10.6518	6.1746	10.0632	14.3292	12.8417	9.2091	8.08547	12.2402	11.6641	9.3884	14.3732	12.5817	7.90866	4.19059	1.06297	0.349534	0	0	0	0	0	0	0	0	0	0	0	0	0	0	0	0	1.57253	2.48246	3.00418	3.83136	3.294	2.03734	2.59641	3.08909	2.82126	3.81145	5.68755	4.69537	2.89056	3.7472	3.00418	2.61971	3.85497	3.26148	3.33507	8.07591	8.84875	5.08194	7.84641	9.32228	10.2182	9.80234	11.0808	11.2266	10.772	12.3651	16.0663	19.1809	18.7028	16.0587	15.831	14.8353	7.90874	3.35793	2.45151	3.59834	5.05531	3.97907	0.873777	1.79871	2.84266	6.41809	5.95657	7.00154	4.95858	10.7537	4.08439	7.67535	8.07634	6.62548	3.7472	4.53439	2.54296	4.67898	2.76114	0.941097	0.941097	3.77524	3.21914	7.80605	8.1601	9.25401	11.7982	5.92367	1.33079	4.02828	6.43907	6.99478	3.95585	1.4409	2.71682	4.36425	1.48268	4.2013	3.9018	2.42644	4.19414	7.9515	2.8426	3.2098	6.30739	8.33152	10.5457	6.89156	7.28026	6.30976	6.71956	9.58499	11.4198
1.79863	1.99173	2.27735	2.27063	1.40865	0.552607	0.247142	1.36457	1.11879	0.55259	0.741351	1.33061	0.873694	0.3495	0.988425	0.698975	2.44505	2.50051	1.40862	2.03704	0.940969	1.33061	2.04452	0.781452	1.56261	0.3495	1.57238	1.23549	2.59604	2.34967	0.873672	1.06286	3.14721	4.37417	0.55259	3.8308	4.16106	2.64259	4.92124	5.22788	1.64812	1.22308	2.27055	3.14715	2.23673	1.11879	0.247142	0.39076	1.72056	1.06285	0.3495	0.494249	0.494249	0.873672	0.940969	1.17209	1.61067	1.11879	0.390744	0.781452	0.720476	0.55259	0.940969	0.698975	1.92156	6.30646	2.5428	5.14638	0.494249	3.049	5.78918	4.36037	3.84276	2.81551	1.85694	1.8896	2.61952	2.66562	2.84245	4.10609	2.29726	1.0484	3.43802	3.77491	2.65979	3.3892	5.47079	7.59836	1.48253	10.7948	9.37324	8.23052	6.7748	7.48969	6.89101	11.5507	10.6508	12.2479	6.23247	6.30678	4.37427	6.89077	14.3327	5.68674	2.29726	23.7634	25.0114	5.89247	6.62477	4.16126	10.866	5.95605	9.19686	6.99452	8.67253	5.61765	5.94339	13.3541	13.5093	14.3894	6.69231	1.97636	10.8712	12.8235	6.23966	12.3865	11.0371	7.66866	12.208	16.7195	7.33464	5.05766	4.01641	5.56621	10.2241	10.7096	3.90158	8.3997	5.7055	6.76812	4.88431	11.5692	10.224	8.61068	5.84093	1.44072	0.781452	0	0	0	0	0	0	0	0	0	0	0	0	0	0	0	0	0	0	0.174752	0.552607	0.873716	0.873716	1.01889	1.23553	1.01889	1.01889	1.79863	1.65741	0.630038	0.698975	2.10341	3.35761	4.7365	2.97333	1.23553	6.66065	11.104	7.43748	3.00387	5.22814	5.83856	4.54752	4.60378	4.57739	4.60378	5.08161	6.71479	10.5852	14.2307	8.61271	7.63192	13.6842	9.5272	1.10508	2.66549	3.20936	3.1473	3.9015	3.45563	1.39774	1.0484	4.43945	1.61069	2.96807	4.06894	8.41569	7.00947	7.64538	4.88431	1.10511	1.61067	4.78725	1.50289	4.30783	2.50046	1.61075	1.58206	3.53389	4.93654	6.17405	14.4757	6.79222	8.20324	6.12272	4.08385	3.04909	5.78915	5.76568	3.29351	1.40858	0.890985	3.20934	2.18853	4.52395	5.78911	3.75881	3.18562	8.1594	3.58086	2.16052	3.35313	6.26837	9.23513	5.62281	2.76098	5.26816	7.49545	4.41211	6.97509
2.90578	2.81535	1.74687	0.873611	0.873582	0.524193	1.0188	1.58189	1.06274	0.524193	0.873582	1.17197	0.940919	0.781415	1.0483	1.39761	2.65952	1.39761	1.82364	1.95282	1.75554	0.720404	1.75551	1.61061	2.10314	1.58191	1.23539	1.33048	2.71612	2.22283	1.33048	1.65719	1.9293	5.16059	3.49039	2.46952	3.93596	3.09337	5.92225	6.37216	2.04432	1.44058	2.34943	2.97287	1.6105	1.06277	1.11875	0.720428	1.72921	1.01874	0.390704	0.781372	0.698908	0.781372	0.988323	0.988323	1.4823	1.11867	0.552534	1.01874	0.720404	0.174735	0.873611	1.0483	0.349467	6.95484	3.43768	5.50842	1.82371	1.99143	4.44581	2.71056	3.55929	3.59748	3.35723	2.33002	1.65726	1.23539	1.61054	3.21853	2.65965	2.81535	4.5868	5.33052	5.7444	6.27518	6.8599	8.06926	9.14959	10.5881	5.57661	2.51853	2.46963	4.83394	4.1898	8.8742	9.6341	8.76654	1.25987	2.79356	3.59321	8.10374	12.0514	2.43227	1.33048	20.2008	23.5656	11.5687	9.79601	9.04586	12.3123	6.9251	10.3046	12.6434	14.2403	7.21072	3.7301	14.5013	11.9423	10.2927	5.05716	5.76803	10.1021	11.9811	7.12952	9.39086	9.90855	7.14579	8.54066	15.4091	7.39881	6.18107	6.43813	6.89692	9.6932	10.6168	6.8442	11.1551	8.17336	8.27282	7.66029	11.5029	10.5257	8.71921	8.17343	6.38426	3.68101	1.0483	0	0	0	0	0	0	0	0	0	0	0	0	0	0	0	0	0	0	0	0	0	0	0	0	0	0	1.17197	0.741325	1.17197	2.29703	5.94273	6.16882	4.56375	5.57678	5.40076	9.5969	8.84044	3.29317	1.88124	2.04432	1.06274	0.720428	0.940919	1.25987	2.03696	2.81535	3.59342	10.5092	9.58363	8.00274	13.8584	14.3931	8.74663	4.05756	5.78861	5.50871	7.66022	6.38161	2.03683	2.37535	3.59748	1.92137	3.09326	2.22283	4.19335	2.27043	3.49028	4.4662	3.81059	2.10322	2.50021	4.01626	3.8424	0.781372	1.11867	3.66858	4.36344	5.37822	3.90112	15.0261	12.4133	7.29517	10.6812	9.03745	8.33022	9.69944	7.58804	4.8342	3.2469	1.40852	2.65952	1.56245	5.29907	7.07644	3.59748	2.84212	7.95001	4.27569	2.98826	1.92928	3.33444	7.3316	6.37216	1.27191	6.46574	8.60974	2.72731	6.19767
3.20414	3.27916	2.92632	2.10301	2.2702	2.65938	2.61903	1.74669	0.390686	0.494181	1.1049	1.74669	2.34935	2.34285	2.03675	2.0442	3.01331	2.16016	2.67078	2.82044	2.79874	1.33036	0.890834	0.890834	1.58174	1.9527	1.99135	1.49249	1.88915	2.48161	1.85659	1.56232	1.40838	4.27538	5.94216	2.32979	2.10296	3.21831	6.62332	6.94136	3.38851	2.98802	3.47693	3.09298	2.2702	2.48174	2.37513	2.12459	2.5779	1.23523	0.349434	1.01865	0.552485	0.552485	1.01865	0.873507	1.48217	1.36431	0.720339	1.10487	0.890816	0.552502	0.247095	0.781303	0.390686	4.37334	5.29867	0.890816	3.90084	4.21816	3.45498	1.58176	3.52898	3.97776	3.01331	2.27687	1.95268	1.75537	1.75535	2.10294	2.18821	2.84196	4.30721	6.62359	9.22582	11.4608	12.4171	13.053	12.0796	8.71869	3.74611	2.10296	1.95268	3.66817	5.12481	4.52328	6.8592	2.92632	2.10294	2.0957	1.25968	6.88502	10.2805	4.90812	1.58176	12.0255	22.4689	21.6599	18.8265	16.1352	13.3977	10.0317	15.1443	21.2638	24.5053	16.2113	11.2939	19.2974	10.6404	7.37171	7.04011	8.22898	11.863	13.406	9.96722	9.04485	6.43728	6.65715	2.81506	15.258	11.7409	8.98761	8.94642	6.61225	10.0604	11.0771	6.28632	13.6112	13.0755	13.2786	15.6328	16.6384	15.3449	8.39132	10.4039	11.863	7.64394	3.52903	2.34935	2.23642	1.40836	0.174719	0	0	0	0	0	0	0	0	0	0	0	0	0	0	0	0	0	0	0	0	0	0	0.524143	0.741249	0.524143	4.75784	10.9001	11.4885	11.7053	11.8632	11.6979	7.68878	7.75407	5.08932	2.49998	2.27685	1.6571	1.61045	1.97599	2.61903	3.49015	4.06836	4.31776	8.2307	11.298	11.7557	15.5228	20.1769	19.2459	13.4179	9.16803	8.67099	10.7117	11.0483	5.38054	3.55897	2.71038	4.01574	4.88341	1.58176	2.62478	2.34285	1.11863	4.41474	5.30716	2.81493	3.50744	3.3525	1.6571	1.88924	2.46939	2.59554	2.81498	4.48279	0.87355	9.1484	12.0602	9.91261	14.3685	12.0652	10.9231	10.3588	7.99262	6.79119	5.95493	4.8803	1.92912	4.27538	7.47231	5.70424	3.14662	4.21828	7.93251	4.31409	2.81501	2.50004	0.174719	6.33386	9.74196	3.14662	6.97373	11.3359	4.93256	4.73561
3.20859	1.74654	0.781224	1.79814	2.59542	1.95253	0.781267	1.17175	2.46916	3.24629	3.70097	4.08661	3.84179	3.37025	2.43192	1.40826	2.03645	1.36417	1.25964	2.43192	3.42821	2.73238	0.890752	1.40823	0.494104	2.49984	3.21808	2.37493	1.44035	1.99105	2.23607	1.50246	1.25956	0.873474	4.39032	5.982	3.74579	2.1244	5.05306	5.76401	3.32021	2.8788	3.38811	3.55871	3.48985	3.24629	2.81481	2.96729	3.53289	1.95245	0.890752	1.06254	0.890752	0.873445	1.10476	0.890728	1.49229	1.65688	1.06254	1.25956	1.01854	0.552452	0.552452	0.524093	0.174702	1.72006	4.24288	4.39025	0.781267	6.60001	4.69334	1.23515	2.26989	3.33381	3.08771	1.8233	0.890728	0.890728	1.75518	1.7552	1.99118	2.76024	3.63058	5.06535	5.81894	5.19775	5.14518	5.24107	3.00304	0.698776	0.873445	1.40817	0.629854	1.88088	5.12734	6.10142	4.3138	1.1048	2.10993	1.39734	0.988203	3.68017	7.65878	8.5047	7.25889	0.890752	8.77702	11.2224	11.6164	12.6207	8.77216	1.65695	9.30869	8.95184	18.213	19.7029	21.7119	29.5819	20.7999	12.0641	6.941	5.12462	8.53919	9.97754	3.63058	5.70384	5.78775	5.41087	8.80542	13.1872	16.3291	8.80075	6.19691	8.61327	8.9896	8.18439	8.59665	13.9229	13.5558	9.22342	13.3667	17.1387	18.1211	6.00214	6.77295	12.2668	8.86571	7.47781	8.35534	8.48389	7.2938	2.97242	0.349401	0	0	0	0	0	0	0	0	0	0	0	0	0	0	0	0	0	0	0	0	0	0	0	0	5.22636	14.6446	11.9404	11.8864	10.7869	10.8688	11.3902	8.62923	5.06515	2.15989	1.72006	1.23513	1.40826	2.03657	2.34264	2.27	2.04402	1.74654	2.37493	3.91995	5.85245	8.62412	13.6613	18.4999	19.2505	15.5163	10.2087	10.4571	12.6619	9.38927	7.30594	3.44163	5.08002	4.01536	4.07156	3.59698	4.41441	3.82573	1.92894	5.87289	6.05453	2.62451	3.42821	2.49984	3.77381	1.78107	4.48249	7.54136	7.51942	4.61555	6.4553	7.23388	4.82046	10.8198	6.7659	4.37298	3.09279	1.729	1.65695	2.43192	6.1503	2.81475	8.41335	6.33346	2.3749	1.40817	2.86286	6.51992	3.70072	1.72888	0.873445	1.8233	5.55369	11.6504	5.78748	5.81092	11.9582	8.20083	2.98255
2.90493	3.87284	3.35638	2.4441	1.61006	0.873384	1.23503	3.01271	4.53232	4.3064	4.57566	4.44481	4.06759	3.90008	3.09247	2.84142	2.3424	0.873355	0.988033	1.0185	3.76543	3.80947	0.741108	0.720193	2.37456	2.81441	1.88078	1.75502	1.56208	1.92874	1.88069	1.36403	1.11835	1.88876	2.10261	4.92868	5.1797	3.73324	2.75981	3.89992	3.76543	3.43667	2.09528	2.96707	3.20353	2.73225	2.49955	3.09235	3.66742	2.15967	1.23503	1.22261	0.873355	0.940643	1.65678	1.82318	1.92874	2.12413	1.562	1.88876	1.61006	0.89066	0.524039	0.524039	0.390611	1.01844	1.7463	4.75705	5.40199	3.95395	6.99144	2.27634	1.57177	1.99084	4.15942	2.4811	0.629829	0	1.17169	3.0876	4.69314	5.12409	4.74124	3.0876	1.06245	0.89066	1.92081	2.70976	1.99087	0.720217	0.247031	1.04799	1.17162	1.11842	3.48937	4.70907	4.95608	2.43156	1.44016	1.57177	0.720217	1.06245	4.455	8.301	10.48	7.81395	1.88078	0.552372	1.40806	3.90014	7.62869	7.78123	11.2558	16.109	7.54846	7.18381	15.2119	27.4014	28.5543	21.8079	12.2435	3.87284	9.9057	7.62854	4.602	4.46854	4.35869	7.88037	14.4124	11.9396	19.5008	10.9914	8.35416	13.8582	5.31773	11.8913	11.3687	10.5368	12.1868	3.59654	9.06709	16.4643	17.26	4.57566	6.28532	12.4752	10.6512	10.639	9.68469	10.2648	12.3126	9.73892	5.94115	3.82553	1.57177	0	0	0	0	0	0	0	0	0	0	0	0	0	0	0	0	0	0	0	0	0	0	3.43667	17.4456	15.9275	4.60204	4.74124	3.7454	4.35883	4.80774	3.05293	1.58145	0.873326	1.40803	1.25943	1.22261	1.23503	1.23503	1.40808	1.40811	1.64757	1.99097	2.48127	3.0876	5.24053	9.30825	12.6849	14.2327	11.6165	12.8843	13.8719	13.1955	12.6033	8.03933	9.55639	11.1096	9.17922	5.91325	5.57227	5.92067	5.22617	7.78175	7.89	4.44472	4.19212	1.11842	5.22873	3.49371	5.22873	2.972	6.56282	4.14489	6.62195	6.09071	6.03119	9.23629	8.08863	5.33155	1.92081	1.88888	1.25943	2.6646	4.93154	2.51763	9.09309	1.61006	1.25951	2.20856	2.98738	5.84891	3.21753	1.88069	1.0185	0.524039	7.30503	9.83291	6.22971	2.46886	10.3944	9.18056	9.4494
1.44003	2.61826	3.80924	4.02587	2.4501	1.48181	1.27141	3.98419	4.74057	2.75965	2.51754	2.34866	2.6586	3.87238	4.25644	5.0643	4.4985	3.04763	1.0184	0.494011	2.61813	3.77309	1.48174	1.25938	1.99069	1.65656	1.823	1.06235	1.25932	1.58128	1.04789	0.873251	1.06233	2.49923	1.39707	1.64732	1.75483	2.59489	1.99077	1.17152	3.84091	5.22838	3.35603	2.86246	2.81419	1.92063	2.04354	2.96664	3.67947	2.27614	0.781074	1.01835	0.698637	1.17157	1.56192	1.74614	1.60992	2.10953	2.27614	2.46859	1.64732	1.11831	1.79777	1.23493	0.781107	1.22249	1.11831	2.34866	6.17855	4.35838	5.19642	4.48149	1.74614	1.27138	4.25624	3.53219	0.349332	0.720128	2.10235	3.42763	3.2782	1.85614	0.873251	2.10235	2.10235	1.58129	1.58128	1.7461	1.27138	1.0184	1.0184	1.17157	2.20827	1.32997	1.27138	3.35594	5.40137	4.21335	0.174667	1.40794	1.58129	1.17152	1.56186	1.60992	5.83559	8.70406	5.29713	1.10458	1.56192	2.86246	4.74052	12.5642	6.01096	15.0341	16.7035	12.7138	3.38757	10.966	20.2705	26.7044	20.5942	8.80388	13.3807	5.62545	7.8284	8.48216	6.22948	7.16404	14.6715	12.7677	21.7423	18.8213	17.3143	15.5046	10.036	12.5135	13.5066	10.0171	13.2563	6.3061	10.5218	17.0658	15.4698	9.32311	10.5056	14.298	11.412	9.38767	7.37386	7.4343	10.6459	11.9419	11.1514	9.4485	4.90664	1.48181	1.04789	0	0	0	0	0	0	0	0	0	0	0	0	0	0	0	0	0	0	0	0	1.40793	17.7907	19.0634	0.940515	1.75485	1.7198	1.40797	1.56192	1.79777	1.6474	1.36398	1.58128	1.71973	1.10454	1.06233	1.04789	0.890555	0.552323	0.890555	1.06235	0.987999	1.17157	1.6474	2.84108	4.07084	6.17855	7.8019	12.7676	15.8776	15.8904	14.3644	10.2095	10.6557	10.7847	8.70437	5.91758	5.17023	3.27807	2.29619	5.44313	5.23706	5.94789	3.75714	4.98918	1.58129	6.11247	5.74216	6.00071	7.16399	5.23983	7.12444	9.5722	10.2309	8.19933	8.34263	7.23251	1.33002	0.390571	4.44413	2.29619	0.873294	4.02594	6.64394	2.64132	1.25932	2.51754	5.36512	5.74734	3.14572	2.2695	1.40794	3.5961	6.38623	5.69196	7.73465	3.89958	6.9717	9.34823	7.96411
4.35794	3.14551	3.14058	4.1441	2.81393	2.13098	2.18738	4.57455	4.85347	2.32889	1.74603	1.40784	1.64726	3.12125	3.9458	3.00216	2.44984	2.37411	1.50201	0.987914	2.49901	3.44042	2.13084	0.780995	0.52394	1.48169	1.95196	1.7285	2.44987	2.46839	0.890491	0.873218	1.56179	2.79766	2.59466	1.50211	0.552291	0.493959	1.01831	1.60981	0.52394	4.01042	3.76484	2.20805	2.57688	1.9905	2.04333	2.37408	3.46239	2.42481	1.06223	1.10443	0.629709	0.52394	0.780995	1.5617	1.71956	1.7975	1.8884	2.81924	2.34182	1.1714	1.36386	1.79761	1.64726	1.57147	0.552268	1.11814	1.56179	4.60089	2.13098	6.30057	3.67923	2.49901	3.6791	3.52761	2.96139	3.27791	3.38721	2.27599	0.390516	2.81393	3.59586	2.7594	1.71964	0.890491	0.629669	1.23479	1.79761	1.71964	0.987914	0.72008	2.10931	1.75466	0.781038	1.43989	5.12285	5.45361	2.27597	0.174651	1.27125	1.88033	1.74597	1.43993	2.04333	6.78839	9.06578	6.36951	4.08541	3.35574	2.59466	11.927	10.9396	7.51345	14.1508	18.8675	9.92217	6.20951	5.2651	18.1309	22.1676	13.6436	15.0386	7.45934	7.51298	8.01161	11.6936	8.1297	15.7946	17.8567	19.0317	24.613	27.508	18.1758	11.8888	12.2906	14.7164	13.5192	13.7417	8.85149	10.353	15.6968	15.0196	15.5714	14.6567	16.867	13.4812	9.73711	7.25694	6.43745	8.16598	9.73869	9.46795	11.8909	5.4093	5.30823	5.07861	4.46769	5.90705	4.27375	0.873189	0	0	0	0	0	0	0	0	0	0	0	0	0	0	0	0	0.390537	16.9527	20.3862	2.46833	1.2713	1.01831	0.629709	0.873218	1.50211	1.74603	1.9906	1.95196	1.39693	1.43989	1.57147	1.10448	0.552291	0.246984	1.11814	1.01825	0.629709	0.890491	0.873218	1.58115	2.27599	3.2593	4.93092	8.08751	11.613	16.4727	15.6735	12.0942	12.8203	11.9302	10.4348	9.47386	7.41922	3.66681	3.52768	5.28802	5.30787	5.17843	4.92775	7.41959	7.05625	10.7317	6.27217	9.77442	8.58	8.78429	1.56179	5.75467	6.60956	6.54816	7.82766	6.16564	2.72599	4.28795	4.71784	0.629709	4.24164	0.890491	3.49305	5.01566	3.24512	3.31924	5.4232	5.46757	6.07757	6.27217	5.53338	6.78181	5.23657	1.40779	6.43702	7.4911	3.73254	9.87014	8.34025
3.899	2.61776	3.31895	4.41269	4.90892	4.95181	5.1226	5.97968	5.39766	3.27758	2.72589	2.12357	0.719991	0.246963	0.246976	1.99029	2.658	2.70901	2.49878	1.32977	2.15906	2.51694	1.56156	1.50196	2.27582	2.10199	1.50196	1.50196	2.43096	3.72803	3.27758	1.95176	0.940336	1.11804	1.32972	0.98776	0.349265	0.552218	1.60959	1.85579	3.12094	2.10921	2.73134	3.67878	2.4246	1.60959	1.50188	2.03567	3.14504	2.26902	1.40768	1.58099	0.890386	1.06215	1.78038	1.74581	1.8226	1.49172	1.01816	2.3481	2.61763	1.7194	0.780926	0.740891	1.4077	2.10195	1.92819	1.04769	0.740852	4.84366	2.73134	3.80841	5.12255	6.05217	6.65423	6.53384	5.22465	3.33272	0.552235	2.23534	3.20733	2.79195	1.60961	0.719991	0	0.720009	1.11809	1.25914	1.10437	1.27113	0.552218	1.27113	2.46816	2.29575	2.10921	2.61776	5.239	8.03692	8.14525	6.94479	5.4395	4.4537	2.96109	2.46825	3.35088	5.88859	10.2047	12.7442	13.0131	12.0501	10.2005	7.90252	11.8813	6.56102	5.66198	18.7428	20.9111	13.2778	7.53844	8.65291	16.0472	19.3137	21.8354	16.9901	5.85013	12.8672	11.5869	16.4443	16.2703	17.4649	4.73962	11.1022	27.297	25.1823	15.489	16.1547	21.1327	26.2693	23.4334	22.2664	21.8486	17.607	15.546	19.0278	16.4542	17.9526	17.5399	14.595	15.4229	15.2096	13.9332	11.7354	10.7351	14.4791	12.9043	17.5655	17.9416	13.7776	13.4969	14.6894	11.9338	9.48573	6.21619	1.92026	0	0	0	0	0	0	0	0	0	0	0.349265	0.780959	0.780959	0.52389	13.0518	21.3219	13.3438	11.8236	10.0226	7.8575	9.59201	8.46829	3.69525	1.88023	1.85579	1.50196	1.92817	1.57132	0.873128	1.0182	1.2347	1.3968	1.27113	0.720009	0.720009	0.390497	0.698505	1.43979	2.23534	2.84059	3.87171	6.47162	13.9905	18.6921	18.9331	18.0455	17.1961	18.3	18.4098	16.8235	12.5454	8.80237	6.46233	7.82699	9.32147	10.3919	7.47489	11.2074	16.0012	16.2572	18.8501	15.76	13.4167	8.13069	8.28249	6.87547	4.87796	2.13066	5.22741	2.97125	3.46209	2.15912	6.07691	5.53283	4.31212	5.50552	8.66507	5.74108	4.71739	4.10334	4.28734	5.9796	6.08686	7.65606	7.68511	5.21885	5.42286	8.15418	9.23866	6.30006	8.62588	13.4042
1.01811	0.71992	1.78017	2.37375	3.20232	3.70738	4.06605	4.56058	3.66199	1.88007	1.56149	2.65773	2.13044	1.50183	1.32965	2.27548	3.14471	2.65773	1.87998	0.698439	1.64684	1.72805	0.890299	1.27105	1.82249	1.49164	0.78089	0.698439	0.78089	1.95156	2.66925	2.75877	2.27548	0.940286	0.872995	1.72805	0.552163	0.872995	2.34785	1.99012	2.27562	2.61754	2.79168	2.90365	1.65608	1.92798	1.75436	2.54077	3.29097	2.03546	0.873024	1.23453	1.99009	1.40749	1.10422	1.10422	1.25895	1.11792	0.872995	2.34785	2.22134	1.32958	1.49157	0.780847	0.390463	1.40755	2.12337	1.60953	0.552186	2.88792	3.87122	1.11792	3.20232	4.85278	5.62409	5.61329	3.48805	1.87998	3.12049	2.84029	1.99022	0.52384	1.10422	0.698439	0.719943	0.873024	0.4939	0.52384	0.872995	1.11792	0.872995	2.13044	2.8187	2.44317	1.95159	2.32845	3.33243	5.78498	6.77848	6.71413	5.6668	4.46351	2.9863	1.40758	2.46797	3.36863	4.81848	7.38397	9.66895	10.3869	9.52037	4.32932	7.75533	8.40218	9.30427	9.5912	17.9933	14.231	4.30474	3.14475	6.08862	14.0447	22.2145	21.32	6.58117	13.361	13.6615	9.74597	10.7222	7.45584	7.66872	4.27294	13.83	22.5048	11.33	16.1673	20.1807	20.6664	19.3827	21.0944	28.4186	20.5763	10.5691	11.4544	9.07893	13.0605	13.9889	9.26683	12.1771	12.5341	12.1391	9.70947	9.56928	11.5856	12.9899	14.4581	16.8123	9.83138	8.40257	11.3376	11.8662	9.97334	10.0664	4.28691	0	0	0	0	0	0	0	0	0	0	0.780847	1.04759	1.04759	0.390463	5.91844	17.1523	13.4441	11.8372	11.7502	7.88704	10.6103	12.5531	9.84419	1.58082	1.23459	1.23459	1.58082	0.890299	0.246955	0.890299	1.01811	1.27105	1.04759	0.698439	0.390463	0.246937	0.174618	0.390463	0.940286	1.17124	1.71932	2.23515	5.78498	11.3505	13.3396	11.3849	10.2068	13.1075	15.6743	15.9937	12.0857	6.38476	4.25527	6.07642	7.98256	6.02933	4.41219	6.21564	13.7846	17.8079	19.4007	17.7455	13.7734	8.60976	8.22251	7.49816	4.21956	3.35037	4.19786	3.14471	4.21586	5.66668	6.60834	4.70746	5.88808	8.94788	9.00046	4.5607	2.97096	1.11792	4.73914	7.75533	2.62324	3.05178	2.86167	2.79168	4.31173	6.27077	8.50031	4.7169	4.67523	8.74604
1.85544	2.97077	3.43962	3.707	4.19755	4.31487	3.46162	2.10155	1.48118	0.698372	0.349199	2.51646	3.12022	0.780778	1.17113	1.75417	2.51646	2.98085	2.13025	0.552113	0.940158	1.78004	2.03538	1.56133	0.872941	0.940158	0.780778	0.349199	0.493849	0.698372	1.40737	2.7585	3.01129	1.79708	1.23444	2.27528	0.890235	2.10881	2.10153	1.97456	0.349199	0.390407	1.36339	1.97456	1.11783	1.6467	1.43948	2.49828	2.97062	1.79701	0.890235	1.32946	2.47994	1.5016	1.11783	0.872919	1.01796	1.11783	0.872919	2.47994	1.98992	0.890217	1.65593	1.27089	0.719855	0.246916	0.940158	0.719855	1.01796	1.5016	2.43042	3.80769	1.97456	2.81317	3.83944	4.99011	4.08401	2.7585	3.87079	2.18664	0.890235	0.940191	1.04749	0.698372	0.78081	1.17113	1.23446	1.32951	1.58069	1.75419	1.95137	2.83996	3.14447	2.15866	0.940191	1.17108	1.11783	1.22203	2.92427	3.27683	1.17113	2.04276	2.81304	1.60934	2.10153	2.37345	2.10153	2.29528	2.32822	3.59487	7.34452	5.39944	5.45209	5.92535	12.5083	8.35009	10.1118	16.5867	8.84071	1.97466	0.78081	1.22203	15.6767	21.7318	7.09644	9.80753	14.5217	9.74459	1.74548	2.18674	2.86123	2.03538	2.03529	16.9859	10.305	14.9083	18.1297	3.59064	5.45225	5.19465	23.8915	22.2245	7.25484	7.83882	6.95416	13.2694	11.9839	2.18674	5.39942	5.8076	9.4649	8.38735	9.20027	9.72224	9.00605	6.61449	11.2555	9.44191	8.06311	7.4174	8.82744	9.2004	13.8287	6.97757	2.90353	2.90353	1.79708	1.11788	1.40743	1.72799	1.99002	3.20199	3.29083	2.86137	4.14307	5.91801	6.23435	3.93305	3.36829	11.7269	14.1191	13.6703	16.937	14.8491	16.078	19.5305	20.0893	12.1239	9.37953	6.79767	4.69087	3.04647	1.99002	1.95137	1.49149	1.22203	0.872919	0.552113	0.390423	0.719872	0.74075	0.890235	0.719872	0.698372	0.940158	0.552113	0.552113	0.246929	2.27528	2.43042	2.32822	5.75303	10.6992	15.0127	14.8722	10.102	6.27276	5.50453	2.98095	2.10153	4.71646	3.48781	3.707	5.91535	8.17254	3.85919	3.66577	3.35462	1.85535	0.940158	1.95131	5.57221	2.47994	6.0284	2.18674	5.24947	4.02434	1.65598	2.73094	5.23787	4.14292	3.57796	6.76234	6.65529	6.32028	8.37848	2.96558	2.62301	2.27538	4.70687	5.9382	5.61275	6.3768	2.27528	3.8275	1.11783
4.13175	4.68728	5.30623	5.78395	5.90483	6.02819	5.84599	4.30395	2.23472	1.56119	1.60923	2.66874	4.0089	3.15869	1.6092	1.36325	1.40723	2.59353	2.66293	1.23436	2.23472	2.97051	3.14432	2.42404	1.25879	1.06185	1.40728	1.01792	0.552081	0.552058	1.10401	1.92764	3.09071	2.98574	1.95111	2.47969	2.26837	2.10141	1.64663	0.780742	1.82214	0.719807	1.23427	1.97436	1.36325	1.74525	1.64653	2.42389	2.13003	1.17096	0.872858	1.74525	2.34741	1.40723	1.32933	0.89013	1.17096	1.36325	0.740635	2.23457	1.87962	1.17102	1.91972	1.92764	1.6092	1.01792	0.698306	0.493772	0.89013	1.88768	1.36325	2.54029	4.69023	1.10401	3.95171	4.9318	4.30369	3.43472	3.91708	2.61687	0.493806	1.36334	1.79693	2.26848	3.14432	3.70668	3.57765	3.62814	3.53072	3.12007	2.98069	2.81286	2.54029	1.56111	0.174585	0.552058	1.40723	0.872858	2.9653	4.18623	3.46132	4.0089	3.33166	2.66874	2.59368	3.6613	4.27213	4.37019	5.23754	6.06788	9.0381	10.5518	5.84854	4.31078	8.65042	11.4933	1.3294	14.7789	17.6458	10.6725	3.59453	1.3294	10.5789	21.2717	12.4351	4.15706	11.2029	14.8631	7.9133	3.35447	2.57606	0.174585	2.83968	12.7348	16.6764	15.6608	16.7043	4.10228	4.18623	4.19707	16.834	25.4893	15.6646	11.5288	11.4787	18.5557	17.5174	7.05391	8.83319	9.51997	11.1251	8.57357	11.3928	13.4186	11.559	10.4352	13.1194	15.6919	11.8106	10.4395	12.3013	13.9092	18.5334	11.5699	9.69742	9.36457	7.43087	7.73135	8.39227	7.99594	6.52521	9.41303	10.9681	9.55261	8.47126	10.4296	10.8617	10.7147	9.0038	12.1619	17.9005	20.1176	22.4622	21.6247	20.6521	22.7754	27.1564	24.4239	22.6604	18.9032	16.1236	14.5057	12.4161	11.9077	9.90523	6.54345	3.66542	1.04739	0.552058	0.390389	0.872887	0.940108	0.62947	0.698306	0.89013	0.698306	0.698306	0.62947	1.92762	2.70832	3.70668	5.95044	10.2775	15.8705	19.97	19.7065	16.8266	14.0891	10.4113	6.03815	8.97928	9.61692	8.39227	7.45685	5.83543	2.12292	3.7552	4.36649	2.2951	3.00103	4.21133	3.82317	6.09735	7.63621	7.92861	8.45023	5.55036	5.66831	9.31887	8.88677	5.84851	6.71503	10.1112	10.7798	9.51408	9.2139	6.3765	5.93779	6.03815	7.16093	7.22314	5.62303	1.92764	2.34107	5.07062	3.14412
4.75712	4.19676	3.823	3.45219	2.49791	1.0473	0.93998	2.10113	2.12995	1.72766	0.69824	1.17085	2.61664	2.34721	1.2586	2.34721	1.71875	1.23416	2.54013	3.34962	2.23449	0.890066	0.69824	1.40714	1.60904	1.27069	1.2342	1.0473	0.69824	0.78063	1.32921	1.60904	1.65567	1.88752	2.42996	2.79633	3.89749	3.50881	1.88761	0.719718	0.93998	1.4071	1.36313	1.85499	1.36313	1.64639	1.79667	2.61664	2.10109	1.06173	1.0473	1.95094	1.98954	1.11761	1.17085	0.890048	1.32921	1.56097	0.93998	1.88752	1.56097	0.552009	1.01777	1.23419	1.39627	1.06175	0.780662	0.940013	1.43924	2.32773	0.890048	1.23423	5.28571	7.60639	6.22112	2.70798	3.38553	4.36965	5.17609	3.5898	1.11761	1.58039	1.79674	1.951	1.92745	1.98964	2.37309	1.88761	1.40717	0.780662	0.987386	1.17085	2.10109	1.71875	0.987437	1.32926	2.09389	2.26821	2.75811	5.26291	7.25348	8.38604	7.3575	5.79114	5.12066	6.07463	6.99357	7.08907	6.84459	5.21688	6.52454	10.9669	8.33634	0.780662	6.61791	13.8673	15.869	8.49833	6.62454	14.5665	10.2136	2.23438	6.31909	18.3019	20.3283	13.0834	6.55197	8.65828	15.0837	8.60183	2.12995	3.74289	2.0349	2.12273	9.80453	9.81055	8.70415	5.50349	5.91689	4.62839	4.08324	16.3304	16.6453	4.98033	1.77967	11.0667	19.4975	13.2814	15.7846	19.2531	24.7835	21.2974	17.4725	14.1682	9.87613	7.82791	7.91109	12.4756	13.0421	12.3744	11.8058	13.5431	20.5538	19.3591	16.1458	14.5148	13.2804	13.8725	16.0471	17.4749	16.21	12.783	10.1234	9.51463	8.68247	8.57273	7.75361	12.5976	13.8623	13.5765	14.0007	14.6983	16.1644	19.5964	17.0003	15.6244	22.0373	24.3706	25.9914	26.3764	26.3079	26.5869	27.0495	27.3345	25.2552	21.5878	19.6157	16.5696	12.9908	8.49823	2.97014	0.552009	0.174568	0.719718	0.890048	0.69824	0.872776	1.10395	1.79674	2.61677	2.81264	2.57579	3.24377	6.21385	11.4976	16.7603	18.9874	20.4199	22.8384	22.4827	20.5549	17.4795	12.7608	11.8058	9.54241	4.06486	3.43442	4.31049	8.12765	10.1392	11.5277	10.0232	10.6946	10.4342	13.8713	11.4714	9.14093	9.99969	11.5689	9.1394	7.12271	8.00794	9.18736	8.66205	11.2217	11.5578	9.92493	9.61595	10.0916	10.7273	10.827	9.45738	8.79404	8.83092	9.51767	8.17125
3.14364	2.47939	1.95085	1.40704	2.42344	2.65673	2.03482	1.25855	0.174552	1.01767	2.29462	2.49766	3.31736	3.31279	2.34062	2.15803	1.50116	1.11757	2.03482	1.88745	2.12963	1.43907	0.629351	0.246861	1.23407	1.06163	1.1175	1.32908	0.551976	1.32908	2.70771	2.83921	2.47939	1.01773	1.49107	2.96482	3.69365	3.75467	2.96474	0.939885	0.987352	1.64622	1.50116	1.60881	1.1175	1.50116	1.8548	2.59304	2.71327	1.32908	0.872693	1.64622	1.60881	0.987284	0.987284	0.629311	1.17074	1.56081	1.1038	1.88733	1.72739	0.939885	0.719647	0.629311	0.987284	0.872664	0.390294	1.1038	2.09369	1.75369	0.939885	2.44848	2.86058	4.31369	4.0233	1.74492	2.53981	3.27587	5.94893	4.18889	1.88733	1.87926	0.780594	0.493679	1.22168	1.491	0.493679	0.698174	0.93993	0.93993	1.27057	1.58022	3.20564	2.75772	1.72751	2.04226	2.46704	2.44848	2.10822	3.53002	5.21642	7.00142	6.51464	4.81666	4.0831	5.0519	5.75137	4.7376	3.97794	2.75787	4.36923	5.61118	12.3205	6.3914	6.03701	8.01846	11.9788	14.1469	8.3336	8.07529	15.0387	7.02667	3.30828	9.17854	16.6242	13.7353	7.99438	2.87632	10.5592	15.4331	4.73735	2.87632	1.95074	2.59319	0.493713	0.390294	3.98172	5.4646	3.83849	3.30828	2.90273	6.65302	13.8533	8.39014	4.28552	2.88698	10.875	9.73613	16.806	17.0789	21.9358	20.0927	15.9055	11.8821	7.34244	2.79605	4.36914	4.87891	8.42239	9.21239	7.83868	8.6986	14.0352	14.5797	10.4291	8.87338	8.1415	7.92536	10.4333	11.5968	13.3047	6.70722	2.83921	4.47851	5.74353	3.66484	4.02325	6.02706	8.9841	10.7019	9.3172	8.24101	9.22995	12.5796	11.7731	10.1094	11.7558	12.0077	14.1153	15.6786	16.1724	16.5657	18.0818	18.763	20.2964	17.6422	17.8263	16.6613	13.5419	12.954	5.78253	1.17074	0.390294	0.939885	0.719647	0.551954	0.939885	1.06163	1.01773	1.23412	1.01773	1.22168	1.1708	1.8218	3.43425	6.12584	8.58935	12.2629	17.1421	18.3768	15.7644	14.5421	8.75792	9.69555	10.5734	9.55045	4.10139	3.85811	7.53479	6.8789	9.49821	8.23566	5.14368	7.57988	13.8249	7.98882	8.36385	8.90295	6.65993	4.01193	3.33117	6.63969	7.20297	6.79556	7.08846	7.14506	6.08404	5.88586	6.68707	8.43985	9.78579	8.69707	9.2745	10.5955	10.3054	7.94225
4.35846	1.98926	1.23397	1.23397	2.5752	2.86015	1.06153	0.551904	0.88988	1.6553	2.37255	2.12236	3.14332	3.33072	1.87916	1.75352	1.65535	1.64615	0.493662	1.6087	2.5752	1.1174	0.698108	0.523592	1.23393	1.17063	1.25836	1.36287	0.719582	2.29441	2.59284	1.25836	1.25842	1.74482	0.629287	0.872589	1.40684	1.36287	4.25302	3.33072	2.32734	0.719582	1.64607	1.50103	0.939802	1.56067	2.03451	2.61615	2.9695	1.72725	1.23395	1.58008	1.32896	1.01758	0.872589	0.629256	1.17063	1.56067	0.939802	1.85464	1.85464	0.939802	0.698108	0.780482	1.1174	0.740431	1.06153	2.46676	2.26778	0.523592	2.49734	2.49736	1.60873	1.40688	3.15775	4.5318	2.49741	2.51551	6.27008	4.55827	1.74477	2.34676	0.551921	0.740469	0.551921	1.23395	1.5011	1.06155	0.719599	0.719599	0.719582	1.98916	3.86933	3	1.27045	2.15789	2.81206	3.0453	2.88669	3.49075	3.1385	4.73699	4.68896	2.34688	2.03461	2.66219	4.44077	2.71304	1.40686	1.25842	2.95926	2.81738	12.0667	9.58929	2.79036	2.18582	2.27442	9.47996	12.4039	2.83888	14.858	10.9181	1.88725	1.82156	8.73652	12.3718	10.8745	10.717	4.4068	13.409	11.2463	3.34898	2.83883	0.493662	2.44824	1.7964	1.40688	1.75352	1.7964	1.75352	1.10374	2.86015	10.9499	13.1238	4.60116	1.60873	5.70611	4.46456	12.7489	10.2044	5.98365	11.4134	16.9427	16.5801	10.9579	3.34898	5.1195	1.27045	0.390259	2.72421	3.30785	4.46456	7.38414	7.36805	8.17689	8.11694	8.177	6.7598	6.14702	3.49075	7.82627	7.29088	5.52699	6.75756	8.17689	7.13811	7.07086	4.92762	5.57836	7.49436	7.65176	7.02643	2.83893	0.987199	3.28943	4.30957	4.8752	4.14151	6.51391	5.26755	6.25827	5.06935	5.06935	6.11519	13.0445	5.22446	9.74287	14.1059	12.887	16.0207	14.0711	10.5434	5.55953	3.0453	1.75352	0.939802	0.987199	0.987199	0.493636	0	0	0.719582	0.939835	0.629287	0.246823	0.551904	0.551904	0.629287	1.56074	2.92325	7.12745	12.7212	10.9051	7.03274	5.88522	12.2789	9.46173	8.30644	7.08344	3.97374	5.61063	7.22533	9.78942	11.8787	13.7091	6.20541	9.17768	10.0197	7.252	6.55074	7.79611	10.6299	10.0606	9.56656	6.45174	5.99646	6.38171	6.46567	6.39107	5.95365	4.92441	2.03461	2.12955	2.62202	1.92709	1.32901
10.178	5.78162	1.36283	1.75333	1.43879	1.65514	1.92691	0.987165	0.629192	1.2338	1.56052	1.22145	2.29419	3.1382	2.88644	2.83867	1.879	0.939752	1.79614	2.12212	1.82138	0.889792	0.872556	1.48056	2.27427	2.12217	1.49079	1.23383	2.15763	2.63906	0.719511	1.11736	1.11736	0.889792	0.39022	1.2338	1.11729	1.17051	4.73646	4.1881	2.26762	2.5927	1.23383	1.36273	0.780403	1.40669	1.87891	3.04986	3.33031	2.27418	1.98899	1.57995	1.23386	1.06142	0.719511	0.780403	1.40669	1.71825	1.047	1.40669	1.85445	0.939707	0.349034	0.872499	1.1036	1.11736	2.79554	3.31675	0.987165	2.37231	3.52494	3.1382	2.81723	3.3532	4.57135	6.84271	5.78955	2.22023	5.2209	5.13951	2.04178	2.96919	0.939707	1.49079	1.74471	1.36273	1.01754	0.493585	0.493619	0.493619	1.57028	3.21455	4.52129	4.36841	4.07857	4.51815	5.0121	5.14271	4.87799	4.52815	3.85738	5.15436	6.91429	5.32688	4.14114	1.74471	3.35301	3.91563	2.37228	1.32883	2.75735	4.98492	7.50735	7.46369	6.43007	2.10782	2.03431	6.60439	10.3002	6.14421	6.93345	13.7317	10.3033	2.7572	5.0121	10.7608	14.6163	16.1693	11.9126	4.49471	15.7473	11.8898	4.06748	2.49718	2.81723	2.18572	1.49079	2.37244	3.82195	3.45124	2.34668	2.10053	6.30048	13.8843	9.75351	2.32713	4.23843	2.26751	7.49159	11.3542	7.38382	3.25683	15.1607	23.6957	19.7515	4.7367	6.07275	4.1956	3.59314	2.87578	2.53932	4.04119	7.34106	7.84285	10.3035	12.7574	14.4183	13.5813	9.069	6.073	8.08146	11.448	12.3907	14.6878	15.9683	16.4341	16.5538	16.3867	16.139	13.7043	10.7326	9.0851	4.55792	2.04178	1.98899	2.04178	3.52501	4.28471	6.8818	7.91641	9.57196	9.05594	7.41403	9.17201	14.7439	9.21551	12.9402	17.5115	17.3822	17.9342	20.4842	21.6605	16.7477	12.8497	10.6413	5.74245	1.49072	0.889792	0.939752	0.872556	0.629232	0.523542	0.39022	0.551849	0.872527	0.719534	0.523542	1.047	1.95048	3.20526	5.98841	11.1357	14.9497	14.0601	13.3376	17.5385	20.0503	18.9465	16.2336	14.646	15.6864	17.2567	18.344	18.217	14.785	11.334	14.5878	15.3134	13.1438	13.2769	14.864	15.3917	13.2287	10.5714	8.04474	7.79544	7.55917	6.91659	6.0284	4.79056	3.33045	1.88709	1.98909	1.95045	1.23386	1.06145
11.7057	8.96322	3.31642	0.939657	2.59246	3.24255	3.91544	3.47273	1.40657	1.06134	0.872423	1.25812	1.82122	1.32871	0.780334	2.03413	1.48033	1.60839	2.10753	1.1035	1.77903	1.75319	0.939623	1.22133	1.74449	0.719445	0.349001	0.872423	2.46625	2.51503	1.60845	2.03422	1.36269	1.06134	0.551817	0.987012	0.939623	1.1035	3.97661	5.30061	1.74449	1.32876	3.74148	4.01088	2.47866	1.23374	1.7181	3.28881	3.34818	2.12904	2.10753	1.32871	0.5518	0.780334	0.740291	0.780334	1.64576	2.10753	1.5798	1.60843	1.82122	0.939623	0.390201	1.23372	0.246789	1.92672	2.78983	0.780334	2.27403	3.89594	4.02206	3.15719	2.66747	2.20624	1.87881	2.65609	4.35422	4.79008	3.83332	4.3262	1.98881	3.31644	3.42439	2.96383	1.95028	4.10033	4.11144	4.5177	4.80271	5.30368	5.31218	4.73623	4.72976	3.76153	1.65499	1.17041	2.61565	2.96383	2.37217	2.26739	1.40661	1.79606	5.0595	6.79384	6.98886	6.00531	2.34644	3.11845	3.80564	5.0116	4.92669	4.30187	3.04463	3.69664	7.66377	5.29223	0.523493	4.38525	7.5327	10.4958	8.52983	1.95023	11.9115	12.0648	5.29223	0.390201	4.01079	8.55049	15.4015	12.8768	1.60837	12.3327	13.5486	5.84572	2.23365	3.43767	3.59283	3.91542	3.97299	4.25243	4.19517	4.15533	3.21433	9.40357	12.8358	8.99456	5.84551	3.35276	4.5277	7.41321	10.5124	14.0235	9.67012	11.9269	20.3083	14.6787	12.1914	9.6747	8.7671	5.63356	3.34818	2.26731	3.3842	2.96902	2.37217	2.49694	4.35427	8.5731	11.5086	10.0151	8.58687	10.4471	10.4958	9.4352	12.9815	15.9796	16.6854	16.4068	14.4923	10.38	6.38051	8.04183	8.17529	5.94753	4.2701	2.61565	2.79528	2.57482	1.77899	1.32876	4.40596	7.38308	7.60942	9.10357	14.5228	11.5785	8.46724	11.3657	14.0474	14.1482	16.1069	19.8704	20.7397	24.3366	26.5014	24.6562	20.271	15.3633	12.2384	8.61944	4.12977	2.53917	1.40661	1.06133	1.01739	0.390185	0.523493	1.49059	1.43866	0.697975	0.390201	1.56044	4.67211	7.50706	8.08988	9.71701	13.1339	14.1473	13.9231	14.729	15.7592	15.3083	14.0557	12.7561	10.3926	9.17618	10.2657	10.3912	9.29082	9.17618	9.28289	7.57799	4.83712	3.35286	2.42287	1.77903	0.872423	0.719445	0.5518	1.1035	1.40659	0.629167	0	0.629137	0.493543	0.740291
10.9969	8.36763	5.83205	2.65572	2.61556	2.8382	2.99932	4.06653	4.01028	0.174485	0.493526	2.18518	2.10008	1.06122	0.889647	1.7958	1.98858	1.6082	1.25799	0.872391	1.6457	2.4661	2.44132	2.20596	1.10339	1.10343	1.40651	1.57962	2.57445	3.94947	2.98404	3.1425	1.92652	0.872333	0	0.872333	0.629073	0.98691	3.59228	4.06643	1.91863	2.57445	4.43957	3.82123	3.31154	0.872391	2.26708	3.27464	2.2333	1.60823	2.4288	1.65482	0.889647	1.06122	1.25799	0.872333	1.88661	2.42252	1.60823	1.40648	0.872362	0.523443	0.719374	1.95	1.40646	3.10349	0.889624	1.2336	2.0414	3.76914	3.821	2.26713	1.39561	0.174485	1.06125	0.872391	0.551744	2.72915	3.38407	3.00929	0.390167	2.37199	3.83692	5.60885	2.90145	2.72915	3.67585	3.66345	3.82517	4.21637	3.72901	2.88589	2.70669	1.88661	1.85423	2.8595	4.38483	4.75148	1.97323	0.697909	0.390146	1.17029	2.10014	3.72901	5.23461	5.92163	4.35375	0.629113	2.12896	3.38401	2.26719	0.872391	1.25807	2.7236	5.0589	6.81047	3.10349	2.81133	4.36427	5.9218	9.77457	8.99352	2.88589	12.3971	9.45876	1.91863	1.60828	1.97323	8.89963	13.9214	10.7544	6.44975	13.2494	10.134	2.0929	2.95859	3.32991	2.8167	1.95011	2.12896	2.8382	3.14253	2.7236	2.85931	8.19091	11.8777	11.6228	4.49357	0.629073	1.60823	3.6964	8.87007	12.1739	7.46268	7.82033	14.4754	10.4296	6.98826	9.62931	6.83451	5.81138	3.30689	2.4661	1.753	3.00929	3.52868	4.38483	5.54957	6.02479	7.45265	5.40439	4.87707	4.21268	1.71793	11.0403	10.5897	6.84365	4.81484	3.48977	3.72478	3.83692	6.91281	7.30717	6.54893	7.29089	6.84977	3.75308	2.81133	2.8382	2.42891	1.17029	3.30703	4.98708	6.71108	7.29698	6.53067	4.49386	7.04963	9.43866	7.99145	8.59983	12.6163	9.7778	15.8378	19.8715	21.7772	21.5523	16.0296	11.9972	11.6329	4.53053	3.13761	2.2938	1.92655	1.82104	0.780255	0.780255	1.56022	1.17029	0.174485	0.493526	0.780255	0.348968	0.697909	0.174485	0.939529	1.25807	2.59224	3.45935	4.11108	4.63605	5.04717	5.31172	4.44995	3.57563	3.08409	2.59224	2.87533	2.79501	2.04149	2.44132	2.20596	0.697909	0.719398	0.551767	0.523443	1.11715	1.40646	0.780255	0.629073	0.889624	0.889624	0.629073	0.697909	0.697909	0.719374
11.385	9.22533	9.62847	5.66167	1.25794	0.872301	0.88956	4.00993	4.68714	1.36243	0.872301	2.3394	2.53862	1.87845	2.12874	2.61522	2.53862	1.75284	1.65473	1.36243	0.697843	1.36236	1.88645	2.3394	1.56008	0.780219	1.25794	1.43839	3.11786	4.68714	1.79564	2.79473	2.63832	0.719327	0.697843	1.2211	0.88956	1.23349	3.20415	3.20418	1.57948	4.06608	4.28329	2.75654	1.65468	1.98851	3.66302	4.53009	3.4326	2.1	1.64545	1.49031	0.87228	1.06113	1.60809	1.43839	2.23311	2.59184	1.36236	1.4063	0.872301	0.719309	0.939479	2.83786	1.98851	2.85906	1.06114	1.64545	2.20576	4.05121	3.52819	1.36236	0.493449	0.390111	0.719309	1.10332	1.71784	1.79572	1.60815	1.91845	1.5795	1.32851	3.85615	7.22437	4.92256	2.3395	0.939479	1.17019	1.4063	0.246729	0.390127	0.780219	1.75284	1.57948	0.390127	0.348934	3.58777	5.29961	3.48942	2.04128	1.43843	1.74415	3.18047	2.04128	2.12152	4.25142	3.57507	1.72659	1.64545	1.11698	0.551712	1.40633	1.60809	0.88956	3.20418	6.54805	6.11289	2.29354	0.719309	0.551695	4.12882	9.99388	7.08064	7.06581	12.597	4.70332	1.49036	1.10332	3.32939	8.46007	13.6432	13.0235	9.16921	12.4694	2.32641	2.44731	2.51468	1.17024	1.40633	2.18508	2.21958	1.50054	1.23353	1.01724	1.36236	8.67724	14.2899	7.38137	0.740189	1.32851	3.35213	3.82478	6.51157	6.82321	5.73554	5.02265	8.69462	8.52986	11.7695	8.1227	7.6076	4.82664	3.08865	3.50682	4.17983	3.1566	4.90114	9.50911	7.21838	1.06114	2.81096	1.43843	4.1398	3.52821	10.6665	11.0093	4.43932	2.92215	2.53862	2.72318	2.23311	4.45946	4.78903	3.35213	6.06359	8.61752	6.23906	2.44731	1.11704	0.939445	2.10713	3.52821	0.551712	5.23392	5.66186	5.22247	3.35208	3.91452	6.34146	4.55679	5.99398	10.6529	5.40373	7.11634	8.23681	7.15603	13.4252	10.4239	7.95517	14.2163	8.21001	5.69626	4.18712	3.42374	3.35218	2.70651	2.15707	2.29358	2.20583	1.7442	1.17024	1.32846	0.246729	0.523394	0.348934	0.872258	1.36236	1.0467	1.11704	1.40634	1.2211	0.88956	1.06113	0.697843	0.629048	1.01724	1.23353	1.57948	1.49031	0.939445	1.36236	1.25788	0.780219	1.17024	1.11704	0.523394	0.551712	1.32846	0.872258	0.493449	0.390111	0.939445	1.10329	0.697843	0.719309	0.551695
11.241	10.7119	12.8376	9.16669	0.939348	1.25781	1.32837	3.91414	4.408	2.72859	1.65451	2.03353	1.10317	1.85384	1.87826	2.65521	2.49613	1.60796	1.79554	1.4062	1.4799	1.49015	1.55992	1.72641	2.21924	1.06102	1.11692	1.75268	3.75236	2.96807	2.49623	3.80453	2.26673	1.25775	2.09972	1.79554	1.11692	0.719235	1.94963	2.63804	2.79444	4.26877	4.24048	4.31117	3.1802	2.75612	4.18301	4.0096	2.87475	3.14189	1.82074	0.939348	1.06102	0.889468	1.57932	1.82069	2.42833	2.87468	2.12134	2.53835	1.55992	2.09974	1.9882	3.2416	3.83221	0.628983	2.44706	2.62074	3.50204	3.76043	2.33916	1.11686	1.01709	1.25781	2.04107	2.87475	3.19924	3.38338	3.57489	2.5917	1.75266	1.11692	4.05079	8.23055	6.29343	4.60892	2.09249	1.25775	1.11686	0.52334	0.939382	0.780138	1.2698	1.60792	0.872189	0.174451	2.34563	3.80442	4.06581	3.75249	2.5917	2.15685	2.83757	3.20396	2.03363	3.21327	3.0487	2.09249	2.61495	1.87826	2.12852	1.94971	1.04659	0.390071	1.87819	4.70282	7.45898	6.27676	1.57933	0.697771	1.6079	5.56757	11.3266	4.00962	14.3503	12.2966	6.68098	3.2416	1.91825	4.02085	11.2577	16.163	5.05806	10.3147	4.84813	4.02085	4.08072	4.95268	3.6915	5.06692	4.98606	3.288	2.5917	2.42841	1.11692	4.35283	13.7969	12.5583	2.66091	1.97296	5.26495	6.21698	9.07842	10.4928	12.8853	7.1552	7.60331	11.575	15.1244	12.1605	9.26872	6.0332	3.86754	4.13952	4.35295	3.63781	4.55632	9.1285	12.657	8.99197	2.75626	0.246704	2.81067	4.81368	4.28285	10.1969	8.99208	5.64276	2.61502	1.87819	2.12842	2.96303	5.23352	6.46477	6.80705	7.97475	9.17333	6.31488	2.8853	1.23338	1.17012	3.67503	3.15627	0.939348	3.85587	6.97811	6.54738	2.66664	4.02097	4.83571	7.30574	10.3586	9.50835	8.02858	9.49263	7.64796	12.915	12.1995	10.2128	15.9749	13.9524	12.6684	10.3207	7.38091	6.37161	6.06322	5.69574	5.29075	4.59915	4.18674	4.06214	3.85587	2.81613	1.40622	0.628983	0.939348	1.85375	1.11686	0.697771	0.872189	0.719235	0.719235	0.889451	0.697771	0.719252	1.17012	1.74402	1.87826	1.4062	0.697771	0.986723	0.889451	0.740112	0.780138	0.872211	0.889468	0.872168	0.872168	0.628953	0.551638	0.390087	0.939382	1.79554	2.47794	2.81075	2.57407
7.86925	12.9019	16.4657	15.8226	10.341	7.8449	8.01137	6.08247	2.15666	3.14145	3.83184	1.65441	0.551606	2.04089	4.18631	3.20368	0.52329	2.10681	1.60776	1.36208	1.79528	1.88606	1.36208	1.64511	1.97266	1.32819	0.872078	1.4381	2.37114	2.4282	2.83731	1.06094	0.697705	2.1067	1.85356	0.348865	0.348865	0.628928	1.56952	2.15659	2.29308	3.31516	3.08806	1.82057	2.98312	5.07228	5.26454	5.60755	5.86395	2.29308	2.65508	3.32894	1.26972	0.872136	1.75249	1.92596	2.44681	2.79417	2.49601	4.13915	5.61284	3.32894	1.55976	3.97149	4.90018	2.53819	2.97813	3.76018	3.65815	3.3288	2.46538	2.87449	4.30722	4.35262	3.86732	3.80418	3.35159	3.74006	4.45884	4.52598	3.85537	1.92598	4.71202	9.47467	7.98884	4.47565	2.79417	1.74381	1.57916	0.348865	0.551606	1.06094	1.3952	1.23324	0.780027	0.719164	1.55976	1.55976	2.29313	3.04355	2.59145	2.29313	2.10681	2.72835	2.72835	2.09952	2.21901	1.17001	2.61471	2.18467	1.74387	1.01698	0.719164	0.390031	0.939298	2.6608	6.238	9.63908	9.74946	6.98199	3.59148	1.88618	9.0771	11.0934	5.94536	16.8241	17.743	13.8735	9.25726	5.05762	3.58703	9.29488	12.5309	7.74204	15.3639	10.8592	6.63555	6.60163	7.93698	8.23555	7.29508	5.80219	2.34555	2.8105	3.82012	3.62503	7.97374	12.6927	10.2189	4.84748	7.41013	7.84847	7.86001	9.28735	15.84	18.9459	12.8668	5.23011	11.712	14.5238	11.8718	9.85071	8.18855	5.23006	3.08298	1.23324	1.11675	0.551583	5.91226	10.7516	10.1273	7.06686	2.46538	3.63748	4.73449	1.82051	4.02055	5.04553	2.62051	0.348865	1.56952	2.03345	3.14162	6.17024	6.83253	3.97128	6.60822	8.0019	6.61296	6.52877	4.98253	0.390031	3.48875	3.14158	1.43815	4.00546	9.34228	7.41043	4.43845	3.31513	4.57884	6.48964	6.36168	4.0506	7.38605	7.86176	11.9612	14.7263	14.8085	18.4821	20.605	21.7784	20.8595	17.2652	17.3831	18.4128	18.7176	18.0174	16.6265	15.1173	13.3261	12.6663	11.7409	9.91756	7.88449	5.90991	5.44438	5.64227	5.49934	4.77886	3.91396	3.52768	3.35159	2.8105	2.7228	2.88505	2.2054	1.55985	1.55985	1.50025	1.60781	1.26972	0.872136	0.719187	0.628928	1.17001	1.94951	1.94954	2.34555	3.45834	5.5483	8.21762	10.5334	12.4218	13.6774	13.8401
4.77837	10.9152	15.6491	15.4847	13.0312	13.7898	14.0522	12.8888	10.1537	8.97232	7.67961	5.26403	0.719116	2.90035	4.26796	2.81022	2.70565	0.93917	1.48987	2.04068	2.63758	2.98284	2.27293	2.15639	1.74364	1.94929	1.79512	1.06083	2.273	2.66053	1.11671	0.719099	1.23312	1.25752	1.23312	1.1699	0.52324	0.628864	0.872024	1.50002	1.60762	1.75233	2.57347	1.98783	0.872003	2.78849	4.68596	4.59499	5.63086	5.35737	2.61439	2.46519	3.83542	1.75234	0.872003	1.23312	2.18435	2.34519	0.52324	2.42171	4.47521	4.18224	3.24083	5.77834	6.46137	4.9274	4.9274	5.45763	5.23256	5.28119	4.74989	4.68596	4.94867	3.83552	3.21283	2.37103	1.43801	1.60762	1.40591	2.44658	5.75473	4.07974	2.59119	8.038	8.66132	5.41618	2.83708	1.98785	1.48987	0.697639	0.389997	0.889282	1.26956	1.22074	1.103	1.04639	1.01689	0.551534	0.939204	1.94932	2.53794	2.83703	1.94932	1.06083	1.48992	1.64505	0.779958	0.49333	1.48987	1.103	1.11665	1.64497	1.71727	1.9879	2.66053	3.28738	4.49209	7.23082	9.82027	10.5791	7.11444	3.48415	2.7556	11.1924	11.3652	7.99572	15.6679	17.4592	15.2966	9.15725	3.57421	2.37096	14.8344	13.8604	11.5032	15.0947	11.6326	7.14586	8.05475	8.22937	8.06215	9.60308	5.93965	4.53886	5.94475	6.03237	5.60689	4.55522	8.49957	11.7209	11.0296	8.33087	6.69983	8.69212	13.0529	19.1832	19.8947	12.2478	4.77821	12.6114	9.59673	8.00122	11.6424	11.0364	7.08067	1.40593	1.36203	2.49576	1.4797	2.62026	6.29716	8.97232	9.03596	4.38314	2.12802	3.15564	3.66201	5.56654	5.04505	2.57358	3.36476	5.83008	7.60579	6.53722	7.22228	3.69481	2.49568	5.30087	1.40589	2.51394	6.91018	4.39338	1.92578	2.26626	2.66619	2.10651	4.91206	8.8583	7.11444	5.747	3.8037	1.75234	1.60768	1.25758	3.6743	5.33502	8.52578	12.3964	14.4267	16.5724	17.9646	18.0981	19.4956	17.2627	19.4779	21.311	20.9451	20.2138	18.9521	16.8298	15.4494	17.2783	17.9683	17.0016	15.9389	15.8007	16.9324	15.5268	12.3409	10.0104	8.55175	7.42379	7.02811	6.70207	6.75313	6.69983	6.1431	5.35757	4.53886	4.18595	4.4482	3.89419	3.44922	3.94818	3.81972	3.44922	4.07995	5.41618	7.64668	10.2437	12.7457	15.8846	16.8499	16.9012	17.6848	18.4948
3.43551	4.10884	11.5713	10.0815	3.91319	5.9316	5.77792	6.7014	7.69431	6.10093	5.2321	8.11417	3.19817	3.59059	5.25761	0.719051	3.32817	2.09921	0.986434	1.55955	2.37072	2.57321	2.1063	2.1063	1.233	2.1063	2.1063	1.01685	1.40583	1.74348	1.7171	1.01679	1.01679	0.871913	0.493254	0.493254	1.25739	1.06074	1.11661	0.697573	0.939076	1.40578	3.48362	2.7221	0.174401	0.551478	1.23297	3.04781	4.39293	3.97047	4.82474	1.94907	2.87385	2.96219	1.16979	0.719028	2.47709	2.85793	1.60743	1.60743	2.80981	4.20692	4.83718	5.41534	2.2927	2.99788	3.4313	3.58657	3.97067	3.89378	2.72783	1.94914	2.42135	0.871942	1.22063	0.246648	0.551501	1.4058	1.94914	1.60751	4.55476	5.21168	1.82016	5.08008	6.26526	0.986434	1.40575	2.59081	0.871913	0.719051	1.22063	1.16973	1.36182	1.01679	0.889195	0.889219	0.871942	0.389979	0.246631	0.719051	1.43788	2.37072	2.34495	1.06071	0.551501	0.246648	0.871942	0.939121	1.23303	1.233	2.21859	0.719028	2.26599	1.98765	1.57889	1.57889	1.40583	1.40583	1.85333	5.99919	7.73829	2.83677	1.74354	6.63385	14.4854	9.87669	3.14099	7.63024	12.0851	10.9496	1.9177	1.23303	11.35	18.637	5.90335	4.9513	9.20427	6.48364	5.52524	3.3509	3.8548	6.94404	7.35844	3.5526	3.36446	3.04301	4.18185	3.73935	1.82016	10.8659	15.4391	10.9733	4.51826	3.81939	4.98165	8.88388	13.9993	11.6397	3.04289	12.9955	8.26225	2.15618	7.28117	11.6161	8.9891	2.15618	0.697573	0.697573	1.26943	0.889195	0.551501	3.3509	8.23014	8.45515	5.32039	6.65437	5.07148	5.04755	5.5253	2.8845	4.71113	7.65942	8.35708	6.60039	5.17114	4.84657	2.34511	7.95001	5.30917	6.0687	6.66978	6.29386	1.48972	1.39494	2.23238	4.98145	3.28689	4.98439	5.21168	5.67536	4.9236	0.939076	0.389979	0.697573	1.74342	1.11654	0.889219	1.98775	3.048	4.21066	4.71113	7.53601	11.1343	4.28185	6.74135	6.76139	7.28137	7.13255	6.44673	8.21566	5.52552	7.96535	9.9421	9.75211	9.99044	10.6889	12.3121	12.3675	9.39072	6.48842	5.9011	4.59459	4.2393	4.00861	4.06476	4.3064	3.97067	3.47075	3.00791	2.6603	3.27323	3.52265	2.6143	2.9674	3.048	2.71112	3.14102	4.20714	6.67902	7.90357	8.52495	10.8569	7.87739	6.91196	6.91196	7.32024
3.3279	4.0642	11.1269	10.7727	6.46015	5.13585	4.56782	5.52497	6.98629	5.43178	4.89883	9.19057	6.77815	3.97028	4.39255	2.75511	5.16508	5.71723	4.29884	0.718962	2.6599	2.57298	1.94889	1.88554	1.0167	1.60729	1.7778	1.1165	0.246623	1.64466	1.88554	1.0167	1.16963	1.10276	0.697507	0.523141	1.3617	0.986349	0.348766	0.939026	1.16967	0.871859	3.45716	3.24022	0.71898	1.25734	1.10276	3.21205	3.58604	3.2121	4.73293	4.28124	1.49981	4.01941	2.79338	0.246623	2.10612	3.04261	0.348766	2.83654	5.24299	5.38999	5.21996	5.99111	3.14062	2.59072	2.42125	0.939026	2.42114	1.25728	1.1165	1.71701	2.44612	1.98753	1.01675	0.389939	0.9864	0.779843	0.628715	0.551429	3.20261	3.82277	3.42201	3.72665	6.59943	1.40565	1.60729	2.72187	0.77981	0.174385	1.0167	1.49974	1.64466	1.10276	0.77981	0.389923	0.551446	0.739832	0.551446	0.24661	0.389923	2.59059	3.24022	1.23289	1.1165	1.60737	1.82005	1.74336	1.82005	1.92543	2.96703	2.0403	1.55933	1.97211	1.11644	1.16963	0.871859	1.01675	1.01675	3.35052	7.52755	6.06829	3.3821	4.12683	10.8489	12.6397	5.07085	3.3142	11.8406	12.6565	3.15508	2.03286	7.04551	17.0999	12.6925	2.51335	7.62953	10.633	1.82	5.45638	3.75107	7.62184	10.2954	5.21143	4.59741	4.01941	5.65905	5.75387	5.75387	5.78483	15.3005	13.419	7.28067	6.40669	2.83644	6.14186	14.2098	13.95	10.5234	15.2374	12.2044	10.3112	5.93854	9.53209	10.3488	3.62379	2.21851	3.35061	3.52666	2.477	2.15603	2.46472	6.33843	8.65457	5.99133	6.09038	7.23772	10.4722	9.48928	7.97198	8.61373	9.86577	10.0012	12.0714	9.71061	8.92947	8.22786	10.6917	6.84622	10.0127	7.67612	7.41413	4.36173	4.06061	3.62397	5.77721	7.35788	5.90052	5.6298	5.66167	4.74879	1.26932	0.739832	0.889131	1.79478	1.0167	0.551446	1.01675	1.16967	2.18394	2.59059	6.76038	9.68765	7.61607	7.45829	5.90314	7.95138	8.28683	8.16995	9.76888	5.23155	4.78688	6.77824	7.13182	5.38999	6.16863	6.05107	10.5837	8.84987	8.5519	11.0922	10.2716	8.98873	8.80842	8.93622	8.39147	7.22946	7.7398	8.31544	7.1153	5.931	6.29361	6.91129	7.79901	8.82179	8.48953	7.13203	7.67623	9.22589	8.32603	7.81979	8.92933	5.11532	7.60432	9.27677	8.64114
3.04742	3.85407	9.48842	14.7917	16.9694	16.3151	15.5192	15.9931	16.815	15.4881	13.626	15.3951	16.2497	15.0567	11.3182	7.53497	6.38505	8.75563	12.2223	10.2481	5.8079	3.08689	1.74315	1.25715	1.11633	1.11633	0.889027	0.718891	0.779731	1.7946	1.64449	0.871748	1.23274	1.25715	1.39467	1.36165	0.697441	0.871777	1.16951	1.94873	2.57287	3.38181	3.69383	2.75483	1.87729	2.59047	3.34582	1.92525	2.49494	2.92036	3.66089	6.2738	4.64248	2.34466	6.84563	7.87592	7.18135	6.22614	6.2141	8.13306	9.27597	8.52345	6.76888	4.88293	2.61372	1.81989	2.23196	3.34582	4.26686	1.92525	2.1203	2.20457	2.44591	2.20457	1.87729	2.09873	1.7947	0.871777	0.551397	1.26924	1.98725	2.66544	5.00781	3.62366	3.58568	4.13759	4.09721	3.83433	2.26561	0.938943	1.2204	1.81982	2.46434	1.92523	1.36165	1.01666	0.871805	0.62869	1.10269	2.04012	2.3704	3.31388	3.63597	1.94877	2.18384	2.6138	2.65979	2.72177	3.20247	3.38181	4.49086	5.23111	3.10162	1.57856	1.55917	1.94873	2.32513	3.43507	4.30917	5.21677	7.83618	8.77065	6.44327	1.87738	6.14118	12.3095	14.5276	8.53897	6.53516	15.4468	16.1284	15.3621	8.59764	8.84049	15.246	12.5529	4.13759	9.17708	10.7908	4.87364	3.91227	1.01666	10.5721	13.7841	9.81761	8.36255	11.2412	12.6153	15.7548	15.1785	8.35519	10.1921	11.6924	9.97254	10.2603	6.97483	17.209	23.9936	24.948	20.7993	16.4939	16.0681	18.6087	15.5475	12.7017	8.95664	8.65235	8.59764	8.51658	9.06133	9.12919	10.2481	12.936	15.5236	13.1037	5.98329	9.84256	12.4343	13.2155	15.7129	18.9791	14.8312	11.6454	15.2367	19.4054	17.3893	15.4881	13.3593	11.7927	15.6603	15.2864	11.1704	11.4599	15.4007	15.7478	15.6146	18.2067	17.6802	13.0593	10.5046	10.5336	10.1853	8.78924	6.87175	4.79909	2.21832	1.16957	0.718915	0.348733	1.47919	1.81982	4.71019	7.73711	8.82104	8.26122	7.50343	8.90403	11.2516	15.1629	19.211	18.1147	16.514	16.8968	19.2814	19.7236	19.6103	17.6189	18.6438	18.1227	20.5576	22.9561	22.4596	20.1273	21.1178	21.4309	20.9259	19.9817	19.1512	20.3132	21.7319	21.0801	21.7112	23.4224	23.3132	23.3976	24.2465	23.5206	21.4636	20.0344	17.7631	13.9613	8.66762	4.00785	2.70487	2.63679	4.87366
0.871694	1.49953	3.93903	7.96305	11.2081	12.6165	13.0851	13.9036	15.3507	16.2884	15.2886	15.5928	16.6352	16.823	15.7471	11.1887	5.91725	7.08665	12.8488	14.9785	9.02125	2.96141	1.48936	0.628626	1.23263	1.40536	0.888963	0.888945	1.32756	2.03984	1.43743	0.551325	1.01651	1.64435	1.49946	0.246563	0.493143	0.938848	2.66513	3.67291	3.46975	4.04866	4.43633	3.82222	3.0421	3.48708	3.43472	3.25371	1.39454	3.43457	1.56878	3.34531	5.98994	4.79835	5.1143	8.20473	9.68468	9.92319	8.38116	6.26142	5.52388	5.99016	5.54565	4.83297	3.97337	2.23173	0.551342	1.55904	2.70463	3.42136	3.67284	0.938815	1.65357	1.49946	3.3813	2.65371	1.43743	1.60699	0.628596	0.551325	1.10258	1.74303	2.75469	3.52597	1.57842	2.12731	4.20946	4.94973	2.96638	0.697375	1.06041	2.20428	3.75023	2.96645	2.34442	2.34442	2.34442	2.37015	2.26544	2.3249	2.18362	2.2654	2.23161	1.60699	1.48931	1.10258	1.26911	1.48936	2.27214	3.45668	3.93903	4.91021	5.23059	3.38146	2.12014	1.9871	2.03984	2.8359	4.07467	4.81113	4.91934	5.94744	7.74973	6.45196	3.21161	2.292	8.65126	11.6922	7.8351	12.5019	18.8908	19.3202	18.3359	7.13692	6.40293	12.3224	14.9061	9.31566	14.6743	15.1841	3.36337	5.82782	5.52099	5.28777	9.07159	7.7211	8.31911	3.91192	7.99799	14.765	17.0604	7.73636	5.21887	8.18999	10.8135	11.8687	7.99823	15.5884	20.7259	17.6384	11.5936	11.4988	16.9455	19.2195	14.8615	11.1628	9.91728	9.31613	10.1886	11.5539	11.3221	12.8819	14.8288	15.339	16.1806	10.264	11.0689	7.14318	11.5351	15.8917	17.18	15.8676	7.46293	11.0755	12.6952	14.9398	11.221	8.70752	10.5215	11.839	13.5301	11.4374	10.3149	11.9114	13.7286	13.9237	16.4778	18.0954	14.7649	12.4515	14.4213	13.7909	12.1212	8.07384	7.50067	7.17023	5.90203	4.47352	1.4054	1.11623	1.23263	2.12721	2.9201	3.20215	3.42145	2.1201	1.79444	1.7775	2.59023	6.60978	8.96905	6.87538	6.26386	10.7062	13.4339	10.3657	8.78331	14.5829	18.0476	17.4307	16.6718	18.4652	17.2722	17.7869	17.942	20.5557	21.5612	19.3202	19.1637	20.853	22.161	22.7454	21.6013	19.1166	17.2223	16.1454	15.5212	13.4591	9.70881	5.23059	3.57268	5.06406	8.31389	12.7956	17.7388	19.9501
1.01641	0.522993	2.03217	2.12699	0.93872	1.10248	2.0323	3.30419	4.59289	6.44446	6.44446	6.82238	5.87856	5.59633	7.84395	6.53642	5.94191	5.86048	5.45763	10.2811	9.82857	2.72665	1.0459	1.0459	1.16929	1.88499	0.348667	0.348667	1.97154	2.3376	1.0459	0.389831	0.628531	1.60682	1.23254	1.23256	1.11611	1.77734	3.52125	3.72158	2.43923	1.75149	1.9869	2.32469	2.57238	2.32462	1.79426	2.58987	0.938765	4.21247	1.91698	3.48675	5.77541	5.596	4.92479	2.1833	2.44544	2.4946	2.33773	0.779627	3.57231	4.20891	3.21127	3.97302	4.10756	3.89231	2.1833	2.32469	4.13661	2.03217	5.0156	0	1.55888	2.46388	3.5892	2.21775	1.23251	1.98687	0.551292	1.11619	1.25699	0.493101	0.174335	1.3613	2.96098	1.40525	1.97154	6.2629	4.20891	1.55896	2.11994	3.13972	3.80189	2.53666	1.25699	1.25699	0.986129	1.10248	0.718779	1.11611	0.628531	0.888858	1.57827	2.42671	2.12699	0.493067	0.871583	0.93872	1.06033	1.94841	1.74288	1.94841	2.96619	3.13975	1.3614	1.01641	1.79426	3.04666	4.32205	1.71654	3.97661	2.66494	5.11674	6.20566	5.77559	3.04186	5.65743	5.69169	15.0751	10.7277	5.59636	6.37451	15.5996	10.9402	1.06031	1.4993	8.90193	21.194	9.07536	15.7434	12.4029	1.10248	7.97509	9.77947	5.06933	2.85704	1.43728	6.2727	15.8483	13.4445	10.1258	14.5266	8.66581	12.3314	10.1831	8.51275	8.1165	4.81039	5.00687	8.66574	4.92205	7.8344	6.77615	4.44614	4.5665	5.04565	4.36388	4.05949	6.59775	5.07851	4.36053	8.52152	6.11831	7.35583	11.3156	10.2474	8.48171	5.13734	7.2418	11.3917	9.26282	11.7682	7.41221	10.3304	7.97861	5.0696	5.92915	3.75003	7.33344	3.91171	4.2377	5.36908	2.42682	6.51552	1.3614	2.89914	7.07525	7.11103	8.05813	6.28937	8.39593	4.43597	8.90193	3.17803	3.10103	5.36626	5.35509	6.44424	3.75794	0.888858	2.1055	3.04174	4.97957	4.97971	5.31839	4.7475	1.3275	3.65608	6.3581	6.93307	5.52074	5.90909	5.61505	4.0483	4.01828	6.25357	3.85335	4.00698	7.11113	5.23013	3.82189	8.86222	5.65239	5.07851	5.05476	7.66063	10.0869	9.02044	7.45623	6.15976	7.11962	7.31545	5.564	3.69313	2.15543	3.76591	3.52125	2.66487	4.0032	8.65215	9.57573	8.44001	7.83471	8.7336	9.05785	8.99114
3.13949	2.20393	2.58963	2.2716	0.938637	1.10234	1.10234	2.032	1.11602	1.57814	2.98119	5.26106	6.06606	5.99905	8.13784	6.96661	7.14381	5.60373	5.82662	10.0378	10.3731	6.31967	5.54191	4.52296	2.03209	1.47878	0.779515	1.25686	2.20386	2.36959	0.55122	0.246529	0.71869	1.2568	0.493024	0.985976	2.09809	2.26493	2.6532	2.34386	1.7941	0.888795	2.32446	3.38077	2.58972	1.92469	2.18311	1.10234	2.2313	4.97912	2.63609	2.75406	4.56587	3.86455	4.68315	3.92662	2.66462	1.57814	0.718708	0.718708	3.82133	4.56587	1.77713	3.32671	4.92462	2.47606	3.04153	3.76576	3.28537	0.871529	4.80998	1.06021	1.49917	2.58961	3.58889	2.61291	1.40513	2.42649	0.522943	0.493024	0.389792	1.01636	1.23246	1.79418	3.30838	2.78691	1.22005	6.27191	4.83495	0.522943	1.43715	2.99629	3.48201	2.36961	1.01636	0.938671	1.11607	1.22005	0.628477	1.22005	1.16918	1.06021	1.39428	2.18311	2.47594	1.23242	1.57814	1.57814	1.40513	1.60671	1.11607	1.77716	2.0909	2.83537	1.79418	1.94824	1.77716	2.36959	5.1861	0.389776	3.74952	2.03209	3.04155	4.51627	6.53579	6.88058	8.20304	6.64232	12.2359	13.9205	2.70419	5.53107	15.8357	15.2959	1.88492	0.871529	5.07773	22.6	15.4028	11.9269	15.9908	11.6261	8.35489	12.9811	6.07842	7.76561	7.11682	10.7161	15.0049	16.5415	1.7941	11.7634	8.99025	10.4137	7.94636	5.74379	6.6083	7.45521	2.42033	7.48314	2.97614	5.40729	7.47708	1.88492	3.63496	4.36337	4.03659	3.32671	6.63093	3.58907	3.31294	8.49464	3.65988	6.10041	9.5011	10.3804	8.81845	9.34417	11.5816	14.0842	11.9763	12.241	15.0083	15.6559	13.0119	9.05872	11.7796	12.1944	11.1232	8.56767	8.3372	8.44976	8.63791	9.23832	5.05424	3.42965	6.98131	4.88155	8.6769	5.9085	5.68067	2.6533	9.99711	5.0541	4.19069	4.94291	5.97658	8.35296	8.53654	8.22479	7.93173	6.44381	7.11246	6.53579	6.99225	8.8915	7.1502	7.91667	7.88861	8.78168	9.49978	7.89993	7.02411	7.41962	7.64239	8.49487	7.83394	10.1823	9.72047	9.09756	8.7059	8.33702	5.05424	5.87802	7.1502	8.37252	9.31897	6.87398	5.52289	7.39153	8.45152	8.27494	7.40553	6.91293	8.83345	10.4196	9.4301	9.06357	9.28907	11.1877	10.1249	8.86503	8.23012	8.42163	7.31457	5.4874
13.6179	12.9247	12.4333	9.98488	5.83911	3.8172	3.52502	4.18315	3.84472	1.26876	1.49912	4.79728	7.87297	10.049	12.8188	14.7987	16.4808	15.335	11.6893	13.2905	14.8705	15.6679	16.4248	15.1611	10.7437	3.13921	2.20364	1.11598	0.871418	2.47568	1.43701	2.49412	2.8565	1.88475	2.15502	2.81375	2.98091	3.34893	2.43876	1.57797	2.03179	1.10227	1.11598	1.55858	2.18289	2.53618	3.17743	3.5035	4.59202	4.20827	2.15502	2.09793	3.08065	3.17743	4.36301	4.88109	4.89655	4.27942	3.28523	2.26481	3.52058	4.94542	6.27169	7.64173	7.60087	7.1098	3.89158	1.40498	1.88463	3.72097	7.75728	8.43676	4.45548	1.57799	3.69227	4.44504	2.95549	4.40434	3.00621	0.871475	0.522894	0.779479	1.11598	1.94807	3.65962	5.36525	5.28634	3.69236	4.29679	2.2914	1.72493	3.23866	3.81697	2.61264	1.32725	2.5123	3.76543	4.63121	4.89966	3.9456	3.20126	2.58949	2.42636	2.11954	2.2647	2.36938	2.66443	2.72629	2.27151	2.15502	2.65307	3.62229	4.27942	5.21767	5.4952	3.72511	2.5123	3.1775	4.13583	4.2082	6.9081	8.02198	6.86917	8.57726	12.028	14.3828	15.5135	16.7816	13.7003	9.42411	4.69563	3.36256	9.12056	19.9575	19.0068	14.6657	6.64179	17.8753	19.4183	2.34378	12.5042	20.3727	19.6569	18.2262	16.4973	17.8354	17.4424	20.11	17.1182	10.9039	6.59648	13.5983	16.3142	12.9804	12.3963	11.8684	10.1472	8.98925	7.88791	11.7676	14.7272	14.7082	14.083	11.9647	14.5332	15.9023	14.7488	14.3983	14.4224	13.2226	14.5972	14.7232	11.7676	12.9005	16.8995	20.6395	21.2983	20.5424	20.6217	19.985	16.5622	16.5138	20.3162	20.4566	16.5868	14.1279	15.7909	16.9219	15.3566	14.1279	14.4765	15.088	15.8955	15.066	13.2226	13.7249	13.9973	13.3132	16.6023	17.1466	14.9321	13.6592	16.995	18.9965	19.0652	18.5639	19.0055	21.005	23.7588	24.9309	24.6293	24.0096	23.2528	21.9094	21.9276	23.7754	24.4544	23.8337	22.894	23.0721	23.2887	22.3591	22.2484	22.2324	21.2746	19.9431	19.699	22.3591	22.8075	22.3371	22.9669	22.0383	20.7385	20.566	20.8526	22.3503	22.687	20.7813	21.0627	22.5307	22.5476	22.8716	22.5607	22.2195	22.794	22.1839	20.9785	20.325	19.5319	18.0869	15.3672	12.9718	11.4015	9.95568	7.60081	5.20901
17.1661	16.2264	16.8073	15.8055	9.76357	5.61343	5.67193	7.26031	7.99524	6.44954	5.18532	3.65918	1.87642	2.49387	5.89474	8.94438	12.0208	12.988	11.8346	13.9829	16.1598	15.2903	14.1858	14.2554	15.1566	10.328	7.29094	5.97546	4.67925	3.30324	1.23219	3.42888	4.43466	5.54087	5.51915	5.60276	4.83428	3.58835	3.52031	3.82078	3.11472	3.04096	4.53544	6.0748	5.98044	4.90836	4.57504	4.09527	3.10013	1.88456	0.871364	1.40483	1.74228	1.74228	2.7259	2.83489	4.29656	4.56519	3.89125	4.12467	4.97833	5.735	5.56248	3.9106	2.57163	5.21702	6.31846	4.74631	3.97551	7.44388	8.59008	11.5308	8.95245	3.55024	3.13877	5.65576	2.7918	4.52211	5.62672	3.38014	1.49896	1.65299	2.0317	2.70368	3.10013	4.34889	5.40655	4.87147	1.55851	2.96526	3.97551	2.96533	2.72032	2.96017	1.55845	2.10492	3.13886	4.63073	7.12802	7.98236	5.97546	2.96541	1.32711	1.21982	1.81896	2.51192	2.12641	0.718554	0.348568	1.16896	2.2645	2.18279	3.62192	5.18539	6.69704	6.83363	5.04138	4.68243	4.47184	7.07329	8.22854	10.7952	9.48412	6.51408	7.21714	8.96408	10.8433	10.5341	10.7617	9.65083	3.27092	7.24187	8.07594	14.8422	23.0773	21.8692	18.1378	11.999	14.3573	7.92988	10.1973	10.29	11.6918	12.763	12.2154	12.8463	14.8197	17.086	16.1185	10.89	13.0268	11.7457	12.8209	12.4321	12.7105	13.7449	13.1956	12.7997	11.277	11.4709	14.9511	16.6374	14.4519	11.8648	13.8509	15.2902	13.7767	12.8992	11.7714	11.5646	13.545	12.9267	10.5218	10.1805	11.5496	13.4332	14.4751	12.9267	9.81298	7.83255	6.54834	5.94028	6.25911	6.04766	5.67193	5.4121	5.67193	5.97546	5.89982	6.15797	6.8858	7.84201	8.69073	8.72455	9.28428	11.0757	10.6111	8.51254	8.92464	11.3434	12.6456	11.4193	12.5598	15.9129	16.3476	15.1806	15.3936	16.759	18.329	19.1181	19.5566	20.2024	19.5161	17.5096	16.7606	18.1285	19.9928	19.4789	16.9871	15.6295	15.5085	16.321	18.2458	18.898	18.7832	18.2233	17.547	18.898	19.4789	19.1181	19.7672	20.3344	20.4115	19.9851	19.3484	19.6616	19.6359	19.5672	20.2657	19.3619	18.3275	18.8841	19.7619	19.3134	17.1661	14.7257	13.1559	12.3954	11.7555	9.72773	6.6073	4.05831	2.88257	2.26454	1.10213	0.522844
8.49242	5.59416	7.79365	14.1245	9.11871	3.5199	3.49841	3.96767	6.08632	4.7235	5.21648	4.69471	4.35179	3.92547	2.49352	1.40468	1.25649	2.20329	3.62155	5.8251	8.03128	5.75004	4.70749	7.52245	10.3702	8.99402	6.45815	6.28942	5.63688	3.81642	1.7421	5.35272	5.20774	3.94479	3.52429	3.37979	2.65824	2.10479	3.72016	2.91878	2.10479	2.03886	3.36176	3.32567	2.97527	2.26435	2.32373	2.18247	0.779319	1.25649	0.938396	1.49873	2.1047	1.57766	1.60621	0.779319	1.56802	2.75326	1.75082	1.43677	1.94765	1.57768	0.551059	0.52279	0.779287	2.46294	2.72004	2.46294	4.68176	10.179	7.41711	5.65527	9.12355	4.8211	1.98612	5.67106	4.18214	1.60629	4.63984	3.96752	1.47843	2.11912	2.26435	2.6639	2.10479	1.32698	1.23208	2.42587	3.48542	2.97517	5.21348	1.77661	1.48859	2.34317	1.87622	2.95986	3.45484	2.95986	2.83459	3.34837	4.20738	2.53569	0.49288	1.25643	1.7421	1.8518	1.94759	1.10205	0.938396	1.48859	2.51166	1.97079	1.10205	2.43828	2.99557	5.22806	4.4579	2.26435	3.00555	5.83769	8.01998	4.87097	7.80123	2.79151	3.44609	3.50264	3.58787	3.30279	6.14244	5.77347	12.2838	6.87827	16.6764	13.2097	8.16454	11.0272	17.1614	8.89882	14.5566	10.0046	12.6719	3.32557	3.28441	6.14244	6.51308	4.03541	4.32064	4.42743	6.93664	5.89413	10.0452	7.19141	4.55156	4.94147	8.44879	10.3041	6.07418	7.59927	6.25842	4.68193	3.72023	2.83459	2.36899	2.44448	3.73631	2.53569	2.09754	1.98619	2.29094	2.4445	1.32698	1.23208	2.63528	2.4445	1.65282	1.2685	0.871296	0.551076	0.246445	0.71848	0.938363	1.01602	1.16884	0.697039	0.52279	0.628293	1.0599	1.23206	0.628323	0.71848	1.32693	0.938396	0.985738	1.10205	1.39387	0.697039	0.628323	1.48864	1.74215	1.26847	0.871253	0.779287	0.492906	0.348532	0.71848	1.57768	2.10479	2.10479	1.65282	1.92414	2.29094	1.87629	1.16889	0.871274	1.04549	1.48864	1.98622	1.79365	0.628323	0.779287	0.779319	1.16889	2.10479	3.58803	4.67877	4.92012	4.69803	4.80882	5.30509	5.49408	5.1119	4.68197	4.67877	5.16744	5.49408	5.1119	4.59434	4.68195	4.52165	3.81645	3.69177	3.82039	3.62155	3.3029	2.78609	1.40472	0.871274	0.71848	0.628293	1.11569	0.888517	0.871296	1.10205	1.39387	1.10205	0.779319
8.48289	5.68931	7.61001	15.1532	9.62415	3.63354	4.97718	4.45418	6.95524	5.32998	6.91032	7.40868	6.25056	5.08768	4.18903	3.25174	1.36065	1.4783	2.03132	2.3366	5.25895	4.89507	6.11514	7.71642	9.19649	9.16302	5.91391	5.6017	6.25793	6.70232	5.77283	5.82437	5.31842	0.985586	1.25639	1.94742	1.60616	2.0974	3.04024	2.203	2.3366	3.46777	4.72299	3.13824	1.87612	1.71571	2.61777	2.61777	1.64349	1.25639	1.39374	1.43659	1.97059	1.0598	1.23194	0.551004	1.16872	2.23031	1.4782	0.389622	1.11558	1.4782	0.871163	0.739221	0.551004	2.34293	2.8342	1.88408	3.50228	9.8758	10.1207	1.01592	8.68361	8.47596	3.48086	4.18892	4.91939	1.88408	3.25174	4.70705	2.99531	2.36878	1.98601	2.27079	1.7935	1.94747	1.43664	1.87612	3.89045	2.80756	4.87024	2.42554	1.81867	2.11887	1.94742	2.88187	3.45449	2.88187	3.00526	0.551004	3.69129	4.40297	2.11892	1.91605	1.98595	1.98595	2.27076	2.1046	2.12611	1.94747	3.08471	3.86312	3.27042	3.4195	3.4195	3.8515	4.72306	3.23793	2.09732	4.79555	9.28509	4.29553	7.62357	5.74923	2.33647	4.53442	4.78326	5.29615	11.4919	6.51241	11.6695	13.0189	16.1587	15.8236	5.91374	9.04524	15.6391	9.55757	12.3694	4.68132	10.2648	4.12365	3.58751	8.05415	5.99649	4.31997	1.16872	1.71571	4.72306	4.67193	8.92911	8.19978	5.83745	6.98967	9.50212	8.51747	3.48075	2.98	2.44427	2.61197	1.92396	1.92394	1.92396	2.09734	3.58751	2.91841	1.74198	1.21958	1.8186	1.60608	0.628268	1.10191	1.97059	1.39374	1.55821	1.43664	0.718432	0.174251	0.174251	0.718409	0.938268	0.871163	0.985586	0.628229	0.551004	0.871163	0.985586	0.871163	0.174251	0.492829	1.36065	0.628229	0	0.492829	0.985586	0.348499	0.87122	1.16879	1.26834	1.49858	0.871163	0.779208	0.348499	0.389644	1.23194	1.48844	0.938268	0.551004	0.718409	1.25631	1.10191	1.16879	1.11565	1.04539	1.25631	0.985586	0.492829	0.718409	1.11565	1.60612	1.16879	0.938313	1.32679	0.551004	0.389644	1.10191	1.04539	1.43664	1.74198	1.21958	1.05982	1.39374	1.26839	1.32686	1.40459	1.10195	1.04539	1.74192	1.36065	0.174251	0.522741	1.23194	0.718432	0.628229	1.26834	1.05982	0.888454	0.938313	1.05982	1.26834	0.718409	0.174251	0.492829	0.985586	0.628229	0.88843
5.01277	1.48831	6.92874	14.702	10.7177	4.86685	7.91276	9.08026	13.2474	14.5631	15.662	16.7389	15.0703	13.3271	13.5515	12.425	8.68302	4.13441	2.36854	0.77914	3.42801	6.98893	10.0262	13.3271	17.0497	19.7147	18.0561	15.3508	15.0566	16.0197	15.4553	13.2485	10.8936	7.83975	6.28826	6.78354	6.01615	5.52842	6.13426	5.67817	5.03991	4.97991	4.74486	3.46743	3.138	3.28394	3.41916	2.42541	1.60599	1.74186	2.26392	1.79332	1.23183	0.628174	0.77914	1.10184	1.92376	2.51119	1.16862	0.871131	1.71547	1.85145	1.40444	2.09714	2.49314	2.63482	1.94722	1.64324	2.42533	6.903	11.35	8.69491	1.05972	8.20645	10.6516	4.35799	3.41907	4.34752	0.985501	4.91919	6.45694	4.79539	3.34324	2.91823	3.58732	4.62938	4.07568	4.18152	6.42219	8.46146	6.74828	5.48477	5.60113	5.31823	4.27774	4.09407	3.31137	1.92376	2.12579	2.65762	3.07965	6.80103	7.49569	7.17585	6.73504	6.22137	5.51754	5.45193	6.04591	6.15619	6.09512	6.33313	5.45193	5.013	4.68107	4.87005	6.25725	5.51754	3.58312	2.46248	8.61476	9.05268	2.58847	7.45195	6.85991	1.0453	4.06079	2.23012	10.8877	9.53325	5.29274	15.8395	16.8138	12.4384	5.25292	12.0814	18.2224	15.704	13.7329	10.3307	11.8551	9.09325	13.4116	16.5198	13.7759	12.6116	12.053	12.1945	13.3102	14.8156	15.6347	13.3164	11.3541	11.7253	12.0814	9.87531	7.1155	5.98622	5.13145	4.66498	4.29533	4.43337	4.27774	3.3792	3.49772	3.04	1.26826	0.696907	1.36053	1.23183	1.01587	1.4365	2.26392	3.20003	4.06086	4.94054	5.4547	4.59348	2.75282	1.65251	1.88401	2.51131	3.138	3.62086	3.94405	4.67789	5.25292	5.21276	5.28426	5.31823	5.13145	4.53412	3.94405	3.72364	3.65818	2.75282	1.39361	0.628174	0.550955	1.16862	1.16867	1.64332	1.60597	0.871109	1.23181	1.2562	0.77914	0.718344	1.0597	1.0597	0.348466	0.389588	0.348466	1.01583	1.64324	0.938185	0.550955	0.779172	1.55806	1.55806	1.40448	1.49852	1.4365	1.26826	1.40448	1.77631	1.94728	2.15418	1.87593	1.48836	1.4365	1.23185	1.0453	0.718362	0.389588	0.522691	0.696907	1.55799	1.26823	0.779172	1.10181	1.01583	0.389604	0.628204	1.10184	1.48836	1.74186	2.2166	2.49314	2.49312	2.10439	1.88401	1.88401	2.41917	2.995	3.83151
7.21442	4.92183	5.22643	11.7955	10.9818	3.63285	7.69175	9.39636	8.3219	10.1424	9.77208	12.2993	12.3778	10.1996	11.161	12.2772	11.3793	6.23034	4.68063	3.84282	2.46222	3.11354	5.78226	8.44679	11.018	13.326	13.7256	10.6289	9.1616	10.7858	11.6837	9.88638	10.1839	8.85671	5.07512	5.99565	5.18334	3.65786	5.27521	4.38862	2.85513	1.79316	2.03827	1.87568	1.75034	1.71539	1.39348	0.348433	0	0.696841	1.26815	1.01579	0.888286	0.888286	0.550923	1.23171	2.44378	3.76339	0.522642	0.739132	2.27028	2.5881	2.20258	2.44378	2.63457	2.03093	0.779104	1.47792	1.85126	2.57051	5.73267	9.11645	8.8747	5.66945	8.34823	9.17868	0.718297	4.00427	5.51675	3.20903	4.06042	3.08424	1.81832	1.4043	3.46698	2.95407	3.37884	2.96418	5.45399	5.78226	5.63533	4.40223	4.89414	4.14863	2.99474	3.15208	2.53505	2.53505	2.49289	2.49279	2.72482	3.57017	5.77966	5.80293	5.73284	5.07512	3.86255	3.79949	4.20274	4.56352	4.36105	4.17745	2.66315	1.98567	1.91569	1.36048	2.96418	3.13762	2.95909	1.85126	5.30363	10.0326	10.8988	6.76514	11.4499	6.51811	4.05653	9.18035	9.23294	5.11017	7.68981	8.36765	8.9279	3.69066	6.42121	5.73284	12.0267	7.23916	8.27906	8.96227	9.25689	8.54212	12.2763	13.3735	11.7572	12.1371	11.6839	10.6126	9.78701	10.4139	10.6819	8.0457	5.83635	4.97948	5.58176	5.45411	4.58982	3.96658	3.19501	2.8124	2.97444	3.30198	2.72497	1.79316	2.03827	2.22989	0.174218	0.38957	1.10174	1.71539	1.60585	1.74171	2.09701	2.27042	2.65751	3.76363	4.8075	5.28369	4.01554	1.94713	2.23004	2.58828	3.07938	3.69892	4.18841	4.83245	5.25246	5.1105	5.16603	5.35152	5.22664	4.51041	4.00441	3.72332	3.85077	3.65778	2.79072	1.7761	0.522642	0.718297	1.25615	1.40436	1.75032	1.39348	1.87568	1.40427	0.870998	0.870998	1.01572	0.938091	0.779104	1.43637	1.36048	1.23174	1.7153	0.718273	0.5509	0.938091	0.718273	0.174218	0.779061	0.718297	0.888286	1.21935	1.10174	1.39348	1.4043	1.2681	0.696841	0.696841	0.718273	0.246373	0.718273	0.62815	1.01579	1.36048	1.43637	1.87568	1.1017	0.62815	1.4043	1.39348	0.985467	0.779104	0.522642	0.550923	1.01579	1.40436	1.77614	2.0897	1.71539	1.79316	1.85139	2.34265	3.07938	4.44317
7.1371	7.95629	9.03972	10.7415	9.12656	2.15372	7.07403	11.5846	5.38716	5.85617	4.62851	9.01828	9.18109	5.45091	7.1889	10.5948	12.1613	6.59949	4.57278	4.51978	4.53305	2.71902	0.985315	1.11527	0.888199	2.96392	7.49803	7.54544	5.25193	5.11283	6.76451	4.20591	3.49709	6.77104	3.62018	4.36052	5.39548	3.11322	3.03942	0.938041	1.0595	0.870966	1.1016	1.64293	1.7929	0.628055	0.492694	0.3484	0.628085	0.718208	0.938008	1.23162	1.26802	1.1016	0.522592	1.98539	1.48803	4.0747	0.739018	0.870966	2.18165	2.70786	2.18165	2.09673	2.63428	1.1684	1.49824	1.81814	1.5577	1.6056	1.49817	3.62	8.887	10.8552	2.27008	10.7049	4.36055	2.78504	6.3152	4.43233	2.368	1.81809	2.03816	2.65153	4.30138	2.18174	3.37851	3.46677	5.36193	2.29004	3.03949	3.96613	5.05073	3.90873	4.18798	3.42736	2.65153	2.70238	2.10399	2.61702	3.58654	1.77594	1.05952	1.98544	2.91768	2.71915	2.12549	2.09673	1.71515	0.389514	1.25596	2.51071	1.11527	0.38953	1.0451	1.16845	1.65214	1.88356	2.15372	4.04503	2.43736	3.84247	13.4085	10.6764	10.1596	11.519	9.39271	10.2082	5.9924	4.20232	9.29837	10.0239	3.3426	5.59204	8.05936	5.45349	9.16841	8.82934	9.92794	9.01853	7.82875	7.66816	6.42781	5.06561	4.94248	2.63428	1.9234	1.64301	2.18174	2.96392	3.51857	2.80666	1.77597	1.94691	3.52282	3.19454	0.696775	0.492719	0.870945	1.40417	1.26799	0.938008	1.25602	1.60566	1.91551	2.4926	1.23164	1.79298	2.4744	2.85484	3.07907	3.07907	2.71915	2.36812	2.58798	3.03949	3.09864	5.21165	5.56778	4.45288	4.06009	3.81501	3.5698	2.75233	2.27018	1.94693	1.77594	1.0595	1.05952	1.55776	3.15177	3.30165	2.91768	2.18174	2.8067	3.86203	3.32441	4.05636	4.83196	3.81894	2.09679	1.64301	2.36809	2.49265	2.66284	1.94687	1.48803	1.01564	0.888181	1.23162	1.40421	1.77597	1.10163	0.870923	1.36027	0.628055	0.389514	0.778992	0.718208	0.174202	0.870923	0.628055	0.492694	0.870923	0.628055	0.870923	1.01568	2.27018	2.5704	2.708	3.5698	3.93565	4.42576	5.29461	6.35322	6.86519	6.63795	6.60417	7.01314	7.35038	7.3119	7.1745	6.86953	6.75367	6.99616	7.23021	7.23842	7.65477	8.45988	7.78136	4.91826	5.45367	7.92835	9.05274	8.43895	7.63732
7.46186	8.0663	9.03894	8.24714	4.63763	1.16834	6.13467	12.9767	7.27225	6.13491	4.58895	9.22954	8.7613	5.28282	6.85802	10.7835	12.9921	8.14428	5.81956	4.97525	5.49119	3.20836	0.985213	1.36013	1.65198	2.21599	5.51866	7.54476	5.93684	5.11237	6.09579	5.23704	3.20852	5.03836	4.54933	4.942	4.86857	3.11295	2.44332	1.40404	0.870862	0.937958	0.492677	0.937913	2.26985	0.870833	0.492643	0.778913	0.718161	0.389496	1.64276	1.57691	1.40406	2.03043	1.16828	1.57691	0.628031	3.34209	2.21584	0.937958	1.48788	2.21584	1.48788	1.60552	2.83319	3.34209	2.26991	1.64287	0.696709	1.85091	1.49801	1.94665	6.41776	11.7508	3.23649	8.89439	5.62339	2.20226	5.10921	4.43187	2.12517	1.21912	1.88349	2.65129	3.88888	2.26329	2.89665	3.19441	3.79863	2.91731	2.58779	3.96577	4.86855	3.83046	4.24477	3.20858	2.65129	2.58775	1.9853	2.96362	2.97887	1.10154	0.870891	2.61675	3.32411	2.8065	2.36788	1.60552	1.0594	0.174185	1.74126	2.51046	0.389475	0.522543	0.778956	1.11523	0.888118	0.718137	1.94668	3.81445	2.11812	4.63763	11.0779	12.3197	5.93684	11.0431	8.98354	7.01026	5.99182	4.63777	5.16477	11.4462	5.23697	5.51602	5.90388	6.26959	6.43896	8.80192	9.71322	8.51464	7.52716	6.97841	5.68708	4.77197	3.66945	2.09655	1.92321	1.94673	2.26329	2.96364	3.32406	2.43713	1.77581	2.09655	3.08354	2.49232	0.696709	0.492677	1.0594	1.60547	0.718161	0.522543	1.25591	1.48794	1.75001	2.70204	1.23153	2.26993	2.57017	2.83333	3.09837	3.09837	2.8065	2.34221	2.70213	3.17537	3.26919	4.87783	5.25707	4.4525	4.10404	3.83046	3.61987	3.08366	2.26999	1.85104	2.65116	0.870862	1.21912	1.55762	2.65129	3.30135	3.32411	2.26329	2.53458	4.05956	2.91742	4.05601	4.86872	4.72128	2.49242	1.60555	2.1253	2.95853	3.08354	2.15351	2.18142	1.01553	0.550818	1.01559	1.36023	1.77581	1.77576	1.60544	1.11516	0.870833	0.174185	0.348367	0.937913	0.389475	0.627991	0.870833	0.492643	0.627991	0.870833	0.627991	1.57691	2.26999	2.75206	2.88093	3.61987	3.93531	4.53287	5.39516	6.67316	6.86461	6.82324	6.49434	6.98705	7.34975	7.35176	7.17389	6.90351	6.74427	6.98705	7.2378	7.22959	7.83758	8.43823	9.66784	5.32798	6.26979	8.63991	9.05198	8.54233	7.51934
9.04292	9.3567	8.82597	8.35835	8.37249	9.33635	10.4108	14.2312	9.19223	7.43924	8.58788	12.0317	11.7391	8.43738	8.12383	11.6617	13.7958	9.17782	7.83657	6.76987	7.96758	6.24763	3.1368	2.78452	2.65093	1.47751	1.40393	4.34933	6.09283	7.81977	9.11399	10.702	9.88355	8.96304	9.23536	8.31943	7.58917	7.23493	4.67933	5.18193	5.13243	2.26307	0.93783	0.389441	2.03771	1.87523	2.03034	2.11791	1.48779	0.738916	1.219	2.44311	0.738916	2.03771	2.08911	0.778877	0.389457	2.34184	2.72407	1.32617	1.81775	2.46159	1.94654	1.94656	2.46159	3.56894	2.5698	0.888031	3.6568	4.58846	3.58177	3.74644	5.04978	9.52971	7.47073	6.36132	10.5272	7.58919	4.94164	4.39745	2.80621	4.54898	5.10902	4.86822	4.67928	3.2827	2.95321	3.2827	3.8886	3.30555	2.15337	2.78452	3.46601	2.09635	2.41826	2.88064	2.41826	2.20204	2.65674	4.03318	3.92334	4.97804	6.8313	6.98632	4.62764	2.97348	1.87516	1.25578	1.6427	1.72371	2.70187	3.92334	3.23637	2.09639	1.16823	0.550763	0.550746	1.16823	2.15337	4.29369	7.92687	10.8961	11.1783	12.9703	7.14407	12.1089	11.6461	11.2633	13.2158	13.3445	13.7851	15.0215	9.78855	8.4583	8.97778	8.27671	6.07323	6.75241	7.12322	5.83464	5.54794	5.05877	3.96538	3.84178	3.63194	3.73436	3.973	3.81426	3.58177	3.30103	2.78452	2.08911	1.94654	2.09635	1.87516	1.5574	1.10143	0.870801	1.23136	1.57676	1.36009	2.46163	3.26886	3.58599	3.96543	5.51547	6.13443	6.1344	5.873	6.26688	6.63896	7.47904	9.39886	10.355	8.33013	5.49098	5.60969	6.90062	7.68419	6.79635	6.35203	5.89589	6.15387	6.98632	6.25735	5.66815	6.53712	6.07323	5.59101	5.07364	4.29371	4.20512	5.16448	4.74314	4.04443	4.87737	3.96921	3.84966	3.34648	5.14397	3.13674	1.72371	1.98509	3.34643	4.40098	4.51909	5.59903	6.66136	6.50975	6.13443	6.13443	6.31433	6.59163	6.43831	6.31433	6.45222	6.02382	5.29362	5.01112	5.04992	5.40849	6.04364	6.50975	6.41978	6.01636	5.78058	5.90093	4.93868	4.82793	4.82793	3.96543	3.44431	3.74644	3.58597	4.17629	3.34197	4.61785	4.59175	3.56912	3.20825	4.24434	5.10902	5.15579	4.91429	5.16453	5.97148	6.75241	6.30722	4.79358	9.00855	7.66487	4.89279	3.37776	1.16823	2.83293	3.2827
14.865	14.7235	13.852	13.8307	13.6561	13.7993	13.2415	14.0114	10.7817	8.93772	9.17737	11.7771	12.4181	8.3647	6.62474	11.0772	12.3222	10.3483	10.3412	8.25999	9.9486	9.69774	6.74516	6.10206	5.39395	3.42624	1.05922	3.23609	6.01338	8.45758	10.6469	12.7103	12.7103	12.2718	13.4653	12.6364	11.72	12.6238	9.63761	8.19554	7.61946	3.90744	1.74094	0.778809	1.39295	1.40383	1.48766	1.92287	2.03017	2.18114	1.60517	1.40377	1.87497	0.870697	2.03759	2.33528	1.79238	2.32218	1.4876	3.04347	3.84137	3.08308	2.5341	2.81133	3.13652	2.08891	1.71465	2.8058	3.73382	4.57157	6.30668	7.5179	7.36847	5.76948	9.06588	6.94069	12.0937	13.4568	8.62986	4.23327	3.35967	4.4415	4.72687	4.72687	4.35597	3.86109	4.05898	4.14707	4.07005	3.35967	3.13652	3.54754	3.13646	1.91497	1.0154	1.39295	0.550692	1.16812	2.08891	2.66207	2.78966	4.20807	4.72032	6.76058	6.92586	7.90707	3.58548	2.70726	2.71841	2.47372	2.41805	3.08308	2.78969	2.50998	3.13652	3.76221	5.13198	6.68977	7.95413	10.0998	13.9857	15.8618	14.9947	14.239	13.4441	15.8463	17.871	17.5893	17.6467	16.885	16.7551	14.9207	11.0099	10.2796	10.4101	8.83024	7.58855	8.16486	8.30457	7.25487	6.6697	6.13387	5.39414	5.16402	4.67889	4.35597	4.43131	4.05525	3.66885	3.28242	2.65079	1.94636	1.56699	1.23125	0.389401	1.40383	2.22919	2.26956	2.20184	2.33528	3.04366	5.1436	6.06035	6.39596	7.38462	9.29	10.9587	10.4837	8.93772	9.01618	10.173	11.4461	13.4192	15.2792	14.2225	8.04825	7.57276	9.64367	11.9223	10.882	10.0681	9.30574	9.30574	10.7537	10.9098	10.2456	10.9416	11.1764	9.87681	8.67748	7.8191	6.99425	8.47845	9.20921	8.39462	8.81191	8.30457	6.79577	6.52748	8.15922	5.9028	3.20797	4.20476	5.25049	6.28534	6.73194	7.72011	8.80028	8.6418	7.60611	6.98575	7.01123	7.43661	7.72967	8.10681	7.9262	7.3099	6.2185	5.15535	5.40803	6.13877	6.86766	7.12268	6.28534	5.36348	5.78009	5.97096	4.83063	4.29334	3.45277	2.5873	2.71841	2.49198	1.10133	2.3416	1.64245	2.26956	3.41756	2.72394	2.95805	3.32357	3.34618	3.13652	2.18114	1.71474	3.6564	4.81815	4.79317	4.07379	6.66958	7.71226	4.27576	0.550714	2.72394	4.57157	5.34941
10.1362	10.5087	10.6566	11.2254	10.1204	10.0396	9.15084	8.47043	4.4544	1.57648	3.73365	8.5551	10.0058	7.77269	9.03947	8.25891	6.69778	9.82971	9.86519	7.92351	10.4741	10.7376	8.80935	8.79764	9.19061	7.61875	4.09176	2.61602	2.21523	2.09595	2.9933	4.05856	5.74572	6.92516	8.16403	8.37093	7.86549	10.5706	9.85216	7.01681	9.13765	5.81795	3.37717	0.717954	1.01525	0.887863	1.05912	0.246258	0.984993	1.43568	2.75118	0.627848	2.3414	0.246271	0	0.887845	4.05835	3.75367	2.9933	4.40008	3.96453	1.98469	2.46116	2.83245	3.41722	3.58532	3.34134	3.32312	3.56827	5.79987	6.24645	6.59039	6.3602	5.39359	6.06934	8.74369	3.13608	7.50131	9.99721	3.41714	2.63329	2.26928	1.7753	1.40364	1.01525	1.65152	1.9462	2.02996	2.26928	1.98469	2.09595	1.94614	0.738738	1.72339	3.28208	3.8175	3.73365	3.72153	4.67845	5.66706	6.13325	8.44265	9.50364	7.56207	1.88294	11.5295	7.17147	1.35983	1.05912	0.717937	1.98464	3.88787	5.65113	7.64789	8.13139	9.15245	9.73303	10.325	11.644	13.4838	13.6752	12.1066	12.1959	13.2048	12.2191	8.73229	9.88171	10.513	9.17476	7.33948	6.47403	5.67497	4.66235	3.81354	3.23576	3.34584	3.35934	3.58527	3.68486	3.28208	2.91658	2.66188	2.18092	1.91479	1.55711	1.11485	1.10118	1.32597	1.65157	1.43568	1.10122	1.26754	1.65157	2.12468	3.04335	4.00249	4.30342	4.14664	4.24354	5.03707	6.51765	7.44777	6.7599	6.17694	6.15998	7.525	9.81806	10.409	8.34447	6.90149	8.5122	9.73303	9.95946	9.15245	12.4363	8.47556	6.1984	6.9336	8.59653	9.41572	8.53987	7.66541	6.45331	8.48626	10.7054	10.2005	9.22102	9.0623	7.92351	7.10943	7.72689	5.89478	7.89922	9.6502	8.35151	8.30197	9.34086	8.31795	8.19471	10.1717	8.51195	3.50014	5.93514	6.74232	7.34963	7.41193	6.90152	5.90997	5.38522	4.35553	3.82934	3.52164	3.9226	4.07337	4.72639	4.89498	4.9771	5.23555	3.24969	3.19819	3.0779	2.096	1.56684	2.99316	1.23113	2.9628	2.58703	2.32197	1.16796	1.32592	0.984993	1.01525	0.522395	1.16796	2.42403	3.99863	2.50988	2.80564	0.870637	1.25548	0.522395	2.09594	2.26928	2.97807	3.94182	6.3131	7.05485	5.42407	3.23576	3.48277	6.36232	4.01369	3.15058	3.65605	3.49577	2.49163
4.27495	7.23293	8.58555	10.4747	9.91032	9.11638	7.593	3.52133	2.5692	5.99227	7.33883	10.3351	8.49736	2.65016	5.3845	5.01266	6.35029	10.473	8.98162	8.3137	10.9459	10.897	10.4858	10.8932	11.4939	11.2562	8.82356	7.93765	6.41549	3.7972	1.49745	1.23101	2.22877	3.94148	5.03664	5.87139	6.39476	8.19936	9.11788	8.82498	9.64144	8.71627	8.47497	4.876	0.717889	0.778619	0.522345	0.696446	0.389349	0.870504	2.12436	1.60483	2.26907	2.02978	2.26913	3.43018	4.77006	4.04309	2.11732	3.00299	3.49964	3.30919	4.23247	4.2925	5.01266	5.53835	6.63715	6.87285	5.44839	6.79632	6.39668	2.86921	3.30461	3.49983	2.58678	5.58915	8.31678	2.56905	10.0483	8.67699	2.08851	2.46089	1.71433	1.72312	1.40348	2.26899	1.60486	1.8747	2.15277	1.10112	1.16784	0.870504	1.43555	2.86931	3.0381	2.5692	1.35971	0.717889	1.35971	0.492457	1.74933	3.7533	7.14181	10.6443	6.61873	10.8075	12.5906	4.20756	4.20037	4.62637	7.37303	9.92339	10.0965	9.78586	10.8492	11.8092	11.6774	11.3734	11.464	13.0975	13.5264	12.4915	12.0108	11.7799	10.1995	7.12755	5.7764	5.97481	6.31254	5.60814	4.61657	3.58498	3.11178	3.26796	3.23548	3.1932	3.19791	3.03807	2.11732	1.48738	1.60491	1.23101	0.174119	0.870533	1.39269	1.88278	3.07764	4.18604	4.93733	5.45115	5.779	5.69294	5.10762	4.66842	5.12811	5.00974	4.45082	5.03664	6.62368	7.92472	9.56732	9.64939	8.68261	7.22689	6.49191	8.14147	8.64007	8.71643	9.94545	8.23709	7.68202	8.31358	8.73657	5.69294	11.5221	9.33963	5.72941	9.65346	8.13074	10.8494	10.085	9.45819	6.31261	8.38585	9.76665	11.0901	8.9606	7.12125	6.31254	6.65954	8.36297	5.48948	8.48531	8.85511	8.30821	6.50797	8.72147	9.56433	8.67586	11.7441	10.339	3.82495	7.79466	8.62825	9.96306	9.59177	8.5684	7.30649	6.98437	6.35964	5.31477	5.3485	5.98233	5.65074	5.10762	6.13762	7.86482	9.33373	8.4298	6.52626	4.67804	3.00306	1.92248	3.13104	3.81324	4.97358	3.32285	3.1116	1.55704	2.97779	2.21516	2.80538	3.11178	3.92225	2.49151	2.26899	0.696446	0.778619	2.26905	2.15277	1.92251	2.26905	2.32181	3.30916	2.65016	2.22877	5.36247	6.28416	5.74522	4.77966	6.14702	2.60999	1.57631	1.81722	3.1932	4.45082
1.74915	4.14586	5.28029	6.10029	5.06281	2.75077	1.71415	4.29186	5.72882	5.05685	5.21155	5.00891	5.10709	9.56337	10.8268	8.04778	6.0141	10.2337	9.4387	7.65048	9.00511	8.36398	9.35321	10.1542	11.0276	12.1042	10.1127	10.3469	10.9025	8.66626	5.25455	3.17385	2.09554	1.47693	1.8171	2.71761	3.56778	4.48402	6.93868	9.61167	9.01986	8.91533	10.0185	7.8391	1.49729	1.25531	1.74054	0.937507	0.522292	0.550531	1.40336	4.18533	3.96771	5.13049	3.81678	3.65541	3.49509	2.97232	1.88246	2.02945	3.81655	4.29186	3.8285	4.17835	4.91232	4.89093	5.06284	5.24896	5.03612	5.20866	4.67728	2.56879	3.19269	2.34092	1.94582	2.44217	6.54113	7.43405	6.66964	11.9949	4.12036	1.81703	2.09546	1.72294	1.32565	2.0883	2.91602	2.95711	1.74043	0.870472	0.522292	0.627729	2.28871	2.78885	1.55688	0.627729	1.25523	3.68812	5.15385	5.51339	2.50941	3.19743	4.67728	8.39168	11.4622	3.68812	13.377	8.91377	10.0955	11.0108	11.8333	12.3469	11.347	11.6798	13.0841	12.3424	12.5482	12.7446	12.4343	12.6293	11.9009	11.4629	11.0851	9.92535	7.97403	6.07095	5.20883	5.06281	4.72543	3.65541	2.65002	1.87451	1.77495	1.92231	1.55688	1.65125	1.57617	0.717792	0.778581	1.40339	1.23089	0.717815	0.627729	0.696374	1.11469	2.33459	3.11145	3.88717	4.67437	5.40646	5.76805	6.07095	6.15882	5.65016	5.36192	4.56047	3.96771	4.27451	6.60042	8.36229	9.07348	8.95969	9.75965	9.33288	7.7332	8.60845	7.18484	5.04802	6.51642	7.60391	6.05121	7.47594	5.87073	5.7912	11.265	8.94296	4.19994	10.3674	8.15677	9.61662	10.5509	11.3354	8.06794	6.93864	6.13198	7.61744	8.41131	7.20336	6.60045	7.39651	9.32003	5.58887	9.27745	7.20964	9.5018	7.01554	8.08624	8.12079	5.27169	13.7334	10.947	4.24246	9.03903	8.64586	8.62738	8.10627	8.02577	8.2737	8.30218	8.80769	8.10447	8.10447	8.80776	8.44815	6.05859	6.37537	8.21475	10.2454	10.5467	7.8921	5.38972	4.8755	4.14586	5.65016	6.39411	4.76978	4.70302	4.56041	5.16259	5.43405	4.82923	4.51738	2.99274	3.08206	1.94579	1.71424	0.627729	0.550553	2.18038	1.26725	1.57615	1.94579	2.26221	3.30885	4.59963	3.41645	0.3482	1.77495	3.58458	2.75077	2.71743	2.87955	3.03779	2.70647	3.47788	3.81285
4.18506	3.28112	2.44194	4.00114	3.03739	2.09532	1.94555	5.04725	5.07096	2.1025	3.08179	4.30216	8.41757	6.37945	7.10927	6.97233	7.52283	9.17361	8.47508	7.29064	7.37144	6.44914	7.74765	8.87977	10.4574	12.97	10.6739	10.1975	11.4653	12.1842	11.2592	8.31548	6.09969	4.69302	3.0024	0.77847	1.05879	1.35943	4.3988	7.81586	8.31192	8.34373	11.3061	10.2412	4.70258	1.714	1.25518	2.15228	1.94555	2.41709	2.71733	5.58809	5.01153	5.20252	4.48356	2.12406	2.44192	3.30396	2.86873	2.95683	3.58412	4.07198	3.58409	2.81013	3.29934	3.58414	3.17354	2.95689	2.962	3.68784	3.32215	1.43523	2.80474	3.14963	3.34473	3.47743	3.65498	6.89918	1.65109	11.0513	10.8311	3.88673	1.55665	1.98411	2.65546	3.04246	3.11114	4.4531	4.38503	1.88239	1.74028	2.18028	2.61527	1.65104	0.522242	0.778502	1.55665	4.42937	4.77854	6.37945	8.80849	7.66319	7.80652	6.28041	9.39394	5.29932	10.8471	12.956	12.5638	12.7767	11.7179	11.1616	11.6369	12.7221	12.7075	11.361	11.6197	12.1773	11.774	11.084	9.26898	7.43372	6.25191	4.97258	3.29944	2.60954	2.75049	2.53311	1.92211	0.870361	0.696308	0.696308	0.77847	1.01496	0.696308	0.870361	1.16766	1.47688	1.11458	1.21842	1.57602	1.49724	1.35943	1.60461	2.33436	2.58625	2.53311	2.80482	2.81023	3.07701	3.19728	3.69607	4.86589	5.53453	6.36539	7.515	7.66319	4.82874	6.4235	8.30657	9.42387	8.12906	7.99726	8.59406	7.78576	7.70929	5.35857	3.48176	2.32135	5.24843	6.37945	7.79315	4.29163	5.03844	10.2992	8.46972	6.39345	8.3152	9.99556	3.85957	6.63349	8.88964	8.24244	4.72497	4.74384	2.44194	6.02073	5.93841	5.90826	5.45004	8.84975	4.39887	8.19917	3.52061	7.96383	5.76746	2.47275	4.66722	5.74382	14.4199	9.76418	5.00848	9.03659	8.56623	1.74036	5.0475	6.99152	8.4281	8.57866	9.43785	10.2416	9.38194	7.83309	8.31192	7.30487	5.73614	5.70747	7.06966	8.34373	7.97311	6.30175	5.81897	5.4059	6.07033	6.13636	5.93349	7.01478	7.27451	6.41672	5.83188	5.68388	4.2067	3.45141	4.86269	3.45141	3.68791	2.78861	1.74032	4.17067	4.27408	4.04249	3.08187	2.18028	3.03746	4.86269	5.40579	4.35426	3.58427	2.22831	0.627664	0.627664	1.84996	2.86873	1.57602	0.696308	0.738561
3.66695	1.01491	3.44213	4.42891	2.26172	3.37601	5.16161	7.88868	9.10875	7.282	6.75735	5.97308	5.74864	4.18466	4.69256	4.72461	6.07946	6.58547	6.24168	7.87714	5.92022	6.41617	7.89063	9.41221	10.2436	12.6672	11.8878	11.6579	11.2582	12.2007	13.6702	13.6989	12.0418	9.5782	7.4508	3.667	2.33403	1.05869	2.615	4.87458	6.15035	8.43946	12.9249	12.6883	9.47241	7.17517	3.75232	2.46017	3.90557	3.88638	4.82832	4.54629	4.58559	2.09515	4.74045	4.58586	2.86847	3.71591	3.75232	4.06809	3.17325	3.90557	3.57953	2.99198	3.28064	3.57953	2.7501	1.32547	1.1008	1.87407	1.7401	0.62757	1.3254	2.28833	5.3242	6.15	3.14937	4.13034	5.83102	6.13584	13.1666	10.1677	1.23065	1.1008	0.937329	1.10075	1.64166	6.58755	5.54455	2.85249	3.71591	1.11448	1.11448	3.07674	4.0533	4.44953	4.10129	4.22755	5.86932	5.31016	8.56593	11.4796	10.9995	11.379	11.0465	12.5228	11.6397	14.2718	12.4583	12.0455	12.5232	13.9782	14.5983	12.955	11.9167	10.082	8.65295	7.97997	6.74858	5.32443	3.62987	2.3663	2.09512	1.40307	0.887499	0.870279	0.696242	0.870279	1.2183	1.16756	1.40315	1.55658	1.43513	1.23065	0.717679	1.01491	1.23071	0.887522	0.738446	0.348134	1.35931	2.34064	2.83143	2.96175	2.95663	2.87901	3.13501	3.08159	2.86847	2.75025	3.7604	5.68339	6.98242	7.5869	8.42737	9.49874	10.4869	7.66055	6.15741	8.96417	8.47253	8.53669	8.35366	7.99479	8.80774	6.82523	4.34353	5.96035	4.01215	5.72777	6.0105	7.00561	3.68759	4.74336	7.50799	7.01417	8.29888	6.3601	8.81387	2.58588	2.17996	4.76858	5.05571	3.32197	3.00211	0.937285	4.10103	2.86838	1.55658	1.23062	6.52393	3.667	6.66839	3.03718	6.05746	6.2512	6.4135	8.17161	8.6442	12.3395	6.26293	7.63901	8.17684	5.89217	3.66686	5.38027	6.87736	7.451	7.20213	6.54031	6.49692	7.17517	4.00098	5.2192	7.63141	5.28775	4.34684	3.45111	6.41363	7.6139	7.10864	5.64897	5.15288	5.77472	6.68883	8.07378	8.80774	7.30438	5.99054	4.89313	4.67665	5.04707	7.77559	9.95575	8.2633	6.10902	5.93786	6.47615	9.37475	9.42621	8.73406	6.56065	4.66706	6.13584	7.67986	7.66055	6.9675	7.47485	7.06905	4.84376	1.40312	0.984553	1.8498	4.0902	3.20643	2.96175
2.09495	1.01476	2.89428	3.8274	3.85885	3.68721	2.83114	3.85872	5.59514	5.22165	6.08878	4.82783	2.20056	3.19654	3.29882	3.19666	4.84316	4.97154	5.81517	7.23201	6.20288	5.66438	5.43248	5.97248	6.52588	8.29606	8.71292	10.6352	10.167	8.84002	9.95918	13.3611	14.3482	13.5864	12.4523	9.08376	6.94738	2.66055	0.627546	3.04189	4.82471	6.80706	11.5491	12.5046	11.5791	11.5493	8.75496	5.03466	3.66661	2.74983	2.26147	3.00189	2.44146	3.20594	3.12983	5.89953	4.52938	4.03043	4.52926	3.81171	2.99187	3.71557	3.24804	2.64915	3.47669	3.47669	2.47216	0.38918	0.24614	1.2669	1.74866	1.40297	0.870175	1.10065	4.17699	6.53254	5.555	5.58726	8.48206	7.76884	6.41293	13.7666	5.64832	1.16744	1.60428	2.28811	3.30789	8.0433	3.4155	5.0344	1.9452	4.84328	7.27922	7.84294	7.64827	7.78431	8.95226	9.75687	8.8996	7.44213	7.0996	8.49953	9.72844	9.65014	10.7071	12.7241	9.54678	10.9208	12.9351	13.156	13.5046	14.4102	12.3019	8.91121	7.43233	5.48727	3.75195	2.32091	1.26693	1.01476	0.937202	0.937202	1.10065	1.10069	1.32533	1.4868	1.4868	1.32533	1.4868	1.40301	1.16744	1.10069	1.40297	1.48675	0.550394	0.492296	0.348101	0.984468	0.717609	1.87397	2.56819	2.89442	2.95123	2.83114	2.80434	3.35772	4.23082	4.5061	4.66012	4.34309	5.54424	8.47348	9.82532	9.99275	9.14651	9.13365	9.7329	11.0139	4.35688	8.69235	7.63048	6.18837	7.58414	6.99021	7.17455	5.89196	5.66438	7.80121	5.27873	6.79164	4.86497	4.72408	3.34424	6.15685	6.64115	7.34413	7.52142	4.8029	5.67204	1.8739	2.95627	3.49832	2.42279	1.88203	1.10069	1.94518	3.49832	2.1021	2.26817	3.12983	2.26813	5.16109	6.72796	4.42869	3.33974	8.47322	10.7107	6.17368	6.5507	9.28419	3.00184	9.07059	8.38251	6.57591	6.25066	7.60725	5.60596	7.01352	7.18279	5.28722	3.96278	6.10821	4.39465	5.3464	8.31393	6.35716	3.34419	2.26155	4.71768	6.98157	8.1419	6.85277	5.91976	6.2817	6.15704	6.06919	7.43233	8.0601	7.34807	5.27866	3.58355	6.56001	9.97079	10.4859	9.49779	8.50817	8.31393	9.33638	9.77611	7.83161	8.67406	8.4942	5.64852	6.8982	9.00286	10.2652	8.6249	7.70799	8.50819	9.24824	7.06617	4.72413	6.14486	7.30364	7.27315	7.38035
2.89417	3.13434	2.65456	1.49673	0.984367	1.23044	1.71359	3.0809	2.34004	2.26804	4.50571	4.05617	2.60865	1.57558	0.348068	2.2679	3.93932	4.54525	4.78965	3.6826	3.17265	1.74851	1.4866	1.81635	4.04116	5.20081	4.29024	5.38751	7.77372	5.40421	5.34594	8.34143	10.888	13.5645	14.2397	13.7862	14.4771	9.80351	4.71717	2.49021	3.13445	4.25875	8.50889	10.5316	10.5633	11.1893	10.1089	7.65912	2.49031	1.7135	3.0809	4.17656	3.29852	3.08101	5.06063	3.09571	5.70589	5.81482	5.57594	3.13445	2.58557	3.12954	3.20567	2.44122	3.11011	3.47634	1.98346	0.38914	0.389161	0.887331	1.60406	1.79118	1.60409	1.23042	2.33359	4.50899	7.40777	9.45387	10.9856	13.805	3.6826	12.3096	10.7139	4.34271	3.81138	4.29044	4.9712	7.87567	4.91048	7.60092	6.63173	6.64054	7.70715	8.4363	8.19732	6.28119	8.199	10.9225	11.5236	9.81259	7.73588	9.14545	9.41513	9.0313	9.74986	9.89511	8.67328	8.36625	9.56438	9.41046	8.50743	7.28058	4.50899	2.33371	1.71359	1.40283	1.01466	0.522094	0.870143	1.10059	1.21807	1.21807	1.32522	1.40289	1.23044	0.870114	0.870114	0.937152	1.05851	0.887331	0.550323	0.550323	1.25475	1.32515	0.870143	0.870143	0.937152	1.73988	3.04162	3.49815	3.19167	3.19167	3.58329	4.05627	4.52899	5.44575	6.30953	7.35354	8.53336	7.95629	6.35661	8.99038	9.82439	10.855	9.76204	8.57799	8.34683	12.2275	8.54701	6.82361	9.72102	5.43171	3.20567	1.98356	3.30302	4.10052	4.42838	6.49542	3.90504	6.15625	2.36588	0.717544	0.627451	3.79538	4.39426	4.18404	5.39035	3.49372	2.03614	3.19641	3.96238	2.86793	1.77428	1.81642	2.56797	3.82706	3.65393	2.78782	2.45971	1.35897	2.78782	5.108	3.96622	1.65063	0.49222	6.06583	10.7151	9.80328	8.68483	9.49643	2.33371	8.97057	6.86914	4.35628	5.20957	6.64037	5.47842	5.15484	7.70715	6.5322	5.43201	6.24291	5.51132	6.34726	7.07397	7.61248	3.32135	2.86793	3.6664	5.93177	8.17556	8.6326	6.25265	5.22119	4.48233	3.47657	3.51964	5.44842	6.41474	6.07092	5.20688	8.97737	8.17009	7.26627	7.27859	8.5333	8.30963	6.86295	7.62023	6.21433	7.93569	9.32126	4.42835	3.49372	4.1188	8.445	10.1663	8.21168	7.51292	8.97094	9.11357	7.51295	6.43109	5.53302	6.58671	6.58671
0.937025	3.47604	4.67514	4.17637	3.47621	1.7911	1.23033	1.88159	1.25464	0.492203	1.65047	4.99764	5.8881	4.07065	4.42793	4.55824	4.51846	4.67514	4.28984	2.42233	2.86758	2.26775	1.39188	1.81619	3.731	5.35913	4.28986	3.58277	6.37674	3.54476	2.28767	3.48045	5.26919	9.48505	10.6617	12.1129	16.0779	14.9834	12.5567	7.01188	1.98339	3.13411	6.07775	8.01998	9.4404	11.2716	10.9845	11.1728	6.63982	2.20015	2.45948	5.68936	4.61375	3.82678	4.2014	3.58279	4.14388	5.12805	4.25833	2.8306	2.45956	2.1161	2.97093	2.80373	3.13405	2.97093	1.64121	0.696045	0.717473	0.88725	2.02851	1.35885	1.60398	2.36564	3.13413	3.33911	2.96089	2.74945	5.54302	12.4918	10.8374	7.32039	13.7071	8.06412	7.06492	5.72629	5.05445	5.26903	4.82358	5.1775	8.50658	4.8238	7.71389	8.2697	9.24663	8.10243	8.49262	9.24648	9.64387	10.1653	9.70415	12.3399	11.2602	11.6708	11.2997	9.08207	7.26557	5.27774	4.4279	3.24752	2.66005	1.79102	0.550273	0.696045	0.55029	0.870032	1.05841	0.870053	0.55029	0.550273	0.937025	0.88725	0.522045	0.627397	0.984282	0.87001	0.550273	0.174019	0.550273	1.05841	1.40274	1.55613	1.94487	2.10179	2.33995	2.36564	2.45956	3.65367	4.65924	4.48187	4.1001	4.35262	5.06042	6.06805	7.30227	8.26979	9.35345	10.2449	10.5638	10.1295	7.1567	6.69106	6.8317	4.67533	7.34679	7.34476	7.10679	10.2292	11.3363	7.11716	9.88658	4.94033	2.26104	0.887268	2.26112	2.91463	2.47181	5.68155	3.37502	4.3421	1.23033	0.88725	0.389106	1.64121	1.48647	1.01457	3.71886	4.86382	3.03634	3.44136	3.41494	3.34361	3.0954	2.33348	1.77411	1.94481	2.02851	1.91351	2.49006	3.56607	4.39721	3.17229	0.522045	0.778176	1.23031	5.35635	8.34565	7.68119	7.96991	9.82302	1.26666	9.55838	7.29589	4.97061	6.73757	7.2716	5.38155	2.20015	4.54495	4.99781	5.76525	6.97179	7.00587	6.13406	5.61817	7.47246	5.20056	4.74223	4.30054	4.83619	5.76523	6.80579	5.86794	2.89387	2.03603	1.87362	2.58528	4.97076	7.61372	6.79044	6.92057	8.52719	4.37322	3.68639	3.68239	4.99781	7.28786	3.71494	6.20146	3.00127	3.8267	8.38095	6.24232	2.20015	3.81478	3.08071	5.97882	6.44902	6.19447	6.81011	7.17321	6.68682	3.4978	2.80917	3.93918	4.34227
3.56576	4.88812	5.26851	4.56756	3.71873	2.8303	1.23021	2.09433	3.14819	4.35568	5.29711	5.73345	5.64932	3.41463	4.5579	4.82338	3.62851	3.79466	4.19735	2.86729	3.24711	2.26755	1.71327	2.78727	5.30817	6.35517	4.18308	3.03595	4.05522	2.53183	1.01453	1.40259	2.26092	6.10648	7.27922	8.27443	12.5012	13.8361	17.434	12.8122	1.05831	1.98322	3.8577	5.59365	7.34604	9.86683	9.82251	12.787	9.70585	3.42789	3.84602	5.681	5.82887	3.24723	3.58258	3.37458	2.26755	3.46284	3.51895	2.8516	2.15133	0.550241	2.5849	2.83017	2.09427	2.21352	1.79084	0.86995	0.695979	0.389067	1.57526	2.12308	2.36543	1.79094	1.0439	0.738167	0.717408	1.26658	4.964	10.5073	14.3736	5.40326	13.6567	10.6934	8.21015	5.28576	2.65986	1.60376	4.77627	6.73681	5.38953	7.01154	8.96083	8.8754	7.24667	10.5629	10.8436	9.74805	8.52134	9.28842	10.8729	12.8005	10.4747	8.85763	7.66161	5.32243	3.13377	1.56564	1.39175	0.717408	1.35871	1.3249	0.550241	0.717408	0.717408	0.695979	0.717408	0.695979	0.550219	0.550219	0.869921	0.738167	0.389067	0.717385	1.05829	1.23021	1.32497	1.23024	1.88152	2.96063	3.44981	3.58261	4.09975	4.44785	4.17606	3.96169	3.93885	4.72277	5.22021	5.31123	5.42	5.59376	5.6628	6.97974	9.26474	10.4665	10.244	9.66564	9.86694	9.64305	9.15017	3.99936	7.58162	4.84177	4.83577	5.28864	5.31123	7.95453	9.83416	5.64698	6.81578	5.58543	2.95552	2.74921	2.96063	2.26761	1.32497	3.96905	1.49654	2.09427	0.717385	0.778097	0.869921	1.87336	2.09433	2.09433	2.50783	5.20556	2.72146	0.521995	1.73944	1.47609	0.174003	0.887187	2.21367	3.42789	4.20116	4.62328	4.5579	4.20475	2.80356	0.695979	1.23019	2.08712	3.34326	8.80243	10.5447	7.62856	6.90029	8.7101	1.64104	9.86783	8.30765	4.51461	7.65926	6.21286	1.74818	0.246085	1.60376	1.57526	2.44076	3.5445	4.17606	4.19756	5.08047	5.61754	4.67489	5.1276	5.03328	5.35609	5.4337	5.82915	6.96045	3.88482	1.16706	0.627373	4.52798	4.91578	7.95453	6.78981	4.61349	3.34319	0.521995	1.57526	2.32026	2.32026	5.84938	3.82646	5.05971	1.05829	1.01453	4.201	7.61299	4.86364	3.65326	1.98308	0.869921	1.92122	3.83808	4.69081	4.67486	6.07718	4.38321	3.10969	2.41597	2.74921
1.81589	2.31998	3.71816	5.20511	3.19545	5.59849	3.49714	1.60364	3.42739	3.37427	3.00076	3.82203	4.34128	3.24682	3.17175	3.23299	2.60806	3.6857	3.84552	2.10131	3.66517	3.64878	3.19547	3.30666	6.2482	5.38601	2.78701	2.48952	2.41562	1.48619	1.35866	1.6037	1.98301	4.08826	5.44421	6.28171	9.65244	11.8145	19.8985	16.1581	2.86703	1.10024	2.19973	3.96124	4.93956	6.63866	7.96865	13.3431	11.5087	3.93844	3.37434	4.80092	4.27149	1.98291	1.72182	1.87319	3.19533	3.30664	3.29757	2.69904	3.20473	0.869889	2.42187	3.19533	2.3651	3.44053	3.03567	1.21772	1.73933	1.73938	1.43445	0.717337	0.738104	1.01438	1.87319	2.09416	2.2607	3.13352	5.42203	8.15131	14.1262	10.2354	8.58747	12.1142	10.243	8.5256	3.65298	1.49639	4.22909	9.04615	5.73288	8.80358	9.86588	9.24462	5.59849	7.3615	10.2487	11.198	10.1976	9.25594	8.80358	8.37951	5.37775	2.32003	1.26645	0.71732	0.778029	1.10024	1.16695	0.173986	0.778029	1.26642	0.778061	0.778061	0.8871	0.936881	0.936881	1.04381	1.23012	1.71309	1.74799	1.167	1.72191	2.22705	2.85131	3.33848	3.37439	3.19547	3.81028	4.1431	4.18282	4.42031	4.90917	5.06835	4.69048	4.78858	5.41944	6.14743	6.46851	6.44552	7.02992	8.06261	7.78141	8.14438	9.53556	10.0412	9.72483	8.34444	7.39155	6.7629	10.3538	2.22705	9.03321	6.83269	4.80102	3.44071	3.04074	5.89719	8.37951	7.28655	2.95509	7.70472	1.60368	1.25447	0.717337	0.738104	1.23008	2.60794	0.869846	0.936881	1.73938	1.35866	2.09414	2.97548	2.09416	1.40244	1.23005	4.04004	3.6857	1.73938	2.1157	2.83002	2.0942	1.9445	1.48624	1.32483	1.48624	1.65015	1.43445	0.627308	1.01438	1.40246	1.74801	1.98294	2.80315	8.18735	7.62763	4.52756	6.08629	8.0072	2.2607	9.34665	8.29454	5.17627	7.11554	5.2765	0.627308	0.8871	0.389032	1.23005	1.35859	1.11389	0.389049	1.60362	3.81407	3.99521	4.12854	3.03576	2.80328	4.43724	5.98769	5.89479	7.44133	7.51055	3.58225	3.74253	5.23103	2.26738	5.59834	5.74593	3.71835	1.98299	1.23012	1.167	1.56549	1.74801	3.96885	6.50298	5.97024	3.46249	1.11395	1.40248	5.55286	5.38062	2.96033	1.01443	0.717337	1.26645	2.74882	2.97037	2.5847	3.46239	2.61379	1.88132	2.2607	2.17905
1.5557	1.26629	3.99847	5.62699	4.39243	4.93311	7.00168	2.87738	3.75804	3.37388	2.58445	3.75008	4.54366	4.17154	4.17154	3.47526	3.68551	3.68541	2.31975	1.22993	4.18218	4.72164	2.89307	4.39261	6.2619	4.00978	1.77357	1.7905	1.25428	1.1669	1.60356	1.72176	1.49626	1.60353	1.71294	2.80297	6.52036	10.7635	19.6592	17.4163	6.86022	3.04029	1.32472	2.567	3.62782	4.93604	6.94419	13.5083	12.1549	4.35486	2.95496	2.95479	2.42163	2.31982	3.30633	2.80293	3.72992	3.5817	3.29714	3.47514	5.35758	0.627254	1.60345	2.74852	2.41537	4.05077	3.99847	1.7905	2.94967	1.05809	1.64073	1.22998	1.21761	1.22996	3.96075	5.4765	5.68808	5.27629	6.41933	6.86022	9.74881	12.8507	4.54354	7.04615	10.3993	11.3194	9.12299	7.26981	9.65776	10.3376	10.0009	8.84109	10.9895	12.2997	10.4161	9.86512	9.97791	9.41781	7.74263	6.12505	4.58327	3.30178	1.7905	0.695848	0.777993	0.777993	0.887019	1.22996	1.4023	0.887019	0.717273	1.21761	0.887019	0.627254	1.23001	1.96754	2.36499	2.74869	3.13327	3.58194	4.35486	3.9381	3.56509	3.69366	4.31332	4.55704	4.38239	4.42672	4.96939	4.76619	4.67085	4.54385	4.55704	4.72194	4.62241	4.55704	5.59271	7.39092	8.05639	7.54158	7.72167	9.72845	10.111	9.18221	9.38816	8.04901	7.27587	6.82363	5.35508	5.4216	11.9753	3.42266	9.28614	7.21207	2.60767	0.17397	0.936754	2.4403	4.5668	9.12903	1.40227	8.58801	2.80293	0.627254	1.39149	2.44033	2.36496	2.08672	1.39149	1.26634	1.25436	1.25436	1.64994	1.88104	1.39149	1.22996	1.01428	2.71538	2.99029	1.22993	0.17397	1.60353	1.8731	1.10017	0.347937	0.77795	1.04371	1.05811	1.22996	1.05811	1.60349	1.43427	1.05809	0.983995	2.28698	7.06058	8.54721	8.35775	9.19938	9.72798	2.08672	8.91477	8.15589	5.19886	7.53522	5.12638	1.56534	0.550115	0.521897	1.32465	0.77795	1.48604	0.388993	1.87301	2.87723	0.717249	2.28703	1.39149	1.32465	0.936754	2.64802	4.00994	6.61777	7.79751	4.73778	3.46218	4.20021	1.94436	4.48035	2.65356	2.09394	1.64084	1.10017	1.25428	1.04371	0.492034	2.2671	4.12814	3.71803	3.96075	1.57496	1.32465	1.73917	3.66488	2.78677	1.7906	1.40236	1.04371	2.41537	2.80287	2.48925	2.64789	2.50736	0.388993	1.11378	0.492034
5.14945	6.17051	6.69091	5.5598	3.88363	3.46169	6.12675	6.61718	2.26689	2.95449	3.26465	4.29863	4.09829	2.36459	2.82934	2.53109	4.27086	4.44656	2.33907	1.40218	3.7174	5.63966	3.51776	3.71352	4.12758	2.80258	1.01417	1.10001	1.40221	1.6034	1.22988	0.869724	0.936657	0.869667	0.550058	1.11366	4.43614	9.32451	18.3499	18.4315	10.2364	5.96879	2.12232	1.6034	2.53118	3.37369	5.10556	13.67	13.0814	3.41364	3.07468	1.79042	0.983893	1.10001	2.15063	3.12803	4.51672	5.42095	5.34313	0.388953	5.88582	2.97493	1.26616	1.96721	2.41512	3.26465	4.81237	0.936657	4.54319	2.50726	3.31961	2.41527	2.33259	3.24628	6.63726	8.12277	7.24458	5.77348	4.17109	4.43614	5.20405	10.0649	12.3318	6.4302	4.52682	10.7589	11.6184	11.2408	13.55	13.3232	12.3366	10.2368	11.5182	11.5069	9.1414	8.20776	6.02872	3.37369	1.91277	1.48588	1.05798	0.936657	0.717176	0.869724	0.936702	0.695776	0.62715	0.869667	0.886905	1.058	0.936702	1.05798	0.869696	1.16678	1.8729	2.26695	2.95977	3.9377	4.48018	4.67037	5.29557	5.10273	4.42626	4.20353	4.23911	4.31287	4.9326	5.6875	5.82749	5.48423	5.64004	5.64534	5.28711	5.53037	6.06577	5.64004	5.12611	7.62636	10.1899	10.4857	8.79031	9.63257	10.2637	9.53393	7.36601	6.10481	5.10267	4.52682	3.82534	4.05423	11.8903	8.19294	6.24688	8.68745	4.71491	1.98264	1.71277	1.48595	1.60332	8.90729	4.05404	7.30111	4.05035	0.245996	1.84844	2.33246	1.73899	1.94413	1.98261	1.55554	1.25423	1.6034	0.983961	0.936702	1.91277	1.64977	1.32451	2.7151	2.94936	1.49601	0.173952	0.173952	0.695776	0.983961	1.11374	1.57482	1.60332	0.77787	1.25415	1.40216	1.91277	1.74767	1.43417	1.48595	1.26621	3.31952	4.05035	4.93227	7.72612	9.75232	3.90293	7.68014	9.41638	6.43005	8.18568	4.86192	1.98254	1.49601	1.22983	0.521843	0.492017	1.64977	1.16672	2.8926	3.07942	1.98264	1.79042	2.19922	1.4961	3.07953	2.85077	1.81554	3.47467	5.1753	4.37155	2.95466	3.68497	2.26687	5.53	2.80258	1.56518	1.11374	1.22985	1.79032	0.173952	0.388953	2.08651	4.44968	0.936657	4.29863	1.35831	0.550081	1.11374	1.26616	3.14727	2.42149	1.6034	1.74767	2.58418	3.03998	2.17851	2.42138	3.26465	0.737952	1.71277	2.26695
6.30589	6.0356	6.68364	6.73456	5.66058	6.23695	5.88804	9.30974	4.37107	1.77322	3.74936	5.21801	5.03117	4.67307	5.0786	5.54037	4.20289	2.85048	4.14189	4.34019	5.0786	6.18414	4.83993	2.61301	2.19902	1.73878	1.32445	1.6405	1.72141	1.55538	1.0579	0.550026	1.3244	1.73878	1.43403	1.43403	3.03971	5.2437	15.6226	18.0615	11.7321	9.70222	4.88917	1.57465	2.17841	2.96961	3.74144	12.9535	15.1272	4.35391	2.2128	2.48887	1.49595	0.550009	1.16661	1.79016	2.64738	4.19939	6.08711	5.55117	2.95429	5.55117	1.43403	1.434	2.12214	3.88329	4.44929	4.12721	4.34014	4.28798	5.38731	5.10221	5.17502	5.05798	5.64456	6.535	3.99782	5.59157	3.61466	2.8291	5.44512	5.2835	5.54037	11.973	7.67948	8.59188	11.4484	12.8752	14.5314	13.0711	11.3654	9.55734	7.92936	4.67304	2.26667	1.21737	0.627095	1.01408	0.717111	1.21737	1.60321	1.55538	1.40207	1.01413	0.886841	1.0435	1.09992	0.777802	0.550026	0.936608	1.16666	1.79024	2.47063	2.65318	2.80782	3.10847	3.27831	3.42654	3.81313	4.09814	4.47972	5.00444	5.17502	5.04319	4.96237	5.66061	7.26833	7.98869	7.77916	7.11384	6.13113	5.66061	5.90322	6.89365	8.18541	8.57655	6.61669	7.50838	10.4912	9.32406	9.75046	8.96584	8.37714	8.04741	3.90277	4.77446	2.97465	1.71259	1.57467	2.43982	10.0985	9.9157	3.51326	6.06486	5.37887	1.57465	0.717111	0.869614	1.22972	7.34292	4.73661	5.66032	4.38128	1.32445	2.19902	2.12214	1.47553	1.64042	1.22972	0.936608	1.32445	1.40207	1.88069	1.0435	2.36439	1.88069	0.869592	2.85034	3.09376	1.16661	0.737888	0.777834	0.777834	0.388935	0.491941	0.886824	1.87265	1.26605	1.64042	1.98234	2.3193	2.48885	2.56647	2.41502	2.3645	4.1671	5.55929	5.30615	6.48475	8.78564	4.62125	4.78695	8.14896	8.11277	9.55846	6.00559	1.98236	2.65306	1.0579	1.49595	1.22976	1.77322	1.94388	3.33734	3.2038	1.21737	1.84837	1.40205	0.886824	2.12224	3.93729	4.41902	3.80917	1.16661	3.62709	4.0539	2.86627	2.89235	5.5511	3.35536	1.87271	1.73887	1.40205	1.57465	1.40207	1.57467	0.869592	4.81195	1.22972	3.80902	2.43984	1.55538	2.17841	3.18981	3.71316	2.95429	1.84837	2.98987	4.35391	4.6729	2.4705	1.72132	2.80234	2.11504	0.886841	0.388935
2.17809	2.09341	4.25591	5.38681	3.30536	4.04959	2.95901	6.60013	9.3853	2.96935	2.21246	4.04959	3.26403	2.10048	3.3729	6.00747	5.81325	3.44792	4.35016	5.51852	5.76196	6.06691	3.99744	2.09335	2.26644	1.01404	0.869531	1.40195	0.936525	1.01398	0.869503	0.388901	1.40186	4.11582	3.6803	3.09364	4.00867	5.74366	14.2593	15.5754	8.23972	10.0731	9.05406	3.75694	1.22965	1.94379	2.42103	9.91473	16.0119	7.55273	1.11353	1.73872	2.80222	2.41481	1.16656	1.49572	2.22606	1.98213	2.25973	7.95607	2.74775	6.94212	4.04983	2.17822	1.74732	4.29782	4.58167	5.86438	5.04276	6.5936	6.92728	6.12572	5.66012	3.99756	3.66381	4.05328	5.27446	3.13225	6.82816	6.37348	9.10085	10.0214	9.42293	12.2959	11.9575	5.03087	8.73345	10.9903	10.3068	7.0462	5.12515	3.24567	1.40189	0.49189	0.777723	0.717063	0.717063	1.09981	0.695644	0.717063	1.0578	1.16656	1.32433	1.26597	1.09985	1.22962	1.57452	1.79008	1.96697	1.98226	2.33863	3.23177	3.80887	3.82462	3.88311	3.88311	3.61435	3.57668	3.6516	3.96357	5.30869	7.09656	7.83709	7.11324	5.88754	6.5823	8.64564	9.68526	10.0289	9.74668	8.43943	6.2461	6.15242	7.96025	9.61433	11.1734	11.3909	7.19601	8.94666	5.82608	6.58234	7.50202	5.90254	5.89492	4.73955	4.88571	1.94376	0.717063	0.695644	1.74732	7.96538	9.13131	5.41741	3.49144	4.78646	2.33847	1.11345	0.886737	1.26593	5.40046	4.6724	2.95393	4.68854	3.61435	2.87654	1.40192	1.35806	1.84809	0.886737	0.886761	1.05778	0.521745	2.71459	0.869503	3.20347	2.17809	0.886761	2.22606	3.09344	1.73861	1.74732	1.01404	1.11353	1.6031	1.7731	0.86956	1.64026	1.11345	1.40186	2.5661	2.65279	2.09327	1.09981	0.549977	0.38888	3.20347	4.55541	4.20246	5.76944	7.34218	3.80864	3.68014	6.1302	7.64206	9.84992	7.57802	0.549954	3.20353	2.09341	1.84821	1.49582	2.15029	3.14663	3.58072	4.00861	2.58369	0.737812	0.491924	1.09981	2.10048	1.48567	1.84821	1.6031	1.81513	0.521745	1.88061	1.71244	3.7167	4.28735	3.31899	2.33215	2.12206	2.98961	3.90243	3.43941	3.13232	3.31899	2.70345	2.87639	1.78998	2.53071	4.38111	6.81291	6.37348	5.57223	4.18108	1.72126	2.19889	4.19906	6.897	4.06443	1.81513	2.33202	1.81513	1.40189	1.09981
4.96144	5.86409	6.89236	8.7476	9.44046	9.50356	9.46352	3.12715	7.84544	7.2668	2.22598	3.963	4.88522	4.42491	4.3703	4.51205	4.66878	6.3725	4.99431	4.44527	4.83297	3.64703	1.40176	0.737749	2.74748	2.12184	3.12715	0.695579	0.886656	2.26619	1.64936	1.09974	2.19861	6.97546	5.81292	5.5825	4.0863	4.65594	12.9379	14.2131	6.27606	6.62857	9.51544	6.67992	0.869428	1.11341	1.94359	6.75952	15.9269	11.0994	0.173903	1.32415	2.41456	3.81241	3.51693	2.41456	2.31887	1.8723	1.60287	6.30445	6.89202	5.06593	8.30333	4.76432	3.37277	3.68393	5.6777	6.82717	3.99706	5.88694	8.12064	7.358	6.42856	4.76432	5.50975	5.04222	3.41257	6.01438	5.55828	10.1186	11.849	11.3277	9.80517	12.0625	9.93444	3.54246	3.80845	4.69771	3.71239	1.40176	0.388845	1.01394	1.0577	0.777655	0.388845	0.388861	0.695579	1.0433	1.25386	1.4018	1.3242	1.35801	1.64019	2.02724	2.178	2.03466	2.02724	2.33839	2.58357	3.07379	3.90204	4.43512	4.8237	5.41685	5.62514	5.67796	5.79245	5.68585	4.8237	4.26962	6.09335	8.94957	10.5828	10.0726	8.05332	5.89198	6.75962	8.3069	10.4951	10.7386	10.0725	7.11244	5.66741	7.73001	9.59813	11.1297	12.2535	9.66013	4.02698	7.35768	3.82404	3.80845	3.41266	3.82414	4.4486	3.95934	1.84802	1.43373	0.936398	1.56474	4.78605	6.14428	3.5805	3.20336	3.03421	1.92011	3.62641	3.37277	3.10789	3.67982	3.6138	0.521695	2.80189	3.51693	2.95891	1.87236	1.40176	1.71221	1.0433	1.09974	1.0433	1.39095	2.95884	2.87625	3.37265	2.53039	1.81502	2.26625	2.4883	2.47004	1.78982	0.627007	0.245928	0.491873	0.737749	0.627007	1.32415	1.01389	0.737749	1.98198	3.12715	3.68399	3.35485	2.60681	2.12184	3.47812	5.38344	5.82557	5.89173	6.67992	3.20324	3.88261	5.05684	7.48122	9.20843	7.21756	1.4956	2.43936	1.55509	0.936398	0.549922	1.72108	3.64703	4.02698	4.29402	3.7925	1.98198	0.777655	1.7385	1.98198	1.43373	1.01394	0.886674	1.81502	2.86573	2.42071	1.72099	3.80828	2.80181	2.61252	2.09315	1.05768	0.549905	1.49567	3.07379	3.79261	4.50542	0.549922	2.87614	1.16644	0.549905	3.20324	3.85542	2.95891	5.88419	4.83281	1.22948	1.73846	1.57437	6.6822	6.06387	4.67219	4.56503	3.30505	1.94351	0.886656
5.63793	5.0655	3.07837	3.716	3.09286	3.30474	6.94089	10.8359	5.35533	12.3872	8.9488	5.4411	5.26501	3.37232	3.13165	3.85505	4.2936	6.48288	6.27542	3.14603	3.58019	2.09301	0.388806	1.25376	3.58004	3.09286	3.576	4.96695	1.98189	4.93655	3.96282	3.90167	4.00796	7.42697	6.13885	5.68537	6.12946	3.41235	11.8787	13.9033	6.8633	6.2469	8.06124	7.50608	2.33803	1.40165	1.72093	4.54148	15.7064	14.3209	2.43913	1.84774	2.80152	2.8497	4.38029	4.4246	3.09306	1.57423	2.03439	3.44727	8.28977	5.92642	6.68626	8.79866	6.78549	5.12128	5.6138	5.04147	4.28654	4.11505	5.72181	7.22748	8.26362	7.01109	5.2281	6.84633	8.44485	7.09301	9.96113	9.56835	11.5326	11.5386	8.6253	7.86924	5.72964	2.6975	2.09293	2.33158	1.84774	0.777619	1.55495	1.49554	1.5742	1.26569	0.521646	0.388827	0.777619	1.35789	1.72093	1.78974	1.88026	2.36385	2.94845	3.09306	3.03902	3.03404	2.94845	3.85521	4.82329	5.17361	5.29358	6.04379	7.88809	9.20811	8.91116	8.01598	7.88065	7.94955	6.82038	4.93075	5.54966	7.14485	7.10147	9.88701	10.8471	7.65654	5.55771	7.67161	7.79774	7.91236	9.47793	7.28242	4.81082	6.82878	8.16305	7.92718	9.32145	10.6849	7.60814	3.42101	7.29637	2.50615	0.626913	1.21702	2.31871	1.64005	1.32401	1.98176	1.71203	2.11444	3.3544	3.68349	1.87211	0.245903	1.73839	3.66326	3.80812	2.71426	1.84786	1.25368	2.26601	2.78001	0.886593	0.716928	1.22939	1.74699	0.886593	1.22933	1.49544	1.57423	1.78974	2.61229	2.80169	3.42119	3.20302	2.78001	2.28593	2.14989	2.08572	1.78964	1.71203	0.737724	1.40163	1.64005	1.84786	1.40168	1.40163	1.22936	0.88657	0.936304	1.57423	2.96879	3.80812	3.35455	2.11449	2.84951	4.6683	4.96069	5.66664	7.35694	2.86538	5.38291	5.72179	6.20873	9.34127	7.57663	2.99904	2.31871	2.28589	1.55487	1.43358	1.94339	3.13168	4.36983	4.56452	4.54148	3.6508	2.43913	2.03439	1.49544	1.16627	0.777619	0.173886	1.22939	2.25936	3.79213	2.25936	3.88217	2.14982	1.32401	1.4016	1.88014	1.16634	2.45765	1.73833	2.02694	4.29701	1.01379	2.09287	0.388806	1.87211	2.46978	2.69741	1.77276	4.91217	5.04147	1.48532	1.55487	0.549873	4.22665	5.03274	4.83255	5.50925	5.90144	4.51504	2.41435
2.98874	1.73817	3.85463	4.34872	2.64638	2.78515	2.43272	12.9312	10.7643	10.758	14.7821	11.8854	4.05238	2.9582	3.03857	4.22627	4.73489	5.64506	5.62382	3.56283	3.29527	4.05238	4.67129	2.09274	2.11425	5.82446	4.50457	6.73204	5.78353	5.82448	5.21327	6.50778	5.58948	5.10009	6.00333	4.08544	6.00364	6.6812	11.2899	12.5313	5.27299	6.97416	8.58321	7.74547	3.44698	1.78948	1.16622	2.78515	13.3597	15.9898	6.42483	0.936221	3.61312	2.46957	2.41411	3.80776	4.14033	3.33625	2.97353	4.1799	7.35633	7.77588	4.16915	7.20834	7.46426	3.68336	4.02623	3.71169	4.89652	4.44421	5.20164	6.38763	5.65848	9.40306	7.73821	9.83721	9.8374	10.9964	12.6744	10.1565	8.12993	8.1822	5.82469	4.54112	2.60626	1.43349	1.56444	1.71188	0.886489	1.55479	1.1132	0.777508	1.25357	1.21691	1.60263	2.12144	2.46969	2.58308	2.12144	1.71195	1.49539	2.48791	3.42525	3.85482	3.75609	4.14033	4.82279	5.89087	6.76946	6.98296	6.81968	7.51363	9.53696	10.7285	10.9544	9.62219	8.33368	8.46483	9.02765	6.73428	3.85475	5.82188	6.40627	8.87896	11.7306	11.3737	5.9613	7.51336	7.38643	5.79136	10.5094	9.71829	5.52773	6.65873	8.02953	6.10187	5.92614	8.37398	8.97386	4.67131	6.53255	2.82803	0.71684	0.549801	1.26561	1.32395	1.98161	2.36352	2.09274	2.62927	3.16957	3.37202	2.69717	1.3239	1.73813	1.25357	0.549801	0.49178	0.695447	0.549818	1.0995	2.0999	1.87194	0.49178	1.4015	1.56444	1.25363	1.87201	2.80132	2.14962	0.886489	2.09269	0.388788	1.43346	1.26557	2.0999	1.43346	0.936221	1.25357	0.73761	1.05748	1.22929	2.08552	1.98166	2.22556	2.5655	2.65782	2.08552	1.48519	0.869264	0.549801	0.869285	1.0995	1.98159	2.26576	3.09259	3.99621	4.19418	5.20453	7.47982	3.26313	6.58012	6.30334	3.99631	7.94834	8.86535	2.33138	2.14967	3.16957	2.45737	1.94317	1.26557	1.55473	3.26313	3.74795	4.16553	4.73496	4.62939	4.16553	2.80132	1.40152	0.936254	1.0137	1.25357	1.22927	3.47748	2.33795	3.1313	2.26576	1.74684	1.81468	1.98161	1.55473	1.60257	2.14967	2.65782	3.26313	1.25357	1.87998	1.94314	2.78515	1.91975	1.0995	1.26561	4.12563	3.69133	2.03428	2.19826	1.35775	2.69717	3.12656	3.31809	3.68329	5.5706	5.22755	2.82813
2.45718	2.9529	5.37632	3.62526	1.47482	3.69095	3.65011	9.61015	12.2553	4.73435	7.02467	12.9741	10.5538	4.03715	3.74758	4.89603	4.60934	4.19376	4.47736	2.9477	3.88144	2.50568	3.75577	7.28932	5.04083	4.71849	7.94011	4.09624	8.80341	3.47282	6.95853	4.96008	6.49811	5.35152	5.30364	5.5296	4.52411	6.27466	8.73486	10.2574	4.11427	4.95976	8.70274	8.28823	3.96185	2.74668	1.43331	2.14948	10.2349	15.6958	9.97679	2.91187	2.21162	3.57934	3.07274	2.86493	3.90096	4.04831	3.72764	4.02584	5.91274	5.7595	5.50527	1.94295	6.23642	4.96602	3.14544	4.46067	6.12319	5.41799	5.74151	8.18655	5.20417	8.52455	11.1267	10.9953	8.2085	8.43629	10.074	7.79243	5.37645	4.62884	1.91957	1.60241	1.0136	0.737534	0.983336	0.886402	1.25352	1.16612	0.886402	1.0136	0.886402	1.35763	2.71928	3.51596	3.71554	3.33596	2.95298	2.80116	2.71375	3.8544	4.38968	4.68695	4.96008	5.64216	7.15001	8.03646	8.35055	8.68309	8.68309	7.95728	8.33099	8.00148	9.0253	10.3926	9.29004	8.15103	8.14554	7.94779	3.20248	4.99288	10.6066	10.1555	9.75339	11.6585	6.97381	6.10128	8.79488	6.30295	10.14	11.8685	7.95728	7.36189	7.0559	5.48085	3.19303	5.81116	7.58108	4.29293	6.06461	3.20242	1.63974	0.886426	0.388733	1.0136	1.2291	1.77238	2.09254	2.3182	2.61178	3.68288	3.67876	1.98142	2.09256	2.48771	2.26567	1.84752	1.49526	1.09944	1.32376	1.84739	1.84739	0.245874	1.49516	1.32376	0.886426	0.936127	2.22522	2.03401	1.57393	2.45714	1.6489	1.5643	1.40139	2.52966	1.57393	1.39056	1.48504	0.716769	0.521548	1.0574	1.22913	0.77743	0.936171	0.549769	1.22913	2.52966	1.98142	1.40139	1.43331	1.40133	1.57393	2.11404	2.17727	2.22522	3.03332	4.00711	5.34012	7.98643	5.12296	5.58063	7.50471	2.60593	4.57994	9.18841	5.71542	1.05738	3.65014	3.65011	1.26549	0.347704	1.26545	2.46932	2.26553	2.45714	3.16934	4.17951	4.6546	2.98829	1.35754	0.695382	2.03401	1.91168	1.47492	2.09256	1.94298	1.43331	3.34032	2.80099	1.57391	1.57393	1.43331	1.16612	1.98152	2.36337	2.78488	2.11409	2.48768	4.0629	2.9579	2.09254	2.71928	2.45718	3.51575	2.50568	0.869232	1.94302	1.78941	2.58272	1.94295	2.17727	1.74666	4.28577	4.77219	3.13109
3.51558	2.69673	5.42559	4.54021	3.31753	2.12094	5.27202	6.44204	8.39856	11.6623	10.1245	3.4202	12.9772	9.92957	4.23628	4.8956	4.67027	3.45943	3.07247	2.43226	4.19355	6.79873	5.89974	3.03314	7.71379	3.47258	8.22344	6.76788	8.59554	7.51223	6.65964	4.73711	4.68647	6.48142	6.8444	5.93001	5.75908	3.84235	6.06404	7.73643	5.43932	5.17192	7.122	7.45665	4.04771	3.33997	2.6057	1.11299	7.54924	14.2871	13.2179	7.43503	1.48496	2.64588	4.55335	4.28536	2.25876	3.90057	3.71516	3.03314	4.47698	4.78425	4.23608	5.41455	3.82279	8.33201	5.14894	5.47222	6.79856	7.441	8.78941	8.65328	6.58579	5.19515	6.50656	6.84438	5.8082	5.54818	6.24296	5.0313	3.47683	2.58249	0.737471	0.936044	0.936044	0.777361	0.869121	1.11299	1.01356	1.01356	1.98131	2.87516	2.65168	2.56502	2.86465	3.29475	3.75538	3.90057	3.99565	4.66726	5.39271	5.92002	5.37603	4.90498	5.7593	7.14928	8.33738	9.09692	9.78224	10.0502	9.3999	7.74441	7.39124	7.2702	8.5133	10.132	10.2103	8.54091	8.09395	9.38097	4.73729	5.75912	11.5102	10.0107	5.2637	10.7624	7.66968	6.14219	8.4629	6.18784	5.13432	9.98902	6.97311	7.06594	4.93227	4.83099	2.0924	5.69921	7.58042	3.69082	5.22662	2.82765	1.48496	0.737471	1.57378	1.94284	1.48496	1.22904	1.87159	2.25868	2.11385	2.48736	3.13071	2.31799	1.26537	1.48496	1.57378	1.11299	1.63957	2.26544	2.77922	2.64588	1.71156	0.549714	1.11294	1.43318	1.0573	0.936044	2.0923	1.35743	0.716722	2.11388	2.48746	2.33104	1.94284	2.43844	2.14927	2.19778	1.49503	0.716722	1.22906	1.43322	0.491687	0.549714	1.22906	1.72043	1.4951	1.4747	1.91937	1.56415	1.94278	1.94278	1.43318	1.64869	1.94278	1.98121	3.13071	2.65156	2.96783	7.8799	6.8094	2.45686	7.11578	5.31719	3.75521	6.14921	7.42293	4.66702	3.16903	4.34108	2.48746	1.40125	1.25333	2.21144	1.60224	1.32365	1.48491	3.93487	5.02821	3.43759	1.60224	0.388715	2.50546	1.72034	0.245848	1.16595	2.03383	0.886339	1.77222	4.50373	2.96783	0.983252	1.16595	1.40125	1.84733	2.0339	2.43844	1.57378	1.43318	4.13936	4.33753	3.72711	2.86465	3.71106	5.1021	3.67843	0.936077	2.8008	2.41988	3.99546	2.64588	2.28525	1.57378	2.84873	3.45943	3.37145
3.57884	3.5153	4.17148	4.82116	3.62472	5.20048	2.82727	7.5796	6.04865	3.47205	11.0814	9.56894	7.50378	13.387	8.33127	3.47648	4.30934	3.72673	1.91132	0.886258	2.33731	3.91554	7.79097	9.34274	1.32351	6.65699	4.5529	10.5773	4.34771	9.34285	4.03639	5.95929	4.05108	4.60868	5.09883	4.71785	4.17872	3.13042	5.37531	6.84352	5.86108	4.88592	5.33903	5.88383	3.9611	3.49365	3.51508	1.60208	4.05108	10.5871	13.2505	10.1706	3.71063	1.60211	2.84844	5.42504	5.44149	5.48011	5.58794	3.47228	5.54758	7.44026	6.58981	5.56903	4.9347	5.88926	8.70673	9.15848	8.68631	8.47089	7.44031	5.84346	5.03083	3.64532	3.64945	4.16797	4.02515	4.00645	4.42272	3.45908	1.77205	1.16583	0.388659	0.716634	1.05718	1.1659	1.72028	1.96586	2.22495	2.95243	3.81064	4.37864	4.28519	3.9953	4.03639	4.17164	4.57935	5.87917	7.21461	7.8327	8.31378	7.67296	6.14896	6.06123	7.02335	7.50374	8.14402	8.58634	9.12176	9.17768	9.27416	8.90128	8.03496	7.69774	10.3177	8.90128	9.39904	8.59495	9.98831	10.9891	7.31214	5.05453	9.04889	9.76445	2.77896	9.35987	8.36476	8.14952	7.1423	4.83051	1.71139	7.20595	4.1392	5.59858	4.05127	3.74687	1.1659	4.83051	7.00822	3.13059	2.36284	0.69525	1.55428	1.98101	2.14901	1.94266	2.0994	1.98114	1.564	1.98101	2.65129	2.45667	1.43304	1.94258	1.0572	0.886258	1.43304	0.869068	1.22892	0.886258	2.4133	2.87476	1.94261	1.04281	1.2289	1.3903	0.549665	0.491612	2.46885	0.86901	1.3903	1.94269	2.0994	2.0263	2.43821	1.91919	1.87149	3.62458	2.17686	0	0.716634	1.22892	1.49498	1.87149	1.55436	1.04281	0.491645	1.1659	1.2289	1.40107	1.84704	1.60208	1.16583	1.63933	2.21121	3.10627	4.06214	1.2289	1.26521	7.09837	7.12129	1.49498	5.39742	5.20014	4.49991	5.14526	8.17959	7.43409	2.43203	3.41095	2.58234	2.97269	2.43203	2.74619	2.02618	1.55428	1.94261	4.19653	4.44292	3.03769	2.09214	0.69525	2.45661	1.57361	1.60219	1.26525	0.86901	1.25328	1.26525	2.95226	4.22506	2.25845	1.63933	0.737395	0.777325	1.2532	1.60208	0.737395	1.2532	3.26219	4.9347	5.30264	3.5408	1.25328	4.13894	4.76182	0.69525	3.72673	2.19765	5.88893	3.33963	1.8714	1.60208	1.73762	1.63933	1.8714
3.20148	2.60534	2.43178	3.68172	5.15342	4.2248	6.78226	10.1525	11.3667	9.41673	5.78133	13.9739	8.88674	11.7334	12.6618	5.73483	2.96723	4.90982	3.64494	5.2028	5.09837	3.07205	1.60191	7.97309	10.0793	7.12931	8.7945	8.37749	7.53393	7.26264	5.67467	6.1866	5.26249	3.99101	3.3708	2.28484	1.98084	2.36256	5.75783	5.8984	3.79031	5.27116	7.43358	7.59644	4.76133	3.68987	3.57827	2.50495	1.94249	7.33347	13.1341	12.8477	7.35976	5.17114	4.42245	4.56234	8.32827	6.12142	7.11472	6.98035	6.68522	6.4868	6.0702	5.91889	5.89862	5.09831	7.57934	9.09522	8.18818	7.61019	5.55506	3.30318	3.51052	3.48906	3.99475	3.99101	3.30318	3.13015	3.24339	2.33047	0.983049	0.695179	0.777245	1.01336	1.73756	2.21113	2.09201	2.80034	4.4997	5.00067	4.73325	5.02752	6.16526	6.91854	7.19539	6.4802	6.52353	9.10002	11.1866	10.9267	10.3674	9.52589	7.46356	8.18643	9.50906	8.31293	7.43371	7.71232	7.92339	7.42185	8.66709	9.86326	8.30233	7.00776	10.4225	7.00362	8.80777	7.8563	9.19083	10.9867	10.1598	3.92669	7.63701	10.45	4.99143	5.71646	6.96118	6.62518	4.57892	1.91113	1.22874	4.80826	2.82711	2.45647	1.74615	1.35715	0.935898	2.95703	4.50944	3.29861	0.935898	0.549609	1.94241	2.80557	2.65102	1.73744	1.57345	1.35724	1.40101	1.77186	2.58193	2.17664	0.716583	1.40098	1.77191	1.26508	1.49472	0.737369	1.26512	1.77191	2.28479	1.73744	1.64835	1.39015	1.40096	1.40096	1.11278	1.32344	2.96723	1.2288	1.40093	0.388619	0.695179	0.716583	2.03342	1.94246	2.60534	4.88246	4.22462	0.626612	1.0427	1.48461	0.549586	1.09912	1.43294	1.7375	1.40096	0.868921	1.7375	2.28484	2.09195	1.74615	1.56384	1.94241	2.17664	3.31668	3.19195	2.09201	2.14885	6.67606	6.57758	2.14885	4.33664	4.78327	3.4717	5.19389	9.31656	8.80892	1.43294	3.66142	2.96736	3.14453	2.61104	3.54035	3.42375	2.36256	1.87121	3.85311	3.56143	1.87121	2.25822	1.98081	1.78878	0.777245	1.49482	1.11278	1.60199	2.12064	1.16578	1.26508	3.74649	4.22462	2.41305	0.716583	0.886167	1.98081	1.35715	0.71656	0.347602	2.43178	4.56234	5.05401	4.08397	3.41072	2.52892	4.68528	0.388641	3.66128	0.549609	5.35246	4.29154	2.61104	2.99754	2.19733	1.71999	1.78878
4.59144	3.49313	2.69594	5.54381	5.22505	5.20204	5.1532	8.28535	10.2367	6.02299	9.41578	11.6072	11.8877	5.75756	12.6907	9.31596	2.0333	4.49906	5.50319	3.47148	7.98193	10.1162	7.95419	4.85438	14.0681	10.258	10.7582	6.5773	10.3197	5.71867	9.5248	6.3005	4.59135	4.62707	4.0057	2.84804	1.05699	1.55398	4.88196	6.61093	7.47662	8.62384	10.1589	11.2769	6.97079	4.50904	3.29369	2.87421	1.77174	4.52241	11.1993	14.6962	9.9558	6.62451	5.92338	5.43796	6.90468	7.4327	4.65303	8.54189	8.98933	8.13515	8.14229	7.10773	6.57728	5.88042	5.31582	5.27919	5.0031	5.20215	4.16354	2.99732	3.66103	3.83333	3.85285	3.48874	2.61079	2.45619	2.25802	1.35703	0.695113	0.868889	1.11267	1.94229	2.89	2.95693	2.82682	4.12378	5.54657	5.44074	5.38283	6.14771	8.38592	10.4882	10.7315	9.73929	7.71356	8.63893	9.47739	11.1727	11.1855	10.5814	8.65092	7.59013	8.36308	8.7603	7.05765	7.3107	7.95966	8.34025	10.0299	10.2145	8.48674	7.57853	9.23418	6.12094	7.19053	7.60377	8.37001	10.4536	12.2105	8.68461	8.2497	10.6122	2.88987	0.716513	2.91073	2.41295	1.94223	1.01321	1.04261	2.46838	0.716513	0.347569	1.48448	0.983016	1.60186	2.28458	2.36236	2.48664	1.4328	0.716513	1.32326	2.7181	3.18694	2.25802	1.87104	1.16561	1.71113	2.14864	1.91881	1.63902	0.491519	0.549554	1.71106	2.36236	1.81376	1.265	1.73738	2.14864	2.09175	1.265	0.777135	0.868868	0.868868	0.868846	0.388585	1.01326	3.16805	2.14859	0.549537	0.777167	0.626587	0.737293	0.777135	1.11267	1.81381	3.85285	5.78068	3.54009	1.49467	0.868846	1.48453	1.16566	0.388585	1.73729	1.64821	1.16561	1.98064	2.03324	2.09175	2.48671	2.0333	1.73734	1.64821	2.22438	2.31732	0.886081	1.73729	6.00047	5.6555	1.87104	3.61139	5.06231	3.41907	4.11272	7.87572	9.62326	3.18694	3.03725	4.19585	3.66103	2.62805	3.84111	4.5815	2.87421	2.09889	3.82148	3.20106	1.25297	2.36236	2.65079	1.40083	1.39002	0.935804	0.868868	1.87104	1.01326	1.26496	0.868889	2.78383	5.37986	3.85285	1.2287	0.886063	2.09889	1.5733	1.16566	1.22868	0.716496	3.3164	3.68956	1.87104	2.71821	3.61157	3.03219	0.626558	2.17645	1.91881	2.95678	4.2666	2.25802	2.41909	2.86374	2.74567	2.09889
9.65436	11.331	9.5073	6.26914	3.2935	2.95648	6.1468	7.03774	10.4606	8.97687	7.87544	8.08548	7.33192	3.4884	7.08831	14.8892	11.9731	4.90923	5.23869	7.38212	7.0882	9.65305	14.3445	14.5479	13.9818	11.743	6.99599	10.8401	9.64068	7.35839	10.9022	9.97839	5.19897	5.84161	6.63049	6.88718	4.82933	2.71797	2.62776	1.73711	1.48433	1.32313	8.48723	13.349	8.89815	5.37933	3.48845	3.47547	2.65631	2.87408	6.76548	13.1714	12.5248	11.5314	11.6362	10.7118	10.4982	10.5488	8.53415	8.79286	10.3501	11.214	10.315	8.33953	6.81586	5.73637	4.38758	3.45821	3.68119	4.52194	4.33943	4.22401	4.76065	4.19547	3.64426	2.97178	1.91077	1.60164	1.22851	1.16556	2.36227	3.47127	4.57806	5.88755	6.9108	8.31139	10.1511	11.8139	12.33	11.6436	11.695	11.9256	12.4944	15.1822	17.2181	16.7453	12.7211	6.62163	6.67711	6.81363	11.4679	14.526	15.5784	10.0002	6.71717	7.94984	11.673	10.9863	10.0174	9.56216	9.4965	9.18933	10.1511	9.74142	7.43233	3.83296	1.38989	3.74578	5.02939	6.8244	10.1508	11.4912	6.48572	7.57742	2.11307	2.19701	1.63895	1.57315	2.09868	1.35689	1.01311	1.55383	0.777056	1.04251	1.73717	1.4844	1.879	2.65631	2.456	2.08433	1.57317	1.49454	1.64811	2.09868	2.60468	2.09156	2.97178	2.79965	1.71089	2.09156	2.6957	3.12964	2.98705	3.229	2.9668	2.19692	1.05687	1.60169	1.09891	1.25284	1.01311	0.73723	1.2286	1.60172	1.35698	0.388567	0.716448	1.38989	1.16549	3.12959	2.33015	1.60172	1.40074	0.868786	0.885977	2.26458	3.37023	2.41896	2.98685	3.29799	3.03699	2.36224	0.73718	1.43263	0.388567	1.96515	1.8465	1.22854	1.94202	1.96515	1.8465	1.47412	0.626493	1.48433	1.57315	1.94205	2.11303	1.56355	1.40066	4.90587	5.66287	2.79976	2.25779	4.22383	5.00249	4.34619	5.26996	8.45967	8.18632	3.87958	6.43991	8.49463	7.22269	6.40505	6.09837	4.53853	4.0832	5.47824	4.42135	1.40069	1.73711	2.17623	1.43263	0.491468	0.695048	1.05687	1.94209	2.4683	1.40074	0.777056	1.71089	3.44497	3.4884	2.65631	1.64811	2.26452	2.31716	2.09162	2.48652	1.78855	2.21056	3.37007	3.27522	3.85264	3.68128	2.45606	1.40074	1.94212	2.97178	0.388567	4.60714	3.29336	2.03312	3.70964	4.33597	3.53977
10.8267	8.89617	10.486	2.09858	1.57301	1.16544	6.20407	12.2253	12.9404	7.10632	4.00491	3.29317	1.05678	6.84094	7.88924	11.5598	14.2924	7.8389	5.37059	9.09708	6.19207	6.84094	9.04273	11.6191	8.89775	8.42588	6.21369	6.65673	4.76025	8.04616	5.89709	8.51436	5.05265	5.12007	7.88924	5.15223	6.09782	2.95127	3.03171	2.36203	3.81693	4.33562	8.67774	13.2529	9.07938	5.19246	2.61028	2.9967	2.26431	1.78837	2.99675	8.2571	8.75853	8.90439	9.02983	8.29994	8.9387	8.95661	7.12716	6.34628	6.02187	5.69667	5.21272	4.76963	4.09386	3.57747	2.65041	2.11287	2.82619	3.84039	3.78926	3.47515	3.30224	2.95121	2.78329	1.91845	1.26473	0.776988	0.521248	1.26476	2.45577	3.29317	4.12303	4.88118	5.75648	7.03951	8.71341	10.1842	9.99912	8.89782	8.93877	8.65951	8.36153	11.9956	11.6681	11.9863	11.4864	5.09975	5.16938	7.0539	9.06504	9.30667	12.8082	9.28928	3.42296	8.24817	8.80526	7.95829	6.79981	5.41489	4.17715	3.75359	6.04654	5.57776	3.44485	0.716378	1.74568	2.31688	1.98026	2.71759	5.37885	8.698	3.35198	4.53795	1.81341	1.11246	1.63878	1.74568	1.6015	0.491426	1.55369	1.40054	1.1124	1.81341	1.5634	1.40058	1.9419	2.45577	2.14824	1.9419	1.7714	1.55375	1.25279	1.09877	1.55369	1.26476	3.03159	3.75341	2.82614	2.36194	2.43727	2.26431	1.78837	2.0914	1.73705	0	1.11246	1.48425	1.73701	1.87069	0.935628	1.4006	1.35684	1.22847	1.22845	1.16539	0.347504	1.04241	1.35677	2.09858	2.95629	1.49439	1.81347	1.73701	2.45569	3.48808	3.47091	3.12935	1.78837	1.01302	1.49439	2.9101	2.03285	1.32301	0.173754	1.26473	2.71759	1.84634	1.32301	1.60148	1.73697	1.4325	1.26473	2.09129	1.4842	2.03285	1.4842	0.549433	1.16544	3.95585	5.75631	2.78331	0.868704	2.41872	6.11971	6.2542	4.83489	6.29913	9.88348	9.02938	4.99022	7.05417	7.26063	6.88412	5.92205	3.99363	3.57742	7.12695	6.77996	1.32301	1.26473	1.35677	1.49431	0.549433	1.22845	1.91847	1.84644	1.4006	1.16539	0.521248	2.74515	1.6015	1.38976	3.03162	1.40056	1.26473	1.40056	1.25279	1.7108	2.14819	0.626439	1.91847	2.58136	2.33639	1.40058	1.25273	1.05678	2.09858	4.28334	2.74512	4.57739	3.87924	1.55375	2.62755	4.16989	2.58133
10.0266	5.21207	9.87831	8.83263	7.02001	5.28907	3.87891	13.1152	14.4671	5.21204	3.96301	4.42072	6.62931	6.40152	11.5631	2.79918	12.0273	8.65838	3.33816	8.38311	5.35045	7.23524	6.51162	3.12908	3.36959	4.75955	7.57211	1.26465	2.71731	8.29868	4.11153	6.96884	5.53406	3.96301	8.67679	2.4556	7.25993	4.65821	3.95944	4.71565	6.54827	5.66209	7.1263	12.1167	8.99445	4.66753	2.09829	2.41214	1.4004	0.549401	1.22833	4.93234	5.03736	3.82063	3.2608	2.88921	4.25135	4.98955	3.68043	3.57698	3.29274	2.79918	2.79918	2.28393	1.6478	1.98019	2.33619	2.32971	2.62726	3.33803	3.22818	2.82585	2.36167	2.25737	1.8705	0.935501	0.737041	0.549379	0.549401	1.74549	3.14334	4.69327	5.69617	5.03748	3.83229	3.95546	4.79406	6.62914	6.21326	5.33682	5.11981	4.90525	5.37851	9.25037	4.6676	5.97651	10.5943	7.16152	3.29737	7.93487	10.221	3.57274	7.64771	8.1848	4.47467	9.33816	5.969	4.34906	4.96271	3.66004	1.91829	0.549401	1.49416	0.549379	1.64773	1.94165	1.55353	1.71057	1.64773	2.58099	3.73703	6.29844	2.65002	3.89815	2.09114	1.0987	0.491409	0.982679	1.11229	0.549401	1.48405	1.55353	1.55353	2.17582	1.22831	1.05667	1.55353	1.55353	1.43236	1.38963	1.21598	0.716313	0.491409	1.04231	1.56325	1.48412	2.80451	3.44432	3.22818	2.56342	2.03265	1.7712	1.0567	0.885833	1.05667	1.2646	0.86865	1.0567	1.60134	2.19651	0.71629	0.626415	1.11236	1.01298	0.885809	1.35664	0.491375	0.388494	2.56342	0.737041	2.6951	1.60142	1.56325	1.73684	3.6763	4.42055	1.16534	1.04231	0	0.347471	0	3.20012	2.48592	1.6478	1.40048	0.935545	2.74484	2.21015	1.01292	1.4004	1.73679	1.4004	1.48405	2.09108	1.4004	1.94165	1.2646	0.347471	0.694917	3.10479	4.92621	2.22374	1.87853	0.245692	4.42052	5.35045	5.26897	6.12383	9.73303	10.5163	4.38657	2.32959	4.96251	7.12624	6.11659	3.30191	2.99648	7.8172	8.08903	2.08393	1.8133	1.91829	1.98009	1.49416	1.32288	1.16528	0.868622	1.40045	0.77691	0.626415	2.60418	0.491375	0	2.71175	1.73679	1.2526	0.935501	0.549401	0.885833	1.49416	0.885833	0.245709	0.716313	0.694917	1.55353	1.40043	1.22831	0.935501	4.30728	3.93258	3.61034	4.43068	0.245692	1.98009	3.36938	0.347471
11.8598	10.212	11.8731	16.1354	15.6023	13.5771	8.99413	8.40863	11.6936	8.62204	7.28351	7.26523	8.80534	10.2348	10.7125	6.47712	13.0034	13.7579	8.03035	6.67969	7.41802	6.91928	7.03793	4.70874	5.6956	3.19997	8.28206	3.62262	6.00822	7.12557	8.19657	7.98617	9.48149	8.3442	9.33748	6.83984	9.71027	11.1184	10.621	11.3644	11.9556	10.8834	10.4014	12.2893	9.39492	4.51074	2.43683	2.31644	1.4003	1.01288	1.60125	3.85145	5.27721	5.41122	5.47694	5.89598	6.23894	6.0674	4.56027	4.02284	3.98913	3.47451	2.4553	2.09094	2.09096	2.80436	3.61021	3.82024	3.57677	3.64323	3.50888	3.16686	3.03105	2.31644	1.26449	0.491333	0.549347	1.11225	2.86273	6.00835	8.02298	8.99403	10.2784	9.9712	6.81389	4.53724	5.67187	9.35611	11.0366	11.3833	9.37511	8.32486	9.16922	9.85842	7.25324	7.64735	12.6638	11.9221	7.61648	4.71499	9.87724	6.40308	5.58456	8.83169	9.283	10.3456	7.81675	6.36621	6.29822	4.23346	2.36158	1.05659	1.49403	1.35652	1.71042	1.87034	1.64759	2.19631	2.26386	3.87856	4.70868	4.50735	1.25255	4.04878	1.48397	0.86854	0.868518	0.868518	1.11219	0.868518	1.48392	1.32276	1.6384	2.26382	0.935418	0.626321	1.25249	1.43223	1.74533	1.5631	1.21587	0.694851	0.716225	1.91023	2.28375	2.25725	1.91023	2.02503	3.12868	3.65969	3.29706	2.28375	2.70054	3.18588	1.84609	1.05658	0.173721	0.626321	1.04221	2.26386	2.14778	0.54933	0.245671	0.388439	0.54933	1.40028	0.86854	0.935451	2.64412	2.11952	1.43223	1.16522	1.60123	2.09818	3.83189	5.0987	2.71166	1.84609	1.48397	1.01288	1.01288	3.57664	3.5131	0.935451	2.22366	2.84697	2.97098	1.57271	0.736977	1.09856	2.0981	1.94148	1.26449	1.81307	1.57273	2.26388	2.26386	1.25249	1.9415	3.40901	3.95886	2.36147	1.16517	1.71048	3.03102	3.41779	6.1379	7.58317	9.46732	9.12897	4.90155	1.63847	2.31644	7.10486	7.16907	4.05997	4.25106	8.56231	8.40863	3.29255	2.87324	2.79896	2.79893	2.58076	1.6012	1.32281	1.74535	0.626351	0.86854	1.25255	1.71042	0.491333	0.347438	2.19631	2.79888	2.02503	0.885746	0.347438	0.388439	0.549347	1.49403	0.54933	0.173721	0.491359	1.74533	1.63847	2.17572	1.73672	3.95886	4.1366	1.73664	4.65109	1.78795	2.74463	2.69486	1.11225
18.3223	14.9909	12.9429	15.8024	17.6584	17.2714	14.0772	8.58068	11.7958	9.46667	9.61888	10.181	7.26467	8.7563	9.95132	7.98004	11.0604	16.3017	17.4129	15.0788	14.4056	12.958	9.99641	6.88235	5.5895	4.12189	6.36057	4.92529	5.96067	11.8359	12.8101	9.73933	13.25	14.7248	13.7894	11.5728	11.0449	12.0824	12.5205	13.3953	13.021	12.4978	12.6608	12.0834	8.15474	4.22242	2.95046	2.48555	1.81296	1.55333	1.63833	2.11228	2.14764	2.46737	3.44391	4.55011	5.43545	4.96178	3.53844	2.95548	3.16655	2.2835	1.04211	1.40013	1.60101	2.1193	1.9179	2.17553	2.80411	3.65935	3.99252	2.97071	1.81289	1.32263	1.49398	2.88867	4.61539	6.76313	8.48286	10.5805	13.6927	14.0417	11.496	10.7267	12.92	9.75869	6.37952	9.39236	9.10087	5.71604	10.4573	13.5698	13.1415	9.93975	8.50694	9.88716	14.764	16.6036	14.3034	10.279	5.41328	9.1408	5.21131	10.6755	11.2825	9.36186	5.50358	2.71695	2.02495	1.43213	1.63823	1.94128	2.09074	1.22808	1.60101	2.22332	2.14757	2.82538	2.26364	2.71124	3.3688	4.12186	3.46996	3.12839	1.73657	2.03236	2.14764	1.97979	1.77091	1.91793	2.11223	1.38937	1.97972	2.31621	1.64749	1.55333	1.87024	2.32928	2.80411	2.82545	2.14764	1.73652	1.63823	1.49388	1.43209	1.40019	1.2281	1.22808	1.81289	2.36126	3.42182	1.49388	1.32263	1.60109	2.03227	1.26441	1.97982	1.11215	0.716178	1.48377	1.96441	0.935368	1.73657	1.63833	1.35638	1.64742	0.694786	0.245646	1.78777	2.86248	3.19974	1.64749	0.388421	1.35647	3.24167	5.75489	5.85749	5.27962	5.52255	4.90432	2.64968	3.33747	4.69239	4.73058	3.3689	1.71902	2.43041	2.41183	2.64968	2.95046	3.03084	2.26367	1.40019	1.77086	0.885666	1.16506	2.50353	2.41794	2.19609	2.33559	2.69459	3.24167	3.46996	3.49151	3.45691	3.53844	4.57607	6.20226	9.39402	10.1428	9.2727	8.75127	7.0187	3.81977	4.92843	5.52523	6.1327	9.95092	8.7207	4.05961	3.3689	2.95037	3.12841	3.8198	3.07516	2.17553	0.626297	1.04211	0.885642	0.388399	1.01273	0.716155	0.776806	0.626257	2.97066	3.87818	1.60101	1.40022	1.49398	1.60112	1.57256	0.549275	0.549298	0.549298	1.04211	1.78787	2.48558	3.07032	5.43811	6.62802	4.41999	3.50854	1.97969	2.95548	3.64701	1.74516
10.5701	9.26557	7.72067	8.3356	9.39659	11.8142	13.2757	4.16844	13.2196	12.0386	11.4324	7.42673	7.20056	5.50286	3.78794	4.55935	4.81777	9.18021	12.3793	13.6415	12.4454	10.2144	7.69971	5.15035	3.70789	4.76769	2.28329	8.10137	7.75842	12.0232	9.84929	6.00731	7.21729	8.41963	8.25961	8.04346	6.7515	5.96008	6.20197	7.54305	7.11627	7.0934	6.8039	5.94751	3.659	2.14743	1.78769	1.64733	1.26428	1.09838	1.09838	1.60089	1.22797	0.935275	1.165	1.91774	2.6093	2.6093	1.91774	1.60089	2.50332	1.5531	0.69472	1.16495	1.22794	2.46699	2.20954	1.32251	1.60089	2.96529	2.90901	0.868376	0.521051	1.0564	1.48369	3.301	4.79283	6.75141	6.58484	7.78504	13.16	9.77401	6.81262	6.96711	8.93545	10.089	4.99735	6.57332	7.37874	6.86206	8.27895	10.9641	9.0941	5.57565	6.09553	7.66698	9.24823	12.6537	10.4478	8.88128	5.60754	9.9383	9.80475	7.23567	6.36502	4.13602	2.28332	0.245637	0.626203	1.35626	2.26339	2.87259	2.28329	0.935275	1.22794	3.06984	2.71656	2.74411	1.22797	1.0564	3.33277	4.73325	3.24135	2.09055	1.97959	2.41781	2.41781	2.43637	1.73635	1.56281	2.31601	1.57241	1.81273	1.94114	1.40005	1.09838	1.09838	1.09838	1.43196	2.22313	1.11198	1.84565	1.73631	1.21564	1.64733	1.94119	2.11204	1.47343	1.86999	2.1959	3.36845	2.17522	1.90987	1.01269	2.84629	2.58028	1.57243	1.16495	1.09835	1.745	1.22797	0.245625	1.26425	1.43196	2.82508	1.32251	0.173688	0.491266	0.347373	2.25682	2.71667	3.10393	0.868355	0.868376	2.02474	3.72408	4.41951	4.19714	4.16849	4.53639	3.45647	2.11912	2.02474	4.04444	5.55142	4.38536	3.06984	1.90987	2.58036	3.18998	3.25985	2.79848	2.41159	2.31606	1.60095	1.77074	2.90901	2.41772	1.40001	1.26425	2.09779	3.03553	2.8727	1.78769	2.6093	3.64667	3.301	2.58025	5.75421	8.32316	8.20074	8.02885	7.26615	4.0034	1.40007	3.95451	5.41286	10.6727	8.48167	3.1233	3.19929	2.69435	2.09057	3.14246	2.69435	1.32251	1.60087	0.776695	0.388381	0.885562	1.22794	0.935242	1.09838	1.21564	1.40007	5.04474	4.43958	1.63817	2.36114	1.8781	0.549243	1.01264	1.22798	0.885562	0.173688	1.7707	1.09838	1.38924	3.10406	5.92496	4.5496	2.56282	0.549226	2.46711	4.68236	4.02203