11.0299	12.2763	5.22486	4.38225	4.18363	3.84522	5.63571	5.57479	5.03112	5.3483	4.9428	4.82248	4.78169	4.24586	2.69681	0.811819	0.363068	1.08909	2.11605	2.11605	1.32139	1.27055	2.56553	5.14622	3.62579	0.363068	0.811784	1.30888	3.16723	4.2149	4.0526	2.92471	1.81476	5.26208	5.12718	3.59856	1.56129	3.4498	3.81095	4.35596	4.54328	5.3815	5.44178	6.45982	7.2787	6.78259	5.53973	3.89184	2.54632	1.92898	2.38638	2.44091	2.06899	1.56129	3.22866	4.62875	4.01185	3.52033	3.69745	4.58268	3.28415	1.67325	1.72166	2.95251	5.12081	6.90272	4.07255	3.10434	6.35851	4.90293	3.22883	2.52042	1.49667	0.513435	2.69667	9.72341	9.73003	4.97235	6.01223	3.63039	2.06896	8.65098	9.9108	7.27876	5.63583	8.18524	12.2814	8.78301	5.25291	3.81097	1.38225	4.53255	6.07963	7.0283	7.08319	8.78301	8.47167	5.83961	6.33048	7.80989	7.10124	4.23035	3.9751	5.79234	9.3916	11.3562	8.47755	4.40822	1.62324	1.67316	1.79648	1.86833	2.42053	4.56128	5.97991	5.66742	5.39978	8.65663	8.67697	6.14867	4.7543	2.59746	4.92608	7.31184	7.3119	5.71312	4.97218	8.27286	12.0484	11.5957	8.0051	6.11958	9.81296	14.2915	15.3011	14.4863	12.7378	9.25008	3.87921	4.89279	13.3589	13.9753	7.08076	3.38748	2.97467	6.50969	8.22455	8.59578	8.65486	4.65695	7.028	9.12492	10.8362	11.77	8.73008	5.39978	3.87921	3.13072	4.07255	11.6571	10.038	13.9701	16.1228	10.1378	1.64342	13.2243	24.1038	15.3095	9.89951	10.9559	4.02403	5.90597	10.5345	15.3825	10.0613	12.3116	13.3776	15.4892	16.8221	8.70073	2.69667	12.9768	8.5472	7.83236	10.2908	5.18412	2.5203	4.29544	6.5517	13.9318	14.2934	9.80829	8.60501	3.64849	1.14797	2.43405	4.74029	1.16221	7.51372	4.70244	2.36566	7.22733	5.24982	1.16221	2.36554	3.48758	5.27765	4.89291	4.07273	4.63956	6.32792	7.43626	11.6263	6.14341	5.25291	3.99156	7.22295	4.02416	2.02877	2.90774	3.10438	1.02679	5.36042	10.0142	9.10254	5.98815	4.76443	2.11615	11.8162	30.0469	23.4922	1.89458	5.58628	5.09869	18.4972	11.8478	13.1216	15.0048	16.5706	13.5658	5.3815	3.24388	0.748442	6.77269	10.467	2.11605	8.66414	11.7334	10.8916	13.2695	6.5173	17.1816	11.8441	16.4326	19.7838	10.0013
11.7687	10.5513	3.46367	3.95814	3.63002	4.91897	6.3298	5.44425	5.18377	5.26177	4.87581	4.78118	4.82197	4.38185	3.63002	1.49647	0.363029	0.811732	3.11977	3.11977	1.46313	1.89437	3.58906	5.14567	3.6254	0.811697	1.30868	1.81456	3.01832	4.1361	4.24151	2.9244	3.09868	5.5153	5.12663	4.61765	2.36534	3.13038	4.20267	4.8116	4.78096	4.05204	4.3781	5.99024	7.03445	6.86714	5.62076	3.77176	1.92887	0.405869	1.92887	2.46743	2.06877	1.56112	1.46308	3.40631	4.01142	3.30866	3.69706	4.58219	3.28379	1.78719	0.925488	2.69638	5.12026	7.40709	4.82173	2.24412	5.29864	5.07243	3.40645	2.44065	1.49651	1.53981	1.92877	6.54852	7.83165	4.17155	1.67298	3.10405	2.06874	3.48721	7.74927	7.46163	5.77204	7.98598	12.5048	9.66523	5.63505	4.5608	2.36529	3.08821	5.6812	6.87888	7.57503	11.4751	9.43919	4.17144	5.6351	7.80906	7.92338	4.71229	3.71928	6.15064	8.55944	11.9955	11.7636	7.11401	2.61599	1.92877	1.28327	1.3821	1.64327	3.21316	5.22444	5.79165	5.68111	8.03405	7.93561	6.31455	5.21197	2.90745	2.64109	6.64453	7.16857	4.75379	1.05832	4.61789	10.4453	12.7363	9.57308	6.17172	12.2031	16.2639	15.8208	14.3968	12.4223	9.73097	7.65933	7.42013	9.91113	11.1433	7.68243	4.94212	1.46308	4.74004	7.83191	8.71303	6.14801	2.9523	5.15205	8.66488	12.2612	15.8812	11.2981	5.15222	3.8788	4.20267	1.67301	7.53671	10.0558	11.6574	12.9873	8.46134	6.97186	21.0151	22.2401	9.74872	8.20978	13.466	8.80919	5.90534	7.2776	10.3387	10.0603	1.2175	9.2491	11.1099	8.65007	7.98587	3.20792	8.11558	9.9242	2.35843	8.85801	8.59445	1.32121	4.29498	4.70181	11.2217	11.6373	9.82662	7.78251	5.07241	4.13194	4.9255	3.97448	1.41737	3.16687	6.35023	2.77453	4.35562	8.83098	4.48485	4.89227	5.74921	5.27708	4.89238	3.82351	4.63906	5.50368	6.17161	9.89059	6.97213	4.26456	4.41156	7.22219	7.025	2.24406	1.96269	3.63	5.12026	8.953	11.6373	8.64864	8.29912	6.06274	2.11592	11.815	28.8776	22.1819	2.12359	7.76558	6.88574	19.1571	13.6988	13.3564	16.6088	17.016	12.6655	2.32334	1.45183	3.99093	3.97448	8.54223	8.17441	6.86711	11.4579	12.5483	12.8924	7.19545	9.91432	7.80725	15.9599	25.203	12.2511
12.1612	11.1171	3.73648	2.42011	2.72648	4.94492	5.42261	3.4869	3.26851	3.6968	4.21407	4.3852	4.21407	3.66564	4.78393	3.48685	2.82128	2.7684	1.41724	4.35523	5.47066	4.47373	3.13004	3.89091	4.35142	3.3723	2.69626	2.72047	2.00393	1.78703	3.16661	4.38146	5.79105	6.4884	6.15789	7.71323	7.66522	6.54825	5.61731	5.26117	4.3551	1.5609	1.71181	3.71895	6.02216	7.51045	7.83119	7.36755	6.76455	6.39053	5.27677	3.71895	2.69628	1.67292	1.10388	2.27295	3.30837	3.87417	4.73952	5.61145	5.15176	5.0721	4.75337	3.67015	3.82299	6.72347	6.07821	0.907428	3.03961	4.17109	4.07193	3.32824	3.16658	3.28354	2.99071	5.22384	5.79098	4.02332	1.6431	1.28316	2.06847	0.748295	2.53935	3.6968	4.30618	7.40227	12.9744	11.1634	6.21288	5.29816	5.18315	3.30837	0.977299	1.81445	5.50319	13.7886	11.7625	2.32301	2.35813	5.63455	8.83038	8.22094	5.22091	3.08254	2.67793	9.28759	15.9464	13.1975	7.74858	5.44376	4.22571	4.32136	4.61748	6.04368	8.91509	11.9154	13.5919	14.2294	11.2252	7.82502	8.22295	8.95962	8.86826	4.91853	0.770017	2.86745	3.81022	4.78051	3.51976	10.5864	11.8419	7.15442	10.8559	15.232	14.691	13.6288	12.1999	11.7204	12.7046	10.3591	8.64744	8.69166	6.62904	6.36749	5.47643	3.38672	0.544486	2.11563	1.08887	0.725964	2.90717	7.78983	14.0703	20.697	13.9628	1.4517	2.81534	6.74518	7.80846	7.92297	10.2601	13.1523	11.1805	3.95767	12.0754	25.7569	19.3281	6.57785	7.75875	14.3571	11.9552	5.3226	5.34704	6.74993	7.96718	8.33878	5.55015	3.24325	4.48087	4.9941	6.62656	0.513362	7.63136	8.30814	7.22154	7.91038	1.30863	3.22802	3.26845	8.49829	7.02663	2.36515	2.42005	5.39859	7.05202	7.22154	5.62015	3.22819	2.81542	6.57777	8.71226	6.91342	12.5592	10.0733	9.28769	12.7292	11.2753	8.82492	2.46709	2.92973	3.44912	3.91193	7.19003	5.82448	2.20694	3.32809	5.61999	7.44115	1.9286	1.64312	2.90717	8.86622	16.483	16.3784	11.5316	12.5617	7.3738	2.06858	8.2537	25.8053	25.8503	15.1102	8.5361	8.78131	19.8648	16.8599	13.0215	17.285	16.1473	10.2367	9.748	11.4228	12.9866	9.63648	9.41647	6.64359	7.68189	3.487	7.83107	14.8575	14.4929	8.95431	6.01125	7.31012	23.4128	16.8053
13.1964	15.2625	11.4559	8.66005	7.01253	5.88795	4.65562	3.1662	2.19177	2.3228	1.79597	0.362964	1.67271	3.03933	6.11754	5.50251	2.3857	3.2431	3.03933	3.5194	6.38999	7.40182	6.51795	4.32098	2.02823	0.362964	1.05808	3.2125	4.65573	6.86592	9.74233	12.1377	13.5287	12.2696	9.28687	8.39178	6.53026	3.80995	2.3857	2.61552	2.59663	1.71165	2.20678	3.6429	5.51162	7.65828	10.2084	12.0903	12.8199	13.0211	12.2596	9.50168	6.4178	4.54216	3.30813	2.81517	3.92008	5.43136	6.34669	6.83752	5.91277	5.65151	5.82426	4.87161	3.16633	3.85249	5.74819	3.34257	0.811586	3.40584	4.69766	4.70806	3.99031	2.76209	1.5502	4.13517	4.94448	5.51432	5.63404	6.77113	8.10246	7.34936	3.73179	0.362964	1.96234	5.25143	12.3784	12.4395	7.12417	5.81291	5.96452	4.61685	2.86705	4.3623	7.83052	16.769	18.1633	8.18304	3.80988	2.99044	6.34669	9.65567	10.0414	6.91281	4.41078	6.02163	14.6262	17.6751	13.8209	9.29367	7.1673	9.05794	11.8464	14.4823	16.9571	19.5014	21.8993	23.3535	19.3532	11.084	8.54295	8.23583	10.7052	11.1754	8.95353	7.18976	4.62765	4.97076	3.48654	6.28769	12.0593	11.153	5.97817	13.4136	16.1707	10.7897	0.811552	8.83839	13.5451	12.0124	9.10656	7.44049	4.27513	4.65562	6.13879	5.09709	1.85016	0.925303	0.907347	1.49624	3.32794	7.52048	15.3007	25.651	22.0702	14.823	14.4112	16.8321	19.471	19.1548	14.2464	4.69766	3.56106	6.26709	17.763	26.0542	17.1745	5.26086	10.9054	13.1051	12.0284	18.2365	18.8984	13.8779	7.53516	7.58829	7.43186	5.37084	4.36216	1.67268	6.32341	4.89139	5.38014	8.54109	7.55466	4.34727	1.14764	2.02819	3.34257	7.66421	7.01228	5.61976	7.6918	10.4118	12.9167	12.0993	9.26119	7.36473	6.96864	7.83052	9.17664	8.60258	17.7823	18.2844	10.5381	12.7087	11.2867	12.0898	8.17297	4.58152	5.11003	5.81297	9.58441	7.61156	2.35801	8.40903	8.93748	1.16188	6.26709	6.56729	3.62485	10.6666	19.4028	12.322	6.45799	15.3608	9.7273	3.11937	2.51958	14.9286	24.8952	24.5424	12.4623	9.48968	18.397	22.0511	14.9036	14.6094	12.1102	11.0954	17.744	17.0628	16.6419	20.1476	13.9801	3.482	1.95385	8.00851	8.71327	14.3047	18.2852	19.0243	17.839	11.5373	12.1345	16.479
8.71032	11.3723	9.31486	6.87693	5.12544	3.17117	1.78661	2.59635	2.18408	3.09791	4.21325	4.10716	3.08733	2.36466	5.75601	6.07431	2.83799	0.40577	4.61636	5.32155	2.29411	3.24275	4.73869	5.39774	4.89113	3.80954	2.90662	5.00616	6.00993	6.24041	7.58777	8.25248	10.6791	11.5681	7.18649	6.32529	5.74473	3.82235	3.082	3.38614	3.51902	2.24348	0.405753	3.32743	3.57432	2.57729	3.16596	4.99339	6.32561	7.12137	8.1331	7.75528	4.89101	3.80945	3.48621	2.06815	1.96213	2.29418	3.28285	4.54149	2.83799	0.654269	1.28295	1.72104	2.06817	2.71993	3.34216	3.89014	2.02795	0.181464	0.925223	2.69563	5.1188	3.90276	2.24348	3.6693	4.3804	8.40392	9.3385	6.91207	7.75755	8.51949	6.90025	3.78365	2.29418	2.64026	10.5484	11.5193	6.15651	4.6375	5.88711	5.76729	4.07095	5.34294	5.88721	11.7219	18.3414	11.3447	6.30479	1.64278	0.925223	2.02804	5.35832	6.32802	1.82309	2.99004	3.91947	11.1613	12.155	7.64453	3.11904	5.88732	8.26792	9.32856	9.21884	8.69772	9.41342	16.6997	18.8567	8.07152	4.61633	2.76772	3.78353	7.43999	9.67928	10.064	7.93553	1.67259	4.65512	2.54532	2.56457	7.19319	3.34216	9.76384	18.4723	20.4475	13.0008	9.90704	13.8454	12.8802	9.2598	7.42458	4.02253	2.77368	4.73843	4.9241	1.63274	1.05802	0.405753	1.49604	3.0978	2.64034	7.58551	20.0091	21.4515	16.0734	12.7789	14.2861	16.2777	11.9548	11.9296	12.136	11.7978	8.04004	18.4137	20.1786	13.8772	2.41958	13.5988	9.79106	10.5904	17.4425	20.8336	20.6446	10.7593	6.85313	5.76729	5.44252	6.46458	1.53937	5.53728	6.89535	0.181464	1.32087	2.51943	2.83234	1.81409	1.49604	2.9735	6.40922	4.61636	3.89032	6.63287	7.5368	7.70558	6.9004	4.73869	4.17036	4.47285	2.06817	2.71986	4.22468	22.2852	22.6342	2.29418	9.17349	9.96406	12.8467	10.8132	3.73562	2.90662	4.43971	9.80887	9.17526	7.07785	10.0716	8.43842	9.07758	6.02098	8.33726	7.47652	11.1556	18.2308	16.8039	5.98853	12.3783	10.3083	1.64278	3.44845	3.46264	8.04769	19.4684	12.5998	5.122	9.88763	18.2223	14.1691	9.19108	4.52706	6.4573	12.0437	6.57651	12.3471	24.1795	17.7675	3.83948	7.15977	9.14063	6.56885	1.82308	4.87108	10.7847	14.6794	12.1656	7.02322	8.4115
6.00939	8.43362	6.88317	5.54875	5.12179	4.56996	3.34204	1.49594	1.16171	3.51875	5.62735	7.27527	8.66205	9.05618	5.98528	2.51908	5.34573	6.21914	5.78948	5.83681	3.38575	2.7437	2.69548	3.98964	5.51353	6.63228	7.11165	9.00483	9.7304	7.57851	6.3351	4.3614	5.42703	10.0955	8.04888	8.19096	7.55279	4.58407	4.73826	5.92261	6.22432	6.22432	5.37005	3.61061	2.51908	2.90634	5.09947	7.03186	7.53613	6.54639	4.76221	4.73801	4.2011	4.5412	4.71052	3.40517	2.97339	3.17089	4.47243	6.83619	7.37198	6.18255	4.69674	3.09763	1.67244	1.46256	1.67236	3.17074	2.92879	0.725756	0	2.69537	6.82648	5.54857	4.13849	5.50162	5.79784	8.22028	8.40696	2.41936	1.28283	4.89043	5.50143	2.4396	1.38158	2.69539	11.7208	13.5876	9.36671	7.26631	5.45405	4.60884	4.18156	5.78933	6.89956	7.363	14.0986	11.6114	9.66166	4.61594	2.43973	3.83914	1.54995	4.05047	4.52671	0.573763	1.46258	7.04982	11.4491	9.03648	3.84344	3.49993	4.2243	4.38008	5.27517	6.00961	6.54639	12.8468	16.9807	9.99654	7.53586	4.43932	1.96185	1.62246	1.16165	1.6326	5.43917	6.91141	4.32013	1.78645	1.05792	5.50143	6.06311	1.38163	6.80051	15.082	16.8864	14.3538	12.3275	10.2013	8.15568	7.16552	3.2271	1.67236	3.24232	4.70705	4.92391	4.92391	4.08677	2.77343	3.0007	2.46641	2.32234	11.3822	15.4078	15.1378	14.0821	13.0184	9.63377	8.06085	21.488	20.7298	16.2313	21.4077	25.9915	17.6719	6.63198	8.29049	13.3289	3.03874	16.7158	10.6	20.2698	25.2744	15.4819	7.07744	8.14231	10.1707	11.4589	7.06141	4.96986	7.39801	5.18178	1.46258	0.181448	0	0.405716	1.32071	2.92321	6.1561	7.04098	7.03183	5.84256	3.73541	2.59612	0.725756	1.84976	0.811427	0.907168	2.18382	1.92805	3.1292	23.9237	24.7936	2.52561	12.8791	13.2262	13.4828	9.43915	1.92805	3.26762	2.17634	7.43909	10.6646	12.7094	15.6797	14.1497	20.8081	11.4251	7.30835	6.80758	8.80593	11.8278	15.7444	14.7713	10.8705	7.40653	2.53862	4.37629	4.05059	4.75196	13.4985	14.8288	8.28276	7.50391	12.7932	11.6694	5.24729	3.62423	5.79784	11.8894	8.16586	15.6495	26.5501	20.7128	4.87375	2.61501	5.24715	5.12471	2.24328	5.11852	4.22831	8.14987	9.97623	13.0186	11.5689
4.87337	7.53302	6.32433	5.44175	5.18452	4.77894	3.78297	2.20611	2.69515	4.54079	5.98475	7.40623	8.83633	9.03427	6.94568	4.02173	5.00553	6.21859	5.0315	4.1695	3.16532	2.95087	3.44307	4.52644	5.57169	6.5136	7.11102	9.00404	10.112	8.49531	7.32731	5.61506	2.9229	8.85571	8.54203	9.1892	9.30436	6.57511	5.01851	5.86703	6.22377	6.22377	5.77776	3.40486	0.654152	2.02767	5.09901	7.07696	7.52693	6.61462	3.91896	0.907063	3.12892	4.37974	4.88679	3.49975	2.95097	3.08678	4.10642	6.06283	7.27458	6.54824	5.50113	3.98508	1.78636	0.976967	0.907063	2.19114	3.1653	1.62231	0	2.95082	8.07798	7.18515	4.61568	5.65266	5.47446	5.66402	5.88054	2.41914	1.05783	4.38333	5.24669	2.18362	0.925038	3.40472	14.0996	16.0414	9.53381	6.54579	3.48101	1.53909	3.51831	4.73769	5.79732	4.7101	9.1892	10.2328	10.56	9.03556	4.22786	4.54079	2.59591	1.81372	5.20938	2.57683	1.32063	3.76982	9.11977	9.03569	4.3536	1.46247	2.2937	3.46206	4.47203	5.61816	6.51609	8.34523	11.2165	9.55525	8.60731	6.47595	3.73493	1.62231	0.40568	1.32063	4.13024	6.80722	5.45362	1.3206	1.28272	3.20643	4.40937	2.86626	4.13812	11.5179	16.4196	14.4324	8.951	5.78882	7.14687	7.16489	3.48082	1.92787	1.45115	3.41928	4.87022	5.02825	5.65259	4.13796	2.52538	2.69515	0.36286	6.06276	12.2751	14.933	14.1839	11.372	5.00553	14.7653	26.8223	21.775	16.6878	22.6104	23.6873	13.9716	6.63139	10.7942	8.54054	8.39671	19.7762	10.1621	21.9265	25.0702	17.6773	6.35506	7.82831	10.2747	12.7147	11.7912	3.48565	5.77776	8.56081	2.92852	0.40568	0	0.181432	0.748032	1.95337	4.37607	6.57539	6.79778	5.42683	5.70975	4.31953	0.725691	1.84959	1.08846	1.10346	3.46195	0.654119	3.12892	23.7105	27.4645	2.06772	17.3184	15.343	12.2785	5.79732	2.43938	2.95097	2.98951	3.64185	11.5647	17.4645	23.7193	13.6005	22.7684	13.4137	6.71888	3.62833	6.04111	7.04022	12.1533	14.948	9.80273	1.46247	2.92295	4.3759	6.74742	4.24344	3.48559	12.1837	10.0385	6.74284	10.3177	11.7587	15.3361	5.06686	4.92342	14.1512	7.53547	15.4527	29.6515	23.9715	5.12109	3.62372	5.50094	5.12425	4.87334	5.78609	3.46214	5.81126	8.68887	13.4617	11.7812
4.52595	5.02748	3.73453	2.0675	2.00297	2.77295	3.91013	4.93938	5.4291	5.82171	4.71985	4.18083	4.96898	4.49707	8.5599	8.93362	4.13355	6.01656	9.43771	10.8382	10.3516	9.08074	7.58567	5.91046	4.37935	4.27367	5.37804	7.96337	9.55262	8.90697	8.55621	7.47441	3.267	8.00539	8.9336	9.67118	9.98502	6.65985	2.97265	1.92777	4.04985	4.97884	5.24627	3.98874	2.59571	3.34134	4.34556	3.38518	2.191	0.654049	3.51806	6.64562	7.82748	7.27383	5.60884	3.0166	1.92777	1.79536	1.78617	0.811267	1.95308	3.28192	4.70613	5.53296	4.85626	3.51806	2.43925	2.02743	2.36394	1.6423	2.21338	3.64143	7.43759	7.00945	3.78245	4.63617	4.70604	4.89957	4.43845	1.14718	1.32049	4.13751	4.81898	2.11461	0.906989	3.48517	14.6594	16.4082	7.58534	2.02737	1.38131	0.57365	2.12238	3.28192	3.98876	3.16508	5.98656	7.6549	9.5259	11.9975	7.02093	4.18087	6.62606	5.46803	2.59563	4.12974	5.42625	5.44117	8.58416	9.33587	5.06952	2.81406	1.30799	0.747933	1.96156	2.83153	2.69498	2.43912	7.29792	10.4075	11.2934	10.3543	7.58534	4.40523	4.60818	4.63989	4.54027	0.513086	5.45298	5.29569	3.26691	3.66822	4.91616	4.52948	4.29253	2.02737	3.62795	6.83486	7.32679	6.41529	3.95577	5.96771	8.61597	8.77744	5.94602	1.7861	1.81357	2.02743	4.22733	4.43845	3.84261	3.91004	2.27186	0.181412	1.72049	3.46165	4.08597	3.48063	4.73718	16.8869	26.7577	21.7717	17.0349	17.5699	12.7473	6.6601	14.1721	10.045	4.93923	13.5344	18.0524	1.38131	20.0654	22.5153	18.3583	11.4229	11.5707	12.1776	15.2948	16.5138	5.25877	4.37935	11.0666	4.53659	0.811232	0	0	0	0	0	0	0	0	5.42597	4.7612	4.85626	5.42923	4.61518	0.976826	5.20882	3.82133	5.85514	20.196	28.1376	5.75468	18.688	16.0221	9.58071	4.00926	5.98943	4.26212	4.77823	2.92832	12.2544	19.9232	26.3567	9.93424	17.9624	17.1551	14.7124	11.8103	10.4016	11.2201	8.06957	2.56379	8.05938	6.23863	3.7347	5.01776	8.05328	0.256548	3.66822	5.88844	12.5131	11.5383	6.6602	6.5028	20.1036	8.55985	1.49565	12.2683	8.77744	9.88485	28.5475	25.7015	8.05938	5.5825	5.09825	5.39599	7.1394	6.01627	1.16148	4.00913	4.67122	6.72024	6.45546
4.02115	2.63927	2.97238	1.64216	1.72039	2.36384	3.48501	4.79158	6.00775	8.49349	7.71691	5.09468	5.27366	4.48213	8.99507	11.5691	8.85399	8.286	9.95925	10.8373	10.2035	8.91006	7.28206	5.51196	4.2426	4.22718	5.18036	7.96267	9.34358	8.90618	8.9632	8.09238	3.40419	7.27285	9.17878	9.42462	9.49003	5.64849	3.73419	3.10196	3.85084	5.09478	6.20935	4.58276	2.51848	3.09674	4.34517	3.5177	3.08608	2.18319	4.70918	7.20418	7.80214	7.04819	5.12352	3.1648	1.96139	1.7952	1.89318	1.49548	0.811194	2.56364	3.78223	5.04018	5.26754	3.95552	2.51848	1.71083	0.924856	1.05762	2.46578	3.26161	4.92225	5.52052	4.23857	6.65925	7.11838	5.09468	3.102	1.14708	2.24258	3.66792	4.06943	2.11442	1.10325	2.99984	13.7011	15.9392	8.79623	3.76908	0.924856	1.56001	1.10327	2.56364	3.5177	2.97254	4.30356	5.63122	7.82641	13.1957	10.7743	3.97205	6.22256	6.18072	3.97189	4.12937	5.52079	5.54717	8.37997	10.2155	6.06146	3.26664	1.81336	1.21664	2.12226	2.83128	2.76681	1.92749	4.53639	9.55192	11.6618	12.4337	12.6731	8.05857	4.60777	5.00448	6.00771	3.58668	3.73436	6.14646	5.67435	6.68347	6.18055	3.55934	2.41867	2.76668	2.83705	5.82146	7.29973	6.32325	3.51762	4.80859	8.25137	9.11834	9.31125	6.03993	1.95298	1.71083	1.41643	3.102	4.1687	5.27354	3.51757	0.4056	0.924875	2.35687	3.73436	3.64569	4.93886	13.916	21.2295	19.2745	18.7471	19.1132	14.5626	6.1755	16.2579	7.75435	12.084	12.1544	14.5249	0.924856	17.0712	18.3566	15.3957	11.4219	11.6287	12.2727	17.183	19.0796	5.78784	4.45288	12.9647	6.01574	1.30781	0	0	0	0	0	0	0	0	3.918	3.09674	5.26754	5.36852	6.79858	4.75041	6.38409	4.58284	7.81003	13.6476	26.1496	6.70063	17.0849	17.4097	9.11801	4.26174	5.14882	6.87412	4.53979	4.37883	13.6744	20.1468	24.6943	19.0349	11.9904	17.0205	14.6661	14.4879	11.073	12.0383	12.985	4.60753	6.50222	6.86953	3.57315	6.23009	8.80345	0.256525	5.67717	6.71984	10.9824	13.6201	7.53178	6.50222	18.7829	13.73	1.49551	6.68134	10.0695	4.2271	24.0357	25.2914	10.6617	7.7605	3.66792	4.55779	7.83463	8.49912	2.69462	4.9421	3.6679	9.42462	6.24073
14.3328	10.2181	3.7165	0.18138	1.05753	0.924792	1.21653	2.92769	4.81812	9.28123	9.03829	4.63535	3.73386	0.405564	7.60935	12.2358	11.4544	9.01013	5.92012	3.32589	2.76062	3.58656	4.24222	4.06926	3.34079	2.83102	2.98873	6.40128	8.26388	8.23289	9.13645	9.1642	4.12889	5.53471	9.32392	9.63009	9.55079	6.32237	4.75004	3.21066	0.924773	2.19052	5.4994	4.85519	1.14698	1.62185	3.40375	1.72018	2.36351	3.48459	5.61641	6.23752	5.42528	4.63559	3.88851	3.38457	2.32159	1.81325	0.811121	1.54931	1.38111	1.28235	1.46201	2.02703	2.51814	2.02701	1.67179	1.14702	0.362756	0.747799	1.64201	2.35662	3.98394	5.79567	6.56356	9.2814	9.83191	7.03822	3.64081	1.49534	2.32147	2.83667	3.51731	3.34074	3.32604	3.12803	10.7908	14.3174	11.8223	9.03857	4.29195	1.10317	0.405581	0.653964	2.51825	3.20569	2.71867	3.59548	6.1458	13.3055	13.6107	5.35572	0	3.98803	7.65364	5.83463	1.64203	3.49862	7.26114	9.22632	5.17337	2.183	1.89295	2.36358	2.9997	3.37007	3.01606	4.12889	2.38433	5.61641	10.0779	14.2382	18.1931	15.0696	9.03347	5.9204	4.06909	4.55738	4.73649	4.7191	4.86857	7.48164	8.12536	6.56613	5.41926	5.2577	3.73391	1.28235	1.82225	4.8854	10.092	10.9627	9.93302	10.3315	13.5829	11.6755	5.84038	3.16451	1.28233	1.72018	2.83667	4.63535	4.18	2.00261	0.544125	0	0.811087	1.46201	3.87153	10.9352	16.4701	15.1598	18.2263	19.8446	20.6486	22.9033	18.8649	3.37007	15.881	12.7689	13.5208	4.27269	18.3294	14.1858	7.52439	8.77589	17.3848	18.9177	22.2131	22.8273	7.94792	4.96817	14.3438	9.49095	2.86544	0.18138	0	0	0	0	0	0	0	2.43196	1.21658	1.96121	10.0152	17.9597	16.721	8.68827	1.38106	5.18281	7.30532	20.7111	13.1916	12.6393	15.2968	10.5897	4.56802	3.4847	8.20369	6.0957	5.60774	14.804	21.3006	23.9076	23.9422	5.25786	12.5551	10.3284	14.7542	12.9744	15.3451	20.925	11.9124	2.02703	5.82911	4.5789	7.57356	11.2442	5.4402	6.40631	8.15661	4.63906	11.8342	10.6742	8.65674	18.043	14.6302	7.43666	4.04908	7.40158	0.362756	20.0538	23.0669	12.769	11.3465	6.76705	5.36778	7.18311	8.15265	4.04895	3.2411	3.98394	8.40764	5.26692
10.4275	11.5388	6.07086	3.95475	5.28198	5.86473	5.67345	5.53139	6.15319	9.8035	11.1047	10.0016	10.2293	8.24782	7.57276	10.1577	10.1515	9.28709	8.53871	6.91727	5.90056	6.17959	6.15333	5.58114	4.22247	3.46077	3.97539	6.76644	9.58321	10.5533	11.5011	12.4984	10.4123	5.65914	7.04644	9.08827	10.7548	9.10049	5.24463	2.19028	0.573504	1.26932	4.53897	6.79726	3.51693	2.02679	3.32553	1.46185	1.64183	2.38404	3.55855	3.64042	4.48125	6.01756	6.82356	6.71626	6.13752	5.67635	4.96764	3.46077	1.92722	1.38096	1.82203	2.27121	1.62167	1.45058	1.49522	1.67157	1.0258	0.573504	0.653862	1.14689	2.92748	4.97742	6.9081	10.3516	12.4713	11.6477	7.50019	1.28217	3.08023	4.55695	3.87112	2.00237	1.81305	2.69418	6.40557	9.20478	12.3419	14.6991	13.0124	8.77313	5.63041	5.17308	5.12252	5.00357	4.35944	3.38421	3.97521	10.0091	12.9647	9.37405	4.61377	2.1141	7.99741	11.5996	10.543	8.53537	7.39664	6.36251	4.17955	3.38421	3.33059	3.41793	3.85009	4.24177	4.22635	5.47232	6.45363	8.09702	10.9987	13.9573	17.9063	16.9726	13.0724	10.4049	6.41347	1.45058	2.06699	2.20528	2.05093	4.19907	6.35258	7.55169	8.73675	10.5563	10.6201	8.73675	6.68252	6.52332	10.1655	8.55749	5.2573	7.80877	13.3652	15.2262	13.1472	11.5391	9.57838	6.9662	5.37651	6.2291	7.07641	6.30912	3.44648	0.725405	0.362717	0.976582	2.63883	7.93089	13.8962	16.5738	22.0715	24.0114	25.4114	27.7219	21.5669	14.963	15.6306	12.987	9.50333	17.0694	22.5188	9.86155	5.49898	22.5385	24.5736	22.0057	24.4792	25.4759	13.2017	8.78771	15.7419	16.7923	8.50891	1.82203	0	0	0	0	0	0	0	1.30755	3.73351	12.7438	22.3104	25.3578	20.7232	16.7793	6.38537	2.59497	3.98762	13.3492	19.6447	16.7053	10.4031	11.3492	7.55133	3.20534	6.74013	5.31879	3.44171	14.1468	23.1755	24.8791	28.3691	13.8492	15.421	11.4478	15.5188	17.1762	14.8351	23.7368	18.2595	5.14765	8.70566	10.3487	11.6265	15.4134	13.5537	10.3502	9.52345	7.11948	9.76003	12.6419	13.1527	18.9218	11.6316	10.8987	11.9881	11.5187	9.95421	11.4191	18.6246	20.3166	16.2943	13.7376	10.602	6.7015	6.38285	5.14765	1.72	4.37803	3.88792	3.80727
4.80722	11.953	10.0413	4.88778	4.53868	5.06776	6.07326	6.69873	6.76584	8.64033	9.72501	9.16794	10.0464	8.98928	7.137	8.85882	9.32726	9.97503	10.6719	7.41325	3.55832	2.67564	2.24199	3.09575	1.95235	0.653836	1.28212	3.26571	5.82797	7.18178	8.3699	8.64763	8.83194	6.38254	3.62657	5.91896	10.4261	10.8972	7.25973	2.92149	0	0.181344	1.64171	6.54484	5.42695	1.63166	3.48391	2.54361	1.62153	2.51764	3.95428	2.63859	2.12158	1.99399	3.4367	3.81989	3.87513	3.97504	4.29111	4.29111	3.49806	2.43159	2.56291	3.34001	2.02663	1.21629	0.906625	1.6714	1.8128	1.10295	1.16104	0.906648	0.181344	1.16098	1.64169	4.73541	7.88146	11.289	10.0161	4.1674	2.92722	5.00294	5.62961	2.3631	1.54906	2.18257	4.87097	3.22526	3.48396	7.74201	10.4565	9.4071	6.16591	4.48085	2.76602	1.86644	2.4651	3.32538	4.17926	6.62821	8.49672	8.85874	7.34347	4.0198	3.2406	7.94654	9.58254	6.79452	3.21012	2.67552	3.62658	3.34008	2.74217	1.7199	1.05732	0.906672	1.3075	4.9209	6.18408	4.37771	6.1788	9.03127	12.4102	10.251	5.61531	5.39411	6.32386	5.60664	3.03709	1.81284	1.8128	2.24194	1.31996	1.02576	3.46047	6.70841	8.99279	8.26254	5.58064	2.17509	7.73968	8.40616	4.8712	2.59474	5.36673	8.37761	8.38541	8.95204	9.86069	8.70475	6.34184	5.66147	5.35479	6.3849	5.43894	1.62153	0	0	0.181344	3.36923	5.74095	4.58153	11.2712	12.1512	7.58285	7.21995	14.9867	20.9576	15.506	11.8828	10.2945	19.0814	16.0185	3.28072	15.367	23.7355	8.65709	19.3774	20.9497	21.8442	11.9101	4.30249	9.38843	17.4866	12.2978	3.72876	0	0	0	0	0	0	0	1.62153	8.22926	18.1754	18.8814	13.5172	5.71568	17.6447	13.8848	4.47714	5.35479	3.73332	7.79993	11.4201	9.52952	8.72836	7.54852	0.906625	2.11382	1.6714	1.54906	11.271	23.308	26.1501	34.2053	12.9719	19.6678	16.4051	13.9122	17.9052	16.1067	19.6479	20.877	11.3207	4.9211	6.46061	6.30092	9.52427	9.77856	7.32406	6.00612	3.43659	2.61351	7.11637	13.3899	18.1958	6.23873	3.90032	8.99975	11.1319	9.73497	4.3477	8.39308	19.8217	14.4052	12.878	12.9636	9.38158	6.62091	5.46572	4.61328	3.26562	1.46172	0.769314
3.987	9.38066	8.97926	4.88733	3.81948	1.54892	1.26909	3.98689	5.24384	7.0886	7.0269	3.7328	4.53449	3.22497	4.52738	8.78584	9.34013	9.44306	9.38066	6.15191	2.11363	1.31984	2.36295	4.65175	4.97654	3.6667	1.86627	2.30663	4.93694	7.43422	9.26502	8.68371	6.36158	1.82172	2.92132	5.79398	9.16676	9.29912	6.70031	4.91389	2.02649	0.362652	0	5.88271	5.81899	2.99884	5.86369	7.24382	5.88572	5.5304	6.16525	4.77964	4.26015	3.26542	2.1749	0.543969	0.573383	1.05717	1.05717	1.16088	1.89241	1.64156	2.00203	3.4411	3.69331	3.33978	2.63835	2.54339	2.5944	1.4159	0.924527	1.86627	2.57549	3.49775	3.91672	4.30208	6.6228	12.8482	13.0368	8.49059	7.34094	8.64513	9.60771	3.32987	0.653745	2.83586	5.67505	2.43799	0.810854	2.54341	6.73884	8.49059	8.19188	8.46251	8.34082	7.25499	5.4981	4.41813	4.30208	5.56831	6.94386	7.69949	7.29663	5.39342	3.81937	1.67131	3.46008	4.5776	4.13182	2.18249	1.16088	1.99381	2.94924	2.99884	2.76578	2.32093	1.5383	3.41716	5.79402	6.31832	7.92748	9.71256	10.9321	8.52784	3.98679	2.69358	3.76767	4.43648	7.65178	9.81177	9.95718	8.92992	7.35847	6.57166	7.02722	8.27735	10.5827	10.781	8.37687	3.64417	6.97187	9.72096	8.53572	6.05938	3.03682	3.7328	3.81944	4.43648	7.39316	8.70398	8.45304	9.08706	9.40304	10.3787	10.0516	5.60616	1.64156	0.181328	0	2.61328	4.53449	2.24174	7.25462	9.13373	3.56707	3.62626	18.326	25.4063	16.8511	5.07679	11.1238	16.5813	9.17559	6.52196	18.9634	21.1712	5.20659	21.8819	19.2562	19.2122	13.7128	7.57373	11.2649	17.1844	12.3793	3.64417	0	0	0	1.81268	2.83021	2.20489	0.362652	3.07955	8.41666	16.3435	17.2285	12.9128	5.02538	14.7938	16.634	6.89489	4.92046	1.81273	3.26535	2.76578	4.37358	5.06397	4.77599	1.96065	4.75907	5.5451	3.60822	7.78237	22.1454	26.7999	36.4082	13.6817	23.9846	17.8908	13.6193	15.9135	22.6003	18.0952	15.7821	13.725	4.71766	2.54341	3.12714	6.34369	7.9538	7.90339	6.71507	4.92066	4.40326	6.79364	13.2984	17.7648	9.71269	2.06662	3.2046	4.75907	6.29011	12.0758	3.9704	18.9089	16.4244	14.585	14.1058	10.1776	5.75171	5.26542	6.18361	6.97187	4.58105	1.81268
4.06767	5.6716	6.29942	4.88681	4.34682	3.265	1.67109	3.16325	4.73454	7.97486	9.22275	6.01553	4.04736	0.543911	6.6221	9.84092	8.72671	7.65066	6.6585	5.1398	3.1162	2.51715	2.77136	4.13138	5.09233	4.25969	3.12674	3.84028	6.16441	8.84802	10.3894	9.68551	5.25577	3.96997	4.91994	6.18287	7.30253	6.54106	4.35052	5.32015	3.83606	0.810767	0	5.37474	5.06652	4.96606	5.98343	7.88008	6.561	5.52981	6.00495	4.93992	3.66631	2.81245	1.62128	0.976267	0.573321	1.05706	1.05706	0.405404	1.26896	1.64138	1.71956	2.69341	3.69291	3.63938	2.92101	3.16317	3.32458	2.18214	1.7195	1.86607	2.67511	3.87009	4.04753	3.97013	6.17759	14.2506	14.6051	8.9927	7.41858	9.72305	12.6039	5.27098	0.181308	2.12116	6.68027	3.20425	2.32056	1.92667	4.96615	7.24305	8.07297	8.46162	8.46159	7.66768	5.74009	4.35819	3.97013	4.93648	6.70684	6.47155	6.54106	5.89859	4.06747	2.18218	2.71767	4.22126	4.65125	3.26505	0.653675	1.41582	2.59423	2.99852	2.83568	2.43111	1.84837	0.810802	4.35819	6.31765	7.24963	8.16725	8.2451	7.26935	4.74812	2.94881	2.02621	4.17849	8.32454	9.73309	10.2002	9.38007	7.65722	6.5414	7.26968	8.61668	10.2495	12.1897	13.8439	9.34579	5.78513	8.98753	9.28484	7.42712	3.30494	0.976267	2.94892	3.88698	6.26873	7.86994	8.24549	8.94501	9.40205	10.8218	11.7559	8.43104	3.32951	0.405404	0	1.62121	4.04736	2.92654	6.26077	9.87285	3.09514	2.69344	24.5357	31.0144	15.3216	7.63804	19.7913	14.922	6.36102	10.2797	19.1897	16.8187	7.23402	20.5869	17.675	17.1384	17.2299	10.0631	10.9428	14.5101	8.77218	1.63134	0	0	0	4.04736	2.92105	4.23653	0.810767	4.81623	5.89859	9.54887	16.2289	15.2825	5.37497	9.40498	16.6323	11.3886	4.47615	2.53667	3.96997	2.92664	4.12744	3.89956	1.10271	2.12124	6.58792	5.43807	5.91788	3.98637	20.382	26.5953	35.5726	16.196	22.6911	19.4867	16.5554	11.881	20.933	14.8093	4.71725	13.2532	9.7033	2.12124	2.86441	4.69658	6.90619	7.93492	6.71435	4.92014	5.06343	6.5707	11.4623	15.3884	12.2968	6.21931	1.41574	4.75856	6.2585	16.7534	8.14361	14.9378	16.0155	18.0452	18.5495	11.1644	2.94881	3.62135	5.02485	7.42712	9.4067	4.04736
4.37272	3.4594	2.97068	4.08327	6.47125	9.01153	11.2393	12.0317	11.4169	10.4431	9.62565	7.10532	4.82599	3.41665	8.37323	10.3094	7.89537	7.35674	7.94408	7.82221	6.2811	4.35026	1.28173	2.90387	4.75814	4.75814	4.5229	4.17798	5.37426	8.61553	10.4308	9.80622	2.54289	5.62801	6.1349	5.67394	6.07128	5.09489	2.52344	3.59374	4.40599	2.53644	0.725133	4.86623	3.96962	6.40324	3.98611	5.52921	5.79285	5.14269	5.61375	4.37639	2.36249	1.54862	1.30713	2.35552	2.86418	2.99825	2.86415	1.67098	1.16065	1.4613	1.31962	1.54862	2.56214	2.98721	2.38314	2.51692	3.339	3.07361	2.59389	2.00164	1.71941	2.02603	1.53791	2.12097	6.0713	14.1031	14.102	6.65548	3.07894	7.41761	13.0988	8.99722	5.57905	2.18206	6.38802	4.35757	2.63776	2.24135	1.28173	1.46128	1.41569	2.27045	3.78007	5.43452	4.91965	5.13962	5.13962	3.16296	4.2897	6.57012	6.90529	6.57012	5.52921	3.30459	1.28171	0.256392	2.92627	3.73211	2.86415	2.86418	2.43764	1.46135	0.405368	1.10263	2.00164	3.07894	3.6074	5.39257	7.67319	7.75631	6.44354	5.61359	4.31622	3.48297	7.18222	14.593	16.7737	15.9193	15.58	13.9915	10.3266	7.90186	7.9018	9.1601	10.6473	15.7091	21.7982	18.2053	5.85129	3.0844	8.29876	10.2038	8.66557	3.6614	1.05701	1.86591	3.2092	5.41666	6.56299	6.34004	5.78448	8.06396	10.346	9.84006	6.86559	2.92075	0.725133	0.810695	3.09487	3.73211	5.60495	9.33832	7.76263	4.01878	28.0481	31.8808	9.71068	15.3629	23.1389	6.35004	6.80885	10.4713	17.1701	15.8775	3.22433	18.253	18.3282	17.5553	20.8452	12.5293	5.78454	8.2463	5.6711	1.08763	0	0	0	4.7477	2.67475	5.2706	3.80587	4.10306	4.86961	5.42541	13.1197	12.9965	6.14298	6.69666	16.6309	13.2474	3.96978	6.96136	6.63635	2.97084	0.976179	0.725133	0.976179	6.02855	16.8975	21.6428	24.1602	15.7365	13.3782	25.3847	36.8287	20.0781	21.2337	20.8597	19.0485	9.87687	12.4148	16.0303	16.5981	15.1726	8.65068	1.99342	2.35552	1.16065	2.18206	6.17178	8.21366	5.497	4.40599	7.36545	11.9225	19.7996	16.2178	3.0146	6.85874	8.68401	6.17728	18.1722	15.4456	13.9087	10.6821	19.6113	18.2153	12.3363	21.4941	19.2029	9.82105	6.83022	10.8265	9.44157
9.73136	5.65936	0.747371	3.76678	6.38273	9.29699	12.275	13.9904	14.6229	14.6598	13.0759	10.2092	8.21092	6.42814	10.6504	12.5871	10.3755	9.01741	8.78322	6.73686	4.40574	3.51543	2.89795	5.31606	6.85795	8.92735	11.3707	11.8946	9.02838	4.40193	7.5883	13.0652	12.6218	7.97777	6.96976	6.67674	6.90468	5.52872	3.33883	2.17427	2.46405	2.77081	2.18935	3.32399	2.41713	6.22604	3.27945	4.16203	6.00393	7.33886	9.00543	10.1923	9.76705	8.29815	6.64067	5.76164	5.42219	5.11696	5.01422	4.65042	3.66113	2.86389	2.46415	2.21161	4.22424	4.78842	3.48271	2.066	3.07867	4.28932	4.40193	4.69574	5.17069	5.06587	4.69231	5.88125	8.2979	12.5245	11.8992	6.22599	4.37215	3.6387	11.3403	14.2943	14.2943	11.1041	4.86933	4.6327	1.10254	2.35531	2.02593	1.3195	2.35531	4.22051	4.66796	2.066	3.51543	6.65765	6.64067	5.17694	0.924262	5.65919	7.14542	7.17926	9.11236	8.70344	6.30621	2.90359	1.46119	4.06691	4.96534	4.66796	3.9156	2.92053	2.21172	2.21172	2.5233	5.88114	8.64266	9.45411	9.76695	7.4324	1.70969	6.90731	15.1518	20.8708	25.1447	27.6529	25.7771	23.7153	22.3967	21.1717	17.2656	14.4331	13.4528	12.3764	10.8303	12.6218	21.3886	22.8989	15.4141	7.13412	2.75904	7.64951	11.2741	9.1313	2.59368	1.38032	3.66565	5.62781	6.29857	6.34195	6.48046	8.22621	8.81773	10.1239	11.2991	8.66481	3.62521	0.405349	1.46117	3.89872	6.13436	3.84809	3.97355	8.66473	26.2847	30.702	29.3337	29.4588	23.1807	7.29261	11.7497	7.84799	11.2072	17.348	6.79171	16.965	22.3006	21.6677	25.9327	18.6054	7.34103	5.95789	4.13045	1.67077	0	0	0	3.32892	4.75764	2.53621	3.84809	1.8212	5.09138	7.74733	13.6748	14.0464	13.6126	6.75627	16.5703	13.1931	5.54352	7.26845	6.76344	4.96527	3.12618	1.3195	2.18186	8.76875	19.2445	20.6897	24.4051	29.4542	8.68324	19.455	40.1342	31.8204	18.1005	18.3172	20.7267	15.7938	9.48434	14.6084	15.6273	12.9405	7.66219	5.48761	4.56564	6.18185	5.13916	13.3164	8.72517	9.69533	6.35977	14.3319	14.0377	18.7902	8.45972	8.05331	4.98796	4.65031	4.37981	13.6916	15.3592	11.6413	6.4431	15.4051	18.831	30.7856	30.7751	28.5952	19.3769	9.71002	10.9409	12.4596
7.05415	8.45883	2.81735	2.0657	1.46099	2.51643	2.92571	2.89767	4.37558	7.11553	8.09252	6.93924	5.26358	3.4351	9.4779	11.4591	10.7504	11.609	12.8506	9.17883	2.94804	0.97599	2.52295	7.74839	8.56931	8.16498	10.2281	10.1914	9.42652	5.91641	1.81198	7.73645	11.7886	8.37208	5.44844	5.67003	6.40952	5.0939	2.362	1.86557	2.00127	1.05676	1.55891	1.31938	1.10241	3.98523	2.26991	1.16042	1.67067	2.99771	4.46783	6.56182	7.66566	7.18094	5.74135	3.80525	2.86363	2.5935	2.74088	3.80513	3.83936	3.64295	3.77938	5.17619	6.3181	3.81797	1.95991	1.1605	3.16225	4.77755	5.01348	4.40149	3.8985	4.41647	4.62196	5.25424	6.79102	9.70874	8.90284	5.20439	5.77204	2.18151	4.13419	7.5027	9.76605	11.6252	5.49592	2.92009	0.54376	0.256346	1.46103	1.84787	5.06203	6.90428	7.96102	7.14488	5.81672	2.18158	1.55891	3.6607	4.12611	3.11531	4.86863	3.20862	5.74129	7.44455	7.8472	5.43634	1.53761	1.81205	2.63735	2.20405	1.99304	1.82103	2.04991	3.23909	4.04644	7.32035	8.8186	6.23324	4.43467	1.31938	6.05677	11.9879	15.7583	19.0551	19.5602	16.6682	10.9286	9.88498	10.9354	13.8413	10.6096	6.81981	6.14994	3.96906	0.256328	4.69513	14.4517	17.0751	15.9157	12.5024	5.09095	1.86557	7.2518	9.87173	5.31557	2.61225	2.43031	0.724996	2.71675	5.06507	5.92432	6.76236	5.42435	4.71595	7.60233	10.3243	5.81675	0.747319	0.405312	3.98523	9.97032	6.34905	5.67297	5.31557	18.974	23.6341	25.8678	21.4938	11.7993	14.4183	15.6573	4.88545	6.86882	19.0614	12.8433	11.328	20.5548	21.5611	28.7525	24.4978	5.57774	3.87333	2.86363	1.31933	0	0	0	1.2686	4.00588	5.11969	3.55666	1.1605	2.29159	5.78059	10.8404	10.1028	12.78	5.91623	16.1001	13.8586	3.80504	0.573184	1.10241	4.3754	3.49626	1.89175	3.12594	8.32793	21.9328	31.0189	10.6078	25.2268	21.6224	5.3645	34.1641	33.0574	14.9917	13.0131	19.3542	18.0602	6.13901	1.89167	2.52295	0.181258	3.58419	6.61812	6.75567	5.43657	3.07852	15.4422	13.8037	7.94237	5.31867	18.2442	6.69794	9.77386	15.5607	0.405312	10.2357	7.58756	4.23533	4.86863	5.76356	3.45861	2.63725	5.11321	19.7932	21.6615	14.0181	23.9871	21.8925	7.08587	4.91882	7.35533
11.0412	14.4382	7.07154	2.67399	2.36174	2.94776	3.26378	3.38188	5.52764	7.4674	5.31826	3.81771	2.61215	3.11503	7.54424	8.47886	10.0704	13.3407	17.5667	16.2587	10.7132	7.40928	4.93479	7.46733	7.56973	9.09288	9.8741	5.97823	2.54218	7.35466	6.13846	2.98636	7.00312	10.0596	9.7295	7.66483	5.62653	4.0175	1.54812	0.906129	1.08732	1.78447	3.38197	4.63204	6.42688	7.76044	7.17793	5.62671	4.37895	3.45849	3.33822	3.91483	3.73117	2.90304	1.95961	2.02551	3.03536	3.26389	3.56549	4.52168	4.93807	5.06487	5.57746	8.15056	9.95203	5.66948	5.11914	6.50927	5.97847	5.06154	5.37278	4.23494	2.56141	2.20382	2.46366	4.01758	5.8357	8.58158	7.79307	4.04585	4.73261	3.88536	1.4609	0.906106	3.56535	9.40323	7.26667	1.62067	4.09414	4.7466	4.66705	4.61087	6.69722	5.98374	3.43944	4.86484	7.76015	4.04597	1.89155	1.55867	3.83892	3.03536	2.46356	1.67053	2.90304	5.04217	8.37276	6.53865	3.09934	3.51474	4.13376	4.63551	5.50427	5.86088	5.78297	5.65542	4.91825	7.43067	8.09135	4.63535	3.81764	4.12589	9.49715	13.6129	11.7091	10.7597	8.64294	4.19636	0.92408	4.23875	7.57612	12.1405	10.296	5.98119	4.8651	3.96864	3.32826	5.02596	10.6879	12.687	16.0588	18.2668	16.8994	14.8495	9.66266	5.02274	6.14914	7.13293	6.47934	4.01771	4.70515	5.87999	6.05358	7.1327	6.20406	4.64951	5.31816	9.58989	6.50893	0.768873	0.18124	4.91805	18.2097	22.2827	27.1921	20.6947	5.09038	7.21356	6.61983	5.60056	4.47448	17.8053	18.553	6.16223	9.34088	17.6098	10.8233	9.50377	19.0264	19.6908	26.1654	27.3877	12.7595	2.72259	0.256305	0.405252	0	0	0	0	0	0	0	0	0	2.43009	6.30483	6.84497	13.5279	13.6725	14.0057	12.5356	3.51456	0.18124	0.405252	3.32826	3.81764	2.82885	0.9759	1.21559	12.5307	31.8066	23.5876	20.0406	20.4851	8.123	22.1666	28.8193	25.1479	21.6072	16.401	14.8488	5.73769	4.08211	3.77899	2.94776	2.06554	2.72259	4.19636	4.66705	4.37895	11.6184	15.2543	4.31499	3.47716	17.9502	4.40114	2.31981	11.9504	14.6005	15.0895	10.4297	4.96429	6.10939	8.89503	5.43602	5.2691	7.0534	17.0652	2.94776	13.3825	22.1695	21.7884	9.02441	7.80366	12.2017
11.0502	17.5528	16.7562	12.9841	10.4273	7.56297	5.26863	4.56411	7.81908	10.1705	10.2217	11.4495	10.3927	8.83872	7.94097	4.91761	4.55348	7.46685	13.5178	16.8119	15.281	13.1434	5.33614	2.94744	5.54194	10.584	12.3165	11.4451	5.8354	5.49471	6.53804	6.13262	4.77691	8.98703	10.0211	8.2804	4.47789	0.65337	2.9197	3.32319	3.01347	4.29963	7.38906	10.0273	12.6949	15.0486	15.6809	13.9985	11.698	9.37586	7.27523	5.76001	4.88468	4.31481	3.20294	2.18124	1.67035	1.1022	0.65337	1.67032	2.00089	2.21109	3.48171	7.56713	13.0437	10.8225	3.96813	3.27856	6.06927	7.99152	8.7684	7.86228	6.40869	5.36346	5.49495	6.34784	5.60297	7.20381	7.65962	3.91429	3.22313	2.69207	2.52258	2.30543	2.02529	6.53807	9.06588	5.60297	2.41643	0.747176	1.31908	2.46347	6.16174	7.81931	7.35422	4.16486	3.5696	4.91781	5.57989	4.12946	0.405215	1.55861	2.54195	4.35617	4.47419	5.25321	9.1095	7.40839	3.12529	1.89133	2.99713	4.01727	3.99687	2.59292	1.30664	3.16178	4.35608	8.05113	9.69422	8.88021	8.77938	9.09421	11.456	12.8016	9.71356	8.5678	4.46674	1.70912	2.94749	1.6406	4.34483	11.235	14.9135	12.6767	8.69922	6.35797	6.14056	5.26854	7.43006	10.5604	16.3955	22.4604	26.2208	28.2367	26.6475	18.7558	7.50126	2.2696	8.54586	10.5769	9.75944	7.86228	5.80471	4.37833	5.43553	8.93027	11.6514	14.5659	11.4667	3.12529	0.181224	5.11525	24.329	26.1277	20.9021	27.0744	16.7802	6.90301	12.2122	11.9794	8.82618	19.0694	22.7032	12.4595	12.8606	5.3632	15.3861	21.6104	20.8011	14.1506	16.3734	29.1391	24.4401	10.2584	2.06536	0.181224	0	0	0	0	0	0	0	0	0	1.08722	3.77865	6.21152	11.2045	15.7224	13.31	8.5232	3.16683	0.256282	0.181224	1.64062	2.91965	2.00087	0.81039	1.67035	7.44315	25.3767	28.3392	19.6361	8.86916	9.27347	7.81935	26.615	34.4084	33.7383	26.1156	13.0629	0.256296	6.55797	4.99983	4.88122	5.39063	8.78295	9.24814	6.67506	2.63677	8.37202	13.9033	2.59292	1.78431	12.0999	9.71869	4.23859	8.04545	15.3823	16.6935	12.3855	7.00235	15.8159	17.0369	11.797	9.20657	5.89587	12.9019	15.5782	22.1799	20.7216	17.9583	13.9902	10.5453	7.95529
2.26926	9.10863	13.0287	14.1733	13.0429	11.0955	8.22509	6.8669	10.3045	11.7213	9.16078	8.13166	9.02488	12.1382	11.6682	6.78909	5.26828	5.78184	6.69349	6.81741	7.70071	12.2886	7.02215	3.36688	4.10137	7.64637	9.48198	9.57509	8.50759	5.33566	4.12884	7.24975	4.77619	0.74708	0.405196	1.82048	3.07746	2.67347	2.18104	2.758	2.46321	3.9056	7.40763	7.39692	7.42955	8.02882	9.57045	9.31558	8.25636	6.73932	4.64866	2.2403	1.54789	2.18853	2.81675	3.83836	4.10137	3.59227	3.20265	3.23817	3.23817	2.82834	1.95935	2.57361	9.89454	12.251	9.34084	6.76061	5.87323	6.38007	6.73447	6.17433	4.73202	3.45787	3.83826	4.16436	2.36132	4.98601	7.70887	4.63089	2.82814	1.02491	1.16017	2.18104	2.51587	2.67347	5.82906	7.08859	6.54022	5.57938	4.7866	2.71607	1.70894	4.2226	4.96338	4.80361	2.35442	1.02499	3.71298	5.44689	4.74549	2.02509	5.37175	2.69195	3.83389	4.06515	8.09964	7.14928	5.78155	6.50538	6.63334	7.73426	8.42288	8.05052	5.0895	2.76395	1.84729	4.23412	6.68398	7.13164	5.98012	5.06397	7.42931	7.99433	6.05242	9.34592	8.80906	3.07765	3.32268	0.747105	1.10209	4.12909	9.01423	9.71766	6.65242	6.50519	6.5669	4.63445	4.75581	3.86793	4.37817	7.14302	11.0451	15.2632	19.5636	21.2078	16.0559	9.31517	4.16433	6.6382	6.1324	3.97205	2.02514	2.69191	8.92585	12.9013	14.3556	17.9081	16.8644	5.65408	1.02491	3.51394	24.9056	30.299	9.00187	17.2332	25.6817	10.7443	7.00184	10.3716	10.0964	19.6033	26.1119	17.4515	7.14268	10.9663	18.1392	17.7553	15.2375	6.73457	2.99685	21.7718	26.8561	15.4947	4.21866	0	0	0	0	0	0	0	0	0	0	0	0	0	1.26824	3.83406	5.37206	4.37068	1.82051	0.181206	0	0	2.51571	3.20758	0.905928	2.91932	2.38201	10.8387	14.8099	11.6287	4.77306	6.53735	9.23302	9.5967	12.4018	15.8796	18.4542	13.5334	7.75242	5.89528	2.94719	3.33746	6.13745	7.70091	5.65441	8.13901	7.07019	8.42632	13.5621	8.39584	2.00067	4.17599	10.1244	3.09871	4.46627	4.00457	2.99685	4.9106	14.5444	22.9423	14.3782	11.1627	14.5754	5.33566	12.1337	19.6041	19.6611	15.2404	13.5027	13.372	8.81598	4.22271
1.21524	4.46587	4.2222	7.0401	11.9952	15.4177	13.5141	10.8611	14.3842	17.5619	15.2387	8.107	2.35418	13.8442	20.6144	18.1747	12.0711	8.6405	7.23807	5.96024	6.27733	12.1777	9.20124	1.15999	1.28098	6.17346	7.29108	6.40713	4.96271	1.15999	2.02496	7.04	7.99377	3.33714	0.512453	0.905846	2.99642	3.81655	4.60252	4.9169	4.21848	5.08888	8.13244	7.26461	5.87822	1.30638	4.23754	4.74499	4.63047	4.1245	3.47617	2.21054	1.14581	1.84715	1.54773	1.37965	0.975657	0.512453	1.31886	2.59249	3.09321	3.71258	5.36545	7.50837	8.66069	7.09448	6.3996	8.1306	10.3888	8.76639	4.85676	3.64137	1.92539	2.1883	2.24001	2.18069	0.572942	3.66371	7.35469	5.97922	4.09275	2.56071	3.4575	3.56907	2.56071	2.31902	3.0931	2.43612	2.7158	3.56448	6.05476	8.82466	9.6485	8.67739	6.70995	4.37396	2.00049	1.05636	1.31886	3.41454	4.71405	1.63026	4.99859	0.405136	3.88425	4.61993	7.79291	7.15538	7.42851	6.92693	1.95068	3.61905	7.02187	10.6766	12.0673	11.0439	9.27893	7.0402	4.53479	3.3027	1.46044	0.923797	5.25206	5.41931	3.3027	5.82851	7.87478	5.71086	5.03444	3.23783	3.25789	2.17323	3.84624	7.82577	8.1306	9.35348	8.81003	7.17583	6.49734	4.17565	1.62014	4.35532	7.33535	8.45607	8.29401	12.3825	13.7514	13.597	10.758	5.56406	7.11065	4.97273	1.71837	4.93316	6.93858	5.44629	5.37149	16.8639	20.902	8.69903	3.12474	1.37965	18.393	27.5662	18.9677	13.6753	23.8933	14.8133	3.51356	6.90133	9.86828	22.262	28.9315	19.7601	9.66484	20.4173	15.405	2.4295	4.23373	3.33722	5.78956	17.601	27.311	21.3313	8.53081	2.1883	2.69166	1.82032	0.181188	0	0	0	0	0	0	0	0	0	0	0	0	0	0	0	0.181188	0.57296	4.13242	5.44629	5.17441	4.82336	9.5743	17.1351	19.9823	18.163	12.0095	9.69073	11.8272	12.067	6.67365	1.31882	9.16155	13.8745	13.1964	9.51624	4.60956	3.12474	6.3996	5.89474	0.923797	9.78937	8.18527	6.13142	12.9042	11.7838	4.77258	4.22235	10.8609	8.47672	7.77469	6.30319	3.07202	5.87822	18.4023	25.2883	9.02893	13.9583	18.4186	10.389	15.4171	19.1543	15.2975	12.3543	11.4904	9.09032	5.0213	4.04486
0.543502	3.9711	2.69139	6.10741	10.5813	16.2211	15.6866	10.1741	12.7552	17.5604	18.0335	12.9031	8.78554	11.2722	19.4392	20.4948	14.4332	10.7558	11.6782	9.44843	6.27677	10.9686	8.20597	0.405099	2.18801	5.16748	5.52842	6.65355	5.46057	2.4359	2.90193	5.31325	10.0977	6.62199	0.512407	0.653184	1.64013	2.94676	4.71386	4.86328	4.09261	5.70164	8.13172	8.97168	8.39815	1.30626	5.50491	4.99814	4.63006	4.12413	3.22221	2.46264	1.1457	1.84699	1.66988	1.37953	1.46034	1.53689	2.23981	3.07698	3.33692	3.96716	5.73861	8.1379	7.10094	2.35397	3.44291	6.87286	11.9148	12.1271	6.37877	4.37337	2.02477	2.41574	1.31874	1.41468	0.572891	2.67298	6.3788	7.20177	6.1256	4.12418	3.51342	3.83332	4.12418	4.86302	2.63602	0.181172	2.02477	3.33697	5.91367	8.67847	9.64766	8.52108	6.70936	4.53439	2.00032	0.256222	1.15994	1.9505	2.75736	1.31874	3.7296	2.1805	3.16078	5.36167	8.04276	7.15474	6.92631	7.42786	4.41413	4.3995	6.90105	9.94409	11.9426	11.3163	9.51397	7.3347	4.37357	2.11964	0.405117	1.37948	4.4909	3.91318	2.71556	4.96234	6.13895	5.71035	4.60211	3.69014	3.63662	2.98524	1.3062	5.34963	6.87286	9.16785	8.80925	7.61783	7.81698	6.10716	5.64157	5.78908	7.02127	8.33375	6.35628	5.92158	9.92941	12.409	17.0728	13.277	7.25323	7.87409	4.66507	6.15982	7.65121	6.47678	6.05151	15.8003	23.2225	10.7439	3.44291	2.0003	10.3818	21.3514	19.7328	11.1764	16.9864	15.2889	3.26253	3.26255	6.88472	23.6563	31.3627	18.2387	9.66399	21.1543	10.6844	7.73243	2.91878	3.63666	7.00036	14.1446	25.1931	25.3503	13.1393	3.08228	2.71563	3.72963	0.405099	0	0	0	0	0	0	0	0	0	0	0	0	0	0	0	0.405099	0.923714	5.57805	7.35192	5.46667	4.82293	14.6564	21.3165	20.0943	17.0599	13.0264	13.2068	9.57334	12.0659	11.0368	1.78373	5.65597	11.1214	13.5959	10.6401	4.60915	2.86226	5.93801	7.84343	1.37948	8.04276	7.93872	2.06474	9.48029	11.7828	5.20214	4.53439	8.81467	8.85075	7.29735	5.65331	4.33983	9.39804	19.9827	25.4932	5.43381	18.1796	19.3059	15.2374	17.0136	17.3485	13.9869	12.0341	9.66394	4.57368	1.30626	3.91337
0.543444	4.60846	4.80217	7.81023	6.7779	8.56448	14.1281	7.06582	5.97806	12.2663	15.2473	13.885	14.9025	9.52772	7.85895	14.0022	11.8235	10.6477	14.5962	12.1792	6.81548	10.6623	7.17641	0.256195	2.11934	4.39895	5.80244	8.45988	8.28276	7.02963	7.98842	7.14087	7.52581	6.33499	4.91593	3.84569	2.69113	2.46247	2.59192	0.653113	0.905715	4.86588	7.63156	10.0967	10.9162	5.17659	3.91276	5.42126	5.38824	4.51932	3.3995	3.0338	1.6697	1.63998	1.78361	2.56026	3.56378	4.12385	4.37303	4.16313	3.45675	3.25725	3.89608	5.37015	3.09781	4.37311	4.47614	3.44254	9.6723	12.5458	9.90471	9.5411	7.75058	5.64126	4.23693	3.44254	1.92491	2.56017	4.35423	6.39333	8.67554	9.82652	9.26858	7.5665	5.73795	5.10056	1.81088	0.746863	0.653146	1.41453	3.22186	2.42892	1.53681	2.71534	4.20604	5.49272	4.9978	4.35446	4.62981	4.44693	4.00354	3.66314	3.44254	2.5215	2.94629	5.92095	8.34585	7.3946	6.20879	6.76805	5.2665	4.90916	4.52305	2.92414	1.31857	3.08195	4.69256	6.22203	6.9352	7.26356	7.64448	8.13712	9.08885	8.48262	7.17676	7.25461	6.58242	3.98305	2.36056	2.59192	1.81088	3.26227	2.96855	2.38131	2.4624	6.73713	7.69219	6.78706	8.69545	7.69221	7.19435	5.11325	1.44892	2.82748	5.23894	6.86521	7.5663	7.73161	17.1822	17.0779	3.97085	6.08799	9.20319	10.2175	9.6723	6.40588	4.36919	12.5641	23.6325	13.138	3.72923	2.51499	3.98296	11.8235	13.5519	12.8403	14.0252	12.8362	3.08187	4.43212	7.0205	15.0193	29.6086	28.1622	23.4629	17.567	3.98296	9.66257	2.54093	0.923634	6.73239	7.50657	20.6627	26.3376	16.5925	7.49834	5.43343	6.37812	0.653113	0	0.543444	0.768543	0.543444	0	0	0	0	0	0	0	0	0	0	0	0.653113	1.71803	5.52783	6.92558	2.76311	10.1685	16.3279	17.6272	8.54213	5.03988	7.03856	11.287	6.78955	10.3686	13.6768	5.65537	1.71803	7.21224	12.1158	12.6534	9.02222	4.49066	5.91297	11.0076	10.0549	7.49184	6.37812	0.405056	6.78706	7.49161	6.73256	4.10013	4.29783	5.91297	3.66317	6.51592	14.2086	15.9269	17.2295	20.0771	14.6636	21.9807	18.1046	13.7961	10.1525	6.12495	5.17636	5.10056	1.62994	1.15976	1.70853	4.44693
0.768433	5.2382	6.70054	6.92532	10.1799	7.0496	10.7767	10.147	5.85726	10.629	12.4598	13.0379	17.3158	16.5447	11.1993	8.92031	9.2673	9.72848	14.8094	13.6945	9.70251	11.762	7.49095	1.28061	1.10169	3.03362	5.25082	8.71874	10.7014	10.0305	9.66212	9.42362	5.87686	0.653087	4.85564	6.28353	7.54037	9.51881	11.1659	10.8812	9.69478	6.65257	3.89573	6.64991	10.4344	11.4345	8.04162	6.32435	6.05015	4.44634	3.26189	2.57265	0.653087	2.18014	2.21002	2.18767	0.905634	1.44879	3.51268	4.96147	4.8656	4.78476	5.62333	7.57394	7.01956	7.26289	9.06192	7.76643	5.10971	7.22723	11.2034	13.0557	12.0537	8.60863	5.73468	5.91231	5.10961	3.62243	2.53427	2.29004	7.0496	10.678	12.0332	11.1743	9.14729	6.00748	3.01202	2.18019	2.02438	2.52128	3.71133	3.32144	2.80979	4.06382	5.49234	7.65005	8.7643	8.39697	8.04162	8.18335	8.57715	9.08989	9.08989	7.79112	7.4267	8.45161	10.4341	9.32193	7.12866	6.65225	3.80252	3.81542	4.39863	4.34654	3.07644	1.55786	0.572796	3.41373	6.13	8.06542	9.15768	10.054	11.3526	11.6658	10.7307	10.2829	10.368	9.90385	7.08119	4.12729	4.28622	3.33632	0.809999	1.14548	0.36227	4.57623	8.76399	9.89088	11.8903	10.0536	9.35091	9.10547	8.57715	9.55691	10.7787	10.8221	9.07763	6.05296	10.147	14.9934	12.0881	4.07969	6.61368	14.5993	15.741	8.42684	4.28603	9.40471	22.0237	17.6888	7.69781	3.27698	2.1726	5.96681	12.7469	17.6143	15.3945	8.22215	4.00318	8.01746	3.32649	8.26874	25.0353	35.1562	35.0809	26.9588	19.5924	7.74352	9.33581	12.5194	15.2075	11.1743	11.5314	23.79	23.7275	9.62935	5.52449	8.42875	1.37921	1.81077	4.8656	5.16673	3.62245	0.72451	0	0	0	0	0	0	0	0	0	0	0.653055	1.95849	4.56192	8.45328	13.38	19.1052	22.0233	16.9727	2.69089	8.94196	11.9403	7.66668	4.61862	8.51897	11.7514	8.21218	2.18758	5.31523	9.87833	12.367	12.1149	8.36073	6.39807	10.9285	16.0587	13.992	5.49234	1.53659	6.25229	3.38004	6.90205	8.0988	4.17441	2.06433	16.2289	29.6503	31.5198	23.9853	7.15373	14.7043	25.6672	22.1656	13.2091	12.4598	12.2855	8.27624	6.69343	8.11455	6.90205	7.24741	9.3933	12.672
0.543347	4.93132	8.72495	4.37583	3.22145	6.15836	6.40484	8.92478	6.04961	9.78582	9.56557	7.08515	10.3986	10.7412	8.36575	5.83208	7.09865	7.81463	12.6217	12.4586	9.94401	11.9724	9.15645	3.23647	0	0.18112	0.572745	2.72079	5.0614	5.28714	3.0814	2.36025	4.16237	4.34603	2.30399	2.59154	5.60563	7.73058	9.61706	10.7778	10.7239	8.83936	4.91506	1.81061	2.75668	6.73612	7.73264	6.37727	4.52224	2.67222	2.86132	2.23917	2.28984	3.658	3.97015	4.66398	4.44614	2.75668	0.512288	2.28976	2.98438	3.1599	4.80115	8.96915	11.128	6.04961	4.62898	5.36041	3.97015	0.905506	3.26173	5.59978	6.96384	5.87884	3.32607	6.53433	7.26189	4.06326	1.6196	2.28976	1.41428	1.55772	3.20617	3.96603	4.41309	4.20529	2.83274	1.81065	1.81061	3.07603	4.37583	4.22055	2.83262	1.99972	1.99974	2.86147	4.63246	4.2169	3.56773	3.97015	4.9611	5.75673	6.60337	6.76721	7.87201	8.67402	11.5723	11.191	9.59692	8.70121	3.41326	2.02411	1.55764	2.23917	2.42859	3.58144	3.89552	2.73879	1.86405	2.18739	1.99974	2.06426	3.98234	5.07101	5.25022	5.26564	5.77901	8.98342	10.6722	8.64619	5.95818	6.23132	5.28714	1.21479	1.26764	1.78322	6.35416	9.55068	15.2984	13.8157	9.47762	8.83382	7.59685	6.93397	5.73417	4.46441	3.56773	2.83274	4.16228	7.35855	10.7759	11.1519	4.56151	10.5423	19.2767	12.414	4.09918	5.89252	17.3848	18.4392	9.94558	2.5405	1.92467	1.41428	3.7765	5.87634	5.99883	3.32129	3.41342	8.20397	10.1155	9.40417	7.99305	13.3117	15.4895	22.321	25.7318	10.0296	11.7019	12.6793	11.3132	11.6965	3.01175	11.8687	24.2673	13.374	4.86502	8.0166	2.20971	4.04318	6.58114	4.91501	5.83187	1.61953	0	0	0	0	0	0	0	0	0	0	0.362237	1.62965	4.60764	13.6811	17.6488	14.3295	15.04	10.414	11.3552	11.4331	8.52609	7.41747	6.20008	9.4459	8.92127	8.02457	4.60055	1.61953	5.3692	6.64922	6.77403	6.84026	1.6694	5.20048	6.85227	10.5781	8.81202	2.69051	4.88165	0.653029	1.94994	8.774	6.38202	7.22659	29.0301	32.5031	20.7438	16.8824	16.096	15.5398	12.6709	7.64937	2.9011	14.2184	14.4165	6.29321	5.13775	9.17203	6.0525	7.10123	8.77611	9.96486
0	3.23613	8.8739	7.76451	4.52176	4.88138	5.2652	6.10478	4.09079	8.21059	8.93284	7.46183	10.0769	11.3188	11.7603	11.0104	9.03907	7.9358	11.8163	11.6098	8.42712	10.8915	9.77183	3.84439	0	0	0	0.80984	2.83232	5.35957	3.11264	0.181101	2.26796	4.35309	5.65393	6.46451	7.86105	7.96611	6.50431	5.02237	3.09172	2.71442	3.6621	4.98344	6.38168	6.65127	5.5732	4.86138	5.51186	5.82038	6.45201	7.20601	7.34936	6.53395	6.13405	7.15233	8.98103	9.94499	9.51198	7.13885	3.66212	2.23893	3.7106	9.14504	13.3372	7.81383	3.47467	4.06303	4.78382	4.8912	1.61943	2.51427	5.82572	7.13859	5.60786	7.7708	8.75138	6.16531	1.81037	2.55944	2.91763	2.20947	2.36	4.37559	4.88138	5.20011	4.37179	2.11874	2.80916	4.19309	4.86452	4.04275	2.31791	1.81041	2.23899	2.36	1.54698	0.80984	1.54698	1.78303	3.07577	4.37559	5.08976	4.09896	3.72819	3.91164	8.9399	10.8916	11.9064	11.9064	7.08449	4.57541	2.55944	2.46167	1.86394	2.18724	1.45976	1.81945	4.28538	6.29254	6.99788	7.13435	6.46451	4.51822	3.77598	4.21625	6.22008	10.337	11.0609	9.21238	5.17489	2.73846	6.03017	5.34754	6.81389	7.2615	5.49116	5.8754	14.0545	16.9941	15.2229	11.1382	4.75314	2.94549	1.45974	0.512205	0.809874	2.31803	4.04287	5.78678	8.67301	12.6922	12.1621	3.03293	17.6488	17.9335	9.09306	4.21625	16.8422	18.0996	6.69923	10.4325	11.4038	8.27464	4.87792	3.72394	3.97783	1.2675	2.51427	1.94981	3.72828	3.83603	3.03293	1.84622	3.62172	17.4787	26.2548	24.4757	22.5311	17.6544	12.8843	11.8202	6.42165	2.94549	23.1578	19.4663	10.3113	9.59591	3.55347	6.37379	6.96073	4.23169	6.5015	2.75628	0.362198	0	0	0	0	0	0	0	0	0	0.362198	0.905433	4.96033	20.1806	23.3654	15.7882	8.93284	4.3977	13.7923	12.7209	5.668	5.77856	9.9576	9.90194	7.22583	6.79467	4.77346	1.86385	5.62211	5.45843	5.14032	6.67288	8.29025	9.2316	4.47116	12.3618	17.1567	12.4133	8.31329	3.56276	4.48914	8.93453	16.7589	24.7234	33.12	23.0677	4.72908	17.4355	19.0462	15.9507	4.21625	5.09911	4.60734	16.9088	13.7494	2.63498	3.09172	10.8658	6.99754	4.71201	6.22801	7.51944
0	1.44837	8.87312	11.9868	6.08572	4.88094	4.96013	3.45546	2.04782	5.83073	7.46106	6.78482	8.81059	10.493	11.5463	11.2059	8.26641	6.4037	11.1161	10.8949	6.70822	10.3964	10.0193	3.33519	0	0	0	0.362166	2.11855	5.60721	4.12215	0.404904	0.746601	2.91746	5.06055	6.31249	7.62898	7.9654	6.65069	5.11159	3.09144	1.21455	3.3646	5.17466	6.50124	6.50373	5.274	4.86094	5.41651	5.81986	6.20679	7.13372	7.2697	6.28174	6.29966	7.57001	8.89501	9.89968	9.72129	8.08086	4.55005	1.31811	2.94518	9.14423	14.7809	9.50902	3.63945	4.01427	4.9305	5.91063	2.9838	0.652901	4.16156	6.72989	5.77791	7.77011	9.20303	8.04492	4.35261	1.8461	3.33524	4.48874	4.25436	4.3752	4.88094	5.3107	6.05113	4.81032	4.44508	4.60679	4.2198	2.63475	0.809767	1.49295	1.95802	2.35979	1.81928	0.809767	1.41407	4.01407	5.89963	4.60693	5.08931	4.46351	1.95802	1.49291	6.47368	9.64275	11.9054	11.9054	8.09652	6.19878	4.36756	4.23512	2.35974	2.41458	1.10137	2.1795	4.285	6.02995	6.92336	7.13372	6.25084	4.01427	2.53354	4.21588	9.70624	12.413	8.45675	5.09866	3.03266	1.70789	5.77775	9.70624	7.68958	7.44409	4.51786	1.30557	8.98168	14.199	17.0465	14.3667	6.57986	4.53203	2.20928	0.512159	1.94956	2.91741	3.77575	5.41637	6.75625	10.774	14.6947	7.39186	11.4839	19.9036	14.7424	2.28931	19.3778	17.4074	3.62139	13.3764	13.389	12.4613	4.70113	3.72361	3.09144	1.66903	3.26096	1.94963	3.26112	3.16455	1.66907	1.14515	2.59103	10.1631	20.2332	24.4237	22.2801	17.5084	18.4762	16.4285	7.92485	1.88993	18.2304	18.092	14.0319	12.5889	4.46335	8.05483	6.50097	5.65036	6.00549	3.72344	0.809767	0	0	0	0	0	0	0	0	0	0.809767	1.10135	5.45795	26.1107	28.2375	13.3092	5.49068	7.09727	10.9221	11.0032	8.6739	8.45675	10.0511	8.12817	5.69901	5.21195	3.80144	2.35967	5.62161	3.96918	4.25436	4.88094	8.53939	7.98951	4.47077	19.8165	22.2882	12.2373	9.88042	5.87498	8.27368	8.93374	29.8676	32.9627	27.272	9.87567	9.46907	16.311	13.8897	14.7677	7.20501	2.71425	5.62179	16.4588	12.1252	6.00549	4.3527	10.8648	14.3455	6.85781	5.13377	7.51878
0	0	7.39121	13.3567	8.27893	5.0984	3.12267	1.31795	1.61907	4.52803	5.17397	2.35253	2.43451	2.46133	3.89427	7.59654	8.28298	8.76106	13.1323	12.7442	8.4502	11.9042	9.75076	2.42779	0	0	0	0	1.95775	4.98229	3.89427	2.60968	1.70774	0.404868	1.0242	0.652842	2.18676	3.79689	4.36735	5.419	6.77477	7.89218	7.59471	7.0264	5.82485	3.3643	1.63921	1.8897	3.41245	5.52556	6.88082	7.81283	8.78826	9.5153	7.78823	4.12986	1.37874	1.71723	3.07515	5.41875	4.79979	1.86361	2.35253	8.89376	15.2513	10.508	2.86053	3.08061	4.89037	6.68847	4.92999	2.53332	0.905247	4.74192	5.17089	7.41504	8.97899	8.38014	5.73512	1.79196	2.35946	5.27326	5.11089	1.63921	1.21449	1.95775	5.26404	6.33207	5.95097	5.13629	4.25398	2.3802	1.0242	1.21449	1.15928	1.14505	2.17179	2.63459	2.71408	5.99694	8.5829	6.68864	8.27339	9.99378	9.26604	6.37546	3.08054	5.66415	11.0136	10.924	6.39535	5.85508	5.03094	5.49009	4.46311	3.66147	2.02362	1.92402	2.72001	1.78278	0.362134	1.66892	4.1613	7.76355	9.55506	8.75924	11.7763	12.1331	4.92999	1.63919	1.28015	1.63919	4.20391	11.2875	7.52028	0.974975	6.50316	9.89086	10.1002	8.45036	11.6197	13.7604	10.4605	9.82841	8.68452	7.31305	7.33273	7.49489	7.70354	9.15425	9.31202	10.3384	16.2123	18.1443	3.09116	16.587	20.2481	10.2546	17.7368	16.7132	5.02122	11.5165	6.46307	12.291	6.85018	2.7677	3.03248	4.39699	5.21149	2.41431	0.543191	0	0	0	0.362134	0.974975	1.37869	2.72003	4.89037	6.88527	19.767	19.663	9.77012	2.98353	12.8197	15.0239	17.2524	16.6406	7.21348	9.65821	5.81918	6.34227	6.75565	7.93446	4.17289	0.362134	0	0	0	0	0	0	0	0	1.94939	4.71108	8.44848	24.6432	26.6799	11.0367	12.3213	11.9667	10.0375	9.65816	10.1417	9.26388	4.2155	1.08629	1.53601	3.61648	3.58022	2.2017	6.13269	4.47383	3.32512	2.06359	3.47858	0.572581	4.16109	21.134	22.0486	14.653	11.6416	6.6717	9.75076	8.97899	33.7601	33.2558	14.1987	11.6881	13.3341	14.8556	10.7248	14.8262	10.6428	5.20857	7.02626	13.6506	8.42563	6.46309	4.85357	7.74045	17.5654	9.89992	1.55727	5.73229
0	0	4.68626	10.8296	8.27805	5.99642	5.03688	2.51355	2.60927	5.01747	4.92939	1.66871	1.1591	2.73771	7.78495	13.7456	8.64322	8.76014	13.9221	14.4579	12.7042	15.279	8.53734	1.08617	0	0	0	0	2.71365	3.70954	2.17156	2.6094	2.73768	2.17902	1.02409	0.905174	0.768104	2.83163	4.12155	5.23596	6.53212	7.72758	7.72758	7.59592	6.69028	4.19195	3.32476	4.06167	4.69675	5.60639	6.95444	7.93378	8.96611	9.52094	8.37962	4.60598	1.37859	1.71705	2.83151	4.68626	4.34432	2.35928	1.66871	8.39253	14.7721	11.2476	4.7721	3.55255	5.05944	6.90547	5.55981	3.7749	1.41372	3.26039	5.60329	8.38496	9.47221	7.63767	5.26351	2.06342	0.923087	4.51675	4.86309	1.63904	1.15916	0.746436	3.32476	5.65216	5.95034	5.34602	5.13886	3.03207	1.02409	1.15916	1.21436	1.14493	1.61896	2.42764	2.68959	6.21831	9.72387	8.45511	8.47789	9.85951	10.0304	8.11074	3.08021	2.59044	12.2141	12.3907	5.89022	5.11034	4.12139	4.51686	4.28416	3.66108	2.23835	0.404824	2.06342	2.53948	1.80985	3.03207	5.95583	8.58228	9.5342	8.28791	10.1346	10.7645	3.9808	1.63902	1.28001	2.99412	1.54654	9.25102	9.47396	7.77055	8.47772	9.96593	9.58045	5.95599	4.60581	10.1609	10.3084	9.70471	9.08374	7.44264	7.33195	7.58754	7.63597	8.87182	9.47264	10.0913	13.3649	21.6904	14.071	10.0912	19.0319	14.9146	11.5891	16.242	0.905174	9.02921	2.35232	8.50008	9.9228	3.44056	4.17245	4.39652	6.79275	3.32476	1.21431	0	0	0	0.809608	0.746436	0.57252	2.06345	3.96447	7.28347	20.2095	22.1067	11.9897	2.98321	8.47005	12.1384	18.2398	19.4062	7.55991	9.22879	4.39652	5.28507	5.52497	9.56696	7.96557	0.809608	0	0	0	0	0	0	0	0	3.41192	7.96361	8.99413	15.8982	20.333	11.6869	11.8447	11.9655	7.79553	7.42297	9.6571	8.27787	4.21505	0.809643	0.512059	3.61609	4.59875	1.30537	6.61753	7.25906	3.32476	2.52006	2.99412	1.86332	3.16378	16.1967	15.8837	14.6638	10.9803	4.87999	8.53734	9.47221	30.4671	32.0021	12.6754	12.8187	10.8126	12.4589	8.87145	15.7591	12.4477	5.4985	7.57892	9.38845	3.83059	3.62068	3.32473	3.80069	16.1967	14.6968	3.20482	3.60258
0	0	2.42732	7.51665	8.39209	9.79285	12.1313	13.1232	13.5043	14.1357	13.4637	11.1582	9.16117	8.77383	12.655	20.2032	8.77163	8.52395	18.22	25.3907	28.2712	29.2477	21.7831	7.38127	0	0	0	0	2.7134	3.58862	2.53925	3.41178	3.0958	2.359	0.181033	0.905069	0.905093	1.15905	1.15905	1.08607	0.652682	1.99057	3.2551	5.06857	6.52895	7.23217	8.18842	9.64028	10.6014	10.1402	8.83517	6.7329	5.13538	3.20462	2.51984	6.53397	8.9032	9.6125	9.87139	9.92222	8.49954	6.33105	4.08947	6.64848	13.1945	11.5855	7.38343	5.87621	4.81924	5.16983	4.72722	4.34388	3.1635	2.26721	5.79857	9.53463	10.6951	8.84386	6.35124	3.89365	3.57971	4.53081	4.12889	1.10104	0.51204	0.51204	2.02313	4.6615	5.99569	5.97144	6.99504	6.40189	5.86802	5.62031	4.98158	2.98302	2.37974	3.70941	4.3516	6.17355	8.57191	7.38759	4.21467	3.47337	7.55509	10.6543	9.53321	5.17319	10.2766	12.3186	7.12465	5.734	3.56585	2.51333	1.27988	1.71689	2.06318	2.26721	4.20327	5.82371	5.42986	4.39613	4.71003	4.84595	2.23815	0.543085	6.25905	7.79459	6.81136	8.12393	7.63737	8.4489	8.34083	8.30045	7.4136	10.04	9.08434	3.47319	3.15845	5.2725	5.10697	4.06134	4.95855	6.86066	8.18835	6.16844	3.66073	2.94439	2.55852	4.23414	6.51418	7.63938	9.10039	21.7661	24.0366	7.17648	9.79247	17.4187	3.63383	15.2612	5.2477	4.80895	7.45237	4.19158	12.4095	5.59699	4.51635	3.57971	9.37261	6.82055	2.42732	0	0	0	0.809536	1.61875	2.43416	2.86006	1.0555	4.68584	18.087	24.0708	18.5443	10.9666	7.52115	7.55492	15.9089	15.7145	9.8857	10.6367	8.05292	9.03573	5.73142	10.2107	9.63987	0.905069	0	0	0	0	0	0	0	0	3.23492	8.155	9.56623	14.0283	21.0172	21.9633	19.0516	15.2295	11.0064	7.48704	7.6454	7.51869	4.95847	2.20876	3.11164	4.51646	2.43403	2.42742	4.72722	9.66602	5.26304	4.64411	3.84295	0.746369	3.07991	10.3193	8.36344	5.75677	8.85996	3.98033	8.37851	7.44163	28.3007	30.4938	11.8267	14.0541	11.9064	12.7215	11.2925	16.3175	13.5969	9.05683	14.0252	10.3319	4.9127	3.15847	4.20309	1.14482	14.4472	17.3728	6.40168	3.55214
0	0	1.08597	4.4289	7.48637	9.50764	11.9533	14.1527	15.6061	17.7012	19.5683	19.6481	18.6426	15.5528	16.4528	26.5645	25.3871	16.5624	11.3066	26.689	37.7992	43.2172	43.4909	29.9172	6.13108	0.724031	1.9489	2.1101	0.767925	4.04092	4.51606	3.56569	4.21837	4.86243	3.15817	0.809498	0	0.36203	0.36203	0.922922	1.80953	1.78228	4.2145	6.37111	7.96651	9.08395	9.87052	10.8065	11.9054	12.8501	13.8143	13.3979	11.8911	10.8785	7.46704	3.07957	4.28339	6.88354	9.85778	12.7447	13.9103	12.9698	10.2625	5.73372	8.65235	9.99533	8.45937	8.62702	8.28645	5.73091	3.8342	3.97998	3.36316	0.809463	3.03153	7.72803	10.7468	11.6382	10.5055	8.81643	8.1409	6.95089	4.53052	2.46065	2.04716	1.92357	2.53903	5.01657	7.39994	7.01494	7.68643	6.43383	5.13185	6.12071	7.13556	8.11331	7.04479	2.35884	3.27478	7.55858	8.80719	6.95989	6.21721	6.40132	9.51263	14.0445	15.9527	13.1754	7.7282	8.91976	7.53505	6.92043	4.96788	4.53045	4.84572	5.01681	4.36984	2.98268	6.22502	7.90811	7.6868	7.6868	7.88995	6.46151	3.91002	1.95729	3.32417	6.53339	9.44096	9.79526	9.08398	10.4293	12.7207	12.4078	8.93085	7.03333	7.90172	5.40825	4.7268	3.33407	3.94717	6.60927	13.8854	19.1032	21.1262	18.4671	11.5178	4.68563	1.27974	1.44783	2.17863	2.91632	5.01681	15.8958	25.6687	20.7959	6.01956	14.2953	8.98374	8.64139	14.1015	19.4593	16.678	10.4278	14.4805	11.6381	2.98276	2.76091	5.13795	9.48565	5.47964	0.543036	0	0	0.36203	2.5131	1.21409	1.45908	3.51041	4.46184	8.07763	21.3134	26.6032	24.6313	18.2913	8.30949	11.4917	10.5722	9.85934	10.6945	11.8911	11.2694	7.3478	9.79959	9.5602	3.65585	0	0	0	0	0	0	0	0	1.44783	5.03611	8.91661	13.0731	19.496	24.2084	23.6518	20.0676	16.8806	12.9698	4.26438	6.55279	6.61636	1.79135	2.71323	3.7958	2.02298	2.02304	2.06305	8.28607	8.91458	5.08408	2.67069	10.133	13.5492	6.37874	5.49752	7.38278	11.2788	4.92851	10.2436	5.48863	25.3639	30.6827	23.6539	20.1068	17.5615	18.0767	17.0894	16.085	13.7831	12.9861	15.048	10.147	7.6384	6.28964	3.03162	2.83113	11.2581	16.5832	10.1326	4.96788
0	0	0	0.180997	1.05525	0.572338	0.572356	1.3782	2.51295	4.6955	7.58539	9.39127	10.8038	8.1243	6.84766	16.3821	25.8648	27.7239	26.9659	17.613	15.8426	25.2521	40.8146	40.7687	13.5046	1.61843	2.91597	2.55802	1.95698	2.41341	5.08687	6.76266	6.6257	6.04835	5.03544	1.10084	0.652586	0.904938	0.904938	0.255975	2.20821	2.82491	1.94869	2.92163	3.12145	3.07933	3.25946	3.33363	2.91597	2.96601	5.90793	8.6517	8.13015	8.52222	10.3842	9.33534	5.87228	4.17126	1.55658	3.90122	7.13468	8.36195	7.9213	4.399	4.28275	6.45305	4.34309	3.21927	4.21792	3.81261	2.3517	2.46026	2.63348	2.58978	2.51943	3.47251	5.82793	7.9393	7.382	5.59609	4.66082	3.83392	2.71301	1.80942	1.53549	1.45897	2.51934	5.38365	7.53425	6.94982	8.77719	6.94982	1.71656	1.37815	2.73693	5.78353	8.80626	6.86629	6.76947	8.76813	7.72721	4.88846	5.56981	6.37269	4.51558	5.3295	9.50474	10.3842	5.91621	7.03258	8.5962	8.12398	6.16707	5.95414	5.93252	5.66507	5.27147	7.24827	9.76635	5.09621	3.12145	4.92813	7.42105	7.59387	6.04842	3.25446	1.10084	2.76074	3.03129	2.1176	1.84521	2.98244	4.84521	6.10157	6.63056	5.80872	4.62916	4.44294	6.49786	4.6432	7.91509	13.1156	12.8617	13.9741	15.7938	16.7083	11.9827	7.65438	3.07931	5.24683	5.5234	4.34327	3.58811	5.35653	13.5551	19.0067	17.0096	5.85279	10.113	2.11753	15.3713	20.8172	17.5071	10.7689	10.5738	11.6288	5.80848	4.23331	3.88033	6.95212	7.83595	1.21396	0	0	0	1.62854	2.99339	2.17846	5.30799	5.6622	4.17126	6.25807	15.1726	16.7608	16.9017	8.80615	5.65055	7.2814	6.88244	9.15028	5.79744	14.8861	10.6461	4.48659	8.29868	7.72506	0	0	0	0	0	0	0	0	0	0.180997	1.10084	1.41339	1.41339	3.43015	5.85308	6.59892	6.83588	9.91212	7.1029	4.86173	7.65438	4.07656	3.39659	2.85938	2.06278	4.23309	1.78208	2.3517	9.8629	5.61922	3.96728	15.5896	11.965	14.4363	4.7263	12.6012	14.9503	2.06283	12.3163	3.63316	16.5419	22.3073	17.9753	8.80651	8.0986	9.7392	8.84235	8.16129	9.39085	10.8725	6.10126	9.89608	16.4513	9.38621	8.85824	5.99464	8.84214	15.4374	11.5712	4.23309
0	0	0	0	1.02365	0.511867	0.511867	0	0	0.511867	1.53527	2.04665	4.59703	5.10525	1.02365	4.08809	15.9546	24.0703	30.9038	23.6422	4.08809	6.11919	36.8866	43.7095	16.8965	2.04665	3.06834	2.04665	3.06834	0	0	0	0.511867	4.59703	5.61266	1.02365	0	0	0	0.511867	2.04665	3.5785	1.53527	1.02365	2.04665	2.04665	2.5577	3.06834	2.04665	0.511867	2.04665	5.10525	3.5785	3.5785	7.63273	7.63273	4.08809	4.59703	3.06834	0.511867	3.06834	5.10525	6.11919	3.06834	2.5577	5.61266	3.5785	0.511867	0	1.53527	0	1.53527	1.53527	0.511867	0.511867	2.04665	4.08809	6.11919	5.10525	2.5577	1.02365	0.511867	1.02365	0.511867	0	0.511867	2.5577	5.61266	7.1293	6.11919	8.63597	7.1293	2.04665	2.04665	2.5577	2.5577	6.11919	5.61266	8.13498	10.626	7.1293	2.04665	4.59703	6.62476	4.08809	0.511867	6.11919	7.63273	2.04665	5.10525	8.13498	7.63273	5.61266	5.10525	3.06834	0.511867	0.511867	7.63273	11.6116	5.10525	2.04665	4.08809	5.10525	1.02365	3.5785	4.08809	2.04665	1.02365	1.02365	0.511867	1.02365	2.5577	2.5577	1.53527	0.511867	0.511867	2.04665	3.06834	5.61266	4.59703	8.63597	13.5617	8.13498	4.08809	7.1293	13.5617	11.6116	9.6339	4.59703	0.511867	0	0.511867	0.511867	3.06834	8.13498	15.0038	18.2917	2.04665	8.13498	6.11919	18.2917	8.63597	10.626	12.5904	8.63597	10.1307	9.13563	2.04665	4.08809	5.10525	8.63597	1.53527	0	0	0	0	0.511867	3.06834	7.1293	2.04665	6.62476	1.02365	6.62476	8.63597	15.9546	11.6116	2.04665	7.1293	9.6339	12.1019	4.59703	18.2917	10.1307	1.02365	6.62476	9.6339	0	0	0	0	0	0	0	0	0	0	0	0	0	0	0	1.53527	3.06834	9.13563	9.6339	3.5785	7.1293	4.08809	3.5785	3.06834	0.511867	6.11919	0.511867	3.06834	5.61266	3.06834	7.63273	16.4267	4.59703	16.8965	7.63273	15.9546	15.0038	5.10525	12.5904	3.06834	11.6116	15.4803	13.5617	2.5577	6.11919	7.1293	3.5785	5.10525	8.13498	10.626	5.61266	11.1196	18.7519	3.5785	13.077	7.1293	6.11919	14.5251	11.1196	3.5785
5.16187	4.77012	2.35818	0.180965	1.15856	0.255916	0.746089	0.404636	0.572254	0.746108	0.90473	1.99803	4.88755	6.57555	3.25388	3.82882	13.5898	24.1253	34.9729	32.2444	17.9326	8.47401	31.3705	44.2435	23.3802	1.02356	2.91545	2.55756	2.42641	0	0	0	0.404636	4.60368	5.86552	1.3779	0.767747	0.767747	0.767747	0.572254	1.86246	3.56451	1.94827	1.14436	1.66791	1.66793	2.91545	3.68586	2.89299	1.41314	2.57021	4.60368	3.47659	3.87947	7.2888	7.56475	5.13337	5.38277	4.18995	1.66799	3.0734	4.87748	5.1616	3.43423	2.55756	4.01142	4.15881	3.36238	3.19837	3.33312	2.55761	2.45992	1.10065	0.974454	2.51898	3.4767	4.42755	6.12921	5.01515	2.26626	0.767706	0.572254	1.26655	1.14439	0.746108	0.572235	2.18551	5.40672	7.12198	7.12201	9.38417	7.65303	3.4767	3.60102	4.6285	4.79722	6.33867	6.16072	7.43887	9.75819	7.30854	2.57021	4.09568	5.80745	5.13337	1.71631	4.68409	7.72585	5.34366	3.94604	7.16905	7.653	6.4594	6.24641	4.68759	3.81193	4.11965	8.2973	12.8545	11.353	10.107	9.85972	9.81003	6.68732	4.86102	3.15719	1.2794	2.35823	3.47207	4.85775	6.25706	7.48426	7.51836	5.93146	3.60102	1.84484	2.31617	2.43312	4.64237	6.49693	10.7539	13.8712	9.43795	6.86508	8.99007	15.5423	14.5085	11.5141	6.7801	4.46057	4.99272	4.73942	4.55784	2.9819	6.30802	13.4312	19.1321	8.86772	6.2773	7.63624	15.4184	10.566	9.01093	13.4672	8.76114	9.16596	9.30297	4.23233	5.16811	5.94774	6.2773	2.45985	0.361927	0	0	0	0.404636	2.51889	6.43201	6.06068	6.6679	2.67005	6.37166	10.013	16.4753	13.8441	10.1798	8.38898	9.65275	10.7829	12.7364	18.2483	6.95096	2.99285	8.4153	10.4977	1.86254	0.922677	4.15883	6.39206	4.95679	0.904753	0	0	0	0	0	0	0	0	0	1.21375	2.76606	8.63896	11.4194	1.05511	8.36791	5.79641	4.8776	4.79706	0.255916	7.53292	5.87402	8.15996	1.15856	5.23649	10.0128	17.7346	8.97593	18.556	11.0923	19.2207	15.909	9.39596	13.6164	3.799	10.8607	15.4812	18.3754	14.1211	11.0531	8.31464	4.92726	6.08173	6.55094	9.60848	6.79668	12.884	18.4182	1.7817	11.8559	8.51102	8.2123	13.5527	9.63632	3.55081
15.9598	17.2277	13.8559	5.82092	2.18537	1.30463	1.31706	0.511766	0.652399	1.70658	3.11014	4.47104	6.55055	9.69927	9.2887	6.15235	8.42028	17.9842	33.5047	40.0332	35.849	26.8227	12.8828	40.653	35.2026	5.96057	1.61804	2.10927	1.08555	0	0	0	0.180946	4.05936	6.49597	2.31592	0.511793	0.652399	0.767665	0.652399	1.45851	3.42906	2.71817	2.23707	2.23707	1.94814	2.35791	2.20758	1.81787	1.84468	3.32286	3.90001	4.21664	5.66336	8.29643	8.66568	6.84323	6.39871	4.91014	2.43286	3.55971	6.81744	8.0787	8.13772	6.0012	1.79074	2.23707	3.65899	3.31809	3.27349	1.41299	0.652399	1.45851	2.55729	2.58902	3.07314	3.33268	5.01783	4.4708	1.7065	0.723747	1.14427	2.06227	2.51223	2.35103	2.10927	2.6328	5.08209	6.9016	7.89878	9.80234	8.47287	6.61408	7.16866	8.16901	7.38445	5.66336	6.55767	7.17284	9.30712	7.97911	4.33442	3.81141	3.25846	4.15828	2.82411	2.51871	6.95043	9.09608	7.26417	6.13131	6.00091	6.39105	7.7826	6.02504	2.89832	3.31809	6.76783	13.3519	17.2764	18.1899	18.907	20.1017	19.5833	17.9429	15.3636	11.824	6.95043	3.19786	5.42723	8.38063	12.2282	15.9681	17.2764	16.2204	13.9604	10.7588	7.80141	7.53462	9.64563	12.3669	12.7359	8.38795	5.13282	5.10442	14.0215	17.3684	15.0379	11.8064	5.60293	4.09546	4.97919	5.16756	3.75975	7.89907	17.2654	25.0523	24.8841	6.3177	10.1614	13.748	13.316	6.84541	15.1798	9.16847	7.38624	7.48739	7.25501	4.28153	5.10768	3.37649	2.45956	0.511766	0	0	0	0.180946	1.27928	3.99897	5.88718	4.9268	2.82426	4.62801	9.809	17.0344	19.8873	17.8885	11.897	6.84559	7.34312	16.9526	16.6244	6.21497	8.12761	11.3408	15.0091	4.34937	4.29305	18.2021	19.5519	17.3628	4.77964	0	0	0	0	0	0	0	0	0	0.542823	1.71612	6.30752	13.2692	9.0366	5.59431	5.66317	4.56784	5.16735	1.62808	9.88376	9.4886	9.583	7.23949	5.05655	13.4388	19.7306	12.522	16.9701	18.0701	28.6602	20.6133	19.6445	17.1814	2.20769	9.35307	13.7739	20.4554	21.975	20.0189	17.9565	16.7713	13.0249	4.26271	7.12123	9.05219	13.0242	15.1798	4.95634	10.4713	10.8753	10.8005	11.0332	6.25606	3.2335
13.4165	13.2707	17.2744	9.18329	1.95635	1.37768	2.062	0.404557	1.4584	2.76558	3.2583	3.00858	3.19774	5.42675	9.28771	7.51664	2.02198	1.31694	12.8305	24.1211	26.9712	24.9053	13.6764	29.8437	38.9536	12.8101	0.809073	0	0	0	0	0	0	2.75958	6.74314	3.65849	0.255879	0.404557	0	0.18093	0.745942	2.75958	2.062	1.98943	2.20005	3.03016	3.65864	2.45947	0.904599	0.904552	2.75367	2.91487	2.80658	4.07513	7.41812	8.04804	6.04591	6.55701	5.61682	5.40566	4.52834	6.60618	7.18584	6.33761	5.41175	3.81108	1.45838	1.30445	2.04607	3.40967	1.21356	1.71597	2.71793	1.62793	0.652309	2.51189	2.26581	4.12258	4.68317	2.062	0.922477	1.37763	1.31698	1.66764	1.71597	1.86218	1.99764	3.48996	5.50641	7.0572	7.87977	5.87269	3.79834	3.96189	3.97827	3.55021	1.66764	6.02451	7.43742	9.93374	8.24364	4.18919	3.4525	3.27324	4.07504	3.32257	1.2663	1.95635	4.51396	5.41189	5.42677	4.87664	4.85989	7.41802	6.94724	3.2027	1.88825	2.28735	4.40846	7.25468	8.92662	10.4961	12.6676	13.7859	14.0757	13.9766	13.5898	12.4843	9.00046	5.23224	5.33033	7.20131	9.32708	12.2861	13.5002	14.0282	12.5873	8.62834	5.24485	4.22785	6.72891	7.80652	4.34141	3.43829	2.75971	8.76669	15.1598	14.1998	14.4174	9.4611	1.45838	0.809073	2.45934	9.69155	10.7649	11.1199	14.4065	26.6256	20.3794	8.47213	17.1352	14.1615	7.23885	16.0991	9.01624	6.84483	3.8661	6.16478	9.55568	3.45239	2.31583	1.84451	0.361855	0	0	0	0	0	0	0	0.18093	0.255879	0.404574	2.91491	7.8537	11.0945	10.5776	7.75124	1.81771	8.76669	10.4704	4.9099	9.01624	13.4647	6.34772	17.9478	7.44816	9.4611	24.639	13.7464	24.1855	8.86563	0	0	0	0	0	0	0	0	0	0	0	1.6676	7.83317	10.9161	6.5081	8.07184	7.37928	4.34159	1.31698	10.5358	11.4606	7.28077	10.3135	1.15833	12.2855	21.3865	17.6924	6.7883	10.2056	25.5437	11.2465	23.1699	20.9887	6.00305	4.60286	3.49008	6.57438	9.58072	10.3762	11.9206	13.1218	11.389	9.62632	4.12654	7.68282	7.91814	11.5335	5.52134	9.58043	10.2511	9.64592	8.78115	3.96168	1.99762
9.63372	4.92586	16.1581	14.542	10.1923	7.43712	6.29374	5.60221	5.48558	5.08125	3.2579	0.809001	0.542726	1.31682	7.16483	9.42186	4.60245	1.45823	5.74989	12.6563	18.5977	21.87	20.6837	16.5495	37.5857	23.9584	7.91161	0.904495	0	0	0	0	0	1.80849	6.20064	4.36344	1.41273	1.37756	1.05481	0.57209	0.404521	2.20719	1.71582	4.72426	6.95384	8.35824	8.51839	8.16757	7.44788	5.88614	3.50841	1.98925	1.63779	1.99744	5.48532	7.40875	6.68279	7.89739	7.89739	7.7236	3.81066	1.55586	2.81203	3.4756	4.85948	4.16928	2.7177	3.07266	3.86168	3.11994	1.10033	1.447	1.94772	0.904495	0.652283	1.61768	2.55683	4.39316	5.30554	3.15629	1.54533	1.15823	1.10031	1.10031	0.361823	0.404538	1.63779	3.15629	5.64794	7.63419	8.41293	6.11964	2.55683	1.41273	1.55594	3.07259	2.43255	4.95521	6.85593	10.2042	8.70794	4.33741	3.15629	2.60731	3.75908	3.5498	2.51826	2.51179	3.45226	5.10996	5.90528	5.65956	5.66235	7.02935	6.29349	2.92017	2.0218	3.4709	2.56948	0.904495	1.80854	2.55683	4.39323	5.42629	5.2598	5.30872	8.75328	13.0746	10.7811	7.09963	8.29488	9.77981	7.28704	6.83274	6.84438	8.66593	9.89179	10.4698	11.7774	11.1273	8.37342	5.13191	2.0218	2.75946	5.80605	10.7292	13.1515	11.4947	12.4633	10.0836	6.61291	7.02962	7.48214	11.2395	10.7333	4.52787	7.24512	25.3556	28.7465	4.90947	17.1533	15.8685	7.07723	13.6915	10.2379	8.1261	4.01041	3.61348	8.50863	5.47653	3.07797	2.11662	0.723617	0	0	0	0	0	0	0	1.98925	3.36142	2.80633	0.723617	0.809001	4.62702	8.5088	10.1273	10.1088	11.099	10.2456	2.7177	9.30043	15.8768	5.10996	17.7752	6.77825	21.7722	29.8307	14.5009	29.0021	12.7407	0	0	0	0	0	0	0	0	0	0	0	0.404521	2.92017	6.19295	6.05896	7.0408	4.44089	0	0.361823	10.669	10.01	4.87609	8.11849	8.82942	4.08656	19.7177	23.2399	15.024	11.307	23.0955	3.00831	21.8581	23.4056	15.3693	4.21597	1.14407	3.37589	4.60254	4.80602	6.11978	5.59351	10.7421	13.2311	5.5325	5.20704	7.7401	10.8806	4.4593	9.7748	10.3233	10.4694	8.24292	3.15629	2.41224
7.07638	4.01005	11.7916	14.0738	11.3062	8.24228	6.4944	5.65898	5.56687	6.74908	5.90438	1.30419	0.404495	0.745815	4.64055	9.42087	6.85523	3.21727	3.97728	8.07222	15.1405	19.6564	24.723	1.31668	31.31	30.3724	15.1914	2.02158	0	0	0	0	0	1.30419	5.20332	4.36297	1.45814	1.37741	1.27891	0.922296	0.180894	1.45807	1.71563	6.81536	8.29416	8.60463	8.5175	8.22884	7.65038	6.38952	4.07433	1.41258	2.0616	1.99723	3.19694	5.4936	6.0448	7.07638	8.75243	9.86351	5.05499	1.55569	2.30111	2.0616	4.62653	4.39635	2.41204	2.96432	3.4894	1.86181	1.26606	1.44685	1.49134	1.10019	0.745815	0.72354	2.10867	4.39269	5.53173	4.29169	2.26537	0.404477	0.904398	0.904398	0.361784	0.745796	1.27891	2.53731	4.57013	6.77994	8.85326	7.22644	3.27256	1.45814	1.55577	2.58828	2.45898	2.5179	3.99771	8.85326	9.35871	5.69294	4.29169	3.613	5.0164	4.45866	2.51799	2.58831	3.82745	5.40483	5.84976	5.41381	5.3808	5.99124	4.90874	2.23638	1.781	3.21727	2.5692	0.652213	1.49138	2.10867	3.61319	5.16924	5.40483	5.95078	11.1507	14.9989	11.0258	8.56542	10.5679	11.0076	7.28627	7.33876	7.76413	8.24401	7.83178	9.57239	11.6494	11.2152	7.92707	3.00799	0.745815	2.91996	7.91075	11.255	9.38405	8.07609	9.05478	7.98094	6.49445	7.00144	7.34322	8.5079	9.3028	6.68208	6.30589	21.6213	30.3752	12.3032	10.304	14.8822	6.50922	9.02851	13.1546	10.832	4.51301	2.60716	5.23122	4.18831	3.16123	3.29734	1.61751	0	0	0	0	0	0	0	4.44041	3.65792	4.85899	1.61751	0.361784	2.37795	5.99136	9.07608	9.93223	8.29425	6.77753	2.06168	7.13052	14.5619	6.07949	14.7244	3.21743	30.7126	28.865	19.3593	32.5199	16.5328	0	0	0	0	0	0	0	0	0	0	0	0.180894	1.45811	4.05837	5.88551	4.92868	1.98904	0	0.808914	11.6488	7.76397	2.35719	7.24435	11.0979	8.13111	13.5334	20.3872	18.4921	19.6746	24.5913	4.33693	17.0405	21.3424	19.4464	8.58218	3.71953	3.07233	4.12589	5.00371	6.25452	5.40483	10.7409	12.5614	5.10623	2.91996	13.3214	12.17	7.54919	11.99	13.2193	12.0516	5.95888	1.88794	1.63763
3.75834	2.17701	6.16838	11.1431	12.7783	12.9436	11.2764	8.67004	7.01907	8.79514	9.57947	4.92489	1.88777	0.542619	4.85853	10.409	7.89586	4.90175	2.53708	3.4087	10.1699	14.1236	24.386	15.2566	18.6762	31.1521	24.5277	10.2071	2.1695	0	0	0	0	0.808842	3.82698	4.87194	3.71937	3.10897	3.61287	4.51272	4.60172	3.86519	3.87778	8.34868	8.61824	6.32545	7.05777	8.33378	8.90811	8.85275	7.78202	3.89865	1.45796	1.41238	2.30091	3.70604	4.12141	5.13402	7.9762	11.5545	8.79335	4.76444	3.82711	3.07205	3.5491	3.07721	1.66716	0.973984	0.652122	0	1.31656	1.45796	1.62747	1.81721	2.04559	3.15577	2.96406	2.63174	4.30639	4.73695	3.63076	2.8232	1.92209	1.31656	0.361752	1.1001	0.404458	1.08514	3.25731	5.60096	9.08204	9.36472	6.42907	4.45845	3.45159	3.23229	3.00772	2.51129	1.98886	5.77119	7.95616	7.55496	7.39454	6.68401	7.4096	6.4937	3.89032	3.23229	3.9893	3.97702	2.41182	1.99707	2.9196	4.21107	3.63514	1.98886	2.17703	3.45148	3.61277	2.28677	1.15806	0.652154	0.745729	0.57196	2.02142	4.62612	12.1079	17.7234	14.132	12.0979	12.3285	9.41001	2.3777	5.10869	7.3835	7.24126	3.45148	1.86156	5.30768	11.0085	14.1837	11.8964	7.62037	5.05468	8.13433	8.71344	5.64394	6.39623	7.44606	5.05454	1.70594	3.32175	5.47563	8.10316	8.18129	5.41308	1.15806	16.4338	27.9732	16.5315	5.16559	7.68065	10.6701	1.37724	15.2527	14.7263	5.64394	0.511602	1.84399	7.27909	11.9896	12.825	8.27037	1.84399	0.361752	0	0	0	0	0	7.58644	9.03326	12.1173	9.73456	3.65311	0.542619	0.808842	2.63174	3.63076	3.39449	3.5491	0.745748	3.82698	11.4562	8.97699	10.4299	5.65824	33.3946	22.6228	17.5898	32.909	19.7288	4.1686	1.26594	0	0	0	0	0	0	0	0	0	0	0	0	0	0	0	0	8.99807	18.505	9.04919	3.39435	8.52936	8.22771	14.9886	2.58799	9.63193	17.535	23.9994	24.1588	14.5271	12.1171	14.5141	17.5546	12.4979	6.38872	1.70594	0.511602	2.26517	2.68691	1.81721	7.16563	10.4973	5.25257	4.05787	14.0131	9.59246	9.29863	15.0928	15.9026	11.5692	2.5371	0.361752	0.652154
2.51095	3.47461	1.78075	6.88929	11.1046	14.7419	17.4609	18.4023	18.0401	18.2102	18.8112	17.9127	16.3931	11.9627	8.68194	10.9688	5.61485	3.72327	1.21311	1.05446	7.95743	11.6389	20.6896	22.8363	4.2109	29.3392	36.9283	30.9612	13.7509	0.542571	0	0	0	0.36172	2.02128	4.22627	4.79449	3.6573	4.30622	6.30477	8.26406	9.9052	11.8604	15.2557	16.8623	13.7969	10.1644	11.1479	14.9363	16.757	16.6232	13.4514	9.15264	5.49582	2.18435	2.17681	4.60123	6.29191	8.5809	12.7304	13.1447	9.78703	6.87303	5.1085	3.87743	2.23604	0.571927	0.255769	0.255783	0.723411	1.66695	2.2865	2.91382	3.94391	5.01253	7.16537	10.5562	13.0471	12.9201	10.4669	7.14298	3.65278	2.02128	3.94391	3.32148	3.71903	3.97678	4.08562	4.45803	5.34062	8.08471	9.85085	8.53452	6.84258	5.10532	3.72337	2.19922	1.94723	3.94391	6.30717	5.63494	3.40839	4.21462	6.29191	8.97098	9.86374	8.18077	4.95397	3.65714	3.61236	1.55541	1.55541	2.60657	4.15635	3.50724	1.37711	1.27867	2.35683	3.72337	4.1993	3.97678	3.83953	4.00934	3.72342	2.6067	2.60657	10.2793	19.7017	17.4964	11.3188	9.29603	6.69762	1.55541	5.10508	8.07467	7.83625	2.68667	4.15635	10.5735	11.8914	13.4841	13.7157	10.0638	7.97954	9.59162	8.88376	5.23029	5.40364	7.57116	8.86273	9.00634	7.41565	5.87069	6.01434	3.79677	2.5561	5.00282	13.5453	22.6507	15.978	6.8308	3.29676	12.1263	12.1263	7.18956	16.9865	12.0459	3.86058	2.89134	10.4127	15.3441	18.0375	15.4526	6.16783	2.53685	0.180862	0	0	0	0	7.87685	9.3789	1.80798	7.90938	9.17315	4.36598	0.36172	1.49111	2.91387	3.21686	2.06129	0.652096	2.02128	7.60493	11.8524	8.37106	10.0198	30.5204	19.6785	14.8072	26.8122	20.9432	7.9755	2.35677	0	0	0	0	0	0	0	0.180862	1.63734	3.16066	2.99114	1.26583	0	0	0	0	14.7827	14.3935	7.51166	6.6809	8.98496	7.1001	12.9525	2.56875	5.94437	17.1971	26.6687	30.8787	30.2466	19.9854	12.1352	13.2044	12.3409	7.51166	1.66704	2.80553	3.80969	2.02131	0.36172	3.11911	8.68194	11.024	12.6614	8.66172	5.32553	13.2634	18.9631	16.5347	3.077	10.078	11.7004	7.84675
1.63717	4.00878	4.16774	2.56861	0.652026	2.55588	6.91418	10.5787	12.1873	13.2265	13.6824	14.0111	15.5632	15.019	5.16777	7.91437	2.91342	2.91902	0.922032	0.571866	5.61413	8.0283	12.306	23.7667	17.942	12.1138	26.679	36.2282	24.666	1.21292	0	0	0	0	0	0.542512	2.66812	1.37697	2.26472	3.33078	4.42465	6.72112	8.66836	11.6831	16.747	20.6284	18.0461	7.41453	6.79244	9.52176	12.3063	11.5297	9.3073	6.63935	3.68337	1.80783	3.15513	3.83057	4.36557	7.33653	8.32999	6.34468	4.07317	2.26483	1.9554	2.20643	2.02109	0.973793	0.180842	0.511501	2.42476	3.45073	2.91902	3.68337	3.63005	5.43601	9.28348	12.4209	13.6327	12.3602	10.1298	9.60225	5.61413	3.20126	3.58504	4.52617	4.34703	3.40819	3.09251	3.16018	4.73597	5.84781	4.79382	3.65234	2.97981	3.70531	2.45818	2.26472	5.25753	7.73725	7.90058	6.2734	3.1962	0.571847	4.156	5.94909	7.20001	6.44757	5.08231	4.29049	2.19899	1.80783	2.021	4.09291	3.86424	1.6668	1.0999	0.542512	0.904139	2.02109	2.82265	3.1962	3.58504	4.00891	3.75779	2.45828	6.99909	17.6299	18.0858	14.3493	12.5373	9.90379	4.52599	3.48828	7.90839	9.3897	4.46469	5.01176	11.7315	8.30116	5.59975	9.75169	7.55329	8.08365	11.6029	10.1308	4.52599	2.45816	4.29063	7.33897	7.53037	5.03128	0.404379	3.98848	4.11681	3.45091	4.54399	9.79677	17.1333	13.4934	6.61003	7.97855	3.80935	14.5612	7.20452	11.7999	13.9241	6.19054	0.723333	13.0766	11.4809	13.5808	15.2886	7.16878	4.68093	0.404362	0	0	0	0	4.51172	11.1815	11.8786	4.39144	8.19132	8.68077	0	0	0	0	0	0	0	1.08493	4.4648	5.48344	14.762	25.4317	15.7366	11.973	17.993	19.9123	10.9945	2.45816	0	0	0	0	0	0	0	0.404362	3.32097	3.83057	4.156	2.82828	0	0	0	0	13.6642	14.3505	11.7016	6.3065	5.72823	7.0542	6.76372	5.00208	1.37697	6.84171	16.646	21.1826	23.3982	17.7472	7.90867	11.1352	11.7224	8.98386	3.40819	3.15515	3.43663	2.18412	1.70561	2.19899	4.68093	17.0358	17.1469	3.07145	7.97461	10.6211	16.3765	11.1783	9.69349	16.04	13.1469	10.8981
3.16004	3.79611	3.79182	2.58731	2.02089	2.53638	2.8568	2.18392	2.30025	6.0771	8.55698	8.79831	11.5664	18.1941	18.3541	15.8924	11.5343	8.96762	6.50441	5.37886	7.73041	10.0991	11.0036	19.7714	21.0121	7.91386	10.5641	36.012	33.2378	7.90782	0.904059	0	0	0	0.542464	1.88723	4.33157	4.05686	4.73575	5.90238	6.5068	7.0375	5.98901	4.05669	10.7949	19.9983	22.7197	16.1347	11.1234	6.45478	5.88304	5.76962	7.55281	7.51032	5.98897	4.05686	4.68071	4.45716	4.77659	6.04255	5.56457	3.83857	2.68617	1.9965	0.651968	0.651936	0.973706	1.94685	2.04501	2.26462	3.50667	5.43552	5.65964	5.58785	4.33532	5.96736	8.25433	6.88766	4.16736	5.00184	6.16663	11.4028	9.48751	4.7221	3.47409	3.4316	1.80762	3.33061	6.15625	7.1168	7.93207	8.79637	8.62903	7.95417	7.1168	7.38158	4.69443	3.11844	5.88301	7.25022	5.05311	2.43138	3.72264	3.75746	4.39485	3.97591	5.63086	7.32052	6.78446	4.70467	2.11552	3.65207	5.02442	5.63391	4.51491	2.58731	2.42465	2.96321	3.32082	3.19592	2.94114	2.68628	2.31451	1.53404	0.723269	0.511455	5.55293	14.7526	15.0411	11.2396	10.6362	11.3332	7.67843	1.27842	6.52631	9.37709	5.69082	4.29011	9.99902	7.38142	4.76625	8.76176	7.25022	8.26203	12.8447	10.664	3.71814	2.16888	2.43125	5.72767	8.80729	10.1551	7.45926	2.56838	1.31619	1.0998	2.26452	7.16815	15.9906	15.3145	7.37285	8.79267	9.49758	4.46786	11.7716	9.21784	10.3969	6.92251	2.34947	16.4464	13.2606	15.4638	14.5462	6.69873	5.76962	3.08703	1.45757	0.180826	0	0	0	0.808611	5.42349	9.52238	8.55698	8.42962	0	0	0	0	0	0	0	0	0	2.02082	14.1282	23.072	15.4696	9.8747	19.6104	22.4686	11.4	1.92144	0	0	0	0	0	0	0	1.49078	8.6233	11.4004	11.8162	7.89363	0.904059	0	0	0	7.63677	9.15931	7.95621	4.55436	1.7804	0.404343	2.17634	3.65201	5.99996	7.25942	3.99634	9.0059	19.1864	15.2318	4.88382	12.4736	10.9881	6.88771	2.02085	2.8568	3.83023	3.3598	3.86409	3.16004	5.42352	17.4767	18.9238	7.08075	12.0012	11.6128	14.4979	6.68194	15.7565	17.1024	10.5849	11.8514
5.32401	5.12906	4.7043	3.23089	2.80462	2.85653	1.66657	0.542411	0.808526	2.52968	5.00139	6.99822	9.60088	15.09	18.774	18.3921	16.8977	15.9485	15.4843	15.7213	15.7671	15.2515	14.77	14.5718	14.0336	10.1722	1.88706	28.4863	38.5545	27.6412	14.7661	5.30567	0.90397	0	0.767034	2.51019	4.79289	4.21347	5.05291	7.00734	8.76864	11.0439	12.4433	7.48221	3.97537	14.7697	21.0623	20.3413	17.3108	11.5333	6.94534	4.73531	6.77674	8.23816	4.28967	1.45743	3.77003	3.79583	3.80858	3.9958	3.7221	2.85638	1.81649	2.19853	1.26546	1.9881	2.99029	4.08445	4.22894	3.06561	2.63082	3.61588	4.42371	4.85668	4.18633	7.32196	8.90609	8.43818	5.44962	1.92137	5.30567	11.1345	10.2521	5.13225	3.33025	3.89705	5.22871	4.33488	5.20117	7.32235	9.22738	11.8075	13.4296	14.1276	14.9481	15.7819	12.6012	10.1728	8.92607	6.50357	4.62076	1.09967	1.41183	1.3161	3.6159	3.25614	1.95492	5.435	9.53644	9.71143	6.89653	5.42297	3.46886	2.85638	2.45768	2.45771	4.03637	4.22894	3.0709	1.95505	1.54449	0.973617	0.973617	1.0997	0.571762	0.767034	4.51073	12.8351	14.8753	11.9278	11.2704	13.0895	10.7359	3.08675	3.61127	7.93719	9.48194	8.75962	7.27386	5.014	2.58696	6.82856	8.96653	11.0717	15.7204	12.9629	4.76233	3.42645	4.87342	7.6026	3.70485	4.61025	5.35996	4.92613	5.20117	6.21039	4.0924	2.45784	16.8967	27.8524	23.2378	13.9026	13.4746	9.55932	9.40354	14.7602	5.44998	8.51359	13.9125	20.7316	13.8457	19.7921	14.8592	8.58777	12.5135	11.4631	6.8592	2.02069	0.571762	0.180808	0	0.361613	2.73409	6.68881	7.18786	3.79145	0	0	0	0	0	0	0	0	0	1.27825	13.1786	27.8968	28.6041	19.9162	29.2131	28.8275	9.84607	1.55494	0	0	0	0	0	0	0	4.05629	13.0649	12.6397	14.0932	16.671	10.4639	3.97143	0	0	3.43126	7.16331	7.626	5.42319	3.82986	2.56815	1.71483	2.94081	11.3421	14.991	14.7602	10.4534	12.6333	15.948	15.4066	16.8852	12.3491	7.23448	4.12397	3.85946	3.54785	3.07622	3.3595	2.96295	4.89994	14.0254	21.3767	19.3255	17.0887	15.4139	12.6337	2.82214	16.7644	16.1607	5.69863	10.0751
3.0758	3.95867	4.98767	5.35044	5.51401	4.76213	4.43807	3.09166	1.5548	1.99611	2.29992	2.06048	1.27818	0.745389	0.723127	3.2156	5.74632	7.37819	9.25891	10.6888	10.0975	9.07788	10.8132	11.7968	10.2512	7.18676	5.42244	11.3528	28.0094	28.6068	21.2092	10.0738	2.02043	0	0.542358	2.98985	5.44913	3.58383	0.921788	1.86075	3.00628	5.32647	8.93393	9.3198	3.44986	7.62897	11.7704	12.1366	11.5638	7.55768	5.12547	7.74141	10.8951	9.97387	5.10651	4.18593	3.15413	1.14325	1.84306	3.15416	3.65571	3.15927	1.27814	2.0604	0.571684	2.85615	2.70985	2.42417	2.45756	1.88681	2.02043	3.5474	4.28927	3.88831	3.00613	5.80187	7.44901	9.35346	8.35996	3.79537	0.921769	8.2238	9.07235	4.46699	1.86066	3.97502	6.75465	3.72177	0.723127	1.31593	2.2058	4.20925	6.20969	7.16031	8.75871	13.1477	10.9179	8.52572	7.80098	4.33832	1.21258	3.10748	3.40722	3.27073	4.03584	1.53366	0.903858	2.0605	6.14712	9.14197	8.79099	8.45259	6.83978	5.24075	3.97511	4.20905	4.70375	1.49053	2.70978	1.37663	1.99611	1.86075	1.41178	0.745389	0.255669	0.921769	3.20025	10.4744	13.7971	11.2555	10.3361	12.0538	10.2388	4.54269	1.78921	2.41066	5.74911	6.49326	4.30453	1.7146	0.542358	3.94236	7.71866	10.7439	17.927	16.669	7.18676	4.59221	3.50604	9.85843	12.3182	9.92356	7.24026	7.68329	5.20366	5.40176	5.30213	8.54761	15.0149	22.9327	28.9011	12.6384	7.21357	16.5107	13.7981	7.12674	14.4795	11.8866	11.8559	15.3312	8.38086	21.3741	13.8931	7.01572	9.44105	11.9836	9.74421	3.20025	0.921769	0.404246	0	0	0	0	0	0	0	0	0	0	0	0	0	0	0	2.02043	19.3053	36.2906	29.3059	10.8149	33.3393	33.1812	8.76007	1.15744	0	0	0	0	0	0	0	6.30199	12.4612	10.7203	2.58683	12.4665	14.3192	8.82315	0	0	0	0	1.15744	3.35897	2.58675	2.17603	1.88686	5.8654	12.9618	8.69511	11.6429	8.07187	4.52131	13.651	11.8481	10.0599	6.71906	4.43807	2.75759	1.77998	1.53366	0.361578	0.723127	0.404246	1.45728	5.94469	11.5494	13.3432	10.2759	9.45408	5.92559	3.65569	14.6767	13.6395	7.89239	16.0792
2.53563	4.51364	7.05143	9.10663	10.0029	7.33396	1.70497	2.7156	3.79074	3.63307	2.3557	3.87557	4.03565	3.31496	3.15395	3.25046	1.80715	1.15734	2.2349	2.7096	2.41045	3.15899	7.92152	10.0025	7.17949	4.68268	4.68268	2.18321	16.5272	27.6437	31.4618	27.4981	18.4555	6.83682	0	2.02025	5.40106	4.73425	2.23496	1.45717	0.808415	0.361545	3.31481	9.00337	4.98723	6.41017	10.0588	10.7962	10.394	6.36993	0	4.7205	6.75405	4.61994	1.54414	3.79494	3.79501	3.75639	4.51016	6.44549	9.31243	10.5615	9.53816	8.9031	6.73775	4.45589	1.88669	0.40421	1.54414	2.45724	2.85587	4.27749	5.55143	6.34232	6.38534	6.71856	6.14652	6.94135	6.24248	4.68281	5.61234	7.47624	8.51153	5.10579	2.51624	4.79203	6.05407	2.56751	1.05395	0.571633	0.542309	0.511309	2.31373	1.80711	1.80715	10.026	7.92152	3.11761	3.07561	1.63655	1.70497	3.75639	4.48132	3.88811	4.22409	2.63024	2.19816	2.55487	1.8429	4.92195	6.8109	7.93573	7.55705	6.84621	5.80979	6.2989	5.98719	3.31973	7.92168	8.61382	9.07202	8.38042	7.91185	7.25737	7.12611	8.36714	9.49347	10.3717	11.4875	10.1225	10.3049	12.5862	10.5136	4.86917	3.63323	1.61651	1.62654	2.35575	1.55474	0.571633	1.55467	1.09949	3.25046	6.98515	16.7617	18.9248	13.5248	10.4079	7.15946	2.75722	4.05573	6.11258	7.716	8.50247	6.09406	5.32298	5.8651	13.0439	20.4422	6.71846	29.8282	18.1857	7.92965	15.7363	17.5403	6.84621	15.4634	15.2404	6.39292	11.7683	11.9208	18.3793	12.7036	4.11906	0.766898	9.59872	13.8301	10.1275	7.16193	4.7344	1.81617	0.180775	0	0	0	0	0	0	0	0	0	0	0	0	0	2.2055	19.781	35.9045	28.1963	8.8317	32.8468	32.784	10.5552	1.94622	0	0	0	0	0	0	0.180775	10.6288	12.7242	4.80211	6.1545	5.59782	13.6946	11.1072	0	0	0	0	0.80838	2.63024	2.68549	2.81002	3.15395	7.63461	13.2592	8.48191	4.73445	6.69442	9.40463	4.4047	6.82754	5.77646	5.69766	2.82734	3.94201	2.82159	1.84293	0.903824	2.34872	2.68552	2.11492	2.23496	3.82914	4.68281	5.35326	5.94686	2.82722	3.21515	12.2125	9.00864	3.40692	19.576
1.77973	3.47278	5.88929	8.23619	10.1451	10.1186	5.48058	1.78889	3.97437	6.34146	4.92473	3.7213	4.22385	3.59691	3.29491	3.62829	3.08572	2.4303	2.91763	3.29484	2.1831	1.27792	5.23961	9.76648	8.11326	4.6822	4.6822	4.15392	10.0584	22.9055	30.308	29.5564	26.5161	15.0058	0	0.903712	4.45527	4.96075	2.37615	1.81599	1.08441	0.36151	1.66601	9.49367	6.75334	5.90805	9.81135	11.0401	10.8855	6.87332	0	4.97371	7.0049	4.61945	1.31568	2.8556	2.85572	3.7038	4.46643	6.67974	9.00128	10.7479	9.64232	9.35208	7.62789	4.15419	2.17557	0.903681	1.31568	2.20526	3.35832	5.25499	7.57509	7.56681	6.38475	6.15913	4.92163	4.28842	3.31938	4.09123	5.61184	5.30416	6.05343	5.10524	3.96199	5.25502	4.5984	1.5545	1.05384	0.571574	0.404191	0.511264	1.80691	2.31349	3.08572	9.5367	8.16596	2.56742	3.15886	2.41014	3.59676	4.16584	4.46643	3.61048	2.91209	3.08572	1.94612	2.55463	1.14308	2.3761	5.40959	7.19228	7.55632	7.55627	7.50528	8.26462	6.74383	6.24182	11.8882	9.06418	9.0083	8.37968	7.97529	7.3356	7.16132	8.83091	9.55214	8.23619	7.55825	8.12886	9.5647	14.516	12.9346	5.43338	3.46811	3.88756	3.63269	2.35554	1.99574	1.5545	1.5545	2.1147	2.42374	5.77585	13.5243	16.7707	14.5041	12.7026	11.4106	7.02317	4.1969	6.4399	7.87881	7.55857	5.80109	5.3225	6.16429	14.9062	23.7299	4.09123	26.6038	21.6336	12.6444	12.9205	15.335	9.98122	9.62209	12.7264	6.59998	9.51739	12.988	11.1759	11.9707	2.02007	5.3524	5.80113	13.1453	11.3293	7.97117	6.89445	3.72107	0.404168	0	0	0	0	0	0	0	0	0	0	0	0	0	1.45695	13.8742	29.4322	31.4596	9.47257	29.2884	29.8042	13.3923	3.40639	0	0	0	0	0	0	0.404168	16.2441	12.7229	6.30077	5.62906	4.36362	11.9965	11.1061	0	0	0	0	0.36151	1.49025	2.45714	2.80977	3.29491	7.87231	9.62549	8.17604	6.14598	3.71669	11.866	5.7759	7.33328	4.5205	4.81179	2.70943	3.82457	3.08587	1.53347	0.973339	5.55076	2.70943	5.80074	2.02015	3.54684	4.15419	5.44843	4.15419	0.903743	1.45695	11.2422	9.24985	3.76895	16.9591
2.20517	2.55442	2.26353	1.54384	4.81134	10.3923	12.0522	10.8579	8.90141	8.25831	5.94022	2.60493	4.20805	5.89963	6.59929	6.59922	5.94572	4.87155	4.51274	4.16533	2.42348	1.70463	3.72073	8.42562	8.58421	7.23822	7.75564	9.6931	7.92014	3.96163	14.8298	23.225	34.388	25.2809	0.180739	0.404148	2.82089	4.35925	2.58601	1.95419	1.15711	0.571521	0.542203	9.17881	7.97405	4.71958	8.90097	10.6312	11.8872	9.25595	2.71509	3.72073	7.41039	6.51836	2.43021	1.71411	0.404131	0.651622	0.745157	2.82089	1.4901	3.90385	2.20506	3.94113	5.78928	6.6381	7.8861	8.26429	7.48996	6.20793	5.86395	7.5809	10.5488	8.90105	3.76846	2.91176	2.01985	2.6666	2.17529	1.61619	3.06441	3.76857	5.69655	5.72192	5.15519	5.8802	4.62258	3.08555	3.0697	2.96179	2.93972	2.56714	2.76267	3.4347	4.51276	9.57053	9.45143	5.55055	4.21192	2.17534	3.61001	5.63988	5.98635	5.30067	4.38902	4.16528	0.571521	2.29927	5.35221	7.58316	7.7145	6.11393	4.42204	5.09845	8.37836	9.9487	6.48862	6.69553	12.5656	6.48136	3.9741	2.70914	0.25561	2.80947	5.23936	6.74347	6.94257	8.42598	9.84764	8.67615	7.24681	13.6533	13.873	7.38893	4.55217	5.51244	5.42092	3.15852	4.19646	5.23936	5.40023	5.42107	4.11452	3.61001	8.37836	11.5605	12.0583	13.0987	14.7682	10.8446	5.12708	4.87153	4.16533	3.72076	2.56701	1.77954	4.70251	16.3881	25.4673	3.72073	21.9999	21.8322	16.7793	12.9193	10.943	9.00691	4.85482	11.1079	4.60874	5.30067	5.27607	8.965	9.70753	2.26353	7.79864	9.13787	7.02271	6.74323	4.85485	7.42336	7.42336	2.73299	0	0	0	0	0	0	0	0	0	0	0	1.44561	2.45688	1.55444	7.8716	21.8342	32.7094	14.7218	24.0529	26.2032	16.4531	8.11878	12.3148	11.0972	5.33702	1.08431	0	0	0.511182	16.5829	11.8443	10.6239	5.07642	8.71638	11.7621	8.82067	0	0	0	0	0	0	0	0	1.61612	6.4315	8.1499	9.13777	9.3155	5.19914	12.1522	6.1452	5.85824	2.51584	5.25454	2.6666	2.91747	3.76857	3.50504	2.98912	6.80958	4.22341	5.35796	2.91176	1.70463	3.21468	3.39189	2.85542	2.80363	2.42348	10.3332	9.47796	4.03482	13.9748
1.08421	0.766679	1.48997	1.66576	0.808149	4.85454	9.92302	11.4741	10.2599	7.55718	4.38863	2.45664	3.00515	4.3367	6.34064	9.13707	11.2518	12.1226	12.5736	12.4228	11.3438	10.0876	10.0002	12.1592	14.0269	14.988	16.0605	18.1406	18.8015	14.3313	5.42061	8.97824	36.4512	33.5193	1.31547	4.77388	4.73311	0.361442	4.68134	3.58249	2.53493	2.82654	3.1941	8.65695	9.86729	6.05261	6.52262	7.43975	9.93685	10.1244	6.21752	1.95411	6.83489	7.93349	4.16499	1.0537	0.361442	0.745091	0.973114	1.62607	2.42999	2.53491	1.15701	2.28482	4.51962	5.86353	7.38844	8.50956	8.82027	9.60777	11.2408	14.2988	18.4306	18.4981	12.4264	7.95161	4.42174	4.16504	5.16119	3.59622	1.8861	1.66574	5.83304	7.27048	7.12384	8.26703	7.04922	4.986	5.55006	5.98582	6.49085	6.40869	6.29741	6.60601	7.40137	10.9424	11.9175	9.88028	8.96258	7.18444	4.03451	0.903566	0.651596	1.21218	3.65435	4.56224	2.71485	2.45656	2.9115	4.33286	4.92404	5.16123	4.68841	5.05035	10.878	11.2335	4.59762	6.11052	10.4943	3.8743	2.7089	3.25459	3.11667	3.31387	4.69178	5.41756	5.76642	6.30237	5.80822	3.44857	2.42316	10.4108	14.5057	13.5078	12.0052	9.55031	7.62645	6.14495	7.37546	8.90597	9.3991	9.29455	8.71561	7.38844	5.40858	6.76166	10.6143	13.8219	17.787	14.8759	8.74452	7.56548	5.76644	5.2756	4.59762	1.88615	2.45654	16.9911	25.4106	6.59843	18.5794	24.2356	24.391	17.8349	8.20348	4.09021	0.921424	10.7298	12.1109	1.21218	3.15298	5.19842	5.96397	4.00614	7.73241	13.1433	12.1492	6.03931	2.80331	3.60959	7.27915	4.65355	0	0	0	0	0	0	0	0	0	0	0	3.39145	8.14919	14.5729	15.0554	6.63719	29.3538	24.5904	9.73733	23.4503	25.499	14.8442	21.7471	25.1869	21.999	12.467	4.16499	0.361442	0.404095	10.6259	14.2239	13.2641	10.3569	10.4112	8.90237	3.96955	0	0	0	0	0	0	0	0	0.722856	3.50468	6.69525	10.1787	12.6026	11.1494	10.7225	6.18648	7.23739	4.90427	6.46085	4.9501	3.2144	4.20768	4.76038	5.16438	7.24645	8.9784	6.40869	5.22644	4.52319	5.155	4.73311	4.76376	4.83789	3.99407	9.12463	9.72616	4.22691	11.1337
2.96126	3.43406	2.3478	1.44534	2.82053	3.15275	0.973061	2.10636	1.84223	1.6159	0.722785	0.973013	1.4566	1.66558	1.27753	3.19381	6.60542	8.52182	9.68837	10.0071	9.37644	8.67475	8.66741	9.23408	9.24777	9.00574	9.70137	11.9062	14.2722	14.6462	12.9483	10.9032	34.6199	34.9321	1.6359	8.17347	5.42012	5.99294	6.04904	5.76567	2.91126	2.93913	2.80897	6.42283	7.91867	5.47938	5.2383	6.0915	7.5243	8.37295	8.2565	3.10583	4.20704	6.69182	4.40276	0.808064	0.404052	0.571435	1.27756	0.903485	1.21206	0.973061	0.361407	0.404052	0.651494	0.651537	1.05353	1.55406	2.23404	3.75498	6.38301	8.54414	12.8571	17.6038	13.8902	10.0676	4.89708	3.00488	4.73262	5.54946	5.2383	2.53468	2.58549	6.0915	6.72061	10.0783	10.6569	4.92003	2.85491	3.15796	3.58236	3.9611	4.12162	4.12162	4.12162	7.12313	7.88839	4.79039	4.92032	6.15219	6.94596	6.45055	5.44689	4.27608	2.71458	2.93899	2.19733	3.94052	5.96626	6.30174	4.15286	3.21389	2.89446	5.23825	12.1094	9.38264	1.63593	8.89926	11.6529	3.71585	1.48983	0.808064	3.42449	5.32372	4.59709	3.48562	4.28723	5.43184	5.1607	4.36237	3.50441	6.33982	9.18073	8.58282	8.17383	6.24819	4.28741	3.50435	3.82349	3.95702	4.81057	4.98553	4.76333	4.8708	3.97339	2.91126	5.4049	7.78061	14.7826	14.0966	6.89244	6.68468	5.32067	4.51894	4.03397	3.55502	3.82349	16.7137	25.1432	11.17	13.3616	23.5206	30.6006	23.2942	6.38264	2.45644	5.29944	8.52182	17.3703	13.1438	4.84417	10.8326	7.40027	4.8505	6.48736	5.51155	8.45448	6.84838	4.12162	4.94972	6.60022	4.55106	0	0	0	0	0	0	0	0	0	0	0	4.46485	13.409	17.0411	17.3741	14.6704	14.2377	25.4918	9.06806	14.8876	27.1622	6.99427	19.3468	15.6797	22.3035	18.0565	8.5954	0.808064	0.180705	3.43406	7.15926	8.04653	5.48815	2.17495	0.180705	0	0	0	0	0	0	0	0	0	0	0	0	2.55385	5.80767	6.43808	5.80767	4.03397	4.88061	6.84848	6.2068	3.26914	0.511118	0.80811	1.30291	2.26313	3.15796	4.92032	6.29684	4.75992	3.43406	1.95394	1.53303	2.10649	3.06906	3.31844	6.7348	8.50825	1.45657	3.94052
0.571376	2.05925	3.8273	4.39149	4.30208	3.99329	1.95373	2.20443	0.744945	0.511036	1.14264	1.61573	1.02199	3.25398	5.58657	5.4699	3.70235	2.58536	2.34759	2.82586	3.43372	4.39149	5.6411	6.9406	8.26578	9.49065	10.2656	10.7872	11.543	12.1808	11.3361	9.37042	28.1465	32.3493	3.25391	8.3628	4.90331	7.3996	6.29843	7.50451	3.8861	4.16418	4.80005	7.50269	9.51375	9.63212	9.34014	8.62251	7.36734	6.19818	7.03196	4.87015	3.64922	5.99508	4.47893	1.09896	2.40929	3.50404	4.50799	4.84366	4.87029	4.97212	5.09728	5.12256	4.90337	4.71849	5.44631	5.89796	5.40469	5.19766	5.32043	5.63828	6.48692	11.5933	11.5574	12.6316	10.1921	8.49861	9.5155	11.2318	12.5712	12.2551	8.36316	5.25318	5.23765	9.12105	11.1814	6.65525	2.93878	1.45641	0.807991	1.14264	2.28437	3.22889	4.11727	7.02072	8.30197	5.37469	3.44789	2.74999	2.60406	2.10617	1.70406	1.8596	1.63576	3.4337	3.79328	4.60743	5.09718	5.51088	4.11318	4.20666	2.82008	4.00529	10.8443	8.43267	2.0593	9.9915	11.6039	0.180687	1.63576	2.05933	3.07404	4.45357	3.7544	3.2489	4.34323	5.12553	3.47132	2.51512	3.15762	5.23778	7.56401	8.50784	9.08331	7.79041	5.15399	2.98827	1.63575	0.255537	2.05925	3.15243	4.00549	4.25665	3.71546	2.17478	2.93873	5.16002	12.5658	14.396	12.5382	13.6833	12.8843	10.3428	6.51659	3.55464	3.59551	15.5489	24.1636	12.6976	8.57242	22.1661	28.9312	26.6302	25.2297	18.8745	13.137	9.76288	7.9479	18.8178	12.6317	7.2822	7.7799	7.67895	8.55579	6.36689	3.71529	5.40741	2.8942	3.80599	4.45359	3.00442	0	0	0	0	0	0	0	0	0	0	0	3.90274	14.9895	18.2492	5.98453	19.6847	10.3308	19.1584	26.6335	14.144	24.879	6.16186	20.4542	9.01884	14.0761	17.8998	13.3388	5.12563	1.66541	0.361371	0	0	0	0	0	0	0	0	0	0	0	0	0	0	0	0	0	0.404015	1.71362	2.35457	2.35457	2.01927	0.807991	1.084	1.084	0.807991	0	0	0	0	0.404015	0.255537	1.31518	1.02204	1.61566	0	0	0	2.31262	3.31322	5.87856	8.66068	3.2489	2.19711
0.921161	1.27734	3.15734	4.28659	4.25627	3.58166	2.89392	3.46627	0.972837	0.51099	1.84185	1.61559	4.08111	5.07443	5.39822	6.00815	3.95622	2.45596	0.972873	1.2645	2.66572	4.00513	5.32298	6.36159	7.88725	9.38308	10.1913	10.9693	11.542	11.7947	11.6737	10.1912	19.452	29.7432	9.78769	5.07443	4.40219	4.56095	5.5482	9.25242	5.8064	5.07443	5.41905	6.78608	8.8536	9.63127	9.1759	7.88318	5.75371	3.07377	3.65331	4.86972	2.26269	4.73151	4.22549	0.903308	3.47101	3.93977	4.46429	4.84323	4.86985	4.98466	5.09682	5.12211	4.8499	4.73176	5.35022	5.84261	5.35625	5.1972	5.31996	5.49886	4.90288	5.60311	7.7218	11.5953	10.7167	8.50532	9.56083	11.0357	12.3339	13.0279	10.2873	4.08927	4.05325	7.11722	9.00359	7.3405	4.52173	2.20424	1.30259	1.14254	2.04326	3.06326	3.97261	6.47895	8.1077	6.30059	5.20012	3.71496	2.60383	2.10598	1.95346	1.37567	2.40902	4.24468	4.53971	4.67672	4.56109	4.70075	3.26854	3.22847	2.31241	2.75564	8.91367	8.89951	3.54506	8.74714	11.6029	1.41077	1.27737	2.18206	2.71407	2.98788	2.01909	2.42258	4.03331	6.20544	3.89412	2.29841	3.07386	4.50754	6.3185	7.9515	9.08251	8.65472	6.07206	2.988	1.0534	0.255514	1.0534	2.68399	3.95625	4.3017	4.11293	2.73201	0.651378	3.76705	9.39946	11.2416	11.8677	13.6821	13.8062	12.8213	8.72376	3.76716	3.71946	14.3737	22.6572	12.9394	7.33174	21.7264	20.1038	20.4914	25.9249	23.5717	19.0922	13.7664	4.11293	15.0044	15.685	4.86974	4.36146	9.84371	10.9943	7.87472	3.71496	4.67652	3.44755	3.61315	3.54506	1.77881	0	0	0	0	0	0	0	0	0	0	0	2.42247	11.4811	21.1424	17.3335	15.9819	23.1764	14.1977	28.2091	18.672	19.0655	11.0169	16.0794	11.324	5.25256	13.9114	14.8043	7.92518	3.02575	0.807919	0	0	0	0	0	0	0	0	0	0	0	0	0	0	0	0	0	0.180671	0.92118	1.85952	1.85952	0.903285	0.361339	0.807953	0.807953	0.361339	0	0	0	0	0.180671	0.255514	0.744897	1.02195	0.722649	0	0	0	1.80607	2.58502	4.92245	7.94916	4.46049	2.52777
1.95338	1.37552	0.180654	1.30245	0.744802	0.541946	2.68359	4.39051	2.17431	1.63544	2.7613	1.55372	5.8417	6.61282	4.03299	9.14236	11.6198	10.697	8.12482	5.65442	5.1027	5.74204	6.29506	5.62587	4.43476	2.66548	0.903227	3.29296	7.03086	8.9273	10.0292	10.6325	10.2311	24.9399	17.5277	3.59486	0.972783	2.01888	4.4015	9.82346	7.23233	4.90223	4.33118	3.07359	2.05896	0.571248	1.63546	2.05893	2.40885	2.66548	2.51467	2.82531	0.651308	3.39013	4.68641	1.15663	4.27461	3.11546	1.70384	1.53259	1.45621	1.21172	1.02186	1.30253	1.53259	1.30253	1.14243	1.0838	0.510935	1.14238	0.903165	1.31498	1.4894	2.74946	3.06809	5.077	7.36815	5.44534	2.82547	1.91973	3.31766	7.72927	10.7185	9.24524	8.43153	7.94862	7.5793	6.83444	5.16213	2.85397	1.81493	1.44493	0.972783	0.744827	0.510972	3.90198	6.19176	5.74164	6.8811	7.97046	9.34684	9.48898	7.79521	5.35577	4.77207	5.58545	5.59405	3.25328	2.35404	3.65289	2.40877	2.51455	2.18174	2.01888	6.19176	8.09703	7.32914	6.9805	10.4903	2.93815	1.4894	1.84171	1.80594	1.61535	0.807834	0.361304	1.80588	5.08655	4.86926	2.96041	1.80601	2.28395	3.08411	3.554	5.19976	7.75403	8.09727	7.15499	5.46891	2.40885	0.255491	0.972783	2.1744	3.31766	3.11554	1.71329	1.0533	3.82652	7.33974	5.52439	1.85924	5.72203	9.08131	12.6291	11.2844	7.0105	4.79919	11.4137	19.9069	13.7257	11.7424	20.6463	9.01663	4.34255	13.4763	18.8777	20.6298	18.4872	10.575	3.3564	13.1032	13.6475	6.54012	9.21053	11.9009	8.81825	4.05279	5.40336	4.11654	6.44869	6.12149	2.45561	0	0	0	0	0	0	0	0	0	0	0	1.21165	7.50526	20.195	26.3369	20.0968	25.0159	18.0552	16.2274	22.0172	19.0055	12.8485	11.096	13.7358	11.9598	9.33825	10.5437	9.95359	5.6854	2.2334	0.180654	0	0	0	0	0	0	0	0	0	0	0	0.903196	1.27725	0.903196	0	0	0	0	0	0	0	0	0	0	0	0	0	0	0	0	0	0	0	0	0	0	0	1.21165	1.99457	4.59579	6.84613	4.86924	3.95586
2.11337	0.571213	0.4039	0.80776	0.972646	0.403917	1.62529	4.16291	3.25292	2.05866	3.19752	1.55355	6.08917	8.61973	7.84089	9.52599	11.5813	11.3548	9.34077	6.04971	5.15253	5.84147	6.2944	5.62527	5.27315	3.43274	1.88519	2.23325	5.56189	8.40045	9.51437	11.0951	3.19256	16.9023	21.1599	9.5256	1.45601	0.903108	2.9101	8.85147	7.70982	4.45962	3.80495	3.07326	2.4086	2.56554	2.40854	2.05871	2.71354	2.8538	2.29796	1.26425	0.903084	1.81476	5.15855	1.31484	5.25153	3.11517	1.66496	1.53243	1.41057	1.15651	1.02175	1.3024	1.53243	1.3024	1.14231	0.807795	1.53234	1.14228	0.4039	1.15651	1.3024	2.74921	2.82506	1.55355	5.72174	6.71345	3.02525	2.01878	3.07326	5.98288	9.2083	9.30541	8.15521	6.77764	5.76366	5.65072	4.91819	2.85371	1.62529	1.44479	0.903131	0.651282	0.510917	3.40415	6.19121	7.00032	9.09946	11.8377	10.7826	9.38127	7.86753	6.03373	4.91834	5.25169	6.59535	4.73064	3.85984	4.65132	2.40854	2.05866	2.18154	1.77846	3.22784	5.45059	7.3284	4.03257	8.25345	4.7169	1.80577	1.84152	1.48925	0.722508	0.361268	0.80776	1.30233	2.70753	4.53882	3.64824	1.9448	2.04286	2.91024	3.40431	4.54959	7.01884	7.84111	7.44296	7.3847	4.33444	1.05314	1.26425	2.58459	3.54446	2.56568	0.920999	2.05866	4.6791	7.57013	4.41952	0.92098	3.47033	7.03011	11.3993	11.4737	7.57878	4.91841	6.97974	15.36	11.2394	12.0314	16.8611	0.744751	4.40133	16.515	13.8653	17.9549	19.895	12.9618	6.3802	8.62378	15.7868	8.44552	6.65337	11.4127	9.06472	4.79845	7.90545	4.77159	6.35782	9.23027	4.6059	0	0	0	0	0	0	0	0	0	0	0	0.541893	3.82621	12.8202	22.3281	21.3659	13.8254	14.7701	6.38806	18.1537	16.0669	9.01623	8.35312	12.1535	11.974	7.73487	3.38982	10.3954	7.6705	3.87244	0.4039	0	0	0	0	0	0	0	0	0	0	0	2.0187	1.27712	2.0187	0	0	0	0	0	0	0	0	0	0	0	0	0	0	0	0	0	0	0	0	0	0	0	0.541893	1.37545	5.07654	5.87689	3.65272	3.70129
2.76085	2.40839	1.41044	1.21148	1.77837	2.31187	2.60322	4.32665	5.07305	3.31213	2.28344	0.403864	5.25107	9.07963	10.725	7.46991	3.31213	4.36009	6.04625	3.8045	0.766282	2.58439	3.48412	1.77837	2.93768	4.52051	3.71831	3.55773	0.651192	3.08871	5.15826	9.39201	10.6203	9.91405	18.1616	12.8651	5.62752	1.80561	1.61506	7.48473	8.03444	4.85166	2.91544	0.903004	1.91925	3.0033	2.71328	2.66496	3.59417	4.03221	3.70096	2.95984	2.6832	1.66481	3.71826	2.26204	4.83494	2.04257	0.510872	0.403881	0.18062	0	0	0.403864	0.255441	0.403864	0.510844	0	2.45514	1.63513	1.62515	1.14221	0.90305	2.58428	2.58431	2.89309	2.31187	5.80485	5.41754	4.59518	3.21257	2.88748	4.11555	2.85343	1.09853	2.60322	4.69942	6.40473	5.4765	2.35367	0.403864	1.09853	0.651224	0.403881	0.255427	3.07282	6.48683	8.18128	10.936	14.7851	10.8849	7.24241	7.71152	7.99501	6.29625	4.55965	6.74832	5.94167	4.11555	4.34147	2.23299	2.01858	2.90993	2.88748	2.23299	1.71298	3.59406	3.32682	6.14906	4.22429	2.37435	2.17392	1.55334	1.88508	2.55274	2.26204	1.05309	1.27698	3.65239	5.46786	5.54691	4.61625	2.93774	1.26414	0.403864	3.3558	3.8045	3.2526	6.26541	5.08563	2.7133	2.35367	2.37431	2.55269	3.22769	3.88479	2.97623	3.32664	6.78383	3.88465	1.30222	1.15635	3.38952	8.34261	9.50994	6.47712	5.46786	4.15093	8.45025	13.2832	16.6617	12.6464	7.44205	1.88502	16.6584	12.5685	15	16.9922	11.707	11.4766	2.89309	12.5818	8.89522	3.95902	9.38501	9.20728	7.39922	12.3809	11.1611	11.5483	15.6646	9.61018	0	0	0	0	0	0	0	0	0	0	0	0	0	1.61506	7.27509	11.412	9.00151	10.4826	5.48823	2.45516	4.33038	3.71845	4.22064	5.93648	5.19877	12.7614	9.6968	14.8607	10.7395	5.63594	1.14217	0	0	0	0	0	0	0	0	0	0	0	2.5526	0.903027	2.85345	0.903027	0	0	0	0	0	0	0	0	0	0	0	0	0	0	0	0	0	0	0	0	0	0	0	0	4.61601	5.19547	1.21143	1.63513
7.47364	7.66933	6.79524	5.87603	5.48793	4.96973	4.61575	5.71782	7.48428	7.6548	6.36418	5.60697	7.21507	10.4818	14.4561	15.4777	14.1502	11.3677	7.73337	5.23527	4.05181	5.12011	6.08828	6.00581	2.1812	3.44612	3.8338	4.07952	1.94435	1.88488	2.62778	4.63317	8.26186	10.0013	10.6977	9.24211	8.19799	4.45146	0.541787	5.33284	8.61093	8.29812	6.84442	5.3209	4.50578	4.28489	4.11922	3.65203	3.71368	4.25461	4.47702	4.40047	4.69905	4.60522	2.35348	0.571083	2.42822	2.05831	2.05834	1.70333	1.55325	1.41029	1.15628	1.15628	1.05298	0.403838	0.403821	0.255414	2.31151	1.66457	1.09841	0.1806	1.37518	3.31666	4.59466	3.62974	1.85879	3.43207	4.69905	5.25997	4.98271	5.5839	6.88866	6.1407	4.06765	2.62771	5.15759	9.77749	6.04561	0.722366	0.571083	0.920818	1.05298	1.05298	1.14209	2.31151	5.87575	8.61817	12.32	17.4241	12.0873	4.52014	6.93505	9.899	11.3197	9.27112	9.5105	8.82299	6.21093	5.54625	3.46976	1.78733	0.51079	2.58409	4.51657	6.49636	9.49777	11.4827	8.95661	3.58026	0.1806	2.23281	3.61175	3.29206	2.55246	2.68294	3.15611	3.54377	2.95952	4.1153	5.35416	6.14082	6.84447	6.83281	6.90502	7.53725	6.83263	4.52007	6.11972	7.01057	4.95651	3.65188	2.97591	1.55325	2.85312	4.50931	5.7431	6.35912	7.18834	5.93848	5.7961	6.48649	3.44631	4.50565	9.64859	11.9459	12.5678	9.21688	4.99542	13.2095	15.0387	12.5215	14.481	13.8579	11.0029	14.0696	15.4119	13.8181	11.1472	13.3418	9.49088	5.63534	11.773	7.88419	4.90082	5.64984	11.987	16.1717	15.4153	14.7378	21.1602	17.3639	4.68525	1.84116	0.361197	0	0	0	0	0	0	0	0	0	0	0.722366	4.00349	8.57799	10.5042	6.77632	2.18111	3.95879	0.902931	3.22734	4.45164	5.94133	8.13598	19.1255	8.67661	12.8839	15.9131	14.0003	6.21082	0	0	0	0	0	0	0	0	0	0	0	2.0183	1.80541	1.70324	1.37513	0.361197	0	0	0	0	0	0	0	0	0	0	0	0	0	0	0	0	0	0	0	0	0	0	0	3.2272	5.55767	2.8245	1.80537
5.15107	5.71731	5.63508	4.85089	3.95843	2.82437	2.10507	2.45478	3.35532	4.50543	5.35368	5.48745	5.75096	6.45609	8.82249	11.0305	11.2324	10.4034	8.04115	4.94649	3.502	3.02439	2.98657	5.4755	4.28451	3.82512	3.59336	4.29943	2.2615	1.30196	2.88691	3.88403	2.97557	5.85886	6.11918	4.92009	7.62037	5.8752	0.403785	1.84096	5.33237	6.71146	5.82869	5.58914	5.09429	3.98284	2.88691	1.84096	0.972368	0.403802	0.807564	1.45564	2.20329	3.08291	3.15064	2.53299	2.01819	1.85863	1.7127	1.37506	1.41017	1.45564	1.21125	1.02146	1.08338	0.80753	0.180584	0.255391	1.09831	2.11277	1.78717	1.09833	2.20318	2.2616	3.2521	1.99383	1.85854	1.27673	0.403802	0.651096	1.78717	3.31637	5.60635	6.88795	6.48316	5.00465	4.34062	11.2194	5.65193	1.05289	0.541739	0.180584	0.403802	0.651096	1.05289	0.920717	3.29171	7.18549	12.6172	20.43	16.4929	5.29902	0.920717	2.85298	9.07793	12.0277	13.0516	10.9339	6.1401	5.5225	4.47662	3.62942	2.62755	1.41009	3.389	6.03472	8.26113	8.24388	6.94132	5.23481	2.71275	0.571032	2.68267	4.51617	5.09438	4.84757	4.11101	2.04227	1.21119	0.902873	0.651064	1.41017	4.05147	5.87551	6.74737	8.37159	9.01874	5.41343	4.73965	6.98928	8.99228	6.37344	4.11493	3.6517	5.46663	6.11113	4.89383	6.37867	7.57665	6.94356	6.65171	6.40382	6.12706	1.77795	4.00321	7.08718	8.02332	9.76236	13.4748	8.538	2.98644	5.37151	10.1126	14.6204	6.29518	11.1405	15.6417	12.2478	8.26662	10.8884	11.0624	4.2081	7.36326	7.8389	3.95435	5.48716	9.54773	10.8884	11.0075	3.446	18.1112	18.1104	6.86703	3.42223	0.80753	0	0	0	0	0	0	0	0	0	0	0	0.180584	0.255391	1.81426	2.62755	4.6046	5.16044	6.62982	2.75432	0.57105	0.766132	3.43176	17.3831	17.5674	1.66449	9.99254	17.4483	11.9637	0	0	0	0	0	0	0	0	0	0	0	0.90285	2.01821	1.66449	0.651064	0.80753	0	0	0	0	0	0	0	0	0	0	0	0	0	0	0	0	0	0	0	0	0	0	0	1.61474	5.54555	3.85874	1.37506
1.80514	0.90277	1.66431	3.40304	4.6044	5.07487	4.75632	4.58683	4.46175	3.97035	3.10366	2.60247	3.64687	4.51927	4.73923	5.15679	5.08438	5.64883	6.35546	6.37816	5.94028	4.7969	3.95397	5.24967	3.82478	2.34613	2.45446	3.57943	2.05786	1.45545	3.22663	3.1912	5.87499	14.4621	17.5591	14.9737	12.7856	8.103	0.972282	0.403749	2.91461	5.41581	3.99053	3.15028	3.98245	4.35898	4.67749	4.85043	4.51577	3.6067	2.60247	1.70302	1.15608	1.45549	2.37363	2.74818	1.80504	1.31435	1.09823	0	0.807492	1.30191	1.70302	1.37493	1.37488	1.05274	0.180568	0.180568	0.255368	0.255354	0.54169	1.09821	3.06667	1.944	1.15602	2.45444	2.60235	0.744453	0.403749	0.403749	0.54169	0.54169	2.35295	6.04721	7.88239	7.3102	5.42776	12.2792	5.65143	0.570981	1.09821	2.4212	2.507	1.31435	0.361133	0	0.807458	3.02403	8.64965	19.1766	20.8969	15.7583	12.4973	10.0791	10.7599	13.5108	13.2629	10.761	6.54403	4.53707	4.14984	4.51934	4.50498	4.98164	4.20773	4.76972	5.75873	4.11457	5.58271	4.85023	3.31104	1.85838	0.570981	1.05279	0.972318	0.807458	0	1.09823	2.9863	4.00286	4.05111	3.07211	1.31435	0.54169	0.766064	4.20773	7.07723	5.85845	6.03148	8.90698	12.1119	7.57361	1.61459	0.744472	4.8934	8.80731	10.4009	10.023	8.92312	6.71087	4.51916	0.180568	4.85026	5.19729	7.11806	8.99371	8.79493	9.04064	14.0147	9.28292	5.04605	7.07723	2.95884	7.46771	8.03249	13.5099	16.4589	12.5103	6.67261	8.50196	9.87308	7.38832	2.45456	4.08673	2.18081	7.92072	11.1453	11.0784	12.5006	8.38234	15.0681	14.8524	7.00691	5.22507	3.46909	1.26378	0	0	0	0	0	0	0	0	0	0	0	0	0	1.21109	8.12057	4.67736	8.83757	5.64862	0.361133	0	0.403749	9.96624	16.0413	9.47423	1.95244	14.8644	16.4986	4.50851	0.180568	0	0	0	0	0	0	0	0	0	0	0	1.02132	0.54169	1.27659	0.54169	0	0	0	0	0	0	0	0	0	0	0	0	0	0.361133	0.510726	0.361133	0	0.180568	1.99365	4.43264	4.6044	2.35302	0.651006	5.5101	4.14963	1.99365
1.80494	1.31417	1.98525	3.40268	4.47575	5.07433	4.79639	4.58634	4.47575	4.11413	3.42167	2.6022	3.25146	4.35851	4.45759	4.89957	4.99421	5.40354	6.13908	6.37748	5.85244	4.72857	4.28367	5.24911	4.1493	2.20286	1.81388	2.56431	2.05764	0.403723	3.22629	5.47433	10.3665	14.8395	17.8325	18.0208	18.385	11.2228	1.70276	0.180549	1.45533	5.18416	4.91913	2.53247	3.26637	3.93711	4.45035	4.75579	4.68392	3.88327	2.97506	2.01779	1.21101	1.31421	2.17305	3.71245	3.32534	1.45533	0.902696	1.02121	1.08317	1.30177	1.66416	1.99342	1.85818	1.05263	0.403706	0.403706	0.255341	0.255327	0.403723	0.902673	2.8237	2.42083	0.403706	2.20275	2.60207	0.972178	0.180549	0.180549	0.403723	0.403723	0.920537	5.55898	10.3663	9.9652	5.62525	14.1848	6.65254	0.57092	2.75378	3.24641	3.08754	2.23212	0.807371	0	0.361094	1.66414	5.37059	14.3198	19.4461	16.7598	13.3441	10.4611	9.88826	11.6287	9.99816	9.03254	8.28788	6.25535	4.08651	4.6179	4.63185	7.00617	7.49032	6.31404	6.51156	4.63185	7.46692	5.0963	3.55634	2.3527	1.55273	1.05268	1.45531	1.30171	0	1.45531	2.98598	4.05068	4.00243	3.31572	3.14992	1.21096	0.765982	2.42753	4.38434	5.15629	6.28112	10.0029	13.2878	9.03779	2.60207	1.0981	3.07178	6.99733	9.95775	10.3351	10.8936	9.73143	5.71595	1.66407	2.89196	4.46128	7.46724	9.2143	8.61977	5.98004	11.8542	11.2297	6.03336	4.38434	1.70276	3.07171	7.86376	13.8266	14.554	10.7428	4.78624	6.04657	8.38102	5.29491	3.08754	1.05263	2.05775	5.12172	10.014	11.4508	11.2286	8.50149	10.1841	10.7252	5.86042	4.86645	4.94536	2.8237	0	0	0	0	0	0	0	0	0	0	0	0	0	0.541632	9.11763	8.42628	9.28202	8.75578	0.807371	0	0.180549	6.35452	13.8089	11.6007	4.388	8.22654	17.5665	9.6797	0.403706	0	0	0	0	0	0	0	0	0	0	0	1.02121	1.21096	1.27646	1.21096	0	0	0	0	0	0	0	0	0	0	0	0	0	0.807371	0.510671	0.807371	0	0.403706	4.11789	5.9368	5.62533	4.91913	0.180549	5.25821	4.14919	3.19598
1.14162	1.30159	2.16537	3.08204	2.81782	2.28242	1.31409	0.541584	0.650911	2.05754	3.11345	2.8522	2.91415	3.6059	3.25113	3.08726	3.08204	3.14977	3.15493	3.69919	4.22248	4.547	5.35211	6.62809	7.00581	6.83028	5.9903	4.44998	2.51297	0.765913	3.07135	6.26242	14.1316	12.7973	11.5575	20.3961	25.659	15.6233	1.95196	0.361062	0.541584	5.09585	5.31567	1.44396	0.744307	2.11217	3.14977	3.59244	3.62386	3.26608	3.32517	3.42136	2.90858	2.70606	3.14974	5.15563	4.84594	1.31405	0.920474	1.63435	1.66399	1.54213	0.972127	1.21085	2.34562	2.23197	1.71221	0.541584	1.84047	3.22614	3.44502	3.15493	3.80274	3.29077	2.20266	3.08726	2.53225	0.902593	0.180533	0	0	0	0.180533	4.05015	10.8854	12.9547	4.11768	12.7829	8.73336	1.77744	3.46362	3.65049	2.75952	4.28329	3.88293	2.34567	1.15585	1.30165	1.4884	6.14612	11.9051	14.0853	14.28	12.5046	10.304	11.2277	10.8813	10.0084	7.83648	5.22083	0.902593	1.4884	3.67716	8.27767	9.78041	8.11917	7.72421	6.48154	8.78214	5.80208	3.98167	2.55142	2.1121	1.27636	1.99326	2.37321	1.80478	1.66395	1.45516	1.61435	2.55151	3.67716	4.20698	1.99326	1.40976	1.98507	1.37461	0.902593	3.89941	9.05963	13.0387	10.0705	4.68687	3.501	2.89172	1.66401	3.7165	4.79572	8.28715	10.1463	7.53429	4.50404	1.66401	1.62437	3.61038	4.56112	3.56985	2.50651	10.9493	11.2219	6.59176	7.38719	5.63614	5.78272	6.2009	6.74511	9.63012	8.66629	4.35813	6.1094	6.93445	3.31527	3.85765	3.29083	4.47535	5.1496	8.51534	10.5724	7.70762	6.15161	3.02353	8.06051	14.1355	16.4529	17.1174	12.0757	4.7281	1.44396	0	0	0	0	0	0	0	0	0	0	0	0	7.87686	10.0831	7.89516	7.3674	2.89172	0.902593	0	3.226	10.1679	13.1815	11.2497	2.53225	15.5979	16.153	2.72988	0	0	0	0	0	0	0	0	0	0	0	0.807299	1.70261	0.650879	1.70261	0.180533	0	0	0	0	0	0	0	0	0	0	0	0.180533	3.29077	5.63349	7.51552	8.92154	8.76266	7.91937	9.65796	9.1637	9.48743	5.89295	3.07142	3.43079	4.53624
8.81931	8.53529	4.89871	0.51058	0.902535	1.21079	0.570836	1.21074	3.96504	6.58155	7.87652	6.79212	5.68977	4.63092	2.40696	2.66345	4.33923	5.54377	6.10918	6.36126	5.90061	5.19278	5.55824	7.06875	8.49999	9.41534	9.49345	8.87822	7.65129	6.23395	6.00305	7.32347	16.4658	16.8573	5.2697	14.9444	29.8412	22.0269	3.54204	0.807228	0.765804	6.29252	6.54223	2.93612	1.80458	0.541536	1.4551	2.55123	3.46811	4.19132	5.19278	5.98707	6.08548	5.85689	5.88149	7.83579	6.97519	1.85785	1.21079	1.77735	2.35239	2.75342	2.7475	1.45507	1.15575	2.90832	3.55587	3.59212	3.50061	2.20235	0.51058	1.37454	3.67675	3.67675	1.6142	2.55119	2.55123	2.31056	2.55128	2.6817	2.31056	2.04151	1.77735	0.74426	7.39505	14.0156	11.0825	8.71641	8.81175	3.00159	2.31044	4.54637	1.80458	3.95696	5.15538	4.89207	2.01739	0.570818	0.765804	3.07115	7.88654	13.4052	17.4436	19.4626	17.5553	13.0882	10.9146	8.80484	4.63103	2.0414	3.75086	9.12673	14.5231	18.3363	19.2318	18.6128	18.4963	15.8026	11.8578	8.19254	6.59125	5.59001	5.07343	4.5466	4.35781	4.19132	3.75105	3.07124	1.66386	0.902489	2.55123	4.91511	5.93311	6.04578	7.32591	8.35537	7.74017	6.6131	5.58706	5.79314	10.6375	11.0878	8.68213	7.66577	6.0324	3.31025	3.64578	4.19115	6.24135	8.4977	7.11119	4.75814	3.89089	4.6485	3.50074	1.44383	0.570836	1.44383	11.493	9.75378	3.25091	6.5155	13.0376	10.1823	4.3316	7.01436	13.336	11.3635	7.489	8.33792	3.89906	3.25084	5.71781	4.75475	2.51266	3.19046	7.76667	13.4536	15.6038	13.3237	12.8957	18.1329	25.2977	32.8963	35.5156	28.5945	10.4366	2.6016	0	0	0	0	0	0	0	0	0	0	0	0	4.00159	8.0598	7.76478	2.80019	2.55123	3.29054	1.44383	1.44383	6.17958	12.2099	16.2388	16.0718	7.01426	22.0507	11.9519	3.62353	0.36103	0	0	0	0	0	0	0	0	0	0.36103	1.6638	1.02108	1.30147	0.51058	0.650853	0.36103	0	0	0	0	0	0	0	0	0.36103	1.81358	6.62736	10.9146	16.9523	21.3159	19.3801	15.9478	17.9443	16.4947	14.3832	7.94266	3.3101	3.31025	3.87006
9.73378	8.73203	8.97945	3.76354	2.11176	1.0978	1.09778	1.71182	6.59027	6.13723	6.06626	4.28248	5.51968	6.7343	1.81337	1.15556	1.84011	2.55101	3.06032	2.68141	2.53175	1.77709	0.920275	1.45492	1.95168	2.70553	3.56915	4.61313	5.4936	5.81216	6.47028	7.77182	17.5199	17.4831	8.34681	8.43908	26.4211	24.9386	5.89152	1.02092	0.541478	7.61675	7.82066	2.11176	2.9357	1.84011	1.53125	1.45492	0.765722	1.40949	2.31031	2.90801	3.38737	3.2104	3.96462	8.8448	8.67174	2.68127	0.403608	0.650783	0.902439	1.3014	2.01721	2.75893	1.85765	0.971936	1.95168	3.19516	5.04409	4.5175	3.00141	1.94331	2.20212	3.44416	0.74418	2.82289	2.70539	1.77716	2.50602	2.70553	2.42025	2.04129	2.1948	2.2819	0.807176	6.73443	8.33917	7.33378	7.53283	2.4067	0.74418	4.99259	3.95635	0.180497	1.48811	4.99259	4.33108	1.55236	1.27614	0.570775	0.255254	1.81339	4.84854	8.25721	8.91091	4.83189	4.89799	5.35084	0.403591	0.180497	7.96353	14.2001	12.7989	14.9074	15.8342	14.12	13.6783	10.8494	6.51239	4.35362	4.15986	4.04953	4.11296	3.46312	3.14913	2.71146	2.01724	2.1725	2.40676	2.58256	3.10229	4.79479	4.9797	5.15478	6.48029	7.08381	7.26395	7.29024	5.59805	2.28197	6.28932	7.83496	5.80102	6.12409	6.02896	2.55092	2.42014	3.6051	6.48002	9.67536	8.83416	7.04066	6.17892	5.83702	5.89999	4.84857	3.15431	1.40949	11.9645	10.741	4.24061	1.26328	16.7373	11.2197	11.2363	9.84416	13.7186	16.0435	11.0823	7.30955	0.255268	2.50602	5.80095	6.86376	6.03165	2.23154	1.02097	7.36636	12.1621	9.06341	25.4877	22.2348	13.9961	24.7324	28.4526	37.2921	15.6166	2.60133	0	0	0	0	0	0	0	0	0	0	0	0	0.541478	1.21066	2.42025	3.44428	1.91795	3.2654	3.22537	0	0.541478	2.75898	7.90975	21.8077	9.50518	17.4404	15.8523	7.40055	0.807141	0	0	0	0	0	0	0	0	0	0	0.721954	1.15562	0.650783	0.744161	0.74418	0.807141	0	0	0	0	0	0	0	0	0.807141	3.08132	6.68666	12.6667	16.2898	13.2745	14.4883	9.83637	12.6188	12.3642	14.1556	9.37372	5.83674	2.01715	0.180497
7.28922	2.45326	8.09915	4.28207	4.43051	4.86476	7.14819	9.29759	9.78431	6.15496	5.50474	6.28906	8.99444	9.92383	2.58233	1.276	3.15403	4.08498	3.75032	2.3101	2.11149	2.05687	0.920193	0.744114	0.650725	0.765695	0.920211	0.765695	1.09769	2.45326	4.8379	7.26293	18.7098	17.5993	6.76242	7.33313	23.7392	26.5486	12.8214	7.26982	3.36784	8.35334	9.92852	4.58463	6.68638	7.12138	6.01001	5.09782	4.71313	4.72681	4.47408	3.44404	2.66292	1.91788	2.10377	8.78134	9.63712	3.18967	0	0	0	0	0.807069	2.23128	3.08638	3.40141	3.44404	2.85139	2.51217	2.40649	2.75288	3.71124	4.02913	4.14385	2.345	3.60938	4.94361	4.75742	4.11651	2.68117	1.30128	0.510453	1.45479	3.08638	3.40141	4.32334	3.93553	2.34496	4.76743	3.19488	1.45481	4.20188	4.75383	1.63388	0.180481	4.11241	5.7587	2.74697	0.902358	0.180481	0	0	0	0.807069	3.81862	4.87459	4.02908	4.39736	0.902312	0.54143	8.62714	15.4596	8.51096	3.71107	8.95759	10.6694	12.695	13.081	10.0852	7.36571	5.83651	4.22128	2.68117	1.45481	2.23128	2.51217	1.85748	4.84809	8.0188	8.0583	6.60693	6.83518	6.50915	5.23184	5.22259	4.67525	4.71313	5.29316	5.55716	5.54269	6.68626	6.88406	4.32334	5.01471	5.54241	1.95141	2.79957	4.67512	7.1479	8.8938	7.4684	5.7475	4.97926	3.71542	4.59165	7.92727	9.41353	8.42352	7.42992	12.086	0.72189	7.08318	11.3652	10.6694	15.94	5.32946	15.2721	18.2834	10.3625	5.6459	0.902335	0.570724	4.29699	5.49285	5.83622	4.00086	14.0848	20.846	15.7959	6.17837	30.6024	26.2814	9.34465	15.5813	23.7976	38.142	17.4619	4.24024	0.54143	0	0	0	0	0	0	0	0	0	0	0	0	0	0	2.30998	3.48133	3.07054	3.30945	0	0	0	2.41993	18.6079	17.6687	10.8782	12.5592	11.491	4.68208	0.72189	0	0	0	0	0	0	0	0	0	0	0	0.971814	3.60936	4.10867	3.60936	0.54143	0	0	0	0	0.180481	0.403572	0.403572	1.2105	6.14438	9.01368	13.9611	18.5173	7.10336	14.4673	3.14887	7.07608	10.3188	14.9642	11.5804	5.62019	1.30122	0
11.2907	3.11219	6.301	6.35185	5.73883	5.85523	7.8782	9.0008	7.86015	5.00159	4.69554	6.12319	10.2025	12.3011	7.41229	3.60903	0.902216	1.30117	2.11137	2.75264	2.66268	1.98431	0.920099	0.360924	0.360924	0.255222	0.570672	0.570672	0.510398	2.10355	4.04858	6.88332	19.9501	19.5448	7.01225	4.44832	17.2513	23.2738	15.0235	9.40895	4.84743	7.73745	10.0418	2.05669	1.48784	4.00058	5.75841	6.10746	5.97734	7.14983	8.26155	7.96253	7.24509	6.87672	5.4721	6.42918	8.42229	5.68814	5.84974	5.48385	4.72639	4.20556	3.9681	3.4011	2.10368	0.765627	0.180464	0.180464	1.15542	2.70505	3.20982	3.44374	3.95583	3.59109	2.20184	2.6809	4.11222	5.34112	6.11267	5.83599	5.04333	4.43011	2.90749	0.80703	0.765627	2.17945	2.42636	0.570672	3.4671	4.61576	4.06469	4.38227	4.91358	3.78424	1.63374	1.63372	4.91369	5.71636	5.29269	4.64718	3.22493	1.48784	0.403512	0.403512	1.62374	3.55028	3.44374	2.01679	1.21038	0.255222	7.12699	14.2152	9.32826	1.05213	4.84767	8.30168	11.7503	15.6861	16.7863	15.7228	14.14	12.1602	9.20153	5.87163	5.34112	7.22083	8.39259	9.42375	8.45062	8.84546	8.67066	7.43598	5.57961	3.08604	2.68074	2.75246	1.54148	2.81677	4.979	6.73347	7.10274	5.95835	4.0287	4.73641	4.44807	1.45462	2.52486	5.22205	7.58828	8.97779	9.31679	8.62658	7.18959	8.05707	6.67583	6.2885	9.02889	11.1142	4.51676	9.86582	7.99578	7.74588	2.42653	12.9594	16.4133	12.2416	18.6786	17.6755	8.11589	6.53058	3.11227	1.09757	4.10802	5.54182	5.64813	10.6344	24.4715	29.2782	31.5569	21.2353	29.4744	30.7529	9.30179	3.2498	24.6612	31.0753	15.6599	8.47296	2.23105	0	0	0	0	0	0	0	0	0	0	0	0	0	0	1.54148	2.62581	3.02239	1.63372	0	0	0	1.08266	10.5332	17.9116	13.8087	3.24488	10.277	8.39798	3.31418	2.35172	1.27588	0.180464	0	0	0	0	0	0	0	0	1.15534	4.10802	0.570672	4.0764	0.902216	0	0	0	0	0.403512	1.62374	2.85113	5.80555	17.1673	19.1187	14.9496	17.6853	7.71303	15.8168	7.78051	10.9231	12.4706	13.5556	11.5111	5.24651	0.744019	0
13.1752	9.23429	2.19417	4.02822	1.98412	1.05208	3.95112	5.1905	1.6135	0	0	0	6.68237	9.44127	7.43504	6.17708	3.49932	2.85083	1.8572	0.971624	1.70187	1.1553	0	0.541324	0.403493	0.51038	0.360888	0.806911	0.650598	1.88321	2.72857	5.36742	17.4365	19.0083	12.55	10.9998	12.4102	16.9333	13.8849	10.6421	5.1905	6.47819	8.55383	6.0434	5.97663	3.67539	1.30096	1.14111	1.30103	3.60865	3.82227	4.75309	4.72589	5.0043	5.1565	3.49932	3.88092	5.04279	5.84912	5.58783	4.84719	4.22046	4.22046	4.47321	4.47321	4.14704	3.5772	2.93497	2.2016	1.40909	1.14108	0.180446	1.27571	1.05203	0.255182	0.570594	0.180446	0.650598	2.17934	3.31383	3.80103	4.51629	4.50194	3.38641	2.6624	2.7582	3.06994	1.81285	0.180446	1.81287	3.67532	4.35221	3.54977	3.59061	2.68053	0.650566	1.27575	2.98428	4.35983	4.75309	4.3225	2.62547	1.15524	0.541324	0.51038	0.403493	0.403476	0.403493	0.570594	0.743968	7.10843	13.532	8.98551	2.66229	1.66321	1.66321	0.403476	4.0283	7.72684	8.84273	8.74227	8.67878	8.77447	5.42416	4.07626	6.28784	9.19879	16.4942	11.4078	3.0646	2.74643	2.34454	1.27571	2.17934	3.80103	5.41233	5.2462	3.24957	1.95103	1.63358	1.99229	2.45278	2.30953	3.89754	3.3088	1.99229	3.24964	6.11203	9.01205	9.30066	8.42734	8.56124	7.5454	9.82681	8.20642	3.98784	3.20932	6.28754	6.10395	6.98623	9.27504	9.17963	3.69722	16.4985	7.56227	11.3196	22.8784	19.352	5.31312	5.68738	4.3855	1.81285	3.71472	5.41216	6.75139	12.9473	29.0237	17.4523	20.3146	27.1049	21.9367	33.4815	3.95115	4.23941	26.0171	26.716	12.2948	10.2013	3.89754	0	0	0	0	0	0	0	0	0	0	0	0	0	0	0.541324	0.902182	0.743968	0.180446	0	0	0	0	1.44327	5.766	10.3291	7.00461	6.13532	7.61252	2.8508	2.7582	2.51168	0.403476	0	0	0	0	0	0	0	0	0.721748	3.49932	4.59078	3.08578	0.806911	0	0	0	0	0.510353	2.90705	3.24957	7.39211	22.4351	14.6809	8.10579	12.8483	5.39724	17.3198	16.1809	9.23475	9.60148	10.157	9.36275	4.14683	0.180446	0
13.0385	11.5772	0	4.07568	1.5306	0	3.05902	5.08978	2.04042	0	0	0	5.59567	7.60975	6.10069	5.59567	2.04042	0.510308	1.5306	2.04042	0.510308	0.510308	0.510308	0.510308	0	0	0.510308	1.02053	0	1.5306	1.5306	4.07568	14.4828	14.4828	4.58309	1.5306	7.10781	14.4828	14.4828	11.0866	4.58309	5.59567	6.10069	2.04042	3.56763	3.56763	2.54992	0.510308	0.510308	3.56763	0.510308	1.5306	0.510308	0.510308	1.5306	0	1.02053	0	0	1.5306	1.5306	0.510308	0.510308	0.510308	0.510308	1.02053	0.510308	0.510308	0	0.510308	1.5306	0	1.5306	1.02053	0.510308	0.510308	0	0.510308	0	1.02053	0.510308	1.5306	2.54992	1.5306	1.02053	1.5306	2.54992	2.04042	0.510308	0.510308	3.05902	4.58309	3.05902	3.05902	3.05902	1.02053	0	0	0	2.04042	4.07568	3.05902	1.5306	0.510308	0	0	0	0	0	0.510308	7.60975	13.5219	8.61005	2.04042	0.510308	0.510308	1.5306	0	1.5306	2.04042	1.5306	4.07568	7.60975	4.07568	0.510308	3.05902	4.58309	17.3142	13.0385	4.07568	1.5306	0	0	0	0	2.54992	4.07568	3.05902	3.05902	1.5306	1.02053	2.04042	2.54992	4.07568	3.05902	2.04042	2.04042	0.510308	5.59567	7.10781	6.60476	8.61005	8.11053	9.6051	7.60975	4.07568	4.07568	5.08978	4.58309	5.08978	7.60975	9.6051	2.54992	17.3142	9.10827	8.61005	24.0053	20.5101	4.07568	5.08978	4.58309	1.5306	3.05902	4.58309	7.10781	12.5532	30.8268	18.6988	9.6051	28.1204	16.8479	34.0947	4.58309	3.56763	26.9163	26.5091	11.0866	10.5943	4.58309	0	0	0	0	0	0	0	0	0	0	0	0	0	0	0	0	0	0	0	0	0	0	0	2.54992	8.11053	6.60476	4.07568	6.60476	1.02053	2.04042	3.05902	0.510308	0	0	0	0	0	0	0	0	0	0	0.510308	0	0.510308	0	0	0	0	0.510308	3.56763	3.05902	7.10781	23.578	8.11053	5.08978	10.5943	4.58309	17.7781	17.7781	1.02053	2.04042	6.60476	7.60975	3.56763	0	0
13.459	12.7746	1.14086	4.51165	2.20106	0.570485	3.78733	4.75536	1.70146	0	0	0	4.60019	7.22505	7.92002	7.55256	5.31542	5.11485	5.31241	5.55218	5.36667	4.71138	2.82171	1.45418	0.650481	0.765409	0.743832	1.1409	1.80359	1.83925	1.14086	3.71397	13.5261	13.9202	7.31945	7.07381	8.59661	12.7507	13.5227	11.5999	4.58964	5.86959	5.86959	1.55154	3.11131	4.5581	5.47931	5.34866	5.00341	5.97549	3.88036	1.77634	0.90199	0.360821	1.30079	3.55384	3.99944	3.32303	2.70428	1.88292	0.971436	0.765409	1.37376	1.2101	1.40883	2.25946	2.50486	2.45246	2.68017	2.85032	3.64826	5.29119	6.28672	5.75678	5.25457	5.11485	5.0896	4.97759	4.58996	4.26917	3.55384	3.32297	3.6035	3.02153	3.06418	3.48015	4.23873	4.38486	3.89703	2.93444	2.23042	3.54908	3.99935	4.94174	5.2206	3.06409	0.721613	0	0	1.61319	3.67462	4.41418	4.67008	4.39594	3.08	1.53044	3.93416	7.17228	7.89627	5.87814	8.88689	13.4095	8.66228	5.64406	6.39782	6.86083	7.26718	5.88909	2.93444	1.48736	1.09726	3.93401	8.35582	5.22964	0.919862	3.15265	3.46128	15.3735	14.1493	10.8445	10.699	10.1125	9.12176	8.00995	6.87478	6.70533	7.05784	6.10299	5.82319	4.32925	3.55384	4.3516	5.41138	6.70523	5.93503	3.78733	2.82154	1.70157	6.04198	7.32128	6.37986	8.02528	8.68421	11.3312	10.5303	8.0157	7.21419	5.2175	1.95065	8.0155	9.18494	10.1073	6.35766	18.1604	17.9822	13.4518	21.6239	19.1666	5.3663	5.22968	4.20024	1.30071	2.41899	4.35516	7.78473	9.72096	24.7925	24.7021	10.683	23.6848	12.8695	30.3748	13.2924	9.33467	24.3302	25.8942	12.0674	10.3585	4.45764	0	0	0	0	0	0	0	0	0	0	0	0	0	0	0	0	0	0	0	0	0	0	0	2.01619	6.98265	8.24361	4.75224	3.62579	4.97759	5.40831	4.4286	0.650438	0	0	0	0	0	0	0	0	0	0	0.403397	0.25515	0.403397	0	0	0	0	0.403397	2.91208	3.88017	10.2952	23.6309	6.67394	6.97113	9.65	12.0057	17.1069	16.4567	5.08947	7.89015	8.68439	6.79736	2.82154	0	0
13.1577	14.6887	5.29349	2.91181	4.14186	3.47979	5.40773	3.44228	0.806681	0.180395	0	0	3.18814	4.29493	5.68577	6.64709	7.25985	8.49248	8.94656	9.68496	10.1114	10.2417	10.8777	10.8548	8.54254	5.93461	4.11062	2.23027	1.15491	0.721543	0.541169	2.93398	12.2014	13.1622	5.75595	4.39548	6.58662	10.6872	12.3906	13.0361	7.09978	3.74833	6.1337	4.3288	3.11107	3.30801	4.79231	5.60062	6.47916	8.56835	9.19801	7.46522	6.0814	4.79231	3.42815	2.956	1.85667	2.20098	2.59997	2.67988	2.17126	1.85667	2.05599	2.42558	2.11055	0.743756	0.570432	1.05178	1.70139	1.95057	2.59997	3.71378	2.98343	1.91696	1.85667	2.81567	4.24978	4.97706	5.22946	5.64346	5.7366	6.1103	6.82507	7.07307	7.03691	6.77578	6.58682	6.35193	6.18331	5.93461	4.47194	1.85667	1.09718	3.47979	6.14686	6.82494	3.36614	0.180395	0.901901	1.63312	1.37356	1.5409	1.77608	2.51096	6.82492	11.7339	19.6195	26.9706	29.7082	28.1636	25.7003	24.6165	21.8657	18.7811	14.4239	11.2416	10.6659	11.1795	10.199	8.24301	6.74034	5.39	8.02455	6.13358	1.08224	2.82129	1.45405	10.3802	10.9229	10.7745	14.6049	16.7396	16.6745	15.555	14.3168	14.1643	14.8344	14.8244	14.3	11.7038	8.26599	6.28606	6.13387	7.71229	9.16533	8.41936	5.77826	1.6331	5.49023	7.62916	6.11267	6.41935	6.683	9.74905	9.43374	7.58551	8.22173	6.03908	4.54353	9.90652	11.1207	11.631	11.0191	17.6604	24.1895	22.7122	18.8874	15.1348	7.38774	3.78699	2.74565	5.18929	4.80232	4.64537	10.3927	11.0192	5.77826	23.6794	25.8753	17.9939	10.6045	26.2052	26.5681	21.4105	19.2454	21.897	13.4229	10.1494	4.84561	1.27539	1.63312	3.95018	4.39548	2.58115	0.541169	0	0	0	0	0	0	0	0	0	0	0	0	0	0	0	0	0	0.901901	4.02715	7.60024	7.14479	3.46571	2.93408	6.35174	6.93384	1.88268	0	0	0	0	0	0	0	0	0	0	0.180395	0.255122	0.180395	0	0	0	0	0.180395	1.45409	5.29036	17.8981	23.3161	2.19355	13.1946	13.2991	19.494	17.7258	10.0507	6.82476	7.78384	6.7592	4.10665	1.26256	0	0
10.6964	13.1658	8.61138	1.40849	3.60283	3.36593	4.23783	0.971296	0.180379	0.403325	0	0	4.19949	5.15129	3.97828	1.91669	2.75717	3.44208	3.89628	4.47154	4.862	5.60012	8.11258	10.6065	10.1058	7.26573	5.50163	4.14149	2.88924	1.44273	0.650322	2.56189	13.093	17.0827	12.0948	11.2626	12.5063	13.4377	11.6179	12.3165	9.98108	1.81217	5.46939	5.79715	3.39931	0.510189	0.403342	1.05164	1.99156	3.49806	5.85511	6.206	5.6287	5.06635	5.59995	5.29302	2.58092	1.15486	0.403325	1.14069	1.80324	2.54933	3.32239	3.56681	3.76107	3.07941	2.17107	1.81219	1.14069	0.901844	1.27527	2.40517	3.31262	3.85456	3.44208	2.90605	2.11029	0.765218	0.650354	1.66257	2.34367	3.22338	4.18812	4.4462	4.26835	4.06276	3.78246	2.88926	2.41865	3.06359	3.64753	3.3126	2.51083	1.09708	1.61297	6.93323	6.32835	0.403325	2.01582	2.35055	2.66141	3.3126	4.58899	7.02025	11.2403	14.4792	21.6869	24.489	23.3685	24.8461	24.935	23.2737	19.2108	15.4947	10.4215	5.32644	3.64755	5.39847	7.54082	7.61009	7.42611	6.99082	6.82433	4.44601	1.27523	1.91669	1.08215	7.95835	6.87077	2.84962	5.93123	7.00904	8.11255	8.25758	7.87057	8.33387	9.52747	9.9815	11.0125	10.0001	6.83132	3.67395	1.44273	2.97218	5.92845	8.01405	7.60775	4.97643	3.57568	7.28511	5.89582	5.59409	5.18857	8.54138	7.56574	3.49789	3.31247	2.35059	5.06956	12.9709	19.0398	11.5059	7.35479	5.04092	9.13544	11.5025	9.98931	9.50079	7.02006	1.20981	5.03759	5.49	6.27509	2.23007	8.82843	6.6826	10.2221	4.18812	16.2263	17.705	13.171	15.776	18.1434	15.2022	10.6166	15.3507	12.9085	10.2525	5.24412	2.51074	3.31247	5.5856	4.89497	4.72393	1.20981	0	0	0	0	0	0	0	0	0	0	0	0	0	0	0	0	0	0	0.180379	1.45394	4.02672	6.53729	4.5889	3.57568	7.36335	3.39931	0	0	0	0	0	0	0	0	0	0	0	0	0	0	0	0	0	0	0	7.00868	22.8484	20.892	10.4866	16.1752	8.0142	9.96105	8.48983	2.16352	8.49134	9.20534	3.46535	0.403325	0	0	0
16.9381	16.9822	12.4019	6.11944	1.15474	1.71051	1.95009	1.3004	0.74361	0.57032	0.180359	0	4.10964	5.26505	4.55325	3.70873	2.19312	0.403282	0.57032	0.255072	0.403282	0.901702	2.56162	2.98285	7.91185	10.0599	11.9497	13.4559	13.8792	12.8854	11.1178	10.3125	16.7541	21.2216	16.2244	11.0745	8.60876	11.5728	10.8394	11.4349	12.1892	6.96926	0.650253	6.43796	5.28933	0.180359	0	1.40833	2.99897	3.84989	5.64236	6.4183	5.51566	5.50104	6.46537	6.47528	5.62811	5.39493	4.99867	4.51057	3.7131	3.35115	3.46048	3.69564	3.64714	2.34341	0.901748	0.971192	2.67936	3.18768	2.99912	2.84946	2.29444	1.27516	0.971192	2.52982	3.44164	3.22304	2.90579	2.03973	1.15474	0.255072	0.901725	1.48697	2.28022	3.64267	4.5319	4.32796	3.74779	3.60253	3.8792	3.81617	3.53905	3.19272	3.06326	6.11148	7.71049	1.37334	4.49961	6.47528	9.43221	11.6437	11.9818	10.9508	10.186	10.312	16.9145	17.4114	9.3319	9.23683	13.3323	14.5514	12.1843	13.3154	11.3741	5.53875	1.99135	0.541063	1.70097	1.6328	2.11014	1.91659	2.51047	2.05548	1.05153	1.27512	1.27514	6.32768	6.87945	5.06577	5.15381	2.01561	2.17077	3.78625	3.0684	3.46503	3.96566	3.2629	5.98427	7.23172	7.05111	5.76328	4.5991	4.72357	5.75211	7.28446	7.78234	7.55037	1.7758	6.11161	9.48675	9.136	7.75988	9.78396	8.25638	3.64701	2.80343	3.96568	6.75789	6.3479	19.7609	16.9873	12.744	8.21828	4.60962	1.66241	2.34333	6.58527	3.94923	5.75498	11.1564	10.9777	13.4208	6.66513	8.93207	4.38355	13.0268	11.1561	2.81497	5.04026	8.25097	11.4797	16.3613	16.9603	13.697	12.7714	8.81136	8.88438	7.0013	5.9306	3.49757	9.39352	10.8827	15.154	11.0856	10.9395	15.9887	15.0786	7.80892	1.26231	0	0	0	0	0	0	0	0	0	0	0	0	0	0	0.403282	2.11007	5.88705	5.48036	2.01561	7.37335	4.20288	0	0	0	0	0	0	0	0	0	0	0	0	0	0	0	0	0	0	0.180359	8.8399	24.2194	18.7296	15.1328	16.284	3.55261	7.61098	4.66848	6.28454	6.7292	9.19068	4.754	0.971157	0	0	0
18.1384	20.4399	14.9375	7.73868	3.86618	1.71036	0.541015	1.30029	1.31267	0.570269	0.403246	0	2.01545	3.99781	4.55284	4.10549	2.19292	1.15458	0.570269	0.25505	0.180343	0.650195	3.57498	4.14457	6.73844	9.65311	11.6149	13.251	13.9255	13.3056	11.5364	10.3778	15.6729	19.9403	16.6792	12.5308	5.72099	6.60161	9.43599	10.3233	11.97	10.0772	3.18723	6.681	6.53595	0.403246	0	1.15458	4.75018	6.31707	5.46842	6.79495	5.88673	5.50055	6.4648	6.15028	5.48893	5.48893	5.15045	4.6786	3.86635	3.35085	3.44141	3.71277	3.35085	2.20035	1.6622	2.10988	3.02036	3.20766	3.06299	2.84921	2.51034	1.63265	0.901668	1.77565	3.02036	3.22275	3.0788	2.28002	1.31271	1.05143	0.650227	1.30029	2.03955	3.24777	4.2371	4.32758	3.79887	3.60221	3.87886	3.93264	3.82003	3.19244	2.99885	4.49926	7.70981	1.37322	8.25561	10.0525	11.1555	11.9294	11.8416	10.2464	7.71012	6.3069	11.0269	13.5882	10.1101	4.98855	7.95681	11.9174	11.6105	14.7786	13.618	6.64269	3.19235	1.20958	0.97107	1.27505	2.01552	1.95001	1.27502	1.05143	0.25505	0.765109	1.05148	2.679	5.26466	3.96542	3.02027	2.75065	1.66224	4.75358	5.09367	4.78065	3.78172	2.54878	3.71258	5.07789	6.20204	5.44181	4.66827	4.84439	5.7516	7.07985	7.19591	7.74078	7.16916	4.75039	9.82317	10.2946	8.56569	10.4669	9.43099	5.06836	4.3274	7.55801	6.13214	4.06188	12.0365	16.9859	14.6423	9.68691	5.7961	3.14636	4.54202	6.82286	0.403246	10.0042	12.5974	11.0162	14.6505	11.0396	7.23109	8.65906	13.4464	15.5359	5.34629	4.15632	7.8731	10.7672	14.9319	16.4593	13.5186	9.59614	2.67909	5.71235	6.66443	7.69962	2.01552	14.9315	14.0166	16.0575	13.6514	13.3746	17.5123	18.3997	14.8358	2.82049	0	0	0	0	0	0	0	0	0	0	0	0	0	0	0.180343	1.09686	6.13185	7.23986	1.77558	7.87269	4.45598	0	0	0	0	0	0	0	0	0	0	0	0	0	0	0	0	0	0	0.403246	11.0437	24.4282	15.9472	17.2406	15.8162	1.45366	8.60964	3.47867	7.26402	4.96243	8.20372	5.7347	1.70082	0	0	0
13.6402	21.7629	19.4188	13.286	9.77595	3.64636	1.26209	1.45357	0.255013	1.5509	1.63249	0.180327	0.40321	1.31256	2.17039	3.10985	3.31153	2.05512	1.27489	1.5509	1.45357	1.14036	3.60628	6.32675	6.47427	7.25717	7.85628	6.36971	3.64649	3.85326	3.84913	5.14999	12.0915	18.9948	21.0706	21.9355	20.4896	15.8054	11.7008	8.78312	8.78294	10.2799	5.79542	5.00076	7.23047	2.52296	0.360651	0.901541	5.72018	7.3591	2.34295	4.87044	5.75387	4.55587	5.3967	3.85326	0.919406	1.62252	2.54856	3.41747	4.10909	4.35697	4.20235	3.69498	3.18712	3.49707	4.51333	5.58123	5.40881	4.32724	3.06802	1.3731	0.901564	2.27982	2.67888	2.5613	2.37051	1.83834	1.80264	1.30011	1.09677	2.01531	2.10207	1.91625	1.85598	1.3731	1.27487	1.98281	2.343	2.25838	2.54856	2.93299	3.88681	4.0457	3.39851	3.96089	7.38501	1.54038	9.96103	11.2163	8.98145	4.6434	2.05512	1.27491	1.63249	2.45116	6.55257	10.441	12.2026	11.3046	9.20315	8.04532	6.23484	12.3627	16.3157	15.8285	14.899	11.0934	5.06487	0.765041	0.650137	0.40321	0.255027	0.255013	0.540967	0.743478	0.765041	0.97102	2.17039	2.10976	2.01531	2.34981	0.743459	5.11213	6.96793	7.99791	8.21681	8.52646	7.50916	4.91331	3.64636	3.06785	2.17782	3.7123	4.62608	4.29333	4.06152	7.10853	12.5975	10.5551	9.00621	7.76457	5.98321	9.83321	9.98613	6.75889	6.34938	10.0593	2.67874	8.13158	8.50971	8.24531	11.3721	10.0517	7.95637	7.53856	7.35272	7.49216	16.9907	20.7701	13.0981	4.6088	10.6993	12.1405	4.3346	9.99075	8.48896	18.3045	10.3991	6.84105	4.2022	0.743459	6.98167	8.48896	3.32139	3.60189	5.79568	5.15313	2.40443	7.42364	2.66053	15.0951	16.4887	9.27112	7.5088	8.4067	10.1441	11.5615	19.3892	7.26343	0	0	0	0	0	0	0	0	0	0	0.540967	0.765041	0.540967	0	0	0	4.82714	7.91634	6.82257	7.45795	3.62411	0	0	0	0	0	0	0	0	0	0	0	0	0	0	0	0	0	0	0.40321	10.1595	22.9612	17.8945	17.1548	16.3242	6.62311	9.33671	5.14999	9.37706	8.09267	6.20149	4.72254	2.79718	0.721273	0	0
5.48761	16.1585	21.4778	22.4895	21.5488	12.9097	1.70049	1.05123	4.49845	4.44446	4.04512	0.254986	0.403167	0.650068	0.919327	2.90491	4.68103	4.51267	5.84995	8.35151	9.40464	9.35449	10.4713	12.2202	12.8264	13.1141	13.3938	12.4639	8.68682	5.3365	2.90496	1.55073	3.14573	9.3543	15.0794	19.4418	22.4768	22.6526	19.6039	15.0775	10.3758	7.565	4.83993	1.78434	5.7532	5.2145	2.67857	1.30003	4.39315	7.10765	6.23441	1.85578	4.17485	7.17912	10.1585	9.97737	9.60248	7.89169	4.74949	1.48655	1.85578	3.20703	3.32109	3.56541	4.4698	5.86658	7.2564	8.41557	8.48656	7.31752	6.07849	5.24227	3.41711	0.901468	0.919327	1.20939	2.17017	2.9711	3.81508	3.95239	3.71205	3.55177	2.982	2.30789	2.6786	2.81432	1.80254	0.255	0.901468	1.09665	1.83818	2.75024	4.3565	5.9802	6.22679	6.03881	7.40585	3.70768	9.60208	11.7504	12.0991	11.3129	10.293	8.68682	6.98808	5.9802	7.81294	11.9413	15.5602	17.1412	15.899	11.6365	5.78677	3.78517	10.5082	14.9293	17.4444	18.7238	15.4193	11.2856	9.61388	7.91975	6.07849	3.8656	2.055	1.05128	0.403167	0.6501	1.71008	2.34967	2.19992	0.919327	0.97088	3.89456	7.46347	11.5802	9.8751	8.52556	6.96754	3.712	2.22914	4.38216	5.39626	8.46034	10.6024	9.9023	6.18036	1.40793	8.77341	15.1412	16.8963	14.9601	12.7144	13.5625	13.6489	11.5341	10.1081	9.17973	6.58587	4.83353	5.08662	0.901468	7.87129	10.171	10.6376	14.1503	15.094	11.2198	21.0265	20.1151	15.9917	10.6941	10.1585	8.50489	6.58369	5.78648	1.01984	14.2416	14.1321	11.0754	8.59895	2.93257	5.76161	9.47083	7.46376	7.14363	7.60924	6.02267	7.35211	12.1596	8.55468	9.05404	16.2265	16.0501	9.73037	8.96339	14.9372	10.9732	14.1275	10.9233	2.40423	0.540909	0	0	0	0	0	0	0	0	0.764918	0	0.764918	0	0	0	2.16267	5.47612	6.73713	4.77988	1.62234	0	0	0	0	0	0	0	0	0	0	0	0	0	0	0	0	0	0	0.180308	5.64343	17.9793	23.6285	20.1295	15.7223	8.43612	7.53997	5.47909	8.2006	8.85745	6.00427	2.93267	2.30777	1.15435	0	0
6.75546	5.07645	8.81006	13.9215	22.1769	19.885	4.99658	3.6234	6.97807	4.33371	6.25413	0.180292	0.806222	1.08163	0.901388	0.570125	3.28639	7.11364	11.1146	8.15527	8.05978	8.35836	8.10483	7.41186	6.71993	6.1304	5.73057	7.88477	6.6793	4.72187	4.96128	6.42843	7.91905	7.70803	5.33602	2.27937	2.41749	7.60647	10.047	9.40382	7.98083	5.30885	2.19226	0.743332	2.56066	4.15501	3.06205	1.54008	1.3123	4.77945	7.70795	7.53077	2.74987	4.06082	16.9869	17.0683	10.0934	9.59343	7.53931	5.76114	3.44032	1.15431	0.901411	0.901365	2.19226	2.93241	3.06742	3.88606	4.32256	3.49634	3.36432	4.10432	4.86949	3.6056	2.10935	1.40788	0.36058	1.52951	3.24687	3.78499	2.98174	2.34942	2.17739	0.403148	1.09655	1.55059	2.0548	1.88166	1.61219	1.29992	0.509944	0.36058	1.44203	2.17003	3.19153	3.4638	5.45783	2.57968	7.39221	8.53192	9.54914	10.3328	10.6803	10.0578	8.6569	5.97159	3.96429	3.60119	4.39298	6.32564	7.70803	7.61479	6.60005	4.99681	2.81407	0.806222	3.61903	10.9564	12.6531	10.7858	9.89982	8.16894	6.66021	4.86949	2.67833	2.01492	1.45324	0.806222	0.180292	0.403148	0.509944	0.806222	1.01975	1.80233	6.32545	15.6562	13.0394	1.27462	3.85251	4.18594	2.95432	5.94985	6.31528	9.02002	10.3566	8.98016	9.57376	8.42025	4.29249	6.47297	10.3674	11.6486	12.9794	15.4448	16.4354	14.7509	13.1188	9.22528	3.9642	1.70042	3.07793	1.09655	4.35589	4.93828	4.2663	8.1087	14.0468	5.18938	17.206	12.1847	7.0485	14.6247	11.0811	2.80238	3.64131	1.83802	2.95447	5.53662	9.91362	10.1699	10.8211	5.86575	1.9906	6.17184	5.58297	3.88606	2.17748	13.791	12.1799	16.0089	14.2318	0.650042	3.36432	8.43538	11.5598	11.2573	12.547	14.1523	8.04989	8.52437	4.32622	1.20923	0	0	0	0	0	0	0	0	0.540861	0.764891	0.540861	0	0	0	0	0	0	0	0	0	0	0	0	0	0	0	0	0	0	0	0	0	0	0	0	0	0	0	1.08163	6.46298	12.3484	11.9416	7.01691	4.93828	1.70987	0.650042	0.509944	1.31234	2.50317	2.81407	1.88166	0.970794	0	0
2.81382	2.90444	2.90433	5.1106	19.2482	23.7131	8.80721	3.79721	6.69993	4.70758	6.17886	0.721061	3.42115	5.40727	5.28709	2.75551	1.77489	7.38281	12.6455	9.25485	7.22877	5.00919	2.30732	5.8299	9.97598	10.4695	8.86656	9.52689	8.32903	5.73284	3.96394	2.27916	2.90433	6.61871	12.1225	16.5198	16.6736	12.154	6.47493	3.3205	1.2998	0.180274	0.570072	1.15421	2.34233	4.2355	5.11717	4.84264	4.39259	3.60087	1.98223	5.40704	7.54692	4.35201	19.1632	21.3436	6.83227	11.3014	14.4654	14.5628	10.438	4.15475	1.37263	2.22871	2.27906	1.29971	1.2998	1.83779	2.30732	2.16227	2.62306	2.90438	4.21242	3.54637	1.48623	0.743238	0.540808	1.14003	1.94928	2.93214	2.79644	2.88759	2.90433	1.52937	1.81115	1.15413	2.03879	3.39754	3.18621	2.56057	2.25773	1.94092	2.16977	1.77498	1.26172	1.94915	4.29204	0.403089	5.14831	7.18212	6.81808	5.88451	6.53375	7.59527	9.3795	9.75266	8.05907	5.64262	3.96394	3.69393	3.95169	4.90855	5.1889	5.17653	4.27723	2.84811	1.05109	5.15135	7.2526	6.41533	7.37026	8.56278	10.3739	11.6911	11.801	11.6635	11.0611	8.87892	5.63976	3.30583	1.85545	0.919158	0.649941	0.403112	2.9813	13.6317	16.2017	11.3041	7.0594	4.68019	4.799	7.38281	6.28155	8.26011	9.27312	3.96382	4.49746	6.66888	8.43427	7.35056	5.58238	5.23497	5.21335	10.7627	13.029	10.6326	10.2882	9.1629	4.73155	2.81382	3.67191	1.94083	5.46614	5.75201	3.54656	4.1973	10.1411	6.73547	13.4949	15.7592	1.66153	15.2699	13.475	6.50183	2.27906	4.69033	4.51194	6.53379	6.90166	6.27146	13.9716	10.7267	2.99773	1.45307	5.0634	3.57384	2.72602	15.2805	13.2307	14.4387	15.3276	1.48623	0	0.806137	1.83779	2.54782	2.59826	5.0379	5.45749	4.76197	4.57911	1.80209	0	0	0	0	0	0	0	0	0	0	0	0	0	0	0	0	0	0	0	0	0	0	0	0	0	0	0	0	0	0	0	0	0	0	0	0	0	0	0	1.20911	1.99039	3.42589	3.20646	3.93101	1.20911	0	0	0	0	0.806137	0.649983	0.97074	0.90133	0.540808
2.81352	2.81352	1.94072	2.10115	14.9712	25.3558	13.3533	2.10887	4.93739	3.49565	4.19666	1.61181	5.74039	6.64926	7.00415	6.03685	1.09632	5.47436	9.35989	8.48784	7.61331	6.82674	7.85686	9.37333	10.1423	10.498	9.19963	10.0059	8.79235	6.2455	4.49723	2.27893	4.21203	11.054	14.9032	17.0117	17.8213	15.3229	7.43603	4.02408	1.80198	0.649882	0.919046	1.31208	2.19929	3.64509	4.9114	4.90813	4.50801	3.877	2.36954	2.67783	6.79172	6.87557	17.3251	24.5724	9.85658	11.3003	14.1635	16.5459	14.3329	6.79157	3.85176	2.90959	1.44175	0.36051	1.29966	1.13991	0.806064	1.61188	2.41702	3.24117	4.67619	4.02396	1.94065	0.970604	0.403069	1.13991	2.22856	3.08255	2.67781	2.72575	2.52197	1.52921	1.98204	3.43958	2.88168	3.32014	3.24623	2.65961	2.34208	2.19187	2.01452	1.88129	0.970639	1.7	3.55059	1.9154	2.90414	6.81741	7.18143	5.51254	6.20183	7.07445	8.79786	9.75166	8.66981	6.48647	4.10749	3.711	3.95127	4.76162	4.8421	5.28655	4.90806	3.78417	2.05434	2.16954	5.43921	6.30411	6.83159	8.20024	9.89954	11.3967	11.8361	11.6623	11.4546	10.3186	6.87566	4.15428	2.34896	0.919065	0.180257	0.540755	1.63185	7.89927	13.5187	12.7299	7.22795	3.71097	4.79855	8.34877	6.28099	7.05836	8.57443	4.90798	1.31204	4.20057	8.2134	7.56287	5.77387	7.06514	8.47819	14.4633	15.3034	11.1765	10.5261	11.7303	8.26518	3.95934	5.08501	7.39073	6.09759	9.98692	4.02408	5.08509	6.17831	7.9868	9.19922	17.3524	4.20049	11.877	12.6577	10.383	5.18508	5.68139	7.53762	7.1393	4.10357	5.43913	13.7755	14.7919	3.49565	3.96331	4.1853	4.23507	2.8873	11.1707	13.2295	8.11265	14.1363	2.904	0	0.36051	1.13991	2.10125	2.59799	3.8645	5.45693	2.70192	3.56421	2.30711	0	0	0	0	0	0	0	0	0	0	0	0	0	0	0	0	0	0	0	0	0	0	0	0	0	0	0	0	0	0	0	0	0	0	0	0	0	0	0	0.540755	1.37256	2.65961	3.18587	2.22856	0.540755	0	0	0	0	1.2996	0.743187	0.901234	0.970639	1.209
1.40748	1.37244	0.901108	1.31196	9.36565	24.9932	18.1541	1.85509	2.10868	1.45287	3.78392	12.7253	15.1396	12.1479	12.0263	13.767	11.8208	10.2892	9.14911	6.10773	4.76119	5.62418	10.5952	11.7981	4.67929	3.60457	4.11088	6.24475	7.45453	9.19883	10.2087	9.03866	7.43537	12.7093	13.2978	9.19856	11.6411	15.6736	8.28172	5.56986	4.02372	2.96999	2.27872	2.70168	3.74532	3.71067	2.65938	1.2743	0.918965	2.40333	4.55377	5.40623	5.11619	7.32319	14.9025	25.2362	14.9792	11.2211	6.8543	9.80152	12.7092	9.42583	7.40311	4.97264	1.61167	1.09624	1.45287	1.66132	1.45287	0.743102	0.743102	2.1693	4.14213	4.2649	2.40328	1.62174	0.901154	2.52815	4.02372	4.55026	4.19649	3.86416	3.31007	3.06654	4.24616	7.461	9.42611	7.65423	4.46813	2.03839	0.720926	1.29948	1.20889	1.69985	2.88143	3.58664	3.06647	2.65926	1.37239	4.85804	5.96964	1.66123	1.6317	2.2573	3.36336	4.93704	6.7558	7.90671	6.90061	5.46533	4.93712	5.45645	4.91096	5.01462	5.64143	6.14165	6.50561	5.53533	3.7063	2.88143	1.48599	0.970553	1.09622	1.29948	1.53958	2.05421	4.85818	8.80768	10.9437	12.006	11.7792	11.0381	10.0302	8.36734	6.36668	3.49539	4.0236	8.95461	9.28528	6.73464	7.05117	9.97371	8.65258	9.8717	11.9162	11.428	9.16979	5.46533	5.2401	6.03632	5.06235	7.78533	10.6783	16.4419	15.1047	7.37506	4.37688	10.5776	11.3015	6.17019	1.99004	9.81746	1.2743	12.6206	10.9324	7.29955	8.74869	14.9536	7.47806	13.3849	12.5239	9.37264	8.1972	11.2151	7.60186	6.92104	7.42011	3.78376	1.09624	7.14517	7.5369	13.564	8.18202	8.008	3.14468	2.29281	3.30992	7.77713	9.22396	2.93158	10.394	8.55187	6.36668	4.93712	3.06125	1.91533	2.34187	4.84167	4.78823	0.403016	2.70759	1.91522	0.360477	0	0	0	0	0	0	0	0	0	0	0	0	0	0	0	0	0	0	0	0	0	0	0	0	0	0	0	0	0	0	0	0	0	0	0	0	0	0	0	0	0	0	0	0	0	0	0	0	1.20889	3.53663	5.28613	4.70677	2.17677
1.5395	1.98982	2.67717	1.45271	3.81314	22.5059	21.8409	3.9829	0.970464	1.66114	10.4436	16.9981	14.608	11.5676	11.396	13.1197	12.066	9.89309	8.16592	5.72844	4.04342	3.31939	10.5941	13.9588	5.26108	4.97214	4.58488	3.78349	6.14118	8.86407	10.2868	10.0415	6.74347	11.3657	13.5259	11.2649	11.0702	16.9562	9.69973	6.12789	4.33211	3.59973	2.27851	2.81875	3.69289	3.86381	2.65914	1.27417	0.918872	2.05405	3.79637	5.1502	4.641	5.75048	11.0084	21.2277	15.3057	12.4776	7.82344	4.10263	8.5045	9.62858	8.63333	6.9936	3.5996	0.901074	1.40736	1.69978	1.81063	1.9486	0.970416	1.40726	3.14935	4.26446	2.40303	1.81061	0.970464	4.0432	5.046	4.54984	4.19611	3.71034	3.14955	3.14955	4.35078	7.06646	9.35186	8.93984	5.46471	2.88114	0.720856	0.805908	1.45265	2.95316	4.54965	3.71027	2.29273	1.70921	1.85481	5.3607	6.72409	0.901012	1.05079	2.16922	3.06097	4.26471	6.03602	7.5365	7.25956	5.63817	4.93668	5.45595	5.11572	5.01416	5.36097	5.70878	6.34598	6.07563	3.70596	2.27851	1.29943	0.901074	0.901043	0.805908	0.649798	1.78361	3.64444	7.01445	10.2398	11.8819	11.8819	11.154	10.2444	8.72084	6.83034	4.67886	2.19142	6.63855	9.42512	7.05741	7.36807	9.37158	7.82344	9.16034	11.147	11.5289	10.0973	7.03014	1.63156	4.58488	4.84103	7.09303	10.9125	17.1326	15.1032	7.13771	4.37644	10.0952	13.6444	5.75068	6.52425	8.41125	8.90594	9.49306	12.3065	6.86763	10.6602	14.0995	15.2039	5.06525	12.2669	7.56182	4.15341	10.4777	9.5942	8.14217	4.93636	1.98982	2.34154	3.39657	2.25709	7.70491	11.148	8.0072	5.32174	0.254864	5.84158	7.02985	4.27583	3.99508	4.34705	9.22339	6.52466	5.70871	3.96269	1.94873	2.72524	7.22641	5.2856	6.22094	1.78361	0.649756	0.805908	0	0	0	0	0	0	0	0	0	0	0	0	0	0	0	0	0	0	0	0	0	0	0	0	0	0	0	0	0	0	0	0	0	0	0	0	0	0	0	0	0	0	0	0	0	0	0	0	0.540654	8.29023	5.85013	8.54336	3.14935
4.6057	4.8241	4.51022	3.14406	2.81272	16.1712	21.8473	18.5761	17.9179	14.1712	16.7406	19.6077	11.1681	11.0079	12.0037	12.837	13.4448	13.2743	12.2047	11.9309	12.2957	11.5877	12.0734	14.2127	6.1689	6.46979	7.22582	5.06151	1.45255	2.65886	5.21464	6.58216	2.40286	9.37222	12.1653	12.2891	9.34907	12.8399	8.59959	7.54406	6.48464	5.99276	3.92964	1.77429	0.402954	1.20865	1.66097	2.74277	3.54518	3.70557	3.20521	2.19867	1.2087	3.78303	5.23908	15.5786	17.336	18.5828	18.1461	14.6319	8.73978	6.97475	6.60144	7.15711	5.99267	2.847	1.54985	1.37217	1.63138	2.34822	1.53928	1.80146	2.79529	3.49454	1.53928	1.98147	1.4857	3.6923	4.26407	2.75447	1.66093	0.805835	1.83714	2.27828	2.88086	4.37603	4.27557	8.05773	8.60353	9.4243	9.15263	9.24302	8.90561	7.76988	5.81654	3.49466	3.57244	3.18497	0.360407	6.97475	7.03156	2.19867	2.41633	2.93106	3.06595	2.16899	1.44134	2.30645	3.24522	4.18411	4.7873	5.57176	6.0354	6.50435	6.82963	6.26166	5.62333	6.23089	5.57176	4.19952	3.20521	2.67707	2.59725	2.59725	2.81272	3.09744	2.74277	1.80146	0.180205	2.34827	3.84661	5.22397	7.1396	9.11307	10.7807	12.992	14.5237	13.6273	11.9935	8.63101	6.61617	6.63765	3.01796	2.59712	3.41506	6.01945	10.266	12.7657	9.12681	4.67504	3.41506	4.68859	10.139	18.1289	15.9668	7.13707	4.32415	8.6324	13.3462	2.16894	8.8804	3.81279	14.7365	5.11503	12.8569	11.0317	7.77573	4.05887	18.7381	11.4148	3.18497	10.1501	7.35456	8.50373	8.04574	9.93883	5.40498	2.01398	4.76027	5.01365	6.30473	5.33348	12.3534	10.0793	11.3187	7.0746	5.18361	5.8026	3.79597	6.97475	5.8902	7.38893	7.92721	6.82482	5.08357	2.70115	3.99476	9.37564	6.65703	11.176	5.14031	5.09006	5.64043	5.59478	4.44194	2.44961	0.720785	0	0	0	0	0	0	0	0	0	0	0	0	0	0	0	0	0	0	0	0	0	0	0	0	0	0	0	0	0	0	0	0	0	0	0	0	0	0	0	0	0	0	0	0.360407	1.13959	10.9666	3.92953	10.6545	3.96219
6.84772	6.23044	5.06427	4.26388	3.94573	6.18896	14.9496	19.7564	19.8691	17.3603	18.4738	22.0627	14.9913	15.7716	16.5193	16.7033	17.4591	18.5715	18.5624	17.7584	16.6095	15.3101	12.6883	10.1137	4.9841	3.41487	7.37329	10.0506	10.911	10.3916	10.0024	10.3705	9.81359	11.4018	9.04804	4.35342	6.82425	8.16214	3.94552	5.03554	6.59632	8.43815	8.71735	7.10997	5.08644	4.14116	3.96205	3.85052	4.04264	4.1953	3.86306	2.74253	1.81027	2.74242	2.19105	10.8299	18.0088	19.8898	19.1748	16.4036	10.6744	7.25818	5.74952	4.50971	4.14095	2.72469	1.48557	1.2086	1.27393	1.85448	1.94825	1.77406	3.07607	3.31878	1.94	2.72473	2.41612	3.49428	3.88376	3.41954	3.0814	2.70084	2.278	1.52856	3.07607	5.06091	3.09716	5.59416	7.02897	10.2728	11.629	9.98378	7.61679	5.21123	2.03781	1.13945	1.45246	3.42427	6.32195	8.94333	6.28391	3.31891	3.94573	4.85692	4.71919	4.02263	2.44942	0.540553	1.80135	3.56307	4.60529	5.38389	5.94675	6.86396	8.19528	8.89067	8.56427	8.43815	7.78344	6.37239	5.43138	4.97142	4.71919	4.60529	4.70554	4.85692	4.77675	4.14106	2.16875	0.360375	3.34799	6.63975	9.34844	11.5867	13.3004	15.2493	17.6569	18.3639	17.1214	15.655	13.6306	11.3722	10.1524	10.2833	10.1983	9.97128	8.97513	8.43804	6.4815	2.50819	2.7483	2.59689	7.62058	17.8408	16.8927	8.04509	5.17389	6.21984	10.4418	5.58855	7.52011	5.51049	16.1555	13.2452	2.67672	6.87312	5.34204	2.44932	10.5834	14.5648	10.7578	10.8656	13.2092	9.55707	2.22773	8.50303	9.12759	7.0131	6.6589	6.52085	7.54334	9.18771	15.778	15.7157	15.7854	16.993	13.3853	7.70369	2.88061	5.57684	12.0721	6.87316	11.7966	11.5545	7.34939	4.57724	4.54897	9.03055	6.03225	13.9655	10.7222	6.73274	6.73274	7.85438	7.85433	6.40479	3.61698	1.09593	0.180189	0	0	0	0	0	0	0	0	0	0	0	0	0	0	0	0	0	0	0	0	0	0	0	0	0	0	0	0	0	0	0	0	0	0	0	0	0	0	0	0	0	0.805763	3.25983	10.3911	1.91468	10.4759	4.45219
2.34788	1.69927	1.53903	1.6211	1.15353	0.764374	0.918605	2.16851	6.58568	8.16895	13.3832	17.6592	5.92711	5.13931	6.1678	5.6136	4.58378	5.74905	6.85164	6.43155	5.1142	4.10552	3.59876	2.74213	3.66971	2.52076	1.80111	5.21067	9.6213	12.7313	13.6776	12.9884	11.7159	12.3526	10.8144	7.55956	9.12983	7.38727	4.10552	2.17601	0.56974	3.36205	5.34142	6.01828	5.23213	3.86265	2.84645	1.63108	1.09579	1.13933	1.61104	1.94804	2.29191	2.05333	4.85615	3.18929	5.28386	7.86122	8.87869	9.84222	4.98357	4.19863	5.4631	5.06052	3.3185	1.88033	1.05042	0.18017	0.509572	1.52839	1.80107	1.77387	3.9451	3.62096	2.79482	4.37525	3.56269	4.54834	3.39539	2.10785	2.34781	2.88592	3.59867	3.25949	4.3898	4.70479	1.26099	2.96875	1.66061	2.40234	3.1072	3.64317	2.40234	2.72444	3.28423	3.45685	4.99668	6.52998	6.46112	6.18835	2.96875	1.20847	2.01356	2.01358	1.88039	2.34091	2.1685	1.31141	0.742811	0.970138	0.18017	1.52839	1.15347	0.74283	1.77394	3.28423	4.13672	4.58362	4.05799	2.8803	2.44913	2.34788	2.16856	2.10024	1.91458	1.85436	3.10715	3.98176	2.70653	2.40234	3.18418	3.36195	3.1072	2.95248	2.95248	2.93048	3.82489	5.18286	6.17567	7.47517	8.33955	8.25584	9.12505	9.91218	11.9375	15.2351	17.7951	17.2267	12.5582	8.14984	5.40393	3.09667	6.67464	16.2616	16.0159	8.27072	5.71522	4.4949	6.89763	3.99405	6.99401	4.49861	15.1684	11.0545	11.9594	8.0384	5.63622	10.3691	11.6368	13.5932	12.6721	3.81205	5.92727	6.69636	5.39213	2.306	6.29087	4.95795	4.19856	5.28381	6.77884	9.0574	8.31674	11.4018	6.75318	10.7787	13.1424	10.2853	9.3689	0.402876	14.5704	10.9546	5.59351	12.3027	6.65791	1.94814	0.900802	7.01202	7.60309	6.92778	9.62583	2.93038	2.22744	2.34788	4.49859	5.88098	4.88919	2.10785	0.402858	0	0	0	0	0	0	0	0	0	0	0	0	0	0	0	0	0	0	0	0	0	0	0	0	0	0	0	0	0	0	0	0	0	0	0	0	0	0	0	0	0	1.01906	5.1826	7.88532	1.93979	8.92285	4.35296
3.21938	2.74199	1.66052	1.09571	0.402823	0.918523	1.05038	1.63094	6.81574	7.38657	12.4285	16.2028	6.19558	3.7949	6.10469	5.79006	4.57635	5.08545	4.85597	2.81765	1.61089	3.05451	4.33055	4.06968	3.58492	3.42358	2.17573	1.66046	2.27756	1.77378	7.05469	11.64	13.0292	13.4668	12.5267	12.2612	16.8103	13.8884	4.68735	2.7242	5.99918	7.88503	7.38695	5.62174	2.96856	0.509554	3.39525	4.99301	5.1824	5.08545	4.90861	4.71822	4.79595	4.44788	6.35837	4.60768	3.9935	7.85245	9.9626	10.9268	5.94813	5.66991	5.75672	3.81171	2.22724	3.4142	3.86231	4.0776	4.466	4.99301	5.30481	5.22249	6.6383	6.29028	3.99363	4.14024	2.16837	4.68726	3.89125	2.19059	2.16083	1.98091	2.17573	2.34756	4.71808	5.73714	1.27368	2.84608	2.01334	3.59835	3.24436	3.79472	2.27756	2.52696	3.14314	3.14317	3.14314	3.99363	5.31985	6.89723	6.34099	5.53269	5.07278	3.78211	1.54941	0.970087	2.93017	3.30848	3.34734	3.38094	3.31826	4.20979	4.34909	3.96127	2.81765	1.09571	2.59638	4.28922	3.84957	2.16825	1.77371	2.40218	3.2043	3.82455	3.82455	2.93022	1.45213	2.96849	3.28388	3.8159	5.56998	6.10469	5.96705	5.8616	6.097	5.97782	4.95751	4.24413	3.24439	1.8542	2.17581	3.10693	3.30836	2.55871	4.44047	4.83916	2.59638	1.61089	2.74199	8.2607	11.0047	10.6446	10.6837	16.9748	16.4557	9.70736	7.65655	4.31553	3.82435	3.59835	4.62165	0.918523	14.3467	7.38662	7.68983	11.0366	6.46779	13.8492	8.05329	9.09802	9.95165	6.89934	1.80994	5.70634	7.80001	5.46272	5.57576	2.16825	2.75368	6.67424	6.11253	8.16047	1.29892	9.65736	7.81642	7.46599	11.9173	14.4467	15.147	8.26063	10.7643	15.0341	1.70862	12.5952	7.74896	0.80564	0.72058	6.11239	10.0977	1.80091	10.3351	4.38942	2.90244	3.39525	3.25924	3.69125	5.33171	3.0964	0.509527	0	0	0	0	0	0	0	0	0	0	0	0	0	0	0	0	0	0	0	0	0	0	0	0	0	0	0	0	0	0	0	0	0	0	0	0	0	0	0	0	0	0.805605	5.00566	7.17077	6.52213	6.92704	3.21924
3.21909	3.25895	1.77363	0.900641	1.15326	1.37161	1.27357	1.63079	7.06275	7.88393	10.2269	14.568	6.19503	3.7432	6.67358	5.78955	4.57595	4.97001	5.06284	3.60253	1.61075	3.66913	4.38925	4.19411	3.30331	2.7535	0.764238	0.900641	3.21896	5.22181	7.64985	11.3393	13.0281	13.139	12.4525	12.2052	17.5055	17.8601	10.0474	6.34017	7.13465	7.94827	7.3863	5.38835	2.9683	3.09612	3.75607	4.88853	5.18194	5.14775	5.1133	4.83891	4.79552	4.72798	7.25589	5.78109	2.74752	7.35146	10.7013	13.3414	7.60185	5.81438	6.96079	6.43013	4.83873	3.97303	3.94458	4.13998	4.45116	4.88853	5.30434	5.30735	6.63771	7.27562	4.49422	4.13987	2.57748	3.70403	4.38903	2.62099	2.16064	1.80978	1.27355	0.918442	3.24401	6.89874	1.27357	3.34687	1.45202	2.59628	2.92996	1.26077	1.4408	2.10755	2.8174	3.24408	3.28365	3.38064	4.74501	6.35799	6.4304	5.70327	5.40315	4.52636	3.18872	2.10748	2.5775	3.14804	3.34704	3.47485	3.39495	4.44748	4.42211	4.10479	3.77743	1.452	1.61075	4.53687	4.35219	2.42201	2.9953	3.46079	3.38064	3.82421	3.89109	3.24408	1.88	1.61082	4.37805	6.34265	7.45011	7.48206	6.3101	5.86109	6.09646	6.07281	5.14775	4.28905	3.38064	1.85403	2.17562	2.84594	1.63079	1.54919	3.9485	5.08476	3.59794	2.59615	3.25895	6.38811	10.2274	11.5394	12.1484	18.0662	17.1252	9.70651	8.07425	3.21909	0.360272	5.23106	2.92991	0.918442	13.1442	14.4727	8.26007	5.49433	5.97431	13.3708	9.7785	9.09722	7.50101	7.60804	2.79425	8.1015	9.92579	5.49733	9.73855	3.43732	2.75344	5.39131	4.10088	3.21896	4.99234	4.83896	9.15251	8.59115	12.2949	16.0064	16.9625	14.6687	4.10072	16.6121	4.10855	11.6252	9.98048	0.805568	0.720516	7.11432	9.10756	2.30559	9.84051	5.88802	2.30571	3.31796	2.54593	0.900595	5.57808	4.10067	0.509482	0	0	0	0	0	0	0	0	0	0	0	0	0	0	0	0	0	0	0	0	0	0	0	0	0	0	0	0	0	0	0	0	0	0	0	0	0	0	0	0	0	0.360272	2.54589	5.46221	6.36308	4.37819	1.4408
0.742619	1.8798	2.34721	2.95164	3.41353	3.36109	3.05919	3.05919	6.18655	9.50372	8.59745	15.5404	10.9746	10.1117	9.75871	7.22248	5.71391	5.46166	5.50835	6.11138	5.62346	6.29933	5.78903	3.69072	2.01299	1.48495	0.509454	2.44846	3.78128	5.20892	6.19438	6.01927	6.47918	7.64907	8.20746	6.91673	12.2993	15.8206	12.5093	10.2336	8.41231	5.62346	2.29138	0.969897	4.59299	8.03831	8.14762	5.63774	3.30786	1.5386	1.61058	2.90183	3.25856	3.60212	7.1715	7.70671	6.27652	7.4217	10.037	14.1048	7.7229	3.94398	6.74868	7.63423	6.42198	3.30771	1.6306	0.918344	0.254719	0.7426	1.01877	1.8006	4.67616	8.12231	9.26402	10.2126	9.99863	7.99107	5.35787	2.70578	1.80957	1.44065	1.13904	1.01883	1.31104	6.13729	2.34025	3.38014	1.40653	2.09964	2.01301	1.94759	2.09964	1.94759	1.54911	1.80957	2.44836	1.5386	1.13904	1.91393	2.40166	2.79402	4.40701	5.74735	6.99895	6.91897	4.43982	1.62064	1.45189	2.97888	3.30296	3.43706	2.5772	2.8171	4.93372	5.3818	5.57776	6.14269	3.61553	1.44065	4.37401	5.84397	4.94351	3.46053	1.91403	0.900499	3.08016	2.50077	3.61993	6.18655	8.2456	9.04455	6.12439	2.40171	1.31104	1.20812	3.18847	3.30784	3.42293	2.34716	1.09548	0.900499	0.180119	0.900499	3.34652	4.58227	4.49375	5.18443	5.96583	4.5472	3.43706	5.59181	9.39459	17.8751	21.0064	20.3824	21.3524	20.5933	19.6933	18.3793	12.3826	6.01927	8.01244	18.7051	11.0974	2.05274	7.36363	13.207	8.15889	9.48404	8.04198	7.77197	3.98063	7.24849	10.1281	1.94749	10.4245	8.05194	5.39951	3.7428	5.25814	2.67576	5.06208	4.83824	7.48115	5.3818	11.656	10.0604	12.0459	16.7146	4.63806	15.1059	12.4547	7.08901	10.0479	3.95632	1.48499	7.5215	11.3758	6.47918	8.55509	6.42198	2.52647	3.59774	4.28859	4.46513	4.90425	3.70797	0.805448	0	0	0	0	0	0	0	0	0	0	0	0	0	0	0	0	0	0	0	0	0	0	0	0	0	0	0	0	0	0	0	0	0	0	0	0	0	0	0	0	0	0	0	0	0	0	0
0.569527	0.649328	0.742553	1.05008	1.83605	1.98852	2.67555	3.24347	3.30742	13.1635	8.4715	17.1517	11.6854	11.3371	10.2331	7.36336	5.74692	5.22104	5.74684	6.34164	6.18629	7.31144	7.60689	6.07158	4.23146	3.61976	3.86121	3.53403	3.47417	5.87901	9.21746	10.6229	9.80897	8.79939	9.1269	9.60153	8.75803	9.42358	11.063	12.1676	12.0098	11.6854	9.73711	7.08864	3.95597	1.63047	5.28506	5.50786	4.34414	3.05891	2.19742	3.59733	4.15075	3.31727	2.79945	4.94308	6.6701	6.92522	7.64813	12.0474	7.61699	4.88084	6.18601	6.8441	6.5273	3.39412	1.1389	0.720375	0.180103	1.52791	2.67555	3.31732	4.34785	6.41675	8.09057	9.60314	11.4451	12.048	11.1964	10.2255	9.64048	8.85818	7.84662	6.98023	5.71341	3.6018	1.31096	3.43672	3.36079	4.13918	4.60309	5.20874	5.74692	5.84355	5.83807	5.24556	3.78103	2.347	1.80049	1.27332	1.01868	1.05008	2.4015	3.53403	5.05864	6.63412	6.57619	5.14346	2.42153	2.09946	3.14743	2.84539	1.70813	1.69863	3.96015	6.61254	7.70004	6.89538	4.10008	2.22661	1.66005	4.5468	5.84622	5.38132	4.59258	3.74247	2.09946	0.360202	1.45172	4.50766	7.62344	10.6865	9.83416	6.75781	5.63436	4.34414	2.69962	2.19	2.10707	1.54889	0.64936	0.402708	0.360202	0.720375	2.8453	3.9273	3.06413	3.46017	4.85448	4.94308	4.24293	2.51982	3.97222	11.8983	17.6075	20.902	24.3258	26.7762	26.3466	25.3899	24.4315	25.3837	17.079	6.49561	18.6986	16.0809	15.0816	12.2984	2.5769	7.48062	10.5125	9.41875	6.45873	4.19699	7.49956	8.22175	9.48526	17.2871	13.9882	8.48078	7.70004	11.3561	8.3194	3.24331	6.8974	4.62034	8.33611	3.30267	15.0778	25.6468	24.5052	2.57698	15.964	6.22724	8.20861	10.6822	5.9032	3.84868	10.8774	10.6708	7.17104	5.56841	4.62034	4.34414	4.8546	5.20874	4.0407	2.16769	0.900419	0	0	0	0	0	0	0	0	0	0	0	0	0	0	0	0	0	0	0	0	1.08049	3.75534	5.08087	3.8737	1.6105	0.805411	0.360202	0.180103	0.25471	0.180103	0	0	0	0	0	0	0	0	0	0	0	0	0	0	0	0	0
2.22638	1.48467	1.77312	1.94724	2.54515	1.40628	1.04992	0.56945	0.742458	16.5855	6.01525	15.2661	4.43875	1.27323	1.40628	1.31079	1.27314	0.56945	2.79915	3.34587	1.2732	1.80925	3.14186	4.43878	3.28262	2.67531	4.21209	5.77968	5.77972	5.60827	5.53064	5.08356	5.04216	4.5035	1.45163	3.05864	3.258	3.94321	6.17763	7.08769	6.28794	7.17037	8.03687	8.62709	8.72675	6.2652	3.0954	2.01253	1.7079	1.98833	2.90695	5.75458	5.96479	5.32998	3.88999	1.80026	1.61027	3.54266	5.08323	8.98872	6.18543	3.79338	4.19265	5.38646	6.25721	4.32126	1.98833	1.2732	1.65979	2.526	2.67531	2.09927	1.48467	1.20784	1.2604	0.402689	1.77312	4.388	6.77608	8.24445	8.49304	7.86204	6.91782	6.07109	5.30283	3.37967	1.85339	2.97818	3.18777	2.40127	2.67531	3.39398	3.79348	3.9598	4.32893	4.09972	2.57677	0.900385	0.805337	1.20791	1.37127	1.40628	1.87951	2.36733	1.83592	1.40618	4.59189	5.94303	4.10732	2.17488	0.900324	0.649259	0.649302	1.44038	2.16741	1.98833	2.44799	1.93889	2.51957	3.84396	2.526	0.805337	1.93879	2.51957	2.74096	3.82312	4.18136	2.8166	2.03665	2.51957	3.31686	7.05844	7.4777	5.25718	5.11183	5.54217	5.47241	4.85417	3.45526	1.52777	0.509328	0.360167	0.180085	0.402689	1.93879	3.95952	2.57663	2.52597	2.44789	0.969675	1.54883	2.05248	2.34679	4.43878	4.46402	2.16	4.19677	7.94199	11.4074	12.7524	13.3384	20.2858	26.762	14.5302	10.0819	15.4043	13.9495	6.73836	2.36733	2.92892	8.15931	9.19059	5.53036	3.41292	3.94324	12.0462	10.3643	11.2118	11.683	9.00981	4.50723	9.87137	14.3345	5.23557	3.8815	3.60147	10.8534	12.9238	16.0532	20.6445	33.2294	19.1578	11.9647	14.2255	3.45526	11.0785	9.83452	5.54474	2.16747	5.38664	3.31702	3.54266	5.10526	2.09914	0.649302	0.764021	1.04999	1.04999	0.540241	0	0	0	0	0	0	0	0	0	0	0	0	0	0	0	0	0	0	0	0	2.4146	6.26493	5.08042	5.78777	2.16	1.08039	0.805292	0.402666	0.254687	0.402666	0	0	0	0	0	0	0	0	0	0	0	0	0	0	0	0	0
3.86029	2.01235	1.80907	2.81057	4.10319	4.21164	3.54704	1.85331	0.569397	16.2286	7.94088	15.2	5.49491	1.6983	1.40613	0.402629	1.98813	1.63016	2.57639	2.96707	2.01244	2.17477	3.53334	5.74573	6.89405	6.59196	5.5848	5.07036	4.26101	3.56972	3.37932	3.31662	5.6217	5.66709	3.05305	1.93869	1.26027	3.14154	4.9904	4.83351	3.39346	3.074	3.63673	5.21066	6.64235	6.57491	4.90627	3.06361	1.6983	0.720234	2.03633	4.09907	3.14154	1.63014	0.969621	4.83376	8.72602	11.6727	13.0798	13.6137	9.11292	4.53533	3.99172	3.70695	4.53511	4.32834	3.94304	3.86046	4.34693	4.1693	3.06361	2.34654	1.63014	0.969586	1.48457	1.77293	2.52573	2.01238	1.69822	0.900243	0.540188	0.649201	1.26027	2.41449	4.10319	6.03084	7.92526	8.7977	8.37065	6.73529	4.54591	2.67491	1.87926	2.27654	3.05832	3.74174	4.60564	4.03992	2.99427	1.37112	0.569416	1.40613	1.93869	2.57647	2.05224	1.27307	3.86029	5.46866	4.75655	3.78021	2.5065	2.34654	1.78206	1.94694	3.39346	2.10666	1.45144	0.805253	1.69822	2.74645	2.18954	1.80013	1.93869	1.44024	0.900266	1.15287	2.72285	2.52575	2.03643	1.97996	1.91339	5.57591	6.17707	3.88114	2.75236	2.25503	1.31067	1.15287	0.805253	1.13868	0.969586	0.569416	2.05224	3.94714	3.99179	3.41246	2.92866	2.42106	3.14156	3.94714	4.96808	4.68524	3.61906	4.50675	4.68511	2.675	1.09519	5.10481	7.92305	13.3674	16.3106	15.4542	27.8287	28.7289	14.1976	5.52998	1.04983	1.97996	3.70711	3.45489	3.70697	10.6393	7.74326	2.50006	3.88114	11.9981	12.3144	6.36057	9.98314	5.52977	11.8921	15.0748	19.0968	16.5502	4.71577	4.32847	11.1593	15.2918	10.8081	7.61552	30.7906	25.4101	6.63514	14.6601	6.10178	7.74529	9.93138	8.59312	2.27654	2.74645	1.04988	3.6011	4.34312	1.80004	0	0	0	0	0	0	0	0	0	0	0	0	0	0	0	0	0	0	0	0	0	0	0	0	0	4.03972	9.51098	8.08117	12.9952	14.5632	11.5989	6.80109	4.38754	5.10508	4.49254	1.63016	0.918101	2.5065	3.70711	3.14166	1.26027	0	0	0	0	0	0	0	0	0	0	0
5.23464	1.70765	7.00765	10.9763	13.738	14.6949	14.3355	13.6371	12.5102	13.061	9.25689	13.1807	11.9039	2.59491	2.42098	2.34629	0.360099	1.60998	2.34622	1.93844	1.7819	3.45458	4.74277	6.02767	7.74501	8.4914	8.12918	8.25049	8.23328	7.49571	6.41494	5.31684	6.01686	5.38861	3.70242	2.59504	3.35984	6.46432	7.21972	6.01697	4.75622	3.84334	2.72265	2.25483	3.01539	4.49566	4.83659	4.138	3.70678	3.31637	3.75427	5.22871	6.5744	6.91418	5.84457	4.50628	5.76734	9.9872	13.9768	17.1305	14.1509	11.0645	10.4017	9.07096	6.82389	3.39332	0.180051	2.19679	4.27191	5.17014	4.99341	4.46347	3.43586	2.30461	1.40601	1.27296	2.0122	1.80889	1.62999	1.26016	0.72017	0.72017	2.25493	3.5964	4.58078	5.45963	6.41993	7.99995	9.65392	10.5335	10.9085	10.2574	8.71079	6.92103	4.66416	1.97978	2.03625	4.49219	5.42726	5.54111	4.66075	3.95903	3.18225	1.69815	1.20762	0.805147	2.97765	4.49201	4.6847	4.49564	2.90639	2.49983	2.10654	3.37888	3.84739	2.03614	1.77271	2.44752	4.7156	7.20445	8.7612	9.58908	9.33807	7.6318	5.45963	4.99341	5.63277	4.287	3.06333	2.59504	2.10654	3.70659	4.77295	4.87952	5.05721	5.25619	3.97113	1.69815	0.72017	1.29812	1.62999	2.74043	5.66671	7.81203	7.76947	5.10463	1.98795	2.0122	4.54536	3.45441	3.18728	5.96374	7.74295	8.43179	8.25616	6.82386	4.58076	6.18431	8.63647	17.9036	22.6433	22.2491	29.2064	34.3316	27.8132	19.2009	9.10542	6.71105	6.09085	0.72017	1.93844	7.57116	13.4424	9.9872	6.98732	7.09753	10.5097	10.2771	7.34177	7.58571	14.1971	9.32269	13.2664	24.0696	16.3266	3.80967	12.9024	20.9215	12.675	13.3624	23.6303	22.7796	16.4509	3.3162	10.7945	3.5694	7.27229	13.0148	9.21474	2.34634	1.65949	4.20726	2.88401	1.13858	0	0	0	0	0	0	0	0	0	0	0	0	0	0	0	0	0	0	0	0	0	0	0	0	0.360099	6.81192	12.9481	10.5759	13.0232	17.3405	20.8317	21.9855	17.7857	10.5673	8.14462	7.60475	10.7717	22.174	28.1384	24.0469	10.7484	0	0	0	0	0	0	0	0	0	0	0
5.96279	1.45116	10.2211	10.6782	10.1301	10.7017	11.0663	11.9622	12.3869	10.7059	10.6998	10.4244	17.2827	8.24925	1.13851	2.69852	2.05187	1.27281	2.44716	1.93824	1.65931	2.36661	1.77261	1.04969	1.31047	1.94668	2.65635	3.6406	4.26025	4.27155	4.5059	4.74206	5.38494	3.59584	1.60981	1.08008	4.09834	6.99549	6.27598	5.52897	5.16966	4.74231	4.43777	4.34623	3.70209	2.576	1.45113	1.13851	2.03607	2.81007	3.54184	4.19173	5.17901	5.94171	7.16835	8.93051	10.3704	6.91313	3.94619	11.869	8.89694	6.71758	7.27177	7.63113	7.46965	6.41436	4.72528	2.15939	0.805063	1.97959	2.01208	2.25473	2.49961	2.74609	2.69861	2.74609	3.18699	3.06297	2.16686	1.48425	1.15259	1.77252	2.18912	1.48429	0.742272	0.540087	1.48429	1.09496	1.98776	4.10246	6.96844	9.09077	9.7399	9.60435	7.98532	6.65311	4.05492	1.13846	2.42076	4.27155	5.14483	5.35548	5.08212	4.0192	2.16694	0.763803	2.16679	3.18175	3.20197	3.59584	1.45113	0.900068	1.15259	3.14605	4.26	2.81564	2.30424	3.94213	5.00893	6.47621	7.46965	7.85983	7.63113	7.15068	5.23438	3.94644	3.97891	2.50605	1.27284	1.31047	1.93834	2.54437	2.03593	2.51886	3.49136	4.85264	5.03122	3.31601	2.18912	1.79969	2.49945	3.45879	5.31619	5.8411	4.0192	4.68429	2.33915	1.62985	5.03122	6.66975	5.39984	3.4727	4.21089	6.13983	6.09804	5.21894	4.67397	5.27987	10.1968	10.5086	9.51442	7.61037	15.6714	22.9605	21.7075	20.4157	10.9017	8.47575	10.2806	8.86683	3.0152	2.30424	9.11833	12.7494	8.79617	1.87898	4.79278	3.99108	1.70741	14.6574	5.99485	7.13294	4.67397	16.9122	22.8538	8.00911	16.1107	19.6437	10.3524	18.0115	18.8901	9.43503	16.2752	12.2228	5.63502	9.86817	3.28169	8.75476	12.3862	3.14097	1.8789	5.74439	1.45113	0.360064	0	0	0	0	0	0	0	0	0	0	0	0	0	0	0	0	0	0	0	0	0	0	0	0	0.805063	8.92844	12.9887	7.74379	5.21874	4.14918	9.97543	16.3222	17.7997	10.7055	3.70642	6.33684	13.4411	28.4643	25.4904	31.5419	20.9427	0	0	0	0	0	0	0	0	0	0	0
8.22576	6.02914	10.7477	8.04722	2.54408	0.80499	0.649048	1.65923	3.31568	4.61825	7.86471	5.38756	17.2787	13.6044	9.03457	5.35491	2.34588	1.25991	2.5944	2.09835	1.79953	2.52501	2.50579	1.91294	1.80854	0.763722	1.62969	2.57574	3.24189	3.88013	4.16806	4.13699	4.83547	4.09796	2.67415	1.70726	4.57972	7.20939	6.13914	4.7552	3.34462	3.28138	3.70604	3.792	3.31573	2.67427	2.19636	2.16671	2.44707	2.4205	1.85278	0.763722	0.254574	1.37068	3.07841	6.60915	11.5155	8.46722	9.86759	12.0611	6.10793	2.33896	2.05166	1.9794	2.0118	5.74418	9.65046	10.7121	9.31446	6.47553	4.96667	4.85228	4.44817	3.31573	1.69782	0.569235	2.34588	4.27108	4.40452	3.53233	3.18666	3.49101	3.75354	3.49106	2.94996	1.65925	0.402515	0.509165	0.509165	0.509165	1.87873	3.14067	3.99053	5.98643	6.28555	7.53624	8.37204	9.17396	10.106	8.85399	5.85715	3.5687	1.40573	1.43983	2.80977	4.32725	5.46732	5.7441	5.52842	4.90155	3.30596	3.14077	3.05745	3.42099	4.49114	3.84251	3.42097	5.56575	4.66312	2.50579	2.65607	2.99342	3.30109	4.87857	5.50523	5.52849	5.08158	5.00203	4.59039	4.59039	6.10019	8.70911	9.50054	7.9767	4.71468	0.917822	3.81312	5.16913	6.01587	6.73576	6.84571	5.3846	5.76628	7.34242	3.5687	3.35909	2.74567	1.70726	1.87873	4.05454	7.76783	9.92896	9.5268	6.97689	3.23686	2.61922	4.37153	3.43511	10.5735	11.7526	6.12867	2.94996	13.0434	20.5016	19.2396	19.5342	11.7203	12.2258	15.4946	21.1602	8.14285	6.25488	2.51861	2.8155	10.9742	15.4794	13.2518	14.6527	13.5727	11.5422	8.59264	12.8276	7.10322	12.7808	20.5518	4.03877	15.0859	10.2384	12.2121	16.0821	16.9285	5.45828	10.4483	17.3108	2.74567	11.8989	8.40756	4.50551	11.6742	4.60418	2.01184	6.26254	3.23686	1.07997	0	0	0	0	0	0	0	0	0	0	0	0	0	0	0	0	0	0	0	0	0	0	0	0	1.60966	9.77202	12.0621	8.18905	7.02426	7.04239	11.1977	15.0277	24.3214	23.907	10.5432	4.94072	9.88139	25.5203	12.5861	30.1287	26.2752	0	0	0	0	0	0	0	0	1.43983	2.16671	1.62969
7.72632	5.85664	8.03286	5.82077	2.54386	1.29775	0.74213	1.45094	2.80952	5.05574	6.782	4.54772	13.4217	12.7563	10.1096	7.00568	2.7514	1.87856	2.59417	2.09816	0.359997	1.77227	2.50557	2.01169	2.44675	0.763654	2.40008	3.05711	3.63543	3.87979	3.10428	2.17387	3.14037	4.0976	4.34519	3.63975	3.42069	6.57235	6.5408	6.29501	5.85633	5.30311	4.05427	3.74035	3.31543	2.74556	2.16652	2.19617	2.42029	2.44685	1.85262	1.27258	0.254551	0.91774	1.91278	5.78508	12.2106	5.96198	11.7259	9.77154	4.57246	2.72188	2.05148	2.57546	6.0679	7.06663	9.23269	10.6591	10.0912	7.19134	4.9533	4.85185	4.49092	3.75321	2.72184	2.55653	2.7514	3.94158	4.86166	3.81279	3.18638	3.35889	3.54116	3.54572	3.14049	2.33871	0.899907	0.509119	0.509119	0.509119	1.2598	2.52479	3.41596	4.85174	5.80997	6.78215	7.61303	9.09086	10.0805	9.50786	6.82189	3.97815	3.01453	1.4397	3.07296	4.66974	5.46684	5.61978	5.39904	4.27072	3.14564	3.2416	2.99316	3.10428	4.27059	4.05418	3.42067	5.56526	4.66271	2.50557	2.84377	3.05718	3.24163	4.31938	5.08113	5.49316	4.96623	5.00159	4.65943	4.65943	7.21769	9.96087	9.47996	8.56275	6.285	3.8463	3.06247	4.90119	5.74367	6.66872	8.64111	5.75185	4.83525	7.71191	4.52292	2.33871	2.0116	0.917759	0.899953	2.33876	6.27498	9.30524	9.75249	7.12933	3.23657	1.29781	3.59538	3.14047	9.58591	14.8675	5.22708	3.63543	10.2376	20.0801	19.6594	18.6935	11.0723	14.146	15.5802	26.3131	18.7488	5.06828	3.7531	6.98509	13.7088	16.1255	13.287	15.6139	13.9205	5.97276	16.8829	13.959	16.2365	16.2721	15.0522	7.76699	14.0024	2.81513	10.4479	8.31474	13.371	9.21185	6.21337	17.0793	8.98463	9.72814	9.36024	3.4536	7.96767	4.83507	2.16647	4.88461	4.44399	2.41349	0	0	0	0	0	0	0	0	0	0	0	0	0	0	0	0	0	0	0	0	0	0	0	0	2.59417	10.0166	11.0859	10.1537	8.40106	7.85803	15.8745	18.132	22.8193	28.814	16.3222	5.60834	4.4367	17.1507	17.6437	23.8805	28.2818	0	0	0	0	0	0	0	0	3.2165	2.19617	3.30554
4.68278	0.804867	5.20496	4.95251	2.74513	1.37041	0.569124	0.899811	0.359959	3.82069	5.20496	1.70692	8.79318	8.53951	8.07714	8.57635	7.04799	7.94144	9.03283	8.88057	8.47329	8.22438	6.96869	3.54534	1.018	1.79927	2.18849	2.30359	2.4199	1.85234	1.31004	1.20715	1.6194	4.148	7.7501	10.3499	10.0887	7.37989	4.54716	4.92981	7.0949	8.17026	4.79125	1.65884	2.49886	4.09732	4.4473	3.94118	3.31508	3.09359	3.14016	3.14013	2.6978	2.99284	3.595	6.45193	11.593	1.31008	10.1251	4.27014	3.85861	5.29975	5.47798	5.39541	8.24693	6.28429	5.47798	1.87842	4.92988	6.3373	2.44656	0.402453	0.569142	2.90525	5.27852	6.36499	5.57059	4.24007	3.77842	2.0512	1.27242	1.37041	1.37046	2.34542	3.30531	4.27025	4.50115	4.57198	4.32641	3.595	2.30371	1.07976	1.60935	2.54363	3.59938	4.19417	2.27537	1.018	1.25967	4.96552	6.10671	5.39849	6.91373	7.13081	6.57424	5.20817	3.54518	3.54064	3.43441	2.84347	2.99284	3.24126	2.99284	4.27025	6.29701	6.2232	5.33585	6.63915	5.92096	4.43644	4.25897	3.49037	2.81495	2.70372	1.6589	0.359959	1.13817	2.18849	1.31004	1.54785	5.02961	7.65743	3.31496	6.52322	10.2504	11.8752	9.42441	7.09068	4.90067	2.81495	6.74357	3.81232	4.70013	8.31565	8.44522	3.84609	3.45784	4.13639	3.81245	1.98716	0.917642	1.09464	2.30359	4.01788	5.78454	5.96944	5.99347	7.16625	10.8602	18.5417	7.53472	5.32688	7.69265	14.4668	19.0712	18.6081	7.54301	8.71424	6.73416	21.9382	25.004	3.82089	3.79109	11.4276	14.182	8.37587	6.63215	13.7771	13.2617	13.176	17.6894	8.52283	20.2841	19.8534	14.0403	7.30404	12.284	7.28668	4.34473	3.92476	10.3569	10.5949	4.2094	15.3194	12.8162	4.58928	8.70894	4.96563	5.84212	4.90373	1.98717	2.4199	3.98975	4.96563	3.47183	1.25967	0	0	0.179981	0.254538	0.179981	0	0	0	0	0	0	0	0	0	0	0	0	0	0	0	0	0	2.41323	9.09982	11.2366	12.4403	11.0667	8.35503	17.0202	18.5052	14.5738	31.4925	30.1639	15.942	6.91381	11.5134	18.0476	20.5957	29.3138	1.87842	0.539929	0	0	0	0	0.359959	1.31008	8.54874	10.1409	11.305
6.60729	2.33821	4.4177	6.31396	3.18056	1.30992	1.45063	1.04928	0.4024	4.07312	5.33515	0.648864	6.39676	8.75145	8.77835	9.17469	9.52414	11.199	14.2109	17.973	20.9288	23.1002	24.1889	21.8672	16.4075	11.9051	8.7928	6.64824	4.66875	2.70348	2.15857	1.83469	2.74502	5.23239	8.46512	12.0391	13.5091	11.9461	9.47815	7.15463	4.72347	5.99263	5.32615	3.37726	2.67337	2.61855	4.78095	6.34198	7.09453	7.59494	7.94074	7.85275	6.99314	6.09065	6.52269	9.23923	7.82227	4.28474	9.17094	4.69946	2.57501	4.34825	4.54684	7.72458	4.90002	9.39871	14.0738	13.7664	7.30592	2.25375	4.66193	3.9449	3.88737	5.69784	8.71393	10.9935	9.7009	7.34487	5.72025	3.82055	2.44637	1.53729	0.804795	0.4024	1.04928	2.99257	4.83103	6.66505	8.21599	8.57582	8.26187	8.21599	7.09005	5.24157	3.87075	4.1938	4.37022	3.07236	3.37726	2.5179	5.21696	4.83431	5.10842	5.10842	6.0878	6.60719	7.47703	8.42769	8.15434	7.44764	6.46386	4.69971	3.20095	4.13203	5.66389	4.84747	4.79094	7.87064	8.54816	8.47439	9.31186	9.84126	10.0462	9.57639	8.0942	6.66743	5.457	4.40327	2.52429	0.741985	4.34447	9.27798	9.14387	4.50075	1.04923	6.60743	9.75062	10.505	10.5094	9.21735	5.21705	2.34516	5.4775	7.68186	11.2496	10.4414	8.47439	6.85784	5.44816	2.36575	0	0.741967	0.917561	2.50508	4.5043	5.177	4.83433	5.38606	8.39041	20.9772	18.9227	12.077	8.96938	6.96555	15.0191	20.4791	13.6098	12.9753	5.21705	13.3551	24.2314	14.1188	6.02744	16.3725	18.1789	2.80897	4.2586	15.7003	14.0939	20.1649	4.74388	12.824	13.7705	17.4215	17.0129	2.73912	12.9783	2.61855	6.84356	3.3917	7.41537	9.23044	3.31466	12.4588	15.8772	7.28636	3.39154	5.70058	2.39967	3.9894	3.43414	1.97884	2.59379	4.90023	5.96078	3.9894	0.719825	0.179965	1.25956	1.79911	1.65876	1.04928	1.69734	1.60927	0.741985	0.179965	0	0	0	0	0	0	0	0	0	0	0	0	1.07967	6.1192	11.1987	14.5263	16.2263	12.3077	15.5869	22.2496	13.8744	26.7457	36.897	25.2451	18.7066	22.3261	24.6346	27.1237	32.3751	9.36365	4.75395	1.45063	0.179965	0.539881	3.10368	9.81579	17.905	21.1723	14.333	14.0892
7.995	5.20395	3.63869	7.69303	3.84514	1.65852	1.878	1.09446	0.968934	3.81151	5.21625	1.15203	2.67312	6.25246	6.02653	3.70449	2.80873	4.0531	6.78021	10.5143	13.5378	16.0852	18.4169	20.2787	17.5439	14.5498	11.3289	8.75597	6.30329	2.96508	2.10524	1.20698	2.15836	3.01364	2.75052	3.0615	3.56738	5.38569	6.84332	7.98958	7.85611	5.89838	3.24053	3.07194	4.01712	3.75198	3.31426	2.92683	3.84541	4.57819	5.07969	5.50317	4.57815	3.29985	3.63438	6.13155	0.917468	6.64972	5.58648	5.23163	4.10419	0.763437	4.97742	10.8962	1.7066	10.5813	8.85074	12.381	13.1024	6.08719	2.22475	3.54471	3.34354	4.13551	5.23179	6.98548	7.09357	3.29985	3.05631	2.84299	2.49841	1.91223	2.05092	2.49841	2.27504	1.48353	1.13792	3.66518	4.2695	5.21658	5.96037	7.47458	7.7386	6.74273	5.97107	5.33489	5.02562	3.31443	5.465	0.968982	2.67309	2.59339	2.96508	3.61209	6.98302	8.86436	10.2163	9.06547	6.02687	4.85048	3.77781	2.70319	0.569015	2.65492	4.7398	4.20482	3.88677	7.65596	6.91679	4.79049	5.73084	6.60934	7.44699	8.08366	7.18929	6.57069	6.65725	6.63797	5.10773	1.94562	2.54327	6.43354	10.1512	10.737	9.25543	5.1672	0.968934	3.45262	5.86311	6.66446	6.09514	6.10538	1.53707	0.741916	4.01722	6.91711	5.67205	3.61214	4.68187	2.7446	0.917468	0.569015	0.254492	0.254474	0.968934	1.48353	2.18807	3.43376	5.24075	10.8966	17.8274	9.45723	3.34354	4.8997	7.16017	15.9898	9.8404	12.3676	11.3028	8.62017	16.4527	23.1601	11.7327	15.6402	20.1606	12.1573	3.9688	15.7831	10.2693	13.2861	18.5563	15.1425	14.3763	11.2344	17.9656	4.41724	12.5751	3.687	8.75569	2.67309	5.08251	7.96529	2.19554	8.26842	13.0294	10.8583	5.2072	2.011	3.9889	4.20888	6.28312	3.18534	0.648763	0.508975	4.34021	5.29849	1.60904	0.402358	2.17322	1.70667	2.39937	1.27223	2.01108	2.15836	1.30979	0.402358	0	0	0	0	0	0	0	0	0	0	0	0	0	1.65855	6.52174	11.5908	16.6761	15.6762	12.6713	23.3252	23.8341	4.28429	33.5321	18.71	14.1516	18.5882	21.7754	29.2991	34.3583	10.7424	7.03514	2.90459	0.402358	1.20692	5.89812	15.2986	20.8496	15.417	10.964	12.4146
9.98033	10.4185	7.2479	7.20597	3.14426	1.70644	2.39914	0.402339	1.13781	2.92643	5.24028	1.79867	1.79867	5.97012	4.92841	4.5777	7.90336	7.5496	4.50336	4.17757	5.78291	7.64729	5.46768	6.47211	9.35677	13.2444	15.9625	16.6431	12.913	6.63728	3.88642	2.61804	4.83009	7.2479	8.31153	7.47159	4.73956	2.79691	2.57453	2.81415	2.34475	2.41921	4.36945	4.81677	3.48934	2.6969	4.01674	4.44237	4.28411	4.46047	3.95636	2.57451	1.01771	2.0109	4.49264	5.63168	3.05592	6.57698	4.0526	4.89913	5.76353	5.32839	6.8075	9.7483	4.96404	11.1011	1.87788	2.44577	9.93652	12.2661	12.0368	11.5492	12.1866	14.002	14.8756	10.0813	5.56032	0.9174	0.539776	1.40506	2.10512	1.60896	0.804604	1.07946	1.13781	1.69692	1.61894	3.98862	4.19306	3.21538	2.52382	2.16556	2.59329	5.20377	7.12883	9.03031	9.88193	8.93964	9.30148	5.93556	3.70426	3.10302	3.13915	3.3766	7.30416	9.33645	11.1233	10.532	7.77237	8.08877	7.91728	7.1265	4.44237	0.648737	3.79012	6.25975	7.64729	10.9911	9.18286	4.13501	3.48921	2.4458	1.65843	4.20443	3.95625	4.17774	5.27703	7.33679	8.23719	7.3563	5.93826	3.95636	2.57445	2.81403	4.13513	6.66602	6.69225	4.98683	2.92659	1.20686	4.9866	7.72116	4.34363	1.25931	0	1.60889	2.5238	4.14678	6.60601	4.33981	0.899556	0.648737	0.899602	0.917381	0.968845	1.43914	2.54295	1.48343	6.72991	2.74448	11.8624	11.8716	4.33999	3.75163	4.71224	11.3449	3.18505	3.63402	14.1866	11.151	14.1022	24.0633	15.919	5.77446	14.8582	18.0186	7.70893	13.9201	16.5897	8.36406	26.6717	16.6566	13.7953	11.6259	13.4501	5.53716	9.25068	7.79056	7.68219	3.58037	4.74274	6.24167	1.25931	4.57746	8.27701	9.09898	7.76392	2.22453	6.89085	1.91203	5.39677	5.69952	5.05382	1.29724	1.13785	6.91864	6.71356	2.1879	2.41921	1.04902	2.55553	0.9174	2.01084	1.15193	1.77151	0.804604	0	0	0	0	0	0	0	0	0	0	0	0	0	0.402322	4.3435	9.73395	16.5827	17.0284	11.5368	20.4134	25.6566	6.69225	30.4826	18.0498	8.96022	9.59856	15.1378	23.8744	30.5694	15.543	14.208	9.62468	2.8988	1.40498	7.21466	17.7576	18.6054	5.27681	17.8167	10.7426
5.79329	5.23982	0.254429	3.69943	2.72054	1.83413	2.54264	2.16542	2.44565	0.568912	4.87575	4.83292	2.34455	4.95067	3.2549	8.86128	11.9849	11.7467	8.48498	3.59366	1.15183	3.6337	4.2042	1.29719	2.5236	5.3128	8.70598	14.7803	16.2936	12.6454	10.1721	6.5378	3.86951	3.58016	6.35519	7.82023	6.81865	4.26868	2.57428	1.65825	1.69677	4.43458	3.88608	0.402286	1.5263	2.89863	4.03646	4.40202	3.01318	2.16548	2.41913	2.05052	1.40493	1.40493	5.60264	6.88802	6.0468	7.56544	5.87281	6.73197	9.41436	10.4489	8.70605	8.44202	6.81865	12.4018	8.70605	5.85385	3.13889	4.36906	5.96991	6.21074	8.32781	11.7467	16.5558	17.532	15.7487	15.2878	15.9842	14.7806	11.156	9.45076	12.5892	14.6245	14.207	12.3984	9.74153	6.08894	2.9755	1.4833	1.27194	3.10274	2.54272	2.17283	3.23994	8.40285	11.0854	12.2042	13.0886	11.6643	9.59165	9.20796	9.02952	7.99392	8.0605	8.1575	11.0807	11.7135	8.92989	11.4241	14.6093	16.5558	16.9567	14.8982	10.1234	5.49054	2.54269	7.97982	12.3256	13.5053	14.0008	14.2374	12.4473	7.73916	3.09244	0.359824	2.16544	5.21548	7.47093	8.79032	8.70605	7.69206	6.21074	3.95601	1.01767	2.69672	4.87581	4.61563	3.63816	3.061	1.07936	5.13821	8.41795	7.37717	4.37277	0.71962	1.77142	3.29922	7.42185	7.39614	0.763247	0.9173	1.04898	1.45022	1.53685	1.7986	2.59306	2.5236	2.33759	3.78975	5.27946	12.1551	8.24977	1.65825	5.4552	7.73673	3.77274	3.31372	10.2706	15.2807	18.8144	22.8136	21.1763	20.9491	10.085	12.5719	16.1253	15.3412	19.3199	16.0605	27.0608	23.1789	13.6226	11.1297	6.18739	6.80677	7.79608	12.5191	9.87638	7.31033	4.93792	1.65825	4.0958	5.63128	8.83469	12.4568	12.9295	6.01248	4.44541	2.73834	1.29719	12.5975	16.0603	9.80497	9.44887	14.3871	17.4731	12.0089	3.9884	1.40493	3.05028	0.402303	1.69677	0.56893	1.69677	0.899476	0	0	0	0	0	0	0	0	0	0	0	0	0	0.179914	2.61774	7.03843	16.187	18.8002	15.8838	19.4472	21.9314	13.0604	24.4864	27.6151	7.21441	6.59121	17.048	14.4395	17.7515	19.1526	18.5023	16.3441	6.89024	1.40486	8.86099	23.6614	26.6526	19.1145	25.5726	10.6828
10.3631	9.66355	7.12758	6.11695	4.19219	3.06051	3.77653	3.10243	2.16523	2.44529	2.4977	4.89831	3.45615	3.34237	1.54721	9.5723	6.13507	4.88198	6.4588	5.74033	4.48837	3.43293	2.01051	1.6967	6.02517	7.7893	7.30321	7.74621	9.92982	9.98773	9.97384	9.09591	9.64874	6.31167	2.39876	3.17932	4.17677	3.61545	2.80773	3.31339	3.59771	2.57393	3.31349	4.7116	4.45968	3.37614	2.57396	3.43269	3.18444	2.28858	1.70618	0.179896	1.53671	3.45629	9.48888	9.11266	4.69776	6.62634	4.13434	3.56637	5.02755	5.32443	3.70363	6.40174	5.46671	11.0214	8.16664	6.36217	6.7125	6.7125	6.2102	5.49005	6.81322	6.25836	2.41221	7.84184	12.0423	14.7443	16.3504	16.5291	14.1099	10.991	14.3121	13.9654	13.779	12.8759	11.4324	8.93806	6.36217	4.66709	2.36486	1.65816	4.68085	6.42188	7.53128	11.4478	7.87343	4.85882	7.00161	7.03786	6.27144	7.77099	7.7893	6.52028	4.36865	4.45937	10.9115	13.2414	11.2326	7.8675	7.22255	10.5658	13.3317	14.9828	13.8546	10.9446	8.03258	1.93686	6.66259	12.2827	14.3724	15.2509	14.4877	10.6298	6.18957	4.50262	3.06073	1.62861	1.69659	2.72026	3.59771	3.85683	4.84911	5.05612	4.43436	3.30382	2.70245	2.57393	0.968659	1.9452	2.87593	1.79832	4.33921	7.12521	6.91721	3.21463	0	0	6.71202	8.9585	0.89938	1.40471	0.179896	0.741705	1.13764	0.804494	0.50883	2.74382	1.09412	4.32411	0.359789	8.4298	9.90315	1.87747	6.493	5.89645	1.15179	2.44533	1.70618	10.5317	18.0154	19.5702	12.9005	19.2178	22.6743	6.97192	13.3638	13.4142	9.75324	12.6446	21.2174	21.3349	2.74382	9.00036	4.06363	10.8293	6.52021	6.57121	6.01194	5.46374	3.37614	4.07154	3.17955	4.88198	6.00924	9.29979	12.5175	9.14361	2.41221	4.48837	7.26578	16.5142	15.0226	15.1659	13.1364	11.2563	14.6076	15.6161	4.78914	2.33736	4.07154	0.968659	1.48311	1.20657	1.62858	0.539675	0	0	0	0	0	0	0	0	0	0	0	0	0	0	1.15171	3.14365	11.2121	16.9594	20.6399	21.3706	22.5726	19.145	15.4692	27.6239	16.171	9.01605	7.53983	6.99033	3.18444	11.8538	14.6951	18.5159	9.47402	1.79832	11.4317	29.7372	30.4427	27.242	35.3289	7.26594
8.3259	6.98972	6.25799	6.79381	5.47463	3.88532	3.75057	3.59736	2.50388	3.30332	1.27172	3.14337	4.25638	3.10214	1.54704	9.01525	6.77762	7.21299	6.74005	5.22372	4.1881	4.095	3.13838	0.648553	5.05234	4.84846	2.55481	3.19925	5.5673	8.94925	10.8415	10.4008	11.9249	9.27363	6.90992	7.76209	6.88918	5.45433	5.20216	5.38349	4.78866	4.38296	5.09976	5.71753	5.46613	4.34247	2.70218	2.74358	3.96733	4.59739	4.68036	2.99114	0.91714	1.62843	10.147	11.3418	3.48835	7.80844	5.48919	3.0604	4.50215	3.09184	1.83381	6.27046	3.43239	7.83458	6.11618	1.48297	0.402225	0.74163	1.40466	2.25277	5.74799	8.92293	8.86145	9.09684	8.3092	7.71917	6.01131	5.20523	5.32361	5.73975	8.87352	3.13835	3.56599	6.97164	11.8055	16.0828	18.9278	19.4396	17.6283	14.5516	12.6433	11.6095	10.1474	11.2863	7.71274	3.18414	4.58668	3.4511	0.763139	3.45578	1.70595	1.04878	1.87735	3.43246	8.48293	11.6222	13.5842	10.9599	4.51988	2.10452	0.804375	5.72844	7.53877	4.8152	4.59715	6.25779	4.66652	3.78912	4.17656	4.4986	7.93684	11.411	12.6253	12.8098	11.7119	9.00523	5.95806	4.43393	2.97492	0.917121	1.70601	3.10219	3.4325	2.18728	0.179879	1.97789	1.79825	0.968606	2.17241	3.45582	2.84188	3.52955	5.72003	5.21443	2.57378	0.539622	6.84031	9.22609	1.44991	1.83377	0.899346	1.20651	1.6085	0.899346	0.402207	2.49732	1.30933	4.66643	2.16506	7.53877	11.0439	4.92709	4.98839	4.98839	2.55481	1.97789	3.70305	5.00448	15.1771	19.6506	2.33709	4.7414	17.7353	19.8097	6.80574	19.59	14.4872	10.1948	13.8905	17.291	2.59242	11.098	6.95078	13.5177	2.51669	3.21434	2.18725	0.539622	2.65393	4.43372	3.45128	3.53878	0.508749	7.10456	17.0212	23.7294	20.3708	9.92153	11.5588	18.4063	11.0773	17.9318	7.60342	10.0473	8.53473	14.334	5.22965	2.34398	4.25638	4.66996	7.70284	8.55706	5.60458	1.43873	0	0	0	0	0	0	0	0	0	0	0	0	0	0	0.804375	3.04969	10.6051	13.4843	22.3044	24.3566	20.517	19.8265	3.46986	21.4265	26.312	19.2238	7.34317	8.75082	4.44111	10.1194	15.9913	17.3808	8.59895	12.2131	22.3708	33.0894	24.081	30.6859	37.093	5.73953
12.3009	7.72049	7.87223	8.62722	6.95017	3.38961	2.51647	3.43219	2.28813	2.39825	1.27161	3.14309	3.30302	3.10186	1.70586	6.23177	5.77258	7.1506	6.11593	4.81498	4.18773	4.09464	4.50165	4.73758	4.17619	7.35336	5.58392	1.44976	2.80738	7.20136	10.44	10.955	12.8789	9.80224	7.12618	7.83425	6.46022	4.65589	5.383	5.55826	4.78823	4.4982	5.29628	5.70585	5.56988	4.2373	2.1723	0.648495	3.09156	4.81498	4.56899	4.12969	1.7058	1.04868	9.16581	11.8272	3.23913	9.14198	10.2116	4.13359	4.60043	3.4087	1.52587	6.51869	5.20156	7.09688	6.85132	1.93642	0.539574	1.30918	1.53641	2.16487	4.20301	7.29958	8.57284	9.17135	8.92052	8.28561	6.29045	3.56567	1.30922	6.80501	6.63483	2.81311	4.22585	7.9778	11.8045	16.1428	18.879	19.6499	18.7556	15.2634	12.6853	11.545	9.38184	6.63486	3.93839	2.74924	4.34189	2.19438	1.27161	2.97453	1.7058	1.27163	2.33693	3.63261	5.23834	8.30814	13.1329	11.6278	5.58404	3.27859	1.798	4.19142	8.23397	6.75567	6.60347	7.67721	5.03598	3.7375	4.09855	4.38257	6.45774	10.1206	12.4305	12.8512	12.2008	10.271	6.42066	4.31614	2.97465	3.34177	2.74924	2.8416	3.59704	3.31278	1.65775	1.40453	1.93649	1.25884	1.27161	2.3983	2.84163	2.04991	1.98585	5.02644	4.71049	1.20636	7.34036	9.47237	1.65778	1.83361	0.96852	1.61834	1.60836	1.65778	1.1515	2.25247	1.15156	5.13659	2.19449	6.40058	10.8117	6.68482	2.74333	4.73758	4.57576	1.80702	5.96791	2.65381	12.9735	22.0142	8.50438	6.70375	9.57882	25.9121	14.9559	18.4648	16.4311	10.5227	9.12327	13.5165	1.60829	13.036	8.42832	16.3589	1.79809	3.21405	1.79804	1.94473	2.65369	1.27163	3.54302	3.31291	5.5782	11.064	16.4972	22.7324	26.4103	14.9155	11.9939	16.1556	7.34272	19.4201	3.59246	8.40053	4.34208	11.1922	7.19663	1.85112	3.30302	7.29936	9.97047	9.60991	9.3063	3.21405	0	0	0	0	0	0	0	0	0	0	0	0	0	0	0.359722	4.06291	13.2481	7.59028	20.1299	27.2168	14.1363	18.8361	13.2391	12.2865	28.1597	29.3639	13.4285	8.33846	6.13395	7.1569	18.081	13.8417	5.60135	14.5185	26.4385	29.5812	8.76086	33.5687	32.8488	4.98795
12.769	4.59626	6.83899	8.83455	7.60196	3.31238	1.44961	1.85092	0.254343	1.20623	0.741466	2.55431	2.34352	2.65341	1.91111	5.05136	4.31568	3.45525	2.99056	3.37513	2.84133	1.91111	4.59978	7.43808	1.27149	6.64596	7.81706	4.49772	3.23879	2.10411	5.56902	7.96082	10.5724	5.72733	7.85144	10.2791	11.6639	12.2742	11.1462	8.30951	5.22887	4.10202	5.00364	5.34981	6.62713	8.11992	9.65594	10.7424	10.9471	11.0868	9.85054	6.57415	2.73727	0.359684	7.37409	13.3993	6.60287	8.46647	12.1653	3.70238	3.45521	3.23874	1.94461	7.12511	6.65314	7.36543	8.10009	2.90293	1.40438	1.83341	1.53619	2.57322	3.31256	4.05066	2.41806	3.21371	4.4581	5.02579	3.31243	2.61679	4.32302	6.83921	7.70135	7.1565	7.46805	8.93526	8.39403	7.01541	3.66316	4.33774	8.22351	7.56262	10.3272	13.2395	13.8669	11.5518	7.8395	6.40759	7.33339	6.2492	4.73732	2.8413	0.56869	1.36942	2.69567	3.66308	4.20242	6.35997	11.7729	11.1305	5.6261	3.98672	4.2254	4.83104	7.37404	6.73847	7.58948	7.62271	3.77127	5.93273	8.33031	9.49159	9.27207	7.34211	4.31568	1.62813	4.03474	7.23548	6.73874	6.23903	6.57415	8.14692	8.03014	6.08134	4.17575	2.92508	2.0338	0.741466	0.539517	1.83345	1.93628	1.48272	1.09381	0.56869	1.27149	3.41772	6.68428	6.41998	6.17723	8.831	1.85092	1.15138	0.741485	1.20623	0.508649	1.53619	1.98566	1.62811	0.762949	4.13304	2.28789	4.43288	9.4516	8.36755	3.6851	7.24875	9.0966	3.13774	5.96462	2.5162	8.86287	21.8328	14.0756	5.6261	2.18686	24.5637	23.4647	7.86555	8.07105	11.2832	7.10319	7.83909	2.33672	11.8505	4.96168	17.0148	4.72029	2.94699	2.74895	3.05972	2.33663	1.40431	1.40431	6.66278	12.3934	14.3015	12.6069	10.47	26.6882	19.7665	10.5548	15.5769	4.3415	18.8636	10.2831	3.0755	5.78025	7.24416	6.94943	2.96339	2.16457	5.82942	8.23318	5.37946	9.33034	4.7775	0.179844	0	0	0	0	0	0	0	0	0	0	0	0	0	0	4.2062	16.4991	11.035	14.8224	25.6596	13.2967	13.7002	19.2664	6.08387	22.8753	32.1579	19.5691	3.93797	6.10208	11.3588	20.2673	5.61188	11.7251	12.583	23.1036	24.8628	6.11516	35.9862	29.7971	4.98742
9.71731	2.59169	6.33684	8.33671	7.60129	3.81744	2.19396	1.36924	1.04843	0.539469	0.40211	1.54653	1.85076	2.65318	3.07519	4.17538	4.43267	3.30253	3.05425	3.46888	2.84107	2.00976	3.92132	7.43743	3.4548	3.45484	6.82228	5.13576	2.92493	2.52239	6.30918	9.69803	9.58664	2.44451	10.181	11.4145	11.7724	12.2732	10.8087	8.0079	5.22841	4.10165	5.58301	5.53716	6.62654	8.11921	9.57739	10.6896	10.963	11.0469	10.3413	6.91251	3.25335	2.80669	4.20219	13.3981	11.1171	7.21938	11.4343	2.36395	3.4549	2.78952	1.91094	7.60547	6.88697	8.32919	10.0798	4.09756	1.53611	1.83325	2.25203	5.62558	3.31226	6.56603	4.19053	3.21342	3.19834	3.78786	2.89715	2.41128	3.53777	5.61162	7.36511	7.36511	7.46739	8.77175	9.48555	8.44356	4.30774	2.54147	4.33736	5.95638	11.2413	13.3829	13.9302	12.3668	8.48649	6.40703	7.2021	6.5177	4.83066	2.84105	1.54653	1.3693	2.52239	3.66276	4.66511	6.60461	11.0463	10.8892	5.85897	3.4127	3.63644	4.70972	5.13564	4.98698	7.58881	6.6262	2.67147	7.51792	9.02347	9.58875	9.50387	8.31627	5.27704	2.39778	1.87682	5.42635	6.41941	6.26901	6.45649	7.70068	8.24604	6.40703	4.03455	1.65752	1.01713	0.968295	0.968295	1.52557	2.18666	1.79769	1.7705	1.54653	1.62797	2.55421	5.42055	7.26335	3.13749	7.33463	2.34331	0.402093	0.648368	0.539469	0.508604	0.648368	1.70552	1.04848	1.27134	2.17179	2.50317	2.7014	8.20937	10.831	5.02548	6.51042	10.6096	7.44381	3.53763	3.74951	5.37885	19.6419	18.4662	2.19407	4.66511	15.0552	22.2038	12.7964	6.98769	11.2822	9.62581	0.359652	5.16357	7.28054	3.45012	14.1337	10.049	2.69537	5.05394	2.17188	1.65745	2.16433	1.15128	13.9553	13.2641	12.4107	14.3303	10.2782	26.8769	25.1943	9.11278	17.4245	5.83718	18.1805	12.4653	4.19061	5.60026	3.09096	4.49713	4.81384	1.40426	1.27134	5.17609	4.20219	6.83839	6.01993	0.402093	0	0	0	0	0	0	0	0	0	0	0	0	0	0	3.45012	20.376	17.1101	6.68848	19.4336	19.4705	8.93951	16.8949	9.88867	17.0428	29.0079	24.2341	1.40419	4.33753	15.1634	18.6769	8.51568	17.3361	9.68566	19.8654	27.6888	8.16339	38.4022	28.6326	5.73791
10.6696	5.83417	7.76692	7.99881	7.83765	5.39317	3.34077	1.04832	1.3691	0.568605	0.25428	1.40404	1.44933	3.34077	7.50445	9.98193	12.9227	13.0169	12.4063	11.0612	8.93911	6.06182	5.53633	8.27151	4.82999	2.49651	5.20019	5.80389	4.10128	3.48693	6.87468	9.8985	8.62467	4.53947	9.88759	8.5846	6.68306	8.53192	10.9283	12.6303	13.6569	12.5146	9.53741	5.45241	2.16425	1.20599	1.01702	0.719205	2.03354	4.20568	7.83204	11.7441	13.8861	15.2419	14.8534	13.9928	11.6086	6.97774	11.4706	3.1778	4.94814	7.48584	7.3516	10.1801	11.6244	5.95575	15.6137	8.54059	2.34321	4.34085	5.07257	8.46304	2.1641	7.14154	6.88626	4.32205	2.44416	2.41758	2.09593	0.804062	0.50855	0.804062	1.93584	2.41092	2.92446	5.05342	7.80138	8.74939	9.02446	9.7361	9.05908	8.96185	11.5031	11.5099	9.47021	5.83404	2.67108	4.92543	7.78562	10.8035	12.5991	13.131	12.8016	12.0897	10.5623	7.97762	6.9141	7.58404	10.0294	9.09119	4.87945	4.41413	4.94814	5.29778	5.86947	6.30877	7.41758	3.9535	3.95365	6.85863	5.6137	3.78761	4.50038	6.79121	5.6108	4.0932	1.30879	2.39761	3.63608	3.94155	3.85499	4.48616	6.00898	6.39896	5.95578	4.81361	3.95377	4.73645	6.0933	6.0855	5.44353	3.77485	2.71896	2.51573	2.54121	2.19372	0.916768	4.26608	3.7877	5.55939	2.04921	0.254298	0.402074	0.64831	0.916768	0.648268	0.402074	1.36917	2.36372	2.3363	1.70537	0.17981	6.88394	11.6664	7.34055	3.4871	7.20985	9.1393	3.59163	3.70164	3.10095	16.2879	21.419	10.5255	5.24909	8.5845	16.5668	15.081	12.8283	3.93749	8.15279	5.73751	5.55939	3.77057	8.56832	9.24465	10.4202	3.7018	7.74254	5.71818	4.57467	4.06959	0.568581	19.4182	12.3283	4.31468	11.3376	5.91557	22.0112	27.6985	4.18627	16.9407	10.0065	17.3252	10.5601	5.4051	4.96106	2.59158	3.81704	4.82659	0.804062	1.77032	2.65305	5.97973	5.91538	5.22762	0.568581	0.17981	0	0	0	0	0	0	0	0.17981	0.74135	1.44942	1.44942	0.719205	0	2.33619	20.3881	21.8666	3.63161	10.251	20.8454	12.4788	12.4738	11.8243	17.5942	23.7424	22.8172	7.20119	3.92092	16.646	12.5646	18.437	16.8078	5.78993	17.4264	29.9011	17.0942	37.0454	26.1757	6.10076
10.3391	6.94772	9.87411	7.27913	7.37197	7.04038	4.84603	1.04822	0.916681	0.916681	0.254258	2.16391	1.20589	4.84603	12.4252	12.6036	12.8792	13.0526	12.3903	11.1487	10.1883	8.04536	9.93209	10.2153	4.18979	2.4175	4.14367	5.65861	5.20276	5.06246	7.37192	8.42507	6.79059	4.539	9.20148	9.03874	8.8287	9.52162	11.0448	12.5134	13.5852	12.7055	9.53642	6.56496	3.43082	0.539364	1.01693	1.60766	2.87428	4.59864	7.69308	11.2964	13.6895	15.007	15.0999	11.2324	7.33125	6.74604	11.7072	8.45668	6.6323	7.45968	7.48715	9.03902	19.0322	9.88678	19.2564	15.1468	4.22411	4.20523	5.73416	10.3687	5.45154	5.34809	9.50161	6.83707	1.80629	1.15105	2.09575	1.29625	0.508505	1.29625	2.4107	1.93566	1.65711	3.63558	6.04262	6.73685	8.70571	9.7159	8.95397	8.813	10.6529	11.6567	9.68381	5.83346	3.13675	4.92491	7.7848	10.7394	12.5206	13.18	12.9131	12.1488	10.7924	7.97678	6.28802	6.80934	8.15981	6.10022	2.89663	4.18994	4.96053	5.21207	6.00838	6.15498	5.56757	0.539364	5.73687	5.80322	5.3927	4.31062	4.34032	7.69891	7.0561	5.09706	2.49613	2.04914	3.34064	3.94113	3.93704	4.17457	5.39287	6.28802	6.2981	5.22123	3.93707	5.30924	6.64193	6.08486	6.6251	5.34809	2.92425	2.18624	3.40726	3.44945	1.36898	2.33606	3.73604	3.05887	1.04822	0.254271	0.539364	0.741274	1.36898	0.898869	0.741256	1.36903	2.22283	2.25169	1.70519	1.65711	4.99567	9.63187	7.91111	4.49993	2.41737	6.94758	4.36612	2.57249	1.85048	10.9042	18.9209	14.5129	3.57775	9.57505	14.2034	9.5475	13.0186	8.63302	4.01368	6.27776	3.05887	2.90222	6.85818	4.43178	6.02143	3.2379	9.33616	6.73917	7.84907	7.08742	3.56409	22.9001	12.7525	5.22718	6.6824	7.08768	14.2285	27.8924	4.1859	13.152	10.4949	14.5209	4.49983	3.44963	5.0753	4.36605	5.33006	3.31144	0.359582	2.98957	4.1629	5.05318	4.43181	2.39731	0.568528	0.402015	0	0	0	0	0	0	0	0.402015	1.30867	1.80631	1.80631	1.60766	0	0.968142	15.923	26.4582	10.819	2.00931	15.8571	21.422	7.99812	10.5729	15.545	15.9075	15.8413	11.0387	10.3583	17.3039	6.45498	24.2877	12.0716	13.8915	12.7741	26.3542	16.206	30.2318	22.1664	6.10022
9.99063	7.3306	11.0767	6.00505	5.87629	7.21736	5.5209	1.53562	0.254235	0.96802	0.719071	2.89628	0.35955	6.16198	13.3595	10.9594	1.01684	1.93556	2.41059	3.35463	7.19321	8.23003	13.03	12.0894	5.03362	3.953	3.94078	5.00178	6.73858	8.53934	10.926	12.1963	11.1103	7.64923	10.0216	9.94856	9.37707	7.08692	4.39868	3.59093	3.93669	5.22684	6.04222	8.27035	9.42875	7.83057	4.84585	2.50246	2.04885	2.71846	4.71847	3.60868	0.648184	1.04818	4.4996	8.28375	10.2799	12.4332	17.6171	19.5798	17.2601	13.822	10.8057	6.94721	18.9954	14.2106	16.1176	19.2374	9.51386	7.39091	10.0187	14.2642	12.4475	1.65705	9.52703	10.5949	3.98516	3.44932	3.18243	2.39716	1.69556	1.61757	2.04885	1.44907	1.20578	2.92394	4.23506	1.70499	1.271	1.04813	1.53568	3.1976	4.36944	5.83294	6.73626	9.09156	8.63064	7.54114	8.29883	7.40794	5.1716	2.27287	2.57232	5.6271	8.07023	9.26192	9.63142	8.87589	7.86854	5.73365	3.44932	3.44932	3.59093	3.59532	4.33981	3.70095	3.17724	1.80613	5.92233	7.07591	8.23033	7.90859	5.66665	5.9303	6.76418	5.76957	3.66172	2.27287	1.79723	1.48217	1.30855	0.648152	1.43792	2.89633	4.09252	3.93654	1.70499	4.26541	6.45454	2.89637	4.14331	10.2633	13.004	13.849	13.9488	11.9963	8.22469	6.02117	3.18243	1.85023	2.00919	2.03315	2.09566	2.19344	2.57232	2.27287	2.44379	2.50246	2.3971	0.762665	0.898812	2.92399	2.04885	6.42731	8.58142	8.27035	5.16229	2.89628	4.94691	1.65702	1.80615	5.714	13.3999	12.374	11.6163	16.2309	15.1282	7.83657	14.1764	16.9492	7.07593	1.93549	4.52803	3.63539	2.7185	3.01089	1.36886	3.4679	7.67358	8.14558	10.195	13.6298	4.30652	21.0718	13.2955	9.46812	6.9972	12.5798	13.81	22.8062	10.6861	8.7693	10.0973	11.6066	4.81268	4.78595	1.20583	5.32061	6.1749	3.30157	3.84173	5.45109	4.56656	2.00913	4.82925	5.98671	4.57374	1.6275	0.254248	0.254248	2.16378	2.9241	1.97676	0	0	2.36324	5.09993	4.32151	3.35463	2.16372	0	0.401979	11.0822	28.3824	24.4804	21.4934	17.1439	16.438	13.9316	9.3773	8.53917	10.3035	13.569	14.7912	14.4131	15.9855	2.7185	27.0486	10.0923	18.5673	3.27708	19.2548	10.4707	23.4013	18.983	5.19908
11.5461	6.81977	10.404	3.94845	4.3798	6.46596	5.27179	2.25116	0.254208	0.741114	0.719001	3.38764	1.296	7.15275	11.1749	10.7138	3.04764	1.93538	2.61557	4.03283	7.19246	9.46692	14.9385	13.5045	5.37695	3.93637	3.94043	4.57338	6.0206	7.79955	9.9728	11.7835	12.105	7.64855	9.64152	9.34789	8.53832	6.68105	4.26502	3.59061	3.85389	4.92394	5.37115	7.2977	9.16622	8.74713	5.97805	2.50223	0.254226	1.69541	4.32095	4.87807	1.76982	1.62734	5.24771	9.30133	10.345	11.7109	16.088	19.5781	18.0031	14.3287	11.2726	7.57382	12.1746	14.2092	8.88339	20.5578	17.8634	8.71119	9.81755	13.4214	16.6312	7.6336	6.3069	13.8005	9.71354	3.43032	2.84002	2.17106	1.6569	1.20572	1.04802	1.20565	1.44892	3.68315	4.48466	1.70481	1.27087	2.04863	3.23714	3.29641	4.26505	5.13389	6.41702	8.91709	8.33389	7.43927	8.41085	8.0205	5.90841	3.66135	3.63051	5.84886	7.68559	9.02198	9.58524	8.28302	6.45403	5.07114	3.43032	3.43032	3.59061	4.95941	5.56637	3.95238	3.43008	1.44897	4.09622	6.56387	8.09862	7.90787	5.93	2.54054	5.0234	5.5319	3.66135	2.27266	1.93538	1.29609	0.741139	0.179759	1.0168	2.51502	4.09211	5.13671	4.6288	3.73538	6.79878	6.72354	6.5636	10.0179	12.8864	13.8349	14.6781	13.9473	9.0374	6.81286	6.22817	4.34303	2.10314	2.03297	2.09547	2.16364	2.44356	2.27266	2.57208	2.50223	4.25352	1.27084	1.30842	2.71819	1.04802	3.6129	7.54245	8.53855	7.95725	1.07843	6.70695	1.449	2.78837	4.95931	11.2242	6.98514	11.3162	20.8595	16.8708	7.54047	12.4758	18.7257	12.4022	4.87801	4.73511	3.63505	2.33564	2.90169	3.33982	5.24761	3.60832	13.1266	8.03634	18.136	3.21236	13.7897	12.5082	7.07526	9.44254	12.1467	11.9788	11.9105	15.7386	7.40727	8.71138	9.67524	5.22029	6.09922	4.33936	4.58361	5.93235	3.30127	4.10012	8.60948	4.56608	4.09598	7.46648	6.01801	7.58602	2.9728	0.254226	0.254226	4.49896	2.94578	4.41263	0	0	4.8944	7.05713	4.87827	5.93235	2.4169	0	0.179759	6.96665	27.7926	39.445	23.3568	25.7352	5.58083	15.1524	8.26972	8.53832	9.18619	15.1586	16.5206	13.3584	13.2668	2.16364	27.4477	13.0124	20.1455	5.17398	14.8218	10.7547	18.3305	16.6959	3.43008
16.7122	13.1387	11.4387	7.38948	7.63324	7.33783	5.22577	2.70011	1.20559	1.09319	0.762516	3.33953	3.18172	7.91075	7.95636	9.40676	7.68471	7.48505	6.76322	6.08044	6.73475	8.46174	14.9658	15.0051	5.4617	1.76973	2.83972	3.23695	2.89577	2.73562	3.93577	6.01975	8.6451	4.43773	5.92915	6.0985	6.75115	5.21038	2.71793	1.48188	0.53921	1.98451	2.65202	3.05807	4.26458	6.91134	6.28864	5.13648	5.56615	4.92352	3.87423	3.93984	2.25095	2.27235	4.99426	6.45325	6.3965	5.13648	3.25175	8.85265	10.8461	11.004	11.1082	10.2234	9.09154	10.7129	3.6959	17.615	22.3051	14.6281	9.3005	6.53148	16.102	12.0619	3.44847	16.0704	13.5841	4.06829	3.68302	3.59023	3.55424	3.31068	2.80549	2.25105	1.27077	3.14098	4.49862	4.41242	3.30095	1.80578	3.38733	2.15589	1.43764	0.508361	2.00871	6.01707	4.5832	1.62719	3.77332	4.8711	6.00669	7.52487	7.71534	6.5993	4.09189	2.54034	2.52118	1.36864	1.76966	2.41002	1.0167	1.0167	0.648058	3.85332	6.12985	6.64006	7.40651	6.84702	4.36859	1.60727	2.81109	4.22301	6.28625	6.48535	5.95347	4.89403	2.50188	1.04793	1.04793	0.254185	1.09321	2.59057	4.0604	4.49518	4.32057	4.18472	4.82818	5.41797	6.85621	7.69675	8.63597	5.02295	1.84996	2.3423	7.1985	11.4385	10.7363	10.6744	11.902	8.65239	2.54025	1.13662	1.91003	2.16341	1.93518	1.30833	1.04793	2.33531	5.02309	4.95906	1.76973	2.1633	2.80534	2.89577	4.36489	6.68513	9.38679	4.06808	6.90442	5.58047	8.19049	9.25163	13.3919	3.13599	6.11166	21.8798	17.5835	11.8199	12.5871	20.0577	17.8374	8.99281	1.44881	3.70028	2.57184	3.80314	7.40633	8.05287	6.99585	12.1148	1.3083	15.4667	7.90707	8.48222	6.98417	5.00081	8.96506	5.1332	4.59389	7.71534	16.0713	9.82879	4.97199	4.53757	3.01021	4.48426	5.06103	4.33904	3.08933	6.27603	7.09249	12.7336	7.79875	10.9014	10.0631	5.21975	8.63061	7.29478	8.2193	4.74807	4.84466	1.8058	6.18151	2.92348	0.89866	7.05411	6.41609	4.57269	6.76287	2.30053	0	0	3.61237	24.348	45.3149	22.3754	25.3717	18.4452	6.78868	5.07363	8.38913	11.2357	16.7823	16.9754	11.5502	9.25972	1.40359	24.3123	19.0502	18.0761	7.44029	8.25911	9.17377	13.177	10.9024	10.003
15.7394	13.1376	9.55573	7.44844	7.35452	6.05896	3.87389	2.04835	1.15068	1.7695	1.27061	2.83932	4.57231	7.91006	3.6825	5.90991	7.27892	7.48439	6.71557	5.37904	4.85423	5.2099	12.8411	16.6282	8.21243	2.52094	2.83946	3.6299	4.19967	2.73537	3.23656	5.10149	7.51567	4.71721	3.25147	4.09131	6.75056	4.97134	2.92316	1.79667	0.967745	1.36852	2.55277	3.0578	3.93558	7.11834	5.9126	4.94578	5.62267	5.22543	3.30066	1.62704	1.53519	2.27215	3.25147	4.87734	6.28569	5.86671	2.54007	4.14205	8.35871	10.5923	12.1028	10.0945	6.81165	4.03208	1.13656	10.0187	18.7456	16.0052	9.63517	4.01231	13.7308	13.985	4.20345	18.146	14.7381	4.13054	3.70009	3.58991	3.55393	3.3872	2.80524	2.16322	1.27066	1.27064	3.13571	4.33878	3.87389	1.4487	1.93494	2.1557	1.01661	0.508316	1.7695	5.76792	4.33859	2.04829	2.83935	3.30063	5.39088	7.363	7.55771	7.18701	4.7846	2.73548	2.69391	1.98434	2.00853	1.93494	1.01661	1.01661	0.898557	1.4487	4.43734	6.09041	7.11856	7.75544	6.11112	2.1557	0.89858	3.56296	5.76821	6.51409	5.23463	3.35377	1.27066	1.04783	1.04783	0.762448	2.10266	3.58982	4.18454	4.37924	3.53577	1.43751	2.44312	5.41749	5.95297	5.07011	7.64669	5.76792	2.34205	2.34209	5.02265	8.67893	10.4026	10.9019	14.2237	11.976	4.3349	3.08905	2.00862	2.19282	1.79672	1.15068	0.254176	4.52653	3.68269	6.46496	2.71769	2.41647	3.31021	5.1327	3.86562	8.02466	10.5962	7.08481	4.48756	5.71547	9.1507	9.25082	16.8679	4.49823	9.75025	21.4565	16.524	14.6024	12.9643	22.8381	23.0458	10.712	1.09311	3.9191	2.92322	4.49826	8.01883	8.82546	7.68403	5.20084	0.740998	7.57214	8.39989	5.13286	1.7695	6.26785	7.05584	4.71713	6.44285	6.98382	11.3756	13.65	4.77461	2.87321	2.36257	2.25075	2.69391	3.42958	2.09497	8.78098	6.95666	14.1974	7.12082	11.9151	8.32491	7.18693	7.11834	8.07378	9.25082	8.85193	3.33923	4.65215	5.3878	5.49622	0.967781	8.51091	4.73401	6.58403	6.01654	1.79663	0	0	1.61711	16.974	44.5652	32.3201	16.1986	21.6663	3.66076	4.8277	10.3081	15.1648	16.3632	15.9019	10.2631	5.2709	2.78786	15.646	18.7181	10.4321	6.28548	5.19789	9.00808	8.73998	1.98436	12.9397
6.73338	3.176	2.3349	3.41512	3.2758	2.27198	1.48159	1.13644	1.0165	2.16292	2.36236	2.00834	5.07578	7.58376	3.30016	5.04753	5.45797	4.23362	2.41634	1.53508	2.97195	3.95126	10.171	15.9687	12.0599	8.54898	6.90105	4.67589	2.73508	2.51428	3.5939	4.97082	7.72994	5.40201	4.77411	5.78133	8.5707	6.12866	4.81081	6.37294	7.64628	7.43914	4.49786	2.27198	0.967678	4.65166	5.09795	4.94525	4.59645	4.49779	3.06795	2.41634	2.50148	3.41512	3.35342	2.89529	2.69362	3.48489	2.98814	2.39622	4.16097	4.48708	7.19043	4.52605	2.74108	5.20959	4.82412	5.90652	11.5481	13.9295	16.0835	17.1049	15.7015	12.3091	4.66198	18.2055	15.2232	3.61182	1.53502	2.59007	2.94489	3.84024	4.34203	4.45495	4.89323	4.34203	3.33904	2.19259	2.25051	1.70432	1.62689	1.62687	0.740919	1.1364	1.48155	5.66417	4.59276	2.74095	3.62946	4.33832	6.4865	7.50036	5.80055	4.43676	2.94474	1.36832	1.97599	2.9612	3.69965	3.57604	2.92296	2.55249	2.50148	2.55249	2.65151	1.87555	1.4485	4.49768	6.44217	6.965	7.6833	7.97301	6.79931	3.98381	1.36837	1.20531	1.44857	2.04813	2.04813	2.00838	2.8952	3.95135	3.63397	3.23635	2.89529	1.6949	0.762367	2.00834	2.18515	2.89516	6.45186	6.25184	3.25112	1.44853	1.36832	3.09917	4.54025	6.21365	13.4173	13.7654	8.43252	7.36222	4.53684	1.9348	1.1364	1.79653	2.00841	6.16478	3.45258	7.07295	4.73351	2.94474	2.98814	5.34555	4.1301	7.76254	12.6728	10.1848	5.16028	2.59007	5.44894	3.30013	15.9741	7.54005	7.82717	18.5522	11.8481	16.0468	10.95	24.5983	26.5827	15.9979	4.59645	2.17033	3.0574	5.34547	10.4308	10.6809	7.2933	4.18787	2.90072	5.09795	5.74252	2.98828	2.49505	6.08953	5.10095	3.69956	6.1596	4.33444	9.08787	13.7446	1.62687	5.57927	4.57204	3.53995	3.81508	3.38684	5.96011	9.84266	0.803605	11.686	7.84553	14.809	10.5475	11.334	4.82724	8.78006	8.62721	11.8056	1.36837	5.2945	2.36232	6.23398	0.401822	8.99109	4.09088	7.70544	5.71179	1.29563	0	0	0	9.32506	39.7575	39.3719	21.7201	17.3036	7.59003	8.20434	14.4737	14.7287	13.7869	12.9973	7.53996	3.1811	3.93907	7.82916	12.8315	2.33494	5.45776	4.36396	4.77411	5.22488	5.71459	12.3016
9.54222	5.21828	6.4244	8.68455	8.9507	6.00238	1.29552	1.90939	3.87313	5.378	4.89605	5.53007	8.05062	10.1106	7.85865	10.017	10.7507	11.6595	12.7484	13.363	13.0303	11.2027	11.4058	13.4475	11.3979	11.0345	11.3618	10.5187	8.24944	5.95187	4.93182	5.48066	11.4191	11.3494	11.4103	11.9067	13.2362	9.19644	2.53953	1.07802	1.29558	3.19591	3.30957	1.54535	1.13634	3.65997	2.36215	1.40319	1.29552	2.87265	3.8524	4.06714	3.88146	3.83565	4.01149	4.58212	4.48322	3.30969	1.65619	2.03207	2.69331	2.36211	5.37491	7.13714	9.16271	11.2643	11.2193	11.5751	12.5836	19.1973	24.9969	26.9627	21.8854	10.5991	6.34233	16.4572	21.446	22.7894	19.6835	15.2341	12.6017	8.31761	2.87265	1.36825	2.94463	4.69257	6.21333	6.59754	5.73385	4.18757	3.09895	2.0082	1.65625	2.0082	0.508243	4.66157	5.79994	5.03118	5.1317	4.81018	7.87483	9.79162	9.97534	9.38462	8.26654	7.0972	5.46045	3.30001	1.30796	1.30796	2.53962	2.74084	2.81041	2.9227	2.66944	1.69475	0.740853	2.09456	3.07289	4.45455	5.96255	6.94392	7.60008	7.99397	7.87499	7.68876	5.74205	4.09838	4.4293	4.58212	5.378	6.5686	6.72369	6.12312	6.26427	6.17224	4.98345	3.73393	2.78739	2.17013	4.18742	7.41293	9.17124	9.2895	7.72967	5.09445	2.69936	3.53947	10.5066	13.2645	11.8758	11.5659	9.34962	6.59744	4.3082	1.84943	0.967592	7.50574	5.91145	8.95567	7.97004	4.33406	3.04667	7.72967	8.8559	5.44865	13.2642	12.3535	8.1131	9.58157	6.5686	5.23362	14.2359	17.4339	6.01828	13.1218	10.4891	13.3028	4.65145	21.8065	27.844	25.7175	19.292	7.73155	1.04763	8.70758	15.8925	13.4108	9.10296	8.3851	7.30108	3.93872	2.87265	5.0598	5.27009	7.99364	6.62119	4.30447	4.59588	5.66367	8.52582	9.92656	5.91132	4.20285	5.6639	3.63368	3.81474	4.45455	8.45223	13.4165	10.4894	8.21106	10.1899	12.2709	6.48094	15.1532	4.99285	8.45937	6.26143	11.9699	3.69923	2.57109	4.31202	1.77823	5.19688	4.49728	5.44865	5.56151	5.26983	1.93456	0	0	0	4.49735	27.7792	40.3857	37.6659	25.0207	12.112	13.1589	18.0342	17.6157	12.2415	6.26143	10.1902	8.04086	4.99285	4.26324	11.8718	10.4362	8.74383	7.71119	7.19016	5.77536	8.35309	12.0397
11.2014	5.91899	6.32652	8.04983	6.30416	9.40149	4.67476	4.82626	6.485	4.31157	3.95061	6.48023	9.50039	14.6292	11.0759	9.97392	6.70408	7.9834	10.553	12.0202	12.9083	13.2531	13.7942	11.947	5.37421	3.13478	4.73625	6.17169	7.38675	7.75341	6.86996	5.26956	12.5227	13.1892	6.90215	7.84411	12.8948	12.0029	6.78608	7.69418	8.82683	7.36751	4.26301	2.04776	2.66901	6.21248	6.32677	6.34685	4.58171	1.65607	0.898325	1.65611	1.54529	1.30779	3.19557	3.13468	2.53939	2.1922	1.54529	2.39578	3.93446	4.82656	5.3686	5.86512	7.28978	7.22882	6.56801	10.1587	6.69712	10.5542	10.6243	12.1197	13.4051	8.67626	4.01117	9.16009	14.9326	19.9525	21.3925	17.9411	15.9666	14.356	9.45124	3.69898	2.18479	2.19205	3.23574	4.45416	5.07515	5.07198	5.03074	3.13478	2.28574	2.57084	2.18474	1.93436	4.49691	5.73314	7.11626	8.37657	8.69948	6.80935	6.32664	7.20488	7.82617	7.58282	7.11878	6.01777	4.5712	2.6991	0.740759	0.647773	0.740759	0.401767	0.401744	1.01624	0.359342	2.22129	2.44239	2.40922	1.76906	1.27029	0.740784	3.8144	6.51225	7.97161	10.9758	9.32156	2.7347	2.89477	3.44737	3.93446	4.14089	2.98775	3.44737	4.5712	5.07198	4.82327	3.68165	1.54529	1.15036	4.1872	6.90215	8.41444	8.47385	7.11878	4.77326	2.7347	5.5723	7.67122	6.67788	7.60531	7.22867	6.52899	5.19624	3.77207	2.83866	9.99865	7.43526	7.36707	9.58499	5.31752	4.60935	5.60966	5.69141	2.74633	11.7425	16.6105	5.20849	7.08987	6.79807	5.26963	8.11239	16.53	13.6801	9.46266	8.91276	3.87265	6.38662	10.2735	18.2833	19.05	21.2433	15.2011	2.27157	10.2192	18.3138	11.9814	2.90031	7.74683	7.92371	6.81653	5.82975	8.57486	7.9834	11.6565	10.6555	4.09402	2.10203	5.59513	7.72643	7.5113	9.77117	3.68139	4.34096	0.898264	0.508162	2.22129	5.44827	12.039	10.8353	6.5777	12.2735	14.7861	5.37457	13.5922	7.9612	7.63633	4.43607	10.4464	4.48252	2.29963	3.13481	5.98292	5.9056	5.66314	3.93449	3.00917	4.01094	3.69447	0	0	0	0.359342	7.75307	18.7168	23.8128	22.7093	11.1702	10.545	15.5252	12.4114	6.98196	5.45671	9.26826	12.0334	5.4156	2.33446	7.20484	8.69463	6.01515	5.38627	2.4946	4.1291	6.01744	9.65148
9.91233	9.74686	10.1198	8.4134	4.77276	12.5699	8.17095	6.0747	9.12471	3.98269	7.07121	8.20757	10.962	17.2708	10.4515	10.4708	7.69737	6.63924	5.62324	3.45165	5.07434	10.2002	16.1101	15.4654	6.67718	1.30767	0.967368	1.27014	0.915982	0.647716	0.967403	1.98358	10.9353	12.8585	3.23536	3.69846	11.9803	13.8642	9.84007	7.15777	4.58123	2.55177	1.27012	2.39554	4.86884	8.38349	7.43706	5.57782	4.14052	3.96242	2.94406	2.66892	2.29954	1.52411	2.53899	3.40467	1.53464	0.538952	0.179655	0.538952	0.803376	2.27126	3.60629	3.088	5.2079	4.45346	0.803376	6.57671	4.87549	6.78546	1.60644	2.40887	10.5689	10.4871	8.5887	7.62963	2.83836	3.09829	9.8417	11.0072	13.3007	17.9115	19.8982	18.0178	16.1063	14.1874	10.5049	5.84547	3.45165	2.50077	2.41553	2.80987	3.68126	4.01075	5.13091	4.94386	3.63294	3.80119	4.8225	8.15367	10.5208	10.3448	10.2323	9.24228	7.23691	3.40477	1.09268	3.93814	5.43884	5.62324	4.09774	2.55177	1.15024	0.508144	1.07781	1.25739	0.967403	2.51996	2.97123	3.13962	2.34118	1.76888	0.647747	1.27014	1.04747	2.34111	12.0777	11.218	0.898184	0.401708	0.254077	1.30767	2.92202	2.34118	2.2855	2.7403	3.29449	3.05133	2.61405	2.57058	2.90001	3.53439	3.3091	2.57061	1.53459	2.51998	4.2513	4.94386	6.47969	7.71162	6.44281	6.0774	5.84522	6.32583	4.2209	1.70389	0.74069	10.9185	9.46164	6.18108	10.5645	6.38585	9.6891	10.7814	10.8963	8.5335	8.34013	20.2113	10.731	6.39346	6.46232	3.3091	4.30734	9.91686	15.8005	10.2002	9.46164	2.69279	4.78263	5.13075	13.4136	11.7726	17.8825	18.8298	3.62843	8.45774	15.8005	16.2893	11.0366	7.5213	1.90901	7.18877	7.68728	1.65587	4.15974	10.4455	12.0019	5.44743	1.44812	4.18661	8.09378	8.3157	10.7352	5.2079	3.69846	1.13608	1.43695	3.74593	1.01621	9.26737	11.1692	9.59434	9.10095	11.6985	1.13608	11.7958	11.6462	6.72239	8.24785	6.46486	4.03051	4.69141	1.69434	11.6462	9.62479	13.1424	5.44743	4.33697	3.8055	3.61064	0	0	0	0	1.60644	6.84354	13.1881	19.6619	17.6018	12.1071	14.3913	8.69336	2.04749	10.2077	4.03051	14.5337	7.23661	4.31838	0.647747	3.13439	2.69292	3.05652	1.54505	5.68785	2.27126	4.30363
7.07057	10.1678	10.1572	7.11742	4.84217	12.228	12.5931	8.01521	9.58336	5.44712	7.8628	8.06416	14.2503	18.1379	7.40211	9.08645	9.66918	9.7889	10.1021	10.6917	9.5789	6.81527	11.4226	15.6023	9.22264	5.45595	4.53515	3.13419	1.93408	1.44803	1.13601	1.36781	8.2143	10.9975	7.07057	3.56126	7.82429	12.112	12.2803	12.6687	11.4606	9.47605	7.73557	5.73208	1.44801	6.61721	8.80383	9.13973	7.84276	6.72179	5.09301	3.78409	3.42801	3.83881	1.61633	3.21021	4.22062	2.50055	1.94241	1.52398	1.27005	3.1392	3.1392	0.568062	5.94988	4.81544	0.359276	3.24995	4.82233	3.65901	0.718523	1.07771	6.61949	10.5874	12.1425	12.3946	7.95218	5.20769	9.9243	14.8636	18.4923	23.2547	27.9829	30.0415	30.7711	31.1552	29.2946	24.5631	20.0262	15.7268	10.6382	6.01659	2.74006	0.538904	2.74006	5.06787	5.84498	4.96918	2.51335	4.53501	8.20878	10.1753	11.8018	12.5006	13.4131	13.5629	11.2829	8.17255	5.41491	2.87744	1.40272	1.27003	1.09257	0.359276	0.740625	1.13601	1.01612	0.359276	2.19177	3.08773	2.8039	3.05634	3.95	4.20166	3.95	4.49612	11.4987	11.678	3.4279	0	0.254055	0.718523	2.09396	0.647658	1.43682	2.69269	3.5882	4.09347	4.04617	2.96003	1.44796	0.718523	0.803339	1.54499	0.967317	0.898127	2.29934	3.3378	5.20753	6.00051	4.03018	3.56107	4.87482	7.7026	5.09906	3.17499	2.92187	10.5431	11.3136	6.48167	13.5141	12.8579	12.2083	10.677	11.6259	13.83	6.69583	16.7037	16.8349	5.55437	9.528	6.0033	9.19411	4.27723	11.8013	14.4652	11.8837	5.45862	4.18254	4.66043	16.7801	10.2297	8.64773	25.1997	17.6423	1.40279	11.5442	18.681	19.3215	11.5191	9.38156	15.0963	17.5934	12.6158	9.16841	6.30282	8.51616	9.34181	3.9702	5.34377	10.134	11.813	10.5431	5.55427	4.09737	1.40272	4.33664	4.71496	6.73089	14.6198	13.5463	10.3605	1.40279	10.6421	3.05106	12.1756	14.3002	7.96015	9.96481	7.50402	4.92066	5.38811	0.508099	12.9833	12.9892	14.4191	12.9648	2.40876	3.13935	1.61633	0	0	0	0	0.718523	3.80517	10.0097	18.817	24.0524	22.5187	15.749	8.81793	7.20347	13.0324	10.7075	12.9008	8.38444	4.25074	0.803339	1.87486	2.66868	2.16961	2.97085	8.56011	4.33671	3.94979
0.401647	1.15001	0.967215	0.401647	0.17962	7.0337	9.82247	6.79608	5.99987	5.0922	2.16189	1.84871	15.6352	18.2966	5.37269	4.67344	4.60802	5.19781	5.37592	7.33096	9.23381	9.09946	8.73494	11.9692	6.57544	4.82509	5.44654	4.49564	2.7456	1.62611	0.40163	1.13589	6.08663	8.24781	5.55368	3.98184	3.2937	6.64496	6.80291	7.70822	7.79757	7.70822	7.96718	9.68725	6.28183	0.254014	1.69409	3.69791	4.20122	3.4834	2.87713	2.27082	1.44785	2.28505	5.56215	2.15444	4.26161	2.2207	2.09384	1.9422	1.26994	2.04707	3.05592	2.55127	5.53057	4.45259	0	0	0	0	0	0	1.25715	2.80932	3.68054	8.9049	8.29146	3.80058	4.26172	5.07047	6.61897	8.3239	11.174	14.3893	17.2196	20.5232	23.1769	21.2382	18.0582	14.8808	12.0191	9.66817	6.80768	5.09552	3.83409	2.16184	2.95979	3.04548	2.09384	1.83114	3.17448	2.83769	3.62773	4.18587	6.54915	10.4897	12.4944	12.0798	10.2516	6.89778	3.69793	1.79567	0.718446	0.80322	1.20478	1.90874	1.9422	1.80458	1.76846	0.762002	0.568002	1.65558	3.53371	4.98152	4.9429	5.73156	10.8261	13.772	6.95458	0.40163	0	0.40163	3.37081	2.33383	3.29858	1.26987	0.401647	1.13589	3.37081	5.23132	4.3028	3.81326	3.2496	1.25715	0.567984	1.62611	2.04715	1.87466	4.02975	4.92974	3.94541	4.12415	5.43763	9.57743	6.57539	1.69409	2.55127	9.73185	11.7949	4.86789	8.94714	11.8942	4.89075	6.74665	3.68035	7.60326	9.6664	5.92811	20.3015	12.2704	6.87911	8.603	5.71214	8.07877	5.8875	12.553	14.4328	9.06808	1.60619	1.60619	21.3684	7.75096	14.3546	19.552	24.7182	11.6558	3.94958	6.33987	10.6586	13.1753	19.8214	13.9303	11.3681	23.1961	16.1025	6.08414	2.27089	10.8132	3.76661	4.4956	8.92414	14.3432	9.81279	2.44167	3.42765	6.23102	5.04502	2.27089	10.922	16.5713	7.59681	9.80962	8.56665	12.2701	5.0197	11.8349	15.0385	6.12044	1.87466	4.49571	5.01984	2.87153	0.647589	10.9277	17.2907	9.57579	17.6785	1.20473	0	0	0	0	0	0	0	0.17962	1.62611	5.8633	10.7979	13.1175	12.2409	10.0843	8.31441	9.39922	11.789	10.5556	6.73264	2.97053	0.17962	0	0	0	2.4084	11.7729	5.04507	10.7174
0.401594	0	0	0	0	3.69309	5.47805	3.46458	1.87444	4.98082	2.94308	0	14.493	17.5709	7.80679	5.55886	3.60523	3.9613	3.48309	3.29355	2.89919	2.16176	4.02939	8.5749	4.52349	1.83098	3.27389	4.48455	4.2198	3.63192	3.45067	3.05574	4.42701	6.07822	4.17004	3.4037	1.97487	4.42698	3.33698	3.29826	3.73196	3.74487	4.36157	9.96408	9.36825	4.45243	4.59041	3.93296	3.05574	2.24934	1.76831	2.24924	1.13576	0.803183	7.98984	6.26368	7.92101	7.51094	4.99065	2.51926	1.04713	1.54461	3.09742	2.9213	5.38419	5.73928	2.56986	0.538799	0	0	0	0	0	0	0	7.14672	7.83686	1.65543	2.97027	2.04691	1.20462	1.29496	4.00962	5.3248	5.59335	5.90596	9.32817	10.572	12.6137	14.7811	14.8735	12.8906	10.797	10.8821	11.111	10.4475	7.75032	4.33957	1.94203	1.79542	2.89908	2.04691	2.04689	1.26978	1.44772	1.8044	3.77052	5.22193	7.00858	7.99017	8.62992	9.08152	8.82344	8.35701	7.86128	7.45197	6.89948	5.94899	4.82464	4.02956	3.81292	3.69756	3.91647	2.16165	2.49364	5.07002	10.1443	15.9948	14.2511	6.90625	1.61602	0.647532	5.06978	4.36157	6.52665	5.04468	1.61602	0	2.80895	6.07569	7.04879	5.8274	9.49229	9.7203	8.83406	7.95079	6.96111	5.70887	4.78139	3.83375	2.33353	2.41484	4.26123	9.96408	9.83896	5.6047	4.3763	11.1161	11.6482	4.00945	1.3073	9.23933	3.30811	4.0925	1.25703	2.16176	10.7223	8.95145	10.0629	10.425	4.42717	10.2048	5.04468	9.15662	6.21038	6.01517	15.7529	14.7857	4.24991	3.46458	22.0663	7.28899	21.7811	4.91961	25.515	18.1835	6.95202	7.0424	2.69209	13.2208	23.9953	18.7783	0.897952	23.9598	23.2813	2.55105	5.68928	5.94872	5.8274	3.42728	8.87594	15.9682	9.68622	0.761975	1.20468	7.95828	5.07291	0.253992	9.55713	16.6143	12.2247	11.0997	7.96816	10.5732	6.01517	9.59117	15.3242	7.28892	0	0	0	0	0.401594	6.8785	16.8241	7.75849	14.493	5.38423	1.43654	0	0	0	0	0	0	0	0	0.401594	0.915722	2.36098	3.27395	3.44603	3.40381	2.89365	3.86302	3.91658	3.27389	1.60598	0	0	0	0	1.2949	12.2094	6.48259	11.3789
0.179589	0	0	0	0	1.83082	3.96095	4.48057	1.44758	4.73039	3.69709	0	11.6197	15.5343	9.29235	6.90316	3.22918	3.40351	3.53763	3.23423	2.69192	2.19115	3.35113	6.57905	4.27581	1.83082	2.10113	3.87094	4.51261	3.63159	3.45037	3.13846	2.69781	4.06463	3.93243	3.4034	1.80426	3.93649	2.83716	2.79147	2.98618	2.51264	3.58718	9.32582	10.2283	4.43764	4.59	4.16985	3.05547	2.87662	0.647506	1.53402	0.507955	1.93346	9.19117	9.0287	7.39395	8.4327	6.80168	4.36475	2.04671	2.55069	4.89309	2.94297	4.67274	6.12467	4.70334	1.20452	0	0	0	0	0	0	0	5.16597	7.83617	1.44762	3.45021	1.6258	0.538752	3.06584	5.37188	5.37201	5.59286	4.40868	2.83716	7.17506	11.2676	14.1875	15.7	13.7016	10.8812	10.7961	11.0269	11.7713	9.43209	4.99658	3.69714	3.30769	3.1332	1.6258	1.04703	0.761908	1.30722	1.61587	2.55082	4.81434	6.6369	7.62687	8.57095	9.08072	8.85095	8.32621	7.82852	7.45977	7.11542	6.85043	5.24275	3.98121	3.87926	4.13894	5.52672	4.43741	3.78291	5.20619	8.69047	13.9175	16.1585	12.0331	3.6093	0.897849	6.79455	6.59358	6.24797	7.53516	3.6093	0	1.25692	3.98114	12.3748	11.771	9.25915	9.82104	8.9457	7.97378	7.00578	5.76384	4.08842	2.56963	1.65525	1.14975	2.33341	7.70878	10.0314	6.24797	4.49137	14.6832	11.8906	1.7953	2.73916	5.86214	6.90316	1.30722	4.77076	3.23414	8.35786	9.53691	3.13323	7.11297	4.42678	9.23343	9.29233	8.1433	8.73164	4.09606	12.9823	18.9866	11.1054	4.48057	18.9646	12.5798	19.7004	8.53028	21.9839	19.4601	7.13981	6.97865	6.71961	7.55201	21.8854	24.6287	8.22154	16.9795	24.7948	15.7883	5.68878	4.43741	6.12474	3.1333	8.38207	17.1328	9.93195	1.26967	1.14981	6.71015	5.07247	0.761867	5.16912	12.7185	13.0598	7.2538	4.56884	8.60331	6.50153	5.62097	15.7883	9.50409	0	0	0	0	0.179589	3.23416	11.521	8.99252	5.77184	8.5706	3.20916	0	0	0	0	0	0	0	0	0.179589	0.567901	1.53407	2.73929	3.42704	3.08686	2.80311	3.58718	3.48278	2.10113	0.718319	0	0	0	0	0.803077	10.5124	6.48202	9.92104
0	0.897777	2.66762	2.98601	1.6157	0.401516	1.30704	3.79938	3.57321	3.4265	4.42612	0.538694	9.01208	13.0271	10.2258	9.97943	8.05912	7.18537	6.69325	5.57516	4.81383	5.1934	4.96725	5.16857	3.84964	1.53385	0.359135	1.13557	3.65759	4.57904	5.23011	6.09302	5.4451	3.00742	3.23373	2.92058	0.897754	3.55968	2.92058	2.73886	2.49303	0.966905	0.647406	6.35035	9.55533	5.31477	8.74703	10.8744	9.99359	9.91268	10.7936	12.1016	13.0161	13.6808	14.838	13.1137	8.70226	9.88122	9.97935	7.57403	4.31645	2.69157	4.02859	3.17375	3.69684	3.53709	5.2207	2.4409	0.359135	0	0	0	0	0	0	3.20882	6.90478	4.95433	0.802992	3.20896	3.17375	4.3349	4.49069	1.65507	1.87413	3.69686	6.11903	7.47587	7.35465	6.801	8.41477	7.97847	5.72988	5.62056	6.16807	10.3265	10.9977	8.96387	9.24293	8.62085	6.10585	2.36052	1.01567	1.14968	2.4145	2.73899	2.34	1.4474	1.09214	2.0466	2.837	2.73899	2.73311	2.80281	3.44536	3.94846	4.92851	6.98908	6.80572	5.73002	5.66016	6.50843	8.81804	9.62846	9.17699	8.54256	7.11467	7.66698	11.1635	13.4798	7.53437	0.803026	6.17815	8.04532	7.11467	4.5928	5.3744	7.95716	7.57428	8.50403	14.1856	12.2715	0.359135	2.09315	2.49315	5.20567	7.25315	8.60285	9.32686	8.81821	7.97294	7.07463	6.05379	5.75206	8.63695	6.45939	6.24736	17.3035	10.423	4.43339	7.79539	5.37145	7.68329	3.05506	7.07884	5.92897	3.78244	7.27019	3.53726	3.07078	2.44098	9.34315	10.4864	3.17375	9.51158	13.7002	8.60273	16.3213	14.4598	8.07641	17.6297	15.3548	13.4909	15.2238	15.9871	16.9777	4.24927	3.17868	11.0378	4.48016	18.0756	27.9218	21.4239	11.7364	20.1261	21.1923	4.45133	11.2663	9.96878	7.34172	11.5792	16.7867	8.6206	1.4474	0.179569	4.80696	5.73817	4.0446	0.740354	6.78224	10.6628	7.00504	1.79516	6.7	5.92618	3.65751	15.1463	10.5449	0	0	0	0	0	0	4.00867	9.06736	4.06441	8.169	4.0642	0.179569	0	0	0	0	0	0	0	0	0	0	0	0	0	0	0	0	0	0	0	0	0	0	0.401516	7.66691	7.94911	8.77531
1.97431	6.87446	12.2512	13.0669	9.97856	2.15363	0.740289	2.96943	5.34095	3.07055	5.92566	1.04683	5.9471	11.2175	11.9398	11.1368	10.5387	11.3224	12.8626	15.6174	17.236	15.4577	11.6978	9.40242	9.09436	8.51985	8.22038	7.04713	3.78228	0.89772	0.915481	2.73287	3.84947	3.29262	3.76945	4.12649	3.0496	4.49394	4.48328	4.51174	4.15744	3.0496	2.89283	5.41805	9.18945	5.97125	11.9398	14.8915	18.3883	20.9781	22.7482	23.1031	22.6457	21.8056	21.1536	18.9546	15.6183	15.6107	17.3388	17.6032	14.7613	10.3034	5.20521	2.33979	2.49281	3.22855	3.79904	2.41416	0.647348	0	0	0	0	0	0	1.43613	4.36404	7.19997	5.37381	2.0067	1.65499	3.2484	4.83644	3.80329	2.16104	4.3639	5.24173	6.25698	7.13843	6.2392	4.39315	4.65803	5.22039	5.85032	7.4308	11.2721	13.8119	13.1733	12.8003	13.5533	13.1356	10.8692	9.09953	7.28939	5.52877	4.45117	4.3087	3.23357	2.55032	2.73875	2.55032	2.27005	2.2487	2.89283	2.83675	2.33985	2.83673	5.16825	7.20006	7.39252	7.25252	8.11279	10.2493	12.4097	13.9738	15.518	15.3647	12.0716	7.00428	8.31667	10.2263	4.13806	2.89278	6.32255	7.07847	4.59255	4.62357	6.4786	10.8282	13.3071	12.2412	7.62511	0.507856	1.43613	3.09659	4.99561	5.57467	7.00442	9.64066	12.2624	12.739	11.6978	10.8735	9.76535	10.672	9.48948	8.96309	19.046	9.66464	12.206	4.4797	5.09032	7.42631	6.65201	4.70257	8.9908	4.33094	4.37484	2.58774	1.44729	0.761719	9.47607	10.2504	5.82852	9.57279	16.2586	17.046	12.0412	7.94814	9.11462	19.5701	17.0301	6.81198	14.7501	13.4235	9.52352	3.17347	5.21418	11.1282	9.45637	12.5731	26.7744	29.4637	19.5407	12.3592	17.6306	14.1958	10.2508	15.3847	13.6238	15.2976	16.1403	8.43108	3.55955	1.84794	3.06535	5.82576	5.91507	3.60425	1.94138	6.22133	9.31265	9.06687	9.72867	12.0464	12.6128	13.5309	8.61984	0	0	0	0	0	0	1.8739	6.33735	4.3087	5.68745	3.69637	0.253919	0	0	0	0	0	0	0	0	0	0	0	0	0	0	0	0	0	0	0	0	0	0	0.179554	3.59087	6.80519	6.24681
4.40718	10.1753	13.0733	10.8087	15.1446	5.20442	0	3.48156	7.98677	3.22824	7.72264	1.1494	2.18308	6.41875	9.16304	6.15894	2.80802	4.31579	6.79294	11.4288	12.7355	12.0553	8.1332	6.79294	8.35006	7.88634	7.97154	8.47298	7.62463	5.52828	4.72926	4.35993	1.79484	0.718109	3.69605	4.53595	3.06507	4.13769	4.04386	4.95343	5.04277	3.53207	2.98548	5.05524	9.31458	4.95319	11.9178	6.43856	9.55402	12.1695	12.9548	12.0315	10.5466	9.06789	10.3098	9.29003	8.39119	8.32369	10.609	13.8794	13.2481	9.83391	7.28428	5.65061	5.88472	5.13037	3.35026	1.62535	0.64728	0	0	0	0	0	0	0	0	3.40239	5.90373	4.94063	4.81961	5.31383	6.10479	6.07337	3.96777	5.04575	4.59192	3.23313	2.4139	1.44715	1.6154	2.40725	2.4139	1.09196	1.90786	4.30451	7.00352	6.81131	6.09171	7.68203	9.50986	9.84186	9.39494	8.77219	8.05769	7.14445	5.32283	3.30693	2.10053	0.647322	0.359069	1.53356	0.401461	1.01547	0.74022	2.00648	2.00652	0.966766	1.25655	2.16089	1.76772	2.16837	3.27271	4.4327	5.77047	7.69869	8.87314	7.96561	5.84169	3.41189	8.73598	6.79252	0.401438	0	0.359069	3.22824	8.21926	7.7734	6.50699	5.82521	4.35993	3.30677	0.802882	0.718109	2.4139	2.80786	1.76772	2.51828	4.81927	4.67139	5.01753	5.0555	5.32276	5.37345	7.35523	6.24599	4.82266	18.5078	5.41761	17.6899	5.55967	11.3451	9.08643	11.4855	2.92001	5.39691	6.94907	2.78491	6.839	4.51123	3.42593	12.8091	12.2506	4.75932	3.86971	5.04604	10.0797	10.6728	6.25898	3.67859	21.9033	19.4241	2.33269	4.75954	7.98722	4.97601	1.25655	4.42527	9.31131	14.7561	3.93532	12.6398	18.0099	18.2542	5.4761	17.283	14.8109	10.5458	5.70952	7.58329	10.1128	12.8701	5.28975	4.47927	4.70187	1.48019	3.69166	4.17992	3.42593	2.69116	2.00648	1.90786	7.0666	9.16355	10.0797	10.5699	8.6429	4.43255	0	0	0	0	0	0	1.20416	4.52174	1.79472	4.37438	2.98528	0.179536	0	0	0	0	0	0	0	0	0	0	0	0	0	0	0	0	0	0	0	0	0	0	0	0	0.179536	0.25391
6.93699	11.4525	9.99031	4.3151	16.4218	6.95745	0	3.20791	7.70372	5.78085	7.0365	0.802764	0.401402	3.69568	8.90346	8.66909	7.82551	6.32637	3.91471	6.89586	2.51806	8.59836	8.72829	2.80202	3.8109	1.44701	0.401419	2.66677	4.84871	5.76987	6.47734	7.06588	6.2456	4.3301	4.66063	5.20404	2.58736	1.94101	1.76753	3.58569	4.97526	2.73223	1.83014	5.36966	9.07677	6.9005	12.5124	6.34856	5.5904	4.00754	4.67093	6.44549	7.70605	7.60948	10.164	10.826	12.7282	12.9534	10.9389	10.8329	10.9344	9.5334	10.2277	10.7119	12.6389	13.9669	13.0587	11.5632	8.40719	3.40684	0	0	0	0	0	0	0	1.20405	2.78465	2.1903	2.3394	2.33246	4.48943	5.38163	7.50528	9.84086	9.62578	7.32234	4.60542	2.21939	1.65458	2.24816	1.54387	0.56768	1.26919	2.44021	5.06736	5.21926	5.20404	6.08332	6.26069	5.94609	6.38863	7.52412	8.14017	8.41284	8.84756	9.19487	9.53357	9.22866	8.27202	7.35259	6.32637	6.00996	5.80558	5.76987	5.36993	3.97966	2.10031	1.8301	1.09185	0.915284	1.54387	1.36689	0.966666	1.25643	1.26919	2.69678	3.44902	3.55886	5.70865	7.08343	1.8301	0	0	0.401402	5.289	10.2515	10.3236	6.97585	5.21945	4.60553	3.17285	2.28376	2.83608	2.91975	2.89222	5.65004	8.56923	6.47479	5.2042	6.79226	7.74673	5.22864	2.16061	5.30119	7.50734	20.175	7.92103	16.0686	5.15474	11.3075	8.62542	12.7359	3.69133	3.4256	7.47551	2.39372	9.3288	4.58798	7.45651	12.5028	15.5587	8.07424	6.38115	7.77272	6.26069	8.16712	9.43036	8.94751	19.7425	19.0344	1.9411	2.00622	3.40208	2.21939	2.00628	7.00286	10.5101	12.8655	5.12991	7.53008	10.4835	19.1643	4.3152	15.8395	13.8637	13.7829	7.77877	5.70615	8.59845	9.31377	3.69579	3.46281	4.97526	2.51806	2.66675	3.65648	5.5133	12.2786	15.2817	12.6795	3.95941	1.80354	1.77663	1.69313	1.61524	1.20405	0	0	0	0	0	0	1.65458	5.55902	2.44028	5.52745	2.83606	0.179519	0	0	0	0	0	0	0	0	0	0	0	0	0	0	0	0	0	0	0	0	0	0	0	0	0	0
7.92034	9.22739	7.23057	7.6909	14.607	6.29786	0	1.43573	4.82192	5.61858	3.58985	0.359002	0.179503	1.8034	6.09063	7.79252	6.25522	5.7611	6.86345	7.37323	5.4166	6.83801	10.8419	5.92677	1.77637	1.87343	1.94093	0.802727	1.53334	2.89201	3.69549	5.05453	6.44487	6.28803	5.73605	5.46325	1.80338	1.97375	0.802693	4.21732	8.59937	6.97524	5.99883	3.76841	6.23744	17.9782	18.7607	13.069	9.25305	6.5906	6.43492	6.245	6.84038	8.44368	12.4681	13.7116	14.2437	16.248	16.3498	16.5616	16.2941	16.4352	16.871	16.6432	17.1358	17.98	18.3537	18.4791	17.7514	11.6171	5.48962	11.33	13.0322	9.72604	6.36577	5.08915	3.53139	0.915222	1.6545	2.29759	1.90749	2.74374	4.19448	3.13183	5.07032	8.22568	11.8136	13.1422	11.5357	9.62344	8.30904	6.77995	5.04507	3.93074	3.53594	3.94284	5.2644	4.67052	5.77482	7.07636	7.70322	8.05809	9.04377	10.8578	12.1298	12.1784	11.3435	9.85425	9.58633	10.5679	11.3731	12.1672	12.4914	12.1335	11.7206	11.6148	11.4521	10.8294	9.487	8.69726	8.16641	7.13643	6.01204	4.49277	3.23269	2.03005	1.36682	1.8475	2.44009	2.49222	1.84742	5.4429	5.47507	3.00631	0.897443	0.179503	2.51784	7.59833	12.1396	12.1484	10.1723	8.84321	7.39045	5.95368	5.72497	5.44283	4.73153	6.87242	11.8751	14.5549	16.9346	18.6162	19.1122	16.8395	10.3408	2.53688	3.87741	18.4162	13.567	12.4582	5.38423	12.9114	11.6996	10.246	1.53328	1.60507	6.61433	2.91954	10.5091	4.67061	7.34519	3.30616	15.7798	15.6624	12.192	14.4985	12.0286	10.7396	16.5775	17.4301	12.3706	13.7719	5.55006	4.76848	5.37228	5.90547	7.83686	10.5092	9.10531	4.93941	6.45721	7.17167	2.6905	16.0224	16.066	6.63115	12.5115	16.2724	14.9114	7.66202	6.08291	3.78111	1.82998	2.44007	1.6929	3.24748	1.40172	1.80338	7.3966	13.7332	14.7733	19.361	13.2171	1.65446	1.54381	1.65452	1.20399	0.538494	0	0	0	0	0	1.97375	5.76926	9.07793	5.84056	8.13146	4.53157	0.915203	0	0	0	0	0	0	0	0	0	0.359002	0.96658	1.04658	0.538494	0	0	0	0	0	0	0	0	0	0	0	0	0
3.86042	5.12582	6.26706	9.16058	11.0425	3.86028	0	0	0.179484	0.253834	0.179484	0	0	0	1.79421	4.31426	3.74235	1.76712	4.83456	5.32118	2.91929	1.26893	8.87006	7.3893	0.253834	0.761462	1.54365	2.00592	2.29735	2.8917	2.8917	1.7943	1.52257	3.69496	6.47578	8.70491	4.25849	4.19404	4.13645	7.33811	10.3066	5.72722	4.70074	3.0536	10.8407	19.1177	15.2604	11.4135	8.0845	4.37336	3.20729	3.69061	2.09983	2.09983	8.70491	8.55463	2.33894	5.57234	8.64021	11.08	10.2211	9.34904	8.68547	7.66352	7.67985	6.49553	5.80446	7.38967	15.9263	16.3308	8.69785	14.9112	13.4831	11.7865	6.71364	5.28518	5.02541	2.89713	0.25382	0.401324	0.739982	1.65426	3.58491	1.53312	2.39325	1.26895	3.58945	8.55118	9.59003	8.89853	8.68547	8.00834	5.89939	3.53557	2.43983	4.02669	4.73103	2.33888	2.91923	4.02669	3.80182	3.62503	3.30594	3.93032	4.56637	4.25851	3.9586	2.73756	0.179484	1.53317	3.1924	5.08861	6.32514	6.32514	6.25456	6.25456	6.29751	7.29303	7.82395	7.71882	7.50594	6.96549	6.52229	4.84777	2.74351	1.80319	0.802608	0.358964	1.09164	1.30646	0.802642	2.18248	4.67002	4.95186	2.00583	0	0	1.25619	4.83787	7.67368	6.96762	5.44242	4.70074	4.21697	6.21873	7.28624	6.39953	6.97425	14.34	14.6662	12.3635	12.4185	12.4245	14.2887	13.7837	9.10435	3.94648	12.6253	10.0564	9.68001	7.28658	11.9812	10.6639	4.13653	1.69272	1.6928	6.24415	7.45507	5.71613	10.3395	2.80147	8.44982	5.94498	12.616	10.3782	15.8815	18.0009	12.7442	9.21493	9.95777	5.28518	7.08874	8.16324	7.57446	6.08203	5.054	6.29751	5.37171	3.29119	3.93032	5.54958	4.68719	4.13649	4.50999	14.2388	9.96388	4.87061	14.6146	17.8704	12.1067	3.69061	2.56813	2.51755	1.47972	1.25619	1.09162	2.1528	0.966478	7.3893	12.6837	4.19781	14.0094	17.1459	5.45103	0.802608	0	0	0	0	0	0	0	0	4.40593	8.21692	7.85584	3.84798	8.68516	6.01115	1.69272	0	0	0	0	0	0	0	0	0	0.802608	1.44673	1.26895	1.20381	0	0	0	0	0	0	0	0	0	0	0	0	0
4.49183	1.13489	4.13608	8.99498	7.43753	1.60476	0	0	0	0	0	0	0	0	1.20371	4.36182	5.04085	4.91598	4.75754	1.04633	0.401305	2.35918	9.15965	7.4227	1.84714	1.69265	1.52252	1.79414	2.29714	2.73156	2.58663	2.58663	1.69265	1.76696	7.0166	10.7359	8.05461	7.24896	7.87908	10.3207	10.9958	6.15178	5.06295	6.44336	14.417	16.77	9.70301	7.1967	10.6124	12.027	11.0323	7.8833	4.57646	2.69005	7.45442	7.58006	3.6948	4.84734	5.21778	6.9555	5.45055	4.68668	7.23376	9.2865	10.4765	9.02295	7.00111	6.08959	14.8088	19.561	14.0044	15.3229	9.9321	15.098	14.9486	13.3918	13.1296	12.0294	9.47046	7.57004	6.32459	4.31411	2.7138	1.76696	2.00571	1.09152	1.25608	3.69461	4.66948	4.3287	5.16251	5.56602	4.52006	2.696	2.41313	3.91349	3.97833	1.29391	2.49162	3.4479	2.89687	2.33175	0.538389	0.507613	1.47959	1.29391	3.62465	4.88668	3.6948	1.69265	0.179468	0.761395	1.6542	1.94055	1.62473	0.897245	1.13493	2.86909	3.62471	3.84764	5.05355	6.40667	8.28477	9.48024	9.42607	9.37319	8.46424	5.77922	3.40122	2.49174	1.77612	0.915044	1.84706	4.9931	4.70033	4.08567	3.19212	2.33874	1.26883	4.24668	5.92563	5.6174	4.86377	4.12454	6.50456	8.17794	7.91481	8.37656	16.5093	15.0693	6.20559	5.51174	5.72671	8.22373	9.96276	9.45214	8.67394	9.9318	4.91581	7.32657	5.04075	4.73082	7.18765	4.3287	5.06295	2.5679	3.44794	10.3401	5.38011	11.5277	4.04222	10.6118	1.84706	8.93945	13.1063	16.6161	18.9454	17.1221	11.0403	3.22701	4.40554	2.33862	8.63941	10.3103	10.2457	6.31927	2.51733	2.61132	1.14903	1.04633	1.98149	2.33874	4.09331	3.34888	7.51347	13.2927	6.83674	9.584	18.0034	13.9189	7.54699	7.06389	3.69045	0.739916	1.62473	0.538389	2.56782	2.21882	3.97833	10.9075	11.9699	8.94474	14.9086	8.63941	3.23199	0.897268	0	0	0	0	0	0	0	4.87018	9.33784	7.50495	6.31958	12.101	13.2432	8.42148	2.3318	0	0	0	2.51095	5.92041	7.08848	5.05355	1.98151	1.70206	6.25893	10.1977	11.1028	5.79289	0.897268	0	0	0	0	0	0	0	0	0	0	0
6.6292	2.09174	2.68978	8.99405	5.75912	0.717765	0	0	0	0	0	0	0	0	0.538336	2.5171	4.16667	4.24649	2.69576	0.253789	0.538336	3.92939	9.63468	6.47703	1.84697	1.65405	1.52239	1.79398	2.40624	2.73131	2.5864	2.5864	2.71353	1.30617	4.66916	8.57885	8.30669	6.10205	8.66566	12.2675	10.3019	6.15124	6.47226	9.87907	14.4155	16.7683	13.9515	8.42633	10.6114	12.0057	11.2511	8.37613	4.72701	1.94038	5.20191	5.94366	3.84729	4.39074	3.05303	4.69964	4.53022	3.72898	6.33904	8.83897	10.9067	9.55751	7.13442	6.25346	11.34	17.0765	12.483	13.4292	9.4516	13.6481	15.2771	13.8507	13.224	12.6177	10.2239	7.63556	6.4431	5.12505	1.76687	0.647012	2.15986	1.53283	1.87282	1.94025	3.6899	4.32826	6.15083	6.56915	5.26278	3.52115	2.4394	2.87439	2.73703	0.802453	2.24729	2.9677	3.13077	2.56755	1.20358	1.13477	1.07658	0.358897	2.24742	4.25775	4.25771	2.51708	0.64697	1.26869	1.76687	1.90695	1.26875	0.401246	1.13482	2.26875	3.23173	3.69447	4.72704	6.04984	7.67866	9.15924	9.48435	9.32584	9.28563	7.85439	3.95791	2.56769	2.04522	1.70188	0.567467	3.09482	4.40533	4.32849	3.36778	2.74301	1.26871	1.62457	4.56549	5.92512	5.54844	4.48069	5.85763	7.52939	8.34581	9.77518	15.5837	13.47	6.07068	5.47652	5.20224	4.25757	5.48782	7.59616	8.46898	6.62942	1.04629	7.57094	6.63867	5.92512	11.0181	10.1567	5.72331	4.6997	3.4476	8.94386	10.6311	9.5668	3.04778	7.67203	3.3341	4.83714	14.5229	18.1479	17.2009	15.6687	13.4157	4.86973	3.69425	2.33838	6.08104	9.10278	13.1564	11.163	4.02592	2.40624	2.00548	1.04622	1.36643	2.33853	2.74293	4.96373	5.01514	11.6806	9.78018	0.914958	16.9121	15.2293	6.61034	7.40316	5.37958	2.18934	1.26875	1.20358	4.27249	2.359	1.53283	6.95521	11.8412	6.17434	8.94365	10.1645	5.04024	2.00544	0	0	0	0	0	0	0	3.38183	10.8087	11.5859	7.48981	10.5635	14.5881	13.3821	5.20194	0	0	0	5.59964	8.20594	7.22883	7.35175	4.09289	2.64759	11.3478	12.344	13.4438	11.1563	2.00544	0	0	0	0	0	0	0	0	0	0	0
4.9375	5.20145	4.09267	7.83356	3.60618	0	0	0	0	0	0	0	0	0	0.358862	1.97299	2.04504	1.65381	0.507487	1.4793	2.61082	2.89631	8.55224	6.94738	1.36624	1.09133	2.09165	3.36743	4.40487	4.6688	4.86948	5.44098	6.50349	5.79177	2.41266	2.49114	4.25728	5.18947	8.69542	11.4032	5.75861	1.98111	5.61621	11.882	15.922	18.3134	17.4287	10.2949	6.58806	3.68973	2.61074	4.00563	4.00575	4.48749	3.424	2.83473	3.29526	3.09451	2.83482	4.50866	4.50866	3.17134	3.68973	2.40599	5.26231	6.37799	4.6482	4.18151	6.77712	10.6085	4.88581	6.78871	2.78332	1.07647	4.66857	5.51047	6.63108	9.27964	11.0965	10.482	9.81268	10.1882	9.57292	8.89962	8.59456	7.03573	3.67671	0.761206	3.52091	5.91112	8.12833	8.07606	6.27532	4.80331	1.93179	2.89084	3.06848	2.64747	3.09451	3.05274	3.17626	2.6655	2.53589	3.424	5.38214	7.69424	7.67786	4.58603	3.04749	2.33817	0.966168	1.4793	1.47933	1.20352	0.179433	1.09133	1.70178	1.40118	0.717695	0	0	0.401227	1.77578	3.84689	5.52218	6.39805	8.8679	10.8661	9.54044	8.59456	7.5893	6.7329	4.88581	3.05283	1.54321	1.14875	1.93186	3.60633	5.22615	6.4449	5.97534	3.83017	2.8347	4.18151	6.45457	8.11693	11.1721	15.2907	19.8235	17.8905	13.2091	12.3956	11.7822	11.3392	10.5799	9.18375	7.50384	5.92196	5.4497	8.90106	8.17832	6.98375	15.1402	16.3193	8.29826	9.27622	8.80772	2.98359	13.3181	7.2669	2.21833	5.65565	5.65565	4.81655	13.5913	18.9734	15.5898	12.2538	12.1083	8.17637	4.73995	9.10182	10.0739	11.8962	15.1635	13.8025	8.76882	4.56503	1.04613	2.04504	3.86759	3.69408	1.69232	5.01437	3.44256	6.69506	11.3388	7.16001	12.0644	13.1266	7.45117	6.49361	6.69506	6.50351	6.31835	5.11839	4.1546	0.761246	3.79649	1.30605	4.56494	8.41977	4.65843	8.57776	5.71433	3.8675	0.897093	0	0	0	0	0	0	2.00526	9.86731	14.2877	9.99836	10.5318	12.7115	12.7832	5.83799	0.179433	0	0	7.19493	11.6374	9.4703	13.9005	9.33124	2.51686	11.9316	12.6075	9.70144	18.6657	8.04305	0	0	0	0	0	0	0	0	0	0	0
7.19468	7.66054	7.49462	5.03948	1.61433	0	0	0	0	0	0	0	0	0	0.507442	2.98333	2.33118	3.76235	1.97281	1.65364	2.41232	0.56734	6.36242	8.46146	3.79616	4.64779	6.39251	8.52259	9.96045	10.3391	10.2055	10.1752	11.3005	12.7862	11.9655	8.89885	5.16131	2.53571	8.8984	10.5508	2.26832	7.81509	3.92884	6.96505	15.9136	21.8062	20.1762	15.8132	15.6656	15.2734	13.6914	10.9385	8.32964	6.44433	4.64439	2.68928	1.1346	3.47946	4.56468	5.55604	5.36974	3.20623	1.40105	0.179417	2.68922	4.08436	4.04117	4.77641	7.31823	9.97111	8.12794	4.16587	0.914784	3.23114	3.76661	2.4388	2.91821	5.83776	9.1575	10.8654	11.6826	13.2454	14.846	16.309	17.6028	17.2649	15.6777	14.2839	11.4734	7.17932	5.12392	6.45635	8.25402	10.336	9.92934	8.56645	5.72225	2.24689	1.6043	2.24689	2.96717	2.78308	3.30459	3.97728	6.6471	7.58861	9.63342	10.3376	9.43664	7.45272	5.4405	3.19121	0.914784	0.739725	1.25572	0.507442	1.69217	2.54838	1.93169	0.739706	1.09123	2.00517	2.66535	2.66538	3.29012	3.92886	6.55381	10.163	11.5936	11.8237	12.4006	13.0342	12.3026	11.0223	9.42511	6.93344	4.09231	1.44619	2.51663	4.64439	6.20394	6.20394	3.87556	0.567358	3.44703	7.03511	11.8224	17.2731	24.2561	28.274	29.0987	28.3421	26.8905	25.5623	24.2065	22.4936	20.2942	17.1281	11.1658	8.94234	4.73944	5.31899	13.4688	20.582	5.44922	5.18887	11.7147	4.19248	11.0993	4.88531	6.61852	11.3987	16.7611	16.3793	12.5648	18.0415	15.5885	10.6089	9.96004	8.73058	4.17738	7.2271	5.61562	11.0996	18.9195	16.2367	12.5107	9.84944	5.09293	2.33803	2.94	1.80252	3.23107	2.18895	5.12397	4.4763	8.83689	5.08646	6.73207	10.1339	9.70059	9.44951	7.11307	9.30907	11.5172	10.2957	6.70414	4.49053	3.44226	0.401174	0.897036	5.90251	5.18901	6.16268	4.08431	3.94491	1.54299	0	0	0	0	0	0	0.897014	5.72504	13.2892	15.4408	16.589	13.9391	8.78761	3.69359	0.401174	0	0	6.00893	15.0388	9.96004	15.0569	18.1909	11.7152	9.42486	11.4249	3.13023	16.7347	13.1151	0	0	0	0	0	0	0	0	0	0	0
7.68248	6.0871	5.85588	0.179398	0	0	0	0	0	0	0	0	0	0	0.358792	3.38087	2.91779	3.09386	3.46048	0.646818	3.23071	2.09883	6.19531	9.32263	5.84505	4.84542	5.37806	6.45333	6.45583	5.90204	5.4516	4.81587	5.50961	7.91799	9.85327	10.0949	9.22925	8.17503	13.5591	10.7915	11.0981	9.30972	11.0541	2.1814	6.82233	19.436	16.61	8.66334	10.1726	11.8827	12.571	12.1715	11.5371	10.745	8.96055	6.72191	5.21589	6.00595	6.93271	7.95743	7.74151	6.55074	5.20069	3.06789	3.33315	2.74214	1.30579	1.76627	4.30484	5.43974	4.1807	3.44666	2.98301	3.58774	4.09188	3.33332	2.66509	2.29625	1.29347	0.96598	2.16669	3.77901	5.70234	7.88027	9.55491	10.819	12.2496	14.2305	14.7729	11.9401	5.95023	0.646786	4.57468	8.14244	10.3841	11.7979	10.7561	5.23713	2.69497	3.00446	3.5832	2.79999	2.79999	3.30419	6.36175	4.72539	1.9398	5.69119	7.33485	7.03437	6.07679	4.88479	3.05214	0.914668	0.914687	1.87228	1.90628	1.14859	2.1814	1.9397	2.09883	1.82891	0.739646	1.26834	2.16669	2.41219	1.6042	1.47901	3.22576	3.52934	5.08619	7.22664	7.98109	8.22094	8.28729	7.72529	6.7245	5.26449	4.83555	3.86675	2.54798	3.05223	4.99129	4.47589	2.43864	2.43855	2.87357	4.40401	10.168	15.7288	18.2702	17.9937	16.7381	15.6175	14.8969	14.4553	13.8263	14.9123	8.54898	3.24555	2.21795	6.61068	2.41219	19.3277	17.5619	4.33083	9.52679	8.05116	6.44331	1.44608	10.3166	12.031	14.0734	17.7297	10.3974	13.7295	14.8783	9.33427	7.22634	5.20968	7.19355	7.44348	15.589	3.30419	15.719	14.9031	8.85716	8.12677	6.07666	4.70864	4.84546	4.56405	0.761098	1.98072	3.19088	7.89213	10.2944	7.10564	6.29433	7.13197	5.94994	8.1344	3.40455	4.83226	5.36634	6.64648	4.81911	6.75951	5.68255	0.761098	1.69199	1.7934	2.18144	5.01351	4.11905	3.34758	1.44602	0	0	0	0	0	0	0	0.717556	4.35657	6.9984	6.49499	4.3346	2.83429	1.25559	0.507388	0	0	3.1299	14.4127	17.5608	2.80584	14.8559	10.3171	7.81427	1.26832	10.0949	14.3295	12.9154	0	0	0	0	0	0	0	0	0	0	0
1.80217	2.1665	2.83402	6.07106	4.69809	1.43476	0	0	0	0	0	0	0	0	0	2.4052	3.95637	3.3996	3.23038	0.538131	2.09864	3.62728	6.20242	8.45984	6.72132	5.76524	8.22571	11.8611	13.2372	12.3629	10.5813	8.84093	7.70025	7.45128	8.40093	9.7323	9.10625	8.02722	15.5698	13.5403	10.9191	8.19694	12.5218	16.944	11.1472	17.5602	13.8492	3.60516	2.00476	2.68883	4.44693	6.47248	7.49337	7.9173	11.5674	12.808	6.85852	3.94019	4.00466	5.84454	4.80857	2.33751	2.54776	4.27091	5.44796	3.42304	2.83404	2.49055	2.09864	3.12963	4.2561	5.83663	8.05854	9.18114	8.64288	7.13832	5.36587	4.44693	4.19566	3.9281	3.7998	3.9281	4.48976	4.92339	5.12626	6.33659	7.28249	6.6078	6.80558	8.02139	7.91127	7.86163	7.96471	7.10734	5.70184	6.67187	9.18751	5.29706	4.08367	4.65712	5.21537	4.47899	3.76588	4.12257	6.72378	6.61724	5.03846	3.47873	2.02869	1.07617	2.0047	3.86641	4.11869	3.22547	1.07617	1.79319	2.49043	0.896839	1.79319	2.53513	2.66472	1.20313	0.739581	1.61401	1.93131	2.02869	1.79328	1.20318	2.09864	1.13438	0.802187	2.33064	2.69471	3.23049	4.86805	6.62689	8.05854	9.22677	10.482	10.7996	10.6059	8.52095	5.11695	2.04443	1.65335	3.94425	4.64689	3.83332	1.77527	1.14848	4.00462	5.79014	6.00802	6.29397	6.97069	7.9883	9.27382	15.895	12.2505	1.7013	3.40895	4.42152	9.49335	10.0511	22.6762	19.719	10.395	3.44159	8.02137	4.94918	12.1947	12.0208	3.62745	12.9681	13.5277	12.5361	11.7072	8.80868	7.60336	4.42154	9.90985	6.99975	14.4933	14.7834	10.1304	13.2942	10.3828	7.72436	5.43926	4.53209	3.92792	4.81851	2.50975	2.78254	2.33751	4.83501	6.07074	2.35809	8.21232	9.61839	6.78698	6.77522	2.43835	3.91163	3.34737	3.76579	2.33751	6.11237	6.72132	0.646729	0.914606	0.567247	2.24645	3.58297	4.42889	4.2971	2.2177	0.179382	0	0	0	0	0	0	0	0	0	0	0	0.401096	0.25369	0.401096	0	0	0.802153	9.22638	18.4592	11.0739	8.79099	4.72497	0.96593	3.95637	3.42311	9.92698	10.0553	0	0	0	0	0	0	0.35876	0.50737	0.35876	0	0
3.12928	2.69447	5.87914	6.11214	7.6583	3.20514	0	0	0	0	0	0	0	0	0	1.07606	2.73001	3.08304	1.53217	0.965795	1.87192	3.62689	5.45026	7.21839	7.96347	8.69016	11.9615	14.7689	13.6581	12.464	10.9453	9.09017	7.77263	7.44218	8.21191	9.63551	10.8111	9.3808	14.455	16.0311	3.72695	17.1058	13.9329	18.8176	12.3421	12.9885	9.73723	3.36599	1.69169	2.80534	4.81828	6.53995	7.46749	7.86094	12.338	16.1641	11.2912	5.99135	4.19143	8.45899	6.31558	1.84598	2.54749	5.50827	6.39034	3.5871	2.83379	2.41177	0.965842	1.65326	3.92775	5.56888	7.43369	8.91205	8.83481	7.68112	5.77595	4.43216	4.18003	3.944	3.79946	3.944	4.58776	5.03804	5.38014	6.49384	7.41885	7.54271	6.64526	7.36763	7.45265	7.74025	7.9876	7.10672	5.75674	4.00424	5.45026	4.30039	4.0833	4.83137	5.21486	4.86092	3.76551	3.79936	5.92223	6.43245	5.90884	3.94388	2.26767	1.07606	0.896751	2.69447	3.94388	4.42833	2.40495	1.29316	2.24622	1.09089	1.29316	2.53486	2.91722	1.44574	0.646703	1.20307	1.79312	2.02851	1.79312	1.61386	1.87192	1.13428	0.802115	1.65318	2.04424	2.91743	4.37051	6.0783	7.43369	8.89636	10.3153	10.7986	10.9298	9.6177	5.77042	2.69445	1.25535	3.04642	4.4213	4.09115	3.51947	2.89519	3.38043	5.15054	5.8361	6.20219	6.94288	7.94826	9.11071	18.143	18.2146	4.56313	2.33741	4.91296	13.1307	11.3952	19.516	22.9555	11.8919	5.95144	9.95879	8.9465	12.4341	12.9848	9.01751	10.4782	13.4868	10.3153	5.74547	8.31169	9.5785	4.42109	9.42186	10.2397	9.7884	14.9362	6.38322	7.68075	12.3611	8.39973	5.23615	5.59987	5.12549	4.08701	2.18104	1.80201	1.84598	5.33531	5.06612	2.6885	9.71827	9.61744	6.29326	4.29669	1.80199	2.21755	3.47841	1.36578	1.84598	6.11173	6.9696	1.90591	0.91452	0.914495	0.739512	2.58517	4.19143	5.89533	3.84523	0.401054	0	0	0	0	0	0	0	0	0	0	0	0.179364	0.253668	0.179364	0	0	0.358725	5.12246	15.0717	14.7528	4.08315	6.9696	2.3304	3.24499	4.83137	12.6075	9.06903	0	0	0	0	0	0	0.802069	0.507325	0.802069	0	0
4.08665	3.44092	9.13997	4.68354	9.94401	9.11299	3.82834	0.717352	0	0	0	0	0	0	0.538027	0.760882	0.538027	0	1.47859	4.29627	6.27255	7.66803	7.93939	8.20128	9.0632	9.61484	11.6476	13.2398	7.31523	3.0461	6.43932	8.13249	8.21864	5.8355	2.68824	4.97053	9.85011	10.2794	14.6282	15.87	3.30343	18.6005	19.3312	11.1215	4.76436	8.05087	6.57028	2.89493	1.40051	1.62362	2.83335	2.1881	1.01446	2.21733	10.0057	16.9031	15.1334	9.94399	5.554	8.28464	5.70044	2.39143	3.40359	6.86642	7.5812	3.5282	2.72972	3.80747	5.26007	6.19386	6.39501	6.1115	4.68364	2.26744	2.09056	4.191	7.61672	8.44387	7.93953	7.60229	6.95123	6.19132	5.52245	4.75452	4.7377	5.8191	6.39004	8.61032	8.17275	8.29434	7.11033	4.72427	3.29369	3.44573	4.72429	6.29275	7.50024	6.5489	5.99367	6.23963	5.76429	5.00893	4.13339	4.21377	5.18992	5.08771	4.65269	2.58477	1.2029	1.6137	1.40051	1.09081	2.15855	4.33315	3.44092	1.01446	3.06183	3.45963	1.65309	1.60368	3.22484	3.39894	2.33028	0.965707	0.965742	1.40051	1.47863	1.87175	1.62362	1.44567	1.69151	2.09831	1.93094	0.896687	0.253627	1.1482	1.07596	1.29311	3.22982	5.23573	7.59182	9.99368	10.7305	10.857	9.61684	6.31533	3.18997	1.43448	3.34663	5.23573	4.69723	3.77794	2.24612	0.965742	0.801997	1.1482	0.567137	16.3295	20.013	9.6729	6.72037	4.66648	11.4831	13.5413	6.86672	12.9444	15.1143	16.6853	16.0689	7.67404	11.5334	13.4493	11.9604	2.53472	0.401018	3.44573	4.19484	6.55585	10.2898	5.2234	7.19153	10.78	1.8718	8.39155	10.6427	7.51701	11.4805	4.42068	8.15749	11.1213	6.78552	3.42237	3.60011	1.60368	4.05151	7.84997	7.59169	2.04398	10.1648	9.1773	3.82827	1.26798	0.896687	2.15866	1.80183	0.401035	3.40828	6.55108	5.70323	1.97204	2.88951	2.15866	1.04567	2.15862	3.12912	6.66589	6.66589	2.68824	0.401035	0.179347	0	0	0	0	0	0	0	0	0	0	0	0	0	0	0	1.60368	9.84855	15.5445	6.09852	5.94827	2.02818	4.3258	2.91697	13.996	9.87358	0	0	0	0	0	1.6137	5.26301	5.95123	4.66648	1.07596	0
2.00415	4.19426	10.1167	7.61577	8.05629	11.6063	7.16465	1.60354	0	0	0	0	0	0	1.20279	0.760815	1.20279	0	2.88912	6.77332	7.50788	7.66736	7.52466	7.49739	8.00146	7.97785	8.95177	12.7585	9.79413	3.77754	5.81868	7.84946	8.62596	7.66726	5.99289	7.42133	10.5561	11.8639	15.7254	12.9399	3.37978	11.0322	18.1426	11.1206	2.32998	5.33444	4.56229	2.21707	1.44554	1.26787	2.33684	2.43764	1.43435	1.93907	7.94639	14.5015	14.9254	10.86	5.47286	5.12154	2.9386	2.16588	3.22953	7.82507	9.56065	4.97009	3.24438	4.19063	5.19879	6.11096	6.39445	6.19332	5.25956	2.86691	0.507227	4.7069	7.52476	8.50945	7.94673	7.66744	7.03178	6.22138	5.33465	4.42048	4.88298	6.78274	6.14713	8.3143	8.05629	8.42078	7.91297	5.90779	3.51892	3.29343	4.81738	6.6346	7.38978	6.34229	5.91863	5.99046	5.2079	4.35496	4.29961	4.50617	4.83378	4.48839	3.30301	1.60354	0.537979	1.20284	1.44554	0.896608	1.40031	3.83204	4.19426	2.26716	2.79909	3.828	2.91676	0.717289	2.40462	3.39864	3.42203	2.68793	1.4455	1.44554	1.79273	2.09805	1.26787	1.40038	1.65294	2.00421	2.18063	1.65288	0.760775	0.400983	0.80196	1.29299	2.43776	4.40238	6.54833	8.9938	10.4688	10.8561	10.708	8.03478	3.69194	1.43435	1.69136	4.40238	4.81738	3.69199	2.43774	1.4455	1.29293	1.40031	0.567087	13.2872	16.9716	9.52363	7.28689	3.68765	4.42753	10.6591	8.26145	3.58205	13.3281	16.5422	18.4636	6.64403	9.57684	13.2104	11.4821	3.24434	2.91671	3.86541	4.26991	3.30301	9.79728	7.46567	3.42196	8.46308	6.88645	4.47424	9.61907	6.96874	8.34039	4.42029	8.28615	17.0019	8.4575	2.73536	5.55045	5.5846	5.05911	7.52252	10.3799	2.0438	11.3874	11.1202	3.22951	1.26787	2.56587	2.18801	1.53187	1.69128	5.09035	6.11073	2.83312	1.65292	3.06156	2.71177	1.04558	3.56848	2.93875	5.54481	7.90886	5.04953	0.537979	0.400983	0	0	0	0	0	0	0	0	0	0	0	0	0	0	0	0.717289	5.81847	13.2422	8.54583	1.79273	0	3.39853	1.40031	13.7592	12.2988	0	0	0	0	0	3.60414	8.24993	6.04581	7.88899	2.40452	0
0.400941	3.60377	9.66605	10.1888	4.80704	6.70936	10.9141	11.4989	8.12527	3.62161	0.537927	0	0	0.896497	2.69368	2.0437	2.39092	0.537927	2.88881	6.77263	7.49035	6.7214	6.27385	6.54984	6.99474	6.5642	6.96765	11.2624	11.3314	8.00088	5.37859	2.26693	3.73895	8.92159	10.981	11.5182	12.7785	12.4598	13.7232	11.9036	4.47374	0.896467	8.88988	13.6026	12.6155	11.0327	8.22271	4.52698	3.37948	2.79885	2.53426	2.09783	1.04542	0.896528	5.72156	11.0445	12.5754	9.86547	2.53421	3.91012	4.73683	5.08386	4.80038	8.17095	10.877	6.88811	4.73683	4.7737	4.64176	5.31029	6.22084	6.92955	8.13872	8.993	8.54531	9.48202	8.00683	4.6964	1.62334	1.30523	2.56571	2.56574	2.79885	2.93849	3.05071	4.4306	0.400963	3.51847	5.03662	7.55527	10.1573	11.7242	11.6762	11.1431	10.1164	7.5241	3.68732	1.13396	1.44533	3.28806	3.77713	4.21301	4.68268	4.13263	4.29917	4.83001	4.64515	4.57258	3.97516	2.56574	0.896528	0.567035	1.8015	2.58427	3.85662	3.94274	2.71151	0.896467	3.77718	4.3252	3.47749	1.69121	2.32974	4.17876	4.80038	4.17501	2.88899	1.6134	0.253578	0.179314	0.179314	0.567011	1.65268	2.02779	1.44533	3.26866	6.24874	7.81675	7.96179	6.8333	4.44529	1.76553	2.16557	3.76019	7.49663	9.69514	9.69533	10.0475	10.1938	7.91242	4.68281	2.54694	1.26772	2.33675	6.47009	9.10818	8.99998	12.2251	11.4809	4.65192	6.7844	4.98881	1.14798	4.88233	9.35314	7.69689	4.32874	10.4512	16.0272	15.7538	4.81689	12.6232	11.9136	4.69607	5.03953	1.77449	2.33669	2.09783	8.10163	8.77708	4.50574	6.66455	9.55006	4.35826	3.16904	3.05083	4.81672	7.52153	5.37836	16.5444	10.0038	3.6524	6.43067	9.806	7.67262	4.31028	9.0665	4.52698	12.3577	11.3272	1.43421	2.89437	3.00304	0.179314	0.537927	3.12856	6.97922	8.04756	3.59945	3.42169	4.56203	5.23478	2.95465	3.2292	3.92665	3.47742	5.81231	5.6435	4.26953	4.30305	4.93454	4.00317	1.93059	0.717219	0	0	0	0	0	0	0	0	0	0	0	0	2.00392	8.50089	10.3121	6.43817	2.18042	1.90537	3.09247	12.1504	12.5993	0.537927	0	0	0	0	6.5546	13.4203	8.17132	12.1504	2.9164	0
0.179296	1.62316	6.43003	10.1151	6.60695	1.79238	5.67957	7.15462	7.27661	5.36602	1.04533	0	0	1.84529	3.39787	1.93039	3.20394	1.04533	1.44522	4.53	7.72096	9.40399	10.0464	11.1745	10.3199	7.5729	6.55401	8.39662	9.60595	11.0856	12.7779	13.3089	9.43178	11.1419	23.8836	30.164	30.8974	24.8159	20.0125	22.621	20.8581	11.0923	2.2668	10.868	14.7051	17.0639	17.7928	15.9647	11.9335	7.76964	5.68799	3.80639	2.15805	1.30509	5.1576	9.32578	11.634	11.3693	4.88196	4.56143	6.79529	7.65364	9.52197	10.1608	10.7058	7.31114	4.85915	5.12065	5.87714	7.07509	8.18586	8.83677	9.84783	11.1953	12.0837	14.014	15.7112	15.1105	13.1733	10.6343	7.93731	4.81645	2.43719	1.62318	2.0038	2.7347	1.87122	2.56547	3.53188	5.22219	8.75353	12.6311	15.1386	16.6364	17.3386	17.7929	17.9434	16.7762	14.6339	12.7661	11.0261	8.78905	6.94925	5.59514	5.29466	5.36615	5.43677	6.63332	8.1935	9.52197	9.70872	9.1752	8.34472	7.76357	7.89174	8.28266	7.49814	4.48752	2.43726	5.25859	5.85286	5.21304	3.22897	0.358589	2.16546	3.53188	4.17841	4.17841	3.92623	3.54545	3.18907	3.08184	3.69123	4.73636	6.71841	11.754	15.1906	16.3999	15.2636	12.2453	8.99208	6.07597	3.05051	0.537874	3.85641	8.78726	12.1897	13.8134	14.8335	14.8799	13.7865	12.7567	11.418	9.95383	7.50643	2.40405	4.91137	17.3969	17.3155	10.5369	2.60876	7.31336	6.07337	5.37804	6.35818	9.44481	2.66345	9.16326	16.7505	23.4348	19.9683	9.52181	9.9534	7.91319	5.68769	0.760626	2.3907	3.22888	6.31337	8.63132	7.05696	5.1576	6.4497	8.85254	5.29466	2.33639	1.29268	3.76406	9.47628	7.79355	9.28435	8.01585	5.43677	8.4615	8.20845	2.83269	4.56143	5.61216	10.8296	8.83106	2.66347	7.84175	5.31571	2.95438	0.739227	0.965433	2.78128	8.38377	8.50772	4.81645	2.78121	2.95438	5.42787	1.29268	1.40011	0.253569	3.24371	5.14856	5.94688	10.2769	14.8957	14.9673	11.0552	8.84731	5.48334	1.80132	0.179296	0	0	0	0.179296	0.739227	0.896433	0.537874	0	0	0.89641	4.70599	9.73405	11.3092	9.72129	5.16088	3.72576	8.60767	10.3585	2.51492	0.358589	0	0	0	8.83631	17.4039	8.72491	17.9927	5.04856	0
0	0.400869	1.6908	7.35114	8.31168	2.73446	4.91087	8.01691	7.41513	5.03864	1.14777	0	0	2.15775	3.55396	1.04524	3.55396	1.14777	0.17928	0.739162	2.18001	4.13186	6.0753	10.823	11.932	8.75947	7.02946	6.08297	3.69078	3.97439	7.76896	11.9134	19.6134	22.4423	18.6462	24.4217	32.0415	28.0351	16.7001	16.9653	21.6778	19.8077	5.83309	1.26751	3.12795	7.35142	11.4062	13.4449	11.8454	5.85227	3.84363	3.12795	2.56525	2.39054	5.19708	8.1981	9.94479	10.8568	6.3402	3.43964	8.688	6.23713	5.59745	6.34041	6.77142	4.97188	3.42099	3.30203	3.77637	3.12786	2.08988	2.08988	2.43705	2.80401	3.72543	5.75401	8.49054	10.9346	12.1625	12.0286	10.4026	8.51611	6.48814	3.12786	1.20245	2.58381	3.06058	1.30494	1.62301	1.87111	2.08978	1.87111	3.92994	6.15053	7.85723	11.0016	14.6347	15.9951	14.4615	11.6283	8.31212	5.30625	3.05024	2.43705	2.53374	3.08141	4.19307	4.88473	4.75276	7.0678	8.81836	9.70308	9.80451	8.69019	6.66359	5.9383	6.79011	7.67723	4.86512	1.2025	2.49556	3.60328	4.52612	4.25368	2.64523	1.09038	1.80117	3.13308	3.92588	3.72543	3.33114	3.33114	3.86432	5.54037	7.83907	12.1373	11.3457	8.92886	9.0326	8.25903	6.08311	5.37456	4.18945	3.39768	2.53374	1.93015	2.98121	4.05789	5.1973	7.3365	9.27704	10.3581	10.7723	12.2627	13.8153	12.1374	8.29109	22.828	16.724	20.0125	6.623	4.35365	5.69863	6.06765	2.0432	9.10098	10.1656	3.94203	6.43947	11.8302	18.5719	11.8725	4.88473	8.93015	6.82934	0.507056	3.08141	1.47808	4.6953	7.52228	9.93391	4.88473	1.76512	4.86531	8.89183	4.77268	2.18739	4.12014	8.00137	8.2078	4.42639	8.89362	5.56595	7.10302	6.10893	1.26747	1.26751	2.33623	7.32972	6.83163	6.54622	9.32836	5.19721	5.67604	1.82767	3.37882	3.47677	1.44511	6.26005	4.56108	2.56525	2.73459	3.4443	4.38649	2.72871	2.68731	2.39054	1.97944	1.87111	12.013	11.5402	13.6003	9.79184	9.10975	8.68815	3.69078	0.400869	0	0	0	0.400869	1.30494	0.965383	1.20245	0	0	0	0.17928	2.15782	5.76216	9.82154	7.41513	1.14783	5.94872	8.29853	4.00223	0.801699	0	0	0	8.61414	19.0603	0.253546	19.2334	8.78609	0
0.358519	1.9711	3.86391	6.99509	7.56518	3.28727	8.37283	7.24071	4.8286	2.16495	1.30484	1.09028	1.09028	3.24308	2.60825	1.76493	3.1326	0.896259	2.43681	2.66307	2.7343	1.53128	3.47628	9.90332	11.528	9.61195	8.67457	8.06256	5.72009	5.65051	4.98116	2.51445	20.9433	31.7707	21.946	19.3977	34.0723	29.8609	4.8582	16.3942	28.1606	34.3221	16.9999	0.179261	0.566866	3.09151	3.09156	5.3323	12.0029	7.46491	5.51693	4.58167	2.53356	0.71701	4.18886	8.03547	10.8049	12.5349	9.64898	2.24504	8.367	8.15326	4.58143	4.00181	5.14739	4.30158	3.96174	3.96174	3.92529	2.88799	0.896236	1.04518	1.62286	1.26736	1.26736	2.98089	4.22317	3.34513	2.02722	3.58502	5.18747	7.8641	8.00419	4.72183	2.15752	1.87086	4.32761	6.0722	4.96839	4.00198	4.70507	4.58511	4.81549	5.65046	6.23672	7.50493	4.35682	2.15759	5.28166	7.57802	9.10548	10.043	9.93339	9.57367	9.70207	10.7041	10.7041	8.27537	3.85566	0	1.93832	2.56495	2.88804	3.16815	3.42074	5.44453	8.50608	11.9932	12.34	10.4281	8.45467	6.21898	3.30185	1.14765	1.97923	2.71072	3.3018	3.34513	2.43681	1.44498	0.253519	0.913972	2.32908	4.81529	6.53584	10.5738	8.68531	2.7343	6.99292	9.28248	7.68062	5.608	2.93746	2.91562	3.12753	2.48876	1.65221	0.913972	1.44498	2.68702	3.43946	3.45798	3.06556	4.30903	7.51955	10.9904	13.5627	29.5996	21.5048	21.22	21.9846	6.49732	3.68621	13.8139	22.5197	23.7885	23.6596	10.3759	0.739065	2.043	9.45621	14.9721	10.7712	6.81719	5.81613	1.60291	2.8658	3.58066	4.17745	5.43555	11.2105	8.89269	1.53128	3.92547	5.58244	6.09551	3.84322	7.42906	7.27731	7.95312	8.10915	7.76171	7.98259	6.2491	4.52905	4.189	2.56495	2.04298	5.1226	6.78944	7.49447	7.1332	2.98075	6.45079	5.23325	3.58066	2.32912	1.36498	4.50436	5.83248	2.98075	2.91557	1.30484	4.29795	7.39542	10.1469	10.233	6.68883	2.98089	12.9349	10.0133	10.6348	8.29022	4.79874	8.78522	6.92724	2.17974	0	0	0	0.507002	2.56487	2.68702	3.58504	1.25463	0	0	0	0	1.60291	6.37935	9.06765	8.26033	5.65046	5.3144	5.59382	1.60291	0	0	0	5.99057	16.7937	10.661	15.932	9.93287	0
0.801543	3.45755	5.21142	4.85772	4.56012	5.64139	10.0126	6.09509	3.60258	1.26724	1.14761	2.09705	2.09705	4.08047	1.29237	2.98048	2.16476	2.56464	2.66281	2.68679	2.80346	2.56467	2.24475	9.4158	10.0998	9.61111	10.0998	11.9917	8.38686	5.65001	6.08197	5.28099	20.2754	36.4413	30.0459	19.8069	42.1085	37.2007	8.88661	22.9102	26.0983	42.1516	29.6037	0.400791	0.913892	4.88379	2.83186	0.566816	13.4208	13.754	5.81858	4.79852	3.24283	1.60277	2.17959	6.07153	9.81967	12.949	11.5732	3.8261	5.89677	8.87779	6.58099	5.45546	5.37636	3.86347	3.96139	3.96139	3.22793	2.40337	1.09017	1.04508	1.62272	2.16476	3.13232	4.11556	4.26787	3.12735	1.01384	2.56475	4.56028	8.07554	9.37957	6.39853	3.42033	1.44481	4.94543	5.94521	4.8118	4.18863	4.42553	4.48636	4.72161	5.2782	6.07166	9.30831	7.91098	2.51421	5.12238	7.7087	9.04993	9.94338	9.95115	9.54694	9.80264	11.0189	10.2816	7.43723	4.35288	3.03897	2.21607	2.43657	2.50784	0.400791	2.73406	5.0568	7.56283	10.9743	12.2258	10.7745	8.90617	6.8283	4.65016	1.65206	1.7	2.32896	3.0601	3.47609	2.66281	1.65213	1.04503	1.36481	2.56464	5.05969	6.28891	10.5729	9.65922	3.26741	5.43524	8.72233	9.68812	8.69353	4.69434	3.56678	2.51421	1.30469	1.90466	1.36481	1.65213	2.80346	3.42051	3.82618	3.5847	3.30151	5.81582	9.17418	11.9555	31.7446	35.8014	16.1261	29.4123	14.401	7.88526	20.949	25.8298	24.5764	33.0794	17.3691	0.96516	1.26726	6.06648	12.9309	13.1729	4.48282	3.30139	3.58016	2.26615	3.58034	2.66281	1.76484	8.71521	13.9161	6.33898	4.25288	1.60277	5.37653	5.74169	7.66959	7.27667	1.97906	8.10844	2.3358	8.72213	5.50468	2.80346	4.42553	4.69439	3.04949	2.15738	5.08189	5.2782	3.20304	0.739018	4.83146	5.38828	3.85532	2.00323	2.83177	4.50397	3.96139	2.73393	3.67268	1.61279	3.22806	10.1654	10.9827	11.9656	10.1956	3.04438	10.7697	14.0307	8.71698	13.9118	3.85518	6.16457	9.11112	4.48262	0	0	0	0.506957	4.26767	3.42044	4.94532	2.80334	0	0	0	0	0.716946	3.47609	7.11964	8.29734	6.16469	0.801543	7.03483	2.58331	0	0	0	2.68672	10.9894	11.8523	9.51897	8.70067	0
0.896039	4.42849	5.9443	3.24247	1.01373	7.33402	7.80651	0	0	5.14641	5.51884	6.2582	2.533	4.02092	2.40977	3.53035	1.04499	6.2708	3.67255	1.80062	2.91507	4.77143	3.18789	6.78097	9.27397	10.1644	12.7222	16.7225	12.602	1.80062	4.47161	8.19596	17.7602	35.6374	32.3417	12.7115	42.2201	40.73	11.3017	25.0482	6.88972	43.6798	38.0445	3.92478	4.48595	7.15186	4.96751	5.81513	9.62784	18.3054	9.94998	1.6904	2.72779	2.8875	1.47765	2.00296	6.49592	11.5129	14.0876	10.63	2.88755	8.61159	8.11901	7.21296	6.49588	5.90443	6.37093	5.15894	3.47577	2.33557	1.26714	0.738949	1.09006	2.35603	4.29713	6.31085	5.03409	6.63086	6.4498	4.22243	3.22774	5.89616	8.24509	7.41297	6.71822	5.19583	5.37296	3.68987	4.11917	4.88353	5.28072	5.36428	5.60724	5.55039	5.60724	10.3072	12.3621	10.775	10.0166	8.16744	4.7514	1.39959	1.44472	4.39989	7.10569	8.20558	7.4281	8.09833	9.26926	8.45483	6.22801	5.55039	5.43482	3.80498	0.965107	1.54146	2.40993	3.73702	3.973	4.5283	6.82768	8.90538	11.2456	12.1455	11.6251	10.1648	7.94228	4.94507	2.80321	2.35608	2.51399	3.24252	3.95303	4.86373	4.94473	8.62071	11.3546	12.1118	11.5266	8.39382	7.81258	8.61159	5.7851	5.64097	5.1188	4.17303	3.95303	2.87086	2.33555	2.04262	0.566764	2.04258	3.04393	1.90446	3.00161	4.69391	5.21082	29.9089	39.1147	12.4171	23.9487	17.0214	19.306	27.5451	24.9263	20.8047	39.2969	31.8017	11.8217	4.55967	3.68965	3.08049	9.52929	6.79973	1.44472	3.94086	5.28072	5.71924	4.81466	2.68646	3.44341	15.5384	13.769	1.62254	5.56444	1.84469	5.43451	7.81258	7.49505	4.21088	4.30076	4.59813	5.58136	6.48637	5.11262	4.47518	6.02376	5.19571	3.20289	1.13342	0.400749	0.566764	2.49473	1.26712	4.14986	3.44341	3.79648	5.25943	4.64277	3.06494	3.24252	2.95324	2.15725	5.19586	11.7957	9.69975	7.76055	15.2712	12.0102	15.7568	17.0004	9.51827	16.6985	11.0275	8.25679	11.0437	7.11865	1.3046	0.358452	0	0.400749	4.1613	4.13055	2.71017	5.81528	3.92474	1.69985	0.53767	0	0.53767	1.04499	1.09009	1.29217	5.75201	2.73364	6.04208	5.55018	1.7917	0	0	0	3.973	6.88485	6.09439	6.38552	0
4.2408	3.7749	6.93655	2.5828	2.24431	7.66811	5.40179	0	0	6.21691	2.77988	6.24735	2.18643	3.7749	3.57946	2.88718	2.56417	5.3605	1.90429	2.15691	4.76076	4.26705	6.4955	0.801421	7.53629	11.1161	13.8552	19.4684	19.4684	12.159	4.91871	2.51374	12.1474	27.5065	31.6592	26.0034	32.845	37.4527	13.2069	25.3201	14.549	41.4818	43.7034	12.9598	9.31352	5.83922	2.04248	7.10025	4.81416	16.9991	19.7804	14.7413	9.91197	6.71531	4.33009	3.37751	5.64887	10.7582	16.736	19.7403	14.7582	9.72949	7.49437	8.29534	7.97253	7.06483	6.16349	4.41752	2.98005	1.84449	1.04488	0.646143	1.54122	1.80045	0.738856	8.301	8.6775	3.80458	7.51136	7.85421	6.43698	4.17635	4.3262	6.11195	7.21917	6.0653	4.42467	3.09069	3.30092	4.97021	6.63735	7.51976	7.46318	7.17115	7.48629	10.5902	13.6826	14.5546	14.8839	14.2628	11.3537	7.51136	5.01781	5.15515	7.67848	8.89039	9.60966	11.0168	12.9782	12.2888	9.99713	8.04321	6.10681	5.43399	8.20477	9.17936	6.46632	2.24441	1.43339	3.67216	6.21723	8.2277	10.8405	13.7088	14.882	14.9135	14.7553	14.2267	13.7942	13.342	12.6645	12.1902	11.7137	11.021	9.45383	5.87435	1.69962	5.85821	9.10295	10.9486	10.5437	8.25598	3.7961	1.84441	1.80045	2.4361	3.95264	4.30049	4.52436	4.52436	3.87112	3.04379	3.41974	4.85678	5.74064	5.54969	4.70367	25.749	32.2138	17.2544	11.3253	8.30138	18.4348	23.25	20.1075	13.9896	34.9091	40.3908	30.4149	19.659	8.37598	1.30447	7.30785	11.3644	10.9486	5.46621	3.65029	6.35549	6.43447	3.65029	4.29673	12.5737	20.8872	13.373	1.04488	4.21058	4.82724	5.7954	5.19507	6.23472	3.24217	7.10059	5.8148	1.04483	6.58007	9.4979	9.07883	6.23477	2.33534	3.62399	4.26705	2.87056	1.61247	2.58293	3.41974	0.400713	4.96699	9.4979	9.91803	7.66847	7.95129	5.03371	5.51516	5.59248	11.7689	15.6488	6.68672	11.6864	14.1537	17.3892	14.9681	11.504	13.2123	15.3414	17.9337	18.9863	12.8805	6.88449	6.63735	4.72069	1.80047	1.97054	5.31296	6.15565	9.93063	11.5596	7.9983	3.9405	0.716807	0.895959	2.15696	5.08711	9.69614	11.4724	8.39302	7.49254	9.26493	6.2576	1.43339	0	0	2.43603	4.59766	4.08762	2.436	0.895982
6.63894	1.26689	7.02613	2.95271	2.48784	7.32626	4.69301	0	0	3.93609	6.78012	5.76497	4.08319	3.54327	3.22699	2.5135	0.73879	4.14916	3.82933	1.62226	5.11137	4.67943	3.95225	5.75102	1.54116	5.84937	6.8354	13.0469	15.8792	13.031	10.2875	5.23131	9.65175	18.1486	21.7168	21.0418	17.3057	27.0494	13.0784	20.4297	14.3559	33.9812	43.3174	12.179	5.06166	4.11817	3.04878	6.79143	5.89512	5.18555	12.7483	14.3852	11.3205	8.63399	6.0018	3.26649	1.9376	3.32955	6.88381	12.9179	13.853	9.45796	5.03327	6.85143	8.56654	6.94502	3.55227	0.400678	0	0	0	0	3.2859	3.40541	3.09042	6.06445	10.0726	4.3844	1.39932	3.9604	3.76202	2.48795	1.08986	2.33507	2.49428	1.80029	0.358386	1.65162	1.69947	0.964887	1.69007	2.49437	2.8703	2.00267	2.04233	3.94013	5.1947	5.0835	6.78694	9.29744	9.08994	7.32648	7.9326	8.75537	8.64259	6.3297	5.27951	3.4567	7.30704	7.68998	5.54916	5.0865	5.43352	12.3888	11.8668	8.20412	7.34777	2.43579	0.400695	1.52012	0.506814	0.358386	1.29194	2.21544	3.41954	4.94412	7.02648	9.42516	11.2679	11.5033	10.7801	9.62174	8.72905	8.75574	8.87574	8.68437	8.27993	7.22287	5.87364	5.60881	7.83751	7.96236	6.43642	5.18262	3.67184	1.90422	1.01355	2.00267	3.09042	3.51625	3.44281	3.16714	3.95229	5.84937	4.85635	3.04869	2.64385	23.2204	25.1664	5.87384	6.66044	7.72651	10.182	16.8895	19.7734	10.8688	16.3014	28.9146	27.7994	26.6464	15.4793	2.73316	3.18727	6.31001	9.87514	12.1578	8.15027	0.895903	2.89247	5.05827	5.19459	4.21021	16.9444	17.0074	8.37525	2.50713	5.64837	5.03322	3.09036	5.80853	6.80992	3.22712	6.43395	8.88944	6.97444	6.83554	10.1548	9.43781	1.36448	4.98554	4.64206	5.25542	1.90412	3.44281	5.14566	4.1144	7.75886	6.16558	9.47074	5.69869	5.67638	8.2038	8.80316	1.90412	6.48739	13.4073	16.4079	2.66197	5.27951	11.6745	8.50264	10.1926	5.9459	5.5407	11.9585	20.6475	14.0565	5.68479	6.55063	6.61039	4.0871	0.253412	5.19459	11.8076	6.48516	9.27919	9.34397	6.55999	1.60232	0.801316	3.689	7.61004	12.3488	12.0883	9.29435	5.43371	7.27253	8.2038	3.20213	0	0	0.716743	1.30432	1.65162	2.00267	2.0026
7.56171	3.44235	5.08596	5.08612	4.87884	6.66426	4.01978	0.566595	0.895831	1.14716	1.04468	0.537513	4.93046	4.19063	2.60708	4.17178	4.56904	3.67145	1.60222	1.25403	4.81302	6.10026	2.43563	5.11083	3.12611	2.79652	5.46505	10.9782	12.8733	11.8655	11.8349	9.54313	11.8796	16.1795	19.3376	22.7958	18.5126	14.3165	5.03274	16.4212	11.6838	29.8355	41.2098	16.5169	6.86002	7.16524	1.53054	5.1818	5.55702	0.400635	5.69503	6.68543	3.86207	7.55992	10.0827	9.43884	5.35378	2.54496	2.35539	5.75875	8.60222	9.60623	9.54329	7.93985	5.91061	5.8892	6.19557	4.2512	1.43311	0	0	0	3.57877	3.47462	1.62208	4.20967	7.19348	5.64755	2.5823	1.08976	2.733	4.08294	4.05552	3.29055	2.15656	1.30418	0.253385	0.760115	1.62207	2.43563	2.80237	2.48769	2.1787	0.645986	0.400652	2.40244	3.52484	2.91423	4.20967	7.32556	7.90209	6.6097	8.37437	10.0395	10.6973	8.55118	6.51109	4.71978	7.70957	7.75816	5.18499	5.37428	5.99826	14.5096	11.4578	4.83949	9.5867	8.92534	4.35489	2.21515	1.04463	0.760156	2.38909	2.38909	1.53054	1.29187	0.73873	1.20175	1.65145	1.68989	3.0432	6.00116	9.29338	10.7206	10.003	8.43775	7.56191	7.32571	9.68442	9.00828	5.9878	3.52484	0.801265	1.90402	2.64368	3.0432	3.1668	3.3292	2.48769	0.716667	1.08976	1.541	3.26609	6.60006	7.30852	7.8865	8.24317	20.5859	22.1503	2.73287	4.64827	7.31261	8.21629	13.7813	19.0986	14.5059	10.3607	17.8912	21.1898	30.9513	27.72	16.6917	6.60006	1.2018	3.09003	12.5769	10.9237	5.91354	8.05916	6.10563	6.07191	11.1565	12.0366	11.915	11.2987	7.60924	3.52484	2.66166	1.53049	4.19063	7.55955	3.85368	2.89227	8.24278	8.36312	6.02216	9.65075	10.3517	1.47722	6.68543	2.35539	6.48438	5.58281	5.75892	7.73213	7.097	7.2717	2.04203	9.53512	12.9296	11.4703	13.4193	11.4632	4.64157	2.49401	8.22766	17.9109	8.10526	3.55189	12.3289	10.4947	12.7006	9.27126	8.66004	8.90801	14.8607	14.3836	12.1221	9.49608	9.41734	7.86649	5.04537	3.29043	11.0847	9.40265	6.83487	6.60239	7.11664	4.11783	0.96482	3.68429	8.45585	11.8947	7.65029	8.68165	17.9204	18.615	14.8264	5.91327	0	0	1.07493	4.64835	5.81633	5.20953	4.8559
11.5142	11.3168	1.79996	3.72293	5.6725	4.90758	0.506715	4.98471	7.55926	7.4842	5.43273	4.01962	4.87826	5.20888	3.68845	5.69482	6.98921	7.02513	6.32374	4.50188	2.48735	4.50183	3.12586	1.51991	5.50235	4.63777	0.801194	9.62453	15.0722	17.5307	19.475	18.927	18.2381	16.853	19.058	26.1924	27.0434	18.7978	12.5281	15.1067	10.2315	24.3831	37.4516	25.8878	14.1554	5.51383	5.60505	5.71411	4.39801	0.17916	8.04837	8.58319	5.2757	3.17144	5.11064	11.8469	13.6081	12.315	11.806	12.9609	15.2525	16.6149	16.0821	12.6895	5.91302	1.79106	6.704	8.55069	6.65909	2.3278	0	0	2.265	4.1483	2.53204	3.29981	4.9429	5.99774	3.93927	2.43541	3.77401	4.80951	5.56252	5.30571	3.92325	2.15641	1.04458	1.26668	2.54474	3.68848	4.11758	3.55177	2.15641	1.0134	1.0134	1.8698	2.29309	2.35514	3.40475	6.60197	8.7272	8.75397	10.3035	11.8339	12.9002	11.4889	9.60533	8.99231	9.30416	7.50079	4.7696	4.67862	4.63756	13.5637	12.9868	2.40233	7.49045	11.0731	9.7647	5.00689	2.50664	1.44414	2.33462	2.27907	1.30406	1.29176	1.764	2.88645	3.47444	2.6855	3.06383	5.98727	7.484	6.82507	6.07922	6.54212	8.32904	10.3334	13.6505	14.8255	13.9443	11.6558	7.49045	4.48423	1.61202	1.84397	3.47448	3.82859	3.28541	2.17855	0.64596	0.645928	2.66142	6.93461	7.48382	4.73268	4.52309	14.7207	17.8922	8.73967	7.38262	6.09973	5.73903	12.9745	20.8818	19.9922	9.86398	7.37611	15.0364	30.4344	35.7313	32.4677	20.9565	3.62295	0.64596	10.5361	12.6892	10.3824	8.64136	6.00066	5.60505	6.5806	2.15641	7.50898	10.2569	9.85896	7.31429	5.03215	1.92885	2.88636	7.1226	3.9716	5.7252	5.89411	2.00228	7.43996	7.1316	5.20886	4.41625	4.86186	4.76949	9.07991	10.86	8.55443	13.5247	17.7015	13.7484	7.88179	12.6941	17.893	19.0035	19.387	14.8054	6.97329	2.96293	5.37398	17.9049	14.1953	3.57864	11.9963	13.2264	11.5678	16.1503	1.68966	1.25392	7.33805	17.8906	22.0179	22.2354	21.149	16.2246	8.42751	1.04458	5.44125	6.5445	6.55902	4.98471	3.92712	3.56519	6.6852	4.71939	3.58299	11.4506	18.0523	22.347	24.0213	28.0993	27.5409	14.6408	2.38894	0.537465	1.51983	5.85626	4.2093	4.48069	7.60887
7.82123	13.1346	7.39034	2.09583	2.64306	0.913388	3.04248	7.34561	7.43928	7.10233	5.5476	3.62265	3.79467	4.48359	3.12541	2.32758	2.5319	3.52435	5.37046	5.90163	2.83025	1.04443	3.1305	4.11694	2.96278	5.08204	5.76857	2.91382	8.45085	9.93926	12.0798	13.1201	16.938	11.6919	3.79477	7.06248	10.845	14.9383	17.8508	18.7187	14.552	17.0535	32.0594	28.6581	19.532	4.18982	3.80317	4.3978	1.9698	0	10.5669	11.9382	8.36203	10.7982	9.48748	3.79467	8.66753	9.93786	10.0012	9.48147	8.68014	7.96996	7.2556	7.65929	7.82697	4.96485	1.47695	4.87788	8.24134	5.19307	0	0	0.716534	2.68518	4.50138	4.74893	4.61299	6.68414	5.2538	2.38864	1.62176	0.964646	1.60193	2.293	2.60661	2.14871	1.13288	1.47695	1.82631	1.51977	1.65118	1.444	1.2538	0.895672	1.53027	2.00209	1.43284	1.29156	1.29156	3.05822	5.20228	5.46402	7.10205	8.94253	10.6966	8.93561	6.25528	4.72232	4.1287	3.12541	2.33437	3.1305	3.32839	11.2964	13.7452	4.63708	0.179142	4.81211	9.60563	6.46601	2.33443	2.21481	3.29953	3.05822	1.92865	1.01324	1.01332	3.26547	2.69114	1.26654	1.36402	5.37326	6.74995	5.25705	3.97138	2.18573	1.26654	4.41584	8.40644	10.6956	11.7066	11.6806	9.13349	7.26848	5.54755	3.12541	1.29156	0.716534	1.4769	2.17829	1.60193	1.76384	3.0478	6.99046	8.83772	6.95225	5.20851	12.7549	13.6247	8.02644	10.3988	9.07855	0.645903	4.71894	15.2131	16.2208	7.00853	1.14696	4.18607	10.993	22.9397	31.343	27.4232	7.78692	2.66118	4.52248	8.54243	4.30636	0.801122	3.07902	2.08816	5.72466	6.66325	9.45306	7.45784	5.99979	8.26965	6.55805	3.22606	2.68508	6.31283	2.56316	5.91214	3.59597	4.15932	6.48547	3.79467	1.7728	4.11707	0.895641	9.92633	5.4787	9.57192	3.1307	12.6033	12.5453	15.1328	6.65855	12.8579	6.98841	13.3935	19.1614	15.1389	6.92254	6.05743	1.79978	12.8393	15.4005	5.20844	9.09406	18.8628	3.34281	18.0125	9.15558	7.85133	8.37305	8.77984	10.6614	14.524	18.0255	19.9919	11.9925	0.801076	4.12859	2.16362	1.30393	4.07826	3.99936	4.18982	6.5439	8.18634	4.019	4.25047	26.2525	30.9884	8.1156	17.2056	29.0544	20.9638	4.29872	1.20152	1.07473	6.0991	5.71623	1.8437	4.52615
3.44133	11.6349	9.10172	5.208	4.85447	1.62163	3.32809	7.3299	5.71577	4.11667	3.28947	1.44388	3.04227	5.03122	4.30581	2.60634	0.716464	1.65098	2.18539	3.22581	5.69649	8.78078	11.2392	9.99399	5.68259	4.42246	8.30458	3.99878	4.29469	6.05974	8.6809	12.0447	21.3802	16.6042	0.7599	2.04143	1.76366	7.95907	13.8934	16.6267	14.8302	8.79626	28.3426	31.9415	22.6755	5.58959	1.29144	0	0	0	9.93634	13.4466	4.08568	7.89983	11.5195	5.39923	1.30381	1.79961	2.43494	2.99999	3.44143	3.76048	3.82354	5.73786	9.46724	11.4112	9.99246	6.93363	6.2064	5.30143	2.53163	3.0789	2.88593	0.801038	2.9999	5.47796	6.24187	7.80815	6.09073	2.69086	1.86949	1.2915	0.537361	0.913296	1.97771	1.69881	0.179125	1.30381	1.44384	1.14684	1.65102	1.86949	2.1634	2.27875	2.32739	2.09571	1.54056	0.913296	0.645803	1.82609	3.99882	5.36989	7.18286	9.22862	11.5657	9.26875	5.11568	2.95164	3.12523	3.26522	2.86362	2.40176	2.48687	8.97808	13.1868	9.24043	3.95076	1.79063	7.77611	9.34055	7.58253	4.29827	4.11669	3.04751	1.69881	1.26637	0.645803	3.29917	2.43487	2.38847	1.90348	2.93523	4.2499	4.81182	4.90671	4.90671	4.90671	4.55731	4.29469	4.57796	7.21546	7.60709	7.1325	9.71862	11.681	11.9237	11.0435	9.96935	7.59299	4.17443	2.15599	1.54056	2.38842	5.84703	6.63388	4.18945	3.82354	13.3665	13.9252	5.87137	7.90573	9.55636	2.51254	2.33427	10.677	14.4039	9.60478	2.43484	3.60001	4.90654	14.0774	27.9253	31.0293	20.3594	12.1035	2.77863	3.99882	5.44041	5.94124	5.88769	3.80277	6.42396	6.40435	7.57193	8.6809	9.75828	12.612	11.8508	6.61731	4.17421	6.13982	1.44382	5.93295	2.48687	5.20785	6.56221	3.2259	8.88437	8.59269	7.05051	11.7698	4.46899	8.59235	7.27002	15.5571	8.23116	11.0153	9.79569	11.1981	11.7802	6.88096	22.2218	19.1404	6.38684	6.24707	7.93771	9.43441	10.7527	9.05242	9.98622	21.1799	10.9155	10.1524	7.17425	4.56775	3.13022	5.18034	4.30577	7.60741	16.6114	24.9016	19.5524	5.25653	3.77321	4.36466	2.00189	3.04744	1.69881	7.05029	6.57671	5.44308	6.4042	4.46916	28.4127	33.0935	6.16046	11.9474	29.0602	25.0477	7.84037	5.51276	3.76056	2.68485	5.51254	4.81164	4.46894
2.04127	9.28961	9.10093	5.53798	6.10322	3.28921	1.84337	5.25292	5.19227	2.78417	0.759833	1.39865	4.03417	5.63713	3.99855	2.29256	2.58134	2.3271	0.537313	2.32719	5.99895	9.59625	11.6213	9.41417	7.18233	6.69949	9.78539	5.45134	3.22561	5.3607	7.64779	10.5336	24.111	23.1442	0.759833	3.04717	2.70838	5.7567	12.6512	17.0457	17.242	0.253291	22.822	37.3216	27.847	3.29893	0.800933	0	0	0	6.54723	12.305	5.18309	8.36005	10.0923	3.92601	0.738456	1.44376	2.18531	2.8912	3.44113	4.14713	4.03417	3.83997	7.60674	10.9746	10.7494	7.713	2.82974	2.6607	2.53141	3.39444	3.59535	2.88555	1.65087	5.25292	8.19037	9.29289	6.82288	2.69062	1.7635	1.29139	0.964426	1.69866	1.97754	0.913215	0.645746	1.52992	1.65083	1.20135	1.52998	1.7635	2.04135	2.27855	2.24314	2.00173	1.54043	0.913215	0.179109	1.13266	2.88563	4.66032	6.60727	8.62245	12.2214	10.8524	5.54362	2.95137	3.26493	3.12495	2.26443	1.07453	1.30369	6.20586	10.4558	11.1672	7.21488	0.800933	4.42218	7.95861	11.819	10.7632	3.79396	2.1632	0.913215	0.759833	0.895452	3.80223	3.59969	2.1632	2.00173	0.738438	2.32719	4.32395	4.90627	4.90627	4.90627	4.5569	3.22561	1.60155	6.24133	5.63713	6.0619	9.06542	11.2288	11.9227	11.1907	10.1823	8.66762	5.38421	2.24314	1.54043	2.38821	6.0902	5.64546	2.43463	2.56278	13.5994	17.6705	8.19421	4.35314	5.30997	7.18212	4.20811	5.00537	11.8496	12.3989	5.19212	1.44373	4.11631	5.53788	20.6594	28.6732	23.9495	18.3702	7.56509	2.29256	5.05298	6.06708	6.46015	4.18546	4.81145	7.48192	2.58134	7.36376	9.50082	12.3212	15.5511	10.4557	6.43303	6.13928	0.400503	5.68179	1.30369	5.20739	3.55058	3.82328	11.5739	8.59194	9.43359	10.3806	3.41781	5.88702	9.59612	13.6226	5.60347	11.25	14.1516	5.99895	16.8963	7.77138	24.8319	24.951	3.92601	4.32765	8.43278	6.19338	2.33407	8.52098	9.76055	18.0011	15.4951	1.65081	6.82315	6.98704	0.759873	6.43303	8.2738	8.06198	15.2155	23.2653	23.0928	13.5962	3.47346	4.86069	3.12488	3.04717	3.62177	5.08099	7.43767	0.400503	4.65007	4.51129	27.4291	32.7352	7.87934	9.05836	28.6843	27.2102	8.18295	5.81419	5.18307	1.2013	4.81124	7.02281	3.22545
2.51204	7.26826	7.5643	5.18252	6.98631	6.50811	4.54944	3.04168	3.12962	2.73745	2.80104	3.57725	6.59704	8.00851	5.99834	4.69048	4.86003	3.20027	0.17909	2.56243	5.05218	8.45187	12.1708	9.53865	12.938	11.0024	9.91132	4.08081	2.08766	2.93481	2.00152	0.645677	20.8412	25.5203	14.2992	10.727	7.18169	5.74792	11.0024	17.3789	20.9254	12.4198	13.8104	39.6115	31.7929	1.65063	0.400444	0	0	0.17909	3.52767	9.65111	8.65597	9.41297	7.93585	2.40129	0	0.17909	0.738378	3.04168	5.95594	8.75061	10.6926	9.99829	6.92084	1.51924	6.08967	7.43917	7.02015	4.69053	2.73169	2.86865	2.91284	3.03634	1.4436	5.04278	9.11181	10.3186	8.11488	4.90568	5.39845	6.06126	6.48394	6.3933	5.43936	3.77255	2.33382	3.04694	4.03384	4.36381	4.081	2.7375	0.913118	0.253277	0.738359	0.537256	0.566307	0.913118	1.77239	2.68446	3.20041	2.88533	3.436	6.08956	12.3915	12.0018	5.8351	2.95106	3.68254	3.99805	4.96367	5.94277	6.06126	4.81089	4.94099	9.26698	10.3959	5.88916	1.43243	0.895357	11.4219	13.3563	6.74817	2.86306	0.358177	0.716325	0.800848	3.37508	3.99805	2.79534	1.79037	0.400461	0.645709	1.13254	1.43243	0.89538	0.537256	1.29125	1.60145	1.29125	4.18864	3.77244	3.05745	2.91295	4.46819	5.15485	3.77248	5.11485	8.75061	10.6237	11.275	11.3892	10.727	9.81781	7.30299	4.65992	3.54139	13.0337	19.6657	9.70366	2.9129	0.400461	9.26698	8.03753	1.90301	7.48939	14.9963	9.75922	3.29858	6.28362	7.02243	6.77586	19.7609	26.1848	26.5652	17.2009	5.25237	0.759752	1.54019	3.90528	7.81469	10.6281	7.67973	4.24907	5.93212	4.55642	5.05533	13.9385	13.2396	9.98092	6.59694	3.52784	5.32732	1.84326	4.83715	5.74795	8.32957	13.7772	7.75464	11.7055	10.1868	6.06631	7.88079	18.981	23.1549	19.5684	18.701	18.135	10.3191	13.0107	13.3059	21.1482	27.0171	7.833	4.69053	3.12452	3.07815	5.3004	3.06264	5.30941	11.6627	16.1157	9.93445	2.21415	7.94374	6.05572	10.6755	19.7634	19.6332	12.855	14.745	20.2567	20.2881	9.09149	1.65063	4.32337	2.7375	2.96178	2.33375	6.21277	3.28399	1.90301	0.895403	25.5205	30.2259	11.3179	7.833	24.7701	26.6314	6.98631	10.2219	16.7886	15.6393	6.38593	8.51976	2.1777
4.01754	6.52909	5.93134	4.82689	6.06839	6.23021	4.97599	2.2427	3.12934	4.08437	3.12434	3.85165	7.53054	8.72304	5.82671	6.06837	6.23002	4.16923	1.3983	2.32665	7.05494	12.6296	16.9093	15.3876	24.1608	10.5416	6.61562	1.20112	3.23971	2.91269	2.21396	1.14646	13.7501	20.5356	15.0461	11.0128	7.06642	5.66981	8.82057	14.8787	20.0429	17.7455	3.77204	39.7584	34.6218	1.90284	0.179074	0	0	0.400408	1.44343	5.75559	8.12029	7.60523	4.82359	1.07432	0	0.400408	1.30344	4.91483	8.1008	10.1074	11.8118	10.3776	11.7382	3.54089	4.35244	6.62519	7.43645	5.63615	3.2643	2.70789	2.00132	1.01287	1.7991	5.27598	8.86945	10.5587	9.29282	5.89132	5.67259	6.06073	6.48338	6.71017	5.88603	4.52442	2.33361	3.79317	4.82359	4.47856	4.59418	4.20729	1.69833	0.253255	0.964238	0.400425	0.566257	0.913038	2.04093	2.89064	3.20012	2.29211	1.20107	4.87588	14.0641	13.9214	6.53876	2.9508	6.63202	7.16981	5.54269	6.03721	6.06073	4.26381	0.738294	5.71416	10.1982	9.37246	3.19999	0.64562	8.05429	10.355	8.92544	6.38014	0.800778	0.716262	0.358145	1.92793	2.88507	2.79509	2.17751	1.44341	0.895301	1.13244	1.4323	0.645652	0.964238	1.29114	1.60131	1.47638	1.44341	2.91264	2.88512	2.97779	4.64915	5.81288	3.12437	4.8598	7.6627	10.0343	11.2524	11.4042	10.6401	8.86987	6.39276	4.54904	3.68238	11.8473	19.8874	10.4184	2.5623	4.68987	7.30219	13.0326	1.65049	3.41725	15.2076	13.821	2.88503	10.3949	7.32816	6.28295	12.2306	25.4228	29.6846	24.4711	10.1799	0.253242	0.566257	2.21396	17.2971	13.718	13.8094	4.68992	5.94225	5.08326	1.30348	9.52946	13.2385	12.6842	6.37275	3.78906	3.75944	1.84309	3.28385	5.84566	8.85046	13.7761	9.79318	16.4052	12.3709	9.75837	7.48067	26.177	25.5336	21.8935	23.7348	16.9758	10.4776	3.41725	12.1497	12.5879	24.8236	8.40889	6.25292	1.20112	3.07788	6.52909	2.48628	6.6982	9.52943	15.8871	14.2425	2.51183	6.88592	14.8527	15.3868	18.6888	20.8473	13.2389	5.67237	14.039	21.4846	15.4694	1.14646	2.89064	2.73726	1.26605	1.69838	4.46768	4.51019	1.65049	1.86891	22.9933	24.9249	10.989	7.18983	18.6887	24.579	6.06839	15.4387	16.4984	21.1192	8.05452	8.28917	2.17751
4.14592	4.92716	4.24824	3.75905	4.47093	5.02944	6.2297	7.11894	6.61747	4.8527	2.33334	3.08798	8.05932	8.61989	5.46459	8.54589	11.3603	11.5158	9.20698	3.82643	6.32482	13.2911	17.9834	12.8415	26.5747	11.3158	5.59054	1.52954	2.99875	1.69823	0.912927	2.96137	7.26904	11.5455	9.23198	8.84964	7.55699	5.5365	5.57915	9.70837	15.9112	21.1296	8.01291	34.4049	36.2401	23.4854	21.3633	21.4739	21.1508	19.2701	14.1984	5.86938	2.86812	3.19984	3.58096	1.30336	0.645594	1.62101	4.82643	9.40629	10.6216	9.25704	8.45033	5.83428	14.9389	10.3466	3.43557	2.09493	3.18463	4.08003	3.08798	2.3875	0.912927	2.33341	2.32652	3.54052	7.54424	11.5074	11.0762	7.12752	5.22732	2.91237	0.253215	3.4028	5.42085	7.04792	6.91972	5.76612	3.93307	1.61109	2.77749	4.80985	3.3981	1.47624	0.400367	0.566199	1.20101	2.95053	4.24842	7.21741	10.8442	12.9434	12.7239	10.2202	12.3149	12.5472	7.72674	3.75908	6.95777	8.33138	4.07611	2.40083	2.43406	4.35204	4.79353	3.99746	5.99426	10.0756	5.35886	0.253215	4.87864	7.31013	10.7361	10.3169	4.71669	3.4402	2.16259	1.76291	1.14633	0.253215	1.62099	2.8289	3.62092	3.72083	3.77188	3.28843	2.32652	1.29102	1.08904	1.26593	1.14641	0.537156	0.738219	0.964139	2.96121	5.37074	3.37465	2.60537	1.43216	1.01276	1.30336	2.04074	1.04399	1.52947	2.43403	3.28843	4.41378	10.8492	18.3762	9.35159	4.75697	8.38568	7.17134	15.7088	3.54052	3.9973	10.3449	15.0984	6.68145	10.6256	2.88469	12.5866	3.12901	16.4386	27.305	29.6106	16.727	4.85937	3.19984	1.47624	19.9694	15.1049	14.3074	13.7684	4.6588	7.1892	10.8061	10.7989	10.9822	11.5336	5.64378	1.60108	1.936	1.62101	1.68879	1.29094	4.64869	11.8465	13.91	16.5801	15.4791	16.51	8.68499	20.3753	22.1152	7.86502	22.5993	18.8636	9.32726	10.8737	7.87924	7.686	19.0448	12.149	10.6562	6.8786	5.53351	7.60419	2.82894	6.33232	9.02115	15.2108	14.3791	3.79279	3.92484	16.9318	17.9771	1.86879	10.0574	13.8296	5.81253	6.80929	18.5572	19.387	8.19777	2.32647	2.40083	2.86253	0.506455	5.54199	6.45819	4.24845	2.16259	23.5057	22.5468	2.96121	5.54512	15.6905	21.6781	2.18454	18.2368	9.05417	22.6491	14.3732	5.00388	0.895184
2.64168	2.65964	3.12366	3.40247	3.85914	4.56558	5.85266	6.98456	6.30462	3.79256	1.84273	3.95685	9.67552	9.26443	5.74631	7.61823	10.6208	11.7235	11.4827	6.71106	2.8285	10.1007	16.4852	3.93673	20.1845	13.8529	7.68549	3.45359	1.65023	2.73667	1.84265	2.96106	3.51312	6.27176	8.42204	8.84877	8.40167	6.3045	5.42903	8.00432	13.0487	21.7136	14.2617	20.8121	30.1363	24.2942	21.3637	21.4817	21.2116	19.6065	19.1359	10.861	3.41648	3.03565	4.93967	2.21347	0.738169	2.38728	7.65481	11.3012	10.1055	7.86059	7.20347	5.66872	13.9392	13.8239	4.0327	1.93592	1.44313	2.88997	3.08769	3.28793	3.32651	2.73673	2.18446	0.506375	4.64484	11.0752	11.5063	7.30943	6.0672	4.59318	2.27755	2.54303	4.82607	6.63343	7.02716	5.30814	2.79455	1.20089	1.79875	4.1723	3.96894	2.60503	0.895104	1.53975	2.43371	3.57615	5.00357	9.79132	12.681	12.979	12.8911	10.2191	6.41845	7.69958	7.94153	5.32582	4.71599	7.83645	5.07582	3.86725	3.22429	3.96907	4.79304	3.80096	1.86854	8.86775	7.55387	0.253192	2.33311	5.37041	10.9325	11.3588	5.28712	3.85914	3.04606	2.97706	1.39803	0.253192	1.04388	2.54303	3.54939	3.77148	3.72044	3.43984	2.18446	1.29089	1.25308	1.04388	1.20089	0.964051	0.964051	0.738151	1.62083	3.93673	3.5223	2.29167	2.26348	2.02471	2.21347	2.04053	2.04048	3.2242	3.22427	3.43984	4.29646	9.26441	15.1345	6.69925	5.93033	7.47905	9.16359	16.1711	7.55178	3.59392	3.05648	12.0075	7.98878	7.34142	2.40062	12.8264	5.10697	11.0724	23.1186	31.5377	20.8449	5.30809	4.28893	2.60503	16.3233	20.1543	7.54381	18.0683	14.4085	9.27129	10.7596	9.79003	7.15985	7.61784	5.64328	0.716123	2.68357	2.38728	1.65025	1.29083	3.28321	8.93791	12.9142	10.655	19.3859	24.5961	10.5396	4.38062	24.2722	6.87763	16.9433	22.0376	10.0154	10.0278	9.61809	6.93906	9.79132	13.7251	11.83	8.35702	6.8846	7.37765	3.1694	4.63446	10.7235	14.7411	10.5174	3.79243	1.62083	12.277	18.1954	7.84643	5.51015	14.0196	10.2682	2.29155	13.6978	18.5708	12.6523	5.19014	1.07411	2.26355	4.07575	7.80452	6.45758	4.35159	3.43974	26.8094	23.3866	5.89005	7.65288	13.9847	17.6911	0.738151	20.6803	13.2429	21.5104	21.382	0.964086	2.40726
1.43189	1.92739	1.76259	2.04027	1.84249	1.2657	1.14619	0.400312	0.964001	2.21328	0.895025	3.85042	10.5151	9.65548	3.56238	2.48558	3.94853	6.42772	11.3205	12.2271	7.97255	5.1128	11.292	9.07312	11.6845	11.0051	10.1531	7.98791	1.97659	2.38707	3.79216	4.35121	3.57583	2.88417	3.5936	6.53713	9.06952	8.00556	5.25348	5.49791	7.68466	17.6426	16.9477	9.7763	14.8979	12.8489	8.77411	6.57327	6.69659	8.5751	19.5476	15.6137	1.61079	1.14613	4.03225	4.80913	5.35521	6.26133	8.74722	10.4552	7.17875	4.38023	5.11275	5.36977	10.621	16.345	8.53879	4.85838	2.00078	1.26565	2.43349	3.68554	5.2745	3.18407	1.9024	3.68568	3.92433	7.51163	9.20826	7.12622	7.35377	8.32652	9.52721	10.3436	10.2961	8.91628	6.19045	3.43491	1.68846	0.895071	0.91278	2.68333	3.07701	2.91176	2.88982	3.29743	3.5936	3.47173	4.41274	9.54619	9.50729	2.86757	4.07555	6.12885	3.62022	2.82825	7.17005	7.15915	3.4718	5.82477	5.75934	5.57803	4.64784	2.04035	0.895025	1.20073	0.895025	6.7734	9.09666	3.82146	1.08884	0.738085	7.30864	9.87815	8.93706	7.77198	6.15712	5.75397	4.71579	3.92028	3.07716	1.93575	0.964001	1.13208	0.738085	1.36312	1.30311	1.7897	2.32608	1.84257	1.36312	1.84249	0.912761	0.400295	0.800585	2.56156	3.08747	2.35339	3.05621	2.72471	2.53012	2.48558	3.04581	3.28277	2.48547	2.00076	2.29146	7.60284	13.2292	7.89958	7.20295	5.54394	10.8416	15.8564	9.1289	2.82837	1.08884	6.85416	7.15915	6.60418	6.61377	15.2609	12.3737	12.934	24.3734	35.0929	26.7616	8.09854	3.9565	3.90395	9.78081	20.4823	12.117	12.387	18.721	12.9417	4.14521	1.68838	2.862	4.65798	5.07537	0.716059	2.26328	5.07537	9.46693	13.8703	13.0261	8.00556	6.30376	4.71558	20.4775	26.3943	2.4004	9.51909	18.1878	13.9686	7.68466	19.5055	9.77637	10.0849	18.301	21.0939	11.2719	9.78081	8.42661	7.83599	9.9388	8.79152	6.32404	8.87608	11.196	14.7428	12.6049	9.28564	7.01086	11.6585	17.2284	10.0632	5.2987	9.05391	9.2636	7.67691	7.98791	12.8905	15.1546	10.1364	4.08337	1.30311	4.7156	8.40084	8.76865	3.77115	3.54889	27.3383	24.4714	9.59136	10.3978	9.75084	11.5331	9.67513	15.9191	14.6751	13.5614	22.588	7.43416	2.88426
2.72442	2.4852	1.64985	1.93545	2.04006	1.69767	1.29064	2.02432	3.82106	6.70766	8.47767	6.67238	7.1231	9.67858	9.68521	8.77498	6.57257	3.19888	4.29545	8.98967	9.52619	5.82444	2.64117	9.90703	8.97253	4.31758	7.3529	10.8802	10.1644	6.42719	2.00057	2.02442	5.53476	4.87414	5.17715	7.30822	10.3617	12.4056	11.4992	10.4573	10.099	15.5538	18.9116	14.3174	4.82502	8.26342	6.45867	4.14478	8.26369	11.271	17.1898	15.1789	2.50448	3.22366	0.738007	4.57514	7.11683	8.03603	7.70239	9.38863	7.82903	4.82502	5.04988	6.81898	7.09022	15.7967	12.6265	8.91696	5.88376	2.56131	0.89493	2.56123	5.99523	6.24023	5.63397	8.23542	9.67412	7.16735	3.6851	5.71204	8.7466	11.689	14.4971	16.6074	17.995	18.7059	17.8061	15.0435	12.0646	9.96279	8.06321	5.8892	4.01612	2.26311	0.963899	1.6882	2.7824	2.93326	4.50845	8.95654	8.42754	3.28243	0.963899	4.07511	5.22572	3.47136	8.50879	12.9823	11.6565	6.24054	3.2236	3.52148	4.2918	3.96823	1.86823	0.566037	1.61062	2.65915	7.85908	9.09597	7.26734	7.90086	10.0549	7.94022	4.76549	3.91969	2.86727	5.60023	6.78458	5.99288	4.60973	3.28258	2.64117	2.884	3.12827	3.05599	2.0943	1.04368	1.2006	1.92718	4.48025	6.61307	7.2045	6.80774	5.55773	4.3944	3.93599	2.94958	3.32586	2.43321	1.43174	1.77154	1.47581	1.36298	2.38687	2.82809	3.16379	6.85353	11.4989	9.65009	8.66271	7.64338	14.0422	16.0655	8.70547	6.63216	3.45304	4.85772	5.90525	11.0251	12.3376	19.3323	22.6704	11.5267	23.245	40.7157	38.4593	22.7291	12.4056	5.36935	2.40679	11.6719	17.5519	10.1508	10.6888	17.6883	11.5268	6.67923	2.96037	3.66776	4.93864	2.15448	2.68318	12.9863	23.3775	25.7762	28.4788	25.4184	19.1843	10.1095	21.1466	23.6237	12.2257	18.4094	14.8104	11.226	8.5033	22.2119	20.3707	15.7842	21.4717	29.2477	26.1682	11.0744	6.70739	6.38291	12.2049	13.4116	7.93245	7.34024	6.82827	16.6753	19.9868	13.5278	11.8074	15.688	16.3695	9.60189	9.06878	6.15909	1.7984	6.03488	4.36174	5.04988	14.5534	14.7138	9.25788	5.49754	1.20065	4.48036	9.53425	9.97499	4.42327	22.8095	27.2673	10.9934	12.3761	6.20983	6.48088	12.2752	6.20246	11.1471	2.08667	21.1866	20.9237	14.8134
1.01238	3.22332	2.8277	1.6497	1.78927	2.2909	0.178989	3.93553	5.7637	6.31776	8.46409	8.2347	2.79946	5.71161	10.8907	11.2742	9.73522	7.99251	5.71161	2.49151	2.9601	4.90283	5.99473	4.32087	4.96409	5.55725	1.93538	4.64362	9.14782	8.91618	6.43874	3.90308	2.82773	3.96788	2.97637	2.03996	3.57958	7.30739	9.76341	10.2834	9.74922	10.8243	10.6292	10.3236	7.68143	8.55704	11.8675	11.9755	15.2012	17.4561	17.2341	12.0545	3.47113	3.21842	4.18252	3.41544	3.12278	3.26269	3.22332	7.45158	7.8143	3.83723	3.52117	5.80735	0.894851	9.88856	9.28348	6.87578	5.42741	3.77031	1.36291	1.36286	6.43854	8.87751	6.42636	6.06552	6.08643	5.90741	3.45273	0.506232	2.68295	4.50827	5.75295	6.81867	8.24794	10.2702	12.3072	12.5588	10.913	9.44234	7.71806	5.54298	4.1865	3.66763	3.53939	3.82072	4.20529	3.61937	5.24937	8.32833	7.02487	4.30251	3.41555	1.39771	5.68913	7.55176	5.19801	8.04118	9.93087	7.60162	4.17127	2.56106	1.53932	2.561	2.94932	1.14591	1.36291	1.26545	1.84221	6.12767	6.53594	8.32492	12.0358	12.9443	12.0948	8.17965	3.82072	0.894874	2.7066	2.68883	2.33244	1.97621	1.68813	2.29102	2.73015	3.04522	2.64082	1.26543	2.68881	3.75763	6.39937	7.8444	6.7724	6.7724	5.20413	3.85796	3.68478	3.68478	3.61935	2.24154	0.71592	0.645344	1.04359	1.39771	1.64976	1.20055	0.894897	4.75489	7.35852	4.14436	2.82782	4.46922	14.3658	16.4144	4.8213	5.35701	4.85729	4.30242	2.26284	10.4122	6.91696	18.2916	25.694	18.4735	8.36576	31.8995	38.4827	23.3363	17.1024	7.6526	1.93528	1.01244	5.55155	15.5113	3.61937	13.3166	12.4236	9.09492	5.25247	5.05249	6.23968	3.06087	1.64979	20.5263	29.1269	14.7764	19.4105	23.3873	25.3094	16.0561	24.2799	23.9074	15.672	15.3419	13.299	8.3696	16.7867	16.4254	20.3295	7.6528	13.5874	21.5868	31.1272	14.2205	6.20928	2.33239	4.8246	11.5571	4.95106	3.51213	4.29507	20.1423	22.7941	4.85749	10.4532	16.5638	14.7132	5.88853	4.0787	3.39217	3.57514	3.29672	0.894851	1.6497	7.64241	11.9284	8.5424	5.36584	3.93158	2.43302	1.86807	7.50825	5.92867	14.8982	24.1276	14.1628	7.09606	4.85724	6.17873	2.56108	6.94635	7.17737	11.2304	12.7518	18.6913	16.9091
1.29032	2.56074	4.20487	2.70635	2.56082	3.41523	3.29655	5.22474	6.45989	6.48667	4.96044	6.818	8.00328	6.24931	1.0885	4.01544	7.2466	8.53104	9.01234	8.63249	7.72349	6.71579	6.47704	5.0015	1.97604	2.82756	3.75729	3.5119	5.02705	8.20723	8.88389	7.92282	1.9352	1.39749	1.36279	2.43287	2.88337	5.0488	6.57097	6.06214	7.493	11.1549	10.9954	10.4948	7.64172	7.10857	11.774	9.52402	9.28253	8.50133	8.03418	4.87633	0.253112	2.21262	4.50758	5.20337	4.20487	4.64651	5.98115	8.39841	7.48445	3.52081	2.52931	4.39337	1.77123	7.05532	8.44072	6.69434	5.03943	3.79099	3.32544	3.77009	5.92792	8.29374	6.30189	5.74386	3.07609	2.17622	3.59255	3.21811	2.56074	2.27666	2.49116	2.21262	3.47071	5.25207	7.17703	9.92997	10.3733	11.1565	11.5302	10.149	8.67379	7.93106	7.06914	6.41604	6.67782	6.43805	8.00131	9.18889	7.70087	5.49654	4.34997	2.68271	5.49637	8.78898	8.04997	4.47956	3.86575	4.46515	3.43856	2.91105	2.29082	2.00018	2.48472	1.90173	0.253094	1.44257	1.68788	1.69734	2.82756	4.46515	6.62819	4.99849	3.22316	2.56074	3.68439	2.38637	0.912492	1.69734	2.33221	2.33223	1.44266	0.894817	0.894787	2.39969	3.26236	3.43856	4.63632	5.25207	7.50953	8.42413	3.16301	2.93289	5.45898	6.79016	6.60228	6.06491	5.36819	3.18312	0.565953	0.565929	1.04349	1.84205	2.82756	2.68271	2.29082	4.15537	5.92785	2.50401	3.19831	3.29639	12.4113	16.8965	5.17606	4.69751	7.47622	7.35154	3.57926	10.7805	3.22295	17.0581	22.5372	19.1232	21.0941	23.9014	30.7589	23.4762	24.3677	20.5592	9.91773	5.69168	7.66842	9.03921	10.4787	5.66629	11.3534	13.5142	11.7783	10.0282	9.16677	4.64308	3.22307	21.8769	29.3841	12.5081	6.65671	13.7617	24.689	21.0523	21.1755	22.5003	14.1911	16.2229	4.32051	9.28805	17.2294	8.39841	21.8609	4.79791	9.99741	16.7772	27.5442	19.0301	12.1679	3.53908	1.29041	9.28604	12.0535	5.88816	4.46515	19.6999	21.006	12.4942	10.4657	11.5098	14.1663	9.87552	5.66933	3.95533	2.65861	2.52943	4.30226	3.19831	6.57097	9.91705	7.21374	6.59271	5.35647	4.80777	6.67829	8.49257	7.77978	5.99411	13.9552	17.5808	12.6767	5.90689	5.5764	6.48697	7.05565	8.24667	16.7984	12.9398	22.057	20.6137
2.8887	2.48461	4.64606	3.93082	2.2624	1.60017	1.2652	3.37253	4.6082	6.69374	3.85721	1.51808	5.2845	7.30602	6.76861	3.76951	3.61882	7.30405	10.4062	12.3635	12.3392	10.2683	5.9912	1.26518	1.78901	2.70608	3.7569	0.565877	5.40014	5.49599	5.42629	7.18467	1.97582	2.03956	2.15389	0.400156	2.79879	5.90601	5.84157	6.38848	9.90428	15.6826	20.5282	22.1917	19.7247	15.8312	15.5944	11.882	9.75366	8.57348	7.92989	3.76958	1.97584	2.15387	4.17032	6.36112	5.66863	4.87262	5.60123	6.21826	3.93477	2.72375	5.68833	9.26045	11.0098	9.68252	8.36794	7.16729	5.2845	1.96773	1.0884	2.03956	4.08163	5.92733	4.97888	6.76861	7.08824	5.04863	3.2228	2.03951	2.52909	4.5632	5.35301	4.87283	4.83353	6.32885	6.42538	10.2338	12.6078	14.3382	15.4668	14.264	11.6143	9.68576	7.63921	9.61346	12.1962	10.6844	11.496	11.192	9.04902	6.62078	5.78745	5.6772	7.80918	11.9228	15.0132	14.6552	10.4473	3.8656	1.69724	4.07402	5.0549	4.93751	3.61882	2.21247	1.52865	2.2412	3.39151	2.16133	0.737798	1.99992	3.47038	4.72736	3.59674	1.53909	1.76191	2.70608	2.08608	0.963626	0.912406	2.03956	2.32518	1.84186	1.61017	2.2411	1.62006	1.90166	3.1679	4.49673	7.67978	9.71558	7.31675	5.29665	4.41119	3.99502	4.07381	3.99497	5.84157	5.88741	4.42202	4.56341	5.07367	6.08525	6.47906	6.17786	5.84988	4.57728	2.93243	2.52922	1.44246	2.54182	8.42705	16.3729	7.71626	3.183	2.91069	8.93874	5.9912	8.38078	4.18547	13.5849	19.9116	22.6873	29.8678	22.5594	9.35991	30.5652	34.8213	31.6447	20.362	6.94501	4.37863	3.68425	4.72727	4.67333	3.67991	11.5013	15.3127	17.5041	15.6265	6.30133	5.3648	19.995	24.9039	18.1225	15.7241	10.6171	16.1067	18.1261	18.4803	17.3972	10.0257	16.9489	9.90377	10.9569	13.0427	6.26136	20.1112	7.67978	3.41489	10.8375	16.9859	23.2823	24.4164	15.3127	5.13879	4.03078	9.12401	11.3926	7.55068	13.5793	12.7363	12.1075	11.2356	5.27266	7.05482	11.1442	9.07801	7.67978	4.15499	0.253072	0.536848	0	7.01679	8.12226	6.92931	10.2202	9.2519	5.35314	7.50073	8.83592	6.69401	2.65851	4.90205	14.8685	18.3916	13.7654	8.49172	7.92236	8.28404	13.3465	21.5432	16.339	22.0432	26.6199
3.22252	1.04329	2.65816	4.71334	3.83615	2.56034	2.4908	3.57858	4.28651	6.60106	7.65076	6.23825	2.97553	2.38593	6.82576	7.89575	5.18731	3.43775	2.7058	3.96683	4.90162	4.57688	4.0735	1.9014	0.565827	1.68758	3.29574	6.42456	11.991	10.8821	8.38044	6.24061	0.737752	2.8662	3.33911	2.94856	1.44234	4.24546	4.83311	4.26059	4.85607	7.55827	12.1263	17.7489	17.1801	12.6067	11.0968	7.84227	5.92693	6.06107	6.45627	2.72925	1.92654	2.94856	3.73112	6.42468	7.83226	7.50616	8.27549	7.04304	3.94665	3.99479	6.15682	7.93936	9.28133	9.33446	8.48368	7.84227	5.95093	3.68393	3.41459	2.50993	4.01447	4.92396	2.39926	3.76929	6.03261	6.42482	5.21183	3.28623	1.96755	6.52417	6.65076	3.6185	2.03938	4.96244	4.21538	1.26512	2.82704	3.68393	6.24817	7.2967	4.4786	3.78606	4.3012	11.6374	15.1475	11.5078	8.81376	6.43688	4.11239	2.33178	2.3318	3.12711	4.71358	6.30608	8.74338	10.8427	11.142	8.89094	4.64214	2.65816	2.95939	3.28623	2.97553	2.02367	1.52852	1.84169	2.79867	3.59193	3.03911	1.97567	1.86749	2.43231	2.0393	0.894598	0.357873	1.25237	1.69709	1.68766	1.13158	0	1.07351	1.25237	1.84161	2.65814	1.44234	1.39732	1.47526	2.39926	5.67641	6.61994	6.48571	8.07958	8.57305	7.55002	5.83041	3.22252	2.0858	4.59071	4.96269	4.26059	4.23438	4.4787	3.99479	3.53839	3.67959	2.79297	1.2901	0.800203	5.83018	4.41083	6.7073	17.8195	12.6454	7.50008	6.19998	3.75657	5.20254	5.29593	4.3012	7.16442	11.6676	11.73	13.3893	20.026	20.602	16.0498	26.5238	27.0671	23.64	12.8287	3.61398	4.07755	5.07626	3.23725	6.10266	1.47522	6.82571	17.1639	20.9089	9.39995	3.12188	18.9008	19.0288	9.22445	12.5888	10.5818	10.2446	6.56982	17.2988	12.5324	3.40055	15.4065	16.3934	10.9095	5.88145	6.56982	17.6411	9.06501	1.26505	7.42424	4.87226	11.0267	21.7238	18.8314	8.83483	3.96671	2.1537	5.19655	6.22552	8.86282	7.06077	2.93218	3.85697	6.15682	3.86526	5.80572	7.48306	8.35217	6.17956	3.04434	4.67301	3.94665	4.71334	6.61994	3.0757	6.24817	9.75264	2.09346	5.05419	3.12697	0.178938	0.963506	4.37815	2.79283	6.95346	13.0094	8.10623	2.52895	2.4844	11.0208	24.8782	25.4011	9.36373	13.5345
4.64165	2.94818	4.41751	5.63119	4.41018	1.97544	1.76163	3.23695	3.99432	4.72645	5.41669	5.82168	5.90513	4.85561	3.05968	4.93637	7.22704	8.12285	7.11991	3.78566	0.912248	3.03872	5.07243	2.21199	2.56006	3.28101	5.41669	7.0423	10.0299	1.64906	2.82674	3.26148	2.94825	4.37778	3.04411	0.253022	1.30235	1.59992	4.64182	4.5764	1.36238	4.29341	2.43217	7.94995	12.1137	12.213	9.99507	7.10682	5.49493	5.75056	5.59736	2.48402	0	1.20003	1.26496	3.43743	6.23995	8.44046	10.8358	11.1559	9.67434	8.38515	7.33682	6.55024	6.48511	6.68571	5.90513	5.00022	3.41419	2.43217	4.07318	4.51704	6.07095	6.56922	3.21717	1.86734	2.56009	3.6792	4.4747	4.56253	3.79002	6.29763	6.841	2.68184	4.18488	4.34499	3.86466	1.28996	0	0	4.9363	7.01544	4.15419	3.92187	4.42093	10.6922	14.7138	13.2669	11.8286	8.76351	4.07693	1.36233	1.26494	2.72909	3.91798	3.43754	1.69691	2.03911	7.24632	9.43833	6.71357	4.57624	2.33148	1.0882	1.92633	1.99961	1.53879	1.61977	1.53879	3.03878	3.59155	3.39085	3.64438	3.93411	3.41423	2.65797	2.15352	1.64915	0.645093	0.506062	1.4751	1.52836	1.04318	0.912229	1.53872	2.88804	2.14603	1.51787	1.59992	2.52865	5.4456	5.18665	2.16083	1.39717	1.47507	1.47507	1.82403	1.93462	4.41034	7.08917	6.92575	5.35505	4.24514	3.59604	3.92205	2.82672	0.565785	1.26491	3.92187	3.46983	9.12205	3.99425	4.07693	15.7104	15.5551	8.17651	7.17461	0.894526	4.71286	4.29341	4.24501	4.65527	6.30509	2.88804	3.57822	24.3665	28.0929	5.90245	22.9483	30.2058	33.0592	22.833	4.76312	6.07095	4.01407	0.963404	4.5169	3.59604	3.43743	13.6867	21.2533	12.3668	5.66494	16.425	15.9637	2.88254	2.52868	0.800085	7.20732	1.14552	21.1374	11.6509	10.5328	12.7479	14.0145	12.5297	9.15787	13.6903	19.5958	13.7766	11.8519	12.4808	7.7212	4.24503	15.8003	21.1622	17.8228	10.1351	4.46383	1.25224	5.20193	7.24415	7.11974	3.84818	5.54057	3.91798	9.0884	9.84472	6.27775	5.29538	8.15329	6.6121	0.565767	5.39306	3.92205	8.49921	6.70449	6.41418	11.1569	5.36666	4.30075	4.18466	2.63991	3.918	5.03819	9.13253	11.6121	11.9998	6.37466	3.23691	2.15352	7.8113	21.1047	26.8213	16.6912	11.6456
7.02155	6.71996	4.69572	4.2894	3.51046	1.97527	1.649	2.72298	3.7304	4.3483	5.02832	5.68949	5.97895	5.30408	2.6816	2.72885	6.38669	8.26655	9.46047	7.35505	0.912167	3.76845	5.07198	1.30223	3.03852	3.1821	4.82242	3.68319	7.06606	5.92567	3.167	2.72885	2.57851	3.83558	3.78962	3.28542	2.21179	3.84784	4.3006	5.54024	3.75577	2.38552	3.22185	2.57851	9.80004	12.3297	9.71325	6.55451	4.94892	4.99661	4.02955	1.3022	0	0.536696	1.04309	2.38552	4.55167	7.43367	10.1041	10.8897	9.82507	8.29489	6.91379	6.54966	6.62844	6.67572	5.67561	3.83558	2.86567	2.55986	3.67888	4.51664	6.07041	7.42922	4.41701	1.76148	2.43196	3.53771	4.35928	4.63116	3.9217	4.24466	6.34437	5.03755	4.68561	3.57353	1.47494	1.78841	0	0	5.68643	7.75244	3.91748	3.43708	3.16184	7.80664	12.0475	11.8976	12.1894	12.7468	7.75244	0.912148	1.26483	2.88789	3.83558	3.85622	2.33133	1.26485	6.7805	9.43751	6.94294	5.74173	3.82293	2.09305	1.7885	2.09312	1.53866	1.61962	1.53866	2.55984	3.29523	3.39055	3.64406	4.10774	3.5779	2.7752	2.1828	1.76148	1.52817	1.13132	1.28991	1.64898	1.04309	0.565735	0.565717	2.21179	2.14584	1.51774	1.59978	2.52842	5.93366	6.4355	3.12636	1.4421	2.88224	2.88224	1.82387	2.21185	6.64955	7.89043	7.11285	6.0523	4.99978	3.43261	3.9217	4.55153	1.36221	1.77045	5.39259	5.18631	9.54486	8.11229	1.99938	9.43767	14.5304	10.0431	3.26119	0.645036	3.55999	3.85613	4.01372	5.63902	6.80357	5.05009	4.12317	27.8298	29.8287	8.18128	15.9529	27.2616	39.7571	32.5468	2.72298	6.07041	1.99941	1.68725	2.02328	4.16922	2.38552	9.3322	18.6425	13.2263	5.74197	10.7936	12.2163	7.98837	4.07271	4.80241	8.11999	4.80572	24.7449	16.1347	11.5626	7.30398	9.40963	8.19078	8.88945	14.9268	19.7852	13.925	12.1526	11.3869	8.9519	11.0738	8.20414	19.0286	22.3391	16.6664	4.21456	1.86712	3.85613	6.06252	6.13228	2.14584	8.24365	8.93084	9.51281	9.53877	5.47141	1.30223	8.37109	9.97066	0.565717	6.87246	4.84855	7.39994	7.72043	7.1544	10.9299	8.34126	1.78841	6.4355	4.97748	3.96607	4.68566	9.45097	11.5483	8.57681	2.02328	4.97109	2.70531	9.29239	15.0279	22.1518	17.717	8.73284
8.01884	7.65434	3.12603	1.99914	2.15299	1.64874	1.13121	1.5176	2.72274	3.39024	3.05399	2.79787	3.61745	5.07797	6.78008	6.98086	5.74149	6.05945	10.4532	9.38247	1.93428	4.544	5.07145	2.35154	7.13843	7.47296	6.43527	5.03729	4.97698	7.31372	2.15299	0	0	0.96322	3.92111	4.46296	3.07462	5.35081	0.536644	3.68267	5.74949	3.3901	5.49404	10.907	11.0609	6.13205	0.399985	3.22163	3.37144	3.21658	2.09284	0.399985	0	0	0	0.399985	0.252991	1.69654	4.74217	6.25631	4.51604	1.78828	0.799976	2.57811	2.55949	1.39692	1.8237	1.28979	1.13121	1.13121	1.13126	1.59955	3.5952	6.67483	7.29479	6.17812	4.68525	3.79774	3.37144	3.39024	3.33816	2.33112	4.40931	6.23629	6.56819	2.68143	0.565659	1.39692	5.74146	6.5922	6.41544	8.58101	4.30004	2.70501	2.03869	6.17515	9.28144	7.99728	9.30475	13.606	10.3546	4.07639	3.16671	3.22154	3.79774	6.14486	7.21059	6.21623	9.74373	12.1882	9.82089	8.39459	6.4741	4.3479	2.72861	2.15308	1.25201	0.799976	3.22163	4.56172	4.31862	3.12623	1.61947	2.16041	3.04348	3.2216	2.97469	2.95855	3.51023	3.61745	3.04357	2.63944	2.03883	1.53852	0.963266	1.59955	1.47479	0.894391	0.912057	1.84106	5.27043	7.22557	6.4376	5.2947	4.16883	3.6827	2.70506	4.72559	8.46633	4.82182	3.05916	5.74972	9.67265	9.79919	7.87198	7.71952	3.93339	0.73754	5.02453	7.81018	8.18999	7.04754	4.07251	6.54907	11.6759	12.1586	7.48129	4.57216	4.37699	3.613	2.88748	5.2009	6.67483	5.71647	1.08798	28.9719	29.6674	7.75163	2.5092	16.5206	41.8753	42.1581	13.3152	2.82609	3.03822	4.24438	2.95855	3.39487	3.07483	5.90374	14.8308	12.8983	3.52385	6.52223	7.94844	11.0053	9.5844	3.28023	8.48827	3.75539	25.1244	18.5332	6.45439	4.15362	10.2972	12.6471	12.7039	12.1685	16.4993	11.5387	8.46653	4.80549	8.32355	11.1493	4.18414	10.4193	21.1594	18.8709	14.658	12.3591	8.82559	2.5596	5.14916	4.84809	7.10521	13.1527	7.10521	0.75888	5.02448	5.19488	5.35081	11.5229	3.29482	5.80412	7.82403	2.68134	4.80529	7.49759	10.0219	9.03337	4.43473	5.14583	5.58503	2.90966	2.60288	6.45209	5.18597	2.82609	4.79563	10.2958	10.7493	7.99948	8.52651	18.0946	15.7571	4.80224
6.05887	5.50471	3.12576	1.76107	1.3967	1.90066	2.08499	1.82352	2.52802	3.3899	3.29459	2.72832	3.32351	4.60624	6.31856	6.98015	5.68563	5.10851	10.9096	8.70415	3.68236	5.54756	5.071	5.83873	10.3833	7.44702	6.76787	5.92472	3.08481	5.81977	2.40496	0	0	1.68692	4.40892	3.22113	4.07187	4.854	0.399966	1.79703	4.34377	9.15324	10.1746	10.4424	11.823	10.015	4.92205	3.16139	3.29464	2.39843	1.0879	0.178869	0	0	0	0.178869	0.252964	0.91199	3.43646	6.48301	5.43247	2.17497	0.799892	2.57788	3.27994	1.44182	1.82352	1.47469	0.505919	0.505919	1.13114	0.71544	1.6094	4.46275	6.71193	6.64843	4.75195	3.79734	3.51895	3.3899	3.4688	1.84098	1.2646	4.56125	7.15309	5.80626	1.53828	4.63006	7.82328	6.92604	4.80499	8.58025	3.92895	1.687	1.04284	6.42447	8.7874	6.76756	8.34897	12.2165	10.1323	4.58893	2.82595	3.39454	4.69482	5.92484	7.74517	6.14423	11.0223	12.5563	9.25097	7.5491	5.80644	3.9653	3.26056	2.70475	1.86676	2.88168	4.28857	4.63026	4.1837	3.1259	1.61931	0.758854	2.48984	3.12079	3.03799	2.95824	3.28493	3.61707	3.1259	2.54061	2.03861	1.69643	1.44178	1.59941	1.07309	0.963167	1.36194	1.36194	3.2605	5.53917	6.19779	5.69668	3.41334	3.05882	3.61258	6.27592	8.26484	3.32351	2.48343	6.56753	9.28112	10.0215	9.45394	9.58974	4.87038	2.97423	3.18148	6.77948	5.59603	1.01171	4.76189	6.06942	10.7819	11.8152	8.95706	5.19454	4.24395	2.93119	1.44179	3.28481	4.46275	3.86376	4.46257	27.7991	27.7193	7.01348	5.50471	11.9211	37.6787	46.0781	24.1489	1.97488	2.24013	4.37655	2.95824	2.65722	3.07451	3.33773	10.7873	12.4433	3.68247	4.31798	3.57275	8.36041	12.333	5.7406	7.42993	3.75505	22.1913	21.1577	4.80482	8.15101	9.2911	12.4305	13.0507	8.52615	14.4412	14.7137	9.57059	9.69197	11.7456	4.50504	4.16848	4.25873	17.6419	14.2416	15.9329	13.9225	11.1322	6.29586	5.42388	10.6807	2.82595	14.4869	9.90694	1.7701	3.22122	7.01128	1.07309	10.5975	7.50314	3.37108	8.76107	7.89457	2.77466	9.12113	9.54294	6.6742	4.90937	1.01176	3.75089	3.33782	2.39843	4.51577	5.70773	8.6271	7.69652	9.64778	10.6282	6.19779	2.68703	17.4388	16.6351	4.85424
3.59018	4.65365	4.6944	4.17949	3.51864	3.68213	4.16804	3.72935	2.65699	0.911909	1.61915	1.84082	1.53822	1.26451	2.8257	6.27556	8.32253	8.17922	8.61026	4.87314	5.88411	6.09456	5.03614	7.69165	11.303	1.08778	3.32305	3.54551	2.55912	4.68415	1.99879	0.715377	1.01167	1.01162	4.02842	4.34708	4.81766	3.59456	0	0	1.28948	10.4058	12.2647	7.08659	6.41427	9.02997	7.33391	4.39069	3.16111	3.57252	3.19618	1.43053	0	0	0	0	0	0	1.90049	6.17407	5.42322	1.64847	1.90059	2.68678	2.68078	0.7374	0.911891	0.758746	0.644822	0.799788	0.715377	0.644854	0.894217	0.963082	1.53815	2.88697	2.55912	2.03841	2.03835	1.69623	1.99881	2.15268	1.99885	1.52779	3.54551	7.03969	4.28817	5.18473	7.82839	1.92562	5.58139	9.45301	5.86271	5.55305	5.29668	5.3203	6.66645	6.62639	8.87283	12.8789	13.007	8.7392	4.47658	1.96661	3.91635	1.92555	5.35283	2.43115	9.89207	10.9268	5.80575	5.35296	5.46987	5.95616	7.50283	8.58709	8.76588	9.20667	8.26424	5.41469	2.82567	0.565557	1.97473	2.72808	2.93093	2.48321	1.59933	0.536545	0.894194	1.79686	1.64851	1.39665	1.30187	1.43053	1.79686	1.96661	1.68685	1.93391	2.50236	1.78795	1.78795	2.88147	3.22092	3.76746	2.50873	0.894172	3.29422	7.20462	5.58139	17.2916	21.7809	21.5201	14.1972	3.41304	7.54815	8.79721	4.5502	6.05297	3.85504	2.55914	2.39822	3.67768	5.5953	4.11055	8.31846	8.86746	7.84641	5.70439	3.99285	3.07423	3.16111	3.7675	2.32378	3.04289	6.61681	24.7946	27.1376	10.017	9.76859	7.7604	28.7356	44.4329	32.1754	11.6467	4.46223	5.03614	5.45835	7.1723	7.96504	8.85908	9.22668	4.99836	14.5056	12.1493	3.94474	2.90894	9.87343	10.5923	3.61232	6.23247	15.9581	22.0926	8.79767	8.7034	3.90013	3.5457	7.25903	6.91176	8.59391	16.5623	10.0904	12.3074	14.6136	2.72808	2.09246	2.79733	12.2277	8.97507	6.30277	8.43528	8.9144	8.25652	8.41328	7.79044	7.20924	10.7126	10.5966	5.63767	5.07082	6.2552	1.36182	8.83939	9.1288	4.83081	7.03969	10.2277	1.76098	9.35443	10.1419	5.04867	2.48953	3.05859	2.39822	3.29422	4.93466	9.74847	14.4162	11.93	5.14492	4.57104	5.4322	11.3423	10.8615	10.7126	16.5658	4.94732
3.21564	3.94436	4.41541	4.41541	3.72895	3.55872	4.02809	3.99242	3.39388	1.69605	1.04268	1.84062	1.6961	1.26438	3.75441	6.71064	8.29171	8.05563	4.56036	2.33044	5.24804	4.84662	4.34648	7.69085	11.7845	1.76073	3.82145	1.53798	3.81735	3.22058	0.8941	1.59909	1.01156	1.01151	2.43099	3.96453	3.59433	1.60909	0	0	0.799703	6.84927	9.43407	7.3971	4.50439	4.03975	5.34944	5.22084	3.18087	3.84649	4.28403	3.1957	0	0	0	0	0	0	1.64827	6.42323	5.17197	0.894123	1.99866	2.03819	0.962945	0.644785	0.565515	0.252902	0.894077	1.28934	0.715301	0.737322	0.96298	0.894123	0.565497	1.44151	2.43099	2.68649	2.48926	1.69605	1.44151	1.99864	2.15245	1.64834	0.565497	5.07323	6.14281	2.43089	8.32123	4.17891	6.80117	8.52249	5.8621	5.55247	5.39077	2.8254	2.82528	5.37599	7.42865	11.3088	13.3492	10.7855	6.43316	1.64834	3.66428	3.37027	5.59469	4.18267	10.6256	12.6144	6.94027	6.27471	5.8378	6.21439	7.2992	8.4697	8.76496	9.72681	9.39316	6.59009	4.54977	1.53798	1.53806	2.65673	2.90879	2.40462	1.59916	0.962945	0.644785	1.60909	1.52763	1.44154	1.44151	1.43038	1.60909	1.79668	1.64836	1.90039	2.88117	2.17455	1.4744	2.50209	3.03734	3.5765	3.46806	1.39643	2.17459	9.1515	9.38485	23.9924	21.8005	23.2683	21.8784	7.25805	7.54736	7.31167	4.07891	9.03246	5.19946	2.90874	2.28904	6.6232	8.67388	4.23193	8.75401	8.86653	7.22351	6.45023	4.29884	3.07391	3.18087	4.28772	5.49213	5.19946	5.02304	19.8272	27.5305	16.7089	10.6787	6.01064	24.1523	39.7064	34.5973	18.5509	7.956	9.099	5.82703	7.1977	8.0807	9.04487	7.01917	12.5286	16.2366	19.1341	9.36499	3.66428	5.36409	9.15334	5.4922	4.31348	6.5469	18.7359	10.3416	5.17211	4.57407	4.49373	6.42357	10.0681	1.13092	16.3416	13.2752	12.5429	16.2183	4.72411	5.73949	2.72779	5.84569	8.97413	1.28934	5.82681	6.68221	4.8303	9.4193	4.39004	8.36246	3.22053	8.7646	5.26616	5.07029	3.25993	0.911794	7.36285	7.71114	4.3757	5.07323	9.4974	2.50845	8.18751	11.5565	6.76626	1.26435	2.48295	2.39797	3.72885	8.05725	12.8358	15.7689	10.8365	3.1957	9.53463	9.45686	10.3817	13.8527	1.79668	15.896	11.9486
7.63348	6.81218	5.3194	4.49333	3.81709	3.38894	3.68141	4.20139	4.86908	4.66979	3.1655	1.90022	0.962895	0.252879	4.60471	5.18376	2.02232	2.02232	2.94652	4.85264	2.90838	2.90838	2.50187	7.1706	10.5047	2.93021	3.38883	2.68039	3.50879	1.19935	0.357633	3.5583	2.90853	3.68132	0.53644	0	0	0	0	0	0.399836	3.91966	5.31927	5.19919	6.43279	6.76601	4.60494	1.68644	2.40441	1.1994	3.79607	3.36997	1.08759	0.178818	0	0	0	0	1.64813	5.81814	4.7404	2.27485	1.1994	0	0.799666	1.14488	1.39638	1.51701	1.47427	0.96286	0.758639	1.44141	1.43025	0.644697	0.894044	0.894044	0.565447	2.03796	3.03707	2.90848	2.09212	1.92518	2.2394	1.79653	2.1744	3.68141	7.66192	7.22312	8.75863	5.75278	5.50602	5.83709	3.46775	2.79679	3.67713	4.17868	2.68039	1.86623	2.32332	6.19585	10.293	10.8479	8.52895	4.28734	2.18165	3.99195	2.94652	7.20353	10.0673	11.1289	7.08489	5.98905	4.24265	3.33679	1.26422	1.14482	1.86623	5.98903	7.65152	5.6364	5.71432	5.36381	5.59729	5.81844	5.55198	5.05108	4.18252	2.28884	0.399836	1.61883	1.69595	1.84046	1.86629	1.64819	1.44139	1.07279	0.357633	0.357633	2.26069	2.52722	1.52749	2.03801	3.11988	3.9319	4.58753	3.29358	1.76064	10.3033	12.5979	24.4964	2.57716	12.5275	23.0841	15.0018	2.79667	8.71081	7.88672	12.36	7.93184	3.4123	3.91984	5.18376	8.26253	9.76716	12.1926	6.97588	3.037	6.41303	5.90439	3.11981	0.715238	2.48262	8.07381	4.99728	5.54629	18.5771	29.3277	23.8177	16.3343	7.99651	20.8174	32.9121	31.7905	25.6705	14.1494	10.7886	4.63912	3.33688	3.93179	1.78765	12.7119	23.0788	17.1263	24.2536	19.1562	6.77755	5.9231	5.39599	6.12938	2.14482	1.14482	12.4603	9.11698	4.29855	3.38883	4.03939	2.72158	9.25318	8.35243	11.0342	13.8149	7.83686	15.7451	2.55864	7.16191	3.992	4.17854	7.01824	3.76666	4.51798	7.51989	3.76673	7.15966	10.134	3.4123	2.2394	5.69508	9.19494	6.9782	3.1655	0.758639	4.89818	10.6826	17.4017	13.8123	4.37522	4.02764	4.99728	11.4674	9.41854	4.96891	2.40428	2.03801	4.10955	9.90881	13.0146	9.45105	8.49969	9.0094	9.07791	14.2377	8.34682	9.32783	9.21297	10.732	18.0104
13.1417	14.2689	12.9588	9.86329	8.10234	7.08458	6.37079	6.47361	7.80263	8.89666	8.02705	6.02811	4.40749	3.27887	6.38274	6.31585	1.78749	2.02214	4.07421	5.68314	3.59349	1.13067	4.57341	5.70551	7.57895	4.41798	1.82283	2.65626	2.03783	0.536388	2.35042	7.54196	5.56853	6.69979	1.64799	0.178801	0	0	0	0	0.178801	4.71307	6.78368	3.64198	4.81953	6.58909	5.97559	3.96374	1.26412	2.90814	3.96366	1.64799	1.2891	0.399794	0	0	0	0	1.44119	4.16675	5.69456	5.59396	3.39795	2.94622	3.86233	3.32228	2.27465	2.15212	2.48251	2.27465	1.86612	0.799594	0.962761	1.64804	1.68637	1.14477	0.893964	1.68637	2.99459	3.4675	2.90821	3.38849	3.21989	1.51677	1.99819	3.11963	7.25707	9.15881	7.36821	4.65234	4.63856	4.92015	3.46734	2.63803	4.80321	9.28771	12.225	11.2574	8.29027	4.74013	5.68593	9.79577	11.1568	9.52356	4.40746	2.43042	5.07228	10.0178	11.3659	8.34417	5.5795	4.79962	3.68092	3.68095	2.50163	0.758572	0.962807	5.19856	8.52638	8.1501	7.645	6.68838	6.05159	7.17902	8.53398	9.27774	9.52378	9.35721	8.90716	8.56481	7.74244	5.52863	2.864	1.39616	1.96604	2.55841	3.04212	3.12474	1.39626	1.90005	4.54216	5.20789	5.38982	6.3831	7.56899	6.60564	4.79996	8.13253	10.4013	23.2137	9.1263	5.37501	20.5535	25.6595	11.0014	5.52851	7.31067	13.5651	13.3243	3.57139	10.3044	16.4304	19.964	18.5441	13.9558	7.25697	1.44125	3.32206	4.07036	6.21293	0.399817	1.53779	9.43051	5.19261	9.35206	16.198	28.0301	25.9734	20.7638	13.9684	20.8427	23.6691	24.4151	29.7565	23.8473	13.1637	5.19261	5.3633	7.25457	14.3547	29.9827	30.6446	22.8953	26.0805	29.9774	20.6328	12.6945	7.55884	0.737164	5.24419	5.31891	10.438	7.98029	12.1125	11.1938	5.53724	4.16675	6.71651	13.0586	8.34631	7.16983	3.32206	13.7077	16.1664	3.41198	7.31056	8.98964	4.14001	8.52123	11.1175	11.296	8.11737	5.53709	9.11637	9.13842	7.93133	13.8237	17.1458	16.3734	9.53977	9.39174	16.399	23.0831	23.6117	22.6258	11.982	2.27449	0.644629	8.23723	10.5477	10.9242	10.7569	7.41059	4.201	7.80216	13.4531	14.558	12.9681	8.93108	4.16312	12.3592	16.9635	8.03291	8.70967	3.39325	14.8444
5.93266	8.43792	11.1434	7.99496	5.59611	4.84532	3.93114	2.88044	3.71513	5.49078	6.09749	4.75963	3.89873	3.44878	8.26084	7.99282	0.799477	0	5.18273	6.76437	3.51714	2.48214	4.58664	1.82265	6.06623	4.7992	0	0	0	0	4.55887	8.88322	3.41164	8.13372	2.32972	0.399758	0	0	0	0	0	8.58342	11.7417	10.4447	9.89457	1.14459	2.21031	4.29759	3.68072	4.10885	3.41161	1.6479	0.893847	0.505651	0	0	0	0	0.715099	2.09172	3.27853	4.12045	5.83596	6.23007	3.19494	3.03648	1.08738	0.737114	1.60863	1.89985	2.65596	2.4303	1.08736	1.59871	2.57678	2.26032	1.14465	0.644603	1.13056	2.08399	2.08399	3.36932	3.51714	2.3502	2.65587	3.79534	2.55807	2.03764	1.36135	2.15919	3.04164	3.28324	4.13962	5.03419	6.23258	7.99496	9.70686	10.7602	9.44967	7.32281	3.29307	4.01101	6.87485	8.46157	6.5283	1.6862	8.51992	7.5329	5.50232	5.86045	4.84532	3.85355	2.63779	2.53927	2.03756	1.44109	1.01122	2.17398	5.88984	6.60724	5.24647	3.91486	0.505678	2.55807	3.28337	4.40703	5.43305	7.06173	8.72889	9.53409	9.50655	8.89562	6.14881	3.05212	2.79041	2.50774	2.8246	3.43493	3.21969	3.68056	3.55772	3.68072	2.79625	3.38829	5.71322	5.52511	3.27853	3.03115	5.80073	18.1096	14.4803	5.59593	8.78004	26.4845	20.3833	3.23449	0.357563	8.57622	17.8546	13.0808	15.8877	18.5317	16.1889	10.6332	5.00595	8.09921	2.08409	5.02173	2.63791	6.05064	1.08738	2.32287	8.02395	3.83301	6.05848	10.7469	22.3416	23.7646	17.2322	7.41828	15.4616	14.4346	15.3315	23.7774	26.8011	16.2139	2.17394	3.29295	5.92184	21.1304	31.226	17.4015	9.68781	12.7574	20.5385	19.434	9.35114	5.39502	8.03168	5.53651	7.32474	11.3282	3.04173	9.83881	11.1326	7.13437	2.55807	5.13374	6.27314	9.12558	3.27853	10.437	8.49285	17.1873	15.5734	3.32193	14.3419	4.29034	10.4329	9.43155	11.2853	8.822	3.25895	2.88039	6.56443	8.53299	13.3677	8.41033	16.5951	8.73749	11.4707	16.5429	13.7107	7.47489	16.7845	17.083	3.41161	1.69557	2.48214	4.47474	6.15154	10.2362	10.2541	5.10609	2.65598	11.2898	15.7603	14.6439	7.31638	1.25129	1.42997	10.0717	15.4307	2.23897	9.98719	2.18123
6.05818	4.93205	8.85436	5.93173	3.42977	3.46667	3.0361	1.1305	0.893791	2.48831	4.01062	3.72742	2.79584	1.76907	7.15314	8.53549	3.76568	1.07247	5.18219	7.54446	2.03736	6.87417	4.06972	2.23873	6.32224	6.56362	1.78709	0.715029	1.01119	0.715029	4.74897	8.73467	1.25117	7.8683	4.28972	0.962574	0	0	0	0	0	8.49719	11.8697	10.8112	9.90133	1.19899	0.799394	2.21009	2.43008	2.67954	1.9978	0.399717	0.252821	0.399717	0	0	0	0	0	1.42984	3.89837	5.66287	6.94671	6.7148	0.799394	3.03083	1.01112	0.644504	2.32263	2.77309	3.82023	4.80231	5.66016	6.27259	6.69886	7.40917	8.09892	7.6068	4.85151	1.76014	1.53739	3.42977	3.57058	2.42998	2.48831	3.78656	2.95641	0.644546	0	1.4738	2.88012	3.91466	5.52756	8.06213	10.6033	11.8874	5.75654	2.90765	5.81677	7.75698	6.97623	3.2831	2.42998	7.51784	10.8451	10.0861	9.39131	6.93762	3.0518	3.05706	2.86347	2.88007	2.52648	3.23414	3.64128	3.35497	2.48842	1.441	3.67587	5.35021	5.13322	5.02118	3.12414	1.86568	1.9246	1.86568	1.26385	0.893761	0	1.42984	3.57514	7.7144	8.89479	8.3725	8.59925	7.86473	5.1916	2.02175	2.15155	5.49001	3.93061	2.77299	2.72661	2.32275	3.19447	3.27804	2.35001	1.51658	4.93205	15.4524	15.9163	9.44827	5.17033	24.5983	25.8759	18.0835	16.5547	14.1201	17.7047	17.2575	12.8132	6.11999	9.62903	10.5249	5.85966	5.8164	4.73922	6.70106	5.985	5.04327	3.46683	5.19775	5.70439	1.30124	3.83244	13.2197	22.6824	21.8399	16.1556	3.99099	12.9224	12.5859	14.8301	21.3675	26.1022	18.0885	3.35479	3.93076	1.78709	21.1358	29.1856	11.3258	2.65559	9.04811	13.1387	18.3594	15.2478	7.42355	9.24203	7.11607	6.07873	11.1147	1.64767	9.99083	2.52648	9.96655	6.71522	4.15062	1.93286	5.36204	5.62638	9.92447	8.61318	10.7684	17.3253	8.37225	14.0145	2.72091	11.1311	5.8164	12.7289	8.82109	3.76568	3.59299	3.93088	2.60114	8.53189	7.40069	11.8528	8.21488	8.17867	10.4594	5.02126	5.14555	14.0868	14.6637	7.3668	8.31861	6.21941	7.36656	6.81263	2.53918	5.57004	8.39466	8.75625	3.96297	4.31557	3.64128	4.90638	6.35464	7.29197	7.15361	18.5518	8.08719	9.29862	0.758425
11.1862	10.7973	8.57458	5.79971	5.02076	5.19712	4.84438	3.19432	2.15886	2.52624	3.50743	4.11957	4.35531	2.95614	3.78622	6.52942	5.79971	2.7728	6.26166	8.53472	2.09124	9.74251	4.31529	7.29109	6.37386	11.5894	10.2058	10.1577	10.8652	10.8132	10.2058	9.0831	3.03596	7.41647	4.70837	1.14437	0.357494	4.11965	7.88971	7.47346	3.21907	3.94245	8.98744	9.42991	5.17272	0.536232	0.357494	1.30111	2.18091	1.99771	0.893674	0.178749	0.252795	0.178749	0	0	0.536232	1.6953	2.97238	3.21911	3.81554	4.51616	4.241	3.96245	2.32938	2.55757	0.799322	0.893651	3.67554	4.47387	5.14219	6.91921	8.66309	10.1321	10.7681	10.9697	11.5425	12.8488	13.76	12.4562	10.1321	9.60299	10.9447	12.1424	12.6943	9.39557	2.88539	1.76901	2.28795	2.28795	2.87988	3.32129	4.45982	7.32991	11.1755	15.9225	12.5421	2.88529	3.78219	7.01586	8.66294	5.88069	3.03583	6.31441	11.3613	13.955	12.4562	8.88189	6.70747	6.08605	5.10826	4.47398	3.61466	3.93036	4.1042	3.21914	2.79002	2.38346	3.84453	4.54761	5.56959	6.54405	6.68876	4.9956	3.12381	1.99769	0.71496	0.536232	0.911378	0.252795	1.5269	5.21837	7.80423	7.98188	8.04598	8.69686	8.01297	6.51764	5.98438	6.58697	6.64385	5.02081	6.52705	2.42976	2.32927	2.08359	1.01103	0.758305	7.11302	14.9688	13.8492	10.1301	4.5719	13.8195	22.2458	21.8343	23.0631	22.7694	15.3916	15.8879	13.365	5.34984	11.5419	14.26	4.5719	3.03596	8.58391	6.53447	3.55703	1.68587	3.44799	4.28946	4.03804	2.15136	2.55757	21.7588	30.4601	20.3061	13.1136	3.39694	13.596	15.6878	15.6731	21.7732	24.2325	18.6682	8.25738	7.25484	5.75623	18.8244	26.1668	17.2629	8.00902	2.32933	11.2296	17.425	21.1797	18.5169	14.8528	8.19707	1.99769	7.25673	4.99535	8.38813	8.53472	4.80179	8.19707	2.95614	5.75072	1.30111	6.21903	9.74273	6.00779	7.08664	13.9735	13.8623	8.81865	4.65086	10.0833	8.53509	7.5438	10.2057	10.7808	9.68596	7.44208	5.42027	1.53733	6.40812	2.17355	9.21637	1.08715	9.24147	9.2565	2.82403	11.9783	11.5525	7.25492	5.50414	11.7032	12.0797	7.42527	9.36917	3.75262	4.01042	9.2565	9.52087	9.91781	7.91338	5.26665	1.76901	10.0848	10.536	18.7808	16.7581	4.3116	3.19432
6.69731	12.5684	10.5623	5.72539	4.65058	4.81444	4.66752	2.85736	1.99747	2.32906	2.907	3.66221	5.66994	4.16132	2.17333	4.06879	5.43124	1.68572	7.86301	7.7593	5.7363	11.2391	1.52671	11.1237	5.3611	7.76952	8.95913	9.9	9.89229	10.3272	10.8755	9.68512	8.19627	10.399	3.74805	0.714897	0.799252	8.50302	9.49244	10.2615	6.84544	0.178733	0.799286	0.799286	0.357462	0	0	0	0	0	0	0	0	0	0	0	1.19878	2.732	3.46618	2.09113	1.97339	5.36108	2.94511	2.70274	2.63716	1.44072	0.357462	1.01094	4.41635	4.8176	2.82369	2.73205	3.43396	4.1078	4.21077	4.11933	4.47352	5.65908	8.97124	11.0791	10.5395	9.73734	11.2825	11.7593	11.7388	10.92	8.92247	2.42954	2.39661	1.59826	1.13025	0.736887	0.736906	0.536185	3.78596	13.4281	14.3287	6.56244	5.1323	0.565178	5.73627	6.83395	5.7991	3.67952	2.32913	4.04554	5.67024	5.84271	5.18152	4.01005	2.87963	2.65521	1.83958	2.23833	3.15883	0.758238	0.565196	1.99745	3.56995	2.42954	3.04087	3.33529	3.89763	4.40577	3.81949	2.53868	1.36096	0.565178	0.758278	1.36096	1.26364	1.36091	3.54314	3.42917	3.07202	4.29629	3.9901	4.43091	5.88033	6.47834	5.34938	3.28244	7.39274	6.00727	3.8193	2.77249	1.99753	1.69515	7.19331	12.8703	11.7434	10.2331	9.08231	5.36125	7.05939	4.31491	8.36347	10.439	8.60478	10.6384	13.647	3.78589	12.6797	15.8837	2.72612	6.38041	5.76924	3.12339	4.49115	2.65521	3.38722	4.9536	1.14427	6.66202	2.53868	30.7068	33.7525	13.0412	4.90567	3.61421	12.7643	18.362	14.5117	21.0082	23.6196	19.7785	12.1816	5.74462	5.70059	17.128	22.1708	15.5423	10.7965	7.566	1.99747	10.0518	11.8853	16.1817	19.4518	12.5647	2.60065	4.62657	8.2227	1.53719	13.1419	4.64034	8.37612	8.4957	5.03297	7.5308	5.14462	8.03937	5.41986	5.70059	9.13468	10.9434	2.48155	5.74452	5.00454	9.85957	4.75818	6.12679	8.257	7.53926	4.65058	5.59157	4.54721	5.46605	5.24195	8.41679	8.61167	5.56911	10.0472	3.15883	9.21371	10.0213	4.31837	4.8439	11.7022	13.3472	5.20561	6.73484	10.3756	4.29642	2.78963	5.48932	6.45166	4.99516	7.86325	9.21371	10.0136	5.10454	9.36811	15.761	9.19019	4.84396
5.46573	9.47981	9.5445	4.54676	4.86964	7.16685	8.58239	7.88235	6.70628	5.83399	5.19617	5.18094	7.19056	6.40938	4.13812	5.20507	5.59097	2.15094	7.32818	4.41238	5.53149	8.58015	3.84398	8.8519	9.08122	0.736837	3.79413	7.15805	7.6415	9.02713	9.7743	8.92208	14.2153	14.8086	4.28492	0.893508	2.4293	12.6584	8.28599	11.8241	8.90759	0.505455	0	0	0	0	0	0	0	0	0	0	0	0	0.178716	0.736837	2.17311	3.21839	2.99304	2.99316	3.3207	4.38712	2.28739	1.19872	2.15847	2.03686	0.911188	1.69492	4.25507	4.41588	3.03524	2.39626	2.02103	1.99727	2.48772	3.50689	4.46244	4.99454	4.62635	6.56449	8.7611	10.5212	11.3818	9.41341	7.62921	11.2141	16.0197	11.5049	5.98333	2.90689	0.911213	0.962349	1.14423	0.25275	1.76858	11.2203	13.7396	7.75447	6.76177	2.88474	5.74948	8.25768	7.17514	5.02281	3.92963	3.38702	2.52588	1.39559	1.08694	1.47338	1.64725	2.20954	2.15109	1.86523	1.78652	2.18053	3.04067	2.99316	3.05095	2.09084	3.39631	4.97243	5.34903	3.92978	1.64728	0.357428	1.59812	2.20954	1.61793	0.399626	0.736837	2.50681	4.69073	4.82708	4.81727	5.87963	6.19256	6.66883	6.54289	5.34592	3.72637	0.399604	4.68055	7.11411	8.604	8.43481	7.11213	6.33814	8.8714	13.0897	13.5152	12.9941	11.6705	8.12922	4.06858	0.714827	5.24135	1.36077	6.52573	5.48847	12.0013	8.58239	11.865	13.9093	2.17311	6.76177	5.04478	5.04175	6.41671	2.3964	2.8792	5.63309	1.08694	8.29704	1.44054	31.7755	35.5061	9.58356	4.72111	5.91985	12.9201	17.3003	13.4774	19.0996	22.7536	19.6713	14.5458	10.6363	2.15109	14.6269	23.409	16.0255	7.0142	10.2975	4.80073	11.3015	11.8501	12.3181	23.0056	21.3356	3.43366	3.28198	8.34186	3.85208	10.2513	4.93076	7.31329	8.28205	1.7955	7.79046	7.31968	6.14896	1.60802	2.97167	7.07872	10.6233	8.56058	3.92965	8.04988	2.39626	11.0623	4.54669	5.53442	6.68486	4.33998	7.29661	12.6591	11.1614	4.70774	8.58015	11.2082	0.893508	10.8629	9.91431	3.83137	9.18934	9.10016	9.73957	13.3238	14.4293	7.72021	3.27731	7.41504	4.84342	3.3207	5.68085	8.15979	7.75482	4.86641	10.0186	9.9157	7.88229	4.8435	11.8763	13.7009	8.53146
4.91764	6.13046	7.57472	3.396	4.60187	6.72432	8.47247	8.3116	7.28719	6.59228	5.52536	5.01935	6.79598	6.59224	5.59337	8.42806	6.31979	5.41856	5.84128	2.39615	3.05077	2.87902	6.56118	2.67853	10.8519	4.95582	5.00357	7.86365	8.02245	9.10792	9.67218	8.90034	14.6047	17.3738	7.36375	1.99706	4.55671	15.6283	7.11998	14.8828	9.64464	0.50541	0	0	0	0	0	0	0	0	0	0	0	0	0.399568	1.30071	2.60007	2.99277	3.2181	2.79492	3.61364	1.96492	1.78636	1.44042	2.03667	2.68446	2.32861	2.63654	3.51997	3.15822	2.7948	2.87894	3.02971	3.1177	3.04028	3.78529	4.46201	5.18039	5.41874	6.47717	8.69636	10.7438	10.5664	8.59598	7.79014	9.71972	15.5472	14.179	7.515	3.76425	1.69476	1.25069	1.30074	1.04184	1.26335	8.55949	12.5862	9.58232	8.96907	5.04433	4.89491	9.9209	9.39903	6.46958	4.51489	3.38668	2.71987	1.96492	0.893422	1.92389	2.1508	2.34912	2.1803	1.68539	0.799097	2.32186	3.04035	2.65472	1.78641	2.7948	5.07248	6.2323	5.28913	4.34333	2.90648	1.28837	1.59795	2.34912	2.38274	0.736744	1.08684	3.46543	5.10356	5.0193	5.17125	6.60412	6.99143	6.69629	7.53781	7.32763	5.10351	2.15075	2.55691	5.41881	8.04373	8.63731	7.31936	6.41628	8.2327	11.4601	12.583	13.1341	12.0506	9.68949	4.64968	1.59788	3.51997	1.36065	4.02495	0.893444	7.13095	8.47247	7.99703	10.0544	1.78641	6.02434	5.77895	3.19342	6.79598	3.58709	3.36772	5.6326	1.75939	7.80177	4.50076	25.7057	34.6916	14.8722	4.34333	7.515	11.1654	13.1959	13.4763	16.5797	20.3644	17.0587	12.3205	13.278	8.6674	9.20701	26.0281	19.6364	5.57636	11.4967	11.5858	8.87942	14.0612	10.6353	20.769	26.3625	8.66208	1.61777	8.34112	4.28812	6.79123	3.57381	5.24094	5.79255	1.96492	5.29781	5.42732	7.31264	2.6546	0.893422	4.23994	9.23891	10.4791	3.60921	6.06337	2.39605	12.7279	9.87283	6.52522	8.10311	2.94462	9.25393	12.7285	12.4044	6.77983	6.21704	11.6729	7.93434	7.71169	13.4456	3.35354	6.25243	7.71981	9.53441	16.4346	17.3875	6.13819	3.17846	2.15075	4.46199	3.32035	7.64665	8.16655	9.08058	4.74745	4.06801	6.27006	8.43018	4.28825	5.66054	11.4494	12.4041
6.83238	6.41565	4.51088	2.2871	6.73292	8.47912	9.68233	8.70416	6.1911	5.58989	4.91687	3.91259	4.78325	4.03627	5.5332	10.6339	6.79513	7.0573	4.84889	3.67846	2.53797	4.10664	7.37151	3.29115	10.0916	11.3437	11.8136	11.4604	7.03295	2.57516	1.99689	1.64697	10.9485	17.82	14.2272	6.64134	4.04412	14.4723	9.69505	14.9635	8.51687	0.399526	0	0	0	1.96473	4.70684	5.91871	4.62546	2.17274	0.505392	0.962162	1.26331	1.68524	3.0505	3.35338	2.15061	2.15052	2.82282	2.09044	0.799013	2.5567	3.78078	4.07173	4.0444	3.50621	2.73119	2.53779	3.03987	2.53779	2.23767	3.05035	4.16008	4.29501	3.55556	4.81632	6.29199	7.04431	6.6979	5.49922	5.10326	5.0031	3.58674	2.09044	2.53779	1.04174	8.08322	14.5131	13.8159	10.5089	7.58873	5.35975	4.25452	4.47232	5.02213	7.04414	8.41245	9.61677	13.0362	12.6222	7.32727	8.27675	9.2377	7.71072	5.89983	3.4097	1.99694	2.55659	2.57533	4.55651	5.66025	5.19526	3.67864	1.39532	1.36051	1.96473	1.59781	1.28832	1.12996	2.90619	5.62372	6.76762	4.37199	1.36051	3.67846	2.79451	1.39522	1.52626	2.48712	1.61761	2.23767	4.95212	6.21647	5.1677	4.31352	5.26141	4.70655	1.19842	4.70658	7.49748	7.4809	5.56741	1.42916	0	1.99685	3.85133	3.75121	3.16309	5.19517	8.86457	12.1885	14.5455	14.2193	13.5729	10.6501	6.74924	5.39196	4.41152	1.28823	2.25894	4.16396	4.28406	4.45793	7.48909	4.56694	5.00305	4.92971	1.14393	5.13996	5.79738	3.29115	7.3269	1.59781	6.83192	6.05238	17.298	31.2294	24.0369	12.6034	5.35671	7.03954	9.73245	12.6666	16.28	20.4342	15.1793	6.22648	11.4839	14.5068	3.83085	25.2969	21.986	7.21721	14.0972	12.6666	1.14393	9.57973	7.88078	18.0814	26.1484	16.3285	6.08861	9.84704	6.86394	4.9713	3.61331	3.39565	2.42883	5.18914	6.49339	5.56751	6.28926	2.92794	0.399549	1.93207	3.12246	8.02717	7.4809	1.83895	5.24359	12.8109	11.3565	6.17831	7.25395	4.60146	10.0809	4.9936	9.27938	9.03006	8.07343	14.1773	4.60116	9.12064	12.1647	9.74679	7.70499	7.31229	6.81602	14.5761	19.2881	16.2412	10.395	4.28037	2.6543	0.911036	6.86404	4.07561	3.81816	4.89464	5.31546	2.5567	4.46879	9.92042	6.29211	4.40431	13.5727
9.02447	7.90966	4.07131	3.28102	4.84846	1.52612	5.81317	8.75633	6.84051	6.12928	6.44892	4.97084	3.89601	2.17977	5.91778	11.509	6.44645	5.49843	6.08815	1.12981	3.43264	2.82271	5.34437	5.73432	4.28365	3.46476	6.86819	13.4918	16.1661	12.9813	9.35003	6.41504	4.90361	10.7258	15.6034	10.8051	4.95511	5.37084	11.6673	11.4475	4.89397	0.178664	0	0	0	4.70616	7.63701	7.90966	8.50009	7.37103	4.00849	1.5366	1.44017	2.77149	5.2159	5.92605	5.79717	4.79953	3.38602	0.910944	0.714619	2.03617	2.03617	2.48698	5.06548	5.42943	3.96077	2.42868	2.63602	2.67794	2.4869	3.46476	5.91785	6.8406	6.07534	7.63906	8.77425	8.57989	7.4887	6.07545	5.58965	5.3592	4.47186	3.36723	2.20889	2.25874	4.03613	11.3933	16.4798	16.6425	14.2777	10.0117	6.16791	5.41777	6.24884	6.52409	3.08122	4.56989	10.984	15.6897	15.0596	10.3425	5.37084	4.62823	6.84071	7.16474	5.79717	4.14844	5.10268	7.73651	10.6507	12.1541	11.928	9.50837	4.79951	0.893271	0.757984	0.962063	0.736601	1.473	4.45765	7.71833	9.5985	7.97818	5.49865	3.76352	2.1504	1.86468	2.94405	3.1928	4.1061	7.2941	7.21658	4.37146	3.7466	3.8427	3.42784	1.92351	3.15777	10.7828	17.1596	19.3653	17.2491	13.4755	7.42382	0.535977	4.34249	4.78302	5.53297	8.42689	12.532	15.8095	15.4586	14.3524	13.2489	12.2758	11.5932	10.3466	1.99676	0.757943	9.5323	11.3933	12.6021	13.0488	13.3972	10.7828	4.70637	1.26313	3.44635	7.07671	4.25407	5.3472	1.39517	2.88392	8.18775	5.56688	20.829	30.4485	28.8967	19.4343	10.5123	9.11944	8.94495	14.8447	22.0978	16.9028	4.796	6.36563	12.7303	6.55992	19.6862	24.1652	15.6034	17.6165	9.35623	3.21745	5.84016	3.76341	14.9785	20.8874	20.5682	18.3064	3.91628	10.2292	4.95191	1.92358	1.99676	5.96832	9.68136	9.19046	7.71028	3.98868	1.44012	1.89858	1.78606	0.564958	4.90377	9.99455	7.16444	9.80908	12.1872	7.6938	5.63151	5.58963	10.7418	13.7459	12.2856	14.5752	12.5839	15.3084	17.9333	8.55786	12.3243	13.3871	14.1764	9.11968	7.46143	7.75633	10.5003	12.4886	14.2735	14.8461	10.2292	2.90597	3.92851	6.11653	4.99298	4.51061	6.925	6.695	6.69723	5.87248	2.27289	7.83038	4.47175	6.00508
2.27269	2.55619	4.34197	4.62783	5.35873	9.14258	11.536	10.1157	7.30431	6.38728	6.14668	3.82994	2.67771	1.43997	7.39337	11.4567	4.92885	1.96436	7.38917	5.26349	5.79666	6.83107	7.64467	8.27007	8.54123	7.66099	4.86777	2.82246	12.1863	14.8322	11.583	8.41137	6.69442	7.11141	12.176	6.74775	5.41729	5.65615	3.29053	3.04991	1.07177	0	0	0	0	6.2956	8.09315	2.25861	4.33843	6.5809	5.83164	1.30034	1.14373	2.39537	4.86432	3.74627	4.16336	4.54522	3.54164	2.50584	1.07177	3.11692	3.96035	4.47129	2.95448	2.40212	2.42849	1.89841	1.82123	2.97057	4.008	5.01789	7.07609	6.90377	4.64834	6.2153	6.36507	4.11725	2.34842	1.07177	1.52598	2.42839	2.50586	2.42849	2.15026	1.26302	2.63579	0.252639	5.5918	9.2246	11.3773	8.74504	2.68372	1.61729	3.51898	3.44605	2.15026	2.67777	0.564908	4.62795	8.36699	8.42613	5.53249	1.64665	2.32802	4.40368	4.56948	2.57483	4.63464	5.83164	5.58916	7.39373	8.88912	9.92923	7.66888	3.03943	1.26302	0.961943	1.08654	0.736536	0.798905	2.65397	5.65917	7.70353	6.58345	3.78429	1.53646	1.0416	1.69434	2.03607	3.60813	8.56437	8.96661	4.95125	3.02886	2.02028	2.25854	2.88366	5.98336	9.39014	12.2147	16.1747	16.8357	14.9652	13.0485	5.65615	1.30037	2.32802	1.52604	1.82123	1.51557	8.31457	12.3132	9.01979	5.70058	6.60001	8.86109	13.9467	2.70142	1.0416	15.344	11.2973	11.0037	10.1445	9.02368	9.17275	6.23056	1.44	0.961943	4.37116	6.96944	5.20341	3.15733	3.42754	7.56257	9.03713	1.99656	13.7136	21.3436	20.671	10.0109	8.6007	7.63837	11.2971	21.0193	19.0319	6.90367	5.39088	8.84866	8.65067	11.2001	21.7212	20.5657	22.6736	10.7814	5.31416	9.82499	8.81398	8.6936	14.0319	14.1666	18.914	10.1246	5.9704	7.70353	5.09612	4.16336	6.81479	6.61887	3.8425	3.38572	3.55492	2.38207	2.328	0.736555	1.82123	1.07177	10.8643	14.4119	7.14435	6.14429	2.50584	3.96022	4.63814	7.98704	10.3043	9.78616	14.2721	17.7719	20.1117	17.2861	13.2383	16.8104	8.34459	8.92359	6.41417	8.55711	3.92805	9.51197	9.40798	5.41713	10.8377	11.9265	2.39547	4.45713	7.17251	9.11006	5.1698	2.15026	1.96436	3.96035	8.69203	9.06274	0.644083	7.70938	4.66537
0.893098	1.47267	2.79372	4.28659	5.94876	7.41816	7.42023	5.94072	4.13605	3.42718	4.99213	5.7469	5.52323	3.43182	7.66792	10.5026	4.56534	0.644015	6.95263	8.14021	3.33335	0.893075	1.68474	3.31907	3.54127	3.61226	5.62222	7.10848	1.47271	8.1632	12.3477	13.043	10.8735	7.0112	7.49319	3.29011	3.9598	8.75641	2.39512	0	0	0.535873	0.757836	0.535873	0	6.66522	8.40273	1.19808	3.08062	5.48594	5.8927	2.2583	1.79463	3.05473	6.79323	6.38661	5.45156	5.17855	4.40321	4.67831	2.90531	1.30024	2.8557	5.79585	5.70006	3.81728	2.77672	1.64647	1.78567	3.98774	5.63048	6.14354	7.93731	7.81889	5.96717	5.35511	4.2938	3.6384	2.90541	2.23713	2.59914	3.58574	3.60781	2.55594	1.3949	0.564849	1.89811	1.19808	2.47999	5.54017	9.94179	9.18493	3.71174	2.08229	5.29599	6.86909	4.34165	1.96415	1.26289	2.17945	2.52459	2.08219	2.59906	2.87791	1.86432	0.178629	2.65357	1.99631	3.07024	5.72208	5.9169	4.56558	2.34821	5.58834	8.51106	7.91593	6.37697	3.56806	1.14366	0.893075	1.59733	2.39522	2.02018	1.3002	1.64641	2.1721	1.92321	1.08644	0.893052	1.47267	3.21685	8.21798	8.89823	5.09532	3.157	1.89811	2.32087	3.72458	8.12489	9.66803	5.76591	7.78119	12.4432	16.1516	20.5912	12.8875	0.893075	1.19808	1.26291	1.43984	0	9.48671	15.5383	12.0708	8.88126	5.54046	3.40859	15.6962	6.06103	4.35262	16.7986	11.9618	6.60164	7.31855	4.35262	7.93722	6.90295	2.49923	2.78815	2.57456	1.47271	3.36641	6.53946	7.49319	9.90938	9.8536	8.94324	2.86126	12.082	19.0888	16.9807	12.0725	10.1193	9.38258	16.3448	18.7973	11.3922	7.64368	8.0924	9.73611	4.04298	17.2182	21.3894	27.2096	17.1558	5.62211	11.6179	7.93722	3.38536	9.42167	13.3709	14.5028	17.3155	6.17668	3.75011	4.19696	2.15741	4.9539	5.16607	2.2084	3.2317	5.41656	4.84109	2.86126	0.644046	0.564849	2.17934	9.44622	17.8967	10.8185	4.33797	2.1721	2.08229	3.23167	4.75542	10.1235	7.00198	15.3113	22.7236	11.199	24.6264	25.0173	12.3692	8.25391	7.75106	8.16322	7.1083	3.02854	11.4238	11.2529	6.61825	9.942	9.08874	1.86426	5.6558	9.25031	8.72814	1.83843	2.65366	3.89537	6.14626	7.6255	6.83929	2.5245	4.2938	4.45666
1.47258	1.76758	1.30009	0.178613	1.30009	2.90505	3.5138	3.08041	4.59969	6.82976	8.09966	7.6919	7.90719	6.76957	6.82941	9.20259	6.47383	1.92297	5.09488	7.00356	4.04262	4.28245	5.41625	5.67756	4.31203	2.79359	3.38507	6.61767	7.46144	3.03353	9.87959	14.727	15.0671	12.0552	8.09966	4.95052	6.17614	6.42514	2.65343	3.17695	5.57396	7.35423	5.89242	3.28025	3.36628	5.6884	7.05471	2.40166	6.41307	6.60106	3.92336	1.92297	1.14356	2.86102	9.42572	8.402	1.82091	1.92304	3.08035	5.35751	4.51275	2.28622	1.26279	2.8831	4.4882	4.38483	3.35209	2.42799	3.21657	4.74496	5.59063	6.04492	7.30274	5.81151	2.14973	2.14237	4.07016	6.12782	6.36411	5.63021	5.28662	5.42496	5.46258	4.78168	4.07016	3.23142	2.63528	0.75773	1.93122	4.47043	8.91659	9.99178	7.47811	4.5092	2.59891	6.3862	6.86849	4.00739	2.15722	1.68451	2.52433	2.88321	2.82189	2.20826	2.14978	1.6463	2.70089	2.50536	0	3.43167	5.98249	6.44495	4.63391	1.2501	8.20065	13.2365	14.9587	13.0064	6.79285	1.47258	0.75777	1.14356	1.7856	1.89804	1.28782	0.252603	2.0357	2.94322	2.49901	2.08966	3.42688	7.57116	8.21726	4.92797	4.13574	4.11654	4.02304	4.25267	9.34702	11.1233	8.0552	6.44737	8.42452	12.1334	22.3355	20.5946	7.28375	2.03568	0.64399	0.961791	1.75855	10.6744	16.3093	14.1078	10.1742	11.7786	8.88049	12.2474	12.922	7.55501	8.02414	13.3389	6.97028	3.98756	7.23435	10.2264	9.28937	4.62706	1.93132	1.43972	1.83827	6.76957	9.40788	10.6001	14.7463	4.04262	11.2467	6.65792	2.2861	11.5077	19.3553	20.9133	18.4952	12.4338	7.07466	14.4023	15.8042	13.8481	12.03	13.0313	5.1932	9.57004	22.0594	34.4503	31.091	17.516	10.9684	10.3022	2.94322	4.25288	15.731	15.183	19.0937	17.3541	5.03896	2.39501	4.8636	4.11654	4.04262	3.03353	3.67706	4.1965	5.29535	0.399394	0.79875	0.643958	4.70484	6.58218	17.7353	20.4875	15.2214	8.74886	4.29355	2.92701	4.59969	11.4759	12.575	21.4837	19.9418	19.1358	35.1485	36.0245	19.5868	2.73017	4.16255	9.10692	9.79219	9.62617	8.04744	9.57623	10.3391	8.09356	4.96945	6.86149	8.98074	8.18547	3.67709	2.28622	3.60749	6.2671	13.2508	20.2132	24.2693	19.3073	11.122	4.07389
2.70068	3.61139	2.72989	3.65964	5.29511	6.85886	7.85936	7.39167	7.05446	6.42492	5.72109	5.73189	7.92978	7.81721	6.26625	7.40174	7.46886	3.76196	5.34218	8.09847	6.25632	5.93952	4.1962	2.90488	3.21621	2.08944	1.86398	0.892879	5.87302	10.6076	6.02086	2.25796	5.8837	6.46369	6.06028	6.55775	4.50894	1.8207	3.35178	3.35178	7.45863	7.0033	7.68491	3.25561	3.98714	2.87738	4.70432	2.15703	6.76891	3.81227	0.798678	1.28762	0.798633	1.28762	9.13944	9.34612	4.1469	3.42675	2.87738	3.02795	3.56731	3.51815	3.03864	2.23674	1.08622	1.68434	1.93102	1.35986	3.1159	4.67743	6.00267	7.53749	8.30663	6.93349	5.65481	5.13786	4.16218	4.07367	4.36991	3.6769	3.33275	3.21137	3.23106	2.70068	2.82163	4.19608	4.25223	1.19785	1.61682	3.33263	7.00065	8.30287	7.59108	7.66456	5.1865	1.28762	4.17334	3.23111	3.04905	3.93908	4.56446	3.2163	4.07367	4.20759	3.06985	1.2877	2.08179	2.08179	1.59696	0.961657	0.399358	2.32048	3.95913	5.92349	5.35696	6.08615	9.10287	13.2135	11.1372	2.2366	0.910602	1.19792	0.798633	1.47244	2.14965	2.32732	1.53592	2.14959	3.05416	2.90481	3.72388	7.00065	7.97482	5.17743	3.95921	4.27834	5.03839	5.79743	12.3242	12.5826	5.25892	2.32048	3.74951	5.17743	15.5223	18.794	10.1217	4.67743	1.19785	0	3.46338	10.1411	13.8025	17.1526	10.7443	6.08615	9.90954	7.11599	15.9263	6.63812	5.49917	11.8172	17.3938	7.64207	4.54372	7.91418	9.02583	5.98162	2.55535	1.86398	1.69378	9.31636	10.4497	7.46701	15.9482	7.38712	5.83011	9.24221	7.45456	4.84019	3.78313	9.65253	10.1282	7.99255	2.68294	5.74565	10.8333	11.5416	10.3677	11.0991	9.73275	4.35156	8.8954	26.0766	30.015	16.3732	8.575	6.22354	1.59696	8.09076	11.0497	11.8889	11.37	17.6103	11.612	4.7077	2.67709	2.52419	1.39456	3.03852	5.81907	2.32043	6.08574	1.9719	1.39466	2.40128	5.67946	3.61143	6.60044	13.92	17.3856	11.0991	5.57346	5.10395	2.03552	5.69902	9.56139	18.5846	7.13554	33.2069	24.904	25.9852	25.1735	7.4942	4.28203	10.2907	9.82871	9.03137	3.28958	5.79491	15.7439	12.2694	4.45575	8.72648	7.25704	3.03852	2.03542	2.03549	2.32726	6.9513	14.9838	20.7933	21.7381	24.9203	23.5481	6.52149
3.63746	5.44694	4.84621	2.40107	3.43096	5.16489	6.41196	5.35667	4.04205	4.78738	7.97046	10.4256	11.966	10.1523	6.28831	5.96792	7.18716	3.27949	7.30142	8.17597	5.10319	4.28521	2.08925	2.71794	4.78055	2.87706	0.643865	1.69363	2.32026	10.6852	9.03177	1.42834	2.87701	3.91038	0.736251	2.92644	3.27964	2.47941	3.40781	5.33605	6.86704	2.2365	7.77867	3.72364	3.93874	1.99572	3.61122	4.54346	3.76163	3.85751	5.6986	5.87528	5.58701	3.56706	6.96641	7.91339	1.42834	1.64601	1.69368	1.08611	1.39451	4.17693	5.79443	5.34198	4.0655	3.67652	3.84924	3.43101	3.07981	2.47929	3.72354	6.77533	9.03878	7.88019	6.13433	5.73161	4.55388	3.81199	3.6764	2.08925	2.08161	2.67667	2.53636	1.43941	1.19774	4.16153	6.12123	4.29272	5.06308	6.21315	8.53771	8.81038	7.04017	8.05366	7.81075	3.94682	1.68419	2.32022	1.43941	2.96942	5.3565	5.41514	4.92713	2.94265	1.14334	0.910511	1.39444	1.82052	2.14936	1.61668	1.76733	2.82135	3.92663	6.52801	6.16468	2.42745	1.39451	10.2556	12.5363	4.92702	1.99572	0.757623	1.9636	2.14938	1.76733	2.20778	2.14931	0.8928	2.40107	2.32705	2.95333	5.81042	7.09316	5.21335	3.93871	3.63738	4.28164	7.11097	15.3084	17.0854	10.1118	3.40771	1.47229	3.92665	12.0724	16.9523	14.1947	10.4329	5.54447	1.60679	3.19115	8.47393	12.5079	19.8014	18.2093	7.93525	0.8928	4.86589	10.6108	9.62434	9.73363	1.52545	14.7711	14.3426	5.31239	4.95251	9.55992	9.5278	6.31579	4.78738	2.7239	7.4911	11.0488	7.58447	10.278	10.628	2.42742	4.79706	6.13406	5.67896	6.05159	4.28162	3.27463	6.14432	5.52168	4.45554	8.24963	8.93557	7.94478	9.68295	12.4887	10.2795	5.85359	14.0895	25.8038	21.6101	18.4467	14.7362	12.8044	15.5966	7.24801	9.11506	10.7875	17.0647	15.221	11.1105	7.04706	3.91054	1.14328	1.12927	5.44975	1.97168	5.94679	1.07135	2.77017	4.45901	5.02845	3.67205	1.78526	6.07241	18.2928	13.3361	2.0817	4.45536	3.25523	2.65294	5.94679	12.2095	9.09328	31.829	16.4719	22.8862	21.0094	5.96792	5.67896	13.158	8.44454	2.42742	6.36752	0.757583	13.7649	14.5922	6.90112	9.73342	9.39285	4.11579	6.34801	4.402	3.84924	8.79804	14.7682	22.0035	17.1093	17.4806	29.0255	13.8188
3.63714	5.44647	6.21237	5.16417	5.74462	5.41473	6.64186	5.96758	4.0417	5.19181	7.1455	11.2921	18.3624	14.6389	4.83937	4.33991	6.44284	1.26246	8.19991	6.57769	3.91004	2.77555	1.86357	2.7177	5.73909	2.4983	1.75806	2.63454	1.86363	9.50271	10.2115	3.19087	1.47213	4.14594	3.92619	3.60648	3.4307	2.40098	4.31075	5.52129	4.86216	2.14924	6.60618	3.51295	3.38411	5.69781	4.13458	4.70708	2.32001	4.68682	5.73114	5.87477	5.81826	4.98714	4.74363	7.66511	1.01003	1.68412	1.53573	0.736204	2.9905	5.21297	5.79392	5.75028	4.30713	3.58889	3.8489	3.4307	2.53627	0.643808	1.9225	5.01561	8.50978	8.18873	6.20504	6.02005	5.01561	4.63593	4.79664	2.79269	2.08142	2.92604	2.53614	1.19764	1.43929	4.41216	8.08935	6.21242	5.06264	6.04871	9.31161	9.89504	6.637	7.10806	7.99104	6.34733	1.19764	2.55489	2.17854	1.75806	3.255	5.01561	5.69797	4.3363	1.29976	0.910431	0.178563	1.12921	2.3473	1.61654	2.03511	3.07954	3.74449	5.09966	4.41216	1.79394	1.43935	6.80455	11.1311	6.92985	3.71037	1.26242	1.79396	1.99561	1.76717	1.29976	1.39431	0.643776	2.14912	1.83775	2.4855	4.86528	6.18708	5.41457	4.75367	3.63706	3.21579	6.04355	12.9878	17.2648	14.5359	8.18283	1.47217	3.03281	9.33965	14.7582	14.5521	12.5736	8.64135	3.58874	1.42821	5.21297	9.91539	18.4987	20.0944	12.2821	6.41358	5.58925	0.178563	8.65241	7.46787	2.55492	7.41737	13.9596	8.37953	2.72353	12.4658	11.8081	6.46249	4.89138	4.71698	2.4983	8.10688	7.49289	4.6631	9.89494	5.17637	4.56716	6.85723	5.67846	4.45502	4.46924	1.08604	3.76137	5.19174	4.14611	6.86411	6.71893	4.45502	7.31587	13.7381	12.5066	7.23204	4.56732	19.154	22.4198	19.0825	14.9118	12.8173	16.0426	10.1275	3.31784	9.74546	16.6733	16.1916	11.453	7.58376	7.15179	3.40734	0.505054	4.20657	1.97151	4.70349	1.07126	3.95841	4.10381	3.46281	3.67173	2.1713	4.34005	18.2913	15.844	2.52365	6.19462	6.20477	3.11544	10.6271	7.81585	17.8966	21.8845	7.53231	17.7139	12.8897	4.33991	8.61257	11.7132	9.1799	4.17635	6.8595	2.27149	11.3892	14.3606	6.48901	10.8872	13.9877	3.9102	6.34745	4.40161	3.8489	9.26177	10.4085	18.1389	23.9749	5.65627	25.4946	16.0022
2.31981	4.68626	7.12485	8.71009	10.0234	8.40835	3.46257	2.52335	4.70324	8.21441	9.04583	13.1547	25.3522	20.3898	6.47162	4.56684	4.46515	3.28854	8.88369	5.79311	2.49804	1.07114	4.64577	10.0585	11.3125	7.90443	6.42287	4.58052	2.5979	8.87151	9.66351	3.67564	0.961383	3.03757	4.82247	5.8284	2.48532	2.20741	4.46877	2.68214	1.61635	0.961419	4.96115	2.94201	2.94208	6.302	2.49804	7.15122	9.57449	7.58297	4.17613	2.67622	2.65231	5.10221	1.5251	7.28942	6.53666	5.1761	3.61055	2.69989	4.30651	4.70302	1.64563	2.25722	2.8765	0.961419	1.6456	1.12905	0.178544	1.35952	1.93057	1.75794	4.28438	5.06812	3.89352	4.64568	4.63546	5.31116	5.89257	3.4624	2.1489	2.90393	2.42695	1.19751	1.6456	3.95792	7.87453	7.98245	6.22208	4.9899	7.41864	8.42089	4.95156	4.59768	5.87386	7.45838	3.70998	3.21543	4.96132	4.70321	3.35079	3.25465	5.21235	5.73858	3.28854	2.34709	3.95812	3.46257	3.82772	3.76097	5.2004	6.28477	6.00109	6.13293	4.91316	2.68216	3.27415	6.08931	10.4978	9.02845	6.77403	3.78203	1.14312	0.892673	2.03492	2.40073	2.0813	1.47201	2.14894	2.34709	2.8599	4.33945	5.23644	5.21235	5.71937	5.01494	1.99536	4.42624	6.55556	10.4803	15.347	14.8395	9.88198	6.46434	4.19488	8.87151	12.1434	14.0495	13.8819	7.30639	0	0.798406	2.99019	12.5042	19.0623	20.1438	20.3404	16.6891	6.91136	3.27883	3.81118	6.55571	6.22208	12.3831	16.1256	10.0052	12.3501	11.1122	3.46245	1.64569	4.1455	2.87654	1.5965	2.14894	2.79251	7.73705	5.5857	3.584	5.03999	6.23451	5.73866	5.38784	5.35564	4.31404	0.910334	5.1912	9.5664	9.19938	5.67537	1.9223	11.1558	13.1455	10.2688	8.85775	2.95276	14.1702	13.3948	8.50706	3.93798	9.52598	13.8427	10.4589	5.06211	9.21932	19.2206	18.8226	15.6162	16.7772	11.9084	3.89352	4.73333	3.05331	4.31024	3.77787	4.29186	2.17103	1.12905	3.63675	5.17607	4.20633	14.0073	17.1258	5.97991	9.78814	10.1264	6.57949	14.497	4.4545	21.4597	13.4056	9.9511	12.0801	10.3398	8.35475	10.6605	10.1187	8.85579	5.62776	6.08931	6.80183	9.23923	11.5813	5.5857	10.7724	15.5117	6.24707	1.26226	3.21543	3.93798	8.75061	7.80926	13.5322	27.3554	11.4505	16.4654	17.969
1.86326	3.58372	5.61907	7.70443	9.35781	9.76399	6.17322	2.52313	5.48299	9.7262	9.28696	13.6701	32.2406	26.6703	6.55761	4.17576	1.47188	5.57109	9.3427	5.38729	1.92213	1.92206	7.53061	12.3092	10.6542	8.32436	8.8569	6.1426	3.58368	8.63786	7.73035	2.92547	1.68371	1.04085	3.15538	5.96643	6.44407	4.79571	3.60578	2.03471	1.26219	0.892594	3.22985	5.73799	6.99807	3.38346	4.17179	9.21852	9.85151	6.9198	5.21196	4.11451	2.42676	4.86108	2.96858	5.03979	6.61231	5.58542	4.1946	3.60572	4.30613	4.46831	3.27371	1.00983	3.28825	1.2495	0.892549	1.12895	1.39404	1.35941	1.89714	1.64554	1.76674	3.39276	3.77753	4.64527	4.80895	6.18589	7.09775	4.20575	2.40039	2.65205	2.17812	1.43901	1.89704	2.72301	4.83838	6.86525	6.53604	4.92582	5.23902	6.19343	4.70259	4.59728	5.38134	8.19639	5.94512	3.03222	4.64537	5.27211	3.9577	3.11483	4.63503	5.73808	6.52618	5.49429	4.00549	3.89318	7.00026	7.07133	5.28412	6.3734	6.93091	8.63786	7.65552	3.84806	3.55265	5.70512	9.6214	9.02767	7.76058	4.83838	2.65208	1.86321	2.1562	2.42686	2.08112	1.78471	1.64552	2.20721	3.05301	4.11451	4.58012	4.63503	5.52865	7.54084	6.01864	4.79589	3.83994	3.58368	11.7921	14.6764	11.3008	7.7306	2.72893	4.28042	9.89796	13.1581	18.0431	11.8122	0	0.357053	1.64552	7.45793	14.5315	18.7294	20.3388	19.6252	13.185	0.757369	4.23579	6.55514	6.05795	9.82988	16.1243	12.5511	8.17377	8.42016	1.99525	3.11476	1.52502	3.98555	0.714078	1.39411	3.11483	4.06805	3.21508	2.28513	1.2995	5.06469	6.40028	5.09884	5.10199	4.54216	4.59728	8.73927	10.7844	8.80817	6.35367	4.17179	7.15909	11.2415	9.36927	12.6173	6.85818	11.2899	14.9193	10.7942	6.30145	5.70512	10.7845	10.9965	9.02767	9.59114	16.9383	20.2015	15.5594	19.2494	22.7882	7.46616	4.40076	3.5704	3.40678	3.89318	3.28833	1.2872	1.12895	3.19038	4.98946	5.06469	6.47073	16.682	13.2264	13.1759	10.7051	9.73866	17.5201	2.23577	21.0204	9.53475	12.6468	12.2907	10.7321	9.28515	8.39833	7.41381	7.38847	6.61198	3.79013	6.69927	6.22391	6.9104	5.81692	9.82318	13.0262	9.17991	3.27854	2.90382	4.64524	6.98023	6.66172	10.2398	24.6775	22.7618	6.21141	17.9676
4.17155	3.04746	2.01872	2.39352	3.95725	7.75981	9.59021	7.66316	6.46052	8.8087	3.50276	10.4855	33.9851	28.9372	2.94155	2.14114	2.17067	6.52551	9.42034	5.01399	3.55218	5.72918	10.1681	9.2707	0.892455	4.73227	7.43184	5.68513	6.04945	8.93232	5.40421	1.6454	4.17155	2.65193	2.32624	2.31932	6.99735	7.5071	4.57981	3.06839	3.06839	2.67581	2.03452	7.28787	8.9941	1.53519	6.30569	6.51832	7.4572	3.74774	2.63376	5.17503	4.9857	6.41167	5.17486	1.29938	1.9301	2.78614	2.50392	4.57981	6.68929	8.1979	9.50045	7.97144	1.52488	3.42512	4.56261	4.20559	2.95235	1.04081	0.252443	0.564472	0.643626	1.81988	2.55424	3.7434	4.63118	6.97953	8.2409	5.89425	4.46799	3.92112	3.22958	2.98974	3.46189	3.60544	3.42967	4.16011	5.23566	5.38113	4.89963	4.57966	3.95716	4.29093	4.9506	8.12142	6.99064	3.21479	1.76667	2.40014	2.85937	3.21485	4.28	5.40421	8.69577	7.67907	1.00967	2.65177	7.79362	8.21256	3.07858	1.53519	4.79522	9.18908	10.6243	8.59429	6.99772	5.86767	6.99735	6.057	6.68903	6.24599	6.42421	6.30606	5.67713	5.09227	4.31329	2.96846	1.28709	0.504876	2.31932	3.74753	3.67497	3.22953	4.64478	9.2707	9.3762	4.9887	6.47042	10.4964	8.72291	5.54216	8.68183	10.3234	9.5084	4.40034	3.90885	8.17286	19.9092	15.219	0	0	0	1.5962	4.40734	7.80783	12.2116	19.2478	23.0433	10.531	3.85584	3.81046	1.89698	4.03272	11.282	10.2964	5.0641	7.38364	5.58778	6.93022	3.67497	3.58333	3.60544	2.55413	3.04746	2.31938	0.564496	1.04081	2.92536	4.17155	3.38301	2.17067	3.27357	4.1142	7.58128	10.204	9.94924	6.13177	2.17062	7.21074	7.29895	7.63244	4.06763	11.2456	11.5858	4.98887	9.97685	12.9875	12.1411	4.63107	3.22953	7.55686	13.4915	18.2074	5.25971	11.2782	14.5807	22.125	29.4828	10.8212	2.23567	2.15589	2.63376	1.9301	1.3939	2.20694	3.22958	3.38776	3.31691	6.00001	4.10275	12.5922	16.4624	15.4194	12.8239	9.91089	17.0756	2.3263	21.421	4.77872	15.3657	11.5427	9.62359	8.38258	6.6611	6.4217	6.47015	6.61367	5.03601	7.65525	9.5199	8.13523	7.12361	9.72821	10.1228	7.3877	6.75431	4.13339	2.15589	5.6184	4.66174	3.91291	16.9635	27.1562	10.8785	10.5494
5.70402	5.43272	2.01854	1.07084	2.76885	6.04886	8.67921	8.8692	8.35218	9.76186	3.50244	10.2434	31.483	27.7669	2.57261	2.14093	2.49733	6.04612	9.90202	5.68461	5.6513	10.285	11.0395	5.96517	2.39992	5.18962	4.20494	3.38744	6.96326	8.30761	2.82001	4.93743	3.9849	4.15963	1.83712	1.08562	3.56527	7.31299	5.69575	3.06807	3.06807	2.88128	1.76649	7.53111	8.74988	3.53841	5.80765	2.55398	6.61327	6.76516	1.69282	4.06745	7.41239	10.1174	4.93743	1.1428	2.6754	2.28457	1.68347	3.90871	6.06971	7.72924	9.13649	10.5932	8.01883	3.89243	4.56213	4.15977	2.95205	1.61589	0.757222	0.564421	0.892398	1.51426	2.42637	3.25374	4.29069	6.97889	8.01891	5.89369	4.98837	4.29065	3.22926	2.88128	3.33083	3.75995	3.42933	3.5875	4.79499	5.38057	4.425	2.90321	2.72248	3.7892	4.70168	7.14241	6.28276	3.38744	2.03432	0.178494	1.93003	3.11426	4.46751	5.85082	9.66084	8.91064	1.00958	2.90311	6.30514	7.24648	3.94483	0.564421	2.85909	6.76059	9.38217	8.99362	7.41261	5.13489	4.33462	3.06792	4.82112	5.65427	6.18489	6.30542	5.80792	5.18983	4.31283	3.11426	2.17042	0.504831	1.64516	3.7472	3.44308	2.52268	3.93687	9.49912	11.5259	8.68611	10.6232	11.0372	9.6913	3.53841	6.59679	9.83726	11.4592	7.45014	0.643527	5.69569	21.2171	17.7615	0	0	0	0.713939	2.59717	5.7289	10.039	16.4995	25.0366	17.5291	2.87565	3.21446	1.93003	5.693	10.8651	7.66025	4.46751	5.87237	5.67654	8.47912	8.26262	2.28469	4.46751	5.23492	4.4639	1.8629	1.35909	1.61589	3.46155	3.9849	1.8197	2.17045	3.21455	4.27961	7.35541	9.29805	9.94835	8.63621	3.98473	5.92311	6.57781	4.81131	2.88118	6.67901	9.5073	4.66135	3.85568	11.6653	17.1065	8.93657	3.22922	6.26305	11.1599	18.2058	16.0898	8.68647	14.3855	26.7282	32.0287	12.1449	3.8101	0.757262	4.59639	1.68339	2.14829	4.79476	3.22926	3.21448	4.13298	5.33352	4.88942	6.01749	14.2807	13.6458	12.5022	6.75384	13.092	4.1937	22.0617	2.14093	18.5387	10.8776	9.17816	9.45379	7.12292	5.45895	5.01358	5.41241	8.56252	9.33625	9.3824	7.49002	6.13139	9.28815	7.78102	2.17042	5.91238	7.29798	2.15569	5.01358	5.69569	6.36452	10.4977	24.625	20.4298	5.03882
6.26224	8.23932	4.4243	4.50593	8.40164	11.965	12.746	10.5708	7.8756	7.40522	4.98806	12.6422	26.8139	23.9141	9.49868	6.53427	4.30877	4.39928	7.69585	8.07435	11.4358	13.4779	9.12174	2.48428	3.27759	5.16486	5.72839	5.65104	3.67429	5.34173	6.85661	6.22464	0.643501	3.11381	3.17455	4.06315	2.25645	3.72139	6.51733	6.80169	5.97798	4.86315	4.66104	7.489	7.43253	3.67426	5.6952	4.94999	5.70351	9.07263	5.35339	1.04054	6.96472	12.0719	9.50668	9.31086	10.0381	9.13403	8.85301	9.17607	8.52235	5.97537	2.7858	9.42016	11.2124	3.9564	3.11394	5.09129	7.24404	8.26791	7.58024	6.16408	4.93719	3.67014	2.42618	1.08551	1.81948	5.79091	8.17148	7.70219	7.12225	5.91173	3.33041	1.35895	1.76621	2.67512	2.88088	3.33053	4.64406	4.7015	3.21426	1.81948	2.01833	3.17433	4.30851	6.20934	6.11015	5.0664	5.10055	4.94678	4.15559	3.0678	3.28729	4.79095	9.55446	9.41855	2.20658	3.67429	6.86078	7.74826	4.80756	1.83696	2.17747	3.34936	3.74681	6.31222	8.56209	8.08596	5.97537	5.33304	6.18433	6.46918	5.56975	3.34954	0.909968	1.83696	3.65719	5.43249	6.6033	6.16408	5.30941	4.88897	3.92441	2.39319	1.96248	7.56536	11.4262	11.5302	14.3938	10.7292	5.73641	6.2094	5.33898	3.4058	7.91868	9.01989	4.30867	1.29908	19.4859	20.7696	10.3835	7.70238	5.87199	3.9124	2.15558	0.909993	0.252394	5.10025	20.6439	20.0517	11.8005	11.6671	8.6375	8.93046	7.28432	4.68457	3.56505	1.52451	0.643459	6.03507	9.72789	4.10181	2.63325	6.34425	6.98273	3.03649	1.35895	2.42605	3.11381	1.69272	2.98904	2.0804	0.504778	2.7856	6.55295	7.70186	8.08738	9.81577	9.0286	6.37161	4.06321	3.22895	2.98904	3.82625	6.0766	6.93556	5.45821	3.95656	18.7009	16.1913	5.23465	2.71651	4.75151	13.7254	23.6154	20.3121	8.91528	23.0321	31.3374	23.1744	22.2733	15.1598	2.77437	3.84705	4.1934	6.59606	6.63401	5.16486	4.59591	1.39372	5.09723	0.504813	10.2826	12.8097	10.9474	4.40664	9.13343	10.2186	25.4837	11.9797	23.791	10.9474	8.51285	8.01029	5.13411	3.05212	3.39177	3.91216	10.1224	9.41855	5.13444	7.94855	8.69466	8.68017	5.65358	2.53506	3.3918	5.67568	6.03798	3.67014	3.58698	7.83007	9.10139	19.7254	23.4891	12.0398
5.69468	10.1095	10.3819	11.4781	15.7385	16.8214	13.7567	8.9094	4.07054	2.59659	5.29098	11.1439	18.6312	17.971	14.3766	11.6801	9.15497	6.30425	1.6156	11.1511	14.778	11.8336	5.41153	1.2617	1.6156	3.42867	3.33019	3.42861	1.83668	3.7803	3.78867	1.43845	3.03105	1.14252	2.39294	3.2139	4.27508	1.78397	4.92392	6.91714	7.53827	7.82169	8.15576	7.24321	4.57836	1.79292	3.94419	3.2139	4.70077	7.38564	6.91004	3.46076	4.14371	12.1084	19.0781	22.8962	20.9685	16.3797	13.4881	11.9249	9.90833	8.23884	6.31169	8.25363	9.68909	5.16118	3.90777	4.98743	7.70155	11.6969	14.1963	14.5955	14.0184	12.712	11.366	9.82615	7.56509	3.91199	2.94061	6.51669	8.39512	8.93675	6.20119	3.67395	5.61691	7.07548	8.51773	9.97444	10.623	10.122	8.52139	6.05545	3.04659	2.63301	3.50176	5.36473	6.08651	5.7278	5.58329	5.33249	4.93668	4.40984	4.07054	4.83651	9.10903	7.70119	2.79118	7.52783	9.89575	9.2	5.8149	4.22309	4.64344	4.23429	6.78718	9.87742	12.3304	13.2254	11.4455	9.20191	7.70155	6.44185	5.91931	6.1609	6.08147	5.48095	4.46676	2.03392	1.43849	3.36338	4.28995	4.95897	4.89818	3.90795	2.9027	4.17393	7.70129	9.9927	14.2434	14.5673	9.26846	1.75704	4.56125	4.49498	3.58666	7.34758	7.09503	9.09919	20.4014	33.0495	35.5516	32.7449	28.8439	24.1085	19.5555	17.1962	15.5565	10.7256	12.9584	15.8173	12.9073	13.3192	14.4988	14.6508	9.03983	13.4606	14.081	7.66094	2.55341	2.52219	8.82053	10.5869	2.81937	4.57846	8.17076	7.70133	2.28413	5.41163	10.0051	12.4234	11.1076	8.27457	7.04904	7.53827	9.72091	9.73506	9.30978	12.2388	13.1025	10.1895	5.29098	5.34135	6.80774	5.52652	5.20988	6.61193	7.96305	4.98729	11.6178	20.6917	13.5916	5.1339	4.28995	11.1444	22.5527	29.4403	26.8595	10.9798	19.9626	23.4385	24.0092	22.1147	12.0396	4.98743	4.62993	5.62538	8.0331	9.53629	9.73991	7.53827	4.33754	3.42861	6.24174	14.0432	16.5256	12.1097	3.65681	20.9157	26.5124	17.5979	29.5106	14.3434	9.01221	7.46131	5.89256	4.62984	1.99447	2.28413	10.7363	11.1071	4.79389	4.96531	5.7278	6.51669	5.44343	4.94627	6.99566	3.58234	6.75251	9.12119	3.07775	4.57836	11.6525	15.1578	20.1195	23.3712
3.78814	11.4637	14.8272	13.2562	11.2645	6.03685	2.67471	2.53444	1.61544	1.14248	2.14768	8.48213	14.2408	11.444	7.31095	6.41928	5.25472	4.95854	9.33829	9.58653	5.58553	3.05156	0.356883	0	0	2.39263	3.93573	4.63286	3.75886	0.178443	4.10108	6.58296	3.66944	4.46264	0.960877	0.643377	2.71589	5.25449	2.08003	0.178443	1.79276	3.21365	3.5376	2.63289	1.24891	0	1.19684	4.73051	6.72388	5.18211	5.66081	5.23346	3.27216	5.99773	12.8506	14.7136	13.1523	9.47734	5.93459	4.4839	4.55023	3.83798	3.51513	5.58544	7.24229	5.05901	4.46264	5.09935	6.03921	5.51751	6.9075	8.79011	9.88425	9.56769	9.13229	9.1944	8.80588	7.54791	4.45218	1.47114	4.46264	8.9341	9.25895	6.60179	6.93438	7.20802	8.04774	7.89989	6.28377	5.67495	7.50431	8.09938	4.46264	2.42559	1.99421	3.34877	3.58634	2.08767	1.83652	2.03367	1.52424	1.39345	2.3794	4.88796	9.42674	5.79254	5.33768	8.03988	7.35342	5.96084	2.52196	2.87492	4.4663	5.04055	5.8063	4.81008	4.42376	5.58278	6.42177	4.24885	1.89624	1.14242	2.57176	3.38185	5.53473	7.18214	8.16451	7.7431	5.33203	2.95122	1.61544	2.8191	2.72757	1.68299	1.59567	2.20611	3.65629	4.0034	7.07019	7.70062	8.78983	8.13189	2.39263	2.16984	2.98859	8.58359	11.5789	11.72	15.1081	23.1519	28.3645	27.7204	25.3622	22.5212	18.4876	16.5521	15.8682	13.5687	6.93448	8.14702	3.05156	3.77562	11.0405	13.7293	8.68414	11.2365	12.6966	13.9399	1.12845	2.52196	4.00359	11.7608	8.26595	0.535316	4.11255	9.02504	7.03477	6.59478	9.68234	10.9681	9.99812	7.96847	7.04843	7.30261	9.93187	9.47719	6.25121	7.31103	9.22915	10.8577	2.87484	2.98859	6.6326	6.76322	4.452	4.06222	6.35784	8.0841	2.16981	10.676	15.052	6.99477	2.78511	4.84256	5.7273	15.8243	23.563	16.3736	2.16984	8.0166	13.3806	21.8598	17.9475	4.67342	1.69235	0.56428	2.14773	5.56013	8.46783	9.19938	6.98836	2.63289	1.29885	5.9635	11.8894	9.67592	11.7608	26.4981	18.6267	11.5919	28.4489	23.8905	12.681	6.01585	4.4839	2.768	1.68291	1.97019	11.6061	11.1442	5.13633	4.8198	4.27841	4.98686	3.60837	3.03595	6.6326	9.62007	10.0677	8.3053	6.72388	2.03374	9.44458	10.4177	7.97996	15.0184
3.52807	12.9077	16.1901	12.5674	8.64538	3.04611	4.64255	5.16032	6.68604	10.1442	13.2822	13.4328	14.1155	10.612	4.75	2.78482	2.16958	3.52807	12.1068	9.62377	3.52826	5.72672	4.3367	1.4271	0	2.39238	3.93532	4.84219	5.73493	5.77043	5.36375	3.89081	2.42536	4.71334	4.03858	4.42329	4.30749	4.96422	1.994	0	0	0	0	0	0.178424	1.26146	2.32511	4.88737	6.16957	3.36257	3.78774	4.94509	5.17241	6.57495	10.8622	5.26895	8.76256	9.74421	7.81009	6.86117	6.12114	3.03033	0.504636	3.36257	6.43789	5.03975	4.10053	4.80932	7.27801	6.40865	2.16958	2.6745	4.81929	5.03367	4.46237	6.11629	9.86935	14.5327	17.635	16.6284	12.8263	9.25828	7.59198	7.02302	7.64519	6.94489	6.37936	5.38418	3.72044	2.39248	5.42192	7.81982	5.62407	3.60363	2.34548	3.1884	3.44175	2.68037	3.05127	3.21322	2.03348	0.398972	1.78367	4.85827	10.3579	6.46707	8.97113	9.88282	6.40865	4.93553	1.79257	1.78367	2.50271	1.0403	0.96074	1.00925	1.12833	1.29871	2.8188	2.32511	2.63262	2.6745	3.28635	2.42533	0.96074	0.356845	2.17685	3.82517	3.22797	3.3815	4.30381	5.96039	6.75122	6.40898	5.53415	4.89724	4.80944	4.53939	7.0407	6.55112	5.78916	7.1288	6.80648	6.28812	6.21794	10.333	13.2973	12.5616	15.646	12.3954	13.7187	19.2918	23.8671	26.0953	22.3853	17.7275	17.072	19.5011	19.8566	17.5018	11.1436	4.56037	6.0438	10.9293	9.3739	6.34257	8.40067	14.5351	7.20727	4.80617	2.17685	10.2693	11.2673	2.32511	1.92918	9.7487	10.8062	7.90672	5.90996	2.17696	4.28899	3.93532	1.78367	2.67436	8.14617	8.14617	2.90199	4.17313	7.81982	12.2055	4.46579	2.76771	5.09881	7.69974	5.72646	3.83757	5.17241	6.28283	6.57495	4.10074	16.5361	14.0582	3.42805	4.78302	1.86213	7.15506	15.6986	20.1324	12.6106	8.87797	10.619	20.3391	18.7693	8.15209	4.64258	1.47102	0.535259	1.53446	2.7734	3.03033	4.23331	2.48357	0.909706	2.98819	6.91546	6.16195	16.8209	28.9383	18.4191	11.3796	26.1256	28.1418	18.854	7.78996	3.27666	2.68035	3.50117	2.39912	11.0886	12.087	5.38418	4.68321	4.27425	5.28081	3.70751	2.39238	6.60817	6.73939	14.7396	14.9085	11.8568	8.01616	10.0455	10.5257	7.12903	9.41295
2.08727	13.4068	16.1747	11.8643	10.8951	10.2614	10.1177	9.45617	10.525	14.2386	17.1924	16.5009	12.0616	8.18169	4.6828	3.51445	2.20574	4.06144	10.2342	9.10677	11.9555	13.7348	13.7818	8.87727	2.13991	1.07033	2.71547	4.34727	4.94488	2.68011	2.55279	4.30698	0.178409	3.44157	4.55997	4.65924	4.4229	3.11275	0.891974	0	0	0.891974	1.39318	1.0851	0.178409	2.23428	4.10027	6.57455	7.30955	5.34859	5.20849	5.16293	5.18111	6.21962	10.4448	6.29727	4.8611	6.11545	6.12832	7.37948	8.15329	7.70745	7.18726	4.79272	5.13221	5.18714	4.13097	5.53923	8.67693	9.90539	7.31607	3.89058	0.891951	3.60337	3.825	4.9353	8.68238	13.3953	19.2053	22.9328	22.5797	18.2097	9.41722	0.891951	7.02263	11.3149	13.3411	13.9473	13.6918	12.216	9.22438	5.86691	3.65559	3.28606	3.21296	3.91888	4.23307	4.88718	5.64888	6.07969	5.41002	3.28613	0.643252	3.89047	11.6493	9.13185	6.89452	11.4615	9.1318	5.44179	1.78356	1.53433	2.07963	1.79241	2.96674	4.45137	5.53367	5.2836	2.78472	0.178409	1.89587	2.67426	2.55277	1.61513	0.73555	0.909626	1.92084	4.28865	4.28133	4.10038	4.59444	5.58173	6.55326	6.43766	5.94148	7.09338	9.73104	11.7245	13.7388	12.3157	7.83324	7.29478	8.50455	8.52997	7.87488	10.7676	14.9225	16.6946	22.6893	17.7379	11.2762	16.2924	21.543	27.2637	28.97	27.32	26.261	27.1665	29.0368	29.2202	27.7506	22.8909	11.9076	5.5817	13.4559	11.9969	11.7692	15.459	14.7384	11.2705	6.67353	6.10786	13.0998	7.28396	2.3181	11.4747	14.0715	9.22412	7.17846	5.19649	5.71507	5.65972	4.45125	5.2686	7.90603	7.09963	2.67413	4.03801	6.5362	9.75731	5.89091	2.17677	3.67291	7.48622	7.52563	5.55906	6.61016	8.34286	10.1865	7.56259	11.7844	18.5993	10.6585	3.2765	3.70718	3.6078	11.1953	19.915	18.4144	7.90637	4.90946	17.3254	18.4095	10.9768	8.8651	4.81887	2.17677	5.18729	5.01448	1.07033	4.33264	5.51644	2.23428	4.71293	4.84163	3.55017	15.8357	30.0771	26.8033	1.78356	22.9446	27.9633	26.53	15.522	5.03306	4.64214	5.55634	7.3459	10.0765	13.5122	7.27534	6.29745	5.09859	1.42698	3.634	4.83521	6.68764	1.96981	5.18126	8.18185	9.28408	9.48698	12.4856	11.6146	9.34353	11.1548
0.891918	11.1884	14.8965	11.4882	8.98858	7.54173	6.89425	5.62324	6.24922	10.5265	8.4578	4.34689	2.2834	4.02975	4.94414	3.7579	3.27138	2.07941	6.37817	7.28352	9.18336	8.44911	11.9592	13.4056	4.77553	0	0	0	2.39192	8.12952	6.57414	8.13147	2.95022	0.564119	0.564119	0.252292	0.252292	0.178391	0	0	0	1.99362	1.43798	2.08705	0.252274	2.67385	6.11482	7.31516	6.04282	4.6281	5.69251	5.99602	4.92201	4.23251	7.06811	6.93251	7.45873	6.51426	4.46496	3.4226	5.01079	6.52157	7.30698	5.90912	1.9937	3.83684	3.71977	5.09503	7.58268	9.60162	9.30299	7.52504	4.33224	1.19655	1.75636	2.76719	5.97483	8.69004	7.54537	7.03317	10.7598	12.7073	11.9554	6.54999	2.55246	6.01441	9.64162	10.8048	10.7372	10.2338	8.74546	5.78845	2.79015	1.4379	1.81861	2.87405	2.5957	2.78447	3.38089	4.45082	4.98553	4.45082	2.85746	0.713531	9.11747	11.2075	7.03301	11.4208	9.94261	4.14195	1.92881	2.95022	3.40414	2.90156	3.0766	3.89022	4.64186	4.79229	4.13064	2.50225	1.29847	0.756782	0.960557	1.08497	0.90956	1.26121	1.64427	3.02984	3.07652	1.26123	0.909535	0.891857	1.009	1.009	0.53516	2.81841	6.18909	9.04168	13.3129	14.4682	9.56952	4.80528	2.65015	2.5957	3.11237	6.28163	10.6457	15.2663	26.8064	22.2497	4.45074	2.25538	2.14711	7.37863	11.4423	12.3318	12.007	10.3801	11.3552	13.9967	18.7059	21.3455	21.7105	14.2951	4.53873	7.96026	9.5439	9.56962	12.0788	13.7713	9.79855	0.797764	10.7238	9.17793	2.63215	12.2338	14.392	8.31766	5.17154	3.02471	7.45202	9.66645	6.39785	5.65107	5.93277	4.49303	2.57099	4.90894	7.03935	6.71248	4.24738	1.92057	1.59513	5.09476	6.6939	4.27715	4.64174	6.39542	10.1885	13.4759	0.735501	12.6751	11.5666	4.64169	2.78428	1.60511	1.04005	10.2018	14.6929	6.74965	0.713531	14.3227	16.0167	7.77657	7.80249	6.13789	1.92067	7.74462	4.78902	6.36825	1.89571	5.95909	5.76905	6.16077	3.05067	1.19648	9.19824	25.3244	32.8016	15.3234	15.4915	20.3058	26.4949	21.9397	9.09201	5.1866	3.74512	4.9857	7.80069	10.8546	7.67399	4.62798	1.92894	3.15278	2.3987	4.83468	5.73912	5.23514	7.24063	8.73818	8.31766	2.4249	9.72961	8.39908	3.56769	4.27346
3.05042	9.0235	14.826	15.8105	14.9899	11.6179	8.2819	8.32658	9.66597	8.95838	5.02273	8.00809	9.90371	10.3555	11.0981	5.58338	3.25156	3.28555	5.06034	3.34761	2.72066	2.37848	8.31693	13.1367	6.21592	1.08489	0.178374	1.60495	5.18623	8.16104	0.564061	8.46427	3.78667	0.504493	0	0	0	0	0.178374	0.909469	1.14203	3.38044	2.71494	4.0607	1.12798	2.28304	6.20586	8.19713	7.03219	5.72483	8.5642	9.0151	7.92054	5.3359	2.59536	2.20531	2.37848	1.83581	1.64406	2.20531	2.767	2.64988	3.03476	4.70191	2.32439	3.21238	4.34643	4.84089	6.40469	8.58772	9.38414	8.01361	5.78754	3.45924	5.37699	7.3846	8.67892	9.1906	7.97476	2.49567	2.87386	4.79157	9.17712	9.67208	7.29324	3.40385	1.29835	2.48287	3.42698	3.42698	3.11208	2.50201	1.92874	1.92874	2.03296	2.67959	1.69175	1.04	1.03996	2.5522	3.71928	4.01767	3.80756	2.16897	4.01767	9.44941	9.94222	10.5934	8.25721	2.67361	2.72066	3.75733	3.1875	1.81844	2.42467	2.81803	1.61481	1.83581	3.65488	2.64977	1.83581	1.26109	0.735408	0.713462	1.28609	1.92047	2.52099	1.4267	2.31756	2.08693	2.20531	1.96135	1.47057	1.12798	0.39886	2.53346	2.48287	1.26109	7.63275	11.9378	12.2952	9.56555	6.94314	6.36797	6.79542	8.37089	11.1307	15.5313	27.4597	24.9326	13.1169	9.88052	5.97193	3.91812	4.69855	4.98493	5.96114	4.00205	8.39119	7.69187	8.63259	15.1702	25.1579	22.8924	13.2518	9.17249	4.09947	4.8179	12.3338	15.8896	9.2305	3.45924	6.6558	9.79772	2.42477	13.029	14.6917	8.35406	3.38044	1.43777	9.51219	10.9978	5.32975	4.01767	4.33173	4.11101	4.45395	6.34067	7.06529	5.13122	2.20526	4.49285	5.56655	6.46524	6.18812	2.52095	3.56734	4.83422	9.1048	13.1649	5.71403	6.7119	9.83982	8.19722	5.80409	3.40392	1.47057	6.79514	13.0291	11.9731	7.78418	10.7624	13.885	9.08293	8.87551	8.86341	5.18638	4.79157	4.42205	7.06748	0.564043	5.44355	5.25246	7.44947	6.92285	4.06474	3.44078	16.4444	28.1931	19.8078	7.52827	15.6749	24.8348	23.7623	14.3339	8.51702	4.48217	2.50203	3.28537	7.92604	8.80741	6.23859	0.891779	4.45039	4.23228	3.60262	4.02939	1.79207	3.25151	6.39724	12.1839	6.28135	5.19522	9.02	5.82277	2.81801
5.23103	6.45768	12.396	15.0504	15.4634	13.1732	8.63191	8.84362	9.55677	5.33543	3.67188	9.75488	10.1043	10.6499	13.3304	8.13001	3.11188	3.71907	4.92108	4.63064	0.643071	2.37827	7.15236	9.74517	6.21537	2.08668	0.398808	3.58464	6.8518	4.96239	2.81776	7.23888	3.28509	0.504449	0	0	0	0	0.398808	1.69154	1.19632	4.30205	3.22682	5.88384	2.07904	1.78297	3.20711	6.60831	10.9652	10.875	11.4637	9.96421	7.97446	5.9582	2.59513	1.99335	2.0328	0.564011	0.891745	1.92857	2.64965	2.76676	3.42668	5.672	4.80755	3.02934	4.28754	4.7881	5.916	8.16628	10.9211	10.9528	9.25462	5.47768	5.37652	7.91192	8.4181	6.45515	3.82376	1.78306	3.04498	1.43768	5.0098	9.47277	8.88508	5.1339	0.891723	1.26099	3.03449	3.84441	3.32823	2.3174	1.89534	1.89534	2.03278	2.67936	1.53397	1.26099	0.252243	1.43766	3.28513	3.80723	4.01732	3.5088	2.85695	7.52791	9.79265	8.01316	5.0098	0.960385	2.96576	4.0015	3.18722	1.81828	2.64956	2.81778	1.26099	2.32418	3.90555	2.90092	2.32418	1.26098	0.398825	0.713399	1.28598	1.78306	2.52077	1.42658	0.96042	1.99335	2.34465	2.55199	1.92023	1.12788	0.535061	1.5339	2.03272	0.756689	3.67188	8.50564	12.1226	10.4437	7.22414	6.43583	6.69296	8.06897	10.4086	14.5471	25.3891	23.8334	13.9529	11.3237	7.50087	2.78394	2.96576	3.757	5.25501	4.5759	9.9026	7.4281	8.00739	12.4967	23.7311	23.4109	14.2769	9.40968	5.73809	3.15239	14.8597	17.9612	6.55111	3.32832	0.8917	9.56282	2.55207	14.6626	15.373	6.80381	1.81832	3.17226	10.2358	10.7573	5.32929	4.67126	4.33135	4.30578	5.18578	5.93169	5.45466	4.15263	1.79189	5.0099	6.2055	9.96393	6.43553	1.51311	3.40355	4.45354	9.10401	11.5748	6.57982	1.24832	6.43323	7.75343	5.97402	4.30583	3.85258	3.21199	8.50018	11.9721	9.0194	4.33135	9.49206	9.27635	8.5056	8.09772	7.6424	3.34718	4.49246	3.84441	0.563993	5.19477	1.81832	5.56606	7.48432	4.7117	4.61691	13.8838	21.8493	21.5441	5.88926	13.1322	23.6011	22.1236	18.4787	14.3254	4.48177	1.89534	0.797577	6.07265	9.03448	7.38367	4.65769	3.17243	4.85662	2.23375	2.01701	1.43771	3.45886	4.40736	10.7533	9.40944	2.72042	8.21715	10.1039	3.31388
5.57935	1.61452	3.94143	5.53704	8.68785	12.1818	11.1817	9.63881	6.92153	5.40784	9.5762	11.481	10.324	11.3625	16.4856	11.0054	2.3172	3.8069	4.33097	5.03121	2.08653	1.53373	5.40777	7.96357	7.13208	5.43981	3.32797	2.64926	6.45438	6.67359	6.73643	5.96006	2.48239	0.398766	0	0	0.535005	2.72605	6.79411	8.74111	6.79411	4.4813	3.60192	6.79389	4.09868	1.8613	1.29813	2.94939	11.6887	13.0584	11.9165	7.24029	2.14649	4.20133	3.81092	2.15392	2.78932	2.14655	1.39264	0.797527	1.08466	1.6145	3.15695	5.90717	6.63345	3.98142	3.15206	3.67164	4.34559	5.17009	8.83363	11.0889	11.1379	6.43485	2.14644	5.91509	7.1756	7.47527	8.3528	8.64356	8.88448	7.8955	7.09066	10.1348	12.5204	11.1437	6.20485	3.28491	2.76647	2.03248	3.34696	5.93919	6.30007	4.98422	2.90076	1.43751	0.356676	1.12779	1.68201	1.68201	2.4242	2.96545	3.56212	3.78594	4.17115	2.5517	1.06992	1.78278	1.78278	1.12779	3.71857	4.50233	3.45849	1.43753	1.43751	3.6064	4.20154	1.39264	4.59267	9.17075	10.4355	9.03903	5.91538	2.57039	0.356676	0.797527	1.47029	1.51287	0.797527	1.12779	1.64374	2.17582	1.78278	1.12776	0.797493	0.713324	1.79172	1.83554	1.19619	2.47598	8.08133	8.29117	4.62676	3.6326	4.01699	5.8887	8.67184	13.012	23.655	23.1962	16.194	16.5282	14.8821	9.2291	2.23351	2.71431	4.56147	4.61988	9.25536	3.67161	4.11022	5.93889	16.2251	19.5288	17.0882	15.1677	15.3182	7.8163	11.7196	20.2193	10.0743	5.90743	8.67917	9.55565	4.46026	14.9012	16.2954	9.39392	6.74806	5.26657	11.258	11.5737	5.69913	4.23133	4.56147	5.20641	5.36116	4.40315	3.06527	2.98677	1.52335	3.67159	6.28005	11.262	5.88322	2.14644	2.31716	3.90517	8.21802	9.60656	6.1794	3.54891	3.22648	1.92003	4.54781	7.18876	8.35265	5.82185	6.67359	10.945	10.9284	5.13349	4.3089	7.8003	6.85794	5.93116	9.49925	9.12846	3.06543	2.52042	1.68201	5.20641	3.5623	3.0238	5.33473	6.40333	6.58856	12.023	16.5174	20.8223	17.8019	12.3959	18.655	19.6669	20.5155	18.1748	5.72376	1.43755	3.40326	5.69913	7.92452	7.0969	6.28482	2.59486	4.40326	4.01699	1.19614	2.6494	2.67908	2.17582	4.9555	9.94312	10.63	4.50586	10.7632	4.09484
4.01654	1.61438	3.07537	3.94121	6.90515	10.8189	11.2615	9.13471	6.4054	8.71348	14.3716	14.9204	11.8248	11.8591	21.576	15.7612	2.17573	3.43994	4.33059	4.27185	1.92819	0.563884	3.7731	6.63287	6.39301	6.05093	4.85561	1.14165	4.14058	6.43462	6.11287	3.77322	1.26075	0.178324	0	0	1.19604	5.06191	9.77016	8.74035	9.77016	3.15676	4.23096	6.12543	4.88471	1.68187	1.43741	2.48217	10.2294	12.3401	11.6761	7.23966	1.64364	3.45814	2.32374	2.15373	2.72002	2.23332	1.52327	1.06982	0.89155	1.26075	2.72575	4.79028	6.20417	4.28662	3.17181	3.82319	4.45987	4.44921	6.19653	9.37969	11.3783	7.17702	2.39765	8.35723	10.1607	8.29998	8.54943	8.63567	8.88371	8.05796	7.15128	8.84194	11.9322	13.3623	8.56182	3.36084	2.39777	1.03966	4.10989	6.0121	6.45644	5.56777	3.75638	1.08458	0.797423	1.12769	1.64366	1.64366	1.79154	2.71989	3.5618	3.28445	3.42134	2.31691	1.47016	2.2824	1.28567	1.81793	4.16703	4.50193	3.2506	1.19609	1.86108	3.31341	4.24601	5.57883	7.32525	9.03486	10.4986	9.94245	7.48075	4.33052	1.78262	1.06982	1.06982	0.504351	0.797456	1.12769	1.43739	1.43736	1.28567	1.12766	1.28567	0.713261	1.43743	1.83538	1.43741	0.642946	6.46343	8.29045	4.99311	3.63228	3.67129	5.06207	7.54901	10.9717	21.5816	22.1352	15.8824	16.8831	16.3781	13.6333	6.27684	1.81793	3.88863	4.61947	9.96204	4.01663	6.01186	7.67118	9.12758	14.2526	17.0867	16.1255	18.1331	14.3748	3.94121	19.4106	14.0422	6.80268	8.74212	7.23786	4.34521	12.4893	15.2572	9.5292	7.45794	4.44926	11.7186	12.2526	4.68058	2.8564	5.72326	6.2469	4.80347	3.20649	1.12766	1.64364	1.99288	3.95319	5.99375	9.67564	4.05956	4.40628	1.86113	5.09595	7.48261	8.41068	6.17886	3.27012	2.52033	2.87292	4.69744	6.75899	8.84702	6.04326	6.41516	10.0402	12.3343	9.01235	0.563902	7.12483	6.25695	5.39877	9.10239	9.73248	5.43922	4.52982	1.86113	3.95319	3.56198	3.02354	4.40287	6.78188	7.67935	10.1936	12.9663	16.475	17.8004	10.819	10.44	17.6763	20.7283	19.2746	9.31406	3.43982	3.67129	5.33427	6.07148	6.11257	5.78592	4.94231	3.78581	6.3758	5.41888	2.67299	1.76481	1.43736	2.07874	7.07018	13.4185	2.87855	8.32387	3.32767
2.96507	1.06972	1.79137	1.69111	1.4373	3.91664	5.78559	5.16926	4.18943	10.1806	16.4151	16.2196	10.5376	6.97163	22.8595	18.0773	2.14611	2.25431	3.04922	3.25027	2.20449	2.37751	1.43721	4.95456	4.74686	4.99262	6.41441	6.51363	5.09573	3.11102	1.26063	0.178307	0	0	0	0.891464	2.32355	4.94497	8.09321	6.12511	5.95886	4.67008	6.33844	7.23713	9.94779	11.6899	12.7098	12.9013	13.1605	11.2869	9.65083	6.68134	0.9601	4.00057	8.56856	11.6124	10.4104	7.54224	4.57459	2.49472	1.06972	0.797385	2.13869	4.01614	5.64817	3.54813	1.75562	2.50108	3.04927	3.49888	4.01614	6.60379	10.9883	9.59852	5.28628	12.7511	14.7171	9.44439	5.67068	3.02849	2.52004	3.25035	4.0671	5.328	8.88278	14.8206	14.0065	5.93009	2.0322	2.72548	4.61901	3.42568	0.534906	4.01626	6.2989	6.67242	5.0305	3.85169	3.52597	4.05936	5.56449	6.69107	6.85006	6.17849	5.06161	3.27465	1.52313	1.52306	2.32364	3.25035	3.88823	3.75589	2.71961	1.2979	3.25027	2.69631	1.59446	7.53767	8.8806	2.26821	2.71961	6.21604	6.79482	4.91944	2.39079	1.52313	2.53266	2.92202	1.43727	0.891494	1.91975	2.20449	1.99276	1.8178	2.14611	2.0322	1.53354	0.891494	1.00852	1.08448	4.59156	6.57059	4.15527	3.71801	3.66666	3.60133	4.98302	6.84744	15.7468	15.5956	9.19396	11.5195	13.7983	16.6507	12.6342	6.66309	4.56082	5.03027	10.1791	4.50512	6.73495	7.52325	3.60556	4.83247	10.3118	15.3694	22.1257	21.7342	9.59714	11.5388	15.9093	8.17167	5.12033	5.19357	5.917	11.4355	13.88	9.22243	9.5541	8.35691	11.1034	11.288	2.67858	1.35773	5.28027	6.65324	4.30078	3.9807	5.12958	6.0298	4.78999	4.1094	3.83502	7.962	2.25422	5.78531	1.47006	5.68982	9.16866	8.88235	4.33368	4.55741	5.42736	7.09799	5.88763	1.76465	4.88422	5.90633	4.42042	5.86358	11.2694	12.4881	5.5133	5.03329	4.91944	3.32725	7.13934	8.29884	6.21604	4.90662	1.75553	1.00852	1.3923	1.61423	3.60133	5.34837	6.8497	10.1326	12.7535	10.2331	5.42702	8.07824	9.88148	12.6633	19.0899	19.4917	12.2514	6.43365	2.39739	3.15128	4.77983	5.53586	5.15676	5.25045	2.98633	4.94497	6.58732	4.33387	1.12759	0.642848	1.43721	0.398689	10.9621	8.25449	7.3055	2.67276
4.27471	0.797302	1.14149	1.96851	1.39225	2.78286	5.0921	5.68936	5.15948	9.71322	15.0568	15.7747	11.1891	5.34499	21.7824	18.0758	2.69601	2.25408	2.85583	3.45752	2.34375	3.27419	0.960013	4.05878	4.74642	3.9803	5.45274	6.51298	5.82015	4.46242	2.48169	0.398653	0	0	0	1.9925	2.72523	2.71937	3.93238	5.96911	3.67046	6.80124	5.84437	6.40417	9.49372	11.7502	12.7646	12.8678	11.4874	7.61313	5.80107	5.93723	3.67042	5.16864	10.3785	11.8164	11.211	9.37981	6.45258	3.71752	1.46988	0.797302	1.5943	3.80576	6.11654	3.77237	1.86077	2.67241	3.56563	3.77665	2.42359	2.71355	8.58353	10.6513	9.5126	18.2575	17.5836	8.64827	5.97169	3.92031	2.51979	2.7195	3.81004	5.03622	7.62342	13.3599	17.1974	9.72588	2.67832	2.32333	3.77659	4.72645	2.92156	3.45765	5.80135	6.9196	5.41518	3.78508	3.5256	4.30056	6.20312	6.79222	6.62709	5.97169	4.59138	3.03341	1.79122	1.08436	2.3234	3.11068	2.85583	3.02804	2.96462	1.14149	2.67241	2.85585	1.5943	6.5462	8.63357	2.7713	1.9925	6.46214	7.28965	4.66941	1.91949	1.39225	3.07483	3.1107	3.82228	1.64328	1.78237	2.34375	2.1459	1.81762	1.99256	2.03199	1.69094	1.08437	0	0.8914	3.60524	4.59116	3.21081	3.50758	3.66628	4.46242	7.69396	9.02418	11.9497	10.8039	9.02442	10.9544	12.6706	16.2623	13.7116	7.34733	4.17019	5.0298	9.48845	4.65604	5.86027	5.33606	1.69089	3.90828	8.77038	14.0014	23.3076	24.1308	13.9873	1.5943	13.4918	8.67669	4.85482	5.27709	5.90578	11.2268	12.8396	8.72803	9.25981	8.70332	8.14789	9.4057	2.67832	1.35759	3.77652	7.89289	6.21299	4.99215	5.86041	6.02917	4.61533	2.67241	4.77285	7.47911	1.42602	6.28307	3.50745	4.13978	11.4146	11.2977	1.99258	5.17781	5.56392	6.92849	6.93968	4.39472	2.94868	5.80941	4.7895	4.78948	10.0381	13.557	7.95749	2.87789	5.66704	4.93181	6.66911	7.57197	5.4755	3.65315	1.9925	0	2.14583	3.27419	4.46242	3.92029	5.37419	13.0014	17.0963	8.78251	4.45881	7.63558	8.94933	5.20496	16.3703	18.832	13.3861	9.55275	3.15101	2.39718	5.2798	5.53537	4.40543	3.37884	2.87799	0.891377	3.88799	6.06265	3.66612	0.178289	1.19581	0.891355	5.5128	8.00241	5.65625	2.78853
9.89193	7.23797	4.19999	3.37863	2.78261	1.6432	1.64308	3.15067	3.9077	7.90789	14.0039	19.1743	20.2943	15.0273	19.607	16.3103	3.27385	2.77121	5.4752	6.97053	7.31069	9.17072	9.33657	6.04938	1.8174	2.47518	3.67025	4.62841	5.00732	5.24943	3.56074	0.356541	0.504236	0.504236	0.642765	2.94825	2.98563	0.891291	0.398634	1.14131	6.65197	6.27499	3.99976	4.73621	5.48959	5.18335	3.6049	2.17498	2.76534	2.67809	4.1885	5.64709	5.16798	5.88362	8.68431	4.1086	6.0697	8.41377	7.45553	5.23154	3.07455	2.03184	1.76431	3.49809	6.45423	4.09701	0.642765	2.59396	4.30376	4.53564	3.31248	2.63039	6.50968	10.6785	12.4101	21.7017	18.378	4.54613	6.04914	5.28527	3.21039	3.58309	4.52878	4.44801	4.41957	7.0679	14.9072	11.1932	3.56074	1.91929	1.92752	4.21847	4.95998	3.3879	1.69072	2.32313	4.66918	5.02953	4.90602	4.37652	4.46199	3.77622	3.56528	3.5786	3.42055	3.9998	4.50079	4.44794	3.74274	3.54759	3.28363	3.56086	3.91991	2.42337	0.891291	1.64312	1.9924	5.03232	6.82561	5.4147	6.36441	7.79751	7.40326	4.66899	2.1457	1.68139	3.11029	1.06951	4.7855	2.51944	1.29765	2.37713	2.67215	1.8174	1.64308	1.9683	2.0318	1.52284	1.12737	1.64317	3.3266	3.34554	1.69072	1.61389	1.61391	3.31226	7.71934	9.99589	12.1104	8.29538	4.40147	8.85843	12.5765	17.3229	16.1949	9.95951	5.58022	6.07479	10.3448	6.10333	7.11418	6.5885	3.65302	5.90511	5.81961	5.82779	19.376	25.6318	22.044	16.0464	2.85557	7.79753	5.0855	4.18862	4.73621	10.666	12.6694	9.79114	9.64638	8.89325	4.54613	5.8274	3.83428	2.25387	4.15457	5.90485	6.97029	6.40092	5.71071	2.34353	2.07802	1.46978	4.55622	6.32211	1.43699	5.65536	4.54585	0.959914	10.3727	12.7313	3.66596	2.14561	2.03173	4.44771	5.52912	5.72153	3.82189	2.08566	4.22969	3.80548	5.48927	11.1134	10.0583	3.15089	4.40497	5.51213	6.90283	7.06343	5.18327	5.34753	5.2287	4.30754	4.61828	4.45139	3.93993	2.20399	3.65276	12.0968	18.4465	10.4387	5.01041	8.84437	2.59387	3.04353	12.7626	16.766	13.5425	11.7255	6.04124	3.83428	6.12363	6.68016	5.34447	1.78221	1.14139	2.69574	0.713054	5.03232	5.39702	1.64317	1.28528	0.734984	1.52284	1.12733	2.20399	2.42328
9.55778	11.4063	10.1947	8.64662	7.1333	5.48615	4.46156	3.95153	4.62448	3.60457	5.23114	13.8427	21.913	24.9713	22.6709	16.3886	9.71649	9.05521	8.9407	8.06442	7.15727	8.15223	9.16979	8.70166	6.74486	4.73572	3.60472	3.60022	3.06382	5.57967	8.32106	8.75465	7.42383	4.46167	2.14553	2.98535	3.10998	1.28523	2.07793	3.97954	4.5002	3.22491	5.784	8.56603	10.384	11.9505	12.4024	12.1358	11.7288	10.4117	9.33062	9.34374	9.93563	11.2947	13.6036	11.2452	8.02403	6.71684	5.4168	4.2293	3.07424	2.89939	3.02237	4.28493	7.38782	5.30254	1.12722	0.959827	1.92735	2.37689	3.80931	4.30341	7.5706	11.99	13.7409	22.6242	19.0713	1.78193	5.90434	8.07754	8.67487	8.9407	8.88553	7.81285	6.32188	5.88592	10.3541	10.4419	7.27136	4.88292	3.24939	3.56052	5.05698	6.12325	5.72943	3.06382	5.03211	7.39659	7.64433	7.40499	5.97057	3.88723	2.51927	2.17478	1.03926	0.959862	2.31606	3.03275	2.93732	3.11007	3.40158	3.57821	3.45686	2.5937	3.42019	3.80931	2.92115	4.44737	4.6787	4.16939	5.09112	5.68544	4.89245	3.17043	1.39191	0.734934	2.93732	3.53387	3.66976	2.921	1.91912	1.7551	3.15545	2.89923	3.37818	5.86457	9.41732	12.6275	13.3655	10.8694	6.28219	2.76515	2.34326	3.3876	4.0659	4.10835	4.15022	6.89999	14.5839	10.7286	2.3161	4.74562	8.26509	15.0571	17.1485	14.276	12.389	13.0718	14.9642	8.50985	9.64541	12.1652	12.8145	13.9178	10.9678	7.33963	13.4762	23.3016	26.5251	25.6793	15.4807	0.356506	6.15644	7.21784	6.30453	9.42208	12.8882	12.9813	13.2343	13.6847	11.9417	6.0332	4.72554	4.27752	3.45693	2.6778	4.40458	5.65487	5.37315	3.66976	3.53387	5.669	6.07449	4.88282	1.78198	4.44737	5.23105	3.38758	5.96766	10.8634	6.39056	1.643	3.84219	7.62786	7.51932	5.1585	2.47481	1.14121	4.13882	3.60022	3.60027	8.71205	11.4377	7.93089	4.34354	2.96404	6.69582	6.52588	4.40117	5.11882	5.51749	5.40547	6.50936	5.64404	3.54723	1.06941	2.16752	7.79677	16.1689	19.3871	7.40472	7.62178	9.59428	6.28186	9.3352	13.0751	12.641	12.1599	10.8786	8.15566	8.14444	8.66778	6.71699	4.8147	4.2293	5.05698	3.57821	2.31606	5.90453	5.53448	3.3263	0	2.08547	2.28163	0.908861	2.72475
0.908762	4.4471	6.62992	6.37294	4.95922	4.80449	5.73428	6.56818	8.00179	5.90408	5.57643	2.89908	4.1652	11.1594	13.2689	11.2937	8.31107	6.27666	3.90718	2.37662	0.398541	1.46946	1.78178	2.87164	5.72079	7.13268	6.89968	5.33188	2.08536	3.49755	7.28799	8.51112	8.12481	6.1021	1.8171	1.68099	3.0324	0.891127	3.20991	4.10795	2.55035	0.891104	3.5999	4.85339	5.16731	7.68612	10.5183	12.4086	13.0983	12.7959	11.8347	10.8906	11.0997	12.2463	14.7122	13.6662	9.8593	7.21721	4.53479	2.76484	1.00815	1.08407	1.26017	3.90701	8.14542	6.28131	0.64261	3.04807	3.37799	2.16736	1.12712	1.992	7.42283	12.1193	13.3061	22.2089	20.1868	4.91781	8.2436	10.7503	9.55825	6.27654	4.54526	4.62417	2.67166	2.8159	6.53004	6.75555	6.91978	6.23654	4.83058	2.8159	1.86025	3.80476	5.88535	7.84545	5.08426	2.42294	2.78208	3.28307	2.92089	1.19552	0.959778	2.64788	3.34508	3.03256	2.55037	2.1453	1.61359	1.35715	2.14523	3.28289	3.35909	0.398541	3.74195	4.69524	4.9402	6.20124	4.34294	0.891149	2.14528	3.66941	3.43819	2.8716	2.49378	1.81707	1.4367	2.77067	2.23226	2.17459	2.17459	0.398558	3.41972	4.2438	4.13845	8.09024	10.9665	12.1285	12.4446	10.9336	6.56597	1.61361	2.7186	3.8336	3.5602	3.43831	3.15527	2.94773	13.2057	12.4595	1.89397	3.40128	4.62758	9.45506	10.7573	7.78209	9.19052	17.6043	20.2106	7.90835	3.75467	7.29435	9.57136	9.32329	7.13914	5.4883	4.69501	8.8566	15.2966	21.2493	19.4021	9.72794	3.1851	3.5824	1.53295	3.7545	4.9177	4.80449	5.15805	6.07396	8.75373	7.8615	3.74202	3.27324	2.81588	2.69525	5.35816	7.81982	7.49582	4.53479	3.49755	5.23068	5.00974	3.93935	2.55037	3.63049	4.78799	3.66943	3.37789	7.77001	5.61822	3.04284	7.09295	9.60611	7.2322	4.66834	1.8345	0.756183	3.27339	5.84273	5.13061	6.06862	7.47083	5.534	4.69522	2.89913	5.08426	5.30208	1.83442	2.26738	2.39651	1.79069	3.40124	2.4747	1.52255	1.19547	1.52255	2.8716	6.47735	17.205	15.853	1.75487	10.8051	12.6434	8.29394	9.87736	10.4946	10.6767	13.7472	11.7234	7.47083	6.29133	3.5999	6.30368	8.02877	3.5602	6.03757	1.59378	3.02725	5.47404	5.72056	1.43668	4.05759	2.49378	3.88679	1.99196
7.2679	3.27305	1.89377	3.59952	4.6678	6.10156	7.37177	9.16934	10.7815	5.08993	4.7447	5.75281	8.01636	7.35275	6.3625	6.34281	4.93011	4.48899	3.55983	1.99179	3.65193	3.027	1.53279	0.642542	1.00809	2.07753	3.14995	4.53439	6.29584	7.71743	5.79909	4.53439	7.37177	6.58419	1.43659	1.03906	2.81558	1.69023	2.67729	3.99858	4.78441	4.93011	4.62709	3.2826	1.60357	2.14512	3.90274	5.76388	7.84299	10.1523	11.3511	9.98732	8.70884	8.54994	11.0274	12.4647	11.4674	9.76334	7.1559	4.53439	2.53141	1.96775	0.908685	3.02687	7.95831	7.86447	4.44668	4.09597	2.55008	3.20957	3.40092	2.38975	7.7772	11.8064	11.5764	18.8281	19.1481	11.483	9.86431	10.0555	6.2757	2.81569	6.62455	8.62526	8.78102	9.36172	10.6418	8.36377	7.52205	8.77923	9.63712	7.09239	2.1671	2.76455	4.72463	8.8782	6.78934	1.75476	1.99181	2.5501	3.41953	4.2989	3.50623	1.59368	0.356437	1.28498	1.14105	0.563557	1.03906	1.03906	1.75469	3.32566	4.09597	3.90272	4.63726	3.04263	3.75428	7.66896	7.62031	5.08398	4.3932	4.27308	3.57752	2.49352	1.64265	1.43653	2.59313	1.43655	0.398516	1.64265	1.68081	0.891032	4.39302	6.2433	8.14289	13.6764	15.1463	11.639	9.60549	12.3141	11.4513	5.7529	4.62709	5.69534	4.32809	2.23202	0.734792	1.127	10.5771	12.9085	7.78144	6.21326	4.69454	8.50979	9.29719	5.79884	6.43305	17.6136	22.5862	10.2578	3.90274	3.04263	0.734792	5.66516	9.18299	10.4124	10.7439	12.2108	11.0039	16.9999	17.6698	11.6425	6.79863	5.53353	6.00863	3.97882	0.79696	4.93969	8.3473	8.93385	8.91827	9.27445	7.99935	4.27687	4.53422	6.06032	6.57481	7.43887	5.67597	1.24735	2.03113	4.58939	2.49987	2.5501	2.03123	3.40089	5.12995	4.1873	2.03115	6.18283	5.08993	3.90256	9.02924	9.89486	4.9043	2.03123	3.88648	2.56868	1.14105	1.99175	4.16462	6.34996	6.06798	4.30251	4.27682	3.99861	3.38226	3.27293	3.80436	3.91878	3.15493	1.68089	2.14507	2.695	0.356437	2.64751	0.252034	2.32239	3.65174	13.6546	16.1823	7.86447	6.32034	13.6816	11.5882	10.0296	9.40536	10.3287	14.2073	13.6029	10.2505	8.21087	4.40021	4.37504	9.52359	4.66785	4.77757	3.82081	1.39171	5.39549	7.32728	3.52405	4.93946	4.05716	4.34248	4.6541
6.79804	4.98034	2.01538	1.12691	1.28481	4.55454	6.93628	8.29236	11.022	7.23487	1.5222	6.70558	12.3225	11.9243	8.47132	6.88705	5.33085	4.94245	7.01446	6.10851	4.41786	4.0957	2.5929	2.5498	1.89371	1.51181	2.72399	4.83626	7.15527	10.5609	11.7919	11.4414	10.5378	7.12034	4.63698	4.39282	5.0056	4.77079	5.52738	7.26952	7.8896	6.90738	4.88162	2.23182	0.356406	1.43644	1.53258	2.54985	6.32011	11.293	14.9414	14.0335	11.0266	10.1754	12.4038	16.6678	18.9291	18.2502	16.0275	12.0184	6.60266	2.71226	1.4364	2.17428	7.6076	13.7869	14.5566	10.138	5.78238	4.93925	6.30277	7.44475	11.4306	14.4305	12.1727	12.5477	11.78	11.642	12.2781	10.7218	5.80667	3.24843	4.9422	4.92948	5.30113	7.03245	13.0686	14.1478	11.4031	10.7134	11.9534	11.6017	7.26932	5.08949	4.80343	7.39414	5.96865	3.34444	2.5186	2.64726	3.49687	5.22675	5.96888	5.0056	2.85449	1.19524	1.53265	1.08386	0.563525	1.83415	2.78721	4.06476	5.51885	5.96629	4.95194	3.50592	3.4007	6.68019	9.60777	10.2707	9.73429	8.49316	7.29935	6.54583	6.04705	5.41556	4.4569	2.94728	1.25993	0.642517	2.78154	4.46042	6.56471	8.9018	12.1432	18.7868	20.6332	18.3559	15.5038	14.6509	13.5216	9.52295	6.82567	5.90288	3.60368	2.47422	1.69014	0.356406	6.4761	12.1433	11.8514	10.091	8.07529	10.6234	11.9468	11.0865	12.8847	20.1082	25.0423	13.6366	6.39865	3.99809	6.75431	12.7934	16.0631	16.5062	18.7506	19.2465	15.3836	10.4377	14.4505	13.5018	7.5212	1.7546	1.81675	1.69009	4.36027	6.68724	8.88307	10.9606	11.7306	10.4089	11.8427	11.7919	8.55643	7.81052	6.60266	6.74975	6.03912	4.28386	3.58171	4.78706	3.10913	2.4806	2.64739	3.90238	6.27534	6.74285	3.66887	5.22655	3.03181	3.93049	9.49213	10.9822	7.68433	3.82047	4.66744	6.03667	4.78726	3.90238	5.08965	7.7946	7.69059	7.14655	7.37135	6.21034	3.84946	1.03902	1.91858	3.43752	2.28099	3.07338	1.69009	3.27261	3.22401	4.44973	3.04226	2.31536	4.06071	12.5525	14.1079	6.75423	0.642517	10.3984	16.6537	14.2421	9.55644	10.7131	14.0196	13.7439	11.947	11.6829	7.84211	1.78152	4.63685	6.2002	1.6133	5.28331	4.3421	6.23535	9.61232	7.44247	3.38197	5.43841	3.55952	7.2863
4.72373	3.1692	1.92673	2.71797	4.44584	7.97445	8.86635	6.85213	7.76373	7.18247	4.69393	8.40989	13.993	11.3273	2.59273	1.14085	0.64246	0.712715	7.4436	9.38563	1.91838	2.42213	5.03305	3.60319	1.43628	0.712715	2.54951	4.03299	2.76403	3.9182	6.30221	7.03848	5.51836	3.11404	3.16942	4.14888	4.57154	4.06439	3.90608	3.70281	3.20907	2.48038	1.52212	1.43625	2.34237	3.28214	4.66697	5.15654	5.02994	3.57685	7.16953	9.8001	5.50953	3.49643	3.1494	6.10828	8.14926	9.50771	10.1008	11.3647	9.95449	4.3052	1.99137	1.78131	5.6833	8.83891	11.2906	9.22794	4.81293	2.474	3.55929	5.48412	10.9108	13.8964	10.5826	9.43954	5.955	0.734635	5.16571	5.08917	3.66854	5.70809	7.61689	7.49378	8.14897	7.60649	3.66851	10.1741	7.14564	4.5714	7.21478	9.63028	7.95296	7.5677	6.69326	5.57455	4.6534	5.08924	4.852	5.50953	4.16757	1.19518	3.03161	4.27227	4.5714	3.26745	0.398445	1.52205	1.28467	1.5934	2.07716	2.23163	2.39596	2.28079	1.5934	0.712715	0.356371	1.069	3.66422	5.33039	5.54954	5.28307	4.93881	4.8521	5.19012	5.78188	5.5269	3.8203	2.31512	2.51831	3.43733	3.93823	5.26197	7.99749	11.1732	18.5491	17.1781	9.22141	10.641	13.6757	9.4312	6.19943	3.06284	1.85965	1.03886	0.56345	1.43628	1.46903	1.12684	5.955	9.41341	10.5536	10.0261	13.2544	14.6501	12.594	12.6319	20.2458	23.6862	8.72834	7.6248	6.25203	10.4902	13.3522	10.2621	10.2027	13.5452	10.7475	9.3207	5.93421	7.09085	14.4198	10.5937	3.9979	4.78681	3.49655	6.03839	3.90182	1.68991	2.31524	7.76778	3.28198	4.14888	8.24149	5.96837	3.4234	4.03299	4.80293	5.79774	3.51013	3.20907	2.87623	2.7811	1.6423	0.890868	1.51168	3.75347	6.00726	2.64716	5.22906	2.03087	1.14085	8.28414	11.4791	9.6556	6.70488	2.59264	3.50561	4.3273	3.22374	2.93623	5.955	5.70802	3.83265	4.28336	3.80358	2.54954	2.38932	2.474	2.81507	0.908495	1.43628	3.38164	3.80358	4.62271	3.80358	5.66656	1.19511	4.14863	13.9594	15.2921	5.64448	2.76403	3.37703	15.2601	16.2855	8.50827	8.93696	11.9855	10.9355	8.73329	10.4597	7.60854	3.66848	2.42225	1.99134	5.91004	3.82008	8.89552	2.87081	7.98793	7.7998	3.99787	5.2738	1.78137	7.6735
2.62875	1.64216	1.12672	4.10636	8.92264	13.1226	14.3064	14.2789	13.5281	7.55298	4.1672	8.24046	12.3636	9.37175	0.959371	0.503943	0.796769	0.796735	5.64113	9.67383	6.47497	1.64225	5.11622	5.08856	1.0689	1.0689	2.38897	3.90144	3.20861	2.315	1.53236	0.398387	1.28462	1.28462	0.642392	0.908411	2.34218	3.84872	4.48773	4.03284	3.8199	3.9777	4.14845	4.44539	4.82878	3.20871	1.247	4.30483	6.78973	4.6528	4.94124	9.54649	5.90163	4.53304	2.7696	0.890782	3.20871	4.44886	4.89013	10.7785	12.0901	5.48619	2.49917	1.8164	6.1811	4.39177	5.8403	8.931	4.95718	4.54351	7.76739	9.62982	11.941	11.6149	6.42882	5.78097	3.58087	2.62875	4.15204	2.28043	0.959371	3.11357	5.08231	4.30118	6.34819	10.2772	3.55874	7.39911	8.92252	6.97088	7.5362	8.62257	7.60787	7.99679	7.68286	5.96748	3.1085	2.87053	3.37658	5.54867	4.78282	1.12669	1.28456	2.56783	4.29753	4.35943	3.03138	3.60299	3.15405	1.99125	1.59323	1.59323	1.51152	1.28462	0.890804	1.03882	1.53236	1.53236	1.03882	1.03882	1.43619	1.51152	1.46893	1.29686	0.890759	0.398387	0.563398	2.1444	3.1085	3.38131	3.76998	4.06397	5.53181	8.06037	10.9636	18.9992	19.7679	13.0662	9.0541	12.121	9.7619	7.86239	5.24672	2.71184	0.356337	1.92653	1.83379	0.734567	1.64225	4.53295	7.64846	9.93984	11.1263	16.0114	17.3803	13.5699	11.7088	19.31	19.2677	0.908411	8.87574	7.19686	11.9407	13.9498	7.91709	7.56704	12.8555	10.9803	8.43872	10.0984	9.48261	13.57	10.9622	2.5924	1.08363	2.98403	4.6223	2.64674	1.35663	1.14073	5.93329	4.33055	5.43467	5.43467	6.09985	4.16742	4.45945	5.18027	6.15324	2.72341	3.41857	4.92873	4.89029	3.34379	1.53236	0.398404	1.91821	5.00454	5.03287	5.88314	3.90568	4.12552	5.96748	10.4907	9.5673	8.11959	5.0545	1.25966	2.32178	3.8033	3.43698	5.2015	5.6855	4.18622	4.10633	4.63596	3.92973	1.28456	1.14073	2.31496	1.14073	1.79	3.04693	3.74043	5.43736	3.2478	7.14486	0.712646	3.66368	15.1104	17.4647	7.68897	7.76142	6.3534	14.4327	17.3036	10.1521	9.50636	11.9055	10.8875	8.46388	10.185	8.57065	2.84838	2.20279	1.68976	5.64396	3.16908	8.35012	2.14445	5.00449	6.77609	5.72665	1.89324	3.1086	3.90144
1.68959	0.890665	1.81618	6.67574	12.2852	14.6419	14.9217	14.6005	12.9925	10.7412	11.3198	8.45399	9.78574	7.15279	1.68016	1.12657	1.0688	1.28443	2.69394	7.09191	8.1701	4.92802	2.85367	6.39656	1.91801	0.796698	1.91801	2.64647	2.14424	2.23119	2.32155	2.14418	1.28451	1.46879	0.890696	0.563364	2.08436	3.84838	4.44505	4.03249	3.90127	3.84838	4.14808	4.57066	4.82832	4.27145	1.64202	3.80691	7.28407	4.90241	3.70185	8.34373	5.26096	4.06361	4.0944	3.20825	3.59823	4.09443	3.80284	10.2938	12.3285	5.96686	2.67037	1.51138	5.4368	5.86104	4.5325	9.86801	4.5325	6.21093	8.94762	10.0929	10.5405	8.15687	3.88489	4.28236	3.34331	1.68959	3.3995	2.78056	1.68016	3.11325	5.08177	3.5805	5.41082	10.2761	7.53125	4.32647	9.11904	8.62178	8.46302	8.151	7.83969	8.23204	7.21557	8.3898	5.76139	2.59223	2.51782	4.55319	4.28236	1.12657	0.796653	1.593	3.37624	3.75275	3.03112	3.60266	2.81468	1.89317	1.59309	1.59309	1.51138	1.46879	0.959319	1.25954	1.68966	1.53222	1.03872	1.03872	1.3912	1.51138	1.28451	0.734517	0.642294	0.178153	0.563341	1.3911	1.99099	2.64662	3.50945	4.06361	5.92489	7.61732	9.04467	15.3516	17.8084	14.5923	6.11219	5.50847	9.19947	8.1702	6.12742	4.74279	2.78056	2.20259	1.83363	1.19488	2.89762	4.12506	3.91717	7.17673	10.2644	18.2413	20.5261	15.6783	13.0915	19.961	15.8852	2.81449	7.41922	7.44217	13.5988	13.7151	7.91628	9.57116	14.1619	11.9497	8.26064	9.80345	9.15973	8.72654	7.03665	3.04136	2.47337	3.39965	2.49257	1.89304	0.90832	1.29678	1.75401	3.91744	4.95054	4.95054	6.25109	4.24199	3.59823	4.72282	5.1797	4.0634	3.88504	5.01675	4.61185	3.20845	1.96701	0.734493	0.796698	3.20845	5.08211	5.05727	3.90533	4.80215	3.6025	8.53548	8.151	7.8948	6.11957	3.42267	1.68966	3.43667	3.80294	4.62533	5.16471	5.15555	4.30082	3.92939	5.61554	3.78196	1.19495	1.85936	1.99099	4.30073	2.89769	5.66547	7.17015	2.67037	7.86331	2.56756	2.71146	14.6414	19.9474	13.3054	8.01955	7.43628	13.9873	17.083	12.3949	10.9334	11.6651	10.4083	7.53543	9.28056	10.1705	3.62872	1.92636	4.58762	3.03112	5.00405	3.97712	6.05788	2.64662	6.39668	7.39837	3.3995	3.24755	1.3911
0.39831	1.14051	2.86994	7.92533	11.9033	10.3415	8.15028	6.99405	3.76925	9.02503	13.863	11.3019	11.9688	10.8788	7.8373	5.12765	2.53021	1.25942	0.178136	2.93529	7.26433	8.69041	4.29687	5.47081	4.24135	2.42153	2.81436	2.49869	1.6419	1.52167	2.42144	2.39512	0.734425	0.534393	1.52167	1.89297	2.49233	1.60281	0.734443	0.796615	1.81601	1.08342	0.908235	2.34169	3.55814	5.00363	5.64305	5.73113	7.11738	4.45498	2.64626	6.75172	6.79557	5.87678	6.98284	7.02942	5.70644	7.56581	9.09318	12.7977	13.6108	8.321	6.27052	6.52185	6.71254	4.55628	3.50892	9.12476	3.90069	5.47081	7.30472	5.68427	4.73234	3.3992	2.08408	3.50443	3.22276	2.54889	3.42241	4.18532	4.65205	6.03435	8.66749	7.57192	7.06258	12.3081	11.7411	6.04473	9.57044	10.4874	10.8061	9.54475	8.55279	8.78002	7.44152	10.0734	7.76561	3.83152	4.62158	5.34045	4.45859	2.31455	2.17344	2.62836	3.88464	5.01624	5.29929	5.17948	4.19675	2.98345	1.61268	0.959186	0.712508	2.31451	3.10802	3.50457	2.84783	0.503819	1.28437	1.14051	0.642268	0.642268	0.890632	0.890632	0.563307	0.178136	0.796581	1.46861	1.95874	2.47965	2.96221	2.23096	3.20796	6.38876	9.2519	14.3035	16.4766	15.1443	12.5244	6.31768	5.44789	3.99652	5.05362	8.19589	9.16037	8.29147	8.34895	8.00336	4.73257	0.890587	3.04635	5.47089	8.77485	18.982	22.253	17.6241	15.4753	21.4635	16.0691	10.5955	13.1786	14.3027	15.8553	12.9633	8.45322	9.78333	12.6973	9.75829	1.89288	2.62836	3.6502	4.10553	4.09392	3.03064	4.15124	3.35714	2.59197	2.23096	0.642237	1.78079	1.78074	3.92897	4.13623	4.06319	5.50806	3.88464	2.87551	3.93694	4.69566	4.69566	4.61462	5.22766	5.81524	5.67348	4.53208	1.29661	1.24676	2.49869	4.22662	5.32289	5.17948	6.23295	2.89745	5.51646	7.5656	8.22386	7.01175	5.28127	3.1079	0.755744	3.07219	4.47625	4.82785	5.86066	5.51657	3.66731	5.66497	4.95623	2.76331	0.712508	2.78032	6.04442	1.81601	6.49516	7.71356	0.755744	6.45669	6.67532	4.66565	10.2929	20.1628	19.4525	9.00805	5.67348	15.1517	17.876	15.4083	14.3968	14.1338	11.806	7.41646	7.88617	9.98685	4.6519	0.890609	4.32597	5.02556	4.76875	1.28431	9.008	2.93536	5.7501	8.24633	7.38294	0.908235	4.69566
0.755638	1.96664	4.79801	8.6683	10.637	7.90899	5.16372	9.64147	14.7954	12.2189	2.646	12.1269	18.0974	19.2614	17.0734	13.1158	8.77444	7.03579	5.40138	1.64176	4.18505	9.10416	10.4998	7.60403	6.73736	4.48648	4.05509	3.26639	2.71692	2.47305	1.99067	1.03847	0.959102	1.2965	2.03009	2.26598	1.99067	1.29653	0.890554	0.755678	1.68928	1.43574	1.64178	2.96195	4.22627	5.16385	6.20995	6.2998	5.50759	2.76299	1.42467	4.27442	6.99143	7.81484	11.2539	10.6413	7.71301	10.0864	13.0116	17.8773	18.9464	16.1356	15.0352	14.6644	11.8119	5.50768	4.7749	7.26572	4.21491	4.39054	8.42317	7.14287	4.9558	3.03045	1.7895	2.52986	1.68928	1.29653	2.87516	5.01561	5.40122	5.96609	10.0382	12.9717	14.2585	18.3359	14.7319	2.56723	6.29205	7.7189	10.1866	10.4646	9.26895	9.94473	8.87849	8.40118	6.27229	6.84071	6.72821	5.89998	4.34005	2.54867	2.52999	2.47305	2.96195	4.65174	6.20995	6.45638	6.03383	5.37512	3.39898	2.02999	1.46848	1.67986	1.43574	1.78063	2.86964	2.59167	2.71692	3.06166	2.66994	2.39503	2.14391	2.03009	1.89281	1.78068	1.99067	2.25187	2.1438	1.67986	1.25929	1.25933	0.734379	2.25194	5.72521	11.8459	17.8501	21.0025	22.1468	16.9218	7.93282	1.39093	2.14391	5.47061	9.50417	11.083	9.85903	7.4162	5.51609	3.66265	4.90181	8.62055	12.6381	21.1764	24.1265	19.8411	19.1989	25.0127	23.1508	22.1784	23.8115	23.8514	21.8314	17.4952	14.0761	12.3135	11.2446	7.68073	3.81866	4.15103	6.1797	5.71702	4.53177	4.6245	3.42211	4.05489	3.20771	1.78952	2.52986	1.2965	3.80624	6.12866	5.39263	6.92213	8.77437	8.14992	7.02252	5.71699	4.44761	4.69191	6.35871	5.3546	3.43602	4.30004	5.95012	3.27121	3.27121	4.82742	7.83852	8.77441	8.55243	8.66857	7.83863	4.09376	4.53161	7.40122	7.77695	6.79484	5.47041	2.25187	1.14041	3.6671	5.61471	6.88371	7.63236	6.91296	6.59948	5.3282	4.09367	2.93511	4.98743	7.64441	3.66281	6.89483	7.61596	3.8842	3.39908	8.24597	8.38687	0.908173	14.6393	24.1185	22.6458	8.86294	16.5577	21.5601	20.6306	18.6333	18.0784	14.8807	9.02767	7.95384	8.85078	7.75894	1.46852	1.60267	3.56227	2.15127	2.37504	10.955	8.1687	11.2771	15.4586	16.7607	8.57567	2.89705
1.14023	2.91849	5.16309	7.53329	8.97387	6.31615	0.89046	7.27158	12.3209	13.8493	11.7963	6.02522	9.02201	12.3352	12.9587	11.6403	6.89432	6.06937	6.62009	5.46983	1.43557	2.52972	6.50616	6.42666	4.70494	2.15104	1.53176	1.35616	1.35616	1.03841	0.563198	0.178101	1.00737	2.27955	1.08321	0.734283	0.642113	0.755558	0.251879	0.251866	1.53169	0.56318	1.6025	1.51093	1.95836	1.61235	0.89046	1.43561	2.08367	0.890415	0.178101	0.356199	0.959035	5.5154	13.4865	12.3987	8.13162	8.93959	10.0896	14.8158	14.2159	10.4335	9.39964	8.38605	8.01133	8.47341	6.45538	6.15848	3.34236	4.32874	8.53132	7.6151	4.92663	2.85284	2.15104	2.32088	1.61236	1.35616	3.2659	5.41216	4.80066	4.2738	2.81382	6.75058	11.7659	19.7968	18.3912	8.85544	7.94745	8.35817	11.1357	11.4751	9.47054	10.0715	8.59064	4.53116	6.52538	10.1022	11.2357	11.9464	8.16196	1.28406	0.53429	1.14023	0.503748	1.51085	1.85876	1.64159	2.69316	4.69142	4.48579	3.14769	1.28406	1.28413	3.84723	4.55215	3.0406	3.04049	2.14362	1.99048	2.07614	1.78049	1.28413	1.14029	1.39078	1.64161	2.20194	3.28041	2.93472	2.34128	2.54838	1.64155	1.35616	2.47279	2.42106	1.92569	6.03306	10.1725	15.1329	15.412	9.28796	3.97604	2.07614	2.69316	1.61235	3.32353	2.69316	2.8137	6.35064	5.96256	3.92821	5.43555	8.45184	18.8071	22.3715	15.2428	12.4492	18.5099	15.8273	14.444	15.2696	13.6086	12.0972	10.9502	9.6023	8.46091	7.98033	5.5748	3.27074	4.97735	3.55746	3.18277	3.92825	4.97748	2.17302	3.28036	3.99575	2.15096	2.91849	0.642144	4.09313	6.39714	5.22348	3.3425	5.51555	5.12667	4.41531	3.6495	1.91753	4.16559	6.64571	3.50824	2.52972	3.73905	3.03006	2.64584	2.31411	4.32874	7.44639	4.97746	4.80077	4.27024	5.17238	5.57214	3.66672	4.4435	5.81385	6.18886	5.79499	3.49476	2.14362	0.642113	1.96642	3.93618	5.34224	5.85413	6.56083	5.17825	2.96149	2.07614	6.12553	6.96371	2.51719	6.34575	6.99038	5.75977	4.53113	2.47917	5.5748	6.58214	2.64584	16.3931	28.921	19.5654	7.44652	15.8297	18.3363	18.1002	19.2417	15.7588	9.01482	8.1012	7.05459	9.80014	5.43527	4.65115	2.34124	2.32084	4.53116	11.0745	10.4084	7.75848	11.7048	17.4691	14.8276	2.34124
0.712308	2.71045	5.46936	7.71154	9.72606	9.60615	6.2713	7.1154	6.67319	6.52447	14.8233	9.35595	0.642056	6.81868	11.6251	13.5215	6.89573	3.20715	5.02408	4.83285	2.47246	1.68896	1.19449	4.28101	3.84689	1.08312	1.08314	1.64138	3.07133	3.02472	1.43547	0.251857	0.907979	2.32068	2.54817	2.07596	1.4244	1.06839	1.28401	1.00733	1.14013	0.398215	1.43544	0.251844	2.47886	1.78917	0.796357	0.958916	1.53155	0.563131	0.251844	1.03832	2.47257	5.94897	12.5633	11.3899	8.77237	10.216	11.4963	15.7138	12.8021	5.68276	4.72123	4.53095	7.36626	10.0708	11.1052	11.5098	9.39391	8.99396	11.0792	9.52946	6.07387	2.87471	1.39066	1.12615	1.00728	0.642056	3.9478	5.75927	5.16264	4.76742	2.01393	2.59117	7.0869	15.9612	15.7011	4.98651	6.21867	9.02273	12.6448	12.2527	8.91835	7.92313	6.27099	5.89908	10.634	11.7141	13.0602	17.3582	13.4853	4.39701	4.55175	4.69119	3.42156	1.43549	1.78024	1.12615	1.64138	4.19536	5.02712	3.60116	2.23033	3.45365	4.01129	3.78076	4.1503	3.93596	2.54815	1.67962	1.83292	1.75343	1.59247	1.39066	1.03832	0.563149	1.03827	2.62751	2.67527	2.62762	3.20719	3.91584	3.02465	0.734237	1.03832	2.47257	3.20719	3.77229	8.04117	12.3436	14.4215	12.7852	10.4863	10.3347	10.9824	11.0153	10.4848	9.16123	7.91362	7.29646	6.56273	4.85253	5.78119	17.0961	23.9594	20.2988	16.5547	18.8392	14.8031	9.33502	9.71972	7.81317	5.74849	3.92787	2.59117	3.06092	5.01464	4.18415	3.07133	6.2909	5.07991	1.92562	2.66936	2.64549	1.43544	2.14338	3.66194	1.64141	2.02959	1.08314	3.3562	5.27975	6.11725	3.07127	2.81346	2.42073	0.796391	1.64147	2.89664	4.45734	5.51492	1.99022	1.52124	1.4682	1.00733	3.55723	5.61368	5.51228	6.03241	3.26561	3.73865	2.32063	0.907979	2.94531	5.08016	6.33805	6.21867	5.72937	5.1778	2.81346	1.53155	1.75336	0.958951	4.10442	6.05577	6.02469	7.13063	6.06343	4.01129	3.39843	4.62011	5.02399	0.534243	5.64953	6.29829	6.2909	6.0686	3.83864	3.83855	6.52447	2.71627	9.62969	29.0511	25.5145	3.02995	11.1671	17.3582	20.8664	24.4323	19.5307	9.66296	8.55228	7.43331	11.0189	8.91648	1.08314	5.15363	2.94531	4.6506	11.3104	11.7135	3.42141	1.96624	12.2136	17.5314	10.7485
1.59233	0.356133	3.80114	7.61405	11.6282	15.0234	15.0657	11.3193	5.61312	6.27035	12.6152	11.4261	8.53742	2.37441	7.34678	16.6162	15.6853	8.1926	4.28034	3.02427	1.67936	1.81532	3.94738	4.53048	5.50601	3.97524	0.398179	4.78342	5.00176	4.14974	3.7001	1.89228	1.68886	1.75327	2.15066	1.78018	2.38773	3.78043	4.41454	3.54354	0.890273	0.958864	0.251835	4.84878	7.94802	5.40854	3.52997	1.59233	1.43532	0.534191	0.563073	1.99001	4.44635	7.0864	10.7907	10.5682	8.84819	10.8674	11.9778	15.8266	13.667	6.58089	4.26575	4.22508	6.93123	8.83296	11.1341	12.959	12.7354	15.0914	16.3804	12.3297	5.63821	3.9753	7.17375	8.26797	7.62023	5.29734	4.26943	5.57085	5.51434	3.45317	1.75327	5.35312	6.47117	11.3623	14.3439	9.4077	8.66611	9.70631	13.1936	12.7081	9.54949	7.0204	2.13584	4.70397	7.05334	3.02445	6.5596	20.3476	19.3614	5.813	4.22508	3.20682	2.59091	0.890273	1.83265	1.61204	1.789	3.80104	5.3384	5.34145	4.91323	4.9482	5.00182	5.42015	6.70089	6.39635	4.41454	3.1673	2.86896	2.47872	1.78898	2.86885	6.94926	11.1274	12.7831	9.45803	3.37478	0.796319	2.15066	3.77199	4.45696	3.22159	2.02941	2.54781	2.89632	2.32048	3.5434	7.89925	12.7037	13.2198	10.3338	8.84868	8.53024	9.07643	9.35395	8.91613	8.07534	7.88352	6.93123	4.69414	5.22282	12.7816	23.5197	29.2918	31.0423	32.1351	28.1893	17.0797	11.8781	9.51583	7.8541	5.72361	3.1473	1.61204	4.41423	3.7001	0.890243	5.32945	7.32104	3.43488	3.41665	1.14009	0.712239	1.52103	2.98222	0.734169	1.5211	2.71031	4.26943	4.39646	4.44265	3.52997	2.32054	4.69077	4.44295	3.01924	2.54795	4.79988	6.03454	3.99524	3.70034	4.93873	5.96181	4.73082	3.18221	2.08337	2.89618	2.32045	1.43529	2.62739	4.58576	6.90217	8.72809	8.78773	6.74947	2.08337	4.27321	6.68221	5.63821	4.65031	4.27298	4.80006	8.82952	10.5658	10.9411	7.68466	3.8832	3.0608	3.20682	4.9257	2.42064	5.9221	6.58104	7.22517	6.39355	2.93417	1.43529	4.53029	4.26943	2.59091	23.9046	30.7517	19.7498	8.0158	10.1298	14.0093	25.1644	24.887	13.4416	9.15662	7.30199	11.546	9.92497	2.56635	2.71615	3.9753	2.87445	12.66	14.1721	7.31485	0.755412	6.94692	16.1071	19.3596
1.42412	1.46791	0.356099	2.27903	4.69031	7.22904	9.24105	8.53655	5.39924	6.68824	8.08182	8.1524	9.62501	9.39352	3.73793	9.28864	16.4345	13.4436	8.2256	2.89593	0.563022	1.53126	5.29652	4.30196	4.52986	5.43375	1.77994	6.19471	2.5476	5.79335	5.48254	1.67929	1.81515	0.641932	0.958731	0.356099	1.77994	3.37444	3.14697	4.01042	3.06033	0.71217	2.47198	8.33177	7.51083	7.99929	6.76687	1.13997	0.734095	0.178051	0.356099	2.91767	5.96089	5.7337	9.62786	12.0079	10.2971	11.2296	11.3997	14.4637	12.7579	6.45358	3.73793	0.53414	3.18174	3.34143	3.42075	5.79338	3.75073	9.91048	9.39361	5.22228	8.64358	10.5229	9.11418	8.80083	8.22027	6.02368	2.3203	4.52986	5.29652	2.7847	3.32251	5.68167	4.28005	5.41064	9.92418	6.91257	3.77162	5.68159	11.9216	11.8069	6.22738	4.35662	3.60059	5.98452	6.7487	8.91006	9.76197	20.5195	20.8579	2.87405	3.94703	4.18334	2.67477	0.56304	2.627	2.32023	1.96588	2.72159	3.56088	3.80076	2.94474	1.9899	2.70993	2.9339	3.22127	3.02413	3.02929	1.68868	1.61189	1.52089	3.16681	6.89219	10.5675	13.0294	13.0069	12.5613	8.4584	2.32025	0.890209	1.13991	2.81294	3.24563	3.22124	4.29467	2.56612	0.503606	1.24617	1.76202	4.79931	6.64385	4.55064	4.22449	2.762	2.84648	2.70993	2.01354	2.59067	4.16068	3.35555	1.00708	0	2.13563	7.89846	15.3942	20.5273	25.4369	26.0199	12.9507	5.8017	5.50546	5.16173	3.01892	2.66884	1.68868	5.50537	4.84822	2.64512	3.34143	6.94604	6.78523	1.68868	3.26982	0.641932	1.12593	2.42026	2.0292	1.29603	2.14304	4.22451	3.92711	3.97493	4.49507	3.27956	4.05353	4.22462	2.5476	0.71217	5.65952	6.50416	4.58528	5.02953	6.03409	4.91272	3.10643	2.56624	3.02413	2.89597	1.75302	1.64109	3.37444	4.29484	5.00127	4.18343	3.20657	1.92525	4.48453	5.61256	7.33762	6.15698	5.85249	7.92939	4.45642	4.45659	8.13715	11.8323	9.11381	2.51635	0.734077	2.42026	5.63738	3.15195	5.35254	6.11613	7.41509	7.5147	3.93508	2.14304	3.03964	3.20159	3.82957	10.5042	23.2385	22.3317	10.8516	10.0508	8.54892	18.4691	23.9404	15.6955	10.5802	7.12489	10.9688	9.484	3.43457	2.42029	5.79335	4.12272	9.91048	14.8812	12.6306	3.97488	0.53414	4.64985	11.5506
0.562964	1.68853	2.8128	3.60029	3.80463	3.0291	1.2587	3.15154	5.87861	8.33845	8.16482	6.84426	8.14204	10.1281	8.66432	6.02312	11.3071	12.6949	12.0514	5.71398	0.712101	2.51614	3.84556	4.2389	1.98966	6.38514	4.54008	3.66085	2.91756	5.89712	4.41338	0.907738	1.67904	0.890071	1.03796	0.562988	4.61197	6.84645	7.52679	8.1364	6.22675	1.12582	2.78441	8.50105	7.01906	8.44842	6.53685	0.734027	0.178034	0	1.42398	5.89718	9.77485	9.0474	11.1856	12.8459	9.48315	9.07921	9.4556	12.8734	11.2283	5.89709	4.62228	4.0298	5.12476	5.89728	5.98409	7.08725	4.6326	9.76067	6.91862	5.77955	12.6868	12.7463	6.74339	5.82006	8.02191	8.30888	3.91471	3.45251	4.77914	2.77871	2.96035	5.48198	3.15154	3.15166	8.77024	13.7743	14.9009	13.8602	13.2916	11.3537	5.75757	1.92495	3.10614	4.55366	0.356064	5.50209	8.1913	17.8227	18.0085	2.31313	4.49462	5.12459	3.26946	3.30806	5.50481	3.26464	2.51614	2.20104	2.32003	3.15166	3.54286	1.98974	1.24604	4.01014	5.00085	3.64815	2.32003	1.0828	1.75284	2.37388	4.88639	7.31964	8.20406	8.54979	3.83755	7.82065	9.71217	5.63982	3.20628	1.641	1.85805	2.01333	2.25077	4.32349	4.78267	4.27245	3.66536	3.91471	5.63959	7.16541	5.27818	5.12145	5.14909	8.50153	12.7167	14.6627	13.2808	8.57138	2.89562	0.890071	0	0	0	2.38713	6.96107	17.7994	26.8943	19.4321	14.0709	11.8974	6.94578	3.02898	2.02902	3.24539	6.19413	4.67292	3.69963	4.68987	4.49462	7.30053	3.01844	4.01014	5.17658	3.30806	1.68846	2.52862	1.13979	1.19408	4.09156	3.77109	3.42039	3.90249	2.47172	0.641906	2.72132	4.12239	4.0298	6.12568	6.67122	1.35558	0.641906	2.56585	1.43507	5.25747	4.72991	5.63713	5.445	3.57832	2.66859	2.64473	1.46776	2.17207	2.32	2.02909	2.37395	5.96291	3.41576	3.66517	4.84765	5.75757	7.33021	5.9499	3.06021	5.08767	10.4827	9.33207	8.2477	9.35875	8.2421	5.16128	1.52073	3.66514	5.66171	7.60207	8.88121	6.21683	2.38727	3.03933	2.66859	4.0568	2.49091	13.7662	21.671	13.8186	9.60343	6.59641	12.9833	20.2895	17.9733	15.4762	11.0705	12.21	9.28756	2.42004	3.22092	4.33792	4.68962	7.44568	14.6797	13.0038	3.97447	0	0	3.18141
0.562913	1.68836	2.81251	3.52916	3.80423	3.49319	2.02883	1.53104	4.52916	7.43681	7.85571	7.05812	8.89257	9.51291	7.88124	5.18513	5.14846	10.0291	14.047	9.29829	1.59179	3.37368	1.46763	3.50658	3.34078	5.25709	4.44163	1.8148	4.2682	3.74993	2.17188	0.907647	0.958545	0.641808	1.03787	0.907628	7.36335	9.45495	7.52601	10.5955	9.23889	2.07506	1.24592	5.52708	6.5031	5.19711	3.55568	1.29575	0.398044	0	3.18113	8.66333	10.9669	9.36573	10.4241	11.5546	8.61532	7.46161	8.24085	11.9119	9.77376	4.78206	4.14863	4.02938	5.25709	6.0535	6.26877	6.918	4.94675	9.53849	6.38455	5.89674	12.9034	12.3087	6.74274	5.81945	7.66652	10.3934	6.55775	2.22937	4.27914	3.27881	1.75269	5.00331	3.59977	3.15134	8.56368	13.3571	14.8877	13.5115	10.4039	7.1193	4.05644	0.733935	4.22368	3.88195	3.77911	8.54902	9.69886	15.2784	13.893	2.54709	2.84593	5.77879	7.75645	4.12198	9.26039	5.46718	3.37368	1.98947	1.83222	2.81251	3.66496	3.45225	2.54709	3.41564	4.8861	3.99403	1.83222	0.890015	1.98945	3.26919	5.56931	5.6363	4.5394	7.05134	5.98337	2.4779	8.05359	6.91123	4.2682	1.75275	1.24592	1.00689	1.42384	2.93341	4.29768	4.38821	4.00974	4.08745	7.05346	8.39638	5.77602	6.10212	8.66333	10.2244	12.7154	14.5659	17.4614	15.4681	3.64758	0.641808	0	0	0	1.06798	4.0527	12.2896	24.6471	20.3074	14.0694	11.9713	8.72009	6.10726	1.03792	4.49774	5.77612	4.27923	4.64896	4.48389	2.01326	5.81916	6.0197	3.76674	5.31935	4.7985	0.907647	2.52839	1.39005	0.534036	4.0912	5.27178	3.90215	3.42009	2.22937	0.733953	1.68836	3.30772	4.0914	3.7499	5.92821	1.83213	0.733953	2.56562	1.19403	3.59548	4.66254	5.7137	5.02543	3.45237	1.98954	2.41982	1.06798	0.534036	1.9655	2.02889	2.67425	4.52902	1.19398	3.43391	5.08722	5.02519	3.90215	4.97511	3.92639	3.89812	7.54617	5.74637	8.00388	9.37736	8.3379	4.32683	0.641839	2.9171	4.69253	6.00158	7.81018	7.19084	2.86806	3.5021	3.24501	1.98947	2.49067	8.72009	20.5316	15.4804	8.06722	5.66972	8.1902	14.2737	15.9842	16.6252	14.5961	15.004	9.77376	1.78846	2.51594	1.06798	3.54239	9.4742	16.8543	9.07681	1.7796	0	0	1.42384
1.64063	1.4675	1.52052	1.35539	0.562864	3.02328	5.94901	6.73537	5.54373	3.90995	3.16592	3.73695	7.73794	9.18345	8.33712	9.35205	10.5434	11.2683	13.6397	9.4975	2.07488	3.99351	3.15097	6.34742	9.82283	1.67882	2.07488	3.84489	4.021	1.12562	1.12562	0.178001	0.755133	0.907549	0.398009	1.12562	7.41092	9.00305	3.01807	8.77348	9.97489	3.66452	0.641783	3.76629	4.61802	4.33738	5.01247	5.00308	4.21229	2.41968	5.24454	10.623	9.31067	6.595	9.15657	10.9079	7.05073	4.8468	5.94876	10.9659	12.1298	10.5605	9.32256	8.90759	11.1015	12.2316	11.247	9.47375	7.91975	10.9081	8.98976	8.14455	12.5352	10.6515	3.71153	0.73387	2.31953	7.99124	9.01007	7.57456	7.39238	6.45204	5.00308	6.29542	4.78164	1.67874	7.08357	4.33716	3.84507	5.6803	5.79203	4.3878	2.674	0.562864	4.27141	3.02836	5.14801	9.72602	8.38097	12.667	11.2264	2.17169	0.889914	4.69212	9.27284	6.36449	9.94899	6.05281	3.80371	2.62626	1.89154	1.89154	2.14241	3.27852	3.7495	1.35534	1.6016	3.22033	2.4968	1.98936	2.66809	3.4336	5.18442	4.5286	2.39331	3.89778	6.55966	6.14774	4.44465	5.52648	4.66189	2.84568	3.39682	3.5996	3.11077	2.37351	1.35534	1.53083	2.52817	2.89511	6.49029	8.84496	7.36904	8.00663	11.4491	9.59668	4.876	3.5996	16.3044	18.2995	8.4962	7.08393	6.15536	4.97481	3.18098	1.59172	0.733888	3.59943	17.5616	15.7533	7.94897	8.40152	12.0794	13.4008	10.467	9.81998	8.27592	5.3978	4.97467	1.81468	3.99354	6.42521	8.61982	3.81612	2.47777	5.86425	4.55301	3.83683	2.81224	2.5283	4.70221	6.19298	4.32631	3.15097	2.37345	1.03783	0.641751	0.71197	0.398009	1.19387	4.29346	3.71164	2.77837	3.22033	2.38681	2.38681	2.16443	3.35461	1.64069	2.31953	0.398009	2.38671	2.51572	3.51991	2.77837	0.355999	1.59165	2.54689	2.89527	3.73274	5.01228	3.69873	1.6016	3.57317	4.98411	1.24581	5.50383	3.06987	1.68821	0.907567	3.77043	4.39834	0.503438	2.17169	3.73689	4.66194	6.15514	7.64145	6.04006	2.66809	3.02836	1.96531	5.04972	5.04679	17.1704	16.6917	8.55402	6.24591	7.96044	10.8996	11.5639	13.4704	14.1286	16.737	11.3543	1.43476	1.28334	4.80788	7.65786	8.83645	14.4185	6.67943	1.4348	0.178001	0	0
3.45166	2.87304	2.3194	2.14219	2.26411	2.31252	3.26871	4.58351	5.1599	4.79771	3.0593	0.177982	5.29468	9.70031	10.9762	10.8365	9.80041	7.49977	8.84404	6.76887	2.17146	3.7491	4.14768	1.75242	9.26191	2.17146	2.69137	3.90954	4.99929	2.72054	0.95836	0.755093	1.42357	1.06777	0.562804	0.795895	5.31811	8.11114	3.04369	5.0492	10.6092	8.48252	4.27118	7.61025	8.31956	8.25277	10.1076	11.9303	13.0835	14.0283	14.7913	12.9162	6.90991	5.22001	10.5819	10.7674	3.80331	2.67374	6.05246	11.3892	14.3813	14.1154	13.3953	11.1855	11.0117	12.1949	11.655	8.99062	7.66506	10.2565	11.4786	10.7427	11.4167	9.68119	5.17502	3.97352	3.04369	4.2674	8.33631	11.9977	13.1947	11.8939	9.85922	9.52881	7.22174	2.91654	7.50796	10.2194	6.07037	3.15064	2.31252	4.21185	4.72851	4.53874	5.86367	5.55718	6.91667	10.4655	8.78837	11.6235	10.2369	2.41935	0.355961	2.67372	7.31146	9.40809	8.66014	3.41947	4.19294	3.45154	1.08251	1.7793	2.2502	1.5203	2.69137	3.39639	1.68803	1.42357	3.8035	5.22027	4.78132	3.32131	3.27817	4.22289	3.7993	4.29318	6.05246	7.20692	5.52619	4.82365	4.78109	3.50591	2.08235	2.86756	3.03857	3.43324	3.73649	4.52828	6.23519	6.78063	6.94359	7.44359	7.02343	8.62605	11.7312	9.17568	4.78127	3.94571	12.0331	14.2792	10.8629	12.1706	13.7032	14.2256	12.5379	9.58812	7.75337	7.12684	11.5029	11.1594	6.26757	5.17505	9.46472	14.1814	14.0575	13.1432	11.5529	10.3333	9.70823	8.05218	7.85594	6.69729	9.79992	3.76589	1.42357	2.76086	3.66425	2.86756	1.13953	0.733793	4.38715	5.56821	3.50591	2.86743	3.27822	3.35442	4.0597	2.77807	2.02852	2.47751	2.66781	0.251697	1.83186	3.39636	1.98915	1.83186	3.0229	5.22006	1.59148	3.06955	3.27834	2.49654	2.5466	2.14221	3.55518	4.93312	4.68848	3.74928	3.6643	3.37314	3.02283	2.33968	2.77807	4.19315	6.44165	4.67158	2.69141	5.12326	3.41498	1.77926	4.41215	3.27817	2.47114	4.38736	5.85039	6.21509	6.03939	6.4993	6.23503	2.51551	4.82365	5.04929	5.67955	4.7185	12.8921	20.5381	19.6177	14.76	10.3156	9.23563	9.3097	11.2065	11.5185	17.3252	13.7025	1.98909	0.503385	8.72521	10.8697	12.7433	10.0425	4.6614	2.49652	1.25832	0	0
2.6735	2.49632	1.64031	2.39285	2.77769	2.16402	2.41924	2.17138	0.958276	2.37305	3.4514	3.74884	1.13937	2.93258	4.10169	2.4963	1.08239	2.66765	7.49888	7.28939	2.54637	2.67348	1.95688	8.15624	7.7705	3.02784	2.31236	3.8279	6.0207	4.8749	0.641627	1.08239	1.25823	0.251689	0.397932	0.795859	3.81539	7.54407	5.75545	3.64675	8.56827	9.49579	3.69821	7.99554	6.06977	4.29281	5.72032	7.29824	9.11	11.9293	12.4953	7.22351	1.98898	3.11002	10.8294	11.1625	4.45442	3.39617	4.29281	5.25562	7.25751	5.68729	5.51141	4.35447	4.19257	7.90227	1.46722	2.64373	3.30662	2.64375	3.62503	3.05903	6.02841	7.75231	4.4438	4.78085	5.44275	1.19364	2.93251	6.0389	7.39097	6.27211	7.5072	9.3089	8.04164	7.79008	5.04582	10.9227	10.3601	8.76686	6.78905	4.02022	3.32102	4.23754	5.86316	5.0115	7.09117	9.49579	7.16935	8.62531	9.15146	3.59876	0.733728	0.503368	2.25001	3.84433	3.65967	1.75219	4.29628	2.14195	1.61113	1.38966	1.08239	0.397949	0.795859	2.69117	3.24415	2.24993	2.85067	3.41928	2.76644	1.53061	0.733728	3.04346	3.83609	2.98063	1.60129	1.85735	2.56503	3.27801	2.86717	3.33984	2.31913	0.755027	1.53053	4.68786	6.02841	5.72015	6.75239	6.83709	7.51147	8.00535	5.85514	5.3965	9.75713	10.3863	8.46017	7.39315	8.11239	7.63172	3.18037	5.41703	8.07073	9.64438	10.7963	8.76693	7.36162	7.99003	9.36314	7.4284	6.16658	2.81172	1.43451	3.71081	3.99291	4.38695	4.21148	5.29429	6.26712	9.20492	11.2351	5.0858	8.68918	3.73625	3.83609	2.52781	1.25823	0.562773	1.95688	2.22885	5.63473	5.46565	2.94323	3.59873	4.29993	3.38211	3.89718	3.71092	1.92433	2.66758	4.00862	3.83609	1.61113	2.89456	1.19364	0.907373	1.08241	4.80695	5.79875	2.51524	3.33998	1.19369	1.60129	3.2441	2.86717	4.54872	5.9478	3.38211	0.907392	0.533886	1.12544	2.25001	1.6785	1.43455	3.88086	6.89791	2.14195	2.85067	2.66758	3.30662	4.91015	1.43449	3.74884	3.89721	5.15021	5.83367	5.92656	6.38992	5.32646	1.29538	5.94503	3.91323	2.47721	2.62576	1.64037	8.76693	13.199	10.9888	4.45448	4.58288	7.87879	10.581	10.367	18.1667	15.2241	1.81433	1.77906	10.8336	14.5792	7.29819	7.46816	3.02793	1.35508	2.47081	0	0
1.03747	1.68766	2.31893	3.41891	4.1013	2.85041	0.907307	0.907307	2.3189	3.10467	1.13932	3.52762	2.52742	0.177949	2.78309	3.10467	2.98035	3.41438	5.71128	7.05074	3.26794	1.64011	5.81693	4.63012	0.958224	1.19359	7.55803	9.35438	3.97282	5.80888	3.41877	7.52734	9.63249	5.60099	0.795788	0.397913	2.71417	7.05524	8.48098	6.83427	5.86255	7.01544	2.37283	5.6452	4.64714	4.32523	4.88429	5.26713	5.24029	5.08227	3.35361	3.76535	4.13195	2.54625	8.26196	9.85699	5.63717	3.99258	1.91591	3.51868	6.40141	3.76931	3.02226	5.33769	2.3189	7.71154	2.86694	1.98869	3.73166	2.93231	2.6436	3.52786	6.4016	7.94633	4.66057	3.02755	6.67747	3.20471	3.41877	6.06388	5.50221	4.0279	8.35114	10.9998	10.4593	10.8965	5.51089	5.89431	5.92594	5.5418	7.46701	6.44988	2.89425	0.889709	3.92487	3.62469	4.2922	7.78927	7.28227	8.27699	7.36688	3.27754	1.77899	4.19241	4.48223	2.6436	0.958224	3.41414	4.72737	2.69092	2.47707	1.96474	1.25808	1.03754	1.35501	1.08231	1.64011	3.30628	3.59836	1.43434	0.503323	1.46712	1.43439	0.251649	1.95669	2.86699	3.19977	2.47055	2.31215	3.84399	4.22227	4.49613	4.29242	5.67871	8.14227	10.0408	9.64968	7.85279	7.0905	5.94725	5.52507	5.17394	3.38181	2.72003	4.52728	7.33343	8.72235	8.82729	6.65682	3.71044	0.958224	2.64348	3.65912	2.89445	8.18747	10.49	10.0817	9.47112	9.708	7.39452	6.22642	2.87253	3.57214	3.62469	2.41902	2.91598	1.12529	1.19359	2.94293	6.50044	12.2436	7.98741	8.50807	3.81521	1.19359	1.0065	1.46712	1.85724	2.41899	4.6168	5.51084	3.41414	3.55887	4.79344	6.57425	4.84862	0.177949	2.515	2.98035	1.08229	4.14688	4.39734	8.15553	5.92634	1.89101	0.889679	1.64023	2.67322	4.60979	6.88853	3.74862	0.641602	2.01252	2.58918	4.90963	2.47055	4.10119	4.9983	1.50966	1.91591	2.89445	2.26383	1.53037	2.31215	3.97266	7.28864	4.53766	0.907307	3.20462	4.66051	4.4113	1.77899	4.39354	1.92416	4.22209	7.36472	9.05467	8.27699	5.50233	4.1013	6.57425	4.08591	2.31204	1.89088	2.1638	2.14188	4.60634	9.53514	9.88204	3.39587	6.6844	11.1614	11.413	18.4807	15.716	2.26368	3.66362	10.1052	16.0856	5.27569	0.397891	2.47695	1.67835	2.386	0	0
3.9446	1.29517	1.5095	3.10448	4.32112	4.61965	2.8667	1.28291	1.857	3.39533	1.96457	3.91248	4.26981	2.0817	3.90048	6.14538	7.63066	8.61699	8.6098	7.83036	5.94666	5.77624	6.56423	4.00775	0.889615	2.77715	8.90893	7.29679	11.538	11.6928	13.0312	15.9533	14.04	11.6152	0.25164	0.50327	0.795672	4.12003	7.55729	8.9608	7.27558	4.27724	1.63999	3.27738	6.02751	7.16827	7.46465	6.77879	5.80857	7.9164	7.02147	5.11883	7.36444	7.18771	6.02738	6.01686	3.59372	2.97996	2.2495	5.0818	5.47606	2.52719	2.54596	5.22173	4.66034	4.77978	4.60593	6.38895	10.0127	11.4493	11.4454	10.6975	8.29696	5.34899	2.76576	0.795672	5.14922	6.81533	6.1123	7.50576	7.73499	6.42059	10.0247	13.9627	15.495	17.0051	13.5313	8.6116	8.69662	8.76519	8.99982	6.78775	2.69061	0.733587	1.64003	4.0547	6.23345	8.48732	9.04549	8.87626	5.69991	1.96457	3.59807	6.4664	8.28028	9.67884	9.00684	6.29321	6.59259	5.80857	5.39575	4.41114	3.45074	2.89415	2.81118	2.77729	2.87224	2.69061	2.52719	2.1636	1.29513	0.795705	1.98857	1.61083	0	1.68756	3.37681	5.56945	6.09168	8.38003	11.3174	11.9969	9.49433	9.23499	12.8393	16.5414	16.608	12.792	7.46465	3.66322	2.81106	3.1647	2.0122	1.28285	1.81398	3.99216	6.06365	7.3265	6.35233	2.48949	2.67299	3.59378	3.41852	4.10086	7.08122	11.8907	14.7668	16.608	16.8324	13.7251	10.1572	9.2433	9.17348	4.14293	1.25794	5.31663	2.14165	2.07408	4.41091	3.99216	12.086	12.3951	8.14144	3.74823	2.71983	2.51475	3.74816	5.2755	8.06157	10.0035	7.02845	2.13421	2.54591	3.14976	6.26564	6.11203	2.0122	2.17096	3.38146	3.5761	6.40105	6.57606	1.03743	1.63999	2.1998	1.03743	2.85014	4.10094	7.00382	13.2502	14.4538	5.54131	4.64685	3.14487	3.14471	3.10439	0.795672	5.01978	3.20444	2.33906	1.19346	1.50942	2.77715	1.38939	3.02199	6.58305	6.81277	2.97996	4.79625	6.61371	4.14659	3.93259	4.29558	2.02795	3.41857	9.37096	12.0262	8.04011	3.9003	2.56441	4.77646	3.37209	4.10082	3.39533	1.98859	1.89081	4.29565	9.73223	14.6929	12.4141	5.15843	7.75083	11.7625	19.5013	17.75	5.87253	3.38146	10.539	13.4349	4.44992	0.177932	1.25798	1.64005	1.06747	0	0
4.35332	3.87972	1.53007	0.889477	1.92367	3.26731	3.14944	1.35468	2.22809	4.76284	3.91208	3.94416	6.50392	4.82821	3.1042	4.41075	5.04441	5.32229	6.83973	7.77431	6.67651	5.94353	4.35332	1.60082	0	2.33879	9.44957	10.8819	8.90327	12.4705	12.1021	10.9319	14.5332	15.9591	1.61066	0.641436	0.533731	0.2516	1.25784	2.31171	3.50477	3.52718	3.02185	2.6669	2.95857	3.33904	3.59344	3.37174	4.8959	9.12699	8.88215	3.99159	3.39521	4.87376	5.00071	4.7958	3.73095	4.32062	4.66981	5.08129	3.37174	0.795589	1.2828	2.41852	3.26266	3.62399	7.10862	8.76419	7.46608	8.93092	9.17442	7.67236	4.0582	0.177915	2.41852	2.31848	1.29505	4.14256	4.9345	5.87472	6.49675	4.4389	4.26955	8.4938	9.92005	13.283	12.6776	5.89352	9.00574	9.59714	8.86358	5.50141	1.83118	0.562612	1.19336	2.31159	5.86143	6.43913	7.02074	8.36956	4.38547	1.35475	5.52378	6.73176	4.43907	7.14383	8.53557	6.19029	5.36888	5.08129	3.1446	3.16458	2.64312	1.98841	1.59096	1.98841	2.8109	2.22822	0.711626	1.63983	2.19958	1.59087	0.711626	1.77858	1.63988	0.907132	1.89052	7.62947	8.86316	6.92525	7.70455	9.64785	7.43052	4.61579	9.37002	12.1657	9.24076	7.67832	4.05027	1.91554	3.62399	4.08512	3.38116	2.31848	1.25781	2.02777	2.5271	1.53018	2.64294	5.01916	3.57573	2.67271	1.61066	4.02684	4.76939	2.6904	5.14585	9.44982	8.85329	8.22907	6.02184	6.7322	8.85302	7.08013	3.55816	5.56612	1.63991	3.76446	3.944	5.95632	3.77719	5.67752	3.38113	2.26324	1.19336	2.24937	3.76446	5.14567	6.44901	5.83222	5.34846	5.24198	2.3723	3.87972	5.15769	5.64411	3.64547	1.13903	3.6627	7.22319	5.07537	10.1217	9.16771	5.31637	0.907132	0.733513	3.55363	3.66277	16.2898	10.5596	20.9708	12.5041	2.6669	2.66681	0.251618	3.02699	2.89376	2.22809	2.97966	0.397814	2.67271	2.71958	0.754762	2.37237	1.95631	4.41045	8.16855	5.9248	3.59337	7.28088	3.83487	3.06833	1.60082	1.13903	0.641478	7.75606	12.7066	10.0492	6.72968	4.10057	5.19408	1.51979	3.41812	6.76168	3.79788	4.05048	3.90807	4.2951	6.75046	11.0743	7.34052	2.84984	7.82936	19.7106	19.4958	7.31481	5.50963	11.9926	11.1593	2.134	0	0	0	0	0	0
7.22928	7.98486	4.00698	0.733445	1.2826	2.19937	3.38083	3.93183	4.56413	6.3803	5.94552	4.61544	6.81376	5.56838	2.17043	0.795518	0.355792	1.19318	3.52663	3.52663	2.02746	2.52671	1.13893	0	0	0.397778	4.84725	13.1007	15.2493	14.7258	13.9634	13.2075	18.8025	16.1018	5.33637	4.52619	2.62486	0.957906	0.355792	0.177898	0.53368	0.503173	0.177898	0.889443	2.41828	4.43862	6.27956	6.70366	6.55588	7.37319	7.55554	5.52341	3.66254	2.39205	1.98815	2.56391	2.19937	3.7474	4.98124	5.3216	4.61544	4.51928	4.51928	3.59308	4.26899	7.01385	11.0801	12.4793	6.3876	7.14309	7.60688	8.94536	8.86271	5.52347	1.25774	2.02748	3.14915	1.03718	1.25774	2.66648	4.93057	5.23852	0.53368	5.3362	6.04944	9.9937	12.6916	5.87166	7.05325	6.04932	4.53638	2.75963	4.05778	4.29482	3.27679	4.0499	6.97361	6.91339	7.08188	7.61874	4.33466	0.889398	6.14136	9.1044	7.81102	7.7974	8.70916	8.1851	5.95868	4.08857	1.25776	1.53001	2.02756	2.54549	2.46997	2.14859	1.96419	1.53001	2.02756	1.98821	1.46665	1.59073	0.733463	0.53368	1.5908	2.46997	2.97948	7.31416	9.10607	6.87497	3.65809	5.1176	7.05325	3.27674	7.29507	11.3453	6.7498	4.4385	5.32146	2.95812	2.02756	5.31582	6.67583	5.99779	5.14821	2.71341	2.38543	4.27651	4.60524	4.26899	2.87158	3.43174	3.69678	4.98124	6.23209	4.43856	3.19884	8.12246	7.30794	8.94531	6.01853	0.889421	5.67681	11.6635	11.4772	9.98782	5.31582	1.78727	4.32381	6.41908	0.957906	2.54539	4.61876	5.70991	5.27449	2.84957	3.33869	7.79718	5.59925	2.89344	4.65925	6.51293	0.711557	3.62355	5.2176	5.65745	3.73473	2.02753	3.73473	6.77945	2.62486	2.89349	2.48901	6.12108	2.95812	2.58851	2.14113	4.11918	15.6021	11.8123	19.6281	15.4555	1.68718	2.94221	4.45277	2.91531	2.46986	0.397778	2.67245	2.47634	3.54004	1.98812	0.957941	0.795552	0.64138	3.1441	8.16784	7.32473	1.43393	6.58179	5.04988	1.52994	1.52994	2.08137	2.07378	5.34796	11.4154	13.4361	12.238	6.59151	2.37208	0.251591	2.81052	7.01348	4.58112	2.14859	3.26714	3.26702	1.96419	7.25696	10.3123	11.5567	9.46031	17.0007	18.6738	8.27092	7.20323	14.3062	10.5713	0	0	0	0	0	0	0
7.13373	10.6275	6.49561	0.39776	0.795448	1.2948	2.62463	3.73455	4.43824	5.8604	5.80695	4.27614	4.77847	4.58072	2.41797	0.355761	0.355761	1.43381	3.52632	3.52632	2.02728	2.52649	1.389	0	0	0.177882	2.31805	7.93978	13.4624	15.1078	15.3942	12.531	16.4639	12.4344	5.44036	4.94934	4.11882	2.66625	0.355761	0.397743	0.39776	0.503129	0.641323	1.63953	3.20348	5.86036	6.81108	6.33087	5.56808	3.87903	4.45221	5.14776	4.00672	2.75938	3.10349	2.56369	1.2948	2.89329	4.61495	4.98084	4.44887	4.51888	4.51888	6.11037	10.3929	7.93978	12.9638	19.5901	11.0272	7.13378	7.54092	8.60922	10.3815	8.60892	3.41751	1.03714	3.59706	3.02634	1.61036	0.957822	3.49946	6.19891	3.16381	3.91137	5.49743	8.56427	12.0713	6.84065	4.98081	4.84358	5.26486	3.94337	3.80137	4.36696	3.70917	3.21819	8.84434	8.69231	6.29137	5.01838	2.86582	0.641323	6.38934	11.9906	11.1088	8.14484	9.20083	8.45066	5.5231	2.76513	1.25765	1.52988	2.02738	2.46975	2.54527	2.02738	1.68708	1.68708	2.02738	1.89028	0.795482	0.711495	1.29477	0.957822	1.59066	2.39184	2.87143	5.63207	7.38092	6.38691	4.62841	2.24887	5.77179	2.86595	2.86582	8.73279	7.98417	2.17035	3.84233	4.68565	3.83418	5.07439	6.77686	6.63784	7.17033	5.92377	3.97117	4.44887	4.39564	2.02738	1.13889	3.14399	3.74718	5.36791	6.01786	4.61834	4.3919	11.2978	12.013	8.49425	10.6275	2.22769	3.74711	9.38829	12.5676	11.7557	7.25631	3.10349	5.94482	4.77844	0.533633	0.889365	3.41306	5.42891	5.41448	7.61195	4.80468	8.36827	8.46314	5.64313	3.20348	7.43734	2.56369	2.24894	6.3503	6.6306	2.81027	2.02736	2.81027	4.2979	2.62463	1.85653	2.48879	8.21977	6.66564	2.8659	1.63951	3.06783	7.6766	11.1696	11.7516	15.4542	5.5679	3.41761	4.54998	3.44972	0.641354	0.88932	1.76044	3.02643	3.76378	3.69627	1.24498	1.46652	0.88932	2.39172	7.43106	7.81413	0.957822	4.99645	6.88793	0.562488	3.52632	1.92342	2.07359	3.41306	8.46346	12.8978	13.3471	10.0897	2.37187	2.02728	2.81027	4.02614	6.55515	4.71571	3.0265	1.61038	1.96402	5.26809	9.72954	11.5712	9.19762	10.7742	15.2474	9.17061	8.86682	15.2446	10.8132	0	0	0	0	0	0	0
9.06608	9.61483	6.20076	0.71142	0.355724	0.177864	0.562446	2.17012	4.72537	6.66751	5.97839	4.90757	4.6585	3.24222	2.14071	0.25153	0.562446	1.68685	3.16348	3.16348	2.02709	2.87102	1.98774	0.562446	0.889271	0.889271	1.193	1.38893	0.906866	3.81318	9.78276	8.99659	10.7732	6.26076	3.20307	3.93095	2.39146	4.09936	4.52535	2.81009	1.2575	0.251543	0.889249	2.16276	3.31901	5.56455	5.07984	3.97083	4.26456	3.69589	4.84314	4.64497	2.68961	1.35429	2.67194	4.68873	5.89178	6.09721	6.83773	7.05211	5.63173	4.64507	4.27569	8.33048	13.8847	5.50531	12.6786	21.92	12.1621	1.42262	4.73525	7.94286	9.86183	7.61728	3.35202	2.27663	3.44929	3.44924	1.50884	0.889249	3.31901	6.5021	4.60416	2.31781	4.11839	6.96559	10.3845	5.07361	2.62424	4.23489	5.32044	3.91086	0.906866	2.22756	4.15646	3.81335	8.09243	8.493	3.66167	2.5449	1.67745	0.397701	5.39342	12.3575	13.7547	8.00077	4.99597	4.47983	1.52964	1.25745	0.251543	0.397701	0.397701	0.251543	1.43372	2.01153	1.92322	0.889271	0.795398	1.43372	1.2575	0.641287	1.46637	1.77807	1.77807	1.19295	2.19895	5.43962	6.26076	5.32044	4.89453	1.2575	4.46944	5.17159	4.14514	4.61438	5.63148	4.17904	3.0675	4.26812	5.08287	2.58794	2.71288	4.39495	7.50275	7.25964	4.05296	2.68961	1.67753	0.641256	2.07328	1.63936	2.64233	5.69772	6.35947	4.61787	5.85179	13.8056	16.4524	5.80641	15.6838	13.8979	8.37314	3.5172	7.43048	13.9661	20.5335	22.7129	22.551	19.2357	10.6948	4.64492	3.49011	4.02592	4.6585	10.4587	7.82728	6.7415	8.86071	7.04743	2.26272	8.00068	7.30663	4.58047	5.33515	5.60645	3.21789	2.49487	0.641256	3.37089	4.14134	4.26087	4.31938	7.15868	7.91338	1.28241	2.84904	2.76484	3.93095	8.91588	4.58024	13.7322	10.3847	6.0611	0.641256	3.19823	3.10328	1.25752	1.25752	2.67194	2.66597	4.33382	1.98774	2.02706	1.19295	1.92312	6.63692	7.78562	2.19895	3.73401	6.38867	2.07338	5.25248	2.31785	1.95574	0.397701	1.03703	4.26817	10.1082	13.3906	7.77988	3.4902	3.06745	3.7676	7.20185	5.46251	0.906847	0.889271	2.70708	2.38487	2.14071	0.75459	4.46944	6.32267	10.5191	9.65749	10.8679	16.4869	13.1465	2.49487	0.177864	0	0	0	0	0
9.0653	5.72194	3.50327	0.711357	0.355692	0.397666	0.906768	3.79636	4.84286	6.95849	6.26288	4.89436	4.15991	1.88992	1.38873	0.754484	0.562397	1.6867	2.4175	2.4175	1.61005	3.10289	2.71265	0.906768	0.957671	0.957671	1.60022	1.43359	1.6867	1.43357	6.01685	8.6556	7.55375	2.68938	4.43721	4.84589	1.88982	3.89459	4.84608	3.73376	2.47556	0.251521	0.641231	1.77791	3.10292	4.88133	4.66807	3.70845	4.80376	7.89706	7.22701	3.99025	2.14064	0.562397	2.02697	4.68832	5.90184	6.09668	6.65301	7.29332	6.10938	4.65814	4.33366	9.46538	14.5828	4.27519	13.1353	19.7393	10.7145	3.17812	7.63287	9.22888	8.0577	3.62261	1.06697	2.27643	2.49465	2.22726	1.50871	1.98757	3.99011	6.02442	4.36593	1.83048	3.73375	8.15051	11.1079	5.07316	2.62401	4.47943	4.82643	3.66135	1.6867	2.4176	3.77573	3.69574	5.17092	8.49227	4.90689	2.31073	0.957637	0.177848	2.89268	8.76096	13.3554	10.1073	3.20295	3.26126	1.52951	0.754484	0.251521	0.177848	0.177848	1.03689	1.63925	2.01135	1.88992	1.85612	1.91474	1.3888	1.03694	0.733257	1.06697	1.46627	2.16257	2.4175	3.81285	6.11937	5.10702	3.84159	4.64442	3.41685	3.52583	5.17114	4.36611	1.91481	2.68934	3.93073	2.62412	1.76001	4.84265	3.03618	1.98757	4.14456	7.5021	6.76381	2.87077	2.31082	2.68934	1.13861	3.05684	3.26126	3.10299	5.50772	7.00055	4.14471	5.21926	14.2535	21.3837	11.4959	13.3282	15.2903	9.15582	4.04887	5.42787	13.9649	20.147	22.8096	22.7453	22.5608	16.0454	9.3028	7.22054	4.08753	4.77768	9.58542	8.02114	4.79399	7.40672	7.04682	3.76727	6.26288	7.95368	5.04863	2.68938	2.70684	3.2176	3.44898	2.14053	3.3706	4.01776	5.01741	4.319	3.44894	6.26022	3.49878	2.54476	3.41695	3.9306	7.06444	1.6867	9.53603	12.2453	9.22533	2.14053	2.38476	3.20292	3.2661	2.37141	2.02697	0.957637	3.84159	2.71265	2.02689	1.43353	1.6773	5.89095	7.29305	1.98759	3.73368	4.14456	2.51356	5.0454	2.31765	2.5447	1.88982	1.03694	2.67172	8.00008	13.9927	9.84392	3.1081	3.06718	4.6072	6.02701	4.23452	0.562397	0.957671	2.70684	1.91474	1.38873	2.1479	3.59651	3.93073	4.6881	8.61978	10.6596	16.0532	15.5907	5.24005	0.397666	0	0	0	0	0
2.02678	2.94112	2.46906	0.641174	0.397625	0.397625	1.13849	4.15925	3.14289	3.66103	5.17058	5.15558	4.76086	3.55207	2.51333	4.0485	5.26364	5.95651	5.47608	4.52452	3.59619	3.37956	2.4753	1.03678	1.03678	2.14779	4.6069	5.14343	5.66387	3.98989	2.86514	4.29324	5.17979	4.15954	3.43031	4.00546	3.37953	1.83021	1.68653	2.67147	5.17067	5.29031	4.65773	4.72454	5.49882	6.58895	6.08834	5.26364	7.00011	11.7676	11.9625	5.33137	0.397648	1.75995	4.47926	7.16428	8.24591	8.68315	8.09142	5.47321	1.8129	1.7778	3.16309	9.39993	15.9506	14.2141	16.2961	16.9309	7.94103	4.92868	8.71608	5.67456	2.41728	1.0059	0.177831	0.533478	1.06686	1.77774	2.13299	2.97825	4.57936	10.0081	13.4879	15.1114	15.6423	17.0249	17.2792	8.37494	1.98736	4.15925	4.20806	3.7669	3.41663	3.37953	1.75084	1.67723	3.24162	6.38503	6.37791	5.25165	2.97837	1.43347	0.533478	4.05608	9.94885	12.089	8.23276	3.41211	1.08156	0.641132	0.562346	1.03684	1.38868	2.14036	2.02671	0.562346	0.251481	2.22703	2.70656	0.733189	0.251481	0.562346	0.957585	1.19279	2.33768	3.57404	5.02303	6.14914	4.47897	3.76268	4.77704	4.36548	1.06686	1.98736	2.02671	1.60989	0.251499	1.25724	2.31055	1.63913	3.66097	2.70656	1.24462	3.10763	7.13137	7.252	4.56243	3.26112	4.32235	5.99564	6.11904	4.45104	2.67144	3.87789	6.61466	4.4897	4.82618	14.2552	23.7593	15.9011	1.83032	8.30696	12.9398	8.65437	3.59616	12.5741	8.92456	10.6745	12.9352	19.3734	18.6607	14.8334	12.1514	4.00558	1.43341	6.277	8.69006	8.71839	7.32859	5.31358	5.15522	3.27559	8.24572	8.76045	7.92017	6.13943	5.31387	5.39261	4.97941	5.15542	4.29691	6.35829	4.54849	1.96343	4.72423	4.64393	3.66097	3.17797	6.06525	7.08577	6.87266	6.38526	11.8179	10.3899	4.43681	3.81267	4.99836	6.6358	4.31858	2.51339	3.55219	5.36635	4.21925	2.14768	2.02671	2.14036	4.68426	5.86916	3.37029	2.33768	2.37125	4.69784	4.79025	2.71829	3.5029	2.16236	3.33746	4.99504	4.43698	12.9907	11.659	7.29272	3.91038	3.74589	5.40394	3.74589	1.0059	0.641174	2.26217	2.3173	2.31738	3.41656	3.7669	2.64187	1.43347	5.56625	8.60633	14.8175	16.1099	8.68979	3.02033	0.355658	0	0	0	0
8.18098	4.08663	3.20226	0.888999	0.177814	0.177814	1.38846	3.41157	4.39372	1.92268	4.38319	5.26309	5.71534	5.16393	3.21695	5.33081	5.66329	5.9559	5.28976	4.29646	3.52515	2.62362	1.25714	1.03669	2.0265	3.83271	5.49817	5.17925	6.0157	5.32202	3.0357	5.34549	5.21535	4.6572	1.51891	2.14023	2.3172	0.906593	0.906611	2.6712	4.76697	5.47552	4.64377	4.68408	5.31332	6.74663	6.23926	5.15504	6.49339	10.241	13.8801	9.36482	2.41704	2.67119	4.99467	7.02381	8.24505	8.71749	7.99872	5.66329	2.70632	2.48783	3.26078	6.66336	12.4061	14.147	14.118	11.658	3.70763	6.38447	8.71532	2.95672	1.78642	1.42222	0.641076	0.397606	0.795175	1.46599	2.13278	3.2022	5.56576	17.082	18.4017	15.1442	15.6407	18.566	22.5649	12.904	0.888999	3.41157	3.26547	3.02526	3.4163	4.17778	3.94178	2.49415	2.08038	2.16216	5.25112	6.3773	4.09814	1.78644	0.957452	1.96326	6.32104	10.8332	10.5495	5.15489	0.733115	0.888977	0.906593	1.25714	1.43332	2.33746	2.47508	0.906593	0.754338	1.51886	2.70632	1.29427	0.754338	0.562288	0.889022	1.13845	2.14016	4.2926	6.01806	6.39662	5.21509	4.4505	4.54808	3.66067	0.795175	1.75069	1.60974	2.02652	1.03669	0.754378	1.85581	1.75076	1.92259	1.81273	0.957487	1.25712	5.55178	6.63519	4.99463	3.53847	3.90997	5.9218	5.64126	3.44844	2.02657	2.84822	5.36585	4.48924	4.61326	13.587	22.727	16.9832	7.69978	6.88329	14.3142	17.5307	4.11729	16.9534	17.045	9.92076	14.7098	18.9639	17.8629	16.201	14.9096	5.54056	1.85576	3.0564	7.42859	8.61132	5.89013	2.02657	6.39662	5.36585	7.12015	8.56844	8.2915	6.34813	5.17017	4.99467	4.66725	5.6742	4.29646	7.88	5.70699	1.96324	3.98932	3.89366	4.90594	4.25967	6.38464	6.72587	6.18674	4.82574	11.1113	9.91113	5.10604	4.96948	4.99784	8.10357	5.16393	2.70642	3.82461	6.61406	5.86864	2.14749	2.47508	2.33746	2.95672	3.31808	3.36995	1.9552	3.02524	4.84186	4.00518	3.37921	5.21509	1.46599	3.94191	4.09817	3.94198	11.5301	11.2818	7.97159	5.49532	2.08031	6.14861	3.98932	1.00579	0.888999	1.75967	3.79971	3.06659	3.02524	4.60631	2.66535	2.33746	3.59565	7.20202	14.1309	14.7724	10.1815	5.79379	0.795141	0	0	0	0
8.61534	4.93089	2.87006	5.21489	4.47839	2.64133	0.733023	2.64121	5.04699	2.71769	0.888943	1.98706	4.14342	6.39621	5.95534	5.14529	2.71769	1.19249	0	0	1.06666	2.54406	4.53405	6.5	6.19628	4.09778	3.39272	1.58981	2.58696	5.31858	4.92803	4.96584	3.16248	5.39167	7.45907	8.13161	6.52865	3.41145	2.31691	3.44798	2.86459	3.27489	3.35095	4.77638	5.78543	6.435	4.80242	3.16248	4.32152	6.26097	11.2672	9.8239	4.43956	4.60601	6.54995	7.25948	6.6278	5.38292	2.14738	3.04051	6.22875	7.3547	7.04518	4.90577	2.16199	1.06666	3.90936	5.23851	3.03542	5.3184	7.29096	4.92803	5.21489	5.47503	5.08122	3.36964	1.50826	1.5899	2.31005	3.52459	6.33981	19.8032	18.1046	1.77734	1.98698	11.4363	23.4029	20.1649	10.7697	6.87148	4.1284	2.47494	1.96305	3.02485	4.60585	4.65658	1.75051	2.41695	2.68861	4.15845	3.66045	7.13911	9.41151	8.57666	5.56555	4.26654	8.74598	6.33981	1.257	1.60958	1.78627	1.63878	1.19256	2.19811	2.8089	1.59976	1.42208	0.355589	2.13258	3.10214	3.50244	3.44814	3.52484	4.43619	5.54867	6.93642	7.99769	6.83723	4.28852	3.74517	4.38259	3.98891	1.7774	3.17736	3.6562	3.96935	3.20195	1.60961	0.177796	1.12437	1.12437	0.355589	1.67691	2.80906	4.29225	3.84045	3.03528	2.86453	1.91427	1.29414	0.9574	1.88939	2.02642	2.31691	3.59531	2.67093	2.31691	11.9163	20.3093	16.8689	14.3413	11.7029	9.63482	20.2994	6.26085	16.6537	21.3449	1.98709	11.9163	18.9187	16.136	13.0017	14.0166	6.73443	5.7148	4.29225	1.92238	0.795059	2.13989	0.754258	6.75722	6.39595	1.12432	1.58981	2.38395	3.27489	2.7752	3.01975	4.79259	6.90276	5.17879	9.36559	7.95723	6.23883	6.05901	5.39157	6.1151	6.18594	6.0539	9.03905	8.53718	6.9789	10.0168	9.16115	4.38256	3.50223	1.98706	5.74994	6.03317	4.27412	2.58705	5.769	8.21612	7.74543	5.89753	3.50244	2.13998	0.502855	2.39071	4.87043	6.49246	5.07786	4.15492	5.54867	9.10806	7.89528	5.54867	3.98912	2.14738	8.27543	8.15386	7.1541	8.95909	7.63306	7.60852	5.67367	5.41192	7.50041	7.13043	5.04406	4.62627	3.7074	3.03528	1.24438	4.38283	5.62966	6.1151	12.1966	11.482	10.0683	11.0835	6.52852	2.13998	0.177796	0	0
3.066	5.04346	4.08585	2.84767	5.32113	5.71974	3.89713	2.30993	3.59495	4.08576	2.30988	1.67673	2.64106	5.0807	5.56497	3.73239	1.68611	0.533324	0.177779	1.43302	6.03259	9.23377	11.4659	14.3251	14.6376	11.341	7.32026	5.86777	5.78486	8.14024	10.5463	9.92657	7.6726	6.51368	8.68061	12.3776	13.6464	12.1424	10.2334	9.33896	9.35204	8.89667	8.95321	9.52638	9.38295	10.1635	10.1993	9.98299	9.90972	8.68761	9.36473	7.74427	2.46821	1.28181	4.93071	8.24348	8.61852	7.35373	5.80341	6.14014	7.35395	6.22813	4.80195	3.44773	3.79917	6.14014	8.61501	10.8508	8.99391	4.94649	11.7645	10.7279	8.57577	8.23041	8.236	8.04318	7.07947	4.52321	3.79498	3.53768	6.55138	19.8233	17.3445	1.67665	0.888828	5.91266	18.5737	25.796	25.4129	23.7307	21.4789	18.2715	14.8804	11.1731	6.01204	4.5472	4.28813	3.20171	4.36444	2.38384	3.74491	8.51822	11.2133	12.9876	11.2653	4.15449	5.88877	8.73149	7.79226	6.72706	6.82774	6.386	4.82482	4.2883	5.23824	5.16915	3.66008	1.96288	2.84767	7.52017	10.6856	11.4358	10.9282	10.2467	9.72244	7.7446	6.38338	3.59498	1.78608	4.13919	4.29542	3.77408	4.15809	7.29054	13.6066	14.919	10.3741	3.50192	1.7861	1.75942	1.43304	1.3882	2.33705	4.48838	5.55087	4.54736	3.3693	1.91407	1.91407	3.79917	4.5783	3.50208	3.16215	3.3693	1.81238	1.78608	2.67069	10.1914	17.8425	17.076	17.497	17.7619	10.0722	14.3113	8.84625	9.63398	21.7928	8.41473	8.99027	22.3097	18.1739	9.72354	11.4221	4.5472	4.71299	5.50549	2.91322	0.88885	3.90922	6.90902	6.11464	3.90902	1.29402	3.98874	8.57577	11.1812	10.4845	8.23041	8.51822	10.1036	10.226	14.5978	16.8079	16.5102	12.854	9.06186	7.55084	7.77624	7.50168	11.3239	15.0336	16.8814	14.403	10.6883	6.93805	4.77589	3.26496	4.26628	6.67843	8.27326	7.75061	8.14777	10.1487	11.0664	10.8077	10.226	8.16288	5.11745	2.95615	2.49367	9.09843	7.50336	4.11645	6.72703	11.7798	13.3718	10.0647	7.81006	6.58716	8.90338	11.683	13.6977	14.586	14.0763	10.8633	6.96261	6.10704	6.43689	7.07519	7.35818	7.76841	5.81174	3.77428	5.67313	9.42341	11.1812	9.19239	10.5745	7.40389	4.2919	9.87113	10.208	6.55154	2.64108	3.16215	2.58679
0.562105	2.26145	6.78142	8.39004	0.79495	3.72775	3.76139	3.27433	4.25844	4.38893	1.46552	0	0	0	0	0	0	0	0.397472	2.86937	9.03693	8.47762	7.71791	10.5465	8.92336	9.83947	7.13775	6.14721	4.5779	4.77543	6.38293	6.38544	5.86977	2.13954	4.84029	5.86977	7.31963	9.23295	9.41607	7.66584	6.64292	6.13708	5.9542	4.99644	3.89679	6.93499	7.10288	6.89045	5.99335	4.47753	7.33402	7.45937	3.89274	3.14685	4.38171	1.98663	5.2345	9.96624	10.609	4.65588	4.91727	5.86691	4.99312	2.14697	4.71251	8.10338	8.85453	8.99161	15.6356	13.515	9.30533	8.12223	4.14272	3.10154	3.79462	5.21677	7.07882	6.26002	4.02367	1.63847	6.26458	21.1166	16.7787	0.888742	0	0	4.43519	11.9396	16.1437	17.8371	18.2865	16.8357	14.0699	11.9858	9.60972	4.0856	3.98814	2.38349	2.84187	2.66452	6.05754	7.12858	4.54674	4.68274	9.74608	7.69752	2.39025	6.50828	7.45138	5.63968	5.7247	5.114	4.49142	3.10154	3.694	4.96805	4.21766	2.37026	6.39473	8.34792	7.50102	8.13953	7.6012	5.88849	4.43533	2.37033	2.62272	2.64082	2.71149	7.37592	5.27023	1.08115	6.1972	12.0767	12.9862	14.3236	16.3936	6.64246	1.9627	0.906352	0.732882	2.41632	3.02427	3.73186	3.76545	3.87654	4.44591	4.04701	3.82353	5.11698	5.50527	5.54761	5.21389	4.52282	2.80848	0.640926	1.1241	6.64952	13.5745	12.0051	11.4342	12.7623	7.40359	6.6074	8.37166	2.26129	19.4477	11.7819	6.77199	23.8013	19.4699	7.98633	11.1013	4.69591	4.94586	5.47366	2.26129	2.71132	5.32932	7.35959	5.49671	0.754113	5.39029	7.12876	8.93863	8.48874	8.53728	6.0322	5.32932	7.93807	6.43377	8.77285	10.9959	11.083	8.93863	4.84057	3.94078	5.4365	3.65962	4.097	7.61331	10.4084	9.49515	6.99747	5.93845	5.51378	5.33232	3.24044	2.07221	4.13901	5.6036	5.10477	3.57287	3.6555	5.21389	6.90842	7.3826	7.32564	5.6311	2.54357	8.38447	7.88739	5.65312	6.23723	5.66982	6.52727	6.38281	4.23272	5.11698	6.05274	7.42653	8.48864	7.71394	6.89042	5.93845	2.70566	2.39008	1.96267	0.888712	4.26214	4.56068	2.5621	2.70566	6.61213	8.77069	5.95163	5.6036	8.05362	6.49131	3.25986	4.13876	6.80627	7.90889	2.52493	3.33617	4.38893
2.86369	0.888679	7.35233	9.03276	0.251362	7.42556	10.6864	10.709	9.3044	7.28273	3.21574	0.710945	0	0	0	0	0	0	0.640828	4.38133	10.6718	8.53616	4.73211	4.92951	5.15303	6.06226	2.38338	4.82384	6.65154	7.43405	8.0531	4.82384	3.90826	3.03964	5.5468	4.04638	1.77693	1.92184	5.07024	2.75719	3.65512	4.62507	3.6594	2.78003	1.77693	5.89814	4.26528	2.31626	6.99674	12.5394	15.5266	11.6038	7.37566	6.38228	7.5555	8.61338	6.4909	9.10508	12.6329	5.18915	8.65927	9.91813	5.01443	2.22597	8.93747	8.21362	4.23228	4.49097	21.0906	20.0135	8.87394	9.30238	0.888656	2.02579	3.64202	3.21571	1.81203	2.89111	4.99592	3.89621	6.10587	23.673	19.5203	1.06635	0	0	0	1.58936	2.49319	2.30944	3.89219	5.91143	6.9187	6.35541	11.4008	14.2462	10.4436	5.84805	2.30948	4.6011	8.10049	5.56086	4.52213	2.02582	8.87386	8.87386	2.80808	4.17627	8.95665	11.654	11.1022	7.95495	4.5325	2.14674	3.52379	5.56086	4.92951	1.60914	7.77461	10.5324	3.568	1.2815	2.8416	2.56171	0.710945	2.3094	0.397436	2.9128	3.537	10.0018	4.47685	1.82934	5.88762	15.1569	12.4512	11.374	19.0343	6.13612	2.14674	1.13801	2.51207	6.90754	7.54943	4.77494	4.17617	6.72559	9.14566	10.3549	8.61517	3.94046	1.67633	1.2938	4.56022	4.21738	4.77146	2.27511	1.91363	3.42868	11.4004	14.1711	12.5402	11.9918	7.28914	3.81081	5.91923	2.58629	18.3357	11.8137	6.77367	22.7459	19.1912	9.00392	11.6123	5.45896	4.65526	4.87852	2.68782	4.31651	6.64892	5.14064	5.16797	4.12702	6.75992	7.84361	6.09287	1.59929	5.28766	6.82872	7.04311	7.82213	4.99261	1.2938	1.12403	3.76089	6.39668	4.99275	4.12719	4.34907	1.92184	3.48778	6.41604	1.25662	3.06546	2.93969	2.891	1.13801	3.41493	4.11565	1.67641	3.36854	3.01374	5.16209	5.15303	4.23228	3.03453	1.67641	4.52213	6.88266	5.95337	1.03629	7.11276	7.76066	5.89814	7.06693	6.098	2.46774	4.36341	2.47421	3.37793	3.20107	2.66433	4.56011	4.38852	2.86365	3.96812	3.94039	2.6226	1.51833	2.54321	4.15729	1.63824	0.957117	2.01019	6.50737	8.08521	1.78573	2.13935	5.65262	4.90406	0.640828	2.46774	4.51517	8.0068	1.59929	3.03968	2.89095
6.74341	1.29366	8.43412	5.56035	0.956998	9.58698	9.24907	10.753	15.8968	17.7003	13.6586	6.63218	2.77413	3.27369	2.58606	0.710883	0	0	0.640772	4.47646	9.83737	9.70065	5.79129	7.21398	9.28399	4.52192	1.52857	6.39361	3.55446	4.90363	8.15095	7.96786	6.96068	6.64861	3.65906	1.4653	2.64032	0.794798	4.68164	1.98627	4.34869	6.38177	9.68216	9.83783	10.3189	8.83724	7.99481	12.8515	16.3716	16.4954	12.9386	7.43131	3.57218	4.62454	4.75812	8.85973	9.83778	2.71673	13.2694	10.8874	6.54736	14.3207	6.27841	10.566	12.1413	2.24701	3.82281	0.888601	21.3169	23.4416	7.8075	9.51074	9.34293	7.89186	9.53474	4.29077	1.59915	5.31658	7.76038	13.1374	13.5997	20.2966	19.9227	1.92167	0	1.06626	1.50778	0.355455	1.74993	4.27225	9.39469	6.88013	1.92177	7.69654	4.9166	5.78295	1.43261	4.90381	9.51577	12.5957	12.9437	9.23122	7.31823	3.14617	8.68485	5.17654	5.56058	8.9196	7.7601	13.1274	13.5046	14.759	7.24793	3.56773	3.27353	8.26693	6.02313	2.54298	5.50407	12.2519	5.45848	3.53669	1.46526	2.97657	3.76068	3.72706	4.47646	1.75893	7.54846	9.09761	2.30924	4.1759	5.36332	12.7253	15.4152	18.2424	17.2797	4.04618	0.888556	2.0794	5.38945	8.34643	4.48712	2.86336	3.76482	9.14282	6.39361	3.89604	5.82614	5.24865	5.01736	7.06664	7.93694	7.47462	8.32975	0.177729	3.5233	2.33639	9.45958	18.2174	19.7592	19.8662	16.159	8.64985	3.02383	2.9124	16.7289	11.3413	6.27836	20.1277	18.9188	11.2206	12.1534	8.99143	6.89794	6.11283	3.31651	2.64023	6.80737	7.38517	1.92167	4.96714	4.49051	5.86588	7.17936	5.31951	1.1239	3.17614	5.39827	6.56868	4.86859	3.5011	3.20081	4.26508	6.61113	7.69654	7.37502	5.5606	2.80797	0.794764	6.2858	4.52171	2.52445	3.26407	1.74993	0.562022	1.91353	4.82342	5.6386	6.56637	6.49752	7.74248	7.61188	4.00329	0.794798	1.13791	4.14188	6.41073	7.84307	5.26929	5.21268	10.0283	6.44207	5.97378	7.44152	3.17614	1.78559	3.81048	4.26508	3.892	4.14202	6.57587	8.59118	8.13794	7.99495	8.53395	7.53451	6.14604	4.6852	3.73126	2.49297	2.54308	3.5011	5.88713	6.19612	1.92167	2.62238	4.62454	3.25909	0.956998	1.82918	3.10083	7.83905	5.23358	2.30928	2.22588
10.4225	4.99475	7.77326	9.43898	3.16077	9.39853	14.1015	8.97325	7.64348	13.4224	15.6124	10.2881	2.86319	3.34931	4.38768	1.58906	0	0	0.355418	3.03905	7.77326	10.8188	10.2884	6.88163	4.29398	8.7419	4.81638	10.3933	5.01363	13.5439	15.0737	11.0227	7.81883	5.85478	2.97626	1.46511	2.22555	1.19193	3.89141	2.02532	4.53163	7.45511	7.04611	7.25384	8.92072	8.44818	8.4752	16.2445	10.2309	4.44803	2.84657	7.38236	4.13779	3.90359	1.77659	6.38322	4.79029	6.88808	9.61614	16.7028	1.43246	15.477	4.94446	15.8516	6.71289	10.9305	7.62127	6.37121	16.2965	21.7214	5.2123	8.97533	11.69	20.8031	9.8674	10.0499	2.84659	4.47599	6.71268	11.5758	18.5593	17.5432	14.8509	1.92147	0	2.38282	1.50762	2.38282	0	7.7413	17.1292	11.2717	11.8102	4.00278	13.0491	16.9869	12.5665	11.8757	9.54812	19.2703	21.2306	9.51453	8.89843	11.4493	9.37894	0.502617	4.83914	12.179	16.1779	8.53984	5.43497	15.3656	7.51699	0.753941	9.25797	10.1221	5.26892	6.4894	0.906068	12.5613	6.16529	2.49273	2.77384	1.85468	4.55935	6.49655	6.79522	3.57166	9.9909	5.25981	3.21513	3.1758	5.45784	6.25542	9.57375	14.0658	9.63694	3.44645	3.8753	1.2564	4.91588	5.80922	3.01836	6.69652	5.26897	11.8205	11.3998	7.93024	3.57181	1.35313	4.84236	6.09709	3.50073	8.53984	8.61132	2.22564	3.41422	4.79018	5.16704	9.72013	13.3181	14.9393	15.1542	9.90558	1.85474	3.03905	15.3507	13.0861	3.013	16.9838	18.3242	10.2998	9.61614	8.42604	6.60554	6.7701	5.03834	2.13892	4.39119	6.0121	3.93958	2.27468	2.91224	2.16815	5.18815	6.54905	5.97328	5.14284	3.92758	4.64085	3.31617	2.47374	2.30904	2.41574	3.06487	3.2589	3.54976	3.05464	3.03909	2.14633	4.96649	5.76616	2.00969	0.710808	1.00516	0.640736	1.03609	1.82907	4.08439	4.9033	3.96743	3.20048	5.79046	6.30241	2.0716	1.58906	2.54272	3.92758	6.73571	7.99376	1.13779	10.5304	8.05892	3.53632	5.45791	4.99165	2.26066	1.95406	2.58572	1.91326	2.13155	3.77283	6.273	6.7795	5.78262	5.66003	5.23326	4.92563	3.6929	2.41574	2.51159	2.13155	1.78541	3.4096	4.62396	3.34915	3.25875	3.06482	1.96211	1.35313	0.888462	1.59899	6.27776	8.28642	2.27456	2.58579
8.97247	8.97247	3.01273	9.95046	6.0089	5.51138	14.2723	13.3243	4.51391	7.49573	14.7433	11.4064	1.00507	1.00507	5.01303	2.00952	0	0	0	1.00507	3.51369	4.01411	6.0089	1.00507	0.502573	11.4064	4.51391	9.95046	3.01273	14.7433	10.4373	1.00507	5.01303	5.01303	4.51391	1.50741	2.51132	1.00507	3.51369	2.51132	4.01411	10.4373	4.51391	0.502573	4.01411	4.51391	6.0089	16.1441	2.00952	0.502573	4.01411	6.50551	0.502573	2.00952	0.502573	7.98919	2.00952	9.46216	6.50551	17.5253	1.00507	15.2123	3.01273	17.0671	0	16.1441	1.00507	6.50551	12.8475	17.5253	8.97247	9.95046	10.4373	26.5646	6.0089	14.2723	1.50741	3.51369	8.97247	7.98919	3.01273	3.01273	9.46216	1.50741	0	3.01273	0	3.01273	0	8.97247	19.7808	6.0089	17.5253	5.01303	17.9811	10.4373	9.46216	17.0671	9.46216	20.2245	24.9339	9.95046	2.51132	15.2123	9.95046	3.01273	3.51369	8.97247	18.8858	10.4373	5.51138	14.7433	7.00115	2.00952	10.9226	7.98919	1.00507	7.49573	0.502573	12.8475	6.50551	0	1.00507	4.51391	2.51132	8.48146	7.00115	5.51138	9.46216	3.01273	3.51369	0	6.50551	3.51369	7.00115	4.51391	1.50741	1.00507	4.51391	2.51132	4.01411	4.01411	0.502573	6.0089	1.50741	8.48146	7.98919	6.0089	0.502573	1.00507	3.51369	1.50741	1.00507	8.97247	7.49573	1.00507	2.51132	5.51138	6.0089	4.01411	7.98919	11.4064	14.7433	10.9226	1.50741	1.50741	14.2723	13.7993	1.00507	15.6793	18.4346	9.95046	8.48146	7.98919	6.50551	7.49573	6.0089	1.50741	3.01273	3.51369	5.51138	2.51132	2.00952	0.502573	3.01273	4.01411	3.51369	4.51391	4.51391	5.51138	3.51369	1.00507	1.00507	1.00507	1.50741	0.502573	0.502573	1.00507	2.00952	1.00507	4.01411	5.51138	2.51132	0.502573	1.50741	0	1.50741	2.00952	1.50741	2.00952	2.00952	0.502573	6.50551	7.98919	1.00507	2.51132	2.00952	3.01273	6.0089	8.48146	2.51132	9.95046	8.97247	2.51132	4.01411	5.51138	3.51369	1.50741	2.51132	2.00952	2.51132	1.50741	2.51132	3.51369	2.00952	2.51132	1.50741	1.50741	1.50741	0.502573	2.00952	1.50741	1.00507	2.51132	4.01411	4.01411	4.01411	2.51132	1.00507	1.00507	0.502573	0.502573	5.01303	8.48146	4.01411	0.502573
7.48681	10.1978	7.40013	7.83677	5.17501	3.89066	12.0688	15.4627	15.0599	10.529	12.2423	11.1662	3.21449	5.43418	8.06706	3.82154	0	0	1.59869	2.63957	1.58875	4.00203	7.04012	2.31537	4.29323	7.37246	6.37993	7.28622	2.56089	12.8875	9.82827	0.397306	5.80811	5.13867	3.59311	9.75609	9.00275	3.39055	2.00931	4.54141	9.48095	7.66801	3.19988	3.91895	6.01865	5.84029	4.62308	15.8162	3.02284	0.956762	4.23045	5.95107	2.31546	3.14525	1.78508	7.49702	2.22525	9.86535	2.38895	16.7545	7.30562	14.1657	2.49225	17.072	2.51112	16.2204	2.91154	7.07974	8.89632	15.2081	14.0426	17.7667	14.8401	21.7193	5.84572	12.5872	1.24355	3.39046	8.26812	6.75753	7.74624	7.58713	10.193	1.1917	0	8.72287	14.0168	16.3119	10.6839	4.77295	17.3657	7.34985	14.8636	7.28622	19.2746	9.30061	8.84123	15.9311	14.4302	14.4126	20.7615	16.7449	6.49571	11.1029	12.821	0.753809	4.26371	6.44011	17.9887	13.2878	2.77316	13.0973	10.9121	5.53339	9.99959	6.2343	3.34872	4.5411	3.54914	10.762	5.65046	2.80719	3.69225	6.06008	6.0499	6.71142	5.80811	4.04482	8.28486	5.24716	5.53645	6.25707	10.2054	9.12382	6.77812	4.99071	2.88998	3.16037	5.88547	4.31488	4.09496	4.77295	2.56073	6.0214	5.55901	7.77167	7.17712	4.34742	6.0551	6.27687	5.62845	2.36921	2.80715	8.32179	6.62999	1.52803	1.98573	6.44021	6.32343	4.6937	8.03835	11.5332	15.8236	13.5415	6.22463	3.72599	13.2623	13.7524	4.92795	12.37	17.7706	12.8944	9.86526	7.37246	6.33562	7.8052	6.2765	2.16774	3.49543	2.41518	5.45679	3.90676	2.75623	2.77335	2.33568	2.66917	6.5267	9.629	9.41321	8.38259	5.43395	0.177678	1.74943	2.30863	2.75623	2.56089	2.66335	3.01783	3.75962	4.08367	4.61307	4.59934	2.26022	0.251282	1.68515	2.38912	2.07881	1.5177	1.38739	2.02493	1.9211	0.355352	5.15085	8.21797	3.44584	2.54226	2.13855	3.73018	6.25683	9.392	6.77824	7.45575	8.80131	3.39055	4.38686	6.25424	4.20446	1.59869	3.27262	1.95371	3.26293	1.85433	2.49227	4.46481	4.52059	4.08352	2.68682	2.63957	3.41377	3.52249	3.31566	2.92784	2.70438	3.01774	3.57098	3.64062	3.90676	3.14019	2.13853	2.07881	1.67579	1.13759	3.90676	8.05739	5.07455	1.67579
3.96632	8.48383	9.24593	6.33045	3.41331	3.15988	7.03947	5.21068	7.81667	8.225	7.34888	8.67447	7.42831	7.66745	10.8156	7.11603	1.81121	0.355318	5.04318	8.59858	8.91826	3.89053	7.69924	9.10096	9.66435	6.62273	3.61874	2.77872	6.95115	9.69697	7.31507	2.38874	6.09539	14.1938	20.9801	23.6877	22.0486	16.7534	5.82391	6.72244	8.12525	3.02266	3.1995	8.73948	8.03763	6.28348	2.41506	13.5627	5.88487	4.55807	4.94321	1.81121	4.92425	5.60015	1.85416	6.52332	2.1603	8.52316	5.03694	11.9178	15.7226	13.2539	4.08313	17.2117	6.65749	15.6701	11.102	4.28545	4.9904	6.96659	7.80491	15.8542	18.0767	10.0247	3.25798	4.92719	4.86679	6.33507	10.5676	6.64607	4.92425	8.028	9.91959	2.36892	0	14.3356	15.3691	15.2177	18.0499	15.5427	4.81498	7.00459	8.42371	12.8785	20.6834	5.49356	7.51075	8.90587	9.54088	10.3967	4.66318	19.5896	22.8642	17.073	17.2307	10.337	9.5758	5.50211	10.8668	15.6156	11.0483	7.78692	11.0192	9.61661	10.0652	7.9454	7.28582	7.45338	5.76485	6.73383	3.34821	3.27239	3.64049	5.10185	6.76854	6.25643	3.02265	1.63753	6.93347	9.68003	8.14241	9.10119	11.3956	14.829	11.0971	8.15933	7.19404	7.64339	9.52007	10.834	12.8561	13.8816	10.8003	0.397248	3.61874	4.9651	4.99335	6.10305	11.3758	13.9581	15.4058	11.0659	6.13356	5.82371	4.90175	3.02258	2.16034	6.37907	4.60914	3.93841	5.46776	8.66759	15.1057	17.2793	13.6717	10.3149	13.3309	15.0094	13.4037	7.3217	11.3121	17.6754	15.1122	8.81454	7.45519	9.06056	7.49637	3.79646	4.15159	1.85422	3.89032	5.38731	0.732467	1.43209	1.28095	3.48614	9.14634	13.5407	15.9096	14.4367	10.3732	5.3962	3.34837	1.08053	2.52347	4.63979	5.51061	5.91675	6.0416	5.66951	4.99357	3.41337	2.33546	2.71569	4.23028	5.15063	4.88923	3.19958	0.397265	2.19644	2.13832	1.08053	3.27243	9.54562	10.834	7.01783	4.72001	5.46798	7.51519	10.8879	12.4814	5.17482	6.54705	3.76332	3.91853	6.82525	5.88487	2.30839	2.585	0.251243	3.51301	1.74918	0.532968	3.16004	5.71595	6.20395	4.08315	2.07859	2.95432	4.40443	4.32911	3.8905	3.80901	4.4854	4.72988	3.91856	3.53533	3.89437	2.97542	2.24614	2.41508	2.52347	1.25604	5.79964	6.95124	5.21084
0	0.88815	2.14554	3.02247	2.70968	6.52264	11.1482	9.77596	7.55959	2.07841	3.26234	4.22964	7.60793	3.27199	9.64558	7.19299	3.36661	0.794376	7.94245	11.2565	9.08026	7.96015	7.77019	12.1536	7.2467	8.81381	9.92935	4.04793	10.0957	6.2132	4.04793	3.52157	9.18847	15.8725	18.4402	15.0313	17.0711	20.6515	9.52687	4.63907	5.26674	5.65769	0.905748	12.5954	5.30802	3.938	1.59838	9.75358	6.89448	8.23697	5.25813	6.25547	3.72947	7.31431	0.905723	6.6846	2.54174	6.93023	7.37943	3.76302	8.9517	7.42991	9.40293	17.4735	7.78596	13.4606	15.1285	2.38191	3.55277	6.60325	5.79923	5.01154	5.4073	6.35165	1.29307	5.15918	6.43922	12.2943	15.4991	11.33	11.9258	5.80739	7.01014	5.14986	0	14.5308	16.759	1.38722	7.51048	14.7242	13.5952	6.00712	3.49493	18.8293	17.8729	3.74196	10.0747	7.81771	4.61216	6.04085	11.0413	8.81381	17.7768	19.247	19.2643	11.5212	8.33711	6.43206	3.09944	7.27863	11.3945	10.6183	11.2354	7.34804	12.425	12.3859	10.5385	9.3237	3.96585	4.65253	1.82828	2.76126	0.251216	1.13729	1.43193	3.10456	2.93804	2.07841	4.09433	6.08198	3.51289	5.4672	2.70968	7.49385	7.42782	5.31713	5.28468	4.57486	5.71543	7.86514	10.9312	14.1142	16.1336	5.07372	4.25931	5.04267	3.55275	6.10989	8.23697	8.15681	13.1759	12.6028	5.13786	2.22469	4.04404	4.51257	1.88763	5.6466	2.86746	4.70938	3.53497	3.13959	7.54487	11.5595	10.7602	9.71643	10.8547	9.15868	8.8279	8.5531	0.355284	14.6489	17.1508	10.3355	7.90369	9.75827	8.88946	5.13769	4.04404	1.77587	1.46455	4.04411	3.90213	1.95333	0.397207	5.76395	9.95518	4.96491	11.4138	14.0601	10.1197	5.65794	5.43314	4.86615	3.13959	2.54184	2.91117	3.05351	3.21392	1.98535	1.63738	1.51747	2.33523	3.61838	3.23829	2.80665	3.02247	3.72947	2.80646	1.85398	1.81099	2.41471	4.44623	4.82119	8.0486	7.27863	3.48591	2.77847	3.49493	4.65279	9.35768	6.40765	3.57029	3.38981	2.27368	5.25779	6.10214	1.81099	0.71054	1.38722	1.75797	1.96139	2.31492	2.16732	2.16009	5.23403	4.71928	1.58845	2.41471	1.63733	1.38722	1.59838	1.78471	3.44502	3.90616	3.19927	2.83998	3.2575	2.76126	1.6373	1.06574	1.38722	1.78471	1.63733	4.46387	4.81451
2.25971	1.63721	0.502405	0.640432	0.561697	9.35669	14.2792	8.87349	13.8286	20.5755	20.8026	14.3406	9.89972	5.26056	10.1427	7.12328	4.00089	3.88978	12.2196	13.8544	7.41452	9.70153	7.89347	10.2832	5.55715	3.77085	10.2658	7.45404	7.49494	5.51504	5.28415	5.82279	13.5346	15.2636	12.3934	10.8097	10.8219	15.458	12.9254	11.3764	9.30328	8.60937	5.70128	9.71377	3.02206	0.397171	3.25736	3.59187	8.38034	5.86526	3.72904	6.52446	6.58143	6.56244	3.96548	9.38935	4.38935	7.19236	7.98999	8.90934	2.41462	8.12729	9.42315	14.685	11.1607	10.6295	16.6616	4.4459	3.92572	3.88958	4.92308	7.37879	3.30048	8.76414	3.61804	5.76345	3.91777	14.8442	18.3154	10.741	1.51726	5.2128	5.86532	5.1494	0	9.9908	15.6755	9.86443	8.66602	5.01127	14.2109	11.9452	3.51234	21.706	16.4446	5.7147	10.6084	11.5962	11.6271	11.0636	13.9397	20.8786	6.60267	6.54598	1.88747	16.7503	18.7945	21.7529	23.6288	22.1247	20.0681	14.7013	7.66001	6.37065	13.1385	10.3783	7.14961	8.63769	3.92572	5.28396	1.51726	4.32807	2.07062	2.46609	1.96118	2.47248	1.35254	3.26216	2.84523	6.19007	6.77632	9.02693	5.51492	4.65232	5.79866	4.1848	0.355249	5.40674	6.82193	6.73283	6.73283	10.3885	15.5308	3.98514	5.46955	7.42915	9.68918	9.43478	7.24386	1.51726	4.4423	11.569	13.968	10.3788	6.27503	4.98934	0.640432	4.99239	3.14435	3.52126	3.10409	2.52286	5.06688	8.23234	7.42882	8.26781	13.2243	9.69041	4.7718	5.10983	5.31352	10.5727	14.7867	10.7548	9.06727	10.759	9.67619	5.46955	4.21447	3.31469	3.13948	3.65695	4.81411	4.70911	3.82878	3.52126	10.3127	8.0631	6.94532	11.6612	10.6959	3.82046	2.46609	5.04222	5.53477	3.91781	2.15992	0.355249	2.46609	1.68461	1.60805	1.19141	1.43174	3.40799	2.63868	1.78456	2.13798	4.21447	4.67897	0.732326	1.51726	3.40799	5.38625	2.52286	2.80621	6.01956	3.93778	3.19897	3.09916	3.09913	8.22864	7.86391	2.33504	4.43175	2.80624	4.67894	5.91531	2.88903	1.29294	1.52768	2.14531	1.52768	1.387	2.70347	0.502405	4.00089	6.5436	5.72033	3.65697	1.08033	0.640432	1.2558	1.82812	4.02037	3.8896	2.58457	2.58457	2.86175	2.75535	2.02439	1.08033	0.355249	2.8617	1.77575	3.96543	3.65253
2.25951	2.97459	0.502361	0.73228	0.90556	10.0864	17.4826	12.4778	16.7885	20.9823	23.5525	17.8812	8.61585	6.05271	11.5393	7.83975	3.0166	4.5568	14.7211	12.4458	7.41388	8.4289	6.52184	5.78723	3.4261	1.7755	6.52421	8.20022	1.38695	3.92551	5.55964	5.28377	10.6062	14.9274	12.3924	10.9907	6.62089	6.25194	10.246	11.1843	8.98236	9.04482	5.79822	4.21408	2.14513	4.88761	3.15916	5.55946	7.03785	5.86475	4.68188	1.38695	7.42002	3.49877	9.95195	9.97187	5.68974	7.90228	10.9203	12.3836	5.43194	12.3656	4.26213	8.09639	13.5732	5.76571	19.3763	4.2585	2.31452	2.63845	6.37725	4.15417	4.78761	7.3195	6.32843	7.24944	2.51026	12.4409	17.272	14.0939	8.13222	4.2623	4.68209	2.3077	0	4.83629	12.5086	11.7344	8.82609	4.48415	13.9745	13.5936	9.45776	21.7043	15.7565	4.86527	7.00253	11.2337	11.5178	9.4097	11.612	22.116	20.3221	9.68957	15.3228	23.4796	20.1861	23.0458	23.6122	22.5109	20.8363	17.6145	8.51028	7.3195	10.1403	3.41236	7.4285	6.28194	1.82804	5.77912	1.29279	6.79145	2.07043	5.17311	1.35242	3.89328	2.80599	3.48525	1.985	10.0549	9.97187	13.1341	12.3656	4.36032	5.43211	5.0388	6.75487	7.07714	6.68377	6.62089	6.8778	7.66517	13.1898	4.71846	10.7762	7.98001	10.0868	8.86766	5.14919	2.95335	1.77555	8.53555	13.8789	12.8443	5.77942	3.53445	2.70904	3.59158	4.51874	1.52747	4.0819	3.52096	5.06644	6.75029	4.87486	6.54303	20.0795	14.9791	8.67925	1.00465	4.97328	7.50254	10.9861	10.2956	9.98541	11.9442	9.91687	4.99196	3.58725	3.01667	3.15916	3.53445	4.26225	4.7087	5.16416	1.52747	6.48598	8.47784	3.65237	6.96247	12.5061	6.67185	1.29279	3.37537	5.33938	4.62147	3.2714	1.7755	2.2243	1.68446	2.02421	1.13715	0.397153	3.159	3.88924	2.75511	2.16704	4.43137	5.38581	1.19126	1.29279	4.15417	5.13679	2.52264	1.35237	4.43137	3.79139	3.25707	3.19866	3.23768	9.1834	10.5546	1.8874	5.10025	3.72872	4.92581	5.66764	4.63826	1.43166	1.68451	2.36831	1.96103	0.177611	1.81067	2.07034	2.13779	5.45499	5.93341	3.87324	1.51713	0.73228	1.25569	2.31445	5.01689	5.07568	2.86154	2.38159	2.485	2.54131	1.60791	0.887986	0.355218	4.32769	1.91226	5.40601	2.70324
1.92029	1.77531	3.4939	5.4057	6.40844	8.19911	14.6813	16.0837	19.1474	14.9413	9.67436	17.5179	18.7731	17.2215	17.5072	9.15751	1.7754	6.54235	13.7885	8.32342	3.03182	3.93702	3.72839	1.8871	3.83608	6.6921	6.1539	8.65194	6.34985	1.43147	4.51845	4.77089	6.90147	10.9946	6.17886	4.38477	1.59792	1.19113	1.13703	2.1449	2.33456	5.49696	4.60745	1.08012	2.63828	8.59325	2.70875	9.09071	3.29985	8.44226	4.18378	2.024	5.84292	4.76106	12.2233	9.03687	7.03679	11.0599	14.1388	13.6833	8.35493	16.5877	7.46892	3.44399	10.4256	6.54245	19.2864	1.68428	0.905464	3.56929	6.86336	5.31545	3.02141	5.13639	6.26868	6.99714	3.49824	9.15099	16.1425	18.1912	17.8949	10.4028	3.19336	0	0.887893	1.60776	7.80155	7.51201	8.853	13.8271	13.7687	9.35491	14.6449	23.1193	15.2436	7.90961	15.5691	20.8388	19.3501	10.6775	4.48706	17.6774	24.155	11.2536	24.6963	25.8919	13.0103	8.07836	2.93705	4.81313	11.3646	13.4571	12.3444	12.4982	14.011	13.2036	13.1186	5.32725	2.54105	4.22845	3.76199	7.42746	1.7842	6.50655	1.43149	4.61084	5.93537	5.41704	1.50662	12.362	10.443	13.8602	15.1605	2.5225	4.47302	7.11331	11.1047	12.9468	11.1616	8.11646	2.70875	3.44399	9.86236	11.0617	11.6246	3.6389	3.92497	3.40734	1.46413	4.63786	6.19405	5.33882	5.32706	9.9586	6.25154	4.05083	4.86469	2.95304	5.55609	1.92029	4.72795	4.97272	6.79987	8.85259	7.174	5.5423	18.6204	17.7776	8.12212	2.70306	8.21431	9.71369	10.6062	8.7502	10.4964	14.0096	11.3737	4.9253	3.15866	1.81051	1.19118	1.13703	3.17369	4.35986	7.0018	7.79197	5.3855	4.61084	3.96467	3.42574	12.6482	9.51609	1.588	1.77536	2.88848	3.87272	4.31282	3.56494	1.24295	1.25558	2.66787	2.02408	2.22416	2.92635	4.18378	2.88848	0.640278	3.59118	5.30653	3.02148	1.03545	4.13862	4.9253	2.54102	0.640309	2.52237	1.98473	1.91206	2.50995	2.8447	9.62403	12.8185	1.82777	5.30653	4.86469	5.64503	5.45422	5.14839	1.91199	0.794185	1.19113	0.905464	2.25927	2.93717	3.02148	2.1375	2.49107	3.79092	4.04296	3.21295	1.98479	1.51702	2.38123	5.53079	5.13625	1.63686	1.7754	2.5411	3.01629	2.1595	1.43151	0.251159	4.28728	2.13013	4.43085	3.02148
2.24508	2.62001	7.60935	10.4497	11.1687	6.74935	4.70764	11.4229	17.642	23.7535	15.1428	1.60762	9.08868	15.4293	24.6681	14.7428	2.13733	5.66669	12.3814	10.3757	6.50632	2.63805	3.21271	4.43069	7.29488	6.86277	3.93662	6.89195	8.35947	5.0097	4.86443	6.40534	12.6026	11.0087	2.80543	5.21135	4.13468	1.06534	3.74065	3.65592	3.31367	2.84443	5.18434	5.66662	3.83575	8.38147	6.018	6.09227	0.502264	6.21092	5.41657	3.65583	7.01454	7.89138	10.5484	6.25319	12.6507	17.7972	13.6074	6.6193	2.9261	14.9912	20.9738	12.9243	12.0847	14.4023	15.3688	3.56897	2.36785	6.88292	5.79711	9.90162	5.8504	4.5422	7.50142	6.54178	6.69152	6.56309	12.4755	14.0751	20.2871	22.6758	13.9514	2.30726	1.98454	1.25547	5.2321	7.27391	11.3706	12.0034	5.31218	3.89271	16.7984	23.8526	12.5852	11.2753	21.0177	20.9954	22.0091	15.1369	6.25815	14.4648	16.1219	22.9298	31.6299	29.0448	14.8922	4.05048	5.26474	3.98419	12.3611	13.1588	15.3804	15.064	16.3028	13.2911	16.2505	10.507	1.28028	5.14821	7.06721	6.82901	4.72765	7.64755	4.47263	2.63805	4.4341	6.71699	6.56078	6.42931	11.2114	9.35431	11.4683	4.17223	5.78612	10.6095	11.9818	18.5897	13.4358	17.4328	10.6991	15.2081	15.4721	8.64253	6.25815	0.502238	1.13687	3.2563	1.68413	0.39706	6.4366	1.63678	4.43047	4.95974	8.02463	8.50681	7.64755	5.21126	7.00106	3.06257	3.27077	4.25771	9.45118	12.4812	6.96114	4.29076	8.04526	14.9247	11.7325	9.32829	7.73556	7.34535	12.3057	8.43619	9.65954	15.3547	14.0344	8.28784	6.40526	3.19794	2.30721	4.62062	5.17238	6.27333	10.073	13.5734	12.4141	8.98066	6.25349	5.00987	11.751	11.6299	5.6667	2.66174	1.98456	2.86095	4.09269	4.25771	2.5097	2.49085	3.70281	2.91005	3.05234	2.97411	2.62001	2.47179	1.59778	1.68413	4.86443	6.6453	6.6825	4.93458	2.8609	2.50973	2.3073	0.794082	1.82769	3.1386	4.47285	5.46827	10.4336	15.5544	6.86277	3.34663	5.88211	7.28209	5.78612	4.94075	4.09265	0.251137	0.35515	0.956176	1.29254	2.31407	1.35216	1.50641	1.13693	4.26143	6.4368	7.42709	7.41881	6.87428	6.33974	6.19351	4.2133	1.60762	1.50648	0.561539	2.07754	2.02382	1.43138	1.67482	2.22387	2.16652	1.81035	4.17233
1.13675	5.77741	9.06381	7.66291	5.07441	6.22028	2.95262	5.58862	1.98439	12.9412	20.711	16.0412	10.6881	5.16269	23.7814	21.4068	3.75706	8.47906	14.4337	12.0809	7.80045	8.30358	3.26076	4.51758	5.86302	2.63766	3.5334	5.58862	7.66277	6.63496	5.26419	4.89892	16.9436	9.35314	3.72769	6.54363	7.06849	4.89892	3.72761	2.19518	5.26419	1.07993	1.07993	7.57999	5.86026	5.1474	4.62014	5.03731	3.8923	5.96819	8.64134	9.12911	2.80527	4.08078	7.26647	1.88684	16.5684	16.9636	4.83486	4.81879	11.6837	6.97159	18.7372	15.9355	9.6084	9.47463	6.77369	8.6058	2.12972	9.72725	4.09222	6.07905	10.8496	8.73451	4.65053	5.45338	5.282	4.63688	10.7143	3.36501	5.38447	19.6478	20.9331	5.14743	2.50938	0.355112	2.88807	5.01567	3.36972	5.93406	9.18415	4.40189	15.0608	22.394	9.08896	12.579	15.3884	3.27038	12.2694	17.3097	14.4123	6.9626	9.21092	15.7356	23.2443	20.6477	10.2029	8.07682	6.5433	4.18298	7.12059	6.25275	5.28213	3.80681	8.82847	0	12.3596	12.1809	7.05957	4.51758	3.26093	3.37436	3.58624	8.21995	7.68885	0.753293	5.23156	2.86065	8.21274	5.62465	5.90535	2.66735	7.4675	9.90032	1.28021	13.8608	15.9137	19.9941	3.36972	15.381	10.5976	17.7973	20.5044	22.377	15.3074	0.177558	1.98441	1.96042	4.51739	3.4114	7.73473	4.1492	4.66049	2.22364	2.02369	7.67085	9.14914	6.33881	5.98622	4.92435	1.91162	1.88674	9.84035	12.7873	8.54163	3.4113	2.07732	4.65039	6.9295	11.6226	13.9406	4.01123	10.3306	8.40974	7.14651	12.7481	12.2839	8.52559	8.12995	5.88149	3.61665	5.65501	2.54061	3.19765	5.84979	7.12086	8.26483	6.17039	4.76015	5.98622	9.91397	9.22213	7.27507	4.98743	2.70243	1.88674	2.38736	2.54053	4.43	4.22764	1.96044	0.887744	0.887744	1.29244	0.397018	1.78385	2.15905	1.00429	2.27272	4.40189	5.6991	4.76997	1.78387	1.13681	2.31381	1.35197	0.887721	1.78387	2.41369	3.33233	7.5821	15.0581	10.7843	1.03525	4.09222	7.76653	6.48629	4.63697	5.764	2.02361	0.397018	0.95611	2.49057	2.70243	1.06523	1.63658	2.61974	1.74824	3.98379	5.31454	5.59716	5.53001	5.49894	4.37692	2.66737	3.01571	3.27055	3.09794	1.60745	2.1444	0.251097	1.43126	1.91169	2.19518	1.24271	2.12972
0.793929	5.39243	9.72656	9.89966	7.41739	5.13798	1.82726	3.01544	5.18334	5.09847	14.3388	18.2749	19.084	14.8196	14.528	23.9983	10.3606	6.08628	12.023	9.89491	7.42562	13.2562	7.12024	0.731979	4.63662	4.26066	4.89875	5.41564	7.11134	5.94663	3.90382	4.76936	16.019	8.31565	3.06192	5.90484	9.7111	2.71383	6.25232	8.37475	6.22982	1.25521	2.49036	8.40901	6.51901	3.90382	2.36734	2.68476	3.03108	4.09194	14.8191	17.3985	10.6038	6.48573	4.4438	7.3756	16.0058	15.0224	2.13692	6.1393	14.6379	11.8006	10.8722	14.7804	14.8352	12.5032	7.03296	12.0006	1.67442	11.4908	5.2311	3.88774	11.1795	9.65758	5.11066	5.42986	5.39243	7.60396	14.946	9.77183	1.67442	15.4843	22.3877	6.89955	1.82726	1.25525	1.98416	0	0	7.24667	7.49968	2.88782	15.6665	19.7868	8.85031	15.8203	16.5706	10.2907	7.6883	17.6571	14.0886	14.1263	19.345	13.8644	14.9842	14.4961	10.1006	8.21919	7.50995	5.51244	6.20973	4.32603	3.76907	1.38642	6.89299	9.52186	12.5783	11.0407	9.41877	2.49037	2.13692	1.52688	0.640129	7.14386	10.6022	11.1988	10.7601	11.0881	1.07981	12.0795	1.98424	7.95959	7.12027	6.82067	4.98709	8.35968	16.3902	23.6097	13.924	10.9863	6.05541	12.544	10.538	12.8735	19.0322	10.5468	5.37509	4.28621	8.11987	2.38067	7.21473	3.55073	3.76907	3.19737	3.14296	4.12233	9.85055	7.15267	1.58755	6.26694	1.29233	1.25518	8.36152	10.9163	9.43021	8.11423	5.37525	3.73997	2.95222	6.33088	9.59608	4.96194	8.15368	8.37433	6.89955	10.982	10.3735	7.11997	7.92843	7.0393	3.89991	5.71743	2.88777	7.24259	9.57739	7.20422	6.51911	3.93586	1.91966	7.34812	8.61926	6.22963	5.9857	5.8625	5.55751	5.2313	5.20739	4.48588	5.88098	5.71201	2.66714	0.532613	0.887644	0.561431	0.753188	1.03511	2.13685	2.13685	1.52688	0.561413	0.561431	2.41338	3.27014	1.7837	1.3519	3.48391	3.09767	2.58328	2.54031	3.51978	7.29349	14.23	12.0599	5.58824	2.41345	6.37723	6.1393	3.63788	5.50668	2.77108	1.06513	0.793962	1.98416	3.01538	0	1.29233	2.52166	2.02343	0.905229	0.561413	1.35185	1.51655	2.5093	3.34614	2.92553	4.13369	2.86595	4.21259	3.38809	2.3674	1.60731	1.63644	1.5166	2.22344	2.41338	3.138
0.177525	2.84363	7.41037	11.0577	11.3293	8.8636	8.07771	9.72607	9.94779	8.52436	11.3226	16.7285	21.7061	23.6229	9.73375	16.5937	20.1237	17.1572	16.8412	13.4462	16.2984	16.9513	10.8203	6.7243	4.7263	3.03593	2.36711	6.22924	7.77122	3.76052	1.06503	3.17234	12.2187	7.93749	6.50451	10.5325	5.49763	3.92347	7.76524	11.979	12.0372	9.9121	10.6027	14.687	9.65677	7.41651	7.37708	6.43499	3.89954	5.45223	21.7389	21.375	16.8684	14.9185	7.57855	19.1664	21.3199	13.2904	6.37415	4.50958	15.7302	10.8087	4.76907	11.9703	15.7899	13.5923	11.3604	12.0327	3.34585	9.37086	5.84868	6.45161	10.442	6.57748	2.31332	5.23056	7.93749	6.18901	11.4748	19.1386	8.97261	10.2407	20.1418	17.6632	8.04331	4.6497	15.294	18.821	11.6397	4.22683	6.65269	6.92828	18.0842	16.3729	9.89592	17.8829	15.5747	5.94632	7.00596	10.0696	17.5675	31.0266	28.8772	21.3439	8.76135	8.97763	2.61923	9.14781	7.75149	4.17102	5.88039	6.77235	5.66497	2.31332	4.32586	8.63827	7.2419	6.72867	8.11317	2.13672	2.84363	1.96008	3.98288	6.78861	11.7989	13.6876	11.0673	16.2413	3.87125	14.2275	8.47546	9.03402	7.5096	1.80979	6.56137	8.46311	3.80592	16.8939	21.9615	17.8528	13.3325	15.133	17.1519	7.98595	9.17898	11.4199	15.8193	12.9422	3.72279	5.01444	4.2858	5.13464	5.51198	5.03342	6.59898	3.58551	5.63222	8.20391	5.9851	4.15214	0.177525	1.51639	5.64286	7.97593	8.99487	9.89422	8.97294	7.49309	7.24192	8.82681	6.64305	5.50648	7.17135	6.10831	6.12854	9.46767	9.90605	7.37473	7.98565	8.63284	4.26763	2.88736	2.41314	16.0381	17.6814	17.1065	13.5748	9.08765	6.38654	8.52572	8.83375	5.93036	5.33681	5.68702	5.71165	5.62113	6.04984	5.86201	6.54934	6.92594	6.26654	4.59902	2.66688	0.793891	2.15865	2.77098	4.11065	3.87125	1.91945	0.396965	0.640031	1.91958	4.31495	4.93948	3.58559	0.251049	2.86016	4.21206	5.13428	4.78531	8.06042	15.0822	14.4472	11.6872	6.87227	4.93296	6.43463	3.89138	5.45213	2.77647	1.67425	1.43097	2.80463	3.51923	1.59732	1.29221	1.1226	1.19067	1.24249	0.793891	1.2799	2.3869	1.85274	2.06945	4.81774	5.88823	3.25534	3.76894	5.41812	4.76588	3.81845	2.75387	1.80984	2.84361	4.17102	2.22321
0.396907	0.177508	1.25498	2.93578	4.37569	5.49741	7.50476	7.66104	5.63163	5.13397	3.42412	3.26946	3.36417	14.4166	18.28	1.41978	13.9202	11.5617	8.99758	8.26254	14.5334	6.68911	9.43957	6.0978	7.89812	7.78833	7.32369	7.12723	5.09732	1.46344	0.731838	1.07962	10.133	4.8173	5.0699	13.4869	11.2484	3.3455	7.90552	11.8287	9.19335	22.0684	12.9681	17.6218	10.6552	8.17851	6.51801	6.86015	6.49873	8.23066	24.1449	18.4678	10.9403	16.2399	19.8811	23.7589	15.0727	7.31548	10.3117	0.955808	13.9167	9.91124	2.77622	0.355013	1.63612	8.28633	15.2441	7.1704	3.19682	3.19677	7.77047	5.31293	10.0039	7.10998	5.54246	2.31312	7.66104	16.8431	7.85874	16.6714	16.9681	5.6646	13.8207	20.5727	14.9402	8.31418	24.729	20.1557	22.5	1.51625	3.58966	6.13822	18.0827	14.7676	4.35781	20.1503	19.7616	5.24215	4.98599	1.91108	22.2327	21.617	14.6673	15.2883	8.84847	4.07966	8.59631	6.48951	4.65926	1.77452	0.793776	6.34687	7.09257	4.76844	4.78474	3.06133	4.98609	6.98729	7.03133	3.54573	4.14818	4.14804	7.06416	3.54564	3.26963	2.70178	4.1329	17.0764	4.72572	16.2059	9.24761	3.19675	4.89756	5.2568	7.59613	9.09351	10.9023	3.44241	9.32661	13.2429	10.8704	9.33944	13.6601	8.73254	8.18064	5.10645	12.0802	18.8302	9.07341	4.51618	0.561323	3.14235	4.59856	3.19682	3.96292	7.80979	5.85863	2.97287	9.13332	5.10956	1.41978	2.46445	4.28526	4.64904	4.04489	5.1551	6.0053	5.31293	6.89839	12.5862	5.64514	3.87089	3.23581	3.92312	5.06352	7.62038	8.46003	6.42685	5.30403	5.87985	4.28162	2.63704	8.56246	21.3612	12.7449	14.113	13.8918	9.38801	6.36401	9.14674	10.7576	6.33702	3.58949	3.44236	2.5583	1.58725	3.19669	4.22646	4.28162	4.09112	4.78488	4.96099	4.48494	1.607	3.25988	2.80446	4.25607	5.85599	2.70747	0.887473	1.74768	2.1438	2.30641	3.78921	5.03591	4.61881	0.396924	4.22646	6.57453	6.25576	2.68425	11.2588	10.3978	9.21145	8.47277	3.23576	6.61678	3.80559	5.20618	3.33126	2.8653	2.90878	4.18181	5.25385	1.19062	0.251027	1.03491	0.887473	0.177508	1.03496	0.905054	1.8269	2.48988	1.46347	3.34534	6.64015	5.53946	2.38669	2.02312	2.93578	3.37342	2.93566	1.38608	1.27985	4.44299	5.48877
3.88686	3.2597	1.24225	0	1.63589	0.251018	1.63589	0.177491	3.06103	7.81108	7.88756	8.22289	9.39563	10.0273	16.2946	7.44594	5.63075	0.532459	2.86501	7.29139	9.04689	3.41019	7.98395	1.07952	2.4642	5.41672	8.12674	8.35722	4.35718	2.02284	1.25484	1.25487	8.28547	4.98549	2.13622	9.41602	6.15767	5.14575	4.68878	14.2687	7.88736	30.6178	22.7038	25.9478	20.2524	8.31362	2.15828	6.63242	7.81288	9.68144	22.9164	17.5079	5.06299	13.1523	25.6411	28.7518	14.1316	12.9523	17.7464	14.8458	20.022	20.3043	13.2581	3.0611	1.35152	7.14379	13.9656	11.6799	8.8549	8.99344	7.98443	11.2271	14.1693	4.07939	3.9823	1.58717	10.7962	11.6845	10.7329	9.31059	16.5904	9.45528	10.4982	20.33	22.2869	19.3435	27.4156	15.6208	29.5282	13.7781	3.48292	4.28844	17.1286	16.3577	3.01466	17.7085	21.7418	9.94591	8.23	7.57925	23.4807	17.921	14.4527	14.1853	8.60253	4.48116	11.1816	1.12244	6.43347	3.38714	6.79626	9.18599	11.2059	6.98658	5.10905	5.20598	7.34849	10.502	7.9975	3.93489	5.71603	8.11192	10.3981	4.43889	0	0	3.93463	14.7905	6.42404	11.8776	9.00494	5.69698	7.85811	11.2194	14.6215	9.89235	7.27235	10.0978	7.11825	6.96897	6.95994	7.97431	8.56158	5.30377	4.86211	12.5743	3.21117	16.5861	10.135	1.5161	1.29196	3.75551	1.59701	1.07952	2.24401	5.10592	8.1268	2.80409	9.42751	8.26157	3.4828	3.29778	6.09694	6.54809	3.88682	3.17173	4.4283	3.72618	4.67871	13.7299	7.24454	4.81675	3.49176	4.78114	4.81039	5.41672	6.88862	7.60566	7.24694	6.71607	7.89699	4.89705	10.1634	22.699	16.7249	7.44612	11.9363	9.97874	5.30348	6.81641	11.0537	8.20944	5.33586	5.71034	3.88659	1.59701	2.02281	3.82576	4.44252	3.93479	4.44257	4.96051	6.0047	3.17173	2.85956	3.81772	3.96255	4.96034	2.71303	1.98368	2.48963	3.36845	2.63683	1.68338	1.88601	4.21122	3.01466	3.78876	5.25625	6.64178	1.80944	8.60077	8.90942	7.10927	9.93942	5.26254	5.22956	3.25951	4.67535	4.15134	2.33322	4.72525	4.44243	6.18783	1.38603	1.29192	1.46334	1.91098	0.887417	0.251001	0.396888	1.12244	2.24401	2.92477	2.15828	4.76463	5.49383	5.3095	3.19647	0.90497	2.52092	3.25954	2.31294	1.07952	1.77435	4.65873
3.93448	4.80994	2.77568	0	1.88585	0.250992	1.88585	0.39683	5.77472	10.4895	7.88678	8.04108	9.42694	7.18869	10.8722	6.966	1.88585	3.15657	6.95933	9.35053	1.25477	3.40983	5.622	1.24213	3.19607	6.15714	7.38922	7.12587	3.6537	1.03476	2.14339	1.60667	4.86147	5.65235	1.63575	9.89257	0.731715	5.01018	4.2845	11.0025	7.88664	35.7506	28.3802	26.5059	25.7505	8.5236	3.70057	4.89662	5.94436	8.50893	19.6472	15.2338	2.14339	7.58889	23.4406	27.72	16.6021	12.3543	21.1582	14.9254	18.5509	22.5694	21.6397	5.81763	1.9595	2.46398	8.08855	12.7692	10.7054	10.8684	9.74484	25.1857	13.0709	12.2699	3.80502	12.4398	12.3364	8.11112	6.32385	4.79374	10.5994	9.47996	10.428	17.5536	20.0626	18.7004	23.0862	13.9866	28.8541	21.4014	6.92603	1.82655	17.1272	19.5354	3.1962	6.6412	17.3913	10.981	6.37255	6.57576	16.3842	16.6975	12.357	10.0865	1.91892	5.66069	6.49754	2.70116	5.32356	3.40525	9.65406	8.67292	14.922	9.51627	3.38671	6.27704	7.11755	12.3361	9.50994	4.31369	6.44988	8.28311	13.3271	6.85874	0	0	2.70695	10.4434	7.59484	3.01941	7.4641	5.55267	9.30328	15.2959	14.9319	8.39348	8.26081	7.94294	7.21223	4.22585	5.73962	9.66804	1.9595	5.48782	6.59689	14.6915	8.35471	16.8033	14.3141	1.2918	2.19414	3.53162	1.19039	3.98173	2.00713	1.00387	9.28358	9.53058	8.11112	11.4775	5.30301	3.79248	9.70559	7.91965	4.09042	1.41951	3.19607	3.72585	4.67829	13.4928	9.69777	5.30886	6.85874	5.33529	3.75943	2.22258	4.09034	6.55933	7.76303	7.27167	10.4492	8.60179	6.36524	17.2079	19.6475	6.71314	8.84679	10.9012	7.20552	5.145	9.44584	8.42227	5.18135	8.43129	6.62251	1.19039	0.250992	2.66611	4.25523	3.78848	4.28456	4.79374	7.09122	6.08366	1.77422	3.54505	3.34486	1.85222	1.68321	1.88595	2.30592	2.63653	2.70708	1.68321	0.639851	2.30592	2.95122	2.53941	2.75865	5.46205	4.61783	6.66676	9.14489	4.96004	8.45682	6.17497	2.48941	2.75865	3.93428	5.39321	1.43058	4.72482	2.8866	6.43284	1.51602	3.4417	1.46319	2.15807	1.63577	0.752897	0.532408	1.12232	2.00713	2.92448	1.77422	2.27153	3.56261	5.67165	4.98504	0.90488	1.52629	2.36643	2.71278	0.887324	1.27961	3.56261
2.46372	4.08994	6.04243	5.69592	4.67473	6.48052	7.82752	4.16954	5.2523	10.1793	8.5889	7.64274	5.16896	4.38521	8.83058	9.80257	5.38981	9.12949	8.86517	5.52655	7.93447	6.51865	5.15379	3.65351	5.24067	6.44914	5.88598	6.0215	2.837	5.22587	6.18453	4.63433	3.88587	8.47031	7.27749	9.63579	4.59364	3.33028	8.01309	8.96396	5.45005	35.8909	27.7674	18.4718	21.9766	7.48997	7.76212	6.29343	5.41292	8.19847	16.6802	14.6116	10.3689	6.99669	19.5989	21.2022	13.9044	5.55187	20.7986	4.67781	4.76701	16.4673	24.6066	8.68759	6.42281	5.53814	3.56655	9.21847	13.0275	11.5853	7.58807	28.8662	10.2544	15.0956	12.9434	18.3478	9.57271	13.1	16.1674	8.99509	6.57259	3.26855	5.76094	11.7688	12.3304	11.0522	10.6704	6.07551	19.4494	23.7946	17.0599	4.9846	14.6715	20.6368	15.0516	12.8419	15.9269	15.0844	5.40165	4.92152	7.20272	9.57288	8.65788	1.91052	5.24067	4.98467	2.22235	5.06202	7.5883	12.6021	7.49023	2.52043	12.7225	12.9341	13.4707	9.77212	6.09614	12.445	16.5864	11.7439	2.25757	5.31125	13.5466	8.25797	0.639826	2.71258	3.42327	5.26117	6.79469	2.48915	1.82636	3.759	6.26876	14.2966	13.4831	5.30866	6.57259	4.15054	2.93479	2.31258	3.75479	7.48592	7.7685	3.88611	6.71458	13.4035	12.7389	12.3527	14.02	5.38146	2.16518	2.37954	6.18453	6.00374	2.31249	2.31258	10.4942	10.3248	7.43837	11.814	3.90192	4.21045	12.9777	9.2317	5.13554	3.01408	1.80909	2.95077	4.37425	12.7502	11.6733	4.68788	7.24316	5.00943	2.65986	2.07622	2.36627	3.09606	5.26117	5.88598	10.7991	10.3961	6.70342	12.9644	13.2916	8.97785	7.49023	7.73228	8.25439	6.24923	9.59322	9.44489	3.61458	8.90091	8.88042	4.13193	1.88578	1.24201	3.0295	2.70088	2.13587	3.82515	8.12535	8.75587	4.16954	2.31258	1.52624	0.904796	0.904771	1.8521	2.33282	1.13617	0.35491	1.85203	0.56114	0.639784	1.80909	4.28058	6.47099	7.93447	7.80752	4.28399	8.17783	2.88639	5.48719	6.90766	4.86127	3.14146	2.7754	5.6407	2.65986	3.90206	4.51505	6.55621	3.02964	5.31142	4.64792	2.13595	1.6736	1.43037	0.731648	0.501895	0.731648	1.35119	0.887186	1.00371	1.00371	4.03981	5.14447	2.36627	1.19028	1.00371	2.15782	2.16518	1.52624	1.74717
5.3197	3.00857	1.07921	1.75597	0.955439	4.64726	3.65297	5.50916	2.5078	7.61574	10.6812	12.5009	12.0229	10.1193	10.011	12.1402	12.3048	4.14659	3.93372	1.78269	9.34717	7.85616	7.05524	5.59341	8.61479	9.36535	6.09546	4.08951	1.13605	4.8606	3.29702	7.10504	3.2682	10.0589	3.50865	5.15921	7.23845	4.60691	9.20452	8.13205	5.50945	31.6679	32.3513	25.6314	16.0988	7.63577	11.968	7.94143	2.93453	5.32254	14.4196	21.8151	25.9704	26.6597	25.9305	18.5052	16.4489	10.9189	23.8403	17.8599	11.8587	12.27	22.1797	9.8907	5.94057	4.03945	6.40266	8.74281	15.7386	6.76922	4.01636	25.6229	18.8807	8.94152	20.4919	19.5953	6.26854	9.85265	17.8446	18.1587	12.0705	1.77384	8.81787	5.58503	4.80902	5.32271	4.96851	7.53666	17.4745	25.3796	26.5014	17.5252	8.9906	8.67292	15.8722	15.0491	15.9718	19.2007	16.1166	12.4438	7.23641	7.2555	10.943	7.83045	9.5673	5.48677	0.887108	5.96412	10.5618	9.38467	11.3172	9.26912	13.4952	17.1493	19.875	18.5417	13.6298	12.9182	16.4366	16.9236	9.62237	4.68754	13.0704	12.9362	9.57214	8.99417	6.87802	2.41208	5.41253	8.28357	5.87776	1.03451	2.93453	9.93949	9.12818	5.55137	4.53871	8.11528	4.8607	6.43188	7.30644	3.58385	1.98309	4.08959	7.27658	10.0246	14.8917	11.4445	3.14105	12.0426	11.7121	5.48658	5.62097	4.81565	5.70889	6.24622	10.9322	5.83254	10.7661	10.7438	2.61811	4.08951	12.8388	9.12986	3.36288	0.561089	1.91042	2.66558	3.49077	9.60959	10.3327	4.61717	5.65127	5.61815	4.81546	4.03961	4.37404	3.49091	3.2538	4.53856	9.38446	10.9186	10.754	11.4142	3.6871	6.26854	6.81483	1.95109	6.04676	5.76036	10.183	13.2111	7.51201	8.45704	10.4475	8.41365	5.37216	3.25874	3.56189	3.88553	1.19016	2.16496	6.9381	8.52	6.92493	6.03414	5.20444	4.51458	3.73781	2.33255	1.51567	0.904687	1.06452	1.98303	1.68284	0.396771	2.77515	4.92109	3.44121	8.1754	9.55275	4.21019	5.88546	1.07919	3.02922	3.93359	4.19905	4.6475	4.19905	4.59667	3.58811	1.4303	3.23457	5.44964	3.65311	4.98739	6.72579	5.94344	3.25877	2.13568	1.27936	1.13605	1.03456	1.41923	1.35107	0.731574	1.63549	3.5838	4.95907	4.08963	2.77527	1.27936	0.793503	2.52034	2.85883	3.19559
3.75424	5.66201	6.37335	5.69483	4.78274	7.25495	7.11557	4.96804	0.887075	1.51559	3.0135	5.4636	7.1004	6.99524	11.588	11.0334	12.4329	7.41853	3.93331	2.53862	8.97261	3.81612	5.87707	3.98064	7.13915	5.703	4.22467	2.41187	1.63531	3.75832	3.14087	6.64863	1.29147	10.1715	6.6373	8.10154	6.51741	2.58163	7.57434	6.1049	9.30072	21.5719	23.6006	17.0582	11.1097	11.5561	14.6161	4.9082	2.14287	2.38556	7.44565	13.5772	18.7159	20.7861	17.5429	12.588	15.9337	9.35964	18.5515	17.6842	13.2104	9.30096	18.6968	11.5558	6.0103	5.75713	5.53686	4.7235	12.9476	14.0679	9.89947	25.1479	23.2962	8.80113	14.5725	9.44361	12.4756	16.008	7.26741	16.7077	14.9391	14.5406	13.3843	13.5448	6.86843	5.94295	8.5923	13.1278	14.8904	18.2126	22.2328	15.9053	11.1728	8.97275	1.63531	8.35604	6.24789	10.0115	11.9523	15.8659	8.66137	6.24542	14.9054	12.1575	4.86992	7.44528	2.85845	4.0393	15.5298	14.5188	4.59639	8.85856	9.39845	6.74361	7.03055	11.2433	11.0608	4.10831	4.37345	14.5584	10.5893	5.26052	10.188	12.4047	8.96288	6.53875	4.25779	5.32205	4.7235	6.63964	8.84451	3.91333	4.2796	12.9064	7.46203	7.76075	6.732	10.8417	4.61664	6.8951	5.7383	8.80317	7.16729	0.793434	5.75969	4.78262	6.5552	7.68949	11.1266	9.66717	14.7708	10.6531	7.37263	3.15568	3.64854	3.88534	8.25841	3.02896	12.7791	11.2695	2.30532	6.2082	7.97141	6.34404	7.18669	3.90133	2.37898	3.19526	4.43031	7.26106	6.49568	1.88542	5.32208	5.92704	4.53816	3.53063	2.58163	2.13554	1.59641	1.74686	5.98175	6.18572	4.89543	3.38566	1.88542	1.00354	2.63568	2.13548	3.64838	1.13589	5.0365	11.2537	8.20643	5.20681	6.24798	6.8951	4.83123	3.19524	3.64838	4.39837	0.56104	1.13595	4.71352	4.71352	3.56162	3.98078	3.88534	4.03926	4.77935	4.07774	3.05994	1.63537	0.709663	1.27918	2.06816	1.27918	2.65946	6.55504	4.25038	4.92066	7.53565	2.85858	4.34125	1.82612	4.10825	3.44086	1.46275	2.19358	3.32982	3.23429	1.91838	1.50519	3.09554	5.27797	2.41175	0.887075	2.5387	4.44089	3.58354	1.27925	0.73151	1.13595	1.67339	1.95897	2.46329	1.0791	1.51559	2.68294	3.48151	2.8858	2.12812	1.77368	2.06816	1.19001	1.351	2.31214
0	0	0	0	0.396677	1.2913	0.95529	1.18988	0	0	0	0	0.793317	4.83066	14.2195	10.3816	8.66937	9.51457	6.0867	2.46941	9.59054	7.94956	8.0263	6.20761	10.8418	2.46949	2.46949	1.2913	1.67321	3.32947	4.34089	4.59579	1.60605	6.92339	4.64656	3.0494	2.92335	2.50737	6.17247	0.501781	11.6781	9.32596	11.7819	13.1734	12.861	11.3414	8.85726	5.77251	4.04659	9.01588	8.54178	6.71305	7.30504	7.74642	6.50011	5.87664	11.4666	5.22709	10.5271	13.7209	15.8048	16.1829	16.8931	9.99533	2.84171	2.71179	2.77462	1.18988	3.09521	2.13532	8.59142	25.3135	22.9398	11.7918	16.4123	3.72449	17.8198	12.4317	9.22764	15.4103	11.362	22.7999	13.6846	17.5282	7.94962	3.93277	12.5168	10.4352	9.24236	17.4166	17.4993	10.3891	9.60352	15.5396	11.0273	3.01312	11.1287	13.3751	10.4698	14.8159	13.3934	10.376	15.5457	14.2625	9.1734	7.82896	6.05078	8.70996	15.376	20.5506	7.18381	7.79384	5.78081	4.20925	8.28197	11.0596	11.8347	6.74728	5.87648	12.5698	10.7014	12.5162	15.9974	17.3989	13.55	13.2522	13.6733	16.6537	16.7977	9.04313	3.258	6.20761	8.50039	15.8076	8.51838	7.87018	3.44038	9.10137	4.07731	7.48786	2.63552	4.03883	9.51308	14.518	12.8485	4.44043	5.7024	9.20651	19.4445	12.8697	14.0884	8.54867	8.4193	11.038	4.53769	2.31189	7.02949	4.08872	11.9656	13.2826	6.82029	7.80738	6.48077	1.25426	4.51351	5.37959	3.54351	2.27066	2.77462	6.71272	7.59179	3.48123	7.52056	5.6199	4.10782	3.65232	1.95071	1.35086	0.752647	0.250895	4.37299	3.88879	1.68251	1.079	0.88696	0.250895	1.03431	1.59624	2.70012	1.41896	3.36213	8.10028	7.98021	5.09439	4.91699	5.929	4.77885	4.98323	5.70764	5.15813	1.63512	1.41896	3.80339	3.58742	2.02187	1.95874	2.13525	2.68266	3.258	2.65911	1.77345	0.886982	1.25428	1.59624	2.13525	2.71179	2.16454	3.38531	4.07731	4.98323	5.06679	1.42996	2.94995	2.48213	5.35361	4.14579	5.10675	4.8308	3.19001	1.80858	0.731415	0.177406	3.49458	5.83667	2.31178	0.250882	1.07898	2.86364	2.61749	0.250895	1.25426	1.51543	1.5864	2.30508	4.16832	4.37317	2.70604	0.793317	2.97116	3.19487	2.16443	2.14256	2.63543	1.2913	0.177406	0.177406
3.58285	4.88182	3.36654	0	0.17739	0.731369	0.886904	0.532156	0	0	0	0.886882	3.58285	4.45759	11.8786	9.9838	5.44825	8.58396	10.4691	9.44959	3.49427	8.10734	8.62812	7.89293	16.5333	5.20581	2.53813	2.25659	1.88496	2.7058	4.55116	2.14246	1.52557	3.38508	5.09412	5.2536	6.15456	7.24089	8.63176	8.69492	4.44011	6.70089	1.68236	8.19769	11.6734	7.656	5.15777	5.69374	11.3787	12.6382	7.75955	5.06042	5.71276	3.99567	1.52565	1.12176	7.48741	12.6416	1.68236	10.01	15.1097	16.1256	12.344	5.41102	1.98251	1.35074	5.70181	19.2661	19.8758	10.0818	10.6608	23.6355	22.0255	13.0229	17.0477	5.00759	14.2542	13.2676	4.30793	14.9719	5.17892	21.1717	22.6565	13.6034	18.0443	10.3865	6.85553	9.39667	10.1089	15.4061	9.82667	12.5152	11.3982	8.66855	11.4291	9.99447	9.58849	14.0875	14.2614	17.523	19.524	15.6031	15.8246	14.0154	14.9715	18.3405	17.3992	11.0793	15.4643	17.675	10.8677	12.3489	8.34555	10.6651	9.70284	13.7301	12.7401	11.6119	9.61972	9.89142	14.9109	13.7781	13.2079	18.4415	23.9701	26.1828	22.0632	22.2299	27.0759	27.9648	24.8354	13.2455	4.59195	15.7344	14.5023	6.20465	3.88462	3.01798	4.27895	5.15169	2.36537	4.13035	8.63358	12.4928	14.451	16.8372	13.2585	5.99866	19.4602	17.2542	11.5974	3.9325	10.7511	17.6395	14.6763	4.51328	6.63808	5.62761	7.82829	13.5776	10.8123	10.9005	10.6385	4.44001	4.91972	6.51347	3.40808	1.98245	1.03422	7.41072	13.333	7.18532	13.5472	6.15425	3.23361	1.82569	1.29119	1.78219	3.02848	3.13531	5.09412	8.19581	6.89404	2.97099	1.42986	2.25671	2.63531	3.51677	3.65211	3.48093	4.42947	4.76526	5.83091	7.25343	6.76725	6.00915	5.59185	6.17207	8.05419	7.0879	3.64768	2.46919	3.19459	3.34312	2.37853	2.15701	2.13507	2.24265	2.02167	1.98245	1.80842	1.35074	1.77338	2.33194	2.19316	2.55673	2.61738	0.17739	3.25786	4.64615	0.793281	2.84146	2.3319	7.27457	11.5088	8.98833	6.07325	4.07684	3.38501	2.16424	0.396643	0.63958	3.80306	5.37915	2.85798	2.38523	2.24272	2.41131	1.12176	2.07543	2.14246	1.90988	2.14246	2.63531	3.73684	4.76545	4.48204	2.41131	1.98251	4.25323	4.07693	3.61324	2.86339	1.27894	0.63958	1.03427
6.98198	4.89414	7.49255	0	0	0	0	0	0	0	0	1.98225	6.42925	5.14234	8.73951	8.98694	0.250834	1.88476	5.06589	11.0019	5.83309	4.14859	5.88321	3.30998	15.7329	11.402	1.51516	4.1786	3.36149	3.04867	2.76841	1.2788	1.46232	1.07881	0.560898	2.31149	3.80289	4.81388	7.19725	11.1315	7.58248	0.396624	7.95212	6.22394	5.15715	3.09463	4.39706	6.61887	9.00598	5.66043	1.2788	1.98233	2.6646	7.30978	5.10286	4.71243	10.9284	16.2259	13.7626	4.14487	0.793165	0	0	0	1.58603	1.00331	13.9482	28.7729	24.741	24.685	9.80095	22.6246	21.745	13.5415	17.0967	8.93769	3.13503	9.84929	16.1279	18.0056	1.91793	11.8098	28.9193	5.94096	21.3462	15.9982	2.46271	5.16653	5.77175	11.5796	1.38511	5.50743	17.7232	15.1882	12.3964	10.7941	1.2911	10.3564	5.55226	11.9304	18.4607	13.8605	14.3536	7.14557	8.79885	15.4515	13.3106	9.59815	21.0055	10.7733	9.56339	6.88647	9.52517	12.5991	11.9571	11.298	6.8931	10.4836	11.6985	5.85701	9.33239	0.886826	3.23336	2.61714	16.0649	16.9836	11.4831	7.0286	13.4959	20.3105	25.6861	23.5818	7.77452	7.78824	16.6734	14.5688	6.3592	2.30455	2.93341	2.36508	4.14859	1.12164	5.88321	4.55059	2.71123	11.8092	20.6932	18.1306	13.4463	18.6486	8.25412	0.709458	11.4645	12.4485	17.2501	7.78834	8.73781	7.9787	1.07878	8.37194	7.10459	8.02474	11.0465	6.6374	5.63805	7.61457	2.80219	1.91781	0.731302	6.99293	17.4007	3.76571	17.0976	9.84869	2.2213	1.38511	2.24252	3.54737	4.16757	3.09476	3.88424	6.74174	7.80606	6.0084	3.815	2.50693	2.38502	2.4112	2.46271	2.6646	3.48049	2.02149	2.02149	5.98	6.5342	4.76483	3.09463	3.4215	7.11317	7.82932	5.44748	3.25734	2.51924	2.75706	2.51924	2.25635	1.25398	1.51509	1.80824	1.80824	1.90962	0.731278	0.904344	1.68219	1.35055	0.250851	1.18965	2.27022	1.77311	1.2788	3.6473	2.48168	0.79321	11.5525	12.748	8.32446	10.4447	4.79098	3.99518	2.33167	0.709458	1.46232	3.61288	5.32052	3.13998	2.46271	1.38511	0.752462	1.35062	1.98233	1.00331	0.731278	1.35055	0.560898	0.396602	1.42969	3.40772	4.22322	0.793165	2.92273	3.73637	4.4571	4.16745	2.77409	1.12164	1.13563
12.9573	8.35327	13.0923	1.42963	3.09444	3.25241	1.59579	0	0	0	0.354708	3.65128	7.96071	3.09442	5.30829	7.87549	0.954988	1.50453	1.42959	7.04509	8.30715	5.53497	6.89247	4.85832	12.802	10.9133	3.97927	3.23304	5.42419	4.42862	3.73602	2.8574	3.36589	8.27045	9.17087	7.82704	6.89263	3.82287	6.22314	9.12394	6.17075	6.07209	4.0877	5.44701	3.88367	3.65125	4.5945	8.73709	8.48018	4.14844	1.82534	2.71103	2.30443	7.82863	1.25389	1.52528	8.06775	12.5123	13.9052	5.24937	1.58589	0	0	0	1.67266	1.35043	20.6253	32.1972	21.4066	32.0819	6.6345	21.5226	21.6234	16.2344	18.075	5.12945	5.85644	6.99245	15.5459	19.1318	5.02859	7.08655	23.9882	17.6909	12.6319	18.94	4.51241	5.13261	10.2976	12.3464	8.5734	6.71116	17.9628	16.3738	9.23981	8.21997	1.2413	8.18835	5.94068	8.39497	17.0342	17.7121	21.3291	15.6696	10.9739	5.90636	10.08	18.4947	20.6374	4.98174	10.0077	10.8764	6.09243	9.77548	14.6323	8.6406	1.74618	10.9803	15.3577	7.99172	6.24569	3.63407	1.58589	8.19392	15.6372	10.363	15.5899	1.74618	4.20818	4.65528	10.6009	18.1048	20.159	21.7639	14.6829	7.53286	7.286	10.6762	6.86581	2.93315	6.1832	3.78596	7.40951	5.48983	4.76437	1.6056	12.8341	18.667	8.85513	13.4853	8.91854	3.58659	13.877	8.98616	16.7124	4.03755	8.32914	10.8099	3.95941	6.07209	8.63182	9.83423	12.8251	10.4209	8.68277	9.25288	1.74618	2.53772	2.33145	4.9942	16.3738	10.2683	12.2992	11.9586	4.13321	1.12157	1.88469	4.42861	4.80681	4.55028	1.63472	1.68209	5.97941	7.27309	5.75473	2.58064	2.85748	1.77304	1.58595	0.354708	2.92246	2.13466	0.955022	5.30534	6.37058	4.01426	3.19395	3.63407	6.53592	7.35931	5.69237	3.80233	2.69936	2.63469	2.71098	3.01747	2.70528	3.25241	3.38447	2.50658	2.19268	1.1896	1.06402	1.46218	1.773	1.38496	1.68209	3.09442	4.0877	3.37055	3.78996	1.75514	1.03402	11.0469	14.223	8.99828	10.2972	4.25241	4.08762	2.85743	1.27875	1.12154	3.26671	4.43909	1.42959	0.501614	0.731229	0.560841	0.954988	1.0787	1.1896	1.12157	1.78184	1.42963	0.396583	0.904278	3.01228	5.30548	4.53658	2.61687	1.38489	3.26671	4.65521	4.61487	3.30965	2.41094
18.3055	8.91775	18.6891	1.78168	4.43872	4.08727	3.56418	0	0	0	0.793013	5.30774	8.19494	3.23274	2.75088	6.64541	2.65809	0.501561	0.954936	4.45625	6.76542	5.30515	7.53211	5.70548	11.6133	7.98867	6.03056	5.10469	8.9019	3.40727	3.54667	4.14407	9.37418	10.3723	9.78421	7.91983	8.99734	7.97719	4.52215	7.73124	6.59652	5.1291	3.68522	1.42945	1.63449	4.89287	2.25607	7.40878	7.88087	7.36706	1.82515	2.71078	2.22101	8.06692	1.25377	1.52512	4.08717	11.124	10.3137	5.49189	2.55584	0	0	0	0.95489	3.78956	26.1934	33.2253	22.9908	34.4974	2.85716	19.7657	20.7549	20.9593	19.625	2.63439	5.03428	9.11974	11.5206	15.5472	5.22241	9.58527	15.644	16.7189	8.88993	18.9382	11.0458	11.6555	12.7505	10.5094	8.79734	7.70967	6.53524	15.9529	15.6002	8.70983	0.954936	4.79011	5.94015	9.84081	11.0339	15.6436	21.9769	15.493	10.9729	4.42452	13.2038	19.0574	14.4023	3.19373	5.15648	10.1015	4.82891	5.55119	12.7608	5.94015	3.19362	12.6341	20.1166	7.05133	7.59922	2.88434	1.58572	12.3973	14.515	7.09708	21.2539	9.82836	5.68101	3.76499	4.9278	8.51553	19.6617	22.2845	17.4874	5.49204	6.72198	10.4189	10.7422	6.32363	6.42793	7.08583	7.58104	4.91541	1.88453	1.03398	5.92675	12.3452	12.0749	5.05901	8.91775	4.78033	14.8104	8.00782	17.8526	0.501596	5.52595	12.7594	9.28142	3.68522	7.85162	9.83331	12.625	11.5943	11.8076	11.6657	0.6394	2.13453	4.82881	2.07484	10.0791	13.5824	2.53742	11.9574	6.56125	1.12147	2.48752	4.80629	5.48356	4.98137	3.6509	1.68194	3.80194	5.7971	8.22284	4.37852	3.55991	1.77289	1.58581	2.26979	2.12709	3.19365	0.886656	5.7971	7.11178	3.01708	3.43906	4.88012	6.53524	6.12215	4.95611	4.04101	2.69909	2.4106	2.31096	2.66409	2.63457	3.19382	4.28124	3.36085	1.9819	1.13542	0.793057	1.06391	1.46208	1.4295	1.52522	2.63457	3.97889	5.36894	2.31089	2.25592	2.02107	5.85582	11.5572	6.99868	4.1327	4.43872	4.28124	3.18881	1.77283	1.12143	3.69774	3.7523	0.954936	0.501561	0.6394	0.904169	0.731137	0.886656	1.13542	1.12147	1.4295	1.78168	1.42942	0.904194	2.16374	4.37866	4.89311	3.05848	0.886596	2.15643	4.26299	4.61442	3.43922	2.63454
18.8029	5.10136	18.1445	3.01177	4.0057	2.3039	4.93369	2.02097	0.560733	2.31075	7.06143	12.202	9.08411	2.50605	4.61411	7.57213	5.36861	5.5058	3.73533	4.92736	7.13518	7.72491	8.29274	7.42464	11.2156	11.7955	6.51122	7.05699	12.7031	11.7161	7.97688	2.96984	11.2724	10.3172	3.18851	7.23814	12.7031	14.7424	6.24956	4.76343	5.09199	4.92753	4.91808	3.82223	2.07456	5.12847	1.68172	3.01682	4.10594	10.0524	7.5456	6.09903	4.61402	8.74052	1.63437	1.25362	1.52506	8.976	6.48246	6.76476	7.57236	6.67299	4.31	1.41829	0.39649	4.19609	25.6564	32.3554	20.8677	29.834	6.39622	13.0676	23.6389	28.3502	25.0206	12.5774	10.9118	15.1793	3.25646	14.7735	10.4868	13.9943	9.07541	10.0509	21.0448	14.8169	16.1059	13.2622	9.36039	5.20079	9.00859	12.8961	7.11148	11.775	16.2107	12.1993	4.26262	7.06573	16.6463	28.2928	28.5156	23.2335	19.6021	11.614	8.45147	6.85292	13.554	17.9435	9.93301	0.904104	1.74585	5.88157	5.58953	5.2575	7.11121	5.69128	3.64628	11.9539	19.478	8.58219	6.55369	9.40771	7.61286	14.9617	16.1786	7.94982	21.2619	16.3835	7.43918	4.14384	3.55953	6.07093	10.5947	6.7557	18.3968	19.1748	13.4212	5.50016	8.74052	7.99	8.98283	9.92997	4.81222	0.501543	1.74592	6.043	6.90244	4.59019	12.9547	9.34291	13.7147	8.36449	8.98787	6.61711	14.3023	5.27521	3.68484	13.2622	14.0098	3.38371	4.10594	8.27794	12.6854	12.4509	12.6667	12.8317	1.27851	2.30395	6.22207	4.67118	5.24861	13.3688	9.88465	8.18679	6.48246	1.98177	2.46187	4.76343	5.319	4.26259	7.05027	3.25646	3.8991	5.14972	8.79613	5.44597	3.01691	3.40233	3.2662	4.60384	2.021	2.41036	1.3847	5.48295	7.96694	4.60386	4.48025	6.1014	7.0262	5.42315	5.37716	5.48295	3.01164	2.06697	1.58558	1.67234	0.250777	1.25367	3.73523	3.13394	1.35017	0.639333	0.396507	0.560733	1.03387	1.35022	1.1353	1.24106	1.59549	6.00672	2.15622	3.09375	3.09375	1.06381	4.67097	5.83408	4.38184	2.83484	2.46187	3.0117	3.19342	3.01689	3.91901	3.40681	2.13431	1.74592	1.1353	1.4619	1.13524	1.25369	1.63443	1.00301	0.639302	1.68177	3.09383	3.16887	2.94869	2.46833	2.3039	2.55562	2.3039	0.250777	3.01682	3.40216	1.7815	2.9327
14.4994	7.78528	11.8842	6.31026	3.0061	1.07839	4.51101	3.47915	0.903995	4.83113	10.924	13.7387	8.12637	11.3819	4.6137	8.20094	4.77957	5.55026	7.65999	9.64481	8.82312	7.98186	6.72076	7.61189	8.20874	12.8993	6.03728	5.00237	10.4572	12.4218	9.01106	5.53596	8.87793	12.6956	3.95831	8.62769	11.7895	15.9635	8.79551	1.4292	2.8401	4.50431	5.22437	5.1553	4.71032	4.38116	0.90402	0.250755	3.29454	9.83896	15.2104	8.96677	10.5068	10.1987	0.886485	0.752173	2.71019	6.80932	2.48072	5.54744	7.34926	7.11085	6.8185	3.16841	0.177305	2.36417	18.4539	26.8341	13.856	16.8171	11.9429	7.5716	21.1629	29.7991	26.5589	11.7746	10.9983	20.5686	10.0047	12.0335	13.0711	19.5614	8.1089	7.36353	25.8734	8.58134	16.3098	8.96677	6.18138	11.0261	10.7222	14.441	10.9719	6.67196	10.6952	14.6967	7.02993	13.1322	24.1335	31.7675	28.415	24.8557	15.5571	11.406	6.42706	1.77249	14.0084	20.3879	11.8655	0.90402	0.639277	6.36629	3.2078	5.53342	3.8987	5.93603	1.12126	9.07447	12.9489	13.9149	7.33429	9.2508	7.82682	12.6355	16.5622	10.9487	17.0358	21.0652	6.5955	8.13161	5.70979	5.87319	15.5671	8.79723	14.9618	23.4479	17.3788	5.84959	1.46175	6.19157	12.4247	12.8201	3.34149	1.12121	6.09059	7.33446	10.7582	7.23915	8.03499	8.35096	14.2447	10.8954	5.25675	6.33982	5.6167	7.58161	3.80143	12.3808	17.1718	7.11042	3.29454	6.99059	14.4056	15.6773	12.1906	12.5944	1.77249	4.20682	4.684	4.63057	5.16455	10.3993	11.1412	3.73507	4.14328	3.43846	2.22045	5.97765	6.0087	3.8947	9.69643	6.12353	4.07115	4.30585	7.33833	6.18138	2.25564	3.38359	3.26592	4.42382	3.40648	0.396471	1.42923	3.75579	7.31535	5.52479	4.68388	6.3298	7.49993	4.33832	5.17635	7.33417	3.73484	2.06676	1.58542	1.91707	1.03371	1.60513	3.01132	2.38394	0.903995	0.73102	0.5319	0.560682	1.03378	1.3501	1.18926	1.07839	1.18926	5.53311	1.90897	3.30859	3.30859	1.06371	1.98157	4.70065	4.67074	2.24166	0.639277	2.537	3.36492	3.40648	3.91861	3.0166	2.16333	1.63429	1.18926	1.90888	2.38394	1.60516	1.67227	1.41815	1.88404	1.68162	2.77318	3.16859	3.0115	2.25564	0.954752	1.58542	2.5369	1.03371	3.0165	3.15353	1.51458	2.75619
9.13545	10.4255	5.39623	7.52997	3.91838	2.19189	3.41987	4.07461	4.67029	4.47939	9.12216	12.2322	10.6946	13.5998	2.90518	6.91654	0.639179	2.7501	10.7348	11.0536	7.16158	4.61301	3.61123	8.73378	7.11883	12.7006	9.13556	0.792823	2.90518	5.95917	10.1523	11.8835	7.40668	13.1009	6.87184	7.09901	5.38473	12.4236	10.0041	8.93397	7.97152	7.23887	4.64353	5.92251	6.36579	3.02663	1.24082	2.31031	0.903911	8.36248	18.3952	10.1741	11.9268	11.7514	3.34135	2.63379	4.07459	4.0745	0.730947	0.954655	2.14123	4.59274	8.17021	3.82952	1.42908	1.03367	10.2773	19.0581	16.9498	15.4858	13.5571	9.69716	10.2052	25.1215	27.0358	12.2034	5.05751	19.5297	19.4834	21.8902	20.2777	19.4672	3.01624	6.53358	26.1642	8.34096	9.3845	7.84936	10.0567	16.1451	9.31986	11.0252	13.0696	1.82472	5.89633	16.1598	7.99619	17.2682	20.8033	23.038	7.33374	9.94185	12.6545	12.4858	12.3941	3.89433	11.1008	19.6371	17.4577	6.0007	4.85662	7.97511	7.58089	2.14114	6.14342	5.89642	3.36924	7.30625	9.16715	16.9518	17.5803	7.1466	3.72203	8.67947	13.788	15.2187	10.7835	24.6128	1.42908	10.901	4.67008	7.4314	18.4642	10.5188	4.67361	21.0915	21.21	8.98302	5.06649	3.19281	12.6913	17.0796	9.14229	3.58079	8.53606	9.34088	7.72312	10.8943	10.1712	6.53375	13.4111	8.83258	9.24938	5.61336	0.709116	6.39721	0.90393	10.5415	17.1938	9.69716	3.09818	2.46777	13.1999	17.0769	13.9419	13.4054	3.55888	3.34119	2.50562	1.50395	3.91036	6.01603	9.18203	8.30406	3.89844	3.25101	1.42904	6.39967	6.58996	2.4868	10.8113	8.06657	3.13837	3.25583	6.18084	5.99522	1.2782	0.177288	1.03362	3.25101	3.00584	1.51442	1.25345	1.82464	5.38758	5.10013	4.31984	5.58842	7.17878	4.07461	5.17587	8.50552	5.06348	3.18789	2.53675	3.01633	2.75017	2.83983	3.19275	2.15577	1.42906	1.03362	0.560608	0.639179	0.95462	1.13508	1.58534	1.58534	1.50403	4.81135	2.06667	2.26915	2.06657	2.13384	1.25343	1.07826	2.4099	2.13379	1.12111	0.501421	2.7671	3.54116	2.7671	1.98131	1.13502	0.354572	0.63921	2.33059	3.93023	2.6633	0.886392	0.886348	2.36395	2.33059	1.63411	1.07828	1.29044	1.07828	0.792823	1.07826	2.33056	2.50565	1.90871	2.94799	0.531849	1.77236
5.19934	10.4246	1.77216	5.57968	3.51444	1.98122	2.74986	3.01613	4.62969	2.8616	3.64967	9.88035	10.2048	8.10202	6.62437	5.6897	0.88627	5.30579	12.1107	8.73467	5.44445	6.56586	5.00125	10.5919	7.41449	13.2818	12.7548	4.31947	6.62437	5.48162	9.50598	12.7688	5.38739	11.4491	8.06399	6.63139	5.38426	9.89227	7.49893	9.07501	8.03205	7.41449	6.02837	6.36523	5.92199	1.27815	2.77253	2.31011	1.82448	8.11691	17.4861	11.6232	8.65406	11.7504	4.59918	2.96901	3.40592	1.2533	0.639154	1.42891	2.14104	5.48143	9.3837	3.3409	1.781	1.60484	4.16519	13.1938	16.9649	14.1477	9.1748	5.03221	4.62954	18.5858	26.3512	17.4682	5.70353	12.7549	16.4588	21.9378	18.837	11.8339	5.99987	6.18297	20.2185	11.2126	2.19164	7.43924	12.6531	15.5758	6.56853	9.50572	13.2861	6.71921	3.72178	17.9365	5.78716	17.899	10.9315	17.8157	13.0022	5.49003	14.0324	12.2701	17.7156	5.92199	5.54613	13.5827	20.9855	6.58961	4.85619	7.5964	7.58024	10.9219	8.29039	4.9827	3.36894	5.78704	6.69647	13.1169	21.0198	17.5698	3.13818	7.39973	10.0032	20.276	2.65712	27.0334	6.26975	11.3511	1.63397	11.8372	18.2453	8.51378	6.53301	16.3665	23.1023	13.5483	9.65724	2.46129	8.2517	16.7078	15.8144	4.43706	6.26996	13.3136	3.0316	10.7103	19.4045	9.31419	14.8519	4.77865	4.85596	2.68065	1.58514	3.19244	2.61552	9.81251	14.652	10.6441	5.05682	1.25332	10.4275	15.5537	15.9108	14.5455	3.89399	0.792753	3.3596	5.49834	5.40733	5.40744	7.93406	8.79566	5.47869	1.63391	1.07819	5.48143	6.58939	1.8838	10.5691	9.03598	2.7097	3.25555	5.44445	5.00115	1.77212	0.396379	2.02033	3.49195	1.00268	1.38431	1.60486	1.34979	4.14627	5.09969	4.81088	4.6126	6.00764	3.75516	5.37566	8.50478	5.48711	3.55853	2.40978	3.01606	2.63353	3.38283	3.88186	1.77216	1.98116	2.02033	0.560558	0.88627	1.67187	1.29036	1.5852	1.5852	1.5039	3.55853	3.20717	0.79272	0.501403	2.33035	1.60484	0.886292	2.16281	1.38424	1.12101	0.501377	3.26512	4.53081	1.27809	1.74536	2.38352	0.354541	1.51424	1.8838	4.13126	3.47853	1.07819	0.396379	1.60486	2.1917	1.74543	0.886315	1.51424	1.24071	0.792753	0.886292	1.51429	2.50543	1.06351	2.70388	1.91673	1.77221
4.71908	5.75142	5.65646	3.47825	1.03342	2.40953	3.41922	0.531747	1.12089	2.57908	2.85575	1.80703	3.71711	1.07806	9.35524	5.09004	2.14081	7.97925	13.9891	10.0382	8.15584	8.63569	5.65644	9.93233	2.53618	11.3814	11.9655	7.87696	6.15963	4.6725	5.70278	10.5794	0.730806	9.59969	6.42496	7.92741	5.15388	6.80968	2.36355	5.3434	5.8953	4.04298	4.59186	8.87734	8.16704	5.70839	1.98099	2.3834	5.69745	7.8633	16.0648	11.2748	6.71851	8.83595	5.02862	1.98101	1.27795	0.639087	1.13486	2.90462	2.83928	6.31579	10.035	4.14605	12.417	14.6197	11.0397	4.03538	2.30306	3.19218	2.48631	2.51757	0.531747	9.97024	20.9085	21.9542	9.5808	3.55816	12.7446	13.632	12.8264	10.9035	12.9195	12.4217	17.403	9.56196	8.03846	7.43628	11.7189	9.0937	6.8167	6.91543	7.39896	14.072	7.08916	15.196	5.48105	16.1288	4.28276	10.9647	17.1399	13.8392	11.6951	15.4203	18.3901	1.07808	6.25699	7.99467	19.1173	5.54834	2.33015	4.81037	7.58536	12.4876	7.13235	3.64504	3.48725	11.1409	14.5714	13.0079	19.9514	24.3546	10.8553	1.42874	6.94886	21.5627	14.5298	24.1723	11.5063	11.4024	5.13873	12.2587	18.0143	10.2033	5.4553	15.1736	22.012	11.9606	11.622	3.04664	2.15535	10.6923	18.9587	13.8857	8.44828	13.2407	9.52392	4.19448	23.5714	12.3987	10.8879	7.2883	8.06352	5.75418	3.88164	5.7676	4.08523	8.34627	13.3121	10.3787	6.56754	0.954471	7.72756	12.7661	15.3224	15.5294	10.2258	7.47756	5.61229	7.6015	7.58536	4.47861	5.82646	6.54878	7.2479	4.28298	3.25533	5.27312	9.00846	9.62535	11.0504	8.95232	2.85579	2.92078	4.26086	4.12699	2.53621	1.25317	1.74518	3.61046	2.06627	1.4288	1.94904	0.396337	3.36859	6.08894	5.77567	4.50968	4.9033	2.83375	5.48931	8.09342	4.42243	3.13776	1.95708	2.33011	1.90841	3.58005	4.64245	2.12607	2.30302	2.53618	1.07808	1.07806	1.77193	0.886177	0.730788	0.886222	1.38416	2.15535	3.49159	0.531747	2.24093	2.92085	3.2649	2.26883	2.83375	2.40953	2.46738	3.64929	5.34912	6.8504	2.57915	2.24093	2.8557	0.79267	1.50367	0.79267	3.49159	3.01566	0.886199	1.51413	2.9687	2.90476	1.38416	2.12607	3.16765	3.20687	0.730806	0.531747	0.639087	1.59487	2.57908	1.50367	3.02605	1.46137
4.89021	1.63363	4.87765	7.40481	6.69519	3.40526	3.01028	3.92926	5.82609	9.07163	11.4994	9.04814	6.87918	5.50322	8.50317	3.92906	4.62871	15.2514	22.3656	21.1793	19.6158	17.6616	12.6975	5.48898	3.82864	12.2541	9.33504	2.8002	13.5826	16.4395	16.4599	15.9002	9.55352	7.58485	4.1643	10.5502	11.148	13.1968	4.56442	0.560468	5.16231	4.91237	3.89735	11.4524	7.86284	6.91691	5.06207	7.26862	7.36523	5.65321	11.7898	10.3665	11.1799	5.99637	4.53342	5.23422	5.48621	2.66255	2.48611	6.21915	4.20542	7.64314	9.51816	7.26217	16.1208	15.3302	20.8416	21.1203	17.9403	18.0707	18.5008	15.0593	6.86122	3.23084	15.9296	27.0402	24.5802	16.8038	20.881	21.3166	21.3179	18.1551	11.9238	20.3711	19.5135	9.34998	7.62302	13.5962	9.69477	2.57892	10.6565	5.87909	3.38211	10.0059	14.4804	7.31266	8.66149	12.1571	2.46708	7.97316	21.2021	27.7287	28.0108	29.6753	19.2565	11.8237	4.27888	6.30793	15.348	7.11649	3.52694	5.10182	11.621	6.98332	4.42567	4.27876	5.39473	10.8858	14.4161	20.9018	23.2389	26.0637	21.9358	10.939	11.3495	21.2512	26.3652	17.6473	11.6364	7.08855	12.0697	13.7337	18.3014	18.0314	11.1466	19.8829	21.0812	9.52319	8.74693	3.64886	2.30286	3.48695	14.0299	19.352	19.9101	18.0363	18.2546	13.922	17.7481	14.0674	3.78745	4.13061	4.82633	10.4988	5.54804	9.73651	0.639031	7.93251	16.322	9.65542	6.39789	2.86105	5.68861	9.34961	13.0618	17.3731	16.7261	14.4036	10.195	8.58876	12.2949	5.92104	7.91116	4.95032	7.30447	7.80029	5.12633	5.93416	10.291	14.1205	13.6948	8.78894	4.03508	2.9206	3.52694	3.09731	2.00435	1.63357	0.639031	2.65667	2.63303	2.26863	2.69767	3.48681	2.1625	6.88129	7.93251	6.89915	5.67781	3.90927	6.94133	8.03776	4.60168	4.30432	3.75031	4.03893	4.12682	4.59146	4.66875	2.25465	1.88334	1.98078	2.06609	2.69767	2.46716	1.13476	1.03333	1.60453	3.58418	5.38344	4.53357	2.63303	3.61015	0.730724	2.40932	2.88287	2.36334	1.41762	1.25306	3.16724	3.01547	6.76146	4.37616	4.27883	3.01548	3.73364	3.26466	1.77178	4.4221	3.54468	1.74509	1.12079	4.08491	3.51376	3.01548	2.21963	1.84981	4.27888	3.64897	2.1333	1.5849	0.639031	1.98076	0.560468	2.07358	1.77182
7.47796	3.09195	6.28513	4.46396	6.71761	8.58982	3.33991	4.31847	7.75013	9.3019	9.88993	10.6416	9.68156	6.55726	3.48646	3.81174	9.45173	18.3367	22.9168	16.802	13.0296	12.0172	10.7172	6.63176	6.88733	11.5327	10.2428	9.40194	19.6623	17.9371	19.7301	19.919	10.578	4.26034	8.18971	18.8658	15.1707	17.9089	10.2235	5.06177	4.76093	3.01508	3.52658	9.83272	1.67138	10.641	8.95747	5.37422	2.30951	1.6334	6.81297	7.33538	8.65202	5.84685	7.06171	8.45218	8.16543	4.54671	5.20086	5.89411	1.75392	8.2286	7.78537	6.89831	13.185	5.09818	10.6782	18.1018	16.9636	17.0854	17.3046	19.2906	11.5868	4.36842	4.3364	16.8209	22.9656	15.2589	13.2208	15.3133	10.4249	23.7521	5.50236	21.8328	9.71087	13.1395	6.28513	18.9684	3.01517	12.0668	3.92882	3.15205	5.47712	2.79994	18.1868	1.68082	7.4862	7.23363	2.50467	9.27542	11.9541	20.2499	19.9008	16.9636	19.544	18.3209	2.16231	7.73406	13.8824	5.97484	6.50738	6.76079	14.6713	4.46367	5.15275	5.87035	2.83323	14.7301	9.80349	11.0322	19.0122	19.1479	22.8145	22.2784	9.76813	7.72266	14.2789	12.4823	4.07294	6.03923	8.87588	13.7945	12.4724	15.5604	10.9055	16.0961	18.8309	6.58755	3.72062	2.19108	2.94704	4.20484	4.14504	5.61155	15.5597	15.0767	12.4823	14.2698	8.12803	10.5191	4.37576	3.04626	3.95654	4.26016	9.38791	6.88733	6.94728	7.13118	21.0455	9.92435	4.17503	2.30945	3.79942	4.95283	5.65543	8.97122	11.9039	18.6629	14.1429	9.89544	15.9913	3.09199	9.46612	1.88315	1.88328	4.978	3.00999	3.19153	4.33628	5.61423	6.12105	4.21988	2.155	1.41748	3.41857	3.05638	1.94868	1.51379	0.250619	1.13458	0.954255	0.954301	1.29	5.0028	3.13213	3.64851	6.59218	7.13957	5.38268	3.64418	6.56393	6.94062	4.10355	3.40487	2.48587	2.50478	3.1867	6.61309	5.45709	2.70891	1.25293	0.560394	1.13466	2.48587	2.01987	1.6044	1.51379	2.88242	4.3074	4.96242	3.34012	2.50472	3.60989	4.43578	1.07786	0.638975	0.250619	1.1887	1.80674	3.38185	2.46694	3.89674	2.50467	4.90237	1.95673	4.06924	3.95654	5.09818	5.39417	3.54432	3.0152	3.24977	4.00339	0.730675	3.73308	0.954301	3.41857	1.24036	3.368	2.6149	2.3027	1.90807	0.730675	0.903568	0.954255	1.50338
7.72543	0.396226	8.41864	2.79966	2.13283	7.60746	6.58687	1.98043	5.30376	7.10653	1.63328	3.97571	5.0611	5.92231	0.730584	5.25375	16.1961	22.2464	20.6493	6.9133	5.63579	8.16681	11.8768	12.1684	5.32721	6.87762	10.5156	16.477	20.9874	6.17545	9.83187	14.6623	9.36243	3.19122	11.0687	18.5069	3.47719	16.5786	16.3044	4.74392	2.32949	5.27172	7.36383	4.6712	6.39452	9.62235	6.98639	3.78672	2.77158	3.63116	0.954204	7.13917	8.029	7.87493	6.71219	7.52647	8.6192	9.68059	8.62465	6.84864	5.58607	10.3643	7.57735	8.96528	8.10821	7.8844	9.33482	5.16158	10.6277	5.30389	5.54401	13.5679	14.9418	14.7768	5.8382	6.78514	13.9054	13.7979	14.3742	12.6436	9.00224	24.1597	5.92238	18.6752	11.6191	11.5483	5.53286	19.7357	1.88308	13.434	1.9485	1.03313	2.79969	7.71984	16.0843	0.792448	7.25214	6.25995	2.01955	9.24509	9.55449	1.63326	7.47563	7.23549	24.097	18.04	8.26346	12.932	17.4745	10.7637	9.50238	10.816	16.7991	3.23022	5.97432	4.93043	5.89366	14.8261	18.1631	10.0643	14.3335	18.1212	23.8765	25.2375	11.6814	4.16351	2.61452	10.5836	4.1145	8.8526	6.01334	9.39313	14.3581	17.7477	16.1382	12.217	15.0673	8.38788	3.23022	1.13448	0.638908	6.03871	4.98058	1.25286	6.24017	10.6853	13.0999	14.4373	11.6002	9.07144	5.54698	3.86439	2.83296	3.60946	5.14646	3.69506	7.65573	6.76031	19.779	11.0674	3.5615	1.82377	2.14013	3.72026	3.86439	6.35561	12.1099	20.9949	17.6507	9.24197	15.7906	1.6806	10.1665	3.05615	3.40461	5.23322	6.25526	4.92427	4.12967	3.92831	1.2776	2.65609	2.65609	1.51371	4.04185	3.3999	1.9804	2.19086	2.00407	2.13285	1.34932	1.34932	1.25282	4.66786	3.69495	2.85499	4.46328	6.12012	5.93537	4.6978	6.07958	6.19798	4.61096	5.10097	4.98079	3.78691	4.25239	7.6737	5.70119	3.86439	3.33978	2.30246	0.56036	2.13278	0.177204	2.4666	0.396243	3.48628	7.40945	6.71219	1.63334	1.75373	3.6824	6.01317	4.33597	2.79969	1.82385	1.25286	1.68065	2.66206	1.88308	2.2403	1.90781	4.25967	1.07776	3.25427	2.65609	6.24512	6.24512	3.26387	2.7658	4.1296	3.88035	2.40878	4.42131	3.53958	2.30237	2.79969	1.84945	0.954204	3.01497	3.72035	3.19137	3.04594	2.94674	3.13698
6.23955	6.81167	11.6465	13.2365	8.58149	5.52124	3.76151	3.03011	4.30309	8.28268	3.35797	3.648	7.08644	8.75825	0.638811	10.7622	22.1558	23.9433	12.0892	7.08012	14.056	16.1292	17.917	11.4183	3.64778	7.26666	13.5341	11.9021	11.402	9.38765	6.47048	10.8287	12.1232	6.11694	11.9772	16.6269	11.3346	16.4576	13.8297	3.53924	9.3343	11.197	9.97165	6.50614	8.49002	5.97402	5.02977	3.63059	3.05586	2.51677	5.271	9.50608	8.73449	10.4157	8.11348	8.96441	9.22177	14.0499	15.7262	16.8209	17.3751	20.436	18.8106	13.4281	5.8801	4.7565	11.2547	6.52968	9.83919	12.7805	10.6027	15.1792	26.249	30.7827	23.7667	7.68928	6.85929	14.1084	14.3972	8.24797	10.8275	21.0451	11.808	10.4541	10.8756	4.17423	7.06037	16.123	2.91967	9.89357	1.25266	2.47907	7.60698	14.1534	14.688	9.42272	9.84026	10.5813	4.78598	4.98943	8.9561	10.3766	5.9737	5.21796	23.9365	19.7891	10.1691	10.0345	15.4328	12.0995	12.7943	18.8373	21.5117	4.56315	6.53696	5.86931	11.4958	15.3176	21.877	17.3583	8.75007	13.669	25.4182	23.2316	11.9909	9.0703	1.18847	8.62204	14.1289	11.2302	5.76573	8.83317	16.977	24.3609	26.5328	19.7039	6.20756	7.07982	7.2514	0.885896	3.01471	8.07532	4.10277	3.7532	3.64781	3.78228	6.59092	2.9035	7.97095	11.4444	7.84516	5.70083	4.17451	6.87932	7.51184	9.91385	9.8084	10.8831	11.8116	9.73215	6.56529	4.88893	2.268	0.708713	3.09659	6.07929	12.1444	21.1402	24.5746	17.2911	11.0191	1.52391	8.45224	7.81974	9.11583	10.178	12.0112	11.0142	8.75884	6.54896	4.4631	4.61053	4.68078	1.25269	3.73237	5.02353	3.16631	3.20567	4.07242	4.92383	3.79891	2.7657	2.83822	4.24837	5.48756	6.46122	4.98968	3.58301	4.43484	5.30339	7.23465	7.99183	7.25179	7.41102	7.02127	5.65443	5.66252	7.75062	8.0775	6.55601	5.30353	5.06081	4.671	4.30676	3.51278	4.60035	3.52605	5.58551	8.32154	9.65921	5.8376	3.73237	3.78658	6.50633	7.10617	6.23991	4.19312	2.21911	1.77137	2.77133	3.15166	2.69691	4.06846	3.71993	0.792333	1.38356	2.79929	5.87708	6.84769	3.97531	3.36732	4.99884	5.0606	5.37295	4.64094	8.01668	3.89212	1.03309	1.46078	3.19092	4.64087	6.64021	6.71636	5.1249	5.13701	5.31519
6.4147	14.5691	8.80985	12.5011	8.24148	4.77591	3.09627	0.250562	2.53506	7.58182	6.88521	4.03337	8.87135	11.5255	2.79901	14.5147	21.8272	20.4727	2.88172	12.7789	9.37064	9.27482	9.66622	5.89244	9.87595	7.25934	5.21742	4.37788	7.9701	12.0552	5.3843	7.17406	12.6968	8.73314	9.05612	13.587	13.0573	16.2674	9.03455	4.60995	10.3145	6.09643	3.58281	10.6381	10.887	2.0652	4.71675	0.531496	5.54318	6.8586	3.86354	9.68146	1.90744	5.41853	3.52569	6.42195	4.77578	5.45581	8.84598	12.3625	12.215	15.6304	15.9744	9.00419	4.59993	2.88172	7.67224	11.3644	9.75604	9.87476	12.3111	15.2982	16.7176	24.5915	26.5294	17.2099	5.78365	1.77118	1.46068	2.15437	7.77366	21.2558	14.8232	10.8582	9.78706	2.8544	8.11984	12.3358	5.13621	7.98122	1.38351	3.4039	9.57636	12.7834	7.43301	18.0505	14.4301	11.9006	8.8043	1.07757	3.92775	10.8653	14.2087	5.77296	17.7875	17.1379	9.60156	8.46043	7.78322	4.20365	7.98324	17.3831	24.9981	6.87656	7.02467	6.21666	14.9578	5.37276	13.635	10.1811	7.435	10.129	25.4223	21.1594	9.03085	12.0488	3.15117	4.92961	12.3364	17.4473	12.1044	6.52929	7.22543	10.8586	15.1897	16.8793	9.53695	4.59646	7.49022	3.82698	3.87978	6.19679	2.69653	5.39267	6.86732	12.4586	17.0178	13.7543	11.0343	4.47305	5.13632	3.74875	2.30202	6.58561	4.07191	6.58577	6.86088	5.47847	5.23211	4.43092	6.01202	5.12423	3.47662	2.66155	1.1883	1.51342	5.30286	11.3699	16.2777	15.3159	5.30007	1.0629	3.73211	5.27072	6.58584	5.93189	6.6302	6.75001	6.37398	5.62096	4.17407	4.59992	5.40423	3.78193	2.70232	5.62067	3.87961	3.43582	3.01431	3.57841	3.36237	1.52375	2.53501	2.57793	3.73221	4.17407	3.76138	2.85449	1.51337	2.48515	5.13632	5.85028	4.27724	3.55652	3.60876	4.75937	3.47653	4.95158	6.39071	4.65035	2.65565	2.77105	4.12524	4.12524	3.63046	5.32625	3.64332	3.69424	3.52558	7.335	8.03471	6.4219	1.63294	2.12507	3.60884	4.25898	3.95532	2.07279	0.250562	0.638785	1.27741	1.58429	4.86281	2.79912	3.73204	0.17717	3.48994	5.69461	7.13753	3.87963	2.36243	4.59992	6.08608	8.54638	4.97962	6.19936	7.74187	2.47884	2.30193	3.78599	4.75937	3.41773	4.95156	2.21888	2.30882	3.99063