0	0	0	0	0	0	0	0	0	0.451986	0.451986	0	0	0	0	0	0	0	0	0	0	0	0	0	0	0	0	0	0.451986	0.451986	0	0	0	0	0	0	0.451986	0.451986	0	0	0	0	0	0	0	0	0	0	0	0	0	0	0.451986	0.451986	0	0	0	0	0	0	0	0.451986	0.451986	0	0	0	0	0	0.451986	0.451986	0	0	0.451986	0.451986	0	0.451986	0.451986	0	0.451986	0.451986	0.451986	0.451986	0.451986	0.451986	0	0	0.451986	0.451986	0	0.451986	0.451986	0	0.451986	0.451986	0	0.451986	0.451986	0	0.451986	0.451986	0	0.451986	0.451986	0	0.451986	0.451986	0	0.451986	0.451986	0	0.451986	0.451986	0	0.451986	0.451986	0	0.451986	0.451986	0	0	0	0.451986	0.451986	0	0.451986	0.451986	0.451986	0.451986	0	0	0.451986	0.451986	0	0.451986	0.451986	0.451986	0.451986	0	0	0.451986	0.451986	0	0.451986	0.451986	0.451986	0.451986	0.451986	0.451986	0	0.451986	0.451986	0	0	0.451986	0.451986	0	0	0.451986	0.451986	0	0	0	0.451986	0.451986	0	0	0	0.451986	0.451986	0	0	0	0	0	0	0.451986	0.451986	0	0	0	0	0	0	0	0.451986	0.451986	0	0	0	0	0	0	0.451986	0.451986	0	0	0	0	0	0.451986	0.451986	0	0	0	0.451986	0.451986	0	0	0	0	0.451986	0.451986	0	0	0	0.451986	0.451986	0	0	0.451986	0.451986	0	0	0	0	0.451986	0.451986	0	0	0	0	0	0	0	0	0	0	0	0.451986	0.451986	0	0	0.451986	0.451986	0	0	0	0.451986	0.451986	0	0.451986	0.903915	0.903915	0.451986	0.451986	0.451986
0	0	0	0	0	0	0	0	0	0.451943	0.451943	0	0	0	0	0	0	0	0	0	0	0	0	0	0	0	0	0	0.451943	0.451943	0	0	0	0	0	0	0.451943	0.451943	0	0	0	0	0	0	0	0	0	0	0	0	0	0	0.451943	0.451943	0	0	0	0	0	0	0	0.451943	0.451943	0	0	0	0	0	0.451943	0.451943	0	0	0.451943	0.451943	0	0.451943	0.451943	0	0.451943	0.451943	0.451943	0.451943	0.451943	0.451943	0	0	0.451943	0.451943	0	0.451943	0.451943	0	0.451943	0.451943	0	0.451943	0.451943	0	0.451943	0.451943	0	0.451943	0.451943	0	0.451943	0.451943	0	0.451943	0.451943	0	0.451943	0.451943	0	0.451943	0.451943	0	0.451943	0.451943	0	0	0	0.451943	0.451943	0	0.451943	0.451943	0.451943	0.451943	0	0	0.451943	0.451943	0	0.451943	0.451943	0.451943	0.451943	0	0	0.451943	0.451943	0	0.451943	0.451943	0.451943	0.451943	0.451943	0.451943	0	0.451943	0.451943	0	0	0.451943	0.451943	0	0	0.451943	0.451943	0	0	0	0.451943	0.451943	0	0	0	0.451943	0.451943	0	0	0	0	0	0	0.451943	0.451943	0	0	0	0	0	0	0	0.451943	0.451943	0	0	0	0	0	0	0.451943	0.451943	0	0	0	0	0	0.451943	0.451943	0	0	0	0.451943	0.451943	0	0	0	0	0.451943	0.451943	0	0	0	0.451943	0.451943	0	0	0.451943	0.451943	0	0	0	0	0.451943	0.451943	0	0	0	0	0	0	0	0	0	0	0	0.451943	0.451943	0	0	0.451943	0.451943	0	0	0	0.451943	0.451943	0	0.451943	0.903829	0.903829	0.451943	0.451943	0.451943
0	0	0	0	0	0	0	0	0	0.4519	0.4519	0	0	0	0	0	0	0	0	0	0	0	0	0	0	0	0	0	0.4519	0.4519	0	0	0	0	0	0	0.4519	0.4519	0	0	0	0	0	0	0	0	0	0	0	0	0	0	0.4519	0.4519	0	0	0	0	0	0	0	0.4519	0.4519	0	0	0	0	0	0.4519	0.4519	0	0	0.4519	0.4519	0	0.4519	0.4519	0	0.4519	0.4519	0.4519	0.4519	0.4519	0.4519	0	0	0.4519	0.4519	0	0.4519	0.4519	0	0.4519	0.4519	0	0.4519	0.4519	0	0.4519	0.4519	0	0.4519	0.4519	0	0.4519	0.4519	0	0.4519	0.4519	0	0.4519	0.4519	0	0.4519	0.4519	0	0.4519	0.4519	0	0	0	0.4519	0.4519	0	0.4519	0.4519	0.4519	0.4519	0	0	0.4519	0.4519	0	0.4519	0.4519	0.4519	0.4519	0	0	0.4519	0.4519	0	0.4519	0.4519	0.4519	0.4519	0.4519	0.4519	0	0.4519	0.4519	0	0	0.4519	0.4519	0	0	0.4519	0.4519	0	0	0	0.4519	0.4519	0	0	0	0.4519	0.4519	0	0	0	0	0	0	0.4519	0.4519	0	0	0	0	0	0	0	0.4519	0.4519	0	0	0	0	0	0	0.4519	0.4519	0	0	0	0	0	0.4519	0.4519	0	0	0	0.4519	0.4519	0	0	0	0	0.4519	0.4519	0	0	0	0.4519	0.4519	0	0	0.4519	0.4519	0	0	0	0	0.4519	0.4519	0	0	0	0	0	0	0	0	0	0	0	0.4519	0.4519	0	0	0.4519	0.4519	0	0	0	0.4519	0.4519	0	0.4519	0.903744	0.903744	0.4519	0.4519	0.4519
0	0	0	0	0	0	0	0	0	0.451857	0.451857	0	0	0	0	0	0	0	0	0	0	0	0	0	0	0	0	0	0.451857	0.451857	0	0	0	0	0	0	0.451857	0.451857	0	0	0	0	0	0	0	0	0	0	0	0	0	0	0.451857	0.451857	0	0	0	0	0	0	0	0.451857	0.451857	0	0	0	0	0	0.451857	0.451857	0	0	0.451857	0.451857	0	0.451857	0.451857	0	0.451857	0.451857	0.451857	0.451857	0.451857	0.451857	0	0	0.451857	0.451857	0	0.451857	0.451857	0	0.451857	0.451857	0	0.451857	0.451857	0	0.451857	0.451857	0	0.451857	0.451857	0	0.451857	0.451857	0	0.451857	0.451857	0	0.451857	0.451857	0	0.451857	0.451857	0	0.451857	0.451857	0	0	0	0.451857	0.451857	0	0.451857	0.451857	0.451857	0.451857	0	0	0.451857	0.451857	0	0.451857	0.451857	0.451857	0.451857	0	0	0.451857	0.451857	0	0.451857	0.451857	0.451857	0.451857	0.451857	0.451857	0	0.451857	0.451857	0	0	0.451857	0.451857	0	0	0.451857	0.451857	0	0	0	0.451857	0.451857	0	0	0	0.451857	0.451857	0	0	0	0	0	0	0.451857	0.451857	0	0	0	0	0	0	0	0.451857	0.451857	0	0	0	0	0	0	0.451857	0.451857	0	0	0	0	0	0.451857	0.451857	0	0	0	0.451857	0.451857	0	0	0	0	0.451857	0.451857	0	0	0	0.451857	0.451857	0	0	0.451857	0.451857	0	0	0	0	0.451857	0.451857	0	0	0	0	0	0	0	0	0	0	0	0.451857	0.451857	0	0	0.451857	0.451857	0	0	0	0.451857	0.451857	0	0.451857	0.903658	0.903658	0.451857	0.451857	0.451857
0	0	0	0	0	0	0	0	0	0.451814	0.451814	0	0	0	0	0	0	0	0	0	0	0	0	0	0	0	0	0	0.451814	0.451814	0	0	0	0	0	0	0.451814	0.451814	0	0	0	0	0	0	0	0	0	0	0	0	0	0	0.451814	0.451814	0	0	0	0	0	0	0	0.451814	0.451814	0	0	0	0	0	0.451814	0.451814	0	0	0.451814	0.451814	0	0.451814	0.451814	0	0.451814	0.451814	0.451814	0.451814	0.451814	0.451814	0	0	0.451814	0.451814	0	0.451814	0.451814	0	0.451814	0.451814	0	0.451814	0.451814	0	0.451814	0.451814	0	0.451814	0.451814	0	0.451814	0.451814	0	0.451814	0.451814	0	0.451814	0.451814	0	0.451814	0.451814	0	0.451814	0.451814	0	0	0	0.451814	0.451814	0	0.451814	0.451814	0.451814	0.451814	0	0	0.451814	0.451814	0	0.451814	0.451814	0.451814	0.451814	0	0	0.451814	0.451814	0	0.451814	0.451814	0.451814	0.451814	0.451814	0.451814	0	0.451814	0.451814	0	0	0.451814	0.451814	0	0	0.451814	0.451814	0	0	0	0.451814	0.451814	0	0	0	0.451814	0.451814	0	0	0	0	0	0	0.451814	0.451814	0	0	0	0	0	0	0	0.451814	0.451814	0	0	0	0	0	0	0.451814	0.451814	0	0	0	0	0	0.451814	0.451814	0	0	0	0.451814	0.451814	0	0	0	0	0.451814	0.451814	0	0	0	0.451814	0.451814	0	0	0.451814	0.451814	0	0	0	0	0.451814	0.451814	0	0	0	0	0	0	0	0	0	0	0	0.451814	0.451814	0	0	0.451814	0.451814	0	0	0	0.451814	0.451814	0	0.451814	0.903573	0.903573	0.451814	0.451814	0.451814
0	0	0	0	0	0	0	0	0	0.451772	0.451772	0	0	0	0	0	0	0	0	0	0	0	0	0	0	0	0	0	0.451772	0.451772	0	0	0	0	0	0	0.451772	0.451772	0	0	0	0	0	0	0	0	0	0	0	0	0	0	0.451772	0.451772	0	0	0	0	0	0	0	0.451772	0.451772	0	0	0	0	0	0.451772	0.451772	0	0	0.451772	0.451772	0	0.451772	0.451772	0	0.451772	0.451772	0.451772	0.451772	0.451772	0.451772	0	0	0.451772	0.451772	0	0.451772	0.451772	0	0.451772	0.451772	0	0.451772	0.451772	0	0.451772	0.451772	0	0.451772	0.451772	0	0.451772	0.451772	0	0.451772	0.451772	0	0.451772	0.451772	0	0.451772	0.451772	0	0.451772	0.451772	0	0	0	0.451772	0.451772	0	0.451772	0.451772	0.451772	0.451772	0	0	0.451772	0.451772	0	0.451772	0.451772	0.451772	0.451772	0	0	0.451772	0.451772	0	0.451772	0.451772	0.451772	0.451772	0.451772	0.451772	0	0.451772	0.451772	0	0	0.451772	0.451772	0	0	0.451772	0.451772	0	0	0	0.451772	0.451772	0	0	0	0.451772	0.451772	0	0	0	0	0	0	0.451772	0.451772	0	0	0	0	0	0	0	0.451772	0.451772	0	0	0	0	0	0	0.451772	0.451772	0	0	0	0	0	0.451772	0.451772	0	0	0	0.451772	0.451772	0	0	0	0	0.451772	0.451772	0	0	0	0.451772	0.451772	0	0	0.451772	0.451772	0	0	0	0	0.451772	0.451772	0	0	0	0	0	0	0	0	0	0	0	0.451772	0.451772	0	0	0.451772	0.451772	0	0	0	0.451772	0.451772	0	0.451772	0.903487	0.903487	0.451772	0.451772	0.451772
0	0	0	0	0	0	0	0	0	0.451729	0.451729	0	0	0	0	0	0	0	0	0	0	0	0	0	0	0.159718	0.357146	0.451757	0.479145	0.357128	0	0	0	0	0	0	0.357128	0.505052	0.159718	0	0	0	0	0	0	0	0	0	0	0	0	0	0.357128	0.479145	0.357146	0.159718	0	0	0	0	0	0.451729	0.451729	0	0	0	0	0	0.451729	0.451729	0	0	0.451729	0.451729	0	0.451729	0.451729	0	0.451729	0.451729	0.357128	0.505052	0.505052	0.479145	0.357146	0.159718	0.357128	0.479145	0.451757	0.638848	0.638848	0.451757	0.638848	0.638848	0.451757	0.638848	0.638848	0.451757	0.658518	0.814364	0.575871	0.658518	0.860065	0.798566	0.814364	0.860065	0.903459	1.01006	1.01006	0.903459	1.01006	1.01006	0.903459	1.01006	1.01006	0.903459	1.07133	1.21623	1.02262	0.903459	0.903459	1.01006	1.01006	0.903459	1.07133	1.21623	1.21623	1.28751	1.35505	1.35505	1.42831	1.42831	1.35505	1.42831	1.42831	1.50648	1.72715	1.69739	1.47226	1.50648	1.644	1.47226	1.50648	1.72715	1.78518	1.57269	1.50648	1.72715	1.69739	1.644	1.72715	1.69739	1.47226	1.50648	1.644	1.47226	1.35505	1.50648	1.644	1.47226	1.35505	1.35505	1.50648	1.644	1.47226	1.35505	1.35505	1.50648	1.72715	1.80647	1.80647	1.69739	1.47226	1.35505	1.35505	1.50648	1.72715	1.80647	1.80647	1.80647	1.80647	1.80647	1.80647	1.80647	1.72715	1.50648	1.35505	1.35505	1.35505	1.35505	1.35505	1.35505	1.28751	1.07133	0.903459	0.903459	0.903459	1.02262	1.24728	1.28751	1.07133	0.903459	0.903459	0.903459	1.01006	1.01006	0.903459	0.903459	0.903459	0.903459	0.860065	0.814364	0.798566	0.903459	0.903459	0.860065	0.814364	0.798566	0.903459	0.860065	0.814364	0.798566	0.903459	0.903459	0.903459	0.860065	0.658518	0.451757	0.451757	0.451757	0.451757	0.451757	0.451757	0.451757	0.451757	0.451757	0.451757	0.451757	0.658518	0.860065	0.798566	0.575871	0.658518	0.814364	0.575871	0.451757	0.451757	0.638848	0.638848	0.451757	0.638848	1.01003	1.01003	0.638848	0.638848	0.638848
0	0	0	0	0	0	0	0	0	0.451686	0.451686	0	0	0	0	0	0	0	0	0	0	0	0	0	0	0.357094	0.479099	0.451715	0.357112	0.159703	0	0	0	0	0	0	0.159703	0.505004	0.357094	0	0	0	0	0	0	0	0	0	0	0	0	0	0.159703	0.357112	0.479099	0.357094	0	0	0	0	0	0.451686	0.451686	0	0	0	0	0	0.451686	0.451686	0	0	0.451686	0.451686	0	0.451686	0.451686	0	0.451686	0.451686	0.159703	0.505004	0.505004	0.357112	0.479099	0.357094	0.159703	0.357112	0.451715	0.638788	0.638788	0.451715	0.638788	0.638788	0.451715	0.638788	0.638788	0.451715	0.575817	0.814287	0.658455	0.575817	0.79849	0.859984	0.814287	0.79849	0.903373	1.00997	1.00997	0.903373	1.00997	1.00997	0.903373	1.00997	1.00997	0.903373	1.02252	1.21611	1.07123	0.903373	0.903373	1.00997	1.00997	0.903373	1.02252	1.21611	1.21611	1.24717	1.35492	1.35492	1.42817	1.42817	1.35492	1.42817	1.42817	1.47212	1.69723	1.72699	1.50634	1.47212	1.64384	1.50634	1.47212	1.69723	1.86866	1.66691	1.47212	1.69723	1.72699	1.64384	1.69723	1.72699	1.50634	1.47212	1.64384	1.50634	1.35492	1.47212	1.64384	1.50634	1.35492	1.35492	1.47212	1.64384	1.50634	1.35492	1.35492	1.47212	1.69723	1.8063	1.8063	1.72699	1.50634	1.35492	1.35492	1.47212	1.69723	1.8063	1.8063	1.8063	1.8063	1.8063	1.8063	1.8063	1.69723	1.47212	1.35492	1.35492	1.35492	1.35492	1.35492	1.35492	1.24717	1.02252	0.903373	0.903373	0.903373	1.07123	1.28739	1.24717	1.02252	0.903373	0.903373	0.903373	1.00997	1.00997	0.903373	0.903373	0.903373	0.903373	0.79849	0.814287	0.859984	0.903373	0.903373	0.79849	0.814287	0.859984	0.903373	0.79849	0.814287	0.859984	0.903373	0.903373	0.903373	0.79849	0.575817	0.451715	0.451715	0.451715	0.451715	0.451715	0.451715	0.451715	0.451715	0.451715	0.451715	0.451715	0.575817	0.79849	0.859984	0.658455	0.575817	0.814287	0.658455	0.451715	0.451715	0.638788	0.638788	0.451715	0.638788	1.00993	1.00993	0.638788	0.638788	0.638788
0	0	0	0	0	0	0	0	0	0.451644	0.451644	0	0	0	0	0	0	0	0	0	0	0	0	0	0	0.451644	0.451644	0	0	0	0	0	0	0	0	0	0	0.451644	0.451644	0	0	0	0	0	0	0	0	0	0	0	0	0	0	0	0.451644	0.451644	0	0	0	0	0	0.451644	0.451644	0	0	0	0	0	0.451644	0.451644	0	0	0.451644	0.451644	0	0.451644	0.451644	0	0.451644	0.451644	0	0.451644	0.451644	0	0.451644	0.451644	0	0	0	0.451644	0.451644	0	0.451644	0.451644	0	0.451644	0.451644	0	0	0.451644	0.451644	0	0	0.451644	0.451644	0	0	0.451644	0.451644	0	0.451644	0.451644	0	0.451644	0.451644	0	0	0.451644	0.451644	0	0	0.451644	0.451644	0	0	0.451644	0.451644	0	0	0	0.451644	0.451644	0	0.451644	0.451644	0	0	0.451644	0.451644	0	0.451644	0.451644	0	0	0.903231	0.903231	0	0	0.451644	0.451644	0	0.451644	0.451644	0	0.451644	0.451644	0	0	0.451644	0.451644	0	0	0	0.451644	0.451644	0	0	0	0	0	0	0.451644	0.451644	0	0	0	0	0	0	0	0	0	0	0	0	0	0	0	0	0	0	0	0	0	0	0	0	0.451644	0.451644	0	0	0	0	0	0.451644	0.451644	0	0	0	0	0	0.451644	0.451644	0	0	0	0.451644	0.451644	0	0	0.451644	0.451644	0	0	0	0	0	0	0	0	0	0	0	0	0	0	0	0	0	0	0.451644	0.451644	0	0.451644	0.451644	0	0	0.451644	0.451644	0	0.451644	0.903231	0.903231	0.451644	0.451644	0.451644
0	0	0	0	0	0	0	0	0	0.451601	0.451601	0	0	0	0	0	0	0	0	0	0	0	0	0	0	0.451601	0.451601	0	0	0	0	0	0	0	0	0	0	0.451601	0.451601	0	0	0	0	0	0	0	0	0	0	0	0	0	0	0	0.451601	0.451601	0	0	0	0	0	0.451601	0.451601	0	0	0	0	0	0.451601	0.451601	0	0	0.451601	0.451601	0	0.451601	0.451601	0	0.451601	0.451601	0	0.451601	0.451601	0	0.451601	0.451601	0	0	0	0.451601	0.451601	0	0.451601	0.451601	0	0.451601	0.451601	0	0	0.451601	0.451601	0	0	0.451601	0.451601	0	0	0.451601	0.451601	0	0.451601	0.451601	0	0.451601	0.451601	0	0	0.451601	0.451601	0	0	0.451601	0.451601	0	0	0.451601	0.451601	0	0	0	0.451601	0.451601	0	0.451601	0.451601	0	0	0.451601	0.451601	0	0.451601	0.451601	0	0	0.903145	0.903145	0	0	0.451601	0.451601	0	0.451601	0.451601	0	0.451601	0.451601	0	0	0.451601	0.451601	0	0	0	0.451601	0.451601	0	0	0	0	0	0	0.451601	0.451601	0	0	0	0	0	0	0	0	0	0	0	0	0	0	0	0	0	0	0	0	0	0	0	0	0.451601	0.451601	0	0	0	0	0	0.451601	0.451601	0	0	0	0	0	0.451601	0.451601	0	0	0	0.451601	0.451601	0	0	0.451601	0.451601	0	0	0	0	0	0	0	0	0	0	0	0	0	0	0	0	0	0	0.451601	0.451601	0	0.451601	0.451601	0	0	0.451601	0.451601	0	0.451601	0.903145	0.903145	0.451601	0.451601	0.451601
0	0	0	0	0	0	0	0	0	0.451551	0.451551	0	0	0	0	0	0	0	0	0	0	0	0	0	0	0.451551	0.451551	0	0	0	0	0	0	0	0	0	0	0.451551	0.451551	0	0	0	0	0	0	0	0	0	0	0	0	0	0	0	0.451551	0.451551	0	0	0	0	0	0.451551	0.451551	0	0	0	0	0	0.451551	0.451551	0	0	0.451551	0.451551	0	0.451551	0.451551	0	0.451551	0.451551	0	0.451551	0.451551	0	0.451551	0.451551	0	0	0	0.451551	0.451551	0	0.451551	0.451551	0	0.451551	0.451551	0	0	0.451551	0.451551	0	0	0.451551	0.451551	0	0	0.451551	0.451551	0	0.451551	0.451551	0	0.451551	0.451551	0	0	0.451551	0.451551	0	0	0.451551	0.451551	0	0	0.451551	0.451551	0	0	0	0.451551	0.451551	0	0.451551	0.451551	0	0	0.451551	0.451551	0	0.451551	0.451551	0	0	0.903046	0.903046	0	0	0.451551	0.451551	0	0.451551	0.451551	0	0.451551	0.451551	0	0	0.451551	0.451551	0	0	0	0.451551	0.451551	0	0	0	0	0	0	0.451551	0.451551	0	0	0	0	0	0	0	0	0	0	0	0	0	0	0	0	0	0	0	0	0	0	0	0	0.451551	0.451551	0	0	0	0	0	0.451551	0.451551	0	0	0	0	0	0.451551	0.451551	0	0	0	0.451551	0.451551	0	0	0.451551	0.451551	0	0	0	0	0	0	0	0	0	0	0	0	0	0	0	0	0	0	0.451551	0.451551	0	0.451551	0.451551	0	0	0.451551	0.451551	0	0.451551	0.903046	0.903046	0.451551	0.451551	0.451551
0	0	0	0	0	0	0	0	0	0.451508	0.451508	0	0	0	0	0	0	0	0	0	0	0	0	0	0	0.451508	0.451508	0	0	0	0	0	0	0	0	0	0	0.451508	0.451508	0	0	0	0	0	0	0	0	0	0	0	0	0	0	0	0.451508	0.451508	0	0	0	0	0	0.451508	0.451508	0	0	0	0	0	0.451508	0.451508	0	0	0.451508	0.451508	0	0.451508	0.451508	0	0.451508	0.451508	0	0.451508	0.451508	0	0.451508	0.451508	0	0	0	0.451508	0.451508	0	0.451508	0.451508	0	0.451508	0.451508	0	0	0.451508	0.451508	0	0	0.451508	0.451508	0	0	0.451508	0.451508	0	0.451508	0.451508	0	0.451508	0.451508	0	0	0.451508	0.451508	0	0	0.451508	0.451508	0	0	0.451508	0.451508	0	0	0	0.451508	0.451508	0	0.451508	0.451508	0	0	0.451508	0.451508	0	0.451508	0.451508	0	0	0.90296	0.90296	0	0	0.451508	0.451508	0	0.451508	0.451508	0	0.451508	0.451508	0	0	0.451508	0.451508	0	0	0	0.451508	0.451508	0	0	0	0	0	0	0.451508	0.451508	0	0	0	0	0	0	0	0	0	0	0	0	0	0	0	0	0	0	0	0	0	0	0	0	0.451508	0.451508	0	0	0	0	0	0.451508	0.451508	0	0	0	0	0	0.451508	0.451508	0	0	0	0.451508	0.451508	0	0	0.451508	0.451508	0	0	0	0	0	0	0	0	0	0	0	0	0	0	0	0	0	0	0.451508	0.451508	0	0.451508	0.451508	0	0	0.451508	0.451508	0	0.451508	0.90296	0.90296	0.451508	0.451508	0.451508
0	0	0	0	0	0	0	0	0	0.451466	0.451466	0	0	0	0	0	0	0	0	0	0	0	0	0	0	0.451466	0.451466	0	0	0	0	0	0	0	0	0	0	0.451466	0.451466	0	0	0	0	0	0	0	0	0	0	0	0	0	0	0	0.451466	0.451466	0	0	0	0	0	0.451466	0.451466	0	0	0	0	0	0.451466	0.451466	0	0	0.451466	0.451466	0	0.451466	0.451466	0	0.451466	0.451466	0	0.451466	0.451466	0	0.451466	0.451466	0	0	0	0.451466	0.451466	0	0.451466	0.451466	0	0.451466	0.451466	0	0	0.451466	0.451466	0	0	0.451466	0.451466	0	0	0.451466	0.451466	0	0.451466	0.451466	0	0.451466	0.451466	0	0	0.451466	0.451466	0	0	0.451466	0.451466	0	0	0.451466	0.451466	0	0	0	0.451466	0.451466	0	0.451466	0.451466	0	0	0.451466	0.451466	0	0.451466	0.451466	0	0	0.902875	0.902875	0	0	0.451466	0.451466	0	0.451466	0.451466	0	0.451466	0.451466	0	0	0.451466	0.451466	0	0	0	0.451466	0.451466	0	0	0	0	0	0	0.451466	0.451466	0	0	0	0	0	0	0	0	0	0	0	0	0	0	0	0	0	0	0	0	0	0	0	0	0.451466	0.451466	0	0	0	0	0	0.451466	0.451466	0	0	0	0	0	0.451466	0.451466	0	0	0	0.451466	0.451466	0	0	0.451466	0.451466	0	0	0	0	0	0	0	0	0	0	0	0	0	0	0	0	0	0	0.451466	0.451466	0	0.451466	0.451466	0	0	0.451466	0.451466	0	0.451466	0.902875	0.902875	0.451466	0.451466	0.451466
0	0	0	0	0	0	0	0	0	0.451423	0.451423	0	0	0	0	0	0	0	0	0	0	0	0	0	0	0.451423	0.451423	0	0	0	0	0	0	0	0	0	0	0.451423	0.451423	0	0	0	0	0	0	0	0	0	0	0	0	0	0	0	0.451423	0.451423	0	0	0	0	0	0.451423	0.451423	0	0	0	0	0	0.451423	0.451423	0	0	0.451423	0.451423	0	0.451423	0.451423	0	0.451423	0.451423	0	0.451423	0.451423	0	0.451423	0.451423	0	0	0	0.451423	0.451423	0	0.451423	0.451423	0	0.451423	0.451423	0	0	0.451423	0.451423	0	0	0.451423	0.451423	0	0	0.451423	0.451423	0	0.451423	0.451423	0	0.451423	0.451423	0	0	0.451423	0.451423	0	0	0.451423	0.451423	0	0	0.451423	0.451423	0	0	0	0.451423	0.451423	0	0.451423	0.451423	0	0	0.451423	0.451423	0	0.451423	0.451423	0	0	0.90279	0.90279	0	0	0.451423	0.451423	0	0.451423	0.451423	0	0.451423	0.451423	0	0	0.451423	0.451423	0	0	0	0.451423	0.451423	0	0	0	0	0	0	0.451423	0.451423	0	0	0	0	0	0	0	0	0	0	0	0	0	0	0	0	0	0	0	0	0	0	0	0	0.451423	0.451423	0	0	0	0	0	0.451423	0.451423	0	0	0	0	0	0.451423	0.451423	0	0	0	0.451423	0.451423	0	0	0.451423	0.451423	0	0	0	0	0	0	0	0	0	0	0	0	0	0	0	0	0	0	0.451423	0.451423	0	0.451423	0.451423	0	0	0.451423	0.451423	0	0.451423	0.90279	0.90279	0.451423	0.451423	0.451423
0	0	0	0	0	0	0	0	0	0.45138	0.45138	0	0	0	0	0	0	0	0	0	0	0	0	0	0	0.45138	0.45138	0	0	0	0	0	0	0	0	0	0	0.45138	0.45138	0	0	0	0	0	0	0	0	0	0	0	0	0	0	0	0.45138	0.45138	0	0	0	0	0	0.45138	0.45138	0	0	0	0	0	0.45138	0.45138	0	0	0.45138	0.45138	0	0.45138	0.45138	0	0.45138	0.45138	0	0.45138	0.45138	0	0.45138	0.45138	0	0	0	0.45138	0.45138	0	0.45138	0.45138	0	0.45138	0.45138	0	0	0.45138	0.45138	0	0	0.45138	0.45138	0	0	0.45138	0.45138	0	0.45138	0.45138	0	0.45138	0.45138	0	0	0.45138	0.45138	0	0	0.45138	0.45138	0	0	0.45138	0.45138	0	0	0	0.45138	0.45138	0	0.45138	0.45138	0	0	0.45138	0.45138	0	0.45138	0.45138	0	0	0.902704	0.902704	0	0	0.45138	0.45138	0	0.45138	0.45138	0	0.45138	0.45138	0	0	0.45138	0.45138	0	0	0	0.45138	0.45138	0	0	0	0	0	0	0.45138	0.45138	0	0	0	0	0	0	0	0	0	0	0	0	0	0	0	0	0	0	0	0	0	0	0	0	0.45138	0.45138	0	0	0	0	0	0.45138	0.45138	0	0	0	0	0	0.45138	0.45138	0	0	0	0.45138	0.45138	0	0	0.45138	0.45138	0	0	0	0	0	0	0	0	0	0	0	0	0	0	0	0	0	0	0.45138	0.45138	0	0.45138	0.45138	0	0	0.45138	0.45138	0	0.45138	0.902704	0.902704	0.45138	0.45138	0.45138
0	0	0	0	0	0	0	0	0	0.451338	0.451338	0	0	0	0	0	0	0	0	0	0	0	0	0	0	0.451338	0.451338	0	0	0	0	0	0	0	0	0	0	0.451338	0.451338	0	0	0	0	0	0	0	0	0	0	0	0	0	0	0	0.451338	0.451338	0	0	0	0	0	0.451338	0.451338	0	0	0	0	0	0.451338	0.451338	0	0	0.451338	0.451338	0	0.451338	0.451338	0	0.451338	0.451338	0	0.451338	0.451338	0	0.451338	0.451338	0	0	0	0.451338	0.451338	0	0.451338	0.451338	0	0.451338	0.451338	0	0	0.451338	0.451338	0	0	0.451338	0.451338	0	0	0.451338	0.451338	0	0.451338	0.451338	0	0.451338	0.451338	0	0	0.451338	0.451338	0	0	0.451338	0.451338	0	0	0.451338	0.451338	0	0	0	0.451338	0.451338	0	0.451338	0.451338	0	0	0.451338	0.451338	0	0.451338	0.451338	0	0	0.902619	0.902619	0	0	0.451338	0.451338	0	0.451338	0.451338	0	0.451338	0.451338	0	0	0.451338	0.451338	0	0	0	0.451338	0.451338	0	0	0	0	0	0	0.451338	0.451338	0	0	0	0	0	0	0	0	0	0	0	0	0	0	0	0	0	0	0	0	0	0	0	0	0.451338	0.451338	0	0	0	0	0	0.451338	0.451338	0	0	0	0	0	0.451338	0.451338	0	0	0	0.451338	0.451338	0	0	0.451338	0.451338	0	0	0	0	0	0	0	0	0	0	0	0	0	0	0	0	0	0	0.451338	0.451338	0	0.451338	0.451338	0	0	0.451338	0.451338	0	0.451338	0.902619	0.902619	0.451338	0.451338	0.451338
0	0	0	0	0	0	0	0	0	0.451295	0.451295	0	0	0	0	0	0	0	0	0	0	0	0	0	0	0.451295	0.451295	0	0	0	0	0	0	0	0	0	0	0.451295	0.451295	0	0	0	0	0	0	0	0	0	0	0	0	0	0	0	0.451295	0.451295	0	0	0	0	0	0.451295	0.451295	0	0	0	0	0	0.451295	0.451295	0	0	0.451295	0.451295	0	0.451295	0.451295	0	0.451295	0.451295	0	0.451295	0.451295	0	0.451295	0.451295	0	0	0	0.451295	0.451295	0	0.451295	0.451295	0	0.451295	0.451295	0	0	0.451295	0.451295	0	0	0.451295	0.451295	0	0	0.451295	0.451295	0	0.451295	0.451295	0	0.451295	0.451295	0	0	0.451295	0.451295	0	0	0.451295	0.451295	0	0	0.451295	0.451295	0	0	0	0.451295	0.451295	0	0.451295	0.451295	0	0	0.451295	0.451295	0	0.451295	0.451295	0	0	0.902534	0.902534	0	0	0.451295	0.451295	0	0.451295	0.451295	0	0.451295	0.451295	0	0	0.451295	0.451295	0	0	0	0.451295	0.451295	0	0	0	0	0	0	0.451295	0.451295	0	0	0	0	0	0	0	0	0	0	0	0	0	0	0	0	0	0	0	0	0	0	0	0	0.451295	0.451295	0	0	0	0	0	0.451295	0.451295	0	0	0	0	0	0.451295	0.451295	0	0	0	0.451295	0.451295	0	0	0.451295	0.451295	0	0	0	0	0	0	0	0	0	0	0	0	0	0	0	0	0	0	0.451295	0.451295	0	0.451295	0.451295	0	0	0.451295	0.451295	0	0.451295	0.902534	0.902534	0.451295	0.451295	0.451295
0.451288	0.451288	0.451288	0.451288	0.451288	0.451288	0.451288	0.451288	0.451288	0.478643	0.356752	0	0	0	0	0	0	0	0.159551	0.356774	0.451288	0.451288	0.451288	0.451288	0.451288	0.478643	0.356752	0	0	0	0	0	0	0	0	0	0	0.451252	0.451252	0	0	0	0	0	0	0	0	0	0.159551	0.356774	0.451288	0.451288	0.451288	0.451288	0.478643	0.356752	0	0	0	0	0.159551	0.504521	0.356752	0	0	0	0.159551	0.356774	0.478643	0.356752	0	0.159551	0.504521	0.356752	0	0.356752	0.478643	0.356774	0.504521	0.478643	0.451288	0.638179	0.638179	0.451288	0.638179	0.638179	0.451288	0.356774	0.159551	0.356752	0.478643	0.451288	0.638179	0.638179	0.451288	0.65783	0.813513	0.575272	0.451288	0.65783	0.859169	0.797735	0.575272	0.65783	0.859169	0.797735	0.575272	0.65783	0.813513	0.575272	0.65783	0.859169	0.797735	0.813513	0.813513	0.575272	0.451288	0.65783	0.859169	0.797735	0.575272	0.65783	0.813513	0.575272	0.451288	0.638179	0.638179	0.451288	0.451288	0.451288	0.638179	0.638179	0.451288	0.638179	0.638179	0.356774	0.159551	0.356752	0.478643	0.451288	0.65783	0.859169	0.797735	0.575272	0.970408	1.11672	0.90252	0.90252	1.07021	1.21496	1.02156	1.07021	1.28617	1.24599	1.21496	1.28617	1.35364	1.24599	1.21496	1.28617	1.35364	1.35364	1.35364	1.42682	1.42682	1.35364	1.35364	1.35364	1.35364	1.35364	1.35364	1.50491	1.72535	1.80459	1.80459	1.80459	1.80459	1.80459	1.80459	1.80459	1.80459	1.80459	1.80459	1.80459	1.69563	1.47072	1.35364	1.35364	1.35364	1.35364	1.35364	1.35364	1.35364	1.35364	1.35364	1.35364	1.35364	1.42682	1.42682	1.35364	1.35364	1.24599	1.02156	0.90252	0.859169	0.65783	0.451288	0.575272	0.797735	0.90252	0.90252	0.859169	0.65783	0.451288	0.451288	0.575272	0.813513	0.65783	0.451288	0.451288	0.478643	0.356752	0.159551	0.356774	0.451288	0.451288	0.451288	0.451288	0.451288	0.451288	0.451288	0.451288	0.451288	0.451288	0.451288	0.451288	0.356774	0.159551	0	0	0.356752	0.478643	0.356774	0.504521	0.478643	0.356774	0.159551	0.356752	0.504521	0.159551	0.451252	0.902449	0.797675	0.478643	0.638179	0.638179
0.451245	0.451245	0.451245	0.451245	0.451245	0.451245	0.451245	0.451245	0.451245	0.356741	0.159536	0	0	0	0	0	0	0	0.356718	0.478598	0.451245	0.451245	0.451245	0.451245	0.451245	0.356741	0.159536	0	0	0	0	0	0	0	0	0	0	0.45121	0.45121	0	0	0	0	0	0	0	0	0	0.356718	0.478598	0.451245	0.451245	0.451245	0.451245	0.356741	0.159536	0	0	0	0	0.356718	0.504473	0.159536	0	0	0	0.356718	0.478598	0.356741	0.159536	0	0.356718	0.504473	0.159536	0	0.159536	0.356741	0.478598	0.504473	0.356741	0.451245	0.638119	0.638119	0.451245	0.638119	0.638119	0.451245	0.478598	0.356718	0.159536	0.356741	0.451245	0.638119	0.638119	0.451245	0.575218	0.813436	0.657768	0.451245	0.575218	0.79766	0.859088	0.657768	0.575218	0.79766	0.859088	0.657768	0.575218	0.813436	0.657768	0.575218	0.79766	0.859088	0.813436	0.813436	0.657768	0.451245	0.575218	0.79766	0.859088	0.657768	0.575218	0.813436	0.657768	0.451245	0.638119	0.638119	0.451245	0.451245	0.451245	0.638119	0.638119	0.451245	0.638119	0.638119	0.478598	0.356718	0.159536	0.356741	0.451245	0.575218	0.79766	0.859088	0.657768	0.79763	0.970341	0.902434	0.902434	1.02146	1.21484	1.07011	1.02146	1.24587	1.28605	1.21484	1.24587	1.35351	1.28605	1.21484	1.24587	1.35351	1.35351	1.35351	1.42669	1.42669	1.35351	1.35351	1.35351	1.35351	1.35351	1.35351	1.47059	1.69546	1.80442	1.80442	1.80442	1.80442	1.80442	1.80442	1.80442	1.80442	1.80442	1.80442	1.80442	1.72519	1.50477	1.35351	1.35351	1.35351	1.35351	1.35351	1.35351	1.35351	1.35351	1.35351	1.35351	1.35351	1.42669	1.42669	1.35351	1.35351	1.28605	1.07011	0.902434	0.79766	0.575218	0.451245	0.657768	0.859088	0.902434	0.902434	0.79766	0.575218	0.451245	0.451245	0.657768	0.813436	0.575218	0.451245	0.451245	0.356741	0.159536	0.356718	0.478598	0.451245	0.451245	0.451245	0.451245	0.451245	0.451245	0.451245	0.451245	0.451245	0.451245	0.451245	0.451245	0.478598	0.356718	0	0	0.159536	0.356741	0.478598	0.504473	0.356741	0.478598	0.356718	0.159536	0.504473	0.356718	0.45121	0.902363	0.575176	0.356741	0.638119	0.638119
0	0	0	0	0	0	0	0	0	0	0	0	0	0	0	0	0	0	0.451167	0.451167	0	0	0	0	0	0	0	0	0	0	0	0	0	0	0	0	0	0.451167	0.451167	0	0	0	0	0	0	0	0	0	0.451167	0.451167	0	0	0	0	0	0	0	0	0	0	0.451167	0.451167	0	0	0	0	0.451167	0.451167	0	0	0	0.451167	0.451167	0	0	0	0	0.451167	0.451167	0	0	0.451167	0.451167	0	0.451167	0.451167	0	0.451167	0.451167	0	0	0	0.451167	0.451167	0	0	0.451167	0.451167	0	0	0	0.451167	0.451167	0	0	0.451167	0.451167	0	0.451167	0.451167	0	0	0.451167	0.451167	0.451167	0.451167	0	0	0	0.451167	0.451167	0	0.451167	0.451167	0	0.451167	0.451167	0	0	0	0.451167	0.451167	0	0.451167	0.451167	0.451167	0.451167	0	0	0	0	0	0.451167	0.451167	0.451167	0.451167	0	0	0	0.451167	0.451167	0	0	0.451167	0.451167	0	0	0.451167	0.451167	0	0	0	0	0.451167	0.451167	0	0	0	0	0	0	0	0	0	0	0	0	0	0	0	0	0	0	0	0.451167	0.451167	0	0	0	0	0	0	0	0	0	0	0	0.451167	0.451167	0	0	0.451167	0.451167	0	0	0	0	0.451167	0.451167	0	0	0	0	0	0	0.451167	0.451167	0	0	0	0	0	0.451167	0.451167	0	0	0	0	0	0	0	0	0	0	0	0	0.451167	0.451167	0	0	0	0	0.451167	0.451167	0	0.451167	0.451167	0	0.451167	0.451167	0.451167	0.902278	0.451167	0	0.451167	0.451167
0	0	0	0	0	0	0	0	0	0	0	0	0	0	0	0	0	0	0.451124	0.451124	0	0	0	0	0	0	0	0	0	0	0	0	0	0	0	0	0	0.451124	0.451124	0	0	0	0	0	0	0	0	0	0.451124	0.451124	0	0	0	0	0	0	0	0	0	0	0.451124	0.451124	0	0	0	0	0.451124	0.451124	0	0	0	0.451124	0.451124	0	0	0	0	0.451124	0.451124	0	0	0.451124	0.451124	0	0.451124	0.451124	0	0.451124	0.451124	0	0	0	0.451124	0.451124	0	0	0.451124	0.451124	0	0	0	0.451124	0.451124	0	0	0.451124	0.451124	0	0.451124	0.451124	0	0	0.451124	0.451124	0.451124	0.451124	0	0	0	0.451124	0.451124	0	0.451124	0.451124	0	0.451124	0.451124	0	0	0	0.451124	0.451124	0	0.451124	0.451124	0.451124	0.451124	0	0	0	0	0	0.451124	0.451124	0.451124	0.451124	0	0	0	0.451124	0.451124	0	0	0.451124	0.451124	0	0	0.451124	0.451124	0	0	0	0	0.451124	0.451124	0	0	0	0	0	0	0	0	0	0	0	0	0	0	0	0	0	0	0	0.451124	0.451124	0	0	0	0	0	0	0	0	0	0	0	0.451124	0.451124	0	0	0.451124	0.451124	0	0	0	0	0.451124	0.451124	0	0	0	0	0	0	0.451124	0.451124	0	0	0	0	0	0.451124	0.451124	0	0	0	0	0	0	0	0	0	0	0	0	0.451124	0.451124	0	0	0	0	0.451124	0.451124	0	0.451124	0.451124	0	0.451124	0.451124	0.451124	0.902193	0.451124	0	0.451124	0.451124
0	0	0	0	0	0	0	0	0	0	0	0	0	0	0	0	0	0	0.451082	0.451082	0	0	0	0	0	0	0	0	0	0	0	0	0	0	0	0	0	0.451082	0.451082	0	0	0	0	0	0	0	0	0	0.451082	0.451082	0	0	0	0	0	0	0	0	0	0	0.451082	0.451082	0	0	0	0	0.451082	0.451082	0	0	0	0.451082	0.451082	0	0	0	0	0.451082	0.451082	0	0	0.451082	0.451082	0	0.451082	0.451082	0	0.451082	0.451082	0	0	0	0.451082	0.451082	0	0	0.451082	0.451082	0	0	0	0.451082	0.451082	0	0	0.451082	0.451082	0	0.451082	0.451082	0	0	0.451082	0.451082	0.451082	0.451082	0	0	0	0.451082	0.451082	0	0.451082	0.451082	0	0.451082	0.451082	0	0	0	0.451082	0.451082	0	0.451082	0.451082	0.451082	0.451082	0	0	0	0	0	0.451082	0.451082	0.451082	0.451082	0	0	0	0.451082	0.451082	0	0	0.451082	0.451082	0	0	0.451082	0.451082	0	0	0	0	0.451082	0.451082	0	0	0	0	0	0	0	0	0	0	0	0	0	0	0	0	0	0	0	0.451082	0.451082	0	0	0	0	0	0	0	0	0	0	0	0.451082	0.451082	0	0	0.451082	0.451082	0	0	0	0	0.451082	0.451082	0	0	0	0	0	0	0.451082	0.451082	0	0	0	0	0	0.451082	0.451082	0	0	0	0	0	0	0	0	0	0	0	0	0.451082	0.451082	0	0	0	0	0.451082	0.451082	0	0.451082	0.451082	0	0.451082	0.451082	0.451082	0.902108	0.451082	0	0.451082	0.451082
0	0	0	0	0	0	0	0	0	0	0	0	0	0	0	0	0	0	0.451039	0.451039	0	0	0	0	0	0	0	0	0	0	0	0	0	0	0	0	0	0.451039	0.451039	0	0	0	0	0	0	0	0	0	0.451039	0.451039	0	0	0	0	0	0	0	0	0	0	0.451039	0.451039	0	0	0	0	0.451039	0.451039	0	0	0	0.451039	0.451039	0	0	0	0	0.451039	0.451039	0	0	0.451039	0.451039	0	0.451039	0.451039	0	0.451039	0.451039	0	0	0	0.451039	0.451039	0	0	0.451039	0.451039	0	0	0	0.451039	0.451039	0	0	0.451039	0.451039	0	0.451039	0.451039	0	0	0.451039	0.451039	0.451039	0.451039	0	0	0	0.451039	0.451039	0	0.451039	0.451039	0	0.451039	0.451039	0	0	0	0.451039	0.451039	0	0.451039	0.451039	0.451039	0.451039	0	0	0	0	0	0.451039	0.451039	0.451039	0.451039	0	0	0	0.451039	0.451039	0	0	0.451039	0.451039	0	0	0.451039	0.451039	0	0	0	0	0.451039	0.451039	0	0	0	0	0	0	0	0	0	0	0	0	0	0	0	0	0	0	0	0.451039	0.451039	0	0	0	0	0	0	0	0	0	0	0	0.451039	0.451039	0	0	0.451039	0.451039	0	0	0	0	0.451039	0.451039	0	0	0	0	0	0	0.451039	0.451039	0	0	0	0	0	0.451039	0.451039	0	0	0	0	0	0	0	0	0	0	0	0	0.451039	0.451039	0	0	0	0	0.451039	0.451039	0	0.451039	0.451039	0	0.451039	0.451039	0.451039	0.902022	0.451039	0	0.451039	0.451039
0	0	0	0	0	0	0	0	0	0	0	0	0	0	0	0	0	0	0.450997	0.450997	0	0	0	0	0	0	0	0	0	0	0	0	0	0	0	0	0	0.450997	0.450997	0	0	0	0	0	0	0	0	0	0.450997	0.450997	0	0	0	0	0	0	0	0	0	0	0.450997	0.450997	0	0	0	0	0.450997	0.450997	0	0	0	0.450997	0.450997	0	0	0	0	0.450997	0.450997	0	0	0.450997	0.450997	0	0.450997	0.450997	0	0.450997	0.450997	0	0	0	0.450997	0.450997	0	0	0.450997	0.450997	0	0	0	0.450997	0.450997	0	0	0.450997	0.450997	0	0.450997	0.450997	0	0	0.450997	0.450997	0.450997	0.450997	0	0	0	0.450997	0.450997	0	0.450997	0.450997	0	0.450997	0.450997	0	0	0	0.450997	0.450997	0	0.450997	0.450997	0.450997	0.450997	0	0	0	0	0	0.450997	0.450997	0.450997	0.450997	0	0	0	0.450997	0.450997	0	0	0.450997	0.450997	0	0	0.450997	0.450997	0	0	0	0	0.450997	0.450997	0	0	0	0	0	0	0	0	0	0	0	0	0	0	0	0	0	0	0	0.450997	0.450997	0	0	0	0	0	0	0	0	0	0	0	0.450997	0.450997	0	0	0.450997	0.450997	0	0	0	0	0.450997	0.450997	0	0	0	0	0	0	0.450997	0.450997	0	0	0	0	0	0.450997	0.450997	0	0	0	0	0	0	0	0	0	0	0	0	0.450997	0.450997	0	0	0	0	0.450997	0.450997	0	0.450997	0.450997	0	0.450997	0.450997	0.450997	0.901937	0.450997	0	0.450997	0.450997
0	0	0	0	0	0	0	0	0	0	0	0	0	0	0	0	0	0	0.450954	0.450954	0	0	0	0	0	0	0	0	0	0	0	0	0	0	0	0	0	0.450954	0.450954	0	0	0	0	0	0	0	0	0	0.450954	0.450954	0	0	0	0	0	0	0	0	0	0	0.450954	0.450954	0	0	0	0	0.450954	0.450954	0	0	0	0.450954	0.450954	0	0	0	0	0.450954	0.450954	0	0	0.450954	0.450954	0	0.450954	0.450954	0	0.450954	0.450954	0	0	0	0.450954	0.450954	0	0	0.450954	0.450954	0	0	0	0.450954	0.450954	0	0	0.450954	0.450954	0	0.450954	0.450954	0	0	0.450954	0.450954	0.450954	0.450954	0	0	0	0.450954	0.450954	0	0.450954	0.450954	0	0.450954	0.450954	0	0	0	0.450954	0.450954	0	0.450954	0.450954	0.450954	0.450954	0	0	0	0	0	0.450954	0.450954	0.450954	0.450954	0	0	0	0.450954	0.450954	0	0	0.450954	0.450954	0	0	0.450954	0.450954	0	0	0	0	0.450954	0.450954	0	0	0	0	0	0	0	0	0	0	0	0	0	0	0	0	0	0	0	0.450954	0.450954	0	0	0	0	0	0	0	0	0	0	0	0.450954	0.450954	0	0	0.450954	0.450954	0	0	0	0	0.450954	0.450954	0	0	0	0	0	0	0.450954	0.450954	0	0	0	0	0	0.450954	0.450954	0	0	0	0	0	0	0	0	0	0	0	0	0.450954	0.450954	0	0	0	0	0.450954	0.450954	0	0.450954	0.450954	0	0.450954	0.450954	0.450954	0.901852	0.450954	0	0.450954	0.450954
0	0	0	0	0	0	0	0	0	0	0	0	0	0	0	0	0	0	0.450911	0.450911	0	0	0	0	0	0	0	0	0	0	0	0	0	0	0	0	0	0.450911	0.450911	0	0	0	0	0	0	0	0	0	0.450911	0.450911	0	0	0	0	0	0	0	0	0	0	0.450911	0.450911	0	0	0	0	0.450911	0.450911	0	0	0	0.450911	0.450911	0	0	0	0	0.450911	0.450911	0	0	0.450911	0.450911	0	0.450911	0.450911	0	0.450911	0.450911	0	0	0	0.450911	0.450911	0	0	0.450911	0.450911	0	0	0	0.450911	0.450911	0	0	0.450911	0.450911	0	0.450911	0.450911	0	0	0.450911	0.450911	0.450911	0.450911	0	0	0	0.450911	0.450911	0	0.450911	0.450911	0	0.450911	0.450911	0	0	0	0.450911	0.450911	0	0.450911	0.450911	0.450911	0.450911	0	0	0	0	0	0.450911	0.450911	0.450911	0.450911	0	0	0	0.450911	0.450911	0	0	0.450911	0.450911	0	0	0.450911	0.450911	0	0	0	0	0.450911	0.450911	0	0	0	0	0	0	0	0	0	0	0	0	0	0	0	0	0	0	0	0.450911	0.450911	0	0	0	0	0	0	0	0	0	0	0	0.450911	0.450911	0	0	0.450911	0.450911	0	0	0	0	0.450911	0.450911	0	0	0	0	0	0	0.450911	0.450911	0	0	0	0	0	0.450911	0.450911	0	0	0	0	0	0	0	0	0	0	0	0	0.450911	0.450911	0	0	0	0	0.450911	0.450911	0	0.450911	0.450911	0	0.450911	0.450911	0.450911	0.901767	0.450911	0	0.450911	0.450911
0	0	0	0	0	0	0	0	0	0	0	0	0	0	0	0	0	0	0.450869	0.450869	0	0	0	0	0	0	0	0	0	0	0	0	0	0	0	0	0	0.450869	0.450869	0	0	0	0	0	0	0	0	0	0.450869	0.450869	0	0	0	0	0	0	0	0	0	0	0.450869	0.450869	0	0	0	0	0.450869	0.450869	0	0	0	0.450869	0.450869	0	0	0	0	0.450869	0.450869	0	0	0.450869	0.450869	0	0.450869	0.450869	0	0.450869	0.450869	0	0	0	0.450869	0.450869	0	0	0.450869	0.450869	0	0	0	0.450869	0.450869	0	0	0.450869	0.450869	0	0.450869	0.450869	0	0	0.450869	0.450869	0.450869	0.450869	0	0	0	0.450869	0.450869	0	0.450869	0.450869	0	0.450869	0.450869	0	0	0	0.450869	0.450869	0	0.450869	0.450869	0.450869	0.450869	0	0	0	0	0	0.450869	0.450869	0.450869	0.450869	0	0	0	0.450869	0.450869	0	0	0.450869	0.450869	0	0	0.450869	0.450869	0	0	0	0	0.450869	0.450869	0	0	0	0	0	0	0	0	0	0	0	0	0	0	0	0	0	0	0	0.450869	0.450869	0	0	0	0	0	0	0	0	0	0	0	0.450869	0.450869	0	0	0.450869	0.450869	0	0	0	0	0.450869	0.450869	0	0	0	0	0	0	0.450869	0.450869	0	0	0	0	0	0.450869	0.450869	0	0	0	0	0	0	0	0	0	0	0	0	0.450869	0.450869	0	0	0	0	0.450869	0.450869	0	0.450869	0.450869	0	0.450869	0.450869	0.450869	0.901682	0.450869	0	0.450869	0.450869
0	0	0	0	0	0	0	0	0	0	0	0	0	0	0	0	0	0	0.356414	0.478187	0.450855	0.450855	0.356432	0.159399	0	0	0	0	0	0	0	0	0	0	0	0	0	0.356414	0.478187	0.450855	0.450855	0.450855	0.450855	0.450855	0.450855	0.450855	0.450855	0.450855	0.478187	0.356414	0	0	0	0	0.159399	0.356432	0.450855	0.450855	0.450855	0.450855	0.478187	0.356414	0	0.159399	0.356432	0.450855	0.478187	0.356414	0	0	0	0.356414	0.504043	0.159399	0	0	0	0.356414	0.504043	0.159399	0	0.356414	0.478187	0.450855	0.637571	0.637571	0.450855	0.657202	0.858347	0.79697	0.57472	0.450855	0.657202	0.812736	0.57472	0.450855	0.657202	0.858347	0.79697	0.57472	0.450855	0.657202	0.858347	0.79697	0.57472	0.657202	0.858347	0.79697	0.812736	0.858347	0.79697	0.57472	0.657202	0.812736	0.812736	0.858347	0.901653	0.79697	0.57472	0.657202	0.858347	0.79697	0.812736	0.858347	0.901653	1.00805	1.00805	0.901653	0.79697	0.57472	0.637571	0.637571	0.450855	0.637571	0.637571	0.657202	0.858347	0.79697	0.57472	0.450855	0.356432	0.159399	0.356414	0.478187	0.637571	0.637571	0.450855	0.450855	0.450855	0.637571	0.637571	0.450855	0.450855	0.637571	0.637571	0.450855	0.450855	0.657202	0.812736	0.57472	0.450855	0.450855	0.450855	0.657202	0.858347	0.79697	0.57472	0.450855	0.450855	0.450855	0.450855	0.450855	0.57472	0.79697	0.901653	0.901653	0.901653	0.901653	0.901653	0.901653	0.901653	0.79697	0.57472	0.450855	0.657202	0.858347	0.901653	0.901653	0.901653	0.901653	0.901653	0.901653	0.901653	0.901653	0.901653	0.901653	0.901653	0.858347	0.657202	0.450855	0.450855	0.657202	0.858347	0.901653	0.901653	0.901653	0.901653	0.858347	0.657202	0.450855	0.450855	0.450855	0.450855	0.450855	0.450855	0.478187	0.356414	0	0.159399	0.356432	0.450855	0.450855	0.478187	0.356414	0	0	0	0	0	0	0	0	0	0	0	0	0.356414	0.478187	0.356432	0.159399	0	0	0.450826	0.450826	0	0.450826	0.450826	0.159399	0.504043	0.356414	0.450826	0.796922	0.504043	0.159399	0.450826	0.450826
0	0	0	0	0	0	0	0	0	0	0	0	0	0	0	0	0	0	0.159384	0.356399	0.450812	0.450812	0.478142	0.356381	0	0	0	0	0	0	0	0	0	0	0	0	0	0.159384	0.356399	0.450812	0.450812	0.450812	0.450812	0.450812	0.450812	0.450812	0.450812	0.450812	0.356399	0.159384	0	0	0	0	0.356381	0.478142	0.450812	0.450812	0.450812	0.450812	0.356399	0.159384	0	0.356381	0.478142	0.450812	0.356399	0.159384	0	0	0	0.159384	0.503995	0.356381	0	0	0	0.159384	0.503995	0.356381	0	0.159384	0.356399	0.450812	0.637511	0.637511	0.450812	0.574666	0.796895	0.858266	0.65714	0.450812	0.574666	0.812659	0.65714	0.450812	0.574666	0.796895	0.858266	0.65714	0.450812	0.574666	0.796895	0.858266	0.65714	0.574666	0.796895	0.858266	0.812659	0.796895	0.858266	0.65714	0.574666	0.812659	0.812659	0.796895	0.901568	0.858266	0.65714	0.574666	0.796895	0.858266	0.812659	0.796895	0.901568	1.00795	1.00795	0.901568	0.858266	0.65714	0.637511	0.637511	0.450812	0.637511	0.637511	0.574666	0.796895	0.858266	0.65714	0.450812	0.478142	0.356381	0.159384	0.356399	0.637511	0.637511	0.450812	0.450812	0.450812	0.637511	0.637511	0.450812	0.450812	0.637511	0.637511	0.450812	0.450812	0.574666	0.812659	0.65714	0.450812	0.450812	0.450812	0.574666	0.796895	0.858266	0.65714	0.450812	0.450812	0.450812	0.450812	0.450812	0.65714	0.858266	0.901568	0.901568	0.901568	0.901568	0.901568	0.901568	0.901568	0.858266	0.65714	0.450812	0.574666	0.796895	0.901568	0.901568	0.901568	0.901568	0.901568	0.901568	0.901568	0.901568	0.901568	0.901568	0.901568	0.796895	0.574666	0.450812	0.450812	0.574666	0.796895	0.901568	0.901568	0.901568	0.901568	0.796895	0.574666	0.450812	0.450812	0.450812	0.450812	0.450812	0.450812	0.356399	0.159384	0	0.356381	0.478142	0.450812	0.450812	0.356399	0.159384	0	0	0	0	0	0	0	0	0	0	0	0	0.159384	0.356399	0.478142	0.356381	0	0	0.450784	0.450784	0	0.450784	0.450784	0.356381	0.503995	0.159384	0.450784	0.574633	0.503995	0.356381	0.450784	0.450784
0	0	0	0	0	0	0	0	0	0	0	0	0	0	0	0	0	0	0	0	0	0	0.450734	0.450734	0	0	0	0	0	0	0	0	0	0	0	0	0	0	0	0	0	0	0	0	0	0	0	0	0	0	0	0	0	0	0.450734	0.450734	0	0	0	0	0	0	0	0.450734	0.450734	0	0	0	0	0	0	0	0.450734	0.450734	0	0	0	0	0.450734	0.450734	0	0	0	0	0.450734	0.450734	0	0	0	0.450734	0.450734	0	0	0.450734	0.450734	0	0	0	0.450734	0.450734	0	0	0	0.450734	0.450734	0	0	0.450734	0.450734	0	0.450734	0.450734	0	0.450734	0.450734	0	0	0.450734	0.450734	0	0	0.450734	0.450734	0	0	0.450734	0.450734	0	0.450734	0.450734	0.450734	0.450734	0	0.450734	0.450734	0	0	0.450734	0.450734	0	0.450734	0.450734	0	0	0.450734	0.450734	0	0	0	0.450734	0.450734	0	0	0.450734	0.450734	0	0	0	0.450734	0.450734	0	0	0	0	0	0.450734	0.450734	0	0	0	0	0	0.450734	0.450734	0	0	0	0	0	0	0	0.450734	0.450734	0	0	0	0	0	0	0	0	0	0	0	0	0	0	0	0	0	0	0	0	0	0	0	0	0	0	0	0	0	0	0	0	0	0	0	0.450734	0.450734	0	0	0	0	0	0	0	0	0	0	0	0	0	0	0	0	0	0	0.450734	0.450734	0	0	0.450734	0.450734	0	0.450734	0.450734	0.450734	0.450734	0	0.450734	0.450734	0.450734	0.450734	0.450734	0.450734
0	0	0	0	0	0	0	0	0	0	0	0	0	0	0	0	0	0	0	0	0	0	0.450691	0.450691	0	0	0	0	0	0	0	0	0	0	0	0	0	0	0	0	0	0	0	0	0	0	0	0	0	0	0	0	0	0	0.450691	0.450691	0	0	0	0	0	0	0	0.450691	0.450691	0	0	0	0	0	0	0	0.450691	0.450691	0	0	0	0	0.450691	0.450691	0	0	0	0	0.450691	0.450691	0	0	0	0.450691	0.450691	0	0	0.450691	0.450691	0	0	0	0.450691	0.450691	0	0	0	0.450691	0.450691	0	0	0.450691	0.450691	0	0.450691	0.450691	0	0.450691	0.450691	0	0	0.450691	0.450691	0	0	0.450691	0.450691	0	0	0.450691	0.450691	0	0.450691	0.450691	0.450691	0.450691	0	0.450691	0.450691	0	0	0.450691	0.450691	0	0.450691	0.450691	0	0	0.450691	0.450691	0	0	0	0.450691	0.450691	0	0	0.450691	0.450691	0	0	0	0.450691	0.450691	0	0	0	0	0	0.450691	0.450691	0	0	0	0	0	0.450691	0.450691	0	0	0	0	0	0	0	0.450691	0.450691	0	0	0	0	0	0	0	0	0	0	0	0	0	0	0	0	0	0	0	0	0	0	0	0	0	0	0	0	0	0	0	0	0	0	0	0.450691	0.450691	0	0	0	0	0	0	0	0	0	0	0	0	0	0	0	0	0	0	0.450691	0.450691	0	0	0.450691	0.450691	0	0.450691	0.450691	0.450691	0.450691	0	0.450691	0.450691	0.450691	0.450691	0.450691	0.450691
0	0	0	0	0	0	0	0	0	0	0	0	0	0	0	0	0	0	0	0	0	0	0.450649	0.450649	0	0	0	0	0	0	0	0	0	0	0	0	0	0	0	0	0	0	0	0	0	0	0	0	0	0	0	0	0	0	0.450649	0.450649	0	0	0	0	0	0	0	0.450649	0.450649	0	0	0	0	0	0	0	0.450649	0.450649	0	0	0	0	0.450649	0.450649	0	0	0	0	0.450649	0.450649	0	0	0	0.450649	0.450649	0	0	0.450649	0.450649	0	0	0	0.450649	0.450649	0	0	0	0.450649	0.450649	0	0	0.450649	0.450649	0	0.450649	0.450649	0	0.450649	0.450649	0	0	0.450649	0.450649	0	0	0.450649	0.450649	0	0	0.450649	0.450649	0	0.450649	0.450649	0.450649	0.450649	0	0.450649	0.450649	0	0	0.450649	0.450649	0	0.450649	0.450649	0	0	0.450649	0.450649	0	0	0	0.450649	0.450649	0	0	0.450649	0.450649	0	0	0	0.450649	0.450649	0	0	0	0	0	0.450649	0.450649	0	0	0	0	0	0.450649	0.450649	0	0	0	0	0	0	0	0.450649	0.450649	0	0	0	0	0	0	0	0	0	0	0	0	0	0	0	0	0	0	0	0	0	0	0	0	0	0	0	0	0	0	0	0	0	0	0	0.450649	0.450649	0	0	0	0	0	0	0	0	0	0	0	0	0	0	0	0	0	0	0.450649	0.450649	0	0	0.450649	0.450649	0	0.450649	0.450649	0.450649	0.450649	0	0.450649	0.450649	0.450649	0.450649	0.450649	0.450649
0	0	0	0	0	0	0	0	0	0	0	0	0	0	0	0	0	0	0	0	0	0	0.450606	0.450606	0	0	0	0	0	0	0	0	0	0	0	0	0	0	0	0	0	0	0	0	0	0	0	0	0	0	0	0	0	0	0.450606	0.450606	0	0	0	0	0	0	0	0.450606	0.450606	0	0	0	0	0	0	0	0.450606	0.450606	0	0	0	0	0.450606	0.450606	0	0	0	0	0.450606	0.450606	0	0	0	0.450606	0.450606	0	0	0.450606	0.450606	0	0	0	0.450606	0.450606	0	0	0	0.450606	0.450606	0	0	0.450606	0.450606	0	0.450606	0.450606	0	0.450606	0.450606	0	0	0.450606	0.450606	0	0	0.450606	0.450606	0	0	0.450606	0.450606	0	0.450606	0.450606	0.450606	0.450606	0	0.450606	0.450606	0	0	0.450606	0.450606	0	0.450606	0.450606	0	0	0.450606	0.450606	0	0	0	0.450606	0.450606	0	0	0.450606	0.450606	0	0	0	0.450606	0.450606	0	0	0	0	0	0.450606	0.450606	0	0	0	0	0	0.450606	0.450606	0	0	0	0	0	0	0	0.450606	0.450606	0	0	0	0	0	0	0	0	0	0	0	0	0	0	0	0	0	0	0	0	0	0	0	0	0	0	0	0	0	0	0	0	0	0	0	0.450606	0.450606	0	0	0	0	0	0	0	0	0	0	0	0	0	0	0	0	0	0	0.450606	0.450606	0	0	0.450606	0.450606	0	0.450606	0.450606	0.450606	0.450606	0	0.450606	0.450606	0.450606	0.450606	0.450606	0.450606
0	0	0	0	0	0	0	0	0	0	0	0	0	0	0	0	0	0	0	0	0	0	0.450564	0.450564	0	0	0	0	0	0	0	0	0	0	0	0	0	0	0	0	0	0	0	0	0	0	0	0	0	0	0	0	0	0	0.450564	0.450564	0	0	0	0	0	0	0	0.450564	0.450564	0	0	0	0	0	0	0	0.450564	0.450564	0	0	0	0	0.450564	0.450564	0	0	0	0	0.450564	0.450564	0	0	0	0.450564	0.450564	0	0	0.450564	0.450564	0	0	0	0.450564	0.450564	0	0	0	0.450564	0.450564	0	0	0.450564	0.450564	0	0.450564	0.450564	0	0.450564	0.450564	0	0	0.450564	0.450564	0	0	0.450564	0.450564	0	0	0.450564	0.450564	0	0.450564	0.450564	0.450564	0.450564	0	0.450564	0.450564	0	0	0.450564	0.450564	0	0.450564	0.450564	0	0	0.450564	0.450564	0	0	0	0.450564	0.450564	0	0	0.450564	0.450564	0	0	0	0.450564	0.450564	0	0	0	0	0	0.450564	0.450564	0	0	0	0	0	0.450564	0.450564	0	0	0	0	0	0	0	0.450564	0.450564	0	0	0	0	0	0	0	0	0	0	0	0	0	0	0	0	0	0	0	0	0	0	0	0	0	0	0	0	0	0	0	0	0	0	0	0.450564	0.450564	0	0	0	0	0	0	0	0	0	0	0	0	0	0	0	0	0	0	0.450564	0.450564	0	0	0.450564	0.450564	0	0.450564	0.450564	0.450564	0.450564	0	0.450564	0.450564	0.450564	0.450564	0.450564	0.450564
0	0	0	0	0	0	0	0	0	0	0	0	0	0	0	0	0	0	0	0	0	0	0.450521	0.450521	0	0	0	0	0	0	0	0	0	0	0	0	0	0	0	0	0	0	0	0	0	0	0	0	0	0	0	0	0	0	0.450521	0.450521	0	0	0	0	0	0	0	0.450521	0.450521	0	0	0	0	0	0	0	0.450521	0.450521	0	0	0	0	0.450521	0.450521	0	0	0	0	0.450521	0.450521	0	0	0	0.450521	0.450521	0	0	0.450521	0.450521	0	0	0	0.450521	0.450521	0	0	0	0.450521	0.450521	0	0	0.450521	0.450521	0	0.450521	0.450521	0	0.450521	0.450521	0	0	0.450521	0.450521	0	0	0.450521	0.450521	0	0	0.450521	0.450521	0	0.450521	0.450521	0.450521	0.450521	0	0.450521	0.450521	0	0	0.450521	0.450521	0	0.450521	0.450521	0	0	0.450521	0.450521	0	0	0	0.450521	0.450521	0	0	0.450521	0.450521	0	0	0	0.450521	0.450521	0	0	0	0	0	0.450521	0.450521	0	0	0	0	0	0.450521	0.450521	0	0	0	0	0	0	0	0.450521	0.450521	0	0	0	0	0	0	0	0	0	0	0	0	0	0	0	0	0	0	0	0	0	0	0	0	0	0	0	0	0	0	0	0	0	0	0	0.450521	0.450521	0	0	0	0	0	0	0	0	0	0	0	0	0	0	0	0	0	0	0.450521	0.450521	0	0	0.450521	0.450521	0	0.450521	0.450521	0.450521	0.450521	0	0.450521	0.450521	0.450521	0.450521	0.450521	0.450521
0	0	0	0	0	0	0	0	0	0	0	0	0	0	0	0	0	0	0	0	0	0	0.450479	0.450479	0	0	0	0	0	0	0	0	0	0	0	0	0	0	0	0	0	0	0	0	0	0	0	0	0	0	0	0	0	0	0.450479	0.450479	0	0	0	0	0	0	0	0.450479	0.450479	0	0	0	0	0	0	0	0.450479	0.450479	0	0	0	0	0.450479	0.450479	0	0	0	0	0.450479	0.450479	0	0	0	0.450479	0.450479	0	0	0.450479	0.450479	0	0	0	0.450479	0.450479	0	0	0	0.450479	0.450479	0	0	0.450479	0.450479	0	0.450479	0.450479	0	0.450479	0.450479	0	0	0.450479	0.450479	0	0	0.450479	0.450479	0	0	0.450479	0.450479	0	0.450479	0.450479	0.450479	0.450479	0	0.450479	0.450479	0	0	0.450479	0.450479	0	0.450479	0.450479	0	0	0.450479	0.450479	0	0	0	0.450479	0.450479	0	0	0.450479	0.450479	0	0	0	0.450479	0.450479	0	0	0	0	0	0.450479	0.450479	0	0	0	0	0	0.450479	0.450479	0	0	0	0	0	0	0	0.450479	0.450479	0	0	0	0	0	0	0	0	0	0	0	0	0	0	0	0	0	0	0	0	0	0	0	0	0	0	0	0	0	0	0	0	0	0	0	0.450479	0.450479	0	0	0	0	0	0	0	0	0	0	0	0	0	0	0	0	0	0	0.450479	0.450479	0	0	0.450479	0.450479	0	0.450479	0.450479	0.450479	0.450479	0	0.450479	0.450479	0.450479	0.450479	0.450479	0.450479
0	0	0	0	0	0	0	0	0	0	0	0	0	0	0	0	0	0	0	0	0	0	0.450436	0.450436	0	0	0	0	0	0	0	0	0	0	0	0	0	0	0	0	0	0	0	0	0	0	0	0	0	0	0	0	0	0	0.450436	0.450436	0	0	0	0	0	0	0	0.450436	0.450436	0	0	0	0	0	0	0	0.450436	0.450436	0	0	0	0	0.450436	0.450436	0	0	0	0	0.450436	0.450436	0	0	0	0.450436	0.450436	0	0	0.450436	0.450436	0	0	0	0.450436	0.450436	0	0	0	0.450436	0.450436	0	0	0.450436	0.450436	0	0.450436	0.450436	0	0.450436	0.450436	0	0	0.450436	0.450436	0	0	0.450436	0.450436	0	0	0.450436	0.450436	0	0.450436	0.450436	0.450436	0.450436	0	0.450436	0.450436	0	0	0.450436	0.450436	0	0.450436	0.450436	0	0	0.450436	0.450436	0	0	0	0.450436	0.450436	0	0	0.450436	0.450436	0	0	0	0.450436	0.450436	0	0	0	0	0	0.450436	0.450436	0	0	0	0	0	0.450436	0.450436	0	0	0	0	0	0	0	0.450436	0.450436	0	0	0	0	0	0	0	0	0	0	0	0	0	0	0	0	0	0	0	0	0	0	0	0	0	0	0	0	0	0	0	0	0	0	0	0.450436	0.450436	0	0	0	0	0	0	0	0	0	0	0	0	0	0	0	0	0	0	0.450436	0.450436	0	0	0.450436	0.450436	0	0.450436	0.450436	0.450436	0.450436	0	0.450436	0.450436	0.450436	0.450436	0.450436	0.450436
0	0	0	0	0	0	0	0	0	0	0	0	0	0	0	0	0	0	0	0	0	0	0.450394	0.450394	0	0	0	0	0	0	0	0	0	0	0	0	0	0	0	0	0	0	0	0	0	0	0	0	0	0	0	0	0	0	0.450394	0.450394	0	0	0	0	0	0	0	0.450394	0.450394	0	0	0	0	0	0	0	0.450394	0.450394	0	0	0	0	0.450394	0.450394	0	0	0	0	0.450394	0.450394	0	0	0	0.450394	0.450394	0	0	0.450394	0.450394	0	0	0	0.450394	0.450394	0	0	0	0.450394	0.450394	0	0	0.450394	0.450394	0	0.450394	0.450394	0	0.450394	0.450394	0	0	0.450394	0.450394	0	0	0.450394	0.450394	0	0	0.450394	0.450394	0	0.450394	0.450394	0.450394	0.450394	0	0.450394	0.450394	0	0	0.450394	0.450394	0	0.450394	0.450394	0	0	0.450394	0.450394	0	0	0	0.450394	0.450394	0	0	0.450394	0.450394	0	0	0	0.450394	0.450394	0	0	0	0	0	0.450394	0.450394	0	0	0	0	0	0.450394	0.450394	0	0	0	0	0	0	0	0.450394	0.450394	0	0	0	0	0	0	0	0	0	0	0	0	0	0	0	0	0	0	0	0	0	0	0	0	0	0	0	0	0	0	0	0	0	0	0	0.450394	0.450394	0	0	0	0	0	0	0	0	0	0	0	0	0	0	0	0	0	0	0.450394	0.450394	0	0	0.450394	0.450394	0	0.450394	0.450394	0.450394	0.450394	0	0.450394	0.450394	0.450394	0.450394	0.450394	0.450394
0.900704	0.900704	0.900704	0.900704	0.900704	0.79613	0.574115	0.45038	0.45038	0.45038	0.45038	0.45038	0.45038	0.45038	0.45038	0.45038	0.45038	0.45038	0.45038	0.45038	0.45038	0.45038	0.477684	0.356039	0	0	0	0	0	0	0	0	0	0	0	0	0	0	0	0	0	0	0	0	0	0.159231	0.356057	0.45038	0.45038	0.45038	0.45038	0.45038	0.45038	0.45038	0.477684	0.356039	0	0	0	0	0.159231	0.356057	0.45038	0.477684	0.356039	0	0	0	0	0	0	0	0.356039	0.477684	0.45038	0.45038	0.45038	0.356057	0.503512	0.477684	0.45038	0.45038	0.45038	0.45038	0.656509	0.857443	0.900704	0.79613	0.574115	0.656509	0.857443	0.900704	0.900704	1.00698	1.00698	0.900704	0.79613	0.574115	0.656509	0.857443	0.900704	0.79613	0.574115	0.656509	0.81188	0.574115	0.45038	0.656509	0.81188	0.574115	0.656509	0.857443	0.79613	0.81188	0.81188	0.574115	0.45038	0.6369	0.6369	0.45038	0.45038	0.6369	0.6369	0.45038	0.356057	0.503512	0.503512	0.159231	0.356039	0.477684	0.6369	0.6369	0.45038	0.6369	0.6369	0.356057	0.159231	0.450351	0.450351	0	0.356039	0.477684	0.356057	0.159231	0.356039	0.477684	0.356057	0.159231	0	0.356039	0.477684	0.356057	0.159231	0.356039	0.503512	0.159231	0	0	0.450351	0.450351	0	0	0	0	0	0.450351	0.450351	0	0	0	0	0	0.356039	0.477684	0.45038	0.45038	0.45038	0.45038	0.45038	0.45038	0.45038	0.477684	0.356039	0	0	0	0	0.159231	0.356057	0.45038	0.45038	0.45038	0.45038	0.45038	0.45038	0.45038	0.45038	0.45038	0.45038	0.356057	0.159231	0	0	0	0	0	0	0.159231	0.356057	0.45038	0.45038	0.45038	0.45038	0.45038	0.45038	0.45038	0.45038	0.45038	0.477684	0.503512	0.356057	0.45038	0.45038	0.45038	0.45038	0.45038	0.45038	0.45038	0.45038	0.45038	0.45038	0.45038	0.45038	0.356057	0.159231	0	0	0	0.356039	0.503512	0.159231	0	0.356039	0.503512	0.159231	0.356039	0.477684	0.6369	0.65649	0.159231	0.356039	0.503512	0.574082	0.450351	0.450351	0.450351
0.900619	0.900619	0.900619	0.900619	0.900619	0.857362	0.656447	0.450337	0.450337	0.450337	0.450337	0.450337	0.450337	0.450337	0.450337	0.450337	0.450337	0.450337	0.450337	0.450337	0.450337	0.450337	0.356023	0.159216	0	0	0	0	0	0	0	0	0	0	0	0	0	0	0	0	0	0	0	0	0	0.356005	0.477638	0.450337	0.450337	0.450337	0.450337	0.450337	0.450337	0.450337	0.356023	0.159216	0	0	0	0	0.356005	0.477638	0.450337	0.356023	0.159216	0	0	0	0	0	0	0	0.159216	0.356023	0.450337	0.450337	0.450337	0.477638	0.503464	0.356023	0.450337	0.450337	0.450337	0.450337	0.574061	0.796055	0.900619	0.857362	0.656447	0.574061	0.796055	0.900619	0.900619	1.00689	1.00689	0.900619	0.857362	0.656447	0.574061	0.796055	0.900619	0.857362	0.656447	0.574061	0.811804	0.656447	0.450337	0.574061	0.811804	0.656447	0.574061	0.796055	0.857362	0.811804	0.811804	0.656447	0.450337	0.63684	0.63684	0.450337	0.450337	0.63684	0.63684	0.450337	0.477638	0.503464	0.503464	0.356005	0.159216	0.356023	0.63684	0.63684	0.450337	0.63684	0.63684	0.477638	0.356005	0.450309	0.450309	0	0.159216	0.356023	0.477638	0.356005	0.159216	0.356023	0.477638	0.356005	0	0.159216	0.356023	0.477638	0.356005	0.159216	0.503464	0.356005	0	0	0.450309	0.450309	0	0	0	0	0	0.450309	0.450309	0	0	0	0	0	0.159216	0.356023	0.450337	0.450337	0.450337	0.450337	0.450337	0.450337	0.450337	0.356023	0.159216	0	0	0	0	0.356005	0.477638	0.450337	0.450337	0.450337	0.450337	0.450337	0.450337	0.450337	0.450337	0.450337	0.450337	0.477638	0.356005	0	0	0	0	0	0	0.356005	0.477638	0.450337	0.450337	0.450337	0.450337	0.450337	0.450337	0.450337	0.450337	0.450337	0.356023	0.503464	0.477638	0.450337	0.450337	0.450337	0.450337	0.450337	0.450337	0.450337	0.450337	0.450337	0.450337	0.450337	0.450337	0.477638	0.356005	0	0	0	0.159216	0.503464	0.356005	0	0.159216	0.503464	0.356005	0.159216	0.356023	0.63684	0.857325	0.356005	0.159216	0.503464	0.796007	0.450309	0.450309	0.450309
0	0	0	0	0	0.450266	0.450266	0	0	0	0	0	0	0	0	0	0	0	0	0	0	0	0	0	0	0	0	0	0	0	0	0	0	0	0	0	0	0	0	0	0	0	0	0	0	0.450266	0.450266	0	0	0	0	0	0	0	0	0	0	0	0	0	0.450266	0.450266	0	0	0	0	0	0	0	0	0	0	0	0	0	0	0	0.450266	0.450266	0	0	0	0	0	0	0	0	0.450266	0.450266	0	0	0	0	0.450266	0.450266	0	0.450266	0.450266	0	0	0	0.450266	0.450266	0	0.450266	0.450266	0	0	0.450266	0.450266	0	0	0.450266	0.450266	0.450266	0.450266	0	0.450266	0.450266	0	0	0.450266	0.450266	0	0.450266	0.450266	0.450266	0.450266	0	0	0.450266	0.450266	0	0.450266	0.450266	0.450266	0.450266	0.450266	0.450266	0	0	0	0.450266	0.450266	0	0	0.450266	0.450266	0	0	0	0.450266	0.450266	0	0.450266	0.450266	0	0	0.450266	0.450266	0	0	0	0	0	0.450266	0.450266	0	0	0	0	0	0	0	0	0	0	0	0	0	0	0	0	0	0	0	0	0.450266	0.450266	0	0	0	0	0	0	0	0	0	0	0.450266	0.450266	0	0	0	0	0	0	0.450266	0.450266	0	0	0	0	0	0	0	0	0	0	0.450266	0.450266	0	0	0	0	0	0	0	0	0	0	0	0	0.450266	0.450266	0	0	0	0	0.450266	0.450266	0	0	0.450266	0.450266	0	0	0.450266	0.900477	0.450266	0	0.450266	0.900477	0.450266	0.450266	0.450266
0	0	0	0	0	0.450224	0.450224	0	0	0	0	0	0	0	0	0	0	0	0	0	0	0	0	0	0	0	0	0	0	0	0	0	0	0	0	0	0	0	0	0	0	0	0	0	0	0.450224	0.450224	0	0	0	0	0	0	0	0	0	0	0	0	0	0.450224	0.450224	0	0	0	0	0	0	0	0	0	0	0	0	0	0	0	0.450224	0.450224	0	0	0	0	0	0	0	0	0.450224	0.450224	0	0	0	0	0.450224	0.450224	0	0.450224	0.450224	0	0	0	0.450224	0.450224	0	0.450224	0.450224	0	0	0.450224	0.450224	0	0	0.450224	0.450224	0.450224	0.450224	0	0.450224	0.450224	0	0	0.450224	0.450224	0	0.450224	0.450224	0.450224	0.450224	0	0	0.450224	0.450224	0	0.450224	0.450224	0.450224	0.450224	0.450224	0.450224	0	0	0	0.450224	0.450224	0	0	0.450224	0.450224	0	0	0	0.450224	0.450224	0	0.450224	0.450224	0	0	0.450224	0.450224	0	0	0	0	0	0.450224	0.450224	0	0	0	0	0	0	0	0	0	0	0	0	0	0	0	0	0	0	0	0	0.450224	0.450224	0	0	0	0	0	0	0	0	0	0	0.450224	0.450224	0	0	0	0	0	0	0.450224	0.450224	0	0	0	0	0	0	0	0	0	0	0.450224	0.450224	0	0	0	0	0	0	0	0	0	0	0	0	0.450224	0.450224	0	0	0	0	0.450224	0.450224	0	0	0.450224	0.450224	0	0	0.450224	0.900392	0.450224	0	0.450224	0.900392	0.450224	0.450224	0.450224
0	0	0	0	0	0.450182	0.450182	0	0	0	0	0	0	0	0	0	0	0	0	0	0	0	0	0	0	0	0	0	0	0	0	0	0	0	0	0	0	0	0	0	0	0	0	0	0	0.450182	0.450182	0	0	0	0	0	0	0	0	0	0	0	0	0	0.450182	0.450182	0	0	0	0	0	0	0	0	0	0	0	0	0	0	0	0.450182	0.450182	0	0	0	0	0	0	0	0	0.450182	0.450182	0	0	0	0	0.450182	0.450182	0	0.450182	0.450182	0	0	0	0.450182	0.450182	0	0.450182	0.450182	0	0	0.450182	0.450182	0	0	0.450182	0.450182	0.450182	0.450182	0	0.450182	0.450182	0	0	0.450182	0.450182	0	0.450182	0.450182	0.450182	0.450182	0	0	0.450182	0.450182	0	0.450182	0.450182	0.450182	0.450182	0.450182	0.450182	0	0	0	0.450182	0.450182	0	0	0.450182	0.450182	0	0	0	0.450182	0.450182	0	0.450182	0.450182	0	0	0.450182	0.450182	0	0	0	0	0	0.450182	0.450182	0	0	0	0	0	0	0	0	0	0	0	0	0	0	0	0	0	0	0	0	0.450182	0.450182	0	0	0	0	0	0	0	0	0	0	0.450182	0.450182	0	0	0	0	0	0	0.450182	0.450182	0	0	0	0	0	0	0	0	0	0	0.450182	0.450182	0	0	0	0	0	0	0	0	0	0	0	0	0.450182	0.450182	0	0	0	0	0.450182	0.450182	0	0	0.450182	0.450182	0	0	0.450182	0.900307	0.450182	0	0.450182	0.900307	0.450182	0.450182	0.450182
0	0	0	0	0	0.450139	0.450139	0	0	0	0	0	0	0	0	0	0	0	0	0	0	0	0	0	0	0	0	0	0	0	0	0	0	0	0	0	0	0	0	0	0	0	0	0	0	0.450139	0.450139	0	0	0	0	0	0	0	0	0	0	0	0	0	0.450139	0.450139	0	0	0	0	0	0	0	0	0	0	0	0	0	0	0	0.450139	0.450139	0	0	0	0	0	0	0	0	0.450139	0.450139	0	0	0	0	0.450139	0.450139	0	0.450139	0.450139	0	0	0	0.450139	0.450139	0	0.450139	0.450139	0	0	0.450139	0.450139	0	0	0.450139	0.450139	0.450139	0.450139	0	0.450139	0.450139	0	0	0.450139	0.450139	0	0.450139	0.450139	0.450139	0.450139	0	0	0.450139	0.450139	0	0.450139	0.450139	0.450139	0.450139	0.450139	0.450139	0	0	0	0.450139	0.450139	0	0	0.450139	0.450139	0	0	0	0.450139	0.450139	0	0.450139	0.450139	0	0	0.450139	0.450139	0	0	0	0	0	0.450139	0.450139	0	0	0	0	0	0	0	0	0	0	0	0	0	0	0	0	0	0	0	0	0.450139	0.450139	0	0	0	0	0	0	0	0	0	0	0.450139	0.450139	0	0	0	0	0	0	0.450139	0.450139	0	0	0	0	0	0	0	0	0	0	0.450139	0.450139	0	0	0	0	0	0	0	0	0	0	0	0	0.450139	0.450139	0	0	0	0	0.450139	0.450139	0	0	0.450139	0.450139	0	0	0.450139	0.900223	0.450139	0	0.450139	0.900223	0.450139	0.450139	0.450139
0	0	0	0	0	0.45009	0.45009	0	0	0	0	0	0	0	0	0	0	0	0	0	0	0	0	0	0	0	0	0	0	0	0	0	0	0	0	0	0	0	0	0	0	0	0	0	0	0.45009	0.45009	0	0	0	0	0	0	0	0	0	0	0	0	0	0.45009	0.45009	0	0	0	0	0	0	0	0	0	0	0	0	0	0	0	0.45009	0.45009	0	0	0	0	0	0	0	0	0.45009	0.45009	0	0	0	0	0.45009	0.45009	0	0.45009	0.45009	0	0	0	0.45009	0.45009	0	0.45009	0.45009	0	0	0.45009	0.45009	0	0	0.45009	0.45009	0.45009	0.45009	0	0.45009	0.45009	0	0	0.45009	0.45009	0	0.45009	0.45009	0.45009	0.45009	0	0	0.45009	0.45009	0	0.45009	0.45009	0.45009	0.45009	0.45009	0.45009	0	0	0	0.45009	0.45009	0	0	0.45009	0.45009	0	0	0	0.45009	0.45009	0	0.45009	0.45009	0	0	0.45009	0.45009	0	0	0	0	0	0.45009	0.45009	0	0	0	0	0	0	0	0	0	0	0	0	0	0	0	0	0	0	0	0	0.45009	0.45009	0	0	0	0	0	0	0	0	0	0	0.45009	0.45009	0	0	0	0	0	0	0.45009	0.45009	0	0	0	0	0	0	0	0	0	0	0.45009	0.45009	0	0	0	0	0	0	0	0	0	0	0	0	0.45009	0.45009	0	0	0	0	0.45009	0.45009	0	0	0.45009	0.45009	0	0	0.45009	0.900124	0.45009	0	0.45009	0.900124	0.45009	0.45009	0.45009
0	0	0	0	0	0.450047	0.450047	0	0	0	0	0	0	0	0	0	0	0	0	0	0	0	0	0	0	0	0	0	0	0	0	0	0	0	0	0	0	0	0	0	0	0	0	0	0	0.450047	0.450047	0	0	0	0	0	0	0	0	0	0	0	0	0	0.450047	0.450047	0	0	0	0	0	0	0	0	0	0	0	0	0	0	0	0.450047	0.450047	0	0	0	0	0	0	0	0	0.450047	0.450047	0	0	0	0	0.450047	0.450047	0	0.450047	0.450047	0	0	0	0.450047	0.450047	0	0.450047	0.450047	0	0	0.450047	0.450047	0	0	0.450047	0.450047	0.450047	0.450047	0	0.450047	0.450047	0	0	0.450047	0.450047	0	0.450047	0.450047	0.450047	0.450047	0	0	0.450047	0.450047	0	0.450047	0.450047	0.450047	0.450047	0.450047	0.450047	0	0	0	0.450047	0.450047	0	0	0.450047	0.450047	0	0	0	0.450047	0.450047	0	0.450047	0.450047	0	0	0.450047	0.450047	0	0	0	0	0	0.450047	0.450047	0	0	0	0	0	0	0	0	0	0	0	0	0	0	0	0	0	0	0	0	0.450047	0.450047	0	0	0	0	0	0	0	0	0	0	0.450047	0.450047	0	0	0	0	0	0	0.450047	0.450047	0	0	0	0	0	0	0	0	0	0	0.450047	0.450047	0	0	0	0	0	0	0	0	0	0	0	0	0.450047	0.450047	0	0	0	0	0.450047	0.450047	0	0	0.450047	0.450047	0	0	0.450047	0.900039	0.450047	0	0.450047	0.900039	0.450047	0.450047	0.450047
0	0	0	0	0	0.450005	0.450005	0	0	0	0	0	0	0	0	0	0	0	0	0	0	0	0	0	0	0	0	0	0	0	0	0	0	0	0	0	0	0	0	0	0	0	0	0	0	0.450005	0.450005	0	0	0	0	0	0	0	0	0	0	0	0	0	0.450005	0.450005	0	0	0	0	0	0	0	0	0	0	0	0	0	0	0	0.450005	0.450005	0	0	0	0	0	0	0	0	0.450005	0.450005	0	0	0	0	0.450005	0.450005	0	0.450005	0.450005	0	0	0	0.450005	0.450005	0	0.450005	0.450005	0	0	0.450005	0.450005	0	0	0.450005	0.450005	0.450005	0.450005	0	0.450005	0.450005	0	0	0.450005	0.450005	0	0.450005	0.450005	0.450005	0.450005	0	0	0.450005	0.450005	0	0.450005	0.450005	0.450005	0.450005	0.450005	0.450005	0	0	0	0.450005	0.450005	0	0	0.450005	0.450005	0	0	0	0.450005	0.450005	0	0.450005	0.450005	0	0	0.450005	0.450005	0	0	0	0	0	0.450005	0.450005	0	0	0	0	0	0	0	0	0	0	0	0	0	0	0	0	0	0	0	0	0.450005	0.450005	0	0	0	0	0	0	0	0	0	0	0.450005	0.450005	0	0	0	0	0	0	0.450005	0.450005	0	0	0	0	0	0	0	0	0	0	0.450005	0.450005	0	0	0	0	0	0	0	0	0	0	0	0	0.450005	0.450005	0	0	0	0	0.450005	0.450005	0	0	0.450005	0.450005	0	0	0.450005	0.899954	0.450005	0	0.450005	0.899954	0.450005	0.450005	0.450005
0	0	0	0	0	0.449962	0.449962	0	0	0	0	0	0	0	0	0	0	0	0	0	0	0	0	0	0	0	0	0	0	0	0	0	0	0	0	0	0	0	0	0	0	0	0	0	0	0.449962	0.449962	0	0	0	0	0	0	0	0	0	0	0	0	0	0.449962	0.449962	0	0	0	0	0	0	0	0	0	0	0	0	0	0	0	0.449962	0.449962	0	0	0	0	0	0	0	0	0.449962	0.449962	0	0	0	0	0.449962	0.449962	0	0.449962	0.449962	0	0	0	0.449962	0.449962	0	0.449962	0.449962	0	0	0.449962	0.449962	0	0	0.449962	0.449962	0.449962	0.449962	0	0.449962	0.449962	0	0	0.449962	0.449962	0	0.449962	0.449962	0.449962	0.449962	0	0	0.449962	0.449962	0	0.449962	0.449962	0.449962	0.449962	0.449962	0.449962	0	0	0	0.449962	0.449962	0	0	0.449962	0.449962	0	0	0	0.449962	0.449962	0	0.449962	0.449962	0	0	0.449962	0.449962	0	0	0	0	0	0.449962	0.449962	0	0	0	0	0	0	0	0	0	0	0	0	0	0	0	0	0	0	0	0	0.449962	0.449962	0	0	0	0	0	0	0	0	0	0	0.449962	0.449962	0	0	0	0	0	0	0.449962	0.449962	0	0	0	0	0	0	0	0	0	0	0.449962	0.449962	0	0	0	0	0	0	0	0	0	0	0	0	0.449962	0.449962	0	0	0	0	0.449962	0.449962	0	0	0.449962	0.449962	0	0	0.449962	0.899869	0.449962	0	0.449962	0.899869	0.449962	0.449962	0.449962
0	0	0	0	0	0.44992	0.44992	0	0	0	0	0	0	0	0	0	0	0	0	0	0	0	0	0	0	0	0	0	0	0	0	0	0	0	0	0	0	0	0	0	0	0	0	0	0	0.44992	0.44992	0	0	0	0	0	0	0	0	0	0	0	0	0	0.44992	0.44992	0	0	0	0	0	0	0	0	0	0	0	0	0	0	0	0.44992	0.44992	0	0	0	0	0	0	0	0	0.44992	0.44992	0	0	0	0	0.44992	0.44992	0	0.44992	0.44992	0	0	0	0.44992	0.44992	0	0.44992	0.44992	0	0	0.44992	0.44992	0	0	0.44992	0.44992	0.44992	0.44992	0	0.44992	0.44992	0	0	0.44992	0.44992	0	0.44992	0.44992	0.44992	0.44992	0	0	0.44992	0.44992	0	0.44992	0.44992	0.44992	0.44992	0.44992	0.44992	0	0	0	0.44992	0.44992	0	0	0.44992	0.44992	0	0	0	0.44992	0.44992	0	0.44992	0.44992	0	0	0.44992	0.44992	0	0	0	0	0	0.44992	0.44992	0	0	0	0	0	0	0	0	0	0	0	0	0	0	0	0	0	0	0	0	0.44992	0.44992	0	0	0	0	0	0	0	0	0	0	0.44992	0.44992	0	0	0	0	0	0	0.44992	0.44992	0	0	0	0	0	0	0	0	0	0	0.44992	0.44992	0	0	0	0	0	0	0	0	0	0	0	0	0.44992	0.44992	0	0	0	0	0.44992	0.44992	0	0	0.44992	0.44992	0	0	0.44992	0.899784	0.44992	0	0.44992	0.899784	0.44992	0.44992	0.44992
0	0	0	0	0	0.449878	0.449878	0	0	0	0	0	0	0	0	0	0	0	0	0	0	0	0	0	0	0	0	0	0	0	0	0	0	0	0	0	0	0	0	0	0	0	0	0	0	0.449878	0.449878	0	0	0	0	0	0	0	0	0	0	0	0	0	0.449878	0.449878	0	0	0	0	0	0	0	0	0	0	0	0	0	0	0	0.449878	0.449878	0	0	0	0	0	0	0	0	0.449878	0.449878	0	0	0	0	0.449878	0.449878	0	0.449878	0.449878	0	0	0	0.449878	0.449878	0	0.449878	0.449878	0	0	0.449878	0.449878	0	0	0.449878	0.449878	0.449878	0.449878	0	0.449878	0.449878	0	0	0.449878	0.449878	0	0.449878	0.449878	0.449878	0.449878	0	0	0.449878	0.449878	0	0.449878	0.449878	0.449878	0.449878	0.449878	0.449878	0	0	0	0.449878	0.449878	0	0	0.449878	0.449878	0	0	0	0.449878	0.449878	0	0.449878	0.449878	0	0	0.449878	0.449878	0	0	0	0	0	0.449878	0.449878	0	0	0	0	0	0	0	0	0	0	0	0	0	0	0	0	0	0	0	0	0.449878	0.449878	0	0	0	0	0	0	0	0	0	0	0.449878	0.449878	0	0	0	0	0	0	0.449878	0.449878	0	0	0	0	0	0	0	0	0	0	0.449878	0.449878	0	0	0	0	0	0	0	0	0	0	0	0	0.449878	0.449878	0	0	0	0	0.449878	0.449878	0	0	0.449878	0.449878	0	0	0.449878	0.8997	0.449878	0	0.449878	0.8997	0.449878	0.449878	0.449878
0.15905	0	0	0	0	0.355631	0.47714	0.44987	0.44987	0.44987	0.44987	0.44987	0.44987	0.44987	0.355654	0.15905	0	0	0	0	0	0	0	0	0	0	0	0	0	0	0	0	0	0	0.15905	0.355654	0.44987	0.44987	0.44987	0.44987	0.44987	0.44987	0.44987	0.44987	0.44987	0.47714	0.355631	0	0.15905	0.355654	0.44987	0.44987	0.44987	0.44987	0.44987	0.44987	0.44987	0.44987	0.44987	0.44987	0.47714	0.355631	0	0	0	0	0	0	0	0	0	0	0	0	0	0	0	0.355631	0.47714	0.44987	0.44987	0.44987	0.44987	0.44987	0.44987	0.44987	0.44987	0.655764	0.856471	0.79523	0.573465	0.44987	0.44987	0.655764	0.856471	0.899685	1.06685	1.28213	1.24208	1.01835	0.899685	1.00584	1.00584	0.899685	1.00584	1.00584	0.899685	0.899685	1.00584	1.00584	0.899685	0.899685	1.00584	1.00584	1.00584	1.00584	0.899685	1.00584	1.00584	0.899685	0.899685	1.00584	1.00584	0.899685	1.00584	1.00584	1.00584	1.00584	0.79523	0.573465	0.655764	0.810958	0.573465	0.655764	0.856471	1.00584	1.00584	1.00584	1.00584	0.79523	0.573465	0.44987	0.636175	0.636175	0.355654	0.15905	0.355631	0.47714	0.355654	0.15905	0	0.449835	0.449835	0	0.355631	0.502936	0.15905	0	0.449835	0.449835	0	0	0	0.15905	0.355654	0.47714	0.355631	0.15905	0.355654	0.44987	0.44987	0.44987	0.44987	0.44987	0.44987	0.44987	0.44987	0.44987	0.44987	0.44987	0.44987	0.44987	0.44987	0.44987	0.44987	0.44987	0.44987	0.47714	0.355631	0	0	0	0	0	0	0	0	0	0	0.355631	0.47714	0.355654	0.15905	0	0	0	0	0.355631	0.502936	0.15905	0	0	0	0	0	0	0.15905	0.355654	0.44987	0.47714	0.355631	0	0	0	0	0	0	0	0	0	0	0	0	0.355631	0.47714	0.44987	0.355654	0.15905	0	0.355631	0.502936	0.15905	0	0.449835	0.449835	0	0	0.449835	0.79517	0.47714	0.355654	0.573424	0.899615	0.449835	0.449835	0.449835
0.355598	0	0	0	0	0.159035	0.35562	0.449828	0.449828	0.449828	0.449828	0.449828	0.449828	0.449828	0.477095	0.355598	0	0	0	0	0	0	0	0	0	0	0	0	0	0	0	0	0	0	0.355598	0.477095	0.449828	0.449828	0.449828	0.449828	0.449828	0.449828	0.449828	0.449828	0.449828	0.35562	0.159035	0	0.355598	0.477095	0.449828	0.449828	0.449828	0.449828	0.449828	0.449828	0.449828	0.449828	0.449828	0.449828	0.35562	0.159035	0	0	0	0	0	0	0	0	0	0	0	0	0	0	0	0.159035	0.35562	0.449828	0.449828	0.449828	0.449828	0.449828	0.449828	0.449828	0.449828	0.573411	0.795155	0.856391	0.655703	0.449828	0.449828	0.573411	0.795155	0.899601	1.01825	1.24196	1.28201	1.06675	0.899601	1.00575	1.00575	0.899601	1.00575	1.00575	0.899601	0.899601	1.00575	1.00575	0.899601	0.899601	1.00575	1.00575	1.00575	1.00575	0.899601	1.00575	1.00575	0.899601	0.899601	1.00575	1.00575	0.899601	1.00575	1.00575	1.00575	1.00575	0.856391	0.655703	0.573411	0.810882	0.655703	0.573411	0.795155	1.00575	1.00575	1.00575	1.00575	0.856391	0.655703	0.449828	0.636115	0.636115	0.477095	0.355598	0.159035	0.35562	0.477095	0.355598	0	0.449793	0.449793	0	0.159035	0.502889	0.355598	0	0.449793	0.449793	0	0	0	0.355598	0.477095	0.35562	0.159035	0.355598	0.477095	0.449828	0.449828	0.449828	0.449828	0.449828	0.449828	0.449828	0.449828	0.449828	0.449828	0.449828	0.449828	0.449828	0.449828	0.449828	0.449828	0.449828	0.449828	0.35562	0.159035	0	0	0	0	0	0	0	0	0	0	0.159035	0.35562	0.477095	0.355598	0	0	0	0	0.159035	0.502889	0.355598	0	0	0	0	0	0	0.355598	0.477095	0.449828	0.35562	0.159035	0	0	0	0	0	0	0	0	0	0	0	0	0.159035	0.35562	0.449828	0.477095	0.355598	0	0.159035	0.502889	0.355598	0	0.449793	0.449793	0	0	0.449793	0.57337	0.35562	0.477095	0.795095	0.89953	0.449793	0.449793	0.449793
0.44975	0	0	0	0	0	0	0	0	0	0	0	0	0	0.44975	0.44975	0	0	0	0	0	0	0	0	0	0	0	0	0	0	0	0	0	0	0.44975	0.44975	0	0	0	0	0	0	0	0	0	0	0	0	0.44975	0.44975	0	0	0	0	0	0	0	0	0	0	0	0	0	0	0	0	0	0	0	0	0	0	0	0	0	0	0	0	0	0	0	0	0	0	0	0	0	0	0	0.44975	0.44975	0	0	0	0	0	0	0	0.44975	0.44975	0	0.44975	0.44975	0	0.44975	0.44975	0	0	0.44975	0.44975	0	0	0.44975	0.44975	0.44975	0.44975	0	0.44975	0.44975	0	0	0.44975	0.44975	0	0.44975	0.44975	0.44975	0.44975	0.44975	0.44975	0	0.44975	0.44975	0	0	0.44975	0.44975	0.44975	0.44975	0.44975	0.44975	0	0.44975	0.44975	0.44975	0.44975	0	0	0.44975	0.44975	0	0.44975	0.44975	0	0	0.44975	0.44975	0	0.44975	0.44975	0	0	0	0.44975	0.44975	0	0	0.44975	0.44975	0	0	0	0	0	0	0	0	0	0	0	0	0	0	0	0	0	0	0	0	0	0	0	0	0	0	0	0	0	0	0	0	0.44975	0.44975	0	0	0	0	0	0.44975	0.44975	0	0	0	0	0	0	0.44975	0.44975	0	0	0	0	0	0	0	0	0	0	0	0	0	0	0	0	0	0	0.44975	0.44975	0	0	0.44975	0.44975	0	0.44975	0.44975	0	0	0.44975	0.44975	0	0.44975	0.899445	0.899445	0.44975	0.44975	0.44975
0.449708	0	0	0	0	0	0	0	0	0	0	0	0	0	0.449708	0.449708	0	0	0	0	0	0	0	0	0	0	0	0	0	0	0	0	0	0	0.449708	0.449708	0	0	0	0	0	0	0	0	0	0	0	0	0.449708	0.449708	0	0	0	0	0	0	0	0	0	0	0	0	0	0	0	0	0	0	0	0	0	0	0	0	0	0	0	0	0	0	0	0	0	0	0	0	0	0	0	0.449708	0.449708	0	0	0	0	0	0	0	0.449708	0.449708	0	0.449708	0.449708	0	0.449708	0.449708	0	0	0.449708	0.449708	0	0	0.449708	0.449708	0.449708	0.449708	0	0.449708	0.449708	0	0	0.449708	0.449708	0	0.449708	0.449708	0.449708	0.449708	0.449708	0.449708	0	0.449708	0.449708	0	0	0.449708	0.449708	0.449708	0.449708	0.449708	0.449708	0	0.449708	0.449708	0.449708	0.449708	0	0	0.449708	0.449708	0	0.449708	0.449708	0	0	0.449708	0.449708	0	0.449708	0.449708	0	0	0	0.449708	0.449708	0	0	0.449708	0.449708	0	0	0	0	0	0	0	0	0	0	0	0	0	0	0	0	0	0	0	0	0	0	0	0	0	0	0	0	0	0	0	0	0.449708	0.449708	0	0	0	0	0	0.449708	0.449708	0	0	0	0	0	0	0.449708	0.449708	0	0	0	0	0	0	0	0	0	0	0	0	0	0	0	0	0	0	0.449708	0.449708	0	0	0.449708	0.449708	0	0.449708	0.449708	0	0	0.449708	0.449708	0	0.449708	0.899361	0.899361	0.449708	0.449708	0.449708
0.449666	0	0	0	0	0	0	0	0	0	0	0	0	0	0.449666	0.449666	0	0	0	0	0	0	0	0	0	0	0	0	0	0	0	0	0	0	0.449666	0.449666	0	0	0	0	0	0	0	0	0	0	0	0	0.449666	0.449666	0	0	0	0	0	0	0	0	0	0	0	0	0	0	0	0	0	0	0	0	0	0	0	0	0	0	0	0	0	0	0	0	0	0	0	0	0	0	0	0.449666	0.449666	0	0	0	0	0	0	0	0.449666	0.449666	0	0.449666	0.449666	0	0.449666	0.449666	0	0	0.449666	0.449666	0	0	0.449666	0.449666	0.449666	0.449666	0	0.449666	0.449666	0	0	0.449666	0.449666	0	0.449666	0.449666	0.449666	0.449666	0.449666	0.449666	0	0.449666	0.449666	0	0	0.449666	0.449666	0.449666	0.449666	0.449666	0.449666	0	0.449666	0.449666	0.449666	0.449666	0	0	0.449666	0.449666	0	0.449666	0.449666	0	0	0.449666	0.449666	0	0.449666	0.449666	0	0	0	0.449666	0.449666	0	0	0.449666	0.449666	0	0	0	0	0	0	0	0	0	0	0	0	0	0	0	0	0	0	0	0	0	0	0	0	0	0	0	0	0	0	0	0	0.449666	0.449666	0	0	0	0	0	0.449666	0.449666	0	0	0	0	0	0	0.449666	0.449666	0	0	0	0	0	0	0	0	0	0	0	0	0	0	0	0	0	0	0.449666	0.449666	0	0	0.449666	0.449666	0	0.449666	0.449666	0	0	0.449666	0.449666	0	0.449666	0.899276	0.899276	0.449666	0.449666	0.449666
0.449623	0	0	0	0	0	0	0	0	0	0	0	0	0	0.449623	0.449623	0	0	0	0	0	0	0	0	0	0	0	0	0	0	0	0	0	0	0.449623	0.449623	0	0	0	0	0	0	0	0	0	0	0	0	0.449623	0.449623	0	0	0	0	0	0	0	0	0	0	0	0	0	0	0	0	0	0	0	0	0	0	0	0	0	0	0	0	0	0	0	0	0	0	0	0	0	0	0	0.449623	0.449623	0	0	0	0	0	0	0	0.449623	0.449623	0	0.449623	0.449623	0	0.449623	0.449623	0	0	0.449623	0.449623	0	0	0.449623	0.449623	0.449623	0.449623	0	0.449623	0.449623	0	0	0.449623	0.449623	0	0.449623	0.449623	0.449623	0.449623	0.449623	0.449623	0	0.449623	0.449623	0	0	0.449623	0.449623	0.449623	0.449623	0.449623	0.449623	0	0.449623	0.449623	0.449623	0.449623	0	0	0.449623	0.449623	0	0.449623	0.449623	0	0	0.449623	0.449623	0	0.449623	0.449623	0	0	0	0.449623	0.449623	0	0	0.449623	0.449623	0	0	0	0	0	0	0	0	0	0	0	0	0	0	0	0	0	0	0	0	0	0	0	0	0	0	0	0	0	0	0	0	0.449623	0.449623	0	0	0	0	0	0.449623	0.449623	0	0	0	0	0	0	0.449623	0.449623	0	0	0	0	0	0	0	0	0	0	0	0	0	0	0	0	0	0	0.449623	0.449623	0	0	0.449623	0.449623	0	0.449623	0.449623	0	0	0.449623	0.449623	0	0.449623	0.899191	0.899191	0.449623	0.449623	0.449623
0.449581	0	0	0	0	0	0	0	0	0	0	0	0	0	0.449581	0.449581	0	0	0	0	0	0	0	0	0	0	0	0	0	0	0	0	0	0	0.449581	0.449581	0	0	0	0	0	0	0	0	0	0	0	0	0.449581	0.449581	0	0	0	0	0	0	0	0	0	0	0	0	0	0	0	0	0	0	0	0	0	0	0	0	0	0	0	0	0	0	0	0	0	0	0	0	0	0	0	0.449581	0.449581	0	0	0	0	0	0	0	0.449581	0.449581	0	0.449581	0.449581	0	0.449581	0.449581	0	0	0.449581	0.449581	0	0	0.449581	0.449581	0.449581	0.449581	0	0.449581	0.449581	0	0	0.449581	0.449581	0	0.449581	0.449581	0.449581	0.449581	0.449581	0.449581	0	0.449581	0.449581	0	0	0.449581	0.449581	0.449581	0.449581	0.449581	0.449581	0	0.449581	0.449581	0.449581	0.449581	0	0	0.449581	0.449581	0	0.449581	0.449581	0	0	0.449581	0.449581	0	0.449581	0.449581	0	0	0	0.449581	0.449581	0	0	0.449581	0.449581	0	0	0	0	0	0	0	0	0	0	0	0	0	0	0	0	0	0	0	0	0	0	0	0	0	0	0	0	0	0	0	0	0.449581	0.449581	0	0	0	0	0	0.449581	0.449581	0	0	0	0	0	0	0.449581	0.449581	0	0	0	0	0	0	0	0	0	0	0	0	0	0	0	0	0	0	0.449581	0.449581	0	0	0.449581	0.449581	0	0.449581	0.449581	0	0	0.449581	0.449581	0	0.449581	0.899107	0.899107	0.449581	0.449581	0.449581
0.449539	0	0	0	0	0	0	0	0	0	0	0	0	0	0.449539	0.449539	0	0	0	0	0	0	0	0	0	0	0	0	0	0	0	0	0	0	0.449539	0.449539	0	0	0	0	0	0	0	0	0	0	0	0	0.449539	0.449539	0	0	0	0	0	0	0	0	0	0	0	0	0	0	0	0	0	0	0	0	0	0	0	0	0	0	0	0	0	0	0	0	0	0	0	0	0	0	0	0.449539	0.449539	0	0	0	0	0	0	0	0.449539	0.449539	0	0.449539	0.449539	0	0.449539	0.449539	0	0	0.449539	0.449539	0	0	0.449539	0.449539	0.449539	0.449539	0	0.449539	0.449539	0	0	0.449539	0.449539	0	0.449539	0.449539	0.449539	0.449539	0.449539	0.449539	0	0.449539	0.449539	0	0	0.449539	0.449539	0.449539	0.449539	0.449539	0.449539	0	0.449539	0.449539	0.449539	0.449539	0	0	0.449539	0.449539	0	0.449539	0.449539	0	0	0.449539	0.449539	0	0.449539	0.449539	0	0	0	0.449539	0.449539	0	0	0.449539	0.449539	0	0	0	0	0	0	0	0	0	0	0	0	0	0	0	0	0	0	0	0	0	0	0	0	0	0	0	0	0	0	0	0	0.449539	0.449539	0	0	0	0	0	0.449539	0.449539	0	0	0	0	0	0	0.449539	0.449539	0	0	0	0	0	0	0	0	0	0	0	0	0	0	0	0	0	0	0.449539	0.449539	0	0	0.449539	0.449539	0	0.449539	0.449539	0	0	0.449539	0.449539	0	0.449539	0.899022	0.899022	0.449539	0.449539	0.449539
0.449489	0	0	0	0	0	0	0	0	0	0	0	0	0	0.449489	0.449489	0	0	0	0	0	0	0	0	0	0	0	0	0	0	0	0	0	0	0.449489	0.449489	0	0	0	0	0	0	0	0	0	0	0	0	0.449489	0.449489	0	0	0	0	0	0	0	0	0	0	0	0	0	0	0	0	0	0	0	0	0	0	0	0	0	0	0	0	0	0	0	0	0	0	0	0	0	0	0	0.449489	0.449489	0	0	0	0	0	0	0	0.449489	0.449489	0	0.449489	0.449489	0	0.449489	0.449489	0	0	0.449489	0.449489	0	0	0.449489	0.449489	0.449489	0.449489	0	0.449489	0.449489	0	0	0.449489	0.449489	0	0.449489	0.449489	0.449489	0.449489	0.449489	0.449489	0	0.449489	0.449489	0	0	0.449489	0.449489	0.449489	0.449489	0.449489	0.449489	0	0.449489	0.449489	0.449489	0.449489	0	0	0.449489	0.449489	0	0.449489	0.449489	0	0	0.449489	0.449489	0	0.449489	0.449489	0	0	0	0.449489	0.449489	0	0	0.449489	0.449489	0	0	0	0	0	0	0	0	0	0	0	0	0	0	0	0	0	0	0	0	0	0	0	0	0	0	0	0	0	0	0	0	0.449489	0.449489	0	0	0	0	0	0.449489	0.449489	0	0	0	0	0	0	0.449489	0.449489	0	0	0	0	0	0	0	0	0	0	0	0	0	0	0	0	0	0	0.449489	0.449489	0	0	0.449489	0.449489	0	0.449489	0.449489	0	0	0.449489	0.449489	0	0.449489	0.898923	0.898923	0.449489	0.449489	0.449489
0.449447	0	0	0	0	0	0	0	0	0	0	0	0	0	0.449447	0.449447	0	0	0	0	0	0	0	0	0	0	0	0	0	0	0	0	0	0	0.449447	0.449447	0	0	0	0	0	0	0	0	0	0	0	0	0.449447	0.449447	0	0	0	0	0	0	0	0	0	0	0	0	0	0	0	0	0	0	0	0	0	0	0	0	0	0	0	0	0	0	0	0	0	0	0	0	0	0	0	0.449447	0.449447	0	0	0	0	0	0	0	0.449447	0.449447	0	0.449447	0.449447	0	0.449447	0.449447	0	0	0.449447	0.449447	0	0	0.449447	0.449447	0.449447	0.449447	0	0.449447	0.449447	0	0	0.449447	0.449447	0	0.449447	0.449447	0.449447	0.449447	0.449447	0.449447	0	0.449447	0.449447	0	0	0.449447	0.449447	0.449447	0.449447	0.449447	0.449447	0	0.449447	0.449447	0.449447	0.449447	0	0	0.449447	0.449447	0	0.449447	0.449447	0	0	0.449447	0.449447	0	0.449447	0.449447	0	0	0	0.449447	0.449447	0	0	0.449447	0.449447	0	0	0	0	0	0	0	0	0	0	0	0	0	0	0	0	0	0	0	0	0	0	0	0	0	0	0	0	0	0	0	0	0.449447	0.449447	0	0	0	0	0	0.449447	0.449447	0	0	0	0	0	0	0.449447	0.449447	0	0	0	0	0	0	0	0	0	0	0	0	0	0	0	0	0	0	0.449447	0.449447	0	0	0.449447	0.449447	0	0.449447	0.449447	0	0	0.449447	0.449447	0	0.449447	0.898839	0.898839	0.449447	0.449447	0.449447
0.476683	0.44944	0.44944	0.44944	0.44944	0.355313	0.158898	0	0	0	0	0	0	0	0.449405	0.449405	0	0	0	0	0	0	0	0	0	0.158898	0.355313	0.44944	0.44944	0.44944	0.44944	0.44944	0.44944	0.44944	0.476683	0.355291	0	0.158898	0.355313	0.44944	0.44944	0.44944	0.44944	0.44944	0.44944	0.572917	0.794469	0.898825	0.855652	0.655137	0.44944	0.44944	0.44944	0.44944	0.44944	0.44944	0.44944	0.44944	0.44944	0.44944	0.44944	0.44944	0.44944	0.44944	0.355313	0.158898	0	0	0	0	0	0	0	0	0	0	0	0	0	0	0	0	0	0	0	0	0	0	0	0.317793	0.7106	0.898825	0.898825	0.794469	0.572917	0.44944	0.44944	0.44944	0.655137	0.810182	0.572917	0.655137	0.855652	0.898825	1.00488	1.00488	0.898825	0.898825	1.00488	1.00488	0.898825	0.898825	1.00488	1.00488	1.00488	1.00488	0.898825	1.00488	1.00488	0.898825	0.898825	1.00488	0.96646	0.572917	0.655137	0.810182	0.794439	0.635566	0.655137	0.855652	0.794469	0.794439	0.635566	0.44944	0.44944	0.635566	0.635566	0.635566	0.635566	0.635566	0.635566	0.44944	0.635566	0.635566	0.635566	0.635566	0.355313	0.158898	0.355291	0.502455	0.158898	0.355291	0.476683	0.355313	0.158898	0.449405	0.449405	0	0.449405	0.449405	0.158898	0.355313	0.44944	0.476683	0.355291	0.158898	0.355313	0.476683	0.355291	0	0	0	0.158898	0.355313	0.44944	0.44944	0.44944	0.44944	0.44944	0.44944	0.44944	0.44944	0.44944	0.44944	0.44944	0.44944	0.44944	0.44944	0.44944	0.44944	0.44944	0.44944	0.44944	0.44944	0.44944	0.44944	0.44944	0.44944	0.44944	0.355313	0.158898	0.355291	0.476683	0.44944	0.44944	0.44944	0.355313	0.158898	0.355291	0.476683	0.44944	0.355313	0.158898	0	0	0	0.355291	0.476683	0.355313	0.158898	0	0	0	0	0	0	0	0	0	0	0	0	0	0	0	0	0.449405	0.449405	0	0	0.449405	0.449405	0	0.449405	0.449405	0	0	0.449405	0.449405	0	0.449405	0.794409	0.855605	0.635566	0.635566	0.635566
0.35528	0.449398	0.449398	0.449398	0.449398	0.476638	0.355258	0	0	0	0	0	0	0	0.449362	0.449362	0	0	0	0	0	0	0	0	0	0.355258	0.476638	0.449398	0.449398	0.449398	0.449398	0.449398	0.449398	0.449398	0.35528	0.158883	0	0.355258	0.476638	0.449398	0.449398	0.449398	0.449398	0.449398	0.449398	0.655075	0.855571	0.89874	0.794394	0.572863	0.449398	0.449398	0.449398	0.449398	0.449398	0.449398	0.449398	0.449398	0.449398	0.449398	0.449398	0.449398	0.449398	0.449398	0.476638	0.355258	0	0	0	0	0	0	0	0	0	0	0	0	0	0	0	0	0	0	0	0	0	0	0	0.317763	0.710533	0.89874	0.89874	0.855571	0.655075	0.449398	0.449398	0.449398	0.572863	0.810106	0.655075	0.572863	0.794394	0.89874	1.00479	1.00479	0.89874	0.89874	1.00479	1.00479	0.89874	0.89874	1.00479	1.00479	1.00479	1.00479	0.89874	1.00479	1.00479	0.89874	0.89874	1.00479	1.11204	0.655075	0.572863	0.810106	0.966344	0.635506	0.572863	0.794394	0.855571	0.966344	0.635506	0.449398	0.449398	0.635506	0.635506	0.635506	0.635506	0.635506	0.635506	0.449398	0.635506	0.635506	0.635506	0.635506	0.476638	0.355258	0.158883	0.502408	0.355258	0.158883	0.35528	0.476638	0.355258	0.449362	0.449362	0	0.449362	0.449362	0.355258	0.476638	0.449398	0.35528	0.158883	0.355258	0.476638	0.35528	0.158883	0	0	0	0.355258	0.476638	0.449398	0.449398	0.449398	0.449398	0.449398	0.449398	0.449398	0.449398	0.449398	0.449398	0.449398	0.449398	0.449398	0.449398	0.449398	0.449398	0.449398	0.449398	0.449398	0.449398	0.449398	0.449398	0.449398	0.449398	0.449398	0.476638	0.355258	0.158883	0.35528	0.449398	0.449398	0.449398	0.476638	0.355258	0.158883	0.35528	0.449398	0.476638	0.355258	0	0	0	0.158883	0.35528	0.476638	0.355258	0	0	0	0	0	0	0	0	0	0	0	0	0	0	0	0	0.449362	0.449362	0	0	0.449362	0.449362	0	0.449362	0.449362	0	0	0.449362	0.449362	0	0.449362	0.572821	0.655051	0.635506	0.635506	0.635506
0	0	0	0	0	0.44932	0.44932	0	0	0	0	0	0	0	0.44932	0.44932	0	0	0	0	0	0	0	0	0	0.44932	0.44932	0	0	0	0	0	0	0	0	0	0	0.44932	0.44932	0	0	0	0	0	0	0.44932	0.44932	0	0	0	0	0	0	0	0	0	0	0	0	0	0	0	0	0	0.44932	0.44932	0	0	0	0	0	0	0	0	0	0	0	0	0	0	0	0	0	0	0	0	0	0	0	0.44932	0.44932	0	0	0.44932	0.44932	0	0	0	0	0.44932	0.44932	0	0	0	0.44932	0.44932	0	0	0.44932	0.44932	0	0	0.44932	0.44932	0.44932	0.44932	0	0.44932	0.44932	0	0	0.44932	0.898585	0.44932	0	0.44932	0.898585	0.44932	0	0	0.44932	0.898585	0.44932	0	0	0.44932	0.44932	0.44932	0.44932	0.44932	0.44932	0	0.44932	0.44932	0.44932	0.44932	0.44932	0.44932	0	0.44932	0.44932	0	0	0.44932	0.44932	0.44932	0.44932	0	0.44932	0.44932	0.44932	0.44932	0	0	0	0.44932	0.44932	0	0	0	0	0	0.44932	0.44932	0	0	0	0	0	0	0	0	0	0	0	0	0	0	0	0	0	0	0	0	0	0	0	0	0	0.44932	0.44932	0	0	0	0	0	0.44932	0.44932	0	0	0	0.44932	0.44932	0	0	0	0	0	0.44932	0.44932	0	0	0	0	0	0	0	0	0	0	0	0	0	0	0	0	0.44932	0.44932	0	0	0.44932	0.44932	0	0.44932	0.44932	0	0	0.44932	0.44932	0	0.44932	0.44932	0.44932	0.44932	0.44932	0.44932
0	0	0	0	0	0.449278	0.449278	0	0	0	0	0	0	0	0.449278	0.449278	0	0	0	0	0	0	0	0	0	0.449278	0.449278	0	0	0	0	0	0	0	0	0	0	0.449278	0.449278	0	0	0	0	0	0	0.449278	0.449278	0	0	0	0	0	0	0	0	0	0	0	0	0	0	0	0	0	0.449278	0.449278	0	0	0	0	0	0	0	0	0	0	0	0	0	0	0	0	0	0	0	0	0	0	0	0.449278	0.449278	0	0	0.449278	0.449278	0	0	0	0	0.449278	0.449278	0	0	0	0.449278	0.449278	0	0	0.449278	0.449278	0	0	0.449278	0.449278	0.449278	0.449278	0	0.449278	0.449278	0	0	0.449278	0.8985	0.449278	0	0.449278	0.8985	0.449278	0	0	0.449278	0.8985	0.449278	0	0	0.449278	0.449278	0.449278	0.449278	0.449278	0.449278	0	0.449278	0.449278	0.449278	0.449278	0.449278	0.449278	0	0.449278	0.449278	0	0	0.449278	0.449278	0.449278	0.449278	0	0.449278	0.449278	0.449278	0.449278	0	0	0	0.449278	0.449278	0	0	0	0	0	0.449278	0.449278	0	0	0	0	0	0	0	0	0	0	0	0	0	0	0	0	0	0	0	0	0	0	0	0	0	0.449278	0.449278	0	0	0	0	0	0.449278	0.449278	0	0	0	0.449278	0.449278	0	0	0	0	0	0.449278	0.449278	0	0	0	0	0	0	0	0	0	0	0	0	0	0	0	0	0.449278	0.449278	0	0	0.449278	0.449278	0	0.449278	0.449278	0	0	0.449278	0.449278	0	0.449278	0.449278	0.449278	0.449278	0.449278	0.449278
0	0	0	0	0	0.449236	0.449236	0	0	0	0	0	0	0	0.449236	0.449236	0	0	0	0	0	0	0	0	0	0.449236	0.449236	0	0	0	0	0	0	0	0	0	0	0.449236	0.449236	0	0	0	0	0	0	0.449236	0.449236	0	0	0	0	0	0	0	0	0	0	0	0	0	0	0	0	0	0.449236	0.449236	0	0	0	0	0	0	0	0	0	0	0	0	0	0	0	0	0	0	0	0	0	0	0	0.449236	0.449236	0	0	0.449236	0.449236	0	0	0	0	0.449236	0.449236	0	0	0	0.449236	0.449236	0	0	0.449236	0.449236	0	0	0.449236	0.449236	0.449236	0.449236	0	0.449236	0.449236	0	0	0.449236	0.898416	0.449236	0	0.449236	0.898416	0.449236	0	0	0.449236	0.898416	0.449236	0	0	0.449236	0.449236	0.449236	0.449236	0.449236	0.449236	0	0.449236	0.449236	0.449236	0.449236	0.449236	0.449236	0	0.449236	0.449236	0	0	0.449236	0.449236	0.449236	0.449236	0	0.449236	0.449236	0.449236	0.449236	0	0	0	0.449236	0.449236	0	0	0	0	0	0.449236	0.449236	0	0	0	0	0	0	0	0	0	0	0	0	0	0	0	0	0	0	0	0	0	0	0	0	0	0.449236	0.449236	0	0	0	0	0	0.449236	0.449236	0	0	0	0.449236	0.449236	0	0	0	0	0	0.449236	0.449236	0	0	0	0	0	0	0	0	0	0	0	0	0	0	0	0	0.449236	0.449236	0	0	0.449236	0.449236	0	0.449236	0.449236	0	0	0.449236	0.449236	0	0.449236	0.449236	0.449236	0.449236	0.449236	0.449236
0	0	0	0	0	0.449193	0.449193	0	0	0	0	0	0	0	0.449193	0.449193	0	0	0	0	0	0	0	0	0	0.449193	0.449193	0	0	0	0	0	0	0	0	0	0	0.449193	0.449193	0	0	0	0	0	0	0.449193	0.449193	0	0	0	0	0	0	0	0	0	0	0	0	0	0	0	0	0	0.449193	0.449193	0	0	0	0	0	0	0	0	0	0	0	0	0	0	0	0	0	0	0	0	0	0	0	0.449193	0.449193	0	0	0.449193	0.449193	0	0	0	0	0.449193	0.449193	0	0	0	0.449193	0.449193	0	0	0.449193	0.449193	0	0	0.449193	0.449193	0.449193	0.449193	0	0.449193	0.449193	0	0	0.449193	0.898331	0.449193	0	0.449193	0.898331	0.449193	0	0	0.449193	0.898331	0.449193	0	0	0.449193	0.449193	0.449193	0.449193	0.449193	0.449193	0	0.449193	0.449193	0.449193	0.449193	0.449193	0.449193	0	0.449193	0.449193	0	0	0.449193	0.449193	0.449193	0.449193	0	0.449193	0.449193	0.449193	0.449193	0	0	0	0.449193	0.449193	0	0	0	0	0	0.449193	0.449193	0	0	0	0	0	0	0	0	0	0	0	0	0	0	0	0	0	0	0	0	0	0	0	0	0	0.449193	0.449193	0	0	0	0	0	0.449193	0.449193	0	0	0	0.449193	0.449193	0	0	0	0	0	0.449193	0.449193	0	0	0	0	0	0	0	0	0	0	0	0	0	0	0	0	0.449193	0.449193	0	0	0.449193	0.449193	0	0.449193	0.449193	0	0	0.449193	0.449193	0	0.449193	0.449193	0.449193	0.449193	0.449193	0.449193
0	0	0	0	0	0.449151	0.449151	0	0	0	0	0	0	0	0.449151	0.449151	0	0	0	0	0	0	0	0	0	0.449151	0.449151	0	0	0	0	0	0	0	0	0	0	0.449151	0.449151	0	0	0	0	0	0	0.449151	0.449151	0	0	0	0	0	0	0	0	0	0	0	0	0	0	0	0	0	0.449151	0.449151	0	0	0	0	0	0	0	0	0	0	0	0	0	0	0	0	0	0	0	0	0	0	0	0.449151	0.449151	0	0	0.449151	0.449151	0	0	0	0	0.449151	0.449151	0	0	0	0.449151	0.449151	0	0	0.449151	0.449151	0	0	0.449151	0.449151	0.449151	0.449151	0	0.449151	0.449151	0	0	0.449151	0.898247	0.449151	0	0.449151	0.898247	0.449151	0	0	0.449151	0.898247	0.449151	0	0	0.449151	0.449151	0.449151	0.449151	0.449151	0.449151	0	0.449151	0.449151	0.449151	0.449151	0.449151	0.449151	0	0.449151	0.449151	0	0	0.449151	0.449151	0.449151	0.449151	0	0.449151	0.449151	0.449151	0.449151	0	0	0	0.449151	0.449151	0	0	0	0	0	0.449151	0.449151	0	0	0	0	0	0	0	0	0	0	0	0	0	0	0	0	0	0	0	0	0	0	0	0	0	0.449151	0.449151	0	0	0	0	0	0.449151	0.449151	0	0	0	0.449151	0.449151	0	0	0	0	0	0.449151	0.449151	0	0	0	0	0	0	0	0	0	0	0	0	0	0	0	0	0.449151	0.449151	0	0	0.449151	0.449151	0	0.449151	0.449151	0	0	0.449151	0.449151	0	0.449151	0.449151	0.449151	0.449151	0.449151	0.449151
0	0	0	0	0	0.449109	0.449109	0	0	0	0	0	0	0	0.449109	0.449109	0	0	0	0	0	0	0	0	0	0.449109	0.449109	0	0	0	0	0	0	0	0	0	0	0.449109	0.449109	0	0	0	0	0	0	0.449109	0.449109	0	0	0	0	0	0	0	0	0	0	0	0	0	0	0	0	0	0.449109	0.449109	0	0	0	0	0	0	0	0	0	0	0	0	0	0	0	0	0	0	0	0	0	0	0	0.449109	0.449109	0	0	0.449109	0.449109	0	0	0	0	0.449109	0.449109	0	0	0	0.449109	0.449109	0	0	0.449109	0.449109	0	0	0.449109	0.449109	0.449109	0.449109	0	0.449109	0.449109	0	0	0.449109	0.898162	0.449109	0	0.449109	0.898162	0.449109	0	0	0.449109	0.898162	0.449109	0	0	0.449109	0.449109	0.449109	0.449109	0.449109	0.449109	0	0.449109	0.449109	0.449109	0.449109	0.449109	0.449109	0	0.449109	0.449109	0	0	0.449109	0.449109	0.449109	0.449109	0	0.449109	0.449109	0.449109	0.449109	0	0	0	0.449109	0.449109	0	0	0	0	0	0.449109	0.449109	0	0	0	0	0	0	0	0	0	0	0	0	0	0	0	0	0	0	0	0	0	0	0	0	0	0.449109	0.449109	0	0	0	0	0	0.449109	0.449109	0	0	0	0.449109	0.449109	0	0	0	0	0	0.449109	0.449109	0	0	0	0	0	0	0	0	0	0	0	0	0	0	0	0	0.449109	0.449109	0	0	0.449109	0.449109	0	0.449109	0.449109	0	0	0.449109	0.449109	0	0.449109	0.449109	0.449109	0.449109	0.449109	0.449109
0	0	0	0	0	0.449067	0.449067	0	0	0	0	0	0	0	0.449067	0.449067	0	0	0	0	0	0	0	0	0	0.449067	0.449067	0	0	0	0	0	0	0	0	0	0	0.449067	0.449067	0	0	0	0	0	0	0.449067	0.449067	0	0	0	0	0	0	0	0	0	0	0	0	0	0	0	0	0	0.449067	0.449067	0	0	0	0	0	0	0	0	0	0	0	0	0	0	0	0	0	0	0	0	0	0	0	0.449067	0.449067	0	0	0.449067	0.449067	0	0	0	0	0.449067	0.449067	0	0	0	0.449067	0.449067	0	0	0.449067	0.449067	0	0	0.449067	0.449067	0.449067	0.449067	0	0.449067	0.449067	0	0	0.449067	0.898078	0.449067	0	0.449067	0.898078	0.449067	0	0	0.449067	0.898078	0.449067	0	0	0.449067	0.449067	0.449067	0.449067	0.449067	0.449067	0	0.449067	0.449067	0.449067	0.449067	0.449067	0.449067	0	0.449067	0.449067	0	0	0.449067	0.449067	0.449067	0.449067	0	0.449067	0.449067	0.449067	0.449067	0	0	0	0.449067	0.449067	0	0	0	0	0	0.449067	0.449067	0	0	0	0	0	0	0	0	0	0	0	0	0	0	0	0	0	0	0	0	0	0	0	0	0	0.449067	0.449067	0	0	0	0	0	0.449067	0.449067	0	0	0	0.449067	0.449067	0	0	0	0	0	0.449067	0.449067	0	0	0	0	0	0	0	0	0	0	0	0	0	0	0	0	0.449067	0.449067	0	0	0.449067	0.449067	0	0.449067	0.449067	0	0	0.449067	0.449067	0	0.449067	0.449067	0.449067	0.449067	0.449067	0.449067
0	0	0	0	0	0.449024	0.449024	0	0	0	0	0	0	0	0.449024	0.449024	0	0	0	0	0	0	0	0	0	0.449024	0.449024	0	0	0	0	0	0	0	0	0	0	0.449024	0.449024	0	0	0	0	0	0	0.449024	0.449024	0	0	0	0	0	0	0	0	0	0	0	0	0	0	0	0	0	0.449024	0.449024	0	0	0	0	0	0	0	0	0	0	0	0	0	0	0	0	0	0	0	0	0	0	0	0.449024	0.449024	0	0	0.449024	0.449024	0	0	0	0	0.449024	0.449024	0	0	0	0.449024	0.449024	0	0	0.449024	0.449024	0	0	0.449024	0.449024	0.449024	0.449024	0	0.449024	0.449024	0	0	0.449024	0.897994	0.449024	0	0.449024	0.897994	0.449024	0	0	0.449024	0.897994	0.449024	0	0	0.449024	0.449024	0.449024	0.449024	0.449024	0.449024	0	0.449024	0.449024	0.449024	0.449024	0.449024	0.449024	0	0.449024	0.449024	0	0	0.449024	0.449024	0.449024	0.449024	0	0.449024	0.449024	0.449024	0.449024	0	0	0	0.449024	0.449024	0	0	0	0	0	0.449024	0.449024	0	0	0	0	0	0	0	0	0	0	0	0	0	0	0	0	0	0	0	0	0	0	0	0	0	0.449024	0.449024	0	0	0	0	0	0.449024	0.449024	0	0	0	0.449024	0.449024	0	0	0	0	0	0.449024	0.449024	0	0	0	0	0	0	0	0	0	0	0	0	0	0	0	0	0.449024	0.449024	0	0	0.449024	0.449024	0	0.449024	0.449024	0	0	0.449024	0.449024	0	0.449024	0.449024	0.449024	0.449024	0.449024	0.449024
0	0	0	0	0	0.448982	0.448982	0	0	0	0	0	0	0	0.448982	0.448982	0	0	0	0	0	0	0	0	0	0.448982	0.448982	0	0	0	0	0	0	0	0	0	0	0.448982	0.448982	0	0	0	0	0	0	0.448982	0.448982	0	0	0	0	0	0	0	0	0	0	0	0	0	0	0	0	0	0.448982	0.448982	0	0	0	0	0	0	0	0	0	0	0	0	0	0	0	0	0	0	0	0	0	0	0	0.448982	0.448982	0	0	0.448982	0.448982	0	0	0	0	0.448982	0.448982	0	0	0	0.448982	0.448982	0	0	0.448982	0.448982	0	0	0.448982	0.448982	0.448982	0.448982	0	0.448982	0.448982	0	0	0.448982	0.897909	0.448982	0	0.448982	0.897909	0.448982	0	0	0.448982	0.897909	0.448982	0	0	0.448982	0.448982	0.448982	0.448982	0.448982	0.448982	0	0.448982	0.448982	0.448982	0.448982	0.448982	0.448982	0	0.448982	0.448982	0	0	0.448982	0.448982	0.448982	0.448982	0	0.448982	0.448982	0.448982	0.448982	0	0	0	0.448982	0.448982	0	0	0	0	0	0.448982	0.448982	0	0	0	0	0	0	0	0	0	0	0	0	0	0	0	0	0	0	0	0	0	0	0	0	0	0.448982	0.448982	0	0	0	0	0	0.448982	0.448982	0	0	0	0.448982	0.448982	0	0	0	0	0	0.448982	0.448982	0	0	0	0	0	0	0	0	0	0	0	0	0	0	0	0	0.448982	0.448982	0	0	0.448982	0.448982	0	0.448982	0.448982	0	0	0.448982	0.448982	0	0.448982	0.448982	0.448982	0.448982	0.448982	0.448982
0	0	0	0	0	0.354918	0.476183	0.448968	0.448968	0.35494	0.158731	0	0	0	0.354918	0.476183	0.448968	0.448968	0.35494	0.158731	0	0	0	0	0	0.448933	0.448933	0	0	0	0	0.158731	0.35494	0.448968	0.448968	0.448968	0.448968	0.476183	0.354918	0	0.158731	0.35494	0.448968	0.448968	0.448968	0.476183	0.354918	0	0.158731	0.35494	0.448968	0.448968	0.448968	0.448968	0.448968	0.448968	0.448968	0.448968	0.448968	0.35494	0.158731	0	0	0	0.354918	0.476183	0.448968	0.448968	0.448968	0.448968	0.448968	0.448968	0.448968	0.35494	0.158731	0	0	0	0	0	0	0	0.158731	0.35494	0.448968	0.448968	0.448968	0.448968	0.448968	0.476183	0.354918	0	0	0.354918	0.476183	0.448968	0.448968	0.448968	0.448968	0.634899	0.634899	0.448968	0.448968	0.448968	0.654449	0.809332	0.572315	0.448968	0.654449	0.854753	0.793635	0.572315	0.654449	0.809332	0.809332	0.854753	0.793635	0.809332	0.854753	0.793635	0.572315	0.654449	1.11098	1.00383	0.793635	0.793605	0.965421	0.854753	0.793635	0.572315	0.634899	1.00378	0.634899	0.448968	0.448968	0.654425	0.572274	0.354918	0.476183	0.634899	0.654425	0.158731	0.354918	0.476183	0.654425	0.572274	0.354918	0.476183	0.35494	0.501927	0.476183	0.35494	0.158731	0.448933	0.448933	0.448933	0.448933	0.158731	0.501927	0.354918	0.448933	0.448933	0	0.158731	0.35494	0.476183	0.354918	0.158731	0.35494	0.448968	0.448968	0.448968	0.476183	0.354918	0	0.158731	0.35494	0.448968	0.448968	0.448968	0.448968	0.448968	0.448968	0.448968	0.448968	0.448968	0.448968	0.448968	0.448968	0.448968	0.448968	0.448968	0.448968	0.448968	0.448968	0.448968	0.448968	0.448968	0.35494	0.501927	0.476183	0.448968	0.448968	0.448968	0.448968	0.448968	0.634899	0.634899	0.448968	0.448968	0.35494	0.501927	0.476183	0.448968	0.448968	0.448968	0.448968	0.448968	0.634899	0.634899	0.448968	0.448968	0.448968	0.448968	0.448968	0.448968	0.448968	0.448968	0.448968	0.448968	0.448968	0.448968	0.448968	0.448968	0.448968	0.448968	0.476183	0.354918	0.158731	0.35494	0.476183	0.354918	0	0.354918	0.476183	0.35494	0.158731	0.354918	0.501927	0.158731	0.354918	0.501927	0.572274	0.448933	0.354918	0.476183
0	0	0	0	0	0.158716	0.354907	0.448926	0.448926	0.476138	0.354885	0	0	0	0.158716	0.354907	0.448926	0.448926	0.476138	0.354885	0	0	0	0	0	0.448891	0.448891	0	0	0	0	0.354885	0.476138	0.448926	0.448926	0.448926	0.448926	0.354907	0.158716	0	0.354885	0.476138	0.448926	0.448926	0.448926	0.354907	0.158716	0	0.354885	0.476138	0.448926	0.448926	0.448926	0.448926	0.448926	0.448926	0.448926	0.448926	0.448926	0.476138	0.354885	0	0	0	0.158716	0.354907	0.448926	0.448926	0.448926	0.448926	0.448926	0.448926	0.448926	0.476138	0.354885	0	0	0	0	0	0	0	0.354885	0.476138	0.448926	0.448926	0.448926	0.448926	0.448926	0.354907	0.158716	0	0	0.158716	0.354907	0.448926	0.448926	0.448926	0.448926	0.634839	0.634839	0.448926	0.448926	0.448926	0.572261	0.809256	0.654388	0.448926	0.572261	0.79356	0.854673	0.654388	0.572261	0.809256	0.809256	0.79356	0.854673	0.809256	0.79356	0.854673	0.654388	0.572261	0.965354	1.00373	0.854673	0.96533	0.793531	0.79356	0.854673	0.654388	0.634839	1.00368	0.634839	0.448926	0.448926	0.854627	0.793501	0.158716	0.354907	0.634839	0.854627	0.354885	0.158716	0.354907	0.854627	0.793501	0.158716	0.354907	0.476138	0.50188	0.354907	0.476138	0.354885	0.448891	0.448891	0.448891	0.448891	0.354885	0.50188	0.158716	0.448891	0.448891	0	0.354885	0.476138	0.354907	0.158716	0.354885	0.476138	0.448926	0.448926	0.448926	0.354907	0.158716	0	0.354885	0.476138	0.448926	0.448926	0.448926	0.448926	0.448926	0.448926	0.448926	0.448926	0.448926	0.448926	0.448926	0.448926	0.448926	0.448926	0.448926	0.448926	0.448926	0.448926	0.448926	0.448926	0.448926	0.476138	0.50188	0.354907	0.448926	0.448926	0.448926	0.448926	0.448926	0.634839	0.634839	0.448926	0.448926	0.476138	0.50188	0.354907	0.448926	0.448926	0.448926	0.448926	0.448926	0.634839	0.634839	0.448926	0.448926	0.448926	0.448926	0.448926	0.448926	0.448926	0.448926	0.448926	0.448926	0.448926	0.448926	0.448926	0.448926	0.448926	0.448926	0.354907	0.158716	0.354885	0.476138	0.354907	0.158716	0	0.158716	0.354907	0.476138	0.354885	0.158716	0.50188	0.354885	0.158716	0.50188	0.793501	0.448891	0.158716	0.354907
0	0	0	0	0	0	0	0	0	0.448848	0.448848	0	0	0	0	0	0	0	0.448848	0.448848	0	0	0	0	0	0.448848	0.448848	0	0	0	0	0.448848	0.448848	0	0	0	0	0	0	0	0.448848	0.448848	0	0	0	0	0	0	0.448848	0.448848	0	0	0	0	0	0	0	0	0	0.448848	0.448848	0	0	0	0	0	0	0	0	0	0	0	0	0.448848	0.448848	0	0	0	0	0	0	0	0.448848	0.448848	0	0	0	0	0	0	0	0	0	0	0	0	0	0	0	0.448848	0.448848	0	0	0	0	0.448848	0.448848	0	0	0	0.448848	0.448848	0	0.448848	0.448848	0	0.448848	0.448848	0	0.448848	0.448848	0	0.448848	0.448848	0.448848	0.897642	0.448848	0	0.448848	0.448848	0.448848	0.897642	0.448848	0	0	0.897642	0.897642	0	0	0.448848	0.897642	0.448848	0	0	0.897642	0.897642	0	0	0.448848	0.448848	0	0.448848	0.448848	0.448848	0.448848	0.448848	0.448848	0.448848	0.448848	0	0.448848	0.448848	0	0.448848	0.448848	0	0	0.448848	0.448848	0	0	0	0	0	0	0.448848	0.448848	0	0	0	0	0	0	0	0	0	0	0	0	0	0	0	0	0	0	0	0	0	0.448848	0.448848	0	0	0	0	0	0	0.448848	0.448848	0	0	0.448848	0.448848	0	0	0	0	0	0	0.448848	0.448848	0	0	0	0	0	0	0	0	0	0	0	0	0	0	0	0	0	0	0.448848	0.448848	0	0	0	0	0	0.448848	0.448848	0	0.448848	0.448848	0	0.448848	0.897642	0.448848	0	0
0	0	0	0	0	0	0	0	0	0.448806	0.448806	0	0	0	0	0	0	0	0.448806	0.448806	0	0	0	0	0	0.448806	0.448806	0	0	0	0	0.448806	0.448806	0	0	0	0	0	0	0	0.448806	0.448806	0	0	0	0	0	0	0.448806	0.448806	0	0	0	0	0	0	0	0	0	0.448806	0.448806	0	0	0	0	0	0	0	0	0	0	0	0	0.448806	0.448806	0	0	0	0	0	0	0	0.448806	0.448806	0	0	0	0	0	0	0	0	0	0	0	0	0	0	0	0.448806	0.448806	0	0	0	0	0.448806	0.448806	0	0	0	0.448806	0.448806	0	0.448806	0.448806	0	0.448806	0.448806	0	0.448806	0.448806	0	0.448806	0.448806	0.448806	0.897557	0.448806	0	0.448806	0.448806	0.448806	0.897557	0.448806	0	0	0.897557	0.897557	0	0	0.448806	0.897557	0.448806	0	0	0.897557	0.897557	0	0	0.448806	0.448806	0	0.448806	0.448806	0.448806	0.448806	0.448806	0.448806	0.448806	0.448806	0	0.448806	0.448806	0	0.448806	0.448806	0	0	0.448806	0.448806	0	0	0	0	0	0	0.448806	0.448806	0	0	0	0	0	0	0	0	0	0	0	0	0	0	0	0	0	0	0	0	0	0.448806	0.448806	0	0	0	0	0	0	0.448806	0.448806	0	0	0.448806	0.448806	0	0	0	0	0	0	0.448806	0.448806	0	0	0	0	0	0	0	0	0	0	0	0	0	0	0	0	0	0	0.448806	0.448806	0	0	0	0	0	0.448806	0.448806	0	0.448806	0.448806	0	0.448806	0.897557	0.448806	0	0
0	0	0	0	0	0	0	0	0	0.448764	0.448764	0	0	0	0	0	0	0	0.448764	0.448764	0	0	0	0	0	0.448764	0.448764	0	0	0	0	0.448764	0.448764	0	0	0	0	0	0	0	0.448764	0.448764	0	0	0	0	0	0	0.448764	0.448764	0	0	0	0	0	0	0	0	0	0.448764	0.448764	0	0	0	0	0	0	0	0	0	0	0	0	0.448764	0.448764	0	0	0	0	0	0	0	0.448764	0.448764	0	0	0	0	0	0	0	0	0	0	0	0	0	0	0	0.448764	0.448764	0	0	0	0	0.448764	0.448764	0	0	0	0.448764	0.448764	0	0.448764	0.448764	0	0.448764	0.448764	0	0.448764	0.448764	0	0.448764	0.448764	0.448764	0.897473	0.448764	0	0.448764	0.448764	0.448764	0.897473	0.448764	0	0	0.897473	0.897473	0	0	0.448764	0.897473	0.448764	0	0	0.897473	0.897473	0	0	0.448764	0.448764	0	0.448764	0.448764	0.448764	0.448764	0.448764	0.448764	0.448764	0.448764	0	0.448764	0.448764	0	0.448764	0.448764	0	0	0.448764	0.448764	0	0	0	0	0	0	0.448764	0.448764	0	0	0	0	0	0	0	0	0	0	0	0	0	0	0	0	0	0	0	0	0	0.448764	0.448764	0	0	0	0	0	0	0.448764	0.448764	0	0	0.448764	0.448764	0	0	0	0	0	0	0.448764	0.448764	0	0	0	0	0	0	0	0	0	0	0	0	0	0	0	0	0	0	0.448764	0.448764	0	0	0	0	0	0.448764	0.448764	0	0.448764	0.448764	0	0.448764	0.897473	0.448764	0	0
0	0	0	0	0	0	0	0	0	0.448722	0.448722	0	0	0	0	0	0	0	0.448722	0.448722	0	0	0	0	0	0.448722	0.448722	0	0	0	0	0.448722	0.448722	0	0	0	0	0	0	0	0.448722	0.448722	0	0	0	0	0	0	0.448722	0.448722	0	0	0	0	0	0	0	0	0	0.448722	0.448722	0	0	0	0	0	0	0	0	0	0	0	0	0.448722	0.448722	0	0	0	0	0	0	0	0.448722	0.448722	0	0	0	0	0	0	0	0	0	0	0	0	0	0	0	0.448722	0.448722	0	0	0	0	0.448722	0.448722	0	0	0	0.448722	0.448722	0	0.448722	0.448722	0	0.448722	0.448722	0	0.448722	0.448722	0	0.448722	0.448722	0.448722	0.897389	0.448722	0	0.448722	0.448722	0.448722	0.897389	0.448722	0	0	0.897389	0.897389	0	0	0.448722	0.897389	0.448722	0	0	0.897389	0.897389	0	0	0.448722	0.448722	0	0.448722	0.448722	0.448722	0.448722	0.448722	0.448722	0.448722	0.448722	0	0.448722	0.448722	0	0.448722	0.448722	0	0	0.448722	0.448722	0	0	0	0	0	0	0.448722	0.448722	0	0	0	0	0	0	0	0	0	0	0	0	0	0	0	0	0	0	0	0	0	0.448722	0.448722	0	0	0	0	0	0	0.448722	0.448722	0	0	0.448722	0.448722	0	0	0	0	0	0	0.448722	0.448722	0	0	0	0	0	0	0	0	0	0	0	0	0	0	0	0	0	0	0.448722	0.448722	0	0	0	0	0	0.448722	0.448722	0	0.448722	0.448722	0	0.448722	0.897389	0.448722	0	0
0	0	0	0	0	0	0	0	0	0.44868	0.44868	0	0	0	0	0	0	0	0.44868	0.44868	0	0	0	0	0	0.44868	0.44868	0	0	0	0	0.44868	0.44868	0	0	0	0	0	0	0	0.44868	0.44868	0	0	0	0	0	0	0.44868	0.44868	0	0	0	0	0	0	0	0	0	0.44868	0.44868	0	0	0	0	0	0	0	0	0	0	0	0	0.44868	0.44868	0	0	0	0	0	0	0	0.44868	0.44868	0	0	0	0	0	0	0	0	0	0	0	0	0	0	0	0.44868	0.44868	0	0	0	0	0.44868	0.44868	0	0	0	0.44868	0.44868	0	0.44868	0.44868	0	0.44868	0.44868	0	0.44868	0.44868	0	0.44868	0.44868	0.44868	0.897304	0.44868	0	0.44868	0.44868	0.44868	0.897304	0.44868	0	0	0.897304	0.897304	0	0	0.44868	0.897304	0.44868	0	0	0.897304	0.897304	0	0	0.44868	0.44868	0	0.44868	0.44868	0.44868	0.44868	0.44868	0.44868	0.44868	0.44868	0	0.44868	0.44868	0	0.44868	0.44868	0	0	0.44868	0.44868	0	0	0	0	0	0	0.44868	0.44868	0	0	0	0	0	0	0	0	0	0	0	0	0	0	0	0	0	0	0	0	0	0.44868	0.44868	0	0	0	0	0	0	0.44868	0.44868	0	0	0.44868	0.44868	0	0	0	0	0	0	0.44868	0.44868	0	0	0	0	0	0	0	0	0	0	0	0	0	0	0	0	0	0	0.44868	0.44868	0	0	0	0	0	0.44868	0.44868	0	0.44868	0.44868	0	0.44868	0.897304	0.44868	0	0
0	0	0	0	0	0	0	0	0	0.448638	0.448638	0	0	0	0	0	0	0	0.448638	0.448638	0	0	0	0	0	0.448638	0.448638	0	0	0	0	0.448638	0.448638	0	0	0	0	0	0	0	0.448638	0.448638	0	0	0	0	0	0	0.448638	0.448638	0	0	0	0	0	0	0	0	0	0.448638	0.448638	0	0	0	0	0	0	0	0	0	0	0	0	0.448638	0.448638	0	0	0	0	0	0	0	0.448638	0.448638	0	0	0	0	0	0	0	0	0	0	0	0	0	0	0	0.448638	0.448638	0	0	0	0	0.448638	0.448638	0	0	0	0.448638	0.448638	0	0.448638	0.448638	0	0.448638	0.448638	0	0.448638	0.448638	0	0.448638	0.448638	0.448638	0.89722	0.448638	0	0.448638	0.448638	0.448638	0.89722	0.448638	0	0	0.89722	0.89722	0	0	0.448638	0.89722	0.448638	0	0	0.89722	0.89722	0	0	0.448638	0.448638	0	0.448638	0.448638	0.448638	0.448638	0.448638	0.448638	0.448638	0.448638	0	0.448638	0.448638	0	0.448638	0.448638	0	0	0.448638	0.448638	0	0	0	0	0	0	0.448638	0.448638	0	0	0	0	0	0	0	0	0	0	0	0	0	0	0	0	0	0	0	0	0	0.448638	0.448638	0	0	0	0	0	0	0.448638	0.448638	0	0	0.448638	0.448638	0	0	0	0	0	0	0.448638	0.448638	0	0	0	0	0	0	0	0	0	0	0	0	0	0	0	0	0	0	0.448638	0.448638	0	0	0	0	0	0.448638	0.448638	0	0.448638	0.448638	0	0.448638	0.89722	0.448638	0	0
0	0	0	0	0	0	0	0	0	0.448595	0.448595	0	0	0	0	0	0	0	0.448595	0.448595	0	0	0	0	0	0.448595	0.448595	0	0	0	0	0.448595	0.448595	0	0	0	0	0	0	0	0.448595	0.448595	0	0	0	0	0	0	0.448595	0.448595	0	0	0	0	0	0	0	0	0	0.448595	0.448595	0	0	0	0	0	0	0	0	0	0	0	0	0.448595	0.448595	0	0	0	0	0	0	0	0.448595	0.448595	0	0	0	0	0	0	0	0	0	0	0	0	0	0	0	0.448595	0.448595	0	0	0	0	0.448595	0.448595	0	0	0	0.448595	0.448595	0	0.448595	0.448595	0	0.448595	0.448595	0	0.448595	0.448595	0	0.448595	0.448595	0.448595	0.897136	0.448595	0	0.448595	0.448595	0.448595	0.897136	0.448595	0	0	0.897136	0.897136	0	0	0.448595	0.897136	0.448595	0	0	0.897136	0.897136	0	0	0.448595	0.448595	0	0.448595	0.448595	0.448595	0.448595	0.448595	0.448595	0.448595	0.448595	0	0.448595	0.448595	0	0.448595	0.448595	0	0	0.448595	0.448595	0	0	0	0	0	0	0.448595	0.448595	0	0	0	0	0	0	0	0	0	0	0	0	0	0	0	0	0	0	0	0	0	0.448595	0.448595	0	0	0	0	0	0	0.448595	0.448595	0	0	0.448595	0.448595	0	0	0	0	0	0	0.448595	0.448595	0	0	0	0	0	0	0	0	0	0	0	0	0	0	0	0	0	0	0.448595	0.448595	0	0	0	0	0	0.448595	0.448595	0	0.448595	0.448595	0	0.448595	0.897136	0.448595	0	0
0	0	0	0	0	0	0	0	0	0.448553	0.448553	0	0	0	0	0	0	0	0.448553	0.448553	0	0	0	0	0	0.448553	0.448553	0	0	0	0	0.448553	0.448553	0	0	0	0	0	0	0	0.448553	0.448553	0	0	0	0	0	0	0.448553	0.448553	0	0	0	0	0	0	0	0	0	0.448553	0.448553	0	0	0	0	0	0	0	0	0	0	0	0	0.448553	0.448553	0	0	0	0	0	0	0	0.448553	0.448553	0	0	0	0	0	0	0	0	0	0	0	0	0	0	0	0.448553	0.448553	0	0	0	0	0.448553	0.448553	0	0	0	0.448553	0.448553	0	0.448553	0.448553	0	0.448553	0.448553	0	0.448553	0.448553	0	0.448553	0.448553	0.448553	0.897052	0.448553	0	0.448553	0.448553	0.448553	0.897052	0.448553	0	0	0.897052	0.897052	0	0	0.448553	0.897052	0.448553	0	0	0.897052	0.897052	0	0	0.448553	0.448553	0	0.448553	0.448553	0.448553	0.448553	0.448553	0.448553	0.448553	0.448553	0	0.448553	0.448553	0	0.448553	0.448553	0	0	0.448553	0.448553	0	0	0	0	0	0	0.448553	0.448553	0	0	0	0	0	0	0	0	0	0	0	0	0	0	0	0	0	0	0	0	0	0.448553	0.448553	0	0	0	0	0	0	0.448553	0.448553	0	0	0.448553	0.448553	0	0	0	0	0	0	0.448553	0.448553	0	0	0	0	0	0	0	0	0	0	0	0	0	0	0	0	0	0	0.448553	0.448553	0	0	0	0	0	0.448553	0.448553	0	0.448553	0.448553	0	0.448553	0.897052	0.448553	0	0
0	0	0	0	0	0	0	0	0	0.448511	0.448511	0	0	0	0	0	0	0	0.448511	0.448511	0	0	0	0	0	0.448511	0.448511	0	0	0	0	0.448511	0.448511	0	0	0	0	0	0	0	0.448511	0.448511	0	0	0	0	0	0	0.448511	0.448511	0	0	0	0	0	0	0	0	0	0.448511	0.448511	0	0	0	0	0	0	0	0	0	0	0	0	0.448511	0.448511	0	0	0	0	0	0	0	0.448511	0.448511	0	0	0	0	0	0	0	0	0	0	0	0	0	0	0	0.448511	0.448511	0	0	0	0	0.448511	0.448511	0	0	0	0.448511	0.448511	0	0.448511	0.448511	0	0.448511	0.448511	0	0.448511	0.448511	0	0.448511	0.448511	0.448511	0.896967	0.448511	0	0.448511	0.448511	0.448511	0.896967	0.448511	0	0	0.896967	0.896967	0	0	0.448511	0.896967	0.448511	0	0	0.896967	0.896967	0	0	0.448511	0.448511	0	0.448511	0.448511	0.448511	0.448511	0.448511	0.448511	0.448511	0.448511	0	0.448511	0.448511	0	0.448511	0.448511	0	0	0.448511	0.448511	0	0	0	0	0	0	0.448511	0.448511	0	0	0	0	0	0	0	0	0	0	0	0	0	0	0	0	0	0	0	0	0	0.448511	0.448511	0	0	0	0	0	0	0.448511	0.448511	0	0	0.448511	0.448511	0	0	0	0	0	0	0.448511	0.448511	0	0	0	0	0	0	0	0	0	0	0	0	0	0	0	0	0	0	0.448511	0.448511	0	0	0	0	0	0.448511	0.448511	0	0.448511	0.448511	0	0.448511	0.896967	0.448511	0	0
0.571715	0.448497	0.448497	0.448497	0.448497	0.448497	0.448497	0.354568	0.158564	0.354546	0.475683	0.448497	0.448497	0.448497	0.448497	0.448497	0.354568	0.158564	0.354546	0.475683	0.448497	0.448497	0.354568	0.158564	0	0.354546	0.475683	0.354568	0.158564	0	0	0.448462	0.448462	0	0	0	0	0.158564	0.354568	0.448497	0.475683	0.354546	0	0.158564	0.354568	0.448497	0.448497	0.448497	0.475683	0.354546	0	0	0	0	0	0	0	0	0	0.354546	0.475683	0.448497	0.448497	0.448497	0.448497	0.448497	0.448497	0.448497	0.448497	0.354568	0.158564	0	0	0.354546	0.475683	0.448497	0.448497	0.354568	0.158564	0	0	0	0.354546	0.475683	0.448497	0.448497	0.448497	0.448497	0.448497	0.354568	0.158564	0	0	0	0	0	0	0	0	0.448462	0.448462	0	0	0	0	0.354546	0.475683	0.448497	0.354568	0.158564	0.354546	0.475683	0.354568	0.501401	0.501401	0.158564	0.354546	0.501401	0.158564	0.448462	0.448462	0.158564	0.501401	0.354546	0.448462	0.896869	0.571674	0.354568	0.475683	0.354546	0.448462	0.896869	0.448462	0.158564	0.354568	0.853811	0.792743	0.158564	0.354568	0.634233	1.00273	0.634233	0.448497	0.448497	0.853811	0.792743	0.158564	0.354568	0.634233	0.634233	0.448497	0.634233	0.634233	0.634233	0.634233	0.634233	0.634233	0.634233	0.634233	0.448497	0.634233	0.634233	0.448497	0.634233	0.634233	0.448497	0.571715	0.808483	0.653763	0.448497	0.448497	0.571715	0.792803	0.896939	0.896939	0.853857	0.653763	0.448497	0.448497	0.448497	0.448497	0.571715	0.792803	0.896939	0.896939	0.896939	0.896939	0.896939	0.896939	0.896939	0.896939	0.896939	0.896939	0.896939	0.896939	0.792803	0.571715	0.448497	0.653763	0.853857	0.896939	0.896939	0.896939	0.896939	0.792803	0.571715	0.653763	0.853857	0.896939	0.896939	1.00277	1.00277	0.896939	0.896939	0.896939	0.896939	0.792803	0.571715	0.653763	0.853857	0.896939	0.896939	0.792803	0.571715	0.448497	0.448497	0.448497	0.448497	0.448497	0.448497	0.448497	0.448497	0.448497	0.448497	0.448497	0.448497	0.448497	0.448497	0.475683	0.354546	0.158564	0.354568	0.448497	0.448497	0.448497	0.475683	0.354546	0.158564	0.501401	0.354546	0.158564	0.501401	0.792743	0.448462	0	0
0.653701	0.448455	0.448455	0.448455	0.448455	0.448455	0.448455	0.475639	0.354513	0.158549	0.354535	0.448455	0.448455	0.448455	0.448455	0.448455	0.475639	0.354513	0.158549	0.354535	0.448455	0.448455	0.475639	0.354513	0	0.158549	0.354535	0.475639	0.354513	0	0	0.44842	0.44842	0	0	0	0	0.354513	0.475639	0.448455	0.354535	0.158549	0	0.354513	0.475639	0.448455	0.448455	0.448455	0.354535	0.158549	0	0	0	0	0	0	0	0	0	0.158549	0.354535	0.448455	0.448455	0.448455	0.448455	0.448455	0.448455	0.448455	0.448455	0.475639	0.354513	0	0	0.158549	0.354535	0.448455	0.448455	0.475639	0.354513	0	0	0	0.158549	0.354535	0.448455	0.448455	0.448455	0.448455	0.448455	0.475639	0.354513	0	0	0	0	0	0	0	0	0.44842	0.44842	0	0	0	0	0.158549	0.354535	0.448455	0.475639	0.354513	0.158549	0.354535	0.475639	0.501354	0.501354	0.354513	0.158549	0.501354	0.354513	0.44842	0.44842	0.354513	0.501354	0.158549	0.44842	0.896785	0.792669	0.475639	0.354535	0.158549	0.44842	0.896785	0.44842	0.354513	0.475639	0.653677	0.57162	0.354513	0.475639	0.634173	1.00263	0.634173	0.448455	0.448455	0.653677	0.57162	0.354513	0.475639	0.634173	0.634173	0.448455	0.634173	0.634173	0.634173	0.634173	0.634173	0.634173	0.634173	0.634173	0.448455	0.634173	0.634173	0.448455	0.634173	0.634173	0.448455	0.653701	0.808407	0.571661	0.448455	0.448455	0.653701	0.853777	0.896855	0.896855	0.792728	0.571661	0.448455	0.448455	0.448455	0.448455	0.653701	0.853777	0.896855	0.896855	0.896855	0.896855	0.896855	0.896855	0.896855	0.896855	0.896855	0.896855	0.896855	0.896855	0.853777	0.653701	0.448455	0.571661	0.792728	0.896855	0.896855	0.896855	0.896855	0.853777	0.653701	0.571661	0.792728	0.896855	0.896855	1.00268	1.00268	0.896855	0.896855	0.896855	0.896855	0.853777	0.653701	0.571661	0.792728	0.896855	0.896855	0.853777	0.653701	0.448455	0.448455	0.448455	0.448455	0.448455	0.448455	0.448455	0.448455	0.448455	0.448455	0.448455	0.448455	0.448455	0.448455	0.354535	0.158549	0.354513	0.475639	0.448455	0.448455	0.448455	0.354535	0.158549	0.354513	0.501354	0.158549	0.354513	0.501354	0.57162	0.44842	0	0
0.448378	0	0	0	0	0	0	0.448378	0.448378	0	0	0	0	0	0	0	0.448378	0.448378	0	0	0	0	0.448378	0.448378	0	0	0	0.448378	0.448378	0	0	0.448378	0.448378	0	0	0	0	0.448378	0.448378	0	0	0	0	0.448378	0.448378	0	0	0	0	0	0	0	0	0	0	0	0	0	0	0	0	0	0	0	0	0	0	0	0	0.448378	0.448378	0	0	0	0	0	0	0.448378	0.448378	0	0	0	0	0	0	0	0	0	0	0.448378	0.448378	0	0	0	0	0	0	0	0	0.448378	0.448378	0	0	0	0	0	0	0	0.448378	0.448378	0	0	0.448378	0.448378	0.448378	0.448378	0	0.448378	0.448378	0.448378	0.448378	0.448378	0.448378	0	0.448378	0.896701	0.896701	0.448378	0	0	0.448378	0.896701	0.448378	0.448378	0.448378	0.448378	0.448378	0.448378	0.448378	0.448378	0.896701	0.448378	0	0	0.448378	0.448378	0.448378	0.448378	0.448378	0.448378	0	0.448378	0.448378	0.448378	0.448378	0.448378	0.448378	0.448378	0.448378	0	0.448378	0.448378	0	0.448378	0.448378	0	0.448378	0.448378	0	0	0	0.448378	0.448378	0	0	0	0	0	0	0	0	0.448378	0.448378	0	0	0	0	0	0	0	0	0	0	0	0	0.448378	0.448378	0	0	0	0	0	0	0	0.448378	0.448378	0	0	0	0	0.448378	0.448378	0	0	0	0	0.448378	0.448378	0	0	0	0	0.448378	0.448378	0	0	0	0	0	0	0	0	0	0	0	0	0	0	0	0	0.448378	0.448378	0	0	0	0	0	0.448378	0.448378	0	0.448378	0.448378	0.448378	0.448378	0	0
0.448336	0	0	0	0	0	0	0.448336	0.448336	0	0	0	0	0	0	0	0.448336	0.448336	0	0	0	0	0.448336	0.448336	0	0	0	0.448336	0.448336	0	0	0.448336	0.448336	0	0	0	0	0.448336	0.448336	0	0	0	0	0.448336	0.448336	0	0	0	0	0	0	0	0	0	0	0	0	0	0	0	0	0	0	0	0	0	0	0	0	0.448336	0.448336	0	0	0	0	0	0	0.448336	0.448336	0	0	0	0	0	0	0	0	0	0	0.448336	0.448336	0	0	0	0	0	0	0	0	0.448336	0.448336	0	0	0	0	0	0	0	0.448336	0.448336	0	0	0.448336	0.448336	0.448336	0.448336	0	0.448336	0.448336	0.448336	0.448336	0.448336	0.448336	0	0.448336	0.896616	0.896616	0.448336	0	0	0.448336	0.896616	0.448336	0.448336	0.448336	0.448336	0.448336	0.448336	0.448336	0.448336	0.896616	0.448336	0	0	0.448336	0.448336	0.448336	0.448336	0.448336	0.448336	0	0.448336	0.448336	0.448336	0.448336	0.448336	0.448336	0.448336	0.448336	0	0.448336	0.448336	0	0.448336	0.448336	0	0.448336	0.448336	0	0	0	0.448336	0.448336	0	0	0	0	0	0	0	0	0.448336	0.448336	0	0	0	0	0	0	0	0	0	0	0	0	0.448336	0.448336	0	0	0	0	0	0	0	0.448336	0.448336	0	0	0	0	0.448336	0.448336	0	0	0	0	0.448336	0.448336	0	0	0	0	0.448336	0.448336	0	0	0	0	0	0	0	0	0	0	0	0	0	0	0	0	0.448336	0.448336	0	0	0	0	0	0.448336	0.448336	0	0.448336	0.448336	0.448336	0.448336	0	0
0.448294	0	0	0	0	0	0	0.448294	0.448294	0	0	0	0	0	0	0	0.448294	0.448294	0	0	0	0	0.448294	0.448294	0	0	0	0.448294	0.448294	0	0	0.448294	0.448294	0	0	0	0	0.448294	0.448294	0	0	0	0	0.448294	0.448294	0	0	0	0	0	0	0	0	0	0	0	0	0	0	0	0	0	0	0	0	0	0	0	0	0.448294	0.448294	0	0	0	0	0	0	0.448294	0.448294	0	0	0	0	0	0	0	0	0	0	0.448294	0.448294	0	0	0	0	0	0	0	0	0.448294	0.448294	0	0	0	0	0	0	0	0.448294	0.448294	0	0	0.448294	0.448294	0.448294	0.448294	0	0.448294	0.448294	0.448294	0.448294	0.448294	0.448294	0	0.448294	0.896532	0.896532	0.448294	0	0	0.448294	0.896532	0.448294	0.448294	0.448294	0.448294	0.448294	0.448294	0.448294	0.448294	0.896532	0.448294	0	0	0.448294	0.448294	0.448294	0.448294	0.448294	0.448294	0	0.448294	0.448294	0.448294	0.448294	0.448294	0.448294	0.448294	0.448294	0	0.448294	0.448294	0	0.448294	0.448294	0	0.448294	0.448294	0	0	0	0.448294	0.448294	0	0	0	0	0	0	0	0	0.448294	0.448294	0	0	0	0	0	0	0	0	0	0	0	0	0.448294	0.448294	0	0	0	0	0	0	0	0.448294	0.448294	0	0	0	0	0.448294	0.448294	0	0	0	0	0.448294	0.448294	0	0	0	0	0.448294	0.448294	0	0	0	0	0	0	0	0	0	0	0	0	0	0	0	0	0.448294	0.448294	0	0	0	0	0	0.448294	0.448294	0	0.448294	0.448294	0.448294	0.448294	0	0
0.448252	0	0	0	0	0	0	0.448252	0.448252	0	0	0	0	0	0	0	0.448252	0.448252	0	0	0	0	0.448252	0.448252	0	0	0	0.448252	0.448252	0	0	0.448252	0.448252	0	0	0	0	0.448252	0.448252	0	0	0	0	0.448252	0.448252	0	0	0	0	0	0	0	0	0	0	0	0	0	0	0	0	0	0	0	0	0	0	0	0	0.448252	0.448252	0	0	0	0	0	0	0.448252	0.448252	0	0	0	0	0	0	0	0	0	0	0.448252	0.448252	0	0	0	0	0	0	0	0	0.448252	0.448252	0	0	0	0	0	0	0	0.448252	0.448252	0	0	0.448252	0.448252	0.448252	0.448252	0	0.448252	0.448252	0.448252	0.448252	0.448252	0.448252	0	0.448252	0.896448	0.896448	0.448252	0	0	0.448252	0.896448	0.448252	0.448252	0.448252	0.448252	0.448252	0.448252	0.448252	0.448252	0.896448	0.448252	0	0	0.448252	0.448252	0.448252	0.448252	0.448252	0.448252	0	0.448252	0.448252	0.448252	0.448252	0.448252	0.448252	0.448252	0.448252	0	0.448252	0.448252	0	0.448252	0.448252	0	0.448252	0.448252	0	0	0	0.448252	0.448252	0	0	0	0	0	0	0	0	0.448252	0.448252	0	0	0	0	0	0	0	0	0	0	0	0	0.448252	0.448252	0	0	0	0	0	0	0	0.448252	0.448252	0	0	0	0	0.448252	0.448252	0	0	0	0	0.448252	0.448252	0	0	0	0	0.448252	0.448252	0	0	0	0	0	0	0	0	0	0	0	0	0	0	0	0	0.448252	0.448252	0	0	0	0	0	0.448252	0.448252	0	0.448252	0.448252	0.448252	0.448252	0	0
0.448209	0	0	0	0	0	0	0.448209	0.448209	0	0	0	0	0	0	0	0.448209	0.448209	0	0	0	0	0.448209	0.448209	0	0	0	0.448209	0.448209	0	0	0.448209	0.448209	0	0	0	0	0.448209	0.448209	0	0	0	0	0.448209	0.448209	0	0	0	0	0	0	0	0	0	0	0	0	0	0	0	0	0	0	0	0	0	0	0	0	0.448209	0.448209	0	0	0	0	0	0	0.448209	0.448209	0	0	0	0	0	0	0	0	0	0	0.448209	0.448209	0	0	0	0	0	0	0	0	0.448209	0.448209	0	0	0	0	0	0	0	0.448209	0.448209	0	0	0.448209	0.448209	0.448209	0.448209	0	0.448209	0.448209	0.448209	0.448209	0.448209	0.448209	0	0.448209	0.896364	0.896364	0.448209	0	0	0.448209	0.896364	0.448209	0.448209	0.448209	0.448209	0.448209	0.448209	0.448209	0.448209	0.896364	0.448209	0	0	0.448209	0.448209	0.448209	0.448209	0.448209	0.448209	0	0.448209	0.448209	0.448209	0.448209	0.448209	0.448209	0.448209	0.448209	0	0.448209	0.448209	0	0.448209	0.448209	0	0.448209	0.448209	0	0	0	0.448209	0.448209	0	0	0	0	0	0	0	0	0.448209	0.448209	0	0	0	0	0	0	0	0	0	0	0	0	0.448209	0.448209	0	0	0	0	0	0	0	0.448209	0.448209	0	0	0	0	0.448209	0.448209	0	0	0	0	0.448209	0.448209	0	0	0	0	0.448209	0.448209	0	0	0	0	0	0	0	0	0	0	0	0	0	0	0	0	0.448209	0.448209	0	0	0	0	0	0.448209	0.448209	0	0.448209	0.448209	0.448209	0.448209	0	0
0.448167	0	0	0	0	0	0	0.448167	0.448167	0	0	0	0	0	0	0	0.448167	0.448167	0	0	0	0	0.448167	0.448167	0	0	0	0.448167	0.448167	0	0	0.448167	0.448167	0	0	0	0	0.448167	0.448167	0	0	0	0	0.448167	0.448167	0	0	0	0	0	0	0	0	0	0	0	0	0	0	0	0	0	0	0	0	0	0	0	0	0.448167	0.448167	0	0	0	0	0	0	0.448167	0.448167	0	0	0	0	0	0	0	0	0	0	0.448167	0.448167	0	0	0	0	0	0	0	0	0.448167	0.448167	0	0	0	0	0	0	0	0.448167	0.448167	0	0	0.448167	0.448167	0.448167	0.448167	0	0.448167	0.448167	0.448167	0.448167	0.448167	0.448167	0	0.448167	0.89628	0.89628	0.448167	0	0	0.448167	0.89628	0.448167	0.448167	0.448167	0.448167	0.448167	0.448167	0.448167	0.448167	0.89628	0.448167	0	0	0.448167	0.448167	0.448167	0.448167	0.448167	0.448167	0	0.448167	0.448167	0.448167	0.448167	0.448167	0.448167	0.448167	0.448167	0	0.448167	0.448167	0	0.448167	0.448167	0	0.448167	0.448167	0	0	0	0.448167	0.448167	0	0	0	0	0	0	0	0	0.448167	0.448167	0	0	0	0	0	0	0	0	0	0	0	0	0.448167	0.448167	0	0	0	0	0	0	0	0.448167	0.448167	0	0	0	0	0.448167	0.448167	0	0	0	0	0.448167	0.448167	0	0	0	0	0.448167	0.448167	0	0	0	0	0	0	0	0	0	0	0	0	0	0	0	0	0.448167	0.448167	0	0	0	0	0	0.448167	0.448167	0	0.448167	0.448167	0.448167	0.448167	0	0
0.448125	0	0	0	0	0	0	0.448125	0.448125	0	0	0	0	0	0	0	0.448125	0.448125	0	0	0	0	0.448125	0.448125	0	0	0	0.448125	0.448125	0	0	0.448125	0.448125	0	0	0	0	0.448125	0.448125	0	0	0	0	0.448125	0.448125	0	0	0	0	0	0	0	0	0	0	0	0	0	0	0	0	0	0	0	0	0	0	0	0	0.448125	0.448125	0	0	0	0	0	0	0.448125	0.448125	0	0	0	0	0	0	0	0	0	0	0.448125	0.448125	0	0	0	0	0	0	0	0	0.448125	0.448125	0	0	0	0	0	0	0	0.448125	0.448125	0	0	0.448125	0.448125	0.448125	0.448125	0	0.448125	0.448125	0.448125	0.448125	0.448125	0.448125	0	0.448125	0.896196	0.896196	0.448125	0	0	0.448125	0.896196	0.448125	0.448125	0.448125	0.448125	0.448125	0.448125	0.448125	0.448125	0.896196	0.448125	0	0	0.448125	0.448125	0.448125	0.448125	0.448125	0.448125	0	0.448125	0.448125	0.448125	0.448125	0.448125	0.448125	0.448125	0.448125	0	0.448125	0.448125	0	0.448125	0.448125	0	0.448125	0.448125	0	0	0	0.448125	0.448125	0	0	0	0	0	0	0	0	0.448125	0.448125	0	0	0	0	0	0	0	0	0	0	0	0	0.448125	0.448125	0	0	0	0	0	0	0	0.448125	0.448125	0	0	0	0	0.448125	0.448125	0	0	0	0	0.448125	0.448125	0	0	0	0	0.448125	0.448125	0	0	0	0	0	0	0	0	0	0	0	0	0	0	0	0	0.448125	0.448125	0	0	0	0	0	0.448125	0.448125	0	0.448125	0.448125	0.448125	0.448125	0	0
0.448083	0	0	0	0	0	0	0.448083	0.448083	0	0	0	0	0	0	0	0.448083	0.448083	0	0	0	0	0.448083	0.448083	0	0	0	0.448083	0.448083	0	0	0.448083	0.448083	0	0	0	0	0.448083	0.448083	0	0	0	0	0.448083	0.448083	0	0	0	0	0	0	0	0	0	0	0	0	0	0	0	0	0	0	0	0	0	0	0	0	0.448083	0.448083	0	0	0	0	0	0	0.448083	0.448083	0	0	0	0	0	0	0	0	0	0	0.448083	0.448083	0	0	0	0	0	0	0	0	0.448083	0.448083	0	0	0	0	0	0	0	0.448083	0.448083	0	0	0.448083	0.448083	0.448083	0.448083	0	0.448083	0.448083	0.448083	0.448083	0.448083	0.448083	0	0.448083	0.896112	0.896112	0.448083	0	0	0.448083	0.896112	0.448083	0.448083	0.448083	0.448083	0.448083	0.448083	0.448083	0.448083	0.896112	0.448083	0	0	0.448083	0.448083	0.448083	0.448083	0.448083	0.448083	0	0.448083	0.448083	0.448083	0.448083	0.448083	0.448083	0.448083	0.448083	0	0.448083	0.448083	0	0.448083	0.448083	0	0.448083	0.448083	0	0	0	0.448083	0.448083	0	0	0	0	0	0	0	0	0.448083	0.448083	0	0	0	0	0	0	0	0	0	0	0	0	0.448083	0.448083	0	0	0	0	0	0	0	0.448083	0.448083	0	0	0	0	0.448083	0.448083	0	0	0	0	0.448083	0.448083	0	0	0	0	0.448083	0.448083	0	0	0	0	0	0	0	0	0	0	0	0	0	0	0	0	0.448083	0.448083	0	0	0	0	0	0.448083	0.448083	0	0.448083	0.448083	0.448083	0.448083	0	0
0.448041	0	0	0	0	0	0	0.448041	0.448041	0	0	0	0	0	0	0	0.448041	0.448041	0	0	0	0	0.448041	0.448041	0	0	0	0.448041	0.448041	0	0	0.448041	0.448041	0	0	0	0	0.448041	0.448041	0	0	0	0	0.448041	0.448041	0	0	0	0	0	0	0	0	0	0	0	0	0	0	0	0	0	0	0	0	0	0	0	0	0.448041	0.448041	0	0	0	0	0	0	0.448041	0.448041	0	0	0	0	0	0	0	0	0	0	0.448041	0.448041	0	0	0	0	0	0	0	0	0.448041	0.448041	0	0	0	0	0	0	0	0.448041	0.448041	0	0	0.448041	0.448041	0.448041	0.448041	0	0.448041	0.448041	0.448041	0.448041	0.448041	0.448041	0	0.448041	0.896028	0.896028	0.448041	0	0	0.448041	0.896028	0.448041	0.448041	0.448041	0.448041	0.448041	0.448041	0.448041	0.448041	0.896028	0.448041	0	0	0.448041	0.448041	0.448041	0.448041	0.448041	0.448041	0	0.448041	0.448041	0.448041	0.448041	0.448041	0.448041	0.448041	0.448041	0	0.448041	0.448041	0	0.448041	0.448041	0	0.448041	0.448041	0	0	0	0.448041	0.448041	0	0	0	0	0	0	0	0	0.448041	0.448041	0	0	0	0	0	0	0	0	0	0	0	0	0.448041	0.448041	0	0	0	0	0	0	0	0.448041	0.448041	0	0	0	0	0.448041	0.448041	0	0	0	0	0.448041	0.448041	0	0	0	0	0.448041	0.448041	0	0	0	0	0	0	0	0	0	0	0	0	0	0	0	0	0.448041	0.448041	0	0	0	0	0	0.448041	0.448041	0	0.448041	0.448041	0.448041	0.448041	0	0
0.475185	0.448027	0.448027	0.448027	0.448027	0.448027	0.448027	0.633568	0.633568	0.448027	0.448027	0.448027	0.448027	0.448027	0.448027	0.448027	0.633568	0.633568	0.448027	0.448027	0.448027	0.448027	0.633568	0.633568	0.448027	0.448027	0.448027	0.633568	0.633568	0.448027	0.448027	0.633568	0.633568	0.448027	0.448027	0.448027	0.354197	0.500876	0.475185	0.448027	0.354197	0.158398	0	0.354174	0.475185	0.448027	0.354197	0.158398	0	0	0	0	0.158398	0.354197	0.448027	0.448027	0.448027	0.448027	0.448027	0.448027	0.448027	0.448027	0.448027	0.448027	0.354197	0.158398	0	0	0	0.354174	0.475185	0.448027	0.448027	0.448027	0.448027	0.448027	0.448027	0.653078	0.807636	0.571116	0.448027	0.448027	0.448027	0.448027	0.448027	0.448027	0.448027	0.448027	0.448027	0.653078	0.852962	0.896	0.896	0.896	0.896	0.896	0.896	0.896	0.896	0.852962	0.653078	0.448027	0.448027	0.448027	0.571116	0.791972	0.896	0.896	0.852962	0.653078	0.571116	0.791972	0.852962	0.807636	0.807636	0.653078	0.571116	0.963422	1.00172	0.852962	0.653078	0.633568	0.791942	0.791972	1.00172	1.10865	0.963398	0.633568	0.571116	0.791972	1.00172	1.26698	1.00172	0.852962	0.653078	0.791942	0.963422	1.00172	1.00172	1.00172	1.10865	0.653078	0.571116	0.791972	1.00172	1.00172	1.00172	1.00172	0.852962	0.807636	0.791972	1.00172	1.00172	1.00172	1.00172	1.00172	1.00172	0.852962	0.807636	0.791972	1.00172	1.00172	0.896	1.00172	1.00172	0.896	1.00172	1.00172	0.896	0.896	0.896	1.00172	1.00172	0.896	0.896	1.01418	1.23699	1.34386	1.34386	1.34386	1.34386	1.27688	1.06248	0.896	0.896	0.896	0.896	0.896	0.896	0.896	0.896	0.896	0.896	0.896	0.896	1.06248	1.27688	1.34386	1.23699	1.01418	0.896	0.896	0.896	0.896	1.00172	1.00172	0.896	0.896	0.896	0.896	1.00172	1.00172	0.896	0.896	0.896	0.896	1.00172	1.00172	0.896	0.896	0.896	0.896	1.06248	1.27688	1.23699	1.01418	0.896	0.896	0.896	0.896	0.896	0.896	0.896	0.896	0.896	0.896	0.896	0.896	0.896	0.896	0.852962	0.653078	0.448027	0.448027	0.448027	0.448027	0.448027	0.475185	0.500876	0.354197	0.475185	0.354174	0.354174	0.475185	0.448027	0.448027
0.354163	0.447985	0.447985	0.447985	0.447985	0.447985	0.447985	0.633509	0.633509	0.447985	0.447985	0.447985	0.447985	0.447985	0.447985	0.447985	0.633509	0.633509	0.447985	0.447985	0.447985	0.447985	0.633509	0.633509	0.447985	0.447985	0.447985	0.633509	0.633509	0.447985	0.447985	0.633509	0.633509	0.447985	0.447985	0.447985	0.47514	0.500829	0.354163	0.447985	0.47514	0.354141	0	0.158383	0.354163	0.447985	0.47514	0.354141	0	0	0	0	0.354141	0.47514	0.447985	0.447985	0.447985	0.447985	0.447985	0.447985	0.447985	0.447985	0.447985	0.447985	0.47514	0.354141	0	0	0	0.158383	0.354163	0.447985	0.447985	0.447985	0.447985	0.447985	0.447985	0.571062	0.80756	0.653016	0.447985	0.447985	0.447985	0.447985	0.447985	0.447985	0.447985	0.447985	0.447985	0.571062	0.791898	0.895916	0.895916	0.895916	0.895916	0.895916	0.895916	0.895916	0.895916	0.791898	0.571062	0.447985	0.447985	0.447985	0.653016	0.852882	0.895916	0.895916	0.791898	0.571062	0.653016	0.852882	0.791898	0.80756	0.80756	0.571062	0.653016	1.10855	1.00163	0.791898	0.571062	0.633509	0.963307	0.852882	1.00163	0.963332	0.791868	0.633509	0.653016	0.852882	1.00163	1.26686	1.00163	0.791898	0.571062	0.963307	1.10855	1.00163	1.00163	1.00163	0.963332	0.571062	0.653016	0.852882	1.00163	1.00163	1.00163	1.00163	0.791898	0.80756	0.852882	1.00163	1.00163	1.00163	1.00163	1.00163	1.00163	0.791898	0.80756	0.852882	1.00163	1.00163	0.895916	1.00163	1.00163	0.895916	1.00163	1.00163	0.895916	0.895916	0.895916	1.00163	1.00163	0.895916	0.895916	1.06238	1.27676	1.34374	1.34374	1.34374	1.34374	1.23687	1.01408	0.895916	0.895916	0.895916	0.895916	0.895916	0.895916	0.895916	0.895916	0.895916	0.895916	0.895916	0.895916	1.01408	1.23687	1.34374	1.27676	1.06238	0.895916	0.895916	0.895916	0.895916	1.00163	1.00163	0.895916	0.895916	0.895916	0.895916	1.00163	1.00163	0.895916	0.895916	0.895916	0.895916	1.00163	1.00163	0.895916	0.895916	0.895916	0.895916	1.01408	1.23687	1.27676	1.06238	0.895916	0.895916	0.895916	0.895916	0.895916	0.895916	0.895916	0.895916	0.895916	0.895916	0.895916	0.895916	0.895916	0.895916	0.791898	0.571062	0.447985	0.447985	0.447985	0.447985	0.447985	0.354163	0.500829	0.47514	0.354163	0.158383	0.158383	0.354163	0.447985	0.447985
0	0	0	0	0	0	0	0.447908	0.447908	0	0	0	0	0	0	0	0.447908	0.447908	0	0	0	0	0.447908	0.447908	0	0	0	0.447908	0.447908	0	0	0.447908	0.447908	0	0	0	0.447908	0.447908	0	0	0.447908	0.447908	0	0	0	0	0.447908	0.447908	0	0	0	0	0.447908	0.447908	0	0	0	0	0	0	0	0	0	0	0.447908	0.447908	0	0	0	0	0	0	0	0	0	0	0	0	0.447908	0.447908	0	0	0	0	0	0	0	0	0	0	0	0	0	0	0	0	0	0	0	0	0	0	0	0	0.447908	0.447908	0	0	0	0	0.447908	0.447908	0	0.447908	0.447908	0	0.447908	0.895761	0.447908	0	0	0.447908	0.895761	0.447908	0.447908	0.447908	0.447908	0.447908	0.447908	0.447908	0.447908	0.895761	0.447908	0	0	0.895761	0.895761	0.447908	0.447908	0.447908	0.447908	0	0.447908	0.447908	0.447908	0.447908	0.447908	0.447908	0	0.447908	0.447908	0.447908	0.447908	0.447908	0.447908	0.447908	0.447908	0	0.447908	0.447908	0.447908	0.447908	0	0.447908	0.447908	0	0.447908	0.447908	0	0	0	0.447908	0.447908	0	0	0.447908	0.447908	0	0	0	0	0	0	0	0	0	0	0	0	0	0	0	0	0	0	0	0	0	0.447908	0.447908	0	0	0	0	0.447908	0.447908	0	0	0	0	0.447908	0.447908	0	0	0	0	0.447908	0.447908	0	0	0	0	0	0	0.447908	0.447908	0	0	0	0	0	0	0	0	0	0	0	0	0	0	0	0	0	0	0	0	0	0	0.447908	0.447908	0	0	0	0	0	0
0	0	0	0	0	0	0	0.447866	0.447866	0	0	0	0	0	0	0	0.447866	0.447866	0	0	0	0	0.447866	0.447866	0	0	0	0.447866	0.447866	0	0	0.447866	0.447866	0	0	0	0.447866	0.447866	0	0	0.447866	0.447866	0	0	0	0	0.447866	0.447866	0	0	0	0	0.447866	0.447866	0	0	0	0	0	0	0	0	0	0	0.447866	0.447866	0	0	0	0	0	0	0	0	0	0	0	0	0.447866	0.447866	0	0	0	0	0	0	0	0	0	0	0	0	0	0	0	0	0	0	0	0	0	0	0	0	0.447866	0.447866	0	0	0	0	0.447866	0.447866	0	0.447866	0.447866	0	0.447866	0.895677	0.447866	0	0	0.447866	0.895677	0.447866	0.447866	0.447866	0.447866	0.447866	0.447866	0.447866	0.447866	0.895677	0.447866	0	0	0.895677	0.895677	0.447866	0.447866	0.447866	0.447866	0	0.447866	0.447866	0.447866	0.447866	0.447866	0.447866	0	0.447866	0.447866	0.447866	0.447866	0.447866	0.447866	0.447866	0.447866	0	0.447866	0.447866	0.447866	0.447866	0	0.447866	0.447866	0	0.447866	0.447866	0	0	0	0.447866	0.447866	0	0	0.447866	0.447866	0	0	0	0	0	0	0	0	0	0	0	0	0	0	0	0	0	0	0	0	0	0.447866	0.447866	0	0	0	0	0.447866	0.447866	0	0	0	0	0.447866	0.447866	0	0	0	0	0.447866	0.447866	0	0	0	0	0	0	0.447866	0.447866	0	0	0	0	0	0	0	0	0	0	0	0	0	0	0	0	0	0	0	0	0	0	0.447866	0.447866	0	0	0	0	0	0
0	0	0	0	0	0	0	0.447824	0.447824	0	0	0	0	0	0	0	0.447824	0.447824	0	0	0	0	0.447824	0.447824	0	0	0	0.447824	0.447824	0	0	0.447824	0.447824	0	0	0	0.447824	0.447824	0	0	0.447824	0.447824	0	0	0	0	0.447824	0.447824	0	0	0	0	0.447824	0.447824	0	0	0	0	0	0	0	0	0	0	0.447824	0.447824	0	0	0	0	0	0	0	0	0	0	0	0	0.447824	0.447824	0	0	0	0	0	0	0	0	0	0	0	0	0	0	0	0	0	0	0	0	0	0	0	0	0.447824	0.447824	0	0	0	0	0.447824	0.447824	0	0.447824	0.447824	0	0.447824	0.895593	0.447824	0	0	0.447824	0.895593	0.447824	0.447824	0.447824	0.447824	0.447824	0.447824	0.447824	0.447824	0.895593	0.447824	0	0	0.895593	0.895593	0.447824	0.447824	0.447824	0.447824	0	0.447824	0.447824	0.447824	0.447824	0.447824	0.447824	0	0.447824	0.447824	0.447824	0.447824	0.447824	0.447824	0.447824	0.447824	0	0.447824	0.447824	0.447824	0.447824	0	0.447824	0.447824	0	0.447824	0.447824	0	0	0	0.447824	0.447824	0	0	0.447824	0.447824	0	0	0	0	0	0	0	0	0	0	0	0	0	0	0	0	0	0	0	0	0	0.447824	0.447824	0	0	0	0	0.447824	0.447824	0	0	0	0	0.447824	0.447824	0	0	0	0	0.447824	0.447824	0	0	0	0	0	0	0.447824	0.447824	0	0	0	0	0	0	0	0	0	0	0	0	0	0	0	0	0	0	0	0	0	0	0.447824	0.447824	0	0	0	0	0	0
0	0	0	0	0	0	0	0.447782	0.447782	0	0	0	0	0	0	0	0.447782	0.447782	0	0	0	0	0.447782	0.447782	0	0	0	0.447782	0.447782	0	0	0.447782	0.447782	0	0	0	0.447782	0.447782	0	0	0.447782	0.447782	0	0	0	0	0.447782	0.447782	0	0	0	0	0.447782	0.447782	0	0	0	0	0	0	0	0	0	0	0.447782	0.447782	0	0	0	0	0	0	0	0	0	0	0	0	0.447782	0.447782	0	0	0	0	0	0	0	0	0	0	0	0	0	0	0	0	0	0	0	0	0	0	0	0	0.447782	0.447782	0	0	0	0	0.447782	0.447782	0	0.447782	0.447782	0	0.447782	0.895509	0.447782	0	0	0.447782	0.895509	0.447782	0.447782	0.447782	0.447782	0.447782	0.447782	0.447782	0.447782	0.895509	0.447782	0	0	0.895509	0.895509	0.447782	0.447782	0.447782	0.447782	0	0.447782	0.447782	0.447782	0.447782	0.447782	0.447782	0	0.447782	0.447782	0.447782	0.447782	0.447782	0.447782	0.447782	0.447782	0	0.447782	0.447782	0.447782	0.447782	0	0.447782	0.447782	0	0.447782	0.447782	0	0	0	0.447782	0.447782	0	0	0.447782	0.447782	0	0	0	0	0	0	0	0	0	0	0	0	0	0	0	0	0	0	0	0	0	0.447782	0.447782	0	0	0	0	0.447782	0.447782	0	0	0	0	0.447782	0.447782	0	0	0	0	0.447782	0.447782	0	0	0	0	0	0	0.447782	0.447782	0	0	0	0	0	0	0	0	0	0	0	0	0	0	0	0	0	0	0	0	0	0	0.447782	0.447782	0	0	0	0	0	0
0	0	0	0	0	0	0	0.44774	0.44774	0	0	0	0	0	0	0	0.44774	0.44774	0	0	0	0	0.44774	0.44774	0	0	0	0.44774	0.44774	0	0	0.44774	0.44774	0	0	0	0.44774	0.44774	0	0	0.44774	0.44774	0	0	0	0	0.44774	0.44774	0	0	0	0	0.44774	0.44774	0	0	0	0	0	0	0	0	0	0	0.44774	0.44774	0	0	0	0	0	0	0	0	0	0	0	0	0.44774	0.44774	0	0	0	0	0	0	0	0	0	0	0	0	0	0	0	0	0	0	0	0	0	0	0	0	0.44774	0.44774	0	0	0	0	0.44774	0.44774	0	0.44774	0.44774	0	0.44774	0.895426	0.44774	0	0	0.44774	0.895426	0.44774	0.44774	0.44774	0.44774	0.44774	0.44774	0.44774	0.44774	0.895426	0.44774	0	0	0.895426	0.895426	0.44774	0.44774	0.44774	0.44774	0	0.44774	0.44774	0.44774	0.44774	0.44774	0.44774	0	0.44774	0.44774	0.44774	0.44774	0.44774	0.44774	0.44774	0.44774	0	0.44774	0.44774	0.44774	0.44774	0	0.44774	0.44774	0	0.44774	0.44774	0	0	0	0.44774	0.44774	0	0	0.44774	0.44774	0	0	0	0	0	0	0	0	0	0	0	0	0	0	0	0	0	0	0	0	0	0.44774	0.44774	0	0	0	0	0.44774	0.44774	0	0	0	0	0.44774	0.44774	0	0	0	0	0.44774	0.44774	0	0	0	0	0	0	0.44774	0.44774	0	0	0	0	0	0	0	0	0	0	0	0	0	0	0	0	0	0	0	0	0	0	0.44774	0.44774	0	0	0	0	0	0
0	0	0	0	0	0	0	0.447698	0.447698	0	0	0	0	0	0	0	0.447698	0.447698	0	0	0	0	0.447698	0.447698	0	0	0	0.447698	0.447698	0	0	0.447698	0.447698	0	0	0	0.447698	0.447698	0	0	0.447698	0.447698	0	0	0	0	0.447698	0.447698	0	0	0	0	0.447698	0.447698	0	0	0	0	0	0	0	0	0	0	0.447698	0.447698	0	0	0	0	0	0	0	0	0	0	0	0	0.447698	0.447698	0	0	0	0	0	0	0	0	0	0	0	0	0	0	0	0	0	0	0	0	0	0	0	0	0.447698	0.447698	0	0	0	0	0.447698	0.447698	0	0.447698	0.447698	0	0.447698	0.895342	0.447698	0	0	0.447698	0.895342	0.447698	0.447698	0.447698	0.447698	0.447698	0.447698	0.447698	0.447698	0.895342	0.447698	0	0	0.895342	0.895342	0.447698	0.447698	0.447698	0.447698	0	0.447698	0.447698	0.447698	0.447698	0.447698	0.447698	0	0.447698	0.447698	0.447698	0.447698	0.447698	0.447698	0.447698	0.447698	0	0.447698	0.447698	0.447698	0.447698	0	0.447698	0.447698	0	0.447698	0.447698	0	0	0	0.447698	0.447698	0	0	0.447698	0.447698	0	0	0	0	0	0	0	0	0	0	0	0	0	0	0	0	0	0	0	0	0	0.447698	0.447698	0	0	0	0	0.447698	0.447698	0	0	0	0	0.447698	0.447698	0	0	0	0	0.447698	0.447698	0	0	0	0	0	0	0.447698	0.447698	0	0	0	0	0	0	0	0	0	0	0	0	0	0	0	0	0	0	0	0	0	0	0.447698	0.447698	0	0	0	0	0	0
0	0	0	0	0	0	0	0.447656	0.447656	0	0	0	0	0	0	0	0.447656	0.447656	0	0	0	0	0.447656	0.447656	0	0	0	0.447656	0.447656	0	0	0.447656	0.447656	0	0	0	0.447656	0.447656	0	0	0.447656	0.447656	0	0	0	0	0.447656	0.447656	0	0	0	0	0.447656	0.447656	0	0	0	0	0	0	0	0	0	0	0.447656	0.447656	0	0	0	0	0	0	0	0	0	0	0	0	0.447656	0.447656	0	0	0	0	0	0	0	0	0	0	0	0	0	0	0	0	0	0	0	0	0	0	0	0	0.447656	0.447656	0	0	0	0	0.447656	0.447656	0	0.447656	0.447656	0	0.447656	0.895258	0.447656	0	0	0.447656	0.895258	0.447656	0.447656	0.447656	0.447656	0.447656	0.447656	0.447656	0.447656	0.895258	0.447656	0	0	0.895258	0.895258	0.447656	0.447656	0.447656	0.447656	0	0.447656	0.447656	0.447656	0.447656	0.447656	0.447656	0	0.447656	0.447656	0.447656	0.447656	0.447656	0.447656	0.447656	0.447656	0	0.447656	0.447656	0.447656	0.447656	0	0.447656	0.447656	0	0.447656	0.447656	0	0	0	0.447656	0.447656	0	0	0.447656	0.447656	0	0	0	0	0	0	0	0	0	0	0	0	0	0	0	0	0	0	0	0	0	0.447656	0.447656	0	0	0	0	0.447656	0.447656	0	0	0	0	0.447656	0.447656	0	0	0	0	0.447656	0.447656	0	0	0	0	0	0	0.447656	0.447656	0	0	0	0	0	0	0	0	0	0	0	0	0	0	0	0	0	0	0	0	0	0	0.447656	0.447656	0	0	0	0	0	0
0	0	0	0	0	0	0	0.447614	0.447614	0	0	0	0	0	0	0	0.447614	0.447614	0	0	0	0	0.447614	0.447614	0	0	0	0.447614	0.447614	0	0	0.447614	0.447614	0	0	0	0.447614	0.447614	0	0	0.447614	0.447614	0	0	0	0	0.447614	0.447614	0	0	0	0	0.447614	0.447614	0	0	0	0	0	0	0	0	0	0	0.447614	0.447614	0	0	0	0	0	0	0	0	0	0	0	0	0.447614	0.447614	0	0	0	0	0	0	0	0	0	0	0	0	0	0	0	0	0	0	0	0	0	0	0	0	0.447614	0.447614	0	0	0	0	0.447614	0.447614	0	0.447614	0.447614	0	0.447614	0.895174	0.447614	0	0	0.447614	0.895174	0.447614	0.447614	0.447614	0.447614	0.447614	0.447614	0.447614	0.447614	0.895174	0.447614	0	0	0.895174	0.895174	0.447614	0.447614	0.447614	0.447614	0	0.447614	0.447614	0.447614	0.447614	0.447614	0.447614	0	0.447614	0.447614	0.447614	0.447614	0.447614	0.447614	0.447614	0.447614	0	0.447614	0.447614	0.447614	0.447614	0	0.447614	0.447614	0	0.447614	0.447614	0	0	0	0.447614	0.447614	0	0	0.447614	0.447614	0	0	0	0	0	0	0	0	0	0	0	0	0	0	0	0	0	0	0	0	0	0.447614	0.447614	0	0	0	0	0.447614	0.447614	0	0	0	0	0.447614	0.447614	0	0	0	0	0.447614	0.447614	0	0	0	0	0	0	0.447614	0.447614	0	0	0	0	0	0	0	0	0	0	0	0	0	0	0	0	0	0	0	0	0	0	0.447614	0.447614	0	0	0	0	0	0
0	0	0	0	0	0	0	0.447565	0.447565	0	0	0	0	0	0	0	0.447565	0.447565	0	0	0	0	0.447565	0.447565	0	0	0	0.447565	0.447565	0	0	0.447565	0.447565	0	0	0	0.447565	0.447565	0	0	0.447565	0.447565	0	0	0	0	0.447565	0.447565	0	0	0	0	0.447565	0.447565	0	0	0	0	0	0	0	0	0	0	0.447565	0.447565	0	0	0	0	0	0	0	0	0	0	0	0	0.447565	0.447565	0	0	0	0	0	0	0	0	0	0	0	0	0	0	0	0	0	0	0	0	0	0	0	0	0.447565	0.447565	0	0	0	0	0.447565	0.447565	0	0.447565	0.447565	0	0.447565	0.895076	0.447565	0	0	0.447565	0.895076	0.447565	0.447565	0.447565	0.447565	0.447565	0.447565	0.447565	0.447565	0.895076	0.447565	0	0	0.895076	0.895076	0.447565	0.447565	0.447565	0.447565	0	0.447565	0.447565	0.447565	0.447565	0.447565	0.447565	0	0.447565	0.447565	0.447565	0.447565	0.447565	0.447565	0.447565	0.447565	0	0.447565	0.447565	0.447565	0.447565	0	0.447565	0.447565	0	0.447565	0.447565	0	0	0	0.447565	0.447565	0	0	0.447565	0.447565	0	0	0	0	0	0	0	0	0	0	0	0	0	0	0	0	0	0	0	0	0	0.447565	0.447565	0	0	0	0	0.447565	0.447565	0	0	0	0	0.447565	0.447565	0	0	0	0	0.447565	0.447565	0	0	0	0	0	0	0.447565	0.447565	0	0	0	0	0	0	0	0	0	0	0	0	0	0	0	0	0	0	0	0	0	0	0.447565	0.447565	0	0	0	0	0	0
0.447558	0.447558	0.447558	0.447558	0.447558	0.447558	0.447558	0.652394	0.85207	0.895062	0.895062	0.791143	0.570518	0.447558	0.447558	0.447558	0.652394	0.85207	0.791143	0.570518	0.447558	0.447558	0.652394	0.806791	0.570518	0.447558	0.447558	0.652394	0.806791	0.570518	0.447558	0.652394	0.806791	0.570518	0.447558	0.447558	0.652394	0.806791	0.570518	0.447558	0.652394	0.806791	0.570518	0.447558	0.447558	0.353826	0.500352	0.474687	0.447558	0.447558	0.353826	0.158232	0.353804	0.474687	0.353826	0.158232	0	0	0	0	0	0	0	0	0.353804	0.474687	0.447558	0.447558	0.447558	0.447558	0.447558	0.447558	0.447558	0.447558	0.447558	0.447558	0.447558	0.447558	0.652394	0.85207	0.895062	0.895062	0.895062	0.895062	0.895062	0.895062	0.895062	0.895062	0.895062	0.895062	0.895062	0.895062	0.895062	0.895062	0.895062	0.895062	1.01312	1.23569	1.34246	1.34246	1.34246	1.34246	1.34246	1.34246	1.41503	1.41503	1.34246	1.34246	1.45858	1.68162	1.7111	1.49248	1.45858	1.62872	1.49248	1.34246	1.41503	1.45854	1.06137	1.01312	1.23569	1.41503	1.45854	1.06137	1.00067	1.15182	1.35173	1.41503	1.41503	1.41503	1.27555	1.27551	1.00067	1.01312	1.23569	1.61326	1.61326	1.41503	1.41503	1.27555	1.20492	1.23569	1.41503	1.41503	1.41503	1.41503	1.41503	1.41503	1.34246	1.41503	1.41503	1.41503	1.41503	1.27555	1.20492	1.35173	1.41503	1.34246	1.41503	1.41503	1.27555	1.06137	1.01312	1.20492	1.06137	1.01312	1.20492	1.20492	1.23569	1.34246	1.34246	1.41503	1.41503	1.34246	1.34246	1.27555	1.20492	1.23569	1.34246	1.34246	1.34246	1.34246	1.34246	1.34246	1.34246	1.34246	1.34246	1.34246	1.34246	1.34246	1.34246	1.34246	1.34246	1.34246	1.34246	1.34246	1.34246	1.34246	1.49248	1.62872	1.45858	1.34246	1.34246	1.34246	1.49248	1.7111	1.68162	1.45858	1.34246	1.34246	1.41503	1.41503	1.34246	1.34246	1.34246	1.23569	1.20492	1.27555	1.34246	1.34246	1.23569	1.01312	0.895062	0.895062	1.06137	1.27555	1.34246	1.23569	1.01312	0.895062	0.895062	0.895062	0.895062	0.895062	0.895062	0.895062	0.895062	0.895062	0.895062	0.791143	0.570518	0.447558	0.447558	0.447558	0.447558	0.447558	0.447558	0.447558	0.474687	0.353804	0	0	0.158232	0.353826	0.447558	0.447558
0.447516	0.447516	0.447516	0.447516	0.447516	0.447516	0.447516	0.570465	0.791069	0.894978	0.894978	0.85199	0.652333	0.447516	0.447516	0.447516	0.570465	0.791069	0.85199	0.652333	0.447516	0.447516	0.570465	0.806715	0.652333	0.447516	0.447516	0.570465	0.806715	0.652333	0.447516	0.570465	0.806715	0.652333	0.447516	0.447516	0.570465	0.806715	0.652333	0.447516	0.570465	0.806715	0.652333	0.447516	0.447516	0.474643	0.500305	0.353793	0.447516	0.447516	0.474643	0.353771	0.158218	0.353793	0.474643	0.353771	0	0	0	0	0	0	0	0	0.158218	0.353793	0.447516	0.447516	0.447516	0.447516	0.447516	0.447516	0.447516	0.447516	0.447516	0.447516	0.447516	0.447516	0.570465	0.791069	0.894978	0.894978	0.894978	0.894978	0.894978	0.894978	0.894978	0.894978	0.894978	0.894978	0.894978	0.894978	0.894978	0.894978	0.894978	0.894978	1.06127	1.27543	1.34233	1.34233	1.34233	1.34233	1.34233	1.34233	1.4149	1.4149	1.34233	1.34233	1.49234	1.71094	1.68146	1.45844	1.49234	1.62857	1.45844	1.34233	1.4149	1.3516	1.01302	1.06127	1.27543	1.4149	1.3516	1.01302	1.00058	1.2754	1.45841	1.4149	1.4149	1.4149	1.23558	1.15171	1.00058	1.06127	1.27543	1.61311	1.61311	1.4149	1.4149	1.23558	1.20481	1.27543	1.4149	1.4149	1.4149	1.4149	1.4149	1.4149	1.34233	1.4149	1.4149	1.4149	1.4149	1.23558	1.20481	1.45841	1.4149	1.34233	1.4149	1.4149	1.23558	1.01302	1.06127	1.20481	1.01302	1.06127	1.20481	1.20481	1.27543	1.34233	1.34233	1.4149	1.4149	1.34233	1.34233	1.23558	1.20481	1.27543	1.34233	1.34233	1.34233	1.34233	1.34233	1.34233	1.34233	1.34233	1.34233	1.34233	1.34233	1.34233	1.34233	1.34233	1.34233	1.34233	1.34233	1.34233	1.34233	1.34233	1.45844	1.62857	1.49234	1.34233	1.34233	1.34233	1.45844	1.68146	1.71094	1.49234	1.34233	1.34233	1.4149	1.4149	1.34233	1.34233	1.34233	1.27543	1.20481	1.23558	1.34233	1.34233	1.27543	1.06127	0.894978	0.894978	1.01302	1.23558	1.34233	1.27543	1.06127	0.894978	0.894978	0.894978	0.894978	0.894978	0.894978	0.894978	0.894978	0.894978	0.894978	0.85199	0.652333	0.447516	0.447516	0.447516	0.447516	0.447516	0.447516	0.447516	0.353793	0.158218	0	0	0.353771	0.474643	0.447516	0.447516
0	0	0	0	0	0	0	0	0	0	0	0.447439	0.447439	0	0	0	0	0	0.447439	0.447439	0	0	0	0.447439	0.447439	0	0	0	0.447439	0.447439	0	0	0.447439	0.447439	0	0	0	0.447439	0.447439	0	0	0.447439	0.447439	0	0	0.447439	0.447439	0	0	0	0.447439	0.447439	0	0	0.447439	0.447439	0	0	0	0	0	0	0	0	0	0	0	0	0	0	0	0	0	0	0	0	0	0	0	0	0	0	0	0	0	0	0	0	0	0	0	0	0	0	0	0	0.447439	0.447439	0	0	0	0	0	0	0.447439	0.447439	0	0	0.447439	0.447439	0	0	0.447439	0.447439	0	0	0.447439	0.447439	0	0.447439	0.447439	0.447439	0.447439	0	0.447439	0.894824	0.894824	0.447439	0.447439	0.447439	0	0.447439	0.447439	0.447439	0.447439	0.894824	0.894824	0.447439	0.447439	0	0.447439	0.447439	0.447439	0.447439	0.447439	0.447439	0.447439	0.447439	0	0.447439	0.447439	0.447439	0.447439	0	0.447439	0.894824	0.447439	0	0.447439	0.447439	0	0	0.447439	0.447439	0	0.447439	0.447439	0.447439	0.447439	0	0	0.447439	0.447439	0	0	0	0.447439	0.447439	0	0	0	0	0	0	0	0	0	0	0	0	0	0	0	0	0	0	0	0	0	0.447439	0.447439	0	0	0	0	0	0.447439	0.447439	0	0	0.447439	0.447439	0	0	0	0.447439	0.447439	0	0	0	0.447439	0.447439	0	0	0	0	0	0.447439	0.447439	0	0	0	0	0	0	0	0	0	0	0.447439	0.447439	0	0	0	0	0	0	0	0	0	0	0	0.447439	0.447439	0	0
0	0	0	0	0	0	0	0	0	0	0	0.447397	0.447397	0	0	0	0	0	0.447397	0.447397	0	0	0	0.447397	0.447397	0	0	0	0.447397	0.447397	0	0	0.447397	0.447397	0	0	0	0.447397	0.447397	0	0	0.447397	0.447397	0	0	0.447397	0.447397	0	0	0	0.447397	0.447397	0	0	0.447397	0.447397	0	0	0	0	0	0	0	0	0	0	0	0	0	0	0	0	0	0	0	0	0	0	0	0	0	0	0	0	0	0	0	0	0	0	0	0	0	0	0	0	0.447397	0.447397	0	0	0	0	0	0	0.447397	0.447397	0	0	0.447397	0.447397	0	0	0.447397	0.447397	0	0	0.447397	0.447397	0	0.447397	0.447397	0.447397	0.447397	0	0.447397	0.89474	0.89474	0.447397	0.447397	0.447397	0	0.447397	0.447397	0.447397	0.447397	0.89474	0.89474	0.447397	0.447397	0	0.447397	0.447397	0.447397	0.447397	0.447397	0.447397	0.447397	0.447397	0	0.447397	0.447397	0.447397	0.447397	0	0.447397	0.89474	0.447397	0	0.447397	0.447397	0	0	0.447397	0.447397	0	0.447397	0.447397	0.447397	0.447397	0	0	0.447397	0.447397	0	0	0	0.447397	0.447397	0	0	0	0	0	0	0	0	0	0	0	0	0	0	0	0	0	0	0	0	0	0.447397	0.447397	0	0	0	0	0	0.447397	0.447397	0	0	0.447397	0.447397	0	0	0	0.447397	0.447397	0	0	0	0.447397	0.447397	0	0	0	0	0	0.447397	0.447397	0	0	0	0	0	0	0	0	0	0	0.447397	0.447397	0	0	0	0	0	0	0	0	0	0	0	0.447397	0.447397	0	0
0	0	0	0	0	0	0	0	0	0	0	0.447356	0.447356	0	0	0	0	0	0.447356	0.447356	0	0	0	0.447356	0.447356	0	0	0	0.447356	0.447356	0	0	0.447356	0.447356	0	0	0	0.447356	0.447356	0	0	0.447356	0.447356	0	0	0.447356	0.447356	0	0	0	0.447356	0.447356	0	0	0.447356	0.447356	0	0	0	0	0	0	0	0	0	0	0	0	0	0	0	0	0	0	0	0	0	0	0	0	0	0	0	0	0	0	0	0	0	0	0	0	0	0	0	0	0.447356	0.447356	0	0	0	0	0	0	0.447356	0.447356	0	0	0.447356	0.447356	0	0	0.447356	0.447356	0	0	0.447356	0.447356	0	0.447356	0.447356	0.447356	0.447356	0	0.447356	0.894657	0.894657	0.447356	0.447356	0.447356	0	0.447356	0.447356	0.447356	0.447356	0.894657	0.894657	0.447356	0.447356	0	0.447356	0.447356	0.447356	0.447356	0.447356	0.447356	0.447356	0.447356	0	0.447356	0.447356	0.447356	0.447356	0	0.447356	0.894657	0.447356	0	0.447356	0.447356	0	0	0.447356	0.447356	0	0.447356	0.447356	0.447356	0.447356	0	0	0.447356	0.447356	0	0	0	0.447356	0.447356	0	0	0	0	0	0	0	0	0	0	0	0	0	0	0	0	0	0	0	0	0	0.447356	0.447356	0	0	0	0	0	0.447356	0.447356	0	0	0.447356	0.447356	0	0	0	0.447356	0.447356	0	0	0	0.447356	0.447356	0	0	0	0	0	0.447356	0.447356	0	0	0	0	0	0	0	0	0	0	0.447356	0.447356	0	0	0	0	0	0	0	0	0	0	0	0.447356	0.447356	0	0
0	0	0	0	0	0	0	0	0	0	0	0.447314	0.447314	0	0	0	0	0	0.447314	0.447314	0	0	0	0.447314	0.447314	0	0	0	0.447314	0.447314	0	0	0.447314	0.447314	0	0	0	0.447314	0.447314	0	0	0.447314	0.447314	0	0	0.447314	0.447314	0	0	0	0.447314	0.447314	0	0	0.447314	0.447314	0	0	0	0	0	0	0	0	0	0	0	0	0	0	0	0	0	0	0	0	0	0	0	0	0	0	0	0	0	0	0	0	0	0	0	0	0	0	0	0	0.447314	0.447314	0	0	0	0	0	0	0.447314	0.447314	0	0	0.447314	0.447314	0	0	0.447314	0.447314	0	0	0.447314	0.447314	0	0.447314	0.447314	0.447314	0.447314	0	0.447314	0.894573	0.894573	0.447314	0.447314	0.447314	0	0.447314	0.447314	0.447314	0.447314	0.894573	0.894573	0.447314	0.447314	0	0.447314	0.447314	0.447314	0.447314	0.447314	0.447314	0.447314	0.447314	0	0.447314	0.447314	0.447314	0.447314	0	0.447314	0.894573	0.447314	0	0.447314	0.447314	0	0	0.447314	0.447314	0	0.447314	0.447314	0.447314	0.447314	0	0	0.447314	0.447314	0	0	0	0.447314	0.447314	0	0	0	0	0	0	0	0	0	0	0	0	0	0	0	0	0	0	0	0	0	0.447314	0.447314	0	0	0	0	0	0.447314	0.447314	0	0	0.447314	0.447314	0	0	0	0.447314	0.447314	0	0	0	0.447314	0.447314	0	0	0	0	0	0.447314	0.447314	0	0	0	0	0	0	0	0	0	0	0.447314	0.447314	0	0	0	0	0	0	0	0	0	0	0	0.447314	0.447314	0	0
0	0	0	0	0	0	0	0	0	0	0	0.447272	0.447272	0	0	0	0	0	0.447272	0.447272	0	0	0	0.447272	0.447272	0	0	0	0.447272	0.447272	0	0	0.447272	0.447272	0	0	0	0.447272	0.447272	0	0	0.447272	0.447272	0	0	0.447272	0.447272	0	0	0	0.447272	0.447272	0	0	0.447272	0.447272	0	0	0	0	0	0	0	0	0	0	0	0	0	0	0	0	0	0	0	0	0	0	0	0	0	0	0	0	0	0	0	0	0	0	0	0	0	0	0	0	0.447272	0.447272	0	0	0	0	0	0	0.447272	0.447272	0	0	0.447272	0.447272	0	0	0.447272	0.447272	0	0	0.447272	0.447272	0	0.447272	0.447272	0.447272	0.447272	0	0.447272	0.894489	0.894489	0.447272	0.447272	0.447272	0	0.447272	0.447272	0.447272	0.447272	0.894489	0.894489	0.447272	0.447272	0	0.447272	0.447272	0.447272	0.447272	0.447272	0.447272	0.447272	0.447272	0	0.447272	0.447272	0.447272	0.447272	0	0.447272	0.894489	0.447272	0	0.447272	0.447272	0	0	0.447272	0.447272	0	0.447272	0.447272	0.447272	0.447272	0	0	0.447272	0.447272	0	0	0	0.447272	0.447272	0	0	0	0	0	0	0	0	0	0	0	0	0	0	0	0	0	0	0	0	0	0.447272	0.447272	0	0	0	0	0	0.447272	0.447272	0	0	0.447272	0.447272	0	0	0	0.447272	0.447272	0	0	0	0.447272	0.447272	0	0	0	0	0	0.447272	0.447272	0	0	0	0	0	0	0	0	0	0	0.447272	0.447272	0	0	0	0	0	0	0	0	0	0	0	0.447272	0.447272	0	0
0	0	0	0	0	0	0	0	0	0	0	0.44723	0.44723	0	0	0	0	0	0.44723	0.44723	0	0	0	0.44723	0.44723	0	0	0	0.44723	0.44723	0	0	0.44723	0.44723	0	0	0	0.44723	0.44723	0	0	0.44723	0.44723	0	0	0.44723	0.44723	0	0	0	0.44723	0.44723	0	0	0.44723	0.44723	0	0	0	0	0	0	0	0	0	0	0	0	0	0	0	0	0	0	0	0	0	0	0	0	0	0	0	0	0	0	0	0	0	0	0	0	0	0	0	0	0.44723	0.44723	0	0	0	0	0	0	0.44723	0.44723	0	0	0.44723	0.44723	0	0	0.44723	0.44723	0	0	0.44723	0.44723	0	0.44723	0.44723	0.44723	0.44723	0	0.44723	0.894405	0.894405	0.44723	0.44723	0.44723	0	0.44723	0.44723	0.44723	0.44723	0.894405	0.894405	0.44723	0.44723	0	0.44723	0.44723	0.44723	0.44723	0.44723	0.44723	0.44723	0.44723	0	0.44723	0.44723	0.44723	0.44723	0	0.44723	0.894405	0.44723	0	0.44723	0.44723	0	0	0.44723	0.44723	0	0.44723	0.44723	0.44723	0.44723	0	0	0.44723	0.44723	0	0	0	0.44723	0.44723	0	0	0	0	0	0	0	0	0	0	0	0	0	0	0	0	0	0	0	0	0	0.44723	0.44723	0	0	0	0	0	0.44723	0.44723	0	0	0.44723	0.44723	0	0	0	0.44723	0.44723	0	0	0	0.44723	0.44723	0	0	0	0	0	0.44723	0.44723	0	0	0	0	0	0	0	0	0	0	0.44723	0.44723	0	0	0	0	0	0	0	0	0	0	0	0.44723	0.44723	0	0
0	0	0	0	0	0	0	0	0	0	0	0.447181	0.447181	0	0	0	0	0	0.447181	0.447181	0	0	0	0.447181	0.447181	0	0	0	0.447181	0.447181	0	0	0.447181	0.447181	0	0	0	0.447181	0.447181	0	0	0.447181	0.447181	0	0	0.447181	0.447181	0	0	0	0.447181	0.447181	0	0	0.447181	0.447181	0	0	0	0	0	0	0	0	0	0	0	0	0	0	0	0	0	0	0	0	0	0	0	0	0	0	0	0	0	0	0	0	0	0	0	0	0	0	0	0	0.447181	0.447181	0	0	0	0	0	0	0.447181	0.447181	0	0	0.447181	0.447181	0	0	0.447181	0.447181	0	0	0.447181	0.447181	0	0.447181	0.447181	0.447181	0.447181	0	0.447181	0.894307	0.894307	0.447181	0.447181	0.447181	0	0.447181	0.447181	0.447181	0.447181	0.894307	0.894307	0.447181	0.447181	0	0.447181	0.447181	0.447181	0.447181	0.447181	0.447181	0.447181	0.447181	0	0.447181	0.447181	0.447181	0.447181	0	0.447181	0.894307	0.447181	0	0.447181	0.447181	0	0	0.447181	0.447181	0	0.447181	0.447181	0.447181	0.447181	0	0	0.447181	0.447181	0	0	0	0.447181	0.447181	0	0	0	0	0	0	0	0	0	0	0	0	0	0	0	0	0	0	0	0	0	0.447181	0.447181	0	0	0	0	0	0.447181	0.447181	0	0	0.447181	0.447181	0	0	0	0.447181	0.447181	0	0	0	0.447181	0.447181	0	0	0	0	0	0.447181	0.447181	0	0	0	0	0	0	0	0	0	0	0.447181	0.447181	0	0	0	0	0	0	0	0	0	0	0	0.447181	0.447181	0	0
0	0	0	0	0	0	0	0	0	0	0	0.447139	0.447139	0	0	0	0	0	0.447139	0.447139	0	0	0	0.447139	0.447139	0	0	0	0.447139	0.447139	0	0	0.447139	0.447139	0	0	0	0.447139	0.447139	0	0	0.447139	0.447139	0	0	0.447139	0.447139	0	0	0	0.447139	0.447139	0	0	0.447139	0.447139	0	0	0	0	0	0	0	0	0	0	0	0	0	0	0	0	0	0	0	0	0	0	0	0	0	0	0	0	0	0	0	0	0	0	0	0	0	0	0	0	0.447139	0.447139	0	0	0	0	0	0	0.447139	0.447139	0	0	0.447139	0.447139	0	0	0.447139	0.447139	0	0	0.447139	0.447139	0	0.447139	0.447139	0.447139	0.447139	0	0.447139	0.894224	0.894224	0.447139	0.447139	0.447139	0	0.447139	0.447139	0.447139	0.447139	0.894224	0.894224	0.447139	0.447139	0	0.447139	0.447139	0.447139	0.447139	0.447139	0.447139	0.447139	0.447139	0	0.447139	0.447139	0.447139	0.447139	0	0.447139	0.894224	0.447139	0	0.447139	0.447139	0	0	0.447139	0.447139	0	0.447139	0.447139	0.447139	0.447139	0	0	0.447139	0.447139	0	0	0	0.447139	0.447139	0	0	0	0	0	0	0	0	0	0	0	0	0	0	0	0	0	0	0	0	0	0.447139	0.447139	0	0	0	0	0	0.447139	0.447139	0	0	0.447139	0.447139	0	0	0	0.447139	0.447139	0	0	0	0.447139	0.447139	0	0	0	0	0	0.447139	0.447139	0	0	0	0	0	0	0	0	0	0	0.447139	0.447139	0	0	0	0	0	0	0	0	0	0	0	0.447139	0.447139	0	0
0	0	0	0	0	0	0	0	0	0	0	0.447097	0.447097	0	0	0	0	0	0.447097	0.447097	0	0	0	0.447097	0.447097	0	0	0	0.447097	0.447097	0	0	0.447097	0.447097	0	0	0	0.447097	0.447097	0	0	0.447097	0.447097	0	0	0.447097	0.447097	0	0	0	0.447097	0.447097	0	0	0.447097	0.447097	0	0	0	0	0	0	0	0	0	0	0	0	0	0	0	0	0	0	0	0	0	0	0	0	0	0	0	0	0	0	0	0	0	0	0	0	0	0	0	0	0.447097	0.447097	0	0	0	0	0	0	0.447097	0.447097	0	0	0.447097	0.447097	0	0	0.447097	0.447097	0	0	0.447097	0.447097	0	0.447097	0.447097	0.447097	0.447097	0	0.447097	0.89414	0.89414	0.447097	0.447097	0.447097	0	0.447097	0.447097	0.447097	0.447097	0.89414	0.89414	0.447097	0.447097	0	0.447097	0.447097	0.447097	0.447097	0.447097	0.447097	0.447097	0.447097	0	0.447097	0.447097	0.447097	0.447097	0	0.447097	0.89414	0.447097	0	0.447097	0.447097	0	0	0.447097	0.447097	0	0.447097	0.447097	0.447097	0.447097	0	0	0.447097	0.447097	0	0	0	0.447097	0.447097	0	0	0	0	0	0	0	0	0	0	0	0	0	0	0	0	0	0	0	0	0	0.447097	0.447097	0	0	0	0	0	0.447097	0.447097	0	0	0.447097	0.447097	0	0	0	0.447097	0.447097	0	0	0	0.447097	0.447097	0	0	0	0	0	0.447097	0.447097	0	0	0	0	0	0	0	0	0	0	0.447097	0.447097	0	0	0	0	0	0	0	0	0	0	0	0.447097	0.447097	0	0
0	0	0	0	0	0	0	0	0	0	0	0.447055	0.447055	0	0	0	0	0	0.447055	0.447055	0	0	0	0.447055	0.447055	0	0	0	0.447055	0.447055	0	0	0.447055	0.447055	0	0	0	0.447055	0.447055	0	0	0.447055	0.447055	0	0	0.447055	0.447055	0	0	0	0.447055	0.447055	0	0	0.447055	0.447055	0	0	0	0	0	0	0	0	0	0	0	0	0	0	0	0	0	0	0	0	0	0	0	0	0	0	0	0	0	0	0	0	0	0	0	0	0	0	0	0	0.447055	0.447055	0	0	0	0	0	0	0.447055	0.447055	0	0	0.447055	0.447055	0	0	0.447055	0.447055	0	0	0.447055	0.447055	0	0.447055	0.447055	0.447055	0.447055	0	0.447055	0.894056	0.894056	0.447055	0.447055	0.447055	0	0.447055	0.447055	0.447055	0.447055	0.894056	0.894056	0.447055	0.447055	0	0.447055	0.447055	0.447055	0.447055	0.447055	0.447055	0.447055	0.447055	0	0.447055	0.447055	0.447055	0.447055	0	0.447055	0.894056	0.447055	0	0.447055	0.447055	0	0	0.447055	0.447055	0	0.447055	0.447055	0.447055	0.447055	0	0	0.447055	0.447055	0	0	0	0.447055	0.447055	0	0	0	0	0	0	0	0	0	0	0	0	0	0	0	0	0	0	0	0	0	0.447055	0.447055	0	0	0	0	0	0.447055	0.447055	0	0	0.447055	0.447055	0	0	0	0.447055	0.447055	0	0	0	0.447055	0.447055	0	0	0	0	0	0.447055	0.447055	0	0	0	0	0	0	0	0	0	0	0.447055	0.447055	0	0	0	0	0	0	0	0	0	0	0	0.447055	0.447055	0	0
0	0	0	0	0	0	0	0	0	0	0	0.447014	0.447014	0	0	0	0	0	0.447014	0.447014	0	0	0	0.447014	0.447014	0	0	0	0.447014	0.447014	0	0	0.447014	0.447014	0	0	0	0.447014	0.447014	0	0	0.447014	0.447014	0	0	0.447014	0.447014	0	0	0	0.447014	0.447014	0	0	0.447014	0.447014	0	0	0	0	0	0	0	0	0	0	0	0	0	0	0	0	0	0	0	0	0	0	0	0	0	0	0	0	0	0	0	0	0	0	0	0	0	0	0	0	0.447014	0.447014	0	0	0	0	0	0	0.447014	0.447014	0	0	0.447014	0.447014	0	0	0.447014	0.447014	0	0	0.447014	0.447014	0	0.447014	0.447014	0.447014	0.447014	0	0.447014	0.893973	0.893973	0.447014	0.447014	0.447014	0	0.447014	0.447014	0.447014	0.447014	0.893973	0.893973	0.447014	0.447014	0	0.447014	0.447014	0.447014	0.447014	0.447014	0.447014	0.447014	0.447014	0	0.447014	0.447014	0.447014	0.447014	0	0.447014	0.893973	0.447014	0	0.447014	0.447014	0	0	0.447014	0.447014	0	0.447014	0.447014	0.447014	0.447014	0	0	0.447014	0.447014	0	0	0	0.447014	0.447014	0	0	0	0	0	0	0	0	0	0	0	0	0	0	0	0	0	0	0	0	0	0.447014	0.447014	0	0	0	0	0	0.447014	0.447014	0	0	0.447014	0.447014	0	0	0	0.447014	0.447014	0	0	0	0.447014	0.447014	0	0	0	0	0	0.447014	0.447014	0	0	0	0	0	0	0	0	0	0	0.447014	0.447014	0	0	0	0	0	0	0	0	0	0	0	0.447014	0.447014	0	0
0	0	0	0	0	0	0	0	0	0	0	0.446972	0.446972	0	0	0	0	0	0.446972	0.446972	0	0	0	0.446972	0.446972	0	0	0	0.446972	0.446972	0	0	0.446972	0.446972	0	0	0	0.446972	0.446972	0	0	0.446972	0.446972	0	0	0.446972	0.446972	0	0	0	0.446972	0.446972	0	0	0.446972	0.446972	0	0	0	0	0	0	0	0	0	0	0	0	0	0	0	0	0	0	0	0	0	0	0	0	0	0	0	0	0	0	0	0	0	0	0	0	0	0	0	0	0.446972	0.446972	0	0	0	0	0	0	0.446972	0.446972	0	0	0.446972	0.446972	0	0	0.446972	0.446972	0	0	0.446972	0.446972	0	0.446972	0.446972	0.446972	0.446972	0	0.446972	0.893889	0.893889	0.446972	0.446972	0.446972	0	0.446972	0.446972	0.446972	0.446972	0.893889	0.893889	0.446972	0.446972	0	0.446972	0.446972	0.446972	0.446972	0.446972	0.446972	0.446972	0.446972	0	0.446972	0.446972	0.446972	0.446972	0	0.446972	0.893889	0.446972	0	0.446972	0.446972	0	0	0.446972	0.446972	0	0.446972	0.446972	0.446972	0.446972	0	0	0.446972	0.446972	0	0	0	0.446972	0.446972	0	0	0	0	0	0	0	0	0	0	0	0	0	0	0	0	0	0	0	0	0	0.446972	0.446972	0	0	0	0	0	0.446972	0.446972	0	0	0.446972	0.446972	0	0	0	0.446972	0.446972	0	0	0	0.446972	0.446972	0	0	0	0	0	0.446972	0.446972	0	0	0	0	0	0	0	0	0	0	0.446972	0.446972	0	0	0	0	0	0	0	0	0	0	0	0.446972	0.446972	0	0
0	0	0	0	0	0	0	0	0	0	0	0.44693	0.44693	0	0	0	0	0	0.44693	0.44693	0	0	0	0.44693	0.44693	0	0	0	0.44693	0.44693	0	0	0.44693	0.44693	0	0	0	0.44693	0.44693	0	0	0.44693	0.44693	0	0	0.44693	0.44693	0	0	0	0.44693	0.44693	0	0	0.44693	0.44693	0	0	0	0	0	0	0	0	0	0	0	0	0	0	0	0	0	0	0	0	0	0	0	0	0	0	0	0	0	0	0	0	0	0	0	0	0	0	0	0	0.44693	0.44693	0	0	0	0	0	0	0.44693	0.44693	0	0	0.44693	0.44693	0	0	0.44693	0.44693	0	0	0.44693	0.44693	0	0.44693	0.44693	0.44693	0.44693	0	0.44693	0.893805	0.893805	0.44693	0.44693	0.44693	0	0.44693	0.44693	0.44693	0.44693	0.893805	0.893805	0.44693	0.44693	0	0.44693	0.44693	0.44693	0.44693	0.44693	0.44693	0.44693	0.44693	0	0.44693	0.44693	0.44693	0.44693	0	0.44693	0.893805	0.44693	0	0.44693	0.44693	0	0	0.44693	0.44693	0	0.44693	0.44693	0.44693	0.44693	0	0	0.44693	0.44693	0	0	0	0.44693	0.44693	0	0	0	0	0	0	0	0	0	0	0	0	0	0	0	0	0	0	0	0	0	0.44693	0.44693	0	0	0	0	0	0.44693	0.44693	0	0	0.44693	0.44693	0	0	0	0.44693	0.44693	0	0	0	0.44693	0.44693	0	0	0	0	0	0.44693	0.44693	0	0	0	0	0	0	0	0	0	0	0.44693	0.44693	0	0	0	0	0	0	0	0	0	0	0	0.44693	0.44693	0	0
0	0	0	0	0	0	0	0	0	0	0	0.446888	0.446888	0	0	0	0	0	0.446888	0.446888	0	0	0	0.446888	0.446888	0	0	0	0.446888	0.446888	0	0	0.446888	0.446888	0	0	0	0.446888	0.446888	0	0	0.446888	0.446888	0	0	0.446888	0.446888	0	0	0	0.446888	0.446888	0	0	0.446888	0.446888	0	0	0	0	0	0	0	0	0	0	0	0	0	0	0	0	0	0	0	0	0	0	0	0	0	0	0	0	0	0	0	0	0	0	0	0	0	0	0	0	0.446888	0.446888	0	0	0	0	0	0	0.446888	0.446888	0	0	0.446888	0.446888	0	0	0.446888	0.446888	0	0	0.446888	0.446888	0	0.446888	0.446888	0.446888	0.446888	0	0.446888	0.893722	0.893722	0.446888	0.446888	0.446888	0	0.446888	0.446888	0.446888	0.446888	0.893722	0.893722	0.446888	0.446888	0	0.446888	0.446888	0.446888	0.446888	0.446888	0.446888	0.446888	0.446888	0	0.446888	0.446888	0.446888	0.446888	0	0.446888	0.893722	0.446888	0	0.446888	0.446888	0	0	0.446888	0.446888	0	0.446888	0.446888	0.446888	0.446888	0	0	0.446888	0.446888	0	0	0	0.446888	0.446888	0	0	0	0	0	0	0	0	0	0	0	0	0	0	0	0	0	0	0	0	0	0.446888	0.446888	0	0	0	0	0	0.446888	0.446888	0	0	0.446888	0.446888	0	0	0	0.446888	0.446888	0	0	0	0.446888	0.446888	0	0	0	0	0	0.446888	0.446888	0	0	0	0	0	0	0	0	0	0	0.446888	0.446888	0	0	0	0	0	0	0	0	0	0	0	0.446888	0.446888	0	0
0	0	0	0	0	0	0	0	0	0	0	0.446846	0.446846	0	0	0	0	0	0.446846	0.446846	0	0	0	0.446846	0.446846	0	0	0	0.446846	0.446846	0	0	0.446846	0.446846	0	0	0	0.446846	0.446846	0	0	0.446846	0.446846	0	0	0.446846	0.446846	0	0	0	0.446846	0.446846	0	0	0.446846	0.446846	0	0	0	0	0	0	0	0	0	0	0	0	0	0	0	0	0	0	0	0	0	0	0	0	0	0	0	0	0	0	0	0	0	0	0	0	0	0	0	0	0.446846	0.446846	0	0	0	0	0	0	0.446846	0.446846	0	0	0.446846	0.446846	0	0	0.446846	0.446846	0	0	0.446846	0.446846	0	0.446846	0.446846	0.446846	0.446846	0	0.446846	0.893638	0.893638	0.446846	0.446846	0.446846	0	0.446846	0.446846	0.446846	0.446846	0.893638	0.893638	0.446846	0.446846	0	0.446846	0.446846	0.446846	0.446846	0.446846	0.446846	0.446846	0.446846	0	0.446846	0.446846	0.446846	0.446846	0	0.446846	0.893638	0.446846	0	0.446846	0.446846	0	0	0.446846	0.446846	0	0.446846	0.446846	0.446846	0.446846	0	0	0.446846	0.446846	0	0	0	0.446846	0.446846	0	0	0	0	0	0	0	0	0	0	0	0	0	0	0	0	0	0	0	0	0	0.446846	0.446846	0	0	0	0	0	0.446846	0.446846	0	0	0.446846	0.446846	0	0	0	0.446846	0.446846	0	0	0	0.446846	0.446846	0	0	0	0	0	0.446846	0.446846	0	0	0	0	0	0	0	0	0	0	0.446846	0.446846	0	0	0	0	0	0	0	0	0	0	0	0.446846	0.446846	0	0
0	0	0	0	0	0	0	0	0	0	0	0.446797	0.446797	0	0	0	0	0	0.446797	0.446797	0	0	0	0.446797	0.446797	0	0	0	0.446797	0.446797	0	0	0.446797	0.446797	0	0	0	0.446797	0.446797	0	0	0.446797	0.446797	0	0	0.446797	0.446797	0	0	0	0.446797	0.446797	0	0	0.446797	0.446797	0	0	0	0	0	0	0	0	0	0	0	0	0	0	0	0	0	0	0	0	0	0	0	0	0	0	0	0	0	0	0	0	0	0	0	0	0	0	0	0	0.446797	0.446797	0	0	0	0	0	0	0.446797	0.446797	0	0	0.446797	0.446797	0	0	0.446797	0.446797	0	0	0.446797	0.446797	0	0.446797	0.446797	0.446797	0.446797	0	0.446797	0.89354	0.89354	0.446797	0.446797	0.446797	0	0.446797	0.446797	0.446797	0.446797	0.89354	0.89354	0.446797	0.446797	0	0.446797	0.446797	0.446797	0.446797	0.446797	0.446797	0.446797	0.446797	0	0.446797	0.446797	0.446797	0.446797	0	0.446797	0.89354	0.446797	0	0.446797	0.446797	0	0	0.446797	0.446797	0	0.446797	0.446797	0.446797	0.446797	0	0	0.446797	0.446797	0	0	0	0.446797	0.446797	0	0	0	0	0	0	0	0	0	0	0	0	0	0	0	0	0	0	0	0	0	0.446797	0.446797	0	0	0	0	0	0.446797	0.446797	0	0	0.446797	0.446797	0	0	0	0.446797	0.446797	0	0	0	0.446797	0.446797	0	0	0	0	0	0.446797	0.446797	0	0	0	0	0	0	0	0	0	0	0.446797	0.446797	0	0	0	0	0	0	0	0	0	0	0	0.446797	0.446797	0	0
0	0	0	0	0	0	0	0	0	0	0	0.446756	0.446756	0	0	0	0	0	0.446756	0.446756	0	0	0	0.446756	0.446756	0	0	0	0.446756	0.446756	0	0	0.446756	0.446756	0	0	0	0.446756	0.446756	0	0	0.446756	0.446756	0	0	0.446756	0.446756	0	0	0	0.446756	0.446756	0	0	0.446756	0.446756	0	0	0	0	0	0	0	0	0	0	0	0	0	0	0	0	0	0	0	0	0	0	0	0	0	0	0	0	0	0	0	0	0	0	0	0	0	0	0	0	0.446756	0.446756	0	0	0	0	0	0	0.446756	0.446756	0	0	0.446756	0.446756	0	0	0.446756	0.446756	0	0	0.446756	0.446756	0	0.446756	0.446756	0.446756	0.446756	0	0.446756	0.893457	0.893457	0.446756	0.446756	0.446756	0	0.446756	0.446756	0.446756	0.446756	0.893457	0.893457	0.446756	0.446756	0	0.446756	0.446756	0.446756	0.446756	0.446756	0.446756	0.446756	0.446756	0	0.446756	0.446756	0.446756	0.446756	0	0.446756	0.893457	0.446756	0	0.446756	0.446756	0	0	0.446756	0.446756	0	0.446756	0.446756	0.446756	0.446756	0	0	0.446756	0.446756	0	0	0	0.446756	0.446756	0	0	0	0	0	0	0	0	0	0	0	0	0	0	0	0	0	0	0	0	0	0.446756	0.446756	0	0	0	0	0	0.446756	0.446756	0	0	0.446756	0.446756	0	0	0	0.446756	0.446756	0	0	0	0.446756	0.446756	0	0	0	0	0	0.446756	0.446756	0	0	0	0	0	0	0	0	0	0	0.446756	0.446756	0	0	0	0	0	0	0	0	0	0	0	0.446756	0.446756	0	0
0	0	0	0	0	0	0	0	0	0	0	0.446714	0.446714	0	0	0	0	0	0.446714	0.446714	0	0	0	0.446714	0.446714	0	0	0	0.446714	0.446714	0	0	0.446714	0.446714	0	0	0	0.446714	0.446714	0	0	0.446714	0.446714	0	0	0.446714	0.446714	0	0	0	0.446714	0.446714	0	0	0.446714	0.446714	0	0	0	0	0	0	0	0	0	0	0	0	0	0	0	0	0	0	0	0	0	0	0	0	0	0	0	0	0	0	0	0	0	0	0	0	0	0	0	0	0.446714	0.446714	0	0	0	0	0	0	0.446714	0.446714	0	0	0.446714	0.446714	0	0	0.446714	0.446714	0	0	0.446714	0.446714	0	0.446714	0.446714	0.446714	0.446714	0	0.446714	0.893373	0.893373	0.446714	0.446714	0.446714	0	0.446714	0.446714	0.446714	0.446714	0.893373	0.893373	0.446714	0.446714	0	0.446714	0.446714	0.446714	0.446714	0.446714	0.446714	0.446714	0.446714	0	0.446714	0.446714	0.446714	0.446714	0	0.446714	0.893373	0.446714	0	0.446714	0.446714	0	0	0.446714	0.446714	0	0.446714	0.446714	0.446714	0.446714	0	0	0.446714	0.446714	0	0	0	0.446714	0.446714	0	0	0	0	0	0	0	0	0	0	0	0	0	0	0	0	0	0	0	0	0	0.446714	0.446714	0	0	0	0	0	0.446714	0.446714	0	0	0.446714	0.446714	0	0	0	0.446714	0.446714	0	0	0	0.446714	0.446714	0	0	0	0	0	0.446714	0.446714	0	0	0	0	0	0	0	0	0	0	0.446714	0.446714	0	0	0	0	0	0	0	0	0	0	0	0.446714	0.446714	0	0
0	0	0	0	0	0	0	0	0	0	0	0.446672	0.446672	0	0	0	0	0	0.446672	0.446672	0	0	0	0.446672	0.446672	0	0	0	0.446672	0.446672	0	0	0.446672	0.446672	0	0	0	0.446672	0.446672	0	0	0.446672	0.446672	0	0	0.446672	0.446672	0	0	0	0.446672	0.446672	0	0	0.446672	0.446672	0	0	0	0	0	0	0	0	0	0	0	0	0	0	0	0	0	0	0	0	0	0	0	0	0	0	0	0	0	0	0	0	0	0	0	0	0	0	0	0	0.446672	0.446672	0	0	0	0	0	0	0.446672	0.446672	0	0	0.446672	0.446672	0	0	0.446672	0.446672	0	0	0.446672	0.446672	0	0.446672	0.446672	0.446672	0.446672	0	0.446672	0.89329	0.89329	0.446672	0.446672	0.446672	0	0.446672	0.446672	0.446672	0.446672	0.89329	0.89329	0.446672	0.446672	0	0.446672	0.446672	0.446672	0.446672	0.446672	0.446672	0.446672	0.446672	0	0.446672	0.446672	0.446672	0.446672	0	0.446672	0.89329	0.446672	0	0.446672	0.446672	0	0	0.446672	0.446672	0	0.446672	0.446672	0.446672	0.446672	0	0	0.446672	0.446672	0	0	0	0.446672	0.446672	0	0	0	0	0	0	0	0	0	0	0	0	0	0	0	0	0	0	0	0	0	0.446672	0.446672	0	0	0	0	0	0.446672	0.446672	0	0	0.446672	0.446672	0	0	0	0.446672	0.446672	0	0	0	0.446672	0.446672	0	0	0	0	0	0.446672	0.446672	0	0	0	0	0	0	0	0	0	0	0.446672	0.446672	0	0	0	0	0	0	0	0	0	0	0	0.446672	0.446672	0	0
0	0	0	0	0	0	0	0	0	0	0	0.44663	0.44663	0	0	0	0	0	0.44663	0.44663	0	0	0	0.44663	0.44663	0	0	0	0.44663	0.44663	0	0	0.44663	0.44663	0	0	0	0.44663	0.44663	0	0	0.44663	0.44663	0	0	0.44663	0.44663	0	0	0	0.44663	0.44663	0	0	0.44663	0.44663	0	0	0	0	0	0	0	0	0	0	0	0	0	0	0	0	0	0	0	0	0	0	0	0	0	0	0	0	0	0	0	0	0	0	0	0	0	0	0	0	0.44663	0.44663	0	0	0	0	0	0	0.44663	0.44663	0	0	0.44663	0.44663	0	0	0.44663	0.44663	0	0	0.44663	0.44663	0	0.44663	0.44663	0.44663	0.44663	0	0.44663	0.893206	0.893206	0.44663	0.44663	0.44663	0	0.44663	0.44663	0.44663	0.44663	0.893206	0.893206	0.44663	0.44663	0	0.44663	0.44663	0.44663	0.44663	0.44663	0.44663	0.44663	0.44663	0	0.44663	0.44663	0.44663	0.44663	0	0.44663	0.893206	0.44663	0	0.44663	0.44663	0	0	0.44663	0.44663	0	0.44663	0.44663	0.44663	0.44663	0	0	0.44663	0.44663	0	0	0	0.44663	0.44663	0	0	0	0	0	0	0	0	0	0	0	0	0	0	0	0	0	0	0	0	0	0.44663	0.44663	0	0	0	0	0	0.44663	0.44663	0	0	0.44663	0.44663	0	0	0	0.44663	0.44663	0	0	0	0.44663	0.44663	0	0	0	0	0	0.44663	0.44663	0	0	0	0	0	0	0	0	0	0	0.44663	0.44663	0	0	0	0	0	0	0	0	0	0	0	0.44663	0.44663	0	0
0.893192	1.011	1.23311	1.33965	1.33965	1.33965	1.33965	1.33965	1.33965	1.23311	1.011	1.05915	1.27288	1.33965	1.33965	1.33965	1.23311	1.011	1.05915	1.27288	1.23311	1.011	0.893192	1.05915	1.27288	1.23311	1.011	0.893192	1.05915	1.2024	1.011	0.893192	0.998584	0.998584	0.893192	0.893192	0.789491	0.805106	0.85029	0.789491	0.569326	0.631583	0.631583	0.446623	0.446623	0.631583	0.631583	0.446623	0.353087	0.157902	0.353065	0.473696	0.353087	0.157902	0.353065	0.499306	0.157902	0	0	0.157902	0.353087	0.569326	0.789491	0.893192	0.893192	0.893192	0.789491	0.569326	0.446623	0.446623	0.446623	0.446623	0.446623	0.446623	0.446623	0.446623	0.446623	0.446623	0.446623	0.446623	0.446623	0.446623	0.569326	0.789491	0.893192	0.893192	0.893192	0.893192	0.893192	0.893192	1.011	1.23311	1.33965	1.33965	1.33965	1.33965	1.27288	1.05915	0.893192	1.011	1.23311	1.33965	1.33965	1.33965	1.41208	1.41208	1.33965	1.45553	1.62532	1.48936	1.33965	1.33965	1.41208	1.41208	1.45553	1.67811	1.70753	1.48936	1.33965	1.41208	1.41208	1.41208	1.41208	1.33965	1.41208	1.4555	1.27285	0.998584	0.998584	0.998584	1.011	1.3489	1.41208	1.27288	1.05915	1.26301	1.26301	0.998584	0.998584	1.011	1.2024	1.05915	0.998584	0.998584	0.998584	0.998584	0.998584	0.998584	1.011	1.3489	1.41208	1.27288	1.05915	1.011	1.3489	1.4555	1.05915	1.011	1.3489	1.41208	1.33965	1.33965	1.41208	1.55482	1.67811	1.70753	1.62532	1.62532	1.48936	1.45553	1.67811	1.70753	1.62532	1.67811	1.78595	1.78595	1.70753	1.48936	1.45553	1.67811	1.78595	1.78595	1.78595	1.78595	1.78595	1.78595	1.78595	1.78595	1.78595	1.78595	1.78595	1.78595	1.78595	1.78595	1.78595	1.78595	1.78595	1.78595	1.67811	1.62532	1.70753	1.78595	1.78595	1.78595	1.67811	1.45553	1.48936	1.70753	1.78595	1.78595	1.84087	1.84087	1.78595	1.67811	1.45553	1.48936	1.62532	1.45553	1.33965	1.23311	1.2024	1.27288	1.33965	1.33965	1.23311	1.011	0.893192	1.05915	1.27288	1.23311	1.011	0.893192	0.893192	0.893192	0.893192	0.893192	0.893192	0.893192	0.893192	0.998584	0.998584	0.893192	0.893192	0.893192	0.893192	0.893192	0.893192	0.789491	0.569326	0.446623	0.446623	0.446623	0.473696	0.353065	0	0
0.893109	1.05905	1.27276	1.33953	1.33953	1.33953	1.33953	1.33953	1.33953	1.27276	1.05905	1.01091	1.233	1.33953	1.33953	1.33953	1.27276	1.05905	1.01091	1.233	1.27276	1.05905	0.893109	1.01091	1.233	1.27276	1.05905	0.893109	1.01091	1.20229	1.05905	0.893109	0.99849	0.99849	0.893109	0.893109	0.85021	0.80503	0.789417	0.85021	0.650971	0.631524	0.631524	0.446581	0.446581	0.631524	0.631524	0.446581	0.473652	0.353032	0.157887	0.353054	0.473652	0.353032	0.157887	0.49926	0.353032	0	0	0.353032	0.473652	0.650971	0.85021	0.893109	0.893109	0.893109	0.85021	0.650971	0.446581	0.446581	0.446581	0.446581	0.446581	0.446581	0.446581	0.446581	0.446581	0.446581	0.446581	0.446581	0.446581	0.446581	0.650971	0.85021	0.893109	0.893109	0.893109	0.893109	0.893109	0.893109	1.05905	1.27276	1.33953	1.33953	1.33953	1.33953	1.233	1.01091	0.893109	1.05905	1.27276	1.33953	1.33953	1.33953	1.41195	1.41195	1.33953	1.48922	1.62517	1.45539	1.33953	1.33953	1.41195	1.41195	1.48922	1.70737	1.67795	1.45539	1.33953	1.41195	1.41195	1.41195	1.41195	1.33953	1.41195	1.34878	1.14931	0.99849	0.99849	0.99849	1.05905	1.45536	1.41195	1.233	1.01091	1.2629	1.2629	0.99849	0.99849	1.05905	1.20229	1.01091	0.99849	0.99849	0.99849	0.99849	0.99849	0.99849	1.05905	1.45536	1.41195	1.233	1.01091	1.05905	1.45536	1.34878	1.01091	1.05905	1.45536	1.41195	1.33953	1.33953	1.41195	1.64797	1.70737	1.67795	1.62517	1.62517	1.45539	1.48922	1.70737	1.67795	1.62517	1.70737	1.78578	1.78578	1.67795	1.45539	1.48922	1.70737	1.78578	1.78578	1.78578	1.78578	1.78578	1.78578	1.78578	1.78578	1.78578	1.78578	1.78578	1.78578	1.78578	1.78578	1.78578	1.78578	1.78578	1.78578	1.70737	1.62517	1.67795	1.78578	1.78578	1.78578	1.70737	1.48922	1.45539	1.67795	1.78578	1.78578	1.8407	1.8407	1.78578	1.70737	1.48922	1.45539	1.62517	1.48922	1.33953	1.27276	1.20229	1.233	1.33953	1.33953	1.27276	1.05905	0.893109	1.01091	1.233	1.27276	1.05905	0.893109	0.893109	0.893109	0.893109	0.893109	0.893109	0.893109	0.893109	0.99849	0.99849	0.893109	0.893109	0.893109	0.893109	0.893109	0.893109	0.85021	0.650971	0.446581	0.446581	0.446581	0.353054	0.157887	0	0
0	0.446505	0.446505	0	0	0	0	0	0	0.446505	0.446505	0	0	0	0	0	0.446505	0.446505	0	0	0.446505	0.446505	0	0	0	0.446505	0.446505	0	0	0.446505	0.446505	0	0.446505	0.446505	0	0	0.446505	0.446505	0	0.446505	0.446505	0.446505	0.446505	0	0	0.446505	0.446505	0	0.446505	0.446505	0	0	0.446505	0.446505	0	0.446505	0.446505	0	0	0.446505	0.446505	0.446505	0.446505	0	0	0	0.446505	0.446505	0	0	0	0	0	0	0	0	0	0	0	0	0	0	0.446505	0.446505	0	0	0	0	0	0	0.446505	0.446505	0	0	0	0	0	0	0	0.446505	0.446505	0	0	0	0.446505	0.446505	0	0.446505	0.446505	0	0	0	0.446505	0.446505	0.446505	0.446505	0	0	0	0.446505	0.446505	0.446505	0.446505	0	0.446505	0.446505	0.446505	0.446505	0.446505	0.446505	0.446505	0.892956	0.446505	0	0	0.892956	0.892956	0.446505	0.446505	0.446505	0.446505	0	0.446505	0.446505	0.446505	0.446505	0.446505	0.446505	0.446505	0.892956	0.446505	0	0	0.446505	0.892956	0.446505	0	0.446505	0.892956	0.446505	0	0	0.446505	0.892956	0.446505	0	0.446505	0.446505	0	0.446505	0.446505	0	0.446505	0.446505	0	0	0	0	0.446505	0.446505	0	0	0	0	0	0	0	0	0	0	0	0	0	0	0	0	0	0	0.446505	0.446505	0	0	0	0	0.446505	0.446505	0	0	0	0	0.446505	0.446505	0	0.446505	0.446505	0	0.446505	0.446505	0	0.446505	0.446505	0	0	0	0.446505	0.446505	0	0	0	0.446505	0.446505	0	0	0	0	0	0	0	0	0.446505	0.446505	0	0	0	0	0	0	0.446505	0.446505	0	0	0	0	0	0	0
0	0.446463	0.446463	0	0	0	0	0	0	0.446463	0.446463	0	0	0	0	0	0.446463	0.446463	0	0	0.446463	0.446463	0	0	0	0.446463	0.446463	0	0	0.446463	0.446463	0	0.446463	0.446463	0	0	0.446463	0.446463	0	0.446463	0.446463	0.446463	0.446463	0	0	0.446463	0.446463	0	0.446463	0.446463	0	0	0.446463	0.446463	0	0.446463	0.446463	0	0	0.446463	0.446463	0.446463	0.446463	0	0	0	0.446463	0.446463	0	0	0	0	0	0	0	0	0	0	0	0	0	0	0.446463	0.446463	0	0	0	0	0	0	0.446463	0.446463	0	0	0	0	0	0	0	0.446463	0.446463	0	0	0	0.446463	0.446463	0	0.446463	0.446463	0	0	0	0.446463	0.446463	0.446463	0.446463	0	0	0	0.446463	0.446463	0.446463	0.446463	0	0.446463	0.446463	0.446463	0.446463	0.446463	0.446463	0.446463	0.892872	0.446463	0	0	0.892872	0.892872	0.446463	0.446463	0.446463	0.446463	0	0.446463	0.446463	0.446463	0.446463	0.446463	0.446463	0.446463	0.892872	0.446463	0	0	0.446463	0.892872	0.446463	0	0.446463	0.892872	0.446463	0	0	0.446463	0.892872	0.446463	0	0.446463	0.446463	0	0.446463	0.446463	0	0.446463	0.446463	0	0	0	0	0.446463	0.446463	0	0	0	0	0	0	0	0	0	0	0	0	0	0	0	0	0	0	0.446463	0.446463	0	0	0	0	0.446463	0.446463	0	0	0	0	0.446463	0.446463	0	0.446463	0.446463	0	0.446463	0.446463	0	0.446463	0.446463	0	0	0	0.446463	0.446463	0	0	0	0.446463	0.446463	0	0	0	0	0	0	0	0	0.446463	0.446463	0	0	0	0	0	0	0.446463	0.446463	0	0	0	0	0	0	0
0	0.446414	0.446414	0	0	0	0	0	0	0.446414	0.446414	0	0	0	0	0	0.446414	0.446414	0	0	0.446414	0.446414	0	0	0	0.446414	0.446414	0	0	0.446414	0.446414	0	0.446414	0.446414	0	0	0.446414	0.446414	0	0.446414	0.446414	0.446414	0.446414	0	0	0.446414	0.446414	0	0.446414	0.446414	0	0	0.446414	0.446414	0	0.446414	0.446414	0	0	0.446414	0.446414	0.446414	0.446414	0	0	0	0.446414	0.446414	0	0	0	0	0	0	0	0	0	0	0	0	0	0	0.446414	0.446414	0	0	0	0	0	0	0.446414	0.446414	0	0	0	0	0	0	0	0.446414	0.446414	0	0	0	0.446414	0.446414	0	0.446414	0.446414	0	0	0	0.446414	0.446414	0.446414	0.446414	0	0	0	0.446414	0.446414	0.446414	0.446414	0	0.446414	0.446414	0.446414	0.446414	0.446414	0.446414	0.446414	0.892775	0.446414	0	0	0.892775	0.892775	0.446414	0.446414	0.446414	0.446414	0	0.446414	0.446414	0.446414	0.446414	0.446414	0.446414	0.446414	0.892775	0.446414	0	0	0.446414	0.892775	0.446414	0	0.446414	0.892775	0.446414	0	0	0.446414	0.892775	0.446414	0	0.446414	0.446414	0	0.446414	0.446414	0	0.446414	0.446414	0	0	0	0	0.446414	0.446414	0	0	0	0	0	0	0	0	0	0	0	0	0	0	0	0	0	0	0.446414	0.446414	0	0	0	0	0.446414	0.446414	0	0	0	0	0.446414	0.446414	0	0.446414	0.446414	0	0.446414	0.446414	0	0.446414	0.446414	0	0	0	0.446414	0.446414	0	0	0	0.446414	0.446414	0	0	0	0	0	0	0	0	0.446414	0.446414	0	0	0	0	0	0	0.446414	0.446414	0	0	0	0	0	0	0
0	0.446373	0.446373	0	0	0	0	0	0	0.446373	0.446373	0	0	0	0	0	0.446373	0.446373	0	0	0.446373	0.446373	0	0	0	0.446373	0.446373	0	0	0.446373	0.446373	0	0.446373	0.446373	0	0	0.446373	0.446373	0	0.446373	0.446373	0.446373	0.446373	0	0	0.446373	0.446373	0	0.446373	0.446373	0	0	0.446373	0.446373	0	0.446373	0.446373	0	0	0.446373	0.446373	0.446373	0.446373	0	0	0	0.446373	0.446373	0	0	0	0	0	0	0	0	0	0	0	0	0	0	0.446373	0.446373	0	0	0	0	0	0	0.446373	0.446373	0	0	0	0	0	0	0	0.446373	0.446373	0	0	0	0.446373	0.446373	0	0.446373	0.446373	0	0	0	0.446373	0.446373	0.446373	0.446373	0	0	0	0.446373	0.446373	0.446373	0.446373	0	0.446373	0.446373	0.446373	0.446373	0.446373	0.446373	0.446373	0.892691	0.446373	0	0	0.892691	0.892691	0.446373	0.446373	0.446373	0.446373	0	0.446373	0.446373	0.446373	0.446373	0.446373	0.446373	0.446373	0.892691	0.446373	0	0	0.446373	0.892691	0.446373	0	0.446373	0.892691	0.446373	0	0	0.446373	0.892691	0.446373	0	0.446373	0.446373	0	0.446373	0.446373	0	0.446373	0.446373	0	0	0	0	0.446373	0.446373	0	0	0	0	0	0	0	0	0	0	0	0	0	0	0	0	0	0	0.446373	0.446373	0	0	0	0	0.446373	0.446373	0	0	0	0	0.446373	0.446373	0	0.446373	0.446373	0	0.446373	0.446373	0	0.446373	0.446373	0	0	0	0.446373	0.446373	0	0	0	0.446373	0.446373	0	0	0	0	0	0	0	0	0.446373	0.446373	0	0	0	0	0	0	0.446373	0.446373	0	0	0	0	0	0	0
0	0.446331	0.446331	0	0	0	0	0	0	0.446331	0.446331	0	0	0	0	0	0.446331	0.446331	0	0	0.446331	0.446331	0	0	0	0.446331	0.446331	0	0	0.446331	0.446331	0	0.446331	0.446331	0	0	0.446331	0.446331	0	0.446331	0.446331	0.446331	0.446331	0	0	0.446331	0.446331	0	0.446331	0.446331	0	0	0.446331	0.446331	0	0.446331	0.446331	0	0	0.446331	0.446331	0.446331	0.446331	0	0	0	0.446331	0.446331	0	0	0	0	0	0	0	0	0	0	0	0	0	0	0.446331	0.446331	0	0	0	0	0	0	0.446331	0.446331	0	0	0	0	0	0	0	0.446331	0.446331	0	0	0	0.446331	0.446331	0	0.446331	0.446331	0	0	0	0.446331	0.446331	0.446331	0.446331	0	0	0	0.446331	0.446331	0.446331	0.446331	0	0.446331	0.446331	0.446331	0.446331	0.446331	0.446331	0.446331	0.892608	0.446331	0	0	0.892608	0.892608	0.446331	0.446331	0.446331	0.446331	0	0.446331	0.446331	0.446331	0.446331	0.446331	0.446331	0.446331	0.892608	0.446331	0	0	0.446331	0.892608	0.446331	0	0.446331	0.892608	0.446331	0	0	0.446331	0.892608	0.446331	0	0.446331	0.446331	0	0.446331	0.446331	0	0.446331	0.446331	0	0	0	0	0.446331	0.446331	0	0	0	0	0	0	0	0	0	0	0	0	0	0	0	0	0	0	0.446331	0.446331	0	0	0	0	0.446331	0.446331	0	0	0	0	0.446331	0.446331	0	0.446331	0.446331	0	0.446331	0.446331	0	0.446331	0.446331	0	0	0	0.446331	0.446331	0	0	0	0.446331	0.446331	0	0	0	0	0	0	0	0	0.446331	0.446331	0	0	0	0	0	0	0.446331	0.446331	0	0	0	0	0	0	0
0	0.446289	0.446289	0	0	0	0	0	0	0.446289	0.446289	0	0	0	0	0	0.446289	0.446289	0	0	0.446289	0.446289	0	0	0	0.446289	0.446289	0	0	0.446289	0.446289	0	0.446289	0.446289	0	0	0.446289	0.446289	0	0.446289	0.446289	0.446289	0.446289	0	0	0.446289	0.446289	0	0.446289	0.446289	0	0	0.446289	0.446289	0	0.446289	0.446289	0	0	0.446289	0.446289	0.446289	0.446289	0	0	0	0.446289	0.446289	0	0	0	0	0	0	0	0	0	0	0	0	0	0	0.446289	0.446289	0	0	0	0	0	0	0.446289	0.446289	0	0	0	0	0	0	0	0.446289	0.446289	0	0	0	0.446289	0.446289	0	0.446289	0.446289	0	0	0	0.446289	0.446289	0.446289	0.446289	0	0	0	0.446289	0.446289	0.446289	0.446289	0	0.446289	0.446289	0.446289	0.446289	0.446289	0.446289	0.446289	0.892524	0.446289	0	0	0.892524	0.892524	0.446289	0.446289	0.446289	0.446289	0	0.446289	0.446289	0.446289	0.446289	0.446289	0.446289	0.446289	0.892524	0.446289	0	0	0.446289	0.892524	0.446289	0	0.446289	0.892524	0.446289	0	0	0.446289	0.892524	0.446289	0	0.446289	0.446289	0	0.446289	0.446289	0	0.446289	0.446289	0	0	0	0	0.446289	0.446289	0	0	0	0	0	0	0	0	0	0	0	0	0	0	0	0	0	0	0.446289	0.446289	0	0	0	0	0.446289	0.446289	0	0	0	0	0.446289	0.446289	0	0.446289	0.446289	0	0.446289	0.446289	0	0.446289	0.446289	0	0	0	0.446289	0.446289	0	0	0	0.446289	0.446289	0	0	0	0	0	0	0	0	0.446289	0.446289	0	0	0	0	0	0	0.446289	0.446289	0	0	0	0	0	0	0
0	0.446248	0.446248	0	0	0	0	0	0	0.446248	0.446248	0	0	0	0	0	0.446248	0.446248	0	0	0.446248	0.446248	0	0	0	0.446248	0.446248	0	0	0.446248	0.446248	0	0.446248	0.446248	0	0	0.446248	0.446248	0	0.446248	0.446248	0.446248	0.446248	0	0	0.446248	0.446248	0	0.446248	0.446248	0	0	0.446248	0.446248	0	0.446248	0.446248	0	0	0.446248	0.446248	0.446248	0.446248	0	0	0	0.446248	0.446248	0	0	0	0	0	0	0	0	0	0	0	0	0	0	0.446248	0.446248	0	0	0	0	0	0	0.446248	0.446248	0	0	0	0	0	0	0	0.446248	0.446248	0	0	0	0.446248	0.446248	0	0.446248	0.446248	0	0	0	0.446248	0.446248	0.446248	0.446248	0	0	0	0.446248	0.446248	0.446248	0.446248	0	0.446248	0.446248	0.446248	0.446248	0.446248	0.446248	0.446248	0.892441	0.446248	0	0	0.892441	0.892441	0.446248	0.446248	0.446248	0.446248	0	0.446248	0.446248	0.446248	0.446248	0.446248	0.446248	0.446248	0.892441	0.446248	0	0	0.446248	0.892441	0.446248	0	0.446248	0.892441	0.446248	0	0	0.446248	0.892441	0.446248	0	0.446248	0.446248	0	0.446248	0.446248	0	0.446248	0.446248	0	0	0	0	0.446248	0.446248	0	0	0	0	0	0	0	0	0	0	0	0	0	0	0	0	0	0	0.446248	0.446248	0	0	0	0	0.446248	0.446248	0	0	0	0	0.446248	0.446248	0	0.446248	0.446248	0	0.446248	0.446248	0	0.446248	0.446248	0	0	0	0.446248	0.446248	0	0	0	0.446248	0.446248	0	0	0	0	0	0	0	0	0.446248	0.446248	0	0	0	0	0	0	0.446248	0.446248	0	0	0	0	0	0	0
0	0.446206	0.446206	0	0	0	0	0	0	0.446206	0.446206	0	0	0	0	0	0.446206	0.446206	0	0	0.446206	0.446206	0	0	0	0.446206	0.446206	0	0	0.446206	0.446206	0	0.446206	0.446206	0	0	0.446206	0.446206	0	0.446206	0.446206	0.446206	0.446206	0	0	0.446206	0.446206	0	0.446206	0.446206	0	0	0.446206	0.446206	0	0.446206	0.446206	0	0	0.446206	0.446206	0.446206	0.446206	0	0	0	0.446206	0.446206	0	0	0	0	0	0	0	0	0	0	0	0	0	0	0.446206	0.446206	0	0	0	0	0	0	0.446206	0.446206	0	0	0	0	0	0	0	0.446206	0.446206	0	0	0	0.446206	0.446206	0	0.446206	0.446206	0	0	0	0.446206	0.446206	0.446206	0.446206	0	0	0	0.446206	0.446206	0.446206	0.446206	0	0.446206	0.446206	0.446206	0.446206	0.446206	0.446206	0.446206	0.892358	0.446206	0	0	0.892358	0.892358	0.446206	0.446206	0.446206	0.446206	0	0.446206	0.446206	0.446206	0.446206	0.446206	0.446206	0.446206	0.892358	0.446206	0	0	0.446206	0.892358	0.446206	0	0.446206	0.892358	0.446206	0	0	0.446206	0.892358	0.446206	0	0.446206	0.446206	0	0.446206	0.446206	0	0.446206	0.446206	0	0	0	0	0.446206	0.446206	0	0	0	0	0	0	0	0	0	0	0	0	0	0	0	0	0	0	0.446206	0.446206	0	0	0	0	0.446206	0.446206	0	0	0	0	0.446206	0.446206	0	0.446206	0.446206	0	0.446206	0.446206	0	0.446206	0.446206	0	0	0	0.446206	0.446206	0	0	0	0.446206	0.446206	0	0	0	0	0	0	0	0	0.446206	0.446206	0	0	0	0	0	0	0.446206	0.446206	0	0	0	0	0	0	0
1.33836	1.27165	1.05813	0.89233	0.89233	0.89233	0.89233	0.89233	0.89233	1.05813	1.27165	1.33836	1.33836	1.23192	1.01003	0.89233	1.05813	1.27165	1.23192	1.01003	1.05813	1.27165	1.33836	1.23192	1.01003	1.05813	1.27165	1.33836	1.23192	1.20125	1.27165	1.23192	1.20125	1.27165	1.23192	1.01003	1.05813	1.20125	1.01003	1.05813	1.20125	1.20125	1.27165	1.23192	1.01003	1.05813	1.20125	1.01003	1.05813	1.27165	1.23192	1.01003	0.997623	0.997623	0.89233	0.997623	0.997623	0.788729	0.568777	0.650405	0.849471	0.997623	0.997623	0.89233	0.89233	0.89233	0.849471	0.650405	0.352746	0.157751	0	0	0	0.157751	0.352746	0.446192	0.446192	0.568777	0.788729	0.89233	0.89233	1.01003	1.20125	1.05813	0.89233	0.89233	1.01003	1.23192	1.33836	1.33836	1.27165	1.05813	1.01003	1.23192	1.33836	1.33836	1.33836	1.33836	1.33836	1.27165	1.05813	1.01003	1.23192	1.33836	1.27165	1.20125	1.23192	1.27165	1.05813	0.89233	1.01003	1.23192	1.27165	1.20125	1.20125	1.05813	0.89233	1.01003	1.23192	1.27165	1.05813	0.997623	0.997623	0.89233	0.997623	0.997623	0.997623	0.997623	0.997623	0.997623	0.849471	0.959462	0.630978	0.568777	0.788729	1.2618	1.2618	0.849471	0.650405	0.630978	0.788705	0.788729	0.849471	0.650405	0.788705	0.959482	0.997623	0.997623	0.849471	0.959462	0.630978	0.568777	0.788729	0.997623	1.2618	0.997623	0.89233	0.997623	1.2618	0.997623	1.01003	1.23192	1.41072	1.4541	1.05813	1.01003	1.3476	1.41072	1.33836	1.41072	1.41072	1.33836	1.27165	1.05813	1.01003	1.23192	1.33836	1.33836	1.27165	1.05813	1.01003	1.23192	1.33836	1.33836	1.33836	1.33836	1.33836	1.33836	1.33836	1.33836	1.33836	1.33836	1.33836	1.33836	1.33836	1.33836	1.33836	1.33836	1.48793	1.62375	1.45412	1.33836	1.33836	1.33836	1.41072	1.41072	1.33836	1.33836	1.23192	1.01003	1.05813	1.20125	1.01003	1.05813	1.27165	1.23192	1.20125	1.27165	1.23192	1.20125	1.20125	1.01003	0.89233	0.89233	1.05813	1.20125	1.01003	0.89233	0.89233	0.997623	0.997623	0.89233	0.89233	0.89233	0.788729	0.568777	0.446192	0.446192	0.446192	0.630978	0.630978	0.446192	0.446192	0.446192	0.446192	0.352746	0.157751	0.352729	0.473242	0.446192	0.446192	0.446192	0.446192	0.446192	0.446192	0.446192
1.33823	1.23181	1.00993	0.892247	0.892247	0.892247	0.892247	0.892247	0.892247	1.00993	1.23181	1.33823	1.33823	1.27154	1.05803	0.892247	1.00993	1.23181	1.27154	1.05803	1.00993	1.23181	1.33823	1.27154	1.05803	1.00993	1.23181	1.33823	1.27154	1.20113	1.23181	1.27154	1.20113	1.23181	1.27154	1.05803	1.00993	1.20113	1.05803	1.00993	1.20113	1.20113	1.23181	1.27154	1.05803	1.00993	1.20113	1.05803	1.00993	1.23181	1.27154	1.05803	0.997529	0.997529	0.892247	0.997529	0.997529	0.849392	0.650345	0.568724	0.788655	0.997529	0.997529	0.892247	0.892247	0.892247	0.788655	0.568724	0.473198	0.352696	0	0	0	0.352696	0.473198	0.44615	0.44615	0.650345	0.849392	0.892247	0.892247	1.05803	1.20113	1.00993	0.892247	0.892247	1.05803	1.27154	1.33823	1.33823	1.23181	1.00993	1.05803	1.27154	1.33823	1.33823	1.33823	1.33823	1.33823	1.23181	1.00993	1.05803	1.27154	1.33823	1.23181	1.20113	1.27154	1.23181	1.00993	0.892247	1.05803	1.27154	1.23181	1.20113	1.20113	1.00993	0.892247	1.05803	1.27154	1.23181	1.00993	0.997529	0.997529	0.892247	0.997529	0.997529	0.997529	0.997529	0.997529	0.997529	0.788655	0.788631	0.630919	0.650345	0.849392	1.26169	1.26169	0.788655	0.568724	0.630919	0.959373	0.849392	0.788655	0.568724	0.959373	1.10402	0.997529	0.997529	0.788655	0.788631	0.630919	0.650345	0.849392	0.997529	1.26169	0.997529	0.892247	0.997529	1.26169	0.997529	1.05803	1.27154	1.41059	1.34748	1.00993	1.05803	1.45396	1.41059	1.33823	1.41059	1.41059	1.33823	1.23181	1.00993	1.05803	1.27154	1.33823	1.33823	1.23181	1.00993	1.05803	1.27154	1.33823	1.33823	1.33823	1.33823	1.33823	1.33823	1.33823	1.33823	1.33823	1.33823	1.33823	1.33823	1.33823	1.33823	1.33823	1.33823	1.45399	1.6236	1.48779	1.33823	1.33823	1.33823	1.41059	1.41059	1.33823	1.33823	1.27154	1.05803	1.00993	1.20113	1.05803	1.00993	1.23181	1.27154	1.20113	1.23181	1.27154	1.20113	1.20113	1.05803	0.892247	0.892247	1.00993	1.20113	1.05803	0.892247	0.892247	0.997529	0.997529	0.892247	0.892247	0.892247	0.849392	0.650345	0.44615	0.44615	0.44615	0.630919	0.630919	0.44615	0.44615	0.44615	0.44615	0.473198	0.352696	0.157736	0.352713	0.44615	0.44615	0.44615	0.44615	0.44615	0.44615	0.44615
0	0	0	0	0	0	0	0	0	0	0	0	0	0.446074	0.446074	0	0	0	0.446074	0.446074	0	0	0	0.446074	0.446074	0	0	0	0.446074	0.446074	0	0.446074	0.446074	0	0.446074	0.446074	0	0.446074	0.446074	0	0.446074	0.446074	0	0.446074	0.446074	0	0.446074	0.446074	0	0	0.446074	0.446074	0.446074	0.446074	0	0.446074	0.446074	0.446074	0.446074	0	0	0.446074	0.446074	0	0	0	0	0	0.446074	0.446074	0	0	0	0.446074	0.446074	0	0	0.446074	0.446074	0	0	0.446074	0.446074	0	0	0	0.446074	0.446074	0	0	0	0	0.446074	0.446074	0	0	0	0	0	0	0	0.446074	0.446074	0	0	0.446074	0.446074	0	0	0	0.446074	0.446074	0	0.446074	0.446074	0	0	0.446074	0.446074	0	0	0.446074	0.446074	0	0.446074	0.446074	0.446074	0.446074	0.446074	0.446074	0	0.446074	0.446074	0.446074	0.446074	0.892094	0.892094	0	0	0.446074	0.892094	0.446074	0	0	0.892094	0.892094	0.446074	0.446074	0	0.446074	0.446074	0.446074	0.446074	0.446074	0.892094	0.446074	0	0.446074	0.892094	0.446074	0.446074	0.446074	0.446074	0.446074	0	0.446074	0.892094	0.446074	0	0.446074	0.446074	0	0	0	0.446074	0.446074	0	0	0	0	0.446074	0.446074	0	0	0	0	0	0	0	0	0	0	0	0	0	0	0	0	0	0.446074	0.446074	0	0	0	0.446074	0.446074	0	0	0.446074	0.446074	0	0.446074	0.446074	0	0	0.446074	0.446074	0	0.446074	0.446074	0.446074	0.446074	0	0	0	0.446074	0.446074	0	0	0.446074	0.446074	0	0	0	0.446074	0.446074	0	0	0	0.446074	0.446074	0	0	0	0	0.446074	0.446074	0	0	0	0	0	0	0	0	0
0	0	0	0	0	0	0	0	0	0	0	0	0	0.446032	0.446032	0	0	0	0.446032	0.446032	0	0	0	0.446032	0.446032	0	0	0	0.446032	0.446032	0	0.446032	0.446032	0	0.446032	0.446032	0	0.446032	0.446032	0	0.446032	0.446032	0	0.446032	0.446032	0	0.446032	0.446032	0	0	0.446032	0.446032	0.446032	0.446032	0	0.446032	0.446032	0.446032	0.446032	0	0	0.446032	0.446032	0	0	0	0	0	0.446032	0.446032	0	0	0	0.446032	0.446032	0	0	0.446032	0.446032	0	0	0.446032	0.446032	0	0	0	0.446032	0.446032	0	0	0	0	0.446032	0.446032	0	0	0	0	0	0	0	0.446032	0.446032	0	0	0.446032	0.446032	0	0	0	0.446032	0.446032	0	0.446032	0.446032	0	0	0.446032	0.446032	0	0	0.446032	0.446032	0	0.446032	0.446032	0.446032	0.446032	0.446032	0.446032	0	0.446032	0.446032	0.446032	0.446032	0.89201	0.89201	0	0	0.446032	0.89201	0.446032	0	0	0.89201	0.89201	0.446032	0.446032	0	0.446032	0.446032	0.446032	0.446032	0.446032	0.89201	0.446032	0	0.446032	0.89201	0.446032	0.446032	0.446032	0.446032	0.446032	0	0.446032	0.89201	0.446032	0	0.446032	0.446032	0	0	0	0.446032	0.446032	0	0	0	0	0.446032	0.446032	0	0	0	0	0	0	0	0	0	0	0	0	0	0	0	0	0	0.446032	0.446032	0	0	0	0.446032	0.446032	0	0	0.446032	0.446032	0	0.446032	0.446032	0	0	0.446032	0.446032	0	0.446032	0.446032	0.446032	0.446032	0	0	0	0.446032	0.446032	0	0	0.446032	0.446032	0	0	0	0.446032	0.446032	0	0	0	0.446032	0.446032	0	0	0	0	0.446032	0.446032	0	0	0	0	0	0	0	0	0
0	0	0	0	0	0	0	0	0	0	0	0	0	0.445991	0.445991	0	0	0	0.445991	0.445991	0	0	0	0.445991	0.445991	0	0	0	0.445991	0.445991	0	0.445991	0.445991	0	0.445991	0.445991	0	0.445991	0.445991	0	0.445991	0.445991	0	0.445991	0.445991	0	0.445991	0.445991	0	0	0.445991	0.445991	0.445991	0.445991	0	0.445991	0.445991	0.445991	0.445991	0	0	0.445991	0.445991	0	0	0	0	0	0.445991	0.445991	0	0	0	0.445991	0.445991	0	0	0.445991	0.445991	0	0	0.445991	0.445991	0	0	0	0.445991	0.445991	0	0	0	0	0.445991	0.445991	0	0	0	0	0	0	0	0.445991	0.445991	0	0	0.445991	0.445991	0	0	0	0.445991	0.445991	0	0.445991	0.445991	0	0	0.445991	0.445991	0	0	0.445991	0.445991	0	0.445991	0.445991	0.445991	0.445991	0.445991	0.445991	0	0.445991	0.445991	0.445991	0.445991	0.891927	0.891927	0	0	0.445991	0.891927	0.445991	0	0	0.891927	0.891927	0.445991	0.445991	0	0.445991	0.445991	0.445991	0.445991	0.445991	0.891927	0.445991	0	0.445991	0.891927	0.445991	0.445991	0.445991	0.445991	0.445991	0	0.445991	0.891927	0.445991	0	0.445991	0.445991	0	0	0	0.445991	0.445991	0	0	0	0	0.445991	0.445991	0	0	0	0	0	0	0	0	0	0	0	0	0	0	0	0	0	0.445991	0.445991	0	0	0	0.445991	0.445991	0	0	0.445991	0.445991	0	0.445991	0.445991	0	0	0.445991	0.445991	0	0.445991	0.445991	0.445991	0.445991	0	0	0	0.445991	0.445991	0	0	0.445991	0.445991	0	0	0	0.445991	0.445991	0	0	0	0.445991	0.445991	0	0	0	0	0.445991	0.445991	0	0	0	0	0	0	0	0	0
0	0	0	0	0	0	0	0	0	0	0	0	0	0.445949	0.445949	0	0	0	0.445949	0.445949	0	0	0	0.445949	0.445949	0	0	0	0.445949	0.445949	0	0.445949	0.445949	0	0.445949	0.445949	0	0.445949	0.445949	0	0.445949	0.445949	0	0.445949	0.445949	0	0.445949	0.445949	0	0	0.445949	0.445949	0.445949	0.445949	0	0.445949	0.445949	0.445949	0.445949	0	0	0.445949	0.445949	0	0	0	0	0	0.445949	0.445949	0	0	0	0.445949	0.445949	0	0	0.445949	0.445949	0	0	0.445949	0.445949	0	0	0	0.445949	0.445949	0	0	0	0	0.445949	0.445949	0	0	0	0	0	0	0	0.445949	0.445949	0	0	0.445949	0.445949	0	0	0	0.445949	0.445949	0	0.445949	0.445949	0	0	0.445949	0.445949	0	0	0.445949	0.445949	0	0.445949	0.445949	0.445949	0.445949	0.445949	0.445949	0	0.445949	0.445949	0.445949	0.445949	0.891844	0.891844	0	0	0.445949	0.891844	0.445949	0	0	0.891844	0.891844	0.445949	0.445949	0	0.445949	0.445949	0.445949	0.445949	0.445949	0.891844	0.445949	0	0.445949	0.891844	0.445949	0.445949	0.445949	0.445949	0.445949	0	0.445949	0.891844	0.445949	0	0.445949	0.445949	0	0	0	0.445949	0.445949	0	0	0	0	0.445949	0.445949	0	0	0	0	0	0	0	0	0	0	0	0	0	0	0	0	0	0.445949	0.445949	0	0	0	0.445949	0.445949	0	0	0.445949	0.445949	0	0.445949	0.445949	0	0	0.445949	0.445949	0	0.445949	0.445949	0.445949	0.445949	0	0	0	0.445949	0.445949	0	0	0.445949	0.445949	0	0	0	0.445949	0.445949	0	0	0	0.445949	0.445949	0	0	0	0	0.445949	0.445949	0	0	0	0	0	0	0	0	0
0	0	0	0	0	0	0	0	0	0	0	0	0	0.445907	0.445907	0	0	0	0.445907	0.445907	0	0	0	0.445907	0.445907	0	0	0	0.445907	0.445907	0	0.445907	0.445907	0	0.445907	0.445907	0	0.445907	0.445907	0	0.445907	0.445907	0	0.445907	0.445907	0	0.445907	0.445907	0	0	0.445907	0.445907	0.445907	0.445907	0	0.445907	0.445907	0.445907	0.445907	0	0	0.445907	0.445907	0	0	0	0	0	0.445907	0.445907	0	0	0	0.445907	0.445907	0	0	0.445907	0.445907	0	0	0.445907	0.445907	0	0	0	0.445907	0.445907	0	0	0	0	0.445907	0.445907	0	0	0	0	0	0	0	0.445907	0.445907	0	0	0.445907	0.445907	0	0	0	0.445907	0.445907	0	0.445907	0.445907	0	0	0.445907	0.445907	0	0	0.445907	0.445907	0	0.445907	0.445907	0.445907	0.445907	0.445907	0.445907	0	0.445907	0.445907	0.445907	0.445907	0.89176	0.89176	0	0	0.445907	0.89176	0.445907	0	0	0.89176	0.89176	0.445907	0.445907	0	0.445907	0.445907	0.445907	0.445907	0.445907	0.89176	0.445907	0	0.445907	0.89176	0.445907	0.445907	0.445907	0.445907	0.445907	0	0.445907	0.89176	0.445907	0	0.445907	0.445907	0	0	0	0.445907	0.445907	0	0	0	0	0.445907	0.445907	0	0	0	0	0	0	0	0	0	0	0	0	0	0	0	0	0	0.445907	0.445907	0	0	0	0.445907	0.445907	0	0	0.445907	0.445907	0	0.445907	0.445907	0	0	0.445907	0.445907	0	0.445907	0.445907	0.445907	0.445907	0	0	0	0.445907	0.445907	0	0	0.445907	0.445907	0	0	0	0.445907	0.445907	0	0	0	0.445907	0.445907	0	0	0	0	0.445907	0.445907	0	0	0	0	0	0	0	0	0
0	0	0	0	0	0	0	0	0	0	0	0	0	0.445866	0.445866	0	0	0	0.445866	0.445866	0	0	0	0.445866	0.445866	0	0	0	0.445866	0.445866	0	0.445866	0.445866	0	0.445866	0.445866	0	0.445866	0.445866	0	0.445866	0.445866	0	0.445866	0.445866	0	0.445866	0.445866	0	0	0.445866	0.445866	0.445866	0.445866	0	0.445866	0.445866	0.445866	0.445866	0	0	0.445866	0.445866	0	0	0	0	0	0.445866	0.445866	0	0	0	0.445866	0.445866	0	0	0.445866	0.445866	0	0	0.445866	0.445866	0	0	0	0.445866	0.445866	0	0	0	0	0.445866	0.445866	0	0	0	0	0	0	0	0.445866	0.445866	0	0	0.445866	0.445866	0	0	0	0.445866	0.445866	0	0.445866	0.445866	0	0	0.445866	0.445866	0	0	0.445866	0.445866	0	0.445866	0.445866	0.445866	0.445866	0.445866	0.445866	0	0.445866	0.445866	0.445866	0.445866	0.891677	0.891677	0	0	0.445866	0.891677	0.445866	0	0	0.891677	0.891677	0.445866	0.445866	0	0.445866	0.445866	0.445866	0.445866	0.445866	0.891677	0.445866	0	0.445866	0.891677	0.445866	0.445866	0.445866	0.445866	0.445866	0	0.445866	0.891677	0.445866	0	0.445866	0.445866	0	0	0	0.445866	0.445866	0	0	0	0	0.445866	0.445866	0	0	0	0	0	0	0	0	0	0	0	0	0	0	0	0	0	0.445866	0.445866	0	0	0	0.445866	0.445866	0	0	0.445866	0.445866	0	0.445866	0.445866	0	0	0.445866	0.445866	0	0.445866	0.445866	0.445866	0.445866	0	0	0	0.445866	0.445866	0	0	0.445866	0.445866	0	0	0	0.445866	0.445866	0	0	0	0.445866	0.445866	0	0	0	0	0.445866	0.445866	0	0	0	0	0	0	0	0	0
0	0	0	0	0	0	0	0	0	0	0	0	0	0.445824	0.445824	0	0	0	0.445824	0.445824	0	0	0	0.445824	0.445824	0	0	0	0.445824	0.445824	0	0.445824	0.445824	0	0.445824	0.445824	0	0.445824	0.445824	0	0.445824	0.445824	0	0.445824	0.445824	0	0.445824	0.445824	0	0	0.445824	0.445824	0.445824	0.445824	0	0.445824	0.445824	0.445824	0.445824	0	0	0.445824	0.445824	0	0	0	0	0	0.445824	0.445824	0	0	0	0.445824	0.445824	0	0	0.445824	0.445824	0	0	0.445824	0.445824	0	0	0	0.445824	0.445824	0	0	0	0	0.445824	0.445824	0	0	0	0	0	0	0	0.445824	0.445824	0	0	0.445824	0.445824	0	0	0	0.445824	0.445824	0	0.445824	0.445824	0	0	0.445824	0.445824	0	0	0.445824	0.445824	0	0.445824	0.445824	0.445824	0.445824	0.445824	0.445824	0	0.445824	0.445824	0.445824	0.445824	0.891594	0.891594	0	0	0.445824	0.891594	0.445824	0	0	0.891594	0.891594	0.445824	0.445824	0	0.445824	0.445824	0.445824	0.445824	0.445824	0.891594	0.445824	0	0.445824	0.891594	0.445824	0.445824	0.445824	0.445824	0.445824	0	0.445824	0.891594	0.445824	0	0.445824	0.445824	0	0	0	0.445824	0.445824	0	0	0	0	0.445824	0.445824	0	0	0	0	0	0	0	0	0	0	0	0	0	0	0	0	0	0.445824	0.445824	0	0	0	0.445824	0.445824	0	0	0.445824	0.445824	0	0.445824	0.445824	0	0	0.445824	0.445824	0	0.445824	0.445824	0.445824	0.445824	0	0	0	0.445824	0.445824	0	0	0.445824	0.445824	0	0	0	0.445824	0.445824	0	0	0	0.445824	0.445824	0	0	0	0	0.445824	0.445824	0	0	0	0	0	0	0	0	0
0	0	0	0	0	0	0	0	0	0	0	0	0	0.445782	0.445782	0	0	0	0.445782	0.445782	0	0	0	0.445782	0.445782	0	0	0	0.445782	0.445782	0	0.445782	0.445782	0	0.445782	0.445782	0	0.445782	0.445782	0	0.445782	0.445782	0	0.445782	0.445782	0	0.445782	0.445782	0	0	0.445782	0.445782	0.445782	0.445782	0	0.445782	0.445782	0.445782	0.445782	0	0	0.445782	0.445782	0	0	0	0	0	0.445782	0.445782	0	0	0	0.445782	0.445782	0	0	0.445782	0.445782	0	0	0.445782	0.445782	0	0	0	0.445782	0.445782	0	0	0	0	0.445782	0.445782	0	0	0	0	0	0	0	0.445782	0.445782	0	0	0.445782	0.445782	0	0	0	0.445782	0.445782	0	0.445782	0.445782	0	0	0.445782	0.445782	0	0	0.445782	0.445782	0	0.445782	0.445782	0.445782	0.445782	0.445782	0.445782	0	0.445782	0.445782	0.445782	0.445782	0.891511	0.891511	0	0	0.445782	0.891511	0.445782	0	0	0.891511	0.891511	0.445782	0.445782	0	0.445782	0.445782	0.445782	0.445782	0.445782	0.891511	0.445782	0	0.445782	0.891511	0.445782	0.445782	0.445782	0.445782	0.445782	0	0.445782	0.891511	0.445782	0	0.445782	0.445782	0	0	0	0.445782	0.445782	0	0	0	0	0.445782	0.445782	0	0	0	0	0	0	0	0	0	0	0	0	0	0	0	0	0	0.445782	0.445782	0	0	0	0.445782	0.445782	0	0	0.445782	0.445782	0	0.445782	0.445782	0	0	0.445782	0.445782	0	0.445782	0.445782	0.445782	0.445782	0	0	0	0.445782	0.445782	0	0	0.445782	0.445782	0	0	0	0.445782	0.445782	0	0	0	0.445782	0.445782	0	0	0	0	0.445782	0.445782	0	0	0	0	0	0	0	0	0
0	0	0	0	0	0	0	0	0	0	0	0	0	0.445734	0.445734	0	0	0	0.445734	0.445734	0	0	0	0.445734	0.445734	0	0	0	0.445734	0.445734	0	0.445734	0.445734	0	0.445734	0.445734	0	0.445734	0.445734	0	0.445734	0.445734	0	0.445734	0.445734	0	0.445734	0.445734	0	0	0.445734	0.445734	0.445734	0.445734	0	0.445734	0.445734	0.445734	0.445734	0	0	0.445734	0.445734	0	0	0	0	0	0.445734	0.445734	0	0	0	0.445734	0.445734	0	0	0.445734	0.445734	0	0	0.445734	0.445734	0	0	0	0.445734	0.445734	0	0	0	0	0.445734	0.445734	0	0	0	0	0	0	0	0.445734	0.445734	0	0	0.445734	0.445734	0	0	0	0.445734	0.445734	0	0.445734	0.445734	0	0	0.445734	0.445734	0	0	0.445734	0.445734	0	0.445734	0.445734	0.445734	0.445734	0.445734	0.445734	0	0.445734	0.445734	0.445734	0.445734	0.891414	0.891414	0	0	0.445734	0.891414	0.445734	0	0	0.891414	0.891414	0.445734	0.445734	0	0.445734	0.445734	0.445734	0.445734	0.445734	0.891414	0.445734	0	0.445734	0.891414	0.445734	0.445734	0.445734	0.445734	0.445734	0	0.445734	0.891414	0.445734	0	0.445734	0.445734	0	0	0	0.445734	0.445734	0	0	0	0	0.445734	0.445734	0	0	0	0	0	0	0	0	0	0	0	0	0	0	0	0	0	0.445734	0.445734	0	0	0	0.445734	0.445734	0	0	0.445734	0.445734	0	0.445734	0.445734	0	0	0.445734	0.445734	0	0.445734	0.445734	0.445734	0.445734	0	0	0	0.445734	0.445734	0	0	0.445734	0.445734	0	0	0	0.445734	0.445734	0	0	0	0.445734	0.445734	0	0	0	0	0.445734	0.445734	0	0	0	0	0	0	0	0	0
0	0	0	0	0	0	0	0	0	0	0	0	0	0.445692	0.445692	0	0	0	0.445692	0.445692	0	0	0	0.445692	0.445692	0	0	0	0.445692	0.445692	0	0.445692	0.445692	0	0.445692	0.445692	0	0.445692	0.445692	0	0.445692	0.445692	0	0.445692	0.445692	0	0.445692	0.445692	0	0	0.445692	0.445692	0.445692	0.445692	0	0.445692	0.445692	0.445692	0.445692	0	0	0.445692	0.445692	0	0	0	0	0	0.445692	0.445692	0	0	0	0.445692	0.445692	0	0	0.445692	0.445692	0	0	0.445692	0.445692	0	0	0	0.445692	0.445692	0	0	0	0	0.445692	0.445692	0	0	0	0	0	0	0	0.445692	0.445692	0	0	0.445692	0.445692	0	0	0	0.445692	0.445692	0	0.445692	0.445692	0	0	0.445692	0.445692	0	0	0.445692	0.445692	0	0.445692	0.445692	0.445692	0.445692	0.445692	0.445692	0	0.445692	0.445692	0.445692	0.445692	0.89133	0.89133	0	0	0.445692	0.89133	0.445692	0	0	0.89133	0.89133	0.445692	0.445692	0	0.445692	0.445692	0.445692	0.445692	0.445692	0.89133	0.445692	0	0.445692	0.89133	0.445692	0.445692	0.445692	0.445692	0.445692	0	0.445692	0.89133	0.445692	0	0.445692	0.445692	0	0	0	0.445692	0.445692	0	0	0	0	0.445692	0.445692	0	0	0	0	0	0	0	0	0	0	0	0	0	0	0	0	0	0.445692	0.445692	0	0	0	0.445692	0.445692	0	0	0.445692	0.445692	0	0.445692	0.445692	0	0	0.445692	0.445692	0	0.445692	0.445692	0.445692	0.445692	0	0	0	0.445692	0.445692	0	0	0.445692	0.445692	0	0	0	0.445692	0.445692	0	0	0	0.445692	0.445692	0	0	0	0	0.445692	0.445692	0	0	0	0	0	0	0	0	0
0.891317	1.00888	1.23052	1.33684	1.33684	1.33684	1.33684	1.33684	1.33684	1.33684	1.33684	1.23052	1.00888	1.05693	1.27021	1.33684	1.33684	1.33684	1.40911	1.40911	1.33684	1.33684	1.33684	1.48624	1.70395	1.67459	1.45247	1.33684	1.48624	1.62191	1.45247	1.48624	1.70395	1.7822	1.83701	1.83701	1.67459	1.62191	1.70395	1.67459	1.62191	1.62191	1.45247	1.40911	1.40911	1.33684	1.40911	1.40911	1.23052	1.00888	0.996487	0.996487	0.996487	0.996487	0.891317	0.996487	0.996487	1.05693	1.27021	1.23052	0.918739	0.803415	0.848504	0.787833	0.498281	0.15757	0	0	0.445651	0.56809	0.352345	0.445685	0.568131	0.803415	0.649664	0.445685	0.445685	0.630257	0.630257	0.445685	0.568131	0.803415	0.649664	0.445685	0.445685	0.445685	0.630257	0.630257	0.445685	0.445685	0.445685	0.445685	0.472701	0.352323	0	0.15757	0.352345	0.445685	0.445685	0.445685	0.445685	0.630257	0.630257	0.445685	0.445685	0.630257	0.630257	0.445685	0.445685	0.445685	0.630257	0.630257	0.445685	0.472701	0.498258	0.352345	0.445685	0.630257	0.630257	0.445685	0.445685	0.472701	0.498258	0.352345	0.472701	0.498258	0.498258	0.352323	0.445651	0.445651	0.15757	0.498258	0.352323	0.445651	0.445651	0.787774	0.848459	0.352345	0.15757	0.445651	0.891247	0.445651	0.15757	0.352345	0.848459	0.787774	0.445651	0.445651	0.15757	0.64964	0.630257	0.630257	0.630257	0.630257	0.99644	0.787803	0.787833	0.848504	0.958363	0.630257	0.630257	0.630257	0.630257	0.787803	0.787833	0.848504	0.958363	0.630257	0.445685	0.630257	0.630257	0.568131	0.787833	0.891317	0.996487	0.996487	1.00888	1.23052	1.33684	1.33684	1.27021	1.05693	0.891317	0.891317	0.891317	0.891317	1.00888	1.23052	1.33684	1.33684	1.33684	1.33684	1.33684	1.33684	1.33684	1.23052	1.00888	0.891317	0.891317	1.05693	1.27021	1.33684	1.23052	1.00888	1.05693	1.27021	1.33684	1.23052	1.19988	1.27021	1.23052	1.19988	1.27021	1.23052	1.00888	1.05693	1.19988	1.00888	1.05693	1.19988	1.19988	1.27021	1.23052	1.00888	0.787833	0.803415	0.848504	0.787833	0.568131	0.630257	0.630257	0.445685	0.445685	0.352345	0.498258	0.472701	0.445685	0.445685	0.352345	0.498258	0.472701	0.445685	0.445685	0.352345	0.15757	0.352323	0.472701	0.445685	0.445685	0.445685	0.352345	0.15757	0	0	0	0
0.891233	1.05683	1.27009	1.33672	1.33672	1.33672	1.33672	1.33672	1.33672	1.33672	1.33672	1.27009	1.05683	1.00878	1.23041	1.33672	1.33672	1.33672	1.40898	1.40898	1.33672	1.33672	1.33672	1.45234	1.67443	1.70379	1.4861	1.33672	1.45234	1.62176	1.4861	1.45234	1.67443	1.78204	1.83684	1.83684	1.70379	1.62176	1.67443	1.70379	1.62176	1.62176	1.4861	1.40898	1.40898	1.33672	1.40898	1.40898	1.27009	1.05683	0.996394	0.996394	0.996394	0.996394	0.891233	0.996394	0.996394	1.00878	1.23041	1.27009	1.11396	0.80334	0.787759	0.848425	0.803316	0.35229	0	0	0.445609	0.7877	0.472657	0.445644	0.649604	0.80334	0.568078	0.445644	0.445644	0.630198	0.630198	0.445644	0.649604	0.80334	0.568078	0.445644	0.445644	0.445644	0.630198	0.630198	0.445644	0.445644	0.445644	0.445644	0.352312	0.157555	0	0.35229	0.472657	0.445644	0.445644	0.445644	0.445644	0.630198	0.630198	0.445644	0.445644	0.630198	0.630198	0.445644	0.445644	0.445644	0.630198	0.630198	0.445644	0.352312	0.498211	0.472657	0.445644	0.630198	0.630198	0.445644	0.445644	0.352312	0.498211	0.472657	0.352312	0.498211	0.498211	0.157555	0.445609	0.445609	0.35229	0.498211	0.157555	0.445609	0.445609	0.568037	0.64958	0.472657	0.35229	0.445609	0.891164	0.445609	0.35229	0.472657	0.64958	0.568037	0.445609	0.445609	0.35229	0.84838	0.630198	0.630198	0.630198	0.630198	0.996347	0.958274	0.848425	0.787759	0.78773	0.630198	0.630198	0.630198	0.630198	0.958274	0.848425	0.787759	0.78773	0.630198	0.445644	0.630198	0.630198	0.649604	0.848425	0.891233	0.996394	0.996394	1.05683	1.27009	1.33672	1.33672	1.23041	1.00878	0.891233	0.891233	0.891233	0.891233	1.05683	1.27009	1.33672	1.33672	1.33672	1.33672	1.33672	1.33672	1.33672	1.27009	1.05683	0.891233	0.891233	1.00878	1.23041	1.33672	1.27009	1.05683	1.00878	1.23041	1.33672	1.27009	1.19977	1.23041	1.27009	1.19977	1.23041	1.27009	1.05683	1.00878	1.19977	1.05683	1.00878	1.19977	1.19977	1.23041	1.27009	1.05683	0.848425	0.80334	0.787759	0.848425	0.649604	0.630198	0.630198	0.445644	0.445644	0.472657	0.498211	0.352312	0.445644	0.445644	0.472657	0.498211	0.352312	0.445644	0.445644	0.472657	0.35229	0.157555	0.352312	0.445644	0.445644	0.445644	0.472657	0.35229	0	0	0	0
0	0.445567	0.445567	0	0	0	0	0	0	0	0	0.445567	0.445567	0	0	0	0	0	0.445567	0.445567	0	0	0	0	0	0.445567	0.445567	0	0	0.445567	0.445567	0	0	0	0.445567	0.445567	0.445567	0.445567	0	0.445567	0.445567	0.445567	0.445567	0.445567	0.445567	0	0.445567	0.445567	0.445567	0.445567	0.445567	0.445567	0.445567	0.445567	0	0.445567	0.445567	0	0	0.445567	0.891081	0.445567	0	0.445567	0.891081	0.445567	0	0	0.445567	0.891081	0.445567	0	0.445567	0.445567	0	0	0	0.445567	0.445567	0	0.445567	0.445567	0	0	0	0	0.445567	0.445567	0	0	0	0	0	0	0	0.445567	0.445567	0	0	0	0	0.445567	0.445567	0	0	0.445567	0.445567	0	0	0	0.445567	0.445567	0	0	0.445567	0.445567	0	0.445567	0.445567	0	0	0	0.445567	0.445567	0	0.445567	0.445567	0	0.445567	0.445567	0.445567	0.445567	0	0.445567	0.445567	0.445567	0.445567	0.445567	0.445567	0.445567	0.891081	0.445567	0.445567	0.445567	0.445567	0.445567	0.445567	0.445567	0.445567	0.891081	0.445567	0.445567	0.445567	0.445567	0.891081	0.891081	0.445567	0	0.445567	0.445567	0.445567	0.445567	0.445567	0.891081	0.445567	0	0.445567	0.445567	0	0.445567	0.445567	0.445567	0.445567	0	0.445567	0.445567	0.445567	0.445567	0	0	0	0	0	0	0	0	0.445567	0.445567	0	0	0	0	0	0	0	0.445567	0.445567	0	0	0	0	0	0.445567	0.445567	0	0	0	0.445567	0.445567	0	0.445567	0.445567	0	0.445567	0.445567	0	0.445567	0.445567	0	0.445567	0.445567	0	0.445567	0.445567	0.445567	0.445567	0	0.445567	0.445567	0.445567	0.445567	0	0	0.445567	0.445567	0	0	0	0.445567	0.445567	0	0	0	0.445567	0.445567	0	0	0	0	0	0.445567	0.445567	0	0	0	0
0	0.445526	0.445526	0	0	0	0	0	0	0	0	0.445526	0.445526	0	0	0	0	0	0.445526	0.445526	0	0	0	0	0	0.445526	0.445526	0	0	0.445526	0.445526	0	0	0	0.445526	0.445526	0.445526	0.445526	0	0.445526	0.445526	0.445526	0.445526	0.445526	0.445526	0	0.445526	0.445526	0.445526	0.445526	0.445526	0.445526	0.445526	0.445526	0	0.445526	0.445526	0	0	0.445526	0.890998	0.445526	0	0.445526	0.890998	0.445526	0	0	0.445526	0.890998	0.445526	0	0.445526	0.445526	0	0	0	0.445526	0.445526	0	0.445526	0.445526	0	0	0	0	0.445526	0.445526	0	0	0	0	0	0	0	0.445526	0.445526	0	0	0	0	0.445526	0.445526	0	0	0.445526	0.445526	0	0	0	0.445526	0.445526	0	0	0.445526	0.445526	0	0.445526	0.445526	0	0	0	0.445526	0.445526	0	0.445526	0.445526	0	0.445526	0.445526	0.445526	0.445526	0	0.445526	0.445526	0.445526	0.445526	0.445526	0.445526	0.445526	0.890998	0.445526	0.445526	0.445526	0.445526	0.445526	0.445526	0.445526	0.445526	0.890998	0.445526	0.445526	0.445526	0.445526	0.890998	0.890998	0.445526	0	0.445526	0.445526	0.445526	0.445526	0.445526	0.890998	0.445526	0	0.445526	0.445526	0	0.445526	0.445526	0.445526	0.445526	0	0.445526	0.445526	0.445526	0.445526	0	0	0	0	0	0	0	0	0.445526	0.445526	0	0	0	0	0	0	0	0.445526	0.445526	0	0	0	0	0	0.445526	0.445526	0	0	0	0.445526	0.445526	0	0.445526	0.445526	0	0.445526	0.445526	0	0.445526	0.445526	0	0.445526	0.445526	0	0.445526	0.445526	0.445526	0.445526	0	0.445526	0.445526	0.445526	0.445526	0	0	0.445526	0.445526	0	0	0	0.445526	0.445526	0	0	0	0.445526	0.445526	0	0	0	0	0	0.445526	0.445526	0	0	0	0
0	0.445484	0.445484	0	0	0	0	0	0	0	0	0.445484	0.445484	0	0	0	0	0	0.445484	0.445484	0	0	0	0	0	0.445484	0.445484	0	0	0.445484	0.445484	0	0	0	0.445484	0.445484	0.445484	0.445484	0	0.445484	0.445484	0.445484	0.445484	0.445484	0.445484	0	0.445484	0.445484	0.445484	0.445484	0.445484	0.445484	0.445484	0.445484	0	0.445484	0.445484	0	0	0.445484	0.890915	0.445484	0	0.445484	0.890915	0.445484	0	0	0.445484	0.890915	0.445484	0	0.445484	0.445484	0	0	0	0.445484	0.445484	0	0.445484	0.445484	0	0	0	0	0.445484	0.445484	0	0	0	0	0	0	0	0.445484	0.445484	0	0	0	0	0.445484	0.445484	0	0	0.445484	0.445484	0	0	0	0.445484	0.445484	0	0	0.445484	0.445484	0	0.445484	0.445484	0	0	0	0.445484	0.445484	0	0.445484	0.445484	0	0.445484	0.445484	0.445484	0.445484	0	0.445484	0.445484	0.445484	0.445484	0.445484	0.445484	0.445484	0.890915	0.445484	0.445484	0.445484	0.445484	0.445484	0.445484	0.445484	0.445484	0.890915	0.445484	0.445484	0.445484	0.445484	0.890915	0.890915	0.445484	0	0.445484	0.445484	0.445484	0.445484	0.445484	0.890915	0.445484	0	0.445484	0.445484	0	0.445484	0.445484	0.445484	0.445484	0	0.445484	0.445484	0.445484	0.445484	0	0	0	0	0	0	0	0	0.445484	0.445484	0	0	0	0	0	0	0	0.445484	0.445484	0	0	0	0	0	0.445484	0.445484	0	0	0	0.445484	0.445484	0	0.445484	0.445484	0	0.445484	0.445484	0	0.445484	0.445484	0	0.445484	0.445484	0	0.445484	0.445484	0.445484	0.445484	0	0.445484	0.445484	0.445484	0.445484	0	0	0.445484	0.445484	0	0	0	0.445484	0.445484	0	0	0	0.445484	0.445484	0	0	0	0	0	0.445484	0.445484	0	0	0	0
0	0.445443	0.445443	0	0	0	0	0	0	0	0	0.445443	0.445443	0	0	0	0	0	0.445443	0.445443	0	0	0	0	0	0.445443	0.445443	0	0	0.445443	0.445443	0	0	0	0.445443	0.445443	0.445443	0.445443	0	0.445443	0.445443	0.445443	0.445443	0.445443	0.445443	0	0.445443	0.445443	0.445443	0.445443	0.445443	0.445443	0.445443	0.445443	0	0.445443	0.445443	0	0	0.445443	0.890832	0.445443	0	0.445443	0.890832	0.445443	0	0	0.445443	0.890832	0.445443	0	0.445443	0.445443	0	0	0	0.445443	0.445443	0	0.445443	0.445443	0	0	0	0	0.445443	0.445443	0	0	0	0	0	0	0	0.445443	0.445443	0	0	0	0	0.445443	0.445443	0	0	0.445443	0.445443	0	0	0	0.445443	0.445443	0	0	0.445443	0.445443	0	0.445443	0.445443	0	0	0	0.445443	0.445443	0	0.445443	0.445443	0	0.445443	0.445443	0.445443	0.445443	0	0.445443	0.445443	0.445443	0.445443	0.445443	0.445443	0.445443	0.890832	0.445443	0.445443	0.445443	0.445443	0.445443	0.445443	0.445443	0.445443	0.890832	0.445443	0.445443	0.445443	0.445443	0.890832	0.890832	0.445443	0	0.445443	0.445443	0.445443	0.445443	0.445443	0.890832	0.445443	0	0.445443	0.445443	0	0.445443	0.445443	0.445443	0.445443	0	0.445443	0.445443	0.445443	0.445443	0	0	0	0	0	0	0	0	0.445443	0.445443	0	0	0	0	0	0	0	0.445443	0.445443	0	0	0	0	0	0.445443	0.445443	0	0	0	0.445443	0.445443	0	0.445443	0.445443	0	0.445443	0.445443	0	0.445443	0.445443	0	0.445443	0.445443	0	0.445443	0.445443	0.445443	0.445443	0	0.445443	0.445443	0.445443	0.445443	0	0	0.445443	0.445443	0	0	0	0.445443	0.445443	0	0	0	0.445443	0.445443	0	0	0	0	0	0.445443	0.445443	0	0	0	0
0	0.445394	0.445394	0	0	0	0	0	0	0	0	0.445394	0.445394	0	0	0	0	0	0.445394	0.445394	0	0	0	0	0	0.445394	0.445394	0	0	0.445394	0.445394	0	0	0	0.445394	0.445394	0.445394	0.445394	0	0.445394	0.445394	0.445394	0.445394	0.445394	0.445394	0	0.445394	0.445394	0.445394	0.445394	0.445394	0.445394	0.445394	0.445394	0	0.445394	0.445394	0	0	0.445394	0.890735	0.445394	0	0.445394	0.890735	0.445394	0	0	0.445394	0.890735	0.445394	0	0.445394	0.445394	0	0	0	0.445394	0.445394	0	0.445394	0.445394	0	0	0	0	0.445394	0.445394	0	0	0	0	0	0	0	0.445394	0.445394	0	0	0	0	0.445394	0.445394	0	0	0.445394	0.445394	0	0	0	0.445394	0.445394	0	0	0.445394	0.445394	0	0.445394	0.445394	0	0	0	0.445394	0.445394	0	0.445394	0.445394	0	0.445394	0.445394	0.445394	0.445394	0	0.445394	0.445394	0.445394	0.445394	0.445394	0.445394	0.445394	0.890735	0.445394	0.445394	0.445394	0.445394	0.445394	0.445394	0.445394	0.445394	0.890735	0.445394	0.445394	0.445394	0.445394	0.890735	0.890735	0.445394	0	0.445394	0.445394	0.445394	0.445394	0.445394	0.890735	0.445394	0	0.445394	0.445394	0	0.445394	0.445394	0.445394	0.445394	0	0.445394	0.445394	0.445394	0.445394	0	0	0	0	0	0	0	0	0.445394	0.445394	0	0	0	0	0	0	0	0.445394	0.445394	0	0	0	0	0	0.445394	0.445394	0	0	0	0.445394	0.445394	0	0.445394	0.445394	0	0.445394	0.445394	0	0.445394	0.445394	0	0.445394	0.445394	0	0.445394	0.445394	0.445394	0.445394	0	0.445394	0.445394	0.445394	0.445394	0	0	0.445394	0.445394	0	0	0	0.445394	0.445394	0	0	0	0.445394	0.445394	0	0	0	0	0	0.445394	0.445394	0	0	0	0
0	0.445353	0.445353	0	0	0	0	0	0	0	0	0.445353	0.445353	0	0	0	0	0	0.445353	0.445353	0	0	0	0	0	0.445353	0.445353	0	0	0.445353	0.445353	0	0	0	0.445353	0.445353	0.445353	0.445353	0	0.445353	0.445353	0.445353	0.445353	0.445353	0.445353	0	0.445353	0.445353	0.445353	0.445353	0.445353	0.445353	0.445353	0.445353	0	0.445353	0.445353	0	0	0.445353	0.890652	0.445353	0	0.445353	0.890652	0.445353	0	0	0.445353	0.890652	0.445353	0	0.445353	0.445353	0	0	0	0.445353	0.445353	0	0.445353	0.445353	0	0	0	0	0.445353	0.445353	0	0	0	0	0	0	0	0.445353	0.445353	0	0	0	0	0.445353	0.445353	0	0	0.445353	0.445353	0	0	0	0.445353	0.445353	0	0	0.445353	0.445353	0	0.445353	0.445353	0	0	0	0.445353	0.445353	0	0.445353	0.445353	0	0.445353	0.445353	0.445353	0.445353	0	0.445353	0.445353	0.445353	0.445353	0.445353	0.445353	0.445353	0.890652	0.445353	0.445353	0.445353	0.445353	0.445353	0.445353	0.445353	0.445353	0.890652	0.445353	0.445353	0.445353	0.445353	0.890652	0.890652	0.445353	0	0.445353	0.445353	0.445353	0.445353	0.445353	0.890652	0.445353	0	0.445353	0.445353	0	0.445353	0.445353	0.445353	0.445353	0	0.445353	0.445353	0.445353	0.445353	0	0	0	0	0	0	0	0	0.445353	0.445353	0	0	0	0	0	0	0	0.445353	0.445353	0	0	0	0	0	0.445353	0.445353	0	0	0	0.445353	0.445353	0	0.445353	0.445353	0	0.445353	0.445353	0	0.445353	0.445353	0	0.445353	0.445353	0	0.445353	0.445353	0.445353	0.445353	0	0.445353	0.445353	0.445353	0.445353	0	0	0.445353	0.445353	0	0	0	0.445353	0.445353	0	0	0	0.445353	0.445353	0	0	0	0	0	0.445353	0.445353	0	0	0	0
0	0.445311	0.445311	0	0	0	0	0	0	0	0	0.445311	0.445311	0	0	0	0	0	0.445311	0.445311	0	0	0	0	0	0.445311	0.445311	0	0	0.445311	0.445311	0	0	0	0.445311	0.445311	0.445311	0.445311	0	0.445311	0.445311	0.445311	0.445311	0.445311	0.445311	0	0.445311	0.445311	0.445311	0.445311	0.445311	0.445311	0.445311	0.445311	0	0.445311	0.445311	0	0	0.445311	0.890569	0.445311	0	0.445311	0.890569	0.445311	0	0	0.445311	0.890569	0.445311	0	0.445311	0.445311	0	0	0	0.445311	0.445311	0	0.445311	0.445311	0	0	0	0	0.445311	0.445311	0	0	0	0	0	0	0	0.445311	0.445311	0	0	0	0	0.445311	0.445311	0	0	0.445311	0.445311	0	0	0	0.445311	0.445311	0	0	0.445311	0.445311	0	0.445311	0.445311	0	0	0	0.445311	0.445311	0	0.445311	0.445311	0	0.445311	0.445311	0.445311	0.445311	0	0.445311	0.445311	0.445311	0.445311	0.445311	0.445311	0.445311	0.890569	0.445311	0.445311	0.445311	0.445311	0.445311	0.445311	0.445311	0.445311	0.890569	0.445311	0.445311	0.445311	0.445311	0.890569	0.890569	0.445311	0	0.445311	0.445311	0.445311	0.445311	0.445311	0.890569	0.445311	0	0.445311	0.445311	0	0.445311	0.445311	0.445311	0.445311	0	0.445311	0.445311	0.445311	0.445311	0	0	0	0	0	0	0	0	0.445311	0.445311	0	0	0	0	0	0	0	0.445311	0.445311	0	0	0	0	0	0.445311	0.445311	0	0	0	0.445311	0.445311	0	0.445311	0.445311	0	0.445311	0.445311	0	0.445311	0.445311	0	0.445311	0.445311	0	0.445311	0.445311	0.445311	0.445311	0	0.445311	0.445311	0.445311	0.445311	0	0	0.445311	0.445311	0	0	0	0.445311	0.445311	0	0	0	0.445311	0.445311	0	0	0	0	0	0.445311	0.445311	0	0	0	0
0	0.44527	0.44527	0	0	0	0	0	0	0	0	0.44527	0.44527	0	0	0	0	0	0.44527	0.44527	0	0	0	0	0	0.44527	0.44527	0	0	0.44527	0.44527	0	0	0	0.44527	0.44527	0.44527	0.44527	0	0.44527	0.44527	0.44527	0.44527	0.44527	0.44527	0	0.44527	0.44527	0.44527	0.44527	0.44527	0.44527	0.44527	0.44527	0	0.44527	0.44527	0	0	0.44527	0.890486	0.44527	0	0.44527	0.890486	0.44527	0	0	0.44527	0.890486	0.44527	0	0.44527	0.44527	0	0	0	0.44527	0.44527	0	0.44527	0.44527	0	0	0	0	0.44527	0.44527	0	0	0	0	0	0	0	0.44527	0.44527	0	0	0	0	0.44527	0.44527	0	0	0.44527	0.44527	0	0	0	0.44527	0.44527	0	0	0.44527	0.44527	0	0.44527	0.44527	0	0	0	0.44527	0.44527	0	0.44527	0.44527	0	0.44527	0.44527	0.44527	0.44527	0	0.44527	0.44527	0.44527	0.44527	0.44527	0.44527	0.44527	0.890486	0.44527	0.44527	0.44527	0.44527	0.44527	0.44527	0.44527	0.44527	0.890486	0.44527	0.44527	0.44527	0.44527	0.890486	0.890486	0.44527	0	0.44527	0.44527	0.44527	0.44527	0.44527	0.890486	0.44527	0	0.44527	0.44527	0	0.44527	0.44527	0.44527	0.44527	0	0.44527	0.44527	0.44527	0.44527	0	0	0	0	0	0	0	0	0.44527	0.44527	0	0	0	0	0	0	0	0.44527	0.44527	0	0	0	0	0	0.44527	0.44527	0	0	0	0.44527	0.44527	0	0.44527	0.44527	0	0.44527	0.44527	0	0.44527	0.44527	0	0.44527	0.44527	0	0.44527	0.44527	0.44527	0.44527	0	0.44527	0.44527	0.44527	0.44527	0	0	0.44527	0.44527	0	0	0	0.44527	0.44527	0	0	0	0.44527	0.44527	0	0	0	0	0	0.44527	0.44527	0	0	0	0
1.33557	1.26901	1.05593	0.890472	0.890472	0.890472	0.890472	0.890472	0.890472	0.890472	0.890472	1.05593	1.26901	1.33557	1.33557	1.33557	1.33557	1.33557	1.40778	1.40778	1.33557	1.33557	1.33557	1.33557	1.33557	1.40778	1.40778	1.33557	1.33557	1.40778	1.40778	1.33557	1.22936	1.00792	1.05593	1.26901	1.40778	1.40778	1.33557	1.40778	1.40778	1.40778	1.40778	1.40778	1.40778	1.33557	1.40778	1.40778	1.40778	1.40778	1.40778	1.40778	1.40778	1.40778	1.22936	1.14591	0.995542	0.787086	0.567592	0.629659	0.957455	0.802653	0.567592	0.629659	0.995496	0.629659	0.352011	0.157421	0.351989	0.847655	0.629659	0.445263	0.629659	0.629659	0.445263	0.352011	0.157421	0.351989	0.497785	0.157421	0.351989	0.497785	0.157421	0	0	0	0.351989	0.472253	0.445263	0.445263	0.352011	0.157421	0	0	0	0.351989	0.472253	0.445263	0.352011	0.157421	0	0.351989	0.472253	0.352011	0.157421	0.351989	0.472253	0.445263	0.352011	0.157421	0.351989	0.472253	0.352011	0.157421	0.351989	0.472253	0.352011	0.497785	0.472253	0.445263	0.445263	0.352011	0.497785	0.472253	0.445263	0.629659	0.629659	0.445263	0.629659	0.629659	0.649048	0.802653	0.567592	0.629659	0.629659	0.629659	0.629659	0.629659	0.629659	0.629659	0.957455	0.8477	0.995542	0.995542	0.957479	0.787056	0.629659	0.629659	0.629659	0.995496	0.629659	0.629659	0.629659	0.629659	0.995496	0.995496	0.629659	0.352011	0.567551	0.445228	0.445228	0.445228	0.445228	0.890402	0.445228	0.157421	0.497785	0.497785	0.352011	0.629659	0.629659	0.629659	0.787056	0.787086	0.8477	0.802653	0.802653	0.649048	0.567592	0.787086	0.890472	0.890472	0.890472	0.890472	1.00792	1.22936	1.26901	1.05593	0.890472	0.890472	0.890472	0.890472	0.890472	0.890472	0.890472	1.05593	1.26901	1.33557	1.22936	1.00792	0.890472	0.890472	0.995542	0.995542	0.890472	0.890472	0.890472	0.995542	0.995542	0.890472	1.05593	1.19874	1.00792	0.995542	0.995542	0.890472	0.995542	0.995542	0.890472	0.995542	0.957479	0.567592	0.649048	0.8477	0.995542	0.995542	0.890472	0.995542	0.995542	0.995542	0.995542	0.890472	0.890472	0.995542	0.995542	0.890472	0.787086	0.567592	0.649048	0.802653	0.567592	0.445263	0.445263	0.629659	0.629659	0.445263	0.445263	0.445263	0.352011	0.157421	0.351989	0.472253	0.445263	0.445263	0.445263	0.445263
1.33545	1.22924	1.00783	0.890389	0.890389	0.890389	0.890389	0.890389	0.890389	0.890389	0.890389	1.00783	1.22924	1.33545	1.33545	1.33545	1.33545	1.33545	1.40765	1.40765	1.33545	1.33545	1.33545	1.33545	1.33545	1.40765	1.40765	1.33545	1.33545	1.40765	1.40765	1.33545	1.26889	1.05583	1.00783	1.22924	1.40765	1.40765	1.33545	1.40765	1.40765	1.40765	1.40765	1.40765	1.40765	1.33545	1.40765	1.40765	1.40765	1.40765	1.40765	1.40765	1.40765	1.40765	1.26889	1.26886	0.995449	0.847621	0.648988	0.629601	0.786983	0.802578	0.648988	0.629601	0.995403	0.629601	0.472209	0.351956	0.157406	0.648964	0.629601	0.445221	0.629601	0.629601	0.445221	0.472209	0.351956	0.157406	0.497739	0.351956	0.157406	0.497739	0.351956	0	0	0	0.157406	0.351978	0.445221	0.445221	0.472209	0.351956	0	0	0	0.157406	0.351978	0.445221	0.472209	0.351956	0	0.157406	0.351978	0.472209	0.351956	0.157406	0.351978	0.445221	0.472209	0.351956	0.157406	0.351978	0.472209	0.351956	0.157406	0.351978	0.472209	0.497739	0.351978	0.445221	0.445221	0.472209	0.497739	0.351978	0.445221	0.629601	0.629601	0.445221	0.629601	0.629601	0.567539	0.802578	0.648988	0.629601	0.629601	0.629601	0.629601	0.629601	0.629601	0.629601	0.786983	0.787012	0.995449	0.995449	1.10171	0.957365	0.629601	0.629601	0.629601	0.995403	0.629601	0.629601	0.629601	0.629601	0.995403	0.995403	0.629601	0.472209	0.786954	0.445187	0.445187	0.445187	0.445187	0.890319	0.445187	0.351956	0.497739	0.497739	0.472209	0.629601	0.629601	0.629601	0.957365	0.847621	0.787012	0.802578	0.802578	0.567539	0.648988	0.847621	0.890389	0.890389	0.890389	0.890389	1.05583	1.26889	1.22924	1.00783	0.890389	0.890389	0.890389	0.890389	0.890389	0.890389	0.890389	1.00783	1.22924	1.33545	1.26889	1.05583	0.890389	0.890389	0.995449	0.995449	0.890389	0.890389	0.890389	0.995449	0.995449	0.890389	1.00783	1.19863	1.05583	0.995449	0.995449	0.890389	0.995449	0.995449	0.890389	0.995449	1.10171	0.648988	0.567539	0.787012	0.995449	0.995449	0.890389	0.995449	0.995449	0.995449	0.995449	0.890389	0.890389	0.995449	0.995449	0.890389	0.847621	0.648988	0.567539	0.802578	0.648988	0.445221	0.445221	0.629601	0.629601	0.445221	0.445221	0.445221	0.472209	0.351956	0.157406	0.351978	0.445221	0.445221	0.445221	0.445221
0	0	0	0	0	0	0	0	0	0	0	0	0	0	0	0	0	0	0.445145	0.445145	0	0	0	0	0	0.445145	0.445145	0	0	0.445145	0.445145	0	0.445145	0.445145	0	0	0.445145	0.445145	0	0.445145	0.445145	0.445145	0.445145	0.445145	0.445145	0	0.445145	0.445145	0.445145	0.445145	0.445145	0.445145	0.445145	0.445145	0.445145	0.890236	0.445145	0.445145	0.445145	0.445145	0.445145	0.445145	0.445145	0.445145	0.890236	0.445145	0.445145	0.445145	0	0.445145	0.445145	0	0.445145	0.445145	0	0.445145	0.445145	0	0.445145	0.445145	0	0.445145	0.445145	0	0	0	0	0	0	0	0.445145	0.445145	0	0	0	0	0	0	0.445145	0.445145	0	0	0	0.445145	0.445145	0	0	0	0.445145	0.445145	0	0	0.445145	0.445145	0	0	0.445145	0.445145	0	0	0	0.445145	0.445145	0	0	0.445145	0.445145	0	0.445145	0.445145	0	0.445145	0.445145	0.445145	0.445145	0.445145	0.445145	0.445145	0.445145	0.445145	0.445145	0	0.445145	0.445145	0.890236	0.890236	0.445145	0.445145	0.445145	0.890236	0.445145	0.445145	0.445145	0.445145	0.890236	0.890236	0.445145	0.445145	0.890236	0.445145	0.445145	0.445145	0.445145	0.890236	0.445145	0.445145	0.445145	0.445145	0.445145	0.445145	0.445145	0.445145	0.890236	0.445145	0	0.445145	0.445145	0	0.445145	0.445145	0	0	0	0	0.445145	0.445145	0	0	0	0	0	0	0	0	0	0	0	0	0.445145	0.445145	0	0	0.445145	0.445145	0	0	0	0.445145	0.445145	0	0	0.445145	0.445145	0.445145	0.445145	0	0.445145	0.445145	0	0.445145	0.890236	0.445145	0	0	0.445145	0.445145	0	0.445145	0.445145	0.445145	0.445145	0	0	0.445145	0.445145	0	0.445145	0.445145	0	0.445145	0.445145	0	0	0.445145	0.445145	0	0	0	0.445145	0.445145	0	0	0	0	0	0
0	0	0	0	0	0	0	0	0	0	0	0	0	0	0	0	0	0	0.445104	0.445104	0	0	0	0	0	0.445104	0.445104	0	0	0.445104	0.445104	0	0.445104	0.445104	0	0	0.445104	0.445104	0	0.445104	0.445104	0.445104	0.445104	0.445104	0.445104	0	0.445104	0.445104	0.445104	0.445104	0.445104	0.445104	0.445104	0.445104	0.445104	0.890154	0.445104	0.445104	0.445104	0.445104	0.445104	0.445104	0.445104	0.445104	0.890154	0.445104	0.445104	0.445104	0	0.445104	0.445104	0	0.445104	0.445104	0	0.445104	0.445104	0	0.445104	0.445104	0	0.445104	0.445104	0	0	0	0	0	0	0	0.445104	0.445104	0	0	0	0	0	0	0.445104	0.445104	0	0	0	0.445104	0.445104	0	0	0	0.445104	0.445104	0	0	0.445104	0.445104	0	0	0.445104	0.445104	0	0	0	0.445104	0.445104	0	0	0.445104	0.445104	0	0.445104	0.445104	0	0.445104	0.445104	0.445104	0.445104	0.445104	0.445104	0.445104	0.445104	0.445104	0.445104	0	0.445104	0.445104	0.890154	0.890154	0.445104	0.445104	0.445104	0.890154	0.445104	0.445104	0.445104	0.445104	0.890154	0.890154	0.445104	0.445104	0.890154	0.445104	0.445104	0.445104	0.445104	0.890154	0.445104	0.445104	0.445104	0.445104	0.445104	0.445104	0.445104	0.445104	0.890154	0.445104	0	0.445104	0.445104	0	0.445104	0.445104	0	0	0	0	0.445104	0.445104	0	0	0	0	0	0	0	0	0	0	0	0	0.445104	0.445104	0	0	0.445104	0.445104	0	0	0	0.445104	0.445104	0	0	0.445104	0.445104	0.445104	0.445104	0	0.445104	0.445104	0	0.445104	0.890154	0.445104	0	0	0.445104	0.445104	0	0.445104	0.445104	0.445104	0.445104	0	0	0.445104	0.445104	0	0.445104	0.445104	0	0.445104	0.445104	0	0	0.445104	0.445104	0	0	0	0.445104	0.445104	0	0	0	0	0	0
0	0	0	0	0	0	0	0	0	0	0	0	0	0	0	0	0	0	0.445055	0.445055	0	0	0	0	0	0.445055	0.445055	0	0	0.445055	0.445055	0	0.445055	0.445055	0	0	0.445055	0.445055	0	0.445055	0.445055	0.445055	0.445055	0.445055	0.445055	0	0.445055	0.445055	0.445055	0.445055	0.445055	0.445055	0.445055	0.445055	0.445055	0.890057	0.445055	0.445055	0.445055	0.445055	0.445055	0.445055	0.445055	0.445055	0.890057	0.445055	0.445055	0.445055	0	0.445055	0.445055	0	0.445055	0.445055	0	0.445055	0.445055	0	0.445055	0.445055	0	0.445055	0.445055	0	0	0	0	0	0	0	0.445055	0.445055	0	0	0	0	0	0	0.445055	0.445055	0	0	0	0.445055	0.445055	0	0	0	0.445055	0.445055	0	0	0.445055	0.445055	0	0	0.445055	0.445055	0	0	0	0.445055	0.445055	0	0	0.445055	0.445055	0	0.445055	0.445055	0	0.445055	0.445055	0.445055	0.445055	0.445055	0.445055	0.445055	0.445055	0.445055	0.445055	0	0.445055	0.445055	0.890057	0.890057	0.445055	0.445055	0.445055	0.890057	0.445055	0.445055	0.445055	0.445055	0.890057	0.890057	0.445055	0.445055	0.890057	0.445055	0.445055	0.445055	0.445055	0.890057	0.445055	0.445055	0.445055	0.445055	0.445055	0.445055	0.445055	0.445055	0.890057	0.445055	0	0.445055	0.445055	0	0.445055	0.445055	0	0	0	0	0.445055	0.445055	0	0	0	0	0	0	0	0	0	0	0	0	0.445055	0.445055	0	0	0.445055	0.445055	0	0	0	0.445055	0.445055	0	0	0.445055	0.445055	0.445055	0.445055	0	0.445055	0.445055	0	0.445055	0.890057	0.445055	0	0	0.445055	0.445055	0	0.445055	0.445055	0.445055	0.445055	0	0	0.445055	0.445055	0	0.445055	0.445055	0	0.445055	0.445055	0	0	0.445055	0.445055	0	0	0	0.445055	0.445055	0	0	0	0	0	0
0	0	0	0	0	0	0	0	0	0	0	0	0	0	0	0	0	0	0.445014	0.445014	0	0	0	0	0	0.445014	0.445014	0	0	0.445014	0.445014	0	0.445014	0.445014	0	0	0.445014	0.445014	0	0.445014	0.445014	0.445014	0.445014	0.445014	0.445014	0	0.445014	0.445014	0.445014	0.445014	0.445014	0.445014	0.445014	0.445014	0.445014	0.889974	0.445014	0.445014	0.445014	0.445014	0.445014	0.445014	0.445014	0.445014	0.889974	0.445014	0.445014	0.445014	0	0.445014	0.445014	0	0.445014	0.445014	0	0.445014	0.445014	0	0.445014	0.445014	0	0.445014	0.445014	0	0	0	0	0	0	0	0.445014	0.445014	0	0	0	0	0	0	0.445014	0.445014	0	0	0	0.445014	0.445014	0	0	0	0.445014	0.445014	0	0	0.445014	0.445014	0	0	0.445014	0.445014	0	0	0	0.445014	0.445014	0	0	0.445014	0.445014	0	0.445014	0.445014	0	0.445014	0.445014	0.445014	0.445014	0.445014	0.445014	0.445014	0.445014	0.445014	0.445014	0	0.445014	0.445014	0.889974	0.889974	0.445014	0.445014	0.445014	0.889974	0.445014	0.445014	0.445014	0.445014	0.889974	0.889974	0.445014	0.445014	0.889974	0.445014	0.445014	0.445014	0.445014	0.889974	0.445014	0.445014	0.445014	0.445014	0.445014	0.445014	0.445014	0.445014	0.889974	0.445014	0	0.445014	0.445014	0	0.445014	0.445014	0	0	0	0	0.445014	0.445014	0	0	0	0	0	0	0	0	0	0	0	0	0.445014	0.445014	0	0	0.445014	0.445014	0	0	0	0.445014	0.445014	0	0	0.445014	0.445014	0.445014	0.445014	0	0.445014	0.445014	0	0.445014	0.889974	0.445014	0	0	0.445014	0.445014	0	0.445014	0.445014	0.445014	0.445014	0	0	0.445014	0.445014	0	0.445014	0.445014	0	0.445014	0.445014	0	0	0.445014	0.445014	0	0	0	0.445014	0.445014	0	0	0	0	0	0
0	0	0	0	0	0	0	0	0	0	0	0	0	0	0	0	0	0	0.444972	0.444972	0	0	0	0	0	0.444972	0.444972	0	0	0.444972	0.444972	0	0.444972	0.444972	0	0	0.444972	0.444972	0	0.444972	0.444972	0.444972	0.444972	0.444972	0.444972	0	0.444972	0.444972	0.444972	0.444972	0.444972	0.444972	0.444972	0.444972	0.444972	0.889891	0.444972	0.444972	0.444972	0.444972	0.444972	0.444972	0.444972	0.444972	0.889891	0.444972	0.444972	0.444972	0	0.444972	0.444972	0	0.444972	0.444972	0	0.444972	0.444972	0	0.444972	0.444972	0	0.444972	0.444972	0	0	0	0	0	0	0	0.444972	0.444972	0	0	0	0	0	0	0.444972	0.444972	0	0	0	0.444972	0.444972	0	0	0	0.444972	0.444972	0	0	0.444972	0.444972	0	0	0.444972	0.444972	0	0	0	0.444972	0.444972	0	0	0.444972	0.444972	0	0.444972	0.444972	0	0.444972	0.444972	0.444972	0.444972	0.444972	0.444972	0.444972	0.444972	0.444972	0.444972	0	0.444972	0.444972	0.889891	0.889891	0.444972	0.444972	0.444972	0.889891	0.444972	0.444972	0.444972	0.444972	0.889891	0.889891	0.444972	0.444972	0.889891	0.444972	0.444972	0.444972	0.444972	0.889891	0.444972	0.444972	0.444972	0.444972	0.444972	0.444972	0.444972	0.444972	0.889891	0.444972	0	0.444972	0.444972	0	0.444972	0.444972	0	0	0	0	0.444972	0.444972	0	0	0	0	0	0	0	0	0	0	0	0	0.444972	0.444972	0	0	0.444972	0.444972	0	0	0	0.444972	0.444972	0	0	0.444972	0.444972	0.444972	0.444972	0	0.444972	0.444972	0	0.444972	0.889891	0.444972	0	0	0.444972	0.444972	0	0.444972	0.444972	0.444972	0.444972	0	0	0.444972	0.444972	0	0.444972	0.444972	0	0.444972	0.444972	0	0	0.444972	0.444972	0	0	0	0.444972	0.444972	0	0	0	0	0	0
0	0	0	0	0	0	0	0	0	0	0	0	0	0	0	0	0	0	0.444931	0.444931	0	0	0	0	0	0.444931	0.444931	0	0	0.444931	0.444931	0	0.444931	0.444931	0	0	0.444931	0.444931	0	0.444931	0.444931	0.444931	0.444931	0.444931	0.444931	0	0.444931	0.444931	0.444931	0.444931	0.444931	0.444931	0.444931	0.444931	0.444931	0.889808	0.444931	0.444931	0.444931	0.444931	0.444931	0.444931	0.444931	0.444931	0.889808	0.444931	0.444931	0.444931	0	0.444931	0.444931	0	0.444931	0.444931	0	0.444931	0.444931	0	0.444931	0.444931	0	0.444931	0.444931	0	0	0	0	0	0	0	0.444931	0.444931	0	0	0	0	0	0	0.444931	0.444931	0	0	0	0.444931	0.444931	0	0	0	0.444931	0.444931	0	0	0.444931	0.444931	0	0	0.444931	0.444931	0	0	0	0.444931	0.444931	0	0	0.444931	0.444931	0	0.444931	0.444931	0	0.444931	0.444931	0.444931	0.444931	0.444931	0.444931	0.444931	0.444931	0.444931	0.444931	0	0.444931	0.444931	0.889808	0.889808	0.444931	0.444931	0.444931	0.889808	0.444931	0.444931	0.444931	0.444931	0.889808	0.889808	0.444931	0.444931	0.889808	0.444931	0.444931	0.444931	0.444931	0.889808	0.444931	0.444931	0.444931	0.444931	0.444931	0.444931	0.444931	0.444931	0.889808	0.444931	0	0.444931	0.444931	0	0.444931	0.444931	0	0	0	0	0.444931	0.444931	0	0	0	0	0	0	0	0	0	0	0	0	0.444931	0.444931	0	0	0.444931	0.444931	0	0	0	0.444931	0.444931	0	0	0.444931	0.444931	0.444931	0.444931	0	0.444931	0.444931	0	0.444931	0.889808	0.444931	0	0	0.444931	0.444931	0	0.444931	0.444931	0.444931	0.444931	0	0	0.444931	0.444931	0	0.444931	0.444931	0	0.444931	0.444931	0	0	0.444931	0.444931	0	0	0	0.444931	0.444931	0	0	0	0	0	0
0	0	0	0	0	0	0	0	0	0	0	0	0	0	0	0	0	0	0.444889	0.444889	0	0	0	0	0	0.444889	0.444889	0	0	0.444889	0.444889	0	0.444889	0.444889	0	0	0.444889	0.444889	0	0.444889	0.444889	0.444889	0.444889	0.444889	0.444889	0	0.444889	0.444889	0.444889	0.444889	0.444889	0.444889	0.444889	0.444889	0.444889	0.889725	0.444889	0.444889	0.444889	0.444889	0.444889	0.444889	0.444889	0.444889	0.889725	0.444889	0.444889	0.444889	0	0.444889	0.444889	0	0.444889	0.444889	0	0.444889	0.444889	0	0.444889	0.444889	0	0.444889	0.444889	0	0	0	0	0	0	0	0.444889	0.444889	0	0	0	0	0	0	0.444889	0.444889	0	0	0	0.444889	0.444889	0	0	0	0.444889	0.444889	0	0	0.444889	0.444889	0	0	0.444889	0.444889	0	0	0	0.444889	0.444889	0	0	0.444889	0.444889	0	0.444889	0.444889	0	0.444889	0.444889	0.444889	0.444889	0.444889	0.444889	0.444889	0.444889	0.444889	0.444889	0	0.444889	0.444889	0.889725	0.889725	0.444889	0.444889	0.444889	0.889725	0.444889	0.444889	0.444889	0.444889	0.889725	0.889725	0.444889	0.444889	0.889725	0.444889	0.444889	0.444889	0.444889	0.889725	0.444889	0.444889	0.444889	0.444889	0.444889	0.444889	0.444889	0.444889	0.889725	0.444889	0	0.444889	0.444889	0	0.444889	0.444889	0	0	0	0	0.444889	0.444889	0	0	0	0	0	0	0	0	0	0	0	0	0.444889	0.444889	0	0	0.444889	0.444889	0	0	0	0.444889	0.444889	0	0	0.444889	0.444889	0.444889	0.444889	0	0.444889	0.444889	0	0.444889	0.889725	0.444889	0	0	0.444889	0.444889	0	0.444889	0.444889	0.444889	0.444889	0	0	0.444889	0.444889	0	0.444889	0.444889	0	0.444889	0.444889	0	0	0.444889	0.444889	0	0	0	0.444889	0.444889	0	0	0	0	0	0
0	0	0	0	0	0	0	0	0	0	0	0	0	0	0	0	0	0	0.444848	0.444848	0	0	0	0	0	0.444848	0.444848	0	0	0.444848	0.444848	0	0.444848	0.444848	0	0	0.444848	0.444848	0	0.444848	0.444848	0.444848	0.444848	0.444848	0.444848	0	0.444848	0.444848	0.444848	0.444848	0.444848	0.444848	0.444848	0.444848	0.444848	0.889642	0.444848	0.444848	0.444848	0.444848	0.444848	0.444848	0.444848	0.444848	0.889642	0.444848	0.444848	0.444848	0	0.444848	0.444848	0	0.444848	0.444848	0	0.444848	0.444848	0	0.444848	0.444848	0	0.444848	0.444848	0	0	0	0	0	0	0	0.444848	0.444848	0	0	0	0	0	0	0.444848	0.444848	0	0	0	0.444848	0.444848	0	0	0	0.444848	0.444848	0	0	0.444848	0.444848	0	0	0.444848	0.444848	0	0	0	0.444848	0.444848	0	0	0.444848	0.444848	0	0.444848	0.444848	0	0.444848	0.444848	0.444848	0.444848	0.444848	0.444848	0.444848	0.444848	0.444848	0.444848	0	0.444848	0.444848	0.889642	0.889642	0.444848	0.444848	0.444848	0.889642	0.444848	0.444848	0.444848	0.444848	0.889642	0.889642	0.444848	0.444848	0.889642	0.444848	0.444848	0.444848	0.444848	0.889642	0.444848	0.444848	0.444848	0.444848	0.444848	0.444848	0.444848	0.444848	0.889642	0.444848	0	0.444848	0.444848	0	0.444848	0.444848	0	0	0	0	0.444848	0.444848	0	0	0	0	0	0	0	0	0	0	0	0	0.444848	0.444848	0	0	0.444848	0.444848	0	0	0	0.444848	0.444848	0	0	0.444848	0.444848	0.444848	0.444848	0	0.444848	0.444848	0	0.444848	0.889642	0.444848	0	0	0.444848	0.444848	0	0.444848	0.444848	0.444848	0.444848	0	0	0.444848	0.444848	0	0.444848	0.444848	0	0.444848	0.444848	0	0	0.444848	0.444848	0	0	0	0.444848	0.444848	0	0	0	0	0	0
0	0	0	0	0	0	0	0	0	0	0	0	0	0	0	0	0	0	0.444806	0.444806	0	0	0	0	0	0.444806	0.444806	0	0	0.444806	0.444806	0	0.444806	0.444806	0	0	0.444806	0.444806	0	0.444806	0.444806	0.444806	0.444806	0.444806	0.444806	0	0.444806	0.444806	0.444806	0.444806	0.444806	0.444806	0.444806	0.444806	0.444806	0.889559	0.444806	0.444806	0.444806	0.444806	0.444806	0.444806	0.444806	0.444806	0.889559	0.444806	0.444806	0.444806	0	0.444806	0.444806	0	0.444806	0.444806	0	0.444806	0.444806	0	0.444806	0.444806	0	0.444806	0.444806	0	0	0	0	0	0	0	0.444806	0.444806	0	0	0	0	0	0	0.444806	0.444806	0	0	0	0.444806	0.444806	0	0	0	0.444806	0.444806	0	0	0.444806	0.444806	0	0	0.444806	0.444806	0	0	0	0.444806	0.444806	0	0	0.444806	0.444806	0	0.444806	0.444806	0	0.444806	0.444806	0.444806	0.444806	0.444806	0.444806	0.444806	0.444806	0.444806	0.444806	0	0.444806	0.444806	0.889559	0.889559	0.444806	0.444806	0.444806	0.889559	0.444806	0.444806	0.444806	0.444806	0.889559	0.889559	0.444806	0.444806	0.889559	0.444806	0.444806	0.444806	0.444806	0.889559	0.444806	0.444806	0.444806	0.444806	0.444806	0.444806	0.444806	0.444806	0.889559	0.444806	0	0.444806	0.444806	0	0.444806	0.444806	0	0	0	0	0.444806	0.444806	0	0	0	0	0	0	0	0	0	0	0	0	0.444806	0.444806	0	0	0.444806	0.444806	0	0	0	0.444806	0.444806	0	0	0.444806	0.444806	0.444806	0.444806	0	0.444806	0.444806	0	0.444806	0.889559	0.444806	0	0	0.444806	0.444806	0	0.444806	0.444806	0.444806	0.444806	0	0	0.444806	0.444806	0	0.444806	0.444806	0	0.444806	0.444806	0	0	0.444806	0.444806	0	0	0	0.444806	0.444806	0	0	0	0	0	0
0.889532	0.889532	0.889532	0.889532	0.889532	0.889532	0.889532	0.889532	0.889532	0.889532	0.889532	0.889532	0.889532	0.889532	0.889532	0.889532	0.889532	0.889532	1.05481	1.26767	1.33416	1.33416	1.33416	1.22806	1.00686	1.05481	1.26767	1.33416	1.22806	1.19748	1.26767	1.22806	1.19748	1.26767	1.22806	1.00686	1.05481	1.26767	1.33416	1.40629	1.34338	1.19748	1.26767	1.40629	1.40629	1.22806	1.1447	0.994491	0.994491	0.994491	0.994491	0.994491	0.994491	0.994491	0.994491	1.25784	0.994491	0.994491	0.994491	0.994491	0.956468	0.786226	0.628995	0.648363	1.10065	0.994491	0.994491	0.994491	0.786255	0.786226	0.628995	0.444793	0.628995	0.648339	0.157255	0.351618	0.471754	0.444793	0.628995	0.628995	0.444793	0.648363	0.846805	0.889532	0.889532	0.889532	0.889532	0.889532	0.889532	0.786255	0.801806	0.846805	0.889532	0.889532	0.889532	0.889532	0.786255	0.566993	0.648363	0.846805	0.889532	0.889532	0.889532	0.994491	0.994491	0.889532	0.889532	0.889532	0.994491	0.994491	0.889532	0.889532	1.05481	1.26767	1.22806	1.00686	1.05481	1.26767	1.33416	1.22806	1.00686	1.05481	1.26767	1.33416	1.22806	1.19748	1.19748	1.00686	1.05481	1.26767	1.22806	1.19748	1.26767	1.40629	1.40629	1.40629	1.40629	1.40629	1.40629	1.40629	1.34338	1.00686	0.994491	0.994491	1.25784	1.25784	0.994491	0.994491	0.994491	1.25784	0.994491	0.994491	0.994491	0.956468	1.14466	0.994445	0.628995	0.628995	0.994445	0.628995	0.628995	0.628995	0.628995	0.994445	0.628995	0.628995	0.648339	0.566952	0.444758	0.444758	0.444758	0.444758	0.786196	0.471754	0.351639	0.49726	0.49726	0.157255	0.444758	0.444758	0	0.157255	0.351639	0.444793	0.628995	0.628995	0.444793	0.444793	0.444793	0.444793	0.444793	0.444793	0.444793	0.444793	0.444793	0.444793	0.444793	0.444793	0.628995	0.628995	0.444793	0.444793	0.648363	0.846805	0.786255	0.566993	0.444793	0.648363	0.801806	0.566993	0.444793	0.628995	0.628995	0.648363	0.846805	0.786255	0.801806	0.846805	0.889532	0.994491	1.25784	0.994491	0.889532	0.889532	0.994491	0.956468	0.566993	0.648363	0.846805	0.994491	0.994491	0.786255	0.566993	0.628995	0.628995	0.444793	0.648363	0.846805	0.786255	0.801806	0.801806	0.566993	0.444793	0.648363	0.846805	0.786255	0.566993	0.444793	0.648363	0.846805	0.786255	0.566993	0.444793	0.444793	0.444793	0.444793
0.889449	0.889449	0.889449	0.889449	0.889449	0.889449	0.889449	0.889449	0.889449	0.889449	0.889449	0.889449	0.889449	0.889449	0.889449	0.889449	0.889449	0.889449	1.00676	1.22795	1.33404	1.33404	1.33404	1.26755	1.05471	1.00676	1.22795	1.33404	1.26755	1.19737	1.22795	1.26755	1.19737	1.22795	1.26755	1.05471	1.00676	1.22795	1.33404	1.40616	1.4494	1.19737	1.22795	1.40616	1.40616	1.26755	1.26752	0.994399	0.994399	0.994399	0.994399	0.994399	0.994399	0.994399	0.994399	1.25772	0.994399	0.994399	0.994399	0.994399	1.10055	0.956355	0.628936	0.56694	0.956379	0.994399	0.994399	0.994399	0.846726	0.956355	0.628936	0.444751	0.628936	0.846681	0.351585	0.15724	0.351607	0.444751	0.628936	0.628936	0.444751	0.56694	0.786182	0.889449	0.889449	0.889449	0.889449	0.889449	0.889449	0.846726	0.801731	0.786182	0.889449	0.889449	0.889449	0.889449	0.846726	0.648303	0.56694	0.786182	0.889449	0.889449	0.889449	0.994399	0.994399	0.889449	0.889449	0.889449	0.994399	0.994399	0.889449	0.889449	1.00676	1.22795	1.26755	1.05471	1.00676	1.22795	1.33404	1.26755	1.05471	1.00676	1.22795	1.33404	1.26755	1.19737	1.19737	1.05471	1.00676	1.22795	1.26755	1.19737	1.22795	1.40616	1.40616	1.40616	1.40616	1.40616	1.40616	1.40616	1.4494	1.05471	0.994399	0.994399	1.25772	1.25772	0.994399	0.994399	0.994399	1.25772	0.994399	0.994399	0.994399	1.10055	1.34318	0.994352	0.628936	0.628936	0.994352	0.628936	0.628936	0.628936	0.628936	0.994352	0.628936	0.628936	0.846681	0.786123	0.444717	0.444717	0.444717	0.444717	0.566899	0.351607	0.47171	0.497214	0.497214	0.351585	0.444717	0.444717	0	0.351585	0.47171	0.444751	0.628936	0.628936	0.444751	0.444751	0.444751	0.444751	0.444751	0.444751	0.444751	0.444751	0.444751	0.444751	0.444751	0.444751	0.628936	0.628936	0.444751	0.444751	0.56694	0.786182	0.846726	0.648303	0.444751	0.56694	0.801731	0.648303	0.444751	0.628936	0.628936	0.56694	0.786182	0.846726	0.801731	0.786182	0.889449	0.994399	1.25772	0.994399	0.889449	0.889449	0.994399	1.10055	0.648303	0.56694	0.786182	0.994399	0.994399	0.846726	0.648303	0.628936	0.628936	0.444751	0.56694	0.786182	0.846726	0.801731	0.801731	0.648303	0.444751	0.56694	0.786182	0.846726	0.648303	0.444751	0.56694	0.786182	0.846726	0.648303	0.444751	0.444751	0.444751	0.444751
0	0	0	0	0	0	0	0	0	0	0	0	0	0	0	0	0	0	0	0	0	0	0	0.444675	0.444675	0	0	0	0.444675	0.444675	0	0.444675	0.444675	0	0.444675	0.444675	0	0	0	0.444675	0.889297	0.444675	0	0.444675	0.444675	0.444675	0.889297	0.444675	0.444675	0.444675	0.444675	0.444675	0.444675	0.444675	0.444675	0.889297	0.444675	0.444675	0.444675	0.444675	0.889297	0.889297	0.444675	0	0.444675	0.444675	0.444675	0.444675	0.444675	0.889297	0.444675	0	0.444675	0.889297	0.444675	0	0	0	0.444675	0.444675	0	0	0	0	0	0	0	0	0	0.444675	0.444675	0	0	0	0	0	0.444675	0.444675	0	0	0	0	0	0.444675	0.444675	0	0	0	0.444675	0.444675	0	0	0	0	0.444675	0.444675	0	0	0	0.444675	0.444675	0	0	0	0.444675	0.444675	0.444675	0.444675	0	0	0.444675	0.444675	0	0.444675	0.444675	0.444675	0.444675	0.444675	0.444675	0.444675	0.889297	0.444675	0.444675	0.444675	0.889297	0.889297	0.444675	0.444675	0.444675	0.889297	0.444675	0.444675	0.444675	0.889297	1.33381	0.889297	0.444675	0.444675	0.889297	0.444675	0.444675	0.444675	0.444675	0.889297	0.444675	0.444675	0.889297	0.889297	0.444675	0.444675	0.444675	0.444675	0.444675	0	0.444675	0.444675	0.444675	0.444675	0.444675	0.444675	0	0.444675	0.444675	0	0.444675	0.444675	0	0	0	0	0	0	0	0	0	0	0	0	0.444675	0.444675	0	0	0	0	0.444675	0.444675	0	0	0.444675	0.444675	0	0.444675	0.444675	0	0	0.444675	0.444675	0	0	0.444675	0.889297	0.444675	0	0	0.444675	0.889297	0.444675	0	0	0.444675	0.444675	0.444675	0.444675	0.444675	0.444675	0	0	0	0.444675	0.444675	0.444675	0.444675	0	0	0	0.444675	0.444675	0	0	0	0.444675	0.444675	0	0	0	0
0	0	0	0	0	0	0	0	0	0	0	0	0	0	0	0	0	0	0	0	0	0	0	0.444634	0.444634	0	0	0	0.444634	0.444634	0	0.444634	0.444634	0	0.444634	0.444634	0	0	0	0.444634	0.889214	0.444634	0	0.444634	0.444634	0.444634	0.889214	0.444634	0.444634	0.444634	0.444634	0.444634	0.444634	0.444634	0.444634	0.889214	0.444634	0.444634	0.444634	0.444634	0.889214	0.889214	0.444634	0	0.444634	0.444634	0.444634	0.444634	0.444634	0.889214	0.444634	0	0.444634	0.889214	0.444634	0	0	0	0.444634	0.444634	0	0	0	0	0	0	0	0	0	0.444634	0.444634	0	0	0	0	0	0.444634	0.444634	0	0	0	0	0	0.444634	0.444634	0	0	0	0.444634	0.444634	0	0	0	0	0.444634	0.444634	0	0	0	0.444634	0.444634	0	0	0	0.444634	0.444634	0.444634	0.444634	0	0	0.444634	0.444634	0	0.444634	0.444634	0.444634	0.444634	0.444634	0.444634	0.444634	0.889214	0.444634	0.444634	0.444634	0.889214	0.889214	0.444634	0.444634	0.444634	0.889214	0.444634	0.444634	0.444634	0.889214	1.33369	0.889214	0.444634	0.444634	0.889214	0.444634	0.444634	0.444634	0.444634	0.889214	0.444634	0.444634	0.889214	0.889214	0.444634	0.444634	0.444634	0.444634	0.444634	0	0.444634	0.444634	0.444634	0.444634	0.444634	0.444634	0	0.444634	0.444634	0	0.444634	0.444634	0	0	0	0	0	0	0	0	0	0	0	0	0.444634	0.444634	0	0	0	0	0.444634	0.444634	0	0	0.444634	0.444634	0	0.444634	0.444634	0	0	0.444634	0.444634	0	0	0.444634	0.889214	0.444634	0	0	0.444634	0.889214	0.444634	0	0	0.444634	0.444634	0.444634	0.444634	0.444634	0.444634	0	0	0	0.444634	0.444634	0.444634	0.444634	0	0	0	0.444634	0.444634	0	0	0	0.444634	0.444634	0	0	0	0
0	0	0	0	0	0	0	0	0	0	0	0	0	0	0	0	0	0	0	0	0	0	0	0.444592	0.444592	0	0	0	0.444592	0.444592	0	0.444592	0.444592	0	0.444592	0.444592	0	0	0	0.444592	0.889131	0.444592	0	0.444592	0.444592	0.444592	0.889131	0.444592	0.444592	0.444592	0.444592	0.444592	0.444592	0.444592	0.444592	0.889131	0.444592	0.444592	0.444592	0.444592	0.889131	0.889131	0.444592	0	0.444592	0.444592	0.444592	0.444592	0.444592	0.889131	0.444592	0	0.444592	0.889131	0.444592	0	0	0	0.444592	0.444592	0	0	0	0	0	0	0	0	0	0.444592	0.444592	0	0	0	0	0	0.444592	0.444592	0	0	0	0	0	0.444592	0.444592	0	0	0	0.444592	0.444592	0	0	0	0	0.444592	0.444592	0	0	0	0.444592	0.444592	0	0	0	0.444592	0.444592	0.444592	0.444592	0	0	0.444592	0.444592	0	0.444592	0.444592	0.444592	0.444592	0.444592	0.444592	0.444592	0.889131	0.444592	0.444592	0.444592	0.889131	0.889131	0.444592	0.444592	0.444592	0.889131	0.444592	0.444592	0.444592	0.889131	1.33356	0.889131	0.444592	0.444592	0.889131	0.444592	0.444592	0.444592	0.444592	0.889131	0.444592	0.444592	0.889131	0.889131	0.444592	0.444592	0.444592	0.444592	0.444592	0	0.444592	0.444592	0.444592	0.444592	0.444592	0.444592	0	0.444592	0.444592	0	0.444592	0.444592	0	0	0	0	0	0	0	0	0	0	0	0	0.444592	0.444592	0	0	0	0	0.444592	0.444592	0	0	0.444592	0.444592	0	0.444592	0.444592	0	0	0.444592	0.444592	0	0	0.444592	0.889131	0.444592	0	0	0.444592	0.889131	0.444592	0	0	0.444592	0.444592	0.444592	0.444592	0.444592	0.444592	0	0	0	0.444592	0.444592	0.444592	0.444592	0	0	0	0.444592	0.444592	0	0	0	0.444592	0.444592	0	0	0	0
0	0	0	0	0	0	0	0	0	0	0	0	0	0	0	0	0	0	0	0	0	0	0	0.444551	0.444551	0	0	0	0.444551	0.444551	0	0.444551	0.444551	0	0.444551	0.444551	0	0	0	0.444551	0.889049	0.444551	0	0.444551	0.444551	0.444551	0.889049	0.444551	0.444551	0.444551	0.444551	0.444551	0.444551	0.444551	0.444551	0.889049	0.444551	0.444551	0.444551	0.444551	0.889049	0.889049	0.444551	0	0.444551	0.444551	0.444551	0.444551	0.444551	0.889049	0.444551	0	0.444551	0.889049	0.444551	0	0	0	0.444551	0.444551	0	0	0	0	0	0	0	0	0	0.444551	0.444551	0	0	0	0	0	0.444551	0.444551	0	0	0	0	0	0.444551	0.444551	0	0	0	0.444551	0.444551	0	0	0	0	0.444551	0.444551	0	0	0	0.444551	0.444551	0	0	0	0.444551	0.444551	0.444551	0.444551	0	0	0.444551	0.444551	0	0.444551	0.444551	0.444551	0.444551	0.444551	0.444551	0.444551	0.889049	0.444551	0.444551	0.444551	0.889049	0.889049	0.444551	0.444551	0.444551	0.889049	0.444551	0.444551	0.444551	0.889049	1.33344	0.889049	0.444551	0.444551	0.889049	0.444551	0.444551	0.444551	0.444551	0.889049	0.444551	0.444551	0.889049	0.889049	0.444551	0.444551	0.444551	0.444551	0.444551	0	0.444551	0.444551	0.444551	0.444551	0.444551	0.444551	0	0.444551	0.444551	0	0.444551	0.444551	0	0	0	0	0	0	0	0	0	0	0	0	0.444551	0.444551	0	0	0	0	0.444551	0.444551	0	0	0.444551	0.444551	0	0.444551	0.444551	0	0	0.444551	0.444551	0	0	0.444551	0.889049	0.444551	0	0	0.444551	0.889049	0.444551	0	0	0.444551	0.444551	0.444551	0.444551	0.444551	0.444551	0	0	0	0.444551	0.444551	0.444551	0.444551	0	0	0	0.444551	0.444551	0	0	0	0.444551	0.444551	0	0	0	0
0	0	0	0	0	0	0	0	0	0	0	0	0	0	0	0	0	0	0	0	0	0	0	0.44451	0.44451	0	0	0	0.44451	0.44451	0	0.44451	0.44451	0	0.44451	0.44451	0	0	0	0.44451	0.888966	0.44451	0	0.44451	0.44451	0.44451	0.888966	0.44451	0.44451	0.44451	0.44451	0.44451	0.44451	0.44451	0.44451	0.888966	0.44451	0.44451	0.44451	0.44451	0.888966	0.888966	0.44451	0	0.44451	0.44451	0.44451	0.44451	0.44451	0.888966	0.44451	0	0.44451	0.888966	0.44451	0	0	0	0.44451	0.44451	0	0	0	0	0	0	0	0	0	0.44451	0.44451	0	0	0	0	0	0.44451	0.44451	0	0	0	0	0	0.44451	0.44451	0	0	0	0.44451	0.44451	0	0	0	0	0.44451	0.44451	0	0	0	0.44451	0.44451	0	0	0	0.44451	0.44451	0.44451	0.44451	0	0	0.44451	0.44451	0	0.44451	0.44451	0.44451	0.44451	0.44451	0.44451	0.44451	0.888966	0.44451	0.44451	0.44451	0.888966	0.888966	0.44451	0.44451	0.44451	0.888966	0.44451	0.44451	0.44451	0.888966	1.33332	0.888966	0.44451	0.44451	0.888966	0.44451	0.44451	0.44451	0.44451	0.888966	0.44451	0.44451	0.888966	0.888966	0.44451	0.44451	0.44451	0.44451	0.44451	0	0.44451	0.44451	0.44451	0.44451	0.44451	0.44451	0	0.44451	0.44451	0	0.44451	0.44451	0	0	0	0	0	0	0	0	0	0	0	0	0.44451	0.44451	0	0	0	0	0.44451	0.44451	0	0	0.44451	0.44451	0	0.44451	0.44451	0	0	0.44451	0.44451	0	0	0.44451	0.888966	0.44451	0	0	0.44451	0.888966	0.44451	0	0	0.44451	0.44451	0.44451	0.44451	0.44451	0.44451	0	0	0	0.44451	0.44451	0.44451	0.44451	0	0	0	0.44451	0.44451	0	0	0	0.44451	0.44451	0	0	0	0
0	0	0	0	0	0	0	0	0	0	0	0	0	0	0	0	0	0	0	0	0	0	0	0.444461	0.444461	0	0	0	0.444461	0.444461	0	0.444461	0.444461	0	0.444461	0.444461	0	0	0	0.444461	0.888869	0.444461	0	0.444461	0.444461	0.444461	0.888869	0.444461	0.444461	0.444461	0.444461	0.444461	0.444461	0.444461	0.444461	0.888869	0.444461	0.444461	0.444461	0.444461	0.888869	0.888869	0.444461	0	0.444461	0.444461	0.444461	0.444461	0.444461	0.888869	0.444461	0	0.444461	0.888869	0.444461	0	0	0	0.444461	0.444461	0	0	0	0	0	0	0	0	0	0.444461	0.444461	0	0	0	0	0	0.444461	0.444461	0	0	0	0	0	0.444461	0.444461	0	0	0	0.444461	0.444461	0	0	0	0	0.444461	0.444461	0	0	0	0.444461	0.444461	0	0	0	0.444461	0.444461	0.444461	0.444461	0	0	0.444461	0.444461	0	0.444461	0.444461	0.444461	0.444461	0.444461	0.444461	0.444461	0.888869	0.444461	0.444461	0.444461	0.888869	0.888869	0.444461	0.444461	0.444461	0.888869	0.444461	0.444461	0.444461	0.888869	1.33317	0.888869	0.444461	0.444461	0.888869	0.444461	0.444461	0.444461	0.444461	0.888869	0.444461	0.444461	0.888869	0.888869	0.444461	0.444461	0.444461	0.444461	0.444461	0	0.444461	0.444461	0.444461	0.444461	0.444461	0.444461	0	0.444461	0.444461	0	0.444461	0.444461	0	0	0	0	0	0	0	0	0	0	0	0	0.444461	0.444461	0	0	0	0	0.444461	0.444461	0	0	0.444461	0.444461	0	0.444461	0.444461	0	0	0.444461	0.444461	0	0	0.444461	0.888869	0.444461	0	0	0.444461	0.888869	0.444461	0	0	0.444461	0.444461	0.444461	0.444461	0.444461	0.444461	0	0	0	0.444461	0.444461	0.444461	0.444461	0	0	0	0.444461	0.444461	0	0	0	0.444461	0.444461	0	0	0	0
0	0	0	0	0	0	0	0	0	0	0	0	0	0	0	0	0	0	0	0	0	0	0	0.44442	0.44442	0	0	0	0.44442	0.44442	0	0.44442	0.44442	0	0.44442	0.44442	0	0	0	0.44442	0.888787	0.44442	0	0.44442	0.44442	0.44442	0.888787	0.44442	0.44442	0.44442	0.44442	0.44442	0.44442	0.44442	0.44442	0.888787	0.44442	0.44442	0.44442	0.44442	0.888787	0.888787	0.44442	0	0.44442	0.44442	0.44442	0.44442	0.44442	0.888787	0.44442	0	0.44442	0.888787	0.44442	0	0	0	0.44442	0.44442	0	0	0	0	0	0	0	0	0	0.44442	0.44442	0	0	0	0	0	0.44442	0.44442	0	0	0	0	0	0.44442	0.44442	0	0	0	0.44442	0.44442	0	0	0	0	0.44442	0.44442	0	0	0	0.44442	0.44442	0	0	0	0.44442	0.44442	0.44442	0.44442	0	0	0.44442	0.44442	0	0.44442	0.44442	0.44442	0.44442	0.44442	0.44442	0.44442	0.888787	0.44442	0.44442	0.44442	0.888787	0.888787	0.44442	0.44442	0.44442	0.888787	0.44442	0.44442	0.44442	0.888787	1.33305	0.888787	0.44442	0.44442	0.888787	0.44442	0.44442	0.44442	0.44442	0.888787	0.44442	0.44442	0.888787	0.888787	0.44442	0.44442	0.44442	0.44442	0.44442	0	0.44442	0.44442	0.44442	0.44442	0.44442	0.44442	0	0.44442	0.44442	0	0.44442	0.44442	0	0	0	0	0	0	0	0	0	0	0	0	0.44442	0.44442	0	0	0	0	0.44442	0.44442	0	0	0.44442	0.44442	0	0.44442	0.44442	0	0	0.44442	0.44442	0	0	0.44442	0.888787	0.44442	0	0	0.44442	0.888787	0.44442	0	0	0.44442	0.44442	0.44442	0.44442	0.44442	0.44442	0	0	0	0.44442	0.44442	0.44442	0.44442	0	0	0	0.44442	0.44442	0	0	0	0.44442	0.44442	0	0	0	0
0	0	0	0	0	0	0	0	0	0	0	0	0	0	0	0	0	0	0	0	0	0	0	0.444379	0.444379	0	0	0	0.444379	0.444379	0	0.444379	0.444379	0	0.444379	0.444379	0	0	0	0.444379	0.888704	0.444379	0	0.444379	0.444379	0.444379	0.888704	0.444379	0.444379	0.444379	0.444379	0.444379	0.444379	0.444379	0.444379	0.888704	0.444379	0.444379	0.444379	0.444379	0.888704	0.888704	0.444379	0	0.444379	0.444379	0.444379	0.444379	0.444379	0.888704	0.444379	0	0.444379	0.888704	0.444379	0	0	0	0.444379	0.444379	0	0	0	0	0	0	0	0	0	0.444379	0.444379	0	0	0	0	0	0.444379	0.444379	0	0	0	0	0	0.444379	0.444379	0	0	0	0.444379	0.444379	0	0	0	0	0.444379	0.444379	0	0	0	0.444379	0.444379	0	0	0	0.444379	0.444379	0.444379	0.444379	0	0	0.444379	0.444379	0	0.444379	0.444379	0.444379	0.444379	0.444379	0.444379	0.444379	0.888704	0.444379	0.444379	0.444379	0.888704	0.888704	0.444379	0.444379	0.444379	0.888704	0.444379	0.444379	0.444379	0.888704	1.33292	0.888704	0.444379	0.444379	0.888704	0.444379	0.444379	0.444379	0.444379	0.888704	0.444379	0.444379	0.888704	0.888704	0.444379	0.444379	0.444379	0.444379	0.444379	0	0.444379	0.444379	0.444379	0.444379	0.444379	0.444379	0	0.444379	0.444379	0	0.444379	0.444379	0	0	0	0	0	0	0	0	0	0	0	0	0.444379	0.444379	0	0	0	0	0.444379	0.444379	0	0	0.444379	0.444379	0	0.444379	0.444379	0	0	0.444379	0.444379	0	0	0.444379	0.888704	0.444379	0	0	0.444379	0.888704	0.444379	0	0	0.444379	0.444379	0.444379	0.444379	0.444379	0.444379	0	0	0	0.444379	0.444379	0.444379	0.444379	0	0	0	0.444379	0.444379	0	0	0	0.444379	0.444379	0	0	0	0
0	0	0	0	0	0	0	0	0	0	0	0	0	0	0	0	0	0	0	0	0	0	0	0.444337	0.444337	0	0	0	0.444337	0.444337	0	0.444337	0.444337	0	0.444337	0.444337	0	0	0	0.444337	0.888621	0.444337	0	0.444337	0.444337	0.444337	0.888621	0.444337	0.444337	0.444337	0.444337	0.444337	0.444337	0.444337	0.444337	0.888621	0.444337	0.444337	0.444337	0.444337	0.888621	0.888621	0.444337	0	0.444337	0.444337	0.444337	0.444337	0.444337	0.888621	0.444337	0	0.444337	0.888621	0.444337	0	0	0	0.444337	0.444337	0	0	0	0	0	0	0	0	0	0.444337	0.444337	0	0	0	0	0	0.444337	0.444337	0	0	0	0	0	0.444337	0.444337	0	0	0	0.444337	0.444337	0	0	0	0	0.444337	0.444337	0	0	0	0.444337	0.444337	0	0	0	0.444337	0.444337	0.444337	0.444337	0	0	0.444337	0.444337	0	0.444337	0.444337	0.444337	0.444337	0.444337	0.444337	0.444337	0.888621	0.444337	0.444337	0.444337	0.888621	0.888621	0.444337	0.444337	0.444337	0.888621	0.444337	0.444337	0.444337	0.888621	1.3328	0.888621	0.444337	0.444337	0.888621	0.444337	0.444337	0.444337	0.444337	0.888621	0.444337	0.444337	0.888621	0.888621	0.444337	0.444337	0.444337	0.444337	0.444337	0	0.444337	0.444337	0.444337	0.444337	0.444337	0.444337	0	0.444337	0.444337	0	0.444337	0.444337	0	0	0	0	0	0	0	0	0	0	0	0	0.444337	0.444337	0	0	0	0	0.444337	0.444337	0	0	0.444337	0.444337	0	0.444337	0.444337	0	0	0.444337	0.444337	0	0	0.444337	0.888621	0.444337	0	0	0.444337	0.888621	0.444337	0	0	0.444337	0.444337	0.444337	0.444337	0.444337	0.444337	0	0	0	0.444337	0.444337	0.444337	0.444337	0	0	0	0.444337	0.444337	0	0	0	0.444337	0.444337	0	0	0	0
0	0	0	0	0	0	0	0	0	0	0	0	0	0	0	0	0	0	0	0	0	0	0	0.444296	0.444296	0	0	0	0.444296	0.444296	0	0.444296	0.444296	0	0.444296	0.444296	0	0	0	0.444296	0.888539	0.444296	0	0.444296	0.444296	0.444296	0.888539	0.444296	0.444296	0.444296	0.444296	0.444296	0.444296	0.444296	0.444296	0.888539	0.444296	0.444296	0.444296	0.444296	0.888539	0.888539	0.444296	0	0.444296	0.444296	0.444296	0.444296	0.444296	0.888539	0.444296	0	0.444296	0.888539	0.444296	0	0	0	0.444296	0.444296	0	0	0	0	0	0	0	0	0	0.444296	0.444296	0	0	0	0	0	0.444296	0.444296	0	0	0	0	0	0.444296	0.444296	0	0	0	0.444296	0.444296	0	0	0	0	0.444296	0.444296	0	0	0	0.444296	0.444296	0	0	0	0.444296	0.444296	0.444296	0.444296	0	0	0.444296	0.444296	0	0.444296	0.444296	0.444296	0.444296	0.444296	0.444296	0.444296	0.888539	0.444296	0.444296	0.444296	0.888539	0.888539	0.444296	0.444296	0.444296	0.888539	0.444296	0.444296	0.444296	0.888539	1.33267	0.888539	0.444296	0.444296	0.888539	0.444296	0.444296	0.444296	0.444296	0.888539	0.444296	0.444296	0.888539	0.888539	0.444296	0.444296	0.444296	0.444296	0.444296	0	0.444296	0.444296	0.444296	0.444296	0.444296	0.444296	0	0.444296	0.444296	0	0.444296	0.444296	0	0	0	0	0	0	0	0	0	0	0	0	0.444296	0.444296	0	0	0	0	0.444296	0.444296	0	0	0.444296	0.444296	0	0.444296	0.444296	0	0	0.444296	0.444296	0	0	0.444296	0.888539	0.444296	0	0	0.444296	0.888539	0.444296	0	0	0.444296	0.444296	0.444296	0.444296	0.444296	0.444296	0	0	0	0.444296	0.444296	0.444296	0.444296	0	0	0	0.444296	0.444296	0	0	0	0.444296	0.444296	0	0	0	0
0.444282	0.444282	0.444282	0.444282	0.566342	0.785353	0.888511	0.888511	0.888511	0.888511	0.888511	0.888511	0.888511	0.888511	0.888511	0.888511	0.888511	0.888511	0.785353	0.566342	0.444282	0.444282	0.444282	0.647622	0.845835	0.785353	0.566342	0.444282	0.647622	0.845835	0.888511	0.993353	0.993353	0.888511	0.993353	0.993353	0.888511	0.785353	0.566342	0.647622	1.0994	0.955376	0.566342	0.647622	0.845835	0.993353	1.2564	0.993353	1.0536	1.26621	1.34184	1.1434	0.993353	0.993353	0.993353	1.2564	0.993353	0.993353	0.993353	0.993353	1.2564	1.2564	0.993353	0.785353	0.78533	0.628278	0.647622	0.845835	0.993353	1.2564	0.993353	0.888511	0.993353	1.26619	1.26621	1.22665	1.0057	0.888511	1.0536	1.26621	1.22665	1.0057	0.888511	0.888511	0.888511	0.888511	0.888511	0.785353	0.566342	0.647622	0.845835	0.888511	0.888511	0.888511	0.888511	0.888511	0.993353	0.993353	0.888511	0.888511	0.888511	0.888511	0.888511	1.0536	1.19611	1.0057	0.888511	0.888511	0.993353	0.993353	0.888511	0.888511	0.888511	0.888511	0.993353	0.993353	0.888511	0.888511	0.888511	0.993353	0.993353	0.888511	0.888511	0.888511	0.993353	0.993353	0.993353	0.993353	0.888511	0.888511	0.993353	0.993353	0.888511	0.993353	0.993353	0.993353	0.993353	0.993353	0.993353	0.993353	1.2564	0.993353	0.993353	0.993353	1.2564	1.2564	0.993353	0.993353	0.993353	1.2564	0.993353	0.993353	0.993353	1.26619	1.72731	1.60147	1.40468	1.40468	1.60147	1.40468	1.40468	1.40468	1.40468	1.60147	1.40468	1.40468	1.60147	1.60147	1.40468	1.40468	1.40468	1.40468	1.34184	1.0057	0.993353	0.955376	0.80089	0.845835	0.993353	0.993353	0.785353	0.80089	0.845835	0.888511	0.993353	0.993353	0.888511	0.888511	0.888511	0.785353	0.566342	0.444282	0.444282	0.444282	0.444282	0.444282	0.444282	0.444282	0.471217	0.351219	0	0	0.157075	0.351236	0.471217	0.351219	0	0	0.444255	0.444255	0	0.351219	0.471217	0.351236	0.157075	0.351219	0.496695	0.157075	0	0.444255	0.785306	0.471217	0.351236	0.157075	0.351219	0.845799	0.628278	0.444282	0.444282	0.628278	0.628278	0.628278	0.628278	0.647622	0.845835	0.888511	0.785353	0.566342	0.647622	0.80089	0.80089	0.845835	0.888511	0.785353	0.566342	0.647622	0.845835	0.888511	0.888511	0.888511	0.993353	0.993353	0.888511	0.888511	0.888511	0.888511
0.444241	0.444241	0.444241	0.444241	0.647562	0.845757	0.888428	0.888428	0.888428	0.888428	0.888428	0.888428	0.888428	0.888428	0.888428	0.888428	0.888428	0.888428	0.845757	0.647562	0.444241	0.444241	0.444241	0.56629	0.78528	0.845757	0.647562	0.444241	0.56629	0.78528	0.888428	0.993261	0.993261	0.888428	0.993261	0.993261	0.888428	0.845757	0.647562	0.56629	0.955287	1.09929	0.647562	0.56629	0.78528	0.993261	1.25629	0.993261	1.00561	1.22654	1.44774	1.26607	0.993261	0.993261	0.993261	1.25629	0.993261	0.993261	0.993261	0.993261	1.25629	1.25629	0.993261	0.845757	0.955267	0.628219	0.56629	0.78528	0.993261	1.25629	0.993261	0.888428	0.993261	1.14329	1.22654	1.2661	1.05351	0.888428	1.00561	1.22654	1.2661	1.05351	0.888428	0.888428	0.888428	0.888428	0.888428	0.845757	0.647562	0.56629	0.78528	0.888428	0.888428	0.888428	0.888428	0.888428	0.993261	0.993261	0.888428	0.888428	0.888428	0.888428	0.888428	1.00561	1.196	1.05351	0.888428	0.888428	0.993261	0.993261	0.888428	0.888428	0.888428	0.888428	0.993261	0.993261	0.888428	0.888428	0.888428	0.993261	0.993261	0.888428	0.888428	0.888428	0.993261	0.993261	0.993261	0.993261	0.888428	0.888428	0.993261	0.993261	0.888428	0.993261	0.993261	0.993261	0.993261	0.993261	0.993261	0.993261	1.25629	0.993261	0.993261	0.993261	1.25629	1.25629	0.993261	0.993261	0.993261	1.25629	0.993261	0.993261	0.993261	1.14329	1.57806	1.60132	1.40455	1.40455	1.60132	1.40455	1.40455	1.40455	1.40455	1.60132	1.40455	1.40455	1.60132	1.60132	1.40455	1.40455	1.40455	1.40455	1.44774	1.05351	0.993261	1.09929	0.800815	0.78528	0.993261	0.993261	0.845757	0.800815	0.78528	0.888428	0.993261	0.993261	0.888428	0.888428	0.888428	0.845757	0.647562	0.444241	0.444241	0.444241	0.444241	0.444241	0.444241	0.444241	0.351204	0.157061	0	0	0.351186	0.471173	0.351204	0.157061	0	0	0.444213	0.444213	0	0.157061	0.351204	0.471173	0.351186	0.157061	0.496649	0.351186	0	0.444213	0.566257	0.351204	0.471173	0.351186	0.157061	0.647543	0.628219	0.444241	0.444241	0.628219	0.628219	0.628219	0.628219	0.56629	0.78528	0.888428	0.845757	0.647562	0.56629	0.800815	0.800815	0.78528	0.888428	0.845757	0.647562	0.56629	0.78528	0.888428	0.888428	0.888428	0.993261	0.993261	0.888428	0.888428	0.888428	0.888428
0	0	0	0	0.444165	0.444165	0	0	0	0	0	0	0	0	0	0	0	0	0.444165	0.444165	0	0	0	0	0	0.444165	0.444165	0	0	0	0	0.444165	0.444165	0	0.444165	0.444165	0	0.444165	0.444165	0	0.444165	0.888277	0.444165	0	0	0.444165	0.888277	0.444165	0	0	0.888277	0.888277	0.444165	0.444165	0.444165	0.888277	0.444165	0.444165	0.444165	0.444165	0.888277	0.888277	0.444165	0.444165	0.888277	0.444165	0	0	0.444165	0.888277	0.444165	0	0.444165	0.444165	0	0.444165	0.444165	0	0	0	0.444165	0.444165	0	0	0	0	0	0.444165	0.444165	0	0	0	0	0	0	0	0.444165	0.444165	0	0	0	0	0	0	0.444165	0.444165	0	0	0.444165	0.444165	0	0	0	0	0.444165	0.444165	0	0	0	0.444165	0.444165	0	0	0	0.444165	0.444165	0.444165	0.444165	0	0	0.444165	0.444165	0	0.444165	0.444165	0.444165	0.444165	0.444165	0.444165	0.444165	0.888277	0.444165	0.444165	0.444165	0.888277	0.888277	0.444165	0.444165	0.444165	0.888277	0.444165	0.444165	0.444165	0.444165	0.888277	0.888277	0.444165	0.444165	0.888277	0.444165	0.444165	0.444165	0.444165	0.888277	0.444165	0.444165	0.888277	0.888277	0.444165	0.444165	0.444165	0.444165	0.888277	0.444165	0.444165	0.888277	0.444165	0	0.444165	0.444165	0.444165	0.444165	0	0	0.444165	0.444165	0	0	0	0.444165	0.444165	0	0	0	0	0	0	0	0	0	0	0	0.444165	0.444165	0	0	0	0	0.444165	0.444165	0	0	0	0.444165	0.444165	0	0.444165	0.444165	0	0.444165	0.444165	0	0.444165	0.444165	0	0.444165	0.444165	0	0	0.444165	0.444165	0.444165	0.444165	0	0	0	0.444165	0.444165	0	0.444165	0.444165	0	0	0.444165	0.444165	0	0	0	0	0	0.444165	0.444165	0	0	0	0
0	0	0	0	0.444124	0.444124	0	0	0	0	0	0	0	0	0	0	0	0	0.444124	0.444124	0	0	0	0	0	0.444124	0.444124	0	0	0	0	0.444124	0.444124	0	0.444124	0.444124	0	0.444124	0.444124	0	0.444124	0.888194	0.444124	0	0	0.444124	0.888194	0.444124	0	0	0.888194	0.888194	0.444124	0.444124	0.444124	0.888194	0.444124	0.444124	0.444124	0.444124	0.888194	0.888194	0.444124	0.444124	0.888194	0.444124	0	0	0.444124	0.888194	0.444124	0	0.444124	0.444124	0	0.444124	0.444124	0	0	0	0.444124	0.444124	0	0	0	0	0	0.444124	0.444124	0	0	0	0	0	0	0	0.444124	0.444124	0	0	0	0	0	0	0.444124	0.444124	0	0	0.444124	0.444124	0	0	0	0	0.444124	0.444124	0	0	0	0.444124	0.444124	0	0	0	0.444124	0.444124	0.444124	0.444124	0	0	0.444124	0.444124	0	0.444124	0.444124	0.444124	0.444124	0.444124	0.444124	0.444124	0.888194	0.444124	0.444124	0.444124	0.888194	0.888194	0.444124	0.444124	0.444124	0.888194	0.444124	0.444124	0.444124	0.444124	0.888194	0.888194	0.444124	0.444124	0.888194	0.444124	0.444124	0.444124	0.444124	0.888194	0.444124	0.444124	0.888194	0.888194	0.444124	0.444124	0.444124	0.444124	0.888194	0.444124	0.444124	0.888194	0.444124	0	0.444124	0.444124	0.444124	0.444124	0	0	0.444124	0.444124	0	0	0	0.444124	0.444124	0	0	0	0	0	0	0	0	0	0	0	0.444124	0.444124	0	0	0	0	0.444124	0.444124	0	0	0	0.444124	0.444124	0	0.444124	0.444124	0	0.444124	0.444124	0	0.444124	0.444124	0	0.444124	0.444124	0	0	0.444124	0.444124	0.444124	0.444124	0	0	0	0.444124	0.444124	0	0.444124	0.444124	0	0	0.444124	0.444124	0	0	0	0	0	0.444124	0.444124	0	0	0	0
0	0	0	0	0.444082	0.444082	0	0	0	0	0	0	0	0	0	0	0	0	0.444082	0.444082	0	0	0	0	0	0.444082	0.444082	0	0	0	0	0.444082	0.444082	0	0.444082	0.444082	0	0.444082	0.444082	0	0.444082	0.888112	0.444082	0	0	0.444082	0.888112	0.444082	0	0	0.888112	0.888112	0.444082	0.444082	0.444082	0.888112	0.444082	0.444082	0.444082	0.444082	0.888112	0.888112	0.444082	0.444082	0.888112	0.444082	0	0	0.444082	0.888112	0.444082	0	0.444082	0.444082	0	0.444082	0.444082	0	0	0	0.444082	0.444082	0	0	0	0	0	0.444082	0.444082	0	0	0	0	0	0	0	0.444082	0.444082	0	0	0	0	0	0	0.444082	0.444082	0	0	0.444082	0.444082	0	0	0	0	0.444082	0.444082	0	0	0	0.444082	0.444082	0	0	0	0.444082	0.444082	0.444082	0.444082	0	0	0.444082	0.444082	0	0.444082	0.444082	0.444082	0.444082	0.444082	0.444082	0.444082	0.888112	0.444082	0.444082	0.444082	0.888112	0.888112	0.444082	0.444082	0.444082	0.888112	0.444082	0.444082	0.444082	0.444082	0.888112	0.888112	0.444082	0.444082	0.888112	0.444082	0.444082	0.444082	0.444082	0.888112	0.444082	0.444082	0.888112	0.888112	0.444082	0.444082	0.444082	0.444082	0.888112	0.444082	0.444082	0.888112	0.444082	0	0.444082	0.444082	0.444082	0.444082	0	0	0.444082	0.444082	0	0	0	0.444082	0.444082	0	0	0	0	0	0	0	0	0	0	0	0.444082	0.444082	0	0	0	0	0.444082	0.444082	0	0	0	0.444082	0.444082	0	0.444082	0.444082	0	0.444082	0.444082	0	0.444082	0.444082	0	0.444082	0.444082	0	0	0.444082	0.444082	0.444082	0.444082	0	0	0	0.444082	0.444082	0	0.444082	0.444082	0	0	0.444082	0.444082	0	0	0	0	0	0.444082	0.444082	0	0	0	0
0	0	0	0	0.444041	0.444041	0	0	0	0	0	0	0	0	0	0	0	0	0.444041	0.444041	0	0	0	0	0	0.444041	0.444041	0	0	0	0	0.444041	0.444041	0	0.444041	0.444041	0	0.444041	0.444041	0	0.444041	0.888029	0.444041	0	0	0.444041	0.888029	0.444041	0	0	0.888029	0.888029	0.444041	0.444041	0.444041	0.888029	0.444041	0.444041	0.444041	0.444041	0.888029	0.888029	0.444041	0.444041	0.888029	0.444041	0	0	0.444041	0.888029	0.444041	0	0.444041	0.444041	0	0.444041	0.444041	0	0	0	0.444041	0.444041	0	0	0	0	0	0.444041	0.444041	0	0	0	0	0	0	0	0.444041	0.444041	0	0	0	0	0	0	0.444041	0.444041	0	0	0.444041	0.444041	0	0	0	0	0.444041	0.444041	0	0	0	0.444041	0.444041	0	0	0	0.444041	0.444041	0.444041	0.444041	0	0	0.444041	0.444041	0	0.444041	0.444041	0.444041	0.444041	0.444041	0.444041	0.444041	0.888029	0.444041	0.444041	0.444041	0.888029	0.888029	0.444041	0.444041	0.444041	0.888029	0.444041	0.444041	0.444041	0.444041	0.888029	0.888029	0.444041	0.444041	0.888029	0.444041	0.444041	0.444041	0.444041	0.888029	0.444041	0.444041	0.888029	0.888029	0.444041	0.444041	0.444041	0.444041	0.888029	0.444041	0.444041	0.888029	0.444041	0	0.444041	0.444041	0.444041	0.444041	0	0	0.444041	0.444041	0	0	0	0.444041	0.444041	0	0	0	0	0	0	0	0	0	0	0	0.444041	0.444041	0	0	0	0	0.444041	0.444041	0	0	0	0.444041	0.444041	0	0.444041	0.444041	0	0.444041	0.444041	0	0.444041	0.444041	0	0.444041	0.444041	0	0	0.444041	0.444041	0.444041	0.444041	0	0	0	0.444041	0.444041	0	0.444041	0.444041	0	0	0.444041	0.444041	0	0	0	0	0	0.444041	0.444041	0	0	0	0
0	0	0	0	0.444	0.444	0	0	0	0	0	0	0	0	0	0	0	0	0.444	0.444	0	0	0	0	0	0.444	0.444	0	0	0	0	0.444	0.444	0	0.444	0.444	0	0.444	0.444	0	0.444	0.887946	0.444	0	0	0.444	0.887946	0.444	0	0	0.887946	0.887946	0.444	0.444	0.444	0.887946	0.444	0.444	0.444	0.444	0.887946	0.887946	0.444	0.444	0.887946	0.444	0	0	0.444	0.887946	0.444	0	0.444	0.444	0	0.444	0.444	0	0	0	0.444	0.444	0	0	0	0	0	0.444	0.444	0	0	0	0	0	0	0	0.444	0.444	0	0	0	0	0	0	0.444	0.444	0	0	0.444	0.444	0	0	0	0	0.444	0.444	0	0	0	0.444	0.444	0	0	0	0.444	0.444	0.444	0.444	0	0	0.444	0.444	0	0.444	0.444	0.444	0.444	0.444	0.444	0.444	0.887946	0.444	0.444	0.444	0.887946	0.887946	0.444	0.444	0.444	0.887946	0.444	0.444	0.444	0.444	0.887946	0.887946	0.444	0.444	0.887946	0.444	0.444	0.444	0.444	0.887946	0.444	0.444	0.887946	0.887946	0.444	0.444	0.444	0.444	0.887946	0.444	0.444	0.887946	0.444	0	0.444	0.444	0.444	0.444	0	0	0.444	0.444	0	0	0	0.444	0.444	0	0	0	0	0	0	0	0	0	0	0	0.444	0.444	0	0	0	0	0.444	0.444	0	0	0	0.444	0.444	0	0.444	0.444	0	0.444	0.444	0	0.444	0.444	0	0.444	0.444	0	0	0.444	0.444	0.444	0.444	0	0	0	0.444	0.444	0	0.444	0.444	0	0	0.444	0.444	0	0	0	0	0	0.444	0.444	0	0	0	0
0	0	0	0	0.443959	0.443959	0	0	0	0	0	0	0	0	0	0	0	0	0.443959	0.443959	0	0	0	0	0	0.443959	0.443959	0	0	0	0	0.443959	0.443959	0	0.443959	0.443959	0	0.443959	0.443959	0	0.443959	0.887864	0.443959	0	0	0.443959	0.887864	0.443959	0	0	0.887864	0.887864	0.443959	0.443959	0.443959	0.887864	0.443959	0.443959	0.443959	0.443959	0.887864	0.887864	0.443959	0.443959	0.887864	0.443959	0	0	0.443959	0.887864	0.443959	0	0.443959	0.443959	0	0.443959	0.443959	0	0	0	0.443959	0.443959	0	0	0	0	0	0.443959	0.443959	0	0	0	0	0	0	0	0.443959	0.443959	0	0	0	0	0	0	0.443959	0.443959	0	0	0.443959	0.443959	0	0	0	0	0.443959	0.443959	0	0	0	0.443959	0.443959	0	0	0	0.443959	0.443959	0.443959	0.443959	0	0	0.443959	0.443959	0	0.443959	0.443959	0.443959	0.443959	0.443959	0.443959	0.443959	0.887864	0.443959	0.443959	0.443959	0.887864	0.887864	0.443959	0.443959	0.443959	0.887864	0.443959	0.443959	0.443959	0.443959	0.887864	0.887864	0.443959	0.443959	0.887864	0.443959	0.443959	0.443959	0.443959	0.887864	0.443959	0.443959	0.887864	0.887864	0.443959	0.443959	0.443959	0.443959	0.887864	0.443959	0.443959	0.887864	0.443959	0	0.443959	0.443959	0.443959	0.443959	0	0	0.443959	0.443959	0	0	0	0.443959	0.443959	0	0	0	0	0	0	0	0	0	0	0	0.443959	0.443959	0	0	0	0	0.443959	0.443959	0	0	0	0.443959	0.443959	0	0.443959	0.443959	0	0.443959	0.443959	0	0.443959	0.443959	0	0.443959	0.443959	0	0	0.443959	0.443959	0.443959	0.443959	0	0	0	0.443959	0.443959	0	0.443959	0.443959	0	0	0.443959	0.443959	0	0	0	0	0	0.443959	0.443959	0	0	0	0
0	0	0	0	0.44391	0.44391	0	0	0	0	0	0	0	0	0	0	0	0	0.44391	0.44391	0	0	0	0	0	0.44391	0.44391	0	0	0	0	0.44391	0.44391	0	0.44391	0.44391	0	0.44391	0.44391	0	0.44391	0.887768	0.44391	0	0	0.44391	0.887768	0.44391	0	0	0.887768	0.887768	0.44391	0.44391	0.44391	0.887768	0.44391	0.44391	0.44391	0.44391	0.887768	0.887768	0.44391	0.44391	0.887768	0.44391	0	0	0.44391	0.887768	0.44391	0	0.44391	0.44391	0	0.44391	0.44391	0	0	0	0.44391	0.44391	0	0	0	0	0	0.44391	0.44391	0	0	0	0	0	0	0	0.44391	0.44391	0	0	0	0	0	0	0.44391	0.44391	0	0	0.44391	0.44391	0	0	0	0	0.44391	0.44391	0	0	0	0.44391	0.44391	0	0	0	0.44391	0.44391	0.44391	0.44391	0	0	0.44391	0.44391	0	0.44391	0.44391	0.44391	0.44391	0.44391	0.44391	0.44391	0.887768	0.44391	0.44391	0.44391	0.887768	0.887768	0.44391	0.44391	0.44391	0.887768	0.44391	0.44391	0.44391	0.44391	0.887768	0.887768	0.44391	0.44391	0.887768	0.44391	0.44391	0.44391	0.44391	0.887768	0.44391	0.44391	0.887768	0.887768	0.44391	0.44391	0.44391	0.44391	0.887768	0.44391	0.44391	0.887768	0.44391	0	0.44391	0.44391	0.44391	0.44391	0	0	0.44391	0.44391	0	0	0	0.44391	0.44391	0	0	0	0	0	0	0	0	0	0	0	0.44391	0.44391	0	0	0	0	0.44391	0.44391	0	0	0	0.44391	0.44391	0	0.44391	0.44391	0	0.44391	0.44391	0	0.44391	0.44391	0	0.44391	0.44391	0	0	0.44391	0.44391	0.44391	0.44391	0	0	0	0.44391	0.44391	0	0.44391	0.44391	0	0	0.44391	0.44391	0	0	0	0	0	0.44391	0.44391	0	0	0	0
0	0	0	0	0.443869	0.443869	0	0	0	0	0	0	0	0	0	0	0	0	0.443869	0.443869	0	0	0	0	0	0.443869	0.443869	0	0	0	0	0.443869	0.443869	0	0.443869	0.443869	0	0.443869	0.443869	0	0.443869	0.887685	0.443869	0	0	0.443869	0.887685	0.443869	0	0	0.887685	0.887685	0.443869	0.443869	0.443869	0.887685	0.443869	0.443869	0.443869	0.443869	0.887685	0.887685	0.443869	0.443869	0.887685	0.443869	0	0	0.443869	0.887685	0.443869	0	0.443869	0.443869	0	0.443869	0.443869	0	0	0	0.443869	0.443869	0	0	0	0	0	0.443869	0.443869	0	0	0	0	0	0	0	0.443869	0.443869	0	0	0	0	0	0	0.443869	0.443869	0	0	0.443869	0.443869	0	0	0	0	0.443869	0.443869	0	0	0	0.443869	0.443869	0	0	0	0.443869	0.443869	0.443869	0.443869	0	0	0.443869	0.443869	0	0.443869	0.443869	0.443869	0.443869	0.443869	0.443869	0.443869	0.887685	0.443869	0.443869	0.443869	0.887685	0.887685	0.443869	0.443869	0.443869	0.887685	0.443869	0.443869	0.443869	0.443869	0.887685	0.887685	0.443869	0.443869	0.887685	0.443869	0.443869	0.443869	0.443869	0.887685	0.443869	0.443869	0.887685	0.887685	0.443869	0.443869	0.443869	0.443869	0.887685	0.443869	0.443869	0.887685	0.443869	0	0.443869	0.443869	0.443869	0.443869	0	0	0.443869	0.443869	0	0	0	0.443869	0.443869	0	0	0	0	0	0	0	0	0	0	0	0.443869	0.443869	0	0	0	0	0.443869	0.443869	0	0	0	0.443869	0.443869	0	0.443869	0.443869	0	0.443869	0.443869	0	0.443869	0.443869	0	0.443869	0.443869	0	0	0.443869	0.443869	0.443869	0.443869	0	0	0	0.443869	0.443869	0	0.443869	0.443869	0	0	0.443869	0.443869	0	0	0	0	0	0.443869	0.443869	0	0	0	0
0.443862	0.443862	0.565807	0.784611	0.845034	0.647007	0.443862	0.443862	0.443862	0.443862	0.443862	0.443862	0.443862	0.443862	0.443862	0.443862	0.443862	0.443862	0.627679	0.627679	0.443862	0.443862	0.443862	0.443862	0.443862	0.647007	0.845034	0.887671	0.784611	0.565807	0.443862	0.647007	0.800129	0.565807	0.647007	0.845034	0.784611	0.800129	0.845034	0.784611	0.784581	0.954444	0.845034	0.784611	0.565807	0.627679	0.992365	0.627679	0.350904	0.156926	0.784552	0.844989	0.627679	0.627679	0.627679	0.992365	0.627679	0.627679	0.627679	0.627679	0.992365	0.992365	0.627679	0.647007	1.09835	0.992411	0.784611	0.565807	0.627679	0.954444	0.845034	0.784611	0.800129	0.800129	0.565807	0.647007	0.845034	0.887671	0.784611	0.565807	0.647007	0.845034	0.887671	0.887671	0.887671	0.887671	0.887671	0.992411	0.992411	0.887671	0.887671	0.887671	0.887671	0.887671	0.887671	0.887671	1.05261	1.26502	1.33137	1.33137	1.33137	1.33137	1.33137	1.22549	1.19497	1.26502	1.33137	1.22549	1.19497	1.26502	1.22549	1.00475	0.887671	0.887671	1.05261	1.26502	1.22549	1.00475	0.887671	1.05261	1.26502	1.22549	1.00475	0.887671	0.992411	0.992411	0.992411	0.992411	0.887671	0.887671	0.992411	0.992411	0.887671	0.992411	0.992411	0.992411	0.992411	0.992411	0.992411	0.992411	1.26499	1.26502	1.40335	1.40335	1.59995	1.59995	1.40335	1.40335	1.40335	1.59995	1.40335	1.40335	1.40335	1.40335	1.59995	1.59995	1.40335	1.40335	1.59995	1.40335	1.40335	1.40335	1.40335	1.59995	1.40335	1.40335	1.59995	1.59995	1.40335	1.40335	1.40335	1.40335	1.59995	1.40335	1.48016	1.83619	1.75399	1.44653	1.48016	1.69698	1.8295	1.75399	1.44653	1.33137	1.40335	1.40335	1.33137	1.22549	1.00475	1.05261	1.26502	1.33137	1.22549	1.00475	0.887671	0.887671	0.887671	0.887671	0.887671	0.887671	0.887671	0.887671	0.845034	0.647007	0.443862	0.443862	0.443862	0.443862	0.470768	0.350882	0.156926	0.350904	0.443862	0.470768	0.350882	0.156926	0.49622	0.350882	0	0.443828	0.443828	0	0.350882	0.470768	0.350904	0.49622	0.470768	0.443862	0.443862	0.627679	0.627679	0.627679	0.627679	0.443862	0.443862	0.443862	0.627679	0.627679	0.443862	0.627679	0.627679	0.443862	0.443862	0.647007	0.845034	0.784611	0.565807	0.443862	0.443862	0.443862	0.647007	0.845034	0.784611	0.565807	0.443862	0.443862
0.443821	0.443821	0.646947	0.844956	0.784538	0.565754	0.443821	0.443821	0.443821	0.443821	0.443821	0.443821	0.443821	0.443821	0.443821	0.443821	0.443821	0.443821	0.627621	0.627621	0.443821	0.443821	0.443821	0.443821	0.443821	0.565754	0.784538	0.887589	0.844956	0.646947	0.443821	0.565754	0.800055	0.646947	0.565754	0.784538	0.844956	0.800055	0.784538	0.844956	0.954355	0.784508	0.784538	0.844956	0.646947	0.627621	0.992273	0.627621	0.470724	0.35085	0.565714	0.646923	0.627621	0.627621	0.627621	0.992273	0.627621	0.627621	0.627621	0.627621	0.992273	0.992273	0.627621	0.565754	0.954379	0.992319	0.844956	0.646947	0.627621	0.784508	0.784538	0.844956	0.800055	0.800055	0.646947	0.565754	0.784538	0.887589	0.844956	0.646947	0.565754	0.784538	0.887589	0.887589	0.887589	0.887589	0.887589	0.992319	0.992319	0.887589	0.887589	0.887589	0.887589	0.887589	0.887589	0.887589	1.00466	1.22538	1.33125	1.33125	1.33125	1.33125	1.33125	1.2649	1.19486	1.22538	1.33125	1.2649	1.19486	1.22538	1.2649	1.05251	0.887589	0.887589	1.00466	1.22538	1.2649	1.05251	0.887589	1.00466	1.22538	1.2649	1.05251	0.887589	0.992319	0.992319	0.992319	0.992319	0.887589	0.887589	0.992319	0.992319	0.887589	0.992319	0.992319	0.992319	0.992319	0.992319	0.992319	0.992319	1.1422	1.22538	1.40322	1.40322	1.5998	1.5998	1.40322	1.40322	1.40322	1.5998	1.40322	1.40322	1.40322	1.40322	1.5998	1.5998	1.40322	1.40322	1.5998	1.40322	1.40322	1.40322	1.40322	1.5998	1.40322	1.40322	1.5998	1.5998	1.40322	1.40322	1.40322	1.40322	1.5998	1.40322	1.4464	1.75383	1.83602	1.48002	1.4464	1.66759	1.82933	1.83602	1.48002	1.33125	1.40322	1.40322	1.33125	1.2649	1.05251	1.00466	1.22538	1.33125	1.2649	1.05251	0.887589	0.887589	0.887589	0.887589	0.887589	0.887589	0.887589	0.887589	0.784538	0.565754	0.443821	0.443821	0.443821	0.443821	0.350871	0.156911	0.35085	0.470724	0.443821	0.350871	0.156911	0.35085	0.496174	0.156911	0	0.443787	0.443787	0	0.156911	0.350871	0.470724	0.496174	0.350871	0.443821	0.443821	0.627621	0.627621	0.627621	0.627621	0.443821	0.443821	0.443821	0.627621	0.627621	0.443821	0.627621	0.627621	0.443821	0.443821	0.565754	0.784538	0.844956	0.646947	0.443821	0.443821	0.443821	0.565754	0.784538	0.844956	0.646947	0.443821	0.443821
0	0	0.443745	0.443745	0	0	0	0	0	0	0	0	0	0	0	0	0	0	0.443745	0.443745	0	0	0	0	0	0	0	0	0.443745	0.443745	0	0	0.443745	0.443745	0	0	0.443745	0.443745	0	0.443745	0.887438	0.443745	0	0.443745	0.443745	0.443745	0.887438	0.443745	0.443745	0.443745	0.443745	0.443745	0.443745	0.443745	0.443745	0.887438	0.443745	0.443745	0.443745	0.443745	0.887438	0.887438	0.443745	0	0.443745	0.443745	0.443745	0.443745	0.443745	0.443745	0	0.443745	0.443745	0.443745	0.443745	0	0	0	0.443745	0.443745	0	0	0	0	0	0	0	0.443745	0.443745	0	0	0	0	0	0	0	0	0	0	0	0	0	0	0.443745	0.443745	0	0	0.443745	0.443745	0	0.443745	0.443745	0	0	0	0	0.443745	0.443745	0	0	0	0.443745	0.443745	0	0.443745	0.443745	0.443745	0.443745	0	0	0.443745	0.443745	0	0.443745	0.443745	0.443745	0.443745	0.443745	0.443745	0.443745	0.443745	0	0.443745	0.443745	0.887438	0.887438	0.443745	0.443745	0.443745	0.887438	0.443745	0.443745	0.443745	0.443745	0.887438	0.887438	0.443745	0.443745	0.887438	0.443745	0.443745	0.443745	0.443745	0.887438	0.443745	0.443745	0.887438	0.887438	0.443745	0.443745	0.443745	0.443745	0.887438	0.443745	0	0.443745	0.887438	0.443745	0	0	0.443745	0.887438	0.443745	0	0.443745	0.443745	0	0.443745	0.443745	0	0	0	0.443745	0.443745	0	0	0	0	0	0	0	0	0	0	0	0	0	0	0	0	0.443745	0.443745	0	0	0	0.443745	0.443745	0	0	0.443745	0.443745	0	0	0	0.443745	0.443745	0	0	0	0.443745	0.443745	0.443745	0.443745	0	0	0	0.443745	0.443745	0	0.443745	0.443745	0	0	0	0	0.443745	0.443745	0	0	0	0	0	0.443745	0.443745	0	0
0	0	0.443704	0.443704	0	0	0	0	0	0	0	0	0	0	0	0	0	0	0.443704	0.443704	0	0	0	0	0	0	0	0	0.443704	0.443704	0	0	0.443704	0.443704	0	0	0.443704	0.443704	0	0.443704	0.887355	0.443704	0	0.443704	0.443704	0.443704	0.887355	0.443704	0.443704	0.443704	0.443704	0.443704	0.443704	0.443704	0.443704	0.887355	0.443704	0.443704	0.443704	0.443704	0.887355	0.887355	0.443704	0	0.443704	0.443704	0.443704	0.443704	0.443704	0.443704	0	0.443704	0.443704	0.443704	0.443704	0	0	0	0.443704	0.443704	0	0	0	0	0	0	0	0.443704	0.443704	0	0	0	0	0	0	0	0	0	0	0	0	0	0	0.443704	0.443704	0	0	0.443704	0.443704	0	0.443704	0.443704	0	0	0	0	0.443704	0.443704	0	0	0	0.443704	0.443704	0	0.443704	0.443704	0.443704	0.443704	0	0	0.443704	0.443704	0	0.443704	0.443704	0.443704	0.443704	0.443704	0.443704	0.443704	0.443704	0	0.443704	0.443704	0.887355	0.887355	0.443704	0.443704	0.443704	0.887355	0.443704	0.443704	0.443704	0.443704	0.887355	0.887355	0.443704	0.443704	0.887355	0.443704	0.443704	0.443704	0.443704	0.887355	0.443704	0.443704	0.887355	0.887355	0.443704	0.443704	0.443704	0.443704	0.887355	0.443704	0	0.443704	0.887355	0.443704	0	0	0.443704	0.887355	0.443704	0	0.443704	0.443704	0	0.443704	0.443704	0	0	0	0.443704	0.443704	0	0	0	0	0	0	0	0	0	0	0	0	0	0	0	0	0.443704	0.443704	0	0	0	0.443704	0.443704	0	0	0.443704	0.443704	0	0	0	0.443704	0.443704	0	0	0	0.443704	0.443704	0.443704	0.443704	0	0	0	0.443704	0.443704	0	0.443704	0.443704	0	0	0	0	0.443704	0.443704	0	0	0	0	0	0.443704	0.443704	0	0
0	0	0.443663	0.443663	0	0	0	0	0	0	0	0	0	0	0	0	0	0	0.443663	0.443663	0	0	0	0	0	0	0	0	0.443663	0.443663	0	0	0.443663	0.443663	0	0	0.443663	0.443663	0	0.443663	0.887273	0.443663	0	0.443663	0.443663	0.443663	0.887273	0.443663	0.443663	0.443663	0.443663	0.443663	0.443663	0.443663	0.443663	0.887273	0.443663	0.443663	0.443663	0.443663	0.887273	0.887273	0.443663	0	0.443663	0.443663	0.443663	0.443663	0.443663	0.443663	0	0.443663	0.443663	0.443663	0.443663	0	0	0	0.443663	0.443663	0	0	0	0	0	0	0	0.443663	0.443663	0	0	0	0	0	0	0	0	0	0	0	0	0	0	0.443663	0.443663	0	0	0.443663	0.443663	0	0.443663	0.443663	0	0	0	0	0.443663	0.443663	0	0	0	0.443663	0.443663	0	0.443663	0.443663	0.443663	0.443663	0	0	0.443663	0.443663	0	0.443663	0.443663	0.443663	0.443663	0.443663	0.443663	0.443663	0.443663	0	0.443663	0.443663	0.887273	0.887273	0.443663	0.443663	0.443663	0.887273	0.443663	0.443663	0.443663	0.443663	0.887273	0.887273	0.443663	0.443663	0.887273	0.443663	0.443663	0.443663	0.443663	0.887273	0.443663	0.443663	0.887273	0.887273	0.443663	0.443663	0.443663	0.443663	0.887273	0.443663	0	0.443663	0.887273	0.443663	0	0	0.443663	0.887273	0.443663	0	0.443663	0.443663	0	0.443663	0.443663	0	0	0	0.443663	0.443663	0	0	0	0	0	0	0	0	0	0	0	0	0	0	0	0	0.443663	0.443663	0	0	0	0.443663	0.443663	0	0	0.443663	0.443663	0	0	0	0.443663	0.443663	0	0	0	0.443663	0.443663	0.443663	0.443663	0	0	0	0.443663	0.443663	0	0.443663	0.443663	0	0	0	0	0.443663	0.443663	0	0	0	0	0	0.443663	0.443663	0	0
0	0	0.443615	0.443615	0	0	0	0	0	0	0	0	0	0	0	0	0	0	0.443615	0.443615	0	0	0	0	0	0	0	0	0.443615	0.443615	0	0	0.443615	0.443615	0	0	0.443615	0.443615	0	0.443615	0.887177	0.443615	0	0.443615	0.443615	0.443615	0.887177	0.443615	0.443615	0.443615	0.443615	0.443615	0.443615	0.443615	0.443615	0.887177	0.443615	0.443615	0.443615	0.443615	0.887177	0.887177	0.443615	0	0.443615	0.443615	0.443615	0.443615	0.443615	0.443615	0	0.443615	0.443615	0.443615	0.443615	0	0	0	0.443615	0.443615	0	0	0	0	0	0	0	0.443615	0.443615	0	0	0	0	0	0	0	0	0	0	0	0	0	0	0.443615	0.443615	0	0	0.443615	0.443615	0	0.443615	0.443615	0	0	0	0	0.443615	0.443615	0	0	0	0.443615	0.443615	0	0.443615	0.443615	0.443615	0.443615	0	0	0.443615	0.443615	0	0.443615	0.443615	0.443615	0.443615	0.443615	0.443615	0.443615	0.443615	0	0.443615	0.443615	0.887177	0.887177	0.443615	0.443615	0.443615	0.887177	0.443615	0.443615	0.443615	0.443615	0.887177	0.887177	0.443615	0.443615	0.887177	0.443615	0.443615	0.443615	0.443615	0.887177	0.443615	0.443615	0.887177	0.887177	0.443615	0.443615	0.443615	0.443615	0.887177	0.443615	0	0.443615	0.887177	0.443615	0	0	0.443615	0.887177	0.443615	0	0.443615	0.443615	0	0.443615	0.443615	0	0	0	0.443615	0.443615	0	0	0	0	0	0	0	0	0	0	0	0	0	0	0	0	0.443615	0.443615	0	0	0	0.443615	0.443615	0	0	0.443615	0.443615	0	0	0	0.443615	0.443615	0	0	0	0.443615	0.443615	0.443615	0.443615	0	0	0	0.443615	0.443615	0	0.443615	0.443615	0	0	0	0	0.443615	0.443615	0	0	0	0	0	0.443615	0.443615	0	0
0	0	0.443574	0.443574	0	0	0	0	0	0	0	0	0	0	0	0	0	0	0.443574	0.443574	0	0	0	0	0	0	0	0	0.443574	0.443574	0	0	0.443574	0.443574	0	0	0.443574	0.443574	0	0.443574	0.887094	0.443574	0	0.443574	0.443574	0.443574	0.887094	0.443574	0.443574	0.443574	0.443574	0.443574	0.443574	0.443574	0.443574	0.887094	0.443574	0.443574	0.443574	0.443574	0.887094	0.887094	0.443574	0	0.443574	0.443574	0.443574	0.443574	0.443574	0.443574	0	0.443574	0.443574	0.443574	0.443574	0	0	0	0.443574	0.443574	0	0	0	0	0	0	0	0.443574	0.443574	0	0	0	0	0	0	0	0	0	0	0	0	0	0	0.443574	0.443574	0	0	0.443574	0.443574	0	0.443574	0.443574	0	0	0	0	0.443574	0.443574	0	0	0	0.443574	0.443574	0	0.443574	0.443574	0.443574	0.443574	0	0	0.443574	0.443574	0	0.443574	0.443574	0.443574	0.443574	0.443574	0.443574	0.443574	0.443574	0	0.443574	0.443574	0.887094	0.887094	0.443574	0.443574	0.443574	0.887094	0.443574	0.443574	0.443574	0.443574	0.887094	0.887094	0.443574	0.443574	0.887094	0.443574	0.443574	0.443574	0.443574	0.887094	0.443574	0.443574	0.887094	0.887094	0.443574	0.443574	0.443574	0.443574	0.887094	0.443574	0	0.443574	0.887094	0.443574	0	0	0.443574	0.887094	0.443574	0	0.443574	0.443574	0	0.443574	0.443574	0	0	0	0.443574	0.443574	0	0	0	0	0	0	0	0	0	0	0	0	0	0	0	0	0.443574	0.443574	0	0	0	0.443574	0.443574	0	0	0.443574	0.443574	0	0	0	0.443574	0.443574	0	0	0	0.443574	0.443574	0.443574	0.443574	0	0	0	0.443574	0.443574	0	0.443574	0.443574	0	0	0	0	0.443574	0.443574	0	0	0	0	0	0.443574	0.443574	0	0
0	0	0.443532	0.443532	0	0	0	0	0	0	0	0	0	0	0	0	0	0	0.443532	0.443532	0	0	0	0	0	0	0	0	0.443532	0.443532	0	0	0.443532	0.443532	0	0	0.443532	0.443532	0	0.443532	0.887012	0.443532	0	0.443532	0.443532	0.443532	0.887012	0.443532	0.443532	0.443532	0.443532	0.443532	0.443532	0.443532	0.443532	0.887012	0.443532	0.443532	0.443532	0.443532	0.887012	0.887012	0.443532	0	0.443532	0.443532	0.443532	0.443532	0.443532	0.443532	0	0.443532	0.443532	0.443532	0.443532	0	0	0	0.443532	0.443532	0	0	0	0	0	0	0	0.443532	0.443532	0	0	0	0	0	0	0	0	0	0	0	0	0	0	0.443532	0.443532	0	0	0.443532	0.443532	0	0.443532	0.443532	0	0	0	0	0.443532	0.443532	0	0	0	0.443532	0.443532	0	0.443532	0.443532	0.443532	0.443532	0	0	0.443532	0.443532	0	0.443532	0.443532	0.443532	0.443532	0.443532	0.443532	0.443532	0.443532	0	0.443532	0.443532	0.887012	0.887012	0.443532	0.443532	0.443532	0.887012	0.443532	0.443532	0.443532	0.443532	0.887012	0.887012	0.443532	0.443532	0.887012	0.443532	0.443532	0.443532	0.443532	0.887012	0.443532	0.443532	0.887012	0.887012	0.443532	0.443532	0.443532	0.443532	0.887012	0.443532	0	0.443532	0.887012	0.443532	0	0	0.443532	0.887012	0.443532	0	0.443532	0.443532	0	0.443532	0.443532	0	0	0	0.443532	0.443532	0	0	0	0	0	0	0	0	0	0	0	0	0	0	0	0	0.443532	0.443532	0	0	0	0.443532	0.443532	0	0	0.443532	0.443532	0	0	0	0.443532	0.443532	0	0	0	0.443532	0.443532	0.443532	0.443532	0	0	0	0.443532	0.443532	0	0.443532	0.443532	0	0	0	0	0.443532	0.443532	0	0	0	0	0	0.443532	0.443532	0	0
0	0	0.443491	0.443491	0	0	0	0	0	0	0	0	0	0	0	0	0	0	0.443491	0.443491	0	0	0	0	0	0	0	0	0.443491	0.443491	0	0	0.443491	0.443491	0	0	0.443491	0.443491	0	0.443491	0.886929	0.443491	0	0.443491	0.443491	0.443491	0.886929	0.443491	0.443491	0.443491	0.443491	0.443491	0.443491	0.443491	0.443491	0.886929	0.443491	0.443491	0.443491	0.443491	0.886929	0.886929	0.443491	0	0.443491	0.443491	0.443491	0.443491	0.443491	0.443491	0	0.443491	0.443491	0.443491	0.443491	0	0	0	0.443491	0.443491	0	0	0	0	0	0	0	0.443491	0.443491	0	0	0	0	0	0	0	0	0	0	0	0	0	0	0.443491	0.443491	0	0	0.443491	0.443491	0	0.443491	0.443491	0	0	0	0	0.443491	0.443491	0	0	0	0.443491	0.443491	0	0.443491	0.443491	0.443491	0.443491	0	0	0.443491	0.443491	0	0.443491	0.443491	0.443491	0.443491	0.443491	0.443491	0.443491	0.443491	0	0.443491	0.443491	0.886929	0.886929	0.443491	0.443491	0.443491	0.886929	0.443491	0.443491	0.443491	0.443491	0.886929	0.886929	0.443491	0.443491	0.886929	0.443491	0.443491	0.443491	0.443491	0.886929	0.443491	0.443491	0.886929	0.886929	0.443491	0.443491	0.443491	0.443491	0.886929	0.443491	0	0.443491	0.886929	0.443491	0	0	0.443491	0.886929	0.443491	0	0.443491	0.443491	0	0.443491	0.443491	0	0	0	0.443491	0.443491	0	0	0	0	0	0	0	0	0	0	0	0	0	0	0	0	0.443491	0.443491	0	0	0	0.443491	0.443491	0	0	0.443491	0.443491	0	0	0	0.443491	0.443491	0	0	0	0.443491	0.443491	0.443491	0.443491	0	0	0	0.443491	0.443491	0	0.443491	0.443491	0	0	0	0	0.443491	0.443491	0	0	0	0	0	0.443491	0.443491	0	0
0	0	0.44345	0.44345	0	0	0	0	0	0	0	0	0	0	0	0	0	0	0.44345	0.44345	0	0	0	0	0	0	0	0	0.44345	0.44345	0	0	0.44345	0.44345	0	0	0.44345	0.44345	0	0.44345	0.886847	0.44345	0	0.44345	0.44345	0.44345	0.886847	0.44345	0.44345	0.44345	0.44345	0.44345	0.44345	0.44345	0.44345	0.886847	0.44345	0.44345	0.44345	0.44345	0.886847	0.886847	0.44345	0	0.44345	0.44345	0.44345	0.44345	0.44345	0.44345	0	0.44345	0.44345	0.44345	0.44345	0	0	0	0.44345	0.44345	0	0	0	0	0	0	0	0.44345	0.44345	0	0	0	0	0	0	0	0	0	0	0	0	0	0	0.44345	0.44345	0	0	0.44345	0.44345	0	0.44345	0.44345	0	0	0	0	0.44345	0.44345	0	0	0	0.44345	0.44345	0	0.44345	0.44345	0.44345	0.44345	0	0	0.44345	0.44345	0	0.44345	0.44345	0.44345	0.44345	0.44345	0.44345	0.44345	0.44345	0	0.44345	0.44345	0.886847	0.886847	0.44345	0.44345	0.44345	0.886847	0.44345	0.44345	0.44345	0.44345	0.886847	0.886847	0.44345	0.44345	0.886847	0.44345	0.44345	0.44345	0.44345	0.886847	0.44345	0.44345	0.886847	0.886847	0.44345	0.44345	0.44345	0.44345	0.886847	0.44345	0	0.44345	0.886847	0.44345	0	0	0.44345	0.886847	0.44345	0	0.44345	0.44345	0	0.44345	0.44345	0	0	0	0.44345	0.44345	0	0	0	0	0	0	0	0	0	0	0	0	0	0	0	0	0.44345	0.44345	0	0	0	0.44345	0.44345	0	0	0.44345	0.44345	0	0	0	0.44345	0.44345	0	0	0	0.44345	0.44345	0.44345	0.44345	0	0	0	0.44345	0.44345	0	0.44345	0.44345	0	0	0	0	0.44345	0.44345	0	0	0	0	0	0.44345	0.44345	0	0
0	0	0.443409	0.443409	0	0	0	0	0	0	0	0	0	0	0	0	0	0	0.443409	0.443409	0	0	0	0	0	0	0	0	0.443409	0.443409	0	0	0.443409	0.443409	0	0	0.443409	0.443409	0	0.443409	0.886765	0.443409	0	0.443409	0.443409	0.443409	0.886765	0.443409	0.443409	0.443409	0.443409	0.443409	0.443409	0.443409	0.443409	0.886765	0.443409	0.443409	0.443409	0.443409	0.886765	0.886765	0.443409	0	0.443409	0.443409	0.443409	0.443409	0.443409	0.443409	0	0.443409	0.443409	0.443409	0.443409	0	0	0	0.443409	0.443409	0	0	0	0	0	0	0	0.443409	0.443409	0	0	0	0	0	0	0	0	0	0	0	0	0	0	0.443409	0.443409	0	0	0.443409	0.443409	0	0.443409	0.443409	0	0	0	0	0.443409	0.443409	0	0	0	0.443409	0.443409	0	0.443409	0.443409	0.443409	0.443409	0	0	0.443409	0.443409	0	0.443409	0.443409	0.443409	0.443409	0.443409	0.443409	0.443409	0.443409	0	0.443409	0.443409	0.886765	0.886765	0.443409	0.443409	0.443409	0.886765	0.443409	0.443409	0.443409	0.443409	0.886765	0.886765	0.443409	0.443409	0.886765	0.443409	0.443409	0.443409	0.443409	0.886765	0.443409	0.443409	0.886765	0.886765	0.443409	0.443409	0.443409	0.443409	0.886765	0.443409	0	0.443409	0.886765	0.443409	0	0	0.443409	0.886765	0.443409	0	0.443409	0.443409	0	0.443409	0.443409	0	0	0	0.443409	0.443409	0	0	0	0	0	0	0	0	0	0	0	0	0	0	0	0	0.443409	0.443409	0	0	0	0.443409	0.443409	0	0	0.443409	0.443409	0	0	0	0.443409	0.443409	0	0	0	0.443409	0.443409	0.443409	0.443409	0	0	0	0.443409	0.443409	0	0.443409	0.443409	0	0	0	0	0.443409	0.443409	0	0	0	0	0	0.443409	0.443409	0	0
0.443395	0.443395	0.470272	0.350513	0.156761	0.350535	0.443395	0.443395	0.443395	0.443395	0.443395	0.443395	0.443395	0.443395	0.350535	0.156761	0	0	0.350513	0.470272	0.443395	0.443395	0.443395	0.443395	0.443395	0.443395	0.443395	0.350535	0.495698	0.470272	0.443395	0.350535	0.495698	0.470272	0.350535	0.156761	0.350513	0.495698	0.156761	0.350513	0.8441	0.627019	0.443395	0.627019	0.627019	0.627019	0.991321	0.627019	0.627019	0.627019	0.646303	0.565171	0.443361	0.443361	0.443361	0.886669	0.443361	0.443361	0.443361	0.443361	0.886669	0.783727	0.470272	0.350535	0.565171	0.443361	0.350513	0.470272	0.627019	0.646303	0.156761	0.350513	0.495698	0.495698	0.470272	0.350535	0.156761	0	0.350513	0.470272	0.350535	0.156761	0	0	0	0	0	0.443361	0.443361	0	0	0	0	0	0	0	0	0	0	0	0	0	0	0.350513	0.470272	0.350535	0.156761	0.350513	0.470272	0.443395	0.646326	0.844145	0.886737	0.886737	0.886737	0.886737	0.991367	0.991367	0.886737	0.886737	0.886737	1.0515	1.19372	1.00369	1.0515	1.26368	1.40188	1.40188	1.32997	1.32997	1.40188	1.40188	1.32997	1.40188	1.40188	1.40188	1.40188	1.40188	1.40188	1.40188	1.40188	1.32997	1.40188	1.40188	1.59826	1.59826	1.40188	1.40188	1.40188	1.59826	1.40188	1.40188	1.40188	1.40188	1.59826	1.59826	1.40188	1.40188	1.59826	1.40188	1.40188	1.40188	1.40188	1.63622	1.69519	1.82757	1.98214	1.98214	1.82757	1.82757	1.82757	1.91287	2.24339	2.25975	2.10813	1.9635	1.98214	1.82757	1.77305	1.77305	1.82757	1.98214	1.82757	1.77305	1.82757	1.82757	1.77305	1.82757	1.82757	1.77305	1.77305	1.77305	1.82757	1.82757	1.77305	1.77305	1.77305	1.77305	1.66599	1.44501	1.32997	1.32997	1.32997	1.32997	1.32997	1.32997	1.32997	1.32997	1.32997	1.32997	1.26368	1.0515	0.886737	0.886737	0.886737	0.844145	0.646326	0.443395	0.565211	0.799287	0.646326	0.443395	0.443395	0.443395	0.627019	0.627019	0.443395	0.443395	0.443395	0.627019	0.627019	0.470272	0.350513	0	0.156761	0.350535	0.470272	0.350513	0	0.350513	0.470272	0.443395	0.350535	0.156761	0	0.350513	0.470272	0.443395	0.350535	0.156761	0	0	0.350513	0.470272	0.443395	0.443395
0.443354	0.443354	0.350502	0.156746	0.35048	0.470229	0.443354	0.443354	0.443354	0.443354	0.443354	0.443354	0.443354	0.443354	0.470229	0.35048	0	0	0.156746	0.350502	0.443354	0.443354	0.443354	0.443354	0.443354	0.443354	0.443354	0.470229	0.495652	0.350502	0.443354	0.470229	0.495652	0.350502	0.470229	0.35048	0.156746	0.495652	0.35048	0.156746	0.646243	0.62696	0.443354	0.62696	0.62696	0.62696	0.991229	0.62696	0.62696	0.62696	0.844021	0.783654	0.44332	0.44332	0.44332	0.886586	0.44332	0.44332	0.44332	0.44332	0.886586	0.565119	0.350502	0.470229	0.783654	0.44332	0.156746	0.350502	0.62696	0.844021	0.35048	0.156746	0.495652	0.495652	0.350502	0.470229	0.35048	0	0.156746	0.350502	0.470229	0.35048	0	0	0	0	0	0.44332	0.44332	0	0	0	0	0	0	0	0	0	0	0	0	0	0	0.156746	0.350502	0.470229	0.35048	0.156746	0.350502	0.443354	0.565159	0.783712	0.886655	0.886655	0.886655	0.886655	0.991275	0.991275	0.886655	0.886655	0.886655	1.0036	1.19361	1.0514	1.0036	1.22409	1.40175	1.40175	1.32985	1.32985	1.40175	1.40175	1.32985	1.40175	1.40175	1.40175	1.40175	1.40175	1.40175	1.40175	1.40175	1.32985	1.40175	1.40175	1.59811	1.59811	1.40175	1.40175	1.40175	1.59811	1.40175	1.40175	1.40175	1.40175	1.59811	1.59811	1.40175	1.40175	1.59811	1.40175	1.40175	1.40175	1.40175	1.54344	1.66583	1.8274	1.98196	1.98196	1.8274	1.8274	1.8274	1.88687	2.17662	2.25954	2.13108	2.0369	1.98196	1.8274	1.77289	1.77289	1.8274	1.98196	1.8274	1.77289	1.8274	1.8274	1.77289	1.8274	1.8274	1.77289	1.77289	1.77289	1.8274	1.8274	1.77289	1.77289	1.77289	1.77289	1.69504	1.47847	1.32985	1.32985	1.32985	1.32985	1.32985	1.32985	1.32985	1.32985	1.32985	1.32985	1.22409	1.0036	0.886655	0.886655	0.886655	0.783712	0.565159	0.443354	0.646266	0.799213	0.565159	0.443354	0.443354	0.443354	0.62696	0.62696	0.443354	0.443354	0.443354	0.62696	0.62696	0.350502	0.156746	0	0.35048	0.470229	0.350502	0.156746	0	0.156746	0.350502	0.443354	0.470229	0.35048	0	0.156746	0.350502	0.443354	0.470229	0.35048	0	0	0.156746	0.350502	0.443354	0.443354
0	0	0	0	0.443279	0.443279	0	0	0	0	0	0	0	0	0.443279	0.443279	0	0	0	0	0	0	0	0	0	0	0	0.443279	0.443279	0	0	0.443279	0.443279	0	0.443279	0.443279	0	0.443279	0.443279	0	0.443279	0.443279	0	0.443279	0.443279	0.443279	0.886504	0.443279	0.443279	0.443279	0.886504	0.886504	0.443279	0.443279	0.443279	0.886504	0.443279	0.443279	0.443279	0.443279	0.886504	0.443279	0	0.443279	0.886504	0.443279	0	0	0.443279	0.886504	0.443279	0	0.443279	0.443279	0	0.443279	0.443279	0	0	0	0.443279	0.443279	0	0	0	0	0	0.443279	0.443279	0	0	0	0	0	0	0	0	0	0	0	0	0	0	0	0	0.443279	0.443279	0	0	0	0	0	0	0	0	0	0.443279	0.443279	0	0	0	0	0.443279	0.443279	0	0	0.443279	0.443279	0	0	0.443279	0.443279	0	0.443279	0.443279	0.443279	0.443279	0.443279	0.443279	0.443279	0.443279	0	0.443279	0.443279	0.886504	0.886504	0.443279	0.443279	0.443279	0.886504	0.443279	0.443279	0.443279	0.443279	0.886504	0.886504	0.443279	0.443279	0.886504	0.443279	0.443279	0.443279	0.443279	0.443279	0	0.443279	0.886504	0.886504	0.443279	0.443279	0.443279	0	0.443279	0.443279	0.443279	0.886504	0.886504	0.443279	0	0	0.443279	0.886504	0.443279	0	0.443279	0.443279	0	0.443279	0.443279	0	0	0	0.443279	0.443279	0	0	0	0	0.443279	0.443279	0	0	0	0	0	0	0	0	0	0	0	0	0	0	0	0	0	0	0.443279	0.443279	0	0	0	0	0.443279	0.443279	0	0	0	0.443279	0.443279	0	0	0	0.443279	0.443279	0	0	0	0	0	0	0.443279	0.443279	0	0	0	0	0.443279	0.443279	0	0	0	0	0	0
0	0	0	0	0.443237	0.443237	0	0	0	0	0	0	0	0	0.443237	0.443237	0	0	0	0	0	0	0	0	0	0	0	0.443237	0.443237	0	0	0.443237	0.443237	0	0.443237	0.443237	0	0.443237	0.443237	0	0.443237	0.443237	0	0.443237	0.443237	0.443237	0.886422	0.443237	0.443237	0.443237	0.886422	0.886422	0.443237	0.443237	0.443237	0.886422	0.443237	0.443237	0.443237	0.443237	0.886422	0.443237	0	0.443237	0.886422	0.443237	0	0	0.443237	0.886422	0.443237	0	0.443237	0.443237	0	0.443237	0.443237	0	0	0	0.443237	0.443237	0	0	0	0	0	0.443237	0.443237	0	0	0	0	0	0	0	0	0	0	0	0	0	0	0	0	0.443237	0.443237	0	0	0	0	0	0	0	0	0	0.443237	0.443237	0	0	0	0	0.443237	0.443237	0	0	0.443237	0.443237	0	0	0.443237	0.443237	0	0.443237	0.443237	0.443237	0.443237	0.443237	0.443237	0.443237	0.443237	0	0.443237	0.443237	0.886422	0.886422	0.443237	0.443237	0.443237	0.886422	0.443237	0.443237	0.443237	0.443237	0.886422	0.886422	0.443237	0.443237	0.886422	0.443237	0.443237	0.443237	0.443237	0.443237	0	0.443237	0.886422	0.886422	0.443237	0.443237	0.443237	0	0.443237	0.443237	0.443237	0.886422	0.886422	0.443237	0	0	0.443237	0.886422	0.443237	0	0.443237	0.443237	0	0.443237	0.443237	0	0	0	0.443237	0.443237	0	0	0	0	0.443237	0.443237	0	0	0	0	0	0	0	0	0	0	0	0	0	0	0	0	0	0	0.443237	0.443237	0	0	0	0	0.443237	0.443237	0	0	0	0.443237	0.443237	0	0	0	0.443237	0.443237	0	0	0	0	0	0	0.443237	0.443237	0	0	0	0	0.443237	0.443237	0	0	0	0	0	0
0	0	0	0	0.443196	0.443196	0	0	0	0	0	0	0	0	0.443196	0.443196	0	0	0	0	0	0	0	0	0	0	0	0.443196	0.443196	0	0	0.443196	0.443196	0	0.443196	0.443196	0	0.443196	0.443196	0	0.443196	0.443196	0	0.443196	0.443196	0.443196	0.886339	0.443196	0.443196	0.443196	0.886339	0.886339	0.443196	0.443196	0.443196	0.886339	0.443196	0.443196	0.443196	0.443196	0.886339	0.443196	0	0.443196	0.886339	0.443196	0	0	0.443196	0.886339	0.443196	0	0.443196	0.443196	0	0.443196	0.443196	0	0	0	0.443196	0.443196	0	0	0	0	0	0.443196	0.443196	0	0	0	0	0	0	0	0	0	0	0	0	0	0	0	0	0.443196	0.443196	0	0	0	0	0	0	0	0	0	0.443196	0.443196	0	0	0	0	0.443196	0.443196	0	0	0.443196	0.443196	0	0	0.443196	0.443196	0	0.443196	0.443196	0.443196	0.443196	0.443196	0.443196	0.443196	0.443196	0	0.443196	0.443196	0.886339	0.886339	0.443196	0.443196	0.443196	0.886339	0.443196	0.443196	0.443196	0.443196	0.886339	0.886339	0.443196	0.443196	0.886339	0.443196	0.443196	0.443196	0.443196	0.443196	0	0.443196	0.886339	0.886339	0.443196	0.443196	0.443196	0	0.443196	0.443196	0.443196	0.886339	0.886339	0.443196	0	0	0.443196	0.886339	0.443196	0	0.443196	0.443196	0	0.443196	0.443196	0	0	0	0.443196	0.443196	0	0	0	0	0.443196	0.443196	0	0	0	0	0	0	0	0	0	0	0	0	0	0	0	0	0	0	0.443196	0.443196	0	0	0	0	0.443196	0.443196	0	0	0	0.443196	0.443196	0	0	0	0.443196	0.443196	0	0	0	0	0	0	0.443196	0.443196	0	0	0	0	0.443196	0.443196	0	0	0	0	0	0
0	0	0	0	0.443155	0.443155	0	0	0	0	0	0	0	0	0.443155	0.443155	0	0	0	0	0	0	0	0	0	0	0	0.443155	0.443155	0	0	0.443155	0.443155	0	0.443155	0.443155	0	0.443155	0.443155	0	0.443155	0.443155	0	0.443155	0.443155	0.443155	0.886257	0.443155	0.443155	0.443155	0.886257	0.886257	0.443155	0.443155	0.443155	0.886257	0.443155	0.443155	0.443155	0.443155	0.886257	0.443155	0	0.443155	0.886257	0.443155	0	0	0.443155	0.886257	0.443155	0	0.443155	0.443155	0	0.443155	0.443155	0	0	0	0.443155	0.443155	0	0	0	0	0	0.443155	0.443155	0	0	0	0	0	0	0	0	0	0	0	0	0	0	0	0	0.443155	0.443155	0	0	0	0	0	0	0	0	0	0.443155	0.443155	0	0	0	0	0.443155	0.443155	0	0	0.443155	0.443155	0	0	0.443155	0.443155	0	0.443155	0.443155	0.443155	0.443155	0.443155	0.443155	0.443155	0.443155	0	0.443155	0.443155	0.886257	0.886257	0.443155	0.443155	0.443155	0.886257	0.443155	0.443155	0.443155	0.443155	0.886257	0.886257	0.443155	0.443155	0.886257	0.443155	0.443155	0.443155	0.443155	0.443155	0	0.443155	0.886257	0.886257	0.443155	0.443155	0.443155	0	0.443155	0.443155	0.443155	0.886257	0.886257	0.443155	0	0	0.443155	0.886257	0.443155	0	0.443155	0.443155	0	0.443155	0.443155	0	0	0	0.443155	0.443155	0	0	0	0	0.443155	0.443155	0	0	0	0	0	0	0	0	0	0	0	0	0	0	0	0	0	0	0.443155	0.443155	0	0	0	0	0.443155	0.443155	0	0	0	0.443155	0.443155	0	0	0	0.443155	0.443155	0	0	0	0	0	0	0.443155	0.443155	0	0	0	0	0.443155	0.443155	0	0	0	0	0	0
0	0	0	0	0.443107	0.443107	0	0	0	0	0	0	0	0	0.443107	0.443107	0	0	0	0	0	0	0	0	0	0	0	0.443107	0.443107	0	0	0.443107	0.443107	0	0.443107	0.443107	0	0.443107	0.443107	0	0.443107	0.443107	0	0.443107	0.443107	0.443107	0.886161	0.443107	0.443107	0.443107	0.886161	0.886161	0.443107	0.443107	0.443107	0.886161	0.443107	0.443107	0.443107	0.443107	0.886161	0.443107	0	0.443107	0.886161	0.443107	0	0	0.443107	0.886161	0.443107	0	0.443107	0.443107	0	0.443107	0.443107	0	0	0	0.443107	0.443107	0	0	0	0	0	0.443107	0.443107	0	0	0	0	0	0	0	0	0	0	0	0	0	0	0	0	0.443107	0.443107	0	0	0	0	0	0	0	0	0	0.443107	0.443107	0	0	0	0	0.443107	0.443107	0	0	0.443107	0.443107	0	0	0.443107	0.443107	0	0.443107	0.443107	0.443107	0.443107	0.443107	0.443107	0.443107	0.443107	0	0.443107	0.443107	0.886161	0.886161	0.443107	0.443107	0.443107	0.886161	0.443107	0.443107	0.443107	0.443107	0.886161	0.886161	0.443107	0.443107	0.886161	0.443107	0.443107	0.443107	0.443107	0.443107	0	0.443107	0.886161	0.886161	0.443107	0.443107	0.443107	0	0.443107	0.443107	0.443107	0.886161	0.886161	0.443107	0	0	0.443107	0.886161	0.443107	0	0.443107	0.443107	0	0.443107	0.443107	0	0	0	0.443107	0.443107	0	0	0	0	0.443107	0.443107	0	0	0	0	0	0	0	0	0	0	0	0	0	0	0	0	0	0	0.443107	0.443107	0	0	0	0	0.443107	0.443107	0	0	0	0.443107	0.443107	0	0	0	0.443107	0.443107	0	0	0	0	0	0	0.443107	0.443107	0	0	0	0	0.443107	0.443107	0	0	0	0	0	0
0	0	0	0	0.443066	0.443066	0	0	0	0	0	0	0	0	0.443066	0.443066	0	0	0	0	0	0	0	0	0	0	0	0.443066	0.443066	0	0	0.443066	0.443066	0	0.443066	0.443066	0	0.443066	0.443066	0	0.443066	0.443066	0	0.443066	0.443066	0.443066	0.886079	0.443066	0.443066	0.443066	0.886079	0.886079	0.443066	0.443066	0.443066	0.886079	0.443066	0.443066	0.443066	0.443066	0.886079	0.443066	0	0.443066	0.886079	0.443066	0	0	0.443066	0.886079	0.443066	0	0.443066	0.443066	0	0.443066	0.443066	0	0	0	0.443066	0.443066	0	0	0	0	0	0.443066	0.443066	0	0	0	0	0	0	0	0	0	0	0	0	0	0	0	0	0.443066	0.443066	0	0	0	0	0	0	0	0	0	0.443066	0.443066	0	0	0	0	0.443066	0.443066	0	0	0.443066	0.443066	0	0	0.443066	0.443066	0	0.443066	0.443066	0.443066	0.443066	0.443066	0.443066	0.443066	0.443066	0	0.443066	0.443066	0.886079	0.886079	0.443066	0.443066	0.443066	0.886079	0.443066	0.443066	0.443066	0.443066	0.886079	0.886079	0.443066	0.443066	0.886079	0.443066	0.443066	0.443066	0.443066	0.443066	0	0.443066	0.886079	0.886079	0.443066	0.443066	0.443066	0	0.443066	0.443066	0.443066	0.886079	0.886079	0.443066	0	0	0.443066	0.886079	0.443066	0	0.443066	0.443066	0	0.443066	0.443066	0	0	0	0.443066	0.443066	0	0	0	0	0.443066	0.443066	0	0	0	0	0	0	0	0	0	0	0	0	0	0	0	0	0	0	0.443066	0.443066	0	0	0	0	0.443066	0.443066	0	0	0	0.443066	0.443066	0	0	0	0.443066	0.443066	0	0	0	0	0	0	0.443066	0.443066	0	0	0	0	0.443066	0.443066	0	0	0	0	0	0
0	0	0	0	0.443025	0.443025	0	0	0	0	0	0	0	0	0.443025	0.443025	0	0	0	0	0	0	0	0	0	0	0	0.443025	0.443025	0	0	0.443025	0.443025	0	0.443025	0.443025	0	0.443025	0.443025	0	0.443025	0.443025	0	0.443025	0.443025	0.443025	0.885997	0.443025	0.443025	0.443025	0.885997	0.885997	0.443025	0.443025	0.443025	0.885997	0.443025	0.443025	0.443025	0.443025	0.885997	0.443025	0	0.443025	0.885997	0.443025	0	0	0.443025	0.885997	0.443025	0	0.443025	0.443025	0	0.443025	0.443025	0	0	0	0.443025	0.443025	0	0	0	0	0	0.443025	0.443025	0	0	0	0	0	0	0	0	0	0	0	0	0	0	0	0	0.443025	0.443025	0	0	0	0	0	0	0	0	0	0.443025	0.443025	0	0	0	0	0.443025	0.443025	0	0	0.443025	0.443025	0	0	0.443025	0.443025	0	0.443025	0.443025	0.443025	0.443025	0.443025	0.443025	0.443025	0.443025	0	0.443025	0.443025	0.885997	0.885997	0.443025	0.443025	0.443025	0.885997	0.443025	0.443025	0.443025	0.443025	0.885997	0.885997	0.443025	0.443025	0.885997	0.443025	0.443025	0.443025	0.443025	0.443025	0	0.443025	0.885997	0.885997	0.443025	0.443025	0.443025	0	0.443025	0.443025	0.443025	0.885997	0.885997	0.443025	0	0	0.443025	0.885997	0.443025	0	0.443025	0.443025	0	0.443025	0.443025	0	0	0	0.443025	0.443025	0	0	0	0	0.443025	0.443025	0	0	0	0	0	0	0	0	0	0	0	0	0	0	0	0	0	0	0.443025	0.443025	0	0	0	0	0.443025	0.443025	0	0	0	0.443025	0.443025	0	0	0	0.443025	0.443025	0	0	0	0	0	0	0.443025	0.443025	0	0	0	0	0.443025	0.443025	0	0	0	0	0	0
0	0	0	0	0.442984	0.442984	0	0	0	0	0	0	0	0	0.442984	0.442984	0	0	0	0	0	0	0	0	0	0	0	0.442984	0.442984	0	0	0.442984	0.442984	0	0.442984	0.442984	0	0.442984	0.442984	0	0.442984	0.442984	0	0.442984	0.442984	0.442984	0.885915	0.442984	0.442984	0.442984	0.885915	0.885915	0.442984	0.442984	0.442984	0.885915	0.442984	0.442984	0.442984	0.442984	0.885915	0.442984	0	0.442984	0.885915	0.442984	0	0	0.442984	0.885915	0.442984	0	0.442984	0.442984	0	0.442984	0.442984	0	0	0	0.442984	0.442984	0	0	0	0	0	0.442984	0.442984	0	0	0	0	0	0	0	0	0	0	0	0	0	0	0	0	0.442984	0.442984	0	0	0	0	0	0	0	0	0	0.442984	0.442984	0	0	0	0	0.442984	0.442984	0	0	0.442984	0.442984	0	0	0.442984	0.442984	0	0.442984	0.442984	0.442984	0.442984	0.442984	0.442984	0.442984	0.442984	0	0.442984	0.442984	0.885915	0.885915	0.442984	0.442984	0.442984	0.885915	0.442984	0.442984	0.442984	0.442984	0.885915	0.885915	0.442984	0.442984	0.885915	0.442984	0.442984	0.442984	0.442984	0.442984	0	0.442984	0.885915	0.885915	0.442984	0.442984	0.442984	0	0.442984	0.442984	0.442984	0.885915	0.885915	0.442984	0	0	0.442984	0.885915	0.442984	0	0.442984	0.442984	0	0.442984	0.442984	0	0	0	0.442984	0.442984	0	0	0	0	0.442984	0.442984	0	0	0	0	0	0	0	0	0	0	0	0	0	0	0	0	0	0	0.442984	0.442984	0	0	0	0	0.442984	0.442984	0	0	0	0.442984	0.442984	0	0	0	0.442984	0.442984	0	0	0	0	0	0	0.442984	0.442984	0	0	0	0	0.442984	0.442984	0	0	0	0	0	0
0	0	0	0	0.442943	0.442943	0	0	0	0	0	0	0	0	0.442943	0.442943	0	0	0	0	0	0	0	0	0	0	0	0.442943	0.442943	0	0	0.442943	0.442943	0	0.442943	0.442943	0	0.442943	0.442943	0	0.442943	0.442943	0	0.442943	0.442943	0.442943	0.885832	0.442943	0.442943	0.442943	0.885832	0.885832	0.442943	0.442943	0.442943	0.885832	0.442943	0.442943	0.442943	0.442943	0.885832	0.442943	0	0.442943	0.885832	0.442943	0	0	0.442943	0.885832	0.442943	0	0.442943	0.442943	0	0.442943	0.442943	0	0	0	0.442943	0.442943	0	0	0	0	0	0.442943	0.442943	0	0	0	0	0	0	0	0	0	0	0	0	0	0	0	0	0.442943	0.442943	0	0	0	0	0	0	0	0	0	0.442943	0.442943	0	0	0	0	0.442943	0.442943	0	0	0.442943	0.442943	0	0	0.442943	0.442943	0	0.442943	0.442943	0.442943	0.442943	0.442943	0.442943	0.442943	0.442943	0	0.442943	0.442943	0.885832	0.885832	0.442943	0.442943	0.442943	0.885832	0.442943	0.442943	0.442943	0.442943	0.885832	0.885832	0.442943	0.442943	0.885832	0.442943	0.442943	0.442943	0.442943	0.442943	0	0.442943	0.885832	0.885832	0.442943	0.442943	0.442943	0	0.442943	0.442943	0.442943	0.885832	0.885832	0.442943	0	0	0.442943	0.885832	0.442943	0	0.442943	0.442943	0	0.442943	0.442943	0	0	0	0.442943	0.442943	0	0	0	0	0.442943	0.442943	0	0	0	0	0	0	0	0	0	0	0	0	0	0	0	0	0	0	0.442943	0.442943	0	0	0	0	0.442943	0.442943	0	0	0	0.442943	0.442943	0	0	0	0.442943	0.442943	0	0	0	0	0	0	0.442943	0.442943	0	0	0	0	0.442943	0.442943	0	0	0	0	0	0
0.442936	0.442936	0.442936	0.442936	0.469785	0.35015	0	0.156598	0.350171	0.442936	0.442936	0.442936	0.442936	0.442936	0.645657	0.843271	0.885819	0.885819	0.782973	0.564626	0.442936	0.442936	0.442936	0.442936	0.442936	0.350171	0.156598	0.35015	0.495184	0.156598	0	0.35015	0.495184	0.156598	0.35015	0.469785	0.350171	0.564586	0.442902	0	0.442902	0.564586	0.350171	0.469785	0.35015	0.442902	0.88575	0.442902	0.442902	0.442902	0.782915	0.843226	0.626369	0.626369	0.645633	1.00258	0.442902	0.442902	0.442902	0.442902	0.88575	0.564586	0.350171	0.626369	0.990295	0.626369	0.442936	0.442936	0.626369	0.990295	0.626369	0.442936	0.626369	0.626369	0.442936	0.469785	0.35015	0.156598	0.350171	0.442936	0.626369	0.626369	0.442936	0.442936	0.442936	0.442936	0.442936	0.469785	0.35015	0	0	0	0	0	0	0	0	0	0	0	0	0	0	0	0	0.35015	0.469785	0.442936	0.442936	0.442936	0.442936	0.442936	0.442936	0.442936	0.442936	0.442936	0.626369	0.626369	0.442936	0.442936	0.442936	0.442936	0.645657	0.843271	0.782973	0.564626	0.645657	0.843271	0.782973	0.564626	0.645657	0.798459	0.564626	0.645657	0.843271	0.952476	0.782944	0.626369	0.626369	0.626369	0.626369	0.442936	0.626369	0.626369	0.990295	0.990295	0.626369	0.626369	0.626369	0.990295	0.626369	0.626369	0.626369	0.626369	0.952452	1.09606	0.99034	0.99034	1.25259	0.99034	1.05041	1.26238	1.40042	1.33777	1.00266	1.05041	1.44349	1.59661	1.40042	1.40042	1.40042	1.3286	1.40042	1.40042	1.40042	1.63453	1.83236	1.82568	1.66426	1.44352	1.47707	1.83236	1.82568	1.77121	1.82568	1.82568	1.77121	1.91089	2.12907	2.10595	1.88509	1.77121	1.82568	1.82568	1.77121	1.77121	1.77121	1.66426	1.61191	1.69344	1.77121	1.77121	1.66426	1.44352	1.3286	1.3286	1.3286	1.3286	1.3286	1.3286	1.3286	1.3286	1.3286	1.3286	1.3286	1.3286	1.3286	1.3286	1.26238	1.05041	0.885819	0.885819	1.00266	1.22293	1.26238	1.05041	0.885819	0.885819	0.885819	0.99034	0.99034	0.885819	0.885819	0.885819	0.843271	0.645657	0.442936	0.442936	0.442936	0.442936	0.564626	0.782973	0.843271	0.645657	0.442936	0.442936	0.442936	0.442936	0.469785	0.35015	0	0	0	0	0	0
0.442888	0.442888	0.442888	0.442888	0.350134	0.156581	0	0.350112	0.469734	0.442888	0.442888	0.442888	0.442888	0.442888	0.564565	0.782888	0.885723	0.885723	0.843179	0.645587	0.442888	0.442888	0.442888	0.442888	0.442888	0.469734	0.350112	0.156581	0.495131	0.350112	0	0.156581	0.495131	0.350112	0.156581	0.350134	0.469734	0.78283	0.442854	0	0.442854	0.78283	0.469734	0.350134	0.156581	0.442854	0.885654	0.442854	0.442854	0.442854	0.564525	0.645563	0.626301	0.626301	0.843134	1.22271	0.442854	0.442854	0.442854	0.442854	0.885654	0.78283	0.469734	0.626301	0.990187	0.626301	0.442888	0.442888	0.626301	0.990187	0.626301	0.442888	0.626301	0.626301	0.442888	0.350134	0.156581	0.350112	0.469734	0.442888	0.626301	0.626301	0.442888	0.442888	0.442888	0.442888	0.442888	0.350134	0.156581	0	0	0	0	0	0	0	0	0	0	0	0	0	0	0	0	0.156581	0.350134	0.442888	0.442888	0.442888	0.442888	0.442888	0.442888	0.442888	0.442888	0.442888	0.626301	0.626301	0.442888	0.442888	0.442888	0.442888	0.564565	0.782888	0.843179	0.645587	0.564565	0.782888	0.843179	0.645587	0.564565	0.798373	0.645587	0.564565	0.782888	1.09594	0.952349	0.626301	0.626301	0.626301	0.626301	0.442888	0.626301	0.626301	0.990187	0.990187	0.626301	0.626301	0.626301	0.990187	0.626301	0.626301	0.626301	0.626301	0.782859	0.952373	0.990233	0.990233	1.25245	0.990233	1.00255	1.2228	1.40027	1.44333	1.0503	1.00255	1.33762	1.59644	1.40027	1.40027	1.40027	1.32845	1.40027	1.40027	1.40027	1.54182	1.75015	1.82548	1.69326	1.47691	1.44336	1.75015	1.82548	1.77102	1.82548	1.82548	1.77102	1.88488	2.10572	2.12884	1.91068	1.77102	1.82548	1.82548	1.77102	1.77102	1.77102	1.69326	1.61173	1.66408	1.77102	1.77102	1.69326	1.47691	1.32845	1.32845	1.32845	1.32845	1.32845	1.32845	1.32845	1.32845	1.32845	1.32845	1.32845	1.32845	1.32845	1.32845	1.2228	1.00255	0.885723	0.885723	1.0503	1.26224	1.2228	1.00255	0.885723	0.885723	0.885723	0.990233	0.990233	0.885723	0.885723	0.885723	0.782888	0.564565	0.442888	0.442888	0.442888	0.442888	0.645587	0.843179	0.782888	0.564565	0.442888	0.442888	0.442888	0.442888	0.350134	0.156581	0	0	0	0	0	0
0	0	0	0	0	0	0	0.442813	0.442813	0	0	0	0	0	0	0	0	0	0.442813	0.442813	0	0	0	0	0	0.442813	0.442813	0	0.442813	0.442813	0	0	0.442813	0.442813	0	0	0.442813	0.885572	0.442813	0	0.442813	0.885572	0.442813	0	0	0.442813	0.885572	0.442813	0.442813	0.442813	0.442813	0.442813	0.442813	0.442813	0.885572	1.32823	0.442813	0.442813	0.442813	0.442813	0.885572	0.885572	0.442813	0.442813	0.885572	0.442813	0	0	0.442813	0.885572	0.442813	0	0.442813	0.442813	0	0	0	0.442813	0.442813	0	0.442813	0.442813	0	0	0	0	0	0	0	0	0	0	0	0	0	0	0	0	0	0	0	0	0	0	0	0	0	0	0	0	0	0	0	0	0	0	0.442813	0.442813	0	0	0	0	0	0	0.442813	0.442813	0	0	0.442813	0.442813	0	0.442813	0.442813	0	0	0.885572	0.885572	0.442813	0.442813	0.442813	0.442813	0	0.442813	0.442813	0.885572	0.885572	0.442813	0.442813	0.442813	0.885572	0.442813	0.442813	0.442813	0.442813	0.442813	0.442813	0.442813	0.442813	0.885572	0.442813	0	0	0.442813	0.885572	0.442813	0	0.442813	0.885572	0.442813	0.442813	0.442813	0	0.442813	0.442813	0.442813	0.442813	0.442813	0.442813	0.442813	0.442813	0	0.442813	0.442813	0	0.442813	0.442813	0	0	0	0.442813	0.442813	0	0.442813	0.442813	0	0	0	0.442813	0.442813	0	0	0	0.442813	0.442813	0	0	0	0	0	0	0	0	0	0	0	0	0	0	0	0	0	0	0.442813	0.442813	0	0	0	0	0	0.442813	0.442813	0	0	0	0	0	0	0	0	0	0.442813	0.442813	0	0	0	0	0	0	0	0	0	0	0	0	0	0
0	0	0	0	0	0	0	0.442772	0.442772	0	0	0	0	0	0	0	0	0	0.442772	0.442772	0	0	0	0	0	0.442772	0.442772	0	0.442772	0.442772	0	0	0.442772	0.442772	0	0	0.442772	0.88549	0.442772	0	0.442772	0.88549	0.442772	0	0	0.442772	0.88549	0.442772	0.442772	0.442772	0.442772	0.442772	0.442772	0.442772	0.88549	1.3281	0.442772	0.442772	0.442772	0.442772	0.88549	0.88549	0.442772	0.442772	0.88549	0.442772	0	0	0.442772	0.88549	0.442772	0	0.442772	0.442772	0	0	0	0.442772	0.442772	0	0.442772	0.442772	0	0	0	0	0	0	0	0	0	0	0	0	0	0	0	0	0	0	0	0	0	0	0	0	0	0	0	0	0	0	0	0	0	0	0.442772	0.442772	0	0	0	0	0	0	0.442772	0.442772	0	0	0.442772	0.442772	0	0.442772	0.442772	0	0	0.88549	0.88549	0.442772	0.442772	0.442772	0.442772	0	0.442772	0.442772	0.88549	0.88549	0.442772	0.442772	0.442772	0.88549	0.442772	0.442772	0.442772	0.442772	0.442772	0.442772	0.442772	0.442772	0.88549	0.442772	0	0	0.442772	0.88549	0.442772	0	0.442772	0.88549	0.442772	0.442772	0.442772	0	0.442772	0.442772	0.442772	0.442772	0.442772	0.442772	0.442772	0.442772	0	0.442772	0.442772	0	0.442772	0.442772	0	0	0	0.442772	0.442772	0	0.442772	0.442772	0	0	0	0.442772	0.442772	0	0	0	0.442772	0.442772	0	0	0	0	0	0	0	0	0	0	0	0	0	0	0	0	0	0	0.442772	0.442772	0	0	0	0	0	0.442772	0.442772	0	0	0	0	0	0	0	0	0	0.442772	0.442772	0	0	0	0	0	0	0	0	0	0	0	0	0	0
0	0	0	0	0	0	0	0.44273	0.44273	0	0	0	0	0	0	0	0	0	0.44273	0.44273	0	0	0	0	0	0.44273	0.44273	0	0.44273	0.44273	0	0	0.44273	0.44273	0	0	0.44273	0.885408	0.44273	0	0.44273	0.885408	0.44273	0	0	0.44273	0.885408	0.44273	0.44273	0.44273	0.44273	0.44273	0.44273	0.44273	0.885408	1.32798	0.44273	0.44273	0.44273	0.44273	0.885408	0.885408	0.44273	0.44273	0.885408	0.44273	0	0	0.44273	0.885408	0.44273	0	0.44273	0.44273	0	0	0	0.44273	0.44273	0	0.44273	0.44273	0	0	0	0	0	0	0	0	0	0	0	0	0	0	0	0	0	0	0	0	0	0	0	0	0	0	0	0	0	0	0	0	0	0	0.44273	0.44273	0	0	0	0	0	0	0.44273	0.44273	0	0	0.44273	0.44273	0	0.44273	0.44273	0	0	0.885408	0.885408	0.44273	0.44273	0.44273	0.44273	0	0.44273	0.44273	0.885408	0.885408	0.44273	0.44273	0.44273	0.885408	0.44273	0.44273	0.44273	0.44273	0.44273	0.44273	0.44273	0.44273	0.885408	0.44273	0	0	0.44273	0.885408	0.44273	0	0.44273	0.885408	0.44273	0.44273	0.44273	0	0.44273	0.44273	0.44273	0.44273	0.44273	0.44273	0.44273	0.44273	0	0.44273	0.44273	0	0.44273	0.44273	0	0	0	0.44273	0.44273	0	0.44273	0.44273	0	0	0	0.44273	0.44273	0	0	0	0.44273	0.44273	0	0	0	0	0	0	0	0	0	0	0	0	0	0	0	0	0	0	0.44273	0.44273	0	0	0	0	0	0.44273	0.44273	0	0	0	0	0	0	0	0	0	0.44273	0.44273	0	0	0	0	0	0	0	0	0	0	0	0	0	0
0	0	0	0	0	0	0	0.442689	0.442689	0	0	0	0	0	0	0	0	0	0.442689	0.442689	0	0	0	0	0	0.442689	0.442689	0	0.442689	0.442689	0	0	0.442689	0.442689	0	0	0.442689	0.885326	0.442689	0	0.442689	0.885326	0.442689	0	0	0.442689	0.885326	0.442689	0.442689	0.442689	0.442689	0.442689	0.442689	0.442689	0.885326	1.32786	0.442689	0.442689	0.442689	0.442689	0.885326	0.885326	0.442689	0.442689	0.885326	0.442689	0	0	0.442689	0.885326	0.442689	0	0.442689	0.442689	0	0	0	0.442689	0.442689	0	0.442689	0.442689	0	0	0	0	0	0	0	0	0	0	0	0	0	0	0	0	0	0	0	0	0	0	0	0	0	0	0	0	0	0	0	0	0	0	0.442689	0.442689	0	0	0	0	0	0	0.442689	0.442689	0	0	0.442689	0.442689	0	0.442689	0.442689	0	0	0.885326	0.885326	0.442689	0.442689	0.442689	0.442689	0	0.442689	0.442689	0.885326	0.885326	0.442689	0.442689	0.442689	0.885326	0.442689	0.442689	0.442689	0.442689	0.442689	0.442689	0.442689	0.442689	0.885326	0.442689	0	0	0.442689	0.885326	0.442689	0	0.442689	0.885326	0.442689	0.442689	0.442689	0	0.442689	0.442689	0.442689	0.442689	0.442689	0.442689	0.442689	0.442689	0	0.442689	0.442689	0	0.442689	0.442689	0	0	0	0.442689	0.442689	0	0.442689	0.442689	0	0	0	0.442689	0.442689	0	0	0	0.442689	0.442689	0	0	0	0	0	0	0	0	0	0	0	0	0	0	0	0	0	0	0.442689	0.442689	0	0	0	0	0	0.442689	0.442689	0	0	0	0	0	0	0	0	0	0.442689	0.442689	0	0	0	0	0	0	0	0	0	0	0	0	0	0
0	0	0	0	0	0	0	0.442648	0.442648	0	0	0	0	0	0	0	0	0	0.442648	0.442648	0	0	0	0	0	0.442648	0.442648	0	0.442648	0.442648	0	0	0.442648	0.442648	0	0	0.442648	0.885244	0.442648	0	0.442648	0.885244	0.442648	0	0	0.442648	0.885244	0.442648	0.442648	0.442648	0.442648	0.442648	0.442648	0.442648	0.885244	1.32773	0.442648	0.442648	0.442648	0.442648	0.885244	0.885244	0.442648	0.442648	0.885244	0.442648	0	0	0.442648	0.885244	0.442648	0	0.442648	0.442648	0	0	0	0.442648	0.442648	0	0.442648	0.442648	0	0	0	0	0	0	0	0	0	0	0	0	0	0	0	0	0	0	0	0	0	0	0	0	0	0	0	0	0	0	0	0	0	0	0.442648	0.442648	0	0	0	0	0	0	0.442648	0.442648	0	0	0.442648	0.442648	0	0.442648	0.442648	0	0	0.885244	0.885244	0.442648	0.442648	0.442648	0.442648	0	0.442648	0.442648	0.885244	0.885244	0.442648	0.442648	0.442648	0.885244	0.442648	0.442648	0.442648	0.442648	0.442648	0.442648	0.442648	0.442648	0.885244	0.442648	0	0	0.442648	0.885244	0.442648	0	0.442648	0.885244	0.442648	0.442648	0.442648	0	0.442648	0.442648	0.442648	0.442648	0.442648	0.442648	0.442648	0.442648	0	0.442648	0.442648	0	0.442648	0.442648	0	0	0	0.442648	0.442648	0	0.442648	0.442648	0	0	0	0.442648	0.442648	0	0	0	0.442648	0.442648	0	0	0	0	0	0	0	0	0	0	0	0	0	0	0	0	0	0	0.442648	0.442648	0	0	0	0	0	0.442648	0.442648	0	0	0	0	0	0	0	0	0	0.442648	0.442648	0	0	0	0	0	0	0	0	0	0	0	0	0	0
0	0	0	0	0	0	0	0.442601	0.442601	0	0	0	0	0	0	0	0	0	0.442601	0.442601	0	0	0	0	0	0.442601	0.442601	0	0.442601	0.442601	0	0	0.442601	0.442601	0	0	0.442601	0.885148	0.442601	0	0.442601	0.885148	0.442601	0	0	0.442601	0.885148	0.442601	0.442601	0.442601	0.442601	0.442601	0.442601	0.442601	0.885148	1.32759	0.442601	0.442601	0.442601	0.442601	0.885148	0.885148	0.442601	0.442601	0.885148	0.442601	0	0	0.442601	0.885148	0.442601	0	0.442601	0.442601	0	0	0	0.442601	0.442601	0	0.442601	0.442601	0	0	0	0	0	0	0	0	0	0	0	0	0	0	0	0	0	0	0	0	0	0	0	0	0	0	0	0	0	0	0	0	0	0	0.442601	0.442601	0	0	0	0	0	0	0.442601	0.442601	0	0	0.442601	0.442601	0	0.442601	0.442601	0	0	0.885148	0.885148	0.442601	0.442601	0.442601	0.442601	0	0.442601	0.442601	0.885148	0.885148	0.442601	0.442601	0.442601	0.885148	0.442601	0.442601	0.442601	0.442601	0.442601	0.442601	0.442601	0.442601	0.885148	0.442601	0	0	0.442601	0.885148	0.442601	0	0.442601	0.885148	0.442601	0.442601	0.442601	0	0.442601	0.442601	0.442601	0.442601	0.442601	0.442601	0.442601	0.442601	0	0.442601	0.442601	0	0.442601	0.442601	0	0	0	0.442601	0.442601	0	0.442601	0.442601	0	0	0	0.442601	0.442601	0	0	0	0.442601	0.442601	0	0	0	0	0	0	0	0	0	0	0	0	0	0	0	0	0	0	0.442601	0.442601	0	0	0	0	0	0.442601	0.442601	0	0	0	0	0	0	0	0	0	0.442601	0.442601	0	0	0	0	0	0	0	0	0	0	0	0	0	0
0	0	0	0	0	0	0	0.44256	0.44256	0	0	0	0	0	0	0	0	0	0.44256	0.44256	0	0	0	0	0	0.44256	0.44256	0	0.44256	0.44256	0	0	0.44256	0.44256	0	0	0.44256	0.885066	0.44256	0	0.44256	0.885066	0.44256	0	0	0.44256	0.885066	0.44256	0.44256	0.44256	0.44256	0.44256	0.44256	0.44256	0.885066	1.32747	0.44256	0.44256	0.44256	0.44256	0.885066	0.885066	0.44256	0.44256	0.885066	0.44256	0	0	0.44256	0.885066	0.44256	0	0.44256	0.44256	0	0	0	0.44256	0.44256	0	0.44256	0.44256	0	0	0	0	0	0	0	0	0	0	0	0	0	0	0	0	0	0	0	0	0	0	0	0	0	0	0	0	0	0	0	0	0	0	0.44256	0.44256	0	0	0	0	0	0	0.44256	0.44256	0	0	0.44256	0.44256	0	0.44256	0.44256	0	0	0.885066	0.885066	0.44256	0.44256	0.44256	0.44256	0	0.44256	0.44256	0.885066	0.885066	0.44256	0.44256	0.44256	0.885066	0.44256	0.44256	0.44256	0.44256	0.44256	0.44256	0.44256	0.44256	0.885066	0.44256	0	0	0.44256	0.885066	0.44256	0	0.44256	0.885066	0.44256	0.44256	0.44256	0	0.44256	0.44256	0.44256	0.44256	0.44256	0.44256	0.44256	0.44256	0	0.44256	0.44256	0	0.44256	0.44256	0	0	0	0.44256	0.44256	0	0.44256	0.44256	0	0	0	0.44256	0.44256	0	0	0	0.44256	0.44256	0	0	0	0	0	0	0	0	0	0	0	0	0	0	0	0	0	0	0.44256	0.44256	0	0	0	0	0	0.44256	0.44256	0	0	0	0	0	0	0	0	0	0.44256	0.44256	0	0	0	0	0	0	0	0	0	0	0	0	0	0
0	0	0	0	0	0	0	0.442518	0.442518	0	0	0	0	0	0	0	0	0	0.442518	0.442518	0	0	0	0	0	0.442518	0.442518	0	0.442518	0.442518	0	0	0.442518	0.442518	0	0	0.442518	0.884984	0.442518	0	0.442518	0.884984	0.442518	0	0	0.442518	0.884984	0.442518	0.442518	0.442518	0.442518	0.442518	0.442518	0.442518	0.884984	1.32734	0.442518	0.442518	0.442518	0.442518	0.884984	0.884984	0.442518	0.442518	0.884984	0.442518	0	0	0.442518	0.884984	0.442518	0	0.442518	0.442518	0	0	0	0.442518	0.442518	0	0.442518	0.442518	0	0	0	0	0	0	0	0	0	0	0	0	0	0	0	0	0	0	0	0	0	0	0	0	0	0	0	0	0	0	0	0	0	0	0.442518	0.442518	0	0	0	0	0	0	0.442518	0.442518	0	0	0.442518	0.442518	0	0.442518	0.442518	0	0	0.884984	0.884984	0.442518	0.442518	0.442518	0.442518	0	0.442518	0.442518	0.884984	0.884984	0.442518	0.442518	0.442518	0.884984	0.442518	0.442518	0.442518	0.442518	0.442518	0.442518	0.442518	0.442518	0.884984	0.442518	0	0	0.442518	0.884984	0.442518	0	0.442518	0.884984	0.442518	0.442518	0.442518	0	0.442518	0.442518	0.442518	0.442518	0.442518	0.442518	0.442518	0.442518	0	0.442518	0.442518	0	0.442518	0.442518	0	0	0	0.442518	0.442518	0	0.442518	0.442518	0	0	0	0.442518	0.442518	0	0	0	0.442518	0.442518	0	0	0	0	0	0	0	0	0	0	0	0	0	0	0	0	0	0	0.442518	0.442518	0	0	0	0	0	0.442518	0.442518	0	0	0	0	0	0	0	0	0	0.442518	0.442518	0	0	0	0	0	0	0	0	0	0	0	0	0	0
0	0	0	0	0	0	0	0.442477	0.442477	0	0	0	0	0	0	0	0	0	0.442477	0.442477	0	0	0	0	0	0.442477	0.442477	0	0.442477	0.442477	0	0	0.442477	0.442477	0	0	0.442477	0.884902	0.442477	0	0.442477	0.884902	0.442477	0	0	0.442477	0.884902	0.442477	0.442477	0.442477	0.442477	0.442477	0.442477	0.442477	0.884902	1.32722	0.442477	0.442477	0.442477	0.442477	0.884902	0.884902	0.442477	0.442477	0.884902	0.442477	0	0	0.442477	0.884902	0.442477	0	0.442477	0.442477	0	0	0	0.442477	0.442477	0	0.442477	0.442477	0	0	0	0	0	0	0	0	0	0	0	0	0	0	0	0	0	0	0	0	0	0	0	0	0	0	0	0	0	0	0	0	0	0	0.442477	0.442477	0	0	0	0	0	0	0.442477	0.442477	0	0	0.442477	0.442477	0	0.442477	0.442477	0	0	0.884902	0.884902	0.442477	0.442477	0.442477	0.442477	0	0.442477	0.442477	0.884902	0.884902	0.442477	0.442477	0.442477	0.884902	0.442477	0.442477	0.442477	0.442477	0.442477	0.442477	0.442477	0.442477	0.884902	0.442477	0	0	0.442477	0.884902	0.442477	0	0.442477	0.884902	0.442477	0.442477	0.442477	0	0.442477	0.442477	0.442477	0.442477	0.442477	0.442477	0.442477	0.442477	0	0.442477	0.442477	0	0.442477	0.442477	0	0	0	0.442477	0.442477	0	0.442477	0.442477	0	0	0	0.442477	0.442477	0	0	0	0.442477	0.442477	0	0	0	0	0	0	0	0	0	0	0	0	0	0	0	0	0	0	0.442477	0.442477	0	0	0	0	0	0.442477	0.442477	0	0	0	0	0	0	0	0	0	0.442477	0.442477	0	0	0	0	0	0	0	0	0	0	0	0	0	0
0	0	0	0	0	0	0	0.442436	0.442436	0	0	0	0	0	0	0	0	0	0.442436	0.442436	0	0	0	0	0	0.442436	0.442436	0	0.442436	0.442436	0	0	0.442436	0.442436	0	0	0.442436	0.88482	0.442436	0	0.442436	0.88482	0.442436	0	0	0.442436	0.88482	0.442436	0.442436	0.442436	0.442436	0.442436	0.442436	0.442436	0.88482	1.3271	0.442436	0.442436	0.442436	0.442436	0.88482	0.88482	0.442436	0.442436	0.88482	0.442436	0	0	0.442436	0.88482	0.442436	0	0.442436	0.442436	0	0	0	0.442436	0.442436	0	0.442436	0.442436	0	0	0	0	0	0	0	0	0	0	0	0	0	0	0	0	0	0	0	0	0	0	0	0	0	0	0	0	0	0	0	0	0	0	0.442436	0.442436	0	0	0	0	0	0	0.442436	0.442436	0	0	0.442436	0.442436	0	0.442436	0.442436	0	0	0.88482	0.88482	0.442436	0.442436	0.442436	0.442436	0	0.442436	0.442436	0.88482	0.88482	0.442436	0.442436	0.442436	0.88482	0.442436	0.442436	0.442436	0.442436	0.442436	0.442436	0.442436	0.442436	0.88482	0.442436	0	0	0.442436	0.88482	0.442436	0	0.442436	0.88482	0.442436	0.442436	0.442436	0	0.442436	0.442436	0.442436	0.442436	0.442436	0.442436	0.442436	0.442436	0	0.442436	0.442436	0	0.442436	0.442436	0	0	0	0.442436	0.442436	0	0.442436	0.442436	0	0	0	0.442436	0.442436	0	0	0	0.442436	0.442436	0	0	0	0	0	0	0	0	0	0	0	0	0	0	0	0	0	0	0.442436	0.442436	0	0	0	0	0	0.442436	0.442436	0	0	0	0	0	0	0	0	0	0.442436	0.442436	0	0	0	0	0	0	0	0	0	0	0	0	0	0
0.782066	0.884793	0.884793	0.884793	0.884793	0.884793	0.884793	0.842296	0.644912	0.442423	0.442423	0.442423	0.442423	0.442423	0.442423	0.442423	0.442423	0.442423	0.625649	0.625649	0.442423	0.442423	0.442423	0.442423	0.442423	0.625649	0.625649	0.442423	0.625649	0.625649	0.442423	0.349766	0.494617	0.469245	0.349766	0.156418	0.442395	0.78202	0.469245	0.349766	0.56394	0.884738	0.442395	0.156418	0.349766	0.625649	0.98916	0.625649	0.625649	0.625649	0.782043	0.951378	1.13861	1.33622	1.44182	1.57158	0.989197	0.989197	0.989197	0.989197	1.25115	1.25115	0.989197	0.989197	1.25115	0.989197	0.884793	0.884793	0.989197	1.25115	0.989197	0.884793	0.989197	0.989197	0.884793	1.00149	1.22152	1.26092	1.04919	0.884793	0.842296	0.797538	0.782066	0.884793	0.884793	0.884793	0.884793	0.884793	0.884793	0.884793	0.884793	0.884793	0.884793	0.884793	0.884793	0.884793	0.884793	0.884793	0.782066	0.563972	0.442423	0.442423	0.442423	0.442423	0.442423	0.442423	0.442423	0.442423	0.442423	0.442423	0.442423	0.442423	0.442423	0.442423	0.442423	0.442423	0.469245	0.349749	0	0	0	0	0	0	0.442395	0.56394	0.349766	0.442423	0.625649	0.625649	0.442423	0.625649	0.625649	0.442423	0.442423	0.84226	0.78202	0.442395	0.442395	0.442395	0.56394	0.349766	0.625649	0.625649	0.84226	0.78202	0.442395	0.442395	0.442395	0.884738	0.442395	0.349749	0.469245	0.625649	0.644893	0.56394	0.442395	0.349749	0.84226	0.625649	0.349766	0.156418	0.349749	0.84226	0.625649	0.442423	0.625649	0.98916	0.625649	0.644912	0.842296	0.782066	0.797538	0.842296	0.989197	0.989197	0.989197	0.989197	1.04919	1.26092	1.22152	1.1911	1.26092	1.32706	1.39881	1.39881	1.32706	1.32706	1.32706	1.39881	1.39881	1.32706	1.47536	1.69148	1.76916	1.66233	1.44185	1.47536	1.69148	1.66233	1.44185	1.32706	1.47536	1.69148	1.76916	1.76916	1.66233	1.44185	1.32706	1.32706	1.32706	1.32706	1.32706	1.32706	1.32706	1.32706	1.32706	1.32706	1.32706	1.32706	1.32706	1.32706	1.26092	1.04919	0.884793	0.884793	0.884793	0.884793	0.884793	0.842296	0.644912	0.563972	0.782066	0.884793	0.884793	0.884793	0.884793	0.884793	0.884793	0.884793	0.842296	0.644912	0.442423	0.442423	0.442423	0.442423	0.442423	0.442423	0.442423	0.442423	0.442423	0.442423	0.442423	0.442423	0.349766	0.156418
0.842216	0.884711	0.884711	0.884711	0.884711	0.884711	0.884711	0.781994	0.56392	0.442382	0.442382	0.442382	0.442382	0.442382	0.442382	0.442382	0.442382	0.442382	0.625586	0.625586	0.442382	0.442382	0.442382	0.442382	0.442382	0.625586	0.625586	0.442382	0.625586	0.625586	0.442382	0.469198	0.494565	0.349733	0.469198	0.349712	0.442348	0.56388	0.349733	0.469198	0.781936	0.884643	0.442348	0.349712	0.469198	0.625586	0.989056	0.625586	0.625586	0.625586	0.951261	1.09469	1.26077	1.44168	1.3361	1.40734	0.989102	0.989102	0.989102	0.989102	1.25102	1.25102	0.989102	0.989102	1.25102	0.989102	0.884711	0.884711	0.989102	1.25102	0.989102	0.884711	0.989102	0.989102	0.884711	1.0491	1.2608	1.22141	1.0014	0.884711	0.781994	0.797461	0.842216	0.884711	0.884711	0.884711	0.884711	0.884711	0.884711	0.884711	0.884711	0.884711	0.884711	0.884711	0.884711	0.884711	0.884711	0.884711	0.842216	0.644849	0.442382	0.442382	0.442382	0.442382	0.442382	0.442382	0.442382	0.442382	0.442382	0.442382	0.442382	0.442382	0.442382	0.442382	0.442382	0.442382	0.349733	0.156402	0	0	0	0	0	0	0.442348	0.781936	0.469198	0.442382	0.625586	0.625586	0.442382	0.625586	0.625586	0.442382	0.442382	0.644826	0.56388	0.442348	0.442348	0.442348	0.781936	0.469198	0.625586	0.625586	0.644826	0.56388	0.442348	0.442348	0.442348	0.884643	0.442348	0.156402	0.349733	0.625586	0.842171	0.781936	0.442348	0.156402	0.644826	0.625586	0.469198	0.349712	0.156402	0.644826	0.625586	0.442382	0.625586	0.989056	0.625586	0.56392	0.781994	0.842216	0.797461	0.781994	0.989102	0.989102	0.989102	0.989102	1.0014	1.22141	1.2608	1.19099	1.22141	1.32693	1.39867	1.39867	1.32693	1.32693	1.32693	1.39867	1.39867	1.32693	1.44171	1.66218	1.769	1.69132	1.47522	1.44171	1.66218	1.69132	1.47522	1.32693	1.44171	1.66218	1.769	1.769	1.69132	1.47522	1.32693	1.32693	1.32693	1.32693	1.32693	1.32693	1.32693	1.32693	1.32693	1.32693	1.32693	1.32693	1.32693	1.32693	1.22141	1.0014	0.884711	0.884711	0.884711	0.884711	0.884711	0.781994	0.56392	0.644849	0.842216	0.884711	0.884711	0.884711	0.884711	0.884711	0.884711	0.884711	0.781994	0.56392	0.442382	0.442382	0.442382	0.442382	0.442382	0.442382	0.442382	0.442382	0.442382	0.442382	0.442382	0.442382	0.469198	0.349712
0.442307	0	0	0	0	0	0	0	0	0	0	0	0	0	0	0	0	0	0.442307	0.442307	0	0	0	0	0	0.442307	0.442307	0	0.442307	0.442307	0	0.442307	0.442307	0	0.442307	0.442307	0.442307	0.442307	0	0.442307	0.884561	0.884561	0.442307	0.442307	0.442307	0.442307	0.884561	0.442307	0.442307	0.442307	0.884561	0.884561	0.884561	0.884561	0.442307	0.884561	0.442307	0.442307	0.442307	0.442307	0.884561	0.884561	0.442307	0.442307	0.884561	0.442307	0	0	0.442307	0.884561	0.442307	0	0.442307	0.442307	0	0.442307	0.442307	0	0	0	0	0.442307	0.442307	0	0	0	0	0	0	0	0	0	0	0	0	0	0	0	0.442307	0.442307	0	0	0	0	0	0	0	0	0	0	0	0	0	0	0	0	0	0	0	0	0	0	0	0	0.442307	0.884561	0.442307	0	0.442307	0.442307	0	0.442307	0.442307	0	0	0.442307	0.442307	0.442307	0.442307	0.442307	0.884561	0.442307	0.442307	0.442307	0.442307	0.442307	0.442307	0.442307	0.442307	0.884561	0.442307	0	0	0.442307	0.884561	0.884561	0.442307	0	0.442307	0.442307	0.442307	0.442307	0	0.442307	0.442307	0	0.442307	0.884561	0.442307	0	0	0.442307	0.442307	0	0.442307	0.442307	0.442307	0.442307	0	0	0.442307	0.442307	0	0	0.442307	0.442307	0	0	0	0.442307	0.442307	0	0	0	0	0.442307	0.442307	0	0	0.442307	0.442307	0	0	0	0	0	0.442307	0.442307	0	0	0	0	0	0	0	0	0	0	0	0	0	0	0	0	0	0	0	0	0	0	0	0.442307	0.442307	0	0	0	0	0	0	0	0	0	0	0	0	0	0	0	0	0	0	0	0	0	0.442307	0.442307
0.442266	0	0	0	0	0	0	0	0	0	0	0	0	0	0	0	0	0	0.442266	0.442266	0	0	0	0	0	0.442266	0.442266	0	0.442266	0.442266	0	0.442266	0.442266	0	0.442266	0.442266	0.442266	0.442266	0	0.442266	0.884479	0.884479	0.442266	0.442266	0.442266	0.442266	0.884479	0.442266	0.442266	0.442266	0.884479	0.884479	0.884479	0.884479	0.442266	0.884479	0.442266	0.442266	0.442266	0.442266	0.884479	0.884479	0.442266	0.442266	0.884479	0.442266	0	0	0.442266	0.884479	0.442266	0	0.442266	0.442266	0	0.442266	0.442266	0	0	0	0	0.442266	0.442266	0	0	0	0	0	0	0	0	0	0	0	0	0	0	0	0.442266	0.442266	0	0	0	0	0	0	0	0	0	0	0	0	0	0	0	0	0	0	0	0	0	0	0	0	0.442266	0.884479	0.442266	0	0.442266	0.442266	0	0.442266	0.442266	0	0	0.442266	0.442266	0.442266	0.442266	0.442266	0.884479	0.442266	0.442266	0.442266	0.442266	0.442266	0.442266	0.442266	0.442266	0.884479	0.442266	0	0	0.442266	0.884479	0.884479	0.442266	0	0.442266	0.442266	0.442266	0.442266	0	0.442266	0.442266	0	0.442266	0.884479	0.442266	0	0	0.442266	0.442266	0	0.442266	0.442266	0.442266	0.442266	0	0	0.442266	0.442266	0	0	0.442266	0.442266	0	0	0	0.442266	0.442266	0	0	0	0	0.442266	0.442266	0	0	0.442266	0.442266	0	0	0	0	0	0.442266	0.442266	0	0	0	0	0	0	0	0	0	0	0	0	0	0	0	0	0	0	0	0	0	0	0	0.442266	0.442266	0	0	0	0	0	0	0	0	0	0	0	0	0	0	0	0	0	0	0	0	0	0.442266	0.442266
0.442225	0	0	0	0	0	0	0	0	0	0	0	0	0	0	0	0	0	0.442225	0.442225	0	0	0	0	0	0.442225	0.442225	0	0.442225	0.442225	0	0.442225	0.442225	0	0.442225	0.442225	0.442225	0.442225	0	0.442225	0.884397	0.884397	0.442225	0.442225	0.442225	0.442225	0.884397	0.442225	0.442225	0.442225	0.884397	0.884397	0.884397	0.884397	0.442225	0.884397	0.442225	0.442225	0.442225	0.442225	0.884397	0.884397	0.442225	0.442225	0.884397	0.442225	0	0	0.442225	0.884397	0.442225	0	0.442225	0.442225	0	0.442225	0.442225	0	0	0	0	0.442225	0.442225	0	0	0	0	0	0	0	0	0	0	0	0	0	0	0	0.442225	0.442225	0	0	0	0	0	0	0	0	0	0	0	0	0	0	0	0	0	0	0	0	0	0	0	0	0.442225	0.884397	0.442225	0	0.442225	0.442225	0	0.442225	0.442225	0	0	0.442225	0.442225	0.442225	0.442225	0.442225	0.884397	0.442225	0.442225	0.442225	0.442225	0.442225	0.442225	0.442225	0.442225	0.884397	0.442225	0	0	0.442225	0.884397	0.884397	0.442225	0	0.442225	0.442225	0.442225	0.442225	0	0.442225	0.442225	0	0.442225	0.884397	0.442225	0	0	0.442225	0.442225	0	0.442225	0.442225	0.442225	0.442225	0	0	0.442225	0.442225	0	0	0.442225	0.442225	0	0	0	0.442225	0.442225	0	0	0	0	0.442225	0.442225	0	0	0.442225	0.442225	0	0	0	0	0	0.442225	0.442225	0	0	0	0	0	0	0	0	0	0	0	0	0	0	0	0	0	0	0	0	0	0	0	0.442225	0.442225	0	0	0	0	0	0	0	0	0	0	0	0	0	0	0	0	0	0	0	0	0	0.442225	0.442225
0.442184	0	0	0	0	0	0	0	0	0	0	0	0	0	0	0	0	0	0.442184	0.442184	0	0	0	0	0	0.442184	0.442184	0	0.442184	0.442184	0	0.442184	0.442184	0	0.442184	0.442184	0.442184	0.442184	0	0.442184	0.884315	0.884315	0.442184	0.442184	0.442184	0.442184	0.884315	0.442184	0.442184	0.442184	0.884315	0.884315	0.884315	0.884315	0.442184	0.884315	0.442184	0.442184	0.442184	0.442184	0.884315	0.884315	0.442184	0.442184	0.884315	0.442184	0	0	0.442184	0.884315	0.442184	0	0.442184	0.442184	0	0.442184	0.442184	0	0	0	0	0.442184	0.442184	0	0	0	0	0	0	0	0	0	0	0	0	0	0	0	0.442184	0.442184	0	0	0	0	0	0	0	0	0	0	0	0	0	0	0	0	0	0	0	0	0	0	0	0	0.442184	0.884315	0.442184	0	0.442184	0.442184	0	0.442184	0.442184	0	0	0.442184	0.442184	0.442184	0.442184	0.442184	0.884315	0.442184	0.442184	0.442184	0.442184	0.442184	0.442184	0.442184	0.442184	0.884315	0.442184	0	0	0.442184	0.884315	0.884315	0.442184	0	0.442184	0.442184	0.442184	0.442184	0	0.442184	0.442184	0	0.442184	0.884315	0.442184	0	0	0.442184	0.442184	0	0.442184	0.442184	0.442184	0.442184	0	0	0.442184	0.442184	0	0	0.442184	0.442184	0	0	0	0.442184	0.442184	0	0	0	0	0.442184	0.442184	0	0	0.442184	0.442184	0	0	0	0	0	0.442184	0.442184	0	0	0	0	0	0	0	0	0	0	0	0	0	0	0	0	0	0	0	0	0	0	0	0.442184	0.442184	0	0	0	0	0	0	0	0	0	0	0	0	0	0	0	0	0	0	0	0	0	0.442184	0.442184
0.442143	0	0	0	0	0	0	0	0	0	0	0	0	0	0	0	0	0	0.442143	0.442143	0	0	0	0	0	0.442143	0.442143	0	0.442143	0.442143	0	0.442143	0.442143	0	0.442143	0.442143	0.442143	0.442143	0	0.442143	0.884233	0.884233	0.442143	0.442143	0.442143	0.442143	0.884233	0.442143	0.442143	0.442143	0.884233	0.884233	0.884233	0.884233	0.442143	0.884233	0.442143	0.442143	0.442143	0.442143	0.884233	0.884233	0.442143	0.442143	0.884233	0.442143	0	0	0.442143	0.884233	0.442143	0	0.442143	0.442143	0	0.442143	0.442143	0	0	0	0	0.442143	0.442143	0	0	0	0	0	0	0	0	0	0	0	0	0	0	0	0.442143	0.442143	0	0	0	0	0	0	0	0	0	0	0	0	0	0	0	0	0	0	0	0	0	0	0	0	0.442143	0.884233	0.442143	0	0.442143	0.442143	0	0.442143	0.442143	0	0	0.442143	0.442143	0.442143	0.442143	0.442143	0.884233	0.442143	0.442143	0.442143	0.442143	0.442143	0.442143	0.442143	0.442143	0.884233	0.442143	0	0	0.442143	0.884233	0.884233	0.442143	0	0.442143	0.442143	0.442143	0.442143	0	0.442143	0.442143	0	0.442143	0.884233	0.442143	0	0	0.442143	0.442143	0	0.442143	0.442143	0.442143	0.442143	0	0	0.442143	0.442143	0	0	0.442143	0.442143	0	0	0	0.442143	0.442143	0	0	0	0	0.442143	0.442143	0	0	0.442143	0.442143	0	0	0	0	0	0.442143	0.442143	0	0	0	0	0	0	0	0	0	0	0	0	0	0	0	0	0	0	0	0	0	0	0	0.442143	0.442143	0	0	0	0	0	0	0	0	0	0	0	0	0	0	0	0	0	0	0	0	0	0.442143	0.442143
0.442095	0	0	0	0	0	0	0	0	0	0	0	0	0	0	0	0	0	0.442095	0.442095	0	0	0	0	0	0.442095	0.442095	0	0.442095	0.442095	0	0.442095	0.442095	0	0.442095	0.442095	0.442095	0.442095	0	0.442095	0.884138	0.884138	0.442095	0.442095	0.442095	0.442095	0.884138	0.442095	0.442095	0.442095	0.884138	0.884138	0.884138	0.884138	0.442095	0.884138	0.442095	0.442095	0.442095	0.442095	0.884138	0.884138	0.442095	0.442095	0.884138	0.442095	0	0	0.442095	0.884138	0.442095	0	0.442095	0.442095	0	0.442095	0.442095	0	0	0	0	0.442095	0.442095	0	0	0	0	0	0	0	0	0	0	0	0	0	0	0	0.442095	0.442095	0	0	0	0	0	0	0	0	0	0	0	0	0	0	0	0	0	0	0	0	0	0	0	0	0.442095	0.884138	0.442095	0	0.442095	0.442095	0	0.442095	0.442095	0	0	0.442095	0.442095	0.442095	0.442095	0.442095	0.884138	0.442095	0.442095	0.442095	0.442095	0.442095	0.442095	0.442095	0.442095	0.884138	0.442095	0	0	0.442095	0.884138	0.884138	0.442095	0	0.442095	0.442095	0.442095	0.442095	0	0.442095	0.442095	0	0.442095	0.884138	0.442095	0	0	0.442095	0.442095	0	0.442095	0.442095	0.442095	0.442095	0	0	0.442095	0.442095	0	0	0.442095	0.442095	0	0	0	0.442095	0.442095	0	0	0	0	0.442095	0.442095	0	0	0.442095	0.442095	0	0	0	0	0	0.442095	0.442095	0	0	0	0	0	0	0	0	0	0	0	0	0	0	0	0	0	0	0	0	0	0	0	0.442095	0.442095	0	0	0	0	0	0	0	0	0	0	0	0	0	0	0	0	0	0	0	0	0	0.442095	0.442095
0.442054	0	0	0	0	0	0	0	0	0	0	0	0	0	0	0	0	0	0.442054	0.442054	0	0	0	0	0	0.442054	0.442054	0	0.442054	0.442054	0	0.442054	0.442054	0	0.442054	0.442054	0.442054	0.442054	0	0.442054	0.884056	0.884056	0.442054	0.442054	0.442054	0.442054	0.884056	0.442054	0.442054	0.442054	0.884056	0.884056	0.884056	0.884056	0.442054	0.884056	0.442054	0.442054	0.442054	0.442054	0.884056	0.884056	0.442054	0.442054	0.884056	0.442054	0	0	0.442054	0.884056	0.442054	0	0.442054	0.442054	0	0.442054	0.442054	0	0	0	0	0.442054	0.442054	0	0	0	0	0	0	0	0	0	0	0	0	0	0	0	0.442054	0.442054	0	0	0	0	0	0	0	0	0	0	0	0	0	0	0	0	0	0	0	0	0	0	0	0	0.442054	0.884056	0.442054	0	0.442054	0.442054	0	0.442054	0.442054	0	0	0.442054	0.442054	0.442054	0.442054	0.442054	0.884056	0.442054	0.442054	0.442054	0.442054	0.442054	0.442054	0.442054	0.442054	0.884056	0.442054	0	0	0.442054	0.884056	0.884056	0.442054	0	0.442054	0.442054	0.442054	0.442054	0	0.442054	0.442054	0	0.442054	0.884056	0.442054	0	0	0.442054	0.442054	0	0.442054	0.442054	0.442054	0.442054	0	0	0.442054	0.442054	0	0	0.442054	0.442054	0	0	0	0.442054	0.442054	0	0	0	0	0.442054	0.442054	0	0	0.442054	0.442054	0	0	0	0	0	0.442054	0.442054	0	0	0	0	0	0	0	0	0	0	0	0	0	0	0	0	0	0	0	0	0	0	0	0.442054	0.442054	0	0	0	0	0	0	0	0	0	0	0	0	0	0	0	0	0	0	0	0	0	0.442054	0.442054
0.442013	0	0	0	0	0	0	0	0	0	0	0	0	0	0	0	0	0	0.442013	0.442013	0	0	0	0	0	0.442013	0.442013	0	0.442013	0.442013	0	0.442013	0.442013	0	0.442013	0.442013	0.442013	0.442013	0	0.442013	0.883974	0.883974	0.442013	0.442013	0.442013	0.442013	0.883974	0.442013	0.442013	0.442013	0.883974	0.883974	0.883974	0.883974	0.442013	0.883974	0.442013	0.442013	0.442013	0.442013	0.883974	0.883974	0.442013	0.442013	0.883974	0.442013	0	0	0.442013	0.883974	0.442013	0	0.442013	0.442013	0	0.442013	0.442013	0	0	0	0	0.442013	0.442013	0	0	0	0	0	0	0	0	0	0	0	0	0	0	0	0.442013	0.442013	0	0	0	0	0	0	0	0	0	0	0	0	0	0	0	0	0	0	0	0	0	0	0	0	0.442013	0.883974	0.442013	0	0.442013	0.442013	0	0.442013	0.442013	0	0	0.442013	0.442013	0.442013	0.442013	0.442013	0.883974	0.442013	0.442013	0.442013	0.442013	0.442013	0.442013	0.442013	0.442013	0.883974	0.442013	0	0	0.442013	0.883974	0.883974	0.442013	0	0.442013	0.442013	0.442013	0.442013	0	0.442013	0.442013	0	0.442013	0.883974	0.442013	0	0	0.442013	0.442013	0	0.442013	0.442013	0.442013	0.442013	0	0	0.442013	0.442013	0	0	0.442013	0.442013	0	0	0	0.442013	0.442013	0	0	0	0	0.442013	0.442013	0	0	0.442013	0.442013	0	0	0	0	0	0.442013	0.442013	0	0	0	0	0	0	0	0	0	0	0	0	0	0	0	0	0	0	0	0	0	0	0	0.442013	0.442013	0	0	0	0	0	0	0	0	0	0	0	0	0	0	0	0	0	0	0	0	0	0.442013	0.442013
1.04821	0.88396	0.88396	0.88396	0.88396	0.88396	0.88396	0.88396	0.88396	0.88396	0.88396	0.88396	0.88396	0.88396	0.88396	0.88396	0.78133	0.563441	0.644302	0.841501	0.78133	0.563441	0.442006	0.349437	0.15627	0.349415	0.468799	0.442006	0.625055	0.625055	0.442006	0.625055	0.644279	0.15627	0.441972	0.441972	0.441972	0.563401	0.349437	0.468799	0.911095	1.04814	0.625055	0.625055	0.625055	0.625055	0.988217	0.625055	0.625055	0.625055	1.13749	1.25967	1.09376	0.950454	0.625055	1.13749	0.950478	0.988263	0.988263	0.988263	1.24996	1.24996	0.988263	0.988263	1.24996	0.988263	1.00055	1.22037	1.25973	1.2597	0.988263	1.00055	1.18998	1.18998	1.22037	1.39749	1.39749	1.32581	1.44049	1.66077	1.7675	1.68989	1.47397	1.32581	1.32581	1.32581	1.32581	1.22037	1.00055	0.88396	0.88396	0.88396	0.88396	0.88396	0.88396	0.88396	0.88396	0.88396	1.04821	1.18998	1.00055	0.88396	0.88396	0.88396	0.88396	0.88396	0.88396	0.88396	0.88396	0.88396	0.88396	0.88396	0.88396	0.88396	0.88396	0.88396	0.88396	1.00055	1.22037	1.32581	1.32581	1.32581	1.32581	1.32581	1.39749	1.44046	1.04821	0.88396	0.988263	0.988263	1.00055	1.18998	1.04821	1.00055	1.22037	1.39749	1.39749	1.39749	1.39749	1.25973	1.2597	0.988263	0.841501	0.644302	0.781301	0.950478	0.841501	0.644302	0.625055	0.988217	0.625055	0.442006	0.442006	0.625055	0.988217	0.841457	0.349415	0.15627	0.644279	0.625055	0.468799	0.349415	0.15627	0.494145	0.349415	0.15627	0.494145	0.662942	0.468799	0.349437	0.15627	0.349415	0.494145	0.15627	0.349415	0.494145	0.494145	0.468799	0.442006	0.442006	0.625055	0.625055	0.442006	0.442006	0.644302	0.841501	0.78133	0.563441	0.442006	0.644302	0.841501	0.88396	0.78133	0.563441	0.442006	0.644302	0.841501	0.88396	0.88396	0.988263	0.988263	0.88396	0.88396	0.88396	0.88396	0.88396	1.04821	1.25973	1.32581	1.32581	1.22037	1.00055	0.88396	0.88396	0.88396	0.88396	0.88396	0.88396	0.88396	0.88396	0.88396	0.88396	0.88396	0.88396	0.88396	0.88396	0.88396	0.88396	0.88396	0.88396	0.88396	0.841501	0.644302	0.442006	0.442006	0.442006	0.563441	0.78133	0.88396	0.88396	0.88396	0.88396	0.88396	0.88396	0.88396	0.78133	0.563441	0.442006	0.442006	0.442006	0.442006	0.349437	0.15627	0	0.349415	0.468799
1.00046	0.883878	0.883878	0.883878	0.883878	0.883878	0.883878	0.883878	0.883878	0.883878	0.883878	0.883878	0.883878	0.883878	0.883878	0.883878	0.841423	0.644242	0.563389	0.781258	0.841423	0.644242	0.441966	0.468756	0.349383	0.156255	0.349404	0.441966	0.624997	0.624997	0.441966	0.624997	0.841379	0.349383	0.441931	0.441931	0.441931	0.7812	0.468756	0.349404	0.91101	1.25953	0.624997	0.624997	0.624997	0.624997	0.988126	0.624997	0.624997	0.624997	1.33477	1.44028	0.95039	0.781229	0.624997	1.33477	1.09366	0.988171	0.988171	0.988171	1.24985	1.24985	0.988171	0.988171	1.24985	0.988171	1.04811	1.25961	1.22026	1.13743	0.988171	1.04811	1.18987	1.18987	1.25961	1.39736	1.39736	1.32569	1.47384	1.68973	1.76734	1.66062	1.44036	1.32569	1.32569	1.32569	1.32569	1.25961	1.04811	0.883878	0.883878	0.883878	0.883878	0.883878	0.883878	0.883878	0.883878	0.883878	1.00046	1.18987	1.04811	0.883878	0.883878	0.883878	0.883878	0.883878	0.883878	0.883878	0.883878	0.883878	0.883878	0.883878	0.883878	0.883878	0.883878	0.883878	0.883878	1.04811	1.25961	1.32569	1.32569	1.32569	1.32569	1.32569	1.39736	1.33484	1.00046	0.883878	0.988171	0.988171	1.04811	1.18987	1.00046	1.04811	1.25961	1.39736	1.39736	1.39736	1.39736	1.22026	1.13743	0.988171	0.781258	0.563389	0.950366	1.09366	0.781258	0.563389	0.624997	0.988126	0.624997	0.441966	0.441966	0.624997	0.988126	0.644219	0.156255	0.349383	0.841379	0.624997	0.349404	0.156255	0.349383	0.4941	0.156255	0.349383	0.4941	0.220969	0.349404	0.468756	0.349383	0.156255	0.4941	0.349383	0.156255	0.4941	0.4941	0.349404	0.441966	0.441966	0.624997	0.624997	0.441966	0.441966	0.563389	0.781258	0.841423	0.644242	0.441966	0.563389	0.781258	0.883878	0.841423	0.644242	0.441966	0.563389	0.781258	0.883878	0.883878	0.988171	0.988171	0.883878	0.883878	0.883878	0.883878	0.883878	1.00046	1.22026	1.32569	1.32569	1.25961	1.04811	0.883878	0.883878	0.883878	0.883878	0.883878	0.883878	0.883878	0.883878	0.883878	0.883878	0.883878	0.883878	0.883878	0.883878	0.883878	0.883878	0.883878	0.883878	0.883878	0.781258	0.563389	0.441966	0.441966	0.441966	0.644242	0.841423	0.883878	0.883878	0.883878	0.883878	0.883878	0.883878	0.883878	0.841423	0.644242	0.441966	0.441966	0.441966	0.441966	0.468756	0.349383	0	0.156255	0.349404
0	0	0	0	0	0	0	0	0	0	0	0	0	0	0	0	0.441884	0.441884	0	0	0.441884	0.441884	0	0.441884	0.441884	0	0	0	0.441884	0.441884	0	0.441884	0.883715	0.441884	0.441884	0.441884	0.441884	0.883715	0.441884	0	0.883715	1.32544	0.441884	0.441884	0.441884	0.441884	0.883715	0.441884	0.441884	0.441884	1.32544	1.32544	0.441884	0.441884	0.441884	1.32544	0.883715	0.441884	0.441884	0.441884	0.883715	0.883715	0.441884	0.441884	0.883715	0.441884	0.441884	0.441884	0	0.441884	0.441884	0.441884	0.441884	0.441884	0.441884	0.441884	0.441884	0	0.441884	0.441884	0	0	0	0	0	0	0	0.441884	0.441884	0	0	0	0	0	0	0	0	0	0	0.441884	0.441884	0	0	0	0	0	0	0	0	0	0	0	0	0	0	0	0	0.441884	0.441884	0	0	0	0	0	0.441884	0.441884	0	0	0.441884	0.441884	0.441884	0.441884	0	0.441884	0.441884	0.441884	0.441884	0.441884	0.441884	0	0.441884	0.441884	0	0	0.883715	0.883715	0	0	0.441884	0.883715	0.441884	0	0	0.441884	0.883715	0.441884	0	0.441884	0.883715	0.441884	0	0	0.441884	0.441884	0	0.441884	0.441884	0	0	0.441884	0.441884	0	0.441884	0.441884	0	0.441884	0.441884	0	0	0	0.441884	0.441884	0	0	0	0	0.441884	0.441884	0	0	0	0	0.441884	0.441884	0	0	0	0	0	0.441884	0.441884	0	0	0	0	0	0	0	0	0	0.441884	0.441884	0	0	0	0	0	0	0	0	0	0	0	0	0	0	0	0	0	0	0	0	0	0	0	0	0.441884	0.441884	0	0	0	0	0	0	0	0.441884	0.441884	0	0	0	0	0.441884	0.441884	0	0	0
0	0	0	0	0	0	0	0	0	0	0	0	0	0	0	0	0.441843	0.441843	0	0	0.441843	0.441843	0	0.441843	0.441843	0	0	0	0.441843	0.441843	0	0.441843	0.883633	0.441843	0.441843	0.441843	0.441843	0.883633	0.441843	0	0.883633	1.32532	0.441843	0.441843	0.441843	0.441843	0.883633	0.441843	0.441843	0.441843	1.32532	1.32532	0.441843	0.441843	0.441843	1.32532	0.883633	0.441843	0.441843	0.441843	0.883633	0.883633	0.441843	0.441843	0.883633	0.441843	0.441843	0.441843	0	0.441843	0.441843	0.441843	0.441843	0.441843	0.441843	0.441843	0.441843	0	0.441843	0.441843	0	0	0	0	0	0	0	0.441843	0.441843	0	0	0	0	0	0	0	0	0	0	0.441843	0.441843	0	0	0	0	0	0	0	0	0	0	0	0	0	0	0	0	0.441843	0.441843	0	0	0	0	0	0.441843	0.441843	0	0	0.441843	0.441843	0.441843	0.441843	0	0.441843	0.441843	0.441843	0.441843	0.441843	0.441843	0	0.441843	0.441843	0	0	0.883633	0.883633	0	0	0.441843	0.883633	0.441843	0	0	0.441843	0.883633	0.441843	0	0.441843	0.883633	0.441843	0	0	0.441843	0.441843	0	0.441843	0.441843	0	0	0.441843	0.441843	0	0.441843	0.441843	0	0.441843	0.441843	0	0	0	0.441843	0.441843	0	0	0	0	0.441843	0.441843	0	0	0	0	0.441843	0.441843	0	0	0	0	0	0.441843	0.441843	0	0	0	0	0	0	0	0	0	0.441843	0.441843	0	0	0	0	0	0	0	0	0	0	0	0	0	0	0	0	0	0	0	0	0	0	0	0	0.441843	0.441843	0	0	0	0	0	0	0	0.441843	0.441843	0	0	0	0	0.441843	0.441843	0	0	0
0	0	0	0	0	0	0	0	0	0	0	0	0	0	0	0	0.441802	0.441802	0	0	0.441802	0.441802	0	0.441802	0.441802	0	0	0	0.441802	0.441802	0	0.441802	0.883551	0.441802	0.441802	0.441802	0.441802	0.883551	0.441802	0	0.883551	1.3252	0.441802	0.441802	0.441802	0.441802	0.883551	0.441802	0.441802	0.441802	1.3252	1.3252	0.441802	0.441802	0.441802	1.3252	0.883551	0.441802	0.441802	0.441802	0.883551	0.883551	0.441802	0.441802	0.883551	0.441802	0.441802	0.441802	0	0.441802	0.441802	0.441802	0.441802	0.441802	0.441802	0.441802	0.441802	0	0.441802	0.441802	0	0	0	0	0	0	0	0.441802	0.441802	0	0	0	0	0	0	0	0	0	0	0.441802	0.441802	0	0	0	0	0	0	0	0	0	0	0	0	0	0	0	0	0.441802	0.441802	0	0	0	0	0	0.441802	0.441802	0	0	0.441802	0.441802	0.441802	0.441802	0	0.441802	0.441802	0.441802	0.441802	0.441802	0.441802	0	0.441802	0.441802	0	0	0.883551	0.883551	0	0	0.441802	0.883551	0.441802	0	0	0.441802	0.883551	0.441802	0	0.441802	0.883551	0.441802	0	0	0.441802	0.441802	0	0.441802	0.441802	0	0	0.441802	0.441802	0	0.441802	0.441802	0	0.441802	0.441802	0	0	0	0.441802	0.441802	0	0	0	0	0.441802	0.441802	0	0	0	0	0.441802	0.441802	0	0	0	0	0	0.441802	0.441802	0	0	0	0	0	0	0	0	0	0.441802	0.441802	0	0	0	0	0	0	0	0	0	0	0	0	0	0	0	0	0	0	0	0	0	0	0	0	0.441802	0.441802	0	0	0	0	0	0	0	0.441802	0.441802	0	0	0	0	0.441802	0.441802	0	0	0
0	0	0	0	0	0	0	0	0	0	0	0	0	0	0	0	0.441761	0.441761	0	0	0.441761	0.441761	0	0.441761	0.441761	0	0	0	0.441761	0.441761	0	0.441761	0.88347	0.441761	0.441761	0.441761	0.441761	0.88347	0.441761	0	0.88347	1.32507	0.441761	0.441761	0.441761	0.441761	0.88347	0.441761	0.441761	0.441761	1.32507	1.32507	0.441761	0.441761	0.441761	1.32507	0.88347	0.441761	0.441761	0.441761	0.88347	0.88347	0.441761	0.441761	0.88347	0.441761	0.441761	0.441761	0	0.441761	0.441761	0.441761	0.441761	0.441761	0.441761	0.441761	0.441761	0	0.441761	0.441761	0	0	0	0	0	0	0	0.441761	0.441761	0	0	0	0	0	0	0	0	0	0	0.441761	0.441761	0	0	0	0	0	0	0	0	0	0	0	0	0	0	0	0	0.441761	0.441761	0	0	0	0	0	0.441761	0.441761	0	0	0.441761	0.441761	0.441761	0.441761	0	0.441761	0.441761	0.441761	0.441761	0.441761	0.441761	0	0.441761	0.441761	0	0	0.88347	0.88347	0	0	0.441761	0.88347	0.441761	0	0	0.441761	0.88347	0.441761	0	0.441761	0.88347	0.441761	0	0	0.441761	0.441761	0	0.441761	0.441761	0	0	0.441761	0.441761	0	0.441761	0.441761	0	0.441761	0.441761	0	0	0	0.441761	0.441761	0	0	0	0	0.441761	0.441761	0	0	0	0	0.441761	0.441761	0	0	0	0	0	0.441761	0.441761	0	0	0	0	0	0	0	0	0	0.441761	0.441761	0	0	0	0	0	0	0	0	0	0	0	0	0	0	0	0	0	0	0	0	0	0	0	0	0.441761	0.441761	0	0	0	0	0	0	0	0.441761	0.441761	0	0	0	0	0.441761	0.441761	0	0	0
0	0	0	0	0	0	0	0	0	0	0	0	0	0	0	0	0.44172	0.44172	0	0	0.44172	0.44172	0	0.44172	0.44172	0	0	0	0.44172	0.44172	0	0.44172	0.883388	0.44172	0.44172	0.44172	0.44172	0.883388	0.44172	0	0.883388	1.32495	0.44172	0.44172	0.44172	0.44172	0.883388	0.44172	0.44172	0.44172	1.32495	1.32495	0.44172	0.44172	0.44172	1.32495	0.883388	0.44172	0.44172	0.44172	0.883388	0.883388	0.44172	0.44172	0.883388	0.44172	0.44172	0.44172	0	0.44172	0.44172	0.44172	0.44172	0.44172	0.44172	0.44172	0.44172	0	0.44172	0.44172	0	0	0	0	0	0	0	0.44172	0.44172	0	0	0	0	0	0	0	0	0	0	0.44172	0.44172	0	0	0	0	0	0	0	0	0	0	0	0	0	0	0	0	0.44172	0.44172	0	0	0	0	0	0.44172	0.44172	0	0	0.44172	0.44172	0.44172	0.44172	0	0.44172	0.44172	0.44172	0.44172	0.44172	0.44172	0	0.44172	0.44172	0	0	0.883388	0.883388	0	0	0.44172	0.883388	0.44172	0	0	0.44172	0.883388	0.44172	0	0.44172	0.883388	0.44172	0	0	0.44172	0.44172	0	0.44172	0.44172	0	0	0.44172	0.44172	0	0.44172	0.44172	0	0.44172	0.44172	0	0	0	0.44172	0.44172	0	0	0	0	0.44172	0.44172	0	0	0	0	0.44172	0.44172	0	0	0	0	0	0.44172	0.44172	0	0	0	0	0	0	0	0	0	0.44172	0.44172	0	0	0	0	0	0	0	0	0	0	0	0	0	0	0	0	0	0	0	0	0	0	0	0	0.44172	0.44172	0	0	0	0	0	0	0	0.44172	0.44172	0	0	0	0	0.44172	0.44172	0	0	0
0	0	0	0	0	0	0	0	0	0	0	0	0	0	0	0	0.441679	0.441679	0	0	0.441679	0.441679	0	0.441679	0.441679	0	0	0	0.441679	0.441679	0	0.441679	0.883306	0.441679	0.441679	0.441679	0.441679	0.883306	0.441679	0	0.883306	1.32483	0.441679	0.441679	0.441679	0.441679	0.883306	0.441679	0.441679	0.441679	1.32483	1.32483	0.441679	0.441679	0.441679	1.32483	0.883306	0.441679	0.441679	0.441679	0.883306	0.883306	0.441679	0.441679	0.883306	0.441679	0.441679	0.441679	0	0.441679	0.441679	0.441679	0.441679	0.441679	0.441679	0.441679	0.441679	0	0.441679	0.441679	0	0	0	0	0	0	0	0.441679	0.441679	0	0	0	0	0	0	0	0	0	0	0.441679	0.441679	0	0	0	0	0	0	0	0	0	0	0	0	0	0	0	0	0.441679	0.441679	0	0	0	0	0	0.441679	0.441679	0	0	0.441679	0.441679	0.441679	0.441679	0	0.441679	0.441679	0.441679	0.441679	0.441679	0.441679	0	0.441679	0.441679	0	0	0.883306	0.883306	0	0	0.441679	0.883306	0.441679	0	0	0.441679	0.883306	0.441679	0	0.441679	0.883306	0.441679	0	0	0.441679	0.441679	0	0.441679	0.441679	0	0	0.441679	0.441679	0	0.441679	0.441679	0	0.441679	0.441679	0	0	0	0.441679	0.441679	0	0	0	0	0.441679	0.441679	0	0	0	0	0.441679	0.441679	0	0	0	0	0	0.441679	0.441679	0	0	0	0	0	0	0	0	0	0.441679	0.441679	0	0	0	0	0	0	0	0	0	0	0	0	0	0	0	0	0	0	0	0	0	0	0	0	0.441679	0.441679	0	0	0	0	0	0	0	0.441679	0.441679	0	0	0	0	0.441679	0.441679	0	0	0
0	0	0	0	0	0	0	0	0	0	0	0	0	0	0	0	0.441632	0.441632	0	0	0.441632	0.441632	0	0.441632	0.441632	0	0	0	0.441632	0.441632	0	0.441632	0.883211	0.441632	0.441632	0.441632	0.441632	0.883211	0.441632	0	0.883211	1.32469	0.441632	0.441632	0.441632	0.441632	0.883211	0.441632	0.441632	0.441632	1.32469	1.32469	0.441632	0.441632	0.441632	1.32469	0.883211	0.441632	0.441632	0.441632	0.883211	0.883211	0.441632	0.441632	0.883211	0.441632	0.441632	0.441632	0	0.441632	0.441632	0.441632	0.441632	0.441632	0.441632	0.441632	0.441632	0	0.441632	0.441632	0	0	0	0	0	0	0	0.441632	0.441632	0	0	0	0	0	0	0	0	0	0	0.441632	0.441632	0	0	0	0	0	0	0	0	0	0	0	0	0	0	0	0	0.441632	0.441632	0	0	0	0	0	0.441632	0.441632	0	0	0.441632	0.441632	0.441632	0.441632	0	0.441632	0.441632	0.441632	0.441632	0.441632	0.441632	0	0.441632	0.441632	0	0	0.883211	0.883211	0	0	0.441632	0.883211	0.441632	0	0	0.441632	0.883211	0.441632	0	0.441632	0.883211	0.441632	0	0	0.441632	0.441632	0	0.441632	0.441632	0	0	0.441632	0.441632	0	0.441632	0.441632	0	0.441632	0.441632	0	0	0	0.441632	0.441632	0	0	0	0	0.441632	0.441632	0	0	0	0	0.441632	0.441632	0	0	0	0	0	0.441632	0.441632	0	0	0	0	0	0	0	0	0	0.441632	0.441632	0	0	0	0	0	0	0	0	0	0	0	0	0	0	0	0	0	0	0	0	0	0	0	0	0.441632	0.441632	0	0	0	0	0	0	0	0.441632	0.441632	0	0	0	0	0.441632	0.441632	0	0	0
0	0	0	0	0	0	0	0	0	0	0	0	0	0	0	0	0.441591	0.441591	0	0	0.441591	0.441591	0	0.441591	0.441591	0	0	0	0.441591	0.441591	0	0.441591	0.883129	0.441591	0.441591	0.441591	0.441591	0.883129	0.441591	0	0.883129	1.32456	0.441591	0.441591	0.441591	0.441591	0.883129	0.441591	0.441591	0.441591	1.32456	1.32456	0.441591	0.441591	0.441591	1.32456	0.883129	0.441591	0.441591	0.441591	0.883129	0.883129	0.441591	0.441591	0.883129	0.441591	0.441591	0.441591	0	0.441591	0.441591	0.441591	0.441591	0.441591	0.441591	0.441591	0.441591	0	0.441591	0.441591	0	0	0	0	0	0	0	0.441591	0.441591	0	0	0	0	0	0	0	0	0	0	0.441591	0.441591	0	0	0	0	0	0	0	0	0	0	0	0	0	0	0	0	0.441591	0.441591	0	0	0	0	0	0.441591	0.441591	0	0	0.441591	0.441591	0.441591	0.441591	0	0.441591	0.441591	0.441591	0.441591	0.441591	0.441591	0	0.441591	0.441591	0	0	0.883129	0.883129	0	0	0.441591	0.883129	0.441591	0	0	0.441591	0.883129	0.441591	0	0.441591	0.883129	0.441591	0	0	0.441591	0.441591	0	0.441591	0.441591	0	0	0.441591	0.441591	0	0.441591	0.441591	0	0.441591	0.441591	0	0	0	0.441591	0.441591	0	0	0	0	0.441591	0.441591	0	0	0	0	0.441591	0.441591	0	0	0	0	0	0.441591	0.441591	0	0	0	0	0	0	0	0	0	0.441591	0.441591	0	0	0	0	0	0	0	0	0	0	0	0	0	0	0	0	0	0	0	0	0	0	0	0	0.441591	0.441591	0	0	0	0	0	0	0	0.441591	0.441591	0	0	0	0	0.441591	0.441591	0	0	0
0	0	0	0	0	0	0	0	0	0	0	0	0	0	0	0	0.44155	0.44155	0	0	0.44155	0.44155	0	0.44155	0.44155	0	0	0	0.44155	0.44155	0	0.44155	0.883048	0.44155	0.44155	0.44155	0.44155	0.883048	0.44155	0	0.883048	1.32444	0.44155	0.44155	0.44155	0.44155	0.883048	0.44155	0.44155	0.44155	1.32444	1.32444	0.44155	0.44155	0.44155	1.32444	0.883048	0.44155	0.44155	0.44155	0.883048	0.883048	0.44155	0.44155	0.883048	0.44155	0.44155	0.44155	0	0.44155	0.44155	0.44155	0.44155	0.44155	0.44155	0.44155	0.44155	0	0.44155	0.44155	0	0	0	0	0	0	0	0.44155	0.44155	0	0	0	0	0	0	0	0	0	0	0.44155	0.44155	0	0	0	0	0	0	0	0	0	0	0	0	0	0	0	0	0.44155	0.44155	0	0	0	0	0	0.44155	0.44155	0	0	0.44155	0.44155	0.44155	0.44155	0	0.44155	0.44155	0.44155	0.44155	0.44155	0.44155	0	0.44155	0.44155	0	0	0.883048	0.883048	0	0	0.44155	0.883048	0.44155	0	0	0.44155	0.883048	0.44155	0	0.44155	0.883048	0.44155	0	0	0.44155	0.44155	0	0.44155	0.44155	0	0	0.44155	0.44155	0	0.44155	0.44155	0	0.44155	0.44155	0	0	0	0.44155	0.44155	0	0	0	0	0.44155	0.44155	0	0	0	0	0.44155	0.44155	0	0	0	0	0	0.44155	0.44155	0	0	0	0	0	0	0	0	0	0.44155	0.44155	0	0	0	0	0	0	0	0	0	0	0	0	0	0	0	0	0	0	0	0	0	0	0	0	0.44155	0.44155	0	0	0	0	0	0	0	0.44155	0.44155	0	0	0	0	0.44155	0.44155	0	0	0
0.883034	0.883034	0.883034	0.883034	0.883034	0.883034	0.883034	0.883034	0.883034	0.780511	0.562851	0.441543	0.441543	0.441543	0.441543	0.441543	0.6244	0.6244	0.441543	0.441543	0.6244	0.6244	0.441543	0.6244	0.6244	0.34907	0.156106	0	0.441509	0.562811	0.34907	0.6244	0.987182	0.6244	0.468308	0.349049	0.441509	0.882966	0.441509	0.156106	0.91014	1.34258	0.643603	0.6244	0.6244	0.6244	0.987182	0.6244	0.6244	0.6244	1.39594	1.39594	0.6244	0.6244	0.6244	1.25832	0.780454	0.562811	0.643603	0.6244	0.987182	0.987182	0.6244	0.6244	0.987182	0.6244	0.6244	0.6244	0.698115	1.28709	1.39602	1.25841	1.18873	1.18873	1.04711	0.987227	0.987227	0.883034	0.840619	0.643627	0.441543	0.562851	0.780511	0.883034	0.883034	0.883034	0.883034	1.04711	1.25841	1.32442	1.32442	1.32442	1.32442	1.32442	1.32442	1.32442	1.21909	0.999503	0.883034	1.04711	1.25841	1.32442	1.32442	1.32442	1.32442	1.21909	0.999503	0.883034	0.883034	0.883034	0.883034	0.883034	0.883034	0.883034	0.883034	0.883034	0.883034	0.840619	0.643627	0.562851	0.780511	0.883034	0.883034	0.883034	0.987227	0.987227	0.999503	1.21909	1.25841	1.04711	0.987227	0.987227	0.883034	0.987227	0.987227	0.987227	0.987227	0.987227	0.987227	0.883034	0.987227	0.987227	0.883034	0.883034	1.09261	0.949458	0.562851	0.780511	0.987227	1.09261	0.643627	0.562851	0.780511	0.987227	1.09261	0.795949	0.780511	0.840619	0.949458	0.6244	0.441543	0.441543	0.6244	0.6244	0.441543	0.6244	0.6244	0.441543	0.441543	0.6244	0.6244	0.441543	0.468308	0.349049	0.156106	0.493627	0.349049	0	0	0	0.441509	0.441509	0	0	0	0	0.349049	0.493627	0.156106	0	0	0	0.349049	0.468308	0.441543	0.34907	0.156106	0	0	0.349049	0.468308	0.441543	0.441543	0.441543	0.441543	0.441543	0.441543	0.441543	0.34907	0.156106	0.349049	0.468308	0.441543	0.441543	0.441543	0.441543	0.441543	0.441543	0.441543	0.441543	0.441543	0.441543	0.441543	0.441543	0.441543	0.441543	0.441543	0.441543	0.441543	0.441543	0.441543	0.441543	0.441543	0.441543	0.441543	0.441543	0.468308	0.349049	0	0	0	0	0	0	0	0.349049	0.468308	0.34907	0.156106	0	0	0.349049	0.493627	0.156106	0	0
0.882952	0.882952	0.882952	0.882952	0.882952	0.882952	0.882952	0.882952	0.882952	0.840542	0.643567	0.441502	0.441502	0.441502	0.441502	0.441502	0.624342	0.624342	0.441502	0.441502	0.624342	0.624342	0.441502	0.624342	0.624342	0.468265	0.349017	0	0.441468	0.780382	0.468265	0.624342	0.98709	0.624342	0.349038	0.156091	0.441468	0.882884	0.441468	0.349017	0.910056	1.34246	0.840497	0.624342	0.624342	0.624342	0.98709	0.624342	0.624342	0.624342	1.39581	1.39581	0.624342	0.624342	0.624342	1.04695	0.562759	0.780382	0.840497	0.624342	0.98709	0.98709	0.624342	0.624342	0.98709	0.624342	0.624342	0.624342	0.936467	1.56053	1.39589	1.21898	1.18862	1.18862	0.999411	0.987136	0.987136	0.882952	0.780439	0.562799	0.441502	0.643567	0.840542	0.882952	0.882952	0.882952	0.882952	0.999411	1.21898	1.3243	1.3243	1.3243	1.3243	1.3243	1.3243	1.3243	1.25829	1.04701	0.882952	0.999411	1.21898	1.3243	1.3243	1.3243	1.3243	1.25829	1.04701	0.882952	0.882952	0.882952	0.882952	0.882952	0.882952	0.882952	0.882952	0.882952	0.882952	0.780439	0.562799	0.643567	0.840542	0.882952	0.882952	0.882952	0.987136	0.987136	1.04701	1.25829	1.21898	0.999411	0.987136	0.987136	0.882952	0.987136	0.987136	0.987136	0.987136	0.987136	0.987136	0.882952	0.987136	0.987136	0.882952	0.882952	0.949394	0.78041	0.643567	0.840542	0.987136	0.949394	0.562799	0.643567	0.840542	0.987136	0.949394	0.795875	0.840542	0.780439	0.78041	0.624342	0.441502	0.441502	0.624342	0.624342	0.441502	0.624342	0.624342	0.441502	0.441502	0.624342	0.624342	0.441502	0.349038	0.156091	0.349017	0.493582	0.156091	0	0	0	0.441468	0.441468	0	0	0	0	0.156091	0.493582	0.349017	0	0	0	0.156091	0.349038	0.441502	0.468265	0.349017	0	0	0.156091	0.349038	0.441502	0.441502	0.441502	0.441502	0.441502	0.441502	0.441502	0.468265	0.349017	0.156091	0.349038	0.441502	0.441502	0.441502	0.441502	0.441502	0.441502	0.441502	0.441502	0.441502	0.441502	0.441502	0.441502	0.441502	0.441502	0.441502	0.441502	0.441502	0.441502	0.441502	0.441502	0.441502	0.441502	0.441502	0.441502	0.349038	0.156091	0	0	0	0	0	0	0	0.156091	0.349038	0.468265	0.349017	0	0	0.156091	0.493582	0.349017	0	0
0	0	0	0	0	0	0	0	0	0.441421	0.441421	0	0	0	0	0	0.441421	0.441421	0	0	0.441421	0.441421	0	0.441421	0.441421	0.441421	0.441421	0	0.441421	0.882789	0.441421	0.441421	0.882789	0.441421	0	0	0.441421	0.882789	0.441421	0.441421	0.882789	1.32405	0.882789	0.441421	0.441421	0.441421	0.882789	0.441421	0.441421	0.441421	1.32405	1.32405	0.441421	0.441421	0.441421	0.882789	0.441421	0.882789	0.882789	0.441421	0.882789	0.882789	0.441421	0.441421	0.882789	0.441421	0.441421	0.441421	0.882789	1.32405	0.441421	0	0.441421	0.441421	0	0.441421	0.441421	0	0	0	0	0.441421	0.441421	0	0	0	0	0	0	0	0	0	0	0	0	0	0.441421	0.441421	0	0	0	0	0	0	0	0.441421	0.441421	0	0	0	0	0	0	0	0	0	0	0	0	0.441421	0.441421	0	0	0	0.441421	0.441421	0.441421	0.441421	0	0	0.441421	0.441421	0	0.441421	0.441421	0.441421	0.441421	0.441421	0.441421	0	0.441421	0.441421	0	0	0.441421	0.441421	0.441421	0.441421	0.441421	0.441421	0	0.441421	0.441421	0.441421	0.441421	0.441421	0.441421	0	0.441421	0.441421	0	0	0.441421	0.441421	0	0.441421	0.441421	0	0	0.441421	0.441421	0	0	0	0.441421	0.441421	0	0	0	0	0.441421	0.441421	0	0	0	0	0	0.441421	0.441421	0	0	0	0	0	0	0.441421	0.441421	0	0	0	0	0	0	0	0	0	0	0	0.441421	0.441421	0	0	0	0	0	0	0	0	0	0	0	0	0	0	0	0	0	0	0	0	0	0	0	0	0	0	0	0	0	0	0	0	0	0	0	0	0	0.441421	0.441421	0	0	0	0.441421	0.441421	0	0
0	0	0	0	0	0	0	0	0	0.44138	0.44138	0	0	0	0	0	0.44138	0.44138	0	0	0.44138	0.44138	0	0.44138	0.44138	0.44138	0.44138	0	0.44138	0.882707	0.44138	0.44138	0.882707	0.44138	0	0	0.44138	0.882707	0.44138	0.44138	0.882707	1.32393	0.882707	0.44138	0.44138	0.44138	0.882707	0.44138	0.44138	0.44138	1.32393	1.32393	0.44138	0.44138	0.44138	0.882707	0.44138	0.882707	0.882707	0.44138	0.882707	0.882707	0.44138	0.44138	0.882707	0.44138	0.44138	0.44138	0.882707	1.32393	0.44138	0	0.44138	0.44138	0	0.44138	0.44138	0	0	0	0	0.44138	0.44138	0	0	0	0	0	0	0	0	0	0	0	0	0	0.44138	0.44138	0	0	0	0	0	0	0	0.44138	0.44138	0	0	0	0	0	0	0	0	0	0	0	0	0.44138	0.44138	0	0	0	0.44138	0.44138	0.44138	0.44138	0	0	0.44138	0.44138	0	0.44138	0.44138	0.44138	0.44138	0.44138	0.44138	0	0.44138	0.44138	0	0	0.44138	0.44138	0.44138	0.44138	0.44138	0.44138	0	0.44138	0.44138	0.44138	0.44138	0.44138	0.44138	0	0.44138	0.44138	0	0	0.44138	0.44138	0	0.44138	0.44138	0	0	0.44138	0.44138	0	0	0	0.44138	0.44138	0	0	0	0	0.44138	0.44138	0	0	0	0	0	0.44138	0.44138	0	0	0	0	0	0	0.44138	0.44138	0	0	0	0	0	0	0	0	0	0	0	0.44138	0.44138	0	0	0	0	0	0	0	0	0	0	0	0	0	0	0	0	0	0	0	0	0	0	0	0	0	0	0	0	0	0	0	0	0	0	0	0	0	0.44138	0.44138	0	0	0	0.44138	0.44138	0	0
0	0	0	0	0	0	0	0	0	0.441339	0.441339	0	0	0	0	0	0.441339	0.441339	0	0	0.441339	0.441339	0	0.441339	0.441339	0.441339	0.441339	0	0.441339	0.882626	0.441339	0.441339	0.882626	0.441339	0	0	0.441339	0.882626	0.441339	0.441339	0.882626	1.32381	0.882626	0.441339	0.441339	0.441339	0.882626	0.441339	0.441339	0.441339	1.32381	1.32381	0.441339	0.441339	0.441339	0.882626	0.441339	0.882626	0.882626	0.441339	0.882626	0.882626	0.441339	0.441339	0.882626	0.441339	0.441339	0.441339	0.882626	1.32381	0.441339	0	0.441339	0.441339	0	0.441339	0.441339	0	0	0	0	0.441339	0.441339	0	0	0	0	0	0	0	0	0	0	0	0	0	0.441339	0.441339	0	0	0	0	0	0	0	0.441339	0.441339	0	0	0	0	0	0	0	0	0	0	0	0	0.441339	0.441339	0	0	0	0.441339	0.441339	0.441339	0.441339	0	0	0.441339	0.441339	0	0.441339	0.441339	0.441339	0.441339	0.441339	0.441339	0	0.441339	0.441339	0	0	0.441339	0.441339	0.441339	0.441339	0.441339	0.441339	0	0.441339	0.441339	0.441339	0.441339	0.441339	0.441339	0	0.441339	0.441339	0	0	0.441339	0.441339	0	0.441339	0.441339	0	0	0.441339	0.441339	0	0	0	0.441339	0.441339	0	0	0	0	0.441339	0.441339	0	0	0	0	0	0.441339	0.441339	0	0	0	0	0	0	0.441339	0.441339	0	0	0	0	0	0	0	0	0	0	0	0.441339	0.441339	0	0	0	0	0	0	0	0	0	0	0	0	0	0	0	0	0	0	0	0	0	0	0	0	0	0	0	0	0	0	0	0	0	0	0	0	0	0.441339	0.441339	0	0	0	0.441339	0.441339	0	0
0	0	0	0	0	0	0	0	0	0.441298	0.441298	0	0	0	0	0	0.441298	0.441298	0	0	0.441298	0.441298	0	0.441298	0.441298	0.441298	0.441298	0	0.441298	0.882544	0.441298	0.441298	0.882544	0.441298	0	0	0.441298	0.882544	0.441298	0.441298	0.882544	1.32369	0.882544	0.441298	0.441298	0.441298	0.882544	0.441298	0.441298	0.441298	1.32369	1.32369	0.441298	0.441298	0.441298	0.882544	0.441298	0.882544	0.882544	0.441298	0.882544	0.882544	0.441298	0.441298	0.882544	0.441298	0.441298	0.441298	0.882544	1.32369	0.441298	0	0.441298	0.441298	0	0.441298	0.441298	0	0	0	0	0.441298	0.441298	0	0	0	0	0	0	0	0	0	0	0	0	0	0.441298	0.441298	0	0	0	0	0	0	0	0.441298	0.441298	0	0	0	0	0	0	0	0	0	0	0	0	0.441298	0.441298	0	0	0	0.441298	0.441298	0.441298	0.441298	0	0	0.441298	0.441298	0	0.441298	0.441298	0.441298	0.441298	0.441298	0.441298	0	0.441298	0.441298	0	0	0.441298	0.441298	0.441298	0.441298	0.441298	0.441298	0	0.441298	0.441298	0.441298	0.441298	0.441298	0.441298	0	0.441298	0.441298	0	0	0.441298	0.441298	0	0.441298	0.441298	0	0	0.441298	0.441298	0	0	0	0.441298	0.441298	0	0	0	0	0.441298	0.441298	0	0	0	0	0	0.441298	0.441298	0	0	0	0	0	0	0.441298	0.441298	0	0	0	0	0	0	0	0	0	0	0	0.441298	0.441298	0	0	0	0	0	0	0	0	0	0	0	0	0	0	0	0	0	0	0	0	0	0	0	0	0	0	0	0	0	0	0	0	0	0	0	0	0	0.441298	0.441298	0	0	0	0.441298	0.441298	0	0
0	0	0	0	0	0	0	0	0	0.441258	0.441258	0	0	0	0	0	0.441258	0.441258	0	0	0.441258	0.441258	0	0.441258	0.441258	0.441258	0.441258	0	0.441258	0.882463	0.441258	0.441258	0.882463	0.441258	0	0	0.441258	0.882463	0.441258	0.441258	0.882463	1.32356	0.882463	0.441258	0.441258	0.441258	0.882463	0.441258	0.441258	0.441258	1.32356	1.32356	0.441258	0.441258	0.441258	0.882463	0.441258	0.882463	0.882463	0.441258	0.882463	0.882463	0.441258	0.441258	0.882463	0.441258	0.441258	0.441258	0.882463	1.32356	0.441258	0	0.441258	0.441258	0	0.441258	0.441258	0	0	0	0	0.441258	0.441258	0	0	0	0	0	0	0	0	0	0	0	0	0	0.441258	0.441258	0	0	0	0	0	0	0	0.441258	0.441258	0	0	0	0	0	0	0	0	0	0	0	0	0.441258	0.441258	0	0	0	0.441258	0.441258	0.441258	0.441258	0	0	0.441258	0.441258	0	0.441258	0.441258	0.441258	0.441258	0.441258	0.441258	0	0.441258	0.441258	0	0	0.441258	0.441258	0.441258	0.441258	0.441258	0.441258	0	0.441258	0.441258	0.441258	0.441258	0.441258	0.441258	0	0.441258	0.441258	0	0	0.441258	0.441258	0	0.441258	0.441258	0	0	0.441258	0.441258	0	0	0	0.441258	0.441258	0	0	0	0	0.441258	0.441258	0	0	0	0	0	0.441258	0.441258	0	0	0	0	0	0	0.441258	0.441258	0	0	0	0	0	0	0	0	0	0	0	0.441258	0.441258	0	0	0	0	0	0	0	0	0	0	0	0	0	0	0	0	0	0	0	0	0	0	0	0	0	0	0	0	0	0	0	0	0	0	0	0	0	0.441258	0.441258	0	0	0	0.441258	0.441258	0	0
0	0	0	0	0	0	0	0	0	0.441217	0.441217	0	0	0	0	0	0.441217	0.441217	0	0	0.441217	0.441217	0	0.441217	0.441217	0.441217	0.441217	0	0.441217	0.882381	0.441217	0.441217	0.882381	0.441217	0	0	0.441217	0.882381	0.441217	0.441217	0.882381	1.32344	0.882381	0.441217	0.441217	0.441217	0.882381	0.441217	0.441217	0.441217	1.32344	1.32344	0.441217	0.441217	0.441217	0.882381	0.441217	0.882381	0.882381	0.441217	0.882381	0.882381	0.441217	0.441217	0.882381	0.441217	0.441217	0.441217	0.882381	1.32344	0.441217	0	0.441217	0.441217	0	0.441217	0.441217	0	0	0	0	0.441217	0.441217	0	0	0	0	0	0	0	0	0	0	0	0	0	0.441217	0.441217	0	0	0	0	0	0	0	0.441217	0.441217	0	0	0	0	0	0	0	0	0	0	0	0	0.441217	0.441217	0	0	0	0.441217	0.441217	0.441217	0.441217	0	0	0.441217	0.441217	0	0.441217	0.441217	0.441217	0.441217	0.441217	0.441217	0	0.441217	0.441217	0	0	0.441217	0.441217	0.441217	0.441217	0.441217	0.441217	0	0.441217	0.441217	0.441217	0.441217	0.441217	0.441217	0	0.441217	0.441217	0	0	0.441217	0.441217	0	0.441217	0.441217	0	0	0.441217	0.441217	0	0	0	0.441217	0.441217	0	0	0	0	0.441217	0.441217	0	0	0	0	0	0.441217	0.441217	0	0	0	0	0	0	0.441217	0.441217	0	0	0	0	0	0	0	0	0	0	0	0.441217	0.441217	0	0	0	0	0	0	0	0	0	0	0	0	0	0	0	0	0	0	0	0	0	0	0	0	0	0	0	0	0	0	0	0	0	0	0	0	0	0.441217	0.441217	0	0	0	0.441217	0.441217	0	0
0	0	0	0	0	0	0	0	0	0.441169	0.441169	0	0	0	0	0	0.441169	0.441169	0	0	0.441169	0.441169	0	0.441169	0.441169	0.441169	0.441169	0	0.441169	0.882286	0.441169	0.441169	0.882286	0.441169	0	0	0.441169	0.882286	0.441169	0.441169	0.882286	1.3233	0.882286	0.441169	0.441169	0.441169	0.882286	0.441169	0.441169	0.441169	1.3233	1.3233	0.441169	0.441169	0.441169	0.882286	0.441169	0.882286	0.882286	0.441169	0.882286	0.882286	0.441169	0.441169	0.882286	0.441169	0.441169	0.441169	0.882286	1.3233	0.441169	0	0.441169	0.441169	0	0.441169	0.441169	0	0	0	0	0.441169	0.441169	0	0	0	0	0	0	0	0	0	0	0	0	0	0.441169	0.441169	0	0	0	0	0	0	0	0.441169	0.441169	0	0	0	0	0	0	0	0	0	0	0	0	0.441169	0.441169	0	0	0	0.441169	0.441169	0.441169	0.441169	0	0	0.441169	0.441169	0	0.441169	0.441169	0.441169	0.441169	0.441169	0.441169	0	0.441169	0.441169	0	0	0.441169	0.441169	0.441169	0.441169	0.441169	0.441169	0	0.441169	0.441169	0.441169	0.441169	0.441169	0.441169	0	0.441169	0.441169	0	0	0.441169	0.441169	0	0.441169	0.441169	0	0	0.441169	0.441169	0	0	0	0.441169	0.441169	0	0	0	0	0.441169	0.441169	0	0	0	0	0	0.441169	0.441169	0	0	0	0	0	0	0.441169	0.441169	0	0	0	0	0	0	0	0	0	0	0	0.441169	0.441169	0	0	0	0	0	0	0	0	0	0	0	0	0	0	0	0	0	0	0	0	0	0	0	0	0	0	0	0	0	0	0	0	0	0	0	0	0	0.441169	0.441169	0	0	0	0.441169	0.441169	0	0
0	0	0	0	0	0	0	0	0	0.441128	0.441128	0	0	0	0	0	0.441128	0.441128	0	0	0.441128	0.441128	0	0.441128	0.441128	0.441128	0.441128	0	0.441128	0.882205	0.441128	0.441128	0.882205	0.441128	0	0	0.441128	0.882205	0.441128	0.441128	0.882205	1.32318	0.882205	0.441128	0.441128	0.441128	0.882205	0.441128	0.441128	0.441128	1.32318	1.32318	0.441128	0.441128	0.441128	0.882205	0.441128	0.882205	0.882205	0.441128	0.882205	0.882205	0.441128	0.441128	0.882205	0.441128	0.441128	0.441128	0.882205	1.32318	0.441128	0	0.441128	0.441128	0	0.441128	0.441128	0	0	0	0	0.441128	0.441128	0	0	0	0	0	0	0	0	0	0	0	0	0	0.441128	0.441128	0	0	0	0	0	0	0	0.441128	0.441128	0	0	0	0	0	0	0	0	0	0	0	0	0.441128	0.441128	0	0	0	0.441128	0.441128	0.441128	0.441128	0	0	0.441128	0.441128	0	0.441128	0.441128	0.441128	0.441128	0.441128	0.441128	0	0.441128	0.441128	0	0	0.441128	0.441128	0.441128	0.441128	0.441128	0.441128	0	0.441128	0.441128	0.441128	0.441128	0.441128	0.441128	0	0.441128	0.441128	0	0	0.441128	0.441128	0	0.441128	0.441128	0	0	0.441128	0.441128	0	0	0	0.441128	0.441128	0	0	0	0	0.441128	0.441128	0	0	0	0	0	0.441128	0.441128	0	0	0	0	0	0	0.441128	0.441128	0	0	0	0	0	0	0	0	0	0	0	0.441128	0.441128	0	0	0	0	0	0	0	0	0	0	0	0	0	0	0	0	0	0	0	0	0	0	0	0	0	0	0	0	0	0	0	0	0	0	0	0	0	0.441128	0.441128	0	0	0	0.441128	0.441128	0	0