0.46351	0.92696	0.46351	0	0	0	0.46351	0.46351	0	0.46351	0.92696	0.46351	0	0	0.46351	0.46351	0	0.46351	0.92696	0.46351	0	0.46351	0.46351	0	0.46351	0.46351	0.46351	0.46351	0.46351	0.46351	0	0	0.46351	0.92696	0.46351	0.46351	0.46351	0	0.46351	0.92696	0.46351	0	0.46351	0.46351	0	0	0.46351	0.92696	0.46351	0.46351	0.92696	0.46351	0	0.46351	0.46351	0.46351	0.46351	0	0.46351	0.92696	0.46351	0	0.46351	0.46351	0.46351	0.46351	0	0.46351	0.46351	0	0	0.46351	0.46351	0	0.46351	0.46351	0	0	0.46351	0.46351	0.46351	0.46351	0	0	0	0.46351	0.46351	0	0	0	0	0.46351	0.46351	0	0	0.46351	0.46351	0	0	0	0.46351	0.46351	0	0.46351	0.92696	0.46351	0	0	0.46351	0.92696	0.46351	0.46351	0.92696	0.92696	0.46351	0.46351	0.46351	0.46351	0.46351	0	0.46351	0.46351	0.46351	0.46351	0.46351	0.46351	0	0.46351	0.46351	0	0	0.46351	0.46351	0	0	0.46351	0.46351	0	0.46351	0.46351	0	0	0	0.46351	0.46351	0.46351	0.46351	0	0	0.46351	0.46351	0	0.46351	0.46351	0.46351	0.46351	0.46351	0.46351	0.46351	0.46351	0	0.46351	0.46351	0.46351	1.39029	1.39029	0.46351	0.46351	1.39029	0.92696	0.92696	0.92696	0.46351	1.39029	1.39029	0.46351	0.92696	1.85344	0.92696	0.46351	0.46351	0.46351	0.92696	0.46351	0.46351	0.46351	0.46351	0.46351	0	0	0.46351	0.46351	0	0.46351	0.46351	0.46351	0.46351	0.46351	0.46351	0.46351	0.92696	0.46351	0.46351	0.92696	0.46351	0.46351	0.92696	0.46351	0.46351	0.92696	0.46351	0.92696	1.39029	0.46351	0.46351	0.46351	0.46351	0.92696	0.92696	0.46351	0	0.46351	0.46351	0.46351	0.46351	0	0.46351	0.46351	0	0.46351	0.92696	0.46351	0.46351	0.46351	0	0.46351	0.46351	0.46351	0.92696	0.92696	0.46351	0.46351	0.46351	0.46351	0.92696	0.46351	0.46351	0.46351	0.92696	0.92696	0.46351	0.46351	0.46351	0.92696	0.46351	0.46351
0.463465	0.92687	0.463465	0	0	0	0.463465	0.463465	0	0.463465	0.92687	0.463465	0	0	0.463465	0.463465	0	0.463465	0.92687	0.463465	0	0.463465	0.463465	0	0.463465	0.463465	0.463465	0.463465	0.463465	0.463465	0	0	0.463465	0.92687	0.463465	0.463465	0.463465	0	0.463465	0.92687	0.463465	0	0.463465	0.463465	0	0	0.463465	0.92687	0.463465	0.463465	0.92687	0.463465	0	0.463465	0.463465	0.463465	0.463465	0	0.463465	0.92687	0.463465	0	0.463465	0.463465	0.463465	0.463465	0	0.463465	0.463465	0	0	0.463465	0.463465	0	0.463465	0.463465	0	0	0.463465	0.463465	0.463465	0.463465	0	0	0	0.463465	0.463465	0	0	0	0	0.463465	0.463465	0	0	0.463465	0.463465	0	0	0	0.463465	0.463465	0	0.463465	0.92687	0.463465	0	0	0.463465	0.92687	0.463465	0.463465	0.92687	0.92687	0.463465	0.463465	0.463465	0.463465	0.463465	0	0.463465	0.463465	0.463465	0.463465	0.463465	0.463465	0	0.463465	0.463465	0	0	0.463465	0.463465	0	0	0.463465	0.463465	0	0.463465	0.463465	0	0	0	0.463465	0.463465	0.463465	0.463465	0	0	0.463465	0.463465	0	0.463465	0.463465	0.463465	0.463465	0.463465	0.463465	0.463465	0.463465	0	0.463465	0.463465	0.463465	1.39015	1.39015	0.463465	0.463465	1.39015	0.92687	0.92687	0.92687	0.463465	1.39015	1.39015	0.463465	0.92687	1.85326	0.92687	0.463465	0.463465	0.463465	0.92687	0.463465	0.463465	0.463465	0.463465	0.463465	0	0	0.463465	0.463465	0	0.463465	0.463465	0.463465	0.463465	0.463465	0.463465	0.463465	0.92687	0.463465	0.463465	0.92687	0.463465	0.463465	0.92687	0.463465	0.463465	0.92687	0.463465	0.92687	1.39015	0.463465	0.463465	0.463465	0.463465	0.92687	0.92687	0.463465	0	0.463465	0.463465	0.463465	0.463465	0	0.463465	0.463465	0	0.463465	0.92687	0.463465	0.463465	0.463465	0	0.463465	0.463465	0.463465	0.92687	0.92687	0.463465	0.463465	0.463465	0.463465	0.92687	0.463465	0.463465	0.463465	0.92687	0.92687	0.463465	0.463465	0.463465	0.92687	0.463465	0.463465
0.655382	1.03616	0.655382	0.36639	0.163852	0	0.46342	0.46342	0	0.46342	0.92678	0.46342	0	0	0.366371	0.518124	0.163852	0.366371	0.882285	0.675541	0.163852	0.366371	0.491546	0.36639	0.518124	0.491546	0.655382	0.655382	0.655382	0.655382	0.36639	0.163852	0.366371	0.882285	0.655382	0.675561	0.882324	0.819233	0.819208	0.996566	0.882324	0.819233	0.819208	0.655382	0.46345	0.46345	0.655382	1.03616	0.655382	0.655382	0.996566	0.83544	0.590776	0.655382	0.655382	0.675561	0.83544	0.590776	0.655382	0.996566	0.83544	0.590776	0.655382	0.655382	0.675561	0.83544	0.590776	0.655382	0.655382	0.36639	0.163852	0.366371	0.491546	0.36639	0.518124	0.491546	0.36639	0.163852	0.46342	0.46342	0.46342	0.46342	0	0.163852	0.36639	0.491546	0.366371	0.163852	0.36639	0.46345	0.46345	0.655382	0.655382	0.46345	0.590776	0.83544	0.675561	0.590776	0.819233	0.92684	1.0362	1.0362	0.92684	1.0362	1.14682	0.675561	0.590776	0.819233	1.0362	1.31059	1.0362	1.0362	1.14682	0.996566	0.655382	0.655382	0.655382	0.491546	0.518124	0.36639	0.655382	0.655382	0.655382	0.655382	0.491546	0.366371	0	0.46342	0.46342	0	0	0.366371	0.491546	0.36639	0.163852	0.366371	0.491546	0.46345	0.655382	0.655382	0.46345	0.36639	0.163852	0.366371	0.491546	0.655382	0.655382	0.36639	0.163852	0.366371	0.518124	0.163852	0.46342	0.46342	0.46342	0.46342	0.46342	0.46342	0.46342	0.590741	0.36639	0.655382	0.655382	0.655382	1.46519	1.46519	0.655382	0.819208	1.55403	0.996566	1.03616	1.03616	0.655382	1.32075	1.27948	0.46342	0.92678	1.74119	0.882285	0.675541	0.590741	0.46342	0.819183	0.491546	0.655382	0.655382	0.655382	0.655382	0.46345	0.46345	0.655382	0.655382	0.46345	0.655382	0.655382	0.655382	0.655382	0.655382	0.655382	0.655382	1.03616	0.655382	0.655382	1.03616	0.655382	0.655382	1.03616	0.655382	0.655382	1.09899	0.590741	0.819183	1.32075	0.655382	0.655382	0.655382	0.655382	1.03616	1.03616	0.655382	0.36639	0.518124	0.491546	0.655382	0.655382	0.36639	0.518124	0.518124	0.163852	0.46342	0.92678	0.46342	0.46342	0.46342	0.163852	0.675541	0.655382	0.655382	1.03616	1.03616	0.655382	0.655382	0.655382	0.655382	1.03616	0.655382	0.655382	0.655382	1.03616	1.03616	0.819208	0.996587	1.0362	1.31059	1.0362	1.0362
0.655319	1.03606	0.655319	0.491499	0.366336	0	0.463376	0.463376	0	0.463376	0.92669	0.463376	0	0	0.163836	0.518073	0.366336	0.163836	0.675475	0.882199	0.366336	0.163836	0.366355	0.491499	0.518073	0.366355	0.655319	0.655319	0.655319	0.655319	0.491499	0.366336	0.163836	0.675475	0.655319	0.590719	0.819154	0.882238	0.99647	0.819128	0.819154	0.882238	0.99647	0.655319	0.463406	0.463406	0.655319	1.03606	0.655319	0.655319	0.819128	0.835359	0.675496	0.655319	0.655319	0.590719	0.835359	0.675496	0.655319	0.819128	0.835359	0.675496	0.655319	0.655319	0.590719	0.835359	0.675496	0.655319	0.655319	0.491499	0.366336	0.163836	0.366355	0.491499	0.518073	0.366355	0.491499	0.366336	0.463376	0.463376	0.463376	0.463376	0	0.366336	0.491499	0.366355	0.163836	0.366336	0.491499	0.463406	0.463406	0.655319	0.655319	0.463406	0.675496	0.835359	0.590719	0.675496	0.882238	0.92675	1.0361	1.0361	0.92675	1.0361	0.996491	0.590719	0.675496	0.882238	1.0361	1.31047	1.0361	1.0361	0.996491	0.819128	0.655319	0.655319	0.655319	0.366355	0.518073	0.491499	0.655319	0.655319	0.655319	0.655319	0.366355	0.163836	0	0.463376	0.463376	0	0	0.163836	0.366355	0.491499	0.366336	0.163836	0.366355	0.463406	0.655319	0.655319	0.463406	0.491499	0.366336	0.163836	0.366355	0.655319	0.655319	0.491499	0.366336	0.163836	0.518073	0.366336	0.463376	0.463376	0.463376	0.463376	0.463376	0.463376	0.463376	0.819103	0.491499	0.655319	0.655319	0.655319	1.46504	1.46504	0.655319	0.99647	1.55388	0.819128	1.03606	1.03606	0.655319	1.09889	1.04892	0.463376	0.92669	1.5101	0.675475	0.882199	0.819103	0.463376	0.590684	0.366355	0.655319	0.655319	0.655319	0.655319	0.463406	0.463406	0.655319	0.655319	0.463406	0.655319	0.655319	0.655319	0.655319	0.655319	0.655319	0.655319	1.03606	0.655319	0.655319	1.03606	0.655319	0.655319	1.03606	0.655319	0.655319	1.32062	0.819103	0.590684	1.09889	0.655319	0.655319	0.655319	0.655319	1.03606	1.03606	0.655319	0.491499	0.518073	0.366355	0.655319	0.655319	0.491499	0.518073	0.518073	0.366336	0.463376	0.92669	0.463376	0.463376	0.463376	0.366336	0.882199	0.655319	0.655319	1.03606	1.03606	0.655319	0.655319	0.655319	0.655319	1.03606	0.655319	0.655319	0.655319	1.03606	1.03606	0.99647	1.1467	1.0361	1.31047	1.0361	1.0361
0.463331	0.926601	0.463331	0.463331	0.463331	0	0.463331	0.463331	0	0.463331	0.926601	0.463331	0	0	0	0.463331	0.463331	0	0.463331	0.926601	0.463331	0	0	0.463331	0.463331	0	0.463331	0.463331	0.463331	0.463331	0.463331	0.463331	0	0.463331	0.463331	0	0	0.463331	0.926601	0.463331	0	0.463331	0.926601	0.463331	0	0	0.463331	0.926601	0.463331	0.463331	0.463331	0.463331	0.463331	0.463331	0.463331	0	0.463331	0.463331	0.463331	0.463331	0.463331	0.463331	0.463331	0.463331	0	0.463331	0.463331	0.463331	0.463331	0.463331	0.463331	0	0	0.463331	0.463331	0	0.463331	0.463331	0.463331	0.463331	0.463331	0.463331	0	0.463331	0.463331	0	0	0.463331	0.463331	0	0	0.463331	0.463331	0	0.463331	0.463331	0	0.463331	0.463331	0	0.463331	0.463331	0	0.463331	0.463331	0	0.463331	0.463331	0.463331	0.926601	0.463331	0.463331	0.463331	0.463331	0.463331	0.463331	0.463331	0	0.463331	0.463331	0.463331	0.463331	0.463331	0.463331	0	0	0	0.463331	0.463331	0	0	0	0	0.463331	0.463331	0	0	0	0.463331	0.463331	0	0.463331	0.463331	0	0	0.463331	0.463331	0.463331	0.463331	0	0.463331	0.463331	0.463331	0.463331	0.463331	0.463331	0.463331	0.463331	0.463331	0.926601	0.463331	0.463331	0.463331	0.463331	1.38975	1.38975	0.463331	0.926601	1.38975	0.463331	0.926601	0.926601	0.463331	0.926601	0.926601	0.463331	0.926601	1.38975	0.463331	0.926601	0.926601	0.463331	0.463331	0	0.463331	0.463331	0.463331	0.463331	0	0	0.463331	0.463331	0	0.463331	0.463331	0.463331	0.463331	0.463331	0.463331	0.463331	0.926601	0.463331	0.463331	0.926601	0.463331	0.463331	0.926601	0.463331	0.463331	1.38975	0.926601	0.463331	0.926601	0.463331	0.463331	0.463331	0.463331	0.926601	0.926601	0.463331	0.463331	0.463331	0	0.463331	0.463331	0.463331	0.463331	0.463331	0.463331	0.463331	0.926601	0.463331	0.463331	0.463331	0.463331	0.926601	0.463331	0.463331	0.926601	0.926601	0.463331	0.463331	0.463331	0.463331	0.926601	0.463331	0.463331	0.463331	0.926601	0.926601	0.926601	0.926601	0.463331	0.926601	0.463331	0.463331
0.463286	0.926511	0.463286	0.463286	0.463286	0	0.463286	0.463286	0	0.463286	0.926511	0.463286	0	0	0	0.463286	0.463286	0	0.463286	0.926511	0.463286	0	0	0.463286	0.463286	0	0.463286	0.463286	0.463286	0.463286	0.463286	0.463286	0	0.463286	0.463286	0	0	0.463286	0.926511	0.463286	0	0.463286	0.926511	0.463286	0	0	0.463286	0.926511	0.463286	0.463286	0.463286	0.463286	0.463286	0.463286	0.463286	0	0.463286	0.463286	0.463286	0.463286	0.463286	0.463286	0.463286	0.463286	0	0.463286	0.463286	0.463286	0.463286	0.463286	0.463286	0	0	0.463286	0.463286	0	0.463286	0.463286	0.463286	0.463286	0.463286	0.463286	0	0.463286	0.463286	0	0	0.463286	0.463286	0	0	0.463286	0.463286	0	0.463286	0.463286	0	0.463286	0.463286	0	0.463286	0.463286	0	0.463286	0.463286	0	0.463286	0.463286	0.463286	0.926511	0.463286	0.463286	0.463286	0.463286	0.463286	0.463286	0.463286	0	0.463286	0.463286	0.463286	0.463286	0.463286	0.463286	0	0	0	0.463286	0.463286	0	0	0	0	0.463286	0.463286	0	0	0	0.463286	0.463286	0	0.463286	0.463286	0	0	0.463286	0.463286	0.463286	0.463286	0	0.463286	0.463286	0.463286	0.463286	0.463286	0.463286	0.463286	0.463286	0.463286	0.926511	0.463286	0.463286	0.463286	0.463286	1.38961	1.38961	0.463286	0.926511	1.38961	0.463286	0.926511	0.926511	0.463286	0.926511	0.926511	0.463286	0.926511	1.38961	0.463286	0.926511	0.926511	0.463286	0.463286	0	0.463286	0.463286	0.463286	0.463286	0	0	0.463286	0.463286	0	0.463286	0.463286	0.463286	0.463286	0.463286	0.463286	0.463286	0.926511	0.463286	0.463286	0.926511	0.463286	0.463286	0.926511	0.463286	0.463286	1.38961	0.926511	0.463286	0.926511	0.463286	0.463286	0.463286	0.463286	0.926511	0.926511	0.463286	0.463286	0.463286	0	0.463286	0.463286	0.463286	0.463286	0.463286	0.463286	0.463286	0.926511	0.463286	0.463286	0.463286	0.463286	0.926511	0.463286	0.463286	0.926511	0.926511	0.463286	0.463286	0.463286	0.463286	0.926511	0.463286	0.463286	0.463286	0.926511	0.926511	0.926511	0.926511	0.463286	0.926511	0.463286	0.463286
0.463241	0.818865	0.491359	0.655133	0.655133	0.366254	0.517924	0.517924	0.16379	0.463241	0.818865	0.491359	0.366254	0.16379	0	0.36623	0.491359	0.366254	0.517924	0.881945	0.655133	0.463278	0.463278	0.655133	0.655133	0.463278	0.655133	0.655133	0.655133	0.655133	0.675307	0.881994	0.818928	0.835125	0.881994	0.818928	0.590556	0.655133	1.03576	0.655133	0.463278	0.655133	1.03576	0.655133	0.366254	0.16379	0.36623	0.881945	0.655133	0.675307	0.835125	0.818897	0.655133	0.675307	0.881994	0.818928	0.818897	0.655133	0.675307	0.835125	0.835125	0.881994	1.03581	1.03581	0.818928	0.835125	0.881994	1.03581	1.03581	0.996211	0.818897	0.463278	0.463278	0.655133	0.675281	0.16379	0.36623	0.491359	0.655133	0.675281	0.517924	0.491359	0.366254	0.590512	0.463241	0	0	0.463241	0.590512	0.366254	0.463278	0.655133	0.818897	0.818928	0.881994	0.675307	0.463278	0.655133	0.655133	0.590556	0.835125	0.835125	0.818928	1.03581	1.03581	0.926496	1.03581	1.03581	1.03581	1.14638	0.675307	0.655133	0.818897	0.835125	0.675307	0.655133	0.655133	0.463278	0.655133	0.655133	0.491359	0.36623	0.463241	0.463241	0	0	0	0.463241	0.463241	0	0	0	0	0.36623	0.491359	0.366254	0.16379	0	0.463241	0.463241	0	0.36623	0.491359	0.366254	0.16379	0.463241	0.463241	0.36623	0.491359	0.366254	0.590512	0.463241	0.463241	0.463241	0.463241	0.463241	0.463241	0.463241	0.463241	0.926421	0.463241	0.590512	0.675281	0.655133	1.46462	1.46462	0.655133	1.03576	1.46462	0.655133	0.881945	0.818865	0.590512	1.09857	1.03576	0.655133	0.881945	1.27898	0.463241	0.818865	0.881945	0.655133	0.675281	0.16379	0.36623	0.517924	0.517924	0.491359	0.463278	0.463278	0.655133	0.655133	0.463278	0.655133	0.675281	0.517924	0.491359	0.655133	0.655133	0.655133	1.03576	0.655133	0.655133	1.03576	0.655133	0.655133	1.09857	0.590512	0.463241	1.27898	0.881945	0.655133	1.03576	0.655133	0.655133	0.655133	0.655133	1.03576	1.03576	0.655133	0.675307	0.835125	0.590556	0.655133	0.655133	0.655133	0.675281	0.517924	0.491359	0.675281	1.04861	0.463241	0.463241	0.463241	0.463241	0.926421	0.463241	0.463241	0.926421	0.926421	0.463241	0.463241	0.463241	0.590512	1.09857	0.655133	0.655133	0.655133	1.19222	1.32027	1.14638	0.996185	0.655133	1.03576	0.655133	0.818897
0.463196	0.590455	0.366218	0.65507	0.65507	0.491312	0.517874	0.517874	0.366194	0.463196	0.590455	0.366218	0.491312	0.366194	0	0.163774	0.366218	0.491312	0.517874	0.675216	0.65507	0.463233	0.463233	0.65507	0.65507	0.463233	0.65507	0.65507	0.65507	0.65507	0.590499	0.818849	0.881908	0.835044	0.818849	0.881908	0.675242	0.65507	1.03566	0.65507	0.463233	0.65507	1.03566	0.65507	0.491312	0.366194	0.163774	0.675216	0.65507	0.590499	0.835044	0.996089	0.65507	0.590499	0.818849	0.881908	0.996089	0.65507	0.590499	0.835044	0.835044	0.818849	1.03571	1.03571	0.881908	0.835044	0.818849	1.03571	1.03571	1.14627	0.996089	0.463233	0.463233	0.65507	0.881859	0.366194	0.163774	0.366218	0.65507	0.881859	0.517874	0.366218	0.491312	0.818786	0.463196	0	0	0.463196	0.818786	0.491312	0.463233	0.65507	0.996089	0.881908	0.818849	0.590499	0.463233	0.65507	0.65507	0.675242	0.835044	0.835044	0.881908	1.03571	1.03571	0.926406	1.03571	1.03571	1.03571	0.996115	0.590499	0.65507	0.996089	0.835044	0.590499	0.65507	0.65507	0.463233	0.65507	0.65507	0.366218	0.163774	0.463196	0.463196	0	0	0	0.463196	0.463196	0	0	0	0	0.163774	0.366218	0.491312	0.366194	0	0.463196	0.463196	0	0.163774	0.366218	0.491312	0.366194	0.463196	0.463196	0.163774	0.366218	0.491312	0.818786	0.463196	0.463196	0.463196	0.463196	0.463196	0.463196	0.463196	0.463196	0.926331	0.463196	0.818786	0.881859	0.65507	1.46448	1.46448	0.65507	1.03566	1.46448	0.65507	0.675216	0.590455	0.818786	1.32011	1.03566	0.65507	0.675216	1.04851	0.463196	0.590455	0.675216	0.65507	0.881859	0.366194	0.163774	0.517874	0.517874	0.366218	0.463233	0.463233	0.65507	0.65507	0.463233	0.65507	0.881859	0.517874	0.366218	0.65507	0.65507	0.65507	1.03566	0.65507	0.65507	1.03566	0.65507	0.65507	1.32011	0.818786	0.463196	1.04851	0.675216	0.65507	1.03566	0.65507	0.65507	0.65507	0.65507	1.03566	1.03566	0.65507	0.590499	0.835044	0.675242	0.65507	0.65507	0.65507	0.881859	0.517874	0.366218	0.881859	1.27886	0.463196	0.463196	0.463196	0.463196	0.926331	0.463196	0.463196	0.926331	0.926331	0.463196	0.463196	0.463196	0.818786	1.32011	0.65507	0.65507	0.65507	1.39898	1.50955	0.996115	0.818817	0.65507	1.03566	0.65507	0.996089
0.463158	0.463158	0	0.463158	0.463158	0.463158	0.463158	0.463158	0.463158	0.463158	0.463158	0	0.463158	0.463158	0	0	0	0.463158	0.463158	0.463158	0.463158	0	0	0.463158	0.463158	0	0.463158	0.463158	0.463158	0.463158	0	0	0.463158	0.463158	0	0.463158	0.463158	0.463158	0.926256	0.463158	0	0.463158	0.926256	0.463158	0.463158	0.463158	0	0.463158	0.463158	0	0.463158	0.926256	0.463158	0	0	0.463158	0.926256	0.463158	0	0.463158	0.463158	0	0.463158	0.463158	0.463158	0.463158	0	0.463158	0.463158	0.926256	0.926256	0	0	0.463158	0.926256	0.463158	0	0	0.463158	0.926256	0.463158	0	0.463158	0.926256	0.463158	0	0	0.463158	0.926256	0.463158	0	0.463158	0.926256	0.463158	0	0	0	0.463158	0.463158	0.463158	0.463158	0.463158	0.463158	0.463158	0.463158	0	0.463158	0.463158	0.463158	0.463158	0	0.463158	0.926256	0.463158	0	0.463158	0.463158	0	0.463158	0.463158	0	0	0.463158	0.463158	0	0	0	0.463158	0.463158	0	0	0	0	0	0	0.463158	0.463158	0	0.463158	0.463158	0	0	0	0.463158	0.463158	0.463158	0.463158	0	0	0.463158	0.926256	0.463158	0.463158	0.463158	0.463158	0.463158	0.463158	0.463158	0.463158	0.926256	0.463158	0.926256	0.926256	0.463158	1.38923	1.38923	0.463158	0.926256	1.38923	0.463158	0.463158	0.463158	0.926256	1.38923	0.926256	0.463158	0.463158	0.926256	0.463158	0.463158	0.463158	0.463158	0.926256	0.463158	0	0.463158	0.463158	0	0	0	0.463158	0.463158	0	0.463158	0.926256	0.463158	0	0.463158	0.463158	0.463158	0.926256	0.463158	0.463158	0.926256	0.463158	0.463158	1.38923	0.926256	0.463158	0.926256	0.463158	0.463158	0.926256	0.463158	0.463158	0.463158	0.463158	0.926256	0.926256	0.463158	0	0.463158	0.463158	0.463158	0.463158	0.463158	0.926256	0.463158	0	0.926256	1.38923	0.463158	0.463158	0.463158	0.463158	0.926256	0.463158	0.463158	0.926256	0.926256	0.463158	0.463158	0.463158	0.926256	1.38923	0.463158	0.463158	0.463158	1.38923	1.38923	0.463158	0.463158	0.463158	0.926256	0.463158	0.926256
0.463113	0.463113	0	0.463113	0.463113	0.463113	0.463113	0.463113	0.463113	0.463113	0.463113	0	0.463113	0.463113	0	0	0	0.463113	0.463113	0.463113	0.463113	0	0	0.463113	0.463113	0	0.463113	0.463113	0.463113	0.463113	0	0	0.463113	0.463113	0	0.463113	0.463113	0.463113	0.926166	0.463113	0	0.463113	0.926166	0.463113	0.463113	0.463113	0	0.463113	0.463113	0	0.463113	0.926166	0.463113	0	0	0.463113	0.926166	0.463113	0	0.463113	0.463113	0	0.463113	0.463113	0.463113	0.463113	0	0.463113	0.463113	0.926166	0.926166	0	0	0.463113	0.926166	0.463113	0	0	0.463113	0.926166	0.463113	0	0.463113	0.926166	0.463113	0	0	0.463113	0.926166	0.463113	0	0.463113	0.926166	0.463113	0	0	0	0.463113	0.463113	0.463113	0.463113	0.463113	0.463113	0.463113	0.463113	0	0.463113	0.463113	0.463113	0.463113	0	0.463113	0.926166	0.463113	0	0.463113	0.463113	0	0.463113	0.463113	0	0	0.463113	0.463113	0	0	0	0.463113	0.463113	0	0	0	0	0	0	0.463113	0.463113	0	0.463113	0.463113	0	0	0	0.463113	0.463113	0.463113	0.463113	0	0	0.463113	0.926166	0.463113	0.463113	0.463113	0.463113	0.463113	0.463113	0.463113	0.463113	0.926166	0.463113	0.926166	0.926166	0.463113	1.3891	1.3891	0.463113	0.926166	1.3891	0.463113	0.463113	0.463113	0.926166	1.3891	0.926166	0.463113	0.463113	0.926166	0.463113	0.463113	0.463113	0.463113	0.926166	0.463113	0	0.463113	0.463113	0	0	0	0.463113	0.463113	0	0.463113	0.926166	0.463113	0	0.463113	0.463113	0.463113	0.926166	0.463113	0.463113	0.926166	0.463113	0.463113	1.3891	0.926166	0.463113	0.926166	0.463113	0.463113	0.926166	0.463113	0.463113	0.463113	0.463113	0.926166	0.926166	0.463113	0	0.463113	0.463113	0.463113	0.463113	0.463113	0.926166	0.463113	0	0.926166	1.3891	0.463113	0.463113	0.463113	0.463113	0.926166	0.463113	0.463113	0.926166	0.926166	0.463113	0.463113	0.463113	0.926166	1.3891	0.463113	0.463113	0.463113	1.3891	1.3891	0.463113	0.463113	0.463113	0.926166	0.463113	0.926166
0.463068	0.463068	0	0.463068	0.463068	0.463068	0.463068	0.463068	0.463068	0.463068	0.463068	0	0.463068	0.463068	0	0	0	0.463068	0.463068	0.463068	0.463068	0	0	0.463068	0.463068	0	0.463068	0.463068	0.463068	0.463068	0	0	0.463068	0.463068	0	0.463068	0.463068	0.463068	0.926076	0.463068	0	0.463068	0.926076	0.463068	0.463068	0.463068	0	0.463068	0.463068	0	0.463068	0.926076	0.463068	0	0	0.463068	0.926076	0.463068	0	0.463068	0.463068	0	0.463068	0.463068	0.463068	0.463068	0	0.463068	0.463068	0.926076	0.926076	0	0	0.463068	0.926076	0.463068	0	0	0.463068	0.926076	0.463068	0	0.463068	0.926076	0.463068	0	0	0.463068	0.926076	0.463068	0	0.463068	0.926076	0.463068	0	0	0	0.463068	0.463068	0.463068	0.463068	0.463068	0.463068	0.463068	0.463068	0	0.463068	0.463068	0.463068	0.463068	0	0.463068	0.926076	0.463068	0	0.463068	0.463068	0	0.463068	0.463068	0	0	0.463068	0.463068	0	0	0	0.463068	0.463068	0	0	0	0	0	0	0.463068	0.463068	0	0.463068	0.463068	0	0	0	0.463068	0.463068	0.463068	0.463068	0	0	0.463068	0.926076	0.463068	0.463068	0.463068	0.463068	0.463068	0.463068	0.463068	0.463068	0.926076	0.463068	0.926076	0.926076	0.463068	1.38896	1.38896	0.463068	0.926076	1.38896	0.463068	0.463068	0.463068	0.926076	1.38896	0.926076	0.463068	0.463068	0.926076	0.463068	0.463068	0.463068	0.463068	0.926076	0.463068	0	0.463068	0.463068	0	0	0	0.463068	0.463068	0	0.463068	0.926076	0.463068	0	0.463068	0.463068	0.463068	0.926076	0.463068	0.463068	0.926076	0.463068	0.463068	1.38896	0.926076	0.463068	0.926076	0.463068	0.463068	0.926076	0.463068	0.463068	0.463068	0.463068	0.926076	0.926076	0.463068	0	0.463068	0.463068	0.463068	0.463068	0.463068	0.926076	0.463068	0	0.926076	1.38896	0.463068	0.463068	0.463068	0.463068	0.926076	0.463068	0.463068	0.926076	0.926076	0.463068	0.463068	0.463068	0.926076	1.38896	0.463068	0.463068	0.463068	1.38896	1.38896	0.463068	0.463068	0.463068	0.926076	0.463068	0.926076
0.654821	0.674962	0.163712	0.463024	0.463024	0.366058	0.51768	0.51768	0.491125	0.654821	0.674962	0.163712	0.366058	0.491125	0.463053	0.366077	0.163712	0.366058	0.51768	0.51768	0.491125	0.366077	0.163712	0.366058	0.51768	0.163712	0.463024	0.463024	0.366058	0.491125	0.366077	0.163712	0.366058	0.51768	0.163712	0.366058	0.491125	0.654821	1.03528	0.654821	0.463053	0.654821	1.03528	0.654821	0.674983	0.881568	0.818532	0.818506	0.654821	0.463053	0.654821	1.03528	0.654821	0.463053	0.463053	0.654821	0.995713	0.881568	0.818532	0.818506	0.654821	0.463053	0.654821	0.654821	0.674983	0.834724	0.59027	0.654821	0.654821	1.03528	1.03528	0.366077	0.163712	0.366058	0.881529	0.654821	0.366077	0.163712	0.463024	0.925987	0.463024	0	0.463024	0.925987	0.463024	0.163712	0.366077	0.654821	1.03528	0.654821	0.59027	0.834724	0.995713	0.654821	0.463053	0.59027	0.818532	0.881568	0.674983	0.654821	0.818506	0.834724	0.674983	0.654821	0.818506	0.818532	0.881568	0.674983	0.654821	0.818506	0.818532	0.881568	0.995713	0.654821	0.463053	0.491125	0.366058	0.163712	0.51768	0.366058	0.163712	0.366077	0.491125	0.366058	0	0	0	0.463024	0.463024	0	0	0.163712	0.366077	0.463053	0.463053	0.491125	0.366058	0	0.463024	0.463024	0	0	0	0.463024	0.463024	0.463024	0.463024	0	0	0.463024	0.925987	0.463024	0.463024	0.463024	0.463024	0.463024	0.590235	0.674962	0.654821	1.03528	0.654821	1.03528	1.03528	0.654821	1.46393	1.46393	0.654821	1.03528	1.46393	0.654821	0.654821	0.654821	0.881529	1.27838	0.925987	0.463024	0.463024	0.925987	0.463024	0.463024	0.463024	0.463024	0.818481	0.491125	0.366077	0.51768	0.491125	0.463053	0.366077	0.163712	0.366058	0.51768	0.163712	0.366058	0.881529	0.674962	0.163712	0.463024	0.463024	0.463024	0.925987	0.463024	0.463024	0.925987	0.463024	0.463024	1.38883	0.925987	0.463024	0.925987	0.463024	0.463024	0.925987	0.463024	0.463024	0.463024	0.463024	0.818481	0.881529	0.654821	0.366077	0.590235	0.463024	0.463024	0.463024	0.366058	0.881529	0.674962	0.163712	0.818481	1.31962	0.654821	0.654821	0.654821	0.654821	1.09805	0.590235	0.463024	0.925987	1.04812	0.674962	0.654821	0.654821	0.881529	1.27838	0.463024	0.590235	0.674962	1.46393	1.46393	0.654821	0.654821	0.654821	1.03528	0.654821	0.881529
0.654758	0.881444	0.366022	0.462979	0.462979	0.163696	0.51763	0.51763	0.366041	0.654758	0.881444	0.366022	0.163696	0.366041	0.463009	0.491078	0.366022	0.163696	0.51763	0.51763	0.366041	0.491078	0.366022	0.163696	0.51763	0.366022	0.462979	0.462979	0.163696	0.366041	0.491078	0.366022	0.163696	0.51763	0.366022	0.163696	0.366041	0.654758	1.03517	0.654758	0.463009	0.654758	1.03517	0.654758	0.590213	0.818452	0.881483	0.995616	0.654758	0.463009	0.654758	1.03517	0.654758	0.463009	0.463009	0.654758	0.818427	0.818452	0.881483	0.995616	0.654758	0.463009	0.654758	0.654758	0.590213	0.834643	0.674917	0.654758	0.654758	1.03517	1.03517	0.491078	0.366022	0.163696	0.674897	0.654758	0.491078	0.366022	0.462979	0.925897	0.462979	0	0.462979	0.925897	0.462979	0.366022	0.491078	0.654758	1.03517	0.654758	0.674917	0.834643	0.818427	0.654758	0.463009	0.674917	0.881483	0.818452	0.590213	0.654758	0.995616	0.834643	0.590213	0.654758	0.995616	0.881483	0.818452	0.590213	0.654758	0.995616	0.881483	0.818452	0.818427	0.654758	0.463009	0.366041	0.163696	0.366022	0.51763	0.163696	0.366022	0.491078	0.366041	0.163696	0	0	0	0.462979	0.462979	0	0	0.366022	0.491078	0.463009	0.463009	0.366041	0.163696	0	0.462979	0.462979	0	0	0	0.462979	0.462979	0.462979	0.462979	0	0	0.462979	0.925897	0.462979	0.462979	0.462979	0.462979	0.462979	0.818402	0.881444	0.654758	1.03517	0.654758	1.03517	1.03517	0.654758	1.46379	1.46379	0.654758	1.03517	1.46379	0.654758	0.654758	0.654758	0.674897	1.04802	0.925897	0.462979	0.462979	0.925897	0.462979	0.462979	0.462979	0.462979	0.590178	0.366041	0.491078	0.51763	0.366041	0.463009	0.491078	0.366022	0.163696	0.51763	0.366022	0.163696	0.674897	0.881444	0.366022	0.462979	0.462979	0.462979	0.925897	0.462979	0.462979	0.925897	0.462979	0.462979	1.38869	0.925897	0.462979	0.925897	0.462979	0.462979	0.925897	0.462979	0.462979	0.462979	0.462979	0.590178	0.674897	0.654758	0.491078	0.818402	0.462979	0.462979	0.462979	0.163696	0.674897	0.881444	0.366022	0.590178	1.09795	0.654758	0.654758	0.654758	0.654758	1.31949	0.818402	0.462979	0.925897	1.27826	0.881444	0.654758	0.654758	0.674897	1.04802	0.462979	0.818402	0.881444	1.46379	1.46379	0.654758	0.654758	0.654758	1.03517	0.654758	0.674897
0.462934	0.925807	0.462934	0.462934	0.462934	0	0.462934	0.462934	0	0.462934	0.925807	0.462934	0	0	0	0.462934	0.462934	0	0.462934	0.462934	0	0.462934	0.462934	0	0.462934	0.462934	0.462934	0.462934	0	0	0.462934	0.462934	0	0.462934	0.462934	0	0	0.462934	0.925807	0.462934	0	0.462934	0.925807	0.462934	0	0	0.462934	0.925807	0.462934	0	0.462934	0.925807	0.462934	0	0	0.462934	0.462934	0	0.462934	0.925807	0.462934	0	0.462934	0.462934	0	0.462934	0.462934	0.462934	0.462934	0.925807	0.925807	0.462934	0.462934	0	0.462934	0.462934	0.462934	0.462934	0.462934	0.925807	0.462934	0	0.462934	0.925807	0.462934	0.462934	0.462934	0.462934	0.925807	0.462934	0.462934	0.462934	0.462934	0.462934	0	0.462934	0.462934	0	0	0.462934	0.925807	0.462934	0	0.462934	0.925807	0.462934	0	0	0.462934	0.925807	0.462934	0	0.462934	0.462934	0	0	0	0.462934	0.462934	0	0.462934	0.462934	0	0	0	0	0	0.462934	0.462934	0	0	0.462934	0.462934	0	0	0	0	0	0.462934	0.462934	0	0	0	0.462934	0.462934	0.462934	0.462934	0	0	0.462934	0.925807	0.462934	0.462934	0.462934	0.462934	0.462934	0.925807	0.925807	0.462934	0.925807	0.462934	0.925807	0.925807	0.462934	1.38856	1.38856	0.462934	0.925807	1.38856	0.462934	0.462934	0.462934	0.462934	0.925807	0.925807	0.462934	0.462934	0.925807	0.462934	0.462934	0.462934	0.462934	0.462934	0	0.462934	0.462934	0	0	0.462934	0.462934	0	0.462934	0.462934	0	0.462934	0.925807	0.462934	0.462934	0.462934	0.462934	0.925807	0.462934	0.462934	0.925807	0.462934	0.462934	1.38856	0.925807	0.462934	0.925807	0.462934	0.462934	0.925807	0.462934	0.462934	0.462934	0.462934	0.462934	0.462934	0.462934	0.462934	0.925807	0.462934	0.462934	0.462934	0	0.462934	0.925807	0.462934	0.462934	0.925807	0.462934	0.462934	0.462934	0.462934	1.38856	0.925807	0.462934	0.925807	1.38856	0.925807	0.462934	0.462934	0.462934	0.925807	0.462934	0.925807	0.925807	1.38856	1.38856	0.462934	0.462934	0.462934	0.925807	0.462934	0.462934
0.462889	0.925717	0.462889	0.462889	0.462889	0	0.462889	0.462889	0	0.462889	0.925717	0.462889	0	0	0	0.462889	0.462889	0	0.462889	0.462889	0	0.462889	0.462889	0	0.462889	0.462889	0.462889	0.462889	0	0	0.462889	0.462889	0	0.462889	0.462889	0	0	0.462889	0.925717	0.462889	0	0.462889	0.925717	0.462889	0	0	0.462889	0.925717	0.462889	0	0.462889	0.925717	0.462889	0	0	0.462889	0.462889	0	0.462889	0.925717	0.462889	0	0.462889	0.462889	0	0.462889	0.462889	0.462889	0.462889	0.925717	0.925717	0.462889	0.462889	0	0.462889	0.462889	0.462889	0.462889	0.462889	0.925717	0.462889	0	0.462889	0.925717	0.462889	0.462889	0.462889	0.462889	0.925717	0.462889	0.462889	0.462889	0.462889	0.462889	0	0.462889	0.462889	0	0	0.462889	0.925717	0.462889	0	0.462889	0.925717	0.462889	0	0	0.462889	0.925717	0.462889	0	0.462889	0.462889	0	0	0	0.462889	0.462889	0	0.462889	0.462889	0	0	0	0	0	0.462889	0.462889	0	0	0.462889	0.462889	0	0	0	0	0	0.462889	0.462889	0	0	0	0.462889	0.462889	0.462889	0.462889	0	0	0.462889	0.925717	0.462889	0.462889	0.462889	0.462889	0.462889	0.925717	0.925717	0.462889	0.925717	0.462889	0.925717	0.925717	0.462889	1.38842	1.38842	0.462889	0.925717	1.38842	0.462889	0.462889	0.462889	0.462889	0.925717	0.925717	0.462889	0.462889	0.925717	0.462889	0.462889	0.462889	0.462889	0.462889	0	0.462889	0.462889	0	0	0.462889	0.462889	0	0.462889	0.462889	0	0.462889	0.925717	0.462889	0.462889	0.462889	0.462889	0.925717	0.462889	0.462889	0.925717	0.462889	0.462889	1.38842	0.925717	0.462889	0.925717	0.462889	0.462889	0.925717	0.462889	0.462889	0.462889	0.462889	0.462889	0.462889	0.462889	0.462889	0.925717	0.462889	0.462889	0.462889	0	0.462889	0.925717	0.462889	0.462889	0.925717	0.462889	0.462889	0.462889	0.462889	1.38842	0.925717	0.462889	0.925717	1.38842	0.925717	0.462889	0.462889	0.462889	0.925717	0.462889	0.925717	0.925717	1.38842	1.38842	0.462889	0.462889	0.462889	0.925717	0.462889	0.462889
0.462844	0.925628	0.462844	0.462844	0.462844	0	0.462844	0.462844	0	0.462844	0.925628	0.462844	0	0	0	0.462844	0.462844	0	0.462844	0.462844	0	0.462844	0.462844	0	0.462844	0.462844	0.462844	0.462844	0	0	0.462844	0.462844	0	0.462844	0.462844	0	0	0.462844	0.925628	0.462844	0	0.462844	0.925628	0.462844	0	0	0.462844	0.925628	0.462844	0	0.462844	0.925628	0.462844	0	0	0.462844	0.462844	0	0.462844	0.925628	0.462844	0	0.462844	0.462844	0	0.462844	0.462844	0.462844	0.462844	0.925628	0.925628	0.462844	0.462844	0	0.462844	0.462844	0.462844	0.462844	0.462844	0.925628	0.462844	0	0.462844	0.925628	0.462844	0.462844	0.462844	0.462844	0.925628	0.462844	0.462844	0.462844	0.462844	0.462844	0	0.462844	0.462844	0	0	0.462844	0.925628	0.462844	0	0.462844	0.925628	0.462844	0	0	0.462844	0.925628	0.462844	0	0.462844	0.462844	0	0	0	0.462844	0.462844	0	0.462844	0.462844	0	0	0	0	0	0.462844	0.462844	0	0	0.462844	0.462844	0	0	0	0	0	0.462844	0.462844	0	0	0	0.462844	0.462844	0.462844	0.462844	0	0	0.462844	0.925628	0.462844	0.462844	0.462844	0.462844	0.462844	0.925628	0.925628	0.462844	0.925628	0.462844	0.925628	0.925628	0.462844	1.38829	1.38829	0.462844	0.925628	1.38829	0.462844	0.462844	0.462844	0.462844	0.925628	0.925628	0.462844	0.462844	0.925628	0.462844	0.462844	0.462844	0.462844	0.462844	0	0.462844	0.462844	0	0	0.462844	0.462844	0	0.462844	0.462844	0	0.462844	0.925628	0.462844	0.462844	0.462844	0.462844	0.925628	0.462844	0.462844	0.925628	0.462844	0.462844	1.38829	0.925628	0.462844	0.925628	0.462844	0.462844	0.925628	0.462844	0.462844	0.462844	0.462844	0.462844	0.462844	0.462844	0.462844	0.925628	0.462844	0.462844	0.462844	0	0.462844	0.925628	0.462844	0.462844	0.925628	0.462844	0.462844	0.462844	0.462844	1.38829	0.925628	0.462844	0.925628	1.38829	0.925628	0.462844	0.462844	0.462844	0.925628	0.462844	0.925628	0.925628	1.38829	1.38829	0.462844	0.462844	0.462844	0.925628	0.462844	0.462844
0.654509	1.03478	0.654509	0.654509	0.654509	0.365904	0.517431	0.517431	0.163634	0.365881	0.881104	0.654509	0.365904	0.163634	0	0.462799	0.462799	0	0.365881	0.517431	0.163634	0.365881	0.490891	0.365904	0.517431	0.490891	0.654509	0.654509	0.365904	0.163634	0.462799	0.462799	0	0.462799	0.462799	0	0	0.462799	0.925538	0.462799	0	0.462799	0.818085	0.490891	0.365904	0.163634	0.462799	0.818085	0.490891	0.365904	0.517431	0.834303	0.881153	0.818148	0.589993	0.654509	0.654509	0.462837	0.654509	0.995236	0.834329	0.589993	0.654509	0.654509	0.462837	0.654509	0.654509	0.654509	0.654509	1.03478	1.03478	0.654509	0.654509	0.365904	0.589949	0.462799	0.462799	0.462799	0.462799	0.925538	0.589949	0.365904	0.654509	1.03478	0.654509	0.654509	0.654509	0.654509	1.03478	0.654509	0.490891	0.517431	0.674638	0.654509	0.462837	0.654509	0.654509	0.462837	0.462837	0.654509	0.881104	0.517431	0.365904	0.490891	0.818085	0.462799	0	0	0.462799	0.818085	0.490891	0.365904	0.517431	0.490891	0.462837	0.365904	0.163634	0.365881	0.517431	0.163634	0.365881	0.490891	0.365904	0.163634	0	0	0	0.462799	0.462799	0	0	0.462799	0.462799	0	0	0.163634	0.365904	0.462837	0.490891	0.365881	0	0.163634	0.365904	0.490891	0.365881	0.462799	0.462799	0.163634	0.365904	0.490891	0.818085	0.462799	0.462799	0.462799	0.589949	0.674638	1.03478	1.03478	0.654509	1.19108	0.995262	1.14529	0.995236	0.818116	1.55195	1.55195	0.995262	1.14529	1.39778	0.654509	0.654509	0.654509	0.654509	1.03478	0.881104	0.365881	0.462799	0.925538	0.462799	0.365881	0.490891	0.654509	0.654509	0.462837	0.654509	0.654509	0.462837	0.462837	0.654509	0.654509	0.462837	0.654509	0.654509	0.365904	0.589949	0.925538	0.462799	0.462799	0.462799	0.462799	0.925538	0.462799	0.462799	0.925538	0.462799	0.462799	1.27776	0.881104	0.654509	1.03478	0.654509	0.654509	1.03478	0.654509	0.654509	0.654509	0.654509	0.674638	0.589949	0.462799	0.462799	0.925538	0.462799	0.462799	0.462799	0	0.462799	0.925538	0.462799	0.462799	0.925538	0.462799	0.589949	0.674638	0.654509	1.31898	0.818085	0.462799	1.04761	1.4073	0.818085	0.589949	0.674638	0.818116	1.31902	1.03483	1.30885	1.30885	1.50826	1.39778	0.654509	0.654509	0.654509	1.03478	0.654509	0.654509
0.654446	1.03468	0.654446	0.654446	0.654446	0.490844	0.517381	0.517381	0.365845	0.163618	0.674572	0.654446	0.490844	0.365845	0	0.462754	0.462754	0	0.163618	0.517381	0.365845	0.163618	0.365869	0.490844	0.517381	0.365869	0.654446	0.654446	0.490844	0.365845	0.462754	0.462754	0	0.462754	0.462754	0	0	0.462754	0.925448	0.462754	0	0.462754	0.589892	0.365869	0.490844	0.365845	0.462754	0.589892	0.365869	0.490844	0.517381	0.517406	0.818069	0.881068	0.674598	0.654446	0.654446	0.462792	0.654446	0.818037	0.834248	0.674598	0.654446	0.654446	0.462792	0.654446	0.654446	0.654446	0.654446	1.03468	1.03468	0.654446	0.654446	0.490844	0.818005	0.462754	0.462754	0.462754	0.462754	0.925448	0.818005	0.490844	0.654446	1.03468	0.654446	0.654446	0.654446	0.654446	1.03468	0.654446	0.365869	0.517381	0.881019	0.654446	0.462792	0.654446	0.654446	0.462792	0.462792	0.654446	0.674572	0.517381	0.490844	0.365869	0.589892	0.462754	0	0	0.462754	0.589892	0.365869	0.490844	0.517381	0.365869	0.462792	0.490844	0.365845	0.163618	0.517381	0.365845	0.163618	0.365869	0.490844	0.365845	0	0	0	0.462754	0.462754	0	0	0.462754	0.462754	0	0	0.365845	0.490844	0.462792	0.365869	0.163618	0	0.365845	0.490844	0.365869	0.163618	0.462754	0.462754	0.365845	0.490844	0.365869	0.589892	0.462754	0.462754	0.462754	0.818005	0.881019	1.03468	1.03468	0.654446	1.39764	1.14518	0.995166	0.818037	0.995139	1.5518	1.5518	1.14518	0.995166	1.19096	0.654446	0.654446	0.654446	0.654446	1.03468	0.674572	0.163618	0.462754	0.925448	0.462754	0.163618	0.365869	0.654446	0.654446	0.462792	0.654446	0.654446	0.462792	0.462792	0.654446	0.654446	0.462792	0.654446	0.654446	0.490844	0.818005	0.925448	0.462754	0.462754	0.462754	0.462754	0.925448	0.462754	0.462754	0.925448	0.462754	0.462754	1.04751	0.674572	0.654446	1.03468	0.654446	0.654446	1.03468	0.654446	0.654446	0.654446	0.654446	0.881019	0.818005	0.462754	0.462754	0.925448	0.462754	0.462754	0.462754	0	0.462754	0.925448	0.462754	0.462754	0.925448	0.462754	0.818005	0.881019	0.654446	1.09742	0.589892	0.462754	1.27764	1.40716	0.589892	0.818005	0.881019	0.995139	1.50811	1.03473	1.30872	1.30872	1.31889	1.19096	0.654446	0.654446	0.654446	1.03468	0.654446	0.654446
0.462717	0.925373	0.462717	0.462717	0.462717	0.462717	0.462717	0.462717	0.462717	0	0.462717	0.462717	0.462717	0.462717	0	0.462717	0.462717	0	0	0.462717	0.462717	0	0	0.462717	0.462717	0	0.462717	0.462717	0.462717	0.462717	0.462717	0.462717	0	0.462717	0.462717	0	0	0.462717	0.925373	0.462717	0	0.462717	0.462717	0	0.462717	0.462717	0.462717	0.462717	0	0.462717	0.462717	0	0	0.462717	0.462717	0.462717	0.462717	0	0.462717	0.462717	0.462717	0.462717	0.462717	0.462717	0	0.462717	0.462717	0.462717	0.462717	0.925373	0.925373	0.462717	0.462717	0.462717	0.925373	0.462717	0.462717	0.462717	0.462717	0.925373	0.925373	0.462717	0.462717	0.925373	0.462717	0.462717	0.462717	0.462717	0.925373	0.462717	0	0.462717	0.925373	0.462717	0	0.462717	0.462717	0	0	0.462717	0.462717	0.462717	0.462717	0	0.462717	0.462717	0	0	0.462717	0.462717	0	0.462717	0.462717	0	0	0.462717	0.462717	0	0.462717	0.462717	0	0	0.462717	0.462717	0	0	0	0.462717	0.462717	0	0	0.462717	0.462717	0	0	0.462717	0.462717	0	0	0	0	0.462717	0.462717	0	0	0.462717	0.462717	0.462717	0.462717	0	0.462717	0.462717	0.462717	0.462717	0.925373	0.925373	0.925373	0.925373	0.462717	1.38791	0.925373	0.462717	0.462717	0.925373	1.38791	1.38791	0.925373	0.462717	0.925373	0.462717	0.462717	0.462717	0.462717	0.925373	0.462717	0	0.462717	0.925373	0.462717	0	0	0.462717	0.462717	0	0.462717	0.462717	0	0	0.462717	0.462717	0	0.462717	0.462717	0.462717	0.925373	0.925373	0.462717	0.462717	0.462717	0.462717	0.925373	0.462717	0.462717	0.925373	0.462717	0.462717	0.925373	0.462717	0.462717	0.925373	0.462717	0.462717	0.925373	0.462717	0.462717	0.462717	0.462717	0.925373	0.925373	0.462717	0.462717	0.925373	0.462717	0.462717	0.462717	0	0.462717	0.925373	0.462717	0.462717	0.925373	0.462717	0.925373	0.925373	0.462717	0.925373	0.462717	0.462717	1.38791	1.38791	0.462717	0.925373	0.925373	0.925373	1.38791	0.462717	0.925373	0.925373	0.925373	0.925373	0.462717	0.462717	0.462717	0.925373	0.462717	0.462717
0.462672	0.925284	0.462672	0.462672	0.462672	0.462672	0.462672	0.462672	0.462672	0	0.462672	0.462672	0.462672	0.462672	0	0.462672	0.462672	0	0	0.462672	0.462672	0	0	0.462672	0.462672	0	0.462672	0.462672	0.462672	0.462672	0.462672	0.462672	0	0.462672	0.462672	0	0	0.462672	0.925284	0.462672	0	0.462672	0.462672	0	0.462672	0.462672	0.462672	0.462672	0	0.462672	0.462672	0	0	0.462672	0.462672	0.462672	0.462672	0	0.462672	0.462672	0.462672	0.462672	0.462672	0.462672	0	0.462672	0.462672	0.462672	0.462672	0.925284	0.925284	0.462672	0.462672	0.462672	0.925284	0.462672	0.462672	0.462672	0.462672	0.925284	0.925284	0.462672	0.462672	0.925284	0.462672	0.462672	0.462672	0.462672	0.925284	0.462672	0	0.462672	0.925284	0.462672	0	0.462672	0.462672	0	0	0.462672	0.462672	0.462672	0.462672	0	0.462672	0.462672	0	0	0.462672	0.462672	0	0.462672	0.462672	0	0	0.462672	0.462672	0	0.462672	0.462672	0	0	0.462672	0.462672	0	0	0	0.462672	0.462672	0	0	0.462672	0.462672	0	0	0.462672	0.462672	0	0	0	0	0.462672	0.462672	0	0	0.462672	0.462672	0.462672	0.462672	0	0.462672	0.462672	0.462672	0.462672	0.925284	0.925284	0.925284	0.925284	0.462672	1.38777	0.925284	0.462672	0.462672	0.925284	1.38777	1.38777	0.925284	0.462672	0.925284	0.462672	0.462672	0.462672	0.462672	0.925284	0.462672	0	0.462672	0.925284	0.462672	0	0	0.462672	0.462672	0	0.462672	0.462672	0	0	0.462672	0.462672	0	0.462672	0.462672	0.462672	0.925284	0.925284	0.462672	0.462672	0.462672	0.462672	0.925284	0.462672	0.462672	0.925284	0.462672	0.462672	0.925284	0.462672	0.462672	0.925284	0.462672	0.462672	0.925284	0.462672	0.462672	0.462672	0.462672	0.925284	0.925284	0.462672	0.462672	0.925284	0.462672	0.462672	0.462672	0	0.462672	0.925284	0.462672	0.462672	0.925284	0.462672	0.925284	0.925284	0.462672	0.925284	0.462672	0.462672	1.38777	1.38777	0.462672	0.925284	0.925284	0.925284	1.38777	0.462672	0.925284	0.925284	0.925284	0.925284	0.462672	0.462672	0.462672	0.925284	0.462672	0.462672
0.462627	0.925194	0.462627	0.462627	0.462627	0.462627	0.462627	0.462627	0.462627	0	0.462627	0.462627	0.462627	0.462627	0	0.462627	0.462627	0	0	0.462627	0.462627	0	0	0.462627	0.462627	0	0.462627	0.462627	0.462627	0.462627	0.462627	0.462627	0	0.462627	0.462627	0	0	0.462627	0.925194	0.462627	0	0.462627	0.462627	0	0.462627	0.462627	0.462627	0.462627	0	0.462627	0.462627	0	0	0.462627	0.462627	0.462627	0.462627	0	0.462627	0.462627	0.462627	0.462627	0.462627	0.462627	0	0.462627	0.462627	0.462627	0.462627	0.925194	0.925194	0.462627	0.462627	0.462627	0.925194	0.462627	0.462627	0.462627	0.462627	0.925194	0.925194	0.462627	0.462627	0.925194	0.462627	0.462627	0.462627	0.462627	0.925194	0.462627	0	0.462627	0.925194	0.462627	0	0.462627	0.462627	0	0	0.462627	0.462627	0.462627	0.462627	0	0.462627	0.462627	0	0	0.462627	0.462627	0	0.462627	0.462627	0	0	0.462627	0.462627	0	0.462627	0.462627	0	0	0.462627	0.462627	0	0	0	0.462627	0.462627	0	0	0.462627	0.462627	0	0	0.462627	0.462627	0	0	0	0	0.462627	0.462627	0	0	0.462627	0.462627	0.462627	0.462627	0	0.462627	0.462627	0.462627	0.462627	0.925194	0.925194	0.925194	0.925194	0.462627	1.38764	0.925194	0.462627	0.462627	0.925194	1.38764	1.38764	0.925194	0.462627	0.925194	0.462627	0.462627	0.462627	0.462627	0.925194	0.462627	0	0.462627	0.925194	0.462627	0	0	0.462627	0.462627	0	0.462627	0.462627	0	0	0.462627	0.462627	0	0.462627	0.462627	0.462627	0.925194	0.925194	0.462627	0.462627	0.462627	0.462627	0.925194	0.462627	0.462627	0.925194	0.462627	0.462627	0.925194	0.462627	0.462627	0.925194	0.462627	0.462627	0.925194	0.462627	0.462627	0.462627	0.462627	0.925194	0.925194	0.462627	0.462627	0.925194	0.462627	0.462627	0.462627	0	0.462627	0.925194	0.462627	0.462627	0.925194	0.462627	0.925194	0.925194	0.462627	0.925194	0.462627	0.462627	1.38764	1.38764	0.462627	0.925194	0.925194	0.925194	1.38764	0.462627	0.925194	0.925194	0.925194	0.925194	0.462627	0.462627	0.462627	0.925194	0.462627	0.462627
0.462582	0.817701	0.490657	0.654197	0.654197	0.654197	0.654197	0.654197	0.654197	0.365728	0.517187	0.490657	0.654197	0.654197	0.462612	0.654197	0.654197	0.462612	0.365728	0.517187	0.490657	0.365728	0.163556	0.365709	0.517187	0.163556	0.462582	0.462582	0.462582	0.462582	0.365709	0.490657	0.365728	0.589673	0.462582	0	0	0.462582	0.817701	0.517187	0.163556	0.462582	0.462582	0	0.462582	0.462582	0.462582	0.462582	0	0.462582	0.462582	0	0	0.462582	0.462582	0.365709	0.517187	0.163556	0.365709	0.517187	0.589673	0.462582	0.365709	0.490657	0.365728	0.517187	0.490657	0.654197	0.654197	1.03429	1.03429	0.654197	0.654197	0.654197	1.09701	0.589673	0.462582	0.462582	0.462582	0.925105	0.925105	0.462582	0.589673	1.09701	0.654197	0.654197	0.654197	0.654197	1.03429	0.654197	0.462612	0.654197	1.03429	0.654197	0.589708	0.833929	0.67434	0.462612	0.462612	0.654197	0.654197	0.490657	0.365709	0	0.462582	0.462582	0	0	0.365709	0.517187	0.163556	0.365709	0.490657	0.365728	0.163556	0.365709	0.490657	0.365728	0.517187	0.490657	0.365728	0.163556	0.462582	0.462582	0	0	0	0.462582	0.462582	0	0	0.462582	0.462582	0	0	0.462582	0.462582	0	0.163556	0.365728	0.462612	0.490657	0.365709	0.163556	0.365728	0.654197	0.654197	0.490657	0.365709	0.163556	0.674319	0.654197	0.654197	0.654197	1.03429	1.03429	1.03429	1.03429	0.654197	1.46254	1.03429	0.654197	0.654197	0.880689	1.40664	1.40664	0.817701	0.462582	0.925105	0.462582	0.462582	0.462582	0.462582	0.925105	0.462582	0	0.462582	0.817701	0.490657	0.462612	0.462612	0.67434	0.833929	0.589708	0.67434	0.833929	0.589708	0.462612	0.654197	0.654197	0.462612	0.654197	0.654197	0.654197	1.03429	1.03429	0.654197	0.674319	0.589673	0.462582	0.925105	0.462582	0.462582	0.925105	0.462582	0.462582	0.925105	0.462582	0.462582	0.925105	0.462582	0.462582	0.925105	0.462582	0.462582	0.462582	0.462582	0.925105	0.925105	0.462582	0.462582	0.925105	0.462582	0.462582	0.462582	0.163556	0.674319	1.03429	0.654197	0.654197	1.03429	0.654197	0.880689	0.817701	0.462582	1.04712	0.674319	0.654197	1.46254	1.61038	0.994785	1.14474	0.994764	1.03429	1.46254	0.654197	1.03429	1.03429	1.03429	1.03429	0.654197	0.654197	0.654197	1.03429	0.654197	0.654197
0.462538	0.589616	0.365692	0.654134	0.654134	0.654134	0.654134	0.654134	0.654134	0.49061	0.517137	0.365692	0.654134	0.654134	0.462567	0.654134	0.654134	0.462567	0.49061	0.517137	0.365692	0.49061	0.365673	0.16354	0.517137	0.365673	0.462538	0.462538	0.462538	0.462538	0.16354	0.365692	0.49061	0.817622	0.462538	0	0	0.462538	0.589616	0.517137	0.365673	0.462538	0.462538	0	0.462538	0.462538	0.462538	0.462538	0	0.462538	0.462538	0	0	0.462538	0.462538	0.16354	0.517137	0.365673	0.16354	0.517137	0.817622	0.462538	0.16354	0.365692	0.49061	0.517137	0.365692	0.654134	0.654134	1.03419	1.03419	0.654134	0.654134	0.654134	1.31824	0.817622	0.462538	0.462538	0.462538	0.925015	0.925015	0.462538	0.817622	1.31824	0.654134	0.654134	0.654134	0.654134	1.03419	0.654134	0.462567	0.654134	1.03419	0.654134	0.674274	0.833848	0.589651	0.462567	0.462567	0.654134	0.654134	0.365692	0.16354	0	0.462538	0.462538	0	0	0.16354	0.517137	0.365673	0.16354	0.365692	0.49061	0.365673	0.16354	0.365692	0.49061	0.517137	0.365692	0.49061	0.365673	0.462538	0.462538	0	0	0	0.462538	0.462538	0	0	0.462538	0.462538	0	0	0.462538	0.462538	0	0.365673	0.49061	0.462567	0.365692	0.16354	0.365673	0.49061	0.654134	0.654134	0.365692	0.16354	0.365673	0.880604	0.654134	0.654134	0.654134	1.03419	1.03419	1.03419	1.03419	0.654134	1.4624	1.03419	0.654134	0.654134	0.674254	1.4065	1.4065	0.589616	0.462538	0.925015	0.462538	0.462538	0.462538	0.462538	0.925015	0.462538	0	0.462538	0.589616	0.365692	0.462567	0.462567	0.589651	0.833848	0.674274	0.589651	0.833848	0.674274	0.462567	0.654134	0.654134	0.462567	0.654134	0.654134	0.654134	1.03419	1.03419	0.654134	0.880604	0.817622	0.462538	0.925015	0.462538	0.462538	0.925015	0.462538	0.462538	0.925015	0.462538	0.462538	0.925015	0.462538	0.462538	0.925015	0.462538	0.462538	0.462538	0.462538	0.925015	0.925015	0.462538	0.462538	0.925015	0.462538	0.462538	0.462538	0.365673	0.880604	1.03419	0.654134	0.654134	1.03419	0.654134	0.674254	0.589616	0.462538	1.27704	0.880604	0.654134	1.4624	1.82777	1.14463	0.994689	0.817647	1.03419	1.4624	0.654134	1.03419	1.03419	1.03419	1.03419	0.654134	0.654134	0.654134	1.03419	0.654134	0.654134
0.462493	0.462493	0	0.462493	0.462493	0.462493	0.462493	0.462493	0.462493	0.462493	0.462493	0	0.462493	0.462493	0	0.462493	0.462493	0	0.462493	0.462493	0	0.462493	0.462493	0	0.462493	0.462493	0.462493	0.462493	0.462493	0.462493	0	0	0.462493	0.924925	0.462493	0	0	0.462493	0.462493	0.462493	0.462493	0.462493	0.462493	0	0.462493	0.462493	0.462493	0.462493	0	0.462493	0.462493	0	0	0.462493	0.462493	0	0.462493	0.462493	0	0.462493	0.924925	0.462493	0	0	0.462493	0.462493	0	0.462493	0.462493	0.924925	0.924925	0.462493	0.462493	0.462493	1.38724	0.924925	0.462493	0.462493	0.462493	0.924925	0.924925	0.462493	0.924925	1.38724	0.462493	0.462493	0.462493	0.462493	0.924925	0.462493	0	0.462493	0.924925	0.462493	0.462493	0.462493	0	0	0	0.462493	0.462493	0	0	0	0.462493	0.462493	0	0	0	0.462493	0.462493	0	0	0.462493	0.462493	0	0	0.462493	0.462493	0	0.462493	0.462493	0.462493	0.462493	0	0	0	0.462493	0.462493	0	0	0.462493	0.462493	0	0	0.462493	0.462493	0	0.462493	0.462493	0	0	0	0.462493	0.462493	0.462493	0.462493	0	0	0.462493	0.924925	0.462493	0.462493	0.462493	0.924925	0.924925	0.924925	0.924925	0.462493	1.38724	0.924925	0.462493	0.462493	0.462493	1.38724	1.38724	0.462493	0.462493	0.924925	0.462493	0.462493	0.462493	0.462493	0.924925	0.462493	0	0.462493	0.462493	0	0	0	0	0.462493	0.462493	0	0.462493	0.462493	0	0.462493	0.462493	0	0.462493	0.462493	0.462493	0.924925	0.924925	0.462493	0.924925	0.924925	0.462493	0.924925	0.462493	0.462493	0.924925	0.462493	0.462493	0.924925	0.462493	0.462493	0.924925	0.462493	0.462493	0.924925	0.462493	0.462493	0.462493	0.462493	0.924925	0.924925	0.462493	0.462493	0.924925	0.462493	0.462493	0.462493	0.462493	0.924925	0.924925	0.462493	0.462493	0.924925	0.462493	0.462493	0.462493	0.462493	1.38724	0.924925	0.462493	1.38724	1.84937	0.924925	0.462493	0.462493	0.924925	1.38724	0.462493	0.924925	0.924925	0.924925	0.924925	0.462493	0.462493	0.462493	0.924925	0.462493	0.462493
0.462448	0.462448	0	0.462448	0.462448	0.462448	0.462448	0.462448	0.462448	0.462448	0.462448	0	0.462448	0.462448	0	0.462448	0.462448	0	0.462448	0.462448	0	0.462448	0.462448	0	0.462448	0.462448	0.462448	0.462448	0.462448	0.462448	0	0	0.462448	0.924836	0.462448	0	0	0.462448	0.462448	0.462448	0.462448	0.462448	0.462448	0	0.462448	0.462448	0.462448	0.462448	0	0.462448	0.462448	0	0	0.462448	0.462448	0	0.462448	0.462448	0	0.462448	0.924836	0.462448	0	0	0.462448	0.462448	0	0.462448	0.462448	0.924836	0.924836	0.462448	0.462448	0.462448	1.3871	0.924836	0.462448	0.462448	0.462448	0.924836	0.924836	0.462448	0.924836	1.3871	0.462448	0.462448	0.462448	0.462448	0.924836	0.462448	0	0.462448	0.924836	0.462448	0.462448	0.462448	0	0	0	0.462448	0.462448	0	0	0	0.462448	0.462448	0	0	0	0.462448	0.462448	0	0	0.462448	0.462448	0	0	0.462448	0.462448	0	0.462448	0.462448	0.462448	0.462448	0	0	0	0.462448	0.462448	0	0	0.462448	0.462448	0	0	0.462448	0.462448	0	0.462448	0.462448	0	0	0	0.462448	0.462448	0.462448	0.462448	0	0	0.462448	0.924836	0.462448	0.462448	0.462448	0.924836	0.924836	0.924836	0.924836	0.462448	1.3871	0.924836	0.462448	0.462448	0.462448	1.3871	1.3871	0.462448	0.462448	0.924836	0.462448	0.462448	0.462448	0.462448	0.924836	0.462448	0	0.462448	0.462448	0	0	0	0	0.462448	0.462448	0	0.462448	0.462448	0	0.462448	0.462448	0	0.462448	0.462448	0.462448	0.924836	0.924836	0.462448	0.924836	0.924836	0.462448	0.924836	0.462448	0.462448	0.924836	0.462448	0.462448	0.924836	0.462448	0.462448	0.924836	0.462448	0.462448	0.924836	0.462448	0.462448	0.462448	0.462448	0.924836	0.924836	0.462448	0.462448	0.924836	0.462448	0.462448	0.462448	0.462448	0.924836	0.924836	0.462448	0.462448	0.924836	0.462448	0.462448	0.462448	0.462448	1.3871	0.924836	0.462448	1.3871	1.84919	0.924836	0.462448	0.462448	0.924836	1.3871	0.462448	0.924836	0.924836	0.924836	0.924836	0.462448	0.462448	0.462448	0.924836	0.462448	0.462448
0.462403	0.462403	0	0.462403	0.462403	0.462403	0.462403	0.462403	0.462403	0.462403	0.462403	0	0.462403	0.462403	0	0.462403	0.462403	0	0.462403	0.462403	0	0.462403	0.462403	0	0.462403	0.462403	0.462403	0.462403	0.462403	0.462403	0	0	0.462403	0.924746	0.462403	0	0	0.462403	0.462403	0.462403	0.462403	0.462403	0.462403	0	0.462403	0.462403	0.462403	0.462403	0	0.462403	0.462403	0	0	0.462403	0.462403	0	0.462403	0.462403	0	0.462403	0.924746	0.462403	0	0	0.462403	0.462403	0	0.462403	0.462403	0.924746	0.924746	0.462403	0.462403	0.462403	1.38697	0.924746	0.462403	0.462403	0.462403	0.924746	0.924746	0.462403	0.924746	1.38697	0.462403	0.462403	0.462403	0.462403	0.924746	0.462403	0	0.462403	0.924746	0.462403	0.462403	0.462403	0	0	0	0.462403	0.462403	0	0	0	0.462403	0.462403	0	0	0	0.462403	0.462403	0	0	0.462403	0.462403	0	0	0.462403	0.462403	0	0.462403	0.462403	0.462403	0.462403	0	0	0	0.462403	0.462403	0	0	0.462403	0.462403	0	0	0.462403	0.462403	0	0.462403	0.462403	0	0	0	0.462403	0.462403	0.462403	0.462403	0	0	0.462403	0.924746	0.462403	0.462403	0.462403	0.924746	0.924746	0.924746	0.924746	0.462403	1.38697	0.924746	0.462403	0.462403	0.462403	1.38697	1.38697	0.462403	0.462403	0.924746	0.462403	0.462403	0.462403	0.462403	0.924746	0.462403	0	0.462403	0.462403	0	0	0	0	0.462403	0.462403	0	0.462403	0.462403	0	0.462403	0.462403	0	0.462403	0.462403	0.462403	0.924746	0.924746	0.462403	0.924746	0.924746	0.462403	0.924746	0.462403	0.462403	0.924746	0.462403	0.462403	0.924746	0.462403	0.462403	0.924746	0.462403	0.462403	0.924746	0.462403	0.462403	0.462403	0.462403	0.924746	0.924746	0.462403	0.462403	0.924746	0.462403	0.462403	0.462403	0.462403	0.924746	0.924746	0.462403	0.462403	0.924746	0.462403	0.462403	0.462403	0.462403	1.38697	0.924746	0.462403	1.38697	1.84901	0.924746	0.462403	0.462403	0.924746	1.38697	0.462403	0.924746	0.924746	0.924746	0.924746	0.462403	0.462403	0.462403	0.924746	0.462403	0.462403
0.365532	0.516938	0.163478	0.462358	0.462358	0.365532	0.516938	0.516938	0.490424	0.653886	0.673995	0.163478	0.365532	0.490424	0.365556	0.516938	0.490424	0.365556	0.589388	0.462358	0	0.462358	0.462358	0	0.462358	0.462358	0.462358	0.462358	0.462358	0.462358	0.163478	0.365556	0.490424	0.817306	0.462358	0.163478	0.365556	0.490424	0.516938	0.673995	0.653886	0.490424	0.516938	0.365556	0.490424	0.365532	0.462358	0.462358	0	0.462358	0.462358	0	0	0.462358	0.462358	0	0.462358	0.462358	0	0.462358	0.924657	0.462358	0	0	0.462358	0.462358	0	0.462358	0.462358	0.924657	0.924657	0.462358	0.462358	0.462358	1.38683	0.924657	0.462358	0.462358	0.462358	1.04662	1.09648	0.653886	0.880265	1.27655	0.462358	0.462358	0.462358	0.462358	0.924657	0.462358	0.163478	0.673995	0.880265	0.365532	0.462358	0.462358	0	0.163478	0.365556	0.490424	0.365532	0	0	0	0.462358	0.462358	0	0	0	0.365532	0.490424	0.462396	0.365556	0.516938	0.490424	0.462396	0.462396	0.653886	0.673995	0.163478	0.365532	0.490424	0.653886	0.653886	0.365556	0.163478	0	0.462358	0.462358	0	0	0.462358	0.462358	0	0	0.462358	0.462358	0	0.462358	0.462358	0	0	0	0.462358	0.462358	0.462358	0.462358	0.163478	0.365556	0.490424	0.817306	0.462358	0.462358	0.462358	1.04662	1.09648	0.880265	0.817306	0.589388	1.54183	1.03379	0.653886	0.653886	0.817337	1.55048	1.39645	0.653886	0.653886	0.880265	0.365532	0.462358	0.462358	0.462358	0.817306	0.490424	0.462396	0.674021	0.880314	0.924731	0.817369	0.589431	0.462396	0.674021	0.880314	0.924731	1.09655	1.24486	1.0467	1.03384	1.03384	0.817369	0.817337	0.653886	0.653886	1.03379	1.09648	0.589388	0.817306	0.880265	0.653886	1.03379	0.653886	0.673995	1.04662	0.462358	0.462358	0.924657	0.462358	0.462358	0.924657	0.462358	0.462358	0.924657	0.462358	0.462358	0.462358	0.462358	1.04662	1.09648	0.653886	0.653886	1.03379	0.653886	0.653886	0.653886	0.653886	1.03379	1.03379	0.653886	0.653886	1.03379	0.653886	0.653886	0.653886	0.817337	1.55048	0.994288	0.817337	1.55048	1.82707	1.03379	0.653886	0.653886	1.03379	1.60961	0.994314	1.1442	0.994288	1.18995	1.31776	1.03384	1.03384	1.03384	1.3076	1.03384	0.880314
0.163462	0.516888	0.365497	0.462314	0.462314	0.163462	0.516888	0.516888	0.365521	0.653822	0.88018	0.365497	0.163462	0.365521	0.490376	0.516888	0.365521	0.490376	0.817227	0.462314	0	0.462314	0.462314	0	0.462314	0.462314	0.462314	0.462314	0.462314	0.462314	0.365497	0.490376	0.365521	0.58933	0.462314	0.365497	0.490376	0.365521	0.516888	0.88018	0.653822	0.365521	0.516888	0.490376	0.365521	0.163462	0.462314	0.462314	0	0.462314	0.462314	0	0	0.462314	0.462314	0	0.462314	0.462314	0	0.462314	0.924567	0.462314	0	0	0.462314	0.462314	0	0.462314	0.462314	0.924567	0.924567	0.462314	0.462314	0.462314	1.3867	0.924567	0.462314	0.462314	0.462314	1.27642	1.3176	0.653822	0.67393	1.04651	0.462314	0.462314	0.462314	0.462314	0.924567	0.462314	0.365497	0.88018	0.67393	0.163462	0.462314	0.462314	0	0.365497	0.490376	0.365521	0.163462	0	0	0	0.462314	0.462314	0	0	0	0.163462	0.365521	0.462351	0.490376	0.516888	0.365521	0.462351	0.462351	0.653822	0.88018	0.365497	0.163462	0.365521	0.653822	0.653822	0.490376	0.365497	0	0.462314	0.462314	0	0	0.462314	0.462314	0	0	0.462314	0.462314	0	0.462314	0.462314	0	0	0	0.462314	0.462314	0.462314	0.462314	0.365497	0.490376	0.365521	0.58933	0.462314	0.462314	0.462314	1.27642	1.3176	0.67393	0.58933	0.817227	1.76749	1.03369	0.653822	0.653822	0.994192	1.55033	1.18983	0.653822	0.653822	0.67393	0.163462	0.462314	0.462314	0.462314	0.58933	0.365521	0.462351	0.589374	0.81729	0.924642	0.880229	0.673956	0.462351	0.589374	0.81729	0.924642	1.0466	1.24474	1.09644	1.03374	1.03374	0.880229	0.994192	0.653822	0.653822	1.03369	1.3176	0.817227	0.58933	0.67393	0.653822	1.03369	0.653822	0.88018	1.27642	0.462314	0.462314	0.924567	0.462314	0.462314	0.924567	0.462314	0.462314	0.924567	0.462314	0.462314	0.462314	0.462314	1.27642	1.3176	0.653822	0.653822	1.03369	0.653822	0.653822	0.653822	0.653822	1.03369	1.03369	0.653822	0.653822	1.03369	0.653822	0.653822	0.653822	0.994192	1.55033	0.817258	0.994192	1.55033	1.60945	1.03369	0.653822	0.653822	1.03369	1.82689	1.14409	0.994218	0.817258	1.39631	1.50668	1.03374	1.03374	1.03374	1.30747	1.03374	0.81729
0	0.462269	0.462269	0.462269	0.462269	0	0.462269	0.462269	0	0.462269	0.924478	0.462269	0	0	0.462269	0.462269	0	0.462269	0.924478	0.462269	0	0.462269	0.462269	0	0.462269	0.462269	0.462269	0.462269	0.462269	0.462269	0.462269	0.462269	0	0.462269	0.462269	0.462269	0.462269	0	0.462269	0.924478	0.462269	0	0.462269	0.462269	0	0	0.462269	0.462269	0	0.462269	0.462269	0	0	0.462269	0.462269	0	0.462269	0.462269	0	0.462269	0.924478	0.462269	0	0	0.462269	0.462269	0	0.462269	0.462269	0.924478	0.924478	0.462269	0.462269	0.462269	1.38657	0.924478	0.462269	0.462269	0.462269	1.38657	1.38657	0.462269	0.462269	0.924478	0.462269	0.462269	0.462269	0.462269	0.924478	0.462269	0.462269	0.924478	0.462269	0	0.462269	0.462269	0	0.462269	0.462269	0	0	0	0	0	0.462269	0.462269	0	0	0	0	0	0	0.462269	0.462269	0	0	0	0.462269	0.924478	0.462269	0	0	0.462269	0.462269	0.462269	0.462269	0	0.462269	0.462269	0	0	0.462269	0.462269	0	0	0.462269	0.462269	0	0.462269	0.462269	0	0	0	0.462269	0.462269	0.462269	0.462269	0.462269	0.462269	0	0.462269	0.462269	0.462269	0.462269	1.38657	1.38657	0.462269	0.462269	0.924478	1.84847	0.924478	0.462269	0.462269	0.924478	1.38657	0.924478	0.462269	0.462269	0.462269	0	0.462269	0.462269	0.462269	0.462269	0	0	0	0	0	0.462269	0.462269	0	0	0	0	0	0.462269	0.462269	0.462269	0.462269	0.462269	0.924478	0.462269	0.462269	0.924478	1.38657	0.924478	0.462269	0.462269	0.462269	0.924478	0.462269	0.924478	1.38657	0.462269	0.462269	0.924478	0.462269	0.462269	0.924478	0.462269	0.462269	0.924478	0.462269	0.462269	0.462269	0.462269	1.38657	1.38657	0.462269	0.462269	0.924478	0.462269	0.462269	0.462269	0.462269	0.924478	0.924478	0.462269	0.462269	0.924478	0.462269	0.462269	0.462269	0.924478	1.38657	0.462269	0.924478	1.38657	1.38657	0.924478	0.462269	0.462269	0.924478	1.84847	0.924478	0.462269	0.462269	1.38657	1.38657	0.462269	0.462269	0.462269	0.924478	0.462269	0
0	0.462232	0.462232	0.462232	0.462232	0	0.462232	0.462232	0	0.462232	0.924403	0.462232	0	0	0.462232	0.462232	0	0.462232	0.924403	0.462232	0	0.462232	0.462232	0	0.462232	0.462232	0.462232	0.462232	0.462232	0.462232	0.462232	0.462232	0	0.462232	0.462232	0.462232	0.462232	0	0.462232	0.924403	0.462232	0	0.462232	0.462232	0	0	0.462232	0.462232	0	0.462232	0.462232	0	0	0.462232	0.462232	0	0.462232	0.462232	0	0.462232	0.924403	0.462232	0	0	0.462232	0.462232	0	0.462232	0.462232	0.924403	0.924403	0.462232	0.462232	0.462232	1.38645	0.924403	0.462232	0.462232	0.462232	1.38645	1.38645	0.462232	0.462232	0.924403	0.462232	0.462232	0.462232	0.462232	0.924403	0.462232	0.462232	0.924403	0.462232	0	0.462232	0.462232	0	0.462232	0.462232	0	0	0	0	0	0.462232	0.462232	0	0	0	0	0	0	0.462232	0.462232	0	0	0	0.462232	0.924403	0.462232	0	0	0.462232	0.462232	0.462232	0.462232	0	0.462232	0.462232	0	0	0.462232	0.462232	0	0	0.462232	0.462232	0	0.462232	0.462232	0	0	0	0.462232	0.462232	0.462232	0.462232	0.462232	0.462232	0	0.462232	0.462232	0.462232	0.462232	1.38645	1.38645	0.462232	0.462232	0.924403	1.84833	0.924403	0.462232	0.462232	0.924403	1.38645	0.924403	0.462232	0.462232	0.462232	0	0.462232	0.462232	0.462232	0.462232	0	0	0	0	0	0.462232	0.462232	0	0	0	0	0	0.462232	0.462232	0.462232	0.462232	0.462232	0.924403	0.462232	0.462232	0.924403	1.38645	0.924403	0.462232	0.462232	0.462232	0.924403	0.462232	0.924403	1.38645	0.462232	0.462232	0.924403	0.462232	0.462232	0.924403	0.462232	0.462232	0.924403	0.462232	0.462232	0.462232	0.462232	1.38645	1.38645	0.462232	0.462232	0.924403	0.462232	0.462232	0.462232	0.462232	0.924403	0.924403	0.462232	0.462232	0.924403	0.462232	0.462232	0.462232	0.924403	1.38645	0.462232	0.924403	1.38645	1.38645	0.924403	0.462232	0.462232	0.924403	1.84833	0.924403	0.462232	0.462232	1.38645	1.38645	0.462232	0.462232	0.462232	0.924403	0.462232	0
0.365415	0.516745	0.490238	0.653638	0.653638	0.365415	0.516745	0.516745	0.163416	0.365396	0.879936	0.653638	0.365415	0.163416	0.365396	0.516745	0.163416	0.365396	0.879936	0.673742	0.163416	0.365396	0.490238	0.365415	0.516745	0.490238	0.653638	0.653638	0.673742	0.589168	0.462187	0.462187	0	0.462187	0.462187	0.462187	0.462187	0.163416	0.673742	0.879936	0.365396	0.163416	0.516745	0.365396	0.163416	0.365415	0.653638	0.653638	0.462217	0.490238	0.365396	0.163416	0.365415	0.490238	0.365396	0	0.462187	0.462187	0	0.462187	0.924314	0.462187	0	0	0.462187	0.589168	0.365415	0.653638	0.653638	1.03341	1.03341	0.653638	0.653638	0.653638	1.31724	0.817002	0.589168	0.673742	0.653638	1.31724	1.27607	0.462187	0.589168	1.09607	0.653638	0.653638	0.653638	0.653638	0.879936	0.365396	0.462187	0.924314	0.462187	0	0.462187	0.462187	0	0.462187	0.462187	0	0	0	0	0	0.365396	0.490238	0.462217	0.462217	0.462217	0.365415	0.163416	0	0.462187	0.462187	0	0	0	0.462187	0.817002	0.490238	0.365415	0.163416	0.462187	0.462187	0.462187	0.462187	0	0.462187	0.462187	0	0	0.365396	0.516745	0.163416	0	0.462187	0.462187	0	0.365396	0.490238	0.365415	0.163416	0	0.462187	0.462187	0.462187	0.462187	0.462187	0.462187	0.163416	0.673742	0.653638	0.817027	0.993935	1.50626	1.39593	0.817027	0.993935	1.14376	1.82639	1.03341	0.653638	0.653638	0.879936	1.27607	0.924314	0.462187	0.462187	0.589168	0.365415	0.490238	0.365396	0.365396	0.490238	0.462217	0.462217	0.462217	0.462217	0.462217	0.673763	0.879976	0.924373	0.924373	0.924373	0.817053	0.516765	0.516745	0.490238	0.653638	0.653638	0.653638	1.03341	0.653638	0.653638	1.03341	1.46129	1.03341	0.653638	0.653638	0.653638	1.03341	0.653638	0.993914	1.5499	0.817027	0.653638	1.09607	0.589168	0.462187	1.04623	0.673742	0.653638	1.03341	0.653638	0.653638	0.653638	0.653638	1.31724	1.27607	0.462187	0.462187	1.04623	0.673742	0.653638	0.653638	0.653638	0.879936	0.952759	0.673742	0.653638	1.03341	0.653638	0.653638	0.653638	1.03341	1.46129	0.653638	1.03341	1.46129	1.46129	1.03341	0.817027	0.993935	1.14376	1.82639	1.03341	0.817027	0.993935	1.50626	1.39593	0.653638	0.653638	0.653638	1.03341	0.653638	0.589204
0.49019	0.516695	0.36538	0.653575	0.653575	0.49019	0.516695	0.516695	0.365361	0.1634	0.673677	0.653575	0.49019	0.365361	0.1634	0.516695	0.365361	0.1634	0.673677	0.879851	0.365361	0.1634	0.36538	0.49019	0.516695	0.36538	0.653575	0.653575	0.879851	0.816923	0.462142	0.462142	0	0.462142	0.462142	0.462142	0.462142	0.365361	0.879851	0.673677	0.1634	0.365361	0.516695	0.1634	0.365361	0.49019	0.653575	0.653575	0.462172	0.36538	0.1634	0.365361	0.49019	0.36538	0.1634	0	0.462142	0.462142	0	0.462142	0.924224	0.462142	0	0	0.462142	0.816923	0.49019	0.653575	0.653575	1.03331	1.03331	0.653575	0.653575	0.653575	1.09596	0.589111	0.816923	0.879851	0.653575	1.09596	1.04613	0.462142	0.816923	1.31711	0.653575	0.653575	0.653575	0.653575	0.673677	0.1634	0.462142	0.924224	0.462142	0	0.462142	0.462142	0	0.462142	0.462142	0	0	0	0	0	0.1634	0.36538	0.462172	0.462172	0.462172	0.49019	0.365361	0	0.462142	0.462142	0	0	0	0.462142	0.589111	0.36538	0.49019	0.365361	0.462142	0.462142	0.462142	0.462142	0	0.462142	0.462142	0	0	0.1634	0.516695	0.365361	0	0.462142	0.462142	0	0.1634	0.36538	0.49019	0.365361	0	0.462142	0.462142	0.462142	0.462142	0.462142	0.462142	0.365361	0.879851	0.653575	0.993818	1.14365	1.31714	1.18938	0.993818	1.14365	0.993839	1.60885	1.03331	0.653575	0.653575	0.673677	1.04613	0.924224	0.462142	0.462142	0.816923	0.49019	0.36538	0.1634	0.1634	0.36538	0.462172	0.462172	0.462172	0.462172	0.462172	0.589147	0.816974	0.924284	0.924284	0.924284	0.87989	0.833115	0.516695	0.36538	0.653575	0.653575	0.653575	1.03331	0.653575	0.653575	1.03331	1.46115	1.03331	0.653575	0.653575	0.653575	1.03331	0.653575	0.816948	1.54975	0.993818	0.653575	1.31711	0.816923	0.462142	1.27595	0.879851	0.653575	1.03331	0.653575	0.653575	0.653575	0.653575	1.09596	1.04613	0.462142	0.462142	1.27595	0.879851	0.653575	0.653575	0.653575	0.673677	0.952667	0.879851	0.653575	1.03331	0.653575	0.653575	0.653575	1.03331	1.46115	0.653575	1.03331	1.46115	1.46115	1.03331	0.993818	1.14365	0.993839	1.60885	1.03331	0.993818	1.14365	1.31714	1.18938	0.653575	0.653575	0.653575	1.03331	0.653575	0.673698
0.462097	0.462097	0	0.462097	0.462097	0.462097	0.462097	0.462097	0.462097	0	0.462097	0.462097	0.462097	0.462097	0	0.462097	0.462097	0	0.462097	0.924135	0.462097	0	0	0.462097	0.462097	0	0.462097	0.462097	0.924135	0.924135	0.462097	0.462097	0	0.462097	0.462097	0.462097	0.462097	0.462097	0.924135	0.462097	0	0.462097	0.462097	0	0.462097	0.462097	0.462097	0.462097	0	0	0	0.462097	0.462097	0	0	0	0.462097	0.462097	0	0.462097	0.924135	0.462097	0	0	0.462097	0.924135	0.462097	0.462097	0.462097	0.924135	0.924135	0.462097	0.462097	0.462097	0.924135	0.462097	0.924135	0.924135	0.462097	0.924135	0.924135	0.462097	0.924135	1.38605	0.462097	0.462097	0.462097	0.462097	0.462097	0	0.462097	0.924135	0.462097	0	0.462097	0.462097	0	0.462097	0.462097	0	0	0	0	0	0	0	0	0	0	0.462097	0.462097	0	0.462097	0.462097	0	0	0	0.462097	0.462097	0	0.462097	0.462097	0.462097	0.462097	0.462097	0.462097	0	0.462097	0.462097	0	0	0	0.462097	0.462097	0	0.462097	0.462097	0	0	0	0.462097	0.462097	0	0.462097	0.462097	0.462097	0.462097	0.462097	0.462097	0.462097	0.924135	0.462097	0.924135	0.924135	0.924135	0.924135	0.924135	0.924135	0.462097	1.38605	0.924135	0.462097	0.462097	0.462097	0.924135	0.924135	0.462097	0.462097	0.924135	0.462097	0	0	0	0	0	0	0	0	0	0	0	0	0	0	0.462097	0.924135	0.462097	0	0.462097	0.462097	0.462097	0.924135	0.462097	0.462097	0.924135	1.38605	0.924135	0.462097	0.462097	0.462097	0.924135	0.462097	0.462097	1.38605	0.924135	0.462097	1.38605	0.924135	0.462097	1.38605	0.924135	0.462097	0.924135	0.462097	0.462097	0.462097	0.462097	0.924135	0.924135	0.462097	0.462097	1.38605	0.924135	0.462097	0.462097	0.462097	0.462097	0.924135	0.924135	0.462097	0.924135	0.462097	0.462097	0.462097	0.924135	1.38605	0.462097	0.924135	1.38605	1.38605	0.924135	0.924135	0.924135	0.462097	1.38605	0.924135	0.924135	0.924135	0.924135	0.924135	0.462097	0.462097	0.462097	0.924135	0.462097	0.462097
0.462053	0.462053	0	0.462053	0.462053	0.462053	0.462053	0.462053	0.462053	0	0.462053	0.462053	0.462053	0.462053	0	0.462053	0.462053	0	0.462053	0.924045	0.462053	0	0	0.462053	0.462053	0	0.462053	0.462053	0.924045	0.924045	0.462053	0.462053	0	0.462053	0.462053	0.462053	0.462053	0.462053	0.924045	0.462053	0	0.462053	0.462053	0	0.462053	0.462053	0.462053	0.462053	0	0	0	0.462053	0.462053	0	0	0	0.462053	0.462053	0	0.462053	0.924045	0.462053	0	0	0.462053	0.924045	0.462053	0.462053	0.462053	0.924045	0.924045	0.462053	0.462053	0.462053	0.924045	0.462053	0.924045	0.924045	0.462053	0.924045	0.924045	0.462053	0.924045	1.38592	0.462053	0.462053	0.462053	0.462053	0.462053	0	0.462053	0.924045	0.462053	0	0.462053	0.462053	0	0.462053	0.462053	0	0	0	0	0	0	0	0	0	0	0.462053	0.462053	0	0.462053	0.462053	0	0	0	0.462053	0.462053	0	0.462053	0.462053	0.462053	0.462053	0.462053	0.462053	0	0.462053	0.462053	0	0	0	0.462053	0.462053	0	0.462053	0.462053	0	0	0	0.462053	0.462053	0	0.462053	0.462053	0.462053	0.462053	0.462053	0.462053	0.462053	0.924045	0.462053	0.924045	0.924045	0.924045	0.924045	0.924045	0.924045	0.462053	1.38592	0.924045	0.462053	0.462053	0.462053	0.924045	0.924045	0.462053	0.462053	0.924045	0.462053	0	0	0	0	0	0	0	0	0	0	0	0	0	0	0.462053	0.924045	0.462053	0	0.462053	0.462053	0.462053	0.924045	0.462053	0.462053	0.924045	1.38592	0.924045	0.462053	0.462053	0.462053	0.924045	0.462053	0.462053	1.38592	0.924045	0.462053	1.38592	0.924045	0.462053	1.38592	0.924045	0.462053	0.924045	0.462053	0.462053	0.462053	0.462053	0.924045	0.924045	0.462053	0.462053	1.38592	0.924045	0.462053	0.462053	0.462053	0.462053	0.924045	0.924045	0.462053	0.924045	0.462053	0.462053	0.462053	0.924045	1.38592	0.462053	0.924045	1.38592	1.38592	0.924045	0.924045	0.924045	0.462053	1.38592	0.924045	0.924045	0.924045	0.924045	0.924045	0.462053	0.462053	0.462053	0.924045	0.462053	0.462053
0.462008	0.462008	0	0.462008	0.462008	0.462008	0.462008	0.462008	0.462008	0	0.462008	0.462008	0.462008	0.462008	0	0.462008	0.462008	0	0.462008	0.923956	0.462008	0	0	0.462008	0.462008	0	0.462008	0.462008	0.923956	0.923956	0.462008	0.462008	0	0.462008	0.462008	0.462008	0.462008	0.462008	0.923956	0.462008	0	0.462008	0.462008	0	0.462008	0.462008	0.462008	0.462008	0	0	0	0.462008	0.462008	0	0	0	0.462008	0.462008	0	0.462008	0.923956	0.462008	0	0	0.462008	0.923956	0.462008	0.462008	0.462008	0.923956	0.923956	0.462008	0.462008	0.462008	0.923956	0.462008	0.923956	0.923956	0.462008	0.923956	0.923956	0.462008	0.923956	1.38578	0.462008	0.462008	0.462008	0.462008	0.462008	0	0.462008	0.923956	0.462008	0	0.462008	0.462008	0	0.462008	0.462008	0	0	0	0	0	0	0	0	0	0	0.462008	0.462008	0	0.462008	0.462008	0	0	0	0.462008	0.462008	0	0.462008	0.462008	0.462008	0.462008	0.462008	0.462008	0	0.462008	0.462008	0	0	0	0.462008	0.462008	0	0.462008	0.462008	0	0	0	0.462008	0.462008	0	0.462008	0.462008	0.462008	0.462008	0.462008	0.462008	0.462008	0.923956	0.462008	0.923956	0.923956	0.923956	0.923956	0.923956	0.923956	0.462008	1.38578	0.923956	0.462008	0.462008	0.462008	0.923956	0.923956	0.462008	0.462008	0.923956	0.462008	0	0	0	0	0	0	0	0	0	0	0	0	0	0	0.462008	0.923956	0.462008	0	0.462008	0.462008	0.462008	0.923956	0.462008	0.462008	0.923956	1.38578	0.923956	0.462008	0.462008	0.462008	0.923956	0.462008	0.462008	1.38578	0.923956	0.462008	1.38578	0.923956	0.462008	1.38578	0.923956	0.462008	0.923956	0.462008	0.462008	0.462008	0.462008	0.923956	0.923956	0.462008	0.462008	1.38578	0.923956	0.462008	0.462008	0.462008	0.462008	0.923956	0.923956	0.462008	0.923956	0.462008	0.462008	0.462008	0.923956	1.38578	0.462008	0.923956	1.38578	1.38578	0.923956	0.923956	0.923956	0.462008	1.38578	0.923956	0.923956	0.923956	0.923956	0.923956	0.462008	0.462008	0.462008	0.923956	0.462008	0.462008
0.461963	0.461963	0	0.461963	0.461963	0.461963	0.461963	0.461963	0.461963	0	0.461963	0.461963	0.461963	0.461963	0	0.461963	0.461963	0	0.461963	0.923867	0.461963	0	0	0.461963	0.461963	0	0.461963	0.461963	0.923867	0.923867	0.461963	0.461963	0	0.461963	0.461963	0.461963	0.461963	0.461963	0.923867	0.461963	0	0.461963	0.461963	0	0.461963	0.461963	0.461963	0.461963	0	0	0	0.461963	0.461963	0	0	0	0.461963	0.461963	0	0.461963	0.923867	0.461963	0	0	0.461963	0.923867	0.461963	0.461963	0.461963	0.923867	0.923867	0.461963	0.461963	0.461963	0.923867	0.461963	0.923867	0.923867	0.461963	0.923867	0.923867	0.461963	0.923867	1.38565	0.461963	0.461963	0.461963	0.461963	0.461963	0	0.461963	0.923867	0.461963	0	0.461963	0.461963	0	0.461963	0.461963	0	0	0	0	0	0	0	0	0	0	0.461963	0.461963	0	0.461963	0.461963	0	0	0	0.461963	0.461963	0	0.461963	0.461963	0.461963	0.461963	0.461963	0.461963	0	0.461963	0.461963	0	0	0	0.461963	0.461963	0	0.461963	0.461963	0	0	0	0.461963	0.461963	0	0.461963	0.461963	0.461963	0.461963	0.461963	0.461963	0.461963	0.923867	0.461963	0.923867	0.923867	0.923867	0.923867	0.923867	0.923867	0.461963	1.38565	0.923867	0.461963	0.461963	0.461963	0.923867	0.923867	0.461963	0.461963	0.923867	0.461963	0	0	0	0	0	0	0	0	0	0	0	0	0	0	0.461963	0.923867	0.461963	0	0.461963	0.461963	0.461963	0.923867	0.461963	0.461963	0.923867	1.38565	0.923867	0.461963	0.461963	0.461963	0.923867	0.461963	0.461963	1.38565	0.923867	0.461963	1.38565	0.923867	0.461963	1.38565	0.923867	0.461963	0.923867	0.461963	0.461963	0.461963	0.461963	0.923867	0.923867	0.461963	0.461963	1.38565	0.923867	0.461963	0.461963	0.461963	0.461963	0.923867	0.923867	0.461963	0.923867	0.461963	0.461963	0.461963	0.923867	1.38565	0.461963	0.923867	1.38565	1.38565	0.923867	0.923867	0.923867	0.461963	1.38565	0.923867	0.923867	0.923867	0.923867	0.923867	0.461963	0.461963	0.461963	0.923867	0.461963	0.461963
0.653258	0.673351	0.163321	0.365184	0.489953	0.653258	0.653258	0.653258	0.653258	0.365203	0.516445	0.489953	0.653258	0.653258	0.365203	0.516445	0.489953	0.365203	0.516445	0.879426	0.653258	0.365203	0.163321	0.461919	0.461919	0	0.461919	0.461919	0.923777	0.923777	0.461919	0.461919	0.163321	0.516445	0.365184	0.461919	0.461919	0.461919	0.923777	0.461919	0	0.461919	0.588827	0.365203	0.489953	0.365184	0.461919	0.461919	0	0.163321	0.365203	0.489953	0.365184	0.163321	0.365203	0.461948	0.653258	0.653258	0.461948	0.653258	0.879426	0.365184	0.163321	0.365203	0.489953	0.816528	0.461919	0.461919	0.461919	0.816528	0.879426	0.653258	0.653258	0.653258	1.09543	0.588827	0.816528	0.879426	0.673351	1.04562	0.923777	0.461919	0.923777	1.38552	0.461919	0.461919	0.461919	0.461919	0.588827	0.365203	0.653258	0.879426	0.365184	0	0.461919	0.461919	0	0.365184	0.489953	0.461948	0.461948	0.461948	0.461948	0.461948	0.365203	0.163321	0	0	0	0.461919	0.461919	0	0.461919	0.461919	0	0	0	0.461919	0.461919	0	0.461919	0.461919	0.461919	0.461919	0.461919	0.461919	0	0.365184	0.489953	0.461948	0.461948	0.365203	0.516445	0.489953	0.461948	0.653258	0.653258	0.461948	0.365203	0.163321	0.365184	0.516445	0.163321	0.365184	0.516445	0.588827	0.461919	0.461919	0.461919	0.461919	1.04562	0.673351	0.879426	0.816528	1.04562	1.09543	0.879426	0.816528	0.588827	1.40462	0.816528	0.461919	0.461919	0.461919	0.923777	0.923777	0.461919	0.461919	0.816528	0.489953	0.365203	0.163321	0	0	0	0	0	0	0	0	0	0	0	0	0.461919	0.816528	0.489953	0.461948	0.653258	0.653258	0.653258	1.03281	0.653258	0.653258	1.03281	1.39512	1.1431	1.03285	1.03285	0.993358	1.18881	0.653258	0.673351	1.40462	0.879426	0.673351	1.40462	0.879426	0.673351	1.50536	0.923777	0.461919	0.923777	0.461919	0.588827	0.673351	0.653258	1.18881	1.3165	1.03285	1.03285	1.50538	0.993337	0.653258	0.653258	0.653258	0.816553	1.15469	0.993337	0.653258	1.03281	0.653258	0.653258	0.653258	1.03281	1.46044	0.653258	1.03281	1.60807	1.549	0.993337	1.03281	1.03281	0.653258	1.46044	1.03281	0.879426	0.816528	1.04562	1.09543	0.653258	0.653258	0.653258	1.18881	0.993358	1.03285
0.653201	0.879343	0.365149	0.163307	0.365173	0.653201	0.653201	0.653201	0.653201	0.48991	0.516396	0.365173	0.653201	0.653201	0.48991	0.516396	0.365173	0.48991	0.516396	0.673289	0.653201	0.48991	0.365149	0.461874	0.461874	0	0.461874	0.461874	0.923688	0.923688	0.461874	0.461874	0.365149	0.516396	0.163307	0.461874	0.461874	0.461874	0.923688	0.461874	0	0.461874	0.816449	0.48991	0.365173	0.163307	0.461874	0.461874	0	0.365149	0.48991	0.365173	0.163307	0.365149	0.48991	0.461911	0.653201	0.653201	0.461911	0.653201	0.673289	0.163307	0.365149	0.48991	0.365173	0.58877	0.461874	0.461874	0.461874	0.58877	0.673289	0.653201	0.653201	0.653201	1.31635	0.816449	0.58877	0.673289	0.879343	1.27521	0.923688	0.461874	0.923688	1.38538	0.461874	0.461874	0.461874	0.461874	0.816449	0.48991	0.653201	0.673289	0.163307	0	0.461874	0.461874	0	0.163307	0.365173	0.461911	0.461911	0.461911	0.461911	0.461911	0.48991	0.365149	0	0	0	0.461874	0.461874	0	0.461874	0.461874	0	0	0	0.461874	0.461874	0	0.461874	0.461874	0.461874	0.461874	0.461874	0.461874	0	0.163307	0.365173	0.461911	0.461911	0.48991	0.516396	0.365173	0.461911	0.653201	0.653201	0.461911	0.48991	0.365149	0.163307	0.516396	0.365149	0.163307	0.516396	0.816449	0.461874	0.461874	0.461874	0.461874	1.27521	0.879343	0.673289	0.58877	1.27521	1.31635	0.673289	0.58877	0.816449	1.40449	0.58877	0.461874	0.461874	0.461874	0.923688	0.923688	0.461874	0.461874	0.58877	0.365173	0.48991	0.365149	0	0	0	0	0	0	0	0	0	0	0	0	0.461874	0.58877	0.365173	0.461911	0.653201	0.653201	0.653201	1.03271	0.653201	0.653201	1.03271	1.1887	0.993272	1.03276	1.03276	1.143	1.39498	0.653201	0.879343	1.40449	0.673289	0.879343	1.40449	0.673289	0.879343	1.73538	0.923688	0.461874	0.923688	0.461874	0.816449	0.879343	0.653201	1.39498	1.50525	1.03276	1.03276	1.31638	0.816481	0.653201	0.653201	0.653201	0.993247	1.15459	0.816481	0.653201	1.03271	0.653201	0.653201	0.653201	1.03271	1.4603	0.653201	1.03271	1.82515	1.54885	0.816481	1.03271	1.03271	0.653201	1.4603	1.03271	0.673289	0.58877	1.27521	1.31635	0.653201	0.653201	0.653201	1.39498	1.143	1.03276
0.461829	0.923599	0.461829	0	0	0.461829	0.461829	0.461829	0.461829	0.461829	0.461829	0	0.461829	0.461829	0.461829	0.461829	0	0.461829	0.461829	0.461829	0.461829	0.461829	0.461829	0.461829	0.461829	0	0.461829	0.461829	0.923599	0.923599	0.461829	0.461829	0.461829	0.461829	0	0.461829	0.461829	0.461829	0.923599	0.461829	0	0.461829	0.923599	0.461829	0	0	0.461829	0.461829	0	0.461829	0.461829	0	0	0.461829	0.461829	0	0.461829	0.461829	0	0.461829	0.461829	0	0.461829	0.461829	0	0.461829	0.461829	0.461829	0.461829	0.461829	0.461829	0.461829	0.461829	0.461829	1.38525	0.923599	0.461829	0.461829	0.923599	1.38525	0.923599	0.461829	0.923599	1.38525	0.461829	0.461829	0.461829	0.461829	0.923599	0.461829	0.461829	0.461829	0	0	0.461829	0.461829	0	0	0	0	0	0	0	0	0.461829	0.461829	0	0	0	0.461829	0.461829	0	0.461829	0.461829	0	0	0	0.461829	0.461829	0	0.461829	0.461829	0.461829	0.461829	0.461829	0.461829	0	0	0	0	0	0.461829	0.461829	0	0	0.461829	0.461829	0	0.461829	0.461829	0	0.461829	0.461829	0	0.461829	0.923599	0.461829	0.461829	0.461829	0.461829	1.38525	0.923599	0.461829	0.461829	1.38525	1.38525	0.461829	0.461829	0.923599	1.38525	0.461829	0.461829	0.461829	0.461829	0.923599	0.923599	0.461829	0.461829	0.461829	0	0.461829	0.461829	0	0	0	0	0	0	0	0	0	0	0	0	0.461829	0.461829	0	0	0.461829	0.461829	0.461829	0.923599	0.461829	0.461829	0.923599	0.923599	0.461829	0.461829	0.461829	0.923599	1.38525	0.461829	0.923599	1.38525	0.461829	0.923599	1.38525	0.461829	0.923599	1.84672	0.923599	0.461829	0.923599	0.461829	0.923599	0.923599	0.461829	1.38525	1.38525	0.461829	0.461829	0.923599	0.461829	0.461829	0.461829	0.461829	0.923599	0.923599	0.461829	0.461829	0.923599	0.461829	0.461829	0.461829	0.923599	1.38525	0.461829	0.923599	1.84672	1.38525	0.461829	0.923599	0.923599	0.461829	1.38525	0.923599	0.461829	0.461829	1.38525	1.38525	0.461829	0.461829	0.461829	1.38525	0.923599	0.461829
0.461785	0.923509	0.461785	0	0	0.461785	0.461785	0.461785	0.461785	0.461785	0.461785	0	0.461785	0.461785	0.461785	0.461785	0	0.461785	0.461785	0.461785	0.461785	0.461785	0.461785	0.461785	0.461785	0	0.461785	0.461785	0.923509	0.923509	0.461785	0.461785	0.461785	0.461785	0	0.461785	0.461785	0.461785	0.923509	0.461785	0	0.461785	0.923509	0.461785	0	0	0.461785	0.461785	0	0.461785	0.461785	0	0	0.461785	0.461785	0	0.461785	0.461785	0	0.461785	0.461785	0	0.461785	0.461785	0	0.461785	0.461785	0.461785	0.461785	0.461785	0.461785	0.461785	0.461785	0.461785	1.38511	0.923509	0.461785	0.461785	0.923509	1.38511	0.923509	0.461785	0.923509	1.38511	0.461785	0.461785	0.461785	0.461785	0.923509	0.461785	0.461785	0.461785	0	0	0.461785	0.461785	0	0	0	0	0	0	0	0	0.461785	0.461785	0	0	0	0.461785	0.461785	0	0.461785	0.461785	0	0	0	0.461785	0.461785	0	0.461785	0.461785	0.461785	0.461785	0.461785	0.461785	0	0	0	0	0	0.461785	0.461785	0	0	0.461785	0.461785	0	0.461785	0.461785	0	0.461785	0.461785	0	0.461785	0.923509	0.461785	0.461785	0.461785	0.461785	1.38511	0.923509	0.461785	0.461785	1.38511	1.38511	0.461785	0.461785	0.923509	1.38511	0.461785	0.461785	0.461785	0.461785	0.923509	0.923509	0.461785	0.461785	0.461785	0	0.461785	0.461785	0	0	0	0	0	0	0	0	0	0	0	0	0.461785	0.461785	0	0	0.461785	0.461785	0.461785	0.923509	0.461785	0.461785	0.923509	0.923509	0.461785	0.461785	0.461785	0.923509	1.38511	0.461785	0.923509	1.38511	0.461785	0.923509	1.38511	0.461785	0.923509	1.84654	0.923509	0.461785	0.923509	0.461785	0.923509	0.923509	0.461785	1.38511	1.38511	0.461785	0.461785	0.923509	0.461785	0.461785	0.461785	0.461785	0.923509	0.923509	0.461785	0.461785	0.923509	0.461785	0.461785	0.461785	0.923509	1.38511	0.461785	0.923509	1.84654	1.38511	0.461785	0.923509	0.923509	0.461785	1.38511	0.923509	0.461785	0.461785	1.38511	1.38511	0.461785	0.461785	0.461785	1.38511	0.923509	0.461785
0.461747	0.923435	0.461747	0	0	0.461747	0.461747	0.461747	0.461747	0.461747	0.461747	0	0.461747	0.461747	0.461747	0.461747	0	0.461747	0.461747	0.461747	0.461747	0.461747	0.461747	0.461747	0.461747	0	0.461747	0.461747	0.923435	0.923435	0.461747	0.461747	0.461747	0.461747	0	0.461747	0.461747	0.461747	0.923435	0.461747	0	0.461747	0.923435	0.461747	0	0	0.461747	0.461747	0	0.461747	0.461747	0	0	0.461747	0.461747	0	0.461747	0.461747	0	0.461747	0.461747	0	0.461747	0.461747	0	0.461747	0.461747	0.461747	0.461747	0.461747	0.461747	0.461747	0.461747	0.461747	1.385	0.923435	0.461747	0.461747	0.923435	1.385	0.923435	0.461747	0.923435	1.385	0.461747	0.461747	0.461747	0.461747	0.923435	0.461747	0.461747	0.461747	0	0	0.461747	0.461747	0	0	0	0	0	0	0	0	0.461747	0.461747	0	0	0	0.461747	0.461747	0	0.461747	0.461747	0	0	0	0.461747	0.461747	0	0.461747	0.461747	0.461747	0.461747	0.461747	0.461747	0	0	0	0	0	0.461747	0.461747	0	0	0.461747	0.461747	0	0.461747	0.461747	0	0.461747	0.461747	0	0.461747	0.923435	0.461747	0.461747	0.461747	0.461747	1.385	0.923435	0.461747	0.461747	1.385	1.385	0.461747	0.461747	0.923435	1.385	0.461747	0.461747	0.461747	0.461747	0.923435	0.923435	0.461747	0.461747	0.461747	0	0.461747	0.461747	0	0	0	0	0	0	0	0	0	0	0	0	0.461747	0.461747	0	0	0.461747	0.461747	0.461747	0.923435	0.461747	0.461747	0.923435	0.923435	0.461747	0.461747	0.461747	0.923435	1.385	0.461747	0.923435	1.385	0.461747	0.923435	1.385	0.461747	0.923435	1.84639	0.923435	0.461747	0.923435	0.461747	0.923435	0.923435	0.461747	1.385	1.385	0.461747	0.461747	0.923435	0.461747	0.461747	0.461747	0.461747	0.923435	0.923435	0.461747	0.461747	0.923435	0.461747	0.461747	0.461747	0.923435	1.385	0.461747	0.923435	1.84639	1.385	0.461747	0.923435	0.923435	0.461747	1.385	0.923435	0.461747	0.461747	1.385	1.385	0.461747	0.461747	0.461747	1.385	0.923435	0.461747
0.461703	0.923346	0.461703	0	0	0.461703	0.461703	0.461703	0.461703	0.461703	0.461703	0	0.461703	0.461703	0.461703	0.461703	0	0.461703	0.461703	0.461703	0.461703	0.461703	0.461703	0.461703	0.461703	0	0.461703	0.461703	0.923346	0.923346	0.461703	0.461703	0.461703	0.461703	0	0.461703	0.461703	0.461703	0.923346	0.461703	0	0.461703	0.923346	0.461703	0	0	0.461703	0.461703	0	0.461703	0.461703	0	0	0.461703	0.461703	0	0.461703	0.461703	0	0.461703	0.461703	0	0.461703	0.461703	0	0.461703	0.461703	0.461703	0.461703	0.461703	0.461703	0.461703	0.461703	0.461703	1.38487	0.923346	0.461703	0.461703	0.923346	1.38487	0.923346	0.461703	0.923346	1.38487	0.461703	0.461703	0.461703	0.461703	0.923346	0.461703	0.461703	0.461703	0	0	0.461703	0.461703	0	0	0	0	0	0	0	0	0.461703	0.461703	0	0	0	0.461703	0.461703	0	0.461703	0.461703	0	0	0	0.461703	0.461703	0	0.461703	0.461703	0.461703	0.461703	0.461703	0.461703	0	0	0	0	0	0.461703	0.461703	0	0	0.461703	0.461703	0	0.461703	0.461703	0	0.461703	0.461703	0	0.461703	0.923346	0.461703	0.461703	0.461703	0.461703	1.38487	0.923346	0.461703	0.461703	1.38487	1.38487	0.461703	0.461703	0.923346	1.38487	0.461703	0.461703	0.461703	0.461703	0.923346	0.923346	0.461703	0.461703	0.461703	0	0.461703	0.461703	0	0	0	0	0	0	0	0	0	0	0	0	0.461703	0.461703	0	0	0.461703	0.461703	0.461703	0.923346	0.461703	0.461703	0.923346	0.923346	0.461703	0.461703	0.461703	0.923346	1.38487	0.461703	0.923346	1.38487	0.461703	0.923346	1.38487	0.461703	0.923346	1.84621	0.923346	0.461703	0.923346	0.461703	0.923346	0.923346	0.461703	1.38487	1.38487	0.461703	0.461703	0.923346	0.461703	0.461703	0.461703	0.461703	0.923346	0.923346	0.461703	0.461703	0.923346	0.461703	0.461703	0.461703	0.923346	1.38487	0.461703	0.923346	1.84621	1.38487	0.461703	0.923346	0.923346	0.461703	1.38487	0.923346	0.461703	0.461703	1.38487	1.38487	0.461703	0.461703	0.461703	1.38487	0.923346	0.461703
0.461658	0.923256	0.461658	0	0	0.461658	0.461658	0.461658	0.461658	0.461658	0.461658	0	0.461658	0.461658	0.461658	0.461658	0	0.461658	0.461658	0.461658	0.461658	0.461658	0.461658	0.461658	0.461658	0	0.461658	0.461658	0.923256	0.923256	0.461658	0.461658	0.461658	0.461658	0	0.461658	0.461658	0.461658	0.923256	0.461658	0	0.461658	0.923256	0.461658	0	0	0.461658	0.461658	0	0.461658	0.461658	0	0	0.461658	0.461658	0	0.461658	0.461658	0	0.461658	0.461658	0	0.461658	0.461658	0	0.461658	0.461658	0.461658	0.461658	0.461658	0.461658	0.461658	0.461658	0.461658	1.38473	0.923256	0.461658	0.461658	0.923256	1.38473	0.923256	0.461658	0.923256	1.38473	0.461658	0.461658	0.461658	0.461658	0.923256	0.461658	0.461658	0.461658	0	0	0.461658	0.461658	0	0	0	0	0	0	0	0	0.461658	0.461658	0	0	0	0.461658	0.461658	0	0.461658	0.461658	0	0	0	0.461658	0.461658	0	0.461658	0.461658	0.461658	0.461658	0.461658	0.461658	0	0	0	0	0	0.461658	0.461658	0	0	0.461658	0.461658	0	0.461658	0.461658	0	0.461658	0.461658	0	0.461658	0.923256	0.461658	0.461658	0.461658	0.461658	1.38473	0.923256	0.461658	0.461658	1.38473	1.38473	0.461658	0.461658	0.923256	1.38473	0.461658	0.461658	0.461658	0.461658	0.923256	0.923256	0.461658	0.461658	0.461658	0	0.461658	0.461658	0	0	0	0	0	0	0	0	0	0	0	0	0.461658	0.461658	0	0	0.461658	0.461658	0.461658	0.923256	0.461658	0.461658	0.923256	0.923256	0.461658	0.461658	0.461658	0.923256	1.38473	0.461658	0.923256	1.38473	0.461658	0.923256	1.38473	0.461658	0.923256	1.84603	0.923256	0.461658	0.923256	0.461658	0.923256	0.923256	0.461658	1.38473	1.38473	0.461658	0.461658	0.923256	0.461658	0.461658	0.461658	0.461658	0.923256	0.923256	0.461658	0.461658	0.923256	0.461658	0.461658	0.461658	0.923256	1.38473	0.461658	0.923256	1.84603	1.38473	0.461658	0.923256	0.923256	0.461658	1.38473	0.923256	0.461658	0.461658	1.38473	1.38473	0.461658	0.461658	0.461658	1.38473	0.923256	0.461658
0.461613	0.923167	0.461613	0	0	0.461613	0.461613	0.461613	0.461613	0.461613	0.461613	0	0.461613	0.461613	0.461613	0.461613	0	0.461613	0.461613	0.461613	0.461613	0.461613	0.461613	0.461613	0.461613	0	0.461613	0.461613	0.923167	0.923167	0.461613	0.461613	0.461613	0.461613	0	0.461613	0.461613	0.461613	0.923167	0.461613	0	0.461613	0.923167	0.461613	0	0	0.461613	0.461613	0	0.461613	0.461613	0	0	0.461613	0.461613	0	0.461613	0.461613	0	0.461613	0.461613	0	0.461613	0.461613	0	0.461613	0.461613	0.461613	0.461613	0.461613	0.461613	0.461613	0.461613	0.461613	1.3846	0.923167	0.461613	0.461613	0.923167	1.3846	0.923167	0.461613	0.923167	1.3846	0.461613	0.461613	0.461613	0.461613	0.923167	0.461613	0.461613	0.461613	0	0	0.461613	0.461613	0	0	0	0	0	0	0	0	0.461613	0.461613	0	0	0	0.461613	0.461613	0	0.461613	0.461613	0	0	0	0.461613	0.461613	0	0.461613	0.461613	0.461613	0.461613	0.461613	0.461613	0	0	0	0	0	0.461613	0.461613	0	0	0.461613	0.461613	0	0.461613	0.461613	0	0.461613	0.461613	0	0.461613	0.923167	0.461613	0.461613	0.461613	0.461613	1.3846	0.923167	0.461613	0.461613	1.3846	1.3846	0.461613	0.461613	0.923167	1.3846	0.461613	0.461613	0.461613	0.461613	0.923167	0.923167	0.461613	0.461613	0.461613	0	0.461613	0.461613	0	0	0	0	0	0	0	0	0	0	0	0	0.461613	0.461613	0	0	0.461613	0.461613	0.461613	0.923167	0.461613	0.461613	0.923167	0.923167	0.461613	0.461613	0.461613	0.923167	1.3846	0.461613	0.923167	1.3846	0.461613	0.923167	1.3846	0.461613	0.923167	1.84585	0.923167	0.461613	0.923167	0.461613	0.923167	0.923167	0.461613	1.3846	1.3846	0.461613	0.461613	0.923167	0.461613	0.461613	0.461613	0.461613	0.923167	0.923167	0.461613	0.461613	0.923167	0.461613	0.461613	0.461613	0.923167	1.3846	0.461613	0.923167	1.84585	1.3846	0.461613	0.923167	0.923167	0.461613	1.3846	0.923167	0.461613	0.461613	1.3846	1.3846	0.461613	0.461613	0.461613	1.3846	0.923167	0.461613
0.461569	0.923078	0.461569	0	0	0.461569	0.461569	0.461569	0.461569	0.461569	0.461569	0	0.461569	0.461569	0.461569	0.461569	0	0.461569	0.461569	0.461569	0.461569	0.461569	0.461569	0.461569	0.461569	0	0.461569	0.461569	0.923078	0.923078	0.461569	0.461569	0.461569	0.461569	0	0.461569	0.461569	0.461569	0.923078	0.461569	0	0.461569	0.923078	0.461569	0	0	0.461569	0.461569	0	0.461569	0.461569	0	0	0.461569	0.461569	0	0.461569	0.461569	0	0.461569	0.461569	0	0.461569	0.461569	0	0.461569	0.461569	0.461569	0.461569	0.461569	0.461569	0.461569	0.461569	0.461569	1.38447	0.923078	0.461569	0.461569	0.923078	1.38447	0.923078	0.461569	0.923078	1.38447	0.461569	0.461569	0.461569	0.461569	0.923078	0.461569	0.461569	0.461569	0	0	0.461569	0.461569	0	0	0	0	0	0	0	0	0.461569	0.461569	0	0	0	0.461569	0.461569	0	0.461569	0.461569	0	0	0	0.461569	0.461569	0	0.461569	0.461569	0.461569	0.461569	0.461569	0.461569	0	0	0	0	0	0.461569	0.461569	0	0	0.461569	0.461569	0	0.461569	0.461569	0	0.461569	0.461569	0	0.461569	0.923078	0.461569	0.461569	0.461569	0.461569	1.38447	0.923078	0.461569	0.461569	1.38447	1.38447	0.461569	0.461569	0.923078	1.38447	0.461569	0.461569	0.461569	0.461569	0.923078	0.923078	0.461569	0.461569	0.461569	0	0.461569	0.461569	0	0	0	0	0	0	0	0	0	0	0	0	0.461569	0.461569	0	0	0.461569	0.461569	0.461569	0.923078	0.461569	0.461569	0.923078	0.923078	0.461569	0.461569	0.461569	0.923078	1.38447	0.461569	0.923078	1.38447	0.461569	0.923078	1.38447	0.461569	0.923078	1.84568	0.923078	0.461569	0.923078	0.461569	0.923078	0.923078	0.461569	1.38447	1.38447	0.461569	0.461569	0.923078	0.461569	0.461569	0.461569	0.461569	0.923078	0.923078	0.461569	0.461569	0.923078	0.461569	0.461569	0.461569	0.923078	1.38447	0.461569	0.923078	1.84568	1.38447	0.461569	0.923078	0.923078	0.461569	1.38447	0.923078	0.461569	0.461569	1.38447	1.38447	0.461569	0.461569	0.461569	1.38447	0.923078	0.461569
0.461524	0.922989	0.461524	0	0	0.461524	0.461524	0.461524	0.461524	0.461524	0.461524	0	0.461524	0.461524	0.461524	0.461524	0	0.461524	0.461524	0.461524	0.461524	0.461524	0.461524	0.461524	0.461524	0	0.461524	0.461524	0.922989	0.922989	0.461524	0.461524	0.461524	0.461524	0	0.461524	0.461524	0.461524	0.922989	0.461524	0	0.461524	0.922989	0.461524	0	0	0.461524	0.461524	0	0.461524	0.461524	0	0	0.461524	0.461524	0	0.461524	0.461524	0	0.461524	0.461524	0	0.461524	0.461524	0	0.461524	0.461524	0.461524	0.461524	0.461524	0.461524	0.461524	0.461524	0.461524	1.38433	0.922989	0.461524	0.461524	0.922989	1.38433	0.922989	0.461524	0.922989	1.38433	0.461524	0.461524	0.461524	0.461524	0.922989	0.461524	0.461524	0.461524	0	0	0.461524	0.461524	0	0	0	0	0	0	0	0	0.461524	0.461524	0	0	0	0.461524	0.461524	0	0.461524	0.461524	0	0	0	0.461524	0.461524	0	0.461524	0.461524	0.461524	0.461524	0.461524	0.461524	0	0	0	0	0	0.461524	0.461524	0	0	0.461524	0.461524	0	0.461524	0.461524	0	0.461524	0.461524	0	0.461524	0.922989	0.461524	0.461524	0.461524	0.461524	1.38433	0.922989	0.461524	0.461524	1.38433	1.38433	0.461524	0.461524	0.922989	1.38433	0.461524	0.461524	0.461524	0.461524	0.922989	0.922989	0.461524	0.461524	0.461524	0	0.461524	0.461524	0	0	0	0	0	0	0	0	0	0	0	0	0.461524	0.461524	0	0	0.461524	0.461524	0.461524	0.922989	0.461524	0.461524	0.922989	0.922989	0.461524	0.461524	0.461524	0.922989	1.38433	0.461524	0.922989	1.38433	0.461524	0.922989	1.38433	0.461524	0.922989	1.8455	0.922989	0.461524	0.922989	0.461524	0.922989	0.922989	0.461524	1.38433	1.38433	0.461524	0.461524	0.922989	0.461524	0.461524	0.461524	0.461524	0.922989	0.922989	0.461524	0.461524	0.922989	0.461524	0.461524	0.461524	0.922989	1.38433	0.461524	0.922989	1.8455	1.38433	0.461524	0.922989	0.922989	0.461524	1.38433	0.922989	0.461524	0.461524	1.38433	1.38433	0.461524	0.461524	0.461524	1.38433	0.922989	0.461524
0.46148	0.815752	0.489487	0.364856	0.163166	0.46148	0.46148	0.46148	0.46148	0.364837	0.515954	0.163166	0.46148	0.46148	0.364837	0.515954	0.163166	0.364837	0.515954	0.588267	0.46148	0.46148	0.46148	0.46148	0.46148	0	0.46148	0.46148	0.922899	0.922899	0.46148	0.46148	0.46148	0.588267	0.364856	0.652638	0.652638	0.489487	0.815752	0.46148	0	0.46148	0.922899	0.46148	0	0	0.46148	0.46148	0	0.46148	0.46148	0	0	0.46148	0.46148	0	0.46148	0.46148	0	0.364837	0.515954	0.163166	0.364837	0.489487	0.364856	0.515954	0.489487	0.652638	0.652638	0.672711	0.588267	0.46148	0.46148	0.46148	1.3842	0.922899	0.46148	0.46148	0.815752	1.40329	1.04463	0.46148	0.922899	1.3842	0.46148	0.46148	0.46148	0.46148	0.815752	0.489487	0.652638	0.672711	0.163166	0	0.364837	0.489487	0.461509	0.364856	0.163166	0	0	0	0	0	0.46148	0.46148	0	0	0	0.364837	0.489487	0.364856	0.515954	0.515954	0.163166	0	0	0.46148	0.46148	0	0.46148	0.46148	0.364837	0.489487	0.652638	0.652638	0.461509	0.364856	0.163166	0	0	0.364837	0.515954	0.163166	0	0.46148	0.46148	0	0.46148	0.46148	0.163166	0.515954	0.364837	0.163166	0.672711	1.03182	0.652638	0.652638	0.652638	0.815777	1.54753	0.992393	0.652638	0.652638	1.45905	1.45905	0.652638	0.652638	0.87859	1.40329	0.672711	0.652638	0.652638	0.652638	0.87859	0.815752	0.46148	0.46148	0.46148	0	0.46148	0.46148	0	0	0	0	0	0	0	0	0	0	0	0	0.46148	0.46148	0	0	0.46148	0.46148	0.46148	0.815752	0.489487	0.652638	1.03182	1.09439	0.588267	0.46148	0.46148	0.815752	1.31522	0.652638	1.03182	1.53889	0.588267	0.815752	1.40329	0.588267	0.815752	1.7643	1.03182	0.672711	1.04463	0.46148	0.922899	0.922899	0.46148	1.3842	1.3842	0.46148	0.46148	1.04463	0.672711	0.652638	0.652638	0.652638	1.03182	1.03182	0.652638	0.652638	1.03182	0.652638	0.815777	0.992414	1.14201	1.54753	0.992414	1.14201	1.82359	1.45905	0.652638	1.03182	1.03182	0.652638	1.31522	0.815752	0.588267	0.672711	1.31522	1.27412	0.588267	0.672711	0.652638	1.45905	1.03182	0.652638
0.461435	0.58821	0.364821	0.48944	0.364802	0.461435	0.461435	0.461435	0.461435	0.16315	0.515904	0.364802	0.461435	0.461435	0.16315	0.515904	0.364802	0.16315	0.515904	0.815673	0.461435	0.461435	0.461435	0.461435	0.461435	0	0.461435	0.461435	0.92281	0.92281	0.461435	0.461435	0.461435	0.815673	0.48944	0.652575	0.652575	0.364821	0.58821	0.461435	0	0.461435	0.92281	0.461435	0	0	0.461435	0.461435	0	0.461435	0.461435	0	0	0.461435	0.461435	0	0.461435	0.461435	0	0.16315	0.515904	0.364802	0.16315	0.364821	0.48944	0.515904	0.364821	0.652575	0.652575	0.878505	0.815673	0.461435	0.461435	0.461435	1.38407	0.92281	0.461435	0.461435	0.58821	1.40315	1.274	0.461435	0.92281	1.38407	0.461435	0.461435	0.461435	0.461435	0.58821	0.364821	0.652575	0.878505	0.364802	0	0.16315	0.364821	0.461465	0.48944	0.364802	0	0	0	0	0	0.461435	0.461435	0	0	0	0.16315	0.364821	0.48944	0.515904	0.515904	0.364802	0	0	0.461435	0.461435	0	0.461435	0.461435	0.16315	0.364821	0.652575	0.652575	0.461465	0.48944	0.364802	0	0	0.16315	0.515904	0.364802	0	0.461435	0.461435	0	0.461435	0.461435	0.364802	0.515904	0.16315	0.364802	0.878505	1.03172	0.652575	0.652575	0.652575	0.992297	1.54738	0.815698	0.652575	0.652575	1.45891	1.45891	0.652575	0.652575	0.672646	1.40315	0.878505	0.652575	0.652575	0.652575	0.672646	0.58821	0.461435	0.461435	0.461435	0	0.461435	0.461435	0	0	0	0	0	0	0	0	0	0	0	0	0.461435	0.461435	0	0	0.461435	0.461435	0.461435	0.58821	0.364821	0.652575	1.03172	1.3151	0.815673	0.461435	0.461435	0.58821	1.09429	0.652575	1.03172	1.76413	0.815673	0.58821	1.40315	0.815673	0.58821	1.53875	1.03172	0.878505	1.274	0.461435	0.92281	0.92281	0.461435	1.38407	1.38407	0.461435	0.461435	1.274	0.878505	0.652575	0.652575	0.652575	1.03172	1.03172	0.652575	0.652575	1.03172	0.652575	0.992297	1.1419	0.992318	1.54738	1.1419	0.992318	1.60639	1.45891	0.652575	1.03172	1.03172	0.652575	1.09429	0.58821	0.815673	0.878505	1.09429	1.04453	0.815673	0.878505	0.652575	1.45891	1.03172	0.652575
0.46139	0.46139	0	0.46139	0.46139	0.46139	0.46139	0.46139	0.46139	0	0.46139	0.46139	0.46139	0.46139	0	0.46139	0.46139	0	0.46139	0.922721	0.46139	0.46139	0.46139	0.46139	0.46139	0	0.46139	0.46139	0.922721	0.922721	0.46139	0.46139	0.46139	0.922721	0.46139	0.46139	0.46139	0	0.46139	0.46139	0	0.46139	0.922721	0.46139	0	0	0.46139	0.46139	0	0.46139	0.46139	0	0	0.46139	0.46139	0	0.46139	0.46139	0	0	0.46139	0.46139	0	0	0.46139	0.46139	0	0.46139	0.46139	0.922721	0.922721	0.46139	0.46139	0.46139	1.38393	0.922721	0.46139	0.46139	0.46139	1.38393	1.38393	0.46139	0.922721	1.38393	0.46139	0.46139	0.46139	0.46139	0.46139	0	0.46139	0.922721	0.46139	0	0	0	0	0.46139	0.46139	0	0	0	0	0	0.46139	0.46139	0	0	0	0	0	0.46139	0.46139	0.46139	0.46139	0	0	0.46139	0.46139	0	0.46139	0.46139	0	0	0.46139	0.46139	0	0.46139	0.46139	0	0	0	0.46139	0.46139	0	0.46139	0.46139	0	0.46139	0.46139	0.46139	0.46139	0	0.46139	0.922721	0.922721	0.46139	0.46139	0.46139	0.922721	1.38393	0.46139	0.46139	0.46139	1.38393	1.38393	0.46139	0.46139	0.46139	1.38393	0.922721	0.46139	0.46139	0.46139	0.46139	0.46139	0.46139	0.46139	0.46139	0	0.46139	0.46139	0	0	0	0	0	0	0	0	0	0	0	0	0.46139	0.46139	0	0	0.46139	0.46139	0.46139	0.46139	0	0.46139	0.922721	1.38393	0.922721	0.46139	0.46139	0.46139	0.922721	0.46139	0.922721	1.84496	0.922721	0.46139	1.38393	0.922721	0.46139	1.38393	0.922721	0.922721	1.38393	0.46139	0.922721	0.922721	0.46139	1.38393	1.38393	0.46139	0.46139	1.38393	0.922721	0.46139	0.46139	0.46139	0.922721	0.922721	0.46139	0.46139	0.922721	0.46139	0.922721	0.922721	0.46139	1.38393	0.922721	0.46139	1.38393	1.38393	0.46139	0.922721	0.922721	0.46139	0.922721	0.46139	0.922721	0.922721	0.922721	0.922721	0.922721	0.922721	0.46139	1.38393	0.922721	0.46139
0.461346	0.461346	0	0.461346	0.461346	0.461346	0.461346	0.461346	0.461346	0	0.461346	0.461346	0.461346	0.461346	0	0.461346	0.461346	0	0.461346	0.922632	0.461346	0.461346	0.461346	0.461346	0.461346	0	0.461346	0.461346	0.922632	0.922632	0.461346	0.461346	0.461346	0.922632	0.461346	0.461346	0.461346	0	0.461346	0.461346	0	0.461346	0.922632	0.461346	0	0	0.461346	0.461346	0	0.461346	0.461346	0	0	0.461346	0.461346	0	0.461346	0.461346	0	0	0.461346	0.461346	0	0	0.461346	0.461346	0	0.461346	0.461346	0.922632	0.922632	0.461346	0.461346	0.461346	1.3838	0.922632	0.461346	0.461346	0.461346	1.3838	1.3838	0.461346	0.922632	1.3838	0.461346	0.461346	0.461346	0.461346	0.461346	0	0.461346	0.922632	0.461346	0	0	0	0	0.461346	0.461346	0	0	0	0	0	0.461346	0.461346	0	0	0	0	0	0.461346	0.461346	0.461346	0.461346	0	0	0.461346	0.461346	0	0.461346	0.461346	0	0	0.461346	0.461346	0	0.461346	0.461346	0	0	0	0.461346	0.461346	0	0.461346	0.461346	0	0.461346	0.461346	0.461346	0.461346	0	0.461346	0.922632	0.922632	0.461346	0.461346	0.461346	0.922632	1.3838	0.461346	0.461346	0.461346	1.3838	1.3838	0.461346	0.461346	0.461346	1.3838	0.922632	0.461346	0.461346	0.461346	0.461346	0.461346	0.461346	0.461346	0.461346	0	0.461346	0.461346	0	0	0	0	0	0	0	0	0	0	0	0	0.461346	0.461346	0	0	0.461346	0.461346	0.461346	0.461346	0	0.461346	0.922632	1.3838	0.922632	0.461346	0.461346	0.461346	0.922632	0.461346	0.922632	1.84479	0.922632	0.461346	1.3838	0.922632	0.461346	1.3838	0.922632	0.922632	1.3838	0.461346	0.922632	0.922632	0.461346	1.3838	1.3838	0.461346	0.461346	1.3838	0.922632	0.461346	0.461346	0.461346	0.922632	0.922632	0.461346	0.461346	0.922632	0.461346	0.922632	0.922632	0.461346	1.3838	0.922632	0.461346	1.3838	1.3838	0.461346	0.922632	0.922632	0.461346	0.922632	0.461346	0.922632	0.922632	0.922632	0.922632	0.922632	0.922632	0.461346	1.3838	0.922632	0.461346
0.489302	0.515756	0.36472	0.652391	0.652391	0.489302	0.515756	0.515756	0.364697	0.163104	0.672454	0.652391	0.489302	0.364697	0	0.461301	0.461301	0	0.461301	0.922543	0.461301	0.461301	0.461301	0.461301	0.461301	0	0.461301	0.461301	0.922543	0.922543	0.461301	0.461301	0.461301	0.922543	0.461301	0.461301	0.461301	0	0.461301	0.461301	0	0.461301	0.922543	0.461301	0	0	0.461301	0.461301	0	0.461301	0.461301	0	0	0.461301	0.461301	0	0.461301	0.461301	0	0	0.461301	0.461301	0	0	0.461301	0.461301	0	0.461301	0.461301	0.922543	0.922543	0.461301	0.461301	0.461301	1.27363	0.878253	0.672454	0.58804	0.461301	1.38366	1.38366	0.461301	0.815437	1.31472	0.652391	0.652391	0.652391	0.652391	0.672454	0.163104	0.364697	0.878253	0.652391	0.461338	0.36472	0.163104	0	0.364697	0.489302	0.461338	0.461338	0.36472	0.163104	0	0.364697	0.489302	0.461338	0.461338	0.461338	0.36472	0.163104	0.364697	0.515756	0.515756	0.489302	0.36472	0.163104	0.364697	0.515756	0.163104	0.461301	0.461301	0	0	0.461301	0.461301	0	0.461301	0.461301	0	0	0.163104	0.515756	0.515756	0.36472	0.489302	0.515756	0.36472	0.652391	0.652391	0.489302	0.515756	0.36472	0.652391	1.03143	1.03143	0.652391	0.815469	0.992041	1.14158	1.39326	0.652391	0.652391	0.652391	1.45849	1.45849	0.652391	0.652391	0.652391	1.31472	0.815437	0.461301	0.461301	0.461301	0.58804	0.672454	0.652391	0.489302	0.515756	0.36472	0.489302	0.364697	0	0.163104	0.36472	0.461338	0.461338	0.461338	0.461338	0.461338	0.461338	0.461338	0.461338	0.461338	0.489302	0.515756	0.36472	0.461338	0.489302	0.364697	0.364697	0.515756	0.163104	0.58804	1.09397	1.31472	0.815437	0.461301	0.461301	0.461301	0.922543	0.461301	0.922543	1.73323	0.878253	0.672454	1.40275	0.878253	0.672454	1.50335	0.922543	0.815437	1.40275	0.58804	0.815437	0.878253	0.672454	1.40275	1.40275	0.58804	0.461301	1.38366	0.922543	0.461301	0.461301	0.58804	1.09397	1.03143	0.652391	0.652391	1.03143	0.652391	1.03143	1.03143	0.652391	1.31472	0.815437	0.58804	1.40275	1.40275	0.672454	0.878253	0.815437	0.461301	0.922543	0.461301	0.922543	0.922543	0.922543	0.922543	0.815437	0.878253	0.652391	1.39326	1.14158	0.992041
0.364685	0.515706	0.489255	0.652328	0.652328	0.364685	0.515706	0.515706	0.163089	0.364661	0.878168	0.652328	0.364685	0.163089	0	0.461257	0.461257	0	0.461257	0.922454	0.461257	0.461257	0.461257	0.461257	0.461257	0	0.461257	0.461257	0.922454	0.922454	0.461257	0.461257	0.461257	0.922454	0.461257	0.461257	0.461257	0	0.461257	0.461257	0	0.461257	0.922454	0.461257	0	0	0.461257	0.461257	0	0.461257	0.461257	0	0	0.461257	0.461257	0	0.461257	0.461257	0	0	0.461257	0.461257	0	0	0.461257	0.461257	0	0.461257	0.461257	0.922454	0.922454	0.461257	0.461257	0.461257	1.04412	0.672389	0.878168	0.815358	0.461257	1.38353	1.38353	0.461257	0.587983	1.09387	0.652328	0.652328	0.652328	0.652328	0.878168	0.364661	0.163089	0.672389	0.652328	0.461294	0.489255	0.364661	0	0.163089	0.364685	0.461294	0.461294	0.489255	0.364661	0	0.163089	0.364685	0.461294	0.461294	0.461294	0.489255	0.364661	0.163089	0.515706	0.515706	0.364685	0.489255	0.364661	0.163089	0.515706	0.364661	0.461257	0.461257	0	0	0.461257	0.461257	0	0.461257	0.461257	0	0	0.364661	0.515706	0.515706	0.489255	0.364685	0.515706	0.489255	0.652328	0.652328	0.364685	0.515706	0.489255	0.652328	1.03133	1.03133	0.652328	0.991919	1.14147	0.991945	1.18711	0.652328	0.652328	0.652328	1.45835	1.45835	0.652328	0.652328	0.652328	1.09387	0.587983	0.461257	0.461257	0.461257	0.815358	0.878168	0.652328	0.364685	0.515706	0.489255	0.364685	0.163089	0	0.364661	0.489255	0.461294	0.461294	0.461294	0.461294	0.461294	0.461294	0.461294	0.461294	0.461294	0.364685	0.515706	0.489255	0.461294	0.364685	0.163089	0.163089	0.515706	0.364661	0.815358	1.31459	1.09387	0.587983	0.461257	0.461257	0.461257	0.922454	0.461257	0.922454	1.5032	0.672389	0.878168	1.40261	0.672389	0.878168	1.73306	0.922454	0.587983	1.40261	0.815358	0.587983	0.672389	0.878168	1.40261	1.40261	0.815358	0.461257	1.38353	0.922454	0.461257	0.461257	0.815358	1.31459	1.03133	0.652328	0.652328	1.03133	0.652328	1.03133	1.03133	0.652328	1.09387	0.587983	0.815358	1.40261	1.40261	0.878168	0.672389	0.587983	0.461257	0.922454	0.461257	0.922454	0.922454	0.922454	0.922454	0.587983	0.672389	0.652328	1.18711	0.991945	1.14147
0	0.461212	0.461212	0.461212	0.461212	0	0.461212	0.461212	0	0.461212	0.922365	0.461212	0	0	0	0.461212	0.461212	0	0.461212	0.922365	0.461212	0.461212	0.461212	0.461212	0.461212	0	0.461212	0.461212	0.922365	0.922365	0.461212	0.461212	0.461212	0.922365	0.461212	0.461212	0.461212	0	0.461212	0.461212	0	0.461212	0.922365	0.461212	0	0	0.461212	0.461212	0	0.461212	0.461212	0	0	0.461212	0.461212	0	0.461212	0.461212	0	0	0.461212	0.461212	0	0	0.461212	0.461212	0	0.461212	0.461212	0.922365	0.922365	0.461212	0.461212	0.461212	0.922365	0.461212	0.922365	0.922365	0.461212	1.3834	1.3834	0.461212	0.461212	0.922365	0.461212	0.461212	0.461212	0.461212	0.922365	0.461212	0	0.461212	0.461212	0	0.461212	0.461212	0	0	0	0	0	0.461212	0.461212	0	0	0	0	0	0	0.461212	0.461212	0	0.461212	0.461212	0	0.461212	0.461212	0	0.461212	0.461212	0.461212	0.461212	0	0	0.461212	0.461212	0	0.461212	0.461212	0	0	0.461212	0.461212	0.461212	0.461212	0	0.461212	0.461212	0.461212	0.461212	0	0.461212	0.461212	0.461212	0.922365	0.922365	0.461212	0.922365	0.922365	0.461212	0.922365	0.461212	0.461212	0.461212	1.3834	1.3834	0.461212	0.461212	0.461212	0.922365	0.461212	0.461212	0.461212	0.461212	0.922365	0.922365	0.461212	0	0.461212	0.461212	0	0	0	0.461212	0.461212	0	0	0	0	0	0	0	0	0	0	0.461212	0.461212	0	0	0	0	0.461212	0.461212	0.922365	1.3834	0.922365	0.461212	0.461212	0.461212	0.461212	0.922365	0.461212	0.922365	1.3834	0.461212	0.922365	1.3834	0.461212	0.922365	1.84425	0.922365	0.461212	1.3834	0.922365	0.461212	0.461212	0.922365	1.3834	1.3834	0.922365	0.461212	1.3834	0.922365	0.461212	0.461212	0.922365	1.3834	0.922365	0.461212	0.461212	0.922365	0.461212	0.922365	0.922365	0.461212	0.922365	0.461212	0.922365	1.3834	1.3834	0.922365	0.461212	0.461212	0.461212	0.922365	0.461212	0.922365	0.922365	0.922365	0.922365	0.461212	0.461212	0.461212	0.922365	0.461212	0.922365
0	0.461175	0.461175	0.461175	0.461175	0	0.461175	0.461175	0	0.461175	0.92229	0.461175	0	0	0	0.461175	0.461175	0	0.461175	0.92229	0.461175	0.461175	0.461175	0.461175	0.461175	0	0.461175	0.461175	0.92229	0.92229	0.461175	0.461175	0.461175	0.92229	0.461175	0.461175	0.461175	0	0.461175	0.461175	0	0.461175	0.92229	0.461175	0	0	0.461175	0.461175	0	0.461175	0.461175	0	0	0.461175	0.461175	0	0.461175	0.461175	0	0	0.461175	0.461175	0	0	0.461175	0.461175	0	0.461175	0.461175	0.92229	0.92229	0.461175	0.461175	0.461175	0.92229	0.461175	0.92229	0.92229	0.461175	1.38329	1.38329	0.461175	0.461175	0.92229	0.461175	0.461175	0.461175	0.461175	0.92229	0.461175	0	0.461175	0.461175	0	0.461175	0.461175	0	0	0	0	0	0.461175	0.461175	0	0	0	0	0	0	0.461175	0.461175	0	0.461175	0.461175	0	0.461175	0.461175	0	0.461175	0.461175	0.461175	0.461175	0	0	0.461175	0.461175	0	0.461175	0.461175	0	0	0.461175	0.461175	0.461175	0.461175	0	0.461175	0.461175	0.461175	0.461175	0	0.461175	0.461175	0.461175	0.92229	0.92229	0.461175	0.92229	0.92229	0.461175	0.92229	0.461175	0.461175	0.461175	1.38329	1.38329	0.461175	0.461175	0.461175	0.92229	0.461175	0.461175	0.461175	0.461175	0.92229	0.92229	0.461175	0	0.461175	0.461175	0	0	0	0.461175	0.461175	0	0	0	0	0	0	0	0	0	0	0.461175	0.461175	0	0	0	0	0.461175	0.461175	0.92229	1.38329	0.92229	0.461175	0.461175	0.461175	0.461175	0.92229	0.461175	0.92229	1.38329	0.461175	0.92229	1.38329	0.461175	0.92229	1.8441	0.92229	0.461175	1.38329	0.92229	0.461175	0.461175	0.92229	1.38329	1.38329	0.92229	0.461175	1.38329	0.92229	0.461175	0.461175	0.92229	1.38329	0.92229	0.461175	0.461175	0.92229	0.461175	0.92229	0.92229	0.461175	0.92229	0.461175	0.92229	1.38329	1.38329	0.92229	0.461175	0.461175	0.461175	0.92229	0.461175	0.92229	0.92229	0.92229	0.92229	0.461175	0.461175	0.461175	0.92229	0.461175	0.92229
0	0.461131	0.461131	0.461131	0.461131	0	0.461131	0.461131	0	0.461131	0.922201	0.461131	0	0	0	0.461131	0.461131	0	0.461131	0.922201	0.461131	0.461131	0.461131	0.461131	0.461131	0	0.461131	0.461131	0.922201	0.922201	0.461131	0.461131	0.461131	0.922201	0.461131	0.461131	0.461131	0	0.461131	0.461131	0	0.461131	0.922201	0.461131	0	0	0.461131	0.461131	0	0.461131	0.461131	0	0	0.461131	0.461131	0	0.461131	0.461131	0	0	0.461131	0.461131	0	0	0.461131	0.461131	0	0.461131	0.461131	0.922201	0.922201	0.461131	0.461131	0.461131	0.922201	0.461131	0.922201	0.922201	0.461131	1.38315	1.38315	0.461131	0.461131	0.922201	0.461131	0.461131	0.461131	0.461131	0.922201	0.461131	0	0.461131	0.461131	0	0.461131	0.461131	0	0	0	0	0	0.461131	0.461131	0	0	0	0	0	0	0.461131	0.461131	0	0.461131	0.461131	0	0.461131	0.461131	0	0.461131	0.461131	0.461131	0.461131	0	0	0.461131	0.461131	0	0.461131	0.461131	0	0	0.461131	0.461131	0.461131	0.461131	0	0.461131	0.461131	0.461131	0.461131	0	0.461131	0.461131	0.461131	0.922201	0.922201	0.461131	0.922201	0.922201	0.461131	0.922201	0.461131	0.461131	0.461131	1.38315	1.38315	0.461131	0.461131	0.461131	0.922201	0.461131	0.461131	0.461131	0.461131	0.922201	0.922201	0.461131	0	0.461131	0.461131	0	0	0	0.461131	0.461131	0	0	0	0	0	0	0	0	0	0	0.461131	0.461131	0	0	0	0	0.461131	0.461131	0.922201	1.38315	0.922201	0.461131	0.461131	0.461131	0.461131	0.922201	0.461131	0.922201	1.38315	0.461131	0.922201	1.38315	0.461131	0.922201	1.84392	0.922201	0.461131	1.38315	0.922201	0.461131	0.461131	0.922201	1.38315	1.38315	0.922201	0.461131	1.38315	0.922201	0.461131	0.461131	0.922201	1.38315	0.922201	0.461131	0.461131	0.922201	0.461131	0.922201	0.922201	0.461131	0.922201	0.461131	0.922201	1.38315	1.38315	0.922201	0.461131	0.461131	0.461131	0.922201	0.461131	0.922201	0.922201	0.922201	0.922201	0.461131	0.461131	0.461131	0.922201	0.461131	0.922201
0.163027	0.672138	0.652081	0.48907	0.364526	0.163027	0.515514	0.515514	0.364545	0.48907	0.815056	0.461086	0	0	0	0.461086	0.461086	0.163027	0.515514	0.815056	0.461086	0.461086	0.461086	0.461086	0.587765	0.364545	0.652081	0.652081	1.03094	1.03094	0.652081	0.652081	0.48907	0.815056	0.461086	0.461086	0.461086	0	0.461086	0.587765	0.364545	0.48907	0.815056	0.461086	0	0	0.364526	0.515514	0.163027	0.364526	0.48907	0.364545	0.163027	0.364526	0.48907	0.364545	0.515514	0.48907	0.461116	0.364545	0.515514	0.48907	0.364545	0.163027	0.364526	0.48907	0.461116	0.652081	0.652081	1.03094	1.03094	0.652081	0.652081	0.652081	1.09346	0.587765	0.815056	0.877841	0.672138	1.40209	1.3141	0.652081	0.652081	1.03094	0.652081	0.652081	0.652081	0.652081	1.03094	0.652081	0.364545	0.515514	0.515514	0.163027	0.364526	0.48907	0.461116	0.461116	0.461116	0.461116	0.364545	0.515514	0.48907	0.461116	0.461116	0.461116	0.461116	0.461116	0.461116	0.652081	0.652081	0.461116	0.652081	0.652081	0.461116	0.652081	0.652081	0.364545	0.515514	0.48907	0.652081	0.652081	0.364545	0.163027	0.461086	0.461086	0	0.461086	0.461086	0	0	0.364526	0.515514	0.587765	0.461086	0.163027	0.515514	0.364526	0.461086	0.461086	0.163027	0.672138	0.652081	0.815081	1.31413	1.30399	1.03098	1.14104	0.991547	0.652081	1.18667	0.991568	1.03098	1.03098	1.66207	1.66207	1.03098	1.03098	1.03098	1.14104	0.672158	0.652081	0.652081	0.652081	1.03094	0.877841	0.364526	0.163027	0.515514	0.364526	0	0	0.163027	0.515514	0.364526	0	0	0	0	0	0	0.163027	0.364545	0.461116	0.461116	0.48907	0.364526	0	0.163027	0.364545	0.461116	0.652081	0.652081	0.729022	1.17541	1.03094	0.652081	0.652081	0.652081	0.652081	1.03094	0.652081	1.03094	1.45781	0.652081	1.03094	1.53758	0.587765	0.815056	1.7628	1.03094	0.652081	1.45781	1.03094	0.672138	0.587765	0.815056	1.3141	1.45781	1.03094	0.672138	1.40209	0.877841	0.672138	0.587765	0.815056	1.3141	1.03094	0.652081	0.672138	1.04374	0.461086	0.815056	0.877841	0.672138	1.04374	0.461086	0.922112	1.38302	1.38302	0.922112	0.461086	0.461086	0.461086	0.922112	0.461086	0.815056	0.877841	1.03094	1.03094	0.652081	0.652081	0.652081	1.09346	0.587765	0.815056
0.364491	0.877756	0.652018	0.364509	0.163011	0.364491	0.515464	0.515464	0.489023	0.364509	0.587708	0.461041	0	0	0	0.461041	0.461041	0.364491	0.515464	0.587708	0.461041	0.461041	0.461041	0.461041	0.814978	0.489023	0.652018	0.652018	1.03084	1.03084	0.652018	0.652018	0.364509	0.587708	0.461041	0.461041	0.461041	0	0.461041	0.814978	0.489023	0.364509	0.587708	0.461041	0	0	0.163011	0.515464	0.364491	0.163011	0.364509	0.489023	0.364491	0.163011	0.364509	0.489023	0.515464	0.364509	0.461071	0.489023	0.515464	0.364509	0.489023	0.364491	0.163011	0.364509	0.461071	0.652018	0.652018	1.03084	1.03084	0.652018	0.652018	0.652018	1.31397	0.814978	0.587708	0.672073	0.877756	1.40196	1.09335	0.652018	0.652018	1.03084	0.652018	0.652018	0.652018	0.652018	1.03084	0.652018	0.489023	0.515464	0.515464	0.364491	0.163011	0.364509	0.461071	0.461071	0.461071	0.461071	0.489023	0.515464	0.364509	0.461071	0.461071	0.461071	0.461071	0.461071	0.461071	0.652018	0.652018	0.461071	0.652018	0.652018	0.461071	0.652018	0.652018	0.489023	0.515464	0.364509	0.652018	0.652018	0.489023	0.364491	0.461041	0.461041	0	0.461041	0.461041	0	0	0.163011	0.515464	0.814978	0.461041	0.364491	0.515464	0.163011	0.461041	0.461041	0.364491	0.877756	0.652018	0.991451	1.50253	1.30387	1.03088	0.991472	0.815003	0.652018	1.39247	1.14093	1.03088	1.03088	1.66191	1.66191	1.03088	1.03088	1.03088	0.991472	0.587743	0.652018	0.652018	0.652018	1.03084	0.672073	0.163011	0.364491	0.515464	0.163011	0	0	0.364491	0.515464	0.163011	0	0	0	0	0	0	0.364491	0.489023	0.461071	0.461071	0.364509	0.163011	0	0.364491	0.489023	0.461071	0.652018	0.652018	0.32602	0.728952	1.03084	0.652018	0.652018	0.652018	0.652018	1.03084	0.652018	1.03084	1.45767	0.652018	1.03084	1.76263	0.814978	0.587708	1.53743	1.03084	0.652018	1.45767	1.03084	0.877756	0.814978	0.587708	1.09335	1.45767	1.03084	0.877756	1.40196	0.672073	0.877756	0.814978	0.587708	1.09335	1.03084	0.652018	0.877756	1.27291	0.461041	0.587708	0.672073	0.877756	1.27291	0.461041	0.922023	1.38289	1.38289	0.922023	0.461041	0.461041	0.461041	0.922023	0.461041	0.587708	0.672073	1.03084	1.03084	0.652018	0.652018	0.652018	1.31397	0.814978	0.587708
0.460997	0.921934	0.460997	0	0	0.460997	0.460997	0.460997	0.460997	0	0.460997	0.460997	0	0	0	0.460997	0.460997	0.460997	0.460997	0.460997	0.460997	0.460997	0.460997	0.460997	0.921934	0.460997	0.460997	0.460997	0.921934	0.921934	0.460997	0.460997	0	0.460997	0.460997	0.460997	0.460997	0	0.460997	0.921934	0.460997	0	0.460997	0.460997	0	0	0	0.460997	0.460997	0	0	0.460997	0.460997	0	0	0.460997	0.460997	0	0	0.460997	0.460997	0	0.460997	0.460997	0	0	0	0.460997	0.460997	0.921934	0.921934	0.460997	0.460997	0.460997	1.38275	0.921934	0.460997	0.460997	0.921934	1.38275	0.921934	0.460997	0.460997	0.921934	0.460997	0.460997	0.460997	0.460997	0.921934	0.460997	0.460997	0.460997	0.460997	0.460997	0	0	0	0	0	0	0.460997	0.460997	0	0	0	0	0	0	0	0.460997	0.460997	0	0.460997	0.460997	0	0.460997	0.460997	0.460997	0.460997	0	0.460997	0.460997	0.460997	0.460997	0.460997	0.460997	0	0.460997	0.460997	0	0	0	0.460997	0.921934	0.460997	0.460997	0.460997	0	0.460997	0.460997	0.460997	0.921934	0.460997	0.921934	1.38275	0.921934	0.460997	0.460997	0.460997	0.460997	1.38275	0.921934	0.460997	0.460997	1.38275	1.38275	0.460997	0.460997	0.460997	0.460997	0	0.460997	0.460997	0.460997	0.921934	0.460997	0	0.460997	0.460997	0	0	0	0.460997	0.460997	0	0	0	0	0	0	0	0.460997	0.460997	0	0	0	0	0	0.460997	0.460997	0	0.460997	0.460997	0	0.460997	0.921934	0.460997	0.460997	0.460997	0.460997	0.921934	0.460997	0.921934	1.38275	0.460997	0.921934	1.84339	0.921934	0.460997	1.38275	0.921934	0.460997	1.38275	0.921934	0.921934	0.921934	0.460997	0.921934	1.38275	0.921934	0.921934	1.38275	0.460997	0.921934	0.921934	0.460997	0.921934	0.921934	0.460997	0.921934	1.38275	0.460997	0.460997	0.460997	0.921934	1.38275	0.460997	0.921934	1.38275	1.38275	0.921934	0.460997	0.460997	0.460997	0.921934	0.460997	0.460997	0.460997	0.921934	0.921934	0.460997	0.460997	0.460997	1.38275	0.921934	0.460997
0.460952	0.921845	0.460952	0	0	0.460952	0.460952	0.460952	0.460952	0	0.460952	0.460952	0	0	0	0.460952	0.460952	0.460952	0.460952	0.460952	0.460952	0.460952	0.460952	0.460952	0.921845	0.460952	0.460952	0.460952	0.921845	0.921845	0.460952	0.460952	0	0.460952	0.460952	0.460952	0.460952	0	0.460952	0.921845	0.460952	0	0.460952	0.460952	0	0	0	0.460952	0.460952	0	0	0.460952	0.460952	0	0	0.460952	0.460952	0	0	0.460952	0.460952	0	0.460952	0.460952	0	0	0	0.460952	0.460952	0.921845	0.921845	0.460952	0.460952	0.460952	1.38262	0.921845	0.460952	0.460952	0.921845	1.38262	0.921845	0.460952	0.460952	0.921845	0.460952	0.460952	0.460952	0.460952	0.921845	0.460952	0.460952	0.460952	0.460952	0.460952	0	0	0	0	0	0	0.460952	0.460952	0	0	0	0	0	0	0	0.460952	0.460952	0	0.460952	0.460952	0	0.460952	0.460952	0.460952	0.460952	0	0.460952	0.460952	0.460952	0.460952	0.460952	0.460952	0	0.460952	0.460952	0	0	0	0.460952	0.921845	0.460952	0.460952	0.460952	0	0.460952	0.460952	0.460952	0.921845	0.460952	0.921845	1.38262	0.921845	0.460952	0.460952	0.460952	0.460952	1.38262	0.921845	0.460952	0.460952	1.38262	1.38262	0.460952	0.460952	0.460952	0.460952	0	0.460952	0.460952	0.460952	0.921845	0.460952	0	0.460952	0.460952	0	0	0	0.460952	0.460952	0	0	0	0	0	0	0	0.460952	0.460952	0	0	0	0	0	0.460952	0.460952	0	0.460952	0.460952	0	0.460952	0.921845	0.460952	0.460952	0.460952	0.460952	0.921845	0.460952	0.921845	1.38262	0.460952	0.921845	1.84321	0.921845	0.460952	1.38262	0.921845	0.460952	1.38262	0.921845	0.921845	0.921845	0.460952	0.921845	1.38262	0.921845	0.921845	1.38262	0.460952	0.921845	0.921845	0.460952	0.921845	0.921845	0.460952	0.921845	1.38262	0.460952	0.460952	0.460952	0.921845	1.38262	0.460952	0.921845	1.38262	1.38262	0.921845	0.460952	0.460952	0.460952	0.921845	0.460952	0.460952	0.460952	0.921845	0.921845	0.460952	0.460952	0.460952	1.38262	0.921845	0.460952
0.460908	0.921756	0.460908	0	0	0.460908	0.460908	0.460908	0.460908	0	0.460908	0.460908	0	0	0	0.460908	0.460908	0.460908	0.460908	0.460908	0.460908	0.460908	0.460908	0.460908	0.921756	0.460908	0.460908	0.460908	0.921756	0.921756	0.460908	0.460908	0	0.460908	0.460908	0.460908	0.460908	0	0.460908	0.921756	0.460908	0	0.460908	0.460908	0	0	0	0.460908	0.460908	0	0	0.460908	0.460908	0	0	0.460908	0.460908	0	0	0.460908	0.460908	0	0.460908	0.460908	0	0	0	0.460908	0.460908	0.921756	0.921756	0.460908	0.460908	0.460908	1.38249	0.921756	0.460908	0.460908	0.921756	1.38249	0.921756	0.460908	0.460908	0.921756	0.460908	0.460908	0.460908	0.460908	0.921756	0.460908	0.460908	0.460908	0.460908	0.460908	0	0	0	0	0	0	0.460908	0.460908	0	0	0	0	0	0	0	0.460908	0.460908	0	0.460908	0.460908	0	0.460908	0.460908	0.460908	0.460908	0	0.460908	0.460908	0.460908	0.460908	0.460908	0.460908	0	0.460908	0.460908	0	0	0	0.460908	0.921756	0.460908	0.460908	0.460908	0	0.460908	0.460908	0.460908	0.921756	0.460908	0.921756	1.38249	0.921756	0.460908	0.460908	0.460908	0.460908	1.38249	0.921756	0.460908	0.460908	1.38249	1.38249	0.460908	0.460908	0.460908	0.460908	0	0.460908	0.460908	0.460908	0.921756	0.460908	0	0.460908	0.460908	0	0	0	0.460908	0.460908	0	0	0	0	0	0	0	0.460908	0.460908	0	0	0	0	0	0.460908	0.460908	0	0.460908	0.460908	0	0.460908	0.921756	0.460908	0.460908	0.460908	0.460908	0.921756	0.460908	0.921756	1.38249	0.460908	0.921756	1.84304	0.921756	0.460908	1.38249	0.921756	0.460908	1.38249	0.921756	0.921756	0.921756	0.460908	0.921756	1.38249	0.921756	0.921756	1.38249	0.460908	0.921756	0.921756	0.460908	0.921756	0.921756	0.460908	0.921756	1.38249	0.460908	0.460908	0.460908	0.921756	1.38249	0.460908	0.921756	1.38249	1.38249	0.921756	0.460908	0.460908	0.460908	0.921756	0.460908	0.460908	0.460908	0.921756	0.921756	0.460908	0.460908	0.460908	1.38249	0.921756	0.460908
0.651766	0.877417	0.36435	0.162948	0.364369	0.488834	0.515265	0.671813	0.651766	0.460893	0.651766	0.651766	0.460893	0.460893	0.587516	0.83083	0.671834	0.488834	0.515265	0.671813	0.651766	0.651766	0.651766	0.651766	0.877417	0.36435	0.460863	0.460863	0.921667	0.921667	0.460863	0.460863	0	0.460863	0.460863	0.460863	0.460863	0	0.460863	0.814663	0.488834	0.364369	0.515265	0.488834	0.364369	0.162948	0	0.36435	0.488834	0.364369	0.162948	0.36435	0.488834	0.364369	0.162948	0.36435	0.488834	0.460893	0.364369	0.515265	0.515265	0.162948	0.36435	0.488834	0.364369	0.162948	0	0.460863	0.460863	0.921667	0.921667	0.460863	0.460863	0.460863	1.27242	0.877417	0.651766	0.651766	1.03045	1.4571	1.03045	0.651766	0.671813	1.04323	0.460863	0.460863	0.460863	0.460863	0.814663	0.488834	0.651766	0.671813	0.515265	0.488834	0.460893	0.460893	0.460893	0.364369	0.162948	0	0.36435	0.488834	0.460893	0.460893	0.460893	0.460893	0.460893	0.460893	0.460893	0.651766	0.651766	0.460893	0.651766	0.651766	0.460893	0.651766	0.651766	0.671834	0.83083	0.587516	0.671834	0.877456	1.03049	1.03049	1.03049	1.03049	0.814713	0.814688	0.651766	0.364369	0.162948	0.162948	0.671813	0.877417	0.36435	0.460863	0.72867	0.728708	1.03049	1.03049	1.03049	1.30336	1.03049	1.30336	1.66127	1.30336	1.03049	1.18613	1.39199	1.45718	1.79185	1.31351	1.03049	1.03049	1.50195	1.39193	0.651766	0.651766	0.651766	0.814688	0.814713	1.03049	1.03049	0.877456	0.991068	0.651766	0.460893	0.488834	0.515265	0.364369	0.460893	0.460893	0.488834	0.515265	0.364369	0.460893	0.587516	0.814713	0.921727	0.921727	0.921727	0.877456	0.671834	0.460893	0.460893	0.460893	0.460893	0.460893	0.488834	0.36435	0.162948	0.515265	0.36435	0.162948	0.671813	1.03045	0.651766	0.651766	0.651766	0.651766	1.03045	0.651766	0.877417	1.40141	0.671813	0.877417	1.61263	0.877417	0.671813	1.50192	0.921667	0.460863	1.27242	0.877417	1.03045	1.03045	0.651766	1.09293	1.40141	0.877417	0.991068	1.54546	0.814688	0.991068	1.14049	0.991089	1.18609	1.03045	0.651766	1.03045	1.4571	0.651766	0.671813	0.587481	0.921667	1.38235	0.460863	0.921667	1.38235	1.38235	0.921667	0.460863	0.460863	0.460863	0.921667	0.460863	0.460863	0.460863	0.921667	0.921667	0.36435	0.488834	0.651766	1.4571	1.03045	0.671813
0.651703	0.671748	0.162932	0.364315	0.488787	0.364333	0.515215	0.877332	0.651703	0.460849	0.651703	0.651703	0.460849	0.460849	0.671769	0.83075	0.58746	0.364333	0.515215	0.877332	0.651703	0.651703	0.651703	0.651703	0.671748	0.162932	0.460819	0.460819	0.921578	0.921578	0.460819	0.460819	0	0.460819	0.460819	0.460819	0.460819	0	0.460819	0.587425	0.364333	0.488787	0.515215	0.364333	0.488787	0.364315	0	0.162932	0.364333	0.488787	0.364315	0.162932	0.364333	0.488787	0.364315	0.162932	0.364333	0.460849	0.488787	0.515215	0.515215	0.364315	0.162932	0.364333	0.488787	0.364315	0	0.460819	0.460819	0.921578	0.921578	0.460819	0.460819	0.460819	1.04313	0.671748	0.651703	0.651703	1.03035	1.45696	1.03035	0.651703	0.877332	1.2723	0.460819	0.460819	0.460819	0.460819	0.587425	0.364333	0.651703	0.877332	0.515215	0.364333	0.460849	0.460849	0.460849	0.488787	0.364315	0	0.162932	0.364333	0.460849	0.460849	0.460849	0.460849	0.460849	0.460849	0.460849	0.651703	0.651703	0.460849	0.651703	0.651703	0.460849	0.651703	0.651703	0.58746	0.83075	0.671769	0.58746	0.814635	1.03039	1.03039	1.03039	1.03039	0.877371	0.990973	0.651703	0.488787	0.364315	0.364315	0.877332	0.671748	0.162932	0.460819	1.17473	0.977502	1.03039	1.03039	1.03039	1.30324	1.03039	1.30324	1.66111	1.30324	1.03039	1.31339	1.50184	1.45704	1.63702	1.18602	1.03039	1.03039	1.31337	1.18598	0.651703	0.651703	0.651703	0.990973	0.877371	1.03039	1.03039	0.814635	0.814609	0.651703	0.460849	0.364333	0.515215	0.488787	0.460849	0.460849	0.364333	0.515215	0.488787	0.460849	0.671769	0.877371	0.921638	0.921638	0.921638	0.814635	0.58746	0.460849	0.460849	0.460849	0.460849	0.460849	0.364333	0.162932	0.364315	0.515215	0.162932	0.364315	0.877332	1.03035	0.651703	0.651703	0.651703	0.651703	1.03035	0.651703	0.671748	1.40128	0.877332	0.671748	1.15192	0.671748	0.877332	1.73142	0.921578	0.460819	1.04313	0.671748	1.03035	1.03035	0.651703	1.31334	1.40128	0.671748	0.814609	1.54531	0.990973	0.814609	0.990993	1.14038	1.3918	1.03035	0.651703	1.03035	1.45696	0.651703	0.877332	0.814584	0.921578	1.38222	0.460819	0.921578	1.38222	1.38222	0.921578	0.460819	0.460819	0.460819	0.921578	0.460819	0.460819	0.460819	0.921578	0.921578	0.162932	0.364333	0.651703	1.45696	1.03035	0.877332
0.460774	0.460774	0	0.460774	0.460774	0	0.460774	0.921489	0.460774	0	0.460774	0.460774	0	0	0.460774	0.460774	0	0	0.460774	0.921489	0.460774	0.460774	0.460774	0.460774	0.460774	0	0.460774	0.460774	0.921489	0.921489	0.460774	0.460774	0	0.460774	0.460774	0.460774	0.460774	0	0.460774	0.460774	0	0.460774	0.460774	0	0.460774	0.460774	0	0	0	0.460774	0.460774	0	0	0.460774	0.460774	0	0	0	0.460774	0.460774	0.460774	0.460774	0	0	0.460774	0.460774	0	0.460774	0.460774	0.921489	0.921489	0.460774	0.460774	0.460774	0.921489	0.460774	0.460774	0.460774	0.921489	1.38209	0.921489	0.460774	0.921489	1.38209	0.460774	0.460774	0.460774	0.460774	0.460774	0	0.460774	0.921489	0.460774	0	0	0	0	0.460774	0.460774	0	0	0	0	0	0	0	0	0	0	0.460774	0.460774	0	0.460774	0.460774	0	0.460774	0.460774	0	0.460774	0.460774	0	0	0.460774	0.460774	0.460774	0.460774	0.460774	0.921489	0.460774	0.460774	0.460774	0.460774	0.921489	0.460774	0	0.460774	1.38209	0.921489	0.460774	0.460774	0.460774	0.921489	0.460774	0.921489	1.38209	0.921489	0.460774	0.921489	0.921489	0.460774	0.921489	0.460774	0.460774	0.460774	0.921489	0.921489	0.460774	0.460774	0.460774	0.921489	0.460774	0.460774	0.460774	0	0.460774	0.460774	0	0	0.460774	0.460774	0	0	0	0.460774	0.460774	0	0.460774	0.460774	0	0	0	0	0	0	0	0	0	0	0	0	0.460774	0.460774	0	0.460774	0.921489	0.921489	0.460774	0.460774	0.460774	0.460774	0.921489	0.460774	0.460774	1.38209	0.921489	0.460774	0.921489	0.460774	0.921489	1.8425	0.921489	0.460774	0.921489	0.460774	0.921489	0.921489	0.460774	1.38209	1.38209	0.460774	0.460774	1.38209	0.921489	0.460774	0.460774	0.921489	1.38209	0.921489	0.460774	0.921489	1.38209	0.460774	0.921489	0.921489	0.921489	1.38209	0.460774	0.921489	1.38209	1.38209	0.921489	0.460774	0.460774	0.460774	0.921489	0.460774	0.460774	0.460774	0.921489	0.921489	0	0	0.460774	1.38209	0.921489	0.921489
0.46073	0.46073	0	0.46073	0.46073	0	0.46073	0.9214	0.46073	0	0.46073	0.46073	0	0	0.46073	0.46073	0	0	0.46073	0.9214	0.46073	0.46073	0.46073	0.46073	0.46073	0	0.46073	0.46073	0.9214	0.9214	0.46073	0.46073	0	0.46073	0.46073	0.46073	0.46073	0	0.46073	0.46073	0	0.46073	0.46073	0	0.46073	0.46073	0	0	0	0.46073	0.46073	0	0	0.46073	0.46073	0	0	0	0.46073	0.46073	0.46073	0.46073	0	0	0.46073	0.46073	0	0.46073	0.46073	0.9214	0.9214	0.46073	0.46073	0.46073	0.9214	0.46073	0.46073	0.46073	0.9214	1.38195	0.9214	0.46073	0.9214	1.38195	0.46073	0.46073	0.46073	0.46073	0.46073	0	0.46073	0.9214	0.46073	0	0	0	0	0.46073	0.46073	0	0	0	0	0	0	0	0	0	0	0.46073	0.46073	0	0.46073	0.46073	0	0.46073	0.46073	0	0.46073	0.46073	0	0	0.46073	0.46073	0.46073	0.46073	0.46073	0.9214	0.46073	0.46073	0.46073	0.46073	0.9214	0.46073	0	0.46073	1.38195	0.9214	0.46073	0.46073	0.46073	0.9214	0.46073	0.9214	1.38195	0.9214	0.46073	0.9214	0.9214	0.46073	0.9214	0.46073	0.46073	0.46073	0.9214	0.9214	0.46073	0.46073	0.46073	0.9214	0.46073	0.46073	0.46073	0	0.46073	0.46073	0	0	0.46073	0.46073	0	0	0	0.46073	0.46073	0	0.46073	0.46073	0	0	0	0	0	0	0	0	0	0	0	0	0.46073	0.46073	0	0.46073	0.9214	0.9214	0.46073	0.46073	0.46073	0.46073	0.9214	0.46073	0.46073	1.38195	0.9214	0.46073	0.9214	0.46073	0.9214	1.84232	0.9214	0.46073	0.9214	0.46073	0.9214	0.9214	0.46073	1.38195	1.38195	0.46073	0.46073	1.38195	0.9214	0.46073	0.46073	0.9214	1.38195	0.9214	0.46073	0.9214	1.38195	0.46073	0.9214	0.9214	0.9214	1.38195	0.46073	0.9214	1.38195	1.38195	0.9214	0.46073	0.46073	0.46073	0.9214	0.46073	0.46073	0.46073	0.9214	0.9214	0	0	0.46073	1.38195	0.9214	0.9214
0.460686	0.460686	0	0.460686	0.460686	0	0.460686	0.921312	0.460686	0	0.460686	0.460686	0	0	0.460686	0.460686	0	0	0.460686	0.921312	0.460686	0.460686	0.460686	0.460686	0.460686	0	0.460686	0.460686	0.921312	0.921312	0.460686	0.460686	0	0.460686	0.460686	0.460686	0.460686	0	0.460686	0.460686	0	0.460686	0.460686	0	0.460686	0.460686	0	0	0	0.460686	0.460686	0	0	0.460686	0.460686	0	0	0	0.460686	0.460686	0.460686	0.460686	0	0	0.460686	0.460686	0	0.460686	0.460686	0.921312	0.921312	0.460686	0.460686	0.460686	0.921312	0.460686	0.460686	0.460686	0.921312	1.38182	0.921312	0.460686	0.921312	1.38182	0.460686	0.460686	0.460686	0.460686	0.460686	0	0.460686	0.921312	0.460686	0	0	0	0	0.460686	0.460686	0	0	0	0	0	0	0	0	0	0	0.460686	0.460686	0	0.460686	0.460686	0	0.460686	0.460686	0	0.460686	0.460686	0	0	0.460686	0.460686	0.460686	0.460686	0.460686	0.921312	0.460686	0.460686	0.460686	0.460686	0.921312	0.460686	0	0.460686	1.38182	0.921312	0.460686	0.460686	0.460686	0.921312	0.460686	0.921312	1.38182	0.921312	0.460686	0.921312	0.921312	0.460686	0.921312	0.460686	0.460686	0.460686	0.921312	0.921312	0.460686	0.460686	0.460686	0.921312	0.460686	0.460686	0.460686	0	0.460686	0.460686	0	0	0.460686	0.460686	0	0	0	0.460686	0.460686	0	0.460686	0.460686	0	0	0	0	0	0	0	0	0	0	0	0	0.460686	0.460686	0	0.460686	0.921312	0.921312	0.460686	0.460686	0.460686	0.460686	0.921312	0.460686	0.460686	1.38182	0.921312	0.460686	0.921312	0.460686	0.921312	1.84215	0.921312	0.460686	0.921312	0.460686	0.921312	0.921312	0.460686	1.38182	1.38182	0.460686	0.460686	1.38182	0.921312	0.460686	0.460686	0.921312	1.38182	0.921312	0.460686	0.921312	1.38182	0.460686	0.921312	0.921312	0.921312	1.38182	0.460686	0.921312	1.38182	1.38182	0.921312	0.460686	0.460686	0.460686	0.921312	0.460686	0.460686	0.460686	0.921312	0.921312	0	0	0.460686	1.38182	0.921312	0.921312
0.460641	0.460641	0	0.460641	0.460641	0	0.460641	0.921223	0.460641	0	0.460641	0.460641	0	0	0.460641	0.460641	0	0	0.460641	0.921223	0.460641	0.460641	0.460641	0.460641	0.460641	0	0.460641	0.460641	0.921223	0.921223	0.460641	0.460641	0	0.460641	0.460641	0.460641	0.460641	0	0.460641	0.460641	0	0.460641	0.460641	0	0.460641	0.460641	0	0	0	0.460641	0.460641	0	0	0.460641	0.460641	0	0	0	0.460641	0.460641	0.460641	0.460641	0	0	0.460641	0.460641	0	0.460641	0.460641	0.921223	0.921223	0.460641	0.460641	0.460641	0.921223	0.460641	0.460641	0.460641	0.921223	1.38169	0.921223	0.460641	0.921223	1.38169	0.460641	0.460641	0.460641	0.460641	0.460641	0	0.460641	0.921223	0.460641	0	0	0	0	0.460641	0.460641	0	0	0	0	0	0	0	0	0	0	0.460641	0.460641	0	0.460641	0.460641	0	0.460641	0.460641	0	0.460641	0.460641	0	0	0.460641	0.460641	0.460641	0.460641	0.460641	0.921223	0.460641	0.460641	0.460641	0.460641	0.921223	0.460641	0	0.460641	1.38169	0.921223	0.460641	0.460641	0.460641	0.921223	0.460641	0.921223	1.38169	0.921223	0.460641	0.921223	0.921223	0.460641	0.921223	0.460641	0.460641	0.460641	0.921223	0.921223	0.460641	0.460641	0.460641	0.921223	0.460641	0.460641	0.460641	0	0.460641	0.460641	0	0	0.460641	0.460641	0	0	0	0.460641	0.460641	0	0.460641	0.460641	0	0	0	0	0	0	0	0	0	0	0	0	0.460641	0.460641	0	0.460641	0.921223	0.921223	0.460641	0.460641	0.460641	0.460641	0.921223	0.460641	0.460641	1.38169	0.921223	0.460641	0.921223	0.460641	0.921223	1.84197	0.921223	0.460641	0.921223	0.460641	0.921223	0.921223	0.460641	1.38169	1.38169	0.460641	0.460641	1.38169	0.921223	0.460641	0.460641	0.921223	1.38169	0.921223	0.460641	0.921223	1.38169	0.460641	0.921223	0.921223	0.921223	1.38169	0.460641	0.921223	1.38169	1.38169	0.921223	0.460641	0.460641	0.460641	0.921223	0.460641	0.460641	0.460641	0.921223	0.921223	0	0	0.460641	1.38169	0.921223	0.921223
0.460597	0.460597	0	0.460597	0.460597	0.162855	0.671427	0.876911	0.36414	0.162855	0.671427	0.651394	0.460634	0.460634	0.651394	0.651394	0.460634	0.587185	0.830358	0.9905	0.651394	0.488555	0.36414	0.460597	0.587142	0.364163	0.651394	0.651394	0.876911	0.814192	0.460597	0.460597	0	0.460597	0.460597	0.460597	0.460597	0	0.460597	0.460597	0	0.460597	0.460597	0	0.36414	0.488555	0.364163	0.162855	0	0.460597	0.460597	0	0	0.36414	0.488555	0.460634	0.364163	0.162855	0.36414	0.488555	0.651394	0.651394	0.364163	0.162855	0.36414	0.514968	0.162855	0.36414	0.488555	1.02985	1.02985	0.651394	0.651394	0.651394	1.02985	0.651394	0.671427	0.587142	0.814192	1.4006	1.04263	0.460597	0.814192	1.31271	0.651394	0.651394	0.651394	0.651394	0.651394	0.460634	0.651394	0.9905	0.830358	0.587185	0.460634	0.460634	0.460634	0.671453	0.87696	0.921208	0.921208	0.814255	0.587185	0.460634	0.460634	0.460634	0.460634	0.460634	0.460634	0.651394	0.651394	0.460634	0.651394	0.651394	0.460634	0.651394	0.651394	0.460634	0.651394	0.651394	0.364163	0.162855	0.460597	0.460597	0.36414	0.488555	0.651394	1.02985	0.651394	0.651394	0.651394	0.651394	1.02985	0.72825	0.325708	0.651394	1.31271	0.814192	0.460597	0.460597	0.587142	1.24004	0.990526	1.13984	1.54457	1.31274	1.0299	1.13984	0.9905	0.814223	1.31274	1.0299	1.0299	1.0299	1.30262	1.30262	1.0299	1.0299	0.87696	0.9905	0.651394	0.651394	0.651394	0.460634	0.488555	0.514968	0.364163	0.460634	0.488555	0.36414	0.162855	0.364163	0.460634	0.651394	0.651394	0.460634	0.488555	0.36414	0	0	0	0	0	0	0	0	0.162855	0.364163	0.460634	0.460634	0.488555	0.514968	0.364163	0.651394	1.02985	0.876911	0.36414	0.587142	0.671427	0.651394	1.02985	0.651394	0.651394	1.31271	0.814192	0.460597	0.921134	0.460597	0.921134	1.73058	0.876911	0.651394	1.0923	0.587142	0.814192	0.876911	0.651394	1.45626	1.45626	0.651394	0.671427	1.4006	0.876911	0.671427	0.587142	0.814192	1.31271	1.0923	0.587142	0.921134	1.38155	0.460597	0.921134	0.921134	0.814192	1.4006	0.587142	0.921134	1.38155	1.38155	0.921134	0.460597	0.460597	0.587142	0.949482	0.36414	0.460597	0.460597	0.814192	0.876911	0.364163	0.162855	0.460597	1.38155	0.921134	0.814192
0.46056	0.46056	0	0.46056	0.46056	0.36411	0.876839	0.67137	0.162841	0.36411	0.876839	0.651337	0.460589	0.460589	0.651337	0.651337	0.460589	0.671391	0.830283	0.814151	0.651337	0.364128	0.162841	0.46056	0.814126	0.488512	0.651337	0.651337	0.67137	0.587094	0.46056	0.46056	0	0.46056	0.46056	0.46056	0.46056	0	0.46056	0.46056	0	0.46056	0.46056	0	0.162841	0.364128	0.488512	0.36411	0	0.46056	0.46056	0	0	0.162841	0.364128	0.460589	0.488512	0.36411	0.162841	0.364128	0.651337	0.651337	0.488512	0.36411	0.162841	0.514925	0.36411	0.162841	0.364128	1.02977	1.02977	0.651337	0.651337	0.651337	1.02977	0.651337	0.876839	0.814126	0.587094	1.40049	1.27158	0.46056	0.587094	1.09221	0.651337	0.651337	0.651337	0.651337	0.651337	0.460589	0.651337	0.814151	0.830283	0.671391	0.460589	0.460589	0.460589	0.587129	0.814176	0.921119	0.921119	0.876878	0.671391	0.460589	0.460589	0.460589	0.460589	0.460589	0.460589	0.651337	0.651337	0.460589	0.651337	0.651337	0.460589	0.651337	0.651337	0.460589	0.651337	0.651337	0.488512	0.36411	0.46056	0.46056	0.162841	0.364128	0.651337	1.02977	0.651337	0.651337	0.651337	0.651337	1.02977	1.17407	0.72819	0.651337	1.09221	0.587094	0.46056	0.46056	0.814126	1.67603	1.13974	0.990436	1.54444	1.50096	1.02981	0.990436	0.814151	0.990415	1.50096	1.02981	1.02981	1.02981	1.30251	1.30251	1.02981	1.02981	0.814176	0.814151	0.651337	0.651337	0.651337	0.460589	0.364128	0.514925	0.488512	0.460589	0.364128	0.162841	0.36411	0.488512	0.460589	0.651337	0.651337	0.460589	0.364128	0.162841	0	0	0	0	0	0	0	0	0.36411	0.488512	0.460589	0.460589	0.364128	0.514925	0.488512	0.651337	1.02977	0.67137	0.162841	0.814126	0.876839	0.651337	1.02977	0.651337	0.651337	1.09221	0.587094	0.46056	0.92106	0.46056	0.92106	1.50093	0.67137	0.651337	1.3126	0.814126	0.587094	0.67137	0.651337	1.45614	1.45614	0.651337	0.876839	1.40049	0.67137	0.876839	0.814126	0.587094	1.09221	1.3126	0.814126	0.92106	1.38144	0.46056	0.92106	0.92106	0.587094	1.40049	0.814126	0.92106	1.38144	1.38144	0.92106	0.46056	0.46056	0.814126	0.949405	0.162841	0.46056	0.46056	0.587094	0.67137	0.488512	0.36411	0.46056	1.38144	0.92106	0.587094
0.460515	0.460515	0	0.460515	0.460515	0.460515	0.920971	0.460515	0	0.460515	0.920971	0.460515	0	0	0.460515	0.460515	0	0.460515	0.460515	0.460515	0.460515	0	0	0.460515	0.920971	0.460515	0.460515	0.460515	0.460515	0.460515	0.460515	0.460515	0	0.460515	0.460515	0.460515	0.460515	0	0.460515	0.460515	0	0.460515	0.460515	0	0	0	0.460515	0.460515	0	0.460515	0.460515	0	0	0	0	0	0.460515	0.460515	0	0	0.460515	0.460515	0.460515	0.460515	0	0.460515	0.460515	0	0	0.920971	0.920971	0.460515	0.460515	0.460515	0.920971	0.460515	0.920971	0.920971	0.460515	1.38131	1.38131	0.460515	0.460515	0.920971	0.460515	0.460515	0.460515	0.460515	0.460515	0	0.460515	0.460515	0.460515	0.460515	0	0	0	0	0	0	0	0.460515	0.460515	0	0	0	0	0	0	0.460515	0.460515	0	0.460515	0.460515	0	0.460515	0.460515	0	0.460515	0.460515	0.460515	0.460515	0.460515	0.460515	0	0	0.460515	0.920971	0.460515	0.460515	0.460515	0.460515	0.920971	1.38131	0.920971	0.460515	0.920971	0.460515	0.460515	0.460515	0.920971	1.84147	0.920971	0.460515	1.38131	1.38131	0.460515	0.460515	0.460515	0.920971	1.38131	0.460515	0.460515	0.460515	0.920971	0.920971	0.460515	0.460515	0	0.460515	0.460515	0.460515	0.460515	0	0	0.460515	0.460515	0	0	0	0.460515	0.460515	0	0.460515	0.460515	0	0	0	0	0	0	0	0	0	0	0	0.460515	0.460515	0	0	0	0.460515	0.460515	0.460515	0.920971	0.460515	0	0.920971	0.920971	0.460515	0.920971	0.460515	0.460515	0.920971	0.460515	0.460515	0.920971	0.460515	0.920971	1.38131	0.460515	0.460515	1.38131	0.920971	0.460515	0.460515	0.460515	1.38131	1.38131	0.460515	0.920971	1.38131	0.460515	0.920971	0.920971	0.460515	0.920971	1.38131	0.920971	0.920971	1.38131	0.460515	0.920971	0.920971	0.460515	1.38131	0.920971	0.920971	1.38131	1.38131	0.920971	0.460515	0.460515	0.920971	0.920971	0	0.460515	0.460515	0.460515	0.460515	0.460515	0.460515	0.460515	1.38131	0.920971	0.460515
0.460471	0.460471	0	0.460471	0.460471	0.460471	0.920882	0.460471	0	0.460471	0.920882	0.460471	0	0	0.460471	0.460471	0	0.460471	0.460471	0.460471	0.460471	0	0	0.460471	0.920882	0.460471	0.460471	0.460471	0.460471	0.460471	0.460471	0.460471	0	0.460471	0.460471	0.460471	0.460471	0	0.460471	0.460471	0	0.460471	0.460471	0	0	0	0.460471	0.460471	0	0.460471	0.460471	0	0	0	0	0	0.460471	0.460471	0	0	0.460471	0.460471	0.460471	0.460471	0	0.460471	0.460471	0	0	0.920882	0.920882	0.460471	0.460471	0.460471	0.920882	0.460471	0.920882	0.920882	0.460471	1.38117	1.38117	0.460471	0.460471	0.920882	0.460471	0.460471	0.460471	0.460471	0.460471	0	0.460471	0.460471	0.460471	0.460471	0	0	0	0	0	0	0	0.460471	0.460471	0	0	0	0	0	0	0.460471	0.460471	0	0.460471	0.460471	0	0.460471	0.460471	0	0.460471	0.460471	0.460471	0.460471	0.460471	0.460471	0	0	0.460471	0.920882	0.460471	0.460471	0.460471	0.460471	0.920882	1.38117	0.920882	0.460471	0.920882	0.460471	0.460471	0.460471	0.920882	1.84129	0.920882	0.460471	1.38117	1.38117	0.460471	0.460471	0.460471	0.920882	1.38117	0.460471	0.460471	0.460471	0.920882	0.920882	0.460471	0.460471	0	0.460471	0.460471	0.460471	0.460471	0	0	0.460471	0.460471	0	0	0	0.460471	0.460471	0	0.460471	0.460471	0	0	0	0	0	0	0	0	0	0	0	0.460471	0.460471	0	0	0	0.460471	0.460471	0.460471	0.920882	0.460471	0	0.920882	0.920882	0.460471	0.920882	0.460471	0.460471	0.920882	0.460471	0.460471	0.920882	0.460471	0.920882	1.38117	0.460471	0.460471	1.38117	0.920882	0.460471	0.460471	0.460471	1.38117	1.38117	0.460471	0.920882	1.38117	0.460471	0.920882	0.920882	0.460471	0.920882	1.38117	0.920882	0.920882	1.38117	0.460471	0.920882	0.920882	0.460471	1.38117	0.920882	0.920882	1.38117	1.38117	0.920882	0.460471	0.460471	0.920882	0.920882	0	0.460471	0.460471	0.460471	0.460471	0.460471	0.460471	0.460471	1.38117	0.920882	0.460471
0.460426	0.460426	0	0.460426	0.460426	0.460426	0.920793	0.460426	0	0.460426	0.920793	0.460426	0	0	0.460426	0.460426	0	0.460426	0.460426	0.460426	0.460426	0	0	0.460426	0.920793	0.460426	0.460426	0.460426	0.460426	0.460426	0.460426	0.460426	0	0.460426	0.460426	0.460426	0.460426	0	0.460426	0.460426	0	0.460426	0.460426	0	0	0	0.460426	0.460426	0	0.460426	0.460426	0	0	0	0	0	0.460426	0.460426	0	0	0.460426	0.460426	0.460426	0.460426	0	0.460426	0.460426	0	0	0.920793	0.920793	0.460426	0.460426	0.460426	0.920793	0.460426	0.920793	0.920793	0.460426	1.38104	1.38104	0.460426	0.460426	0.920793	0.460426	0.460426	0.460426	0.460426	0.460426	0	0.460426	0.460426	0.460426	0.460426	0	0	0	0	0	0	0	0.460426	0.460426	0	0	0	0	0	0	0.460426	0.460426	0	0.460426	0.460426	0	0.460426	0.460426	0	0.460426	0.460426	0.460426	0.460426	0.460426	0.460426	0	0	0.460426	0.920793	0.460426	0.460426	0.460426	0.460426	0.920793	1.38104	0.920793	0.460426	0.920793	0.460426	0.460426	0.460426	0.920793	1.84111	0.920793	0.460426	1.38104	1.38104	0.460426	0.460426	0.460426	0.920793	1.38104	0.460426	0.460426	0.460426	0.920793	0.920793	0.460426	0.460426	0	0.460426	0.460426	0.460426	0.460426	0	0	0.460426	0.460426	0	0	0	0.460426	0.460426	0	0.460426	0.460426	0	0	0	0	0	0	0	0	0	0	0	0.460426	0.460426	0	0	0	0.460426	0.460426	0.460426	0.920793	0.460426	0	0.920793	0.920793	0.460426	0.920793	0.460426	0.460426	0.920793	0.460426	0.460426	0.920793	0.460426	0.920793	1.38104	0.460426	0.460426	1.38104	0.920793	0.460426	0.460426	0.460426	1.38104	1.38104	0.460426	0.920793	1.38104	0.460426	0.920793	0.920793	0.460426	0.920793	1.38104	0.920793	0.920793	1.38104	0.460426	0.920793	0.920793	0.460426	1.38104	0.920793	0.920793	1.38104	1.38104	0.920793	0.460426	0.460426	0.920793	0.920793	0	0.460426	0.460426	0.460426	0.460426	0.460426	0.460426	0.460426	1.38104	0.920793	0.460426
0.363969	0.514727	0.162778	0.460382	0.460382	0.460382	0.920705	0.460382	0	0.460382	0.813812	0.488323	0.363988	0.162778	0.460382	0.460382	0	0.460382	0.586868	0.671112	0.651085	0.460412	0.460412	0.651085	1.02937	0.651085	0.488323	0.363969	0.460382	0.460382	0.460382	0.460382	0.162778	0.514727	0.363969	0.460382	0.460382	0	0.460382	0.460382	0	0.460382	0.460382	0	0	0	0.363969	0.514727	0.162778	0.363969	0.488323	0.460412	0.460412	0.363988	0.162778	0	0.460382	0.460382	0	0	0.460382	0.460382	0.363969	0.488323	0.363988	0.514727	0.488323	0.363988	0.162778	0.920705	0.920705	0.460382	0.460382	0.460382	0.920705	0.460382	0.920705	0.920705	0.460382	1.27109	1.3121	0.651085	0.651085	1.02937	0.651085	0.651085	0.651085	0.651085	0.671112	0.162778	0.363969	0.514727	0.514727	0.488323	0.363988	0.162778	0	0	0	0	0	0.363969	0.488323	0.460412	0.363988	0.162778	0	0	0	0.460382	0.460382	0	0.363969	0.514727	0.162778	0.363969	0.488323	0.363988	0.514727	0.488323	0.651085	0.651085	0.651085	0.651085	0.363988	0.162778	0.363969	0.876501	0.651085	0.651085	0.651085	0.651085	1.02937	1.45558	1.02937	0.651085	1.09179	0.586868	0.586868	0.671112	0.876501	1.72978	0.920705	0.586868	1.39995	1.39995	0.671112	0.651085	0.651085	1.02937	1.45558	0.651085	0.813837	0.990054	1.302	1.302	0.876539	0.671132	0.586903	0.829962	0.671132	0.651085	0.651085	0.460412	0.460412	0.488323	0.363969	0.162778	0.363988	0.460412	0.488323	0.363969	0	0.460382	0.460382	0	0	0	0	0	0	0	0	0	0.162778	0.363988	0.488323	0.363969	0.162778	0.363988	0.460412	0.488323	0.363969	0.460382	0.920705	0.586868	0.363988	0.876501	0.813812	0.460382	0.920705	0.460382	0.460382	0.920705	0.460382	0.460382	0.920705	0.460382	0.920705	1.38091	0.460382	0.460382	1.27109	0.876501	0.651085	0.651085	0.671112	1.39995	1.3121	0.651085	0.990033	1.54385	0.813837	1.02937	1.02937	0.651085	1.09179	1.39995	0.876501	1.02937	1.53524	0.586868	0.920705	0.920705	0.460382	1.38091	0.920705	0.920705	1.38091	1.38091	0.920705	0.460382	0.460382	0.813812	0.949039	0.162778	0.460382	0.460382	0.586868	0.671112	0.651085	0.651085	0.651085	1.45558	1.02937	0.813837
0.162762	0.514677	0.363934	0.460338	0.460338	0.460338	0.920616	0.460338	0	0.460338	0.586811	0.363953	0.488276	0.363934	0.460338	0.460338	0	0.460338	0.813734	0.876416	0.651023	0.460367	0.460367	0.651023	1.02927	0.651023	0.363953	0.162762	0.460338	0.460338	0.460338	0.460338	0.363934	0.514677	0.162762	0.460338	0.460338	0	0.460338	0.460338	0	0.460338	0.460338	0	0	0	0.162762	0.514677	0.363934	0.162762	0.363953	0.460367	0.460367	0.488276	0.363934	0	0.460338	0.460338	0	0	0.460338	0.460338	0.162762	0.363953	0.488276	0.514677	0.363953	0.488276	0.363934	0.920616	0.920616	0.460338	0.460338	0.460338	0.920616	0.460338	0.920616	0.920616	0.460338	1.04204	1.09169	0.651023	0.651023	1.02927	0.651023	0.651023	0.651023	0.651023	0.876416	0.363934	0.162762	0.514677	0.514677	0.363953	0.488276	0.363934	0	0	0	0	0	0.162762	0.363953	0.460367	0.488276	0.363934	0	0	0	0.460338	0.460338	0	0.162762	0.514677	0.363934	0.162762	0.363953	0.488276	0.514677	0.363953	0.651023	0.651023	0.651023	0.651023	0.488276	0.363934	0.162762	0.671047	0.651023	0.651023	0.651023	0.651023	1.02927	1.45544	1.02927	0.651023	1.31197	0.813734	0.813734	0.876416	0.671047	1.50021	0.920616	0.813734	1.39982	1.39982	0.876416	0.651023	0.651023	1.02927	1.45544	0.651023	0.989938	1.13919	1.30188	1.30188	0.813784	0.586846	0.671067	0.829882	0.586846	0.651023	0.651023	0.460367	0.460367	0.363953	0.162762	0.363934	0.488276	0.460367	0.363953	0.162762	0	0.460338	0.460338	0	0	0	0	0	0	0	0	0	0.363934	0.488276	0.363953	0.162762	0.363934	0.488276	0.460367	0.363953	0.162762	0.460338	0.920616	0.813734	0.488276	0.671047	0.586811	0.460338	0.920616	0.460338	0.460338	0.920616	0.460338	0.460338	0.920616	0.460338	0.920616	1.38078	0.460338	0.460338	1.04204	0.671047	0.651023	0.651023	0.876416	1.39982	1.09169	0.651023	0.813759	1.5437	0.989938	1.02927	1.02927	0.651023	1.31197	1.39982	0.671047	1.02927	1.75994	0.813734	0.920616	0.920616	0.460338	1.38078	0.920616	0.920616	1.38078	1.38078	0.920616	0.460338	0.460338	0.586811	0.948948	0.363934	0.460338	0.460338	0.813734	0.876416	0.651023	0.651023	0.651023	1.45544	1.02927	0.989938
0	0.460293	0.460293	0.460293	0.460293	0.460293	0.920527	0.460293	0	0.460293	0.460293	0	0.460293	0.460293	0.460293	0.460293	0	0.460293	0.920527	0.920527	0.460293	0	0	0.460293	0.920527	0.460293	0	0	0.460293	0.460293	0.460293	0.460293	0.460293	0.460293	0	0.460293	0.460293	0	0.460293	0.460293	0	0.460293	0.460293	0	0	0	0	0.460293	0.460293	0	0	0	0	0.460293	0.460293	0	0.460293	0.460293	0	0	0.460293	0.460293	0	0	0.460293	0.460293	0	0.460293	0.460293	0.920527	0.920527	0.460293	0.460293	0.460293	0.920527	0.460293	0.920527	0.920527	0.460293	0.920527	0.920527	0.460293	0.460293	0.920527	0.460293	0.460293	0.460293	0.460293	0.920527	0.460293	0	0.460293	0.460293	0	0.460293	0.460293	0	0	0	0	0	0	0	0	0.460293	0.460293	0	0	0	0.460293	0.460293	0	0	0.460293	0.460293	0	0	0.460293	0.460293	0	0.460293	0.460293	0.460293	0.460293	0.460293	0.460293	0	0.460293	0.460293	0.460293	0.460293	0.460293	0.920527	1.38064	0.920527	0.460293	1.38064	0.920527	0.920527	0.920527	0.460293	1.38064	0.920527	0.920527	1.38064	1.38064	0.920527	0.460293	0.460293	0.920527	1.38064	0.460293	0.920527	0.920527	0.920527	0.920527	0	0	0.460293	0.460293	0	0.460293	0.460293	0	0	0	0	0.460293	0.460293	0	0	0	0	0.460293	0.460293	0	0	0	0	0	0	0	0	0	0.460293	0.460293	0	0	0.460293	0.460293	0	0	0	0.460293	0.920527	0.920527	0.460293	0.460293	0.460293	0.460293	0.920527	0.460293	0.460293	0.920527	0.460293	0.460293	0.920527	0.460293	0.920527	1.38064	0.460293	0.460293	0.920527	0.460293	0.460293	0.460293	0.920527	1.38064	0.920527	0.460293	0.460293	1.38064	0.920527	0.920527	0.920527	0.460293	1.38064	1.38064	0.460293	0.920527	1.84058	0.920527	0.920527	0.920527	0.460293	1.38064	0.920527	0.920527	1.38064	1.38064	0.920527	0.460293	0.460293	0.460293	0.920527	0.460293	0.460293	0.460293	0.920527	0.920527	0.460293	0.460293	0.460293	1.38064	0.920527	0.920527
0	0.460249	0.460249	0.460249	0.460249	0.460249	0.920438	0.460249	0	0.460249	0.460249	0	0.460249	0.460249	0.460249	0.460249	0	0.460249	0.920438	0.920438	0.460249	0	0	0.460249	0.920438	0.460249	0	0	0.460249	0.460249	0.460249	0.460249	0.460249	0.460249	0	0.460249	0.460249	0	0.460249	0.460249	0	0.460249	0.460249	0	0	0	0	0.460249	0.460249	0	0	0	0	0.460249	0.460249	0	0.460249	0.460249	0	0	0.460249	0.460249	0	0	0.460249	0.460249	0	0.460249	0.460249	0.920438	0.920438	0.460249	0.460249	0.460249	0.920438	0.460249	0.920438	0.920438	0.460249	0.920438	0.920438	0.460249	0.460249	0.920438	0.460249	0.460249	0.460249	0.460249	0.920438	0.460249	0	0.460249	0.460249	0	0.460249	0.460249	0	0	0	0	0	0	0	0	0.460249	0.460249	0	0	0	0.460249	0.460249	0	0	0.460249	0.460249	0	0	0.460249	0.460249	0	0.460249	0.460249	0.460249	0.460249	0.460249	0.460249	0	0.460249	0.460249	0.460249	0.460249	0.460249	0.920438	1.38051	0.920438	0.460249	1.38051	0.920438	0.920438	0.920438	0.460249	1.38051	0.920438	0.920438	1.38051	1.38051	0.920438	0.460249	0.460249	0.920438	1.38051	0.460249	0.920438	0.920438	0.920438	0.920438	0	0	0.460249	0.460249	0	0.460249	0.460249	0	0	0	0	0.460249	0.460249	0	0	0	0	0.460249	0.460249	0	0	0	0	0	0	0	0	0	0.460249	0.460249	0	0	0.460249	0.460249	0	0	0	0.460249	0.920438	0.920438	0.460249	0.460249	0.460249	0.460249	0.920438	0.460249	0.460249	0.920438	0.460249	0.460249	0.920438	0.460249	0.920438	1.38051	0.460249	0.460249	0.920438	0.460249	0.460249	0.460249	0.920438	1.38051	0.920438	0.460249	0.460249	1.38051	0.920438	0.920438	0.920438	0.460249	1.38051	1.38051	0.460249	0.920438	1.8404	0.920438	0.920438	0.920438	0.460249	1.38051	0.920438	0.920438	1.38051	1.38051	0.920438	0.460249	0.460249	0.460249	0.920438	0.460249	0.460249	0.460249	0.920438	0.920438	0.460249	0.460249	0.460249	1.38051	0.920438	0.920438
0	0.460205	0.460205	0.460205	0.460205	0.460205	0.92035	0.460205	0	0.460205	0.460205	0	0.460205	0.460205	0.460205	0.460205	0	0.460205	0.92035	0.92035	0.460205	0	0	0.460205	0.92035	0.460205	0	0	0.460205	0.460205	0.460205	0.460205	0.460205	0.460205	0	0.460205	0.460205	0	0.460205	0.460205	0	0.460205	0.460205	0	0	0	0	0.460205	0.460205	0	0	0	0	0.460205	0.460205	0	0.460205	0.460205	0	0	0.460205	0.460205	0	0	0.460205	0.460205	0	0.460205	0.460205	0.92035	0.92035	0.460205	0.460205	0.460205	0.92035	0.460205	0.92035	0.92035	0.460205	0.92035	0.92035	0.460205	0.460205	0.92035	0.460205	0.460205	0.460205	0.460205	0.92035	0.460205	0	0.460205	0.460205	0	0.460205	0.460205	0	0	0	0	0	0	0	0	0.460205	0.460205	0	0	0	0.460205	0.460205	0	0	0.460205	0.460205	0	0	0.460205	0.460205	0	0.460205	0.460205	0.460205	0.460205	0.460205	0.460205	0	0.460205	0.460205	0.460205	0.460205	0.460205	0.92035	1.38038	0.92035	0.460205	1.38038	0.92035	0.92035	0.92035	0.460205	1.38038	0.92035	0.92035	1.38038	1.38038	0.92035	0.460205	0.460205	0.92035	1.38038	0.460205	0.92035	0.92035	0.92035	0.92035	0	0	0.460205	0.460205	0	0.460205	0.460205	0	0	0	0	0.460205	0.460205	0	0	0	0	0.460205	0.460205	0	0	0	0	0	0	0	0	0	0.460205	0.460205	0	0	0.460205	0.460205	0	0	0	0.460205	0.92035	0.92035	0.460205	0.460205	0.460205	0.460205	0.92035	0.460205	0.460205	0.92035	0.460205	0.460205	0.92035	0.460205	0.92035	1.38038	0.460205	0.460205	0.92035	0.460205	0.460205	0.460205	0.92035	1.38038	0.92035	0.460205	0.460205	1.38038	0.92035	0.92035	0.92035	0.460205	1.38038	1.38038	0.460205	0.92035	1.84022	0.92035	0.92035	0.92035	0.460205	1.38038	0.92035	0.92035	1.38038	1.38038	0.92035	0.460205	0.460205	0.460205	0.92035	0.460205	0.460205	0.460205	0.92035	0.92035	0.460205	0.460205	0.460205	1.38038	0.92035	0.92035
0.81347	0.813445	0.650772	0.650772	0.650772	0.650772	0.989556	0.829562	0.58662	0.650772	0.670788	0.162699	0.46016	0.46016	0.46016	0.46016	0	0.46016	0.920261	0.920261	0.46016	0.162699	0.363813	0.650772	0.876078	0.363794	0.162699	0.363813	0.650772	0.650772	0.650772	0.650772	0.488088	0.514479	0.363813	0.488088	0.363794	0	0.46016	0.46016	0	0.363794	0.488088	0.46019	0.363813	0.162699	0	0.363794	0.488088	0.46019	0.46019	0.363813	0.162699	0.363794	0.488088	0.46019	0.650772	0.650772	0.46019	0.363813	0.514479	0.488088	0.46019	0.46019	0.650772	0.670788	0.162699	0.46016	0.46016	0.920261	0.920261	0.46016	0.46016	0.46016	0.920261	0.46016	0.920261	0.920261	0.46016	0.920261	0.920261	0.46016	0.46016	1.04164	0.670788	0.488088	0.363794	0.46016	0.81342	0.488088	0.363813	0.586585	0.46016	0	0.363794	0.488088	0.46019	0.363813	0.162699	0	0	0	0	0	0.46016	0.46016	0	0	0	0.46016	0.46016	0	0	0.363794	0.488088	0.46019	0.46019	0.650772	0.670788	0.162699	0.363794	0.488088	0.650772	0.650772	0.650772	0.650772	0.363813	0.586585	0.46016	0.46016	0.46016	0.46016	0.920261	1.38024	0.920261	0.46016	1.38024	0.920261	0.920261	0.920261	0.586585	1.5345	1.02887	0.876078	1.39928	1.5345	1.02887	0.813445	0.989577	1.13875	1.5431	0.989577	1.13875	0.989556	0.876078	0.81342	0.162699	0.363813	0.650772	0.650772	0.46019	0.488088	0.363794	0	0	0.162699	0.363813	0.488088	0.363794	0	0	0	0	0.46016	0.46016	0	0	0	0	0	0	0	0	0	0.46016	0.46016	0	0	0.46016	0.46016	0	0.162699	0.363813	0.650772	0.876078	0.81342	0.46016	0.46016	0.46016	0.46016	0.920261	0.46016	0.46016	0.920261	0.46016	0.46016	0.920261	0.46016	0.81342	1.31146	0.650772	0.650772	1.02887	0.650772	0.670788	0.586585	0.81342	1.31146	1.02887	0.650772	0.670788	1.39928	0.876078	1.02887	1.02887	0.670788	1.39928	1.39928	0.586585	0.920261	1.84005	0.920261	0.920261	0.920261	0.46016	1.38024	0.920261	0.920261	1.49963	1.39928	0.81342	0.586585	0.670788	0.650772	1.18428	0.989577	1.02891	1.02891	1.30138	1.30138	1.02891	1.02891	1.02891	1.49966	0.989556	1.34139
0.876045	0.989466	0.650714	0.650714	0.650714	0.650714	0.813373	0.829492	0.670752	0.650714	0.875996	0.363759	0.460116	0.460116	0.460116	0.460116	0	0.460116	0.920172	0.920172	0.460116	0.363759	0.488045	0.650714	0.670726	0.162685	0.363759	0.488045	0.650714	0.650714	0.650714	0.650714	0.363783	0.514431	0.488045	0.363783	0.162685	0	0.460116	0.460116	0	0.162685	0.363783	0.460153	0.488045	0.363759	0	0.162685	0.363783	0.460153	0.460153	0.488045	0.363759	0.162685	0.363783	0.460153	0.650714	0.650714	0.460153	0.488045	0.514431	0.363783	0.460153	0.460153	0.650714	0.875996	0.363759	0.460116	0.460116	0.920172	0.920172	0.460116	0.460116	0.460116	0.920172	0.460116	0.920172	0.920172	0.460116	0.920172	0.920172	0.460116	0.460116	1.27036	0.875996	0.363783	0.162685	0.460116	0.586529	0.363783	0.488045	0.813342	0.460116	0	0.162685	0.363783	0.460153	0.488045	0.363759	0	0	0	0	0	0.460116	0.460116	0	0	0	0.460116	0.460116	0	0	0.162685	0.363783	0.460153	0.460153	0.650714	0.875996	0.363759	0.162685	0.363783	0.650714	0.650714	0.650714	0.650714	0.488045	0.813342	0.460116	0.460116	0.460116	0.460116	0.920172	1.38011	0.920172	0.460116	1.38011	0.920172	0.920172	0.920172	0.813342	1.7591	1.02878	0.670726	1.39914	1.7591	1.02878	0.989466	1.13865	0.989492	1.54296	1.13865	0.989492	0.813373	0.670726	0.586529	0.363759	0.488045	0.650714	0.650714	0.460153	0.363783	0.162685	0	0	0.363759	0.488045	0.363783	0.162685	0	0	0	0	0.460116	0.460116	0	0	0	0	0	0	0	0	0	0.460116	0.460116	0	0	0.460116	0.460116	0	0.363759	0.488045	0.650714	0.670726	0.586529	0.460116	0.460116	0.460116	0.460116	0.920172	0.460116	0.460116	0.920172	0.460116	0.460116	0.920172	0.460116	0.586529	1.09116	0.650714	0.650714	1.02878	0.650714	0.875996	0.813342	0.586529	1.09116	1.02878	0.650714	0.875996	1.39914	0.670726	1.02878	1.02878	0.875996	1.39914	1.39914	0.813342	0.920172	1.83987	0.920172	0.920172	0.920172	0.460116	1.38011	0.920172	0.920172	1.72878	1.39914	0.586529	0.813342	0.875996	0.650714	1.38968	1.13865	1.02883	1.02883	1.30126	1.30126	1.02883	1.02883	1.02883	1.31137	0.813373	1.75158
0.460072	0.920084	0.460072	0.460072	0.460072	0.460072	0.460072	0.460072	0.460072	0.460072	0.920084	0.460072	0.460072	0.460072	0.460072	0.460072	0	0.460072	0.920084	0.920084	0.460072	0.460072	0.460072	0.460072	0.460072	0	0.460072	0.460072	0.460072	0.460072	0.460072	0.460072	0	0.460072	0.460072	0	0	0	0.460072	0.460072	0	0	0	0	0.460072	0.460072	0	0	0	0	0	0.460072	0.460072	0	0	0	0.460072	0.460072	0	0.460072	0.460072	0	0	0	0.460072	0.920084	0.460072	0.460072	0.460072	0.920084	0.920084	0.460072	0.460072	0.460072	0.920084	0.460072	0.920084	0.920084	0.460072	0.920084	0.920084	0.460072	0.460072	1.37998	0.920084	0	0	0.460072	0.460072	0	0.460072	0.920084	0.460072	0	0	0	0	0.460072	0.460072	0	0	0	0	0	0.460072	0.460072	0	0	0	0.460072	0.460072	0	0	0	0	0	0	0.460072	0.920084	0.460072	0	0	0.460072	0.460072	0.460072	0.460072	0.460072	0.920084	0.460072	0.460072	0.460072	0.460072	0.920084	1.37998	0.920084	0.460072	1.37998	0.920084	0.920084	0.920084	0.920084	1.83969	0.920084	0.460072	1.37998	1.83969	0.920084	0.920084	0.920084	0.460072	1.37998	0.920084	0.460072	0.460072	0.460072	0.460072	0.460072	0.460072	0.460072	0.460072	0	0	0	0	0	0.460072	0.460072	0	0	0	0	0	0	0.460072	0.460072	0	0	0	0	0	0	0	0	0	0.460072	0.460072	0	0	0.460072	0.460072	0	0.460072	0.460072	0.460072	0.460072	0.460072	0.460072	0.460072	0.460072	0.460072	0.920084	0.460072	0.460072	0.920084	0.460072	0.460072	0.920084	0.460072	0.460072	0.920084	0.460072	0.460072	0.920084	0.460072	0.920084	0.920084	0.460072	0.920084	0.920084	0.460072	0.920084	1.37998	0.460072	0.920084	0.920084	0.920084	1.37998	1.37998	0.920084	0.920084	1.83969	0.920084	0.920084	0.920084	0.460072	1.37998	0.920084	0.920084	1.83969	1.37998	0.460072	0.920084	0.920084	0.460072	1.37998	0.920084	0.460072	0.460072	0.920084	0.920084	0.460072	0.460072	0.460072	0.920084	0.460072	1.83969
0.460027	0.919995	0.460027	0.460027	0.460027	0.460027	0.460027	0.460027	0.460027	0.460027	0.919995	0.460027	0.460027	0.460027	0.460027	0.460027	0	0.460027	0.919995	0.919995	0.460027	0.460027	0.460027	0.460027	0.460027	0	0.460027	0.460027	0.460027	0.460027	0.460027	0.460027	0	0.460027	0.460027	0	0	0	0.460027	0.460027	0	0	0	0	0.460027	0.460027	0	0	0	0	0	0.460027	0.460027	0	0	0	0.460027	0.460027	0	0.460027	0.460027	0	0	0	0.460027	0.919995	0.460027	0.460027	0.460027	0.919995	0.919995	0.460027	0.460027	0.460027	0.919995	0.460027	0.919995	0.919995	0.460027	0.919995	0.919995	0.460027	0.460027	1.37984	0.919995	0	0	0.460027	0.460027	0	0.460027	0.919995	0.460027	0	0	0	0	0.460027	0.460027	0	0	0	0	0	0.460027	0.460027	0	0	0	0.460027	0.460027	0	0	0	0	0	0	0.460027	0.919995	0.460027	0	0	0.460027	0.460027	0.460027	0.460027	0.460027	0.919995	0.460027	0.460027	0.460027	0.460027	0.919995	1.37984	0.919995	0.460027	1.37984	0.919995	0.919995	0.919995	0.919995	1.83952	0.919995	0.460027	1.37984	1.83952	0.919995	0.919995	0.919995	0.460027	1.37984	0.919995	0.460027	0.460027	0.460027	0.460027	0.460027	0.460027	0.460027	0.460027	0	0	0	0	0	0.460027	0.460027	0	0	0	0	0	0	0.460027	0.460027	0	0	0	0	0	0	0	0	0	0.460027	0.460027	0	0	0.460027	0.460027	0	0.460027	0.460027	0.460027	0.460027	0.460027	0.460027	0.460027	0.460027	0.460027	0.919995	0.460027	0.460027	0.919995	0.460027	0.460027	0.919995	0.460027	0.460027	0.919995	0.460027	0.460027	0.919995	0.460027	0.919995	0.919995	0.460027	0.919995	0.919995	0.460027	0.919995	1.37984	0.460027	0.919995	0.919995	0.919995	1.37984	1.37984	0.919995	0.919995	1.83952	0.919995	0.919995	0.919995	0.460027	1.37984	0.919995	0.919995	1.83952	1.37984	0.460027	0.919995	0.919995	0.460027	1.37984	0.919995	0.460027	0.460027	0.919995	0.919995	0.460027	0.460027	0.460027	0.919995	0.460027	1.83952
0.459983	0.919906	0.459983	0.459983	0.459983	0.459983	0.459983	0.459983	0.459983	0.459983	0.919906	0.459983	0.459983	0.459983	0.459983	0.459983	0	0.459983	0.919906	0.919906	0.459983	0.459983	0.459983	0.459983	0.459983	0	0.459983	0.459983	0.459983	0.459983	0.459983	0.459983	0	0.459983	0.459983	0	0	0	0.459983	0.459983	0	0	0	0	0.459983	0.459983	0	0	0	0	0	0.459983	0.459983	0	0	0	0.459983	0.459983	0	0.459983	0.459983	0	0	0	0.459983	0.919906	0.459983	0.459983	0.459983	0.919906	0.919906	0.459983	0.459983	0.459983	0.919906	0.459983	0.919906	0.919906	0.459983	0.919906	0.919906	0.459983	0.459983	1.37971	0.919906	0	0	0.459983	0.459983	0	0.459983	0.919906	0.459983	0	0	0	0	0.459983	0.459983	0	0	0	0	0	0.459983	0.459983	0	0	0	0.459983	0.459983	0	0	0	0	0	0	0.459983	0.919906	0.459983	0	0	0.459983	0.459983	0.459983	0.459983	0.459983	0.919906	0.459983	0.459983	0.459983	0.459983	0.919906	1.37971	0.919906	0.459983	1.37971	0.919906	0.919906	0.919906	0.919906	1.83934	0.919906	0.459983	1.37971	1.83934	0.919906	0.919906	0.919906	0.459983	1.37971	0.919906	0.459983	0.459983	0.459983	0.459983	0.459983	0.459983	0.459983	0.459983	0	0	0	0	0	0.459983	0.459983	0	0	0	0	0	0	0.459983	0.459983	0	0	0	0	0	0	0	0	0	0.459983	0.459983	0	0	0.459983	0.459983	0	0.459983	0.459983	0.459983	0.459983	0.459983	0.459983	0.459983	0.459983	0.459983	0.919906	0.459983	0.459983	0.919906	0.459983	0.459983	0.919906	0.459983	0.459983	0.919906	0.459983	0.459983	0.919906	0.459983	0.919906	0.919906	0.459983	0.919906	0.919906	0.459983	0.919906	1.37971	0.459983	0.919906	0.919906	0.919906	1.37971	1.37971	0.919906	0.919906	1.83934	0.919906	0.919906	0.919906	0.459983	1.37971	0.919906	0.919906	1.83934	1.37971	0.459983	0.919906	0.919906	0.459983	1.37971	0.919906	0.459983	0.459983	0.919906	0.919906	0.459983	0.459983	0.459983	0.919906	0.459983	1.83934
0.650464	1.02838	0.650464	0.650464	0.650464	0.670493	0.829172	0.81306	0.650464	0.650464	1.02838	0.650464	0.650464	0.650464	0.650464	0.727209	0.325242	0.650464	1.02838	0.875659	0.363619	0.459939	0.459939	0.459939	0.459939	0	0.459939	0.459939	0.459939	0.459939	0.459939	0.459939	0	0.459939	0.459939	0	0	0	0.459939	0.459939	0	0	0	0	0.363619	0.487857	0.363643	0.162622	0	0	0	0.363619	0.487857	0.363643	0.162622	0	0.459939	0.459939	0	0.363619	0.514232	0.162622	0.162622	0.363643	0.487857	0.813028	0.459939	0.459939	0.459939	0.919818	0.919818	0.459939	0.459939	0.459939	0.919818	0.459939	0.919818	0.919818	0.459939	0.919818	0.919818	0.459939	0.459939	1.26987	0.875659	0.363643	0.162622	0.459939	0.459939	0	0.459939	0.919818	0.459939	0	0	0	0	0.459939	0.459939	0	0	0	0	0	0.459939	0.459939	0	0	0	0.459939	0.459939	0	0	0	0	0	0	0.459939	0.813028	0.487857	0.363643	0.162622	0.459939	0.459939	0.459939	0.459939	0.459939	0.919818	0.459939	0.459939	0.459939	0.459939	1.04114	1.3986	0.813028	0.586303	1.53376	1.02838	1.02838	1.02838	0.875659	1.72811	0.919818	0.586303	1.53376	1.89573	1.02838	0.875659	0.813028	0.459939	1.37958	0.919818	0.459939	0.459939	0.459939	0.459939	0.459939	0.459939	0.459939	0.459939	0	0	0	0	0	0.363619	0.487857	0.459976	0.459976	0.459976	0.459976	0.459976	0.363643	0.514232	0.487857	0.459976	0.363643	0.162622	0	0	0	0.162622	0.363643	0.459976	0.487857	0.514232	0.363643	0.459976	0.650464	0.650464	0.459976	0.650464	0.650464	0.487857	0.514232	0.514232	0.363619	0.459939	0.459939	0.459939	0.919818	0.459939	0.459939	0.813028	0.487857	0.650464	1.02838	0.650464	0.650464	1.09074	0.586303	0.459939	0.919818	0.459939	0.813028	0.875659	0.670468	1.04114	0.919818	0.459939	0.813028	1.3986	0.586303	0.813028	0.875659	1.02838	1.53376	1.49891	0.919818	0.813028	1.75842	1.02838	1.02838	1.02838	0.670468	1.49891	0.919818	0.919818	1.83916	1.37958	0.459939	0.919818	0.919818	0.586303	1.3986	0.813028	0.459939	0.459939	1.04114	1.09074	0.650464	0.650464	0.81306	1.63388	1.75101	2.43787
0.650406	1.0283	0.650406	0.650406	0.650406	0.58629	0.829096	0.989	0.650406	0.650406	1.0283	0.650406	0.650406	0.650406	0.650406	1.17239	0.72715	0.650406	1.0283	0.670411	0.162608	0.459902	0.459902	0.459902	0.459902	0	0.459902	0.459902	0.459902	0.459902	0.459902	0.459902	0	0.459902	0.459902	0	0	0	0.459902	0.459902	0	0	0	0	0.162608	0.363608	0.487814	0.363589	0	0	0	0.162608	0.363608	0.487814	0.363589	0	0.459902	0.459902	0	0.162608	0.51419	0.363589	0.363589	0.487814	0.363608	0.586255	0.459902	0.459902	0.459902	0.919744	0.919744	0.459902	0.459902	0.459902	0.919744	0.459902	0.919744	0.919744	0.459902	0.919744	0.919744	0.459902	0.459902	1.04106	0.670411	0.487814	0.363589	0.459902	0.459902	0	0.459902	0.919744	0.459902	0	0	0	0	0.459902	0.459902	0	0	0	0	0	0.459902	0.459902	0	0	0	0.459902	0.459902	0	0	0	0	0	0	0.459902	0.586255	0.363608	0.487814	0.363589	0.459902	0.459902	0.459902	0.459902	0.459902	0.919744	0.459902	0.459902	0.459902	0.459902	1.26976	1.39849	0.586255	0.812963	1.75828	1.0283	1.0283	1.0283	0.670411	1.49879	0.919744	0.812963	1.75828	1.89558	1.0283	0.670411	0.586255	0.459902	1.37947	0.919744	0.459902	0.459902	0.459902	0.459902	0.459902	0.459902	0.459902	0.459902	0	0	0	0	0	0.162608	0.363608	0.459931	0.459931	0.459931	0.459931	0.459931	0.487814	0.51419	0.363608	0.459931	0.487814	0.363589	0	0	0	0.363589	0.487814	0.459931	0.363608	0.51419	0.487814	0.459931	0.650406	0.650406	0.459931	0.650406	0.650406	0.363608	0.51419	0.51419	0.162608	0.459902	0.459902	0.459902	0.919744	0.459902	0.459902	0.586255	0.363608	0.650406	1.0283	0.650406	0.650406	1.31073	0.812963	0.459902	0.919744	0.459902	0.586255	0.670411	0.875586	1.26976	0.919744	0.459902	0.586255	1.39849	0.812963	0.586255	0.670411	1.0283	1.75828	1.72797	0.919744	0.586255	1.53363	1.0283	1.0283	1.0283	0.875586	1.72797	0.919744	0.919744	1.83901	1.37947	0.459902	0.919744	0.919744	0.812963	1.39849	0.586255	0.459902	0.459902	1.26976	1.31073	0.650406	0.650406	0.989	2.21058	1.97745	2.28112
0.459857	0.919655	0.459857	0.459857	0.459857	0	0.459857	0.919655	0.459857	0.459857	0.919655	0.459857	0.459857	0.459857	0.459857	1.37934	0.919655	0.459857	0.919655	0.459857	0	0.459857	0.459857	0.459857	0.459857	0	0.459857	0.459857	0.459857	0.459857	0.459857	0.459857	0	0.459857	0.459857	0	0	0	0.459857	0.459857	0	0	0	0	0	0	0.459857	0.459857	0	0	0	0	0	0.459857	0.459857	0	0.459857	0.459857	0	0	0.459857	0.459857	0.459857	0.459857	0	0.459857	0.459857	0.459857	0.459857	0.919655	0.919655	0.459857	0.459857	0.459857	0.919655	0.459857	0.919655	0.919655	0.459857	0.919655	0.919655	0.459857	0.459857	0.919655	0.459857	0.459857	0.459857	0.459857	0.459857	0	0.459857	0.919655	0.459857	0	0	0	0	0.459857	0.459857	0	0	0	0	0	0.459857	0.459857	0	0	0	0.459857	0.459857	0	0	0	0	0	0	0.459857	0.459857	0	0.459857	0.459857	0.459857	0.459857	0.459857	0.459857	0.459857	0.919655	0.459857	0.459857	0.459857	0.459857	1.37934	1.37934	0.459857	0.919655	1.83884	0.919655	0.919655	0.919655	0.459857	1.37934	0.919655	0.919655	1.83884	1.83884	0.919655	0.459857	0.459857	0.459857	1.37934	0.919655	0.459857	0.459857	0.459857	0.459857	0.459857	0.459857	0.459857	0.459857	0	0	0	0	0	0	0	0	0	0	0	0	0.459857	0.459857	0	0	0.459857	0.459857	0	0	0	0.459857	0.459857	0	0	0.459857	0.459857	0	0.459857	0.459857	0	0.459857	0.459857	0	0.459857	0.459857	0	0.459857	0.459857	0.459857	0.919655	0.459857	0.459857	0.459857	0	0.459857	0.919655	0.459857	0.459857	1.37934	0.919655	0.459857	0.919655	0.459857	0.459857	0.459857	0.919655	1.37934	0.919655	0.459857	0.459857	1.37934	0.919655	0.459857	0.459857	0.919655	1.83884	1.83884	0.919655	0.459857	1.37934	0.919655	0.919655	0.919655	0.919655	1.83884	0.919655	0.919655	1.83884	1.37934	0.459857	0.919655	0.919655	0.919655	1.37934	0.459857	0.459857	0.459857	1.37934	1.37934	0.459857	0.459857	0.919655	2.2981	1.37934	1.37934
0.459813	0.919567	0.459813	0.459813	0.459813	0	0.459813	0.919567	0.459813	0.459813	0.919567	0.459813	0.459813	0.459813	0.459813	1.3792	0.919567	0.459813	0.919567	0.459813	0	0.459813	0.459813	0.459813	0.459813	0	0.459813	0.459813	0.459813	0.459813	0.459813	0.459813	0	0.459813	0.459813	0	0	0	0.459813	0.459813	0	0	0	0	0	0	0.459813	0.459813	0	0	0	0	0	0.459813	0.459813	0	0.459813	0.459813	0	0	0.459813	0.459813	0.459813	0.459813	0	0.459813	0.459813	0.459813	0.459813	0.919567	0.919567	0.459813	0.459813	0.459813	0.919567	0.459813	0.919567	0.919567	0.459813	0.919567	0.919567	0.459813	0.459813	0.919567	0.459813	0.459813	0.459813	0.459813	0.459813	0	0.459813	0.919567	0.459813	0	0	0	0	0.459813	0.459813	0	0	0	0	0	0.459813	0.459813	0	0	0	0.459813	0.459813	0	0	0	0	0	0	0.459813	0.459813	0	0.459813	0.459813	0.459813	0.459813	0.459813	0.459813	0.459813	0.919567	0.459813	0.459813	0.459813	0.459813	1.3792	1.3792	0.459813	0.919567	1.83866	0.919567	0.919567	0.919567	0.459813	1.3792	0.919567	0.919567	1.83866	1.83866	0.919567	0.459813	0.459813	0.459813	1.3792	0.919567	0.459813	0.459813	0.459813	0.459813	0.459813	0.459813	0.459813	0.459813	0	0	0	0	0	0	0	0	0	0	0	0	0.459813	0.459813	0	0	0.459813	0.459813	0	0	0	0.459813	0.459813	0	0	0.459813	0.459813	0	0.459813	0.459813	0	0.459813	0.459813	0	0.459813	0.459813	0	0.459813	0.459813	0.459813	0.919567	0.459813	0.459813	0.459813	0	0.459813	0.919567	0.459813	0.459813	1.3792	0.919567	0.459813	0.919567	0.459813	0.459813	0.459813	0.919567	1.3792	0.919567	0.459813	0.459813	1.3792	0.919567	0.459813	0.459813	0.919567	1.83866	1.83866	0.919567	0.459813	1.3792	0.919567	0.919567	0.919567	0.919567	1.83866	0.919567	0.919567	1.83866	1.3792	0.459813	0.919567	0.919567	0.919567	1.3792	0.459813	0.459813	0.459813	1.3792	1.3792	0.459813	0.459813	0.919567	2.29788	1.3792	1.3792
0.459769	0.919478	0.459769	0.459769	0.459769	0	0.459769	0.919478	0.459769	0.459769	0.919478	0.459769	0.459769	0.459769	0.459769	1.37907	0.919478	0.459769	0.919478	0.459769	0	0.459769	0.459769	0.459769	0.459769	0	0.459769	0.459769	0.459769	0.459769	0.459769	0.459769	0	0.459769	0.459769	0	0	0	0.459769	0.459769	0	0	0	0	0	0	0.459769	0.459769	0	0	0	0	0	0.459769	0.459769	0	0.459769	0.459769	0	0	0.459769	0.459769	0.459769	0.459769	0	0.459769	0.459769	0.459769	0.459769	0.919478	0.919478	0.459769	0.459769	0.459769	0.919478	0.459769	0.919478	0.919478	0.459769	0.919478	0.919478	0.459769	0.459769	0.919478	0.459769	0.459769	0.459769	0.459769	0.459769	0	0.459769	0.919478	0.459769	0	0	0	0	0.459769	0.459769	0	0	0	0	0	0.459769	0.459769	0	0	0	0.459769	0.459769	0	0	0	0	0	0	0.459769	0.459769	0	0.459769	0.459769	0.459769	0.459769	0.459769	0.459769	0.459769	0.919478	0.459769	0.459769	0.459769	0.459769	1.37907	1.37907	0.459769	0.919478	1.83848	0.919478	0.919478	0.919478	0.459769	1.37907	0.919478	0.919478	1.83848	1.83848	0.919478	0.459769	0.459769	0.459769	1.37907	0.919478	0.459769	0.459769	0.459769	0.459769	0.459769	0.459769	0.459769	0.459769	0	0	0	0	0	0	0	0	0	0	0	0	0.459769	0.459769	0	0	0.459769	0.459769	0	0	0	0.459769	0.459769	0	0	0.459769	0.459769	0	0.459769	0.459769	0	0.459769	0.459769	0	0.459769	0.459769	0	0.459769	0.459769	0.459769	0.919478	0.459769	0.459769	0.459769	0	0.459769	0.919478	0.459769	0.459769	1.37907	0.919478	0.459769	0.919478	0.459769	0.459769	0.459769	0.919478	1.37907	0.919478	0.459769	0.459769	1.37907	0.919478	0.459769	0.459769	0.919478	1.83848	1.83848	0.919478	0.459769	1.37907	0.919478	0.919478	0.919478	0.919478	1.83848	0.919478	0.919478	1.83848	1.37907	0.459769	0.919478	0.919478	0.919478	1.37907	0.459769	0.459769	0.459769	1.37907	1.37907	0.459769	0.459769	0.919478	2.29766	1.37907	1.37907
1.02794	1.30014	1.02794	1.02794	1.02794	0.8127	0.812675	1.0279	0.650156	0.650156	1.0279	0.650156	0.650156	0.650156	0.650156	1.38849	1.13767	0.98864	1.18316	0.670153	0.162545	0.459725	0.459725	0.363449	0.513992	0.162545	0.459725	0.459725	0.459725	0.459725	0.459725	0.459725	0	0.459725	0.459725	0	0	0	0.459725	0.459725	0	0	0	0	0	0	0.459725	0.459725	0	0	0	0	0	0.459725	0.459725	0	0.459725	0.459725	0	0.162545	0.513992	0.363449	0.459725	0.459725	0	0.459725	0.459725	0.459725	0.459725	0.91939	0.91939	0.58603	0.670153	0.650156	1.0279	0.650156	0.875249	0.81265	0.459725	1.04065	1.09023	0.650156	0.650156	1.0279	0.650156	0.650156	0.650156	0.487626	0.513992	0.363468	0.487626	0.81265	0.459725	0	0	0	0	0.363449	0.487626	0.363468	0.162545	0	0	0	0.363449	0.487626	0.363468	0.162545	0	0.459725	0.459725	0	0	0	0	0	0	0.459725	0.459725	0	0.459725	0.459725	0.459725	0.459725	0.363449	0.487626	0.650156	1.09023	0.58603	0.459725	0.459725	0.459725	1.26928	1.39795	0.58603	0.91939	1.83831	0.91939	0.91939	0.91939	0.58603	1.53304	1.0279	0.875249	1.72731	1.72731	0.875249	0.670153	0.58603	0.459725	1.26928	0.875249	0.650156	0.650156	0.670153	0.58603	0.363449	0.487626	0.670173	0.828777	0.586064	0.459754	0.459754	0.459754	0.459754	0.459754	0.459754	0.459754	0.363468	0.162545	0	0	0.363449	0.513992	0.162545	0	0.459725	0.58603	0.363468	0.459754	0.459754	0.487626	0.513992	0.363468	0.459754	0.487626	0.363449	0	0.459725	0.459725	0	0.459725	0.459725	0	0.459725	0.459725	0	0.459725	0.459725	0.459725	0.91939	0.459725	0.363449	0.513992	0.162545	0.459725	0.91939	0.459725	0.459725	1.26928	0.875249	0.650156	1.0279	0.650156	0.670153	0.58603	0.81265	1.31022	1.0279	0.650156	0.670153	1.39795	0.875249	0.670153	0.58603	0.81265	1.7576	1.89485	1.0279	0.670153	1.49821	0.91939	0.91939	0.91939	0.91939	1.83831	0.91939	0.91939	1.72731	1.39795	0.58603	0.91939	0.91939	0.91939	1.37894	0.459725	0.58603	0.670153	1.45351	1.45351	0.812675	0.98864	1.30014	2.32597	1.38849	1.45351
1.02784	1.30002	1.02784	1.02784	1.02784	0.875203	0.988524	1.0278	0.650093	0.650093	1.0278	0.650093	0.650093	0.650093	0.650093	1.18305	0.988545	1.13756	1.38836	0.875165	0.363414	0.45968	0.45968	0.16253	0.513942	0.363414	0.45968	0.45968	0.45968	0.45968	0.45968	0.45968	0	0.45968	0.45968	0	0	0	0.45968	0.45968	0	0	0	0	0	0	0.45968	0.45968	0	0	0	0	0	0.45968	0.45968	0	0.45968	0.45968	0	0.363414	0.513942	0.16253	0.45968	0.45968	0	0.45968	0.45968	0.45968	0.45968	0.919301	0.919301	0.812572	0.875165	0.650093	1.0278	0.650093	0.670089	0.585973	0.45968	1.26915	1.3101	0.650093	0.650093	1.0278	0.650093	0.650093	0.650093	0.363433	0.513942	0.487579	0.363433	0.585973	0.45968	0	0	0	0	0.16253	0.363433	0.487579	0.363414	0	0	0	0.16253	0.363433	0.487579	0.363414	0	0.45968	0.45968	0	0	0	0	0	0	0.45968	0.45968	0	0.45968	0.45968	0.45968	0.45968	0.16253	0.363433	0.650093	1.3101	0.812572	0.45968	0.45968	0.45968	1.04055	1.39782	0.812572	0.919301	1.83813	0.919301	0.919301	0.919301	0.812572	1.75743	1.0278	0.670089	1.49807	1.49807	0.670089	0.875165	0.812572	0.45968	1.04055	0.670089	0.650093	0.650093	0.875165	0.812572	0.16253	0.363433	0.586008	0.828697	0.670109	0.45971	0.45971	0.45971	0.45971	0.45971	0.45971	0.45971	0.487579	0.363414	0	0	0.16253	0.513942	0.363414	0	0.45968	0.812572	0.487579	0.45971	0.45971	0.363433	0.513942	0.487579	0.45971	0.363433	0.16253	0	0.45968	0.45968	0	0.45968	0.45968	0	0.45968	0.45968	0	0.45968	0.45968	0.45968	0.919301	0.45968	0.16253	0.513942	0.363414	0.45968	0.919301	0.45968	0.45968	1.04055	0.670089	0.650093	1.0278	0.650093	0.875165	0.812572	0.585973	1.09013	1.0278	0.650093	0.875165	1.39782	0.670089	0.875165	0.812572	0.585973	1.5329	1.89467	1.0278	0.875165	1.72714	0.919301	0.919301	0.919301	0.919301	1.83813	0.919301	0.919301	1.49807	1.39782	0.812572	0.919301	0.919301	0.919301	1.3788	0.45968	0.812572	0.875165	1.45337	1.45337	0.988524	1.13756	1.30002	2.11189	1.18305	1.45337
0.459636	0.919213	0.459636	0.459636	0.459636	0.459636	0.919213	0.919213	0.459636	0.459636	0.919213	0.459636	0.459636	0.459636	0.459636	0.919213	0.459636	0.919213	1.37867	0.919213	0.459636	0.459636	0.459636	0	0.459636	0.459636	0.459636	0.459636	0.459636	0.459636	0.459636	0.459636	0	0.459636	0.459636	0	0	0	0.459636	0.459636	0	0	0	0	0	0	0.459636	0.459636	0	0	0	0	0	0.459636	0.459636	0	0.459636	0.459636	0	0.459636	0.459636	0	0.459636	0.459636	0	0.459636	0.459636	0.459636	0.459636	0.919213	0.919213	0.919213	0.919213	0.459636	0.919213	0.459636	0.459636	0.459636	0.459636	1.37867	1.37867	0.459636	0.459636	0.919213	0.459636	0.459636	0.459636	0	0.459636	0.459636	0	0.459636	0.459636	0	0	0	0	0	0	0.459636	0.459636	0	0	0	0	0	0.459636	0.459636	0	0.459636	0.459636	0	0	0	0	0	0	0.459636	0.459636	0	0.459636	0.459636	0.459636	0.459636	0	0	0.459636	1.37867	0.919213	0.459636	0.459636	0.459636	0.919213	1.37867	0.919213	0.919213	1.83795	0.919213	0.919213	0.919213	0.919213	1.83795	0.919213	0.459636	1.37867	1.37867	0.459636	0.919213	0.919213	0.459636	0.919213	0.459636	0.459636	0.459636	0.919213	0.919213	0	0	0	0.459636	0.459636	0	0	0	0	0	0	0	0.459636	0.459636	0	0	0	0.459636	0.459636	0	0.459636	0.919213	0.459636	0	0	0	0.459636	0.459636	0	0	0	0	0.459636	0.459636	0	0.459636	0.459636	0	0.459636	0.459636	0	0.459636	0.459636	0.459636	0.919213	0.459636	0	0.459636	0.459636	0.459636	0.919213	0.459636	0.459636	0.919213	0.459636	0.459636	0.919213	0.459636	0.919213	0.919213	0.459636	0.919213	0.919213	0.459636	0.919213	1.37867	0.459636	0.919213	0.919213	0.459636	1.37867	1.83795	0.919213	0.919213	1.83795	0.919213	0.919213	0.919213	0.919213	1.83795	0.919213	0.919213	1.37867	1.37867	0.919213	0.919213	0.919213	0.919213	1.37867	0.459636	0.919213	0.919213	1.37867	1.37867	0.919213	0.919213	0.919213	1.83795	0.919213	1.37867
0.459592	0.919124	0.459592	0.459592	0.459592	0.459592	0.919124	0.919124	0.459592	0.459592	0.919124	0.459592	0.459592	0.459592	0.459592	0.919124	0.459592	0.919124	1.37854	0.919124	0.459592	0.459592	0.459592	0	0.459592	0.459592	0.459592	0.459592	0.459592	0.459592	0.459592	0.459592	0	0.459592	0.459592	0	0	0	0.459592	0.459592	0	0	0	0	0	0	0.459592	0.459592	0	0	0	0	0	0.459592	0.459592	0	0.459592	0.459592	0	0.459592	0.459592	0	0.459592	0.459592	0	0.459592	0.459592	0.459592	0.459592	0.919124	0.919124	0.919124	0.919124	0.459592	0.919124	0.459592	0.459592	0.459592	0.459592	1.37854	1.37854	0.459592	0.459592	0.919124	0.459592	0.459592	0.459592	0	0.459592	0.459592	0	0.459592	0.459592	0	0	0	0	0	0	0.459592	0.459592	0	0	0	0	0	0.459592	0.459592	0	0.459592	0.459592	0	0	0	0	0	0	0.459592	0.459592	0	0.459592	0.459592	0.459592	0.459592	0	0	0.459592	1.37854	0.919124	0.459592	0.459592	0.459592	0.919124	1.37854	0.919124	0.919124	1.83778	0.919124	0.919124	0.919124	0.919124	1.83778	0.919124	0.459592	1.37854	1.37854	0.459592	0.919124	0.919124	0.459592	0.919124	0.459592	0.459592	0.459592	0.919124	0.919124	0	0	0	0.459592	0.459592	0	0	0	0	0	0	0	0.459592	0.459592	0	0	0	0.459592	0.459592	0	0.459592	0.919124	0.459592	0	0	0	0.459592	0.459592	0	0	0	0	0.459592	0.459592	0	0.459592	0.459592	0	0.459592	0.459592	0	0.459592	0.459592	0.459592	0.919124	0.459592	0	0.459592	0.459592	0.459592	0.919124	0.459592	0.459592	0.919124	0.459592	0.459592	0.919124	0.459592	0.919124	0.919124	0.459592	0.919124	0.919124	0.459592	0.919124	1.37854	0.459592	0.919124	0.919124	0.459592	1.37854	1.83778	0.919124	0.919124	1.83778	0.919124	0.919124	0.919124	0.919124	1.83778	0.919124	0.919124	1.37854	1.37854	0.919124	0.919124	0.919124	0.919124	1.37854	0.459592	0.919124	0.919124	1.37854	1.37854	0.919124	0.919124	0.919124	1.83778	0.919124	1.37854
0.669915	1.13723	1.02754	1.02754	1.02754	1.02754	1.29964	1.29964	1.02754	1.02754	1.29964	1.02754	0.98826	0.812362	0.649905	1.0275	0.649905	0.988239	1.49766	1.30974	0.812362	0.649905	0.649905	0.363328	0.585804	0.459548	0.459548	0.459548	0.459548	0.459548	0.363309	0.487438	0.363328	0.513794	0.487438	0.363328	0.162483	0	0.459548	0.459548	0	0	0	0	0	0	0.459548	0.459548	0	0	0.162483	0.363328	0.459577	0.487438	0.363309	0	0.459548	0.459548	0.162483	0.513794	0.513794	0.363328	0.487438	0.363309	0.162483	0.669895	0.649905	0.649905	0.649905	1.0275	1.0275	0.874912	0.812337	0.459548	0.919036	0.459548	0.459548	0.459548	0.585804	1.39741	1.26879	0.459548	0.459548	0.919036	0.459548	0.363309	0.487438	0.363328	0.585804	0.459548	0	0.459548	0.459548	0	0	0.162483	0.363328	0.459577	0.459577	0.487438	0.363309	0	0	0	0.162483	0.363328	0.487438	0.363309	0	0.363309	0.487438	0.459577	0.363328	0.162483	0	0	0	0.459548	0.459548	0	0.459548	0.459548	0.459548	0.459548	0.162483	0.363328	0.649905	1.30972	0.812337	0.459548	0.459548	0.459548	1.04025	1.39741	0.812337	0.919036	1.8376	0.919036	0.919036	0.919036	0.919036	1.72664	0.874912	0.669895	1.49763	1.37841	0.459548	0.812337	0.874912	0.669895	1.04025	0.459548	0.363309	0.487438	0.988239	1.13723	0.812387	0.585839	0.459577	0.669915	0.874951	0.812387	0.585839	0.459577	0.459577	0.459577	0.459577	0.363328	0.513794	0.487438	0.363328	0.162483	0	0.459548	0.459548	0	0.459548	0.919036	0.459548	0	0	0.162483	0.513794	0.363309	0	0.162483	0.363328	0.459577	0.649905	0.649905	0.459577	0.487438	0.363309	0.162483	0.513794	0.513794	0.363328	0.487438	0.363309	0.363309	0.874912	0.649905	0.363328	0.513794	0.487438	0.649905	1.0275	0.649905	0.669895	1.04025	0.459548	0.459548	0.919036	0.459548	0.812337	0.874912	0.669895	1.04025	0.919036	0.459548	0.919036	1.37841	0.459548	0.919036	0.919036	0.459548	1.37841	1.8376	0.919036	0.919036	1.8376	0.919036	0.812337	0.874912	1.0275	1.89412	1.0275	1.0275	1.53245	1.49763	0.919036	0.919036	0.919036	0.919036	1.49763	0.669895	1.0275	1.0275	1.45295	1.45295	0.874912	0.812337	0.919036	1.8376	0.919036	1.37841
0.585782	0.988164	1.02745	1.02745	1.02745	1.02745	1.29952	1.29952	1.02745	1.02745	1.29952	1.02745	1.13712	0.988144	0.649843	1.02741	0.649843	0.812284	1.30962	1.49752	0.988144	0.649843	0.649843	0.487391	0.812259	0.459503	0.459503	0.459503	0.459503	0.459503	0.162467	0.363293	0.487391	0.513744	0.363293	0.487391	0.363275	0	0.459503	0.459503	0	0	0	0	0	0	0.459503	0.459503	0	0	0.363275	0.487391	0.459533	0.363293	0.162467	0	0.459503	0.459503	0.363275	0.513744	0.513744	0.487391	0.363293	0.162467	0.363275	0.874828	0.649843	0.649843	0.649843	1.02741	1.02741	0.669831	0.585748	0.459503	0.918948	0.459503	0.459503	0.459503	0.812259	1.39728	1.04015	0.459503	0.459503	0.918948	0.459503	0.162467	0.363293	0.487391	0.812259	0.459503	0	0.459503	0.459503	0	0	0.363275	0.487391	0.459533	0.459533	0.363293	0.162467	0	0	0	0.363275	0.487391	0.363293	0.162467	0	0.162467	0.363293	0.459533	0.487391	0.363275	0	0	0	0.459503	0.459503	0	0.459503	0.459503	0.459503	0.459503	0.363275	0.487391	0.649843	1.08971	0.585748	0.459503	0.459503	0.459503	1.26867	1.39728	0.585748	0.918948	1.83742	0.918948	0.918948	0.918948	0.918948	1.49749	0.669831	0.874828	1.72648	1.37827	0.459503	0.585748	0.669831	0.874828	1.26867	0.459503	0.162467	0.363293	0.812284	0.988164	0.874866	0.669851	0.459533	0.585782	0.812309	0.874866	0.669851	0.459533	0.459533	0.459533	0.459533	0.487391	0.513744	0.363293	0.487391	0.363275	0	0.459503	0.459503	0	0.459503	0.918948	0.459503	0	0	0.363275	0.513744	0.162467	0	0.363275	0.487391	0.459533	0.649843	0.649843	0.459533	0.363293	0.162467	0.363275	0.513744	0.513744	0.487391	0.363293	0.162467	0.162467	0.669831	0.649843	0.487391	0.513744	0.363293	0.649843	1.02741	0.649843	0.874828	1.26867	0.459503	0.459503	0.918948	0.459503	0.585748	0.669831	0.874828	1.26867	0.918948	0.459503	0.918948	1.37827	0.459503	0.918948	0.918948	0.459503	1.37827	1.83742	0.918948	0.918948	1.83742	0.918948	0.585748	0.669831	1.02741	1.89394	1.02741	1.02741	1.75675	1.72648	0.918948	0.918948	0.918948	0.918948	1.72648	0.874828	1.02741	1.02741	1.45281	1.45281	0.669831	0.585748	0.918948	1.83742	0.918948	1.37827
0	0.459459	0.459459	0.459459	0.459459	0.459459	0.918859	0.918859	0.459459	0.459459	0.918859	0.459459	0.918859	0.918859	0.459459	0.918859	0.459459	0.459459	0.918859	1.37814	0.918859	0.459459	0.459459	0.459459	0.918859	0.459459	0.459459	0.459459	0.459459	0.459459	0	0	0.459459	0.459459	0	0.459459	0.459459	0	0.459459	0.459459	0	0	0	0	0	0	0.459459	0.459459	0	0	0.459459	0.459459	0	0	0	0	0.459459	0.459459	0.459459	0.459459	0.459459	0.459459	0	0	0.459459	0.918859	0.459459	0.459459	0.459459	0.918859	0.918859	0.459459	0.459459	0.459459	0.918859	0.459459	0.459459	0.459459	0.918859	1.37814	0.918859	0.459459	0.459459	0.918859	0.459459	0	0	0.459459	0.918859	0.459459	0	0.459459	0.459459	0	0	0.459459	0.459459	0	0	0	0	0	0	0	0.459459	0.459459	0	0	0	0	0	0	0.459459	0.459459	0	0	0	0.459459	0.459459	0	0.459459	0.459459	0.459459	0.459459	0.459459	0.459459	0.459459	0.918859	0.459459	0.459459	0.459459	0.459459	1.37814	1.37814	0.459459	0.918859	1.83725	0.918859	0.918859	0.918859	0.918859	1.37814	0.459459	0.918859	1.83725	1.37814	0.459459	0.459459	0.459459	0.918859	1.37814	0.459459	0	0	0.459459	0.459459	0.459459	0.459459	0	0	0	0.459459	0.459459	0	0	0	0	0.459459	0.459459	0	0.459459	0.459459	0	0.459459	0.459459	0	0.459459	0.918859	0.459459	0	0	0.459459	0.459459	0	0	0.459459	0.459459	0	0.459459	0.459459	0	0	0	0.459459	0.459459	0.459459	0.459459	0	0	0	0.459459	0.459459	0.459459	0.459459	0	0.459459	0.918859	0.459459	0.918859	1.37814	0.459459	0.459459	0.918859	0.459459	0.459459	0.459459	0.918859	1.37814	0.918859	0.459459	0.918859	1.37814	0.459459	0.918859	0.918859	0.459459	1.37814	1.83725	0.918859	0.918859	1.83725	0.918859	0.459459	0.459459	0.918859	1.83725	0.918859	0.918859	1.83725	1.83725	0.918859	0.918859	0.918859	0.918859	1.83725	0.918859	0.918859	0.918859	1.37814	1.37814	0.459459	0.459459	0.918859	1.83725	0.918859	1.37814
0	0.459415	0.459415	0.459415	0.459415	0.459415	0.918771	0.918771	0.459415	0.459415	0.918771	0.459415	0.918771	0.918771	0.459415	0.918771	0.459415	0.459415	0.918771	1.37801	0.918771	0.459415	0.459415	0.459415	0.918771	0.459415	0.459415	0.459415	0.459415	0.459415	0	0	0.459415	0.459415	0	0.459415	0.459415	0	0.459415	0.459415	0	0	0	0	0	0	0.459415	0.459415	0	0	0.459415	0.459415	0	0	0	0	0.459415	0.459415	0.459415	0.459415	0.459415	0.459415	0	0	0.459415	0.918771	0.459415	0.459415	0.459415	0.918771	0.918771	0.459415	0.459415	0.459415	0.918771	0.459415	0.459415	0.459415	0.918771	1.37801	0.918771	0.459415	0.459415	0.918771	0.459415	0	0	0.459415	0.918771	0.459415	0	0.459415	0.459415	0	0	0.459415	0.459415	0	0	0	0	0	0	0	0.459415	0.459415	0	0	0	0	0	0	0.459415	0.459415	0	0	0	0.459415	0.459415	0	0.459415	0.459415	0.459415	0.459415	0.459415	0.459415	0.459415	0.918771	0.459415	0.459415	0.459415	0.459415	1.37801	1.37801	0.459415	0.918771	1.83707	0.918771	0.918771	0.918771	0.918771	1.37801	0.459415	0.918771	1.83707	1.37801	0.459415	0.459415	0.459415	0.918771	1.37801	0.459415	0	0	0.459415	0.459415	0.459415	0.459415	0	0	0	0.459415	0.459415	0	0	0	0	0.459415	0.459415	0	0.459415	0.459415	0	0.459415	0.459415	0	0.459415	0.918771	0.459415	0	0	0.459415	0.459415	0	0	0.459415	0.459415	0	0.459415	0.459415	0	0	0	0.459415	0.459415	0.459415	0.459415	0	0	0	0.459415	0.459415	0.459415	0.459415	0	0.459415	0.918771	0.459415	0.918771	1.37801	0.459415	0.459415	0.918771	0.459415	0.459415	0.459415	0.918771	1.37801	0.918771	0.459415	0.918771	1.37801	0.459415	0.918771	0.918771	0.459415	1.37801	1.83707	0.918771	0.918771	1.83707	0.918771	0.459415	0.459415	0.918771	1.83707	0.918771	0.918771	1.83707	1.83707	0.918771	0.918771	0.918771	0.918771	1.83707	0.918771	0.918771	0.918771	1.37801	1.37801	0.459415	0.459415	0.918771	1.83707	0.918771	1.37801
0	0.459371	0.459371	0.459371	0.459371	0.459371	0.918682	0.918682	0.459371	0.459371	0.918682	0.459371	0.918682	0.918682	0.459371	0.918682	0.459371	0.459371	0.918682	1.37788	0.918682	0.459371	0.459371	0.459371	0.918682	0.459371	0.459371	0.459371	0.459371	0.459371	0	0	0.459371	0.459371	0	0.459371	0.459371	0	0.459371	0.459371	0	0	0	0	0	0	0.459371	0.459371	0	0	0.459371	0.459371	0	0	0	0	0.459371	0.459371	0.459371	0.459371	0.459371	0.459371	0	0	0.459371	0.918682	0.459371	0.459371	0.459371	0.918682	0.918682	0.459371	0.459371	0.459371	0.918682	0.459371	0.459371	0.459371	0.918682	1.37788	0.918682	0.459371	0.459371	0.918682	0.459371	0	0	0.459371	0.918682	0.459371	0	0.459371	0.459371	0	0	0.459371	0.459371	0	0	0	0	0	0	0	0.459371	0.459371	0	0	0	0	0	0	0.459371	0.459371	0	0	0	0.459371	0.459371	0	0.459371	0.459371	0.459371	0.459371	0.459371	0.459371	0.459371	0.918682	0.459371	0.459371	0.459371	0.459371	1.37788	1.37788	0.459371	0.918682	1.83689	0.918682	0.918682	0.918682	0.918682	1.37788	0.459371	0.918682	1.83689	1.37788	0.459371	0.459371	0.459371	0.918682	1.37788	0.459371	0	0	0.459371	0.459371	0.459371	0.459371	0	0	0	0.459371	0.459371	0	0	0	0	0.459371	0.459371	0	0.459371	0.459371	0	0.459371	0.459371	0	0.459371	0.918682	0.459371	0	0	0.459371	0.459371	0	0	0.459371	0.459371	0	0.459371	0.459371	0	0	0	0.459371	0.459371	0.459371	0.459371	0	0	0	0.459371	0.459371	0.459371	0.459371	0	0.459371	0.918682	0.459371	0.918682	1.37788	0.459371	0.459371	0.918682	0.459371	0.459371	0.459371	0.918682	1.37788	0.918682	0.459371	0.918682	1.37788	0.459371	0.918682	0.918682	0.459371	1.37788	1.83689	0.918682	0.918682	1.83689	0.918682	0.459371	0.459371	0.918682	1.83689	0.918682	0.918682	1.83689	1.83689	0.918682	0.918682	0.918682	0.918682	1.83689	0.918682	0.918682	0.918682	1.37788	1.37788	0.459371	0.459371	0.918682	1.83689	0.918682	1.37788
0.459363	0.649598	0.649598	0.649598	0.649598	0.649598	1.02701	1.02701	0.649598	0.649598	1.02701	0.649598	0.987769	1.1367	0.987795	1.18214	0.649598	0.649598	1.02701	1.38729	1.1367	1.02706	1.02706	1.02706	1.29903	1.02706	1.02706	1.02706	1.02706	1.02706	0.918668	0.918668	1.02706	0.987795	0.585566	0.669601	0.874542	0.812009	0.828069	0.828069	0.585566	0.459363	0.363159	0.162406	0	0	0.459327	0.459327	0	0.162406	0.513548	0.363135	0	0.162406	0.363159	0.459363	0.649598	0.649598	0.487208	0.363135	0.459327	0.459327	0.162406	0.363159	0.487208	0.811947	0.459327	0.459327	0.459327	0.918594	0.918594	0.459327	0.459327	0.459327	0.918594	0.459327	0.459327	0.459327	0.811947	1.30909	1.08929	0.585523	0.459327	0.918594	0.459327	0	0	0.459327	0.918594	0.459327	0	0.459327	0.459327	0	0.162406	0.513548	0.363135	0	0	0	0	0	0	0	0.459327	0.459327	0	0	0	0	0	0	0.459327	0.459327	0	0	0	0.459327	0.459327	0	0.459327	0.459327	0.459327	0.459327	0.459327	0.459327	0.459327	0.918594	0.459327	0.459327	0.459327	0.585523	1.39674	1.39674	0.669576	0.874493	1.72581	0.918594	0.918594	0.918594	0.811947	1.39674	0.585523	0.811947	1.75608	1.45225	0.649598	0.649598	0.649598	0.987769	1.49695	1.02706	0.918668	0.918668	1.02706	1.02706	1.02706	1.02706	0.918668	0.918668	0.918668	1.02706	1.02706	0.918668	0.918668	0.812009	0.585566	0.669601	0.828069	0.585566	0.649598	0.649598	0.363159	0.513548	0.513548	0.162406	0.459327	0.811947	0.487208	0.363159	0.162406	0.459327	0.459327	0	0	0.459327	0.459327	0	0.459327	0.459327	0	0	0	0.459327	0.459327	0.459327	0.459327	0	0	0	0.459327	0.459327	0.459327	0.459327	0	0.459327	0.918594	0.459327	0.918594	1.37774	0.459327	0.459327	0.918594	0.459327	0.459327	0.459327	0.918594	1.37774	0.918594	0.459327	0.811947	1.39674	0.585523	0.811947	0.874493	0.669576	1.49691	1.72581	0.874493	1.02701	1.89321	1.02701	0.669576	0.585523	0.811947	1.75608	1.02701	1.02701	1.89321	1.89321	1.02701	1.02701	1.02701	1.02701	1.89321	1.02701	1.02701	1.02701	1.53172	1.49691	0.459327	0.459327	0.918594	1.83672	0.918594	1.37774
0.459319	0.649535	0.649535	0.649535	0.649535	0.649535	1.02692	1.02692	0.649535	0.649535	1.02692	0.649535	0.8119	0.9877	1.13659	1.38716	0.649535	0.649535	1.02692	1.18203	0.9877	1.02696	1.02696	1.02696	1.2989	1.02696	1.02696	1.02696	1.02696	1.02696	0.918579	0.918579	1.02696	1.13659	0.669537	0.58551	0.811931	0.874458	0.827989	0.827989	0.669537	0.459319	0.487161	0.3631	0	0	0.459282	0.459282	0	0.3631	0.513499	0.16239	0	0.3631	0.487161	0.459319	0.649535	0.649535	0.363124	0.16239	0.459282	0.459282	0.3631	0.487161	0.363124	0.585466	0.459282	0.459282	0.459282	0.918506	0.918506	0.459282	0.459282	0.459282	0.918506	0.459282	0.459282	0.459282	0.585466	1.08918	1.30896	0.811868	0.459282	0.918506	0.459282	0	0	0.459282	0.918506	0.459282	0	0.459282	0.459282	0	0.3631	0.513499	0.16239	0	0	0	0	0	0	0	0.459282	0.459282	0	0	0	0	0	0	0.459282	0.459282	0	0	0	0.459282	0.459282	0	0.459282	0.459282	0.459282	0.459282	0.459282	0.459282	0.459282	0.918506	0.459282	0.459282	0.459282	0.811868	1.39661	1.39661	0.874409	0.669511	1.49677	0.918506	0.918506	0.918506	0.585466	1.39661	0.811868	0.585466	1.53157	1.45211	0.649535	0.649535	0.649535	0.8119	1.309	1.02696	0.918579	0.918579	1.02696	1.02696	1.02696	1.02696	0.918579	0.918579	0.918579	1.02696	1.02696	0.918579	0.918579	0.874458	0.669537	0.58551	0.827989	0.669537	0.649535	0.649535	0.487161	0.513499	0.513499	0.3631	0.459282	0.585466	0.363124	0.487161	0.3631	0.459282	0.459282	0	0	0.459282	0.459282	0	0.459282	0.459282	0	0	0	0.459282	0.459282	0.459282	0.459282	0	0	0	0.459282	0.459282	0.459282	0.459282	0	0.459282	0.918506	0.459282	0.918506	1.37761	0.459282	0.459282	0.918506	0.459282	0.459282	0.459282	0.918506	1.37761	0.918506	0.459282	0.585466	1.39661	0.811868	0.585466	0.669511	0.874409	1.72565	1.49677	0.669511	1.02692	1.89303	1.02692	0.874409	0.811868	0.585466	1.53157	1.02692	1.02692	1.89303	1.89303	1.02692	1.02692	1.02692	1.02692	1.89303	1.02692	1.02692	1.02692	1.75591	1.72565	0.459282	0.459282	0.918506	1.83654	0.918506	1.37761
0	0.459238	0.459238	0.459238	0.459238	0.459238	0.918417	0.918417	0.459238	0.459238	0.918417	0.459238	0.459238	0.459238	0.918417	1.37748	0.459238	0.459238	0.918417	0.918417	0.459238	0.459238	0.459238	0.459238	0.918417	0.459238	0.459238	0.459238	0.459238	0.459238	0	0	0.459238	0.918417	0.459238	0	0	0.459238	0.459238	0.459238	0.459238	0	0.459238	0.459238	0	0	0.459238	0.459238	0	0.459238	0.459238	0	0	0.459238	0.459238	0	0.459238	0.459238	0	0	0.459238	0.459238	0.459238	0.459238	0	0.459238	0.459238	0.459238	0.459238	0.918417	0.918417	0.459238	0.459238	0.459238	0.918417	0.459238	0.459238	0.459238	0.459238	0.918417	1.37748	0.918417	0.459238	0.918417	0.459238	0	0	0.459238	0.918417	0.459238	0	0.459238	0.459238	0	0.459238	0.459238	0	0	0	0	0	0	0	0	0.459238	0.459238	0	0	0	0	0	0	0.459238	0.459238	0	0	0	0.459238	0.459238	0	0.459238	0.459238	0.459238	0.459238	0.459238	0.459238	0.459238	0.918417	0.459238	0.459238	0.459238	0.918417	1.37748	1.37748	0.918417	0.459238	1.37748	0.918417	0.918417	0.918417	0.459238	1.37748	0.918417	0.459238	1.37748	1.37748	0.459238	0.459238	0.459238	0.459238	0.918417	0.459238	0	0	0.459238	0.459238	0.459238	0.459238	0	0	0	0.459238	0.459238	0	0	0.459238	0.459238	0	0.459238	0.459238	0.459238	0.459238	0.459238	0.459238	0.459238	0.459238	0.459238	0.459238	0	0.459238	0.459238	0.459238	0.459238	0	0	0.459238	0.459238	0	0.459238	0.459238	0	0	0	0.459238	0.459238	0.459238	0.459238	0	0	0	0.459238	0.459238	0.459238	0.459238	0	0.459238	0.918417	0.459238	0.918417	1.37748	0.459238	0.459238	0.918417	0.459238	0.459238	0.459238	0.918417	1.37748	0.918417	0.459238	0.459238	1.37748	0.918417	0.459238	0.459238	0.918417	1.83636	1.37748	0.459238	0.918417	1.83636	0.918417	0.918417	0.918417	0.459238	1.37748	0.918417	0.918417	1.83636	1.83636	0.918417	0.918417	0.918417	0.918417	1.83636	0.918417	0.918417	0.918417	1.83636	1.83636	0.459238	0.459238	0.918417	1.83636	0.918417	1.37748
0	0.459194	0.459194	0.459194	0.459194	0.459194	0.918329	0.918329	0.459194	0.459194	0.918329	0.459194	0.459194	0.459194	0.918329	1.37735	0.459194	0.459194	0.918329	0.918329	0.459194	0.459194	0.459194	0.459194	0.918329	0.459194	0.459194	0.459194	0.459194	0.459194	0	0	0.459194	0.918329	0.459194	0	0	0.459194	0.459194	0.459194	0.459194	0	0.459194	0.459194	0	0	0.459194	0.459194	0	0.459194	0.459194	0	0	0.459194	0.459194	0	0.459194	0.459194	0	0	0.459194	0.459194	0.459194	0.459194	0	0.459194	0.459194	0.459194	0.459194	0.918329	0.918329	0.459194	0.459194	0.459194	0.918329	0.459194	0.459194	0.459194	0.459194	0.918329	1.37735	0.918329	0.459194	0.918329	0.459194	0	0	0.459194	0.918329	0.459194	0	0.459194	0.459194	0	0.459194	0.459194	0	0	0	0	0	0	0	0	0.459194	0.459194	0	0	0	0	0	0	0.459194	0.459194	0	0	0	0.459194	0.459194	0	0.459194	0.459194	0.459194	0.459194	0.459194	0.459194	0.459194	0.918329	0.459194	0.459194	0.459194	0.918329	1.37735	1.37735	0.918329	0.459194	1.37735	0.918329	0.918329	0.918329	0.459194	1.37735	0.918329	0.459194	1.37735	1.37735	0.459194	0.459194	0.459194	0.459194	0.918329	0.459194	0	0	0.459194	0.459194	0.459194	0.459194	0	0	0	0.459194	0.459194	0	0	0.459194	0.459194	0	0.459194	0.459194	0.459194	0.459194	0.459194	0.459194	0.459194	0.459194	0.459194	0.459194	0	0.459194	0.459194	0.459194	0.459194	0	0	0.459194	0.459194	0	0.459194	0.459194	0	0	0	0.459194	0.459194	0.459194	0.459194	0	0	0	0.459194	0.459194	0.459194	0.459194	0	0.459194	0.918329	0.459194	0.918329	1.37735	0.459194	0.459194	0.918329	0.459194	0.459194	0.459194	0.918329	1.37735	0.918329	0.459194	0.459194	1.37735	0.918329	0.459194	0.459194	0.918329	1.83619	1.37735	0.459194	0.918329	1.83619	0.918329	0.918329	0.918329	0.459194	1.37735	0.918329	0.918329	1.83619	1.83619	0.918329	0.918329	0.918329	0.918329	1.83619	0.918329	0.918329	0.918329	1.83619	1.83619	0.459194	0.459194	0.918329	1.83619	0.918329	1.37735
0	0.45915	0.45915	0.45915	0.45915	0.45915	0.918241	0.918241	0.45915	0.45915	0.918241	0.45915	0.45915	0.45915	0.918241	1.37721	0.45915	0.45915	0.918241	0.918241	0.45915	0.45915	0.45915	0.45915	0.918241	0.45915	0.45915	0.45915	0.45915	0.45915	0	0	0.45915	0.918241	0.45915	0	0	0.45915	0.45915	0.45915	0.45915	0	0.45915	0.45915	0	0	0.45915	0.45915	0	0.45915	0.45915	0	0	0.45915	0.45915	0	0.45915	0.45915	0	0	0.45915	0.45915	0.45915	0.45915	0	0.45915	0.45915	0.45915	0.45915	0.918241	0.918241	0.45915	0.45915	0.45915	0.918241	0.45915	0.45915	0.45915	0.45915	0.918241	1.37721	0.918241	0.45915	0.918241	0.45915	0	0	0.45915	0.918241	0.45915	0	0.45915	0.45915	0	0.45915	0.45915	0	0	0	0	0	0	0	0	0.45915	0.45915	0	0	0	0	0	0	0.45915	0.45915	0	0	0	0.45915	0.45915	0	0.45915	0.45915	0.45915	0.45915	0.45915	0.45915	0.45915	0.918241	0.45915	0.45915	0.45915	0.918241	1.37721	1.37721	0.918241	0.45915	1.37721	0.918241	0.918241	0.918241	0.45915	1.37721	0.918241	0.45915	1.37721	1.37721	0.45915	0.45915	0.45915	0.45915	0.918241	0.45915	0	0	0.45915	0.45915	0.45915	0.45915	0	0	0	0.45915	0.45915	0	0	0.45915	0.45915	0	0.45915	0.45915	0.45915	0.45915	0.45915	0.45915	0.45915	0.45915	0.45915	0.45915	0	0.45915	0.45915	0.45915	0.45915	0	0	0.45915	0.45915	0	0.45915	0.45915	0	0	0	0.45915	0.45915	0.45915	0.45915	0	0	0	0.45915	0.45915	0.45915	0.45915	0	0.45915	0.918241	0.45915	0.918241	1.37721	0.45915	0.45915	0.918241	0.45915	0.45915	0.45915	0.918241	1.37721	0.918241	0.45915	0.45915	1.37721	0.918241	0.45915	0.45915	0.918241	1.83601	1.37721	0.45915	0.918241	1.83601	0.918241	0.918241	0.918241	0.45915	1.37721	0.918241	0.918241	1.83601	1.83601	0.918241	0.918241	0.918241	0.918241	1.83601	0.918241	0.918241	0.918241	1.83601	1.83601	0.45915	0.45915	0.918241	1.83601	0.918241	1.37721
0.362984	0.513301	0.486973	0.649286	0.649286	0.649286	1.02652	1.02652	0.649286	0.649286	1.02652	0.649286	0.649286	0.649286	0.987294	1.49623	1.02657	1.02657	1.2984	1.2984	1.02657	1.02657	1.02657	1.02657	1.2984	1.02657	1.02657	1.02657	1.02657	1.02657	0.811619	0.585284	0.669279	1.13615	1.02657	0.811619	0.585284	0.649286	0.649286	0.649286	0.649286	0.459142	0.649286	0.649286	0.362984	0.162328	0.362961	0.486973	0.459142	0.649286	0.649286	0.362984	0.162328	0.362961	0.486973	0.362984	0.585241	0.459106	0	0	0.459106	0.459106	0.459106	0.459106	0	0.459106	0.459106	0.459106	0.459106	0.811556	0.874073	0.649286	0.649286	0.649286	1.02652	0.649286	0.649286	0.649286	0.649286	1.08877	1.39607	0.874073	0.649286	1.02652	0.649286	0.362984	0.162328	0.459106	0.811556	0.486973	0.362984	0.513301	0.513301	0.162328	0.459106	0.459106	0	0	0	0	0	0.162328	0.362984	0.459142	0.486973	0.362961	0	0	0	0.162328	0.362984	0.459142	0.486973	0.362961	0	0.162328	0.362984	0.486973	0.362961	0	0.459106	0.459106	0.585241	0.669254	0.486973	0.362961	0.459106	0.918152	0.459106	0.585241	0.669254	0.874073	1.26757	1.26757	0.874073	0.669254	1.49619	0.918152	0.811556	0.874073	0.669254	1.39607	0.874073	0.649286	1.45155	1.45155	0.649286	0.669279	0.874121	1.02657	1.2984	1.02657	0.811619	0.585284	0.649286	0.649286	0.669279	0.874121	0.918226	0.811619	0.585284	0.669279	0.874121	0.811619	0.585284	0.649286	0.649286	0.362984	0.513301	0.486973	0.649286	0.649286	0.649286	0.669254	0.585241	0.459106	0.362961	0.513301	0.162328	0.459106	0.459106	0.459106	0.459106	0	0.162328	0.669254	0.649286	0.459142	0.486973	0.362961	0	0	0	0.459106	0.459106	0.459106	0.459106	0	0	0	0.459106	0.459106	0.459106	0.585241	0.362984	0.649286	1.02652	0.649286	0.874073	1.26757	0.459106	0.459106	0.918152	0.459106	0.459106	0.459106	0.811556	1.39607	1.03925	0.459106	0.459106	1.37708	0.918152	0.459106	0.459106	0.918152	1.72498	1.39607	0.585241	0.811556	1.75524	1.02652	1.02652	1.02652	0.669254	1.49619	0.918152	0.918152	1.83583	1.83583	0.918152	0.918152	0.918152	0.918152	1.83583	0.918152	0.918152	0.918152	1.83583	1.83583	0.459106	0.459106	0.918152	1.83583	0.918152	1.17036
0.48693	0.513258	0.36295	0.649228	0.649228	0.649228	1.02643	1.02643	0.649228	0.649228	1.02643	0.649228	0.649228	0.649228	0.811516	1.30838	1.02647	1.02647	1.29829	1.29829	1.02647	1.02647	1.02647	1.02647	1.29829	1.02647	1.02647	1.02647	1.02647	1.02647	0.874039	0.669218	0.585229	0.98723	1.02647	0.874039	0.669218	0.649228	0.649228	0.649228	0.649228	0.459098	0.649228	0.649228	0.48693	0.362931	0.162314	0.36295	0.459098	0.649228	0.649228	0.48693	0.362931	0.162314	0.36295	0.48693	0.811491	0.459069	0	0	0.459069	0.459069	0.459069	0.459069	0	0.459069	0.459069	0.459069	0.459069	0.585194	0.669197	0.649228	0.649228	0.649228	1.02643	0.649228	0.649228	0.649228	0.649228	1.30835	1.39596	0.669197	0.649228	1.02643	0.649228	0.48693	0.362931	0.459069	0.585194	0.36295	0.48693	0.513258	0.513258	0.362931	0.459069	0.459069	0	0	0	0	0	0.362931	0.48693	0.459098	0.36295	0.162314	0	0	0	0.362931	0.48693	0.459098	0.36295	0.162314	0	0.362931	0.48693	0.36295	0.162314	0	0.459069	0.459069	0.811491	0.874001	0.36295	0.162314	0.459069	0.918079	0.459069	0.811491	0.874001	0.669197	1.03917	1.03917	0.669197	0.874001	1.72485	0.918079	0.585194	0.669197	0.874001	1.39596	0.669197	0.649228	1.45143	1.45143	0.649228	0.585229	0.811541	1.02647	1.29829	1.02647	0.874039	0.669218	0.649228	0.649228	0.585229	0.811541	0.918138	0.874039	0.669218	0.585229	0.811541	0.874039	0.669218	0.649228	0.649228	0.48693	0.513258	0.36295	0.649228	0.649228	0.649228	0.874001	0.811491	0.459069	0.162314	0.513258	0.362931	0.459069	0.459069	0.459069	0.459069	0	0.362931	0.874001	0.649228	0.459098	0.36295	0.162314	0	0	0	0.459069	0.459069	0.459069	0.459069	0	0	0	0.459069	0.459069	0.459069	0.811491	0.48693	0.649228	1.02643	0.649228	0.669197	1.03917	0.459069	0.459069	0.918079	0.459069	0.459069	0.459069	0.585194	1.39596	1.26747	0.459069	0.459069	1.37697	0.918079	0.459069	0.459069	0.918079	1.49607	1.39596	0.811491	0.585194	1.53086	1.02643	1.02643	1.02643	0.874001	1.72485	0.918079	0.918079	1.83569	1.83569	0.918079	0.918079	0.918079	0.918079	1.83569	0.918079	0.918079	0.918079	1.83569	1.83569	0.459069	0.459069	0.918079	1.83569	0.918079	0.725833
0.459025	0.459025	0	0.459025	0.459025	0.459025	0.917991	0.917991	0.459025	0.459025	0.917991	0.459025	0.459025	0.459025	0.459025	0.917991	0.459025	0.459025	0.917991	0.917991	0.459025	0.459025	0.459025	0.459025	0.917991	0.459025	0.459025	0.459025	0.459025	0.459025	0.459025	0.459025	0	0.459025	0.459025	0.459025	0.459025	0.459025	0.459025	0.459025	0.459025	0	0.459025	0.459025	0.459025	0.459025	0	0	0	0.459025	0.459025	0.459025	0.459025	0	0	0.459025	0.917991	0.459025	0	0	0.459025	0.459025	0.459025	0.459025	0	0.459025	0.459025	0.459025	0.459025	0.459025	0.459025	0.459025	0.459025	0.459025	0.917991	0.459025	0.459025	0.459025	0.459025	1.37684	1.37684	0.459025	0.459025	0.917991	0.459025	0.459025	0.459025	0.459025	0.459025	0	0.459025	0.459025	0.459025	0.459025	0.459025	0.459025	0	0	0	0	0	0.459025	0.459025	0	0	0	0	0	0	0.459025	0.459025	0	0	0	0	0.459025	0.459025	0	0	0	0.459025	0.459025	0.917991	0.917991	0	0	0.459025	0.917991	0.459025	0.917991	0.917991	0.459025	0.917991	0.917991	0.459025	0.917991	1.83551	0.917991	0.459025	0.459025	0.917991	1.37684	0.459025	0.459025	1.37684	1.37684	0.459025	0	0	0.459025	0.917991	0.459025	0.459025	0.459025	0.459025	0.459025	0	0	0	0.459025	0.459025	0	0	0.459025	0.459025	0.459025	0.459025	0.459025	0.459025	0	0.459025	0.459025	0.459025	0.917991	0.917991	0.459025	0	0.459025	0.459025	0.459025	0.459025	0.459025	0.459025	0	0.459025	0.917991	0.459025	0	0	0	0	0	0	0.459025	0.459025	0.459025	0.459025	0	0	0	0.459025	0.459025	0.459025	0.917991	0.459025	0.459025	0.917991	0.459025	0.459025	0.917991	0.459025	0.459025	0.917991	0.459025	0.459025	0.459025	0.459025	1.37684	1.37684	0.459025	0.459025	1.37684	0.917991	0.459025	0.459025	0.917991	1.37684	1.37684	0.917991	0.459025	1.37684	0.917991	0.917991	0.917991	0.917991	1.83551	0.917991	0.917991	1.83551	1.83551	0.917991	0.917991	0.917991	0.917991	1.83551	0.917991	0.917991	0.917991	1.83551	1.83551	0.459025	0.459025	0.917991	1.83551	0.917991	0.459025
0.458981	0.458981	0	0.458981	0.458981	0.458981	0.917902	0.917902	0.458981	0.458981	0.917902	0.458981	0.458981	0.458981	0.458981	0.917902	0.458981	0.458981	0.917902	0.917902	0.458981	0.458981	0.458981	0.458981	0.917902	0.458981	0.458981	0.458981	0.458981	0.458981	0.458981	0.458981	0	0.458981	0.458981	0.458981	0.458981	0.458981	0.458981	0.458981	0.458981	0	0.458981	0.458981	0.458981	0.458981	0	0	0	0.458981	0.458981	0.458981	0.458981	0	0	0.458981	0.917902	0.458981	0	0	0.458981	0.458981	0.458981	0.458981	0	0.458981	0.458981	0.458981	0.458981	0.458981	0.458981	0.458981	0.458981	0.458981	0.917902	0.458981	0.458981	0.458981	0.458981	1.37671	1.37671	0.458981	0.458981	0.917902	0.458981	0.458981	0.458981	0.458981	0.458981	0	0.458981	0.458981	0.458981	0.458981	0.458981	0.458981	0	0	0	0	0	0.458981	0.458981	0	0	0	0	0	0	0.458981	0.458981	0	0	0	0	0.458981	0.458981	0	0	0	0.458981	0.458981	0.917902	0.917902	0	0	0.458981	0.917902	0.458981	0.917902	0.917902	0.458981	0.917902	0.917902	0.458981	0.917902	1.83533	0.917902	0.458981	0.458981	0.917902	1.37671	0.458981	0.458981	1.37671	1.37671	0.458981	0	0	0.458981	0.917902	0.458981	0.458981	0.458981	0.458981	0.458981	0	0	0	0.458981	0.458981	0	0	0.458981	0.458981	0.458981	0.458981	0.458981	0.458981	0	0.458981	0.458981	0.458981	0.917902	0.917902	0.458981	0	0.458981	0.458981	0.458981	0.458981	0.458981	0.458981	0	0.458981	0.917902	0.458981	0	0	0	0	0	0	0.458981	0.458981	0.458981	0.458981	0	0	0	0.458981	0.458981	0.458981	0.917902	0.458981	0.458981	0.917902	0.458981	0.458981	0.917902	0.458981	0.458981	0.917902	0.458981	0.458981	0.458981	0.458981	1.37671	1.37671	0.458981	0.458981	1.37671	0.917902	0.458981	0.458981	0.917902	1.37671	1.37671	0.917902	0.458981	1.37671	0.917902	0.917902	0.917902	0.917902	1.83533	0.917902	0.917902	1.83533	1.83533	0.917902	0.917902	0.917902	0.917902	1.83533	0.917902	0.917902	0.917902	1.83533	1.83533	0.458981	0.458981	0.917902	1.83533	0.917902	0.458981
0.458937	0.458937	0	0.458937	0.458937	0.458937	0.917814	0.917814	0.458937	0.458937	0.917814	0.458937	0.458937	0.458937	0.458937	0.917814	0.458937	0.458937	0.917814	0.917814	0.458937	0.458937	0.458937	0.458937	0.917814	0.458937	0.458937	0.458937	0.458937	0.458937	0.458937	0.458937	0	0.458937	0.458937	0.458937	0.458937	0.458937	0.458937	0.458937	0.458937	0	0.458937	0.458937	0.458937	0.458937	0	0	0	0.458937	0.458937	0.458937	0.458937	0	0	0.458937	0.917814	0.458937	0	0	0.458937	0.458937	0.458937	0.458937	0	0.458937	0.458937	0.458937	0.458937	0.458937	0.458937	0.458937	0.458937	0.458937	0.917814	0.458937	0.458937	0.458937	0.458937	1.37657	1.37657	0.458937	0.458937	0.917814	0.458937	0.458937	0.458937	0.458937	0.458937	0	0.458937	0.458937	0.458937	0.458937	0.458937	0.458937	0	0	0	0	0	0.458937	0.458937	0	0	0	0	0	0	0.458937	0.458937	0	0	0	0	0.458937	0.458937	0	0	0	0.458937	0.458937	0.917814	0.917814	0	0	0.458937	0.917814	0.458937	0.917814	0.917814	0.458937	0.917814	0.917814	0.458937	0.917814	1.83516	0.917814	0.458937	0.458937	0.917814	1.37657	0.458937	0.458937	1.37657	1.37657	0.458937	0	0	0.458937	0.917814	0.458937	0.458937	0.458937	0.458937	0.458937	0	0	0	0.458937	0.458937	0	0	0.458937	0.458937	0.458937	0.458937	0.458937	0.458937	0	0.458937	0.458937	0.458937	0.917814	0.917814	0.458937	0	0.458937	0.458937	0.458937	0.458937	0.458937	0.458937	0	0.458937	0.917814	0.458937	0	0	0	0	0	0	0.458937	0.458937	0.458937	0.458937	0	0	0	0.458937	0.458937	0.458937	0.917814	0.458937	0.458937	0.917814	0.458937	0.458937	0.917814	0.458937	0.458937	0.917814	0.458937	0.458937	0.458937	0.458937	1.37657	1.37657	0.458937	0.458937	1.37657	0.917814	0.458937	0.458937	0.917814	1.37657	1.37657	0.917814	0.458937	1.37657	0.917814	0.917814	0.917814	0.917814	1.83516	0.917814	0.917814	1.83516	1.83516	0.917814	0.917814	0.917814	0.917814	1.83516	0.917814	0.917814	0.917814	1.83516	1.83516	0.458937	0.458937	0.917814	1.83516	0.917814	0.458937
0.458892	0.458892	0	0.458892	0.458892	0.458892	0.917726	0.917726	0.458892	0.458892	0.917726	0.458892	0.458892	0.458892	0.458892	0.917726	0.458892	0.458892	0.917726	0.917726	0.458892	0.458892	0.458892	0.458892	0.917726	0.458892	0.458892	0.458892	0.458892	0.458892	0.458892	0.458892	0	0.458892	0.458892	0.458892	0.458892	0.458892	0.458892	0.458892	0.458892	0	0.458892	0.458892	0.458892	0.458892	0	0	0	0.458892	0.458892	0.458892	0.458892	0	0	0.458892	0.917726	0.458892	0	0	0.458892	0.458892	0.458892	0.458892	0	0.458892	0.458892	0.458892	0.458892	0.458892	0.458892	0.458892	0.458892	0.458892	0.917726	0.458892	0.458892	0.458892	0.458892	1.37644	1.37644	0.458892	0.458892	0.917726	0.458892	0.458892	0.458892	0.458892	0.458892	0	0.458892	0.458892	0.458892	0.458892	0.458892	0.458892	0	0	0	0	0	0.458892	0.458892	0	0	0	0	0	0	0.458892	0.458892	0	0	0	0	0.458892	0.458892	0	0	0	0.458892	0.458892	0.917726	0.917726	0	0	0.458892	0.917726	0.458892	0.917726	0.917726	0.458892	0.917726	0.917726	0.458892	0.917726	1.83498	0.917726	0.458892	0.458892	0.917726	1.37644	0.458892	0.458892	1.37644	1.37644	0.458892	0	0	0.458892	0.917726	0.458892	0.458892	0.458892	0.458892	0.458892	0	0	0	0.458892	0.458892	0	0	0.458892	0.458892	0.458892	0.458892	0.458892	0.458892	0	0.458892	0.458892	0.458892	0.917726	0.917726	0.458892	0	0.458892	0.458892	0.458892	0.458892	0.458892	0.458892	0	0.458892	0.917726	0.458892	0	0	0	0	0	0	0.458892	0.458892	0.458892	0.458892	0	0	0	0.458892	0.458892	0.458892	0.917726	0.458892	0.458892	0.917726	0.458892	0.458892	0.917726	0.458892	0.458892	0.917726	0.458892	0.458892	0.458892	0.458892	1.37644	1.37644	0.458892	0.458892	1.37644	0.917726	0.458892	0.458892	0.917726	1.37644	1.37644	0.917726	0.458892	1.37644	0.917726	0.917726	0.917726	0.917726	1.83498	0.917726	0.917726	1.83498	1.83498	0.917726	0.917726	0.917726	0.917726	1.83498	0.917726	0.917726	0.917726	1.83498	1.83498	0.458892	0.458892	0.917726	1.83498	0.917726	0.458892
0.458848	0.458848	0	0.458848	0.458848	0.458848	0.811101	0.873581	0.648916	0.648916	1.02594	0.648916	0.648916	0.648916	0.648916	1.02594	0.648916	0.648916	1.02594	1.02594	0.648916	0.648916	0.648916	0.668896	1.1355	1.02598	1.02598	1.02598	1.02598	1.02598	1.02598	1.02598	0.917697	1.02598	1.02598	1.02598	1.02598	1.02598	0.986756	0.827197	0.873619	0.811151	0.811126	0.648916	0.668896	0.873619	0.811151	0.584947	0.458878	0.648916	0.668876	0.513012	0.486696	0.362775	0.162236	0.458848	0.917638	0.458848	0	0	0.458848	0.458848	0.362757	0.486696	0.362775	0.584913	0.458848	0.458848	0.458848	0.458848	0.458848	0.458848	0.458848	0.458848	0.917638	0.458848	0.362757	0.486696	0.668876	1.39529	1.30773	0.648916	0.648916	1.02594	0.648916	0.648916	0.648916	0.648916	0.648916	0.458878	0.648916	0.668876	0.513012	0.486696	0.648916	0.648916	0.458878	0.362775	0.162236	0	0	0.458848	0.458848	0	0	0	0	0	0	0.458848	0.458848	0	0	0.162236	0.362775	0.486696	0.362757	0.162236	0.513032	0.811151	0.873619	0.668896	1.02594	1.02594	0.458878	0.458878	0.648916	1.02594	0.648916	0.873581	0.811101	0.458848	0.917638	1.03867	0.668876	0.873581	1.72402	0.917638	0.458848	0.458848	0.811101	1.30773	0.648916	0.668876	1.30773	1.33757	1.02598	0.811151	0.584947	0.648916	1.02594	0.648916	0.668896	0.873619	1.02598	1.02598	0.917697	0.917697	0.811151	0.827197	0.873619	0.811151	0.584947	0.648916	0.648916	0.648916	0.648916	0.648916	0.668876	0.162236	0.458848	0.458848	0.362757	0.873581	1.02594	0.648916	0.362775	0.584913	0.458848	0.362757	0.486696	0.648916	0.668876	0.162236	0.362757	0.873581	0.648916	0.458878	0.362775	0.162236	0	0	0	0.458848	0.458848	0.458848	0.458848	0	0	0.162236	0.668876	0.648916	0.486696	0.811101	0.458848	0.458848	0.917638	0.458848	0.458848	0.917638	0.458848	0.458848	0.917638	0.458848	0.458848	0.458848	0.458848	1.37631	1.37631	0.458848	0.458848	1.26686	0.873581	0.648916	0.648916	1.02594	1.45074	1.45074	1.02594	0.668876	1.39529	0.873581	1.02594	1.02594	1.02594	1.89124	1.02594	1.02594	1.89124	1.89124	1.02594	1.08815	1.03867	0.917638	1.83481	0.917638	0.917638	0.917638	1.72402	1.75425	0.668876	0.584913	0.811101	1.75425	1.02594	0.648916
0.458804	0.458804	0	0.458804	0.458804	0.458804	0.584857	0.668812	0.648854	0.648854	1.02584	0.648854	0.648854	0.648854	0.648854	1.02584	0.648854	0.648854	1.02584	1.02584	0.648854	0.648854	0.648854	0.584891	0.986661	1.02588	1.02588	1.02588	1.02588	1.02588	1.02588	1.02588	0.917608	1.02588	1.02588	1.02588	1.02588	1.02588	1.13539	0.827118	0.811073	0.873535	0.986641	0.648854	0.584891	0.811073	0.873535	0.668832	0.458834	0.648854	0.873497	0.512963	0.36274	0.48665	0.362722	0.458804	0.91755	0.458804	0	0	0.458804	0.458804	0.16222	0.36274	0.48665	0.811023	0.458804	0.458804	0.458804	0.458804	0.458804	0.458804	0.458804	0.458804	0.91755	0.458804	0.16222	0.36274	0.873497	1.39516	1.08805	0.648854	0.648854	1.02584	0.648854	0.648854	0.648854	0.648854	0.648854	0.458834	0.648854	0.873497	0.512963	0.36274	0.648854	0.648854	0.458834	0.48665	0.362722	0	0	0.458804	0.458804	0	0	0	0	0	0	0.458804	0.458804	0	0	0.362722	0.48665	0.36274	0.16222	0.362722	0.827098	0.873535	0.811073	0.584891	1.02584	1.02584	0.458834	0.458834	0.648854	1.02584	0.648854	0.668812	0.584857	0.458804	0.91755	1.26674	0.873497	0.668812	1.49521	0.91755	0.458804	0.458804	0.584857	1.08805	0.648854	0.873497	1.08805	0.973229	1.02588	0.873535	0.668832	0.648854	1.02584	0.648854	0.584891	0.811073	1.02588	1.02588	0.917608	0.917608	0.873535	0.827118	0.811073	0.873535	0.668832	0.648854	0.648854	0.648854	0.648854	0.648854	0.873497	0.362722	0.458804	0.458804	0.16222	0.668812	1.02584	0.648854	0.48665	0.811023	0.458804	0.16222	0.36274	0.648854	0.873497	0.362722	0.16222	0.668812	0.648854	0.458834	0.48665	0.362722	0	0	0	0.458804	0.458804	0.458804	0.458804	0	0	0.362722	0.873497	0.648854	0.36274	0.584857	0.458804	0.458804	0.91755	0.458804	0.458804	0.91755	0.458804	0.458804	0.91755	0.458804	0.458804	0.458804	0.458804	1.37618	1.37618	0.458804	0.458804	1.03857	0.668812	0.648854	0.648854	1.02584	1.4506	1.4506	1.02584	0.873497	1.39516	0.668812	1.02584	1.02584	1.02584	1.89106	1.02584	1.02584	1.89106	1.89106	1.02584	1.3076	1.26674	0.91755	1.83463	0.91755	0.91755	0.91755	1.49521	1.52998	0.873497	0.811023	0.584857	1.52998	1.02584	0.648854
0.45876	0.45876	0	0.45876	0.45876	0.45876	0.45876	0.45876	0.45876	0.45876	0.917461	0.45876	0.45876	0.45876	0.45876	0.917461	0.45876	0.45876	0.917461	0.917461	0.45876	0.45876	0.45876	0	0.45876	0.45876	0.45876	0.45876	0.45876	0.45876	0.45876	0.45876	0	0.45876	0.45876	0.45876	0.45876	0.45876	0.917461	0.45876	0	0.45876	0.917461	0.45876	0	0	0.45876	0.45876	0	0.45876	0.917461	0.45876	0	0.45876	0.45876	0.45876	0.917461	0.45876	0	0	0.45876	0.45876	0	0	0.45876	0.917461	0.45876	0.45876	0.45876	0.45876	0.45876	0.45876	0.45876	0.45876	0.917461	0.45876	0	0	0.917461	1.37605	0.917461	0.45876	0.45876	0.917461	0.45876	0.45876	0.45876	0.45876	0.45876	0	0.45876	0.917461	0.45876	0	0.45876	0.45876	0	0.45876	0.45876	0	0	0.45876	0.45876	0	0	0	0	0	0	0.45876	0.45876	0	0	0.45876	0.45876	0	0	0.45876	0.917461	0.45876	0	0	0.917461	0.917461	0	0	0.45876	0.917461	0.45876	0.45876	0.45876	0.45876	0.917461	1.37605	0.917461	0.45876	1.37605	0.917461	0.45876	0.45876	0.45876	0.917461	0.45876	0.917461	0.917461	0.45876	0.45876	0.45876	0.45876	0.45876	0.917461	0.45876	0	0	0.45876	0.45876	0	0	0.45876	0.45876	0	0.45876	0.45876	0.45876	0.45876	0.45876	0.45876	0.45876	0.917461	0.45876	0.45876	0.45876	0	0.45876	0.917461	0.45876	0.45876	0.917461	0.45876	0	0	0.45876	0.917461	0.45876	0	0.45876	0.45876	0	0.45876	0.45876	0	0	0	0.45876	0.45876	0.45876	0.45876	0	0	0.45876	0.917461	0.45876	0	0.45876	0.45876	0.45876	0.917461	0.45876	0.45876	0.917461	0.45876	0.45876	0.917461	0.45876	0.45876	0.45876	0.45876	1.37605	1.37605	0.45876	0.45876	0.917461	0.45876	0.45876	0.45876	0.917461	1.37605	1.37605	0.917461	0.917461	1.37605	0.45876	0.917461	0.917461	0.917461	1.83445	0.917461	0.917461	1.83445	1.83445	0.917461	1.37605	1.37605	0.917461	1.83445	0.917461	0.917461	0.917461	1.37605	1.37605	0.917461	0.917461	0.45876	1.37605	0.917461	0.45876
0.458716	0.458716	0	0.458716	0.458716	0.458716	0.458716	0.458716	0.458716	0.458716	0.917373	0.458716	0.458716	0.458716	0.458716	0.917373	0.458716	0.458716	0.917373	0.917373	0.458716	0.458716	0.458716	0	0.458716	0.458716	0.458716	0.458716	0.458716	0.458716	0.458716	0.458716	0	0.458716	0.458716	0.458716	0.458716	0.458716	0.917373	0.458716	0	0.458716	0.917373	0.458716	0	0	0.458716	0.458716	0	0.458716	0.917373	0.458716	0	0.458716	0.458716	0.458716	0.917373	0.458716	0	0	0.458716	0.458716	0	0	0.458716	0.917373	0.458716	0.458716	0.458716	0.458716	0.458716	0.458716	0.458716	0.458716	0.917373	0.458716	0	0	0.917373	1.37591	0.917373	0.458716	0.458716	0.917373	0.458716	0.458716	0.458716	0.458716	0.458716	0	0.458716	0.917373	0.458716	0	0.458716	0.458716	0	0.458716	0.458716	0	0	0.458716	0.458716	0	0	0	0	0	0	0.458716	0.458716	0	0	0.458716	0.458716	0	0	0.458716	0.917373	0.458716	0	0	0.917373	0.917373	0	0	0.458716	0.917373	0.458716	0.458716	0.458716	0.458716	0.917373	1.37591	0.917373	0.458716	1.37591	0.917373	0.458716	0.458716	0.458716	0.917373	0.458716	0.917373	0.917373	0.458716	0.458716	0.458716	0.458716	0.458716	0.917373	0.458716	0	0	0.458716	0.458716	0	0	0.458716	0.458716	0	0.458716	0.458716	0.458716	0.458716	0.458716	0.458716	0.458716	0.917373	0.458716	0.458716	0.458716	0	0.458716	0.917373	0.458716	0.458716	0.917373	0.458716	0	0	0.458716	0.917373	0.458716	0	0.458716	0.458716	0	0.458716	0.458716	0	0	0	0.458716	0.458716	0.458716	0.458716	0	0	0.458716	0.917373	0.458716	0	0.458716	0.458716	0.458716	0.917373	0.458716	0.458716	0.917373	0.458716	0.458716	0.917373	0.458716	0.458716	0.458716	0.458716	1.37591	1.37591	0.458716	0.458716	0.917373	0.458716	0.458716	0.458716	0.917373	1.37591	1.37591	0.917373	0.917373	1.37591	0.458716	0.917373	0.917373	0.917373	1.83428	0.917373	0.917373	1.83428	1.83428	0.917373	1.37591	1.37591	0.917373	1.83428	0.917373	0.917373	0.917373	1.37591	1.37591	0.917373	0.917373	0.458716	1.37591	0.917373	0.458716
0.362617	0.512815	0.162173	0.362617	0.486509	0.648667	0.668619	0.584688	0.458672	0.458672	0.917285	0.458672	0.458672	0.458672	0.362617	0.873245	0.648667	0.648667	1.02555	0.986356	0.873284	1.02559	1.02559	0.810839	0.82688	0.873284	1.02559	1.02559	1.02559	1.02559	1.02559	1.02559	0.810839	0.810814	0.648667	0.668639	0.873284	1.02559	1.29717	1.02559	0.917344	1.02559	1.29717	1.02559	0.810839	0.584723	0.648667	0.668619	0.162173	0.362617	0.873245	0.668619	0.162173	0.458672	0.458672	0.362617	0.873245	0.648667	0.362636	0.162173	0.362617	0.486509	0.362636	0.162173	0.362617	0.873245	0.648667	0.648667	0.648667	0.648667	0.648667	0.648667	0.648667	0.648667	1.02555	0.648667	0.362636	0.162173	0.810789	1.30722	1.02555	0.648667	0.648667	1.02555	0.648667	0.648667	0.648667	0.648667	0.668619	0.162173	0.362617	0.873245	0.668619	0.162173	0.362617	0.512815	0.162173	0.362617	0.486509	0.362636	0.162173	0.458672	0.458672	0	0	0	0.162173	0.362636	0.458701	0.486509	0.362617	0	0.162173	0.668619	0.648667	0.458701	0.458701	0.648667	0.873245	0.362617	0.162173	0.362636	0.873245	0.810789	0.162173	0.362636	0.648667	0.873245	0.362617	0.584688	0.668619	0.648667	1.02555	1.30722	0.810789	0.458672	1.26637	0.873245	0.648667	0.648667	0.648667	1.02555	0.648667	0.986356	1.14658	0.810814	0.648667	0.648667	0.648667	0.668639	1.13507	1.02559	0.917344	0.917344	1.02559	1.02559	0.810839	0.584723	0.668639	0.82688	0.584723	0.648667	0.648667	0.648667	0.668619	0.512815	0.486509	0.648667	1.02555	0.648667	0.648667	0.648667	0.362636	0.584688	0.917285	0.458672	0.458672	0.810789	0.486509	0.362636	0.162173	0.362617	0.873245	0.648667	0.362636	0.512815	0.512815	0.162173	0.362617	0.486509	0.362636	0.162173	0	0.458672	0.458672	0.362617	0.486509	0.362636	0.162173	0.458672	0.810789	0.486509	0.362636	0.584688	0.458672	0.458672	0.917285	0.458672	0.458672	0.917285	0.458672	0.458672	0.917285	0.458672	0.458672	0.458672	0.458672	1.26637	1.39475	0.584688	0.458672	0.917285	0.458672	0.458672	0.458672	0.810789	1.39475	1.39475	0.873245	1.02555	1.52954	0.584688	0.917285	0.917285	0.917285	1.8341	0.917285	0.917285	1.8341	1.8341	0.917285	1.26637	1.30722	1.02555	1.89051	1.02555	1.02555	1.02555	1.52954	1.49478	0.917285	0.917285	0.458672	1.37578	0.917285	0.458672
0.162158	0.512765	0.362582	0.162158	0.362601	0.648605	0.873161	0.810712	0.458628	0.458628	0.917197	0.458628	0.458628	0.458628	0.162158	0.668555	0.648605	0.648605	1.02545	0.810737	0.810761	1.02549	1.02549	0.8732	0.8268	0.810761	1.02549	1.02549	1.02549	1.02549	1.02549	1.02549	0.8732	0.986262	0.648605	0.584666	0.810761	1.02549	1.29704	1.02549	0.917256	1.02549	1.29704	1.02549	0.8732	0.668575	0.648605	0.873161	0.362582	0.162158	0.668555	0.873161	0.362582	0.458628	0.458628	0.162158	0.668555	0.648605	0.486463	0.362582	0.162158	0.362601	0.486463	0.362582	0.162158	0.668555	0.648605	0.648605	0.648605	0.648605	0.648605	0.648605	0.648605	0.648605	1.02545	0.648605	0.486463	0.362582	0.584632	1.08763	1.02545	0.648605	0.648605	1.02545	0.648605	0.648605	0.648605	0.648605	0.873161	0.362582	0.162158	0.668555	0.873161	0.362582	0.162158	0.512765	0.362582	0.162158	0.362601	0.486463	0.362582	0.458628	0.458628	0	0	0	0.362582	0.486463	0.458657	0.362601	0.162158	0	0.362582	0.873161	0.648605	0.458657	0.458657	0.648605	0.668555	0.162158	0.362582	0.486463	0.668555	0.584632	0.362582	0.486463	0.648605	0.668555	0.162158	0.810712	0.873161	0.648605	1.02545	1.08763	0.584632	0.458628	1.03817	0.668555	0.648605	0.648605	0.648605	1.02545	0.648605	0.810737	1.14647	0.986262	0.648605	0.648605	0.648605	0.584666	0.986282	1.02549	0.917256	0.917256	1.02549	1.02549	0.8732	0.668575	0.584666	0.8268	0.668575	0.648605	0.648605	0.648605	0.873161	0.512765	0.362601	0.648605	1.02545	0.648605	0.648605	0.648605	0.486463	0.810712	0.917197	0.458628	0.458628	0.584632	0.362601	0.486463	0.362582	0.162158	0.668555	0.648605	0.486463	0.512765	0.512765	0.362582	0.162158	0.362601	0.486463	0.362582	0	0.458628	0.458628	0.162158	0.362601	0.486463	0.362582	0.458628	0.584632	0.362601	0.486463	0.810712	0.458628	0.458628	0.917197	0.458628	0.458628	0.917197	0.458628	0.458628	0.917197	0.458628	0.458628	0.458628	0.458628	1.03817	1.39462	0.810712	0.458628	0.917197	0.458628	0.458628	0.458628	0.584632	1.39462	1.39462	0.668555	1.02545	1.75341	0.810712	0.917197	0.917197	0.917197	1.83392	0.917197	0.917197	1.83392	1.83392	0.917197	1.03817	1.08763	1.02545	1.89033	1.02545	1.02545	1.02545	1.75341	1.72319	0.917197	0.917197	0.458628	1.37565	0.917197	0.458628
0	0.458584	0.458584	0	0	0.458584	0.917109	0.917109	0.458584	0.458584	0.917109	0.458584	0.458584	0.458584	0	0.458584	0.458584	0.458584	0.917109	0.458584	0	0.458584	0.458584	0.458584	0.458584	0	0.458584	0.458584	0.458584	0.458584	0.458584	0.458584	0.458584	0.917109	0.458584	0	0	0.458584	0.917109	0.458584	0	0.458584	0.917109	0.458584	0.458584	0.458584	0.458584	0.917109	0.458584	0	0.458584	0.917109	0.458584	0.458584	0.458584	0	0.458584	0.458584	0.458584	0.458584	0	0	0.458584	0.458584	0	0.458584	0.458584	0.458584	0.458584	0.458584	0.458584	0.458584	0.458584	0.458584	0.917109	0.458584	0.458584	0.458584	0.458584	0.917109	0.917109	0.458584	0.458584	0.917109	0.458584	0.458584	0.458584	0.458584	0.917109	0.458584	0	0.458584	0.917109	0.458584	0	0.458584	0.458584	0	0	0.458584	0.458584	0.458584	0.458584	0	0	0	0.458584	0.458584	0	0	0	0	0.458584	0.917109	0.458584	0	0	0.458584	0.458584	0	0.458584	0.458584	0.458584	0.458584	0.458584	0.458584	0.458584	0.458584	0	0.917109	0.917109	0.458584	0.917109	0.917109	0.458584	0.458584	0.917109	0.458584	0.458584	0.458584	0.458584	0.917109	0.458584	0.458584	0.917109	0.917109	0.458584	0.458584	0.458584	0	0.458584	0.458584	0	0	0.458584	0.458584	0.458584	0.458584	0	0.458584	0.458584	0.458584	0.458584	0.458584	0.917109	0.458584	0	0.458584	0.917109	0.458584	0.458584	0.458584	0.458584	0.917109	0.917109	0.458584	0.458584	0.458584	0	0.458584	0.458584	0	0.458584	0.458584	0.458584	0.458584	0.458584	0.458584	0	0	0.458584	0.458584	0	0.458584	0.458584	0	0	0.458584	0.458584	0.458584	0.458584	0	0.458584	0.917109	0.458584	0.458584	0.917109	0.458584	0.458584	0.917109	0.458584	0.458584	0.917109	0.458584	0.458584	0.458584	0.458584	0.917109	1.37552	0.917109	0.458584	0.917109	0.458584	0.458584	0.458584	0.458584	1.37552	1.37552	0.458584	0.917109	1.83375	0.917109	0.917109	0.917109	0.917109	1.83375	0.917109	0.917109	1.83375	1.83375	0.917109	0.917109	0.917109	0.917109	1.83375	0.917109	0.917109	0.917109	1.83375	1.83375	0.917109	0.917109	0.458584	1.37552	0.917109	0.458584
0	0.45854	0.45854	0	0	0.45854	0.917021	0.810556	0.486369	0.64848	1.02525	0.64848	0.64848	0.64848	0.362531	0.512667	0.486369	0.64848	0.986072	0.826641	0.584554	0.64848	0.64848	0.668446	0.826641	0.584554	0.668446	0.873032	0.986093	0.810581	0.64848	0.64848	0.64848	0.986072	0.873032	0.810606	0.584554	0.64848	0.986072	0.826641	0.584554	0.64848	1.02525	0.64848	0.64848	0.64848	0.64848	1.02525	0.64848	0.458569	0.64848	1.02525	0.64848	0.64848	0.64848	0.362531	0.512667	0.486369	0.64848	0.64848	0.362531	0.162127	0.362513	0.486369	0.362531	0.512667	0.486369	0.64848	0.64848	0.668426	0.58452	0.362513	0.486369	0.64848	1.02525	0.64848	0.64848	0.64848	0.64848	1.02525	1.02525	0.64848	0.64848	1.02525	0.64848	0.64848	0.64848	0.64848	1.02525	0.64848	0.362531	0.512667	0.872994	0.64848	0.362531	0.512667	0.486369	0.362531	0.162127	0.362513	0.512667	0.58452	0.45854	0	0	0	0.45854	0.45854	0	0.162127	0.362531	0.458569	0.64848	0.872994	0.362513	0.162127	0.362531	0.486369	0.512667	0.362531	0.64848	0.64848	0.64848	0.64848	0.486369	0.362513	0.45854	0.58452	0.362531	0.872994	0.810556	0.362513	0.872994	1.02525	0.64848	0.64848	1.02525	0.64848	0.64848	0.64848	0.64848	1.02525	0.64848	0.64848	1.02525	1.02525	0.64848	0.668446	0.873032	0.810606	0.810581	0.64848	0.458569	0.458569	0.64848	0.64848	0.64848	0.64848	0.362531	0.58452	0.45854	0.362513	0.486369	0.64848	1.02525	0.668426	0.162127	0.45854	0.917021	0.45854	0.362513	0.486369	0.64848	1.02525	1.02525	0.64848	0.64848	0.64848	0.458569	0.64848	0.64848	0.362531	0.512667	0.486369	0.64848	0.668426	0.512667	0.486369	0.362531	0.162127	0.362513	0.486369	0.458569	0.64848	0.64848	0.362531	0.162127	0.362513	0.486369	0.64848	0.64848	0.458569	0.64848	1.02525	0.64848	0.64848	1.02525	0.64848	0.64848	1.02525	0.64848	0.64848	1.02525	0.64848	0.64848	0.64848	0.64848	1.02525	1.38491	1.13474	0.986093	1.18012	0.64848	0.64848	0.64848	0.668426	1.39435	1.39435	0.58452	0.810556	1.75307	1.02525	1.02525	1.02525	1.02525	1.88997	1.02525	1.02525	1.97817	1.95145	0.917021	0.917021	0.917021	0.917021	1.83357	0.917021	0.917021	0.917021	1.72286	1.75307	1.02525	1.02525	0.668426	1.39435	0.872994	0.64848
0	0.458496	0.458496	0	0	0.458496	0.916933	0.584464	0.362502	0.648423	1.02516	0.648423	0.648423	0.648423	0.486326	0.512619	0.362502	0.648423	0.810509	0.826571	0.66839	0.648423	0.648423	0.584507	0.826571	0.66839	0.584507	0.810541	1.13464	0.985983	0.648423	0.648423	0.648423	0.810509	0.810541	0.87296	0.66839	0.648423	0.810509	0.826571	0.66839	0.648423	1.02516	0.648423	0.648423	0.648423	0.648423	1.02516	0.648423	0.458533	0.648423	1.02516	0.648423	0.648423	0.648423	0.486326	0.512619	0.362502	0.648423	0.648423	0.486326	0.362479	0.162112	0.362502	0.486326	0.512619	0.362502	0.648423	0.648423	0.872912	0.810478	0.162112	0.362502	0.648423	1.02516	0.648423	0.648423	0.648423	0.648423	1.02516	1.02516	0.648423	0.648423	1.02516	0.648423	0.648423	0.648423	0.648423	1.02516	0.648423	0.486326	0.512619	0.668365	0.648423	0.486326	0.512619	0.362502	0.486326	0.362479	0.162112	0.512619	0.810478	0.458496	0	0	0	0.458496	0.458496	0	0.362479	0.486326	0.458533	0.648423	0.668365	0.162112	0.362479	0.486326	0.362502	0.512619	0.486326	0.648423	0.648423	0.648423	0.648423	0.362502	0.162112	0.458496	0.810478	0.486326	0.668365	0.584464	0.162112	0.668365	1.02516	0.648423	0.648423	1.02516	0.648423	0.648423	0.648423	0.648423	1.02516	0.648423	0.648423	1.02516	1.02516	0.648423	0.584507	0.810541	0.87296	0.985983	0.648423	0.458533	0.458533	0.648423	0.648423	0.648423	0.648423	0.486326	0.810478	0.458496	0.162112	0.362502	0.648423	1.02516	0.872912	0.362479	0.458496	0.916933	0.458496	0.162112	0.362502	0.648423	1.02516	1.02516	0.648423	0.648423	0.648423	0.458533	0.648423	0.648423	0.486326	0.512619	0.362502	0.648423	0.872912	0.512619	0.362502	0.486326	0.362479	0.162112	0.362502	0.458533	0.648423	0.648423	0.486326	0.362479	0.162112	0.362502	0.648423	0.648423	0.458533	0.648423	1.02516	0.648423	0.648423	1.02516	0.648423	0.648423	1.02516	0.648423	0.648423	1.02516	0.648423	0.648423	0.648423	0.648423	1.02516	1.18001	0.986009	1.13464	1.38479	0.648423	0.648423	0.648423	0.872912	1.39422	1.39422	0.810478	0.584464	1.52895	1.02516	1.02516	1.02516	1.02516	1.88979	1.02516	1.02516	2.2038	2.17986	0.916933	0.916933	0.916933	0.916933	1.8334	0.916933	0.916933	0.916933	1.49421	1.52895	1.02516	1.02516	0.872912	1.39422	0.668365	0.648423
0	0.458452	0.458452	0	0	0.458452	0.916845	0.458452	0	0.458452	0.916845	0.458452	0.458452	0.458452	0.458452	0.458452	0	0.458452	0.458452	0.458452	0.458452	0.458452	0.458452	0	0.458452	0.458452	0	0	0.916845	0.916845	0.458452	0.458452	0.458452	0.458452	0	0.458452	0.458452	0.458452	0.458452	0.458452	0.458452	0.458452	0.916845	0.458452	0.458452	0.458452	0.458452	0.916845	0.458452	0	0.458452	0.916845	0.458452	0.458452	0.458452	0.458452	0.458452	0	0.458452	0.458452	0.458452	0.458452	0	0	0.458452	0.458452	0	0.458452	0.458452	0.916845	0.916845	0	0	0.458452	0.916845	0.458452	0.458452	0.458452	0.458452	0.916845	0.916845	0.458452	0.458452	0.916845	0.458452	0.458452	0.458452	0.458452	0.916845	0.458452	0.458452	0.458452	0.458452	0.458452	0.458452	0.458452	0	0.458452	0.458452	0	0.458452	0.916845	0.458452	0	0	0	0.458452	0.458452	0	0.458452	0.458452	0	0.458452	0.458452	0	0.458452	0.458452	0	0.458452	0.458452	0.458452	0.458452	0.458452	0.458452	0	0	0.458452	0.916845	0.458452	0.458452	0.458452	0	0.458452	0.916845	0.458452	0.458452	0.916845	0.458452	0.458452	0.458452	0.458452	0.916845	0.458452	0.458452	0.916845	0.916845	0.458452	0	0	0.458452	0.916845	0.458452	0	0	0.458452	0.458452	0.458452	0.458452	0.458452	0.916845	0.458452	0	0	0.458452	0.916845	0.916845	0.458452	0.458452	0.916845	0.458452	0	0	0.458452	0.916845	0.916845	0.458452	0.458452	0.458452	0	0.458452	0.458452	0.458452	0.458452	0	0.458452	0.916845	0.458452	0	0.458452	0.458452	0	0	0	0.458452	0.458452	0.458452	0.458452	0	0	0.458452	0.458452	0	0.458452	0.916845	0.458452	0.458452	0.916845	0.458452	0.458452	0.916845	0.458452	0.458452	0.916845	0.458452	0.458452	0.458452	0.458452	0.916845	0.916845	0.458452	0.916845	1.37512	0.458452	0.458452	0.458452	0.916845	1.37512	1.37512	0.916845	0.458452	1.37512	0.916845	0.916845	0.916845	0.916845	1.83322	0.916845	0.916845	2.29109	2.29109	0.916845	0.916845	0.916845	0.916845	1.83322	0.916845	0.916845	0.916845	1.37512	1.37512	0.916845	0.916845	0.916845	1.37512	0.458452	0.458452
0	0.458408	0.458408	0	0	0.458408	0.916757	0.458408	0	0.458408	0.916757	0.458408	0.458408	0.458408	0.458408	0.458408	0	0.458408	0.458408	0.458408	0.458408	0.458408	0.458408	0	0.458408	0.458408	0	0	0.916757	0.916757	0.458408	0.458408	0.458408	0.458408	0	0.458408	0.458408	0.458408	0.458408	0.458408	0.458408	0.458408	0.916757	0.458408	0.458408	0.458408	0.458408	0.916757	0.458408	0	0.458408	0.916757	0.458408	0.458408	0.458408	0.458408	0.458408	0	0.458408	0.458408	0.458408	0.458408	0	0	0.458408	0.458408	0	0.458408	0.458408	0.916757	0.916757	0	0	0.458408	0.916757	0.458408	0.458408	0.458408	0.458408	0.916757	0.916757	0.458408	0.458408	0.916757	0.458408	0.458408	0.458408	0.458408	0.916757	0.458408	0.458408	0.458408	0.458408	0.458408	0.458408	0.458408	0	0.458408	0.458408	0	0.458408	0.916757	0.458408	0	0	0	0.458408	0.458408	0	0.458408	0.458408	0	0.458408	0.458408	0	0.458408	0.458408	0	0.458408	0.458408	0.458408	0.458408	0.458408	0.458408	0	0	0.458408	0.916757	0.458408	0.458408	0.458408	0	0.458408	0.916757	0.458408	0.458408	0.916757	0.458408	0.458408	0.458408	0.458408	0.916757	0.458408	0.458408	0.916757	0.916757	0.458408	0	0	0.458408	0.916757	0.458408	0	0	0.458408	0.458408	0.458408	0.458408	0.458408	0.916757	0.458408	0	0	0.458408	0.916757	0.916757	0.458408	0.458408	0.916757	0.458408	0	0	0.458408	0.916757	0.916757	0.458408	0.458408	0.458408	0	0.458408	0.458408	0.458408	0.458408	0	0.458408	0.916757	0.458408	0	0.458408	0.458408	0	0	0	0.458408	0.458408	0.458408	0.458408	0	0	0.458408	0.458408	0	0.458408	0.916757	0.458408	0.458408	0.916757	0.458408	0.458408	0.916757	0.458408	0.458408	0.916757	0.458408	0.458408	0.458408	0.458408	0.916757	0.916757	0.458408	0.916757	1.37499	0.458408	0.458408	0.458408	0.916757	1.37499	1.37499	0.916757	0.458408	1.37499	0.916757	0.916757	0.916757	0.916757	1.83304	0.916757	0.916757	2.29087	2.29087	0.916757	0.916757	0.916757	0.916757	1.83304	0.916757	0.916757	0.916757	1.37499	1.37499	0.916757	0.916757	0.916757	1.37499	0.458408	0.458408
0	0.458364	0.458364	0	0	0.458364	0.916669	0.458364	0	0.458364	0.916669	0.458364	0.458364	0.458364	0.458364	0.458364	0	0.458364	0.458364	0.458364	0.458364	0.458364	0.458364	0	0.458364	0.458364	0	0	0.916669	0.916669	0.458364	0.458364	0.458364	0.458364	0	0.458364	0.458364	0.458364	0.458364	0.458364	0.458364	0.458364	0.916669	0.458364	0.458364	0.458364	0.458364	0.916669	0.458364	0	0.458364	0.916669	0.458364	0.458364	0.458364	0.458364	0.458364	0	0.458364	0.458364	0.458364	0.458364	0	0	0.458364	0.458364	0	0.458364	0.458364	0.916669	0.916669	0	0	0.458364	0.916669	0.458364	0.458364	0.458364	0.458364	0.916669	0.916669	0.458364	0.458364	0.916669	0.458364	0.458364	0.458364	0.458364	0.916669	0.458364	0.458364	0.458364	0.458364	0.458364	0.458364	0.458364	0	0.458364	0.458364	0	0.458364	0.916669	0.458364	0	0	0	0.458364	0.458364	0	0.458364	0.458364	0	0.458364	0.458364	0	0.458364	0.458364	0	0.458364	0.458364	0.458364	0.458364	0.458364	0.458364	0	0	0.458364	0.916669	0.458364	0.458364	0.458364	0	0.458364	0.916669	0.458364	0.458364	0.916669	0.458364	0.458364	0.458364	0.458364	0.916669	0.458364	0.458364	0.916669	0.916669	0.458364	0	0	0.458364	0.916669	0.458364	0	0	0.458364	0.458364	0.458364	0.458364	0.458364	0.916669	0.458364	0	0	0.458364	0.916669	0.916669	0.458364	0.458364	0.916669	0.458364	0	0	0.458364	0.916669	0.916669	0.458364	0.458364	0.458364	0	0.458364	0.458364	0.458364	0.458364	0	0.458364	0.916669	0.458364	0	0.458364	0.458364	0	0	0	0.458364	0.458364	0.458364	0.458364	0	0	0.458364	0.458364	0	0.458364	0.916669	0.458364	0.458364	0.916669	0.458364	0.458364	0.916669	0.458364	0.458364	0.916669	0.458364	0.458364	0.458364	0.458364	0.916669	0.916669	0.458364	0.916669	1.37486	0.458364	0.458364	0.458364	0.916669	1.37486	1.37486	0.916669	0.458364	1.37486	0.916669	0.916669	0.916669	0.916669	1.83287	0.916669	0.916669	2.29065	2.29065	0.916669	0.916669	0.916669	0.916669	1.83287	0.916669	0.916669	0.916669	1.37486	1.37486	0.916669	0.916669	0.916669	1.37486	0.458364	0.458364
0.362363	0.512423	0.48614	0.362363	0.16205	0.45832	0.810167	0.512423	0.16205	0.45832	0.916581	0.45832	0.362339	0.48614	0.648174	0.668108	0.16205	0.362339	0.512423	0.512423	0.48614	0.648174	0.648174	0.362363	0.512423	0.48614	0.362363	0.16205	0.810167	0.872577	0.648174	0.648174	0.668133	0.826254	0.584283	0.648174	0.648174	0.648174	0.668108	0.512423	0.48614	0.648174	1.02476	0.648174	0.648174	0.648174	0.648174	1.02476	0.648174	0.362363	0.584239	0.916581	0.45832	0.362339	0.48614	0.648174	0.668108	0.16205	0.362339	0.512423	0.584239	0.45832	0	0	0.45832	0.45832	0	0.362339	0.48614	0.985604	1.13421	0.810229	0.584283	0.648174	1.02476	0.648174	0.648174	0.648174	0.648174	1.02476	1.02476	0.648174	0.648174	1.02476	0.648174	0.648174	0.648174	0.648174	1.02476	0.648174	0.648174	0.668108	0.512423	0.48614	0.648174	0.648174	0.458356	0.648174	0.648174	0.362363	0.512423	0.872577	0.648174	0.458356	0.362363	0.16205	0.45832	0.45832	0	0.45832	0.45832	0	0.45832	0.584239	0.362363	0.48614	0.362339	0.16205	0.512423	0.362339	0.45832	0.45832	0.45832	0.45832	0.16205	0.362363	0.48614	0.810167	0.45832	0.45832	0.45832	0	0.45832	0.916581	0.45832	0.45832	0.810167	0.48614	0.648174	0.648174	0.648174	1.02476	0.648174	0.648174	0.985604	1.13421	1.02481	0.810229	0.584283	0.648174	0.985604	0.872625	0.810229	0.584283	0.648174	0.648174	0.648174	0.648174	0.648174	1.02476	0.648174	0.362363	0.16205	0.362339	0.872577	1.02476	0.648174	0.668108	1.03748	0.45832	0	0	0.45832	0.916581	0.916581	0.45832	0.362339	0.512423	0.16205	0.362339	0.48614	0.648174	0.668108	0.16205	0.362339	0.872577	0.648174	0.458356	0.648174	0.648174	0.362363	0.16205	0	0.45832	0.45832	0.362339	0.48614	0.362363	0.16205	0.362339	0.512423	0.16205	0.45832	0.916581	0.45832	0.362339	0.872577	0.648174	0.648174	1.02476	0.648174	0.668133	1.13421	1.02481	1.02481	1.02481	0.98563	1.17955	1.02476	0.648174	1.02476	1.44907	0.648174	0.668108	0.584239	0.810167	1.39368	1.49363	0.916581	0.45832	1.37472	0.916581	0.916581	0.916581	0.916581	1.83269	0.916581	0.916581	2.17903	2.20295	1.02476	1.02476	1.02476	1.02476	1.88907	1.02476	1.02476	1.02476	1.44907	1.44907	1.02476	1.02476	0.985604	1.49367	1.02481	0.98563
0.486093	0.512373	0.362328	0.486093	0.362305	0.458276	0.584183	0.512373	0.362305	0.458276	0.916493	0.458276	0.162034	0.362328	0.648112	0.872493	0.362305	0.162034	0.512373	0.512373	0.362328	0.648112	0.648112	0.486093	0.512373	0.362328	0.486093	0.362305	0.584183	0.668044	0.648112	0.648112	0.584226	0.826175	0.668069	0.648112	0.648112	0.648112	0.872493	0.512373	0.362328	0.648112	1.02466	0.648112	0.648112	0.648112	0.648112	1.02466	0.648112	0.486093	0.810089	0.916493	0.458276	0.162034	0.362328	0.648112	0.872493	0.362305	0.162034	0.512373	0.810089	0.458276	0	0	0.458276	0.458276	0	0.162034	0.362328	0.810121	0.985535	0.872541	0.668069	0.648112	1.02466	0.648112	0.648112	0.648112	0.648112	1.02466	1.02466	0.648112	0.648112	1.02466	0.648112	0.648112	0.648112	0.648112	1.02466	0.648112	0.648112	0.872493	0.512373	0.362328	0.648112	0.648112	0.458312	0.648112	0.648112	0.486093	0.512373	0.668044	0.648112	0.458312	0.486093	0.362305	0.458276	0.458276	0	0.458276	0.458276	0	0.458276	0.810089	0.486093	0.362328	0.162034	0.362305	0.512373	0.162034	0.458276	0.458276	0.458276	0.458276	0.362305	0.486093	0.362328	0.584183	0.458276	0.458276	0.458276	0	0.458276	0.916493	0.458276	0.458276	0.584183	0.362328	0.648112	0.648112	0.648112	1.02466	0.648112	0.648112	0.810121	0.985535	1.02471	0.872541	0.668069	0.648112	0.810121	0.810152	0.872541	0.668069	0.648112	0.648112	0.648112	0.648112	0.648112	1.02466	0.648112	0.486093	0.362305	0.162034	0.668044	1.02466	0.648112	0.872493	1.26528	0.458276	0	0	0.458276	0.916493	0.916493	0.458276	0.162034	0.512373	0.362305	0.162034	0.362328	0.648112	0.872493	0.362305	0.162034	0.668044	0.648112	0.458312	0.648112	0.648112	0.486093	0.362305	0	0.458276	0.458276	0.162034	0.362328	0.486093	0.362305	0.162034	0.512373	0.362305	0.458276	0.916493	0.458276	0.162034	0.668044	0.648112	0.648112	1.02466	0.648112	0.584226	0.985535	1.02471	1.02471	1.02471	1.1341	1.38412	1.02466	0.648112	1.02466	1.44893	0.648112	0.872493	0.810089	0.584183	1.39355	1.72187	0.916493	0.458276	1.37459	0.916493	0.916493	0.916493	0.916493	1.83252	0.916493	0.916493	1.95033	1.97703	1.02466	1.02466	1.02466	1.02466	1.88888	1.02466	1.02466	1.02466	1.44893	1.44893	1.02466	1.02466	0.810121	1.30613	1.02471	1.1341
0.458232	0.458232	0	0.458232	0.458232	0.458232	0.458232	0.458232	0.458232	0.458232	0.916405	0.458232	0	0	0.458232	0.916405	0.458232	0	0.458232	0.458232	0	0.458232	0.458232	0.458232	0.458232	0	0.458232	0.458232	0.458232	0.458232	0.458232	0.458232	0	0.458232	0.458232	0.458232	0.458232	0.458232	0.916405	0.458232	0	0.458232	0.916405	0.458232	0.458232	0.458232	0.458232	0.916405	0.458232	0.458232	0.916405	0.916405	0.458232	0	0	0.458232	0.916405	0.458232	0	0.458232	0.916405	0.458232	0	0	0.458232	0.458232	0	0	0	0.458232	0.458232	0.458232	0.458232	0.458232	0.916405	0.458232	0.458232	0.458232	0.458232	0.916405	0.916405	0.458232	0.458232	0.916405	0.458232	0.458232	0.458232	0.458232	0.916405	0.458232	0.458232	0.916405	0.458232	0	0.458232	0.458232	0	0.458232	0.458232	0.458232	0.458232	0.458232	0.458232	0	0.458232	0.458232	0.458232	0.458232	0	0.458232	0.458232	0	0.458232	0.916405	0.458232	0	0	0.458232	0.458232	0	0.458232	0.458232	0.458232	0.458232	0.458232	0.458232	0	0.458232	0.458232	0.458232	0.458232	0	0.458232	0.916405	0.458232	0.458232	0.458232	0	0.458232	0.458232	0.458232	0.916405	0.458232	0.458232	0.458232	0.458232	0.458232	0.458232	0.458232	0.458232	0.458232	0	0.458232	0.458232	0.458232	0.458232	0.458232	0.458232	0.458232	0.916405	0.458232	0.458232	0.458232	0	0.458232	0.916405	0.458232	0.916405	1.37446	0.458232	0	0	0.458232	0.916405	0.916405	0.458232	0	0.458232	0.458232	0	0	0.458232	0.916405	0.458232	0	0.458232	0.458232	0	0.458232	0.458232	0.458232	0.458232	0	0.458232	0.458232	0	0	0.458232	0.458232	0	0.458232	0.458232	0.458232	0.916405	0.458232	0	0.458232	0.458232	0.458232	0.916405	0.458232	0	0.458232	0.458232	0.458232	0.458232	0.916405	1.37446	0.916405	0.458232	0.916405	1.37446	0.458232	0.916405	0.916405	0.458232	1.37446	1.83234	0.916405	0.458232	1.37446	0.916405	0.916405	0.916405	0.916405	1.83234	0.916405	0.916405	1.83234	1.83234	0.916405	0.916405	0.916405	0.916405	1.83234	0.916405	0.916405	0.916405	1.37446	1.37446	0.916405	0.916405	0.458232	0.916405	0.458232	0.916405
0.458188	0.458188	0	0.458188	0.458188	0.458188	0.458188	0.458188	0.458188	0.458188	0.916317	0.458188	0	0	0.458188	0.916317	0.458188	0	0.458188	0.458188	0	0.458188	0.458188	0.458188	0.458188	0	0.458188	0.458188	0.458188	0.458188	0.458188	0.458188	0	0.458188	0.458188	0.458188	0.458188	0.458188	0.916317	0.458188	0	0.458188	0.916317	0.458188	0.458188	0.458188	0.458188	0.916317	0.458188	0.458188	0.916317	0.916317	0.458188	0	0	0.458188	0.916317	0.458188	0	0.458188	0.916317	0.458188	0	0	0.458188	0.458188	0	0	0	0.458188	0.458188	0.458188	0.458188	0.458188	0.916317	0.458188	0.458188	0.458188	0.458188	0.916317	0.916317	0.458188	0.458188	0.916317	0.458188	0.458188	0.458188	0.458188	0.916317	0.458188	0.458188	0.916317	0.458188	0	0.458188	0.458188	0	0.458188	0.458188	0.458188	0.458188	0.458188	0.458188	0	0.458188	0.458188	0.458188	0.458188	0	0.458188	0.458188	0	0.458188	0.916317	0.458188	0	0	0.458188	0.458188	0	0.458188	0.458188	0.458188	0.458188	0.458188	0.458188	0	0.458188	0.458188	0.458188	0.458188	0	0.458188	0.916317	0.458188	0.458188	0.458188	0	0.458188	0.458188	0.458188	0.916317	0.458188	0.458188	0.458188	0.458188	0.458188	0.458188	0.458188	0.458188	0.458188	0	0.458188	0.458188	0.458188	0.458188	0.458188	0.458188	0.458188	0.916317	0.458188	0.458188	0.458188	0	0.458188	0.916317	0.458188	0.916317	1.37433	0.458188	0	0	0.458188	0.916317	0.916317	0.458188	0	0.458188	0.458188	0	0	0.458188	0.916317	0.458188	0	0.458188	0.458188	0	0.458188	0.458188	0.458188	0.458188	0	0.458188	0.458188	0	0	0.458188	0.458188	0	0.458188	0.458188	0.458188	0.916317	0.458188	0	0.458188	0.458188	0.458188	0.916317	0.458188	0	0.458188	0.458188	0.458188	0.458188	0.916317	1.37433	0.916317	0.458188	0.916317	1.37433	0.458188	0.916317	0.916317	0.458188	1.37433	1.83217	0.916317	0.458188	1.37433	0.916317	0.916317	0.916317	0.916317	1.83217	0.916317	0.916317	1.83217	1.83217	0.916317	0.916317	0.916317	0.916317	1.83217	0.916317	0.916317	0.916317	1.37433	1.37433	0.916317	0.916317	0.458188	0.916317	0.458188	0.916317
0.647925	0.667852	0.161988	0.3622	0.485953	0.647925	0.667852	0.584015	0.458144	0.3622	0.872242	0.647925	0.362224	0.161988	0.3622	0.872242	0.647925	0.362224	0.512226	0.512226	0.161988	0.3622	0.485953	0.647925	0.647925	0.458181	0.647925	0.647925	0.647925	0.647925	0.647925	0.647925	0.362224	0.584015	0.458144	0.458144	0.458144	0.458144	0.809856	0.512226	0.161988	0.458144	0.916229	0.458144	0.458144	0.458144	0.458144	0.916229	0.458144	0.458144	0.916229	0.809856	0.485953	0.362224	0.161988	0.458144	0.809856	0.485953	0.362224	0.512226	0.872242	0.647925	0.362224	0.161988	0.3622	0.512226	0.161988	0	0	0.458144	0.458144	0.458144	0.458144	0.458144	0.916229	0.458144	0.458144	0.458144	0.3622	0.872242	1.02437	0.647925	0.647925	1.02437	0.647925	0.647925	0.647925	0.647925	1.02437	0.647925	0.647925	1.02437	0.647925	0.458181	0.647925	0.667852	0.161988	0.3622	0.485953	0.647925	0.667852	0.512226	0.485953	0.362224	0.512226	0.485953	0.647925	0.647925	0.362224	0.512226	0.485953	0.362224	0.512226	0.872242	0.647925	0.362224	0.161988	0.3622	0.512226	0.161988	0.3622	0.485953	0.667852	0.584015	0.3622	0.485953	0.362224	0.512226	0.485953	0.647925	0.647925	0.362224	0.512226	0.872242	0.647925	0.667877	0.825937	0.584058	0.647925	0.647925	0.647925	1.02437	0.647925	0.667877	0.825937	0.809887	0.647925	0.647925	0.647925	0.647925	0.647925	0.458181	0.647925	0.647925	0.667852	0.584015	0.458144	0.458144	0.458144	0.916229	0.458144	0.3622	0.485953	0.362224	0.584015	0.916229	0.458144	0.809856	1.30572	0.647925	0.362224	0.161988	0.458144	0.809856	0.872242	0.647925	0.362224	0.512226	0.485953	0.362224	0.161988	0.3622	0.872242	0.647925	0.362224	0.512226	0.512226	0.161988	0.3622	0.485953	0.647925	0.667852	0.161988	0.3622	0.512226	0.161988	0	0.458144	0.458144	0	0.458144	0.458144	0.3622	0.825911	0.87229	0.809918	0.809887	0.647925	0.647925	0.985226	0.87229	0.809918	0.809887	0.647925	0.647925	0.647925	0.985226	1.53635	1.1791	0.647925	1.02437	1.44851	0.647925	1.02437	1.02437	0.667852	1.49306	1.83199	0.916229	0.458144	1.3742	0.916229	0.809856	0.872242	1.02437	1.88834	1.02437	1.02437	1.88834	1.88834	1.02437	1.02437	1.02437	1.02437	1.81042	1.13377	1.29569	1.29569	1.65148	1.65148	1.29569	1.29569	1.02442	1.29569	1.02442	1.29569
0.647863	0.872158	0.362166	0.161972	0.362189	0.647863	0.872158	0.809779	0.4581	0.161972	0.667788	0.647863	0.485906	0.362166	0.161972	0.667788	0.647863	0.485906	0.512177	0.512177	0.362166	0.161972	0.362189	0.647863	0.647863	0.458137	0.647863	0.647863	0.647863	0.647863	0.647863	0.647863	0.485906	0.809779	0.4581	0.4581	0.4581	0.4581	0.583959	0.512177	0.362166	0.4581	0.916141	0.4581	0.4581	0.4581	0.4581	0.916141	0.4581	0.4581	0.916141	0.583959	0.362189	0.485906	0.362166	0.4581	0.583959	0.362189	0.485906	0.512177	0.667788	0.647863	0.485906	0.362166	0.161972	0.512177	0.362166	0	0	0.4581	0.4581	0.4581	0.4581	0.4581	0.916141	0.4581	0.4581	0.4581	0.161972	0.667788	1.02427	0.647863	0.647863	1.02427	0.647863	0.647863	0.647863	0.647863	1.02427	0.647863	0.647863	1.02427	0.647863	0.458137	0.647863	0.872158	0.362166	0.161972	0.362189	0.647863	0.872158	0.512177	0.362189	0.485906	0.512177	0.362189	0.647863	0.647863	0.485906	0.512177	0.362189	0.485906	0.512177	0.667788	0.647863	0.485906	0.362166	0.161972	0.512177	0.362166	0.161972	0.362189	0.872158	0.809779	0.161972	0.362189	0.485906	0.512177	0.362189	0.647863	0.647863	0.485906	0.512177	0.667788	0.647863	0.584002	0.825858	0.667813	0.647863	0.647863	0.647863	1.02427	0.647863	0.584002	0.825858	0.985132	0.647863	0.647863	0.647863	0.647863	0.647863	0.458137	0.647863	0.647863	0.872158	0.809779	0.4581	0.4581	0.4581	0.916141	0.4581	0.161972	0.362189	0.485906	0.809779	0.916141	0.4581	0.583959	1.08638	0.647863	0.485906	0.362166	0.4581	0.583959	0.667788	0.647863	0.485906	0.512177	0.362189	0.485906	0.362166	0.161972	0.667788	0.647863	0.485906	0.512177	0.512177	0.362166	0.161972	0.362189	0.647863	0.872158	0.362166	0.161972	0.512177	0.362166	0	0.4581	0.4581	0	0.4581	0.4581	0.161972	0.512201	0.809841	0.872206	0.985132	0.647863	0.647863	0.80981	0.809841	0.872206	0.985132	0.647863	0.647863	0.647863	0.80981	1.5362	1.38359	0.647863	1.02427	1.44837	0.647863	1.02427	1.02427	0.872158	1.72121	1.83181	0.916141	0.4581	1.37407	0.916141	0.583959	0.667788	1.02427	1.88816	1.02427	1.02427	1.88816	1.88816	1.02427	1.02427	1.02427	1.02427	1.59479	0.985157	1.29556	1.29556	1.65132	1.65132	1.29556	1.29556	1.02432	1.29556	1.02432	1.29556
0.458063	0.916068	0.458063	0	0	0.458063	0.916068	0.916068	0.458063	0	0.458063	0.458063	0.458063	0.458063	0	0.458063	0.458063	0.458063	0.458063	0.458063	0.458063	0	0	0.458063	0.458063	0	0.458063	0.458063	0.458063	0.458063	0.458063	0.458063	0.458063	0.916068	0.458063	0.458063	0.458063	0.458063	0.458063	0.458063	0.458063	0.458063	0.916068	0.458063	0.458063	0.458063	0.458063	0.916068	0.458063	0.458063	0.916068	0.458063	0	0.458063	0.458063	0.458063	0.458063	0	0.458063	0.458063	0.458063	0.458063	0.458063	0.458063	0	0.458063	0.458063	0	0	0.458063	0.458063	0.458063	0.458063	0.458063	0.916068	0.458063	0.458063	0.458063	0	0.458063	0.916068	0.458063	0.458063	0.916068	0.458063	0.458063	0.458063	0.458063	0.916068	0.458063	0.458063	0.916068	0.458063	0	0.458063	0.916068	0.458063	0	0	0.458063	0.916068	0.458063	0	0.458063	0.458063	0	0.458063	0.458063	0.458063	0.458063	0	0.458063	0.458063	0.458063	0.458063	0.458063	0.458063	0	0.458063	0.458063	0	0	0.916068	0.916068	0	0	0.458063	0.458063	0	0.458063	0.458063	0.458063	0.458063	0.458063	0.458063	0	0.458063	0.458063	0.458063	0.458063	0.458063	0.916068	0.458063	0	0.458063	0.916068	0.458063	0.458063	0.458063	0.458063	0.458063	0	0.458063	0.458063	0.916068	0.916068	0.458063	0.458063	0.458063	0.916068	0.458063	0	0	0.458063	0.916068	0.916068	0.458063	0.458063	0.916068	0.458063	0.458063	0.458063	0.458063	0.458063	0.458063	0.458063	0.458063	0.458063	0	0.458063	0.458063	0	0.458063	0.458063	0.458063	0.458063	0.458063	0.458063	0	0	0.458063	0.916068	0.458063	0	0.458063	0.458063	0	0.458063	0.458063	0	0.458063	0.458063	0	0	0	0.458063	0.916068	0.458063	0.458063	0.458063	0	0.458063	0.916068	0.458063	0.458063	0.458063	0.458063	1.37396	1.37396	0.458063	0.916068	1.37396	0.458063	0.916068	0.916068	0.916068	1.83167	1.83167	0.916068	0.458063	1.37396	0.916068	0.458063	0.458063	0.916068	1.83167	0.916068	0.916068	1.83167	1.83167	0.916068	0.916068	0.916068	0.916068	1.37396	0.458063	0.916068	0.916068	1.37396	1.37396	0.916068	0.916068	0.458063	0.916068	0.458063	0.916068
0.458019	0.91598	0.458019	0	0	0.458019	0.91598	0.91598	0.458019	0	0.458019	0.458019	0.458019	0.458019	0	0.458019	0.458019	0.458019	0.458019	0.458019	0.458019	0	0	0.458019	0.458019	0	0.458019	0.458019	0.458019	0.458019	0.458019	0.458019	0.458019	0.91598	0.458019	0.458019	0.458019	0.458019	0.458019	0.458019	0.458019	0.458019	0.91598	0.458019	0.458019	0.458019	0.458019	0.91598	0.458019	0.458019	0.91598	0.458019	0	0.458019	0.458019	0.458019	0.458019	0	0.458019	0.458019	0.458019	0.458019	0.458019	0.458019	0	0.458019	0.458019	0	0	0.458019	0.458019	0.458019	0.458019	0.458019	0.91598	0.458019	0.458019	0.458019	0	0.458019	0.91598	0.458019	0.458019	0.91598	0.458019	0.458019	0.458019	0.458019	0.91598	0.458019	0.458019	0.91598	0.458019	0	0.458019	0.91598	0.458019	0	0	0.458019	0.91598	0.458019	0	0.458019	0.458019	0	0.458019	0.458019	0.458019	0.458019	0	0.458019	0.458019	0.458019	0.458019	0.458019	0.458019	0	0.458019	0.458019	0	0	0.91598	0.91598	0	0	0.458019	0.458019	0	0.458019	0.458019	0.458019	0.458019	0.458019	0.458019	0	0.458019	0.458019	0.458019	0.458019	0.458019	0.91598	0.458019	0	0.458019	0.91598	0.458019	0.458019	0.458019	0.458019	0.458019	0	0.458019	0.458019	0.91598	0.91598	0.458019	0.458019	0.458019	0.91598	0.458019	0	0	0.458019	0.91598	0.91598	0.458019	0.458019	0.91598	0.458019	0.458019	0.458019	0.458019	0.458019	0.458019	0.458019	0.458019	0.458019	0	0.458019	0.458019	0	0.458019	0.458019	0.458019	0.458019	0.458019	0.458019	0	0	0.458019	0.91598	0.458019	0	0.458019	0.458019	0	0.458019	0.458019	0	0.458019	0.458019	0	0	0	0.458019	0.91598	0.458019	0.458019	0.458019	0	0.458019	0.91598	0.458019	0.458019	0.458019	0.458019	1.37382	1.37382	0.458019	0.91598	1.37382	0.458019	0.91598	0.91598	0.91598	1.83149	1.83149	0.91598	0.458019	1.37382	0.91598	0.458019	0.458019	0.91598	1.83149	0.91598	0.91598	1.83149	1.83149	0.91598	0.91598	0.91598	0.91598	1.37382	0.458019	0.91598	0.91598	1.37382	1.37382	0.91598	0.91598	0.458019	0.91598	0.458019	0.91598
0.457975	0.915892	0.457975	0	0	0.457975	0.915892	0.915892	0.457975	0	0.457975	0.457975	0.457975	0.457975	0	0.457975	0.457975	0.457975	0.457975	0.457975	0.457975	0	0	0.457975	0.457975	0	0.457975	0.457975	0.457975	0.457975	0.457975	0.457975	0.457975	0.915892	0.457975	0.457975	0.457975	0.457975	0.457975	0.457975	0.457975	0.457975	0.915892	0.457975	0.457975	0.457975	0.457975	0.915892	0.457975	0.457975	0.915892	0.457975	0	0.457975	0.457975	0.457975	0.457975	0	0.457975	0.457975	0.457975	0.457975	0.457975	0.457975	0	0.457975	0.457975	0	0	0.457975	0.457975	0.457975	0.457975	0.457975	0.915892	0.457975	0.457975	0.457975	0	0.457975	0.915892	0.457975	0.457975	0.915892	0.457975	0.457975	0.457975	0.457975	0.915892	0.457975	0.457975	0.915892	0.457975	0	0.457975	0.915892	0.457975	0	0	0.457975	0.915892	0.457975	0	0.457975	0.457975	0	0.457975	0.457975	0.457975	0.457975	0	0.457975	0.457975	0.457975	0.457975	0.457975	0.457975	0	0.457975	0.457975	0	0	0.915892	0.915892	0	0	0.457975	0.457975	0	0.457975	0.457975	0.457975	0.457975	0.457975	0.457975	0	0.457975	0.457975	0.457975	0.457975	0.457975	0.915892	0.457975	0	0.457975	0.915892	0.457975	0.457975	0.457975	0.457975	0.457975	0	0.457975	0.457975	0.915892	0.915892	0.457975	0.457975	0.457975	0.915892	0.457975	0	0	0.457975	0.915892	0.915892	0.457975	0.457975	0.915892	0.457975	0.457975	0.457975	0.457975	0.457975	0.457975	0.457975	0.457975	0.457975	0	0.457975	0.457975	0	0.457975	0.457975	0.457975	0.457975	0.457975	0.457975	0	0	0.457975	0.915892	0.457975	0	0.457975	0.457975	0	0.457975	0.457975	0	0.457975	0.457975	0	0	0	0.457975	0.915892	0.457975	0.457975	0.457975	0	0.457975	0.915892	0.457975	0.457975	0.457975	0.457975	1.37369	1.37369	0.457975	0.915892	1.37369	0.457975	0.915892	0.915892	0.915892	1.83132	1.83132	0.915892	0.457975	1.37369	0.915892	0.457975	0.457975	0.915892	1.83132	0.915892	0.915892	1.83132	1.83132	0.915892	0.915892	0.915892	0.915892	1.37369	0.457975	0.915892	0.915892	1.37369	1.37369	0.915892	0.915892	0.457975	0.915892	0.457975	0.915892
0.362032	0.871836	0.64762	0.36205	0.161911	0.457932	0.915805	0.809481	0.485724	0.36205	0.511987	0.485724	0.64762	0.64762	0.36205	0.511987	0.485724	0.64762	0.64762	0.66756	0.871874	0.80953	0.583779	0.66756	0.825545	0.583779	0.66756	0.871874	0.984785	0.809505	0.64762	0.64762	0.64762	1.02389	0.64762	0.64762	0.64762	0.64762	0.667539	0.583744	0.457932	0.457932	0.915805	0.457932	0.457932	0.457932	0.457932	0.915805	0.457932	0.457932	0.915805	0.457932	0	0.457932	0.457932	0.457932	0.457932	0	0.457932	0.457932	0.457932	0.457932	0.457932	0.457932	0	0.457932	0.457932	0	0	0.457932	0.457932	0.457932	0.457932	0.362032	0.871836	0.64762	0.64762	0.64762	0.36205	0.583744	0.915805	0.457932	0.457932	0.915805	0.457932	0.457932	0.457932	0.457932	0.915805	0.457932	0.457932	0.809481	0.511987	0.161911	0.457932	0.809481	0.485724	0.36205	0.161911	0.362032	0.871836	0.667539	0.161911	0.362032	0.511987	0.161911	0.362032	0.485724	0.64762	0.64762	0.457961	0.64762	0.667539	0.511987	0.485724	0.64762	0.64762	0.457961	0.64762	0.64762	0.36205	0.161911	0.809481	0.871836	0.457961	0.457961	0.64762	0.667539	0.161911	0.362032	0.485724	0.64762	0.64762	0.64762	0.64762	0.36205	0.511987	0.485724	0.64762	0.64762	0.66756	1.13324	1.02393	0.80953	0.809505	1.02389	0.64762	0.64762	0.64762	0.64762	0.667539	0.161911	0.457932	0.457932	0.809481	0.871836	0.64762	0.64762	0.64762	1.02389	0.64762	0.36205	0.161911	0.457932	0.915805	0.915805	0.457932	0.457932	0.915805	0.457932	0.362032	0.485724	0.64762	0.667539	0.511987	0.485724	0.64762	0.64762	0.457961	0.64762	0.64762	0.36205	0.511987	0.485724	0.64762	0.64762	0.64762	0.64762	0.36205	0.161911	0.362032	0.871836	0.64762	0.36205	0.511987	0.511987	0.161911	0.457932	0.457932	0	0.457932	0.457932	0	0	0	0.457932	0.809481	0.485724	0.64762	0.64762	0.457961	0.64762	1.02389	0.64762	0.64762	0.64762	0.667539	1.3925	1.3925	0.583744	0.809481	1.3925	0.583744	0.809481	0.871836	1.02389	1.88746	1.88746	1.02389	0.64762	1.44784	1.02389	0.64762	0.64762	1.02389	1.80958	1.13324	1.29507	2.04713	2.04713	1.29507	1.30516	1.49244	1.65075	1.9422	1.44791	1.65075	1.65075	1.9422	1.9422	1.68995	1.89448	1.80967	1.7878	1.17859	1.29507
0.161896	0.667475	0.647558	0.485677	0.361997	0.457888	0.915717	0.583688	0.362016	0.485677	0.511938	0.362016	0.647558	0.647558	0.485677	0.511938	0.362016	0.647558	0.647558	0.583723	0.809453	0.87179	0.667496	0.583723	0.825466	0.667496	0.583723	0.809453	1.13313	0.98467	0.647558	0.647558	0.647558	1.02379	0.647558	0.647558	0.647558	0.647558	0.871752	0.809403	0.457888	0.457888	0.915717	0.457888	0.457888	0.457888	0.457888	0.915717	0.457888	0.457888	0.915717	0.457888	0	0.457888	0.457888	0.457888	0.457888	0	0.457888	0.457888	0.457888	0.457888	0.457888	0.457888	0	0.457888	0.457888	0	0	0.457888	0.457888	0.457888	0.457888	0.161896	0.667475	0.647558	0.647558	0.647558	0.485677	0.809403	0.915717	0.457888	0.457888	0.915717	0.457888	0.457888	0.457888	0.457888	0.915717	0.457888	0.457888	0.583688	0.511938	0.361997	0.457888	0.583688	0.362016	0.485677	0.361997	0.161896	0.667475	0.871752	0.361997	0.161896	0.511938	0.361997	0.161896	0.362016	0.647558	0.647558	0.457917	0.647558	0.871752	0.511938	0.362016	0.647558	0.647558	0.457917	0.647558	0.647558	0.485677	0.361997	0.583688	0.667475	0.457917	0.457917	0.647558	0.871752	0.361997	0.161896	0.362016	0.647558	0.647558	0.647558	0.647558	0.485677	0.511938	0.362016	0.647558	0.647558	0.583723	0.98469	1.02383	0.87179	0.98467	1.02379	0.647558	0.647558	0.647558	0.647558	0.871752	0.361997	0.457888	0.457888	0.583688	0.667475	0.647558	0.647558	0.647558	1.02379	0.647558	0.485677	0.361997	0.457888	0.915717	0.915717	0.457888	0.457888	0.915717	0.457888	0.161896	0.362016	0.647558	0.871752	0.511938	0.362016	0.647558	0.647558	0.457917	0.647558	0.647558	0.485677	0.511938	0.362016	0.647558	0.647558	0.647558	0.647558	0.485677	0.361997	0.161896	0.667475	0.647558	0.485677	0.511938	0.511938	0.361997	0.457888	0.457888	0	0.457888	0.457888	0	0	0	0.457888	0.583688	0.362016	0.647558	0.647558	0.457917	0.647558	1.02379	0.647558	0.647558	0.647558	0.871752	1.39237	1.39237	0.809403	0.583688	1.39237	0.809403	0.583688	0.667475	1.02379	1.88728	1.88728	1.02379	0.647558	1.4477	1.02379	0.647558	0.647558	1.02379	1.59404	0.98469	1.29495	2.04693	2.04693	1.29495	1.17848	1.383	1.65059	1.94201	1.44777	1.65059	1.65059	1.94201	1.94201	1.59412	1.8095	1.8943	2.10991	1.30503	1.29495
0	0.457844	0.457844	0.457844	0.457844	0.457844	0.915629	0.457844	0	0.457844	0.457844	0	0.457844	0.457844	0.457844	0.457844	0	0.457844	0.457844	0	0	0.457844	0.457844	0	0.457844	0.457844	0	0	0.915629	0.915629	0.457844	0.457844	0.457844	0.915629	0.457844	0.457844	0.457844	0.457844	0.915629	0.915629	0.457844	0.457844	0.915629	0.457844	0.457844	0.457844	0.457844	0.915629	0.457844	0.457844	0.915629	0.457844	0	0.457844	0.457844	0.457844	0.457844	0	0.457844	0.457844	0.457844	0.457844	0.457844	0.457844	0	0.457844	0.457844	0	0	0.457844	0.457844	0.457844	0.457844	0	0.457844	0.457844	0.457844	0.457844	0.457844	0.915629	0.915629	0.457844	0.457844	0.915629	0.457844	0.457844	0.457844	0.457844	0.915629	0.457844	0.457844	0.457844	0.457844	0.457844	0.457844	0.457844	0	0.457844	0.457844	0	0.457844	0.915629	0.457844	0	0.457844	0.457844	0	0	0.457844	0.457844	0	0.457844	0.915629	0.457844	0	0.457844	0.457844	0	0.457844	0.457844	0.457844	0.457844	0.457844	0.457844	0	0	0.457844	0.915629	0.457844	0	0	0.457844	0.457844	0.457844	0.457844	0.457844	0.457844	0	0.457844	0.457844	0	0.457844	0.457844	0.457844	0.915629	0.915629	0.457844	0.457844	0.457844	0.457844	0.915629	0.457844	0.457844	0.457844	0.457844	0.457844	0.457844	0.457844	0.457844	0.915629	0.457844	0.457844	0.457844	0.457844	0.915629	0.915629	0.457844	0.457844	0.915629	0.457844	0	0	0.457844	0.915629	0.457844	0	0.457844	0.457844	0	0.457844	0.457844	0.457844	0.457844	0	0.457844	0.457844	0.457844	0.457844	0.457844	0.457844	0	0.457844	0.457844	0.457844	0.457844	0.457844	0.457844	0.457844	0.457844	0	0.457844	0.457844	0	0	0	0.457844	0.457844	0	0.457844	0.457844	0	0.457844	0.915629	0.457844	0.457844	0.457844	0.915629	1.3733	1.3733	0.915629	0.457844	1.3733	0.915629	0.457844	0.457844	0.915629	1.83079	1.83079	0.915629	0.457844	1.3733	0.915629	0.457844	0.457844	0.915629	1.3733	0.457844	0.915629	1.83079	1.83079	0.915629	0.457844	0.457844	0.915629	1.3733	0.457844	0.915629	0.915629	1.3733	1.3733	0.457844	0.457844	0.915629	1.83079	0.915629	0.915629
0	0.4578	0.4578	0.4578	0.4578	0.4578	0.915541	0.4578	0	0.4578	0.4578	0	0.4578	0.4578	0.4578	0.4578	0	0.4578	0.4578	0	0	0.4578	0.4578	0	0.4578	0.4578	0	0	0.915541	0.915541	0.4578	0.4578	0.4578	0.915541	0.4578	0.4578	0.4578	0.4578	0.915541	0.915541	0.4578	0.4578	0.915541	0.4578	0.4578	0.4578	0.4578	0.915541	0.4578	0.4578	0.915541	0.4578	0	0.4578	0.4578	0.4578	0.4578	0	0.4578	0.4578	0.4578	0.4578	0.4578	0.4578	0	0.4578	0.4578	0	0	0.4578	0.4578	0.4578	0.4578	0	0.4578	0.4578	0.4578	0.4578	0.4578	0.915541	0.915541	0.4578	0.4578	0.915541	0.4578	0.4578	0.4578	0.4578	0.915541	0.4578	0.4578	0.4578	0.4578	0.4578	0.4578	0.4578	0	0.4578	0.4578	0	0.4578	0.915541	0.4578	0	0.4578	0.4578	0	0	0.4578	0.4578	0	0.4578	0.915541	0.4578	0	0.4578	0.4578	0	0.4578	0.4578	0.4578	0.4578	0.4578	0.4578	0	0	0.4578	0.915541	0.4578	0	0	0.4578	0.4578	0.4578	0.4578	0.4578	0.4578	0	0.4578	0.4578	0	0.4578	0.4578	0.4578	0.915541	0.915541	0.4578	0.4578	0.4578	0.4578	0.915541	0.4578	0.4578	0.4578	0.4578	0.4578	0.4578	0.4578	0.4578	0.915541	0.4578	0.4578	0.4578	0.4578	0.915541	0.915541	0.4578	0.4578	0.915541	0.4578	0	0	0.4578	0.915541	0.4578	0	0.4578	0.4578	0	0.4578	0.4578	0.4578	0.4578	0	0.4578	0.4578	0.4578	0.4578	0.4578	0.4578	0	0.4578	0.4578	0.4578	0.4578	0.4578	0.4578	0.4578	0.4578	0	0.4578	0.4578	0	0	0	0.4578	0.4578	0	0.4578	0.4578	0	0.4578	0.915541	0.4578	0.4578	0.4578	0.915541	1.37317	1.37317	0.915541	0.4578	1.37317	0.915541	0.4578	0.4578	0.915541	1.83061	1.83061	0.915541	0.4578	1.37317	0.915541	0.4578	0.4578	0.915541	1.37317	0.4578	0.915541	1.83061	1.83061	0.915541	0.4578	0.4578	0.915541	1.37317	0.4578	0.915541	0.915541	1.37317	1.37317	0.4578	0.4578	0.915541	1.83061	0.915541	0.915541
0	0.457756	0.457756	0.457756	0.457756	0.457756	0.915453	0.457756	0	0.457756	0.457756	0	0.457756	0.457756	0.457756	0.457756	0	0.457756	0.457756	0	0	0.457756	0.457756	0	0.457756	0.457756	0	0	0.915453	0.915453	0.457756	0.457756	0.457756	0.915453	0.457756	0.457756	0.457756	0.457756	0.915453	0.915453	0.457756	0.457756	0.915453	0.457756	0.457756	0.457756	0.457756	0.915453	0.457756	0.457756	0.915453	0.457756	0	0.457756	0.457756	0.457756	0.457756	0	0.457756	0.457756	0.457756	0.457756	0.457756	0.457756	0	0.457756	0.457756	0	0	0.457756	0.457756	0.457756	0.457756	0	0.457756	0.457756	0.457756	0.457756	0.457756	0.915453	0.915453	0.457756	0.457756	0.915453	0.457756	0.457756	0.457756	0.457756	0.915453	0.457756	0.457756	0.457756	0.457756	0.457756	0.457756	0.457756	0	0.457756	0.457756	0	0.457756	0.915453	0.457756	0	0.457756	0.457756	0	0	0.457756	0.457756	0	0.457756	0.915453	0.457756	0	0.457756	0.457756	0	0.457756	0.457756	0.457756	0.457756	0.457756	0.457756	0	0	0.457756	0.915453	0.457756	0	0	0.457756	0.457756	0.457756	0.457756	0.457756	0.457756	0	0.457756	0.457756	0	0.457756	0.457756	0.457756	0.915453	0.915453	0.457756	0.457756	0.457756	0.457756	0.915453	0.457756	0.457756	0.457756	0.457756	0.457756	0.457756	0.457756	0.457756	0.915453	0.457756	0.457756	0.457756	0.457756	0.915453	0.915453	0.457756	0.457756	0.915453	0.457756	0	0	0.457756	0.915453	0.457756	0	0.457756	0.457756	0	0.457756	0.457756	0.457756	0.457756	0	0.457756	0.457756	0.457756	0.457756	0.457756	0.457756	0	0.457756	0.457756	0.457756	0.457756	0.457756	0.457756	0.457756	0.457756	0	0.457756	0.457756	0	0	0	0.457756	0.457756	0	0.457756	0.457756	0	0.457756	0.915453	0.457756	0.457756	0.457756	0.915453	1.37303	1.37303	0.915453	0.457756	1.37303	0.915453	0.457756	0.457756	0.915453	1.83044	1.83044	0.915453	0.457756	1.37303	0.915453	0.457756	0.457756	0.915453	1.37303	0.457756	0.915453	1.83044	1.83044	0.915453	0.457756	0.457756	0.915453	1.37303	0.457756	0.915453	0.915453	1.37303	1.37303	0.457756	0.457756	0.915453	1.83044	0.915453	0.915453
0	0.457712	0.457712	0.457712	0.457712	0.361858	0.871418	0.66722	0.161834	0.361858	0.511741	0.161834	0.361858	0.485491	0.647309	0.647309	0.457741	0.66724	0.825149	0.583499	0.457741	0.647309	0.647309	0.361877	0.511741	0.485491	0.361877	0.161834	0.809093	0.871418	0.647309	0.647309	0.647309	1.0234	0.647309	0.647309	0.647309	0.647309	1.0234	1.0234	0.647309	0.66722	1.0361	0.457712	0.457712	0.457712	0.457712	0.915366	0.457712	0.457712	0.915366	0.583464	0.361877	0.647309	0.647309	0.485491	0.511741	0.361877	0.485491	0.511741	0.66722	0.647309	0.485491	0.361858	0.161834	0.511741	0.361858	0	0	0.457712	0.457712	0.457712	0.457712	0	0.457712	0.457712	0.457712	0.457712	0.361858	0.943536	1.0361	0.457712	0.457712	0.809093	0.485491	0.647309	0.647309	0.66722	1.0361	0.457712	0.457712	0.457712	0.457712	0.457712	0.457712	0.457712	0	0.457712	0.457712	0.161834	0.511741	0.809093	0.457712	0	0.361858	0.485491	0.361877	0.161834	0.361858	0.511741	0.161834	0.361858	0.871418	0.66722	0.161834	0.361858	0.485491	0.361877	0.511741	0.485491	0.647309	0.647309	0.647309	0.647309	0.361877	0.161834	0.361858	0.871418	0.647309	0.361877	0.161834	0.361858	0.511741	0.511741	0.485491	0.647309	0.647309	0.457741	0.647309	0.647309	0.361877	0.583464	0.457712	0.361858	0.871418	1.0234	0.647309	0.647309	0.647309	0.647309	1.0234	0.647309	0.647309	0.647309	0.66722	0.583464	0.457712	0.457712	0.457712	0.915366	0.457712	0.457712	0.457712	0.457712	0.915366	0.915366	0.457712	0.457712	0.809093	0.485491	0.361877	0.161834	0.361858	0.871418	0.66722	0.161834	0.361858	0.511741	0.161834	0.361858	0.485491	0.647309	0.66722	0.161834	0.361858	0.511741	0.583464	0.457712	0.361858	0.485491	0.361877	0.583464	0.457712	0.457712	0.457712	0.457712	0.457712	0.361858	0.485491	0.361877	0.511741	0.485491	0.361877	0.161834	0	0.457712	0.457712	0	0.457712	0.457712	0	0.457712	0.915366	0.457712	0.457712	0.457712	0.809093	1.30449	1.44714	1.0234	0.647309	1.44714	1.0234	0.66722	0.583464	0.809093	1.74991	1.88656	1.0234	0.647309	1.44714	1.0234	0.647309	0.647309	1.0234	1.44714	0.647309	0.984292	1.84453	2.1276	1.64996	1.44722	1.44722	1.64996	1.94127	1.44722	1.64996	1.64996	1.94127	1.94127	1.44722	1.44722	1.64996	2.31582	1.45619	1.29445
0	0.457668	0.457668	0.457668	0.457668	0.161818	0.667156	0.871334	0.361824	0.161818	0.511692	0.361824	0.161818	0.361842	0.647247	0.647247	0.457697	0.583443	0.82507	0.667176	0.457697	0.647247	0.647247	0.485445	0.511692	0.361842	0.485445	0.361824	0.583408	0.667156	0.647247	0.647247	0.647247	1.0233	0.647247	0.647247	0.647247	0.647247	1.0233	1.0233	0.647247	0.871334	1.2636	0.457668	0.457668	0.457668	0.457668	0.915278	0.457668	0.457668	0.915278	0.809015	0.485445	0.647247	0.647247	0.361842	0.511692	0.485445	0.361842	0.511692	0.871334	0.647247	0.361842	0.161818	0.361824	0.511692	0.161818	0	0	0.457668	0.457668	0.457668	0.457668	0	0.457668	0.457668	0.457668	0.457668	0.161818	0.943445	1.2636	0.457668	0.457668	0.583408	0.361842	0.647247	0.647247	0.871334	1.2636	0.457668	0.457668	0.457668	0.457668	0.457668	0.457668	0.457668	0	0.457668	0.457668	0.361824	0.511692	0.583408	0.457668	0	0.161818	0.361842	0.485445	0.361824	0.161818	0.511692	0.361824	0.161818	0.667156	0.871334	0.361824	0.161818	0.361842	0.485445	0.511692	0.361842	0.647247	0.647247	0.647247	0.647247	0.485445	0.361824	0.161818	0.667156	0.647247	0.485445	0.361824	0.161818	0.511692	0.511692	0.361842	0.647247	0.647247	0.457697	0.647247	0.647247	0.485445	0.809015	0.457668	0.161818	0.667156	1.0233	0.647247	0.647247	0.647247	0.647247	1.0233	0.647247	0.647247	0.647247	0.871334	0.809015	0.457668	0.457668	0.457668	0.915278	0.457668	0.457668	0.457668	0.457668	0.915278	0.915278	0.457668	0.457668	0.583408	0.361842	0.485445	0.361824	0.161818	0.667156	0.871334	0.361824	0.161818	0.511692	0.361824	0.161818	0.361842	0.647247	0.871334	0.361824	0.161818	0.511692	0.809015	0.457668	0.161818	0.361842	0.485445	0.809015	0.457668	0.457668	0.457668	0.457668	0.457668	0.161818	0.361842	0.485445	0.511692	0.361842	0.485445	0.361824	0	0.457668	0.457668	0	0.457668	0.457668	0	0.457668	0.915278	0.457668	0.457668	0.457668	0.583408	1.08536	1.44701	1.0233	0.647247	1.44701	1.0233	0.871334	0.809015	0.583408	1.52619	1.88638	1.0233	0.647247	1.44701	1.0233	0.647247	0.647247	1.0233	1.44701	0.647247	0.80904	1.465	1.94779	1.6498	1.44708	1.44708	1.6498	1.94108	1.44708	1.6498	1.6498	1.94108	1.94108	1.44708	1.44708	1.6498	2.51045	1.62581	1.29433
0	0.457624	0.457624	0.457624	0.457624	0	0.457624	0.91519	0.457624	0	0.457624	0.457624	0	0	0.457624	0.457624	0	0	0.457624	0.457624	0	0.457624	0.457624	0.457624	0.457624	0	0.457624	0.457624	0.457624	0.457624	0.457624	0.457624	0.457624	0.91519	0.457624	0.457624	0.457624	0.457624	0.91519	0.91519	0.457624	0.91519	1.37264	0.457624	0.457624	0.457624	0.457624	0.91519	0.457624	0.457624	0.91519	0.91519	0.457624	0.457624	0.457624	0	0.457624	0.457624	0	0.457624	0.91519	0.457624	0	0	0.457624	0.457624	0	0	0	0.457624	0.457624	0.457624	0.457624	0	0.457624	0.457624	0.457624	0.457624	0	0.91519	1.37264	0.457624	0.457624	0.457624	0	0.457624	0.457624	0.91519	1.37264	0.457624	0.457624	0.457624	0.457624	0.457624	0.457624	0.457624	0	0.457624	0.457624	0.457624	0.457624	0.457624	0.457624	0	0	0	0.457624	0.457624	0	0.457624	0.457624	0	0.457624	0.91519	0.457624	0	0	0.457624	0.457624	0	0.457624	0.457624	0.457624	0.457624	0.457624	0.457624	0	0.457624	0.457624	0.457624	0.457624	0	0.457624	0.457624	0	0.457624	0.457624	0	0.457624	0.457624	0.457624	0.91519	0.457624	0	0.457624	0.91519	0.457624	0.457624	0.457624	0.457624	0.91519	0.457624	0.457624	0.457624	0.91519	0.91519	0.457624	0.457624	0.457624	0.91519	0.457624	0.457624	0.457624	0.457624	0.91519	0.91519	0.457624	0.457624	0.457624	0	0.457624	0.457624	0	0.457624	0.91519	0.457624	0	0.457624	0.457624	0	0	0.457624	0.91519	0.457624	0	0.457624	0.91519	0.457624	0	0	0.457624	0.91519	0.457624	0.457624	0.457624	0.457624	0.457624	0	0	0.457624	0.457624	0	0.457624	0.457624	0	0.457624	0.457624	0	0.457624	0.457624	0	0.457624	0.91519	0.457624	0.457624	0.457624	0.457624	0.91519	1.37264	0.91519	0.457624	1.37264	0.91519	0.91519	0.91519	0.457624	1.37264	1.82991	0.91519	0.457624	1.37264	0.91519	0.457624	0.457624	0.91519	1.37264	0.457624	0.457624	0.91519	1.37264	0.91519	0.457624	0.457624	0.91519	1.37264	0.457624	0.91519	0.91519	1.37264	1.37264	0.457624	0.457624	0.91519	2.28695	1.37264	0.91519
0	0.45758	0.45758	0.45758	0.45758	0	0.45758	0.915103	0.45758	0	0.45758	0.45758	0	0	0.45758	0.45758	0	0	0.45758	0.45758	0	0.45758	0.45758	0.45758	0.45758	0	0.45758	0.45758	0.45758	0.45758	0.45758	0.45758	0.45758	0.915103	0.45758	0.45758	0.45758	0.45758	0.915103	0.915103	0.45758	0.915103	1.37251	0.45758	0.45758	0.45758	0.45758	0.915103	0.45758	0.45758	0.915103	0.915103	0.45758	0.45758	0.45758	0	0.45758	0.45758	0	0.45758	0.915103	0.45758	0	0	0.45758	0.45758	0	0	0	0.45758	0.45758	0.45758	0.45758	0	0.45758	0.45758	0.45758	0.45758	0	0.915103	1.37251	0.45758	0.45758	0.45758	0	0.45758	0.45758	0.915103	1.37251	0.45758	0.45758	0.45758	0.45758	0.45758	0.45758	0.45758	0	0.45758	0.45758	0.45758	0.45758	0.45758	0.45758	0	0	0	0.45758	0.45758	0	0.45758	0.45758	0	0.45758	0.915103	0.45758	0	0	0.45758	0.45758	0	0.45758	0.45758	0.45758	0.45758	0.45758	0.45758	0	0.45758	0.45758	0.45758	0.45758	0	0.45758	0.45758	0	0.45758	0.45758	0	0.45758	0.45758	0.45758	0.915103	0.45758	0	0.45758	0.915103	0.45758	0.45758	0.45758	0.45758	0.915103	0.45758	0.45758	0.45758	0.915103	0.915103	0.45758	0.45758	0.45758	0.915103	0.45758	0.45758	0.45758	0.45758	0.915103	0.915103	0.45758	0.45758	0.45758	0	0.45758	0.45758	0	0.45758	0.915103	0.45758	0	0.45758	0.45758	0	0	0.45758	0.915103	0.45758	0	0.45758	0.915103	0.45758	0	0	0.45758	0.915103	0.45758	0.45758	0.45758	0.45758	0.45758	0	0	0.45758	0.45758	0	0.45758	0.45758	0	0.45758	0.45758	0	0.45758	0.45758	0	0.45758	0.915103	0.45758	0.45758	0.45758	0.45758	0.915103	1.37251	0.915103	0.45758	1.37251	0.915103	0.915103	0.915103	0.45758	1.37251	1.82974	0.915103	0.45758	1.37251	0.915103	0.45758	0.45758	0.915103	1.37251	0.45758	0.45758	0.915103	1.37251	0.915103	0.45758	0.45758	0.915103	1.37251	0.45758	0.915103	0.915103	1.37251	1.37251	0.45758	0.45758	0.915103	2.28674	1.37251	0.915103
0	0.457537	0.457537	0.457537	0.457537	0	0.457537	0.915015	0.457537	0	0.457537	0.457537	0	0	0.457537	0.457537	0	0	0.457537	0.457537	0	0.457537	0.457537	0.457537	0.457537	0	0.457537	0.457537	0.457537	0.457537	0.457537	0.457537	0.457537	0.915015	0.457537	0.457537	0.457537	0.457537	0.915015	0.915015	0.457537	0.915015	1.37238	0.457537	0.457537	0.457537	0.457537	0.915015	0.457537	0.457537	0.915015	0.915015	0.457537	0.457537	0.457537	0	0.457537	0.457537	0	0.457537	0.915015	0.457537	0	0	0.457537	0.457537	0	0	0	0.457537	0.457537	0.457537	0.457537	0	0.457537	0.457537	0.457537	0.457537	0	0.915015	1.37238	0.457537	0.457537	0.457537	0	0.457537	0.457537	0.915015	1.37238	0.457537	0.457537	0.457537	0.457537	0.457537	0.457537	0.457537	0	0.457537	0.457537	0.457537	0.457537	0.457537	0.457537	0	0	0	0.457537	0.457537	0	0.457537	0.457537	0	0.457537	0.915015	0.457537	0	0	0.457537	0.457537	0	0.457537	0.457537	0.457537	0.457537	0.457537	0.457537	0	0.457537	0.457537	0.457537	0.457537	0	0.457537	0.457537	0	0.457537	0.457537	0	0.457537	0.457537	0.457537	0.915015	0.457537	0	0.457537	0.915015	0.457537	0.457537	0.457537	0.457537	0.915015	0.457537	0.457537	0.457537	0.915015	0.915015	0.457537	0.457537	0.457537	0.915015	0.457537	0.457537	0.457537	0.457537	0.915015	0.915015	0.457537	0.457537	0.457537	0	0.457537	0.457537	0	0.457537	0.915015	0.457537	0	0.457537	0.457537	0	0	0.457537	0.915015	0.457537	0	0.457537	0.915015	0.457537	0	0	0.457537	0.915015	0.457537	0.457537	0.457537	0.457537	0.457537	0	0	0.457537	0.457537	0	0.457537	0.457537	0	0.457537	0.457537	0	0.457537	0.457537	0	0.457537	0.915015	0.457537	0.457537	0.457537	0.457537	0.915015	1.37238	0.915015	0.457537	1.37238	0.915015	0.915015	0.915015	0.457537	1.37238	1.82956	0.915015	0.457537	1.37238	0.915015	0.457537	0.457537	0.915015	1.37238	0.457537	0.457537	0.915015	1.37238	0.915015	0.457537	0.457537	0.915015	1.37238	0.457537	0.915015	0.915015	1.37238	1.37238	0.457537	0.457537	0.915015	2.28652	1.37238	0.915015
0	0.457493	0.457493	0.361685	0.485259	0.361703	0.511496	0.871	0.646999	0.361703	0.511496	0.485259	0.361703	0.161756	0.361685	0.485259	0.457522	0.361703	0.511496	0.511496	0.161756	0.361685	0.485259	0.646999	0.646999	0.457522	0.646999	0.646999	0.646999	0.646999	0.646999	0.646999	0.646999	1.02291	0.646999	0.6669	0.583185	0.457493	0.914927	0.914927	0.457493	0.808705	1.39117	0.583185	0.457493	0.457493	0.457493	0.914927	0.457493	0.583185	1.08494	1.02291	0.646999	0.485259	0.361685	0.161756	0.511496	0.361685	0.161756	0.511496	0.808705	0.457493	0	0	0.457493	0.457493	0	0	0	0.457493	0.457493	0.457493	0.457493	0.161756	0.6669	0.646999	0.485259	0.361685	0.161756	0.943084	1.26312	0.457493	0.457493	0.583185	0.361703	0.646999	0.646999	0.871	1.26312	0.457493	0.457493	0.457493	0.457493	0.457493	0.457493	0.457493	0	0.457493	0.457493	0.361685	0.511496	0.583185	0.457493	0	0	0	0.457493	0.457493	0	0.457493	0.457493	0	0.457493	0.808705	0.485259	0.361703	0.161756	0.457493	0.457493	0	0.361685	0.485259	0.6669	0.583185	0.361685	0.485259	0.361703	0.511496	0.485259	0.646999	0.646999	0.457522	0.646999	0.646999	0.457522	0.646999	0.6669	0.161756	0.361685	0.485259	0.646999	1.02291	0.646999	0.361703	0.583185	0.914927	0.457493	0.457493	0.457493	0.457493	0.914927	0.457493	0.457493	0.457493	0.914927	0.914927	0.457493	0.457493	0.457493	0.914927	0.457493	0.457493	0.457493	0.457493	0.808705	0.871	0.646999	0.646999	0.646999	0.457522	0.646999	0.646999	0.457522	0.646999	0.983821	0.871039	0.808755	0.80873	0.646999	0.457522	0.457522	0.646999	0.983821	0.871039	0.808755	0.80873	0.983821	0.871039	0.808755	0.583219	0.646999	1.02291	0.646999	0.646999	0.646999	0.646999	0.646999	0.361703	0.161756	0.361685	0.511496	0.161756	0.361685	0.485259	0.457522	0.646999	0.646999	0.457522	0.646999	0.6669	0.161756	0.457493	0.914927	0.457493	0.457493	0.457493	0.457493	0.914927	1.26312	0.871	0.646999	1.44645	1.02291	1.02291	1.02291	0.646999	1.44645	1.80785	1.13215	0.983841	1.53416	1.13215	0.983841	0.80873	0.983821	1.53416	0.80873	0.646999	1.02291	1.38175	1.13215	1.02295	1.02295	1.30391	1.78607	1.17746	1.30391	1.49101	1.94034	1.94034	1.38181	1.17746	1.29383	2.40323	1.77875	1.62521
0	0.457449	0.457449	0.161741	0.361669	0.485212	0.511447	0.666836	0.646937	0.485212	0.511447	0.361669	0.485212	0.36165	0.161741	0.361669	0.457478	0.485212	0.511447	0.511447	0.36165	0.161741	0.361669	0.646937	0.646937	0.457478	0.646937	0.646937	0.646937	0.646937	0.646937	0.646937	0.646937	1.02281	0.646937	0.870917	0.808628	0.457449	0.91484	0.91484	0.457449	0.583129	1.39104	0.808628	0.457449	0.457449	0.457449	0.91484	0.457449	0.808628	1.30374	1.02281	0.646937	0.361669	0.161741	0.36165	0.511447	0.161741	0.36165	0.511447	0.583129	0.457449	0	0	0.457449	0.457449	0	0	0	0.457449	0.457449	0.457449	0.457449	0.36165	0.870917	0.646937	0.361669	0.161741	0.36165	0.942994	1.0355	0.457449	0.457449	0.808628	0.485212	0.646937	0.646937	0.666836	1.0355	0.457449	0.457449	0.457449	0.457449	0.457449	0.457449	0.457449	0	0.457449	0.457449	0.161741	0.511447	0.808628	0.457449	0	0	0	0.457449	0.457449	0	0.457449	0.457449	0	0.457449	0.583129	0.361669	0.485212	0.36165	0.457449	0.457449	0	0.161741	0.361669	0.870917	0.808628	0.161741	0.361669	0.485212	0.511447	0.361669	0.646937	0.646937	0.457478	0.646937	0.646937	0.457478	0.646937	0.870917	0.36165	0.161741	0.361669	0.646937	1.02281	0.646937	0.485212	0.808628	0.91484	0.457449	0.457449	0.457449	0.457449	0.91484	0.457449	0.457449	0.457449	0.91484	0.91484	0.457449	0.457449	0.457449	0.91484	0.457449	0.457449	0.457449	0.457449	0.583129	0.666836	0.646937	0.646937	0.646937	0.457478	0.646937	0.646937	0.457478	0.646937	0.808652	0.808677	0.870955	0.983727	0.646937	0.457478	0.457478	0.646937	0.808652	0.808677	0.870955	0.983727	0.808652	0.808677	0.870955	0.666856	0.646937	1.02281	0.646937	0.646937	0.646937	0.646937	0.646937	0.485212	0.36165	0.161741	0.511447	0.36165	0.161741	0.361669	0.457478	0.646937	0.646937	0.457478	0.646937	0.870917	0.36165	0.457449	0.91484	0.457449	0.457449	0.457449	0.457449	0.91484	1.0355	0.666836	0.646937	1.44631	1.02281	1.02281	1.02281	0.646937	1.44631	1.59252	0.983747	1.13204	1.53402	0.983747	1.13204	0.983727	0.808652	1.53402	0.983727	0.646937	1.02281	1.17731	0.983747	1.02285	1.02285	1.17735	1.7859	1.30378	1.17735	1.38168	1.94015	1.94015	1.49086	1.30378	1.29371	2.1988	1.62505	1.77858
0	0.457405	0.457405	0	0	0.457405	0.457405	0.457405	0.457405	0.457405	0.457405	0	0.457405	0.457405	0	0	0	0.457405	0.457405	0.457405	0.457405	0	0	0.457405	0.457405	0	0.457405	0.457405	0.457405	0.457405	0.457405	0.457405	0.457405	0.914752	0.457405	0.914752	0.914752	0.457405	0.914752	0.914752	0.457405	0.457405	1.37198	0.914752	0.457405	0.457405	0.457405	0.914752	0.457405	0.914752	1.37198	0.914752	0.457405	0	0	0.457405	0.457405	0	0.457405	0.457405	0.457405	0.457405	0	0	0.457405	0.457405	0	0	0	0.457405	0.457405	0.457405	0.457405	0.457405	0.914752	0.457405	0	0	0.457405	0.914752	0.914752	0.457405	0.457405	0.914752	0.457405	0.457405	0.457405	0.457405	0.914752	0.457405	0.457405	0.457405	0.457405	0.457405	0.457405	0.457405	0	0.457405	0.457405	0	0.457405	0.914752	0.457405	0	0	0	0.457405	0.457405	0	0.457405	0.457405	0	0.457405	0.457405	0	0.457405	0.457405	0.457405	0.457405	0	0	0	0.914752	0.914752	0	0	0.457405	0.457405	0	0.457405	0.457405	0	0.457405	0.457405	0	0.457405	0.914752	0.457405	0	0	0.457405	0.914752	0.457405	0.457405	0.914752	0.914752	0.457405	0.457405	0.457405	0.457405	0.914752	0.457405	0.457405	0.457405	0.914752	0.914752	0.457405	0.457405	0.457405	0.914752	0.457405	0.457405	0.457405	0.457405	0.457405	0.457405	0.457405	0.457405	0.457405	0	0.457405	0.457405	0	0.457405	0.457405	0	0.457405	0.914752	0.457405	0	0	0.457405	0.457405	0	0.457405	0.914752	0.457405	0	0.457405	0.457405	0.457405	0.914752	0.457405	0.457405	0.457405	0.457405	0.457405	0.457405	0.457405	0	0.457405	0.457405	0	0	0	0.457405	0.457405	0	0.457405	0.914752	0.457405	0.457405	0.914752	0.457405	0.457405	0.457405	0.457405	0.914752	0.914752	0.457405	0.457405	1.37198	0.914752	0.914752	0.914752	0.457405	1.37198	1.37198	0.457405	0.914752	1.37198	0.457405	0.914752	0.914752	0.457405	1.37198	0.914752	0.457405	0.914752	0.914752	0.457405	0.457405	0.457405	0.457405	1.37198	0.914752	0.457405	0.457405	1.37198	1.37198	0.914752	0.914752	0.914752	1.82904	0.914752	1.37198
0	0.457361	0.457361	0	0	0.457361	0.457361	0.457361	0.457361	0.457361	0.457361	0	0.457361	0.457361	0	0	0	0.457361	0.457361	0.457361	0.457361	0	0	0.457361	0.457361	0	0.457361	0.457361	0.457361	0.457361	0.457361	0.457361	0.457361	0.914664	0.457361	0.914664	0.914664	0.457361	0.914664	0.914664	0.457361	0.457361	1.37185	0.914664	0.457361	0.457361	0.457361	0.914664	0.457361	0.914664	1.37185	0.914664	0.457361	0	0	0.457361	0.457361	0	0.457361	0.457361	0.457361	0.457361	0	0	0.457361	0.457361	0	0	0	0.457361	0.457361	0.457361	0.457361	0.457361	0.914664	0.457361	0	0	0.457361	0.914664	0.914664	0.457361	0.457361	0.914664	0.457361	0.457361	0.457361	0.457361	0.914664	0.457361	0.457361	0.457361	0.457361	0.457361	0.457361	0.457361	0	0.457361	0.457361	0	0.457361	0.914664	0.457361	0	0	0	0.457361	0.457361	0	0.457361	0.457361	0	0.457361	0.457361	0	0.457361	0.457361	0.457361	0.457361	0	0	0	0.914664	0.914664	0	0	0.457361	0.457361	0	0.457361	0.457361	0	0.457361	0.457361	0	0.457361	0.914664	0.457361	0	0	0.457361	0.914664	0.457361	0.457361	0.914664	0.914664	0.457361	0.457361	0.457361	0.457361	0.914664	0.457361	0.457361	0.457361	0.914664	0.914664	0.457361	0.457361	0.457361	0.914664	0.457361	0.457361	0.457361	0.457361	0.457361	0.457361	0.457361	0.457361	0.457361	0	0.457361	0.457361	0	0.457361	0.457361	0	0.457361	0.914664	0.457361	0	0	0.457361	0.457361	0	0.457361	0.914664	0.457361	0	0.457361	0.457361	0.457361	0.914664	0.457361	0.457361	0.457361	0.457361	0.457361	0.457361	0.457361	0	0.457361	0.457361	0	0	0	0.457361	0.457361	0	0.457361	0.914664	0.457361	0.457361	0.914664	0.457361	0.457361	0.457361	0.457361	0.914664	0.914664	0.457361	0.457361	1.37185	0.914664	0.914664	0.914664	0.457361	1.37185	1.37185	0.457361	0.914664	1.37185	0.457361	0.914664	0.914664	0.457361	1.37185	0.914664	0.457361	0.914664	0.914664	0.457361	0.457361	0.457361	0.457361	1.37185	0.914664	0.457361	0.457361	1.37185	1.37185	0.914664	0.914664	0.914664	1.82886	0.914664	1.37185
0	0.457317	0.457317	0	0	0.457317	0.457317	0.457317	0.457317	0.457317	0.457317	0	0.457317	0.457317	0	0	0	0.457317	0.457317	0.457317	0.457317	0	0	0.457317	0.457317	0	0.457317	0.457317	0.457317	0.457317	0.457317	0.457317	0.457317	0.914577	0.457317	0.914577	0.914577	0.457317	0.914577	0.914577	0.457317	0.457317	1.37172	0.914577	0.457317	0.457317	0.457317	0.914577	0.457317	0.914577	1.37172	0.914577	0.457317	0	0	0.457317	0.457317	0	0.457317	0.457317	0.457317	0.457317	0	0	0.457317	0.457317	0	0	0	0.457317	0.457317	0.457317	0.457317	0.457317	0.914577	0.457317	0	0	0.457317	0.914577	0.914577	0.457317	0.457317	0.914577	0.457317	0.457317	0.457317	0.457317	0.914577	0.457317	0.457317	0.457317	0.457317	0.457317	0.457317	0.457317	0	0.457317	0.457317	0	0.457317	0.914577	0.457317	0	0	0	0.457317	0.457317	0	0.457317	0.457317	0	0.457317	0.457317	0	0.457317	0.457317	0.457317	0.457317	0	0	0	0.914577	0.914577	0	0	0.457317	0.457317	0	0.457317	0.457317	0	0.457317	0.457317	0	0.457317	0.914577	0.457317	0	0	0.457317	0.914577	0.457317	0.457317	0.914577	0.914577	0.457317	0.457317	0.457317	0.457317	0.914577	0.457317	0.457317	0.457317	0.914577	0.914577	0.457317	0.457317	0.457317	0.914577	0.457317	0.457317	0.457317	0.457317	0.457317	0.457317	0.457317	0.457317	0.457317	0	0.457317	0.457317	0	0.457317	0.457317	0	0.457317	0.914577	0.457317	0	0	0.457317	0.457317	0	0.457317	0.914577	0.457317	0	0.457317	0.457317	0.457317	0.914577	0.457317	0.457317	0.457317	0.457317	0.457317	0.457317	0.457317	0	0.457317	0.457317	0	0	0	0.457317	0.457317	0	0.457317	0.914577	0.457317	0.457317	0.914577	0.457317	0.457317	0.457317	0.457317	0.914577	0.914577	0.457317	0.457317	1.37172	0.914577	0.914577	0.914577	0.457317	1.37172	1.37172	0.457317	0.914577	1.37172	0.457317	0.914577	0.914577	0.457317	1.37172	0.914577	0.457317	0.914577	0.914577	0.457317	0.457317	0.457317	0.457317	1.37172	0.914577	0.457317	0.457317	1.37172	1.37172	0.914577	0.914577	0.914577	1.82869	0.914577	1.37172
0	0.457274	0.457274	0	0	0.457274	0.457274	0.457274	0.457274	0.361512	0.485026	0.457303	0.64669	0.64669	0.457303	0.36153	0.161679	0.361512	0.485026	0.666601	0.870622	0.808367	0.58294	0.666601	0.824359	0.58294	0.64669	0.64669	0.666581	0.582906	0.361512	0.485026	0.64669	1.02242	0.64669	0.98335	1.13161	1.02246	1.30326	1.17686	0.64669	0.666581	1.3905	0.870583	0.64669	0.64669	0.666581	1.03511	0.457274	0.914489	1.37159	0.914489	0.457274	0	0	0.457274	0.582906	0.36153	0.64669	0.64669	0.485026	0.361512	0	0	0.457274	0.457274	0	0	0	0.457274	0.457274	0.457274	0.457274	0.457274	0.914489	0.457274	0	0	0.457274	0.914489	0.914489	0.457274	0.457274	0.914489	0.457274	0.457274	0.457274	0.457274	0.914489	0.457274	0.457274	0.582906	0.511251	0.361512	0.457274	0.582906	0.36153	0.485026	0.361512	0.161679	0.511251	0.808318	0.457274	0	0	0	0.457274	0.457274	0.161679	0.511251	0.361512	0.161679	0.511251	0.511251	0.36153	0.485026	0.361512	0.457274	0.457274	0	0	0	0.808318	0.870583	0.36153	0.161679	0.361512	0.511251	0.161679	0.361512	0.485026	0.36153	0.511251	0.511251	0.161679	0.457274	0.808318	0.485026	0.36153	0.161679	0.457274	0.914489	0.457274	0.457274	0.914489	0.914489	0.457274	0.457274	0.457274	0.457274	0.914489	0.457274	0.457274	0.457274	0.914489	0.914489	0.457274	0.457274	0.457274	0.914489	0.457274	0.361512	0.485026	0.64669	0.666581	0.582906	0.457274	0.361512	0.511251	0.161679	0.361512	0.485026	0.36153	0.511251	0.511251	0.161679	0.361512	0.824339	0.870622	0.808367	0.58294	0.666601	0.824359	0.58294	0.64669	0.98335	0.824359	0.58294	0.64669	0.64669	0.64669	1.02242	0.64669	0.64669	0.666581	0.582906	0.457274	0.361512	0.485026	0.36153	0.511251	0.485026	0.36153	0.161679	0	0.457274	0.582906	0.36153	0.485026	0.808318	0.457274	0.457274	0.914489	0.457274	0.457274	0.457274	0.457274	0.914489	0.914489	0.457274	0.457274	1.37159	0.914489	0.808318	0.870583	0.666581	1.3905	1.3905	0.582906	0.808318	1.3905	0.582906	0.808318	0.870583	0.64669	1.38109	1.13161	0.98337	1.17686	1.02242	0.64669	0.64669	0.64669	0.64669	1.44576	1.02242	0.64669	0.64669	1.44576	1.44576	1.02242	1.02242	1.02242	1.88475	1.02242	1.38109
0	0.45723	0.45723	0	0	0.45723	0.45723	0.45723	0.45723	0.161665	0.361501	0.457266	0.646633	0.646633	0.457266	0.484984	0.361478	0.161665	0.361501	0.582893	0.808303	0.87055	0.666545	0.582893	0.824289	0.666545	0.646633	0.646633	0.870502	0.808241	0.161665	0.361501	0.646633	1.02233	0.646633	0.808272	0.983286	1.02238	1.49012	1.38096	0.646633	0.870502	1.39037	0.66652	0.646633	0.646633	0.870502	1.26239	0.45723	0.914402	1.37146	0.914402	0.45723	0	0	0.45723	0.808241	0.484984	0.646633	0.646633	0.361501	0.161665	0	0	0.45723	0.45723	0	0	0	0.45723	0.45723	0.45723	0.45723	0.45723	0.914402	0.45723	0	0	0.45723	0.914402	0.914402	0.45723	0.45723	0.914402	0.45723	0.45723	0.45723	0.45723	0.914402	0.45723	0.45723	0.808241	0.511204	0.161665	0.45723	0.808241	0.484984	0.361501	0.161665	0.361478	0.511204	0.58285	0.45723	0	0	0	0.45723	0.45723	0.361478	0.511204	0.161665	0.361478	0.511204	0.511204	0.484984	0.361501	0.161665	0.45723	0.45723	0	0	0	0.58285	0.66652	0.484984	0.361478	0.161665	0.511204	0.361478	0.161665	0.361501	0.484984	0.511204	0.511204	0.361478	0.45723	0.58285	0.361501	0.484984	0.361478	0.45723	0.914402	0.45723	0.45723	0.914402	0.914402	0.45723	0.45723	0.45723	0.45723	0.914402	0.45723	0.45723	0.45723	0.914402	0.914402	0.45723	0.45723	0.45723	0.914402	0.45723	0.161665	0.361501	0.646633	0.870502	0.808241	0.45723	0.161665	0.511204	0.361478	0.161665	0.361501	0.484984	0.511204	0.511204	0.361478	0.161665	0.511228	0.808303	0.87055	0.666545	0.582893	0.824289	0.666545	0.646633	0.808272	0.824289	0.666545	0.646633	0.646633	0.646633	1.02233	0.646633	0.646633	0.870502	0.808241	0.45723	0.161665	0.361501	0.484984	0.511204	0.361501	0.484984	0.361478	0	0.45723	0.808241	0.484984	0.361501	0.58285	0.45723	0.45723	0.914402	0.45723	0.45723	0.45723	0.45723	0.914402	0.914402	0.45723	0.45723	1.37146	0.914402	0.58285	0.66652	0.870502	1.39037	1.39037	0.808241	0.58285	1.39037	0.808241	0.58285	0.66652	0.646633	1.17675	0.983286	1.13151	1.38096	1.02233	0.646633	0.646633	0.646633	0.646633	1.44562	1.02233	0.646633	0.646633	1.44562	1.44562	1.02233	1.02233	1.02233	1.88458	1.02233	1.17675
0	0.457186	0.457186	0	0	0.457186	0.457186	0.457186	0.457186	0	0	0	0.457186	0.457186	0	0.457186	0.457186	0	0	0	0	0.457186	0.457186	0	0.457186	0.457186	0.457186	0.457186	0.914314	0.914314	0	0	0.457186	0.914314	0.457186	0.457186	0.457186	0.457186	1.37133	1.37133	0.457186	0.914314	1.37133	0.457186	0.457186	0.457186	0.914314	1.37133	0.457186	0.914314	1.37133	0.914314	0.457186	0	0	0.457186	0.914314	0.457186	0.457186	0.457186	0	0	0	0	0.457186	0.457186	0	0	0	0.457186	0.457186	0.457186	0.457186	0.457186	0.914314	0.457186	0	0	0.457186	0.914314	0.914314	0.457186	0.457186	0.914314	0.457186	0.457186	0.457186	0.457186	0.914314	0.457186	0.457186	0.914314	0.457186	0	0.457186	0.914314	0.457186	0	0	0.457186	0.457186	0.457186	0.457186	0	0	0	0.457186	0.457186	0.457186	0.457186	0	0.457186	0.457186	0.457186	0.457186	0	0	0.457186	0.457186	0	0	0	0.457186	0.457186	0.457186	0.457186	0	0.457186	0.457186	0	0	0.457186	0.457186	0.457186	0.457186	0.457186	0.457186	0	0.457186	0.457186	0.457186	0.914314	0.457186	0.457186	0.914314	0.914314	0.457186	0.457186	0.457186	0.457186	0.914314	0.457186	0.457186	0.457186	0.914314	0.914314	0.457186	0.457186	0.457186	0.914314	0.457186	0	0	0.457186	0.914314	0.914314	0.457186	0	0.457186	0.457186	0	0	0.457186	0.457186	0.457186	0.457186	0	0	0	0.457186	0.457186	0	0.457186	0.457186	0.457186	0.457186	0.457186	0.457186	0.457186	0.457186	0.457186	0.914314	0.457186	0.457186	0.914314	0.914314	0.457186	0	0	0.457186	0.457186	0	0.457186	0.457186	0	0.457186	0.914314	0.457186	0	0.457186	0.457186	0.457186	0.914314	0.457186	0.457186	0.457186	0.457186	0.914314	0.914314	0.457186	0.457186	1.37133	0.914314	0.457186	0.457186	0.914314	1.37133	1.37133	0.914314	0.457186	1.37133	0.914314	0.457186	0.457186	0.457186	0.914314	0.457186	0.914314	1.37133	0.914314	0.457186	0.457186	0.457186	0.457186	1.37133	0.914314	0.457186	0.457186	1.37133	1.37133	0.914314	0.914314	0.914314	1.82816	0.914314	0.914314
0	0.457142	0.457142	0	0	0.457142	0.457142	0.457142	0.457142	0	0	0	0.457142	0.457142	0	0.457142	0.457142	0	0	0	0	0.457142	0.457142	0	0.457142	0.457142	0.457142	0.457142	0.914226	0.914226	0	0	0.457142	0.914226	0.457142	0.457142	0.457142	0.457142	1.37119	1.37119	0.457142	0.914226	1.37119	0.457142	0.457142	0.457142	0.914226	1.37119	0.457142	0.914226	1.37119	0.914226	0.457142	0	0	0.457142	0.914226	0.457142	0.457142	0.457142	0	0	0	0	0.457142	0.457142	0	0	0	0.457142	0.457142	0.457142	0.457142	0.457142	0.914226	0.457142	0	0	0.457142	0.914226	0.914226	0.457142	0.457142	0.914226	0.457142	0.457142	0.457142	0.457142	0.914226	0.457142	0.457142	0.914226	0.457142	0	0.457142	0.914226	0.457142	0	0	0.457142	0.457142	0.457142	0.457142	0	0	0	0.457142	0.457142	0.457142	0.457142	0	0.457142	0.457142	0.457142	0.457142	0	0	0.457142	0.457142	0	0	0	0.457142	0.457142	0.457142	0.457142	0	0.457142	0.457142	0	0	0.457142	0.457142	0.457142	0.457142	0.457142	0.457142	0	0.457142	0.457142	0.457142	0.914226	0.457142	0.457142	0.914226	0.914226	0.457142	0.457142	0.457142	0.457142	0.914226	0.457142	0.457142	0.457142	0.914226	0.914226	0.457142	0.457142	0.457142	0.914226	0.457142	0	0	0.457142	0.914226	0.914226	0.457142	0	0.457142	0.457142	0	0	0.457142	0.457142	0.457142	0.457142	0	0	0	0.457142	0.457142	0	0.457142	0.457142	0.457142	0.457142	0.457142	0.457142	0.457142	0.457142	0.457142	0.914226	0.457142	0.457142	0.914226	0.914226	0.457142	0	0	0.457142	0.457142	0	0.457142	0.457142	0	0.457142	0.914226	0.457142	0	0.457142	0.457142	0.457142	0.914226	0.457142	0.457142	0.457142	0.457142	0.914226	0.914226	0.457142	0.457142	1.37119	0.914226	0.457142	0.457142	0.914226	1.37119	1.37119	0.914226	0.457142	1.37119	0.914226	0.457142	0.457142	0.457142	0.914226	0.457142	0.914226	1.37119	0.914226	0.457142	0.457142	0.457142	0.457142	1.37119	0.914226	0.457142	0.457142	1.37119	1.37119	0.914226	0.914226	0.914226	1.82799	0.914226	0.914226
0	0.457099	0.457099	0	0	0.457099	0.457099	0.457099	0.457099	0	0	0	0.457099	0.457099	0	0.457099	0.457099	0	0	0	0	0.457099	0.457099	0	0.457099	0.457099	0.457099	0.457099	0.914139	0.914139	0	0	0.457099	0.914139	0.457099	0.457099	0.457099	0.457099	1.37106	1.37106	0.457099	0.914139	1.37106	0.457099	0.457099	0.457099	0.914139	1.37106	0.457099	0.914139	1.37106	0.914139	0.457099	0	0	0.457099	0.914139	0.457099	0.457099	0.457099	0	0	0	0	0.457099	0.457099	0	0	0	0.457099	0.457099	0.457099	0.457099	0.457099	0.914139	0.457099	0	0	0.457099	0.914139	0.914139	0.457099	0.457099	0.914139	0.457099	0.457099	0.457099	0.457099	0.914139	0.457099	0.457099	0.914139	0.457099	0	0.457099	0.914139	0.457099	0	0	0.457099	0.457099	0.457099	0.457099	0	0	0	0.457099	0.457099	0.457099	0.457099	0	0.457099	0.457099	0.457099	0.457099	0	0	0.457099	0.457099	0	0	0	0.457099	0.457099	0.457099	0.457099	0	0.457099	0.457099	0	0	0.457099	0.457099	0.457099	0.457099	0.457099	0.457099	0	0.457099	0.457099	0.457099	0.914139	0.457099	0.457099	0.914139	0.914139	0.457099	0.457099	0.457099	0.457099	0.914139	0.457099	0.457099	0.457099	0.914139	0.914139	0.457099	0.457099	0.457099	0.914139	0.457099	0	0	0.457099	0.914139	0.914139	0.457099	0	0.457099	0.457099	0	0	0.457099	0.457099	0.457099	0.457099	0	0	0	0.457099	0.457099	0	0.457099	0.457099	0.457099	0.457099	0.457099	0.457099	0.457099	0.457099	0.457099	0.914139	0.457099	0.457099	0.914139	0.914139	0.457099	0	0	0.457099	0.457099	0	0.457099	0.457099	0	0.457099	0.914139	0.457099	0	0.457099	0.457099	0.457099	0.914139	0.457099	0.457099	0.457099	0.457099	0.914139	0.914139	0.457099	0.457099	1.37106	0.914139	0.457099	0.457099	0.914139	1.37106	1.37106	0.914139	0.457099	1.37106	0.914139	0.457099	0.457099	0.457099	0.914139	0.457099	0.914139	1.37106	0.914139	0.457099	0.457099	0.457099	0.457099	1.37106	0.914139	0.457099	0.457099	1.37106	1.37106	0.914139	0.914139	0.914139	1.82781	0.914139	0.914139
0.361362	0.582627	0.457055	0	0	0.457055	0.457055	0.457055	0.457055	0	0	0	0.457055	0.457055	0	0.361339	0.484798	0.457091	0.457091	0.361362	0.161603	0.361339	0.484798	0.361362	0.511008	0.484798	0.646385	0.646385	1.02194	1.02194	0.361362	0.161603	0.361339	0.870169	0.646385	0.666264	0.582627	0.457055	1.26191	1.30262	0.646385	1.02194	1.44507	0.646385	0.666264	0.582627	0.807931	1.30262	0.646385	1.02194	1.44507	1.02194	0.646385	0.361362	0.161603	0.457055	0.914051	0.457055	0.361339	0.511008	0.161603	0	0	0	0.457055	0.457055	0	0	0	0.457055	0.457055	0.457055	0.457055	0.361339	0.870169	0.646385	0.361362	0.161603	0.361339	0.942182	1.03461	0.457055	0.457055	0.914051	0.457055	0.457055	0.457055	0.457055	0.914051	0.457055	0.457055	0.914051	0.582627	0.361362	0.646385	0.870169	0.361339	0.161603	0.361362	0.646385	0.646385	0.484798	0.361339	0.161603	0.361362	0.457091	0.646385	0.646385	0.484798	0.511008	0.361362	0.484798	0.361339	0.457055	0.457055	0	0	0.457055	0.457055	0	0	0	0.457055	0.457055	0.457055	0.457055	0	0.361339	0.484798	0.361362	0.161603	0.361339	0.511008	0.582627	0.457055	0.457055	0.457055	0	0.457055	0.457055	0.457055	0.914051	0.457055	0.457055	0.807931	0.870169	0.646385	0.666264	0.582627	0.457055	0.914051	0.457055	0.457055	0.457055	0.914051	0.914051	0.457055	0.457055	0.457055	0.914051	0.457055	0.161603	0.361362	0.646385	0.870169	0.685564	0.484798	0.361362	0.511008	0.484798	0.361362	0.161603	0.361339	0.484798	0.646385	0.646385	0.457091	0.457091	0.457091	0.646385	0.646385	0.457091	0.666289	0.870217	1.02198	0.98291	0.807962	0.646385	0.666289	0.870217	1.02198	1.29261	1.02198	1.02198	1.29261	1.29261	1.02198	0.807993	0.58267	0.646385	0.666264	0.161603	0.361339	0.511008	0.161603	0.361339	0.870169	0.646385	0.361362	0.582627	0.457055	0.457055	0.914051	0.457055	0.457055	0.457055	0.457055	0.914051	0.914051	0.457055	0.457055	1.37093	0.914051	0.457055	0.457055	0.914051	1.37093	1.37093	0.914051	0.457055	1.37093	0.914051	0.457055	0.457055	0.457055	0.914051	0.457055	0.807931	1.38984	1.03461	0.457055	0.457055	0.457055	0.457055	1.26191	0.870169	0.666264	0.582627	1.26191	1.30262	1.02194	1.02194	1.02194	1.88385	1.02194	1.0839
0.484751	0.807854	0.457011	0	0	0.457011	0.457011	0.457011	0.457011	0	0	0	0.457011	0.457011	0	0.161587	0.361328	0.457048	0.457048	0.484751	0.361305	0.161587	0.361328	0.484751	0.510959	0.361328	0.646323	0.646323	1.02184	1.02184	0.484751	0.361305	0.161587	0.666201	0.646323	0.870085	0.807854	0.457011	1.03451	1.0838	0.646323	1.02184	1.44493	0.646323	0.870085	0.807854	0.582571	1.0838	0.646323	1.02184	1.44493	1.02184	0.646323	0.484751	0.361305	0.457011	0.913964	0.457011	0.161587	0.510959	0.361305	0	0	0	0.457011	0.457011	0	0	0	0.457011	0.457011	0.457011	0.457011	0.161587	0.666201	0.646323	0.484751	0.361305	0.161587	0.942092	1.26179	0.457011	0.457011	0.913964	0.457011	0.457011	0.457011	0.457011	0.913964	0.457011	0.457011	0.913964	0.807854	0.484751	0.646323	0.666201	0.161587	0.361305	0.484751	0.646323	0.646323	0.361328	0.161587	0.361305	0.484751	0.457048	0.646323	0.646323	0.361328	0.510959	0.484751	0.361328	0.161587	0.457011	0.457011	0	0	0.457011	0.457011	0	0	0	0.457011	0.457011	0.457011	0.457011	0	0.161587	0.361328	0.484751	0.361305	0.161587	0.510959	0.807854	0.457011	0.457011	0.457011	0	0.457011	0.457011	0.457011	0.913964	0.457011	0.457011	0.582571	0.666201	0.646323	0.870085	0.807854	0.457011	0.913964	0.457011	0.457011	0.457011	0.913964	0.913964	0.457011	0.457011	0.457011	0.913964	0.457011	0.361305	0.484751	0.646323	0.666201	0.228509	0.361328	0.484751	0.510959	0.361328	0.484751	0.361305	0.161587	0.361328	0.646323	0.646323	0.457048	0.457048	0.457048	0.646323	0.646323	0.457048	0.582614	0.807916	1.02189	1.13097	0.98279	0.646323	0.582614	0.807916	1.02189	1.29248	1.02189	1.02189	1.29248	1.29248	1.02189	0.870133	0.666226	0.646323	0.870085	0.361305	0.161587	0.510959	0.361305	0.161587	0.666201	0.646323	0.484751	0.807854	0.457011	0.457011	0.913964	0.457011	0.457011	0.457011	0.457011	0.913964	0.913964	0.457011	0.457011	1.3708	0.913964	0.457011	0.457011	0.913964	1.3708	1.3708	0.913964	0.457011	1.3708	0.913964	0.457011	0.457011	0.457011	0.913964	0.457011	0.582571	1.3897	1.26179	0.457011	0.457011	0.457011	0.457011	1.03451	0.666201	0.870085	0.807854	1.03451	1.0838	1.02184	1.02184	1.02184	1.88367	1.02184	1.30249
0.456967	0.913877	0.456967	0	0	0.456967	0.456967	0.456967	0.456967	0	0	0	0.456967	0.456967	0	0	0	0	0	0.456967	0.456967	0	0	0.456967	0.456967	0	0.456967	0.456967	0.913877	0.913877	0.456967	0.456967	0	0.456967	0.456967	0.913877	0.913877	0.456967	0.913877	0.913877	0.456967	0.913877	1.37067	0.456967	0.913877	0.913877	0.456967	0.913877	0.456967	0.913877	1.37067	0.913877	0.456967	0.456967	0.456967	0.456967	0.913877	0.456967	0	0.456967	0.456967	0	0	0	0.456967	0.456967	0	0	0	0.456967	0.456967	0.456967	0.456967	0	0.456967	0.456967	0.456967	0.456967	0	0.913877	1.37067	0.456967	0.456967	0.913877	0.456967	0.456967	0.456967	0.456967	0.913877	0.456967	0.456967	0.913877	0.913877	0.456967	0.456967	0.456967	0	0.456967	0.456967	0.456967	0.456967	0	0	0.456967	0.456967	0	0.456967	0.456967	0	0.456967	0.456967	0	0	0.456967	0.456967	0	0	0.456967	0.456967	0	0	0	0.456967	0.456967	0.456967	0.456967	0	0	0	0.456967	0.456967	0	0.456967	0.913877	0.456967	0.456967	0.456967	0	0.456967	0.456967	0.456967	0.913877	0.456967	0.456967	0.456967	0.456967	0.456967	0.913877	0.913877	0.456967	0.913877	0.456967	0.456967	0.456967	0.913877	0.913877	0.456967	0.456967	0.456967	0.913877	0.456967	0.456967	0.456967	0.456967	0.456967	0	0	0.456967	0.456967	0	0.456967	0.456967	0	0	0.456967	0.456967	0	0	0	0.456967	0.456967	0	0	0	0.456967	0.913877	0.913877	0.456967	0	0	0.456967	0.913877	0.456967	0.456967	0.913877	0.913877	0.456967	0.456967	0.456967	0.456967	0.913877	0.456967	0	0.456967	0.456967	0	0.456967	0.456967	0.456967	0.913877	0.456967	0.456967	0.913877	0.456967	0.456967	0.456967	0.456967	0.913877	0.913877	0.456967	0.456967	1.37067	0.913877	0.456967	0.456967	0.913877	1.37067	1.37067	0.913877	0.456967	1.37067	0.913877	0.456967	0.456967	0.456967	0.913877	0.456967	0.456967	1.37067	1.37067	0.456967	0.456967	0.456967	0.456967	0.913877	0.456967	0.913877	0.913877	0.913877	0.913877	0.913877	0.913877	0.913877	1.82729	0.913877	1.37067
0.456924	0.913789	0.456924	0	0	0.456924	0.456924	0.456924	0.456924	0	0	0	0.456924	0.456924	0	0	0	0	0	0.456924	0.456924	0	0	0.456924	0.456924	0	0.456924	0.456924	0.913789	0.913789	0.456924	0.456924	0	0.456924	0.456924	0.913789	0.913789	0.456924	0.913789	0.913789	0.456924	0.913789	1.37054	0.456924	0.913789	0.913789	0.456924	0.913789	0.456924	0.913789	1.37054	0.913789	0.456924	0.456924	0.456924	0.456924	0.913789	0.456924	0	0.456924	0.456924	0	0	0	0.456924	0.456924	0	0	0	0.456924	0.456924	0.456924	0.456924	0	0.456924	0.456924	0.456924	0.456924	0	0.913789	1.37054	0.456924	0.456924	0.913789	0.456924	0.456924	0.456924	0.456924	0.913789	0.456924	0.456924	0.913789	0.913789	0.456924	0.456924	0.456924	0	0.456924	0.456924	0.456924	0.456924	0	0	0.456924	0.456924	0	0.456924	0.456924	0	0.456924	0.456924	0	0	0.456924	0.456924	0	0	0.456924	0.456924	0	0	0	0.456924	0.456924	0.456924	0.456924	0	0	0	0.456924	0.456924	0	0.456924	0.913789	0.456924	0.456924	0.456924	0	0.456924	0.456924	0.456924	0.913789	0.456924	0.456924	0.456924	0.456924	0.456924	0.913789	0.913789	0.456924	0.913789	0.456924	0.456924	0.456924	0.913789	0.913789	0.456924	0.456924	0.456924	0.913789	0.456924	0.456924	0.456924	0.456924	0.456924	0	0	0.456924	0.456924	0	0.456924	0.456924	0	0	0.456924	0.456924	0	0	0	0.456924	0.456924	0	0	0	0.456924	0.913789	0.913789	0.456924	0	0	0.456924	0.913789	0.456924	0.456924	0.913789	0.913789	0.456924	0.456924	0.456924	0.456924	0.913789	0.456924	0	0.456924	0.456924	0	0.456924	0.456924	0.456924	0.913789	0.456924	0.456924	0.913789	0.456924	0.456924	0.456924	0.456924	0.913789	0.913789	0.456924	0.456924	1.37054	0.913789	0.456924	0.456924	0.913789	1.37054	1.37054	0.913789	0.456924	1.37054	0.913789	0.456924	0.456924	0.456924	0.913789	0.456924	0.456924	1.37054	1.37054	0.456924	0.456924	0.456924	0.456924	0.913789	0.456924	0.913789	0.913789	0.913789	0.913789	0.913789	0.913789	0.913789	1.82711	0.913789	1.37054
0.45688	0.913702	0.45688	0	0	0.45688	0.45688	0.45688	0.45688	0	0	0	0.45688	0.45688	0	0	0	0	0	0.45688	0.45688	0	0	0.45688	0.45688	0	0.45688	0.45688	0.913702	0.913702	0.45688	0.45688	0	0.45688	0.45688	0.913702	0.913702	0.45688	0.913702	0.913702	0.45688	0.913702	1.37041	0.45688	0.913702	0.913702	0.45688	0.913702	0.45688	0.913702	1.37041	0.913702	0.45688	0.45688	0.45688	0.45688	0.913702	0.45688	0	0.45688	0.45688	0	0	0	0.45688	0.45688	0	0	0	0.45688	0.45688	0.45688	0.45688	0	0.45688	0.45688	0.45688	0.45688	0	0.913702	1.37041	0.45688	0.45688	0.913702	0.45688	0.45688	0.45688	0.45688	0.913702	0.45688	0.45688	0.913702	0.913702	0.45688	0.45688	0.45688	0	0.45688	0.45688	0.45688	0.45688	0	0	0.45688	0.45688	0	0.45688	0.45688	0	0.45688	0.45688	0	0	0.45688	0.45688	0	0	0.45688	0.45688	0	0	0	0.45688	0.45688	0.45688	0.45688	0	0	0	0.45688	0.45688	0	0.45688	0.913702	0.45688	0.45688	0.45688	0	0.45688	0.45688	0.45688	0.913702	0.45688	0.45688	0.45688	0.45688	0.45688	0.913702	0.913702	0.45688	0.913702	0.45688	0.45688	0.45688	0.913702	0.913702	0.45688	0.45688	0.45688	0.913702	0.45688	0.45688	0.45688	0.45688	0.45688	0	0	0.45688	0.45688	0	0.45688	0.45688	0	0	0.45688	0.45688	0	0	0	0.45688	0.45688	0	0	0	0.45688	0.913702	0.913702	0.45688	0	0	0.45688	0.913702	0.45688	0.45688	0.913702	0.913702	0.45688	0.45688	0.45688	0.45688	0.913702	0.45688	0	0.45688	0.45688	0	0.45688	0.45688	0.45688	0.913702	0.45688	0.45688	0.913702	0.45688	0.45688	0.45688	0.45688	0.913702	0.913702	0.45688	0.45688	1.37041	0.913702	0.45688	0.45688	0.913702	1.37041	1.37041	0.913702	0.45688	1.37041	0.913702	0.45688	0.45688	0.45688	0.913702	0.45688	0.45688	1.37041	1.37041	0.45688	0.45688	0.45688	0.45688	0.913702	0.45688	0.913702	0.913702	0.913702	0.913702	0.913702	0.913702	0.913702	1.82694	0.913702	1.37041
0.456836	0.913614	0.456836	0	0	0.456836	0.456836	0.361166	0.484566	0.456873	0.361189	0.161525	0.361166	0.484566	0.456873	0.456873	0.456873	0.361189	0.161525	0.456836	0.456836	0	0	0.456836	0.456836	0	0.456836	0.456836	0.913614	0.913614	0.456836	0.456836	0	0.582348	0.665946	0.869753	0.807545	0.456836	0.913614	0.913614	0.456836	0.807545	1.38917	0.582348	0.807545	0.869753	0.646076	1.08338	0.582348	0.807545	1.38917	1.03412	0.456836	0.456836	0.456836	0.361166	0.869753	0.646076	0.361189	0.510764	0.484566	0.456873	0.361189	0.161525	0.361166	0.510764	0.161525	0	0	0.456836	0.456836	0.361166	0.484566	0.361189	0.582348	0.456836	0.456836	0.456836	0	0.913614	1.37028	0.456836	0.456836	0.913614	0.456836	0.456836	0.456836	0.582348	1.08338	0.646076	0.646076	0.869753	0.807545	0.456836	0.456836	0.582348	0.361189	0.646076	0.646076	0.484566	0.510764	0.361189	0.456873	0.646076	0.646076	0.456873	0.484566	0.361166	0.161525	0.510764	0.361166	0	0	0.456836	0.456836	0	0	0.456836	0.456836	0	0	0	0.456836	0.456836	0.456836	0.456836	0	0.161525	0.361189	0.484566	0.361166	0.161525	0.510764	0.807545	0.456836	0.456836	0.456836	0	0.456836	0.456836	0.456836	0.913614	0.456836	0.456836	0.582348	0.665946	0.646076	1.02145	1.02145	0.646076	1.02145	0.646076	0.646076	0.646076	1.02145	1.02145	0.646076	0.646076	0.646076	1.02145	0.646076	0.646076	0.646076	0.484566	0.361166	0	0	0.456836	0.456836	0	0.456836	0.456836	0	0	0.361166	0.484566	0.456873	0.456873	0.456873	0.646076	0.646076	0.456873	0.456873	0.456873	0.646076	0.982414	1.13053	1.0215	0.807607	0.582391	0.646076	1.02145	0.646076	0.646076	1.02145	1.02145	0.646076	0.646076	0.646076	0.646076	1.02145	0.646076	0.361189	0.582348	0.456836	0	0.456836	0.456836	0.456836	0.913614	0.456836	0.456836	0.807545	0.484566	0.646076	0.646076	0.646076	1.08338	1.03412	0.456836	0.456836	1.37028	0.913614	0.456836	0.456836	0.807545	1.38917	1.38917	0.869753	0.665946	1.38917	0.869753	0.646076	0.646076	0.665946	1.03412	0.456836	0.456836	1.37028	1.37028	0.456836	0.456836	0.456836	0.456836	0.913614	0.456836	0.913614	0.913614	1.03412	1.08338	1.02145	1.02145	1.02145	1.88295	1.02145	1.30199
0.456792	0.913527	0.456792	0	0	0.456792	0.456792	0.16151	0.361155	0.456829	0.48452	0.361132	0.16151	0.361155	0.456829	0.456829	0.456829	0.48452	0.361132	0.456792	0.456792	0	0	0.456792	0.456792	0	0.456792	0.456792	0.913527	0.913527	0.456792	0.456792	0	0.807468	0.869669	0.665882	0.582293	0.456792	0.913527	0.913527	0.456792	0.582293	1.38904	0.807468	0.582293	0.665882	0.646014	1.30187	0.807468	0.582293	1.38904	1.26118	0.456792	0.456792	0.456792	0.16151	0.665882	0.646014	0.48452	0.510715	0.361155	0.456829	0.48452	0.361132	0.16151	0.510715	0.361132	0	0	0.456792	0.456792	0.16151	0.361155	0.48452	0.807468	0.456792	0.456792	0.456792	0	0.913527	1.37015	0.456792	0.456792	0.913527	0.456792	0.456792	0.456792	0.807468	1.30187	0.646014	0.646014	0.665882	0.582293	0.456792	0.456792	0.807468	0.48452	0.646014	0.646014	0.361155	0.510715	0.48452	0.456829	0.646014	0.646014	0.456829	0.361155	0.16151	0.361132	0.510715	0.16151	0	0	0.456792	0.456792	0	0	0.456792	0.456792	0	0	0	0.456792	0.456792	0.456792	0.456792	0	0.361132	0.48452	0.361155	0.16151	0.361132	0.510715	0.582293	0.456792	0.456792	0.456792	0	0.456792	0.456792	0.456792	0.913527	0.456792	0.456792	0.807468	0.869669	0.646014	1.02135	1.02135	0.646014	1.02135	0.646014	0.646014	0.646014	1.02135	1.02135	0.646014	0.646014	0.646014	1.02135	0.646014	0.646014	0.646014	0.361155	0.16151	0	0	0.456792	0.456792	0	0.456792	0.456792	0	0	0.16151	0.361155	0.456829	0.456829	0.456829	0.646014	0.646014	0.456829	0.456829	0.456829	0.646014	0.807498	0.982346	1.0214	0.869717	0.665907	0.646014	1.02135	0.646014	0.646014	1.02135	1.02135	0.646014	0.646014	0.646014	0.646014	1.02135	0.646014	0.48452	0.807468	0.456792	0	0.456792	0.456792	0.456792	0.913527	0.456792	0.456792	0.582293	0.361155	0.646014	0.646014	0.646014	1.30187	1.26118	0.456792	0.456792	1.37015	0.913527	0.456792	0.456792	0.582293	1.38904	1.38904	0.665882	0.869669	1.38904	0.665882	0.646014	0.646014	0.869669	1.26118	0.456792	0.456792	1.37015	1.37015	0.456792	0.456792	0.456792	0.456792	0.913527	0.456792	0.913527	0.913527	1.26118	1.30187	1.02135	1.02135	1.02135	1.88277	1.02135	1.08328
0.456749	0.913439	0.456749	0	0	0.456749	0.456749	0	0	0	0.456749	0.456749	0	0	0	0	0	0.456749	0.456749	0.456749	0.456749	0	0	0.456749	0.456749	0	0.456749	0.456749	0.913439	0.913439	0.456749	0.456749	0	0.913439	0.913439	0.456749	0.456749	0.456749	0.913439	0.913439	0.456749	0.456749	1.37001	0.913439	0.456749	0.456749	0.456749	1.37001	0.913439	0.456749	1.37001	1.37001	0.456749	0.456749	0.456749	0	0.456749	0.456749	0.456749	0.456749	0	0	0.456749	0.456749	0	0.456749	0.456749	0	0	0.456749	0.456749	0	0	0.456749	0.913439	0.456749	0.456749	0.456749	0	0.913439	1.37001	0.456749	0.456749	0.913439	0.456749	0.456749	0.456749	0.913439	1.37001	0.456749	0.456749	0.456749	0.456749	0.456749	0.456749	0.913439	0.456749	0.456749	0.456749	0	0.456749	0.456749	0	0.456749	0.456749	0	0	0	0.456749	0.456749	0	0	0	0.456749	0.456749	0	0	0.456749	0.456749	0	0	0	0.456749	0.456749	0.456749	0.456749	0	0.456749	0.456749	0	0	0.456749	0.456749	0.456749	0.456749	0.456749	0.456749	0	0.456749	0.456749	0.456749	0.913439	0.456749	0.456749	0.913439	0.913439	0.456749	0.913439	0.913439	0.456749	0.913439	0.456749	0.456749	0.456749	0.913439	0.913439	0.456749	0.456749	0.456749	0.913439	0.456749	0.456749	0.456749	0	0	0	0	0.456749	0.456749	0	0.456749	0.456749	0	0	0	0	0	0	0	0.456749	0.456749	0	0	0	0.456749	0.456749	0.456749	0.456749	0.456749	0.456749	0.456749	0.913439	0.456749	0.456749	0.913439	0.913439	0.456749	0.456749	0.456749	0.456749	0.913439	0.456749	0.456749	0.913439	0.456749	0	0.456749	0.456749	0.456749	0.913439	0.456749	0.456749	0.456749	0	0.456749	0.456749	0.456749	1.37001	1.37001	0.456749	0.456749	1.37001	0.913439	0.456749	0.456749	0.456749	1.37001	1.37001	0.456749	0.913439	1.37001	0.456749	0.456749	0.456749	0.913439	1.37001	0.456749	0.456749	1.37001	1.37001	0.456749	0.456749	0.456749	0.456749	0.913439	0.456749	0.913439	0.913439	1.37001	1.37001	0.913439	0.913439	0.913439	1.82641	0.913439	0.913439
0.456705	0.913352	0.456705	0	0	0.456705	0.456705	0	0	0	0.456705	0.456705	0	0	0	0	0	0.456705	0.456705	0.456705	0.456705	0	0	0.456705	0.456705	0	0.456705	0.456705	0.913352	0.913352	0.456705	0.456705	0	0.913352	0.913352	0.456705	0.456705	0.456705	0.913352	0.913352	0.456705	0.456705	1.36988	0.913352	0.456705	0.456705	0.456705	1.36988	0.913352	0.456705	1.36988	1.36988	0.456705	0.456705	0.456705	0	0.456705	0.456705	0.456705	0.456705	0	0	0.456705	0.456705	0	0.456705	0.456705	0	0	0.456705	0.456705	0	0	0.456705	0.913352	0.456705	0.456705	0.456705	0	0.913352	1.36988	0.456705	0.456705	0.913352	0.456705	0.456705	0.456705	0.913352	1.36988	0.456705	0.456705	0.456705	0.456705	0.456705	0.456705	0.913352	0.456705	0.456705	0.456705	0	0.456705	0.456705	0	0.456705	0.456705	0	0	0	0.456705	0.456705	0	0	0	0.456705	0.456705	0	0	0.456705	0.456705	0	0	0	0.456705	0.456705	0.456705	0.456705	0	0.456705	0.456705	0	0	0.456705	0.456705	0.456705	0.456705	0.456705	0.456705	0	0.456705	0.456705	0.456705	0.913352	0.456705	0.456705	0.913352	0.913352	0.456705	0.913352	0.913352	0.456705	0.913352	0.456705	0.456705	0.456705	0.913352	0.913352	0.456705	0.456705	0.456705	0.913352	0.456705	0.456705	0.456705	0	0	0	0	0.456705	0.456705	0	0.456705	0.456705	0	0	0	0	0	0	0	0.456705	0.456705	0	0	0	0.456705	0.456705	0.456705	0.456705	0.456705	0.456705	0.456705	0.913352	0.456705	0.456705	0.913352	0.913352	0.456705	0.456705	0.456705	0.456705	0.913352	0.456705	0.456705	0.913352	0.456705	0	0.456705	0.456705	0.456705	0.913352	0.456705	0.456705	0.456705	0	0.456705	0.456705	0.456705	1.36988	1.36988	0.456705	0.456705	1.36988	0.913352	0.456705	0.456705	0.456705	1.36988	1.36988	0.456705	0.913352	1.36988	0.456705	0.456705	0.456705	0.913352	1.36988	0.456705	0.456705	1.36988	1.36988	0.456705	0.456705	0.456705	0.456705	0.913352	0.456705	0.913352	0.913352	1.36988	1.36988	0.913352	0.913352	0.913352	1.82624	0.913352	0.913352
0.456661	0.913265	0.456661	0	0	0.456661	0.456661	0	0	0	0.456661	0.456661	0	0	0	0	0	0.456661	0.456661	0.456661	0.456661	0	0	0.456661	0.456661	0	0.456661	0.456661	0.913265	0.913265	0.456661	0.456661	0	0.913265	0.913265	0.456661	0.456661	0.456661	0.913265	0.913265	0.456661	0.456661	1.36975	0.913265	0.456661	0.456661	0.456661	1.36975	0.913265	0.456661	1.36975	1.36975	0.456661	0.456661	0.456661	0	0.456661	0.456661	0.456661	0.456661	0	0	0.456661	0.456661	0	0.456661	0.456661	0	0	0.456661	0.456661	0	0	0.456661	0.913265	0.456661	0.456661	0.456661	0	0.913265	1.36975	0.456661	0.456661	0.913265	0.456661	0.456661	0.456661	0.913265	1.36975	0.456661	0.456661	0.456661	0.456661	0.456661	0.456661	0.913265	0.456661	0.456661	0.456661	0	0.456661	0.456661	0	0.456661	0.456661	0	0	0	0.456661	0.456661	0	0	0	0.456661	0.456661	0	0	0.456661	0.456661	0	0	0	0.456661	0.456661	0.456661	0.456661	0	0.456661	0.456661	0	0	0.456661	0.456661	0.456661	0.456661	0.456661	0.456661	0	0.456661	0.456661	0.456661	0.913265	0.456661	0.456661	0.913265	0.913265	0.456661	0.913265	0.913265	0.456661	0.913265	0.456661	0.456661	0.456661	0.913265	0.913265	0.456661	0.456661	0.456661	0.913265	0.456661	0.456661	0.456661	0	0	0	0	0.456661	0.456661	0	0.456661	0.456661	0	0	0	0	0	0	0	0.456661	0.456661	0	0	0	0.456661	0.456661	0.456661	0.456661	0.456661	0.456661	0.456661	0.913265	0.456661	0.456661	0.913265	0.913265	0.456661	0.456661	0.456661	0.456661	0.913265	0.456661	0.456661	0.913265	0.456661	0	0.456661	0.456661	0.456661	0.913265	0.456661	0.456661	0.456661	0	0.456661	0.456661	0.456661	1.36975	1.36975	0.456661	0.456661	1.36975	0.913265	0.456661	0.456661	0.456661	1.36975	1.36975	0.456661	0.913265	1.36975	0.456661	0.456661	0.456661	0.913265	1.36975	0.456661	0.456661	1.36975	1.36975	0.456661	0.456661	0.456661	0.456661	0.913265	0.456661	0.913265	0.913265	1.36975	1.36975	0.913265	0.913265	0.913265	1.82607	0.913265	0.913265
0.456618	0.807159	0.484334	0.361017	0.161448	0.360994	0.484334	0.361017	0.161448	0	0.360994	0.484334	0.456654	0.456654	0.456654	0.361017	0.161448	0.360994	0.51052	0.51052	0.484334	0.361017	0.161448	0.360994	0.51052	0.161448	0.456618	0.456618	0.913177	0.913177	0.360994	0.484334	0.361017	0.941281	0.869337	0.645767	0.645767	0.645767	1.02096	1.02096	0.645767	0.645767	1.44369	1.02096	0.645767	0.645767	0.665627	1.38851	0.869337	0.645767	1.37911	1.48812	1.02101	1.02101	1.02101	0.80722	0.80719	0.645767	0.665652	0.823186	0.582113	0.456654	0.645767	0.645767	0.456654	0.665652	0.869384	0.80722	0.582113	0.645767	0.645767	0.456654	0.456654	0.645767	1.02096	0.645767	0.645767	0.645767	0.361017	0.941281	1.30137	0.645767	0.645767	1.08287	0.58207	0.456618	0.456618	0.807159	1.38851	0.58207	0.456618	0.456618	0.456618	0.456618	0.456618	0.913177	0.456618	0.456618	0.456618	0.161448	0.51052	0.360994	0	0.456618	0.456618	0	0.161448	0.361017	0.484334	0.360994	0	0.161448	0.361017	0.484334	0.360994	0	0	0.456618	0.456618	0	0	0	0.456618	0.456618	0.360994	0.484334	0.361017	0.58207	0.456618	0	0	0.456618	0.456618	0.456618	0.456618	0.456618	0.456618	0	0.456618	0.456618	0.456618	0.913177	0.456618	0.456618	0.913177	0.913177	0.456618	0.807159	0.869337	0.665627	1.03362	0.456618	0.456618	0.456618	0.913177	0.913177	0.58207	0.665627	0.645767	0.869337	0.360994	0.456618	0.456618	0	0.161448	0.361017	0.456654	0.484334	0.360994	0	0.360994	0.484334	0.456654	0.456654	0.361017	0.161448	0	0	0	0.360994	0.484334	0.456654	0.361017	0.161448	0.360994	0.51052	0.58207	0.456618	0.456618	0.456618	0.360994	0.869337	0.645767	0.645767	1.02096	1.02096	0.645767	0.645767	0.645767	0.645767	1.02096	0.645767	0.665627	0.941281	0.484334	0.361017	0.58207	0.456618	0.360994	0.869337	0.645767	0.645767	0.665627	0.161448	0.456618	0.456618	0.456618	1.2607	1.30137	0.645767	0.645767	1.37911	1.12999	1.02101	1.02101	0.98197	1.53123	1.53123	0.80719	0.981945	1.53123	0.80719	0.645767	0.645767	1.02096	1.44369	0.645767	0.665627	1.38851	1.38851	0.58207	0.456618	0.456618	0.58207	1.08287	0.645767	0.869337	0.807159	1.36962	1.36962	0.913177	0.913177	0.913177	1.71564	0.869337	1.02096
0.456574	0.582014	0.360982	0.484288	0.360959	0.161433	0.360982	0.484288	0.360959	0	0.161433	0.360982	0.45661	0.45661	0.45661	0.484288	0.360959	0.161433	0.510471	0.510471	0.360982	0.484288	0.360959	0.161433	0.510471	0.360959	0.456574	0.456574	0.91309	0.91309	0.161433	0.360982	0.484288	0.941191	0.665564	0.645705	0.645705	0.645705	1.02086	1.02086	0.645705	0.645705	1.44355	1.02086	0.645705	0.645705	0.869254	1.38838	0.665564	0.645705	1.17506	1.30128	1.02091	1.02091	1.02091	0.869301	0.981851	0.645705	0.582057	0.823107	0.665589	0.45661	0.645705	0.645705	0.45661	0.582057	0.807143	0.869301	0.665589	0.645705	0.645705	0.45661	0.45661	0.645705	1.02086	0.645705	0.645705	0.645705	0.484288	0.941191	1.08276	0.645705	0.645705	1.30125	0.807082	0.456574	0.456574	0.582014	1.38838	0.807082	0.456574	0.456574	0.456574	0.456574	0.456574	0.91309	0.456574	0.456574	0.456574	0.360959	0.510471	0.161433	0	0.456574	0.456574	0	0.360959	0.484288	0.360982	0.161433	0	0.360959	0.484288	0.360982	0.161433	0	0	0.456574	0.456574	0	0	0	0.456574	0.456574	0.161433	0.360982	0.484288	0.807082	0.456574	0	0	0.456574	0.456574	0.456574	0.456574	0.456574	0.456574	0	0.456574	0.456574	0.456574	0.91309	0.456574	0.456574	0.91309	0.91309	0.456574	0.582014	0.665564	0.869254	1.26058	0.456574	0.456574	0.456574	0.91309	0.91309	0.807082	0.869254	0.645705	0.665564	0.161433	0.456574	0.456574	0	0.360959	0.484288	0.45661	0.360982	0.161433	0	0.161433	0.360982	0.45661	0.45661	0.484288	0.360959	0	0	0	0.161433	0.360982	0.45661	0.484288	0.360959	0.161433	0.510471	0.807082	0.456574	0.456574	0.456574	0.161433	0.665564	0.645705	0.645705	1.02086	1.02086	0.645705	0.645705	0.645705	0.645705	1.02086	0.645705	0.869254	0.941191	0.360982	0.484288	0.807082	0.456574	0.161433	0.665564	0.645705	0.645705	0.869254	0.360959	0.456574	0.456574	0.456574	1.03352	1.08276	0.645705	0.645705	1.17506	0.981876	1.02091	1.02091	1.12989	1.53109	1.53109	0.981851	0.807112	1.53109	0.981851	0.645705	0.645705	1.02086	1.44355	0.645705	0.869254	1.38838	1.38838	0.807082	0.456574	0.456574	0.807082	1.30125	0.645705	0.665564	0.582014	1.36949	1.36949	0.91309	0.91309	0.91309	1.48795	0.665564	1.02086
0.45653	0.45653	0	0.45653	0.45653	0	0	0.45653	0.45653	0	0	0	0	0	0	0.45653	0.45653	0	0.45653	0.45653	0	0.45653	0.45653	0	0.45653	0.45653	0.45653	0.45653	0.913003	0.913003	0	0	0.45653	0.913003	0.45653	0.45653	0.45653	0.45653	0.913003	0.913003	0.45653	0.45653	1.36936	0.913003	0.45653	0.45653	0.913003	1.36936	0.45653	0.45653	0.913003	0.913003	0.45653	0.45653	0.45653	0.45653	0.913003	0.45653	0	0.45653	0.45653	0	0.45653	0.45653	0	0	0	0.45653	0.45653	0.45653	0.45653	0	0	0.45653	0.913003	0.45653	0.45653	0.45653	0.45653	0.913003	0.913003	0.45653	0.45653	1.36936	0.913003	0.45653	0.45653	0.45653	1.36936	0.913003	0.45653	0.45653	0.45653	0.45653	0.45653	0.913003	0.45653	0.45653	0.45653	0.45653	0.45653	0	0	0.45653	0.45653	0	0.45653	0.45653	0	0	0	0.45653	0.45653	0	0	0	0	0.45653	0.45653	0	0	0	0.45653	0.45653	0	0	0.45653	0.913003	0.45653	0	0	0.45653	0.45653	0.45653	0.45653	0.45653	0.45653	0	0.45653	0.45653	0.45653	0.913003	0.45653	0.45653	0.913003	0.913003	0.45653	0.45653	0.45653	0.913003	1.36936	0.45653	0.45653	0.45653	0.913003	0.913003	0.913003	0.913003	0.45653	0.45653	0	0.45653	0.45653	0	0.45653	0.45653	0	0	0	0	0	0	0	0	0.45653	0.45653	0	0	0	0	0	0	0.45653	0.45653	0	0.45653	0.913003	0.45653	0.45653	0.45653	0	0.45653	0.45653	0.45653	0.913003	0.913003	0.45653	0.45653	0.45653	0.45653	0.913003	0.45653	0.913003	0.913003	0	0.45653	0.913003	0.45653	0	0.45653	0.45653	0.45653	0.913003	0.45653	0.45653	0.45653	0.45653	0.913003	0.913003	0.45653	0.45653	0.913003	0.45653	0.45653	0.45653	0.913003	1.36936	1.36936	0.913003	0.45653	1.36936	0.913003	0.45653	0.45653	0.913003	1.36936	0.45653	0.913003	1.36936	1.36936	0.913003	0.45653	0.45653	0.913003	1.36936	0.45653	0.45653	0.45653	1.36936	1.36936	0.913003	0.913003	0.913003	1.36936	0.45653	0.913003
0.456487	0.456487	0	0.456487	0.456487	0	0	0.456487	0.456487	0	0	0	0	0	0	0.456487	0.456487	0	0.456487	0.456487	0	0.456487	0.456487	0	0.456487	0.456487	0.456487	0.456487	0.912916	0.912916	0	0	0.456487	0.912916	0.456487	0.456487	0.456487	0.456487	0.912916	0.912916	0.456487	0.456487	1.36923	0.912916	0.456487	0.456487	0.912916	1.36923	0.456487	0.456487	0.912916	0.912916	0.456487	0.456487	0.456487	0.456487	0.912916	0.456487	0	0.456487	0.456487	0	0.456487	0.456487	0	0	0	0.456487	0.456487	0.456487	0.456487	0	0	0.456487	0.912916	0.456487	0.456487	0.456487	0.456487	0.912916	0.912916	0.456487	0.456487	1.36923	0.912916	0.456487	0.456487	0.456487	1.36923	0.912916	0.456487	0.456487	0.456487	0.456487	0.456487	0.912916	0.456487	0.456487	0.456487	0.456487	0.456487	0	0	0.456487	0.456487	0	0.456487	0.456487	0	0	0	0.456487	0.456487	0	0	0	0	0.456487	0.456487	0	0	0	0.456487	0.456487	0	0	0.456487	0.912916	0.456487	0	0	0.456487	0.456487	0.456487	0.456487	0.456487	0.456487	0	0.456487	0.456487	0.456487	0.912916	0.456487	0.456487	0.912916	0.912916	0.456487	0.456487	0.456487	0.912916	1.36923	0.456487	0.456487	0.456487	0.912916	0.912916	0.912916	0.912916	0.456487	0.456487	0	0.456487	0.456487	0	0.456487	0.456487	0	0	0	0	0	0	0	0	0.456487	0.456487	0	0	0	0	0	0	0.456487	0.456487	0	0.456487	0.912916	0.456487	0.456487	0.456487	0	0.456487	0.456487	0.456487	0.912916	0.912916	0.456487	0.456487	0.456487	0.456487	0.912916	0.456487	0.912916	0.912916	0	0.456487	0.912916	0.456487	0	0.456487	0.456487	0.456487	0.912916	0.456487	0.456487	0.456487	0.456487	0.912916	0.912916	0.456487	0.456487	0.912916	0.456487	0.456487	0.456487	0.912916	1.36923	1.36923	0.912916	0.456487	1.36923	0.912916	0.456487	0.456487	0.912916	1.36923	0.456487	0.912916	1.36923	1.36923	0.912916	0.456487	0.456487	0.912916	1.36923	0.456487	0.456487	0.456487	1.36923	1.36923	0.912916	0.912916	0.912916	1.36923	0.456487	0.912916
0.456443	0.456443	0	0.456443	0.456443	0	0	0.456443	0.456443	0	0	0	0	0	0	0.456443	0.456443	0	0.456443	0.456443	0	0.456443	0.456443	0	0.456443	0.456443	0.456443	0.456443	0.912828	0.912828	0	0	0.456443	0.912828	0.456443	0.456443	0.456443	0.456443	0.912828	0.912828	0.456443	0.456443	1.3691	0.912828	0.456443	0.456443	0.912828	1.3691	0.456443	0.456443	0.912828	0.912828	0.456443	0.456443	0.456443	0.456443	0.912828	0.456443	0	0.456443	0.456443	0	0.456443	0.456443	0	0	0	0.456443	0.456443	0.456443	0.456443	0	0	0.456443	0.912828	0.456443	0.456443	0.456443	0.456443	0.912828	0.912828	0.456443	0.456443	1.3691	0.912828	0.456443	0.456443	0.456443	1.3691	0.912828	0.456443	0.456443	0.456443	0.456443	0.456443	0.912828	0.456443	0.456443	0.456443	0.456443	0.456443	0	0	0.456443	0.456443	0	0.456443	0.456443	0	0	0	0.456443	0.456443	0	0	0	0	0.456443	0.456443	0	0	0	0.456443	0.456443	0	0	0.456443	0.912828	0.456443	0	0	0.456443	0.456443	0.456443	0.456443	0.456443	0.456443	0	0.456443	0.456443	0.456443	0.912828	0.456443	0.456443	0.912828	0.912828	0.456443	0.456443	0.456443	0.912828	1.3691	0.456443	0.456443	0.456443	0.912828	0.912828	0.912828	0.912828	0.456443	0.456443	0	0.456443	0.456443	0	0.456443	0.456443	0	0	0	0	0	0	0	0	0.456443	0.456443	0	0	0	0	0	0	0.456443	0.456443	0	0.456443	0.912828	0.456443	0.456443	0.456443	0	0.456443	0.456443	0.456443	0.912828	0.912828	0.456443	0.456443	0.456443	0.456443	0.912828	0.456443	0.912828	0.912828	0	0.456443	0.912828	0.456443	0	0.456443	0.456443	0.456443	0.912828	0.456443	0.456443	0.456443	0.456443	0.912828	0.912828	0.456443	0.456443	0.912828	0.456443	0.456443	0.456443	0.912828	1.3691	1.3691	0.912828	0.456443	1.3691	0.912828	0.456443	0.456443	0.912828	1.3691	0.456443	0.912828	1.3691	1.3691	0.912828	0.456443	0.456443	0.912828	1.3691	0.456443	0.456443	0.456443	1.3691	1.3691	0.912828	0.912828	0.912828	1.3691	0.456443	0.912828
0.4564	0.4564	0	0.360821	0.484103	0.360844	0.161371	0.4564	0.4564	0	0	0	0	0	0.161371	0.510276	0.360821	0	0.4564	0.4564	0	0.4564	0.4564	0	0.4564	0.4564	0.4564	0.4564	0.912741	0.912741	0	0	0.4564	0.912741	0.4564	0.4564	0.4564	0.4564	0.912741	0.912741	0.4564	0.4564	1.36897	0.912741	0.4564	0.4564	0.806773	1.30075	0.645458	0.645458	1.02047	1.02047	0.645458	0.645458	0.645458	0.645458	1.02047	0.645458	0.456436	0.665334	0.822792	0.581834	0.665334	0.868969	0.806835	0.581834	0.456436	0.645458	0.645458	0.645458	0.645458	0.360844	0.161371	0.4564	0.806773	0.484103	0.645458	0.645458	0.645458	1.02047	1.02047	0.645458	0.665309	1.38785	0.868921	0.645458	0.645458	0.665309	1.38785	0.868921	0.645458	0.665309	0.581792	0.4564	0.4564	0.912741	0.4564	0.4564	0.4564	0.4564	0.4564	0	0	0.4564	0.4564	0	0.4564	0.4564	0	0	0	0.360821	0.510276	0.161371	0	0	0	0.360821	0.510276	0.161371	0	0	0.4564	0.4564	0.161371	0.360844	0.484103	0.806773	0.4564	0	0	0.4564	0.581792	0.510276	0.360821	0.4564	0.4564	0	0.4564	0.4564	0.4564	0.912741	0.4564	0.4564	0.912741	0.912741	0.4564	0.4564	0.4564	0.912741	1.36897	0.4564	0.4564	0.4564	0.912741	0.912741	0.806773	0.868921	0.645458	0.665309	0.161371	0.4564	0.4564	0	0.360821	0.510276	0.161371	0	0	0	0	0	0	0	0.4564	0.4564	0	0	0	0	0	0	0.4564	0.4564	0	0.4564	0.912741	0.4564	0.4564	0.4564	0	0.4564	0.4564	0.4564	0.912741	0.912741	0.4564	0.4564	0.4564	0.4564	0.912741	0.4564	0.806773	0.940831	0.161371	0.360821	0.868921	0.645458	0.360844	0.581792	0.4564	0.4564	0.806773	0.484103	0.645458	0.645458	0.645458	1.02047	1.02047	0.645458	0.645458	1.02047	0.645458	0.645458	0.645458	0.981475	1.5305	1.5305	1.12945	0.981501	1.5305	1.12945	0.981501	0.806804	1.02047	1.443	0.645458	1.02047	1.443	1.443	1.02047	0.645458	0.645458	1.02047	1.52196	0.581792	0.4564	0.4564	1.36897	1.36897	0.912741	0.912741	0.806773	1.38785	0.581792	0.912741
0.456356	0.456356	0	0.161356	0.36081	0.484057	0.360787	0.456356	0.456356	0	0	0	0	0	0.360787	0.510227	0.161356	0	0.456356	0.456356	0	0.456356	0.456356	0	0.456356	0.456356	0.456356	0.456356	0.912654	0.912654	0	0	0.456356	0.912654	0.456356	0.456356	0.456356	0.456356	0.912654	0.912654	0.456356	0.456356	1.36884	0.912654	0.456356	0.456356	0.581736	1.08225	0.645397	0.645397	1.02037	1.02037	0.645397	0.645397	0.645397	0.645397	1.02037	0.645397	0.456392	0.581779	0.822713	0.66527	0.581779	0.806758	0.868886	0.66527	0.456392	0.645397	0.645397	0.645397	0.645397	0.484057	0.360787	0.456356	0.581736	0.36081	0.645397	0.645397	0.645397	1.02037	1.02037	0.645397	0.868838	1.38771	0.665245	0.645397	0.645397	0.868838	1.38771	0.665245	0.645397	0.868838	0.806696	0.456356	0.456356	0.912654	0.456356	0.456356	0.456356	0.456356	0.456356	0	0	0.456356	0.456356	0	0.456356	0.456356	0	0	0	0.161356	0.510227	0.360787	0	0	0	0.161356	0.510227	0.360787	0	0	0.456356	0.456356	0.360787	0.484057	0.36081	0.581736	0.456356	0	0	0.456356	0.806696	0.510227	0.161356	0.456356	0.456356	0	0.456356	0.456356	0.456356	0.912654	0.456356	0.456356	0.912654	0.912654	0.456356	0.456356	0.456356	0.912654	1.36884	0.456356	0.456356	0.456356	0.912654	0.912654	0.581736	0.665245	0.645397	0.868838	0.360787	0.456356	0.456356	0	0.161356	0.510227	0.360787	0	0	0	0	0	0	0	0.456356	0.456356	0	0	0	0	0	0	0.456356	0.456356	0	0.456356	0.912654	0.456356	0.456356	0.456356	0	0.456356	0.456356	0.456356	0.912654	0.912654	0.456356	0.456356	0.456356	0.456356	0.912654	0.456356	0.581736	0.940742	0.360787	0.161356	0.665245	0.645397	0.484057	0.806696	0.456356	0.456356	0.581736	0.36081	0.645397	0.645397	0.645397	1.02037	1.02037	0.645397	0.645397	1.02037	0.645397	0.645397	0.645397	0.806727	1.53036	1.53036	0.981407	1.12935	1.53036	0.981407	1.12935	0.981382	1.02037	1.44286	0.645397	1.02037	1.44286	1.44286	1.02037	0.645397	0.645397	1.02037	1.74473	0.806696	0.456356	0.456356	1.36884	1.36884	0.912654	0.912654	0.581736	1.38771	0.806696	0.912654
0.456312	0.456312	0	0	0	0.456312	0.456312	0.456312	0.456312	0	0	0	0	0	0.456312	0.456312	0	0	0.456312	0.456312	0	0.456312	0.456312	0	0.456312	0.456312	0.456312	0.456312	0.912567	0.912567	0	0	0.456312	0.912567	0.456312	0.456312	0.456312	0.456312	0.912567	0.912567	0.456312	0.456312	1.36871	0.912567	0.456312	0.456312	0.456312	0.912567	0.456312	0.456312	0.912567	0.912567	0.456312	0.456312	0.456312	0.456312	0.912567	0.456312	0	0	0.456312	0.456312	0	0	0.456312	0.456312	0	0.456312	0.456312	0.456312	0.456312	0.456312	0.456312	0.456312	0.456312	0	0.456312	0.456312	0.456312	0.912567	0.912567	0.456312	0.912567	1.36871	0.456312	0.456312	0.456312	0.912567	1.36871	0.456312	0.456312	0.912567	0.912567	0.456312	0.456312	0.912567	0.456312	0.456312	0.456312	0.456312	0.456312	0	0	0.456312	0.456312	0	0.456312	0.456312	0	0	0	0	0.456312	0.456312	0	0	0	0	0.456312	0.456312	0	0	0.456312	0.456312	0.456312	0.456312	0	0.456312	0.456312	0	0	0.456312	0.912567	0.456312	0	0.456312	0.456312	0	0.456312	0.456312	0.456312	0.912567	0.456312	0.456312	0.912567	0.912567	0.456312	0.456312	0.456312	0.912567	1.36871	0.456312	0.456312	0.456312	0.912567	0.912567	0.456312	0.456312	0.456312	0.912567	0.456312	0.456312	0.456312	0	0	0.456312	0.456312	0	0	0	0	0	0	0	0.456312	0.456312	0	0	0	0	0	0	0.456312	0.456312	0	0.456312	0.912567	0.456312	0.456312	0.456312	0	0.456312	0.456312	0.456312	0.912567	0.912567	0.456312	0.456312	0.456312	0.456312	0.912567	0.456312	0.456312	0.912567	0.456312	0	0.456312	0.456312	0.456312	0.912567	0.456312	0.456312	0.456312	0	0.456312	0.456312	0.456312	0.912567	0.912567	0.456312	0.456312	0.912567	0.456312	0.456312	0.456312	0.456312	1.36871	1.36871	0.456312	0.912567	1.36871	0.456312	0.912567	0.912567	0.912567	1.36871	0.456312	0.912567	1.36871	1.36871	0.912567	0.456312	0.456312	0.912567	1.82467	0.912567	0.456312	0.456312	1.36871	1.36871	0.912567	0.912567	0.456312	1.36871	0.912567	0.912567
0.456269	0.456269	0	0	0	0.456269	0.456269	0.456269	0.456269	0	0	0	0	0	0.456269	0.456269	0	0	0.456269	0.456269	0	0.456269	0.456269	0	0.456269	0.456269	0.456269	0.456269	0.912479	0.912479	0	0	0.456269	0.912479	0.456269	0.456269	0.456269	0.456269	0.912479	0.912479	0.456269	0.456269	1.36857	0.912479	0.456269	0.456269	0.456269	0.912479	0.456269	0.456269	0.912479	0.912479	0.456269	0.456269	0.456269	0.456269	0.912479	0.456269	0	0	0.456269	0.456269	0	0	0.456269	0.456269	0	0.456269	0.456269	0.456269	0.456269	0.456269	0.456269	0.456269	0.456269	0	0.456269	0.456269	0.456269	0.912479	0.912479	0.456269	0.912479	1.36857	0.456269	0.456269	0.456269	0.912479	1.36857	0.456269	0.456269	0.912479	0.912479	0.456269	0.456269	0.912479	0.456269	0.456269	0.456269	0.456269	0.456269	0	0	0.456269	0.456269	0	0.456269	0.456269	0	0	0	0	0.456269	0.456269	0	0	0	0	0.456269	0.456269	0	0	0.456269	0.456269	0.456269	0.456269	0	0.456269	0.456269	0	0	0.456269	0.912479	0.456269	0	0.456269	0.456269	0	0.456269	0.456269	0.456269	0.912479	0.456269	0.456269	0.912479	0.912479	0.456269	0.456269	0.456269	0.912479	1.36857	0.456269	0.456269	0.456269	0.912479	0.912479	0.456269	0.456269	0.456269	0.912479	0.456269	0.456269	0.456269	0	0	0.456269	0.456269	0	0	0	0	0	0	0	0.456269	0.456269	0	0	0	0	0	0	0.456269	0.456269	0	0.456269	0.912479	0.456269	0.456269	0.456269	0	0.456269	0.456269	0.456269	0.912479	0.912479	0.456269	0.456269	0.456269	0.456269	0.912479	0.456269	0.456269	0.912479	0.456269	0	0.456269	0.456269	0.456269	0.912479	0.456269	0.456269	0.456269	0	0.456269	0.456269	0.456269	0.912479	0.912479	0.456269	0.456269	0.912479	0.456269	0.456269	0.456269	0.456269	1.36857	1.36857	0.456269	0.912479	1.36857	0.456269	0.912479	0.912479	0.912479	1.36857	0.456269	0.912479	1.36857	1.36857	0.912479	0.456269	0.456269	0.912479	1.8245	0.912479	0.456269	0.456269	1.36857	1.36857	0.912479	0.912479	0.456269	1.36857	0.912479	0.912479
0.456232	0.456232	0	0	0	0.456232	0.456232	0.456232	0.456232	0	0	0	0	0	0.456232	0.456232	0	0	0.456232	0.456232	0	0.456232	0.456232	0	0.456232	0.456232	0.456232	0.456232	0.912407	0.912407	0	0	0.456232	0.912407	0.456232	0.456232	0.456232	0.456232	0.912407	0.912407	0.456232	0.456232	1.36847	0.912407	0.456232	0.456232	0.456232	0.912407	0.456232	0.456232	0.912407	0.912407	0.456232	0.456232	0.456232	0.456232	0.912407	0.456232	0	0	0.456232	0.456232	0	0	0.456232	0.456232	0	0.456232	0.456232	0.456232	0.456232	0.456232	0.456232	0.456232	0.456232	0	0.456232	0.456232	0.456232	0.912407	0.912407	0.456232	0.912407	1.36847	0.456232	0.456232	0.456232	0.912407	1.36847	0.456232	0.456232	0.912407	0.912407	0.456232	0.456232	0.912407	0.456232	0.456232	0.456232	0.456232	0.456232	0	0	0.456232	0.456232	0	0.456232	0.456232	0	0	0	0	0.456232	0.456232	0	0	0	0	0.456232	0.456232	0	0	0.456232	0.456232	0.456232	0.456232	0	0.456232	0.456232	0	0	0.456232	0.912407	0.456232	0	0.456232	0.456232	0	0.456232	0.456232	0.456232	0.912407	0.456232	0.456232	0.912407	0.912407	0.456232	0.456232	0.456232	0.912407	1.36847	0.456232	0.456232	0.456232	0.912407	0.912407	0.456232	0.456232	0.456232	0.912407	0.456232	0.456232	0.456232	0	0	0.456232	0.456232	0	0	0	0	0	0	0	0.456232	0.456232	0	0	0	0	0	0	0.456232	0.456232	0	0.456232	0.912407	0.456232	0.456232	0.456232	0	0.456232	0.456232	0.456232	0.912407	0.912407	0.456232	0.456232	0.456232	0.456232	0.912407	0.456232	0.456232	0.912407	0.456232	0	0.456232	0.456232	0.456232	0.912407	0.456232	0.456232	0.456232	0	0.456232	0.456232	0.456232	0.912407	0.912407	0.456232	0.456232	0.912407	0.456232	0.456232	0.456232	0.456232	1.36847	1.36847	0.456232	0.912407	1.36847	0.456232	0.912407	0.912407	0.912407	1.36847	0.456232	0.912407	1.36847	1.36847	0.912407	0.456232	0.456232	0.912407	1.82435	0.912407	0.456232	0.456232	1.36847	1.36847	0.912407	0.912407	0.456232	1.36847	0.912407	0.912407
0.360654	0.510038	0.161295	0	0	0.456189	0.456189	0.456189	0.456189	0	0	0	0.161295	0.360672	0.483875	0.360654	0	0.161295	0.510038	0.360654	0	0.456189	0.456189	0	0.456189	0.456189	0.456189	0.456189	0.91232	0.91232	0	0	0.456189	0.91232	0.456189	0.456189	0.456189	0.456189	0.91232	0.91232	0.456189	0.456189	1.25952	0.868518	0.645155	0.645155	0.645155	1.02	0.645155	0.645155	1.02	1.02	0.645155	0.645155	0.645155	0.645155	0.981017	0.868556	0.80645	0.581557	0.645155	0.645155	0.360672	0.161295	0.360654	0.510038	0.161295	0.360654	0.483875	0.664999	0.581523	0.360654	0.483875	0.645155	0.664999	0.161295	0.456189	0.456189	0.456189	0.91232	0.91232	0.456189	0.8064	1.30015	0.645155	0.664999	0.581523	0.8064	1.30015	0.645155	0.664999	1.03265	0.91232	0.456189	0.456189	0.91232	0.456189	0.456189	0.456189	0.360654	0.510038	0.161295	0	0.456189	0.456189	0	0.360654	0.483875	0.456218	0.360672	0.161295	0	0.360654	0.510038	0.161295	0	0	0	0.456189	0.456189	0	0	0.456189	0.456189	0.360654	0.483875	0.360672	0.581523	0.456189	0	0	0.456189	0.8064	0.510038	0.161295	0.456189	0.456189	0	0.456189	0.456189	0.456189	0.91232	0.456189	0.456189	0.91232	0.91232	0.456189	0.456189	0.456189	0.8064	1.30015	0.645155	0.645155	0.645155	1.02	1.02	0.645155	0.645155	0.645155	1.02	0.645155	0.665019	0.868556	0.80645	0.581557	0.645155	0.645155	0.456218	0.456218	0.456218	0.360672	0.161295	0	0	0.456189	0.456189	0	0	0	0	0	0.161295	0.510038	0.360654	0.161295	0.510038	0.8064	0.456189	0.456189	0.456189	0	0.456189	0.456189	0.456189	0.91232	0.91232	0.456189	0.456189	0.456189	0.456189	0.91232	0.456189	0.456189	0.91232	0.456189	0.161295	0.664999	0.645155	0.483875	0.8064	0.456189	0.360654	0.510038	0.161295	0.360654	0.483875	0.645155	1.02	0.981017	0.868556	1.02003	1.29015	1.02003	0.981037	0.806425	0.645155	1.37782	1.52979	0.806425	0.981017	1.52979	0.806425	1.02	1.02	0.981017	1.52979	0.806425	0.981017	1.52979	1.58813	1.02	0.664999	0.581523	0.8064	1.74409	1.02	0.664999	0.581523	1.36833	1.36833	0.8064	0.868518	0.664999	1.48669	0.91232	0.91232
0.16128	0.50999	0.36062	0	0	0.456145	0.456145	0.456145	0.456145	0	0	0	0.36062	0.483829	0.360638	0.16128	0	0.36062	0.50999	0.16128	0	0.456145	0.456145	0	0.456145	0.456145	0.456145	0.456145	0.912233	0.912233	0	0	0.456145	0.912233	0.456145	0.456145	0.456145	0.456145	0.912233	0.912233	0.456145	0.456145	1.03255	0.664936	0.645094	0.645094	0.645094	1.0199	0.645094	0.645094	1.0199	1.0199	0.645094	0.645094	0.645094	0.645094	0.806348	0.806372	0.868473	0.664955	0.645094	0.645094	0.483829	0.36062	0.16128	0.50999	0.36062	0.16128	0.360638	0.868435	0.806323	0.16128	0.360638	0.645094	0.868435	0.36062	0.456145	0.456145	0.456145	0.912233	0.912233	0.456145	0.581467	1.08174	0.645094	0.868435	0.806323	0.581467	1.08174	0.645094	0.868435	1.2594	0.912233	0.456145	0.456145	0.912233	0.456145	0.456145	0.456145	0.16128	0.50999	0.36062	0	0.456145	0.456145	0	0.16128	0.360638	0.456174	0.483829	0.36062	0	0.16128	0.50999	0.36062	0	0	0	0.456145	0.456145	0	0	0.456145	0.456145	0.16128	0.360638	0.483829	0.806323	0.456145	0	0	0.456145	0.581467	0.50999	0.36062	0.456145	0.456145	0	0.456145	0.456145	0.456145	0.912233	0.456145	0.456145	0.912233	0.912233	0.456145	0.456145	0.456145	0.581467	1.08174	0.645094	0.645094	0.645094	1.0199	1.0199	0.645094	0.645094	0.645094	1.0199	0.645094	0.581501	0.806372	0.868473	0.664955	0.645094	0.645094	0.456174	0.456174	0.456174	0.483829	0.36062	0	0	0.456145	0.456145	0	0	0	0	0	0.36062	0.50999	0.16128	0.36062	0.50999	0.581467	0.456145	0.456145	0.456145	0	0.456145	0.456145	0.456145	0.912233	0.912233	0.456145	0.456145	0.456145	0.456145	0.912233	0.456145	0.456145	0.912233	0.456145	0.36062	0.868435	0.645094	0.360638	0.581467	0.456145	0.16128	0.50999	0.36062	0.16128	0.360638	0.645094	1.0199	0.806348	0.806372	1.01994	1.29002	1.01994	1.12882	0.980923	0.645094	1.17395	1.52965	0.980923	0.806348	1.52965	0.980923	1.0199	1.0199	0.806348	1.52965	0.980923	0.806348	1.52965	1.80253	1.0199	0.868435	0.806323	0.581467	1.52111	1.0199	0.868435	0.806323	1.3682	1.3682	0.581467	0.664936	0.868435	1.71387	0.912233	0.912233
0	0.456102	0.456102	0	0	0.456102	0.456102	0.456102	0.456102	0	0	0	0.456102	0.456102	0	0	0	0.456102	0.456102	0	0	0.456102	0.456102	0	0.456102	0.456102	0.456102	0.456102	0.912145	0.912145	0	0	0.456102	0.912145	0.456102	0.456102	0.456102	0.456102	0.912145	0.912145	0.456102	0.456102	0.912145	0.456102	0.456102	0.456102	0.456102	0.912145	0.456102	0.456102	0.912145	0.912145	0.456102	0.456102	0.456102	0.456102	0.456102	0	0.456102	0.456102	0.456102	0.456102	0.456102	0.456102	0	0.456102	0.456102	0	0	0.912145	0.912145	0	0	0.456102	0.912145	0.456102	0.456102	0.456102	0.456102	0.912145	0.912145	0.456102	0.456102	0.912145	0.456102	0.912145	0.912145	0.456102	0.912145	0.456102	0.912145	1.36807	0.912145	0.456102	0.456102	0.912145	0.456102	0.456102	0.456102	0	0.456102	0.456102	0	0.456102	0.456102	0	0	0	0	0.456102	0.456102	0	0	0.456102	0.456102	0	0	0	0.456102	0.456102	0	0	0.456102	0.456102	0	0	0.456102	0.912145	0.456102	0	0	0.456102	0.456102	0.456102	0.456102	0.456102	0.456102	0	0.456102	0.456102	0.456102	0.912145	0.456102	0.456102	0.912145	0.912145	0.456102	0.456102	0.456102	0.456102	0.912145	0.456102	0.456102	0.456102	0.912145	0.912145	0.456102	0.456102	0.456102	0.912145	0.456102	0	0	0.456102	0.456102	0.456102	0.456102	0	0	0	0.456102	0.456102	0	0	0.456102	0.456102	0	0	0	0	0	0.456102	0.456102	0	0.456102	0.456102	0.456102	0.456102	0.456102	0.456102	0	0.456102	0.456102	0.456102	0.912145	0.912145	0.456102	0.456102	0.456102	0.456102	0.912145	0.456102	0.456102	0.912145	0.456102	0.456102	0.912145	0.456102	0	0.456102	0.456102	0	0.456102	0.456102	0	0	0.456102	0.912145	0.456102	0	0.456102	0.912145	0.456102	0.912145	0.912145	0.456102	0.912145	1.36807	0.912145	0.456102	1.36807	0.912145	0.912145	0.912145	0.456102	1.36807	0.912145	0.456102	1.36807	1.82383	0.912145	0.912145	0.912145	0.456102	1.36807	0.912145	0.912145	0.912145	1.36807	1.36807	0.456102	0.456102	0.912145	1.82383	0.912145	0.912145
0	0.456058	0.456058	0	0	0.456058	0.456058	0.456058	0.456058	0	0	0	0.456058	0.456058	0	0	0	0.456058	0.456058	0	0	0.456058	0.456058	0	0.456058	0.456058	0.456058	0.456058	0.912058	0.912058	0	0	0.456058	0.912058	0.456058	0.456058	0.456058	0.456058	0.912058	0.912058	0.456058	0.456058	0.912058	0.456058	0.456058	0.456058	0.456058	0.912058	0.456058	0.456058	0.912058	0.912058	0.456058	0.456058	0.456058	0.456058	0.456058	0	0.456058	0.456058	0.456058	0.456058	0.456058	0.456058	0	0.456058	0.456058	0	0	0.912058	0.912058	0	0	0.456058	0.912058	0.456058	0.456058	0.456058	0.456058	0.912058	0.912058	0.456058	0.456058	0.912058	0.456058	0.912058	0.912058	0.456058	0.912058	0.456058	0.912058	1.36794	0.912058	0.456058	0.456058	0.912058	0.456058	0.456058	0.456058	0	0.456058	0.456058	0	0.456058	0.456058	0	0	0	0	0.456058	0.456058	0	0	0.456058	0.456058	0	0	0	0.456058	0.456058	0	0	0.456058	0.456058	0	0	0.456058	0.912058	0.456058	0	0	0.456058	0.456058	0.456058	0.456058	0.456058	0.456058	0	0.456058	0.456058	0.456058	0.912058	0.456058	0.456058	0.912058	0.912058	0.456058	0.456058	0.456058	0.456058	0.912058	0.456058	0.456058	0.456058	0.912058	0.912058	0.456058	0.456058	0.456058	0.912058	0.456058	0	0	0.456058	0.456058	0.456058	0.456058	0	0	0	0.456058	0.456058	0	0	0.456058	0.456058	0	0	0	0	0	0.456058	0.456058	0	0.456058	0.456058	0.456058	0.456058	0.456058	0.456058	0	0.456058	0.456058	0.456058	0.912058	0.912058	0.456058	0.456058	0.456058	0.456058	0.912058	0.456058	0.456058	0.912058	0.456058	0.456058	0.912058	0.456058	0	0.456058	0.456058	0	0.456058	0.456058	0	0	0.456058	0.912058	0.456058	0	0.456058	0.912058	0.456058	0.912058	0.912058	0.456058	0.912058	1.36794	0.912058	0.456058	1.36794	0.912058	0.912058	0.912058	0.456058	1.36794	0.912058	0.456058	1.36794	1.82365	0.912058	0.912058	0.912058	0.456058	1.36794	0.912058	0.912058	0.912058	1.36794	1.36794	0.456058	0.456058	0.912058	1.82365	0.912058	0.912058
0	0.456014	0.456014	0	0	0.456014	0.456014	0.456014	0.456014	0	0	0	0.456014	0.456014	0	0	0	0.456014	0.456014	0	0	0.456014	0.456014	0	0.456014	0.456014	0.456014	0.456014	0.911971	0.911971	0	0	0.456014	0.911971	0.456014	0.456014	0.456014	0.456014	0.911971	0.911971	0.456014	0.456014	0.911971	0.456014	0.456014	0.456014	0.456014	0.911971	0.456014	0.456014	0.911971	0.911971	0.456014	0.456014	0.456014	0.456014	0.456014	0	0.456014	0.456014	0.456014	0.456014	0.456014	0.456014	0	0.456014	0.456014	0	0	0.911971	0.911971	0	0	0.456014	0.911971	0.456014	0.456014	0.456014	0.456014	0.911971	0.911971	0.456014	0.456014	0.911971	0.456014	0.911971	0.911971	0.456014	0.911971	0.456014	0.911971	1.36781	0.911971	0.456014	0.456014	0.911971	0.456014	0.456014	0.456014	0	0.456014	0.456014	0	0.456014	0.456014	0	0	0	0	0.456014	0.456014	0	0	0.456014	0.456014	0	0	0	0.456014	0.456014	0	0	0.456014	0.456014	0	0	0.456014	0.911971	0.456014	0	0	0.456014	0.456014	0.456014	0.456014	0.456014	0.456014	0	0.456014	0.456014	0.456014	0.911971	0.456014	0.456014	0.911971	0.911971	0.456014	0.456014	0.456014	0.456014	0.911971	0.456014	0.456014	0.456014	0.911971	0.911971	0.456014	0.456014	0.456014	0.911971	0.456014	0	0	0.456014	0.456014	0.456014	0.456014	0	0	0	0.456014	0.456014	0	0	0.456014	0.456014	0	0	0	0	0	0.456014	0.456014	0	0.456014	0.456014	0.456014	0.456014	0.456014	0.456014	0	0.456014	0.456014	0.456014	0.911971	0.911971	0.456014	0.456014	0.456014	0.456014	0.911971	0.456014	0.456014	0.911971	0.456014	0.456014	0.911971	0.456014	0	0.456014	0.456014	0	0.456014	0.456014	0	0	0.456014	0.911971	0.456014	0	0.456014	0.911971	0.456014	0.911971	0.911971	0.456014	0.911971	1.36781	0.911971	0.456014	1.36781	0.911971	0.911971	0.911971	0.456014	1.36781	0.911971	0.456014	1.36781	1.82348	0.911971	0.911971	0.911971	0.456014	1.36781	0.911971	0.911971	0.911971	1.36781	1.36781	0.456014	0.456014	0.911971	1.82348	0.911971	0.911971
0	0.455971	0.455971	0	0	0.455971	0.455971	0.455971	0.455971	0	0	0	0.455971	0.455971	0	0.161218	0.3605	0.483644	0.360482	0.161218	0.3605	0.483644	0.360482	0.161218	0.509795	0.360482	0.455971	0.455971	0.911884	0.911884	0	0	0.455971	0.911884	0.455971	0.455971	0.455971	0.455971	0.911884	0.911884	0.455971	0.455971	0.911884	0.455971	0.455971	0.455971	0.360482	0.868103	0.644847	0.644847	1.01951	1.01951	0.644847	0.644847	0.644847	0.644847	0.644847	0.456	0.644847	0.664682	0.509795	0.483644	0.644847	0.644847	0.456	0.644847	0.644847	0.3605	0.161218	0.806015	0.868103	0.456	0.456	0.644847	1.01951	0.644847	0.644847	0.644847	0.644847	1.01951	1.08133	0.581245	0.455971	0.911884	0.455971	0.806015	0.868103	0.644847	1.08133	0.581245	0.806015	1.38654	1.03216	0.455971	0.455971	0.911884	0.455971	0.455971	0.455971	0	0.455971	0.455971	0	0.360482	0.483644	0.456	0.3605	0.161218	0	0.360482	0.483644	0.456	0.3605	0.509795	0.483644	0.3605	0.161218	0	0.360482	0.483644	0.3605	0.161218	0.455971	0.455971	0	0	0.455971	0.911884	0.455971	0	0	0.455971	0.581245	0.664682	0.644847	0.483644	0.509795	0.3605	0.644847	0.644847	0.483644	0.806015	0.455971	0.455971	0.911884	0.911884	0.455971	0.455971	0.455971	0.455971	0.911884	0.455971	0.455971	0.455971	0.806015	0.868103	0.644847	0.644847	0.644847	0.980549	0.868141	0.806064	0.581279	0.644847	0.644847	0.644847	0.644847	0.456	0.456	0.456	0.644847	0.644847	0.456	0.456	0.644847	0.644847	0.3605	0.161218	0	0.161218	0.3605	0.483644	0.509795	0.3605	0.483644	0.509795	0.664682	0.644847	0.483644	0.360482	0.161218	0.664682	0.644847	0.644847	0.868103	0.806015	0.455971	0.455971	0.455971	0.455971	0.911884	0.455971	0.455971	0.911884	0.455971	0.455971	0.911884	0.455971	0	0.455971	0.455971	0	0.455971	0.455971	0	0	0.360482	0.868103	0.644847	0.456	0.644847	1.01951	0.644847	0.980549	1.12838	1.01955	1.29955	1.52906	1.12838	0.980569	1.58738	1.01951	0.980549	1.12838	0.980569	1.58738	1.01951	0.644847	1.44164	1.87939	1.01951	1.01951	1.01951	0.644847	1.44164	1.01951	0.980549	1.12838	1.68266	1.58738	0.664682	0.581245	0.911884	1.82331	0.911884	1.03216
0	0.455927	0.455927	0	0	0.455927	0.455927	0.455927	0.455927	0	0	0	0.455927	0.455927	0	0.360447	0.483598	0.360466	0.161203	0.360447	0.483598	0.360466	0.161203	0.360447	0.509746	0.161203	0.455927	0.455927	0.911797	0.911797	0	0	0.455927	0.911797	0.455927	0.455927	0.455927	0.455927	0.911797	0.911797	0.455927	0.455927	0.911797	0.455927	0.455927	0.455927	0.161203	0.664618	0.644786	0.644786	1.01941	1.01941	0.644786	0.644786	0.644786	0.644786	0.644786	0.455956	0.644786	0.86802	0.509746	0.360466	0.644786	0.644786	0.455956	0.644786	0.644786	0.483598	0.360447	0.581189	0.664618	0.455956	0.455956	0.644786	1.01941	0.644786	0.644786	0.644786	0.644786	1.01941	1.2994	0.805938	0.455927	0.911797	0.455927	0.581189	0.664618	0.644786	1.2994	0.805938	0.581189	1.38641	1.2588	0.455927	0.455927	0.911797	0.455927	0.455927	0.455927	0	0.455927	0.455927	0	0.161203	0.360466	0.455956	0.483598	0.360447	0	0.161203	0.360466	0.455956	0.483598	0.509746	0.360466	0.483598	0.360447	0	0.161203	0.360466	0.483598	0.360447	0.455927	0.455927	0	0	0.455927	0.911797	0.455927	0	0	0.455927	0.805938	0.86802	0.644786	0.360466	0.509746	0.483598	0.644786	0.644786	0.360466	0.581189	0.455927	0.455927	0.911797	0.911797	0.455927	0.455927	0.455927	0.455927	0.911797	0.455927	0.455927	0.455927	0.581189	0.664618	0.644786	0.644786	0.644786	0.805963	0.805987	0.868058	0.664638	0.644786	0.644786	0.644786	0.644786	0.455956	0.455956	0.455956	0.644786	0.644786	0.455956	0.455956	0.644786	0.644786	0.483598	0.360447	0	0.360447	0.483598	0.360466	0.509746	0.483598	0.360466	0.509746	0.86802	0.644786	0.360466	0.161203	0.360447	0.86802	0.644786	0.644786	0.664618	0.581189	0.455927	0.455927	0.455927	0.455927	0.911797	0.455927	0.455927	0.911797	0.455927	0.455927	0.911797	0.455927	0	0.455927	0.455927	0	0.455927	0.455927	0	0	0.161203	0.664618	0.644786	0.455956	0.644786	1.01941	0.644786	0.805963	0.980475	1.01945	1.48587	1.52892	0.980475	1.12828	1.80167	1.01941	0.805963	0.980475	1.12828	1.80167	1.01941	0.644786	1.4415	1.87921	1.01941	1.01941	1.01941	0.644786	1.4415	1.01941	0.805963	0.980475	1.88611	1.80167	0.86802	0.805938	0.911797	1.82313	0.911797	1.2588
0	0.455884	0.455884	0	0	0.455884	0.455884	0.455884	0.455884	0	0	0	0.455884	0.455884	0	0.455884	0.455884	0	0	0.455884	0.455884	0	0	0.455884	0.455884	0	0.455884	0.455884	0.91171	0.91171	0	0	0.455884	0.91171	0.455884	0.455884	0.455884	0.455884	0.91171	0.91171	0.455884	0.455884	0.91171	0.455884	0.455884	0.455884	0	0.455884	0.455884	0.455884	0.91171	0.91171	0.455884	0.455884	0.455884	0.455884	0.455884	0	0.455884	0.91171	0.455884	0	0.455884	0.455884	0	0.455884	0.455884	0.455884	0.455884	0.455884	0.455884	0	0	0.455884	0.91171	0.455884	0.455884	0.455884	0.455884	0.91171	1.36742	0.91171	0.455884	0.91171	0.455884	0.455884	0.455884	0.455884	1.36742	0.91171	0.455884	1.36742	1.36742	0.455884	0.455884	0.91171	0.455884	0.455884	0.455884	0	0.455884	0.455884	0	0	0	0	0.455884	0.455884	0	0	0	0	0.455884	0.455884	0	0.455884	0.455884	0	0	0	0.455884	0.455884	0.455884	0.455884	0	0	0.455884	0.91171	0.455884	0	0	0.455884	0.91171	0.91171	0.455884	0	0.455884	0.455884	0.455884	0.455884	0	0.455884	0.455884	0.455884	0.91171	0.91171	0.455884	0.455884	0.455884	0.455884	0.91171	0.455884	0.455884	0.455884	0.455884	0.455884	0.455884	0.455884	0.455884	0.455884	0	0.455884	0.455884	0.455884	0.455884	0.455884	0.455884	0	0	0	0.455884	0.455884	0	0	0.455884	0.455884	0.455884	0.455884	0	0.455884	0.455884	0	0.455884	0.455884	0	0.455884	0.91171	0.455884	0	0	0.455884	0.91171	0.455884	0.455884	0.455884	0.455884	0.455884	0.455884	0.455884	0.455884	0.91171	0.455884	0.455884	0.91171	0.455884	0.455884	0.91171	0.455884	0	0.455884	0.455884	0	0.455884	0.455884	0	0	0	0.455884	0.455884	0	0.455884	0.91171	0.455884	0.455884	0.455884	0.455884	1.36742	1.36742	0.455884	0.91171	1.82296	0.91171	0.455884	0.455884	0.91171	1.82296	0.91171	0.455884	1.36742	1.82296	0.91171	0.91171	0.91171	0.455884	1.36742	0.91171	0.455884	0.455884	1.82296	1.82296	0.91171	0.91171	0.91171	1.82296	0.91171	1.36742
0	0.45584	0.45584	0	0	0.45584	0.45584	0.45584	0.45584	0	0	0	0.45584	0.45584	0	0.45584	0.45584	0	0	0.45584	0.45584	0	0	0.45584	0.45584	0	0.45584	0.45584	0.911623	0.911623	0	0	0.45584	0.911623	0.45584	0.45584	0.45584	0.45584	0.911623	0.911623	0.45584	0.45584	0.911623	0.45584	0.45584	0.45584	0	0.45584	0.45584	0.45584	0.911623	0.911623	0.45584	0.45584	0.45584	0.45584	0.45584	0	0.45584	0.911623	0.45584	0	0.45584	0.45584	0	0.45584	0.45584	0.45584	0.45584	0.45584	0.45584	0	0	0.45584	0.911623	0.45584	0.45584	0.45584	0.45584	0.911623	1.36729	0.911623	0.45584	0.911623	0.45584	0.45584	0.45584	0.45584	1.36729	0.911623	0.45584	1.36729	1.36729	0.45584	0.45584	0.911623	0.45584	0.45584	0.45584	0	0.45584	0.45584	0	0	0	0	0.45584	0.45584	0	0	0	0	0.45584	0.45584	0	0.45584	0.45584	0	0	0	0.45584	0.45584	0.45584	0.45584	0	0	0.45584	0.911623	0.45584	0	0	0.45584	0.911623	0.911623	0.45584	0	0.45584	0.45584	0.45584	0.45584	0	0.45584	0.45584	0.45584	0.911623	0.911623	0.45584	0.45584	0.45584	0.45584	0.911623	0.45584	0.45584	0.45584	0.45584	0.45584	0.45584	0.45584	0.45584	0.45584	0	0.45584	0.45584	0.45584	0.45584	0.45584	0.45584	0	0	0	0.45584	0.45584	0	0	0.45584	0.45584	0.45584	0.45584	0	0.45584	0.45584	0	0.45584	0.45584	0	0.45584	0.911623	0.45584	0	0	0.45584	0.911623	0.45584	0.45584	0.45584	0.45584	0.45584	0.45584	0.45584	0.45584	0.911623	0.45584	0.45584	0.911623	0.45584	0.45584	0.911623	0.45584	0	0.45584	0.45584	0	0.45584	0.45584	0	0	0	0.45584	0.45584	0	0.45584	0.911623	0.45584	0.45584	0.45584	0.45584	1.36729	1.36729	0.45584	0.911623	1.82278	0.911623	0.45584	0.45584	0.911623	1.82278	0.911623	0.45584	1.36729	1.82278	0.911623	0.911623	0.911623	0.45584	1.36729	0.911623	0.45584	0.45584	1.82278	1.82278	0.911623	0.911623	0.911623	1.82278	0.911623	1.36729
0	0.455797	0.455797	0	0	0.455797	0.455797	0.455797	0.455797	0	0	0	0.455797	0.455797	0	0.455797	0.455797	0	0	0.455797	0.455797	0	0	0.455797	0.455797	0	0.455797	0.455797	0.911536	0.911536	0	0	0.455797	0.911536	0.455797	0.455797	0.455797	0.455797	0.911536	0.911536	0.455797	0.455797	0.911536	0.455797	0.455797	0.455797	0	0.455797	0.455797	0.455797	0.911536	0.911536	0.455797	0.455797	0.455797	0.455797	0.455797	0	0.455797	0.911536	0.455797	0	0.455797	0.455797	0	0.455797	0.455797	0.455797	0.455797	0.455797	0.455797	0	0	0.455797	0.911536	0.455797	0.455797	0.455797	0.455797	0.911536	1.36716	0.911536	0.455797	0.911536	0.455797	0.455797	0.455797	0.455797	1.36716	0.911536	0.455797	1.36716	1.36716	0.455797	0.455797	0.911536	0.455797	0.455797	0.455797	0	0.455797	0.455797	0	0	0	0	0.455797	0.455797	0	0	0	0	0.455797	0.455797	0	0.455797	0.455797	0	0	0	0.455797	0.455797	0.455797	0.455797	0	0	0.455797	0.911536	0.455797	0	0	0.455797	0.911536	0.911536	0.455797	0	0.455797	0.455797	0.455797	0.455797	0	0.455797	0.455797	0.455797	0.911536	0.911536	0.455797	0.455797	0.455797	0.455797	0.911536	0.455797	0.455797	0.455797	0.455797	0.455797	0.455797	0.455797	0.455797	0.455797	0	0.455797	0.455797	0.455797	0.455797	0.455797	0.455797	0	0	0	0.455797	0.455797	0	0	0.455797	0.455797	0.455797	0.455797	0	0.455797	0.455797	0	0.455797	0.455797	0	0.455797	0.911536	0.455797	0	0	0.455797	0.911536	0.455797	0.455797	0.455797	0.455797	0.455797	0.455797	0.455797	0.455797	0.911536	0.455797	0.455797	0.911536	0.455797	0.455797	0.911536	0.455797	0	0.455797	0.455797	0	0.455797	0.455797	0	0	0	0.455797	0.455797	0	0.455797	0.911536	0.455797	0.455797	0.455797	0.455797	1.36716	1.36716	0.455797	0.911536	1.82261	0.911536	0.455797	0.455797	0.911536	1.82261	0.911536	0.455797	1.36716	1.82261	0.911536	0.911536	0.911536	0.455797	1.36716	0.911536	0.455797	0.455797	1.82261	1.82261	0.911536	0.911536	0.911536	1.82261	0.911536	1.36716
0	0.455753	0.455753	0	0	0.455753	0.455753	0.455753	0.455753	0	0	0	0.455753	0.455753	0	0.455753	0.455753	0	0	0.455753	0.455753	0	0	0.455753	0.455753	0	0.455753	0.455753	0.911449	0.911449	0	0	0.455753	0.911449	0.455753	0.455753	0.455753	0.455753	0.911449	0.911449	0.455753	0.455753	0.911449	0.455753	0.455753	0.455753	0	0.455753	0.455753	0.455753	0.911449	0.911449	0.455753	0.455753	0.455753	0.455753	0.455753	0	0.455753	0.911449	0.455753	0	0.455753	0.455753	0	0.455753	0.455753	0.455753	0.455753	0.455753	0.455753	0	0	0.455753	0.911449	0.455753	0.455753	0.455753	0.455753	0.911449	1.36703	0.911449	0.455753	0.911449	0.455753	0.455753	0.455753	0.455753	1.36703	0.911449	0.455753	1.36703	1.36703	0.455753	0.455753	0.911449	0.455753	0.455753	0.455753	0	0.455753	0.455753	0	0	0	0	0.455753	0.455753	0	0	0	0	0.455753	0.455753	0	0.455753	0.455753	0	0	0	0.455753	0.455753	0.455753	0.455753	0	0	0.455753	0.911449	0.455753	0	0	0.455753	0.911449	0.911449	0.455753	0	0.455753	0.455753	0.455753	0.455753	0	0.455753	0.455753	0.455753	0.911449	0.911449	0.455753	0.455753	0.455753	0.455753	0.911449	0.455753	0.455753	0.455753	0.455753	0.455753	0.455753	0.455753	0.455753	0.455753	0	0.455753	0.455753	0.455753	0.455753	0.455753	0.455753	0	0	0	0.455753	0.455753	0	0	0.455753	0.455753	0.455753	0.455753	0	0.455753	0.455753	0	0.455753	0.455753	0	0.455753	0.911449	0.455753	0	0	0.455753	0.911449	0.455753	0.455753	0.455753	0.455753	0.455753	0.455753	0.455753	0.455753	0.911449	0.455753	0.455753	0.911449	0.455753	0.455753	0.911449	0.455753	0	0.455753	0.455753	0	0.455753	0.455753	0	0	0	0.455753	0.455753	0	0.455753	0.911449	0.455753	0.455753	0.455753	0.455753	1.36703	1.36703	0.455753	0.911449	1.82244	0.911449	0.455753	0.455753	0.911449	1.82244	0.911449	0.455753	1.36703	1.82244	0.911449	0.911449	0.911449	0.455753	1.36703	0.911449	0.455753	0.455753	1.82244	1.82244	0.911449	0.911449	0.911449	1.82244	0.911449	1.36703
0	0.45571	0.45571	0.161126	0.360294	0.483367	0.509503	0.509503	0.360275	0.161126	0.360294	0.455739	0.483367	0.360275	0	0.45571	0.45571	0	0.161126	0.509503	0.360275	0.161126	0.360294	0.483367	0.509503	0.360294	0.644478	0.644478	0.867606	0.805554	0	0	0.45571	0.911362	0.45571	0.45571	0.45571	0.45571	0.805554	0.867606	0.644478	0.644478	1.01893	0.644478	0.644478	0.644478	0.360294	0.580912	0.45571	0.45571	0.805554	0.867606	0.644478	0.644478	0.644478	0.664321	0.82154	0.580946	0.644478	1.01893	0.664301	0.161126	0.360275	0.483367	0.360294	0.580912	0.45571	0.45571	0.45571	0.45571	0.45571	0.161126	0.360294	0.483367	0.805554	0.45571	0.45571	0.45571	0.45571	0.911362	1.3669	0.911362	0.45571	0.911362	0.45571	0.45571	0.45571	0.45571	1.3669	0.911362	0.45571	1.25819	1.29878	0.644478	0.644478	1.01893	0.644478	0.644478	0.644478	0.360294	0.509503	0.483367	0.455739	0.360294	0.161126	0	0.360275	0.483367	0.455739	0.455739	0.455739	0.360294	0.509503	0.509503	0.161126	0.360275	0.483367	0.455739	0.360294	0.161126	0.45571	0.45571	0.45571	0.45571	0.161126	0.360294	0.483367	0.805554	0.45571	0	0	0.45571	0.911362	0.911362	0.45571	0.161126	0.509503	0.360275	0.45571	0.45571	0.161126	0.664301	0.644478	0.644478	0.867606	0.805554	0.45571	0.45571	0.45571	0.45571	0.805554	0.483367	0.644478	0.644478	0.644478	0.644478	0.644478	0.644478	0.664321	0.82154	0.580946	0.664321	0.867644	1.01896	1.01896	1.01896	1.01896	0.91142	0.805603	0.580946	0.664321	0.867644	0.805603	0.580946	0.644478	0.644478	0.644478	0.664301	0.161126	0.360275	0.483367	0.360294	0.509503	0.483367	0.360294	0.580912	0.911362	0.45571	0.161126	0.360294	0.644478	1.01893	0.644478	0.644478	0.805578	0.980007	1.01896	0.867644	0.664321	0.644478	1.01893	0.644478	0.644478	1.01893	0.644478	0.483367	0.805554	0.45571	0.161126	0.509503	0.360275	0.161126	0.509503	0.360275	0	0	0	0.45571	0.45571	0	0.45571	0.805554	0.483367	0.644478	0.644478	0.644478	1.44082	1.44082	0.644478	1.01893	1.80081	1.12774	0.980007	0.805578	1.01893	1.80081	1.12774	0.980007	1.58647	1.87831	1.01893	0.979987	1.12774	0.980007	1.52819	1.12774	0.980007	0.805578	1.80081	1.88522	1.28879	1.28879	1.29881	2.01802	1.01893	1.44082
0	0.455666	0.455666	0.360241	0.483321	0.360259	0.509454	0.509454	0.16111	0.360241	0.483321	0.455695	0.360259	0.16111	0	0.455666	0.455666	0	0.360241	0.509454	0.16111	0.360241	0.483321	0.360259	0.509454	0.483321	0.644416	0.644416	0.664238	0.580857	0	0	0.455666	0.911275	0.455666	0.455666	0.455666	0.455666	0.580857	0.664238	0.644416	0.644416	1.01883	0.644416	0.644416	0.644416	0.483321	0.805477	0.455666	0.455666	0.580857	0.664238	0.644416	0.644416	0.644416	0.580891	0.821461	0.664257	0.644416	1.01883	0.867523	0.360241	0.16111	0.360259	0.483321	0.805477	0.455666	0.455666	0.455666	0.455666	0.455666	0.360241	0.483321	0.360259	0.580857	0.455666	0.455666	0.455666	0.455666	0.911275	1.36677	0.911275	0.455666	0.911275	0.455666	0.455666	0.455666	0.455666	1.36677	0.911275	0.455666	1.03147	1.08061	0.644416	0.644416	1.01883	0.644416	0.644416	0.644416	0.483321	0.509454	0.360259	0.455695	0.483321	0.360241	0	0.16111	0.360259	0.455695	0.455695	0.455695	0.483321	0.509454	0.509454	0.360241	0.16111	0.360259	0.455695	0.483321	0.360241	0.455666	0.455666	0.455666	0.455666	0.360241	0.483321	0.360259	0.580857	0.455666	0	0	0.455666	0.911275	0.911275	0.455666	0.360241	0.509454	0.16111	0.455666	0.455666	0.360241	0.867523	0.644416	0.644416	0.664238	0.580857	0.455666	0.455666	0.455666	0.455666	0.580857	0.360259	0.644416	0.644416	0.644416	0.644416	0.644416	0.644416	0.580891	0.821461	0.664257	0.580891	0.805526	1.01887	1.01887	1.01887	1.01887	0.911333	0.867561	0.664257	0.580891	0.805526	0.867561	0.664257	0.644416	0.644416	0.644416	0.867523	0.360241	0.16111	0.360259	0.483321	0.509454	0.360259	0.483321	0.805477	0.911275	0.455666	0.360241	0.483321	0.644416	1.01883	0.644416	0.644416	0.979894	1.12763	1.01887	0.805526	0.580891	0.644416	1.01883	0.644416	0.644416	1.01883	0.644416	0.360259	0.580857	0.455666	0.360241	0.509454	0.16111	0.360241	0.509454	0.16111	0	0	0	0.455666	0.455666	0	0.455666	0.580857	0.360259	0.644416	0.644416	0.644416	1.44068	1.44068	0.644416	1.01883	1.58632	0.979914	1.12763	0.979894	1.01883	1.58632	0.979914	1.12763	1.80064	1.87813	1.01883	0.805501	0.979914	1.12763	1.52804	0.979914	1.12763	0.979894	1.58632	1.68153	1.28867	1.28867	1.48502	2.23702	1.01883	1.44068
0	0.455623	0.455623	0.455623	0.455623	0	0.455623	0.455623	0	0.455623	0.455623	0	0	0	0	0.455623	0.455623	0	0.455623	0.455623	0	0.455623	0.455623	0	0.455623	0.455623	0.455623	0.455623	0.455623	0.455623	0	0	0.455623	0.911188	0.455623	0.455623	0.455623	0.455623	0.455623	0.455623	0.455623	0.455623	0.911188	0.455623	0.455623	0.455623	0.455623	0.911188	0.455623	0.455623	0.455623	0.455623	0.455623	0.455623	0.455623	0	0.455623	0.455623	0.455623	0.911188	0.911188	0.455623	0	0	0.455623	0.911188	0.455623	0.455623	0.455623	0.455623	0.455623	0.455623	0.455623	0	0.455623	0.455623	0.455623	0.455623	0.455623	0.911188	1.36664	0.911188	0.455623	0.911188	0.455623	0.455623	0.455623	0.455623	1.36664	0.911188	0.455623	0.911188	0.911188	0.455623	0.455623	0.911188	0.455623	0.455623	0.455623	0.455623	0.455623	0	0	0.455623	0.455623	0	0	0	0	0	0	0.455623	0.455623	0.455623	0.455623	0	0	0	0.455623	0.455623	0.455623	0.455623	0.455623	0.455623	0.455623	0.455623	0	0.455623	0.455623	0	0	0.455623	0.911188	0.911188	0.455623	0.455623	0.455623	0	0.455623	0.455623	0.455623	0.911188	0.455623	0.455623	0.455623	0.455623	0.455623	0.455623	0.455623	0.455623	0.455623	0	0.455623	0.455623	0.455623	0.455623	0.455623	0.455623	0	0.455623	0.455623	0	0	0.455623	0.455623	0.455623	0.455623	0	0.455623	0.455623	0	0	0.455623	0.455623	0.455623	0.455623	0.455623	0.911188	0.455623	0	0	0.455623	0.455623	0	0.455623	0.911188	0.911188	0.455623	0.455623	0.455623	0.455623	0.911188	0.455623	0.455623	0.911188	0.911188	0.455623	0	0	0.455623	0.911188	0.455623	0.455623	0.911188	0.455623	0	0.455623	0.455623	0.455623	0.455623	0	0.455623	0.455623	0	0	0	0	0.455623	0.455623	0	0.455623	0.455623	0	0.455623	0.455623	0.455623	1.36664	1.36664	0.455623	0.911188	1.36664	0.455623	0.911188	0.911188	0.911188	1.36664	0.455623	0.911188	1.82192	1.82192	0.911188	0.455623	0.455623	0.911188	1.36664	0.455623	0.911188	0.911188	1.36664	1.36664	0.911188	0.911188	1.36664	2.27696	0.911188	1.36664
0	0.455579	0.455579	0.455579	0.455579	0	0.455579	0.455579	0	0.455579	0.455579	0	0	0	0	0.455579	0.455579	0	0.455579	0.455579	0	0.455579	0.455579	0	0.455579	0.455579	0.455579	0.455579	0.455579	0.455579	0	0	0.455579	0.911101	0.455579	0.455579	0.455579	0.455579	0.455579	0.455579	0.455579	0.455579	0.911101	0.455579	0.455579	0.455579	0.455579	0.911101	0.455579	0.455579	0.455579	0.455579	0.455579	0.455579	0.455579	0	0.455579	0.455579	0.455579	0.911101	0.911101	0.455579	0	0	0.455579	0.911101	0.455579	0.455579	0.455579	0.455579	0.455579	0.455579	0.455579	0	0.455579	0.455579	0.455579	0.455579	0.455579	0.911101	1.36651	0.911101	0.455579	0.911101	0.455579	0.455579	0.455579	0.455579	1.36651	0.911101	0.455579	0.911101	0.911101	0.455579	0.455579	0.911101	0.455579	0.455579	0.455579	0.455579	0.455579	0	0	0.455579	0.455579	0	0	0	0	0	0	0.455579	0.455579	0.455579	0.455579	0	0	0	0.455579	0.455579	0.455579	0.455579	0.455579	0.455579	0.455579	0.455579	0	0.455579	0.455579	0	0	0.455579	0.911101	0.911101	0.455579	0.455579	0.455579	0	0.455579	0.455579	0.455579	0.911101	0.455579	0.455579	0.455579	0.455579	0.455579	0.455579	0.455579	0.455579	0.455579	0	0.455579	0.455579	0.455579	0.455579	0.455579	0.455579	0	0.455579	0.455579	0	0	0.455579	0.455579	0.455579	0.455579	0	0.455579	0.455579	0	0	0.455579	0.455579	0.455579	0.455579	0.455579	0.911101	0.455579	0	0	0.455579	0.455579	0	0.455579	0.911101	0.911101	0.455579	0.455579	0.455579	0.455579	0.911101	0.455579	0.455579	0.911101	0.911101	0.455579	0	0	0.455579	0.911101	0.455579	0.455579	0.911101	0.455579	0	0.455579	0.455579	0.455579	0.455579	0	0.455579	0.455579	0	0	0	0	0.455579	0.455579	0	0.455579	0.455579	0	0.455579	0.455579	0.455579	1.36651	1.36651	0.455579	0.911101	1.36651	0.455579	0.911101	0.911101	0.911101	1.36651	0.455579	0.911101	1.82174	1.82174	0.911101	0.455579	0.455579	0.911101	1.36651	0.455579	0.911101	0.911101	1.36651	1.36651	0.911101	0.911101	1.36651	2.27675	0.911101	1.36651
0	0.455536	0.455536	0.455536	0.455536	0.161064	0.509308	0.509308	0.360156	0.483183	0.360138	0	0.161064	0.360156	0.455565	0.483183	0.360138	0.161064	0.509308	0.509308	0.360156	0.483183	0.360138	0.161064	0.509308	0.360138	0.455536	0.455536	0.455536	0.455536	0.161064	0.360156	0.644232	1.01854	0.644232	0.644232	0.644232	0.483183	0.509308	0.664047	0.644232	0.644232	1.01854	0.644232	0.644232	0.644232	0.483183	0.805246	0.455536	0.360138	0.509308	0.58069	0.455536	0.360138	0.483183	0.360156	0.58069	0.455536	0.455536	0.911014	0.805246	0.483183	0.360156	0.161064	0.455536	0.911014	0.455536	0.360138	0.483183	0.664047	0.58069	0.455536	0.455536	0.161064	0.664047	0.644232	0.644232	0.644232	0.644232	1.01854	1.29829	0.805246	0.455536	0.911014	0.455536	0.455536	0.455536	0.455536	1.36638	0.911014	0.455536	0.911014	0.911014	0.455536	0.455536	0.911014	0.455536	0.360138	0.483183	0.644232	0.644232	0.360156	0.161064	0.360138	0.483183	0.455565	0.360156	0.161064	0	0	0	0.455536	0.455536	0.455536	0.455536	0	0	0	0.455536	0.455536	0.360138	0.483183	0.664047	0.58069	0.455536	0.455536	0.161064	0.509308	0.360138	0.161064	0.360156	0.644232	1.01854	1.01854	0.644232	0.483183	0.509308	0.360156	0.644232	0.644232	0.644232	1.01854	0.644232	0.483183	0.509308	0.509308	0.360138	0.455536	0.455536	0.455536	0.455536	0	0.360138	0.483183	0.644232	0.644232	0.664067	0.867313	0.805295	0.821226	0.867313	0.805295	0.580724	0.664067	0.867313	1.01858	1.01858	0.911072	1.08035	1.29836	1.25779	1.03124	1.01858	0.979633	0.821226	0.867313	1.01858	1.2883	1.01858	0.805295	0.580724	0.644232	0.664047	0.161064	0.455536	0.911014	0.911014	0.455536	0.455536	0.455536	0.58069	1.0803	0.644232	0.644232	1.01854	1.01854	0.644232	0.580724	0.805295	0.867313	0.979613	0.644232	0.644232	1.01854	0.644232	0.455565	0.644232	0.644232	0.483183	0.509308	0.360156	0.483183	0.360138	0	0	0	0	0.455536	0.455536	0	0.455536	0.455536	0	0.455536	0.455536	0.455536	1.25771	1.29829	0.644232	1.01854	1.44027	0.644232	1.01854	1.01854	1.01854	1.51908	0.58069	0.911014	1.71158	1.74159	1.01854	0.664047	0.58069	0.805246	1.38522	0.58069	0.805246	0.867275	1.51908	1.48456	0.911014	0.911014	1.25771	2.18959	1.01854	1.44027
0	0.455492	0.455492	0.455492	0.455492	0.360104	0.50926	0.50926	0.483137	0.360122	0.161049	0	0.360104	0.483137	0.455521	0.360122	0.161049	0.360104	0.50926	0.50926	0.483137	0.360122	0.161049	0.360104	0.50926	0.161049	0.455492	0.455492	0.455492	0.455492	0.360104	0.483137	0.644171	1.01844	0.644171	0.644171	0.644171	0.360122	0.50926	0.867192	0.644171	0.644171	1.01844	0.644171	0.644171	0.644171	0.360122	0.580635	0.455492	0.161049	0.50926	0.805169	0.455492	0.161049	0.360122	0.483137	0.805169	0.455492	0.455492	0.910927	0.580635	0.360122	0.483137	0.360104	0.455492	0.910927	0.455492	0.161049	0.360122	0.867192	0.805169	0.455492	0.455492	0.360104	0.867192	0.644171	0.644171	0.644171	0.644171	1.01844	1.0802	0.580635	0.455492	0.910927	0.455492	0.455492	0.455492	0.455492	1.36625	0.910927	0.455492	0.910927	0.910927	0.455492	0.455492	0.910927	0.455492	0.161049	0.360122	0.644171	0.644171	0.483137	0.360104	0.161049	0.360122	0.455521	0.483137	0.360104	0	0	0	0.455492	0.455492	0.455492	0.455492	0	0	0	0.455492	0.455492	0.161049	0.360122	0.867192	0.805169	0.455492	0.455492	0.360104	0.50926	0.161049	0.360104	0.483137	0.644171	1.01844	1.01844	0.644171	0.360122	0.50926	0.483137	0.644171	0.644171	0.644171	1.01844	0.644171	0.360122	0.50926	0.50926	0.161049	0.455492	0.455492	0.455492	0.455492	0	0.161049	0.360122	0.644171	0.644171	0.580669	0.805219	0.86723	0.821148	0.805219	0.86723	0.664004	0.580669	0.805219	1.01848	1.01848	0.910985	1.03114	1.25767	1.29824	1.08025	1.01848	1.1272	0.821148	0.805219	1.01848	1.28818	1.01848	0.86723	0.664004	0.644171	0.867192	0.360104	0.455492	0.910927	0.910927	0.455492	0.455492	0.455492	0.805169	1.29816	0.644171	0.644171	1.01844	1.01844	0.644171	0.664004	0.86723	0.805219	0.805194	0.644171	0.644171	1.01844	0.644171	0.455521	0.644171	0.644171	0.360122	0.50926	0.483137	0.360122	0.161049	0	0	0	0	0.455492	0.455492	0	0.455492	0.455492	0	0.455492	0.455492	0.455492	1.03108	1.0802	0.644171	1.01844	1.44013	0.644171	1.01844	1.01844	1.01844	1.74143	0.805169	0.910927	1.48442	1.51894	1.01844	0.867192	0.805169	0.580635	1.38509	0.805169	0.580635	0.663984	1.74143	1.71142	0.910927	0.910927	1.03108	1.96503	1.01844	1.44013
0	0.455449	0.455449	0.455449	0.455449	0.455449	0.455449	0.455449	0.455449	0	0	0	0.455449	0.455449	0	0	0	0.455449	0.455449	0.455449	0.455449	0	0	0.455449	0.455449	0	0.455449	0.455449	0.455449	0.455449	0.455449	0.455449	0.455449	0.91084	0.455449	0.455449	0.455449	0	0.455449	0.91084	0.455449	0.455449	0.91084	0.455449	0.455449	0.455449	0	0.455449	0.455449	0	0.455449	0.91084	0.455449	0	0	0.455449	0.91084	0.455449	0.455449	0.91084	0.455449	0	0.455449	0.455449	0.455449	0.91084	0.455449	0	0	0.91084	0.91084	0.455449	0.455449	0.455449	0.91084	0.455449	0.455449	0.455449	0.455449	0.91084	0.91084	0.455449	0.455449	0.91084	0.455449	0.455449	0.455449	0.455449	1.36612	0.91084	0.455449	0.91084	0.91084	0.455449	0.455449	0.91084	0.455449	0	0	0.455449	0.455449	0.455449	0.455449	0	0	0	0.455449	0.455449	0	0	0	0.455449	0.455449	0.455449	0.455449	0	0	0	0.455449	0.455449	0	0	0.91084	0.91084	0.455449	0.455449	0.455449	0.455449	0	0.455449	0.455449	0.455449	0.91084	0.91084	0.455449	0	0.455449	0.455449	0.455449	0.455449	0.455449	0.91084	0.455449	0	0.455449	0.455449	0	0.455449	0.455449	0.455449	0.455449	0	0	0	0.455449	0.455449	0	0	0.455449	0.455449	0	0.455449	0.455449	0	0	0.455449	0.455449	0	0	0	0.455449	0.455449	0.455449	0.91084	0.455449	0	0.455449	0.91084	0.455449	0.455449	0.455449	0.455449	0.91084	0.455449	0.455449	0.91084	0.91084	0.455449	0.455449	0.455449	0.91084	1.36612	0.455449	0.455449	0.91084	0.91084	0.455449	0.455449	0.455449	0	0.455449	0.455449	0.455449	0.91084	0.455449	0	0.455449	0.455449	0	0.455449	0.455449	0	0	0	0	0	0	0.455449	0.455449	0	0.455449	0.455449	0	0.455449	0.455449	0.455449	0.91084	0.91084	0.455449	0.91084	1.36612	0.455449	0.91084	0.91084	0.91084	1.82122	0.91084	0.91084	1.36612	1.36612	0.91084	0.91084	0.91084	0.455449	1.36612	0.91084	0.455449	0.455449	1.82122	1.82122	0.91084	0.91084	0.91084	1.82122	0.91084	1.36612
0	0.455406	0.455406	0.455406	0.455406	0.455406	0.455406	0.455406	0.455406	0	0	0	0.455406	0.455406	0	0	0	0.455406	0.455406	0.455406	0.455406	0	0	0.455406	0.455406	0	0.455406	0.455406	0.455406	0.455406	0.455406	0.455406	0.455406	0.910754	0.455406	0.455406	0.455406	0	0.455406	0.910754	0.455406	0.455406	0.910754	0.455406	0.455406	0.455406	0	0.455406	0.455406	0	0.455406	0.910754	0.455406	0	0	0.455406	0.910754	0.455406	0.455406	0.910754	0.455406	0	0.455406	0.455406	0.455406	0.910754	0.455406	0	0	0.910754	0.910754	0.455406	0.455406	0.455406	0.910754	0.455406	0.455406	0.455406	0.455406	0.910754	0.910754	0.455406	0.455406	0.910754	0.455406	0.455406	0.455406	0.455406	1.36599	0.910754	0.455406	0.910754	0.910754	0.455406	0.455406	0.910754	0.455406	0	0	0.455406	0.455406	0.455406	0.455406	0	0	0	0.455406	0.455406	0	0	0	0.455406	0.455406	0.455406	0.455406	0	0	0	0.455406	0.455406	0	0	0.910754	0.910754	0.455406	0.455406	0.455406	0.455406	0	0.455406	0.455406	0.455406	0.910754	0.910754	0.455406	0	0.455406	0.455406	0.455406	0.455406	0.455406	0.910754	0.455406	0	0.455406	0.455406	0	0.455406	0.455406	0.455406	0.455406	0	0	0	0.455406	0.455406	0	0	0.455406	0.455406	0	0.455406	0.455406	0	0	0.455406	0.455406	0	0	0	0.455406	0.455406	0.455406	0.910754	0.455406	0	0.455406	0.910754	0.455406	0.455406	0.455406	0.455406	0.910754	0.455406	0.455406	0.910754	0.910754	0.455406	0.455406	0.455406	0.910754	1.36599	0.455406	0.455406	0.910754	0.910754	0.455406	0.455406	0.455406	0	0.455406	0.455406	0.455406	0.910754	0.455406	0	0.455406	0.455406	0	0.455406	0.455406	0	0	0	0	0	0	0.455406	0.455406	0	0.455406	0.455406	0	0.455406	0.455406	0.455406	0.910754	0.910754	0.455406	0.910754	1.36599	0.455406	0.910754	0.910754	0.910754	1.82105	0.910754	0.910754	1.36599	1.36599	0.910754	0.910754	0.910754	0.455406	1.36599	0.910754	0.455406	0.455406	1.82105	1.82105	0.910754	0.910754	0.910754	1.82105	0.910754	1.36599
0	0.455362	0.455362	0.455362	0.455362	0.455362	0.455362	0.455362	0.455362	0	0	0	0.455362	0.455362	0	0	0	0.455362	0.455362	0.455362	0.455362	0	0	0.455362	0.455362	0	0.455362	0.455362	0.455362	0.455362	0.455362	0.455362	0.455362	0.910667	0.455362	0.455362	0.455362	0	0.455362	0.910667	0.455362	0.455362	0.910667	0.455362	0.455362	0.455362	0	0.455362	0.455362	0	0.455362	0.910667	0.455362	0	0	0.455362	0.910667	0.455362	0.455362	0.910667	0.455362	0	0.455362	0.455362	0.455362	0.910667	0.455362	0	0	0.910667	0.910667	0.455362	0.455362	0.455362	0.910667	0.455362	0.455362	0.455362	0.455362	0.910667	0.910667	0.455362	0.455362	0.910667	0.455362	0.455362	0.455362	0.455362	1.36586	0.910667	0.455362	0.910667	0.910667	0.455362	0.455362	0.910667	0.455362	0	0	0.455362	0.455362	0.455362	0.455362	0	0	0	0.455362	0.455362	0	0	0	0.455362	0.455362	0.455362	0.455362	0	0	0	0.455362	0.455362	0	0	0.910667	0.910667	0.455362	0.455362	0.455362	0.455362	0	0.455362	0.455362	0.455362	0.910667	0.910667	0.455362	0	0.455362	0.455362	0.455362	0.455362	0.455362	0.910667	0.455362	0	0.455362	0.455362	0	0.455362	0.455362	0.455362	0.455362	0	0	0	0.455362	0.455362	0	0	0.455362	0.455362	0	0.455362	0.455362	0	0	0.455362	0.455362	0	0	0	0.455362	0.455362	0.455362	0.910667	0.455362	0	0.455362	0.910667	0.455362	0.455362	0.455362	0.455362	0.910667	0.455362	0.455362	0.910667	0.910667	0.455362	0.455362	0.455362	0.910667	1.36586	0.455362	0.455362	0.910667	0.910667	0.455362	0.455362	0.455362	0	0.455362	0.455362	0.455362	0.910667	0.455362	0	0.455362	0.455362	0	0.455362	0.455362	0	0	0	0	0	0	0.455362	0.455362	0	0.455362	0.455362	0	0.455362	0.455362	0.455362	0.910667	0.910667	0.455362	0.910667	1.36586	0.455362	0.910667	0.910667	0.910667	1.82087	0.910667	0.910667	1.36586	1.36586	0.910667	0.910667	0.910667	0.455362	1.36586	0.910667	0.455362	0.455362	1.82087	1.82087	0.910667	0.910667	0.910667	1.82087	0.910667	1.36586
0	0.455319	0.455319	0.455319	0.455319	0.455319	0.455319	0.455319	0.455319	0	0	0	0.455319	0.455319	0	0.160988	0.359984	0.482952	0.509066	0.509066	0.359966	0.160988	0.359984	0.482952	0.509066	0.359984	0.482952	0.359966	0.580414	0.663731	0.643925	0.643925	0.482952	0.804862	0.455319	0.455319	0.455319	0.160988	0.663731	0.866862	0.359966	0.455319	0.91058	0.455319	0.455319	0.455319	0	0.455319	0.455319	0.160988	0.509066	0.804862	0.455319	0.160988	0.359984	0.482952	0.804862	0.455319	0.455319	0.804862	0.509066	0.160988	0.455319	0.455319	0.455319	0.91058	0.455319	0	0	0.91058	0.91058	0.455319	0.455319	0.455319	0.91058	0.455319	0.455319	0.455319	0.455319	0.91058	0.91058	0.455319	0.455319	0.91058	0.455319	0.455319	0.455319	0.455319	1.25712	0.866862	0.643925	1.01805	1.01805	0.643925	0.643925	1.01805	0.643925	0.359984	0.160988	0.359966	0.509066	0.509066	0.482952	0.455348	0.359984	0.160988	0.359966	0.482952	0.359984	0.160988	0	0.455319	0.455319	0.455319	0.455319	0	0	0.160988	0.509066	0.359966	0.160988	0.359984	0.866862	0.804862	0.455319	0.455319	0.455319	0.580414	0.359984	0.643925	0.643925	0.482952	0.804862	0.91058	0.455319	0.160988	0.663731	0.643925	0.482952	0.359966	0.455319	0.804862	0.482952	0.359984	0.580414	0.455319	0	0.359966	0.482952	0.643925	0.643925	0.455348	0.455348	0.455348	0.643925	0.643925	0.455348	0.455348	0.643925	0.643925	0.455348	0.663751	0.8669	0.910638	0.910638	1.01809	1.01809	0.910638	0.910638	0.910638	1.01809	1.01809	1.07984	1.48392	1.37525	1.03075	1.01809	1.28769	1.01809	1.01809	1.01809	1.01809	1.28769	1.01809	0.979166	1.17183	1.01805	0.643925	0.663731	0.580414	0.804862	1.29767	0.643925	0.663731	1.03068	0.91058	0.455319	0.455319	0.455319	0.160988	0.663731	0.643925	0.643925	1.01805	0.643925	0.455348	0.643925	0.643925	0.455348	0.643925	0.643925	0.455348	0.455348	0.455348	0.455348	0.455348	0.455348	0.482952	0.359966	0	0.455319	0.580414	0.359984	0.482952	0.359966	0.455319	0.91058	1.03068	0.663731	0.866862	1.38456	0.663731	0.866862	0.804862	0.91058	1.8207	0.91058	0.91058	1.36573	1.36573	0.91058	0.804862	0.866862	0.663731	1.48386	0.91058	0.455319	0.455319	1.8207	1.8207	0.91058	0.91058	0.91058	1.8207	0.91058	1.36573
0	0.455275	0.455275	0.455275	0.455275	0.455275	0.455275	0.455275	0.455275	0	0	0	0.455275	0.455275	0	0.359932	0.482906	0.35995	0.509017	0.509017	0.160972	0.359932	0.482906	0.35995	0.509017	0.482906	0.35995	0.160972	0.804786	0.866779	0.643863	0.643863	0.35995	0.580358	0.455275	0.455275	0.455275	0.359932	0.866779	0.663668	0.160972	0.455275	0.910493	0.455275	0.455275	0.455275	0	0.455275	0.455275	0.359932	0.509017	0.580358	0.455275	0.359932	0.482906	0.35995	0.580358	0.455275	0.455275	0.580358	0.509017	0.359932	0.455275	0.455275	0.455275	0.910493	0.455275	0	0	0.910493	0.910493	0.455275	0.455275	0.455275	0.910493	0.455275	0.455275	0.455275	0.455275	0.910493	0.910493	0.455275	0.455275	0.910493	0.455275	0.455275	0.455275	0.455275	1.03058	0.663668	0.643863	1.01795	1.01795	0.643863	0.643863	1.01795	0.643863	0.482906	0.359932	0.160972	0.509017	0.509017	0.35995	0.455304	0.482906	0.359932	0.160972	0.35995	0.482906	0.359932	0	0.455275	0.455275	0.455275	0.455275	0	0	0.359932	0.509017	0.160972	0.359932	0.482906	0.663668	0.580358	0.455275	0.455275	0.455275	0.804786	0.482906	0.643863	0.643863	0.35995	0.580358	0.910493	0.455275	0.359932	0.866779	0.643863	0.35995	0.160972	0.455275	0.580358	0.35995	0.482906	0.804786	0.455275	0	0.160972	0.35995	0.643863	0.643863	0.455304	0.455304	0.455304	0.643863	0.643863	0.455304	0.455304	0.643863	0.643863	0.455304	0.580392	0.804835	0.910551	0.910551	1.01799	1.01799	0.910551	0.910551	0.910551	1.01799	1.01799	1.03065	1.37512	1.48378	1.07974	1.01799	1.28756	1.01799	1.01799	1.01799	1.01799	1.28756	1.01799	1.12666	1.37506	1.01795	0.643863	0.866779	0.804786	0.580358	1.07968	0.643863	0.866779	1.257	0.910493	0.455275	0.455275	0.455275	0.359932	0.866779	0.643863	0.643863	1.01795	0.643863	0.455304	0.643863	0.643863	0.455304	0.643863	0.643863	0.455304	0.455304	0.455304	0.455304	0.455304	0.455304	0.35995	0.160972	0	0.455275	0.804786	0.482906	0.35995	0.160972	0.455275	0.910493	1.257	0.866779	0.663668	1.38443	0.866779	0.663668	0.580358	0.910493	1.82053	0.910493	0.910493	1.3656	1.3656	0.910493	0.580358	0.663668	0.866779	1.7106	0.910493	0.455275	0.455275	1.82053	1.82053	0.910493	0.910493	0.910493	1.82053	0.910493	1.3656
0	0.455232	0.455232	0.455232	0.455232	0.455232	0.455232	0.455232	0.455232	0	0	0	0.455232	0.455232	0	0.455232	0.455232	0	0.455232	0.455232	0	0.455232	0.455232	0	0.455232	0.455232	0	0	0.910406	0.910406	0.455232	0.455232	0	0.455232	0.455232	0.455232	0.455232	0.455232	0.910406	0.455232	0	0.455232	0.910406	0.455232	0.455232	0.455232	0	0.455232	0.455232	0.455232	0.455232	0.455232	0.455232	0.455232	0.455232	0	0.455232	0.455232	0.455232	0.455232	0.455232	0.455232	0.455232	0.455232	0.455232	0.910406	0.455232	0	0	0.910406	0.910406	0.455232	0.455232	0.455232	0.910406	0.455232	0.455232	0.455232	0.455232	0.910406	0.910406	0.455232	0.455232	0.910406	0.455232	0.455232	0.455232	0.455232	0.910406	0.455232	0.455232	0.910406	0.910406	0.455232	0.455232	0.910406	0.455232	0.455232	0.455232	0	0.455232	0.455232	0	0	0.455232	0.455232	0	0	0.455232	0.455232	0	0.455232	0.455232	0.455232	0.455232	0	0	0.455232	0.455232	0	0.455232	0.455232	0.455232	0.455232	0.455232	0.455232	0.455232	0.910406	0.455232	0.455232	0.455232	0	0.455232	0.910406	0.455232	0.455232	0.910406	0.455232	0	0	0.455232	0.455232	0	0.455232	0.910406	0.455232	0	0	0	0.455232	0.455232	0	0	0	0.455232	0.455232	0	0	0.455232	0.455232	0	0	0	0	0	0.455232	0.455232	0	0	0	0.455232	0.455232	0	0.455232	0.910406	0.455232	0.455232	0.910406	0.455232	0.455232	0.455232	0.455232	0.910406	0.455232	0.910406	1.36547	0.910406	0.455232	0.910406	0.910406	0.455232	0.910406	0.455232	0.910406	1.36547	0.910406	0.455232	0.455232	0.455232	0.455232	0.910406	0.455232	0.455232	0.910406	0.455232	0	0.455232	0.455232	0	0.455232	0.455232	0	0	0	0	0	0	0	0	0	0.455232	0.910406	0.455232	0	0	0.455232	0.910406	1.36547	0.910406	0.455232	1.36547	0.910406	0.455232	0.455232	0.910406	1.82035	0.910406	0.910406	1.36547	1.36547	0.910406	0.455232	0.455232	0.910406	1.82035	0.910406	0.455232	0.455232	1.82035	1.82035	0.910406	0.910406	0.910406	1.82035	0.910406	1.36547
0	0.455188	0.455188	0.455188	0.455188	0.455188	0.455188	0.455188	0.455188	0	0	0	0.455188	0.455188	0	0.455188	0.455188	0	0.455188	0.455188	0	0.455188	0.455188	0	0.455188	0.455188	0	0	0.91032	0.91032	0.455188	0.455188	0	0.455188	0.455188	0.455188	0.455188	0.455188	0.91032	0.455188	0	0.455188	0.91032	0.455188	0.455188	0.455188	0	0.455188	0.455188	0.455188	0.455188	0.455188	0.455188	0.455188	0.455188	0	0.455188	0.455188	0.455188	0.455188	0.455188	0.455188	0.455188	0.455188	0.455188	0.91032	0.455188	0	0	0.91032	0.91032	0.455188	0.455188	0.455188	0.91032	0.455188	0.455188	0.455188	0.455188	0.91032	0.91032	0.455188	0.455188	0.91032	0.455188	0.455188	0.455188	0.455188	0.91032	0.455188	0.455188	0.91032	0.91032	0.455188	0.455188	0.91032	0.455188	0.455188	0.455188	0	0.455188	0.455188	0	0	0.455188	0.455188	0	0	0.455188	0.455188	0	0.455188	0.455188	0.455188	0.455188	0	0	0.455188	0.455188	0	0.455188	0.455188	0.455188	0.455188	0.455188	0.455188	0.455188	0.91032	0.455188	0.455188	0.455188	0	0.455188	0.91032	0.455188	0.455188	0.91032	0.455188	0	0	0.455188	0.455188	0	0.455188	0.91032	0.455188	0	0	0	0.455188	0.455188	0	0	0	0.455188	0.455188	0	0	0.455188	0.455188	0	0	0	0	0	0.455188	0.455188	0	0	0	0.455188	0.455188	0	0.455188	0.91032	0.455188	0.455188	0.91032	0.455188	0.455188	0.455188	0.455188	0.91032	0.455188	0.91032	1.36534	0.91032	0.455188	0.91032	0.91032	0.455188	0.91032	0.455188	0.91032	1.36534	0.91032	0.455188	0.455188	0.455188	0.455188	0.91032	0.455188	0.455188	0.91032	0.455188	0	0.455188	0.455188	0	0.455188	0.455188	0	0	0	0	0	0	0	0	0	0.455188	0.91032	0.455188	0	0	0.455188	0.91032	1.36534	0.91032	0.455188	1.36534	0.91032	0.455188	0.455188	0.91032	1.82018	0.91032	0.91032	1.36534	1.36534	0.91032	0.455188	0.455188	0.91032	1.82018	0.91032	0.455188	0.455188	1.82018	1.82018	0.91032	0.91032	0.91032	1.82018	0.91032	1.36534
0	0.455145	0.455145	0.455145	0.455145	0.455145	0.455145	0.455145	0.455145	0	0	0	0.455145	0.455145	0	0.455145	0.455145	0	0.455145	0.455145	0	0.455145	0.455145	0	0.455145	0.455145	0	0	0.910233	0.910233	0.455145	0.455145	0	0.455145	0.455145	0.455145	0.455145	0.455145	0.910233	0.455145	0	0.455145	0.910233	0.455145	0.455145	0.455145	0	0.455145	0.455145	0.455145	0.455145	0.455145	0.455145	0.455145	0.455145	0	0.455145	0.455145	0.455145	0.455145	0.455145	0.455145	0.455145	0.455145	0.455145	0.910233	0.455145	0	0	0.910233	0.910233	0.455145	0.455145	0.455145	0.910233	0.455145	0.455145	0.455145	0.455145	0.910233	0.910233	0.455145	0.455145	0.910233	0.455145	0.455145	0.455145	0.455145	0.910233	0.455145	0.455145	0.910233	0.910233	0.455145	0.455145	0.910233	0.455145	0.455145	0.455145	0	0.455145	0.455145	0	0	0.455145	0.455145	0	0	0.455145	0.455145	0	0.455145	0.455145	0.455145	0.455145	0	0	0.455145	0.455145	0	0.455145	0.455145	0.455145	0.455145	0.455145	0.455145	0.455145	0.910233	0.455145	0.455145	0.455145	0	0.455145	0.910233	0.455145	0.455145	0.910233	0.455145	0	0	0.455145	0.455145	0	0.455145	0.910233	0.455145	0	0	0	0.455145	0.455145	0	0	0	0.455145	0.455145	0	0	0.455145	0.455145	0	0	0	0	0	0.455145	0.455145	0	0	0	0.455145	0.455145	0	0.455145	0.910233	0.455145	0.455145	0.910233	0.455145	0.455145	0.455145	0.455145	0.910233	0.455145	0.910233	1.36521	0.910233	0.455145	0.910233	0.910233	0.455145	0.910233	0.455145	0.910233	1.36521	0.910233	0.455145	0.455145	0.455145	0.455145	0.910233	0.455145	0.455145	0.910233	0.455145	0	0.455145	0.455145	0	0.455145	0.455145	0	0	0	0	0	0	0	0	0	0.455145	0.910233	0.455145	0	0	0.455145	0.910233	1.36521	0.910233	0.455145	1.36521	0.910233	0.455145	0.455145	0.910233	1.82001	0.910233	0.910233	1.36521	1.36521	0.910233	0.455145	0.455145	0.910233	1.82001	0.910233	0.455145	0.455145	1.82001	1.82001	0.910233	0.910233	0.910233	1.82001	0.910233	1.36521
0.359813	0.580137	0.455102	0.455102	0.455102	0.455102	0.455102	0.455102	0.455102	0	0.160911	0.359813	0.482722	0.359795	0.160911	0.508823	0.359795	0.160911	0.663415	0.643618	0.455131	0.643618	0.643618	0.455131	0.643618	0.643618	0.580171	0.804528	1.12623	0.97868	0.643618	0.643618	0.580171	0.9787	1.0176	0.866487	0.663434	0.643618	0.866449	0.508823	0.359813	0.643618	0.866449	0.359795	0.455102	0.455102	0.160911	0.663415	0.643618	0.482722	0.508823	0.663415	0.643618	0.482722	0.359795	0.160911	0.663415	0.643618	0.482722	0.508823	0.663415	0.643618	0.643618	0.643618	0.643618	0.866449	0.359795	0.160911	0.359813	1.01757	1.01757	0.643618	0.643618	0.643618	1.01757	0.643618	0.643618	0.643618	0.643618	1.01757	1.01757	0.643618	0.643618	1.01757	0.643618	0.643618	0.643618	0.643618	1.01757	0.643618	0.482722	0.804479	0.910146	0.455102	0.455102	0.804479	0.482722	0.643618	0.643618	0.359813	0.508823	0.482722	0.455131	0.359813	0.580137	0.455102	0	0	0.455102	0.455102	0	0.455102	0.580137	0.508823	0.359795	0.160911	0.359813	0.643618	0.643618	0.455131	0.643618	0.643618	0.804503	0.9787	0.866487	0.663434	0.643618	1.01757	0.643618	0.482722	0.359795	0.160911	0.663415	1.01757	0.643618	0.643618	0.866449	0.359795	0.160911	0.359813	0.482722	0.508823	0.359813	0.482722	0.804479	0.455102	0	0	0	0.359795	0.508823	0.160911	0	0	0.359795	0.482722	0.455131	0.455131	0.663434	0.866487	0.910204	0.910204	0.910204	0.910204	0.910204	1.0176	1.0176	0.910204	0.910204	0.910204	1.0176	1.0176	0.910204	1.0176	1.28707	1.0176	1.0176	1.28707	1.0176	1.0176	1.0176	1.0176	1.28707	1.0176	1.28707	1.64051	1.29708	0.804503	0.97868	1.12623	0.9787	1.22525	0.580137	0.804479	1.29705	1.07927	0.580137	0.455102	0.455102	0.580137	1.07927	0.643618	0.482722	0.804479	0.455102	0.160911	0.663415	0.643618	0.455131	0.482722	0.359795	0.160911	0.359813	0.455131	0.455131	0.455131	0.455131	0.455131	0.580171	0.804528	0.866487	0.820423	0.359795	0.160911	0.359813	0.643618	1.17127	1.52615	0.97868	0.643618	1.43889	1.01757	0.804503	0.9787	1.12623	1.79841	1.01757	1.01757	1.43889	1.43889	1.01757	0.643618	0.643618	1.01757	1.73994	0.804479	0.580137	0.663415	1.73994	1.70995	0.910146	0.910146	0.910146	1.81983	0.910146	1.36508
0.482676	0.804402	0.455058	0.455058	0.455058	0.455058	0.455058	0.455058	0.455058	0	0.35976	0.482676	0.359779	0.160895	0.35976	0.508774	0.160895	0.35976	0.866366	0.643557	0.455087	0.643557	0.643557	0.455087	0.643557	0.643557	0.663371	0.866404	0.978607	0.804427	0.643557	0.643557	0.663371	1.12613	1.01751	0.804451	0.580116	0.643557	0.663351	0.508774	0.482676	0.643557	0.663351	0.160895	0.455058	0.455058	0.35976	0.866366	0.643557	0.359779	0.508774	0.866366	0.643557	0.359779	0.160895	0.35976	0.866366	0.643557	0.359779	0.508774	0.866366	0.643557	0.643557	0.643557	0.643557	0.663351	0.160895	0.35976	0.482676	1.01747	1.01747	0.643557	0.643557	0.643557	1.01747	0.643557	0.643557	0.643557	0.643557	1.01747	1.01747	0.643557	0.643557	1.01747	0.643557	0.643557	0.643557	0.643557	1.01747	0.643557	0.359779	0.580082	0.910059	0.455058	0.455058	0.580082	0.359779	0.643557	0.643557	0.482676	0.508774	0.359779	0.455087	0.482676	0.804402	0.455058	0	0	0.455058	0.455058	0	0.455058	0.804402	0.508774	0.160895	0.35976	0.482676	0.643557	0.643557	0.455087	0.643557	0.643557	0.978586	1.12613	0.804451	0.580116	0.643557	1.01747	0.643557	0.359779	0.160895	0.35976	0.866366	1.01747	0.643557	0.643557	0.663351	0.160895	0.35976	0.482676	0.359779	0.508774	0.482676	0.359779	0.580082	0.455058	0	0	0	0.160895	0.508774	0.35976	0	0	0.160895	0.359779	0.455087	0.455087	0.580116	0.804451	0.910117	0.910117	0.910117	0.910117	0.910117	1.01751	1.01751	0.910117	0.910117	0.910117	1.01751	1.01751	0.910117	1.01751	1.28695	1.01751	1.01751	1.28695	1.01751	1.01751	1.01751	1.01751	1.28695	1.01751	1.28695	1.64035	1.48304	0.978586	0.804427	0.978607	1.12613	1.65602	0.804402	0.580082	1.07917	1.29693	0.804402	0.455058	0.455058	0.804402	1.29693	0.643557	0.359779	0.580082	0.455058	0.35976	0.866366	0.643557	0.455087	0.359779	0.160895	0.35976	0.482676	0.455087	0.455087	0.455087	0.455087	0.455087	0.663371	0.866404	0.804451	0.508794	0.160895	0.35976	0.482676	0.643557	1.3744	1.526	0.804427	0.643557	1.43876	1.01747	0.978586	1.12613	0.978607	1.5842	1.01747	1.01747	1.43876	1.43876	1.01747	0.643557	0.643557	1.01747	1.51749	0.580082	0.804402	0.866366	1.51749	1.48301	0.910059	0.910059	0.910059	1.81966	0.910059	1.36495
0.455015	0.909973	0.455015	0.455015	0.455015	0.455015	0.455015	0.455015	0.455015	0	0.455015	0.455015	0	0	0.455015	0.455015	0	0.455015	0.909973	0.455015	0	0.455015	0.455015	0	0.455015	0.455015	0.455015	0.455015	0.455015	0.455015	0.455015	0.455015	0.455015	0.909973	0.455015	0	0	0.455015	0.455015	0.455015	0.455015	0.455015	0.455015	0	0.455015	0.455015	0.455015	0.909973	0.455015	0	0.455015	0.909973	0.455015	0	0	0.455015	0.909973	0.455015	0	0.455015	0.909973	0.455015	0.455015	0.455015	0.455015	0.455015	0	0.455015	0.455015	0.909973	0.909973	0.455015	0.455015	0.455015	0.909973	0.455015	0.455015	0.455015	0.455015	0.909973	0.909973	0.455015	0.455015	0.909973	0.455015	0.455015	0.455015	0.455015	0.909973	0.455015	0	0.455015	0.909973	0.455015	0.455015	0.455015	0	0.455015	0.455015	0.455015	0.455015	0	0	0.455015	0.909973	0.455015	0	0	0.455015	0.455015	0	0.455015	0.909973	0.455015	0	0.455015	0.455015	0.455015	0.455015	0	0.455015	0.455015	0.909973	0.909973	0	0	0.455015	0.909973	0.455015	0	0	0.455015	0.909973	0.909973	0.455015	0.455015	0.455015	0	0.455015	0.455015	0	0.455015	0.455015	0	0.455015	0.455015	0	0	0	0	0.455015	0.455015	0	0	0	0	0	0	0	0	0	0	0	0	0	0.455015	0.455015	0	0	0	0.455015	0.455015	0	0.455015	0.909973	0.455015	0.455015	0.909973	0.455015	0.455015	0.455015	0.455015	0.909973	0.455015	0.909973	1.36482	1.36482	0.909973	0.455015	0.455015	0.909973	1.81949	0.909973	0.455015	0.909973	1.36482	0.909973	0.455015	0.455015	0.909973	1.36482	0.455015	0	0.455015	0.455015	0.455015	0.909973	0.455015	0	0	0	0.455015	0.455015	0	0	0	0	0	0.455015	0.455015	0	0	0	0.455015	0.455015	0.455015	1.36482	1.36482	0.455015	0.455015	1.36482	0.909973	0.909973	0.909973	0.455015	1.36482	0.909973	0.909973	1.36482	1.36482	0.909973	0.455015	0.455015	0.909973	1.36482	0.455015	0.909973	0.909973	1.36482	1.36482	0.909973	0.909973	0.909973	1.81949	0.909973	1.36482
0.454972	0.909886	0.454972	0.454972	0.454972	0.454972	0.454972	0.454972	0.454972	0	0.454972	0.454972	0	0	0.454972	0.454972	0	0.454972	0.909886	0.454972	0	0.454972	0.454972	0	0.454972	0.454972	0.454972	0.454972	0.454972	0.454972	0.454972	0.454972	0.454972	0.909886	0.454972	0	0	0.454972	0.454972	0.454972	0.454972	0.454972	0.454972	0	0.454972	0.454972	0.454972	0.909886	0.454972	0	0.454972	0.909886	0.454972	0	0	0.454972	0.909886	0.454972	0	0.454972	0.909886	0.454972	0.454972	0.454972	0.454972	0.454972	0	0.454972	0.454972	0.909886	0.909886	0.454972	0.454972	0.454972	0.909886	0.454972	0.454972	0.454972	0.454972	0.909886	0.909886	0.454972	0.454972	0.909886	0.454972	0.454972	0.454972	0.454972	0.909886	0.454972	0	0.454972	0.909886	0.454972	0.454972	0.454972	0	0.454972	0.454972	0.454972	0.454972	0	0	0.454972	0.909886	0.454972	0	0	0.454972	0.454972	0	0.454972	0.909886	0.454972	0	0.454972	0.454972	0.454972	0.454972	0	0.454972	0.454972	0.909886	0.909886	0	0	0.454972	0.909886	0.454972	0	0	0.454972	0.909886	0.909886	0.454972	0.454972	0.454972	0	0.454972	0.454972	0	0.454972	0.454972	0	0.454972	0.454972	0	0	0	0	0.454972	0.454972	0	0	0	0	0	0	0	0	0	0	0	0	0	0.454972	0.454972	0	0	0	0.454972	0.454972	0	0.454972	0.909886	0.454972	0.454972	0.909886	0.454972	0.454972	0.454972	0.454972	0.909886	0.454972	0.909886	1.36469	1.36469	0.909886	0.454972	0.454972	0.909886	1.81931	0.909886	0.454972	0.909886	1.36469	0.909886	0.454972	0.454972	0.909886	1.36469	0.454972	0	0.454972	0.454972	0.454972	0.909886	0.454972	0	0	0	0.454972	0.454972	0	0	0	0	0	0.454972	0.454972	0	0	0	0.454972	0.454972	0.454972	1.36469	1.36469	0.454972	0.454972	1.36469	0.909886	0.909886	0.909886	0.454972	1.36469	0.909886	0.909886	1.36469	1.36469	0.909886	0.454972	0.454972	0.909886	1.36469	0.454972	0.909886	0.909886	1.36469	1.36469	0.909886	0.909886	0.909886	1.81931	0.909886	1.36469
0.454928	0.909799	0.454928	0.454928	0.454928	0.454928	0.454928	0.454928	0.454928	0	0.454928	0.454928	0	0	0.454928	0.454928	0	0.454928	0.909799	0.454928	0	0.454928	0.454928	0	0.454928	0.454928	0.454928	0.454928	0.454928	0.454928	0.454928	0.454928	0.454928	0.909799	0.454928	0	0	0.454928	0.454928	0.454928	0.454928	0.454928	0.454928	0	0.454928	0.454928	0.454928	0.909799	0.454928	0	0.454928	0.909799	0.454928	0	0	0.454928	0.909799	0.454928	0	0.454928	0.909799	0.454928	0.454928	0.454928	0.454928	0.454928	0	0.454928	0.454928	0.909799	0.909799	0.454928	0.454928	0.454928	0.909799	0.454928	0.454928	0.454928	0.454928	0.909799	0.909799	0.454928	0.454928	0.909799	0.454928	0.454928	0.454928	0.454928	0.909799	0.454928	0	0.454928	0.909799	0.454928	0.454928	0.454928	0	0.454928	0.454928	0.454928	0.454928	0	0	0.454928	0.909799	0.454928	0	0	0.454928	0.454928	0	0.454928	0.909799	0.454928	0	0.454928	0.454928	0.454928	0.454928	0	0.454928	0.454928	0.909799	0.909799	0	0	0.454928	0.909799	0.454928	0	0	0.454928	0.909799	0.909799	0.454928	0.454928	0.454928	0	0.454928	0.454928	0	0.454928	0.454928	0	0.454928	0.454928	0	0	0	0	0.454928	0.454928	0	0	0	0	0	0	0	0	0	0	0	0	0	0.454928	0.454928	0	0	0	0.454928	0.454928	0	0.454928	0.909799	0.454928	0.454928	0.909799	0.454928	0.454928	0.454928	0.454928	0.909799	0.454928	0.909799	1.36456	1.36456	0.909799	0.454928	0.454928	0.909799	1.81914	0.909799	0.454928	0.909799	1.36456	0.909799	0.454928	0.454928	0.909799	1.36456	0.454928	0	0.454928	0.454928	0.454928	0.909799	0.454928	0	0	0	0.454928	0.454928	0	0	0	0	0	0.454928	0.454928	0	0	0	0.454928	0.454928	0.454928	1.36456	1.36456	0.454928	0.454928	1.36456	0.909799	0.909799	0.909799	0.454928	1.36456	0.909799	0.909799	1.36456	1.36456	0.909799	0.454928	0.454928	0.909799	1.36456	0.454928	0.909799	0.909799	1.36456	1.36456	0.909799	0.909799	0.909799	1.81914	0.909799	1.36456
0.454885	0.804096	0.482492	0.643311	0.643311	0.643311	0.663099	0.508581	0.482492	0.359641	0.579861	0.454885	0.160834	0.359641	0.482492	0.508581	0.359641	0.482492	0.804096	0.579861	0.359641	0.482492	0.359623	0.160834	0.663099	0.643311	0.643311	0.643311	0.643311	0.643311	0.643311	0.643311	0.643311	1.01708	0.643311	0.579895	0.804145	0.866074	0.820053	0.820053	0.663118	0.643311	0.80412	0.804145	0.866074	0.663118	0.643311	1.01708	0.643311	0.454914	0.643311	0.866036	0.359623	0.160834	0.359641	0.643311	0.866036	0.359623	0.160834	0.663099	1.01708	0.643311	0.643311	0.643311	0.643311	0.80412	0.804145	0.866074	0.663118	1.01708	1.01708	0.643311	0.643311	0.643311	0.866036	0.359623	0.454885	0.454885	0.454885	0.909713	0.909713	0.454885	0.454885	0.804096	0.482492	0.643311	0.643311	0.643311	1.01708	0.643311	0.454914	0.643311	1.01708	0.643311	0.643311	0.663099	0.160834	0.359623	0.482492	0.643311	0.643311	0.359641	0.160834	0.454885	0.804096	0.482492	0.359641	0.160834	0.454885	0.579861	0.359641	0.643311	0.866036	0.508581	0.359641	0.643311	0.643311	0.482492	0.508581	0.359641	0.482492	0.359623	0.909713	0.909713	0.160834	0.359641	0.643311	0.866036	0.359623	0.160834	0.359641	0.643311	1.01708	1.01708	0.643311	0.482492	0.508581	0.359641	0.482492	0.359623	0	0.454885	0.454885	0	0.359623	0.482492	0.454914	0.359641	0.160834	0	0.359623	0.482492	0.454914	0.454914	0.454914	0.454914	0.454914	0.454914	0.454914	0.454914	0.454914	0.454914	0.454914	0.454914	0.454914	0.663118	0.866074	0.90977	0.804145	0.579895	0.663118	0.866074	0.90977	1.01712	1.29648	1.2965	1.43828	1.63977	1.43828	1.43828	1.43828	1.37394	1.4472	1.01712	1.28646	1.63973	1.63973	1.28646	0.978234	0.80412	1.01708	1.79755	1.1257	0.978234	1.17071	1.43821	1.01708	0.643311	0.643311	1.01708	1.43821	0.643311	0.359641	0.579861	0.454885	0.454885	0.909713	0.454885	0	0.160834	0.359641	0.482492	0.359623	0	0.160834	0.359641	0.454914	0.454914	0.643311	0.643311	0.454914	0.579895	0.804145	1.01712	1.01712	1.01712	1.48247	1.52542	0.978234	1.01712	1.63973	1.28646	1.1257	0.978214	0.80412	1.52542	0.978214	1.01708	1.5836	1.52542	0.978214	0.80412	0.978234	1.1257	1.37388	0.643311	1.01708	1.01708	1.43821	1.43821	1.01708	1.01708	1.01708	1.87492	1.01708	1.43821
0.454842	0.579805	0.359607	0.64325	0.64325	0.64325	0.865953	0.508532	0.359607	0.482446	0.804019	0.454842	0.359589	0.482446	0.359607	0.508532	0.482446	0.359607	0.579805	0.804019	0.482446	0.359607	0.160819	0.359589	0.865953	0.64325	0.64325	0.64325	0.64325	0.64325	0.64325	0.64325	0.64325	1.01698	0.64325	0.663055	0.865991	0.804068	0.819975	0.819975	0.579839	0.64325	0.97812	0.865991	0.804068	0.579839	0.64325	1.01698	0.64325	0.45487	0.64325	0.663035	0.160819	0.359589	0.482446	0.64325	0.663035	0.160819	0.359589	0.865953	1.01698	0.64325	0.64325	0.64325	0.64325	0.97812	0.865991	0.804068	0.579839	1.01698	1.01698	0.64325	0.64325	0.64325	0.663035	0.160819	0.454842	0.454842	0.454842	0.909626	0.909626	0.454842	0.454842	0.579805	0.359607	0.64325	0.64325	0.64325	1.01698	0.64325	0.45487	0.64325	1.01698	0.64325	0.64325	0.865953	0.359589	0.160819	0.359607	0.64325	0.64325	0.482446	0.359589	0.454842	0.579805	0.359607	0.482446	0.359589	0.454842	0.804019	0.482446	0.64325	0.663035	0.508532	0.482446	0.64325	0.64325	0.359607	0.508532	0.482446	0.359607	0.160819	0.909626	0.909626	0.359589	0.482446	0.64325	0.663035	0.160819	0.359589	0.482446	0.64325	1.01698	1.01698	0.64325	0.359607	0.508532	0.482446	0.359607	0.160819	0	0.454842	0.454842	0	0.160819	0.359607	0.45487	0.482446	0.359589	0	0.160819	0.359607	0.45487	0.45487	0.45487	0.45487	0.45487	0.45487	0.45487	0.45487	0.45487	0.45487	0.45487	0.45487	0.45487	0.579839	0.804068	0.909684	0.865991	0.663055	0.579839	0.804068	0.909684	1.01702	1.17064	1.25588	1.43815	1.63961	1.43815	1.43815	1.43815	1.48237	1.61578	1.01702	1.28634	1.63957	1.63957	1.28634	1.12559	0.97812	1.01698	1.58345	0.97814	1.12559	1.37375	1.43807	1.01698	0.64325	0.64325	1.01698	1.43807	0.64325	0.482446	0.804019	0.454842	0.454842	0.909626	0.454842	0	0.359589	0.482446	0.359607	0.160819	0	0.359589	0.482446	0.45487	0.45487	0.64325	0.64325	0.45487	0.663055	0.865991	1.01702	1.01702	1.01702	1.29634	1.52528	1.12559	1.01702	1.63957	1.28634	0.97814	0.804044	0.97812	1.52528	0.804044	1.01698	1.79738	1.52528	0.804044	0.97812	1.12559	0.97814	1.1706	0.64325	1.01698	1.01698	1.43807	1.43807	1.01698	1.01698	1.01698	1.87474	1.01698	1.43807
0.454798	0.454798	0	0.454798	0.454798	0.454798	0.909539	0.454798	0	0.454798	0.909539	0.454798	0.454798	0.454798	0	0.454798	0.454798	0	0.454798	0.909539	0.454798	0	0	0.454798	0.909539	0.454798	0.454798	0.454798	0.454798	0.454798	0.454798	0.454798	0.454798	0.909539	0.454798	0.454798	0.454798	0	0.454798	0.454798	0	0.454798	0.909539	0.454798	0	0	0.454798	0.909539	0.454798	0	0.454798	0.454798	0	0.454798	0.454798	0.454798	0.454798	0	0.454798	0.909539	0.909539	0.454798	0.454798	0.454798	0.454798	0.909539	0.454798	0	0	0.909539	0.909539	0.454798	0.454798	0.454798	0.454798	0	0.454798	0.454798	0.454798	0.909539	0.909539	0.454798	0.454798	0.454798	0	0.454798	0.454798	0.454798	0.909539	0.454798	0	0.454798	0.909539	0.454798	0.454798	0.909539	0.454798	0	0	0.454798	0.454798	0.454798	0.454798	0.454798	0.454798	0	0.454798	0.454798	0.454798	0.909539	0.454798	0.454798	0.454798	0.454798	0.454798	0.454798	0.454798	0	0.454798	0.454798	0	0	0.909539	0.909539	0.454798	0.454798	0.454798	0.454798	0	0.454798	0.454798	0.454798	0.909539	0.909539	0.454798	0	0.454798	0.454798	0	0	0	0.454798	0.454798	0	0	0	0	0.454798	0.454798	0	0	0	0	0	0	0	0	0	0	0	0	0	0	0	0	0	0	0	0.454798	0.454798	0	0	0	0.454798	0.454798	0	0.454798	0.909539	0.454798	0.454798	0.454798	0.909539	1.36417	0.454798	0.909539	1.36417	1.36417	0.909539	0.909539	0.909539	0.909539	1.36417	0.454798	0.909539	1.36417	1.36417	0.909539	0.454798	0.454798	0.909539	1.36417	0.454798	0.454798	0.909539	0.454798	0.454798	0.909539	0.454798	0	0.454798	0.454798	0	0	0	0.454798	0.454798	0	0	0.454798	0.454798	0	0.454798	0.454798	0.454798	0.454798	0.454798	0.909539	1.36417	0.909539	0.454798	1.36417	0.909539	0.454798	0.454798	0.909539	1.36417	0.454798	0.909539	1.81862	1.36417	0.454798	0.909539	0.909539	0.454798	0.909539	0.454798	0.909539	0.909539	1.36417	1.36417	0.909539	0.909539	0.909539	1.81862	0.909539	1.36417
0.454755	0.454755	0	0.454755	0.454755	0.454755	0.909453	0.454755	0	0.454755	0.909453	0.454755	0.454755	0.454755	0	0.454755	0.454755	0	0.454755	0.909453	0.454755	0	0	0.454755	0.909453	0.454755	0.454755	0.454755	0.454755	0.454755	0.454755	0.454755	0.454755	0.909453	0.454755	0.454755	0.454755	0	0.454755	0.454755	0	0.454755	0.909453	0.454755	0	0	0.454755	0.909453	0.454755	0	0.454755	0.454755	0	0.454755	0.454755	0.454755	0.454755	0	0.454755	0.909453	0.909453	0.454755	0.454755	0.454755	0.454755	0.909453	0.454755	0	0	0.909453	0.909453	0.454755	0.454755	0.454755	0.454755	0	0.454755	0.454755	0.454755	0.909453	0.909453	0.454755	0.454755	0.454755	0	0.454755	0.454755	0.454755	0.909453	0.454755	0	0.454755	0.909453	0.454755	0.454755	0.909453	0.454755	0	0	0.454755	0.454755	0.454755	0.454755	0.454755	0.454755	0	0.454755	0.454755	0.454755	0.909453	0.454755	0.454755	0.454755	0.454755	0.454755	0.454755	0.454755	0	0.454755	0.454755	0	0	0.909453	0.909453	0.454755	0.454755	0.454755	0.454755	0	0.454755	0.454755	0.454755	0.909453	0.909453	0.454755	0	0.454755	0.454755	0	0	0	0.454755	0.454755	0	0	0	0	0.454755	0.454755	0	0	0	0	0	0	0	0	0	0	0	0	0	0	0	0	0	0	0	0.454755	0.454755	0	0	0	0.454755	0.454755	0	0.454755	0.909453	0.454755	0.454755	0.454755	0.909453	1.36404	0.454755	0.909453	1.36404	1.36404	0.909453	0.909453	0.909453	0.909453	1.36404	0.454755	0.909453	1.36404	1.36404	0.909453	0.454755	0.454755	0.909453	1.36404	0.454755	0.454755	0.909453	0.454755	0.454755	0.909453	0.454755	0	0.454755	0.454755	0	0	0	0.454755	0.454755	0	0	0.454755	0.454755	0	0.454755	0.454755	0.454755	0.454755	0.454755	0.909453	1.36404	0.909453	0.454755	1.36404	0.909453	0.454755	0.454755	0.909453	1.36404	0.454755	0.909453	1.81845	1.36404	0.454755	0.909453	0.909453	0.454755	0.909453	0.454755	0.909453	0.909453	1.36404	1.36404	0.909453	0.909453	0.909453	1.81845	0.909453	1.36404
0.454712	0.454712	0	0.454712	0.454712	0.454712	0.909366	0.454712	0	0.454712	0.909366	0.454712	0.454712	0.454712	0	0.454712	0.454712	0	0.454712	0.909366	0.454712	0	0	0.454712	0.909366	0.454712	0.454712	0.454712	0.454712	0.454712	0.454712	0.454712	0.454712	0.909366	0.454712	0.454712	0.454712	0	0.454712	0.454712	0	0.454712	0.909366	0.454712	0	0	0.454712	0.909366	0.454712	0	0.454712	0.454712	0	0.454712	0.454712	0.454712	0.454712	0	0.454712	0.909366	0.909366	0.454712	0.454712	0.454712	0.454712	0.909366	0.454712	0	0	0.909366	0.909366	0.454712	0.454712	0.454712	0.454712	0	0.454712	0.454712	0.454712	0.909366	0.909366	0.454712	0.454712	0.454712	0	0.454712	0.454712	0.454712	0.909366	0.454712	0	0.454712	0.909366	0.454712	0.454712	0.909366	0.454712	0	0	0.454712	0.454712	0.454712	0.454712	0.454712	0.454712	0	0.454712	0.454712	0.454712	0.909366	0.454712	0.454712	0.454712	0.454712	0.454712	0.454712	0.454712	0	0.454712	0.454712	0	0	0.909366	0.909366	0.454712	0.454712	0.454712	0.454712	0	0.454712	0.454712	0.454712	0.909366	0.909366	0.454712	0	0.454712	0.454712	0	0	0	0.454712	0.454712	0	0	0	0	0.454712	0.454712	0	0	0	0	0	0	0	0	0	0	0	0	0	0	0	0	0	0	0	0.454712	0.454712	0	0	0	0.454712	0.454712	0	0.454712	0.909366	0.454712	0.454712	0.454712	0.909366	1.36391	0.454712	0.909366	1.36391	1.36391	0.909366	0.909366	0.909366	0.909366	1.36391	0.454712	0.909366	1.36391	1.36391	0.909366	0.454712	0.454712	0.909366	1.36391	0.454712	0.454712	0.909366	0.454712	0.454712	0.909366	0.454712	0	0.454712	0.454712	0	0	0	0.454712	0.454712	0	0	0.454712	0.454712	0	0.454712	0.454712	0.454712	0.454712	0.454712	0.909366	1.36391	0.909366	0.454712	1.36391	0.909366	0.454712	0.454712	0.909366	1.36391	0.454712	0.909366	1.81827	1.36391	0.454712	0.909366	0.909366	0.454712	0.909366	0.454712	0.909366	0.909366	1.36391	1.36391	0.909366	0.909366	0.909366	1.81827	0.909366	1.36391
0.643005	0.662783	0.160758	0.454668	0.454668	0.454668	0.909279	0.454668	0	0.454668	0.909279	0.454668	0.359452	0.482263	0.35947	0.508338	0.482263	0.35947	0.579585	0.909279	0.454668	0.160758	0.35947	0.643005	1.0166	0.643005	0.643005	0.643005	0.803737	0.977768	1.01664	1.01664	0.865661	0.977748	0.643005	0.643005	0.643005	0.454697	0.643005	0.643005	0.454697	0.643005	1.0166	0.643005	0.454697	0.454697	0.643005	0.865624	0.359452	0.160758	0.508338	0.508338	0.35947	0.643005	0.643005	0.482263	0.508338	0.35947	0.643005	1.0166	1.0166	0.643005	0.482263	0.359452	0.454668	0.909279	0.454668	0.160758	0.35947	0.865624	0.803713	0.454668	0.454668	0.454668	0.579585	0.35947	0.643005	0.643005	0.482263	0.803713	0.909279	0.454668	0.359452	0.508338	0.160758	0.454668	0.454668	0.359452	0.865624	0.643005	0.35947	0.579585	0.909279	0.454668	0.359452	0.865624	0.643005	0.35947	0.160758	0.359452	0.508338	0.579585	0.454668	0.454668	0.454668	0	0.454668	0.454668	0.454668	0.909279	0.454668	0.454668	0.579585	0.662783	0.643005	0.482263	0.359452	0.160758	0.662783	0.643005	0.579618	0.803762	1.12516	0.977748	0.643005	0.643005	0.643005	0.803737	0.803762	1.01664	1.01664	0.865661	0.819642	0.803713	0.454668	0	0.454668	0.454668	0	0	0	0.359452	0.482263	0.454697	0.35947	0.160758	0	0.359452	0.482263	0.579618	0.803762	0.909337	0.909337	0.909337	0.803762	0.579618	0.579618	0.803762	0.909337	0.909337	0.909337	0.803762	0.579618	0.579618	0.803762	0.803762	0.579618	0.454697	0.662803	0.865661	0.803762	0.579618	0.454697	0.662803	0.819662	0.579618	0.643005	0.977748	0.865661	1.01664	1.01664	1.28585	1.63895	1.01664	1.28585	1.63895	1.61516	1.48181	1.63899	1.63899	1.63899	1.93504	1.17019	1.28585	1.67785	1.58284	1.0166	0.643005	0.643005	0.977748	1.5247	0.803737	0.643005	1.0166	0.643005	0.643005	1.0166	0.643005	0.454697	0.643005	0.643005	0.454697	0.35947	0.160758	0.359452	0.482263	0.35947	0.227338	0.508338	0.359452	0.160758	0.662783	0.643005	0.803737	0.977768	1.01664	1.28585	1.48177	0.977748	0.803737	1.67785	1.28585	1.01664	1.01664	1.28585	1.63895	1.01664	1.28585	2.03255	1.63895	1.01664	1.28585	1.28585	1.01664	1.28585	1.01664	1.28585	1.28585	1.63895	1.63895	1.28585	1.28585	1.28585	2.03255	1.28585	1.63895
0.642944	0.865541	0.359418	0.454625	0.454625	0.454625	0.909193	0.454625	0	0.454625	0.909193	0.454625	0.160742	0.359436	0.482217	0.50829	0.359436	0.482217	0.803636	0.909193	0.454625	0.359418	0.482217	0.642944	1.0165	0.642944	0.642944	0.642944	0.977655	1.12505	1.01654	1.01654	0.803685	0.803661	0.642944	0.642944	0.642944	0.454654	0.642944	0.642944	0.454654	0.642944	1.0165	0.642944	0.454654	0.454654	0.642944	0.66272	0.160742	0.359418	0.50829	0.50829	0.482217	0.642944	0.642944	0.359436	0.50829	0.482217	0.642944	1.0165	1.0165	0.642944	0.359436	0.160742	0.454625	0.909193	0.454625	0.359418	0.482217	0.66272	0.579529	0.454625	0.454625	0.454625	0.803636	0.482217	0.642944	0.642944	0.359436	0.579529	0.909193	0.454625	0.160742	0.50829	0.359418	0.454625	0.454625	0.160742	0.66272	0.642944	0.482217	0.803636	0.909193	0.454625	0.160742	0.66272	0.642944	0.482217	0.359418	0.160742	0.50829	0.803636	0.454625	0.454625	0.454625	0	0.454625	0.454625	0.454625	0.909193	0.454625	0.454625	0.803636	0.865541	0.642944	0.359436	0.160742	0.359418	0.865541	0.642944	0.662739	0.865579	0.977675	0.803661	0.642944	0.642944	0.642944	0.977655	0.865579	1.01654	1.01654	0.803685	0.508309	0.579529	0.454625	0	0.454625	0.454625	0	0	0	0.160742	0.359436	0.454654	0.482217	0.359418	0	0.160742	0.359436	0.662739	0.865579	0.909251	0.909251	0.909251	0.865579	0.662739	0.662739	0.865579	0.909251	0.909251	0.909251	0.865579	0.662739	0.662739	0.865579	0.865579	0.662739	0.454654	0.579563	0.803685	0.865579	0.662739	0.454654	0.579563	0.819584	0.662739	0.642944	0.803661	0.803685	1.01654	1.01654	1.28573	1.63879	1.01654	1.28573	1.63879	1.44638	1.37315	1.63883	1.63883	1.63883	2.11326	1.29574	1.28573	1.88073	1.79652	1.0165	0.642944	0.642944	0.803661	1.52455	0.977655	0.642944	1.0165	0.642944	0.642944	1.0165	0.642944	0.454654	0.642944	0.642944	0.454654	0.482217	0.359418	0.160742	0.359436	0.482217	0.68192	0.50829	0.160742	0.359418	0.865541	0.642944	0.977655	1.12505	1.01654	1.28573	1.29572	0.803661	0.977655	1.88073	1.28573	1.01654	1.01654	1.28573	1.63879	1.01654	1.28573	2.03236	1.63879	1.01654	1.28573	1.28573	1.01654	1.28573	1.01654	1.28573	1.28573	1.63879	1.63879	1.28573	1.28573	1.28573	2.03236	1.28573	1.63879
0.454582	0.909106	0.454582	0.454582	0.454582	0.454582	0.909106	0.454582	0	0.454582	0.909106	0.454582	0	0	0.454582	0.454582	0	0.454582	0.909106	0.909106	0.454582	0.454582	0.454582	0.454582	0.909106	0.454582	0.454582	0.454582	0.909106	0.909106	0.454582	0.454582	0	0.454582	0.454582	0.454582	0.454582	0	0.454582	0.454582	0	0.454582	0.909106	0.454582	0	0	0.454582	0.454582	0	0.454582	0.454582	0.454582	0.454582	0.454582	0.454582	0	0.454582	0.454582	0.454582	0.909106	0.909106	0.454582	0	0	0.454582	0.909106	0.454582	0.454582	0.454582	0.454582	0.454582	0.454582	0.454582	0.454582	0.909106	0.454582	0.454582	0.454582	0	0.454582	0.909106	0.454582	0	0.454582	0.454582	0.454582	0.454582	0	0.454582	0.454582	0.454582	0.909106	0.909106	0.454582	0	0.454582	0.454582	0.454582	0.454582	0	0.454582	0.909106	0.454582	0.454582	0.454582	0	0.454582	0.454582	0.454582	0.909106	0.454582	0.454582	0.909106	0.909106	0.454582	0	0	0.454582	0.909106	0.454582	0.454582	0.454582	0.454582	0.454582	0.454582	0.454582	0.454582	0.909106	0.454582	0.454582	0.454582	0	0	0.454582	0.454582	0	0.454582	0.454582	0	0	0	0	0	0	0.454582	0.454582	0	0	0	0.454582	0.454582	0	0	0	0.454582	0.454582	0.454582	0.454582	0	0	0	0.454582	0.454582	0.454582	0.454582	0.454582	0.454582	0	0	0	0.454582	0.454582	0	0	0.454582	0.454582	0.454582	0.454582	0	0.454582	0.454582	0.909106	1.36352	0.454582	0.909106	1.36352	0.909106	0.454582	0.909106	0.909106	0.909106	1.81776	0.909106	0.909106	1.81776	1.81776	0.909106	0.454582	0.454582	0.454582	1.36352	0.909106	0.454582	0.909106	0.454582	0.454582	0.909106	0.454582	0	0.454582	0.454582	0	0.454582	0.454582	0	0	0.454582	0.909106	0.454582	0	0.454582	0.909106	0.454582	0.909106	0.909106	0.454582	0.909106	0.909106	0.454582	0.909106	1.81776	0.909106	0.454582	0.454582	0.909106	1.36352	0.454582	0.909106	1.81776	1.36352	0.454582	0.909106	0.909106	0.454582	0.909106	0.454582	0.909106	0.909106	1.36352	1.36352	0.909106	0.909106	0.909106	1.81776	0.909106	1.36352
0.454538	0.90902	0.454538	0.454538	0.454538	0.454538	0.90902	0.454538	0	0.454538	0.90902	0.454538	0	0	0.454538	0.454538	0	0.454538	0.90902	0.90902	0.454538	0.454538	0.454538	0.454538	0.90902	0.454538	0.454538	0.454538	0.90902	0.90902	0.454538	0.454538	0	0.454538	0.454538	0.454538	0.454538	0	0.454538	0.454538	0	0.454538	0.90902	0.454538	0	0	0.454538	0.454538	0	0.454538	0.454538	0.454538	0.454538	0.454538	0.454538	0	0.454538	0.454538	0.454538	0.90902	0.90902	0.454538	0	0	0.454538	0.90902	0.454538	0.454538	0.454538	0.454538	0.454538	0.454538	0.454538	0.454538	0.90902	0.454538	0.454538	0.454538	0	0.454538	0.90902	0.454538	0	0.454538	0.454538	0.454538	0.454538	0	0.454538	0.454538	0.454538	0.90902	0.90902	0.454538	0	0.454538	0.454538	0.454538	0.454538	0	0.454538	0.90902	0.454538	0.454538	0.454538	0	0.454538	0.454538	0.454538	0.90902	0.454538	0.454538	0.90902	0.90902	0.454538	0	0	0.454538	0.90902	0.454538	0.454538	0.454538	0.454538	0.454538	0.454538	0.454538	0.454538	0.90902	0.454538	0.454538	0.454538	0	0	0.454538	0.454538	0	0.454538	0.454538	0	0	0	0	0	0	0.454538	0.454538	0	0	0	0.454538	0.454538	0	0	0	0.454538	0.454538	0.454538	0.454538	0	0	0	0.454538	0.454538	0.454538	0.454538	0.454538	0.454538	0	0	0	0.454538	0.454538	0	0	0.454538	0.454538	0.454538	0.454538	0	0.454538	0.454538	0.90902	1.36339	0.454538	0.90902	1.36339	0.90902	0.454538	0.90902	0.90902	0.90902	1.81758	0.90902	0.90902	1.81758	1.81758	0.90902	0.454538	0.454538	0.454538	1.36339	0.90902	0.454538	0.90902	0.454538	0.454538	0.90902	0.454538	0	0.454538	0.454538	0	0.454538	0.454538	0	0	0.454538	0.90902	0.454538	0	0.454538	0.90902	0.454538	0.90902	0.90902	0.454538	0.90902	0.90902	0.454538	0.90902	1.81758	0.90902	0.454538	0.454538	0.90902	1.36339	0.454538	0.90902	1.81758	1.36339	0.454538	0.90902	0.90902	0.454538	0.90902	0.454538	0.90902	0.90902	1.36339	1.36339	0.90902	0.90902	0.90902	1.81758	0.90902	1.36339
0.359315	0.865294	0.64276	0.64276	0.64276	0.64276	1.01621	0.66253	0.160696	0.359315	0.865294	0.64276	0.359333	0.160696	0.454495	0.454495	0	0.454495	0.908933	1.02882	0.66253	0.64276	0.64276	0.64276	1.01621	0.64276	0.64276	0.64276	1.01621	1.01621	0.482079	0.359315	0.160696	0.66253	0.64276	0.64276	0.64276	0.579398	0.81935	0.81935	0.803456	0.865332	0.977376	0.64276	0.579398	0.803456	0.865332	0.81935	0.803456	0.865332	0.81935	0.81935	0.66255	0.64276	0.64276	0.579398	0.81935	0.66255	0.64276	1.01621	0.865294	0.359315	0.160696	0.359333	0.64276	1.01621	0.64276	0.482079	0.359315	0.579364	0.66253	0.64276	0.64276	0.482079	0.803407	0.454495	0.454495	0.454495	0	0.454495	0.803407	0.482079	0.359333	0.579364	0.454495	0.359315	0.482079	0.359333	0.508145	0.482079	0.64276	1.01621	0.977376	0.865332	0.803456	0.803431	0.64276	0.64276	0.64276	0.359333	0.579364	0.908933	0.454495	0.454495	0.579364	0.359333	0.64276	0.64276	0.64276	1.01621	0.64276	0.64276	1.01621	1.01621	0.64276	0.579398	0.803456	0.865332	0.977376	0.64276	0.64276	0.64276	0.803431	0.977396	0.865332	0.66255	0.64276	1.01621	0.64276	0.482079	0.359315	0.160696	0.359333	0.482079	0.359315	0	0.454495	0.454495	0	0	0	0	0	0	0.359315	0.482079	0.454524	0.454524	0.454524	0.482079	0.359315	0	0	0	0.359315	0.482079	0.482079	0.359315	0	0	0	0.359315	0.482079	0.482079	0.359315	0.359315	0.482079	0.359333	0.160696	0	0.359315	0.482079	0.359333	0.160696	0.359315	0.482079	0.64276	0.66253	0.160696	0.454495	0.454495	0.803407	1.29532	0.64276	0.977376	1.4812	1.29535	0.803431	1.01621	1.01621	1.01621	1.79601	1.12473	1.28536	2.03178	1.98688	1.48124	1.37276	1.16975	1.01625	1.63833	1.28536	1.01625	1.28536	1.01625	1.01625	1.28536	1.01625	0.908991	1.01625	1.01625	0.803456	0.803431	0.64276	0.359333	0.160696	0.359315	0.865294	0.718602	0.32139	0.64276	1.01621	0.64276	1.01621	1.01621	0.64276	1.01621	1.16971	0.977396	1.12473	1.79601	1.01621	0.803431	0.977396	1.12473	1.52412	0.977396	1.12473	1.79601	1.43698	0.64276	1.01621	1.01621	0.64276	1.01621	0.64276	1.01621	1.01621	1.43698	1.43698	1.01621	1.01621	1.01621	1.87331	1.01621	1.29532
0.160681	0.662467	0.642699	0.642699	0.642699	0.642699	1.01611	0.865212	0.359281	0.160681	0.662467	0.642699	0.482033	0.359281	0.454452	0.454452	0	0.454452	0.908847	1.25472	0.865212	0.642699	0.642699	0.642699	1.01611	0.642699	0.642699	0.642699	1.01611	1.01611	0.359299	0.160681	0.359281	0.865212	0.642699	0.642699	0.642699	0.662487	0.819272	0.819272	0.86525	0.803379	0.803355	0.642699	0.662487	0.86525	0.803379	0.819272	0.86525	0.803379	0.819272	0.819272	0.579343	0.642699	0.642699	0.662487	0.819272	0.579343	0.642699	1.01611	0.662467	0.160681	0.359281	0.482033	0.642699	1.01611	0.642699	0.359299	0.160681	0.80333	0.865212	0.642699	0.642699	0.359299	0.579309	0.454452	0.454452	0.454452	0	0.454452	0.579309	0.359299	0.482033	0.80333	0.454452	0.160681	0.359299	0.482033	0.508097	0.359299	0.642699	1.01611	0.803355	0.803379	0.86525	0.977283	0.642699	0.642699	0.642699	0.482033	0.80333	0.908847	0.454452	0.454452	0.80333	0.482033	0.642699	0.642699	0.642699	1.01611	0.642699	0.642699	1.01611	1.01611	0.642699	0.662487	0.86525	0.803379	0.803355	0.642699	0.642699	0.642699	0.977283	1.12463	0.803379	0.579343	0.642699	1.01611	0.642699	0.359299	0.160681	0.359281	0.482033	0.359299	0.160681	0	0.454452	0.454452	0	0	0	0	0	0	0.160681	0.359299	0.454481	0.454481	0.454481	0.359299	0.160681	0	0	0	0.160681	0.359299	0.359299	0.160681	0	0	0	0.160681	0.359299	0.359299	0.160681	0.160681	0.359299	0.482033	0.359281	0	0.160681	0.359299	0.482033	0.359281	0.160681	0.359299	0.642699	0.865212	0.359281	0.454452	0.454452	0.579309	1.07773	0.642699	0.803355	1.29522	1.48106	0.977283	1.01611	1.01611	1.01611	1.58209	0.977303	1.28524	2.03159	1.79587	1.37263	1.4811	1.29525	1.01615	1.63817	1.28524	1.01615	1.28524	1.01615	1.01615	1.28524	1.01615	0.908904	1.01615	1.01615	0.86525	0.977283	0.642699	0.482033	0.359281	0.160681	0.662467	1.1585	0.718534	0.642699	1.01611	0.642699	1.01611	1.01611	0.642699	1.01611	1.37257	1.12463	0.977303	1.58209	1.01611	0.977283	1.12463	0.977303	1.52397	1.12463	0.977303	1.58209	1.43684	0.642699	1.01611	1.01611	0.642699	1.01611	0.642699	1.01611	1.01611	1.43684	1.43684	1.01611	1.01611	1.01611	1.87313	1.01611	1.07773
0	0.454409	0.454409	0.454409	0.454409	0.454409	0.90876	0.90876	0.454409	0	0.454409	0.454409	0.454409	0.454409	0.454409	0.454409	0	0.454409	0.90876	1.363	0.90876	0.454409	0.454409	0.454409	0.90876	0.454409	0.454409	0.454409	0.90876	0.90876	0	0	0.454409	0.90876	0.454409	0.454409	0.454409	0.454409	0.454409	0.454409	0.454409	0	0.454409	0.454409	0.454409	0.454409	0	0.454409	0.454409	0	0.454409	0.454409	0	0.454409	0.454409	0.454409	0.454409	0	0.454409	0.90876	0.454409	0	0.454409	0.454409	0.454409	0.90876	0.454409	0	0	0.90876	0.90876	0.454409	0.454409	0	0.454409	0.454409	0.454409	0.454409	0	0.454409	0.454409	0	0.454409	0.90876	0.454409	0	0	0.454409	0.454409	0	0.454409	0.90876	0.454409	0	0.454409	0.90876	0.454409	0.454409	0.454409	0.454409	0.90876	0.90876	0.454409	0.454409	0.90876	0.454409	0.454409	0.454409	0.454409	0.90876	0.454409	0.454409	0.90876	0.90876	0.454409	0.454409	0.454409	0	0.454409	0.454409	0.454409	0.454409	0.90876	0.90876	0	0	0.454409	0.90876	0.454409	0	0	0.454409	0.454409	0	0	0	0.454409	0.454409	0	0	0	0	0	0	0	0	0	0	0	0	0	0	0	0	0	0	0	0	0	0	0	0	0	0	0	0	0	0.454409	0.454409	0	0	0	0.454409	0.454409	0	0	0.454409	0.90876	0.454409	0.454409	0.454409	0.454409	0.90876	0.454409	0.454409	0.90876	1.363	0.90876	0.90876	0.90876	0.90876	1.363	0.454409	0.90876	1.81706	1.363	0.454409	0.90876	0.90876	0.454409	1.363	0.90876	0.454409	0.90876	0.454409	0.454409	0.90876	0.454409	0	0.454409	0.454409	0.454409	0.90876	0.454409	0.454409	0.454409	0	0.454409	1.363	0.90876	0.454409	0.90876	0.454409	0.90876	0.90876	0.454409	0.90876	1.363	0.90876	0.454409	1.363	0.90876	0.90876	0.90876	0.454409	1.363	0.90876	0.454409	1.363	1.363	0.454409	0.90876	0.90876	0.454409	0.90876	0.454409	0.90876	0.90876	1.363	1.363	0.90876	0.90876	0.90876	1.81706	0.90876	0.90876
0	0.454365	0.454365	0.454365	0.454365	0.454365	0.908674	0.908674	0.454365	0	0.454365	0.454365	0.454365	0.454365	0.454365	0.454365	0	0.454365	0.908674	1.36287	0.908674	0.454365	0.454365	0.454365	0.908674	0.454365	0.454365	0.454365	0.908674	0.908674	0	0	0.454365	0.908674	0.454365	0.454365	0.454365	0.454365	0.454365	0.454365	0.454365	0	0.454365	0.454365	0.454365	0.454365	0	0.454365	0.454365	0	0.454365	0.454365	0	0.454365	0.454365	0.454365	0.454365	0	0.454365	0.908674	0.454365	0	0.454365	0.454365	0.454365	0.908674	0.454365	0	0	0.908674	0.908674	0.454365	0.454365	0	0.454365	0.454365	0.454365	0.454365	0	0.454365	0.454365	0	0.454365	0.908674	0.454365	0	0	0.454365	0.454365	0	0.454365	0.908674	0.454365	0	0.454365	0.908674	0.454365	0.454365	0.454365	0.454365	0.908674	0.908674	0.454365	0.454365	0.908674	0.454365	0.454365	0.454365	0.454365	0.908674	0.454365	0.454365	0.908674	0.908674	0.454365	0.454365	0.454365	0	0.454365	0.454365	0.454365	0.454365	0.908674	0.908674	0	0	0.454365	0.908674	0.454365	0	0	0.454365	0.454365	0	0	0	0.454365	0.454365	0	0	0	0	0	0	0	0	0	0	0	0	0	0	0	0	0	0	0	0	0	0	0	0	0	0	0	0	0	0.454365	0.454365	0	0	0	0.454365	0.454365	0	0	0.454365	0.908674	0.454365	0.454365	0.454365	0.454365	0.908674	0.454365	0.454365	0.908674	1.36287	0.908674	0.908674	0.908674	0.908674	1.36287	0.454365	0.908674	1.81689	1.36287	0.454365	0.908674	0.908674	0.454365	1.36287	0.908674	0.454365	0.908674	0.454365	0.454365	0.908674	0.454365	0	0.454365	0.454365	0.454365	0.908674	0.454365	0.454365	0.454365	0	0.454365	1.36287	0.908674	0.454365	0.908674	0.454365	0.908674	0.908674	0.454365	0.908674	1.36287	0.908674	0.454365	1.36287	0.908674	0.908674	0.908674	0.454365	1.36287	0.908674	0.454365	1.36287	1.36287	0.454365	0.908674	0.908674	0.454365	0.908674	0.454365	0.908674	0.908674	1.36287	1.36287	0.908674	0.908674	0.908674	1.81689	0.908674	0.908674
0	0.454315	0.454315	0.454315	0.454315	0.454315	0.908573	0.908573	0.454315	0	0.454315	0.454315	0.454315	0.454315	0.454315	0.454315	0	0.454315	0.908573	1.36272	0.908573	0.454315	0.454315	0.454315	0.908573	0.454315	0.454315	0.454315	0.908573	0.908573	0	0	0.454315	0.908573	0.454315	0.454315	0.454315	0.454315	0.454315	0.454315	0.454315	0	0.454315	0.454315	0.454315	0.454315	0	0.454315	0.454315	0	0.454315	0.454315	0	0.454315	0.454315	0.454315	0.454315	0	0.454315	0.908573	0.454315	0	0.454315	0.454315	0.454315	0.908573	0.454315	0	0	0.908573	0.908573	0.454315	0.454315	0	0.454315	0.454315	0.454315	0.454315	0	0.454315	0.454315	0	0.454315	0.908573	0.454315	0	0	0.454315	0.454315	0	0.454315	0.908573	0.454315	0	0.454315	0.908573	0.454315	0.454315	0.454315	0.454315	0.908573	0.908573	0.454315	0.454315	0.908573	0.454315	0.454315	0.454315	0.454315	0.908573	0.454315	0.454315	0.908573	0.908573	0.454315	0.454315	0.454315	0	0.454315	0.454315	0.454315	0.454315	0.908573	0.908573	0	0	0.454315	0.908573	0.454315	0	0	0.454315	0.454315	0	0	0	0.454315	0.454315	0	0	0	0	0	0	0	0	0	0	0	0	0	0	0	0	0	0	0	0	0	0	0	0	0	0	0	0	0	0.454315	0.454315	0	0	0	0.454315	0.454315	0	0	0.454315	0.908573	0.454315	0.454315	0.454315	0.454315	0.908573	0.454315	0.454315	0.908573	1.36272	0.908573	0.908573	0.908573	0.908573	1.36272	0.454315	0.908573	1.81669	1.36272	0.454315	0.908573	0.908573	0.454315	1.36272	0.908573	0.454315	0.908573	0.454315	0.454315	0.908573	0.454315	0	0.454315	0.454315	0.454315	0.908573	0.454315	0.454315	0.454315	0	0.454315	1.36272	0.908573	0.454315	0.908573	0.454315	0.908573	0.908573	0.454315	0.908573	1.36272	0.908573	0.454315	1.36272	0.908573	0.908573	0.908573	0.454315	1.36272	0.908573	0.454315	1.36272	1.36272	0.454315	0.908573	0.908573	0.454315	0.908573	0.454315	0.908573	0.908573	1.36272	1.36272	0.908573	0.908573	0.908573	1.81669	0.908573	0.908573
0	0.454272	0.454272	0.454272	0.454272	0.454272	0.908487	0.908487	0.454272	0	0.454272	0.454272	0.454272	0.454272	0.454272	0.454272	0	0.454272	0.908487	1.36259	0.908487	0.454272	0.454272	0.454272	0.908487	0.454272	0.454272	0.454272	0.908487	0.908487	0	0	0.454272	0.908487	0.454272	0.454272	0.454272	0.454272	0.454272	0.454272	0.454272	0	0.454272	0.454272	0.454272	0.454272	0	0.454272	0.454272	0	0.454272	0.454272	0	0.454272	0.454272	0.454272	0.454272	0	0.454272	0.908487	0.454272	0	0.454272	0.454272	0.454272	0.908487	0.454272	0	0	0.908487	0.908487	0.454272	0.454272	0	0.454272	0.454272	0.454272	0.454272	0	0.454272	0.454272	0	0.454272	0.908487	0.454272	0	0	0.454272	0.454272	0	0.454272	0.908487	0.454272	0	0.454272	0.908487	0.454272	0.454272	0.454272	0.454272	0.908487	0.908487	0.454272	0.454272	0.908487	0.454272	0.454272	0.454272	0.454272	0.908487	0.454272	0.454272	0.908487	0.908487	0.454272	0.454272	0.454272	0	0.454272	0.454272	0.454272	0.454272	0.908487	0.908487	0	0	0.454272	0.908487	0.454272	0	0	0.454272	0.454272	0	0	0	0.454272	0.454272	0	0	0	0	0	0	0	0	0	0	0	0	0	0	0	0	0	0	0	0	0	0	0	0	0	0	0	0	0	0.454272	0.454272	0	0	0	0.454272	0.454272	0	0	0.454272	0.908487	0.454272	0.454272	0.454272	0.454272	0.908487	0.454272	0.454272	0.908487	1.36259	0.908487	0.908487	0.908487	0.908487	1.36259	0.454272	0.908487	1.81652	1.36259	0.454272	0.908487	0.908487	0.454272	1.36259	0.908487	0.454272	0.908487	0.454272	0.454272	0.908487	0.454272	0	0.454272	0.454272	0.454272	0.908487	0.454272	0.454272	0.454272	0	0.454272	1.36259	0.908487	0.454272	0.908487	0.454272	0.908487	0.908487	0.454272	0.908487	1.36259	0.908487	0.454272	1.36259	0.908487	0.908487	0.908487	0.454272	1.36259	0.908487	0.454272	1.36259	1.36259	0.454272	0.908487	0.908487	0.454272	0.908487	0.454272	0.908487	0.908487	1.36259	1.36259	0.908487	0.908487	0.908487	1.81652	0.908487	0.908487
0.359128	0.507848	0.4818	0.642388	0.642388	0.642388	1.01562	1.01562	0.642388	0.359128	0.579024	0.454229	0.454229	0.454229	0.454229	0.454229	0	0.454229	0.9084	1.36246	0.9084	0.454229	0.454229	0.454229	0.9084	0.454229	0.454229	0.454229	0.9084	0.9084	0.160603	0.359128	0.642388	1.01562	0.642388	0.642388	0.642388	0.4818	0.507848	0.507848	0.359105	0.160603	0.662145	0.642388	0.4818	0.359105	0.160603	0.662145	0.642388	0.454265	0.642388	0.642388	0.454265	0.642388	0.642388	0.642388	0.802966	0.802997	1.01567	1.12408	0.818879	0.802997	0.864836	0.662169	0.642388	1.01562	0.642388	0.454265	0.454265	0.864789	0.802936	0.454229	0.454229	0.160603	0.507848	0.359105	0.454229	0.454229	0	0.359105	0.507848	0.160603	0.359105	0.864789	0.642388	0.454265	0.454265	0.642388	0.662145	0.160603	0.359105	0.864789	0.662145	0.160603	0.454229	0.802936	0.4818	0.642388	0.642388	0.642388	1.01562	1.01562	0.642388	0.642388	1.01562	0.642388	0.662145	0.579024	0.454229	0.9084	0.454229	0.454229	0.9084	0.9084	0.454229	0.454229	0.454229	0.160603	0.662145	0.642388	0.642388	0.642388	0.864789	0.802936	0.160603	0.359128	0.642388	0.864789	0.359105	0.160603	0.359128	0.4818	0.507848	0.359128	0.454265	0.454265	0.4818	0.359105	0	0	0	0	0	0	0	0	0	0	0	0	0	0	0	0	0	0	0.160603	0.359128	0.454265	0.454265	0.454265	0.359128	0.160603	0	0	0	0	0.359105	0.507848	0.160603	0	0	0.454229	0.454229	0	0	0.454229	0.9084	0.454229	0.359105	0.4818	0.642388	1.01562	0.642388	0.662145	1.02822	1.36246	0.9084	0.802936	0.864789	0.976808	1.52323	0.802966	1.01562	1.79496	1.52323	0.802966	0.976808	1.12408	1.01567	1.63737	1.28462	1.01567	1.28462	1.01567	1.01567	1.28462	1.01567	0.802997	0.818879	0.864836	1.01567	1.28462	1.01567	1.01567	1.01567	0.802997	0.802966	1.43614	1.01562	0.662145	1.02822	0.454229	0.9084	0.9084	0.454229	1.02822	1.38125	0.802936	0.579024	1.51473	1.01562	0.864789	0.802936	0.579024	1.38125	0.802936	0.579024	1.38125	1.38125	0.662145	0.864789	0.802936	0.454229	0.9084	0.454229	0.9084	0.9084	1.36246	1.36246	0.9084	0.9084	0.9084	1.81634	0.9084	0.9084
0.481754	0.5078	0.359094	0.642327	0.642327	0.642327	1.01552	1.01552	0.642327	0.481754	0.802859	0.454185	0.454185	0.454185	0.454185	0.454185	0	0.454185	0.908314	1.36233	0.908314	0.454185	0.454185	0.454185	0.908314	0.454185	0.454185	0.454185	0.908314	0.908314	0.359071	0.481754	0.642327	1.01552	0.642327	0.642327	0.642327	0.359094	0.5078	0.5078	0.160588	0.359071	0.864706	0.642327	0.359094	0.160588	0.359071	0.864706	0.642327	0.454221	0.642327	0.642327	0.454221	0.642327	0.642327	0.642327	0.976715	0.864754	1.01557	0.97674	0.818801	0.864754	0.802921	0.579012	0.642327	1.01552	0.642327	0.454221	0.454221	0.662082	0.578969	0.454185	0.454185	0.359071	0.5078	0.160588	0.454185	0.454185	0	0.160588	0.5078	0.359071	0.160588	0.662082	0.642327	0.454221	0.454221	0.642327	0.864706	0.359071	0.160588	0.662082	0.864706	0.359071	0.454185	0.578969	0.359094	0.642327	0.642327	0.642327	1.01552	1.01552	0.642327	0.642327	1.01552	0.642327	0.864706	0.802859	0.454185	0.908314	0.454185	0.454185	0.908314	0.908314	0.454185	0.454185	0.454185	0.359071	0.864706	0.642327	0.642327	0.642327	0.662082	0.578969	0.359071	0.481754	0.642327	0.662082	0.160588	0.359071	0.481754	0.359094	0.5078	0.481754	0.454221	0.454221	0.359094	0.160588	0	0	0	0	0	0	0	0	0	0	0	0	0	0	0	0	0	0	0.359071	0.481754	0.454221	0.454221	0.454221	0.481754	0.359071	0	0	0	0	0.160588	0.5078	0.359071	0	0	0.454185	0.454185	0	0	0.454185	0.908314	0.454185	0.160588	0.359094	0.642327	1.01552	0.642327	0.864706	1.25399	1.36233	0.908314	0.578969	0.662082	0.80289	1.52308	0.976715	1.01552	1.58117	1.52308	0.976715	0.80289	0.97674	1.01557	1.63722	1.28449	1.01557	1.28449	1.01557	1.01557	1.28449	1.01557	0.864754	0.818801	0.802921	1.01557	1.28449	1.01557	1.01557	1.01557	0.864754	0.976715	1.436	1.01552	0.864706	1.25399	0.454185	0.908314	0.908314	0.454185	1.25399	1.38112	0.578969	0.802859	1.73644	1.01552	0.662082	0.578969	0.802859	1.38112	0.578969	0.802859	1.38112	1.38112	0.864706	0.662082	0.578969	0.454185	0.908314	0.454185	0.908314	0.908314	1.36233	1.36233	0.908314	0.908314	0.908314	1.81617	0.908314	0.908314
0.454142	0.454142	0	0.454142	0.454142	0.454142	0.908227	0.908227	0.454142	0.454142	0.908227	0.454142	0.454142	0.454142	0.454142	0.454142	0	0.454142	0.908227	1.3622	0.908227	0.454142	0.454142	0.454142	0.908227	0.454142	0.454142	0.454142	0.908227	0.908227	0.454142	0.454142	0.454142	0.908227	0.454142	0.454142	0.454142	0	0.454142	0.454142	0	0.454142	0.908227	0.454142	0	0	0.454142	0.908227	0.454142	0	0.454142	0.454142	0	0.454142	0.454142	0.454142	0.908227	0.454142	0.454142	0.454142	0.454142	0.454142	0	0	0.454142	0.908227	0.454142	0	0	0.454142	0.454142	0.454142	0.454142	0.454142	0.454142	0	0.454142	0.454142	0	0	0.454142	0.454142	0	0.454142	0.454142	0	0	0.454142	0.908227	0.454142	0	0.454142	0.908227	0.454142	0.454142	0.454142	0	0.454142	0.454142	0.454142	0.908227	0.908227	0.454142	0.454142	0.908227	0.454142	0.908227	0.908227	0.454142	0.908227	0.454142	0.454142	0.908227	0.908227	0.454142	0.454142	0.454142	0.454142	0.908227	0.454142	0.454142	0.454142	0.454142	0.454142	0.454142	0.454142	0.454142	0.454142	0	0.454142	0.454142	0	0.454142	0.454142	0	0	0	0	0	0	0	0	0	0	0	0	0	0	0	0	0	0	0	0	0	0	0.454142	0.454142	0	0	0	0.454142	0.454142	0	0	0	0	0	0.454142	0.454142	0	0	0.454142	0.454142	0	0	0.454142	0.908227	0.454142	0	0	0.454142	0.908227	0.454142	0.908227	1.3622	1.3622	0.908227	0.454142	0.454142	0.454142	1.3622	0.908227	0.908227	1.3622	1.3622	0.908227	0.454142	0.454142	0.454142	1.3622	0.908227	0.454142	0.908227	0.454142	0.454142	0.908227	0.454142	0.454142	0.454142	0	0.454142	0.908227	0.454142	0.454142	0.454142	0.454142	0.908227	1.3622	0.908227	0.908227	1.3622	0.454142	0.908227	0.908227	0.454142	1.3622	1.3622	0.454142	0.908227	1.816	0.908227	0.454142	0.454142	0.908227	1.3622	0.454142	0.908227	1.3622	1.3622	0.908227	0.454142	0.454142	0.454142	0.908227	0.454142	0.908227	0.908227	1.3622	1.3622	0.908227	0.908227	0.908227	1.816	0.908227	0.908227
0.454099	0.454099	0	0.454099	0.454099	0.454099	0.908141	0.908141	0.454099	0.454099	0.908141	0.454099	0.454099	0.454099	0.454099	0.454099	0	0.454099	0.908141	1.36207	0.908141	0.454099	0.454099	0.454099	0.908141	0.454099	0.454099	0.454099	0.908141	0.908141	0.454099	0.454099	0.454099	0.908141	0.454099	0.454099	0.454099	0	0.454099	0.454099	0	0.454099	0.908141	0.454099	0	0	0.454099	0.908141	0.454099	0	0.454099	0.454099	0	0.454099	0.454099	0.454099	0.908141	0.454099	0.454099	0.454099	0.454099	0.454099	0	0	0.454099	0.908141	0.454099	0	0	0.454099	0.454099	0.454099	0.454099	0.454099	0.454099	0	0.454099	0.454099	0	0	0.454099	0.454099	0	0.454099	0.454099	0	0	0.454099	0.908141	0.454099	0	0.454099	0.908141	0.454099	0.454099	0.454099	0	0.454099	0.454099	0.454099	0.908141	0.908141	0.454099	0.454099	0.908141	0.454099	0.908141	0.908141	0.454099	0.908141	0.454099	0.454099	0.908141	0.908141	0.454099	0.454099	0.454099	0.454099	0.908141	0.454099	0.454099	0.454099	0.454099	0.454099	0.454099	0.454099	0.454099	0.454099	0	0.454099	0.454099	0	0.454099	0.454099	0	0	0	0	0	0	0	0	0	0	0	0	0	0	0	0	0	0	0	0	0	0	0.454099	0.454099	0	0	0	0.454099	0.454099	0	0	0	0	0	0.454099	0.454099	0	0	0.454099	0.454099	0	0	0.454099	0.908141	0.454099	0	0	0.454099	0.908141	0.454099	0.908141	1.36207	1.36207	0.908141	0.454099	0.454099	0.454099	1.36207	0.908141	0.908141	1.36207	1.36207	0.908141	0.454099	0.454099	0.454099	1.36207	0.908141	0.454099	0.908141	0.454099	0.454099	0.908141	0.454099	0.454099	0.454099	0	0.454099	0.908141	0.454099	0.454099	0.454099	0.454099	0.908141	1.36207	0.908141	0.908141	1.36207	0.454099	0.908141	0.908141	0.454099	1.36207	1.36207	0.454099	0.908141	1.81583	0.908141	0.454099	0.454099	0.908141	1.36207	0.454099	0.908141	1.36207	1.36207	0.908141	0.454099	0.454099	0.454099	0.908141	0.454099	0.908141	0.908141	1.36207	1.36207	0.908141	0.908141	0.908141	1.81583	0.908141	0.908141
0.454056	0.454056	0	0.454056	0.454056	0.454056	0.908055	0.908055	0.454056	0.454056	0.908055	0.454056	0.454056	0.454056	0.454056	0.454056	0	0.454056	0.908055	1.36194	0.908055	0.454056	0.454056	0.454056	0.908055	0.454056	0.454056	0.454056	0.908055	0.908055	0.454056	0.454056	0.454056	0.908055	0.454056	0.454056	0.454056	0	0.454056	0.454056	0	0.454056	0.908055	0.454056	0	0	0.454056	0.908055	0.454056	0	0.454056	0.454056	0	0.454056	0.454056	0.454056	0.908055	0.454056	0.454056	0.454056	0.454056	0.454056	0	0	0.454056	0.908055	0.454056	0	0	0.454056	0.454056	0.454056	0.454056	0.454056	0.454056	0	0.454056	0.454056	0	0	0.454056	0.454056	0	0.454056	0.454056	0	0	0.454056	0.908055	0.454056	0	0.454056	0.908055	0.454056	0.454056	0.454056	0	0.454056	0.454056	0.454056	0.908055	0.908055	0.454056	0.454056	0.908055	0.454056	0.908055	0.908055	0.454056	0.908055	0.454056	0.454056	0.908055	0.908055	0.454056	0.454056	0.454056	0.454056	0.908055	0.454056	0.454056	0.454056	0.454056	0.454056	0.454056	0.454056	0.454056	0.454056	0	0.454056	0.454056	0	0.454056	0.454056	0	0	0	0	0	0	0	0	0	0	0	0	0	0	0	0	0	0	0	0	0	0	0.454056	0.454056	0	0	0	0.454056	0.454056	0	0	0	0	0	0.454056	0.454056	0	0	0.454056	0.454056	0	0	0.454056	0.908055	0.454056	0	0	0.454056	0.908055	0.454056	0.908055	1.36194	1.36194	0.908055	0.454056	0.454056	0.454056	1.36194	0.908055	0.908055	1.36194	1.36194	0.908055	0.454056	0.454056	0.454056	1.36194	0.908055	0.454056	0.908055	0.454056	0.454056	0.908055	0.454056	0.454056	0.454056	0	0.454056	0.908055	0.454056	0.454056	0.454056	0.454056	0.908055	1.36194	0.908055	0.908055	1.36194	0.454056	0.908055	0.908055	0.454056	1.36194	1.36194	0.454056	0.908055	1.81565	0.908055	0.454056	0.454056	0.908055	1.36194	0.454056	0.908055	1.36194	1.36194	0.908055	0.454056	0.454056	0.454056	0.908055	0.454056	0.908055	0.908055	1.36194	1.36194	0.908055	0.908055	0.908055	1.81565	0.908055	0.908055
0.454013	0.454013	0	0.454013	0.454013	0.454013	0.907968	0.907968	0.454013	0.454013	0.907968	0.454013	0.454013	0.454013	0.454013	0.454013	0	0.454013	0.907968	1.36181	0.907968	0.454013	0.454013	0.454013	0.907968	0.454013	0.454013	0.454013	0.907968	0.907968	0.454013	0.454013	0.454013	0.907968	0.454013	0.454013	0.454013	0	0.454013	0.454013	0	0.454013	0.907968	0.454013	0	0	0.454013	0.907968	0.454013	0	0.454013	0.454013	0	0.454013	0.454013	0.454013	0.907968	0.454013	0.454013	0.454013	0.454013	0.454013	0	0	0.454013	0.907968	0.454013	0	0	0.454013	0.454013	0.454013	0.454013	0.454013	0.454013	0	0.454013	0.454013	0	0	0.454013	0.454013	0	0.454013	0.454013	0	0	0.454013	0.907968	0.454013	0	0.454013	0.907968	0.454013	0.454013	0.454013	0	0.454013	0.454013	0.454013	0.907968	0.907968	0.454013	0.454013	0.907968	0.454013	0.907968	0.907968	0.454013	0.907968	0.454013	0.454013	0.907968	0.907968	0.454013	0.454013	0.454013	0.454013	0.907968	0.454013	0.454013	0.454013	0.454013	0.454013	0.454013	0.454013	0.454013	0.454013	0	0.454013	0.454013	0	0.454013	0.454013	0	0	0	0	0	0	0	0	0	0	0	0	0	0	0	0	0	0	0	0	0	0	0.454013	0.454013	0	0	0	0.454013	0.454013	0	0	0	0	0	0.454013	0.454013	0	0	0.454013	0.454013	0	0	0.454013	0.907968	0.454013	0	0	0.454013	0.907968	0.454013	0.907968	1.36181	1.36181	0.907968	0.454013	0.454013	0.454013	1.36181	0.907968	0.907968	1.36181	1.36181	0.907968	0.454013	0.454013	0.454013	1.36181	0.907968	0.454013	0.907968	0.454013	0.454013	0.907968	0.454013	0.454013	0.454013	0	0.454013	0.907968	0.454013	0.454013	0.454013	0.454013	0.907968	1.36181	0.907968	0.907968	1.36181	0.454013	0.907968	0.907968	0.454013	1.36181	1.36181	0.454013	0.907968	1.81548	0.907968	0.454013	0.454013	0.907968	1.36181	0.454013	0.907968	1.36181	1.36181	0.907968	0.454013	0.454013	0.454013	0.907968	0.454013	0.907968	0.907968	1.36181	1.36181	0.907968	0.907968	0.907968	1.81548	0.907968	0.907968
0.642022	0.661767	0.160512	0.453969	0.453969	0.3589	0.864295	1.01504	0.642022	0.642022	1.01504	0.642022	0.642022	0.642022	0.642022	0.661767	0.160512	0.453969	0.907882	1.25339	0.864295	0.642022	0.642022	0.661767	1.02763	0.453969	0.453969	0.453969	0.907882	0.907882	0.453969	0.453969	0.453969	0.907882	0.453969	0.453969	0.453969	0.160512	0.661767	0.642022	0.454005	0.642022	0.864295	0.3589	0.160512	0.358923	0.642022	1.01504	0.642022	0.578736	0.818411	0.818411	0.802539	0.864343	0.661792	0.642022	1.01504	0.642022	0.481525	0.507559	0.661767	0.642022	0.454005	0.454005	0.642022	0.864295	0.3589	0.160512	0.358923	0.642022	0.642022	0.642022	0.642022	0.481525	0.507559	0.358923	0.481525	0.3589	0	0	0.453969	0.453969	0	0.453969	0.453969	0	0	0.3589	0.864295	0.642022	0.358923	0.507559	0.864295	0.642022	0.661792	0.818411	0.578736	0.642022	0.642022	0.642022	1.07659	1.02763	0.453969	0.453969	1.02763	0.661767	0.864295	0.802478	0.578694	1.07659	0.642022	0.642022	1.01504	1.01504	0.642022	0.642022	0.642022	0.642022	1.01504	0.642022	0.642022	0.642022	0.642022	0.642022	0.642022	0.642022	0.481525	0.507559	0.358923	0.481525	0.3589	0.160512	0.507559	0.3589	0	0	0.160512	0.358923	0.454005	0.454005	0.454005	0.454005	0.454005	0.454005	0.358923	0.160512	0	0	0	0	0.160512	0.358923	0.358923	0.160512	0	0	0.3589	0.481525	0.454005	0.454005	0.454005	0.481525	0.3589	0	0.160512	0.358923	0.454005	0.454005	0.481525	0.3589	0.160512	0.358923	0.481525	0.507559	0.358923	0.454005	0.642022	0.864295	0.3589	0.160512	0.358923	0.642022	1.01504	0.642022	0.864295	1.25339	1.25339	0.864295	0.661767	0.578694	0.453969	1.25339	0.864295	1.01504	1.43532	1.37112	1.12344	0.976275	0.802508	0.642022	1.37112	1.12344	1.01509	1.28388	1.01509	1.01509	1.28388	1.01509	1.01509	1.01509	0.907954	1.01509	1.28388	1.01509	0.976275	0.802508	0.642022	1.07659	1.38046	0.864295	1.01504	1.43532	0.642022	1.01504	1.01504	0.661767	1.47946	1.36168	0.453969	0.907882	1.7057	0.864295	0.661767	0.578694	0.907882	1.36168	0.453969	0.802478	1.29383	1.43532	1.01504	0.642022	0.642022	0.642022	1.01504	0.642022	1.01504	1.01504	1.43532	1.43532	1.01504	1.01504	1.01504	1.87115	1.01504	1.07659
0.641961	0.864213	0.358866	0.453926	0.453926	0.160496	0.661704	1.01494	0.641961	0.641961	1.01494	0.641961	0.641961	0.641961	0.641961	0.864213	0.358866	0.453926	0.907796	1.02753	0.661704	0.641961	0.641961	0.864213	1.25327	0.453926	0.453926	0.453926	0.907796	0.907796	0.453926	0.453926	0.453926	0.907796	0.453926	0.453926	0.453926	0.358866	0.864213	0.641961	0.453962	0.641961	0.661704	0.160496	0.358866	0.481479	0.641961	1.01494	0.641961	0.661729	0.818334	0.818334	0.86426	0.802463	0.578681	0.641961	1.01494	0.641961	0.358889	0.50751	0.864213	0.641961	0.453962	0.453962	0.641961	0.661704	0.160496	0.358866	0.481479	0.641961	0.641961	0.641961	0.641961	0.358889	0.50751	0.481479	0.358889	0.160496	0	0	0.453926	0.453926	0	0.453926	0.453926	0	0	0.160496	0.661704	0.641961	0.481479	0.50751	0.661704	0.641961	0.578681	0.818334	0.661729	0.641961	0.641961	0.641961	1.2937	1.25327	0.453926	0.453926	1.25327	0.864213	0.661704	0.578639	0.802402	1.2937	0.641961	0.641961	1.01494	1.01494	0.641961	0.641961	0.641961	0.641961	1.01494	0.641961	0.641961	0.641961	0.641961	0.641961	0.641961	0.641961	0.358889	0.50751	0.481479	0.358889	0.160496	0.358866	0.50751	0.160496	0	0	0.358866	0.481479	0.453962	0.453962	0.453962	0.453962	0.453962	0.453962	0.481479	0.358866	0	0	0	0	0.358866	0.481479	0.481479	0.358866	0	0	0.160496	0.358889	0.453962	0.453962	0.453962	0.358889	0.160496	0	0.358866	0.481479	0.453962	0.453962	0.358889	0.160496	0.358866	0.481479	0.358889	0.50751	0.481479	0.453962	0.641961	0.661704	0.160496	0.358866	0.481479	0.641961	1.01494	0.641961	0.661704	1.02753	1.02753	0.661704	0.864213	0.802402	0.453926	1.02753	0.661704	1.01494	1.43518	1.16825	0.976183	1.12333	0.976158	0.641961	1.16825	0.976183	1.01499	1.28376	1.01499	1.01499	1.28376	1.01499	1.01499	1.01499	0.907868	1.01499	1.28376	1.01499	1.12333	0.976158	0.641961	1.2937	1.38033	0.661704	1.01494	1.43518	0.641961	1.01494	1.01494	0.864213	1.70553	1.36155	0.453926	0.907796	1.47932	0.661704	0.864213	0.802402	0.907796	1.36155	0.453926	0.578639	1.07649	1.43518	1.01494	0.641961	0.641961	0.641961	1.01494	0.641961	1.01494	1.01494	1.43518	1.43518	1.01494	1.01494	1.01494	1.87097	1.01494	1.2937
0.453883	0.907709	0.453883	0.453883	0.453883	0	0.453883	0.907709	0.453883	0.453883	0.907709	0.453883	0.453883	0.453883	0.453883	0.907709	0.453883	0.453883	0.907709	0.907709	0.453883	0.453883	0.453883	0.907709	1.36142	0.453883	0.453883	0.453883	0.907709	0.907709	0.453883	0.453883	0.453883	0.907709	0.453883	0.453883	0.453883	0.453883	0.907709	0.453883	0	0.453883	0.453883	0	0.453883	0.453883	0.453883	0.907709	0.453883	0.453883	0.453883	0.453883	0.453883	0	0	0.453883	0.907709	0.453883	0	0.453883	0.907709	0.453883	0	0	0.453883	0.453883	0	0.453883	0.453883	0.453883	0.453883	0.453883	0.453883	0	0.453883	0.453883	0	0	0	0	0.453883	0.453883	0	0.453883	0.453883	0	0	0	0.453883	0.453883	0.453883	0.453883	0.453883	0.453883	0	0.453883	0.453883	0.453883	0.453883	0.453883	1.36142	1.36142	0.453883	0.453883	1.36142	0.907709	0.453883	0.453883	0.907709	1.36142	0.453883	0.453883	0.907709	0.907709	0.453883	0.453883	0.453883	0.453883	0.907709	0.453883	0.453883	0.453883	0.453883	0.453883	0.453883	0.453883	0	0.453883	0.453883	0	0	0.453883	0.453883	0	0	0	0.453883	0.453883	0	0	0	0	0	0	0.453883	0.453883	0	0	0	0	0.453883	0.453883	0.453883	0.453883	0	0	0	0	0	0	0	0	0	0	0.453883	0.453883	0	0	0	0	0.453883	0.453883	0	0.453883	0.453883	0	0.453883	0.453883	0	0.453883	0.453883	0.453883	0.907709	0.453883	0.453883	0.907709	0.907709	0.453883	0.907709	0.907709	0.453883	0.907709	0.453883	0.907709	1.36142	0.907709	0.453883	0.907709	0.907709	0.453883	0.907709	0.453883	0.453883	0.907709	0.453883	0.453883	0.907709	0.453883	0.453883	0.453883	0	0.453883	0.907709	0.453883	0.907709	0.907709	0.453883	1.36142	1.36142	0.453883	0.907709	1.36142	0.453883	0.907709	0.907709	0.907709	1.81496	1.36142	0.453883	0.907709	1.36142	0.453883	0.907709	0.907709	0.907709	1.36142	0.453883	0.453883	0.907709	1.36142	0.907709	0.453883	0.453883	0.453883	0.907709	0.453883	0.907709	0.907709	1.36142	1.36142	0.907709	0.907709	0.907709	1.81496	0.907709	1.36142
0.45384	0.907623	0.45384	0.45384	0.45384	0	0.45384	0.907623	0.45384	0.45384	0.907623	0.45384	0.45384	0.45384	0.45384	0.907623	0.45384	0.45384	0.907623	0.907623	0.45384	0.45384	0.45384	0.907623	1.36129	0.45384	0.45384	0.45384	0.907623	0.907623	0.45384	0.45384	0.45384	0.907623	0.45384	0.45384	0.45384	0.45384	0.907623	0.45384	0	0.45384	0.45384	0	0.45384	0.45384	0.45384	0.907623	0.45384	0.45384	0.45384	0.45384	0.45384	0	0	0.45384	0.907623	0.45384	0	0.45384	0.907623	0.45384	0	0	0.45384	0.45384	0	0.45384	0.45384	0.45384	0.45384	0.45384	0.45384	0	0.45384	0.45384	0	0	0	0	0.45384	0.45384	0	0.45384	0.45384	0	0	0	0.45384	0.45384	0.45384	0.45384	0.45384	0.45384	0	0.45384	0.45384	0.45384	0.45384	0.45384	1.36129	1.36129	0.45384	0.45384	1.36129	0.907623	0.45384	0.45384	0.907623	1.36129	0.45384	0.45384	0.907623	0.907623	0.45384	0.45384	0.45384	0.45384	0.907623	0.45384	0.45384	0.45384	0.45384	0.45384	0.45384	0.45384	0	0.45384	0.45384	0	0	0.45384	0.45384	0	0	0	0.45384	0.45384	0	0	0	0	0	0	0.45384	0.45384	0	0	0	0	0.45384	0.45384	0.45384	0.45384	0	0	0	0	0	0	0	0	0	0	0.45384	0.45384	0	0	0	0	0.45384	0.45384	0	0.45384	0.45384	0	0.45384	0.45384	0	0.45384	0.45384	0.45384	0.907623	0.45384	0.45384	0.907623	0.907623	0.45384	0.907623	0.907623	0.45384	0.907623	0.45384	0.907623	1.36129	0.907623	0.45384	0.907623	0.907623	0.45384	0.907623	0.45384	0.45384	0.907623	0.45384	0.45384	0.907623	0.45384	0.45384	0.45384	0	0.45384	0.907623	0.45384	0.907623	0.907623	0.45384	1.36129	1.36129	0.45384	0.907623	1.36129	0.45384	0.907623	0.907623	0.907623	1.81479	1.36129	0.45384	0.907623	1.36129	0.45384	0.907623	0.907623	0.907623	1.36129	0.45384	0.45384	0.907623	1.36129	0.907623	0.45384	0.45384	0.45384	0.907623	0.45384	0.907623	0.907623	1.36129	1.36129	0.907623	0.907623	0.907623	1.81479	0.907623	1.36129
0.358764	0.863967	0.641778	0.641778	0.641778	0.358786	0.578474	0.802173	0.481342	0.641778	1.01465	0.641778	0.641778	0.641778	0.641778	1.01465	0.641778	0.641778	1.01465	1.07618	0.578474	0.453797	0.453797	0.802173	1.29333	0.641778	0.641778	0.641778	1.07618	1.02724	0.453797	0.453797	0.453797	0.907537	0.453797	0.453797	0.453797	0.453797	0.907537	0.578474	0.358786	0.481342	0.507366	0.358786	0.641778	0.641778	0.641778	1.01465	0.641778	0.481342	0.507366	0.661515	0.641778	0.453833	0.453833	0.641778	0.863967	0.358764	0.160451	0.661515	0.863967	0.358764	0.160451	0.358786	0.481342	0.507366	0.358786	0.641778	0.641778	0.641778	0.641778	0.481342	0.358764	0.160451	0.507366	0.358764	0	0	0	0	0.453797	0.453797	0	0.358764	0.481342	0.453833	0.453833	0.358786	0.507366	0.481342	0.641778	0.661515	0.507366	0.481342	0.358786	0.578474	0.453797	0.453797	0.453797	0.453797	1.25291	1.29333	0.641778	0.661515	1.37993	0.863967	0.661515	0.578474	0.802173	1.29333	0.641778	0.661515	1.02724	0.907537	0.453797	0.578474	0.661515	0.641778	0.863967	0.358764	0.453797	0.453797	0.578474	0.661515	0.481342	0.358764	0.160451	0.507366	0.358764	0	0	0.453797	0.453797	0	0	0	0.453797	0.453797	0	0	0	0	0	0	0.358764	0.481342	0.453833	0.453833	0.453833	0.453833	0.481342	0.358764	0.358764	0.481342	0.453833	0.453833	0.453833	0.453833	0.453833	0.453833	0.453833	0.578516	0.802234	0.907609	0.864014	0.66154	0.453833	0.453833	0.578516	0.802234	0.864014	0.66154	0.453833	0.641778	0.641778	0.453833	0.641778	0.641778	0.453833	0.641778	0.641778	0.641778	1.01465	0.641778	0.481342	0.935467	1.07618	0.641778	0.863967	0.802173	0.453797	0.907537	0.453797	0.907537	1.36116	0.907537	0.453797	0.802173	0.863967	0.641778	0.975879	0.864014	0.975904	1.16792	0.641778	0.641778	0.975879	0.864014	1.0147	0.975904	0.578516	0.661515	1.02724	0.453797	0.802173	0.863967	0.641778	1.43477	1.43477	0.641778	1.01465	1.51329	0.578474	0.802173	0.863967	1.01465	1.87044	1.43477	0.641778	1.01465	1.43477	0.641778	1.01465	1.01465	0.975879	1.47893	1.0147	0.975904	1.16792	1.3706	1.12301	1.0147	1.0147	1.0147	1.29337	0.802203	0.975879	1.12301	1.63582	1.63582	1.28339	1.28339	1.28339	2.02867	1.28339	1.63582
0.160435	0.661452	0.641717	0.641717	0.641717	0.481296	0.802097	0.578419	0.358752	0.641717	1.01456	0.641717	0.641717	0.641717	0.641717	1.01456	0.641717	0.641717	1.01456	1.29321	0.802097	0.453754	0.453754	0.578419	1.07608	0.641717	0.641717	0.641717	1.29321	1.2528	0.453754	0.453754	0.453754	0.907451	0.453754	0.453754	0.453754	0.453754	0.907451	0.802097	0.481296	0.358752	0.507318	0.481296	0.641717	0.641717	0.641717	1.01456	0.641717	0.358752	0.507318	0.863885	0.641717	0.45379	0.45379	0.641717	0.661452	0.160435	0.35873	0.863885	0.661452	0.160435	0.35873	0.481296	0.358752	0.507318	0.481296	0.641717	0.641717	0.641717	0.641717	0.358752	0.160435	0.35873	0.507318	0.160435	0	0	0	0	0.453754	0.453754	0	0.160435	0.358752	0.45379	0.45379	0.481296	0.507318	0.358752	0.641717	0.863885	0.507318	0.358752	0.481296	0.802097	0.453754	0.453754	0.453754	0.453754	1.02714	1.07608	0.641717	0.863885	1.3798	0.661452	0.863885	0.802097	0.578419	1.07608	0.641717	0.863885	1.2528	0.907451	0.453754	0.802097	0.863885	0.641717	0.661452	0.160435	0.453754	0.453754	0.802097	0.863885	0.358752	0.160435	0.35873	0.507318	0.160435	0	0	0.453754	0.453754	0	0	0	0.453754	0.453754	0	0	0	0	0	0	0.160435	0.358752	0.45379	0.45379	0.45379	0.45379	0.358752	0.160435	0.160435	0.358752	0.45379	0.45379	0.45379	0.45379	0.45379	0.45379	0.45379	0.661477	0.863932	0.907523	0.802158	0.578461	0.45379	0.45379	0.661477	0.863932	0.802158	0.578461	0.45379	0.641717	0.641717	0.45379	0.641717	0.641717	0.45379	0.641717	0.641717	0.641717	1.01456	0.641717	0.358752	0.935378	1.29321	0.641717	0.661452	0.578419	0.453754	0.907451	0.453754	0.907451	1.36103	0.907451	0.453754	0.578419	0.661452	0.641717	0.802127	0.802158	1.12291	1.37047	0.641717	0.641717	0.802127	0.802158	1.0146	1.12291	0.661477	0.863885	1.2528	0.453754	0.578419	0.661452	0.641717	1.43464	1.43464	0.641717	1.01456	1.73479	0.802097	0.578419	0.661452	1.01456	1.87026	1.43464	0.641717	1.01456	1.43464	0.641717	1.01456	1.01456	0.802127	1.29324	1.0146	1.12291	1.37047	1.1678	0.975812	1.0146	1.0146	1.0146	1.47879	0.975787	0.802127	0.975812	1.63566	1.63566	1.28327	1.28327	1.28327	2.02848	1.28327	1.63566
0	0.453711	0.453711	0.453711	0.453711	0.453711	0.907364	0.453711	0	0.453711	0.907364	0.453711	0.453711	0.453711	0.453711	0.907364	0.453711	0.453711	0.907364	1.3609	0.907364	0.453711	0.453711	0.453711	0.907364	0.453711	0.453711	0.453711	1.3609	1.3609	0.453711	0.453711	0.453711	0.907364	0.453711	0.453711	0.453711	0.453711	0.907364	0.907364	0.453711	0	0.453711	0.453711	0.453711	0.453711	0.453711	0.907364	0.453711	0	0.453711	0.907364	0.453711	0	0	0.453711	0.453711	0	0.453711	0.907364	0.453711	0	0.453711	0.453711	0	0.453711	0.453711	0.453711	0.453711	0.453711	0.453711	0	0	0.453711	0.453711	0	0	0	0	0	0.453711	0.453711	0	0	0	0	0	0.453711	0.453711	0	0.453711	0.907364	0.453711	0	0.453711	0.907364	0.453711	0.453711	0.453711	0.453711	0.907364	0.907364	0.453711	0.907364	1.3609	0.453711	0.907364	0.907364	0.453711	0.907364	0.453711	0.907364	1.3609	0.907364	0.453711	0.907364	0.907364	0.453711	0.453711	0	0.453711	0.453711	0.907364	0.907364	0	0	0.453711	0.453711	0	0	0	0.453711	0.453711	0	0	0	0.453711	0.453711	0	0	0	0	0	0	0	0	0	0	0	0	0	0	0	0	0	0	0	0	0	0	0	0.453711	0.453711	0	0	0	0	0	0.453711	0.453711	0	0	0	0.453711	0.453711	0	0.453711	0.453711	0	0.453711	0.453711	0.453711	0.907364	0.453711	0	0.907364	1.3609	0.453711	0.453711	0.453711	0.453711	0.907364	0.453711	0.907364	1.3609	0.907364	0.453711	0.453711	0.453711	0.453711	0.453711	0	0.907364	1.3609	0.453711	0.453711	0.453711	0	0.453711	0.907364	0.453711	0.907364	1.3609	0.453711	0.453711	0.453711	0.453711	1.3609	1.3609	0.453711	0.907364	1.81427	0.907364	0.453711	0.453711	0.907364	1.81427	1.3609	0.453711	0.907364	1.3609	0.453711	0.907364	0.907364	0.453711	0.907364	0.453711	0.907364	1.3609	0.907364	0.453711	0.453711	0.453711	0.453711	1.3609	0.907364	0.453711	0.453711	1.3609	1.3609	0.907364	0.907364	0.907364	1.81427	0.907364	1.3609
0	0.453668	0.453668	0.453668	0.453668	0.453668	0.907278	0.453668	0	0.453668	0.907278	0.453668	0.453668	0.453668	0.453668	0.907278	0.453668	0.453668	0.907278	1.36078	0.907278	0.453668	0.453668	0.453668	0.907278	0.453668	0.453668	0.453668	1.36078	1.36078	0.453668	0.453668	0.453668	0.907278	0.453668	0.453668	0.453668	0.453668	0.907278	0.907278	0.453668	0	0.453668	0.453668	0.453668	0.453668	0.453668	0.907278	0.453668	0	0.453668	0.907278	0.453668	0	0	0.453668	0.453668	0	0.453668	0.907278	0.453668	0	0.453668	0.453668	0	0.453668	0.453668	0.453668	0.453668	0.453668	0.453668	0	0	0.453668	0.453668	0	0	0	0	0	0.453668	0.453668	0	0	0	0	0	0.453668	0.453668	0	0.453668	0.907278	0.453668	0	0.453668	0.907278	0.453668	0.453668	0.453668	0.453668	0.907278	0.907278	0.453668	0.907278	1.36078	0.453668	0.907278	0.907278	0.453668	0.907278	0.453668	0.907278	1.36078	0.907278	0.453668	0.907278	0.907278	0.453668	0.453668	0	0.453668	0.453668	0.907278	0.907278	0	0	0.453668	0.453668	0	0	0	0.453668	0.453668	0	0	0	0.453668	0.453668	0	0	0	0	0	0	0	0	0	0	0	0	0	0	0	0	0	0	0	0	0	0	0	0.453668	0.453668	0	0	0	0	0	0.453668	0.453668	0	0	0	0.453668	0.453668	0	0.453668	0.453668	0	0.453668	0.453668	0.453668	0.907278	0.453668	0	0.907278	1.36078	0.453668	0.453668	0.453668	0.453668	0.907278	0.453668	0.907278	1.36078	0.907278	0.453668	0.453668	0.453668	0.453668	0.453668	0	0.907278	1.36078	0.453668	0.453668	0.453668	0	0.453668	0.907278	0.453668	0.907278	1.36078	0.453668	0.453668	0.453668	0.453668	1.36078	1.36078	0.453668	0.907278	1.8141	0.907278	0.453668	0.453668	0.907278	1.8141	1.36078	0.453668	0.907278	1.36078	0.453668	0.907278	0.907278	0.453668	0.907278	0.453668	0.907278	1.36078	0.907278	0.453668	0.453668	0.453668	0.453668	1.36078	0.907278	0.453668	0.453668	1.36078	1.36078	0.907278	0.907278	0.907278	1.8141	0.907278	1.36078
0	0.453624	0.453624	0.453624	0.453624	0.453624	0.907192	0.453624	0	0.453624	0.907192	0.453624	0.453624	0.453624	0.453624	0.907192	0.453624	0.453624	0.907192	1.36065	0.907192	0.453624	0.453624	0.453624	0.907192	0.453624	0.453624	0.453624	1.36065	1.36065	0.453624	0.453624	0.453624	0.907192	0.453624	0.453624	0.453624	0.453624	0.907192	0.907192	0.453624	0	0.453624	0.453624	0.453624	0.453624	0.453624	0.907192	0.453624	0	0.453624	0.907192	0.453624	0	0	0.453624	0.453624	0	0.453624	0.907192	0.453624	0	0.453624	0.453624	0	0.453624	0.453624	0.453624	0.453624	0.453624	0.453624	0	0	0.453624	0.453624	0	0	0	0	0	0.453624	0.453624	0	0	0	0	0	0.453624	0.453624	0	0.453624	0.907192	0.453624	0	0.453624	0.907192	0.453624	0.453624	0.453624	0.453624	0.907192	0.907192	0.453624	0.907192	1.36065	0.453624	0.907192	0.907192	0.453624	0.907192	0.453624	0.907192	1.36065	0.907192	0.453624	0.907192	0.907192	0.453624	0.453624	0	0.453624	0.453624	0.907192	0.907192	0	0	0.453624	0.453624	0	0	0	0.453624	0.453624	0	0	0	0.453624	0.453624	0	0	0	0	0	0	0	0	0	0	0	0	0	0	0	0	0	0	0	0	0	0	0	0.453624	0.453624	0	0	0	0	0	0.453624	0.453624	0	0	0	0.453624	0.453624	0	0.453624	0.453624	0	0.453624	0.453624	0.453624	0.907192	0.453624	0	0.907192	1.36065	0.453624	0.453624	0.453624	0.453624	0.907192	0.453624	0.907192	1.36065	0.907192	0.453624	0.453624	0.453624	0.453624	0.453624	0	0.907192	1.36065	0.453624	0.453624	0.453624	0	0.453624	0.907192	0.453624	0.907192	1.36065	0.453624	0.453624	0.453624	0.453624	1.36065	1.36065	0.453624	0.907192	1.81393	0.907192	0.453624	0.453624	0.907192	1.81393	1.36065	0.453624	0.907192	1.36065	0.453624	0.907192	0.907192	0.453624	0.907192	0.453624	0.907192	1.36065	0.907192	0.453624	0.453624	0.453624	0.453624	1.36065	0.907192	0.453624	0.453624	1.36065	1.36065	0.907192	0.907192	0.907192	1.81393	0.907192	1.36065
0	0.453581	0.453581	0.453581	0.453581	0.453581	0.907106	0.453581	0	0.453581	0.907106	0.453581	0.453581	0.453581	0.453581	0.907106	0.453581	0.453581	0.907106	1.36052	0.907106	0.453581	0.453581	0.453581	0.907106	0.453581	0.453581	0.453581	1.36052	1.36052	0.453581	0.453581	0.453581	0.907106	0.453581	0.453581	0.453581	0.453581	0.907106	0.907106	0.453581	0.160375	0.661201	0.641473	0.481113	0.358593	0.453581	0.907106	0.453581	0.160375	0.661201	0.863556	0.358593	0.160375	0.358616	0.481113	0.507125	0.358616	0.641473	0.863556	0.507125	0.358616	0.481113	0.358593	0.160375	0.661201	0.641473	0.481113	0.358593	0.453581	0.453581	0.160375	0.358616	0.481113	0.358593	0	0	0	0	0.160375	0.507125	0.358593	0	0	0	0	0	0.453581	0.453581	0	0.358593	0.863556	0.661201	0.160375	0.453581	0.801792	0.481113	0.641473	0.641473	0.661201	1.02675	0.907106	0.453581	0.907106	1.36052	0.453581	0.907106	0.907106	0.453581	0.907106	0.453581	0.801792	1.29272	1.07567	0.578199	0.801792	0.863556	0.641473	0.661201	0.160375	0.453581	0.453581	0.907106	0.907106	0	0	0.453581	0.453581	0	0	0	0.453581	0.453581	0.160375	0.358616	0.453617	0.481113	0.358593	0	0	0	0.160375	0.358616	0.453617	0.453617	0.453617	0.453617	0.453617	0.453617	0.453617	0.453617	0.453617	0.453617	0.453617	0.453617	0.453617	0.453617	0.453617	0.453617	0.453617	0.453617	0.641473	0.641473	0.453617	0.453617	0.453617	0.453617	0.578242	0.817712	0.661226	0.453617	0.453617	0.578242	0.817712	0.817712	0.801853	0.863604	0.817712	0.801853	1.01422	1.01422	0.863604	0.975416	0.641473	0.578242	1.13386	1.36995	0.641473	0.641473	0.641473	0.641473	1.01417	0.641473	0.863556	1.25232	0.907106	0.453581	0.453581	0.453581	0.358593	0.507125	0.160375	0.801792	1.29272	0.641473	0.641473	0.661201	0.160375	0.453581	0.907106	0.453581	0.801792	1.29272	0.641473	0.641473	0.641473	0.641473	1.43409	1.43409	0.641473	1.01417	1.7924	1.12248	0.975441	0.801822	1.01417	1.7924	1.52106	0.801822	0.975416	1.52106	0.801822	0.975416	1.12248	1.01422	1.28279	1.01422	1.28279	1.63504	1.28279	1.01422	1.01422	1.01422	1.01422	1.61131	1.47828	1.43418	1.43418	1.93043	1.79244	1.28279	1.28279	1.28279	2.02771	1.28279	1.61131
0	0.453538	0.453538	0.453538	0.453538	0.453538	0.90702	0.453538	0	0.453538	0.90702	0.453538	0.453538	0.453538	0.453538	0.90702	0.453538	0.453538	0.90702	1.36039	0.90702	0.453538	0.453538	0.453538	0.90702	0.453538	0.453538	0.453538	1.36039	1.36039	0.453538	0.453538	0.453538	0.90702	0.453538	0.453538	0.453538	0.453538	0.90702	0.90702	0.453538	0.358559	0.863474	0.641412	0.358582	0.160359	0.453538	0.90702	0.453538	0.358559	0.863474	0.661138	0.160359	0.358559	0.481068	0.358582	0.507077	0.481068	0.641412	0.661138	0.507077	0.481068	0.358582	0.160359	0.358559	0.863474	0.641412	0.358582	0.160359	0.453538	0.453538	0.358559	0.481068	0.358582	0.160359	0	0	0	0	0.358559	0.507077	0.160359	0	0	0	0	0	0.453538	0.453538	0	0.160359	0.661138	0.863474	0.358559	0.453538	0.578144	0.358582	0.641412	0.641412	0.863474	1.2522	0.90702	0.453538	0.90702	1.36039	0.453538	0.90702	0.90702	0.453538	0.90702	0.453538	0.578144	1.07557	1.2926	0.801716	0.578144	0.661138	0.641412	0.863474	0.358559	0.453538	0.453538	0.90702	0.90702	0	0	0.453538	0.453538	0	0	0	0.453538	0.453538	0.358559	0.481068	0.453574	0.358582	0.160359	0	0	0	0.358559	0.481068	0.453574	0.453574	0.453574	0.453574	0.453574	0.453574	0.453574	0.453574	0.453574	0.453574	0.453574	0.453574	0.453574	0.453574	0.453574	0.453574	0.453574	0.453574	0.641412	0.641412	0.453574	0.453574	0.453574	0.453574	0.661163	0.817634	0.578187	0.453574	0.453574	0.661163	0.817634	0.817634	0.863522	0.801777	0.817634	0.863522	1.01412	1.01412	0.801777	0.801746	0.641412	0.661163	1.13375	1.16725	0.641412	0.641412	0.641412	0.641412	1.01407	0.641412	0.661138	1.02665	0.90702	0.453538	0.453538	0.453538	0.160359	0.507077	0.358559	0.578144	1.07557	0.641412	0.641412	0.863474	0.358559	0.453538	0.90702	0.453538	0.578144	1.07557	0.641412	0.641412	0.641412	0.641412	1.43396	1.43396	0.641412	1.01407	1.57891	0.975348	1.12237	0.975323	1.01407	1.57891	1.52091	0.975323	0.801746	1.52091	0.975323	0.801746	0.975348	1.01412	1.28266	1.01412	1.28266	1.63489	1.28266	1.01412	1.01412	1.01412	1.01412	1.44293	1.36989	1.43405	1.43405	2.10823	1.98271	1.28266	1.28266	1.28266	2.02751	1.28266	1.44293
0	0.453495	0.453495	0.453495	0.453495	0.453495	0.906934	0.453495	0	0.453495	0.906934	0.453495	0.453495	0.453495	0.453495	0.906934	0.453495	0.453495	0.906934	1.36026	0.906934	0.453495	0.453495	0.453495	0.906934	0.453495	0.453495	0.453495	1.36026	1.36026	0.453495	0.453495	0.453495	0.906934	0.453495	0.453495	0.453495	0.453495	0.906934	0.906934	0.453495	0.453495	0.906934	0.453495	0	0	0.453495	0.906934	0.453495	0.453495	0.906934	0.453495	0	0.453495	0.453495	0	0.453495	0.453495	0.453495	0.453495	0.453495	0.453495	0	0	0.453495	0.906934	0.453495	0	0	0.453495	0.453495	0.453495	0.453495	0	0	0	0	0	0	0.453495	0.453495	0	0	0	0	0	0	0.453495	0.453495	0	0	0.453495	0.906934	0.453495	0.453495	0.453495	0	0.453495	0.453495	0.906934	1.36026	0.906934	0.453495	0.906934	1.36026	0.453495	0.906934	0.906934	0.453495	0.906934	0.453495	0.453495	0.906934	1.36026	0.906934	0.453495	0.453495	0.453495	0.906934	0.453495	0.453495	0.453495	0.906934	0.906934	0	0	0.453495	0.453495	0	0	0	0.453495	0.453495	0.453495	0.453495	0	0	0	0	0	0	0.453495	0.453495	0	0	0	0	0	0	0	0	0	0	0	0	0	0	0	0	0	0	0.453495	0.453495	0	0	0	0	0.453495	0.453495	0	0	0	0.453495	0.453495	0.453495	0.453495	0	0.453495	0.453495	0.453495	0.453495	0	0.453495	0.453495	0.453495	0.906934	0.906934	0.453495	0.453495	0.453495	0.453495	0.906934	0.453495	0.453495	0.906934	0.906934	0.453495	0.453495	0.453495	0	0.453495	0.453495	0.453495	0.906934	0.453495	0.453495	0.906934	0.453495	0.453495	0.906934	0.453495	0.453495	0.906934	0.453495	0.453495	0.453495	0.453495	1.36026	1.36026	0.453495	0.906934	1.36026	0.453495	0.906934	0.906934	0.906934	1.36026	1.36026	0.906934	0.453495	1.36026	0.906934	0.453495	0.453495	0.453495	0.906934	0.453495	0.906934	1.36026	0.906934	0.453495	0.453495	0.453495	0.453495	0.906934	0.453495	0.453495	0.453495	1.81341	1.81341	0.906934	0.906934	0.906934	1.81341	0.906934	0.906934
0	0.453452	0.453452	0.453452	0.453452	0.453452	0.906847	0.453452	0	0.453452	0.906847	0.453452	0.453452	0.453452	0.453452	0.906847	0.453452	0.453452	0.906847	1.36013	0.906847	0.453452	0.453452	0.453452	0.906847	0.453452	0.453452	0.453452	1.36013	1.36013	0.453452	0.453452	0.453452	0.906847	0.453452	0.453452	0.453452	0.453452	0.906847	0.906847	0.453452	0.453452	0.906847	0.453452	0	0	0.453452	0.906847	0.453452	0.453452	0.906847	0.453452	0	0.453452	0.453452	0	0.453452	0.453452	0.453452	0.453452	0.453452	0.453452	0	0	0.453452	0.906847	0.453452	0	0	0.453452	0.453452	0.453452	0.453452	0	0	0	0	0	0	0.453452	0.453452	0	0	0	0	0	0	0.453452	0.453452	0	0	0.453452	0.906847	0.453452	0.453452	0.453452	0	0.453452	0.453452	0.906847	1.36013	0.906847	0.453452	0.906847	1.36013	0.453452	0.906847	0.906847	0.453452	0.906847	0.453452	0.453452	0.906847	1.36013	0.906847	0.453452	0.453452	0.453452	0.906847	0.453452	0.453452	0.453452	0.906847	0.906847	0	0	0.453452	0.453452	0	0	0	0.453452	0.453452	0.453452	0.453452	0	0	0	0	0	0	0.453452	0.453452	0	0	0	0	0	0	0	0	0	0	0	0	0	0	0	0	0	0	0.453452	0.453452	0	0	0	0	0.453452	0.453452	0	0	0	0.453452	0.453452	0.453452	0.453452	0	0.453452	0.453452	0.453452	0.453452	0	0.453452	0.453452	0.453452	0.906847	0.906847	0.453452	0.453452	0.453452	0.453452	0.906847	0.453452	0.453452	0.906847	0.906847	0.453452	0.453452	0.453452	0	0.453452	0.453452	0.453452	0.906847	0.453452	0.453452	0.906847	0.453452	0.453452	0.906847	0.453452	0.453452	0.906847	0.453452	0.453452	0.453452	0.453452	1.36013	1.36013	0.453452	0.906847	1.36013	0.453452	0.906847	0.906847	0.906847	1.36013	1.36013	0.906847	0.453452	1.36013	0.906847	0.453452	0.453452	0.453452	0.906847	0.453452	0.906847	1.36013	0.906847	0.453452	0.453452	0.453452	0.453452	0.906847	0.453452	0.453452	0.453452	1.81324	1.81324	0.906847	0.906847	0.906847	1.81324	0.906847	0.906847
0	0.453409	0.453409	0.453409	0.453409	0.453409	0.906761	0.453409	0	0.453409	0.906761	0.453409	0.453409	0.453409	0.453409	0.906761	0.453409	0.453409	0.906761	1.36	0.906761	0.453409	0.453409	0.453409	0.906761	0.453409	0.453409	0.453409	1.36	1.36	0.453409	0.453409	0.453409	0.906761	0.453409	0.453409	0.453409	0.453409	0.906761	0.906761	0.453409	0.453409	0.906761	0.453409	0	0	0.453409	0.906761	0.453409	0.453409	0.906761	0.453409	0	0.453409	0.453409	0	0.453409	0.453409	0.453409	0.453409	0.453409	0.453409	0	0	0.453409	0.906761	0.453409	0	0	0.453409	0.453409	0.453409	0.453409	0	0	0	0	0	0	0.453409	0.453409	0	0	0	0	0	0	0.453409	0.453409	0	0	0.453409	0.906761	0.453409	0.453409	0.453409	0	0.453409	0.453409	0.906761	1.36	0.906761	0.453409	0.906761	1.36	0.453409	0.906761	0.906761	0.453409	0.906761	0.453409	0.453409	0.906761	1.36	0.906761	0.453409	0.453409	0.453409	0.906761	0.453409	0.453409	0.453409	0.906761	0.906761	0	0	0.453409	0.453409	0	0	0	0.453409	0.453409	0.453409	0.453409	0	0	0	0	0	0	0.453409	0.453409	0	0	0	0	0	0	0	0	0	0	0	0	0	0	0	0	0	0	0.453409	0.453409	0	0	0	0	0.453409	0.453409	0	0	0	0.453409	0.453409	0.453409	0.453409	0	0.453409	0.453409	0.453409	0.453409	0	0.453409	0.453409	0.453409	0.906761	0.906761	0.453409	0.453409	0.453409	0.453409	0.906761	0.453409	0.453409	0.906761	0.906761	0.453409	0.453409	0.453409	0	0.453409	0.453409	0.453409	0.906761	0.453409	0.453409	0.906761	0.453409	0.453409	0.906761	0.453409	0.453409	0.906761	0.453409	0.453409	0.453409	0.453409	1.36	1.36	0.453409	0.906761	1.36	0.453409	0.906761	0.906761	0.906761	1.36	1.36	0.906761	0.453409	1.36	0.906761	0.453409	0.453409	0.453409	0.906761	0.453409	0.906761	1.36	0.906761	0.453409	0.453409	0.453409	0.453409	0.906761	0.453409	0.453409	0.453409	1.81307	1.81307	0.906761	0.906761	0.906761	1.81307	0.906761	0.906761
0.160298	0.506884	0.358423	0.453366	0.453366	0.453366	0.906675	0.453366	0	0.453366	0.906675	0.453366	0.453366	0.453366	0.453366	0.906675	0.453366	0.453366	0.906675	1.25173	0.863146	0.641168	0.641168	0.641168	1.01369	0.641168	0.641168	0.641168	1.43341	1.43341	0.641168	0.641168	0.641168	1.01369	0.641168	0.641168	0.641168	0.641168	1.01369	1.01369	0.641168	0.641168	1.01369	0.641168	0.358446	0.160298	0.453366	0.906675	0.453366	0.453366	0.801411	0.506884	0.160298	0.453366	0.453366	0.160298	0.506884	0.358423	0.453366	0.577925	0.506884	0.358423	0.160298	0.358446	0.480885	0.801411	0.453366	0	0	0.577925	0.660887	0.480885	0.358423	0	0	0	0.160298	0.358446	0.453402	0.480885	0.358423	0	0	0.160298	0.358446	0.453402	0.453402	0.480885	0.506884	0.358446	0.453402	0.480885	0.801411	0.453366	0.453366	0.577925	0.358446	0.641168	0.641168	0.863146	1.25173	0.906675	0.453366	0.801411	1.37862	0.577925	0.801411	0.863146	0.641168	1.07516	0.577925	0.453366	0.906675	1.25173	0.863146	0.641168	0.641168	0.660887	1.02626	0.453366	0.453366	0.453366	0.801411	0.863146	0.358446	0.160298	0.453366	0.453366	0	0	0	0.453366	0.453366	0.453366	0.453366	0	0	0	0	0	0	0.453366	0.453366	0	0	0	0	0	0	0	0.160298	0.358446	0.453402	0.453402	0.577967	0.801472	0.906747	0.906747	0.906747	0.906747	0.906747	0.863194	0.660912	0.577967	0.801472	0.906747	0.906747	0.863194	0.817324	0.801472	0.906747	0.906747	1.01374	1.01374	1.01374	1.01374	0.906747	1.01374	1.01374	0.863194	0.660912	0.577967	0.817324	0.660912	0.641168	0.863146	0.801411	0.453366	0.453366	0.453366	0.453366	0.801411	0.480885	0.641168	1.01369	1.01369	0.641168	0.641168	0.641168	0.358446	0.577925	0.453366	0.358423	0.863146	0.641168	0.641168	1.01369	0.641168	0.641168	1.01369	0.641168	0.641168	1.01369	0.641168	0.641168	0.641168	0.660887	1.37862	1.37862	0.577925	0.801411	1.29211	0.641168	1.01369	1.01369	0.974953	1.52033	1.52033	1.12195	1.01374	1.63426	1.28218	1.01374	1.01374	1.01374	1.28218	1.01374	1.29216	1.76273	1.63431	1.4335	1.4335	1.4335	1.4335	1.63431	1.4335	1.36937	1.16686	1.98196	2.10743	1.63431	1.63431	1.63431	2.26576	1.63431	1.61057
0.358389	0.506836	0.160283	0.453323	0.453323	0.453323	0.906589	0.453323	0	0.453323	0.906589	0.453323	0.453323	0.453323	0.453323	0.906589	0.453323	0.453323	0.906589	1.02617	0.660824	0.641107	0.641107	0.641107	1.01359	0.641107	0.641107	0.641107	1.43328	1.43328	0.641107	0.641107	0.641107	1.01359	0.641107	0.641107	0.641107	0.641107	1.01359	1.01359	0.641107	0.641107	1.01359	0.641107	0.480839	0.358389	0.453323	0.906589	0.453323	0.453323	0.57787	0.506836	0.358389	0.453323	0.453323	0.358389	0.506836	0.160283	0.453323	0.801335	0.506836	0.160283	0.358389	0.480839	0.358412	0.57787	0.453323	0	0	0.801335	0.863065	0.358412	0.160283	0	0	0	0.358389	0.480839	0.453359	0.358412	0.160283	0	0	0.358389	0.480839	0.453359	0.453359	0.358412	0.506836	0.480839	0.453359	0.358412	0.57787	0.453323	0.453323	0.801335	0.480839	0.641107	0.641107	0.660824	1.02617	0.906589	0.453323	0.57787	1.37849	0.801335	0.57787	0.660824	0.641107	1.29198	0.801335	0.453323	0.906589	1.02617	0.660824	0.641107	0.641107	0.863065	1.25161	0.453323	0.453323	0.453323	0.57787	0.660824	0.480839	0.358389	0.453323	0.453323	0	0	0	0.453323	0.453323	0.453323	0.453323	0	0	0	0	0	0	0.453323	0.453323	0	0	0	0	0	0	0	0.358389	0.480839	0.453359	0.453359	0.660849	0.863112	0.906661	0.906661	0.906661	0.906661	0.906661	0.801396	0.577912	0.660849	0.863112	0.906661	0.906661	0.801396	0.817246	0.863112	0.906661	0.906661	1.01364	1.01364	1.01364	1.01364	0.906661	1.01364	1.01364	0.801396	0.577912	0.660849	0.817246	0.577912	0.641107	0.660824	0.57787	0.453323	0.453323	0.453323	0.453323	0.57787	0.358412	0.641107	1.01359	1.01359	0.641107	0.641107	0.641107	0.480839	0.801335	0.453323	0.160283	0.660824	0.641107	0.641107	1.01359	0.641107	0.641107	1.01359	0.641107	0.641107	1.01359	0.641107	0.641107	0.641107	0.863065	1.37849	1.37849	0.801335	0.57787	1.07505	0.641107	1.01359	1.01359	0.801366	1.52019	1.52019	0.974885	1.01364	1.63411	1.28205	1.01364	1.01364	1.01364	1.28205	1.01364	1.16675	1.61042	1.63416	1.43337	1.43337	1.43337	1.43337	1.63416	1.43337	1.47744	1.29204	1.79142	1.92933	1.63416	1.63416	1.63416	2.26555	1.63416	1.76256
0.45328	0.45328	0	0.45328	0.45328	0.45328	0.906503	0.45328	0	0.45328	0.906503	0.45328	0.45328	0.45328	0.45328	0.906503	0.45328	0.45328	0.906503	0.906503	0.45328	0.45328	0.45328	0.45328	0.906503	0.45328	0.45328	0.45328	1.35961	1.35961	0.45328	0.45328	0.45328	0.906503	0.45328	0.45328	0.45328	0.45328	0.906503	0.906503	0.45328	0.45328	0.906503	0.45328	0.45328	0.45328	0.45328	0.906503	0.45328	0.45328	0.45328	0.45328	0.45328	0.45328	0.45328	0.45328	0.45328	0	0.45328	0.906503	0.45328	0	0.45328	0.45328	0	0.45328	0.45328	0	0	0.906503	0.906503	0	0	0	0	0	0.45328	0.45328	0	0	0	0	0	0.45328	0.45328	0	0	0	0.45328	0.45328	0	0	0.45328	0.45328	0.45328	0.906503	0.45328	0.45328	0.45328	0.45328	0.906503	0.906503	0.45328	0.45328	1.35961	0.906503	0.45328	0.45328	0.45328	1.35961	0.906503	0.45328	0.906503	0.906503	0.45328	0.45328	0.45328	0.906503	1.35961	0.45328	0.45328	0.45328	0.45328	0.45328	0.45328	0.45328	0.45328	0.45328	0	0	0	0.45328	0.45328	0.45328	0.45328	0	0	0	0	0	0	0.45328	0.45328	0	0	0	0	0	0	0	0.45328	0.45328	0	0	0.45328	0.45328	0	0	0	0	0	0	0	0.45328	0.45328	0	0	0	0.45328	0.45328	0	0	0.45328	0.45328	0.45328	0.45328	0	0.45328	0.45328	0	0	0.45328	0.45328	0	0.45328	0.45328	0.45328	0.45328	0.45328	0.45328	0.45328	0.45328	0	0.45328	0.906503	0.906503	0.45328	0.45328	0.45328	0.45328	0.906503	0.45328	0	0.45328	0.45328	0.45328	0.906503	0.45328	0.45328	0.906503	0.45328	0.45328	0.906503	0.45328	0.45328	0.45328	0.906503	1.35961	1.35961	0.906503	0.45328	0.906503	0.45328	0.906503	0.906503	0.45328	1.35961	1.35961	0.45328	0.45328	1.35961	0.906503	0.45328	0.45328	0.45328	0.906503	0.45328	0.45328	0.906503	0.906503	0.45328	0.45328	0.45328	0.45328	0.906503	0.45328	0.906503	0.906503	1.35961	1.35961	0.906503	0.906503	0.906503	1.81255	0.906503	1.35961
0.453237	0.453237	0	0.453237	0.453237	0.453237	0.906417	0.453237	0	0.453237	0.906417	0.453237	0.453237	0.453237	0.453237	0.906417	0.453237	0.453237	0.906417	0.906417	0.453237	0.453237	0.453237	0.453237	0.906417	0.453237	0.453237	0.453237	1.35948	1.35948	0.453237	0.453237	0.453237	0.906417	0.453237	0.453237	0.453237	0.453237	0.906417	0.906417	0.453237	0.453237	0.906417	0.453237	0.453237	0.453237	0.453237	0.906417	0.453237	0.453237	0.453237	0.453237	0.453237	0.453237	0.453237	0.453237	0.453237	0	0.453237	0.906417	0.453237	0	0.453237	0.453237	0	0.453237	0.453237	0	0	0.906417	0.906417	0	0	0	0	0	0.453237	0.453237	0	0	0	0	0	0.453237	0.453237	0	0	0	0.453237	0.453237	0	0	0.453237	0.453237	0.453237	0.906417	0.453237	0.453237	0.453237	0.453237	0.906417	0.906417	0.453237	0.453237	1.35948	0.906417	0.453237	0.453237	0.453237	1.35948	0.906417	0.453237	0.906417	0.906417	0.453237	0.453237	0.453237	0.906417	1.35948	0.453237	0.453237	0.453237	0.453237	0.453237	0.453237	0.453237	0.453237	0.453237	0	0	0	0.453237	0.453237	0.453237	0.453237	0	0	0	0	0	0	0.453237	0.453237	0	0	0	0	0	0	0	0.453237	0.453237	0	0	0.453237	0.453237	0	0	0	0	0	0	0	0.453237	0.453237	0	0	0	0.453237	0.453237	0	0	0.453237	0.453237	0.453237	0.453237	0	0.453237	0.453237	0	0	0.453237	0.453237	0	0.453237	0.453237	0.453237	0.453237	0.453237	0.453237	0.453237	0.453237	0	0.453237	0.906417	0.906417	0.453237	0.453237	0.453237	0.453237	0.906417	0.453237	0	0.453237	0.453237	0.453237	0.906417	0.453237	0.453237	0.906417	0.453237	0.453237	0.906417	0.453237	0.453237	0.453237	0.906417	1.35948	1.35948	0.906417	0.453237	0.906417	0.453237	0.906417	0.906417	0.453237	1.35948	1.35948	0.453237	0.453237	1.35948	0.906417	0.453237	0.453237	0.453237	0.906417	0.453237	0.453237	0.906417	0.906417	0.453237	0.453237	0.453237	0.453237	0.906417	0.453237	0.906417	0.906417	1.35948	1.35948	0.906417	0.906417	0.906417	1.81238	0.906417	1.35948
0.453194	0.453194	0	0.453194	0.453194	0.453194	0.906331	0.453194	0	0.453194	0.906331	0.453194	0.453194	0.453194	0.453194	0.906331	0.453194	0.453194	0.906331	0.906331	0.453194	0.453194	0.453194	0.453194	0.906331	0.453194	0.453194	0.453194	1.35935	1.35935	0.453194	0.453194	0.453194	0.906331	0.453194	0.453194	0.453194	0.453194	0.906331	0.906331	0.453194	0.453194	0.906331	0.453194	0.453194	0.453194	0.453194	0.906331	0.453194	0.453194	0.453194	0.453194	0.453194	0.453194	0.453194	0.453194	0.453194	0	0.453194	0.906331	0.453194	0	0.453194	0.453194	0	0.453194	0.453194	0	0	0.906331	0.906331	0	0	0	0	0	0.453194	0.453194	0	0	0	0	0	0.453194	0.453194	0	0	0	0.453194	0.453194	0	0	0.453194	0.453194	0.453194	0.906331	0.453194	0.453194	0.453194	0.453194	0.906331	0.906331	0.453194	0.453194	1.35935	0.906331	0.453194	0.453194	0.453194	1.35935	0.906331	0.453194	0.906331	0.906331	0.453194	0.453194	0.453194	0.906331	1.35935	0.453194	0.453194	0.453194	0.453194	0.453194	0.453194	0.453194	0.453194	0.453194	0	0	0	0.453194	0.453194	0.453194	0.453194	0	0	0	0	0	0	0.453194	0.453194	0	0	0	0	0	0	0	0.453194	0.453194	0	0	0.453194	0.453194	0	0	0	0	0	0	0	0.453194	0.453194	0	0	0	0.453194	0.453194	0	0	0.453194	0.453194	0.453194	0.453194	0	0.453194	0.453194	0	0	0.453194	0.453194	0	0.453194	0.453194	0.453194	0.453194	0.453194	0.453194	0.453194	0.453194	0	0.453194	0.906331	0.906331	0.453194	0.453194	0.453194	0.453194	0.906331	0.453194	0	0.453194	0.453194	0.453194	0.906331	0.453194	0.453194	0.906331	0.453194	0.453194	0.906331	0.453194	0.453194	0.453194	0.906331	1.35935	1.35935	0.906331	0.453194	0.906331	0.453194	0.906331	0.906331	0.453194	1.35935	1.35935	0.453194	0.453194	1.35935	0.906331	0.453194	0.453194	0.453194	0.906331	0.453194	0.453194	0.906331	0.906331	0.453194	0.453194	0.453194	0.453194	0.906331	0.453194	0.906331	0.906331	1.35935	1.35935	0.906331	0.906331	0.906331	1.81221	0.906331	1.35935
0.480653	0.506642	0.35827	0.480653	0.358252	0.453151	0.906245	0.57765	0.35827	0.640859	1.0132	0.640859	0.640859	0.640859	0.640859	0.862735	0.358252	0.453151	0.906245	0.906245	0.453151	0.453151	0.453151	0.453151	0.906245	0.453151	0.453151	0.453151	1.25113	1.29149	0.640859	0.640859	0.640859	1.0132	0.640859	0.640859	0.640859	0.640859	1.0132	1.0132	0.640859	0.640859	1.0132	0.640859	0.640859	0.640859	0.640859	1.0132	0.640859	0.66059	0.816927	0.801055	0.640859	0.640859	0.640859	0.640859	0.660571	0.160221	0.453151	0.801031	0.506642	0.160221	0.453151	0.453151	0	0.453151	0.453151	0	0	0.801031	0.862735	0.45318	0.45318	0.35827	0.160221	0	0.453151	0.453151	0	0	0	0	0.160221	0.506642	0.358252	0	0	0.160221	0.506642	0.358252	0.160221	0.35827	0.640859	0.640859	0.480653	0.801031	0.453151	0.453151	0.453151	0.358252	0.934135	1.02578	0.453151	0.453151	1.25113	0.862735	0.640859	0.640859	0.660571	1.37797	0.862735	0.640859	1.0132	1.0132	0.640859	0.660571	0.57765	0.801031	1.29149	0.640859	0.640859	0.640859	0.660571	0.57765	0.453151	0.453151	0.358252	0.506642	0.160221	0	0	0.453151	0.453151	0.453151	0.453151	0	0	0	0.160221	0.35827	0.45318	0.480653	0.358252	0	0.160221	0.35827	0.45318	0.45318	0.45318	0.45318	0.640859	0.640859	0.45318	0.45318	0.640859	0.640859	0.45318	0.45318	0.45318	0.577684	0.801079	0.906302	0.906302	0.862772	0.66059	0.577684	0.801079	0.906302	1.01324	1.01324	0.906302	0.906302	0.862772	0.816927	0.816927	0.66059	0.577684	0.816927	0.66059	0.45318	0.45318	0.640859	0.640859	0.45318	0.640859	0.640859	0.640859	0.640859	0.480653	0.358252	0.453151	0.453151	0	0.453151	0.906245	0.906245	0.453151	0.453151	0.453151	0.358252	0.862735	0.640859	0.35827	0.57765	0.453151	0.453151	0.801031	0.480653	0.640859	1.0132	0.640859	0.660571	1.02578	0.453151	0.453151	0.453151	0.801031	1.37797	1.37797	0.862735	0.640859	1.07464	0.57765	0.801031	0.862735	0.640859	1.36864	1.47682	1.01324	1.01324	1.60977	1.47686	1.4328	1.4328	1.3687	1.44169	1.01324	1.01324	1.28156	1.28156	1.01324	1.01324	1.01324	1.01324	1.28156	1.01324	1.28156	1.28156	1.63348	1.63348	1.28156	1.28156	1.28156	2.02578	1.28156	1.60977
0.358236	0.506594	0.480607	0.358236	0.160206	0.453108	0.906159	0.800955	0.480607	0.640798	1.01311	0.640798	0.640798	0.640798	0.640798	0.660508	0.160206	0.453108	0.906159	0.906159	0.453108	0.453108	0.453108	0.453108	0.906159	0.453108	0.453108	0.453108	1.02568	1.07454	0.640798	0.640798	0.640798	1.01311	0.640798	0.640798	0.640798	0.640798	1.01311	1.01311	0.640798	0.640798	1.01311	0.640798	0.640798	0.640798	0.640798	1.01311	0.640798	0.577629	0.816849	0.974393	0.640798	0.640798	0.640798	0.640798	0.862653	0.358218	0.453108	0.577595	0.506594	0.358218	0.453108	0.453108	0	0.453108	0.453108	0	0	0.577595	0.660508	0.453137	0.453137	0.480607	0.358218	0	0.453108	0.453108	0	0	0	0	0.358218	0.506594	0.160206	0	0	0.358218	0.506594	0.160206	0.358218	0.480607	0.640798	0.640798	0.358236	0.577595	0.453108	0.453108	0.453108	0.160206	0.934046	1.25101	0.453108	0.453108	1.02568	0.660508	0.640798	0.640798	0.862653	1.37784	0.660508	0.640798	1.01311	1.01311	0.640798	0.862653	0.800955	0.577595	1.07454	0.640798	0.640798	0.640798	0.862653	0.800955	0.453108	0.453108	0.160206	0.506594	0.358218	0	0	0.453108	0.453108	0.453108	0.453108	0	0	0	0.358218	0.480607	0.453137	0.358236	0.160206	0	0.358218	0.480607	0.453137	0.453137	0.453137	0.453137	0.640798	0.640798	0.453137	0.453137	0.640798	0.640798	0.453137	0.453137	0.453137	0.660528	0.862691	0.906216	0.906216	0.801003	0.577629	0.660528	0.862691	0.906216	1.01315	1.01315	0.906216	0.906216	0.801003	0.816849	0.816849	0.577629	0.660528	0.816849	0.577629	0.453137	0.453137	0.640798	0.640798	0.453137	0.640798	0.640798	0.640798	0.640798	0.358236	0.160206	0.453108	0.453108	0	0.453108	0.906159	0.906159	0.453108	0.453108	0.453108	0.160206	0.660508	0.640798	0.480607	0.800955	0.453108	0.453108	0.577595	0.358236	0.640798	1.01311	0.640798	0.862653	1.25101	0.453108	0.453108	0.453108	0.577595	1.37784	1.37784	0.660508	0.640798	1.29137	0.800955	0.577595	0.660508	0.640798	1.16614	1.2914	1.01315	1.01315	1.44155	1.36857	1.43267	1.43267	1.47672	1.60962	1.01315	1.01315	1.28144	1.28144	1.01315	1.01315	1.01315	1.01315	1.28144	1.01315	1.28144	1.28144	1.63333	1.63333	1.28144	1.28144	1.28144	2.02558	1.28144	1.44155
0	0.453065	0.453065	0	0	0.453065	0.906073	0.906073	0.453065	0.453065	0.906073	0.453065	0.453065	0.453065	0.453065	0.453065	0	0.453065	0.906073	0.906073	0.453065	0.453065	0.453065	0.453065	0.906073	0.453065	0.453065	0.453065	0.906073	0.906073	0.453065	0.453065	0.453065	0.906073	0.453065	0.453065	0.453065	0.453065	0.906073	0.906073	0.453065	0.453065	0.906073	0.453065	0.453065	0.453065	0.453065	0.906073	0.453065	0	0.453065	0.906073	0.453065	0.453065	0.453065	0.453065	0.906073	0.453065	0.453065	0.453065	0.453065	0.453065	0.453065	0.453065	0	0.453065	0.453065	0	0	0.453065	0.453065	0	0	0.453065	0.453065	0	0.453065	0.453065	0	0	0	0	0.453065	0.453065	0	0	0	0.453065	0.453065	0	0.453065	0.453065	0.453065	0.453065	0	0.453065	0.453065	0.453065	0.453065	0	0.906073	1.35897	0.453065	0.453065	0.906073	0.453065	0.453065	0.453065	0.906073	1.35897	0.453065	0.453065	0.906073	0.906073	0.453065	0.906073	0.906073	0.453065	0.906073	0.453065	0.453065	0.453065	0.906073	0.906073	0.453065	0.453065	0	0.453065	0.453065	0	0	0.453065	0.453065	0.453065	0.453065	0	0	0	0.453065	0.453065	0	0	0	0	0.453065	0.453065	0	0	0	0	0.453065	0.453065	0	0	0.453065	0.453065	0	0	0	0.453065	0.453065	0	0	0	0	0.453065	0.453065	0	0.453065	0.453065	0	0	0	0.453065	0.453065	0	0.453065	0.453065	0	0	0	0.453065	0.453065	0	0.453065	0.453065	0.453065	0.453065	0	0	0.453065	0.453065	0	0.453065	0.906073	0.906073	0.453065	0.453065	0.453065	0	0.453065	0.453065	0.453065	0.906073	0.453065	0.453065	0.453065	0	0.453065	0.906073	0.453065	0.906073	1.35897	0.453065	0.453065	0.453065	0.453065	1.35897	1.35897	0.453065	0.453065	1.35897	0.906073	0.453065	0.453065	0.453065	0.906073	0.906073	0.453065	0.453065	0.906073	0.453065	0.453065	0.453065	0.906073	1.35897	0.453065	0.453065	0.906073	0.906073	0.453065	0.453065	0.453065	0.453065	0.906073	0.453065	0.906073	0.906073	1.35897	1.35897	0.906073	0.906073	0.906073	1.81169	0.906073	0.906073
0	0.453022	0.453022	0	0	0.453022	0.905987	0.905987	0.453022	0.453022	0.905987	0.453022	0.453022	0.453022	0.453022	0.453022	0	0.453022	0.905987	0.905987	0.453022	0.453022	0.453022	0.453022	0.905987	0.453022	0.453022	0.453022	0.905987	0.905987	0.453022	0.453022	0.453022	0.905987	0.453022	0.453022	0.453022	0.453022	0.905987	0.905987	0.453022	0.453022	0.905987	0.453022	0.453022	0.453022	0.453022	0.905987	0.453022	0	0.453022	0.905987	0.453022	0.453022	0.453022	0.453022	0.905987	0.453022	0.453022	0.453022	0.453022	0.453022	0.453022	0.453022	0	0.453022	0.453022	0	0	0.453022	0.453022	0	0	0.453022	0.453022	0	0.453022	0.453022	0	0	0	0	0.453022	0.453022	0	0	0	0.453022	0.453022	0	0.453022	0.453022	0.453022	0.453022	0	0.453022	0.453022	0.453022	0.453022	0	0.905987	1.35884	0.453022	0.453022	0.905987	0.453022	0.453022	0.453022	0.905987	1.35884	0.453022	0.453022	0.905987	0.905987	0.453022	0.905987	0.905987	0.453022	0.905987	0.453022	0.453022	0.453022	0.905987	0.905987	0.453022	0.453022	0	0.453022	0.453022	0	0	0.453022	0.453022	0.453022	0.453022	0	0	0	0.453022	0.453022	0	0	0	0	0.453022	0.453022	0	0	0	0	0.453022	0.453022	0	0	0.453022	0.453022	0	0	0	0.453022	0.453022	0	0	0	0	0.453022	0.453022	0	0.453022	0.453022	0	0	0	0.453022	0.453022	0	0.453022	0.453022	0	0	0	0.453022	0.453022	0	0.453022	0.453022	0.453022	0.453022	0	0	0.453022	0.453022	0	0.453022	0.905987	0.905987	0.453022	0.453022	0.453022	0	0.453022	0.453022	0.453022	0.905987	0.453022	0.453022	0.453022	0	0.453022	0.905987	0.453022	0.905987	1.35884	0.453022	0.453022	0.453022	0.453022	1.35884	1.35884	0.453022	0.453022	1.35884	0.905987	0.453022	0.453022	0.453022	0.905987	0.905987	0.453022	0.453022	0.905987	0.453022	0.453022	0.453022	0.905987	1.35884	0.453022	0.453022	0.905987	0.905987	0.453022	0.453022	0.453022	0.453022	0.905987	0.453022	0.905987	0.905987	1.35884	1.35884	0.905987	0.905987	0.905987	1.81152	0.905987	0.905987
0	0.452979	0.452979	0	0	0.452979	0.905901	0.905901	0.452979	0.452979	0.905901	0.452979	0.452979	0.452979	0.452979	0.452979	0	0.452979	0.905901	0.905901	0.452979	0.452979	0.452979	0.452979	0.905901	0.452979	0.452979	0.452979	0.905901	0.905901	0.452979	0.452979	0.452979	0.905901	0.452979	0.452979	0.452979	0.452979	0.905901	0.905901	0.452979	0.452979	0.905901	0.452979	0.452979	0.452979	0.452979	0.905901	0.452979	0	0.452979	0.905901	0.452979	0.452979	0.452979	0.452979	0.905901	0.452979	0.452979	0.452979	0.452979	0.452979	0.452979	0.452979	0	0.452979	0.452979	0	0	0.452979	0.452979	0	0	0.452979	0.452979	0	0.452979	0.452979	0	0	0	0	0.452979	0.452979	0	0	0	0.452979	0.452979	0	0.452979	0.452979	0.452979	0.452979	0	0.452979	0.452979	0.452979	0.452979	0	0.905901	1.35871	0.452979	0.452979	0.905901	0.452979	0.452979	0.452979	0.905901	1.35871	0.452979	0.452979	0.905901	0.905901	0.452979	0.905901	0.905901	0.452979	0.905901	0.452979	0.452979	0.452979	0.905901	0.905901	0.452979	0.452979	0	0.452979	0.452979	0	0	0.452979	0.452979	0.452979	0.452979	0	0	0	0.452979	0.452979	0	0	0	0	0.452979	0.452979	0	0	0	0	0.452979	0.452979	0	0	0.452979	0.452979	0	0	0	0.452979	0.452979	0	0	0	0	0.452979	0.452979	0	0.452979	0.452979	0	0	0	0.452979	0.452979	0	0.452979	0.452979	0	0	0	0.452979	0.452979	0	0.452979	0.452979	0.452979	0.452979	0	0	0.452979	0.452979	0	0.452979	0.905901	0.905901	0.452979	0.452979	0.452979	0	0.452979	0.452979	0.452979	0.905901	0.452979	0.452979	0.452979	0	0.452979	0.905901	0.452979	0.905901	1.35871	0.452979	0.452979	0.452979	0.452979	1.35871	1.35871	0.452979	0.452979	1.35871	0.905901	0.452979	0.452979	0.452979	0.905901	0.905901	0.452979	0.452979	0.905901	0.452979	0.452979	0.452979	0.905901	1.35871	0.452979	0.452979	0.905901	0.905901	0.452979	0.452979	0.452979	0.452979	0.905901	0.452979	0.905901	0.905901	1.35871	1.35871	0.905901	0.905901	0.905901	1.81135	0.905901	0.905901
0.160145	0.506402	0.358082	0.160145	0.3581	0.640555	1.01272	0.862326	0.358082	0.452936	0.905815	0.452936	0.452936	0.452936	0.452936	0.452936	0	0.452936	0.905815	0.905815	0.452936	0.452936	0.452936	0.452936	0.905815	0.452936	0.452936	0.452936	0.905815	0.905815	0.452936	0.452936	0.358082	0.862326	0.640555	0.640555	0.640555	0.640555	1.01272	1.01272	0.640555	0.640555	1.01272	0.640555	0.640555	0.640555	0.640555	0.974023	0.862363	0.800699	0.81652	1.02529	0.452936	0.358082	0.480425	0.640555	1.01272	0.640555	0.640555	0.660258	0.506402	0.480425	0.640555	0.640555	0.3581	0.577376	0.452936	0	0	0.452936	0.452936	0.160145	0.3581	0.480425	0.506402	0.3581	0.480425	0.358082	0	0.160145	0.3581	0.452965	0.480425	0.506402	0.3581	0.452965	0.452965	0.480425	0.506402	0.3581	0.480425	0.358082	0.452936	0.452936	0	0.452936	0.452936	0.358082	0.480425	0.3581	0.933692	1.29088	0.640555	0.640555	1.01272	0.640555	0.660258	0.577376	0.800651	1.29088	0.640555	0.640555	1.01272	1.01272	0.640555	1.01272	1.01272	0.640555	1.01272	0.640555	0.640555	0.640555	1.01272	1.01272	0.640555	0.640555	0.452965	0.640555	0.640555	0.3581	0.160145	0.358082	0.506402	0.506402	0.480425	0.3581	0.160145	0	0.452936	0.452936	0	0.160145	0.3581	0.452965	0.480425	0.506402	0.3581	0.452965	0.452965	0.452965	0.640555	0.640555	0.452965	0.452965	0.640555	0.640555	0.452965	0.452965	0.57741	0.816539	0.660277	0.452965	0.452965	0.452965	0.57741	0.816539	0.660277	0.452965	0.640555	0.640555	0.452965	0.452965	0.57741	0.816539	0.660277	0.452965	0.480425	0.506402	0.3581	0.452965	0.452965	0.480425	0.358082	0	0.452936	0.452936	0.452936	0.452936	0.160145	0.3581	0.480425	0.506402	0.3581	0.480425	0.800651	0.905815	0.452936	0.452936	0.452936	0	0.452936	0.452936	0.452936	0.905815	0.452936	0.452936	0.577376	0.3581	0.640555	1.01272	0.640555	0.862326	1.25054	0.452936	0.452936	0.452936	0.577376	1.37732	1.25054	0.452936	0.452936	1.25054	0.862326	0.640555	0.640555	0.640555	1.01272	1.01272	0.640555	0.640555	1.01272	0.640555	0.640555	0.640555	0.974023	1.47612	1.01276	1.01276	1.28095	1.28095	1.01276	1.01276	1.01276	1.01276	1.28095	1.01276	1.28095	1.28095	1.63271	1.63271	1.29093	1.47616	1.63275	2.29168	1.44101	1.28095
0.358048	0.506354	0.16013	0.358048	0.480379	0.640494	1.01263	0.660195	0.16013	0.452893	0.905729	0.452893	0.452893	0.452893	0.452893	0.452893	0	0.452893	0.905729	0.905729	0.452893	0.452893	0.452893	0.452893	0.905729	0.452893	0.452893	0.452893	0.905729	0.905729	0.452893	0.452893	0.16013	0.660195	0.640494	0.640494	0.640494	0.640494	1.01263	1.01263	0.640494	0.640494	1.01263	0.640494	0.640494	0.640494	0.640494	0.800599	0.800623	0.862281	1.2193	1.25042	0.452893	0.16013	0.358067	0.640494	1.01263	0.640494	0.640494	0.862244	0.506354	0.358067	0.640494	0.640494	0.480379	0.800575	0.452893	0	0	0.452893	0.452893	0.358048	0.480379	0.358067	0.506354	0.480379	0.358067	0.16013	0	0.358048	0.480379	0.452922	0.358067	0.506354	0.480379	0.452922	0.452922	0.358067	0.506354	0.480379	0.358067	0.16013	0.452893	0.452893	0	0.452893	0.452893	0.16013	0.358067	0.480379	0.933603	1.07403	0.640494	0.640494	1.01263	0.640494	0.862244	0.800575	0.577321	1.07403	0.640494	0.640494	1.01263	1.01263	0.640494	1.01263	1.01263	0.640494	1.01263	0.640494	0.640494	0.640494	1.01263	1.01263	0.640494	0.640494	0.452922	0.640494	0.640494	0.480379	0.358048	0.16013	0.506354	0.506354	0.358067	0.480379	0.358048	0	0.452893	0.452893	0	0.358048	0.480379	0.452922	0.358067	0.506354	0.480379	0.452922	0.452922	0.452922	0.640494	0.640494	0.452922	0.452922	0.640494	0.640494	0.452922	0.452922	0.660215	0.816462	0.577355	0.452922	0.452922	0.452922	0.660215	0.816462	0.577355	0.452922	0.640494	0.640494	0.452922	0.452922	0.660215	0.816462	0.577355	0.452922	0.358067	0.506354	0.480379	0.452922	0.452922	0.358067	0.16013	0	0.452893	0.452893	0.452893	0.452893	0.358048	0.480379	0.358067	0.506354	0.480379	0.358067	0.577321	0.905729	0.452893	0.452893	0.452893	0	0.452893	0.452893	0.452893	0.905729	0.452893	0.452893	0.800575	0.480379	0.640494	1.01263	0.640494	0.660195	1.02519	0.452893	0.452893	0.452893	0.800575	1.37719	1.02519	0.452893	0.452893	1.02519	0.660195	0.640494	0.640494	0.640494	1.01263	1.01263	0.640494	0.640494	1.01263	0.640494	0.640494	0.640494	0.800599	1.29078	1.01267	1.01267	1.28083	1.28083	1.01267	1.01267	1.01267	1.01267	1.28083	1.01267	1.28083	1.28083	1.63255	1.63255	1.16562	1.36792	1.63259	2.48429	1.60886	1.28083
0.45285	0.45285	0	0.45285	0.45285	0.45285	0.905643	0.45285	0	0.45285	0.905643	0.45285	0.45285	0.45285	0.45285	0.45285	0	0.45285	0.905643	0.905643	0.45285	0.45285	0.45285	0.45285	0.905643	0.45285	0.45285	0.45285	0.905643	0.905643	0.45285	0.45285	0	0.45285	0.45285	0.45285	0.45285	0.45285	0.905643	0.905643	0.45285	0.45285	0.905643	0.45285	0.45285	0.45285	0.45285	0.45285	0	0.45285	1.35832	1.35832	0.45285	0	0	0.45285	0.905643	0.45285	0.45285	0.905643	0.45285	0	0.45285	0.45285	0.45285	0.905643	0.45285	0	0	0.45285	0.45285	0.45285	0.45285	0	0.45285	0.45285	0	0	0	0.45285	0.45285	0	0	0.45285	0.45285	0	0	0	0.45285	0.45285	0	0	0.45285	0.45285	0	0.45285	0.45285	0	0	0.45285	0.905643	0.905643	0.45285	0.45285	0.905643	0.45285	0.905643	0.905643	0.45285	0.905643	0.45285	0.45285	0.905643	0.905643	0.45285	0.905643	0.905643	0.45285	0.905643	0.45285	0.45285	0.45285	0.905643	0.905643	0.45285	0.45285	0	0.45285	0.45285	0.45285	0.45285	0	0.45285	0.45285	0	0.45285	0.45285	0	0.45285	0.45285	0	0.45285	0.45285	0	0	0.45285	0.45285	0	0	0	0.45285	0.45285	0	0	0.45285	0.45285	0	0	0.45285	0.45285	0	0	0	0	0.45285	0.45285	0	0	0.45285	0.45285	0	0	0.45285	0.45285	0	0	0	0.45285	0.45285	0	0	0	0	0	0.45285	0.45285	0.45285	0.45285	0.45285	0.45285	0	0.45285	0.45285	0	0.45285	0.905643	0.45285	0.45285	0.45285	0	0.45285	0.45285	0.45285	0.905643	0.45285	0.45285	0.905643	0.45285	0.45285	0.905643	0.45285	0.45285	0.905643	0.45285	0.45285	0.45285	0.905643	1.35832	0.905643	0.45285	0.45285	0.905643	0.45285	0.45285	0.45285	0.45285	0.905643	0.905643	0.45285	0.45285	0.905643	0.45285	0.45285	0.45285	0.45285	0.905643	0.45285	0.45285	0.905643	0.905643	0.45285	0.45285	0.45285	0.45285	0.905643	0.45285	0.905643	0.905643	1.35832	1.35832	0.45285	0.45285	0.905643	2.26312	1.35832	0.905643
0.452807	0.452807	0	0.452807	0.452807	0.452807	0.905558	0.452807	0	0.452807	0.905558	0.452807	0.452807	0.452807	0.452807	0.452807	0	0.452807	0.905558	0.905558	0.452807	0.452807	0.452807	0.452807	0.905558	0.452807	0.452807	0.452807	0.905558	0.905558	0.452807	0.452807	0	0.452807	0.452807	0.452807	0.452807	0.452807	0.905558	0.905558	0.452807	0.452807	0.905558	0.452807	0.452807	0.452807	0.452807	0.452807	0	0.452807	1.3582	1.3582	0.452807	0	0	0.452807	0.905558	0.452807	0.452807	0.905558	0.452807	0	0.452807	0.452807	0.452807	0.905558	0.452807	0	0	0.452807	0.452807	0.452807	0.452807	0	0.452807	0.452807	0	0	0	0.452807	0.452807	0	0	0.452807	0.452807	0	0	0	0.452807	0.452807	0	0	0.452807	0.452807	0	0.452807	0.452807	0	0	0.452807	0.905558	0.905558	0.452807	0.452807	0.905558	0.452807	0.905558	0.905558	0.452807	0.905558	0.452807	0.452807	0.905558	0.905558	0.452807	0.905558	0.905558	0.452807	0.905558	0.452807	0.452807	0.452807	0.905558	0.905558	0.452807	0.452807	0	0.452807	0.452807	0.452807	0.452807	0	0.452807	0.452807	0	0.452807	0.452807	0	0.452807	0.452807	0	0.452807	0.452807	0	0	0.452807	0.452807	0	0	0	0.452807	0.452807	0	0	0.452807	0.452807	0	0	0.452807	0.452807	0	0	0	0	0.452807	0.452807	0	0	0.452807	0.452807	0	0	0.452807	0.452807	0	0	0	0.452807	0.452807	0	0	0	0	0	0.452807	0.452807	0.452807	0.452807	0.452807	0.452807	0	0.452807	0.452807	0	0.452807	0.905558	0.452807	0.452807	0.452807	0	0.452807	0.452807	0.452807	0.905558	0.452807	0.452807	0.905558	0.452807	0.452807	0.905558	0.452807	0.452807	0.905558	0.452807	0.452807	0.452807	0.905558	1.3582	0.905558	0.452807	0.452807	0.905558	0.452807	0.452807	0.452807	0.452807	0.905558	0.905558	0.452807	0.452807	0.905558	0.452807	0.452807	0.452807	0.452807	0.905558	0.452807	0.452807	0.905558	0.905558	0.452807	0.452807	0.452807	0.452807	0.905558	0.452807	0.905558	0.905558	1.3582	1.3582	0.452807	0.452807	0.905558	2.26291	1.3582	0.905558
0.452764	0.452764	0	0.452764	0.452764	0.357947	0.861999	0.660007	0.160084	0.452764	0.905472	0.452764	0.452764	0.452764	0.452764	0.452764	0	0.452764	0.905472	0.905472	0.452764	0.357947	0.480243	0.640312	1.01234	0.640312	0.640312	0.640312	1.01234	1.01234	0.640312	0.640312	0.357965	0.577157	0.452764	0.357947	0.480243	0.640312	1.01234	1.01234	0.640312	0.640312	1.01234	0.640312	0.660027	0.862036	1.01238	0.973673	0.577191	0.640312	1.36748	1.47556	1.01238	0.800396	0.577191	0.640312	1.01234	0.640312	0.660027	1.12045	0.973673	0.577191	0.640312	0.640312	0.640312	1.01234	0.640312	0.452793	0.452793	0.660007	0.577157	0.452764	0.452764	0	0.452764	0.452764	0	0	0.160084	0.506209	0.357947	0	0.160084	0.506209	0.357947	0	0	0	0.452764	0.452764	0	0	0.452764	0.452764	0	0.452764	0.452764	0.160084	0.357965	0.640312	1.01234	1.01234	0.640312	0.480243	0.800347	0.452764	0.800347	0.861999	0.660007	1.0249	0.452764	0.452764	0.800347	0.861999	0.640312	0.973653	1.12045	1.01238	1.29042	0.800371	0.640312	0.640312	0.973653	1.12045	1.01238	1.01238	0.800396	0.800371	0.640312	0.640312	0.640312	0.452793	0.640312	0.660007	0.160084	0.357947	0.506209	0.160084	0.452764	0.452764	0	0.452764	0.452764	0	0	0.452764	0.452764	0	0	0.160084	0.506209	0.357947	0.160084	0.357965	0.480243	0.357947	0.160084	0.357965	0.480243	0.506209	0.357965	0.452793	0.452793	0.452793	0.480243	0.506209	0.357965	0.452793	0.640312	0.640312	0.452793	0.452793	0.480243	0.357947	0	0	0.160084	0.506209	0.357947	0	0	0.160084	0.357965	0.452793	0.480243	0.357947	0.452764	0.452764	0.452764	0.452764	0	0.452764	0.452764	0	0.452764	0.905472	0.452764	0.357947	0.480243	0.357965	0.577157	0.452764	0.452764	0.905472	0.452764	0.452764	0.905472	0.452764	0.577157	1.07373	0.640312	0.640312	1.01234	0.640312	0.640312	0.640312	0.861999	1.25006	0.905472	0.452764	0.452764	0.905472	0.452764	0.452764	0.452764	0.452764	0.905472	0.800347	0.480243	0.640312	1.01234	0.640312	0.640312	0.640312	0.640312	1.01234	0.640312	0.660027	1.12045	1.28046	1.01238	1.01238	1.01238	1.01238	1.28046	1.01238	1.28046	1.28046	1.63209	1.63209	0.973673	0.800371	1.01234	2.22279	1.47556	1.29042
0.452721	0.452721	0	0.452721	0.452721	0.160069	0.659945	0.861917	0.357913	0.452721	0.905386	0.452721	0.452721	0.452721	0.452721	0.452721	0	0.452721	0.905386	0.905386	0.452721	0.160069	0.357931	0.640251	1.01224	0.640251	0.640251	0.640251	1.01224	1.01224	0.640251	0.640251	0.480197	0.800271	0.452721	0.160069	0.357931	0.640251	1.01224	1.01224	0.640251	0.640251	1.01224	0.640251	0.577136	0.80032	1.01228	1.12034	0.659964	0.640251	1.16514	1.29029	1.01228	0.861954	0.659964	0.640251	1.01224	0.640251	0.577136	0.973581	1.12034	0.659964	0.640251	0.640251	0.640251	1.01224	0.640251	0.45275	0.45275	0.861917	0.800271	0.452721	0.452721	0	0.452721	0.452721	0	0	0.357913	0.506161	0.160069	0	0.357913	0.506161	0.160069	0	0	0	0.452721	0.452721	0	0	0.452721	0.452721	0	0.452721	0.452721	0.357913	0.480197	0.640251	1.01224	1.01224	0.640251	0.357931	0.577102	0.452721	0.577102	0.659945	0.861917	1.24995	0.452721	0.452721	0.577102	0.659945	0.640251	0.800296	0.973581	1.01228	1.47542	0.973561	0.640251	0.640251	0.800296	0.973581	1.01228	1.01228	0.861954	0.973561	0.640251	0.640251	0.640251	0.45275	0.640251	0.861917	0.357913	0.160069	0.506161	0.357913	0.452721	0.452721	0	0.452721	0.452721	0	0	0.452721	0.452721	0	0	0.357913	0.506161	0.160069	0.357913	0.480197	0.357931	0.160069	0.357913	0.480197	0.357931	0.506161	0.480197	0.45275	0.45275	0.45275	0.357931	0.506161	0.480197	0.45275	0.640251	0.640251	0.45275	0.45275	0.357931	0.160069	0	0	0.357913	0.506161	0.160069	0	0	0.357913	0.480197	0.45275	0.357931	0.160069	0.452721	0.452721	0.452721	0.452721	0	0.452721	0.452721	0	0.452721	0.905386	0.452721	0.160069	0.357931	0.480197	0.800271	0.452721	0.452721	0.905386	0.452721	0.452721	0.905386	0.452721	0.800271	1.29027	0.640251	0.640251	1.01224	0.640251	0.640251	0.640251	0.659945	1.0248	0.905386	0.452721	0.452721	0.905386	0.452721	0.452721	0.452721	0.452721	0.905386	0.577102	0.357931	0.640251	1.01224	0.640251	0.640251	0.640251	0.640251	1.01224	0.640251	0.577136	0.973581	1.28034	1.01228	1.01228	1.01228	1.01228	1.28034	1.01228	1.28034	1.28034	1.63193	1.63193	1.12034	0.973561	1.01224	2.00479	1.29029	1.47542
0.452678	0.452678	0	0.452678	0.452678	0	0.452678	0.9053	0.452678	0.452678	0.9053	0.452678	0.452678	0.452678	0.452678	0.452678	0	0.452678	0.9053	0.9053	0.452678	0	0	0.452678	0.9053	0.452678	0.452678	0.452678	0.9053	0.9053	0.452678	0.452678	0.452678	0.9053	0.452678	0	0	0.452678	0.9053	0.9053	0.452678	0.452678	0.9053	0.452678	0	0	0.452678	0.9053	0.452678	0.452678	0.9053	0.9053	0.452678	0.452678	0.452678	0.452678	0.9053	0.452678	0	0.452678	0.9053	0.452678	0.452678	0.452678	0.452678	0.9053	0.452678	0	0	0.9053	0.9053	0.452678	0.452678	0	0.452678	0.452678	0	0	0.452678	0.452678	0	0	0.452678	0.452678	0	0	0	0	0.452678	0.452678	0	0	0.452678	0.452678	0	0.452678	0.452678	0.452678	0.452678	0.452678	0.9053	0.9053	0.452678	0	0.452678	0.452678	0.452678	0.452678	0.9053	1.35781	0.452678	0.452678	0.452678	0.452678	0.452678	0.452678	0.452678	0.452678	1.35781	0.9053	0.452678	0.452678	0.452678	0.452678	0.452678	0.452678	0.452678	0.9053	0.452678	0.452678	0.452678	0	0.452678	0.9053	0.452678	0	0.452678	0.452678	0.452678	0.452678	0	0.452678	0.452678	0	0	0.452678	0.452678	0	0	0.452678	0.452678	0	0.452678	0.452678	0	0	0.452678	0.452678	0	0.452678	0.452678	0	0	0	0	0.452678	0.452678	0	0.452678	0.452678	0	0	0	0	0	0	0.452678	0.452678	0	0	0	0.452678	0.452678	0	0	0	0.452678	0.452678	0.452678	0.452678	0	0.452678	0.452678	0	0.452678	0.9053	0.452678	0	0	0.452678	0.9053	0.452678	0.452678	0.9053	0.452678	0.452678	0.9053	0.452678	0.9053	1.35781	0.452678	0.452678	0.9053	0.452678	0.452678	0.452678	0.452678	0.9053	0.9053	0.452678	0.452678	0.9053	0.452678	0.452678	0.452678	0.452678	0.9053	0.452678	0	0.452678	0.9053	0.452678	0.452678	0.452678	0.452678	0.9053	0.452678	0	0.452678	0.9053	0.452678	0.452678	0.452678	0.452678	0.9053	0.452678	0.9053	0.9053	1.35781	1.35781	0.9053	0.9053	0.9053	1.81015	0.9053	1.35781
0.452635	0.452635	0	0.452635	0.452635	0	0.452635	0.905214	0.452635	0.452635	0.905214	0.452635	0.452635	0.452635	0.452635	0.452635	0	0.452635	0.905214	0.905214	0.452635	0	0	0.452635	0.905214	0.452635	0.452635	0.452635	0.905214	0.905214	0.452635	0.452635	0.452635	0.905214	0.452635	0	0	0.452635	0.905214	0.905214	0.452635	0.452635	0.905214	0.452635	0	0	0.452635	0.905214	0.452635	0.452635	0.905214	0.905214	0.452635	0.452635	0.452635	0.452635	0.905214	0.452635	0	0.452635	0.905214	0.452635	0.452635	0.452635	0.452635	0.905214	0.452635	0	0	0.905214	0.905214	0.452635	0.452635	0	0.452635	0.452635	0	0	0.452635	0.452635	0	0	0.452635	0.452635	0	0	0	0	0.452635	0.452635	0	0	0.452635	0.452635	0	0.452635	0.452635	0.452635	0.452635	0.452635	0.905214	0.905214	0.452635	0	0.452635	0.452635	0.452635	0.452635	0.905214	1.35768	0.452635	0.452635	0.452635	0.452635	0.452635	0.452635	0.452635	0.452635	1.35768	0.905214	0.452635	0.452635	0.452635	0.452635	0.452635	0.452635	0.452635	0.905214	0.452635	0.452635	0.452635	0	0.452635	0.905214	0.452635	0	0.452635	0.452635	0.452635	0.452635	0	0.452635	0.452635	0	0	0.452635	0.452635	0	0	0.452635	0.452635	0	0.452635	0.452635	0	0	0.452635	0.452635	0	0.452635	0.452635	0	0	0	0	0.452635	0.452635	0	0.452635	0.452635	0	0	0	0	0	0	0.452635	0.452635	0	0	0	0.452635	0.452635	0	0	0	0.452635	0.452635	0.452635	0.452635	0	0.452635	0.452635	0	0.452635	0.905214	0.452635	0	0	0.452635	0.905214	0.452635	0.452635	0.905214	0.452635	0.452635	0.905214	0.452635	0.905214	1.35768	0.452635	0.452635	0.905214	0.452635	0.452635	0.452635	0.452635	0.905214	0.905214	0.452635	0.452635	0.905214	0.452635	0.452635	0.452635	0.452635	0.905214	0.452635	0	0.452635	0.905214	0.452635	0.452635	0.452635	0.452635	0.905214	0.452635	0	0.452635	0.905214	0.452635	0.452635	0.452635	0.452635	0.905214	0.452635	0.905214	0.905214	1.35768	1.35768	0.905214	0.905214	0.905214	1.80998	0.905214	1.35768
0.452592	0.452592	0	0.452592	0.452592	0	0.452592	0.905128	0.452592	0.452592	0.905128	0.452592	0.452592	0.452592	0.452592	0.452592	0	0.452592	0.905128	0.905128	0.452592	0	0	0.452592	0.905128	0.452592	0.452592	0.452592	0.905128	0.905128	0.452592	0.452592	0.452592	0.905128	0.452592	0	0	0.452592	0.905128	0.905128	0.452592	0.452592	0.905128	0.452592	0	0	0.452592	0.905128	0.452592	0.452592	0.905128	0.905128	0.452592	0.452592	0.452592	0.452592	0.905128	0.452592	0	0.452592	0.905128	0.452592	0.452592	0.452592	0.452592	0.905128	0.452592	0	0	0.905128	0.905128	0.452592	0.452592	0	0.452592	0.452592	0	0	0.452592	0.452592	0	0	0.452592	0.452592	0	0	0	0	0.452592	0.452592	0	0	0.452592	0.452592	0	0.452592	0.452592	0.452592	0.452592	0.452592	0.905128	0.905128	0.452592	0	0.452592	0.452592	0.452592	0.452592	0.905128	1.35755	0.452592	0.452592	0.452592	0.452592	0.452592	0.452592	0.452592	0.452592	1.35755	0.905128	0.452592	0.452592	0.452592	0.452592	0.452592	0.452592	0.452592	0.905128	0.452592	0.452592	0.452592	0	0.452592	0.905128	0.452592	0	0.452592	0.452592	0.452592	0.452592	0	0.452592	0.452592	0	0	0.452592	0.452592	0	0	0.452592	0.452592	0	0.452592	0.452592	0	0	0.452592	0.452592	0	0.452592	0.452592	0	0	0	0	0.452592	0.452592	0	0.452592	0.452592	0	0	0	0	0	0	0.452592	0.452592	0	0	0	0.452592	0.452592	0	0	0	0.452592	0.452592	0.452592	0.452592	0	0.452592	0.452592	0	0.452592	0.905128	0.452592	0	0	0.452592	0.905128	0.452592	0.452592	0.905128	0.452592	0.452592	0.905128	0.452592	0.905128	1.35755	0.452592	0.452592	0.905128	0.452592	0.452592	0.452592	0.452592	0.905128	0.905128	0.452592	0.452592	0.905128	0.452592	0.452592	0.452592	0.452592	0.905128	0.452592	0	0.452592	0.905128	0.452592	0.452592	0.452592	0.452592	0.905128	0.452592	0	0.452592	0.905128	0.452592	0.452592	0.452592	0.452592	0.905128	0.452592	0.905128	0.905128	1.35755	1.35755	0.905128	0.905128	0.905128	1.80981	0.905128	1.35755
0.452542	0.452542	0	0.452542	0.452542	0	0.452542	0.905028	0.452542	0.452542	0.905028	0.452542	0.452542	0.452542	0.452542	0.452542	0	0.452542	0.905028	0.905028	0.452542	0	0	0.452542	0.905028	0.452542	0.452542	0.452542	0.905028	0.905028	0.452542	0.452542	0.452542	0.905028	0.452542	0	0	0.452542	0.905028	0.905028	0.452542	0.452542	0.905028	0.452542	0	0	0.452542	0.905028	0.452542	0.452542	0.905028	0.905028	0.452542	0.452542	0.452542	0.452542	0.905028	0.452542	0	0.452542	0.905028	0.452542	0.452542	0.452542	0.452542	0.905028	0.452542	0	0	0.905028	0.905028	0.452542	0.452542	0	0.452542	0.452542	0	0	0.452542	0.452542	0	0	0.452542	0.452542	0	0	0	0	0.452542	0.452542	0	0	0.452542	0.452542	0	0.452542	0.452542	0.452542	0.452542	0.452542	0.905028	0.905028	0.452542	0	0.452542	0.452542	0.452542	0.452542	0.905028	1.3574	0.452542	0.452542	0.452542	0.452542	0.452542	0.452542	0.452542	0.452542	1.3574	0.905028	0.452542	0.452542	0.452542	0.452542	0.452542	0.452542	0.452542	0.905028	0.452542	0.452542	0.452542	0	0.452542	0.905028	0.452542	0	0.452542	0.452542	0.452542	0.452542	0	0.452542	0.452542	0	0	0.452542	0.452542	0	0	0.452542	0.452542	0	0.452542	0.452542	0	0	0.452542	0.452542	0	0.452542	0.452542	0	0	0	0	0.452542	0.452542	0	0.452542	0.452542	0	0	0	0	0	0	0.452542	0.452542	0	0	0	0.452542	0.452542	0	0	0	0.452542	0.452542	0.452542	0.452542	0	0.452542	0.452542	0	0.452542	0.905028	0.452542	0	0	0.452542	0.905028	0.452542	0.452542	0.905028	0.452542	0.452542	0.905028	0.452542	0.905028	1.3574	0.452542	0.452542	0.905028	0.452542	0.452542	0.452542	0.452542	0.905028	0.905028	0.452542	0.452542	0.905028	0.452542	0.452542	0.452542	0.452542	0.905028	0.452542	0	0.452542	0.905028	0.452542	0.452542	0.452542	0.452542	0.905028	0.452542	0	0.452542	0.905028	0.452542	0.452542	0.452542	0.452542	0.905028	0.452542	0.905028	0.905028	1.3574	1.3574	0.905028	0.905028	0.905028	1.80961	0.905028	1.3574
0.659649	0.815762	0.576862	0.639943	0.639943	0.452535	0.639943	1.01175	0.639943	0.639943	1.01175	0.639943	0.639943	0.639943	0.639943	0.659624	0.159992	0.4525	0.904943	0.904943	0.4525	0	0	0.4525	0.904943	0.4525	0.4525	0.4525	0.79988	0.861497	0.639943	0.639943	0.639943	0.97309	0.861544	0.79994	0.576862	0.639943	1.01175	1.01175	0.639943	0.659649	1.1198	1.0118	0.79994	0.576862	0.639943	1.01175	0.639943	0.639943	1.01175	1.01175	0.639943	0.639943	0.639943	0.639943	0.97309	0.861544	0.79994	0.79991	1.01175	0.639943	0.639943	0.639943	0.639943	1.01175	0.639943	0.357761	0.159992	0.904943	0.904943	0.4525	0.4525	0	0.4525	0.4525	0.159992	0.357761	0.479966	0.357738	0.159992	0.357761	0.479966	0.357738	0	0.159992	0.357761	0.452535	0.479966	0.357738	0	0.159992	0.505915	0.357738	0.159992	0.505915	0.357738	0.4525	0.4525	0.357738	0.861497	1.01175	0.639943	0.357761	0.57682	0.4525	0.4525	0.4525	0.79988	1.28964	0.639943	0.639943	0.659624	0.57682	0.4525	0.4525	0.4525	0.4525	1.24933	0.861497	0.659649	0.861544	0.973115	0.79991	0.639943	0.639943	0.639943	0.97309	0.861544	1.0118	1.0118	0.79994	0.79991	1.01175	0.639943	0.452535	0.639943	0.639943	0.639943	0.639943	0.452535	0.639943	0.639943	0.357761	0.226253	0.505915	0.357738	0.159992	0.357761	0.639943	0.639943	0.452535	0.479966	0.357738	0.159992	0.357761	0.639943	0.639943	0.452535	0.479966	0.357738	0.159992	0.357761	0.452535	0.452535	0.479966	0.357738	0	0.4525	0.4525	0	0	0	0	0	0	0.4525	0.4525	0	0	0	0.4525	0.4525	0	0.159992	0.357761	0.479966	0.357738	0.4525	0.4525	0.159992	0.505915	0.357738	0.159992	0.659624	0.861497	0.357738	0.159992	0.357761	0.639943	1.01175	0.639943	0.639943	1.01175	0.639943	0.639943	1.16458	0.973115	1.1198	1.36668	0.639943	0.639943	1.01175	0.639943	0.639943	0.639943	0.639943	1.01175	1.01175	0.639943	0.639943	1.01175	0.639943	0.639943	0.639943	0.639943	0.861497	0.505915	0.357761	0.479966	0.79988	0.4525	0.357738	0.479966	0.639943	1.01175	0.639943	0.452535	0.639943	1.01175	0.639943	0.639943	0.639943	0.639943	1.01175	0.639943	0.97309	1.1198	1.7226	1.59945	0.904943	0.904943	0.904943	1.80943	0.904943	1.35727
0.576808	0.815684	0.659586	0.639882	0.639882	0.452492	0.639882	1.01166	0.639882	0.639882	1.01166	0.639882	0.639882	0.639882	0.639882	0.861415	0.357704	0.452457	0.904857	0.904857	0.452457	0	0	0.452457	0.904857	0.452457	0.452457	0.452457	0.576766	0.659562	0.639882	0.639882	0.639882	0.799834	0.799865	0.861462	0.659586	0.639882	1.01166	1.01166	0.639882	0.576808	0.973022	1.0117	0.861462	0.659586	0.639882	1.01166	0.639882	0.639882	1.01166	1.01166	0.639882	0.639882	0.639882	0.639882	0.799834	0.799865	0.861462	0.972998	1.01166	0.639882	0.639882	0.639882	0.639882	1.01166	0.639882	0.47992	0.357704	0.904857	0.904857	0.452457	0.452457	0	0.452457	0.452457	0.357704	0.47992	0.357727	0.159977	0.357704	0.47992	0.357727	0.159977	0	0.357704	0.47992	0.452492	0.357727	0.159977	0	0.357704	0.505867	0.159977	0.357704	0.505867	0.159977	0.452457	0.452457	0.159977	0.659562	1.01166	0.639882	0.47992	0.799804	0.452457	0.452457	0.452457	0.576766	1.073	0.639882	0.639882	0.861415	0.799804	0.452457	0.452457	0.452457	0.452457	1.02421	0.659562	0.576808	0.799865	1.1197	0.972998	0.639882	0.639882	0.639882	0.799834	0.799865	1.0117	1.0117	0.861462	0.972998	1.01166	0.639882	0.452492	0.639882	0.639882	0.639882	0.639882	0.452492	0.639882	0.639882	0.47992	0.678667	0.505867	0.159977	0.357704	0.47992	0.639882	0.639882	0.452492	0.357727	0.159977	0.357704	0.47992	0.639882	0.639882	0.452492	0.357727	0.159977	0.357704	0.47992	0.452492	0.452492	0.357727	0.159977	0	0.452457	0.452457	0	0	0	0	0	0	0.452457	0.452457	0	0	0	0.452457	0.452457	0	0.357704	0.47992	0.357727	0.159977	0.452457	0.452457	0.357704	0.505867	0.159977	0.357704	0.861415	0.659562	0.159977	0.357704	0.47992	0.639882	1.01166	0.639882	0.639882	1.01166	0.639882	0.639882	1.36655	1.1197	0.973022	1.16447	0.639882	0.639882	1.01166	0.639882	0.639882	0.639882	0.639882	1.01166	1.01166	0.639882	0.639882	1.01166	0.639882	0.639882	0.639882	0.639882	0.659562	0.505867	0.47992	0.357727	0.576766	0.452457	0.159977	0.357727	0.639882	1.01166	0.639882	0.452492	0.639882	1.01166	0.639882	0.639882	0.639882	0.639882	1.01166	0.639882	0.799834	0.973022	2.14525	2.04776	0.904857	0.904857	0.904857	1.80926	0.904857	1.35714
0.45245	0.639822	0.639822	0.659524	0.861381	0.799789	0.799758	1.01156	0.639822	0.659499	1.02411	0.452414	0.452414	0.452414	0.452414	0.904771	0.452414	0.452414	0.904771	0.904771	0.452414	0	0	0.452414	0.904771	0.452414	0.35767	0.479875	0.639822	0.639822	0.639822	0.639822	0.639822	0.639822	0.45245	0.639822	0.639822	0.639822	1.01156	0.972905	0.861381	0.799789	0.799758	0.639822	0.639822	0.639822	0.659524	1.11959	1.01161	1.01161	1.27948	1.27948	1.01161	1.01161	1.01161	1.01161	0.97293	0.576753	0.639822	1.01156	1.01156	0.639822	0.639822	0.639822	0.639822	1.01156	0.639822	0.639822	0.639822	1.0729	1.02411	0.452414	0.452414	0	0.452414	0.452414	0.452414	0.452414	0	0.159962	0.505819	0.35767	0.159962	0.357693	0.45245	0.479875	0.35767	0.159962	0.357693	0.45245	0.45245	0.639822	0.639822	0.45245	0.479875	0.505819	0.357693	0.479875	0.35767	0.159962	0.659499	0.861334	0.35767	0.452414	0.904771	0.452414	0.452414	0.452414	0.452414	0.799728	0.479875	0.639822	1.01156	1.01156	0.639822	0.639822	0.639822	0.639822	0.972905	0.861381	0.799789	0.576753	1.01156	1.01156	0.639822	0.639822	0.659524	0.815607	0.576753	0.639822	0.639822	0.639822	1.01156	1.01156	0.639822	0.357693	0.576711	0.452414	0.35767	0.479875	0.357693	0.576711	0.452414	0.452414	0.904771	0.452414	0	0.452414	0.452414	0.452414	0.576711	0.357693	0.45245	0.45245	0.639822	0.639822	0.479875	0.35767	0	0	0	0.452414	0.452414	0	0	0	0	0	0.452414	0.452414	0	0	0	0	0	0	0.452414	0.452414	0	0	0	0.452414	0.452414	0	0.452414	0.452414	0	0	0.452414	0.452414	0.35767	0.505819	0.159962	0.452414	0.904771	0.576711	0.357693	0.639822	0.639822	0.639822	1.01156	0.639822	0.639822	1.01156	0.639822	0.799758	1.51714	0.972905	0.639822	1.01156	0.639822	0.639822	1.01156	0.639822	0.639822	0.639822	0.639822	1.01156	1.01156	0.639822	0.479875	0.799728	0.452414	0.452414	0.452414	0.452414	0.452414	0.452414	0.452414	0	0.35767	0.479875	0.357693	0.159962	0.35767	0.861334	0.639822	0.357693	0.505819	0.861334	0.639822	0.659524	0.861381	0.97293	1.16436	0.639822	0.659499	0.576711	2.15097	2.17459	1.01156	1.01156	1.0729	1.9254	0.904771	1.2491
0.452407	0.639761	0.639761	0.576698	0.799713	0.861299	0.972813	1.01146	0.639761	0.861252	1.24898	0.452371	0.452371	0.452371	0.452371	0.904685	0.452371	0.452371	0.904685	0.904685	0.452371	0	0	0.452371	0.904685	0.452371	0.159947	0.357659	0.639761	0.639761	0.639761	0.639761	0.639761	0.639761	0.452407	0.639761	0.639761	0.639761	1.01146	0.799683	0.799713	0.861299	0.972813	0.639761	0.639761	0.639761	0.576698	0.972838	1.01151	1.01151	1.27936	1.27936	1.01151	1.01151	1.01151	1.01151	1.11949	0.659461	0.639761	1.01146	1.01146	0.639761	0.639761	0.639761	0.639761	1.01146	0.639761	0.639761	0.639761	1.28927	1.24898	0.452371	0.452371	0	0.452371	0.452371	0.452371	0.452371	0	0.357636	0.505771	0.159947	0.357636	0.47983	0.452407	0.357659	0.159947	0.357636	0.47983	0.452407	0.452407	0.639761	0.639761	0.452407	0.357659	0.505771	0.47983	0.357659	0.159947	0.357636	0.861252	0.659437	0.159947	0.452371	0.904685	0.452371	0.452371	0.452371	0.452371	0.576656	0.357659	0.639761	1.01146	1.01146	0.639761	0.639761	0.639761	0.639761	0.799683	0.799713	0.861299	0.659461	1.01146	1.01146	0.639761	0.639761	0.576698	0.81553	0.659461	0.639761	0.639761	0.639761	1.01146	1.01146	0.639761	0.47983	0.799652	0.452371	0.159947	0.357659	0.47983	0.799652	0.452371	0.452371	0.904685	0.452371	0	0.452371	0.452371	0.452371	0.799652	0.47983	0.452407	0.452407	0.639761	0.639761	0.357659	0.159947	0	0	0	0.452371	0.452371	0	0	0	0	0	0.452371	0.452371	0	0	0	0	0	0	0.452371	0.452371	0	0	0	0.452371	0.452371	0	0.452371	0.452371	0	0	0.452371	0.452371	0.159947	0.505771	0.357636	0.452371	0.904685	0.799652	0.47983	0.639761	0.639761	0.639761	1.01146	0.639761	0.639761	1.01146	0.639761	0.972813	1.517	0.799683	0.639761	1.01146	0.639761	0.639761	1.01146	0.639761	0.639761	0.639761	0.639761	1.01146	1.01146	0.639761	0.357659	0.576656	0.452371	0.452371	0.452371	0.452371	0.452371	0.452371	0.452371	0	0.159947	0.357659	0.47983	0.357636	0.159947	0.659437	0.639761	0.47983	0.505771	0.659437	0.639761	0.576698	0.799713	1.11949	1.36629	0.639761	0.861252	0.799652	1.92522	1.95157	1.01146	1.01146	1.28927	2.15077	0.904685	1.02401