3.68903	22.8363	21.7168	24.9388	38.5909	34.5093	22.2869	28.5008	32.1022	18.4269	26.9551	42.266	40.9515	39.311	42.2565	37.8363	33.5147	52.1269	51.3157	43.9476	25.9785	40.3687	56.5787	25.1672	39.923	49.5349	41.5418	28.6752	57.4156	52.8375	18.4243	56.0884	56.9361	49.4731	47.7732	64.8385	61.6919	42.2683	28.7288	39.898	48.2571	42.3855	40.4275																																																																																																																																																																																																																					
17.4393	16.0586	17.1583	20.9708	9.0773	18.1903	22.101	31.6369	34.5277	22.5613	34.3855	44.3443	45.6102	43.646	50.2415	43.757	31.5671	51.594	50.6232	31.9702	2.4941	35.2827	59.1602	30.1437	36.08	38.734	40.1158	35.0557	51.6697	54.2991	15.3308	45.994	50.4733	53.1005	57.6169	62.6465	58.6959	39.7551	25.7941	38.5386	49.1279	41.0926	40.4907																																																																																																																																																																																																																					
10.0082	6.96188	20.3235	29.7639	31.5066	14.5451	13.0759	28.4136	40.8369	45.8799	51.2836	57.7049	52.0482	39.8679	43.5582	43.7879	33.0422	31.8888	39.6339	39.8696	36.4236	46.5124	57.475	42.1938	37.1606	28.0759	44.3272	39.5897	42.7543	55.8155	43.6435	42.9829	51.8336	60.7441	55.6095	54.7973	51.5751	36.4522	36.6763	42.8847	45.8427	36.8846	41.7263																																																																																																																																																																																																																					
15.1059	16.9399	15.3877	22.0386	35.9765	45.3863	41.5286	30.38	9.05818	26.4759	43.5898	53.3993	44.4197	12.8987	47.8135	47.8583	43.0591	17.3603	15.9989	42.6051	48.7119	53.6417	56.5431	32.4215	14.0947	21.0486	37.576	44.4386	17.9292	54.3145	61.4292	63.6617	60.9084	57.6419	49.4991	50.4813	46.7757	29.3411	36.8358	46.4724	46.5064	33.5647	41.6328	32.7587																																																																																																																																																																																																																				
14.4902	7.44061	16.709	21.2906	19.0198	33.9973	44.7858	49.9945	49.917	37.9962	15.7938	25.1194	37.9382	40.6562	42.8876	43.2051	50.0837	47.8532	30.0363	32.0494	33.117	54.3644	62.9297	38.6221	38.1711	50.3631	52.3082	34.5104	17.1967	22.972	55.1789	65.4334	67.9226	64.9898	56.5834	51.8763	47.4788	36.6856	26.4883	40.609	50.2274	37.3626	39.6837	35.1146																																																																																																																																																																																																																				
8.17744	7.26931	16.5085	23.6381	9.35434	6.44553	16.5966	28.2945	48.4081	52.9346	24.951	13.3743	33.8357	39.8245	42.2982	42.0344	42.5326	48.7583	54.3016	35.1816	22.7104	48.9872	62.4611	36.6326	46.7014	53.2472	48.8876	43.6159	20.9985	48.3782	56.3768	52.4579	50.6611	48.4373	47.9123	42.9616	38.3066	30.2268	5.37247	31.9638	53.2435	44.199	37.8763	35.131																																																																																																																																																																																																																				
7.12682	8.32557	10.378	22.7521	20.3399	17.3611	15.8484	4.41435	38.3932	57.5544	49.5792	20.7235	21.2511	32.3352	36.6402	34.9987	24.2931	35.4901	62.1181	63.7122	63.2679	64.9312	67.7342	47.5694	43.6477	55.5553	36.3398	40.5997	56.2398	54.8885	48.4778	56.9132	66.6594	66.7326	61.0463	51.2408	42.4472	33.6734	18.3349	30.7414	53.061	44.4114	36.2338	36.5851																																																																																																																																																																																																																				
7.66879	12.9254	3.56349	15.4257	20.0406	26.2077	19.1814	7.86584	18.7658	50.2172	56.1647	37.3091	6.33328	29.6594	45.1183	50.8639	24.0169	32.1751	54.6414	63.5617	63.4705	67.7026	72.1355	60.5179	25.9814	55.8593	55.4815	39.6756	53.993	49.6426	25.8283	57.0875	66.2029	67.5913	64.478	58.6362	50.1779	32.2687	25.7193	42.5291	51.155	38.6069	31.7126	36.8909	28.7895																																																																																																																																																																																																																			
4.04473	14.8512	2.53052	3.54052	8.54543	28.7233	20.3667	9.53326	11.9768	29.8786	54.5664	44.1948	8.54543	23.4178	48.0792	56.0425	4.04473	50.8569	20.8105	9.04002	21.2517	63.3055	72.9544	64.2925	11.0042	54.7359	61.1064	40.3158	2.53052	18.1098	52.2277	50.6542	14.8512	44.454	56.356	56.9678	50.4498	22.5594	26.7398	47.1589	50.0355	35.2646	27.9386	35.6009	31.0078																																																																																																																																																																																																																			
6.96879	15.9902	6.54014	7.00465	9.41857	29.0301	23.0759	17.2782	21.5375	19.0852	53.3448	53.3501	42.6671	2.4858	47.9351	57.8707	46.5137	51.6193	24.9946	16.5402	23.9468	60.7638	72.8834	67.5415	31.1381	47.8406	59.0713	46.8282	38.9173	16.1467	47.2698	58.7321	48.6378	41.5652	52.1041	59.3269	55.9374	40.9279	43.2048	46.3408	45.5717	34.5951	27.6416	34.2629	32.2488																																																																																																																																																																																																																			
13.5147	12.6036	7.80384	10.4513	15.4547	29.6268	25.551	24.9708	35.8053	19.9146	37.7302	47.5248	48.3085	38.896	43.5519	60.0841	62.078	55.9785	37.5626	24.3733	20.6423	49.2093	70.7048	70.2743	64.3533	58.6618	40.8116	33.4121	52.2394	56.7725	34.4535	62.3552	67.5943	62.043	41.8728	58.794	59.5211	36.3865	31.0597	33.477	38.3087	33.8446	23.9515	29.2996	35.0019																																																																																																																																																																																																																			
20.6977	2.15448	12.1861	10.2945	8.20317	27.4968	18.6782	8.67485	19.7802	44.1965	43.1564	48.937	52.2827	36.8139	13.6153	12.0707	33.7476	34.8752	39.9607	32.9496	25.6283	36.0418	58.7116	63.86	70.0801	70.3907	64.3972	52.5131	41.796	48.117	67.1234	50.552	64.8361	68.6744	66.4402	60.2926	54.2123	32.891	37.2372	37.6724	41.0109	32.8041	17.4553	20.7407	35.9824																																																																																																																																																																																																																			
28.6594	27.991	22.7611	23.175	20.3243	36.0835	40.7182	38.5901	34.6949	42.6686	51.1416	44.1601	28.6329	31.4056	34.6216	36.4792	39.8942	21.3307	44.0894	36.4819	30.4079	39.0894	44.1212	46.1451	60.1538	63.5748	65.3045	65.104	65.1837	37.7655	66.8982	64.0675	24.3867	37.9474	62.6188	66.5518	61.685	52.258	46.1682	38.0523	30.9634	40.0563	34.3558	25.4482	39.5287																																																																																																																																																																																																																			
18.4644	25.2453	24.9888	23.5545	22.5905	32.6637	42.8355	44.4163	35.1321	26.3142	30.8219	25.5066	17.5494	25.3574	19.0994	17.413	32.9531	33.1765	29.6365	42.7728	35.9187	45.2897	45.883	29.1385	44.5847	39.1401	51.2164	57.4762	62.5721	46.155	52.2773	64.8915	51.9673	48.9126	40.6489	39.5697	35.4103	30.8223	26.9905	8.38158	29.074	43.5045	44.6991	30.5204	43.789																																																																																																																																																																																																																			
33.2914	37.7274	34.649	29.2637	24.9231	35.0312	43.9334	42.5174	40.185	45.0226	57.3739	61.8219	58.4749	53.6776	51.4108	39.8944	27.4249	45.2097	16.4122	38.1454	39.6481	46.1062	43.735	48.9698	44.7219	37.5994	58.3951	64.5249	62.8534	46.5455	40.0939	59.6023	60.4767	65.7993	70.574	71.5976	67.6598	60.4792	55.0098	47.1416	23.7736	26.1766	43.2331	31.7032	45.8425																																																																																																																																																																																																																			
37.1196	36.711	31.9309	29.7903	20.2471	37.2688	42.0364	43.9818	45.8302	53.3586	59.8431	61.9664	58.29	55.7971	51.4836	31.5675	44.9901	35.7522	25.3368	11.6843	37.0226	57.1069	55.3424	59.1336	39.3895	57.8613	60.2893	54.4744	41.8476	42.6948	46.3388	19.539	43.0753	56.6069	69.3394	71.4167	69.0309	65.1375	64.9322	64.3273	55.8183	41.2648	42.1607	29.4362	46.1401	40.6108																																																																																																																																																																																																																		
26.0172	1.52836	27.7639	26.7547	8.54274	28.4348	21.1393	2.88258	25.3605	37.2792	28.4559	16.6549	1.86734	38.9538	48.9542	39.3465	51.5139	6.55024	38.8731	49.5948	20.0185	45.531	47.3336	34.283	40.7582	62.4237	53.9304	55.8166	58.1697	58.6083	56.8222	51.2995	41.0257	38.942	40.5771	47.066	49.9657	26.2655	35.5012	50.1448	60.3087	55.5518	45.1412	21.7268	45.2501	42.9605																																																																																																																																																																																																																		
23.6118	7.9887	30.1655	21.0101	10.8738	23.9624	22.6435	9.24908	26.7681	32.352	24.8788	15.8263	1.93436	44.8873	55.7622	48.4037	44.1451	39.1865	42.3575	55.1247	48.5795	33.2914	6.8499	21.0837	46.257	62.8035	57.7701	55.112	56.0563	59.5335	58.7026	58.8942	54.2945	57.0512	53.4391	55.7669	59.2996	57.7427	59.6623	50.8574	53.6871	58.6257	50.4339	23.7043	43.77	41.8753																																																																																																																																																																																																																		
13.3581	13.1475	28.3106	15.0099	12.3436	19.0956	22.8499	18.7081	28.4226	31.0411	23.7511	20.3973	17.9017	55.6483	61.0734	54.0435	28.6421	52.8827	47.1398	52.5397	55.6533	53.9832	54.0904	46.6498	6.25901	52.8067	62.3128	67.4962	70.1628	70.2752	69.6373	69.876	67.5297	67.2166	65.4114	61.4607	57.6378	57.3648	65.0317	69.1111	65.3808	58.9573	51.7517	36.585	41.5021	35.3768																																																																																																																																																																																																																		
2.57788	11.5601	21.2427	9.86656	10.7916	14.8856	21.3168	23.1644	30.2506	30.8944	23.7151	21.1639	41.8422	63.4682	58.0207	32.4386	17.3507	52.5356	51.6603	23.2766	37.4479	55.0058	63.4479	64.9771	54.1481	42.8489	33.2565	22.2222	16.5403	22.8889	35.3181	53.576	62.1586	67.0923	65.2343	62.7528	55.8856	59.1185	57.4431	57.5478	57.5714	55.6788	48.314	35.7995	33.9171	25.7557																																																																																																																																																																																																																		
9.30642	8.07536	16.3221	10.5155	3.78426	14.6618	22.4086	21.4266	30.2232	34.3595	26.8868	29.9383	57.7311	65.9614	37.5355	34.4913	44.1687	34.1431	49.7231	20.9491	20.0964	58.4478	56.0707	65.7004	55.2839	55.7532	59.9599	63.6592	63.3397	56.8221	56.8525	50.8377	10.7012	52.6906	61.7428	62.69	58.9695	53.6914	31.8447	51.1399	55.5002	52.4235	45.7197	41.1336	35.7526	25.0261																																																																																																																																																																																																																		
8.034	9.74232	14.362	11.5013	5.17211	13.648	24.0359	17.1974	27.1882	35.3775	17.2755	26.6894	58.7669	61.9497	9.86468	50.0257	35.9247	20.7834	38.9421	35.5269	38.4292	62.5317	35.2964	64.7966	45.1879	32.8924	35.1073	28.2642	52.302	32.7704	50.0593	59.7049	54.6249	16.1259	37.5494	39.666	29.7896	20.0723	42.6228	58.6867	51.3805	52.2495	50.8446	52.4658	45.3495	30.033	10.0681																																																																																																																																																																																																																	
14.5562	18.2736	22.0843	20.9984	16.1796	17.9155	26.8214	27.6801	42.0403	53.1114	51.3795	37.5287	47.3032	58.396	24.89	53.6648	26.4577	48.1323	18.2941	42.4366	39.7879	61.7594	35.12	58.5577	67.1671	64.9522	55.0788	36.2059	49.1288	44.4595	43.7979	56.9088	52.1026	43.1883	55.286	64.2084	67.4826	68.64	68.0891	55.6458	38.2372	28.0948	41.266	56.8951	53.4545	37.5217	14.631																																																																																																																																																																																																																	
17.1692	18.2719	23.8264	21.3795	15.7894	17.3528	23.0243	28.6262	40.7047	50.9454	52.5828	46.1299	12.1563	55.299	26.1444	53.9244	39.6673	53.5129	22.9884	44.8156	31.2982	53.3193	60.1424	57.1346	66.8647	66.0648	59.3933	52.7415	37.2175	50.8731	43.0618	64.3529	42.9151	40.1504	57.5714	65.8502	68.6193	68.9637	67.7608	60.8812	51.9955	22.1724	38.109	59.1887	58.5172	44.9825	21.064	8.17067																																																																																																																																																																																																																
16.6835	12.2295	17.6276	13.1635	2.43033	10.6172	16.5427	9.68736	20.0298	39.0347	46.274	44.7241	6.55015	49.2573	23.4783	53.861	44.6657	52.9304	34.5961	48.1115	32.1128	43.9429	65.4059	60.0634	12.3408	43.8952	57.2787	60.7774	56.5948	54.5285	44.0717	66.7607	36.1771	42.9049	56.8015	62.5746	58.8978	22.3872	39.1586	57.5866	46.8816	43.347	34.6996	58.8	59.6693	48.4861	24.2021	7.39892																																																																																																																																																																																																																
7.74649	6.62319	15.7261	15.7628	7.11388	2.57639	13.7647	13.0935	35.6088	49.6581	47.7944	22.3861	25.95	42.1509	11.2739	55.482	44.7014	54.617	41.2693	46.8765	34.157	39.9146	62.8596	64.4764	56.3274	26.6809	44.37	57.0026	48.4329	25.2906	51.6351	62.8896	39.9098	51.1238	59.137	60.6474	43.9709	40.1539	47.2983	48.1805	24.4032	15.5119	43.6262	58.0016	59.9266	50.9393	21.4399																																																																																																																																																																																																																	
18.6476	18.2146	19.95	20.0858	16.998	12.5664	19.5981	20.8257	35.2801	36.1717	10.7581	30.6607	21.4725	30.8429	12.8406	55.8897	41.7064	56.3154	44.5388	41.0578	30.2056	36.5043	47.1109	46.638	49.7117	51.4984	10.1376	46.4036	41.1323	23.5212	52.5486	58.3059	50.1996	32.397	50.5268	61.1277	54.6175	61.8129	49.3096	41.658	39.6329	44.031	48.8122	50.3584	60.4202	52.0885	11.3036																																																																																																																																																																																																																	
12.4394	12.1485	14.7508	15.9599	13.1589	3.9901	14.452	19.2836	33.496	27.6677	15.8924	9.35979	27.3981	40.2796	24.4077	53.7362	45.2949	55.3124	45.325	39.6665	33.2356	44.9604	49.0276	48.6767	40.2454	30.6759	50.9247	28.0694	62.6665	65.3784	67.1279	67.3692	63.8908	51.2802	25.3377	47.6	45.6064	49.3795	33.6238	39.177	38.1711	23.4305	27.2015	36.8466	60.804																																																																																																																																																																																																																			
7.32831	10.6359	11.609	16.2758	14.5546	4.96587	11.5868	22.1833	33.8461	22.1968	7.82268	17.0417	21.6256	32.6206	26.3538	49.4357	49.2171	52.3533	48.4907	35.8749	32.1682	44.9661	52.2308	46.4012	11.754	44.5589	61.3501	58.6945	46.6687	53.2515	55.8945	54.7941	60.9036	60.6395	21.8881	26.8422	23.0914	10.0828	25.0977	41.138	34.4591	28.2061	27.3896	28.2698	59.7095																																																																																																																																																																																																																			
9.7461	9.57426	12.3652	18.0776	12.457	9.04498	11.6434	19.8953	33.701	25.0584	8.64804	15.5369	17.7153	32.3437	29.296	47.2176	50.8195	48.0603	54.4648	21.8259	32.1629	39.8241	53.1548	52.8786	30.016	56.2994	61.4956	68.8807	30.2122	42.0503	39.3847	29.2051	60.0256	62.996	17.5077	36.1829	36.8975	40.3459	39.3729	54.4018	56.8293	56.2514	49.5763	39.1061	61.325																																																																																																																																																																																																																			
11.6936	8.96817	14.1429	16.9787	9.5993	10.7031	7.97901	11.7335	31.7057	29.0221	15.6483	14.4671	22.0384	32.1223	35.5636	51.3162	50.2826	41.3751	60.7327	49.1068	43.9489	48.0675	47.1454	39.9479	61.6328	65.3302	65.9723	72.4934	55.8461	49.622	56.1262	61.7669	63.7795	59.0783	20.6972	48.8621	49.3263	48.6765	40.0625	11.5852	55.6441	63.9139	62.7373	54.4889	65.4177																																																																																																																																																																																																																			
11.2267	9.03426	13.4297	14.2813	6.05197	1.78611	2.79426	6.2587	27.2482	25.8893	23.4776	24.8551	27.7097	21.2001	23.4991	50.0929	40.173	22.535	49.1809	51.6285	39.1734	49.5724	30.9179	40.0928	64.4817	55.6554	60.4707	70.4603	60.1922	39.4658	65.4834	65.1167	57.1248	33.3951	31.9139	42.6704	62.1303	63.1884	58.5119	57.6935	48.7477	38.0662	57.9867	59.0119	67.0586	58.7793																																																																																																																																																																																																																		
11.9822	7.63827	10.2521	12.6006	7.49411	3.98828	5.23942	3.39503	24.0058	24.1425	23.646	28.8406	32.6232	19.4119	8.43161	42.6289	32.0356	22.0057	27.4241	48.8978	44.4998	26.5178	35.7653	52.9509	59.8253	14.4241	62.7199	69.3376	61.5911	41.5781	69.4699	59.3468	25.8548	19.0067	42.2794	38.4341	27.0379	14.0033	39.728	62.5248	64.0615	50.6649	53.0223	54.4527	68.1005	63.2995																																																																																																																																																																																																																		
19.4778	19.8318	16.785	10.8817	4.07425	4.54474	10.6242	7.25003	18.7716	30.3805	28.0921	24.2181	35.803	26.28	37.4293	30.1767	33.1403	36.7341	38.5554	53.8184	57.6439	48.089	48.6572	57.257	57.856	24.4909	67.2924	67.3351	53.3472	12.0497	61.8633	65.2151	64.7237	61.7033	53.0847	26.7878	30.8919	16.7037	8.64474	49.6593	67.7927	68.7673	59.9441	23.5771	66.0949	68.0457																																																																																																																																																																																																																		
17.2698	19.17	21.1374	21.1029	15.9349	10.286	1.19803	8.77168	12.218	27.3622	30.9464	29.3344	41.2502	34.7341	34.4719	41.5191	33.1063	34.0566	39.616	30.6188	34.988	59.5597	64.8644	57.2425	46.4494	37.8271	67.4791	69.7203	68.6128	66.336	53.0393	13.063	41.1303	61.827	62.8557	39.802	36.2319	16.7444	5.00117	22.0418	38.8111	54.9424	60.8831	60.9748	60.9881	66.4021	30.1939																																																																																																																																																																																																																	
11.22	8.74804	8.49654	8.38116	16.1028	21.8604	21.0004	11.8172	9.27504	17.394	31.9742	39.3859	46.1208	42.3997	27.3619	29.3907	33.6243	39.9964	46.3935	46.1966	21.0677	51.999	66.3401	62.4354	53.1743	10.6461	58.6142	63.277	64.4454	68.0706	65.7913	63.3052	64.442	65.0256	61.0704	49.5625	39.5801	34.5541	45.4078	42.4927	26.8444	23.1207	36.3684	54.9363	57.6888	58.893	27.529																																																																																																																																																																																																																	
16.7269	11.7532	14.2708	14.8065	6.07258	13.5383	15.1871	17.6088	8.5756	10.0498	20.5179	39.3847	51.5857	35.4127	32.1046	46.1471	46.2786	47.9152	52.1258	49.4142	34.1088	57.1257	67.0766	50.4652	51.3641	46.8527	43.6619	51.1906	38.8933	50.2668	55.3952	48.2354	51.3219	50.9182	43.1157	41.2726	43.0924	31.24	30.029	27.3121	27.9918	19.3406	13.4171	17.5703	37.5889	44.5106	15.8709																																																																																																																																																																																																																	
16.987	15.7087	18.995	21.666	10.1394	3.02758	9.24703	20.8817	15.1422	13.5993	20.3545	20.9837	53.9447	36.1575	37.3217	18.9448	25.5685	52.5998	53.2471	42.2541	40.0443	57.6538	67.6007	48.3849	47.3445	43.4658	28.11	45.5176	42.0701	40.0328	55.5456	40.0531	41.2256	43.8244	40.5743	36.6865	37.1999	36.8792	29.2395	15.5139	10.1275	9.26552	21.272	25.9284	26.9572	27.2555	12.8181																																																																																																																																																																																																																	
12.2833	11.7931	17.2793	22.961	20.3626	13.1595	7.62191	10.7682	22.1937	16.5045	15.6751	28.4932	55.0712	50.1994	47.0302	33.1003	46.5482	42.7811	40.4886	56.0929	58.9065	48.5216	67.3725	56.6148	48.625	31.8768	31.8667	53.7859	58.4566	58.0756	65.5575	64.9537	62.0758	55.6815	47.1399	40.1397	23.7922	31.0285	23.3043	13.328	25.6757	29.1512	31.6904	18.6736	11.7677	31.6363	30.9694																																																																																																																																																																																																																	
12.1141	7.81454	9.03607	16.053	24.3881	26.5243	22.9058	16.8007	6.61198	26.5583	41.8693	39.6824	50.8072	56.4794	49.2966	51.6766	51.111	45.8037	58.1633	61.4134	64.1066	54.488	68.3539	62.0867	54.8823	48.0293	45.7122	31.0327	12.6456	19.2817	8.85708	41.5529	48.2584	49.0186	47.3555	41.1416	34.7714	36.2063	32.6333	35.0412	32.6064	7.50784	15.7362	41.2835	48.2673	43.0968	36.522																																																																																																																																																																																																																	
15.0359	11.9635	9.64796	4.45394	4.40013	11.657	11.3727	11.3838	15.3419	17.4674	11.7637	6.17278	14.4988	31.5812	45.3694	59.3757	62.5364	54.4812	43.0379	41.1146	61.8544	66.7172	71.1133	64.1745	48.2042	18.2074	34.7789	52.8194	56.5698	55.1986	55.2674	42.8214	32.1115	15.4669	29.8143	34.8502	38.6502	41.6648	36.1596	11.5759	32.5006	43.3492	38.8071	54.5855	39.5074	54.2527	39.4715																																																																																																																																																																																																																	
10.0223	11.7914	13.4632	13.1739	9.8731	19.3624	20.9761	20.3174	21.2776	7.41683	14.3038	21.1074	17.3598	16.6339	14.6848	42.4367	53.2693	50.4274	16.9447	23.414	42.7278	59.5951	60.9594	39.2219	4.11371	27.223	54.8943	49.9774	30.4545	16.3259	41.3538	32.4622	36.4891	43.6875	21.6802	7.98023	20.1529	24.7103	17.1474	34.7917	47.6602	37.7891	18.1626	52.5304	28.1195	62.167	34.5749																																																																																																																																																																																																																	
15.6843	17.7325	17.7569	18.1429	17.4722	18.9495	13.3453	8.80569	25.6626	42.1263	44.4226	47.2929	51.8552	57.1477	60.825	57.2965	41.9855	40.8879	54.329	54.4474	47.7744	29.4447	45.6998	61.719	62.5131	63.881	63.4874	39.9866	28.7438	26.7627	44.5515	28.9327	9.7406	41.3977	34.7867	33.7651	48.2748	56.4406	58.4069	53.0588	30.2248	27.0293	17.0736	49.2513	39.182	61.8094	32.3338																																																																																																																																																																																																																	
16.5594	17.9654	17.6541	17.9654	17.5984	14.0015	4.64348	10.9313	36.0693	45.8459	44.7288	47.4882	52.0636	57.1111	60.6189	58.6412	44.1045	42.4599	55.5716	53.4002	47.9269	42.2786	56.5068	61.906	62.4196	64.8833	60.5367	55.6184	46.7698	37.7133	42.8027	26.6806	21.4352	29.9686	35.8647	35.8672	52.2415	56.6707	58.4258	50.457	29.1862	12.3687	32.7613	36.208	46.9484	58.5045	33.2164																																																																																																																																																																																																																	
17.4552	15.7171	14.769	13.747	12.8194	13.499	16.688	20.525	36.6098	34.1796	12.2252	18.1854	29.2774	36.9463	23.4604	35.1153	49.6567	50.4141	38.5864	29.0526	42.6667	53.0807	55.8742	36.2083	32.5357	55.2171	38.6832	62.1181	55.0442	44.031	28.2335	28.1039	40.5587	33.7184	41.4486	37.7856	42.5915	6.75874	23.6117	34.4232	36.1793	24.7477	40.4751	13.7626	51.1272	54.7435	33.3746																																																																																																																																																																																																																	
31.06	21.6751	20.7502	21.3937	23.7322	26.9442	29.3155	27.4724	30.4386	27.2796	5.45667	6.909	26.1883	44.7866	53.0772	51.3685	51.4065	24.3925	33.4096	35.3491	52.8731	45.7534	31.8039	51.6167	43.2302	50.4444	35.3818	62.2084	57.0431	48.8785	21.9536	42.335	47.7192	45.9868	53.8634	48.1072	20.7268	18.9444	19.177	17.164	40.7397	52.2125	41.5189	19.6929	51.6465	49.6874	32.6552	23.5753																																																																																																																																																																																																																
33.7652	15.2645	10.9008	10.3795	15.5075	16.3185	11.6188	2.08734	16.9773	28.8711	26.5838	17.9669	32.0233	40.7031	48.3411	46.2744	25.0756	18.4878	28.6381	34.4404	44.5139	37.0153	19.9072	44.0746	58.411	56.3323	35.9711	59.974	56.4445	48.2068	9.77346	43.5994	41.7615	25.7762	25.4664	24.3172	22.0505	15.1304	43.636	54.9215	54.9994	41.4699	31.8097	39.3309	48.534	43.5643	28.8993	26.7695																																																																																																																																																																																																																
34.0319	12.3641	8.68123	4.84107	12.6773	5.0575	5.78818	13.6546	16.9021	25.5992	29.3325	28.4466	34.4058	42.3683	14.863	21.0219	28.741	34.0989	27.624	39.5939	21.8539	55.0956	24.1325	26.2154	56.2982	57.567	18.6995	57.5254	54.4576	44.4772	5.90893	45.9264	40.9033	12.0301	27.3353	16.601	20.6527	35.5293	44.2899	40.2064	30.5889	40.0707	47.9196	39.2493	42.5866	38.5224	23.5069	27.1058																																																																																																																																																																																																																
36.7972	14.5191	13.4527	7.87142	16.9441	9.08293	3.67221	13.8439	12.3597	4.23226	13.4545	27.0069	27.717	25.2971	38.7475	47.2026	36.3612	29.2705	23.8754	45.9448	9.99547	63.629	39.1542	50.0803	52.8116	60.3247	17.9317	57.3286	51.2022	45.0864	12.1818	45.9814	37.8631	23.9149	31.5497	5.90852	8.12903	30.8221	37.5976	27.7109	30.21	50.425	49.1131	36.7678	42.8846	39.4662	21.5146	29.047																																																																																																																																																																																																																
44.1862	21.8333	20.9003	11.3156	20.5629	21.3271	14.9237	4.3351	6.35974	17.667	17.5186	16.2178	7.70502	39.7369	56.2917	58.3481	56.5702	51.6775	39.7499	50.5927	16.7382	65.276	25.3158	58.8548	45.1878	61.6788	12.5433	57.5951	50.311	47.4493	30.6411	49.6264	36.1873	30.244	33.1541	22.8733	17.0454	15.3364	39.1419	34.7465	22.5273	52.6414	50.4946	39.9006	48.7563	45.4625	18.1193	30.1284	22.2961																																																																																																																																																																																																															
52.5622	42.9504	40.1807	25.6312	8.09505	19.3665	24.4152	22.898	18.9242	24.975	12.7071	3.75678	39.654	55.3866	54.5636	54.7666	57.1749	53.9773	51.1406	47.4599	40.5915	57.3892	45.6107	55.4949	21.3346	62.3005	21.5997	55.8763	54.6641	46.8975	35.1275	36.8064	17.3619	16.9767	31.6458	24.7157	16.725	31.3126	50.0511	59.5662	39.4214	47.8108	49.2157	36.4958	48.6145	44.6443	16.418	27.3826	25.7618																																																																																																																																																																																																															
56.0874	53.8327	51.1336	41.6305	14.2404	14.6804	16.4234	13.238	13.2784	25.0378	18.5506	12.5463	54.6629	57.583	47.2986	45.3346	39.7215	46.9349	53.1022	53.8633	59.1969	36.531	55.0289	43.7828	30.2056	60.5039	25.2408	51.8138	51.1841	35.8313	1.99294	32.0988	47.1562	43.9224	35.9169	26.7148	14.6432	38.57	19.5273	51.4525	57.1414	57.4975	57.2756	45.8038	42.5771	35.7607	14.8178	24.2663	29.1084																																																																																																																																																																																																															
40.8964	49.9577	51.7379	43.2274	14.1743	21.1678	23.5524	21.065	22.056	28.3073	34.7411	28.0862	59.9672	54.371	34.1722	35.2039	22.7063	42.9705	33.4993	39.1507	59.1385	24.0813	55.0089	24.6504	29.4346	55.6138	21.2272	56.4788	46.1066	31.5092	23.8459	32.0527	28.354	32.4612	29.806	28.089	16.8105	34.5166	38.7472	16.0716	40.1605	47.9771	47.9723	21.9708	26.9496	32.9734	7.38989	18.2568	31.4644																																																																																																																																																																																																															
25.9229	50.2713	51.2242	44.5906	15.7369	16.026	14.0637	13.514	8.64288	27.7651	31.8455	33.4039	58.5607	48.4034	28.3968	39.9209	37.3639	25.4066	31.1566	12.4918	58.6412	28.5704	55.2127	1.76447	35.8342	47.7688	15.1034	49.5876	35.155	40.7629	38.7074	35.3081	15.1494	5.96881	21.2589	29.0328	35.4548	17.4277	38.617	22.3585	10.0339	18.6021	33.2381	32.7415	39.3697	44.6193	8.05603	14.5456	30.6592																																																																																																																																																																																																															
1.99229	48.0787	49.9988	50.1914	35.9418	12.8073	13.771	2.87773	15.5597	31.7966	12.6011	33.1572	49.2021	49.6793	41.5967	41.5578	43.8509	28.3041	35.0226	42.7296	58.0202	23.1397	59.7089	41.5727	51.6394	39.005	19.841	44.9039	55.8789	62.5279	61.3643	57.4953	49.9	38.0002	30.8998	15.7741	40.731	41.5515	27.6781	20.7072	15.8171	19.8633	41.3518	53.7092	56.0298	58.3503	20.6153	12.6984	28.6674																																																																																																																																																																																																															
24.61	36.7788	42.8237	49.6652	45.2484	9.86589	17.7243	28.4294	21.0515	20.3223	42.0808	32.6713	29.8369	35.9578	31.4562	51.6314	55.6738	16.237	53.7351	57.8558	53.7573	8.7105	67.635	53.5754	58.2763	43.9683	51.1312	58.0419	59.5143	57.8075	60.5516	63.2553	65.8296	63.7971	60.3241	46.7701	24.6135	12.8246	32.505	27.0208	2.55049	25.8685	40.138	42.5347	56.1657	62.8603	27.238	16.3257	30.3684																																																																																																																																																																																																															
33.3815	20.2041	42.4098	53.6669	51.0476	28.7917	9.18365	11.0899	20.6002	43.3129	43.717	41.9454	45.461	49.9995	43.529	54.8294	53.6739	44.8692	66.4603	49.3605	22.3088	32.65	67.7529	43.414	52.8338	52.4088	60.8637	63.7909	64.5718	61.9194	61.8139	57.8785	56.0046	55.0902	53.4429	27.1196	29.5392	41.8902	36.6546	3.66525	31.7686	40.8074	47.3201	35.8433	54.5031	61.8094	28.8071	15.6455	33.1446																																																																																																																																																																																																															
41.4996	28.8389	37.1032	56.0966	53.4213	35.3998	15.8723	13.3418	30.3552	44.938	23.3537	25.5269	32.9232	38.4164	31.0876	50.4721	42.9673	57.5495	65.067	10.7564	30.9814	23.5032	64.1981	54.8795	29.9026	42.7651	58.1527	55.3177	54.8583	58.1097	56.2503	47.0663	58.6045	63.8419	58.9595	34.2122	19.5495	16.0018	39.068	36.86	26.0999	38.2973	46.9434	42.7593	42.992	57.987	30.9256	13.0183	34.6175	33.9435																																																																																																																																																																																																														
43.7585	29.6803	44.6543	55.6243	51.6	32.1486	11.6532	9.65073	20.8255	37.7513	37.728	17.5938	32.1094	42.2653	39.5609	42.8369	18.0182	57.1722	55.3705	50.4071	51.7532	54.2083	62.4129	58.199	35.2549	48.4574	49.0888	31.2849	47.7476	55.2704	65.2509	68.7847	67.3062	53.3836	52.5778	61.1292	45.7064	17.6242	33.9569	38.0884	32.9494	15.0672	31.4689	40.2133	38.7301	50.0116	31.5997	11.7914	32.7787	36.1176																																																																																																																																																																																																														
38.7425	28.4962	46.0707	48.3585	44.0764	24.5855	7.95106	10.9761	8.69288	18.8956	37.5452	41.0934	41.0353	47.7501	44.2597	28.4391	30.8321	47.5947	26.2874	51.6579	52.5686	54.8318	55.5677	49.4224	45.1995	54.9999	39.6067	46.062	47.7063	56.1899	70.4306	69.7748	63.0107	36.9656	58.5714	62.2078	57.7049	42.4593	38.3185	23.0302	26.9226	7.37446	20.8982	35.5022	34.8873	31.0281	31.7777	14.3315	27.0108	35.7944																																																																																																																																																																																																														
37.5817	25.4511	41.0327	38.5022	33.107	15.2447	26.296	39.1399	39.3516	36.7985	21.1879	40.057	50.6014	53.1889	41.4153	8.85338	43.2695	37.5541	28.52	36.2015	25.6517	26.844	37.0609	34.4164	38.024	53.7316	32.2366	62.5546	40.8049	48.4025	68.2123	59.9485	22.8048	61.0267	62.1498	47.6264	61.8969	50.15	37.868	12.1996	20.6785	17.5223	6.21152	3.39986	16.1375	21.6403	38.056	23.5693	26.6517	36.9812																																																																																																																																																																																																														
41.6931	25.7776	49.9624	40.6677	16.3871	21.1601	42.7147	46.7331	46.6744	47.636	40.7704	9.48968	49.4719	57.8219	39.5159	25.1268	36.8382	44.0405	44.5855	50.7269	52.6148	53.8594	49.491	20.8433	21.147	57.6877	34.5413	67.0978	53.8517	55.465	60.2935	48.7441	58.2712	68.0776	60.7242	60.481	64.5997	51.1368	35.1715	22.8498	29.6127	26.0659	14.1727	14.0163	32.158	23.7731	40.5009	25.3253	27.0972	39.9174	28.2163																																																																																																																																																																																																													
45.1169	23.1522	55.4151	40.9685	16.9598	31.1182	28.4741	23.3478	11.7058	28.9632	34.3719	37.8719	38.5286	56.9473	43.7205	44.6667	20.9961	48.1057	40.4136	50.0147	52.04	41.0699	8.69731	37.0256	36.3814	59.9987	45.8169	61.9389	54.8115	45.3511	28.6282	48.7982	65.955	64.7331	32.054	61.0493	62.8899	53.3657	49.6906	49.4	45.4823	35.586	35.0651	43.0458	40.9907	27.4992	41.8178	25.7141	23.8014	37.4629	30.8617																																																																																																																																																																																																													
47.5389	16.3927	54.2545	40.3979	19.1097	17.5901	12.1156	27.6273	25.0395	13.427	31.6084	36.8675	18.5844	48.7621	41.7041	46.5019	39.9955	19.283	22.5758	46.0012	48.578	26.6522	56.057	53.3404	45.8026	55.3957	59.0215	56.2504	53.3493	53.0288	20.9664	60.7766	57.8913	41.3971	40.788	64.1726	60.9647	37.3118	7.7613	26.9581	45.7444	31.485	22.6573	20.4357	6.56152	38.4476	38.2636	25.7178	25.65	32.2547	29.5009																																																																																																																																																																																																													
47.0582	45.1555	51.1741	39.1907	22.525	23.5359	19.4915	26.6499	40.3008	17.4233	36.8275	46.5947	39.4169	38.2509	42.163	40.9739	44.8391	14.8076	28.3481	47.1783	54.4997	40.446	63.6073	50.3471	49.3061	29.5234	11.7036	41.1148	43.2125	42.065	35.3201	56.9789	40.3444	50.547	52.1279	67.1992	64.4293	51.5417	51.4967	45.4626	39.2729	23.3806	14.0955	21.214	24.9934	38.7412	30.0452	24.3006	25.3988	25.971	30.1777																																																																																																																																																																																																													
21.3435	36.2985	42.4037	37.2523	18.3361	20.5197	12.0987	17.5435	45.4755	36.451	20.9574	34.4013	32.8976	8.30366	39.6727	44.229	44.8439	13.4595	44.6051	49.0942	56.5081	39.7337	63.5387	43.8259	52.4492	50.6998	36.0307	50.7075	43.5989	41.7456	26.8164	42.7367	43.6527	48.8547	46.5614	65.0051	65.015	30.0389	31.2989	38.0542	30.4139	21.0831	6.23121	2.02967	7.19372	35.2287	37.4081	26.812	19.4806	17.9642	32.2535	25.0079																																																																																																																																																																																																												
17.3954	39.7306	39.625	33.1672	8.74532	17.2844	13.6262	25.286	41.6749	36.5178	15.9646	11.6757	34.8969	31.7992	38.9935	48.8486	42.666	16.7796	44.4576	28.5338	34.643	54.3688	59.3562	30.2149	49.912	56.4154	22.5074	39.3112	45.2101	40.1981	28.7229	51.4491	59.035	57.6096	56.8941	62.7568	56.8605	30.1786	25.872	19.9769	10.26	17.4608	13.4313	15.8646	19.4417	25.5978	36.3294	32.129	22.4629	20.6096	35.4544	29.5657																																																																																																																																																																																																												
42.0079	34.3801	30.6641	23.1423	9.54836	19.7335	26.0045	33.1932	27.3939	20.8015	26.8965	22.0945	29.9483	33.3647	36.3039	48.0238	31.3569	12.1223	33.154	38.114	45.1982	56.2235	48.0984	15.8635	41.6551	49.0721	45.5291	25.1186	53.4941	49.8662	49.5008	55.9083	59.075	57.576	57.2006	56.2796	20.7158	25.4469	35.7679	17.752	12.612	32.5564	14.3735	15.9886	19.8684	15.9429	19.6376	30.6646	22.7598	22.8848	37.7942	33.1573																																																																																																																																																																																																												
46.2798	8.28686	14.0646	4.80875	20.3249	26.8621	29.3013	30.3885	17.946	11.1315	22.8511	32.6477	9.79191	21.8486	31.0906	43.6601	17.7593	10.4603	28.1188	45.5367	53.2359	41.4499	20.1993	43.3702	35.6096	27.5259	55.3137	39.8685	58.6771	53.353	53.8966	46.6493	16.4939	18.1671	18.6957	15.972	18.3275	2.69219	29.177	24.0826	19.9434	31.6159	29.0793	35.5772	38.4683	41.5229	38.2848	36.242	20.3605	19.7023	36.4557	36.7445																																																																																																																																																																																																												
42.0559	25.0272	24.1092	21.9496	28.6041	15.6372	17.6832	26.0044	23.4841	18.5335	31.6262	43.7418	44.5643	29.5593	37.1373	33.499	5.57217	13.1577	14.3876	33.5775	45.878	50.0813	26.2642	55.9969	10.1676	39.6072	58.163	50.7684	58.0823	51.4634	52.1008	43.3319	24.7088	20.9883	23.8392	12.6814	8.35994	11.162	10.767	22.3873	28.5164	30.3031	48.3504	55.409	54.0647	37.6504	36.0579	40.0926	22.8643	17.6832	30.1139	39.1094																																																																																																																																																																																																												
30.6045	26.4425	20.772	35.535	33.1221	20.2624	22.1501	23.1408	9.23669	24.5501	15.8515	23.8048	48.6358	42.7769	15.4668	13.0255	3.99354	23.6087	47.6745	56.899	58.1704	61.0829	22.1482	54.032	54.9629	53.1795	51.1932	46.8375	36.7406	50.0955	53.6604	44.289	20.1527	14.9325	15.3077	28.268	33.5803	31.7014	32.3017	15.4372	25.2373	15.5887	39.0218	35.1062	41.1128	45.4633	42.9196	40.3962	21.5515	13.9926	21.5804	37.6342	31.6191																																																																																																																																																																																																											
49.2089	8.3948	13.4739	34.2965	32.9086	32.749	37.0043	16.8861	20.9788	10.8754	34.6223	39.5671	42.5478	37.5437	21.9953	12.5377	9.77703	35.8537	37.6788	40.7845	52.7257	57.4475	50.3821	40.2354	57.3198	50.3427	50.8725	51.994	24.6193	33.5855	60.3236	55.9283	12.7033	8.11139	8.4242	7.29887	8.39521	12.901	27.5917	26.9663	39.778	40.0189	52.0212	45.1938	45.3384	51.5953	42.2074	35.4264	18.2285	11.7621	14.1901	31.4587	35.3222																																																																																																																																																																																																											
59.5906	27.9923	4.4438	36.5342	45.8302	39.063	24.3631	12.0274	30.7397	13.1238	45.0898	32.9433	33.7062	32.4596	9.82547	12.0908	18.9661	43.9804	43.293	30.184	50.7547	50.2249	54.1255	52.8574	26.2351	30.0971	50.7844	45.6182	34.1634	29.1078	56.6231	60.6133	20.6998	6.05165	11.6345	20.5858	28.7178	24.4192	7.29164	26.3843	34.3446	22.2187	47.3812	41.9132	37.2103	47.4541	41.1006	31.8248	15.3868	10.4199	10.9502	22.7647	34.5227	20.3168																																																																																																																																																																																																										
60.5486	43.746	26.2813	32.5503	50.6167	38.3371	12.7264	23.6195	17.9512	20.7405	36.2615	34.6351	46.3213	43.2438	25.8476	22.3233	19.6888	28.769	48.4667	51.9126	51.1571	50.9821	53.6708	53.2473	18.9122	11.0724	51.2552	44.2321	39.0593	42.386	49.9681	60.4074	25.1267	12.2652	14.2356	1.92404	12.0012	15.9649	19.9749	11.7562	27.1541	23.4282	24.8618	36.8219	19.0559	45.8597	35.4372	26.9245	12.4065	12.6206	13.2735	20.762	35.1142	25.188																																																																																																																																																																																																										
61.5564	45.5857	40.5863	0.958091	49.3831	50.8392	19.2214	27.7654	2.86667	20.4718	19.5393	29.9133	54.8222	48.2672	12.0749	14.5593	27.8091	18.9275	26.9599	43.4505	46.211	49.2118	45.6092	37.7044	39.8523	23.4986	36.1701	53.555	57.7553	59.2462	53.0243	54.0544	27.6814	16.1718	17.8904	8.10891	15.8596	19.9755	15.2999	14.8263	18.5824	16.4682	13.3901	41.5362	25.5901	44.2103	34.5861	22.8362	7.94001	8.66826	11.5945	18.136	32.1113	28.5122																																																																																																																																																																																																										
60.217	45.5054	50.6853	39.418	30.273	56.1305	40.2823	23.6151	11.4438	23.9455	26.1046	36.0737	56.6491	46.268	18.4037	25.4206	24.2407	17.7514	46.3234	49.9701	39.2371	47.0828	54.8497	55.4112	57.5105	56.337	42.8607	23.5135	33.2347	48.8511	52.3137	45.6894	33.1378	25.6704	30.7561	26.3771	18.4394	21.9757	6.78051	14.9036	22.7961	7.04724	28.6757	15.0148	36.2567	34.9928	32.2298	17.4252	9.99493	12.1532	15.013	17.3745	24.8001	29.6842																																																																																																																																																																																																										
54.7776	57.9399	61.3774	59.0672	20.0153	51.3602	54.3112	19.9726	21.4569	15.1401	31.9813	37.9077	59.0061	47.1857	36.0536	44.7495	51.4526	50.5546	23.9828	43.8141	51.153	58.6381	60.7935	55.7924	55.9852	59.1126	59.9494	53.059	30.0491	11.9485	2.16322	15.9712	21.6654	5.78867	22.9971	38.7979	22.6086	27.377	19.4959	18.7441	20.4669	7.52104	25.531	27.5092	1.67777	22.4748	31.1112	10.5201	5.39443	15.5911	16.2884	14.7251	17.9605	31.7734																																																																																																																																																																																																										
21.9501	18.6665	54.6832	65.4685	53.798	30.5387	56.9489	41.5259	23.8521	15.7918	31.305	37.53	61.6676	47.0909	40.6046	36.9845	16.4052	51.3823	61.1137	44.2311	14.4014	4.54998	32.0644	36.1566	32.0046	32.9567	53.8007	50.1276	42.9785	55.1018	52.1609	43.3881	35.0631	38.9321	36.7405	28.3572	23.7382	33.3788	28.3326	31.4051	20.2299	18.9296	12.6219	24.7064	41.4517	40.3249	34.8404	17.1259	16.8964	13.6299	14.641	10.3272	15.0571	35.9198																																																																																																																																																																																																										
54.7545	57.5433	53.6127	59.5851	57.5283	18.1963	46.1345	52.4733	36.0356	24.8926	29.2644	29.8518	61.1003	51.2929	37.7144	49.9873	48.6169	28.9765	53.3859	64.3225	60.2289	58.4041	50.2949	43.4466	44.3883	43.2334	37.5661	44.6417	62.2553	62.1883	60.1674	53.4811	43.239	43.1415	38.6748	12.5483	30.3157	46.5164	38.093	33.2847	31.7337	27.1434	25.9769	34.929	24.7075	49.4156	40.1306	13.8056	14.5079	13.7616	12.8836	5.84911	4.49396	35.3155																																																																																																																																																																																																										
34.6567	31.5419	37.1632	42.1699	49.4574	39.6115	2.58772	38.9743	46.9859	48.5983	37.9576	43.2827	58.6201	58.1382	31.0055	44.2158	45.5226	52.9855	41.5745	56.3244	63.2967	62.7573	56.4453	5.14361	49.5993	48.2847	48.189	51.9723	48.7189	45.4063	59.2078	63.0457	59.9345	43.1053	40.0927	33.1277	24.7204	23.4451	16.8501	3.77554	20.9172	23.7903	28.0598	51.1207	44.6891	49.5324	31.7999	18.8621	9.48511	4.99563	7.388	6.88689	7.5945	34.2091	34.0851																																																																																																																																																																																																									
57.4512	27.5615	34.9969	43.9006	48.1032	40.1757	27.5157	9.58018	47.287	57.0365	47.1118	36.3565	53.0264	57.9628	8.23283	53.6948	51.5392	53.7099	46.0163	27.2394	41.1395	45.0324	59.3544	44.8907	29.9561	40.8534	40.4199	22.5883	16.3303	16.7647	37.2641	51.7245	52.1361	58.7046	51.0754	20.529	14.2831	20.9025	29.5742	31.6315	14.3611	13.9456	21.5868	37.2194	36.2274	30.3551	23.0631	11.1503	14.9311	19.2347	20.9666	22.4229	23.4279	39.0997	38.3769																																																																																																																																																																																																									
58.6662	34.3509	46.3855	52.7571	57.1983	51.4378	43.1755	17.739	42.6155	54.7848	51.1764	49.5292	59.1599	59.3995	23.2625	56.8202	53.2608	47.2462	44.989	43.9027	36.6063	24.2687	56.803	57.0453	27.7522	46.774	43.7557	37.5418	40.6034	52.9098	45.4223	20.8376	39.4546	61.7061	54.6888	27.7354	9.89752	8.78897	8.99372	19.8074	28.677	34.3308	28.8273	11.782	16.0094	12.6142	23.3919	1.98721	4.90612	5.10621	5.34549	2.76407	6.49312	37.1608	42.2958																																																																																																																																																																																																									
60.2079	48.9894	53.6969	57.0601	59.7386	57.9225	53.5658	36.3835	40.2294	48.344	34.0865	55.1223	66.7564	62.5064	15.3792	56.237	54.9201	41.2616	59.6767	63.9091	57.6665	38.6069	45.4901	66.1191	53.0052	47.3566	57.1825	60.0123	48.5907	56.4806	61.8698	54.7973	39.1583	47.8225	56.733	53.7449	34.9444	12.6536	15.1038	27.3007	49.024	53.6149	47.2404	37.4834	9.91074	23.423	25.5182	9.14326	7.8791	6.63484	9.07589	6.71585	11.1713	25.9747	42.3861																																																																																																																																																																																																									
58.3604	43.0401	45.419	53.1753	55.9049	49.7208	48.3606	42.1594	38.3098	52.2602	22.0619	37.149	66.9821	66.3676	21.2432	50.0878	53.421	53.2108	59.9887	61.5555	59.8865	60.945	9.9631	67.3451	66.2817	55.103	58.7532	58.1644	50.0012	39.369	35.4057	62.407	62.9175	43.3408	25.0735	57.2882	52.3239	30.5225	20.8157	46.4842	50.2693	55.7972	55.2807	48.341	38.3685	34.1854	22.4867	18.4919	21.6636	10.4133	8.99201	12.3662	10.3271	15.7154	39.4681																																																																																																																																																																																																									
54.2641	30.4405	56.3746	60.3249	53.7822	46.4472	43.7734	39.1113	31.0805	58.5259	29.3995	28.5567	61.7776	65.2496	27.6926	40.9761	38.5392	30.6509	28.0782	39.5345	45.0043	64.2359	50.3667	57.8204	71.2297	71.4219	64.3225	10.4836	49.6955	53.9953	52.5709	44.4186	58.9435	64.4321	55.7181	28.8807	54.7884	41.9355	33.0446	46.4823	53.3524	42.8788	57.7678	56.1743	55.56	47.0709	16.4006	5.94112	21.7938	25.9947	14.173	5.89865	13.6567	20.1877	41.1489																																																																																																																																																																																																									
55.8966	47.3984	31.517	25.9045	22.2269	37.7524	31.6184	29.5544	13.6518	58.3913	51.6425	18.2513	56.1387	64.1294	16.1074	42.3818	47.1849	44.2219	44.9817	44.4807	18.6037	58.7853	65.2713	38.7949	58.7745	58.5745	60.7799	53.2906	40.7422	49.0764	58.4984	55.8622	29.3385	55.7519	65.7619	17.889	50.7674	37.4181	25.8909	36.0319	55.8854	22.6537	46.4195	53.4183	58.2629	53.2315	24.7741	12.6248	7.12828	20.1066	17.8514	10.9947	1.08106	15.7996	44.5103	37.5311																																																																																																																																																																																																								
61.0364	52.1155	15.2455	43.6199	49.6009	53.5147	42.5851	34.9466	9.32791	52.4962	60.3766	40.162	53.0398	60.7556	53.2327	40.8034	40.155	28.1247	56.7899	61.1746	56.6384	43.6724	64.0632	56.9918	19.5638	26.0945	64.0338	60.5003	30.6227	43.9977	59.8217	61.8634	37.3931	36.7348	65.2325	58.1148	34.7664	42.9639	35.3071	40.7877	57.4913	41.2441	23.4165	50.8134	62.3796	57.3029	24.0778	18.2925	12.4493	3.01332	16.2597	23.8086	24.1296	20.1233	39.9983	38.6482																																																																																																																																																																																																								
61.0771	39.4345	40.5393	48.9271	51.0916	57.5082	48.513	39.0655	33.4254	35.1997	59.2021	54.1177	50.744	46.5996	54.0734	42.4393	27.4645	54.0525	62.3571	61.1428	60.1545	36.3543	45.7244	60.1601	52.4229	25.0558	65.5719	60.615	8.58309	30.1536	61.7249	64.4997	42.2009	14.3764	54.5153	65.1028	31.6139	54.4504	44.0171	40.8833	56.4777	51.8418	23.0171	46.5319	66.7753	60.9648	19.7804	15.7762	14.9596	14.7446	18.0812	23.3653	24.2336	19.537	26.1993	36.2971																																																																																																																																																																																																								
53.1296	14.7433	54.0156	42.3731	31.9145	55.0311	47.1742	37.3489	42.3731	6.0089	53.3098	57.362	48.0872	0.502573	25.7549	44.7471	18.8858	61.3891	58.4953	16.1441	51.2414	48.5318	10.4373	55.8398	61.9549	17.5253	65.6585	59.8159	22.8333	6.50551	61.2734	65.2245	43.4513	26.9653	14.7433	64.5919	45.4977	58.4953	44.9995	30.8153	52.9479	54.5297	38.598	35.7269	68.0588	62.3929	16.1441	8.97247	12.3689	22.8333	16.1441	4.51391	7.00115	7.49573	17.0671	34.7208																																																																																																																																																																																																								
54.7558	5.8459	52.1531	52.1545	37.277	51.9029	45.8668	35.8693	43.7988	9.301	52.7423	58.4041	51.4804	32.8314	42.792	54.9929	38.22	52.9143	60.0369	12.9803	46.7676	59.4741	49.4044	56.9824	60.5997	8.82065	62.9484	56.6229	58.431	53.7526	57.5861	61.897	45.7324	31.3384	9.68368	62.7547	50.0629	55.6143	46.7332	34.9286	55.2644	52.7988	37.8233	32.8645	68.1232	62.4746	17.0206	13.792	16.312	22.658	17.721	11.4086	1.60854	9.32067	15.9553	31.922																																																																																																																																																																																																								
60.9941	48.671	21.3206	41.6728	37.5915	39.8003	36.0144	42.7785	52.1088	35.773	34.5899	60.2334	64.0753	40.3462	28.1469	51.2038	62.891	58.9316	49.4632	38.0959	33.4939	56.5383	62.1281	63.4522	58.7279	34.0574	56.9257	67.6778	72.8455	73.3539	71.1405	64.9194	51.053	38.0041	29.5539	59.5078	65.7087	62.3727	53.6932	48.9192	61.7183	64.763	65.7392	60.0643	66.2698	60.9464	15.9299	8.46741	14.6472	17.1238	14.1568	17.6972	19.1611	16.7563	17.0138	31.9651																																																																																																																																																																																																								
55.7185	54.3131	42.4848	15.8942	6.76795	18.8207	18.1854	38.167	50.9688	48.3637	25.6199	41.0497	65.29	51.0962	20.8018	26.9791	55.3767	60.9223	47.7102	37.9589	16.1695	5.51556	38.9012	48.9495	41.9679	32.2094	43.6646	59.4836	58.8055	63.1307	65.3322	62.2167	51.553	35.1839	28.824	41.9781	57.2005	55.5632	44.0051	41.6798	57.6042	64.5322	66.0814	61.2886	58.4623	56.8951	21.9058	16.3298	13.0951	10.4589	1.08043	6.72199	17.9627	24.7549	23.9163	31.4056	37.8324																																																																																																																																																																																																							
49.5738	41.7703	19.4008	25.7557	39.7498	46.287	44.718	41.4327	47.7272	48.7528	49.0948	22.5189	65.2406	62.1207	16.4106	43.8765	56.4636	18.6707	32.3185	40.65	42.8188	48.5973	49.864	44.5512	36.4734	33.969	25.2052	28.3454	50.1558	50.282	40.683	32.884	44.5171	41.0118	35.0782	26.593	13.7969	9.37176	20.6863	23.8241	28.5428	37.9737	49.3401	50.2864	46.3812	51.1712	20.3349	18.7597	18.1836	12.6628	7.35192	9.23906	13.5142	12.1835	9.46212	22.5388	39.2592																																																																																																																																																																																																							
50.2735	37.7899	14.5288	35.1737	42.6769	48.8067	50.1147	52.7008	52.4402	49	50.3744	38.7597	61.8687	63.5579	28.7288	41.6337	51.2019	24.8814	49.0072	58.6401	57.3588	55.446	47.8408	32.1904	18.5827	20.2436	22.5818	50.1408	57.0863	54.8557	47.0819	21.4771	42.8096	34.0603	35.4729	45.6145	52.3047	44.8483	33.548	27.9063	11.3169	23.2219	46.1734	57.4819	56.4212	47.9413	27.9295	26.8559	25.9936	20.5995	16.7494	17.1094	19.906	18.7837	12.8446	11.3604	36.3654	27.5931																																																																																																																																																																																																						
60.267	44.2866	21.139	50.2075	43.0967	35.2602	24.0947	38.1397	51.3073	47.6585	44.4488	43.6003	54.3987	59.9487	43.2316	49.5452	49.5942	52.6108	51.6019	45.5379	23.124	7.03714	28.8201	40.2822	41.5489	39.4535	43.5293	47.3613	28.5806	46.0569	43.8527	8.406	40.493	19.8004	14.031	56.1049	61.0294	64.053	61.959	61.4676	57.745	47.3461	25.9104	22.8625	34.5453	27.9432	19.7928	18.0954	17.3265	17.8465	17.5586	16.6137	16.0815	16.0178	15.6459	10.5598	26.8626	31.2818																																																																																																																																																																																																						
66.4786	46.5722	29.6085	41.766	45.126	41.572	52.3463	47.6523	43.787	46.3302	42.5689	44.1268	46.8735	53.4842	37.2011	46.7043	51.108	51.0077	26.6256	30.8691	52.1885	56.1846	50.4823	38.3963	30.9711	25.5379	13.4059	30.4348	33.2614	21.2807	32.6004	36.063	31.4367	11.7448	24.5813	62.1535	50.531	60.5483	59.3115	60.6834	64.5663	64.8871	58.5298	39.6179	11.3795	5.77831	9.13052	10.067	12.5821	14.6442	14.0846	13.9131	13.9058	13.5917	15.2081	16.5239	16.0089	27.7182																																																																																																																																																																																																						
71.1619	44.6182	28.288	28.8174	38.1443	28.9356	36.6684	40.8912	20.7926	40.8772	46.2744	46.2744	45.7039	49.7181	38.5675	44.8415	46.5218	30.9674	12.4101	46.8107	53.9317	45.0615	36.9838	18.0314	15.2407	8.30902	20.1818	16.2449	34.3794	28.6426	31.366	28.8231	19.8521	20.1581	26.772	65.7488	46.0255	41.509	41.4133	41.9077	51.0535	62.7606	60.3998	50.1425	26.9011	3.80665	1.82742	2.33411	4.59648	7.94086	7.12077	7.12088	7.92549	6.15272	5.79643	6.33905	5.18379	23.0316																																																																																																																																																																																																						
71.5153	46.882	23.7586	29.8957	40.5131	22.62	40.8907	21.7036	31.8146	30.7964	48.6649	47.7424	45.0145	49.6445	38.3901	47.9683	48.2096	17.8998	32.7304	54.3927	54.7734	37.3157	44.5081	21.8706	14.6885	22.8543	28.9043	31.9712	45.4791	16.5365	12.3789	24.949	29.1853	38.1389	19.2534	66.4898	53.1084	19.2676	38.5589	43.229	42.7562	62.5145	60.1873	54.9901	44.3355	18.5445	2.68473	2.77675	0.532613	4.8634	6.54063	7.28102	9.60128	11.7683	11.0356	6.69038	2.88782	20.9144																																																																																																																																																																																																						
67.2477	44.1895	23.9261	36.38	53.0094	36.7305	44.6257	35.7059	42.5431	23.2403	41.7957	49.3469	31.5505	51.0624	31.5917	54.4188	47.2071	8.66107	54.5354	65.4773	63.7277	56.9492	59.9258	34.3077	22.3029	22.8503	20.9798	35.9848	31.8602	34.8385	5.20698	37.474	23.0816	45.1642	9.98116	63.5235	57.7192	31.0241	40.0673	48.6093	50.0016	60.9386	56.9287	52.0217	52.7887	39.3752	9.6853	5.58772	2.92524	2.38707	5.89126	8.11373	9.94174	11.6618	14.4014	15.2068	13.5536	18.8785																																																																																																																																																																																																						
67.5849	47.9581	31.997	32.6846	46.4755	58.8079	54.3493	47.0808	38.6927	47.8172	43.064	30.7332	1.98377	45.7008	32.4901	53.6841	47.3225	38.7787	65.3096	66.6822	55.982	50.9023	62.7003	41.9243	12.2806	28.3673	5.32171	37.3151	8.20283	38.3222	4.1329	42.9543	16.1842	43.3773	27.2697	54.0892	58.9556	52.2674	51.587	25.6548	61.0554	60.8487	54.4443	40.019	46.2293	41.4819	14.2705	8.98552	6.54166	4.89774	3.58963	3.0971	3.3455	1.82699	4.67607	12.7105	16.7276	15.8124																																																																																																																																																																																																						
69.8044	51.9612	38.8785	44.8362	42.7079	57.4831	60.4175	54.2581	48.7792	53.5488	55.6924	51.4594	44.7319	47.2198	49.5475	52.0116	39.8525	50.7071	65.2711	61.4009	41.318	45.9045	61.1855	48.8883	36.1083	22.1617	34.8676	29.1696	21.4177	34.6676	9.85538	41.5789	27.4773	34.8646	41.9588	38.805	55.5456	51.1486	46.26	48.4575	62.6757	55.4221	48.6834	30.088	36.3522	37.2579	20.3926	13.7781	10.0622	9.06088	8.37241	7.93624	6.81683	5.49673	5.87917	4.60824	6.25058	7.03753	4.34286																																																																																																																																																																																																					
70.5574	51.1359	40.9943	49.7276	41.3632	34.3779	35.8325	33.6581	32.3661	28.216	26.7387	34.3943	36.9311	33.9684	33.7359	38.3049	16.6627	52.3668	62.2918	62.4767	49.5202	37.8192	59.3705	53.8501	46.9118	15.1348	41.6444	11.0759	43.0311	29.0546	20.6609	31.4242	40.1367	8.47475	44.1624	32.1957	57.7885	51.9047	21.5675	49.1628	56.1516	45.5582	42.8408	27.5849	30.3263	34.7982	23.8005	15.5926	8.63214	5.90258	5.32373	4.64834	4.2845	6.48798	8.17868	4.78383	1.75631	1.91892																																																																																																																																																																																																						
70.4453	56.0337	51.1634	31.3087	41.9985	57.8762	59.1403	55.8618	49.981	44.6757	36.9539	35.1609	46.5085	49.7493	49.3364	53.689	55.3664	63.2971	68.226	66.3215	49.2451	37.3264	60.1084	57.4492	43.5862	11.2677	33.7477	13.69	36.2685	17.4983	26.6333	35.7012	49.0342	29.405	45.5829	41.5686	59.2742	47.0308	10.0662	53.2545	46.2824	37.9091	45.512	30.9257	28.7449	30.3203	18.124	16.7651	11.4466	6.53978	4.07849	3.759	4.55274	6.8873	8.60276	6.18685	5.53814	5.65204																																																																																																																																																																																																						
68.048	58.59	49.3797	38.6898	61.9339	66.5925	67.1815	65.5419	61.9547	54.9613	45.6336	35.6896	54.5355	64.1407	68.2186	69.4528	70.4516	71.9409	71.6232	62.3383	32.4897	53.0759	62.9501	54.1744	25.0851	21.8389	14.3429	6.55561	27.2093	34.3613	33.0447	51.4654	53.6103	44.1038	53.5367	56.6332	56.8371	20.96	44.5675	57.6555	43.7669	34.7591	47.7538	38.8754	33.2841	26.4104	9.97598	10.9691	16.5178	19.276	14.2491	7.85602	6.01339	7.10727	8.35683	5.30797	4.28381	5.48677	6.40044	4.61704																																																																																																																																																																																																				
62.7832	58.7303	29.0999	60.226	64.8241	40.2509	37.4336	41.4579	43.6739	46.9154	40.2948	11.932	56.5583	59.3537	54.6541	53.1796	54.0196	58.6445	53.5209	9.34821	43.1371	62.3026	60.7042	32.9688	21.6085	19.6427	7.73527	28.4986	25.9064	32.2041	28.0742	51.7662	44.717	21.4108	37.9801	42.1064	34.9479	22.2674	52.8505	52.1096	40.0959	42.3861	46.7751	39.6688	27.1103	18.8318	9.67187	3.02906	9.84577	16.8601	17.5463	8.85132	6.01017	6.08196	7.99254	4.42668	1.29147	0.887031	4.04686	5.77312																																																																																																																																																																																																				
57.5228	61.0047	35.3361	55.3619	65.3602	59.0398	41.7256	5.9266	44.8141	54.962	38.5003	20.1296	59.451	60.4053	34.274	34.0568	50.0791	40.4794	20.0522	45.9873	52.4168	60.3106	50.1985	39.4828	36.0572	29.3751	14.0476	29.1867	2.80276	29.2705	33.4271	51.4536	36.8938	8.13638	15.2193	23.7471	29.1349	39.7921	46.2177	42.8108	40.6722	36.9864	41.4804	39.4969	25.4597	17.606	11.467	9.44263	12.1037	11.9697	21.9469	18.8124	14.7929	10.0091	10.428	7.23707	4.11933	2.15724	3.04925	5.69396																																																																																																																																																																																																				
48.8843	55.0693	38.6315	19.4498	56.7709	65.6111	61.9936	47.9951	41.5127	61.4336	41.9312	19.4412	54.3143	55.742	47.1114	52.142	54.8959	48.7972	45.9774	46.6029	44.8998	43.319	37.013	53.4001	54.4095	43.6604	33.5504	29.8735	23.3029	35.271	43.9312	45.0955	21.2694	12.4975	14.9338	23.4369	46.0077	49.9241	20.5014	33.6322	50.9855	53.0743	53.2019	46.7082	32.6706	21.7737	17.8955	15.4567	14.4477	14.662	24.6273	27.9803	28.5668	27.7535	26.5299	24.1159	21.767	16.8564	10.5522	8.68987	7.61552																																																																																																																																																																																																			
37.8171	42.0906	24.5964	20.0178	16.1881	42.997	60.315	61.6526	22.242	62.3554	47.2179	24.4778	42.1669	50.0929	53.413	61.3668	52.7282	43.9717	55.6319	39.9586	45.7002	53.9761	55.6487	52.9455	59.5782	57.4708	53.2064	37.7442	28.3671	29.6979	31.1302	19.8481	30.1272	35.0099	25.4096	33.6631	49.7214	47.2594	47.2226	34.5875	22.2194	30.5339	52.1957	44.6473	31.1549	13.7751	3.15496	9.52577	14.731	14.1788	15.7733	21.5525	26.7418	30.8582	33.0435	34.7928	35.2479	33.7709	28.9796	26.3175	23.8452																																																																																																																																																																																																			
48.2821	46.4862	36.6498	34.8572	28.5439	47.8589	61.1997	62.273	8.81361	57.6051	46.1754	51.6921	47.3863	30.3542	48.0717	60.4646	55.904	29.8048	43.8182	36.5112	43.8784	52.3241	56.2441	54.17	59.8111	60.8685	57.5025	37.978	8.27767	23.5713	26.982	7.40319	22.4464	24.7848	35.945	43.9384	45.7328	33.0114	49.6124	57.9065	60.1667	58.032	55.055	40.5473	30.8955	18.8757	13.2927	9.58813	9.74287	6.96141	1.9821	4.33958	5.70621	9.4911	12.1106	17.7288	23.1204	29.0997	29.4173	28.1547	31.3763	25.3133																																																																																																																																																																																																		
41.9901	48.3864	37.2347	44.7084	27.5696	51.7862	56.8421	57.4922	14.7875	46.023	31.2469	38.0351	33.6935	21.4473	38.8737	60.3238	54.0932	13.8955	30.8151	5.06821	10.2801	26.9606	27.4227	31.5077	40.0043	50.9446	55.0154	47.809	29.5154	26.081	39.105	17.2653	27.6883	13.3885	25.5244	29.3993	30.3078	21.9722	18.181	32.1101	37.7723	39.2668	35.491	25.3972	25.4383	17.2533	7.96808	13.6595	15.2961	10.892	8.23456	6.64586	6.17039	6.70808	3.40269	4.19646	3.19373	13.0227	13.6412	11.7207	26.8231	29.9071																																																																																																																																																																																																		
40.8403	49.2714	37.2802	46.3818	12.8958	51.395	50.4497	51.2508	39.534	38.7147	20.6229	17.9596	30.1116	51.6126	58.472	58.4688	46.7982	1.63437	28.7021	17.8447	5.06461	35.4701	57.7988	61.5721	61.0147	64.8717	60.7751	48.7466	30.8926	17.2672	36.0966	37.2106	23.9819	9.00859	41.5797	54.1851	57.7339	55.5135	49.242	40.5794	19.6234	18.1543	21.3798	20.0857	21.0425	15.4586	3.18851	8.14951	15.9581	17.6584	16.7838	16.9298	18.0992	18.908	16.5015	13.6796	9.94264	10.5424	8.50713	9.45547	20.2832	31.2433																																																																																																																																																																																																		
49.7478	56.9289	52.822	42.5165	18.3232	49.2523	42.3195	36.8293	39.1504	31.1945	25.3742	37.9213	45.4555	55.0606	57.4886	44.679	25.4166	19.2005	21.1939	32.7348	13.3968	47.7395	60.9788	61.8819	61.1976	64.7666	55.5772	36.4814	17.8892	17.2655	18.9608	36.4217	26.8757	33.0066	43.6035	54.2468	57.953	58.2151	51.1545	53.327	43.6333	20.7602	20.7958	17.42	15.3908	11.5752	4.37768	6.56977	13.3374	17.5185	16.8722	17.0106	18.2426	18.9551	18.3217	16.22	10.0385	8.21437	4.24753	9.4545	8.96859	26.2542	32.672																																																																																																																																																																																																	
55.3933	57.9822	56.1192	34.8951	30.1134	46.576	36.2865	16.3424	15.9218	23.1759	27.8828	33.686	50.694	52.4525	26.8318	29.3547	41.6627	40.7242	27.6145	37.7239	30.452	55.9834	55.4747	28.9118	34.0634	40.6553	33.9834	50.7833	53.8347	52.0979	41.936	8.73406	37.657	49.8618	45.0019	15.7293	34.8094	47.631	38.5396	54.884	48.9203	15.2701	10.7055	8.36806	10.5016	9.56359	4.39499	4.75269	2.46139	4.63	6.65314	6.00583	6.22095	7.05783	12.3188	16.6268	7.60334	8.66398	14.8332	19.1574	17.3747	18.797	31.9181																																																																																																																																																																																																	
58.0489	52.4485	50.4764	30.5928	32.6602	46.9309	37.4738	29.8038	46.7208	56.7618	59.7591	51.6167	47.227	58.9068	40.2211	22.9731	23.2772	2.93176	41.9676	44.531	47.2898	56.4637	55.7296	3.19257	20.0736	44.2905	59.5668	63.1956	59.7555	53.7063	55.7251	39.4501	37.031	57.0798	57.4375	25.4813	45.336	47.8254	44.3999	51.4089	41.2009	12.5066	10.4204	10.0482	12.9377	10.963	5.34961	5.54901	4.68304	1.13492	3.09298	3.26529	2.96893	4.87833	5.27367	17.1858	22.4881	25.0055	27.3094	26.3635	24.4938	22.8724	24.2509																																																																																																																																																																																																	
47.3215	36.053	37.9591	24.6329	31.3842	47.2503	36.6733	30.3019	46.0679	51.5817	36.6394	49.0762	55.9193	56.7207	7.08909	48.2324	59.158	60.9127	61.9687	61.2439	60.7393	38.9953	42.1551	48.3265	61.2618	63.1765	64.495	57.513	55.3518	52.0284	58.1928	49.6255	16.5951	45.8722	60.5348	29.992	34.4154	40.2553	44.3555	47.2694	35.837	10.0531	8.44989	8.00409	11.8159	10.5053	5.66465	5.85303	5.82919	5.40688	3.56264	1.75422	2.14081	5.17495	5.54852	5.09004	13.1714	15.9879	11.9919	6.04062	2.93157	4.2792	13.8389																																																																																																																																																																																																	
39.0713	25.1826	30.662	16.4243	36.5925	46.4139	24.4722	24.3238	51.8524	59.4296	55.6817	45.8557	43.0497	40.0931	52.885	57.5884	51.5463	51.0205	51.3143	29.3828	28.4387	54.096	49.8006	32.3072	57.205	49.8763	54.897	32.2106	53.1591	57.1044	58.7629	46.8887	25.9624	29.0124	56.6205	35.4887	22.3641	26.9867	46.5883	51.6822	39.4828	9.38192	7.92461	6.64172	11.2897	9.97541	3.97647	4.03487	3.75431	3.005	2.38306	1.78064	2.55454	3.82043	5.32823	8.73124	8.20529	4.76136	7.28766	9.1134	9.44195	10.3594	16.6643																																																																																																																																																																																																	
18.587	35.6405	37.1618	2.96806	49.7627	54.0625	53.0805	55.1255	48.2412	44.4395	28.0299	25.3834	40.1306	25.8711	44.7818	29.3165	22.6602	31.529	35.9008	42.7133	54.6655	41.1857	43.3491	2.14032	59.449	45.6664	12.5044	51.8784	60.5217	59.0761	57.9101	44.3875	18.5965	10.9925	46.7423	52.9693	49.4481	33.638	44.1655	52.1467	40.4133	9.31125	8.68664	7.96243	12.4853	10.0452	3.19159	3.81174	4.36846	3.26422	2.409	2.86065	2.67992	4.43583	7.40185	7.75801	2.88242	6.86964	10.4567	10.6177	7.87582	6.58746	17.139	14.2437																																																																																																																																																																																																
9.83209	40.4786	42.6717	20.5296	54.0526	49.8822	45.1827	39.9335	43.3351	49.9102	48.1016	40.5877	36.7017	16.8994	41.1836	13.6613	41.5687	39.9877	46.4929	41.8199	31.8759	28.5887	47.7175	22.5807	62.1704	44.3495	47.7845	60.8946	56.0686	52.0169	49.0428	28.9597	19.431	18.1615	23.2397	40.6741	42.5926	22.4055	38.3056	50.5582	39.0006	9.68024	10.3817	9.7889	11.3666	7.58326	1.67123	3.78672	4.46328	2.69705	1.8494	3.09672	2.86039	3.48614	6.01303	4.0341	2.83296	7.84558	7.17786	6.97565	7.19259	10.1665	16.9579	13.0534																																																																																																																																																																																																
31.0257	44.7174	35.1002	29.9944	51.9228	47.8825	48.9736	25.5017	26.4706	46.9845	53.0436	58.6684	53.5096	33.4243	40.5077	52.3426	53.0271	37.1903	38.8919	14.3478	17.1229	37.3281	38.8503	54.1246	58.7747	25.0923	44.6315	61.1303	63.3485	60.168	58.4231	44.835	14.2304	23.9347	21.028	9.44897	33.3899	45.8926	51.9129	50.6276	35.672	9.1372	6.11694	9.2446	16.8524	21.7446	22.324	23.0977	23.684	18.9597	11.5014	7.99183	5.31217	4.6809	7.09745	9.28072	7.10624	3.51254	7.36117	11.3397	11.3554	9.05693	12.5922	15.7499																																																																																																																																																																																																
37.0617	38.2197	14.7995	36.0523	45.7746	43.7879	48.0012	43.2389	39.1227	48.875	60.4834	60.6027	61.3309	46.9483	41.5819	52.7823	49.0516	39.7137	43.9778	19.5344	20.4514	33.2359	25.4474	61.1962	42.155	7.78322	12.1044	51.696	63.849	60.8333	61.8778	57.8849	30.5054	18.3079	13.2264	22.3501	26.2762	45.4618	49.893	41.1937	24.1628	6.7042	1.63294	8.78561	16.3925	21.3998	22.447	22.9908	24.3366	23.4274	14.0986	10.6255	6.01202	4.30632	6.11673	8.96041	9.02272	5.50083	8.79074	11.6643	10.0623	4.1441	5.15155	15.2308	15.3118																																																																																																																																																																																															
34.6386	13.7586	9.43372	38.5124	42.0102	41.1695	46.8534	49.5234	42.2857	43.3637	59.7395	43.6273	60.7272	50.1487	44.1478	18.382	3.50296	25.6862	42.2857	25.6862	21.9133	30.3665	6.97993	60.965	2.50364	23.6172	30.738	1.5028	51.9308	44.4047	56.8378	60.7272	36.9455	15.1679	4.50015	29.6148	33.2597	19.7249	18.8321	11.3724	7.96505	1.5028	5.49462	7.96505	7.47304	0.501035	4.00186	2.00337	9.92061	20.6079	11.8531	10.406	4.99776	1.5028	2.00337	0.501035	8.45588	9.92061	7.47304	5.99064	2.50364	3.50296	4.00186	10.89	17.4749																																																																																																																																																																																															
33.5295	12.5723	13.5274	43.271	48.9869	52.1103	58.3613	61.8346	62.0112	62.8109	61.6314	32.7796	59.5206	45.5139	54.8567	53.5167	55.8098	55.6051	55.0676	43.4182	43.1218	44.4793	24.6531	59.686	19.2098	33.5823	13.4077	35.0051	56.8286	49.6615	56.8175	59.766	31.2431	13.6829	16.2162	32.4021	31.0861	24.6047	27.2278	19.2179	17.0189	17.5517	19.9851	18.6519	10.3071	3.16542	3.8628	2.30831	10.7801	19.2089	11.3949	10.5838	4.53081	3.05492	3.81823	8.89235	11.4461	10.6235	6.92632	3.24823	6.11556	8.34118	5.45191	10.537	18.2194																																																																																																																																																																																															
27.6658	9.80409	20.6177	52.8293	59.37	61.5489	65.2355	65.1981	66.1279	67.8438	63.0448	50.4496	60.5334	58.3982	62.6816	65.22	69.2104	71.5805	70.529	66.7473	67.0093	66.165	56.0038	55.3542	14.1972	22.1063	37.8831	53.5498	55.8087	51.4465	56.5641	53.4641	12.9403	14.624	13.6635	31.8377	30.4981	16.7751	25.4952	34.2448	34.4488	29.342	23.074	13.7337	9.98236	12.0798	9.16717	8.163	16.3076	19.0354	12.119	10.1425	4.07071	6.38887	11.0259	11.1072	10.1266	5.1258	3.6423	9.3972	12.873	12.7586	10.255	11.8276	20.0511	16.735																																																																																																																																																																																														
16.7175	6.88258	25.0781	56.5733	59.0907	55.9775	54.4688	49.97	61.0814	58.852	21.2183	35.6959	54.2433	47.9833	49.5263	59.6097	48.9071	55.9888	63.0613	37.5007	39.4759	59.6686	59.0811	17.2697	54.1052	58.3815	52.6083	45.7115	38.5839	44.5954	47.4081	32.224	32.1457	28.5276	23.4528	28.6661	32.1695	6.06345	27.3301	39.7684	37.949	21.0633	11.0209	11.4384	18.4129	18.8289	14.2597	15.8623	20.8568	19.8885	14.794	11.8228	9.41873	9.16114	7.10247	4.08174	3.5596	8.17703	14.213	15.2509	12.4731	9.7976	10.0585	11.075	18.142	24.1314																																																																																																																																																																																														
9.7778	6.3903	35.0304	53.2827	54.2106	56.3314	56.0933	59.4639	66.6928	65.5236	46.7554	42.6544	54.6691	47.9409	49.6502	63.2085	61.6989	56.1064	62.473	48.9685	56.5628	41.852	44.3302	63.2188	58.8866	54.3989	52.8265	50.7698	45.7002	47.996	43.1964	5.37005	28.7488	34.5892	42.4223	27.1694	23.4622	22.5956	36.2878	14.4368	36.2262	17.9697	13.3002	11.2803	17.6981	18.282	6.66387	9.19832	16.2426	13.4646	5.84754	3.00764	2.63069	4.27164	7.9183	10.5857	10.7998	12.4423	13.9923	12.05	11.2491	10.5588	10.8219	10.8645	13.7416	27.2101																																																																																																																																																																																														
7.91709	16.3511	41.1188	45.7011	43.0268	44.5458	38.329	43.3369	67.7156	65.7922	23.6206	45.213	49.6201	41.9973	45.8324	61.0145	60.4409	34.386	58.2739	45.1725	42.1105	56.9079	37.0776	67.8451	51.0677	33.5098	41.1917	45.2234	39.7615	41.2536	41.0081	22.3305	37.2462	27.682	47.9175	23.7003	22.4072	19.3832	19.5373	31.5792	40.6314	19.7095	11.5157	5.49779	12.6956	18.4518	15.9006	12.443	12.3289	8.0548	1.5932	3.92549	5.5818	6.00875	6.17354	6.88162	7.28073	8.26624	10.5189	5.74836	5.51483	5.78864	7.42864	7.94806	6.12323	28.1028																																																																																																																																																																																														
7.35531	27.4835	42.9766	40.029	39.2411	32.4539	22.8311	38.195	65.7552	67.3012	53.922	21.1206	34.0978	39.0146	20.6792	42.4805	64.862	64.8106	62.7568	53.4827	23.8964	55.6318	22.6377	66.6812	59.0306	54.2615	55.1023	46.1745	25.5073	32.5783	41.8811	19.1508	30.4857	36.562	38.3404	19.6077	39.1819	44.861	41.3864	46.7419	44.4244	18.0255	15.1087	9.47355	12.0557	16.918	18.3317	14.386	9.31398	7.52639	10.685	15.9424	22.0999	23.0426	17.4681	13.05	11.4097	4.80517	6.43457	8.80409	7.53464	4.08072	3.28967	6.93412	3.55413	26.0652																																																																																																																																																																																														
5.99972	35.4238	41.9322	36.6034	40.11	24.8728	28.8395	35.8205	49.0469	62.0712	61.4567	43.7716	26.8427	42.1042	38.4196	40.464	60.8502	65.2145	58.0086	48.0685	34.5398	59.628	29.119	62.61	58.5146	52.0366	57.541	56.4442	30.6784	27.357	40.8517	24.5867	11.1113	37.937	13.9936	31.7032	42.3535	44.7782	41.4949	50.535	51.8534	17.5444	16.3898	19.6233	18.2313	18.3804	18.5338	10.1689	2.1599	6.23948	12.1803	18.4637	23.9298	23.8058	20.0519	13.1201	13.0697	9.0275	4.95719	8.57941	8.45068	7.51932	0.559822	7.1686	3.18333	18.9273	30.895																																																																																																																																																																																													
4.9063	35.3562	40.5582	35.5134	40.2426	28.7974	40.2532	47.4823	50.7509	50.5907	56.1996	58.5596	26.6299	46.2259	49.4139	49.9439	27.0703	24.1029	26.2824	22.8516	43.3718	58.4564	44.9734	42.0644	58.0678	46.8902	52.087	55.3876	48.6796	48.0235	48.2044	36.1444	19.9979	30.8519	7.64013	39.5538	40.5769	9.57345	18.744	42.6631	51.7447	27.987	17.1241	23.5982	23.9285	20.9342	13.5316	4.80406	4.59271	7.86677	13.0461	16.8698	14.8305	13.8829	18.4903	8.15836	9.09031	12.2585	7.96879	4.94747	9.35313	13.7332	8.48043	5.60488	4.63631	10.9504	29.4269																																																																																																																																																																																													
4.24393	32.3427	40.8717	36.2664	33.8741	38.062	53.3379	59.2747	64.7817	65.9636	63.1046	65.9667	49.2624	58.0368	50.5342	45.941	34.8764	22.4527	21.7665	20.2007	28.3594	51.5311	62.2357	46.4564	62.5926	66.4576	65.4244	64.0579	60.0872	53.276	55.6536	48.9651	26.2242	31.9768	25.3053	27.1784	51.1131	37.9147	42.5926	32.1727	32.1855	42.6305	36.541	33.2038	37.3426	27.8616	4.1885	5.33588	9.70555	17.9015	22.3316	21.8439	12.2675	22.8597	26.0301	16.3255	14.2924	14.0855	10.8648	8.64144	11.2188	17.4119	18.2913	3.95171	7.46672	8.05363	27.4697																																																																																																																																																																																													
7.83596	39.7898	48.6499	46.344	43.0893	45.6446	52.9872	57.0626	63.1652	53.4127	56.2191	65.3055	54.3443	67.8053	60.4255	55.4192	47.5287	48.0391	54.9638	58.0364	47.9683	28.3952	61.6841	68.1882	27.3679	41.7896	56.8669	68.5411	69.0575	64.9195	64.7691	60.8692	43.4051	33.9963	32.8707	12.8754	39.7574	56.0791	55.5316	45.2552	28.3821	26.3439	25.9424	25.353	46.2509	34.1511	4.73826	5.57918	15.5372	25.8883	22.6999	11.7134	10.0516	30.2573	28.7637	14.618	16.095	15.1408	11.9742	8.91381	9.11209	10.4673	20.2505	12.7177	4.36264	8.44811	27.2871																																																																																																																																																																																													
11.9615	40.3503	46.8014	41.2434	31.3166	35.4228	47.1514	50.6039	62.5408	63.29	50.4107	57.5815	28.8886	65.3613	69.5147	67.56	61.8413	51.2089	32.0998	22.8038	39.6393	54.5134	50.0073	71.0718	70.7191	67.9104	58.5392	37.329	64.7171	65.5038	68.1139	65.213	48.9829	44.5321	31.1745	26.861	30.833	34.3925	37.199	37.3385	40.3308	36.0805	33.8997	32.8347	45.4656	28.7992	6.46994	8.35345	24.0861	25.2705	5.69381	16.3529	25.7378	31.9856	23.707	8.0674	6.86881	11.1781	10.5134	10.2713	11.0979	9.95495	18.3148	19.5735	12.7341	2.65262	24.98	27.0721																																																																																																																																																																																												
9.87311	38.9578	48.4115	41.6825	32.0228	38.6984	38.7325	43.2954	58.0069	64.0098	63.2357	62.4714	45.4825	50.1806	49.8469	50.7891	43.6111	17.0537	24.7768	43.4837	46.7738	57.8408	46.8793	66.3473	69.8509	67.9387	71.8412	61.2159	60.9697	60.1084	64.9355	63.0215	46.5322	49.7209	37.8131	27.0408	28.0862	11.5426	10.245	15.2278	35.0458	36.4418	31.8867	36.3079	34.2402	11.6917	9.72143	14.932	24.3533	9.9126	21.7216	28.1167	26.7054	25.7395	7.70856	15.9902	23.5153	20.2475	15.6627	14.0378	11.3104	3.14726	11.7929	17.3942	18.3187	15.4468	14.8404	24.6602																																																																																																																																																																																												
9.87365	42.3974	55.5696	43.967	32.7434	42.2222	8.32422	35.9888	56.2224	59.8468	60.9466	63.2533	33.5924	57.9152	56.5509	55.7025	52.7119	32.2999	22.7082	47.8986	38.9818	51.7764	48.1611	39.2384	47.9234	60.5927	68.3087	52.3153	58.2896	61.327	61.8479	56.8395	44.5893	46.2835	38.3279	25.8933	20.7273	12.107	18.1734	14.5503	19.0516	22.5165	16.7555	27.6915	12.8718	2.9155	5.96553	14.8091	14.8504	6.38232	22.0525	24.5703	18.2852	15.7255	8.19136	22.8606	22.662	24.2932	20.1936	18.2763	18.6761	15.6958	2.1515	9.35809	10.8442	10.7726	6.74106	18.3622	17.7092																																																																																																																																																																																											
9.82574	39.9506	54.6467	46.9664	47.6701	53.647	30.7182	9.4869	54.23	59.5769	60.7121	61.6444	23.2215	46.9209	22.0143	39.4069	44.1343	26.1716	35.9725	42.3396	40.7823	48.1831	48.0787	48.2226	35.1145	49.7391	69.3037	72.1031	69.3988	51.6459	49.0163	54.3752	44.4698	38.5767	30.5193	27.0009	20.7079	8.43243	15.4252	24.1697	16.6365	11.8407	11.1749	18.697	16.1936	27.0644	26.4688	20.6726	6.61846	13.8262	20.1812	22.684	14.9326	9.64451	11.9385	19.0002	6.62079	11.6387	10.2722	6.61819	12.1974	16.5399	13.7353	2.30552	8.77322	12.9221	14.6822	13.7129	14.3423																																																																																																																																																																																											
9.82485	28.7273	43.6073	43.5494	46.9976	55.3141	45.2009	26.478	45.494	58.2629	63.1749	56.4821	23.7276	28.0089	21.2507	43.1663	51.9882	36.7203	35.6917	24.4794	32.261	42.43	36.8238	45.1888	47.4848	41.7416	65.2635	71.9313	69.7501	59.2372	44.1666	62.5492	40.9588	24.9997	18.5825	29.4792	25.9694	14.6225	15.6028	20.7591	17.2741	9.71413	10.5196	2.1291	21.7261	29.1308	26.7457	19.347	13.5057	21.0014	18.9687	18.2093	11.6197	5.51223	7.61867	9.64202	7.69078	7.28398	12.9112	8.02253	6.10708	9.91039	17.0364	15.2986	8.13991	12.4358	14.7122	9.67529	5.8912	9.40769																																																																																																																																																																																										
7.5535	28.8614	46.4299	41.7712	26.9208	45.6609	53.5656	45.2466	49.537	55.8956	60.9201	52.8666	21.6178	42.4511	33.1371	43.6368	55.2206	36.8534	5.81705	12.5063	25.5268	39.2139	26.9048	29.3086	47.122	49.4684	44.6296	29.3322	41.7129	64.951	58.2554	64.3545	33.7245	14.9821	10.3979	31.7	29.8434	18.1267	16.8764	17.0687	11.2412	7.21613	9.20279	11.4521	27.051	21.9816	14.2706	14.1048	21.7716	22.9908	14.4713	14.5858	10.4366	2.06194	5.68552	0.707494	9.40726	13.6598	15.8991	11.3467	8.89509	11.3207	11.0318	17.7108	10.467	6.45959	3.85739	4.6193	4.32812	8.96595																																																																																																																																																																																										
25.0152	50.3591	63.7061	58.549	55.3033	32.2739	54.1578	49.4616	44.4666	47.6857	57.3167	57.7482	47.6297	63.1873	65.0627	60.1986	52.5488	45.682	50.2978	56.9993	56.9631	56.6707	54.4981	53.696	52.4997	40.3841	32.0559	39.2319	38.7511	62.687	66.2962	62.4825	43.1051	32.506	22.1706	36.9667	34.6112	21.9252	16.69	7.39728	7.24512	14.0315	18.339	19.1189	28.2078	18.2033	17.4185	21.0819	25.6928	18.9956	11.434	15.6829	13.8798	4.07645	4.00315	4.37034	7.28907	14.2048	15.9608	6.16407	3.00915	3.77543	8.17193	7.181	8.71487	6.14619	2.84943	2.53075	5.77399	4.58182																																																																																																																																																																																										
48.1731	57.8459	65.3562	49.6426	62.0444	27.2448	40.4805	50.6358	58.6675	61.137	63.1946	64.0416	51.7542	60.8443	50.7691	59.6937	55.0893	48.2114	34.5267	15.8712	26.972	29.7108	18.9686	26.8318	33.4181	36.4882	31.4021	17.3817	47.6342	39.6064	29.9383	31.8078	17.3541	28.3163	33.6763	37.0124	24.3409	5.85818	15.6929	19.472	12.6889	10.8391	15.5578	16.0649	15.9305	11.8363	17.3434	18.1174	25.7882	18.5097	9.46897	12.7883	12.1336	5.14203	2.85466	5.01401	11.0457	11.723	2.69175	16.991	19.0268	20.0714	11.6434	8.28376	5.7089	5.53318	8.95265	6.41034	1.42554	6.22806	6.91975																																																																																																																																																																																									
48.5039	42.9776	57.8332	24.2082	54.2661	43.926	55.0332	52.5284	42.9644	37.2438	51.9761	62.1029	6.73701	57.3511	53.4275	32.9331	28.2637	43.9759	53.9226	54.7673	56.2625	55.0974	57.6247	56.5908	54.8316	54.5409	38.2482	60.8	61.9353	59.1456	57.0561	46.9516	19.9855	11.2426	10.1856	17.8422	20.4905	25.9786	22.9472	18.3651	12.3598	15.363	19.2327	14.1831	8.31985	6.07459	13.3692	14.9805	24.6842	22.4883	15.8595	14.0399	8.16452	3.74588	3.09024	12.4178	10.4926	7.12442	21.8621	19.3594	7.57778	14.3238	16.967	8.6278	15.881	23.8718	26.6857	22.7151	10.8742	5.50756	7.78236																																																																																																																																																																																									
27.9796	41.6548	53.9925	41.2747	26.4984	37.0824	56.5185	60.5719	66.387	65.4799	59.547	64.2348	52.3723	56.2699	60.1965	61.563	65.6287	62.6826	54.6712	38.3745	34.9233	28.3775	41.7213	53.0597	58.1284	42.6578	57.232	61.8655	54.6061	57.1655	60.2345	52.0021	22.141	30.0283	34.5247	30.9316	13.8557	5.75364	7.89627	13.3393	10.354	17.7259	11.9517	1.62975	5.63978	7.09104	12.9787	12.2388	24.2204	21.4628	8.34598	10.7655	12.0991	8.47265	10.1446	8.1357	18.6581	26.7387	18.8118	6.40917	14.7096	16.2361	5.86485	18.5986	25.146	19.5033	20.0445	21.3337	7.47536	6.91843	7.41805	3.72457																																																																																																																																																																																								
15.7285	41.9973	53.5148	40.3665	10.0178	21.2251	49.6091	50.5365	52.8391	54.6648	54.2314	61.0231	40.9212	43.6613	41.6443	45.9354	44.6284	36.9236	51.628	55.5827	48.7638	52.6424	56.5723	56.0273	44.953	12.4094	63.9417	56.7491	45.0704	55.8714	65.0698	56.6597	7.71626	20.22	18.0396	30.4524	12.9167	8.82086	14.721	4.41475	11.56	5.40742	4.10529	10.8939	8.11846	1.62959	15.9518	14.037	22.9466	19.2477	8.52025	11.8917	11.5935	12.7632	11.315	12.4899	23.4082	16.4817	12.1498	14.1382	13.8466	12.9042	11.7603	17.8115	12.0113	3.0029	22.9171	24.1043	12.6204	6.51573	3.00283	1.66741																																																																																																																																																																																								
58.1745	44.8863	43.7176	48.8195	36.1029	39.5852	56.6908	61.9173	60.6644	32.1816	36.3756	42.6865	30.4736	58.5755	53.0372	55.1116	59.7124	61.8056	61.5022	51.0306	45.9619	63.4434	67.9329	66.2228	60.7654	45.2376	52.9213	59.7869	63.7069	63.417	65.8254	55.8644	9.60013	16.2049	24.2683	29.5051	15.1339	4.53549	12.1557	2.40317	12.5437	12.2181	7.83523	13.969	11.8508	10.1237	15.6097	12.9166	22.6217	19.8561	1.90326	7.51505	13.7156	14.5869	3.1246	20.4751	13.7251	6.54081	15.7512	13.7498	13.3128	7.54921	22.2974	20.55	12.1601	9.35812	27.4598	21.1201	6.60615	3.19831	2.84826	2.87543																																																																																																																																																																																								
59.7357	43.7873	22.9126	49.6536	38.3302	40.6823	54.7169	60.3403	66.7779	63.3176	38.0067	21.4638	54.6576	61.6116	52.3494	55.431	59.8641	61.9962	59.11	37.776	45.6479	61.9909	67.6388	67.4189	63.0073	52.0772	21.8565	57.0674	63.6595	61.593	57.4308	44.5299	13.2847	10.9655	25.5043	18.3508	13.7508	5.18454	9.76807	4.53507	9.52848	12.6184	9.31242	19.0531	12.9158	16.6733	10.8778	8.62454	23.6243	24.4874	6.26913	12.244	14.8681	10.7264	17.348	24.8472	12.5542	15.1898	10.5792	12.803	15.1832	3.70689	29.0128	20.2701	16.4987	21.1374	29.7153	15.9392	2.89662	2.49827	2.7591	3.7236	3.39609																																																																																																																																																																																							
50.3323	49.9095	50.0605	17.2482	32.1858	24.6781	39.5656	46.9665	67.6353	68.6529	34.1972	48.3504	56.5719	51.041	26.7472	41.3341	54.895	60.1133	58.3951	63.9737	61.5537	43.093	44.7246	57.8796	52.4992	44.9257	38.5284	49.6237	53.5172	51.8284	51.3961	42.4939	5.59634	9.6155	19.7353	9.47807	8.32272	6.57024	11.2487	10.0904	8.42989	8.40988	7.27782	19.1277	7.45615	18.1407	12.2871	12.4064	21.1411	24.7087	10.7569	10.8286	9.68558	16.4197	22.8065	17.7815	14.1688	19.4064	11.2171	13.8	12.3572	9.09311	29.2264	10.8493	18.7469	27.0059	28.3896	10.8684	1.60012	1.67634	2.01448	4.11907	4.97713																																																																																																																																																																																							
63.2624	61.3051	61.2127	42.8639	13.2836	20.4901	45.6423	49.4099	66.6171	63.4694	44.0546	55.8396	35.7932	36.0166	54.302	61.5767	69.3317	72.9842	74.049	72.5701	62.2867	44.2321	59.4276	53.3468	33.6071	47.6245	54.9744	52.4607	48.8002	45.1817	54.053	47.7341	8.37112	13.1945	14.7156	10.1754	0.901091	5.57125	16.0304	19.865	16.353	19.6473	20.0119	18.6191	10.5207	16.6461	15.8746	15.8463	18.7773	20.4404	7.84226	14.3206	27.0943	29.4646	14.4601	11.3883	19.9057	20.9787	17.0332	9.65353	4.35663	13.8876	24.2275	8.19511	17.7623	28.4159	26.588	6.13155	3.39102	4.24856	4.38147	5.35943	7.00091																																																																																																																																																																																							
56.5742	45.0467	49.2923	50.569	52.3603	32.2308	44.66	50.7558	62.2473	59.6891	48.1254	36.7946	34.6492	31.6321	18.7944	42.0658	55.3537	39.0423	50.4196	43.7742	42.0491	59.4488	58.0171	54.0456	44.7394	20.0728	33.2606	46.1099	44.1446	40.4422	53.2489	47.8665	15.935	16.8355	14.3346	12.3565	10.5201	14.8414	25.8539	27.9019	18.9238	19.5071	26.9639	27.9824	25.2455	23.0646	9.65264	10.4983	15.5835	17.3986	21.7934	22.8695	15.7677	8.09186	20.3488	14.7443	10.4859	11.0078	11.15	10.1395	11.2722	7.38298	16.1022	11.0227	12.3561	33.508	27.0569	1.49918	4.51687	4.73766	4.74419	5.56234	7.82413	6.39602																																																																																																																																																																																						
64.5141	45.7909	12.2852	52.1228	58.4828	46.5447	17.6934	48.5486	62.1051	59.1387	42.3876	10.7431	34.7557	34.0031	57.5614	62.6542	70.7517	64.0349	62.6275	61.2899	52.2084	44.0505	52.1601	54.1598	42.6516	37.8946	39.5735	27.8438	33.3011	47.6164	61.4094	61.7317	44.0073	35.5766	27.2855	14.5233	19.8697	26.9771	26.4481	15.677	8.02313	7.9548	6.76591	5.18567	17.1889	30.9362	30.1001	18.2892	8.27671	7.5783	11.5679	8.14335	19.5984	27.3099	27.5974	18.1777	10.6207	4.93854	4.61464	4.19263	1.80139	4.4086	9.89567	10.6541	21.5566	35.4115	20.9796	5.81101	5.8138	7.03254	8.07629	8.1043	7.77453	6.35928	5.30038																																																																																																																																																																																					
58.697	34.4214	46.1983	41.9699	57.0331	40.848	24.24	12.7867	52.8947	53.3555	46.825	7.0317	25.8069	20.6623	60.1738	31.6571	65.8503	52.9412	53.1851	53.6045	53.7879	44.7243	24.6272	56.1104	44.4358	53.0603	41.9955	48.6072	51.4908	48.9208	55.9051	62.1848	47.0498	42.929	38.449	17.2435	18.679	14.9494	5.22976	6.59354	11.8853	13.1834	15.1318	13.2569	11.479	18.3144	28.6538	25.1023	18.1383	14.5703	7.60175	20.4465	21.0201	20.8209	22.6975	18.5796	14.7848	12.9764	7.40652	8.59409	5.13742	11.8435	8.80797	7.77761	22.0866	27.0565	9.48867	6.37787	3.85301	5.8079	5.73329	9.71878	8.5991	4.30506	6.00817																																																																																																																																																																																					
60.6137	45.9617	46.4011	31.7662	59.4699	50.8596	50.0054	33.423	57.0517	58.0776	36.7226	24.8328	31.9544	31.5718	61.762	34.8675	62.7216	51.476	16.0482	8.59691	28.6299	46.3433	49.4248	40.1561	31.8207	56.0853	43.4831	5.74849	29.5194	42.1665	57.5831	60.8544	45.9226	42.2021	39.1889	18.6895	17.6337	15.8835	17.6125	13.4599	7.93021	9.61063	13.5666	14.6003	17.736	10.3895	9.7596	17.7403	18.098	18.2655	12.1194	18.1155	21.5617	18.6426	16.2876	10.0921	8.49065	12.6575	12.4948	9.03091	6.02048	16.5307	8.12875	17.7705	25.5325	17.3807	3.18162	9.79656	7.38929	5.95646	3.3296	11.4108	10.0754	3.52871	5.47113																																																																																																																																																																																					
63.43	61.2851	56.7972	47.3322	57.2513	56.1855	59.7063	55.0511	62.0769	53.5479	9.38321	42.5753	50.8296	60.9308	58.5834	39.7479	56.9084	67.2568	53.4814	1.91008	38.3742	33.4894	51.843	49.2938	35.3267	46.5817	57.9938	51.5802	59.4246	63.219	63.2474	59.6553	47.4135	36.6168	28.0797	18.2103	25.2279	28.2336	22.2077	13.1184	20.2001	22.1454	17.5201	9.11476	6.7866	12.1182	8.05317	6.9782	20.2807	28.0859	30.1269	28.6988	28.5166	22.9032	14.599	8.86641	8.84093	13.5606	18.4529	18.2666	17.3354	22.4071	23.1436	27.3133	24.3567	5.56827	11.7319	14.805	11.717	8.70824	6.06843	12.1407	11.61	4.94635	5.46229	6.18117																																																																																																																																																																																				
32.2874	62.8108	60.9507	45.1277	43.8864	24.2619	38.3711	18.8533	48.1753	36.9581	25.119	49.0064	50.7932	49.958	55.1529	38.8512	35.1655	60.4897	67.8883	41.7342	34.1984	54.673	49.4299	53.4375	65.9301	64.035	67.6004	65.9399	49.8911	15.3876	33.4038	44.3513	24.3575	14.9029	17.9977	13.9546	8.8669	14.7803	26.6222	29.8005	20.3017	6.60986	9.52921	20.8314	25.4264	24.2267	24.6065	23.5901	11.1821	9.5213	19.0276	21.6864	19.7909	8.00299	7.64946	12.1389	10.17	5.15675	4.23878	8.70212	14.0247	20.9334	22.1436	7.16971	15.8636	18.1032	13.7075	11.0502	7.30689	5.63664	5.43902	10.9024	10.9364	4.96143	3.39354	6.30589																																																																																																																																																																																				
53.7889	51.2558	60.9522	63.3563	58.2714	43.2338	41.3793	25.3803	43.517	51.0233	35.1549	49.2157	67.6704	64.0563	25.6887	26.7125	34.7545	43.6208	66.2057	65.2681	55.3085	58.4682	63.5964	30.0302	41.0963	54.7823	59.0618	42.7757	46.7049	56.2224	55.1337	56.6066	51.0497	46.7754	33.0222	23.6972	33.1574	33.2217	23.9199	6.69441	15.6182	24.714	29.6788	33.1624	32.6682	32.012	29.1773	29.644	27.9418	17.6151	7.82771	7.72578	9.10131	7.17128	10.3237	10.817	10.8539	11.7836	16.1631	18.4525	16.9962	14.8917	28.4002	37.3458	35.9148	26.6097	12.0676	10.8827	9.62847	8.18223	7.06783	9.06127	9.41985	5.74683	3.38855	6.47089																																																																																																																																																																																				
62.4368	54.3515	42.4517	64.2289	60.8444	32.5788	36.3119	45.7657	10.0106	56.0392	64.4059	54.7155	46.2969	62.9795	61.6222	54.9772	43.6886	5.90218	55.7945	68.9263	70.8182	68.864	60.2854	38.9482	14.4495	29.264	37.6726	38.1517	19.4048	21.4137	49.5686	45.1083	14.5192	34.5593	44.0254	36.7906	24.7678	6.48477	15.7147	18.4191	20.3004	23.8046	24.6573	19.2494	12.4468	16.4644	18.3123	22.6677	23.9533	18.1691	10.6494	8.33579	6.34121	9.0924	6.83884	7.03055	10.3472	18.4859	28.4605	31.693	31.0312	31.2535	37.8234	32.6389	27.1254	28.4255	13.3457	13.0642	14.4134	13.4973	8.3303	6.68935	10.9888	10.3426	6.44908	7.17021																																																																																																																																																																																				
49.9865	62.1634	16.5469	68.7566	65.516	42.4151	38.6275	39.5045	42.6454	46.7828	65.2373	69.4355	64.5536	56.2195	42.7178	29.8692	34.6277	41.9931	32.0987	47.0524	63.2158	62.557	43.0268	50.0588	52.0881	57.4973	54.5679	57.2021	62.4804	65.1888	64.2146	58.3631	52.7764	50.0524	48.2012	26.1303	15.7662	25.8374	19.2959	13.1264	16.7445	11.9857	1.97348	16.9881	24.9067	24.1744	21.4405	22.975	19.3665	14.1942	12.1735	6.50745	10.2243	16.7265	14.9576	16.8564	22.5834	26.5197	29.4375	31.3282	36.4333	45.112	46.9251	29.6457	24.9212	29.4656	21.0689	9.34816	13.8184	12.1556	13.4537	14.2435	13.5691	13.1259	9.91502	8.59264	7.54072																																																																																																																																																																																			
16.2592	61.4255	22.8319	66.3852	61.7422	52.9449	41.2064	32.3778	40.1539	40.1982	25.7527	51.9397	58.1334	64.1237	62.9323	61.1446	60.0871	53.2291	39.8321	20.5471	35.2271	46.1755	53.4889	60.043	63.6873	62.4856	60.5277	56.4184	40.5574	24.9554	29.613	9.72318	10.223	17.4876	35.1563	38.495	27.7066	14.6628	13.1856	9.18639	6.37367	9.4702	17.2341	18.9569	21.7847	25.6979	25.2681	21.8695	18.0057	13.2622	7.30381	15.1738	21.4932	12.1791	8.43215	18.6888	24.9885	33.6156	38.2037	43.3785	50.8671	54.1584	51.4996	47.0256	36.1895	26.0572	19.5685	13.7451	11.6971	14.3354	17.4227	15.6729	13.1113	10.0594	11.7275	12.8426	12.1026																																																																																																																																																																																			
28.9335	58.014	1.13027	56.4118	51.8048	57.3708	55.5974	35.5956	35.3504	45.3465	14.6109	35.6008	27.855	42.0415	36.8065	38.6374	39.6198	42.3299	39.6428	21.7744	14.7491	23.2305	40.9674	50.3788	45.6127	27.2204	13.0408	4.1481	28.2881	38.3575	43.3261	30.3851	31.5958	36.2893	41.9251	41.035	26.4013	11.9388	6.64372	1.94928	4.4918	10.0824	8.17373	10.6155	17.7711	14.2616	13.8073	14.6185	14.0395	6.88802	9.14427	17.5428	12.6633	12.071	4.74269	20.1364	16.8159	32.9805	31.6893	38.6362	41.2936	34.0856	25.645	43.4613	43.3284	24.4829	16.4417	14.5779	8.84103	12.1877	10.8169	17.8455	14.7809	4.41538	6.56749	11.4553	14.1605	8.17926																																																																																																																																																																																		
35.5134	58.0902	41.9554	57.5133	55.3793	61.354	55.7635	46.8995	48.9251	53.3061	32.5518	36.1778	38.0512	53.9909	53.5684	51.5193	52.7306	53.8531	40.2429	31.692	28.532	36.5949	35.8114	24.7413	30.1893	49.9921	51.2932	42.6647	48.1557	46.2851	52.8311	43.5232	40.4061	38.3768	38.8532	47.4508	39.3006	15.5995	9.16332	8.57116	10.4577	10.0336	8.87723	13.0334	19.8493	14.4643	6.38935	4.69973	10.9795	33.316	40.4061	29.2496	13.5652	15.0237	14.7594	27.8833	20.9983	43.2805	38.0457	35.9437	39.4858	36.8678	33.251	46.4733	47.9211	29.0986	21.2555	21.6016	22.5774	19.7619	19.527	23.0414	18.6677	8.71796	6.0568	12.2256	15.4155	8.3144																																																																																																																																																																																		
39.501	51.1273	46.0444	56.7369	68.0545	69.211	66.1433	65.5939	64.2525	63.0038	60.4992	50.2304	50.4471	65.4405	69.0187	67.5113	68.0696	68.5617	60.0717	55.6769	59.4285	61.5199	58.8658	42.8869	39.8384	57.8548	55.7135	56.6194	59.0433	57.5976	62.9218	62.8688	63.018	62.6439	60.2634	61.8964	52.331	18.1753	4.41812	6.83318	16.5042	18.0969	19.762	19.7117	17.7775	11.2408	3.98747	5.13253	32.2973	45.3447	39.5522	32.9368	28.4174	9.07791	30.8688	42.1742	39.4954	56.6514	57.5621	56.4929	57.308	52.1675	45.6459	52.4207	43.6111	25.5061	19.2299	27.2218	29.751	26.6094	30.7124	37.4841	33.0546	17.4321	10.5081	15.3435	15.4289	8.6961	6.33817																																																																																																																																																																																	
59.8749	58.4786	65.1821	40.9681	60.478	64.736	59.2757	55.5407	58.0423	50.2265	50.6817	44.8635	42.9473	54.9149	54.2973	51.661	50.2719	63.7297	53.9959	47.0247	50.0395	53.5949	59.8878	50.6489	38.872	56.5136	20.6958	32.6794	45.0356	33.0065	42.0353	45.4605	48.7302	49.0697	49.4322	64.9975	57.874	23.5102	10.6741	16.4774	22.4976	18.9969	17.2829	13.3447	8.95523	4.59244	3.86511	9.35166	39.5472	35.6605	13.7095	30.8632	34.3148	2.76038	39.8232	44.467	28.0651	55.9272	53.7974	42.8418	46.6926	30.0052	55.8136	56.8453	37.3023	21.1146	1.11614	14.3208	12.5053	9.96477	17.6164	32.2768	37.2006	16.6493	10.9228	16.4202	14.0455	8.15648	7.64331																																																																																																																																																																																	
58.4726	58.3969	69.1293	46.9377	57.3441	56.2859	43.2553	33.1883	53.6255	48.3151	32.5624	38.7327	51.6536	54.6889	45.9513	36.4126	18.4364	58.9539	54.9135	48.7144	29.4387	36.8154	60.6239	56.0681	32.6728	56.9821	43.0371	40.684	46.7805	26.7272	22.8909	10.339	13.3642	6.53937	44.1155	66.3545	59.2948	26.7727	14.5216	18.073	20.7618	12.1865	8.65091	6.21239	6.68963	7.25676	7.38165	8.06622	38.2564	28.9914	24.1815	29.9164	31.1665	3.31197	44.5674	47.6931	24.8875	52.8875	55.7167	31.6456	26.3015	34.6639	59.9319	54.88	25.58	25.0123	18.9913	19.3508	18.1329	19.5998	10.3058	23.4331	35.8841	24.8099	17.7743	19.9162	16.4021	11.2587	12.6906																																																																																																																																																																																	
61.4291	49.7013	66.5072	18.4308	64.859	58.0444	51.5831	36.143	22.4707	51.9469	46.7538	30.4499	47.4143	41.5131	43.5152	37.8061	40.1138	33.5539	45.7453	48.5887	32.894	51.4492	57.6249	50.3	26.6016	55.954	59.1677	43.4029	23.2526	42.0494	50.6473	47.6772	48.6774	51.5133	54.4355	65.7978	58.7403	30.623	24.0646	22.0005	15.3367	4.60833	5.84563	10.0647	12.3824	11.3533	7.59245	2.31975	31.8911	26.9452	31.1384	29.9817	22.6782	13.5568	45.1147	45.9797	31.5926	52.8451	60.1785	47.2916	42.155	50.3529	57.2984	48.4273	25.419	39.2366	41.405	36.7466	26.8135	13.1437	11.2826	21.3185	26.0608	20.8228	15.6084	19.6737	17.7209	12.5056	17.0227	15.4396																																																																																																																																																																																
32.9875	49.1529	67.7847	32.4054	63.0363	57.7973	56.3929	40.6787	52.7473	54.4998	58.1211	53.4875	58.1384	57.2891	38.3465	36.0747	40.373	38.5869	46.7517	53.4474	59.174	57.0587	37.311	41.4418	45.8029	55.1495	59.233	24.9625	60.3054	60.9261	59.4758	61.9607	63.1234	59.8121	56.9175	64.2319	56.0671	29.9324	16.9324	5.22254	11.1737	15.8702	14.9086	12.0685	9.25049	6.89955	3.66648	4.12327	23.7934	18.5836	23.7594	18.0147	9.4763	17.3597	38.975	42.7792	46.5224	59.4576	62.5025	42.4494	45.3726	58.0875	60.9885	48.161	28.3698	33.3773	41.6325	40.5162	45.207	19.3813	17.4556	33.642	35.663	27.184	23.7928	23.9152	18.0847	6.9964	7.53503	13.8501																																																																																																																																																																																
61.127	56.855	65.7608	50.335	39.4633	58.2229	65.6772	57.7354	24.0144	39.8995	46.9745	41.8034	32.8728	52.4318	31.0843	17.9777	47.8848	46.1854	41.2975	49.3626	18.3256	44.5558	57.7224	62.7584	59.4571	53.0197	41.5461	37.0317	50.269	37.4524	43.2558	32.9247	35.1234	35.1904	45.4862	59.13	42.2469	7.29828	9.7795	16.3915	16.3915	12.5161	7.82736	5.46404	8.35689	6.83209	7.16175	11.0446	17.5529	16.6864	19.4194	18.2489	19.7357	12.2517	27.7881	35.7132	47.9327	64.1532	62.2195	40.0888	31.9835	52.6284	62.3166	47.3046	20.8536	14.9322	7.93672	29.9928	48.7898	24.375	49.4281	48.9035	50.22	39.5019	36.0427	37.1434	28.4826	5.56143	1.59722	10.6253	12.8769																																																																																																																																																																															
47.0255	63.2834	48.4697	54.2183	59.0286	39.6017	56.1908	60.9551	52.7856	38.7857	36.756	43.2442	13.5537	45.0616	58.7935	58.1833	28.5928	48.6465	62.4455	53.9042	62.6909	65.6537	61.9234	54.0371	56.806	60.5097	55.9771	55.2578	50.5931	51.9133	58.7342	56.4523	12.0535	34.0962	52.4804	47.8251	13.6802	19.0275	19.8121	17.0045	12.054	11.6458	6.99487	5.66226	7.74058	11.3292	17.2676	18.9418	7.98187	18.3768	8.48755	26.9022	36.7546	33.7823	12.5099	32.6854	42.3564	62.5681	63.2632	55.6102	50.6892	59.2762	62.9383	47.7447	30.9477	37.8817	40.8537	45.5307	18.1025	41.0956	50	42.9919	52.2891	44.287	43.9259	47.5748	41.2422	21.0966	19.0339	18.0938	16.1318																																																																																																																																																																															
66.3451	63.9425	26.7024	44.3055	50.0602	37.848	43.5419	61.0027	58.6664	50.8866	47.2328	45.4151	16.7813	16.1656	35.159	52.8153	56.6329	5.27978	52.8218	45.2655	55.7903	45.0307	46.4763	20.5233	23.2732	52.3028	51.6367	59.5746	47.7782	32.1915	55.9895	58.9843	34.8279	38.474	42.0072	20.0447	8.96528	12.8503	11.7158	8.2685	9.86086	11.9091	7.46187	6.98975	4.01978	10.5802	11.349	17.4505	8.08469	17.2851	15.3382	23.9467	26.6197	37.2625	15.8358	28.0557	32.606	56.0302	56.9661	39.1204	27.3897	54.3724	55.2531	39.1868	15.9453	26.1663	30.5178	22.2455	32.4812	41.5321	41.9762	29.7403	49.1637	42.1818	40.5775	50.2386	43.2548	11.4461	12.3101	20.5347	19.1195	9.16912																																																																																																																																																																														
68.9589	68.946	55.2105	49.9251	39.3202	63.1393	64.1958	63.0376	60.326	42.8574	31.6817	56.1796	49.8856	34.372	37.0015	46.2662	62.9182	49.3499	27.3479	37.8762	53.4771	57.1815	61.1004	54.4835	47.0557	52.1691	14.4674	56.2477	47.6479	46.318	60.0236	59.8981	44.6033	38.6434	22.1047	29.0292	33.2403	30.0888	27.5107	22.9523	18.2755	12.6925	8.93574	6.85494	10.0257	5.58764	3.89831	13.1686	12.5306	12.5551	23.0013	27.1379	8.61273	35.75	21.1898	23.5153	28.8388	51.625	54.2224	35.3972	32.5004	46.1677	48.9645	37.802	6.75377	12.2038	5.66955	28.3558	41.428	39.5081	37.6079	26.8363	47.0828	47.348	43.0519	54.9455	47.407	15.0273	13.4042	22.1802	23.1221	18.8682																																																																																																																																																																														
63.4741	67.8805	67.0615	34.4279	60.4107	62.0326	63.2104	54.6374	56.9869	22.4165	50.3328	55.3587	62.2503	57.6856	41.5604	38.4785	61.6468	62.8175	2.82499	58.8924	49.0518	57.7323	61.2022	54.0107	63.2932	57.9369	33.2596	60.5601	48.111	51.2883	59.5323	57.3908	41.4686	20.9529	14.6378	30.9242	32.8047	29.889	27.7059	29.4153	25.7043	13.3464	11.4433	7.12476	10.1196	9.2019	5.10394	6.9425	9.9269	8.23339	24.462	29.2619	1.12915	31.9767	12.8857	20.054	32.5995	48.1203	48.4201	25.3009	31.8489	27.5172	45.5318	41.4628	16.1401	9.84132	32.7288	32.8633	31.3931	41.1287	37.1774	34.2281	42.4058	51.4991	46.1815	57.2868	49.7794	18.0199	14.1748	19.6087	20.585	21.0447	18.0142																																																																																																																																																																													
43.4063	43.8408	69.7749	16.8351	65.7898	49.7668	38.512	26.8616	53.4547	22.9434	57.7237	58.4112	58.306	57.3344	51.9078	22.4394	53.1314	65.221	35.4737	63.1217	45.7423	49.9712	56.8559	39.0894	66.3639	62.8977	56.9828	65.7656	51.313	46.6388	55.5002	52.3561	21.2832	14.0997	23.8869	17.1343	4.67508	7.21113	14.064	25.3501	23.5379	14.3089	13.1168	10.6388	6.23745	13.5173	9.86731	5.62744	7.09812	6.00959	24.1512	29.4186	3.87762	29.5053	7.56291	19.8041	35.289	50.3246	47.2373	23.4571	30.5239	39.012	52.6644	50.7555	24.2438	6.77536	42.4492	24.0455	11.5286	38.928	41.5903	47.4627	19.3051	48.6268	44.8244	55.5595	47.9322	14.5472	9.90809	15.3913	16.4817	20.1232	23.8107																																																																																																																																																																													
53.0212	36.8595	69.3324	44.5491	63.0894	61.9227	58.4025	53.6417	61.8782	56.4741	9.54624	45.4599	49.929	28.1225	51.6989	44.5926	41.9904	64.6327	59.9739	65.8177	56.9262	44.1116	37.3459	37.5119	64.6009	70.1324	67.3697	68.2353	60.2258	55.3099	56.0686	45.0505	16.0756	24.8648	3.86541	16.6648	17.7429	17.7481	14.2006	11.4463	19.0355	21.3529	15.6486	7.65237	5.11215	12.2339	16.3658	11.5018	11.0145	15.7963	23.3051	22.6491	10.1161	28.2861	3.53959	32.884	46.4342	53.7283	41.7534	21.4127	35.0134	36.989	54.9375	53.1157	31.3103	14.8328	33.716	39.4591	43.7808	51.4945	56.8357	62.1064	54.1994	53.7454	52.1346	48.7515	41.5338	18.9228	4.61818	9.00208	14.828	19.6487	28.2558	21.3278																																																																																																																																																																												
41.4374	47.2288	63.9818	46.2569	42.8482	40.4069	47.114	42.5799	33.2685	51.8231	61.0182	58.8739	30.6753	39.7245	44.2097	45.1367	13.0803	53.6283	52.9213	46.6113	20.432	55.1278	60.6393	50.1983	29.9773	61.0382	63.3878	60.8913	44.0933	37.7927	39.1283	17.304	38.647	25.917	28.6518	27.2388	26.5944	20.1444	6.5166	7.80672	14.2242	19.128	13.8482	4.48573	5.41525	1.97044	12.8155	13.1247	14.0535	9.92461	18.5614	14.0457	7.69481	27.2809	5.49136	42.4971	48.4386	37.4772	39.3656	49.159	45.8624	31.897	58.7182	47.6106	22.3844	34.6824	35.4789	44.279	46.365	49.8225	52.8368	60.2791	63.271	60.1871	57.2977	44.3793	34.376	24.2997	14.7308	21.6224	23.4367	14.5295	18.7846	25.5365	10.489																																																																																																																																																																											
55.4129	56.1175	45.9054	45.7897	64.2181	64.7334	63.4085	57.706	54.6986	53.1224	50.6703	55.1861	50.6363	36.5975	27.2365	31.7251	26.6695	20.909	38.6409	57.6254	67.1332	67.837	64.1458	68.1883	56.1557	39.1028	21.9152	26.003	48.1357	53.4145	50.4834	37.951	21.4378	42.9169	34.9141	14.0155	16.0241	18.4122	19.0424	13.2291	25.158	20.3444	9.07679	7.70396	4.64395	13.6246	15.4625	8.14583	8.46584	12.466	22.7818	15.643	4.11989	31.2084	15.1448	46.104	50.509	46.5315	52.3476	57.0548	61.5123	57.8414	59.504	50.4858	37.5066	34.154	10.9315	29.7311	30.0602	9.76698	5.65879	26.1694	49.5985	54.5811	45.1477	13.1793	24.7489	37.6889	33.8767	25.5532	16.3624	18.6049	17.4796	19.4581	13.7468																																																																																																																																																																											
60.0943	45.8105	43.8009	61.4633	50.0998	46.0473	31.531	5.12566	25.5853	48.6561	57.1411	55.8479	48.9238	29.0962	11.1017	24.9035	25.9281	29.0607	57.8424	59.9392	55.7473	51.5582	47.4924	65.6183	52.2513	49.6169	53.3507	50.4654	55.6358	53.5785	52.4089	31.6053	14.7256	48.4881	31.6288	8.58022	8.0723	14.9086	17.6222	14.9356	25.3947	13.8276	5.96404	3.45911	15.6484	15.3572	14.1928	15.001	11.1948	9.08446	22.2981	12.3647	15.3583	30.8284	22.5502	39.6921	38.1319	31.3126	31.7381	30.4405	41.2081	47.7805	49.7979	45.4158	21.4361	3.11549	33.9042	39.5782	45.8016	29.4753	23.3138	21.1986	15.5352	29.6256	15.931	43.6344	41.2704	44.2687	41.574	40.5585	37.6923	19.3799	13.397	13.1649	12.0421																																																																																																																																																																											
55.1523	11.4421	43.1866	64.2862	49.783	33.0614	49.1432	54.1393	57.0232	51.3289	29.3161	34.001	34.287	27.0561	27.451	35.9531	40.382	51.4819	60.6199	47.7673	30.4717	40.0382	47.5271	52.3447	45.1472	47.425	52.5981	53.2619	52.3337	48.8507	52.7944	41.6872	32.066	47.6564	29.4574	6.51495	7.59174	14.9793	16.7748	14.0173	25.0034	10.7285	12.795	4.75135	16.3595	18.1246	8.25645	5.97368	11.182	6.38953	21.9074	5.24371	12.5195	27.6212	19.6013	33.456	26.251	22.6094	9.89938	10.4718	13.3883	17.2362	25.3964	29.9524	25.714	28.6423	34.3314	21.9	40.8422	23.5089	35.7207	44.0202	41.663	23.2578	27.4114	49.6955	32.0326	37.0315	42.6108	40.2153	44.9652	33.8522	2.91517	7.29166	7.60136																																																																																																																																																																											
14.347	46.6489	53.3574	54.0771	41.7683	45.8604	55.542	47.3763	56.708	53.0798	28.0334	30.4347	30.1524	13.0386	9.50357	19.1351	16.0963	36.1658	55.273	62.486	67.6221	69.3747	69.6911	65.8386	53.2642	33.4505	30.0335	27.4334	40.3662	44.8148	47.4206	45.3237	41.8545	41.689	29.2542	9.934	10.2967	16.8051	21.9799	25.1745	30.9468	22.3478	28.2801	29.6981	24.6164	12.4623	7.80337	4.48425	7.88276	4.22939	21.8593	29.5772	34.8442	37.3314	25.8452	32.7606	33.912	32.0376	35.7194	39.7154	35.1494	22.4467	22.7198	22.9359	13.3378	17.6544	29.8356	26.0572	27.6791	12.4366	19.4869	28.4657	41.696	37.5227	28.0806	40.0697	40.2155	41.7696	43.8296	34.0041	42.6015	38.598	5.21658	1.73529	10.0523	14.7688																																																																																																																																																																										
51.4627	49.9945	52.8622	50.7207	21.2411	46.9804	17.2605	48.2673	58.6534	54.2539	32.8926	35.0053	40.4519	31.3615	29.1335	38.4747	42.4417	51.9296	62.6986	64.5935	63.3374	61.029	61.0423	64.7758	66.6778	60.9814	56.777	61.1631	63.9588	57.4482	46.1381	44.8557	40.362	32.0909	29.4178	20.1462	3.13458	10.5701	13.211	20.693	24.0765	14.0887	20.5413	26.7885	26.2475	18.2843	5.27201	13.1843	16.9617	21.2125	17.7669	26.6648	27.5703	27.2576	20.7736	24.6585	22.2431	51.6007	52.4938	42.5467	43.9231	39.6045	33.2005	28.7313	26.1146	38.4528	42.8426	31.8144	18.4148	13.9987	24.1336	34.867	11.6034	27.5081	18.702	14.1404	46.3357	56.8945	53.9059	39.1352	38.0107	36.9882	1.62434	8.07001	16.3188	15.5503	19.6148																																																																																																																																																																									
62.7924	49.4754	49.8759	37.3831	23.0451	53.7324	35.1936	53.6997	54.3555	51.9887	34.1105	23.7388	32.685	49.4181	51.581	52.1214	49.5281	44.1982	32.1568	40.623	48.7666	52.2612	54.3968	40.2453	35.0935	48.3486	50.6125	49.4028	43.7263	48.6874	50.6426	48.6076	38.3072	22.0953	23.3926	25.654	9.92921	7.60556	13.5812	15.9052	17.0946	8.84446	3.69525	3.28828	8.80375	16.8161	17.9094	21.8738	3.96913	25.828	31.4015	27.9105	24.3639	22.3909	8.39917	10.7377	23.6208	55.1979	55.1047	45.4935	45.6221	37.2254	30.4474	36.2096	32.7621	15.0029	33.3314	32.1279	31.629	25.256	9.1155	15.2894	13.7568	22.0262	31.2151	34.6677	37.1323	25.9504	20.756	23.5463	18.7656	27.361	24.1681	21.5952	19.9276	14.6033	26.0882																																																																																																																																																																									
58.7204	35.2367	50.0081	50.1055	32.068	55.2987	60.4172	58.8205	54.3084	50.6686	15.6904	41.664	58.5199	61.4396	57.8405	52.6139	46.1912	44.5754	31.3412	42.4112	46.7004	48.0841	55.4319	55.5572	23.0745	37.4038	32.83	21.8304	9.76201	16.1135	35.1841	43.7476	40.2701	31.7746	22.8823	21.1165	17.4809	14.1175	17.9255	18.2381	14.8374	7.86332	4.73339	4.78189	10.5249	20.5117	28.0848	32.4116	28.8399	6.57516	23.8609	27.722	31.2344	33.3487	28.4236	9.86807	17.1144	48.5607	57.4264	59.7482	58.2673	50.9544	33.2492	28.6088	32.795	25.2721	32.9219	44.9587	49.0772	49.533	41.28	29.2652	35.2174	47.5743	47.281	41.7095	34.8747	16.1309	3.02839	4.25355	20.7193	34.7069	36.8704	31.4732	25.1593	21.7345	29.3682	19.1645																																																																																																																																																																								
66.0073	58.636	59.6986	52.1077	23.9824	7.88555	6.51165	21.2364	40.9312	47.0287	54.7316	56.1875	30.4137	22.0373	39.4383	40.5936	37.5014	44.4184	36.245	50.6549	56.5775	54.7984	53.2026	42.2914	43.7066	30.2328	46.2163	53.4981	58.8864	60.2402	61.0497	52.3731	21.0487	12.7895	21.8147	22.2788	17.1311	9.44785	5.4251	6.05214	6.12996	3.87394	3.17278	3.33885	8.39918	8.05795	6.71243	22.0462	38.2695	31.4779	18.8426	9.87051	1.73456	19.9023	27.32	29.4376	13.3458	27.2621	39.0575	46.3783	47.7266	50.1555	49.5235	37.1299	38.9308	32.5176	26.111	31.0006	38.2772	47.0841	52.4523	52.9254	48.7553	35.0075	10.4201	30.2603	32.6204	30.7154	30.4027	34.6373	46.2859	41.2576	39.6733	29.7144	19.0493	18.8165	24.0391	24.0296	16.8514																																																																																																																																																																							
60.0155	21.0475	48.8991	53.0018	38.3564	32.0046	18.3543	9.52311	32.0965	40.9126	47.2008	26.4046	52.1559	60.9475	60.9719	55.8381	49.1198	48.687	37.5709	27.1738	37.7867	34.0582	11.0818	40.5187	57.3506	51.7045	49.0807	49.5809	56.9685	59.8046	63.7329	63.2944	40.656	24.8542	20.803	18.7723	12.8187	11.7543	16.2612	17.2642	15.7819	13.3096	11.0804	8.5092	8.93838	11.0281	11.4912	6.20848	27.8355	31.3394	25.2516	25.0953	21.3319	6.98517	12.814	34.4095	27.2909	13.3841	22.2744	28.3208	31.3957	37.9954	47.2618	50.053	45.643	22.3652	10.7112	21.5357	17.838	3.62259	18.5125	18.021	24.6052	43.0647	51.7644	50.3177	46.3032	36.4156	30.5118	27.5105	41.2022	36.4963	43.0082	38.9665	24.126	19.0918	19.1798	23.4707	24.2467	18.8919																																																																																																																																																																						
53.8537	50.9754	60.7195	67.6855	40.3474	49.9185	49.5712	42.8643	32.5406	26.3046	21.276	25.3101	62.9068	60.3537	48.641	52.3002	50.8402	35.523	15.6963	28.718	38.939	31.0152	45.4419	59.6769	59.5165	50.1348	38.5578	44.8985	43.9501	38.6066	62.3927	65.1578	38.8297	16.9406	17.352	23.9162	15.4885	9.96332	10.6271	12.0202	10.7927	8.90906	9.42566	9.43979	7.60232	3.8731	8.99265	13.5756	14.258	20.8098	17.2427	17.2807	17.6477	13.4734	8.5258	41.9684	28.6434	9.10909	15.1716	12.0833	8.29683	9.49072	15.8706	20.9985	19.7052	23.1139	24.5801	29.638	28.6605	26.5724	22.4251	35.2017	41.3403	39.9284	35.4263	28.8613	36.7479	23.1465	20.7306	12.8629	38.5739	29.1225	30.227	41.5268	28.5983	16.6143	13.5906	19.2362	17.2495	22.0561																																																																																																																																																																						
51.8175	31.7951	63.3571	70.6453	40.1031	19.2571	33.2097	47.3423	51.0448	52.4789	48.5185	38.5399	61.8545	62.3554	33.9363	9.94417	25.1247	33.2884	31.6363	21.5481	38.7615	36.25	50.9105	54.5543	53.3934	44.7997	51.482	55.7989	36.075	31.3412	63.7589	62.9168	35.4979	14.8423	9.39919	20.3141	13.5098	10.9619	8.79463	11.55	9.29659	4.67909	6.82044	10.0867	11.3652	5.9766	7.38311	12.9239	7.09583	15.1697	6.71955	15.2934	16.3937	14.6117	22.1429	46.0825	26.4481	9.37568	9.95006	3.84078	3.90458	11.7082	17.5014	21.0196	20.9797	37.5413	37.7085	31.864	27.3278	28.359	17.6448	39.2455	42.5097	39.8051	36.5534	41.7971	44.5686	21.7151	11.7733	18.0481	35.5696	25.0821	25.9613	38.3705	30.5758	16.7553	9.48317	16.3361	16.8734	27.261																																																																																																																																																																						
53.1124	38.8857	62.6745	64.581	60.0389	51.4876	31.0345	24.5575	39.7429	56.1056	64.5202	61.505	56.7376	58.3888	32.8417	36.8232	51.977	55.3411	49.9769	41.175	43.568	51.0473	64.1028	61.3272	61.6914	61.8879	68.0307	65.7236	56.3351	51.9034	60.3128	56.7066	29.5853	16.1746	14.1035	18.5829	10.928	2.28822	5.83369	11.5489	8.35832	9.77266	13.142	13.918	16.8008	12.264	5.71721	10.4672	1.90415	17.9891	15.2316	15.9526	19.7202	5.66629	41.18	44.1433	17.5307	3.01168	10.586	17.8048	21.6406	25.563	28.3789	33.4687	35.747	41.2225	44.26	33.3009	40.8631	36.6863	17.0248	50.4515	49.6259	42.3928	34.7398	42.5839	47.7131	31.1439	30.4507	36.4564	41.1939	27.1315	29.7665	31.9369	31.1775	22.2888	14.8689	18.2299	19.3477	33.4807																																																																																																																																																																						
52.4364	52.8717	53.7371	67.6304	72.1418	70.8087	67.7214	62.3483	58.6325	43.619	15.6934	40.0801	46.5586	44.1342	24.9836	54.482	58.3159	55.9566	50.0795	47.9824	48.9092	60.2376	65.8889	61.1582	61.0722	50.33	49.9554	2.48865	59.546	53.1947	59.567	58.0287	28.8998	17.9332	10.851	14.6158	15.2753	4.79525	1.96796	11.8489	14.9181	18.4747	19.2519	18.5932	22.596	18.4093	5.6601	7.57417	2.31487	17.6169	20.6066	12.6218	12.2529	37.0595	46.832	24.4858	11.3494	25.851	29.12	25.8007	26.0091	24.8643	18.1436	18.105	15.5472	30.8529	34.2262	17.915	44.4536	37.192	15.313	52.5482	48.7054	39.2669	26.5413	36.2786	38.9708	6.48762	12.0504	10.2254	26.1577	21.206	40.3109	40.3879	39.5099	30.6767	12.117	5.26765	6.76991	31.8522	35.4307																																																																																																																																																																					
26.2656	62.2195	57.4389	49.4875	55.3976	65.1615	63.7341	53.1479	54.092	56.6364	39.8295	22.9708	20.428	41.1677	52.811	54.1411	56.4068	48.1838	58.2285	59.8835	60.5712	55.5961	61.4646	12.0156	55.8366	49.9529	57.2904	67.7475	69.0046	61.5105	59.6643	57.3148	30.0111	21.2958	17.5018	15.795	11.9041	5.72972	7.89456	8.81252	6.07916	6.601	10.1428	15.399	23.7372	24.3308	14.8077	9.92176	4.10335	16.8395	18.7777	22.5251	42.3184	46.407	26.8707	12.5521	28.9871	33.0637	19.8476	13.3818	20.9252	21.8148	23.1605	25.7836	23.832	33.9475	16.9735	36.628	44.0094	26.4885	16.2435	45.9109	44.3041	38.2283	24.8077	37.6919	38.0828	17.4049	24.2907	29.4878	41.7881	45.6415	37.8295	24.2945	25.9688	36.369	29.2478	8.2351	8.89573	26.5755	39.0575	23.4107																																																																																																																																																																				
45.9649	41.486	50.4161	21.1053	8.47083	57.7304	59.2597	43.501	46.3593	50.6707	31.4961	18.645	28.0368	42.6515	39.8564	35.7825	50.6124	30.2145	46.9893	46.8745	40.9818	20.7392	53.0794	36.1263	59.0405	58.2742	54.1865	58.8753	57.8335	52.4351	50.83	44.5473	24.7754	23.0939	18.8303	10.4465	3.78696	2.11175	3.34132	8.22528	6.80487	7.77022	7.05027	9.03338	16.7495	21.4828	17.656	15.8928	5.86344	18.3292	8.22528	32.4701	34.443	18.3452	11.2099	23.9215	23.5818	20.5659	16.1986	12.5794	25.0094	19.5432	20.6317	28.2566	26.3086	31.099	16.2458	47.2215	35.3493	10.9668	17.8321	44.5604	47.9906	41.3726	15.9762	36.2468	36.5325	11.3728	1.9676	2.92772	16.1665	37.175	43.4837	34.8638	14.5017	23.2822	40.6731	13.9841	9.49108	19.962	34.1862	27.6354	12.6255																																																																																																																																																																			
53.1418	56.1178	59.2472	55.0433	65.7978	69.0928	65.9912	58.5377	45.7475	34.4959	42.4157	42.5899	33.992	27.9477	10.5722	21.0444	44.2463	27.604	54.9483	56.2606	47.6009	36.0754	47.001	48.3356	45.5419	61.7171	60.68	52.4696	54.4542	59.8588	59.904	51.0834	27.9518	24.3532	20.8086	5.21063	11.7378	19.0849	21.4357	23.8873	24.7156	28.1198	29.4068	28.0784	22.9391	12.8644	13.1696	20.8118	13.5839	19.0035	24.7925	27.6242	11.802	20.7284	26.2253	17.1795	14.2031	17.7118	18.2806	19.4573	23.737	23.4584	25.3257	36.1234	41.7991	44.1711	42.1886	54.3518	31.9941	9.29436	33.0606	53.0038	51.7128	36.8996	20.2269	37.4979	42.4225	31.851	12.545	14.0571	23.5932	33.0224	28.165	10.9212	21.1655	17.4136	35.4912	12.3343	8.35517	17.2526	23.4816	33.0975	30.8457																																																																																																																																																																			
63.1109	62.4686	53.7374	63.1735	65.1568	67.4531	64.5316	61.1279	54.7533	46.5074	36.1488	24.4556	23.1649	36.9975	34.9862	35.0801	36.9483	46.2883	61.1216	62.7113	63.6445	56.0457	53.2633	58.8873	32.9897	52.2729	57.9079	34.596	6.52005	30.4003	56.9836	61.1259	34.845	25.4976	19.8396	13.6755	12.6694	13.0013	12.8502	13.2323	9.98521	10.4132	12.0224	11.1371	15.345	21.0239	20.4683	22.8917	25.2001	19.2617	18.5603	3.4137	16.0261	30.715	29.9839	19.7119	8.74842	21.0566	5.98636	23.1677	20.5623	32.1815	40.7044	45.3099	45.1044	39.0194	49.1525	54.6756	34.0654	21.1113	45.7707	60.6709	58.1742	49.0145	44.3464	47.0324	48.1996	38.0634	17.5254	38.7357	42.629	40.4272	29.1586	29.3945	17.8444	26.1344	38.9284	34.6343	27.4451	17.4281	14.9382	30.536	40.6604	31.6002																																																																																																																																																																		
42.7115	48.1397	20.3635	62.9549	52.1365	36.9431	38.6864	40.788	31.7861	49.3431	56.2112	53.1986	45.9448	46.2322	47.0652	48.9824	33.1991	47.4324	57.8303	33.484	47.9929	42.1023	48.4499	53.5709	43.9687	58.2555	63.8832	56.4113	54.6227	49.989	51.8315	62.3407	34.3967	26.1896	21.0301	16.9288	9.95539	7.00532	10.9478	12.65	16.125	18.9441	19.7428	19.2598	21.6286	21.5508	24.3779	26.631	21.6224	3.00999	13.4187	16.7748	11.959	25.1282	10.0049	15.9298	8.77519	11.8406	12.6667	8.22289	12.723	35.2231	43.8258	31.9106	29.9393	18.8847	56.7057	45.9571	27.5436	12.2506	46.7948	62.2787	52.3732	34.6287	32.7948	39.9202	52.8619	38.8491	7.54277	45.1947	25.7457	32.0648	25.9097	28.5472	38.2805	40.8619	41.8614	34.6516	34.5793	27.5115	4.79612	4.22392	30.6338	35.4378																																																																																																																																																																		
15.0628	49.2349	21.8125	64.0522	56.5129	47.5917	41.6471	31.2956	23.657	22.1167	19.5632	21.488	38.4198	30.2678	45.5422	45.9971	45.3744	41.4071	55.5133	43.6818	31.8337	39.5322	53.5593	51.1683	50.7175	58.086	61.1179	47.9554	42.4719	52.1983	52.3752	57.7722	30.4482	22.7444	20.0487	16.24	13.7028	14.1386	15.66	15.5261	11.9128	7.33056	6.09863	6.3508	25.5983	28.3022	9.07631	11.3686	4.59622	14.2638	20.0844	17.7353	11.8179	22.399	6.42952	10.3766	11.0395	11.7807	12.3214	4.1758	4.91877	33.4352	47.3442	36.9995	35.824	32.5084	58.0704	43.7173	26.3414	4.95595	46.9711	63.8091	55.5359	27.5197	20.4476	47.0543	56.893	28.1183	29.2248	49.6563	28.8424	44.9084	37.3635	31.1995	37.1768	17.5217	36.8329	27.3056	27.8038	27.0416	4.56616	6.1758	24.6503	37.3612																																																																																																																																																																		
52.3231	49.8601	41.2892	68.6769	58.7806	42.1721	12.1283	46.7397	59.7482	56.9168	47.5244	25.8058	29.5109	39.9826	55.7621	57.8546	61.1638	49.6028	37.7297	54.3412	28.1201	50.1382	52.2474	52.9132	59.7716	57.5527	45.3753	29.3433	7.69018	38.2595	54.4117	51.7204	29.743	18.204	13.1395	9.68692	13.6796	18.8652	18.9837	16.2533	8.81432	5.6672	7.92797	7.54719	21.4826	30.5811	17.1731	0.995327	15.6511	24.5805	28.4378	28.5835	25.9565	20.5418	7.3854	8.5075	23.8773	25.7041	14.5293	10.0783	10.6906	22.954	49.4062	45.7609	23.0839	21.1347	56.0447	53.9524	29.6419	23.3307	47.068	61.0746	59.7632	31.8274	33.2813	58.0356	54.3	18.7364	46.4574	52.9891	39.7739	49.5055	47.3887	40.6013	19.4968	7.95306	29.7632	20.2647	24.6207	23.5321	8.64066	1.07027	16.1454	33.134	34.5286																																																																																																																																																																	
63.3191	54.497	52.5089	71.9609	59.5993	32.4386	56.5078	66.3206	62.4204	60.0067	55.0009	54.0231	54.5146	23.7246	38.8792	52.6321	57.8177	61.844	41.5991	56.1433	43.1831	50.2471	53.0942	38.187	36.5333	20.4602	37.8163	43.0274	38.2091	34.4215	39.0914	33.0653	22.3932	13.788	3.72733	6.81182	4.56858	6.16463	6.541	14.2769	11.9945	8.81356	7.55266	6.80067	26.1008	33.1822	8.04251	17.4878	23.5475	24.1327	25.9127	22.1519	17.3288	11.3009	8.366	6.801	21.3694	7.32712	19.3172	21.6732	20.9674	19.966	36.6414	49.8392	42.3912	17.0924	51.3282	58.4509	27.0825	34.5224	41.0471	55.4147	60.5053	41.7067	21.924	61.7394	49.1412	38.2996	40.4605	33.058	12.7014	28.9793	34.7752	38.0432	17.0602	28.259	44.9961	46.3272	41.5795	34.1588	15.2866	13.8713	12.3583	18.3018	34.4988	23.5679																																																																																																																																																																
63.3044	56.4627	46.568	71.9739	58.6819	53.6159	61.3251	44.8004	50.9115	58.272	37.6649	39.0937	41.7167	48.6629	50.806	38.7644	14.3346	55.4239	61.1688	58.7305	47.3625	43.649	60.4874	57.916	53.9581	53.2122	54.4916	57.2119	55.888	50.2473	44.6984	31.9821	12.1888	12.3746	4.85454	14.1813	12.7036	17.602	16.2325	15.6132	9.77087	5.09183	4.51397	8.88698	30.6231	25.4502	16.828	23.9624	24.905	26.0791	24.7105	15.4718	13.3367	14.4679	18.491	19.9419	14.1584	3.55356	3.10971	18.0299	19.3812	25.6828	25.241	27.0583	39.4683	24.2589	48.3958	53.7468	29.6312	34.3768	40.7258	55.5601	56.0652	32.1827	37.6623	53.9134	39.466	30.6939	13.0592	40.9094	52.217	51.668	40.7115	22.0487	15.1451	39.1459	40.1444	47.8945	45.2439	47.5123	31.489	16.7528	1.28066	8.51624	31.6079	25.9119																																																																																																																																																																
59.2156	56.8088	51.1283	70.4386	38.5843	52.6669	40.1101	19.0982	56.7229	58.82	49.0283	52.3159	22.6217	39.6068	52.3746	51.6781	39.4635	12.5404	40.0222	40.4017	28.0437	23.3218	44.314	53.3568	54.7121	55.8896	56.732	55.7416	51.3666	47.8236	39.3492	19.8409	6.58369	11.6446	7.96024	18.4458	10.1695	10.4229	8.36442	9.32175	5.44848	2.46767	3.16821	11.5587	28.5972	16.0895	17.888	17.9968	19.6433	21.0459	16.4446	9.44927	10.9711	13.6864	15.4824	17.3698	14.9575	7.8687	5.50706	18.3815	15.0648	17.9181	17.2327	15.3283	25.4062	21.9465	40.1522	43.7635	34.0254	32.1616	47.4209	58.5506	49.8297	9.71053	28.8647	31.9483	20.0819	12.889	28.9859	35.8993	40.1474	43.8089	39.501	23.1377	3.1438	37.545	8.83202	37.621	32.4688	52.5654	44.5935	12.1683	6.94298	8.10818	31.337	24.9287	11.893																																																																																																																																																															
53.1122	40.9107	51.1662	61.3123	49.4784	38.5535	10.8265	44.8088	44.0445	54.1962	60.7089	56.5105	54.6595	47.167	50.8881	48.2711	49.9053	50.3087	53.4884	60.9345	61.1194	55.7189	52.12	55.0094	49.6852	35.7774	41.4434	53.6054	57.8888	55.6274	43.8847	19.938	12.7589	18.8013	28.2037	30.4976	23.237	20.7361	18.8219	16.5434	13.7385	14.2975	17.6201	23.7589	23.3503	4.63407	21.7865	24.0055	38.1189	46.7046	43.8154	41.3787	47.9738	49.3332	49.3702	53.6358	52.2295	43.9592	36.8332	37.9066	33.8873	36.673	41.9877	49.2107	54.4183	47.8805	45.3236	38.4407	31.7904	26.811	48.5372	58.808	50.1938	24.5397	26.254	12.494	3.92713	16.4629	33.7742	53.8181	59.4457	54.4124	32.6375	12.5116	33.6653	47.3721	53.3481	52.5229	40.8398	50.1994	42.6662	17.2219	6.62027	12.5041	26.9837	23.1061	14.1767																																																																																																																																																															
38.6657	33.3224	40.4743	21.8548	52.1666	29.9843	20.6752	52.4941	9.48525	39.7566	61.701	57.5523	54.3201	41.3453	54.8885	38.975	46.8164	49.2494	55.2758	62.3513	62.9014	59.168	53.2734	55.0066	56.6127	37.4045	46.1754	53.8741	57.837	57.6773	54.7445	40.6935	21.0268	22.1458	29.0056	28.7749	22.9887	20.9053	18.9473	15.9962	13.5904	14.8409	18.8171	25.1213	14.0457	17.9413	23.2448	26.5153	48.7776	50.3071	44.427	41.9394	50.2231	50.0684	50.3593	54.1764	55.4981	47.3165	36.8811	36.983	32.5304	39.7744	44.7763	53.4062	54.6085	60.6984	59.4428	35.5026	23.4385	13.6581	42.4236	56.5915	52.1297	21.2041	27.2162	12.1866	3.46036	6.8361	40.5815	55.417	59.6488	58.6545	46.6617	36.0837	33.7968	44.1382	53.5497	50.625	38.6195	37.8847	26.0387	16.9019	19.7832	16.4489	18.1309	19.7519	16.3137																																																																																																																																																															
22.9472	56.3467	39.6823	48.5243	15.6715	45.1606	44.5323	54.0351	42.5209	39.0019	55.9324	48.653	47.7468	39.4014	58.3987	48.0718	43.0099	43.1933	31.7863	33.2115	37.7442	46.5595	27.9615	12.0546	49.0614	40.6006	35.5051	20.1222	19.3689	44.3665	55.0269	46.2774	23.4761	15.6017	14.5836	16.372	6.25988	6.27932	11.2668	12.7569	14.0768	14.6939	14.7399	16.7468	12.6401	35.9982	35.9566	33.9434	49.2072	45.5085	31.0451	32.5532	36.0487	29.7842	40.347	32.8091	47.8615	37.0237	25.5402	21.6849	4.16207	29.9574	38.5624	45.3712	9.62114	62.0202	62.1247	37.1772	24.4263	6.27935	32.5805	53.5715	51.885	8.16687	22.0712	17.8769	11.8902	13.2279	45.0251	40.6706	27.8742	52.4473	49.8639	44.7081	31.0202	40.377	43.0397	24.7572	1.33918	26.1303	20.691	13.4648	16.8213	20.997	21.9338	20.5337	20.4728																																																																																																																																																															
11.6993	55.8449	39.4126	55.2308	57.96	21.1238	43.3522	59.2981	62.7583	55.2062	60.0949	54.0218	28.6878	25.4589	41.7197	36.9875	10.6723	23.5039	31.9787	49.9951	53.9692	42.3266	32.4785	40.6811	31.9744	13.734	2.68244	26.3251	42.8154	54.1118	54.4545	40.9802	12.364	18.1032	23.6273	22.7169	19.128	8.42549	5.96781	9.97143	9.8213	11.1465	10.007	5.85677	33.614	53.3771	56.7231	56.8802	56.1523	56.1115	49.2755	50.9169	50.5506	53.9132	53.3962	33.2257	43.777	39.8694	52.1562	51.155	39.7822	17.5092	43.6343	47.7943	2.64184	58.9025	59.358	39.1375	31.936	25.0777	21.1601	51.3963	52.8447	22.0575	17.5444	19.8657	21.3632	29.4071	44.248	45.2443	35.5977	56.712	47.556	38.3105	20.748	19.706	33.677	23.9686	14.2679	20.5015	17.0625	12.7661	19.1555	25.8558	28.325	20.5687	24.3036	17.7924																																																																																																																																																														
37.0049	58.5373	61.3889	45.0541	62.4635	67.1262	49.0026	7.82485	16.4234	43.3509	49.7892	52.3322	65.6079	70.6285	70.6235	68.3361	65.1403	64.0658	65.5793	62.272	62.4196	62.4	61.7242	62.328	62.9807	61.3447	59.1364	59.188	59.1867	56.0841	42.4487	16.2153	24.7026	29.2806	22.3487	17.9959	17.4489	13.0639	9.87456	16.9592	18.1285	14.1065	15.4229	22.5428	47.8163	60.6485	59.3959	56.9303	60.0695	64.3399	62.0996	60.6255	57.0117	56.2161	50.2493	51.101	44.2585	56.6881	58.5818	55.9983	53.5463	38.39	36.4483	46.5338	6.34537	55.0991	58.1822	38.9476	29.8659	27.7931	10.9686	47.733	53.2015	34.7482	14.6987	10.3684	26.5767	16.7794	31.5054	44.4616	17.8122	54.7339	50.9261	40.2415	10.2066	17.3936	27.7302	19.6417	27.362	32.3377	22.1988	6.7088	2.17401	18.8114	26.1963	17.0164	23.8666	20.1945																																																																																																																																																														
58.6668	46.9052	60.9432	65.2982	29.6096	59.0934	56.4842	49.6835	56.8077	56.6052	53.0482	63.7984	68.3509	62.5984	56.2919	54.2565	53.8938	55.6657	54.0001	40.0301	34.5168	35.8065	39.4981	41.2621	43.7398	47.9538	48.9853	47.8932	43.8976	34.1695	8.63342	16.6198	25.7968	17.2324	25.9165	21.098	18.685	13.4916	4.3164	20.4221	19.4549	13.2087	18.2515	15.2356	49.8726	61.3156	53.9687	35.9178	46.1343	60.2162	52.3018	50.7575	40.0272	34.3139	38.5869	51.1435	45.7779	48.8356	39.5832	48.801	45.2956	29.0828	21.6354	38.0747	20.5882	50.5497	55.3352	37.1228	30.2542	26.6269	1.57225	46.6535	56.9407	38.4726	25.8507	29.1412	31.8636	31.6139	35.1508	46.6513	28.0551	40.4976	51.7774	45.756	23.1264	10.7697	20.0978	21.7805	29.9966	40.6353	33.0331	19.779	20.2807	20.8829	18.5202	14.4826	22.093	20.4319	5.25395																																																																																																																																																													
61.1374	46.187	61.264	67.7003	47.586	51.9684	61.1008	62.8254	62.6994	57.7558	59.1131	65.3411	59.2671	37.7995	41.7266	38.9184	34.3679	38.5884	47.0245	48.4559	44.1162	39.8008	37.9896	34.4942	29.7184	29.4406	26.4386	22.5258	21.8433	28.2213	28.245	16.8944	7.86132	14.8594	24.4508	23.4947	20.5098	8.10125	20.1528	17.0338	19.2778	12.4978	19.2968	7.06	50.3538	60.6305	52.7914	40.0591	48.1983	59.5994	41.2266	46.7494	37.6279	29.9759	33.9014	44.4034	41.3131	25.4825	16.9721	48.0661	45.3819	28.2225	19.3242	36.4941	19.1671	48.0371	51.0755	37.0467	35.5383	25.2118	18.1498	48.8555	57.4895	28.8805	34.6824	35.1616	26.7617	40.7107	46.3194	51.7125	46.9098	41.7274	48.0705	40.5251	22.8916	23.6566	32.9983	23.8767	8.63589	39.2785	42.9299	35.1583	23.4268	16.8963	15.2472	13.8945	19.8399	20.2804	7.89196																																																																																																																																																													
54.4466	42.6118	62.2467	64.6489	53.3473	26.1626	35.6888	58.3876	64.3314	65.3875	66.5643	60.1147	5.97814	55.3054	63.1122	63.548	62.5795	64.0588	67.232	68.7824	66.9894	60.837	52.3917	50.7087	48.4782	45.5677	45.3011	44.4106	40.4539	32.0082	26.0727	17.8444	7.13569	18.5431	20.8252	22.1803	12.869	23.2137	24.4582	9.90944	14.1229	30.7782	28.3788	16.4389	52.0745	60.6754	52.423	53.8873	56.0013	59.3396	49.8922	55.3704	58.4373	57.041	53.3919	51.2472	47.6264	27.1207	38.9449	28.6586	32.5747	41.4673	27.7853	32.6093	4.68016	48.205	48.1001	37.9511	29.0585	28.92	44.6175	49.4638	42.385	35.5165	43.4065	38.1492	31.966	37.0568	42.5577	55.1292	61.6066	60.5175	50.6981	16.4665	21.7504	28.2389	33.706	38.7062	35.4316	36.9823	41.602	41.059	34.4889	29.721	25.6539	16.9473	16.7253	19.9812	12.3407																																																																																																																																																													
52.2669	57.7754	55.424	50.697	50.0458	53.2788	52.013	49.1127	50.0497	42.8187	28.7229	31.038	63.4868	68.1839	69.336	71.8959	70.4637	65.2392	62.3108	60.5952	58.3966	55.1447	47.8774	51.9979	51.4607	47.5677	48.6168	44.1286	37.2295	26.6369	18.9653	22.4252	16.6708	19.8451	22.1114	11.6048	17.5879	24.5188	10.1417	9.33783	18.5117	27.0588	22.1278	18.7224	57.2991	64.5068	51.0291	52.2349	55.2741	52.9723	44.9262	42.5739	57.5694	60.6346	56.0324	37.9531	55.9317	59.5472	61.6592	61.2821	49.5004	31.1629	27.1687	37.4164	46.576	48.5216	42.2905	31.9734	21.8025	34.8974	48.0268	43.2664	18.9722	5.78346	19.6918	25.7573	35.5107	40.0171	38.2247	20.8877	23.7802	47.4037	47.6431	43.2333	37.6673	43.8714	45.158	26.1789	16.4173	23.1816	21.0882	30.78	28.4304	27.2577	29.0564	19.3525	16.2956	17.4427	15.3629	8.554																																																																																																																																																												
20.4504	30.4932	47.1448	50.7058	44.0746	29.0009	28.1474	29.7897	47.3427	54.9269	21.0399	48.0122	68.5465	71.1583	69.7234	65.7396	59.7494	40.8432	2.14443	29.2441	44.8256	49.2484	43.6179	49.6163	54.6177	50.6674	48.4701	46.7921	43.0873	45.322	42.4311	33.9965	17.7973	23.7846	22.5175	11.1123	27.1876	9.67396	26.346	5.08354	34.6623	24.3319	24.9139	20.186	58.6653	63.5917	37.2886	46.1223	60.9833	60.6362	49.1853	40.3163	34.6301	44.8499	63.3119	62.7967	56.2588	60.6934	56.2158	53.9314	62.0387	53.736	47.8351	54.3961	55.5173	35.5413	22.3614	31.4478	34.0431	43.9784	41.5657	28.7746	41.197	49.9279	46.8158	36.0189	49.2986	54.612	52.9603	51.8156	44.3798	33.1816	6.03026	28.4601	33.1122	34.5555	43.3617	51.0301	52.6604	49.4929	32.2609	16.5292	30.0119	31.0706	27.6025	17.6473	17.3746	13.3508	14.1522	14.4412	5.26946																																																																																																																																																											
36.8828	38.6718	51.1668	49.6237	20.6712	5.69721	30.0947	47.7516	53.6822	49.6853	7.63083	38.5419	73.5504	73.6948	49.1419	57.9415	57.2601	49.9751	33.4217	19.4469	26.9655	45.3525	23.08	29.8292	39.0603	33.8627	34.0209	40.1948	35.1731	35.1193	50.3038	42.3728	15.3013	28.5946	20.0247	24.0672	23.0602	16.279	30.6775	15.0822	43.4144	22.1701	29.7037	19.0015	54.2861	59.52	41.8551	44.8617	62.2703	64.6424	50.9607	50.1371	38.0915	56.1547	71.8062	64.1569	41.6509	51.4829	62.7938	29.2326	44.497	45.9608	36.9435	47.8646	34.562	37.1686	8.01052	19.7165	26.334	37.8127	21.5919	9.06873	33.1835	25.0846	47.4035	11.3073	39.6048	33.2261	34.3305	47.0635	42.6819	32.9556	25.4345	8.37738	14.843	24.1403	12.7946	21.2311	40.9574	40.5899	37.8147	17.2157	26.9123	37.2855	28.4137	17.0233	16.3197	10.3662	9.42644	14.8347	8.42688	1.80869																																																																																																																																																										
26.5732	37.5443	57.3633	48.979	43.9225	44.1988	49.6163	52.4133	45.873	39.6896	44.4898	54.4165	74.3237	73.9802	40.4273	62.9495	48.3813	53.3119	44.1048	9.37217	25.4549	48.0236	41.7197	51.1223	55.9863	53.9424	48.6185	40.3195	33.2889	32.6966	50.1262	43.524	15.6374	27.6385	14.9359	28.5106	15.2017	21.6138	29.8489	21.4673	47.9422	23.2801	34.5303	26.4747	49.8299	57.0267	40.9568	47.7605	61.862	64.4406	48.5063	37.6506	47.9647	56.7077	70.6134	61.9214	33.5947	40.7665	62.2929	40.0838	26.6187	45.0118	36.4805	42.3348	32.4501	42.7375	7.73419	21.1311	32.8029	28.1761	9.5887	20.6838	38.5624	19.5463	50.2837	9.54337	40.4733	45.6486	42.0827	39.8729	36.4547	31.2892	32.2739	40.0556	47.1299	47.152	46.3607	44.7725	47.5744	34.3457	16.0896	37.6684	22.2909	33.6542	30.947	20.3333	16.64	9.72836	9.14629	14.6457	9.03795	1.80853																																																																																																																																																										
9.69535	45.1174	56.9551	51.1192	45.7566	29.1451	52.3365	39.3606	57.5908	61.2685	66.1286	69.9712	72.7084	64.1798	56.0487	57.324	12.5214	48.669	49.7197	2.00257	28.9	47.0947	46.5893	40.3482	52.2036	51.6358	50.2892	50.2042	48.7394	47.2605	47.2808	39.995	23.2991	14.3107	21.8544	27.6795	5.56635	25.7525	25.5018	27.5449	50.0188	26.0471	30.9747	35.6693	46.9992	59.0895	49.8131	49.5311	48.2256	54.5807	56.9823	60.2933	69.7808	69.7305	67.0012	68.4471	52.09	49.7943	57.1226	40.5673	18.4889	41.0967	44.0212	31.7968	38.0029	37.4428	24.7498	34.9634	42.7818	37.5062	31.5642	40.2188	49.4663	50.034	58.577	42.7444	33.7143	55.785	58.8337	49.9321	8.7191	39.3017	51.3113	57.661	58.5201	57.1348	56.1315	54.6544	54.6971	54.4649	33.9226	37.194	41.7749	26.2968	22.9026	25.7859	20.2813	9.64917	11.1722	14.8737	6.89059																																																																																																																																																											
37.8519	39.4943	45.906	40.1666	43.4173	57.22	46.1981	34.8306	58.5298	69.1696	70.663	65.6905	50.1212	42.7371	68.5754	68.1205	67.3074	68.4738	67.0806	59.0017	45.6532	13.1105	51.7831	60.6572	48.6159	35.8748	29.0976	19.1361	15.5591	24.3504	36.472	34.0192	14.4596	14.8682	28.0882	11.7113	22.8711	27.1074	17.8344	31.1982	47.2521	29.3045	21.5419	16.3154	37.4782	56.475	52.8003	47.0461	37.1162	63.8345	71.8137	71.1981	70.9433	70.3473	69.6619	68.3441	46.5232	43.678	40.4803	34.1998	10.1155	19.3427	21.2606	12.7486	36.4256	37.1526	46.824	49.4975	31.2205	32.3109	39.1445	36.4681	42.619	38.0608	59.4969	65.8452	59.3797	45.9405	48.1756	55.6648	56.2969	35.9615	37.0538	26.9068	14.4018	35.6962	18.6506	11.2344	33.4022	52.4034	56.5197	40.0885	17.215	29.6433	5.41047	28.7398	26.6439	14.7535	12.3807	14.0256	5.70098																																																																																																																																																											
21.7688	52.8203	54.2679	54.312	39.9918	13.9513	38.4051	47.4601	53.9116	44.8342	20.917	42.9314	60.3266	66.9004	72.9953	71.968	71.0601	69.9391	65.4354	64.5918	69.3559	68.2086	44.943	47.9393	51.1134	37.3477	32.6584	26.7102	24.3593	34.2299	39.5886	20.6727	21.5985	31.0737	13.9466	18.5724	29.6163	24.62	5.94604	29.9226	40.1428	18.0443	7.71865	4.46975	30.2308	51.8414	51.9434	48.4715	45.9699	56.3658	58.4893	63.8133	63.7093	60.7829	62.1903	57.4291	41.7099	40.5164	26.8068	38.5581	18.216	17.723	14.8321	2.20002	21.2215	31.3515	51.0309	59.4226	46.6895	26.6946	7.33992	19.9931	31.409	27.2196	7.2823	66.4046	69.2947	41.1714	28.2041	26.4161	61.6172	60.335	36.1439	26.3612	42.7036	50.6642	51.6992	50.263	46.0735	21.1325	40.6536	57.6038	48.9031	8.14677	21.2214	15.0863	31.6857	26.177	14.9691	14.2145	5.40687																																																																																																																																																											
30.8809	49.5731	32.2384	35.4146	37.7158	55.8611	56.767	43.7917	36.417	64.3355	71.8674	72.2374	66.8851	57.3526	68.7035	44.4643	3.68792	20.845	16.6563	8.92528	19.2862	53.3872	63.8705	59.1575	58.8972	57.678	51.1049	42.2598	41.0857	35.8146	18.9335	20.6081	27.3435	17.6361	14.4498	29.0437	30.3252	12.6422	8.83436	26.1537	36.5578	23.2464	19.5719	18.4319	15.6237	46.5181	49.8805	46.4601	26.7789	48.339	34.1646	44.9754	53.0644	51.6641	51.8191	49.233	44.8461	45.4239	48.5261	47.1778	28.0173	30.0543	18.6363	19.2669	12.2424	26.5415	46.1932	58.6836	47.5309	44.4568	30.1834	14.325	22.4438	39.9904	51.7276	62.9427	68.6546	39.9172	33.1257	27.8525	51.4754	66.322	63.1142	51.2532	27.1715	40.8339	18.6936	30.1136	34.3961	34.9193	35.8642	38.0437	49.7287	27.261	10.3689	19.489	19.4529	31.0955	20.5166	16.259																																																																																																																																																												
54.0917	49.3192	11.1753	27.6093	40.2093	46.2796	30.0446	34.863	56.8011	66.2184	57.674	40.3097	40.8731	28.8283	65.0071	32.0222	57.6765	62.6212	59.3645	54.8133	53.9235	32.9218	32.1956	57.8067	52.4537	29.263	30.1806	43.1171	44.8782	46.8963	43.8791	30.385	16.2427	6.04157	19.669	35.4116	24.6472	6.61929	14.8813	23.2238	31.1007	28.5914	15.2683	17.7198	12.1687	42.2184	47.1536	40.4583	30.3907	58.9991	52.2858	40.2874	39.5793	24.7837	2.1996	23.498	31.0026	17.5429	16.5344	28.9006	31.2196	37.0358	34.9508	39.3951	23.9824	38.9288	41.9224	57.3059	45.3684	46.1459	48.5235	59.0898	63.2051	63.5582	64.8154	65.2458	67.0803	53.8471	47.4053	40.8879	33.2312	56.1461	63.1095	63.3111	51.2901	25.1306	32.3554	13.36	16.3524	18.4461	39.2311	46.2887	36.5241	23.1949	19.145	15.0647	19.2805	23.6408	26.5531	17.5133																																																																																																																																																												
55.9214	53.3093	46.2083	38.4484	37.7803	10.8597	48.2932	57.9098	55.4726	32.6752	48.1573	54.5868	33.8684	45.9923	53.7144	42.221	58.5304	57.7741	59.2173	46.9363	42.6393	35.9368	39.1737	36.227	48.4882	57.9671	59.9786	56.126	50.7393	46.387	43.2617	32.4607	2.1995	7.65372	15.7771	36.4168	22.2691	13.6791	17.0445	22.5101	23.5324	26.5036	16.6973	29.1104	25.5787	39.5538	52.5733	47.6758	60.4144	58.0496	11.1676	25.4547	41.2104	32.1809	53.1002	51.9224	47.5665	48.7004	41.1441	25.6599	9.39838	21.5063	41.7319	52.8247	44.0308	44.0424	37.8379	58.7179	58.6869	59.2705	66.7903	70.4883	69.9363	66.9107	62.8603	57.8874	59.4341	49.8769	30.495	3.51241	25.5145	14.8677	31.7516	54.8492	58.2411	46.9116	51.5791	48.5751	48.7286	46.1813	39.3813	38.4718	38.8796	26.0916	26.3746	22.8572	24.9974	24.1083	25.6393																																																																																																																																																													
29.1962	30.6534	58.2333	52.9849	21.9558	36.4139	53.7763	50.6558	29.6057	31.2259	45.4212	37.9315	53.7304	59.5487	26.0987	50.3735	58.5088	28.4686	53.0152	51.121	32.5982	27.9831	23.6986	34.1006	47.3466	44.2823	39.3121	44.5729	34.9201	23.3249	46.5142	41.0378	13.4885	12.7018	11.103	32.5177	19.9453	13.5631	16.0747	17.783	17.643	20.6655	9.08997	29.8656	19.5956	28.8318	49.1856	47.0242	54.3968	9.26525	48.3221	42.83	52.6907	50.0817	47.1368	35.2427	1.1778	29.9291	41.6381	35.0605	23.3163	9.0501	24.2092	44.4018	46.1474	38.134	24.6854	43.4422	52.1838	51.6431	56.6056	55.6412	54.5424	53.6091	43.8181	28.2961	45.5608	44.9227	17.1432	33.9404	35.6796	40.3527	23.5607	38.3401	47.7633	37.8177	48.2004	46.2162	49.1214	41.6507	25.6309	25.3139	16.4577	18.5196	25.8672	23.9782	18.9436	17.6814	14.439																																																																																																																																																													
7.66761	47.2107	58.6821	50.4199	13.9825	47.3795	54.7661	47.3673	12.0173	35.6675	34.4407	17.8868	61.0054	62.3317	26.4016	53.107	60.1609	21.5043	53.6028	48.113	42.0091	44.7195	39.2978	32.6885	18.3402	18.6853	34.6054	37.3844	24.6125	27.4243	47.0924	41.0085	10.6922	5.43815	12.2093	26.5585	16.4624	14.0867	16.2625	12.1134	14.9777	21.5711	19.9609	28.3319	17.2184	20.3483	39.5002	18.4334	24.2139	51.5185	50.9356	45.2519	58.0782	50.5974	43.8144	41.8054	5.25302	23.3018	38.9991	29.8705	24.7418	18.9503	15.2649	15.8135	1.26601	11.5617	18.3664	36.6937	16.274	21.0708	33.9055	16.4149	27.3415	14.4983	30.8704	35.0569	29.6881	46.3588	26.1376	36.5462	19.106	42.445	37.6165	33.2589	30.6361	35.4492	43.2541	31.4851	24.1723	28.5787	29.598	28.7085	19.1367	21.1528	25.5263	18.478	3.68652	27.7933	27.4555																																																																																																																																																													
48.7555	57.3294	44.8024	30.8686	26.0414	49.4238	55.4928	48.7468	11.8493	46.7358	41.9566	33.673	61.6289	62.7771	43.3423	55.6316	62.3315	35.0341	55.1306	51.216	62.3205	64.1638	60.8554	58.0238	54.0373	44.8826	37.3655	34.5177	38.1099	41.825	41.9024	31.5049	9.72777	14.1084	19.0427	19.9448	5.8784	15.5818	13.812	4.23875	13.6515	22.9661	27.1508	26.8525	15.5948	11.9434	33.3028	44.4432	57.797	59.3437	34.0306	52.91	57.878	46.5759	43.5884	37.416	2.6083	27.7915	41.7821	20.617	15.0434	16.7355	17.4829	17.5017	18.6758	5.26392	47.9229	53.6643	47.8871	37.8276	29.6363	41.8754	41.8621	32.7467	17.2004	17.9558	21.2859	33.9172	40.4626	52.6133	47.7874	55.6557	53.3714	14.2366	28.5548	36.654	21.102	7.26323	9.41797	6.53132	21.5683	23.1353	18.6458	19.7952	14.662	2.43757	33.1135	45.6131	44.6186																																																																																																																																																													
63.9565	55.3946	24.1582	15.2231	33.0816	45.6181	50.1042	46.6627	24.5885	53.9975	44.9431	34.4407	61.5334	61.1987	44.5611	54.9367	63.7355	54.0763	65.8021	65.7231	61.9407	59.9731	56.6317	62.2083	65.9216	65.881	64.5705	52.7748	28.6883	22.8364	24.7492	27.2698	11.0997	15.8662	23.9784	9.56541	7.88854	13.175	7.72679	2.35404	6.98103	5.08989	11.9067	9.42939	13.7574	32.7988	44.7164	56.4815	52.4685	19.4299	49.1744	61.1673	46.9856	54.2561	41.6524	41.308	8.62045	33.0717	41.3879	13.279	10.5406	4.69997	14.5513	6.14073	16.2418	28.6708	56.1894	56.3224	57.8359	65.8057	62.5896	54.4899	45.9735	50.1754	60.4315	58.4893	47.2546	50.4941	63.3227	59.419	41.2051	48.822	58.0022	48.0951	26.1681	28.104	49.0775	54.4557	53.8058	50.923	39.545	31.0704	35.6526	35.4973	35.4923	35.3338	45.3862	38.595	48.1332	45.198																																																																																																																																																												
51.2399	16.5181	22.0651	42.7966	46.6686	48.6611	41.557	38.8601	19.2223	52.5572	42.6215	23.8582	56.7593	57.3197	57.374	60.9342	64.6223	59.9594	63.3368	57.9587	47.5137	38.0566	48.9515	66.0033	66.4891	67.0058	67.8735	63.0755	50.436	44.5971	38.0242	35.4882	18.911	15.1412	21.7537	8.81825	16.0692	14.4672	14.2445	16.6076	16.552	15.5652	20.7106	18.3445	35.2916	45.6736	43.5329	45.769	43.8852	35.9871	60.6758	53.2227	10.0997	57.8	18.2153	48.3687	31.1371	33.7663	30.9007	15.0891	9.98875	14.9707	13.1009	16.5504	7.02117	35.0538	56.3022	61.9518	58.6952	62.6129	61.2137	54.4204	50.9299	53.5828	60.9284	64.3832	66.9198	64.4387	55.1359	25.7751	34.5731	43.4996	30.0358	37.6699	31.638	41.4131	57.179	56.9793	51.9712	49.0934	41.2282	46.0585	51.71	51.3171	45.3575	42.6314	37.2405	11.3977	45.7567	45.4218																																																																																																																																																												
22.2823	12.6054	24.3458	45.5479	30.4439	8.37223	25.8316	31.7746	14.4559	42.8713	46.3403	47.9488	38.2306	41.3495	64.4327	67.3894	65.3454	43.6895	42.4499	58.254	50.3634	23.4366	50.6805	61.4812	48.8079	62.4838	68.6729	66.7007	52.7641	49.8657	49.5848	42.8518	22.1032	18.4608	12.6954	15.1736	24.6798	23.6963	22.8871	14.5345	6.55027	3.47963	18.2198	29.4931	44.5548	50.5206	46.1219	36.8743	15.7444	54.4546	59.597	14.5369	57.7589	56.9611	29.727	48.7916	22.2301	16.8524	20.5413	14.7677	8.64835	23.6258	11.0927	17.7843	19.0078	36.2439	56.6213	62.6859	50.5491	41.9438	51.5749	55.8125	59.5537	63.5031	61.6371	55.6759	51.1295	31.3693	20.3507	40.9237	39.9476	29.3242	21.3254	19.4656	33.6071	53.4346	56.4379	39.6381	45.294	47.3505	35.4678	48.5199	39.186	35.4269	17.7766	11.5115	1.22846	26.771	40.0521	39.3923	14.5784																																																																																																																																																											
35.8296	31.6517	31.3805	46.0262	55.0861	58.7281	55.9584	44.5198	35.0471	32.6474	18.6955	32.3164	25.738	56.9803	68.3415	65.7064	56.0701	40.9003	54.364	45.1816	41.3364	41.9229	58.1951	69.1812	66.1862	65.551	60.4163	58.999	42.712	45.4738	53.9981	45.8998	20.7685	20.9172	16.0959	28.2634	23.8479	17.0604	8.8774	15.3812	16.1228	15.3212	17.3755	24.8797	52.2017	54.8151	39.6469	22.459	49.814	58.8443	36.3975	46.1833	59.5792	36.6611	51.182	44.7292	22.831	24.9668	25.846	14.2656	18.6768	18.0151	17.3449	11.7968	18.4128	32.101	53.7848	60.9055	56.4693	15.7675	29.1077	48.6196	59.3226	58.9441	42.6375	44.3187	45.2729	27.0359	37.7322	32.9106	29.2043	53.5595	61.915	60.344	60.2934	60.7106	54.2311	42.9718	48.0215	46.686	24.5226	30.2831	7.65254	42.56	38.3521	39.6361	43.4337	44.1577	36.2276	24.898	13.6459																																																																																																																																																											
49.2584	31.9242	20.3837	45.7787	54.4485	49.5461	58.789	38.9442	35.4875	32.4676	38.8402	52.9724	61.2671	67.2558	68.3677	58.2785	51.4644	62.0099	66.7364	61.3712	54.7911	57.939	44.3714	69.1342	72.3354	71.5205	68.9837	61.5289	45.2607	38.3685	54.9429	48.0658	21.7646	10.8579	17.5247	19.7213	3.27486	4.95132	10.6425	19.6197	9.50581	18.339	27.1518	36.1242	56.6699	46.3878	20.519	41.6688	59.289	40.761	41.2203	53.3988	49.6766	13.1573	50.1775	39.4438	38.3248	38.0269	34.285	19.2573	16.5898	2.98067	14.8021	10.4922	23.2857	26.9222	41.5242	52.9495	58.4446	53.5751	46.9241	43.0604	37.0649	30.643	33.4441	47.4741	51.7553	44.2	39.8293	57.1171	61.813	56.6175	53.5159	45.6585	24.4923	32.2871	24.1195	42.0479	46.5012	45.3747	31.3269	36.8282	46.4678	45.5311	42.8815	31.9985	37.3236	30.87	6.20011	15.9615	24.2793																																																																																																																																																											
52.0208	34.0217	25.8379	35.6268	24.2736	35.9474	60.7972	30.5833	25.3938	12.811	37.1087	51.0273	56.0465	62.8016	57.8252	36.6505	43.2061	55.8662	63.5122	62.2536	61.2848	56.4882	55.306	44.8444	50.2938	47.9417	43.6449	45.1547	32.744	8.60387	56.7272	52.1852	23.3444	1.61728	18.1082	4.62568	7.96811	7.49216	10.0722	13.033	1.80601	19.1826	32.5758	43.9594	54.0974	23.0927	41.7757	50.5465	53.4053	10.0223	50.9755	42.2353	33.403	6.91868	38.6592	29.5932	32.3291	41.176	34.1403	10.3241	5.84427	11.1576	8.21984	13.8948	25.4115	18.4779	22.8568	39.836	46.759	46.0493	48.2167	58.5776	58.1268	19.8747	33.9209	47.6239	53.7	40.5277	41.5971	52.5722	47.98	32.5627	40.0417	26.7839	34.8898	40.642	44.2086	38.8369	44.4047	45.9387	41.9325	31.6692	33.7515	36.6782	37.7345	21.3015	8.74884	4.71065	24.5351	21.1885	29.3264	20.75																																																																																																																																																										
57.8956	23.314	19.4164	30.4696	17.06	39.8076	61.0011	33.0089	30.1107	27.8127	35.6269	50.6257	44.3578	58.0569	60.3262	34.8845	13.4715	53.2876	68.3501	62.0149	54.3243	57.1941	63.0563	44.6793	28.9792	38.7532	38.0132	27.64	38.5319	34.1459	57.1105	53.2819	23.2905	6.44524	20.4753	4.1632	10.4854	5.07784	8.33668	6.25691	10.4125	26.8239	41.4232	48.7009	34.0416	46.1732	47.4983	38.4334	48.5635	5.82295	45.806	40.6243	42.5849	23.4057	27.4227	31.6257	29.3239	42.9245	34.6867	16.9247	12.2663	14.3543	8.39049	14.8002	25.9854	15.2915	14.0998	27.544	38.9193	36.5425	29.5529	57.0956	61.9065	46.8638	38.2945	35.6108	53.4373	38.094	41.3357	41.8305	39.9691	45.9017	46.1659	44.7005	54.9048	17.3743	50.712	47.458	41.9275	39.0246	38.7882	38.9738	27.8159	20.7474	23.9416	12.3652	24.8813	28.9009	27.7764	6.79288	31.5893	22.6866																																																																																																																																																										
65.8769	56.547	49.3076	43.1415	27.7209	40.8868	62.3929	49.5847	47.2436	51.707	49.5541	50.3365	13.4762	56.8352	69.402	64.3736	56.8482	71.3884	74.8423	68.959	56.3283	53.0908	64.76	49.2701	42.8411	46.6831	50.6354	47.3064	47.2087	52.7908	56.2135	42.8012	13.2402	15.7757	19.5062	7.02781	12.3588	6.22238	7.83549	2.80474	22.749	37.8241	48.2401	46.3715	19.9931	49.5961	46.5776	37.4229	30.8846	29.9223	27.694	12.1406	34.6621	49.9526	22.5133	35.9831	38.2468	40.2557	35.0501	27.9716	22.044	18.7434	17.0734	11.0518	20.5467	23.142	8.70402	19.0296	33.9408	20.0325	6.27337	50.5836	66.3346	69.2148	66.8834	56.8161	44.6255	21.4848	32.0469	35.4626	10.1069	41.2263	39.7546	36.8903	58.8149	54.1097	55.6006	63.937	59.4192	53.4488	40.926	13.801	31.0325	29.1839	21.6806	45.3854	49.5174	44.0653	30.0367	18.2993	32.1465	24.2318																																																																																																																																																										
62.9779	63.9495	64.8135	62.7097	53.4077	23.1792	59.705	59.7051	43.8314	26.2695	19.1833	26.5592	52.716	56.3776	68.2834	71.2802	72.3916	72.2648	71.9521	60.662	67.5181	68.1499	66.6349	55.3487	35.2014	24.2213	32.2902	44.4025	10.972	18.6461	23.422	26.9062	31.2348	25.8858	13.5383	8.57359	12.5844	7.2237	7.73836	12.8564	32.5068	41.3285	45.5858	26.7097	28.4056	50.1942	35.2752	14.5808	33.502	53.8362	58.8343	57.2255	46.2176	40.4988	47.7719	22.9475	40.9306	37.5026	41.6665	39.9507	34.8434	31.8151	26.4322	9.62002	15.6081	33.0475	33.6099	33.8537	44.3817	31.9413	29.13	30.7835	59.1131	67.6955	69.9322	68.843	61.8518	55.4206	58.7892	64.6884	66.2151	61.0754	48.4102	44.6116	56.2153	64.9566	52.7225	38.2101	29.1139	38.005	43.4203	45.3817	35.4423	13.1943	43.4374	54.1989	50.7833	41.6378	24.6673	22.5843	31.8613	29.455																																																																																																																																																										
25.7625	42.6163	56.5675	64.8451	63.9712	49.0776	44.0746	62.4151	46.8861	41.402	57.656	59.9655	62.894	55.1529	62.2279	66.0358	65.6104	58.9533	66.3404	48.5224	53.2166	58.1098	50.4143	18.6891	50.0631	44.7901	33.8638	43.4094	37.345	47.6815	50.7299	47.916	39.1859	31.3169	17.6684	13.0644	11.1927	7.34516	8.30381	20.4935	39.5288	35.8296	31.5883	36.1329	32.2906	20.6815	55.7403	36.8239	65.0471	63.3199	58.2743	46.8168	50.5802	39.9003	60.5736	48.6479	52.5325	55.4269	62.2342	61.2556	50.6353	40.4579	38.7721	28.5744	12.9708	20.6566	33.4233	46.9695	58.3856	56.8807	53.5429	52.6526	52.4913	53.1283	63.5358	68.2013	66.7913	62.633	62.1492	66.5334	69.1365	69.4437	66.8605	53.3587	48.4861	65.9614	38.1776	49.4813	57.3655	60.1384	49.0792	4.7123	9.8742	34.8007	50.0326	44.3242	29.1202	45.0462	34.8605	24.6843	28.6496	33.9427	25.4882																																																																																																																																																									
28.0749	19.7043	41.1857	61.5968	64.0404	61.4629	33.7145	51.1494	61.74	59.7414	48.4014	46.1335	46.9258	36.9732	39.1655	40.3284	52.1013	29.0963	64.016	52.5687	49.1707	29.2844	18.6782	43.9924	22.4688	46.3816	44.9548	24.1524	28.2134	39.3996	36.0834	37.0874	30.818	28.9116	24.0243	15.3922	7.32808	9.77729	11.4432	25.2112	42.3895	19.8041	20.3572	44.8556	50.0572	31.3884	54.4231	27.9588	67.1454	53.4161	52.3685	48.2533	42.6006	45.437	64.0375	45.5177	47.558	49.5385	52.6443	60.677	48.6836	31.8851	38.95	37.4746	24.0469	11.0325	12.8052	25.2941	45.0363	47.9135	52.4667	47.5338	48.454	36.7894	39.515	53.4511	56.507	52.0067	42.3657	43.9725	46.2298	50.0421	55.0238	54.8795	27.2744	65.8477	23.2343	55.6081	51.252	56.4247	59.5087	32.8893	28.7511	46.6498	41.6024	24.2375	3.19714	37.2436	41.5749	23.4708	21.3177	30.8658	29.9588																																																																																																																																																									
67.3214	64.5516	56.4438	57.6971	61.5263	63.448	44.2222	46.9785	67.2887	64.3506	40.5252	26.5668	39.1421	38.5398	37.6933	48.0618	62.6483	63.2238	65.5731	52.1698	33.7562	35.7886	52.5153	39.1585	23.2085	45.864	44.9121	61.1076	63.1552	58.0158	50.8468	41.791	27.9567	27.6464	27.4828	19.2879	7.93547	6.96695	12.0556	19.5798	41.2515	25.7967	10.812	42.4207	51.2854	33.832	47.2008	41.4471	68.1792	48.5348	57.9566	55.4403	50.4329	52.8023	59.5606	36.8685	64.0942	67.0168	60.3663	65.236	61.8408	51.8982	46.4156	42.5996	41.1674	33.3821	21.2569	23.6652	6.35722	31.7511	23.0364	5.38661	42.87	30.2949	17.0034	34.4566	32.099	29.5729	11.1306	26.6953	34.3867	15.7409	32.5256	58.1566	53.1731	58.583	15.7219	53.1194	42.5154	37.5404	61.9328	54.2556	53.8115	51.2856	31.322	1.86359	19.9694	35.3796	36.9327	21.6744	19.553	27.866	30.8634																																																																																																																																																									
60.2028	56.7903	42.9339	40.5803	56.5413	61.6749	47.7855	52.6486	68.8478	63.4078	29.2659	13.9596	36.5705	30.1016	11.6331	9.27596	38.0121	55.4836	52.6197	28.1197	34.3394	61.5642	61.7223	51.0823	42.4334	20.4119	51.9916	56.3617	48.2643	33.4036	49.3233	48.2235	31.8112	24.9038	18.6554	17.0436	13.7742	11.0823	12.0785	6.01142	32.4496	34.6939	32.8461	42.5122	47.7934	41.8801	54.8976	64.2913	70.5624	64.5405	67.6501	66.0691	59.5888	56.1479	53.7225	63.4088	62.8424	56.4136	49.4768	57.5591	63.4451	59.4745	50.2031	28.4334	38.0294	44.4924	33.8381	27.9008	37.6539	18.3027	39.0854	12.7658	47.397	17.2712	37.5384	36.3104	19.6588	24.1004	29.6959	45.4905	52.2318	49.0411	15.936	43.0651	25.6857	40.0709	54.8596	52.4142	50.0588	47.3923	63.413	62.9377	63.6612	59.2472	46.6972	31.9979	24.8159	16.1043	24.2557	28.2043	19.7318	22.1366	32.1381																																																																																																																																																									
44.2292	45.6275	34.0928	36.1141	53.1205	56.4709	46.1765	46.6843	66.2006	61.5538	12.9184	36.9506	49.7297	50.5554	42.7767	45.7462	48.5903	38.7673	24.5526	27.2604	51.516	56.9408	33.3531	53.1614	53.4353	15.533	45.021	21.79	40.3202	48.5657	56.5458	50.0107	31.6267	24.0969	13.595	8.03689	9.89593	10.6415	14.6504	3.48918	33.7467	38.6771	36.1029	36.9267	20.2924	38.089	53.2642	54.4148	65.708	62.501	63.2843	65.5064	31.1445	27.1547	45.1826	63.8655	19.3634	56.3798	50.966	31.1309	56.7941	61.7907	55.519	18.02	8.12394	35.9651	18.084	19.098	49.1789	24.4763	49.743	29.2022	50.0075	11.9568	39.1766	12.931	5.59293	29.2616	39.8165	47.1705	42.1668	61.7442	12.8001	54.3638	56.6826	53.3927	48.4139	40.2987	50.1481	36.5417	48.8917	35.8267	38.8964	34.3594	40.7385	42.2652	35.3126	23.4399	32.6851	40.664	14.2274	12.4266	31.968	29.9403																																																																																																																																																								
51.0264	42.9293	24.3397	47.238	52.141	42.282	29.2321	36.3392	61.6382	56.7618	35.4182	49.9024	45.9069	52.7073	44.8975	33.3955	45.1419	26.7576	35.2297	42.3926	42.3861	50.7757	8.3303	56.4499	42.6124	39.4058	33.2091	33.767	39.5705	32.1364	42.8741	38.3773	25.6006	22.7447	10.2434	10.3468	13.1409	13.119	15.7724	11.0495	38.881	38.63	37.8129	42.7151	37.5291	44.1737	52.4861	38.742	59.6082	60.3509	53.5751	67.166	49.1885	29.8954	31.116	57.3415	33.0226	60.1561	54.1537	58.1321	64.6202	62.7821	54.2156	20.9665	20.5207	27.1976	17.9057	35.3876	31.8647	36.0524	28.225	44.4921	35.3699	32.9726	43.9288	32.5695	32.4621	28.2747	40.9381	48.6383	36.6589	63.9355	5.09794	59.1443	53.7363	47.551	54.1725	55.7673	53.8219	28.1784	47.3849	18.1395	20.4735	28.9905	43.7787	42.9016	31.4653	14.8349	28.9012	41.7858	21.0728	11.9325	28.1768	30.7298																																																																																																																																																								
54.5577	40.1322	11.4523	55.9723	47.3834	36.2263	40.5128	10.5843	55.015	58.0783	46.2254	29.8111	22.8719	36.097	33.0341	47.3731	44.7006	14.9219	48.1311	53.6582	56.2869	52.1941	36.0355	55.6377	33.6876	55.2919	44.6589	49.1703	17.0828	40.7402	52.8845	50.446	37.137	35.7426	24.1067	11.1132	9.64449	9.23652	10.0933	23.5868	43.8978	41.3621	43.7787	49.6022	55.3813	58.9163	58.7274	52.8727	58.3902	58.9981	43.4618	65.349	63.4381	56.1403	26.2097	59.3317	60.3595	52.4698	53.8012	52.4942	54.6393	37.2002	43.2709	34.5245	23.9547	36.7074	29.8749	1.75253	35.589	24.7131	24.7468	15.6687	46.5802	55.4286	53.0844	43.9764	47.2855	31.817	36.2564	45.9084	32.2504	61.7584	18.9074	52.4521	59.8649	59.7819	62.2655	64.5805	52.1416	40.0048	47.9787	21.9649	18.4633	33.1758	30.8423	27.0148	29.7333	16.63	22.9344	27.6835	27.2634	17.9393	23.4438	29.6221																																																																																																																																																								
41.0782	51.7601	25.8518	52.8978	48.2998	36.2467	44.7553	37.3554	49.0222	56.1562	38.4694	31.1525	49.7684	54.5012	53.2017	50.3916	22.3155	28.9308	43.316	39.1721	47.8018	40.0295	51.9541	46.0503	44.7481	35.8353	49.1684	47.4008	49.9914	53.6828	57.9419	57.2659	34.2382	37.0741	33.3822	18.8868	13.5627	10.3132	8.49905	31.3353	44.8381	37.5845	43.4078	50.0292	57.5763	51.1768	42.8218	40.8961	46.1804	48.5033	3.87413	46.3016	49.8382	59.0658	63.3989	50.6092	57.8077	6.97006	56.5929	59.4723	42.1315	39.4261	49.2064	55.375	41.9251	31.692	18.842	46.0673	36.4736	41.5028	27.4474	41.0454	56.2096	43.8611	37.7777	23.6308	42.6215	28.2198	30.6898	41.8384	27.4668	57.82	30.7123	32.3539	63.3218	71.9902	58.2742	40.0139	48.5269	53.045	40.3444	23.3119	22.9484	14.9189	15.494	32.346	43.0025	31.2322	19.905	22.6453	19.9015	17.5021	24.9319	29.2712	16.4755																																																																																																																																																							
34.9325	47.6921	43.8323	46.3846	48.693	37.4942	53.2166	52.4019	15.9046	54.1633	48.2126	40.494	42.422	36.6974	27.8866	43.7655	33.8684	41.5851	44.6773	44.765	38.1856	33.148	59.1305	40.3955	30.4702	12.2256	48.4999	19.716	32.0211	18.4467	45.906	56.5768	37.1718	36.7815	36.0235	24.5088	15.6187	11.7072	8.73346	33.6263	46.2592	38.3856	42.9442	50.214	56.5372	45.9233	30.5205	35.4116	40.0528	44.2334	11.9235	36.0843	38.4494	63.0018	71.4501	45.7981	57.3236	57.9873	41.6855	52.9484	45.4085	27.9082	41.7177	56.6808	49.4049	30.9256	35.8777	49.8147	32.4516	48.0202	21.2049	55.2249	48.3927	26.0324	33.2452	33.8445	39.0497	48.0318	45.2683	43.854	34.78	56.8207	35.0361	10.6379	55.4731	73.6496	65.293	24.9957	54.4179	55.597	48.4379	42.66	38.2824	26.5	16.084	17.0888	47.3443	37.6732	19.8899	27.7512	22.0796	13.5109	22.9755	28.7666	19.4513																																																																																																																																																							
57.2037	57.0531	44.2107	39.0269	39.2001	30.2171	48.9902	59.6928	31.5167	53.4113	61.2783	58.28	58.0974	50.9224	55.0378	59.3944	52.8681	50.9662	51.3222	47.8135	50.0429	38.517	61.8121	44.0654	11.0986	33.085	41.5436	25.2443	42.1967	54.0238	53.4862	48.8113	36.5584	31.8774	28.5385	28.5101	20.7232	11.7159	7.01396	33.4516	47.7032	42.7314	43.5152	47.1166	44.445	46.375	48.0358	45.5893	49.1755	52.9606	32.8562	19.0348	45.472	65.9618	74.9634	62.8539	46.2538	64.7498	55.27	10.8735	45.1981	48.453	57.9895	59.121	45.9771	30.914	39.1503	40.2166	43.3463	6.06078	59.6397	64.0677	56.7338	53.2686	47.8676	45.2261	25.4127	55.5326	62.332	64.3826	62.3871	63.8697	28.8017	29.689	53.3802	71.7385	66.6124	23.2352	53.0289	61.3269	61.2344	55.6212	46.0892	33.9328	20.7677	14.5742	49.4286	42.1316	8.71063	25.3766	36.5087	19.423	13.2183	21.8628	24.5082																																																																																																																																																							
53.3906	54.4197	33.0376	55.4854	53.4155	48.4346	34.6294	49.9097	56.5826	30.2112	56.8235	56.2691	52.1969	52.2601	53.8128	54.6974	56.5869	52.1535	57.1609	51.4517	49.1097	32.9482	62.2064	49.1947	30.5084	37.2436	50.4735	41.984	18.2186	18.5585	26.9275	32.8807	27.2554	29.7295	26.6337	26.704	24.0001	9.95423	3.87305	30.3731	46.6398	47.6147	46.5417	42.9249	26.0478	28.4542	40.0778	38.9339	38.1227	44.7892	50.9013	37.5169	28.6057	58.3189	75.4802	72.0739	47.3956	31.3263	57.5844	43.257	41.8507	57.5942	65.2684	60.1407	17.9733	33.7938	47.1308	22.7815	37.5351	37.0032	65.2281	58.9323	50.4412	32.5095	37.4802	40.9326	35.892	60.9148	56.423	38.4767	63.6939	64.4183	33.1772	44.9886	57.3409	69.7152	65.435	32.322	38.3816	51.4096	56.696	54.4008	49.7542	52.7483	47.34	51.3897	55.6827	53.5227	45.0291	44.5055	40.8554	24.7126	19.419	14.5611	17.4572	17.3052																																																																																																																																																						
27.1361	21.1795	51.3127	58.5753	50.6598	54.8412	58.6921	53.5841	40.8071	51.3599	57.1468	60.862	44.5734	28.6991	25.6364	15.7884	55.6105	61.0561	62.1027	52.9275	48.5815	46.0219	61.7744	55.4517	57.0479	55.0292	61.7941	53.2944	51.6307	60.0708	60.0253	48.5356	32.6812	38.5362	33.0699	21.278	20.1341	12.5949	7.41907	25.6513	44.6306	51.5865	50.1815	39.7193	24.226	32.2148	43.1578	47.6135	43.373	27.4981	44.3676	54.2315	21.7627	46.2978	74.2707	74.3938	55.0599	8.03721	50.2988	46.9239	48.2045	53.3254	62.9119	54.8954	44.4406	56.6746	46.703	29.0285	32.5273	40.5329	65.4807	57.0168	23.5677	45.18	44.6787	27.6733	66.5451	66.9729	41.1164	41.6494	60.2031	59.5177	51.6091	57.014	52.7923	60.0175	62.8457	45.7263	44.4758	51.7722	57.6469	55.0011	52.7486	57.871	50.0672	46.665	51.1294	35.5975	6.25625	9.51682	16.6841	25.669	13.7516	12.083	14.3413	13.611																																																																																																																																																						
23.5897	38.3117	31.8791	59.6979	59.6495	50.8272	43.9982	40.6773	32.7346	45.7327	51.2638	55.8036	39.9703	39.2643	42.4771	44.5326	31.823	50.9854	48.6693	33.2298	34.3231	42.4938	56.5647	34.4311	29.4257	31.9934	65.3355	45.5028	52.5957	39.1961	57.1876	52.5569	32.3673	41.0982	33.0068	20.3974	15.8176	9.9347	9.17329	21.595	44.8452	54.7737	51.4247	36.2332	26.9313	35.567	42.1849	40.7775	41.5526	21.0509	29.0697	55.7169	34.2186	38.7138	74.7342	75.2156	56.2064	23.3543	39.2759	35.8828	20.3353	40.6497	62.5259	51.5403	56.3683	54.42	45.1554	55.2269	24.5675	43.0474	61.6389	54.6345	35.0149	41.9435	17.0706	59.0624	67.931	50.3268	42.0001	45.7082	55.0787	56.5047	43.7003	48.3523	32.9305	35.3622	57.4792	45.3892	50.4661	54.2258	53.4422	52.2295	50.0159	55.922	51.9382	36.2267	14.7313	16.2733	30.0269	24.6405	29.0139	33.9576	33.0848	22.2475	6.67546	9.16677	5.72778																																																																																																																																																					
24.1678	40.67	45.6243	58.9068	61.2788	53.1788	21.5399	39.2957	57.1051	49.0824	46.6593	40.25	27.5212	4.38517	43.334	49.7293	18.1243	29.8944	44.6966	29.0812	18.5351	38.9212	54.7518	37.1896	28.1599	44.7421	62.8093	31.7522	57.8901	36.7699	60.142	59.5256	37.693	37.5527	31.2049	23.4427	16.9407	8.26464	9.1415	20.0252	44.2136	54.0239	50.819	39.2047	36.6529	40.7119	37.1275	33.7861	46.3854	26.3501	25.0711	51.3264	32.7024	54.06	75.4598	74.7148	55.4971	30.3891	34.4201	42.2346	22.2567	46.419	62.9164	42.3215	59.3255	54.7277	52.9138	58.8032	32.6968	50.3491	54.3254	46.2909	17.0979	38.2353	37.2913	66.3656	67.2963	25.1701	42.1523	51.6111	56.4452	54.8554	26.3646	28.6823	8.60604	19.4926	50.2334	54.0161	55.8279	49.5285	48.6147	52.1053	45.181	52.4181	52.0504	36.0717	25.5239	33.4118	31.6191	10.3803	7.4919	19.8865	34.1878	30.7588	21.2815	18.7604	13.1518																																																																																																																																																					
44.5172	46.5112	27.6828	41.7303	55.8592	61.3075	59.2567	60.6758	59.2533	49.942	48.5161	48.506	44.1129	38.2944	53.4838	45.4424	47.8889	56.2247	56.6345	51.6662	57.6446	58.7584	32.3355	45.0569	48.1372	44.5734	54.8766	53.3324	48.6405	26.7355	59.713	54.7742	40.6376	42.0794	43.2878	39.5818	27.4417	14.9033	11.4194	19.3625	40.3512	48.4442	47.9813	43.0796	49.5418	46.099	32.7383	37.9268	50.5669	42.9419	21.5051	31.5763	56.9658	70.639	74.8459	71.6602	54.4077	37.9411	42.7453	56.997	52.7371	59.8899	56.5877	8.73409	59.4541	53.8149	51.9303	61.598	31.9533	46.7785	52.4456	56.8226	63.1777	68.2667	71.2687	71.901	61.326	30.2243	30.7207	43.5557	56.9152	57.4255	39.5728	41.7464	47.1432	54.0588	63.2338	67.0656	64.5286	63.2663	66.4998	66.002	61.4629	55.2568	41.6021	27.872	45.7958	45.7034	45.0429	32.6846	13.4437	17.959	31.6744	29.3653	25.0275	27.3381	29.1595	23.1434																																																																																																																																																				
47.3772	54.1211	51.3419	50.8405	54.9538	59.6387	61.4319	55.009	35.3491	38.3214	44.5908	31.5531	41.3184	40.7456	58.0001	48.3763	51.0689	47.9175	55.5155	32.1013	60.9371	61.5395	53.8741	26.109	55.2292	57.5232	55.338	47.9523	28.787	59.6804	57.8009	22.0865	34.8855	38.2705	38.8642	44.5725	31.4308	17.916	11.56	16.1151	35.7463	41.9705	41.9911	34.4334	49.5475	45.8065	34.7605	45.904	55.8125	47.8144	6.19532	39.2929	57.1793	67.488	66.7797	63.779	55.2355	32.5707	34.5803	44.7633	43.1364	53.4374	28.7351	37.4312	54.3763	52.3748	35.2447	62.5046	27.4924	48.5556	61.0248	64.5342	66.1576	62.6562	65.5723	61.5864	25.0991	48.5417	57.0351	63.546	64.7732	60.859	49.6879	44.9508	44.5491	49.5474	49.6934	45.5682	38.2462	47.3192	57.827	54.2962	50.9681	42.454	10.6307	35.1906	37.9149	34.4901	36.362	39.5191	9.03431	13.2582	26.4927	20.9509	8.02121	11.5302	21.2614	30.0402																																																																																																																																																				
32.9542	44.7138	40.5189	30.9005	39.0711	47.3004	40.9156	31.9738	27.4327	42.5313	50.3792	27.4984	23.482	24.2856	52.6568	53.2464	49.2793	38.9363	60.4999	31.3844	56.1958	38.0059	62.7762	45.1744	40.5484	50.7461	50.5825	53.622	56.5964	56.2352	33.986	28.0076	42.2657	40.7391	35.6916	42.0157	29.1944	15.4715	10.1537	13.5378	32.4341	38.4336	41.3502	31.5113	48.711	45.6449	24.8101	47.0733	60.3093	51.2536	15.493	41.4737	47.5195	60.006	63.3533	61.6422	53.7315	48.9519	47.4597	8.10926	23.6772	42.4409	6.96421	41.2925	50.0955	53.6207	18.8211	62.0387	42.2374	44.7983	64.8112	67.5208	64.7061	44.4656	27.5892	29.7278	55.7592	59.8706	59.8509	48.1809	33.6873	40.5911	35.1081	9.11305	21.4646	48.1362	50.3433	36.0673	26.8356	49.3588	47.3295	12.0926	33.4906	44.949	34.6724	40.9907	34.1341	22.5521	39.4066	44.2125	19.7712	14.8093	24.0206	22.0303	5.19282	3.71812	8.37546	32.6582																																																																																																																																																				
21.4149	46.2451	53.323	41.0477	47.6987	53.467	48.7049	35.5004	31.5395	47.9031	26.0053	31.5091	43.9215	28.2105	29.301	45.8493	52.0873	54.8315	62.9947	54.0789	58.6921	44.9697	63.1434	56.5458	39.2345	55.7754	54.2548	46.5171	35.218	35.202	44.7424	29.1294	10.752	23.0512	26.7444	31.5457	25.6735	15.9923	15.3645	19.1759	27.5717	33.7348	37.1864	26.5442	52.3867	57.0613	29.8755	27.8927	59.7237	56.8358	6.69698	38.4432	45.1327	49.7148	67.4737	68.7424	65.6877	66.2057	60.9891	25.7783	29.1211	6.72838	45.9757	44.2913	38.5268	56.8381	26.0635	62.8857	37.5675	39.8484	60.8303	69.2813	68.7975	50.6354	35.114	58.9396	65.5377	52.9398	33.5535	39.3654	38.9854	41.9052	49.458	4.58676	52.0481	55.8813	60.6602	43.9013	19.9922	49.3293	37.2943	39.1472	55.793	52.8882	42.2643	52.3989	40.6844	32.2109	52.5815	47.919	32.9625	30.6397	24.7252	22.1998	10.5612	11.7998	6.61589	35.1634																																																																																																																																																				
21.0295	31.2518	54.8315	44.0792	35.7369	45.2863	43.9138	42.3706	39.4942	43.1267	44.0924	60.8544	65.0756	62.2442	43.2737	27.2966	15.8092	36.7326	58.3141	59.7443	52.991	43.4205	59.0336	52.3933	22.3389	56.7142	47.1931	46.2278	48.0355	40.9991	52.9902	39.7006	50.5484	53.6265	48.2251	33.8496	24.9615	21.2943	32.0986	34.0359	20.1914	29.2876	34.167	10.3296	56.1973	63.8773	37.2635	39.6338	55.1653	55.1531	9.2585	42.5761	51.3671	36.8365	44.2323	60.4114	62.4292	71.6709	70.2853	27.8023	36.8386	63.1338	67.0652	60.0522	45.9299	58.5524	33.6364	67.1488	26.3395	45.9184	54.866	68.3979	70.8633	53.4158	28.2082	63.973	66.3845	45.5496	48.2151	44.7258	29.38	32.7341	46.7299	32.2555	56.1503	12.3179	55.024	47.7564	54.1065	19.1741	51.384	61.4205	54.1338	38.7045	38.7922	45.9087	15.8179	53.9959	55.2758	43.1839	26.5763	33.9278	34.1886	29.5236	22.5704	25.2546	23.1326	32.8651																																																																																																																																																				
35.0882	19.8497	42.9096	63.7987	61.2753	62.2301	58.1632	51.5288	49.7095	51.6072	53.2902	57.6842	54.1055	61.4276	37.7087	35.0693	23.3117	16.2707	47.5727	49.1647	19.2509	59.7382	62.3003	46.0622	25.8217	55.9875	54.2728	47.8488	44.8079	42.5848	53.7353	25.7081	44.7213	49.6114	53.9901	40.1448	37.26	28.9069	38.7694	44.8461	42.9784	17.5364	34.6531	16.7502	57.7697	63.9847	32.9572	25.1133	42.4047	45.7038	26.1302	45.3467	47.3968	44.5152	57.0537	57.2461	45.4415	69.1011	73.5593	32.0057	55.8066	66.0279	64.8295	66.8048	65.083	41.3058	47.7411	66.8369	11.3692	50.1218	46.7064	63.1932	70.1783	65.2929	59.9595	52.4587	58.3336	48.6675	47.2146	58.4187	41.78	5.45616	46.6936	52.8924	22.4629	56.5707	62.6055	50.3343	28.3785	47.5951	58.2799	46.1659	30.4454	25.5476	11.2862	12.9263	50.5087	58.8848	50.7403	35.9029	13.2796	6.48595	8.16608	5.54436	6.45093	12.9262	8.68684	22.9699	26.4582																																																																																																																																																			
30.3511	41.4462	24.1114	68.8833	67.366	42.4559	48.4114	46.369	49.6728	53.2212	46.0657	58.275	44.2995	61.877	27.7628	37.3692	33.3304	38.6495	34.2639	31.0896	40.6409	60.6224	60.5762	36.1457	15.881	42.234	48.1202	41.7172	39.2067	44.784	56.2404	11.6947	41.4107	45.2071	53.1472	34.0111	38.8311	23.981	37.0927	35.8214	44.8137	27.8991	28.324	28.6996	57.6598	62.4195	35.885	26.8141	34.5624	39.7913	16.1871	30.1637	42.3483	61.0097	55.8544	55.8574	53.9263	57.6258	73.1527	39.1661	57.1864	67.2509	64.1089	50.9631	61.2253	49.1211	58.3057	58.2849	4.75155	50.4957	47.1167	53.478	59.5529	60.4577	61.9488	28.9912	35.032	15.5828	57.433	62.1356	27.4705	41.8536	37.3988	35.515	47.0192	61.8314	41.3373	1.95662	29.5371	51.967	49.8146	12.3069	40.9817	27.13	15.9686	27.9281	51.9687	52.2593	39.2703	21.3114	2.09989	10.6618	13.1	15.667	24.751	25.5517	22.6011	27.5895	29.8799																																																																																																																																																			
39.7287	50.6185	4.1974	66.1069	69.6343	62.6575	55.3199	42.5646	37.5021	56.4231	40.4363	57.6692	40.4659	60.827	44.1858	48.8565	45.921	48.7733	34.0179	32.9286	47.6396	59.6397	60.8974	46.7753	37.7457	5.9307	45.235	53.1933	47.7259	46.7384	54.2817	27.5388	44.3414	44.9481	53.498	30.5134	36.6942	29.4366	35.1576	34.8977	31.5991	39.7529	12.4801	29.9127	57.5161	61.6661	43.0547	35.2183	42.0427	46.6108	14.1265	20.9633	31.9288	64.4175	65.6662	48.3887	49.4714	57.0888	70.8975	37.855	53.0873	65.4571	70.3257	34.0156	60.9048	60.7848	59.1058	50.0221	8.991	50.1041	51.6669	52.3502	45.6729	47.6873	60.8015	26.2271	34.9973	25.9272	60.9653	59.5604	9.97847	38.149	8.58247	41.1614	59.6803	59.6744	15.5049	29.3953	39.1038	48.4029	36.4339	30.0841	45.5544	33.6789	36.7395	42.4879	52.048	48.4837	24.0824	14.5275	24.5311	21.869	19.65	19.9309	34.7471	41.2138	43.9253	45.1491	40.8658																																																																																																																																																			
43.5072	54.1262	31.7323	55.9123	69.3604	70.0737	67.468	63.7474	20.6202	48.0877	45.5383	59.0228	47.1736	59.9578	57.6569	62.558	59.5523	58.7557	51.5546	11.055	44.7794	63.3058	66.4144	54.2797	46.0431	24.5884	28.3206	38.0581	46.4067	56.5082	55.3496	53.1277	45.7369	46.9854	51.2136	28.2157	36.3596	33.3125	24.8398	40.3462	6.93456	35.6422	18.2846	13.7178	52.5137	60.7496	51.3012	51.0682	57.9913	62.8591	39.2414	25.6278	48.5843	59.4584	66.6648	62.8203	49.8991	61.3922	65.3054	12.8161	47.5044	56.5031	71.9951	53.7656	61.8765	60.928	60.8978	47.4996	21.4331	45.5271	52.0552	57.4344	47.4376	51.2893	62.8551	26.4834	34.742	44.6247	63.3559	49.338	34.4165	30.7298	43.7396	56.3053	57.6102	38.1964	30.6773	47.0935	52.0755	48.2813	13.6032	48.235	48.319	46.0028	51.5774	53.9269	53.0145	39.5448	9.63633	42.2054	50.2699	48.9535	42.3219	33.2023	49.709	54.0493	52.8546	56.1531	51.0586	26.132																																																																																																																																																		
40.0111	51.7593	38.7878	9.06649	47.3779	56.6206	61.9998	63.6175	59.8664	47.9573	39.0024	55.7602	42.9578	54.1914	27.3331	29.2255	53.6893	61.181	60.7454	44.0702	14.6585	48.9583	66.7101	63.5028	44.4668	35.529	63.027	60.051	32.0129	44.7698	56.5542	38.5353	17.9934	53.8501	55.0238	39.0289	37.7003	37.6976	23.7083	43.3647	23.3025	28.1688	9.78094	4.74378	39.3773	57.8435	49.9383	46.9477	53.4869	67.5341	57.0404	62.8087	71.6401	73.3467	71.774	64.0522	43.3589	49.0782	49.226	29.5767	46.4774	45.2052	71.323	61.0474	62.0751	65.0208	61.2385	33.2019	37.599	32.1234	44.0732	62.3743	58.4253	55.4921	63.4761	47.7563	59.9098	56.8049	53.4806	33.3826	52.437	36.64	60.1527	50.6288	24.8792	40.2574	52.2295	52.0159	45.6978	15.0335	37.5661	51.3315	43.5607	44.4104	46.6133	33.3137	17.1532	15.1054	34.1159	48.6554	44.5581	47.8809	52.7968	46.599	49.4522	44.2309	30.7819	56.6024	51.4844	32.0301																																																																																																																																																		
45.115	44.4232	18.371	39.8514	19.925	49.7133	58.5607	56.5666	63.2997	62.9858	63.0579	69.0141	69.8109	67.6678	62.7029	51.1816	18.9546	55.4393	62.2172	57.5304	50.8679	19.0372	67.5072	68.7864	37.1782	61.7468	61.611	50.6871	53.7853	21.2017	45.0217	48.9399	48.2425	57.6364	52.4671	16.086	25.0855	42.0556	11.2909	41.4292	30.0192	36.3629	32.5355	29.9958	33.5377	54.7649	52.9773	37.4627	38.9476	66.4274	64.836	70.904	73.8045	68.8231	60.9201	57.7072	50.6758	46.4995	30.0169	39.0262	45.0606	42.6998	68.8046	61.5798	61.2945	67.9024	58.6311	7.58576	42.4206	34.6199	12.4216	49.7295	60.0415	61.6372	67.8398	59.0089	46.3689	27.1939	29.6081	54.5835	53.4952	56.1935	64.2438	45.2293	23.302	47.7649	42.7536	16.5563	27.062	47.6102	50.6758	43.0453	41.957	46.443	37.571	11.0252	26.707	30.9502	25.0495	41.1952	35.4505	17.7884	22.7638	40.4259	36.3684	30.444	23.0115	56.7795	49.2617	28.3933	27.7089																																																																																																																																																	
29.0621	41.862	45.2582	42.2167	52.1517	43.7634	54.658	49.3269	45.5298	44.6493	52.9171	61.6398	59.4434	51.4055	52.7832	50.0639	34.5988	29.1428	50.6065	51.8279	51.7413	34.6256	62.2383	70.6665	63.1874	65.5835	51.3812	42.6633	54.2389	43.3013	41.1155	59.0554	49.5283	52.9676	44.234	11.5156	17.5546	49.0767	42.1426	27.7751	36.4156	43.0881	35.7228	29.6896	23.6793	43.2866	52.1742	37.1111	38.5332	58.0016	61.4722	70.9675	69.5501	40.3105	20.6743	52.537	26.1779	20.1386	20.4815	35.0111	32.6518	47.4582	65.5842	65.6994	67.769	67.0325	46.6543	16.4912	35.5385	24.4291	31.8035	35.5628	36.2635	38.6594	51.1722	52.1673	16.2009	38.6754	32.6267	20.8545	32.0432	63.7484	62.8786	38.3003	40.6272	42.8966	13.4844	40.0125	52.1643	55.81	53.7354	48.7733	48.8264	40.7942	18.7298	36.671	38.6679	40.6481	37.9636	19.1234	23.4767	33.1527	24.3303	10.7235	2.37865	20.3521	32.8624	54.0291	46.9898	18.2439	28.2312																																																																																																																																																	
45.79	41.9204	15.6966	37.899	58.8738	30.4181	44.011	33.687	34.0832	30.717	49.9105	51.3964	42.3351	19.4686	48.1931	40.9256	22.6944	34.3449	42.3567	38.8208	45.8213	50.7813	31.1981	65.5135	62.3347	60.1026	40.9087	51.6785	53.7648	46.5295	41.6483	60.3526	50.3265	50.5758	42.9528	14.7356	37.1311	28.2885	49.8812	3.15109	8.38351	32.872	23.7702	30.4663	33.1211	39.9954	49.4187	41.4415	33.8492	44.1224	36.342	63.4692	53.7078	50.9753	33.1554	58.6293	41.6896	47.44	56.9152	53.3416	33.562	28.5797	56.7843	45.2585	47.4815	45.4972	33.1948	34.8491	9.29578	39.4671	34.3523	39.7576	41.1225	34.042	42.0504	51.818	30.3418	28.106	41.2579	58.9252	65.2244	64.0885	52.3715	26.6224	54.0841	36.1715	36.3788	44.8785	41.162	41.479	43.5614	44.7577	42.0554	10.284	30.1508	27.9623	35.3193	35.226	40.7301	50.4621	48.6741	39.76	40.982	31.6584	28.5328	18.2646	28.899	48.774	41.2913	9.21924	25.4307	27.9775																																																																																																																																																
41.2304	52.8466	50.8433	53.7646	54.1275	23.2352	42.1678	43.3362	47.5724	54.0446	45.3218	34.8435	46.6899	53.0705	52.7713	34.8768	4.86805	34.969	38.8584	29.9951	33.7495	48.433	31.8765	47.4896	54.7965	47.566	45.0092	57.5496	55.4717	56.5535	50.6514	64.1786	46.0793	55.5934	57.6977	50.5734	28.768	45.1769	43.1146	10.3709	17.4955	30.5809	9.68648	3.59782	23.5539	40.4304	51.5166	50.6377	43.8632	50.7446	38.5709	60.5165	44.9282	50.7345	42.9979	48.825	39.6358	51.5365	45.3593	30.6021	43.7404	14.5048	50.5671	27.7353	33.2603	23.2908	31.7334	38.7255	37.4279	29.7302	45.8212	37.6646	43.7587	52.6715	50.5242	22.8929	40.5248	54.2135	57.86	57.8793	48.7496	31.4486	22.1477	55.2597	56.8464	36.359	44.6746	42.9979	41.5751	47.245	40.3226	9.47261	19.0927	34.5237	39.7266	29.5151	33.2357	22.8328	37.4609	50.44	49.3102	34.2923	36.1219	20.5962	28.3897	29.9779	36.138	45.1618	37.2465	4.79284	14.8327	31.4845																																																																																																																																																
51.5385	49.3181	42.1489	40.421	35.1386	15.4955	34.9812	41.3238	40.547	36.7195	25.1586	29.5648	56.0888	60.1077	41.0063	13.5194	26.4303	32.9115	32.8668	23.7777	28.4331	40.9155	47.4824	22.4535	33.8383	25.122	51.0094	55.4036	57.7301	65.3751	40.8566	66.0144	38.9126	48.099	57.5179	60.1954	44.2642	25.4655	22.8831	17.483	27.9667	19.2285	10.9532	20.4455	16.4692	16.3374	34.3275	38.8046	45.7061	52.3748	34.1419	58.4689	43.7	42.4992	48.9556	27.8155	21.0267	30.8001	10.399	27.0439	33.7929	8.95739	46.1758	22.4899	37.5516	22.0286	39.8117	17.3647	36.2825	20.8185	33.0339	49.7941	49.7737	43.6381	44.2254	40.4471	42.8472	38.2413	43.5678	40.9767	7.90681	27.1549	41.7319	53.0637	33.9643	45.6791	46.1998	28.783	38.7726	58.2385	48.5157	17.0238	22.9579	36.2724	40.8808	28.4692	24.2784	17.4236	43.3394	30.3497	35.1027	19.0151	19.9377	10.8493	30.2116	37.0029	35.3374	40.3023	37.8078	9.78087	8.06148	28.8557																																																																																																																																																
51.3059	41.3002	8.38278	30.1158	37.6719	16.4794	9.80401	22.5677	17.0227	9.27408	36.4902	39.5171	61.6858	64.4521	43.7212	30.3589	39.6069	39.4267	39.0658	38.0849	34.1926	28.5523	47.1023	35.4335	17.4565	31.2023	56.7296	56.6691	59.4362	68.2995	39.0096	68.1317	33.7792	40.9806	57.266	60.0211	49.1263	15.0156	9.51789	14.9827	19.1268	17.924	17.1754	19.8775	19.7854	23.8922	29.7745	23.271	30.7323	51.6888	42.4983	53.7508	29.5791	33.3237	46.7356	5.84668	25.8085	36.8691	39.615	46.8522	44.5191	42.522	43.6067	6.86694	43.9602	10.7034	53.2112	30.72	41.5313	22.2209	25.1043	50.9138	57.2239	48.4518	38.9745	53.7512	56.1254	36.8019	29.3389	20.0646	42.3656	52.7615	51.0652	49.4617	32.5554	53.3925	53.9732	28.1903	34.3832	59.582	43.5995	35.8911	30.5812	27.0632	40.4644	13.0824	19.4133	19.8121	45.0245	29.3224	40.8374	33.1068	17.5328	37.4032	42.8137	38.8727	33.485	37.5097	34.6525	10.7992	7.92674	29.1791																																																																																																																																																
49.6055	30.7756	37.2714	46.6637	52.8767	35.309	17.2681	12.454	32.4279	44.423	50.5388	47.3895	62.0935	60.9726	18.4642	18.7501	37.7737	43.6726	43.5725	46.9608	45.9244	19.7844	33.7639	50.7177	11.6839	43.6061	60.6424	57.3824	57.3412	66.0315	47.0089	72.8605	57.3154	47.5445	40.4228	58.6125	52.5305	20.8149	18.7303	25.48	27.0229	28.1727	13.8895	12.2953	28.3126	43.3511	46.6161	48.2716	33.8595	32.8039	48.1672	16.4442	44.6861	43.0679	25.1501	27.9373	24.0814	41.5664	47.1799	57.2177	60.8149	63.371	54.7552	40.6667	45.5294	25.9265	63.4682	56.4913	62.8784	61.5301	50.6783	48.8771	57.5476	48.3074	30.2337	54.3896	60.7124	37.4465	22.2406	33.794	60.3727	65.1773	62.9928	53.4264	32.4847	50.8331	58.354	49.6341	51.9276	52.8099	11.3094	50.0453	49.0748	38.1057	27.4505	31.298	16.6601	18.8536	38.4621	26.1512	24.039	40.2204	45.0307	48.0875	50.8525	45.0141	36.2683	31.5094	21.5775	12.0375	3.3919	27.094																																																																																																																																																
8.52204	21.6698	55.0684	40.2501	52.7207	37.507	39.3671	28.7048	47.8984	54.6213	42.9538	18.3527	51.6965	63.566	54.7345	38.2504	18.9526	52.2673	52.4496	44.9378	38.9245	12.4687	30.5993	44.9626	24.1806	27.3747	61.1593	66.7532	67.4867	68.9865	65.2169	74.6849	59.1328	50.6423	13.841	56.7987	57.2898	27.4273	31.6224	38.227	39.6833	42.9037	44.8243	25.6875	29.4006	12.7828	4.50407	5.79355	39.6421	32.8596	8.3796	40.1401	45.7267	44.3192	30.3946	30.4724	37.5272	36.812	24.3507	25.4778	11.6711	26.8857	46.3119	58.3721	35.4134	49.507	68.1695	63.7837	67.2183	69.9873	65.7702	37.5051	47.6011	50.3791	51.6284	53.1916	59.7208	29.4147	35.4764	52.4494	62.1193	53.7711	19.6597	36.4556	55.4431	63.893	63.4671	58.6246	53.7791	22.1562	36.1744	45.9917	33.969	51.9455	24.0495	39.9533	36.6104	34.5993	22.7645	44.3709	55.7777	54.5182	49.3393	29.3712	14.8451	7.1585	17.2663	34.8735	43.1735	40.095	21.1242	26.0434	33.741																																																																																																																																															