0	0	0.459636	0.459636	0	0	0	0.459636	0.459636	0	0	0	0	0.459636	0.459636	0	0	0	0	0	0.459636	0.459636	0	0	0	0.459636	0.459636	0	0	0.459636	0.459636	0	0	0	0.459636	0.459636	0	0	0	0	0	0	0	0	0.459636	0.459636	0	0	0	0	0.459636	0.459636	0	0.459636	0.459636	0	0	0.459636	0.459636	0	0	0	0.459636	0.459636	0	0	0.459636	0.459636	0	0	0	0	0	0.459636	0.459636	0	0	0	0	0	0.459636	0.459636	0	0	0	0	0	0	0	0	0	0	0.459636	0.459636	0	0	0	0	0	0	0	0	0	0.459636	0.459636	0	0	0	0	0	0	0	0	0	0.459636	0.459636	0	0	0	0	0	0	0	0.459636	0.459636	0	0.459636	0.459636	0	0	0	0	0	0	0	0	0	0.459636	0.459636	0	0	0	0	0	0	0	0	0	0	0.459636	0.459636	0	0	0	0	0	0.459636	0.459636	0	0.459636	0.459636	0	0	0	0.459636	0.459636	0	0.459636	0.919213	0.919213	0.459636	0	0	0.459636	0.459636	0	0.459636	0.459636	0	0.459636	0.459636	0	0.459636	0.459636	0	0.459636	0.459636	0	0.459636	0.459636	0	0	0	0	0	0	0	0.459636	0.459636	0	0	0.459636	0.459636	0	0	0	0	0	0.459636	0.459636	0	0	0	0.459636	0.459636	0	0	0	0	0	0.459636	0.459636	0.459636	0.459636	0	0	0	0	0	0	0	0	0	0	0	0	0	0	0.459636	0.459636	0	0	0	0	0	0	0	0	0	0	0	0	0.459636	0.459636	0	0
0	0	0.459592	0.459592	0	0	0	0.459592	0.459592	0	0	0	0	0.459592	0.459592	0	0	0	0	0	0.459592	0.459592	0	0	0	0.459592	0.459592	0	0	0.459592	0.459592	0	0	0	0.459592	0.459592	0	0	0	0	0	0	0	0	0.459592	0.459592	0	0	0	0	0.459592	0.459592	0	0.459592	0.459592	0	0	0.459592	0.459592	0	0	0	0.459592	0.459592	0	0	0.459592	0.459592	0	0	0	0	0	0.459592	0.459592	0	0	0	0	0	0.459592	0.459592	0	0	0	0	0	0	0	0	0	0	0.459592	0.459592	0	0	0	0	0	0	0	0	0	0.459592	0.459592	0	0	0	0	0	0	0	0	0	0.459592	0.459592	0	0	0	0	0	0	0	0.459592	0.459592	0	0.459592	0.459592	0	0	0	0	0	0	0	0	0	0.459592	0.459592	0	0	0	0	0	0	0	0	0	0	0.459592	0.459592	0	0	0	0	0	0.459592	0.459592	0	0.459592	0.459592	0	0	0	0.459592	0.459592	0	0.459592	0.919124	0.919124	0.459592	0	0	0.459592	0.459592	0	0.459592	0.459592	0	0.459592	0.459592	0	0.459592	0.459592	0	0.459592	0.459592	0	0.459592	0.459592	0	0	0	0	0	0	0	0.459592	0.459592	0	0	0.459592	0.459592	0	0	0	0	0	0.459592	0.459592	0	0	0	0.459592	0.459592	0	0	0	0	0	0.459592	0.459592	0.459592	0.459592	0	0	0	0	0	0	0	0	0	0	0	0	0	0	0.459592	0.459592	0	0	0	0	0	0	0	0	0	0	0	0	0.459592	0.459592	0	0
0	0	0.459548	0.459548	0	0	0	0.459548	0.459548	0	0	0	0	0.459548	0.459548	0	0	0	0	0	0.459548	0.459548	0	0	0	0.459548	0.459548	0	0	0.459548	0.459548	0	0	0	0.459548	0.459548	0	0	0	0	0	0	0	0	0.459548	0.459548	0	0	0	0	0.459548	0.459548	0	0.459548	0.459548	0	0	0.459548	0.459548	0	0	0	0.459548	0.459548	0	0	0.459548	0.459548	0	0	0	0	0	0.459548	0.459548	0	0	0	0	0	0.459548	0.459548	0	0	0	0	0	0	0	0	0	0	0.459548	0.459548	0	0	0	0	0	0	0	0	0	0.459548	0.459548	0	0	0	0	0	0	0	0	0	0.459548	0.459548	0	0	0	0	0	0	0	0.459548	0.459548	0	0.459548	0.459548	0	0	0	0	0	0	0	0	0	0.459548	0.459548	0	0	0	0	0	0	0	0	0	0	0.459548	0.459548	0	0	0	0	0	0.459548	0.459548	0	0.459548	0.459548	0	0	0	0.459548	0.459548	0	0.459548	0.919036	0.919036	0.459548	0	0	0.459548	0.459548	0	0.459548	0.459548	0	0.459548	0.459548	0	0.459548	0.459548	0	0.459548	0.459548	0	0.459548	0.459548	0	0	0	0	0	0	0	0.459548	0.459548	0	0	0.459548	0.459548	0	0	0	0	0	0.459548	0.459548	0	0	0	0.459548	0.459548	0	0	0	0	0	0.459548	0.459548	0.459548	0.459548	0	0	0	0	0	0	0	0	0	0	0	0	0	0	0.459548	0.459548	0	0	0	0	0	0	0	0	0	0	0	0	0.459548	0.459548	0	0
0	0	0.459503	0.459503	0	0	0	0.459503	0.459503	0	0	0	0	0.459503	0.459503	0	0	0	0	0	0.459503	0.459503	0	0	0	0.459503	0.459503	0	0	0.459503	0.459503	0	0	0	0.459503	0.459503	0	0	0	0	0	0	0	0	0.459503	0.459503	0	0	0	0	0.459503	0.459503	0	0.459503	0.459503	0	0	0.459503	0.459503	0	0	0	0.459503	0.459503	0	0	0.459503	0.459503	0	0	0	0	0	0.459503	0.459503	0	0	0	0	0	0.459503	0.459503	0	0	0	0	0	0	0	0	0	0	0.459503	0.459503	0	0	0	0	0	0	0	0	0	0.459503	0.459503	0	0	0	0	0	0	0	0	0	0.459503	0.459503	0	0	0	0	0	0	0	0.459503	0.459503	0	0.459503	0.459503	0	0	0	0	0	0	0	0	0	0.459503	0.459503	0	0	0	0	0	0	0	0	0	0	0.459503	0.459503	0	0	0	0	0	0.459503	0.459503	0	0.459503	0.459503	0	0	0	0.459503	0.459503	0	0.459503	0.918948	0.918948	0.459503	0	0	0.459503	0.459503	0	0.459503	0.459503	0	0.459503	0.459503	0	0.459503	0.459503	0	0.459503	0.459503	0	0.459503	0.459503	0	0	0	0	0	0	0	0.459503	0.459503	0	0	0.459503	0.459503	0	0	0	0	0	0.459503	0.459503	0	0	0	0.459503	0.459503	0	0	0	0	0	0.459503	0.459503	0.459503	0.459503	0	0	0	0	0	0	0	0	0	0	0	0	0	0	0.459503	0.459503	0	0	0	0	0	0	0	0	0	0	0	0	0.459503	0.459503	0	0
0.459489	0.459489	0.64978	0.64978	0.459489	0.459489	0.459489	0.64978	0.64978	0.459489	0.459489	0.459489	0.459489	0.64978	0.64978	0.459489	0.363258	0.162452	0	0	0.36324	0.513695	0.162452	0	0	0.459459	0.459459	0	0	0.36324	0.513695	0.162452	0	0	0.36324	0.487344	0.363258	0.162452	0	0	0	0.162452	0.363258	0.459489	0.487344	0.36324	0	0.162452	0.363258	0.459489	0.64978	0.64978	0.459489	0.487344	0.513695	0.363258	0.459489	0.487344	0.36324	0.162452	0.363258	0.459489	0.487344	0.36324	0.162452	0.363258	0.487344	0.36324	0.162452	0.363258	0.459489	0.459489	0.459489	0.64978	0.64978	0.459489	0.459489	0.459489	0.459489	0.459489	0.64978	0.64978	0.459489	0.459489	0.459489	0.459489	0.459489	0.459489	0.459489	0.459489	0.459489	0.459489	0.487344	0.36324	0	0	0	0	0.162452	0.363258	0.459489	0.459489	0.459489	0.487344	0.36324	0	0	0	0	0	0	0	0.162452	0.363258	0.487344	0.36324	0	0	0	0	0	0.162452	0.363258	0.487344	0.36324	0	0.36324	0.487344	0.459489	0.459489	0.459489	0.459489	0.459489	0.459489	0.459489	0.363258	0.162452	0.36324	0.487344	0.459489	0.459489	0.459489	0.459489	0.459489	0.459489	0.459489	0.459489	0.459489	0.459489	0.669786	0.874782	0.812231	0.585726	0.459489	0.459489	0.459489	0.669786	0.874782	0.812231	0.828299	0.828299	0.585726	0.459489	0.459489	0.64978	0.64978	0.459489	0.64978	0.988049	1.13701	1.02735	0.918918	0.918918	1.02735	1.02735	0.918918	1.02735	1.02735	0.918918	1.02735	1.02735	0.918918	1.02735	0.988069	0.585726	0.669786	0.828299	0.585726	0.669786	0.874782	0.812231	0.585726	0.459489	0.459489	0.459489	0.363258	0.162452	0.36324	0.487344	0.459489	0.459489	0.64978	0.64978	0.459489	0.459489	0.459489	0.459489	0.459489	0.64978	0.64978	0.459489	0.459489	0.459489	0.64978	0.64978	0.459489	0.459489	0.459489	0.363258	0.162452	0.36324	0.487344	0.64978	0.64978	0.459489	0.459489	0.459489	0.459489	0.459489	0.459489	0.459489	0.459489	0.459489	0.459489	0.459489	0.459489	0.459489	0.459489	0.669786	0.874782	0.812231	0.585726	0.459489	0.459489	0.459489	0.459489	0.459489	0.459489	0.459489	0.459489	0.459489	0.459489	0.669786	0.874782	0.812231	0.585726
0.459444	0.459444	0.649718	0.649718	0.459444	0.459444	0.459444	0.649718	0.649718	0.459444	0.459444	0.459444	0.459444	0.649718	0.649718	0.459444	0.487297	0.363205	0	0	0.162436	0.513645	0.363205	0	0	0.459415	0.459415	0	0	0.162436	0.513645	0.363205	0	0	0.162436	0.363223	0.487297	0.363205	0	0	0	0.363205	0.487297	0.459444	0.363223	0.162436	0	0.363205	0.487297	0.459444	0.649718	0.649718	0.459444	0.363223	0.513645	0.487297	0.459444	0.363223	0.162436	0.363205	0.487297	0.459444	0.363223	0.162436	0.363205	0.487297	0.363223	0.162436	0.363205	0.487297	0.459444	0.459444	0.459444	0.649718	0.649718	0.459444	0.459444	0.459444	0.459444	0.459444	0.649718	0.649718	0.459444	0.459444	0.459444	0.459444	0.459444	0.459444	0.459444	0.459444	0.459444	0.459444	0.363223	0.162436	0	0	0	0	0.363205	0.487297	0.459444	0.459444	0.459444	0.363223	0.162436	0	0	0	0	0	0	0	0.363205	0.487297	0.363223	0.162436	0	0	0	0	0	0.363205	0.487297	0.363223	0.162436	0	0.162436	0.363223	0.459444	0.459444	0.459444	0.459444	0.459444	0.459444	0.459444	0.487297	0.363205	0.162436	0.363223	0.459444	0.459444	0.459444	0.459444	0.459444	0.459444	0.459444	0.459444	0.459444	0.459444	0.58567	0.812153	0.874698	0.669722	0.459444	0.459444	0.459444	0.58567	0.812153	0.874698	0.828219	0.828219	0.669722	0.459444	0.459444	0.649718	0.649718	0.459444	0.649718	0.812128	0.987974	1.02725	0.91883	0.91883	1.02725	1.02725	0.91883	1.02725	1.02725	0.91883	1.02725	1.02725	0.91883	1.02725	1.13691	0.669722	0.58567	0.828219	0.669722	0.58567	0.812153	0.874698	0.669722	0.459444	0.459444	0.459444	0.487297	0.363205	0.162436	0.363223	0.459444	0.459444	0.649718	0.649718	0.459444	0.459444	0.459444	0.459444	0.459444	0.649718	0.649718	0.459444	0.459444	0.459444	0.649718	0.649718	0.459444	0.459444	0.459444	0.487297	0.363205	0.162436	0.363223	0.649718	0.649718	0.459444	0.459444	0.459444	0.459444	0.459444	0.459444	0.459444	0.459444	0.459444	0.459444	0.459444	0.459444	0.459444	0.459444	0.58567	0.812153	0.874698	0.669722	0.459444	0.459444	0.459444	0.459444	0.459444	0.459444	0.459444	0.459444	0.459444	0.459444	0.58567	0.812153	0.874698	0.669722
0.459408	0.459408	0.64966	0.64966	0.363194	0.162422	0	0.36317	0.487254	0.459408	0.459408	0.363194	0.162422	0.36317	0.487254	0.363194	0.513598	0.487254	0.459408	0.459408	0.363194	0.513598	0.487254	0.363194	0.162422	0.36317	0.487254	0.363194	0.162422	0	0.459371	0.459371	0	0	0.162422	0.363194	0.487254	0.36317	0	0.162422	0.363194	0.487254	0.36317	0	0.162422	0.363194	0.459408	0.487254	0.36317	0	0.459371	0.459371	0	0	0.459371	0.459371	0	0	0	0.459371	0.459371	0	0	0	0.459371	0.459371	0	0	0.459371	0.459371	0	0.162422	0.363194	0.487254	0.36317	0	0	0.162422	0.363194	0.459408	0.487254	0.36317	0	0	0	0	0.162422	0.363194	0.459408	0.459408	0.459408	0.459408	0.459408	0.459408	0.459408	0.459408	0.459408	0.459408	0.487254	0.36317	0	0	0	0	0	0	0	0	0	0	0	0	0.36317	0.487254	0.363194	0.162422	0	0	0	0	0	0.459371	0.459371	0	0	0	0	0	0	0	0	0	0	0	0	0.36317	0.487254	0.459408	0.459408	0.459408	0.459408	0.459408	0.459408	0.459408	0.459408	0.459408	0.459408	0.459408	0.459408	0.459408	0.459408	0.669665	0.874626	0.918756	0.918756	0.812087	0.585622	0.459408	0.669665	0.828148	0.828148	0.874626	0.918756	0.918756	1.02716	1.02716	0.918756	1.02716	1.02716	1.02716	1.02716	0.918756	0.918756	1.02716	1.02716	0.918756	1.02716	0.98789	0.585622	0.669665	0.828148	0.585622	0.669665	1.13681	1.02716	0.918756	1.02716	1.02716	0.918756	0.918756	1.02716	1.02716	0.812087	0.585622	0.459408	0.669665	0.874626	0.812087	0.585622	0.459408	0.459408	0.64966	0.64966	0.459408	0.459408	0.459408	0.363194	0.162422	0.36317	0.487254	0.459408	0.459408	0.363194	0.513598	0.487254	0.459408	0.459408	0.459408	0.64966	0.64966	0.459408	0.459408	0.669665	0.874626	0.918756	0.918756	0.812087	0.585622	0.459408	0.459408	0.459408	0.459408	0.459408	0.459408	0.459408	0.459408	0.459408	0.459408	0.459408	0.459408	0.669665	0.828148	0.585622	0.459408	0.459408	0.459408	0.459408	0.459408	0.459408	0.363194	0.162422	0	0	0	0.36317	0.487254
0.459363	0.459363	0.649598	0.649598	0.487208	0.363135	0	0.162406	0.363159	0.459363	0.459363	0.487208	0.363135	0.162406	0.363159	0.487208	0.513548	0.363159	0.459363	0.459363	0.487208	0.513548	0.363159	0.487208	0.363135	0.162406	0.363159	0.487208	0.363135	0	0.459327	0.459327	0	0	0.363135	0.487208	0.363159	0.162406	0	0.363135	0.487208	0.363159	0.162406	0	0.363135	0.487208	0.459363	0.363159	0.162406	0	0.459327	0.459327	0	0	0.459327	0.459327	0	0	0	0.459327	0.459327	0	0	0	0.459327	0.459327	0	0	0.459327	0.459327	0	0.363135	0.487208	0.363159	0.162406	0	0	0.363135	0.487208	0.459363	0.363159	0.162406	0	0	0	0	0.363135	0.487208	0.459363	0.459363	0.459363	0.459363	0.459363	0.459363	0.459363	0.459363	0.459363	0.459363	0.363159	0.162406	0	0	0	0	0	0	0	0	0	0	0	0	0.162406	0.363159	0.487208	0.363135	0	0	0	0	0	0.459327	0.459327	0	0	0	0	0	0	0	0	0	0	0	0	0.162406	0.363159	0.459363	0.459363	0.459363	0.459363	0.459363	0.459363	0.459363	0.459363	0.459363	0.459363	0.459363	0.459363	0.459363	0.459363	0.585566	0.812009	0.918668	0.918668	0.874542	0.669601	0.459363	0.585566	0.828069	0.828069	0.812009	0.918668	0.918668	1.02706	1.02706	0.918668	1.02706	1.02706	1.02706	1.02706	0.918668	0.918668	1.02706	1.02706	0.918668	1.02706	1.1367	0.669601	0.585566	0.828069	0.669601	0.585566	0.987795	1.02706	0.918668	1.02706	1.02706	0.918668	0.918668	1.02706	1.02706	0.874542	0.669601	0.459363	0.585566	0.812009	0.874542	0.669601	0.459363	0.459363	0.649598	0.649598	0.459363	0.459363	0.459363	0.487208	0.363135	0.162406	0.363159	0.459363	0.459363	0.487208	0.513548	0.363159	0.459363	0.459363	0.459363	0.649598	0.649598	0.459363	0.459363	0.585566	0.812009	0.918668	0.918668	0.874542	0.669601	0.459363	0.459363	0.459363	0.459363	0.459363	0.459363	0.459363	0.459363	0.459363	0.459363	0.459363	0.459363	0.585566	0.828069	0.669601	0.459363	0.459363	0.459363	0.459363	0.459363	0.459363	0.487208	0.363135	0	0	0	0.162406	0.363159
0	0	0.459282	0.459282	0.459282	0.459282	0	0	0	0	0	0.459282	0.459282	0	0	0.459282	0.459282	0	0	0	0.459282	0.459282	0	0.459282	0.459282	0	0	0.459282	0.459282	0	0.459282	0.459282	0	0	0.459282	0.459282	0	0	0	0.459282	0.459282	0	0	0	0.459282	0.459282	0	0	0	0	0.459282	0.459282	0	0	0.459282	0.459282	0	0	0	0.459282	0.459282	0	0	0	0.459282	0.459282	0	0	0.459282	0.459282	0	0.459282	0.459282	0	0	0	0	0.459282	0.459282	0	0	0	0	0	0	0	0.459282	0.459282	0	0	0	0	0	0	0	0	0	0	0	0	0	0	0	0	0	0	0	0	0	0	0	0	0	0	0.459282	0.459282	0	0	0	0	0	0.459282	0.459282	0	0	0	0	0	0	0	0	0	0	0	0	0	0	0	0	0	0	0	0	0	0	0	0	0	0	0	0	0	0	0	0	0.459282	0.459282	0	0	0.459282	0.459282	0	0	0	0.459282	0.459282	0	0.459282	0.459282	0.459282	0.459282	0	0	0.459282	0.459282	0	0.459282	0.918506	0.459282	0	0.459282	0.459282	0	0.459282	0.459282	0	0.459282	0.459282	0	0	0.459282	0.459282	0.459282	0.459282	0	0	0	0.459282	0.459282	0	0	0.459282	0.459282	0	0	0	0.459282	0.459282	0	0	0	0	0.459282	0.459282	0	0	0	0	0.459282	0.459282	0	0	0	0	0	0	0.459282	0.459282	0	0	0	0	0	0	0	0	0	0	0	0	0	0.459282	0.459282	0	0	0	0	0	0	0.459282	0.459282	0	0	0	0	0
0	0	0.459238	0.459238	0.459238	0.459238	0	0	0	0	0	0.459238	0.459238	0	0	0.459238	0.459238	0	0	0	0.459238	0.459238	0	0.459238	0.459238	0	0	0.459238	0.459238	0	0.459238	0.459238	0	0	0.459238	0.459238	0	0	0	0.459238	0.459238	0	0	0	0.459238	0.459238	0	0	0	0	0.459238	0.459238	0	0	0.459238	0.459238	0	0	0	0.459238	0.459238	0	0	0	0.459238	0.459238	0	0	0.459238	0.459238	0	0.459238	0.459238	0	0	0	0	0.459238	0.459238	0	0	0	0	0	0	0	0.459238	0.459238	0	0	0	0	0	0	0	0	0	0	0	0	0	0	0	0	0	0	0	0	0	0	0	0	0	0	0.459238	0.459238	0	0	0	0	0	0.459238	0.459238	0	0	0	0	0	0	0	0	0	0	0	0	0	0	0	0	0	0	0	0	0	0	0	0	0	0	0	0	0	0	0	0	0.459238	0.459238	0	0	0.459238	0.459238	0	0	0	0.459238	0.459238	0	0.459238	0.459238	0.459238	0.459238	0	0	0.459238	0.459238	0	0.459238	0.918417	0.459238	0	0.459238	0.459238	0	0.459238	0.459238	0	0.459238	0.459238	0	0	0.459238	0.459238	0.459238	0.459238	0	0	0	0.459238	0.459238	0	0	0.459238	0.459238	0	0	0	0.459238	0.459238	0	0	0	0	0.459238	0.459238	0	0	0	0	0.459238	0.459238	0	0	0	0	0	0	0.459238	0.459238	0	0	0	0	0	0	0	0	0	0	0	0	0	0.459238	0.459238	0	0	0	0	0	0	0.459238	0.459238	0	0	0	0	0
0	0	0.459194	0.459194	0.459194	0.459194	0	0	0	0	0	0.459194	0.459194	0	0	0.459194	0.459194	0	0	0	0.459194	0.459194	0	0.459194	0.459194	0	0	0.459194	0.459194	0	0.459194	0.459194	0	0	0.459194	0.459194	0	0	0	0.459194	0.459194	0	0	0	0.459194	0.459194	0	0	0	0	0.459194	0.459194	0	0	0.459194	0.459194	0	0	0	0.459194	0.459194	0	0	0	0.459194	0.459194	0	0	0.459194	0.459194	0	0.459194	0.459194	0	0	0	0	0.459194	0.459194	0	0	0	0	0	0	0	0.459194	0.459194	0	0	0	0	0	0	0	0	0	0	0	0	0	0	0	0	0	0	0	0	0	0	0	0	0	0	0.459194	0.459194	0	0	0	0	0	0.459194	0.459194	0	0	0	0	0	0	0	0	0	0	0	0	0	0	0	0	0	0	0	0	0	0	0	0	0	0	0	0	0	0	0	0	0.459194	0.459194	0	0	0.459194	0.459194	0	0	0	0.459194	0.459194	0	0.459194	0.459194	0.459194	0.459194	0	0	0.459194	0.459194	0	0.459194	0.918329	0.459194	0	0.459194	0.459194	0	0.459194	0.459194	0	0.459194	0.459194	0	0	0.459194	0.459194	0.459194	0.459194	0	0	0	0.459194	0.459194	0	0	0.459194	0.459194	0	0	0	0.459194	0.459194	0	0	0	0	0.459194	0.459194	0	0	0	0	0.459194	0.459194	0	0	0	0	0	0	0.459194	0.459194	0	0	0	0	0	0	0	0	0	0	0	0	0	0.459194	0.459194	0	0	0	0	0	0	0.459194	0.459194	0	0	0	0	0
0	0	0.45915	0.45915	0.45915	0.45915	0	0	0	0	0	0.45915	0.45915	0	0	0.45915	0.45915	0	0	0	0.45915	0.45915	0	0.45915	0.45915	0	0	0.45915	0.45915	0	0.45915	0.45915	0	0	0.45915	0.45915	0	0	0	0.45915	0.45915	0	0	0	0.45915	0.45915	0	0	0	0	0.45915	0.45915	0	0	0.45915	0.45915	0	0	0	0.45915	0.45915	0	0	0	0.45915	0.45915	0	0	0.45915	0.45915	0	0.45915	0.45915	0	0	0	0	0.45915	0.45915	0	0	0	0	0	0	0	0.45915	0.45915	0	0	0	0	0	0	0	0	0	0	0	0	0	0	0	0	0	0	0	0	0	0	0	0	0	0	0.45915	0.45915	0	0	0	0	0	0.45915	0.45915	0	0	0	0	0	0	0	0	0	0	0	0	0	0	0	0	0	0	0	0	0	0	0	0	0	0	0	0	0	0	0	0	0.45915	0.45915	0	0	0.45915	0.45915	0	0	0	0.45915	0.45915	0	0.45915	0.45915	0.45915	0.45915	0	0	0.45915	0.45915	0	0.45915	0.918241	0.45915	0	0.45915	0.45915	0	0.45915	0.45915	0	0.45915	0.45915	0	0	0.45915	0.45915	0.45915	0.45915	0	0	0	0.45915	0.45915	0	0	0.45915	0.45915	0	0	0	0.45915	0.45915	0	0	0	0	0.45915	0.45915	0	0	0	0	0.45915	0.45915	0	0	0	0	0	0	0.45915	0.45915	0	0	0	0	0	0	0	0	0	0	0	0	0	0.45915	0.45915	0	0	0	0	0	0	0.45915	0.45915	0	0	0	0	0
0	0	0.459106	0.459106	0.459106	0.459106	0	0	0	0	0	0.459106	0.459106	0	0	0.459106	0.459106	0	0	0	0.459106	0.459106	0	0.459106	0.459106	0	0	0.459106	0.459106	0	0.459106	0.459106	0	0	0.459106	0.459106	0	0	0	0.459106	0.459106	0	0	0	0.459106	0.459106	0	0	0	0	0.459106	0.459106	0	0	0.459106	0.459106	0	0	0	0.459106	0.459106	0	0	0	0.459106	0.459106	0	0	0.459106	0.459106	0	0.459106	0.459106	0	0	0	0	0.459106	0.459106	0	0	0	0	0	0	0	0.459106	0.459106	0	0	0	0	0	0	0	0	0	0	0	0	0	0	0	0	0	0	0	0	0	0	0	0	0	0	0.459106	0.459106	0	0	0	0	0	0.459106	0.459106	0	0	0	0	0	0	0	0	0	0	0	0	0	0	0	0	0	0	0	0	0	0	0	0	0	0	0	0	0	0	0	0	0.459106	0.459106	0	0	0.459106	0.459106	0	0	0	0.459106	0.459106	0	0.459106	0.459106	0.459106	0.459106	0	0	0.459106	0.459106	0	0.459106	0.918152	0.459106	0	0.459106	0.459106	0	0.459106	0.459106	0	0.459106	0.459106	0	0	0.459106	0.459106	0.459106	0.459106	0	0	0	0.459106	0.459106	0	0	0.459106	0.459106	0	0	0	0.459106	0.459106	0	0	0	0	0.459106	0.459106	0	0	0	0	0.459106	0.459106	0	0	0	0	0	0	0.459106	0.459106	0	0	0	0	0	0	0	0	0	0	0	0	0	0.459106	0.459106	0	0	0	0	0	0	0.459106	0.459106	0	0	0	0	0
0	0	0.362931	0.513258	0.513258	0.48693	0.459098	0.36295	0.162314	0	0	0.362931	0.513258	0.162314	0	0.362931	0.48693	0.459098	0.36295	0.162314	0.362931	0.48693	0.459098	0.649228	0.649228	0.36295	0.162314	0.362931	0.48693	0.36295	0.513258	0.48693	0.459098	0.459098	0.649228	0.649228	0.36295	0.162314	0	0.362931	0.48693	0.36295	0.162314	0	0.459069	0.459069	0	0	0.162314	0.36295	0.48693	0.362931	0	0.162314	0.513258	0.362931	0	0.162314	0.36295	0.48693	0.362931	0	0	0	0.459069	0.459069	0	0	0.459069	0.459069	0	0.362931	0.48693	0.36295	0.162314	0	0	0.362931	0.48693	0.36295	0.162314	0	0	0	0	0.162314	0.513258	0.362931	0	0	0	0	0	0	0	0	0	0	0	0	0	0	0	0	0	0	0	0	0	0	0.162314	0.36295	0.459098	0.459098	0.48693	0.362931	0	0	0	0	0	0.459069	0.459069	0	0	0	0	0	0	0	0	0	0	0	0	0	0	0	0	0	0	0	0.162314	0.36295	0.459098	0.459098	0.459098	0.459098	0.459098	0.459098	0.459098	0.459098	0.459098	0.459098	0.459098	0.649228	0.649228	0.459098	0.459098	0.669218	0.827595	0.585229	0.459098	0.459098	0.669218	0.874039	0.918138	1.02647	1.02647	1.02647	1.02647	0.811541	0.585229	0.669218	0.827595	0.585229	0.669218	1.13605	1.02647	0.918138	1.02647	1.02647	0.918138	1.02647	1.02647	0.918138	1.02647	1.02647	0.918138	0.918138	1.02647	1.02647	1.02647	1.02647	0.918138	0.918138	0.918138	1.02647	1.02647	0.918138	0.811541	0.827595	0.874039	0.918138	0.811541	0.585229	0.669218	0.874039	0.918138	0.811541	0.585229	0.459098	0.669218	0.827595	0.585229	0.459098	0.459098	0.459098	0.669218	0.874039	0.811541	0.585229	0.459098	0.459098	0.459098	0.459098	0.669218	0.874039	0.918138	0.918138	0.918138	0.918138	0.811541	0.585229	0.459098	0.459098	0.459098	0.459098	0.36295	0.162314	0	0.362931	0.48693	0.459098	0.459098	0.36295	0.162314	0	0	0.362931	0.48693	0.459098	0.459098	0.459098	0.36295	0.162314
0	0	0.162298	0.513209	0.513209	0.362915	0.459054	0.486884	0.362896	0	0	0.162298	0.513209	0.362896	0	0.162298	0.362915	0.459054	0.486884	0.362896	0.162298	0.362915	0.459054	0.649166	0.649166	0.486884	0.362896	0.162298	0.362915	0.486884	0.513209	0.362915	0.459054	0.459054	0.649166	0.649166	0.486884	0.362896	0	0.162298	0.362915	0.486884	0.362896	0	0.459025	0.459025	0	0	0.362896	0.486884	0.362915	0.162298	0	0.362896	0.513209	0.162298	0	0.362896	0.486884	0.362915	0.162298	0	0	0	0.459025	0.459025	0	0	0.459025	0.459025	0	0.162298	0.362915	0.486884	0.362896	0	0	0.162298	0.362915	0.486884	0.362896	0	0	0	0	0.362896	0.513209	0.162298	0	0	0	0	0	0	0	0	0	0	0	0	0	0	0	0	0	0	0	0	0	0	0.362896	0.486884	0.459054	0.459054	0.362915	0.162298	0	0	0	0	0	0.459025	0.459025	0	0	0	0	0	0	0	0	0	0	0	0	0	0	0	0	0	0	0	0.362896	0.486884	0.459054	0.459054	0.459054	0.459054	0.459054	0.459054	0.459054	0.459054	0.459054	0.459054	0.459054	0.649166	0.649166	0.459054	0.459054	0.585172	0.827516	0.669153	0.459054	0.459054	0.585172	0.811463	0.918049	1.02638	1.02638	1.02638	1.02638	0.873955	0.669153	0.585172	0.827516	0.669153	0.585172	0.987135	1.02638	0.918049	1.02638	1.02638	0.918049	1.02638	1.02638	0.918049	1.02638	1.02638	0.918049	0.918049	1.02638	1.02638	1.02638	1.02638	0.918049	0.918049	0.918049	1.02638	1.02638	0.918049	0.873955	0.827516	0.811463	0.918049	0.873955	0.669153	0.585172	0.811463	0.918049	0.873955	0.669153	0.459054	0.585172	0.827516	0.669153	0.459054	0.459054	0.459054	0.585172	0.811463	0.873955	0.669153	0.459054	0.459054	0.459054	0.459054	0.585172	0.811463	0.918049	0.918049	0.918049	0.918049	0.873955	0.669153	0.459054	0.459054	0.459054	0.459054	0.486884	0.362896	0	0.162298	0.362915	0.459054	0.459054	0.486884	0.362896	0	0	0.162298	0.362915	0.459054	0.459054	0.459054	0.486884	0.362896
0	0	0	0.458981	0.458981	0	0	0.458981	0.458981	0	0	0	0.458981	0.458981	0	0	0	0	0.458981	0.458981	0	0	0	0.458981	0.458981	0.458981	0.458981	0	0	0.458981	0.458981	0	0	0	0.458981	0.458981	0.458981	0.458981	0	0	0	0.458981	0.458981	0	0.458981	0.458981	0	0	0.458981	0.458981	0	0	0	0.458981	0.458981	0	0	0.458981	0.458981	0	0	0	0	0	0.458981	0.458981	0	0	0.458981	0.458981	0	0	0	0.458981	0.458981	0	0	0	0	0.458981	0.458981	0	0	0	0	0.458981	0.458981	0	0	0	0	0	0	0	0	0	0	0	0	0	0	0	0	0	0	0	0	0	0	0	0.458981	0.458981	0	0	0	0	0	0	0	0	0	0.458981	0.458981	0	0	0	0	0	0	0	0	0	0	0	0	0	0	0	0	0	0	0	0.458981	0.458981	0	0	0	0	0	0	0	0	0	0	0	0.458981	0.458981	0	0	0	0.458981	0.458981	0	0	0	0	0	0.458981	0.458981	0.458981	0.458981	0.458981	0.458981	0	0.458981	0.458981	0	0.458981	0.458981	0	0.458981	0.458981	0	0.458981	0.458981	0	0.458981	0.458981	0	0	0.458981	0.458981	0.458981	0.458981	0	0	0	0.458981	0.458981	0	0.458981	0.458981	0	0	0.458981	0.458981	0	0	0	0.458981	0.458981	0	0	0.458981	0.458981	0	0	0	0	0	0.458981	0.458981	0	0	0	0	0	0	0	0	0	0	0.458981	0.458981	0	0	0	0	0.458981	0.458981	0	0	0	0	0	0.458981	0.458981	0	0	0	0	0	0	0	0.458981	0.458981
0	0	0	0.458937	0.458937	0	0	0.458937	0.458937	0	0	0	0.458937	0.458937	0	0	0	0	0.458937	0.458937	0	0	0	0.458937	0.458937	0.458937	0.458937	0	0	0.458937	0.458937	0	0	0	0.458937	0.458937	0.458937	0.458937	0	0	0	0.458937	0.458937	0	0.458937	0.458937	0	0	0.458937	0.458937	0	0	0	0.458937	0.458937	0	0	0.458937	0.458937	0	0	0	0	0	0.458937	0.458937	0	0	0.458937	0.458937	0	0	0	0.458937	0.458937	0	0	0	0	0.458937	0.458937	0	0	0	0	0.458937	0.458937	0	0	0	0	0	0	0	0	0	0	0	0	0	0	0	0	0	0	0	0	0	0	0	0.458937	0.458937	0	0	0	0	0	0	0	0	0	0.458937	0.458937	0	0	0	0	0	0	0	0	0	0	0	0	0	0	0	0	0	0	0	0.458937	0.458937	0	0	0	0	0	0	0	0	0	0	0	0.458937	0.458937	0	0	0	0.458937	0.458937	0	0	0	0	0	0.458937	0.458937	0.458937	0.458937	0.458937	0.458937	0	0.458937	0.458937	0	0.458937	0.458937	0	0.458937	0.458937	0	0.458937	0.458937	0	0.458937	0.458937	0	0	0.458937	0.458937	0.458937	0.458937	0	0	0	0.458937	0.458937	0	0.458937	0.458937	0	0	0.458937	0.458937	0	0	0	0.458937	0.458937	0	0	0.458937	0.458937	0	0	0	0	0	0.458937	0.458937	0	0	0	0	0	0	0	0	0	0	0.458937	0.458937	0	0	0	0	0.458937	0.458937	0	0	0	0	0	0.458937	0.458937	0	0	0	0	0	0	0	0.458937	0.458937
0	0	0	0.458892	0.458892	0	0	0.458892	0.458892	0	0	0	0.458892	0.458892	0	0	0	0	0.458892	0.458892	0	0	0	0.458892	0.458892	0.458892	0.458892	0	0	0.458892	0.458892	0	0	0	0.458892	0.458892	0.458892	0.458892	0	0	0	0.458892	0.458892	0	0.458892	0.458892	0	0	0.458892	0.458892	0	0	0	0.458892	0.458892	0	0	0.458892	0.458892	0	0	0	0	0	0.458892	0.458892	0	0	0.458892	0.458892	0	0	0	0.458892	0.458892	0	0	0	0	0.458892	0.458892	0	0	0	0	0.458892	0.458892	0	0	0	0	0	0	0	0	0	0	0	0	0	0	0	0	0	0	0	0	0	0	0	0.458892	0.458892	0	0	0	0	0	0	0	0	0	0.458892	0.458892	0	0	0	0	0	0	0	0	0	0	0	0	0	0	0	0	0	0	0	0.458892	0.458892	0	0	0	0	0	0	0	0	0	0	0	0.458892	0.458892	0	0	0	0.458892	0.458892	0	0	0	0	0	0.458892	0.458892	0.458892	0.458892	0.458892	0.458892	0	0.458892	0.458892	0	0.458892	0.458892	0	0.458892	0.458892	0	0.458892	0.458892	0	0.458892	0.458892	0	0	0.458892	0.458892	0.458892	0.458892	0	0	0	0.458892	0.458892	0	0.458892	0.458892	0	0	0.458892	0.458892	0	0	0	0.458892	0.458892	0	0	0.458892	0.458892	0	0	0	0	0	0.458892	0.458892	0	0	0	0	0	0	0	0	0	0	0.458892	0.458892	0	0	0	0	0.458892	0.458892	0	0	0	0	0	0.458892	0.458892	0	0	0	0	0	0	0	0.458892	0.458892
0	0	0	0.458848	0.458848	0	0	0.458848	0.458848	0	0	0	0.458848	0.458848	0	0	0	0	0.458848	0.458848	0	0	0	0.458848	0.458848	0.458848	0.458848	0	0	0.458848	0.458848	0	0	0	0.458848	0.458848	0.458848	0.458848	0	0	0	0.458848	0.458848	0	0.458848	0.458848	0	0	0.458848	0.458848	0	0	0	0.458848	0.458848	0	0	0.458848	0.458848	0	0	0	0	0	0.458848	0.458848	0	0	0.458848	0.458848	0	0	0	0.458848	0.458848	0	0	0	0	0.458848	0.458848	0	0	0	0	0.458848	0.458848	0	0	0	0	0	0	0	0	0	0	0	0	0	0	0	0	0	0	0	0	0	0	0	0.458848	0.458848	0	0	0	0	0	0	0	0	0	0.458848	0.458848	0	0	0	0	0	0	0	0	0	0	0	0	0	0	0	0	0	0	0	0.458848	0.458848	0	0	0	0	0	0	0	0	0	0	0	0.458848	0.458848	0	0	0	0.458848	0.458848	0	0	0	0	0	0.458848	0.458848	0.458848	0.458848	0.458848	0.458848	0	0.458848	0.458848	0	0.458848	0.458848	0	0.458848	0.458848	0	0.458848	0.458848	0	0.458848	0.458848	0	0	0.458848	0.458848	0.458848	0.458848	0	0	0	0.458848	0.458848	0	0.458848	0.458848	0	0	0.458848	0.458848	0	0	0	0.458848	0.458848	0	0	0.458848	0.458848	0	0	0	0	0	0.458848	0.458848	0	0	0	0	0	0	0	0	0	0	0.458848	0.458848	0	0	0	0	0.458848	0.458848	0	0	0	0	0	0.458848	0.458848	0	0	0	0	0	0	0	0.458848	0.458848
0.36274	0.16222	0	0.362722	0.48665	0.458834	0.36274	0.512963	0.48665	0.458834	0.458834	0.36274	0.512963	0.48665	0.458834	0.458834	0.36274	0.16222	0.362722	0.48665	0.458834	0.36274	0.16222	0.362722	0.48665	0.648854	0.648854	0.458834	0.458834	0.648854	0.648854	0.458834	0.36274	0.16222	0.458804	0.458804	0.362722	0.48665	0.458834	0.36274	0.16222	0.362722	0.48665	0.36274	0.512963	0.48665	0.458834	0.36274	0.512963	0.48665	0.36274	0.16222	0	0.362722	0.512963	0.16222	0	0.362722	0.48665	0.36274	0.16222	0	0	0	0.362722	0.512963	0.16222	0	0.458804	0.458804	0	0	0	0.458804	0.458804	0	0	0.16222	0.36274	0.48665	0.362722	0	0	0.16222	0.36274	0.48665	0.362722	0	0	0	0	0	0	0	0	0	0	0	0	0	0	0	0	0	0	0	0	0.16222	0.36274	0.458834	0.48665	0.362722	0	0	0	0	0	0	0.16222	0.36274	0.458834	0.48665	0.362722	0	0	0	0	0	0	0	0	0	0	0	0	0	0	0	0	0	0	0	0.458804	0.458804	0	0	0	0	0	0	0	0	0	0	0	0.362722	0.48665	0.458834	0.36274	0.16222	0.362722	0.48665	0.458834	0.458834	0.458834	0.458834	0.458834	0.668832	0.827118	0.827118	0.873535	1.02588	1.02588	0.917608	1.02588	1.02588	0.917608	1.0881	1.30767	1.26682	1.23527	1.30767	1.26682	1.23527	1.30767	1.26682	1.18084	1.02588	0.917608	0.917608	1.02588	1.02588	1.02588	1.02588	0.917608	0.811073	0.584891	0.668832	0.873535	0.917608	1.02588	1.02588	0.917608	0.811073	0.827118	0.873535	0.811073	0.584891	0.458834	0.668832	0.873535	0.811073	0.584891	0.668832	0.873535	0.811073	0.584891	0.458834	0.458834	0.458834	0.668832	0.873535	0.811073	0.584891	0.458834	0.458834	0.458834	0.458834	0.458834	0.458834	0.458834	0.458834	0.668832	0.873535	0.917608	0.811073	0.584891	0.458834	0.668832	0.873535	0.811073	0.584891	0.458834	0.458834	0.458834	0.668832	0.873535	0.811073	0.584891	0.458834	0.458834	0.458834	0.458834	0.458834	0.648854	0.648854
0.486603	0.362687	0	0.162204	0.362706	0.45879	0.486603	0.512913	0.362706	0.45879	0.45879	0.486603	0.512913	0.362706	0.45879	0.45879	0.486603	0.362687	0.162204	0.362706	0.45879	0.486603	0.362687	0.162204	0.362706	0.648792	0.648792	0.45879	0.45879	0.648792	0.648792	0.45879	0.486603	0.362687	0.45876	0.45876	0.162204	0.362706	0.45879	0.486603	0.362687	0.162204	0.362706	0.486603	0.512913	0.362706	0.45879	0.486603	0.512913	0.362706	0.486603	0.362687	0	0.162204	0.512913	0.362687	0	0.162204	0.362706	0.486603	0.362687	0	0	0	0.162204	0.512913	0.362687	0	0.45876	0.45876	0	0	0	0.45876	0.45876	0	0	0.362687	0.486603	0.362706	0.162204	0	0	0.362687	0.486603	0.362706	0.162204	0	0	0	0	0	0	0	0	0	0	0	0	0	0	0	0	0	0	0	0	0.362687	0.486603	0.45879	0.362706	0.162204	0	0	0	0	0	0	0.362687	0.486603	0.45879	0.362706	0.162204	0	0	0	0	0	0	0	0	0	0	0	0	0	0	0	0	0	0	0	0.45876	0.45876	0	0	0	0	0	0	0	0	0	0	0	0.162204	0.362706	0.45879	0.486603	0.362687	0.162204	0.362706	0.45879	0.45879	0.45879	0.45879	0.45879	0.584835	0.827039	0.827039	0.810995	1.02578	1.02578	0.91752	1.02578	1.02578	0.91752	1.03854	1.26669	1.30755	1.23515	1.26669	1.30755	1.23515	1.26669	1.30755	1.30752	1.02578	0.91752	0.91752	1.02578	1.02578	1.02578	1.02578	0.91752	0.873452	0.668768	0.584835	0.810995	0.91752	1.02578	1.02578	0.91752	0.873452	0.827039	0.810995	0.873452	0.668768	0.45879	0.584835	0.810995	0.873452	0.668768	0.584835	0.810995	0.873452	0.668768	0.45879	0.45879	0.45879	0.584835	0.810995	0.873452	0.668768	0.45879	0.45879	0.45879	0.45879	0.45879	0.45879	0.45879	0.45879	0.584835	0.810995	0.91752	0.873452	0.668768	0.45879	0.584835	0.810995	0.873452	0.668768	0.45879	0.45879	0.45879	0.584835	0.810995	0.873452	0.668768	0.45879	0.45879	0.45879	0.45879	0.45879	0.648792	0.648792
0.458716	0.458716	0	0	0	0	0.458716	0.458716	0	0	0	0.458716	0.458716	0	0	0	0.458716	0.458716	0	0	0	0.458716	0.458716	0	0	0.458716	0.458716	0	0	0.458716	0.458716	0	0.458716	0.458716	0.458716	0.458716	0	0	0	0.458716	0.458716	0	0	0.458716	0.458716	0	0	0.458716	0.458716	0	0.458716	0.458716	0	0	0.458716	0.458716	0	0	0	0.458716	0.458716	0	0	0	0	0.458716	0.458716	0	0.458716	0.458716	0	0	0	0.458716	0.458716	0	0	0.458716	0.458716	0	0	0	0	0.458716	0.458716	0	0	0	0	0	0	0	0	0	0	0	0	0	0	0	0	0	0	0	0	0	0	0.458716	0.458716	0	0	0	0	0	0	0	0	0	0.458716	0.458716	0	0	0	0	0	0	0	0	0	0	0	0	0	0	0	0	0	0	0	0	0	0	0.458716	0.458716	0	0	0	0	0	0	0	0	0	0	0	0	0	0	0.458716	0.458716	0	0	0	0	0	0	0	0	0.458716	0.458716	0	0.458716	0.458716	0	0.458716	0.458716	0	0	0	0.458716	0.458716	0	0.458716	0.458716	0	0.458716	0.917373	0.458716	0	0	0.458716	0.458716	0.458716	0.458716	0	0.458716	0.458716	0	0	0	0.458716	0.458716	0	0.458716	0.458716	0	0.458716	0.458716	0	0	0	0.458716	0.458716	0	0	0.458716	0.458716	0	0	0	0	0	0.458716	0.458716	0	0	0	0	0	0	0	0	0	0	0	0.458716	0.458716	0	0	0	0.458716	0.458716	0	0	0	0	0	0.458716	0.458716	0	0	0	0	0	0.458716	0.458716
0.458672	0.458672	0	0	0	0	0.458672	0.458672	0	0	0	0.458672	0.458672	0	0	0	0.458672	0.458672	0	0	0	0.458672	0.458672	0	0	0.458672	0.458672	0	0	0.458672	0.458672	0	0.458672	0.458672	0.458672	0.458672	0	0	0	0.458672	0.458672	0	0	0.458672	0.458672	0	0	0.458672	0.458672	0	0.458672	0.458672	0	0	0.458672	0.458672	0	0	0	0.458672	0.458672	0	0	0	0	0.458672	0.458672	0	0.458672	0.458672	0	0	0	0.458672	0.458672	0	0	0.458672	0.458672	0	0	0	0	0.458672	0.458672	0	0	0	0	0	0	0	0	0	0	0	0	0	0	0	0	0	0	0	0	0	0	0.458672	0.458672	0	0	0	0	0	0	0	0	0	0.458672	0.458672	0	0	0	0	0	0	0	0	0	0	0	0	0	0	0	0	0	0	0	0	0	0	0.458672	0.458672	0	0	0	0	0	0	0	0	0	0	0	0	0	0	0.458672	0.458672	0	0	0	0	0	0	0	0	0.458672	0.458672	0	0.458672	0.458672	0	0.458672	0.458672	0	0	0	0.458672	0.458672	0	0.458672	0.458672	0	0.458672	0.917285	0.458672	0	0	0.458672	0.458672	0.458672	0.458672	0	0.458672	0.458672	0	0	0	0.458672	0.458672	0	0.458672	0.458672	0	0.458672	0.458672	0	0	0	0.458672	0.458672	0	0	0.458672	0.458672	0	0	0	0	0	0.458672	0.458672	0	0	0	0	0	0	0	0	0	0	0	0.458672	0.458672	0	0	0	0.458672	0.458672	0	0	0	0	0	0.458672	0.458672	0	0	0	0	0	0.458672	0.458672
0.458628	0.458628	0	0	0	0	0.458628	0.458628	0	0	0	0.458628	0.458628	0	0	0	0.458628	0.458628	0	0	0	0.458628	0.458628	0	0	0.458628	0.458628	0	0	0.458628	0.458628	0	0.458628	0.458628	0.458628	0.458628	0	0	0	0.458628	0.458628	0	0	0.458628	0.458628	0	0	0.458628	0.458628	0	0.458628	0.458628	0	0	0.458628	0.458628	0	0	0	0.458628	0.458628	0	0	0	0	0.458628	0.458628	0	0.458628	0.458628	0	0	0	0.458628	0.458628	0	0	0.458628	0.458628	0	0	0	0	0.458628	0.458628	0	0	0	0	0	0	0	0	0	0	0	0	0	0	0	0	0	0	0	0	0	0	0.458628	0.458628	0	0	0	0	0	0	0	0	0	0.458628	0.458628	0	0	0	0	0	0	0	0	0	0	0	0	0	0	0	0	0	0	0	0	0	0	0.458628	0.458628	0	0	0	0	0	0	0	0	0	0	0	0	0	0	0.458628	0.458628	0	0	0	0	0	0	0	0	0.458628	0.458628	0	0.458628	0.458628	0	0.458628	0.458628	0	0	0	0.458628	0.458628	0	0.458628	0.458628	0	0.458628	0.917197	0.458628	0	0	0.458628	0.458628	0.458628	0.458628	0	0.458628	0.458628	0	0	0	0.458628	0.458628	0	0.458628	0.458628	0	0.458628	0.458628	0	0	0	0.458628	0.458628	0	0	0.458628	0.458628	0	0	0	0	0	0.458628	0.458628	0	0	0	0	0	0	0	0	0	0	0	0.458628	0.458628	0	0	0	0.458628	0.458628	0	0	0	0	0	0.458628	0.458628	0	0	0	0	0	0.458628	0.458628
0.458584	0.458584	0	0	0	0	0.458584	0.458584	0	0	0	0.458584	0.458584	0	0	0	0.458584	0.458584	0	0	0	0.458584	0.458584	0	0	0.458584	0.458584	0	0	0.458584	0.458584	0	0.458584	0.458584	0.458584	0.458584	0	0	0	0.458584	0.458584	0	0	0.458584	0.458584	0	0	0.458584	0.458584	0	0.458584	0.458584	0	0	0.458584	0.458584	0	0	0	0.458584	0.458584	0	0	0	0	0.458584	0.458584	0	0.458584	0.458584	0	0	0	0.458584	0.458584	0	0	0.458584	0.458584	0	0	0	0	0.458584	0.458584	0	0	0	0	0	0	0	0	0	0	0	0	0	0	0	0	0	0	0	0	0	0	0.458584	0.458584	0	0	0	0	0	0	0	0	0	0.458584	0.458584	0	0	0	0	0	0	0	0	0	0	0	0	0	0	0	0	0	0	0	0	0	0	0.458584	0.458584	0	0	0	0	0	0	0	0	0	0	0	0	0	0	0.458584	0.458584	0	0	0	0	0	0	0	0	0.458584	0.458584	0	0.458584	0.458584	0	0.458584	0.458584	0	0	0	0.458584	0.458584	0	0.458584	0.458584	0	0.458584	0.917109	0.458584	0	0	0.458584	0.458584	0.458584	0.458584	0	0.458584	0.458584	0	0	0	0.458584	0.458584	0	0.458584	0.458584	0	0.458584	0.458584	0	0	0	0.458584	0.458584	0	0	0.458584	0.458584	0	0	0	0	0	0.458584	0.458584	0	0	0	0	0	0	0	0	0	0	0	0.458584	0.458584	0	0	0	0.458584	0.458584	0	0	0	0	0	0.458584	0.458584	0	0	0	0	0	0.458584	0.458584
0.45854	0.45854	0	0	0	0	0.45854	0.45854	0	0	0	0.45854	0.45854	0	0	0	0.45854	0.45854	0	0	0	0.45854	0.45854	0	0	0.45854	0.45854	0	0	0.45854	0.45854	0	0.45854	0.45854	0.45854	0.45854	0	0	0	0.45854	0.45854	0	0	0.45854	0.45854	0	0	0.45854	0.45854	0	0.45854	0.45854	0	0	0.45854	0.45854	0	0	0	0.45854	0.45854	0	0	0	0	0.45854	0.45854	0	0.45854	0.45854	0	0	0	0.45854	0.45854	0	0	0.45854	0.45854	0	0	0	0	0.45854	0.45854	0	0	0	0	0	0	0	0	0	0	0	0	0	0	0	0	0	0	0	0	0	0	0.45854	0.45854	0	0	0	0	0	0	0	0	0	0.45854	0.45854	0	0	0	0	0	0	0	0	0	0	0	0	0	0	0	0	0	0	0	0	0	0	0.45854	0.45854	0	0	0	0	0	0	0	0	0	0	0	0	0	0	0.45854	0.45854	0	0	0	0	0	0	0	0	0.45854	0.45854	0	0.45854	0.45854	0	0.45854	0.45854	0	0	0	0.45854	0.45854	0	0.45854	0.45854	0	0.45854	0.917021	0.45854	0	0	0.45854	0.45854	0.45854	0.45854	0	0.45854	0.45854	0	0	0	0.45854	0.45854	0	0.45854	0.45854	0	0.45854	0.45854	0	0	0	0.45854	0.45854	0	0	0.45854	0.45854	0	0	0	0	0	0.45854	0.45854	0	0	0	0	0	0	0	0	0	0	0	0.45854	0.45854	0	0	0	0.45854	0.45854	0	0	0	0	0	0.45854	0.45854	0	0	0	0	0	0.45854	0.45854
0.648423	0.648423	0.458533	0.458533	0.362502	0.162112	0.362479	0.486326	0.458533	0.458533	0.458533	0.66839	0.87296	0.810541	0.584507	0.458533	0.66839	0.87296	0.810541	0.584507	0.458533	0.66839	0.87296	0.810541	0.584507	0.66839	0.87296	0.810541	0.584507	0.66839	0.826571	0.584507	0.66839	0.87296	1.02521	1.02521	0.810541	0.584507	0.458533	0.648423	0.648423	0.458533	0.458533	0.648423	0.648423	0.362502	0.162112	0.362479	0.486326	0.458533	0.648423	0.648423	0.458533	0.362502	0.512619	0.486326	0.362502	0.162112	0	0.362479	0.486326	0.362502	0.162112	0	0	0.458496	0.458496	0	0.362479	0.486326	0.458533	0.362502	0.162112	0.362479	0.486326	0.362502	0.162112	0.362479	0.486326	0.458533	0.458533	0.458533	0.458533	0.648423	0.648423	0.458533	0.458533	0.458533	0.362502	0.162112	0	0	0	0	0	0	0	0	0	0	0	0	0	0	0	0	0.162112	0.512619	0.362479	0	0	0	0	0	0	0.162112	0.362502	0.458533	0.486326	0.362479	0	0	0	0	0	0	0	0	0	0	0	0	0	0	0	0	0	0	0	0	0	0	0.458496	0.458496	0	0	0	0	0	0	0	0	0	0	0	0	0	0	0.362479	0.486326	0.458533	0.458533	0.458533	0.458533	0.458533	0.458533	0.458533	0.458533	0.66839	0.87296	0.917006	1.02521	1.02521	0.917006	1.08739	1.30681	1.26598	1.03795	0.917006	1.02521	1.02521	0.917006	1.02521	1.02521	0.917006	1.02521	1.30678	1.30681	1.26598	1.03795	1.02521	1.02521	1.02521	1.02521	0.810541	0.826571	0.87296	0.810541	0.584507	0.458533	0.648423	0.648423	0.458533	0.648423	0.648423	0.458533	0.648423	0.648423	0.458533	0.362502	0.162112	0.362479	0.486326	0.362502	0.162112	0.362479	0.486326	0.458533	0.458533	0.458533	0.458533	0.458533	0.66839	0.87296	0.810541	0.584507	0.458533	0.458533	0.458533	0.458533	0.458533	0.458533	0.458533	0.458533	0.458533	0.66839	0.87296	0.917006	0.810541	0.584507	0.66839	0.87296	0.917006	0.810541	0.584507	0.458533	0.458533	0.648423	0.648423	0.458533	0.458533	0.458533	0.362502	0.162112	0.362479	0.486326
0.648361	0.648361	0.458488	0.458488	0.48628	0.362444	0.162097	0.362467	0.458488	0.458488	0.458488	0.584451	0.810463	0.872876	0.668326	0.458488	0.584451	0.810463	0.872876	0.668326	0.458488	0.584451	0.810463	0.872876	0.668326	0.584451	0.810463	0.872876	0.668326	0.584451	0.826492	0.668326	0.584451	0.810463	1.02511	1.02511	0.872876	0.668326	0.458488	0.648361	0.648361	0.458488	0.458488	0.648361	0.648361	0.48628	0.362444	0.162097	0.362467	0.458488	0.648361	0.648361	0.458488	0.48628	0.51257	0.362467	0.48628	0.362444	0	0.162097	0.362467	0.48628	0.362444	0	0	0.458452	0.458452	0	0.162097	0.362467	0.458488	0.48628	0.362444	0.162097	0.362467	0.48628	0.362444	0.162097	0.362467	0.458488	0.458488	0.458488	0.458488	0.648361	0.648361	0.458488	0.458488	0.458488	0.48628	0.362444	0	0	0	0	0	0	0	0	0	0	0	0	0	0	0	0	0.362444	0.51257	0.162097	0	0	0	0	0	0	0.362444	0.48628	0.458488	0.362467	0.162097	0	0	0	0	0	0	0	0	0	0	0	0	0	0	0	0	0	0	0	0	0	0	0.458452	0.458452	0	0	0	0	0	0	0	0	0	0	0	0	0	0	0.162097	0.362467	0.458488	0.458488	0.458488	0.458488	0.458488	0.458488	0.458488	0.458488	0.584451	0.810463	0.916918	1.02511	1.02511	0.916918	1.03786	1.26586	1.30669	1.08728	0.916918	1.02511	1.02511	0.916918	1.02511	1.02511	0.916918	1.02511	1.17994	1.26586	1.30669	1.08728	1.02511	1.02511	1.02511	1.02511	0.872876	0.826492	0.810463	0.872876	0.668326	0.458488	0.648361	0.648361	0.458488	0.648361	0.648361	0.458488	0.648361	0.648361	0.458488	0.48628	0.362444	0.162097	0.362467	0.48628	0.362444	0.162097	0.362467	0.458488	0.458488	0.458488	0.458488	0.458488	0.584451	0.810463	0.872876	0.668326	0.458488	0.458488	0.458488	0.458488	0.458488	0.458488	0.458488	0.458488	0.458488	0.584451	0.810463	0.916918	0.872876	0.668326	0.584451	0.810463	0.916918	0.872876	0.668326	0.458488	0.458488	0.648361	0.648361	0.458488	0.458488	0.458488	0.48628	0.362444	0.162097	0.362467
0.458408	0.458408	0	0	0.458408	0.458408	0	0	0	0	0	0	0	0.458408	0.458408	0	0	0	0.458408	0.458408	0	0	0	0.458408	0.458408	0	0	0.458408	0.458408	0	0.458408	0.458408	0	0	0.458408	0.458408	0.458408	0.458408	0	0.458408	0.458408	0	0	0.458408	0.458408	0.458408	0.458408	0	0	0	0.458408	0.458408	0	0.458408	0.458408	0	0.458408	0.458408	0	0	0	0.458408	0.458408	0	0	0.458408	0.458408	0	0	0	0	0.458408	0.458408	0	0	0.458408	0.458408	0	0	0	0	0	0	0.458408	0.458408	0	0	0	0.458408	0.458408	0	0	0	0	0	0	0	0	0	0	0	0	0	0	0	0	0.458408	0.458408	0	0	0	0	0	0	0	0.458408	0.458408	0	0	0	0	0	0	0	0	0	0	0	0	0	0	0	0	0	0	0	0	0	0	0	0	0	0.458408	0.458408	0	0	0	0	0	0	0	0	0	0	0	0	0	0	0	0	0	0	0	0	0	0	0	0	0	0	0	0.458408	0.458408	0	0	0	0.458408	0.458408	0	0.458408	0.458408	0	0.458408	0.458408	0	0.458408	0.458408	0	0.458408	0.458408	0.458408	0.458408	0.458408	0.458408	0.458408	0.458408	0	0.458408	0.458408	0	0.458408	0.458408	0	0.458408	0.458408	0	0.458408	0.458408	0	0.458408	0.458408	0	0	0.458408	0.458408	0	0	0	0	0	0	0	0	0	0.458408	0.458408	0	0	0	0	0	0	0	0	0	0	0	0	0.458408	0.458408	0	0	0	0.458408	0.458408	0	0	0.458408	0.458408	0	0	0	0.458408	0.458408	0	0
0.458364	0.458364	0	0	0.458364	0.458364	0	0	0	0	0	0	0	0.458364	0.458364	0	0	0	0.458364	0.458364	0	0	0	0.458364	0.458364	0	0	0.458364	0.458364	0	0.458364	0.458364	0	0	0.458364	0.458364	0.458364	0.458364	0	0.458364	0.458364	0	0	0.458364	0.458364	0.458364	0.458364	0	0	0	0.458364	0.458364	0	0.458364	0.458364	0	0.458364	0.458364	0	0	0	0.458364	0.458364	0	0	0.458364	0.458364	0	0	0	0	0.458364	0.458364	0	0	0.458364	0.458364	0	0	0	0	0	0	0.458364	0.458364	0	0	0	0.458364	0.458364	0	0	0	0	0	0	0	0	0	0	0	0	0	0	0	0	0.458364	0.458364	0	0	0	0	0	0	0	0.458364	0.458364	0	0	0	0	0	0	0	0	0	0	0	0	0	0	0	0	0	0	0	0	0	0	0	0	0	0.458364	0.458364	0	0	0	0	0	0	0	0	0	0	0	0	0	0	0	0	0	0	0	0	0	0	0	0	0	0	0	0.458364	0.458364	0	0	0	0.458364	0.458364	0	0.458364	0.458364	0	0.458364	0.458364	0	0.458364	0.458364	0	0.458364	0.458364	0.458364	0.458364	0.458364	0.458364	0.458364	0.458364	0	0.458364	0.458364	0	0.458364	0.458364	0	0.458364	0.458364	0	0.458364	0.458364	0	0.458364	0.458364	0	0	0.458364	0.458364	0	0	0	0	0	0	0	0	0	0.458364	0.458364	0	0	0	0	0	0	0	0	0	0	0	0	0.458364	0.458364	0	0	0	0.458364	0.458364	0	0	0.458364	0.458364	0	0	0	0.458364	0.458364	0	0
0.45832	0.45832	0	0	0.45832	0.45832	0	0	0	0	0	0	0	0.45832	0.45832	0	0	0	0.45832	0.45832	0	0	0	0.45832	0.45832	0	0	0.45832	0.45832	0	0.45832	0.45832	0	0	0.45832	0.45832	0.45832	0.45832	0	0.45832	0.45832	0	0	0.45832	0.45832	0.45832	0.45832	0	0	0	0.45832	0.45832	0	0.45832	0.45832	0	0.45832	0.45832	0	0	0	0.45832	0.45832	0	0	0.45832	0.45832	0	0	0	0	0.45832	0.45832	0	0	0.45832	0.45832	0	0	0	0	0	0	0.45832	0.45832	0	0	0	0.45832	0.45832	0	0	0	0	0	0	0	0	0	0	0	0	0	0	0	0	0.45832	0.45832	0	0	0	0	0	0	0	0.45832	0.45832	0	0	0	0	0	0	0	0	0	0	0	0	0	0	0	0	0	0	0	0	0	0	0	0	0	0.45832	0.45832	0	0	0	0	0	0	0	0	0	0	0	0	0	0	0	0	0	0	0	0	0	0	0	0	0	0	0	0.45832	0.45832	0	0	0	0.45832	0.45832	0	0.45832	0.45832	0	0.45832	0.45832	0	0.45832	0.45832	0	0.45832	0.45832	0.45832	0.45832	0.45832	0.45832	0.45832	0.45832	0	0.45832	0.45832	0	0.45832	0.45832	0	0.45832	0.45832	0	0.45832	0.45832	0	0.45832	0.45832	0	0	0.45832	0.45832	0	0	0	0	0	0	0	0	0	0.45832	0.45832	0	0	0	0	0	0	0	0	0	0	0	0	0.45832	0.45832	0	0	0	0.45832	0.45832	0	0	0.45832	0.45832	0	0	0	0.45832	0.45832	0	0
0.458276	0.458276	0	0	0.458276	0.458276	0	0	0	0	0	0	0	0.458276	0.458276	0	0	0	0.458276	0.458276	0	0	0	0.458276	0.458276	0	0	0.458276	0.458276	0	0.458276	0.458276	0	0	0.458276	0.458276	0.458276	0.458276	0	0.458276	0.458276	0	0	0.458276	0.458276	0.458276	0.458276	0	0	0	0.458276	0.458276	0	0.458276	0.458276	0	0.458276	0.458276	0	0	0	0.458276	0.458276	0	0	0.458276	0.458276	0	0	0	0	0.458276	0.458276	0	0	0.458276	0.458276	0	0	0	0	0	0	0.458276	0.458276	0	0	0	0.458276	0.458276	0	0	0	0	0	0	0	0	0	0	0	0	0	0	0	0	0.458276	0.458276	0	0	0	0	0	0	0	0.458276	0.458276	0	0	0	0	0	0	0	0	0	0	0	0	0	0	0	0	0	0	0	0	0	0	0	0	0	0.458276	0.458276	0	0	0	0	0	0	0	0	0	0	0	0	0	0	0	0	0	0	0	0	0	0	0	0	0	0	0	0.458276	0.458276	0	0	0	0.458276	0.458276	0	0.458276	0.458276	0	0.458276	0.458276	0	0.458276	0.458276	0	0.458276	0.458276	0.458276	0.458276	0.458276	0.458276	0.458276	0.458276	0	0.458276	0.458276	0	0.458276	0.458276	0	0.458276	0.458276	0	0.458276	0.458276	0	0.458276	0.458276	0	0	0.458276	0.458276	0	0	0	0	0	0	0	0	0	0.458276	0.458276	0	0	0	0	0	0	0	0	0	0	0	0	0.458276	0.458276	0	0	0	0.458276	0.458276	0	0	0.458276	0.458276	0	0	0	0.458276	0.458276	0	0
0.458232	0.458232	0	0	0.458232	0.458232	0	0	0	0	0	0	0	0.458232	0.458232	0	0	0	0.458232	0.458232	0	0	0	0.458232	0.458232	0	0	0.458232	0.458232	0	0.458232	0.458232	0	0	0.458232	0.458232	0.458232	0.458232	0	0.458232	0.458232	0	0	0.458232	0.458232	0.458232	0.458232	0	0	0	0.458232	0.458232	0	0.458232	0.458232	0	0.458232	0.458232	0	0	0	0.458232	0.458232	0	0	0.458232	0.458232	0	0	0	0	0.458232	0.458232	0	0	0.458232	0.458232	0	0	0	0	0	0	0.458232	0.458232	0	0	0	0.458232	0.458232	0	0	0	0	0	0	0	0	0	0	0	0	0	0	0	0	0.458232	0.458232	0	0	0	0	0	0	0	0.458232	0.458232	0	0	0	0	0	0	0	0	0	0	0	0	0	0	0	0	0	0	0	0	0	0	0	0	0	0.458232	0.458232	0	0	0	0	0	0	0	0	0	0	0	0	0	0	0	0	0	0	0	0	0	0	0	0	0	0	0	0.458232	0.458232	0	0	0	0.458232	0.458232	0	0.458232	0.458232	0	0.458232	0.458232	0	0.458232	0.458232	0	0.458232	0.458232	0.458232	0.458232	0.458232	0.458232	0.458232	0.458232	0	0.458232	0.458232	0	0.458232	0.458232	0	0.458232	0.458232	0	0.458232	0.458232	0	0.458232	0.458232	0	0	0.458232	0.458232	0	0	0	0	0	0	0	0	0	0.458232	0.458232	0	0	0	0	0	0	0	0	0	0	0	0	0.458232	0.458232	0	0	0	0.458232	0.458232	0	0	0.458232	0.458232	0	0	0	0.458232	0.458232	0	0
0.667941	0.872374	0.809996	0.584114	0.667941	0.872374	0.91639	0.809996	0.584114	0.458224	0.458224	0.458224	0.458224	0.667941	0.872374	0.809996	0.584114	0.458224	0.667941	0.872374	0.91639	0.809996	0.584114	0.667941	0.872374	0.809996	0.584114	0.667941	0.872374	0.91639	1.02452	1.02452	0.91639	0.91639	1.02452	1.02452	1.02452	1.02452	0.91639	1.02452	1.02452	0.91639	0.91639	1.02452	1.02452	1.02452	1.02452	0.809996	0.584114	0.458224	0.647988	0.647988	0.458224	0.647988	0.647988	0.458224	0.667941	0.826016	0.584114	0.458224	0.458224	0.667941	0.826016	0.584114	0.458224	0.667941	0.826016	0.584114	0.458224	0.458224	0.362258	0.512275	0.486	0.458224	0.362258	0.512275	0.486	0.458224	0.458224	0.458224	0.362258	0.162003	0	0.362235	0.486	0.458224	0.458224	0.458224	0.647988	0.647988	0.458224	0.458224	0.458224	0.458224	0.362258	0.162003	0	0	0	0	0	0.162003	0.362258	0.458224	0.458224	0.458224	0.486	0.362235	0	0	0	0	0	0	0	0.362235	0.486	0.362258	0.162003	0	0	0	0	0	0	0	0	0	0	0	0	0	0	0	0	0	0	0	0	0.162003	0.362258	0.458224	0.486	0.362235	0	0	0	0	0	0	0	0	0	0	0	0.162003	0.362258	0.458224	0.458224	0.458224	0.458224	0.458224	0.458224	0.458224	0.458224	0.458224	0.458224	0.458224	0.458224	0.362258	0.162003	0.362235	0.486	0.458224	0.362258	0.162003	0.362235	0.486	0.458224	0.647988	0.647988	0.458224	0.667941	0.826016	0.584114	0.667941	0.872374	0.91639	1.02452	1.02452	1.08666	1.23363	1.17926	1.02452	1.02452	1.02452	0.91639	1.02452	1.02452	0.91639	1.02452	1.02452	0.91639	1.02452	1.02452	0.91639	1.02452	1.02452	0.91639	1.02452	1.02452	0.91639	0.809996	0.826016	0.872374	0.91639	0.91639	0.809996	0.584114	0.458224	0.458224	0.458224	0.458224	0.458224	0.667941	0.872374	0.91639	0.809996	0.584114	0.458224	0.458224	0.458224	0.458224	0.458224	0.458224	0.458224	0.458224	0.458224	0.667941	0.872374	0.809996	0.584114	0.458224	0.667941	0.872374	0.809996	0.584114	0.667941	0.872374	0.91639	0.809996	0.584114	0.667941	0.872374	0.809996	0.584114
0.584058	0.809918	0.87229	0.667877	0.584058	0.809918	0.916302	0.87229	0.667877	0.458181	0.458181	0.458181	0.458181	0.584058	0.809918	0.87229	0.667877	0.458181	0.584058	0.809918	0.916302	0.87229	0.667877	0.584058	0.809918	0.87229	0.667877	0.584058	0.809918	0.916302	1.02442	1.02442	0.916302	0.916302	1.02442	1.02442	1.02442	1.02442	0.916302	1.02442	1.02442	0.916302	0.916302	1.02442	1.02442	1.02442	1.02442	0.87229	0.667877	0.458181	0.647925	0.647925	0.458181	0.647925	0.647925	0.458181	0.584058	0.825937	0.667877	0.458181	0.458181	0.584058	0.825937	0.667877	0.458181	0.584058	0.825937	0.667877	0.458181	0.458181	0.485953	0.512226	0.362224	0.458181	0.485953	0.512226	0.362224	0.458181	0.458181	0.458181	0.485953	0.3622	0	0.161988	0.362224	0.458181	0.458181	0.458181	0.647925	0.647925	0.458181	0.458181	0.458181	0.458181	0.485953	0.3622	0	0	0	0	0	0.3622	0.485953	0.458181	0.458181	0.458181	0.362224	0.161988	0	0	0	0	0	0	0	0.161988	0.362224	0.485953	0.3622	0	0	0	0	0	0	0	0	0	0	0	0	0	0	0	0	0	0	0	0	0.3622	0.485953	0.458181	0.362224	0.161988	0	0	0	0	0	0	0	0	0	0	0	0.3622	0.485953	0.458181	0.458181	0.458181	0.458181	0.458181	0.458181	0.458181	0.458181	0.458181	0.458181	0.458181	0.458181	0.485953	0.3622	0.161988	0.362224	0.458181	0.485953	0.3622	0.161988	0.362224	0.458181	0.647925	0.647925	0.458181	0.584058	0.825937	0.667877	0.584058	0.809918	0.916302	1.02442	1.02442	1.03716	1.23351	1.30578	1.02442	1.02442	1.02442	0.916302	1.02442	1.02442	0.916302	1.02442	1.02442	0.916302	1.02442	1.02442	0.916302	1.02442	1.02442	0.916302	1.02442	1.02442	0.916302	0.87229	0.825937	0.809918	0.916302	0.916302	0.87229	0.667877	0.458181	0.458181	0.458181	0.458181	0.458181	0.584058	0.809918	0.916302	0.87229	0.667877	0.458181	0.458181	0.458181	0.458181	0.458181	0.458181	0.458181	0.458181	0.458181	0.584058	0.809918	0.87229	0.667877	0.458181	0.584058	0.809918	0.87229	0.667877	0.584058	0.809918	0.916302	0.87229	0.667877	0.584058	0.809918	0.87229	0.667877
0	0	0.4581	0.4581	0	0	0	0.4581	0.4581	0	0	0	0	0	0	0.4581	0.4581	0	0	0	0	0.4581	0.4581	0	0	0.4581	0.4581	0	0	0	0.4581	0.4581	0	0	0.4581	0.4581	0.4581	0.4581	0	0.4581	0.4581	0	0	0.4581	0.4581	0.4581	0.4581	0.4581	0.4581	0	0.4581	0.4581	0	0.4581	0.4581	0	0	0.4581	0.4581	0	0	0	0.4581	0.4581	0	0	0.4581	0.4581	0	0	0.4581	0.4581	0	0	0.4581	0.4581	0	0	0	0	0.4581	0.4581	0	0	0	0	0	0	0.4581	0.4581	0	0	0	0	0.4581	0.4581	0	0	0	0	0	0.4581	0.4581	0	0	0	0	0	0	0	0	0	0	0	0	0	0	0.4581	0.4581	0	0	0	0	0	0	0	0	0	0	0	0	0	0	0	0	0	0	0	0	0.4581	0.4581	0	0	0	0	0	0	0	0	0	0	0	0	0	0	0.4581	0.4581	0	0	0	0	0	0	0	0	0	0	0	0	0.4581	0.4581	0	0	0	0.4581	0.4581	0	0	0	0.4581	0.4581	0	0	0.4581	0.4581	0	0	0	0.4581	0.4581	0	0.4581	0.916141	0.4581	0.4581	0.4581	0	0.4581	0.4581	0	0.4581	0.4581	0	0.4581	0.4581	0	0.4581	0.4581	0	0.4581	0.4581	0	0.4581	0.4581	0	0	0	0.4581	0.4581	0	0	0	0	0	0	0	0	0.4581	0.4581	0	0	0	0	0	0	0	0	0	0	0	0.4581	0.4581	0	0	0	0.4581	0.4581	0	0	0	0.4581	0.4581	0	0	0.4581	0.4581
0	0	0.458063	0.458063	0	0	0	0.458063	0.458063	0	0	0	0	0	0	0.458063	0.458063	0	0	0	0	0.458063	0.458063	0	0	0.458063	0.458063	0	0	0	0.458063	0.458063	0	0	0.458063	0.458063	0.458063	0.458063	0	0.458063	0.458063	0	0	0.458063	0.458063	0.458063	0.458063	0.458063	0.458063	0	0.458063	0.458063	0	0.458063	0.458063	0	0	0.458063	0.458063	0	0	0	0.458063	0.458063	0	0	0.458063	0.458063	0	0	0.458063	0.458063	0	0	0.458063	0.458063	0	0	0	0	0.458063	0.458063	0	0	0	0	0	0	0.458063	0.458063	0	0	0	0	0.458063	0.458063	0	0	0	0	0	0.458063	0.458063	0	0	0	0	0	0	0	0	0	0	0	0	0	0	0.458063	0.458063	0	0	0	0	0	0	0	0	0	0	0	0	0	0	0	0	0	0	0	0	0.458063	0.458063	0	0	0	0	0	0	0	0	0	0	0	0	0	0	0.458063	0.458063	0	0	0	0	0	0	0	0	0	0	0	0	0.458063	0.458063	0	0	0	0.458063	0.458063	0	0	0	0.458063	0.458063	0	0	0.458063	0.458063	0	0	0	0.458063	0.458063	0	0.458063	0.916068	0.458063	0.458063	0.458063	0	0.458063	0.458063	0	0.458063	0.458063	0	0.458063	0.458063	0	0.458063	0.458063	0	0.458063	0.458063	0	0.458063	0.458063	0	0	0	0.458063	0.458063	0	0	0	0	0	0	0	0	0.458063	0.458063	0	0	0	0	0	0	0	0	0	0	0	0.458063	0.458063	0	0	0	0.458063	0.458063	0	0	0	0.458063	0.458063	0	0	0.458063	0.458063
0	0	0.458019	0.458019	0	0	0	0.458019	0.458019	0	0	0	0	0	0	0.458019	0.458019	0	0	0	0	0.458019	0.458019	0	0	0.458019	0.458019	0	0	0	0.458019	0.458019	0	0	0.458019	0.458019	0.458019	0.458019	0	0.458019	0.458019	0	0	0.458019	0.458019	0.458019	0.458019	0.458019	0.458019	0	0.458019	0.458019	0	0.458019	0.458019	0	0	0.458019	0.458019	0	0	0	0.458019	0.458019	0	0	0.458019	0.458019	0	0	0.458019	0.458019	0	0	0.458019	0.458019	0	0	0	0	0.458019	0.458019	0	0	0	0	0	0	0.458019	0.458019	0	0	0	0	0.458019	0.458019	0	0	0	0	0	0.458019	0.458019	0	0	0	0	0	0	0	0	0	0	0	0	0	0	0.458019	0.458019	0	0	0	0	0	0	0	0	0	0	0	0	0	0	0	0	0	0	0	0	0.458019	0.458019	0	0	0	0	0	0	0	0	0	0	0	0	0	0	0.458019	0.458019	0	0	0	0	0	0	0	0	0	0	0	0	0.458019	0.458019	0	0	0	0.458019	0.458019	0	0	0	0.458019	0.458019	0	0	0.458019	0.458019	0	0	0	0.458019	0.458019	0	0.458019	0.91598	0.458019	0.458019	0.458019	0	0.458019	0.458019	0	0.458019	0.458019	0	0.458019	0.458019	0	0.458019	0.458019	0	0.458019	0.458019	0	0.458019	0.458019	0	0	0	0.458019	0.458019	0	0	0	0	0	0	0	0	0.458019	0.458019	0	0	0	0	0	0	0	0	0	0	0	0.458019	0.458019	0	0	0	0.458019	0.458019	0	0	0	0.458019	0.458019	0	0	0.458019	0.458019
0.458005	0.458005	0.647682	0.647682	0.458005	0.458005	0.458005	0.647682	0.647682	0.458005	0.458005	0.458005	0.458005	0.458005	0.458005	0.667624	0.871958	0.915951	0.809608	0.583835	0.458005	0.667624	0.871958	0.809608	0.583835	0.667624	0.871958	0.809608	0.583835	0.458005	0.667624	0.871958	0.915951	0.915951	1.02403	1.02403	1.02403	1.02403	0.915951	1.02403	1.02403	0.915951	0.915951	1.02403	1.02403	1.02403	1.02403	1.02403	1.02403	0.915951	1.02403	1.02403	0.915951	1.02403	1.02403	0.915951	0.809608	0.825624	0.871958	0.915951	0.915951	0.809608	0.825624	0.871958	0.809608	0.583835	0.647682	0.647682	0.458005	0.458005	0.647682	0.647682	0.458005	0.458005	0.647682	0.647682	0.458005	0.458005	0.458005	0.362085	0.512036	0.485771	0.458005	0.362085	0.161927	0	0	0	0.362067	0.512036	0.161927	0	0	0	0.362067	0.485771	0.362085	0.161927	0	0	0.161927	0.512036	0.362067	0	0	0	0	0	0	0	0	0	0	0	0	0	0	0.362067	0.485771	0.458005	0.458005	0.458005	0.458005	0.458005	0.458005	0.458005	0.458005	0.458005	0.362085	0.161927	0	0	0	0.161927	0.362085	0.458005	0.458005	0.458005	0.458005	0.485771	0.362067	0	0	0	0	0	0	0	0	0	0	0	0	0	0	0.362067	0.485771	0.458005	0.362085	0.161927	0	0	0	0	0	0	0	0	0	0.362067	0.485771	0.458005	0.458005	0.458005	0.667624	0.871958	0.915951	0.809608	0.583835	0.667624	0.871958	0.915951	0.809608	0.825624	0.871958	0.915951	0.809608	0.583835	0.667624	0.871958	0.809608	0.825624	1.13334	1.02403	1.02403	1.02403	0.915951	1.02403	1.02403	0.915951	1.02403	1.02403	0.915951	1.02403	0.984879	0.583835	0.667624	0.871958	0.809608	0.825624	0.871958	0.809608	0.825624	0.871958	0.915951	0.809608	0.583835	0.667624	0.871958	0.915951	0.809608	0.583835	0.458005	0.458005	0.458005	0.458005	0.458005	0.667624	0.871958	0.809608	0.583835	0.458005	0.458005	0.458005	0.458005	0.458005	0.458005	0.458005	0.458005	0.458005	0.647682	0.647682	0.458005	0.458005	0.458005	0.647682	0.647682	0.458005	0.458005	0.458005	0.667624	0.871958	0.809608	0.583835	0.667624	0.871958
0.457961	0.457961	0.64762	0.64762	0.457961	0.457961	0.457961	0.64762	0.64762	0.457961	0.457961	0.457961	0.457961	0.457961	0.457961	0.583779	0.80953	0.915863	0.871874	0.66756	0.457961	0.583779	0.80953	0.871874	0.66756	0.583779	0.80953	0.871874	0.66756	0.457961	0.583779	0.80953	0.915863	0.915863	1.02393	1.02393	1.02393	1.02393	0.915863	1.02393	1.02393	0.915863	0.915863	1.02393	1.02393	1.02393	1.02393	1.02393	1.02393	0.915863	1.02393	1.02393	0.915863	1.02393	1.02393	0.915863	0.871874	0.825545	0.80953	0.915863	0.915863	0.871874	0.825545	0.80953	0.871874	0.66756	0.64762	0.64762	0.457961	0.457961	0.64762	0.64762	0.457961	0.457961	0.64762	0.64762	0.457961	0.457961	0.457961	0.485724	0.511987	0.36205	0.457961	0.485724	0.362032	0	0	0	0.161911	0.511987	0.362032	0	0	0	0.161911	0.36205	0.485724	0.362032	0	0	0.362032	0.511987	0.161911	0	0	0	0	0	0	0	0	0	0	0	0	0	0	0.161911	0.36205	0.457961	0.457961	0.457961	0.457961	0.457961	0.457961	0.457961	0.457961	0.457961	0.485724	0.362032	0	0	0	0.362032	0.485724	0.457961	0.457961	0.457961	0.457961	0.36205	0.161911	0	0	0	0	0	0	0	0	0	0	0	0	0	0	0.161911	0.36205	0.457961	0.485724	0.362032	0	0	0	0	0	0	0	0	0	0.161911	0.36205	0.457961	0.457961	0.457961	0.583779	0.80953	0.915863	0.871874	0.66756	0.583779	0.80953	0.915863	0.871874	0.825545	0.80953	0.915863	0.871874	0.66756	0.583779	0.80953	0.871874	0.825545	0.984785	1.02393	1.02393	1.02393	0.915863	1.02393	1.02393	0.915863	1.02393	1.02393	0.915863	1.02393	1.13324	0.66756	0.583779	0.80953	0.871874	0.825545	0.80953	0.871874	0.825545	0.80953	0.915863	0.871874	0.66756	0.583779	0.80953	0.915863	0.871874	0.66756	0.457961	0.457961	0.457961	0.457961	0.457961	0.583779	0.80953	0.871874	0.66756	0.457961	0.457961	0.457961	0.457961	0.457961	0.457961	0.457961	0.457961	0.457961	0.64762	0.64762	0.457961	0.457961	0.457961	0.64762	0.64762	0.457961	0.457961	0.457961	0.583779	0.80953	0.871874	0.66756	0.583779	0.80953
0	0	0.457888	0.457888	0	0	0	0.457888	0.457888	0	0	0	0	0	0	0	0	0	0.457888	0.457888	0	0	0	0.457888	0.457888	0	0	0.457888	0.457888	0	0	0	0	0	0.457888	0.457888	0.457888	0.457888	0	0.457888	0.457888	0	0	0.457888	0.457888	0.457888	0.457888	0.457888	0.457888	0	0.457888	0.457888	0	0.457888	0.457888	0	0.457888	0.457888	0	0	0	0.457888	0.457888	0	0.457888	0.457888	0.457888	0.457888	0	0	0.457888	0.457888	0	0	0.457888	0.457888	0	0	0	0.457888	0.457888	0	0	0.457888	0.457888	0	0	0	0	0.457888	0.457888	0	0	0	0	0	0.457888	0.457888	0	0	0.457888	0.457888	0	0	0	0	0	0	0	0	0	0	0	0	0	0	0	0	0	0	0	0	0	0	0	0	0	0	0.457888	0.457888	0	0	0	0.457888	0.457888	0	0	0	0	0	0	0	0	0	0	0	0	0	0	0	0	0	0	0	0	0	0	0	0.457888	0.457888	0	0	0	0	0	0	0	0	0	0	0	0	0	0	0	0	0	0.457888	0.457888	0	0	0	0.457888	0.457888	0	0	0.457888	0.457888	0	0	0.457888	0.457888	0.457888	0.457888	0.457888	0.457888	0	0.457888	0.457888	0	0.457888	0.457888	0	0.457888	0.915717	0.457888	0	0	0.457888	0.457888	0	0.457888	0.457888	0	0	0.457888	0.457888	0	0	0	0.457888	0.457888	0	0	0	0	0	0	0	0.457888	0.457888	0	0	0	0	0	0	0	0	0	0.457888	0.457888	0	0	0	0.457888	0.457888	0	0	0	0	0	0.457888	0.457888	0	0
0	0	0.457844	0.457844	0	0	0	0.457844	0.457844	0	0	0	0	0	0	0	0	0	0.457844	0.457844	0	0	0	0.457844	0.457844	0	0	0.457844	0.457844	0	0	0	0	0	0.457844	0.457844	0.457844	0.457844	0	0.457844	0.457844	0	0	0.457844	0.457844	0.457844	0.457844	0.457844	0.457844	0	0.457844	0.457844	0	0.457844	0.457844	0	0.457844	0.457844	0	0	0	0.457844	0.457844	0	0.457844	0.457844	0.457844	0.457844	0	0	0.457844	0.457844	0	0	0.457844	0.457844	0	0	0	0.457844	0.457844	0	0	0.457844	0.457844	0	0	0	0	0.457844	0.457844	0	0	0	0	0	0.457844	0.457844	0	0	0.457844	0.457844	0	0	0	0	0	0	0	0	0	0	0	0	0	0	0	0	0	0	0	0	0	0	0	0	0	0	0.457844	0.457844	0	0	0	0.457844	0.457844	0	0	0	0	0	0	0	0	0	0	0	0	0	0	0	0	0	0	0	0	0	0	0	0.457844	0.457844	0	0	0	0	0	0	0	0	0	0	0	0	0	0	0	0	0	0.457844	0.457844	0	0	0	0.457844	0.457844	0	0	0.457844	0.457844	0	0	0.457844	0.457844	0.457844	0.457844	0.457844	0.457844	0	0.457844	0.457844	0	0.457844	0.457844	0	0.457844	0.915629	0.457844	0	0	0.457844	0.457844	0	0.457844	0.457844	0	0	0.457844	0.457844	0	0	0	0.457844	0.457844	0	0	0	0	0	0	0	0.457844	0.457844	0	0	0	0	0	0	0	0	0	0.457844	0.457844	0	0	0	0.457844	0.457844	0	0	0	0	0	0.457844	0.457844	0	0
0	0	0.4578	0.4578	0	0	0	0.4578	0.4578	0	0	0	0	0	0	0	0	0	0.4578	0.4578	0	0	0	0.4578	0.4578	0	0	0.4578	0.4578	0	0	0	0	0	0.4578	0.4578	0.4578	0.4578	0	0.4578	0.4578	0	0	0.4578	0.4578	0.4578	0.4578	0.4578	0.4578	0	0.4578	0.4578	0	0.4578	0.4578	0	0.4578	0.4578	0	0	0	0.4578	0.4578	0	0.4578	0.4578	0.4578	0.4578	0	0	0.4578	0.4578	0	0	0.4578	0.4578	0	0	0	0.4578	0.4578	0	0	0.4578	0.4578	0	0	0	0	0.4578	0.4578	0	0	0	0	0	0.4578	0.4578	0	0	0.4578	0.4578	0	0	0	0	0	0	0	0	0	0	0	0	0	0	0	0	0	0	0	0	0	0	0	0	0	0	0.4578	0.4578	0	0	0	0.4578	0.4578	0	0	0	0	0	0	0	0	0	0	0	0	0	0	0	0	0	0	0	0	0	0	0	0.4578	0.4578	0	0	0	0	0	0	0	0	0	0	0	0	0	0	0	0	0	0.4578	0.4578	0	0	0	0.4578	0.4578	0	0	0.4578	0.4578	0	0	0.4578	0.4578	0.4578	0.4578	0.4578	0.4578	0	0.4578	0.4578	0	0.4578	0.4578	0	0.4578	0.915541	0.4578	0	0	0.4578	0.4578	0	0.4578	0.4578	0	0	0.4578	0.4578	0	0	0	0.4578	0.4578	0	0	0	0	0	0	0	0.4578	0.4578	0	0	0	0	0	0	0	0	0	0.4578	0.4578	0	0	0	0.4578	0.4578	0	0	0	0	0	0.4578	0.4578	0	0
0	0	0.457756	0.457756	0	0	0	0.457756	0.457756	0	0	0	0	0	0	0	0	0	0.457756	0.457756	0	0	0	0.457756	0.457756	0	0	0.457756	0.457756	0	0	0	0	0	0.457756	0.457756	0.457756	0.457756	0	0.457756	0.457756	0	0	0.457756	0.457756	0.457756	0.457756	0.457756	0.457756	0	0.457756	0.457756	0	0.457756	0.457756	0	0.457756	0.457756	0	0	0	0.457756	0.457756	0	0.457756	0.457756	0.457756	0.457756	0	0	0.457756	0.457756	0	0	0.457756	0.457756	0	0	0	0.457756	0.457756	0	0	0.457756	0.457756	0	0	0	0	0.457756	0.457756	0	0	0	0	0	0.457756	0.457756	0	0	0.457756	0.457756	0	0	0	0	0	0	0	0	0	0	0	0	0	0	0	0	0	0	0	0	0	0	0	0	0	0	0.457756	0.457756	0	0	0	0.457756	0.457756	0	0	0	0	0	0	0	0	0	0	0	0	0	0	0	0	0	0	0	0	0	0	0	0.457756	0.457756	0	0	0	0	0	0	0	0	0	0	0	0	0	0	0	0	0	0.457756	0.457756	0	0	0	0.457756	0.457756	0	0	0.457756	0.457756	0	0	0.457756	0.457756	0.457756	0.457756	0.457756	0.457756	0	0.457756	0.457756	0	0.457756	0.457756	0	0.457756	0.915453	0.457756	0	0	0.457756	0.457756	0	0.457756	0.457756	0	0	0.457756	0.457756	0	0	0	0.457756	0.457756	0	0	0	0	0	0	0	0.457756	0.457756	0	0	0	0	0	0	0	0	0	0.457756	0.457756	0	0	0	0.457756	0.457756	0	0	0	0	0	0.457756	0.457756	0	0
0	0	0.457712	0.457712	0	0	0	0.457712	0.457712	0	0	0	0	0	0	0	0	0	0.457712	0.457712	0	0	0	0.457712	0.457712	0	0	0.457712	0.457712	0	0	0	0	0	0.457712	0.457712	0.457712	0.457712	0	0.457712	0.457712	0	0	0.457712	0.457712	0.457712	0.457712	0.457712	0.457712	0	0.457712	0.457712	0	0.457712	0.457712	0	0.457712	0.457712	0	0	0	0.457712	0.457712	0	0.457712	0.457712	0.457712	0.457712	0	0	0.457712	0.457712	0	0	0.457712	0.457712	0	0	0	0.457712	0.457712	0	0	0.457712	0.457712	0	0	0	0	0.457712	0.457712	0	0	0	0	0	0.457712	0.457712	0	0	0.457712	0.457712	0	0	0	0	0	0	0	0	0	0	0	0	0	0	0	0	0	0	0	0	0	0	0	0	0	0	0.457712	0.457712	0	0	0	0.457712	0.457712	0	0	0	0	0	0	0	0	0	0	0	0	0	0	0	0	0	0	0	0	0	0	0	0.457712	0.457712	0	0	0	0	0	0	0	0	0	0	0	0	0	0	0	0	0	0.457712	0.457712	0	0	0	0.457712	0.457712	0	0	0.457712	0.457712	0	0	0.457712	0.457712	0.457712	0.457712	0.457712	0.457712	0	0.457712	0.457712	0	0.457712	0.457712	0	0.457712	0.915366	0.457712	0	0	0.457712	0.457712	0	0.457712	0.457712	0	0	0.457712	0.457712	0	0	0	0.457712	0.457712	0	0	0	0	0	0	0	0.457712	0.457712	0	0	0	0	0	0	0	0	0	0.457712	0.457712	0	0	0	0.457712	0.457712	0	0	0	0	0	0.457712	0.457712	0	0
0.457697	0.457697	0.667176	0.871373	0.809065	0.583443	0.457697	0.667176	0.871373	0.915336	0.915336	0.915336	0.915336	0.915336	0.915336	0.915336	0.809065	0.583443	0.667176	0.871373	0.915336	0.915336	0.915336	1.02334	1.02334	0.915336	0.915336	1.08541	1.30443	1.26368	1.03606	0.915336	0.915336	0.915336	1.02334	1.02334	1.08541	1.30443	1.26368	1.23221	1.30443	1.26368	1.03606	1.08541	1.23221	1.23221	1.30443	1.44708	1.44708	1.37286	1.44708	1.44708	1.26368	1.23221	1.23221	1.03606	1.02334	1.02334	0.915336	0.809065	0.583443	0.667176	0.871373	0.915336	1.02334	1.02334	1.02334	1.02334	0.915336	0.915336	1.02334	1.02334	0.915336	0.809065	0.82507	0.82507	0.583443	0.457697	0.457697	0.667176	0.871373	0.915336	0.809065	0.82507	0.871373	0.809065	0.583443	0.457697	0.361842	0.511692	0.485445	0.457697	0.361842	0.161818	0	0	0.361824	0.511692	0.161818	0	0.457668	0.457668	0	0	0	0	0	0.161818	0.361842	0.457697	0.457697	0.457697	0.457697	0.457697	0.361842	0.161818	0	0	0	0	0	0	0	0	0	0	0	0	0.361824	0.485445	0.457697	0.457697	0.457697	0.485445	0.361824	0	0	0.161818	0.361842	0.457697	0.457697	0.457697	0.457697	0.457697	0.361842	0.161818	0	0	0	0	0	0	0	0	0	0	0	0	0.361824	0.511692	0.161818	0	0	0	0	0	0	0	0	0	0	0	0	0	0	0	0	0.361824	0.485445	0.457697	0.457697	0.457697	0.647247	0.647247	0.457697	0.457697	0.647247	0.647247	0.457697	0.457697	0.647247	0.647247	0.667176	0.871373	1.02334	1.02334	0.915336	1.02334	1.02334	0.809065	0.82507	0.82507	0.583443	0.667176	1.13258	1.02334	0.915336	0.915336	1.02334	0.984218	0.583443	0.667176	0.871373	0.809065	0.583443	0.667176	0.871373	0.809065	0.583443	0.457697	0.667176	0.871373	0.809065	0.583443	0.457697	0.457697	0.457697	0.457697	0.457697	0.667176	0.871373	0.915336	0.809065	0.583443	0.457697	0.457697	0.457697	0.457697	0.457697	0.457697	0.667176	0.82507	0.583443	0.457697	0.457697	0.647247	0.647247	0.457697	0.457697	0.457697	0.457697	0.457697	0.667176	0.871373	0.809065	0.583443
0.457654	0.457654	0.583387	0.808987	0.871289	0.667112	0.457654	0.583387	0.808987	0.915249	0.915249	0.915249	0.915249	0.915249	0.915249	0.915249	0.871289	0.667112	0.583387	0.808987	0.915249	0.915249	0.915249	1.02324	1.02324	0.915249	0.915249	1.03597	1.26356	1.30431	1.08531	0.915249	0.915249	0.915249	1.02324	1.02324	1.03597	1.26356	1.30431	1.2321	1.26356	1.30431	1.08531	1.03597	1.2321	1.2321	1.26356	1.44694	1.44694	1.37273	1.44694	1.44694	1.30431	1.2321	1.2321	1.08531	1.02324	1.02324	0.915249	0.871289	0.667112	0.583387	0.808987	0.915249	1.02324	1.02324	1.02324	1.02324	0.915249	0.915249	1.02324	1.02324	0.915249	0.871289	0.824991	0.824991	0.667112	0.457654	0.457654	0.583387	0.808987	0.915249	0.871289	0.824991	0.808987	0.871289	0.667112	0.457654	0.485398	0.511643	0.361807	0.457654	0.485398	0.361789	0	0	0.161803	0.511643	0.361789	0	0.457624	0.457624	0	0	0	0	0	0.361789	0.485398	0.457654	0.457654	0.457654	0.457654	0.457654	0.485398	0.361789	0	0	0	0	0	0	0	0	0	0	0	0	0.161803	0.361807	0.457654	0.457654	0.457654	0.361807	0.161803	0	0	0.361789	0.485398	0.457654	0.457654	0.457654	0.457654	0.457654	0.485398	0.361789	0	0	0	0	0	0	0	0	0	0	0	0	0.161803	0.511643	0.361789	0	0	0	0	0	0	0	0	0	0	0	0	0	0	0	0	0.161803	0.361807	0.457654	0.457654	0.457654	0.647185	0.647185	0.457654	0.457654	0.647185	0.647185	0.457654	0.457654	0.647185	0.647185	0.583387	0.808987	1.02324	1.02324	0.915249	1.02324	1.02324	0.871289	0.824991	0.824991	0.667112	0.583387	0.984124	1.02324	0.915249	0.915249	1.02324	1.13248	0.667112	0.583387	0.808987	0.871289	0.667112	0.583387	0.808987	0.871289	0.667112	0.457654	0.583387	0.808987	0.871289	0.667112	0.457654	0.457654	0.457654	0.457654	0.457654	0.583387	0.808987	0.915249	0.871289	0.667112	0.457654	0.457654	0.457654	0.457654	0.457654	0.457654	0.583387	0.824991	0.667112	0.457654	0.457654	0.647185	0.647185	0.457654	0.457654	0.457654	0.457654	0.457654	0.583387	0.808987	0.871289	0.667112
0	0	0	0	0.45758	0.45758	0	0	0	0	0	0	0	0	0	0	0.45758	0.45758	0	0	0	0	0	0.45758	0.45758	0	0	0	0	0.45758	0.45758	0	0	0	0.45758	0.45758	0	0	0.45758	0.45758	0	0.45758	0.45758	0	0.45758	0.45758	0	0.45758	0.45758	0	0.45758	0.45758	0.45758	0.45758	0.45758	0.45758	0.45758	0.45758	0	0.45758	0.45758	0	0	0	0.45758	0.45758	0.45758	0.45758	0	0	0.45758	0.45758	0	0.45758	0.45758	0.45758	0.45758	0	0	0	0	0	0.45758	0.45758	0	0.45758	0.45758	0	0.45758	0.45758	0	0	0.45758	0.45758	0	0	0	0.45758	0.45758	0	0.45758	0.45758	0	0	0	0	0	0.45758	0.45758	0	0	0	0	0	0.45758	0.45758	0	0	0	0	0	0	0	0	0	0	0	0	0	0	0	0	0	0	0	0	0	0.45758	0.45758	0	0	0	0	0	0.45758	0.45758	0	0	0	0	0	0	0	0	0	0	0	0	0	0.45758	0.45758	0	0	0	0	0	0	0	0	0	0	0	0	0	0	0	0	0	0	0	0	0	0.45758	0.45758	0	0	0.45758	0.45758	0	0	0.45758	0.45758	0	0	0.45758	0.45758	0	0.45758	0.45758	0.45758	0.45758	0.45758	0.45758	0	0.45758	0.45758	0	0	0.45758	0.915103	0.45758	0	0	0.45758	0.45758	0	0	0.45758	0.45758	0	0	0	0.45758	0.45758	0	0	0	0	0	0	0	0	0.45758	0.45758	0	0	0	0	0	0	0	0.45758	0.45758	0	0	0.45758	0.45758	0	0	0	0	0	0	0	0.45758	0.45758
0	0	0	0	0.457537	0.457537	0	0	0	0	0	0	0	0	0	0	0.457537	0.457537	0	0	0	0	0	0.457537	0.457537	0	0	0	0	0.457537	0.457537	0	0	0	0.457537	0.457537	0	0	0.457537	0.457537	0	0.457537	0.457537	0	0.457537	0.457537	0	0.457537	0.457537	0	0.457537	0.457537	0.457537	0.457537	0.457537	0.457537	0.457537	0.457537	0	0.457537	0.457537	0	0	0	0.457537	0.457537	0.457537	0.457537	0	0	0.457537	0.457537	0	0.457537	0.457537	0.457537	0.457537	0	0	0	0	0	0.457537	0.457537	0	0.457537	0.457537	0	0.457537	0.457537	0	0	0.457537	0.457537	0	0	0	0.457537	0.457537	0	0.457537	0.457537	0	0	0	0	0	0.457537	0.457537	0	0	0	0	0	0.457537	0.457537	0	0	0	0	0	0	0	0	0	0	0	0	0	0	0	0	0	0	0	0	0	0.457537	0.457537	0	0	0	0	0	0.457537	0.457537	0	0	0	0	0	0	0	0	0	0	0	0	0	0.457537	0.457537	0	0	0	0	0	0	0	0	0	0	0	0	0	0	0	0	0	0	0	0	0	0.457537	0.457537	0	0	0.457537	0.457537	0	0	0.457537	0.457537	0	0	0.457537	0.457537	0	0.457537	0.457537	0.457537	0.457537	0.457537	0.457537	0	0.457537	0.457537	0	0	0.457537	0.915015	0.457537	0	0	0.457537	0.457537	0	0	0.457537	0.457537	0	0	0	0.457537	0.457537	0	0	0	0	0	0	0	0	0.457537	0.457537	0	0	0	0	0	0	0	0.457537	0.457537	0	0	0.457537	0.457537	0	0	0	0	0	0	0	0.457537	0.457537
0	0	0	0	0.457493	0.457493	0	0	0	0	0	0	0	0	0	0	0.457493	0.457493	0	0	0	0	0	0.457493	0.457493	0	0	0	0	0.457493	0.457493	0	0	0	0.457493	0.457493	0	0	0.457493	0.457493	0	0.457493	0.457493	0	0.457493	0.457493	0	0.457493	0.457493	0	0.457493	0.457493	0.457493	0.457493	0.457493	0.457493	0.457493	0.457493	0	0.457493	0.457493	0	0	0	0.457493	0.457493	0.457493	0.457493	0	0	0.457493	0.457493	0	0.457493	0.457493	0.457493	0.457493	0	0	0	0	0	0.457493	0.457493	0	0.457493	0.457493	0	0.457493	0.457493	0	0	0.457493	0.457493	0	0	0	0.457493	0.457493	0	0.457493	0.457493	0	0	0	0	0	0.457493	0.457493	0	0	0	0	0	0.457493	0.457493	0	0	0	0	0	0	0	0	0	0	0	0	0	0	0	0	0	0	0	0	0	0.457493	0.457493	0	0	0	0	0	0.457493	0.457493	0	0	0	0	0	0	0	0	0	0	0	0	0	0.457493	0.457493	0	0	0	0	0	0	0	0	0	0	0	0	0	0	0	0	0	0	0	0	0	0.457493	0.457493	0	0	0.457493	0.457493	0	0	0.457493	0.457493	0	0	0.457493	0.457493	0	0.457493	0.457493	0.457493	0.457493	0.457493	0.457493	0	0.457493	0.457493	0	0	0.457493	0.914927	0.457493	0	0	0.457493	0.457493	0	0	0.457493	0.457493	0	0	0	0.457493	0.457493	0	0	0	0	0	0	0	0	0.457493	0.457493	0	0	0	0	0	0	0	0.457493	0.457493	0	0	0.457493	0.457493	0	0	0	0	0	0	0	0.457493	0.457493
0	0	0	0	0.457449	0.457449	0	0	0	0	0	0	0	0	0	0	0.457449	0.457449	0	0	0	0	0	0.457449	0.457449	0	0	0	0	0.457449	0.457449	0	0	0	0.457449	0.457449	0	0	0.457449	0.457449	0	0.457449	0.457449	0	0.457449	0.457449	0	0.457449	0.457449	0	0.457449	0.457449	0.457449	0.457449	0.457449	0.457449	0.457449	0.457449	0	0.457449	0.457449	0	0	0	0.457449	0.457449	0.457449	0.457449	0	0	0.457449	0.457449	0	0.457449	0.457449	0.457449	0.457449	0	0	0	0	0	0.457449	0.457449	0	0.457449	0.457449	0	0.457449	0.457449	0	0	0.457449	0.457449	0	0	0	0.457449	0.457449	0	0.457449	0.457449	0	0	0	0	0	0.457449	0.457449	0	0	0	0	0	0.457449	0.457449	0	0	0	0	0	0	0	0	0	0	0	0	0	0	0	0	0	0	0	0	0	0.457449	0.457449	0	0	0	0	0	0.457449	0.457449	0	0	0	0	0	0	0	0	0	0	0	0	0	0.457449	0.457449	0	0	0	0	0	0	0	0	0	0	0	0	0	0	0	0	0	0	0	0	0	0.457449	0.457449	0	0	0.457449	0.457449	0	0	0.457449	0.457449	0	0	0.457449	0.457449	0	0.457449	0.457449	0.457449	0.457449	0.457449	0.457449	0	0.457449	0.457449	0	0	0.457449	0.91484	0.457449	0	0	0.457449	0.457449	0	0	0.457449	0.457449	0	0	0	0.457449	0.457449	0	0	0	0	0	0	0	0	0.457449	0.457449	0	0	0	0	0	0	0	0.457449	0.457449	0	0	0.457449	0.457449	0	0	0	0	0	0	0	0.457449	0.457449
0.457434	0.457434	0.457434	0.457434	0.646875	0.646875	0.457434	0.457434	0.457434	0.457434	0.457434	0.457434	0.457434	0.457434	0.457434	0.457434	0.666792	0.870872	0.91481	0.91481	0.91481	0.8086	0.583107	0.666792	0.870872	0.91481	0.91481	0.8086	0.583107	0.666792	0.870872	0.91481	0.8086	0.583107	0.666792	0.870872	0.91481	0.91481	1.02275	1.02275	0.91481	1.02275	1.02275	0.91481	1.02275	1.02275	0.91481	1.08479	1.23151	1.03547	1.08479	1.30369	1.44625	1.44625	1.44625	1.44625	1.44625	1.44625	1.37207	1.44625	1.44625	1.37207	1.26295	1.03547	1.02275	1.02275	1.02275	1.02275	0.91481	0.91481	1.02275	1.02275	0.91481	1.02275	1.02275	1.02275	1.02275	0.91481	0.91481	0.8086	0.583107	0.457434	0.646875	0.646875	0.457434	0.646875	0.646875	0.457434	0.646875	0.646875	0.457434	0.457434	0.646875	0.646875	0.457434	0.457434	0.361634	0.583073	0.457405	0	0.361616	0.511398	0.161725	0	0	0	0	0.361616	0.485166	0.457434	0.457434	0.457434	0.457434	0.457434	0.485166	0.361616	0	0	0	0	0	0	0	0	0	0	0.161725	0.361634	0.457434	0.457434	0.457434	0.457434	0.457434	0.457434	0.457434	0.457434	0.457434	0.485166	0.361616	0	0	0	0	0	0.361616	0.485166	0.457434	0.361634	0.161725	0	0	0	0	0	0	0	0	0	0.161725	0.511398	0.361616	0	0	0	0	0	0	0	0	0	0	0	0	0	0	0	0	0	0	0	0	0	0.361616	0.485166	0.457434	0.361634	0.511398	0.485166	0.457434	0.457434	0.666792	0.824596	0.583107	0.457434	0.646875	0.646875	0.457434	0.646875	0.646875	0.666792	0.824596	0.808575	0.646875	0.457434	0.646875	0.646875	0.457434	0.457434	0.646875	0.983632	0.870872	0.8086	0.583107	0.666792	0.870872	0.8086	0.583107	0.666792	0.870872	0.91481	0.8086	0.583107	0.666792	0.870872	0.8086	0.583107	0.457434	0.457434	0.457434	0.457434	0.457434	0.361634	0.511398	0.485166	0.457434	0.457434	0.361634	0.161725	0	0	0	0.361616	0.485166	0.457434	0.457434	0.666792	0.870872	0.8086	0.583107	0.457434	0.457434	0.457434	0.457434	0.457434	0.666792	0.870872
0.45739	0.45739	0.45739	0.45739	0.646813	0.646813	0.45739	0.45739	0.45739	0.45739	0.45739	0.45739	0.45739	0.45739	0.45739	0.45739	0.583052	0.808522	0.914723	0.914723	0.914723	0.870788	0.666728	0.583052	0.808522	0.914723	0.914723	0.870788	0.666728	0.583052	0.808522	0.914723	0.870788	0.666728	0.583052	0.808522	0.914723	0.914723	1.02266	1.02266	0.914723	1.02266	1.02266	0.914723	1.02266	1.02266	0.914723	1.03537	1.23139	1.08468	1.03537	1.26283	1.44611	1.44611	1.44611	1.44611	1.44611	1.44611	1.37194	1.44611	1.44611	1.37194	1.30356	1.08468	1.02266	1.02266	1.02266	1.02266	0.914723	0.914723	1.02266	1.02266	0.914723	1.02266	1.02266	1.02266	1.02266	0.914723	0.914723	0.870788	0.666728	0.45739	0.646813	0.646813	0.45739	0.646813	0.646813	0.45739	0.646813	0.646813	0.45739	0.45739	0.646813	0.646813	0.45739	0.45739	0.485119	0.808473	0.457361	0	0.16171	0.511349	0.361581	0	0	0	0	0.16171	0.3616	0.45739	0.45739	0.45739	0.45739	0.45739	0.3616	0.16171	0	0	0	0	0	0	0	0	0	0	0.361581	0.485119	0.45739	0.45739	0.45739	0.45739	0.45739	0.45739	0.45739	0.45739	0.45739	0.3616	0.16171	0	0	0	0	0	0.16171	0.3616	0.45739	0.485119	0.361581	0	0	0	0	0	0	0	0	0	0.361581	0.511349	0.16171	0	0	0	0	0	0	0	0	0	0	0	0	0	0	0	0	0	0	0	0	0	0.16171	0.3616	0.45739	0.485119	0.511349	0.3616	0.45739	0.45739	0.583052	0.824517	0.666728	0.45739	0.646813	0.646813	0.45739	0.646813	0.646813	0.583052	0.824517	0.983538	0.646813	0.45739	0.646813	0.646813	0.45739	0.45739	0.646813	0.808497	0.808522	0.870788	0.666728	0.583052	0.808522	0.870788	0.666728	0.583052	0.808522	0.914723	0.870788	0.666728	0.583052	0.808522	0.870788	0.666728	0.45739	0.45739	0.45739	0.45739	0.45739	0.485119	0.511349	0.3616	0.45739	0.45739	0.485119	0.361581	0	0	0	0.16171	0.3616	0.45739	0.45739	0.583052	0.808522	0.870788	0.666728	0.45739	0.45739	0.45739	0.45739	0.45739	0.583052	0.808522
0	0	0	0	0.457317	0.457317	0	0	0	0	0	0	0	0	0	0	0	0	0	0	0	0.457317	0.457317	0	0	0	0	0.457317	0.457317	0	0	0	0.457317	0.457317	0	0	0	0	0.457317	0.457317	0	0.457317	0.457317	0	0.457317	0.457317	0	0	0.457317	0.457317	0	0	0.457317	0.457317	0.457317	0.457317	0.457317	0.457317	0	0.457317	0.457317	0	0.457317	0.457317	0.457317	0.457317	0.457317	0.457317	0	0	0.457317	0.457317	0	0.457317	0.457317	0.457317	0.457317	0	0	0.457317	0.457317	0	0.457317	0.457317	0	0.457317	0.457317	0	0.457317	0.457317	0	0	0.457317	0.457317	0	0	0.457317	0.914577	0.457317	0	0	0.457317	0.457317	0	0	0	0	0	0	0	0	0	0	0	0	0	0	0	0	0	0	0	0	0	0	0	0.457317	0.457317	0	0	0	0	0	0	0	0	0	0	0	0	0	0	0	0	0	0	0	0.457317	0.457317	0	0	0	0	0	0	0	0	0	0.457317	0.457317	0	0	0	0	0	0	0	0	0	0	0	0	0	0	0	0	0	0	0	0	0	0	0	0	0	0.457317	0.457317	0	0	0	0	0.457317	0.457317	0	0.457317	0.457317	0	0.457317	0.457317	0	0.457317	0.914577	0.457317	0	0.457317	0.457317	0	0	0.457317	0.457317	0	0.457317	0.457317	0	0	0.457317	0.457317	0	0	0	0.457317	0.457317	0	0	0.457317	0.457317	0	0	0	0	0	0.457317	0.457317	0	0	0	0.457317	0.457317	0	0	0	0	0	0	0	0	0	0.457317	0.457317	0	0	0	0	0	0	0
0	0	0	0	0.457274	0.457274	0	0	0	0	0	0	0	0	0	0	0	0	0	0	0	0.457274	0.457274	0	0	0	0	0.457274	0.457274	0	0	0	0.457274	0.457274	0	0	0	0	0.457274	0.457274	0	0.457274	0.457274	0	0.457274	0.457274	0	0	0.457274	0.457274	0	0	0.457274	0.457274	0.457274	0.457274	0.457274	0.457274	0	0.457274	0.457274	0	0.457274	0.457274	0.457274	0.457274	0.457274	0.457274	0	0	0.457274	0.457274	0	0.457274	0.457274	0.457274	0.457274	0	0	0.457274	0.457274	0	0.457274	0.457274	0	0.457274	0.457274	0	0.457274	0.457274	0	0	0.457274	0.457274	0	0	0.457274	0.914489	0.457274	0	0	0.457274	0.457274	0	0	0	0	0	0	0	0	0	0	0	0	0	0	0	0	0	0	0	0	0	0	0	0.457274	0.457274	0	0	0	0	0	0	0	0	0	0	0	0	0	0	0	0	0	0	0	0.457274	0.457274	0	0	0	0	0	0	0	0	0	0.457274	0.457274	0	0	0	0	0	0	0	0	0	0	0	0	0	0	0	0	0	0	0	0	0	0	0	0	0	0.457274	0.457274	0	0	0	0	0.457274	0.457274	0	0.457274	0.457274	0	0.457274	0.457274	0	0.457274	0.914489	0.457274	0	0.457274	0.457274	0	0	0.457274	0.457274	0	0.457274	0.457274	0	0	0.457274	0.457274	0	0	0	0.457274	0.457274	0	0	0.457274	0.457274	0	0	0	0	0	0.457274	0.457274	0	0	0	0.457274	0.457274	0	0	0	0	0	0	0	0	0	0.457274	0.457274	0	0	0	0	0	0	0
0	0	0	0	0.45723	0.45723	0	0	0	0	0	0	0	0	0	0	0	0	0	0	0	0.45723	0.45723	0	0	0	0	0.45723	0.45723	0	0	0	0.45723	0.45723	0	0	0	0	0.45723	0.45723	0	0.45723	0.45723	0	0.45723	0.45723	0	0	0.45723	0.45723	0	0	0.45723	0.45723	0.45723	0.45723	0.45723	0.45723	0	0.45723	0.45723	0	0.45723	0.45723	0.45723	0.45723	0.45723	0.45723	0	0	0.45723	0.45723	0	0.45723	0.45723	0.45723	0.45723	0	0	0.45723	0.45723	0	0.45723	0.45723	0	0.45723	0.45723	0	0.45723	0.45723	0	0	0.45723	0.45723	0	0	0.45723	0.914402	0.45723	0	0	0.45723	0.45723	0	0	0	0	0	0	0	0	0	0	0	0	0	0	0	0	0	0	0	0	0	0	0	0.45723	0.45723	0	0	0	0	0	0	0	0	0	0	0	0	0	0	0	0	0	0	0	0.45723	0.45723	0	0	0	0	0	0	0	0	0	0.45723	0.45723	0	0	0	0	0	0	0	0	0	0	0	0	0	0	0	0	0	0	0	0	0	0	0	0	0	0.45723	0.45723	0	0	0	0	0.45723	0.45723	0	0.45723	0.45723	0	0.45723	0.45723	0	0.45723	0.914402	0.45723	0	0.45723	0.45723	0	0	0.45723	0.45723	0	0.45723	0.45723	0	0	0.45723	0.45723	0	0	0	0.45723	0.45723	0	0	0.45723	0.45723	0	0	0	0	0	0.45723	0.45723	0	0	0	0.45723	0.45723	0	0	0	0	0	0	0	0	0	0.45723	0.45723	0	0	0	0	0	0	0
0	0	0	0	0.457186	0.457186	0	0	0	0	0	0	0	0	0	0	0	0	0	0	0	0.457186	0.457186	0	0	0	0	0.457186	0.457186	0	0	0	0.457186	0.457186	0	0	0	0	0.457186	0.457186	0	0.457186	0.457186	0	0.457186	0.457186	0	0	0.457186	0.457186	0	0	0.457186	0.457186	0.457186	0.457186	0.457186	0.457186	0	0.457186	0.457186	0	0.457186	0.457186	0.457186	0.457186	0.457186	0.457186	0	0	0.457186	0.457186	0	0.457186	0.457186	0.457186	0.457186	0	0	0.457186	0.457186	0	0.457186	0.457186	0	0.457186	0.457186	0	0.457186	0.457186	0	0	0.457186	0.457186	0	0	0.457186	0.914314	0.457186	0	0	0.457186	0.457186	0	0	0	0	0	0	0	0	0	0	0	0	0	0	0	0	0	0	0	0	0	0	0	0.457186	0.457186	0	0	0	0	0	0	0	0	0	0	0	0	0	0	0	0	0	0	0	0.457186	0.457186	0	0	0	0	0	0	0	0	0	0.457186	0.457186	0	0	0	0	0	0	0	0	0	0	0	0	0	0	0	0	0	0	0	0	0	0	0	0	0	0.457186	0.457186	0	0	0	0	0.457186	0.457186	0	0.457186	0.457186	0	0.457186	0.457186	0	0.457186	0.914314	0.457186	0	0.457186	0.457186	0	0	0.457186	0.457186	0	0.457186	0.457186	0	0	0.457186	0.457186	0	0	0	0.457186	0.457186	0	0	0.457186	0.457186	0	0	0	0	0	0.457186	0.457186	0	0	0	0.457186	0.457186	0	0	0	0	0	0	0	0	0	0.457186	0.457186	0	0	0	0	0	0	0
0	0	0	0	0.457142	0.457142	0	0	0	0	0	0	0	0	0	0	0	0	0	0	0	0.457142	0.457142	0	0	0	0	0.457142	0.457142	0	0	0	0.457142	0.457142	0	0	0	0	0.457142	0.457142	0	0.457142	0.457142	0	0.457142	0.457142	0	0	0.457142	0.457142	0	0	0.457142	0.457142	0.457142	0.457142	0.457142	0.457142	0	0.457142	0.457142	0	0.457142	0.457142	0.457142	0.457142	0.457142	0.457142	0	0	0.457142	0.457142	0	0.457142	0.457142	0.457142	0.457142	0	0	0.457142	0.457142	0	0.457142	0.457142	0	0.457142	0.457142	0	0.457142	0.457142	0	0	0.457142	0.457142	0	0	0.457142	0.914226	0.457142	0	0	0.457142	0.457142	0	0	0	0	0	0	0	0	0	0	0	0	0	0	0	0	0	0	0	0	0	0	0	0.457142	0.457142	0	0	0	0	0	0	0	0	0	0	0	0	0	0	0	0	0	0	0	0.457142	0.457142	0	0	0	0	0	0	0	0	0	0.457142	0.457142	0	0	0	0	0	0	0	0	0	0	0	0	0	0	0	0	0	0	0	0	0	0	0	0	0	0.457142	0.457142	0	0	0	0	0.457142	0.457142	0	0.457142	0.457142	0	0.457142	0.457142	0	0.457142	0.914226	0.457142	0	0.457142	0.457142	0	0	0.457142	0.457142	0	0.457142	0.457142	0	0	0.457142	0.457142	0	0	0	0.457142	0.457142	0	0	0.457142	0.457142	0	0	0	0	0	0.457142	0.457142	0	0	0	0.457142	0.457142	0	0	0	0	0	0	0	0	0	0.457142	0.457142	0	0	0	0	0	0	0
0.361397	0.161618	0	0	0.361374	0.484844	0.457135	0.457135	0.457135	0.457135	0.457135	0.457135	0.457135	0.361397	0.161618	0	0	0	0	0	0	0.361374	0.484844	0.457135	0.457135	0.457135	0.457135	0.666353	0.8703	0.808071	0.582726	0.457135	0.666353	0.8703	0.808071	0.582726	0.457135	0.457135	0.666353	0.824052	0.582726	0.666353	0.8703	0.914212	1.02208	1.02208	0.914212	0.914212	1.02208	1.02208	0.914212	0.914212	1.02208	1.02208	1.02208	1.02208	1.08408	1.2307	1.03479	1.08408	1.30283	1.26213	1.2307	1.30283	1.4453	1.38064	1.2307	1.30283	1.26213	1.03479	1.08408	1.2307	1.03479	1.08408	1.2307	1.2307	1.30283	1.26213	1.03479	1.02208	1.02208	0.914212	1.02208	0.983004	0.582726	0.666353	0.824052	0.582726	0.666353	0.824052	0.582726	0.457135	0.646447	0.646447	0.457135	0.457135	0.646447	1.02203	0.646447	0.457135	0.361397	0.511057	0.484844	0.457135	0.457135	0.457135	0.457135	0.457135	0.457135	0.457135	0.457135	0.457135	0.361397	0.161618	0	0	0	0	0	0	0	0	0	0.161618	0.361397	0.457135	0.484844	0.361374	0.161618	0.361397	0.457135	0.457135	0.457135	0.457135	0.457135	0.457135	0.457135	0.457135	0.457135	0.457135	0.457135	0.457135	0.361397	0.161618	0	0	0	0.361374	0.484844	0.457135	0.457135	0.457135	0.457135	0.457135	0.457135	0.457135	0.457135	0.457135	0.484844	0.361374	0	0	0	0	0	0	0	0	0	0	0	0	0	0	0	0	0	0	0	0	0	0	0	0	0	0.361374	0.484844	0.457135	0.361397	0.161618	0	0.361374	0.511057	0.161618	0.361374	0.484844	0.457135	0.646447	0.646447	0.457135	0.646447	0.982979	0.8703	0.808071	0.824052	0.8703	0.914212	0.914212	1.02208	1.02208	0.914212	1.02208	1.02208	0.808071	0.582726	0.666353	0.8703	0.808071	0.582726	0.457135	0.646447	0.646447	0.457135	0.457135	0.646447	0.646447	0.457135	0.457135	0.457135	0.457135	0.457135	0.666353	0.824052	0.582726	0.457135	0.457135	0.646447	0.646447	0.457135	0.457135	0.457135	0.457135	0.457135	0.457135	0.457135	0.457135	0.457135	0.666353	0.8703	0.808071	0.582726	0.457135	0.457135	0.457135	0.361397	0.161618
0.484798	0.361339	0	0	0.161603	0.361362	0.457091	0.457091	0.457091	0.457091	0.457091	0.457091	0.457091	0.484798	0.361339	0	0	0	0	0	0	0.161603	0.361362	0.457091	0.457091	0.457091	0.457091	0.58267	0.807993	0.870217	0.666289	0.457091	0.58267	0.807993	0.870217	0.666289	0.457091	0.457091	0.58267	0.823973	0.666289	0.58267	0.807993	0.914124	1.02198	1.02198	0.914124	0.914124	1.02198	1.02198	0.914124	0.914124	1.02198	1.02198	1.02198	1.02198	1.03469	1.23058	1.08397	1.03469	1.26201	1.30271	1.23058	1.26201	1.44516	1.4896	1.23058	1.26201	1.30271	1.08397	1.03469	1.23058	1.08397	1.03469	1.23058	1.23058	1.26201	1.30271	1.08397	1.02198	1.02198	0.914124	1.02198	1.13108	0.666289	0.58267	0.823973	0.666289	0.58267	0.823973	0.666289	0.457091	0.646385	0.646385	0.457091	0.457091	0.646385	1.02194	0.646385	0.457091	0.484798	0.511008	0.361362	0.457091	0.457091	0.457091	0.457091	0.457091	0.457091	0.457091	0.457091	0.457091	0.484798	0.361339	0	0	0	0	0	0	0	0	0	0.361339	0.484798	0.457091	0.361362	0.161603	0.361339	0.484798	0.457091	0.457091	0.457091	0.457091	0.457091	0.457091	0.457091	0.457091	0.457091	0.457091	0.457091	0.457091	0.484798	0.361339	0	0	0	0.161603	0.361362	0.457091	0.457091	0.457091	0.457091	0.457091	0.457091	0.457091	0.457091	0.457091	0.361362	0.161603	0	0	0	0	0	0	0	0	0	0	0	0	0	0	0	0	0	0	0	0	0	0	0	0	0	0.161603	0.361362	0.457091	0.484798	0.361339	0	0.161603	0.511008	0.361339	0.161603	0.361362	0.457091	0.646385	0.646385	0.457091	0.646385	0.807962	0.807993	0.870217	0.823973	0.807993	0.914124	0.914124	1.02198	1.02198	0.914124	1.02198	1.02198	0.870217	0.666289	0.58267	0.807993	0.870217	0.666289	0.457091	0.646385	0.646385	0.457091	0.457091	0.646385	0.646385	0.457091	0.457091	0.457091	0.457091	0.457091	0.58267	0.823973	0.666289	0.457091	0.457091	0.646385	0.646385	0.457091	0.457091	0.457091	0.457091	0.457091	0.457091	0.457091	0.457091	0.457091	0.58267	0.807993	0.870217	0.666289	0.457091	0.457091	0.457091	0.484798	0.361339
0.457011	0.457011	0	0	0	0	0	0	0	0	0	0	0	0.457011	0.457011	0	0	0	0	0	0	0	0	0	0	0	0	0	0	0.457011	0.457011	0	0	0	0.457011	0.457011	0	0	0	0.457011	0.457011	0	0	0	0.457011	0.457011	0	0	0.457011	0.457011	0	0	0.457011	0.457011	0.457011	0.457011	0	0.457011	0.457011	0	0	0.457011	0.457011	0	0.457011	0.913964	0.457011	0	0.457011	0.457011	0	0.457011	0.457011	0	0.457011	0.457011	0	0.457011	0.457011	0.457011	0.457011	0	0.457011	0.913964	0.457011	0	0.457011	0.457011	0	0.457011	0.457011	0	0.457011	0.457011	0	0	0.457011	0.913964	0.457011	0	0.457011	0.457011	0	0	0	0	0	0	0	0	0	0	0.457011	0.457011	0	0	0	0	0	0	0	0	0	0.457011	0.457011	0	0	0	0.457011	0.457011	0	0	0	0	0	0	0	0	0	0	0	0	0.457011	0.457011	0	0	0	0	0	0	0	0	0	0	0	0	0	0	0	0	0	0	0	0	0	0	0	0	0	0	0	0	0	0	0	0	0	0	0	0	0	0	0	0	0	0	0	0	0.457011	0.457011	0	0	0.457011	0.457011	0	0	0	0.457011	0.457011	0	0.457011	0.457011	0	0.457011	0.457011	0	0	0	0.457011	0.457011	0	0.457011	0.457011	0.457011	0.457011	0	0	0.457011	0.457011	0	0.457011	0.457011	0	0	0.457011	0.457011	0	0	0	0	0	0	0.457011	0.457011	0	0	0.457011	0.457011	0	0	0	0	0	0	0	0	0	0	0	0.457011	0.457011	0	0	0	0.457011	0.457011
0.456967	0.456967	0	0	0	0	0	0	0	0	0	0	0	0.456967	0.456967	0	0	0	0	0	0	0	0	0	0	0	0	0	0	0.456967	0.456967	0	0	0	0.456967	0.456967	0	0	0	0.456967	0.456967	0	0	0	0.456967	0.456967	0	0	0.456967	0.456967	0	0	0.456967	0.456967	0.456967	0.456967	0	0.456967	0.456967	0	0	0.456967	0.456967	0	0.456967	0.913877	0.456967	0	0.456967	0.456967	0	0.456967	0.456967	0	0.456967	0.456967	0	0.456967	0.456967	0.456967	0.456967	0	0.456967	0.913877	0.456967	0	0.456967	0.456967	0	0.456967	0.456967	0	0.456967	0.456967	0	0	0.456967	0.913877	0.456967	0	0.456967	0.456967	0	0	0	0	0	0	0	0	0	0	0.456967	0.456967	0	0	0	0	0	0	0	0	0	0.456967	0.456967	0	0	0	0.456967	0.456967	0	0	0	0	0	0	0	0	0	0	0	0	0.456967	0.456967	0	0	0	0	0	0	0	0	0	0	0	0	0	0	0	0	0	0	0	0	0	0	0	0	0	0	0	0	0	0	0	0	0	0	0	0	0	0	0	0	0	0	0	0	0.456967	0.456967	0	0	0.456967	0.456967	0	0	0	0.456967	0.456967	0	0.456967	0.456967	0	0.456967	0.456967	0	0	0	0.456967	0.456967	0	0.456967	0.456967	0.456967	0.456967	0	0	0.456967	0.456967	0	0.456967	0.456967	0	0	0.456967	0.456967	0	0	0	0	0	0	0.456967	0.456967	0	0	0.456967	0.456967	0	0	0	0	0	0	0	0	0	0	0	0.456967	0.456967	0	0	0	0.456967	0.456967
0.456924	0.456924	0	0	0	0	0	0	0	0	0	0	0	0.456924	0.456924	0	0	0	0	0	0	0	0	0	0	0	0	0	0	0.456924	0.456924	0	0	0	0.456924	0.456924	0	0	0	0.456924	0.456924	0	0	0	0.456924	0.456924	0	0	0.456924	0.456924	0	0	0.456924	0.456924	0.456924	0.456924	0	0.456924	0.456924	0	0	0.456924	0.456924	0	0.456924	0.913789	0.456924	0	0.456924	0.456924	0	0.456924	0.456924	0	0.456924	0.456924	0	0.456924	0.456924	0.456924	0.456924	0	0.456924	0.913789	0.456924	0	0.456924	0.456924	0	0.456924	0.456924	0	0.456924	0.456924	0	0	0.456924	0.913789	0.456924	0	0.456924	0.456924	0	0	0	0	0	0	0	0	0	0	0.456924	0.456924	0	0	0	0	0	0	0	0	0	0.456924	0.456924	0	0	0	0.456924	0.456924	0	0	0	0	0	0	0	0	0	0	0	0	0.456924	0.456924	0	0	0	0	0	0	0	0	0	0	0	0	0	0	0	0	0	0	0	0	0	0	0	0	0	0	0	0	0	0	0	0	0	0	0	0	0	0	0	0	0	0	0	0	0.456924	0.456924	0	0	0.456924	0.456924	0	0	0	0.456924	0.456924	0	0.456924	0.456924	0	0.456924	0.456924	0	0	0	0.456924	0.456924	0	0.456924	0.456924	0.456924	0.456924	0	0	0.456924	0.456924	0	0.456924	0.456924	0	0	0.456924	0.456924	0	0	0	0	0	0	0.456924	0.456924	0	0	0.456924	0.456924	0	0	0	0	0	0	0	0	0	0	0	0.456924	0.456924	0	0	0	0.456924	0.456924
0.45688	0.45688	0	0	0	0	0	0	0	0	0	0	0	0.45688	0.45688	0	0	0	0	0	0	0	0	0	0	0	0	0	0	0.45688	0.45688	0	0	0	0.45688	0.45688	0	0	0	0.45688	0.45688	0	0	0	0.45688	0.45688	0	0	0.45688	0.45688	0	0	0.45688	0.45688	0.45688	0.45688	0	0.45688	0.45688	0	0	0.45688	0.45688	0	0.45688	0.913702	0.45688	0	0.45688	0.45688	0	0.45688	0.45688	0	0.45688	0.45688	0	0.45688	0.45688	0.45688	0.45688	0	0.45688	0.913702	0.45688	0	0.45688	0.45688	0	0.45688	0.45688	0	0.45688	0.45688	0	0	0.45688	0.913702	0.45688	0	0.45688	0.45688	0	0	0	0	0	0	0	0	0	0	0.45688	0.45688	0	0	0	0	0	0	0	0	0	0.45688	0.45688	0	0	0	0.45688	0.45688	0	0	0	0	0	0	0	0	0	0	0	0	0.45688	0.45688	0	0	0	0	0	0	0	0	0	0	0	0	0	0	0	0	0	0	0	0	0	0	0	0	0	0	0	0	0	0	0	0	0	0	0	0	0	0	0	0	0	0	0	0	0.45688	0.45688	0	0	0.45688	0.45688	0	0	0	0.45688	0.45688	0	0.45688	0.45688	0	0.45688	0.45688	0	0	0	0.45688	0.45688	0	0.45688	0.45688	0.45688	0.45688	0	0	0.45688	0.45688	0	0.45688	0.45688	0	0	0.45688	0.45688	0	0	0	0	0	0	0.45688	0.45688	0	0	0.45688	0.45688	0	0	0	0	0	0	0	0	0	0	0	0.45688	0.45688	0	0	0	0.45688	0.45688
0.456836	0.456836	0	0	0	0	0	0	0	0	0	0	0	0.456836	0.456836	0	0	0	0	0	0	0	0	0	0	0	0	0	0	0.456836	0.456836	0	0	0	0.456836	0.456836	0	0	0	0.456836	0.456836	0	0	0	0.456836	0.456836	0	0	0.456836	0.456836	0	0	0.456836	0.456836	0.456836	0.456836	0	0.456836	0.456836	0	0	0.456836	0.456836	0	0.456836	0.913614	0.456836	0	0.456836	0.456836	0	0.456836	0.456836	0	0.456836	0.456836	0	0.456836	0.456836	0.456836	0.456836	0	0.456836	0.913614	0.456836	0	0.456836	0.456836	0	0.456836	0.456836	0	0.456836	0.456836	0	0	0.456836	0.913614	0.456836	0	0.456836	0.456836	0	0	0	0	0	0	0	0	0	0	0.456836	0.456836	0	0	0	0	0	0	0	0	0	0.456836	0.456836	0	0	0	0.456836	0.456836	0	0	0	0	0	0	0	0	0	0	0	0	0.456836	0.456836	0	0	0	0	0	0	0	0	0	0	0	0	0	0	0	0	0	0	0	0	0	0	0	0	0	0	0	0	0	0	0	0	0	0	0	0	0	0	0	0	0	0	0	0	0.456836	0.456836	0	0	0.456836	0.456836	0	0	0	0.456836	0.456836	0	0.456836	0.456836	0	0.456836	0.456836	0	0	0	0.456836	0.456836	0	0.456836	0.456836	0.456836	0.456836	0	0	0.456836	0.456836	0	0.456836	0.456836	0	0	0.456836	0.456836	0	0	0	0	0	0	0.456836	0.456836	0	0	0.456836	0.456836	0	0	0	0	0	0	0	0	0	0	0	0.456836	0.456836	0	0	0	0.456836	0.456836
0.361132	0.48452	0.456829	0.361155	0.16151	0	0	0	0	0	0	0	0	0.456792	0.456792	0	0	0	0	0	0	0	0	0	0	0	0	0	0	0.361132	0.48452	0.456829	0.361155	0.16151	0.361132	0.48452	0.456829	0.456829	0.456829	0.646014	0.646014	0.456829	0.456829	0.456829	0.665907	0.823501	0.582335	0.456829	0.665907	0.869717	0.807529	0.582335	0.665907	0.823501	0.823501	0.869717	0.807529	0.823501	0.869717	0.807529	0.582335	0.665907	0.823501	0.582335	0.665907	1.13043	1.0214	0.9136	1.0214	1.0214	0.9136	1.0214	1.0214	0.9136	1.0214	0.982346	0.582335	0.665907	0.869717	1.0214	0.982346	0.582335	0.665907	1.13043	1.0214	0.9136	1.0214	1.0214	0.807529	0.823501	0.869717	0.807529	0.823501	0.869717	0.807529	0.582335	0.665907	1.13043	1.0214	0.9136	1.0214	1.0214	0.9136	0.9136	0.9136	0.807529	0.582335	0.456829	0.456829	0.456829	0.456829	0.456829	0.665907	0.869717	0.807529	0.582335	0.456829	0.456829	0.456829	0.456829	0.456829	0.456829	0.456829	0.48452	0.361132	0	0.16151	0.361155	0.48452	0.361132	0	0	0	0	0	0	0	0	0	0	0	0	0.361132	0.48452	0.456829	0.456829	0.456829	0.456829	0.456829	0.456829	0.456829	0.361155	0.16151	0	0	0	0	0	0	0	0	0	0	0	0	0	0	0	0	0	0	0	0	0	0	0	0	0	0	0	0	0	0	0	0	0	0	0	0.361132	0.48452	0.361155	0.16151	0.361132	0.48452	0.456829	0.361155	0.16151	0.361132	0.48452	0.361155	0.510715	0.48452	0.456829	0.646014	0.646014	0.456829	0.361155	0.16151	0.361132	0.48452	0.456829	0.646014	0.646014	0.646014	0.646014	0.456829	0.456829	0.665907	0.823501	0.582335	0.665907	0.869717	0.807529	0.582335	0.665907	0.869717	0.9136	0.807529	0.582335	0.456829	0.456829	0.456829	0.665907	0.823501	0.582335	0.456829	0.665907	0.869717	0.9136	0.9136	0.807529	0.582335	0.456829	0.456829	0.456829	0.456829	0.456829	0.456829	0.456829	0.646014	0.646014	0.456829	0.456829	0.456829	0.646014	0.646014
0.161495	0.36112	0.456785	0.484473	0.361097	0	0	0	0	0	0	0	0	0.456749	0.456749	0	0	0	0	0	0	0	0	0	0	0	0	0	0	0.161495	0.36112	0.456785	0.484473	0.361097	0.161495	0.36112	0.456785	0.456785	0.456785	0.645952	0.645952	0.456785	0.456785	0.456785	0.58228	0.823422	0.665843	0.456785	0.58228	0.807452	0.869634	0.665843	0.58228	0.823422	0.823422	0.807452	0.869634	0.823422	0.807452	0.869634	0.665843	0.58228	0.823422	0.665843	0.58228	0.982252	1.0213	0.913512	1.0213	1.0213	0.913512	1.0213	1.0213	0.913512	1.0213	1.13032	0.665843	0.58228	0.807452	1.0213	1.13032	0.665843	0.58228	0.982252	1.0213	0.913512	1.0213	1.0213	0.869634	0.823422	0.807452	0.869634	0.823422	0.807452	0.869634	0.665843	0.58228	0.982252	1.0213	0.913512	1.0213	1.0213	0.913512	0.913512	0.913512	0.869634	0.665843	0.456785	0.456785	0.456785	0.456785	0.456785	0.58228	0.807452	0.869634	0.665843	0.456785	0.456785	0.456785	0.456785	0.456785	0.456785	0.456785	0.36112	0.161495	0	0.361097	0.484473	0.36112	0.161495	0	0	0	0	0	0	0	0	0	0	0	0	0.161495	0.36112	0.456785	0.456785	0.456785	0.456785	0.456785	0.456785	0.456785	0.484473	0.361097	0	0	0	0	0	0	0	0	0	0	0	0	0	0	0	0	0	0	0	0	0	0	0	0	0	0	0	0	0	0	0	0	0	0	0	0.161495	0.36112	0.484473	0.361097	0.161495	0.36112	0.456785	0.484473	0.361097	0.161495	0.36112	0.484473	0.510666	0.36112	0.456785	0.645952	0.645952	0.456785	0.484473	0.361097	0.161495	0.36112	0.456785	0.645952	0.645952	0.645952	0.645952	0.456785	0.456785	0.58228	0.823422	0.665843	0.58228	0.807452	0.869634	0.665843	0.58228	0.807452	0.913512	0.869634	0.665843	0.456785	0.456785	0.456785	0.58228	0.823422	0.665843	0.456785	0.58228	0.807452	0.913512	0.913512	0.869634	0.665843	0.456785	0.456785	0.456785	0.456785	0.456785	0.456785	0.456785	0.645952	0.645952	0.456785	0.456785	0.456785	0.645952	0.645952
0	0	0	0.456705	0.456705	0	0	0	0	0	0	0	0	0.456705	0.456705	0	0	0	0	0	0	0	0	0	0	0	0	0	0	0	0	0	0.456705	0.456705	0	0	0	0	0	0.456705	0.456705	0	0	0	0	0.456705	0.456705	0	0	0	0.456705	0.456705	0	0.456705	0.456705	0	0.456705	0.456705	0	0.456705	0.456705	0	0.456705	0.456705	0	0.456705	0.456705	0	0.456705	0.456705	0	0.456705	0.456705	0	0.456705	0.913352	0.456705	0	0	0.456705	0.913352	0.456705	0	0.456705	0.456705	0	0.456705	0.456705	0.456705	0.456705	0	0.456705	0.456705	0	0.456705	0.456705	0	0.456705	0.456705	0	0.456705	0.456705	0	0	0	0.456705	0.456705	0	0	0	0	0	0	0	0.456705	0.456705	0	0	0	0	0	0	0	0	0	0	0.456705	0.456705	0	0	0	0	0	0	0	0	0	0	0	0	0	0	0	0	0	0	0	0	0	0	0	0.456705	0.456705	0	0	0	0	0	0	0	0	0	0	0	0	0	0	0	0	0	0	0	0	0	0	0	0	0	0	0	0	0	0	0	0	0	0	0	0	0	0.456705	0.456705	0	0	0	0.456705	0.456705	0	0	0.456705	0.456705	0	0	0.456705	0.456705	0	0.456705	0.456705	0	0	0	0.456705	0.456705	0.456705	0.456705	0	0	0	0.456705	0.456705	0	0	0.456705	0.456705	0	0	0	0.456705	0.456705	0	0	0	0	0.456705	0.456705	0	0	0	0	0	0.456705	0.456705	0	0	0	0	0	0	0	0.456705	0.456705	0	0	0	0.456705	0.456705
0	0	0	0.456661	0.456661	0	0	0	0	0	0	0	0	0.456661	0.456661	0	0	0	0	0	0	0	0	0	0	0	0	0	0	0	0	0	0.456661	0.456661	0	0	0	0	0	0.456661	0.456661	0	0	0	0	0.456661	0.456661	0	0	0	0.456661	0.456661	0	0.456661	0.456661	0	0.456661	0.456661	0	0.456661	0.456661	0	0.456661	0.456661	0	0.456661	0.456661	0	0.456661	0.456661	0	0.456661	0.456661	0	0.456661	0.913265	0.456661	0	0	0.456661	0.913265	0.456661	0	0.456661	0.456661	0	0.456661	0.456661	0.456661	0.456661	0	0.456661	0.456661	0	0.456661	0.456661	0	0.456661	0.456661	0	0.456661	0.456661	0	0	0	0.456661	0.456661	0	0	0	0	0	0	0	0.456661	0.456661	0	0	0	0	0	0	0	0	0	0	0.456661	0.456661	0	0	0	0	0	0	0	0	0	0	0	0	0	0	0	0	0	0	0	0	0	0	0	0.456661	0.456661	0	0	0	0	0	0	0	0	0	0	0	0	0	0	0	0	0	0	0	0	0	0	0	0	0	0	0	0	0	0	0	0	0	0	0	0	0	0.456661	0.456661	0	0	0	0.456661	0.456661	0	0	0.456661	0.456661	0	0	0.456661	0.456661	0	0.456661	0.456661	0	0	0	0.456661	0.456661	0.456661	0.456661	0	0	0	0.456661	0.456661	0	0	0.456661	0.456661	0	0	0	0.456661	0.456661	0	0	0	0	0.456661	0.456661	0	0	0	0	0	0.456661	0.456661	0	0	0	0	0	0	0	0.456661	0.456661	0	0	0	0.456661	0.456661
0	0	0	0.456618	0.456618	0	0	0	0	0	0	0	0	0.456618	0.456618	0	0	0	0	0	0	0	0	0	0	0	0	0	0	0	0	0	0.456618	0.456618	0	0	0	0	0	0.456618	0.456618	0	0	0	0	0.456618	0.456618	0	0	0	0.456618	0.456618	0	0.456618	0.456618	0	0.456618	0.456618	0	0.456618	0.456618	0	0.456618	0.456618	0	0.456618	0.456618	0	0.456618	0.456618	0	0.456618	0.456618	0	0.456618	0.913177	0.456618	0	0	0.456618	0.913177	0.456618	0	0.456618	0.456618	0	0.456618	0.456618	0.456618	0.456618	0	0.456618	0.456618	0	0.456618	0.456618	0	0.456618	0.456618	0	0.456618	0.456618	0	0	0	0.456618	0.456618	0	0	0	0	0	0	0	0.456618	0.456618	0	0	0	0	0	0	0	0	0	0	0.456618	0.456618	0	0	0	0	0	0	0	0	0	0	0	0	0	0	0	0	0	0	0	0	0	0	0	0.456618	0.456618	0	0	0	0	0	0	0	0	0	0	0	0	0	0	0	0	0	0	0	0	0	0	0	0	0	0	0	0	0	0	0	0	0	0	0	0	0	0.456618	0.456618	0	0	0	0.456618	0.456618	0	0	0.456618	0.456618	0	0	0.456618	0.456618	0	0.456618	0.456618	0	0	0	0.456618	0.456618	0.456618	0.456618	0	0	0	0.456618	0.456618	0	0	0.456618	0.456618	0	0	0	0.456618	0.456618	0	0	0	0	0.456618	0.456618	0	0	0	0	0	0.456618	0.456618	0	0	0	0	0	0	0	0.456618	0.456618	0	0	0	0.456618	0.456618
0.161433	0.360982	0.45661	0.484288	0.360959	0	0	0	0	0	0	0.161433	0.360982	0.484288	0.360959	0	0	0	0	0	0	0	0	0	0	0	0	0	0	0	0	0	0.456574	0.456574	0	0	0	0	0	0.360959	0.484288	0.45661	0.45661	0.360982	0.161433	0.360959	0.484288	0.45661	0.360982	0.161433	0.360959	0.484288	0.360982	0.510471	0.484288	0.45661	0.645705	0.645705	0.45661	0.645705	0.645705	0.45661	0.665589	0.869301	0.807143	0.823107	0.823107	0.582057	0.665589	0.869301	0.807143	0.823107	0.869301	0.807143	0.807112	0.981851	0.869301	0.807143	0.582057	0.665589	1.12989	1.02091	0.807143	0.823107	0.869301	0.807143	0.823107	0.869301	1.02091	0.981876	0.582057	0.665589	0.823107	0.582057	0.665589	0.869301	0.807143	0.823107	0.869301	0.913163	1.02091	1.02091	0.913163	0.913163	0.913163	1.02091	1.02091	0.913163	0.913163	0.913163	0.913163	0.913163	0.807143	0.582057	0.665589	0.869301	0.913163	0.913163	0.913163	0.913163	0.913163	0.913163	0.913163	0.913163	0.913163	0.913163	0.869301	0.665589	0.45661	0.45661	0.45661	0.45661	0.45661	0.45661	0.45661	0.45661	0.45661	0.45661	0.45661	0.360982	0.161433	0	0	0	0	0	0	0	0	0	0	0.360959	0.484288	0.45661	0.45661	0.360982	0.161433	0	0	0	0	0	0	0	0	0	0	0	0	0	0	0	0	0	0	0	0	0	0	0	0	0	0	0	0	0.161433	0.360982	0.45661	0.45661	0.45661	0.484288	0.360959	0.161433	0.360982	0.45661	0.484288	0.360959	0	0	0.360959	0.510471	0.161433	0	0.360959	0.484288	0.45661	0.645705	0.645705	0.45661	0.360982	0.161433	0.360959	0.484288	0.645705	0.645705	0.45661	0.45661	0.45661	0.645705	0.645705	0.45661	0.45661	0.645705	0.645705	0.45661	0.45661	0.45661	0.645705	0.645705	0.45661	0.45661	0.45661	0.360982	0.510471	0.484288	0.45661	0.45661	0.45661	0.45661	0.45661	0.665589	0.869301	0.913163	0.807143	0.582057	0.45661	0.45661	0.45661	0.45661	0.665589	0.823107	0.582057	0.45661	0.45661	0.665589	0.869301
0.360925	0.484242	0.456567	0.360948	0.161417	0	0	0	0	0	0	0.360925	0.484242	0.360948	0.161417	0	0	0	0	0	0	0	0	0	0	0	0	0	0	0	0	0	0.45653	0.45653	0	0	0	0	0	0.161417	0.360948	0.456567	0.456567	0.484242	0.360925	0.161417	0.360948	0.456567	0.484242	0.360925	0.161417	0.360948	0.484242	0.510422	0.360948	0.456567	0.645644	0.645644	0.456567	0.645644	0.645644	0.456567	0.582001	0.807066	0.869218	0.823028	0.823028	0.665525	0.582001	0.807066	0.869218	0.823028	0.807066	0.869218	0.981757	0.807035	0.807066	0.869218	0.665525	0.582001	0.981782	1.02081	0.869218	0.823028	0.807066	0.869218	0.823028	0.807066	1.02081	1.12978	0.665525	0.582001	0.823028	0.665525	0.582001	0.807066	0.869218	0.823028	0.807066	0.913076	1.02081	1.02081	0.913076	0.913076	0.913076	1.02081	1.02081	0.913076	0.913076	0.913076	0.913076	0.913076	0.869218	0.665525	0.582001	0.807066	0.913076	0.913076	0.913076	0.913076	0.913076	0.913076	0.913076	0.913076	0.913076	0.913076	0.807066	0.582001	0.456567	0.456567	0.456567	0.456567	0.456567	0.456567	0.456567	0.456567	0.456567	0.456567	0.456567	0.484242	0.360925	0	0	0	0	0	0	0	0	0	0	0.161417	0.360948	0.456567	0.456567	0.484242	0.360925	0	0	0	0	0	0	0	0	0	0	0	0	0	0	0	0	0	0	0	0	0	0	0	0	0	0	0	0	0.360925	0.484242	0.456567	0.456567	0.456567	0.360948	0.161417	0.360925	0.484242	0.456567	0.360948	0.161417	0	0	0.161417	0.510422	0.360925	0	0.161417	0.360948	0.456567	0.645644	0.645644	0.456567	0.484242	0.360925	0.161417	0.360948	0.645644	0.645644	0.456567	0.456567	0.456567	0.645644	0.645644	0.456567	0.456567	0.645644	0.645644	0.456567	0.456567	0.456567	0.645644	0.645644	0.456567	0.456567	0.456567	0.484242	0.510422	0.360948	0.456567	0.456567	0.456567	0.456567	0.456567	0.582001	0.807066	0.913076	0.869218	0.665525	0.456567	0.456567	0.456567	0.456567	0.582001	0.823028	0.665525	0.456567	0.456567	0.582001	0.807066
0.456487	0.456487	0	0	0	0	0	0	0	0	0	0.456487	0.456487	0	0	0	0	0	0	0	0	0	0	0	0	0	0	0	0	0	0	0	0.456487	0.456487	0	0	0	0	0	0	0	0	0	0.456487	0.456487	0	0	0	0.456487	0.456487	0	0	0.456487	0.456487	0	0	0.456487	0.456487	0	0.456487	0.456487	0	0	0	0.456487	0.456487	0.456487	0.456487	0	0	0.456487	0.456487	0	0.456487	0.912916	0.456487	0	0.456487	0.456487	0	0.456487	0.456487	0.456487	0.456487	0	0.456487	0.456487	0	0.456487	0.912916	0.456487	0	0.456487	0.456487	0	0	0.456487	0.456487	0	0	0.456487	0.456487	0	0	0	0.456487	0.456487	0	0	0	0	0	0.456487	0.456487	0	0	0	0	0	0	0	0	0	0	0	0	0	0	0	0	0	0	0	0	0	0	0	0	0	0.456487	0.456487	0	0	0	0	0	0	0	0	0	0	0	0	0	0	0.456487	0.456487	0	0	0	0	0	0	0	0	0	0	0	0	0	0	0	0	0	0	0	0	0	0	0	0	0	0	0	0	0.456487	0.456487	0	0	0	0	0	0.456487	0.456487	0	0	0	0	0	0	0.456487	0.456487	0	0	0	0	0.456487	0.456487	0	0.456487	0.456487	0	0	0.456487	0.456487	0	0	0	0.456487	0.456487	0	0	0.456487	0.456487	0	0	0	0.456487	0.456487	0	0	0	0.456487	0.456487	0	0	0	0	0	0	0	0	0	0.456487	0.456487	0	0	0	0	0	0.456487	0.456487	0	0	0	0
0.456443	0.456443	0	0	0	0	0	0	0	0	0	0.456443	0.456443	0	0	0	0	0	0	0	0	0	0	0	0	0	0	0	0	0	0	0	0.456443	0.456443	0	0	0	0	0	0	0	0	0	0.456443	0.456443	0	0	0	0.456443	0.456443	0	0	0.456443	0.456443	0	0	0.456443	0.456443	0	0.456443	0.456443	0	0	0	0.456443	0.456443	0.456443	0.456443	0	0	0.456443	0.456443	0	0.456443	0.912828	0.456443	0	0.456443	0.456443	0	0.456443	0.456443	0.456443	0.456443	0	0.456443	0.456443	0	0.456443	0.912828	0.456443	0	0.456443	0.456443	0	0	0.456443	0.456443	0	0	0.456443	0.456443	0	0	0	0.456443	0.456443	0	0	0	0	0	0.456443	0.456443	0	0	0	0	0	0	0	0	0	0	0	0	0	0	0	0	0	0	0	0	0	0	0	0	0	0.456443	0.456443	0	0	0	0	0	0	0	0	0	0	0	0	0	0	0.456443	0.456443	0	0	0	0	0	0	0	0	0	0	0	0	0	0	0	0	0	0	0	0	0	0	0	0	0	0	0	0	0.456443	0.456443	0	0	0	0	0	0.456443	0.456443	0	0	0	0	0	0	0.456443	0.456443	0	0	0	0	0.456443	0.456443	0	0.456443	0.456443	0	0	0.456443	0.456443	0	0	0	0.456443	0.456443	0	0	0.456443	0.456443	0	0	0	0.456443	0.456443	0	0	0	0.456443	0.456443	0	0	0	0	0	0	0	0	0	0.456443	0.456443	0	0	0	0	0	0.456443	0.456443	0	0	0	0
0.4564	0.4564	0	0	0	0	0	0	0	0	0	0.4564	0.4564	0	0	0	0	0	0	0	0	0	0	0	0	0	0	0	0	0	0	0	0.4564	0.4564	0	0	0	0	0	0	0	0	0	0.4564	0.4564	0	0	0	0.4564	0.4564	0	0	0.4564	0.4564	0	0	0.4564	0.4564	0	0.4564	0.4564	0	0	0	0.4564	0.4564	0.4564	0.4564	0	0	0.4564	0.4564	0	0.4564	0.912741	0.4564	0	0.4564	0.4564	0	0.4564	0.4564	0.4564	0.4564	0	0.4564	0.4564	0	0.4564	0.912741	0.4564	0	0.4564	0.4564	0	0	0.4564	0.4564	0	0	0.4564	0.4564	0	0	0	0.4564	0.4564	0	0	0	0	0	0.4564	0.4564	0	0	0	0	0	0	0	0	0	0	0	0	0	0	0	0	0	0	0	0	0	0	0	0	0	0.4564	0.4564	0	0	0	0	0	0	0	0	0	0	0	0	0	0	0.4564	0.4564	0	0	0	0	0	0	0	0	0	0	0	0	0	0	0	0	0	0	0	0	0	0	0	0	0	0	0	0	0.4564	0.4564	0	0	0	0	0	0.4564	0.4564	0	0	0	0	0	0	0.4564	0.4564	0	0	0	0	0.4564	0.4564	0	0.4564	0.4564	0	0	0.4564	0.4564	0	0	0	0.4564	0.4564	0	0	0.4564	0.4564	0	0	0	0.4564	0.4564	0	0	0	0.4564	0.4564	0	0	0	0	0	0	0	0	0	0.4564	0.4564	0	0	0	0	0	0.4564	0.4564	0	0	0	0
0.456356	0.456356	0	0	0	0	0	0	0	0	0	0.456356	0.456356	0	0	0	0	0	0	0	0	0	0	0	0	0	0	0	0	0	0	0	0.456356	0.456356	0	0	0	0	0	0	0	0	0	0.456356	0.456356	0	0	0	0.456356	0.456356	0	0	0.456356	0.456356	0	0	0.456356	0.456356	0	0.456356	0.456356	0	0	0	0.456356	0.456356	0.456356	0.456356	0	0	0.456356	0.456356	0	0.456356	0.912654	0.456356	0	0.456356	0.456356	0	0.456356	0.456356	0.456356	0.456356	0	0.456356	0.456356	0	0.456356	0.912654	0.456356	0	0.456356	0.456356	0	0	0.456356	0.456356	0	0	0.456356	0.456356	0	0	0	0.456356	0.456356	0	0	0	0	0	0.456356	0.456356	0	0	0	0	0	0	0	0	0	0	0	0	0	0	0	0	0	0	0	0	0	0	0	0	0	0.456356	0.456356	0	0	0	0	0	0	0	0	0	0	0	0	0	0	0.456356	0.456356	0	0	0	0	0	0	0	0	0	0	0	0	0	0	0	0	0	0	0	0	0	0	0	0	0	0	0	0	0.456356	0.456356	0	0	0	0	0	0.456356	0.456356	0	0	0	0	0	0	0.456356	0.456356	0	0	0	0	0.456356	0.456356	0	0.456356	0.456356	0	0	0.456356	0.456356	0	0	0	0.456356	0.456356	0	0	0.456356	0.456356	0	0	0	0.456356	0.456356	0	0	0	0.456356	0.456356	0	0	0	0	0	0	0	0	0	0.456356	0.456356	0	0	0	0	0	0.456356	0.456356	0	0	0	0
0.456312	0.456312	0	0	0	0	0	0	0	0	0	0.456312	0.456312	0	0	0	0	0	0	0	0	0	0	0	0	0	0	0	0	0	0	0	0.456312	0.456312	0	0	0	0	0	0	0	0	0	0.456312	0.456312	0	0	0	0.456312	0.456312	0	0	0.456312	0.456312	0	0	0.456312	0.456312	0	0.456312	0.456312	0	0	0	0.456312	0.456312	0.456312	0.456312	0	0	0.456312	0.456312	0	0.456312	0.912567	0.456312	0	0.456312	0.456312	0	0.456312	0.456312	0.456312	0.456312	0	0.456312	0.456312	0	0.456312	0.912567	0.456312	0	0.456312	0.456312	0	0	0.456312	0.456312	0	0	0.456312	0.456312	0	0	0	0.456312	0.456312	0	0	0	0	0	0.456312	0.456312	0	0	0	0	0	0	0	0	0	0	0	0	0	0	0	0	0	0	0	0	0	0	0	0	0	0.456312	0.456312	0	0	0	0	0	0	0	0	0	0	0	0	0	0	0.456312	0.456312	0	0	0	0	0	0	0	0	0	0	0	0	0	0	0	0	0	0	0	0	0	0	0	0	0	0	0	0	0.456312	0.456312	0	0	0	0	0	0.456312	0.456312	0	0	0	0	0	0	0.456312	0.456312	0	0	0	0	0.456312	0.456312	0	0.456312	0.456312	0	0	0.456312	0.456312	0	0	0	0.456312	0.456312	0	0	0.456312	0.456312	0	0	0	0.456312	0.456312	0	0	0	0.456312	0.456312	0	0	0	0	0	0	0	0	0	0.456312	0.456312	0	0	0	0	0	0.456312	0.456312	0	0	0	0
0.483964	0.360718	0	0	0	0	0	0.161325	0.360741	0.456305	0.456305	0.483964	0.360718	0	0	0	0	0	0.161325	0.360741	0.456305	0.456305	0.456305	0.456305	0.456305	0.456305	0.456305	0.456305	0.456305	0.456305	0.456305	0.456305	0.483964	0.360718	0	0	0	0	0	0.161325	0.360741	0.456305	0.456305	0.483964	0.360718	0	0	0	0.360718	0.483964	0.360741	0.161325	0.360718	0.483964	0.360741	0.161325	0.360718	0.510129	0.161325	0.360718	0.483964	0.456305	0.360741	0.161325	0.360718	0.510129	0.510129	0.483964	0.456305	0.456305	0.645273	0.645273	0.456305	0.645273	1.02018	0.645273	0.456305	0.645273	0.645273	0.456305	0.645273	0.645273	0.645273	0.645273	0.456305	0.645273	0.645273	0.456305	0.645273	0.981194	0.86872	0.806603	0.822556	0.86872	0.806603	0.581668	0.665143	0.86872	0.806603	0.581668	0.665143	0.86872	0.912552	0.806603	0.581668	0.665143	0.86872	0.912552	0.912552	0.806603	0.581668	0.456305	0.665143	0.86872	0.912552	0.912552	0.912552	0.912552	0.806603	0.581668	0.456305	0.456305	0.456305	0.456305	0.456305	0.456305	0.456305	0.456305	0.456305	0.456305	0.360741	0.161325	0	0	0	0	0	0	0	0.360718	0.483964	0.456305	0.360741	0.161325	0	0	0	0	0	0	0	0	0	0	0	0.360718	0.483964	0.456305	0.360741	0.161325	0	0	0	0	0	0	0	0	0	0	0	0	0	0	0	0	0	0	0	0	0.161325	0.360741	0.456305	0.456305	0.456305	0.483964	0.360718	0	0	0	0	0	0.360718	0.483964	0.456305	0.360741	0.161325	0	0	0	0.360718	0.510129	0.161325	0	0	0	0.360718	0.483964	0.360741	0.510129	0.483964	0.456305	0.360741	0.510129	0.483964	0.456305	0.456305	0.456305	0.665143	0.86872	0.806603	0.581668	0.665143	0.86872	0.912552	0.912552	0.806603	0.822556	0.86872	0.912552	0.912552	0.806603	0.822556	0.86872	0.912552	0.806603	0.581668	0.456305	0.456305	0.456305	0.456305	0.456305	0.456305	0.665143	0.822556	0.581668	0.456305	0.456305	0.456305	0.456305	0.645273	0.645273	0.456305	0.456305	0.456305	0.456305
0.360707	0.161311	0	0	0	0	0	0.360688	0.483922	0.456261	0.456261	0.360707	0.161311	0	0	0	0	0	0.360688	0.483922	0.456261	0.456261	0.456261	0.456261	0.456261	0.456261	0.456261	0.456261	0.456261	0.456261	0.456261	0.456261	0.360707	0.161311	0	0	0	0	0	0.360688	0.483922	0.456261	0.456261	0.360707	0.161311	0	0	0	0.161311	0.360707	0.483922	0.360688	0.161311	0.360707	0.483922	0.360688	0.161311	0.510087	0.360688	0.161311	0.360707	0.456261	0.483922	0.360688	0.161311	0.510087	0.510087	0.360707	0.456261	0.456261	0.645217	0.645217	0.456261	0.645217	1.02009	0.645217	0.456261	0.645217	0.645217	0.456261	0.645217	0.645217	0.645217	0.645217	0.456261	0.645217	0.645217	0.456261	0.645217	0.806502	0.806527	0.868639	0.822482	0.806527	0.868639	0.665083	0.581612	0.806527	0.868639	0.665083	0.581612	0.806527	0.912465	0.868639	0.665083	0.581612	0.806527	0.912465	0.912465	0.868639	0.665083	0.456261	0.581612	0.806527	0.912465	0.912465	0.912465	0.912465	0.868639	0.665083	0.456261	0.456261	0.456261	0.456261	0.456261	0.456261	0.456261	0.456261	0.456261	0.456261	0.483922	0.360688	0	0	0	0	0	0	0	0.161311	0.360707	0.456261	0.483922	0.360688	0	0	0	0	0	0	0	0	0	0	0	0.161311	0.360707	0.456261	0.483922	0.360688	0	0	0	0	0	0	0	0	0	0	0	0	0	0	0	0	0	0	0	0	0.360688	0.483922	0.456261	0.456261	0.456261	0.360707	0.161311	0	0	0	0	0	0.161311	0.360707	0.456261	0.483922	0.360688	0	0	0	0.161311	0.510087	0.360688	0	0	0	0.161311	0.360707	0.483922	0.510087	0.360707	0.456261	0.483922	0.510087	0.360707	0.456261	0.456261	0.456261	0.581612	0.806527	0.868639	0.665083	0.581612	0.806527	0.912465	0.912465	0.868639	0.822482	0.806527	0.912465	0.912465	0.868639	0.822482	0.806527	0.912465	0.868639	0.665083	0.456261	0.456261	0.456261	0.456261	0.456261	0.456261	0.581612	0.822482	0.665083	0.456261	0.456261	0.456261	0.456261	0.645217	0.645217	0.456261	0.456261	0.456261	0.456261
0	0	0	0	0	0	0	0.456189	0.456189	0	0	0	0	0	0	0	0	0	0.456189	0.456189	0	0	0	0	0	0	0	0	0	0	0	0	0	0	0	0	0	0	0	0.456189	0.456189	0	0	0	0	0	0	0	0	0	0.456189	0.456189	0	0	0.456189	0.456189	0	0.456189	0.456189	0	0	0	0.456189	0.456189	0	0.456189	0.456189	0	0	0	0.456189	0.456189	0	0.456189	0.91232	0.456189	0	0.456189	0.456189	0	0.456189	0.456189	0.456189	0.456189	0	0.456189	0.456189	0	0.456189	0.456189	0	0.456189	0.456189	0	0.456189	0.456189	0	0	0.456189	0.456189	0	0	0	0.456189	0.456189	0	0	0	0	0.456189	0.456189	0	0	0	0	0	0	0	0.456189	0.456189	0	0	0	0	0	0	0	0	0	0	0.456189	0.456189	0	0	0	0	0	0	0	0	0	0	0.456189	0.456189	0	0	0	0	0	0	0	0	0	0	0	0	0	0	0.456189	0.456189	0	0	0	0	0	0	0	0	0	0	0	0	0	0	0	0	0	0	0	0	0.456189	0.456189	0	0	0	0	0	0	0	0	0	0	0	0	0	0.456189	0.456189	0	0	0	0	0.456189	0.456189	0	0	0	0	0	0.456189	0.456189	0	0	0.456189	0.456189	0	0	0	0	0	0	0.456189	0.456189	0	0	0	0	0.456189	0.456189	0	0	0	0.456189	0.456189	0	0	0.456189	0.456189	0	0	0	0	0	0	0	0.456189	0.456189	0	0	0	0	0.456189	0.456189	0	0	0	0
0	0	0	0	0	0	0	0.456145	0.456145	0	0	0	0	0	0	0	0	0	0.456145	0.456145	0	0	0	0	0	0	0	0	0	0	0	0	0	0	0	0	0	0	0	0.456145	0.456145	0	0	0	0	0	0	0	0	0	0.456145	0.456145	0	0	0.456145	0.456145	0	0.456145	0.456145	0	0	0	0.456145	0.456145	0	0.456145	0.456145	0	0	0	0.456145	0.456145	0	0.456145	0.912233	0.456145	0	0.456145	0.456145	0	0.456145	0.456145	0.456145	0.456145	0	0.456145	0.456145	0	0.456145	0.456145	0	0.456145	0.456145	0	0.456145	0.456145	0	0	0.456145	0.456145	0	0	0	0.456145	0.456145	0	0	0	0	0.456145	0.456145	0	0	0	0	0	0	0	0.456145	0.456145	0	0	0	0	0	0	0	0	0	0	0.456145	0.456145	0	0	0	0	0	0	0	0	0	0	0.456145	0.456145	0	0	0	0	0	0	0	0	0	0	0	0	0	0	0.456145	0.456145	0	0	0	0	0	0	0	0	0	0	0	0	0	0	0	0	0	0	0	0	0.456145	0.456145	0	0	0	0	0	0	0	0	0	0	0	0	0	0.456145	0.456145	0	0	0	0	0.456145	0.456145	0	0	0	0	0	0.456145	0.456145	0	0	0.456145	0.456145	0	0	0	0	0	0	0.456145	0.456145	0	0	0	0	0.456145	0.456145	0	0	0	0.456145	0.456145	0	0	0.456145	0.456145	0	0	0	0	0	0	0	0.456145	0.456145	0	0	0	0	0.456145	0.456145	0	0	0	0
0	0	0	0	0	0	0	0.456102	0.456102	0	0	0	0	0	0	0	0	0	0.456102	0.456102	0	0	0	0	0	0	0	0	0	0	0	0	0	0	0	0	0	0	0	0.456102	0.456102	0	0	0	0	0	0	0	0	0	0.456102	0.456102	0	0	0.456102	0.456102	0	0.456102	0.456102	0	0	0	0.456102	0.456102	0	0.456102	0.456102	0	0	0	0.456102	0.456102	0	0.456102	0.912145	0.456102	0	0.456102	0.456102	0	0.456102	0.456102	0.456102	0.456102	0	0.456102	0.456102	0	0.456102	0.456102	0	0.456102	0.456102	0	0.456102	0.456102	0	0	0.456102	0.456102	0	0	0	0.456102	0.456102	0	0	0	0	0.456102	0.456102	0	0	0	0	0	0	0	0.456102	0.456102	0	0	0	0	0	0	0	0	0	0	0.456102	0.456102	0	0	0	0	0	0	0	0	0	0	0.456102	0.456102	0	0	0	0	0	0	0	0	0	0	0	0	0	0	0.456102	0.456102	0	0	0	0	0	0	0	0	0	0	0	0	0	0	0	0	0	0	0	0	0.456102	0.456102	0	0	0	0	0	0	0	0	0	0	0	0	0	0.456102	0.456102	0	0	0	0	0.456102	0.456102	0	0	0	0	0	0.456102	0.456102	0	0	0.456102	0.456102	0	0	0	0	0	0	0.456102	0.456102	0	0	0	0	0.456102	0.456102	0	0	0	0.456102	0.456102	0	0	0.456102	0.456102	0	0	0	0	0	0	0	0.456102	0.456102	0	0	0	0	0.456102	0.456102	0	0	0	0
0	0	0	0	0	0	0	0.456058	0.456058	0	0	0	0	0	0	0	0	0	0.456058	0.456058	0	0	0	0	0	0	0	0	0	0	0	0	0	0	0	0	0	0	0	0.456058	0.456058	0	0	0	0	0	0	0	0	0	0.456058	0.456058	0	0	0.456058	0.456058	0	0.456058	0.456058	0	0	0	0.456058	0.456058	0	0.456058	0.456058	0	0	0	0.456058	0.456058	0	0.456058	0.912058	0.456058	0	0.456058	0.456058	0	0.456058	0.456058	0.456058	0.456058	0	0.456058	0.456058	0	0.456058	0.456058	0	0.456058	0.456058	0	0.456058	0.456058	0	0	0.456058	0.456058	0	0	0	0.456058	0.456058	0	0	0	0	0.456058	0.456058	0	0	0	0	0	0	0	0.456058	0.456058	0	0	0	0	0	0	0	0	0	0	0.456058	0.456058	0	0	0	0	0	0	0	0	0	0	0.456058	0.456058	0	0	0	0	0	0	0	0	0	0	0	0	0	0	0.456058	0.456058	0	0	0	0	0	0	0	0	0	0	0	0	0	0	0	0	0	0	0	0	0.456058	0.456058	0	0	0	0	0	0	0	0	0	0	0	0	0	0.456058	0.456058	0	0	0	0	0.456058	0.456058	0	0	0	0	0	0.456058	0.456058	0	0	0.456058	0.456058	0	0	0	0	0	0	0.456058	0.456058	0	0	0	0	0.456058	0.456058	0	0	0	0.456058	0.456058	0	0	0.456058	0.456058	0	0	0	0	0	0	0	0.456058	0.456058	0	0	0	0	0.456058	0.456058	0	0	0	0
0	0	0	0	0.161234	0.360535	0.456044	0.483691	0.360516	0	0	0.161234	0.360535	0.456044	0.456044	0.456044	0.456044	0.456044	0.483691	0.360516	0	0.161234	0.360535	0.456044	0.456044	0.456044	0.456044	0.456044	0.456044	0.456044	0.456044	0.456044	0.456044	0.456044	0.360535	0.161234	0	0	0.161234	0.509843	0.360516	0	0	0	0	0	0	0	0.161234	0.360535	0.483691	0.360516	0	0	0.456014	0.456014	0	0.360516	0.483691	0.456044	0.456044	0.360535	0.509843	0.483691	0.360535	0.509843	0.483691	0.456044	0.360535	0.161234	0.360516	0.509843	0.161234	0.360516	0.868186	0.644909	0.456044	0.644909	0.644909	0.456044	0.644909	0.644909	0.664765	0.822089	0.581335	0.664765	0.822089	0.581335	0.664765	0.822089	0.581335	0.664765	0.822089	0.581335	0.664765	0.868224	0.806141	0.581335	0.664765	0.868224	0.806141	0.581335	0.456044	0.664765	0.868224	0.912029	0.912029	0.912029	0.912029	1.01965	1.01965	0.912029	0.912029	0.912029	0.912029	0.912029	0.912029	0.806141	0.822089	0.868224	0.912029	0.912029	0.912029	0.912029	0.806141	0.581335	0.456044	0.456044	0.456044	0.456044	0.644909	0.644909	0.456044	0.456044	0.456044	0.456044	0.456044	0.360535	0.161234	0.161234	0.360535	0.456044	0.483691	0.360516	0	0	0	0	0	0	0	0	0	0.161234	0.360535	0.456044	0.456044	0.456044	0.483691	0.360516	0	0	0	0	0	0	0	0	0	0	0	0	0	0	0	0	0	0	0	0	0.360516	0.483691	0.360535	0.161234	0	0	0	0	0	0	0	0	0.161234	0.360535	0.456044	0.483691	0.360516	0	0	0.161234	0.360535	0.483691	0.360516	0	0	0	0	0	0.360516	0.483691	0.456044	0.456044	0.644909	0.644909	0.456044	0.456044	0.456044	0.456044	0.456044	0.456044	0.664765	0.868224	0.806141	0.581335	0.456044	0.456044	0.644909	0.644909	0.456044	0.456044	0.456044	0.664765	0.822089	0.581335	0.456044	0.664765	0.868224	0.912029	0.806141	0.581335	0.456044	0.456044	0.456044	0.456044	0.664765	0.868224	0.912029	0.806141	0.581335	0.456044	0.664765	0.868224	0.806141	0.581335	0.456044	0.456044
0	0	0	0	0.360482	0.483644	0.456	0.3605	0.161218	0	0	0.360482	0.483644	0.456	0.456	0.456	0.456	0.456	0.3605	0.161218	0	0.360482	0.483644	0.456	0.456	0.456	0.456	0.456	0.456	0.456	0.456	0.456	0.456	0.456	0.483644	0.360482	0	0	0.360482	0.509795	0.161218	0	0	0	0	0	0	0	0.360482	0.483644	0.3605	0.161218	0	0	0.455971	0.455971	0	0.161218	0.3605	0.456	0.456	0.483644	0.509795	0.3605	0.483644	0.509795	0.3605	0.456	0.483644	0.360482	0.161218	0.509795	0.360482	0.161218	0.664682	0.644847	0.456	0.644847	0.644847	0.456	0.644847	0.644847	0.581279	0.82201	0.664701	0.581279	0.82201	0.664701	0.581279	0.82201	0.664701	0.581279	0.82201	0.664701	0.581279	0.806064	0.868141	0.664701	0.581279	0.806064	0.868141	0.664701	0.456	0.581279	0.806064	0.911942	0.911942	0.911942	0.911942	1.01955	1.01955	0.911942	0.911942	0.911942	0.911942	0.911942	0.911942	0.868141	0.82201	0.806064	0.911942	0.911942	0.911942	0.911942	0.868141	0.664701	0.456	0.456	0.456	0.456	0.644847	0.644847	0.456	0.456	0.456	0.456	0.456	0.483644	0.360482	0.360482	0.483644	0.456	0.3605	0.161218	0	0	0	0	0	0	0	0	0	0.360482	0.483644	0.456	0.456	0.456	0.3605	0.161218	0	0	0	0	0	0	0	0	0	0	0	0	0	0	0	0	0	0	0	0	0.161218	0.3605	0.483644	0.360482	0	0	0	0	0	0	0	0	0.360482	0.483644	0.456	0.3605	0.161218	0	0	0.360482	0.483644	0.3605	0.161218	0	0	0	0	0	0.161218	0.3605	0.456	0.456	0.644847	0.644847	0.456	0.456	0.456	0.456	0.456	0.456	0.581279	0.806064	0.868141	0.664701	0.456	0.456	0.644847	0.644847	0.456	0.456	0.456	0.581279	0.82201	0.664701	0.456	0.581279	0.806064	0.911942	0.868141	0.664701	0.456	0.456	0.456	0.456	0.581279	0.806064	0.911942	0.868141	0.664701	0.456	0.581279	0.806064	0.868141	0.664701	0.456	0.456
0	0	0	0	0.455927	0.455927	0	0	0	0	0	0.455927	0.455927	0	0	0	0	0	0	0	0	0.455927	0.455927	0	0	0	0	0	0	0	0	0	0	0	0.455927	0.455927	0	0	0.455927	0.455927	0	0	0	0	0	0	0	0	0.455927	0.455927	0	0	0	0	0.455927	0.455927	0	0	0	0	0	0.455927	0.455927	0	0.455927	0.455927	0	0	0.455927	0.455927	0	0.455927	0.455927	0	0.455927	0.455927	0	0.455927	0.455927	0	0.455927	0.455927	0	0.455927	0.455927	0	0.455927	0.455927	0	0.455927	0.455927	0	0.455927	0.455927	0	0	0.455927	0.455927	0	0	0.455927	0.455927	0	0	0	0	0	0	0	0.455927	0.455927	0	0	0	0	0	0	0.455927	0.455927	0	0	0	0	0	0.455927	0.455927	0	0	0	0	0.455927	0.455927	0	0	0	0	0	0.455927	0.455927	0.455927	0.455927	0	0	0	0	0	0	0	0	0	0	0	0	0.455927	0.455927	0	0	0	0	0	0	0	0	0	0	0	0	0	0	0	0	0	0	0	0	0	0	0	0	0	0	0	0.455927	0.455927	0	0	0	0	0	0	0	0	0.455927	0.455927	0	0	0	0	0	0.455927	0.455927	0	0	0	0	0	0	0	0	0	0	0	0.455927	0.455927	0	0	0	0	0	0	0	0	0.455927	0.455927	0	0	0.455927	0.455927	0	0	0	0	0.455927	0.455927	0	0	0	0	0.455927	0.455927	0	0	0	0	0	0	0	0.455927	0.455927	0	0	0	0.455927	0.455927	0	0
0	0	0	0	0.455884	0.455884	0	0	0	0	0	0.455884	0.455884	0	0	0	0	0	0	0	0	0.455884	0.455884	0	0	0	0	0	0	0	0	0	0	0	0.455884	0.455884	0	0	0.455884	0.455884	0	0	0	0	0	0	0	0	0.455884	0.455884	0	0	0	0	0.455884	0.455884	0	0	0	0	0	0.455884	0.455884	0	0.455884	0.455884	0	0	0.455884	0.455884	0	0.455884	0.455884	0	0.455884	0.455884	0	0.455884	0.455884	0	0.455884	0.455884	0	0.455884	0.455884	0	0.455884	0.455884	0	0.455884	0.455884	0	0.455884	0.455884	0	0	0.455884	0.455884	0	0	0.455884	0.455884	0	0	0	0	0	0	0	0.455884	0.455884	0	0	0	0	0	0	0.455884	0.455884	0	0	0	0	0	0.455884	0.455884	0	0	0	0	0.455884	0.455884	0	0	0	0	0	0.455884	0.455884	0.455884	0.455884	0	0	0	0	0	0	0	0	0	0	0	0	0.455884	0.455884	0	0	0	0	0	0	0	0	0	0	0	0	0	0	0	0	0	0	0	0	0	0	0	0	0	0	0	0.455884	0.455884	0	0	0	0	0	0	0	0	0.455884	0.455884	0	0	0	0	0	0.455884	0.455884	0	0	0	0	0	0	0	0	0	0	0	0.455884	0.455884	0	0	0	0	0	0	0	0	0.455884	0.455884	0	0	0.455884	0.455884	0	0	0	0	0.455884	0.455884	0	0	0	0	0.455884	0.455884	0	0	0	0	0	0	0	0.455884	0.455884	0	0	0	0.455884	0.455884	0	0
0	0	0	0	0.45584	0.45584	0	0	0	0	0	0.45584	0.45584	0	0	0	0	0	0	0	0	0.45584	0.45584	0	0	0	0	0	0	0	0	0	0	0	0.45584	0.45584	0	0	0.45584	0.45584	0	0	0	0	0	0	0	0	0.45584	0.45584	0	0	0	0	0.45584	0.45584	0	0	0	0	0	0.45584	0.45584	0	0.45584	0.45584	0	0	0.45584	0.45584	0	0.45584	0.45584	0	0.45584	0.45584	0	0.45584	0.45584	0	0.45584	0.45584	0	0.45584	0.45584	0	0.45584	0.45584	0	0.45584	0.45584	0	0.45584	0.45584	0	0	0.45584	0.45584	0	0	0.45584	0.45584	0	0	0	0	0	0	0	0.45584	0.45584	0	0	0	0	0	0	0.45584	0.45584	0	0	0	0	0	0.45584	0.45584	0	0	0	0	0.45584	0.45584	0	0	0	0	0	0.45584	0.45584	0.45584	0.45584	0	0	0	0	0	0	0	0	0	0	0	0	0.45584	0.45584	0	0	0	0	0	0	0	0	0	0	0	0	0	0	0	0	0	0	0	0	0	0	0	0	0	0	0	0.45584	0.45584	0	0	0	0	0	0	0	0	0.45584	0.45584	0	0	0	0	0	0.45584	0.45584	0	0	0	0	0	0	0	0	0	0	0	0.45584	0.45584	0	0	0	0	0	0	0	0	0.45584	0.45584	0	0	0.45584	0.45584	0	0	0	0	0.45584	0.45584	0	0	0	0	0.45584	0.45584	0	0	0	0	0	0	0	0.45584	0.45584	0	0	0	0.45584	0.45584	0	0
0	0	0	0	0.455797	0.455797	0	0	0	0	0	0.455797	0.455797	0	0	0	0	0	0	0	0	0.455797	0.455797	0	0	0	0	0	0	0	0	0	0	0	0.455797	0.455797	0	0	0.455797	0.455797	0	0	0	0	0	0	0	0	0.455797	0.455797	0	0	0	0	0.455797	0.455797	0	0	0	0	0	0.455797	0.455797	0	0.455797	0.455797	0	0	0.455797	0.455797	0	0.455797	0.455797	0	0.455797	0.455797	0	0.455797	0.455797	0	0.455797	0.455797	0	0.455797	0.455797	0	0.455797	0.455797	0	0.455797	0.455797	0	0.455797	0.455797	0	0	0.455797	0.455797	0	0	0.455797	0.455797	0	0	0	0	0	0	0	0.455797	0.455797	0	0	0	0	0	0	0.455797	0.455797	0	0	0	0	0	0.455797	0.455797	0	0	0	0	0.455797	0.455797	0	0	0	0	0	0.455797	0.455797	0.455797	0.455797	0	0	0	0	0	0	0	0	0	0	0	0	0.455797	0.455797	0	0	0	0	0	0	0	0	0	0	0	0	0	0	0	0	0	0	0	0	0	0	0	0	0	0	0	0.455797	0.455797	0	0	0	0	0	0	0	0	0.455797	0.455797	0	0	0	0	0	0.455797	0.455797	0	0	0	0	0	0	0	0	0	0	0	0.455797	0.455797	0	0	0	0	0	0	0	0	0.455797	0.455797	0	0	0.455797	0.455797	0	0	0	0	0.455797	0.455797	0	0	0	0	0.455797	0.455797	0	0	0	0	0	0	0	0.455797	0.455797	0	0	0	0.455797	0.455797	0	0
0	0	0	0	0.455753	0.455753	0	0	0	0	0	0.455753	0.455753	0	0	0	0	0	0	0	0	0.455753	0.455753	0	0	0	0	0	0	0	0	0	0	0	0.455753	0.455753	0	0	0.455753	0.455753	0	0	0	0	0	0	0	0	0.455753	0.455753	0	0	0	0	0.455753	0.455753	0	0	0	0	0	0.455753	0.455753	0	0.455753	0.455753	0	0	0.455753	0.455753	0	0.455753	0.455753	0	0.455753	0.455753	0	0.455753	0.455753	0	0.455753	0.455753	0	0.455753	0.455753	0	0.455753	0.455753	0	0.455753	0.455753	0	0.455753	0.455753	0	0	0.455753	0.455753	0	0	0.455753	0.455753	0	0	0	0	0	0	0	0.455753	0.455753	0	0	0	0	0	0	0.455753	0.455753	0	0	0	0	0	0.455753	0.455753	0	0	0	0	0.455753	0.455753	0	0	0	0	0	0.455753	0.455753	0.455753	0.455753	0	0	0	0	0	0	0	0	0	0	0	0	0.455753	0.455753	0	0	0	0	0	0	0	0	0	0	0	0	0	0	0	0	0	0	0	0	0	0	0	0	0	0	0	0.455753	0.455753	0	0	0	0	0	0	0	0	0.455753	0.455753	0	0	0	0	0	0.455753	0.455753	0	0	0	0	0	0	0	0	0	0	0	0.455753	0.455753	0	0	0	0	0	0	0	0	0.455753	0.455753	0	0	0.455753	0.455753	0	0	0	0	0.455753	0.455753	0	0	0	0	0.455753	0.455753	0	0	0	0	0	0	0	0.455753	0.455753	0	0	0	0.455753	0.455753	0	0
0	0	0.161126	0.360294	0.483367	0.360275	0	0.161126	0.360294	0.455739	0.455739	0.483367	0.360275	0	0	0	0	0	0.161126	0.360294	0.455739	0.483367	0.360275	0	0	0	0	0	0	0	0	0	0	0	0.360275	0.483367	0.455739	0.455739	0.483367	0.360275	0	0	0	0	0	0.161126	0.360294	0.455739	0.483367	0.360275	0	0	0	0	0.360275	0.483367	0.455739	0.360294	0.161126	0	0	0.360275	0.483367	0.455739	0.644478	0.644478	0.360294	0.161126	0.360275	0.483367	0.455739	0.644478	0.644478	0.455739	0.644478	0.644478	0.455739	0.644478	0.644478	0.455739	0.644478	0.644478	0.455739	0.664321	0.867644	0.805603	0.82154	0.867644	0.805603	0.805578	0.644478	0.455739	0.664321	0.867644	0.805603	0.580946	0.664321	0.867644	0.805603	0.580946	0.664321	0.867644	0.91142	0.91142	0.91142	0.91142	0.91142	0.805603	0.580946	0.664321	0.867644	0.91142	0.91142	0.91142	0.805603	0.580946	0.455739	0.664321	0.867644	0.91142	0.91142	0.805603	0.580946	0.455739	0.664321	0.867644	0.91142	0.91142	0.805603	0.580946	0.644478	0.644478	0.455739	0.455739	0.455739	0.360294	0.161126	0.360275	0.509503	0.509503	0.483367	0.455739	0.360294	0.161126	0	0	0	0.161126	0.360294	0.455739	0.455739	0.455739	0.455739	0.483367	0.360275	0	0	0	0	0	0	0	0	0	0	0	0	0	0	0	0	0	0	0	0	0	0	0	0	0.161126	0.360294	0.455739	0.483367	0.360275	0	0	0	0	0	0	0	0	0.45571	0.45571	0	0	0	0	0	0.360275	0.483367	0.455739	0.455739	0.455739	0.455739	0.455739	0.455739	0.455739	0.360294	0.161126	0	0	0.360275	0.483367	0.455739	0.455739	0.455739	0.455739	0.455739	0.455739	0.455739	0.455739	0.644478	0.644478	0.455739	0.455739	0.644478	0.644478	0.455739	0.455739	0.455739	0.455739	0.644478	0.644478	0.455739	0.455739	0.455739	0.455739	0.644478	0.644478	0.455739	0.455739	0.455739	0.455739	0.455739	0.455739	0.455739	0.644478	0.644478	0.455739	0.455739	0.455739	0.644478	0.644478	0.455739	0.455739
0	0	0.360241	0.483321	0.360259	0.16111	0	0.360241	0.483321	0.455695	0.455695	0.360259	0.16111	0	0	0	0	0	0.360241	0.483321	0.455695	0.360259	0.16111	0	0	0	0	0	0	0	0	0	0	0	0.16111	0.360259	0.455695	0.455695	0.360259	0.16111	0	0	0	0	0	0.360241	0.483321	0.455695	0.360259	0.16111	0	0	0	0	0.16111	0.360259	0.455695	0.483321	0.360241	0	0	0.16111	0.360259	0.455695	0.644416	0.644416	0.483321	0.360241	0.16111	0.360259	0.455695	0.644416	0.644416	0.455695	0.644416	0.644416	0.455695	0.644416	0.644416	0.455695	0.644416	0.644416	0.455695	0.580891	0.805526	0.867561	0.821461	0.805526	0.867561	0.979894	0.644416	0.455695	0.580891	0.805526	0.867561	0.664257	0.580891	0.805526	0.867561	0.664257	0.580891	0.805526	0.911333	0.911333	0.911333	0.911333	0.911333	0.867561	0.664257	0.580891	0.805526	0.911333	0.911333	0.911333	0.867561	0.664257	0.455695	0.580891	0.805526	0.911333	0.911333	0.867561	0.664257	0.455695	0.580891	0.805526	0.911333	0.911333	0.867561	0.664257	0.644416	0.644416	0.455695	0.455695	0.455695	0.483321	0.360241	0.16111	0.509454	0.509454	0.360259	0.455695	0.483321	0.360241	0	0	0	0.360241	0.483321	0.455695	0.455695	0.455695	0.455695	0.360259	0.16111	0	0	0	0	0	0	0	0	0	0	0	0	0	0	0	0	0	0	0	0	0	0	0	0	0.360241	0.483321	0.455695	0.360259	0.16111	0	0	0	0	0	0	0	0	0.455666	0.455666	0	0	0	0	0	0.16111	0.360259	0.455695	0.455695	0.455695	0.455695	0.455695	0.455695	0.455695	0.483321	0.360241	0	0	0.16111	0.360259	0.455695	0.455695	0.455695	0.455695	0.455695	0.455695	0.455695	0.455695	0.644416	0.644416	0.455695	0.455695	0.644416	0.644416	0.455695	0.455695	0.455695	0.455695	0.644416	0.644416	0.455695	0.455695	0.455695	0.455695	0.644416	0.644416	0.455695	0.455695	0.455695	0.455695	0.455695	0.455695	0.455695	0.644416	0.644416	0.455695	0.455695	0.455695	0.644416	0.644416	0.455695	0.455695
0	0	0.455623	0.455623	0	0	0	0.455623	0.455623	0	0	0	0	0	0	0	0	0	0.455623	0.455623	0	0	0	0	0	0	0	0	0	0	0	0	0	0	0	0	0	0	0	0	0	0	0	0	0	0.455623	0.455623	0	0	0	0	0	0	0	0	0	0	0.455623	0.455623	0	0	0	0	0	0.455623	0.455623	0.455623	0.455623	0	0	0	0.455623	0.455623	0	0.455623	0.455623	0	0.455623	0.455623	0	0.455623	0.455623	0	0	0	0.455623	0.455623	0	0.455623	0.911188	0.455623	0	0	0	0.455623	0.455623	0	0	0.455623	0.455623	0	0	0	0	0	0	0	0.455623	0.455623	0	0	0	0	0	0.455623	0.455623	0	0	0	0	0	0.455623	0.455623	0	0	0	0	0	0.455623	0.455623	0.455623	0.455623	0	0	0	0.455623	0.455623	0	0.455623	0.455623	0	0	0.455623	0.455623	0	0	0	0.455623	0.455623	0	0	0	0	0	0	0	0	0	0	0	0	0	0	0	0	0	0	0	0	0	0	0	0	0	0	0	0	0	0	0.455623	0.455623	0	0	0	0	0	0	0	0	0	0	0	0.455623	0.455623	0	0	0	0	0	0	0	0	0	0	0	0	0	0	0.455623	0.455623	0	0	0	0	0	0	0	0	0	0	0	0	0.455623	0.455623	0	0	0.455623	0.455623	0	0	0	0	0.455623	0.455623	0	0	0	0	0.455623	0.455623	0	0	0	0	0	0	0	0.455623	0.455623	0	0	0	0.455623	0.455623	0	0
0	0	0.455579	0.455579	0	0	0	0.455579	0.455579	0	0	0	0	0	0	0	0	0	0.455579	0.455579	0	0	0	0	0	0	0	0	0	0	0	0	0	0	0	0	0	0	0	0	0	0	0	0	0	0.455579	0.455579	0	0	0	0	0	0	0	0	0	0	0.455579	0.455579	0	0	0	0	0	0.455579	0.455579	0.455579	0.455579	0	0	0	0.455579	0.455579	0	0.455579	0.455579	0	0.455579	0.455579	0	0.455579	0.455579	0	0	0	0.455579	0.455579	0	0.455579	0.911101	0.455579	0	0	0	0.455579	0.455579	0	0	0.455579	0.455579	0	0	0	0	0	0	0	0.455579	0.455579	0	0	0	0	0	0.455579	0.455579	0	0	0	0	0	0.455579	0.455579	0	0	0	0	0	0.455579	0.455579	0.455579	0.455579	0	0	0	0.455579	0.455579	0	0.455579	0.455579	0	0	0.455579	0.455579	0	0	0	0.455579	0.455579	0	0	0	0	0	0	0	0	0	0	0	0	0	0	0	0	0	0	0	0	0	0	0	0	0	0	0	0	0	0	0.455579	0.455579	0	0	0	0	0	0	0	0	0	0	0	0.455579	0.455579	0	0	0	0	0	0	0	0	0	0	0	0	0	0	0.455579	0.455579	0	0	0	0	0	0	0	0	0	0	0	0	0.455579	0.455579	0	0	0.455579	0.455579	0	0	0	0	0.455579	0.455579	0	0	0	0	0.455579	0.455579	0	0	0	0	0	0	0	0.455579	0.455579	0	0	0	0.455579	0.455579	0	0
0	0	0.455536	0.455536	0	0	0	0.455536	0.455536	0	0	0	0	0	0	0	0	0	0.455536	0.455536	0	0	0	0	0	0	0	0	0	0	0	0	0	0	0	0	0	0	0	0	0	0	0	0	0	0.455536	0.455536	0	0	0	0	0	0	0	0	0	0	0.455536	0.455536	0	0	0	0	0	0.455536	0.455536	0.455536	0.455536	0	0	0	0.455536	0.455536	0	0.455536	0.455536	0	0.455536	0.455536	0	0.455536	0.455536	0	0	0	0.455536	0.455536	0	0.455536	0.911014	0.455536	0	0	0	0.455536	0.455536	0	0	0.455536	0.455536	0	0	0	0	0	0	0	0.455536	0.455536	0	0	0	0	0	0.455536	0.455536	0	0	0	0	0	0.455536	0.455536	0	0	0	0	0	0.455536	0.455536	0.455536	0.455536	0	0	0	0.455536	0.455536	0	0.455536	0.455536	0	0	0.455536	0.455536	0	0	0	0.455536	0.455536	0	0	0	0	0	0	0	0	0	0	0	0	0	0	0	0	0	0	0	0	0	0	0	0	0	0	0	0	0	0	0.455536	0.455536	0	0	0	0	0	0	0	0	0	0	0	0.455536	0.455536	0	0	0	0	0	0	0	0	0	0	0	0	0	0	0.455536	0.455536	0	0	0	0	0	0	0	0	0	0	0	0	0.455536	0.455536	0	0	0.455536	0.455536	0	0	0	0	0.455536	0.455536	0	0	0	0	0.455536	0.455536	0	0	0	0	0	0	0	0.455536	0.455536	0	0	0	0.455536	0.455536	0	0
0	0	0.455492	0.455492	0	0	0	0.455492	0.455492	0	0	0	0	0	0	0	0	0	0.455492	0.455492	0	0	0	0	0	0	0	0	0	0	0	0	0	0	0	0	0	0	0	0	0	0	0	0	0	0.455492	0.455492	0	0	0	0	0	0	0	0	0	0	0.455492	0.455492	0	0	0	0	0	0.455492	0.455492	0.455492	0.455492	0	0	0	0.455492	0.455492	0	0.455492	0.455492	0	0.455492	0.455492	0	0.455492	0.455492	0	0	0	0.455492	0.455492	0	0.455492	0.910927	0.455492	0	0	0	0.455492	0.455492	0	0	0.455492	0.455492	0	0	0	0	0	0	0	0.455492	0.455492	0	0	0	0	0	0.455492	0.455492	0	0	0	0	0	0.455492	0.455492	0	0	0	0	0	0.455492	0.455492	0.455492	0.455492	0	0	0	0.455492	0.455492	0	0.455492	0.455492	0	0	0.455492	0.455492	0	0	0	0.455492	0.455492	0	0	0	0	0	0	0	0	0	0	0	0	0	0	0	0	0	0	0	0	0	0	0	0	0	0	0	0	0	0	0.455492	0.455492	0	0	0	0	0	0	0	0	0	0	0	0.455492	0.455492	0	0	0	0	0	0	0	0	0	0	0	0	0	0	0.455492	0.455492	0	0	0	0	0	0	0	0	0	0	0	0	0.455492	0.455492	0	0	0.455492	0.455492	0	0	0	0	0.455492	0.455492	0	0	0	0	0.455492	0.455492	0	0	0	0	0	0	0	0.455492	0.455492	0	0	0	0.455492	0.455492	0	0
0	0	0.455449	0.455449	0	0	0	0.455449	0.455449	0	0	0	0	0	0	0	0	0	0.455449	0.455449	0	0	0	0	0	0	0	0	0	0	0	0	0	0	0	0	0	0	0	0	0	0	0	0	0	0.455449	0.455449	0	0	0	0	0	0	0	0	0	0	0.455449	0.455449	0	0	0	0	0	0.455449	0.455449	0.455449	0.455449	0	0	0	0.455449	0.455449	0	0.455449	0.455449	0	0.455449	0.455449	0	0.455449	0.455449	0	0	0	0.455449	0.455449	0	0.455449	0.91084	0.455449	0	0	0	0.455449	0.455449	0	0	0.455449	0.455449	0	0	0	0	0	0	0	0.455449	0.455449	0	0	0	0	0	0.455449	0.455449	0	0	0	0	0	0.455449	0.455449	0	0	0	0	0	0.455449	0.455449	0.455449	0.455449	0	0	0	0.455449	0.455449	0	0.455449	0.455449	0	0	0.455449	0.455449	0	0	0	0.455449	0.455449	0	0	0	0	0	0	0	0	0	0	0	0	0	0	0	0	0	0	0	0	0	0	0	0	0	0	0	0	0	0	0.455449	0.455449	0	0	0	0	0	0	0	0	0	0	0	0.455449	0.455449	0	0	0	0	0	0	0	0	0	0	0	0	0	0	0.455449	0.455449	0	0	0	0	0	0	0	0	0	0	0	0	0.455449	0.455449	0	0	0.455449	0.455449	0	0	0	0	0.455449	0.455449	0	0	0	0	0.455449	0.455449	0	0	0	0	0	0	0	0.455449	0.455449	0	0	0	0.455449	0.455449	0	0
0	0	0.455406	0.455406	0	0	0	0.455406	0.455406	0	0	0	0	0	0	0	0	0	0.455406	0.455406	0	0	0	0	0	0	0	0	0	0	0	0	0	0	0	0	0	0	0	0	0	0	0	0	0	0.455406	0.455406	0	0	0	0	0	0	0	0	0	0	0.455406	0.455406	0	0	0	0	0	0.455406	0.455406	0.455406	0.455406	0	0	0	0.455406	0.455406	0	0.455406	0.455406	0	0.455406	0.455406	0	0.455406	0.455406	0	0	0	0.455406	0.455406	0	0.455406	0.910754	0.455406	0	0	0	0.455406	0.455406	0	0	0.455406	0.455406	0	0	0	0	0	0	0	0.455406	0.455406	0	0	0	0	0	0.455406	0.455406	0	0	0	0	0	0.455406	0.455406	0	0	0	0	0	0.455406	0.455406	0.455406	0.455406	0	0	0	0.455406	0.455406	0	0.455406	0.455406	0	0	0.455406	0.455406	0	0	0	0.455406	0.455406	0	0	0	0	0	0	0	0	0	0	0	0	0	0	0	0	0	0	0	0	0	0	0	0	0	0	0	0	0	0	0.455406	0.455406	0	0	0	0	0	0	0	0	0	0	0	0.455406	0.455406	0	0	0	0	0	0	0	0	0	0	0	0	0	0	0.455406	0.455406	0	0	0	0	0	0	0	0	0	0	0	0	0.455406	0.455406	0	0	0.455406	0.455406	0	0	0	0	0.455406	0.455406	0	0	0	0	0.455406	0.455406	0	0	0	0	0	0	0	0.455406	0.455406	0	0	0	0.455406	0.455406	0	0
0	0	0.455362	0.455362	0	0	0	0.455362	0.455362	0	0	0	0	0	0	0	0	0	0.455362	0.455362	0	0	0	0	0	0	0	0	0	0	0	0	0	0	0	0	0	0	0	0	0	0	0	0	0	0.455362	0.455362	0	0	0	0	0	0	0	0	0	0	0.455362	0.455362	0	0	0	0	0	0.455362	0.455362	0.455362	0.455362	0	0	0	0.455362	0.455362	0	0.455362	0.455362	0	0.455362	0.455362	0	0.455362	0.455362	0	0	0	0.455362	0.455362	0	0.455362	0.910667	0.455362	0	0	0	0.455362	0.455362	0	0	0.455362	0.455362	0	0	0	0	0	0	0	0.455362	0.455362	0	0	0	0	0	0.455362	0.455362	0	0	0	0	0	0.455362	0.455362	0	0	0	0	0	0.455362	0.455362	0.455362	0.455362	0	0	0	0.455362	0.455362	0	0.455362	0.455362	0	0	0.455362	0.455362	0	0	0	0.455362	0.455362	0	0	0	0	0	0	0	0	0	0	0	0	0	0	0	0	0	0	0	0	0	0	0	0	0	0	0	0	0	0	0.455362	0.455362	0	0	0	0	0	0	0	0	0	0	0	0.455362	0.455362	0	0	0	0	0	0	0	0	0	0	0	0	0	0	0.455362	0.455362	0	0	0	0	0	0	0	0	0	0	0	0	0.455362	0.455362	0	0	0.455362	0.455362	0	0	0	0	0.455362	0.455362	0	0	0	0	0.455362	0.455362	0	0	0	0	0	0	0	0.455362	0.455362	0	0	0	0.455362	0.455362	0	0
0	0	0.455319	0.455319	0	0	0	0.455319	0.455319	0	0	0	0	0	0	0	0	0	0.455319	0.455319	0	0	0	0	0	0	0	0	0	0	0	0	0	0	0	0	0	0	0	0	0	0	0	0	0	0.455319	0.455319	0	0	0	0	0	0	0	0	0	0	0.455319	0.455319	0	0	0	0	0	0.455319	0.455319	0.455319	0.455319	0	0	0	0.455319	0.455319	0	0.455319	0.455319	0	0.455319	0.455319	0	0.455319	0.455319	0	0	0	0.455319	0.455319	0	0.455319	0.91058	0.455319	0	0	0	0.455319	0.455319	0	0	0.455319	0.455319	0	0	0	0	0	0	0	0.455319	0.455319	0	0	0	0	0	0.455319	0.455319	0	0	0	0	0	0.455319	0.455319	0	0	0	0	0	0.455319	0.455319	0.455319	0.455319	0	0	0	0.455319	0.455319	0	0.455319	0.455319	0	0	0.455319	0.455319	0	0	0	0.455319	0.455319	0	0	0	0	0	0	0	0	0	0	0	0	0	0	0	0	0	0	0	0	0	0	0	0	0	0	0	0	0	0	0.455319	0.455319	0	0	0	0	0	0	0	0	0	0	0	0.455319	0.455319	0	0	0	0	0	0	0	0	0	0	0	0	0	0	0.455319	0.455319	0	0	0	0	0	0	0	0	0	0	0	0	0.455319	0.455319	0	0	0.455319	0.455319	0	0	0	0	0.455319	0.455319	0	0	0	0	0.455319	0.455319	0	0	0	0	0	0	0	0.455319	0.455319	0	0	0	0.455319	0.455319	0	0
0	0	0.455275	0.455275	0	0	0	0.455275	0.455275	0	0	0	0	0	0	0	0	0	0.455275	0.455275	0	0	0	0	0	0	0	0	0	0	0	0	0	0	0	0	0	0	0	0	0	0	0	0	0	0.455275	0.455275	0	0	0	0	0	0	0	0	0	0	0.455275	0.455275	0	0	0	0	0	0.455275	0.455275	0.455275	0.455275	0	0	0	0.455275	0.455275	0	0.455275	0.455275	0	0.455275	0.455275	0	0.455275	0.455275	0	0	0	0.455275	0.455275	0	0.455275	0.910493	0.455275	0	0	0	0.455275	0.455275	0	0	0.455275	0.455275	0	0	0	0	0	0	0	0.455275	0.455275	0	0	0	0	0	0.455275	0.455275	0	0	0	0	0	0.455275	0.455275	0	0	0	0	0	0.455275	0.455275	0.455275	0.455275	0	0	0	0.455275	0.455275	0	0.455275	0.455275	0	0	0.455275	0.455275	0	0	0	0.455275	0.455275	0	0	0	0	0	0	0	0	0	0	0	0	0	0	0	0	0	0	0	0	0	0	0	0	0	0	0	0	0	0	0.455275	0.455275	0	0	0	0	0	0	0	0	0	0	0	0.455275	0.455275	0	0	0	0	0	0	0	0	0	0	0	0	0	0	0.455275	0.455275	0	0	0	0	0	0	0	0	0	0	0	0	0.455275	0.455275	0	0	0.455275	0.455275	0	0	0	0	0.455275	0.455275	0	0	0	0	0.455275	0.455275	0	0	0	0	0	0	0	0.455275	0.455275	0	0	0	0.455275	0.455275	0	0
0	0	0.455232	0.455232	0	0	0	0.455232	0.455232	0	0	0	0	0	0	0	0	0	0.455232	0.455232	0	0	0	0	0	0	0	0	0	0	0	0	0	0	0	0	0	0	0	0	0	0	0	0	0	0.455232	0.455232	0	0	0	0	0	0	0	0	0	0	0.455232	0.455232	0	0	0	0	0	0.455232	0.455232	0.455232	0.455232	0	0	0	0.455232	0.455232	0	0.455232	0.455232	0	0.455232	0.455232	0	0.455232	0.455232	0	0	0	0.455232	0.455232	0	0.455232	0.910406	0.455232	0	0	0	0.455232	0.455232	0	0	0.455232	0.455232	0	0	0	0	0	0	0	0.455232	0.455232	0	0	0	0	0	0.455232	0.455232	0	0	0	0	0	0.455232	0.455232	0	0	0	0	0	0.455232	0.455232	0.455232	0.455232	0	0	0	0.455232	0.455232	0	0.455232	0.455232	0	0	0.455232	0.455232	0	0	0	0.455232	0.455232	0	0	0	0	0	0	0	0	0	0	0	0	0	0	0	0	0	0	0	0	0	0	0	0	0	0	0	0	0	0	0.455232	0.455232	0	0	0	0	0	0	0	0	0	0	0	0.455232	0.455232	0	0	0	0	0	0	0	0	0	0	0	0	0	0	0.455232	0.455232	0	0	0	0	0	0	0	0	0	0	0	0	0.455232	0.455232	0	0	0.455232	0.455232	0	0	0	0	0.455232	0.455232	0	0	0	0	0.455232	0.455232	0	0	0	0	0	0	0	0.455232	0.455232	0	0	0	0.455232	0.455232	0	0
0.160942	0.359882	0.482814	0.359863	0	0	0	0.455188	0.455188	0	0	0	0	0	0	0.160942	0.359882	0.455217	0.482814	0.359863	0	0	0	0	0	0	0	0	0	0	0	0	0	0	0	0	0	0	0	0	0	0	0	0	0	0.455188	0.455188	0	0	0	0	0	0	0	0	0	0	0.359863	0.482814	0.455217	0.455217	0.359882	0.160942	0	0.359863	0.50892	0.50892	0.482814	0.455217	0.455217	0.359882	0.50892	0.482814	0.359882	0.50892	0.482814	0.455217	0.643741	0.643741	0.455217	0.643741	0.643741	0.455217	0.455217	0.455217	0.643741	0.643741	0.455217	0.643741	0.978866	0.866652	0.804681	0.580282	0.455217	0.663561	0.866652	0.804681	0.580282	0.663561	0.866652	0.910377	0.804681	0.580282	0.455217	0.455217	0.455217	0.455217	0.663561	0.866652	0.910377	0.910377	0.910377	0.910377	0.910377	1.0178	1.0178	0.910377	0.910377	0.910377	0.804681	0.580282	0.663561	0.866652	0.910377	0.804681	0.580282	0.455217	0.455217	0.643741	0.643741	0.643741	0.643741	0.455217	0.359882	0.160942	0.359863	0.482814	0.455217	0.643741	0.643741	0.455217	0.455217	0.643741	0.643741	0.455217	0.455217	0.359882	0.50892	0.482814	0.455217	0.359882	0.160942	0	0	0	0	0	0	0	0	0	0	0	0	0	0	0	0	0	0	0	0	0	0	0	0	0	0	0	0.359863	0.482814	0.455217	0.455217	0.455217	0.455217	0.455217	0.455217	0.455217	0.359882	0.160942	0	0	0.359863	0.482814	0.455217	0.359882	0.160942	0	0	0	0	0	0	0	0	0	0	0	0.359863	0.482814	0.455217	0.455217	0.455217	0.359882	0.160942	0	0	0	0	0	0	0	0.359863	0.482814	0.455217	0.455217	0.643741	0.643741	0.455217	0.455217	0.455217	0.455217	0.643741	0.643741	0.455217	0.455217	0.455217	0.455217	0.663561	0.866652	0.804681	0.580282	0.455217	0.455217	0.455217	0.455217	0.455217	0.643741	0.643741	0.455217	0.455217	0.455217	0.663561	0.866652	0.804681	0.580282
0.359829	0.482768	0.359847	0.160926	0	0	0	0.455145	0.455145	0	0	0	0	0	0	0.359829	0.482768	0.455174	0.359847	0.160926	0	0	0	0	0	0	0	0	0	0	0	0	0	0	0	0	0	0	0	0	0	0	0	0	0	0.455145	0.455145	0	0	0	0	0	0	0	0	0	0	0.160926	0.359847	0.455174	0.455174	0.482768	0.359829	0	0.160926	0.508871	0.508871	0.359847	0.455174	0.455174	0.482768	0.508871	0.359847	0.482768	0.508871	0.359847	0.455174	0.643679	0.643679	0.455174	0.643679	0.643679	0.455174	0.455174	0.455174	0.643679	0.643679	0.455174	0.643679	0.80458	0.804605	0.866569	0.663498	0.455174	0.580226	0.804605	0.866569	0.663498	0.580226	0.804605	0.910291	0.866569	0.663498	0.455174	0.455174	0.455174	0.455174	0.580226	0.804605	0.910291	0.910291	0.910291	0.910291	0.910291	1.0177	1.0177	0.910291	0.910291	0.910291	0.866569	0.663498	0.580226	0.804605	0.910291	0.866569	0.663498	0.455174	0.455174	0.643679	0.643679	0.643679	0.643679	0.455174	0.482768	0.359829	0.160926	0.359847	0.455174	0.643679	0.643679	0.455174	0.455174	0.643679	0.643679	0.455174	0.455174	0.482768	0.508871	0.359847	0.455174	0.482768	0.359829	0	0	0	0	0	0	0	0	0	0	0	0	0	0	0	0	0	0	0	0	0	0	0	0	0	0	0	0.160926	0.359847	0.455174	0.455174	0.455174	0.455174	0.455174	0.455174	0.455174	0.482768	0.359829	0	0	0.160926	0.359847	0.455174	0.482768	0.359829	0	0	0	0	0	0	0	0	0	0	0	0.160926	0.359847	0.455174	0.455174	0.455174	0.482768	0.359829	0	0	0	0	0	0	0	0.160926	0.359847	0.455174	0.455174	0.643679	0.643679	0.455174	0.455174	0.455174	0.455174	0.643679	0.643679	0.455174	0.455174	0.455174	0.455174	0.580226	0.804605	0.866569	0.663498	0.455174	0.455174	0.455174	0.455174	0.455174	0.643679	0.643679	0.455174	0.455174	0.455174	0.580226	0.804605	0.866569	0.663498
0.455102	0.455102	0	0	0	0	0	0.455102	0.455102	0	0	0	0	0	0	0.455102	0.455102	0	0	0	0	0	0	0	0	0	0	0	0	0	0	0	0	0	0	0	0	0	0	0	0	0	0	0	0	0.455102	0.455102	0	0	0	0	0	0	0	0	0	0	0	0	0	0	0.455102	0.455102	0	0	0.455102	0.455102	0	0	0	0.455102	0.455102	0	0.455102	0.455102	0	0	0.455102	0.455102	0	0.455102	0.455102	0	0	0	0.455102	0.455102	0	0.455102	0.455102	0	0.455102	0.455102	0	0	0	0.455102	0.455102	0	0	0	0.455102	0.455102	0	0	0	0	0	0	0	0	0	0	0	0.455102	0.455102	0	0	0	0.455102	0.455102	0	0	0	0.455102	0.455102	0	0	0.455102	0.455102	0.455102	0.455102	0	0.455102	0.455102	0	0	0	0.455102	0.455102	0	0	0.455102	0.455102	0	0	0.455102	0.455102	0	0	0.455102	0.455102	0	0	0	0	0	0	0	0	0	0	0	0	0	0	0	0	0	0	0	0	0	0	0	0	0	0	0	0	0	0	0	0	0	0	0	0	0.455102	0.455102	0	0	0	0	0	0.455102	0.455102	0	0	0	0	0	0	0	0	0	0	0	0	0	0	0	0	0.455102	0.455102	0	0	0	0	0	0	0	0	0	0	0	0.455102	0.455102	0	0	0	0	0.455102	0.455102	0	0	0	0	0	0	0.455102	0.455102	0	0	0	0	0	0.455102	0.455102	0	0	0	0	0	0.455102	0.455102
0.455058	0.455058	0	0	0	0	0	0.455058	0.455058	0	0	0	0	0	0	0.455058	0.455058	0	0	0	0	0	0	0	0	0	0	0	0	0	0	0	0	0	0	0	0	0	0	0	0	0	0	0	0	0.455058	0.455058	0	0	0	0	0	0	0	0	0	0	0	0	0	0	0.455058	0.455058	0	0	0.455058	0.455058	0	0	0	0.455058	0.455058	0	0.455058	0.455058	0	0	0.455058	0.455058	0	0.455058	0.455058	0	0	0	0.455058	0.455058	0	0.455058	0.455058	0	0.455058	0.455058	0	0	0	0.455058	0.455058	0	0	0	0.455058	0.455058	0	0	0	0	0	0	0	0	0	0	0	0.455058	0.455058	0	0	0	0.455058	0.455058	0	0	0	0.455058	0.455058	0	0	0.455058	0.455058	0.455058	0.455058	0	0.455058	0.455058	0	0	0	0.455058	0.455058	0	0	0.455058	0.455058	0	0	0.455058	0.455058	0	0	0.455058	0.455058	0	0	0	0	0	0	0	0	0	0	0	0	0	0	0	0	0	0	0	0	0	0	0	0	0	0	0	0	0	0	0	0	0	0	0	0	0.455058	0.455058	0	0	0	0	0	0.455058	0.455058	0	0	0	0	0	0	0	0	0	0	0	0	0	0	0	0	0.455058	0.455058	0	0	0	0	0	0	0	0	0	0	0	0.455058	0.455058	0	0	0	0	0.455058	0.455058	0	0	0	0	0	0	0.455058	0.455058	0	0	0	0	0	0.455058	0.455058	0	0	0	0	0	0.455058	0.455058
0.455015	0.455015	0	0	0	0	0	0.455015	0.455015	0	0	0	0	0	0	0.455015	0.455015	0	0	0	0	0	0	0	0	0	0	0	0	0	0	0	0	0	0	0	0	0	0	0	0	0	0	0	0	0.455015	0.455015	0	0	0	0	0	0	0	0	0	0	0	0	0	0	0.455015	0.455015	0	0	0.455015	0.455015	0	0	0	0.455015	0.455015	0	0.455015	0.455015	0	0	0.455015	0.455015	0	0.455015	0.455015	0	0	0	0.455015	0.455015	0	0.455015	0.455015	0	0.455015	0.455015	0	0	0	0.455015	0.455015	0	0	0	0.455015	0.455015	0	0	0	0	0	0	0	0	0	0	0	0.455015	0.455015	0	0	0	0.455015	0.455015	0	0	0	0.455015	0.455015	0	0	0.455015	0.455015	0.455015	0.455015	0	0.455015	0.455015	0	0	0	0.455015	0.455015	0	0	0.455015	0.455015	0	0	0.455015	0.455015	0	0	0.455015	0.455015	0	0	0	0	0	0	0	0	0	0	0	0	0	0	0	0	0	0	0	0	0	0	0	0	0	0	0	0	0	0	0	0	0	0	0	0	0.455015	0.455015	0	0	0	0	0	0.455015	0.455015	0	0	0	0	0	0	0	0	0	0	0	0	0	0	0	0	0.455015	0.455015	0	0	0	0	0	0	0	0	0	0	0	0.455015	0.455015	0	0	0	0	0.455015	0.455015	0	0	0	0	0	0	0.455015	0.455015	0	0	0	0	0	0.455015	0.455015	0	0	0	0	0	0.455015	0.455015
0.454972	0.454972	0	0	0	0	0	0.454972	0.454972	0	0	0	0	0	0	0.454972	0.454972	0	0	0	0	0	0	0	0	0	0	0	0	0	0	0	0	0	0	0	0	0	0	0	0	0	0	0	0	0.454972	0.454972	0	0	0	0	0	0	0	0	0	0	0	0	0	0	0.454972	0.454972	0	0	0.454972	0.454972	0	0	0	0.454972	0.454972	0	0.454972	0.454972	0	0	0.454972	0.454972	0	0.454972	0.454972	0	0	0	0.454972	0.454972	0	0.454972	0.454972	0	0.454972	0.454972	0	0	0	0.454972	0.454972	0	0	0	0.454972	0.454972	0	0	0	0	0	0	0	0	0	0	0	0.454972	0.454972	0	0	0	0.454972	0.454972	0	0	0	0.454972	0.454972	0	0	0.454972	0.454972	0.454972	0.454972	0	0.454972	0.454972	0	0	0	0.454972	0.454972	0	0	0.454972	0.454972	0	0	0.454972	0.454972	0	0	0.454972	0.454972	0	0	0	0	0	0	0	0	0	0	0	0	0	0	0	0	0	0	0	0	0	0	0	0	0	0	0	0	0	0	0	0	0	0	0	0	0.454972	0.454972	0	0	0	0	0	0.454972	0.454972	0	0	0	0	0	0	0	0	0	0	0	0	0	0	0	0	0.454972	0.454972	0	0	0	0	0	0	0	0	0	0	0	0.454972	0.454972	0	0	0	0	0.454972	0.454972	0	0	0	0	0	0	0.454972	0.454972	0	0	0	0	0	0.454972	0.454972	0	0	0	0	0	0.454972	0.454972
0.454928	0.454928	0	0	0	0	0	0.454928	0.454928	0	0	0	0	0	0	0.454928	0.454928	0	0	0	0	0	0	0	0	0	0	0	0	0	0	0	0	0	0	0	0	0	0	0	0	0	0	0	0	0.454928	0.454928	0	0	0	0	0	0	0	0	0	0	0	0	0	0	0.454928	0.454928	0	0	0.454928	0.454928	0	0	0	0.454928	0.454928	0	0.454928	0.454928	0	0	0.454928	0.454928	0	0.454928	0.454928	0	0	0	0.454928	0.454928	0	0.454928	0.454928	0	0.454928	0.454928	0	0	0	0.454928	0.454928	0	0	0	0.454928	0.454928	0	0	0	0	0	0	0	0	0	0	0	0.454928	0.454928	0	0	0	0.454928	0.454928	0	0	0	0.454928	0.454928	0	0	0.454928	0.454928	0.454928	0.454928	0	0.454928	0.454928	0	0	0	0.454928	0.454928	0	0	0.454928	0.454928	0	0	0.454928	0.454928	0	0	0.454928	0.454928	0	0	0	0	0	0	0	0	0	0	0	0	0	0	0	0	0	0	0	0	0	0	0	0	0	0	0	0	0	0	0	0	0	0	0	0	0.454928	0.454928	0	0	0	0	0	0.454928	0.454928	0	0	0	0	0	0	0	0	0	0	0	0	0	0	0	0	0.454928	0.454928	0	0	0	0	0	0	0	0	0	0	0	0.454928	0.454928	0	0	0	0	0.454928	0.454928	0	0	0	0	0	0	0.454928	0.454928	0	0	0	0	0	0.454928	0.454928	0	0	0	0	0	0.454928	0.454928
0.482492	0.359623	0	0	0	0	0	0.454885	0.454885	0	0	0	0	0	0	0.359623	0.482492	0.454914	0.359641	0.160834	0	0	0	0	0	0	0	0	0	0	0	0	0	0	0	0	0	0	0	0	0	0	0	0	0	0.359623	0.482492	0.359641	0.160834	0	0	0	0	0	0	0	0	0	0	0	0	0.359623	0.508581	0.160834	0	0.359623	0.482492	0.454914	0.359641	0.160834	0.359623	0.508581	0.160834	0.359623	0.482492	0.359641	0.160834	0.359623	0.482492	0.359641	0.508581	0.482492	0.454914	0.359641	0.160834	0.359623	0.508581	0.160834	0.359623	0.482492	0.454914	0.643311	0.643311	0.454914	0.359641	0.160834	0.359623	0.482492	0.454914	0.454914	0.454914	0.663118	0.866074	0.804145	0.579895	0.454914	0.454914	0.454914	0.454914	0.454914	0.454914	0.454914	0.454914	0.454914	0.663118	0.820053	0.579895	0.454914	0.454914	0.663118	0.866074	0.90977	0.90977	0.804145	0.820053	0.866074	0.90977	0.90977	0.978234	0.80412	0.663118	0.866074	0.804145	0.820053	0.866074	0.90977	0.90977	0.804145	0.820053	0.820053	0.579895	0.454914	0.643311	0.643311	0.454914	0.454914	0.663118	0.820053	0.579895	0.454914	0.663118	0.866074	0.90977	0.804145	0.579895	0.454914	0.454914	0.454914	0.454914	0.454914	0.454914	0.454914	0.454914	0.454914	0.454914	0.454914	0.454914	0.454914	0.454914	0.454914	0.454914	0.454914	0.454914	0.454914	0.454914	0.454914	0.359641	0.160834	0	0	0	0	0	0	0	0	0	0	0.359623	0.482492	0.454914	0.359641	0.160834	0	0	0.359623	0.482492	0.454914	0.454914	0.454914	0.454914	0.454914	0.454914	0.454914	0.359641	0.160834	0	0	0	0	0	0	0	0.359623	0.482492	0.454914	0.454914	0.454914	0.454914	0.454914	0.454914	0.454914	0.454914	0.454914	0.454914	0.454914	0.643311	0.643311	0.454914	0.454914	0.454914	0.359641	0.508581	0.482492	0.454914	0.454914	0.454914	0.454914	0.454914	0.454914	0.663118	0.820053	0.579895	0.454914	0.454914	0.359641	0.160834	0.359623	0.482492	0.454914	0.454914	0.454914	0.454914	0.454914	0.643311	0.643311
0.359607	0.160819	0	0	0	0	0	0.454842	0.454842	0	0	0	0	0	0	0.160819	0.359607	0.45487	0.482446	0.359589	0	0	0	0	0	0	0	0	0	0	0	0	0	0	0	0	0	0	0	0	0	0	0	0	0	0.160819	0.359607	0.482446	0.359589	0	0	0	0	0	0	0	0	0	0	0	0	0.160819	0.508532	0.359589	0	0.160819	0.359607	0.45487	0.482446	0.359589	0.160819	0.508532	0.359589	0.160819	0.359607	0.482446	0.359589	0.160819	0.359607	0.482446	0.508532	0.359607	0.45487	0.482446	0.359589	0.160819	0.508532	0.359589	0.160819	0.359607	0.45487	0.64325	0.64325	0.45487	0.482446	0.359589	0.160819	0.359607	0.45487	0.45487	0.45487	0.579839	0.804068	0.865991	0.663055	0.45487	0.45487	0.45487	0.45487	0.45487	0.45487	0.45487	0.45487	0.45487	0.579839	0.819975	0.663055	0.45487	0.45487	0.579839	0.804068	0.909684	0.909684	0.865991	0.819975	0.804068	0.909684	0.909684	1.12559	0.97812	0.579839	0.804068	0.865991	0.819975	0.804068	0.909684	0.909684	0.865991	0.819975	0.819975	0.663055	0.45487	0.64325	0.64325	0.45487	0.45487	0.579839	0.819975	0.663055	0.45487	0.579839	0.804068	0.909684	0.865991	0.663055	0.45487	0.45487	0.45487	0.45487	0.45487	0.45487	0.45487	0.45487	0.45487	0.45487	0.45487	0.45487	0.45487	0.45487	0.45487	0.45487	0.45487	0.45487	0.45487	0.45487	0.45487	0.482446	0.359589	0	0	0	0	0	0	0	0	0	0	0.160819	0.359607	0.45487	0.482446	0.359589	0	0	0.160819	0.359607	0.45487	0.45487	0.45487	0.45487	0.45487	0.45487	0.45487	0.482446	0.359589	0	0	0	0	0	0	0	0.160819	0.359607	0.45487	0.45487	0.45487	0.45487	0.45487	0.45487	0.45487	0.45487	0.45487	0.45487	0.45487	0.64325	0.64325	0.45487	0.45487	0.45487	0.482446	0.508532	0.359607	0.45487	0.45487	0.45487	0.45487	0.45487	0.45487	0.579839	0.819975	0.663055	0.45487	0.45487	0.482446	0.359589	0.160819	0.359607	0.45487	0.45487	0.45487	0.45487	0.45487	0.64325	0.64325
0	0	0	0	0	0	0	0.454798	0.454798	0	0	0	0	0	0	0	0	0	0.454798	0.454798	0	0	0	0	0	0	0	0	0	0	0	0	0	0	0	0	0	0	0	0	0	0	0	0	0	0	0	0.454798	0.454798	0	0	0	0	0	0	0	0	0	0	0	0	0	0.454798	0.454798	0	0	0	0	0.454798	0.454798	0	0.454798	0.454798	0	0	0.454798	0.454798	0	0	0.454798	0.454798	0	0	0.454798	0.454798	0	0.454798	0.454798	0	0	0	0.454798	0.454798	0	0.454798	0.454798	0	0	0	0	0	0	0	0.454798	0.454798	0	0	0	0	0	0	0	0	0	0	0.454798	0.454798	0	0	0	0	0	0	0.454798	0.454798	0	0	0	0.909539	0.909539	0	0	0.454798	0.454798	0	0	0	0.454798	0.454798	0.454798	0.454798	0	0.454798	0.454798	0	0	0	0.454798	0.454798	0	0	0	0	0.454798	0.454798	0	0	0	0	0	0	0	0	0	0	0	0	0	0	0	0	0	0	0	0	0	0.454798	0.454798	0	0	0	0	0	0	0	0	0	0	0	0	0	0.454798	0.454798	0	0	0	0	0	0	0	0	0	0	0	0.454798	0.454798	0	0	0	0	0	0	0	0	0	0	0	0	0	0	0	0	0	0	0	0	0.454798	0.454798	0	0	0	0.454798	0.454798	0	0	0	0	0	0	0	0	0.454798	0.454798	0	0	0.454798	0.454798	0	0	0	0	0	0	0	0.454798	0.454798
0	0	0	0	0	0	0	0.454755	0.454755	0	0	0	0	0	0	0	0	0	0.454755	0.454755	0	0	0	0	0	0	0	0	0	0	0	0	0	0	0	0	0	0	0	0	0	0	0	0	0	0	0	0.454755	0.454755	0	0	0	0	0	0	0	0	0	0	0	0	0	0.454755	0.454755	0	0	0	0	0.454755	0.454755	0	0.454755	0.454755	0	0	0.454755	0.454755	0	0	0.454755	0.454755	0	0	0.454755	0.454755	0	0.454755	0.454755	0	0	0	0.454755	0.454755	0	0.454755	0.454755	0	0	0	0	0	0	0	0.454755	0.454755	0	0	0	0	0	0	0	0	0	0	0.454755	0.454755	0	0	0	0	0	0	0.454755	0.454755	0	0	0	0.909453	0.909453	0	0	0.454755	0.454755	0	0	0	0.454755	0.454755	0.454755	0.454755	0	0.454755	0.454755	0	0	0	0.454755	0.454755	0	0	0	0	0.454755	0.454755	0	0	0	0	0	0	0	0	0	0	0	0	0	0	0	0	0	0	0	0	0	0.454755	0.454755	0	0	0	0	0	0	0	0	0	0	0	0	0	0.454755	0.454755	0	0	0	0	0	0	0	0	0	0	0	0.454755	0.454755	0	0	0	0	0	0	0	0	0	0	0	0	0	0	0	0	0	0	0	0	0.454755	0.454755	0	0	0	0.454755	0.454755	0	0	0	0	0	0	0	0	0.454755	0.454755	0	0	0.454755	0.454755	0	0	0	0	0	0	0	0.454755	0.454755
0	0	0	0	0	0	0	0.454712	0.454712	0	0	0	0	0	0	0	0	0	0.454712	0.454712	0	0	0	0	0	0	0	0	0	0	0	0	0	0	0	0	0	0	0	0	0	0	0	0	0	0	0	0.454712	0.454712	0	0	0	0	0	0	0	0	0	0	0	0	0	0.454712	0.454712	0	0	0	0	0.454712	0.454712	0	0.454712	0.454712	0	0	0.454712	0.454712	0	0	0.454712	0.454712	0	0	0.454712	0.454712	0	0.454712	0.454712	0	0	0	0.454712	0.454712	0	0.454712	0.454712	0	0	0	0	0	0	0	0.454712	0.454712	0	0	0	0	0	0	0	0	0	0	0.454712	0.454712	0	0	0	0	0	0	0.454712	0.454712	0	0	0	0.909366	0.909366	0	0	0.454712	0.454712	0	0	0	0.454712	0.454712	0.454712	0.454712	0	0.454712	0.454712	0	0	0	0.454712	0.454712	0	0	0	0	0.454712	0.454712	0	0	0	0	0	0	0	0	0	0	0	0	0	0	0	0	0	0	0	0	0	0.454712	0.454712	0	0	0	0	0	0	0	0	0	0	0	0	0	0.454712	0.454712	0	0	0	0	0	0	0	0	0	0	0	0.454712	0.454712	0	0	0	0	0	0	0	0	0	0	0	0	0	0	0	0	0	0	0	0	0.454712	0.454712	0	0	0	0.454712	0.454712	0	0	0	0	0	0	0	0	0.454712	0.454712	0	0	0.454712	0.454712	0	0	0	0	0	0	0	0.454712	0.454712
0	0	0	0	0	0	0	0.454668	0.454668	0	0	0	0	0	0	0	0	0	0.454668	0.454668	0	0	0	0	0	0	0	0	0	0	0	0	0	0	0	0	0	0	0	0	0	0	0	0	0	0	0	0.454668	0.454668	0	0	0	0	0	0	0	0	0	0	0	0	0	0.454668	0.454668	0	0	0	0	0.454668	0.454668	0	0.454668	0.454668	0	0	0.454668	0.454668	0	0	0.454668	0.454668	0	0	0.454668	0.454668	0	0.454668	0.454668	0	0	0	0.454668	0.454668	0	0.454668	0.454668	0	0	0	0	0	0	0	0.454668	0.454668	0	0	0	0	0	0	0	0	0	0	0.454668	0.454668	0	0	0	0	0	0	0.454668	0.454668	0	0	0	0.909279	0.909279	0	0	0.454668	0.454668	0	0	0	0.454668	0.454668	0.454668	0.454668	0	0.454668	0.454668	0	0	0	0.454668	0.454668	0	0	0	0	0.454668	0.454668	0	0	0	0	0	0	0	0	0	0	0	0	0	0	0	0	0	0	0	0	0	0.454668	0.454668	0	0	0	0	0	0	0	0	0	0	0	0	0	0.454668	0.454668	0	0	0	0	0	0	0	0	0	0	0	0.454668	0.454668	0	0	0	0	0	0	0	0	0	0	0	0	0	0	0	0	0	0	0	0	0.454668	0.454668	0	0	0	0.454668	0.454668	0	0	0	0	0	0	0	0	0.454668	0.454668	0	0	0.454668	0.454668	0	0	0	0	0	0	0	0.454668	0.454668
0	0	0	0	0	0	0.160742	0.50829	0.359418	0	0	0	0	0	0	0	0	0	0.359418	0.482217	0.359436	0.160742	0	0	0	0	0	0	0	0	0	0	0	0	0	0	0	0	0	0	0	0	0	0	0	0	0	0.359418	0.482217	0.454654	0.359436	0.160742	0	0	0	0	0	0	0	0	0	0	0.359418	0.482217	0.454654	0.359436	0.160742	0	0.359418	0.482217	0.454654	0.642944	0.642944	0.454654	0.359436	0.50829	0.482217	0.454654	0.454654	0.642944	0.642944	0.454654	0.359436	0.50829	0.482217	0.454654	0.642944	0.642944	0.454654	0.454654	0.454654	0.662739	0.819584	0.579563	0.662739	0.865579	0.909251	0.803685	0.579563	0.454654	0.454654	0.454654	0.454654	0.662739	0.865579	0.803685	0.579563	0.454654	0.454654	0.454654	0.454654	0.454654	0.454654	0.454654	0.454654	0.662739	0.865579	0.909251	0.803685	0.579563	0.454654	0.454654	0.454654	0.662739	0.819584	0.579563	0.454654	0.454654	0.977655	1.12505	0.909251	0.909251	1.01654	1.01654	0.909251	0.803685	0.579563	0.662739	0.819584	0.819584	0.865579	0.803685	0.819584	0.865579	0.803685	0.579563	0.454654	0.662739	0.865579	0.803685	0.579563	0.454654	0.454654	0.642944	0.642944	0.454654	0.454654	0.454654	0.359436	0.160742	0	0	0	0	0.160742	0.359436	0.454654	0.454654	0.454654	0.359436	0.160742	0	0	0	0	0	0.359418	0.482217	0.454654	0.454654	0.359436	0.160742	0	0	0	0	0	0	0	0	0	0.359418	0.482217	0.454654	0.359436	0.160742	0	0	0	0	0	0.160742	0.359436	0.454654	0.662739	0.865579	0.803685	0.579563	0.454654	0.454654	0.454654	0.454654	0.454654	0.454654	0.454654	0.454654	0.454654	0.454654	0.454654	0.454654	0.359436	0.160742	0	0	0	0	0.359418	0.482217	0.454654	0.454654	0.454654	0.662739	0.819584	0.579563	0.454654	0.454654	0.454654	0.454654	0.454654	0.454654	0.454654	0.662739	0.865579	0.803685	0.579563	0.662739	0.865579	0.803685	0.579563	0.454654	0.454654	0.454654	0.454654	0.454654	0.642944	0.642944
0	0	0	0	0	0	0.359384	0.508242	0.160727	0	0	0	0	0	0	0	0	0	0.160727	0.359402	0.482171	0.359384	0	0	0	0	0	0	0	0	0	0	0	0	0	0	0	0	0	0	0	0	0	0	0	0	0	0.160727	0.359402	0.454611	0.482171	0.359384	0	0	0	0	0	0	0	0	0	0	0.160727	0.359402	0.454611	0.482171	0.359384	0	0.160727	0.359402	0.454611	0.642883	0.642883	0.454611	0.482171	0.508242	0.359402	0.454611	0.454611	0.642883	0.642883	0.454611	0.482171	0.508242	0.359402	0.454611	0.642883	0.642883	0.454611	0.454611	0.454611	0.579508	0.819506	0.662676	0.579508	0.803609	0.909164	0.865497	0.662676	0.454611	0.454611	0.454611	0.454611	0.579508	0.803609	0.865497	0.662676	0.454611	0.454611	0.454611	0.454611	0.454611	0.454611	0.454611	0.454611	0.579508	0.803609	0.909164	0.865497	0.662676	0.454611	0.454611	0.454611	0.579508	0.819506	0.662676	0.454611	0.454611	0.803584	0.977582	0.909164	0.909164	1.01644	1.01644	0.909164	0.865497	0.662676	0.579508	0.819506	0.819506	0.803609	0.865497	0.819506	0.803609	0.865497	0.662676	0.454611	0.579508	0.803609	0.865497	0.662676	0.454611	0.454611	0.642883	0.642883	0.454611	0.454611	0.454611	0.482171	0.359384	0	0	0	0	0.359384	0.482171	0.454611	0.454611	0.454611	0.482171	0.359384	0	0	0	0	0	0.160727	0.359402	0.454611	0.454611	0.482171	0.359384	0	0	0	0	0	0	0	0	0	0.160727	0.359402	0.454611	0.482171	0.359384	0	0	0	0	0	0.359384	0.482171	0.454611	0.579508	0.803609	0.865497	0.662676	0.454611	0.454611	0.454611	0.454611	0.454611	0.454611	0.454611	0.454611	0.454611	0.454611	0.454611	0.454611	0.482171	0.359384	0	0	0	0	0.160727	0.359402	0.454611	0.454611	0.454611	0.579508	0.819506	0.662676	0.454611	0.454611	0.454611	0.454611	0.454611	0.454611	0.454611	0.579508	0.803609	0.865497	0.662676	0.579508	0.803609	0.865497	0.662676	0.454611	0.454611	0.454611	0.454611	0.454611	0.642883	0.642883
0	0	0	0	0	0	0.454538	0.454538	0	0	0	0	0	0	0	0	0	0	0	0	0.454538	0.454538	0	0	0	0	0	0	0	0	0	0	0	0	0	0	0	0	0	0	0	0	0	0	0	0	0	0	0	0	0.454538	0.454538	0	0	0	0	0	0	0	0	0	0	0	0	0	0.454538	0.454538	0	0	0	0	0.454538	0.454538	0	0.454538	0.454538	0	0	0	0.454538	0.454538	0	0.454538	0.454538	0	0	0.454538	0.454538	0	0	0	0	0.454538	0.454538	0	0	0	0.454538	0.454538	0	0	0	0	0	0	0.454538	0.454538	0	0	0	0	0	0	0	0	0	0	0	0.454538	0.454538	0	0	0	0	0.454538	0.454538	0	0	0.454538	0.454538	0	0	0.454538	0.454538	0	0.454538	0.454538	0	0.454538	0.454538	0	0.454538	0.454538	0	0.454538	0.454538	0	0	0	0.454538	0.454538	0	0	0.454538	0.454538	0	0	0	0.454538	0.454538	0	0	0	0	0.454538	0.454538	0	0	0	0.454538	0.454538	0	0	0	0	0	0	0	0	0	0.454538	0.454538	0	0	0	0	0	0	0	0	0	0	0	0	0.454538	0.454538	0	0	0	0	0	0.454538	0.454538	0	0	0	0.454538	0.454538	0	0	0	0	0	0	0	0	0	0	0	0	0.454538	0.454538	0	0	0	0	0	0	0	0	0	0	0.454538	0.454538	0	0	0	0	0	0	0	0	0	0.454538	0.454538	0	0	0.454538	0.454538	0	0	0	0	0	0.454538	0.454538
0	0	0	0	0	0	0.454495	0.454495	0	0	0	0	0	0	0	0	0	0	0	0	0.454495	0.454495	0	0	0	0	0	0	0	0	0	0	0	0	0	0	0	0	0	0	0	0	0	0	0	0	0	0	0	0	0.454495	0.454495	0	0	0	0	0	0	0	0	0	0	0	0	0	0.454495	0.454495	0	0	0	0	0.454495	0.454495	0	0.454495	0.454495	0	0	0	0.454495	0.454495	0	0.454495	0.454495	0	0	0.454495	0.454495	0	0	0	0	0.454495	0.454495	0	0	0	0.454495	0.454495	0	0	0	0	0	0	0.454495	0.454495	0	0	0	0	0	0	0	0	0	0	0	0.454495	0.454495	0	0	0	0	0.454495	0.454495	0	0	0.454495	0.454495	0	0	0.454495	0.454495	0	0.454495	0.454495	0	0.454495	0.454495	0	0.454495	0.454495	0	0.454495	0.454495	0	0	0	0.454495	0.454495	0	0	0.454495	0.454495	0	0	0	0.454495	0.454495	0	0	0	0	0.454495	0.454495	0	0	0	0.454495	0.454495	0	0	0	0	0	0	0	0	0	0.454495	0.454495	0	0	0	0	0	0	0	0	0	0	0	0	0.454495	0.454495	0	0	0	0	0	0.454495	0.454495	0	0	0	0.454495	0.454495	0	0	0	0	0	0	0	0	0	0	0	0	0.454495	0.454495	0	0	0	0	0	0	0	0	0	0	0.454495	0.454495	0	0	0	0	0	0	0	0	0	0.454495	0.454495	0	0	0.454495	0.454495	0	0	0	0	0	0.454495	0.454495
0	0	0	0	0	0	0.454452	0.454452	0	0	0	0	0	0	0	0	0	0	0	0	0.454452	0.454452	0	0	0	0	0	0	0	0	0	0	0	0	0	0	0	0	0	0	0	0	0	0	0	0	0	0	0	0	0.454452	0.454452	0	0	0	0	0	0	0	0	0	0	0	0	0	0.454452	0.454452	0	0	0	0	0.454452	0.454452	0	0.454452	0.454452	0	0	0	0.454452	0.454452	0	0.454452	0.454452	0	0	0.454452	0.454452	0	0	0	0	0.454452	0.454452	0	0	0	0.454452	0.454452	0	0	0	0	0	0	0.454452	0.454452	0	0	0	0	0	0	0	0	0	0	0	0.454452	0.454452	0	0	0	0	0.454452	0.454452	0	0	0.454452	0.454452	0	0	0.454452	0.454452	0	0.454452	0.454452	0	0.454452	0.454452	0	0.454452	0.454452	0	0.454452	0.454452	0	0	0	0.454452	0.454452	0	0	0.454452	0.454452	0	0	0	0.454452	0.454452	0	0	0	0	0.454452	0.454452	0	0	0	0.454452	0.454452	0	0	0	0	0	0	0	0	0	0.454452	0.454452	0	0	0	0	0	0	0	0	0	0	0	0	0.454452	0.454452	0	0	0	0	0	0.454452	0.454452	0	0	0	0.454452	0.454452	0	0	0	0	0	0	0	0	0	0	0	0	0.454452	0.454452	0	0	0	0	0	0	0	0	0	0	0.454452	0.454452	0	0	0	0	0	0	0	0	0	0.454452	0.454452	0	0	0.454452	0.454452	0	0	0	0	0	0.454452	0.454452
0	0	0	0	0	0	0.454409	0.454409	0	0	0	0	0	0	0	0	0	0	0	0	0.454409	0.454409	0	0	0	0	0	0	0	0	0	0	0	0	0	0	0	0	0	0	0	0	0	0	0	0	0	0	0	0	0.454409	0.454409	0	0	0	0	0	0	0	0	0	0	0	0	0	0.454409	0.454409	0	0	0	0	0.454409	0.454409	0	0.454409	0.454409	0	0	0	0.454409	0.454409	0	0.454409	0.454409	0	0	0.454409	0.454409	0	0	0	0	0.454409	0.454409	0	0	0	0.454409	0.454409	0	0	0	0	0	0	0.454409	0.454409	0	0	0	0	0	0	0	0	0	0	0	0.454409	0.454409	0	0	0	0	0.454409	0.454409	0	0	0.454409	0.454409	0	0	0.454409	0.454409	0	0.454409	0.454409	0	0.454409	0.454409	0	0.454409	0.454409	0	0.454409	0.454409	0	0	0	0.454409	0.454409	0	0	0.454409	0.454409	0	0	0	0.454409	0.454409	0	0	0	0	0.454409	0.454409	0	0	0	0.454409	0.454409	0	0	0	0	0	0	0	0	0	0.454409	0.454409	0	0	0	0	0	0	0	0	0	0	0	0	0.454409	0.454409	0	0	0	0	0	0.454409	0.454409	0	0	0	0.454409	0.454409	0	0	0	0	0	0	0	0	0	0	0	0	0.454409	0.454409	0	0	0	0	0	0	0	0	0	0	0.454409	0.454409	0	0	0	0	0	0	0	0	0	0.454409	0.454409	0	0	0.454409	0.454409	0	0	0	0	0	0.454409	0.454409
0	0	0	0	0	0	0.454365	0.454365	0	0	0	0	0	0	0	0	0	0	0	0	0.454365	0.454365	0	0	0	0	0	0	0	0	0	0	0	0	0	0	0	0	0	0	0	0	0	0	0	0	0	0	0	0	0.454365	0.454365	0	0	0	0	0	0	0	0	0	0	0	0	0	0.454365	0.454365	0	0	0	0	0.454365	0.454365	0	0.454365	0.454365	0	0	0	0.454365	0.454365	0	0.454365	0.454365	0	0	0.454365	0.454365	0	0	0	0	0.454365	0.454365	0	0	0	0.454365	0.454365	0	0	0	0	0	0	0.454365	0.454365	0	0	0	0	0	0	0	0	0	0	0	0.454365	0.454365	0	0	0	0	0.454365	0.454365	0	0	0.454365	0.454365	0	0	0.454365	0.454365	0	0.454365	0.454365	0	0.454365	0.454365	0	0.454365	0.454365	0	0.454365	0.454365	0	0	0	0.454365	0.454365	0	0	0.454365	0.454365	0	0	0	0.454365	0.454365	0	0	0	0	0.454365	0.454365	0	0	0	0.454365	0.454365	0	0	0	0	0	0	0	0	0	0.454365	0.454365	0	0	0	0	0	0	0	0	0	0	0	0	0.454365	0.454365	0	0	0	0	0	0.454365	0.454365	0	0	0	0.454365	0.454365	0	0	0	0	0	0	0	0	0	0	0	0	0.454365	0.454365	0	0	0	0	0	0	0	0	0	0	0.454365	0.454365	0	0	0	0	0	0	0	0	0	0.454365	0.454365	0	0	0.454365	0.454365	0	0	0	0	0	0.454365	0.454365
0.454351	0.454351	0.454351	0.454351	0.454351	0.454351	0.662295	0.819034	0.579177	0.454351	0.454351	0.454351	0.454351	0.454351	0.454351	0.359196	0.160634	0	0	0	0.359173	0.481892	0.454351	0.359196	0.160634	0	0	0	0	0	0	0	0	0	0	0	0	0	0	0	0	0	0	0	0	0	0	0	0	0	0.359173	0.481892	0.454351	0.454351	0.454351	0.454351	0.454351	0.454351	0.454351	0.359196	0.160634	0	0	0	0	0.359173	0.481892	0.454351	0.359196	0.160634	0	0.359173	0.481892	0.359196	0.507945	0.481892	0.454351	0.359196	0.160634	0.359173	0.507945	0.160634	0.359173	0.481892	0.454351	0.359196	0.507945	0.481892	0.454351	0.454351	0.454351	0.454351	0.662295	0.865	0.80315	0.579177	0.454351	0.662295	0.819034	0.579177	0.454351	0.454351	0.454351	0.454351	0.454351	0.662295	0.865	0.80315	0.579177	0.454351	0.454351	0.454351	0.454351	0.454351	0.454351	0.454351	0.454351	0.454351	0.662295	0.819034	0.579177	0.454351	0.454351	0.454351	0.662295	0.865	0.908645	0.908645	1.01586	1.01586	0.908645	0.908645	1.01586	1.01586	0.908645	1.01586	1.01586	0.908645	1.01586	1.01586	0.908645	1.01586	1.01586	0.908645	1.01586	1.01586	0.80315	0.579177	0.454351	0.662295	0.819034	0.579177	0.454351	0.662295	0.865	0.908645	0.80315	0.579177	0.662295	0.865	0.80315	0.579177	0.454351	0.454351	0.481892	0.359173	0	0	0	0.359173	0.481892	0.454351	0.454351	0.454351	0.454351	0.454351	0.454351	0.454351	0.454351	0.454351	0.642511	0.642511	0.454351	0.454351	0.454351	0.454351	0.454351	0.454351	0.454351	0.454351	0.454351	0.454351	0.454351	0.454351	0.662295	0.819034	0.579177	0.454351	0.454351	0.454351	0.454351	0.481892	0.359173	0	0	0	0.359173	0.481892	0.454351	0.454351	0.454351	0.454351	0.454351	0.454351	0.454351	0.454351	0.454351	0.454351	0.454351	0.454351	0.662295	0.865	0.80315	0.579177	0.454351	0.454351	0.454351	0.454351	0.454351	0.454351	0.454351	0.454351	0.662295	0.865	0.908645	0.908645	0.908645	0.908645	0.80315	0.579177	0.454351	0.454351	0.454351	0.662295	0.865	0.80315	0.579177	0.662295	0.865	0.908645	0.80315	0.579177	0.454351	0.454351	0.642511	0.642511
0.454308	0.454308	0.454308	0.454308	0.454308	0.454308	0.579122	0.818957	0.662232	0.454308	0.454308	0.454308	0.454308	0.454308	0.454308	0.481846	0.359139	0	0	0	0.160619	0.359162	0.454308	0.481846	0.359139	0	0	0	0	0	0	0	0	0	0	0	0	0	0	0	0	0	0	0	0	0	0	0	0	0	0.160619	0.359162	0.454308	0.454308	0.454308	0.454308	0.454308	0.454308	0.454308	0.481846	0.359139	0	0	0	0	0.160619	0.359162	0.454308	0.481846	0.359139	0	0.160619	0.359162	0.481846	0.507897	0.359162	0.454308	0.481846	0.359139	0.160619	0.507897	0.359139	0.160619	0.359162	0.454308	0.481846	0.507897	0.359162	0.454308	0.454308	0.454308	0.454308	0.579122	0.803073	0.864918	0.662232	0.454308	0.579122	0.818957	0.662232	0.454308	0.454308	0.454308	0.454308	0.454308	0.579122	0.803073	0.864918	0.662232	0.454308	0.454308	0.454308	0.454308	0.454308	0.454308	0.454308	0.454308	0.454308	0.579122	0.818957	0.662232	0.454308	0.454308	0.454308	0.579122	0.803073	0.908559	0.908559	1.01576	1.01576	0.908559	0.908559	1.01576	1.01576	0.908559	1.01576	1.01576	0.908559	1.01576	1.01576	0.908559	1.01576	1.01576	0.908559	1.01576	1.01576	0.864918	0.662232	0.454308	0.579122	0.818957	0.662232	0.454308	0.579122	0.803073	0.908559	0.864918	0.662232	0.579122	0.803073	0.864918	0.662232	0.454308	0.454308	0.359162	0.160619	0	0	0	0.160619	0.359162	0.454308	0.454308	0.454308	0.454308	0.454308	0.454308	0.454308	0.454308	0.454308	0.642449	0.642449	0.454308	0.454308	0.454308	0.454308	0.454308	0.454308	0.454308	0.454308	0.454308	0.454308	0.454308	0.454308	0.579122	0.818957	0.662232	0.454308	0.454308	0.454308	0.454308	0.359162	0.160619	0	0	0	0.160619	0.359162	0.454308	0.454308	0.454308	0.454308	0.454308	0.454308	0.454308	0.454308	0.454308	0.454308	0.454308	0.454308	0.579122	0.803073	0.864918	0.662232	0.454308	0.454308	0.454308	0.454308	0.454308	0.454308	0.454308	0.454308	0.579122	0.803073	0.908559	0.908559	0.908559	0.908559	0.864918	0.662232	0.454308	0.454308	0.454308	0.579122	0.803073	0.864918	0.662232	0.579122	0.803073	0.908559	0.864918	0.662232	0.454308	0.454308	0.642449	0.642449
0	0	0	0	0	0	0	0.454229	0.454229	0	0	0	0	0	0	0.454229	0.454229	0	0	0	0	0	0	0.454229	0.454229	0	0	0	0	0	0	0	0	0	0	0	0	0	0	0	0	0	0	0	0	0	0	0	0	0	0	0	0	0	0	0	0	0	0	0.454229	0.454229	0	0	0	0	0	0	0	0.454229	0.454229	0	0	0	0.454229	0.454229	0	0	0.454229	0.454229	0	0.454229	0.454229	0	0	0	0.454229	0.454229	0	0	0	0	0	0	0	0.454229	0.454229	0	0	0.454229	0.454229	0	0	0	0	0	0	0	0.454229	0.454229	0	0	0	0	0	0	0	0	0	0	0.454229	0.454229	0	0	0	0	0	0	0	0.454229	0.454229	0	0	0.454229	0.454229	0	0.454229	0.454229	0	0.454229	0.454229	0	0.454229	0.454229	0	0.454229	0.454229	0.454229	0.454229	0	0	0.454229	0.454229	0	0	0	0	0.454229	0.454229	0	0	0.454229	0.454229	0	0	0	0	0	0	0	0	0	0	0	0	0	0	0	0	0	0	0.454229	0.454229	0	0	0	0	0	0	0	0	0	0	0	0	0	0.454229	0.454229	0	0	0	0	0	0	0	0	0	0	0	0	0	0	0	0	0	0	0	0	0	0	0	0	0	0.454229	0.454229	0	0	0	0	0	0	0	0	0	0	0	0	0	0	0.454229	0.454229	0	0	0	0	0	0.454229	0.454229	0	0	0	0.454229	0.454229	0	0	0.454229	0.454229
0	0	0	0	0	0	0	0.454185	0.454185	0	0	0	0	0	0	0.454185	0.454185	0	0	0	0	0	0	0.454185	0.454185	0	0	0	0	0	0	0	0	0	0	0	0	0	0	0	0	0	0	0	0	0	0	0	0	0	0	0	0	0	0	0	0	0	0	0.454185	0.454185	0	0	0	0	0	0	0	0.454185	0.454185	0	0	0	0.454185	0.454185	0	0	0.454185	0.454185	0	0.454185	0.454185	0	0	0	0.454185	0.454185	0	0	0	0	0	0	0	0.454185	0.454185	0	0	0.454185	0.454185	0	0	0	0	0	0	0	0.454185	0.454185	0	0	0	0	0	0	0	0	0	0	0.454185	0.454185	0	0	0	0	0	0	0	0.454185	0.454185	0	0	0.454185	0.454185	0	0.454185	0.454185	0	0.454185	0.454185	0	0.454185	0.454185	0	0.454185	0.454185	0.454185	0.454185	0	0	0.454185	0.454185	0	0	0	0	0.454185	0.454185	0	0	0.454185	0.454185	0	0	0	0	0	0	0	0	0	0	0	0	0	0	0	0	0	0	0.454185	0.454185	0	0	0	0	0	0	0	0	0	0	0	0	0	0.454185	0.454185	0	0	0	0	0	0	0	0	0	0	0	0	0	0	0	0	0	0	0	0	0	0	0	0	0	0.454185	0.454185	0	0	0	0	0	0	0	0	0	0	0	0	0	0	0.454185	0.454185	0	0	0	0	0	0.454185	0.454185	0	0	0	0.454185	0.454185	0	0	0.454185	0.454185
0	0	0	0	0	0	0	0.454142	0.454142	0	0	0	0	0	0	0.454142	0.454142	0	0	0	0	0	0	0.454142	0.454142	0	0	0	0	0	0	0	0	0	0	0	0	0	0	0	0	0	0	0	0	0	0	0	0	0	0	0	0	0	0	0	0	0	0	0.454142	0.454142	0	0	0	0	0	0	0	0.454142	0.454142	0	0	0	0.454142	0.454142	0	0	0.454142	0.454142	0	0.454142	0.454142	0	0	0	0.454142	0.454142	0	0	0	0	0	0	0	0.454142	0.454142	0	0	0.454142	0.454142	0	0	0	0	0	0	0	0.454142	0.454142	0	0	0	0	0	0	0	0	0	0	0.454142	0.454142	0	0	0	0	0	0	0	0.454142	0.454142	0	0	0.454142	0.454142	0	0.454142	0.454142	0	0.454142	0.454142	0	0.454142	0.454142	0	0.454142	0.454142	0.454142	0.454142	0	0	0.454142	0.454142	0	0	0	0	0.454142	0.454142	0	0	0.454142	0.454142	0	0	0	0	0	0	0	0	0	0	0	0	0	0	0	0	0	0	0.454142	0.454142	0	0	0	0	0	0	0	0	0	0	0	0	0	0.454142	0.454142	0	0	0	0	0	0	0	0	0	0	0	0	0	0	0	0	0	0	0	0	0	0	0	0	0	0.454142	0.454142	0	0	0	0	0	0	0	0	0	0	0	0	0	0	0.454142	0.454142	0	0	0	0	0	0.454142	0.454142	0	0	0	0.454142	0.454142	0	0	0.454142	0.454142
0	0	0	0	0	0	0	0.454099	0.454099	0	0	0	0	0	0	0.454099	0.454099	0	0	0	0	0	0	0.454099	0.454099	0	0	0	0	0	0	0	0	0	0	0	0	0	0	0	0	0	0	0	0	0	0	0	0	0	0	0	0	0	0	0	0	0	0	0.454099	0.454099	0	0	0	0	0	0	0	0.454099	0.454099	0	0	0	0.454099	0.454099	0	0	0.454099	0.454099	0	0.454099	0.454099	0	0	0	0.454099	0.454099	0	0	0	0	0	0	0	0.454099	0.454099	0	0	0.454099	0.454099	0	0	0	0	0	0	0	0.454099	0.454099	0	0	0	0	0	0	0	0	0	0	0.454099	0.454099	0	0	0	0	0	0	0	0.454099	0.454099	0	0	0.454099	0.454099	0	0.454099	0.454099	0	0.454099	0.454099	0	0.454099	0.454099	0	0.454099	0.454099	0.454099	0.454099	0	0	0.454099	0.454099	0	0	0	0	0.454099	0.454099	0	0	0.454099	0.454099	0	0	0	0	0	0	0	0	0	0	0	0	0	0	0	0	0	0	0.454099	0.454099	0	0	0	0	0	0	0	0	0	0	0	0	0	0.454099	0.454099	0	0	0	0	0	0	0	0	0	0	0	0	0	0	0	0	0	0	0	0	0	0	0	0	0	0.454099	0.454099	0	0	0	0	0	0	0	0	0	0	0	0	0	0	0.454099	0.454099	0	0	0	0	0	0.454099	0.454099	0	0	0	0.454099	0.454099	0	0	0.454099	0.454099
0.454092	0.454092	0.454092	0.454092	0.454092	0.454092	0.454092	0.642144	0.642144	0.454092	0.454092	0.454092	0.454092	0.454092	0.454092	0.642144	0.642144	0.454092	0.454092	0.454092	0.454092	0.454092	0.454092	0.642144	0.642144	0.454092	0.454092	0.454092	0.454092	0.454092	0.454092	0.454092	0.454092	0.454092	0.358991	0.160542	0	0	0	0	0	0	0	0	0	0	0	0	0	0	0	0	0	0	0	0	0	0	0	0.358968	0.481617	0.454092	0.358991	0.160542	0	0	0	0	0.358968	0.481617	0.358991	0.160542	0	0.358968	0.507655	0.160542	0	0.358968	0.481617	0.358991	0.507655	0.481617	0.454092	0.454092	0.454092	0.642144	0.642144	0.454092	0.454092	0.454092	0.454092	0.454092	0.358991	0.160542	0.358968	0.481617	0.454092	0.454092	0.661917	0.864507	0.802692	0.578846	0.454092	0.454092	0.454092	0.454092	0.454092	0.661917	0.864507	0.908127	0.802692	0.578846	0.454092	0.454092	0.454092	0.454092	0.454092	0.454092	0.454092	0.661917	0.864507	0.908127	0.908127	0.802692	0.578846	0.454092	0.454092	0.454092	0.642144	0.642144	0.454092	0.454092	0.661917	0.864507	0.908127	1.01528	1.01528	0.908127	1.01528	0.976461	0.578846	0.661917	0.818567	0.578846	0.661917	0.864507	1.01528	1.01528	0.908127	0.802692	0.818567	0.864507	0.908127	0.802692	0.578846	0.454092	0.661917	0.864507	0.802692	0.578846	0.661917	0.864507	0.908127	0.908127	0.802692	0.578846	0.454092	0.454092	0.454092	0.454092	0.454092	0.454092	0.454092	0.454092	0.358991	0.160542	0	0	0	0	0.358968	0.481617	0.454092	0.454092	0.454092	0.454092	0.358991	0.160542	0	0	0	0	0	0	0	0.358968	0.481617	0.454092	0.454092	0.454092	0.454092	0.454092	0.454092	0.454092	0.454092	0.454092	0.454092	0.454092	0.454092	0.454092	0.454092	0.454092	0.454092	0.454092	0.454092	0.454092	0.454092	0.454092	0.454092	0.454092	0.454092	0.454092	0.661917	0.864507	0.908127	0.908127	0.908127	0.908127	0.908127	0.908127	0.908127	0.908127	0.908127	0.908127	0.908127	0.908127	0.802692	0.578846	0.661917	0.864507	0.908127	0.908127	0.908127	0.908127	0.802692	0.818567	0.864507	0.908127	0.908127	0.802692	0.818567	0.864507	0.908127	0.908127	1.01528	1.01528
0.454049	0.454049	0.454049	0.454049	0.454049	0.454049	0.454049	0.642083	0.642083	0.454049	0.454049	0.454049	0.454049	0.454049	0.454049	0.642083	0.642083	0.454049	0.454049	0.454049	0.454049	0.454049	0.454049	0.642083	0.642083	0.454049	0.454049	0.454049	0.454049	0.454049	0.454049	0.454049	0.454049	0.454049	0.481571	0.358934	0	0	0	0	0	0	0	0	0	0	0	0	0	0	0	0	0	0	0	0	0	0	0	0.160527	0.358957	0.454049	0.481571	0.358934	0	0	0	0	0.160527	0.358957	0.481571	0.358934	0	0.160527	0.507607	0.358934	0	0.160527	0.358957	0.481571	0.507607	0.358957	0.454049	0.454049	0.454049	0.642083	0.642083	0.454049	0.454049	0.454049	0.454049	0.454049	0.481571	0.358934	0.160527	0.358957	0.454049	0.454049	0.578791	0.802615	0.864425	0.661854	0.454049	0.454049	0.454049	0.454049	0.454049	0.578791	0.802615	0.90804	0.864425	0.661854	0.454049	0.454049	0.454049	0.454049	0.454049	0.454049	0.454049	0.578791	0.802615	0.90804	0.90804	0.864425	0.661854	0.454049	0.454049	0.454049	0.642083	0.642083	0.454049	0.454049	0.578791	0.802615	0.90804	1.01518	1.01518	0.90804	1.01518	1.12355	0.661854	0.578791	0.818489	0.661854	0.578791	0.802615	1.01518	1.01518	0.90804	0.864425	0.818489	0.802615	0.90804	0.864425	0.661854	0.454049	0.578791	0.802615	0.864425	0.661854	0.578791	0.802615	0.90804	0.90804	0.864425	0.661854	0.454049	0.454049	0.454049	0.454049	0.454049	0.454049	0.454049	0.454049	0.481571	0.358934	0	0	0	0	0.160527	0.358957	0.454049	0.454049	0.454049	0.454049	0.481571	0.358934	0	0	0	0	0	0	0	0.160527	0.358957	0.454049	0.454049	0.454049	0.454049	0.454049	0.454049	0.454049	0.454049	0.454049	0.454049	0.454049	0.454049	0.454049	0.454049	0.454049	0.454049	0.454049	0.454049	0.454049	0.454049	0.454049	0.454049	0.454049	0.454049	0.454049	0.578791	0.802615	0.90804	0.90804	0.90804	0.90804	0.90804	0.90804	0.90804	0.90804	0.90804	0.90804	0.90804	0.90804	0.864425	0.661854	0.578791	0.802615	0.90804	0.90804	0.90804	0.90804	0.864425	0.818489	0.802615	0.90804	0.90804	0.864425	0.818489	0.802615	0.90804	0.90804	1.01518	1.01518
0	0	0	0	0	0	0	0.453969	0.453969	0	0	0	0	0	0	0.453969	0.453969	0	0	0	0	0	0	0.453969	0.453969	0	0	0	0	0	0	0	0	0	0.453969	0.453969	0	0	0	0	0	0	0	0	0	0	0	0	0	0	0	0	0	0	0	0	0	0	0	0	0	0	0.453969	0.453969	0	0	0	0	0	0	0.453969	0.453969	0	0	0.453969	0.453969	0	0	0	0.453969	0.453969	0	0	0	0	0.453969	0.453969	0	0	0	0	0	0.453969	0.453969	0	0	0	0	0	0	0.453969	0.453969	0	0	0	0	0	0	0	0	0.453969	0.453969	0	0	0	0	0	0	0	0	0	0	0	0.453969	0.453969	0	0	0	0.453969	0.453969	0	0	0	0	0	0.453969	0.453969	0	0.453969	0.907882	0.453969	0	0.453969	0.453969	0	0	0.453969	0.453969	0	0.453969	0.453969	0	0	0.453969	0.453969	0	0	0	0.453969	0.453969	0	0	0	0	0.453969	0.453969	0	0	0	0	0	0	0	0	0.453969	0.453969	0	0	0	0	0	0	0	0	0	0	0.453969	0.453969	0	0	0	0	0	0	0	0	0	0	0	0	0	0	0	0	0	0	0	0	0	0	0	0	0	0	0	0	0	0	0	0	0	0	0	0	0	0	0	0	0	0	0	0	0	0	0	0	0.453969	0.453969	0	0	0	0	0	0	0.453969	0.453969	0	0	0	0.453969	0.453969	0	0	0	0.453969	0.453969
0	0	0	0	0	0	0	0.453926	0.453926	0	0	0	0	0	0	0.453926	0.453926	0	0	0	0	0	0	0.453926	0.453926	0	0	0	0	0	0	0	0	0	0.453926	0.453926	0	0	0	0	0	0	0	0	0	0	0	0	0	0	0	0	0	0	0	0	0	0	0	0	0	0	0.453926	0.453926	0	0	0	0	0	0	0.453926	0.453926	0	0	0.453926	0.453926	0	0	0	0.453926	0.453926	0	0	0	0	0.453926	0.453926	0	0	0	0	0	0.453926	0.453926	0	0	0	0	0	0	0.453926	0.453926	0	0	0	0	0	0	0	0	0.453926	0.453926	0	0	0	0	0	0	0	0	0	0	0	0.453926	0.453926	0	0	0	0.453926	0.453926	0	0	0	0	0	0.453926	0.453926	0	0.453926	0.907796	0.453926	0	0.453926	0.453926	0	0	0.453926	0.453926	0	0.453926	0.453926	0	0	0.453926	0.453926	0	0	0	0.453926	0.453926	0	0	0	0	0.453926	0.453926	0	0	0	0	0	0	0	0	0.453926	0.453926	0	0	0	0	0	0	0	0	0	0	0.453926	0.453926	0	0	0	0	0	0	0	0	0	0	0	0	0	0	0	0	0	0	0	0	0	0	0	0	0	0	0	0	0	0	0	0	0	0	0	0	0	0	0	0	0	0	0	0	0	0	0	0	0.453926	0.453926	0	0	0	0	0	0	0.453926	0.453926	0	0	0	0.453926	0.453926	0	0	0	0.453926	0.453926
0	0	0	0	0	0	0	0.453883	0.453883	0	0	0	0	0	0	0.453883	0.453883	0	0	0	0	0	0	0.453883	0.453883	0	0	0	0	0	0	0	0	0	0.453883	0.453883	0	0	0	0	0	0	0	0	0	0	0	0	0	0	0	0	0	0	0	0	0	0	0	0	0	0	0.453883	0.453883	0	0	0	0	0	0	0.453883	0.453883	0	0	0.453883	0.453883	0	0	0	0.453883	0.453883	0	0	0	0	0.453883	0.453883	0	0	0	0	0	0.453883	0.453883	0	0	0	0	0	0	0.453883	0.453883	0	0	0	0	0	0	0	0	0.453883	0.453883	0	0	0	0	0	0	0	0	0	0	0	0.453883	0.453883	0	0	0	0.453883	0.453883	0	0	0	0	0	0.453883	0.453883	0	0.453883	0.907709	0.453883	0	0.453883	0.453883	0	0	0.453883	0.453883	0	0.453883	0.453883	0	0	0.453883	0.453883	0	0	0	0.453883	0.453883	0	0	0	0	0.453883	0.453883	0	0	0	0	0	0	0	0	0.453883	0.453883	0	0	0	0	0	0	0	0	0	0	0.453883	0.453883	0	0	0	0	0	0	0	0	0	0	0	0	0	0	0	0	0	0	0	0	0	0	0	0	0	0	0	0	0	0	0	0	0	0	0	0	0	0	0	0	0	0	0	0	0	0	0	0	0.453883	0.453883	0	0	0	0	0	0	0.453883	0.453883	0	0	0	0.453883	0.453883	0	0	0	0.453883	0.453883
0	0	0	0	0	0	0	0.45384	0.45384	0	0	0	0	0	0	0.45384	0.45384	0	0	0	0	0	0	0.45384	0.45384	0	0	0	0	0	0	0	0	0	0.45384	0.45384	0	0	0	0	0	0	0	0	0	0	0	0	0	0	0	0	0	0	0	0	0	0	0	0	0	0	0.45384	0.45384	0	0	0	0	0	0	0.45384	0.45384	0	0	0.45384	0.45384	0	0	0	0.45384	0.45384	0	0	0	0	0.45384	0.45384	0	0	0	0	0	0.45384	0.45384	0	0	0	0	0	0	0.45384	0.45384	0	0	0	0	0	0	0	0	0.45384	0.45384	0	0	0	0	0	0	0	0	0	0	0	0.45384	0.45384	0	0	0	0.45384	0.45384	0	0	0	0	0	0.45384	0.45384	0	0.45384	0.907623	0.45384	0	0.45384	0.45384	0	0	0.45384	0.45384	0	0.45384	0.45384	0	0	0.45384	0.45384	0	0	0	0.45384	0.45384	0	0	0	0	0.45384	0.45384	0	0	0	0	0	0	0	0	0.45384	0.45384	0	0	0	0	0	0	0	0	0	0	0.45384	0.45384	0	0	0	0	0	0	0	0	0	0	0	0	0	0	0	0	0	0	0	0	0	0	0	0	0	0	0	0	0	0	0	0	0	0	0	0	0	0	0	0	0	0	0	0	0	0	0	0	0.45384	0.45384	0	0	0	0	0	0	0.45384	0.45384	0	0	0	0.45384	0.45384	0	0	0	0.45384	0.45384
0.907609	0.907609	0.907609	0.907609	0.802234	0.578516	0.453833	0.66154	0.864014	0.907609	0.907609	0.907609	0.907609	0.802234	0.578516	0.66154	0.864014	0.907609	0.907609	0.907609	0.802234	0.578516	0.453833	0.66154	0.864014	0.802234	0.578516	0.453833	0.453833	0.453833	0.453833	0.453833	0.453833	0.453833	0.66154	0.864014	0.802234	0.578516	0.453833	0.453833	0.453833	0.453833	0.453833	0.453833	0.453833	0.453833	0.453833	0.453833	0.453833	0.453833	0.358786	0.160451	0	0	0	0	0	0	0	0	0	0	0.358764	0.481342	0.453833	0.358786	0.160451	0	0	0	0.453797	0.453797	0	0	0.453797	0.453797	0	0	0	0.358764	0.507366	0.160451	0	0	0	0.358764	0.481342	0.453833	0.358786	0.160451	0	0	0.358764	0.481342	0.453833	0.453833	0.453833	0.453833	0.453833	0.453833	0.641778	0.641778	0.453833	0.453833	0.453833	0.453833	0.453833	0.453833	0.453833	0.453833	0.641778	0.641778	0.453833	0.453833	0.453833	0.453833	0.453833	0.453833	0.358786	0.160451	0	0	0	0.358764	0.481342	0.453833	0.358786	0.160451	0.358764	0.481342	0.453833	0.453833	0.453833	0.358786	0.160451	0.358764	0.481342	0.453833	0.641778	0.975879	0.864014	0.907609	1.0147	1.0147	0.907609	0.907609	1.0147	1.0147	0.907609	1.0147	1.0147	0.802234	0.578516	0.66154	0.864014	0.907609	0.802234	0.578516	0.66154	0.864014	0.907609	0.907609	0.802234	0.578516	0.66154	0.864014	0.907609	0.907609	0.907609	0.802234	0.578516	0.453833	0.453833	0.453833	0.66154	0.864014	0.802234	0.578516	0.453833	0.453833	0.453833	0.453833	0.453833	0.453833	0.453833	0.453833	0.66154	0.864014	0.802234	0.578516	0.453833	0.453833	0.453833	0.453833	0.453833	0.453833	0.453833	0.453833	0.453833	0.453833	0.453833	0.453833	0.453833	0.453833	0.453833	0.453833	0.453833	0.453833	0.453833	0.578516	0.802234	0.907609	0.907609	0.802234	0.578516	0.453833	0.453833	0.453833	0.453833	0.453833	0.453833	0.453833	0.453833	0.453833	0.453833	0.453833	0.453833	0.453833	0.453833	0.453833	0.453833	0.453833	0.453833	0.453833	0.453833	0.453833	0.66154	0.864014	0.907609	0.907609	0.802234	0.578516	0.453833	0.453833	0.66154	0.8181	0.578516	0.453833	0.453833	0.66154	0.864014	0.907609	0.802234	0.578516	0.66154	0.864014
0.907523	0.907523	0.907523	0.907523	0.863932	0.661477	0.45379	0.578461	0.802158	0.907523	0.907523	0.907523	0.907523	0.863932	0.661477	0.578461	0.802158	0.907523	0.907523	0.907523	0.863932	0.661477	0.45379	0.578461	0.802158	0.863932	0.661477	0.45379	0.45379	0.45379	0.45379	0.45379	0.45379	0.45379	0.578461	0.802158	0.863932	0.661477	0.45379	0.45379	0.45379	0.45379	0.45379	0.45379	0.45379	0.45379	0.45379	0.45379	0.45379	0.45379	0.481296	0.35873	0	0	0	0	0	0	0	0	0	0	0.160435	0.358752	0.45379	0.481296	0.35873	0	0	0	0.453754	0.453754	0	0	0.453754	0.453754	0	0	0	0.160435	0.507318	0.35873	0	0	0	0.160435	0.358752	0.45379	0.481296	0.35873	0	0	0.160435	0.358752	0.45379	0.45379	0.45379	0.45379	0.45379	0.45379	0.641717	0.641717	0.45379	0.45379	0.45379	0.45379	0.45379	0.45379	0.45379	0.45379	0.641717	0.641717	0.45379	0.45379	0.45379	0.45379	0.45379	0.45379	0.481296	0.35873	0	0	0	0.160435	0.358752	0.45379	0.481296	0.35873	0.160435	0.358752	0.45379	0.45379	0.45379	0.481296	0.35873	0.160435	0.358752	0.45379	0.641717	0.802127	0.802158	0.907523	1.0146	1.0146	0.907523	0.907523	1.0146	1.0146	0.907523	1.0146	1.0146	0.863932	0.661477	0.578461	0.802158	0.907523	0.863932	0.661477	0.578461	0.802158	0.907523	0.907523	0.863932	0.661477	0.578461	0.802158	0.907523	0.907523	0.907523	0.863932	0.661477	0.45379	0.45379	0.45379	0.578461	0.802158	0.863932	0.661477	0.45379	0.45379	0.45379	0.45379	0.45379	0.45379	0.45379	0.45379	0.578461	0.802158	0.863932	0.661477	0.45379	0.45379	0.45379	0.45379	0.45379	0.45379	0.45379	0.45379	0.45379	0.45379	0.45379	0.45379	0.45379	0.45379	0.45379	0.45379	0.45379	0.45379	0.45379	0.661477	0.863932	0.907523	0.907523	0.863932	0.661477	0.45379	0.45379	0.45379	0.45379	0.45379	0.45379	0.45379	0.45379	0.45379	0.45379	0.45379	0.45379	0.45379	0.45379	0.45379	0.45379	0.45379	0.45379	0.45379	0.45379	0.45379	0.578461	0.802158	0.907523	0.907523	0.863932	0.661477	0.45379	0.45379	0.578461	0.818023	0.661477	0.45379	0.45379	0.578461	0.802158	0.907523	0.863932	0.661477	0.578461	0.802158
0	0	0	0	0.453711	0.453711	0	0	0	0	0	0	0	0.453711	0.453711	0	0	0	0	0	0.453711	0.453711	0	0	0	0.453711	0.453711	0	0	0	0	0	0	0	0	0	0.453711	0.453711	0	0	0	0	0	0	0	0	0	0	0	0	0.453711	0.453711	0	0	0	0	0	0	0	0	0	0	0	0	0	0.453711	0.453711	0	0	0	0.453711	0.453711	0	0	0.453711	0.453711	0	0	0	0	0.453711	0.453711	0	0	0	0	0	0	0.453711	0.453711	0	0	0	0	0	0	0	0	0	0	0.453711	0.453711	0	0	0	0	0	0	0	0	0.453711	0.453711	0	0	0	0	0	0	0.453711	0.453711	0	0	0	0	0	0	0.453711	0.453711	0	0	0	0	0	0.453711	0.453711	0	0	0	0.453711	0.453711	0	0	0.453711	0.453711	0	0	0.453711	0.453711	0	0.453711	0.453711	0.453711	0.453711	0	0	0	0.453711	0.453711	0	0	0	0	0.453711	0.453711	0	0	0	0	0	0.453711	0.453711	0	0	0	0	0	0.453711	0.453711	0	0	0	0	0	0	0	0	0	0	0.453711	0.453711	0	0	0	0	0	0	0	0	0	0	0	0	0	0	0	0	0	0	0	0.453711	0.453711	0	0	0.453711	0.453711	0	0	0	0	0	0	0	0	0	0	0	0	0	0	0	0	0	0	0	0	0	0	0	0	0	0.453711	0.453711	0	0	0	0.453711	0.453711	0	0	0	0	0	0.453711	0.453711	0	0
0	0	0	0	0.453668	0.453668	0	0	0	0	0	0	0	0.453668	0.453668	0	0	0	0	0	0.453668	0.453668	0	0	0	0.453668	0.453668	0	0	0	0	0	0	0	0	0	0.453668	0.453668	0	0	0	0	0	0	0	0	0	0	0	0	0.453668	0.453668	0	0	0	0	0	0	0	0	0	0	0	0	0	0.453668	0.453668	0	0	0	0.453668	0.453668	0	0	0.453668	0.453668	0	0	0	0	0.453668	0.453668	0	0	0	0	0	0	0.453668	0.453668	0	0	0	0	0	0	0	0	0	0	0.453668	0.453668	0	0	0	0	0	0	0	0	0.453668	0.453668	0	0	0	0	0	0	0.453668	0.453668	0	0	0	0	0	0	0.453668	0.453668	0	0	0	0	0	0.453668	0.453668	0	0	0	0.453668	0.453668	0	0	0.453668	0.453668	0	0	0.453668	0.453668	0	0.453668	0.453668	0.453668	0.453668	0	0	0	0.453668	0.453668	0	0	0	0	0.453668	0.453668	0	0	0	0	0	0.453668	0.453668	0	0	0	0	0	0.453668	0.453668	0	0	0	0	0	0	0	0	0	0	0.453668	0.453668	0	0	0	0	0	0	0	0	0	0	0	0	0	0	0	0	0	0	0	0.453668	0.453668	0	0	0.453668	0.453668	0	0	0	0	0	0	0	0	0	0	0	0	0	0	0	0	0	0	0	0	0	0	0	0	0	0.453668	0.453668	0	0	0	0.453668	0.453668	0	0	0	0	0	0.453668	0.453668	0	0
0	0	0	0	0.453624	0.453624	0	0	0	0	0	0	0	0.453624	0.453624	0	0	0	0	0	0.453624	0.453624	0	0	0	0.453624	0.453624	0	0	0	0	0	0	0	0	0	0.453624	0.453624	0	0	0	0	0	0	0	0	0	0	0	0	0.453624	0.453624	0	0	0	0	0	0	0	0	0	0	0	0	0	0.453624	0.453624	0	0	0	0.453624	0.453624	0	0	0.453624	0.453624	0	0	0	0	0.453624	0.453624	0	0	0	0	0	0	0.453624	0.453624	0	0	0	0	0	0	0	0	0	0	0.453624	0.453624	0	0	0	0	0	0	0	0	0.453624	0.453624	0	0	0	0	0	0	0.453624	0.453624	0	0	0	0	0	0	0.453624	0.453624	0	0	0	0	0	0.453624	0.453624	0	0	0	0.453624	0.453624	0	0	0.453624	0.453624	0	0	0.453624	0.453624	0	0.453624	0.453624	0.453624	0.453624	0	0	0	0.453624	0.453624	0	0	0	0	0.453624	0.453624	0	0	0	0	0	0.453624	0.453624	0	0	0	0	0	0.453624	0.453624	0	0	0	0	0	0	0	0	0	0	0.453624	0.453624	0	0	0	0	0	0	0	0	0	0	0	0	0	0	0	0	0	0	0	0.453624	0.453624	0	0	0.453624	0.453624	0	0	0	0	0	0	0	0	0	0	0	0	0	0	0	0	0	0	0	0	0	0	0	0	0	0.453624	0.453624	0	0	0	0.453624	0.453624	0	0	0	0	0	0.453624	0.453624	0	0
0	0	0	0	0.453581	0.453581	0	0	0	0	0	0	0	0.453581	0.453581	0	0	0	0	0	0.453581	0.453581	0	0	0	0.453581	0.453581	0	0	0	0	0	0	0	0	0	0.453581	0.453581	0	0	0	0	0	0	0	0	0	0	0	0	0.453581	0.453581	0	0	0	0	0	0	0	0	0	0	0	0	0	0.453581	0.453581	0	0	0	0.453581	0.453581	0	0	0.453581	0.453581	0	0	0	0	0.453581	0.453581	0	0	0	0	0	0	0.453581	0.453581	0	0	0	0	0	0	0	0	0	0	0.453581	0.453581	0	0	0	0	0	0	0	0	0.453581	0.453581	0	0	0	0	0	0	0.453581	0.453581	0	0	0	0	0	0	0.453581	0.453581	0	0	0	0	0	0.453581	0.453581	0	0	0	0.453581	0.453581	0	0	0.453581	0.453581	0	0	0.453581	0.453581	0	0.453581	0.453581	0.453581	0.453581	0	0	0	0.453581	0.453581	0	0	0	0	0.453581	0.453581	0	0	0	0	0	0.453581	0.453581	0	0	0	0	0	0.453581	0.453581	0	0	0	0	0	0	0	0	0	0	0.453581	0.453581	0	0	0	0	0	0	0	0	0	0	0	0	0	0	0	0	0	0	0	0.453581	0.453581	0	0	0.453581	0.453581	0	0	0	0	0	0	0	0	0	0	0	0	0	0	0	0	0	0	0	0	0	0	0	0	0	0.453581	0.453581	0	0	0	0.453581	0.453581	0	0	0	0	0	0.453581	0.453581	0	0
0	0	0	0	0.453538	0.453538	0	0	0	0	0	0	0	0.453538	0.453538	0	0	0	0	0	0.453538	0.453538	0	0	0	0.453538	0.453538	0	0	0	0	0	0	0	0	0	0.453538	0.453538	0	0	0	0	0	0	0	0	0	0	0	0	0.453538	0.453538	0	0	0	0	0	0	0	0	0	0	0	0	0	0.453538	0.453538	0	0	0	0.453538	0.453538	0	0	0.453538	0.453538	0	0	0	0	0.453538	0.453538	0	0	0	0	0	0	0.453538	0.453538	0	0	0	0	0	0	0	0	0	0	0.453538	0.453538	0	0	0	0	0	0	0	0	0.453538	0.453538	0	0	0	0	0	0	0.453538	0.453538	0	0	0	0	0	0	0.453538	0.453538	0	0	0	0	0	0.453538	0.453538	0	0	0	0.453538	0.453538	0	0	0.453538	0.453538	0	0	0.453538	0.453538	0	0.453538	0.453538	0.453538	0.453538	0	0	0	0.453538	0.453538	0	0	0	0	0.453538	0.453538	0	0	0	0	0	0.453538	0.453538	0	0	0	0	0	0.453538	0.453538	0	0	0	0	0	0	0	0	0	0	0.453538	0.453538	0	0	0	0	0	0	0	0	0	0	0	0	0	0	0	0	0	0	0	0.453538	0.453538	0	0	0.453538	0.453538	0	0	0	0	0	0	0	0	0	0	0	0	0	0	0	0	0	0	0	0	0	0	0	0	0	0.453538	0.453538	0	0	0	0.453538	0.453538	0	0	0	0	0	0.453538	0.453538	0	0
0.907005	0.907005	0.907005	0.8017	0.817556	0.86344	0.907005	0.907005	0.907005	0.907005	0.907005	0.907005	0.8017	0.817556	0.86344	0.907005	0.907005	0.907005	0.8017	0.578132	0.6611	0.86344	0.907005	0.907005	0.8017	0.817556	0.86344	0.907005	0.907005	0.907005	0.907005	0.907005	0.8017	0.578132	0.453531	0.453531	0.641351	0.641351	0.453531	0.453531	0.453531	0.358548	0.160344	0	0	0	0	0	0	0	0.358525	0.481022	0.453531	0.358548	0.160344	0	0	0	0	0	0	0	0	0	0.160344	0.507028	0.358525	0	0.160344	0.358548	0.481022	0.358525	0	0	0.358525	0.507028	0.160344	0	0	0	0.358525	0.481022	0.453531	0.358548	0.160344	0	0	0	0.358525	0.481022	0.453531	0.453531	0.453531	0.453531	0.453531	0.453531	0.453531	0.358548	0.160344	0	0.358525	0.481022	0.453531	0.453531	0.453531	0.358548	0.160344	0	0	0	0.358525	0.481022	0.358548	0.160344	0	0	0	0	0.358525	0.481022	0.453531	0.453531	0.453531	0.453531	0.453531	0.453531	0.6611	0.86344	0.8017	0.578132	0.453531	0.453531	0.453531	0.641351	0.641351	0.453531	0.453531	0.453531	0.641351	0.641351	0.453531	0.358548	0.507028	0.481022	0.453531	0.453531	0.641351	0.641351	0.453531	0.641351	0.641351	0.6611	0.86344	0.8017	0.578132	0.453531	0.6611	0.86344	0.907005	0.8017	0.578132	0.453531	0.6611	0.86344	0.8017	0.578132	0.453531	0.453531	0.358548	0.507028	0.481022	0.453531	0.453531	0.453531	0.453531	0.453531	0.6611	0.817556	0.578132	0.453531	0.453531	0.453531	0.453531	0.453531	0.453531	0.453531	0.453531	0.453531	0.6611	0.86344	0.907005	0.8017	0.578132	0.453531	0.453531	0.453531	0.453531	0.453531	0.453531	0.453531	0.453531	0.453531	0.453531	0.453531	0.453531	0.453531	0.453531	0.453531	0.453531	0.481022	0.358525	0	0	0.358525	0.481022	0.453531	0.453531	0.453531	0.453531	0.453531	0.453531	0.453531	0.453531	0.453531	0.453531	0.453531	0.453531	0.453531	0.453531	0.453531	0.453531	0.453531	0.453531	0.453531	0.453531	0.453531	0.453531	0.453531	0.453531	0.453531	0.6611	0.817556	0.578132	0.453531	0.453531	0.6611	0.86344	0.8017	0.578132	0.453531	0.358548	0.160344	0.358525	0.481022	0.358548	0.160344
0.906919	0.906919	0.906919	0.863358	0.817479	0.801624	0.906919	0.906919	0.906919	0.906919	0.906919	0.906919	0.863358	0.817479	0.801624	0.906919	0.906919	0.906919	0.863358	0.661037	0.578077	0.801624	0.906919	0.906919	0.863358	0.817479	0.801624	0.906919	0.906919	0.906919	0.906919	0.906919	0.863358	0.661037	0.453488	0.453488	0.64129	0.64129	0.453488	0.453488	0.453488	0.480976	0.358491	0	0	0	0	0	0	0	0.160329	0.358514	0.453488	0.480976	0.358491	0	0	0	0	0	0	0	0	0	0.358491	0.50698	0.160329	0	0.358491	0.480976	0.358514	0.160329	0	0	0.160329	0.50698	0.358491	0	0	0	0.160329	0.358514	0.453488	0.480976	0.358491	0	0	0	0.160329	0.358514	0.453488	0.453488	0.453488	0.453488	0.453488	0.453488	0.453488	0.480976	0.358491	0	0.160329	0.358514	0.453488	0.453488	0.453488	0.480976	0.358491	0	0	0	0.160329	0.358514	0.480976	0.358491	0	0	0	0	0.160329	0.358514	0.453488	0.453488	0.453488	0.453488	0.453488	0.453488	0.578077	0.801624	0.863358	0.661037	0.453488	0.453488	0.453488	0.64129	0.64129	0.453488	0.453488	0.453488	0.64129	0.64129	0.453488	0.480976	0.50698	0.358514	0.453488	0.453488	0.64129	0.64129	0.453488	0.64129	0.64129	0.578077	0.801624	0.863358	0.661037	0.453488	0.578077	0.801624	0.906919	0.863358	0.661037	0.453488	0.578077	0.801624	0.863358	0.661037	0.453488	0.453488	0.480976	0.50698	0.358514	0.453488	0.453488	0.453488	0.453488	0.453488	0.578077	0.817479	0.661037	0.453488	0.453488	0.453488	0.453488	0.453488	0.453488	0.453488	0.453488	0.453488	0.578077	0.801624	0.906919	0.863358	0.661037	0.453488	0.453488	0.453488	0.453488	0.453488	0.453488	0.453488	0.453488	0.453488	0.453488	0.453488	0.453488	0.453488	0.453488	0.453488	0.453488	0.358514	0.160329	0	0	0.160329	0.358514	0.453488	0.453488	0.453488	0.453488	0.453488	0.453488	0.453488	0.453488	0.453488	0.453488	0.453488	0.453488	0.453488	0.453488	0.453488	0.453488	0.453488	0.453488	0.453488	0.453488	0.453488	0.453488	0.453488	0.453488	0.453488	0.578077	0.817479	0.661037	0.453488	0.453488	0.578077	0.801624	0.863358	0.661037	0.453488	0.480976	0.358491	0.160329	0.358514	0.480976	0.358491
0	0	0	0.453409	0.453409	0	0	0	0	0	0	0	0.453409	0.453409	0	0	0	0	0.453409	0.453409	0	0	0	0	0.453409	0.453409	0	0	0	0	0	0	0.453409	0.453409	0	0	0.453409	0.453409	0	0	0	0.453409	0.453409	0	0	0	0	0	0	0	0	0	0	0.453409	0.453409	0	0	0	0	0	0	0	0	0	0.453409	0.453409	0	0	0.453409	0.453409	0	0	0	0	0	0.453409	0.453409	0	0	0	0	0	0	0.453409	0.453409	0	0	0	0	0	0	0	0	0	0	0	0	0.453409	0.453409	0	0	0	0	0	0	0.453409	0.453409	0	0	0	0	0	0.453409	0.453409	0	0	0	0	0	0	0	0	0	0	0	0	0	0	0.453409	0.453409	0	0	0	0.453409	0.453409	0	0	0	0.453409	0.453409	0	0.453409	0.453409	0	0	0	0.453409	0.453409	0	0.453409	0.453409	0	0	0.453409	0.453409	0	0	0	0	0.453409	0.453409	0	0	0	0.453409	0.453409	0	0	0.453409	0.453409	0	0	0	0	0	0	0	0.453409	0.453409	0	0	0	0	0	0	0	0	0	0	0	0	0.453409	0.453409	0	0	0	0	0	0	0	0	0	0	0	0	0	0	0	0	0	0	0	0	0	0	0	0	0	0	0	0	0	0	0	0	0	0	0	0	0	0	0	0	0	0	0	0	0	0	0	0	0.453409	0.453409	0	0	0	0	0.453409	0.453409	0	0.453409	0.453409	0	0	0.453409	0.453409
0	0	0	0.453366	0.453366	0	0	0	0	0	0	0	0.453366	0.453366	0	0	0	0	0.453366	0.453366	0	0	0	0	0.453366	0.453366	0	0	0	0	0	0	0.453366	0.453366	0	0	0.453366	0.453366	0	0	0	0.453366	0.453366	0	0	0	0	0	0	0	0	0	0	0.453366	0.453366	0	0	0	0	0	0	0	0	0	0.453366	0.453366	0	0	0.453366	0.453366	0	0	0	0	0	0.453366	0.453366	0	0	0	0	0	0	0.453366	0.453366	0	0	0	0	0	0	0	0	0	0	0	0	0.453366	0.453366	0	0	0	0	0	0	0.453366	0.453366	0	0	0	0	0	0.453366	0.453366	0	0	0	0	0	0	0	0	0	0	0	0	0	0	0.453366	0.453366	0	0	0	0.453366	0.453366	0	0	0	0.453366	0.453366	0	0.453366	0.453366	0	0	0	0.453366	0.453366	0	0.453366	0.453366	0	0	0.453366	0.453366	0	0	0	0	0.453366	0.453366	0	0	0	0.453366	0.453366	0	0	0.453366	0.453366	0	0	0	0	0	0	0	0.453366	0.453366	0	0	0	0	0	0	0	0	0	0	0	0	0.453366	0.453366	0	0	0	0	0	0	0	0	0	0	0	0	0	0	0	0	0	0	0	0	0	0	0	0	0	0	0	0	0	0	0	0	0	0	0	0	0	0	0	0	0	0	0	0	0	0	0	0	0.453366	0.453366	0	0	0	0	0.453366	0.453366	0	0.453366	0.453366	0	0	0.453366	0.453366
0	0	0	0.453323	0.453323	0	0	0	0	0	0	0	0.453323	0.453323	0	0	0	0	0.453323	0.453323	0	0	0	0	0.453323	0.453323	0	0	0	0	0	0	0.453323	0.453323	0	0	0.453323	0.453323	0	0	0	0.453323	0.453323	0	0	0	0	0	0	0	0	0	0	0.453323	0.453323	0	0	0	0	0	0	0	0	0	0.453323	0.453323	0	0	0.453323	0.453323	0	0	0	0	0	0.453323	0.453323	0	0	0	0	0	0	0.453323	0.453323	0	0	0	0	0	0	0	0	0	0	0	0	0.453323	0.453323	0	0	0	0	0	0	0.453323	0.453323	0	0	0	0	0	0.453323	0.453323	0	0	0	0	0	0	0	0	0	0	0	0	0	0	0.453323	0.453323	0	0	0	0.453323	0.453323	0	0	0	0.453323	0.453323	0	0.453323	0.453323	0	0	0	0.453323	0.453323	0	0.453323	0.453323	0	0	0.453323	0.453323	0	0	0	0	0.453323	0.453323	0	0	0	0.453323	0.453323	0	0	0.453323	0.453323	0	0	0	0	0	0	0	0.453323	0.453323	0	0	0	0	0	0	0	0	0	0	0	0	0.453323	0.453323	0	0	0	0	0	0	0	0	0	0	0	0	0	0	0	0	0	0	0	0	0	0	0	0	0	0	0	0	0	0	0	0	0	0	0	0	0	0	0	0	0	0	0	0	0	0	0	0	0.453323	0.453323	0	0	0	0	0.453323	0.453323	0	0.453323	0.453323	0	0	0.453323	0.453323
0	0	0	0.45328	0.45328	0	0	0	0	0	0	0	0.45328	0.45328	0	0	0	0	0.45328	0.45328	0	0	0	0	0.45328	0.45328	0	0	0	0	0	0	0.45328	0.45328	0	0	0.45328	0.45328	0	0	0	0.45328	0.45328	0	0	0	0	0	0	0	0	0	0	0.45328	0.45328	0	0	0	0	0	0	0	0	0	0.45328	0.45328	0	0	0.45328	0.45328	0	0	0	0	0	0.45328	0.45328	0	0	0	0	0	0	0.45328	0.45328	0	0	0	0	0	0	0	0	0	0	0	0	0.45328	0.45328	0	0	0	0	0	0	0.45328	0.45328	0	0	0	0	0	0.45328	0.45328	0	0	0	0	0	0	0	0	0	0	0	0	0	0	0.45328	0.45328	0	0	0	0.45328	0.45328	0	0	0	0.45328	0.45328	0	0.45328	0.45328	0	0	0	0.45328	0.45328	0	0.45328	0.45328	0	0	0.45328	0.45328	0	0	0	0	0.45328	0.45328	0	0	0	0.45328	0.45328	0	0	0.45328	0.45328	0	0	0	0	0	0	0	0.45328	0.45328	0	0	0	0	0	0	0	0	0	0	0	0	0.45328	0.45328	0	0	0	0	0	0	0	0	0	0	0	0	0	0	0	0	0	0	0	0	0	0	0	0	0	0	0	0	0	0	0	0	0	0	0	0	0	0	0	0	0	0	0	0	0	0	0	0	0.45328	0.45328	0	0	0	0	0.45328	0.45328	0	0.45328	0.45328	0	0	0.45328	0.45328
0	0	0	0.453237	0.453237	0	0	0	0	0	0	0	0.453237	0.453237	0	0	0	0	0.453237	0.453237	0	0	0	0	0.453237	0.453237	0	0	0	0	0	0	0.453237	0.453237	0	0	0.453237	0.453237	0	0	0	0.453237	0.453237	0	0	0	0	0	0	0	0	0	0	0.453237	0.453237	0	0	0	0	0	0	0	0	0	0.453237	0.453237	0	0	0.453237	0.453237	0	0	0	0	0	0.453237	0.453237	0	0	0	0	0	0	0.453237	0.453237	0	0	0	0	0	0	0	0	0	0	0	0	0.453237	0.453237	0	0	0	0	0	0	0.453237	0.453237	0	0	0	0	0	0.453237	0.453237	0	0	0	0	0	0	0	0	0	0	0	0	0	0	0.453237	0.453237	0	0	0	0.453237	0.453237	0	0	0	0.453237	0.453237	0	0.453237	0.453237	0	0	0	0.453237	0.453237	0	0.453237	0.453237	0	0	0.453237	0.453237	0	0	0	0	0.453237	0.453237	0	0	0	0.453237	0.453237	0	0	0.453237	0.453237	0	0	0	0	0	0	0	0.453237	0.453237	0	0	0	0	0	0	0	0	0	0	0	0	0.453237	0.453237	0	0	0	0	0	0	0	0	0	0	0	0	0	0	0	0	0	0	0	0	0	0	0	0	0	0	0	0	0	0	0	0	0	0	0	0	0	0	0	0	0	0	0	0	0	0	0	0	0.453237	0.453237	0	0	0	0	0.453237	0.453237	0	0.453237	0.453237	0	0	0.453237	0.453237
0.453223	0.453223	0.453223	0.660653	0.862854	0.906388	0.801155	0.577739	0.453223	0.453223	0.453223	0.453223	0.660653	0.862854	0.906388	0.906388	0.906388	0.906388	1.01334	1.01334	0.906388	0.906388	0.906388	0.906388	1.01334	1.01334	0.906388	0.906388	0.906388	0.801155	0.577739	0.453223	0.660653	0.862854	0.801155	0.577739	0.660653	0.862854	0.801155	0.577739	0.453223	0.660653	0.862854	0.801155	0.577739	0.453223	0.453223	0.358304	0.160236	0	0	0	0	0.358286	0.50669	0.160236	0	0	0	0	0	0	0.160236	0.358304	0.480699	0.358286	0	0	0.358286	0.480699	0.358304	0.160236	0	0	0	0.358286	0.480699	0.453223	0.453223	0.358304	0.160236	0	0	0.358286	0.480699	0.453223	0.453223	0.453223	0.453223	0.453223	0.453223	0.453223	0.358304	0.160236	0	0	0	0.358286	0.480699	0.453223	0.453223	0.453223	0.453223	0.453223	0.453223	0.64092	0.64092	0.453223	0.453223	0.358304	0.160236	0	0.358286	0.480699	0.453223	0.453223	0.453223	0.358304	0.160236	0	0	0	0	0	0	0	0	0	0.358286	0.480699	0.358304	0.160236	0	0.358286	0.480699	0.453223	0.453223	0.358304	0.50669	0.50669	0.160236	0.358286	0.480699	0.453223	0.358304	0.160236	0.358286	0.480699	0.453223	0.660653	0.862854	0.801155	0.577739	0.660653	0.862854	0.906388	0.801155	0.577739	0.453223	0.660653	0.817004	0.577739	0.453223	0.453223	0.660653	0.817004	0.577739	0.453223	0.660653	0.817004	0.577739	0.453223	0.453223	0.453223	0.453223	0.453223	0.453223	0.660653	0.862854	0.906388	0.801155	0.577739	0.453223	0.453223	0.453223	0.453223	0.453223	0.453223	0.453223	0.453223	0.453223	0.660653	0.817004	0.577739	0.453223	0.453223	0.453223	0.453223	0.453223	0.453223	0.453223	0.453223	0.453223	0.453223	0.453223	0.453223	0.453223	0.453223	0.453223	0.453223	0.453223	0.453223	0.453223	0.453223	0.453223	0.453223	0.453223	0.453223	0.453223	0.453223	0.453223	0.453223	0.453223	0.453223	0.453223	0.453223	0.453223	0.453223	0.453223	0.453223	0.453223	0.453223	0.453223	0.453223	0.453223	0.453223	0.358304	0.160236	0	0	0	0.358286	0.480699	0.453223	0.358304	0.160236	0	0.358286	0.480699	0.453223	0.64092	0.64092	0.453223	0.453223	0.64092	0.64092
0.45318	0.45318	0.45318	0.577684	0.801079	0.906302	0.862772	0.66059	0.45318	0.45318	0.45318	0.45318	0.577684	0.801079	0.906302	0.906302	0.906302	0.906302	1.01324	1.01324	0.906302	0.906302	0.906302	0.906302	1.01324	1.01324	0.906302	0.906302	0.906302	0.862772	0.66059	0.45318	0.577684	0.801079	0.862772	0.66059	0.577684	0.801079	0.862772	0.66059	0.45318	0.577684	0.801079	0.862772	0.66059	0.45318	0.45318	0.480653	0.358252	0	0	0	0	0.160221	0.506642	0.358252	0	0	0	0	0	0	0.358252	0.480653	0.35827	0.160221	0	0	0.160221	0.35827	0.480653	0.358252	0	0	0	0.160221	0.35827	0.45318	0.45318	0.480653	0.358252	0	0	0.160221	0.35827	0.45318	0.45318	0.45318	0.45318	0.45318	0.45318	0.45318	0.480653	0.358252	0	0	0	0.160221	0.35827	0.45318	0.45318	0.45318	0.45318	0.45318	0.45318	0.640859	0.640859	0.45318	0.45318	0.480653	0.358252	0	0.160221	0.35827	0.45318	0.45318	0.45318	0.480653	0.358252	0	0	0	0	0	0	0	0	0	0.160221	0.35827	0.480653	0.358252	0	0.160221	0.35827	0.45318	0.45318	0.480653	0.506642	0.506642	0.358252	0.160221	0.35827	0.45318	0.480653	0.358252	0.160221	0.35827	0.45318	0.577684	0.801079	0.862772	0.66059	0.577684	0.801079	0.906302	0.862772	0.66059	0.45318	0.577684	0.816927	0.66059	0.45318	0.45318	0.577684	0.816927	0.66059	0.45318	0.577684	0.816927	0.66059	0.45318	0.45318	0.45318	0.45318	0.45318	0.45318	0.577684	0.801079	0.906302	0.862772	0.66059	0.45318	0.45318	0.45318	0.45318	0.45318	0.45318	0.45318	0.45318	0.45318	0.577684	0.816927	0.66059	0.45318	0.45318	0.45318	0.45318	0.45318	0.45318	0.45318	0.45318	0.45318	0.45318	0.45318	0.45318	0.45318	0.45318	0.45318	0.45318	0.45318	0.45318	0.45318	0.45318	0.45318	0.45318	0.45318	0.45318	0.45318	0.45318	0.45318	0.45318	0.45318	0.45318	0.45318	0.45318	0.45318	0.45318	0.45318	0.45318	0.45318	0.45318	0.45318	0.45318	0.45318	0.45318	0.480653	0.358252	0	0	0	0.160221	0.35827	0.45318	0.480653	0.358252	0	0.160221	0.35827	0.45318	0.640859	0.640859	0.45318	0.45318	0.640859	0.640859
0	0	0	0	0	0	0.453108	0.453108	0	0	0	0	0	0	0	0	0	0	0.453108	0.453108	0	0	0	0	0.453108	0.453108	0	0	0	0.453108	0.453108	0	0	0	0.453108	0.453108	0	0	0.453108	0.453108	0	0	0	0.453108	0.453108	0	0	0.453108	0.453108	0	0	0	0	0	0.453108	0.453108	0	0	0	0	0	0	0.453108	0.453108	0	0	0	0	0	0	0.453108	0.453108	0	0	0	0	0	0	0	0.453108	0.453108	0	0	0	0	0	0	0	0	0	0	0	0.453108	0.453108	0	0	0	0	0	0	0	0	0	0	0	0.453108	0.453108	0	0	0.453108	0.453108	0	0	0	0	0	0	0.453108	0.453108	0	0	0	0	0	0	0	0	0	0	0	0.453108	0.453108	0	0	0	0	0	0.453108	0.453108	0.453108	0.453108	0	0	0	0.453108	0.453108	0	0	0	0	0	0.453108	0.453108	0	0	0	0.453108	0.453108	0	0	0.453108	0.453108	0	0	0	0.453108	0.453108	0	0	0.453108	0.453108	0	0	0	0	0	0	0	0	0	0.453108	0.453108	0	0	0	0	0	0	0	0	0	0	0.453108	0.453108	0	0	0	0	0	0	0	0	0	0	0	0	0	0	0	0	0	0	0	0	0	0	0	0	0	0	0	0	0	0	0	0	0	0	0	0	0	0	0	0	0	0	0.453108	0.453108	0	0	0	0	0	0	0.453108	0.453108	0	0	0	0	0.453108	0.453108	0	0	0.453108	0.453108
0	0	0	0	0	0	0.453065	0.453065	0	0	0	0	0	0	0	0	0	0	0.453065	0.453065	0	0	0	0	0.453065	0.453065	0	0	0	0.453065	0.453065	0	0	0	0.453065	0.453065	0	0	0.453065	0.453065	0	0	0	0.453065	0.453065	0	0	0.453065	0.453065	0	0	0	0	0	0.453065	0.453065	0	0	0	0	0	0	0.453065	0.453065	0	0	0	0	0	0	0.453065	0.453065	0	0	0	0	0	0	0	0.453065	0.453065	0	0	0	0	0	0	0	0	0	0	0	0.453065	0.453065	0	0	0	0	0	0	0	0	0	0	0	0.453065	0.453065	0	0	0.453065	0.453065	0	0	0	0	0	0	0.453065	0.453065	0	0	0	0	0	0	0	0	0	0	0	0.453065	0.453065	0	0	0	0	0	0.453065	0.453065	0.453065	0.453065	0	0	0	0.453065	0.453065	0	0	0	0	0	0.453065	0.453065	0	0	0	0.453065	0.453065	0	0	0.453065	0.453065	0	0	0	0.453065	0.453065	0	0	0.453065	0.453065	0	0	0	0	0	0	0	0	0	0.453065	0.453065	0	0	0	0	0	0	0	0	0	0	0.453065	0.453065	0	0	0	0	0	0	0	0	0	0	0	0	0	0	0	0	0	0	0	0	0	0	0	0	0	0	0	0	0	0	0	0	0	0	0	0	0	0	0	0	0	0	0.453065	0.453065	0	0	0	0	0	0	0.453065	0.453065	0	0	0	0	0.453065	0.453065	0	0	0.453065	0.453065
0	0	0	0	0	0	0.453022	0.453022	0	0	0	0	0	0	0	0	0	0	0.453022	0.453022	0	0	0	0	0.453022	0.453022	0	0	0	0.453022	0.453022	0	0	0	0.453022	0.453022	0	0	0.453022	0.453022	0	0	0	0.453022	0.453022	0	0	0.453022	0.453022	0	0	0	0	0	0.453022	0.453022	0	0	0	0	0	0	0.453022	0.453022	0	0	0	0	0	0	0.453022	0.453022	0	0	0	0	0	0	0	0.453022	0.453022	0	0	0	0	0	0	0	0	0	0	0	0.453022	0.453022	0	0	0	0	0	0	0	0	0	0	0	0.453022	0.453022	0	0	0.453022	0.453022	0	0	0	0	0	0	0.453022	0.453022	0	0	0	0	0	0	0	0	0	0	0	0.453022	0.453022	0	0	0	0	0	0.453022	0.453022	0.453022	0.453022	0	0	0	0.453022	0.453022	0	0	0	0	0	0.453022	0.453022	0	0	0	0.453022	0.453022	0	0	0.453022	0.453022	0	0	0	0.453022	0.453022	0	0	0.453022	0.453022	0	0	0	0	0	0	0	0	0	0.453022	0.453022	0	0	0	0	0	0	0	0	0	0	0.453022	0.453022	0	0	0	0	0	0	0	0	0	0	0	0	0	0	0	0	0	0	0	0	0	0	0	0	0	0	0	0	0	0	0	0	0	0	0	0	0	0	0	0	0	0	0.453022	0.453022	0	0	0	0	0	0	0.453022	0.453022	0	0	0	0	0.453022	0.453022	0	0	0.453022	0.453022
0	0	0	0	0	0	0.452979	0.452979	0	0	0	0	0	0	0	0	0	0	0.452979	0.452979	0	0	0	0	0.452979	0.452979	0	0	0	0.452979	0.452979	0	0	0	0.452979	0.452979	0	0	0.452979	0.452979	0	0	0	0.452979	0.452979	0	0	0.452979	0.452979	0	0	0	0	0	0.452979	0.452979	0	0	0	0	0	0	0.452979	0.452979	0	0	0	0	0	0	0.452979	0.452979	0	0	0	0	0	0	0	0.452979	0.452979	0	0	0	0	0	0	0	0	0	0	0	0.452979	0.452979	0	0	0	0	0	0	0	0	0	0	0	0.452979	0.452979	0	0	0.452979	0.452979	0	0	0	0	0	0	0.452979	0.452979	0	0	0	0	0	0	0	0	0	0	0	0.452979	0.452979	0	0	0	0	0	0.452979	0.452979	0.452979	0.452979	0	0	0	0.452979	0.452979	0	0	0	0	0	0.452979	0.452979	0	0	0	0.452979	0.452979	0	0	0.452979	0.452979	0	0	0	0.452979	0.452979	0	0	0.452979	0.452979	0	0	0	0	0	0	0	0	0	0.452979	0.452979	0	0	0	0	0	0	0	0	0	0	0.452979	0.452979	0	0	0	0	0	0	0	0	0	0	0	0	0	0	0	0	0	0	0	0	0	0	0	0	0	0	0	0	0	0	0	0	0	0	0	0	0	0	0	0	0	0	0.452979	0.452979	0	0	0	0	0	0	0.452979	0.452979	0	0	0	0	0.452979	0.452979	0	0	0.452979	0.452979
0.452965	0.452965	0.452965	0.452965	0.452965	0.452965	0.660277	0.816539	0.57741	0.452965	0.452965	0.452965	0.452965	0.452965	0.452965	0.452965	0.452965	0.452965	0.660277	0.862363	0.800699	0.57741	0.452965	0.452965	0.660277	0.816539	0.57741	0.452965	0.452965	0.660277	0.862363	0.905873	0.800699	0.57741	0.640555	0.640555	0.452965	0.452965	0.640555	0.640555	0.452965	0.3581	0.160145	0.358082	0.506402	0.160145	0	0.358082	0.480425	0.452965	0.3581	0.160145	0	0	0.358082	0.480425	0.452965	0.3581	0.160145	0	0	0	0.358082	0.480425	0.3581	0.160145	0	0	0	0	0.358082	0.480425	0.452965	0.3581	0.160145	0	0	0	0	0.358082	0.480425	0.452965	0.452965	0.452965	0.452965	0.452965	0.452965	0.452965	0.3581	0.160145	0	0	0.358082	0.480425	0.452965	0.452965	0.3581	0.160145	0	0	0	0	0	0	0	0.358082	0.480425	0.452965	0.452965	0.640555	0.640555	0.452965	0.452965	0.452965	0.452965	0.452965	0.452965	0.660277	0.816539	0.57741	0.452965	0.452965	0.452965	0.452965	0.452965	0.452965	0.3581	0.160145	0	0	0.358082	0.480425	0.452965	0.3581	0.160145	0	0	0.358082	0.480425	0.640555	0.640555	0.452965	0.3581	0.160145	0.358082	0.480425	0.452965	0.452965	0.452965	0.3581	0.160145	0.358082	0.480425	0.452965	0.452965	0.452965	0.640555	0.640555	0.452965	0.452965	0.660277	0.862363	0.800699	0.57741	0.452965	0.660277	0.862363	0.905873	0.800699	0.816539	0.862363	0.905873	0.905873	0.800699	0.57741	0.452965	0.452965	0.452965	0.452965	0.452965	0.660277	0.862363	0.905873	0.800699	0.57741	0.452965	0.452965	0.452965	0.452965	0.452965	0.452965	0.452965	0.660277	0.862363	0.905873	0.800699	0.57741	0.452965	0.452965	0.452965	0.452965	0.452965	0.452965	0.452965	0.452965	0.452965	0.452965	0.452965	0.452965	0.452965	0.452965	0.452965	0.452965	0.452965	0.452965	0.452965	0.452965	0.452965	0.452965	0.452965	0.452965	0.452965	0.3581	0.160145	0	0	0	0	0	0	0	0	0	0	0	0	0.358082	0.480425	0.452965	0.452965	0.3581	0.160145	0	0	0.358082	0.480425	0.452965	0.3581	0.160145	0	0.358082	0.480425	0.3581	0.160145	0.452936	0.452936
0.452922	0.452922	0.452922	0.452922	0.452922	0.452922	0.577355	0.816462	0.660215	0.452922	0.452922	0.452922	0.452922	0.452922	0.452922	0.452922	0.452922	0.452922	0.577355	0.800623	0.862281	0.660215	0.452922	0.452922	0.577355	0.816462	0.660215	0.452922	0.452922	0.577355	0.800623	0.905787	0.862281	0.660215	0.640494	0.640494	0.452922	0.452922	0.640494	0.640494	0.452922	0.480379	0.358048	0.16013	0.506354	0.358048	0	0.16013	0.358067	0.452922	0.480379	0.358048	0	0	0.16013	0.358067	0.452922	0.480379	0.358048	0	0	0	0.16013	0.358067	0.480379	0.358048	0	0	0	0	0.16013	0.358067	0.452922	0.480379	0.358048	0	0	0	0	0.16013	0.358067	0.452922	0.452922	0.452922	0.452922	0.452922	0.452922	0.452922	0.480379	0.358048	0	0	0.16013	0.358067	0.452922	0.452922	0.480379	0.358048	0	0	0	0	0	0	0	0.16013	0.358067	0.452922	0.452922	0.640494	0.640494	0.452922	0.452922	0.452922	0.452922	0.452922	0.452922	0.577355	0.816462	0.660215	0.452922	0.452922	0.452922	0.452922	0.452922	0.452922	0.480379	0.358048	0	0	0.16013	0.358067	0.452922	0.480379	0.358048	0	0	0.16013	0.358067	0.640494	0.640494	0.452922	0.480379	0.358048	0.16013	0.358067	0.452922	0.452922	0.452922	0.480379	0.358048	0.16013	0.358067	0.452922	0.452922	0.452922	0.640494	0.640494	0.452922	0.452922	0.577355	0.800623	0.862281	0.660215	0.452922	0.577355	0.800623	0.905787	0.862281	0.816462	0.800623	0.905787	0.905787	0.862281	0.660215	0.452922	0.452922	0.452922	0.452922	0.452922	0.577355	0.800623	0.905787	0.862281	0.660215	0.452922	0.452922	0.452922	0.452922	0.452922	0.452922	0.452922	0.577355	0.800623	0.905787	0.862281	0.660215	0.452922	0.452922	0.452922	0.452922	0.452922	0.452922	0.452922	0.452922	0.452922	0.452922	0.452922	0.452922	0.452922	0.452922	0.452922	0.452922	0.452922	0.452922	0.452922	0.452922	0.452922	0.452922	0.452922	0.452922	0.452922	0.480379	0.358048	0	0	0	0	0	0	0	0	0	0	0	0	0.16013	0.358067	0.452922	0.452922	0.480379	0.358048	0	0	0.16013	0.358067	0.452922	0.480379	0.358048	0	0.16013	0.358067	0.480379	0.358048	0.452893	0.452893
0	0	0	0	0	0	0	0.45285	0.45285	0	0	0	0	0	0	0	0	0	0	0	0.45285	0.45285	0	0	0	0.45285	0.45285	0	0	0	0	0	0.45285	0.45285	0.45285	0.45285	0	0	0.45285	0.45285	0	0.45285	0.45285	0	0.45285	0.45285	0	0	0	0	0.45285	0.45285	0	0	0	0	0	0.45285	0.45285	0	0	0	0	0	0.45285	0.45285	0	0	0	0	0	0	0	0.45285	0.45285	0	0	0	0	0	0	0	0	0	0	0	0	0	0.45285	0.45285	0	0	0	0	0	0	0.45285	0.45285	0	0	0	0	0	0	0	0	0	0	0	0.45285	0.45285	0	0	0	0	0	0	0	0.45285	0.45285	0	0	0	0	0	0	0.45285	0.45285	0	0	0	0	0	0.45285	0.45285	0	0	0	0	0.45285	0.45285	0	0.45285	0.45285	0	0	0	0	0	0.45285	0.45285	0	0	0	0	0	0.45285	0.45285	0	0	0	0	0.45285	0.45285	0	0	0	0	0.45285	0.45285	0	0	0	0.45285	0.45285	0	0	0	0	0	0	0	0	0.45285	0.45285	0	0	0	0	0	0	0	0	0	0	0.45285	0.45285	0	0	0	0	0	0	0	0	0	0	0	0	0	0	0	0	0	0	0	0	0	0	0	0	0	0.45285	0.45285	0	0	0	0	0	0	0	0	0	0	0	0	0	0	0	0	0.45285	0.45285	0	0	0	0	0	0.45285	0.45285	0	0	0	0.45285	0.45285	0.45285	0.45285
0	0	0	0	0	0	0	0.452807	0.452807	0	0	0	0	0	0	0	0	0	0	0	0.452807	0.452807	0	0	0	0.452807	0.452807	0	0	0	0	0	0.452807	0.452807	0.452807	0.452807	0	0	0.452807	0.452807	0	0.452807	0.452807	0	0.452807	0.452807	0	0	0	0	0.452807	0.452807	0	0	0	0	0	0.452807	0.452807	0	0	0	0	0	0.452807	0.452807	0	0	0	0	0	0	0	0.452807	0.452807	0	0	0	0	0	0	0	0	0	0	0	0	0	0.452807	0.452807	0	0	0	0	0	0	0.452807	0.452807	0	0	0	0	0	0	0	0	0	0	0	0.452807	0.452807	0	0	0	0	0	0	0	0.452807	0.452807	0	0	0	0	0	0	0.452807	0.452807	0	0	0	0	0	0.452807	0.452807	0	0	0	0	0.452807	0.452807	0	0.452807	0.452807	0	0	0	0	0	0.452807	0.452807	0	0	0	0	0	0.452807	0.452807	0	0	0	0	0.452807	0.452807	0	0	0	0	0.452807	0.452807	0	0	0	0.452807	0.452807	0	0	0	0	0	0	0	0	0.452807	0.452807	0	0	0	0	0	0	0	0	0	0	0.452807	0.452807	0	0	0	0	0	0	0	0	0	0	0	0	0	0	0	0	0	0	0	0	0	0	0	0	0	0.452807	0.452807	0	0	0	0	0	0	0	0	0	0	0	0	0	0	0	0	0.452807	0.452807	0	0	0	0	0	0.452807	0.452807	0	0	0	0.452807	0.452807	0.452807	0.452807
0	0	0	0	0	0	0	0.452764	0.452764	0	0	0	0	0	0	0	0	0	0	0	0.452764	0.452764	0	0	0	0.452764	0.452764	0	0	0	0	0	0.452764	0.452764	0.452764	0.452764	0	0	0.452764	0.452764	0	0.452764	0.452764	0	0.452764	0.452764	0	0	0	0	0.452764	0.452764	0	0	0	0	0	0.452764	0.452764	0	0	0	0	0	0.452764	0.452764	0	0	0	0	0	0	0	0.452764	0.452764	0	0	0	0	0	0	0	0	0	0	0	0	0	0.452764	0.452764	0	0	0	0	0	0	0.452764	0.452764	0	0	0	0	0	0	0	0	0	0	0	0.452764	0.452764	0	0	0	0	0	0	0	0.452764	0.452764	0	0	0	0	0	0	0.452764	0.452764	0	0	0	0	0	0.452764	0.452764	0	0	0	0	0.452764	0.452764	0	0.452764	0.452764	0	0	0	0	0	0.452764	0.452764	0	0	0	0	0	0.452764	0.452764	0	0	0	0	0.452764	0.452764	0	0	0	0	0.452764	0.452764	0	0	0	0.452764	0.452764	0	0	0	0	0	0	0	0	0.452764	0.452764	0	0	0	0	0	0	0	0	0	0	0.452764	0.452764	0	0	0	0	0	0	0	0	0	0	0	0	0	0	0	0	0	0	0	0	0	0	0	0	0	0.452764	0.452764	0	0	0	0	0	0	0	0	0	0	0	0	0	0	0	0	0.452764	0.452764	0	0	0	0	0	0.452764	0.452764	0	0	0	0.452764	0.452764	0.452764	0.452764
0	0	0	0	0	0	0	0.452721	0.452721	0	0	0	0	0	0	0	0	0	0	0	0.452721	0.452721	0	0	0	0.452721	0.452721	0	0	0	0	0	0.452721	0.452721	0.452721	0.452721	0	0	0.452721	0.452721	0	0.452721	0.452721	0	0.452721	0.452721	0	0	0	0	0.452721	0.452721	0	0	0	0	0	0.452721	0.452721	0	0	0	0	0	0.452721	0.452721	0	0	0	0	0	0	0	0.452721	0.452721	0	0	0	0	0	0	0	0	0	0	0	0	0	0.452721	0.452721	0	0	0	0	0	0	0.452721	0.452721	0	0	0	0	0	0	0	0	0	0	0	0.452721	0.452721	0	0	0	0	0	0	0	0.452721	0.452721	0	0	0	0	0	0	0.452721	0.452721	0	0	0	0	0	0.452721	0.452721	0	0	0	0	0.452721	0.452721	0	0.452721	0.452721	0	0	0	0	0	0.452721	0.452721	0	0	0	0	0	0.452721	0.452721	0	0	0	0	0.452721	0.452721	0	0	0	0	0.452721	0.452721	0	0	0	0.452721	0.452721	0	0	0	0	0	0	0	0	0.452721	0.452721	0	0	0	0	0	0	0	0	0	0	0.452721	0.452721	0	0	0	0	0	0	0	0	0	0	0	0	0	0	0	0	0	0	0	0	0	0	0	0	0	0.452721	0.452721	0	0	0	0	0	0	0	0	0	0	0	0	0	0	0	0	0.452721	0.452721	0	0	0	0	0	0.452721	0.452721	0	0	0	0.452721	0.452721	0.452721	0.452721
0	0	0	0	0	0	0	0.357879	0.480152	0.452707	0.452707	0.452707	0.357897	0.160054	0	0	0	0	0	0	0.357879	0.480152	0.452707	0.357897	0.160054	0.357879	0.480152	0.452707	0.452707	0.452707	0.357897	0.160054	0.357879	0.480152	0.640191	0.640191	0.452707	0.452707	0.659902	0.816075	0.577081	0.659902	0.861873	0.800244	0.816075	0.816075	0.577081	0.452707	0.357897	0.160054	0.357879	0.480152	0.452707	0.452707	0.357897	0.160054	0	0.357879	0.480152	0.357897	0.160054	0	0.160054	0.357897	0.480152	0.357879	0	0	0	0	0	0.160054	0.357897	0.480152	0.357879	0	0	0	0	0	0	0	0	0	0	0	0	0	0.357879	0.480152	0.452707	0.452707	0.452707	0.452707	0.452707	0.452707	0.659902	0.816075	0.577081	0.452707	0.452707	0.452707	0.452707	0.452707	0.452707	0.452707	0.357897	0.160054	0	0.357879	0.480152	0.452707	0.452707	0.452707	0.357897	0.160054	0	0	0.357879	0.480152	0.452707	0.357897	0.160054	0	0	0	0.357879	0.480152	0.357897	0.160054	0	0	0	0.357879	0.480152	0.357897	0.160054	0	0	0.357879	0.480152	0.357897	0.506113	0.480152	0.452707	0.452707	0.452707	0.357897	0.160054	0.357879	0.480152	0.452707	0.452707	0.452707	0.452707	0.452707	0.640191	0.640191	0.452707	0.452707	0.357897	0.160054	0.357879	0.480152	0.452707	0.452707	0.452707	0.452707	0.659902	0.861873	0.905357	0.800244	0.577081	0.659902	0.861873	0.905357	0.800244	0.577081	0.452707	0.452707	0.452707	0.452707	0.452707	0.659902	0.861873	0.800244	0.577081	0.452707	0.452707	0.452707	0.452707	0.452707	0.452707	0.452707	0.452707	0.640191	0.640191	0.452707	0.452707	0.452707	0.452707	0.452707	0.452707	0.452707	0.452707	0.452707	0.452707	0.452707	0.452707	0.452707	0.452707	0.357897	0.160054	0	0	0	0	0	0	0	0	0	0.357879	0.480152	0.452707	0.452707	0.357897	0.160054	0	0	0	0	0	0	0	0	0	0	0	0	0.357879	0.506113	0.160054	0	0	0	0	0.452678	0.452678	0	0	0	0.452678	0.452678	0.452678	0.452678
0	0	0	0	0	0	0	0.160039	0.357863	0.452664	0.452664	0.452664	0.480106	0.357845	0	0	0	0	0	0	0.160039	0.357863	0.452664	0.480106	0.357845	0.160039	0.357863	0.452664	0.452664	0.452664	0.480106	0.357845	0.160039	0.357863	0.64013	0.64013	0.452664	0.452664	0.577027	0.815998	0.659839	0.577027	0.800168	0.861791	0.815998	0.815998	0.659839	0.452664	0.480106	0.357845	0.160039	0.357863	0.452664	0.452664	0.480106	0.357845	0	0.160039	0.357863	0.480106	0.357845	0	0.357845	0.480106	0.357863	0.160039	0	0	0	0	0	0.357845	0.480106	0.357863	0.160039	0	0	0	0	0	0	0	0	0	0	0	0	0	0.160039	0.357863	0.452664	0.452664	0.452664	0.452664	0.452664	0.452664	0.577027	0.815998	0.659839	0.452664	0.452664	0.452664	0.452664	0.452664	0.452664	0.452664	0.480106	0.357845	0	0.160039	0.357863	0.452664	0.452664	0.452664	0.480106	0.357845	0	0	0.160039	0.357863	0.452664	0.480106	0.357845	0	0	0	0.160039	0.357863	0.480106	0.357845	0	0	0	0.160039	0.357863	0.480106	0.357845	0	0	0.160039	0.357863	0.480106	0.506066	0.357863	0.452664	0.452664	0.452664	0.480106	0.357845	0.160039	0.357863	0.452664	0.452664	0.452664	0.452664	0.452664	0.64013	0.64013	0.452664	0.452664	0.480106	0.357845	0.160039	0.357863	0.452664	0.452664	0.452664	0.452664	0.577027	0.800168	0.905271	0.861791	0.659839	0.577027	0.800168	0.905271	0.861791	0.659839	0.452664	0.452664	0.452664	0.452664	0.452664	0.577027	0.800168	0.861791	0.659839	0.452664	0.452664	0.452664	0.452664	0.452664	0.452664	0.452664	0.452664	0.64013	0.64013	0.452664	0.452664	0.452664	0.452664	0.452664	0.452664	0.452664	0.452664	0.452664	0.452664	0.452664	0.452664	0.452664	0.452664	0.480106	0.357845	0	0	0	0	0	0	0	0	0	0.160039	0.357863	0.452664	0.452664	0.480106	0.357845	0	0	0	0	0	0	0	0	0	0	0	0	0.160039	0.506066	0.357845	0	0	0	0	0.452635	0.452635	0	0	0	0.452635	0.452635	0.452635	0.452635
0	0	0	0	0	0	0	0	0	0	0	0	0.452592	0.452592	0	0	0	0	0	0	0	0	0	0.452592	0.452592	0	0	0	0	0	0.452592	0.452592	0	0	0.452592	0.452592	0	0	0	0.452592	0.452592	0	0	0.452592	0.452592	0.452592	0.452592	0	0.452592	0.452592	0	0	0	0	0.452592	0.452592	0	0	0	0.452592	0.452592	0	0.452592	0.452592	0	0	0	0	0	0	0	0.452592	0.452592	0	0	0	0	0	0	0	0	0	0	0	0	0	0	0	0	0	0	0	0	0	0	0	0	0.452592	0.452592	0	0	0	0	0	0	0	0.452592	0.452592	0	0	0	0	0	0	0.452592	0.452592	0	0	0	0	0	0.452592	0.452592	0	0	0	0	0	0.452592	0.452592	0	0	0	0	0	0.452592	0.452592	0	0	0	0	0.452592	0.452592	0	0	0	0	0.452592	0.452592	0	0	0	0	0	0	0	0.452592	0.452592	0	0	0.452592	0.452592	0	0	0	0	0	0	0	0	0	0.452592	0.452592	0	0	0	0.452592	0.452592	0	0	0	0	0	0	0	0.452592	0.452592	0	0	0	0	0	0	0	0	0.452592	0.452592	0	0	0	0	0	0	0	0	0	0	0	0	0	0	0.452592	0.452592	0	0	0	0	0	0	0	0	0	0	0	0	0	0.452592	0.452592	0	0	0	0	0	0	0	0	0	0	0	0	0	0.452592	0.452592	0	0	0	0	0.452592	0.452592	0	0	0	0.452592	0.452592	0.452592	0.452592
0	0	0	0	0	0	0	0	0	0	0	0	0.452542	0.452542	0	0	0	0	0	0	0	0	0	0.452542	0.452542	0	0	0	0	0	0.452542	0.452542	0	0	0.452542	0.452542	0	0	0	0.452542	0.452542	0	0	0.452542	0.452542	0.452542	0.452542	0	0.452542	0.452542	0	0	0	0	0.452542	0.452542	0	0	0	0.452542	0.452542	0	0.452542	0.452542	0	0	0	0	0	0	0	0.452542	0.452542	0	0	0	0	0	0	0	0	0	0	0	0	0	0	0	0	0	0	0	0	0	0	0	0	0.452542	0.452542	0	0	0	0	0	0	0	0.452542	0.452542	0	0	0	0	0	0	0.452542	0.452542	0	0	0	0	0	0.452542	0.452542	0	0	0	0	0	0.452542	0.452542	0	0	0	0	0	0.452542	0.452542	0	0	0	0	0.452542	0.452542	0	0	0	0	0.452542	0.452542	0	0	0	0	0	0	0	0.452542	0.452542	0	0	0.452542	0.452542	0	0	0	0	0	0	0	0	0	0.452542	0.452542	0	0	0	0.452542	0.452542	0	0	0	0	0	0	0	0.452542	0.452542	0	0	0	0	0	0	0	0	0.452542	0.452542	0	0	0	0	0	0	0	0	0	0	0	0	0	0	0.452542	0.452542	0	0	0	0	0	0	0	0	0	0	0	0	0	0.452542	0.452542	0	0	0	0	0	0	0	0	0	0	0	0	0	0.452542	0.452542	0	0	0	0	0.452542	0.452542	0	0	0	0.452542	0.452542	0.452542	0.452542
0	0	0	0	0	0	0	0	0	0	0	0	0.4525	0.4525	0	0	0	0	0	0	0	0	0	0.4525	0.4525	0	0	0	0	0	0.4525	0.4525	0	0	0.4525	0.4525	0	0	0	0.4525	0.4525	0	0	0.4525	0.4525	0.4525	0.4525	0	0.4525	0.4525	0	0	0	0	0.4525	0.4525	0	0	0	0.4525	0.4525	0	0.4525	0.4525	0	0	0	0	0	0	0	0.4525	0.4525	0	0	0	0	0	0	0	0	0	0	0	0	0	0	0	0	0	0	0	0	0	0	0	0	0.4525	0.4525	0	0	0	0	0	0	0	0.4525	0.4525	0	0	0	0	0	0	0.4525	0.4525	0	0	0	0	0	0.4525	0.4525	0	0	0	0	0	0.4525	0.4525	0	0	0	0	0	0.4525	0.4525	0	0	0	0	0.4525	0.4525	0	0	0	0	0.4525	0.4525	0	0	0	0	0	0	0	0.4525	0.4525	0	0	0.4525	0.4525	0	0	0	0	0	0	0	0	0	0.4525	0.4525	0	0	0	0.4525	0.4525	0	0	0	0	0	0	0	0.4525	0.4525	0	0	0	0	0	0	0	0	0.4525	0.4525	0	0	0	0	0	0	0	0	0	0	0	0	0	0	0.4525	0.4525	0	0	0	0	0	0	0	0	0	0	0	0	0	0.4525	0.4525	0	0	0	0	0	0	0	0	0	0	0	0	0	0.4525	0.4525	0	0	0	0	0.4525	0.4525	0	0	0	0.4525	0.4525	0.4525	0.4525
0	0	0	0	0	0	0	0	0	0	0	0	0.452457	0.452457	0	0	0	0	0	0	0	0	0	0.452457	0.452457	0	0	0	0	0	0.452457	0.452457	0	0	0.452457	0.452457	0	0	0	0.452457	0.452457	0	0	0.452457	0.452457	0.452457	0.452457	0	0.452457	0.452457	0	0	0	0	0.452457	0.452457	0	0	0	0.452457	0.452457	0	0.452457	0.452457	0	0	0	0	0	0	0	0.452457	0.452457	0	0	0	0	0	0	0	0	0	0	0	0	0	0	0	0	0	0	0	0	0	0	0	0	0.452457	0.452457	0	0	0	0	0	0	0	0.452457	0.452457	0	0	0	0	0	0	0.452457	0.452457	0	0	0	0	0	0.452457	0.452457	0	0	0	0	0	0.452457	0.452457	0	0	0	0	0	0.452457	0.452457	0	0	0	0	0.452457	0.452457	0	0	0	0	0.452457	0.452457	0	0	0	0	0	0	0	0.452457	0.452457	0	0	0.452457	0.452457	0	0	0	0	0	0	0	0	0	0.452457	0.452457	0	0	0	0.452457	0.452457	0	0	0	0	0	0	0	0.452457	0.452457	0	0	0	0	0	0	0	0	0.452457	0.452457	0	0	0	0	0	0	0	0	0	0	0	0	0	0	0.452457	0.452457	0	0	0	0	0	0	0	0	0	0	0	0	0	0.452457	0.452457	0	0	0	0	0	0	0	0	0	0	0	0	0	0.452457	0.452457	0	0	0	0	0.452457	0.452457	0	0	0	0.452457	0.452457	0.452457	0.452457
0.45245	0.45245	0.45245	0.45245	0.45245	0.45245	0.45245	0.45245	0.45245	0.45245	0.45245	0.45245	0.479875	0.35767	0	0	0	0	0	0	0	0	0	0.35767	0.505819	0.159962	0	0	0	0	0.35767	0.479875	0.357693	0.159962	0.35767	0.479875	0.45245	0.45245	0.357693	0.505819	0.479875	0.45245	0.45245	0.639822	0.639822	0.639822	0.639822	0.45245	0.659524	0.861381	0.799789	0.576753	0.45245	0.357693	0.505819	0.479875	0.357693	0.22621	0.357693	0.479875	0.35767	0	0.452414	0.452414	0	0	0	0	0	0	0.159962	0.505819	0.35767	0	0	0	0	0	0	0	0	0	0	0	0	0	0	0	0	0	0	0	0	0	0	0	0	0.35767	0.479875	0.45245	0.357693	0.159962	0	0	0	0	0.35767	0.505819	0.159962	0	0	0	0	0	0.35767	0.505819	0.159962	0	0	0	0	0.35767	0.479875	0.357693	0.159962	0	0	0	0.35767	0.479875	0.357693	0.159962	0	0	0	0.35767	0.479875	0.45245	0.357693	0.159962	0	0.35767	0.479875	0.45245	0.45245	0.45245	0.357693	0.505819	0.479875	0.45245	0.45245	0.45245	0.45245	0.357693	0.159962	0	0.35767	0.479875	0.45245	0.45245	0.639822	0.639822	0.45245	0.45245	0.45245	0.45245	0.45245	0.45245	0.357693	0.159962	0	0.35767	0.479875	0.45245	0.45245	0.45245	0.639822	0.639822	0.45245	0.45245	0.45245	0.45245	0.45245	0.357693	0.159962	0.35767	0.479875	0.45245	0.45245	0.45245	0.45245	0.357693	0.159962	0	0	0.35767	0.479875	0.45245	0.45245	0.45245	0.357693	0.159962	0	0	0	0	0	0	0	0	0	0.35767	0.479875	0.357693	0.159962	0	0	0	0	0	0	0	0	0	0	0	0.35767	0.479875	0.45245	0.357693	0.159962	0	0	0	0	0	0	0	0	0	0	0.452414	0.452414	0	0	0	0	0.452414	0.452414	0	0	0	0.452414	0.452414	0.35767	0.479875
0.452407	0.452407	0.452407	0.452407	0.452407	0.452407	0.452407	0.452407	0.452407	0.452407	0.452407	0.452407	0.357659	0.159947	0	0	0	0	0	0	0	0	0	0.159947	0.505771	0.357636	0	0	0	0	0.159947	0.357659	0.47983	0.357636	0.159947	0.357659	0.452407	0.452407	0.47983	0.505771	0.357659	0.452407	0.452407	0.639761	0.639761	0.639761	0.639761	0.452407	0.576698	0.799713	0.861299	0.659461	0.452407	0.47983	0.505771	0.357659	0.47983	0.678539	0.47983	0.357659	0.159947	0	0.452371	0.452371	0	0	0	0	0	0	0.357636	0.505771	0.159947	0	0	0	0	0	0	0	0	0	0	0	0	0	0	0	0	0	0	0	0	0	0	0	0	0.159947	0.357659	0.452407	0.47983	0.357636	0	0	0	0	0.159947	0.505771	0.357636	0	0	0	0	0	0.159947	0.505771	0.357636	0	0	0	0	0.159947	0.357659	0.47983	0.357636	0	0	0	0.159947	0.357659	0.47983	0.357636	0	0	0	0.159947	0.357659	0.452407	0.47983	0.357636	0	0.159947	0.357659	0.452407	0.452407	0.452407	0.47983	0.505771	0.357659	0.452407	0.452407	0.452407	0.452407	0.47983	0.357636	0	0.159947	0.357659	0.452407	0.452407	0.639761	0.639761	0.452407	0.452407	0.452407	0.452407	0.452407	0.452407	0.47983	0.357636	0	0.159947	0.357659	0.452407	0.452407	0.452407	0.639761	0.639761	0.452407	0.452407	0.452407	0.452407	0.452407	0.47983	0.357636	0.159947	0.357659	0.452407	0.452407	0.452407	0.452407	0.47983	0.357636	0	0	0.159947	0.357659	0.452407	0.452407	0.452407	0.47983	0.357636	0	0	0	0	0	0	0	0	0	0.159947	0.357659	0.47983	0.357636	0	0	0	0	0	0	0	0	0	0	0	0.159947	0.357659	0.452407	0.47983	0.357636	0	0	0	0	0	0	0	0	0	0	0.452371	0.452371	0	0	0	0	0.452371	0.452371	0	0	0	0.452371	0.452371	0.159947	0.357659
0	0	0	0	0	0	0	0	0	0	0	0	0	0	0	0	0	0	0	0	0	0	0	0	0.452328	0.452328	0	0	0	0	0	0	0.452328	0.452328	0	0	0	0	0.452328	0.452328	0	0	0	0.452328	0.452328	0.452328	0.452328	0	0	0	0.452328	0.452328	0	0.452328	0.452328	0	0.452328	0.9046	0.452328	0	0	0	0.452328	0.452328	0	0	0	0	0	0	0.452328	0.452328	0	0	0	0	0	0	0	0	0	0	0	0	0	0	0	0	0	0	0	0	0	0	0	0	0	0	0	0	0.452328	0.452328	0	0	0	0	0	0.452328	0.452328	0	0	0	0	0	0	0.452328	0.452328	0	0	0	0	0	0	0.452328	0.452328	0	0	0	0	0	0.452328	0.452328	0	0	0	0	0	0	0.452328	0.452328	0	0	0	0	0	0	0.452328	0.452328	0	0	0	0	0	0.452328	0.452328	0	0	0	0	0	0.452328	0.452328	0	0	0	0	0	0	0.452328	0.452328	0	0	0	0	0	0	0.452328	0.452328	0	0	0	0	0	0.452328	0.452328	0	0	0	0	0	0	0.452328	0.452328	0	0	0	0	0	0	0	0.452328	0.452328	0	0	0	0	0	0	0	0	0	0	0	0.452328	0.452328	0	0	0	0	0	0	0	0	0	0	0	0	0	0	0.452328	0.452328	0	0	0	0	0	0	0	0	0	0	0.452328	0.452328	0	0	0	0	0.452328	0.452328	0	0	0	0.452328	0.452328	0	0
0	0	0	0	0	0	0	0	0	0	0	0	0	0	0	0	0	0	0	0	0	0	0	0	0.452285	0.452285	0	0	0	0	0	0	0.452285	0.452285	0	0	0	0	0.452285	0.452285	0	0	0	0.452285	0.452285	0.452285	0.452285	0	0	0	0.452285	0.452285	0	0.452285	0.452285	0	0.452285	0.904514	0.452285	0	0	0	0.452285	0.452285	0	0	0	0	0	0	0.452285	0.452285	0	0	0	0	0	0	0	0	0	0	0	0	0	0	0	0	0	0	0	0	0	0	0	0	0	0	0	0	0.452285	0.452285	0	0	0	0	0	0.452285	0.452285	0	0	0	0	0	0	0.452285	0.452285	0	0	0	0	0	0	0.452285	0.452285	0	0	0	0	0	0.452285	0.452285	0	0	0	0	0	0	0.452285	0.452285	0	0	0	0	0	0	0.452285	0.452285	0	0	0	0	0	0.452285	0.452285	0	0	0	0	0	0.452285	0.452285	0	0	0	0	0	0	0.452285	0.452285	0	0	0	0	0	0	0.452285	0.452285	0	0	0	0	0	0.452285	0.452285	0	0	0	0	0	0	0.452285	0.452285	0	0	0	0	0	0	0	0.452285	0.452285	0	0	0	0	0	0	0	0	0	0	0	0.452285	0.452285	0	0	0	0	0	0	0	0	0	0	0	0	0	0	0.452285	0.452285	0	0	0	0	0	0	0	0	0	0	0.452285	0.452285	0	0	0	0	0.452285	0.452285	0	0	0	0.452285	0.452285	0	0
0	0	0	0	0	0	0	0	0	0	0	0	0	0	0	0	0	0	0	0	0	0	0	0	0.452242	0.452242	0	0	0	0	0	0	0.452242	0.452242	0	0	0	0	0.452242	0.452242	0	0	0	0.452242	0.452242	0.452242	0.452242	0	0	0	0.452242	0.452242	0	0.452242	0.452242	0	0.452242	0.904428	0.452242	0	0	0	0.452242	0.452242	0	0	0	0	0	0	0.452242	0.452242	0	0	0	0	0	0	0	0	0	0	0	0	0	0	0	0	0	0	0	0	0	0	0	0	0	0	0	0	0.452242	0.452242	0	0	0	0	0	0.452242	0.452242	0	0	0	0	0	0	0.452242	0.452242	0	0	0	0	0	0	0.452242	0.452242	0	0	0	0	0	0.452242	0.452242	0	0	0	0	0	0	0.452242	0.452242	0	0	0	0	0	0	0.452242	0.452242	0	0	0	0	0	0.452242	0.452242	0	0	0	0	0	0.452242	0.452242	0	0	0	0	0	0	0.452242	0.452242	0	0	0	0	0	0	0.452242	0.452242	0	0	0	0	0	0.452242	0.452242	0	0	0	0	0	0	0.452242	0.452242	0	0	0	0	0	0	0	0.452242	0.452242	0	0	0	0	0	0	0	0	0	0	0	0.452242	0.452242	0	0	0	0	0	0	0	0	0	0	0	0	0	0	0.452242	0.452242	0	0	0	0	0	0	0	0	0	0	0.452242	0.452242	0	0	0	0	0.452242	0.452242	0	0	0	0.452242	0.452242	0	0
0	0	0	0	0	0	0	0	0	0	0	0	0	0	0	0	0	0	0	0	0	0	0	0	0.4522	0.4522	0	0	0	0	0	0	0.4522	0.4522	0	0	0	0	0.4522	0.4522	0	0	0	0.4522	0.4522	0.4522	0.4522	0	0	0	0.4522	0.4522	0	0.4522	0.4522	0	0.4522	0.904343	0.4522	0	0	0	0.4522	0.4522	0	0	0	0	0	0	0.4522	0.4522	0	0	0	0	0	0	0	0	0	0	0	0	0	0	0	0	0	0	0	0	0	0	0	0	0	0	0	0	0.4522	0.4522	0	0	0	0	0	0.4522	0.4522	0	0	0	0	0	0	0.4522	0.4522	0	0	0	0	0	0	0.4522	0.4522	0	0	0	0	0	0.4522	0.4522	0	0	0	0	0	0	0.4522	0.4522	0	0	0	0	0	0	0.4522	0.4522	0	0	0	0	0	0.4522	0.4522	0	0	0	0	0	0.4522	0.4522	0	0	0	0	0	0	0.4522	0.4522	0	0	0	0	0	0	0.4522	0.4522	0	0	0	0	0	0.4522	0.4522	0	0	0	0	0	0	0.4522	0.4522	0	0	0	0	0	0	0	0.4522	0.4522	0	0	0	0	0	0	0	0	0	0	0	0.4522	0.4522	0	0	0	0	0	0	0	0	0	0	0	0	0	0	0.4522	0.4522	0	0	0	0	0	0	0	0	0	0	0.4522	0.4522	0	0	0	0	0.4522	0.4522	0	0	0	0.4522	0.4522	0	0
0	0	0	0	0	0	0	0	0	0	0	0	0	0	0	0	0	0	0	0	0	0	0	0	0.452157	0.452157	0	0	0	0	0	0	0.452157	0.452157	0	0	0	0	0.452157	0.452157	0	0	0	0.452157	0.452157	0.452157	0.452157	0	0	0	0.452157	0.452157	0	0.452157	0.452157	0	0.452157	0.904257	0.452157	0	0	0	0.452157	0.452157	0	0	0	0	0	0	0.452157	0.452157	0	0	0	0	0	0	0	0	0	0	0	0	0	0	0	0	0	0	0	0	0	0	0	0	0	0	0	0	0.452157	0.452157	0	0	0	0	0	0.452157	0.452157	0	0	0	0	0	0	0.452157	0.452157	0	0	0	0	0	0	0.452157	0.452157	0	0	0	0	0	0.452157	0.452157	0	0	0	0	0	0	0.452157	0.452157	0	0	0	0	0	0	0.452157	0.452157	0	0	0	0	0	0.452157	0.452157	0	0	0	0	0	0.452157	0.452157	0	0	0	0	0	0	0.452157	0.452157	0	0	0	0	0	0	0.452157	0.452157	0	0	0	0	0	0.452157	0.452157	0	0	0	0	0	0	0.452157	0.452157	0	0	0	0	0	0	0	0.452157	0.452157	0	0	0	0	0	0	0	0	0	0	0	0.452157	0.452157	0	0	0	0	0	0	0	0	0	0	0	0	0	0	0.452157	0.452157	0	0	0	0	0	0	0	0	0	0	0.452157	0.452157	0	0	0	0	0.452157	0.452157	0	0	0	0.452157	0.452157	0	0
0.159856	0.357456	0.45215	0.45215	0.45215	0.45215	0.45215	0.45215	0.45215	0.45215	0.45215	0.45215	0.45215	0.357456	0.159856	0	0	0	0.159856	0.357456	0.45215	0.45215	0.45215	0.45215	0.479557	0.357433	0	0	0	0	0	0	0.357433	0.479557	0.357456	0.159856	0	0	0.357433	0.479557	0.45215	0.357456	0.159856	0.357433	0.505484	0.505484	0.479557	0.45215	0.357456	0.159856	0.357433	0.479557	0.357456	0.505484	0.505484	0.159856	0.357433	0.815042	0.86081	0.799259	0.576371	0.45215	0.639398	0.639398	0.45215	0.45215	0.357456	0.159856	0	0	0.357433	0.479557	0.45215	0.45215	0.45215	0.45215	0.45215	0.357456	0.159856	0	0	0	0	0	0	0	0	0	0	0	0	0	0	0	0	0	0	0	0	0	0.357433	0.479557	0.45215	0.357456	0.159856	0	0	0.357433	0.479557	0.45215	0.357456	0.159856	0	0	0	0.357433	0.479557	0.45215	0.357456	0.159856	0	0	0	0.357433	0.479557	0.45215	0.357456	0.159856	0	0	0.357433	0.479557	0.45215	0.357456	0.159856	0	0	0	0.357433	0.479557	0.45215	0.357456	0.159856	0	0	0	0.357433	0.479557	0.45215	0.357456	0.159856	0	0	0.357433	0.479557	0.45215	0.357456	0.159856	0	0	0.357433	0.479557	0.357456	0.159856	0	0	0	0	0.452114	0.452114	0	0	0	0	0	0	0.357433	0.479557	0.45215	0.357456	0.159856	0	0	0.357433	0.479557	0.45215	0.357456	0.159856	0	0	0	0.357433	0.479557	0.45215	0.357456	0.159856	0	0	0	0	0.357433	0.479557	0.45215	0.45215	0.45215	0.45215	0.357456	0.159856	0	0	0	0	0	0.357433	0.479557	0.45215	0.45215	0.357456	0.159856	0	0	0	0	0	0	0	0	0	0	0.357433	0.479557	0.45215	0.357456	0.159856	0	0	0	0	0	0	0.159856	0.505484	0.357433	0	0	0	0	0.452114	0.452114	0	0	0	0.357433	0.479557	0.357456	0.159856
0.357399	0.479512	0.452107	0.452107	0.452107	0.452107	0.452107	0.452107	0.452107	0.452107	0.452107	0.452107	0.452107	0.479512	0.357399	0	0	0	0.357399	0.479512	0.452107	0.452107	0.452107	0.452107	0.357422	0.15984	0	0	0	0	0	0	0.15984	0.357422	0.479512	0.357399	0	0	0.15984	0.357422	0.452107	0.479512	0.357399	0.15984	0.505436	0.505436	0.357422	0.452107	0.479512	0.357399	0.15984	0.357422	0.479512	0.505436	0.505436	0.357399	0.15984	0.50546	0.799183	0.860728	0.659024	0.452107	0.639337	0.639337	0.452107	0.452107	0.479512	0.357399	0	0	0.15984	0.357422	0.452107	0.452107	0.452107	0.452107	0.452107	0.479512	0.357399	0	0	0	0	0	0	0	0	0	0	0	0	0	0	0	0	0	0	0	0	0	0.15984	0.357422	0.452107	0.479512	0.357399	0	0	0.15984	0.357422	0.452107	0.479512	0.357399	0	0	0	0.15984	0.357422	0.452107	0.479512	0.357399	0	0	0	0.15984	0.357422	0.452107	0.479512	0.357399	0	0	0.15984	0.357422	0.452107	0.479512	0.357399	0	0	0	0.15984	0.357422	0.452107	0.479512	0.357399	0	0	0	0.15984	0.357422	0.452107	0.479512	0.357399	0	0	0.15984	0.357422	0.452107	0.479512	0.357399	0	0	0.15984	0.357422	0.479512	0.357399	0	0	0	0	0.452071	0.452071	0	0	0	0	0	0	0.15984	0.357422	0.452107	0.479512	0.357399	0	0	0.15984	0.357422	0.452107	0.479512	0.357399	0	0	0	0.15984	0.357422	0.452107	0.479512	0.357399	0	0	0	0	0.15984	0.357422	0.452107	0.452107	0.452107	0.452107	0.479512	0.357399	0	0	0	0	0	0.15984	0.357422	0.452107	0.452107	0.479512	0.357399	0	0	0	0	0	0	0	0	0	0	0.15984	0.357422	0.452107	0.479512	0.357399	0	0	0	0	0	0	0.357399	0.505436	0.15984	0	0	0	0	0.452071	0.452071	0	0	0	0.15984	0.357422	0.479512	0.357399
0.452028	0.452028	0	0	0	0	0	0	0	0	0	0	0	0.452028	0.452028	0	0	0	0.452028	0.452028	0	0	0	0	0	0	0	0	0	0	0	0	0	0	0.452028	0.452028	0	0	0	0	0	0.452028	0.452028	0	0.452028	0.452028	0	0	0.452028	0.452028	0	0	0.452028	0.452028	0.452028	0.452028	0	0	0	0.452028	0.452028	0	0.452028	0.452028	0	0	0.452028	0.452028	0	0	0	0	0	0	0	0	0	0.452028	0.452028	0	0	0	0	0	0	0	0	0	0	0	0	0	0	0	0	0	0	0	0	0	0	0	0	0.452028	0.452028	0	0	0	0	0	0.452028	0.452028	0	0	0	0	0	0	0.452028	0.452028	0	0	0	0	0	0	0.452028	0.452028	0	0	0	0	0	0.452028	0.452028	0	0	0	0	0	0	0.452028	0.452028	0	0	0	0	0	0	0.452028	0.452028	0	0	0	0	0	0.452028	0.452028	0	0	0	0	0.452028	0.452028	0	0	0	0	0.452028	0.452028	0	0	0	0	0	0	0	0	0	0.452028	0.452028	0	0	0	0	0	0.452028	0.452028	0	0	0	0	0	0	0.452028	0.452028	0	0	0	0	0	0	0	0	0	0	0.452028	0.452028	0	0	0	0	0	0	0	0	0	0.452028	0.452028	0	0	0	0	0	0	0	0	0	0	0	0	0	0.452028	0.452028	0	0	0	0	0	0	0.452028	0.452028	0	0	0	0	0	0.452028	0.452028	0	0	0	0	0	0.452028	0.452028
0.451986	0.451986	0	0	0	0	0	0	0	0	0	0	0	0.451986	0.451986	0	0	0	0.451986	0.451986	0	0	0	0	0	0	0	0	0	0	0	0	0	0	0.451986	0.451986	0	0	0	0	0	0.451986	0.451986	0	0.451986	0.451986	0	0	0.451986	0.451986	0	0	0.451986	0.451986	0.451986	0.451986	0	0	0	0.451986	0.451986	0	0.451986	0.451986	0	0	0.451986	0.451986	0	0	0	0	0	0	0	0	0	0.451986	0.451986	0	0	0	0	0	0	0	0	0	0	0	0	0	0	0	0	0	0	0	0	0	0	0	0	0.451986	0.451986	0	0	0	0	0	0.451986	0.451986	0	0	0	0	0	0	0.451986	0.451986	0	0	0	0	0	0	0.451986	0.451986	0	0	0	0	0	0.451986	0.451986	0	0	0	0	0	0	0.451986	0.451986	0	0	0	0	0	0	0.451986	0.451986	0	0	0	0	0	0.451986	0.451986	0	0	0	0	0.451986	0.451986	0	0	0	0	0.451986	0.451986	0	0	0	0	0	0	0	0	0	0.451986	0.451986	0	0	0	0	0	0.451986	0.451986	0	0	0	0	0	0	0.451986	0.451986	0	0	0	0	0	0	0	0	0	0	0.451986	0.451986	0	0	0	0	0	0	0	0	0	0.451986	0.451986	0	0	0	0	0	0	0	0	0	0	0	0	0	0.451986	0.451986	0	0	0	0	0	0	0.451986	0.451986	0	0	0	0	0	0.451986	0.451986	0	0	0	0	0	0.451986	0.451986
0.451943	0.451943	0	0	0	0	0	0	0	0	0	0	0	0.451943	0.451943	0	0	0	0.451943	0.451943	0	0	0	0	0	0	0	0	0	0	0	0	0	0	0.451943	0.451943	0	0	0	0	0	0.451943	0.451943	0	0.451943	0.451943	0	0	0.451943	0.451943	0	0	0.451943	0.451943	0.451943	0.451943	0	0	0	0.451943	0.451943	0	0.451943	0.451943	0	0	0.451943	0.451943	0	0	0	0	0	0	0	0	0	0.451943	0.451943	0	0	0	0	0	0	0	0	0	0	0	0	0	0	0	0	0	0	0	0	0	0	0	0	0.451943	0.451943	0	0	0	0	0	0.451943	0.451943	0	0	0	0	0	0	0.451943	0.451943	0	0	0	0	0	0	0.451943	0.451943	0	0	0	0	0	0.451943	0.451943	0	0	0	0	0	0	0.451943	0.451943	0	0	0	0	0	0	0.451943	0.451943	0	0	0	0	0	0.451943	0.451943	0	0	0	0	0.451943	0.451943	0	0	0	0	0.451943	0.451943	0	0	0	0	0	0	0	0	0	0.451943	0.451943	0	0	0	0	0	0.451943	0.451943	0	0	0	0	0	0	0.451943	0.451943	0	0	0	0	0	0	0	0	0	0	0.451943	0.451943	0	0	0	0	0	0	0	0	0	0.451943	0.451943	0	0	0	0	0	0	0	0	0	0	0	0	0	0.451943	0.451943	0	0	0	0	0	0	0.451943	0.451943	0	0	0	0	0	0.451943	0.451943	0	0	0	0	0	0.451943	0.451943
0.4519	0.4519	0	0	0	0	0	0	0	0	0	0	0	0.4519	0.4519	0	0	0	0.4519	0.4519	0	0	0	0	0	0	0	0	0	0	0	0	0	0	0.4519	0.4519	0	0	0	0	0	0.4519	0.4519	0	0.4519	0.4519	0	0	0.4519	0.4519	0	0	0.4519	0.4519	0.4519	0.4519	0	0	0	0.4519	0.4519	0	0.4519	0.4519	0	0	0.4519	0.4519	0	0	0	0	0	0	0	0	0	0.4519	0.4519	0	0	0	0	0	0	0	0	0	0	0	0	0	0	0	0	0	0	0	0	0	0	0	0	0.4519	0.4519	0	0	0	0	0	0.4519	0.4519	0	0	0	0	0	0	0.4519	0.4519	0	0	0	0	0	0	0.4519	0.4519	0	0	0	0	0	0.4519	0.4519	0	0	0	0	0	0	0.4519	0.4519	0	0	0	0	0	0	0.4519	0.4519	0	0	0	0	0	0.4519	0.4519	0	0	0	0	0.4519	0.4519	0	0	0	0	0.4519	0.4519	0	0	0	0	0	0	0	0	0	0.4519	0.4519	0	0	0	0	0	0.4519	0.4519	0	0	0	0	0	0	0.4519	0.4519	0	0	0	0	0	0	0	0	0	0	0.4519	0.4519	0	0	0	0	0	0	0	0	0	0.4519	0.4519	0	0	0	0	0	0	0	0	0	0	0	0	0	0.4519	0.4519	0	0	0	0	0	0	0.4519	0.4519	0	0	0	0	0	0.4519	0.4519	0	0	0	0	0	0.4519	0.4519
0.451857	0.451857	0	0	0	0	0	0	0	0	0	0	0	0.451857	0.451857	0	0	0	0.451857	0.451857	0	0	0	0	0	0	0	0	0	0	0	0	0	0	0.451857	0.451857	0	0	0	0	0	0.451857	0.451857	0	0.451857	0.451857	0	0	0.451857	0.451857	0	0	0.451857	0.451857	0.451857	0.451857	0	0	0	0.451857	0.451857	0	0.451857	0.451857	0	0	0.451857	0.451857	0	0	0	0	0	0	0	0	0	0.451857	0.451857	0	0	0	0	0	0	0	0	0	0	0	0	0	0	0	0	0	0	0	0	0	0	0	0	0.451857	0.451857	0	0	0	0	0	0.451857	0.451857	0	0	0	0	0	0	0.451857	0.451857	0	0	0	0	0	0	0.451857	0.451857	0	0	0	0	0	0.451857	0.451857	0	0	0	0	0	0	0.451857	0.451857	0	0	0	0	0	0	0.451857	0.451857	0	0	0	0	0	0.451857	0.451857	0	0	0	0	0.451857	0.451857	0	0	0	0	0.451857	0.451857	0	0	0	0	0	0	0	0	0	0.451857	0.451857	0	0	0	0	0	0.451857	0.451857	0	0	0	0	0	0	0.451857	0.451857	0	0	0	0	0	0	0	0	0	0	0.451857	0.451857	0	0	0	0	0	0	0	0	0	0.451857	0.451857	0	0	0	0	0	0	0	0	0	0	0	0	0	0.451857	0.451857	0	0	0	0	0	0	0.451857	0.451857	0	0	0	0	0	0.451857	0.451857	0	0	0	0	0	0.451857	0.451857
0.479235	0.357196	0	0.159748	0.357214	0.451843	0.357214	0.159748	0	0	0	0	0	0.357196	0.479235	0.451843	0.451843	0.451843	0.479235	0.357196	0	0	0	0	0	0	0	0	0	0	0	0	0	0	0.357196	0.479235	0.451843	0.451843	0.357214	0.159748	0	0.357196	0.479235	0.357214	0.505148	0.479235	0.451843	0.357214	0.505148	0.479235	0.451843	0.451843	0.638969	0.638969	0.638969	0.638969	0.451843	0.357214	0.159748	0.357196	0.479235	0.451843	0.638969	0.638969	0.451843	0.357214	0.505148	0.479235	0.451843	0.451843	0.357214	0.159748	0	0	0	0	0	0.357196	0.479235	0.451843	0.451843	0.451843	0.451843	0.451843	0.451843	0.451843	0.451843	0.451843	0.451843	0.451843	0.451843	0.357214	0.159748	0	0	0	0	0	0	0	0	0	0	0.357196	0.479235	0.451843	0.357214	0.159748	0	0	0.357196	0.479235	0.451843	0.451843	0.357214	0.159748	0	0	0.357196	0.479235	0.451843	0.357214	0.159748	0	0	0	0.357196	0.479235	0.357214	0.159748	0	0	0	0.357196	0.479235	0.451843	0.451843	0.357214	0.159748	0	0	0.357196	0.479235	0.451843	0.357214	0.159748	0	0	0	0.357196	0.505148	0.159748	0	0	0	0.159748	0.505148	0.357196	0	0	0.159748	0.357214	0.479235	0.357196	0	0	0	0.159748	0.505148	0.357196	0	0	0	0	0	0	0.159748	0.357214	0.451843	0.479235	0.357196	0	0	0	0	0	0.357196	0.479235	0.451843	0.451843	0.357214	0.159748	0	0	0.357196	0.479235	0.451843	0.357214	0.159748	0	0	0	0	0	0.159748	0.357214	0.479235	0.357196	0	0	0	0	0	0	0	0	0	0.357196	0.479235	0.451843	0.357214	0.159748	0	0	0	0	0	0	0	0	0	0.159748	0.505148	0.357196	0	0	0	0	0	0	0.357196	0.505148	0.159748	0	0	0	0	0.357196	0.479235	0.451843	0.357214	0.159748	0	0	0.357196	0.479235
0.35718	0.159733	0	0.357162	0.47919	0.4518	0.47919	0.357162	0	0	0	0	0	0.159733	0.35718	0.4518	0.4518	0.4518	0.35718	0.159733	0	0	0	0	0	0	0	0	0	0	0	0	0	0	0.159733	0.35718	0.4518	0.4518	0.47919	0.357162	0	0.159733	0.35718	0.47919	0.5051	0.35718	0.4518	0.47919	0.5051	0.35718	0.4518	0.4518	0.638909	0.638909	0.638909	0.638909	0.4518	0.47919	0.357162	0.159733	0.35718	0.4518	0.638909	0.638909	0.4518	0.47919	0.5051	0.35718	0.4518	0.4518	0.47919	0.357162	0	0	0	0	0	0.159733	0.35718	0.4518	0.4518	0.4518	0.4518	0.4518	0.4518	0.4518	0.4518	0.4518	0.4518	0.4518	0.4518	0.47919	0.357162	0	0	0	0	0	0	0	0	0	0	0.159733	0.35718	0.4518	0.47919	0.357162	0	0	0.159733	0.35718	0.4518	0.4518	0.47919	0.357162	0	0	0.159733	0.35718	0.4518	0.47919	0.357162	0	0	0	0.159733	0.35718	0.47919	0.357162	0	0	0	0.159733	0.35718	0.4518	0.4518	0.47919	0.357162	0	0	0.159733	0.35718	0.4518	0.47919	0.357162	0	0	0	0.159733	0.5051	0.357162	0	0	0	0.357162	0.5051	0.159733	0	0	0.357162	0.47919	0.35718	0.159733	0	0	0	0.357162	0.5051	0.159733	0	0	0	0	0	0	0.357162	0.47919	0.4518	0.35718	0.159733	0	0	0	0	0	0.159733	0.35718	0.4518	0.4518	0.47919	0.357162	0	0	0.159733	0.35718	0.4518	0.47919	0.357162	0	0	0	0	0	0.357162	0.47919	0.35718	0.159733	0	0	0	0	0	0	0	0	0	0.159733	0.35718	0.4518	0.47919	0.357162	0	0	0	0	0	0	0	0	0	0.357162	0.5051	0.159733	0	0	0	0	0	0	0.159733	0.5051	0.357162	0	0	0	0	0.159733	0.35718	0.4518	0.47919	0.357162	0	0	0.159733	0.35718
0	0	0	0.451729	0.451729	0	0.451729	0.451729	0	0	0	0	0	0	0	0	0	0	0	0	0	0	0	0	0	0	0	0	0	0	0	0	0	0	0	0	0	0	0.451729	0.451729	0	0	0	0.451729	0.451729	0	0	0.451729	0.451729	0	0	0	0.451729	0.451729	0.451729	0.451729	0	0.451729	0.451729	0	0	0	0.451729	0.451729	0	0.451729	0.451729	0	0	0	0.451729	0.451729	0	0	0	0	0	0	0	0	0	0	0	0	0	0	0	0	0	0	0	0.451729	0.451729	0	0	0	0	0	0	0	0	0	0	0	0	0	0.451729	0.451729	0	0	0	0	0	0	0.451729	0.451729	0	0	0	0	0	0.451729	0.451729	0	0	0	0	0	0.451729	0.451729	0	0	0	0	0	0	0	0.451729	0.451729	0	0	0	0	0	0.451729	0.451729	0	0	0	0	0.451729	0.451729	0	0	0	0.451729	0.451729	0	0	0	0.451729	0.451729	0	0	0	0	0	0.451729	0.451729	0	0	0	0	0	0	0	0.451729	0.451729	0	0	0	0	0	0	0	0	0	0	0	0	0.451729	0.451729	0	0	0	0	0	0.451729	0.451729	0	0	0	0	0	0.451729	0.451729	0	0	0	0	0	0	0	0	0	0	0	0	0	0	0.451729	0.451729	0	0	0	0	0	0	0	0	0	0.451729	0.451729	0	0	0	0	0	0	0	0	0.451729	0.451729	0	0	0	0	0	0	0	0.451729	0.451729	0	0	0	0
0	0	0	0.451686	0.451686	0	0.451686	0.451686	0	0	0	0	0	0	0	0	0	0	0	0	0	0	0	0	0	0	0	0	0	0	0	0	0	0	0	0	0	0	0.451686	0.451686	0	0	0	0.451686	0.451686	0	0	0.451686	0.451686	0	0	0	0.451686	0.451686	0.451686	0.451686	0	0.451686	0.451686	0	0	0	0.451686	0.451686	0	0.451686	0.451686	0	0	0	0.451686	0.451686	0	0	0	0	0	0	0	0	0	0	0	0	0	0	0	0	0	0	0	0.451686	0.451686	0	0	0	0	0	0	0	0	0	0	0	0	0	0.451686	0.451686	0	0	0	0	0	0	0.451686	0.451686	0	0	0	0	0	0.451686	0.451686	0	0	0	0	0	0.451686	0.451686	0	0	0	0	0	0	0	0.451686	0.451686	0	0	0	0	0	0.451686	0.451686	0	0	0	0	0.451686	0.451686	0	0	0	0.451686	0.451686	0	0	0	0.451686	0.451686	0	0	0	0	0	0.451686	0.451686	0	0	0	0	0	0	0	0.451686	0.451686	0	0	0	0	0	0	0	0	0	0	0	0	0.451686	0.451686	0	0	0	0	0	0.451686	0.451686	0	0	0	0	0	0.451686	0.451686	0	0	0	0	0	0	0	0	0	0	0	0	0	0	0.451686	0.451686	0	0	0	0	0	0	0	0	0	0.451686	0.451686	0	0	0	0	0	0	0	0	0.451686	0.451686	0	0	0	0	0	0	0	0.451686	0.451686	0	0	0	0
0	0	0	0.451644	0.451644	0	0.451644	0.451644	0	0	0	0	0	0	0	0	0	0	0	0	0	0	0	0	0	0	0	0	0	0	0	0	0	0	0	0	0	0	0.451644	0.451644	0	0	0	0.451644	0.451644	0	0	0.451644	0.451644	0	0	0	0.451644	0.451644	0.451644	0.451644	0	0.451644	0.451644	0	0	0	0.451644	0.451644	0	0.451644	0.451644	0	0	0	0.451644	0.451644	0	0	0	0	0	0	0	0	0	0	0	0	0	0	0	0	0	0	0	0.451644	0.451644	0	0	0	0	0	0	0	0	0	0	0	0	0	0.451644	0.451644	0	0	0	0	0	0	0.451644	0.451644	0	0	0	0	0	0.451644	0.451644	0	0	0	0	0	0.451644	0.451644	0	0	0	0	0	0	0	0.451644	0.451644	0	0	0	0	0	0.451644	0.451644	0	0	0	0	0.451644	0.451644	0	0	0	0.451644	0.451644	0	0	0	0.451644	0.451644	0	0	0	0	0	0.451644	0.451644	0	0	0	0	0	0	0	0.451644	0.451644	0	0	0	0	0	0	0	0	0	0	0	0	0.451644	0.451644	0	0	0	0	0	0.451644	0.451644	0	0	0	0	0	0.451644	0.451644	0	0	0	0	0	0	0	0	0	0	0	0	0	0	0.451644	0.451644	0	0	0	0	0	0	0	0	0	0.451644	0.451644	0	0	0	0	0	0	0	0	0.451644	0.451644	0	0	0	0	0	0	0	0.451644	0.451644	0	0	0	0
0	0	0	0.451601	0.451601	0	0.451601	0.451601	0	0	0	0	0	0	0	0	0	0	0	0	0	0	0	0	0	0	0	0	0	0	0	0	0	0	0	0	0	0	0.451601	0.451601	0	0	0	0.451601	0.451601	0	0	0.451601	0.451601	0	0	0	0.451601	0.451601	0.451601	0.451601	0	0.451601	0.451601	0	0	0	0.451601	0.451601	0	0.451601	0.451601	0	0	0	0.451601	0.451601	0	0	0	0	0	0	0	0	0	0	0	0	0	0	0	0	0	0	0	0.451601	0.451601	0	0	0	0	0	0	0	0	0	0	0	0	0	0.451601	0.451601	0	0	0	0	0	0	0.451601	0.451601	0	0	0	0	0	0.451601	0.451601	0	0	0	0	0	0.451601	0.451601	0	0	0	0	0	0	0	0.451601	0.451601	0	0	0	0	0	0.451601	0.451601	0	0	0	0	0.451601	0.451601	0	0	0	0.451601	0.451601	0	0	0	0.451601	0.451601	0	0	0	0	0	0.451601	0.451601	0	0	0	0	0	0	0	0.451601	0.451601	0	0	0	0	0	0	0	0	0	0	0	0	0.451601	0.451601	0	0	0	0	0	0.451601	0.451601	0	0	0	0	0	0.451601	0.451601	0	0	0	0	0	0	0	0	0	0	0	0	0	0	0.451601	0.451601	0	0	0	0	0	0	0	0	0	0.451601	0.451601	0	0	0	0	0	0	0	0	0.451601	0.451601	0	0	0	0	0	0	0	0.451601	0.451601	0	0	0	0
0.159657	0.35701	0.451587	0.47896	0.356988	0	0.356988	0.47896	0.451587	0.451587	0.451587	0.451587	0.451587	0.451587	0.451587	0.451587	0.451587	0.451587	0.451587	0.451587	0.451587	0.451587	0.451587	0.451587	0.35701	0.159657	0	0	0	0	0	0	0	0	0	0	0	0	0.356988	0.504855	0.159657	0	0	0.356988	0.47896	0.451587	0.451587	0.638601	0.638601	0.451587	0.451587	0.451587	0.658266	0.814052	0.798233	0.638601	0.451587	0.638601	0.638601	0.451587	0.451587	0.451587	0.638601	0.638601	0.451587	0.638601	0.638601	0.451587	0.451587	0.451587	0.638601	0.638601	0.451587	0.451587	0.451587	0.451587	0.451587	0.35701	0.159657	0	0	0	0	0	0	0	0	0	0	0	0	0.356988	0.47896	0.451587	0.451587	0.451587	0.451587	0.451587	0.451587	0.451587	0.35701	0.159657	0	0	0	0	0.356988	0.504855	0.159657	0	0	0	0	0	0.356988	0.47896	0.451587	0.35701	0.159657	0	0	0.356988	0.47896	0.35701	0.159657	0	0	0	0.356988	0.47896	0.35701	0.159657	0	0	0	0	0	0.356988	0.504855	0.159657	0	0	0	0	0.356988	0.47896	0.35701	0.159657	0	0	0.356988	0.504855	0.159657	0	0	0.451551	0.451551	0	0	0	0.451551	0.451551	0	0	0	0	0	0.356988	0.504855	0.159657	0	0	0	0	0	0	0.451551	0.451551	0	0	0	0	0	0	0	0	0	0	0	0	0.356988	0.504855	0.159657	0	0	0	0	0.356988	0.47896	0.35701	0.159657	0	0	0	0.356988	0.47896	0.35701	0.159657	0	0	0	0	0	0	0	0	0	0.159657	0.35701	0.451587	0.47896	0.356988	0	0	0	0	0	0	0	0.159657	0.35701	0.47896	0.356988	0	0	0	0	0	0.159657	0.35701	0.451587	0.47896	0.356988	0	0	0	0	0	0	0	0.356988	0.47896	0.451587	0.451587	0.35701	0.159657
0.356954	0.478914	0.451544	0.356977	0.159641	0	0.159641	0.356977	0.451544	0.451544	0.451544	0.451544	0.451544	0.451544	0.451544	0.451544	0.451544	0.451544	0.451544	0.451544	0.451544	0.451544	0.451544	0.451544	0.478914	0.356954	0	0	0	0	0	0	0	0	0	0	0	0	0.159641	0.504807	0.356954	0	0	0.159641	0.356977	0.451544	0.451544	0.638541	0.638541	0.451544	0.451544	0.451544	0.575599	0.813975	0.970958	0.638541	0.451544	0.638541	0.638541	0.451544	0.451544	0.451544	0.638541	0.638541	0.451544	0.638541	0.638541	0.451544	0.451544	0.451544	0.638541	0.638541	0.451544	0.451544	0.451544	0.451544	0.451544	0.478914	0.356954	0	0	0	0	0	0	0	0	0	0	0	0	0.159641	0.356977	0.451544	0.451544	0.451544	0.451544	0.451544	0.451544	0.451544	0.478914	0.356954	0	0	0	0	0.159641	0.504807	0.356954	0	0	0	0	0	0.159641	0.356977	0.451544	0.478914	0.356954	0	0	0.159641	0.356977	0.478914	0.356954	0	0	0	0.159641	0.356977	0.478914	0.356954	0	0	0	0	0	0.159641	0.504807	0.356954	0	0	0	0	0.159641	0.356977	0.478914	0.356954	0	0	0.159641	0.504807	0.356954	0	0	0.451508	0.451508	0	0	0	0.451508	0.451508	0	0	0	0	0	0.159641	0.504807	0.356954	0	0	0	0	0	0	0.451508	0.451508	0	0	0	0	0	0	0	0	0	0	0	0	0.159641	0.504807	0.356954	0	0	0	0	0.159641	0.356977	0.478914	0.356954	0	0	0	0.159641	0.356977	0.478914	0.356954	0	0	0	0	0	0	0	0	0	0.356954	0.478914	0.451544	0.356977	0.159641	0	0	0	0	0	0	0	0.356954	0.478914	0.356977	0.159641	0	0	0	0	0	0.356954	0.478914	0.451544	0.356977	0.159641	0	0	0	0	0	0	0	0.159641	0.356977	0.451544	0.451544	0.478914	0.356954
0.451466	0.451466	0	0	0	0	0	0	0	0	0	0	0	0	0	0	0	0	0	0	0	0	0	0	0.451466	0.451466	0	0	0	0	0	0	0	0	0	0	0	0	0	0.451466	0.451466	0	0	0	0	0	0	0.451466	0.451466	0	0	0	0	0.451466	0.902875	0.451466	0	0.451466	0.451466	0	0	0	0.451466	0.451466	0	0.451466	0.451466	0	0	0	0.451466	0.451466	0	0	0	0	0	0.451466	0.451466	0	0	0	0	0	0	0	0	0	0	0	0	0	0	0	0	0	0	0	0	0	0.451466	0.451466	0	0	0	0	0	0.451466	0.451466	0	0	0	0	0	0	0	0	0.451466	0.451466	0	0	0	0	0.451466	0.451466	0	0	0	0	0	0.451466	0.451466	0	0	0	0	0	0	0.451466	0.451466	0	0	0	0	0	0	0.451466	0.451466	0	0	0	0.451466	0.451466	0	0	0.451466	0.451466	0	0	0	0.451466	0.451466	0	0	0	0	0	0	0.451466	0.451466	0	0	0	0	0	0	0.451466	0.451466	0	0	0	0	0	0	0	0	0	0	0	0	0	0.451466	0.451466	0	0	0	0	0	0	0.451466	0.451466	0	0	0	0	0	0.451466	0.451466	0	0	0	0	0	0	0	0	0	0.451466	0.451466	0	0	0	0	0	0	0	0	0	0	0.451466	0.451466	0	0	0	0	0	0	0	0.451466	0.451466	0	0	0	0	0	0	0	0	0	0	0	0	0	0	0.451466	0.451466
0.451423	0.451423	0	0	0	0	0	0	0	0	0	0	0	0	0	0	0	0	0	0	0	0	0	0	0.451423	0.451423	0	0	0	0	0	0	0	0	0	0	0	0	0	0.451423	0.451423	0	0	0	0	0	0	0.451423	0.451423	0	0	0	0	0.451423	0.90279	0.451423	0	0.451423	0.451423	0	0	0	0.451423	0.451423	0	0.451423	0.451423	0	0	0	0.451423	0.451423	0	0	0	0	0	0.451423	0.451423	0	0	0	0	0	0	0	0	0	0	0	0	0	0	0	0	0	0	0	0	0	0.451423	0.451423	0	0	0	0	0	0.451423	0.451423	0	0	0	0	0	0	0	0	0.451423	0.451423	0	0	0	0	0.451423	0.451423	0	0	0	0	0	0.451423	0.451423	0	0	0	0	0	0	0.451423	0.451423	0	0	0	0	0	0	0.451423	0.451423	0	0	0	0.451423	0.451423	0	0	0.451423	0.451423	0	0	0	0.451423	0.451423	0	0	0	0	0	0	0.451423	0.451423	0	0	0	0	0	0	0.451423	0.451423	0	0	0	0	0	0	0	0	0	0	0	0	0	0.451423	0.451423	0	0	0	0	0	0	0.451423	0.451423	0	0	0	0	0	0.451423	0.451423	0	0	0	0	0	0	0	0	0	0.451423	0.451423	0	0	0	0	0	0	0	0	0	0	0.451423	0.451423	0	0	0	0	0	0	0	0.451423	0.451423	0	0	0	0	0	0	0	0	0	0	0	0	0	0	0.451423	0.451423
0.478779	0.356853	0	0	0	0	0	0	0	0	0	0	0	0	0	0	0	0	0	0	0	0	0	0	0.356853	0.478779	0.451416	0.451416	0.451416	0.451416	0.451416	0.451416	0.451416	0.451416	0.356875	0.159596	0	0	0	0.356853	0.478779	0.451416	0.451416	0.356875	0.159596	0	0	0.356853	0.478779	0.451416	0.356875	0.159596	0	0.356853	0.813719	0.859413	0.797962	0.813744	0.859413	0.797962	0.575435	0.451416	0.63836	0.63836	0.451416	0.658017	0.813744	0.575435	0.451416	0.451416	0.63836	0.63836	0.451416	0.451416	0.356875	0.159596	0	0.356853	0.478779	0.451416	0.451416	0.451416	0.451416	0.356875	0.159596	0	0	0	0	0	0	0	0	0	0	0	0	0	0	0	0.356853	0.478779	0.451416	0.356875	0.159596	0	0	0.356853	0.478779	0.451416	0.451416	0.451416	0.451416	0.451416	0.451416	0.451416	0.451416	0.63836	0.63836	0.356875	0.159596	0	0	0.356853	0.478779	0.451416	0.356875	0.159596	0	0	0.356853	0.478779	0.451416	0.356875	0.159596	0	0	0	0.45138	0.45138	0	0	0	0	0.159596	0.356875	0.478779	0.356853	0	0.159596	0.356875	0.478779	0.356853	0	0	0.356853	0.504664	0.159596	0	0	0.356853	0.478779	0.451416	0.451416	0.356875	0.159596	0	0	0.356853	0.478779	0.451416	0.356875	0.159596	0	0	0	0.356853	0.478779	0.451416	0.356875	0.159596	0	0	0	0	0	0.159596	0.356875	0.451416	0.451416	0.451416	0.478779	0.356853	0	0	0	0	0	0	0.45138	0.45138	0	0	0	0	0	0.356853	0.478779	0.451416	0.356875	0.159596	0	0	0	0	0	0	0.45138	0.45138	0	0	0	0	0	0	0	0	0	0	0.356853	0.478779	0.356875	0.159596	0	0	0	0	0	0.356853	0.478779	0.356875	0.159596	0	0	0	0	0	0	0	0	0	0	0	0	0.45138	0.45138
0.356842	0.159581	0	0	0	0	0	0	0	0	0	0	0	0	0	0	0	0	0	0	0	0	0	0	0.159581	0.356842	0.451373	0.451373	0.451373	0.451373	0.451373	0.451373	0.451373	0.451373	0.478733	0.356819	0	0	0	0.159581	0.356842	0.451373	0.451373	0.478733	0.356819	0	0	0.159581	0.356842	0.451373	0.478733	0.356819	0	0.159581	0.50464	0.797886	0.859332	0.813667	0.797886	0.859332	0.657955	0.451373	0.6383	0.6383	0.451373	0.575381	0.813667	0.657955	0.451373	0.451373	0.6383	0.6383	0.451373	0.451373	0.478733	0.356819	0	0.159581	0.356842	0.451373	0.451373	0.451373	0.451373	0.478733	0.356819	0	0	0	0	0	0	0	0	0	0	0	0	0	0	0	0.159581	0.356842	0.451373	0.478733	0.356819	0	0	0.159581	0.356842	0.451373	0.451373	0.451373	0.451373	0.451373	0.451373	0.451373	0.451373	0.6383	0.6383	0.478733	0.356819	0	0	0.159581	0.356842	0.451373	0.478733	0.356819	0	0	0.159581	0.356842	0.451373	0.478733	0.356819	0	0	0	0.451338	0.451338	0	0	0	0	0.356819	0.478733	0.356842	0.159581	0	0.356819	0.478733	0.356842	0.159581	0	0	0.159581	0.504616	0.356819	0	0	0.159581	0.356842	0.451373	0.451373	0.478733	0.356819	0	0	0.159581	0.356842	0.451373	0.478733	0.356819	0	0	0	0.159581	0.356842	0.451373	0.478733	0.356819	0	0	0	0	0	0.356819	0.478733	0.451373	0.451373	0.451373	0.356842	0.159581	0	0	0	0	0	0	0.451338	0.451338	0	0	0	0	0	0.159581	0.356842	0.451373	0.478733	0.356819	0	0	0	0	0	0	0.451338	0.451338	0	0	0	0	0	0	0	0	0	0	0.159581	0.356842	0.478733	0.356819	0	0	0	0	0	0.159581	0.356842	0.478733	0.356819	0	0	0	0	0	0	0	0	0	0	0	0	0.451338	0.451338
0	0	0	0	0	0	0	0	0	0	0	0	0	0	0	0	0	0	0	0	0	0	0	0	0	0	0	0	0	0	0	0	0	0	0.451295	0.451295	0	0	0	0	0	0	0	0.451295	0.451295	0	0	0	0	0	0.451295	0.451295	0	0	0	0	0.451295	0.451295	0	0.451295	0.451295	0	0.451295	0.451295	0	0	0.451295	0.451295	0	0	0.451295	0.451295	0	0	0.451295	0.451295	0	0	0	0	0	0	0	0.451295	0.451295	0	0	0	0	0	0	0	0	0	0	0	0	0	0	0	0	0	0	0.451295	0.451295	0	0	0	0	0	0	0	0	0	0	0	0	0.451295	0.451295	0.451295	0.451295	0	0	0	0	0	0.451295	0.451295	0	0	0	0	0	0.451295	0.451295	0	0	0	0.451295	0.451295	0	0	0	0	0.451295	0.451295	0	0	0	0.451295	0.451295	0	0	0	0	0	0.451295	0.451295	0	0	0	0	0	0	0.451295	0.451295	0	0	0	0	0	0.451295	0.451295	0	0	0	0	0	0	0.451295	0.451295	0	0	0	0	0	0.451295	0.451295	0	0	0	0	0	0	0	0	0	0	0	0.451295	0.451295	0	0	0	0	0	0	0	0	0.451295	0.451295	0	0	0	0	0	0	0.451295	0.451295	0	0	0	0	0	0	0	0	0	0	0	0	0.451295	0.451295	0	0	0	0	0	0	0	0.451295	0.451295	0	0	0	0	0	0	0	0	0	0	0	0	0.451295	0.451295
0	0	0	0	0	0	0	0	0	0	0	0	0	0	0	0	0	0	0	0	0	0	0	0	0	0	0	0	0	0	0	0	0	0	0.451252	0.451252	0	0	0	0	0	0	0	0.451252	0.451252	0	0	0	0	0	0.451252	0.451252	0	0	0	0	0.451252	0.451252	0	0.451252	0.451252	0	0.451252	0.451252	0	0	0.451252	0.451252	0	0	0.451252	0.451252	0	0	0.451252	0.451252	0	0	0	0	0	0	0	0.451252	0.451252	0	0	0	0	0	0	0	0	0	0	0	0	0	0	0	0	0	0	0.451252	0.451252	0	0	0	0	0	0	0	0	0	0	0	0	0.451252	0.451252	0.451252	0.451252	0	0	0	0	0	0.451252	0.451252	0	0	0	0	0	0.451252	0.451252	0	0	0	0.451252	0.451252	0	0	0	0	0.451252	0.451252	0	0	0	0.451252	0.451252	0	0	0	0	0	0.451252	0.451252	0	0	0	0	0	0	0.451252	0.451252	0	0	0	0	0	0.451252	0.451252	0	0	0	0	0	0	0.451252	0.451252	0	0	0	0	0	0.451252	0.451252	0	0	0	0	0	0	0	0	0	0	0	0.451252	0.451252	0	0	0	0	0	0	0	0	0.451252	0.451252	0	0	0	0	0	0	0.451252	0.451252	0	0	0	0	0	0	0	0	0	0	0	0	0.451252	0.451252	0	0	0	0	0	0	0	0.451252	0.451252	0	0	0	0	0	0	0	0	0	0	0	0	0.451252	0.451252
0	0	0	0	0	0	0	0	0	0	0	0	0	0	0	0	0	0	0	0	0	0	0	0	0	0	0	0	0	0	0	0	0	0	0.45121	0.45121	0	0	0	0	0	0	0	0.45121	0.45121	0	0	0	0	0	0.45121	0.45121	0	0	0	0	0.45121	0.45121	0	0.45121	0.45121	0	0.45121	0.45121	0	0	0.45121	0.45121	0	0	0.45121	0.45121	0	0	0.45121	0.45121	0	0	0	0	0	0	0	0.45121	0.45121	0	0	0	0	0	0	0	0	0	0	0	0	0	0	0	0	0	0	0.45121	0.45121	0	0	0	0	0	0	0	0	0	0	0	0	0.45121	0.45121	0.45121	0.45121	0	0	0	0	0	0.45121	0.45121	0	0	0	0	0	0.45121	0.45121	0	0	0	0.45121	0.45121	0	0	0	0	0.45121	0.45121	0	0	0	0.45121	0.45121	0	0	0	0	0	0.45121	0.45121	0	0	0	0	0	0	0.45121	0.45121	0	0	0	0	0	0.45121	0.45121	0	0	0	0	0	0	0.45121	0.45121	0	0	0	0	0	0.45121	0.45121	0	0	0	0	0	0	0	0	0	0	0	0.45121	0.45121	0	0	0	0	0	0	0	0	0.45121	0.45121	0	0	0	0	0	0	0.45121	0.45121	0	0	0	0	0	0	0	0	0	0	0	0	0.45121	0.45121	0	0	0	0	0	0	0	0.45121	0.45121	0	0	0	0	0	0	0	0	0	0	0	0	0.45121	0.45121
0	0	0	0	0	0	0	0	0	0	0	0	0	0	0	0	0	0	0	0	0	0	0	0	0	0	0	0	0	0	0	0	0	0	0.451167	0.451167	0	0	0	0	0	0	0	0.451167	0.451167	0	0	0	0	0	0.451167	0.451167	0	0	0	0	0.451167	0.451167	0	0.451167	0.451167	0	0.451167	0.451167	0	0	0.451167	0.451167	0	0	0.451167	0.451167	0	0	0.451167	0.451167	0	0	0	0	0	0	0	0.451167	0.451167	0	0	0	0	0	0	0	0	0	0	0	0	0	0	0	0	0	0	0.451167	0.451167	0	0	0	0	0	0	0	0	0	0	0	0	0.451167	0.451167	0.451167	0.451167	0	0	0	0	0	0.451167	0.451167	0	0	0	0	0	0.451167	0.451167	0	0	0	0.451167	0.451167	0	0	0	0	0.451167	0.451167	0	0	0	0.451167	0.451167	0	0	0	0	0	0.451167	0.451167	0	0	0	0	0	0	0.451167	0.451167	0	0	0	0	0	0.451167	0.451167	0	0	0	0	0	0	0.451167	0.451167	0	0	0	0	0	0.451167	0.451167	0	0	0	0	0	0	0	0	0	0	0	0.451167	0.451167	0	0	0	0	0	0	0	0	0.451167	0.451167	0	0	0	0	0	0	0.451167	0.451167	0	0	0	0	0	0	0	0	0	0	0	0	0.451167	0.451167	0	0	0	0	0	0	0	0.451167	0.451167	0	0	0	0	0	0	0	0	0	0	0	0	0.451167	0.451167
0.356673	0.159506	0	0	0	0	0	0	0	0	0	0.159506	0.225583	0.159506	0	0	0	0	0	0	0	0	0	0	0	0	0	0	0	0	0	0	0	0	0.356651	0.478507	0.45116	0.45116	0.356673	0.159506	0	0	0	0.356651	0.478507	0.356673	0.159506	0	0	0	0.356651	0.478507	0.45116	0.356673	0.159506	0	0.356651	0.504378	0.159506	0.356651	0.478507	0.45116	0.637998	0.637998	0.45116	0.356673	0.504378	0.478507	0.45116	0.45116	0.637998	0.637998	0.45116	0.45116	0.637998	0.637998	0.45116	0.45116	0.45116	0.45116	0.45116	0.45116	0.45116	0.637998	0.637998	0.45116	0.45116	0.45116	0.45116	0.45116	0.45116	0.45116	0.45116	0.45116	0.45116	0.45116	0.45116	0.45116	0.356673	0.159506	0	0	0	0.356651	0.478507	0.45116	0.45116	0.45116	0.45116	0.45116	0.45116	0.45116	0.356673	0.159506	0	0	0	0.356651	0.504378	0.504378	0.478507	0.45116	0.45116	0.356673	0.159506	0	0.356651	0.478507	0.356673	0.159506	0	0	0	0.451124	0.451124	0	0	0	0.451124	0.451124	0	0	0	0	0.451124	0.451124	0	0	0	0.356651	0.478507	0.356673	0.159506	0	0	0	0.356651	0.478507	0.356673	0.159506	0	0	0.159506	0.356673	0.478507	0.356651	0	0	0.159506	0.356673	0.45116	0.478507	0.356651	0	0	0	0	0	0	0.451124	0.451124	0	0	0	0	0	0.356651	0.478507	0.45116	0.45116	0.356673	0.159506	0	0	0	0	0	0.159506	0.356673	0.478507	0.356651	0	0	0	0	0	0	0	0	0.356651	0.478507	0.45116	0.356673	0.159506	0	0	0	0.356651	0.478507	0.45116	0.356673	0.159506	0	0	0	0	0	0.159506	0.356673	0.45116	0.45116	0.478507	0.356651	0	0	0	0	0	0	0	0.356651	0.478507	0.45116	0.356673	0.159506	0	0	0	0	0	0	0	0	0	0.356651	0.478507
0.478462	0.356617	0	0	0	0	0	0	0	0	0	0.356617	0.225562	0.356617	0	0	0	0	0	0	0	0	0	0	0	0	0	0	0	0	0	0	0	0	0.159491	0.356639	0.451117	0.451117	0.478462	0.356617	0	0	0	0.159491	0.356639	0.478462	0.356617	0	0	0	0.159491	0.356639	0.451117	0.478462	0.356617	0	0.159491	0.50433	0.356617	0.159491	0.356639	0.451117	0.637938	0.637938	0.451117	0.478462	0.50433	0.356639	0.451117	0.451117	0.637938	0.637938	0.451117	0.451117	0.637938	0.637938	0.451117	0.451117	0.451117	0.451117	0.451117	0.451117	0.451117	0.637938	0.637938	0.451117	0.451117	0.451117	0.451117	0.451117	0.451117	0.451117	0.451117	0.451117	0.451117	0.451117	0.451117	0.451117	0.478462	0.356617	0	0	0	0.159491	0.356639	0.451117	0.451117	0.451117	0.451117	0.451117	0.451117	0.451117	0.478462	0.356617	0	0	0	0.159491	0.50433	0.50433	0.356639	0.451117	0.451117	0.478462	0.356617	0	0.159491	0.356639	0.478462	0.356617	0	0	0	0.451082	0.451082	0	0	0	0.451082	0.451082	0	0	0	0	0.451082	0.451082	0	0	0	0.159491	0.356639	0.478462	0.356617	0	0	0	0.159491	0.356639	0.478462	0.356617	0	0	0.356617	0.478462	0.356639	0.159491	0	0	0.356617	0.478462	0.451117	0.356639	0.159491	0	0	0	0	0	0	0.451082	0.451082	0	0	0	0	0	0.159491	0.356639	0.451117	0.451117	0.478462	0.356617	0	0	0	0	0	0.356617	0.478462	0.356639	0.159491	0	0	0	0	0	0	0	0	0.159491	0.356639	0.451117	0.478462	0.356617	0	0	0	0.159491	0.356639	0.451117	0.478462	0.356617	0	0	0	0	0	0.356617	0.478462	0.451117	0.451117	0.356639	0.159491	0	0	0	0	0	0	0	0.159491	0.356639	0.451117	0.478462	0.356617	0	0	0	0	0	0	0	0	0	0.159491	0.356639
0.451039	0.451039	0	0	0	0	0	0	0	0	0	0.451039	0	0.451039	0	0	0	0	0	0	0	0	0	0	0	0	0	0	0	0	0	0	0	0	0	0	0	0	0.451039	0.451039	0	0	0	0	0	0.451039	0.451039	0	0	0	0	0	0	0.451039	0.451039	0	0	0.451039	0.451039	0	0	0	0.451039	0.451039	0	0.451039	0.451039	0	0	0	0.451039	0.451039	0	0	0.451039	0.451039	0	0	0	0	0	0	0	0.451039	0.451039	0	0	0	0	0	0	0	0	0	0	0	0	0	0.451039	0.451039	0	0	0	0	0	0	0	0	0	0	0	0	0.451039	0.451039	0	0	0	0	0.451039	0.451039	0	0	0	0.451039	0.451039	0	0	0	0.451039	0.451039	0	0	0	0.451039	0.451039	0	0	0	0.451039	0.451039	0	0	0	0	0.451039	0.451039	0	0	0	0	0	0.451039	0.451039	0	0	0	0	0	0.451039	0.451039	0	0	0.451039	0.451039	0	0	0	0	0.451039	0.451039	0	0	0	0	0	0	0	0	0	0.451039	0.451039	0	0	0	0	0	0	0	0	0	0.451039	0.451039	0	0	0	0	0	0.451039	0.451039	0	0	0	0	0	0	0	0	0	0	0	0	0	0.451039	0.451039	0	0	0	0	0	0	0.451039	0.451039	0	0	0	0	0	0.451039	0.451039	0	0	0	0	0	0	0	0	0	0	0	0	0	0	0.451039	0.451039	0	0	0	0	0	0	0	0	0	0	0
0.450997	0.450997	0	0	0	0	0	0	0	0	0	0.450997	0	0.450997	0	0	0	0	0	0	0	0	0	0	0	0	0	0	0	0	0	0	0	0	0	0	0	0	0.450997	0.450997	0	0	0	0	0	0.450997	0.450997	0	0	0	0	0	0	0.450997	0.450997	0	0	0.450997	0.450997	0	0	0	0.450997	0.450997	0	0.450997	0.450997	0	0	0	0.450997	0.450997	0	0	0.450997	0.450997	0	0	0	0	0	0	0	0.450997	0.450997	0	0	0	0	0	0	0	0	0	0	0	0	0	0.450997	0.450997	0	0	0	0	0	0	0	0	0	0	0	0	0.450997	0.450997	0	0	0	0	0.450997	0.450997	0	0	0	0.450997	0.450997	0	0	0	0.450997	0.450997	0	0	0	0.450997	0.450997	0	0	0	0.450997	0.450997	0	0	0	0	0.450997	0.450997	0	0	0	0	0	0.450997	0.450997	0	0	0	0	0	0.450997	0.450997	0	0	0.450997	0.450997	0	0	0	0	0.450997	0.450997	0	0	0	0	0	0	0	0	0	0.450997	0.450997	0	0	0	0	0	0	0	0	0	0.450997	0.450997	0	0	0	0	0	0.450997	0.450997	0	0	0	0	0	0	0	0	0	0	0	0	0	0.450997	0.450997	0	0	0	0	0	0	0.450997	0.450997	0	0	0	0	0	0.450997	0.450997	0	0	0	0	0	0	0	0	0	0	0	0	0	0	0.450997	0.450997	0	0	0	0	0	0	0	0	0	0	0
0.450954	0.450954	0	0	0	0	0	0	0	0	0	0.450954	0	0.450954	0	0	0	0	0	0	0	0	0	0	0	0	0	0	0	0	0	0	0	0	0	0	0	0	0.450954	0.450954	0	0	0	0	0	0.450954	0.450954	0	0	0	0	0	0	0.450954	0.450954	0	0	0.450954	0.450954	0	0	0	0.450954	0.450954	0	0.450954	0.450954	0	0	0	0.450954	0.450954	0	0	0.450954	0.450954	0	0	0	0	0	0	0	0.450954	0.450954	0	0	0	0	0	0	0	0	0	0	0	0	0	0.450954	0.450954	0	0	0	0	0	0	0	0	0	0	0	0	0.450954	0.450954	0	0	0	0	0.450954	0.450954	0	0	0	0.450954	0.450954	0	0	0	0.450954	0.450954	0	0	0	0.450954	0.450954	0	0	0	0.450954	0.450954	0	0	0	0	0.450954	0.450954	0	0	0	0	0	0.450954	0.450954	0	0	0	0	0	0.450954	0.450954	0	0	0.450954	0.450954	0	0	0	0	0.450954	0.450954	0	0	0	0	0	0	0	0	0	0.450954	0.450954	0	0	0	0	0	0	0	0	0	0.450954	0.450954	0	0	0	0	0	0.450954	0.450954	0	0	0	0	0	0	0	0	0	0	0	0	0	0.450954	0.450954	0	0	0	0	0	0	0.450954	0.450954	0	0	0	0	0	0.450954	0.450954	0	0	0	0	0	0	0	0	0	0	0	0	0	0	0.450954	0.450954	0	0	0	0	0	0	0	0	0	0	0
0.450911	0.450911	0	0	0	0	0	0	0	0	0	0.450911	0	0.450911	0	0	0	0	0	0	0	0	0	0	0	0	0	0	0	0	0	0	0	0	0	0	0	0	0.450911	0.450911	0	0	0	0	0	0.450911	0.450911	0	0	0	0	0	0	0.450911	0.450911	0	0	0.450911	0.450911	0	0	0	0.450911	0.450911	0	0.450911	0.450911	0	0	0	0.450911	0.450911	0	0	0.450911	0.450911	0	0	0	0	0	0	0	0.450911	0.450911	0	0	0	0	0	0	0	0	0	0	0	0	0	0.450911	0.450911	0	0	0	0	0	0	0	0	0	0	0	0	0.450911	0.450911	0	0	0	0	0.450911	0.450911	0	0	0	0.450911	0.450911	0	0	0	0.450911	0.450911	0	0	0	0.450911	0.450911	0	0	0	0.450911	0.450911	0	0	0	0	0.450911	0.450911	0	0	0	0	0	0.450911	0.450911	0	0	0	0	0	0.450911	0.450911	0	0	0.450911	0.450911	0	0	0	0	0.450911	0.450911	0	0	0	0	0	0	0	0	0	0.450911	0.450911	0	0	0	0	0	0	0	0	0	0.450911	0.450911	0	0	0	0	0	0.450911	0.450911	0	0	0	0	0	0	0	0	0	0	0	0	0	0.450911	0.450911	0	0	0	0	0	0	0.450911	0.450911	0	0	0	0	0	0.450911	0.450911	0	0	0	0	0	0	0	0	0	0	0	0	0	0	0.450911	0.450911	0	0	0	0	0	0	0	0	0	0	0
0.356448	0.478232	0.356466	0.159414	0	0	0	0	0	0	0	0.356448	0.225452	0.356448	0	0	0	0	0	0	0	0	0	0	0	0	0	0	0	0	0	0	0	0	0.159414	0.356466	0.450897	0.450897	0.478232	0.356448	0	0	0	0	0	0.356448	0.478232	0.356466	0.159414	0	0	0	0	0.356448	0.50409	0.159414	0	0.356448	0.478232	0.450897	0.450897	0.356466	0.50409	0.478232	0.450897	0.637632	0.637632	0.450897	0.356466	0.159414	0.356448	0.478232	0.450897	0.356466	0.50409	0.478232	0.450897	0.356466	0.159414	0	0	0	0	0.356448	0.478232	0.450897	0.450897	0.450897	0.450897	0.356466	0.159414	0	0	0	0	0	0	0	0.356448	0.478232	0.450897	0.356466	0.159414	0	0	0	0	0	0	0	0	0	0.356448	0.478232	0.356466	0.159414	0	0	0.450869	0.450869	0	0	0	0.450869	0.450869	0	0	0	0.356448	0.478232	0.356466	0.159414	0	0.450869	0.450869	0	0	0	0.450869	0.450869	0	0	0	0	0.356448	0.478232	0.356466	0.159414	0	0	0.159414	0.50409	0.356448	0	0	0.159414	0.356466	0.450897	0.478232	0.356448	0.159414	0.356466	0.478232	0.356448	0	0	0	0	0.450869	0.450869	0	0	0	0	0	0	0	0.159414	0.356466	0.478232	0.356448	0	0	0	0	0	0.159414	0.356466	0.450897	0.450897	0.478232	0.356448	0	0	0	0	0	0.356448	0.478232	0.450897	0.356466	0.159414	0	0	0	0	0	0	0.159414	0.356466	0.450897	0.450897	0.478232	0.356448	0	0	0	0	0	0	0.450869	0.450869	0	0	0	0	0	0.356448	0.478232	0.450897	0.450897	0.356466	0.159414	0	0	0	0	0	0	0	0	0	0	0.356448	0.478232	0.356466	0.159414	0	0	0	0	0	0	0	0	0
0.159399	0.356432	0.478187	0.356414	0	0	0	0	0	0	0	0.159399	0.225431	0.159399	0	0	0	0	0	0	0	0	0	0	0	0	0	0	0	0	0	0	0	0	0.356414	0.478187	0.450855	0.450855	0.356432	0.159399	0	0	0	0	0	0.159399	0.356432	0.478187	0.356414	0	0	0	0	0.159399	0.504043	0.356414	0	0.159399	0.356432	0.450855	0.450855	0.478187	0.504043	0.356432	0.450855	0.637571	0.637571	0.450855	0.478187	0.356414	0.159399	0.356432	0.450855	0.478187	0.504043	0.356432	0.450855	0.478187	0.356414	0	0	0	0	0.159399	0.356432	0.450855	0.450855	0.450855	0.450855	0.478187	0.356414	0	0	0	0	0	0	0	0.159399	0.356432	0.450855	0.478187	0.356414	0	0	0	0	0	0	0	0	0	0.159399	0.356432	0.478187	0.356414	0	0	0.450826	0.450826	0	0	0	0.450826	0.450826	0	0	0	0.159399	0.356432	0.478187	0.356414	0	0.450826	0.450826	0	0	0	0.450826	0.450826	0	0	0	0	0.159399	0.356432	0.478187	0.356414	0	0	0.356414	0.504043	0.159399	0	0	0.356414	0.478187	0.450855	0.356432	0.159399	0.356414	0.478187	0.356432	0.159399	0	0	0	0	0.450826	0.450826	0	0	0	0	0	0	0	0.356414	0.478187	0.356432	0.159399	0	0	0	0	0	0.356414	0.478187	0.450855	0.450855	0.356432	0.159399	0	0	0	0	0	0.159399	0.356432	0.450855	0.478187	0.356414	0	0	0	0	0	0	0.356414	0.478187	0.450855	0.450855	0.356432	0.159399	0	0	0	0	0	0	0.450826	0.450826	0	0	0	0	0	0.159399	0.356432	0.450855	0.450855	0.478187	0.356414	0	0	0	0	0	0	0	0	0	0	0.159399	0.356432	0.478187	0.356414	0	0	0	0	0	0	0	0	0
0	0	0.450784	0.450784	0	0	0	0	0	0	0	0	0	0	0	0	0	0	0	0	0	0	0	0	0	0	0	0	0	0	0	0	0	0	0.450784	0.450784	0	0	0	0	0	0	0	0	0	0	0	0.450784	0.450784	0	0	0	0	0	0.450784	0.450784	0	0	0	0	0	0.450784	0.450784	0	0	0.450784	0.450784	0	0.450784	0.450784	0	0	0	0.450784	0.450784	0	0	0.450784	0.450784	0	0	0	0	0	0	0	0	0	0	0.450784	0.450784	0	0	0	0	0	0	0	0	0	0	0.450784	0.450784	0	0	0	0	0	0	0	0	0	0	0	0.450784	0.450784	0	0	0.450784	0.450784	0	0	0	0.450784	0.450784	0	0	0	0	0	0.450784	0.450784	0	0.450784	0.450784	0	0	0	0.450784	0.450784	0	0	0	0	0	0	0.450784	0.450784	0	0	0.450784	0.450784	0	0	0	0.450784	0.450784	0	0	0	0.450784	0.450784	0	0	0	0	0	0	0.450784	0.450784	0	0	0	0	0	0	0	0.450784	0.450784	0	0	0	0	0	0	0	0.450784	0.450784	0	0	0	0	0	0	0	0	0	0	0	0	0.450784	0.450784	0	0	0	0	0	0	0.450784	0.450784	0	0	0	0	0	0	0	0	0	0	0.450784	0.450784	0	0	0	0	0	0	0	0	0	0.450784	0.450784	0	0	0	0	0	0	0	0	0	0	0	0	0.450784	0.450784	0	0	0	0	0	0	0	0	0
0	0	0.450734	0.450734	0	0	0	0	0	0	0	0	0	0	0	0	0	0	0	0	0	0	0	0	0	0	0	0	0	0	0	0	0	0	0.450734	0.450734	0	0	0	0	0	0	0	0	0	0	0	0.450734	0.450734	0	0	0	0	0	0.450734	0.450734	0	0	0	0	0	0.450734	0.450734	0	0	0.450734	0.450734	0	0.450734	0.450734	0	0	0	0.450734	0.450734	0	0	0.450734	0.450734	0	0	0	0	0	0	0	0	0	0	0.450734	0.450734	0	0	0	0	0	0	0	0	0	0	0.450734	0.450734	0	0	0	0	0	0	0	0	0	0	0	0.450734	0.450734	0	0	0.450734	0.450734	0	0	0	0.450734	0.450734	0	0	0	0	0	0.450734	0.450734	0	0.450734	0.450734	0	0	0	0.450734	0.450734	0	0	0	0	0	0	0.450734	0.450734	0	0	0.450734	0.450734	0	0	0	0.450734	0.450734	0	0	0	0.450734	0.450734	0	0	0	0	0	0	0.450734	0.450734	0	0	0	0	0	0	0	0.450734	0.450734	0	0	0	0	0	0	0	0.450734	0.450734	0	0	0	0	0	0	0	0	0	0	0	0	0.450734	0.450734	0	0	0	0	0	0	0.450734	0.450734	0	0	0	0	0	0	0	0	0	0	0.450734	0.450734	0	0	0	0	0	0	0	0	0	0.450734	0.450734	0	0	0	0	0	0	0	0	0	0	0	0	0.450734	0.450734	0	0	0	0	0	0	0	0	0
0	0	0.450691	0.450691	0	0	0	0	0	0	0	0	0	0	0	0	0	0	0	0	0	0	0	0	0	0	0	0	0	0	0	0	0	0	0.450691	0.450691	0	0	0	0	0	0	0	0	0	0	0	0.450691	0.450691	0	0	0	0	0	0.450691	0.450691	0	0	0	0	0	0.450691	0.450691	0	0	0.450691	0.450691	0	0.450691	0.450691	0	0	0	0.450691	0.450691	0	0	0.450691	0.450691	0	0	0	0	0	0	0	0	0	0	0.450691	0.450691	0	0	0	0	0	0	0	0	0	0	0.450691	0.450691	0	0	0	0	0	0	0	0	0	0	0	0.450691	0.450691	0	0	0.450691	0.450691	0	0	0	0.450691	0.450691	0	0	0	0	0	0.450691	0.450691	0	0.450691	0.450691	0	0	0	0.450691	0.450691	0	0	0	0	0	0	0.450691	0.450691	0	0	0.450691	0.450691	0	0	0	0.450691	0.450691	0	0	0	0.450691	0.450691	0	0	0	0	0	0	0.450691	0.450691	0	0	0	0	0	0	0	0.450691	0.450691	0	0	0	0	0	0	0	0.450691	0.450691	0	0	0	0	0	0	0	0	0	0	0	0	0.450691	0.450691	0	0	0	0	0	0	0.450691	0.450691	0	0	0	0	0	0	0	0	0	0	0.450691	0.450691	0	0	0	0	0	0	0	0	0	0.450691	0.450691	0	0	0	0	0	0	0	0	0	0	0	0	0.450691	0.450691	0	0	0	0	0	0	0	0	0
0	0	0.450649	0.450649	0	0	0	0	0	0	0	0	0	0	0	0	0	0	0	0	0	0	0	0	0	0	0	0	0	0	0	0	0	0	0.450649	0.450649	0	0	0	0	0	0	0	0	0	0	0	0.450649	0.450649	0	0	0	0	0	0.450649	0.450649	0	0	0	0	0	0.450649	0.450649	0	0	0.450649	0.450649	0	0.450649	0.450649	0	0	0	0.450649	0.450649	0	0	0.450649	0.450649	0	0	0	0	0	0	0	0	0	0	0.450649	0.450649	0	0	0	0	0	0	0	0	0	0	0.450649	0.450649	0	0	0	0	0	0	0	0	0	0	0	0.450649	0.450649	0	0	0.450649	0.450649	0	0	0	0.450649	0.450649	0	0	0	0	0	0.450649	0.450649	0	0.450649	0.450649	0	0	0	0.450649	0.450649	0	0	0	0	0	0	0.450649	0.450649	0	0	0.450649	0.450649	0	0	0	0.450649	0.450649	0	0	0	0.450649	0.450649	0	0	0	0	0	0	0.450649	0.450649	0	0	0	0	0	0	0	0.450649	0.450649	0	0	0	0	0	0	0	0.450649	0.450649	0	0	0	0	0	0	0	0	0	0	0	0	0.450649	0.450649	0	0	0	0	0	0	0.450649	0.450649	0	0	0	0	0	0	0	0	0	0	0.450649	0.450649	0	0	0	0	0	0	0	0	0	0.450649	0.450649	0	0	0	0	0	0	0	0	0	0	0	0	0.450649	0.450649	0	0	0	0	0	0	0	0	0
0	0	0.450606	0.450606	0	0	0	0	0	0	0	0	0	0	0	0	0	0	0	0	0	0	0	0	0	0	0	0	0	0	0	0	0	0	0.450606	0.450606	0	0	0	0	0	0	0	0	0	0	0	0.450606	0.450606	0	0	0	0	0	0.450606	0.450606	0	0	0	0	0	0.450606	0.450606	0	0	0.450606	0.450606	0	0.450606	0.450606	0	0	0	0.450606	0.450606	0	0	0.450606	0.450606	0	0	0	0	0	0	0	0	0	0	0.450606	0.450606	0	0	0	0	0	0	0	0	0	0	0.450606	0.450606	0	0	0	0	0	0	0	0	0	0	0	0.450606	0.450606	0	0	0.450606	0.450606	0	0	0	0.450606	0.450606	0	0	0	0	0	0.450606	0.450606	0	0.450606	0.450606	0	0	0	0.450606	0.450606	0	0	0	0	0	0	0.450606	0.450606	0	0	0.450606	0.450606	0	0	0	0.450606	0.450606	0	0	0	0.450606	0.450606	0	0	0	0	0	0	0.450606	0.450606	0	0	0	0	0	0	0	0.450606	0.450606	0	0	0	0	0	0	0	0.450606	0.450606	0	0	0	0	0	0	0	0	0	0	0	0	0.450606	0.450606	0	0	0	0	0	0	0.450606	0.450606	0	0	0	0	0	0	0	0	0	0	0.450606	0.450606	0	0	0	0	0	0	0	0	0	0.450606	0.450606	0	0	0	0	0	0	0	0	0	0	0	0	0.450606	0.450606	0	0	0	0	0	0	0	0	0
0	0	0.356208	0.477913	0.35623	0.159308	0	0	0	0	0	0	0	0	0	0	0	0	0	0	0	0	0	0	0	0	0	0	0	0	0	0	0	0	0.450564	0.450564	0	0	0	0	0	0	0	0	0	0	0	0.356208	0.477913	0.450599	0.35623	0.159308	0	0	0.356208	0.477913	0.35623	0.159308	0	0	0	0.450564	0.450564	0	0	0.450564	0.450564	0	0.356208	0.477913	0.450599	0.35623	0.159308	0.356208	0.477913	0.450599	0.450599	0.656827	0.857859	0.796518	0.574394	0.450599	0.450599	0.450599	0.450599	0.450599	0.450599	0.450599	0.450599	0.656827	0.857859	0.796518	0.574394	0.450599	0.450599	0.450599	0.450599	0.450599	0.450599	0.450599	0.450599	0.656827	0.857859	0.796518	0.574394	0.450599	0.450599	0.450599	0.450599	0.450599	0.35623	0.159308	0	0	0.356208	0.477913	0.450599	0.35623	0.503751	0.503751	0.159308	0	0	0.356208	0.477913	0.450599	0.35623	0.159308	0	0	0.356208	0.477913	0.35623	0.503751	0.477913	0.35623	0.159308	0	0.356208	0.477913	0.450599	0.35623	0.159308	0	0	0	0.356208	0.503751	0.159308	0	0.450564	0.450564	0	0	0	0.356208	0.503751	0.159308	0	0	0.356208	0.477913	0.450599	0.450599	0.35623	0.159308	0	0	0.356208	0.477913	0.450599	0.35623	0.159308	0	0	0	0	0.356208	0.477913	0.35623	0.159308	0	0	0	0	0	0.450564	0.450564	0	0	0	0	0	0	0	0	0	0	0	0	0.356208	0.503751	0.159308	0	0	0	0	0	0.356208	0.503751	0.159308	0	0	0	0	0	0	0.159308	0.35623	0.450599	0.477913	0.356208	0	0	0	0	0	0	0	0	0	0.356208	0.503751	0.159308	0	0	0	0	0	0	0	0	0	0	0	0.356208	0.477913	0.450599	0.450599	0.450599	0.450599	0.450599	0.450599	0.450599	0.450599	0.450599
0	0	0.159292	0.356196	0.477868	0.356174	0	0	0	0	0	0	0	0	0	0	0	0	0	0	0	0	0	0	0	0	0	0	0	0	0	0	0	0	0.450521	0.450521	0	0	0	0	0	0	0	0	0	0	0	0.159292	0.356196	0.450557	0.477868	0.356174	0	0	0.159292	0.356196	0.477868	0.356174	0	0	0	0.450521	0.450521	0	0	0.450521	0.450521	0	0.159292	0.356196	0.450557	0.477868	0.356174	0.159292	0.356196	0.450557	0.450557	0.57434	0.796443	0.857778	0.656765	0.450557	0.450557	0.450557	0.450557	0.450557	0.450557	0.450557	0.450557	0.57434	0.796443	0.857778	0.656765	0.450557	0.450557	0.450557	0.450557	0.450557	0.450557	0.450557	0.450557	0.57434	0.796443	0.857778	0.656765	0.450557	0.450557	0.450557	0.450557	0.450557	0.477868	0.356174	0	0	0.159292	0.356196	0.450557	0.477868	0.503703	0.503703	0.356174	0	0	0.159292	0.356196	0.450557	0.477868	0.356174	0	0	0.159292	0.356196	0.477868	0.503703	0.356196	0.477868	0.356174	0	0.159292	0.356196	0.450557	0.477868	0.356174	0	0	0	0.159292	0.503703	0.356174	0	0.450521	0.450521	0	0	0	0.159292	0.503703	0.356174	0	0	0.159292	0.356196	0.450557	0.450557	0.477868	0.356174	0	0	0.159292	0.356196	0.450557	0.477868	0.356174	0	0	0	0	0.159292	0.356196	0.477868	0.356174	0	0	0	0	0	0.450521	0.450521	0	0	0	0	0	0	0	0	0	0	0	0	0.159292	0.503703	0.356174	0	0	0	0	0	0.159292	0.503703	0.356174	0	0	0	0	0	0	0.356174	0.477868	0.450557	0.356196	0.159292	0	0	0	0	0	0	0	0	0	0.159292	0.503703	0.356174	0	0	0	0	0	0	0	0	0	0	0	0.159292	0.356196	0.450557	0.450557	0.450557	0.450557	0.450557	0.450557	0.450557	0.450557	0.450557
0	0	0	0	0.450479	0.450479	0	0	0	0	0	0	0	0	0	0	0	0	0	0	0	0	0	0	0	0	0	0	0	0	0	0	0	0	0.450479	0.450479	0	0	0	0	0	0	0	0	0	0	0	0	0	0	0.450479	0.450479	0	0	0	0	0.450479	0.450479	0	0	0	0.450479	0.450479	0	0	0.450479	0.450479	0	0	0	0	0.450479	0.450479	0	0	0	0	0	0	0.450479	0.450479	0	0	0	0	0	0	0	0	0	0	0.450479	0.450479	0	0	0	0	0	0	0	0	0	0	0.450479	0.450479	0	0	0	0	0	0.450479	0.450479	0	0	0	0	0	0.450479	0.450479	0.450479	0.450479	0	0	0	0	0	0.450479	0.450479	0	0	0	0	0.450479	0.450479	0	0.450479	0.450479	0	0	0	0	0.450479	0.450479	0	0	0	0	0.450479	0.450479	0	0.450479	0.450479	0	0	0	0	0.450479	0.450479	0	0	0	0	0	0	0.450479	0.450479	0	0	0	0	0	0.450479	0.450479	0	0	0	0	0	0	0.450479	0.450479	0	0	0	0	0	0.450479	0.450479	0	0	0	0	0	0	0	0	0	0	0	0	0	0.450479	0.450479	0	0	0	0	0	0	0.450479	0.450479	0	0	0	0	0	0	0.450479	0.450479	0	0	0	0	0	0	0	0	0	0	0	0	0	0.450479	0.450479	0	0	0	0	0	0	0	0	0	0	0	0	0	0	0	0	0	0	0	0	0	0
0	0	0	0	0.450436	0.450436	0	0	0	0	0	0	0	0	0	0	0	0	0	0	0	0	0	0	0	0	0	0	0	0	0	0	0	0	0.450436	0.450436	0	0	0	0	0	0	0	0	0	0	0	0	0	0	0.450436	0.450436	0	0	0	0	0.450436	0.450436	0	0	0	0.450436	0.450436	0	0	0.450436	0.450436	0	0	0	0	0.450436	0.450436	0	0	0	0	0	0	0.450436	0.450436	0	0	0	0	0	0	0	0	0	0	0.450436	0.450436	0	0	0	0	0	0	0	0	0	0	0.450436	0.450436	0	0	0	0	0	0.450436	0.450436	0	0	0	0	0	0.450436	0.450436	0.450436	0.450436	0	0	0	0	0	0.450436	0.450436	0	0	0	0	0.450436	0.450436	0	0.450436	0.450436	0	0	0	0	0.450436	0.450436	0	0	0	0	0.450436	0.450436	0	0.450436	0.450436	0	0	0	0	0.450436	0.450436	0	0	0	0	0	0	0.450436	0.450436	0	0	0	0	0	0.450436	0.450436	0	0	0	0	0	0	0.450436	0.450436	0	0	0	0	0	0.450436	0.450436	0	0	0	0	0	0	0	0	0	0	0	0	0	0.450436	0.450436	0	0	0	0	0	0	0.450436	0.450436	0	0	0	0	0	0	0.450436	0.450436	0	0	0	0	0	0	0	0	0	0	0	0	0	0.450436	0.450436	0	0	0	0	0	0	0	0	0	0	0	0	0	0	0	0	0	0	0	0	0	0
0	0	0	0	0.450394	0.450394	0	0	0	0	0	0	0	0	0	0	0	0	0	0	0	0	0	0	0	0	0	0	0	0	0	0	0	0	0.450394	0.450394	0	0	0	0	0	0	0	0	0	0	0	0	0	0	0.450394	0.450394	0	0	0	0	0.450394	0.450394	0	0	0	0.450394	0.450394	0	0	0.450394	0.450394	0	0	0	0	0.450394	0.450394	0	0	0	0	0	0	0.450394	0.450394	0	0	0	0	0	0	0	0	0	0	0.450394	0.450394	0	0	0	0	0	0	0	0	0	0	0.450394	0.450394	0	0	0	0	0	0.450394	0.450394	0	0	0	0	0	0.450394	0.450394	0.450394	0.450394	0	0	0	0	0	0.450394	0.450394	0	0	0	0	0.450394	0.450394	0	0.450394	0.450394	0	0	0	0	0.450394	0.450394	0	0	0	0	0.450394	0.450394	0	0.450394	0.450394	0	0	0	0	0.450394	0.450394	0	0	0	0	0	0	0.450394	0.450394	0	0	0	0	0	0.450394	0.450394	0	0	0	0	0	0	0.450394	0.450394	0	0	0	0	0	0.450394	0.450394	0	0	0	0	0	0	0	0	0	0	0	0	0	0.450394	0.450394	0	0	0	0	0	0	0.450394	0.450394	0	0	0	0	0	0	0.450394	0.450394	0	0	0	0	0	0	0	0	0	0	0	0	0	0.450394	0.450394	0	0	0	0	0	0	0	0	0	0	0	0	0	0	0	0	0	0	0	0	0	0
0	0	0	0	0.450351	0.450351	0	0	0	0	0	0	0	0	0	0	0	0	0	0	0	0	0	0	0	0	0	0	0	0	0	0	0	0	0.450351	0.450351	0	0	0	0	0	0	0	0	0	0	0	0	0	0	0.450351	0.450351	0	0	0	0	0.450351	0.450351	0	0	0	0.450351	0.450351	0	0	0.450351	0.450351	0	0	0	0	0.450351	0.450351	0	0	0	0	0	0	0.450351	0.450351	0	0	0	0	0	0	0	0	0	0	0.450351	0.450351	0	0	0	0	0	0	0	0	0	0	0.450351	0.450351	0	0	0	0	0	0.450351	0.450351	0	0	0	0	0	0.450351	0.450351	0.450351	0.450351	0	0	0	0	0	0.450351	0.450351	0	0	0	0	0.450351	0.450351	0	0.450351	0.450351	0	0	0	0	0.450351	0.450351	0	0	0	0	0.450351	0.450351	0	0.450351	0.450351	0	0	0	0	0.450351	0.450351	0	0	0	0	0	0	0.450351	0.450351	0	0	0	0	0	0.450351	0.450351	0	0	0	0	0	0	0.450351	0.450351	0	0	0	0	0	0.450351	0.450351	0	0	0	0	0	0	0	0	0	0	0	0	0	0.450351	0.450351	0	0	0	0	0	0	0.450351	0.450351	0	0	0	0	0	0	0.450351	0.450351	0	0	0	0	0	0	0	0	0	0	0	0	0	0.450351	0.450351	0	0	0	0	0	0	0	0	0	0	0	0	0	0	0	0	0	0	0	0	0	0
0	0	0	0	0.450309	0.450309	0	0	0	0	0	0	0	0	0	0	0	0	0	0	0	0	0	0	0	0	0	0	0	0	0	0	0	0	0.450309	0.450309	0	0	0	0	0	0	0	0	0	0	0	0	0	0	0.450309	0.450309	0	0	0	0	0.450309	0.450309	0	0	0	0.450309	0.450309	0	0	0.450309	0.450309	0	0	0	0	0.450309	0.450309	0	0	0	0	0	0	0.450309	0.450309	0	0	0	0	0	0	0	0	0	0	0.450309	0.450309	0	0	0	0	0	0	0	0	0	0	0.450309	0.450309	0	0	0	0	0	0.450309	0.450309	0	0	0	0	0	0.450309	0.450309	0.450309	0.450309	0	0	0	0	0	0.450309	0.450309	0	0	0	0	0.450309	0.450309	0	0.450309	0.450309	0	0	0	0	0.450309	0.450309	0	0	0	0	0.450309	0.450309	0	0.450309	0.450309	0	0	0	0	0.450309	0.450309	0	0	0	0	0	0	0.450309	0.450309	0	0	0	0	0	0.450309	0.450309	0	0	0	0	0	0	0.450309	0.450309	0	0	0	0	0	0.450309	0.450309	0	0	0	0	0	0	0	0	0	0	0	0	0	0.450309	0.450309	0	0	0	0	0	0	0.450309	0.450309	0	0	0	0	0	0	0.450309	0.450309	0	0	0	0	0	0	0	0	0	0	0	0	0	0.450309	0.450309	0	0	0	0	0	0	0	0	0	0	0	0	0	0	0	0	0	0	0	0	0	0
0.450295	0.450295	0.35599	0.159201	0.355972	0.477593	0.450295	0.35599	0.159201	0	0	0	0	0	0	0	0	0	0.159201	0.35599	0.450295	0.450295	0.450295	0.450295	0.450295	0.450295	0.450295	0.450295	0.450295	0.450295	0.450295	0.450295	0.450295	0.450295	0.477593	0.355972	0	0	0	0	0	0	0	0	0	0	0	0	0	0	0.355972	0.477593	0.450295	0.35599	0.159201	0	0.355972	0.477593	0.450295	0.35599	0.159201	0.355972	0.477593	0.450295	0.450295	0.63678	0.63678	0.450295	0.450295	0.450295	0.35599	0.503417	0.477593	0.450295	0.450295	0.450295	0.450295	0.450295	0.450295	0.656386	0.811727	0.574007	0.450295	0.450295	0.450295	0.450295	0.450295	0.450295	0.450295	0.450295	0.450295	0.656386	0.857281	0.900534	0.79598	0.574007	0.450295	0.450295	0.450295	0.450295	0.35599	0.159201	0	0.355972	0.477593	0.450295	0.35599	0.159201	0	0	0.355972	0.477593	0.450295	0.450295	0.35599	0.159201	0	0.355972	0.477593	0.63678	0.63678	0.450295	0.450295	0.35599	0.159201	0	0.355972	0.477593	0.35599	0.159201	0	0	0.355972	0.477593	0.450295	0.63678	0.63678	0.450295	0.35599	0.159201	0	0.355972	0.477593	0.450295	0.35599	0.159201	0	0.355972	0.477593	0.450295	0.63678	0.63678	0.450295	0.35599	0.159201	0	0.355972	0.477593	0.450295	0.35599	0.159201	0	0	0	0.355972	0.477593	0.450295	0.35599	0.159201	0	0	0.355972	0.477593	0.450295	0.35599	0.159201	0	0	0	0.355972	0.477593	0.450295	0.35599	0.159201	0	0	0.355972	0.477593	0.450295	0.450295	0.35599	0.159201	0	0	0	0	0	0.159201	0.35599	0.450295	0.450295	0.477593	0.355972	0	0	0	0	0	0	0.355972	0.477593	0.450295	0.35599	0.159201	0	0	0	0.355972	0.477593	0.450295	0.35599	0.159201	0	0	0	0	0	0	0	0	0	0	0.355972	0.477593	0.450295	0.35599	0.159201	0	0	0	0	0	0	0	0	0.159201	0.35599	0.450295	0.450295	0.35599	0.159201	0	0	0	0	0
0.450252	0.450252	0.477548	0.355938	0.159186	0.355956	0.450252	0.477548	0.355938	0	0	0	0	0	0	0	0	0	0.355938	0.477548	0.450252	0.450252	0.450252	0.450252	0.450252	0.450252	0.450252	0.450252	0.450252	0.450252	0.450252	0.450252	0.450252	0.450252	0.355956	0.159186	0	0	0	0	0	0	0	0	0	0	0	0	0	0	0.159186	0.355956	0.450252	0.477548	0.355938	0	0.159186	0.355956	0.450252	0.477548	0.355938	0.159186	0.355956	0.450252	0.450252	0.63672	0.63672	0.450252	0.450252	0.450252	0.477548	0.503369	0.355956	0.450252	0.450252	0.450252	0.450252	0.450252	0.450252	0.573952	0.811651	0.656324	0.450252	0.450252	0.450252	0.450252	0.450252	0.450252	0.450252	0.450252	0.450252	0.573952	0.795905	0.900449	0.8572	0.656324	0.450252	0.450252	0.450252	0.450252	0.477548	0.355938	0	0.159186	0.355956	0.450252	0.477548	0.355938	0	0	0.159186	0.355956	0.450252	0.450252	0.477548	0.355938	0	0.159186	0.355956	0.63672	0.63672	0.450252	0.450252	0.477548	0.355938	0	0.159186	0.355956	0.477548	0.355938	0	0	0.159186	0.355956	0.450252	0.63672	0.63672	0.450252	0.477548	0.355938	0	0.159186	0.355956	0.450252	0.477548	0.355938	0	0.159186	0.355956	0.450252	0.63672	0.63672	0.450252	0.477548	0.355938	0	0.159186	0.355956	0.450252	0.477548	0.355938	0	0	0	0.159186	0.355956	0.450252	0.477548	0.355938	0	0	0.159186	0.355956	0.450252	0.477548	0.355938	0	0	0	0.159186	0.355956	0.450252	0.477548	0.355938	0	0	0.159186	0.355956	0.450252	0.450252	0.477548	0.355938	0	0	0	0	0	0.355938	0.477548	0.450252	0.450252	0.355956	0.159186	0	0	0	0	0	0	0.159186	0.355956	0.450252	0.477548	0.355938	0	0	0	0.159186	0.355956	0.450252	0.477548	0.355938	0	0	0	0	0	0	0	0	0	0	0.159186	0.355956	0.450252	0.477548	0.355938	0	0	0	0	0	0	0	0	0.355938	0.477548	0.450252	0.450252	0.477548	0.355938	0	0	0	0	0
0	0	0.450182	0.450182	0	0	0	0.450182	0.450182	0	0	0	0	0	0	0	0	0	0.450182	0.450182	0	0	0	0	0	0	0	0	0	0	0	0	0	0	0	0	0	0	0	0	0	0	0	0	0	0	0	0	0	0	0	0	0	0.450182	0.450182	0	0	0	0	0.450182	0.450182	0	0	0	0	0.450182	0.450182	0	0	0	0.450182	0.450182	0	0	0	0	0	0	0	0	0.450182	0.450182	0	0	0	0	0	0	0	0	0	0	0	0	0.450182	0.450182	0	0	0	0	0.450182	0.450182	0	0	0	0	0.450182	0.450182	0	0	0	0	0	0	0.450182	0.450182	0	0	0	0.450182	0.450182	0	0	0.450182	0.450182	0	0	0	0.450182	0.450182	0	0	0	0	0	0.450182	0.450182	0	0.450182	0.450182	0	0	0	0	0.450182	0.450182	0	0	0	0	0.450182	0.450182	0	0.450182	0.450182	0	0	0	0	0.450182	0.450182	0	0	0	0	0	0	0.450182	0.450182	0	0	0	0	0	0.450182	0.450182	0	0	0	0	0	0	0.450182	0.450182	0	0	0	0	0	0	0.450182	0.450182	0	0	0	0	0	0.450182	0.450182	0	0	0	0	0	0	0	0	0	0	0	0	0	0.450182	0.450182	0	0	0	0	0	0	0.450182	0.450182	0	0	0	0	0	0	0	0	0	0	0	0	0	0.450182	0.450182	0	0	0	0	0	0	0	0	0.450182	0.450182	0	0	0.450182	0.450182	0	0	0	0	0
0	0	0.450139	0.450139	0	0	0	0.450139	0.450139	0	0	0	0	0	0	0	0	0	0.450139	0.450139	0	0	0	0	0	0	0	0	0	0	0	0	0	0	0	0	0	0	0	0	0	0	0	0	0	0	0	0	0	0	0	0	0	0.450139	0.450139	0	0	0	0	0.450139	0.450139	0	0	0	0	0.450139	0.450139	0	0	0	0.450139	0.450139	0	0	0	0	0	0	0	0	0.450139	0.450139	0	0	0	0	0	0	0	0	0	0	0	0	0.450139	0.450139	0	0	0	0	0.450139	0.450139	0	0	0	0	0.450139	0.450139	0	0	0	0	0	0	0.450139	0.450139	0	0	0	0.450139	0.450139	0	0	0.450139	0.450139	0	0	0	0.450139	0.450139	0	0	0	0	0	0.450139	0.450139	0	0.450139	0.450139	0	0	0	0	0.450139	0.450139	0	0	0	0	0.450139	0.450139	0	0.450139	0.450139	0	0	0	0	0.450139	0.450139	0	0	0	0	0	0	0.450139	0.450139	0	0	0	0	0	0.450139	0.450139	0	0	0	0	0	0	0.450139	0.450139	0	0	0	0	0	0	0.450139	0.450139	0	0	0	0	0	0.450139	0.450139	0	0	0	0	0	0	0	0	0	0	0	0	0	0.450139	0.450139	0	0	0	0	0	0	0.450139	0.450139	0	0	0	0	0	0	0	0	0	0	0	0	0	0.450139	0.450139	0	0	0	0	0	0	0	0	0.450139	0.450139	0	0	0.450139	0.450139	0	0	0	0	0
0	0	0.45009	0.45009	0	0	0	0.45009	0.45009	0	0	0	0	0	0	0	0	0	0.45009	0.45009	0	0	0	0	0	0	0	0	0	0	0	0	0	0	0	0	0	0	0	0	0	0	0	0	0	0	0	0	0	0	0	0	0	0.45009	0.45009	0	0	0	0	0.45009	0.45009	0	0	0	0	0.45009	0.45009	0	0	0	0.45009	0.45009	0	0	0	0	0	0	0	0	0.45009	0.45009	0	0	0	0	0	0	0	0	0	0	0	0	0.45009	0.45009	0	0	0	0	0.45009	0.45009	0	0	0	0	0.45009	0.45009	0	0	0	0	0	0	0.45009	0.45009	0	0	0	0.45009	0.45009	0	0	0.45009	0.45009	0	0	0	0.45009	0.45009	0	0	0	0	0	0.45009	0.45009	0	0.45009	0.45009	0	0	0	0	0.45009	0.45009	0	0	0	0	0.45009	0.45009	0	0.45009	0.45009	0	0	0	0	0.45009	0.45009	0	0	0	0	0	0	0.45009	0.45009	0	0	0	0	0	0.45009	0.45009	0	0	0	0	0	0	0.45009	0.45009	0	0	0	0	0	0	0.45009	0.45009	0	0	0	0	0	0.45009	0.45009	0	0	0	0	0	0	0	0	0	0	0	0	0	0.45009	0.45009	0	0	0	0	0	0	0.45009	0.45009	0	0	0	0	0	0	0	0	0	0	0	0	0	0.45009	0.45009	0	0	0	0	0	0	0	0	0.45009	0.45009	0	0	0.45009	0.45009	0	0	0	0	0
0	0	0.450047	0.450047	0	0	0	0.450047	0.450047	0	0	0	0	0	0	0	0	0	0.450047	0.450047	0	0	0	0	0	0	0	0	0	0	0	0	0	0	0	0	0	0	0	0	0	0	0	0	0	0	0	0	0	0	0	0	0	0.450047	0.450047	0	0	0	0	0.450047	0.450047	0	0	0	0	0.450047	0.450047	0	0	0	0.450047	0.450047	0	0	0	0	0	0	0	0	0.450047	0.450047	0	0	0	0	0	0	0	0	0	0	0	0	0.450047	0.450047	0	0	0	0	0.450047	0.450047	0	0	0	0	0.450047	0.450047	0	0	0	0	0	0	0.450047	0.450047	0	0	0	0.450047	0.450047	0	0	0.450047	0.450047	0	0	0	0.450047	0.450047	0	0	0	0	0	0.450047	0.450047	0	0.450047	0.450047	0	0	0	0	0.450047	0.450047	0	0	0	0	0.450047	0.450047	0	0.450047	0.450047	0	0	0	0	0.450047	0.450047	0	0	0	0	0	0	0.450047	0.450047	0	0	0	0	0	0.450047	0.450047	0	0	0	0	0	0	0.450047	0.450047	0	0	0	0	0	0	0.450047	0.450047	0	0	0	0	0	0.450047	0.450047	0	0	0	0	0	0	0	0	0	0	0	0	0	0.450047	0.450047	0	0	0	0	0	0	0.450047	0.450047	0	0	0	0	0	0	0	0	0	0	0	0	0	0.450047	0.450047	0	0	0	0	0	0	0	0	0.450047	0.450047	0	0	0.450047	0.450047	0	0	0	0	0
0.45004	0.45004	0.636415	0.636415	0.45004	0.45004	0.45004	0.656012	0.856794	0.79553	0.573682	0.45004	0.45004	0.45004	0.45004	0.45004	0.45004	0.45004	0.47732	0.355766	0	0	0	0	0	0	0	0	0	0	0	0	0.15911	0.355788	0.45004	0.45004	0.45004	0.45004	0.45004	0.355788	0.15911	0	0	0	0	0	0	0	0	0	0	0	0	0.355766	0.503126	0.15911	0	0	0	0.355766	0.47732	0.45004	0.355788	0.15911	0	0.355766	0.47732	0.45004	0.45004	0.45004	0.656012	0.811264	0.573682	0.45004	0.45004	0.45004	0.45004	0.45004	0.45004	0.45004	0.656012	0.856794	0.900025	0.79553	0.573682	0.45004	0.45004	0.45004	0.45004	0.45004	0.45004	0.45004	0.45004	0.45004	0.656012	0.856794	0.79553	0.573682	0.45004	0.45004	0.656012	0.811264	0.573682	0.45004	0.45004	0.45004	0.636415	0.636415	0.45004	0.45004	0.355788	0.15911	0	0	0.355766	0.47732	0.45004	0.355788	0.15911	0.355766	0.47732	0.355788	0.15911	0.355766	0.47732	0.45004	0.355788	0.15911	0.355766	0.47732	0.45004	0.45004	0.355788	0.15911	0	0.355766	0.47732	0.355788	0.503126	0.47732	0.45004	0.355788	0.15911	0	0.355766	0.47732	0.45004	0.355788	0.15911	0	0.355766	0.503126	0.15911	0.355766	0.47732	0.45004	0.355788	0.15911	0	0.355766	0.47732	0.45004	0.355788	0.15911	0	0	0	0.355766	0.47732	0.355788	0.15911	0	0	0	0.355766	0.47732	0.45004	0.355788	0.15911	0	0	0	0.355766	0.47732	0.45004	0.355788	0.15911	0	0	0	0.450005	0.450005	0	0	0	0	0	0.355766	0.47732	0.45004	0.355788	0.15911	0	0	0	0	0	0	0	0	0	0	0.355766	0.47732	0.45004	0.355788	0.15911	0	0	0	0.355766	0.47732	0.355788	0.15911	0	0	0	0	0	0	0	0	0	0	0	0.355766	0.47732	0.45004	0.45004	0.45004	0.45004	0.45004	0.45004	0.45004	0.45004	0.47732	0.355766	0	0	0.355766	0.47732	0.45004	0.45004	0.45004	0.45004	0.45004
0.449998	0.449998	0.636355	0.636355	0.449998	0.449998	0.449998	0.573628	0.795455	0.856713	0.65595	0.449998	0.449998	0.449998	0.449998	0.449998	0.449998	0.449998	0.355754	0.159095	0	0	0	0	0	0	0	0	0	0	0	0	0.355732	0.477275	0.449998	0.449998	0.449998	0.449998	0.449998	0.477275	0.355732	0	0	0	0	0	0	0	0	0	0	0	0	0.159095	0.503078	0.355732	0	0	0	0.159095	0.355754	0.449998	0.477275	0.355732	0	0.159095	0.355754	0.449998	0.449998	0.449998	0.573628	0.811188	0.65595	0.449998	0.449998	0.449998	0.449998	0.449998	0.449998	0.449998	0.573628	0.795455	0.89994	0.856713	0.65595	0.449998	0.449998	0.449998	0.449998	0.449998	0.449998	0.449998	0.449998	0.449998	0.573628	0.795455	0.856713	0.65595	0.449998	0.449998	0.573628	0.811188	0.65595	0.449998	0.449998	0.449998	0.636355	0.636355	0.449998	0.449998	0.477275	0.355732	0	0	0.159095	0.355754	0.449998	0.477275	0.355732	0.159095	0.355754	0.477275	0.355732	0.159095	0.355754	0.449998	0.477275	0.355732	0.159095	0.355754	0.449998	0.449998	0.477275	0.355732	0	0.159095	0.355754	0.477275	0.503078	0.355754	0.449998	0.477275	0.355732	0	0.159095	0.355754	0.449998	0.477275	0.355732	0	0.159095	0.503078	0.355732	0.159095	0.355754	0.449998	0.477275	0.355732	0	0.159095	0.355754	0.449998	0.477275	0.355732	0	0	0	0.159095	0.355754	0.477275	0.355732	0	0	0	0.159095	0.355754	0.449998	0.477275	0.355732	0	0	0	0.159095	0.355754	0.449998	0.477275	0.355732	0	0	0	0.449962	0.449962	0	0	0	0	0	0.159095	0.355754	0.449998	0.477275	0.355732	0	0	0	0	0	0	0	0	0	0	0.159095	0.355754	0.449998	0.477275	0.355732	0	0	0	0.159095	0.355754	0.477275	0.355732	0	0	0	0	0	0	0	0	0	0	0	0.159095	0.355754	0.449998	0.449998	0.449998	0.449998	0.449998	0.449998	0.449998	0.449998	0.355754	0.159095	0	0	0.159095	0.355754	0.449998	0.449998	0.449998	0.449998	0.449998
0	0	0.44992	0.44992	0	0	0	0	0	0.44992	0.44992	0	0	0	0	0	0	0	0	0	0	0	0	0	0	0	0	0	0	0	0	0	0.44992	0.44992	0	0	0	0	0	0.44992	0.44992	0	0	0	0	0	0	0	0	0	0	0	0	0	0.44992	0.44992	0	0	0	0	0	0	0.44992	0.44992	0	0	0	0	0	0	0	0.44992	0.44992	0	0	0	0	0	0	0	0	0	0	0.44992	0.44992	0	0	0	0	0	0	0	0	0	0	0	0.44992	0.44992	0	0	0	0.44992	0.44992	0	0	0	0.44992	0.44992	0	0	0.44992	0.44992	0	0	0	0	0	0.44992	0.44992	0	0	0.44992	0.44992	0	0	0	0.44992	0.44992	0	0	0	0	0.44992	0.44992	0	0	0	0.44992	0.44992	0	0	0.44992	0.44992	0	0	0	0	0.44992	0.44992	0	0	0.44992	0.44992	0	0	0	0.44992	0.44992	0	0	0	0	0.44992	0.44992	0	0	0	0	0	0.44992	0.44992	0	0	0	0	0	0	0.44992	0.44992	0	0	0	0	0	0	0.44992	0.44992	0	0	0	0.44992	0.44992	0	0	0	0	0	0	0	0	0.44992	0.44992	0	0	0	0	0	0	0	0	0	0	0	0	0	0.44992	0.44992	0	0	0	0	0	0.44992	0.44992	0	0	0	0	0	0	0	0	0	0	0	0	0	0	0	0	0	0	0	0	0	0	0	0	0	0	0	0	0	0	0	0
0	0	0.449878	0.449878	0	0	0	0	0	0.449878	0.449878	0	0	0	0	0	0	0	0	0	0	0	0	0	0	0	0	0	0	0	0	0	0.449878	0.449878	0	0	0	0	0	0.449878	0.449878	0	0	0	0	0	0	0	0	0	0	0	0	0	0.449878	0.449878	0	0	0	0	0	0	0.449878	0.449878	0	0	0	0	0	0	0	0.449878	0.449878	0	0	0	0	0	0	0	0	0	0	0.449878	0.449878	0	0	0	0	0	0	0	0	0	0	0	0.449878	0.449878	0	0	0	0.449878	0.449878	0	0	0	0.449878	0.449878	0	0	0.449878	0.449878	0	0	0	0	0	0.449878	0.449878	0	0	0.449878	0.449878	0	0	0	0.449878	0.449878	0	0	0	0	0.449878	0.449878	0	0	0	0.449878	0.449878	0	0	0.449878	0.449878	0	0	0	0	0.449878	0.449878	0	0	0.449878	0.449878	0	0	0	0.449878	0.449878	0	0	0	0	0.449878	0.449878	0	0	0	0	0	0.449878	0.449878	0	0	0	0	0	0	0.449878	0.449878	0	0	0	0	0	0	0.449878	0.449878	0	0	0	0.449878	0.449878	0	0	0	0	0	0	0	0	0.449878	0.449878	0	0	0	0	0	0	0	0	0	0	0	0	0	0.449878	0.449878	0	0	0	0	0	0.449878	0.449878	0	0	0	0	0	0	0	0	0	0	0	0	0	0	0	0	0	0	0	0	0	0	0	0	0	0	0	0	0	0	0	0
0	0	0.449835	0.449835	0	0	0	0	0	0.449835	0.449835	0	0	0	0	0	0	0	0	0	0	0	0	0	0	0	0	0	0	0	0	0	0.449835	0.449835	0	0	0	0	0	0.449835	0.449835	0	0	0	0	0	0	0	0	0	0	0	0	0	0.449835	0.449835	0	0	0	0	0	0	0.449835	0.449835	0	0	0	0	0	0	0	0.449835	0.449835	0	0	0	0	0	0	0	0	0	0	0.449835	0.449835	0	0	0	0	0	0	0	0	0	0	0	0.449835	0.449835	0	0	0	0.449835	0.449835	0	0	0	0.449835	0.449835	0	0	0.449835	0.449835	0	0	0	0	0	0.449835	0.449835	0	0	0.449835	0.449835	0	0	0	0.449835	0.449835	0	0	0	0	0.449835	0.449835	0	0	0	0.449835	0.449835	0	0	0.449835	0.449835	0	0	0	0	0.449835	0.449835	0	0	0.449835	0.449835	0	0	0	0.449835	0.449835	0	0	0	0	0.449835	0.449835	0	0	0	0	0	0.449835	0.449835	0	0	0	0	0	0	0.449835	0.449835	0	0	0	0	0	0	0.449835	0.449835	0	0	0	0.449835	0.449835	0	0	0	0	0	0	0	0	0.449835	0.449835	0	0	0	0	0	0	0	0	0	0	0	0	0	0.449835	0.449835	0	0	0	0	0	0.449835	0.449835	0	0	0	0	0	0	0	0	0	0	0	0	0	0	0	0	0	0	0	0	0	0	0	0	0	0	0	0	0	0	0	0
0	0	0.449793	0.449793	0	0	0	0	0	0.449793	0.449793	0	0	0	0	0	0	0	0	0	0	0	0	0	0	0	0	0	0	0	0	0	0.449793	0.449793	0	0	0	0	0	0.449793	0.449793	0	0	0	0	0	0	0	0	0	0	0	0	0	0.449793	0.449793	0	0	0	0	0	0	0.449793	0.449793	0	0	0	0	0	0	0	0.449793	0.449793	0	0	0	0	0	0	0	0	0	0	0.449793	0.449793	0	0	0	0	0	0	0	0	0	0	0	0.449793	0.449793	0	0	0	0.449793	0.449793	0	0	0	0.449793	0.449793	0	0	0.449793	0.449793	0	0	0	0	0	0.449793	0.449793	0	0	0.449793	0.449793	0	0	0	0.449793	0.449793	0	0	0	0	0.449793	0.449793	0	0	0	0.449793	0.449793	0	0	0.449793	0.449793	0	0	0	0	0.449793	0.449793	0	0	0.449793	0.449793	0	0	0	0.449793	0.449793	0	0	0	0	0.449793	0.449793	0	0	0	0	0	0.449793	0.449793	0	0	0	0	0	0	0.449793	0.449793	0	0	0	0	0	0	0.449793	0.449793	0	0	0	0.449793	0.449793	0	0	0	0	0	0	0	0	0.449793	0.449793	0	0	0	0	0	0	0	0	0	0	0	0	0	0.449793	0.449793	0	0	0	0	0	0.449793	0.449793	0	0	0	0	0	0	0	0	0	0	0	0	0	0	0	0	0	0	0	0	0	0	0	0	0	0	0	0	0	0	0	0
0.355587	0.15902	0.355564	0.47705	0.449786	0.449786	0.355587	0.15902	0	0.355564	0.47705	0.449786	0.449786	0.449786	0.449786	0.449786	0.449786	0.449786	0.449786	0.449786	0.449786	0.449786	0.449786	0.355587	0.224896	0.355587	0.449786	0.449786	0.449786	0.449786	0.449786	0.449786	0.47705	0.355564	0	0	0	0	0	0.355564	0.47705	0.449786	0.449786	0.355587	0.15902	0	0	0	0	0	0.15902	0.355587	0.449786	0.449786	0.47705	0.355564	0	0	0	0	0	0	0.355564	0.47705	0.449786	0.449786	0.449786	0.449786	0.449786	0.449786	0.449786	0.655641	0.85631	0.899516	0.79508	0.573357	0.449786	0.449786	0.449786	0.449786	0.449786	0.449786	0.449786	0.655641	0.85631	0.899516	0.899516	0.899516	0.899516	0.79508	0.573357	0.449786	0.449786	0.449786	0.449786	0.449786	0.655641	0.85631	0.79508	0.573357	0.449786	0.655641	0.85631	0.899516	0.899516	0.79508	0.810806	0.85631	0.899516	0.79508	0.810806	0.85631	0.899516	0.899516	0.79508	0.573357	0.449786	0.636055	0.636055	0.355587	0.15902	0.355564	0.47705	0.449786	0.355587	0.15902	0.355564	0.47705	0.355587	0.15902	0	0	0.355564	0.47705	0.449786	0.355587	0.15902	0.355564	0.47705	0.355587	0.15902	0.355564	0.47705	0.449786	0.355587	0.15902	0	0.355564	0.47705	0.355587	0.15902	0.355564	0.47705	0.449786	0.449786	0.355587	0.502842	0.47705	0.449786	0.355587	0.15902	0	0.355564	0.47705	0.355587	0.15902	0	0	0	0.355564	0.47705	0.355587	0.15902	0	0	0	0	0.355564	0.47705	0.355587	0.15902	0	0.15902	0.355587	0.449786	0.47705	0.502842	0.355587	0.449786	0.449786	0.47705	0.355564	0	0	0	0	0	0	0	0	0.355564	0.47705	0.449786	0.355587	0.15902	0	0	0	0	0	0	0	0	0	0	0.355564	0.47705	0.449786	0.355587	0.15902	0	0	0.355564	0.47705	0.449786	0.449786	0.449786	0.449786	0.449786	0.449786	0.449786	0.449786	0.449786	0.449786	0.449786	0.449786	0.449786	0.449786	0.449786	0.449786	0.449786	0.449786	0.449786	0.449786	0.449786	0.449786	0.449786	0.449786	0.449786	0.449786	0.449786	0.449786	0.449786	0.449786	0.355587	0.15902
0.477001	0.35553	0.159004	0.355548	0.449736	0.449736	0.477001	0.35553	0	0.159004	0.355548	0.449736	0.449736	0.449736	0.449736	0.449736	0.449736	0.449736	0.449736	0.449736	0.449736	0.449736	0.449736	0.477001	0.224872	0.477001	0.449736	0.449736	0.449736	0.449736	0.449736	0.449736	0.355548	0.159004	0	0	0	0	0	0.159004	0.355548	0.449736	0.449736	0.477001	0.35553	0	0	0	0	0	0.35553	0.477001	0.449736	0.449736	0.355548	0.159004	0	0	0	0	0	0	0.159004	0.355548	0.449736	0.449736	0.449736	0.449736	0.449736	0.449736	0.449736	0.573295	0.794993	0.899417	0.856218	0.655572	0.449736	0.449736	0.449736	0.449736	0.449736	0.449736	0.449736	0.573295	0.794993	0.899417	0.899417	0.899417	0.899417	0.856218	0.655572	0.449736	0.449736	0.449736	0.449736	0.449736	0.573295	0.794993	0.856218	0.655572	0.449736	0.573295	0.794993	0.899417	0.899417	0.856218	0.81072	0.794993	0.899417	0.856218	0.81072	0.794993	0.899417	0.899417	0.856218	0.655572	0.449736	0.63599	0.63599	0.477001	0.35553	0.159004	0.355548	0.449736	0.477001	0.35553	0.159004	0.355548	0.477001	0.35553	0	0	0.159004	0.355548	0.449736	0.477001	0.35553	0.159004	0.355548	0.477001	0.35553	0.159004	0.355548	0.449736	0.477001	0.35553	0	0.159004	0.355548	0.477001	0.35553	0.159004	0.355548	0.449736	0.449736	0.477001	0.502793	0.355548	0.449736	0.477001	0.35553	0	0.159004	0.355548	0.477001	0.35553	0	0	0	0.159004	0.355548	0.477001	0.35553	0	0	0	0	0.159004	0.355548	0.477001	0.35553	0	0.35553	0.477001	0.449736	0.355548	0.502793	0.477001	0.449736	0.449736	0.355548	0.159004	0	0	0	0	0	0	0	0	0.159004	0.355548	0.449736	0.477001	0.35553	0	0	0	0	0	0	0	0	0	0	0.159004	0.355548	0.449736	0.477001	0.35553	0	0	0.159004	0.355548	0.449736	0.449736	0.449736	0.449736	0.449736	0.449736	0.449736	0.449736	0.449736	0.449736	0.449736	0.449736	0.449736	0.449736	0.449736	0.449736	0.449736	0.449736	0.449736	0.449736	0.449736	0.449736	0.449736	0.449736	0.449736	0.449736	0.449736	0.449736	0.449736	0.449736	0.477001	0.35553
0.449666	0.449666	0	0	0	0	0.449666	0.449666	0	0	0	0	0	0	0	0	0	0	0	0	0	0	0	0.449666	0	0.449666	0	0	0	0	0	0	0	0	0	0	0	0	0	0	0	0	0	0.449666	0.449666	0	0	0	0	0	0.449666	0.449666	0	0	0	0	0	0	0	0	0	0	0	0	0	0	0	0	0	0	0	0	0	0	0.449666	0.449666	0	0	0	0	0	0	0	0	0	0	0	0	0	0.449666	0.449666	0	0	0	0	0	0	0	0.449666	0.449666	0	0	0	0	0	0.449666	0.449666	0	0	0.449666	0.449666	0	0	0	0.449666	0.449666	0	0.449666	0.449666	0.449666	0.449666	0	0	0	0.449666	0.449666	0	0	0.449666	0.449666	0	0	0	0	0	0.449666	0.449666	0	0	0.449666	0.449666	0	0	0	0.449666	0.449666	0	0	0	0.449666	0.449666	0	0	0	0	0.449666	0.449666	0	0	0.449666	0.449666	0	0	0	0.449666	0.449666	0	0	0	0	0	0.449666	0.449666	0	0	0	0	0	0	0.449666	0.449666	0	0.449666	0.449666	0	0	0.449666	0.449666	0	0	0	0	0	0	0	0	0	0	0	0	0	0	0	0.449666	0.449666	0	0	0	0	0	0	0	0	0	0	0	0	0	0.449666	0.449666	0	0	0	0	0	0	0	0	0	0	0	0	0	0	0	0	0	0	0	0	0	0	0	0	0	0	0	0	0	0	0	0	0	0	0.449666	0.449666
0.449623	0.449623	0	0	0	0	0.449623	0.449623	0	0	0	0	0	0	0	0	0	0	0	0	0	0	0	0.449623	0	0.449623	0	0	0	0	0	0	0	0	0	0	0	0	0	0	0	0	0	0.449623	0.449623	0	0	0	0	0	0.449623	0.449623	0	0	0	0	0	0	0	0	0	0	0	0	0	0	0	0	0	0	0	0	0	0	0.449623	0.449623	0	0	0	0	0	0	0	0	0	0	0	0	0	0.449623	0.449623	0	0	0	0	0	0	0	0.449623	0.449623	0	0	0	0	0	0.449623	0.449623	0	0	0.449623	0.449623	0	0	0	0.449623	0.449623	0	0.449623	0.449623	0.449623	0.449623	0	0	0	0.449623	0.449623	0	0	0.449623	0.449623	0	0	0	0	0	0.449623	0.449623	0	0	0.449623	0.449623	0	0	0	0.449623	0.449623	0	0	0	0.449623	0.449623	0	0	0	0	0.449623	0.449623	0	0	0.449623	0.449623	0	0	0	0.449623	0.449623	0	0	0	0	0	0.449623	0.449623	0	0	0	0	0	0	0.449623	0.449623	0	0.449623	0.449623	0	0	0.449623	0.449623	0	0	0	0	0	0	0	0	0	0	0	0	0	0	0	0.449623	0.449623	0	0	0	0	0	0	0	0	0	0	0	0	0	0.449623	0.449623	0	0	0	0	0	0	0	0	0	0	0	0	0	0	0	0	0	0	0	0	0	0	0	0	0	0	0	0	0	0	0	0	0	0	0.449623	0.449623
0.449581	0.449581	0	0	0	0	0.449581	0.449581	0	0	0	0	0	0	0	0	0	0	0	0	0	0	0	0.449581	0	0.449581	0	0	0	0	0	0	0	0	0	0	0	0	0	0	0	0	0	0.449581	0.449581	0	0	0	0	0	0.449581	0.449581	0	0	0	0	0	0	0	0	0	0	0	0	0	0	0	0	0	0	0	0	0	0	0.449581	0.449581	0	0	0	0	0	0	0	0	0	0	0	0	0	0.449581	0.449581	0	0	0	0	0	0	0	0.449581	0.449581	0	0	0	0	0	0.449581	0.449581	0	0	0.449581	0.449581	0	0	0	0.449581	0.449581	0	0.449581	0.449581	0.449581	0.449581	0	0	0	0.449581	0.449581	0	0	0.449581	0.449581	0	0	0	0	0	0.449581	0.449581	0	0	0.449581	0.449581	0	0	0	0.449581	0.449581	0	0	0	0.449581	0.449581	0	0	0	0	0.449581	0.449581	0	0	0.449581	0.449581	0	0	0	0.449581	0.449581	0	0	0	0	0	0.449581	0.449581	0	0	0	0	0	0	0.449581	0.449581	0	0.449581	0.449581	0	0	0.449581	0.449581	0	0	0	0	0	0	0	0	0	0	0	0	0	0	0	0.449581	0.449581	0	0	0	0	0	0	0	0	0	0	0	0	0	0.449581	0.449581	0	0	0	0	0	0	0	0	0	0	0	0	0	0	0	0	0	0	0	0	0	0	0	0	0	0	0	0	0	0	0	0	0	0	0.449581	0.449581
0.449539	0.449539	0	0	0	0	0.449539	0.449539	0	0	0	0	0	0	0	0	0	0	0	0	0	0	0	0.449539	0	0.449539	0	0	0	0	0	0	0	0	0	0	0	0	0	0	0	0	0	0.449539	0.449539	0	0	0	0	0	0.449539	0.449539	0	0	0	0	0	0	0	0	0	0	0	0	0	0	0	0	0	0	0	0	0	0	0.449539	0.449539	0	0	0	0	0	0	0	0	0	0	0	0	0	0.449539	0.449539	0	0	0	0	0	0	0	0.449539	0.449539	0	0	0	0	0	0.449539	0.449539	0	0	0.449539	0.449539	0	0	0	0.449539	0.449539	0	0.449539	0.449539	0.449539	0.449539	0	0	0	0.449539	0.449539	0	0	0.449539	0.449539	0	0	0	0	0	0.449539	0.449539	0	0	0.449539	0.449539	0	0	0	0.449539	0.449539	0	0	0	0.449539	0.449539	0	0	0	0	0.449539	0.449539	0	0	0.449539	0.449539	0	0	0	0.449539	0.449539	0	0	0	0	0	0.449539	0.449539	0	0	0	0	0	0	0.449539	0.449539	0	0.449539	0.449539	0	0	0.449539	0.449539	0	0	0	0	0	0	0	0	0	0	0	0	0	0	0	0.449539	0.449539	0	0	0	0	0	0	0	0	0	0	0	0	0	0.449539	0.449539	0	0	0	0	0	0	0	0	0	0	0	0	0	0	0	0	0	0	0	0	0	0	0	0	0	0	0	0	0	0	0	0	0	0	0.449539	0.449539
1.00507	1.00507	0.898994	0.794619	0.573025	0.449525	0.65526	0.810335	0.573025	0.449525	0.449525	0.449525	0.449525	0.35538	0.158928	0	0	0	0	0	0	0	0	0.355358	0.224766	0.355358	0	0	0	0	0	0	0	0	0	0	0	0	0	0	0	0	0	0.449489	0.449489	0	0	0	0	0	0.355358	0.476773	0.449525	0.449525	0.449525	0.449525	0.449525	0.449525	0.449525	0.449525	0.449525	0.449525	0.35538	0.158928	0	0.158928	0.35538	0.449525	0.449525	0.449525	0.449525	0.449525	0.449525	0.449525	0.65526	0.855813	0.898994	0.898994	0.898994	0.898994	0.898994	0.898994	0.898994	0.898994	0.898994	0.898994	0.898994	0.898994	0.794619	0.810335	0.855813	0.898994	0.898994	0.898994	0.898994	0.898994	0.898994	0.794619	0.810335	0.855813	0.898994	0.794619	0.573025	0.449525	0.449525	0.65526	0.810335	0.573025	0.449525	0.65526	0.810335	0.573025	0.449525	0.449525	0.635686	0.635686	0.449525	0.635686	0.635686	0.635686	0.635686	0.449525	0.449525	0.35538	0.50255	0.476773	0.449525	0.449525	0.635686	0.635686	0.449525	0.449525	0.449525	0.449525	0.449525	0.635686	0.635686	0.449525	0.35538	0.50255	0.476773	0.449525	0.35538	0.158928	0.355358	0.476773	0.35538	0.158928	0	0.355358	0.476773	0.35538	0.158928	0	0	0.355358	0.476773	0.449525	0.35538	0.50255	0.476773	0.449525	0.449525	0.449525	0.635686	0.635686	0.449525	0.449525	0.35538	0.158928	0	0.355358	0.476773	0.449525	0.449525	0.449525	0.35538	0.158928	0	0.355358	0.50255	0.158928	0.355358	0.50255	0.158928	0	0.355358	0.476773	0.449525	0.449525	0.35538	0.158928	0	0	0	0	0	0	0	0	0.158928	0.35538	0.449525	0.476773	0.355358	0	0	0	0	0	0	0	0	0	0	0	0	0	0.355358	0.476773	0.35538	0.158928	0	0	0	0	0	0	0	0	0	0	0	0	0	0	0.158928	0.35538	0.449525	0.449525	0.449525	0.449525	0.449525	0.35538	0.158928	0	0	0	0	0	0	0	0	0	0.355358	0.476773
1.00497	1.00497	0.898909	0.855732	0.655199	0.449482	0.572971	0.810259	0.655199	0.449482	0.449482	0.449482	0.449482	0.476728	0.355325	0	0	0	0	0	0	0	0	0.158913	0.224745	0.158913	0	0	0	0	0	0	0	0	0	0	0	0	0	0	0	0	0	0.449447	0.449447	0	0	0	0	0	0.158913	0.355347	0.449482	0.449482	0.449482	0.449482	0.449482	0.449482	0.449482	0.449482	0.449482	0.449482	0.476728	0.355325	0	0.355325	0.476728	0.449482	0.449482	0.449482	0.449482	0.449482	0.449482	0.449482	0.572971	0.794544	0.898909	0.898909	0.898909	0.898909	0.898909	0.898909	0.898909	0.898909	0.898909	0.898909	0.898909	0.898909	0.855732	0.810259	0.794544	0.898909	0.898909	0.898909	0.898909	0.898909	0.898909	0.855732	0.810259	0.794544	0.898909	0.855732	0.655199	0.449482	0.449482	0.572971	0.810259	0.655199	0.449482	0.572971	0.810259	0.655199	0.449482	0.449482	0.635626	0.635626	0.449482	0.635626	0.635626	0.635626	0.635626	0.449482	0.449482	0.476728	0.502502	0.355347	0.449482	0.449482	0.635626	0.635626	0.449482	0.449482	0.449482	0.449482	0.449482	0.635626	0.635626	0.449482	0.476728	0.502502	0.355347	0.449482	0.476728	0.355325	0.158913	0.355347	0.476728	0.355325	0	0.158913	0.355347	0.476728	0.355325	0	0	0.158913	0.355347	0.449482	0.476728	0.502502	0.355347	0.449482	0.449482	0.449482	0.635626	0.635626	0.449482	0.449482	0.476728	0.355325	0	0.158913	0.355347	0.449482	0.449482	0.449482	0.476728	0.355325	0	0.158913	0.502502	0.355325	0.158913	0.502502	0.355325	0	0.158913	0.355347	0.449482	0.449482	0.476728	0.355325	0	0	0	0	0	0	0	0	0.355325	0.476728	0.449482	0.355347	0.158913	0	0	0	0	0	0	0	0	0	0	0	0	0	0.158913	0.355347	0.476728	0.355325	0	0	0	0	0	0	0	0	0	0	0	0	0	0	0.355325	0.476728	0.449482	0.449482	0.449482	0.449482	0.449482	0.476728	0.355325	0	0	0	0	0	0	0	0	0	0.158913	0.355347
0.449405	0.449405	0	0.449405	0.449405	0	0	0.449405	0.449405	0	0	0	0	0.449405	0.449405	0	0	0	0	0	0	0	0	0	0	0	0	0	0	0	0	0	0	0	0	0	0	0	0	0	0	0	0	0.449405	0.449405	0	0	0	0	0	0	0	0	0	0	0	0	0	0	0	0	0	0.449405	0.449405	0	0.449405	0.449405	0	0	0	0	0	0	0	0	0	0	0	0	0	0	0	0	0	0	0	0	0	0.449405	0.449405	0	0	0	0	0	0	0	0.449405	0.449405	0	0	0.449405	0.449405	0	0	0	0.449405	0.449405	0	0	0.449405	0.449405	0	0	0.449405	0.449405	0	0.449405	0.449405	0.449405	0.449405	0	0	0.449405	0.449405	0	0	0	0.449405	0.449405	0	0	0	0	0	0.449405	0.449405	0	0.449405	0.449405	0	0	0.449405	0.449405	0	0	0.449405	0.449405	0	0	0	0.449405	0.449405	0	0	0	0	0	0.449405	0.449405	0	0	0	0	0.449405	0.449405	0	0	0.449405	0.449405	0	0	0	0	0	0	0.449405	0.449405	0	0	0.449405	0.449405	0	0.449405	0.449405	0	0	0	0	0	0.449405	0.449405	0	0	0	0	0	0	0	0	0.449405	0.449405	0	0	0	0	0	0	0	0	0	0	0	0	0	0	0	0	0	0	0.449405	0.449405	0	0	0	0	0	0	0	0	0	0	0	0	0	0	0.449405	0.449405	0	0	0	0	0	0.449405	0.449405	0	0	0	0	0	0	0	0	0	0	0
0.449362	0.449362	0	0.449362	0.449362	0	0	0.449362	0.449362	0	0	0	0	0.449362	0.449362	0	0	0	0	0	0	0	0	0	0	0	0	0	0	0	0	0	0	0	0	0	0	0	0	0	0	0	0	0.449362	0.449362	0	0	0	0	0	0	0	0	0	0	0	0	0	0	0	0	0	0.449362	0.449362	0	0.449362	0.449362	0	0	0	0	0	0	0	0	0	0	0	0	0	0	0	0	0	0	0	0	0	0.449362	0.449362	0	0	0	0	0	0	0	0.449362	0.449362	0	0	0.449362	0.449362	0	0	0	0.449362	0.449362	0	0	0.449362	0.449362	0	0	0.449362	0.449362	0	0.449362	0.449362	0.449362	0.449362	0	0	0.449362	0.449362	0	0	0	0.449362	0.449362	0	0	0	0	0	0.449362	0.449362	0	0.449362	0.449362	0	0	0.449362	0.449362	0	0	0.449362	0.449362	0	0	0	0.449362	0.449362	0	0	0	0	0	0.449362	0.449362	0	0	0	0	0.449362	0.449362	0	0	0.449362	0.449362	0	0	0	0	0	0	0.449362	0.449362	0	0	0.449362	0.449362	0	0.449362	0.449362	0	0	0	0	0	0.449362	0.449362	0	0	0	0	0	0	0	0	0.449362	0.449362	0	0	0	0	0	0	0	0	0	0	0	0	0	0	0	0	0	0	0.449362	0.449362	0	0	0	0	0	0	0	0	0	0	0	0	0	0	0.449362	0.449362	0	0	0	0	0	0.449362	0.449362	0	0	0	0	0	0	0	0	0	0	0
0.44932	0.44932	0	0.44932	0.44932	0	0	0.44932	0.44932	0	0	0	0	0.44932	0.44932	0	0	0	0	0	0	0	0	0	0	0	0	0	0	0	0	0	0	0	0	0	0	0	0	0	0	0	0	0.44932	0.44932	0	0	0	0	0	0	0	0	0	0	0	0	0	0	0	0	0	0.44932	0.44932	0	0.44932	0.44932	0	0	0	0	0	0	0	0	0	0	0	0	0	0	0	0	0	0	0	0	0	0.44932	0.44932	0	0	0	0	0	0	0	0.44932	0.44932	0	0	0.44932	0.44932	0	0	0	0.44932	0.44932	0	0	0.44932	0.44932	0	0	0.44932	0.44932	0	0.44932	0.44932	0.44932	0.44932	0	0	0.44932	0.44932	0	0	0	0.44932	0.44932	0	0	0	0	0	0.44932	0.44932	0	0.44932	0.44932	0	0	0.44932	0.44932	0	0	0.44932	0.44932	0	0	0	0.44932	0.44932	0	0	0	0	0	0.44932	0.44932	0	0	0	0	0.44932	0.44932	0	0	0.44932	0.44932	0	0	0	0	0	0	0.44932	0.44932	0	0	0.44932	0.44932	0	0.44932	0.44932	0	0	0	0	0	0.44932	0.44932	0	0	0	0	0	0	0	0	0.44932	0.44932	0	0	0	0	0	0	0	0	0	0	0	0	0	0	0	0	0	0	0.44932	0.44932	0	0	0	0	0	0	0	0	0	0	0	0	0	0	0.44932	0.44932	0	0	0	0	0	0.44932	0.44932	0	0	0	0	0	0	0	0	0	0	0
0.449278	0.449278	0	0.449278	0.449278	0	0	0.449278	0.449278	0	0	0	0	0.449278	0.449278	0	0	0	0	0	0	0	0	0	0	0	0	0	0	0	0	0	0	0	0	0	0	0	0	0	0	0	0	0.449278	0.449278	0	0	0	0	0	0	0	0	0	0	0	0	0	0	0	0	0	0.449278	0.449278	0	0.449278	0.449278	0	0	0	0	0	0	0	0	0	0	0	0	0	0	0	0	0	0	0	0	0	0.449278	0.449278	0	0	0	0	0	0	0	0.449278	0.449278	0	0	0.449278	0.449278	0	0	0	0.449278	0.449278	0	0	0.449278	0.449278	0	0	0.449278	0.449278	0	0.449278	0.449278	0.449278	0.449278	0	0	0.449278	0.449278	0	0	0	0.449278	0.449278	0	0	0	0	0	0.449278	0.449278	0	0.449278	0.449278	0	0	0.449278	0.449278	0	0	0.449278	0.449278	0	0	0	0.449278	0.449278	0	0	0	0	0	0.449278	0.449278	0	0	0	0	0.449278	0.449278	0	0	0.449278	0.449278	0	0	0	0	0	0	0.449278	0.449278	0	0	0.449278	0.449278	0	0.449278	0.449278	0	0	0	0	0	0.449278	0.449278	0	0	0	0	0	0	0	0	0.449278	0.449278	0	0	0	0	0	0	0	0	0	0	0	0	0	0	0	0	0	0	0.449278	0.449278	0	0	0	0	0	0	0	0	0	0	0	0	0	0	0.449278	0.449278	0	0	0	0	0	0.449278	0.449278	0	0	0	0	0	0	0	0	0	0	0
0.449236	0.449236	0	0.449236	0.449236	0	0	0.449236	0.449236	0	0	0	0	0.449236	0.449236	0	0	0	0	0	0	0	0	0	0	0	0	0	0	0	0	0	0	0	0	0	0	0	0	0	0	0	0	0.449236	0.449236	0	0	0	0	0	0	0	0	0	0	0	0	0	0	0	0	0	0.449236	0.449236	0	0.449236	0.449236	0	0	0	0	0	0	0	0	0	0	0	0	0	0	0	0	0	0	0	0	0	0.449236	0.449236	0	0	0	0	0	0	0	0.449236	0.449236	0	0	0.449236	0.449236	0	0	0	0.449236	0.449236	0	0	0.449236	0.449236	0	0	0.449236	0.449236	0	0.449236	0.449236	0.449236	0.449236	0	0	0.449236	0.449236	0	0	0	0.449236	0.449236	0	0	0	0	0	0.449236	0.449236	0	0.449236	0.449236	0	0	0.449236	0.449236	0	0	0.449236	0.449236	0	0	0	0.449236	0.449236	0	0	0	0	0	0.449236	0.449236	0	0	0	0	0.449236	0.449236	0	0	0.449236	0.449236	0	0	0	0	0	0	0.449236	0.449236	0	0	0.449236	0.449236	0	0.449236	0.449236	0	0	0	0	0	0.449236	0.449236	0	0	0	0	0	0	0	0	0.449236	0.449236	0	0	0	0	0	0	0	0	0	0	0	0	0	0	0	0	0	0	0.449236	0.449236	0	0	0	0	0	0	0	0	0	0	0	0	0	0	0.449236	0.449236	0	0	0	0	0	0.449236	0.449236	0	0	0	0	0	0	0	0	0	0	0
1.00441	1.00441	0.898402	1.00441	0.966005	0.572647	0.449229	0.654829	0.855249	0.794096	0.572647	0.449229	0.449229	0.654829	0.855249	0.794096	0.572647	0.449229	0.449229	0.449229	0.449229	0.449229	0.449229	0.449229	0.449229	0.449229	0.449229	0.449229	0.449229	0.449229	0.449229	0.449229	0.355146	0.158823	0	0	0	0	0	0.158823	0.355146	0.449229	0.449229	0.476459	0.355124	0	0	0	0	0	0	0	0	0	0	0	0	0	0	0	0	0	0.355124	0.476459	0.449229	0.476459	0.355124	0	0.158823	0.355146	0.449229	0.449229	0.449229	0.449229	0.449229	0.449229	0.449229	0.449229	0.449229	0.449229	0.449229	0.449229	0.449229	0.449229	0.449229	0.449229	0.449229	0.449229	0.654829	0.855249	0.898402	0.898402	0.898402	0.898402	0.794096	0.572647	0.449229	0.654829	0.855249	0.898402	0.794096	0.809801	0.855249	0.898402	0.898402	0.794096	0.809801	0.809801	0.572647	0.449229	0.635267	0.635267	0.449229	0.449229	0.635267	0.635267	0.449229	0.654829	0.809801	0.809801	0.855249	0.794096	0.572647	0.654829	0.809801	0.572647	0.449229	0.449229	0.635267	0.635267	0.449229	0.449229	0.355146	0.2246	0.355146	0.476459	0.355124	0	0.355124	0.502219	0.158823	0	0.355124	0.476459	0.355146	0.158823	0.355124	0.476459	0.449229	0.355146	0.158823	0.355124	0.476459	0.449229	0.449229	0.355146	0.158823	0	0.355124	0.476459	0.449229	0.449229	0.449229	0.449229	0.635267	0.635267	0.449229	0.449229	0.635267	0.635267	0.449229	0.449229	0.449229	0.449229	0.449229	0.449229	0.635267	0.635267	0.449229	0.355146	0.502219	0.476459	0.449229	0.635267	0.635267	0.449229	0.355146	0.158823	0	0	0.355124	0.476459	0.355146	0.158823	0	0	0	0	0	0	0.449193	0.449193	0	0	0	0	0	0	0	0	0	0	0	0	0	0	0	0	0	0	0.355124	0.476459	0.449229	0.449229	0.449229	0.449229	0.449229	0.449229	0.449229	0.449229	0.449229	0.449229	0.449229	0.449229	0.449229	0.449229	0.476459	0.355124	0	0	0	0	0	0.355124	0.476459	0.449229	0.449229	0.449229	0.449229	0.449229	0.449229	0.449229	0.449229	0.449229	0.449229	0.449229
1.00431	1.00431	0.898317	1.00431	1.11152	0.654767	0.449186	0.572593	0.794021	0.855169	0.654767	0.449186	0.449186	0.572593	0.794021	0.855169	0.654767	0.449186	0.449186	0.449186	0.449186	0.449186	0.449186	0.449186	0.449186	0.449186	0.449186	0.449186	0.449186	0.449186	0.449186	0.449186	0.476414	0.355091	0	0	0	0	0	0.355091	0.476414	0.449186	0.449186	0.355113	0.158808	0	0	0	0	0	0	0	0	0	0	0	0	0	0	0	0	0	0.158808	0.355113	0.449186	0.355113	0.158808	0	0.355091	0.476414	0.449186	0.449186	0.449186	0.449186	0.449186	0.449186	0.449186	0.449186	0.449186	0.449186	0.449186	0.449186	0.449186	0.449186	0.449186	0.449186	0.449186	0.449186	0.572593	0.794021	0.898317	0.898317	0.898317	0.898317	0.855169	0.654767	0.449186	0.572593	0.794021	0.898317	0.855169	0.809725	0.794021	0.898317	0.898317	0.855169	0.809725	0.809725	0.654767	0.449186	0.635207	0.635207	0.449186	0.449186	0.635207	0.635207	0.449186	0.572593	0.809725	0.809725	0.794021	0.855169	0.654767	0.572593	0.809725	0.654767	0.449186	0.449186	0.635207	0.635207	0.449186	0.449186	0.476414	0.673709	0.476414	0.355113	0.158808	0	0.158808	0.502171	0.355091	0	0.158808	0.355113	0.476414	0.355091	0.158808	0.355113	0.449186	0.476414	0.355091	0.158808	0.355113	0.449186	0.449186	0.476414	0.355091	0	0.158808	0.355113	0.449186	0.449186	0.449186	0.449186	0.635207	0.635207	0.449186	0.449186	0.635207	0.635207	0.449186	0.449186	0.449186	0.449186	0.449186	0.449186	0.635207	0.635207	0.449186	0.476414	0.502171	0.355113	0.449186	0.635207	0.635207	0.449186	0.476414	0.355091	0	0	0.158808	0.355113	0.476414	0.355091	0	0	0	0	0	0	0.449151	0.449151	0	0	0	0	0	0	0	0	0	0	0	0	0	0	0	0	0	0	0.158808	0.355113	0.449186	0.449186	0.449186	0.449186	0.449186	0.449186	0.449186	0.449186	0.449186	0.449186	0.449186	0.449186	0.449186	0.449186	0.355113	0.158808	0	0	0	0	0	0.158808	0.355113	0.449186	0.449186	0.449186	0.449186	0.449186	0.449186	0.449186	0.449186	0.449186	0.449186	0.449186
0.449109	0.449109	0	0.449109	0.898162	0.449109	0	0	0	0.449109	0.449109	0	0	0	0	0.449109	0.449109	0	0	0	0	0	0	0	0	0	0	0	0	0	0	0	0.449109	0.449109	0	0	0	0	0	0.449109	0.449109	0	0	0	0	0	0	0	0	0	0	0	0	0	0	0	0	0	0	0	0	0	0	0	0	0	0	0	0.449109	0.449109	0	0	0	0	0	0	0	0	0	0	0	0	0	0	0	0	0	0	0	0	0	0	0	0	0.449109	0.449109	0	0	0	0	0.449109	0.449109	0	0	0	0.449109	0.449109	0.449109	0.449109	0	0.449109	0.449109	0	0	0.449109	0.449109	0	0	0.449109	0.449109	0	0.449109	0.449109	0	0.449109	0.449109	0	0	0.449109	0.449109	0	0	0.449109	0.898162	0.449109	0	0	0	0	0.449109	0.449109	0	0	0	0.449109	0.449109	0	0	0	0.449109	0.449109	0	0	0	0	0.449109	0.449109	0	0	0	0	0	0	0	0.449109	0.449109	0	0	0.449109	0.449109	0	0	0	0	0	0	0.449109	0.449109	0	0.449109	0.449109	0	0	0.449109	0.449109	0	0.449109	0.449109	0	0	0	0	0.449109	0.449109	0	0	0	0	0	0	0.449109	0.449109	0	0	0	0	0	0	0	0	0	0	0	0	0	0	0	0	0	0	0	0	0	0	0	0	0	0	0	0	0	0	0	0	0	0	0	0	0	0	0	0	0	0	0	0	0	0	0	0	0	0	0	0	0	0
0.449067	0.449067	0	0.449067	0.898078	0.449067	0	0	0	0.449067	0.449067	0	0	0	0	0.449067	0.449067	0	0	0	0	0	0	0	0	0	0	0	0	0	0	0	0.449067	0.449067	0	0	0	0	0	0.449067	0.449067	0	0	0	0	0	0	0	0	0	0	0	0	0	0	0	0	0	0	0	0	0	0	0	0	0	0	0	0.449067	0.449067	0	0	0	0	0	0	0	0	0	0	0	0	0	0	0	0	0	0	0	0	0	0	0	0	0.449067	0.449067	0	0	0	0	0.449067	0.449067	0	0	0	0.449067	0.449067	0.449067	0.449067	0	0.449067	0.449067	0	0	0.449067	0.449067	0	0	0.449067	0.449067	0	0.449067	0.449067	0	0.449067	0.449067	0	0	0.449067	0.449067	0	0	0.449067	0.898078	0.449067	0	0	0	0	0.449067	0.449067	0	0	0	0.449067	0.449067	0	0	0	0.449067	0.449067	0	0	0	0	0.449067	0.449067	0	0	0	0	0	0	0	0.449067	0.449067	0	0	0.449067	0.449067	0	0	0	0	0	0	0.449067	0.449067	0	0.449067	0.449067	0	0	0.449067	0.449067	0	0.449067	0.449067	0	0	0	0	0.449067	0.449067	0	0	0	0	0	0	0.449067	0.449067	0	0	0	0	0	0	0	0	0	0	0	0	0	0	0	0	0	0	0	0	0	0	0	0	0	0	0	0	0	0	0	0	0	0	0	0	0	0	0	0	0	0	0	0	0	0	0	0	0	0	0	0	0	0
0.449024	0.449024	0	0.449024	0.897994	0.449024	0	0	0	0.449024	0.449024	0	0	0	0	0.449024	0.449024	0	0	0	0	0	0	0	0	0	0	0	0	0	0	0	0.449024	0.449024	0	0	0	0	0	0.449024	0.449024	0	0	0	0	0	0	0	0	0	0	0	0	0	0	0	0	0	0	0	0	0	0	0	0	0	0	0	0.449024	0.449024	0	0	0	0	0	0	0	0	0	0	0	0	0	0	0	0	0	0	0	0	0	0	0	0	0.449024	0.449024	0	0	0	0	0.449024	0.449024	0	0	0	0.449024	0.449024	0.449024	0.449024	0	0.449024	0.449024	0	0	0.449024	0.449024	0	0	0.449024	0.449024	0	0.449024	0.449024	0	0.449024	0.449024	0	0	0.449024	0.449024	0	0	0.449024	0.897994	0.449024	0	0	0	0	0.449024	0.449024	0	0	0	0.449024	0.449024	0	0	0	0.449024	0.449024	0	0	0	0	0.449024	0.449024	0	0	0	0	0	0	0	0.449024	0.449024	0	0	0.449024	0.449024	0	0	0	0	0	0	0.449024	0.449024	0	0.449024	0.449024	0	0	0.449024	0.449024	0	0.449024	0.449024	0	0	0	0	0.449024	0.449024	0	0	0	0	0	0	0.449024	0.449024	0	0	0	0	0	0	0	0	0	0	0	0	0	0	0	0	0	0	0	0	0	0	0	0	0	0	0	0	0	0	0	0	0	0	0	0	0	0	0	0	0	0	0	0	0	0	0	0	0	0	0	0	0	0
0.448982	0.448982	0	0.448982	0.897909	0.448982	0	0	0	0.448982	0.448982	0	0	0	0	0.448982	0.448982	0	0	0	0	0	0	0	0	0	0	0	0	0	0	0	0.448982	0.448982	0	0	0	0	0	0.448982	0.448982	0	0	0	0	0	0	0	0	0	0	0	0	0	0	0	0	0	0	0	0	0	0	0	0	0	0	0	0.448982	0.448982	0	0	0	0	0	0	0	0	0	0	0	0	0	0	0	0	0	0	0	0	0	0	0	0	0.448982	0.448982	0	0	0	0	0.448982	0.448982	0	0	0	0.448982	0.448982	0.448982	0.448982	0	0.448982	0.448982	0	0	0.448982	0.448982	0	0	0.448982	0.448982	0	0.448982	0.448982	0	0.448982	0.448982	0	0	0.448982	0.448982	0	0	0.448982	0.897909	0.448982	0	0	0	0	0.448982	0.448982	0	0	0	0.448982	0.448982	0	0	0	0.448982	0.448982	0	0	0	0	0.448982	0.448982	0	0	0	0	0	0	0	0.448982	0.448982	0	0	0.448982	0.448982	0	0	0	0	0	0	0.448982	0.448982	0	0.448982	0.448982	0	0	0.448982	0.448982	0	0.448982	0.448982	0	0	0	0	0.448982	0.448982	0	0	0	0	0	0	0.448982	0.448982	0	0	0	0	0	0	0	0	0	0	0	0	0	0	0	0	0	0	0	0	0	0	0	0	0	0	0	0	0	0	0	0	0	0	0	0	0	0	0	0	0	0	0	0	0	0	0	0	0	0	0	0	0	0
0.654449	0.854753	0.793635	0.809332	1.11098	1.00383	0.897881	0.793635	0.572315	0.654449	0.854753	0.897881	0.897881	0.793635	0.572315	0.654449	0.854753	0.897881	0.897881	0.897881	0.897881	0.793635	0.572315	0.448968	0.448968	0.448968	0.448968	0.448968	0.448968	0.35494	0.158731	0	0.354918	0.476183	0.35494	0.158731	0	0	0	0.354918	0.476183	0.448968	0.448968	0.35494	0.158731	0	0	0	0	0	0	0	0	0	0	0	0	0	0	0	0	0	0	0	0.158731	0.35494	0.448968	0.448968	0.476183	0.354918	0.158731	0.35494	0.448968	0.448968	0.448968	0.572315	0.793635	0.897881	0.897881	0.897881	0.897881	0.897881	0.897881	0.897881	0.897881	0.897881	0.897881	0.897881	0.897881	0.897881	0.897881	0.897881	0.897881	0.897881	1.06471	1.27956	1.23958	1.01631	0.897881	0.897881	1.06471	1.20872	1.01631	0.897881	0.897881	1.00383	1.00383	1.00383	1.00383	0.897881	1.00383	1.00383	0.897881	0.897881	1.00383	0.965445	0.572315	0.448968	0.634899	0.634899	0.448968	0.634899	0.634899	0.448968	0.654449	0.854753	0.793635	0.572315	0.634899	0.634899	0.448968	0.448968	0.634899	1.00378	0.634899	0.448968	0.448968	0.35494	0.158731	0.354918	0.476183	0.448968	0.35494	0.158731	0.354918	0.476183	0.448968	0.448968	0.448968	0.634899	0.634899	0.448968	0.448968	0.448968	0.448968	0.654449	0.809332	0.572315	0.448968	0.448968	0.448968	0.448968	0.448968	0.448968	0.634899	0.634899	0.448968	0.448968	0.634899	0.634899	0.448968	0.448968	0.448968	0.448968	0.35494	0.158731	0.354918	0.476183	0.448968	0.634899	0.634899	0.448968	0.448968	0.634899	0.634899	0.448968	0.654449	0.854753	0.793635	0.572315	0.448968	0.448968	0.634899	0.634899	0.448968	0.448968	0.448968	0.35494	0.158731	0	0.354918	0.476183	0.448968	0.448968	0.448968	0.448968	0.448968	0.448968	0.448968	0.35494	0.158731	0	0	0	0	0	0	0	0	0	0	0	0	0	0	0	0	0	0	0	0	0	0	0	0	0	0	0	0	0	0	0.158731	0.35494	0.448968	0.448968	0.448968	0.448968	0.448968	0.448968	0.448968	0.448968	0.448968	0.448968	0.448968	0.448968	0.448968
0.572261	0.79356	0.854673	0.809256	0.965354	1.00373	0.897797	0.854673	0.654388	0.572261	0.79356	0.897797	0.897797	0.854673	0.654388	0.572261	0.79356	0.897797	0.897797	0.897797	0.897797	0.854673	0.654388	0.448926	0.448926	0.448926	0.448926	0.448926	0.448926	0.476138	0.354885	0	0.158716	0.354907	0.476138	0.354885	0	0	0	0.158716	0.354907	0.448926	0.448926	0.476138	0.354885	0	0	0	0	0	0	0	0	0	0	0	0	0	0	0	0	0	0	0	0.354885	0.476138	0.448926	0.448926	0.354907	0.158716	0.354885	0.476138	0.448926	0.448926	0.448926	0.654388	0.854673	0.897797	0.897797	0.897797	0.897797	0.897797	0.897797	0.897797	0.897797	0.897797	0.897797	0.897797	0.897797	0.897797	0.897797	0.897797	0.897797	0.897797	1.01621	1.23947	1.27944	1.06461	0.897797	0.897797	1.01621	1.2086	1.06461	0.897797	0.897797	1.00373	1.00373	1.00373	1.00373	0.897797	1.00373	1.00373	0.897797	0.897797	1.00373	1.11087	0.654388	0.448926	0.634839	0.634839	0.448926	0.634839	0.634839	0.448926	0.572261	0.79356	0.854673	0.654388	0.634839	0.634839	0.448926	0.448926	0.634839	1.00368	0.634839	0.448926	0.448926	0.476138	0.354885	0.158716	0.354907	0.448926	0.476138	0.354885	0.158716	0.354907	0.448926	0.448926	0.448926	0.634839	0.634839	0.448926	0.448926	0.448926	0.448926	0.572261	0.809256	0.654388	0.448926	0.448926	0.448926	0.448926	0.448926	0.448926	0.634839	0.634839	0.448926	0.448926	0.634839	0.634839	0.448926	0.448926	0.448926	0.448926	0.476138	0.354885	0.158716	0.354907	0.448926	0.634839	0.634839	0.448926	0.448926	0.634839	0.634839	0.448926	0.572261	0.79356	0.854673	0.654388	0.448926	0.448926	0.634839	0.634839	0.448926	0.448926	0.448926	0.476138	0.354885	0	0.158716	0.354907	0.448926	0.448926	0.448926	0.448926	0.448926	0.448926	0.448926	0.476138	0.354885	0	0	0	0	0	0	0	0	0	0	0	0	0	0	0	0	0	0	0	0	0	0	0	0	0	0	0	0	0	0	0.354885	0.476138	0.448926	0.448926	0.448926	0.448926	0.448926	0.448926	0.448926	0.448926	0.448926	0.448926	0.448926	0.448926	0.448926
0	0	0.448848	0.448848	0.448848	0.448848	0	0.448848	0.448848	0	0	0	0	0.448848	0.448848	0	0	0	0	0	0	0.448848	0.448848	0	0	0	0	0	0	0.448848	0.448848	0	0	0	0.448848	0.448848	0	0	0	0	0	0	0	0.448848	0.448848	0	0	0	0	0	0	0	0	0	0	0	0	0	0	0	0	0	0	0	0.448848	0.448848	0	0	0	0	0.448848	0.448848	0	0	0	0.448848	0.448848	0	0	0	0	0	0	0	0	0	0	0	0	0	0	0	0	0	0	0	0.448848	0.448848	0	0	0	0.448848	0.448848	0	0	0.448848	0.448848	0.448848	0.448848	0	0.448848	0.448848	0	0	0.448848	0.897642	0.448848	0	0.448848	0.448848	0	0.448848	0.448848	0	0	0	0.448848	0.448848	0.448848	0.448848	0	0	0.448848	0.897642	0.448848	0	0	0.448848	0.448848	0	0	0	0.448848	0.448848	0	0	0	0	0	0.448848	0.448848	0	0	0	0	0	0.448848	0.448848	0	0	0	0	0	0	0.448848	0.448848	0	0	0.448848	0.448848	0	0	0	0	0.448848	0.448848	0	0	0	0.448848	0.448848	0	0	0.448848	0.448848	0	0	0	0.448848	0.448848	0	0	0.448848	0.448848	0	0	0	0.448848	0.448848	0	0	0	0	0	0	0	0	0	0	0.448848	0.448848	0	0	0	0	0	0	0	0	0	0	0	0	0	0	0	0	0	0	0	0	0	0	0	0	0	0	0	0	0	0	0.448848	0.448848	0	0	0	0	0	0	0	0	0	0	0	0	0
0	0	0.448806	0.448806	0.448806	0.448806	0	0.448806	0.448806	0	0	0	0	0.448806	0.448806	0	0	0	0	0	0	0.448806	0.448806	0	0	0	0	0	0	0.448806	0.448806	0	0	0	0.448806	0.448806	0	0	0	0	0	0	0	0.448806	0.448806	0	0	0	0	0	0	0	0	0	0	0	0	0	0	0	0	0	0	0	0.448806	0.448806	0	0	0	0	0.448806	0.448806	0	0	0	0.448806	0.448806	0	0	0	0	0	0	0	0	0	0	0	0	0	0	0	0	0	0	0	0.448806	0.448806	0	0	0	0.448806	0.448806	0	0	0.448806	0.448806	0.448806	0.448806	0	0.448806	0.448806	0	0	0.448806	0.897557	0.448806	0	0.448806	0.448806	0	0.448806	0.448806	0	0	0	0.448806	0.448806	0.448806	0.448806	0	0	0.448806	0.897557	0.448806	0	0	0.448806	0.448806	0	0	0	0.448806	0.448806	0	0	0	0	0	0.448806	0.448806	0	0	0	0	0	0.448806	0.448806	0	0	0	0	0	0	0.448806	0.448806	0	0	0.448806	0.448806	0	0	0	0	0.448806	0.448806	0	0	0	0.448806	0.448806	0	0	0.448806	0.448806	0	0	0	0.448806	0.448806	0	0	0.448806	0.448806	0	0	0	0.448806	0.448806	0	0	0	0	0	0	0	0	0	0	0.448806	0.448806	0	0	0	0	0	0	0	0	0	0	0	0	0	0	0	0	0	0	0	0	0	0	0	0	0	0	0	0	0	0	0.448806	0.448806	0	0	0	0	0	0	0	0	0	0	0	0	0
0	0	0.448764	0.448764	0.448764	0.448764	0	0.448764	0.448764	0	0	0	0	0.448764	0.448764	0	0	0	0	0	0	0.448764	0.448764	0	0	0	0	0	0	0.448764	0.448764	0	0	0	0.448764	0.448764	0	0	0	0	0	0	0	0.448764	0.448764	0	0	0	0	0	0	0	0	0	0	0	0	0	0	0	0	0	0	0	0.448764	0.448764	0	0	0	0	0.448764	0.448764	0	0	0	0.448764	0.448764	0	0	0	0	0	0	0	0	0	0	0	0	0	0	0	0	0	0	0	0.448764	0.448764	0	0	0	0.448764	0.448764	0	0	0.448764	0.448764	0.448764	0.448764	0	0.448764	0.448764	0	0	0.448764	0.897473	0.448764	0	0.448764	0.448764	0	0.448764	0.448764	0	0	0	0.448764	0.448764	0.448764	0.448764	0	0	0.448764	0.897473	0.448764	0	0	0.448764	0.448764	0	0	0	0.448764	0.448764	0	0	0	0	0	0.448764	0.448764	0	0	0	0	0	0.448764	0.448764	0	0	0	0	0	0	0.448764	0.448764	0	0	0.448764	0.448764	0	0	0	0	0.448764	0.448764	0	0	0	0.448764	0.448764	0	0	0.448764	0.448764	0	0	0	0.448764	0.448764	0	0	0.448764	0.448764	0	0	0	0.448764	0.448764	0	0	0	0	0	0	0	0	0	0	0.448764	0.448764	0	0	0	0	0	0	0	0	0	0	0	0	0	0	0	0	0	0	0	0	0	0	0	0	0	0	0	0	0	0	0.448764	0.448764	0	0	0	0	0	0	0	0	0	0	0	0	0
0	0	0.448722	0.448722	0.448722	0.448722	0	0.448722	0.448722	0	0	0	0	0.448722	0.448722	0	0	0	0	0	0	0.448722	0.448722	0	0	0	0	0	0	0.448722	0.448722	0	0	0	0.448722	0.448722	0	0	0	0	0	0	0	0.448722	0.448722	0	0	0	0	0	0	0	0	0	0	0	0	0	0	0	0	0	0	0	0.448722	0.448722	0	0	0	0	0.448722	0.448722	0	0	0	0.448722	0.448722	0	0	0	0	0	0	0	0	0	0	0	0	0	0	0	0	0	0	0	0.448722	0.448722	0	0	0	0.448722	0.448722	0	0	0.448722	0.448722	0.448722	0.448722	0	0.448722	0.448722	0	0	0.448722	0.897389	0.448722	0	0.448722	0.448722	0	0.448722	0.448722	0	0	0	0.448722	0.448722	0.448722	0.448722	0	0	0.448722	0.897389	0.448722	0	0	0.448722	0.448722	0	0	0	0.448722	0.448722	0	0	0	0	0	0.448722	0.448722	0	0	0	0	0	0.448722	0.448722	0	0	0	0	0	0	0.448722	0.448722	0	0	0.448722	0.448722	0	0	0	0	0.448722	0.448722	0	0	0	0.448722	0.448722	0	0	0.448722	0.448722	0	0	0	0.448722	0.448722	0	0	0.448722	0.448722	0	0	0	0.448722	0.448722	0	0	0	0	0	0	0	0	0	0	0.448722	0.448722	0	0	0	0	0	0	0	0	0	0	0	0	0	0	0	0	0	0	0	0	0	0	0	0	0	0	0	0	0	0	0.448722	0.448722	0	0	0	0	0	0	0	0	0	0	0	0	0
0	0	0.44868	0.44868	0.44868	0.44868	0	0.44868	0.44868	0	0	0	0	0.44868	0.44868	0	0	0	0	0	0	0.44868	0.44868	0	0	0	0	0	0	0.44868	0.44868	0	0	0	0.44868	0.44868	0	0	0	0	0	0	0	0.44868	0.44868	0	0	0	0	0	0	0	0	0	0	0	0	0	0	0	0	0	0	0	0.44868	0.44868	0	0	0	0	0.44868	0.44868	0	0	0	0.44868	0.44868	0	0	0	0	0	0	0	0	0	0	0	0	0	0	0	0	0	0	0	0.44868	0.44868	0	0	0	0.44868	0.44868	0	0	0.44868	0.44868	0.44868	0.44868	0	0.44868	0.44868	0	0	0.44868	0.897304	0.44868	0	0.44868	0.44868	0	0.44868	0.44868	0	0	0	0.44868	0.44868	0.44868	0.44868	0	0	0.44868	0.897304	0.44868	0	0	0.44868	0.44868	0	0	0	0.44868	0.44868	0	0	0	0	0	0.44868	0.44868	0	0	0	0	0	0.44868	0.44868	0	0	0	0	0	0	0.44868	0.44868	0	0	0.44868	0.44868	0	0	0	0	0.44868	0.44868	0	0	0	0.44868	0.44868	0	0	0.44868	0.44868	0	0	0	0.44868	0.44868	0	0	0.44868	0.44868	0	0	0	0.44868	0.44868	0	0	0	0	0	0	0	0	0	0	0.44868	0.44868	0	0	0	0	0	0	0	0	0	0	0	0	0	0	0	0	0	0	0	0	0	0	0	0	0	0	0	0	0	0	0.44868	0.44868	0	0	0	0	0	0	0	0	0	0	0	0	0
0.897276	0.897276	1.00315	1.00315	1.00315	1.00315	0.897276	1.00315	1.00315	0.897276	0.897276	0.793101	0.57193	0.654011	0.85418	0.897276	0.897276	0.897276	0.897276	0.897276	0.793101	0.808791	0.85418	0.897276	0.793101	0.57193	0.448666	0.448666	0.448666	0.634476	0.634476	0.448666	0.448666	0.448666	0.634476	0.634476	0.448666	0.448666	0.448666	0.354702	0.158625	0	0	0.354684	0.475866	0.354702	0.158625	0	0	0	0	0	0	0	0.158625	0.354702	0.448666	0.448666	0.448666	0.448666	0.448666	0.448666	0.448666	0.448666	0.475866	0.354684	0.158625	0.354702	0.448666	0.448666	0.475866	0.354684	0	0.158625	0.354702	0.475866	0.354684	0.158625	0.354702	0.448666	0.448666	0.448666	0.448666	0.57193	0.793101	0.897276	0.897276	0.897276	0.897276	0.897276	0.897276	0.897276	0.897276	0.897276	0.897276	0.897276	1.00315	1.00315	0.897276	0.897276	0.793101	0.808791	0.85418	0.897276	0.897276	1.00315	1.00315	1.064	1.2787	1.23875	1.2079	1.2787	1.23875	1.01562	1.00315	1.2688	1.00315	0.897276	1.00315	1.00315	0.897276	1.00315	1.00315	0.897276	0.793101	0.57193	0.654011	0.85418	1.00315	1.00315	0.793101	0.57193	0.654011	1.11024	1.00315	0.897276	0.897276	1.00315	1.00315	0.793101	0.57193	0.448666	0.634476	0.634476	0.448666	0.448666	0.448666	0.354702	0.158625	0.354684	0.475866	0.448666	0.448666	0.448666	0.448666	0.448666	0.654011	0.85418	0.897276	0.793101	0.57193	0.448666	0.448666	0.448666	0.654011	0.85418	0.897276	0.793101	0.808791	0.85418	0.897276	0.897276	0.897276	0.793101	0.808791	0.85418	0.897276	0.793101	0.57193	0.654011	0.85418	0.897276	0.793101	0.808791	0.85418	0.897276	0.793101	0.57193	0.654011	0.85418	0.897276	0.793101	0.808791	0.85418	0.897276	0.793101	0.57193	0.654011	0.85418	0.897276	0.793101	0.57193	0.448666	0.448666	0.448666	0.448666	0.354702	0.158625	0	0.354684	0.475866	0.448666	0.448666	0.354702	0.158625	0	0	0	0	0	0	0	0	0	0	0	0	0	0	0	0	0.158625	0.354702	0.448666	0.448666	0.448666	0.448666	0.448666	0.448666	0.448666	0.448666	0.475866	0.354684	0	0.158625	0.354702	0.448666	0.448666	0.448666	0.448666	0.448666	0.448666	0.448666	0.448666	0.448666	0.448666
0.897192	0.897192	1.00306	1.00306	1.00306	1.00306	0.897192	1.00306	1.00306	0.897192	0.897192	0.8541	0.65395	0.571876	0.793026	0.897192	0.897192	0.897192	0.897192	0.897192	0.8541	0.808715	0.793026	0.897192	0.8541	0.65395	0.448624	0.448624	0.448624	0.634417	0.634417	0.448624	0.448624	0.448624	0.634417	0.634417	0.448624	0.448624	0.448624	0.475821	0.354651	0	0	0.15861	0.354669	0.475821	0.354651	0	0	0	0	0	0	0	0.354651	0.475821	0.448624	0.448624	0.448624	0.448624	0.448624	0.448624	0.448624	0.448624	0.354669	0.15861	0.354651	0.475821	0.448624	0.448624	0.354669	0.15861	0	0.354651	0.475821	0.354669	0.15861	0.354651	0.475821	0.448624	0.448624	0.448624	0.448624	0.65395	0.8541	0.897192	0.897192	0.897192	0.897192	0.897192	0.897192	0.897192	0.897192	0.897192	0.897192	0.897192	1.00306	1.00306	0.897192	0.897192	0.8541	0.808715	0.793026	0.897192	0.897192	1.00306	1.00306	1.01553	1.23863	1.27858	1.20779	1.23863	1.27858	1.0639	1.00306	1.26868	1.00306	0.897192	1.00306	1.00306	0.897192	1.00306	1.00306	0.897192	0.8541	0.65395	0.571876	0.793026	1.00306	1.00306	0.8541	0.65395	0.571876	0.96471	1.00306	0.897192	0.897192	1.00306	1.00306	0.8541	0.65395	0.448624	0.634417	0.634417	0.448624	0.448624	0.448624	0.475821	0.354651	0.15861	0.354669	0.448624	0.448624	0.448624	0.448624	0.448624	0.571876	0.793026	0.897192	0.8541	0.65395	0.448624	0.448624	0.448624	0.571876	0.793026	0.897192	0.8541	0.808715	0.793026	0.897192	0.897192	0.897192	0.8541	0.808715	0.793026	0.897192	0.8541	0.65395	0.571876	0.793026	0.897192	0.8541	0.808715	0.793026	0.897192	0.8541	0.65395	0.571876	0.793026	0.897192	0.8541	0.808715	0.793026	0.897192	0.8541	0.65395	0.571876	0.793026	0.897192	0.8541	0.65395	0.448624	0.448624	0.448624	0.448624	0.475821	0.354651	0	0.15861	0.354669	0.448624	0.448624	0.475821	0.354651	0	0	0	0	0	0	0	0	0	0	0	0	0	0	0	0	0.354651	0.475821	0.448624	0.448624	0.448624	0.448624	0.448624	0.448624	0.448624	0.448624	0.354669	0.15861	0	0.354651	0.475821	0.448624	0.448624	0.448624	0.448624	0.448624	0.448624	0.448624	0.448624	0.448624	0.448624