0	0	0	0	0	0	0	0	0	0	0	0	0	0	0	0	0	0	0	0	0	0	0	0	0	0	0	0	0	0	0	0	0	0	0	0	0	0	0	0	0	0	0.449581	0.449581	0	0	0	0	0	0	0	0	0	0	0.449581	0.449581	0	0	0	0	0	0	0	0	0	0	0	0	0	0	0	0	0	0	0	0	0	0	0	0	0	0	0	0	0	0	0	0	0	0	0	0	0	0	0	0	0	0.449581	0.449581	0	0	0	0	0	0	0	0	0	0	0	0	0	0	0	0	0	0	0	0	0	0	0	0	0	0	0	0	0	0	0	0	0	0	0	0	0	0	0	0	0	0	0	0	0	0	0	0	0	0	0	0	0.449581	0.449581	0	0	0	0	0	0	0	0	0	0	0	0	0	0	0	0	0	0	0	0	0	0	0	0	0	0	0	0	0	0	0	0	0	0	0	0	0	0	0	0	0	0	0	0	0	0	0	0	0	0	0	0	0	0	0	0.449581	0.449581	0	0	0	0	0	0	0	0	0	0	0	0	0	0	0	0	0	0	0	0	0	0	0	0	0	0	0	0	0	0	0	0	0	0	0.449581	0.449581	0	0	0	0	0	0.449581	0.449581	0	0	0
0	0	0	0	0	0	0	0	0	0	0	0	0	0	0	0	0	0	0	0	0	0	0	0	0	0	0	0	0	0	0	0	0	0	0	0	0	0	0	0	0	0	0.449539	0.449539	0	0	0	0	0	0	0	0	0	0	0.449539	0.449539	0	0	0	0	0	0	0	0	0	0	0	0	0	0	0	0	0	0	0	0	0	0	0	0	0	0	0	0	0	0	0	0	0	0	0	0	0	0	0	0	0	0.449539	0.449539	0	0	0	0	0	0	0	0	0	0	0	0	0	0	0	0	0	0	0	0	0	0	0	0	0	0	0	0	0	0	0	0	0	0	0	0	0	0	0	0	0	0	0	0	0	0	0	0	0	0	0	0	0.449539	0.449539	0	0	0	0	0	0	0	0	0	0	0	0	0	0	0	0	0	0	0	0	0	0	0	0	0	0	0	0	0	0	0	0	0	0	0	0	0	0	0	0	0	0	0	0	0	0	0	0	0	0	0	0	0	0	0	0.449539	0.449539	0	0	0	0	0	0	0	0	0	0	0	0	0	0	0	0	0	0	0	0	0	0	0	0	0	0	0	0	0	0	0	0	0	0	0.449539	0.449539	0	0	0	0	0	0.449539	0.449539	0	0	0
0	0	0	0	0	0	0	0	0	0	0	0	0	0	0	0	0	0	0	0	0	0	0	0	0	0	0	0	0	0	0	0	0	0	0	0	0	0	0	0	0	0	0.449489	0.449489	0	0	0	0	0	0	0	0	0	0	0.449489	0.449489	0	0	0	0	0	0	0	0	0	0	0	0	0	0	0	0	0	0	0	0	0	0	0	0	0	0	0	0	0	0	0	0	0	0	0	0	0	0	0	0	0	0.449489	0.449489	0	0	0	0	0	0	0	0	0	0	0	0	0	0	0	0	0	0	0	0	0	0	0	0	0	0	0	0	0	0	0	0	0	0	0	0	0	0	0	0	0	0	0	0	0	0	0	0	0	0	0	0	0.449489	0.449489	0	0	0	0	0	0	0	0	0	0	0	0	0	0	0	0	0	0	0	0	0	0	0	0	0	0	0	0	0	0	0	0	0	0	0	0	0	0	0	0	0	0	0	0	0	0	0	0	0	0	0	0	0	0	0	0.449489	0.449489	0	0	0	0	0	0	0	0	0	0	0	0	0	0	0	0	0	0	0	0	0	0	0	0	0	0	0	0	0	0	0	0	0	0	0.449489	0.449489	0	0	0	0	0	0.449489	0.449489	0	0	0
0	0	0	0	0	0	0	0	0	0	0	0	0	0	0	0	0	0	0	0	0	0	0	0	0	0	0	0	0	0	0	0	0	0	0	0	0	0	0	0	0	0	0.449447	0.449447	0	0	0	0	0	0	0	0	0	0	0.449447	0.449447	0	0	0	0	0	0	0	0	0	0	0	0	0	0	0	0	0	0	0	0	0	0	0	0	0	0	0	0	0	0	0	0	0	0	0	0	0	0	0	0	0	0.449447	0.449447	0	0	0	0	0	0	0	0	0	0	0	0	0	0	0	0	0	0	0	0	0	0	0	0	0	0	0	0	0	0	0	0	0	0	0	0	0	0	0	0	0	0	0	0	0	0	0	0	0	0	0	0	0.449447	0.449447	0	0	0	0	0	0	0	0	0	0	0	0	0	0	0	0	0	0	0	0	0	0	0	0	0	0	0	0	0	0	0	0	0	0	0	0	0	0	0	0	0	0	0	0	0	0	0	0	0	0	0	0	0	0	0	0.449447	0.449447	0	0	0	0	0	0	0	0	0	0	0	0	0	0	0	0	0	0	0	0	0	0	0	0	0	0	0	0	0	0	0	0	0	0	0.449447	0.449447	0	0	0	0	0	0.449447	0.449447	0	0	0
0	0	0	0	0	0	0	0	0	0	0	0	0	0	0	0	0	0	0	0	0	0	0	0	0	0	0	0	0	0	0	0	0	0	0	0	0	0	0	0	0	0	0.449405	0.449405	0	0	0	0	0	0	0	0	0	0	0.449405	0.449405	0	0	0	0	0	0	0	0	0	0	0	0	0	0	0	0	0	0	0	0	0	0	0	0	0	0	0	0	0	0	0	0	0	0	0	0	0	0	0	0	0	0.449405	0.449405	0	0	0	0	0	0	0	0	0	0	0	0	0	0	0	0	0	0	0	0	0	0	0	0	0	0	0	0	0	0	0	0	0	0	0	0	0	0	0	0	0	0	0	0	0	0	0	0	0	0	0	0	0.449405	0.449405	0	0	0	0	0	0	0	0	0	0	0	0	0	0	0	0	0	0	0	0	0	0	0	0	0	0	0	0	0	0	0	0	0	0	0	0	0	0	0	0	0	0	0	0	0	0	0	0	0	0	0	0	0	0	0	0.449405	0.449405	0	0	0	0	0	0	0	0	0	0	0	0	0	0	0	0	0	0	0	0	0	0	0	0	0	0	0	0	0	0	0	0	0	0	0.449405	0.449405	0	0	0	0	0	0.449405	0.449405	0	0	0
0	0	0	0	0	0	0	0	0	0	0	0	0	0	0	0	0	0	0	0	0	0	0	0	0	0	0	0	0	0	0	0	0	0	0	0	0	0	0	0	0	0	0.449362	0.449362	0	0	0	0	0	0	0	0	0	0	0.449362	0.449362	0	0	0	0	0	0	0	0	0	0	0	0	0	0	0	0	0	0	0	0	0	0	0	0	0	0	0	0	0	0	0	0	0	0	0	0	0	0	0	0	0	0.449362	0.449362	0	0	0	0	0	0	0	0	0	0	0	0	0	0	0	0	0	0	0	0	0	0	0	0	0	0	0	0	0	0	0	0	0	0	0	0	0	0	0	0	0	0	0	0	0	0	0	0	0	0	0	0	0.449362	0.449362	0	0	0	0	0	0	0	0	0	0	0	0	0	0	0	0	0	0	0	0	0	0	0	0	0	0	0	0	0	0	0	0	0	0	0	0	0	0	0	0	0	0	0	0	0	0	0	0	0	0	0	0	0	0	0	0.449362	0.449362	0	0	0	0	0	0	0	0	0	0	0	0	0	0	0	0	0	0	0	0	0	0	0	0	0	0	0	0	0	0	0	0	0	0	0.449362	0.449362	0	0	0	0	0	0.449362	0.449362	0	0	0
2.6942	2.6942	2.6942	2.6942	2.6942	2.6942	2.6942	2.6942	2.6942	2.80852	3.03246	3.1424	3.1424	3.1424	3.1424	3.1424	3.1424	3.1424	3.1424	3.1424	3.1424	3.1424	3.1424	3.1424	3.03246	2.80852	2.6942	2.6942	2.6942	2.6942	2.6942	2.6942	2.6942	2.6942	2.6942	2.6942	2.6942	2.6942	2.6942	2.6942	2.6942	2.6942	2.82638	3.04899	3.1424	3.1424	3.1424	3.1424	3.1424	3.1424	3.1424	3.1424	3.1424	3.1424	3.17423	3.17423	3.1424	3.1424	3.1424	3.1424	3.1424	3.1424	3.1424	3.1424	3.1424	3.1424	3.1424	3.1424	3.1424	3.1424	3.03246	2.80852	2.6942	2.6942	2.6942	2.6942	2.6942	2.6942	2.6942	2.6942	2.6942	2.6942	2.6942	2.6942	2.6942	2.6942	2.6942	2.6942	2.6942	2.6942	2.6942	2.6942	2.6942	2.6942	2.6942	2.6942	2.6942	2.82638	3.04899	3.1424	3.1424	3.1424	3.1424	3.1424	3.1424	3.1424	3.1424	3.1424	3.1424	3.1424	3.1424	3.1424	3.1424	3.1424	3.1424	3.1424	3.1424	3.1424	3.1424	3.1424	3.03246	2.80852	2.6942	2.6942	2.6942	2.6942	2.6942	2.6942	2.6942	2.6942	2.6942	2.6942	2.6942	2.6942	2.6942	2.6942	2.6942	2.6942	2.6942	2.6942	2.6942	2.6942	2.6942	2.6942	2.6942	2.6942	2.6942	2.6942	2.6942	2.6942	2.58453	2.51041	2.60394	2.6942	2.6942	2.6942	2.6942	2.6942	2.6942	2.6942	2.6942	2.6942	2.6942	2.6942	2.6942	2.6942	2.6942	2.6942	2.6942	2.6942	2.6942	2.6942	2.6942	2.6942	2.6942	2.6942	2.6942	2.6942	2.6942	2.6942	2.58453	2.3605	2.24567	2.24567	2.24567	2.24567	2.24567	2.3605	2.58453	2.6942	2.6942	2.6942	2.6942	2.6942	2.6942	2.6942	2.6942	2.6942	2.6942	2.6942	2.6942	2.6942	2.6942	2.6942	2.6942	2.6942	2.6942	2.6942	2.7313	2.7313	2.6942	2.6942	2.6942	2.6942	2.6942	2.6942	2.6942	2.6942	2.6942	2.6942	2.6942	2.6942	2.6942	2.6942	2.6942	2.6942	2.6942	2.6942	2.6942	2.6942	2.6942	2.6942	2.6942	2.6942	2.6942	2.6942	2.6942	2.6942	2.6942	2.6942	2.6942	2.6942	2.80852	3.03246	3.04899	2.82638	2.6942	2.6942	2.6942	2.80852	3.03246	3.04899	2.82638	2.6942	2.80852	3.03246
2.69395	2.69395	2.69395	2.69395	2.69395	2.69395	2.69395	2.69395	2.69395	2.82611	3.04871	3.1421	3.1421	3.1421	3.1421	3.1421	3.1421	3.1421	3.1421	3.1421	3.1421	3.1421	3.1421	3.1421	3.04871	2.82611	2.69395	2.69395	2.69395	2.69395	2.69395	2.69395	2.69395	2.69395	2.69395	2.69395	2.69395	2.69395	2.69395	2.69395	2.69395	2.69395	2.80826	3.03217	3.1421	3.1421	3.1421	3.1421	3.1421	3.1421	3.1421	3.1421	3.1421	3.1421	3.17393	3.17393	3.1421	3.1421	3.1421	3.1421	3.1421	3.1421	3.1421	3.1421	3.1421	3.1421	3.1421	3.1421	3.1421	3.1421	3.04871	2.82611	2.69395	2.69395	2.69395	2.69395	2.69395	2.69395	2.69395	2.69395	2.69395	2.69395	2.69395	2.69395	2.69395	2.69395	2.69395	2.69395	2.69395	2.69395	2.69395	2.69395	2.69395	2.69395	2.69395	2.69395	2.69395	2.80826	3.03217	3.1421	3.1421	3.1421	3.1421	3.1421	3.1421	3.1421	3.1421	3.1421	3.1421	3.1421	3.1421	3.1421	3.1421	3.1421	3.1421	3.1421	3.1421	3.1421	3.1421	3.1421	3.04871	2.82611	2.69395	2.69395	2.69395	2.69395	2.69395	2.69395	2.69395	2.69395	2.69395	2.69395	2.69395	2.69395	2.69395	2.69395	2.69395	2.69395	2.69395	2.69395	2.69395	2.69395	2.69395	2.69395	2.69395	2.69395	2.69395	2.69395	2.69395	2.69395	2.60369	2.51017	2.58429	2.69395	2.69395	2.69395	2.69395	2.69395	2.69395	2.69395	2.69395	2.69395	2.69395	2.69395	2.69395	2.69395	2.69395	2.69395	2.69395	2.69395	2.69395	2.69395	2.69395	2.69395	2.69395	2.69395	2.69395	2.69395	2.69395	2.69395	2.60369	2.38152	2.24546	2.24546	2.24546	2.24546	2.24546	2.38152	2.60369	2.69395	2.69395	2.69395	2.69395	2.69395	2.69395	2.69395	2.69395	2.69395	2.69395	2.69395	2.69395	2.69395	2.69395	2.69395	2.69395	2.69395	2.69395	2.69395	2.73104	2.73104	2.69395	2.69395	2.69395	2.69395	2.69395	2.69395	2.69395	2.69395	2.69395	2.69395	2.69395	2.69395	2.69395	2.69395	2.69395	2.69395	2.69395	2.69395	2.69395	2.69395	2.69395	2.69395	2.69395	2.69395	2.69395	2.69395	2.69395	2.69395	2.69395	2.69395	2.69395	2.69395	2.82611	3.04871	3.03217	2.80826	2.69395	2.69395	2.69395	2.82611	3.04871	3.03217	2.80826	2.69395	2.82611	3.04871
0	0	0	0	0	0	0	0	0	0.449236	0.449236	0	0	0	0	0	0	0	0	0	0	0	0	0	0.449236	0.449236	0	0	0	0	0	0	0	0	0	0	0	0	0	0	0	0	0	0	0	0	0	0	0	0	0	0	0	0	0.449236	0.449236	0	0	0	0	0	0	0	0	0	0	0	0	0	0	0.449236	0.449236	0	0	0	0	0	0	0	0	0	0	0	0	0	0	0	0	0	0	0	0	0	0	0	0	0	0	0	0	0	0	0	0	0	0	0	0	0	0	0	0	0	0	0	0	0	0	0	0	0.449236	0.449236	0	0	0	0	0	0	0	0	0	0	0	0	0	0	0	0	0	0	0	0	0	0	0	0	0	0	0	0	0.449236	0.449236	0	0	0	0	0	0	0	0	0	0	0	0	0	0	0	0	0	0	0	0	0	0	0	0	0	0	0	0	0.449236	0.449236	0	0	0	0	0	0.449236	0.449236	0	0	0	0	0	0	0	0	0	0	0	0	0	0	0	0	0	0	0	0.449236	0.449236	0	0	0	0	0	0	0	0	0	0	0	0	0	0	0	0	0	0	0	0	0	0	0	0	0	0	0	0	0	0	0	0	0.449236	0.449236	0	0	0	0	0	0.449236	0.449236	0	0	0	0.449236	0.449236
0	0	0	0	0	0	0	0	0	0.449193	0.449193	0	0	0	0	0	0	0	0	0	0	0	0	0	0.449193	0.449193	0	0	0	0	0	0	0	0	0	0	0	0	0	0	0	0	0	0	0	0	0	0	0	0	0	0	0	0	0.449193	0.449193	0	0	0	0	0	0	0	0	0	0	0	0	0	0	0.449193	0.449193	0	0	0	0	0	0	0	0	0	0	0	0	0	0	0	0	0	0	0	0	0	0	0	0	0	0	0	0	0	0	0	0	0	0	0	0	0	0	0	0	0	0	0	0	0	0	0	0	0.449193	0.449193	0	0	0	0	0	0	0	0	0	0	0	0	0	0	0	0	0	0	0	0	0	0	0	0	0	0	0	0	0.449193	0.449193	0	0	0	0	0	0	0	0	0	0	0	0	0	0	0	0	0	0	0	0	0	0	0	0	0	0	0	0	0.449193	0.449193	0	0	0	0	0	0.449193	0.449193	0	0	0	0	0	0	0	0	0	0	0	0	0	0	0	0	0	0	0	0.449193	0.449193	0	0	0	0	0	0	0	0	0	0	0	0	0	0	0	0	0	0	0	0	0	0	0	0	0	0	0	0	0	0	0	0	0.449193	0.449193	0	0	0	0	0	0.449193	0.449193	0	0	0	0.449193	0.449193
0	0	0	0	0	0	0	0	0	0.449151	0.449151	0	0	0	0	0	0	0	0	0	0	0	0	0	0.449151	0.449151	0	0	0	0	0	0	0	0	0	0	0	0	0	0	0	0	0	0	0	0	0	0	0	0	0	0	0	0	0.449151	0.449151	0	0	0	0	0	0	0	0	0	0	0	0	0	0	0.449151	0.449151	0	0	0	0	0	0	0	0	0	0	0	0	0	0	0	0	0	0	0	0	0	0	0	0	0	0	0	0	0	0	0	0	0	0	0	0	0	0	0	0	0	0	0	0	0	0	0	0	0.449151	0.449151	0	0	0	0	0	0	0	0	0	0	0	0	0	0	0	0	0	0	0	0	0	0	0	0	0	0	0	0	0.449151	0.449151	0	0	0	0	0	0	0	0	0	0	0	0	0	0	0	0	0	0	0	0	0	0	0	0	0	0	0	0	0.449151	0.449151	0	0	0	0	0	0.449151	0.449151	0	0	0	0	0	0	0	0	0	0	0	0	0	0	0	0	0	0	0	0.449151	0.449151	0	0	0	0	0	0	0	0	0	0	0	0	0	0	0	0	0	0	0	0	0	0	0	0	0	0	0	0	0	0	0	0	0.449151	0.449151	0	0	0	0	0	0.449151	0.449151	0	0	0	0.449151	0.449151
0	0	0	0	0	0	0	0	0	0.449109	0.449109	0	0	0	0	0	0	0	0	0	0	0	0	0	0.449109	0.449109	0	0	0	0	0	0	0	0	0	0	0	0	0	0	0	0	0	0	0	0	0	0	0	0	0	0	0	0	0.449109	0.449109	0	0	0	0	0	0	0	0	0	0	0	0	0	0	0.449109	0.449109	0	0	0	0	0	0	0	0	0	0	0	0	0	0	0	0	0	0	0	0	0	0	0	0	0	0	0	0	0	0	0	0	0	0	0	0	0	0	0	0	0	0	0	0	0	0	0	0	0.449109	0.449109	0	0	0	0	0	0	0	0	0	0	0	0	0	0	0	0	0	0	0	0	0	0	0	0	0	0	0	0	0.449109	0.449109	0	0	0	0	0	0	0	0	0	0	0	0	0	0	0	0	0	0	0	0	0	0	0	0	0	0	0	0	0.449109	0.449109	0	0	0	0	0	0.449109	0.449109	0	0	0	0	0	0	0	0	0	0	0	0	0	0	0	0	0	0	0	0.449109	0.449109	0	0	0	0	0	0	0	0	0	0	0	0	0	0	0	0	0	0	0	0	0	0	0	0	0	0	0	0	0	0	0	0	0.449109	0.449109	0	0	0	0	0	0.449109	0.449109	0	0	0	0.449109	0.449109
0	0	0	0	0	0	0	0	0	0.449067	0.449067	0	0	0	0	0	0	0	0	0	0	0	0	0	0.449067	0.449067	0	0	0	0	0	0	0	0	0	0	0	0	0	0	0	0	0	0	0	0	0	0	0	0	0	0	0	0	0.449067	0.449067	0	0	0	0	0	0	0	0	0	0	0	0	0	0	0.449067	0.449067	0	0	0	0	0	0	0	0	0	0	0	0	0	0	0	0	0	0	0	0	0	0	0	0	0	0	0	0	0	0	0	0	0	0	0	0	0	0	0	0	0	0	0	0	0	0	0	0	0.449067	0.449067	0	0	0	0	0	0	0	0	0	0	0	0	0	0	0	0	0	0	0	0	0	0	0	0	0	0	0	0	0.449067	0.449067	0	0	0	0	0	0	0	0	0	0	0	0	0	0	0	0	0	0	0	0	0	0	0	0	0	0	0	0	0.449067	0.449067	0	0	0	0	0	0.449067	0.449067	0	0	0	0	0	0	0	0	0	0	0	0	0	0	0	0	0	0	0	0.449067	0.449067	0	0	0	0	0	0	0	0	0	0	0	0	0	0	0	0	0	0	0	0	0	0	0	0	0	0	0	0	0	0	0	0	0.449067	0.449067	0	0	0	0	0	0.449067	0.449067	0	0	0	0.449067	0.449067
0	0	0	0	0	0	0	0	0	0.449024	0.449024	0	0	0	0	0	0	0	0	0	0	0	0	0	0.449024	0.449024	0	0	0	0	0	0	0	0	0	0	0	0	0	0	0	0	0	0	0	0	0	0	0	0	0	0	0	0	0.449024	0.449024	0	0	0	0	0	0	0	0	0	0	0	0	0	0	0.449024	0.449024	0	0	0	0	0	0	0	0	0	0	0	0	0	0	0	0	0	0	0	0	0	0	0	0	0	0	0	0	0	0	0	0	0	0	0	0	0	0	0	0	0	0	0	0	0	0	0	0	0.449024	0.449024	0	0	0	0	0	0	0	0	0	0	0	0	0	0	0	0	0	0	0	0	0	0	0	0	0	0	0	0	0.449024	0.449024	0	0	0	0	0	0	0	0	0	0	0	0	0	0	0	0	0	0	0	0	0	0	0	0	0	0	0	0	0.449024	0.449024	0	0	0	0	0	0.449024	0.449024	0	0	0	0	0	0	0	0	0	0	0	0	0	0	0	0	0	0	0	0.449024	0.449024	0	0	0	0	0	0	0	0	0	0	0	0	0	0	0	0	0	0	0	0	0	0	0	0	0	0	0	0	0	0	0	0	0.449024	0.449024	0	0	0	0	0	0.449024	0.449024	0	0	0	0.449024	0.449024
0	0	0	0	0	0	0	0	0	0.448982	0.448982	0	0	0	0	0	0	0	0	0	0	0	0	0	0.448982	0.448982	0	0	0	0	0	0	0	0	0	0	0	0	0	0	0	0	0	0	0	0	0	0	0	0	0	0	0	0	0.448982	0.448982	0	0	0	0	0	0	0	0	0	0	0	0	0	0	0.448982	0.448982	0	0	0	0	0	0	0	0	0	0	0	0	0	0	0	0	0	0	0	0	0	0	0	0	0	0	0	0	0	0	0	0	0	0	0	0	0	0	0	0	0	0	0	0	0	0	0	0	0.448982	0.448982	0	0	0	0	0	0	0	0	0	0	0	0	0	0	0	0	0	0	0	0	0	0	0	0	0	0	0	0	0.448982	0.448982	0	0	0	0	0	0	0	0	0	0	0	0	0	0	0	0	0	0	0	0	0	0	0	0	0	0	0	0	0.448982	0.448982	0	0	0	0	0	0.448982	0.448982	0	0	0	0	0	0	0	0	0	0	0	0	0	0	0	0	0	0	0	0.448982	0.448982	0	0	0	0	0	0	0	0	0	0	0	0	0	0	0	0	0	0	0	0	0	0	0	0	0	0	0	0	0	0	0	0	0.448982	0.448982	0	0	0	0	0	0.448982	0.448982	0	0	0	0.448982	0.448982
0	0	0	0	0	0	0	0	0	0.448933	0.448933	0	0	0	0	0	0	0	0	0	0	0	0	0	0.448933	0.448933	0	0	0	0	0	0	0	0	0	0	0	0	0	0	0	0	0	0	0	0	0	0	0	0	0	0	0	0	0.448933	0.448933	0	0	0	0	0	0	0	0	0	0	0	0	0	0	0.448933	0.448933	0	0	0	0	0	0	0	0	0	0	0	0	0	0	0	0	0	0	0	0	0	0	0	0	0	0	0	0	0	0	0	0	0	0	0	0	0	0	0	0	0	0	0	0	0	0	0	0	0.448933	0.448933	0	0	0	0	0	0	0	0	0	0	0	0	0	0	0	0	0	0	0	0	0	0	0	0	0	0	0	0	0.448933	0.448933	0	0	0	0	0	0	0	0	0	0	0	0	0	0	0	0	0	0	0	0	0	0	0	0	0	0	0	0	0.448933	0.448933	0	0	0	0	0	0.448933	0.448933	0	0	0	0	0	0	0	0	0	0	0	0	0	0	0	0	0	0	0	0.448933	0.448933	0	0	0	0	0	0	0	0	0	0	0	0	0	0	0	0	0	0	0	0	0	0	0	0	0	0	0	0	0	0	0	0	0.448933	0.448933	0	0	0	0	0	0.448933	0.448933	0	0	0	0.448933	0.448933
0	0	0	0	0	0	0	0	0	0.448891	0.448891	0	0	0	0	0	0	0	0	0	0	0	0	0	0.448891	0.448891	0	0	0	0	0	0	0	0	0	0	0	0	0	0	0	0	0	0	0	0	0	0	0	0	0	0	0	0	0.448891	0.448891	0	0	0	0	0	0	0	0	0	0	0	0	0	0	0.448891	0.448891	0	0	0	0	0	0	0	0	0	0	0	0	0	0	0	0	0	0	0	0	0	0	0	0	0	0	0	0	0	0	0	0	0	0	0	0	0	0	0	0	0	0	0	0	0	0	0	0	0.448891	0.448891	0	0	0	0	0	0	0	0	0	0	0	0	0	0	0	0	0	0	0	0	0	0	0	0	0	0	0	0	0.448891	0.448891	0	0	0	0	0	0	0	0	0	0	0	0	0	0	0	0	0	0	0	0	0	0	0	0	0	0	0	0	0.448891	0.448891	0	0	0	0	0	0.448891	0.448891	0	0	0	0	0	0	0	0	0	0	0	0	0	0	0	0	0	0	0	0.448891	0.448891	0	0	0	0	0	0	0	0	0	0	0	0	0	0	0	0	0	0	0	0	0	0	0	0	0	0	0	0	0	0	0	0	0.448891	0.448891	0	0	0	0	0	0.448891	0.448891	0	0	0	0.448891	0.448891
0	0	0	0	0	0	0	0	0	0.448848	0.448848	0	0	0	0	0	0	0	0	0	0	0	0	0	0.448848	0.448848	0	0	0	0	0	0	0	0	0	0	0	0	0	0	0	0	0	0	0	0	0	0	0	0	0	0	0	0	0.448848	0.448848	0	0	0	0	0	0	0	0	0	0	0	0	0	0	0.448848	0.448848	0	0	0	0	0	0	0	0	0	0	0	0	0	0	0	0	0	0	0	0	0	0	0	0	0	0	0	0	0	0	0	0	0	0	0	0	0	0	0	0	0	0	0	0	0	0	0	0	0.448848	0.448848	0	0	0	0	0	0	0	0	0	0	0	0	0	0	0	0	0	0	0	0	0	0	0	0	0	0	0	0	0.448848	0.448848	0	0	0	0	0	0	0	0	0	0	0	0	0	0	0	0	0	0	0	0	0	0	0	0	0	0	0	0	0.448848	0.448848	0	0	0	0	0	0.448848	0.448848	0	0	0	0	0	0	0	0	0	0	0	0	0	0	0	0	0	0	0	0.448848	0.448848	0	0	0	0	0	0	0	0	0	0	0	0	0	0	0	0	0	0	0	0	0	0	0	0	0	0	0	0	0	0	0	0	0.448848	0.448848	0	0	0	0	0	0.448848	0.448848	0	0	0	0.448848	0.448848
0	0	0	0	0	0	0	0	0	0.448806	0.448806	0	0	0	0	0	0	0	0	0	0	0	0	0	0.448806	0.448806	0	0	0	0	0	0	0	0	0	0	0	0	0	0	0	0	0	0	0	0	0	0	0	0	0	0	0	0	0.448806	0.448806	0	0	0	0	0	0	0	0	0	0	0	0	0	0	0.448806	0.448806	0	0	0	0	0	0	0	0	0	0	0	0	0	0	0	0	0	0	0	0	0	0	0	0	0	0	0	0	0	0	0	0	0	0	0	0	0	0	0	0	0	0	0	0	0	0	0	0	0.448806	0.448806	0	0	0	0	0	0	0	0	0	0	0	0	0	0	0	0	0	0	0	0	0	0	0	0	0	0	0	0	0.448806	0.448806	0	0	0	0	0	0	0	0	0	0	0	0	0	0	0	0	0	0	0	0	0	0	0	0	0	0	0	0	0.448806	0.448806	0	0	0	0	0	0.448806	0.448806	0	0	0	0	0	0	0	0	0	0	0	0	0	0	0	0	0	0	0	0.448806	0.448806	0	0	0	0	0	0	0	0	0	0	0	0	0	0	0	0	0	0	0	0	0	0	0	0	0	0	0	0	0	0	0	0	0.448806	0.448806	0	0	0	0	0	0.448806	0.448806	0	0	0	0.448806	0.448806
3.02871	2.80505	2.69087	2.80505	3.02871	3.13852	3.13852	3.13852	3.13852	3.04523	2.82289	2.69087	2.69087	2.69087	2.69087	2.69087	2.69087	2.69087	2.69087	2.69087	2.69087	2.69087	2.69087	2.69087	2.82289	3.04523	3.13852	3.13852	3.13852	3.13852	3.13852	3.13852	3.13852	3.13852	3.13852	3.13852	3.13852	3.13852	3.13852	3.13852	3.13852	3.13852	3.02871	2.80505	2.69087	2.69087	2.69087	2.69087	2.69087	2.69087	2.69087	2.69087	2.69087	2.69087	2.82289	3.04523	3.13852	3.13852	3.13852	3.13852	3.13852	3.13852	3.13852	3.13852	3.13852	3.13852	3.13852	3.13852	3.02871	2.80505	2.82289	3.04523	3.13852	3.13852	3.13852	3.13852	3.13852	3.13852	3.13852	3.13852	3.13852	3.13852	3.13852	3.13852	3.13852	3.13852	3.13852	3.13852	3.13852	3.02871	2.80505	2.69087	2.69087	2.69087	2.69087	2.69087	2.69087	2.69087	2.69087	2.69087	2.69087	2.69087	2.69087	2.69087	2.69087	2.69087	2.69087	2.69087	2.69087	2.69087	2.69087	2.69087	2.69087	2.69087	2.69087	2.69087	2.58134	2.35758	2.2429	2.2429	2.37879	2.60072	2.69087	2.69087	2.69087	2.69087	2.69087	2.69087	2.69087	2.69087	2.69087	2.69087	2.69087	2.69087	2.69087	2.69087	2.69087	2.69087	2.69087	2.69087	2.69087	2.69087	2.69087	2.69087	2.69087	2.69087	2.58134	2.35758	2.2429	2.2429	2.37879	2.60072	2.69087	2.69087	2.69087	2.69087	2.69087	2.69087	2.69087	2.69087	2.69087	2.69087	2.69087	2.69087	2.69087	2.69087	2.69087	2.69087	2.69087	2.69087	2.69087	2.69087	2.69087	2.69087	2.69087	2.69087	2.69087	2.69087	2.69087	2.69087	2.82289	3.04523	3.13852	3.13852	3.13852	3.13852	3.13852	3.04523	2.82289	2.69087	2.69087	2.69087	2.69087	2.69087	2.69087	2.69087	2.69087	2.69087	2.69087	2.69087	2.69087	2.80505	3.02871	3.13852	3.13852	3.13852	3.13852	3.13852	3.04523	2.82289	2.69087	2.69087	2.69087	2.69087	2.69087	2.69087	2.69087	2.69087	2.69087	2.69087	2.69087	2.69087	2.69087	2.69087	2.58134	2.35758	2.2429	2.2429	2.2429	2.2429	2.2429	2.2429	2.2429	2.2429	2.2429	2.2429	2.35758	2.58134	2.69087	2.69087	2.69087	2.80505	2.94896	2.82289	2.69087	2.69087	2.69087	2.80505	3.02871	3.04523	2.82289	2.80505	3.02871	3.13852	3.04523	2.82289
3.04494	2.82262	2.69062	2.82262	3.04494	3.13822	3.13822	3.13822	3.13822	3.02843	2.80479	2.69062	2.69062	2.69062	2.69062	2.69062	2.69062	2.69062	2.69062	2.69062	2.69062	2.69062	2.69062	2.69062	2.80479	3.02843	3.13822	3.13822	3.13822	3.13822	3.13822	3.13822	3.13822	3.13822	3.13822	3.13822	3.13822	3.13822	3.13822	3.13822	3.13822	3.13822	3.04494	2.82262	2.69062	2.69062	2.69062	2.69062	2.69062	2.69062	2.69062	2.69062	2.69062	2.69062	2.80479	3.02843	3.13822	3.13822	3.13822	3.13822	3.13822	3.13822	3.13822	3.13822	3.13822	3.13822	3.13822	3.13822	3.04494	2.82262	2.80479	3.02843	3.13822	3.13822	3.13822	3.13822	3.13822	3.13822	3.13822	3.13822	3.13822	3.13822	3.13822	3.13822	3.13822	3.13822	3.13822	3.13822	3.13822	3.04494	2.82262	2.69062	2.69062	2.69062	2.69062	2.69062	2.69062	2.69062	2.69062	2.69062	2.69062	2.69062	2.69062	2.69062	2.69062	2.69062	2.69062	2.69062	2.69062	2.69062	2.69062	2.69062	2.69062	2.69062	2.69062	2.69062	2.60047	2.37857	2.24269	2.24269	2.35736	2.5811	2.69062	2.69062	2.69062	2.69062	2.69062	2.69062	2.69062	2.69062	2.69062	2.69062	2.69062	2.69062	2.69062	2.69062	2.69062	2.69062	2.69062	2.69062	2.69062	2.69062	2.69062	2.69062	2.69062	2.69062	2.60047	2.37857	2.24269	2.24269	2.35736	2.5811	2.69062	2.69062	2.69062	2.69062	2.69062	2.69062	2.69062	2.69062	2.69062	2.69062	2.69062	2.69062	2.69062	2.69062	2.69062	2.69062	2.69062	2.69062	2.69062	2.69062	2.69062	2.69062	2.69062	2.69062	2.69062	2.69062	2.69062	2.69062	2.80479	3.02843	3.13822	3.13822	3.13822	3.13822	3.13822	3.02843	2.80479	2.69062	2.69062	2.69062	2.69062	2.69062	2.69062	2.69062	2.69062	2.69062	2.69062	2.69062	2.69062	2.82262	3.04494	3.13822	3.13822	3.13822	3.13822	3.13822	3.02843	2.80479	2.69062	2.69062	2.69062	2.69062	2.69062	2.69062	2.69062	2.69062	2.69062	2.69062	2.69062	2.69062	2.69062	2.69062	2.60047	2.37857	2.24269	2.24269	2.24269	2.24269	2.24269	2.24269	2.24269	2.24269	2.24269	2.24269	2.37857	2.60047	2.69062	2.69062	2.69062	2.82262	2.94869	2.80479	2.69062	2.69062	2.69062	2.82262	3.04494	3.02843	2.80479	2.82262	3.04494	3.13822	3.02843	2.80479
0.44868	0.44868	0	0.44868	0.44868	0	0	0	0	0	0	0	0	0	0	0	0	0	0	0	0	0	0	0	0	0	0	0	0	0	0	0	0	0	0	0	0	0	0	0	0	0	0.44868	0.44868	0	0	0	0	0	0	0	0	0	0	0	0	0	0	0	0	0	0	0	0	0	0	0	0	0.44868	0.44868	0	0	0	0	0	0	0	0	0	0	0	0	0	0	0	0	0	0	0	0.44868	0.44868	0	0	0	0	0	0	0	0	0	0	0	0	0	0	0	0	0	0	0	0	0	0	0	0	0	0.44868	0.44868	0	0	0	0	0	0	0	0	0	0	0	0	0	0	0	0	0	0	0	0	0	0	0	0	0	0	0	0	0.44868	0.44868	0	0	0	0	0	0	0	0	0	0	0	0	0	0	0	0	0	0	0	0	0	0	0	0	0	0	0	0	0	0	0	0	0	0	0	0	0	0	0	0	0	0	0	0	0	0	0	0	0	0	0	0	0	0.44868	0.44868	0	0	0	0	0	0	0	0	0	0	0	0	0	0	0	0	0	0	0	0	0	0.44868	0.44868	0	0	0	0	0	0	0	0	0	0	0.44868	0.44868	0	0	0	0.44868	0.44868	0	0	0	0	0.44868	0.44868	0	0	0.44868	0.44868	0	0	0
0.448638	0.448638	0	0.448638	0.448638	0	0	0	0	0	0	0	0	0	0	0	0	0	0	0	0	0	0	0	0	0	0	0	0	0	0	0	0	0	0	0	0	0	0	0	0	0	0.448638	0.448638	0	0	0	0	0	0	0	0	0	0	0	0	0	0	0	0	0	0	0	0	0	0	0	0	0.448638	0.448638	0	0	0	0	0	0	0	0	0	0	0	0	0	0	0	0	0	0	0	0.448638	0.448638	0	0	0	0	0	0	0	0	0	0	0	0	0	0	0	0	0	0	0	0	0	0	0	0	0	0.448638	0.448638	0	0	0	0	0	0	0	0	0	0	0	0	0	0	0	0	0	0	0	0	0	0	0	0	0	0	0	0	0.448638	0.448638	0	0	0	0	0	0	0	0	0	0	0	0	0	0	0	0	0	0	0	0	0	0	0	0	0	0	0	0	0	0	0	0	0	0	0	0	0	0	0	0	0	0	0	0	0	0	0	0	0	0	0	0	0	0.448638	0.448638	0	0	0	0	0	0	0	0	0	0	0	0	0	0	0	0	0	0	0	0	0	0.448638	0.448638	0	0	0	0	0	0	0	0	0	0	0.448638	0.448638	0	0	0	0.448638	0.448638	0	0	0	0	0.448638	0.448638	0	0	0.448638	0.448638	0	0	0
0.448595	0.448595	0	0.448595	0.448595	0	0	0	0	0	0	0	0	0	0	0	0	0	0	0	0	0	0	0	0	0	0	0	0	0	0	0	0	0	0	0	0	0	0	0	0	0	0.448595	0.448595	0	0	0	0	0	0	0	0	0	0	0	0	0	0	0	0	0	0	0	0	0	0	0	0	0.448595	0.448595	0	0	0	0	0	0	0	0	0	0	0	0	0	0	0	0	0	0	0	0.448595	0.448595	0	0	0	0	0	0	0	0	0	0	0	0	0	0	0	0	0	0	0	0	0	0	0	0	0	0.448595	0.448595	0	0	0	0	0	0	0	0	0	0	0	0	0	0	0	0	0	0	0	0	0	0	0	0	0	0	0	0	0.448595	0.448595	0	0	0	0	0	0	0	0	0	0	0	0	0	0	0	0	0	0	0	0	0	0	0	0	0	0	0	0	0	0	0	0	0	0	0	0	0	0	0	0	0	0	0	0	0	0	0	0	0	0	0	0	0	0.448595	0.448595	0	0	0	0	0	0	0	0	0	0	0	0	0	0	0	0	0	0	0	0	0	0.448595	0.448595	0	0	0	0	0	0	0	0	0	0	0.448595	0.448595	0	0	0	0.448595	0.448595	0	0	0	0	0.448595	0.448595	0	0	0.448595	0.448595	0	0	0
0.448553	0.448553	0	0.448553	0.448553	0	0	0	0	0	0	0	0	0	0	0	0	0	0	0	0	0	0	0	0	0	0	0	0	0	0	0	0	0	0	0	0	0	0	0	0	0	0.448553	0.448553	0	0	0	0	0	0	0	0	0	0	0	0	0	0	0	0	0	0	0	0	0	0	0	0	0.448553	0.448553	0	0	0	0	0	0	0	0	0	0	0	0	0	0	0	0	0	0	0	0.448553	0.448553	0	0	0	0	0	0	0	0	0	0	0	0	0	0	0	0	0	0	0	0	0	0	0	0	0	0.448553	0.448553	0	0	0	0	0	0	0	0	0	0	0	0	0	0	0	0	0	0	0	0	0	0	0	0	0	0	0	0	0.448553	0.448553	0	0	0	0	0	0	0	0	0	0	0	0	0	0	0	0	0	0	0	0	0	0	0	0	0	0	0	0	0	0	0	0	0	0	0	0	0	0	0	0	0	0	0	0	0	0	0	0	0	0	0	0	0	0.448553	0.448553	0	0	0	0	0	0	0	0	0	0	0	0	0	0	0	0	0	0	0	0	0	0.448553	0.448553	0	0	0	0	0	0	0	0	0	0	0.448553	0.448553	0	0	0	0.448553	0.448553	0	0	0	0	0.448553	0.448553	0	0	0.448553	0.448553	0	0	0
0.448511	0.448511	0	0.448511	0.448511	0	0	0	0	0	0	0	0	0	0	0	0	0	0	0	0	0	0	0	0	0	0	0	0	0	0	0	0	0	0	0	0	0	0	0	0	0	0.448511	0.448511	0	0	0	0	0	0	0	0	0	0	0	0	0	0	0	0	0	0	0	0	0	0	0	0	0.448511	0.448511	0	0	0	0	0	0	0	0	0	0	0	0	0	0	0	0	0	0	0	0.448511	0.448511	0	0	0	0	0	0	0	0	0	0	0	0	0	0	0	0	0	0	0	0	0	0	0	0	0	0.448511	0.448511	0	0	0	0	0	0	0	0	0	0	0	0	0	0	0	0	0	0	0	0	0	0	0	0	0	0	0	0	0.448511	0.448511	0	0	0	0	0	0	0	0	0	0	0	0	0	0	0	0	0	0	0	0	0	0	0	0	0	0	0	0	0	0	0	0	0	0	0	0	0	0	0	0	0	0	0	0	0	0	0	0	0	0	0	0	0	0.448511	0.448511	0	0	0	0	0	0	0	0	0	0	0	0	0	0	0	0	0	0	0	0	0	0.448511	0.448511	0	0	0	0	0	0	0	0	0	0	0.448511	0.448511	0	0	0	0.448511	0.448511	0	0	0	0	0.448511	0.448511	0	0	0.448511	0.448511	0	0	0
0.448462	0.448462	0	0.448462	0.448462	0	0	0	0	0	0	0	0	0	0	0	0	0	0	0	0	0	0	0	0	0	0	0	0	0	0	0	0	0	0	0	0	0	0	0	0	0	0.448462	0.448462	0	0	0	0	0	0	0	0	0	0	0	0	0	0	0	0	0	0	0	0	0	0	0	0	0.448462	0.448462	0	0	0	0	0	0	0	0	0	0	0	0	0	0	0	0	0	0	0	0.448462	0.448462	0	0	0	0	0	0	0	0	0	0	0	0	0	0	0	0	0	0	0	0	0	0	0	0	0	0.448462	0.448462	0	0	0	0	0	0	0	0	0	0	0	0	0	0	0	0	0	0	0	0	0	0	0	0	0	0	0	0	0.448462	0.448462	0	0	0	0	0	0	0	0	0	0	0	0	0	0	0	0	0	0	0	0	0	0	0	0	0	0	0	0	0	0	0	0	0	0	0	0	0	0	0	0	0	0	0	0	0	0	0	0	0	0	0	0	0	0.448462	0.448462	0	0	0	0	0	0	0	0	0	0	0	0	0	0	0	0	0	0	0	0	0	0.448462	0.448462	0	0	0	0	0	0	0	0	0	0	0.448462	0.448462	0	0	0	0.448462	0.448462	0	0	0	0	0.448462	0.448462	0	0	0.448462	0.448462	0	0	0
0.44842	0.44842	0	0.44842	0.44842	0	0	0	0	0	0	0	0	0	0	0	0	0	0	0	0	0	0	0	0	0	0	0	0	0	0	0	0	0	0	0	0	0	0	0	0	0	0.44842	0.44842	0	0	0	0	0	0	0	0	0	0	0	0	0	0	0	0	0	0	0	0	0	0	0	0	0.44842	0.44842	0	0	0	0	0	0	0	0	0	0	0	0	0	0	0	0	0	0	0	0.44842	0.44842	0	0	0	0	0	0	0	0	0	0	0	0	0	0	0	0	0	0	0	0	0	0	0	0	0	0.44842	0.44842	0	0	0	0	0	0	0	0	0	0	0	0	0	0	0	0	0	0	0	0	0	0	0	0	0	0	0	0	0.44842	0.44842	0	0	0	0	0	0	0	0	0	0	0	0	0	0	0	0	0	0	0	0	0	0	0	0	0	0	0	0	0	0	0	0	0	0	0	0	0	0	0	0	0	0	0	0	0	0	0	0	0	0	0	0	0	0.44842	0.44842	0	0	0	0	0	0	0	0	0	0	0	0	0	0	0	0	0	0	0	0	0	0.44842	0.44842	0	0	0	0	0	0	0	0	0	0	0.44842	0.44842	0	0	0	0.44842	0.44842	0	0	0	0	0.44842	0.44842	0	0	0.44842	0.44842	0	0	0
0.448378	0.448378	0	0.448378	0.448378	0	0	0	0	0	0	0	0	0	0	0	0	0	0	0	0	0	0	0	0	0	0	0	0	0	0	0	0	0	0	0	0	0	0	0	0	0	0.448378	0.448378	0	0	0	0	0	0	0	0	0	0	0	0	0	0	0	0	0	0	0	0	0	0	0	0	0.448378	0.448378	0	0	0	0	0	0	0	0	0	0	0	0	0	0	0	0	0	0	0	0.448378	0.448378	0	0	0	0	0	0	0	0	0	0	0	0	0	0	0	0	0	0	0	0	0	0	0	0	0	0.448378	0.448378	0	0	0	0	0	0	0	0	0	0	0	0	0	0	0	0	0	0	0	0	0	0	0	0	0	0	0	0	0.448378	0.448378	0	0	0	0	0	0	0	0	0	0	0	0	0	0	0	0	0	0	0	0	0	0	0	0	0	0	0	0	0	0	0	0	0	0	0	0	0	0	0	0	0	0	0	0	0	0	0	0	0	0	0	0	0	0.448378	0.448378	0	0	0	0	0	0	0	0	0	0	0	0	0	0	0	0	0	0	0	0	0	0.448378	0.448378	0	0	0	0	0	0	0	0	0	0	0.448378	0.448378	0	0	0	0.448378	0.448378	0	0	0	0	0.448378	0.448378	0	0	0.448378	0.448378	0	0	0
0.448336	0.448336	0	0.448336	0.448336	0	0	0	0	0	0	0	0	0	0	0	0	0	0	0	0	0	0	0	0	0	0	0	0	0	0	0	0	0	0	0	0	0	0	0	0	0	0.448336	0.448336	0	0	0	0	0	0	0	0	0	0	0	0	0	0	0	0	0	0	0	0	0	0	0	0	0.448336	0.448336	0	0	0	0	0	0	0	0	0	0	0	0	0	0	0	0	0	0	0	0.448336	0.448336	0	0	0	0	0	0	0	0	0	0	0	0	0	0	0	0	0	0	0	0	0	0	0	0	0	0.448336	0.448336	0	0	0	0	0	0	0	0	0	0	0	0	0	0	0	0	0	0	0	0	0	0	0	0	0	0	0	0	0.448336	0.448336	0	0	0	0	0	0	0	0	0	0	0	0	0	0	0	0	0	0	0	0	0	0	0	0	0	0	0	0	0	0	0	0	0	0	0	0	0	0	0	0	0	0	0	0	0	0	0	0	0	0	0	0	0	0.448336	0.448336	0	0	0	0	0	0	0	0	0	0	0	0	0	0	0	0	0	0	0	0	0	0.448336	0.448336	0	0	0	0	0	0	0	0	0	0	0.448336	0.448336	0	0	0	0.448336	0.448336	0	0	0	0	0.448336	0.448336	0	0	0.448336	0.448336	0	0	0
0.448294	0.448294	0	0.448294	0.448294	0	0	0	0	0	0	0	0	0	0	0	0	0	0	0	0	0	0	0	0	0	0	0	0	0	0	0	0	0	0	0	0	0	0	0	0	0	0.448294	0.448294	0	0	0	0	0	0	0	0	0	0	0	0	0	0	0	0	0	0	0	0	0	0	0	0	0.448294	0.448294	0	0	0	0	0	0	0	0	0	0	0	0	0	0	0	0	0	0	0	0.448294	0.448294	0	0	0	0	0	0	0	0	0	0	0	0	0	0	0	0	0	0	0	0	0	0	0	0	0	0.448294	0.448294	0	0	0	0	0	0	0	0	0	0	0	0	0	0	0	0	0	0	0	0	0	0	0	0	0	0	0	0	0.448294	0.448294	0	0	0	0	0	0	0	0	0	0	0	0	0	0	0	0	0	0	0	0	0	0	0	0	0	0	0	0	0	0	0	0	0	0	0	0	0	0	0	0	0	0	0	0	0	0	0	0	0	0	0	0	0	0.448294	0.448294	0	0	0	0	0	0	0	0	0	0	0	0	0	0	0	0	0	0	0	0	0	0.448294	0.448294	0	0	0	0	0	0	0	0	0	0	0.448294	0.448294	0	0	0	0.448294	0.448294	0	0	0	0	0.448294	0.448294	0	0	0.448294	0.448294	0	0	0
0.448252	0.448252	0	0.448252	0.448252	0	0	0	0	0	0	0	0	0	0	0	0	0	0	0	0	0	0	0	0	0	0	0	0	0	0	0	0	0	0	0	0	0	0	0	0	0	0.448252	0.448252	0	0	0	0	0	0	0	0	0	0	0	0	0	0	0	0	0	0	0	0	0	0	0	0	0.448252	0.448252	0	0	0	0	0	0	0	0	0	0	0	0	0	0	0	0	0	0	0	0.448252	0.448252	0	0	0	0	0	0	0	0	0	0	0	0	0	0	0	0	0	0	0	0	0	0	0	0	0	0.448252	0.448252	0	0	0	0	0	0	0	0	0	0	0	0	0	0	0	0	0	0	0	0	0	0	0	0	0	0	0	0	0.448252	0.448252	0	0	0	0	0	0	0	0	0	0	0	0	0	0	0	0	0	0	0	0	0	0	0	0	0	0	0	0	0	0	0	0	0	0	0	0	0	0	0	0	0	0	0	0	0	0	0	0	0	0	0	0	0	0.448252	0.448252	0	0	0	0	0	0	0	0	0	0	0	0	0	0	0	0	0	0	0	0	0	0.448252	0.448252	0	0	0	0	0	0	0	0	0	0	0.448252	0.448252	0	0	0	0.448252	0.448252	0	0	0	0	0.448252	0.448252	0	0	0.448252	0.448252	0	0	0
2.8194	3.04147	3.13464	3.04147	2.8194	2.68755	2.68755	2.68755	2.68755	2.68755	2.68755	2.68755	2.80159	3.02497	3.13464	3.13464	3.13464	3.13464	3.02497	2.80159	2.68755	2.68755	2.68755	2.68755	2.68755	2.68755	2.68755	2.68755	2.68755	2.68755	2.68755	2.68755	2.68755	2.68755	2.68755	2.68755	2.68755	2.68755	2.68755	2.68755	2.68755	2.68755	2.8194	3.04147	3.13464	3.13464	3.13464	3.13464	3.13464	3.13464	3.13464	3.13464	3.13464	3.13464	3.13464	3.13464	3.13464	3.13464	3.13464	3.13464	3.13464	3.13464	3.02497	2.80159	2.68755	2.68755	2.68755	2.68755	2.8194	3.04147	3.13464	3.13464	3.13464	3.13464	3.13464	3.13464	3.13464	3.13464	3.13464	3.02497	2.80159	2.68755	2.68755	2.68755	2.68755	2.68755	2.68755	2.68755	2.68755	2.8194	3.04147	3.13464	3.13464	3.13464	3.13464	3.13464	3.13464	3.02497	2.80159	2.68755	2.68755	2.68755	2.68755	2.68755	2.68755	2.68755	2.68755	2.68755	2.68755	2.68755	2.68755	2.68755	2.57815	2.35467	2.24013	2.24013	2.37586	2.59751	2.68755	2.68755	2.68755	2.68755	2.68755	2.68755	2.68755	2.68755	2.68755	2.68755	2.68755	2.68755	2.68755	2.68755	2.68755	2.68755	2.68755	2.68755	2.68755	2.68755	2.68755	2.68755	2.68755	2.68755	2.68755	2.68755	2.68755	2.68755	2.8194	3.04147	3.13464	3.13464	3.13464	3.13464	3.13464	3.13464	3.13464	3.13464	3.13464	3.02497	2.80159	2.68755	2.68755	2.68755	2.68755	2.68755	2.68755	2.68755	2.68755	2.68755	2.68755	2.68755	2.68755	2.68755	2.68755	2.68755	2.68755	2.68755	2.68755	2.68755	2.68755	2.68755	2.68755	2.68755	2.68755	2.68755	2.68755	2.68755	2.68755	2.68755	2.68755	2.68755	2.68755	2.68755	2.68755	2.68755	2.68755	2.68755	2.68755	2.68755	2.68755	2.68755	2.68755	2.59751	2.37586	2.24013	2.24013	2.24013	2.24013	2.24013	2.24013	2.24013	2.24013	2.24013	2.24013	2.24013	2.24013	2.24013	2.24013	2.24013	2.24013	2.24013	2.24013	2.24013	2.24013	2.24013	2.37586	2.59751	2.68755	2.68755	2.68755	2.68755	2.68755	2.68755	2.68755	2.68755	2.68755	2.68755	2.59751	2.37586	2.35467	2.57815	2.68755	2.59751	2.37586	2.24013	2.24013	2.24013	2.24013	2.28444	2.28444	2.24013	2.24013	2.15456	1.93378	1.90767	2.13117	2.24013
2.80128	3.02464	3.1343	3.02464	2.80128	2.68726	2.68726	2.68726	2.68726	2.68726	2.68726	2.68726	2.8191	3.04114	3.1343	3.1343	3.1343	3.1343	3.04114	2.8191	2.68726	2.68726	2.68726	2.68726	2.68726	2.68726	2.68726	2.68726	2.68726	2.68726	2.68726	2.68726	2.68726	2.68726	2.68726	2.68726	2.68726	2.68726	2.68726	2.68726	2.68726	2.68726	2.80128	3.02464	3.1343	3.1343	3.1343	3.1343	3.1343	3.1343	3.1343	3.1343	3.1343	3.1343	3.1343	3.1343	3.1343	3.1343	3.1343	3.1343	3.1343	3.1343	3.04114	2.8191	2.68726	2.68726	2.68726	2.68726	2.80128	3.02464	3.1343	3.1343	3.1343	3.1343	3.1343	3.1343	3.1343	3.1343	3.1343	3.04114	2.8191	2.68726	2.68726	2.68726	2.68726	2.68726	2.68726	2.68726	2.68726	2.80128	3.02464	3.1343	3.1343	3.1343	3.1343	3.1343	3.1343	3.04114	2.8191	2.68726	2.68726	2.68726	2.68726	2.68726	2.68726	2.68726	2.68726	2.68726	2.68726	2.68726	2.68726	2.68726	2.59722	2.3756	2.23988	2.23988	2.35441	2.57787	2.68726	2.68726	2.68726	2.68726	2.68726	2.68726	2.68726	2.68726	2.68726	2.68726	2.68726	2.68726	2.68726	2.68726	2.68726	2.68726	2.68726	2.68726	2.68726	2.68726	2.68726	2.68726	2.68726	2.68726	2.68726	2.68726	2.68726	2.68726	2.80128	3.02464	3.1343	3.1343	3.1343	3.1343	3.1343	3.1343	3.1343	3.1343	3.1343	3.04114	2.8191	2.68726	2.68726	2.68726	2.68726	2.68726	2.68726	2.68726	2.68726	2.68726	2.68726	2.68726	2.68726	2.68726	2.68726	2.68726	2.68726	2.68726	2.68726	2.68726	2.68726	2.68726	2.68726	2.68726	2.68726	2.68726	2.68726	2.68726	2.68726	2.68726	2.68726	2.68726	2.68726	2.68726	2.68726	2.68726	2.68726	2.68726	2.68726	2.68726	2.68726	2.68726	2.68726	2.57787	2.35441	2.23988	2.23988	2.23988	2.23988	2.23988	2.23988	2.23988	2.23988	2.23988	2.23988	2.23988	2.23988	2.23988	2.23988	2.23988	2.23988	2.23988	2.23988	2.23988	2.23988	2.23988	2.35441	2.57787	2.68726	2.68726	2.68726	2.68726	2.68726	2.68726	2.68726	2.68726	2.68726	2.68726	2.57787	2.35441	2.3756	2.59722	2.68726	2.57787	2.35441	2.23988	2.23988	2.23988	2.23988	2.28419	2.28419	2.23988	2.23988	2.13093	1.90746	1.93356	2.15433	2.23988
0	0	0	0	0	0	0	0	0	0	0	0	0.448125	0.448125	0	0	0	0	0.448125	0.448125	0	0	0	0	0	0	0	0	0	0	0	0	0	0	0	0	0	0	0	0	0	0	0	0	0	0	0	0	0	0	0	0	0	0	0	0	0	0	0	0	0	0	0.448125	0.448125	0	0	0	0	0	0	0	0	0	0	0	0	0	0	0	0.448125	0.448125	0	0	0	0	0	0	0	0	0	0	0	0	0	0	0	0	0.448125	0.448125	0	0	0	0	0	0	0	0	0	0	0	0	0	0.448125	0.448125	0	0	0	0	0	0	0	0	0	0	0	0	0	0	0	0	0	0	0	0	0	0	0	0	0	0	0	0	0	0	0	0	0	0	0	0	0	0	0	0	0	0	0	0.448125	0.448125	0	0	0	0	0	0	0	0	0	0	0	0	0	0	0	0	0	0	0	0	0	0	0	0	0	0	0	0	0	0	0	0	0	0	0	0	0	0	0	0	0	0	0	0	0	0	0	0	0	0	0	0	0	0	0	0	0	0	0	0	0	0	0	0	0	0	0	0	0	0	0	0	0	0	0	0	0	0	0	0.448125	0.448125	0	0	0	0	0	0	0	0.448125	0.448125	0	0	0	0	0.448125	0.448125	0
0	0	0	0	0	0	0	0	0	0	0	0	0.448083	0.448083	0	0	0	0	0.448083	0.448083	0	0	0	0	0	0	0	0	0	0	0	0	0	0	0	0	0	0	0	0	0	0	0	0	0	0	0	0	0	0	0	0	0	0	0	0	0	0	0	0	0	0	0.448083	0.448083	0	0	0	0	0	0	0	0	0	0	0	0	0	0	0	0.448083	0.448083	0	0	0	0	0	0	0	0	0	0	0	0	0	0	0	0	0.448083	0.448083	0	0	0	0	0	0	0	0	0	0	0	0	0	0.448083	0.448083	0	0	0	0	0	0	0	0	0	0	0	0	0	0	0	0	0	0	0	0	0	0	0	0	0	0	0	0	0	0	0	0	0	0	0	0	0	0	0	0	0	0	0	0.448083	0.448083	0	0	0	0	0	0	0	0	0	0	0	0	0	0	0	0	0	0	0	0	0	0	0	0	0	0	0	0	0	0	0	0	0	0	0	0	0	0	0	0	0	0	0	0	0	0	0	0	0	0	0	0	0	0	0	0	0	0	0	0	0	0	0	0	0	0	0	0	0	0	0	0	0	0	0	0	0	0	0	0.448083	0.448083	0	0	0	0	0	0	0	0.448083	0.448083	0	0	0	0	0.448083	0.448083	0
0	0	0	0	0	0	0	0	0	0	0	0	0.448041	0.448041	0	0	0	0	0.448041	0.448041	0	0	0	0	0	0	0	0	0	0	0	0	0	0	0	0	0	0	0	0	0	0	0	0	0	0	0	0	0	0	0	0	0	0	0	0	0	0	0	0	0	0	0.448041	0.448041	0	0	0	0	0	0	0	0	0	0	0	0	0	0	0	0.448041	0.448041	0	0	0	0	0	0	0	0	0	0	0	0	0	0	0	0	0.448041	0.448041	0	0	0	0	0	0	0	0	0	0	0	0	0	0.448041	0.448041	0	0	0	0	0	0	0	0	0	0	0	0	0	0	0	0	0	0	0	0	0	0	0	0	0	0	0	0	0	0	0	0	0	0	0	0	0	0	0	0	0	0	0	0.448041	0.448041	0	0	0	0	0	0	0	0	0	0	0	0	0	0	0	0	0	0	0	0	0	0	0	0	0	0	0	0	0	0	0	0	0	0	0	0	0	0	0	0	0	0	0	0	0	0	0	0	0	0	0	0	0	0	0	0	0	0	0	0	0	0	0	0	0	0	0	0	0	0	0	0	0	0	0	0	0	0	0	0.448041	0.448041	0	0	0	0	0	0	0	0.448041	0.448041	0	0	0	0	0.448041	0.448041	0
0	0	0	0	0	0	0	0	0	0	0	0	0.447992	0.447992	0	0	0	0	0.447992	0.447992	0	0	0	0	0	0	0	0	0	0	0	0	0	0	0	0	0	0	0	0	0	0	0	0	0	0	0	0	0	0	0	0	0	0	0	0	0	0	0	0	0	0	0.447992	0.447992	0	0	0	0	0	0	0	0	0	0	0	0	0	0	0	0.447992	0.447992	0	0	0	0	0	0	0	0	0	0	0	0	0	0	0	0	0.447992	0.447992	0	0	0	0	0	0	0	0	0	0	0	0	0	0.447992	0.447992	0	0	0	0	0	0	0	0	0	0	0	0	0	0	0	0	0	0	0	0	0	0	0	0	0	0	0	0	0	0	0	0	0	0	0	0	0	0	0	0	0	0	0	0.447992	0.447992	0	0	0	0	0	0	0	0	0	0	0	0	0	0	0	0	0	0	0	0	0	0	0	0	0	0	0	0	0	0	0	0	0	0	0	0	0	0	0	0	0	0	0	0	0	0	0	0	0	0	0	0	0	0	0	0	0	0	0	0	0	0	0	0	0	0	0	0	0	0	0	0	0	0	0	0	0	0	0	0.447992	0.447992	0	0	0	0	0	0	0	0.447992	0.447992	0	0	0	0	0.447992	0.447992	0
0	0	0	0	0	0	0	0	0	0	0	0	0.44795	0.44795	0	0	0	0	0.44795	0.44795	0	0	0	0	0	0	0	0	0	0	0	0	0	0	0	0	0	0	0	0	0	0	0	0	0	0	0	0	0	0	0	0	0	0	0	0	0	0	0	0	0	0	0.44795	0.44795	0	0	0	0	0	0	0	0	0	0	0	0	0	0	0	0.44795	0.44795	0	0	0	0	0	0	0	0	0	0	0	0	0	0	0	0	0.44795	0.44795	0	0	0	0	0	0	0	0	0	0	0	0	0	0.44795	0.44795	0	0	0	0	0	0	0	0	0	0	0	0	0	0	0	0	0	0	0	0	0	0	0	0	0	0	0	0	0	0	0	0	0	0	0	0	0	0	0	0	0	0	0	0.44795	0.44795	0	0	0	0	0	0	0	0	0	0	0	0	0	0	0	0	0	0	0	0	0	0	0	0	0	0	0	0	0	0	0	0	0	0	0	0	0	0	0	0	0	0	0	0	0	0	0	0	0	0	0	0	0	0	0	0	0	0	0	0	0	0	0	0	0	0	0	0	0	0	0	0	0	0	0	0	0	0	0	0.44795	0.44795	0	0	0	0	0	0	0	0.44795	0.44795	0	0	0	0	0.44795	0.44795	0
0	0	0	0	0	0	0	0	0	0	0	0	0.447908	0.447908	0	0	0	0	0.447908	0.447908	0	0	0	0	0	0	0	0	0	0	0	0	0	0	0	0	0	0	0	0	0	0	0	0	0	0	0	0	0	0	0	0	0	0	0	0	0	0	0	0	0	0	0.447908	0.447908	0	0	0	0	0	0	0	0	0	0	0	0	0	0	0	0.447908	0.447908	0	0	0	0	0	0	0	0	0	0	0	0	0	0	0	0	0.447908	0.447908	0	0	0	0	0	0	0	0	0	0	0	0	0	0.447908	0.447908	0	0	0	0	0	0	0	0	0	0	0	0	0	0	0	0	0	0	0	0	0	0	0	0	0	0	0	0	0	0	0	0	0	0	0	0	0	0	0	0	0	0	0	0.447908	0.447908	0	0	0	0	0	0	0	0	0	0	0	0	0	0	0	0	0	0	0	0	0	0	0	0	0	0	0	0	0	0	0	0	0	0	0	0	0	0	0	0	0	0	0	0	0	0	0	0	0	0	0	0	0	0	0	0	0	0	0	0	0	0	0	0	0	0	0	0	0	0	0	0	0	0	0	0	0	0	0	0.447908	0.447908	0	0	0	0	0	0	0	0.447908	0.447908	0	0	0	0	0.447908	0.447908	0
0	0	0	0	0	0	0	0	0	0	0	0	0.447866	0.447866	0	0	0	0	0.447866	0.447866	0	0	0	0	0	0	0	0	0	0	0	0	0	0	0	0	0	0	0	0	0	0	0	0	0	0	0	0	0	0	0	0	0	0	0	0	0	0	0	0	0	0	0.447866	0.447866	0	0	0	0	0	0	0	0	0	0	0	0	0	0	0	0.447866	0.447866	0	0	0	0	0	0	0	0	0	0	0	0	0	0	0	0	0.447866	0.447866	0	0	0	0	0	0	0	0	0	0	0	0	0	0.447866	0.447866	0	0	0	0	0	0	0	0	0	0	0	0	0	0	0	0	0	0	0	0	0	0	0	0	0	0	0	0	0	0	0	0	0	0	0	0	0	0	0	0	0	0	0	0.447866	0.447866	0	0	0	0	0	0	0	0	0	0	0	0	0	0	0	0	0	0	0	0	0	0	0	0	0	0	0	0	0	0	0	0	0	0	0	0	0	0	0	0	0	0	0	0	0	0	0	0	0	0	0	0	0	0	0	0	0	0	0	0	0	0	0	0	0	0	0	0	0	0	0	0	0	0	0	0	0	0	0	0.447866	0.447866	0	0	0	0	0	0	0	0.447866	0.447866	0	0	0	0	0.447866	0.447866	0
0	0	0	0	0	0	0	0	0	0	0	0	0.447824	0.447824	0	0	0	0	0.447824	0.447824	0	0	0	0	0	0	0	0	0	0	0	0	0	0	0	0	0	0	0	0	0	0	0	0	0	0	0	0	0	0	0	0	0	0	0	0	0	0	0	0	0	0	0.447824	0.447824	0	0	0	0	0	0	0	0	0	0	0	0	0	0	0	0.447824	0.447824	0	0	0	0	0	0	0	0	0	0	0	0	0	0	0	0	0.447824	0.447824	0	0	0	0	0	0	0	0	0	0	0	0	0	0.447824	0.447824	0	0	0	0	0	0	0	0	0	0	0	0	0	0	0	0	0	0	0	0	0	0	0	0	0	0	0	0	0	0	0	0	0	0	0	0	0	0	0	0	0	0	0	0.447824	0.447824	0	0	0	0	0	0	0	0	0	0	0	0	0	0	0	0	0	0	0	0	0	0	0	0	0	0	0	0	0	0	0	0	0	0	0	0	0	0	0	0	0	0	0	0	0	0	0	0	0	0	0	0	0	0	0	0	0	0	0	0	0	0	0	0	0	0	0	0	0	0	0	0	0	0	0	0	0	0	0	0.447824	0.447824	0	0	0	0	0	0	0	0.447824	0.447824	0	0	0	0	0.447824	0.447824	0
0	0	0	0	0	0	0	0	0	0	0	0	0.447782	0.447782	0	0	0	0	0.447782	0.447782	0	0	0	0	0	0	0	0	0	0	0	0	0	0	0	0	0	0	0	0	0	0	0	0	0	0	0	0	0	0	0	0	0	0	0	0	0	0	0	0	0	0	0.447782	0.447782	0	0	0	0	0	0	0	0	0	0	0	0	0	0	0	0.447782	0.447782	0	0	0	0	0	0	0	0	0	0	0	0	0	0	0	0	0.447782	0.447782	0	0	0	0	0	0	0	0	0	0	0	0	0	0.447782	0.447782	0	0	0	0	0	0	0	0	0	0	0	0	0	0	0	0	0	0	0	0	0	0	0	0	0	0	0	0	0	0	0	0	0	0	0	0	0	0	0	0	0	0	0	0.447782	0.447782	0	0	0	0	0	0	0	0	0	0	0	0	0	0	0	0	0	0	0	0	0	0	0	0	0	0	0	0	0	0	0	0	0	0	0	0	0	0	0	0	0	0	0	0	0	0	0	0	0	0	0	0	0	0	0	0	0	0	0	0	0	0	0	0	0	0	0	0	0	0	0	0	0	0	0	0	0	0	0	0.447782	0.447782	0	0	0	0	0	0	0	0.447782	0.447782	0	0	0	0	0.447782	0.447782	0
0	0	0	0	0	0	0	0	0	0	0	0	0.44774	0.44774	0	0	0	0	0.44774	0.44774	0	0	0	0	0	0	0	0	0	0	0	0	0	0	0	0	0	0	0	0	0	0	0	0	0	0	0	0	0	0	0	0	0	0	0	0	0	0	0	0	0	0	0.44774	0.44774	0	0	0	0	0	0	0	0	0	0	0	0	0	0	0	0.44774	0.44774	0	0	0	0	0	0	0	0	0	0	0	0	0	0	0	0	0.44774	0.44774	0	0	0	0	0	0	0	0	0	0	0	0	0	0.44774	0.44774	0	0	0	0	0	0	0	0	0	0	0	0	0	0	0	0	0	0	0	0	0	0	0	0	0	0	0	0	0	0	0	0	0	0	0	0	0	0	0	0	0	0	0	0.44774	0.44774	0	0	0	0	0	0	0	0	0	0	0	0	0	0	0	0	0	0	0	0	0	0	0	0	0	0	0	0	0	0	0	0	0	0	0	0	0	0	0	0	0	0	0	0	0	0	0	0	0	0	0	0	0	0	0	0	0	0	0	0	0	0	0	0	0	0	0	0	0	0	0	0	0	0	0	0	0	0	0	0.44774	0.44774	0	0	0	0	0	0	0	0.44774	0.44774	0	0	0	0	0.44774	0.44774	0
0	0	0	0	0	0	0	0	0	0	0	0	0.447698	0.447698	0	0	0	0	0.447698	0.447698	0	0	0	0	0	0	0	0	0	0	0	0	0	0	0	0	0	0	0	0	0	0	0	0	0	0	0	0	0	0	0	0	0	0	0	0	0	0	0	0	0	0	0.447698	0.447698	0	0	0	0	0	0	0	0	0	0	0	0	0	0	0	0.447698	0.447698	0	0	0	0	0	0	0	0	0	0	0	0	0	0	0	0	0.447698	0.447698	0	0	0	0	0	0	0	0	0	0	0	0	0	0.447698	0.447698	0	0	0	0	0	0	0	0	0	0	0	0	0	0	0	0	0	0	0	0	0	0	0	0	0	0	0	0	0	0	0	0	0	0	0	0	0	0	0	0	0	0	0	0.447698	0.447698	0	0	0	0	0	0	0	0	0	0	0	0	0	0	0	0	0	0	0	0	0	0	0	0	0	0	0	0	0	0	0	0	0	0	0	0	0	0	0	0	0	0	0	0	0	0	0	0	0	0	0	0	0	0	0	0	0	0	0	0	0	0	0	0	0	0	0	0	0	0	0	0	0	0	0	0	0	0	0	0.447698	0.447698	0	0	0	0	0	0	0	0.447698	0.447698	0	0	0	0	0.447698	0.447698	0
2.68419	2.68419	2.68419	2.79809	3.0212	3.13073	3.13073	3.13073	3.13073	3.13073	3.13073	3.13073	3.03767	2.81589	2.68419	2.68419	2.68419	2.68419	2.81589	3.03767	3.13073	3.13073	3.13073	3.13073	3.13073	3.13073	3.13073	3.13073	3.13073	3.13073	3.13073	3.13073	3.13073	3.13073	3.13073	3.13073	3.13073	3.13073	3.13073	3.13073	3.13073	3.13073	3.13073	3.13073	3.13073	3.13073	3.13073	3.13073	3.13073	3.13073	3.0212	2.79809	2.68419	2.68419	2.68419	2.68419	2.68419	2.68419	2.68419	2.68419	2.68419	2.68419	2.81589	3.03767	3.13073	3.0212	2.79809	2.68419	2.68419	2.68419	2.68419	2.68419	2.68419	2.68419	2.68419	2.68419	2.68419	2.68419	2.68419	2.81589	3.03767	3.13073	3.0212	2.79809	2.68419	2.68419	2.68419	2.68419	2.68419	2.68419	2.68419	2.68419	2.68419	2.68419	2.68419	2.68419	2.68419	2.81589	2.94165	2.79809	2.68419	2.68419	2.68419	2.68419	2.68419	2.68419	2.68419	2.68419	2.68419	2.68419	2.68419	2.68419	2.81589	3.03767	3.13073	3.13073	3.13073	3.13073	3.13073	3.13073	3.13073	3.13073	3.13073	3.13073	3.13073	3.13073	3.13073	3.0212	2.79809	2.68419	2.68419	2.68419	2.68419	2.68419	2.68419	2.68419	2.68419	2.68419	2.68419	2.57493	2.35173	2.23733	2.23733	2.23733	2.23733	2.23733	2.23733	2.23733	2.23733	2.23733	2.23733	2.23733	2.23733	2.23733	2.23733	2.23733	2.23733	2.37289	2.59426	2.68419	2.68419	2.68419	2.68419	2.68419	2.68419	2.68419	2.68419	2.68419	2.68419	2.68419	2.68419	2.68419	2.68419	2.68419	2.68419	2.68419	2.68419	2.68419	2.68419	2.68419	2.68419	2.68419	2.68419	2.68419	2.68419	2.68419	2.68419	2.68419	2.57493	2.35173	2.23733	2.23733	2.23733	2.23733	2.23733	2.23733	2.23733	2.23733	2.23733	2.23733	2.35173	2.4608	2.35173	2.23733	2.23733	2.23733	2.23733	2.23733	2.23733	2.23733	2.23733	2.23733	2.23733	2.23733	2.23733	2.23733	2.23733	2.23733	2.12851	1.90528	1.79019	1.79019	1.79019	1.79019	1.79019	1.79019	1.79019	1.90528	2.12851	2.23733	2.23733	2.23733	2.23733	2.23733	2.23733	2.23733	2.23733	2.23733	2.15187	1.93136	1.79019	1.79019	1.79019	1.79019	1.79019	1.79019	1.79019	1.71158	1.4929	1.34283	1.34283	1.34283	1.34283	1.27591	1.06167	0.895314
2.68394	2.68394	2.68394	2.81562	3.03739	3.13044	3.13044	3.13044	3.13044	3.13044	3.13044	3.13044	3.02092	2.79783	2.68394	2.68394	2.68394	2.68394	2.79783	3.02092	3.13044	3.13044	3.13044	3.13044	3.13044	3.13044	3.13044	3.13044	3.13044	3.13044	3.13044	3.13044	3.13044	3.13044	3.13044	3.13044	3.13044	3.13044	3.13044	3.13044	3.13044	3.13044	3.13044	3.13044	3.13044	3.13044	3.13044	3.13044	3.13044	3.13044	3.03739	2.81562	2.68394	2.68394	2.68394	2.68394	2.68394	2.68394	2.68394	2.68394	2.68394	2.68394	2.79783	3.02092	3.13044	3.03739	2.81562	2.68394	2.68394	2.68394	2.68394	2.68394	2.68394	2.68394	2.68394	2.68394	2.68394	2.68394	2.68394	2.79783	3.02092	3.13044	3.03739	2.81562	2.68394	2.68394	2.68394	2.68394	2.68394	2.68394	2.68394	2.68394	2.68394	2.68394	2.68394	2.68394	2.68394	2.79783	2.94138	2.81562	2.68394	2.68394	2.68394	2.68394	2.68394	2.68394	2.68394	2.68394	2.68394	2.68394	2.68394	2.68394	2.79783	3.02092	3.13044	3.13044	3.13044	3.13044	3.13044	3.13044	3.13044	3.13044	3.13044	3.13044	3.13044	3.13044	3.13044	3.03739	2.81562	2.68394	2.68394	2.68394	2.68394	2.68394	2.68394	2.68394	2.68394	2.68394	2.68394	2.59402	2.37267	2.23712	2.23712	2.23712	2.23712	2.23712	2.23712	2.23712	2.23712	2.23712	2.23712	2.23712	2.23712	2.23712	2.23712	2.23712	2.23712	2.35151	2.57469	2.68394	2.68394	2.68394	2.68394	2.68394	2.68394	2.68394	2.68394	2.68394	2.68394	2.68394	2.68394	2.68394	2.68394	2.68394	2.68394	2.68394	2.68394	2.68394	2.68394	2.68394	2.68394	2.68394	2.68394	2.68394	2.68394	2.68394	2.68394	2.68394	2.59402	2.37267	2.23712	2.23712	2.23712	2.23712	2.23712	2.23712	2.23712	2.23712	2.23712	2.23712	2.37267	2.46057	2.37267	2.23712	2.23712	2.23712	2.23712	2.23712	2.23712	2.23712	2.23712	2.23712	2.23712	2.23712	2.23712	2.23712	2.23712	2.23712	2.15167	1.93118	1.79002	1.79002	1.79002	1.79002	1.79002	1.79002	1.79002	1.93118	2.15167	2.23712	2.23712	2.23712	2.23712	2.23712	2.23712	2.23712	2.23712	2.23712	2.12831	1.9051	1.79002	1.79002	1.79002	1.79002	1.79002	1.79002	1.79002	1.68193	1.45885	1.34271	1.34271	1.34271	1.34271	1.23593	1.01331	0.89523
0	0	0	0.447565	0.447565	0	0	0	0	0	0	0	0	0	0	0	0	0	0	0	0	0	0	0	0	0	0	0	0	0	0	0	0	0	0	0	0	0	0	0	0	0	0	0	0	0	0	0	0	0	0.447565	0.447565	0	0	0	0	0	0	0	0	0	0	0	0	0	0.447565	0.447565	0	0	0	0	0	0	0	0	0	0	0	0	0	0	0	0.447565	0.447565	0	0	0	0	0	0	0	0	0	0	0	0	0	0	0.447565	0.447565	0	0	0	0	0	0	0	0	0	0	0	0	0	0	0	0	0	0	0	0	0	0	0	0	0	0	0	0.447565	0.447565	0	0	0	0	0	0	0	0	0	0	0.447565	0.447565	0	0	0	0	0	0	0	0	0	0	0	0	0	0	0	0	0	0	0	0	0	0	0	0	0	0	0	0	0	0	0	0	0	0	0	0	0	0	0	0	0	0	0	0	0	0	0	0.447565	0.447565	0	0	0	0	0	0	0	0	0	0	0.447565	0	0.447565	0	0	0	0	0	0	0	0	0	0	0	0	0	0	0	0.447565	0.447565	0	0	0	0	0	0	0	0.447565	0.447565	0	0	0	0	0	0	0	0	0	0	0	0	0	0	0	0	0	0	0	0	0	0	0	0	0	0	0
0	0	0	0.447523	0.447523	0	0	0	0	0	0	0	0	0	0	0	0	0	0	0	0	0	0	0	0	0	0	0	0	0	0	0	0	0	0	0	0	0	0	0	0	0	0	0	0	0	0	0	0	0	0.447523	0.447523	0	0	0	0	0	0	0	0	0	0	0	0	0	0.447523	0.447523	0	0	0	0	0	0	0	0	0	0	0	0	0	0	0	0.447523	0.447523	0	0	0	0	0	0	0	0	0	0	0	0	0	0	0.447523	0.447523	0	0	0	0	0	0	0	0	0	0	0	0	0	0	0	0	0	0	0	0	0	0	0	0	0	0	0	0.447523	0.447523	0	0	0	0	0	0	0	0	0	0	0.447523	0.447523	0	0	0	0	0	0	0	0	0	0	0	0	0	0	0	0	0	0	0	0	0	0	0	0	0	0	0	0	0	0	0	0	0	0	0	0	0	0	0	0	0	0	0	0	0	0	0	0.447523	0.447523	0	0	0	0	0	0	0	0	0	0	0.447523	0	0.447523	0	0	0	0	0	0	0	0	0	0	0	0	0	0	0	0.447523	0.447523	0	0	0	0	0	0	0	0.447523	0.447523	0	0	0	0	0	0	0	0	0	0	0	0	0	0	0	0	0	0	0	0	0	0	0	0	0	0	0
0	0	0	0.447481	0.447481	0	0	0	0	0	0	0	0	0	0	0	0	0	0	0	0	0	0	0	0	0	0	0	0	0	0	0	0	0	0	0	0	0	0	0	0	0	0	0	0	0	0	0	0	0	0.447481	0.447481	0	0	0	0	0	0	0	0	0	0	0	0	0	0.447481	0.447481	0	0	0	0	0	0	0	0	0	0	0	0	0	0	0	0.447481	0.447481	0	0	0	0	0	0	0	0	0	0	0	0	0	0	0.447481	0.447481	0	0	0	0	0	0	0	0	0	0	0	0	0	0	0	0	0	0	0	0	0	0	0	0	0	0	0	0.447481	0.447481	0	0	0	0	0	0	0	0	0	0	0.447481	0.447481	0	0	0	0	0	0	0	0	0	0	0	0	0	0	0	0	0	0	0	0	0	0	0	0	0	0	0	0	0	0	0	0	0	0	0	0	0	0	0	0	0	0	0	0	0	0	0	0.447481	0.447481	0	0	0	0	0	0	0	0	0	0	0.447481	0	0.447481	0	0	0	0	0	0	0	0	0	0	0	0	0	0	0	0.447481	0.447481	0	0	0	0	0	0	0	0.447481	0.447481	0	0	0	0	0	0	0	0	0	0	0	0	0	0	0	0	0	0	0	0	0	0	0	0	0	0	0
0	0	0	0.447439	0.447439	0	0	0	0	0	0	0	0	0	0	0	0	0	0	0	0	0	0	0	0	0	0	0	0	0	0	0	0	0	0	0	0	0	0	0	0	0	0	0	0	0	0	0	0	0	0.447439	0.447439	0	0	0	0	0	0	0	0	0	0	0	0	0	0.447439	0.447439	0	0	0	0	0	0	0	0	0	0	0	0	0	0	0	0.447439	0.447439	0	0	0	0	0	0	0	0	0	0	0	0	0	0	0.447439	0.447439	0	0	0	0	0	0	0	0	0	0	0	0	0	0	0	0	0	0	0	0	0	0	0	0	0	0	0	0.447439	0.447439	0	0	0	0	0	0	0	0	0	0	0.447439	0.447439	0	0	0	0	0	0	0	0	0	0	0	0	0	0	0	0	0	0	0	0	0	0	0	0	0	0	0	0	0	0	0	0	0	0	0	0	0	0	0	0	0	0	0	0	0	0	0	0.447439	0.447439	0	0	0	0	0	0	0	0	0	0	0.447439	0	0.447439	0	0	0	0	0	0	0	0	0	0	0	0	0	0	0	0.447439	0.447439	0	0	0	0	0	0	0	0.447439	0.447439	0	0	0	0	0	0	0	0	0	0	0	0	0	0	0	0	0	0	0	0	0	0	0	0	0	0	0
0	0	0	0.447397	0.447397	0	0	0	0	0	0	0	0	0	0	0	0	0	0	0	0	0	0	0	0	0	0	0	0	0	0	0	0	0	0	0	0	0	0	0	0	0	0	0	0	0	0	0	0	0	0.447397	0.447397	0	0	0	0	0	0	0	0	0	0	0	0	0	0.447397	0.447397	0	0	0	0	0	0	0	0	0	0	0	0	0	0	0	0.447397	0.447397	0	0	0	0	0	0	0	0	0	0	0	0	0	0	0.447397	0.447397	0	0	0	0	0	0	0	0	0	0	0	0	0	0	0	0	0	0	0	0	0	0	0	0	0	0	0	0.447397	0.447397	0	0	0	0	0	0	0	0	0	0	0.447397	0.447397	0	0	0	0	0	0	0	0	0	0	0	0	0	0	0	0	0	0	0	0	0	0	0	0	0	0	0	0	0	0	0	0	0	0	0	0	0	0	0	0	0	0	0	0	0	0	0	0.447397	0.447397	0	0	0	0	0	0	0	0	0	0	0.447397	0	0.447397	0	0	0	0	0	0	0	0	0	0	0	0	0	0	0	0.447397	0.447397	0	0	0	0	0	0	0	0.447397	0.447397	0	0	0	0	0	0	0	0	0	0	0	0	0	0	0	0	0	0	0	0	0	0	0	0	0	0	0
0	0	0	0.447356	0.447356	0	0	0	0	0	0	0	0	0	0	0	0	0	0	0	0	0	0	0	0	0	0	0	0	0	0	0	0	0	0	0	0	0	0	0	0	0	0	0	0	0	0	0	0	0	0.447356	0.447356	0	0	0	0	0	0	0	0	0	0	0	0	0	0.447356	0.447356	0	0	0	0	0	0	0	0	0	0	0	0	0	0	0	0.447356	0.447356	0	0	0	0	0	0	0	0	0	0	0	0	0	0	0.447356	0.447356	0	0	0	0	0	0	0	0	0	0	0	0	0	0	0	0	0	0	0	0	0	0	0	0	0	0	0	0.447356	0.447356	0	0	0	0	0	0	0	0	0	0	0.447356	0.447356	0	0	0	0	0	0	0	0	0	0	0	0	0	0	0	0	0	0	0	0	0	0	0	0	0	0	0	0	0	0	0	0	0	0	0	0	0	0	0	0	0	0	0	0	0	0	0	0.447356	0.447356	0	0	0	0	0	0	0	0	0	0	0.447356	0	0.447356	0	0	0	0	0	0	0	0	0	0	0	0	0	0	0	0.447356	0.447356	0	0	0	0	0	0	0	0.447356	0.447356	0	0	0	0	0	0	0	0	0	0	0	0	0	0	0	0	0	0	0	0	0	0	0	0	0	0	0
0	0	0	0.447314	0.447314	0	0	0	0	0	0	0	0	0	0	0	0	0	0	0	0	0	0	0	0	0	0	0	0	0	0	0	0	0	0	0	0	0	0	0	0	0	0	0	0	0	0	0	0	0	0.447314	0.447314	0	0	0	0	0	0	0	0	0	0	0	0	0	0.447314	0.447314	0	0	0	0	0	0	0	0	0	0	0	0	0	0	0	0.447314	0.447314	0	0	0	0	0	0	0	0	0	0	0	0	0	0	0.447314	0.447314	0	0	0	0	0	0	0	0	0	0	0	0	0	0	0	0	0	0	0	0	0	0	0	0	0	0	0	0.447314	0.447314	0	0	0	0	0	0	0	0	0	0	0.447314	0.447314	0	0	0	0	0	0	0	0	0	0	0	0	0	0	0	0	0	0	0	0	0	0	0	0	0	0	0	0	0	0	0	0	0	0	0	0	0	0	0	0	0	0	0	0	0	0	0	0.447314	0.447314	0	0	0	0	0	0	0	0	0	0	0.447314	0	0.447314	0	0	0	0	0	0	0	0	0	0	0	0	0	0	0	0.447314	0.447314	0	0	0	0	0	0	0	0.447314	0.447314	0	0	0	0	0	0	0	0	0	0	0	0	0	0	0	0	0	0	0	0	0	0	0	0	0	0	0
0	0	0	0.447272	0.447272	0	0	0	0	0	0	0	0	0	0	0	0	0	0	0	0	0	0	0	0	0	0	0	0	0	0	0	0	0	0	0	0	0	0	0	0	0	0	0	0	0	0	0	0	0	0.447272	0.447272	0	0	0	0	0	0	0	0	0	0	0	0	0	0.447272	0.447272	0	0	0	0	0	0	0	0	0	0	0	0	0	0	0	0.447272	0.447272	0	0	0	0	0	0	0	0	0	0	0	0	0	0	0.447272	0.447272	0	0	0	0	0	0	0	0	0	0	0	0	0	0	0	0	0	0	0	0	0	0	0	0	0	0	0	0.447272	0.447272	0	0	0	0	0	0	0	0	0	0	0.447272	0.447272	0	0	0	0	0	0	0	0	0	0	0	0	0	0	0	0	0	0	0	0	0	0	0	0	0	0	0	0	0	0	0	0	0	0	0	0	0	0	0	0	0	0	0	0	0	0	0	0.447272	0.447272	0	0	0	0	0	0	0	0	0	0	0.447272	0	0.447272	0	0	0	0	0	0	0	0	0	0	0	0	0	0	0	0.447272	0.447272	0	0	0	0	0	0	0	0.447272	0.447272	0	0	0	0	0	0	0	0	0	0	0	0	0	0	0	0	0	0	0	0	0	0	0	0	0	0	0
0	0	0	0.44723	0.44723	0	0	0	0	0	0	0	0	0	0	0	0	0	0	0	0	0	0	0	0	0	0	0	0	0	0	0	0	0	0	0	0	0	0	0	0	0	0	0	0	0	0	0	0	0	0.44723	0.44723	0	0	0	0	0	0	0	0	0	0	0	0	0	0.44723	0.44723	0	0	0	0	0	0	0	0	0	0	0	0	0	0	0	0.44723	0.44723	0	0	0	0	0	0	0	0	0	0	0	0	0	0	0.44723	0.44723	0	0	0	0	0	0	0	0	0	0	0	0	0	0	0	0	0	0	0	0	0	0	0	0	0	0	0	0.44723	0.44723	0	0	0	0	0	0	0	0	0	0	0.44723	0.44723	0	0	0	0	0	0	0	0	0	0	0	0	0	0	0	0	0	0	0	0	0	0	0	0	0	0	0	0	0	0	0	0	0	0	0	0	0	0	0	0	0	0	0	0	0	0	0	0.44723	0.44723	0	0	0	0	0	0	0	0	0	0	0.44723	0	0.44723	0	0	0	0	0	0	0	0	0	0	0	0	0	0	0	0.44723	0.44723	0	0	0	0	0	0	0	0.44723	0.44723	0	0	0	0	0	0	0	0	0	0	0	0	0	0	0	0	0	0	0	0	0	0	0	0	0	0	0
0	0	0	0.447181	0.447181	0	0	0	0	0	0	0	0	0	0	0	0	0	0	0	0	0	0	0	0	0	0	0	0	0	0	0	0	0	0	0	0	0	0	0	0	0	0	0	0	0	0	0	0	0	0.447181	0.447181	0	0	0	0	0	0	0	0	0	0	0	0	0	0.447181	0.447181	0	0	0	0	0	0	0	0	0	0	0	0	0	0	0	0.447181	0.447181	0	0	0	0	0	0	0	0	0	0	0	0	0	0	0.447181	0.447181	0	0	0	0	0	0	0	0	0	0	0	0	0	0	0	0	0	0	0	0	0	0	0	0	0	0	0	0.447181	0.447181	0	0	0	0	0	0	0	0	0	0	0.447181	0.447181	0	0	0	0	0	0	0	0	0	0	0	0	0	0	0	0	0	0	0	0	0	0	0	0	0	0	0	0	0	0	0	0	0	0	0	0	0	0	0	0	0	0	0	0	0	0	0	0.447181	0.447181	0	0	0	0	0	0	0	0	0	0	0.447181	0	0.447181	0	0	0	0	0	0	0	0	0	0	0	0	0	0	0	0.447181	0.447181	0	0	0	0	0	0	0	0.447181	0.447181	0	0	0	0	0	0	0	0	0	0	0	0	0	0	0	0	0	0	0	0	0	0	0	0	0	0	0
0	0	0	0.447139	0.447139	0	0	0	0	0	0	0	0	0	0	0	0	0	0	0	0	0	0	0	0	0	0	0	0	0	0	0	0	0	0	0	0	0	0	0	0	0	0	0	0	0	0	0	0	0	0.447139	0.447139	0	0	0	0	0	0	0	0	0	0	0	0	0	0.447139	0.447139	0	0	0	0	0	0	0	0	0	0	0	0	0	0	0	0.447139	0.447139	0	0	0	0	0	0	0	0	0	0	0	0	0	0	0.447139	0.447139	0	0	0	0	0	0	0	0	0	0	0	0	0	0	0	0	0	0	0	0	0	0	0	0	0	0	0	0.447139	0.447139	0	0	0	0	0	0	0	0	0	0	0.447139	0.447139	0	0	0	0	0	0	0	0	0	0	0	0	0	0	0	0	0	0	0	0	0	0	0	0	0	0	0	0	0	0	0	0	0	0	0	0	0	0	0	0	0	0	0	0	0	0	0	0.447139	0.447139	0	0	0	0	0	0	0	0	0	0	0.447139	0	0.447139	0	0	0	0	0	0	0	0	0	0	0	0	0	0	0	0.447139	0.447139	0	0	0	0	0	0	0	0.447139	0.447139	0	0	0	0	0	0	0	0	0	0	0	0	0	0	0	0	0	0	0	0	0	0	0	0	0	0	0
3.01748	3.12688	3.12688	3.03394	2.81242	2.68089	2.68089	2.68089	2.68089	2.68089	2.68089	2.68089	2.68089	2.68089	2.68089	2.68089	2.68089	2.68089	2.68089	2.68089	2.68089	2.68089	2.68089	2.68089	2.68089	2.68089	2.68089	2.68089	2.68089	2.68089	2.68089	2.68089	2.68089	2.68089	2.68089	2.68089	2.68089	2.68089	2.68089	2.68089	2.68089	2.68089	2.68089	2.68089	2.68089	2.68089	2.68089	2.57176	2.34883	2.23457	2.36997	2.59107	2.68089	2.68089	2.68089	2.68089	2.68089	2.68089	2.68089	2.68089	2.68089	2.57176	2.34883	2.23457	2.23457	2.36997	2.59107	2.68089	2.68089	2.68089	2.68089	2.68089	2.68089	2.68089	2.68089	2.68089	2.68089	2.68089	2.68089	2.68089	2.68089	2.68089	2.81242	3.03394	3.12688	3.12688	3.12688	3.12688	3.12688	3.12688	3.12688	3.12688	3.12688	3.12688	3.12688	3.12688	3.12688	3.12688	3.15856	3.15856	3.12688	3.12688	3.12688	3.12688	3.12688	3.12688	3.12688	3.12688	3.12688	3.12688	3.12688	3.12688	3.12688	3.12688	3.12688	3.12688	3.12688	3.12688	3.12688	3.12688	3.12688	3.12688	3.12688	3.12688	3.12688	3.12688	3.01748	2.93803	3.03394	3.12688	3.12688	3.12688	3.12688	3.12688	3.12688	3.01748	2.79465	2.68089	2.68089	2.81242	3.03394	3.12688	3.12688	3.12688	3.12688	3.12688	3.12688	3.12688	3.01748	2.79465	2.68089	2.68089	2.68089	2.68089	2.68089	2.68089	2.68089	2.68089	2.68089	2.57176	2.34883	2.23457	2.23457	2.23457	2.23457	2.23457	2.23457	2.23457	2.23457	2.23457	2.23457	2.12588	1.90293	1.78798	1.78798	1.78798	1.78798	1.78798	1.78798	1.78798	1.78798	1.78798	1.68002	1.45719	1.34118	1.34118	1.34118	1.34118	1.49106	1.70947	1.78798	1.78798	1.78798	1.78798	1.78798	1.78798	1.78798	1.78798	1.78798	1.78798	1.70947	1.45719	1.41369	1.34118	1.34118	1.34118	1.34118	1.34118	1.34118	1.34118	1.34118	1.34118	1.34118	1.34118	1.34118	1.34118	1.34118	1.34118	1.49106	1.70947	1.78798	1.78798	1.78798	1.78798	1.78798	1.78798	1.78798	1.70947	1.49106	1.34118	1.34118	1.34118	1.34118	1.34118	1.34118	1.34118	1.34118	1.34118	1.34118	1.34118	1.34118	1.34118	1.34118	1.34118	1.34118	1.34118	1.34118	1.23452	1.01215	0.89421	0.89421	0.89421	0.89421	0.89421	0.89421	0.89421
3.03365	3.12659	3.12659	3.0172	2.79439	2.68064	2.68064	2.68064	2.68064	2.68064	2.68064	2.68064	2.68064	2.68064	2.68064	2.68064	2.68064	2.68064	2.68064	2.68064	2.68064	2.68064	2.68064	2.68064	2.68064	2.68064	2.68064	2.68064	2.68064	2.68064	2.68064	2.68064	2.68064	2.68064	2.68064	2.68064	2.68064	2.68064	2.68064	2.68064	2.68064	2.68064	2.68064	2.68064	2.68064	2.68064	2.68064	2.59083	2.36975	2.23436	2.34861	2.57152	2.68064	2.68064	2.68064	2.68064	2.68064	2.68064	2.68064	2.68064	2.68064	2.59083	2.36975	2.23436	2.23436	2.34861	2.57152	2.68064	2.68064	2.68064	2.68064	2.68064	2.68064	2.68064	2.68064	2.68064	2.68064	2.68064	2.68064	2.68064	2.68064	2.68064	2.79439	3.0172	3.12659	3.12659	3.12659	3.12659	3.12659	3.12659	3.12659	3.12659	3.12659	3.12659	3.12659	3.12659	3.12659	3.12659	3.15826	3.15826	3.12659	3.12659	3.12659	3.12659	3.12659	3.12659	3.12659	3.12659	3.12659	3.12659	3.12659	3.12659	3.12659	3.12659	3.12659	3.12659	3.12659	3.12659	3.12659	3.12659	3.12659	3.12659	3.12659	3.12659	3.12659	3.12659	3.03365	2.93775	3.0172	3.12659	3.12659	3.12659	3.12659	3.12659	3.12659	3.03365	2.81215	2.68064	2.68064	2.79439	3.0172	3.12659	3.12659	3.12659	3.12659	3.12659	3.12659	3.12659	3.03365	2.81215	2.68064	2.68064	2.68064	2.68064	2.68064	2.68064	2.68064	2.68064	2.68064	2.59083	2.36975	2.23436	2.23436	2.23436	2.23436	2.23436	2.23436	2.23436	2.23436	2.23436	2.23436	2.14902	1.9288	1.78782	1.78782	1.78782	1.78782	1.78782	1.78782	1.78782	1.78782	1.78782	1.70931	1.49092	1.34105	1.34105	1.34105	1.34105	1.45705	1.67986	1.78782	1.78782	1.78782	1.78782	1.78782	1.78782	1.78782	1.78782	1.78782	1.78782	1.67986	1.49092	1.41355	1.34105	1.34105	1.34105	1.34105	1.34105	1.34105	1.34105	1.34105	1.34105	1.34105	1.34105	1.34105	1.34105	1.34105	1.34105	1.45705	1.67986	1.78782	1.78782	1.78782	1.78782	1.78782	1.78782	1.78782	1.67986	1.45705	1.34105	1.34105	1.34105	1.34105	1.34105	1.34105	1.34105	1.34105	1.34105	1.34105	1.34105	1.34105	1.34105	1.34105	1.34105	1.34105	1.34105	1.34105	1.27421	1.06026	0.894126	0.894126	0.894126	0.894126	0.894126	0.894126	0.894126
0.447014	0	0	0	0	0	0	0	0	0	0	0	0	0	0	0	0	0	0	0	0	0	0	0	0	0	0	0	0	0	0	0	0	0	0	0	0	0	0	0	0	0	0	0	0	0	0	0.447014	0.447014	0	0	0	0	0	0	0	0	0	0	0	0	0.447014	0.447014	0	0	0	0	0	0	0	0	0	0	0	0	0	0	0	0	0	0	0	0	0	0	0	0	0	0	0	0	0	0	0	0	0	0	0	0.447014	0.447014	0	0	0	0	0	0	0	0	0	0	0	0	0	0	0	0	0	0	0	0	0	0	0	0	0	0	0.447014	0.447014	0	0	0	0	0	0	0	0.447014	0.447014	0	0	0	0	0	0	0	0	0	0	0	0.447014	0.447014	0	0	0	0	0	0	0	0	0	0.447014	0.447014	0	0	0	0	0	0	0	0	0	0	0.447014	0.447014	0	0	0	0	0	0	0	0	0	0.447014	0.447014	0	0	0	0	0	0	0	0	0	0	0	0	0	0	0	0	0	0.447014	0.447014	0	0	0	0	0	0	0	0	0	0	0	0	0	0	0	0	0	0	0	0	0	0	0	0	0	0	0	0	0	0	0	0	0	0	0	0	0	0	0	0	0	0	0	0	0.447014	0.447014	0	0	0	0	0	0	0
0.446972	0	0	0	0	0	0	0	0	0	0	0	0	0	0	0	0	0	0	0	0	0	0	0	0	0	0	0	0	0	0	0	0	0	0	0	0	0	0	0	0	0	0	0	0	0	0	0.446972	0.446972	0	0	0	0	0	0	0	0	0	0	0	0	0.446972	0.446972	0	0	0	0	0	0	0	0	0	0	0	0	0	0	0	0	0	0	0	0	0	0	0	0	0	0	0	0	0	0	0	0	0	0	0	0.446972	0.446972	0	0	0	0	0	0	0	0	0	0	0	0	0	0	0	0	0	0	0	0	0	0	0	0	0	0	0.446972	0.446972	0	0	0	0	0	0	0	0.446972	0.446972	0	0	0	0	0	0	0	0	0	0	0	0.446972	0.446972	0	0	0	0	0	0	0	0	0	0.446972	0.446972	0	0	0	0	0	0	0	0	0	0	0.446972	0.446972	0	0	0	0	0	0	0	0	0	0.446972	0.446972	0	0	0	0	0	0	0	0	0	0	0	0	0	0	0	0	0	0.446972	0.446972	0	0	0	0	0	0	0	0	0	0	0	0	0	0	0	0	0	0	0	0	0	0	0	0	0	0	0	0	0	0	0	0	0	0	0	0	0	0	0	0	0	0	0	0	0.446972	0.446972	0	0	0	0	0	0	0
0.44693	0	0	0	0	0	0	0	0	0	0	0	0	0	0	0	0	0	0	0	0	0	0	0	0	0	0	0	0	0	0	0	0	0	0	0	0	0	0	0	0	0	0	0	0	0	0	0.44693	0.44693	0	0	0	0	0	0	0	0	0	0	0	0	0.44693	0.44693	0	0	0	0	0	0	0	0	0	0	0	0	0	0	0	0	0	0	0	0	0	0	0	0	0	0	0	0	0	0	0	0	0	0	0	0.44693	0.44693	0	0	0	0	0	0	0	0	0	0	0	0	0	0	0	0	0	0	0	0	0	0	0	0	0	0	0.44693	0.44693	0	0	0	0	0	0	0	0.44693	0.44693	0	0	0	0	0	0	0	0	0	0	0	0.44693	0.44693	0	0	0	0	0	0	0	0	0	0.44693	0.44693	0	0	0	0	0	0	0	0	0	0	0.44693	0.44693	0	0	0	0	0	0	0	0	0	0.44693	0.44693	0	0	0	0	0	0	0	0	0	0	0	0	0	0	0	0	0	0.44693	0.44693	0	0	0	0	0	0	0	0	0	0	0	0	0	0	0	0	0	0	0	0	0	0	0	0	0	0	0	0	0	0	0	0	0	0	0	0	0	0	0	0	0	0	0	0	0.44693	0.44693	0	0	0	0	0	0	0
0.446888	0	0	0	0	0	0	0	0	0	0	0	0	0	0	0	0	0	0	0	0	0	0	0	0	0	0	0	0	0	0	0	0	0	0	0	0	0	0	0	0	0	0	0	0	0	0	0.446888	0.446888	0	0	0	0	0	0	0	0	0	0	0	0	0.446888	0.446888	0	0	0	0	0	0	0	0	0	0	0	0	0	0	0	0	0	0	0	0	0	0	0	0	0	0	0	0	0	0	0	0	0	0	0	0.446888	0.446888	0	0	0	0	0	0	0	0	0	0	0	0	0	0	0	0	0	0	0	0	0	0	0	0	0	0	0.446888	0.446888	0	0	0	0	0	0	0	0.446888	0.446888	0	0	0	0	0	0	0	0	0	0	0	0.446888	0.446888	0	0	0	0	0	0	0	0	0	0.446888	0.446888	0	0	0	0	0	0	0	0	0	0	0.446888	0.446888	0	0	0	0	0	0	0	0	0	0.446888	0.446888	0	0	0	0	0	0	0	0	0	0	0	0	0	0	0	0	0	0.446888	0.446888	0	0	0	0	0	0	0	0	0	0	0	0	0	0	0	0	0	0	0	0	0	0	0	0	0	0	0	0	0	0	0	0	0	0	0	0	0	0	0	0	0	0	0	0	0.446888	0.446888	0	0	0	0	0	0	0
0.446846	0	0	0	0	0	0	0	0	0	0	0	0	0	0	0	0	0	0	0	0	0	0	0	0	0	0	0	0	0	0	0	0	0	0	0	0	0	0	0	0	0	0	0	0	0	0	0.446846	0.446846	0	0	0	0	0	0	0	0	0	0	0	0	0.446846	0.446846	0	0	0	0	0	0	0	0	0	0	0	0	0	0	0	0	0	0	0	0	0	0	0	0	0	0	0	0	0	0	0	0	0	0	0	0.446846	0.446846	0	0	0	0	0	0	0	0	0	0	0	0	0	0	0	0	0	0	0	0	0	0	0	0	0	0	0.446846	0.446846	0	0	0	0	0	0	0	0.446846	0.446846	0	0	0	0	0	0	0	0	0	0	0	0.446846	0.446846	0	0	0	0	0	0	0	0	0	0.446846	0.446846	0	0	0	0	0	0	0	0	0	0	0.446846	0.446846	0	0	0	0	0	0	0	0	0	0.446846	0.446846	0	0	0	0	0	0	0	0	0	0	0	0	0	0	0	0	0	0.446846	0.446846	0	0	0	0	0	0	0	0	0	0	0	0	0	0	0	0	0	0	0	0	0	0	0	0	0	0	0	0	0	0	0	0	0	0	0	0	0	0	0	0	0	0	0	0	0.446846	0.446846	0	0	0	0	0	0	0
0.446797	0	0	0	0	0	0	0	0	0	0	0	0	0	0	0	0	0	0	0	0	0	0	0	0	0	0	0	0	0	0	0	0	0	0	0	0	0	0	0	0	0	0	0	0	0	0	0.446797	0.446797	0	0	0	0	0	0	0	0	0	0	0	0	0.446797	0.446797	0	0	0	0	0	0	0	0	0	0	0	0	0	0	0	0	0	0	0	0	0	0	0	0	0	0	0	0	0	0	0	0	0	0	0	0.446797	0.446797	0	0	0	0	0	0	0	0	0	0	0	0	0	0	0	0	0	0	0	0	0	0	0	0	0	0	0.446797	0.446797	0	0	0	0	0	0	0	0.446797	0.446797	0	0	0	0	0	0	0	0	0	0	0	0.446797	0.446797	0	0	0	0	0	0	0	0	0	0.446797	0.446797	0	0	0	0	0	0	0	0	0	0	0.446797	0.446797	0	0	0	0	0	0	0	0	0	0.446797	0.446797	0	0	0	0	0	0	0	0	0	0	0	0	0	0	0	0	0	0.446797	0.446797	0	0	0	0	0	0	0	0	0	0	0	0	0	0	0	0	0	0	0	0	0	0	0	0	0	0	0	0	0	0	0	0	0	0	0	0	0	0	0	0	0	0	0	0	0.446797	0.446797	0	0	0	0	0	0	0
0.446756	0	0	0	0	0	0	0	0	0	0	0	0	0	0	0	0	0	0	0	0	0	0	0	0	0	0	0	0	0	0	0	0	0	0	0	0	0	0	0	0	0	0	0	0	0	0	0.446756	0.446756	0	0	0	0	0	0	0	0	0	0	0	0	0.446756	0.446756	0	0	0	0	0	0	0	0	0	0	0	0	0	0	0	0	0	0	0	0	0	0	0	0	0	0	0	0	0	0	0	0	0	0	0	0.446756	0.446756	0	0	0	0	0	0	0	0	0	0	0	0	0	0	0	0	0	0	0	0	0	0	0	0	0	0	0.446756	0.446756	0	0	0	0	0	0	0	0.446756	0.446756	0	0	0	0	0	0	0	0	0	0	0	0.446756	0.446756	0	0	0	0	0	0	0	0	0	0.446756	0.446756	0	0	0	0	0	0	0	0	0	0	0.446756	0.446756	0	0	0	0	0	0	0	0	0	0.446756	0.446756	0	0	0	0	0	0	0	0	0	0	0	0	0	0	0	0	0	0.446756	0.446756	0	0	0	0	0	0	0	0	0	0	0	0	0	0	0	0	0	0	0	0	0	0	0	0	0	0	0	0	0	0	0	0	0	0	0	0	0	0	0	0	0	0	0	0	0.446756	0.446756	0	0	0	0	0	0	0
0.446714	0	0	0	0	0	0	0	0	0	0	0	0	0	0	0	0	0	0	0	0	0	0	0	0	0	0	0	0	0	0	0	0	0	0	0	0	0	0	0	0	0	0	0	0	0	0	0.446714	0.446714	0	0	0	0	0	0	0	0	0	0	0	0	0.446714	0.446714	0	0	0	0	0	0	0	0	0	0	0	0	0	0	0	0	0	0	0	0	0	0	0	0	0	0	0	0	0	0	0	0	0	0	0	0.446714	0.446714	0	0	0	0	0	0	0	0	0	0	0	0	0	0	0	0	0	0	0	0	0	0	0	0	0	0	0.446714	0.446714	0	0	0	0	0	0	0	0.446714	0.446714	0	0	0	0	0	0	0	0	0	0	0	0.446714	0.446714	0	0	0	0	0	0	0	0	0	0.446714	0.446714	0	0	0	0	0	0	0	0	0	0	0.446714	0.446714	0	0	0	0	0	0	0	0	0	0.446714	0.446714	0	0	0	0	0	0	0	0	0	0	0	0	0	0	0	0	0	0.446714	0.446714	0	0	0	0	0	0	0	0	0	0	0	0	0	0	0	0	0	0	0	0	0	0	0	0	0	0	0	0	0	0	0	0	0	0	0	0	0	0	0	0	0	0	0	0	0.446714	0.446714	0	0	0	0	0	0	0
0.446672	0	0	0	0	0	0	0	0	0	0	0	0	0	0	0	0	0	0	0	0	0	0	0	0	0	0	0	0	0	0	0	0	0	0	0	0	0	0	0	0	0	0	0	0	0	0	0.446672	0.446672	0	0	0	0	0	0	0	0	0	0	0	0	0.446672	0.446672	0	0	0	0	0	0	0	0	0	0	0	0	0	0	0	0	0	0	0	0	0	0	0	0	0	0	0	0	0	0	0	0	0	0	0	0.446672	0.446672	0	0	0	0	0	0	0	0	0	0	0	0	0	0	0	0	0	0	0	0	0	0	0	0	0	0	0.446672	0.446672	0	0	0	0	0	0	0	0.446672	0.446672	0	0	0	0	0	0	0	0	0	0	0	0.446672	0.446672	0	0	0	0	0	0	0	0	0	0.446672	0.446672	0	0	0	0	0	0	0	0	0	0	0.446672	0.446672	0	0	0	0	0	0	0	0	0	0.446672	0.446672	0	0	0	0	0	0	0	0	0	0	0	0	0	0	0	0	0	0.446672	0.446672	0	0	0	0	0	0	0	0	0	0	0	0	0	0	0	0	0	0	0	0	0	0	0	0	0	0	0	0	0	0	0	0	0	0	0	0	0	0	0	0	0	0	0	0	0.446672	0.446672	0	0	0	0	0	0	0
0.44663	0	0	0	0	0	0	0	0	0	0	0	0	0	0	0	0	0	0	0	0	0	0	0	0	0	0	0	0	0	0	0	0	0	0	0	0	0	0	0	0	0	0	0	0	0	0	0.44663	0.44663	0	0	0	0	0	0	0	0	0	0	0	0	0.44663	0.44663	0	0	0	0	0	0	0	0	0	0	0	0	0	0	0	0	0	0	0	0	0	0	0	0	0	0	0	0	0	0	0	0	0	0	0	0.44663	0.44663	0	0	0	0	0	0	0	0	0	0	0	0	0	0	0	0	0	0	0	0	0	0	0	0	0	0	0.44663	0.44663	0	0	0	0	0	0	0	0.44663	0.44663	0	0	0	0	0	0	0	0	0	0	0	0.44663	0.44663	0	0	0	0	0	0	0	0	0	0.44663	0.44663	0	0	0	0	0	0	0	0	0	0	0.44663	0.44663	0	0	0	0	0	0	0	0	0	0.44663	0.44663	0	0	0	0	0	0	0	0	0	0	0	0	0	0	0	0	0	0.44663	0.44663	0	0	0	0	0	0	0	0	0	0	0	0	0	0	0	0	0	0	0	0	0	0	0	0	0	0	0	0	0	0	0	0	0	0	0	0	0	0	0	0	0	0	0	0	0.44663	0.44663	0	0	0	0	0	0	0
2.36727	2.23203	2.23203	2.23203	2.23203	2.23203	2.23203	2.23203	2.34616	2.56884	2.67784	2.67784	2.67784	2.67784	2.67784	2.67784	2.67784	2.67784	2.67784	2.67784	2.67784	2.67784	2.56884	2.34616	2.23203	2.23203	2.23203	2.23203	2.23203	2.23203	2.23203	2.23203	2.23203	2.23203	2.23203	2.23203	2.23203	2.23203	2.23203	2.23203	2.23203	2.23203	2.23203	2.23203	2.23203	2.23203	2.23203	2.36727	2.58812	2.67784	2.67784	2.67784	2.67784	2.67784	2.67784	2.67784	2.67784	2.67784	2.67784	2.67784	2.67784	2.80922	3.03049	3.12333	3.12333	3.12333	3.12333	3.12333	3.12333	3.12333	3.12333	3.12333	3.12333	3.12333	3.01405	2.79147	2.67784	2.67784	2.67784	2.67784	2.67784	2.67784	2.67784	2.67784	2.67784	2.67784	2.67784	2.67784	2.67784	2.67784	2.67784	2.67784	2.67784	2.67784	2.67784	2.67784	2.67784	2.67784	2.80922	3.03049	3.12333	3.12333	3.12333	3.12333	3.12333	3.12333	3.12333	3.12333	3.12333	3.12333	3.12333	3.12333	3.12333	3.12333	3.12333	3.12333	3.01405	2.79147	2.67784	2.67784	2.67784	2.67784	2.67784	2.67784	2.67784	2.67784	2.80922	3.03049	3.12333	3.01405	2.79147	2.67784	2.67784	2.67784	2.67784	2.80922	2.93469	2.79147	2.67784	2.67784	2.67784	2.56884	2.34616	2.23203	2.23203	2.23203	2.23203	2.23203	2.36727	2.58812	2.56884	2.34616	2.23203	2.23203	2.23203	2.23203	2.12347	1.90077	1.78595	1.92679	2.05798	1.90077	1.78595	1.78595	1.67811	1.45553	1.33965	1.33965	1.33965	1.23311	1.011	1.05915	1.27288	1.33965	1.33965	1.33965	1.23311	1.011	0.893192	0.893192	0.893192	0.893192	1.05915	1.27288	1.33965	1.23311	1.011	0.893192	0.893192	0.893192	0.893192	0.893192	0.893192	0.893192	0.893192	0.893192	0.893192	0.893192	0.893192	0.893192	0.789491	0.805106	0.85029	0.893192	0.893192	0.893192	0.893192	0.893192	0.893192	0.893192	0.893192	0.893192	0.893192	0.893192	0.789491	0.569326	0.446623	0.446623	0.446623	0.446623	0.446623	0.569326	0.789491	0.893192	0.893192	0.893192	0.893192	0.893192	0.893192	0.893192	0.893192	0.893192	0.893192	0.893192	0.893192	0.893192	0.893192	0.893192	0.893192	0.893192	1.011	1.23311	1.33965	1.33965	1.33965	1.33965	1.33965	1.48936	1.70753	1.78595	1.78595	1.78595	1.78595	1.78595	1.78595	1.78595
2.34594	2.23182	2.23182	2.23182	2.23182	2.23182	2.23182	2.23182	2.36705	2.58788	2.67759	2.67759	2.67759	2.67759	2.67759	2.67759	2.67759	2.67759	2.67759	2.67759	2.67759	2.67759	2.58788	2.36705	2.23182	2.23182	2.23182	2.23182	2.23182	2.23182	2.23182	2.23182	2.23182	2.23182	2.23182	2.23182	2.23182	2.23182	2.23182	2.23182	2.23182	2.23182	2.23182	2.23182	2.23182	2.23182	2.23182	2.34594	2.5686	2.67759	2.67759	2.67759	2.67759	2.67759	2.67759	2.67759	2.67759	2.67759	2.67759	2.67759	2.67759	2.79121	3.01377	3.12304	3.12304	3.12304	3.12304	3.12304	3.12304	3.12304	3.12304	3.12304	3.12304	3.12304	3.03021	2.80896	2.67759	2.67759	2.67759	2.67759	2.67759	2.67759	2.67759	2.67759	2.67759	2.67759	2.67759	2.67759	2.67759	2.67759	2.67759	2.67759	2.67759	2.67759	2.67759	2.67759	2.67759	2.67759	2.79121	3.01377	3.12304	3.12304	3.12304	3.12304	3.12304	3.12304	3.12304	3.12304	3.12304	3.12304	3.12304	3.12304	3.12304	3.12304	3.12304	3.12304	3.03021	2.80896	2.67759	2.67759	2.67759	2.67759	2.67759	2.67759	2.67759	2.67759	2.79121	3.01377	3.12304	3.03021	2.80896	2.67759	2.67759	2.67759	2.67759	2.79121	2.93442	2.80896	2.67759	2.67759	2.67759	2.58788	2.36705	2.23182	2.23182	2.23182	2.23182	2.23182	2.34594	2.5686	2.58788	2.36705	2.23182	2.23182	2.23182	2.23182	2.14658	1.92661	1.78578	1.90059	2.05779	1.92661	1.78578	1.78578	1.70737	1.48922	1.33953	1.33953	1.33953	1.27276	1.05905	1.01091	1.233	1.33953	1.33953	1.33953	1.27276	1.05905	0.893109	0.893109	0.893109	0.893109	1.01091	1.233	1.33953	1.27276	1.05905	0.893109	0.893109	0.893109	0.893109	0.893109	0.893109	0.893109	0.893109	0.893109	0.893109	0.893109	0.893109	0.893109	0.85021	0.80503	0.789417	0.893109	0.893109	0.893109	0.893109	0.893109	0.893109	0.893109	0.893109	0.893109	0.893109	0.893109	0.85021	0.650971	0.446581	0.446581	0.446581	0.446581	0.446581	0.650971	0.85021	0.893109	0.893109	0.893109	0.893109	0.893109	0.893109	0.893109	0.893109	0.893109	0.893109	0.893109	0.893109	0.893109	0.893109	0.893109	0.893109	0.893109	1.05905	1.27276	1.33953	1.33953	1.33953	1.33953	1.33953	1.45539	1.67795	1.78578	1.78578	1.78578	1.78578	1.78578	1.78578	1.78578
0	0	0	0	0	0	0	0	0.446505	0.446505	0	0	0	0	0	0	0	0	0	0	0	0	0.446505	0.446505	0	0	0	0	0	0	0	0	0	0	0	0	0	0	0	0	0	0	0	0	0	0	0	0	0	0	0	0	0	0	0	0	0	0	0	0	0	0	0	0	0	0	0	0	0	0	0	0	0	0	0.446505	0.446505	0	0	0	0	0	0	0	0	0	0	0	0	0	0	0	0	0	0	0	0	0	0	0	0	0	0	0	0	0	0	0	0	0	0	0	0	0	0	0	0	0.446505	0.446505	0	0	0	0	0	0	0	0	0	0	0	0.446505	0.446505	0	0	0	0	0	0.446505	0.446505	0	0	0	0.446505	0.446505	0	0	0	0	0	0	0	0.446505	0.446505	0	0	0	0	0.446505	0.446505	0	0	0.446505	0.446505	0	0	0.446505	0.446505	0	0	0	0.446505	0.446505	0	0	0	0	0	0.446505	0.446505	0	0	0	0	0	0	0	0.446505	0.446505	0	0	0	0	0	0	0	0	0	0	0	0	0	0.446505	0.446505	0	0	0	0	0	0	0	0	0	0	0	0	0.446505	0.446505	0	0	0	0	0	0.446505	0.446505	0	0	0	0	0	0	0	0	0	0	0	0	0	0	0	0	0	0.446505	0.446505	0	0	0	0	0	0	0	0	0	0	0	0	0	0
0	0	0	0	0	0	0	0	0.446463	0.446463	0	0	0	0	0	0	0	0	0	0	0	0	0.446463	0.446463	0	0	0	0	0	0	0	0	0	0	0	0	0	0	0	0	0	0	0	0	0	0	0	0	0	0	0	0	0	0	0	0	0	0	0	0	0	0	0	0	0	0	0	0	0	0	0	0	0	0	0.446463	0.446463	0	0	0	0	0	0	0	0	0	0	0	0	0	0	0	0	0	0	0	0	0	0	0	0	0	0	0	0	0	0	0	0	0	0	0	0	0	0	0	0	0.446463	0.446463	0	0	0	0	0	0	0	0	0	0	0	0.446463	0.446463	0	0	0	0	0	0.446463	0.446463	0	0	0	0.446463	0.446463	0	0	0	0	0	0	0	0.446463	0.446463	0	0	0	0	0.446463	0.446463	0	0	0.446463	0.446463	0	0	0.446463	0.446463	0	0	0	0.446463	0.446463	0	0	0	0	0	0.446463	0.446463	0	0	0	0	0	0	0	0.446463	0.446463	0	0	0	0	0	0	0	0	0	0	0	0	0	0.446463	0.446463	0	0	0	0	0	0	0	0	0	0	0	0	0.446463	0.446463	0	0	0	0	0	0.446463	0.446463	0	0	0	0	0	0	0	0	0	0	0	0	0	0	0	0	0	0.446463	0.446463	0	0	0	0	0	0	0	0	0	0	0	0	0	0
0	0	0	0	0	0	0	0	0.446414	0.446414	0	0	0	0	0	0	0	0	0	0	0	0	0.446414	0.446414	0	0	0	0	0	0	0	0	0	0	0	0	0	0	0	0	0	0	0	0	0	0	0	0	0	0	0	0	0	0	0	0	0	0	0	0	0	0	0	0	0	0	0	0	0	0	0	0	0	0	0.446414	0.446414	0	0	0	0	0	0	0	0	0	0	0	0	0	0	0	0	0	0	0	0	0	0	0	0	0	0	0	0	0	0	0	0	0	0	0	0	0	0	0	0	0.446414	0.446414	0	0	0	0	0	0	0	0	0	0	0	0.446414	0.446414	0	0	0	0	0	0.446414	0.446414	0	0	0	0.446414	0.446414	0	0	0	0	0	0	0	0.446414	0.446414	0	0	0	0	0.446414	0.446414	0	0	0.446414	0.446414	0	0	0.446414	0.446414	0	0	0	0.446414	0.446414	0	0	0	0	0	0.446414	0.446414	0	0	0	0	0	0	0	0.446414	0.446414	0	0	0	0	0	0	0	0	0	0	0	0	0	0.446414	0.446414	0	0	0	0	0	0	0	0	0	0	0	0	0.446414	0.446414	0	0	0	0	0	0.446414	0.446414	0	0	0	0	0	0	0	0	0	0	0	0	0	0	0	0	0	0.446414	0.446414	0	0	0	0	0	0	0	0	0	0	0	0	0	0
0	0	0	0	0	0	0	0	0.446373	0.446373	0	0	0	0	0	0	0	0	0	0	0	0	0.446373	0.446373	0	0	0	0	0	0	0	0	0	0	0	0	0	0	0	0	0	0	0	0	0	0	0	0	0	0	0	0	0	0	0	0	0	0	0	0	0	0	0	0	0	0	0	0	0	0	0	0	0	0	0.446373	0.446373	0	0	0	0	0	0	0	0	0	0	0	0	0	0	0	0	0	0	0	0	0	0	0	0	0	0	0	0	0	0	0	0	0	0	0	0	0	0	0	0	0.446373	0.446373	0	0	0	0	0	0	0	0	0	0	0	0.446373	0.446373	0	0	0	0	0	0.446373	0.446373	0	0	0	0.446373	0.446373	0	0	0	0	0	0	0	0.446373	0.446373	0	0	0	0	0.446373	0.446373	0	0	0.446373	0.446373	0	0	0.446373	0.446373	0	0	0	0.446373	0.446373	0	0	0	0	0	0.446373	0.446373	0	0	0	0	0	0	0	0.446373	0.446373	0	0	0	0	0	0	0	0	0	0	0	0	0	0.446373	0.446373	0	0	0	0	0	0	0	0	0	0	0	0	0.446373	0.446373	0	0	0	0	0	0.446373	0.446373	0	0	0	0	0	0	0	0	0	0	0	0	0	0	0	0	0	0.446373	0.446373	0	0	0	0	0	0	0	0	0	0	0	0	0	0
0	0	0	0	0	0	0	0	0.446331	0.446331	0	0	0	0	0	0	0	0	0	0	0	0	0.446331	0.446331	0	0	0	0	0	0	0	0	0	0	0	0	0	0	0	0	0	0	0	0	0	0	0	0	0	0	0	0	0	0	0	0	0	0	0	0	0	0	0	0	0	0	0	0	0	0	0	0	0	0	0.446331	0.446331	0	0	0	0	0	0	0	0	0	0	0	0	0	0	0	0	0	0	0	0	0	0	0	0	0	0	0	0	0	0	0	0	0	0	0	0	0	0	0	0	0.446331	0.446331	0	0	0	0	0	0	0	0	0	0	0	0.446331	0.446331	0	0	0	0	0	0.446331	0.446331	0	0	0	0.446331	0.446331	0	0	0	0	0	0	0	0.446331	0.446331	0	0	0	0	0.446331	0.446331	0	0	0.446331	0.446331	0	0	0.446331	0.446331	0	0	0	0.446331	0.446331	0	0	0	0	0	0.446331	0.446331	0	0	0	0	0	0	0	0.446331	0.446331	0	0	0	0	0	0	0	0	0	0	0	0	0	0.446331	0.446331	0	0	0	0	0	0	0	0	0	0	0	0	0.446331	0.446331	0	0	0	0	0	0.446331	0.446331	0	0	0	0	0	0	0	0	0	0	0	0	0	0	0	0	0	0.446331	0.446331	0	0	0	0	0	0	0	0	0	0	0	0	0	0
0	0	0	0	0	0	0	0	0.446289	0.446289	0	0	0	0	0	0	0	0	0	0	0	0	0.446289	0.446289	0	0	0	0	0	0	0	0	0	0	0	0	0	0	0	0	0	0	0	0	0	0	0	0	0	0	0	0	0	0	0	0	0	0	0	0	0	0	0	0	0	0	0	0	0	0	0	0	0	0	0.446289	0.446289	0	0	0	0	0	0	0	0	0	0	0	0	0	0	0	0	0	0	0	0	0	0	0	0	0	0	0	0	0	0	0	0	0	0	0	0	0	0	0	0	0.446289	0.446289	0	0	0	0	0	0	0	0	0	0	0	0.446289	0.446289	0	0	0	0	0	0.446289	0.446289	0	0	0	0.446289	0.446289	0	0	0	0	0	0	0	0.446289	0.446289	0	0	0	0	0.446289	0.446289	0	0	0.446289	0.446289	0	0	0.446289	0.446289	0	0	0	0.446289	0.446289	0	0	0	0	0	0.446289	0.446289	0	0	0	0	0	0	0	0.446289	0.446289	0	0	0	0	0	0	0	0	0	0	0	0	0	0.446289	0.446289	0	0	0	0	0	0	0	0	0	0	0	0	0.446289	0.446289	0	0	0	0	0	0.446289	0.446289	0	0	0	0	0	0	0	0	0	0	0	0	0	0	0	0	0	0.446289	0.446289	0	0	0	0	0	0	0	0	0	0	0	0	0	0
0	0	0	0	0	0	0	0	0.446248	0.446248	0	0	0	0	0	0	0	0	0	0	0	0	0.446248	0.446248	0	0	0	0	0	0	0	0	0	0	0	0	0	0	0	0	0	0	0	0	0	0	0	0	0	0	0	0	0	0	0	0	0	0	0	0	0	0	0	0	0	0	0	0	0	0	0	0	0	0	0.446248	0.446248	0	0	0	0	0	0	0	0	0	0	0	0	0	0	0	0	0	0	0	0	0	0	0	0	0	0	0	0	0	0	0	0	0	0	0	0	0	0	0	0	0.446248	0.446248	0	0	0	0	0	0	0	0	0	0	0	0.446248	0.446248	0	0	0	0	0	0.446248	0.446248	0	0	0	0.446248	0.446248	0	0	0	0	0	0	0	0.446248	0.446248	0	0	0	0	0.446248	0.446248	0	0	0.446248	0.446248	0	0	0.446248	0.446248	0	0	0	0.446248	0.446248	0	0	0	0	0	0.446248	0.446248	0	0	0	0	0	0	0	0.446248	0.446248	0	0	0	0	0	0	0	0	0	0	0	0	0	0.446248	0.446248	0	0	0	0	0	0	0	0	0	0	0	0	0.446248	0.446248	0	0	0	0	0	0.446248	0.446248	0	0	0	0	0	0	0	0	0	0	0	0	0	0	0	0	0	0.446248	0.446248	0	0	0	0	0	0	0	0	0	0	0	0	0	0
0	0	0	0	0	0	0	0	0.446206	0.446206	0	0	0	0	0	0	0	0	0	0	0	0	0.446206	0.446206	0	0	0	0	0	0	0	0	0	0	0	0	0	0	0	0	0	0	0	0	0	0	0	0	0	0	0	0	0	0	0	0	0	0	0	0	0	0	0	0	0	0	0	0	0	0	0	0	0	0	0.446206	0.446206	0	0	0	0	0	0	0	0	0	0	0	0	0	0	0	0	0	0	0	0	0	0	0	0	0	0	0	0	0	0	0	0	0	0	0	0	0	0	0	0	0.446206	0.446206	0	0	0	0	0	0	0	0	0	0	0	0.446206	0.446206	0	0	0	0	0	0.446206	0.446206	0	0	0	0.446206	0.446206	0	0	0	0	0	0	0	0.446206	0.446206	0	0	0	0	0.446206	0.446206	0	0	0.446206	0.446206	0	0	0.446206	0.446206	0	0	0	0.446206	0.446206	0	0	0	0	0	0.446206	0.446206	0	0	0	0	0	0	0	0.446206	0.446206	0	0	0	0	0	0	0	0	0	0	0	0	0	0.446206	0.446206	0	0	0	0	0	0	0	0	0	0	0	0	0.446206	0.446206	0	0	0	0	0	0.446206	0.446206	0	0	0	0	0	0	0	0	0	0	0	0	0	0	0	0	0	0.446206	0.446206	0	0	0	0	0	0	0	0	0	0	0	0	0	0
0	0	0	0	0	0	0	0	0.446164	0.446164	0	0	0	0	0	0	0	0	0	0	0	0	0.446164	0.446164	0	0	0	0	0	0	0	0	0	0	0	0	0	0	0	0	0	0	0	0	0	0	0	0	0	0	0	0	0	0	0	0	0	0	0	0	0	0	0	0	0	0	0	0	0	0	0	0	0	0	0.446164	0.446164	0	0	0	0	0	0	0	0	0	0	0	0	0	0	0	0	0	0	0	0	0	0	0	0	0	0	0	0	0	0	0	0	0	0	0	0	0	0	0	0	0.446164	0.446164	0	0	0	0	0	0	0	0	0	0	0	0.446164	0.446164	0	0	0	0	0	0.446164	0.446164	0	0	0	0.446164	0.446164	0	0	0	0	0	0	0	0.446164	0.446164	0	0	0	0	0.446164	0.446164	0	0	0.446164	0.446164	0	0	0.446164	0.446164	0	0	0	0.446164	0.446164	0	0	0	0	0	0.446164	0.446164	0	0	0	0	0	0	0	0.446164	0.446164	0	0	0	0	0	0	0	0	0	0	0	0	0	0.446164	0.446164	0	0	0	0	0	0	0	0	0	0	0	0	0.446164	0.446164	0	0	0	0	0	0.446164	0.446164	0	0	0	0	0	0	0	0	0	0	0	0	0	0	0	0	0	0.446164	0.446164	0	0	0	0	0	0	0	0	0	0	0	0	0	0
0	0	0	0	0	0	0	0	0.446123	0.446123	0	0	0	0	0	0	0	0	0	0	0	0	0.446123	0.446123	0	0	0	0	0	0	0	0	0	0	0	0	0	0	0	0	0	0	0	0	0	0	0	0	0	0	0	0	0	0	0	0	0	0	0	0	0	0	0	0	0	0	0	0	0	0	0	0	0	0	0.446123	0.446123	0	0	0	0	0	0	0	0	0	0	0	0	0	0	0	0	0	0	0	0	0	0	0	0	0	0	0	0	0	0	0	0	0	0	0	0	0	0	0	0	0.446123	0.446123	0	0	0	0	0	0	0	0	0	0	0	0.446123	0.446123	0	0	0	0	0	0.446123	0.446123	0	0	0	0.446123	0.446123	0	0	0	0	0	0	0	0.446123	0.446123	0	0	0	0	0.446123	0.446123	0	0	0.446123	0.446123	0	0	0.446123	0.446123	0	0	0	0.446123	0.446123	0	0	0	0	0	0.446123	0.446123	0	0	0	0	0	0	0	0.446123	0.446123	0	0	0	0	0	0	0	0	0	0	0	0	0	0.446123	0.446123	0	0	0	0	0	0	0	0	0	0	0	0	0.446123	0.446123	0	0	0	0	0	0.446123	0.446123	0	0	0	0	0	0	0	0	0	0	0	0	0	0	0	0	0	0.446123	0.446123	0	0	0	0	0	0	0	0	0	0	0	0	0	0
0	0	0	0	0	0	0	0	0.446074	0.446074	0	0	0	0	0	0	0	0	0	0	0	0	0.446074	0.446074	0	0	0	0	0	0	0	0	0	0	0	0	0	0	0	0	0	0	0	0	0	0	0	0	0	0	0	0	0	0	0	0	0	0	0	0	0	0	0	0	0	0	0	0	0	0	0	0	0	0	0.446074	0.446074	0	0	0	0	0	0	0	0	0	0	0	0	0	0	0	0	0	0	0	0	0	0	0	0	0	0	0	0	0	0	0	0	0	0	0	0	0	0	0	0	0.446074	0.446074	0	0	0	0	0	0	0	0	0	0	0	0.446074	0.446074	0	0	0	0	0	0.446074	0.446074	0	0	0	0.446074	0.446074	0	0	0	0	0	0	0	0.446074	0.446074	0	0	0	0	0.446074	0.446074	0	0	0.446074	0.446074	0	0	0.446074	0.446074	0	0	0	0.446074	0.446074	0	0	0	0	0	0.446074	0.446074	0	0	0	0	0	0	0	0.446074	0.446074	0	0	0	0	0	0	0	0	0	0	0	0	0	0.446074	0.446074	0	0	0	0	0	0	0	0	0	0	0	0	0.446074	0.446074	0	0	0	0	0	0.446074	0.446074	0	0	0	0	0	0	0	0	0	0	0	0	0	0	0	0	0	0.446074	0.446074	0	0	0	0	0	0	0	0	0	0	0	0	0	0
2.22925	2.22925	2.22925	2.22925	2.34324	2.56564	2.67451	2.67451	2.58491	2.36433	2.22925	2.22925	2.22925	2.22925	2.22925	2.22925	2.22925	2.22925	2.22925	2.22925	2.22925	2.22925	2.36433	2.58491	2.67451	2.67451	2.67451	2.67451	2.67451	2.67451	2.56564	2.34324	2.22925	2.22925	2.22925	2.22925	2.22925	2.22925	2.22925	2.22925	2.22925	2.34324	2.56564	2.67451	2.67451	2.67451	2.67451	2.67451	2.67451	2.67451	2.67451	2.67451	2.67451	2.67451	2.67451	2.67451	2.67451	2.67451	2.67451	2.67451	2.67451	2.67451	2.67451	2.67451	2.67451	2.67451	2.67451	2.67451	2.67451	2.67451	2.67451	2.67451	2.67451	2.67451	2.80573	3.02672	3.11945	3.11945	3.11945	3.11945	3.0103	2.788	2.67451	2.67451	2.67451	2.67451	2.67451	2.67451	2.67451	2.67451	2.67451	2.67451	2.67451	2.67451	2.56564	2.34324	2.22925	2.22925	2.22925	2.22925	2.22925	2.22925	2.22925	2.22925	2.22925	2.22925	2.22925	2.22925	2.22925	2.22925	2.22925	2.22925	2.22925	2.22925	2.22925	2.22925	2.36433	2.58491	2.67451	2.67451	2.67451	2.56564	2.34324	2.22925	2.22925	2.22925	2.12082	1.8984	1.78373	1.92439	2.05542	1.8984	1.78373	1.78373	1.78373	1.78373	1.83858	1.83858	1.78373	1.78373	1.78373	1.83858	1.83858	1.78373	1.78373	1.78373	1.67602	1.45372	1.23158	1.00974	1.05783	1.2713	1.33798	1.23158	1.00974	0.89208	1.05783	1.20091	1.00974	0.89208	0.99734	0.99734	0.89208	0.89208	0.99734	0.99734	0.89208	0.788507	0.568617	0.650221	0.849231	0.788507	0.568617	0.446067	0.352647	0.157705	0.352625	0.473106	0.352647	0.157705	0	0	0	0	0	0.352625	0.473106	0.446067	0.446067	0.446067	0.446067	0.446067	0.446067	0.446067	0.352647	0.157705	0	0	0	0	0.352625	0.473106	0.446067	0.446067	0.446067	0.446067	0.352647	0.157705	0	0	0	0	0	0	0.352625	0.473106	0.446067	0.446067	0.446067	0.446067	0.446067	0.473106	0.352625	0	0	0	0.157705	0.352647	0.446067	0.446067	0.446067	0.446067	0.568617	0.788507	0.89208	0.89208	0.89208	0.89208	0.89208	0.89208	0.99734	0.99734	0.89208	0.89208	0.89208	0.89208	0.89208	0.89208	0.89208	0.89208	0.89208	0.89208	0.89208	0.89208	0.89208	0.89208
2.22905	2.22905	2.22905	2.22905	2.36411	2.58466	2.67426	2.67426	2.5654	2.34303	2.22905	2.22905	2.22905	2.22905	2.22905	2.22905	2.22905	2.22905	2.22905	2.22905	2.22905	2.22905	2.34303	2.5654	2.67426	2.67426	2.67426	2.67426	2.67426	2.67426	2.58466	2.36411	2.22905	2.22905	2.22905	2.22905	2.22905	2.22905	2.22905	2.22905	2.22905	2.36411	2.58466	2.67426	2.67426	2.67426	2.67426	2.67426	2.67426	2.67426	2.67426	2.67426	2.67426	2.67426	2.67426	2.67426	2.67426	2.67426	2.67426	2.67426	2.67426	2.67426	2.67426	2.67426	2.67426	2.67426	2.67426	2.67426	2.67426	2.67426	2.67426	2.67426	2.67426	2.67426	2.78774	3.01002	3.11915	3.11915	3.11915	3.11915	3.02644	2.80547	2.67426	2.67426	2.67426	2.67426	2.67426	2.67426	2.67426	2.67426	2.67426	2.67426	2.67426	2.67426	2.58466	2.36411	2.22905	2.22905	2.22905	2.22905	2.22905	2.22905	2.22905	2.22905	2.22905	2.22905	2.22905	2.22905	2.22905	2.22905	2.22905	2.22905	2.22905	2.22905	2.22905	2.22905	2.34303	2.5654	2.67426	2.67426	2.67426	2.58466	2.36411	2.22905	2.22905	2.22905	2.1439	1.92421	1.78356	1.89823	2.05523	1.92421	1.78356	1.78356	1.78356	1.78356	1.83841	1.83841	1.78356	1.78356	1.78356	1.83841	1.83841	1.78356	1.78356	1.78356	1.70524	1.48737	1.27118	1.05773	1.00965	1.23146	1.33786	1.27118	1.05773	0.891996	1.00965	1.2008	1.05773	0.891996	0.997247	0.997247	0.891996	0.891996	0.997247	0.997247	0.891996	0.849152	0.65016	0.568564	0.788434	0.849152	0.65016	0.446025	0.473062	0.352592	0.15769	0.352614	0.473062	0.352592	0	0	0	0	0	0.15769	0.352614	0.446025	0.446025	0.446025	0.446025	0.446025	0.446025	0.446025	0.473062	0.352592	0	0	0	0	0.15769	0.352614	0.446025	0.446025	0.446025	0.446025	0.473062	0.352592	0	0	0	0	0	0	0.15769	0.352614	0.446025	0.446025	0.446025	0.446025	0.446025	0.352614	0.15769	0	0	0	0.352592	0.473062	0.446025	0.446025	0.446025	0.446025	0.65016	0.849152	0.891996	0.891996	0.891996	0.891996	0.891996	0.891996	0.997247	0.997247	0.891996	0.891996	0.891996	0.891996	0.891996	0.891996	0.891996	0.891996	0.891996	0.891996	0.891996	0.891996	0.891996	0.891996
0	0	0	0	0.445949	0.445949	0	0	0	0	0	0	0	0	0	0	0	0	0	0	0	0	0	0	0	0	0	0	0	0	0.445949	0.445949	0	0	0	0	0	0	0	0	0	0.445949	0.445949	0	0	0	0	0	0	0	0	0	0	0	0	0	0	0	0	0	0	0	0	0	0	0	0	0	0	0	0	0	0	0	0	0	0	0	0	0	0.445949	0.445949	0	0	0	0	0	0	0	0	0	0	0	0	0.445949	0.445949	0	0	0	0	0	0	0	0	0	0	0	0	0	0	0	0	0	0	0	0	0	0	0	0	0	0.445949	0.445949	0	0	0	0.445949	0.445949	0	0	0.445949	0.445949	0	0	0	0	0.445949	0.445949	0	0	0	0.445949	0.445949	0	0	0	0.445949	0.445949	0.445949	0.445949	0	0	0	0.445949	0.445949	0	0	0.445949	0.445949	0	0.445949	0.445949	0	0	0.445949	0.445949	0	0.445949	0.445949	0	0	0.445949	0.445949	0	0.445949	0.445949	0	0	0.445949	0.445949	0	0	0	0	0	0	0	0	0	0	0	0	0	0	0.445949	0.445949	0	0	0	0	0	0	0	0	0	0	0.445949	0.445949	0	0	0	0	0	0	0	0	0	0	0	0	0	0	0	0	0	0	0.445949	0.445949	0	0	0	0	0.445949	0.445949	0	0	0	0	0	0	0.445949	0.445949	0	0	0	0	0	0	0	0	0	0	0	0	0	0
0	0	0	0	0.445907	0.445907	0	0	0	0	0	0	0	0	0	0	0	0	0	0	0	0	0	0	0	0	0	0	0	0	0.445907	0.445907	0	0	0	0	0	0	0	0	0	0.445907	0.445907	0	0	0	0	0	0	0	0	0	0	0	0	0	0	0	0	0	0	0	0	0	0	0	0	0	0	0	0	0	0	0	0	0	0	0	0	0	0.445907	0.445907	0	0	0	0	0	0	0	0	0	0	0	0	0.445907	0.445907	0	0	0	0	0	0	0	0	0	0	0	0	0	0	0	0	0	0	0	0	0	0	0	0	0	0.445907	0.445907	0	0	0	0.445907	0.445907	0	0	0.445907	0.445907	0	0	0	0	0.445907	0.445907	0	0	0	0.445907	0.445907	0	0	0	0.445907	0.445907	0.445907	0.445907	0	0	0	0.445907	0.445907	0	0	0.445907	0.445907	0	0.445907	0.445907	0	0	0.445907	0.445907	0	0.445907	0.445907	0	0	0.445907	0.445907	0	0.445907	0.445907	0	0	0.445907	0.445907	0	0	0	0	0	0	0	0	0	0	0	0	0	0	0.445907	0.445907	0	0	0	0	0	0	0	0	0	0	0.445907	0.445907	0	0	0	0	0	0	0	0	0	0	0	0	0	0	0	0	0	0	0.445907	0.445907	0	0	0	0	0.445907	0.445907	0	0	0	0	0	0	0.445907	0.445907	0	0	0	0	0	0	0	0	0	0	0	0	0	0
0	0	0	0	0.445866	0.445866	0	0	0	0	0	0	0	0	0	0	0	0	0	0	0	0	0	0	0	0	0	0	0	0	0.445866	0.445866	0	0	0	0	0	0	0	0	0	0.445866	0.445866	0	0	0	0	0	0	0	0	0	0	0	0	0	0	0	0	0	0	0	0	0	0	0	0	0	0	0	0	0	0	0	0	0	0	0	0	0	0.445866	0.445866	0	0	0	0	0	0	0	0	0	0	0	0	0.445866	0.445866	0	0	0	0	0	0	0	0	0	0	0	0	0	0	0	0	0	0	0	0	0	0	0	0	0	0.445866	0.445866	0	0	0	0.445866	0.445866	0	0	0.445866	0.445866	0	0	0	0	0.445866	0.445866	0	0	0	0.445866	0.445866	0	0	0	0.445866	0.445866	0.445866	0.445866	0	0	0	0.445866	0.445866	0	0	0.445866	0.445866	0	0.445866	0.445866	0	0	0.445866	0.445866	0	0.445866	0.445866	0	0	0.445866	0.445866	0	0.445866	0.445866	0	0	0.445866	0.445866	0	0	0	0	0	0	0	0	0	0	0	0	0	0	0.445866	0.445866	0	0	0	0	0	0	0	0	0	0	0.445866	0.445866	0	0	0	0	0	0	0	0	0	0	0	0	0	0	0	0	0	0	0.445866	0.445866	0	0	0	0	0.445866	0.445866	0	0	0	0	0	0	0.445866	0.445866	0	0	0	0	0	0	0	0	0	0	0	0	0	0
0	0	0	0	0.445824	0.445824	0	0	0	0	0	0	0	0	0	0	0	0	0	0	0	0	0	0	0	0	0	0	0	0	0.445824	0.445824	0	0	0	0	0	0	0	0	0	0.445824	0.445824	0	0	0	0	0	0	0	0	0	0	0	0	0	0	0	0	0	0	0	0	0	0	0	0	0	0	0	0	0	0	0	0	0	0	0	0	0	0.445824	0.445824	0	0	0	0	0	0	0	0	0	0	0	0	0.445824	0.445824	0	0	0	0	0	0	0	0	0	0	0	0	0	0	0	0	0	0	0	0	0	0	0	0	0	0.445824	0.445824	0	0	0	0.445824	0.445824	0	0	0.445824	0.445824	0	0	0	0	0.445824	0.445824	0	0	0	0.445824	0.445824	0	0	0	0.445824	0.445824	0.445824	0.445824	0	0	0	0.445824	0.445824	0	0	0.445824	0.445824	0	0.445824	0.445824	0	0	0.445824	0.445824	0	0.445824	0.445824	0	0	0.445824	0.445824	0	0.445824	0.445824	0	0	0.445824	0.445824	0	0	0	0	0	0	0	0	0	0	0	0	0	0	0.445824	0.445824	0	0	0	0	0	0	0	0	0	0	0.445824	0.445824	0	0	0	0	0	0	0	0	0	0	0	0	0	0	0	0	0	0	0.445824	0.445824	0	0	0	0	0.445824	0.445824	0	0	0	0	0	0	0.445824	0.445824	0	0	0	0	0	0	0	0	0	0	0	0	0	0
0	0	0	0	0.445782	0.445782	0	0	0	0	0	0	0	0	0	0	0	0	0	0	0	0	0	0	0	0	0	0	0	0	0.445782	0.445782	0	0	0	0	0	0	0	0	0	0.445782	0.445782	0	0	0	0	0	0	0	0	0	0	0	0	0	0	0	0	0	0	0	0	0	0	0	0	0	0	0	0	0	0	0	0	0	0	0	0	0	0.445782	0.445782	0	0	0	0	0	0	0	0	0	0	0	0	0.445782	0.445782	0	0	0	0	0	0	0	0	0	0	0	0	0	0	0	0	0	0	0	0	0	0	0	0	0	0.445782	0.445782	0	0	0	0.445782	0.445782	0	0	0.445782	0.445782	0	0	0	0	0.445782	0.445782	0	0	0	0.445782	0.445782	0	0	0	0.445782	0.445782	0.445782	0.445782	0	0	0	0.445782	0.445782	0	0	0.445782	0.445782	0	0.445782	0.445782	0	0	0.445782	0.445782	0	0.445782	0.445782	0	0	0.445782	0.445782	0	0.445782	0.445782	0	0	0.445782	0.445782	0	0	0	0	0	0	0	0	0	0	0	0	0	0	0.445782	0.445782	0	0	0	0	0	0	0	0	0	0	0.445782	0.445782	0	0	0	0	0	0	0	0	0	0	0	0	0	0	0	0	0	0	0.445782	0.445782	0	0	0	0	0.445782	0.445782	0	0	0	0	0	0	0.445782	0.445782	0	0	0	0	0	0	0	0	0	0	0	0	0	0
0	0	0	0	0.445734	0.445734	0	0	0	0	0	0	0	0	0	0	0	0	0	0	0	0	0	0	0	0	0	0	0	0	0.445734	0.445734	0	0	0	0	0	0	0	0	0	0.445734	0.445734	0	0	0	0	0	0	0	0	0	0	0	0	0	0	0	0	0	0	0	0	0	0	0	0	0	0	0	0	0	0	0	0	0	0	0	0	0	0.445734	0.445734	0	0	0	0	0	0	0	0	0	0	0	0	0.445734	0.445734	0	0	0	0	0	0	0	0	0	0	0	0	0	0	0	0	0	0	0	0	0	0	0	0	0	0.445734	0.445734	0	0	0	0.445734	0.445734	0	0	0.445734	0.445734	0	0	0	0	0.445734	0.445734	0	0	0	0.445734	0.445734	0	0	0	0.445734	0.445734	0.445734	0.445734	0	0	0	0.445734	0.445734	0	0	0.445734	0.445734	0	0.445734	0.445734	0	0	0.445734	0.445734	0	0.445734	0.445734	0	0	0.445734	0.445734	0	0.445734	0.445734	0	0	0.445734	0.445734	0	0	0	0	0	0	0	0	0	0	0	0	0	0	0.445734	0.445734	0	0	0	0	0	0	0	0	0	0	0.445734	0.445734	0	0	0	0	0	0	0	0	0	0	0	0	0	0	0	0	0	0	0.445734	0.445734	0	0	0	0	0.445734	0.445734	0	0	0	0	0	0	0.445734	0.445734	0	0	0	0	0	0	0	0	0	0	0	0	0	0
0	0	0	0	0.445692	0.445692	0	0	0	0	0	0	0	0	0	0	0	0	0	0	0	0	0	0	0	0	0	0	0	0	0.445692	0.445692	0	0	0	0	0	0	0	0	0	0.445692	0.445692	0	0	0	0	0	0	0	0	0	0	0	0	0	0	0	0	0	0	0	0	0	0	0	0	0	0	0	0	0	0	0	0	0	0	0	0	0	0.445692	0.445692	0	0	0	0	0	0	0	0	0	0	0	0	0.445692	0.445692	0	0	0	0	0	0	0	0	0	0	0	0	0	0	0	0	0	0	0	0	0	0	0	0	0	0.445692	0.445692	0	0	0	0.445692	0.445692	0	0	0.445692	0.445692	0	0	0	0	0.445692	0.445692	0	0	0	0.445692	0.445692	0	0	0	0.445692	0.445692	0.445692	0.445692	0	0	0	0.445692	0.445692	0	0	0.445692	0.445692	0	0.445692	0.445692	0	0	0.445692	0.445692	0	0.445692	0.445692	0	0	0.445692	0.445692	0	0.445692	0.445692	0	0	0.445692	0.445692	0	0	0	0	0	0	0	0	0	0	0	0	0	0	0.445692	0.445692	0	0	0	0	0	0	0	0	0	0	0.445692	0.445692	0	0	0	0	0	0	0	0	0	0	0	0	0	0	0	0	0	0	0.445692	0.445692	0	0	0	0	0.445692	0.445692	0	0	0	0	0	0	0.445692	0.445692	0	0	0	0	0	0	0	0	0	0	0	0	0	0
0	0	0	0	0.445651	0.445651	0	0	0	0	0	0	0	0	0	0	0	0	0	0	0	0	0	0	0	0	0	0	0	0	0.445651	0.445651	0	0	0	0	0	0	0	0	0	0.445651	0.445651	0	0	0	0	0	0	0	0	0	0	0	0	0	0	0	0	0	0	0	0	0	0	0	0	0	0	0	0	0	0	0	0	0	0	0	0	0	0.445651	0.445651	0	0	0	0	0	0	0	0	0	0	0	0	0.445651	0.445651	0	0	0	0	0	0	0	0	0	0	0	0	0	0	0	0	0	0	0	0	0	0	0	0	0	0.445651	0.445651	0	0	0	0.445651	0.445651	0	0	0.445651	0.445651	0	0	0	0	0.445651	0.445651	0	0	0	0.445651	0.445651	0	0	0	0.445651	0.445651	0.445651	0.445651	0	0	0	0.445651	0.445651	0	0	0.445651	0.445651	0	0.445651	0.445651	0	0	0.445651	0.445651	0	0.445651	0.445651	0	0	0.445651	0.445651	0	0.445651	0.445651	0	0	0.445651	0.445651	0	0	0	0	0	0	0	0	0	0	0	0	0	0	0.445651	0.445651	0	0	0	0	0	0	0	0	0	0	0.445651	0.445651	0	0	0	0	0	0	0	0	0	0	0	0	0	0	0	0	0	0	0.445651	0.445651	0	0	0	0	0.445651	0.445651	0	0	0	0	0	0	0.445651	0.445651	0	0	0	0	0	0	0	0	0	0	0	0	0	0
0	0	0	0	0.445609	0.445609	0	0	0	0	0	0	0	0	0	0	0	0	0	0	0	0	0	0	0	0	0	0	0	0	0.445609	0.445609	0	0	0	0	0	0	0	0	0	0.445609	0.445609	0	0	0	0	0	0	0	0	0	0	0	0	0	0	0	0	0	0	0	0	0	0	0	0	0	0	0	0	0	0	0	0	0	0	0	0	0	0.445609	0.445609	0	0	0	0	0	0	0	0	0	0	0	0	0.445609	0.445609	0	0	0	0	0	0	0	0	0	0	0	0	0	0	0	0	0	0	0	0	0	0	0	0	0	0.445609	0.445609	0	0	0	0.445609	0.445609	0	0	0.445609	0.445609	0	0	0	0	0.445609	0.445609	0	0	0	0.445609	0.445609	0	0	0	0.445609	0.445609	0.445609	0.445609	0	0	0	0.445609	0.445609	0	0	0.445609	0.445609	0	0.445609	0.445609	0	0	0.445609	0.445609	0	0.445609	0.445609	0	0	0.445609	0.445609	0	0.445609	0.445609	0	0	0.445609	0.445609	0	0	0	0	0	0	0	0	0	0	0	0	0	0	0.445609	0.445609	0	0	0	0	0	0	0	0	0	0	0.445609	0.445609	0	0	0	0	0	0	0	0	0	0	0	0	0	0	0	0	0	0	0.445609	0.445609	0	0	0	0	0.445609	0.445609	0	0	0	0	0	0	0.445609	0.445609	0	0	0	0	0	0	0	0	0	0	0	0	0	0
0	0	0	0	0.445567	0.445567	0	0	0	0	0	0	0	0	0	0	0	0	0	0	0	0	0	0	0	0	0	0	0	0	0.445567	0.445567	0	0	0	0	0	0	0	0	0	0.445567	0.445567	0	0	0	0	0	0	0	0	0	0	0	0	0	0	0	0	0	0	0	0	0	0	0	0	0	0	0	0	0	0	0	0	0	0	0	0	0	0.445567	0.445567	0	0	0	0	0	0	0	0	0	0	0	0	0.445567	0.445567	0	0	0	0	0	0	0	0	0	0	0	0	0	0	0	0	0	0	0	0	0	0	0	0	0	0.445567	0.445567	0	0	0	0.445567	0.445567	0	0	0.445567	0.445567	0	0	0	0	0.445567	0.445567	0	0	0	0.445567	0.445567	0	0	0	0.445567	0.445567	0.445567	0.445567	0	0	0	0.445567	0.445567	0	0	0.445567	0.445567	0	0.445567	0.445567	0	0	0.445567	0.445567	0	0.445567	0.445567	0	0	0.445567	0.445567	0	0.445567	0.445567	0	0	0.445567	0.445567	0	0	0	0	0	0	0	0	0	0	0	0	0	0	0.445567	0.445567	0	0	0	0	0	0	0	0	0	0	0.445567	0.445567	0	0	0	0	0	0	0	0	0	0	0	0	0	0	0	0	0	0	0.445567	0.445567	0	0	0	0	0.445567	0.445567	0	0	0	0	0	0	0.445567	0.445567	0	0	0	0	0	0	0	0	0	0	0	0	0	0
0	0	0	0	0.445526	0.445526	0	0	0	0	0	0	0	0	0	0	0	0	0	0	0	0	0	0	0	0	0	0	0	0	0.445526	0.445526	0	0	0	0	0	0	0	0	0	0.445526	0.445526	0	0	0	0	0	0	0	0	0	0	0	0	0	0	0	0	0	0	0	0	0	0	0	0	0	0	0	0	0	0	0	0	0	0	0	0	0	0.445526	0.445526	0	0	0	0	0	0	0	0	0	0	0	0	0.445526	0.445526	0	0	0	0	0	0	0	0	0	0	0	0	0	0	0	0	0	0	0	0	0	0	0	0	0	0.445526	0.445526	0	0	0	0.445526	0.445526	0	0	0.445526	0.445526	0	0	0	0	0.445526	0.445526	0	0	0	0.445526	0.445526	0	0	0	0.445526	0.445526	0.445526	0.445526	0	0	0	0.445526	0.445526	0	0	0.445526	0.445526	0	0.445526	0.445526	0	0	0.445526	0.445526	0	0.445526	0.445526	0	0	0.445526	0.445526	0	0.445526	0.445526	0	0	0.445526	0.445526	0	0	0	0	0	0	0	0	0	0	0	0	0	0	0.445526	0.445526	0	0	0	0	0	0	0	0	0	0	0.445526	0.445526	0	0	0	0	0	0	0	0	0	0	0	0	0	0	0	0	0	0	0.445526	0.445526	0	0	0	0	0.445526	0.445526	0	0	0	0	0	0	0.445526	0.445526	0	0	0	0	0	0	0	0	0	0	0	0	0	0
0	0	0	0	0.445484	0.445484	0	0	0	0	0	0	0	0	0	0	0	0	0	0	0	0	0	0	0	0	0	0	0	0	0.445484	0.445484	0	0	0	0	0	0	0	0	0	0.445484	0.445484	0	0	0	0	0	0	0	0	0	0	0	0	0	0	0	0	0	0	0	0	0	0	0	0	0	0	0	0	0	0	0	0	0	0	0	0	0	0.445484	0.445484	0	0	0	0	0	0	0	0	0	0	0	0	0.445484	0.445484	0	0	0	0	0	0	0	0	0	0	0	0	0	0	0	0	0	0	0	0	0	0	0	0	0	0.445484	0.445484	0	0	0	0.445484	0.445484	0	0	0.445484	0.445484	0	0	0	0	0.445484	0.445484	0	0	0	0.445484	0.445484	0	0	0	0.445484	0.445484	0.445484	0.445484	0	0	0	0.445484	0.445484	0	0	0.445484	0.445484	0	0.445484	0.445484	0	0	0.445484	0.445484	0	0.445484	0.445484	0	0	0.445484	0.445484	0	0.445484	0.445484	0	0	0.445484	0.445484	0	0	0	0	0	0	0	0	0	0	0	0	0	0	0.445484	0.445484	0	0	0	0	0	0	0	0	0	0	0.445484	0.445484	0	0	0	0	0	0	0	0	0	0	0	0	0	0	0	0	0	0	0.445484	0.445484	0	0	0	0	0.445484	0.445484	0	0	0	0	0	0	0.445484	0.445484	0	0	0	0	0	0	0	0	0	0	0	0	0	0
2.67094	2.67094	2.67094	2.67094	2.58145	2.36117	2.22628	2.22628	2.22628	2.22628	2.22628	2.22628	2.22628	2.22628	2.22628	2.22628	2.22628	2.22628	2.22628	2.22628	2.22628	2.22628	2.22628	2.22628	2.22628	2.22628	2.22628	2.22628	2.22628	2.22628	2.36117	2.58145	2.67094	2.67094	2.67094	2.67094	2.67094	2.67094	2.67094	2.67094	2.67094	2.58145	2.36117	2.22628	2.22628	2.22628	2.22628	2.22628	2.22628	2.22628	2.22628	2.22628	2.22628	2.22628	2.22628	2.22628	2.22628	2.22628	2.22628	2.22628	2.22628	2.22628	2.22628	2.22628	2.22628	2.22628	2.22628	2.22628	2.22628	2.22628	2.22628	2.11799	1.89587	1.78134	1.78134	1.78134	1.78134	1.78134	1.78134	1.78134	1.92182	2.14124	2.22628	2.22628	2.22628	2.22628	2.11799	1.89587	1.78134	1.78134	1.78134	1.78134	1.78134	1.78134	1.92182	2.14124	2.22628	2.11799	1.89587	1.78134	1.78134	1.78134	1.78134	1.78134	1.78134	1.78134	1.78134	1.78134	1.78134	1.67378	1.45177	1.3362	1.3362	1.3362	1.3362	1.22993	1.00839	0.890887	0.890887	0.890887	0.890887	1.05642	1.2696	1.22993	1.00839	0.890887	1.05642	1.1993	1.00839	0.890887	0.99601	0.99601	0.890887	0.787453	0.567857	0.44547	0.629958	0.629958	0.44547	0.352176	0.157495	0.352158	0.498024	0.157495	0	0	0.352158	0.498024	0.498024	0.472477	0.352176	0.157495	0	0.445443	0.445443	0	0	0.445443	0.445443	0	0.445443	0.445443	0	0	0.445443	0.445443	0	0.352158	0.498024	0.157495	0	0.352158	0.472477	0.352176	0.498024	0.472477	0.44547	0.44547	0.629958	0.629958	0.44547	0.44547	0.44547	0.352176	0.157495	0	0	0	0	0	0	0	0	0	0.352158	0.472477	0.352176	0.157495	0	0	0	0	0	0	0	0.157495	0.498024	0.352158	0	0	0	0	0	0	0	0	0	0	0	0	0.157495	0.352176	0.44547	0.44547	0.44547	0.44547	0.472477	0.352158	0	0	0	0	0.445443	0.445443	0	0	0.157495	0.352176	0.44547	0.44547	0.472477	0.352158	0.157495	0.352176	0.44547	0.44547	0.44547	0.44547	0.44547	0.44547	0.44547	0.44547	0.44547	0.44547	0.352176	0.157495
2.67069	2.67069	2.67069	2.67069	2.56198	2.3399	2.22607	2.22607	2.22607	2.22607	2.22607	2.22607	2.22607	2.22607	2.22607	2.22607	2.22607	2.22607	2.22607	2.22607	2.22607	2.22607	2.22607	2.22607	2.22607	2.22607	2.22607	2.22607	2.22607	2.22607	2.3399	2.56198	2.67069	2.67069	2.67069	2.67069	2.67069	2.67069	2.67069	2.67069	2.67069	2.56198	2.3399	2.22607	2.22607	2.22607	2.22607	2.22607	2.22607	2.22607	2.22607	2.22607	2.22607	2.22607	2.22607	2.22607	2.22607	2.22607	2.22607	2.22607	2.22607	2.22607	2.22607	2.22607	2.22607	2.22607	2.22607	2.22607	2.22607	2.22607	2.22607	2.14104	1.92164	1.78118	1.78118	1.78118	1.78118	1.78118	1.78118	1.78118	1.89569	2.11779	2.22607	2.22607	2.22607	2.22607	2.14104	1.92164	1.78118	1.78118	1.78118	1.78118	1.78118	1.78118	1.89569	2.11779	2.22607	2.14104	1.92164	1.78118	1.78118	1.78118	1.78118	1.78118	1.78118	1.78118	1.78118	1.78118	1.78118	1.70297	1.48538	1.33607	1.33607	1.33607	1.33607	1.26948	1.05632	0.890804	0.890804	0.890804	0.890804	1.0083	1.22982	1.26948	1.05632	0.890804	1.0083	1.19919	1.05632	0.890804	0.995914	0.995914	0.890804	0.848016	0.649291	0.445429	0.629894	0.629894	0.445429	0.472429	0.35212	0.15748	0.497971	0.35212	0	0	0.15748	0.497971	0.497971	0.352142	0.472429	0.35212	0	0.445394	0.445394	0	0	0.445394	0.445394	0	0.445394	0.445394	0	0	0.445394	0.445394	0	0.15748	0.497971	0.35212	0	0.15748	0.352142	0.472429	0.497971	0.352142	0.445429	0.445429	0.629894	0.629894	0.445429	0.445429	0.445429	0.472429	0.35212	0	0	0	0	0	0	0	0	0	0.15748	0.352142	0.472429	0.35212	0	0	0	0	0	0	0	0.35212	0.497971	0.15748	0	0	0	0	0	0	0	0	0	0	0	0	0.35212	0.472429	0.445429	0.445429	0.445429	0.445429	0.352142	0.15748	0	0	0	0	0.445394	0.445394	0	0	0.35212	0.472429	0.445429	0.445429	0.352142	0.15748	0.35212	0.472429	0.445429	0.445429	0.445429	0.445429	0.445429	0.445429	0.445429	0.445429	0.445429	0.445429	0.472429	0.35212
0	0	0	0	0	0	0	0	0	0	0	0	0	0	0	0	0	0	0	0	0	0	0	0	0	0	0	0	0	0	0	0	0	0	0	0	0	0	0	0	0	0	0	0	0	0	0	0	0	0	0	0	0	0	0	0	0	0	0	0	0	0	0	0	0	0	0	0	0	0	0	0.445353	0.445353	0	0	0	0	0	0	0	0	0	0	0	0	0	0.445353	0.445353	0	0	0	0	0	0	0	0	0	0.445353	0.445353	0	0	0	0	0	0	0	0	0	0	0.445353	0.445353	0	0	0	0	0.445353	0.445353	0	0	0	0	0	0	0.445353	0.445353	0	0	0.445353	0.445353	0	0.445353	0.445353	0	0.445353	0.445353	0	0.445353	0.445353	0	0.445353	0.445353	0	0.445353	0.445353	0	0	0	0.445353	0.445353	0	0.445353	0.445353	0	0.445353	0.445353	0	0	0.445353	0.445353	0	0.445353	0.445353	0	0	0.445353	0.445353	0	0	0.445353	0.445353	0	0	0	0.445353	0.445353	0	0	0	0.445353	0.445353	0	0	0	0.445353	0.445353	0	0	0	0	0	0	0	0	0	0	0	0.445353	0.445353	0	0	0	0	0	0	0	0.445353	0.445353	0	0	0	0	0	0	0	0	0	0	0	0	0	0.445353	0.445353	0	0	0	0	0	0	0	0	0	0	0.445353	0.445353	0	0	0.445353	0.445353	0	0	0	0	0.445353	0.445353	0	0	0	0	0	0	0	0	0	0	0.445353	0.445353
0	0	0	0	0	0	0	0	0	0	0	0	0	0	0	0	0	0	0	0	0	0	0	0	0	0	0	0	0	0	0	0	0	0	0	0	0	0	0	0	0	0	0	0	0	0	0	0	0	0	0	0	0	0	0	0	0	0	0	0	0	0	0	0	0	0	0	0	0	0	0	0.445311	0.445311	0	0	0	0	0	0	0	0	0	0	0	0	0	0.445311	0.445311	0	0	0	0	0	0	0	0	0	0.445311	0.445311	0	0	0	0	0	0	0	0	0	0	0.445311	0.445311	0	0	0	0	0.445311	0.445311	0	0	0	0	0	0	0.445311	0.445311	0	0	0.445311	0.445311	0	0.445311	0.445311	0	0.445311	0.445311	0	0.445311	0.445311	0	0.445311	0.445311	0	0.445311	0.445311	0	0	0	0.445311	0.445311	0	0.445311	0.445311	0	0.445311	0.445311	0	0	0.445311	0.445311	0	0.445311	0.445311	0	0	0.445311	0.445311	0	0	0.445311	0.445311	0	0	0	0.445311	0.445311	0	0	0	0.445311	0.445311	0	0	0	0.445311	0.445311	0	0	0	0	0	0	0	0	0	0	0	0.445311	0.445311	0	0	0	0	0	0	0	0.445311	0.445311	0	0	0	0	0	0	0	0	0	0	0	0	0	0.445311	0.445311	0	0	0	0	0	0	0	0	0	0	0.445311	0.445311	0	0	0.445311	0.445311	0	0	0	0	0.445311	0.445311	0	0	0	0	0	0	0	0	0	0	0.445311	0.445311
0	0	0	0	0	0	0	0	0	0	0	0	0	0	0	0	0	0	0	0	0	0	0	0	0	0	0	0	0	0	0	0	0	0	0	0	0	0	0	0	0	0	0	0	0	0	0	0	0	0	0	0	0	0	0	0	0	0	0	0	0	0	0	0	0	0	0	0	0	0	0	0.44527	0.44527	0	0	0	0	0	0	0	0	0	0	0	0	0	0.44527	0.44527	0	0	0	0	0	0	0	0	0	0.44527	0.44527	0	0	0	0	0	0	0	0	0	0	0.44527	0.44527	0	0	0	0	0.44527	0.44527	0	0	0	0	0	0	0.44527	0.44527	0	0	0.44527	0.44527	0	0.44527	0.44527	0	0.44527	0.44527	0	0.44527	0.44527	0	0.44527	0.44527	0	0.44527	0.44527	0	0	0	0.44527	0.44527	0	0.44527	0.44527	0	0.44527	0.44527	0	0	0.44527	0.44527	0	0.44527	0.44527	0	0	0.44527	0.44527	0	0	0.44527	0.44527	0	0	0	0.44527	0.44527	0	0	0	0.44527	0.44527	0	0	0	0.44527	0.44527	0	0	0	0	0	0	0	0	0	0	0	0.44527	0.44527	0	0	0	0	0	0	0	0.44527	0.44527	0	0	0	0	0	0	0	0	0	0	0	0	0	0.44527	0.44527	0	0	0	0	0	0	0	0	0	0	0.44527	0.44527	0	0	0.44527	0.44527	0	0	0	0	0.44527	0.44527	0	0	0	0	0	0	0	0	0	0	0.44527	0.44527
0	0	0	0	0	0	0	0	0	0	0	0	0	0	0	0	0	0	0	0	0	0	0	0	0	0	0	0	0	0	0	0	0	0	0	0	0	0	0	0	0	0	0	0	0	0	0	0	0	0	0	0	0	0	0	0	0	0	0	0	0	0	0	0	0	0	0	0	0	0	0	0.445228	0.445228	0	0	0	0	0	0	0	0	0	0	0	0	0	0.445228	0.445228	0	0	0	0	0	0	0	0	0	0.445228	0.445228	0	0	0	0	0	0	0	0	0	0	0.445228	0.445228	0	0	0	0	0.445228	0.445228	0	0	0	0	0	0	0.445228	0.445228	0	0	0.445228	0.445228	0	0.445228	0.445228	0	0.445228	0.445228	0	0.445228	0.445228	0	0.445228	0.445228	0	0.445228	0.445228	0	0	0	0.445228	0.445228	0	0.445228	0.445228	0	0.445228	0.445228	0	0	0.445228	0.445228	0	0.445228	0.445228	0	0	0.445228	0.445228	0	0	0.445228	0.445228	0	0	0	0.445228	0.445228	0	0	0	0.445228	0.445228	0	0	0	0.445228	0.445228	0	0	0	0	0	0	0	0	0	0	0	0.445228	0.445228	0	0	0	0	0	0	0	0.445228	0.445228	0	0	0	0	0	0	0	0	0	0	0	0	0	0.445228	0.445228	0	0	0	0	0	0	0	0	0	0	0.445228	0.445228	0	0	0.445228	0.445228	0	0	0	0	0.445228	0.445228	0	0	0	0	0	0	0	0	0	0	0.445228	0.445228
0	0	0	0	0	0	0	0	0	0	0	0	0	0	0	0	0	0	0	0	0	0	0	0	0	0	0	0	0	0	0	0	0	0	0	0	0	0	0	0	0	0	0	0	0	0	0	0	0	0	0	0	0	0	0	0	0	0	0	0	0	0	0	0	0	0	0	0	0	0	0	0.445187	0.445187	0	0	0	0	0	0	0	0	0	0	0	0	0	0.445187	0.445187	0	0	0	0	0	0	0	0	0	0.445187	0.445187	0	0	0	0	0	0	0	0	0	0	0.445187	0.445187	0	0	0	0	0.445187	0.445187	0	0	0	0	0	0	0.445187	0.445187	0	0	0.445187	0.445187	0	0.445187	0.445187	0	0.445187	0.445187	0	0.445187	0.445187	0	0.445187	0.445187	0	0.445187	0.445187	0	0	0	0.445187	0.445187	0	0.445187	0.445187	0	0.445187	0.445187	0	0	0.445187	0.445187	0	0.445187	0.445187	0	0	0.445187	0.445187	0	0	0.445187	0.445187	0	0	0	0.445187	0.445187	0	0	0	0.445187	0.445187	0	0	0	0.445187	0.445187	0	0	0	0	0	0	0	0	0	0	0	0.445187	0.445187	0	0	0	0	0	0	0	0.445187	0.445187	0	0	0	0	0	0	0	0	0	0	0	0	0	0.445187	0.445187	0	0	0	0	0	0	0	0	0	0	0.445187	0.445187	0	0	0.445187	0.445187	0	0	0	0	0.445187	0.445187	0	0	0	0	0	0	0	0	0	0	0.445187	0.445187
0	0	0	0	0	0	0	0	0	0	0	0	0	0	0	0	0	0	0	0	0	0	0	0	0	0	0	0	0	0	0	0	0	0	0	0	0	0	0	0	0	0	0	0	0	0	0	0	0	0	0	0	0	0	0	0	0	0	0	0	0	0	0	0	0	0	0	0	0	0	0	0.445145	0.445145	0	0	0	0	0	0	0	0	0	0	0	0	0	0.445145	0.445145	0	0	0	0	0	0	0	0	0	0.445145	0.445145	0	0	0	0	0	0	0	0	0	0	0.445145	0.445145	0	0	0	0	0.445145	0.445145	0	0	0	0	0	0	0.445145	0.445145	0	0	0.445145	0.445145	0	0.445145	0.445145	0	0.445145	0.445145	0	0.445145	0.445145	0	0.445145	0.445145	0	0.445145	0.445145	0	0	0	0.445145	0.445145	0	0.445145	0.445145	0	0.445145	0.445145	0	0	0.445145	0.445145	0	0.445145	0.445145	0	0	0.445145	0.445145	0	0	0.445145	0.445145	0	0	0	0.445145	0.445145	0	0	0	0.445145	0.445145	0	0	0	0.445145	0.445145	0	0	0	0	0	0	0	0	0	0	0	0.445145	0.445145	0	0	0	0	0	0	0	0.445145	0.445145	0	0	0	0	0	0	0	0	0	0	0	0	0	0.445145	0.445145	0	0	0	0	0	0	0	0	0	0	0.445145	0.445145	0	0	0.445145	0.445145	0	0	0	0	0.445145	0.445145	0	0	0	0	0	0	0	0	0	0	0.445145	0.445145
0	0	0	0	0	0	0	0	0	0	0	0	0	0	0	0	0	0	0	0	0	0	0	0	0	0	0	0	0	0	0	0	0	0	0	0	0	0	0	0	0	0	0	0	0	0	0	0	0	0	0	0	0	0	0	0	0	0	0	0	0	0	0	0	0	0	0	0	0	0	0	0.445104	0.445104	0	0	0	0	0	0	0	0	0	0	0	0	0	0.445104	0.445104	0	0	0	0	0	0	0	0	0	0.445104	0.445104	0	0	0	0	0	0	0	0	0	0	0.445104	0.445104	0	0	0	0	0.445104	0.445104	0	0	0	0	0	0	0.445104	0.445104	0	0	0.445104	0.445104	0	0.445104	0.445104	0	0.445104	0.445104	0	0.445104	0.445104	0	0.445104	0.445104	0	0.445104	0.445104	0	0	0	0.445104	0.445104	0	0.445104	0.445104	0	0.445104	0.445104	0	0	0.445104	0.445104	0	0.445104	0.445104	0	0	0.445104	0.445104	0	0	0.445104	0.445104	0	0	0	0.445104	0.445104	0	0	0	0.445104	0.445104	0	0	0	0.445104	0.445104	0	0	0	0	0	0	0	0	0	0	0	0.445104	0.445104	0	0	0	0	0	0	0	0.445104	0.445104	0	0	0	0	0	0	0	0	0	0	0	0	0	0.445104	0.445104	0	0	0	0	0	0	0	0	0	0	0.445104	0.445104	0	0	0.445104	0.445104	0	0	0	0	0.445104	0.445104	0	0	0	0	0	0	0	0	0	0	0.445104	0.445104
0	0	0	0	0	0	0	0	0	0	0	0	0	0	0	0	0	0	0	0	0	0	0	0	0	0	0	0	0	0	0	0	0	0	0	0	0	0	0	0	0	0	0	0	0	0	0	0	0	0	0	0	0	0	0	0	0	0	0	0	0	0	0	0	0	0	0	0	0	0	0	0.445055	0.445055	0	0	0	0	0	0	0	0	0	0	0	0	0	0.445055	0.445055	0	0	0	0	0	0	0	0	0	0.445055	0.445055	0	0	0	0	0	0	0	0	0	0	0.445055	0.445055	0	0	0	0	0.445055	0.445055	0	0	0	0	0	0	0.445055	0.445055	0	0	0.445055	0.445055	0	0.445055	0.445055	0	0.445055	0.445055	0	0.445055	0.445055	0	0.445055	0.445055	0	0.445055	0.445055	0	0	0	0.445055	0.445055	0	0.445055	0.445055	0	0.445055	0.445055	0	0	0.445055	0.445055	0	0.445055	0.445055	0	0	0.445055	0.445055	0	0	0.445055	0.445055	0	0	0	0.445055	0.445055	0	0	0	0.445055	0.445055	0	0	0	0.445055	0.445055	0	0	0	0	0	0	0	0	0	0	0	0.445055	0.445055	0	0	0	0	0	0	0	0.445055	0.445055	0	0	0	0	0	0	0	0	0	0	0	0	0	0.445055	0.445055	0	0	0	0	0	0	0	0	0	0	0.445055	0.445055	0	0	0.445055	0.445055	0	0	0	0	0.445055	0.445055	0	0	0	0	0	0	0	0	0	0	0.445055	0.445055
0	0	0	0	0	0	0	0	0	0	0	0	0	0	0	0	0	0	0	0	0	0	0	0	0	0	0	0	0	0	0	0	0	0	0	0	0	0	0	0	0	0	0	0	0	0	0	0	0	0	0	0	0	0	0	0	0	0	0	0	0	0	0	0	0	0	0	0	0	0	0	0.445014	0.445014	0	0	0	0	0	0	0	0	0	0	0	0	0	0.445014	0.445014	0	0	0	0	0	0	0	0	0	0.445014	0.445014	0	0	0	0	0	0	0	0	0	0	0.445014	0.445014	0	0	0	0	0.445014	0.445014	0	0	0	0	0	0	0.445014	0.445014	0	0	0.445014	0.445014	0	0.445014	0.445014	0	0.445014	0.445014	0	0.445014	0.445014	0	0.445014	0.445014	0	0.445014	0.445014	0	0	0	0.445014	0.445014	0	0.445014	0.445014	0	0.445014	0.445014	0	0	0.445014	0.445014	0	0.445014	0.445014	0	0	0.445014	0.445014	0	0	0.445014	0.445014	0	0	0	0.445014	0.445014	0	0	0	0.445014	0.445014	0	0	0	0.445014	0.445014	0	0	0	0	0	0	0	0	0	0	0	0.445014	0.445014	0	0	0	0	0	0	0	0.445014	0.445014	0	0	0	0	0	0	0	0	0	0	0	0	0	0.445014	0.445014	0	0	0	0	0	0	0	0	0	0	0.445014	0.445014	0	0	0.445014	0.445014	0	0	0	0	0.445014	0.445014	0	0	0	0	0	0	0	0	0	0	0.445014	0.445014
0	0	0	0	0	0	0	0	0	0	0	0	0	0	0	0	0	0	0	0	0	0	0	0	0	0	0	0	0	0	0	0	0	0	0	0	0	0	0	0	0	0	0	0	0	0	0	0	0	0	0	0	0	0	0	0	0	0	0	0	0	0	0	0	0	0	0	0	0	0	0	0.444972	0.444972	0	0	0	0	0	0	0	0	0	0	0	0	0	0.444972	0.444972	0	0	0	0	0	0	0	0	0	0.444972	0.444972	0	0	0	0	0	0	0	0	0	0	0.444972	0.444972	0	0	0	0	0.444972	0.444972	0	0	0	0	0	0	0.444972	0.444972	0	0	0.444972	0.444972	0	0.444972	0.444972	0	0.444972	0.444972	0	0.444972	0.444972	0	0.444972	0.444972	0	0.444972	0.444972	0	0	0	0.444972	0.444972	0	0.444972	0.444972	0	0.444972	0.444972	0	0	0.444972	0.444972	0	0.444972	0.444972	0	0	0.444972	0.444972	0	0	0.444972	0.444972	0	0	0	0.444972	0.444972	0	0	0	0.444972	0.444972	0	0	0	0.444972	0.444972	0	0	0	0	0	0	0	0	0	0	0	0.444972	0.444972	0	0	0	0	0	0	0	0.444972	0.444972	0	0	0	0	0	0	0	0	0	0	0	0	0	0.444972	0.444972	0	0	0	0	0	0	0	0	0	0	0.444972	0.444972	0	0	0.444972	0.444972	0	0	0	0	0.444972	0.444972	0	0	0	0	0	0	0	0	0	0	0.444972	0.444972
2.22375	2.22375	2.22375	2.22375	2.22375	2.22375	2.22375	2.22375	2.22375	2.22375	2.22375	2.22375	2.22375	2.22375	2.22375	2.22375	2.22375	2.22375	2.22375	2.22375	2.22375	2.22375	2.22375	2.22375	2.22375	2.22375	2.22375	2.22375	2.22375	2.22375	2.22375	2.11559	1.89372	1.77932	1.77932	1.77932	1.77932	1.77932	1.77932	1.77932	1.77932	1.77932	1.77932	1.77932	1.77932	1.77932	1.77932	1.77932	1.89372	2.11559	2.11559	1.89372	1.77932	1.77932	1.77932	1.77932	1.77932	1.77932	1.77932	1.77932	1.77932	1.77932	1.77932	1.77932	1.77932	1.77932	1.67188	1.45013	1.33468	1.33468	1.33468	1.48384	1.70119	1.77932	1.77932	1.77932	1.77932	1.77932	1.77932	1.67188	1.45013	1.33468	1.33468	1.33468	1.33468	1.33468	1.48384	1.70119	1.67188	1.45013	1.33468	1.33468	1.33468	1.33468	1.22854	1.00725	0.889877	1.05522	1.19794	1.00725	0.889877	0.889877	0.889877	0.889877	0.889877	0.78656	0.567213	0.444965	0.444965	0.648615	0.847134	0.78656	0.567213	0.444965	0.444965	0.629239	0.629239	0.444965	0.351776	0.157316	0	0	0	0.444931	0.444931	0	0.157316	0.497453	0.351754	0.157316	0.497453	0.351754	0.157316	0.648591	0.629239	0.444965	0.629239	0.629239	0.444965	0.629239	0.629239	0.444965	0.629239	0.629239	0.444965	0.444965	0.567213	0.802117	0.802117	0.78656	0.847134	0.648615	0.444965	0.629239	0.629239	0.444965	0.567213	0.802117	0.648615	0.444965	0.629239	0.629239	0.444965	0.444965	0.471938	0.497453	0.351776	0.444965	0.471938	0.497453	0.351776	0.444965	0.444965	0.471938	0.497453	0.351776	0.444965	0.444965	0.471938	0.351754	0	0	0.157316	0.497453	0.351754	0	0	0	0	0.157316	0.351776	0.444965	0.444965	0.444965	0.444965	0.444965	0.471938	0.351754	0	0	0	0	0	0	0	0.351754	0.471938	0.444965	0.444965	0.444965	0.444965	0.444965	0.444965	0.444965	0.444965	0.444965	0.444965	0.444965	0.444965	0.444965	0.471938	0.497453	0.351776	0.444965	0.444965	0.444965	0.444965	0.567213	0.78656	0.889877	0.889877	0.889877	0.994877	0.994877	0.889877	0.889877	0.994877	0.994877	0.889877	0.889877	0.889877	0.889877	0.847134	0.648615	0.444965	0.351776	0.157316	0	0	0	0	0	0	0	0.444931	0.444931
2.22355	2.22355	2.22355	2.22355	2.22355	2.22355	2.22355	2.22355	2.22355	2.22355	2.22355	2.22355	2.22355	2.22355	2.22355	2.22355	2.22355	2.22355	2.22355	2.22355	2.22355	2.22355	2.22355	2.22355	2.22355	2.22355	2.22355	2.22355	2.22355	2.22355	2.22355	2.13862	1.91946	1.77916	1.77916	1.77916	1.77916	1.77916	1.77916	1.77916	1.77916	1.77916	1.77916	1.77916	1.77916	1.77916	1.77916	1.77916	1.91946	2.13862	2.13862	1.91946	1.77916	1.77916	1.77916	1.77916	1.77916	1.77916	1.77916	1.77916	1.77916	1.77916	1.77916	1.77916	1.77916	1.77916	1.70104	1.4837	1.33456	1.33456	1.33456	1.44999	1.67173	1.77916	1.77916	1.77916	1.77916	1.77916	1.77916	1.70104	1.4837	1.33456	1.33456	1.33456	1.33456	1.33456	1.44999	1.67173	1.70104	1.4837	1.33456	1.33456	1.33456	1.33456	1.26804	1.05512	0.889794	1.00715	1.19783	1.05512	0.889794	0.889794	0.889794	0.889794	0.889794	0.847055	0.648554	0.444924	0.444924	0.56716	0.786487	0.847055	0.648554	0.444924	0.444924	0.62918	0.62918	0.444924	0.471894	0.351721	0	0	0	0.444889	0.444889	0	0.351721	0.497407	0.157301	0.351721	0.497407	0.157301	0.351721	0.84701	0.62918	0.444924	0.62918	0.62918	0.444924	0.62918	0.62918	0.444924	0.62918	0.62918	0.444924	0.444924	0.648554	0.802043	0.802043	0.847055	0.786487	0.56716	0.444924	0.62918	0.62918	0.444924	0.648554	0.802043	0.56716	0.444924	0.62918	0.62918	0.444924	0.444924	0.351743	0.497407	0.471894	0.444924	0.351743	0.497407	0.471894	0.444924	0.444924	0.351743	0.497407	0.471894	0.444924	0.444924	0.351743	0.157301	0	0	0.351721	0.497407	0.157301	0	0	0	0	0.351721	0.471894	0.444924	0.444924	0.444924	0.444924	0.444924	0.351743	0.157301	0	0	0	0	0	0	0	0.157301	0.351743	0.444924	0.444924	0.444924	0.444924	0.444924	0.444924	0.444924	0.444924	0.444924	0.444924	0.444924	0.444924	0.444924	0.351743	0.497407	0.471894	0.444924	0.444924	0.444924	0.444924	0.648554	0.847055	0.889794	0.889794	0.889794	0.994785	0.994785	0.889794	0.889794	0.994785	0.994785	0.889794	0.889794	0.889794	0.889794	0.786487	0.56716	0.444924	0.471894	0.351721	0	0	0	0	0	0	0	0.444889	0.444889
0	0	0	0	0	0	0	0	0	0	0	0	0	0	0	0	0	0	0	0	0	0	0	0	0	0	0	0	0	0	0	0.444848	0.444848	0	0	0	0	0	0	0	0	0	0	0	0	0	0	0	0.444848	0.444848	0.444848	0.444848	0	0	0	0	0	0	0	0	0	0	0	0	0	0	0.444848	0.444848	0	0	0	0	0	0	0	0	0	0	0	0.444848	0.444848	0	0	0	0	0	0	0	0.444848	0.444848	0	0	0	0	0.444848	0.444848	0	0	0.444848	0.444848	0	0	0	0	0	0.444848	0.444848	0	0	0	0	0.444848	0.444848	0	0	0.444848	0.444848	0	0.444848	0.444848	0	0	0	0.444848	0.444848	0	0.444848	0.444848	0	0.444848	0.444848	0	0.444848	0.889642	0.444848	0	0.444848	0.444848	0	0.444848	0.444848	0	0.444848	0.444848	0	0	0.444848	0.444848	0.444848	0.444848	0	0	0	0.444848	0.444848	0	0.444848	0.444848	0	0	0.444848	0.444848	0	0	0	0.444848	0.444848	0	0	0.444848	0.444848	0	0	0	0.444848	0.444848	0	0	0	0	0	0	0.444848	0.444848	0	0	0	0	0	0.444848	0.444848	0	0	0	0	0	0	0	0	0	0	0	0	0	0	0	0	0	0	0	0	0	0	0	0	0	0	0	0	0	0	0.444848	0.444848	0	0	0	0	0.444848	0.444848	0	0	0	0.444848	0.444848	0	0	0.444848	0.444848	0	0	0	0	0	0	0	0.444848	0.444848	0	0	0	0	0	0	0	0.444848	0.444848
0	0	0	0	0	0	0	0	0	0	0	0	0	0	0	0	0	0	0	0	0	0	0	0	0	0	0	0	0	0	0	0.444806	0.444806	0	0	0	0	0	0	0	0	0	0	0	0	0	0	0	0.444806	0.444806	0.444806	0.444806	0	0	0	0	0	0	0	0	0	0	0	0	0	0	0.444806	0.444806	0	0	0	0	0	0	0	0	0	0	0	0.444806	0.444806	0	0	0	0	0	0	0	0.444806	0.444806	0	0	0	0	0.444806	0.444806	0	0	0.444806	0.444806	0	0	0	0	0	0.444806	0.444806	0	0	0	0	0.444806	0.444806	0	0	0.444806	0.444806	0	0.444806	0.444806	0	0	0	0.444806	0.444806	0	0.444806	0.444806	0	0.444806	0.444806	0	0.444806	0.889559	0.444806	0	0.444806	0.444806	0	0.444806	0.444806	0	0.444806	0.444806	0	0	0.444806	0.444806	0.444806	0.444806	0	0	0	0.444806	0.444806	0	0.444806	0.444806	0	0	0.444806	0.444806	0	0	0	0.444806	0.444806	0	0	0.444806	0.444806	0	0	0	0.444806	0.444806	0	0	0	0	0	0	0.444806	0.444806	0	0	0	0	0	0.444806	0.444806	0	0	0	0	0	0	0	0	0	0	0	0	0	0	0	0	0	0	0	0	0	0	0	0	0	0	0	0	0	0	0.444806	0.444806	0	0	0	0	0.444806	0.444806	0	0	0	0.444806	0.444806	0	0	0.444806	0.444806	0	0	0	0	0	0	0	0.444806	0.444806	0	0	0	0	0	0	0	0.444806	0.444806
0	0	0	0	0	0	0	0	0	0	0	0	0	0	0	0	0	0	0	0	0	0	0	0	0	0	0	0	0	0	0	0.444758	0.444758	0	0	0	0	0	0	0	0	0	0	0	0	0	0	0	0.444758	0.444758	0.444758	0.444758	0	0	0	0	0	0	0	0	0	0	0	0	0	0	0.444758	0.444758	0	0	0	0	0	0	0	0	0	0	0	0.444758	0.444758	0	0	0	0	0	0	0	0.444758	0.444758	0	0	0	0	0.444758	0.444758	0	0	0.444758	0.444758	0	0	0	0	0	0.444758	0.444758	0	0	0	0	0.444758	0.444758	0	0	0.444758	0.444758	0	0.444758	0.444758	0	0	0	0.444758	0.444758	0	0.444758	0.444758	0	0.444758	0.444758	0	0.444758	0.889463	0.444758	0	0.444758	0.444758	0	0.444758	0.444758	0	0.444758	0.444758	0	0	0.444758	0.444758	0.444758	0.444758	0	0	0	0.444758	0.444758	0	0.444758	0.444758	0	0	0.444758	0.444758	0	0	0	0.444758	0.444758	0	0	0.444758	0.444758	0	0	0	0.444758	0.444758	0	0	0	0	0	0	0.444758	0.444758	0	0	0	0	0	0.444758	0.444758	0	0	0	0	0	0	0	0	0	0	0	0	0	0	0	0	0	0	0	0	0	0	0	0	0	0	0	0	0	0	0.444758	0.444758	0	0	0	0	0.444758	0.444758	0	0	0	0.444758	0.444758	0	0	0.444758	0.444758	0	0	0	0	0	0	0	0.444758	0.444758	0	0	0	0	0	0	0	0.444758	0.444758
0	0	0	0	0	0	0	0	0	0	0	0	0	0	0	0	0	0	0	0	0	0	0	0	0	0	0	0	0	0	0	0.444717	0.444717	0	0	0	0	0	0	0	0	0	0	0	0	0	0	0	0.444717	0.444717	0.444717	0.444717	0	0	0	0	0	0	0	0	0	0	0	0	0	0	0.444717	0.444717	0	0	0	0	0	0	0	0	0	0	0	0.444717	0.444717	0	0	0	0	0	0	0	0.444717	0.444717	0	0	0	0	0.444717	0.444717	0	0	0.444717	0.444717	0	0	0	0	0	0.444717	0.444717	0	0	0	0	0.444717	0.444717	0	0	0.444717	0.444717	0	0.444717	0.444717	0	0	0	0.444717	0.444717	0	0.444717	0.444717	0	0.444717	0.444717	0	0.444717	0.88938	0.444717	0	0.444717	0.444717	0	0.444717	0.444717	0	0.444717	0.444717	0	0	0.444717	0.444717	0.444717	0.444717	0	0	0	0.444717	0.444717	0	0.444717	0.444717	0	0	0.444717	0.444717	0	0	0	0.444717	0.444717	0	0	0.444717	0.444717	0	0	0	0.444717	0.444717	0	0	0	0	0	0	0.444717	0.444717	0	0	0	0	0	0.444717	0.444717	0	0	0	0	0	0	0	0	0	0	0	0	0	0	0	0	0	0	0	0	0	0	0	0	0	0	0	0	0	0	0.444717	0.444717	0	0	0	0	0.444717	0.444717	0	0	0	0.444717	0.444717	0	0	0.444717	0.444717	0	0	0	0	0	0	0	0.444717	0.444717	0	0	0	0	0	0	0	0.444717	0.444717
0	0	0	0	0	0	0	0	0	0	0	0	0	0	0	0	0	0	0	0	0	0	0	0	0	0	0	0	0	0	0	0.444675	0.444675	0	0	0	0	0	0	0	0	0	0	0	0	0	0	0	0.444675	0.444675	0.444675	0.444675	0	0	0	0	0	0	0	0	0	0	0	0	0	0	0.444675	0.444675	0	0	0	0	0	0	0	0	0	0	0	0.444675	0.444675	0	0	0	0	0	0	0	0.444675	0.444675	0	0	0	0	0.444675	0.444675	0	0	0.444675	0.444675	0	0	0	0	0	0.444675	0.444675	0	0	0	0	0.444675	0.444675	0	0	0.444675	0.444675	0	0.444675	0.444675	0	0	0	0.444675	0.444675	0	0.444675	0.444675	0	0.444675	0.444675	0	0.444675	0.889297	0.444675	0	0.444675	0.444675	0	0.444675	0.444675	0	0.444675	0.444675	0	0	0.444675	0.444675	0.444675	0.444675	0	0	0	0.444675	0.444675	0	0.444675	0.444675	0	0	0.444675	0.444675	0	0	0	0.444675	0.444675	0	0	0.444675	0.444675	0	0	0	0.444675	0.444675	0	0	0	0	0	0	0.444675	0.444675	0	0	0	0	0	0.444675	0.444675	0	0	0	0	0	0	0	0	0	0	0	0	0	0	0	0	0	0	0	0	0	0	0	0	0	0	0	0	0	0	0.444675	0.444675	0	0	0	0	0.444675	0.444675	0	0	0	0.444675	0.444675	0	0	0.444675	0.444675	0	0	0	0	0	0	0	0.444675	0.444675	0	0	0	0	0	0	0	0.444675	0.444675
0	0	0	0	0	0	0	0	0	0	0	0	0	0	0	0	0	0	0	0	0	0	0	0	0	0	0	0	0	0	0	0.444634	0.444634	0	0	0	0	0	0	0	0	0	0	0	0	0	0	0	0.444634	0.444634	0.444634	0.444634	0	0	0	0	0	0	0	0	0	0	0	0	0	0	0.444634	0.444634	0	0	0	0	0	0	0	0	0	0	0	0.444634	0.444634	0	0	0	0	0	0	0	0.444634	0.444634	0	0	0	0	0.444634	0.444634	0	0	0.444634	0.444634	0	0	0	0	0	0.444634	0.444634	0	0	0	0	0.444634	0.444634	0	0	0.444634	0.444634	0	0.444634	0.444634	0	0	0	0.444634	0.444634	0	0.444634	0.444634	0	0.444634	0.444634	0	0.444634	0.889214	0.444634	0	0.444634	0.444634	0	0.444634	0.444634	0	0.444634	0.444634	0	0	0.444634	0.444634	0.444634	0.444634	0	0	0	0.444634	0.444634	0	0.444634	0.444634	0	0	0.444634	0.444634	0	0	0	0.444634	0.444634	0	0	0.444634	0.444634	0	0	0	0.444634	0.444634	0	0	0	0	0	0	0.444634	0.444634	0	0	0	0	0	0.444634	0.444634	0	0	0	0	0	0	0	0	0	0	0	0	0	0	0	0	0	0	0	0	0	0	0	0	0	0	0	0	0	0	0.444634	0.444634	0	0	0	0	0.444634	0.444634	0	0	0	0.444634	0.444634	0	0	0.444634	0.444634	0	0	0	0	0	0	0	0.444634	0.444634	0	0	0	0	0	0	0	0.444634	0.444634
0	0	0	0	0	0	0	0	0	0	0	0	0	0	0	0	0	0	0	0	0	0	0	0	0	0	0	0	0	0	0	0.444592	0.444592	0	0	0	0	0	0	0	0	0	0	0	0	0	0	0	0.444592	0.444592	0.444592	0.444592	0	0	0	0	0	0	0	0	0	0	0	0	0	0	0.444592	0.444592	0	0	0	0	0	0	0	0	0	0	0	0.444592	0.444592	0	0	0	0	0	0	0	0.444592	0.444592	0	0	0	0	0.444592	0.444592	0	0	0.444592	0.444592	0	0	0	0	0	0.444592	0.444592	0	0	0	0	0.444592	0.444592	0	0	0.444592	0.444592	0	0.444592	0.444592	0	0	0	0.444592	0.444592	0	0.444592	0.444592	0	0.444592	0.444592	0	0.444592	0.889131	0.444592	0	0.444592	0.444592	0	0.444592	0.444592	0	0.444592	0.444592	0	0	0.444592	0.444592	0.444592	0.444592	0	0	0	0.444592	0.444592	0	0.444592	0.444592	0	0	0.444592	0.444592	0	0	0	0.444592	0.444592	0	0	0.444592	0.444592	0	0	0	0.444592	0.444592	0	0	0	0	0	0	0.444592	0.444592	0	0	0	0	0	0.444592	0.444592	0	0	0	0	0	0	0	0	0	0	0	0	0	0	0	0	0	0	0	0	0	0	0	0	0	0	0	0	0	0	0.444592	0.444592	0	0	0	0	0.444592	0.444592	0	0	0	0.444592	0.444592	0	0	0.444592	0.444592	0	0	0	0	0	0	0	0.444592	0.444592	0	0	0	0	0	0	0	0.444592	0.444592
0	0	0	0	0	0	0	0	0	0	0	0	0	0	0	0	0	0	0	0	0	0	0	0	0	0	0	0	0	0	0	0.444551	0.444551	0	0	0	0	0	0	0	0	0	0	0	0	0	0	0	0.444551	0.444551	0.444551	0.444551	0	0	0	0	0	0	0	0	0	0	0	0	0	0	0.444551	0.444551	0	0	0	0	0	0	0	0	0	0	0	0.444551	0.444551	0	0	0	0	0	0	0	0.444551	0.444551	0	0	0	0	0.444551	0.444551	0	0	0.444551	0.444551	0	0	0	0	0	0.444551	0.444551	0	0	0	0	0.444551	0.444551	0	0	0.444551	0.444551	0	0.444551	0.444551	0	0	0	0.444551	0.444551	0	0.444551	0.444551	0	0.444551	0.444551	0	0.444551	0.889049	0.444551	0	0.444551	0.444551	0	0.444551	0.444551	0	0.444551	0.444551	0	0	0.444551	0.444551	0.444551	0.444551	0	0	0	0.444551	0.444551	0	0.444551	0.444551	0	0	0.444551	0.444551	0	0	0	0.444551	0.444551	0	0	0.444551	0.444551	0	0	0	0.444551	0.444551	0	0	0	0	0	0	0.444551	0.444551	0	0	0	0	0	0.444551	0.444551	0	0	0	0	0	0	0	0	0	0	0	0	0	0	0	0	0	0	0	0	0	0	0	0	0	0	0	0	0	0	0.444551	0.444551	0	0	0	0	0.444551	0.444551	0	0	0	0.444551	0.444551	0	0	0.444551	0.444551	0	0	0	0	0	0	0	0.444551	0.444551	0	0	0	0	0	0	0	0.444551	0.444551
0	0	0	0	0	0	0	0	0	0	0	0	0	0	0	0	0	0	0	0	0	0	0	0	0	0	0	0	0	0	0	0.44451	0.44451	0	0	0	0	0	0	0	0	0	0	0	0	0	0	0	0.44451	0.44451	0.44451	0.44451	0	0	0	0	0	0	0	0	0	0	0	0	0	0	0.44451	0.44451	0	0	0	0	0	0	0	0	0	0	0	0.44451	0.44451	0	0	0	0	0	0	0	0.44451	0.44451	0	0	0	0	0.44451	0.44451	0	0	0.44451	0.44451	0	0	0	0	0	0.44451	0.44451	0	0	0	0	0.44451	0.44451	0	0	0.44451	0.44451	0	0.44451	0.44451	0	0	0	0.44451	0.44451	0	0.44451	0.44451	0	0.44451	0.44451	0	0.44451	0.888966	0.44451	0	0.44451	0.44451	0	0.44451	0.44451	0	0.44451	0.44451	0	0	0.44451	0.44451	0.44451	0.44451	0	0	0	0.44451	0.44451	0	0.44451	0.44451	0	0	0.44451	0.44451	0	0	0	0.44451	0.44451	0	0	0.44451	0.44451	0	0	0	0.44451	0.44451	0	0	0	0	0	0	0.44451	0.44451	0	0	0	0	0	0.44451	0.44451	0	0	0	0	0	0	0	0	0	0	0	0	0	0	0	0	0	0	0	0	0	0	0	0	0	0	0	0	0	0	0.44451	0.44451	0	0	0	0	0.44451	0.44451	0	0	0	0.44451	0.44451	0	0	0.44451	0.44451	0	0	0	0	0	0	0	0.44451	0.44451	0	0	0	0	0	0	0	0.44451	0.44451
0	0	0	0	0	0	0	0	0	0	0	0	0	0	0	0	0	0	0	0	0	0	0	0	0	0	0	0	0	0	0	0.444461	0.444461	0	0	0	0	0	0	0	0	0	0	0	0	0	0	0	0.444461	0.444461	0.444461	0.444461	0	0	0	0	0	0	0	0	0	0	0	0	0	0	0.444461	0.444461	0	0	0	0	0	0	0	0	0	0	0	0.444461	0.444461	0	0	0	0	0	0	0	0.444461	0.444461	0	0	0	0	0.444461	0.444461	0	0	0.444461	0.444461	0	0	0	0	0	0.444461	0.444461	0	0	0	0	0.444461	0.444461	0	0	0.444461	0.444461	0	0.444461	0.444461	0	0	0	0.444461	0.444461	0	0.444461	0.444461	0	0.444461	0.444461	0	0.444461	0.888869	0.444461	0	0.444461	0.444461	0	0.444461	0.444461	0	0.444461	0.444461	0	0	0.444461	0.444461	0.444461	0.444461	0	0	0	0.444461	0.444461	0	0.444461	0.444461	0	0	0.444461	0.444461	0	0	0	0.444461	0.444461	0	0	0.444461	0.444461	0	0	0	0.444461	0.444461	0	0	0	0	0	0	0.444461	0.444461	0	0	0	0	0	0.444461	0.444461	0	0	0	0	0	0	0	0	0	0	0	0	0	0	0	0	0	0	0	0	0	0	0	0	0	0	0	0	0	0	0.444461	0.444461	0	0	0	0	0.444461	0.444461	0	0	0	0.444461	0.444461	0	0	0.444461	0.444461	0	0	0	0	0	0	0	0.444461	0.444461	0	0	0	0	0	0	0	0.444461	0.444461
0	0	0	0	0	0	0	0	0	0	0	0	0	0	0	0	0	0	0	0	0	0	0	0	0	0	0	0	0	0	0	0.44442	0.44442	0	0	0	0	0	0	0	0	0	0	0	0	0	0	0	0.44442	0.44442	0.44442	0.44442	0	0	0	0	0	0	0	0	0	0	0	0	0	0	0.44442	0.44442	0	0	0	0	0	0	0	0	0	0	0	0.44442	0.44442	0	0	0	0	0	0	0	0.44442	0.44442	0	0	0	0	0.44442	0.44442	0	0	0.44442	0.44442	0	0	0	0	0	0.44442	0.44442	0	0	0	0	0.44442	0.44442	0	0	0.44442	0.44442	0	0.44442	0.44442	0	0	0	0.44442	0.44442	0	0.44442	0.44442	0	0.44442	0.44442	0	0.44442	0.888787	0.44442	0	0.44442	0.44442	0	0.44442	0.44442	0	0.44442	0.44442	0	0	0.44442	0.44442	0.44442	0.44442	0	0	0	0.44442	0.44442	0	0.44442	0.44442	0	0	0.44442	0.44442	0	0	0	0.44442	0.44442	0	0	0.44442	0.44442	0	0	0	0.44442	0.44442	0	0	0	0	0	0	0.44442	0.44442	0	0	0	0	0	0.44442	0.44442	0	0	0	0	0	0	0	0	0	0	0	0	0	0	0	0	0	0	0	0	0	0	0	0	0	0	0	0	0	0	0.44442	0.44442	0	0	0	0	0.44442	0.44442	0	0	0	0.44442	0.44442	0	0	0.44442	0.44442	0	0	0	0	0	0	0	0.44442	0.44442	0	0	0	0	0	0	0	0.44442	0.44442
1.77712	1.77712	1.77712	1.77712	1.77712	1.77712	1.77712	1.77712	1.77712	1.77712	1.77712	1.77712	1.77712	1.77712	1.77712	1.77712	1.77712	1.66981	1.44833	1.33303	1.33303	1.33303	1.33303	1.33303	1.33303	1.33303	1.33303	1.33303	1.33303	1.33303	1.33303	1.40509	1.40509	1.33303	1.33303	1.33303	1.33303	1.33303	1.33303	1.33303	1.33303	1.33303	1.33303	1.33303	1.33303	1.22701	1.006	0.888773	0.846083	0.64781	0.64781	0.846083	0.888773	0.888773	0.888773	0.888773	0.888773	0.888773	0.888773	0.888773	0.888773	0.888773	0.888773	0.888773	0.888773	0.785584	0.801122	0.846083	0.888773	0.888773	0.888773	0.888773	0.888773	0.888773	0.888773	0.888773	0.888773	0.888773	0.888773	0.993643	0.993643	0.888773	0.888773	0.888773	0.785584	0.566509	0.351339	0.15712	0.351318	0.471352	0.444413	0.351339	0.15712	0	0.351318	0.496836	0.15712	0	0.351318	0.471352	0.351339	0.15712	0	0	0	0.444379	0.444379	0.15712	0.351339	0.444413	0.444413	0.471352	0.496836	0.351339	0.444413	0.471352	0.496836	0.351339	0.471352	0.351318	0.15712	0.351339	0.444413	0.628458	0.628458	0.444413	0.628458	0.628458	0.444413	0.628458	0.628458	0.444413	0.628458	0.846037	0.351318	0.15712	0.496836	0.351318	0.15712	0.496836	0.351318	0.15712	0.496836	0.351318	0.15712	0.351339	0.471352	0.496836	0.496836	0.351318	0.15712	0.351339	0.444413	0.628458	0.628458	0.444413	0.471352	0.496836	0.351339	0.444413	0.628458	0.628458	0.444413	0.444413	0.444413	0.471352	0.351318	0	0.15712	0.496836	0.351318	0	0	0	0.444379	0.444379	0	0	0	0	0	0	0.444379	0.444379	0	0	0	0	0	0.351318	0.471352	0.351339	0.15712	0	0	0	0	0	0	0	0	0	0	0	0	0	0	0	0.15712	0.351339	0.444413	0.444413	0.444413	0.444413	0.566509	0.785584	0.888773	0.888773	0.888773	0.888773	0.888773	0.993643	0.993643	0.888773	0.888773	0.888773	0.888773	0.846083	0.64781	0.444413	0.444413	0.444413	0.471352	0.351318	0	0	0.351318	0.471352	0.444413	0.444413	0.444413	0.444413	0.444413	0.444413	0.444413	0.471352	0.351318	0	0	0	0	0	0	0	0.444379	0.444379
1.77695	1.77695	1.77695	1.77695	1.77695	1.77695	1.77695	1.77695	1.77695	1.77695	1.77695	1.77695	1.77695	1.77695	1.77695	1.77695	1.77695	1.69893	1.48186	1.3329	1.3329	1.3329	1.3329	1.3329	1.3329	1.3329	1.3329	1.3329	1.3329	1.3329	1.3329	1.40496	1.40496	1.3329	1.3329	1.3329	1.3329	1.3329	1.3329	1.3329	1.3329	1.3329	1.3329	1.3329	1.3329	1.26647	1.05381	0.88869	0.785511	0.566456	0.566456	0.785511	0.88869	0.88869	0.88869	0.88869	0.88869	0.88869	0.88869	0.88869	0.88869	0.88869	0.88869	0.88869	0.88869	0.846004	0.801047	0.785511	0.88869	0.88869	0.88869	0.88869	0.88869	0.88869	0.88869	0.88869	0.88869	0.88869	0.88869	0.99355	0.99355	0.88869	0.88869	0.88869	0.846004	0.64775	0.471308	0.351285	0.157106	0.351307	0.444372	0.471308	0.351285	0	0.157106	0.496789	0.351285	0	0.157106	0.351307	0.471308	0.351285	0	0	0	0.444337	0.444337	0.351285	0.471308	0.444372	0.444372	0.351307	0.496789	0.471308	0.444372	0.351307	0.496789	0.471308	0.351307	0.157106	0.351285	0.471308	0.444372	0.6284	0.6284	0.444372	0.6284	0.6284	0.444372	0.6284	0.6284	0.444372	0.6284	0.647726	0.157106	0.351285	0.496789	0.157106	0.351285	0.496789	0.157106	0.351285	0.496789	0.157106	0.351285	0.471308	0.351307	0.496789	0.496789	0.157106	0.351285	0.471308	0.444372	0.6284	0.6284	0.444372	0.351307	0.496789	0.471308	0.444372	0.6284	0.6284	0.444372	0.444372	0.444372	0.351307	0.157106	0	0.351285	0.496789	0.157106	0	0	0	0.444337	0.444337	0	0	0	0	0	0	0.444337	0.444337	0	0	0	0	0	0.157106	0.351307	0.471308	0.351285	0	0	0	0	0	0	0	0	0	0	0	0	0	0	0	0.351285	0.471308	0.444372	0.444372	0.444372	0.444372	0.64775	0.846004	0.88869	0.88869	0.88869	0.88869	0.88869	0.99355	0.99355	0.88869	0.88869	0.88869	0.88869	0.785511	0.566456	0.444372	0.444372	0.444372	0.351307	0.157106	0	0	0.157106	0.351307	0.444372	0.444372	0.444372	0.444372	0.444372	0.444372	0.444372	0.351307	0.157106	0	0	0	0	0	0	0	0.444337	0.444337
0	0	0	0	0	0	0	0	0	0	0	0	0	0	0	0	0	0.444296	0.444296	0	0	0	0	0	0	0	0	0	0	0	0	0.444296	0.444296	0	0	0	0	0	0	0	0	0	0	0	0	0.444296	0.444296	0	0	0	0	0	0	0	0	0	0	0	0	0	0	0	0	0	0	0.444296	0.444296	0	0	0	0	0	0	0	0	0	0	0	0	0.444296	0.444296	0	0	0	0.444296	0.444296	0.444296	0.444296	0	0	0	0.444296	0.444296	0	0	0.444296	0.444296	0	0	0	0.444296	0.444296	0	0	0	0.444296	0.444296	0.444296	0.444296	0	0	0	0.444296	0.444296	0	0	0.444296	0.444296	0	0	0.444296	0.444296	0	0.444296	0.444296	0	0.444296	0.444296	0	0.444296	0.444296	0	0.444296	0.444296	0	0.444296	0.444296	0	0.444296	0.444296	0	0.444296	0.444296	0	0.444296	0.444296	0	0.444296	0.444296	0	0.444296	0.444296	0	0.444296	0.444296	0	0	0.444296	0.444296	0	0.444296	0.444296	0	0	0	0	0	0	0.444296	0.444296	0	0	0	0	0.444296	0.444296	0	0	0	0	0	0	0.444296	0.444296	0	0	0	0	0	0	0	0.444296	0.444296	0	0	0	0	0	0	0	0	0	0	0	0	0	0	0	0.444296	0.444296	0	0	0	0	0.444296	0.444296	0	0	0	0	0	0.444296	0.444296	0	0	0	0	0	0	0	0	0	0	0	0	0	0	0	0	0	0	0	0	0	0	0	0	0	0	0	0	0	0	0	0.444296	0.444296
0	0	0	0	0	0	0	0	0	0	0	0	0	0	0	0	0	0.444255	0.444255	0	0	0	0	0	0	0	0	0	0	0	0	0.444255	0.444255	0	0	0	0	0	0	0	0	0	0	0	0	0.444255	0.444255	0	0	0	0	0	0	0	0	0	0	0	0	0	0	0	0	0	0	0.444255	0.444255	0	0	0	0	0	0	0	0	0	0	0	0	0.444255	0.444255	0	0	0	0.444255	0.444255	0.444255	0.444255	0	0	0	0.444255	0.444255	0	0	0.444255	0.444255	0	0	0	0.444255	0.444255	0	0	0	0.444255	0.444255	0.444255	0.444255	0	0	0	0.444255	0.444255	0	0	0.444255	0.444255	0	0	0.444255	0.444255	0	0.444255	0.444255	0	0.444255	0.444255	0	0.444255	0.444255	0	0.444255	0.444255	0	0.444255	0.444255	0	0.444255	0.444255	0	0.444255	0.444255	0	0.444255	0.444255	0	0.444255	0.444255	0	0.444255	0.444255	0	0.444255	0.444255	0	0	0.444255	0.444255	0	0.444255	0.444255	0	0	0	0	0	0	0.444255	0.444255	0	0	0	0	0.444255	0.444255	0	0	0	0	0	0	0.444255	0.444255	0	0	0	0	0	0	0	0.444255	0.444255	0	0	0	0	0	0	0	0	0	0	0	0	0	0	0	0.444255	0.444255	0	0	0	0	0.444255	0.444255	0	0	0	0	0	0.444255	0.444255	0	0	0	0	0	0	0	0	0	0	0	0	0	0	0	0	0	0	0	0	0	0	0	0	0	0	0	0	0	0	0	0.444255	0.444255
0	0	0	0	0	0	0	0	0	0	0	0	0	0	0	0	0	0.444213	0.444213	0	0	0	0	0	0	0	0	0	0	0	0	0.444213	0.444213	0	0	0	0	0	0	0	0	0	0	0	0	0.444213	0.444213	0	0	0	0	0	0	0	0	0	0	0	0	0	0	0	0	0	0	0.444213	0.444213	0	0	0	0	0	0	0	0	0	0	0	0	0.444213	0.444213	0	0	0	0.444213	0.444213	0.444213	0.444213	0	0	0	0.444213	0.444213	0	0	0.444213	0.444213	0	0	0	0.444213	0.444213	0	0	0	0.444213	0.444213	0.444213	0.444213	0	0	0	0.444213	0.444213	0	0	0.444213	0.444213	0	0	0.444213	0.444213	0	0.444213	0.444213	0	0.444213	0.444213	0	0.444213	0.444213	0	0.444213	0.444213	0	0.444213	0.444213	0	0.444213	0.444213	0	0.444213	0.444213	0	0.444213	0.444213	0	0.444213	0.444213	0	0.444213	0.444213	0	0.444213	0.444213	0	0	0.444213	0.444213	0	0.444213	0.444213	0	0	0	0	0	0	0.444213	0.444213	0	0	0	0	0.444213	0.444213	0	0	0	0	0	0	0.444213	0.444213	0	0	0	0	0	0	0	0.444213	0.444213	0	0	0	0	0	0	0	0	0	0	0	0	0	0	0	0.444213	0.444213	0	0	0	0	0.444213	0.444213	0	0	0	0	0	0.444213	0.444213	0	0	0	0	0	0	0	0	0	0	0	0	0	0	0	0	0	0	0	0	0	0	0	0	0	0	0	0	0	0	0	0.444213	0.444213
0	0	0	0	0	0	0	0	0	0	0	0	0	0	0	0	0	0.444165	0.444165	0	0	0	0	0	0	0	0	0	0	0	0	0.444165	0.444165	0	0	0	0	0	0	0	0	0	0	0	0	0.444165	0.444165	0	0	0	0	0	0	0	0	0	0	0	0	0	0	0	0	0	0	0.444165	0.444165	0	0	0	0	0	0	0	0	0	0	0	0	0.444165	0.444165	0	0	0	0.444165	0.444165	0.444165	0.444165	0	0	0	0.444165	0.444165	0	0	0.444165	0.444165	0	0	0	0.444165	0.444165	0	0	0	0.444165	0.444165	0.444165	0.444165	0	0	0	0.444165	0.444165	0	0	0.444165	0.444165	0	0	0.444165	0.444165	0	0.444165	0.444165	0	0.444165	0.444165	0	0.444165	0.444165	0	0.444165	0.444165	0	0.444165	0.444165	0	0.444165	0.444165	0	0.444165	0.444165	0	0.444165	0.444165	0	0.444165	0.444165	0	0.444165	0.444165	0	0.444165	0.444165	0	0	0.444165	0.444165	0	0.444165	0.444165	0	0	0	0	0	0	0.444165	0.444165	0	0	0	0	0.444165	0.444165	0	0	0	0	0	0	0.444165	0.444165	0	0	0	0	0	0	0	0.444165	0.444165	0	0	0	0	0	0	0	0	0	0	0	0	0	0	0	0.444165	0.444165	0	0	0	0	0.444165	0.444165	0	0	0	0	0	0.444165	0.444165	0	0	0	0	0	0	0	0	0	0	0	0	0	0	0	0	0	0	0	0	0	0	0	0	0	0	0	0	0	0	0	0.444165	0.444165
0	0	0	0	0	0	0	0	0	0	0	0	0	0	0	0	0	0.444124	0.444124	0	0	0	0	0	0	0	0	0	0	0	0	0.444124	0.444124	0	0	0	0	0	0	0	0	0	0	0	0	0.444124	0.444124	0	0	0	0	0	0	0	0	0	0	0	0	0	0	0	0	0	0	0.444124	0.444124	0	0	0	0	0	0	0	0	0	0	0	0	0.444124	0.444124	0	0	0	0.444124	0.444124	0.444124	0.444124	0	0	0	0.444124	0.444124	0	0	0.444124	0.444124	0	0	0	0.444124	0.444124	0	0	0	0.444124	0.444124	0.444124	0.444124	0	0	0	0.444124	0.444124	0	0	0.444124	0.444124	0	0	0.444124	0.444124	0	0.444124	0.444124	0	0.444124	0.444124	0	0.444124	0.444124	0	0.444124	0.444124	0	0.444124	0.444124	0	0.444124	0.444124	0	0.444124	0.444124	0	0.444124	0.444124	0	0.444124	0.444124	0	0.444124	0.444124	0	0.444124	0.444124	0	0	0.444124	0.444124	0	0.444124	0.444124	0	0	0	0	0	0	0.444124	0.444124	0	0	0	0	0.444124	0.444124	0	0	0	0	0	0	0.444124	0.444124	0	0	0	0	0	0	0	0.444124	0.444124	0	0	0	0	0	0	0	0	0	0	0	0	0	0	0	0.444124	0.444124	0	0	0	0	0.444124	0.444124	0	0	0	0	0	0.444124	0.444124	0	0	0	0	0	0	0	0	0	0	0	0	0	0	0	0	0	0	0	0	0	0	0	0	0	0	0	0	0	0	0	0.444124	0.444124
0	0	0	0	0	0	0	0	0	0	0	0	0	0	0	0	0	0.444082	0.444082	0	0	0	0	0	0	0	0	0	0	0	0	0.444082	0.444082	0	0	0	0	0	0	0	0	0	0	0	0	0.444082	0.444082	0	0	0	0	0	0	0	0	0	0	0	0	0	0	0	0	0	0	0.444082	0.444082	0	0	0	0	0	0	0	0	0	0	0	0	0.444082	0.444082	0	0	0	0.444082	0.444082	0.444082	0.444082	0	0	0	0.444082	0.444082	0	0	0.444082	0.444082	0	0	0	0.444082	0.444082	0	0	0	0.444082	0.444082	0.444082	0.444082	0	0	0	0.444082	0.444082	0	0	0.444082	0.444082	0	0	0.444082	0.444082	0	0.444082	0.444082	0	0.444082	0.444082	0	0.444082	0.444082	0	0.444082	0.444082	0	0.444082	0.444082	0	0.444082	0.444082	0	0.444082	0.444082	0	0.444082	0.444082	0	0.444082	0.444082	0	0.444082	0.444082	0	0.444082	0.444082	0	0	0.444082	0.444082	0	0.444082	0.444082	0	0	0	0	0	0	0.444082	0.444082	0	0	0	0	0.444082	0.444082	0	0	0	0	0	0	0.444082	0.444082	0	0	0	0	0	0	0	0.444082	0.444082	0	0	0	0	0	0	0	0	0	0	0	0	0	0	0	0.444082	0.444082	0	0	0	0	0.444082	0.444082	0	0	0	0	0	0.444082	0.444082	0	0	0	0	0	0	0	0	0	0	0	0	0	0	0	0	0	0	0	0	0	0	0	0	0	0	0	0	0	0	0	0.444082	0.444082
0	0	0	0	0	0	0	0	0	0	0	0	0	0	0	0	0	0.444041	0.444041	0	0	0	0	0	0	0	0	0	0	0	0	0.444041	0.444041	0	0	0	0	0	0	0	0	0	0	0	0	0.444041	0.444041	0	0	0	0	0	0	0	0	0	0	0	0	0	0	0	0	0	0	0.444041	0.444041	0	0	0	0	0	0	0	0	0	0	0	0	0.444041	0.444041	0	0	0	0.444041	0.444041	0.444041	0.444041	0	0	0	0.444041	0.444041	0	0	0.444041	0.444041	0	0	0	0.444041	0.444041	0	0	0	0.444041	0.444041	0.444041	0.444041	0	0	0	0.444041	0.444041	0	0	0.444041	0.444041	0	0	0.444041	0.444041	0	0.444041	0.444041	0	0.444041	0.444041	0	0.444041	0.444041	0	0.444041	0.444041	0	0.444041	0.444041	0	0.444041	0.444041	0	0.444041	0.444041	0	0.444041	0.444041	0	0.444041	0.444041	0	0.444041	0.444041	0	0.444041	0.444041	0	0	0.444041	0.444041	0	0.444041	0.444041	0	0	0	0	0	0	0.444041	0.444041	0	0	0	0	0.444041	0.444041	0	0	0	0	0	0	0.444041	0.444041	0	0	0	0	0	0	0	0.444041	0.444041	0	0	0	0	0	0	0	0	0	0	0	0	0	0	0	0.444041	0.444041	0	0	0	0	0.444041	0.444041	0	0	0	0	0	0.444041	0.444041	0	0	0	0	0	0	0	0	0	0	0	0	0	0	0	0	0	0	0	0	0	0	0	0	0	0	0	0	0	0	0	0.444041	0.444041
0	0	0	0	0	0	0	0	0	0	0	0	0	0	0	0	0	0.444	0.444	0	0	0	0	0	0	0	0	0	0	0	0	0.444	0.444	0	0	0	0	0	0	0	0	0	0	0	0	0.444	0.444	0	0	0	0	0	0	0	0	0	0	0	0	0	0	0	0	0	0	0.444	0.444	0	0	0	0	0	0	0	0	0	0	0	0	0.444	0.444	0	0	0	0.444	0.444	0.444	0.444	0	0	0	0.444	0.444	0	0	0.444	0.444	0	0	0	0.444	0.444	0	0	0	0.444	0.444	0.444	0.444	0	0	0	0.444	0.444	0	0	0.444	0.444	0	0	0.444	0.444	0	0.444	0.444	0	0.444	0.444	0	0.444	0.444	0	0.444	0.444	0	0.444	0.444	0	0.444	0.444	0	0.444	0.444	0	0.444	0.444	0	0.444	0.444	0	0.444	0.444	0	0.444	0.444	0	0	0.444	0.444	0	0.444	0.444	0	0	0	0	0	0	0.444	0.444	0	0	0	0	0.444	0.444	0	0	0	0	0	0	0.444	0.444	0	0	0	0	0	0	0	0.444	0.444	0	0	0	0	0	0	0	0	0	0	0	0	0	0	0	0.444	0.444	0	0	0	0	0.444	0.444	0	0	0	0	0	0.444	0.444	0	0	0	0	0	0	0	0	0	0	0	0	0	0	0	0	0	0	0	0	0	0	0	0	0	0	0	0	0	0	0	0.444	0.444
0	0	0	0	0	0	0	0	0	0	0	0	0	0	0	0	0	0.443959	0.443959	0	0	0	0	0	0	0	0	0	0	0	0	0.443959	0.443959	0	0	0	0	0	0	0	0	0	0	0	0	0.443959	0.443959	0	0	0	0	0	0	0	0	0	0	0	0	0	0	0	0	0	0	0.443959	0.443959	0	0	0	0	0	0	0	0	0	0	0	0	0.443959	0.443959	0	0	0	0.443959	0.443959	0.443959	0.443959	0	0	0	0.443959	0.443959	0	0	0.443959	0.443959	0	0	0	0.443959	0.443959	0	0	0	0.443959	0.443959	0.443959	0.443959	0	0	0	0.443959	0.443959	0	0	0.443959	0.443959	0	0	0.443959	0.443959	0	0.443959	0.443959	0	0.443959	0.443959	0	0.443959	0.443959	0	0.443959	0.443959	0	0.443959	0.443959	0	0.443959	0.443959	0	0.443959	0.443959	0	0.443959	0.443959	0	0.443959	0.443959	0	0.443959	0.443959	0	0.443959	0.443959	0	0	0.443959	0.443959	0	0.443959	0.443959	0	0	0	0	0	0	0.443959	0.443959	0	0	0	0	0.443959	0.443959	0	0	0	0	0	0	0.443959	0.443959	0	0	0	0	0	0	0	0.443959	0.443959	0	0	0	0	0	0	0	0	0	0	0	0	0	0	0	0.443959	0.443959	0	0	0	0	0.443959	0.443959	0	0	0	0	0	0.443959	0.443959	0	0	0	0	0	0	0	0	0	0	0	0	0	0	0	0	0	0	0	0	0	0	0	0	0	0	0	0	0	0	0	0.443959	0.443959
0	0	0	0	0	0	0	0	0	0	0	0	0	0	0	0	0	0.44391	0.44391	0	0	0	0	0	0	0	0	0	0	0	0	0.44391	0.44391	0	0	0	0	0	0	0	0	0	0	0	0	0.44391	0.44391	0	0	0	0	0	0	0	0	0	0	0	0	0	0	0	0	0	0	0.44391	0.44391	0	0	0	0	0	0	0	0	0	0	0	0	0.44391	0.44391	0	0	0	0.44391	0.44391	0.44391	0.44391	0	0	0	0.44391	0.44391	0	0	0.44391	0.44391	0	0	0	0.44391	0.44391	0	0	0	0.44391	0.44391	0.44391	0.44391	0	0	0	0.44391	0.44391	0	0	0.44391	0.44391	0	0	0.44391	0.44391	0	0.44391	0.44391	0	0.44391	0.44391	0	0.44391	0.44391	0	0.44391	0.44391	0	0.44391	0.44391	0	0.44391	0.44391	0	0.44391	0.44391	0	0.44391	0.44391	0	0.44391	0.44391	0	0.44391	0.44391	0	0.44391	0.44391	0	0	0.44391	0.44391	0	0.44391	0.44391	0	0	0	0	0	0	0.44391	0.44391	0	0	0	0	0.44391	0.44391	0	0	0	0	0	0	0.44391	0.44391	0	0	0	0	0	0	0	0.44391	0.44391	0	0	0	0	0	0	0	0	0	0	0	0	0	0	0	0.44391	0.44391	0	0	0	0	0.44391	0.44391	0	0	0	0	0	0.44391	0.44391	0	0	0	0	0	0	0	0	0	0	0	0	0	0	0	0	0	0	0	0	0	0	0	0	0	0	0	0	0	0	0	0.44391	0.44391
0	0	0	0	0	0	0	0	0	0	0	0	0	0	0	0	0	0.443869	0.443869	0	0	0	0	0	0	0	0	0	0	0	0	0.443869	0.443869	0	0	0	0	0	0	0	0	0	0	0	0	0.443869	0.443869	0	0	0	0	0	0	0	0	0	0	0	0	0	0	0	0	0	0	0.443869	0.443869	0	0	0	0	0	0	0	0	0	0	0	0	0.443869	0.443869	0	0	0	0.443869	0.443869	0.443869	0.443869	0	0	0	0.443869	0.443869	0	0	0.443869	0.443869	0	0	0	0.443869	0.443869	0	0	0	0.443869	0.443869	0.443869	0.443869	0	0	0	0.443869	0.443869	0	0	0.443869	0.443869	0	0	0.443869	0.443869	0	0.443869	0.443869	0	0.443869	0.443869	0	0.443869	0.443869	0	0.443869	0.443869	0	0.443869	0.443869	0	0.443869	0.443869	0	0.443869	0.443869	0	0.443869	0.443869	0	0.443869	0.443869	0	0.443869	0.443869	0	0.443869	0.443869	0	0	0.443869	0.443869	0	0.443869	0.443869	0	0	0	0	0	0	0.443869	0.443869	0	0	0	0	0.443869	0.443869	0	0	0	0	0	0	0.443869	0.443869	0	0	0	0	0	0	0	0.443869	0.443869	0	0	0	0	0	0	0	0	0	0	0	0	0	0	0	0.443869	0.443869	0	0	0	0	0.443869	0.443869	0	0	0	0	0	0.443869	0.443869	0	0	0	0	0	0	0	0	0	0	0	0	0	0	0	0	0	0	0	0	0	0	0	0	0	0	0	0	0	0	0	0.443869	0.443869
1.33137	1.33137	1.33137	1.22549	1.00475	0.887671	0.887671	0.887671	0.887671	0.887671	0.887671	0.887671	0.887671	0.784611	0.565807	0.443862	0.443862	0.647007	0.845034	0.887671	0.887671	0.887671	0.887671	0.887671	0.784611	0.565807	0.443862	0.443862	0.443862	0.350904	0.156926	0.350882	0.470768	0.443862	0.443862	0.443862	0.350904	0.156926	0	0	0	0	0	0	0	0.350882	0.470768	0.350904	0.156926	0	0	0	0	0	0	0	0	0	0	0	0	0	0	0	0	0.443828	0.443828	0	0	0	0	0.156926	0.350904	0.443862	0.443862	0.565807	0.784611	0.887671	0.887671	0.845034	0.800129	0.784611	0.887671	0.887671	0.992411	0.992411	0.845034	0.647007	0.443862	0.565807	0.784611	0.845034	0.647007	0.443862	0.565807	0.800129	0.647007	0.443862	0.565807	0.784611	0.845034	0.647007	0.565807	0.784611	0.887671	0.845034	0.800129	0.800129	0.647007	0.565807	0.784611	0.887671	0.845034	0.647007	0.565807	0.784611	0.845034	0.647007	0.565807	0.784611	0.845034	0.647007	0.443862	0.627679	0.627679	0.443862	0.627679	0.627679	0.443862	0.470768	0.49622	0.350904	0.470768	0.49622	0.350904	0.470768	0.49622	0.350904	0.470768	0.49622	0.350904	0.470768	0.49622	0.350904	0.470768	0.350882	0	0.443828	0.443828	0	0.350882	0.49622	0.156926	0.350882	0.470768	0.443862	0.443862	0.627679	0.627679	0.443862	0.647007	0.845034	0.887671	0.887671	0.887671	0.784611	0.565807	0.443862	0.647007	0.845034	0.887671	0.887671	0.887671	0.887671	0.992411	0.992411	0.887671	0.887671	0.887671	0.887671	0.784611	0.565807	0.647007	0.845034	0.887671	0.784611	0.565807	0.443862	0.443862	0.443862	0.443862	0.647007	0.845034	0.887671	0.887671	0.887671	0.887671	0.887671	0.887671	0.887671	0.887671	0.887671	0.887671	0.887671	0.887671	0.887671	0.887671	0.887671	0.845034	0.647007	0.443862	0.443862	0.443862	0.443862	0.470768	0.49622	0.350904	0.443862	0.443862	0.443862	0.443862	0.470768	0.350882	0	0	0	0	0	0	0	0	0	0	0	0	0	0	0	0	0	0	0	0	0	0.156926	0.350904	0.443862	0.443862	0.443862	0.443862	0.443862	0.443862	0.443862	0.443862	0.470768	0.350882
1.33125	1.33125	1.33125	1.2649	1.05251	0.887589	0.887589	0.887589	0.887589	0.887589	0.887589	0.887589	0.887589	0.844956	0.646947	0.443821	0.443821	0.565754	0.784538	0.887589	0.887589	0.887589	0.887589	0.887589	0.844956	0.646947	0.443821	0.443821	0.443821	0.470724	0.35085	0.156911	0.350871	0.443821	0.443821	0.443821	0.470724	0.35085	0	0	0	0	0	0	0	0.156911	0.350871	0.470724	0.35085	0	0	0	0	0	0	0	0	0	0	0	0	0	0	0	0	0.443787	0.443787	0	0	0	0	0.35085	0.470724	0.443821	0.443821	0.646947	0.844956	0.887589	0.887589	0.784538	0.800055	0.844956	0.887589	0.887589	0.992319	0.992319	0.784538	0.565754	0.443821	0.646947	0.844956	0.784538	0.565754	0.443821	0.646947	0.800055	0.565754	0.443821	0.646947	0.844956	0.784538	0.565754	0.646947	0.844956	0.887589	0.784538	0.800055	0.800055	0.565754	0.646947	0.844956	0.887589	0.784538	0.565754	0.646947	0.844956	0.784538	0.565754	0.646947	0.844956	0.784538	0.565754	0.443821	0.627621	0.627621	0.443821	0.627621	0.627621	0.443821	0.350871	0.496174	0.470724	0.350871	0.496174	0.470724	0.350871	0.496174	0.470724	0.350871	0.496174	0.470724	0.350871	0.496174	0.470724	0.350871	0.156911	0	0.443787	0.443787	0	0.156911	0.496174	0.35085	0.156911	0.350871	0.443821	0.443821	0.627621	0.627621	0.443821	0.565754	0.784538	0.887589	0.887589	0.887589	0.844956	0.646947	0.443821	0.565754	0.784538	0.887589	0.887589	0.887589	0.887589	0.992319	0.992319	0.887589	0.887589	0.887589	0.887589	0.844956	0.646947	0.565754	0.784538	0.887589	0.844956	0.646947	0.443821	0.443821	0.443821	0.443821	0.565754	0.784538	0.887589	0.887589	0.887589	0.887589	0.887589	0.887589	0.887589	0.887589	0.887589	0.887589	0.887589	0.887589	0.887589	0.887589	0.887589	0.784538	0.565754	0.443821	0.443821	0.443821	0.443821	0.350871	0.496174	0.470724	0.443821	0.443821	0.443821	0.443821	0.350871	0.156911	0	0	0	0	0	0	0	0	0	0	0	0	0	0	0	0	0	0	0	0	0	0.35085	0.470724	0.443821	0.443821	0.443821	0.443821	0.443821	0.443821	0.443821	0.443821	0.350871	0.156911
0	0	0	0.443745	0.443745	0	0	0	0	0	0	0	0	0.443745	0.443745	0	0	0	0	0	0	0	0	0	0.443745	0.443745	0	0	0	0.443745	0.443745	0	0	0	0	0	0.443745	0.443745	0	0	0	0	0	0	0	0	0	0.443745	0.443745	0	0	0	0	0	0	0	0	0	0	0	0	0	0	0	0	0.443745	0.443745	0	0	0	0	0.443745	0.443745	0	0	0.443745	0.443745	0	0	0	0.443745	0.443745	0	0	0.443745	0.443745	0	0	0	0.443745	0.443745	0	0	0	0.443745	0.443745	0	0	0.443745	0.443745	0	0	0.443745	0.443745	0	0	0.443745	0.443745	0	0.443745	0.443745	0	0	0	0.443745	0.443745	0	0	0.443745	0.443745	0	0	0	0.443745	0.443745	0	0.443745	0.443745	0	0	0.443745	0.443745	0	0.443745	0.443745	0	0.443745	0.443745	0	0.443745	0.443745	0	0.443745	0.443745	0	0	0	0.443745	0.443745	0	0	0.443745	0.443745	0	0	0	0	0.443745	0.443745	0	0	0	0	0	0	0.443745	0.443745	0	0	0	0	0	0	0	0.443745	0.443745	0	0	0	0	0.443745	0.443745	0	0	0	0.443745	0.443745	0	0	0	0	0	0	0	0	0	0	0	0	0	0	0	0	0	0	0	0	0	0	0	0	0	0	0	0	0.443745	0.443745	0	0	0	0	0	0	0	0	0	0	0	0	0	0	0	0	0	0	0	0	0	0	0	0	0	0	0	0.443745	0.443745	0	0	0	0	0	0	0	0	0	0
0	0	0	0.443704	0.443704	0	0	0	0	0	0	0	0	0.443704	0.443704	0	0	0	0	0	0	0	0	0	0.443704	0.443704	0	0	0	0.443704	0.443704	0	0	0	0	0	0.443704	0.443704	0	0	0	0	0	0	0	0	0	0.443704	0.443704	0	0	0	0	0	0	0	0	0	0	0	0	0	0	0	0	0.443704	0.443704	0	0	0	0	0.443704	0.443704	0	0	0.443704	0.443704	0	0	0	0.443704	0.443704	0	0	0.443704	0.443704	0	0	0	0.443704	0.443704	0	0	0	0.443704	0.443704	0	0	0.443704	0.443704	0	0	0.443704	0.443704	0	0	0.443704	0.443704	0	0.443704	0.443704	0	0	0	0.443704	0.443704	0	0	0.443704	0.443704	0	0	0	0.443704	0.443704	0	0.443704	0.443704	0	0	0.443704	0.443704	0	0.443704	0.443704	0	0.443704	0.443704	0	0.443704	0.443704	0	0.443704	0.443704	0	0	0	0.443704	0.443704	0	0	0.443704	0.443704	0	0	0	0	0.443704	0.443704	0	0	0	0	0	0	0.443704	0.443704	0	0	0	0	0	0	0	0.443704	0.443704	0	0	0	0	0.443704	0.443704	0	0	0	0.443704	0.443704	0	0	0	0	0	0	0	0	0	0	0	0	0	0	0	0	0	0	0	0	0	0	0	0	0	0	0	0	0.443704	0.443704	0	0	0	0	0	0	0	0	0	0	0	0	0	0	0	0	0	0	0	0	0	0	0	0	0	0	0	0.443704	0.443704	0	0	0	0	0	0	0	0	0	0
0	0	0	0.443663	0.443663	0	0	0	0	0	0	0	0	0.443663	0.443663	0	0	0	0	0	0	0	0	0	0.443663	0.443663	0	0	0	0.443663	0.443663	0	0	0	0	0	0.443663	0.443663	0	0	0	0	0	0	0	0	0	0.443663	0.443663	0	0	0	0	0	0	0	0	0	0	0	0	0	0	0	0	0.443663	0.443663	0	0	0	0	0.443663	0.443663	0	0	0.443663	0.443663	0	0	0	0.443663	0.443663	0	0	0.443663	0.443663	0	0	0	0.443663	0.443663	0	0	0	0.443663	0.443663	0	0	0.443663	0.443663	0	0	0.443663	0.443663	0	0	0.443663	0.443663	0	0.443663	0.443663	0	0	0	0.443663	0.443663	0	0	0.443663	0.443663	0	0	0	0.443663	0.443663	0	0.443663	0.443663	0	0	0.443663	0.443663	0	0.443663	0.443663	0	0.443663	0.443663	0	0.443663	0.443663	0	0.443663	0.443663	0	0	0	0.443663	0.443663	0	0	0.443663	0.443663	0	0	0	0	0.443663	0.443663	0	0	0	0	0	0	0.443663	0.443663	0	0	0	0	0	0	0	0.443663	0.443663	0	0	0	0	0.443663	0.443663	0	0	0	0.443663	0.443663	0	0	0	0	0	0	0	0	0	0	0	0	0	0	0	0	0	0	0	0	0	0	0	0	0	0	0	0	0.443663	0.443663	0	0	0	0	0	0	0	0	0	0	0	0	0	0	0	0	0	0	0	0	0	0	0	0	0	0	0	0.443663	0.443663	0	0	0	0	0	0	0	0	0	0
0	0	0	0.443615	0.443615	0	0	0	0	0	0	0	0	0.443615	0.443615	0	0	0	0	0	0	0	0	0	0.443615	0.443615	0	0	0	0.443615	0.443615	0	0	0	0	0	0.443615	0.443615	0	0	0	0	0	0	0	0	0	0.443615	0.443615	0	0	0	0	0	0	0	0	0	0	0	0	0	0	0	0	0.443615	0.443615	0	0	0	0	0.443615	0.443615	0	0	0.443615	0.443615	0	0	0	0.443615	0.443615	0	0	0.443615	0.443615	0	0	0	0.443615	0.443615	0	0	0	0.443615	0.443615	0	0	0.443615	0.443615	0	0	0.443615	0.443615	0	0	0.443615	0.443615	0	0.443615	0.443615	0	0	0	0.443615	0.443615	0	0	0.443615	0.443615	0	0	0	0.443615	0.443615	0	0.443615	0.443615	0	0	0.443615	0.443615	0	0.443615	0.443615	0	0.443615	0.443615	0	0.443615	0.443615	0	0.443615	0.443615	0	0	0	0.443615	0.443615	0	0	0.443615	0.443615	0	0	0	0	0.443615	0.443615	0	0	0	0	0	0	0.443615	0.443615	0	0	0	0	0	0	0	0.443615	0.443615	0	0	0	0	0.443615	0.443615	0	0	0	0.443615	0.443615	0	0	0	0	0	0	0	0	0	0	0	0	0	0	0	0	0	0	0	0	0	0	0	0	0	0	0	0	0.443615	0.443615	0	0	0	0	0	0	0	0	0	0	0	0	0	0	0	0	0	0	0	0	0	0	0	0	0	0	0	0.443615	0.443615	0	0	0	0	0	0	0	0	0	0
0	0	0	0.443574	0.443574	0	0	0	0	0	0	0	0	0.443574	0.443574	0	0	0	0	0	0	0	0	0	0.443574	0.443574	0	0	0	0.443574	0.443574	0	0	0	0	0	0.443574	0.443574	0	0	0	0	0	0	0	0	0	0.443574	0.443574	0	0	0	0	0	0	0	0	0	0	0	0	0	0	0	0	0.443574	0.443574	0	0	0	0	0.443574	0.443574	0	0	0.443574	0.443574	0	0	0	0.443574	0.443574	0	0	0.443574	0.443574	0	0	0	0.443574	0.443574	0	0	0	0.443574	0.443574	0	0	0.443574	0.443574	0	0	0.443574	0.443574	0	0	0.443574	0.443574	0	0.443574	0.443574	0	0	0	0.443574	0.443574	0	0	0.443574	0.443574	0	0	0	0.443574	0.443574	0	0.443574	0.443574	0	0	0.443574	0.443574	0	0.443574	0.443574	0	0.443574	0.443574	0	0.443574	0.443574	0	0.443574	0.443574	0	0	0	0.443574	0.443574	0	0	0.443574	0.443574	0	0	0	0	0.443574	0.443574	0	0	0	0	0	0	0.443574	0.443574	0	0	0	0	0	0	0	0.443574	0.443574	0	0	0	0	0.443574	0.443574	0	0	0	0.443574	0.443574	0	0	0	0	0	0	0	0	0	0	0	0	0	0	0	0	0	0	0	0	0	0	0	0	0	0	0	0	0.443574	0.443574	0	0	0	0	0	0	0	0	0	0	0	0	0	0	0	0	0	0	0	0	0	0	0	0	0	0	0	0.443574	0.443574	0	0	0	0	0	0	0	0	0	0
0	0	0	0.443532	0.443532	0	0	0	0	0	0	0	0	0.443532	0.443532	0	0	0	0	0	0	0	0	0	0.443532	0.443532	0	0	0	0.443532	0.443532	0	0	0	0	0	0.443532	0.443532	0	0	0	0	0	0	0	0	0	0.443532	0.443532	0	0	0	0	0	0	0	0	0	0	0	0	0	0	0	0	0.443532	0.443532	0	0	0	0	0.443532	0.443532	0	0	0.443532	0.443532	0	0	0	0.443532	0.443532	0	0	0.443532	0.443532	0	0	0	0.443532	0.443532	0	0	0	0.443532	0.443532	0	0	0.443532	0.443532	0	0	0.443532	0.443532	0	0	0.443532	0.443532	0	0.443532	0.443532	0	0	0	0.443532	0.443532	0	0	0.443532	0.443532	0	0	0	0.443532	0.443532	0	0.443532	0.443532	0	0	0.443532	0.443532	0	0.443532	0.443532	0	0.443532	0.443532	0	0.443532	0.443532	0	0.443532	0.443532	0	0	0	0.443532	0.443532	0	0	0.443532	0.443532	0	0	0	0	0.443532	0.443532	0	0	0	0	0	0	0.443532	0.443532	0	0	0	0	0	0	0	0.443532	0.443532	0	0	0	0	0.443532	0.443532	0	0	0	0.443532	0.443532	0	0	0	0	0	0	0	0	0	0	0	0	0	0	0	0	0	0	0	0	0	0	0	0	0	0	0	0	0.443532	0.443532	0	0	0	0	0	0	0	0	0	0	0	0	0	0	0	0	0	0	0	0	0	0	0	0	0	0	0	0.443532	0.443532	0	0	0	0	0	0	0	0	0	0
0	0	0	0.443491	0.443491	0	0	0	0	0	0	0	0	0.443491	0.443491	0	0	0	0	0	0	0	0	0	0.443491	0.443491	0	0	0	0.443491	0.443491	0	0	0	0	0	0.443491	0.443491	0	0	0	0	0	0	0	0	0	0.443491	0.443491	0	0	0	0	0	0	0	0	0	0	0	0	0	0	0	0	0.443491	0.443491	0	0	0	0	0.443491	0.443491	0	0	0.443491	0.443491	0	0	0	0.443491	0.443491	0	0	0.443491	0.443491	0	0	0	0.443491	0.443491	0	0	0	0.443491	0.443491	0	0	0.443491	0.443491	0	0	0.443491	0.443491	0	0	0.443491	0.443491	0	0.443491	0.443491	0	0	0	0.443491	0.443491	0	0	0.443491	0.443491	0	0	0	0.443491	0.443491	0	0.443491	0.443491	0	0	0.443491	0.443491	0	0.443491	0.443491	0	0.443491	0.443491	0	0.443491	0.443491	0	0.443491	0.443491	0	0	0	0.443491	0.443491	0	0	0.443491	0.443491	0	0	0	0	0.443491	0.443491	0	0	0	0	0	0	0.443491	0.443491	0	0	0	0	0	0	0	0.443491	0.443491	0	0	0	0	0.443491	0.443491	0	0	0	0.443491	0.443491	0	0	0	0	0	0	0	0	0	0	0	0	0	0	0	0	0	0	0	0	0	0	0	0	0	0	0	0	0.443491	0.443491	0	0	0	0	0	0	0	0	0	0	0	0	0	0	0	0	0	0	0	0	0	0	0	0	0	0	0	0.443491	0.443491	0	0	0	0	0	0	0	0	0	0
0	0	0	0.44345	0.44345	0	0	0	0	0	0	0	0	0.44345	0.44345	0	0	0	0	0	0	0	0	0	0.44345	0.44345	0	0	0	0.44345	0.44345	0	0	0	0	0	0.44345	0.44345	0	0	0	0	0	0	0	0	0	0.44345	0.44345	0	0	0	0	0	0	0	0	0	0	0	0	0	0	0	0	0.44345	0.44345	0	0	0	0	0.44345	0.44345	0	0	0.44345	0.44345	0	0	0	0.44345	0.44345	0	0	0.44345	0.44345	0	0	0	0.44345	0.44345	0	0	0	0.44345	0.44345	0	0	0.44345	0.44345	0	0	0.44345	0.44345	0	0	0.44345	0.44345	0	0.44345	0.44345	0	0	0	0.44345	0.44345	0	0	0.44345	0.44345	0	0	0	0.44345	0.44345	0	0.44345	0.44345	0	0	0.44345	0.44345	0	0.44345	0.44345	0	0.44345	0.44345	0	0.44345	0.44345	0	0.44345	0.44345	0	0	0	0.44345	0.44345	0	0	0.44345	0.44345	0	0	0	0	0.44345	0.44345	0	0	0	0	0	0	0.44345	0.44345	0	0	0	0	0	0	0	0.44345	0.44345	0	0	0	0	0.44345	0.44345	0	0	0	0.44345	0.44345	0	0	0	0	0	0	0	0	0	0	0	0	0	0	0	0	0	0	0	0	0	0	0	0	0	0	0	0	0.44345	0.44345	0	0	0	0	0	0	0	0	0	0	0	0	0	0	0	0	0	0	0	0	0	0	0	0	0	0	0	0.44345	0.44345	0	0	0	0	0	0	0	0	0	0
0	0	0	0.443409	0.443409	0	0	0	0	0	0	0	0	0.443409	0.443409	0	0	0	0	0	0	0	0	0	0.443409	0.443409	0	0	0	0.443409	0.443409	0	0	0	0	0	0.443409	0.443409	0	0	0	0	0	0	0	0	0	0.443409	0.443409	0	0	0	0	0	0	0	0	0	0	0	0	0	0	0	0	0.443409	0.443409	0	0	0	0	0.443409	0.443409	0	0	0.443409	0.443409	0	0	0	0.443409	0.443409	0	0	0.443409	0.443409	0	0	0	0.443409	0.443409	0	0	0	0.443409	0.443409	0	0	0.443409	0.443409	0	0	0.443409	0.443409	0	0	0.443409	0.443409	0	0.443409	0.443409	0	0	0	0.443409	0.443409	0	0	0.443409	0.443409	0	0	0	0.443409	0.443409	0	0.443409	0.443409	0	0	0.443409	0.443409	0	0.443409	0.443409	0	0.443409	0.443409	0	0.443409	0.443409	0	0.443409	0.443409	0	0	0	0.443409	0.443409	0	0	0.443409	0.443409	0	0	0	0	0.443409	0.443409	0	0	0	0	0	0	0.443409	0.443409	0	0	0	0	0	0	0	0.443409	0.443409	0	0	0	0	0.443409	0.443409	0	0	0	0.443409	0.443409	0	0	0	0	0	0	0	0	0	0	0	0	0	0	0	0	0	0	0	0	0	0	0	0	0	0	0	0	0.443409	0.443409	0	0	0	0	0	0	0	0	0	0	0	0	0	0	0	0	0	0	0	0	0	0	0	0	0	0	0	0.443409	0.443409	0	0	0	0	0	0	0	0	0	0
0	0	0	0.443361	0.443361	0	0	0	0	0	0	0	0	0.443361	0.443361	0	0	0	0	0	0	0	0	0	0.443361	0.443361	0	0	0	0.443361	0.443361	0	0	0	0	0	0.443361	0.443361	0	0	0	0	0	0	0	0	0	0.443361	0.443361	0	0	0	0	0	0	0	0	0	0	0	0	0	0	0	0	0.443361	0.443361	0	0	0	0	0.443361	0.443361	0	0	0.443361	0.443361	0	0	0	0.443361	0.443361	0	0	0.443361	0.443361	0	0	0	0.443361	0.443361	0	0	0	0.443361	0.443361	0	0	0.443361	0.443361	0	0	0.443361	0.443361	0	0	0.443361	0.443361	0	0.443361	0.443361	0	0	0	0.443361	0.443361	0	0	0.443361	0.443361	0	0	0	0.443361	0.443361	0	0.443361	0.443361	0	0	0.443361	0.443361	0	0.443361	0.443361	0	0.443361	0.443361	0	0.443361	0.443361	0	0.443361	0.443361	0	0	0	0.443361	0.443361	0	0	0.443361	0.443361	0	0	0	0	0.443361	0.443361	0	0	0	0	0	0	0.443361	0.443361	0	0	0	0	0	0	0	0.443361	0.443361	0	0	0	0	0.443361	0.443361	0	0	0	0.443361	0.443361	0	0	0	0	0	0	0	0	0	0	0	0	0	0	0	0	0	0	0	0	0	0	0	0	0	0	0	0	0.443361	0.443361	0	0	0	0	0	0	0	0	0	0	0	0	0	0	0	0	0	0	0	0	0	0	0	0	0	0	0	0.443361	0.443361	0	0	0	0	0	0	0	0	0	0
0	0	0	0.44332	0.44332	0	0	0	0	0	0	0	0	0.44332	0.44332	0	0	0	0	0	0	0	0	0	0.44332	0.44332	0	0	0	0.44332	0.44332	0	0	0	0	0	0.44332	0.44332	0	0	0	0	0	0	0	0	0	0.44332	0.44332	0	0	0	0	0	0	0	0	0	0	0	0	0	0	0	0	0.44332	0.44332	0	0	0	0	0.44332	0.44332	0	0	0.44332	0.44332	0	0	0	0.44332	0.44332	0	0	0.44332	0.44332	0	0	0	0.44332	0.44332	0	0	0	0.44332	0.44332	0	0	0.44332	0.44332	0	0	0.44332	0.44332	0	0	0.44332	0.44332	0	0.44332	0.44332	0	0	0	0.44332	0.44332	0	0	0.44332	0.44332	0	0	0	0.44332	0.44332	0	0.44332	0.44332	0	0	0.44332	0.44332	0	0.44332	0.44332	0	0.44332	0.44332	0	0.44332	0.44332	0	0.44332	0.44332	0	0	0	0.44332	0.44332	0	0	0.44332	0.44332	0	0	0	0	0.44332	0.44332	0	0	0	0	0	0	0.44332	0.44332	0	0	0	0	0	0	0	0.44332	0.44332	0	0	0	0	0.44332	0.44332	0	0	0	0.44332	0.44332	0	0	0	0	0	0	0	0	0	0	0	0	0	0	0	0	0	0	0	0	0	0	0	0	0	0	0	0	0.44332	0.44332	0	0	0	0	0	0	0	0	0	0	0	0	0	0	0	0	0	0	0	0	0	0	0	0	0	0	0	0.44332	0.44332	0	0	0	0	0	0	0	0	0	0
0.443313	0.443313	0.443313	0.626902	0.626902	0.443313	0.443313	0.443313	0.443313	0.350469	0.156731	0	0	0.443279	0.443279	0	0	0	0.156731	0.350469	0.443313	0.565106	0.783639	0.886573	0.843988	0.646206	0.565106	0.783639	0.886573	0.843988	0.799139	0.783639	0.886573	0.886573	0.886573	0.886573	0.991183	0.991183	0.886573	0.886573	0.886573	0.886573	0.886573	0.886573	0.886573	0.886573	0.886573	0.991183	0.991183	0.886573	0.886573	0.886573	0.886573	0.886573	1.00351	1.22397	1.32973	1.32973	1.32973	1.32973	1.32973	1.32973	1.44474	1.66568	1.77272	1.69488	1.47833	1.32973	1.32973	1.32973	1.44474	1.61328	1.47833	1.32973	1.32973	1.26345	1.0513	1.00351	1.22397	1.32973	1.26345	1.0513	0.886573	0.886573	0.991183	0.991183	0.886573	0.886573	0.886573	0.991183	0.991183	0.886573	0.886573	0.886573	0.843988	0.646206	0.443313	0.565106	0.799139	0.646206	0.443313	0.443313	0.470185	0.495606	0.350469	0.443313	0.626902	0.626902	0.443313	0.470185	0.350448	0.156731	0.350469	0.443313	0.470185	0.495606	0.350469	0.443313	0.470185	0.350448	0.156731	0.350469	0.443313	0.470185	0.495606	0.350469	0.470185	0.350448	0	0.156731	0.495606	0.350448	0.156731	0.495606	0.350448	0	0.350448	0.470185	0.443313	0.646206	0.843988	0.886573	0.991183	0.991183	0.886573	0.886573	0.886573	1.0513	1.26345	1.32973	1.22397	1.19349	1.26345	1.32973	1.32973	1.22397	1.00351	1.0513	1.26345	1.32973	1.32973	1.32973	1.32973	1.32973	1.32973	1.47833	1.69488	1.77272	1.77272	1.77272	1.77272	1.77272	1.77272	1.66568	1.61328	1.69488	1.77272	1.77272	1.77272	1.77272	1.82723	1.82723	1.77272	1.77272	1.77272	1.91251	2.13088	2.2155	2.10774	1.88669	1.77272	1.77272	1.77272	1.77272	1.77272	1.77272	1.77272	1.77272	1.77272	1.66568	1.44474	1.32973	1.32973	1.32973	1.32973	1.32973	1.32973	1.32973	1.32973	1.22397	1.00351	0.886573	0.886573	0.886573	0.886573	0.843988	0.646206	0.350469	0.156731	0	0	0	0	0.156731	0.350469	0.443313	0.443313	0.443313	0.443313	0.443313	0.443313	0.443313	0.443313	0.443313	0.443313	0.443313	0.443313	0.443313	0.443313	0.443313	0.443313	0.443313	0.350469	0.156731	0.350448	0.470185	0.443313	0.443313	0.443313	0.350469	0.156731	0	0	0	0	0
0.443272	0.443272	0.443272	0.626844	0.626844	0.443272	0.443272	0.443272	0.443272	0.470141	0.350415	0	0	0.443237	0.443237	0	0	0	0.350415	0.470141	0.443272	0.646146	0.84391	0.88649	0.783567	0.565054	0.646146	0.84391	0.88649	0.783567	0.799064	0.84391	0.88649	0.88649	0.88649	0.88649	0.991091	0.991091	0.88649	0.88649	0.88649	0.88649	0.88649	0.88649	0.88649	0.88649	0.88649	0.991091	0.991091	0.88649	0.88649	0.88649	0.88649	0.88649	1.05121	1.26333	1.3296	1.3296	1.3296	1.3296	1.3296	1.3296	1.47819	1.69472	1.77256	1.66552	1.44461	1.3296	1.3296	1.3296	1.47819	1.61313	1.44461	1.3296	1.3296	1.22386	1.00342	1.05121	1.26333	1.3296	1.22386	1.00342	0.88649	0.88649	0.991091	0.991091	0.88649	0.88649	0.88649	0.991091	0.991091	0.88649	0.88649	0.88649	0.783567	0.565054	0.443272	0.646146	0.799064	0.565054	0.443272	0.443272	0.350437	0.49556	0.470141	0.443272	0.626844	0.626844	0.443272	0.350437	0.156717	0.350415	0.470141	0.443272	0.350437	0.49556	0.470141	0.443272	0.350437	0.156717	0.350415	0.470141	0.443272	0.350437	0.49556	0.470141	0.350437	0.156717	0	0.350415	0.49556	0.156717	0.350415	0.49556	0.156717	0	0.156717	0.350437	0.443272	0.565054	0.783567	0.88649	0.991091	0.991091	0.88649	0.88649	0.88649	1.00342	1.22386	1.3296	1.26333	1.19338	1.22386	1.3296	1.3296	1.26333	1.05121	1.00342	1.22386	1.3296	1.3296	1.3296	1.3296	1.3296	1.3296	1.44461	1.66552	1.77256	1.77256	1.77256	1.77256	1.77256	1.77256	1.69472	1.61313	1.66552	1.77256	1.77256	1.77256	1.77256	1.82706	1.82706	1.77256	1.77256	1.77256	1.88652	2.10755	2.2153	2.13068	1.91234	1.77256	1.77256	1.77256	1.77256	1.77256	1.77256	1.77256	1.77256	1.77256	1.69472	1.47819	1.3296	1.3296	1.3296	1.3296	1.3296	1.3296	1.3296	1.3296	1.26333	1.05121	0.88649	0.88649	0.88649	0.88649	0.783567	0.565054	0.470141	0.350415	0	0	0	0	0.350415	0.470141	0.443272	0.443272	0.443272	0.443272	0.443272	0.443272	0.443272	0.443272	0.443272	0.443272	0.443272	0.443272	0.443272	0.443272	0.443272	0.443272	0.443272	0.470141	0.350415	0.156717	0.350437	0.443272	0.443272	0.443272	0.470141	0.350415	0	0	0	0	0
0	0	0	0.443196	0.443196	0	0	0	0	0.443196	0.443196	0	0	0.443196	0.443196	0	0	0	0.443196	0.443196	0	0.443196	0.443196	0	0	0	0.443196	0.443196	0	0	0.443196	0.443196	0	0	0	0	0.443196	0.443196	0	0	0	0	0	0	0	0	0	0.443196	0.443196	0	0	0	0	0	0.443196	0.443196	0	0	0	0	0	0	0.443196	0.443196	0	0	0	0	0	0	0.443196	0.443196	0	0	0	0	0	0.443196	0.443196	0	0	0	0	0	0.443196	0.443196	0	0	0	0.443196	0.443196	0	0	0	0	0	0	0.443196	0.443196	0	0	0	0	0.443196	0.443196	0	0.443196	0.443196	0	0	0	0.443196	0.443196	0	0	0.443196	0.443196	0	0	0	0.443196	0.443196	0	0	0.443196	0.443196	0	0	0	0.443196	0.443196	0	0.443196	0.443196	0	0	0	0	0	0	0	0	0.443196	0.443196	0	0	0	0	0	0	0.443196	0.443196	0	0	0	0.443196	0.443196	0	0	0	0	0	0	0	0	0	0	0	0	0	0	0	0	0.443196	0.443196	0	0	0	0	0	0.443196	0.443196	0	0	0	0	0	0	0.443196	0.443196	0	0	0	0	0	0	0	0	0	0.443196	0.443196	0	0	0	0	0	0	0	0	0.443196	0.443196	0	0	0	0	0	0	0.443196	0.443196	0	0	0	0	0.443196	0.443196	0	0	0	0	0	0	0	0	0	0	0	0	0	0	0	0	0	0.443196	0.443196	0	0	0	0	0	0.443196	0.443196	0	0	0	0	0
0	0	0	0.443155	0.443155	0	0	0	0	0.443155	0.443155	0	0	0.443155	0.443155	0	0	0	0.443155	0.443155	0	0.443155	0.443155	0	0	0	0.443155	0.443155	0	0	0.443155	0.443155	0	0	0	0	0.443155	0.443155	0	0	0	0	0	0	0	0	0	0.443155	0.443155	0	0	0	0	0	0.443155	0.443155	0	0	0	0	0	0	0.443155	0.443155	0	0	0	0	0	0	0.443155	0.443155	0	0	0	0	0	0.443155	0.443155	0	0	0	0	0	0.443155	0.443155	0	0	0	0.443155	0.443155	0	0	0	0	0	0	0.443155	0.443155	0	0	0	0	0.443155	0.443155	0	0.443155	0.443155	0	0	0	0.443155	0.443155	0	0	0.443155	0.443155	0	0	0	0.443155	0.443155	0	0	0.443155	0.443155	0	0	0	0.443155	0.443155	0	0.443155	0.443155	0	0	0	0	0	0	0	0	0.443155	0.443155	0	0	0	0	0	0	0.443155	0.443155	0	0	0	0.443155	0.443155	0	0	0	0	0	0	0	0	0	0	0	0	0	0	0	0	0.443155	0.443155	0	0	0	0	0	0.443155	0.443155	0	0	0	0	0	0	0.443155	0.443155	0	0	0	0	0	0	0	0	0	0.443155	0.443155	0	0	0	0	0	0	0	0	0.443155	0.443155	0	0	0	0	0	0	0.443155	0.443155	0	0	0	0	0.443155	0.443155	0	0	0	0	0	0	0	0	0	0	0	0	0	0	0	0	0	0.443155	0.443155	0	0	0	0	0	0.443155	0.443155	0	0	0	0	0
0	0	0	0.443107	0.443107	0	0	0	0	0.443107	0.443107	0	0	0.443107	0.443107	0	0	0	0.443107	0.443107	0	0.443107	0.443107	0	0	0	0.443107	0.443107	0	0	0.443107	0.443107	0	0	0	0	0.443107	0.443107	0	0	0	0	0	0	0	0	0	0.443107	0.443107	0	0	0	0	0	0.443107	0.443107	0	0	0	0	0	0	0.443107	0.443107	0	0	0	0	0	0	0.443107	0.443107	0	0	0	0	0	0.443107	0.443107	0	0	0	0	0	0.443107	0.443107	0	0	0	0.443107	0.443107	0	0	0	0	0	0	0.443107	0.443107	0	0	0	0	0.443107	0.443107	0	0.443107	0.443107	0	0	0	0.443107	0.443107	0	0	0.443107	0.443107	0	0	0	0.443107	0.443107	0	0	0.443107	0.443107	0	0	0	0.443107	0.443107	0	0.443107	0.443107	0	0	0	0	0	0	0	0	0.443107	0.443107	0	0	0	0	0	0	0.443107	0.443107	0	0	0	0.443107	0.443107	0	0	0	0	0	0	0	0	0	0	0	0	0	0	0	0	0.443107	0.443107	0	0	0	0	0	0.443107	0.443107	0	0	0	0	0	0	0.443107	0.443107	0	0	0	0	0	0	0	0	0	0.443107	0.443107	0	0	0	0	0	0	0	0	0.443107	0.443107	0	0	0	0	0	0	0.443107	0.443107	0	0	0	0	0.443107	0.443107	0	0	0	0	0	0	0	0	0	0	0	0	0	0	0	0	0	0.443107	0.443107	0	0	0	0	0	0.443107	0.443107	0	0	0	0	0
0	0	0	0.443066	0.443066	0	0	0	0	0.443066	0.443066	0	0	0.443066	0.443066	0	0	0	0.443066	0.443066	0	0.443066	0.443066	0	0	0	0.443066	0.443066	0	0	0.443066	0.443066	0	0	0	0	0.443066	0.443066	0	0	0	0	0	0	0	0	0	0.443066	0.443066	0	0	0	0	0	0.443066	0.443066	0	0	0	0	0	0	0.443066	0.443066	0	0	0	0	0	0	0.443066	0.443066	0	0	0	0	0	0.443066	0.443066	0	0	0	0	0	0.443066	0.443066	0	0	0	0.443066	0.443066	0	0	0	0	0	0	0.443066	0.443066	0	0	0	0	0.443066	0.443066	0	0.443066	0.443066	0	0	0	0.443066	0.443066	0	0	0.443066	0.443066	0	0	0	0.443066	0.443066	0	0	0.443066	0.443066	0	0	0	0.443066	0.443066	0	0.443066	0.443066	0	0	0	0	0	0	0	0	0.443066	0.443066	0	0	0	0	0	0	0.443066	0.443066	0	0	0	0.443066	0.443066	0	0	0	0	0	0	0	0	0	0	0	0	0	0	0	0	0.443066	0.443066	0	0	0	0	0	0.443066	0.443066	0	0	0	0	0	0	0.443066	0.443066	0	0	0	0	0	0	0	0	0	0.443066	0.443066	0	0	0	0	0	0	0	0	0.443066	0.443066	0	0	0	0	0	0	0.443066	0.443066	0	0	0	0	0.443066	0.443066	0	0	0	0	0	0	0	0	0	0	0	0	0	0	0	0	0	0.443066	0.443066	0	0	0	0	0	0.443066	0.443066	0	0	0	0	0
0	0	0	0.443025	0.443025	0	0	0	0	0.443025	0.443025	0	0	0.443025	0.443025	0	0	0	0.443025	0.443025	0	0.443025	0.443025	0	0	0	0.443025	0.443025	0	0	0.443025	0.443025	0	0	0	0	0.443025	0.443025	0	0	0	0	0	0	0	0	0	0.443025	0.443025	0	0	0	0	0	0.443025	0.443025	0	0	0	0	0	0	0.443025	0.443025	0	0	0	0	0	0	0.443025	0.443025	0	0	0	0	0	0.443025	0.443025	0	0	0	0	0	0.443025	0.443025	0	0	0	0.443025	0.443025	0	0	0	0	0	0	0.443025	0.443025	0	0	0	0	0.443025	0.443025	0	0.443025	0.443025	0	0	0	0.443025	0.443025	0	0	0.443025	0.443025	0	0	0	0.443025	0.443025	0	0	0.443025	0.443025	0	0	0	0.443025	0.443025	0	0.443025	0.443025	0	0	0	0	0	0	0	0	0.443025	0.443025	0	0	0	0	0	0	0.443025	0.443025	0	0	0	0.443025	0.443025	0	0	0	0	0	0	0	0	0	0	0	0	0	0	0	0	0.443025	0.443025	0	0	0	0	0	0.443025	0.443025	0	0	0	0	0	0	0.443025	0.443025	0	0	0	0	0	0	0	0	0	0.443025	0.443025	0	0	0	0	0	0	0	0	0.443025	0.443025	0	0	0	0	0	0	0.443025	0.443025	0	0	0	0	0.443025	0.443025	0	0	0	0	0	0	0	0	0	0	0	0	0	0	0	0	0	0.443025	0.443025	0	0	0	0	0	0.443025	0.443025	0	0	0	0	0
0	0	0	0.442984	0.442984	0	0	0	0	0.442984	0.442984	0	0	0.442984	0.442984	0	0	0	0.442984	0.442984	0	0.442984	0.442984	0	0	0	0.442984	0.442984	0	0	0.442984	0.442984	0	0	0	0	0.442984	0.442984	0	0	0	0	0	0	0	0	0	0.442984	0.442984	0	0	0	0	0	0.442984	0.442984	0	0	0	0	0	0	0.442984	0.442984	0	0	0	0	0	0	0.442984	0.442984	0	0	0	0	0	0.442984	0.442984	0	0	0	0	0	0.442984	0.442984	0	0	0	0.442984	0.442984	0	0	0	0	0	0	0.442984	0.442984	0	0	0	0	0.442984	0.442984	0	0.442984	0.442984	0	0	0	0.442984	0.442984	0	0	0.442984	0.442984	0	0	0	0.442984	0.442984	0	0	0.442984	0.442984	0	0	0	0.442984	0.442984	0	0.442984	0.442984	0	0	0	0	0	0	0	0	0.442984	0.442984	0	0	0	0	0	0	0.442984	0.442984	0	0	0	0.442984	0.442984	0	0	0	0	0	0	0	0	0	0	0	0	0	0	0	0	0.442984	0.442984	0	0	0	0	0	0.442984	0.442984	0	0	0	0	0	0	0.442984	0.442984	0	0	0	0	0	0	0	0	0	0.442984	0.442984	0	0	0	0	0	0	0	0	0.442984	0.442984	0	0	0	0	0	0	0.442984	0.442984	0	0	0	0	0.442984	0.442984	0	0	0	0	0	0	0	0	0	0	0	0	0	0	0	0	0	0.442984	0.442984	0	0	0	0	0	0.442984	0.442984	0	0	0	0	0
0	0	0	0.442943	0.442943	0	0	0	0	0.442943	0.442943	0	0	0.442943	0.442943	0	0	0	0.442943	0.442943	0	0.442943	0.442943	0	0	0	0.442943	0.442943	0	0	0.442943	0.442943	0	0	0	0	0.442943	0.442943	0	0	0	0	0	0	0	0	0	0.442943	0.442943	0	0	0	0	0	0.442943	0.442943	0	0	0	0	0	0	0.442943	0.442943	0	0	0	0	0	0	0.442943	0.442943	0	0	0	0	0	0.442943	0.442943	0	0	0	0	0	0.442943	0.442943	0	0	0	0.442943	0.442943	0	0	0	0	0	0	0.442943	0.442943	0	0	0	0	0.442943	0.442943	0	0.442943	0.442943	0	0	0	0.442943	0.442943	0	0	0.442943	0.442943	0	0	0	0.442943	0.442943	0	0	0.442943	0.442943	0	0	0	0.442943	0.442943	0	0.442943	0.442943	0	0	0	0	0	0	0	0	0.442943	0.442943	0	0	0	0	0	0	0.442943	0.442943	0	0	0	0.442943	0.442943	0	0	0	0	0	0	0	0	0	0	0	0	0	0	0	0	0.442943	0.442943	0	0	0	0	0	0.442943	0.442943	0	0	0	0	0	0	0.442943	0.442943	0	0	0	0	0	0	0	0	0	0.442943	0.442943	0	0	0	0	0	0	0	0	0.442943	0.442943	0	0	0	0	0	0	0.442943	0.442943	0	0	0	0	0.442943	0.442943	0	0	0	0	0	0	0	0	0	0	0	0	0	0	0	0	0	0.442943	0.442943	0	0	0	0	0	0.442943	0.442943	0	0	0	0	0
0	0	0	0.442902	0.442902	0	0	0	0	0.442902	0.442902	0	0	0.442902	0.442902	0	0	0	0.442902	0.442902	0	0.442902	0.442902	0	0	0	0.442902	0.442902	0	0	0.442902	0.442902	0	0	0	0	0.442902	0.442902	0	0	0	0	0	0	0	0	0	0.442902	0.442902	0	0	0	0	0	0.442902	0.442902	0	0	0	0	0	0	0.442902	0.442902	0	0	0	0	0	0	0.442902	0.442902	0	0	0	0	0	0.442902	0.442902	0	0	0	0	0	0.442902	0.442902	0	0	0	0.442902	0.442902	0	0	0	0	0	0	0.442902	0.442902	0	0	0	0	0.442902	0.442902	0	0.442902	0.442902	0	0	0	0.442902	0.442902	0	0	0.442902	0.442902	0	0	0	0.442902	0.442902	0	0	0.442902	0.442902	0	0	0	0.442902	0.442902	0	0.442902	0.442902	0	0	0	0	0	0	0	0	0.442902	0.442902	0	0	0	0	0	0	0.442902	0.442902	0	0	0	0.442902	0.442902	0	0	0	0	0	0	0	0	0	0	0	0	0	0	0	0	0.442902	0.442902	0	0	0	0	0	0.442902	0.442902	0	0	0	0	0	0	0.442902	0.442902	0	0	0	0	0	0	0	0	0	0.442902	0.442902	0	0	0	0	0	0	0	0	0.442902	0.442902	0	0	0	0	0	0	0.442902	0.442902	0	0	0	0	0.442902	0.442902	0	0	0	0	0	0	0	0	0	0	0	0	0	0	0	0	0	0.442902	0.442902	0	0	0	0	0	0.442902	0.442902	0	0	0	0	0
0	0	0	0.442854	0.442854	0	0	0	0	0.442854	0.442854	0	0	0.442854	0.442854	0	0	0	0.442854	0.442854	0	0.442854	0.442854	0	0	0	0.442854	0.442854	0	0	0.442854	0.442854	0	0	0	0	0.442854	0.442854	0	0	0	0	0	0	0	0	0	0.442854	0.442854	0	0	0	0	0	0.442854	0.442854	0	0	0	0	0	0	0.442854	0.442854	0	0	0	0	0	0	0.442854	0.442854	0	0	0	0	0	0.442854	0.442854	0	0	0	0	0	0.442854	0.442854	0	0	0	0.442854	0.442854	0	0	0	0	0	0	0.442854	0.442854	0	0	0	0	0.442854	0.442854	0	0.442854	0.442854	0	0	0	0.442854	0.442854	0	0	0.442854	0.442854	0	0	0	0.442854	0.442854	0	0	0.442854	0.442854	0	0	0	0.442854	0.442854	0	0.442854	0.442854	0	0	0	0	0	0	0	0	0.442854	0.442854	0	0	0	0	0	0	0.442854	0.442854	0	0	0	0.442854	0.442854	0	0	0	0	0	0	0	0	0	0	0	0	0	0	0	0	0.442854	0.442854	0	0	0	0	0	0.442854	0.442854	0	0	0	0	0	0	0.442854	0.442854	0	0	0	0	0	0	0	0	0	0.442854	0.442854	0	0	0	0	0	0	0	0	0.442854	0.442854	0	0	0	0	0	0	0.442854	0.442854	0	0	0	0	0.442854	0.442854	0	0	0	0	0	0	0	0	0	0	0	0	0	0	0	0	0	0.442854	0.442854	0	0	0	0	0	0.442854	0.442854	0	0	0	0	0
0	0	0	0.442813	0.442813	0	0	0	0	0.442813	0.442813	0	0	0.442813	0.442813	0	0	0	0.442813	0.442813	0	0.442813	0.442813	0	0	0	0.442813	0.442813	0	0	0.442813	0.442813	0	0	0	0	0.442813	0.442813	0	0	0	0	0	0	0	0	0	0.442813	0.442813	0	0	0	0	0	0.442813	0.442813	0	0	0	0	0	0	0.442813	0.442813	0	0	0	0	0	0	0.442813	0.442813	0	0	0	0	0	0.442813	0.442813	0	0	0	0	0	0.442813	0.442813	0	0	0	0.442813	0.442813	0	0	0	0	0	0	0.442813	0.442813	0	0	0	0	0.442813	0.442813	0	0.442813	0.442813	0	0	0	0.442813	0.442813	0	0	0.442813	0.442813	0	0	0	0.442813	0.442813	0	0	0.442813	0.442813	0	0	0	0.442813	0.442813	0	0.442813	0.442813	0	0	0	0	0	0	0	0	0.442813	0.442813	0	0	0	0	0	0	0.442813	0.442813	0	0	0	0.442813	0.442813	0	0	0	0	0	0	0	0	0	0	0	0	0	0	0	0	0.442813	0.442813	0	0	0	0	0	0.442813	0.442813	0	0	0	0	0	0	0.442813	0.442813	0	0	0	0	0	0	0	0	0	0.442813	0.442813	0	0	0	0	0	0	0	0	0.442813	0.442813	0	0	0	0	0	0	0.442813	0.442813	0	0	0	0	0.442813	0.442813	0	0	0	0	0	0	0	0	0	0	0	0	0	0	0	0	0	0.442813	0.442813	0	0	0	0	0	0.442813	0.442813	0	0	0	0	0
0	0	0	0.442772	0.442772	0	0	0	0	0.442772	0.442772	0	0	0.442772	0.442772	0	0	0	0.442772	0.442772	0	0.442772	0.442772	0	0	0	0.442772	0.442772	0	0	0.442772	0.442772	0	0	0	0	0.442772	0.442772	0	0	0	0	0	0	0	0	0	0.442772	0.442772	0	0	0	0	0	0.442772	0.442772	0	0	0	0	0	0	0.442772	0.442772	0	0	0	0	0	0	0.442772	0.442772	0	0	0	0	0	0.442772	0.442772	0	0	0	0	0	0.442772	0.442772	0	0	0	0.442772	0.442772	0	0	0	0	0	0	0.442772	0.442772	0	0	0	0	0.442772	0.442772	0	0.442772	0.442772	0	0	0	0.442772	0.442772	0	0	0.442772	0.442772	0	0	0	0.442772	0.442772	0	0	0.442772	0.442772	0	0	0	0.442772	0.442772	0	0.442772	0.442772	0	0	0	0	0	0	0	0	0.442772	0.442772	0	0	0	0	0	0	0.442772	0.442772	0	0	0	0.442772	0.442772	0	0	0	0	0	0	0	0	0	0	0	0	0	0	0	0	0.442772	0.442772	0	0	0	0	0	0.442772	0.442772	0	0	0	0	0	0	0.442772	0.442772	0	0	0	0	0	0	0	0	0	0.442772	0.442772	0	0	0	0	0	0	0	0	0.442772	0.442772	0	0	0	0	0	0	0.442772	0.442772	0	0	0	0	0.442772	0.442772	0	0	0	0	0	0	0	0	0	0	0	0	0	0	0	0	0	0.442772	0.442772	0	0	0	0	0	0.442772	0.442772	0	0	0	0	0
0	0	0	0.44273	0.44273	0	0	0	0	0.44273	0.44273	0	0	0.44273	0.44273	0	0	0	0.44273	0.44273	0	0.44273	0.44273	0	0	0	0.44273	0.44273	0	0	0.44273	0.44273	0	0	0	0	0.44273	0.44273	0	0	0	0	0	0	0	0	0	0.44273	0.44273	0	0	0	0	0	0.44273	0.44273	0	0	0	0	0	0	0.44273	0.44273	0	0	0	0	0	0	0.44273	0.44273	0	0	0	0	0	0.44273	0.44273	0	0	0	0	0	0.44273	0.44273	0	0	0	0.44273	0.44273	0	0	0	0	0	0	0.44273	0.44273	0	0	0	0	0.44273	0.44273	0	0.44273	0.44273	0	0	0	0.44273	0.44273	0	0	0.44273	0.44273	0	0	0	0.44273	0.44273	0	0	0.44273	0.44273	0	0	0	0.44273	0.44273	0	0.44273	0.44273	0	0	0	0	0	0	0	0	0.44273	0.44273	0	0	0	0	0	0	0.44273	0.44273	0	0	0	0.44273	0.44273	0	0	0	0	0	0	0	0	0	0	0	0	0	0	0	0	0.44273	0.44273	0	0	0	0	0	0.44273	0.44273	0	0	0	0	0	0	0.44273	0.44273	0	0	0	0	0	0	0	0	0	0.44273	0.44273	0	0	0	0	0	0	0	0	0.44273	0.44273	0	0	0	0	0	0	0.44273	0.44273	0	0	0	0	0.44273	0.44273	0	0	0	0	0	0	0	0	0	0	0	0	0	0	0	0	0	0.44273	0.44273	0	0	0	0	0	0.44273	0.44273	0	0	0	0	0
0	0.156523	0.350004	0.46956	0.494947	0.350004	0.442724	0.442724	0.442724	0.626069	0.626069	0.442724	0.442724	0.626069	0.626069	0.442724	0.442724	0.564355	0.95202	0.989866	0.885394	0.989866	0.989866	0.885394	1.00218	1.22235	1.26177	1.19191	1.22235	1.32796	1.39975	1.39975	1.32796	1.44283	1.66346	1.77037	1.69263	1.47636	1.44283	1.66346	1.77037	1.77037	1.77037	1.88419	2.10494	2.21256	2.21256	2.12805	2.04003	2.10494	2.21256	2.21256	2.21256	2.21256	2.25633	2.25633	2.21256	2.21256	2.21256	2.21256	2.21256	2.21256	2.12805	1.90997	1.77037	1.77037	1.77037	1.77037	1.77037	1.77037	1.69263	1.47636	1.32796	1.32796	1.32796	1.44283	1.66346	1.69263	1.47636	1.32796	1.32796	1.32796	1.32796	1.32796	1.26177	1.04991	0.885394	0.885394	0.885394	0.842867	0.645347	0.442724	0.442724	0.442724	0.442724	0.442724	0.442724	0.46956	0.349982	0	0.156523	0.350004	0.442724	0.46956	0.349982	0	0.349982	0.46956	0.442724	0.350004	0.156523	0.349982	0.46956	0.442724	0.442724	0.645347	0.798077	0.564355	0.442724	0.442724	0.645347	0.842867	0.885394	0.885394	1.04991	1.26177	1.22235	1.00218	0.885394	1.04991	1.26177	1.32796	1.47636	1.69263	1.77037	1.77037	1.77037	1.77037	1.77037	1.77037	1.77037	1.77037	1.90997	2.12805	2.21256	2.21256	2.21256	2.21256	2.10494	1.88419	1.90997	2.12805	2.21256	2.21256	2.21256	2.34663	2.56556	2.65449	2.65449	2.65449	2.65449	2.65449	2.65449	2.65449	2.65449	2.54644	2.3257	2.21256	2.21256	2.21256	2.21256	2.21256	2.21256	2.25633	2.25633	2.21256	2.21256	2.21256	2.21256	2.21256	2.25633	2.25633	2.21256	2.21256	2.21256	2.10494	1.88419	1.77037	1.90997	2.04003	1.88419	1.77037	1.77037	1.77037	1.77037	1.77037	1.77037	1.66346	1.44283	1.47636	1.69263	1.77037	1.77037	1.77037	1.77037	1.66346	1.44283	1.32796	1.32796	1.47636	1.69263	1.77037	1.66346	1.44283	1.32796	1.32796	1.32796	1.47636	1.69263	1.77037	1.66346	1.44283	1.32796	1.26177	1.04991	0.885394	0.885394	0.885394	0.885394	0.782598	0.564355	0.442724	0.442724	0.442724	0.442724	0.442724	0.442724	0.442724	0.350004	0.156523	0	0	0.349982	0.46956	0.442724	0.442724	0.442724	0.442724	0.442724	0.626069	0.626069	0.442724	0.442724	0.442724	0.442724	0.442724
0	0.34995	0.469517	0.349971	0.494901	0.469517	0.442683	0.442683	0.442683	0.626011	0.626011	0.442683	0.442683	0.626011	0.626011	0.442683	0.442683	0.645288	1.09543	0.989774	0.885312	0.989774	0.989774	0.885312	1.04981	1.26165	1.22224	1.1918	1.26165	1.32784	1.39962	1.39962	1.32784	1.47623	1.69247	1.7702	1.66331	1.44269	1.47623	1.69247	1.7702	1.7702	1.7702	1.9098	2.12785	2.21236	2.21236	2.10475	2.03984	2.12785	2.21236	2.21236	2.21236	2.21236	2.25612	2.25612	2.21236	2.21236	2.21236	2.21236	2.21236	2.21236	2.10475	1.88401	1.7702	1.7702	1.7702	1.7702	1.7702	1.7702	1.66331	1.44269	1.32784	1.32784	1.32784	1.47623	1.69247	1.66331	1.44269	1.32784	1.32784	1.32784	1.32784	1.32784	1.22224	1.00208	0.885312	0.885312	0.885312	0.782525	0.564303	0.442683	0.442683	0.442683	0.442683	0.442683	0.442683	0.349971	0.156509	0	0.34995	0.469517	0.442683	0.349971	0.156509	0	0.156509	0.349971	0.442683	0.469517	0.34995	0.156509	0.349971	0.442683	0.442683	0.564303	0.798003	0.645288	0.442683	0.442683	0.564303	0.782525	0.885312	0.885312	1.00208	1.22224	1.26165	1.04981	0.885312	1.00208	1.22224	1.32784	1.44269	1.66331	1.7702	1.7702	1.7702	1.7702	1.7702	1.7702	1.7702	1.7702	1.88401	2.10475	2.21236	2.21236	2.21236	2.21236	2.12785	1.9098	1.88401	2.10475	2.21236	2.21236	2.21236	2.32549	2.5462	2.65425	2.65425	2.65425	2.65425	2.65425	2.65425	2.65425	2.65425	2.56532	2.34641	2.21236	2.21236	2.21236	2.21236	2.21236	2.21236	2.25612	2.25612	2.21236	2.21236	2.21236	2.21236	2.21236	2.25612	2.25612	2.21236	2.21236	2.21236	2.12785	1.9098	1.7702	1.88401	2.03984	1.9098	1.7702	1.7702	1.7702	1.7702	1.7702	1.7702	1.69247	1.47623	1.44269	1.66331	1.7702	1.7702	1.7702	1.7702	1.69247	1.47623	1.32784	1.32784	1.44269	1.66331	1.7702	1.69247	1.47623	1.32784	1.32784	1.32784	1.44269	1.66331	1.7702	1.69247	1.47623	1.32784	1.22224	1.00208	0.885312	0.885312	0.885312	0.885312	0.842788	0.645288	0.442683	0.442683	0.442683	0.442683	0.442683	0.442683	0.442683	0.469517	0.34995	0	0	0.156509	0.349971	0.442683	0.442683	0.442683	0.442683	0.442683	0.626011	0.626011	0.442683	0.442683	0.442683	0.442683	0.442683
0	0.442601	0.442601	0	0.442601	0.442601	0	0	0	0.442601	0.442601	0	0	0.442601	0.442601	0	0	0.442601	0.885148	0.442601	0	0.442601	0.442601	0	0.442601	0.442601	0	0.442601	0.442601	0	0.442601	0.442601	0	0.442601	0.442601	0	0	0	0.442601	0.442601	0	0	0	0.442601	0.442601	0	0	0	0.442601	0.442601	0	0	0	0	0.442601	0.442601	0	0	0	0	0	0	0	0	0	0	0	0	0	0	0	0	0	0	0	0.442601	0.442601	0	0	0	0	0	0	0	0	0	0	0	0	0	0	0	0	0	0	0	0	0	0	0	0.442601	0.442601	0	0	0	0	0	0	0	0.442601	0.442601	0	0	0	0	0	0.442601	0.442601	0	0	0	0	0	0	0	0	0.442601	0.442601	0	0	0	0	0	0	0	0	0	0	0	0	0	0	0	0	0	0	0	0	0.442601	0.442601	0	0	0	0	0	0	0	0	0	0	0	0	0	0	0	0.442601	0.442601	0	0	0	0	0	0	0.442601	0.442601	0	0	0	0	0	0.442601	0.442601	0	0	0	0.442601	0.442601	0	0	0.442601	0.442601	0	0	0	0	0	0	0.442601	0.442601	0	0	0	0	0	0	0.442601	0.442601	0	0	0	0	0	0.442601	0.442601	0	0	0	0	0	0	0.442601	0.442601	0	0	0	0	0	0	0	0.442601	0.442601	0	0	0	0	0	0	0	0.442601	0.442601	0	0	0	0	0	0	0	0	0	0.442601	0.442601	0	0	0	0	0
0	0.44256	0.44256	0	0.44256	0.44256	0	0	0	0.44256	0.44256	0	0	0.44256	0.44256	0	0	0.44256	0.885066	0.44256	0	0.44256	0.44256	0	0.44256	0.44256	0	0.44256	0.44256	0	0.44256	0.44256	0	0.44256	0.44256	0	0	0	0.44256	0.44256	0	0	0	0.44256	0.44256	0	0	0	0.44256	0.44256	0	0	0	0	0.44256	0.44256	0	0	0	0	0	0	0	0	0	0	0	0	0	0	0	0	0	0	0	0.44256	0.44256	0	0	0	0	0	0	0	0	0	0	0	0	0	0	0	0	0	0	0	0	0	0	0	0.44256	0.44256	0	0	0	0	0	0	0	0.44256	0.44256	0	0	0	0	0	0.44256	0.44256	0	0	0	0	0	0	0	0	0.44256	0.44256	0	0	0	0	0	0	0	0	0	0	0	0	0	0	0	0	0	0	0	0	0.44256	0.44256	0	0	0	0	0	0	0	0	0	0	0	0	0	0	0	0.44256	0.44256	0	0	0	0	0	0	0.44256	0.44256	0	0	0	0	0	0.44256	0.44256	0	0	0	0.44256	0.44256	0	0	0.44256	0.44256	0	0	0	0	0	0	0.44256	0.44256	0	0	0	0	0	0	0.44256	0.44256	0	0	0	0	0	0.44256	0.44256	0	0	0	0	0	0	0.44256	0.44256	0	0	0	0	0	0	0	0.44256	0.44256	0	0	0	0	0	0	0	0.44256	0.44256	0	0	0	0	0	0	0	0	0	0.44256	0.44256	0	0	0	0	0
0	0.442518	0.442518	0	0.442518	0.442518	0	0	0	0.442518	0.442518	0	0	0.442518	0.442518	0	0	0.442518	0.884984	0.442518	0	0.442518	0.442518	0	0.442518	0.442518	0	0.442518	0.442518	0	0.442518	0.442518	0	0.442518	0.442518	0	0	0	0.442518	0.442518	0	0	0	0.442518	0.442518	0	0	0	0.442518	0.442518	0	0	0	0	0.442518	0.442518	0	0	0	0	0	0	0	0	0	0	0	0	0	0	0	0	0	0	0	0.442518	0.442518	0	0	0	0	0	0	0	0	0	0	0	0	0	0	0	0	0	0	0	0	0	0	0	0.442518	0.442518	0	0	0	0	0	0	0	0.442518	0.442518	0	0	0	0	0	0.442518	0.442518	0	0	0	0	0	0	0	0	0.442518	0.442518	0	0	0	0	0	0	0	0	0	0	0	0	0	0	0	0	0	0	0	0	0.442518	0.442518	0	0	0	0	0	0	0	0	0	0	0	0	0	0	0	0.442518	0.442518	0	0	0	0	0	0	0.442518	0.442518	0	0	0	0	0	0.442518	0.442518	0	0	0	0.442518	0.442518	0	0	0.442518	0.442518	0	0	0	0	0	0	0.442518	0.442518	0	0	0	0	0	0	0.442518	0.442518	0	0	0	0	0	0.442518	0.442518	0	0	0	0	0	0	0.442518	0.442518	0	0	0	0	0	0	0	0.442518	0.442518	0	0	0	0	0	0	0	0.442518	0.442518	0	0	0	0	0	0	0	0	0	0.442518	0.442518	0	0	0	0	0
0	0.442477	0.442477	0	0.442477	0.442477	0	0	0	0.442477	0.442477	0	0	0.442477	0.442477	0	0	0.442477	0.884902	0.442477	0	0.442477	0.442477	0	0.442477	0.442477	0	0.442477	0.442477	0	0.442477	0.442477	0	0.442477	0.442477	0	0	0	0.442477	0.442477	0	0	0	0.442477	0.442477	0	0	0	0.442477	0.442477	0	0	0	0	0.442477	0.442477	0	0	0	0	0	0	0	0	0	0	0	0	0	0	0	0	0	0	0	0.442477	0.442477	0	0	0	0	0	0	0	0	0	0	0	0	0	0	0	0	0	0	0	0	0	0	0	0.442477	0.442477	0	0	0	0	0	0	0	0.442477	0.442477	0	0	0	0	0	0.442477	0.442477	0	0	0	0	0	0	0	0	0.442477	0.442477	0	0	0	0	0	0	0	0	0	0	0	0	0	0	0	0	0	0	0	0	0.442477	0.442477	0	0	0	0	0	0	0	0	0	0	0	0	0	0	0	0.442477	0.442477	0	0	0	0	0	0	0.442477	0.442477	0	0	0	0	0	0.442477	0.442477	0	0	0	0.442477	0.442477	0	0	0.442477	0.442477	0	0	0	0	0	0	0.442477	0.442477	0	0	0	0	0	0	0.442477	0.442477	0	0	0	0	0	0.442477	0.442477	0	0	0	0	0	0	0.442477	0.442477	0	0	0	0	0	0	0	0.442477	0.442477	0	0	0	0	0	0	0	0.442477	0.442477	0	0	0	0	0	0	0	0	0	0.442477	0.442477	0	0	0	0	0
0	0.442436	0.442436	0	0.442436	0.442436	0	0	0	0.442436	0.442436	0	0	0.442436	0.442436	0	0	0.442436	0.88482	0.442436	0	0.442436	0.442436	0	0.442436	0.442436	0	0.442436	0.442436	0	0.442436	0.442436	0	0.442436	0.442436	0	0	0	0.442436	0.442436	0	0	0	0.442436	0.442436	0	0	0	0.442436	0.442436	0	0	0	0	0.442436	0.442436	0	0	0	0	0	0	0	0	0	0	0	0	0	0	0	0	0	0	0	0.442436	0.442436	0	0	0	0	0	0	0	0	0	0	0	0	0	0	0	0	0	0	0	0	0	0	0	0.442436	0.442436	0	0	0	0	0	0	0	0.442436	0.442436	0	0	0	0	0	0.442436	0.442436	0	0	0	0	0	0	0	0	0.442436	0.442436	0	0	0	0	0	0	0	0	0	0	0	0	0	0	0	0	0	0	0	0	0.442436	0.442436	0	0	0	0	0	0	0	0	0	0	0	0	0	0	0	0.442436	0.442436	0	0	0	0	0	0	0.442436	0.442436	0	0	0	0	0	0.442436	0.442436	0	0	0	0.442436	0.442436	0	0	0.442436	0.442436	0	0	0	0	0	0	0.442436	0.442436	0	0	0	0	0	0	0.442436	0.442436	0	0	0	0	0	0.442436	0.442436	0	0	0	0	0	0	0.442436	0.442436	0	0	0	0	0	0	0	0.442436	0.442436	0	0	0	0	0	0	0	0.442436	0.442436	0	0	0	0	0	0	0	0	0	0.442436	0.442436	0	0	0	0	0
0	0.442395	0.442395	0	0.442395	0.442395	0	0	0	0.442395	0.442395	0	0	0.442395	0.442395	0	0	0.442395	0.884738	0.442395	0	0.442395	0.442395	0	0.442395	0.442395	0	0.442395	0.442395	0	0.442395	0.442395	0	0.442395	0.442395	0	0	0	0.442395	0.442395	0	0	0	0.442395	0.442395	0	0	0	0.442395	0.442395	0	0	0	0	0.442395	0.442395	0	0	0	0	0	0	0	0	0	0	0	0	0	0	0	0	0	0	0	0.442395	0.442395	0	0	0	0	0	0	0	0	0	0	0	0	0	0	0	0	0	0	0	0	0	0	0	0.442395	0.442395	0	0	0	0	0	0	0	0.442395	0.442395	0	0	0	0	0	0.442395	0.442395	0	0	0	0	0	0	0	0	0.442395	0.442395	0	0	0	0	0	0	0	0	0	0	0	0	0	0	0	0	0	0	0	0	0.442395	0.442395	0	0	0	0	0	0	0	0	0	0	0	0	0	0	0	0.442395	0.442395	0	0	0	0	0	0	0.442395	0.442395	0	0	0	0	0	0.442395	0.442395	0	0	0	0.442395	0.442395	0	0	0.442395	0.442395	0	0	0	0	0	0	0.442395	0.442395	0	0	0	0	0	0	0.442395	0.442395	0	0	0	0	0	0.442395	0.442395	0	0	0	0	0	0	0.442395	0.442395	0	0	0	0	0	0	0	0.442395	0.442395	0	0	0	0	0	0	0	0.442395	0.442395	0	0	0	0	0	0	0	0	0	0.442395	0.442395	0	0	0	0	0
0	0.442348	0.442348	0	0.442348	0.442348	0	0	0	0.442348	0.442348	0	0	0.442348	0.442348	0	0	0.442348	0.884643	0.442348	0	0.442348	0.442348	0	0.442348	0.442348	0	0.442348	0.442348	0	0.442348	0.442348	0	0.442348	0.442348	0	0	0	0.442348	0.442348	0	0	0	0.442348	0.442348	0	0	0	0.442348	0.442348	0	0	0	0	0.442348	0.442348	0	0	0	0	0	0	0	0	0	0	0	0	0	0	0	0	0	0	0	0.442348	0.442348	0	0	0	0	0	0	0	0	0	0	0	0	0	0	0	0	0	0	0	0	0	0	0	0.442348	0.442348	0	0	0	0	0	0	0	0.442348	0.442348	0	0	0	0	0	0.442348	0.442348	0	0	0	0	0	0	0	0	0.442348	0.442348	0	0	0	0	0	0	0	0	0	0	0	0	0	0	0	0	0	0	0	0	0.442348	0.442348	0	0	0	0	0	0	0	0	0	0	0	0	0	0	0	0.442348	0.442348	0	0	0	0	0	0	0.442348	0.442348	0	0	0	0	0	0.442348	0.442348	0	0	0	0.442348	0.442348	0	0	0.442348	0.442348	0	0	0	0	0	0	0.442348	0.442348	0	0	0	0	0	0	0.442348	0.442348	0	0	0	0	0	0.442348	0.442348	0	0	0	0	0	0	0.442348	0.442348	0	0	0	0	0	0	0	0.442348	0.442348	0	0	0	0	0	0	0	0.442348	0.442348	0	0	0	0	0	0	0	0	0	0.442348	0.442348	0	0	0	0	0
0	0.442307	0.442307	0	0.442307	0.442307	0	0	0	0.442307	0.442307	0	0	0.442307	0.442307	0	0	0.442307	0.884561	0.442307	0	0.442307	0.442307	0	0.442307	0.442307	0	0.442307	0.442307	0	0.442307	0.442307	0	0.442307	0.442307	0	0	0	0.442307	0.442307	0	0	0	0.442307	0.442307	0	0	0	0.442307	0.442307	0	0	0	0	0.442307	0.442307	0	0	0	0	0	0	0	0	0	0	0	0	0	0	0	0	0	0	0	0.442307	0.442307	0	0	0	0	0	0	0	0	0	0	0	0	0	0	0	0	0	0	0	0	0	0	0	0.442307	0.442307	0	0	0	0	0	0	0	0.442307	0.442307	0	0	0	0	0	0.442307	0.442307	0	0	0	0	0	0	0	0	0.442307	0.442307	0	0	0	0	0	0	0	0	0	0	0	0	0	0	0	0	0	0	0	0	0.442307	0.442307	0	0	0	0	0	0	0	0	0	0	0	0	0	0	0	0.442307	0.442307	0	0	0	0	0	0	0.442307	0.442307	0	0	0	0	0	0.442307	0.442307	0	0	0	0.442307	0.442307	0	0	0.442307	0.442307	0	0	0	0	0	0	0.442307	0.442307	0	0	0	0	0	0	0.442307	0.442307	0	0	0	0	0	0.442307	0.442307	0	0	0	0	0	0	0.442307	0.442307	0	0	0	0	0	0	0	0.442307	0.442307	0	0	0	0	0	0	0	0.442307	0.442307	0	0	0	0	0	0	0	0	0	0.442307	0.442307	0	0	0	0	0
0	0.442266	0.442266	0	0.442266	0.442266	0	0	0	0.442266	0.442266	0	0	0.442266	0.442266	0	0	0.442266	0.884479	0.442266	0	0.442266	0.442266	0	0.442266	0.442266	0	0.442266	0.442266	0	0.442266	0.442266	0	0.442266	0.442266	0	0	0	0.442266	0.442266	0	0	0	0.442266	0.442266	0	0	0	0.442266	0.442266	0	0	0	0	0.442266	0.442266	0	0	0	0	0	0	0	0	0	0	0	0	0	0	0	0	0	0	0	0.442266	0.442266	0	0	0	0	0	0	0	0	0	0	0	0	0	0	0	0	0	0	0	0	0	0	0	0.442266	0.442266	0	0	0	0	0	0	0	0.442266	0.442266	0	0	0	0	0	0.442266	0.442266	0	0	0	0	0	0	0	0	0.442266	0.442266	0	0	0	0	0	0	0	0	0	0	0	0	0	0	0	0	0	0	0	0	0.442266	0.442266	0	0	0	0	0	0	0	0	0	0	0	0	0	0	0	0.442266	0.442266	0	0	0	0	0	0	0.442266	0.442266	0	0	0	0	0	0.442266	0.442266	0	0	0	0.442266	0.442266	0	0	0.442266	0.442266	0	0	0	0	0	0	0.442266	0.442266	0	0	0	0	0	0	0.442266	0.442266	0	0	0	0	0	0.442266	0.442266	0	0	0	0	0	0	0.442266	0.442266	0	0	0	0	0	0	0	0.442266	0.442266	0	0	0	0	0	0	0	0.442266	0.442266	0	0	0	0	0	0	0	0	0	0.442266	0.442266	0	0	0	0	0
0	0.442225	0.442225	0	0.442225	0.442225	0	0	0	0.442225	0.442225	0	0	0.442225	0.442225	0	0	0.442225	0.884397	0.442225	0	0.442225	0.442225	0	0.442225	0.442225	0	0.442225	0.442225	0	0.442225	0.442225	0	0.442225	0.442225	0	0	0	0.442225	0.442225	0	0	0	0.442225	0.442225	0	0	0	0.442225	0.442225	0	0	0	0	0.442225	0.442225	0	0	0	0	0	0	0	0	0	0	0	0	0	0	0	0	0	0	0	0.442225	0.442225	0	0	0	0	0	0	0	0	0	0	0	0	0	0	0	0	0	0	0	0	0	0	0	0.442225	0.442225	0	0	0	0	0	0	0	0.442225	0.442225	0	0	0	0	0	0.442225	0.442225	0	0	0	0	0	0	0	0	0.442225	0.442225	0	0	0	0	0	0	0	0	0	0	0	0	0	0	0	0	0	0	0	0	0.442225	0.442225	0	0	0	0	0	0	0	0	0	0	0	0	0	0	0	0.442225	0.442225	0	0	0	0	0	0	0.442225	0.442225	0	0	0	0	0	0.442225	0.442225	0	0	0	0.442225	0.442225	0	0	0.442225	0.442225	0	0	0	0	0	0	0.442225	0.442225	0	0	0	0	0	0	0.442225	0.442225	0	0	0	0	0	0.442225	0.442225	0	0	0	0	0	0	0.442225	0.442225	0	0	0	0	0	0	0	0.442225	0.442225	0	0	0	0	0	0	0	0.442225	0.442225	0	0	0	0	0	0	0	0	0	0.442225	0.442225	0	0	0	0	0
0.221095	0.494382	0.349582	0.156344	0.644587	0.625354	0.563711	0.781704	1.00103	1.3356	1.39816	1.32644	1.44118	1.7475	1.82272	1.76835	1.76835	1.82272	1.82939	1.47468	1.44118	1.6093	1.6093	1.66156	1.6907	1.47468	1.44118	1.6093	1.47468	1.44118	1.6093	1.6093	1.66156	1.6907	1.47468	1.44118	1.66156	1.76835	1.82272	1.82272	1.76835	1.88203	2.10254	2.12562	1.90779	1.88203	2.10254	2.21004	2.12562	1.90779	1.76835	1.76835	1.76835	1.76835	1.6907	1.47468	1.44118	1.66156	1.76835	1.76835	1.76835	1.76835	1.76835	1.76835	1.76835	1.66156	1.44118	1.32644	1.32644	1.32644	1.32644	1.32644	1.32644	1.32644	1.32644	1.26033	1.04871	0.884383	0.884383	0.884383	0.781704	0.563711	0.442218	0.442218	0.442218	0.442218	0.442218	0.442218	0.442218	0.442218	0.442218	0.442218	0.442218	0.442218	0.442218	0.442218	0.442218	0.442218	0.442218	0.442218	0.469024	0.349582	0.156344	0.349604	0.442218	0.442218	0.442218	0.442218	0.442218	0.64461	0.841904	0.884383	1.00103	1.22095	1.32644	1.32644	1.47468	1.6907	1.76835	1.76835	1.76835	1.76835	1.76835	1.76835	1.76835	1.76835	1.90779	2.12562	2.21004	2.21004	2.21004	2.21004	2.21004	2.21004	2.21004	2.21004	2.21004	2.21004	2.21004	2.21004	2.21004	2.21004	2.21004	2.21004	2.21004	2.21004	2.21004	2.21004	2.34395	2.56263	2.65147	2.65147	2.65147	2.65147	2.65147	2.54353	2.32305	2.21004	2.21004	2.21004	2.21004	2.21004	2.21004	2.21004	2.21004	2.34395	2.56263	2.65147	2.65147	2.54353	2.32305	2.21004	2.21004	2.34395	2.47058	2.32305	2.21004	2.21004	2.10254	1.88203	1.90779	2.12562	2.21004	2.21004	2.21004	2.25375	2.25375	2.21004	2.21004	2.25375	2.25375	2.21004	2.10254	1.88203	1.76835	1.76835	1.66156	1.6093	1.6907	1.76835	1.66156	1.44118	1.32644	1.32644	1.32644	1.47468	1.6093	1.44118	1.32644	1.32644	1.32644	1.32644	1.39816	1.39816	1.32644	1.32644	1.32644	1.32644	1.22095	1.00103	1.04871	1.26033	1.32644	1.32644	1.32644	1.32644	1.22095	1.00103	0.884383	1.04871	1.26033	1.32644	1.22095	1.00103	0.884383	0.884383	0.884383	0.884383	1.04871	1.26033	1.32644	1.32644	1.32644	1.32644	1.32644	1.32644	1.32644	1.32644	1.32644	1.47468	1.6093	1.44118	1.32644	1.32644	1.32644	1.32644
0.663198	0.494334	0.156329	0.349549	0.841779	0.625291	0.644543	0.841815	1.0486	1.441	1.39801	1.3263	1.47452	1.8292	1.82253	1.76815	1.76815	1.82253	1.74731	1.44102	1.47452	1.60912	1.60912	1.69051	1.66139	1.44102	1.47452	1.60912	1.44102	1.47452	1.60912	1.60912	1.69051	1.66139	1.44102	1.47452	1.69051	1.76815	1.82253	1.82253	1.76815	1.90759	2.12539	2.10231	1.88183	1.90759	2.12539	2.2098	2.10231	1.88183	1.76815	1.76815	1.76815	1.76815	1.66139	1.44102	1.47452	1.69051	1.76815	1.76815	1.76815	1.76815	1.76815	1.76815	1.76815	1.69051	1.47452	1.3263	1.3263	1.3263	1.3263	1.3263	1.3263	1.3263	1.3263	1.22082	1.00092	0.884288	0.884288	0.884288	0.841815	0.644543	0.44217	0.44217	0.44217	0.44217	0.44217	0.44217	0.44217	0.44217	0.44217	0.44217	0.44217	0.44217	0.44217	0.44217	0.44217	0.44217	0.44217	0.44217	0.349567	0.156329	0.349549	0.468977	0.44217	0.44217	0.44217	0.44217	0.44217	0.56365	0.78162	0.884288	1.0486	1.2602	1.3263	1.3263	1.44102	1.66139	1.76815	1.76815	1.76815	1.76815	1.76815	1.76815	1.76815	1.76815	1.88183	2.10231	2.2098	2.2098	2.2098	2.2098	2.2098	2.2098	2.2098	2.2098	2.2098	2.2098	2.2098	2.2098	2.2098	2.2098	2.2098	2.2098	2.2098	2.2098	2.2098	2.2098	2.3228	2.54326	2.65118	2.65118	2.65118	2.65118	2.65118	2.56235	2.3437	2.2098	2.2098	2.2098	2.2098	2.2098	2.2098	2.2098	2.2098	2.3228	2.54326	2.65118	2.65118	2.56235	2.3437	2.2098	2.2098	2.3228	2.47032	2.3437	2.2098	2.2098	2.12539	1.90759	1.88183	2.10231	2.2098	2.2098	2.2098	2.25351	2.25351	2.2098	2.2098	2.25351	2.25351	2.2098	2.12539	1.90759	1.76815	1.76815	1.69051	1.60912	1.66139	1.76815	1.69051	1.47452	1.3263	1.3263	1.3263	1.44102	1.60912	1.47452	1.3263	1.3263	1.3263	1.3263	1.39801	1.39801	1.3263	1.3263	1.3263	1.3263	1.2602	1.0486	1.00092	1.22082	1.3263	1.3263	1.3263	1.3263	1.2602	1.0486	0.884288	1.00092	1.22082	1.3263	1.2602	1.0486	0.884288	0.884288	0.884288	0.884288	1.00092	1.22082	1.3263	1.3263	1.3263	1.3263	1.3263	1.3263	1.3263	1.3263	1.3263	1.44102	1.60912	1.47452	1.3263	1.3263	1.3263	1.3263
0.884138	0.442095	0	0.442095	0.884138	0.442095	0.442095	0.442095	0.442095	0.884138	0.442095	0	0.442095	0.884138	0.442095	0	0	0.442095	0.442095	0	0.442095	0.442095	0.442095	0.442095	0	0	0.442095	0.442095	0	0.442095	0.442095	0.442095	0.442095	0	0	0.442095	0.442095	0	0.442095	0.442095	0	0.442095	0.442095	0	0	0.442095	0.442095	0	0	0	0	0	0	0	0	0	0.442095	0.442095	0	0	0	0	0	0	0	0.442095	0.442095	0	0	0	0	0	0	0	0	0	0	0	0	0	0.442095	0.442095	0	0	0	0	0	0	0	0	0	0	0	0	0	0	0	0	0	0	0	0	0.442095	0.442095	0	0	0	0	0	0	0	0	0.442095	0.442095	0	0	0	0	0	0	0	0	0	0	0	0	0	0	0	0	0	0	0	0	0	0	0	0	0	0	0	0	0	0	0	0	0	0	0	0	0	0	0	0	0	0.442095	0.442095	0	0	0	0	0	0	0	0	0	0	0	0	0.442095	0.442095	0	0	0	0.442095	0.442095	0	0	0.442095	0.442095	0	0	0	0	0	0.442095	0.442095	0	0	0.442095	0.442095	0	0.442095	0.442095	0	0	0.442095	0.442095	0	0	0.442095	0.442095	0	0	0	0	0.442095	0.442095	0	0	0	0	0.442095	0.442095	0	0	0	0	0.442095	0.442095	0	0	0	0	0	0	0.442095	0.442095	0	0	0	0	0.442095	0.442095	0	0	0	0	0	0	0	0	0	0	0	0	0	0	0	0	0.442095	0.442095	0	0	0	0
0.884056	0.442054	0	0.442054	0.884056	0.442054	0.442054	0.442054	0.442054	0.884056	0.442054	0	0.442054	0.884056	0.442054	0	0	0.442054	0.442054	0	0.442054	0.442054	0.442054	0.442054	0	0	0.442054	0.442054	0	0.442054	0.442054	0.442054	0.442054	0	0	0.442054	0.442054	0	0.442054	0.442054	0	0.442054	0.442054	0	0	0.442054	0.442054	0	0	0	0	0	0	0	0	0	0.442054	0.442054	0	0	0	0	0	0	0	0.442054	0.442054	0	0	0	0	0	0	0	0	0	0	0	0	0	0.442054	0.442054	0	0	0	0	0	0	0	0	0	0	0	0	0	0	0	0	0	0	0	0	0.442054	0.442054	0	0	0	0	0	0	0	0	0.442054	0.442054	0	0	0	0	0	0	0	0	0	0	0	0	0	0	0	0	0	0	0	0	0	0	0	0	0	0	0	0	0	0	0	0	0	0	0	0	0	0	0	0	0	0.442054	0.442054	0	0	0	0	0	0	0	0	0	0	0	0	0.442054	0.442054	0	0	0	0.442054	0.442054	0	0	0.442054	0.442054	0	0	0	0	0	0.442054	0.442054	0	0	0.442054	0.442054	0	0.442054	0.442054	0	0	0.442054	0.442054	0	0	0.442054	0.442054	0	0	0	0	0.442054	0.442054	0	0	0	0	0.442054	0.442054	0	0	0	0	0.442054	0.442054	0	0	0	0	0	0	0.442054	0.442054	0	0	0	0	0.442054	0.442054	0	0	0	0	0	0	0	0	0	0	0	0	0	0	0	0	0.442054	0.442054	0	0	0	0
0.883974	0.442013	0	0.442013	0.883974	0.442013	0.442013	0.442013	0.442013	0.883974	0.442013	0	0.442013	0.883974	0.442013	0	0	0.442013	0.442013	0	0.442013	0.442013	0.442013	0.442013	0	0	0.442013	0.442013	0	0.442013	0.442013	0.442013	0.442013	0	0	0.442013	0.442013	0	0.442013	0.442013	0	0.442013	0.442013	0	0	0.442013	0.442013	0	0	0	0	0	0	0	0	0	0.442013	0.442013	0	0	0	0	0	0	0	0.442013	0.442013	0	0	0	0	0	0	0	0	0	0	0	0	0	0.442013	0.442013	0	0	0	0	0	0	0	0	0	0	0	0	0	0	0	0	0	0	0	0	0.442013	0.442013	0	0	0	0	0	0	0	0	0.442013	0.442013	0	0	0	0	0	0	0	0	0	0	0	0	0	0	0	0	0	0	0	0	0	0	0	0	0	0	0	0	0	0	0	0	0	0	0	0	0	0	0	0	0	0.442013	0.442013	0	0	0	0	0	0	0	0	0	0	0	0	0.442013	0.442013	0	0	0	0.442013	0.442013	0	0	0.442013	0.442013	0	0	0	0	0	0.442013	0.442013	0	0	0.442013	0.442013	0	0.442013	0.442013	0	0	0.442013	0.442013	0	0	0.442013	0.442013	0	0	0	0	0.442013	0.442013	0	0	0	0	0.442013	0.442013	0	0	0	0	0.442013	0.442013	0	0	0	0	0	0	0.442013	0.442013	0	0	0	0	0.442013	0.442013	0	0	0	0	0	0	0	0	0	0	0	0	0	0	0	0	0.442013	0.442013	0	0	0	0
0.883892	0.441972	0	0.441972	0.883892	0.441972	0.441972	0.441972	0.441972	0.883892	0.441972	0	0.441972	0.883892	0.441972	0	0	0.441972	0.441972	0	0.441972	0.441972	0.441972	0.441972	0	0	0.441972	0.441972	0	0.441972	0.441972	0.441972	0.441972	0	0	0.441972	0.441972	0	0.441972	0.441972	0	0.441972	0.441972	0	0	0.441972	0.441972	0	0	0	0	0	0	0	0	0	0.441972	0.441972	0	0	0	0	0	0	0	0.441972	0.441972	0	0	0	0	0	0	0	0	0	0	0	0	0	0.441972	0.441972	0	0	0	0	0	0	0	0	0	0	0	0	0	0	0	0	0	0	0	0	0.441972	0.441972	0	0	0	0	0	0	0	0	0.441972	0.441972	0	0	0	0	0	0	0	0	0	0	0	0	0	0	0	0	0	0	0	0	0	0	0	0	0	0	0	0	0	0	0	0	0	0	0	0	0	0	0	0	0	0.441972	0.441972	0	0	0	0	0	0	0	0	0	0	0	0	0.441972	0.441972	0	0	0	0.441972	0.441972	0	0	0.441972	0.441972	0	0	0	0	0	0.441972	0.441972	0	0	0.441972	0.441972	0	0.441972	0.441972	0	0	0.441972	0.441972	0	0	0.441972	0.441972	0	0	0	0	0.441972	0.441972	0	0	0	0	0.441972	0.441972	0	0	0	0	0.441972	0.441972	0	0	0	0	0	0	0.441972	0.441972	0	0	0	0	0.441972	0.441972	0	0	0	0	0	0	0	0	0	0	0	0	0	0	0	0	0.441972	0.441972	0	0	0	0
0.88381	0.441931	0	0.441931	0.88381	0.441931	0.441931	0.441931	0.441931	0.88381	0.441931	0	0.441931	0.88381	0.441931	0	0	0.441931	0.441931	0	0.441931	0.441931	0.441931	0.441931	0	0	0.441931	0.441931	0	0.441931	0.441931	0.441931	0.441931	0	0	0.441931	0.441931	0	0.441931	0.441931	0	0.441931	0.441931	0	0	0.441931	0.441931	0	0	0	0	0	0	0	0	0	0.441931	0.441931	0	0	0	0	0	0	0	0.441931	0.441931	0	0	0	0	0	0	0	0	0	0	0	0	0	0.441931	0.441931	0	0	0	0	0	0	0	0	0	0	0	0	0	0	0	0	0	0	0	0	0.441931	0.441931	0	0	0	0	0	0	0	0	0.441931	0.441931	0	0	0	0	0	0	0	0	0	0	0	0	0	0	0	0	0	0	0	0	0	0	0	0	0	0	0	0	0	0	0	0	0	0	0	0	0	0	0	0	0	0.441931	0.441931	0	0	0	0	0	0	0	0	0	0	0	0	0.441931	0.441931	0	0	0	0.441931	0.441931	0	0	0.441931	0.441931	0	0	0	0	0	0.441931	0.441931	0	0	0.441931	0.441931	0	0.441931	0.441931	0	0	0.441931	0.441931	0	0	0.441931	0.441931	0	0	0	0	0.441931	0.441931	0	0	0	0	0.441931	0.441931	0	0	0	0	0.441931	0.441931	0	0	0	0	0	0	0.441931	0.441931	0	0	0	0	0.441931	0.441931	0	0	0	0	0	0	0	0	0	0	0	0	0	0	0	0	0.441931	0.441931	0	0	0	0
0.883715	0.441884	0	0.441884	0.883715	0.441884	0.441884	0.441884	0.441884	0.883715	0.441884	0	0.441884	0.883715	0.441884	0	0	0.441884	0.441884	0	0.441884	0.441884	0.441884	0.441884	0	0	0.441884	0.441884	0	0.441884	0.441884	0.441884	0.441884	0	0	0.441884	0.441884	0	0.441884	0.441884	0	0.441884	0.441884	0	0	0.441884	0.441884	0	0	0	0	0	0	0	0	0	0.441884	0.441884	0	0	0	0	0	0	0	0.441884	0.441884	0	0	0	0	0	0	0	0	0	0	0	0	0	0.441884	0.441884	0	0	0	0	0	0	0	0	0	0	0	0	0	0	0	0	0	0	0	0	0.441884	0.441884	0	0	0	0	0	0	0	0	0.441884	0.441884	0	0	0	0	0	0	0	0	0	0	0	0	0	0	0	0	0	0	0	0	0	0	0	0	0	0	0	0	0	0	0	0	0	0	0	0	0	0	0	0	0	0.441884	0.441884	0	0	0	0	0	0	0	0	0	0	0	0	0.441884	0.441884	0	0	0	0.441884	0.441884	0	0	0.441884	0.441884	0	0	0	0	0	0.441884	0.441884	0	0	0.441884	0.441884	0	0.441884	0.441884	0	0	0.441884	0.441884	0	0	0.441884	0.441884	0	0	0	0	0.441884	0.441884	0	0	0	0	0.441884	0.441884	0	0	0	0	0.441884	0.441884	0	0	0	0	0	0	0.441884	0.441884	0	0	0	0	0.441884	0.441884	0	0	0	0	0	0	0	0	0	0	0	0	0	0	0	0	0.441884	0.441884	0	0	0	0
0.883633	0.441843	0	0.441843	0.883633	0.441843	0.441843	0.441843	0.441843	0.883633	0.441843	0	0.441843	0.883633	0.441843	0	0	0.441843	0.441843	0	0.441843	0.441843	0.441843	0.441843	0	0	0.441843	0.441843	0	0.441843	0.441843	0.441843	0.441843	0	0	0.441843	0.441843	0	0.441843	0.441843	0	0.441843	0.441843	0	0	0.441843	0.441843	0	0	0	0	0	0	0	0	0	0.441843	0.441843	0	0	0	0	0	0	0	0.441843	0.441843	0	0	0	0	0	0	0	0	0	0	0	0	0	0.441843	0.441843	0	0	0	0	0	0	0	0	0	0	0	0	0	0	0	0	0	0	0	0	0.441843	0.441843	0	0	0	0	0	0	0	0	0.441843	0.441843	0	0	0	0	0	0	0	0	0	0	0	0	0	0	0	0	0	0	0	0	0	0	0	0	0	0	0	0	0	0	0	0	0	0	0	0	0	0	0	0	0	0.441843	0.441843	0	0	0	0	0	0	0	0	0	0	0	0	0.441843	0.441843	0	0	0	0.441843	0.441843	0	0	0.441843	0.441843	0	0	0	0	0	0.441843	0.441843	0	0	0.441843	0.441843	0	0.441843	0.441843	0	0	0.441843	0.441843	0	0	0.441843	0.441843	0	0	0	0	0.441843	0.441843	0	0	0	0	0.441843	0.441843	0	0	0	0	0.441843	0.441843	0	0	0	0	0	0	0.441843	0.441843	0	0	0	0	0.441843	0.441843	0	0	0	0	0	0	0	0	0	0	0	0	0	0	0	0	0.441843	0.441843	0	0	0	0
0.883551	0.441802	0	0.441802	0.883551	0.441802	0.441802	0.441802	0.441802	0.883551	0.441802	0	0.441802	0.883551	0.441802	0	0	0.441802	0.441802	0	0.441802	0.441802	0.441802	0.441802	0	0	0.441802	0.441802	0	0.441802	0.441802	0.441802	0.441802	0	0	0.441802	0.441802	0	0.441802	0.441802	0	0.441802	0.441802	0	0	0.441802	0.441802	0	0	0	0	0	0	0	0	0	0.441802	0.441802	0	0	0	0	0	0	0	0.441802	0.441802	0	0	0	0	0	0	0	0	0	0	0	0	0	0.441802	0.441802	0	0	0	0	0	0	0	0	0	0	0	0	0	0	0	0	0	0	0	0	0.441802	0.441802	0	0	0	0	0	0	0	0	0.441802	0.441802	0	0	0	0	0	0	0	0	0	0	0	0	0	0	0	0	0	0	0	0	0	0	0	0	0	0	0	0	0	0	0	0	0	0	0	0	0	0	0	0	0	0.441802	0.441802	0	0	0	0	0	0	0	0	0	0	0	0	0.441802	0.441802	0	0	0	0.441802	0.441802	0	0	0.441802	0.441802	0	0	0	0	0	0.441802	0.441802	0	0	0.441802	0.441802	0	0.441802	0.441802	0	0	0.441802	0.441802	0	0	0.441802	0.441802	0	0	0	0	0.441802	0.441802	0	0	0	0	0.441802	0.441802	0	0	0	0	0.441802	0.441802	0	0	0	0	0	0	0.441802	0.441802	0	0	0	0	0.441802	0.441802	0	0	0	0	0	0	0	0	0	0	0	0	0	0	0	0	0.441802	0.441802	0	0	0	0
0.88347	0.441761	0	0.441761	0.88347	0.441761	0.441761	0.441761	0.441761	0.88347	0.441761	0	0.441761	0.88347	0.441761	0	0	0.441761	0.441761	0	0.441761	0.441761	0.441761	0.441761	0	0	0.441761	0.441761	0	0.441761	0.441761	0.441761	0.441761	0	0	0.441761	0.441761	0	0.441761	0.441761	0	0.441761	0.441761	0	0	0.441761	0.441761	0	0	0	0	0	0	0	0	0	0.441761	0.441761	0	0	0	0	0	0	0	0.441761	0.441761	0	0	0	0	0	0	0	0	0	0	0	0	0	0.441761	0.441761	0	0	0	0	0	0	0	0	0	0	0	0	0	0	0	0	0	0	0	0	0.441761	0.441761	0	0	0	0	0	0	0	0	0.441761	0.441761	0	0	0	0	0	0	0	0	0	0	0	0	0	0	0	0	0	0	0	0	0	0	0	0	0	0	0	0	0	0	0	0	0	0	0	0	0	0	0	0	0	0.441761	0.441761	0	0	0	0	0	0	0	0	0	0	0	0	0.441761	0.441761	0	0	0	0.441761	0.441761	0	0	0.441761	0.441761	0	0	0	0	0	0.441761	0.441761	0	0	0.441761	0.441761	0	0.441761	0.441761	0	0	0.441761	0.441761	0	0	0.441761	0.441761	0	0	0	0	0.441761	0.441761	0	0	0	0	0.441761	0.441761	0	0	0	0	0.441761	0.441761	0	0	0	0	0	0	0.441761	0.441761	0	0	0	0	0.441761	0.441761	0	0	0	0	0	0	0	0	0	0	0	0	0	0	0	0	0.441761	0.441761	0	0	0	0
0.883388	0.44172	0	0.44172	0.883388	0.44172	0.44172	0.44172	0.44172	0.883388	0.44172	0	0.44172	0.883388	0.44172	0	0	0.44172	0.44172	0	0.44172	0.44172	0.44172	0.44172	0	0	0.44172	0.44172	0	0.44172	0.44172	0.44172	0.44172	0	0	0.44172	0.44172	0	0.44172	0.44172	0	0.44172	0.44172	0	0	0.44172	0.44172	0	0	0	0	0	0	0	0	0	0.44172	0.44172	0	0	0	0	0	0	0	0.44172	0.44172	0	0	0	0	0	0	0	0	0	0	0	0	0	0.44172	0.44172	0	0	0	0	0	0	0	0	0	0	0	0	0	0	0	0	0	0	0	0	0.44172	0.44172	0	0	0	0	0	0	0	0	0.44172	0.44172	0	0	0	0	0	0	0	0	0	0	0	0	0	0	0	0	0	0	0	0	0	0	0	0	0	0	0	0	0	0	0	0	0	0	0	0	0	0	0	0	0	0.44172	0.44172	0	0	0	0	0	0	0	0	0	0	0	0	0.44172	0.44172	0	0	0	0.44172	0.44172	0	0	0.44172	0.44172	0	0	0	0	0	0.44172	0.44172	0	0	0.44172	0.44172	0	0.44172	0.44172	0	0	0.44172	0.44172	0	0	0.44172	0.44172	0	0	0	0	0.44172	0.44172	0	0	0	0	0.44172	0.44172	0	0	0	0	0.44172	0.44172	0	0	0	0	0	0	0.44172	0.44172	0	0	0	0	0.44172	0.44172	0	0	0	0	0	0	0	0	0	0	0	0	0	0	0	0	0.44172	0.44172	0	0	0	0
0.883306	0.441679	0	0.441679	0.883306	0.441679	0.441679	0.441679	0.441679	0.883306	0.441679	0	0.441679	0.883306	0.441679	0	0	0.441679	0.441679	0	0.441679	0.441679	0.441679	0.441679	0	0	0.441679	0.441679	0	0.441679	0.441679	0.441679	0.441679	0	0	0.441679	0.441679	0	0.441679	0.441679	0	0.441679	0.441679	0	0	0.441679	0.441679	0	0	0	0	0	0	0	0	0	0.441679	0.441679	0	0	0	0	0	0	0	0.441679	0.441679	0	0	0	0	0	0	0	0	0	0	0	0	0	0.441679	0.441679	0	0	0	0	0	0	0	0	0	0	0	0	0	0	0	0	0	0	0	0	0.441679	0.441679	0	0	0	0	0	0	0	0	0.441679	0.441679	0	0	0	0	0	0	0	0	0	0	0	0	0	0	0	0	0	0	0	0	0	0	0	0	0	0	0	0	0	0	0	0	0	0	0	0	0	0	0	0	0	0.441679	0.441679	0	0	0	0	0	0	0	0	0	0	0	0	0.441679	0.441679	0	0	0	0.441679	0.441679	0	0	0.441679	0.441679	0	0	0	0	0	0.441679	0.441679	0	0	0.441679	0.441679	0	0.441679	0.441679	0	0	0.441679	0.441679	0	0	0.441679	0.441679	0	0	0	0	0.441679	0.441679	0	0	0	0	0.441679	0.441679	0	0	0	0	0.441679	0.441679	0	0	0	0	0	0	0.441679	0.441679	0	0	0	0	0.441679	0.441679	0	0	0	0	0	0	0	0	0	0	0	0	0	0	0	0	0.441679	0.441679	0	0	0	0
1.59203	1.53757	1.65949	1.82045	1.97442	1.82045	1.82045	1.82045	1.68859	1.62984	1.53757	1.65949	1.82045	1.82711	1.47284	1.43938	1.65949	1.82045	1.95585	2.09992	2.25094	2.38223	2.4675	2.34103	2.32015	2.54036	2.55943	2.4675	2.54036	2.55943	2.34103	2.12297	1.90541	1.76614	1.76614	1.82045	1.82045	1.76614	1.68859	1.60729	1.65949	1.68859	1.47284	1.43938	1.65949	1.68859	1.47284	1.32479	1.43938	1.65949	1.76614	1.76614	1.76614	1.76614	1.76614	1.76614	1.68859	1.47284	1.32479	1.32479	1.32479	1.21943	0.999781	0.883279	0.883279	1.0474	1.25876	1.32479	1.32479	1.32479	1.21943	0.999781	0.883279	0.883279	0.780728	0.563007	0.441666	0.441666	0.441666	0.349167	0.493764	0.468438	0.441666	0.441666	0.441666	0.441666	0.441666	0.441666	0.441666	0.441666	0.441666	0.441666	0.441666	0.349167	0.156149	0	0	0	0	0	0	0	0.441632	0.441632	0	0.156149	0.349167	0.563007	0.780728	0.883279	0.883279	0.999781	1.18906	1.0474	0.999781	1.21943	1.32479	1.32479	1.43938	1.65949	1.76614	1.76614	1.76614	1.76614	1.76614	1.76614	1.76614	1.76614	1.76614	1.76614	1.76614	1.76614	1.76614	1.76614	1.76614	1.65949	1.43938	1.32479	1.32479	1.32479	1.32479	1.32479	1.32479	1.32479	1.32479	1.32479	1.21943	0.999781	0.883279	0.883279	0.883279	0.883279	0.883279	0.883279	0.883279	1.0474	1.25876	1.32479	1.32479	1.21943	0.999781	0.883279	0.883279	0.883279	0.883279	0.780728	0.563007	0.441666	0.441666	0.643805	0.840853	0.883279	0.883279	0.780728	0.79617	0.840853	0.883279	0.883279	0.987501	0.987501	0.883279	0.883279	0.780728	0.563007	0.441666	0.624573	0.624573	0.441666	0.441666	0.624573	0.624573	0.441666	0.643805	0.840853	0.780728	0.563007	0.643805	0.840853	0.883279	0.780728	0.79617	0.840853	0.883279	0.780728	0.563007	0.441666	0.643805	0.840853	0.883279	0.780728	0.563007	0.441666	0.643805	0.840853	0.883279	0.883279	0.883279	0.883279	1.0474	1.25876	1.32479	1.21943	0.999781	0.883279	0.883279	0.883279	1.0474	1.25876	1.32479	1.32479	1.32479	1.32479	1.47284	1.68859	1.76614	1.76614	1.76614	1.76614	1.76614	1.76614	1.76614	1.76614	1.76614	1.76614	1.65949	1.43938	1.32479	1.32479	1.32479	1.32479	1.47284	1.68859	1.76614	1.76614	1.87969	2.09992
1.59189	1.62969	1.68843	1.82028	1.97423	1.82028	1.82028	1.82028	1.65934	1.53743	1.62969	1.68843	1.82028	1.74516	1.43925	1.4727	1.68843	1.82028	2.02896	2.12277	2.25073	2.44249	2.46727	2.31993	2.34081	2.5592	2.54013	2.46727	2.5592	2.54013	2.31993	2.09972	1.87951	1.76598	1.76598	1.82028	1.82028	1.76598	1.65934	1.60714	1.68843	1.65934	1.43925	1.4727	1.68843	1.65934	1.43925	1.32466	1.4727	1.68843	1.76598	1.76598	1.76598	1.76598	1.76598	1.76598	1.65934	1.43925	1.32466	1.32466	1.32466	1.25864	1.0473	0.883197	0.883197	0.999688	1.21932	1.32466	1.32466	1.32466	1.25864	1.0473	0.883197	0.883197	0.840775	0.643746	0.441625	0.441625	0.441625	0.468395	0.493719	0.349135	0.441625	0.441625	0.441625	0.441625	0.441625	0.441625	0.441625	0.441625	0.441625	0.441625	0.441625	0.468395	0.349113	0	0	0	0	0	0	0	0.441591	0.441591	0	0.349113	0.468395	0.643746	0.840775	0.883197	0.883197	1.0473	1.18895	0.999688	1.0473	1.25864	1.32466	1.32466	1.4727	1.68843	1.76598	1.76598	1.76598	1.76598	1.76598	1.76598	1.76598	1.76598	1.76598	1.76598	1.76598	1.76598	1.76598	1.76598	1.76598	1.68843	1.4727	1.32466	1.32466	1.32466	1.32466	1.32466	1.32466	1.32466	1.32466	1.32466	1.25864	1.0473	0.883197	0.883197	0.883197	0.883197	0.883197	0.883197	0.883197	0.999688	1.21932	1.32466	1.32466	1.25864	1.0473	0.883197	0.883197	0.883197	0.883197	0.840775	0.643746	0.441625	0.441625	0.562955	0.780656	0.883197	0.883197	0.840775	0.796096	0.780656	0.883197	0.883197	0.98741	0.98741	0.883197	0.883197	0.840775	0.643746	0.441625	0.624515	0.624515	0.441625	0.441625	0.624515	0.624515	0.441625	0.562955	0.780656	0.840775	0.643746	0.562955	0.780656	0.883197	0.840775	0.796096	0.780656	0.883197	0.840775	0.643746	0.441625	0.562955	0.780656	0.883197	0.840775	0.643746	0.441625	0.562955	0.780656	0.883197	0.883197	0.883197	0.883197	0.999688	1.21932	1.32466	1.25864	1.0473	0.883197	0.883197	0.883197	0.999688	1.21932	1.32466	1.32466	1.32466	1.32466	1.43925	1.65934	1.76598	1.76598	1.76598	1.76598	1.76598	1.76598	1.76598	1.76598	1.76598	1.76598	1.68843	1.4727	1.32466	1.32466	1.32466	1.32466	1.43925	1.65934	1.76598	1.76598	1.90524	2.12277
0.883048	0.883048	0.44155	0.44155	0.883048	0.44155	0.44155	0.44155	0	0.44155	0.883048	0.44155	0.44155	0.44155	0	0.44155	0.44155	0.44155	0.883048	0.44155	0.44155	0.883048	0.44155	0	0.44155	0.44155	0	0.44155	0.44155	0	0	0	0	0	0	0.44155	0.44155	0	0	0.44155	0.44155	0	0	0.44155	0.44155	0	0	0	0.44155	0.44155	0	0	0	0	0	0	0	0	0	0	0	0.44155	0.44155	0	0	0	0	0	0	0	0.44155	0.44155	0	0	0.44155	0.44155	0	0	0	0.44155	0.44155	0	0	0	0	0	0	0	0	0	0	0	0	0.44155	0.44155	0	0	0	0	0	0	0	0.44155	0.44155	0	0.44155	0.44155	0.44155	0.44155	0	0	0.44155	0.44155	0	0.44155	0.44155	0	0	0.44155	0.44155	0	0	0	0	0	0	0	0	0	0	0	0	0	0	0	0.44155	0.44155	0	0	0	0	0	0	0	0	0	0.44155	0.44155	0	0	0	0	0	0	0	0	0	0	0	0.44155	0.44155	0	0	0	0	0.44155	0.44155	0	0	0	0	0	0	0.44155	0.44155	0	0	0	0.44155	0.44155	0	0	0.44155	0.44155	0	0.44155	0.44155	0	0	0.44155	0.44155	0	0	0	0.44155	0.44155	0	0	0	0.44155	0.44155	0	0	0.44155	0.44155	0	0	0	0	0.44155	0.44155	0	0	0	0	0	0	0	0	0	0	0.44155	0.44155	0	0	0	0	0	0	0	0	0	0	0	0	0	0	0	0	0	0	0	0	0	0.44155	0.44155	0	0	0	0	0	0	0	0	0.44155	0.44155
0.882966	0.882966	0.441509	0.441509	0.882966	0.441509	0.441509	0.441509	0	0.441509	0.882966	0.441509	0.441509	0.441509	0	0.441509	0.441509	0.441509	0.882966	0.441509	0.441509	0.882966	0.441509	0	0.441509	0.441509	0	0.441509	0.441509	0	0	0	0	0	0	0.441509	0.441509	0	0	0.441509	0.441509	0	0	0.441509	0.441509	0	0	0	0.441509	0.441509	0	0	0	0	0	0	0	0	0	0	0	0.441509	0.441509	0	0	0	0	0	0	0	0.441509	0.441509	0	0	0.441509	0.441509	0	0	0	0.441509	0.441509	0	0	0	0	0	0	0	0	0	0	0	0	0.441509	0.441509	0	0	0	0	0	0	0	0.441509	0.441509	0	0.441509	0.441509	0.441509	0.441509	0	0	0.441509	0.441509	0	0.441509	0.441509	0	0	0.441509	0.441509	0	0	0	0	0	0	0	0	0	0	0	0	0	0	0	0.441509	0.441509	0	0	0	0	0	0	0	0	0	0.441509	0.441509	0	0	0	0	0	0	0	0	0	0	0	0.441509	0.441509	0	0	0	0	0.441509	0.441509	0	0	0	0	0	0	0.441509	0.441509	0	0	0	0.441509	0.441509	0	0	0.441509	0.441509	0	0.441509	0.441509	0	0	0.441509	0.441509	0	0	0	0.441509	0.441509	0	0	0	0.441509	0.441509	0	0	0.441509	0.441509	0	0	0	0	0.441509	0.441509	0	0	0	0	0	0	0	0	0	0	0.441509	0.441509	0	0	0	0	0	0	0	0	0	0	0	0	0	0	0	0	0	0	0	0	0	0.441509	0.441509	0	0	0	0	0	0	0	0	0.441509	0.441509
0.882884	0.882884	0.441468	0.441468	0.882884	0.441468	0.441468	0.441468	0	0.441468	0.882884	0.441468	0.441468	0.441468	0	0.441468	0.441468	0.441468	0.882884	0.441468	0.441468	0.882884	0.441468	0	0.441468	0.441468	0	0.441468	0.441468	0	0	0	0	0	0	0.441468	0.441468	0	0	0.441468	0.441468	0	0	0.441468	0.441468	0	0	0	0.441468	0.441468	0	0	0	0	0	0	0	0	0	0	0	0.441468	0.441468	0	0	0	0	0	0	0	0.441468	0.441468	0	0	0.441468	0.441468	0	0	0	0.441468	0.441468	0	0	0	0	0	0	0	0	0	0	0	0	0.441468	0.441468	0	0	0	0	0	0	0	0.441468	0.441468	0	0.441468	0.441468	0.441468	0.441468	0	0	0.441468	0.441468	0	0.441468	0.441468	0	0	0.441468	0.441468	0	0	0	0	0	0	0	0	0	0	0	0	0	0	0	0.441468	0.441468	0	0	0	0	0	0	0	0	0	0.441468	0.441468	0	0	0	0	0	0	0	0	0	0	0	0.441468	0.441468	0	0	0	0	0.441468	0.441468	0	0	0	0	0	0	0.441468	0.441468	0	0	0	0.441468	0.441468	0	0	0.441468	0.441468	0	0.441468	0.441468	0	0	0.441468	0.441468	0	0	0	0.441468	0.441468	0	0	0	0.441468	0.441468	0	0	0.441468	0.441468	0	0	0	0	0.441468	0.441468	0	0	0	0	0	0	0	0	0	0	0.441468	0.441468	0	0	0	0	0	0	0	0	0	0	0	0	0	0	0	0	0	0	0	0	0	0.441468	0.441468	0	0	0	0	0	0	0	0	0.441468	0.441468
0.882789	0.882789	0.441421	0.441421	0.882789	0.441421	0.441421	0.441421	0	0.441421	0.882789	0.441421	0.441421	0.441421	0	0.441421	0.441421	0.441421	0.882789	0.441421	0.441421	0.882789	0.441421	0	0.441421	0.441421	0	0.441421	0.441421	0	0	0	0	0	0	0.441421	0.441421	0	0	0.441421	0.441421	0	0	0.441421	0.441421	0	0	0	0.441421	0.441421	0	0	0	0	0	0	0	0	0	0	0	0.441421	0.441421	0	0	0	0	0	0	0	0.441421	0.441421	0	0	0.441421	0.441421	0	0	0	0.441421	0.441421	0	0	0	0	0	0	0	0	0	0	0	0	0.441421	0.441421	0	0	0	0	0	0	0	0.441421	0.441421	0	0.441421	0.441421	0.441421	0.441421	0	0	0.441421	0.441421	0	0.441421	0.441421	0	0	0.441421	0.441421	0	0	0	0	0	0	0	0	0	0	0	0	0	0	0	0.441421	0.441421	0	0	0	0	0	0	0	0	0	0.441421	0.441421	0	0	0	0	0	0	0	0	0	0	0	0.441421	0.441421	0	0	0	0	0.441421	0.441421	0	0	0	0	0	0	0.441421	0.441421	0	0	0	0.441421	0.441421	0	0	0.441421	0.441421	0	0.441421	0.441421	0	0	0.441421	0.441421	0	0	0	0.441421	0.441421	0	0	0	0.441421	0.441421	0	0	0.441421	0.441421	0	0	0	0	0.441421	0.441421	0	0	0	0	0	0	0	0	0	0	0.441421	0.441421	0	0	0	0	0	0	0	0	0	0	0	0	0	0	0	0	0	0	0	0	0	0.441421	0.441421	0	0	0	0	0	0	0	0	0.441421	0.441421
0.882707	0.882707	0.44138	0.44138	0.882707	0.44138	0.44138	0.44138	0	0.44138	0.882707	0.44138	0.44138	0.44138	0	0.44138	0.44138	0.44138	0.882707	0.44138	0.44138	0.882707	0.44138	0	0.44138	0.44138	0	0.44138	0.44138	0	0	0	0	0	0	0.44138	0.44138	0	0	0.44138	0.44138	0	0	0.44138	0.44138	0	0	0	0.44138	0.44138	0	0	0	0	0	0	0	0	0	0	0	0.44138	0.44138	0	0	0	0	0	0	0	0.44138	0.44138	0	0	0.44138	0.44138	0	0	0	0.44138	0.44138	0	0	0	0	0	0	0	0	0	0	0	0	0.44138	0.44138	0	0	0	0	0	0	0	0.44138	0.44138	0	0.44138	0.44138	0.44138	0.44138	0	0	0.44138	0.44138	0	0.44138	0.44138	0	0	0.44138	0.44138	0	0	0	0	0	0	0	0	0	0	0	0	0	0	0	0.44138	0.44138	0	0	0	0	0	0	0	0	0	0.44138	0.44138	0	0	0	0	0	0	0	0	0	0	0	0.44138	0.44138	0	0	0	0	0.44138	0.44138	0	0	0	0	0	0	0.44138	0.44138	0	0	0	0.44138	0.44138	0	0	0.44138	0.44138	0	0.44138	0.44138	0	0	0.44138	0.44138	0	0	0	0.44138	0.44138	0	0	0	0.44138	0.44138	0	0	0.44138	0.44138	0	0	0	0	0.44138	0.44138	0	0	0	0	0	0	0	0	0	0	0.44138	0.44138	0	0	0	0	0	0	0	0	0	0	0	0	0	0	0	0	0	0	0	0	0	0.44138	0.44138	0	0	0	0	0	0	0	0	0.44138	0.44138
1.43839	1.25789	0.986847	0.986847	1.24817	0.986847	0.986847	0.986847	0.882694	0.986847	1.24817	0.986847	0.986847	0.986847	0.882694	0.986847	0.986847	0.986847	1.09219	0.643379	0.624159	0.986801	0.624159	0.441373	0.624159	0.624159	0.441373	0.624159	0.624159	0.441373	0.441373	0.562634	0.780211	0.882694	0.882694	0.840296	0.795642	0.780211	0.882694	0.986847	0.986847	0.882694	0.999118	1.18827	1.0467	0.882694	0.882694	0.999118	1.18827	1.0467	0.882694	0.882694	0.882694	0.882694	0.882694	0.882694	0.882694	0.882694	0.882694	0.882694	0.882694	0.986847	0.986847	0.780211	0.562634	0.441373	0.348936	0.156046	0	0	0.441339	0.441339	0	0.156046	0.493437	0.348914	0	0.156046	0.348936	0.468128	0.493437	0.348936	0.441373	0.441373	0.562634	0.780211	0.999118	1.21862	1.32391	1.32391	1.32391	1.43843	1.65839	1.68747	1.47186	1.32391	1.32391	1.32391	1.32391	1.32391	1.32391	1.32391	1.25792	1.18827	1.21862	1.25792	1.0467	0.840296	0.643379	0.441373	0.441373	0.468128	0.348914	0	0.441339	0.441339	0.156046	0.348936	0.468128	0.348914	0	0.156046	0.348936	0.441373	0.441373	0.441373	0.562634	0.780211	0.882694	0.882694	0.882694	0.882694	0.882694	0.882694	0.882694	0.986847	0.986847	0.882694	0.882694	0.882694	0.882694	0.780211	0.562634	0.441373	0.348936	0.156046	0.348914	0.493437	0.156046	0	0	0.156046	0.348936	0.441373	0.441373	0.441373	0.441373	0.562634	0.780211	0.840296	0.643379	0.441373	0.441373	0.441373	0.562634	0.795642	0.643379	0.562634	0.780211	0.882694	0.882694	0.999118	1.21862	1.25792	1.18827	1.21862	1.32391	1.32391	1.39549	1.39549	1.32391	1.32391	1.25792	1.18827	1.21862	1.25792	1.0467	0.882694	0.882694	0.986847	0.986847	0.882694	0.882694	0.882694	0.986847	0.986847	0.882694	0.882694	0.882694	0.986847	0.986847	0.882694	0.882694	0.840296	0.643379	0.441373	0.562634	0.780211	0.882694	0.840296	0.643379	0.441373	0.441373	0.441373	0.441373	0.441373	0.441373	0.441373	0.441373	0.441373	0.441373	0.468128	0.348914	0	0	0	0	0.156046	0.348936	0.441373	0.441373	0.441373	0.441373	0.441373	0.441373	0.441373	0.441373	0.441373	0.441373	0.441373	0.441373	0.441373	0.441373	0.441373	0.643379	0.909851	1.21862	1.32391	1.32391	1.32391	1.32391	1.32391	1.32391	1.32391	1.25792	1.0467
1.33293	1.1358	0.986756	0.986756	1.24806	0.986756	0.986756	0.986756	0.882612	0.986756	1.24806	0.986756	0.986756	0.986756	0.882612	0.986756	0.986756	0.986756	0.949028	0.562582	0.624102	0.98671	0.624102	0.441332	0.624102	0.624102	0.441332	0.624102	0.624102	0.441332	0.441332	0.643319	0.840218	0.882612	0.882612	0.780139	0.795569	0.840218	0.882612	0.986756	0.986756	0.882612	1.04661	1.18816	0.999026	0.882612	0.882612	1.04661	1.18816	0.999026	0.882612	0.882612	0.882612	0.882612	0.882612	0.882612	0.882612	0.882612	0.882612	0.882612	0.882612	0.986756	0.986756	0.840218	0.643319	0.441332	0.468084	0.348882	0	0	0.441298	0.441298	0	0.348882	0.493392	0.156031	0	0.348882	0.468084	0.348904	0.493392	0.468084	0.441332	0.441332	0.643319	0.840218	1.04661	1.25781	1.32379	1.32379	1.32379	1.47173	1.68731	1.65824	1.43829	1.32379	1.32379	1.32379	1.32379	1.32379	1.32379	1.32379	1.21851	1.18816	1.25781	1.21851	0.999026	0.780139	0.562582	0.441332	0.441332	0.348904	0.156031	0	0.441298	0.441298	0.348882	0.468084	0.348904	0.156031	0	0.348882	0.468084	0.441332	0.441332	0.441332	0.643319	0.840218	0.882612	0.882612	0.882612	0.882612	0.882612	0.882612	0.882612	0.986756	0.986756	0.882612	0.882612	0.882612	0.882612	0.840218	0.643319	0.441332	0.468084	0.348882	0.156031	0.493392	0.348882	0	0	0.348882	0.468084	0.441332	0.441332	0.441332	0.441332	0.643319	0.840218	0.780139	0.562582	0.441332	0.441332	0.441332	0.643319	0.795569	0.562582	0.643319	0.840218	0.882612	0.882612	1.04661	1.25781	1.21851	1.18816	1.25781	1.32379	1.32379	1.39536	1.39536	1.32379	1.32379	1.21851	1.18816	1.25781	1.21851	0.999026	0.882612	0.882612	0.986756	0.986756	0.882612	0.882612	0.882612	0.986756	0.986756	0.882612	0.882612	0.882612	0.986756	0.986756	0.882612	0.882612	0.780139	0.562582	0.441332	0.643319	0.840218	0.882612	0.780139	0.562582	0.441332	0.441332	0.441332	0.441332	0.441332	0.441332	0.441332	0.441332	0.441332	0.441332	0.348904	0.156031	0	0	0	0	0.348882	0.468084	0.441332	0.441332	0.441332	0.441332	0.441332	0.441332	0.441332	0.441332	0.441332	0.441332	0.441332	0.441332	0.441332	0.441332	0.441332	0.562582	0.909767	1.25781	1.32379	1.32379	1.32379	1.32379	1.32379	1.32379	1.32379	1.21851	0.999026
0.441258	0.441258	0.441258	0.441258	0.882463	0.441258	0.441258	0.441258	0	0.441258	0.882463	0.441258	0.441258	0.441258	0	0.441258	0.441258	0.441258	0.441258	0	0.441258	0.882463	0.441258	0	0.441258	0.441258	0	0.441258	0.441258	0	0	0.441258	0.441258	0	0	0	0.441258	0.441258	0	0.441258	0.441258	0	0.441258	0.441258	0	0	0	0.441258	0.441258	0	0	0	0	0	0	0	0	0	0	0	0	0.441258	0.441258	0.441258	0.441258	0	0.441258	0.441258	0	0	0.441258	0.441258	0	0.441258	0.441258	0	0	0.441258	0.441258	0	0.441258	0.441258	0	0	0.441258	0.441258	0.441258	0.441258	0	0	0	0.441258	0.441258	0	0	0	0	0	0	0	0	0	0	0.441258	0.441258	0	0	0	0	0	0	0	0	0	0.441258	0.441258	0.441258	0.441258	0	0	0	0.441258	0.441258	0	0	0	0.441258	0.441258	0	0	0	0	0	0	0	0.441258	0.441258	0	0	0	0	0.441258	0.441258	0	0.441258	0.441258	0	0.441258	0.441258	0	0	0.441258	0.441258	0	0	0	0	0.441258	0.441258	0	0	0	0	0	0.441258	0.441258	0	0.441258	0.441258	0	0	0.441258	0.441258	0	0.441258	0.441258	0	0	0.441258	0.441258	0	0	0	0.441258	0.441258	0	0	0	0	0.441258	0.441258	0	0	0	0.441258	0.441258	0	0	0	0.441258	0.441258	0	0	0	0	0	0.441258	0.441258	0	0	0	0	0	0	0	0	0	0	0	0	0	0	0	0	0	0	0	0.441258	0.441258	0	0	0	0	0	0	0	0	0	0	0	0	0	0	0	0	0.441258	0.441258	0	0	0	0	0	0	0	0	0
0.441217	0.441217	0.441217	0.441217	0.882381	0.441217	0.441217	0.441217	0	0.441217	0.882381	0.441217	0.441217	0.441217	0	0.441217	0.441217	0.441217	0.441217	0	0.441217	0.882381	0.441217	0	0.441217	0.441217	0	0.441217	0.441217	0	0	0.441217	0.441217	0	0	0	0.441217	0.441217	0	0.441217	0.441217	0	0.441217	0.441217	0	0	0	0.441217	0.441217	0	0	0	0	0	0	0	0	0	0	0	0	0.441217	0.441217	0.441217	0.441217	0	0.441217	0.441217	0	0	0.441217	0.441217	0	0.441217	0.441217	0	0	0.441217	0.441217	0	0.441217	0.441217	0	0	0.441217	0.441217	0.441217	0.441217	0	0	0	0.441217	0.441217	0	0	0	0	0	0	0	0	0	0	0.441217	0.441217	0	0	0	0	0	0	0	0	0	0.441217	0.441217	0.441217	0.441217	0	0	0	0.441217	0.441217	0	0	0	0.441217	0.441217	0	0	0	0	0	0	0	0.441217	0.441217	0	0	0	0	0.441217	0.441217	0	0.441217	0.441217	0	0.441217	0.441217	0	0	0.441217	0.441217	0	0	0	0	0.441217	0.441217	0	0	0	0	0	0.441217	0.441217	0	0.441217	0.441217	0	0	0.441217	0.441217	0	0.441217	0.441217	0	0	0.441217	0.441217	0	0	0	0.441217	0.441217	0	0	0	0	0.441217	0.441217	0	0	0	0.441217	0.441217	0	0	0	0.441217	0.441217	0	0	0	0	0	0.441217	0.441217	0	0	0	0	0	0	0	0	0	0	0	0	0	0	0	0	0	0	0	0.441217	0.441217	0	0	0	0	0	0	0	0	0	0	0	0	0	0	0	0	0.441217	0.441217	0	0	0	0	0	0	0	0	0
0.441169	0.441169	0.441169	0.441169	0.882286	0.441169	0.441169	0.441169	0	0.441169	0.882286	0.441169	0.441169	0.441169	0	0.441169	0.441169	0.441169	0.441169	0	0.441169	0.882286	0.441169	0	0.441169	0.441169	0	0.441169	0.441169	0	0	0.441169	0.441169	0	0	0	0.441169	0.441169	0	0.441169	0.441169	0	0.441169	0.441169	0	0	0	0.441169	0.441169	0	0	0	0	0	0	0	0	0	0	0	0	0.441169	0.441169	0.441169	0.441169	0	0.441169	0.441169	0	0	0.441169	0.441169	0	0.441169	0.441169	0	0	0.441169	0.441169	0	0.441169	0.441169	0	0	0.441169	0.441169	0.441169	0.441169	0	0	0	0.441169	0.441169	0	0	0	0	0	0	0	0	0	0	0.441169	0.441169	0	0	0	0	0	0	0	0	0	0.441169	0.441169	0.441169	0.441169	0	0	0	0.441169	0.441169	0	0	0	0.441169	0.441169	0	0	0	0	0	0	0	0.441169	0.441169	0	0	0	0	0.441169	0.441169	0	0.441169	0.441169	0	0.441169	0.441169	0	0	0.441169	0.441169	0	0	0	0	0.441169	0.441169	0	0	0	0	0	0.441169	0.441169	0	0.441169	0.441169	0	0	0.441169	0.441169	0	0.441169	0.441169	0	0	0.441169	0.441169	0	0	0	0.441169	0.441169	0	0	0	0	0.441169	0.441169	0	0	0	0.441169	0.441169	0	0	0	0.441169	0.441169	0	0	0	0	0	0.441169	0.441169	0	0	0	0	0	0	0	0	0	0	0	0	0	0	0	0	0	0	0	0.441169	0.441169	0	0	0	0	0	0	0	0	0	0	0	0	0	0	0	0	0.441169	0.441169	0	0	0	0	0	0	0	0	0
0.441128	0.441128	0.441128	0.441128	0.882205	0.441128	0.441128	0.441128	0	0.441128	0.882205	0.441128	0.441128	0.441128	0	0.441128	0.441128	0.441128	0.441128	0	0.441128	0.882205	0.441128	0	0.441128	0.441128	0	0.441128	0.441128	0	0	0.441128	0.441128	0	0	0	0.441128	0.441128	0	0.441128	0.441128	0	0.441128	0.441128	0	0	0	0.441128	0.441128	0	0	0	0	0	0	0	0	0	0	0	0	0.441128	0.441128	0.441128	0.441128	0	0.441128	0.441128	0	0	0.441128	0.441128	0	0.441128	0.441128	0	0	0.441128	0.441128	0	0.441128	0.441128	0	0	0.441128	0.441128	0.441128	0.441128	0	0	0	0.441128	0.441128	0	0	0	0	0	0	0	0	0	0	0.441128	0.441128	0	0	0	0	0	0	0	0	0	0.441128	0.441128	0.441128	0.441128	0	0	0	0.441128	0.441128	0	0	0	0.441128	0.441128	0	0	0	0	0	0	0	0.441128	0.441128	0	0	0	0	0.441128	0.441128	0	0.441128	0.441128	0	0.441128	0.441128	0	0	0.441128	0.441128	0	0	0	0	0.441128	0.441128	0	0	0	0	0	0.441128	0.441128	0	0.441128	0.441128	0	0	0.441128	0.441128	0	0.441128	0.441128	0	0	0.441128	0.441128	0	0	0	0.441128	0.441128	0	0	0	0	0.441128	0.441128	0	0	0	0.441128	0.441128	0	0	0	0.441128	0.441128	0	0	0	0	0	0.441128	0.441128	0	0	0	0	0	0	0	0	0	0	0	0	0	0	0	0	0	0	0	0.441128	0.441128	0	0	0	0	0	0	0	0	0	0	0	0	0	0	0	0	0.441128	0.441128	0	0	0	0	0	0	0	0	0
0.441088	0.441088	0.441088	0.441088	0.882123	0.441088	0.441088	0.441088	0	0.441088	0.882123	0.441088	0.441088	0.441088	0	0.441088	0.441088	0.441088	0.441088	0	0.441088	0.882123	0.441088	0	0.441088	0.441088	0	0.441088	0.441088	0	0	0.441088	0.441088	0	0	0	0.441088	0.441088	0	0.441088	0.441088	0	0.441088	0.441088	0	0	0	0.441088	0.441088	0	0	0	0	0	0	0	0	0	0	0	0	0.441088	0.441088	0.441088	0.441088	0	0.441088	0.441088	0	0	0.441088	0.441088	0	0.441088	0.441088	0	0	0.441088	0.441088	0	0.441088	0.441088	0	0	0.441088	0.441088	0.441088	0.441088	0	0	0	0.441088	0.441088	0	0	0	0	0	0	0	0	0	0	0.441088	0.441088	0	0	0	0	0	0	0	0	0	0.441088	0.441088	0.441088	0.441088	0	0	0	0.441088	0.441088	0	0	0	0.441088	0.441088	0	0	0	0	0	0	0	0.441088	0.441088	0	0	0	0	0.441088	0.441088	0	0.441088	0.441088	0	0.441088	0.441088	0	0	0.441088	0.441088	0	0	0	0	0.441088	0.441088	0	0	0	0	0	0.441088	0.441088	0	0.441088	0.441088	0	0	0.441088	0.441088	0	0.441088	0.441088	0	0	0.441088	0.441088	0	0	0	0.441088	0.441088	0	0	0	0	0.441088	0.441088	0	0	0	0.441088	0.441088	0	0	0	0.441088	0.441088	0	0	0	0	0	0.441088	0.441088	0	0	0	0	0	0	0	0	0	0	0	0	0	0	0	0	0	0	0	0.441088	0.441088	0	0	0	0	0	0	0	0	0	0	0	0	0	0	0	0	0.441088	0.441088	0	0	0	0	0	0	0	0	0
0.441047	0.441047	0.441047	0.441047	0.882042	0.441047	0.441047	0.441047	0	0.441047	0.882042	0.441047	0.441047	0.441047	0	0.441047	0.441047	0.441047	0.441047	0	0.441047	0.882042	0.441047	0	0.441047	0.441047	0	0.441047	0.441047	0	0	0.441047	0.441047	0	0	0	0.441047	0.441047	0	0.441047	0.441047	0	0.441047	0.441047	0	0	0	0.441047	0.441047	0	0	0	0	0	0	0	0	0	0	0	0	0.441047	0.441047	0.441047	0.441047	0	0.441047	0.441047	0	0	0.441047	0.441047	0	0.441047	0.441047	0	0	0.441047	0.441047	0	0.441047	0.441047	0	0	0.441047	0.441047	0.441047	0.441047	0	0	0	0.441047	0.441047	0	0	0	0	0	0	0	0	0	0	0.441047	0.441047	0	0	0	0	0	0	0	0	0	0.441047	0.441047	0.441047	0.441047	0	0	0	0.441047	0.441047	0	0	0	0.441047	0.441047	0	0	0	0	0	0	0	0.441047	0.441047	0	0	0	0	0.441047	0.441047	0	0.441047	0.441047	0	0.441047	0.441047	0	0	0.441047	0.441047	0	0	0	0	0.441047	0.441047	0	0	0	0	0	0.441047	0.441047	0	0.441047	0.441047	0	0	0.441047	0.441047	0	0.441047	0.441047	0	0	0.441047	0.441047	0	0	0	0.441047	0.441047	0	0	0	0	0.441047	0.441047	0	0	0	0.441047	0.441047	0	0	0	0.441047	0.441047	0	0	0	0	0	0.441047	0.441047	0	0	0	0	0	0	0	0	0	0	0	0	0	0	0	0	0	0	0	0.441047	0.441047	0	0	0	0	0	0	0	0	0	0	0	0	0	0	0	0	0.441047	0.441047	0	0	0	0	0	0	0	0	0
0.441006	0.441006	0.441006	0.441006	0.88196	0.441006	0.441006	0.441006	0	0.441006	0.88196	0.441006	0.441006	0.441006	0	0.441006	0.441006	0.441006	0.441006	0	0.441006	0.88196	0.441006	0	0.441006	0.441006	0	0.441006	0.441006	0	0	0.441006	0.441006	0	0	0	0.441006	0.441006	0	0.441006	0.441006	0	0.441006	0.441006	0	0	0	0.441006	0.441006	0	0	0	0	0	0	0	0	0	0	0	0	0.441006	0.441006	0.441006	0.441006	0	0.441006	0.441006	0	0	0.441006	0.441006	0	0.441006	0.441006	0	0	0.441006	0.441006	0	0.441006	0.441006	0	0	0.441006	0.441006	0.441006	0.441006	0	0	0	0.441006	0.441006	0	0	0	0	0	0	0	0	0	0	0.441006	0.441006	0	0	0	0	0	0	0	0	0	0.441006	0.441006	0.441006	0.441006	0	0	0	0.441006	0.441006	0	0	0	0.441006	0.441006	0	0	0	0	0	0	0	0.441006	0.441006	0	0	0	0	0.441006	0.441006	0	0.441006	0.441006	0	0.441006	0.441006	0	0	0.441006	0.441006	0	0	0	0	0.441006	0.441006	0	0	0	0	0	0.441006	0.441006	0	0.441006	0.441006	0	0	0.441006	0.441006	0	0.441006	0.441006	0	0	0.441006	0.441006	0	0	0	0.441006	0.441006	0	0	0	0	0.441006	0.441006	0	0	0	0.441006	0.441006	0	0	0	0.441006	0.441006	0	0	0	0	0	0.441006	0.441006	0	0	0	0	0	0	0	0	0	0	0	0	0	0	0	0	0	0	0	0.441006	0.441006	0	0	0	0	0	0	0	0	0	0	0	0	0	0	0	0	0.441006	0.441006	0	0	0	0	0	0	0	0	0
0.440959	0.440959	0.440959	0.440959	0.881865	0.440959	0.440959	0.440959	0	0.440959	0.881865	0.440959	0.440959	0.440959	0	0.440959	0.440959	0.440959	0.440959	0	0.440959	0.881865	0.440959	0	0.440959	0.440959	0	0.440959	0.440959	0	0	0.440959	0.440959	0	0	0	0.440959	0.440959	0	0.440959	0.440959	0	0.440959	0.440959	0	0	0	0.440959	0.440959	0	0	0	0	0	0	0	0	0	0	0	0	0.440959	0.440959	0.440959	0.440959	0	0.440959	0.440959	0	0	0.440959	0.440959	0	0.440959	0.440959	0	0	0.440959	0.440959	0	0.440959	0.440959	0	0	0.440959	0.440959	0.440959	0.440959	0	0	0	0.440959	0.440959	0	0	0	0	0	0	0	0	0	0	0.440959	0.440959	0	0	0	0	0	0	0	0	0	0.440959	0.440959	0.440959	0.440959	0	0	0	0.440959	0.440959	0	0	0	0.440959	0.440959	0	0	0	0	0	0	0	0.440959	0.440959	0	0	0	0	0.440959	0.440959	0	0.440959	0.440959	0	0.440959	0.440959	0	0	0.440959	0.440959	0	0	0	0	0.440959	0.440959	0	0	0	0	0	0.440959	0.440959	0	0.440959	0.440959	0	0	0.440959	0.440959	0	0.440959	0.440959	0	0	0.440959	0.440959	0	0	0	0.440959	0.440959	0	0	0	0	0.440959	0.440959	0	0	0	0.440959	0.440959	0	0	0	0.440959	0.440959	0	0	0	0	0	0.440959	0.440959	0	0	0	0	0	0	0	0	0	0	0	0	0	0	0	0	0	0	0	0.440959	0.440959	0	0	0	0	0	0	0	0	0	0	0	0	0	0	0	0	0.440959	0.440959	0	0	0	0	0	0	0	0	0
0.440918	0.440918	0.440918	0.440918	0.881784	0.440918	0.440918	0.440918	0	0.440918	0.881784	0.440918	0.440918	0.440918	0	0.440918	0.440918	0.440918	0.440918	0	0.440918	0.881784	0.440918	0	0.440918	0.440918	0	0.440918	0.440918	0	0	0.440918	0.440918	0	0	0	0.440918	0.440918	0	0.440918	0.440918	0	0.440918	0.440918	0	0	0	0.440918	0.440918	0	0	0	0	0	0	0	0	0	0	0	0	0.440918	0.440918	0.440918	0.440918	0	0.440918	0.440918	0	0	0.440918	0.440918	0	0.440918	0.440918	0	0	0.440918	0.440918	0	0.440918	0.440918	0	0	0.440918	0.440918	0.440918	0.440918	0	0	0	0.440918	0.440918	0	0	0	0	0	0	0	0	0	0	0.440918	0.440918	0	0	0	0	0	0	0	0	0	0.440918	0.440918	0.440918	0.440918	0	0	0	0.440918	0.440918	0	0	0	0.440918	0.440918	0	0	0	0	0	0	0	0.440918	0.440918	0	0	0	0	0.440918	0.440918	0	0.440918	0.440918	0	0.440918	0.440918	0	0	0.440918	0.440918	0	0	0	0	0.440918	0.440918	0	0	0	0	0	0.440918	0.440918	0	0.440918	0.440918	0	0	0.440918	0.440918	0	0.440918	0.440918	0	0	0.440918	0.440918	0	0	0	0.440918	0.440918	0	0	0	0	0.440918	0.440918	0	0	0	0.440918	0.440918	0	0	0	0.440918	0.440918	0	0	0	0	0	0.440918	0.440918	0	0	0	0	0	0	0	0	0	0	0	0	0	0	0	0	0	0	0	0.440918	0.440918	0	0	0	0	0	0	0	0	0	0	0	0	0	0	0	0	0.440918	0.440918	0	0	0	0	0	0	0	0	0
0.440877	0.440877	0.440877	0.440877	0.881702	0.440877	0.440877	0.440877	0	0.440877	0.881702	0.440877	0.440877	0.440877	0	0.440877	0.440877	0.440877	0.440877	0	0.440877	0.881702	0.440877	0	0.440877	0.440877	0	0.440877	0.440877	0	0	0.440877	0.440877	0	0	0	0.440877	0.440877	0	0.440877	0.440877	0	0.440877	0.440877	0	0	0	0.440877	0.440877	0	0	0	0	0	0	0	0	0	0	0	0	0.440877	0.440877	0.440877	0.440877	0	0.440877	0.440877	0	0	0.440877	0.440877	0	0.440877	0.440877	0	0	0.440877	0.440877	0	0.440877	0.440877	0	0	0.440877	0.440877	0.440877	0.440877	0	0	0	0.440877	0.440877	0	0	0	0	0	0	0	0	0	0	0.440877	0.440877	0	0	0	0	0	0	0	0	0	0.440877	0.440877	0.440877	0.440877	0	0	0	0.440877	0.440877	0	0	0	0.440877	0.440877	0	0	0	0	0	0	0	0.440877	0.440877	0	0	0	0	0.440877	0.440877	0	0.440877	0.440877	0	0.440877	0.440877	0	0	0.440877	0.440877	0	0	0	0	0.440877	0.440877	0	0	0	0	0	0.440877	0.440877	0	0.440877	0.440877	0	0	0.440877	0.440877	0	0.440877	0.440877	0	0	0.440877	0.440877	0	0	0	0.440877	0.440877	0	0	0	0	0.440877	0.440877	0	0	0	0.440877	0.440877	0	0	0	0.440877	0.440877	0	0	0	0	0	0.440877	0.440877	0	0	0	0	0	0	0	0	0	0	0	0	0	0	0	0	0	0	0	0.440877	0.440877	0	0	0	0	0	0	0	0	0	0	0	0	0	0	0	0	0.440877	0.440877	0	0	0	0	0	0	0	0	0
0.440837	0.440837	0.440837	0.440837	0.881621	0.440837	0.440837	0.440837	0	0.440837	0.881621	0.440837	0.440837	0.440837	0	0.440837	0.440837	0.440837	0.440837	0	0.440837	0.881621	0.440837	0	0.440837	0.440837	0	0.440837	0.440837	0	0	0.440837	0.440837	0	0	0	0.440837	0.440837	0	0.440837	0.440837	0	0.440837	0.440837	0	0	0	0.440837	0.440837	0	0	0	0	0	0	0	0	0	0	0	0	0.440837	0.440837	0.440837	0.440837	0	0.440837	0.440837	0	0	0.440837	0.440837	0	0.440837	0.440837	0	0	0.440837	0.440837	0	0.440837	0.440837	0	0	0.440837	0.440837	0.440837	0.440837	0	0	0	0.440837	0.440837	0	0	0	0	0	0	0	0	0	0	0.440837	0.440837	0	0	0	0	0	0	0	0	0	0.440837	0.440837	0.440837	0.440837	0	0	0	0.440837	0.440837	0	0	0	0.440837	0.440837	0	0	0	0	0	0	0	0.440837	0.440837	0	0	0	0	0.440837	0.440837	0	0.440837	0.440837	0	0.440837	0.440837	0	0	0.440837	0.440837	0	0	0	0	0.440837	0.440837	0	0	0	0	0	0.440837	0.440837	0	0.440837	0.440837	0	0	0.440837	0.440837	0	0.440837	0.440837	0	0	0.440837	0.440837	0	0	0	0.440837	0.440837	0	0	0	0	0.440837	0.440837	0	0	0	0.440837	0.440837	0	0	0	0.440837	0.440837	0	0	0	0	0	0.440837	0.440837	0	0	0	0	0	0	0	0	0	0	0	0	0	0	0	0	0	0	0	0.440837	0.440837	0	0	0	0	0	0	0	0	0	0	0	0	0	0	0	0	0.440837	0.440837	0	0	0	0	0	0	0	0	0
0.779222	0.947948	0.985632	0.985632	1.24663	0.985632	0.985632	0.985632	0.997889	1.18681	1.25635	0.985632	0.985632	0.985632	0.881607	0.985632	0.985632	0.985632	0.985632	0.881607	0.985632	1.24663	1.13451	1.21712	1.25637	1.04542	0.997889	1.33141	1.39377	1.32228	1.43666	1.60425	1.47005	1.43666	1.65635	1.7628	1.81701	1.81701	1.7628	1.81701	1.81701	1.7628	1.68539	1.47005	1.32228	1.32228	1.32228	1.25637	0.908732	0.561941	0.44083	0.44083	0.44083	0.44083	0.44083	0.44083	0.44083	0.44083	0.44083	0.348506	0.155854	0.348485	0.467551	0.642587	0.839261	0.77925	0.779222	0.623391	0.348506	0.155854	0.440796	0.561901	0.348506	0.623391	0.623391	0.561941	0.77925	0.985632	0.985632	0.997889	1.33141	1.39377	1.43666	1.65635	1.81701	1.81701	1.68539	1.47005	1.43666	1.65635	1.7628	1.68539	1.47005	1.43666	1.65635	1.7628	1.7628	1.7628	1.7628	1.7628	1.7628	1.7628	1.87613	2.03131	1.90181	1.7628	1.7628	1.7628	1.7628	1.7628	1.7628	1.7628	1.7628	1.7628	1.68539	1.47005	1.25637	1.04542	0.881607	0.881607	0.881607	0.839261	0.642587	0.44083	0.561941	0.77925	0.839261	0.642587	0.44083	0.348506	0.155854	0	0	0	0	0.440796	0.440796	0	0	0.155854	0.348506	0.467551	0.348485	0	0.440796	0.440796	0	0.440796	0.440796	0	0.155854	0.49283	0.348485	0.155854	0.348506	0.561941	0.77925	0.985632	0.985632	0.997889	1.34051	1.65635	1.7628	1.7628	1.81701	1.81701	1.7628	1.68539	1.60425	1.65635	1.7628	1.81701	1.81701	1.7628	1.81701	1.81701	1.7628	1.7628	1.81701	1.81701	1.7628	1.7628	1.87613	2.03131	1.90181	1.7628	1.7628	1.87613	2.09595	2.11895	1.90181	1.7628	1.87613	2.09595	2.11895	1.90181	1.7628	1.7628	1.7628	1.68539	1.60425	1.65635	1.7628	1.7628	1.7628	1.7628	1.68539	1.47005	1.32228	1.43666	1.65635	1.7628	1.7628	1.7628	1.7628	1.65635	1.43666	1.32228	1.32228	1.32228	1.32228	1.32228	1.32228	1.32228	1.32228	1.32228	1.32228	1.39377	1.39377	1.32228	1.32228	1.32228	1.32228	1.32228	1.32228	1.32228	1.21712	0.997889	0.881607	0.881607	0.881607	0.77925	0.561941	0.44083	0.44083	0.642587	0.839261	0.881607	0.881607	0.881607	0.881607	0.77925	0.561941	0.44083	0.44083	0.44083
0.947822	1.09073	0.985526	0.985526	1.2465	0.985526	0.985526	0.985526	1.0453	1.18668	1.13439	0.985526	0.985526	0.985526	0.881512	0.985526	0.985526	0.985526	0.985526	0.881512	0.985526	1.2465	1.25621	1.25624	1.21699	0.997781	1.0453	1.43647	1.39362	1.32214	1.46989	1.60407	1.4365	1.46989	1.68521	1.76261	1.81681	1.81681	1.76261	1.81681	1.81681	1.76261	1.65617	1.4365	1.32214	1.32214	1.32214	1.21699	0.908634	0.642518	0.440782	0.440782	0.440782	0.440782	0.440782	0.440782	0.440782	0.440782	0.440782	0.467501	0.348447	0.155837	0.348469	0.561881	0.779167	0.839171	0.947822	0.623324	0.467501	0.348447	0.440748	0.779109	0.467501	0.623324	0.623324	0.642518	0.839171	0.985526	0.985526	1.0453	1.43647	1.39362	1.46989	1.68521	1.81681	1.81681	1.65617	1.4365	1.46989	1.68521	1.76261	1.65617	1.4365	1.46989	1.68521	1.76261	1.76261	1.76261	1.76261	1.76261	1.76261	1.76261	1.90161	2.03109	1.87593	1.76261	1.76261	1.76261	1.76261	1.76261	1.76261	1.76261	1.76261	1.76261	1.65617	1.4365	1.21699	0.997781	0.881512	0.881512	0.881512	0.779167	0.561881	0.440782	0.642518	0.839171	0.779167	0.561881	0.440782	0.467501	0.348447	0	0	0	0	0.440748	0.440748	0	0	0.348447	0.467501	0.348469	0.155837	0	0.440748	0.440748	0	0.440748	0.440748	0	0.348447	0.492777	0.155837	0.348447	0.467501	0.642518	0.839171	0.985526	0.985526	1.0453	1.47811	1.68521	1.76261	1.76261	1.81681	1.81681	1.76261	1.65617	1.60407	1.68521	1.76261	1.81681	1.81681	1.76261	1.81681	1.81681	1.76261	1.76261	1.81681	1.81681	1.76261	1.76261	1.90161	2.03109	1.87593	1.76261	1.76261	1.90161	2.11873	2.09572	1.87593	1.76261	1.90161	2.11873	2.09572	1.87593	1.76261	1.76261	1.76261	1.65617	1.60407	1.68521	1.76261	1.76261	1.76261	1.76261	1.65617	1.4365	1.32214	1.46989	1.68521	1.76261	1.76261	1.76261	1.76261	1.68521	1.46989	1.32214	1.32214	1.32214	1.32214	1.32214	1.32214	1.32214	1.32214	1.32214	1.32214	1.39362	1.39362	1.32214	1.32214	1.32214	1.32214	1.32214	1.32214	1.32214	1.25624	1.0453	0.881512	0.881512	0.881512	0.839171	0.642518	0.440782	0.440782	0.561881	0.779167	0.881512	0.881512	0.881512	0.881512	0.839171	0.642518	0.440782	0.440782	0.440782
0.881363	0.881363	0.440708	0.440708	0.881363	0.440708	0.440708	0.440708	0.440708	0.440708	0.440708	0.440708	0.440708	0.440708	0	0.440708	0.440708	0.440708	0.440708	0	0.440708	0.881363	0.881363	0.440708	0	0	0.440708	0.881363	0.440708	0	0.440708	0.440708	0	0.440708	0.440708	0	0.440708	0.440708	0	0.440708	0.440708	0	0	0	0	0	0	0	0.440708	0.440708	0	0	0	0	0	0	0	0	0	0.440708	0.440708	0	0	0	0	0.440708	0.881363	0.440708	0.440708	0.440708	0.440708	0.881363	0.440708	0.440708	0.440708	0.440708	0.440708	0.440708	0.440708	0.440708	0.881363	0.440708	0.440708	0.440708	0.440708	0.440708	0	0	0.440708	0.440708	0	0	0	0.440708	0.440708	0	0	0	0	0	0	0	0.440708	0.440708	0	0	0	0	0	0	0	0	0	0	0	0	0	0	0	0	0	0	0	0	0.440708	0.440708	0	0	0	0.440708	0.440708	0	0	0	0	0.440708	0.440708	0	0	0.440708	0.440708	0	0	0	0.440708	0.440708	0	0.440708	0.440708	0	0.440708	0.440708	0	0.440708	0.440708	0.440708	0.440708	0.440708	0.440708	0.440708	0.881363	0.440708	0	0	0.440708	0.440708	0	0	0.440708	0.440708	0	0.440708	0.440708	0	0.440708	0.440708	0	0	0.440708	0.440708	0	0	0.440708	0.440708	0	0	0	0.440708	0.440708	0	0	0	0.440708	0.440708	0	0	0	0	0	0	0.440708	0.440708	0	0	0	0	0	0	0	0.440708	0.440708	0	0	0	0	0.440708	0.440708	0	0	0	0	0	0	0	0	0	0	0.440708	0.440708	0	0	0	0	0	0	0	0.440708	0.440708	0	0	0	0.440708	0.440708	0	0	0	0	0	0	0	0	0.440708	0.440708	0	0	0
0.881282	0.881282	0.440667	0.440667	0.881282	0.440667	0.440667	0.440667	0.440667	0.440667	0.440667	0.440667	0.440667	0.440667	0	0.440667	0.440667	0.440667	0.440667	0	0.440667	0.881282	0.881282	0.440667	0	0	0.440667	0.881282	0.440667	0	0.440667	0.440667	0	0.440667	0.440667	0	0.440667	0.440667	0	0.440667	0.440667	0	0	0	0	0	0	0	0.440667	0.440667	0	0	0	0	0	0	0	0	0	0.440667	0.440667	0	0	0	0	0.440667	0.881282	0.440667	0.440667	0.440667	0.440667	0.881282	0.440667	0.440667	0.440667	0.440667	0.440667	0.440667	0.440667	0.440667	0.881282	0.440667	0.440667	0.440667	0.440667	0.440667	0	0	0.440667	0.440667	0	0	0	0.440667	0.440667	0	0	0	0	0	0	0	0.440667	0.440667	0	0	0	0	0	0	0	0	0	0	0	0	0	0	0	0	0	0	0	0	0.440667	0.440667	0	0	0	0.440667	0.440667	0	0	0	0	0.440667	0.440667	0	0	0.440667	0.440667	0	0	0	0.440667	0.440667	0	0.440667	0.440667	0	0.440667	0.440667	0	0.440667	0.440667	0.440667	0.440667	0.440667	0.440667	0.440667	0.881282	0.440667	0	0	0.440667	0.440667	0	0	0.440667	0.440667	0	0.440667	0.440667	0	0.440667	0.440667	0	0	0.440667	0.440667	0	0	0.440667	0.440667	0	0	0	0.440667	0.440667	0	0	0	0.440667	0.440667	0	0	0	0	0	0	0.440667	0.440667	0	0	0	0	0	0	0	0.440667	0.440667	0	0	0	0	0.440667	0.440667	0	0	0	0	0	0	0	0	0	0	0.440667	0.440667	0	0	0	0	0	0	0	0.440667	0.440667	0	0	0	0.440667	0.440667	0	0	0	0	0	0	0	0	0.440667	0.440667	0	0	0
0.881201	0.881201	0.440626	0.440626	0.881201	0.440626	0.440626	0.440626	0.440626	0.440626	0.440626	0.440626	0.440626	0.440626	0	0.440626	0.440626	0.440626	0.440626	0	0.440626	0.881201	0.881201	0.440626	0	0	0.440626	0.881201	0.440626	0	0.440626	0.440626	0	0.440626	0.440626	0	0.440626	0.440626	0	0.440626	0.440626	0	0	0	0	0	0	0	0.440626	0.440626	0	0	0	0	0	0	0	0	0	0.440626	0.440626	0	0	0	0	0.440626	0.881201	0.440626	0.440626	0.440626	0.440626	0.881201	0.440626	0.440626	0.440626	0.440626	0.440626	0.440626	0.440626	0.440626	0.881201	0.440626	0.440626	0.440626	0.440626	0.440626	0	0	0.440626	0.440626	0	0	0	0.440626	0.440626	0	0	0	0	0	0	0	0.440626	0.440626	0	0	0	0	0	0	0	0	0	0	0	0	0	0	0	0	0	0	0	0	0.440626	0.440626	0	0	0	0.440626	0.440626	0	0	0	0	0.440626	0.440626	0	0	0.440626	0.440626	0	0	0	0.440626	0.440626	0	0.440626	0.440626	0	0.440626	0.440626	0	0.440626	0.440626	0.440626	0.440626	0.440626	0.440626	0.440626	0.881201	0.440626	0	0	0.440626	0.440626	0	0	0.440626	0.440626	0	0.440626	0.440626	0	0.440626	0.440626	0	0	0.440626	0.440626	0	0	0.440626	0.440626	0	0	0	0.440626	0.440626	0	0	0	0.440626	0.440626	0	0	0	0	0	0	0.440626	0.440626	0	0	0	0	0	0	0	0.440626	0.440626	0	0	0	0	0.440626	0.440626	0	0	0	0	0	0	0	0	0	0	0.440626	0.440626	0	0	0	0	0	0	0	0.440626	0.440626	0	0	0	0.440626	0.440626	0	0	0	0	0	0	0	0	0.440626	0.440626	0	0	0
0.881119	0.881119	0.440586	0.440586	0.881119	0.440586	0.440586	0.440586	0.440586	0.440586	0.440586	0.440586	0.440586	0.440586	0	0.440586	0.440586	0.440586	0.440586	0	0.440586	0.881119	0.881119	0.440586	0	0	0.440586	0.881119	0.440586	0	0.440586	0.440586	0	0.440586	0.440586	0	0.440586	0.440586	0	0.440586	0.440586	0	0	0	0	0	0	0	0.440586	0.440586	0	0	0	0	0	0	0	0	0	0.440586	0.440586	0	0	0	0	0.440586	0.881119	0.440586	0.440586	0.440586	0.440586	0.881119	0.440586	0.440586	0.440586	0.440586	0.440586	0.440586	0.440586	0.440586	0.881119	0.440586	0.440586	0.440586	0.440586	0.440586	0	0	0.440586	0.440586	0	0	0	0.440586	0.440586	0	0	0	0	0	0	0	0.440586	0.440586	0	0	0	0	0	0	0	0	0	0	0	0	0	0	0	0	0	0	0	0	0.440586	0.440586	0	0	0	0.440586	0.440586	0	0	0	0	0.440586	0.440586	0	0	0.440586	0.440586	0	0	0	0.440586	0.440586	0	0.440586	0.440586	0	0.440586	0.440586	0	0.440586	0.440586	0.440586	0.440586	0.440586	0.440586	0.440586	0.881119	0.440586	0	0	0.440586	0.440586	0	0	0.440586	0.440586	0	0.440586	0.440586	0	0.440586	0.440586	0	0	0.440586	0.440586	0	0	0.440586	0.440586	0	0	0	0.440586	0.440586	0	0	0	0.440586	0.440586	0	0	0	0	0	0	0.440586	0.440586	0	0	0	0	0	0	0	0.440586	0.440586	0	0	0	0	0.440586	0.440586	0	0	0	0	0	0	0	0	0	0	0.440586	0.440586	0	0	0	0	0	0	0	0.440586	0.440586	0	0	0	0.440586	0.440586	0	0	0	0	0	0	0	0	0.440586	0.440586	0	0	0
0.881025	0.881025	0.440538	0.440538	0.881025	0.440538	0.440538	0.440538	0.440538	0.440538	0.440538	0.440538	0.440538	0.440538	0	0.440538	0.440538	0.440538	0.440538	0	0.440538	0.881025	0.881025	0.440538	0	0	0.440538	0.881025	0.440538	0	0.440538	0.440538	0	0.440538	0.440538	0	0.440538	0.440538	0	0.440538	0.440538	0	0	0	0	0	0	0	0.440538	0.440538	0	0	0	0	0	0	0	0	0	0.440538	0.440538	0	0	0	0	0.440538	0.881025	0.440538	0.440538	0.440538	0.440538	0.881025	0.440538	0.440538	0.440538	0.440538	0.440538	0.440538	0.440538	0.440538	0.881025	0.440538	0.440538	0.440538	0.440538	0.440538	0	0	0.440538	0.440538	0	0	0	0.440538	0.440538	0	0	0	0	0	0	0	0.440538	0.440538	0	0	0	0	0	0	0	0	0	0	0	0	0	0	0	0	0	0	0	0	0.440538	0.440538	0	0	0	0.440538	0.440538	0	0	0	0	0.440538	0.440538	0	0	0.440538	0.440538	0	0	0	0.440538	0.440538	0	0.440538	0.440538	0	0.440538	0.440538	0	0.440538	0.440538	0.440538	0.440538	0.440538	0.440538	0.440538	0.881025	0.440538	0	0	0.440538	0.440538	0	0	0.440538	0.440538	0	0.440538	0.440538	0	0.440538	0.440538	0	0	0.440538	0.440538	0	0	0.440538	0.440538	0	0	0	0.440538	0.440538	0	0	0	0.440538	0.440538	0	0	0	0	0	0	0.440538	0.440538	0	0	0	0	0	0	0	0.440538	0.440538	0	0	0	0	0.440538	0.440538	0	0	0	0	0	0	0	0	0	0	0.440538	0.440538	0	0	0	0	0	0	0	0.440538	0.440538	0	0	0	0.440538	0.440538	0	0	0	0	0	0	0	0	0.440538	0.440538	0	0	0
0.880943	0.880943	0.440498	0.440498	0.880943	0.440498	0.440498	0.440498	0.440498	0.440498	0.440498	0.440498	0.440498	0.440498	0	0.440498	0.440498	0.440498	0.440498	0	0.440498	0.880943	0.880943	0.440498	0	0	0.440498	0.880943	0.440498	0	0.440498	0.440498	0	0.440498	0.440498	0	0.440498	0.440498	0	0.440498	0.440498	0	0	0	0	0	0	0	0.440498	0.440498	0	0	0	0	0	0	0	0	0	0.440498	0.440498	0	0	0	0	0.440498	0.880943	0.440498	0.440498	0.440498	0.440498	0.880943	0.440498	0.440498	0.440498	0.440498	0.440498	0.440498	0.440498	0.440498	0.880943	0.440498	0.440498	0.440498	0.440498	0.440498	0	0	0.440498	0.440498	0	0	0	0.440498	0.440498	0	0	0	0	0	0	0	0.440498	0.440498	0	0	0	0	0	0	0	0	0	0	0	0	0	0	0	0	0	0	0	0	0.440498	0.440498	0	0	0	0.440498	0.440498	0	0	0	0	0.440498	0.440498	0	0	0.440498	0.440498	0	0	0	0.440498	0.440498	0	0.440498	0.440498	0	0.440498	0.440498	0	0.440498	0.440498	0.440498	0.440498	0.440498	0.440498	0.440498	0.880943	0.440498	0	0	0.440498	0.440498	0	0	0.440498	0.440498	0	0.440498	0.440498	0	0.440498	0.440498	0	0	0.440498	0.440498	0	0	0.440498	0.440498	0	0	0	0.440498	0.440498	0	0	0	0.440498	0.440498	0	0	0	0	0	0	0.440498	0.440498	0	0	0	0	0	0	0	0.440498	0.440498	0	0	0	0	0.440498	0.440498	0	0	0	0	0	0	0	0	0	0	0.440498	0.440498	0	0	0	0	0	0	0	0.440498	0.440498	0	0	0	0.440498	0.440498	0	0	0	0	0	0	0	0	0.440498	0.440498	0	0	0
0.880862	0.880862	0.440457	0.440457	0.880862	0.440457	0.440457	0.440457	0.440457	0.440457	0.440457	0.440457	0.440457	0.440457	0	0.440457	0.440457	0.440457	0.440457	0	0.440457	0.880862	0.880862	0.440457	0	0	0.440457	0.880862	0.440457	0	0.440457	0.440457	0	0.440457	0.440457	0	0.440457	0.440457	0	0.440457	0.440457	0	0	0	0	0	0	0	0.440457	0.440457	0	0	0	0	0	0	0	0	0	0.440457	0.440457	0	0	0	0	0.440457	0.880862	0.440457	0.440457	0.440457	0.440457	0.880862	0.440457	0.440457	0.440457	0.440457	0.440457	0.440457	0.440457	0.440457	0.880862	0.440457	0.440457	0.440457	0.440457	0.440457	0	0	0.440457	0.440457	0	0	0	0.440457	0.440457	0	0	0	0	0	0	0	0.440457	0.440457	0	0	0	0	0	0	0	0	0	0	0	0	0	0	0	0	0	0	0	0	0.440457	0.440457	0	0	0	0.440457	0.440457	0	0	0	0	0.440457	0.440457	0	0	0.440457	0.440457	0	0	0	0.440457	0.440457	0	0.440457	0.440457	0	0.440457	0.440457	0	0.440457	0.440457	0.440457	0.440457	0.440457	0.440457	0.440457	0.880862	0.440457	0	0	0.440457	0.440457	0	0	0.440457	0.440457	0	0.440457	0.440457	0	0.440457	0.440457	0	0	0.440457	0.440457	0	0	0.440457	0.440457	0	0	0	0.440457	0.440457	0	0	0	0.440457	0.440457	0	0	0	0	0	0	0.440457	0.440457	0	0	0	0	0	0	0	0.440457	0.440457	0	0	0	0	0.440457	0.440457	0	0	0	0	0	0	0	0	0	0	0.440457	0.440457	0	0	0	0	0	0	0	0.440457	0.440457	0	0	0	0.440457	0.440457	0	0	0	0	0	0	0	0	0.440457	0.440457	0	0	0
0.880781	0.880781	0.440416	0.440416	0.880781	0.440416	0.440416	0.440416	0.440416	0.440416	0.440416	0.440416	0.440416	0.440416	0	0.440416	0.440416	0.440416	0.440416	0	0.440416	0.880781	0.880781	0.440416	0	0	0.440416	0.880781	0.440416	0	0.440416	0.440416	0	0.440416	0.440416	0	0.440416	0.440416	0	0.440416	0.440416	0	0	0	0	0	0	0	0.440416	0.440416	0	0	0	0	0	0	0	0	0	0.440416	0.440416	0	0	0	0	0.440416	0.880781	0.440416	0.440416	0.440416	0.440416	0.880781	0.440416	0.440416	0.440416	0.440416	0.440416	0.440416	0.440416	0.440416	0.880781	0.440416	0.440416	0.440416	0.440416	0.440416	0	0	0.440416	0.440416	0	0	0	0.440416	0.440416	0	0	0	0	0	0	0	0.440416	0.440416	0	0	0	0	0	0	0	0	0	0	0	0	0	0	0	0	0	0	0	0	0.440416	0.440416	0	0	0	0.440416	0.440416	0	0	0	0	0.440416	0.440416	0	0	0.440416	0.440416	0	0	0	0.440416	0.440416	0	0.440416	0.440416	0	0.440416	0.440416	0	0.440416	0.440416	0.440416	0.440416	0.440416	0.440416	0.440416	0.880781	0.440416	0	0	0.440416	0.440416	0	0	0.440416	0.440416	0	0.440416	0.440416	0	0.440416	0.440416	0	0	0.440416	0.440416	0	0	0.440416	0.440416	0	0	0	0.440416	0.440416	0	0	0	0.440416	0.440416	0	0	0	0	0	0	0.440416	0.440416	0	0	0	0	0	0	0	0.440416	0.440416	0	0	0	0	0.440416	0.440416	0	0	0	0	0	0	0	0	0	0	0.440416	0.440416	0	0	0	0	0	0	0	0.440416	0.440416	0	0	0	0.440416	0.440416	0	0	0	0	0	0	0	0	0.440416	0.440416	0	0	0
0.8807	0.8807	0.440376	0.440376	0.8807	0.440376	0.440376	0.440376	0.440376	0.440376	0.440376	0.440376	0.440376	0.440376	0	0.440376	0.440376	0.440376	0.440376	0	0.440376	0.8807	0.8807	0.440376	0	0	0.440376	0.8807	0.440376	0	0.440376	0.440376	0	0.440376	0.440376	0	0.440376	0.440376	0	0.440376	0.440376	0	0	0	0	0	0	0	0.440376	0.440376	0	0	0	0	0	0	0	0	0	0.440376	0.440376	0	0	0	0	0.440376	0.8807	0.440376	0.440376	0.440376	0.440376	0.8807	0.440376	0.440376	0.440376	0.440376	0.440376	0.440376	0.440376	0.440376	0.8807	0.440376	0.440376	0.440376	0.440376	0.440376	0	0	0.440376	0.440376	0	0	0	0.440376	0.440376	0	0	0	0	0	0	0	0.440376	0.440376	0	0	0	0	0	0	0	0	0	0	0	0	0	0	0	0	0	0	0	0	0.440376	0.440376	0	0	0	0.440376	0.440376	0	0	0	0	0.440376	0.440376	0	0	0.440376	0.440376	0	0	0	0.440376	0.440376	0	0.440376	0.440376	0	0.440376	0.440376	0	0.440376	0.440376	0.440376	0.440376	0.440376	0.440376	0.440376	0.8807	0.440376	0	0	0.440376	0.440376	0	0	0.440376	0.440376	0	0.440376	0.440376	0	0.440376	0.440376	0	0	0.440376	0.440376	0	0	0.440376	0.440376	0	0	0	0.440376	0.440376	0	0	0	0.440376	0.440376	0	0	0	0	0	0	0.440376	0.440376	0	0	0	0	0	0	0	0.440376	0.440376	0	0	0	0	0.440376	0.440376	0	0	0	0	0	0	0	0	0	0	0.440376	0.440376	0	0	0	0	0	0	0	0.440376	0.440376	0	0	0	0.440376	0.440376	0	0	0	0	0	0	0	0	0.440376	0.440376	0	0	0
0.880605	0.880605	0.440328	0.440328	0.880605	0.440328	0.440328	0.440328	0.440328	0.440328	0.440328	0.440328	0.440328	0.440328	0	0.440328	0.440328	0.440328	0.440328	0	0.440328	0.880605	0.880605	0.440328	0	0	0.440328	0.880605	0.440328	0	0.440328	0.440328	0	0.440328	0.440328	0	0.440328	0.440328	0	0.440328	0.440328	0	0	0	0	0	0	0	0.440328	0.440328	0	0	0	0	0	0	0	0	0	0.440328	0.440328	0	0	0	0	0.440328	0.880605	0.440328	0.440328	0.440328	0.440328	0.880605	0.440328	0.440328	0.440328	0.440328	0.440328	0.440328	0.440328	0.440328	0.880605	0.440328	0.440328	0.440328	0.440328	0.440328	0	0	0.440328	0.440328	0	0	0	0.440328	0.440328	0	0	0	0	0	0	0	0.440328	0.440328	0	0	0	0	0	0	0	0	0	0	0	0	0	0	0	0	0	0	0	0	0.440328	0.440328	0	0	0	0.440328	0.440328	0	0	0	0	0.440328	0.440328	0	0	0.440328	0.440328	0	0	0	0.440328	0.440328	0	0.440328	0.440328	0	0.440328	0.440328	0	0.440328	0.440328	0.440328	0.440328	0.440328	0.440328	0.440328	0.880605	0.440328	0	0	0.440328	0.440328	0	0	0.440328	0.440328	0	0.440328	0.440328	0	0.440328	0.440328	0	0	0.440328	0.440328	0	0	0.440328	0.440328	0	0	0	0.440328	0.440328	0	0	0	0.440328	0.440328	0	0	0	0	0	0	0.440328	0.440328	0	0	0	0	0	0	0	0.440328	0.440328	0	0	0	0	0.440328	0.440328	0	0	0	0	0	0	0	0	0	0	0.440328	0.440328	0	0	0	0	0	0	0	0.440328	0.440328	0	0	0	0.440328	0.440328	0	0	0	0	0	0	0	0	0.440328	0.440328	0	0	0
0.880524	0.880524	0.440288	0.440288	0.880524	0.440288	0.440288	0.440288	0.440288	0.440288	0.440288	0.440288	0.440288	0.440288	0	0.440288	0.440288	0.440288	0.440288	0	0.440288	0.880524	0.880524	0.440288	0	0	0.440288	0.880524	0.440288	0	0.440288	0.440288	0	0.440288	0.440288	0	0.440288	0.440288	0	0.440288	0.440288	0	0	0	0	0	0	0	0.440288	0.440288	0	0	0	0	0	0	0	0	0	0.440288	0.440288	0	0	0	0	0.440288	0.880524	0.440288	0.440288	0.440288	0.440288	0.880524	0.440288	0.440288	0.440288	0.440288	0.440288	0.440288	0.440288	0.440288	0.880524	0.440288	0.440288	0.440288	0.440288	0.440288	0	0	0.440288	0.440288	0	0	0	0.440288	0.440288	0	0	0	0	0	0	0	0.440288	0.440288	0	0	0	0	0	0	0	0	0	0	0	0	0	0	0	0	0	0	0	0	0.440288	0.440288	0	0	0	0.440288	0.440288	0	0	0	0	0.440288	0.440288	0	0	0.440288	0.440288	0	0	0	0.440288	0.440288	0	0.440288	0.440288	0	0.440288	0.440288	0	0.440288	0.440288	0.440288	0.440288	0.440288	0.440288	0.440288	0.880524	0.440288	0	0	0.440288	0.440288	0	0	0.440288	0.440288	0	0.440288	0.440288	0	0.440288	0.440288	0	0	0.440288	0.440288	0	0	0.440288	0.440288	0	0	0	0.440288	0.440288	0	0	0	0.440288	0.440288	0	0	0	0	0	0	0.440288	0.440288	0	0	0	0	0	0	0	0.440288	0.440288	0	0	0	0	0.440288	0.440288	0	0	0	0	0	0	0	0	0	0	0.440288	0.440288	0	0	0	0	0	0	0	0.440288	0.440288	0	0	0	0.440288	0.440288	0	0	0	0	0	0	0	0	0.440288	0.440288	0	0	0
1.96823	2.11629	2.16154	2.24389	2.22765	1.89944	1.81475	1.81475	1.81475	1.81475	1.81475	1.81475	1.81475	1.94972	2.09334	2.11632	1.89944	1.81475	1.94972	2.09334	2.24389	2.36966	2.22765	1.89944	1.8738	2.09334	2.24389	2.36966	2.24389	2.20037	2.11632	1.89944	1.7606	1.68329	1.46822	1.32064	1.25481	1.04412	0.88051	0.838217	0.641787	0.440281	0.440281	0.440281	0.440281	0.440281	0.440281	0.348073	0.492216	0.466969	0.440281	0.440281	0.311317	0.311317	0.440281	0.440281	0.561242	0.778281	0.88051	0.984406	0.984406	0.88051	0.996647	1.21561	1.32064	1.39203	1.58704	1.39203	1.25481	1.04412	0.984406	1.24508	0.984406	0.984406	1.1331	1.32975	1.39203	1.39203	1.39203	1.39203	1.58704	1.39203	1.39203	1.39203	1.39203	1.39203	1.43487	1.65429	1.81475	1.81475	1.7606	1.8738	2.09334	2.11632	2.02878	2.09334	2.20037	2.20037	2.20037	2.20037	2.20037	2.20037	2.11632	1.89944	1.7606	1.8738	2.09334	2.20037	2.20037	2.20037	2.20037	2.20037	2.20037	2.20037	2.09334	1.8738	1.7606	1.7606	1.65429	1.43487	1.32064	1.32064	1.32064	1.21561	0.9076	0.641787	0.440281	0.348073	0.15566	0.348051	0.492216	0.15566	0	0.15566	0.348073	0.466969	0.492216	0.348073	0.440281	0.466969	0.348051	0.15566	0.348073	0.440281	0.622615	0.622615	0.440281	0.622615	0.778252	0.778281	0.838217	0.793674	0.778281	0.838217	0.641787	0.622615	0.778252	0.946768	0.984406	0.838217	0.946744	0.622615	0.561242	0.778281	0.838217	0.793674	0.778281	0.996647	1.32975	1.39203	1.32064	1.39203	1.39203	1.43487	1.73985	1.81475	1.7606	1.7606	1.81475	1.81475	1.7606	1.7606	1.68329	1.60225	1.65429	1.7606	1.7606	1.68329	1.60225	1.65429	1.7606	1.8738	2.02878	1.89944	1.7606	1.7606	1.8738	2.09334	2.20037	2.20037	2.11632	1.89944	1.7606	1.7606	1.7606	1.7606	1.8738	2.09334	2.20037	2.11632	1.89944	1.7606	1.7606	1.7606	1.7606	1.89944	2.11632	2.20037	2.20037	2.20037	2.20037	2.20037	2.20037	2.09334	1.8738	1.7606	1.7606	1.89944	2.11632	2.20037	2.20037	2.20037	2.09334	1.8738	1.7606	1.7606	1.89944	2.11632	2.20037	2.20037	2.09334	2.02878	2.11632	2.20037	2.20037	2.09334	1.8738	1.7606	1.7606	1.7606	1.7606	1.81475	1.81475	1.7606	1.7606	1.7606
1.96805	2.22742	2.22745	2.24368	2.16134	1.87362	1.81458	1.81458	1.81458	1.81458	1.81458	1.81458	1.81458	2.02261	2.11612	2.09315	1.87362	1.81458	2.02261	2.11612	2.24368	2.36944	2.16134	1.87362	1.89927	2.11612	2.24368	2.36944	2.24368	2.20016	2.09315	1.87362	1.76044	1.65414	1.43474	1.32051	1.21549	0.996555	0.880429	0.778209	0.56119	0.44024	0.44024	0.44024	0.44024	0.44024	0.44024	0.466926	0.492171	0.348041	0.44024	0.44024	0.696013	0.696013	0.44024	0.44024	0.641728	0.83814	0.880429	0.984315	0.984315	0.880429	1.04402	1.2547	1.32051	1.39191	1.5869	1.39191	1.21549	0.996555	0.984315	1.24497	0.984315	0.984315	1.25467	1.4347	1.39191	1.39191	1.39191	1.39191	1.5869	1.39191	1.39191	1.39191	1.39191	1.39191	1.46809	1.68314	1.81458	1.81458	1.76044	1.89927	2.11612	2.09315	2.02859	2.11612	2.20016	2.20016	2.20016	2.20016	2.20016	2.20016	2.09315	1.87362	1.76044	1.89927	2.11612	2.20016	2.20016	2.20016	2.20016	2.20016	2.20016	2.20016	2.11612	1.89927	1.76044	1.76044	1.68314	1.46809	1.32051	1.32051	1.32051	1.2547	0.907517	0.56119	0.44024	0.466926	0.348019	0.155645	0.492171	0.348019	0	0.348019	0.466926	0.348041	0.492171	0.466926	0.44024	0.348041	0.155645	0.348019	0.466926	0.44024	0.622558	0.622558	0.44024	0.622558	0.946657	0.83814	0.778209	0.793601	0.83814	0.778209	0.56119	0.622558	0.946657	1.08939	0.984315	0.778209	0.77818	0.622558	0.641728	0.83814	0.778209	0.793601	0.83814	1.04402	1.4347	1.39191	1.32051	1.39191	1.39191	1.46809	1.82122	1.81458	1.76044	1.76044	1.81458	1.81458	1.76044	1.76044	1.65414	1.6021	1.68314	1.76044	1.76044	1.65414	1.6021	1.68314	1.76044	1.89927	2.02859	1.87362	1.76044	1.76044	1.89927	2.11612	2.20016	2.20016	2.09315	1.87362	1.76044	1.76044	1.76044	1.76044	1.89927	2.11612	2.20016	2.09315	1.87362	1.76044	1.76044	1.76044	1.76044	1.87362	2.09315	2.20016	2.20016	2.20016	2.20016	2.20016	2.20016	2.11612	1.89927	1.76044	1.76044	1.87362	2.09315	2.20016	2.20016	2.20016	2.11612	1.89927	1.76044	1.76044	1.87362	2.09315	2.20016	2.20016	2.11612	2.02859	2.09315	2.20016	2.20016	2.11612	1.89927	1.76044	1.76044	1.76044	1.76044	1.81458	1.81458	1.76044	1.76044	1.76044
0.88028	1.32029	0.88028	0.440166	0.440166	0	0.440166	0.440166	0.440166	0.440166	0.440166	0.440166	0.440166	0.88028	0.440166	0	0	0.440166	0.88028	0.440166	0.440166	0.88028	0.440166	0	0.440166	0.440166	0.440166	0.88028	0.440166	0	0	0	0	0	0	0	0	0	0	0	0	0	0	0	0	0	0	0.440166	0.440166	0	0	0	0.88028	0.88028	0	0	0.440166	0.440166	0	0.440166	0.440166	0	0.440166	0.440166	0	0.440166	0.88028	0.440166	0	0	0.440166	0.88028	0.440166	0.440166	0.88028	0.88028	0.440166	0.440166	0.440166	0.440166	0.88028	0.440166	0.440166	0.440166	0.440166	0.440166	0.440166	0.440166	0.440166	0.440166	0	0.440166	0.440166	0	0.440166	0.440166	0	0	0	0	0	0	0	0	0	0.440166	0.440166	0	0	0	0	0	0	0	0.440166	0.440166	0	0	0.440166	0.440166	0	0	0	0.440166	0.440166	0	0	0.440166	0.440166	0	0.440166	0.440166	0	0.440166	0.440166	0	0.440166	0.440166	0	0	0	0.440166	0.440166	0	0.440166	0.440166	0	0.440166	0.88028	0.440166	0	0.440166	0.440166	0	0	0.440166	0.88028	0.88028	0.440166	0	0.440166	0.440166	0.440166	0.440166	0	0.440166	0.440166	0.440166	0.88028	0.440166	0	0.440166	0.440166	0.440166	0.88028	0.440166	0	0	0.440166	0.440166	0	0	0	0.440166	0.440166	0	0	0	0.440166	0.440166	0	0.440166	0.440166	0	0	0	0.440166	0.440166	0	0	0	0	0	0	0	0	0.440166	0.440166	0	0	0	0	0	0	0	0	0	0	0	0	0	0	0	0.440166	0.440166	0	0	0	0	0	0	0	0.440166	0.440166	0	0	0	0	0	0	0.440166	0.440166	0	0	0	0.440166	0.440166	0	0	0	0	0.440166	0.440166	0	0	0
0.880185	1.32015	0.880185	0.440119	0.440119	0	0.440119	0.440119	0.440119	0.440119	0.440119	0.440119	0.440119	0.880185	0.440119	0	0	0.440119	0.880185	0.440119	0.440119	0.880185	0.440119	0	0.440119	0.440119	0.440119	0.880185	0.440119	0	0	0	0	0	0	0	0	0	0	0	0	0	0	0	0	0	0	0.440119	0.440119	0	0	0	0.880185	0.880185	0	0	0.440119	0.440119	0	0.440119	0.440119	0	0.440119	0.440119	0	0.440119	0.880185	0.440119	0	0	0.440119	0.880185	0.440119	0.440119	0.880185	0.880185	0.440119	0.440119	0.440119	0.440119	0.880185	0.440119	0.440119	0.440119	0.440119	0.440119	0.440119	0.440119	0.440119	0.440119	0	0.440119	0.440119	0	0.440119	0.440119	0	0	0	0	0	0	0	0	0	0.440119	0.440119	0	0	0	0	0	0	0	0.440119	0.440119	0	0	0.440119	0.440119	0	0	0	0.440119	0.440119	0	0	0.440119	0.440119	0	0.440119	0.440119	0	0.440119	0.440119	0	0.440119	0.440119	0	0	0	0.440119	0.440119	0	0.440119	0.440119	0	0.440119	0.880185	0.440119	0	0.440119	0.440119	0	0	0.440119	0.880185	0.880185	0.440119	0	0.440119	0.440119	0.440119	0.440119	0	0.440119	0.440119	0.440119	0.880185	0.440119	0	0.440119	0.440119	0.440119	0.880185	0.440119	0	0	0.440119	0.440119	0	0	0	0.440119	0.440119	0	0	0	0.440119	0.440119	0	0.440119	0.440119	0	0	0	0.440119	0.440119	0	0	0	0	0	0	0	0	0.440119	0.440119	0	0	0	0	0	0	0	0	0	0	0	0	0	0	0	0.440119	0.440119	0	0	0	0	0	0	0	0.440119	0.440119	0	0	0	0	0	0	0.440119	0.440119	0	0	0	0.440119	0.440119	0	0	0	0	0.440119	0.440119	0	0	0
0.880104	1.32003	0.880104	0.440078	0.440078	0	0.440078	0.440078	0.440078	0.440078	0.440078	0.440078	0.440078	0.880104	0.440078	0	0	0.440078	0.880104	0.440078	0.440078	0.880104	0.440078	0	0.440078	0.440078	0.440078	0.880104	0.440078	0	0	0	0	0	0	0	0	0	0	0	0	0	0	0	0	0	0	0.440078	0.440078	0	0	0	0.880104	0.880104	0	0	0.440078	0.440078	0	0.440078	0.440078	0	0.440078	0.440078	0	0.440078	0.880104	0.440078	0	0	0.440078	0.880104	0.440078	0.440078	0.880104	0.880104	0.440078	0.440078	0.440078	0.440078	0.880104	0.440078	0.440078	0.440078	0.440078	0.440078	0.440078	0.440078	0.440078	0.440078	0	0.440078	0.440078	0	0.440078	0.440078	0	0	0	0	0	0	0	0	0	0.440078	0.440078	0	0	0	0	0	0	0	0.440078	0.440078	0	0	0.440078	0.440078	0	0	0	0.440078	0.440078	0	0	0.440078	0.440078	0	0.440078	0.440078	0	0.440078	0.440078	0	0.440078	0.440078	0	0	0	0.440078	0.440078	0	0.440078	0.440078	0	0.440078	0.880104	0.440078	0	0.440078	0.440078	0	0	0.440078	0.880104	0.880104	0.440078	0	0.440078	0.440078	0.440078	0.440078	0	0.440078	0.440078	0.440078	0.880104	0.440078	0	0.440078	0.440078	0.440078	0.880104	0.440078	0	0	0.440078	0.440078	0	0	0	0.440078	0.440078	0	0	0	0.440078	0.440078	0	0.440078	0.440078	0	0	0	0.440078	0.440078	0	0	0	0	0	0	0	0	0.440078	0.440078	0	0	0	0	0	0	0	0	0	0	0	0	0	0	0	0.440078	0.440078	0	0	0	0	0	0	0	0.440078	0.440078	0	0	0	0	0	0	0.440078	0.440078	0	0	0	0.440078	0.440078	0	0	0	0	0.440078	0.440078	0	0	0
0.880023	1.31991	0.880023	0.440038	0.440038	0	0.440038	0.440038	0.440038	0.440038	0.440038	0.440038	0.440038	0.880023	0.440038	0	0	0.440038	0.880023	0.440038	0.440038	0.880023	0.440038	0	0.440038	0.440038	0.440038	0.880023	0.440038	0	0	0	0	0	0	0	0	0	0	0	0	0	0	0	0	0	0	0.440038	0.440038	0	0	0	0.880023	0.880023	0	0	0.440038	0.440038	0	0.440038	0.440038	0	0.440038	0.440038	0	0.440038	0.880023	0.440038	0	0	0.440038	0.880023	0.440038	0.440038	0.880023	0.880023	0.440038	0.440038	0.440038	0.440038	0.880023	0.440038	0.440038	0.440038	0.440038	0.440038	0.440038	0.440038	0.440038	0.440038	0	0.440038	0.440038	0	0.440038	0.440038	0	0	0	0	0	0	0	0	0	0.440038	0.440038	0	0	0	0	0	0	0	0.440038	0.440038	0	0	0.440038	0.440038	0	0	0	0.440038	0.440038	0	0	0.440038	0.440038	0	0.440038	0.440038	0	0.440038	0.440038	0	0.440038	0.440038	0	0	0	0.440038	0.440038	0	0.440038	0.440038	0	0.440038	0.880023	0.440038	0	0.440038	0.440038	0	0	0.440038	0.880023	0.880023	0.440038	0	0.440038	0.440038	0.440038	0.440038	0	0.440038	0.440038	0.440038	0.880023	0.440038	0	0.440038	0.440038	0.440038	0.880023	0.440038	0	0	0.440038	0.440038	0	0	0	0.440038	0.440038	0	0	0	0.440038	0.440038	0	0.440038	0.440038	0	0	0	0.440038	0.440038	0	0	0	0	0	0	0	0	0.440038	0.440038	0	0	0	0	0	0	0	0	0	0	0	0	0	0	0	0.440038	0.440038	0	0	0	0	0	0	0	0.440038	0.440038	0	0	0	0	0	0	0.440038	0.440038	0	0	0	0.440038	0.440038	0	0	0	0	0.440038	0.440038	0	0	0
0.879942	1.31978	0.879942	0.439997	0.439997	0	0.439997	0.439997	0.439997	0.439997	0.439997	0.439997	0.439997	0.879942	0.439997	0	0	0.439997	0.879942	0.439997	0.439997	0.879942	0.439997	0	0.439997	0.439997	0.439997	0.879942	0.439997	0	0	0	0	0	0	0	0	0	0	0	0	0	0	0	0	0	0	0.439997	0.439997	0	0	0	0.879942	0.879942	0	0	0.439997	0.439997	0	0.439997	0.439997	0	0.439997	0.439997	0	0.439997	0.879942	0.439997	0	0	0.439997	0.879942	0.439997	0.439997	0.879942	0.879942	0.439997	0.439997	0.439997	0.439997	0.879942	0.439997	0.439997	0.439997	0.439997	0.439997	0.439997	0.439997	0.439997	0.439997	0	0.439997	0.439997	0	0.439997	0.439997	0	0	0	0	0	0	0	0	0	0.439997	0.439997	0	0	0	0	0	0	0	0.439997	0.439997	0	0	0.439997	0.439997	0	0	0	0.439997	0.439997	0	0	0.439997	0.439997	0	0.439997	0.439997	0	0.439997	0.439997	0	0.439997	0.439997	0	0	0	0.439997	0.439997	0	0.439997	0.439997	0	0.439997	0.879942	0.439997	0	0.439997	0.439997	0	0	0.439997	0.879942	0.879942	0.439997	0	0.439997	0.439997	0.439997	0.439997	0	0.439997	0.439997	0.439997	0.879942	0.439997	0	0.439997	0.439997	0.439997	0.879942	0.439997	0	0	0.439997	0.439997	0	0	0	0.439997	0.439997	0	0	0	0.439997	0.439997	0	0.439997	0.439997	0	0	0	0.439997	0.439997	0	0	0	0	0	0	0	0	0.439997	0.439997	0	0	0	0	0	0	0	0	0	0	0	0	0	0	0	0.439997	0.439997	0	0	0	0	0	0	0	0.439997	0.439997	0	0	0	0	0	0	0.439997	0.439997	0	0	0	0.439997	0.439997	0	0	0	0	0.439997	0.439997	0	0	0
0.879861	1.31966	0.879861	0.439956	0.439956	0	0.439956	0.439956	0.439956	0.439956	0.439956	0.439956	0.439956	0.879861	0.439956	0	0	0.439956	0.879861	0.439956	0.439956	0.879861	0.439956	0	0.439956	0.439956	0.439956	0.879861	0.439956	0	0	0	0	0	0	0	0	0	0	0	0	0	0	0	0	0	0	0.439956	0.439956	0	0	0	0.879861	0.879861	0	0	0.439956	0.439956	0	0.439956	0.439956	0	0.439956	0.439956	0	0.439956	0.879861	0.439956	0	0	0.439956	0.879861	0.439956	0.439956	0.879861	0.879861	0.439956	0.439956	0.439956	0.439956	0.879861	0.439956	0.439956	0.439956	0.439956	0.439956	0.439956	0.439956	0.439956	0.439956	0	0.439956	0.439956	0	0.439956	0.439956	0	0	0	0	0	0	0	0	0	0.439956	0.439956	0	0	0	0	0	0	0	0.439956	0.439956	0	0	0.439956	0.439956	0	0	0	0.439956	0.439956	0	0	0.439956	0.439956	0	0.439956	0.439956	0	0.439956	0.439956	0	0.439956	0.439956	0	0	0	0.439956	0.439956	0	0.439956	0.439956	0	0.439956	0.879861	0.439956	0	0.439956	0.439956	0	0	0.439956	0.879861	0.879861	0.439956	0	0.439956	0.439956	0.439956	0.439956	0	0.439956	0.439956	0.439956	0.879861	0.439956	0	0.439956	0.439956	0.439956	0.879861	0.439956	0	0	0.439956	0.439956	0	0	0	0.439956	0.439956	0	0	0	0.439956	0.439956	0	0.439956	0.439956	0	0	0	0.439956	0.439956	0	0	0	0	0	0	0	0	0.439956	0.439956	0	0	0	0	0	0	0	0	0	0	0	0	0	0	0	0.439956	0.439956	0	0	0	0	0	0	0	0.439956	0.439956	0	0	0	0	0	0	0.439956	0.439956	0	0	0	0.439956	0.439956	0	0	0	0	0.439956	0.439956	0	0	0
0.879767	1.31952	0.879767	0.439909	0.439909	0	0.439909	0.439909	0.439909	0.439909	0.439909	0.439909	0.439909	0.879767	0.439909	0	0	0.439909	0.879767	0.439909	0.439909	0.879767	0.439909	0	0.439909	0.439909	0.439909	0.879767	0.439909	0	0	0	0	0	0	0	0	0	0	0	0	0	0	0	0	0	0	0.439909	0.439909	0	0	0	0.879767	0.879767	0	0	0.439909	0.439909	0	0.439909	0.439909	0	0.439909	0.439909	0	0.439909	0.879767	0.439909	0	0	0.439909	0.879767	0.439909	0.439909	0.879767	0.879767	0.439909	0.439909	0.439909	0.439909	0.879767	0.439909	0.439909	0.439909	0.439909	0.439909	0.439909	0.439909	0.439909	0.439909	0	0.439909	0.439909	0	0.439909	0.439909	0	0	0	0	0	0	0	0	0	0.439909	0.439909	0	0	0	0	0	0	0	0.439909	0.439909	0	0	0.439909	0.439909	0	0	0	0.439909	0.439909	0	0	0.439909	0.439909	0	0.439909	0.439909	0	0.439909	0.439909	0	0.439909	0.439909	0	0	0	0.439909	0.439909	0	0.439909	0.439909	0	0.439909	0.879767	0.439909	0	0.439909	0.439909	0	0	0.439909	0.879767	0.879767	0.439909	0	0.439909	0.439909	0.439909	0.439909	0	0.439909	0.439909	0.439909	0.879767	0.439909	0	0.439909	0.439909	0.439909	0.879767	0.439909	0	0	0.439909	0.439909	0	0	0	0.439909	0.439909	0	0	0	0.439909	0.439909	0	0.439909	0.439909	0	0	0	0.439909	0.439909	0	0	0	0	0	0	0	0	0.439909	0.439909	0	0	0	0	0	0	0	0	0	0	0	0	0	0	0	0.439909	0.439909	0	0	0	0	0	0	0	0.439909	0.439909	0	0	0	0	0	0	0.439909	0.439909	0	0	0	0.439909	0.439909	0	0	0	0	0.439909	0.439909	0	0	0
0.879685	1.3194	0.879685	0.439869	0.439869	0	0.439869	0.439869	0.439869	0.439869	0.439869	0.439869	0.439869	0.879685	0.439869	0	0	0.439869	0.879685	0.439869	0.439869	0.879685	0.439869	0	0.439869	0.439869	0.439869	0.879685	0.439869	0	0	0	0	0	0	0	0	0	0	0	0	0	0	0	0	0	0	0.439869	0.439869	0	0	0	0.879685	0.879685	0	0	0.439869	0.439869	0	0.439869	0.439869	0	0.439869	0.439869	0	0.439869	0.879685	0.439869	0	0	0.439869	0.879685	0.439869	0.439869	0.879685	0.879685	0.439869	0.439869	0.439869	0.439869	0.879685	0.439869	0.439869	0.439869	0.439869	0.439869	0.439869	0.439869	0.439869	0.439869	0	0.439869	0.439869	0	0.439869	0.439869	0	0	0	0	0	0	0	0	0	0.439869	0.439869	0	0	0	0	0	0	0	0.439869	0.439869	0	0	0.439869	0.439869	0	0	0	0.439869	0.439869	0	0	0.439869	0.439869	0	0.439869	0.439869	0	0.439869	0.439869	0	0.439869	0.439869	0	0	0	0.439869	0.439869	0	0.439869	0.439869	0	0.439869	0.879685	0.439869	0	0.439869	0.439869	0	0	0.439869	0.879685	0.879685	0.439869	0	0.439869	0.439869	0.439869	0.439869	0	0.439869	0.439869	0.439869	0.879685	0.439869	0	0.439869	0.439869	0.439869	0.879685	0.439869	0	0	0.439869	0.439869	0	0	0	0.439869	0.439869	0	0	0	0.439869	0.439869	0	0.439869	0.439869	0	0	0	0.439869	0.439869	0	0	0	0	0	0	0	0	0.439869	0.439869	0	0	0	0	0	0	0	0	0	0	0	0	0	0	0	0.439869	0.439869	0	0	0	0	0	0	0	0.439869	0.439869	0	0	0	0	0	0	0.439869	0.439869	0	0	0	0.439869	0.439869	0	0	0	0	0.439869	0.439869	0	0	0
0.879604	1.31928	0.879604	0.439828	0.439828	0	0.439828	0.439828	0.439828	0.439828	0.439828	0.439828	0.439828	0.879604	0.439828	0	0	0.439828	0.879604	0.439828	0.439828	0.879604	0.439828	0	0.439828	0.439828	0.439828	0.879604	0.439828	0	0	0	0	0	0	0	0	0	0	0	0	0	0	0	0	0	0	0.439828	0.439828	0	0	0	0.879604	0.879604	0	0	0.439828	0.439828	0	0.439828	0.439828	0	0.439828	0.439828	0	0.439828	0.879604	0.439828	0	0	0.439828	0.879604	0.439828	0.439828	0.879604	0.879604	0.439828	0.439828	0.439828	0.439828	0.879604	0.439828	0.439828	0.439828	0.439828	0.439828	0.439828	0.439828	0.439828	0.439828	0	0.439828	0.439828	0	0.439828	0.439828	0	0	0	0	0	0	0	0	0	0.439828	0.439828	0	0	0	0	0	0	0	0.439828	0.439828	0	0	0.439828	0.439828	0	0	0	0.439828	0.439828	0	0	0.439828	0.439828	0	0.439828	0.439828	0	0.439828	0.439828	0	0.439828	0.439828	0	0	0	0.439828	0.439828	0	0.439828	0.439828	0	0.439828	0.879604	0.439828	0	0.439828	0.439828	0	0	0.439828	0.879604	0.879604	0.439828	0	0.439828	0.439828	0.439828	0.439828	0	0.439828	0.439828	0.439828	0.879604	0.439828	0	0.439828	0.439828	0.439828	0.879604	0.439828	0	0	0.439828	0.439828	0	0	0	0.439828	0.439828	0	0	0	0.439828	0.439828	0	0.439828	0.439828	0	0	0	0.439828	0.439828	0	0	0	0	0	0	0	0	0.439828	0.439828	0	0	0	0	0	0	0	0	0	0	0	0	0	0	0	0.439828	0.439828	0	0	0	0	0	0	0	0.439828	0.439828	0	0	0	0	0	0	0.439828	0.439828	0	0	0	0.439828	0.439828	0	0	0	0	0.439828	0.439828	0	0	0
0.879523	1.31916	0.879523	0.439788	0.439788	0	0.439788	0.439788	0.439788	0.439788	0.439788	0.439788	0.439788	0.879523	0.439788	0	0	0.439788	0.879523	0.439788	0.439788	0.879523	0.439788	0	0.439788	0.439788	0.439788	0.879523	0.439788	0	0	0	0	0	0	0	0	0	0	0	0	0	0	0	0	0	0	0.439788	0.439788	0	0	0	0.879523	0.879523	0	0	0.439788	0.439788	0	0.439788	0.439788	0	0.439788	0.439788	0	0.439788	0.879523	0.439788	0	0	0.439788	0.879523	0.439788	0.439788	0.879523	0.879523	0.439788	0.439788	0.439788	0.439788	0.879523	0.439788	0.439788	0.439788	0.439788	0.439788	0.439788	0.439788	0.439788	0.439788	0	0.439788	0.439788	0	0.439788	0.439788	0	0	0	0	0	0	0	0	0	0.439788	0.439788	0	0	0	0	0	0	0	0.439788	0.439788	0	0	0.439788	0.439788	0	0	0	0.439788	0.439788	0	0	0.439788	0.439788	0	0.439788	0.439788	0	0.439788	0.439788	0	0.439788	0.439788	0	0	0	0.439788	0.439788	0	0.439788	0.439788	0	0.439788	0.879523	0.439788	0	0.439788	0.439788	0	0	0.439788	0.879523	0.879523	0.439788	0	0.439788	0.439788	0.439788	0.439788	0	0.439788	0.439788	0.439788	0.879523	0.439788	0	0.439788	0.439788	0.439788	0.879523	0.439788	0	0	0.439788	0.439788	0	0	0	0.439788	0.439788	0	0	0	0.439788	0.439788	0	0.439788	0.439788	0	0	0	0.439788	0.439788	0	0	0	0	0	0	0	0	0.439788	0.439788	0	0	0	0	0	0	0	0	0	0	0	0	0	0	0	0.439788	0.439788	0	0	0	0	0	0	0	0.439788	0.439788	0	0	0	0	0	0	0.439788	0.439788	0	0	0	0.439788	0.439788	0	0	0	0	0.439788	0.439788	0	0	0
0.879442	1.31903	0.879442	0.439747	0.439747	0	0.439747	0.439747	0.439747	0.439747	0.439747	0.439747	0.439747	0.879442	0.439747	0	0	0.439747	0.879442	0.439747	0.439747	0.879442	0.439747	0	0.439747	0.439747	0.439747	0.879442	0.439747	0	0	0	0	0	0	0	0	0	0	0	0	0	0	0	0	0	0	0.439747	0.439747	0	0	0	0.879442	0.879442	0	0	0.439747	0.439747	0	0.439747	0.439747	0	0.439747	0.439747	0	0.439747	0.879442	0.439747	0	0	0.439747	0.879442	0.439747	0.439747	0.879442	0.879442	0.439747	0.439747	0.439747	0.439747	0.879442	0.439747	0.439747	0.439747	0.439747	0.439747	0.439747	0.439747	0.439747	0.439747	0	0.439747	0.439747	0	0.439747	0.439747	0	0	0	0	0	0	0	0	0	0.439747	0.439747	0	0	0	0	0	0	0	0.439747	0.439747	0	0	0.439747	0.439747	0	0	0	0.439747	0.439747	0	0	0.439747	0.439747	0	0.439747	0.439747	0	0.439747	0.439747	0	0.439747	0.439747	0	0	0	0.439747	0.439747	0	0.439747	0.439747	0	0.439747	0.879442	0.439747	0	0.439747	0.439747	0	0	0.439747	0.879442	0.879442	0.439747	0	0.439747	0.439747	0.439747	0.439747	0	0.439747	0.439747	0.439747	0.879442	0.439747	0	0.439747	0.439747	0.439747	0.879442	0.439747	0	0	0.439747	0.439747	0	0	0	0.439747	0.439747	0	0	0	0.439747	0.439747	0	0.439747	0.439747	0	0	0	0.439747	0.439747	0	0	0	0	0	0	0	0	0.439747	0.439747	0	0	0	0	0	0	0	0	0	0	0	0	0	0	0	0.439747	0.439747	0	0	0	0	0	0	0	0.439747	0.439747	0	0	0	0	0	0	0.439747	0.439747	0	0	0	0.439747	0.439747	0	0	0	0	0.439747	0.439747	0	0	0
2.36671	2.41211	2.02028	1.81249	1.9473	2.09074	2.2411	2.2411	2.2411	2.2411	2.2411	2.2411	2.2411	2.22489	1.89708	1.87147	2.09074	2.11369	1.87789	1.4664	1.3903	1.43305	1.04282	0.879415	0.837175	0.640989	0.621841	0.83713	0.347619	0	0.155466	0.34764	0.439734	0.439734	0.439734	0.439734	0.34764	0.155466	0	0	0	0.155466	0.34764	0.439734	0.439734	0.560544	0.777313	0.837175	0.640989	0.439734	0.560544	0.777313	1.08813	0.945568	0.560544	0.777313	0.837175	0.792687	0.777313	0.983182	0.983182	0.995408	1.3281	1.53085	1.65224	1.81249	1.96579	1.81249	1.99022	2.4271	2.6729	2.77897	2.6729	2.6729	2.77897	2.77897	2.6729	2.6729	2.6729	2.54825	2.43205	2.2411	2.2411	2.2411	2.37182	2.58581	2.54825	2.3308	2.2411	2.37182	2.52926	2.54825	2.3308	2.19763	2.2411	2.2411	2.19763	2.19763	2.19763	2.19763	2.19763	2.19763	2.19763	2.19763	2.19763	2.11369	1.89708	1.75842	1.75842	1.75842	1.75842	1.65224	1.43308	1.31899	1.4664	1.60026	1.43308	1.31899	1.4664	1.6812	1.65224	1.43308	1.31899	1.3903	1.3281	0.995408	0.879415	0.983182	0.983182	0.879415	0.983182	0.983182	0.879415	0.983182	0.983182	0.777313	0.792687	0.837175	0.777313	0.491627	0.155466	0.347619	0.491605	0.155466	0.4397	0.4397	0	0.4397	0.879348	0.4397	0.155466	0.491605	0.347619	0.155466	0.34764	0.621841	0.83713	0.777256	0.4397	0.155466	0.640966	0.621841	0.621841	0.621841	0.439734	0.621841	0.621841	0.621841	0.983137	0.621841	0.439734	0.621841	0.621841	0.466389	0.777256	0.4397	0.155466	0.34764	0.621841	0.621841	0.439734	0.439734	0.560544	0.792687	0.640989	0.560544	0.777313	0.995408	1.18386	1.04282	0.879415	0.837175	0.792687	0.777313	0.879415	0.879415	0.983182	0.983182	0.879415	0.879415	0.995408	1.2141	1.31899	1.43308	1.65224	1.75842	1.6812	1.4664	1.31899	1.31899	1.31899	1.31899	1.31899	1.31899	1.31899	1.31899	1.31899	1.31899	1.31899	1.31899	1.31899	1.31899	1.31899	1.4664	1.6812	1.75842	1.75842	1.75842	1.75842	1.75842	1.75842	1.65224	1.60026	1.6812	1.75842	1.75842	1.75842	1.75842	1.65224	1.43308	1.4664	1.6812	1.75842	1.75842	1.75842	1.89708	2.11369	2.19763	2.19763	2.19763	2.09074	2.02626	2.11369	2.19763	2.19763	2.19763
2.36649	2.30977	1.94712	1.81232	2.02009	2.1135	2.2409	2.2409	2.2409	2.2409	2.2409	2.2409	2.2409	2.15866	1.8713	1.89691	2.1135	2.09055	1.77193	1.43295	1.39018	1.32798	0.995316	0.879335	0.777241	0.560492	0.621784	0.640907	0.155452	0	0.347587	0.466346	0.439693	0.439693	0.439693	0.439693	0.466346	0.347587	0	0	0	0.347587	0.466346	0.439693	0.439693	0.64093	0.837098	0.777241	0.560492	0.439693	0.64093	0.837098	0.945504	0.777213	0.64093	0.837098	0.777241	0.792614	0.837098	0.983091	0.983091	1.04272	1.43292	1.62257	1.68105	1.81232	1.9656	1.81232	2.08475	2.50508	2.67266	2.77872	2.67266	2.67266	2.77872	2.77872	2.67266	2.67266	2.67266	2.52903	2.3716	2.2409	2.2409	2.2409	2.43182	2.6409	2.52903	2.3098	2.2409	2.43182	2.54802	2.52903	2.3098	2.19743	2.2409	2.2409	2.19743	2.19743	2.19743	2.19743	2.19743	2.19743	2.19743	2.19743	2.19743	2.09055	1.8713	1.75825	1.75825	1.75825	1.75825	1.68105	1.46626	1.31887	1.43295	1.60011	1.46626	1.31887	1.43295	1.65208	1.68105	1.46626	1.31887	1.39018	1.43292	1.04272	0.879335	0.983091	0.983091	0.879335	0.983091	0.983091	0.879335	0.983091	0.983091	0.837098	0.792614	0.777241	0.837098	0.792591	0.347587	0.155452	0.491559	0.347587	0.439659	0.439659	0	0.439659	0.879267	0.439659	0.347587	0.491559	0.155452	0.347587	0.466346	0.621784	0.640907	0.560453	0.439659	0.347587	0.837053	0.621784	0.621784	0.621784	0.439693	0.621784	0.621784	0.621784	0.983046	0.621784	0.439693	0.621784	0.621784	0.347608	0.560453	0.439659	0.347587	0.466346	0.621784	0.621784	0.439693	0.439693	0.64093	0.792614	0.560492	0.64093	0.837098	1.04272	1.18375	0.995316	0.879335	0.777241	0.792614	0.837098	0.879335	0.879335	0.983091	0.983091	0.879335	0.879335	1.04272	1.25314	1.31887	1.46626	1.68105	1.75825	1.65208	1.43295	1.31887	1.31887	1.31887	1.31887	1.31887	1.31887	1.31887	1.31887	1.31887	1.31887	1.31887	1.31887	1.31887	1.31887	1.31887	1.43295	1.65208	1.75825	1.75825	1.75825	1.75825	1.75825	1.75825	1.68105	1.60011	1.65208	1.75825	1.75825	1.75825	1.75825	1.68105	1.46626	1.43295	1.65208	1.75825	1.75825	1.75825	1.8713	2.09055	2.19743	2.19743	2.19743	2.1135	2.02607	2.09055	2.19743	2.19743	2.19743
0.879186	0.879186	0.439619	0.439619	0.879186	0.439619	0.439619	0.439619	0.439619	0.439619	0.439619	0.439619	0.439619	0.439619	0	0.439619	0.439619	0	0	0	0.439619	0.439619	0	0	0	0	0.439619	0.439619	0	0	0.439619	0.439619	0	0	0	0	0.439619	0.439619	0	0	0	0.439619	0.439619	0	0	0.439619	0.439619	0	0	0	0.439619	0.439619	0.439619	0.439619	0.439619	0.439619	0	0.439619	0.439619	0.439619	0.439619	0.439619	0.879186	0.879186	0.439619	0.439619	0.879186	0.439619	0.879186	0.879186	0.439619	0.879186	0.439619	0.439619	0.879186	0.879186	0.439619	0.439619	0.439619	0	0.439619	0.439619	0.439619	0.439619	0.879186	0.879186	0	0	0.439619	0.879186	0.439619	0	0	0	0.439619	0.439619	0	0	0	0	0	0	0	0	0	0	0	0	0	0	0	0.439619	0.439619	0	0	0.439619	0.439619	0	0	0	0.439619	0.439619	0	0.439619	0.879186	0.439619	0	0.439619	0.439619	0	0.439619	0.439619	0	0.439619	0.439619	0.439619	0.439619	0	0.439619	0.879186	0.439619	0	0.439619	0.439619	0.439619	0.439619	0	0.439619	0.879186	0.439619	0.439619	0.439619	0	0.439619	0.439619	0.439619	0.439619	0.439619	0.439619	0.439619	0.879186	0.439619	0.439619	0.439619	0	0.439619	0.439619	0.439619	0.879186	0.439619	0	0.439619	0.439619	0	0.439619	0.439619	0.439619	0.439619	0.439619	0.439619	0	0	0.439619	0.439619	0	0.439619	0.439619	0.439619	0.439619	0	0	0	0.439619	0.439619	0	0	0.439619	0.439619	0	0	0.439619	0.439619	0	0.439619	0.439619	0	0	0	0	0	0	0	0	0	0	0	0	0	0	0	0	0	0	0	0	0	0	0	0	0	0	0.439619	0.439619	0	0	0	0	0	0.439619	0.439619	0	0	0	0	0	0	0	0	0	0	0.439619	0.439619	0	0	0	0
0.879105	0.879105	0.439578	0.439578	0.879105	0.439578	0.439578	0.439578	0.439578	0.439578	0.439578	0.439578	0.439578	0.439578	0	0.439578	0.439578	0	0	0	0.439578	0.439578	0	0	0	0	0.439578	0.439578	0	0	0.439578	0.439578	0	0	0	0	0.439578	0.439578	0	0	0	0.439578	0.439578	0	0	0.439578	0.439578	0	0	0	0.439578	0.439578	0.439578	0.439578	0.439578	0.439578	0	0.439578	0.439578	0.439578	0.439578	0.439578	0.879105	0.879105	0.439578	0.439578	0.879105	0.439578	0.879105	0.879105	0.439578	0.879105	0.439578	0.439578	0.879105	0.879105	0.439578	0.439578	0.439578	0	0.439578	0.439578	0.439578	0.439578	0.879105	0.879105	0	0	0.439578	0.879105	0.439578	0	0	0	0.439578	0.439578	0	0	0	0	0	0	0	0	0	0	0	0	0	0	0	0.439578	0.439578	0	0	0.439578	0.439578	0	0	0	0.439578	0.439578	0	0.439578	0.879105	0.439578	0	0.439578	0.439578	0	0.439578	0.439578	0	0.439578	0.439578	0.439578	0.439578	0	0.439578	0.879105	0.439578	0	0.439578	0.439578	0.439578	0.439578	0	0.439578	0.879105	0.439578	0.439578	0.439578	0	0.439578	0.439578	0.439578	0.439578	0.439578	0.439578	0.439578	0.879105	0.439578	0.439578	0.439578	0	0.439578	0.439578	0.439578	0.879105	0.439578	0	0.439578	0.439578	0	0.439578	0.439578	0.439578	0.439578	0.439578	0.439578	0	0	0.439578	0.439578	0	0.439578	0.439578	0.439578	0.439578	0	0	0	0.439578	0.439578	0	0	0.439578	0.439578	0	0	0.439578	0.439578	0	0.439578	0.439578	0	0	0	0	0	0	0	0	0	0	0	0	0	0	0	0	0	0	0	0	0	0	0	0	0	0	0.439578	0.439578	0	0	0	0	0	0.439578	0.439578	0	0	0	0	0	0	0	0	0	0	0.439578	0.439578	0	0	0	0
0.879011	0.879011	0.439531	0.439531	0.879011	0.439531	0.439531	0.439531	0.439531	0.439531	0.439531	0.439531	0.439531	0.439531	0	0.439531	0.439531	0	0	0	0.439531	0.439531	0	0	0	0	0.439531	0.439531	0	0	0.439531	0.439531	0	0	0	0	0.439531	0.439531	0	0	0	0.439531	0.439531	0	0	0.439531	0.439531	0	0	0	0.439531	0.439531	0.439531	0.439531	0.439531	0.439531	0	0.439531	0.439531	0.439531	0.439531	0.439531	0.879011	0.879011	0.439531	0.439531	0.879011	0.439531	0.879011	0.879011	0.439531	0.879011	0.439531	0.439531	0.879011	0.879011	0.439531	0.439531	0.439531	0	0.439531	0.439531	0.439531	0.439531	0.879011	0.879011	0	0	0.439531	0.879011	0.439531	0	0	0	0.439531	0.439531	0	0	0	0	0	0	0	0	0	0	0	0	0	0	0	0.439531	0.439531	0	0	0.439531	0.439531	0	0	0	0.439531	0.439531	0	0.439531	0.879011	0.439531	0	0.439531	0.439531	0	0.439531	0.439531	0	0.439531	0.439531	0.439531	0.439531	0	0.439531	0.879011	0.439531	0	0.439531	0.439531	0.439531	0.439531	0	0.439531	0.879011	0.439531	0.439531	0.439531	0	0.439531	0.439531	0.439531	0.439531	0.439531	0.439531	0.439531	0.879011	0.439531	0.439531	0.439531	0	0.439531	0.439531	0.439531	0.879011	0.439531	0	0.439531	0.439531	0	0.439531	0.439531	0.439531	0.439531	0.439531	0.439531	0	0	0.439531	0.439531	0	0.439531	0.439531	0.439531	0.439531	0	0	0	0.439531	0.439531	0	0	0.439531	0.439531	0	0	0.439531	0.439531	0	0.439531	0.439531	0	0	0	0	0	0	0	0	0	0	0	0	0	0	0	0	0	0	0	0	0	0	0	0	0	0	0.439531	0.439531	0	0	0	0	0	0.439531	0.439531	0	0	0	0	0	0	0	0	0	0	0.439531	0.439531	0	0	0	0
0.87893	0.87893	0.439491	0.439491	0.87893	0.439491	0.439491	0.439491	0.439491	0.439491	0.439491	0.439491	0.439491	0.439491	0	0.439491	0.439491	0	0	0	0.439491	0.439491	0	0	0	0	0.439491	0.439491	0	0	0.439491	0.439491	0	0	0	0	0.439491	0.439491	0	0	0	0.439491	0.439491	0	0	0.439491	0.439491	0	0	0	0.439491	0.439491	0.439491	0.439491	0.439491	0.439491	0	0.439491	0.439491	0.439491	0.439491	0.439491	0.87893	0.87893	0.439491	0.439491	0.87893	0.439491	0.87893	0.87893	0.439491	0.87893	0.439491	0.439491	0.87893	0.87893	0.439491	0.439491	0.439491	0	0.439491	0.439491	0.439491	0.439491	0.87893	0.87893	0	0	0.439491	0.87893	0.439491	0	0	0	0.439491	0.439491	0	0	0	0	0	0	0	0	0	0	0	0	0	0	0	0.439491	0.439491	0	0	0.439491	0.439491	0	0	0	0.439491	0.439491	0	0.439491	0.87893	0.439491	0	0.439491	0.439491	0	0.439491	0.439491	0	0.439491	0.439491	0.439491	0.439491	0	0.439491	0.87893	0.439491	0	0.439491	0.439491	0.439491	0.439491	0	0.439491	0.87893	0.439491	0.439491	0.439491	0	0.439491	0.439491	0.439491	0.439491	0.439491	0.439491	0.439491	0.87893	0.439491	0.439491	0.439491	0	0.439491	0.439491	0.439491	0.87893	0.439491	0	0.439491	0.439491	0	0.439491	0.439491	0.439491	0.439491	0.439491	0.439491	0	0	0.439491	0.439491	0	0.439491	0.439491	0.439491	0.439491	0	0	0	0.439491	0.439491	0	0	0.439491	0.439491	0	0	0.439491	0.439491	0	0.439491	0.439491	0	0	0	0	0	0	0	0	0	0	0	0	0	0	0	0	0	0	0	0	0	0	0	0	0	0	0.439491	0.439491	0	0	0	0	0	0.439491	0.439491	0	0	0	0	0	0	0	0	0	0	0.439491	0.439491	0	0	0	0
0.878849	0.878849	0.43945	0.43945	0.878849	0.43945	0.43945	0.43945	0.43945	0.43945	0.43945	0.43945	0.43945	0.43945	0	0.43945	0.43945	0	0	0	0.43945	0.43945	0	0	0	0	0.43945	0.43945	0	0	0.43945	0.43945	0	0	0	0	0.43945	0.43945	0	0	0	0.43945	0.43945	0	0	0.43945	0.43945	0	0	0	0.43945	0.43945	0.43945	0.43945	0.43945	0.43945	0	0.43945	0.43945	0.43945	0.43945	0.43945	0.878849	0.878849	0.43945	0.43945	0.878849	0.43945	0.878849	0.878849	0.43945	0.878849	0.43945	0.43945	0.878849	0.878849	0.43945	0.43945	0.43945	0	0.43945	0.43945	0.43945	0.43945	0.878849	0.878849	0	0	0.43945	0.878849	0.43945	0	0	0	0.43945	0.43945	0	0	0	0	0	0	0	0	0	0	0	0	0	0	0	0.43945	0.43945	0	0	0.43945	0.43945	0	0	0	0.43945	0.43945	0	0.43945	0.878849	0.43945	0	0.43945	0.43945	0	0.43945	0.43945	0	0.43945	0.43945	0.43945	0.43945	0	0.43945	0.878849	0.43945	0	0.43945	0.43945	0.43945	0.43945	0	0.43945	0.878849	0.43945	0.43945	0.43945	0	0.43945	0.43945	0.43945	0.43945	0.43945	0.43945	0.43945	0.878849	0.43945	0.43945	0.43945	0	0.43945	0.43945	0.43945	0.878849	0.43945	0	0.43945	0.43945	0	0.43945	0.43945	0.43945	0.43945	0.43945	0.43945	0	0	0.43945	0.43945	0	0.43945	0.43945	0.43945	0.43945	0	0	0	0.43945	0.43945	0	0	0.43945	0.43945	0	0	0.43945	0.43945	0	0.43945	0.43945	0	0	0	0	0	0	0	0	0	0	0	0	0	0	0	0	0	0	0	0	0	0	0	0	0	0	0.43945	0.43945	0	0	0	0	0	0.43945	0.43945	0	0	0	0	0	0	0	0	0	0	0.43945	0.43945	0	0	0	0
0.878768	0.878768	0.43941	0.43941	0.878768	0.43941	0.43941	0.43941	0.43941	0.43941	0.43941	0.43941	0.43941	0.43941	0	0.43941	0.43941	0	0	0	0.43941	0.43941	0	0	0	0	0.43941	0.43941	0	0	0.43941	0.43941	0	0	0	0	0.43941	0.43941	0	0	0	0.43941	0.43941	0	0	0.43941	0.43941	0	0	0	0.43941	0.43941	0.43941	0.43941	0.43941	0.43941	0	0.43941	0.43941	0.43941	0.43941	0.43941	0.878768	0.878768	0.43941	0.43941	0.878768	0.43941	0.878768	0.878768	0.43941	0.878768	0.43941	0.43941	0.878768	0.878768	0.43941	0.43941	0.43941	0	0.43941	0.43941	0.43941	0.43941	0.878768	0.878768	0	0	0.43941	0.878768	0.43941	0	0	0	0.43941	0.43941	0	0	0	0	0	0	0	0	0	0	0	0	0	0	0	0.43941	0.43941	0	0	0.43941	0.43941	0	0	0	0.43941	0.43941	0	0.43941	0.878768	0.43941	0	0.43941	0.43941	0	0.43941	0.43941	0	0.43941	0.43941	0.43941	0.43941	0	0.43941	0.878768	0.43941	0	0.43941	0.43941	0.43941	0.43941	0	0.43941	0.878768	0.43941	0.43941	0.43941	0	0.43941	0.43941	0.43941	0.43941	0.43941	0.43941	0.43941	0.878768	0.43941	0.43941	0.43941	0	0.43941	0.43941	0.43941	0.878768	0.43941	0	0.43941	0.43941	0	0.43941	0.43941	0.43941	0.43941	0.43941	0.43941	0	0	0.43941	0.43941	0	0.43941	0.43941	0.43941	0.43941	0	0	0	0.43941	0.43941	0	0	0.43941	0.43941	0	0	0.43941	0.43941	0	0.43941	0.43941	0	0	0	0	0	0	0	0	0	0	0	0	0	0	0	0	0	0	0	0	0	0	0	0	0	0	0.43941	0.43941	0	0	0	0	0	0.43941	0.43941	0	0	0	0	0	0	0	0	0	0	0.43941	0.43941	0	0	0	0
0.878687	0.878687	0.439369	0.439369	0.878687	0.439369	0.439369	0.439369	0.439369	0.439369	0.439369	0.439369	0.439369	0.439369	0	0.439369	0.439369	0	0	0	0.439369	0.439369	0	0	0	0	0.439369	0.439369	0	0	0.439369	0.439369	0	0	0	0	0.439369	0.439369	0	0	0	0.439369	0.439369	0	0	0.439369	0.439369	0	0	0	0.439369	0.439369	0.439369	0.439369	0.439369	0.439369	0	0.439369	0.439369	0.439369	0.439369	0.439369	0.878687	0.878687	0.439369	0.439369	0.878687	0.439369	0.878687	0.878687	0.439369	0.878687	0.439369	0.439369	0.878687	0.878687	0.439369	0.439369	0.439369	0	0.439369	0.439369	0.439369	0.439369	0.878687	0.878687	0	0	0.439369	0.878687	0.439369	0	0	0	0.439369	0.439369	0	0	0	0	0	0	0	0	0	0	0	0	0	0	0	0.439369	0.439369	0	0	0.439369	0.439369	0	0	0	0.439369	0.439369	0	0.439369	0.878687	0.439369	0	0.439369	0.439369	0	0.439369	0.439369	0	0.439369	0.439369	0.439369	0.439369	0	0.439369	0.878687	0.439369	0	0.439369	0.439369	0.439369	0.439369	0	0.439369	0.878687	0.439369	0.439369	0.439369	0	0.439369	0.439369	0.439369	0.439369	0.439369	0.439369	0.439369	0.878687	0.439369	0.439369	0.439369	0	0.439369	0.439369	0.439369	0.878687	0.439369	0	0.439369	0.439369	0	0.439369	0.439369	0.439369	0.439369	0.439369	0.439369	0	0	0.439369	0.439369	0	0.439369	0.439369	0.439369	0.439369	0	0	0	0.439369	0.439369	0	0	0.439369	0.439369	0	0	0.439369	0.439369	0	0.439369	0.439369	0	0	0	0	0	0	0	0	0	0	0	0	0	0	0	0	0	0	0	0	0	0	0	0	0	0	0.439369	0.439369	0	0	0	0	0	0.439369	0.439369	0	0	0	0	0	0	0	0	0	0	0.439369	0.439369	0	0	0	0
0.878593	0.878593	0.439322	0.439322	0.878593	0.439322	0.439322	0.439322	0.439322	0.439322	0.439322	0.439322	0.439322	0.439322	0	0.439322	0.439322	0	0	0	0.439322	0.439322	0	0	0	0	0.439322	0.439322	0	0	0.439322	0.439322	0	0	0	0	0.439322	0.439322	0	0	0	0.439322	0.439322	0	0	0.439322	0.439322	0	0	0	0.439322	0.439322	0.439322	0.439322	0.439322	0.439322	0	0.439322	0.439322	0.439322	0.439322	0.439322	0.878593	0.878593	0.439322	0.439322	0.878593	0.439322	0.878593	0.878593	0.439322	0.878593	0.439322	0.439322	0.878593	0.878593	0.439322	0.439322	0.439322	0	0.439322	0.439322	0.439322	0.439322	0.878593	0.878593	0	0	0.439322	0.878593	0.439322	0	0	0	0.439322	0.439322	0	0	0	0	0	0	0	0	0	0	0	0	0	0	0	0.439322	0.439322	0	0	0.439322	0.439322	0	0	0	0.439322	0.439322	0	0.439322	0.878593	0.439322	0	0.439322	0.439322	0	0.439322	0.439322	0	0.439322	0.439322	0.439322	0.439322	0	0.439322	0.878593	0.439322	0	0.439322	0.439322	0.439322	0.439322	0	0.439322	0.878593	0.439322	0.439322	0.439322	0	0.439322	0.439322	0.439322	0.439322	0.439322	0.439322	0.439322	0.878593	0.439322	0.439322	0.439322	0	0.439322	0.439322	0.439322	0.878593	0.439322	0	0.439322	0.439322	0	0.439322	0.439322	0.439322	0.439322	0.439322	0.439322	0	0	0.439322	0.439322	0	0.439322	0.439322	0.439322	0.439322	0	0	0	0.439322	0.439322	0	0	0.439322	0.439322	0	0	0.439322	0.439322	0	0.439322	0.439322	0	0	0	0	0	0	0	0	0	0	0	0	0	0	0	0	0	0	0	0	0	0	0	0	0	0	0.439322	0.439322	0	0	0	0	0	0.439322	0.439322	0	0	0	0	0	0	0	0	0	0	0.439322	0.439322	0	0	0	0
0.878512	0.878512	0.439282	0.439282	0.878512	0.439282	0.439282	0.439282	0.439282	0.439282	0.439282	0.439282	0.439282	0.439282	0	0.439282	0.439282	0	0	0	0.439282	0.439282	0	0	0	0	0.439282	0.439282	0	0	0.439282	0.439282	0	0	0	0	0.439282	0.439282	0	0	0	0.439282	0.439282	0	0	0.439282	0.439282	0	0	0	0.439282	0.439282	0.439282	0.439282	0.439282	0.439282	0	0.439282	0.439282	0.439282	0.439282	0.439282	0.878512	0.878512	0.439282	0.439282	0.878512	0.439282	0.878512	0.878512	0.439282	0.878512	0.439282	0.439282	0.878512	0.878512	0.439282	0.439282	0.439282	0	0.439282	0.439282	0.439282	0.439282	0.878512	0.878512	0	0	0.439282	0.878512	0.439282	0	0	0	0.439282	0.439282	0	0	0	0	0	0	0	0	0	0	0	0	0	0	0	0.439282	0.439282	0	0	0.439282	0.439282	0	0	0	0.439282	0.439282	0	0.439282	0.878512	0.439282	0	0.439282	0.439282	0	0.439282	0.439282	0	0.439282	0.439282	0.439282	0.439282	0	0.439282	0.878512	0.439282	0	0.439282	0.439282	0.439282	0.439282	0	0.439282	0.878512	0.439282	0.439282	0.439282	0	0.439282	0.439282	0.439282	0.439282	0.439282	0.439282	0.439282	0.878512	0.439282	0.439282	0.439282	0	0.439282	0.439282	0.439282	0.878512	0.439282	0	0.439282	0.439282	0	0.439282	0.439282	0.439282	0.439282	0.439282	0.439282	0	0	0.439282	0.439282	0	0.439282	0.439282	0.439282	0.439282	0	0	0	0.439282	0.439282	0	0	0.439282	0.439282	0	0	0.439282	0.439282	0	0.439282	0.439282	0	0	0	0	0	0	0	0	0	0	0	0	0	0	0	0	0	0	0	0	0	0	0	0	0	0	0.439282	0.439282	0	0	0	0	0	0.439282	0.439282	0	0	0	0	0	0	0	0	0	0	0.439282	0.439282	0	0	0	0
0.878431	0.878431	0.439241	0.439241	0.878431	0.439241	0.439241	0.439241	0.439241	0.439241	0.439241	0.439241	0.439241	0.439241	0	0.439241	0.439241	0	0	0	0.439241	0.439241	0	0	0	0	0.439241	0.439241	0	0	0.439241	0.439241	0	0	0	0	0.439241	0.439241	0	0	0	0.439241	0.439241	0	0	0.439241	0.439241	0	0	0	0.439241	0.439241	0.439241	0.439241	0.439241	0.439241	0	0.439241	0.439241	0.439241	0.439241	0.439241	0.878431	0.878431	0.439241	0.439241	0.878431	0.439241	0.878431	0.878431	0.439241	0.878431	0.439241	0.439241	0.878431	0.878431	0.439241	0.439241	0.439241	0	0.439241	0.439241	0.439241	0.439241	0.878431	0.878431	0	0	0.439241	0.878431	0.439241	0	0	0	0.439241	0.439241	0	0	0	0	0	0	0	0	0	0	0	0	0	0	0	0.439241	0.439241	0	0	0.439241	0.439241	0	0	0	0.439241	0.439241	0	0.439241	0.878431	0.439241	0	0.439241	0.439241	0	0.439241	0.439241	0	0.439241	0.439241	0.439241	0.439241	0	0.439241	0.878431	0.439241	0	0.439241	0.439241	0.439241	0.439241	0	0.439241	0.878431	0.439241	0.439241	0.439241	0	0.439241	0.439241	0.439241	0.439241	0.439241	0.439241	0.439241	0.878431	0.439241	0.439241	0.439241	0	0.439241	0.439241	0.439241	0.878431	0.439241	0	0.439241	0.439241	0	0.439241	0.439241	0.439241	0.439241	0.439241	0.439241	0	0	0.439241	0.439241	0	0.439241	0.439241	0.439241	0.439241	0	0	0	0.439241	0.439241	0	0	0.439241	0.439241	0	0	0.439241	0.439241	0	0.439241	0.439241	0	0	0	0	0	0	0	0	0	0	0	0	0	0	0	0	0	0	0	0	0	0	0	0	0	0	0.439241	0.439241	0	0	0	0	0	0.439241	0.439241	0	0	0	0	0	0	0	0	0	0	0.439241	0.439241	0	0	0	0
0.878351	0.878351	0.439201	0.439201	0.878351	0.439201	0.439201	0.439201	0.439201	0.439201	0.439201	0.439201	0.439201	0.439201	0	0.439201	0.439201	0	0	0	0.439201	0.439201	0	0	0	0	0.439201	0.439201	0	0	0.439201	0.439201	0	0	0	0	0.439201	0.439201	0	0	0	0.439201	0.439201	0	0	0.439201	0.439201	0	0	0	0.439201	0.439201	0.439201	0.439201	0.439201	0.439201	0	0.439201	0.439201	0.439201	0.439201	0.439201	0.878351	0.878351	0.439201	0.439201	0.878351	0.439201	0.878351	0.878351	0.439201	0.878351	0.439201	0.439201	0.878351	0.878351	0.439201	0.439201	0.439201	0	0.439201	0.439201	0.439201	0.439201	0.878351	0.878351	0	0	0.439201	0.878351	0.439201	0	0	0	0.439201	0.439201	0	0	0	0	0	0	0	0	0	0	0	0	0	0	0	0.439201	0.439201	0	0	0.439201	0.439201	0	0	0	0.439201	0.439201	0	0.439201	0.878351	0.439201	0	0.439201	0.439201	0	0.439201	0.439201	0	0.439201	0.439201	0.439201	0.439201	0	0.439201	0.878351	0.439201	0	0.439201	0.439201	0.439201	0.439201	0	0.439201	0.878351	0.439201	0.439201	0.439201	0	0.439201	0.439201	0.439201	0.439201	0.439201	0.439201	0.439201	0.878351	0.439201	0.439201	0.439201	0	0.439201	0.439201	0.439201	0.878351	0.439201	0	0.439201	0.439201	0	0.439201	0.439201	0.439201	0.439201	0.439201	0.439201	0	0	0.439201	0.439201	0	0.439201	0.439201	0.439201	0.439201	0	0	0	0.439201	0.439201	0	0	0.439201	0.439201	0	0	0.439201	0.439201	0	0.439201	0.439201	0	0	0	0	0	0	0	0	0	0	0	0	0	0	0	0	0	0	0	0	0	0	0	0	0	0	0.439201	0.439201	0	0	0	0	0	0.439201	0.439201	0	0	0	0	0	0	0	0	0	0	0.439201	0.439201	0	0	0	0
1.62073	1.4313	1.04154	0.981976	1.0868	0.640203	0.465817	0.347192	0.439161	0.439161	0.439161	0.439161	0.347192	0.465817	0.439194	0.621079	0.621079	0.439194	0.439194	0.439194	0.621079	0.621079	0.559857	0.77636	0.878337	0.878337	1.04154	1.25172	1.31738	1.31738	1.4646	1.76992	2.08818	2.19494	2.19494	2.19494	2.1111	1.89476	1.75626	1.86918	2.08818	2.1111	2.02378	2.20588	2.52616	2.54513	2.32794	2.30718	2.64248	2.96401	3.10259	3.10259	3.10259	3.10259	3.10259	3.10259	3.07147	3.10259	3.10259	2.98017	2.76257	2.66963	2.77557	2.77557	2.66963	2.66963	2.77557	2.66963	2.63791	2.42907	2.23836	2.36381	2.23836	2.23836	2.36381	2.36381	2.23836	2.23836	2.23836	2.19494	2.23836	2.23836	2.23836	2.23836	2.22216	2.0178	1.86918	2.08818	2.1111	2.0178	1.81027	1.75626	1.75626	1.75626	1.67914	1.5983	1.65021	1.75626	1.75626	1.75626	1.75626	1.75626	1.75626	1.75626	1.75626	1.75626	1.75626	1.65021	1.43133	1.31738	1.31738	1.4646	1.5983	1.43133	1.31738	1.3886	1.3886	1.31738	1.31738	1.31738	1.3886	1.3886	1.31738	1.3886	1.62073	1.67914	1.65021	1.52897	1.3886	1.21261	1.18241	1.25172	1.21261	1.1303	0.981976	0.981976	0.981976	0.878337	0.981976	1.24201	0.981976	0.77636	0.791715	0.836148	0.981976	0.981976	0.77636	0.776331	0.944408	0.836148	0.981976	0.944432	0.559857	0.621079	0.621079	0.640203	0.791715	0.776331	0.621079	0.621079	0.944408	0.836148	0.981976	0.981976	0.77636	0.776331	0.621079	0.640203	1.0868	0.944432	0.559857	0.640203	0.836148	0.77636	0.776331	0.621079	0.640203	0.836148	0.981976	0.981976	0.77636	0.559857	0.640203	0.791715	0.559857	0.640203	0.836148	0.981976	0.944432	0.559857	0.439194	0.439194	0.621079	0.621079	0.439194	0.439194	0.640203	0.791715	0.559857	0.439194	0.640203	0.836148	0.878337	1.04154	1.25172	1.21261	0.994187	0.878337	0.878337	0.878337	0.878337	0.878337	0.77636	0.559857	0.439194	0.439194	0.439194	0.439194	0.347213	0.155275	0	0	0	0	0	0	0	0	0	0	0	0.347192	0.465817	0.439194	0.439194	0.439194	0.439194	0.439194	0.640203	0.836148	0.878337	0.878337	0.878337	0.878337	0.878337	0.878337	0.878337	0.878337	0.878337	0.878337	1.04154	1.25172	1.31738	1.31738	1.31738	1.31738
1.52881	1.32633	0.994081	0.981871	0.94433	0.559797	0.347176	0.155259	0.439114	0.439114	0.439114	0.439114	0.155259	0.347176	0.439147	0.621012	0.621012	0.439147	0.439147	0.439147	0.621012	0.621012	0.640134	0.836058	0.878243	0.878243	0.994081	1.21248	1.31724	1.31724	1.43117	1.76973	2.11087	2.1947	2.1947	2.1947	2.08795	1.86897	1.75607	1.89456	2.11087	2.08795	2.02356	2.29122	2.54486	2.52589	2.30693	2.32769	2.71398	2.97985	3.10226	3.10226	3.10226	3.10226	3.10226	3.10226	3.07115	3.10226	3.10226	2.96369	2.74482	2.66934	2.77527	2.77527	2.66934	2.66934	2.77527	2.66934	2.58237	2.36866	2.23812	2.36356	2.23812	2.23812	2.36356	2.36356	2.23812	2.23812	2.23812	2.1947	2.23812	2.23812	2.23812	2.23812	2.15598	1.94471	1.89456	2.11087	2.08795	1.94471	1.81008	1.75607	1.75607	1.75607	1.65003	1.59813	1.67896	1.75607	1.75607	1.75607	1.75607	1.75607	1.75607	1.75607	1.75607	1.75607	1.75607	1.67896	1.46444	1.31724	1.31724	1.43117	1.59813	1.46444	1.31724	1.38845	1.38845	1.31724	1.31724	1.31724	1.38845	1.38845	1.31724	1.38845	1.52881	1.65003	1.67896	1.62055	1.38845	1.25158	1.18228	1.21248	1.25158	1.25155	0.981871	0.981871	0.981871	0.878243	0.981871	1.24188	0.981871	0.836058	0.79163	0.776276	0.981871	0.981871	0.836058	0.944307	0.776248	0.776276	0.981871	1.08668	0.640134	0.621012	0.621012	0.559797	0.79163	0.944307	0.621012	0.621012	0.776248	0.776276	0.981871	0.981871	0.836058	0.944307	0.621012	0.559797	0.94433	1.08668	0.640134	0.559797	0.776276	0.836058	0.944307	0.621012	0.559797	0.776276	0.981871	0.981871	0.836058	0.640134	0.559797	0.79163	0.640134	0.559797	0.776276	0.981871	1.08668	0.640134	0.439147	0.439147	0.621012	0.621012	0.439147	0.439147	0.559797	0.79163	0.640134	0.439147	0.559797	0.776276	0.878243	0.994081	1.21248	1.25158	1.04143	0.878243	0.878243	0.878243	0.878243	0.878243	0.836058	0.640134	0.439147	0.439147	0.439147	0.439147	0.465767	0.347155	0	0	0	0	0	0	0	0	0	0	0	0.155259	0.347176	0.439147	0.439147	0.439147	0.439147	0.439147	0.559797	0.776276	0.878243	0.878243	0.878243	0.878243	0.878243	0.878243	0.878243	0.878243	0.878243	0.878243	0.994081	1.21248	1.31724	1.31724	1.31724	1.31724
0.439073	0.439073	0	0.439073	0.439073	0	0	0	0.439073	0.439073	0.439073	0.439073	0	0	0	0.439073	0.439073	0	0	0	0.439073	0.439073	0.439073	0.439073	0	0	0	0	0	0	0	0.439073	0.439073	0	0	0	0	0	0	0.439073	0.439073	0	0.439073	0.878095	0.439073	0	0	0.439073	0.878095	0.439073	0.439073	0.439073	0.439073	0.439073	0.439073	0.439073	0	0.439073	0.439073	0	0	0.439073	0.878095	0.878095	0.439073	0.439073	0.878095	0.439073	0.439073	0.439073	0.439073	0.878095	0.439073	0.439073	0.878095	0.878095	0.439073	0.439073	0.439073	0	0.439073	0.439073	0.439073	0.439073	0.439073	0.439073	0.439073	0.439073	0	0.439073	0.439073	0	0	0	0	0.439073	0.439073	0	0	0	0	0	0	0	0	0	0	0.439073	0.439073	0	0	0	0.439073	0.439073	0	0.439073	0.439073	0	0	0	0.439073	0.439073	0	0.439073	0.439073	0	0.439073	0.878095	0.439073	0.439073	0.439073	0	0.439073	0.878095	0.439073	0.439073	0.439073	0	0.439073	0.878095	0.439073	0.439073	0.439073	0	0.439073	0.439073	0.439073	0.878095	0.439073	0	0.439073	0.878095	0.439073	0.439073	0.439073	0	0.439073	0.878095	0.439073	0.439073	0.439073	0	0.439073	0.439073	0.439073	0.878095	0.439073	0	0.439073	0.878095	0.439073	0	0	0.439073	0.878095	0.439073	0	0	0.439073	0.439073	0.439073	0.439073	0	0.439073	0.439073	0	0	0.439073	0.878095	0.439073	0	0	0.439073	0.439073	0	0	0	0.439073	0.439073	0	0	0	0	0	0	0.439073	0.439073	0	0	0	0	0	0.439073	0.439073	0	0	0	0	0.439073	0.439073	0	0	0	0	0	0	0	0	0	0	0	0	0	0	0	0	0	0	0	0	0	0	0	0	0	0	0	0	0	0	0	0	0	0	0	0
0.439033	0.439033	0	0.439033	0.439033	0	0	0	0.439033	0.439033	0.439033	0.439033	0	0	0	0.439033	0.439033	0	0	0	0.439033	0.439033	0.439033	0.439033	0	0	0	0	0	0	0	0.439033	0.439033	0	0	0	0	0	0	0.439033	0.439033	0	0.439033	0.878014	0.439033	0	0	0.439033	0.878014	0.439033	0.439033	0.439033	0.439033	0.439033	0.439033	0.439033	0	0.439033	0.439033	0	0	0.439033	0.878014	0.878014	0.439033	0.439033	0.878014	0.439033	0.439033	0.439033	0.439033	0.878014	0.439033	0.439033	0.878014	0.878014	0.439033	0.439033	0.439033	0	0.439033	0.439033	0.439033	0.439033	0.439033	0.439033	0.439033	0.439033	0	0.439033	0.439033	0	0	0	0	0.439033	0.439033	0	0	0	0	0	0	0	0	0	0	0.439033	0.439033	0	0	0	0.439033	0.439033	0	0.439033	0.439033	0	0	0	0.439033	0.439033	0	0.439033	0.439033	0	0.439033	0.878014	0.439033	0.439033	0.439033	0	0.439033	0.878014	0.439033	0.439033	0.439033	0	0.439033	0.878014	0.439033	0.439033	0.439033	0	0.439033	0.439033	0.439033	0.878014	0.439033	0	0.439033	0.878014	0.439033	0.439033	0.439033	0	0.439033	0.878014	0.439033	0.439033	0.439033	0	0.439033	0.439033	0.439033	0.878014	0.439033	0	0.439033	0.878014	0.439033	0	0	0.439033	0.878014	0.439033	0	0	0.439033	0.439033	0.439033	0.439033	0	0.439033	0.439033	0	0	0.439033	0.878014	0.439033	0	0	0.439033	0.439033	0	0	0	0.439033	0.439033	0	0	0	0	0	0	0.439033	0.439033	0	0	0	0	0	0.439033	0.439033	0	0	0	0	0.439033	0.439033	0	0	0	0	0	0	0	0	0	0	0	0	0	0	0	0	0	0	0	0	0	0	0	0	0	0	0	0	0	0	0	0	0	0	0	0
0.438992	0.438992	0	0.438992	0.438992	0	0	0	0.438992	0.438992	0.438992	0.438992	0	0	0	0.438992	0.438992	0	0	0	0.438992	0.438992	0.438992	0.438992	0	0	0	0	0	0	0	0.438992	0.438992	0	0	0	0	0	0	0.438992	0.438992	0	0.438992	0.877933	0.438992	0	0	0.438992	0.877933	0.438992	0.438992	0.438992	0.438992	0.438992	0.438992	0.438992	0	0.438992	0.438992	0	0	0.438992	0.877933	0.877933	0.438992	0.438992	0.877933	0.438992	0.438992	0.438992	0.438992	0.877933	0.438992	0.438992	0.877933	0.877933	0.438992	0.438992	0.438992	0	0.438992	0.438992	0.438992	0.438992	0.438992	0.438992	0.438992	0.438992	0	0.438992	0.438992	0	0	0	0	0.438992	0.438992	0	0	0	0	0	0	0	0	0	0	0.438992	0.438992	0	0	0	0.438992	0.438992	0	0.438992	0.438992	0	0	0	0.438992	0.438992	0	0.438992	0.438992	0	0.438992	0.877933	0.438992	0.438992	0.438992	0	0.438992	0.877933	0.438992	0.438992	0.438992	0	0.438992	0.877933	0.438992	0.438992	0.438992	0	0.438992	0.438992	0.438992	0.877933	0.438992	0	0.438992	0.877933	0.438992	0.438992	0.438992	0	0.438992	0.877933	0.438992	0.438992	0.438992	0	0.438992	0.438992	0.438992	0.877933	0.438992	0	0.438992	0.877933	0.438992	0	0	0.438992	0.877933	0.438992	0	0	0.438992	0.438992	0.438992	0.438992	0	0.438992	0.438992	0	0	0.438992	0.877933	0.438992	0	0	0.438992	0.438992	0	0	0	0.438992	0.438992	0	0	0	0	0	0	0.438992	0.438992	0	0	0	0	0	0.438992	0.438992	0	0	0	0	0.438992	0.438992	0	0	0	0	0	0	0	0	0	0	0	0	0	0	0	0	0	0	0	0	0	0	0	0	0	0	0	0	0	0	0	0	0	0	0	0
0.438945	0.438945	0	0.438945	0.438945	0	0	0	0.438945	0.438945	0.438945	0.438945	0	0	0	0.438945	0.438945	0	0	0	0.438945	0.438945	0.438945	0.438945	0	0	0	0	0	0	0	0.438945	0.438945	0	0	0	0	0	0	0.438945	0.438945	0	0.438945	0.877839	0.438945	0	0	0.438945	0.877839	0.438945	0.438945	0.438945	0.438945	0.438945	0.438945	0.438945	0	0.438945	0.438945	0	0	0.438945	0.877839	0.877839	0.438945	0.438945	0.877839	0.438945	0.438945	0.438945	0.438945	0.877839	0.438945	0.438945	0.877839	0.877839	0.438945	0.438945	0.438945	0	0.438945	0.438945	0.438945	0.438945	0.438945	0.438945	0.438945	0.438945	0	0.438945	0.438945	0	0	0	0	0.438945	0.438945	0	0	0	0	0	0	0	0	0	0	0.438945	0.438945	0	0	0	0.438945	0.438945	0	0.438945	0.438945	0	0	0	0.438945	0.438945	0	0.438945	0.438945	0	0.438945	0.877839	0.438945	0.438945	0.438945	0	0.438945	0.877839	0.438945	0.438945	0.438945	0	0.438945	0.877839	0.438945	0.438945	0.438945	0	0.438945	0.438945	0.438945	0.877839	0.438945	0	0.438945	0.877839	0.438945	0.438945	0.438945	0	0.438945	0.877839	0.438945	0.438945	0.438945	0	0.438945	0.438945	0.438945	0.877839	0.438945	0	0.438945	0.877839	0.438945	0	0	0.438945	0.877839	0.438945	0	0	0.438945	0.438945	0.438945	0.438945	0	0.438945	0.438945	0	0	0.438945	0.877839	0.438945	0	0	0.438945	0.438945	0	0	0	0.438945	0.438945	0	0	0	0	0	0	0.438945	0.438945	0	0	0	0	0	0.438945	0.438945	0	0	0	0	0.438945	0.438945	0	0	0	0	0	0	0	0	0	0	0	0	0	0	0	0	0	0	0	0	0	0	0	0	0	0	0	0	0	0	0	0	0	0	0	0
0.438905	0.438905	0	0.438905	0.438905	0	0	0	0.438905	0.438905	0.438905	0.438905	0	0	0	0.438905	0.438905	0	0	0	0.438905	0.438905	0.438905	0.438905	0	0	0	0	0	0	0	0.438905	0.438905	0	0	0	0	0	0	0.438905	0.438905	0	0.438905	0.877758	0.438905	0	0	0.438905	0.877758	0.438905	0.438905	0.438905	0.438905	0.438905	0.438905	0.438905	0	0.438905	0.438905	0	0	0.438905	0.877758	0.877758	0.438905	0.438905	0.877758	0.438905	0.438905	0.438905	0.438905	0.877758	0.438905	0.438905	0.877758	0.877758	0.438905	0.438905	0.438905	0	0.438905	0.438905	0.438905	0.438905	0.438905	0.438905	0.438905	0.438905	0	0.438905	0.438905	0	0	0	0	0.438905	0.438905	0	0	0	0	0	0	0	0	0	0	0.438905	0.438905	0	0	0	0.438905	0.438905	0	0.438905	0.438905	0	0	0	0.438905	0.438905	0	0.438905	0.438905	0	0.438905	0.877758	0.438905	0.438905	0.438905	0	0.438905	0.877758	0.438905	0.438905	0.438905	0	0.438905	0.877758	0.438905	0.438905	0.438905	0	0.438905	0.438905	0.438905	0.877758	0.438905	0	0.438905	0.877758	0.438905	0.438905	0.438905	0	0.438905	0.877758	0.438905	0.438905	0.438905	0	0.438905	0.438905	0.438905	0.877758	0.438905	0	0.438905	0.877758	0.438905	0	0	0.438905	0.877758	0.438905	0	0	0.438905	0.438905	0.438905	0.438905	0	0.438905	0.438905	0	0	0.438905	0.877758	0.438905	0	0	0.438905	0.438905	0	0	0	0.438905	0.438905	0	0	0	0	0	0	0.438905	0.438905	0	0	0	0	0	0.438905	0.438905	0	0	0	0	0.438905	0.438905	0	0	0	0	0	0	0	0	0	0	0	0	0	0	0	0	0	0	0	0	0	0	0	0	0	0	0	0	0	0	0	0	0	0	0	0
0.438865	0.438865	0	0.438865	0.438865	0	0	0	0.438865	0.438865	0.438865	0.438865	0	0	0	0.438865	0.438865	0	0	0	0.438865	0.438865	0.438865	0.438865	0	0	0	0	0	0	0	0.438865	0.438865	0	0	0	0	0	0	0.438865	0.438865	0	0.438865	0.877678	0.438865	0	0	0.438865	0.877678	0.438865	0.438865	0.438865	0.438865	0.438865	0.438865	0.438865	0	0.438865	0.438865	0	0	0.438865	0.877678	0.877678	0.438865	0.438865	0.877678	0.438865	0.438865	0.438865	0.438865	0.877678	0.438865	0.438865	0.877678	0.877678	0.438865	0.438865	0.438865	0	0.438865	0.438865	0.438865	0.438865	0.438865	0.438865	0.438865	0.438865	0	0.438865	0.438865	0	0	0	0	0.438865	0.438865	0	0	0	0	0	0	0	0	0	0	0.438865	0.438865	0	0	0	0.438865	0.438865	0	0.438865	0.438865	0	0	0	0.438865	0.438865	0	0.438865	0.438865	0	0.438865	0.877678	0.438865	0.438865	0.438865	0	0.438865	0.877678	0.438865	0.438865	0.438865	0	0.438865	0.877678	0.438865	0.438865	0.438865	0	0.438865	0.438865	0.438865	0.877678	0.438865	0	0.438865	0.877678	0.438865	0.438865	0.438865	0	0.438865	0.877678	0.438865	0.438865	0.438865	0	0.438865	0.438865	0.438865	0.877678	0.438865	0	0.438865	0.877678	0.438865	0	0	0.438865	0.877678	0.438865	0	0	0.438865	0.438865	0.438865	0.438865	0	0.438865	0.438865	0	0	0.438865	0.877678	0.438865	0	0	0.438865	0.438865	0	0	0	0.438865	0.438865	0	0	0	0	0	0	0.438865	0.438865	0	0	0	0	0	0.438865	0.438865	0	0	0	0	0.438865	0.438865	0	0	0	0	0	0	0	0	0	0	0	0	0	0	0	0	0	0	0	0	0	0	0	0	0	0	0	0	0	0	0	0	0	0	0	0
0.438824	0.438824	0	0.438824	0.438824	0	0	0	0.438824	0.438824	0.438824	0.438824	0	0	0	0.438824	0.438824	0	0	0	0.438824	0.438824	0.438824	0.438824	0	0	0	0	0	0	0	0.438824	0.438824	0	0	0	0	0	0	0.438824	0.438824	0	0.438824	0.877597	0.438824	0	0	0.438824	0.877597	0.438824	0.438824	0.438824	0.438824	0.438824	0.438824	0.438824	0	0.438824	0.438824	0	0	0.438824	0.877597	0.877597	0.438824	0.438824	0.877597	0.438824	0.438824	0.438824	0.438824	0.877597	0.438824	0.438824	0.877597	0.877597	0.438824	0.438824	0.438824	0	0.438824	0.438824	0.438824	0.438824	0.438824	0.438824	0.438824	0.438824	0	0.438824	0.438824	0	0	0	0	0.438824	0.438824	0	0	0	0	0	0	0	0	0	0	0.438824	0.438824	0	0	0	0.438824	0.438824	0	0.438824	0.438824	0	0	0	0.438824	0.438824	0	0.438824	0.438824	0	0.438824	0.877597	0.438824	0.438824	0.438824	0	0.438824	0.877597	0.438824	0.438824	0.438824	0	0.438824	0.877597	0.438824	0.438824	0.438824	0	0.438824	0.438824	0.438824	0.877597	0.438824	0	0.438824	0.877597	0.438824	0.438824	0.438824	0	0.438824	0.877597	0.438824	0.438824	0.438824	0	0.438824	0.438824	0.438824	0.877597	0.438824	0	0.438824	0.877597	0.438824	0	0	0.438824	0.877597	0.438824	0	0	0.438824	0.438824	0.438824	0.438824	0	0.438824	0.438824	0	0	0.438824	0.877597	0.438824	0	0	0.438824	0.438824	0	0	0	0.438824	0.438824	0	0	0	0	0	0	0.438824	0.438824	0	0	0	0	0	0.438824	0.438824	0	0	0	0	0.438824	0.438824	0	0	0	0	0	0	0	0	0	0	0	0	0	0	0	0	0	0	0	0	0	0	0	0	0	0	0	0	0	0	0	0	0	0	0	0
0.438784	0.438784	0	0.438784	0.438784	0	0	0	0.438784	0.438784	0.438784	0.438784	0	0	0	0.438784	0.438784	0	0	0	0.438784	0.438784	0.438784	0.438784	0	0	0	0	0	0	0	0.438784	0.438784	0	0	0	0	0	0	0.438784	0.438784	0	0.438784	0.877517	0.438784	0	0	0.438784	0.877517	0.438784	0.438784	0.438784	0.438784	0.438784	0.438784	0.438784	0	0.438784	0.438784	0	0	0.438784	0.877517	0.877517	0.438784	0.438784	0.877517	0.438784	0.438784	0.438784	0.438784	0.877517	0.438784	0.438784	0.877517	0.877517	0.438784	0.438784	0.438784	0	0.438784	0.438784	0.438784	0.438784	0.438784	0.438784	0.438784	0.438784	0	0.438784	0.438784	0	0	0	0	0.438784	0.438784	0	0	0	0	0	0	0	0	0	0	0.438784	0.438784	0	0	0	0.438784	0.438784	0	0.438784	0.438784	0	0	0	0.438784	0.438784	0	0.438784	0.438784	0	0.438784	0.877517	0.438784	0.438784	0.438784	0	0.438784	0.877517	0.438784	0.438784	0.438784	0	0.438784	0.877517	0.438784	0.438784	0.438784	0	0.438784	0.438784	0.438784	0.877517	0.438784	0	0.438784	0.877517	0.438784	0.438784	0.438784	0	0.438784	0.877517	0.438784	0.438784	0.438784	0	0.438784	0.438784	0.438784	0.877517	0.438784	0	0.438784	0.877517	0.438784	0	0	0.438784	0.877517	0.438784	0	0	0.438784	0.438784	0.438784	0.438784	0	0.438784	0.438784	0	0	0.438784	0.877517	0.438784	0	0	0.438784	0.438784	0	0	0	0.438784	0.438784	0	0	0	0	0	0	0.438784	0.438784	0	0	0	0	0	0.438784	0.438784	0	0	0	0	0.438784	0.438784	0	0	0	0	0	0	0	0	0	0	0	0	0	0	0	0	0	0	0	0	0	0	0	0	0	0	0	0	0	0	0	0	0	0	0	0