0.536281	0	0.536281	0.536281	0.536281	1.07247	1.07247	0.536281	2.14418	5.34739	3.2144	3.2144	3.2144	4.28238	9.04124	9.56352	4.8153	5.87855	12.1494	6.4087	6.93775	6.93775	7.46561	15.685	16.6742	8.51744	9.04124	17.1651	8.51744	9.04124	9.04124	7.99221	15.685	7.99221	7.46561	13.1704	10.0842	4.28238	4.28238	4.28238	3.2144	5.34739	2.14418	1.60847	1.60847	2.67953	2.67953	2.67953	2.67953	2.14418	4.28238	2.14418	2.14418	2.14418	2.67953	5.34739	5.87855	3.2144	2.14418	3.2144	1.07247	1.60847	1.60847	1.60847	3.2144	1.60847	1.60847	3.2144	3.74872	2.14418	1.60847	1.60847	2.67953	5.34739	2.67953	2.14418	4.8153	4.28238	1.60847	2.14418	2.14418	2.14418	4.28238	2.14418	2.67953	5.87855	3.2144	3.2144	6.4087	3.2144	3.2144	5.87855	2.67953	2.67953	5.34739	2.67953	2.14418	2.14418	2.14418	4.8153	5.34739	2.67953	2.67953	5.34739	2.67953	2.67953	2.67953	2.67953	5.87855	6.93775	3.74872	3.74872	6.93775	3.2144	3.74872	3.74872	3.74872	7.99221	4.28238	4.28238	9.04124	9.04124	4.28238	4.28238	4.28238	3.74872	7.99221	4.28238	4.28238	4.28238	7.99221	7.99221	2.67953	2.67953	2.67953	5.34739	2.67953	2.14418	2.14418	4.28238	4.28238	1.07247	1.07247	1.07247	2.14418	1.07247	0	0	0.536281	0.536281	0.536281	0.536281	0	1.07247	1.07247	1.07247	1.07247	1.07247	3.2144	2.14418	2.14418	4.28238	4.28238	2.14418	2.67953	2.67953	2.67953	4.8153	2.14418	1.60847	1.60847	2.14418	2.14418	0.536281	0.536281	0	1.60847	1.60847	2.67953	2.67953	2.67953	5.87855	7.99221	4.8153	4.28238	10.0842	5.87855	6.93775	6.93775	6.4087	13.6778	7.46561	7.46561	14.686	15.1867	7.99221	8.51744	8.51744	8.51744	16.1808	7.99221	7.99221	15.685	15.1867	7.46561	6.93775	6.93775	6.93775	12.6609	5.87855	5.34739	10.6032	5.34739	4.28238	7.99221	7.46561	3.74872	3.2144	3.2144	2.14418	4.8153	2.67953	2.14418	2.14418	2.67953	2.67953	0.536281	0.536281	0.536281	1.07247	0.536281	0.536281	0.536281	1.07247	2.14418	0.536281	0.536281	1.60847	3.2144	1.60847	0.536281	0.536281	3.2144	6.4087	3.2144	2.67953	5.87855	5.87855	2.67953	2.67953	2.67953	2.14418	4.28238	2.14418	2.14418	2.14418
0.536231	0	0.536231	0.536231	0.536231	1.07237	1.07237	0.536231	2.14398	5.34689	3.2141	3.2141	3.2141	4.28198	9.04041	9.56264	4.81485	5.878	12.1483	6.4081	6.93711	6.93711	7.46492	15.6836	16.6728	8.51666	9.04041	17.1636	8.51666	9.04041	9.04041	7.99147	15.6836	7.99147	7.46492	13.1692	10.0833	4.28198	4.28198	4.28198	3.2141	5.34689	2.14398	1.60832	1.60832	2.67928	2.67928	2.67928	2.67928	2.14398	4.28198	2.14398	2.14398	2.14398	2.67928	5.34689	5.878	3.2141	2.14398	3.2141	1.07237	1.60832	1.60832	1.60832	3.2141	1.60832	1.60832	3.2141	3.74837	2.14398	1.60832	1.60832	2.67928	5.34689	2.67928	2.14398	4.81485	4.28198	1.60832	2.14398	2.14398	2.14398	4.28198	2.14398	2.67928	5.878	3.2141	3.2141	6.4081	3.2141	3.2141	5.878	2.67928	2.67928	5.34689	2.67928	2.14398	2.14398	2.14398	4.81485	5.34689	2.67928	2.67928	5.34689	2.67928	2.67928	2.67928	2.67928	5.878	6.93711	3.74837	3.74837	6.93711	3.2141	3.74837	3.74837	3.74837	7.99147	4.28198	4.28198	9.04041	9.04041	4.28198	4.28198	4.28198	3.74837	7.99147	4.28198	4.28198	4.28198	7.99147	7.99147	2.67928	2.67928	2.67928	5.34689	2.67928	2.14398	2.14398	4.28198	4.28198	1.07237	1.07237	1.07237	2.14398	1.07237	0	0	0.536231	0.536231	0.536231	0.536231	0	1.07237	1.07237	1.07237	1.07237	1.07237	3.2141	2.14398	2.14398	4.28198	4.28198	2.14398	2.67928	2.67928	2.67928	4.81485	2.14398	1.60832	1.60832	2.14398	2.14398	0.536231	0.536231	0	1.60832	1.60832	2.67928	2.67928	2.67928	5.878	7.99147	4.81485	4.28198	10.0833	5.878	6.93711	6.93711	6.4081	13.6766	7.46492	7.46492	14.6847	15.1853	7.99147	8.51666	8.51666	8.51666	16.1794	7.99147	7.99147	15.6836	15.1853	7.46492	6.93711	6.93711	6.93711	12.6598	5.878	5.34689	10.6022	5.34689	4.28198	7.99147	7.46492	3.74837	3.2141	3.2141	2.14398	4.81485	2.67928	2.14398	2.14398	2.67928	2.67928	0.536231	0.536231	0.536231	1.07237	0.536231	0.536231	0.536231	1.07237	2.14398	0.536231	0.536231	1.60832	3.2141	1.60832	0.536231	0.536231	3.2141	6.4081	3.2141	2.67928	5.878	5.878	2.67928	2.67928	2.67928	2.14398	4.28198	2.14398	2.14398	2.14398
0.536181	0	0.536181	0.536181	0.536181	1.07227	1.07227	0.536181	2.14378	5.34639	3.2138	3.2138	3.2138	4.28158	9.03958	9.56176	4.8144	5.87746	12.1472	6.40751	6.93646	6.93646	7.46423	15.6822	16.6713	8.51587	9.03958	17.1621	8.51587	9.03958	9.03958	7.99073	15.6822	7.99073	7.46423	13.1681	10.0824	4.28158	4.28158	4.28158	3.2138	5.34639	2.14378	1.60817	1.60817	2.67903	2.67903	2.67903	2.67903	2.14378	4.28158	2.14378	2.14378	2.14378	2.67903	5.34639	5.87746	3.2138	2.14378	3.2138	1.07227	1.60817	1.60817	1.60817	3.2138	1.60817	1.60817	3.2138	3.74802	2.14378	1.60817	1.60817	2.67903	5.34639	2.67903	2.14378	4.8144	4.28158	1.60817	2.14378	2.14378	2.14378	4.28158	2.14378	2.67903	5.87746	3.2138	3.2138	6.40751	3.2138	3.2138	5.87746	2.67903	2.67903	5.34639	2.67903	2.14378	2.14378	2.14378	4.8144	5.34639	2.67903	2.67903	5.34639	2.67903	2.67903	2.67903	2.67903	5.87746	6.93646	3.74802	3.74802	6.93646	3.2138	3.74802	3.74802	3.74802	7.99073	4.28158	4.28158	9.03958	9.03958	4.28158	4.28158	4.28158	3.74802	7.99073	4.28158	4.28158	4.28158	7.99073	7.99073	2.67903	2.67903	2.67903	5.34639	2.67903	2.14378	2.14378	4.28158	4.28158	1.07227	1.07227	1.07227	2.14378	1.07227	0	0	0.536181	0.536181	0.536181	0.536181	0	1.07227	1.07227	1.07227	1.07227	1.07227	3.2138	2.14378	2.14378	4.28158	4.28158	2.14378	2.67903	2.67903	2.67903	4.8144	2.14378	1.60817	1.60817	2.14378	2.14378	0.536181	0.536181	0	1.60817	1.60817	2.67903	2.67903	2.67903	5.87746	7.99073	4.8144	4.28158	10.0824	5.87746	6.93646	6.93646	6.40751	13.6754	7.46423	7.46423	14.6834	15.184	7.99073	8.51587	8.51587	8.51587	16.178	7.99073	7.99073	15.6822	15.184	7.46423	6.93646	6.93646	6.93646	12.6586	5.87746	5.34639	10.6013	5.34639	4.28158	7.99073	7.46423	3.74802	3.2138	3.2138	2.14378	4.8144	2.67903	2.14378	2.14378	2.67903	2.67903	0.536181	0.536181	0.536181	1.07227	0.536181	0.536181	0.536181	1.07227	2.14378	0.536181	0.536181	1.60817	3.2138	1.60817	0.536181	0.536181	3.2138	6.40751	3.2138	2.67903	5.87746	5.87746	2.67903	2.67903	2.67903	2.14378	4.28158	2.14378	2.14378	2.14378
0.53613	0	0.53613	0.53613	0.53613	1.07217	1.07217	0.53613	2.14358	5.34589	3.2135	3.2135	3.2135	4.28118	9.03875	9.56089	4.81395	5.87691	12.1461	6.40691	6.93582	6.93582	7.46354	15.6808	16.6698	8.51509	9.03875	17.1606	8.51509	9.03875	9.03875	7.98999	15.6808	7.98999	7.46354	13.1669	10.0814	4.28118	4.28118	4.28118	3.2135	5.34589	2.14358	1.60802	1.60802	2.67878	2.67878	2.67878	2.67878	2.14358	4.28118	2.14358	2.14358	2.14358	2.67878	5.34589	5.87691	3.2135	2.14358	3.2135	1.07217	1.60802	1.60802	1.60802	3.2135	1.60802	1.60802	3.2135	3.74767	2.14358	1.60802	1.60802	2.67878	5.34589	2.67878	2.14358	4.81395	4.28118	1.60802	2.14358	2.14358	2.14358	4.28118	2.14358	2.67878	5.87691	3.2135	3.2135	6.40691	3.2135	3.2135	5.87691	2.67878	2.67878	5.34589	2.67878	2.14358	2.14358	2.14358	4.81395	5.34589	2.67878	2.67878	5.34589	2.67878	2.67878	2.67878	2.67878	5.87691	6.93582	3.74767	3.74767	6.93582	3.2135	3.74767	3.74767	3.74767	7.98999	4.28118	4.28118	9.03875	9.03875	4.28118	4.28118	4.28118	3.74767	7.98999	4.28118	4.28118	4.28118	7.98999	7.98999	2.67878	2.67878	2.67878	5.34589	2.67878	2.14358	2.14358	4.28118	4.28118	1.07217	1.07217	1.07217	2.14358	1.07217	0	0	0.53613	0.53613	0.53613	0.53613	0	1.07217	1.07217	1.07217	1.07217	1.07217	3.2135	2.14358	2.14358	4.28118	4.28118	2.14358	2.67878	2.67878	2.67878	4.81395	2.14358	1.60802	1.60802	2.14358	2.14358	0.53613	0.53613	0	1.60802	1.60802	2.67878	2.67878	2.67878	5.87691	7.98999	4.81395	4.28118	10.0814	5.87691	6.93582	6.93582	6.40691	13.6741	7.46354	7.46354	14.6821	15.1826	7.98999	8.51509	8.51509	8.51509	16.1765	7.98999	7.98999	15.6808	15.1826	7.46354	6.93582	6.93582	6.93582	12.6575	5.87691	5.34589	10.6003	5.34589	4.28118	7.98999	7.46354	3.74767	3.2135	3.2135	2.14358	4.81395	2.67878	2.14358	2.14358	2.67878	2.67878	0.53613	0.53613	0.53613	1.07217	0.53613	0.53613	0.53613	1.07217	2.14358	0.53613	0.53613	1.60802	3.2135	1.60802	0.53613	0.53613	3.2135	6.40691	3.2135	2.67878	5.87691	5.87691	2.67878	2.67878	2.67878	2.14358	4.28118	2.14358	2.14358	2.14358
0.53608	0	0.53608	0.53608	0.53608	1.07207	1.07207	0.53608	2.14338	5.3454	3.2132	3.2132	3.2132	4.28078	9.03791	9.56001	4.81351	5.87636	12.145	6.40632	6.93518	6.93518	7.46285	15.6794	16.6684	8.5143	9.03791	17.1591	8.5143	9.03791	9.03791	7.98925	15.6794	7.98925	7.46285	13.1657	10.0805	4.28078	4.28078	4.28078	3.2132	5.3454	2.14338	1.60787	1.60787	2.67853	2.67853	2.67853	2.67853	2.14338	4.28078	2.14338	2.14338	2.14338	2.67853	5.3454	5.87636	3.2132	2.14338	3.2132	1.07207	1.60787	1.60787	1.60787	3.2132	1.60787	1.60787	3.2132	3.74732	2.14338	1.60787	1.60787	2.67853	5.3454	2.67853	2.14338	4.81351	4.28078	1.60787	2.14338	2.14338	2.14338	4.28078	2.14338	2.67853	5.87636	3.2132	3.2132	6.40632	3.2132	3.2132	5.87636	2.67853	2.67853	5.3454	2.67853	2.14338	2.14338	2.14338	4.81351	5.3454	2.67853	2.67853	5.3454	2.67853	2.67853	2.67853	2.67853	5.87636	6.93518	3.74732	3.74732	6.93518	3.2132	3.74732	3.74732	3.74732	7.98925	4.28078	4.28078	9.03791	9.03791	4.28078	4.28078	4.28078	3.74732	7.98925	4.28078	4.28078	4.28078	7.98925	7.98925	2.67853	2.67853	2.67853	5.3454	2.67853	2.14338	2.14338	4.28078	4.28078	1.07207	1.07207	1.07207	2.14338	1.07207	0	0	0.53608	0.53608	0.53608	0.53608	0	1.07207	1.07207	1.07207	1.07207	1.07207	3.2132	2.14338	2.14338	4.28078	4.28078	2.14338	2.67853	2.67853	2.67853	4.81351	2.14338	1.60787	1.60787	2.14338	2.14338	0.53608	0.53608	0	1.60787	1.60787	2.67853	2.67853	2.67853	5.87636	7.98925	4.81351	4.28078	10.0805	5.87636	6.93518	6.93518	6.40632	13.6729	7.46285	7.46285	14.6807	15.1812	7.98925	8.5143	8.5143	8.5143	16.1751	7.98925	7.98925	15.6794	15.1812	7.46285	6.93518	6.93518	6.93518	12.6563	5.87636	5.3454	10.5993	5.3454	4.28078	7.98925	7.46285	3.74732	3.2132	3.2132	2.14338	4.81351	2.67853	2.14338	2.14338	2.67853	2.67853	0.53608	0.53608	0.53608	1.07207	0.53608	0.53608	0.53608	1.07207	2.14338	0.53608	0.53608	1.60787	3.2132	1.60787	0.53608	0.53608	3.2132	6.40632	3.2132	2.67853	5.87636	5.87636	2.67853	2.67853	2.67853	2.14338	4.28078	2.14338	2.14338	2.14338
0.53602	0	0.53602	0.53602	0.53602	1.07195	1.07195	0.53602	2.14314	5.3448	3.21284	3.21284	3.21284	4.2803	9.03692	9.55896	4.81297	5.87571	12.1437	6.40561	6.93441	6.93441	7.46202	15.6777	16.6666	8.51336	9.03692	17.1573	8.51336	9.03692	9.03692	7.98837	15.6777	7.98837	7.46202	13.1642	10.0794	4.2803	4.2803	4.2803	3.21284	5.3448	2.14314	1.60768	1.60768	2.67823	2.67823	2.67823	2.67823	2.14314	4.2803	2.14314	2.14314	2.14314	2.67823	5.3448	5.87571	3.21284	2.14314	3.21284	1.07195	1.60768	1.60768	1.60768	3.21284	1.60768	1.60768	3.21284	3.7469	2.14314	1.60768	1.60768	2.67823	5.3448	2.67823	2.14314	4.81297	4.2803	1.60768	2.14314	2.14314	2.14314	4.2803	2.14314	2.67823	5.87571	3.21284	3.21284	6.40561	3.21284	3.21284	5.87571	2.67823	2.67823	5.3448	2.67823	2.14314	2.14314	2.14314	4.81297	5.3448	2.67823	2.67823	5.3448	2.67823	2.67823	2.67823	2.67823	5.87571	6.93441	3.7469	3.7469	6.93441	3.21284	3.7469	3.7469	3.7469	7.98837	4.2803	4.2803	9.03692	9.03692	4.2803	4.2803	4.2803	3.7469	7.98837	4.2803	4.2803	4.2803	7.98837	7.98837	2.67823	2.67823	2.67823	5.3448	2.67823	2.14314	2.14314	4.2803	4.2803	1.07195	1.07195	1.07195	2.14314	1.07195	0	0	0.53602	0.53602	0.53602	0.53602	0	1.07195	1.07195	1.07195	1.07195	1.07195	3.21284	2.14314	2.14314	4.2803	4.2803	2.14314	2.67823	2.67823	2.67823	4.81297	2.14314	1.60768	1.60768	2.14314	2.14314	0.53602	0.53602	0	1.60768	1.60768	2.67823	2.67823	2.67823	5.87571	7.98837	4.81297	4.2803	10.0794	5.87571	6.93441	6.93441	6.40561	13.6714	7.46202	7.46202	14.6792	15.1796	7.98837	8.51336	8.51336	8.51336	16.1734	7.98837	7.98837	15.6777	15.1796	7.46202	6.93441	6.93441	6.93441	12.655	5.87571	5.3448	10.5982	5.3448	4.2803	7.98837	7.46202	3.7469	3.21284	3.21284	2.14314	4.81297	2.67823	2.14314	2.14314	2.67823	2.67823	0.53602	0.53602	0.53602	1.07195	0.53602	0.53602	0.53602	1.07195	2.14314	0.53602	0.53602	1.60768	3.21284	1.60768	0.53602	0.53602	3.21284	6.40561	3.21284	2.67823	5.87571	5.87571	2.67823	2.67823	2.67823	2.14314	4.2803	2.14314	2.14314	2.14314
0.53597	0	0.53597	0.53597	0.53597	1.07185	1.07185	0.53597	2.14294	5.3443	3.21254	3.21254	3.21254	4.27991	9.03608	9.55808	4.81252	5.87516	12.1426	6.40501	6.93376	6.93376	7.46133	15.6763	16.6651	8.51258	9.03608	17.1557	8.51258	9.03608	9.03608	7.98763	15.6763	7.98763	7.46133	13.1631	10.0785	4.27991	4.27991	4.27991	3.21254	5.3443	2.14294	1.60753	1.60753	2.67798	2.67798	2.67798	2.67798	2.14294	4.27991	2.14294	2.14294	2.14294	2.67798	5.3443	5.87516	3.21254	2.14294	3.21254	1.07185	1.60753	1.60753	1.60753	3.21254	1.60753	1.60753	3.21254	3.74655	2.14294	1.60753	1.60753	2.67798	5.3443	2.67798	2.14294	4.81252	4.27991	1.60753	2.14294	2.14294	2.14294	4.27991	2.14294	2.67798	5.87516	3.21254	3.21254	6.40501	3.21254	3.21254	5.87516	2.67798	2.67798	5.3443	2.67798	2.14294	2.14294	2.14294	4.81252	5.3443	2.67798	2.67798	5.3443	2.67798	2.67798	2.67798	2.67798	5.87516	6.93376	3.74655	3.74655	6.93376	3.21254	3.74655	3.74655	3.74655	7.98763	4.27991	4.27991	9.03608	9.03608	4.27991	4.27991	4.27991	3.74655	7.98763	4.27991	4.27991	4.27991	7.98763	7.98763	2.67798	2.67798	2.67798	5.3443	2.67798	2.14294	2.14294	4.27991	4.27991	1.07185	1.07185	1.07185	2.14294	1.07185	0	0	0.53597	0.53597	0.53597	0.53597	0	1.07185	1.07185	1.07185	1.07185	1.07185	3.21254	2.14294	2.14294	4.27991	4.27991	2.14294	2.67798	2.67798	2.67798	4.81252	2.14294	1.60753	1.60753	2.14294	2.14294	0.53597	0.53597	0	1.60753	1.60753	2.67798	2.67798	2.67798	5.87516	7.98763	4.81252	4.27991	10.0785	5.87516	6.93376	6.93376	6.40501	13.6702	7.46133	7.46133	14.6779	15.1783	7.98763	8.51258	8.51258	8.51258	16.172	7.98763	7.98763	15.6763	15.1783	7.46133	6.93376	6.93376	6.93376	12.6538	5.87516	5.3443	10.5972	5.3443	4.27991	7.98763	7.46133	3.74655	3.21254	3.21254	2.14294	4.81252	2.67798	2.14294	2.14294	2.67798	2.67798	0.53597	0.53597	0.53597	1.07185	0.53597	0.53597	0.53597	1.07185	2.14294	0.53597	0.53597	1.60753	3.21254	1.60753	0.53597	0.53597	3.21254	6.40501	3.21254	2.67798	5.87516	5.87516	2.67798	2.67798	2.67798	2.14294	4.27991	2.14294	2.14294	2.14294
17.7759	16.1793	14.93	13.4189	12.1421	10.5968	8.64428	7.33048	6.60015	6.61336	4.57338	3.97285	3.45359	3.89567	8.12793	8.92892	5.67854	7.18498	12.7296	9.23498	10.1866	11.0148	12.153	18.4223	20.3611	17.2556	18.5584	23.7908	21.0662	22.0139	23.0824	23.7901	27.466	26.3225	26.9656	29.1728	29.2117	28.8859	29.3805	29.983	30.3186	30.8776	31.1422	31.4213	31.6159	31.3491	30.5623	29.7627	28.9502	28.0994	26.8241	25.2092	24.2223	23.3264	22.3306	21.1151	19.3747	17.4422	16.2429	14.9618	13.5585	12.6958	11.6755	10.6484	9.43561	7.9456	7.1656	6.51673	5.77759	4.42703	4.07487	4.07487	4.04408	5.19907	2.7568	2.21674	4.28783	3.831	2.08344	2.65766	2.83998	3.05252	4.94699	4.13135	4.7265	7.3518	6.50587	6.68504	8.66815	6.40743	6.22567	7.91669	5.9705	6.03242	7.73097	6.44866	6.32985	6.58141	6.74807	8.0156	8.59563	8.08305	8.49787	9.87406	9.25017	9.41171	9.41171	9.41171	10.6884	11.0658	8.68237	8.17114	9.66174	5.90188	5.66921	5.47837	5.30393	8.82712	4.96129	4.91448	9.38914	9.21213	4.46289	4.43085	4.41474	3.88189	8.12793	4.31269	4.31269	4.31269	8.14511	8.17081	2.88369	2.88369	2.88369	5.44901	2.88369	2.21674	2.11752	4.02182	4.02182	1.15244	1.32617	1.52734	2.46909	2.89001	3.34864	3.61544	4.02204	4.81234	5.97056	6.71669	7.34006	7.79659	7.35917	6.42679	5.3706	4.16578	3.412	2.30395	2.93901	5.73436	6.99898	6.86453	8.45464	9.90554	11.213	14.1476	15.1906	16.5758	18.0279	20.2006	22.7199	24.1805	25.0663	25.8334	26.8089	27.7715	28.2526	28.4594	28.76	29.3923	29.7105	28.8863	28.6212	29.5305	28.7885	29.2306	29.6283	29.8652	31.7352	30.6161	30.7345	32.4713	32.5398	30.2941	30.0102	29.6216	29.1609	30.8278	26.9729	26.1547	27.9803	26.1775	21.3491	20.3764	19.7125	18.9808	20.7619	16.4981	16.0883	18.4708	16.4787	16.1952	17.4193	17.2068	16.0753	16.0683	16.3112	16.2983	16.8865	16.7153	17.0023	17.4884	18.2388	19.1944	19.6909	19.9281	20.3973	21.4504	22.4865	23.1842	23.8596	24.783	26.4225	27.9899	28.9975	29.4311	29.8097	30.0367	30.5245	31.313	32.2172	33.7339	34.4501	35.4281	37.7823	40.5068	42.226	43.2917	44.13	44.7891	45.6056	46.1679	46.4844	46.7372
17.9959	16.2415	15.0335	13.5364	12.1855	10.8008	8.81095	7.35849	6.42619	5.55508	4.13096	3.45334	2.83971	2.88342	6.28415	7.16459	4.92859	6.60205	11.382	8.7474	9.57115	10.4522	11.6043	16.9364	18.8125	16.7482	18.0619	22.6443	20.8159	21.6209	22.7154	23.5386	26.6546	26.1073	26.816	28.7808	28.9756	28.8348	29.3121	29.917	30.2987	30.7963	31.1216	31.4115	31.6061	31.3107	30.5222	29.7207	28.9063	28.0679	26.6972	25.1744	24.1832	23.2852	22.2633	20.8398	19.0135	17.313	16.1779	14.8063	13.5425	12.6522	11.6278	10.5958	9.17406	7.86518	7.07605	6.12499	5.26325	4.22906	4.07449	4.07449	3.65437	4.04362	2.30373	1.9773	3.22305	2.7952	1.90345	2.46159	2.65743	2.75663	4.34942	4.0083	4.39838	6.62608	6.38479	6.68442	8.86577	6.54848	6.22509	7.91596	5.96995	5.92534	7.55598	6.44807	6.25065	6.50532	6.74745	7.86505	8.17039	7.94265	8.42291	9.61804	9.18159	9.41085	9.41085	9.41085	10.8338	11.588	8.93427	8.59484	10.9419	6.41778	5.8531	5.66866	5.71531	9.57264	5.19859	5.40933	9.90416	9.47087	4.72586	4.69565	4.68047	4.14801	8.38929	4.31229	4.31229	4.31229	8.4059	8.43076	2.88342	2.88342	2.88342	5.44851	2.88342	1.9773	1.86536	3.48923	3.48923	0.947261	1.15235	1.37911	1.95	2.81448	3.36961	3.6348	4.02167	4.92869	6.2478	6.79949	7.42498	7.79587	7.3298	6.42619	5.3701	4.25009	2.57539	1.894	3.65423	7.17686	8.70934	7.50011	9.20975	10.5503	11.6584	15.5545	15.5453	16.85	18.2749	20.8131	23.2415	24.1971	25.0819	25.8502	26.8067	27.7525	28.234	28.4411	28.7297	29.3545	29.8139	28.9171	28.649	29.5282	28.7494	29.1462	29.5459	29.8251	31.5856	30.5713	30.7321	32.4688	32.704	30.3938	30.1181	29.7322	29.3375	31.5569	27.2346	26.4298	29.0826	27.3689	21.6992	20.6305	19.9781	19.365	21.6689	16.6821	16.0104	18.3369	16.4772	16.1938	17.4178	17.2053	16.0739	16.0226	16.2662	16.2969	16.8206	16.6794	16.9557	17.4434	18.1546	19.1155	19.6861	19.9233	20.4044	21.4817	22.4923	23.2193	23.8932	24.8813	26.7269	28.1031	29.0004	29.4204	29.7744	30.0262	30.56	31.3467	32.3056	34.0603	34.5269	35.5641	38.382	41.1029	42.3523	43.3565	44.1911	44.8169	45.6993	46.1842	46.493	46.7456
4.27871	2.14234	2.67723	2.67723	1.60708	3.21164	2.67723	1.07155	0	1.60708	1.60708	1.60708	1.60708	2.14234	5.34281	5.87353	2.67723	4.27871	9.03359	4.81118	4.81118	4.81118	5.34281	11.6261	12.1392	5.87353	6.40323	13.1595	6.93184	6.40323	6.40323	5.87353	11.6261	5.87353	5.87353	10.5943	7.98542	3.21164	2.67723	2.67723	2.67723	3.7455	1.07155	1.07155	1.07155	0.53582	0.53582	0.53582	0.53582	0	0.53582	0.53582	0	0	0	1.07155	1.60708	0.53582	0	0.53582	0.53582	0.53582	0.53582	0.53582	0.53582	0	0	0.53582	1.60708	1.07155	1.60708	1.60708	1.07155	2.67723	1.60708	1.60708	2.67723	2.14234	1.07155	1.60708	1.60708	1.07155	2.67723	1.60708	1.07155	3.7455	2.67723	3.21164	6.93184	3.7455	3.21164	5.87353	2.67723	2.14234	4.81118	2.67723	1.60708	1.60708	2.14234	4.27871	3.7455	1.60708	2.14234	4.27871	2.14234	2.67723	2.67723	2.67723	6.40323	8.51022	4.81118	5.34281	10.0757	4.81118	4.27871	4.27871	4.81118	9.55545	4.81118	5.34281	10.0757	9.55545	4.81118	4.81118	4.81118	4.27871	8.51022	4.27871	4.27871	4.27871	8.51022	8.51022	2.67723	2.67723	2.67723	5.34281	2.67723	1.60708	1.60708	3.21164	3.21164	0.53582	0.53582	0.53582	0	0.53582	0.53582	0.53582	0.53582	1.60708	2.67723	1.60708	1.60708	1.07155	0.53582	1.07155	1.07155	1.60708	0.53582	1.07155	3.7455	7.45926	8.51022	4.81118	5.87353	5.87353	5.34281	10.5943	5.34281	4.81118	4.81118	7.98542	7.98542	1.60708	1.60708	1.60708	1.60708	0	2.14234	2.14234	1.60708	5.34281	9.03359	5.34281	4.81118	10.0757	5.34281	5.87353	5.87353	5.87353	12.6504	6.93184	7.45926	14.6739	16.1677	9.03359	9.55545	9.55545	10.0757	19.5642	10.0757	10.0757	20.0385	19.5642	9.55545	8.51022	8.51022	9.03359	15.6721	6.93184	4.81118	10.0757	5.34281	4.27871	7.98542	7.45926	3.7455	2.67723	2.67723	2.14234	4.27871	2.14234	1.07155	1.07155	0.53582	0.53582	0	0	1.07155	2.14234	1.07155	2.14234	2.14234	3.7455	6.93184	4.27871	1.07155	1.07155	2.14234	1.07155	2.67723	2.67723	5.34281	10.5943	5.34281	6.40323	14.1713	15.1742	7.45926	5.87353	5.87353	4.27871	7.98542	3.7455	3.21164	3.21164
4.27831	2.14214	2.67698	2.67698	1.60693	3.21134	2.67698	1.07145	0	1.60693	1.60693	1.60693	1.60693	2.14214	5.34231	5.87298	2.67698	4.27831	9.03276	4.81073	4.81073	4.81073	5.34231	11.6251	12.1381	5.87298	6.40264	13.1583	6.9312	6.40264	6.40264	5.87298	11.6251	5.87298	5.87298	10.5933	7.98468	3.21134	2.67698	2.67698	2.67698	3.74515	1.07145	1.07145	1.07145	0.535769	0.535769	0.535769	0.535769	0	0.535769	0.535769	0	0	0	1.07145	1.60693	0.535769	0	0.535769	0.535769	0.535769	0.535769	0.535769	0.535769	0	0	0.535769	1.60693	1.07145	1.60693	1.60693	1.07145	2.67698	1.60693	1.60693	2.67698	2.14214	1.07145	1.60693	1.60693	1.07145	2.67698	1.60693	1.07145	3.74515	2.67698	3.21134	6.9312	3.74515	3.21134	5.87298	2.67698	2.14214	4.81073	2.67698	1.60693	1.60693	2.14214	4.27831	3.74515	1.60693	2.14214	4.27831	2.14214	2.67698	2.67698	2.67698	6.40264	8.50944	4.81073	5.34231	10.0748	4.81073	4.27831	4.27831	4.81073	9.55457	4.81073	5.34231	10.0748	9.55457	4.81073	4.81073	4.81073	4.27831	8.50944	4.27831	4.27831	4.27831	8.50944	8.50944	2.67698	2.67698	2.67698	5.34231	2.67698	1.60693	1.60693	3.21134	3.21134	0.535769	0.535769	0.535769	0	0.535769	0.535769	0.535769	0.535769	1.60693	2.67698	1.60693	1.60693	1.07145	0.535769	1.07145	1.07145	1.60693	0.535769	1.07145	3.74515	7.45857	8.50944	4.81073	5.87298	5.87298	5.34231	10.5933	5.34231	4.81073	4.81073	7.98468	7.98468	1.60693	1.60693	1.60693	1.60693	0	2.14214	2.14214	1.60693	5.34231	9.03276	5.34231	4.81073	10.0748	5.34231	5.87298	5.87298	5.87298	12.6492	6.9312	7.45857	14.6726	16.1662	9.03276	9.55457	9.55457	10.0748	19.5625	10.0748	10.0748	20.0368	19.5625	9.55457	8.50944	8.50944	9.03276	15.6707	6.9312	4.81073	10.0748	5.34231	4.27831	7.98468	7.45857	3.74515	2.67698	2.67698	2.14214	4.27831	2.14214	1.07145	1.07145	0.535769	0.535769	0	0	1.07145	2.14214	1.07145	2.14214	2.14214	3.74515	6.9312	4.27831	1.07145	1.07145	2.14214	1.07145	2.67698	2.67698	5.34231	10.5933	5.34231	6.40264	14.17	15.1728	7.45857	5.87298	5.87298	4.27831	7.98468	3.74515	3.21134	3.21134
4.27791	2.14194	2.67673	2.67673	1.60678	3.21104	2.67673	1.07134	0	1.60678	1.60678	1.60678	1.60678	2.14194	5.34182	5.87243	2.67673	4.27791	9.03193	4.81028	4.81028	4.81028	5.34182	11.624	12.137	5.87243	6.40204	13.1571	6.93055	6.40204	6.40204	5.87243	11.624	5.87243	5.87243	10.5924	7.98394	3.21104	2.67673	2.67673	2.67673	3.7448	1.07134	1.07134	1.07134	0.535719	0.535719	0.535719	0.535719	0	0.535719	0.535719	0	0	0	1.07134	1.60678	0.535719	0	0.535719	0.535719	0.535719	0.535719	0.535719	0.535719	0	0	0.535719	1.60678	1.07134	1.60678	1.60678	1.07134	2.67673	1.60678	1.60678	2.67673	2.14194	1.07134	1.60678	1.60678	1.07134	2.67673	1.60678	1.07134	3.7448	2.67673	3.21104	6.93055	3.7448	3.21104	5.87243	2.67673	2.14194	4.81028	2.67673	1.60678	1.60678	2.14194	4.27791	3.7448	1.60678	2.14194	4.27791	2.14194	2.67673	2.67673	2.67673	6.40204	8.50865	4.81028	5.34182	10.0739	4.81028	4.27791	4.27791	4.81028	9.55369	4.81028	5.34182	10.0739	9.55369	4.81028	4.81028	4.81028	4.27791	8.50865	4.27791	4.27791	4.27791	8.50865	8.50865	2.67673	2.67673	2.67673	5.34182	2.67673	1.60678	1.60678	3.21104	3.21104	0.535719	0.535719	0.535719	0	0.535719	0.535719	0.535719	0.535719	1.60678	2.67673	1.60678	1.60678	1.07134	0.535719	1.07134	1.07134	1.60678	0.535719	1.07134	3.7448	7.45788	8.50865	4.81028	5.87243	5.87243	5.34182	10.5924	5.34182	4.81028	4.81028	7.98394	7.98394	1.60678	1.60678	1.60678	1.60678	0	2.14194	2.14194	1.60678	5.34182	9.03193	5.34182	4.81028	10.0739	5.34182	5.87243	5.87243	5.87243	12.6481	6.93055	7.45788	14.6713	16.1648	9.03193	9.55369	9.55369	10.0739	19.5608	10.0739	10.0739	20.0351	19.5608	9.55369	8.50865	8.50865	9.03193	15.6693	6.93055	4.81028	10.0739	5.34182	4.27791	7.98394	7.45788	3.7448	2.67673	2.67673	2.14194	4.27791	2.14194	1.07134	1.07134	0.535719	0.535719	0	0	1.07134	2.14194	1.07134	2.14194	2.14194	3.7448	6.93055	4.27791	1.07134	1.07134	2.14194	1.07134	2.67673	2.67673	5.34182	10.5924	5.34182	6.40204	14.1688	15.1715	7.45788	5.87243	5.87243	4.27791	7.98394	3.7448	3.21104	3.21104
4.27751	2.14174	2.67648	2.67648	1.60663	3.21074	2.67648	1.07124	0	1.60663	1.60663	1.60663	1.60663	2.14174	5.34132	5.87189	2.67648	4.27751	9.0311	4.80983	4.80983	4.80983	5.34132	11.623	12.1359	5.87189	6.40145	13.1559	6.92991	6.40145	6.40145	5.87189	11.623	5.87189	5.87189	10.5914	7.98321	3.21074	2.67648	2.67648	2.67648	3.74445	1.07124	1.07124	1.07124	0.535669	0.535669	0.535669	0.535669	0	0.535669	0.535669	0	0	0	1.07124	1.60663	0.535669	0	0.535669	0.535669	0.535669	0.535669	0.535669	0.535669	0	0	0.535669	1.60663	1.07124	1.60663	1.60663	1.07124	2.67648	1.60663	1.60663	2.67648	2.14174	1.07124	1.60663	1.60663	1.07124	2.67648	1.60663	1.07124	3.74445	2.67648	3.21074	6.92991	3.74445	3.21074	5.87189	2.67648	2.14174	4.80983	2.67648	1.60663	1.60663	2.14174	4.27751	3.74445	1.60663	2.14174	4.27751	2.14174	2.67648	2.67648	2.67648	6.40145	8.50787	4.80983	5.34132	10.0729	4.80983	4.27751	4.27751	4.80983	9.55281	4.80983	5.34132	10.0729	9.55281	4.80983	4.80983	4.80983	4.27751	8.50787	4.27751	4.27751	4.27751	8.50787	8.50787	2.67648	2.67648	2.67648	5.34132	2.67648	1.60663	1.60663	3.21074	3.21074	0.535669	0.535669	0.535669	0	0.535669	0.535669	0.535669	0.535669	1.60663	2.67648	1.60663	1.60663	1.07124	0.535669	1.07124	1.07124	1.60663	0.535669	1.07124	3.74445	7.45719	8.50787	4.80983	5.87189	5.87189	5.34132	10.5914	5.34132	4.80983	4.80983	7.98321	7.98321	1.60663	1.60663	1.60663	1.60663	0	2.14174	2.14174	1.60663	5.34132	9.0311	5.34132	4.80983	10.0729	5.34132	5.87189	5.87189	5.87189	12.647	6.92991	7.45719	14.67	16.1634	9.0311	9.55281	9.55281	10.0729	19.5591	10.0729	10.0729	20.0333	19.5591	9.55281	8.50787	8.50787	9.0311	15.668	6.92991	4.80983	10.0729	5.34132	4.27751	7.98321	7.45719	3.74445	2.67648	2.67648	2.14174	4.27751	2.14174	1.07124	1.07124	0.535669	0.535669	0	0	1.07124	2.14174	1.07124	2.14174	2.14174	3.74445	6.92991	4.27751	1.07124	1.07124	2.14174	1.07124	2.67648	2.67648	5.34132	10.5914	5.34132	6.40145	14.1675	15.1701	7.45719	5.87189	5.87189	4.27751	7.98321	3.74445	3.21074	3.21074
4.27712	2.14154	2.67623	2.67623	1.60648	3.21044	2.67623	1.07114	0	1.60648	1.60648	1.60648	1.60648	2.14154	5.34082	5.87134	2.67623	4.27712	9.03027	4.80939	4.80939	4.80939	5.34082	11.6219	12.1348	5.87134	6.40086	13.1547	6.92927	6.40086	6.40086	5.87134	11.6219	5.87134	5.87134	10.5904	7.98247	3.21044	2.67623	2.67623	2.67623	3.7441	1.07114	1.07114	1.07114	0.535619	0.535619	0.535619	0.535619	0	0.535619	0.535619	0	0	0	1.07114	1.60648	0.535619	0	0.535619	0.535619	0.535619	0.535619	0.535619	0.535619	0	0	0.535619	1.60648	1.07114	1.60648	1.60648	1.07114	2.67623	1.60648	1.60648	2.67623	2.14154	1.07114	1.60648	1.60648	1.07114	2.67623	1.60648	1.07114	3.7441	2.67623	3.21044	6.92927	3.7441	3.21044	5.87134	2.67623	2.14154	4.80939	2.67623	1.60648	1.60648	2.14154	4.27712	3.7441	1.60648	2.14154	4.27712	2.14154	2.67623	2.67623	2.67623	6.40086	8.50709	4.80939	5.34082	10.072	4.80939	4.27712	4.27712	4.80939	9.55194	4.80939	5.34082	10.072	9.55194	4.80939	4.80939	4.80939	4.27712	8.50709	4.27712	4.27712	4.27712	8.50709	8.50709	2.67623	2.67623	2.67623	5.34082	2.67623	1.60648	1.60648	3.21044	3.21044	0.535619	0.535619	0.535619	0	0.535619	0.535619	0.535619	0.535619	1.60648	2.67623	1.60648	1.60648	1.07114	0.535619	1.07114	1.07114	1.60648	0.535619	1.07114	3.7441	7.4565	8.50709	4.80939	5.87134	5.87134	5.34082	10.5904	5.34082	4.80939	4.80939	7.98247	7.98247	1.60648	1.60648	1.60648	1.60648	0	2.14154	2.14154	1.60648	5.34082	9.03027	5.34082	4.80939	10.072	5.34082	5.87134	5.87134	5.87134	12.6458	6.92927	7.4565	14.6687	16.1619	9.03027	9.55194	9.55194	10.072	19.5574	10.072	10.072	20.0316	19.5574	9.55194	8.50709	8.50709	9.03027	15.6666	6.92927	4.80939	10.072	5.34082	4.27712	7.98247	7.4565	3.7441	2.67623	2.67623	2.14154	4.27712	2.14154	1.07114	1.07114	0.535619	0.535619	0	0	1.07114	2.14154	1.07114	2.14154	2.14154	3.7441	6.92927	4.27712	1.07114	1.07114	2.14154	1.07114	2.67623	2.67623	5.34082	10.5904	5.34082	6.40086	14.1662	15.1688	7.4565	5.87134	5.87134	4.27712	7.98247	3.7441	3.21044	3.21044
4.27672	2.14134	2.67598	2.67598	1.60633	3.21014	2.67598	1.07104	0	1.60633	1.60633	1.60633	1.60633	2.14134	5.34033	5.8708	2.67598	4.27672	9.02944	4.80894	4.80894	4.80894	5.34033	11.6208	12.1337	5.8708	6.40026	13.1536	6.92863	6.40026	6.40026	5.8708	11.6208	5.8708	5.8708	10.5894	7.98173	3.21014	2.67598	2.67598	2.67598	3.74376	1.07104	1.07104	1.07104	0.535569	0.535569	0.535569	0.535569	0	0.535569	0.535569	0	0	0	1.07104	1.60633	0.535569	0	0.535569	0.535569	0.535569	0.535569	0.535569	0.535569	0	0	0.535569	1.60633	1.07104	1.60633	1.60633	1.07104	2.67598	1.60633	1.60633	2.67598	2.14134	1.07104	1.60633	1.60633	1.07104	2.67598	1.60633	1.07104	3.74376	2.67598	3.21014	6.92863	3.74376	3.21014	5.8708	2.67598	2.14134	4.80894	2.67598	1.60633	1.60633	2.14134	4.27672	3.74376	1.60633	2.14134	4.27672	2.14134	2.67598	2.67598	2.67598	6.40026	8.5063	4.80894	5.34033	10.0711	4.80894	4.27672	4.27672	4.80894	9.55106	4.80894	5.34033	10.0711	9.55106	4.80894	4.80894	4.80894	4.27672	8.5063	4.27672	4.27672	4.27672	8.5063	8.5063	2.67598	2.67598	2.67598	5.34033	2.67598	1.60633	1.60633	3.21014	3.21014	0.535569	0.535569	0.535569	0	0.535569	0.535569	0.535569	0.535569	1.60633	2.67598	1.60633	1.60633	1.07104	0.535569	1.07104	1.07104	1.60633	0.535569	1.07104	3.74376	7.45581	8.5063	4.80894	5.8708	5.8708	5.34033	10.5894	5.34033	4.80894	4.80894	7.98173	7.98173	1.60633	1.60633	1.60633	1.60633	0	2.14134	2.14134	1.60633	5.34033	9.02944	5.34033	4.80894	10.0711	5.34033	5.8708	5.8708	5.8708	12.6447	6.92863	7.45581	14.6673	16.1605	9.02944	9.55106	9.55106	10.0711	19.5557	10.0711	10.0711	20.0299	19.5557	9.55106	8.5063	8.5063	9.02944	15.6652	6.92863	4.80894	10.0711	5.34033	4.27672	7.98173	7.45581	3.74376	2.67598	2.67598	2.14134	4.27672	2.14134	1.07104	1.07104	0.535569	0.535569	0	0	1.07104	2.14134	1.07104	2.14134	2.14134	3.74376	6.92863	4.27672	1.07104	1.07104	2.14134	1.07104	2.67598	2.67598	5.34033	10.5894	5.34033	6.40026	14.165	15.1674	7.45581	5.8708	5.8708	4.27672	7.98173	3.74376	3.21014	3.21014
4.27624	2.1411	2.67568	2.67568	1.60615	3.20979	2.67568	1.07092	0	1.60615	1.60615	1.60615	1.60615	2.1411	5.33973	5.87015	2.67568	4.27624	9.02844	4.8084	4.8084	4.8084	5.33973	11.6196	12.1324	5.87015	6.39955	13.1521	6.92786	6.39955	6.39955	5.87015	11.6196	5.87015	5.87015	10.5883	7.98085	3.20979	2.67568	2.67568	2.67568	3.74334	1.07092	1.07092	1.07092	0.535509	0.535509	0.535509	0.535509	0	0.535509	0.535509	0	0	0	1.07092	1.60615	0.535509	0	0.535509	0.535509	0.535509	0.535509	0.535509	0.535509	0	0	0.535509	1.60615	1.07092	1.60615	1.60615	1.07092	2.67568	1.60615	1.60615	2.67568	2.1411	1.07092	1.60615	1.60615	1.07092	2.67568	1.60615	1.07092	3.74334	2.67568	3.20979	6.92786	3.74334	3.20979	5.87015	2.67568	2.1411	4.8084	2.67568	1.60615	1.60615	2.1411	4.27624	3.74334	1.60615	2.1411	4.27624	2.1411	2.67568	2.67568	2.67568	6.39955	8.50536	4.8084	5.33973	10.07	4.8084	4.27624	4.27624	4.8084	9.55001	4.8084	5.33973	10.07	9.55001	4.8084	4.8084	4.8084	4.27624	8.50536	4.27624	4.27624	4.27624	8.50536	8.50536	2.67568	2.67568	2.67568	5.33973	2.67568	1.60615	1.60615	3.20979	3.20979	0.535509	0.535509	0.535509	0	0.535509	0.535509	0.535509	0.535509	1.60615	2.67568	1.60615	1.60615	1.07092	0.535509	1.07092	1.07092	1.60615	0.535509	1.07092	3.74334	7.45499	8.50536	4.8084	5.87015	5.87015	5.33973	10.5883	5.33973	4.8084	4.8084	7.98085	7.98085	1.60615	1.60615	1.60615	1.60615	0	2.1411	2.1411	1.60615	5.33973	9.02844	5.33973	4.8084	10.07	5.33973	5.87015	5.87015	5.87015	12.6433	6.92786	7.45499	14.6658	16.1588	9.02844	9.55001	9.55001	10.07	19.5537	10.07	10.07	20.0278	19.5537	9.55001	8.50536	8.50536	9.02844	15.6635	6.92786	4.8084	10.07	5.33973	4.27624	7.98085	7.45499	3.74334	2.67568	2.67568	2.1411	4.27624	2.1411	1.07092	1.07092	0.535509	0.535509	0	0	1.07092	2.1411	1.07092	2.1411	2.1411	3.74334	6.92786	4.27624	1.07092	1.07092	2.1411	1.07092	2.67568	2.67568	5.33973	10.5883	5.33973	6.39955	14.1634	15.1658	7.45499	5.87015	5.87015	4.27624	7.98085	3.74334	3.20979	3.20979
4.27584	2.1409	2.67543	2.67543	1.606	3.20949	2.67543	1.07082	0	1.606	1.606	1.606	1.606	2.1409	5.33924	5.8696	2.67543	4.27584	9.02761	4.80795	4.80795	4.80795	5.33924	11.6185	12.1313	5.8696	6.39896	13.1509	6.92722	6.39896	6.39896	5.8696	11.6185	5.8696	5.8696	10.5873	7.98011	3.20949	2.67543	2.67543	2.67543	3.74299	1.07082	1.07082	1.07082	0.535459	0.535459	0.535459	0.535459	0	0.535459	0.535459	0	0	0	1.07082	1.606	0.535459	0	0.535459	0.535459	0.535459	0.535459	0.535459	0.535459	0	0	0.535459	1.606	1.07082	1.606	1.606	1.07082	2.67543	1.606	1.606	2.67543	2.1409	1.07082	1.606	1.606	1.07082	2.67543	1.606	1.07082	3.74299	2.67543	3.20949	6.92722	3.74299	3.20949	5.8696	2.67543	2.1409	4.80795	2.67543	1.606	1.606	2.1409	4.27584	3.74299	1.606	2.1409	4.27584	2.1409	2.67543	2.67543	2.67543	6.39896	8.50458	4.80795	5.33924	10.0691	4.80795	4.27584	4.27584	4.80795	9.54913	4.80795	5.33924	10.0691	9.54913	4.80795	4.80795	4.80795	4.27584	8.50458	4.27584	4.27584	4.27584	8.50458	8.50458	2.67543	2.67543	2.67543	5.33924	2.67543	1.606	1.606	3.20949	3.20949	0.535459	0.535459	0.535459	0	0.535459	0.535459	0.535459	0.535459	1.606	2.67543	1.606	1.606	1.07082	0.535459	1.07082	1.07082	1.606	0.535459	1.07082	3.74299	7.4543	8.50458	4.80795	5.8696	5.8696	5.33924	10.5873	5.33924	4.80795	4.80795	7.98011	7.98011	1.606	1.606	1.606	1.606	0	2.1409	2.1409	1.606	5.33924	9.02761	5.33924	4.80795	10.0691	5.33924	5.8696	5.8696	5.8696	12.6422	6.92722	7.4543	14.6645	16.1573	9.02761	9.54913	9.54913	10.0691	19.552	10.0691	10.0691	20.0261	19.552	9.54913	8.50458	8.50458	9.02761	15.6621	6.92722	4.80795	10.0691	5.33924	4.27584	7.98011	7.4543	3.74299	2.67543	2.67543	2.1409	4.27584	2.1409	1.07082	1.07082	0.535459	0.535459	0	0	1.07082	2.1409	1.07082	2.1409	2.1409	3.74299	6.92722	4.27584	1.07082	1.07082	2.1409	1.07082	2.67543	2.67543	5.33924	10.5873	5.33924	6.39896	14.1622	15.1645	7.4543	5.8696	5.8696	4.27584	7.98011	3.74299	3.20949	3.20949
4.27544	2.1407	2.67518	2.67518	1.60585	3.20919	2.67518	1.07072	0	1.60585	1.60585	1.60585	1.60585	2.1407	5.33874	5.86906	2.67518	4.27544	9.02678	4.80751	4.80751	4.80751	5.33874	11.6175	12.1302	5.86906	6.39836	13.1498	6.92658	6.39836	6.39836	5.86906	11.6175	5.86906	5.86906	10.5864	7.97938	3.20919	2.67518	2.67518	2.67518	3.74264	1.07072	1.07072	1.07072	0.535409	0.535409	0.535409	0.535409	0	0.535409	0.535409	0	0	0	1.07072	1.60585	0.535409	0	0.535409	0.535409	0.535409	0.535409	0.535409	0.535409	0	0	0.535409	1.60585	1.07072	1.60585	1.60585	1.07072	2.67518	1.60585	1.60585	2.67518	2.1407	1.07072	1.60585	1.60585	1.07072	2.67518	1.60585	1.07072	3.74264	2.67518	3.20919	6.92658	3.74264	3.20919	5.86906	2.67518	2.1407	4.80751	2.67518	1.60585	1.60585	2.1407	4.27544	3.74264	1.60585	2.1407	4.27544	2.1407	2.67518	2.67518	2.67518	6.39836	8.5038	4.80751	5.33874	10.0681	4.80751	4.27544	4.27544	4.80751	9.54826	4.80751	5.33874	10.0681	9.54826	4.80751	4.80751	4.80751	4.27544	8.5038	4.27544	4.27544	4.27544	8.5038	8.5038	2.67518	2.67518	2.67518	5.33874	2.67518	1.60585	1.60585	3.20919	3.20919	0.535409	0.535409	0.535409	0	0.535409	0.535409	0.535409	0.535409	1.60585	2.67518	1.60585	1.60585	1.07072	0.535409	1.07072	1.07072	1.60585	0.535409	1.07072	3.74264	7.45361	8.5038	4.80751	5.86906	5.86906	5.33874	10.5864	5.33874	4.80751	4.80751	7.97938	7.97938	1.60585	1.60585	1.60585	1.60585	0	2.1407	2.1407	1.60585	5.33874	9.02678	5.33874	4.80751	10.0681	5.33874	5.86906	5.86906	5.86906	12.641	6.92658	7.45361	14.6632	16.1559	9.02678	9.54826	9.54826	10.0681	19.5503	10.0681	10.0681	20.0244	19.5503	9.54826	8.5038	8.5038	9.02678	15.6607	6.92658	4.80751	10.0681	5.33874	4.27544	7.97938	7.45361	3.74264	2.67518	2.67518	2.1407	4.27544	2.1407	1.07072	1.07072	0.535409	0.535409	0	0	1.07072	2.1407	1.07072	2.1407	2.1407	3.74264	6.92658	4.27544	1.07072	1.07072	2.1407	1.07072	2.67518	2.67518	5.33874	10.5864	5.33874	6.39836	14.1609	15.1631	7.45361	5.86906	5.86906	4.27544	7.97938	3.74264	3.20919	3.20919
4.27505	2.1405	2.67493	2.67493	1.6057	3.20889	2.67493	1.07062	0	1.6057	1.6057	1.6057	1.6057	2.1405	5.33824	5.86851	2.67493	4.27505	9.02595	4.80706	4.80706	4.80706	5.33824	11.6164	12.1291	5.86851	6.39777	13.1486	6.92594	6.39777	6.39777	5.86851	11.6164	5.86851	5.86851	10.5854	7.97864	3.20889	2.67493	2.67493	2.67493	3.74229	1.07062	1.07062	1.07062	0.535359	0.535359	0.535359	0.535359	0	0.535359	0.535359	0	0	0	1.07062	1.6057	0.535359	0	0.535359	0.535359	0.535359	0.535359	0.535359	0.535359	0	0	0.535359	1.6057	1.07062	1.6057	1.6057	1.07062	2.67493	1.6057	1.6057	2.67493	2.1405	1.07062	1.6057	1.6057	1.07062	2.67493	1.6057	1.07062	3.74229	2.67493	3.20889	6.92594	3.74229	3.20889	5.86851	2.67493	2.1405	4.80706	2.67493	1.6057	1.6057	2.1405	4.27505	3.74229	1.6057	2.1405	4.27505	2.1405	2.67493	2.67493	2.67493	6.39777	8.50301	4.80706	5.33824	10.0672	4.80706	4.27505	4.27505	4.80706	9.54738	4.80706	5.33824	10.0672	9.54738	4.80706	4.80706	4.80706	4.27505	8.50301	4.27505	4.27505	4.27505	8.50301	8.50301	2.67493	2.67493	2.67493	5.33824	2.67493	1.6057	1.6057	3.20889	3.20889	0.535359	0.535359	0.535359	0	0.535359	0.535359	0.535359	0.535359	1.6057	2.67493	1.6057	1.6057	1.07062	0.535359	1.07062	1.07062	1.6057	0.535359	1.07062	3.74229	7.45292	8.50301	4.80706	5.86851	5.86851	5.33824	10.5854	5.33824	4.80706	4.80706	7.97864	7.97864	1.6057	1.6057	1.6057	1.6057	0	2.1405	2.1405	1.6057	5.33824	9.02595	5.33824	4.80706	10.0672	5.33824	5.86851	5.86851	5.86851	12.6399	6.92594	7.45292	14.6618	16.1545	9.02595	9.54738	9.54738	10.0672	19.5486	10.0672	10.0672	20.0226	19.5486	9.54738	8.50301	8.50301	9.02595	15.6593	6.92594	4.80706	10.0672	5.33824	4.27505	7.97864	7.45292	3.74229	2.67493	2.67493	2.1405	4.27505	2.1405	1.07062	1.07062	0.535359	0.535359	0	0	1.07062	2.1405	1.07062	2.1405	2.1405	3.74229	6.92594	4.27505	1.07062	1.07062	2.1405	1.07062	2.67493	2.67493	5.33824	10.5854	5.33824	6.39777	14.1596	15.1618	7.45292	5.86851	5.86851	4.27505	7.97864	3.74229	3.20889	3.20889
4.27465	2.1403	2.67468	2.67468	1.60555	3.20859	2.67468	1.07052	0	1.60555	1.60555	1.60555	1.60555	2.1403	5.33775	5.86797	2.67468	4.27465	9.02512	4.80661	4.80661	4.80661	5.33775	11.6154	12.128	5.86797	6.39718	13.1474	6.9253	6.39718	6.39718	5.86797	11.6154	5.86797	5.86797	10.5844	7.97791	3.20859	2.67468	2.67468	2.67468	3.74194	1.07052	1.07052	1.07052	0.535309	0.535309	0.535309	0.535309	0	0.535309	0.535309	0	0	0	1.07052	1.60555	0.535309	0	0.535309	0.535309	0.535309	0.535309	0.535309	0.535309	0	0	0.535309	1.60555	1.07052	1.60555	1.60555	1.07052	2.67468	1.60555	1.60555	2.67468	2.1403	1.07052	1.60555	1.60555	1.07052	2.67468	1.60555	1.07052	3.74194	2.67468	3.20859	6.9253	3.74194	3.20859	5.86797	2.67468	2.1403	4.80661	2.67468	1.60555	1.60555	2.1403	4.27465	3.74194	1.60555	2.1403	4.27465	2.1403	2.67468	2.67468	2.67468	6.39718	8.50223	4.80661	5.33775	10.0663	4.80661	4.27465	4.27465	4.80661	9.54651	4.80661	5.33775	10.0663	9.54651	4.80661	4.80661	4.80661	4.27465	8.50223	4.27465	4.27465	4.27465	8.50223	8.50223	2.67468	2.67468	2.67468	5.33775	2.67468	1.60555	1.60555	3.20859	3.20859	0.535309	0.535309	0.535309	0	0.535309	0.535309	0.535309	0.535309	1.60555	2.67468	1.60555	1.60555	1.07052	0.535309	1.07052	1.07052	1.60555	0.535309	1.07052	3.74194	7.45223	8.50223	4.80661	5.86797	5.86797	5.33775	10.5844	5.33775	4.80661	4.80661	7.97791	7.97791	1.60555	1.60555	1.60555	1.60555	0	2.1403	2.1403	1.60555	5.33775	9.02512	5.33775	4.80661	10.0663	5.33775	5.86797	5.86797	5.86797	12.6387	6.9253	7.45223	14.6605	16.153	9.02512	9.54651	9.54651	10.0663	19.5469	10.0663	10.0663	20.0209	19.5469	9.54651	8.50223	8.50223	9.02512	15.6579	6.9253	4.80661	10.0663	5.33775	4.27465	7.97791	7.45223	3.74194	2.67468	2.67468	2.1403	4.27465	2.1403	1.07052	1.07052	0.535309	0.535309	0	0	1.07052	2.1403	1.07052	2.1403	2.1403	3.74194	6.9253	4.27465	1.07052	1.07052	2.1403	1.07052	2.67468	2.67468	5.33775	10.5844	5.33775	6.39718	14.1584	15.1604	7.45223	5.86797	5.86797	4.27465	7.97791	3.74194	3.20859	3.20859
16.7711	14.3886	13.5067	12.5208	11.2949	10.4946	8.68385	6.94781	6.01336	4.87241	3.80314	3.05464	2.33966	2.30111	4.69032	5.39662	2.93539	4.36074	8.82625	6.2208	6.79166	7.19337	7.93356	12.9532	14.113	10.5336	11.0695	15.9594	12.6434	12.7819	13.005	13.0602	16.5909	14.4478	14.9123	17.5121	16.7986	15.4657	15.1727	14.6823	14.3886	14.4297	13.4624	12.9575	12.4509	11.1127	9.04013	7.32154	6.00162	4.72075	3.26352	1.3775	1.32454	2.95972	4.45764	6.82538	10.3285	12.8954	14.4297	16.6307	18.5037	19.6964	20.8718	21.9088	23.3007	24.6027	25.3703	26.3442	27.5249	28.2534	28.8786	29.6926	30.289	30.9261	31.4833	31.8707	32.3837	32.9312	33.3776	33.8489	34.3988	34.7567	35.0678	35.3056	35.4728	35.908	36.3016	36.5092	36.9387	37.0362	37.2712	37.6089	37.5075	37.409	37.4546	37.4183	37.3935	37.2244	37.2317	37.4954	37.5566	37.4746	37.5691	37.7541	37.5773	37.4286	37.2598	37.0902	37.0364	36.6517	35.51	35.1804	35.4381	34.0787	33.4808	32.9231	32.4104	32.5044	31.2353	31.1821	31.8884	31.5931	30.7346	30.9031	31.2921	31.461	32.0929	31.7386	31.9304	32.1215	32.976	33.5241	33.3382	33.5242	33.7094	34.1574	34.2603	34.4051	34.5867	34.9125	35.2699	35.3792	35.3792	35.467	35.4659	35.1991	35.0218	35.0218	34.9309	34.6741	34.1524	33.4782	32.9163	31.8526	30.5961	29.2333	27.3713	25.5836	23.335	21.4305	21.102	21.5253	21.5602	20.5031	20.7359	20.7359	20.7568	22.7789	21.4339	21.5521	21.7777	23.0569	23.693	22.9697	23.1957	23.3007	23.3007	23.2566	23.335	23.335	23.1957	23.4354	24.2003	23.3007	23.0315	24.007	22.4142	22.689	23.1308	23.5702	26.0525	25.0765	25.4598	27.8404	28.6529	26.2618	26.276	25.872	25.7483	29.7367	25.2247	24.7626	28.9032	28.0205	22.5867	21.7985	21.3723	21.1946	24.1473	20.1228	19.7604	21.9227	21.5521	21.8666	22.9753	23.2675	22.9196	23.0296	23.2547	23.4379	23.9732	24.1082	24.2796	24.5014	24.6027	24.6027	24.7091	24.9295	25.2856	25.8977	26.2563	26.7542	27.3885	28.0353	29.3835	30.516	31.5932	32.8081	34.9297	36.8613	37.8643	38.5239	39.3276	40.8798	41.1839	41.8552	43.6766	44.8853	44.7397	45.0964	45.4914	45.8085	46.6059	46.9333	47.1587	47.282
17.7243	14.6049	13.7779	12.8161	11.5318	11.3252	9.4177	7.15616	6.1175	4.87196	3.63033	2.83629	2.04608	1.89167	3.36528	4.34805	2.7074	3.66923	7.3801	5.68667	6.45103	6.87336	7.60912	11.897	13.2991	10.3952	10.794	15.1924	12.3846	12.6595	12.885	12.8526	15.9582	14.2632	14.7344	17.1047	16.6866	15.4643	15.274	14.7877	14.3873	14.5733	13.5203	13.0181	12.5143	11.4016	9.39945	7.46299	6.17487	5.08206	5.26336	2.62704	2.95931	3.9676	4.83904	7.93508	11.0439	13.0181	14.5914	17.1679	18.6192	19.8026	20.9699	21.971	23.4934	24.6368	25.3876	26.3907	27.5132	28.2439	28.8625	29.677	30.2803	30.8869	31.4691	31.8567	32.3517	32.9084	33.3699	33.8348	34.3852	34.7505	35.0462	35.2972	35.4668	35.868	36.2813	36.5066	36.8851	37.0083	37.2572	37.5849	37.5049	37.4157	37.452	37.4064	37.3982	37.2291	37.2218	37.4774	37.554	37.4721	37.5594	37.7515	37.5839	37.4374	37.2687	37.0992	37.1191	36.848	35.5805	35.2028	35.6303	34.1559	33.5531	32.998	32.4961	32.7238	31.2616	31.1797	31.9424	31.6452	30.7322	30.8514	31.2416	31.4586	32.046	31.7142	31.9063	32.0977	32.8551	33.4072	33.3238	33.5099	33.6952	34.1094	34.2465	34.3964	34.5781	34.8859	35.2438	35.3767	35.3767	35.4633	35.4645	35.1966	35.0193	35.0193	34.9272	34.6618	34.1196	33.4639	32.9016	31.8966	30.6485	29.4288	27.5904	25.8177	23.7383	21.4287	21.0635	21.3802	21.4733	20.5013	20.7341	20.7341	20.8155	22.9882	21.4899	21.6022	21.8271	23.2992	23.9258	22.9853	23.211	23.2988	23.2988	23.2546	23.333	23.333	23.211	23.4843	24.1983	23.2987	23.1288	24.1913	22.4124	22.585	23.0295	23.4716	25.683	24.9689	25.4578	27.7361	28.5429	26.2597	26.4279	26.0277	25.7462	29.9898	25.3955	25.0331	29.4605	28.4465	22.7783	21.9788	21.5577	21.2906	24.2863	20.121	19.6598	21.4733	21.41	21.8244	22.8327	23.1375	22.8851	23.0053	23.2307	23.4189	23.9053	24.0899	24.2706	24.4926	24.6007	24.6007	24.7093	24.9297	25.3095	25.9642	26.2644	26.8172	27.4489	28.0915	29.7018	30.8641	31.657	32.8494	35.053	36.8811	37.9177	38.575	39.4124	41.1909	41.2588	41.939	44.0097	45.2115	44.8183	45.1402	45.5339	45.8395	46.7232	46.9584	47.163	47.2862
9.54388	4.27345	4.80527	4.80527	3.7409	6.92337	5.86633	2.67393	1.6051	1.6051	0	0	0	1.07022	2.67393	3.7409	2.1397	2.67393	5.86633	3.20769	3.7409	3.7409	4.27345	9.02264	10.0635	5.33626	5.33626	11.0978	5.86633	5.86633	5.86633	4.80527	9.54388	4.80527	4.80527	9.02264	7.45017	3.20769	3.7409	3.7409	2.67393	4.80527	2.1397	2.1397	2.1397	3.7409	3.7409	2.1397	2.1397	2.67393	5.86633	3.20769	3.7409	3.7409	2.67393	5.86633	5.86633	2.67393	3.20769	6.3954	3.20769	3.20769	3.20769	2.67393	4.80527	2.1397	1.6051	2.67393	1.07022	0	0.535159	0.535159	0	0.535159	0.535159	0.535159	1.07022	0.535159	0	0	0	0.535159	1.6051	1.07022	0.535159	2.1397	1.6051	3.20769	5.86633	2.67393	2.67393	5.33626	2.67393	2.67393	4.80527	2.1397	2.1397	2.1397	1.6051	3.7409	3.7409	1.6051	1.6051	4.27345	2.67393	3.20769	3.20769	3.20769	7.9757	11.0978	6.3954	5.86633	12.1247	6.3954	5.86633	5.86633	6.3954	11.6122	5.33626	5.33626	10.5815	10.0635	4.80527	3.7409	3.7409	4.27345	7.9757	3.7409	3.7409	3.7409	6.92337	6.92337	2.1397	2.1397	2.1397	4.27345	2.1397	1.07022	1.07022	2.1397	2.1397	0.535159	0.535159	0	0.535159	0.535159	0.535159	0.535159	0	0.535159	0.535159	0	0	3.20769	3.20769	5.86633	5.86633	5.86633	6.92337	1.07022	3.20769	6.3954	7.9757	4.80527	5.86633	5.86633	5.86633	11.6122	5.86633	5.33626	5.33626	9.54388	9.54388	2.1397	2.1397	1.6051	1.6051	0	2.1397	2.1397	2.1397	5.86633	9.02264	5.33626	5.86633	11.0978	5.33626	4.80527	4.80527	4.80527	10.5815	5.86633	7.45017	14.1546	15.6538	9.02264	10.5815	10.5815	10.0635	20.4868	11.0978	11.6122	21.8826	20.955	10.5815	9.54388	9.54388	9.54388	16.1488	6.92337	3.7409	7.45017	3.7409	3.7409	6.92337	6.3954	3.20769	2.1397	2.1397	1.6051	3.20769	1.6051	0.535159	0.535159	0.535159	0.535159	0.535159	0.535159	2.1397	3.7409	1.6051	3.7409	3.7409	4.80527	10.0635	9.02264	3.7409	3.20769	5.86633	2.67393	4.80527	4.80527	7.45017	14.6566	7.45017	8.49988	18.1036	19.0652	9.54388	7.45017	7.45017	5.86633	11.0978	5.33626	3.7409	3.7409
9.54301	4.27306	4.80483	4.80483	3.74055	6.92273	5.86579	2.67368	1.60495	1.60495	0	0	0	1.07012	2.67368	3.74055	2.1395	2.67368	5.86579	3.20739	3.74055	3.74055	4.27306	9.02181	10.0626	5.33577	5.33577	11.0968	5.86579	5.86579	5.86579	4.80483	9.54301	4.80483	4.80483	9.02181	7.44948	3.20739	3.74055	3.74055	2.67368	4.80483	2.1395	2.1395	2.1395	3.74055	3.74055	2.1395	2.1395	2.67368	5.86579	3.20739	3.74055	3.74055	2.67368	5.86579	5.86579	2.67368	3.20739	6.39481	3.20739	3.20739	3.20739	2.67368	4.80483	2.1395	1.60495	2.67368	1.07012	0	0.535109	0.535109	0	0.535109	0.535109	0.535109	1.07012	0.535109	0	0	0	0.535109	1.60495	1.07012	0.535109	2.1395	1.60495	3.20739	5.86579	2.67368	2.67368	5.33577	2.67368	2.67368	4.80483	2.1395	2.1395	2.1395	1.60495	3.74055	3.74055	1.60495	1.60495	4.27306	2.67368	3.20739	3.20739	3.20739	7.97496	11.0968	6.39481	5.86579	12.1236	6.39481	5.86579	5.86579	6.39481	11.6111	5.33577	5.33577	10.5806	10.0626	4.80483	3.74055	3.74055	4.27306	7.97496	3.74055	3.74055	3.74055	6.92273	6.92273	2.1395	2.1395	2.1395	4.27306	2.1395	1.07012	1.07012	2.1395	2.1395	0.535109	0.535109	0	0.535109	0.535109	0.535109	0.535109	0	0.535109	0.535109	0	0	3.20739	3.20739	5.86579	5.86579	5.86579	6.92273	1.07012	3.20739	6.39481	7.97496	4.80483	5.86579	5.86579	5.86579	11.6111	5.86579	5.33577	5.33577	9.54301	9.54301	2.1395	2.1395	1.60495	1.60495	0	2.1395	2.1395	2.1395	5.86579	9.02181	5.33577	5.86579	11.0968	5.33577	4.80483	4.80483	4.80483	10.5806	5.86579	7.44948	14.1533	15.6524	9.02181	10.5806	10.5806	10.0626	20.4851	11.0968	11.6111	21.8807	20.9532	10.5806	9.54301	9.54301	9.54301	16.1473	6.92273	3.74055	7.44948	3.74055	3.74055	6.92273	6.39481	3.20739	2.1395	2.1395	1.60495	3.20739	1.60495	0.535109	0.535109	0.535109	0.535109	0.535109	0.535109	2.1395	3.74055	1.60495	3.74055	3.74055	4.80483	10.0626	9.02181	3.74055	3.20739	5.86579	2.67368	4.80483	4.80483	7.44948	14.6553	7.44948	8.4991	18.102	19.0635	9.54301	7.44948	7.44948	5.86579	11.0968	5.33577	3.74055	3.74055
9.54196	4.27258	4.80429	4.80429	3.74013	6.92196	5.86514	2.67338	1.60477	1.60477	0	0	0	1.07	2.67338	3.74013	2.13926	2.67338	5.86514	3.20703	3.74013	3.74013	4.27258	9.02081	10.0615	5.33517	5.33517	11.0955	5.86514	5.86514	5.86514	4.80429	9.54196	4.80429	4.80429	9.02081	7.44865	3.20703	3.74013	3.74013	2.67338	4.80429	2.13926	2.13926	2.13926	3.74013	3.74013	2.13926	2.13926	2.67338	5.86514	3.20703	3.74013	3.74013	2.67338	5.86514	5.86514	2.67338	3.20703	6.3941	3.20703	3.20703	3.20703	2.67338	4.80429	2.13926	1.60477	2.67338	1.07	0	0.535049	0.535049	0	0.535049	0.535049	0.535049	1.07	0.535049	0	0	0	0.535049	1.60477	1.07	0.535049	2.13926	1.60477	3.20703	5.86514	2.67338	2.67338	5.33517	2.67338	2.67338	4.80429	2.13926	2.13926	2.13926	1.60477	3.74013	3.74013	1.60477	1.60477	4.27258	2.67338	3.20703	3.20703	3.20703	7.97408	11.0955	6.3941	5.86514	12.1223	6.3941	5.86514	5.86514	6.3941	11.6099	5.33517	5.33517	10.5794	10.0615	4.80429	3.74013	3.74013	4.27258	7.97408	3.74013	3.74013	3.74013	6.92196	6.92196	2.13926	2.13926	2.13926	4.27258	2.13926	1.07	1.07	2.13926	2.13926	0.535049	0.535049	0	0.535049	0.535049	0.535049	0.535049	0	0.535049	0.535049	0	0	3.20703	3.20703	5.86514	5.86514	5.86514	6.92196	1.07	3.20703	6.3941	7.97408	4.80429	5.86514	5.86514	5.86514	11.6099	5.86514	5.33517	5.33517	9.54196	9.54196	2.13926	2.13926	1.60477	1.60477	0	2.13926	2.13926	2.13926	5.86514	9.02081	5.33517	5.86514	11.0955	5.33517	4.80429	4.80429	4.80429	10.5794	5.86514	7.44865	14.1518	15.6507	9.02081	10.5794	10.5794	10.0615	20.4829	11.0955	11.6099	21.8785	20.9511	10.5794	9.54196	9.54196	9.54196	16.1456	6.92196	3.74013	7.44865	3.74013	3.74013	6.92196	6.3941	3.20703	2.13926	2.13926	1.60477	3.20703	1.60477	0.535049	0.535049	0.535049	0.535049	0.535049	0.535049	2.13926	3.74013	1.60477	3.74013	3.74013	4.80429	10.0615	9.02081	3.74013	3.20703	5.86514	2.67338	4.80429	4.80429	7.44865	14.6537	7.44865	8.49816	18.1001	19.0615	9.54196	7.44865	7.44865	5.86514	11.0955	5.33517	3.74013	3.74013
9.54108	4.27218	4.80384	4.80384	3.73978	6.92132	5.86459	2.67313	1.60462	1.60462	0	0	0	1.0699	2.67313	3.73978	2.13906	2.67313	5.86459	3.20673	3.73978	3.73978	4.27218	9.01999	10.0606	5.33468	5.33468	11.0945	5.86459	5.86459	5.86459	4.80384	9.54108	4.80384	4.80384	9.01999	7.44797	3.20673	3.73978	3.73978	2.67313	4.80384	2.13906	2.13906	2.13906	3.73978	3.73978	2.13906	2.13906	2.67313	5.86459	3.20673	3.73978	3.73978	2.67313	5.86459	5.86459	2.67313	3.20673	6.3935	3.20673	3.20673	3.20673	2.67313	4.80384	2.13906	1.60462	2.67313	1.0699	0	0.534999	0.534999	0	0.534999	0.534999	0.534999	1.0699	0.534999	0	0	0	0.534999	1.60462	1.0699	0.534999	2.13906	1.60462	3.20673	5.86459	2.67313	2.67313	5.33468	2.67313	2.67313	4.80384	2.13906	2.13906	2.13906	1.60462	3.73978	3.73978	1.60462	1.60462	4.27218	2.67313	3.20673	3.20673	3.20673	7.97335	11.0945	6.3935	5.86459	12.1212	6.3935	5.86459	5.86459	6.3935	11.6088	5.33468	5.33468	10.5784	10.0606	4.80384	3.73978	3.73978	4.27218	7.97335	3.73978	3.73978	3.73978	6.92132	6.92132	2.13906	2.13906	2.13906	4.27218	2.13906	1.0699	1.0699	2.13906	2.13906	0.534999	0.534999	0	0.534999	0.534999	0.534999	0.534999	0	0.534999	0.534999	0	0	3.20673	3.20673	5.86459	5.86459	5.86459	6.92132	1.0699	3.20673	6.3935	7.97335	4.80384	5.86459	5.86459	5.86459	11.6088	5.86459	5.33468	5.33468	9.54108	9.54108	2.13906	2.13906	1.60462	1.60462	0	2.13906	2.13906	2.13906	5.86459	9.01999	5.33468	5.86459	11.0945	5.33468	4.80384	4.80384	4.80384	10.5784	5.86459	7.44797	14.1505	15.6493	9.01999	10.5784	10.5784	10.0606	20.4812	11.0945	11.6088	21.8766	20.9493	10.5784	9.54108	9.54108	9.54108	16.1442	6.92132	3.73978	7.44797	3.73978	3.73978	6.92132	6.3935	3.20673	2.13906	2.13906	1.60462	3.20673	1.60462	0.534999	0.534999	0.534999	0.534999	0.534999	0.534999	2.13906	3.73978	1.60462	3.73978	3.73978	4.80384	10.0606	9.01999	3.73978	3.20673	5.86459	2.67313	4.80384	4.80384	7.44797	14.6524	7.44797	8.49738	18.0985	19.0599	9.54108	7.44797	7.44797	5.86459	11.0945	5.33468	3.73978	3.73978
9.54021	4.27178	4.8034	4.8034	3.73943	6.92068	5.86405	2.67288	1.60447	1.60447	0	0	0	1.0698	2.67288	3.73943	2.13886	2.67288	5.86405	3.20644	3.73943	3.73943	4.27178	9.01916	10.0597	5.33418	5.33418	11.0935	5.86405	5.86405	5.86405	4.8034	9.54021	4.8034	4.8034	9.01916	7.44728	3.20644	3.73943	3.73943	2.67288	4.8034	2.13886	2.13886	2.13886	3.73943	3.73943	2.13886	2.13886	2.67288	5.86405	3.20644	3.73943	3.73943	2.67288	5.86405	5.86405	2.67288	3.20644	6.39291	3.20644	3.20644	3.20644	2.67288	4.8034	2.13886	1.60447	2.67288	1.0698	0	0.534949	0.534949	0	0.534949	0.534949	0.534949	1.0698	0.534949	0	0	0	0.534949	1.60447	1.0698	0.534949	2.13886	1.60447	3.20644	5.86405	2.67288	2.67288	5.33418	2.67288	2.67288	4.8034	2.13886	2.13886	2.13886	1.60447	3.73943	3.73943	1.60447	1.60447	4.27178	2.67288	3.20644	3.20644	3.20644	7.97261	11.0935	6.39291	5.86405	12.1201	6.39291	5.86405	5.86405	6.39291	11.6078	5.33418	5.33418	10.5775	10.0597	4.8034	3.73943	3.73943	4.27178	7.97261	3.73943	3.73943	3.73943	6.92068	6.92068	2.13886	2.13886	2.13886	4.27178	2.13886	1.0698	1.0698	2.13886	2.13886	0.534949	0.534949	0	0.534949	0.534949	0.534949	0.534949	0	0.534949	0.534949	0	0	3.20644	3.20644	5.86405	5.86405	5.86405	6.92068	1.0698	3.20644	6.39291	7.97261	4.8034	5.86405	5.86405	5.86405	11.6078	5.86405	5.33418	5.33418	9.54021	9.54021	2.13886	2.13886	1.60447	1.60447	0	2.13886	2.13886	2.13886	5.86405	9.01916	5.33418	5.86405	11.0935	5.33418	4.8034	4.8034	4.8034	10.5775	5.86405	7.44728	14.1492	15.6479	9.01916	10.5775	10.5775	10.0597	20.4794	11.0935	11.6078	21.8748	20.9475	10.5775	9.54021	9.54021	9.54021	16.1428	6.92068	3.73943	7.44728	3.73943	3.73943	6.92068	6.39291	3.20644	2.13886	2.13886	1.60447	3.20644	1.60447	0.534949	0.534949	0.534949	0.534949	0.534949	0.534949	2.13886	3.73943	1.60447	3.73943	3.73943	4.8034	10.0597	9.01916	3.73943	3.20644	5.86405	2.67288	4.8034	4.8034	7.44728	14.6511	7.44728	8.4966	18.0969	19.0582	9.54021	7.44728	7.44728	5.86405	11.0935	5.33418	3.73943	3.73943
9.53933	4.27139	4.80295	4.80295	3.73909	6.92005	5.86351	2.67263	1.60432	1.60432	0	0	0	1.06971	2.67263	3.73909	2.13866	2.67263	5.86351	3.20614	3.73909	3.73909	4.27139	9.01833	10.0587	5.33369	5.33369	11.0925	5.86351	5.86351	5.86351	4.80295	9.53933	4.80295	4.80295	9.01833	7.44659	3.20614	3.73909	3.73909	2.67263	4.80295	2.13866	2.13866	2.13866	3.73909	3.73909	2.13866	2.13866	2.67263	5.86351	3.20614	3.73909	3.73909	2.67263	5.86351	5.86351	2.67263	3.20614	6.39232	3.20614	3.20614	3.20614	2.67263	4.80295	2.13866	1.60432	2.67263	1.06971	0	0.534899	0.534899	0	0.534899	0.534899	0.534899	1.06971	0.534899	0	0	0	0.534899	1.60432	1.06971	0.534899	2.13866	1.60432	3.20614	5.86351	2.67263	2.67263	5.33369	2.67263	2.67263	4.80295	2.13866	2.13866	2.13866	1.60432	3.73909	3.73909	1.60432	1.60432	4.27139	2.67263	3.20614	3.20614	3.20614	7.97188	11.0925	6.39232	5.86351	12.119	6.39232	5.86351	5.86351	6.39232	11.6067	5.33369	5.33369	10.5765	10.0587	4.80295	3.73909	3.73909	4.27139	7.97188	3.73909	3.73909	3.73909	6.92005	6.92005	2.13866	2.13866	2.13866	4.27139	2.13866	1.06971	1.06971	2.13866	2.13866	0.534899	0.534899	0	0.534899	0.534899	0.534899	0.534899	0	0.534899	0.534899	0	0	3.20614	3.20614	5.86351	5.86351	5.86351	6.92005	1.06971	3.20614	6.39232	7.97188	4.80295	5.86351	5.86351	5.86351	11.6067	5.86351	5.33369	5.33369	9.53933	9.53933	2.13866	2.13866	1.60432	1.60432	0	2.13866	2.13866	2.13866	5.86351	9.01833	5.33369	5.86351	11.0925	5.33369	4.80295	4.80295	4.80295	10.5765	5.86351	7.44659	14.148	15.6465	9.01833	10.5765	10.5765	10.0587	20.4777	11.0925	11.6067	21.8729	20.9457	10.5765	9.53933	9.53933	9.53933	16.1413	6.92005	3.73909	7.44659	3.73909	3.73909	6.92005	6.39232	3.20614	2.13866	2.13866	1.60432	3.20614	1.60432	0.534899	0.534899	0.534899	0.534899	0.534899	0.534899	2.13866	3.73909	1.60432	3.73909	3.73909	4.80295	10.0587	9.01833	3.73909	3.20614	5.86351	2.67263	4.80295	4.80295	7.44659	14.6498	7.44659	8.49582	18.0954	19.0566	9.53933	7.44659	7.44659	5.86351	11.0925	5.33369	3.73909	3.73909
9.53846	4.27099	4.8025	4.8025	3.73874	6.91941	5.86296	2.67238	1.60417	1.60417	0	0	0	1.06961	2.67238	3.73874	2.13847	2.67238	5.86296	3.20584	3.73874	3.73874	4.27099	9.0175	10.0578	5.33319	5.33319	11.0915	5.86296	5.86296	5.86296	4.8025	9.53846	4.8025	4.8025	9.0175	7.4459	3.20584	3.73874	3.73874	2.67238	4.8025	2.13847	2.13847	2.13847	3.73874	3.73874	2.13847	2.13847	2.67238	5.86296	3.20584	3.73874	3.73874	2.67238	5.86296	5.86296	2.67238	3.20584	6.39173	3.20584	3.20584	3.20584	2.67238	4.8025	2.13847	1.60417	2.67238	1.06961	0	0.534849	0.534849	0	0.534849	0.534849	0.534849	1.06961	0.534849	0	0	0	0.534849	1.60417	1.06961	0.534849	2.13847	1.60417	3.20584	5.86296	2.67238	2.67238	5.33319	2.67238	2.67238	4.8025	2.13847	2.13847	2.13847	1.60417	3.73874	3.73874	1.60417	1.60417	4.27099	2.67238	3.20584	3.20584	3.20584	7.97114	11.0915	6.39173	5.86296	12.1179	6.39173	5.86296	5.86296	6.39173	11.6057	5.33319	5.33319	10.5755	10.0578	4.8025	3.73874	3.73874	4.27099	7.97114	3.73874	3.73874	3.73874	6.91941	6.91941	2.13847	2.13847	2.13847	4.27099	2.13847	1.06961	1.06961	2.13847	2.13847	0.534849	0.534849	0	0.534849	0.534849	0.534849	0.534849	0	0.534849	0.534849	0	0	3.20584	3.20584	5.86296	5.86296	5.86296	6.91941	1.06961	3.20584	6.39173	7.97114	4.8025	5.86296	5.86296	5.86296	11.6057	5.86296	5.33319	5.33319	9.53846	9.53846	2.13847	2.13847	1.60417	1.60417	0	2.13847	2.13847	2.13847	5.86296	9.0175	5.33319	5.86296	11.0915	5.33319	4.8025	4.8025	4.8025	10.5755	5.86296	7.4459	14.1467	15.6451	9.0175	10.5755	10.5755	10.0578	20.4759	11.0915	11.6057	21.8711	20.9439	10.5755	9.53846	9.53846	9.53846	16.1399	6.91941	3.73874	7.4459	3.73874	3.73874	6.91941	6.39173	3.20584	2.13847	2.13847	1.60417	3.20584	1.60417	0.534849	0.534849	0.534849	0.534849	0.534849	0.534849	2.13847	3.73874	1.60417	3.73874	3.73874	4.8025	10.0578	9.0175	3.73874	3.20584	5.86296	2.67238	4.8025	4.8025	7.4459	14.6485	7.4459	8.49503	18.0938	19.0549	9.53846	7.4459	7.4459	5.86296	11.0915	5.33319	3.73874	3.73874
9.53758	4.27059	4.80206	4.80206	3.73839	6.91877	5.86242	2.67213	1.60403	1.60403	0	0	0	1.06951	2.67213	3.73839	2.13827	2.67213	5.86242	3.20554	3.73839	3.73839	4.27059	9.01667	10.0569	5.3327	5.3327	11.0905	5.86242	5.86242	5.86242	4.80206	9.53758	4.80206	4.80206	9.01667	7.44522	3.20554	3.73839	3.73839	2.67213	4.80206	2.13827	2.13827	2.13827	3.73839	3.73839	2.13827	2.13827	2.67213	5.86242	3.20554	3.73839	3.73839	2.67213	5.86242	5.86242	2.67213	3.20554	6.39114	3.20554	3.20554	3.20554	2.67213	4.80206	2.13827	1.60403	2.67213	1.06951	0	0.534799	0.534799	0	0.534799	0.534799	0.534799	1.06951	0.534799	0	0	0	0.534799	1.60403	1.06951	0.534799	2.13827	1.60403	3.20554	5.86242	2.67213	2.67213	5.3327	2.67213	2.67213	4.80206	2.13827	2.13827	2.13827	1.60403	3.73839	3.73839	1.60403	1.60403	4.27059	2.67213	3.20554	3.20554	3.20554	7.97041	11.0905	6.39114	5.86242	12.1168	6.39114	5.86242	5.86242	6.39114	11.6046	5.3327	5.3327	10.5746	10.0569	4.80206	3.73839	3.73839	4.27059	7.97041	3.73839	3.73839	3.73839	6.91877	6.91877	2.13827	2.13827	2.13827	4.27059	2.13827	1.06951	1.06951	2.13827	2.13827	0.534799	0.534799	0	0.534799	0.534799	0.534799	0.534799	0	0.534799	0.534799	0	0	3.20554	3.20554	5.86242	5.86242	5.86242	6.91877	1.06951	3.20554	6.39114	7.97041	4.80206	5.86242	5.86242	5.86242	11.6046	5.86242	5.3327	5.3327	9.53758	9.53758	2.13827	2.13827	1.60403	1.60403	0	2.13827	2.13827	2.13827	5.86242	9.01667	5.3327	5.86242	11.0905	5.3327	4.80206	4.80206	4.80206	10.5746	5.86242	7.44522	14.1454	15.6438	9.01667	10.5746	10.5746	10.0569	20.4742	11.0905	11.6046	21.8692	20.9421	10.5746	9.53758	9.53758	9.53758	16.1385	6.91877	3.73839	7.44522	3.73839	3.73839	6.91877	6.39114	3.20554	2.13827	2.13827	1.60403	3.20554	1.60403	0.534799	0.534799	0.534799	0.534799	0.534799	0.534799	2.13827	3.73839	1.60403	3.73839	3.73839	4.80206	10.0569	9.01667	3.73839	3.20554	5.86242	2.67213	4.80206	4.80206	7.44522	14.6472	7.44522	8.49425	18.0922	19.0533	9.53758	7.44522	7.44522	5.86242	11.0905	5.3327	3.73839	3.73839
9.53671	4.2702	4.80161	4.80161	3.73804	6.91813	5.86188	2.67189	1.60388	1.60388	0	0	0	1.06941	2.67189	3.73804	2.13807	2.67189	5.86188	3.20524	3.73804	3.73804	4.2702	9.01584	10.056	5.3322	5.3322	11.0895	5.86188	5.86188	5.86188	4.80161	9.53671	4.80161	4.80161	9.01584	7.44453	3.20524	3.73804	3.73804	2.67189	4.80161	2.13807	2.13807	2.13807	3.73804	3.73804	2.13807	2.13807	2.67189	5.86188	3.20524	3.73804	3.73804	2.67189	5.86188	5.86188	2.67189	3.20524	6.39055	3.20524	3.20524	3.20524	2.67189	4.80161	2.13807	1.60388	2.67189	1.06941	0	0.534749	0.534749	0	0.534749	0.534749	0.534749	1.06941	0.534749	0	0	0	0.534749	1.60388	1.06941	0.534749	2.13807	1.60388	3.20524	5.86188	2.67189	2.67189	5.3322	2.67189	2.67189	4.80161	2.13807	2.13807	2.13807	1.60388	3.73804	3.73804	1.60388	1.60388	4.2702	2.67189	3.20524	3.20524	3.20524	7.96967	11.0895	6.39055	5.86188	12.1157	6.39055	5.86188	5.86188	6.39055	11.6035	5.3322	5.3322	10.5736	10.056	4.80161	3.73804	3.73804	4.2702	7.96967	3.73804	3.73804	3.73804	6.91813	6.91813	2.13807	2.13807	2.13807	4.2702	2.13807	1.06941	1.06941	2.13807	2.13807	0.534749	0.534749	0	0.534749	0.534749	0.534749	0.534749	0	0.534749	0.534749	0	0	3.20524	3.20524	5.86188	5.86188	5.86188	6.91813	1.06941	3.20524	6.39055	7.96967	4.80161	5.86188	5.86188	5.86188	11.6035	5.86188	5.3322	5.3322	9.53671	9.53671	2.13807	2.13807	1.60388	1.60388	0	2.13807	2.13807	2.13807	5.86188	9.01584	5.3322	5.86188	11.0895	5.3322	4.80161	4.80161	4.80161	10.5736	5.86188	7.44453	14.1442	15.6424	9.01584	10.5736	10.5736	10.056	20.4724	11.0895	11.6035	21.8674	20.9403	10.5736	9.53671	9.53671	9.53671	16.137	6.91813	3.73804	7.44453	3.73804	3.73804	6.91813	6.39055	3.20524	2.13807	2.13807	1.60388	3.20524	1.60388	0.534749	0.534749	0.534749	0.534749	0.534749	0.534749	2.13807	3.73804	1.60388	3.73804	3.73804	4.80161	10.056	9.01584	3.73804	3.20524	5.86188	2.67189	4.80161	4.80161	7.44453	14.6459	7.44453	8.49347	18.0906	19.0516	9.53671	7.44453	7.44453	5.86188	11.0895	5.3322	3.73804	3.73804
9.53584	4.2698	4.80117	4.80117	3.73769	6.91749	5.86133	2.67164	1.60373	1.60373	0	0	0	1.06931	2.67164	3.73769	2.13787	2.67164	5.86133	3.20494	3.73769	3.73769	4.2698	9.01502	10.0551	5.33171	5.33171	11.0885	5.86133	5.86133	5.86133	4.80117	9.53584	4.80117	4.80117	9.01502	7.44384	3.20494	3.73769	3.73769	2.67164	4.80117	2.13787	2.13787	2.13787	3.73769	3.73769	2.13787	2.13787	2.67164	5.86133	3.20494	3.73769	3.73769	2.67164	5.86133	5.86133	2.67164	3.20494	6.38995	3.20494	3.20494	3.20494	2.67164	4.80117	2.13787	1.60373	2.67164	1.06931	0	0.534699	0.534699	0	0.534699	0.534699	0.534699	1.06931	0.534699	0	0	0	0.534699	1.60373	1.06931	0.534699	2.13787	1.60373	3.20494	5.86133	2.67164	2.67164	5.33171	2.67164	2.67164	4.80117	2.13787	2.13787	2.13787	1.60373	3.73769	3.73769	1.60373	1.60373	4.2698	2.67164	3.20494	3.20494	3.20494	7.96894	11.0885	6.38995	5.86133	12.1146	6.38995	5.86133	5.86133	6.38995	11.6025	5.33171	5.33171	10.5726	10.0551	4.80117	3.73769	3.73769	4.2698	7.96894	3.73769	3.73769	3.73769	6.91749	6.91749	2.13787	2.13787	2.13787	4.2698	2.13787	1.06931	1.06931	2.13787	2.13787	0.534699	0.534699	0	0.534699	0.534699	0.534699	0.534699	0	0.534699	0.534699	0	0	3.20494	3.20494	5.86133	5.86133	5.86133	6.91749	1.06931	3.20494	6.38995	7.96894	4.80117	5.86133	5.86133	5.86133	11.6025	5.86133	5.33171	5.33171	9.53584	9.53584	2.13787	2.13787	1.60373	1.60373	0	2.13787	2.13787	2.13787	5.86133	9.01502	5.33171	5.86133	11.0885	5.33171	4.80117	4.80117	4.80117	10.5726	5.86133	7.44384	14.1429	15.641	9.01502	10.5726	10.5726	10.0551	20.4707	11.0885	11.6025	21.8655	20.9386	10.5726	9.53584	9.53584	9.53584	16.1356	6.91749	3.73769	7.44384	3.73769	3.73769	6.91749	6.38995	3.20494	2.13787	2.13787	1.60373	3.20494	1.60373	0.534699	0.534699	0.534699	0.534699	0.534699	0.534699	2.13787	3.73769	1.60373	3.73769	3.73769	4.80117	10.0551	9.01502	3.73769	3.20494	5.86133	2.67164	4.80117	4.80117	7.44384	14.6446	7.44384	8.49269	18.089	19.05	9.53584	7.44384	7.44384	5.86133	11.0885	5.33171	3.73769	3.73769
9.53496	4.2694	4.80072	4.80072	3.73735	6.91685	5.86079	2.67139	1.60358	1.60358	0	0	0	1.06921	2.67139	3.73735	2.13767	2.67139	5.86079	3.20464	3.73735	3.73735	4.2694	9.01419	10.0542	5.33121	5.33121	11.0875	5.86079	5.86079	5.86079	4.80072	9.53496	4.80072	4.80072	9.01419	7.44316	3.20464	3.73735	3.73735	2.67139	4.80072	2.13767	2.13767	2.13767	3.73735	3.73735	2.13767	2.13767	2.67139	5.86079	3.20464	3.73735	3.73735	2.67139	5.86079	5.86079	2.67139	3.20464	6.38936	3.20464	3.20464	3.20464	2.67139	4.80072	2.13767	1.60358	2.67139	1.06921	0	0.53465	0.53465	0	0.53465	0.53465	0.53465	1.06921	0.53465	0	0	0	0.53465	1.60358	1.06921	0.53465	2.13767	1.60358	3.20464	5.86079	2.67139	2.67139	5.33121	2.67139	2.67139	4.80072	2.13767	2.13767	2.13767	1.60358	3.73735	3.73735	1.60358	1.60358	4.2694	2.67139	3.20464	3.20464	3.20464	7.96821	11.0875	6.38936	5.86079	12.1135	6.38936	5.86079	5.86079	6.38936	11.6014	5.33121	5.33121	10.5717	10.0542	4.80072	3.73735	3.73735	4.2694	7.96821	3.73735	3.73735	3.73735	6.91685	6.91685	2.13767	2.13767	2.13767	4.2694	2.13767	1.06921	1.06921	2.13767	2.13767	0.53465	0.53465	0	0.53465	0.53465	0.53465	0.53465	0	0.53465	0.53465	0	0	3.20464	3.20464	5.86079	5.86079	5.86079	6.91685	1.06921	3.20464	6.38936	7.96821	4.80072	5.86079	5.86079	5.86079	11.6014	5.86079	5.33121	5.33121	9.53496	9.53496	2.13767	2.13767	1.60358	1.60358	0	2.13767	2.13767	2.13767	5.86079	9.01419	5.33121	5.86079	11.0875	5.33121	4.80072	4.80072	4.80072	10.5717	5.86079	7.44316	14.1416	15.6396	9.01419	10.5717	10.5717	10.0542	20.4689	11.0875	11.6014	21.8637	20.9368	10.5717	9.53496	9.53496	9.53496	16.1342	6.91685	3.73735	7.44316	3.73735	3.73735	6.91685	6.38936	3.20464	2.13767	2.13767	1.60358	3.20464	1.60358	0.53465	0.53465	0.53465	0.53465	0.53465	0.53465	2.13767	3.73735	1.60358	3.73735	3.73735	4.80072	10.0542	9.01419	3.73735	3.20464	5.86079	2.67139	4.80072	4.80072	7.44316	14.6432	7.44316	8.49191	18.0875	19.0483	9.53496	7.44316	7.44316	5.86079	11.0875	5.33121	3.73735	3.73735
9.53392	4.26892	4.80018	4.80018	3.73693	6.91608	5.86014	2.67109	1.6034	1.6034	0	0	0	1.06909	2.67109	3.73693	2.13743	2.67109	5.86014	3.20429	3.73693	3.73693	4.26892	9.0132	10.053	5.33062	5.33062	11.0863	5.86014	5.86014	5.86014	4.80018	9.53392	4.80018	4.80018	9.0132	7.44233	3.20429	3.73693	3.73693	2.67109	4.80018	2.13743	2.13743	2.13743	3.73693	3.73693	2.13743	2.13743	2.67109	5.86014	3.20429	3.73693	3.73693	2.67109	5.86014	5.86014	2.67109	3.20429	6.38865	3.20429	3.20429	3.20429	2.67109	4.80018	2.13743	1.6034	2.67109	1.06909	0	0.53459	0.53459	0	0.53459	0.53459	0.53459	1.06909	0.53459	0	0	0	0.53459	1.6034	1.06909	0.53459	2.13743	1.6034	3.20429	5.86014	2.67109	2.67109	5.33062	2.67109	2.67109	4.80018	2.13743	2.13743	2.13743	1.6034	3.73693	3.73693	1.6034	1.6034	4.26892	2.67109	3.20429	3.20429	3.20429	7.96732	11.0863	6.38865	5.86014	12.1122	6.38865	5.86014	5.86014	6.38865	11.6002	5.33062	5.33062	10.5705	10.053	4.80018	3.73693	3.73693	4.26892	7.96732	3.73693	3.73693	3.73693	6.91608	6.91608	2.13743	2.13743	2.13743	4.26892	2.13743	1.06909	1.06909	2.13743	2.13743	0.53459	0.53459	0	0.53459	0.53459	0.53459	0.53459	0	0.53459	0.53459	0	0	3.20429	3.20429	5.86014	5.86014	5.86014	6.91608	1.06909	3.20429	6.38865	7.96732	4.80018	5.86014	5.86014	5.86014	11.6002	5.86014	5.33062	5.33062	9.53392	9.53392	2.13743	2.13743	1.6034	1.6034	0	2.13743	2.13743	2.13743	5.86014	9.0132	5.33062	5.86014	11.0863	5.33062	4.80018	4.80018	4.80018	10.5705	5.86014	7.44233	14.1401	15.6379	9.0132	10.5705	10.5705	10.053	20.4668	11.0863	11.6002	21.8615	20.9346	10.5705	9.53392	9.53392	9.53392	16.1325	6.91608	3.73693	7.44233	3.73693	3.73693	6.91608	6.38865	3.20429	2.13743	2.13743	1.6034	3.20429	1.6034	0.53459	0.53459	0.53459	0.53459	0.53459	0.53459	2.13743	3.73693	1.6034	3.73693	3.73693	4.80018	10.053	9.0132	3.73693	3.20429	5.86014	2.67109	4.80018	4.80018	7.44233	14.6417	7.44233	8.49097	18.0856	19.0464	9.53392	7.44233	7.44233	5.86014	11.0863	5.33062	3.73693	3.73693
11.3828	6.2238	6.12981	5.84764	4.66518	7.41346	6.26589	3.04458	1.68993	1.78239	0.188998	0	0	1.06899	2.80735	3.89022	2.20295	2.88244	6.21518	3.64518	4.23939	4.35491	5.12752	10.0385	11.1966	7.16667	7.52581	13.095	9.38222	9.79663	10.208	10.2499	14.075	11.9041	12.3697	15.2428	15.2173	14.283	14.8932	15.3744	15.4972	16.054	15.3839	15.2771	15.2771	16.6095	18.2538	19.2062	20.146	21.0055	22.5345	22.763	23.1505	23.3733	24.0998	27.0692	30.4228	32.4455	33.8527	35.5488	36.2341	36.8432	37.5194	38.1581	39.2004	39.8249	40.3604	41.3308	42.5381	43.5139	44.1431	44.6885	45.3539	46.6479	47.9931	48.9332	50.1714	51.3992	52.0143	52.316	52.6136	52.9069	53.2472	53.4845	53.5773	53.7256	53.8625	54.06	54.4234	54.6019	54.7346	54.9936	55.1327	55.2199	55.3368	55.3462	55.3462	55.3462	55.3423	55.3234	55.154	54.9073	54.7299	54.5021	54.1992	53.935	53.5616	53.2271	53.0332	52.9672	52.8074	52.889	53.2567	53.0534	52.9489	52.7546	52.6203	52.7231	52.2915	52.2842	52.6351	52.845	52.9078	53.1268	53.4133	53.7047	54.1602	54.3885	54.6117	54.8787	55.2049	55.4635	55.4765	55.3905	55.3041	55.2865	55.3019	55.3395	55.3395	55.3041	55.2173	55.1208	55.0332	54.9003	54.6357	54.3643	54.0429	53.5769	53.1492	52.4665	51.349	50.3897	49.6736	48.9849	48.6738	49.0783	49.6434	50.2463	50.7324	50.5037	49.7376	47.9781	45.1143	42.3381	40.0221	37.2601	34.282	29.9678	24.351	20.6758	16.8973	12.3002	6.61761	1.97246	4.23958	6.41037	9.27713	11.8816	13.2321	13.9767	14.5739	16.1606	17.6235	16.049	15.6631	17.04	13.7757	13.1247	12.6482	12.1726	14.6106	11.6243	11.8828	15.859	16.2313	9.94426	10.7186	10.2962	9.51318	19.174	10.7043	11.6298	21.4261	21.8331	15.9836	16.7012	18.1922	19.6369	24.0808	22.1734	22.1209	22.8763	22.1209	22.3119	23.4865	24.2455	24.4854	24.7424	24.9619	25.2559	25.8882	26.2359	26.4222	26.6361	26.7445	26.7445	26.6361	26.4222	26.0331	25.1419	24.0376	23.5306	22.8594	22.6011	23.2982	22.2603	20.7508	20.5429	20.7917	20.146	20.1968	19.7359	19.349	20.5483	15.6795	14.7045	18.7787	17.9802	8.88882	6.84671	6.79532	5.47713	10.6115	6.95855	6.53237	6.75419
12.5363	6.83596	6.57179	6.31008	5.12704	7.92207	6.7818	3.56101	1.68977	2.04323	0.422558	0	0	1.06889	3.07336	4.15448	2.20274	3.14205	6.73511	3.88989	4.48278	4.59206	5.60082	11.0228	11.9153	7.36802	7.92222	14.2316	9.91582	10.1262	10.5236	10.6606	14.9972	12.1272	12.5834	15.873	15.7509	14.4098	15.0312	15.5072	15.5416	16.0526	15.353	15.2757	15.2757	17.1608	18.7448	19.3569	20.2874	21.1137	22.875	22.8317	23.1855	23.4078	24.3192	28.1071	31.5197	32.6802	33.9881	35.8857	36.2813	36.9087	37.582	38.2104	39.3576	39.8513	40.3918	41.4428	42.6215	43.5285	44.1563	44.7011	45.3731	46.7381	48.0145	48.953	50.2284	51.421	52.015	52.3166	52.6142	52.9054	53.2419	53.4809	53.5744	53.7192	53.8584	54.0491	54.3991	54.5967	54.7274	54.9764	55.1277	55.2148	55.3295	55.3437	55.3437	55.3437	55.3398	55.3251	55.166	54.9094	54.7321	54.5235	54.2041	53.9526	53.5798	53.2395	53.0767	52.9646	52.7968	52.8793	53.2391	53.0508	52.9627	52.7687	52.6265	52.7525	52.2964	52.2748	52.6058	52.8062	52.8943	53.1131	53.3999	53.6896	54.119	54.3787	54.5994	54.8666	55.1829	55.442	55.4765	55.3905	55.3041	55.284	55.2974	55.337	55.337	55.3041	55.2174	55.1192	55.0316	54.899	54.6403	54.3642	54.045	53.5792	53.1521	52.4923	51.393	50.4022	49.6927	49.0326	48.6659	49.0362	49.603	50.2029	50.7102	50.5144	49.7262	47.9437	45.0341	42.2936	39.9453	37.169	34.173	29.3657	24.128	20.4878	16.6532	11.1292	3.89002	2.27445	4.3871	6.5827	10.0721	12.0828	13.3955	14.1301	14.6621	16.4536	17.622	15.9713	15.4246	16.3325	13.6005	12.9601	12.4765	11.9933	14.1019	11.5005	11.4473	14.8223	14.676	8.8823	9.53407	9.05175	8.22571	16.511	9.21614	9.99833	18.5551	19.3941	15.1346	15.9026	17.4778	19.0665	22.8214	21.9389	22.119	22.8743	22.119	22.2475	23.2708	24.0583	24.438	24.7248	24.9444	25.2365	25.8299	26.2236	26.418	26.632	26.7424	26.7424	26.632	26.418	26.0001	25.0351	24.0146	23.449	22.7744	22.5558	22.9606	22.0139	20.749	20.509	20.7296	20.1443	20.0992	19.6354	18.9241	19.0284	15.1958	13.8997	15.7639	14.2949	6.91486	5.54063	5.47659	4.239	8.67124	6.42332	6.39048	6.61718
12.1089	5.85851	5.85851	5.85851	4.79885	7.96512	6.91416	3.73589	1.60295	2.13683	0.53444	0	0	1.06879	3.20339	4.26773	2.13683	3.20339	6.91416	3.73589	4.26773	4.26773	5.32914	11.0832	11.597	5.85851	6.38688	13.6326	7.44027	6.91416	6.91416	6.38688	12.1089	5.85851	5.85851	11.0832	9.5313	4.26773	4.79885	4.79885	3.20339	4.79885	1.60295	2.13683	2.13683	7.44027	7.44027	4.26773	4.26773	4.26773	8.48863	4.26773	4.26773	4.26773	5.85851	13.6326	15.1369	7.44027	6.38688	11.0832	4.79885	5.32914	5.32914	4.79885	8.48863	3.73589	3.73589	6.91416	5.85851	2.67034	2.67034	2.67034	3.20339	6.91416	3.73589	3.73589	6.38688	4.26773	1.60295	1.60295	1.60295	1.06879	0.53444	0.53444	0	1.06879	1.06879	1.60295	3.73589	2.13683	1.60295	3.73589	2.13683	2.13683	4.26773	2.13683	2.13683	2.13683	1.60295	4.26773	5.32914	2.67034	2.67034	6.38688	3.73589	5.32914	5.32914	4.79885	10.0503	11.0832	5.85851	5.32914	11.597	6.38688	6.91416	6.91416	6.91416	12.6189	5.85851	4.79885	9.5313	8.48863	3.73589	2.13683	2.13683	2.67034	5.32914	2.67034	2.13683	2.13683	5.32914	5.32914	2.67034	2.67034	2.67034	4.26773	1.60295	1.06879	1.06879	2.67034	2.67034	1.06879	1.06879	1.06879	2.67034	1.60295	2.13683	2.13683	2.13683	4.79885	5.85851	3.20339	3.73589	6.38688	2.67034	3.20339	3.20339	2.67034	5.85851	3.20339	2.13683	4.79885	5.32914	2.67034	3.20339	3.20339	3.20339	5.85851	2.67034	3.20339	3.20339	5.85851	5.85851	2.67034	2.67034	2.67034	5.85851	3.20339	3.73589	3.73589	3.20339	7.44027	9.01072	4.79885	4.26773	8.48863	4.26773	3.73589	3.73589	3.73589	9.01072	5.32914	5.85851	11.597	12.1089	6.38688	7.96512	7.96512	7.44027	15.1369	7.96512	7.96512	15.6338	15.1369	7.44027	5.85851	5.85851	6.38688	11.0832	4.79885	3.73589	7.44027	3.73589	2.67034	4.79885	4.26773	2.13683	1.60295	1.60295	0.53444	1.60295	1.06879	0	0	0.53444	0.53444	0	0	0.53444	0.53444	0	2.13683	2.13683	4.26773	7.96512	7.44027	3.73589	2.67034	5.32914	2.67034	3.73589	3.73589	4.26773	9.01072	4.79885	4.79885	10.5676	11.0832	5.32914	4.79885	4.79885	3.20339	6.91416	3.73589	3.20339	3.20339
12.1078	5.85797	5.85797	5.85797	4.7984	7.96439	6.91353	3.73554	1.6028	2.13663	0.53439	0	0	1.06869	3.20309	4.26734	2.13663	3.20309	6.91353	3.73554	4.26734	4.26734	5.32864	11.0822	11.596	5.85797	6.38629	13.6314	7.43959	6.91353	6.91353	6.38629	12.1078	5.85797	5.85797	11.0822	9.53042	4.26734	4.7984	4.7984	3.20309	4.7984	1.6028	2.13663	2.13663	7.43959	7.43959	4.26734	4.26734	4.26734	8.48785	4.26734	4.26734	4.26734	5.85797	13.6314	15.1356	7.43959	6.38629	11.0822	4.7984	5.32864	5.32864	4.7984	8.48785	3.73554	3.73554	6.91353	5.85797	2.67009	2.67009	2.67009	3.20309	6.91353	3.73554	3.73554	6.38629	4.26734	1.6028	1.6028	1.6028	1.06869	0.53439	0.53439	0	1.06869	1.06869	1.6028	3.73554	2.13663	1.6028	3.73554	2.13663	2.13663	4.26734	2.13663	2.13663	2.13663	1.6028	4.26734	5.32864	2.67009	2.67009	6.38629	3.73554	5.32864	5.32864	4.7984	10.0494	11.0822	5.85797	5.32864	11.596	6.38629	6.91353	6.91353	6.91353	12.6177	5.85797	4.7984	9.53042	8.48785	3.73554	2.13663	2.13663	2.67009	5.32864	2.67009	2.13663	2.13663	5.32864	5.32864	2.67009	2.67009	2.67009	4.26734	1.6028	1.06869	1.06869	2.67009	2.67009	1.06869	1.06869	1.06869	2.67009	1.6028	2.13663	2.13663	2.13663	4.7984	5.85797	3.20309	3.73554	6.38629	2.67009	3.20309	3.20309	2.67009	5.85797	3.20309	2.13663	4.7984	5.32864	2.67009	3.20309	3.20309	3.20309	5.85797	2.67009	3.20309	3.20309	5.85797	5.85797	2.67009	2.67009	2.67009	5.85797	3.20309	3.73554	3.73554	3.20309	7.43959	9.00989	4.7984	4.26734	8.48785	4.26734	3.73554	3.73554	3.73554	9.00989	5.32864	5.85797	11.596	12.1078	6.38629	7.96439	7.96439	7.43959	15.1356	7.96439	7.96439	15.6324	15.1356	7.43959	5.85797	5.85797	6.38629	11.0822	4.7984	3.73554	7.43959	3.73554	2.67009	4.7984	4.26734	2.13663	1.6028	1.6028	0.53439	1.6028	1.06869	0	0	0.53439	0.53439	0	0	0.53439	0.53439	0	2.13663	2.13663	4.26734	7.96439	7.43959	3.73554	2.67009	5.32864	2.67009	3.73554	3.73554	4.26734	9.00989	4.7984	4.7984	10.5667	11.0822	5.32864	4.7984	4.7984	3.20309	6.91353	3.73554	3.20309	3.20309
12.1067	5.85742	5.85742	5.85742	4.79796	7.96366	6.91289	3.73519	1.60265	2.13643	0.53434	0	0	1.06859	3.2028	4.26694	2.13643	3.2028	6.91289	3.73519	4.26694	4.26694	5.32815	11.0812	11.5949	5.85742	6.3857	13.6302	7.4389	6.91289	6.91289	6.3857	12.1067	5.85742	5.85742	11.0812	9.52955	4.26694	4.79796	4.79796	3.2028	4.79796	1.60265	2.13643	2.13643	7.4389	7.4389	4.26694	4.26694	4.26694	8.48707	4.26694	4.26694	4.26694	5.85742	13.6302	15.1342	7.4389	6.3857	11.0812	4.79796	5.32815	5.32815	4.79796	8.48707	3.73519	3.73519	6.91289	5.85742	2.66985	2.66985	2.66985	3.2028	6.91289	3.73519	3.73519	6.3857	4.26694	1.60265	1.60265	1.60265	1.06859	0.53434	0.53434	0	1.06859	1.06859	1.60265	3.73519	2.13643	1.60265	3.73519	2.13643	2.13643	4.26694	2.13643	2.13643	2.13643	1.60265	4.26694	5.32815	2.66985	2.66985	6.3857	3.73519	5.32815	5.32815	4.79796	10.0485	11.0812	5.85742	5.32815	11.5949	6.3857	6.91289	6.91289	6.91289	12.6166	5.85742	4.79796	9.52955	8.48707	3.73519	2.13643	2.13643	2.66985	5.32815	2.66985	2.13643	2.13643	5.32815	5.32815	2.66985	2.66985	2.66985	4.26694	1.60265	1.06859	1.06859	2.66985	2.66985	1.06859	1.06859	1.06859	2.66985	1.60265	2.13643	2.13643	2.13643	4.79796	5.85742	3.2028	3.73519	6.3857	2.66985	3.2028	3.2028	2.66985	5.85742	3.2028	2.13643	4.79796	5.32815	2.66985	3.2028	3.2028	3.2028	5.85742	2.66985	3.2028	3.2028	5.85742	5.85742	2.66985	2.66985	2.66985	5.85742	3.2028	3.73519	3.73519	3.2028	7.4389	9.00906	4.79796	4.26694	8.48707	4.26694	3.73519	3.73519	3.73519	9.00906	5.32815	5.85742	11.5949	12.1067	6.3857	7.96366	7.96366	7.4389	15.1342	7.96366	7.96366	15.631	15.1342	7.4389	5.85742	5.85742	6.3857	11.0812	4.79796	3.73519	7.4389	3.73519	2.66985	4.79796	4.26694	2.13643	1.60265	1.60265	0.53434	1.60265	1.06859	0	0	0.53434	0.53434	0	0	0.53434	0.53434	0	2.13643	2.13643	4.26694	7.96366	7.4389	3.73519	2.66985	5.32815	2.66985	3.73519	3.73519	4.26694	9.00906	4.79796	4.79796	10.5657	11.0812	5.32815	4.79796	4.79796	3.2028	6.91289	3.73519	3.2028	3.2028
12.1056	5.85688	5.85688	5.85688	4.79751	7.96292	6.91225	3.73484	1.6025	2.13623	0.534291	0	0	1.06849	3.2025	4.26655	2.13623	3.2025	6.91225	3.73484	4.26655	4.26655	5.32765	11.0802	11.5939	5.85688	6.38511	13.629	7.43821	6.91225	6.91225	6.38511	12.1056	5.85688	5.85688	11.0802	9.52868	4.26655	4.79751	4.79751	3.2025	4.79751	1.6025	2.13623	2.13623	7.43821	7.43821	4.26655	4.26655	4.26655	8.48629	4.26655	4.26655	4.26655	5.85688	13.629	15.1329	7.43821	6.38511	11.0802	4.79751	5.32765	5.32765	4.79751	8.48629	3.73484	3.73484	6.91225	5.85688	2.6696	2.6696	2.6696	3.2025	6.91225	3.73484	3.73484	6.38511	4.26655	1.6025	1.6025	1.6025	1.06849	0.534291	0.534291	0	1.06849	1.06849	1.6025	3.73484	2.13623	1.6025	3.73484	2.13623	2.13623	4.26655	2.13623	2.13623	2.13623	1.6025	4.26655	5.32765	2.6696	2.6696	6.38511	3.73484	5.32765	5.32765	4.79751	10.0475	11.0802	5.85688	5.32765	11.5939	6.38511	6.91225	6.91225	6.91225	12.6154	5.85688	4.79751	9.52868	8.48629	3.73484	2.13623	2.13623	2.6696	5.32765	2.6696	2.13623	2.13623	5.32765	5.32765	2.6696	2.6696	2.6696	4.26655	1.6025	1.06849	1.06849	2.6696	2.6696	1.06849	1.06849	1.06849	2.6696	1.6025	2.13623	2.13623	2.13623	4.79751	5.85688	3.2025	3.73484	6.38511	2.6696	3.2025	3.2025	2.6696	5.85688	3.2025	2.13623	4.79751	5.32765	2.6696	3.2025	3.2025	3.2025	5.85688	2.6696	3.2025	3.2025	5.85688	5.85688	2.6696	2.6696	2.6696	5.85688	3.2025	3.73484	3.73484	3.2025	7.43821	9.00824	4.79751	4.26655	8.48629	4.26655	3.73484	3.73484	3.73484	9.00824	5.32765	5.85688	11.5939	12.1056	6.38511	7.96292	7.96292	7.43821	15.1329	7.96292	7.96292	15.6296	15.1329	7.43821	5.85688	5.85688	6.38511	11.0802	4.79751	3.73484	7.43821	3.73484	2.6696	4.79751	4.26655	2.13623	1.6025	1.6025	0.534291	1.6025	1.06849	0	0	0.534291	0.534291	0	0	0.534291	0.534291	0	2.13623	2.13623	4.26655	7.96292	7.43821	3.73484	2.6696	5.32765	2.6696	3.73484	3.73484	4.26655	9.00824	4.79751	4.79751	10.5647	11.0802	5.32765	4.79751	4.79751	3.2025	6.91225	3.73484	3.2025	3.2025
12.1045	5.85634	5.85634	5.85634	4.79707	7.96219	6.91161	3.7345	1.60235	2.13603	0.534241	0	0	1.06839	3.2022	4.26615	2.13603	3.2022	6.91161	3.7345	4.26615	4.26615	5.32716	11.0792	11.5928	5.85634	6.38452	13.6277	7.43753	6.91161	6.91161	6.38452	12.1045	5.85634	5.85634	11.0792	9.52781	4.26615	4.79707	4.79707	3.2022	4.79707	1.60235	2.13603	2.13603	7.43753	7.43753	4.26615	4.26615	4.26615	8.48551	4.26615	4.26615	4.26615	5.85634	13.6277	15.1315	7.43753	6.38452	11.0792	4.79707	5.32716	5.32716	4.79707	8.48551	3.7345	3.7345	6.91161	5.85634	2.66935	2.66935	2.66935	3.2022	6.91161	3.7345	3.7345	6.38452	4.26615	1.60235	1.60235	1.60235	1.06839	0.534241	0.534241	0	1.06839	1.06839	1.60235	3.7345	2.13603	1.60235	3.7345	2.13603	2.13603	4.26615	2.13603	2.13603	2.13603	1.60235	4.26615	5.32716	2.66935	2.66935	6.38452	3.7345	5.32716	5.32716	4.79707	10.0466	11.0792	5.85634	5.32716	11.5928	6.38452	6.91161	6.91161	6.91161	12.6143	5.85634	4.79707	9.52781	8.48551	3.7345	2.13603	2.13603	2.66935	5.32716	2.66935	2.13603	2.13603	5.32716	5.32716	2.66935	2.66935	2.66935	4.26615	1.60235	1.06839	1.06839	2.66935	2.66935	1.06839	1.06839	1.06839	2.66935	1.60235	2.13603	2.13603	2.13603	4.79707	5.85634	3.2022	3.7345	6.38452	2.66935	3.2022	3.2022	2.66935	5.85634	3.2022	2.13603	4.79707	5.32716	2.66935	3.2022	3.2022	3.2022	5.85634	2.66935	3.2022	3.2022	5.85634	5.85634	2.66935	2.66935	2.66935	5.85634	3.2022	3.7345	3.7345	3.2022	7.43753	9.00741	4.79707	4.26615	8.48551	4.26615	3.7345	3.7345	3.7345	9.00741	5.32716	5.85634	11.5928	12.1045	6.38452	7.96219	7.96219	7.43753	15.1315	7.96219	7.96219	15.6282	15.1315	7.43753	5.85634	5.85634	6.38452	11.0792	4.79707	3.7345	7.43753	3.7345	2.66935	4.79707	4.26615	2.13603	1.60235	1.60235	0.534241	1.60235	1.06839	0	0	0.534241	0.534241	0	0	0.534241	0.534241	0	2.13603	2.13603	4.26615	7.96219	7.43753	3.7345	2.66935	5.32716	2.66935	3.7345	3.7345	4.26615	9.00741	4.79707	4.79707	10.5638	11.0792	5.32716	4.79707	4.79707	3.2022	6.91161	3.7345	3.2022	3.2022
12.1032	5.85569	5.85569	5.85569	4.79653	7.96131	6.91084	3.73408	1.60217	2.1358	0.534181	0	0	1.06827	3.20184	4.26567	2.1358	3.20184	6.91084	3.73408	4.26567	4.26567	5.32657	11.078	11.5915	5.85569	6.38381	13.6263	7.43671	6.91084	6.91084	6.38381	12.1032	5.85569	5.85569	11.078	9.52676	4.26567	4.79653	4.79653	3.20184	4.79653	1.60217	2.1358	2.1358	7.43671	7.43671	4.26567	4.26567	4.26567	8.48458	4.26567	4.26567	4.26567	5.85569	13.6263	15.1299	7.43671	6.38381	11.078	4.79653	5.32657	5.32657	4.79653	8.48458	3.73408	3.73408	6.91084	5.85569	2.66905	2.66905	2.66905	3.20184	6.91084	3.73408	3.73408	6.38381	4.26567	1.60217	1.60217	1.60217	1.06827	0.534181	0.534181	0	1.06827	1.06827	1.60217	3.73408	2.1358	1.60217	3.73408	2.1358	2.1358	4.26567	2.1358	2.1358	2.1358	1.60217	4.26567	5.32657	2.66905	2.66905	6.38381	3.73408	5.32657	5.32657	4.79653	10.0455	11.078	5.85569	5.32657	11.5915	6.38381	6.91084	6.91084	6.91084	12.6129	5.85569	4.79653	9.52676	8.48458	3.73408	2.1358	2.1358	2.66905	5.32657	2.66905	2.1358	2.1358	5.32657	5.32657	2.66905	2.66905	2.66905	4.26567	1.60217	1.06827	1.06827	2.66905	2.66905	1.06827	1.06827	1.06827	2.66905	1.60217	2.1358	2.1358	2.1358	4.79653	5.85569	3.20184	3.73408	6.38381	2.66905	3.20184	3.20184	2.66905	5.85569	3.20184	2.1358	4.79653	5.32657	2.66905	3.20184	3.20184	3.20184	5.85569	2.66905	3.20184	3.20184	5.85569	5.85569	2.66905	2.66905	2.66905	5.85569	3.20184	3.73408	3.73408	3.20184	7.43671	9.00642	4.79653	4.26567	8.48458	4.26567	3.73408	3.73408	3.73408	9.00642	5.32657	5.85569	11.5915	12.1032	6.38381	7.96131	7.96131	7.43671	15.1299	7.96131	7.96131	15.6266	15.1299	7.43671	5.85569	5.85569	6.38381	11.078	4.79653	3.73408	7.43671	3.73408	2.66905	4.79653	4.26567	2.1358	1.60217	1.60217	0.534181	1.60217	1.06827	0	0	0.534181	0.534181	0	0	0.534181	0.534181	0	2.1358	2.1358	4.26567	7.96131	7.43671	3.73408	2.66905	5.32657	2.66905	3.73408	3.73408	4.26567	9.00642	4.79653	4.79653	10.5626	11.078	5.32657	4.79653	4.79653	3.20184	6.91084	3.73408	3.20184	3.20184
12.1021	5.85515	5.85515	5.85515	4.79609	7.96058	6.91021	3.73373	1.60202	2.1356	0.534131	0	0	1.06817	3.20154	4.26528	2.1356	3.20154	6.91021	3.73373	4.26528	4.26528	5.32607	11.077	11.5905	5.85515	6.38322	13.625	7.43602	6.91021	6.91021	6.38322	12.1021	5.85515	5.85515	11.077	9.52589	4.26528	4.79609	4.79609	3.20154	4.79609	1.60202	2.1356	2.1356	7.43602	7.43602	4.26528	4.26528	4.26528	8.4838	4.26528	4.26528	4.26528	5.85515	13.625	15.1286	7.43602	6.38322	11.077	4.79609	5.32607	5.32607	4.79609	8.4838	3.73373	3.73373	6.91021	5.85515	2.6688	2.6688	2.6688	3.20154	6.91021	3.73373	3.73373	6.38322	4.26528	1.60202	1.60202	1.60202	1.06817	0.534131	0.534131	0	1.06817	1.06817	1.60202	3.73373	2.1356	1.60202	3.73373	2.1356	2.1356	4.26528	2.1356	2.1356	2.1356	1.60202	4.26528	5.32607	2.6688	2.6688	6.38322	3.73373	5.32607	5.32607	4.79609	10.0446	11.077	5.85515	5.32607	11.5905	6.38322	6.91021	6.91021	6.91021	12.6118	5.85515	4.79609	9.52589	8.4838	3.73373	2.1356	2.1356	2.6688	5.32607	2.6688	2.1356	2.1356	5.32607	5.32607	2.6688	2.6688	2.6688	4.26528	1.60202	1.06817	1.06817	2.6688	2.6688	1.06817	1.06817	1.06817	2.6688	1.60202	2.1356	2.1356	2.1356	4.79609	5.85515	3.20154	3.73373	6.38322	2.6688	3.20154	3.20154	2.6688	5.85515	3.20154	2.1356	4.79609	5.32607	2.6688	3.20154	3.20154	3.20154	5.85515	2.6688	3.20154	3.20154	5.85515	5.85515	2.6688	2.6688	2.6688	5.85515	3.20154	3.73373	3.73373	3.20154	7.43602	9.00559	4.79609	4.26528	8.4838	4.26528	3.73373	3.73373	3.73373	9.00559	5.32607	5.85515	11.5905	12.1021	6.38322	7.96058	7.96058	7.43602	15.1286	7.96058	7.96058	15.6252	15.1286	7.43602	5.85515	5.85515	6.38322	11.077	4.79609	3.73373	7.43602	3.73373	2.6688	4.79609	4.26528	2.1356	1.60202	1.60202	0.534131	1.60202	1.06817	0	0	0.534131	0.534131	0	0	0.534131	0.534131	0	2.1356	2.1356	4.26528	7.96058	7.43602	3.73373	2.6688	5.32607	2.6688	3.73373	3.73373	4.26528	9.00559	4.79609	4.79609	10.5617	11.077	5.32607	4.79609	4.79609	3.20154	6.91021	3.73373	3.20154	3.20154
12.101	5.8546	5.8546	5.8546	4.79564	7.95985	6.90957	3.73339	1.60187	2.1354	0.534081	0	0	1.06807	3.20125	4.26488	2.1354	3.20125	6.90957	3.73339	4.26488	4.26488	5.32558	11.076	11.5894	5.8546	6.38263	13.6238	7.43534	6.90957	6.90957	6.38263	12.101	5.8546	5.8546	11.076	9.52502	4.26488	4.79564	4.79564	3.20125	4.79564	1.60187	2.1354	2.1354	7.43534	7.43534	4.26488	4.26488	4.26488	8.48302	4.26488	4.26488	4.26488	5.8546	13.6238	15.1272	7.43534	6.38263	11.076	4.79564	5.32558	5.32558	4.79564	8.48302	3.73339	3.73339	6.90957	5.8546	2.66855	2.66855	2.66855	3.20125	6.90957	3.73339	3.73339	6.38263	4.26488	1.60187	1.60187	1.60187	1.06807	0.534081	0.534081	0	1.06807	1.06807	1.60187	3.73339	2.1354	1.60187	3.73339	2.1354	2.1354	4.26488	2.1354	2.1354	2.1354	1.60187	4.26488	5.32558	2.66855	2.66855	6.38263	3.73339	5.32558	5.32558	4.79564	10.0437	11.076	5.8546	5.32558	11.5894	6.38263	6.90957	6.90957	6.90957	12.6107	5.8546	4.79564	9.52502	8.48302	3.73339	2.1354	2.1354	2.66855	5.32558	2.66855	2.1354	2.1354	5.32558	5.32558	2.66855	2.66855	2.66855	4.26488	1.60187	1.06807	1.06807	2.66855	2.66855	1.06807	1.06807	1.06807	2.66855	1.60187	2.1354	2.1354	2.1354	4.79564	5.8546	3.20125	3.73339	6.38263	2.66855	3.20125	3.20125	2.66855	5.8546	3.20125	2.1354	4.79564	5.32558	2.66855	3.20125	3.20125	3.20125	5.8546	2.66855	3.20125	3.20125	5.8546	5.8546	2.66855	2.66855	2.66855	5.8546	3.20125	3.73339	3.73339	3.20125	7.43534	9.00477	4.79564	4.26488	8.48302	4.26488	3.73339	3.73339	3.73339	9.00477	5.32558	5.8546	11.5894	12.101	6.38263	7.95985	7.95985	7.43534	15.1272	7.95985	7.95985	15.6238	15.1272	7.43534	5.8546	5.8546	6.38263	11.076	4.79564	3.73339	7.43534	3.73339	2.66855	4.79564	4.26488	2.1354	1.60187	1.60187	0.534081	1.60187	1.06807	0	0	0.534081	0.534081	0	0	0.534081	0.534081	0	2.1354	2.1354	4.26488	7.95985	7.43534	3.73339	2.66855	5.32558	2.66855	3.73339	3.73339	4.26488	9.00477	4.79564	4.79564	10.5607	11.076	5.32558	4.79564	4.79564	3.20125	6.90957	3.73339	3.20125	3.20125
12.0999	5.85406	5.85406	5.85406	4.7952	7.95911	6.90893	3.73304	1.60172	2.1352	0.534032	0	0	1.06797	3.20095	4.26448	2.1352	3.20095	6.90893	3.73304	4.26448	4.26448	5.32509	11.075	11.5884	5.85406	6.38204	13.6226	7.43465	6.90893	6.90893	6.38204	12.0999	5.85406	5.85406	11.075	9.52415	4.26448	4.7952	4.7952	3.20095	4.7952	1.60172	2.1352	2.1352	7.43465	7.43465	4.26448	4.26448	4.26448	8.48224	4.26448	4.26448	4.26448	5.85406	13.6226	15.1259	7.43465	6.38204	11.075	4.7952	5.32509	5.32509	4.7952	8.48224	3.73304	3.73304	6.90893	5.85406	2.6683	2.6683	2.6683	3.20095	6.90893	3.73304	3.73304	6.38204	4.26448	1.60172	1.60172	1.60172	1.06797	0.534032	0.534032	0	1.06797	1.06797	1.60172	3.73304	2.1352	1.60172	3.73304	2.1352	2.1352	4.26448	2.1352	2.1352	2.1352	1.60172	4.26448	5.32509	2.6683	2.6683	6.38204	3.73304	5.32509	5.32509	4.7952	10.0428	11.075	5.85406	5.32509	11.5884	6.38204	6.90893	6.90893	6.90893	12.6095	5.85406	4.7952	9.52415	8.48224	3.73304	2.1352	2.1352	2.6683	5.32509	2.6683	2.1352	2.1352	5.32509	5.32509	2.6683	2.6683	2.6683	4.26448	1.60172	1.06797	1.06797	2.6683	2.6683	1.06797	1.06797	1.06797	2.6683	1.60172	2.1352	2.1352	2.1352	4.7952	5.85406	3.20095	3.73304	6.38204	2.6683	3.20095	3.20095	2.6683	5.85406	3.20095	2.1352	4.7952	5.32509	2.6683	3.20095	3.20095	3.20095	5.85406	2.6683	3.20095	3.20095	5.85406	5.85406	2.6683	2.6683	2.6683	5.85406	3.20095	3.73304	3.73304	3.20095	7.43465	9.00394	4.7952	4.26448	8.48224	4.26448	3.73304	3.73304	3.73304	9.00394	5.32509	5.85406	11.5884	12.0999	6.38204	7.95911	7.95911	7.43465	15.1259	7.95911	7.95911	15.6224	15.1259	7.43465	5.85406	5.85406	6.38204	11.075	4.7952	3.73304	7.43465	3.73304	2.6683	4.7952	4.26448	2.1352	1.60172	1.60172	0.534032	1.60172	1.06797	0	0	0.534032	0.534032	0	0	0.534032	0.534032	0	2.1352	2.1352	4.26448	7.95911	7.43465	3.73304	2.6683	5.32509	2.6683	3.73304	3.73304	4.26448	9.00394	4.7952	4.7952	10.5597	11.075	5.32509	4.7952	4.7952	3.20095	6.90893	3.73304	3.20095	3.20095
12.0988	5.85352	5.85352	5.85352	4.79475	7.95838	6.90829	3.73269	1.60157	2.135	0.533982	0	0	1.06787	3.20065	4.26409	2.135	3.20065	6.90829	3.73269	4.26409	4.26409	5.32459	11.074	11.5873	5.85352	6.38145	13.6214	7.43396	6.90829	6.90829	6.38145	12.0988	5.85352	5.85352	11.074	9.52327	4.26409	4.79475	4.79475	3.20065	4.79475	1.60157	2.135	2.135	7.43396	7.43396	4.26409	4.26409	4.26409	8.48146	4.26409	4.26409	4.26409	5.85352	13.6214	15.1245	7.43396	6.38145	11.074	4.79475	5.32459	5.32459	4.79475	8.48146	3.73269	3.73269	6.90829	5.85352	2.66806	2.66806	2.66806	3.20065	6.90829	3.73269	3.73269	6.38145	4.26409	1.60157	1.60157	1.60157	1.06787	0.533982	0.533982	0	1.06787	1.06787	1.60157	3.73269	2.135	1.60157	3.73269	2.135	2.135	4.26409	2.135	2.135	2.135	1.60157	4.26409	5.32459	2.66806	2.66806	6.38145	3.73269	5.32459	5.32459	4.79475	10.0419	11.074	5.85352	5.32459	11.5873	6.38145	6.90829	6.90829	6.90829	12.6084	5.85352	4.79475	9.52327	8.48146	3.73269	2.135	2.135	2.66806	5.32459	2.66806	2.135	2.135	5.32459	5.32459	2.66806	2.66806	2.66806	4.26409	1.60157	1.06787	1.06787	2.66806	2.66806	1.06787	1.06787	1.06787	2.66806	1.60157	2.135	2.135	2.135	4.79475	5.85352	3.20065	3.73269	6.38145	2.66806	3.20065	3.20065	2.66806	5.85352	3.20065	2.135	4.79475	5.32459	2.66806	3.20065	3.20065	3.20065	5.85352	2.66806	3.20065	3.20065	5.85352	5.85352	2.66806	2.66806	2.66806	5.85352	3.20065	3.73269	3.73269	3.20065	7.43396	9.00312	4.79475	4.26409	8.48146	4.26409	3.73269	3.73269	3.73269	9.00312	5.32459	5.85352	11.5873	12.0988	6.38145	7.95838	7.95838	7.43396	15.1245	7.95838	7.95838	15.621	15.1245	7.43396	5.85352	5.85352	6.38145	11.074	4.79475	3.73269	7.43396	3.73269	2.66806	4.79475	4.26409	2.135	1.60157	1.60157	0.533982	1.60157	1.06787	0	0	0.533982	0.533982	0	0	0.533982	0.533982	0	2.135	2.135	4.26409	7.95838	7.43396	3.73269	2.66806	5.32459	2.66806	3.73269	3.73269	4.26409	9.00312	4.79475	4.79475	10.5588	11.074	5.32459	4.79475	4.79475	3.20065	6.90829	3.73269	3.20065	3.20065
20.0902	16.8085	16.1114	15.4134	14.54	15.1206	13.9849	12.3126	11.5475	11.0751	10.3035	9.78591	9.26676	8.84035	8.65065	7.88773	5.02453	4.90003	8.16858	4.39843	4.75364	4.97143	6.59953	13.5253	15.6713	13.0046	15.1206	22.552	21.7495	23.8516	26.1407	27.8755	31.4868	31.5562	32.4996	34.5349	35.1072	34.9466	35.1451	35.1451	35.1348	35.6182	35.8673	36.1421	36.3156	36.1895	35.1463	33.987	33.25	32.7091	33.0658	32.7529	33.1262	33.4964	33.4901	33.3745	31.3339	27.6035	26.6055	27.5936	26.4378	26.8112	27.0197	27.2747	28.7371	28.7075	29.3148	30.6853	31.7827	32.4645	33.2155	33.954	36.1853	42.9539	48.2147	52.0639	56.4641	59.5745	60.8745	61.4945	62.0907	62.5752	63.132	63.6365	63.9494	64.2796	64.48	64.4572	64.3191	64.158	64.0291	63.8357	63.6414	63.5617	63.5465	63.5607	63.717	63.9763	64.2049	64.4879	64.7199	64.7308	64.7059	64.6853	64.5657	64.4552	64.3057	64.1255	63.8517	63.23	62.4493	61.8645	61.2341	60.4734	60.3738	60.4388	60.5035	60.7863	60.8675	61.1338	61.7344	62.4457	62.97	63.3186	63.638	63.977	64.4653	64.873	65.0401	65.1348	65.267	65.4064	65.4186	65.3259	65.2096	65.0086	64.7764	64.653	64.5548	64.4128	64.2122	64.0276	63.8732	63.717	63.5396	63.4002	63.401	63.4545	63.5077	63.576	63.5882	63.5138	63.5154	63.5412	63.4318	63.3537	63.2999	63.2166	63.0311	62.7256	62.3819	61.7455	60.7144	59.6391	58.6721	57.48	56.1662	54.0713	51.2802	49.2924	47.0465	43.8725	38.7271	34.025	31.7823	29.3418	26.6837	22.9411	21.9102	21.4563	20.8245	21.2638	22.1401	22.8103	24.0755	26.3896	27.3261	27.8337	28.0406	28.3377	29.5302	29.1485	28.7402	28.6898	26.7781	22.71	21.7495	20.471	18.8698	21.6282	14.8077	13.8476	18.923	17.6496	11.2071	10.2917	10.5081	11.081	14.5902	12.1592	12.4907	14.9424	15.4292	16.1353	17.3242	18.07	18.3895	18.8276	19.3035	19.9745	21.3822	22.7575	23.4314	23.8794	24.6551	25.7479	26.2867	26.2867	26.1816	25.8569	25.5309	24.7927	23.4604	21.7712	18.887	14.6262	10.8757	8.93354	7.55674	4.82755	3.58223	2.5381	3.78896	8.9949	11.505	14.4544	19.9351	25.7478	29.2659	31.6135	33.6865	35.2632	37.386	39.3174	40.49	41.4028
19.5755	16.5899	15.8812	15.1705	14.3939	14.7667	13.6544	12.18	11.517	10.9816	10.3023	9.81281	9.2954	8.93256	9.47113	9.42011	5.65708	5.50894	10.2054	5.72186	5.53437	5.72188	7.80932	16.3428	18.6525	13.9974	16.3343	25.6694	22.7374	24.7796	26.9491	28.3367	32.5796	31.7508	32.6831	34.9474	35.2926	34.9866	35.1421	35.1421	35.1471	35.6873	35.8823	36.149	36.3224	36.0396	34.9866	33.9231	33.1833	32.6677	33.0629	32.7991	33.1713	33.5404	33.4125	32.7667	30.3406	27.324	26.5153	27.591	26.5153	26.8497	27.0577	27.3482	29.054	28.7937	29.3978	30.9775	32.0717	32.5393	33.2869	34.0221	36.8219	45.8346	49.0719	52.6739	57.5654	59.8554	60.898	61.5164	62.1111	62.5832	63.1545	63.6369	63.9511	64.2795	64.4771	64.4565	64.3247	64.1577	64.0298	63.8445	63.6412	63.5602	63.5439	63.5573	63.7127	63.9721	64.2015	64.4785	64.7135	64.7295	64.7034	64.6885	64.5667	64.4604	64.3109	64.1331	63.9059	63.3357	62.4854	61.9121	61.3704	60.4898	60.3667	60.4317	60.4965	60.7544	60.8554	61.1195	61.6884	62.4087	62.961	63.3145	63.6339	63.9721	64.4522	64.868	65.0364	65.1312	65.2595	65.3989	65.4185	65.3258	65.2111	65.0198	64.7768	64.6518	64.5536	64.4165	64.216	64.0276	63.8731	63.717	63.5439	63.3985	63.3976	63.451	63.5042	63.5714	63.5885	63.5129	63.5113	63.5417	63.4322	63.3528	63.299	63.2171	63.0503	62.7316	62.3971	61.8167	60.8346	59.6853	58.7605	57.5793	56.29	54.6717	51.4723	49.5547	47.3564	45.1524	40.5021	34.3528	32.1581	29.8343	28.2623	23.2669	21.993	21.5417	20.9504	21.342	21.5825	22.6261	23.9333	25.9383	27.2321	27.8071	28.0143	28.2921	29.4208	29.1458	29.0279	29.7129	28.089	23.2473	22.3178	21.0878	19.7775	23.9474	15.5534	14.3082	20.1537	18.2831	11.206	10.1503	10.3699	10.6869	13.7314	11.9799	12.2732	14.2245	15.2589	16.0501	17.1174	17.9331	18.3471	18.7994	19.2761	19.9966	21.424	22.7552	23.4387	23.8864	24.6862	25.7768	26.2842	26.2842	26.177	25.8544	25.5306	24.7637	23.4291	21.607	18.1882	13.7604	10.5701	8.74514	6.57784	4.44614	2.53796	0.188764	2.41598	6.6493	11.0723	14.1226	18.7863	24.875	29.1087	31.4974	33.5837	35.219	37.2176	39.2733	40.4565	41.371
10.0391	4.2629	4.2629	4.2629	3.73165	6.37968	5.32311	2.66731	1.06757	0.533833	0.533833	1.06757	1.06757	2.1344	6.37968	8.47912	4.2629	4.79342	11.0709	6.37968	5.8519	5.8519	7.95619	17.0913	18.5428	9.52066	11.0709	22.7475	12.605	12.605	12.605	10.5559	18.5428	8.47912	8.47912	14.6218	11.5842	5.32311	4.79342	4.79342	3.73165	6.37968	2.66731	2.66731	2.66731	4.2629	4.2629	2.1344	2.1344	3.19976	8.47912	5.32311	5.32311	5.32311	4.2629	7.95619	7.43191	3.73165	5.32311	11.0709	5.8519	5.8519	5.8519	5.8519	11.0709	5.32311	5.32311	10.0391	9.52066	4.79342	4.79342	4.79342	13.1124	32.3577	21.8334	21.372	32.737	20.4402	6.90638	6.90638	6.90638	4.79342	7.43191	2.66731	3.19976	2.66731	0.533833	2.66731	5.8519	3.19976	3.19976	6.37968	3.19976	2.66731	4.2629	1.60113	0.533833	0.533833	0.533833	0.533833	4.2629	3.19976	2.66731	7.43191	4.79342	6.90638	6.90638	6.90638	15.1205	18.5428	10.5559	11.0709	19.0213	8.47912	6.37968	6.37968	6.37968	10.5559	4.2629	1.60113	3.19976	1.60113	0	1.06757	1.06757	1.06757	1.06757	0	1.06757	1.06757	3.73165	3.73165	3.73165	3.73165	4.2629	7.43191	3.19976	2.1344	2.1344	4.79342	4.79342	2.66731	2.66731	2.66731	4.79342	2.1344	1.60113	1.60113	1.60113	4.2629	6.37968	3.73165	3.19976	6.90638	3.73165	3.73165	3.73165	3.73165	9.00064	5.32311	6.37968	12.605	15.1205	9.00064	11.5842	11.5842	12.0956	23.2	12.0956	13.1124	13.1124	23.2	23.2	9.00064	9.00064	9.52066	16.1108	6.90638	4.79342	4.79342	4.79342	7.95619	4.79342	1.60113	1.06757	3.19976	2.1344	3.19976	3.19976	2.66731	7.95619	5.32311	9.00064	17.0913	18.0616	10.0391	11.0709	11.0709	11.5842	21.372	10.5559	9.52066	18.5428	16.6023	7.43191	5.32311	5.32311	4.79342	8.47912	3.73165	1.60113	3.19976	1.60113	1.06757	2.66731	2.66731	1.06757	0.533833	0.533833	1.60113	2.66731	1.06757	1.06757	1.06757	2.1344	2.1344	0	0	0	0.533833	0.533833	1.06757	1.06757	1.06757	2.1344	1.60113	0.533833	0.533833	0.533833	0	1.06757	1.06757	1.06757	2.66731	1.60113	1.60113	3.19976	3.19976	1.60113	1.06757	1.06757	0.533833	1.60113	1.06757	0	0
10.038	4.26243	4.26243	4.26243	3.73124	6.37897	5.32252	2.66701	1.06745	0.533773	0.533773	1.06745	1.06745	2.13417	6.37897	8.47819	4.26243	4.79288	11.0697	6.37897	5.85125	5.85125	7.95531	17.0895	18.5409	9.51962	11.0697	22.7452	12.6036	12.6036	12.6036	10.5547	18.5409	8.47819	8.47819	14.6203	11.5829	5.32252	4.79288	4.79288	3.73124	6.37897	2.66701	2.66701	2.66701	4.26243	4.26243	2.13417	2.13417	3.1994	8.47819	5.32252	5.32252	5.32252	4.26243	7.95531	7.43109	3.73124	5.32252	11.0697	5.85125	5.85125	5.85125	5.85125	11.0697	5.32252	5.32252	10.038	9.51962	4.79288	4.79288	4.79288	13.111	32.3548	21.8312	21.3698	32.7341	20.4381	6.90562	6.90562	6.90562	4.79288	7.43109	2.66701	3.1994	2.66701	0.533773	2.66701	5.85125	3.1994	3.1994	6.37897	3.1994	2.66701	4.26243	1.60095	0.533773	0.533773	0.533773	0.533773	4.26243	3.1994	2.66701	7.43109	4.79288	6.90562	6.90562	6.90562	15.1189	18.5409	10.5547	11.0697	19.0194	8.47819	6.37897	6.37897	6.37897	10.5547	4.26243	1.60095	3.1994	1.60095	0	1.06745	1.06745	1.06745	1.06745	0	1.06745	1.06745	3.73124	3.73124	3.73124	3.73124	4.26243	7.43109	3.1994	2.13417	2.13417	4.79288	4.79288	2.66701	2.66701	2.66701	4.79288	2.13417	1.60095	1.60095	1.60095	4.26243	6.37897	3.73124	3.1994	6.90562	3.73124	3.73124	3.73124	3.73124	8.99965	5.32252	6.37897	12.6036	15.1189	8.99965	11.5829	11.5829	12.0942	23.1977	12.0942	13.111	13.111	23.1977	23.1977	8.99965	8.99965	9.51962	16.1091	6.90562	4.79288	4.79288	4.79288	7.95531	4.79288	1.60095	1.06745	3.1994	2.13417	3.1994	3.1994	2.66701	7.95531	5.32252	8.99965	17.0895	18.0597	10.038	11.0697	11.0697	11.5829	21.3698	10.5547	9.51962	18.5409	16.6006	7.43109	5.32252	5.32252	4.79288	8.47819	3.73124	1.60095	3.1994	1.60095	1.06745	2.66701	2.66701	1.06745	0.533773	0.533773	1.60095	2.66701	1.06745	1.06745	1.06745	2.13417	2.13417	0	0	0	0.533773	0.533773	1.06745	1.06745	1.06745	2.13417	1.60095	0.533773	0.533773	0.533773	0	1.06745	1.06745	1.06745	2.66701	1.60095	1.60095	3.1994	3.1994	1.60095	1.06745	1.06745	0.533773	1.60095	1.06745	0	0
10.0371	4.26203	4.26203	4.26203	3.73089	6.37838	5.32203	2.66677	1.06735	0.533723	0.533723	1.06735	1.06735	2.13397	6.37838	8.47741	4.26203	4.79244	11.0687	6.37838	5.8507	5.8507	7.95458	17.088	18.5393	9.51874	11.0687	22.7433	12.6025	12.6025	12.6025	10.5538	18.5393	8.47741	8.47741	14.619	11.5819	5.32203	4.79244	4.79244	3.73089	6.37838	2.66677	2.66677	2.66677	4.26203	4.26203	2.13397	2.13397	3.1991	8.47741	5.32203	5.32203	5.32203	4.26203	7.95458	7.4304	3.73089	5.32203	11.0687	5.8507	5.8507	5.8507	5.8507	11.0687	5.32203	5.32203	10.0371	9.51874	4.79244	4.79244	4.79244	13.1098	32.3524	21.8294	21.368	32.7317	20.4364	6.90498	6.90498	6.90498	4.79244	7.4304	2.66677	3.1991	2.66677	0.533723	2.66677	5.8507	3.1991	3.1991	6.37838	3.1991	2.66677	4.26203	1.6008	0.533723	0.533723	0.533723	0.533723	4.26203	3.1991	2.66677	7.4304	4.79244	6.90498	6.90498	6.90498	15.1176	18.5393	10.5538	11.0687	19.0177	8.47741	6.37838	6.37838	6.37838	10.5538	4.26203	1.6008	3.1991	1.6008	0	1.06735	1.06735	1.06735	1.06735	0	1.06735	1.06735	3.73089	3.73089	3.73089	3.73089	4.26203	7.4304	3.1991	2.13397	2.13397	4.79244	4.79244	2.66677	2.66677	2.66677	4.79244	2.13397	1.6008	1.6008	1.6008	4.26203	6.37838	3.73089	3.1991	6.90498	3.73089	3.73089	3.73089	3.73089	8.99883	5.32203	6.37838	12.6025	15.1176	8.99883	11.5819	11.5819	12.0932	23.1958	12.0932	13.1098	13.1098	23.1958	23.1958	8.99883	8.99883	9.51874	16.1077	6.90498	4.79244	4.79244	4.79244	7.95458	4.79244	1.6008	1.06735	3.1991	2.13397	3.1991	3.1991	2.66677	7.95458	5.32203	8.99883	17.088	18.0582	10.0371	11.0687	11.0687	11.5819	21.368	10.5538	9.51874	18.5393	16.5991	7.4304	5.32203	5.32203	4.79244	8.47741	3.73089	1.6008	3.1991	1.6008	1.06735	2.66677	2.66677	1.06735	0.533723	0.533723	1.6008	2.66677	1.06735	1.06735	1.06735	2.13397	2.13397	0	0	0	0.533723	0.533723	1.06735	1.06735	1.06735	2.13397	1.6008	0.533723	0.533723	0.533723	0	1.06735	1.06735	1.06735	2.66677	1.6008	1.6008	3.1991	3.1991	1.6008	1.06735	1.06735	0.533723	1.6008	1.06735	0	0
10.0362	4.26164	4.26164	4.26164	3.73054	6.37779	5.32153	2.66652	1.06725	0.533674	0.533674	1.06725	1.06725	2.13377	6.37779	8.47663	4.26164	4.792	11.0677	6.37779	5.85016	5.85016	7.95384	17.0865	18.5377	9.51787	11.0677	22.7414	12.6013	12.6013	12.6013	10.5528	18.5377	8.47663	8.47663	14.6177	11.5808	5.32153	4.792	4.792	3.73054	6.37779	2.66652	2.66652	2.66652	4.26164	4.26164	2.13377	2.13377	3.19881	8.47663	5.32153	5.32153	5.32153	4.26164	7.95384	7.42972	3.73054	5.32153	11.0677	5.85016	5.85016	5.85016	5.85016	11.0677	5.32153	5.32153	10.0362	9.51787	4.792	4.792	4.792	13.1086	32.35	21.8275	21.3662	32.7292	20.4346	6.90434	6.90434	6.90434	4.792	7.42972	2.66652	3.19881	2.66652	0.533674	2.66652	5.85016	3.19881	3.19881	6.37779	3.19881	2.66652	4.26164	1.60065	0.533674	0.533674	0.533674	0.533674	4.26164	3.19881	2.66652	7.42972	4.792	6.90434	6.90434	6.90434	15.1162	18.5377	10.5528	11.0677	19.0161	8.47663	6.37779	6.37779	6.37779	10.5528	4.26164	1.60065	3.19881	1.60065	0	1.06725	1.06725	1.06725	1.06725	0	1.06725	1.06725	3.73054	3.73054	3.73054	3.73054	4.26164	7.42972	3.19881	2.13377	2.13377	4.792	4.792	2.66652	2.66652	2.66652	4.792	2.13377	1.60065	1.60065	1.60065	4.26164	6.37779	3.73054	3.19881	6.90434	3.73054	3.73054	3.73054	3.73054	8.998	5.32153	6.37779	12.6013	15.1162	8.998	11.5808	11.5808	12.0921	23.1938	12.0921	13.1086	13.1086	23.1938	23.1938	8.998	8.998	9.51787	16.1063	6.90434	4.792	4.792	4.792	7.95384	4.792	1.60065	1.06725	3.19881	2.13377	3.19881	3.19881	2.66652	7.95384	5.32153	8.998	17.0865	18.0566	10.0362	11.0677	11.0677	11.5808	21.3662	10.5528	9.51787	18.5377	16.5976	7.42972	5.32153	5.32153	4.792	8.47663	3.73054	1.60065	3.19881	1.60065	1.06725	2.66652	2.66652	1.06725	0.533674	0.533674	1.60065	2.66652	1.06725	1.06725	1.06725	2.13377	2.13377	0	0	0	0.533674	0.533674	1.06725	1.06725	1.06725	2.13377	1.60065	0.533674	0.533674	0.533674	0	1.06725	1.06725	1.06725	2.66652	1.60065	1.60065	3.19881	3.19881	1.60065	1.06725	1.06725	0.533674	1.60065	1.06725	0	0
10.0353	4.26124	4.26124	4.26124	3.7302	6.37721	5.32104	2.66627	1.06716	0.533624	0.533624	1.06716	1.06716	2.13357	6.37721	8.47585	4.26124	4.79155	11.0667	6.37721	5.84962	5.84962	7.95311	17.085	18.5361	9.517	11.0667	22.7395	12.6002	12.6002	12.6002	10.5518	18.5361	8.47585	8.47585	14.6164	11.5798	5.32104	4.79155	4.79155	3.7302	6.37721	2.66627	2.66627	2.66627	4.26124	4.26124	2.13357	2.13357	3.19851	8.47585	5.32104	5.32104	5.32104	4.26124	7.95311	7.42904	3.7302	5.32104	11.0667	5.84962	5.84962	5.84962	5.84962	11.0667	5.32104	5.32104	10.0353	9.517	4.79155	4.79155	4.79155	13.1074	32.3475	21.8257	21.3643	32.7268	20.4329	6.9037	6.9037	6.9037	4.79155	7.42904	2.66627	3.19851	2.66627	0.533624	2.66627	5.84962	3.19851	3.19851	6.37721	3.19851	2.66627	4.26124	1.6005	0.533624	0.533624	0.533624	0.533624	4.26124	3.19851	2.66627	7.42904	4.79155	6.9037	6.9037	6.9037	15.1149	18.5361	10.5518	11.0667	19.0144	8.47585	6.37721	6.37721	6.37721	10.5518	4.26124	1.6005	3.19851	1.6005	0	1.06716	1.06716	1.06716	1.06716	0	1.06716	1.06716	3.7302	3.7302	3.7302	3.7302	4.26124	7.42904	3.19851	2.13357	2.13357	4.79155	4.79155	2.66627	2.66627	2.66627	4.79155	2.13357	1.6005	1.6005	1.6005	4.26124	6.37721	3.7302	3.19851	6.9037	3.7302	3.7302	3.7302	3.7302	8.99718	5.32104	6.37721	12.6002	15.1149	8.99718	11.5798	11.5798	12.091	23.1919	12.091	13.1074	13.1074	23.1919	23.1919	8.99718	8.99718	9.517	16.1048	6.9037	4.79155	4.79155	4.79155	7.95311	4.79155	1.6005	1.06716	3.19851	2.13357	3.19851	3.19851	2.66627	7.95311	5.32104	8.99718	17.085	18.055	10.0353	11.0667	11.0667	11.5798	21.3643	10.5518	9.517	18.5361	16.5962	7.42904	5.32104	5.32104	4.79155	8.47585	3.7302	1.6005	3.19851	1.6005	1.06716	2.66627	2.66627	1.06716	0.533624	0.533624	1.6005	2.66627	1.06716	1.06716	1.06716	2.13357	2.13357	0	0	0	0.533624	0.533624	1.06716	1.06716	1.06716	2.13357	1.6005	0.533624	0.533624	0.533624	0	1.06716	1.06716	1.06716	2.66627	1.6005	1.6005	3.19851	3.19851	1.6005	1.06716	1.06716	0.533624	1.6005	1.06716	0	0
10.0343	4.26084	4.26084	4.26084	3.72985	6.37662	5.32055	2.66602	1.06706	0.533574	0.533574	1.06706	1.06706	2.13337	6.37662	8.47508	4.26084	4.79111	11.0657	6.37662	5.84908	5.84908	7.95238	17.0835	18.5345	9.51613	11.0657	22.7376	12.5991	12.5991	12.5991	10.5509	18.5345	8.47508	8.47508	14.6151	11.5787	5.32055	4.79111	4.79111	3.72985	6.37662	2.66602	2.66602	2.66602	4.26084	4.26084	2.13337	2.13337	3.19821	8.47508	5.32055	5.32055	5.32055	4.26084	7.95238	7.42835	3.72985	5.32055	11.0657	5.84908	5.84908	5.84908	5.84908	11.0657	5.32055	5.32055	10.0343	9.51613	4.79111	4.79111	4.79111	13.1063	32.3451	21.8239	21.3625	32.7244	20.4312	6.90307	6.90307	6.90307	4.79111	7.42835	2.66602	3.19821	2.66602	0.533574	2.66602	5.84908	3.19821	3.19821	6.37662	3.19821	2.66602	4.26084	1.60035	0.533574	0.533574	0.533574	0.533574	4.26084	3.19821	2.66602	7.42835	4.79111	6.90307	6.90307	6.90307	15.1135	18.5345	10.5509	11.0657	19.0128	8.47508	6.37662	6.37662	6.37662	10.5509	4.26084	1.60035	3.19821	1.60035	0	1.06706	1.06706	1.06706	1.06706	0	1.06706	1.06706	3.72985	3.72985	3.72985	3.72985	4.26084	7.42835	3.19821	2.13337	2.13337	4.79111	4.79111	2.66602	2.66602	2.66602	4.79111	2.13337	1.60035	1.60035	1.60035	4.26084	6.37662	3.72985	3.19821	6.90307	3.72985	3.72985	3.72985	3.72985	8.99635	5.32055	6.37662	12.5991	15.1135	8.99635	11.5787	11.5787	12.0899	23.19	12.0899	13.1063	13.1063	23.19	23.19	8.99635	8.99635	9.51613	16.1034	6.90307	4.79111	4.79111	4.79111	7.95238	4.79111	1.60035	1.06706	3.19821	2.13337	3.19821	3.19821	2.66602	7.95238	5.32055	8.99635	17.0835	18.0534	10.0343	11.0657	11.0657	11.5787	21.3625	10.5509	9.51613	18.5345	16.5947	7.42835	5.32055	5.32055	4.79111	8.47508	3.72985	1.60035	3.19821	1.60035	1.06706	2.66602	2.66602	1.06706	0.533574	0.533574	1.60035	2.66602	1.06706	1.06706	1.06706	2.13337	2.13337	0	0	0	0.533574	0.533574	1.06706	1.06706	1.06706	2.13337	1.60035	0.533574	0.533574	0.533574	0	1.06706	1.06706	1.06706	2.66602	1.60035	1.60035	3.19821	3.19821	1.60035	1.06706	1.06706	0.533574	1.60035	1.06706	0	0
10.0334	4.26045	4.26045	4.26045	3.7295	6.37603	5.32006	2.66577	1.06696	0.533524	0.533524	1.06696	1.06696	2.13317	6.37603	8.4743	4.26045	4.79066	11.0647	6.37603	5.84854	5.84854	7.95165	17.082	18.5329	9.51526	11.0647	22.7357	12.5979	12.5979	12.5979	10.5499	18.5329	8.4743	8.4743	14.6137	11.5777	5.32006	4.79066	4.79066	3.7295	6.37603	2.66577	2.66577	2.66577	4.26045	4.26045	2.13317	2.13317	3.19791	8.4743	5.32006	5.32006	5.32006	4.26045	7.95165	7.42767	3.7295	5.32006	11.0647	5.84854	5.84854	5.84854	5.84854	11.0647	5.32006	5.32006	10.0334	9.51526	4.79066	4.79066	4.79066	13.1051	32.3427	21.822	21.3607	32.722	20.4294	6.90243	6.90243	6.90243	4.79066	7.42767	2.66577	3.19791	2.66577	0.533524	2.66577	5.84854	3.19791	3.19791	6.37603	3.19791	2.66577	4.26045	1.6002	0.533524	0.533524	0.533524	0.533524	4.26045	3.19791	2.66577	7.42767	4.79066	6.90243	6.90243	6.90243	15.1122	18.5329	10.5499	11.0647	19.0111	8.4743	6.37603	6.37603	6.37603	10.5499	4.26045	1.6002	3.19791	1.6002	0	1.06696	1.06696	1.06696	1.06696	0	1.06696	1.06696	3.7295	3.7295	3.7295	3.7295	4.26045	7.42767	3.19791	2.13317	2.13317	4.79066	4.79066	2.66577	2.66577	2.66577	4.79066	2.13317	1.6002	1.6002	1.6002	4.26045	6.37603	3.7295	3.19791	6.90243	3.7295	3.7295	3.7295	3.7295	8.99553	5.32006	6.37603	12.5979	15.1122	8.99553	11.5777	11.5777	12.0888	23.188	12.0888	13.1051	13.1051	23.188	23.188	8.99553	8.99553	9.51526	16.102	6.90243	4.79066	4.79066	4.79066	7.95165	4.79066	1.6002	1.06696	3.19791	2.13317	3.19791	3.19791	2.66577	7.95165	5.32006	8.99553	17.082	18.0519	10.0334	11.0647	11.0647	11.5777	21.3607	10.5499	9.51526	18.5329	16.5933	7.42767	5.32006	5.32006	4.79066	8.4743	3.7295	1.6002	3.19791	1.6002	1.06696	2.66577	2.66577	1.06696	0.533524	0.533524	1.6002	2.66577	1.06696	1.06696	1.06696	2.13317	2.13317	0	0	0	0.533524	0.533524	1.06696	1.06696	1.06696	2.13317	1.6002	0.533524	0.533524	0.533524	0	1.06696	1.06696	1.06696	2.66577	1.6002	1.6002	3.19791	3.19791	1.6002	1.06696	1.06696	0.533524	1.6002	1.06696	0	0
10.0325	4.26005	4.26005	4.26005	3.72916	6.37544	5.31956	2.66553	1.06686	0.533475	0.533475	1.06686	1.06686	2.13297	6.37544	8.47352	4.26005	4.79022	11.0637	6.37544	5.848	5.848	7.95092	17.0805	18.5312	9.51439	11.0637	22.7338	12.5968	12.5968	12.5968	10.549	18.5312	8.47352	8.47352	14.6124	11.5766	5.31956	4.79022	4.79022	3.72916	6.37544	2.66553	2.66553	2.66553	4.26005	4.26005	2.13297	2.13297	3.19762	8.47352	5.31956	5.31956	5.31956	4.26005	7.95092	7.42698	3.72916	5.31956	11.0637	5.848	5.848	5.848	5.848	11.0637	5.31956	5.31956	10.0325	9.51439	4.79022	4.79022	4.79022	13.1039	32.3403	21.8202	21.3589	32.7195	20.4277	6.9018	6.9018	6.9018	4.79022	7.42698	2.66553	3.19762	2.66553	0.533475	2.66553	5.848	3.19762	3.19762	6.37544	3.19762	2.66553	4.26005	1.60005	0.533475	0.533475	0.533475	0.533475	4.26005	3.19762	2.66553	7.42698	4.79022	6.9018	6.9018	6.9018	15.1108	18.5312	10.549	11.0637	19.0095	8.47352	6.37544	6.37544	6.37544	10.549	4.26005	1.60005	3.19762	1.60005	0	1.06686	1.06686	1.06686	1.06686	0	1.06686	1.06686	3.72916	3.72916	3.72916	3.72916	4.26005	7.42698	3.19762	2.13297	2.13297	4.79022	4.79022	2.66553	2.66553	2.66553	4.79022	2.13297	1.60005	1.60005	1.60005	4.26005	6.37544	3.72916	3.19762	6.9018	3.72916	3.72916	3.72916	3.72916	8.99471	5.31956	6.37544	12.5968	15.1108	8.99471	11.5766	11.5766	12.0877	23.1861	12.0877	13.1039	13.1039	23.1861	23.1861	8.99471	8.99471	9.51439	16.1006	6.9018	4.79022	4.79022	4.79022	7.95092	4.79022	1.60005	1.06686	3.19762	2.13297	3.19762	3.19762	2.66553	7.95092	5.31956	8.99471	17.0805	18.0503	10.0325	11.0637	11.0637	11.5766	21.3589	10.549	9.51439	18.5312	16.5918	7.42698	5.31956	5.31956	4.79022	8.47352	3.72916	1.60005	3.19762	1.60005	1.06686	2.66553	2.66553	1.06686	0.533475	0.533475	1.60005	2.66553	1.06686	1.06686	1.06686	2.13297	2.13297	0	0	0	0.533475	0.533475	1.06686	1.06686	1.06686	2.13297	1.60005	0.533475	0.533475	0.533475	0	1.06686	1.06686	1.06686	2.66553	1.60005	1.60005	3.19762	3.19762	1.60005	1.06686	1.06686	0.533475	1.60005	1.06686	0	0
10.0316	4.25966	4.25966	4.25966	3.72881	6.37485	5.31907	2.66528	1.06676	0.533425	0.533425	1.06676	1.06676	2.13278	6.37485	8.47274	4.25966	4.78978	11.0627	6.37485	5.84746	5.84746	7.95019	17.079	18.5296	9.51352	11.0627	22.7319	12.5957	12.5957	12.5957	10.548	18.5296	8.47274	8.47274	14.6111	11.5756	5.31907	4.78978	4.78978	3.72881	6.37485	2.66528	2.66528	2.66528	4.25966	4.25966	2.13278	2.13278	3.19732	8.47274	5.31907	5.31907	5.31907	4.25966	7.95019	7.4263	3.72881	5.31907	11.0627	5.84746	5.84746	5.84746	5.84746	11.0627	5.31907	5.31907	10.0316	9.51352	4.78978	4.78978	4.78978	13.1027	32.3379	21.8183	21.3571	32.7171	20.4259	6.90116	6.90116	6.90116	4.78978	7.4263	2.66528	3.19732	2.66528	0.533425	2.66528	5.84746	3.19732	3.19732	6.37485	3.19732	2.66528	4.25966	1.59991	0.533425	0.533425	0.533425	0.533425	4.25966	3.19732	2.66528	7.4263	4.78978	6.90116	6.90116	6.90116	15.1095	18.5296	10.548	11.0627	19.0078	8.47274	6.37485	6.37485	6.37485	10.548	4.25966	1.59991	3.19732	1.59991	0	1.06676	1.06676	1.06676	1.06676	0	1.06676	1.06676	3.72881	3.72881	3.72881	3.72881	4.25966	7.4263	3.19732	2.13278	2.13278	4.78978	4.78978	2.66528	2.66528	2.66528	4.78978	2.13278	1.59991	1.59991	1.59991	4.25966	6.37485	3.72881	3.19732	6.90116	3.72881	3.72881	3.72881	3.72881	8.99388	5.31907	6.37485	12.5957	15.1095	8.99388	11.5756	11.5756	12.0866	23.1842	12.0866	13.1027	13.1027	23.1842	23.1842	8.99388	8.99388	9.51352	16.0991	6.90116	4.78978	4.78978	4.78978	7.95019	4.78978	1.59991	1.06676	3.19732	2.13278	3.19732	3.19732	2.66528	7.95019	5.31907	8.99388	17.079	18.0487	10.0316	11.0627	11.0627	11.5756	21.3571	10.548	9.51352	18.5296	16.5903	7.4263	5.31907	5.31907	4.78978	8.47274	3.72881	1.59991	3.19732	1.59991	1.06676	2.66528	2.66528	1.06676	0.533425	0.533425	1.59991	2.66528	1.06676	1.06676	1.06676	2.13278	2.13278	0	0	0	0.533425	0.533425	1.06676	1.06676	1.06676	2.13278	1.59991	0.533425	0.533425	0.533425	0	1.06676	1.06676	1.06676	2.66528	1.59991	1.59991	3.19732	3.19732	1.59991	1.06676	1.06676	0.533425	1.59991	1.06676	0	0
10.0305	4.25918	4.25918	4.25918	3.72839	6.37414	5.31848	2.66498	1.06664	0.533366	0.533366	1.06664	1.06664	2.13254	6.37414	8.47181	4.25918	4.78924	11.0615	6.37414	5.84681	5.84681	7.94931	17.0772	18.5277	9.51248	11.0615	22.7296	12.5943	12.5943	12.5943	10.5469	18.5277	8.47181	8.47181	14.6096	11.5743	5.31848	4.78924	4.78924	3.72839	6.37414	2.66498	2.66498	2.66498	4.25918	4.25918	2.13254	2.13254	3.19696	8.47181	5.31848	5.31848	5.31848	4.25918	7.94931	7.42548	3.72839	5.31848	11.0615	5.84681	5.84681	5.84681	5.84681	11.0615	5.31848	5.31848	10.0305	9.51248	4.78924	4.78924	4.78924	13.1013	32.335	21.8161	21.3549	32.7142	20.4238	6.9004	6.9004	6.9004	4.78924	7.42548	2.66498	3.19696	2.66498	0.533366	2.66498	5.84681	3.19696	3.19696	6.37414	3.19696	2.66498	4.25918	1.59973	0.533366	0.533366	0.533366	0.533366	4.25918	3.19696	2.66498	7.42548	4.78924	6.9004	6.9004	6.9004	15.1079	18.5277	10.5469	11.0615	19.0059	8.47181	6.37414	6.37414	6.37414	10.5469	4.25918	1.59973	3.19696	1.59973	0	1.06664	1.06664	1.06664	1.06664	0	1.06664	1.06664	3.72839	3.72839	3.72839	3.72839	4.25918	7.42548	3.19696	2.13254	2.13254	4.78924	4.78924	2.66498	2.66498	2.66498	4.78924	2.13254	1.59973	1.59973	1.59973	4.25918	6.37414	3.72839	3.19696	6.9004	3.72839	3.72839	3.72839	3.72839	8.99289	5.31848	6.37414	12.5943	15.1079	8.99289	11.5743	11.5743	12.0853	23.1819	12.0853	13.1013	13.1013	23.1819	23.1819	8.99289	8.99289	9.51248	16.0974	6.9004	4.78924	4.78924	4.78924	7.94931	4.78924	1.59973	1.06664	3.19696	2.13254	3.19696	3.19696	2.66498	7.94931	5.31848	8.99289	17.0772	18.0468	10.0305	11.0615	11.0615	11.5743	21.3549	10.5469	9.51248	18.5277	16.5886	7.42548	5.31848	5.31848	4.78924	8.47181	3.72839	1.59973	3.19696	1.59973	1.06664	2.66498	2.66498	1.06664	0.533366	0.533366	1.59973	2.66498	1.06664	1.06664	1.06664	2.13254	2.13254	0	0	0	0.533366	0.533366	1.06664	1.06664	1.06664	2.13254	1.59973	0.533366	0.533366	0.533366	0	1.06664	1.06664	1.06664	2.66498	1.59973	1.59973	3.19696	3.19696	1.59973	1.06664	1.06664	0.533366	1.59973	1.06664	0	0
10.0296	4.25879	4.25879	4.25879	3.72805	6.37356	5.31799	2.66473	1.06654	0.533316	0.533316	1.06654	1.06654	2.13234	6.37356	8.47103	4.25879	4.7888	11.0605	6.37356	5.84627	5.84627	7.94858	17.0757	18.5261	9.51161	11.0605	22.7277	12.5932	12.5932	12.5932	10.5459	18.5261	8.47103	8.47103	14.6083	11.5733	5.31799	4.7888	4.7888	3.72805	6.37356	2.66473	2.66473	2.66473	4.25879	4.25879	2.13234	2.13234	3.19667	8.47103	5.31799	5.31799	5.31799	4.25879	7.94858	7.4248	3.72805	5.31799	11.0605	5.84627	5.84627	5.84627	5.84627	11.0605	5.31799	5.31799	10.0296	9.51161	4.7888	4.7888	4.7888	13.1001	32.3326	21.8143	21.3531	32.7118	20.4221	6.89976	6.89976	6.89976	4.7888	7.4248	2.66473	3.19667	2.66473	0.533316	2.66473	5.84627	3.19667	3.19667	6.37356	3.19667	2.66473	4.25879	1.59958	0.533316	0.533316	0.533316	0.533316	4.25879	3.19667	2.66473	7.4248	4.7888	6.89976	6.89976	6.89976	15.1065	18.5261	10.5459	11.0605	19.0042	8.47103	6.37356	6.37356	6.37356	10.5459	4.25879	1.59958	3.19667	1.59958	0	1.06654	1.06654	1.06654	1.06654	0	1.06654	1.06654	3.72805	3.72805	3.72805	3.72805	4.25879	7.4248	3.19667	2.13234	2.13234	4.7888	4.7888	2.66473	2.66473	2.66473	4.7888	2.13234	1.59958	1.59958	1.59958	4.25879	6.37356	3.72805	3.19667	6.89976	3.72805	3.72805	3.72805	3.72805	8.99207	5.31799	6.37356	12.5932	15.1065	8.99207	11.5733	11.5733	12.0842	23.1799	12.0842	13.1001	13.1001	23.1799	23.1799	8.99207	8.99207	9.51161	16.096	6.89976	4.7888	4.7888	4.7888	7.94858	4.7888	1.59958	1.06654	3.19667	2.13234	3.19667	3.19667	2.66473	7.94858	5.31799	8.99207	17.0757	18.0453	10.0296	11.0605	11.0605	11.5733	21.3531	10.5459	9.51161	18.5261	16.5871	7.4248	5.31799	5.31799	4.7888	8.47103	3.72805	1.59958	3.19667	1.59958	1.06654	2.66473	2.66473	1.06654	0.533316	0.533316	1.59958	2.66473	1.06654	1.06654	1.06654	2.13234	2.13234	0	0	0	0.533316	0.533316	1.06654	1.06654	1.06654	2.13234	1.59958	0.533316	0.533316	0.533316	0	1.06654	1.06654	1.06654	2.66473	1.59958	1.59958	3.19667	3.19667	1.59958	1.06654	1.06654	0.533316	1.59958	1.06654	0	0
39.5276	38.6211	38.2954	37.9667	37.4268	36.4497	34.7945	33.5013	32.5223	30.7952	29.0003	27.8832	26.8333	25.4522	23.4955	20.1679	14.3963	12.1664	15.4727	8.61568	9.82244	12.6978	16.9124	27.3352	32.5459	32.2673	34.7859	40.6913	39.3521	40.309	41.1916	41.6762	44.0794	43.3547	43.9057	45.1418	44.6417	43.6247	43.0387	42.4654	41.5245	39.4098	36.6815	34.5686	32.3428	29.5333	25.9937	23.1987	21.3744	19.4485	16.3246	11.3196	8.11421	5.26785	3.3689	6.66508	7.59538	5.93226	7.50812	12.3906	8.42348	8.24098	8.0627	7.87798	12.1564	7.69315	7.87802	11.5491	11.1084	7.53585	7.53585	7.53585	13.8639	31.4158	24.4947	26.2764	36.1425	31.1744	26.774	26.4378	26.2304	25.6487	25.8537	24.7505	24.7749	24.8485	24.6302	24.7505	25.5269	25.4522	25.547	25.9972	25.547	25.7382	26.4599	26.621	27.0043	27.6358	28.26	28.8874	28.7171	27.3973	26.3229	24.9227	22.1682	19.9462	16.9462	13.7441	13.6427	14.9814	10.4236	13.3496	21.5495	21.0863	22.6972	24.2293	25.8153	28.5787	29.3477	29.6172	29.7061	29.2367	28.3667	27.3217	26.0445	24.7389	22.8431	21.0134	19.8979	18.7148	17.7461	16.1003	14.8593	14.3782	14.2089	15.2718	13.2753	12.6573	12.4073	12.8075	12.3411	11.4573	11.7072	11.9569	12.9327	12.9725	13.4141	13.9153	14.5284	16.2346	19.3198	21.8195	23.7043	26.7584	29.4531	31.4297	33.327	35.1457	37.9055	39.98	41.2776	43.2602	45.2279	45.5359	45.9863	45.9863	46.0383	47.694	45.6861	45.5967	45.4694	47.0844	47.0844	45.2008	45.7198	46.2671	47.7259	48.1101	48.9646	49.9765	50.9476	52.5156	54.7057	56.4897	57.6333	59.0635	60.2872	60.9335	61.4899	62.0252	62.6131	62.9035	62.9063	62.8673	62.4046	61.53	60.9596	60.1936	59.4387	58.9239	56.8699	55.8167	54.9276	52.4171	49.5812	48.0404	46.4538	44.7383	42.5452	38.9544	36.5138	32.9083	28.3078	25.4032	22.0318	17.4932	13.5511	11.391	9.8575	8.53567	7.23708	5.75232	5.26798	5.00784	5.76444	6.48474	6.50631	6.76935	6.51705	5.68174	4.9655	4.90486	4.90486	4.80696	4.88322	4.16642	3.39522	3.35327	3.61719	3.72791	3.97117	4.22951	4.4885	5.35067	5.38671	5.38343	5.64132	4.836	2.38356	1.73775	2.26923	3.39519	6.60217	8.41343	9.80188	11.3435
39.4307	38.5919	38.2656	37.9364	37.3833	36.2998	34.6724	33.4676	32.5365	30.9761	29.0801	27.9632	26.9188	25.7721	25.4779	23.165	15.5218	14.3947	22.416	12.6857	13.3481	15.5173	19.2292	32.0466	36.3036	33.3062	35.4711	42.2216	39.6939	40.5795	41.4469	41.8476	44.551	43.4518	43.9991	45.2858	44.5369	43.5783	42.9962	42.4214	41.4841	39.3349	36.7047	34.5954	32.374	29.5591	26.0265	23.1968	21.3726	19.3622	15.4898	10.8052	7.2939	3.86258	1.5079	3.88065	6.26737	5.52775	7.16621	12.1664	8.6091	8.43088	8.25696	7.87725	11.9272	7.519	7.8773	11.548	11.1074	7.53516	7.53516	7.53516	12.341	27.2109	21.8891	24.0354	33.1599	30.7092	26.8813	26.4896	26.2829	25.6864	25.9755	24.7729	24.7485	24.8465	24.626	24.7729	25.6261	25.4777	25.545	25.9951	25.545	25.7862	26.5712	26.6327	27.008	27.6392	28.2631	28.9109	28.61	27.3271	26.2724	24.4867	21.9534	19.425	16.2999	12.9098	8.53478	7.55562	7.55588	11.0712	17.6279	20.4233	22.392	23.9521	25.545	27.9755	29.2648	29.6149	29.7038	29.3018	28.3929	27.3422	26.067	24.7635	23.0326	21.0818	20.0319	18.8603	18.2523	16.6698	14.997	14.5214	14.2077	15.5218	13.4128	12.7034	12.4545	13.012	12.5544	11.4032	11.6543	11.9052	12.6982	12.9098	13.3734	13.8762	14.4866	15.9834	18.8863	21.697	23.6264	26.4713	29.384	31.3681	33.2718	35.096	37.6176	39.8911	41.1796	42.9209	44.9291	45.4776	45.9836	45.9836	46.0356	47.7872	45.7401	45.6243	45.4973	47.0818	47.0818	45.1245	45.6462	46.1916	47.4339	48.0412	48.9242	49.9389	50.9126	52.4462	54.7743	56.521	57.6624	59.1249	60.2906	60.9268	61.4835	62.0217	62.5837	62.8989	62.9187	62.9325	62.5384	61.5839	61.062	60.3045	59.5503	59.4005	57.0174	55.9825	55.6355	53.1804	49.7901	48.25	46.6893	44.988	43.6099	39.2742	36.8487	34.4388	28.7982	25.8656	23.6576	19.1905	14.2122	11.6702	10.1834	8.46995	7.03146	5.71508	5.2273	4.96504	6.15198	6.8302	6.51644	6.77903	6.61221	5.97004	5.00737	4.9044	4.9044	4.87921	5.16292	4.42871	3.45686	3.33179	3.59725	3.72756	3.91707	4.17876	4.4407	5.13566	5.32059	5.58775	6.612	6.48389	3.36859	3.06605	3.39476	4.51927	8.82256	8.89079	10.0487	11.5543
8.4687	3.19578	3.19578	3.19578	1.59913	1.59913	0.533167	0.533167	2.13175	5.84465	3.72701	3.72701	3.72701	6.89785	16.5828	18.9993	9.50901	12.0809	25.3888	14.6044	14.104	14.104	15.5983	30.3816	31.5575	17.0713	16.5828	30.3816	16.0918	15.5983	15.5983	13.0966	22.722	10.543	10.543	16.5828	9.50901	3.19578	2.66399	2.66399	0.533167	4.25761	3.72701	3.72701	3.72701	4.78747	4.78747	2.13175	2.13175	1.59913	3.72701	2.13175	1.59913	1.59913	0	2.13175	4.25761	2.13175	4.25761	10.543	6.37179	6.37179	6.37179	5.84465	10.543	4.78747	5.31651	10.0268	9.50901	4.78747	4.78747	4.78747	9.50901	23.1741	14.6044	14.104	24.0693	18.5213	7.94639	7.42275	7.42275	5.31651	8.4687	3.19578	2.66399	2.66399	0	3.19578	6.89785	3.72701	3.19578	6.37179	3.19578	3.72701	5.84465	2.13175	1.06624	1.06624	1.06624	2.13175	1.06624	0	0.533167	0.533167	0	0	0	0.533167	0.533167	3.72701	2.66399	2.66399	5.31651	2.66399	2.66399	2.66399	2.13175	4.25761	2.13175	1.59913	3.19578	3.72701	2.13175	2.13175	2.13175	2.13175	4.78747	2.66399	3.72701	3.72701	7.42275	7.42275	4.78747	4.78747	4.25761	8.4687	4.25761	2.66399	2.66399	5.84465	5.84465	2.13175	2.13175	2.13175	3.19578	1.06624	0.533167	0.533167	0	0.533167	1.59913	1.06624	1.06624	2.66399	1.59913	1.59913	1.59913	1.59913	1.06624	0.533167	2.66399	5.31651	10.0268	7.42275	11.5701	11.5701	12.0809	24.0693	13.0966	13.6014	13.6014	23.1741	23.1741	6.89785	6.89785	7.42275	10.543	3.19578	0	0	0	3.19578	9.50901	6.37179	6.37179	10.0268	3.72701	1.59913	1.59913	2.13175	2.66399	4.78747	10.543	20.4169	23.6232	14.104	17.0713	17.0713	17.0713	31.1687	16.5828	16.0918	29.9832	27.9428	13.6014	12.0809	12.0809	11.5701	21.3477	10.543	9.50901	18.0406	8.9896	7.94639	13.6014	12.0809	6.37179	3.72701	3.72701	0.533167	1.06624	0.533167	0.533167	0.533167	3.72701	3.72701	0.533167	0.533167	1.59913	2.66399	1.06624	1.06624	1.06624	1.59913	3.19578	2.66399	1.06624	0	0	0	0.533167	0.533167	0.533167	1.59913	1.06624	2.66399	5.84465	6.89785	3.72701	3.72701	3.72701	4.25761	8.4687	4.25761	3.19578	3.19578
8.46793	3.19548	3.19548	3.19548	1.59898	1.59898	0.533117	0.533117	2.13155	5.84411	3.72667	3.72667	3.72667	6.89722	16.5813	18.9977	9.50814	12.0798	25.3867	14.6031	14.1027	14.1027	15.597	30.3793	31.5551	17.0698	16.5813	30.3793	16.0903	15.597	15.597	13.0954	22.7201	10.5421	10.5421	16.5813	9.50814	3.19548	2.66374	2.66374	0.533117	4.25721	3.72667	3.72667	3.72667	4.78703	4.78703	2.13155	2.13155	1.59898	3.72667	2.13155	1.59898	1.59898	0	2.13155	4.25721	2.13155	4.25721	10.5421	6.3712	6.3712	6.3712	5.84411	10.5421	4.78703	5.31602	10.0259	9.50814	4.78703	4.78703	4.78703	9.50814	23.1722	14.6031	14.1027	24.0673	18.5197	7.94566	7.42206	7.42206	5.31602	8.46793	3.19548	2.66374	2.66374	0	3.19548	6.89722	3.72667	3.19548	6.3712	3.19548	3.72667	5.84411	2.13155	1.06614	1.06614	1.06614	2.13155	1.06614	0	0.533117	0.533117	0	0	0	0.533117	0.533117	3.72667	2.66374	2.66374	5.31602	2.66374	2.66374	2.66374	2.13155	4.25721	2.13155	1.59898	3.19548	3.72667	2.13155	2.13155	2.13155	2.13155	4.78703	2.66374	3.72667	3.72667	7.42206	7.42206	4.78703	4.78703	4.25721	8.46793	4.25721	2.66374	2.66374	5.84411	5.84411	2.13155	2.13155	2.13155	3.19548	1.06614	0.533117	0.533117	0	0.533117	1.59898	1.06614	1.06614	2.66374	1.59898	1.59898	1.59898	1.59898	1.06614	0.533117	2.66374	5.31602	10.0259	7.42206	11.5691	11.5691	12.0798	24.0673	13.0954	13.6001	13.6001	23.1722	23.1722	6.89722	6.89722	7.42206	10.5421	3.19548	0	0	0	3.19548	9.50814	6.3712	6.3712	10.0259	3.72667	1.59898	1.59898	2.13155	2.66374	4.78703	10.5421	20.4151	23.6213	14.1027	17.0698	17.0698	17.0698	31.1664	16.5813	16.0903	29.9809	27.9406	13.6001	12.0798	12.0798	11.5691	21.3459	10.5421	9.50814	18.039	8.98878	7.94566	13.6001	12.0798	6.3712	3.72667	3.72667	0.533117	1.06614	0.533117	0.533117	0.533117	3.72667	3.72667	0.533117	0.533117	1.59898	2.66374	1.06614	1.06614	1.06614	1.59898	3.19548	2.66374	1.06614	0	0	0	0.533117	0.533117	0.533117	1.59898	1.06614	2.66374	5.84411	6.89722	3.72667	3.72667	3.72667	4.25721	8.46793	4.25721	3.19548	3.19548
8.46715	3.19518	3.19518	3.19518	1.59883	1.59883	0.533068	0.533068	2.13135	5.84357	3.72632	3.72632	3.72632	6.89658	16.5798	18.996	9.50727	12.0787	25.3847	14.6018	14.1014	14.1014	15.5956	30.3769	31.5527	17.0683	16.5798	30.3769	16.0889	15.5956	15.5956	13.0942	22.7182	10.5411	10.5411	16.5798	9.50727	3.19518	2.6635	2.6635	0.533068	4.25682	3.72632	3.72632	3.72632	4.78658	4.78658	2.13135	2.13135	1.59883	3.72632	2.13135	1.59883	1.59883	0	2.13135	4.25682	2.13135	4.25682	10.5411	6.37061	6.37061	6.37061	5.84357	10.5411	4.78658	5.31553	10.025	9.50727	4.78658	4.78658	4.78658	9.50727	23.1703	14.6018	14.1014	24.0653	18.5181	7.94493	7.42138	7.42138	5.31553	8.46715	3.19518	2.6635	2.6635	0	3.19518	6.89658	3.72632	3.19518	6.37061	3.19518	3.72632	5.84357	2.13135	1.06604	1.06604	1.06604	2.13135	1.06604	0	0.533068	0.533068	0	0	0	0.533068	0.533068	3.72632	2.6635	2.6635	5.31553	2.6635	2.6635	2.6635	2.13135	4.25682	2.13135	1.59883	3.19518	3.72632	2.13135	2.13135	2.13135	2.13135	4.78658	2.6635	3.72632	3.72632	7.42138	7.42138	4.78658	4.78658	4.25682	8.46715	4.25682	2.6635	2.6635	5.84357	5.84357	2.13135	2.13135	2.13135	3.19518	1.06604	0.533068	0.533068	0	0.533068	1.59883	1.06604	1.06604	2.6635	1.59883	1.59883	1.59883	1.59883	1.06604	0.533068	2.6635	5.31553	10.025	7.42138	11.568	11.568	12.0787	24.0653	13.0942	13.5989	13.5989	23.1703	23.1703	6.89658	6.89658	7.42138	10.5411	3.19518	0	0	0	3.19518	9.50727	6.37061	6.37061	10.025	3.72632	1.59883	1.59883	2.13135	2.6635	4.78658	10.5411	20.4134	23.6193	14.1014	17.0683	17.0683	17.0683	31.164	16.5798	16.0889	29.9786	27.9384	13.5989	12.0787	12.0787	11.568	21.3441	10.5411	9.50727	18.0374	8.98796	7.94493	13.5989	12.0787	6.37061	3.72632	3.72632	0.533068	1.06604	0.533068	0.533068	0.533068	3.72632	3.72632	0.533068	0.533068	1.59883	2.6635	1.06604	1.06604	1.06604	1.59883	3.19518	2.6635	1.06604	0	0	0	0.533068	0.533068	0.533068	1.59883	1.06604	2.6635	5.84357	6.89658	3.72632	3.72632	3.72632	4.25682	8.46715	4.25682	3.19518	3.19518
8.46637	3.19489	3.19489	3.19489	1.59869	1.59869	0.533018	0.533018	2.13115	5.84303	3.72597	3.72597	3.72597	6.89594	16.5784	18.9944	9.5064	12.0776	25.3826	14.6005	14.1002	14.1002	15.5942	30.3746	31.5504	17.0668	16.5784	30.3746	16.0875	15.5942	15.5942	13.0931	22.7163	10.5401	10.5401	16.5784	9.5064	3.19489	2.66325	2.66325	0.533018	4.25642	3.72597	3.72597	3.72597	4.78614	4.78614	2.13115	2.13115	1.59869	3.72597	2.13115	1.59869	1.59869	0	2.13115	4.25642	2.13115	4.25642	10.5401	6.37003	6.37003	6.37003	5.84303	10.5401	4.78614	5.31504	10.0241	9.5064	4.78614	4.78614	4.78614	9.5064	23.1683	14.6005	14.1002	24.0633	18.5165	7.9442	7.4207	7.4207	5.31504	8.46637	3.19489	2.66325	2.66325	0	3.19489	6.89594	3.72597	3.19489	6.37003	3.19489	3.72597	5.84303	2.13115	1.06594	1.06594	1.06594	2.13115	1.06594	0	0.533018	0.533018	0	0	0	0.533018	0.533018	3.72597	2.66325	2.66325	5.31504	2.66325	2.66325	2.66325	2.13115	4.25642	2.13115	1.59869	3.19489	3.72597	2.13115	2.13115	2.13115	2.13115	4.78614	2.66325	3.72597	3.72597	7.4207	7.4207	4.78614	4.78614	4.25642	8.46637	4.25642	2.66325	2.66325	5.84303	5.84303	2.13115	2.13115	2.13115	3.19489	1.06594	0.533018	0.533018	0	0.533018	1.59869	1.06594	1.06594	2.66325	1.59869	1.59869	1.59869	1.59869	1.06594	0.533018	2.66325	5.31504	10.0241	7.4207	11.567	11.567	12.0776	24.0633	13.0931	13.5977	13.5977	23.1683	23.1683	6.89594	6.89594	7.4207	10.5401	3.19489	0	0	0	3.19489	9.5064	6.37003	6.37003	10.0241	3.72597	1.59869	1.59869	2.13115	2.66325	4.78614	10.5401	20.4116	23.6174	14.1002	17.0668	17.0668	17.0668	31.1617	16.5784	16.0875	29.9763	27.9362	13.5977	12.0776	12.0776	11.567	21.3423	10.5401	9.5064	18.0359	8.98713	7.9442	13.5977	12.0776	6.37003	3.72597	3.72597	0.533018	1.06594	0.533018	0.533018	0.533018	3.72597	3.72597	0.533018	0.533018	1.59869	2.66325	1.06594	1.06594	1.06594	1.59869	3.19489	2.66325	1.06594	0	0	0	0.533018	0.533018	0.533018	1.59869	1.06594	2.66325	5.84303	6.89594	3.72597	3.72597	3.72597	4.25642	8.46637	4.25642	3.19489	3.19489
8.46544	3.19453	3.19453	3.19453	1.59851	1.59851	0.532959	0.532959	2.13091	5.84238	3.72556	3.72556	3.72556	6.89518	16.5766	18.9924	9.50536	12.0763	25.3801	14.5989	14.0987	14.0987	15.5925	30.3718	31.5475	17.065	16.5766	30.3718	16.0858	15.5925	15.5925	13.0917	22.714	10.539	10.539	16.5766	9.50536	3.19453	2.66295	2.66295	0.532959	4.25595	3.72556	3.72556	3.72556	4.78561	4.78561	2.13091	2.13091	1.59851	3.72556	2.13091	1.59851	1.59851	0	2.13091	4.25595	2.13091	4.25595	10.539	6.36932	6.36932	6.36932	5.84238	10.539	4.78561	5.31445	10.023	9.50536	4.78561	4.78561	4.78561	9.50536	23.166	14.5989	14.0987	24.0609	18.5145	7.94333	7.41988	7.41988	5.31445	8.46544	3.19453	2.66295	2.66295	0	3.19453	6.89518	3.72556	3.19453	6.36932	3.19453	3.72556	5.84238	2.13091	1.06583	1.06583	1.06583	2.13091	1.06583	0	0.532959	0.532959	0	0	0	0.532959	0.532959	3.72556	2.66295	2.66295	5.31445	2.66295	2.66295	2.66295	2.13091	4.25595	2.13091	1.59851	3.19453	3.72556	2.13091	2.13091	2.13091	2.13091	4.78561	2.66295	3.72556	3.72556	7.41988	7.41988	4.78561	4.78561	4.25595	8.46544	4.25595	2.66295	2.66295	5.84238	5.84238	2.13091	2.13091	2.13091	3.19453	1.06583	0.532959	0.532959	0	0.532959	1.59851	1.06583	1.06583	2.66295	1.59851	1.59851	1.59851	1.59851	1.06583	0.532959	2.66295	5.31445	10.023	7.41988	11.5657	11.5657	12.0763	24.0609	13.0917	13.5962	13.5962	23.166	23.166	6.89518	6.89518	7.41988	10.539	3.19453	0	0	0	3.19453	9.50536	6.36932	6.36932	10.023	3.72556	1.59851	1.59851	2.13091	2.66295	4.78561	10.539	20.4095	23.615	14.0987	17.065	17.065	17.065	31.1588	16.5766	16.0858	29.9735	27.9336	13.5962	12.0763	12.0763	11.5657	21.3401	10.539	9.50536	18.034	8.98615	7.94333	13.5962	12.0763	6.36932	3.72556	3.72556	0.532959	1.06583	0.532959	0.532959	0.532959	3.72556	3.72556	0.532959	0.532959	1.59851	2.66295	1.06583	1.06583	1.06583	1.59851	3.19453	2.66295	1.06583	0	0	0	0.532959	0.532959	0.532959	1.59851	1.06583	2.66295	5.84238	6.89518	3.72556	3.72556	3.72556	4.25595	8.46544	4.25595	3.19453	3.19453
8.46467	3.19423	3.19423	3.19423	1.59836	1.59836	0.532909	0.532909	2.13072	5.84184	3.72521	3.72521	3.72521	6.89455	16.5752	18.9908	9.50449	12.0752	25.3781	14.5976	14.0974	14.0974	15.5912	30.3695	31.5451	17.0635	16.5752	30.3695	16.0844	15.5912	15.5912	13.0905	22.7121	10.538	10.538	16.5752	9.50449	3.19423	2.6627	2.6627	0.532909	4.25555	3.72521	3.72521	3.72521	4.78516	4.78516	2.13072	2.13072	1.59836	3.72521	2.13072	1.59836	1.59836	0	2.13072	4.25555	2.13072	4.25555	10.538	6.36873	6.36873	6.36873	5.84184	10.538	4.78516	5.31396	10.0221	9.50449	4.78516	4.78516	4.78516	9.50449	23.1641	14.5976	14.0974	24.0589	18.5129	7.9426	7.4192	7.4192	5.31396	8.46467	3.19423	2.6627	2.6627	0	3.19423	6.89455	3.72521	3.19423	6.36873	3.19423	3.72521	5.84184	2.13072	1.06573	1.06573	1.06573	2.13072	1.06573	0	0.532909	0.532909	0	0	0	0.532909	0.532909	3.72521	2.6627	2.6627	5.31396	2.6627	2.6627	2.6627	2.13072	4.25555	2.13072	1.59836	3.19423	3.72521	2.13072	2.13072	2.13072	2.13072	4.78516	2.6627	3.72521	3.72521	7.4192	7.4192	4.78516	4.78516	4.25555	8.46467	4.25555	2.6627	2.6627	5.84184	5.84184	2.13072	2.13072	2.13072	3.19423	1.06573	0.532909	0.532909	0	0.532909	1.59836	1.06573	1.06573	2.6627	1.59836	1.59836	1.59836	1.59836	1.06573	0.532909	2.6627	5.31396	10.0221	7.4192	11.5647	11.5647	12.0752	24.0589	13.0905	13.595	13.595	23.1641	23.1641	6.89455	6.89455	7.4192	10.538	3.19423	0	0	0	3.19423	9.50449	6.36873	6.36873	10.0221	3.72521	1.59836	1.59836	2.13072	2.6627	4.78516	10.538	20.4078	23.613	14.0974	17.0635	17.0635	17.0635	31.1565	16.5752	16.0844	29.9712	27.9313	13.595	12.0752	12.0752	11.5647	21.3383	10.538	9.50449	18.0324	8.98532	7.9426	13.595	12.0752	6.36873	3.72521	3.72521	0.532909	1.06573	0.532909	0.532909	0.532909	3.72521	3.72521	0.532909	0.532909	1.59836	2.6627	1.06573	1.06573	1.06573	1.59836	3.19423	2.6627	1.06573	0	0	0	0.532909	0.532909	0.532909	1.59836	1.06573	2.6627	5.84184	6.89455	3.72521	3.72521	3.72521	4.25555	8.46467	4.25555	3.19423	3.19423
8.46389	3.19394	3.19394	3.19394	1.59821	1.59821	0.53286	0.53286	2.13052	5.8413	3.72487	3.72487	3.72487	6.89391	16.5737	18.9891	9.50362	12.0742	25.376	14.5963	14.0962	14.0962	15.5898	30.3672	31.5428	17.062	16.5737	30.3672	16.083	15.5898	15.5898	13.0893	22.7102	10.5371	10.5371	16.5737	9.50362	3.19394	2.66246	2.66246	0.53286	4.25516	3.72487	3.72487	3.72487	4.78472	4.78472	2.13052	2.13052	1.59821	3.72487	2.13052	1.59821	1.59821	0	2.13052	4.25516	2.13052	4.25516	10.5371	6.36815	6.36815	6.36815	5.8413	10.5371	4.78472	5.31346	10.0212	9.50362	4.78472	4.78472	4.78472	9.50362	23.1622	14.5963	14.0962	24.057	18.5113	7.94187	7.41851	7.41851	5.31346	8.46389	3.19394	2.66246	2.66246	0	3.19394	6.89391	3.72487	3.19394	6.36815	3.19394	3.72487	5.8413	2.13052	1.06563	1.06563	1.06563	2.13052	1.06563	0	0.53286	0.53286	0	0	0	0.53286	0.53286	3.72487	2.66246	2.66246	5.31346	2.66246	2.66246	2.66246	2.13052	4.25516	2.13052	1.59821	3.19394	3.72487	2.13052	2.13052	2.13052	2.13052	4.78472	2.66246	3.72487	3.72487	7.41851	7.41851	4.78472	4.78472	4.25516	8.46389	4.25516	2.66246	2.66246	5.8413	5.8413	2.13052	2.13052	2.13052	3.19394	1.06563	0.53286	0.53286	0	0.53286	1.59821	1.06563	1.06563	2.66246	1.59821	1.59821	1.59821	1.59821	1.06563	0.53286	2.66246	5.31346	10.0212	7.41851	11.5636	11.5636	12.0742	24.057	13.0893	13.5938	13.5938	23.1622	23.1622	6.89391	6.89391	7.41851	10.5371	3.19394	0	0	0	3.19394	9.50362	6.36815	6.36815	10.0212	3.72487	1.59821	1.59821	2.13052	2.66246	4.78472	10.5371	20.4061	23.6111	14.0962	17.062	17.062	17.062	31.1541	16.5737	16.083	29.9689	27.9291	13.5938	12.0742	12.0742	11.5636	21.3365	10.5371	9.50362	18.0308	8.9845	7.94187	13.5938	12.0742	6.36815	3.72487	3.72487	0.53286	1.06563	0.53286	0.53286	0.53286	3.72487	3.72487	0.53286	0.53286	1.59821	2.66246	1.06563	1.06563	1.06563	1.59821	3.19394	2.66246	1.06563	0	0	0	0.53286	0.53286	0.53286	1.59821	1.06563	2.66246	5.8413	6.89391	3.72487	3.72487	3.72487	4.25516	8.46389	4.25516	3.19394	3.19394
8.46311	3.19364	3.19364	3.19364	1.59806	1.59806	0.53281	0.53281	2.13032	5.84076	3.72452	3.72452	3.72452	6.89328	16.5723	18.9875	9.50275	12.0731	25.3739	14.595	14.0949	14.0949	15.5884	30.3648	31.5404	17.0605	16.5723	30.3648	16.0815	15.5884	15.5884	13.0881	22.7083	10.5361	10.5361	16.5723	9.50275	3.19364	2.66221	2.66221	0.53281	4.25476	3.72452	3.72452	3.72452	4.78428	4.78428	2.13032	2.13032	1.59806	3.72452	2.13032	1.59806	1.59806	0	2.13032	4.25476	2.13032	4.25476	10.5361	6.36756	6.36756	6.36756	5.84076	10.5361	4.78428	5.31297	10.0203	9.50275	4.78428	4.78428	4.78428	9.50275	23.1603	14.595	14.0949	24.055	18.5097	7.94114	7.41783	7.41783	5.31297	8.46311	3.19364	2.66221	2.66221	0	3.19364	6.89328	3.72452	3.19364	6.36756	3.19364	3.72452	5.84076	2.13032	1.06553	1.06553	1.06553	2.13032	1.06553	0	0.53281	0.53281	0	0	0	0.53281	0.53281	3.72452	2.66221	2.66221	5.31297	2.66221	2.66221	2.66221	2.13032	4.25476	2.13032	1.59806	3.19364	3.72452	2.13032	2.13032	2.13032	2.13032	4.78428	2.66221	3.72452	3.72452	7.41783	7.41783	4.78428	4.78428	4.25476	8.46311	4.25476	2.66221	2.66221	5.84076	5.84076	2.13032	2.13032	2.13032	3.19364	1.06553	0.53281	0.53281	0	0.53281	1.59806	1.06553	1.06553	2.66221	1.59806	1.59806	1.59806	1.59806	1.06553	0.53281	2.66221	5.31297	10.0203	7.41783	11.5626	11.5626	12.0731	24.055	13.0881	13.5926	13.5926	23.1603	23.1603	6.89328	6.89328	7.41783	10.5361	3.19364	0	0	0	3.19364	9.50275	6.36756	6.36756	10.0203	3.72452	1.59806	1.59806	2.13032	2.66221	4.78428	10.5361	20.4043	23.6091	14.0949	17.0605	17.0605	17.0605	31.1518	16.5723	16.0815	29.9666	27.9269	13.5926	12.0731	12.0731	11.5626	21.3347	10.5361	9.50275	18.0293	8.98368	7.94114	13.5926	12.0731	6.36756	3.72452	3.72452	0.53281	1.06553	0.53281	0.53281	0.53281	3.72452	3.72452	0.53281	0.53281	1.59806	2.66221	1.06553	1.06553	1.06553	1.59806	3.19364	2.66221	1.06553	0	0	0	0.53281	0.53281	0.53281	1.59806	1.06553	2.66221	5.84076	6.89328	3.72452	3.72452	3.72452	4.25476	8.46311	4.25476	3.19364	3.19364
8.46234	3.19334	3.19334	3.19334	1.59791	1.59791	0.53276	0.53276	2.13012	5.84022	3.72418	3.72418	3.72418	6.89264	16.5708	18.9859	9.50189	12.072	25.3719	14.5937	14.0936	14.0936	15.587	30.3625	31.538	17.059	16.5708	30.3625	16.0801	15.587	15.587	13.087	22.7064	10.5352	10.5352	16.5708	9.50189	3.19334	2.66196	2.66196	0.53276	4.25437	3.72418	3.72418	3.72418	4.78384	4.78384	2.13012	2.13012	1.59791	3.72418	2.13012	1.59791	1.59791	0	2.13012	4.25437	2.13012	4.25437	10.5352	6.36697	6.36697	6.36697	5.84022	10.5352	4.78384	5.31248	10.0193	9.50189	4.78384	4.78384	4.78384	9.50189	23.1583	14.5937	14.0936	24.053	18.5081	7.94041	7.41715	7.41715	5.31248	8.46234	3.19334	2.66196	2.66196	0	3.19334	6.89264	3.72418	3.19334	6.36697	3.19334	3.72418	5.84022	2.13012	1.06543	1.06543	1.06543	2.13012	1.06543	0	0.53276	0.53276	0	0	0	0.53276	0.53276	3.72418	2.66196	2.66196	5.31248	2.66196	2.66196	2.66196	2.13012	4.25437	2.13012	1.59791	3.19334	3.72418	2.13012	2.13012	2.13012	2.13012	4.78384	2.66196	3.72418	3.72418	7.41715	7.41715	4.78384	4.78384	4.25437	8.46234	4.25437	2.66196	2.66196	5.84022	5.84022	2.13012	2.13012	2.13012	3.19334	1.06543	0.53276	0.53276	0	0.53276	1.59791	1.06543	1.06543	2.66196	1.59791	1.59791	1.59791	1.59791	1.06543	0.53276	2.66196	5.31248	10.0193	7.41715	11.5615	11.5615	12.072	24.053	13.087	13.5914	13.5914	23.1583	23.1583	6.89264	6.89264	7.41715	10.5352	3.19334	0	0	0	3.19334	9.50189	6.36697	6.36697	10.0193	3.72418	1.59791	1.59791	2.13012	2.66196	4.78384	10.5352	20.4026	23.6072	14.0936	17.059	17.059	17.059	31.1494	16.5708	16.0801	29.9643	27.9247	13.5914	12.072	12.072	11.5615	21.3329	10.5352	9.50189	18.0277	8.98286	7.94041	13.5914	12.072	6.36697	3.72418	3.72418	0.53276	1.06543	0.53276	0.53276	0.53276	3.72418	3.72418	0.53276	0.53276	1.59791	2.66196	1.06543	1.06543	1.06543	1.59791	3.19334	2.66196	1.06543	0	0	0	0.53276	0.53276	0.53276	1.59791	1.06543	2.66196	5.84022	6.89264	3.72418	3.72418	3.72418	4.25437	8.46234	4.25437	3.19334	3.19334
8.46156	3.19305	3.19305	3.19305	1.59776	1.59776	0.532711	0.532711	2.12992	5.83968	3.72383	3.72383	3.72383	6.89201	16.5693	18.9842	9.50102	12.0709	25.3698	14.5924	14.0924	14.0924	15.5856	30.3602	31.5356	17.0575	16.5693	30.3602	16.0787	15.5856	15.5856	13.0858	22.7045	10.5342	10.5342	16.5693	9.50102	3.19305	2.66172	2.66172	0.532711	4.25398	3.72383	3.72383	3.72383	4.78339	4.78339	2.12992	2.12992	1.59776	3.72383	2.12992	1.59776	1.59776	0	2.12992	4.25398	2.12992	4.25398	10.5342	6.36638	6.36638	6.36638	5.83968	10.5342	4.78339	5.31199	10.0184	9.50102	4.78339	4.78339	4.78339	9.50102	23.1564	14.5924	14.0924	24.051	18.5065	7.93968	7.41647	7.41647	5.31199	8.46156	3.19305	2.66172	2.66172	0	3.19305	6.89201	3.72383	3.19305	6.36638	3.19305	3.72383	5.83968	2.12992	1.06533	1.06533	1.06533	2.12992	1.06533	0	0.532711	0.532711	0	0	0	0.532711	0.532711	3.72383	2.66172	2.66172	5.31199	2.66172	2.66172	2.66172	2.12992	4.25398	2.12992	1.59776	3.19305	3.72383	2.12992	2.12992	2.12992	2.12992	4.78339	2.66172	3.72383	3.72383	7.41647	7.41647	4.78339	4.78339	4.25398	8.46156	4.25398	2.66172	2.66172	5.83968	5.83968	2.12992	2.12992	2.12992	3.19305	1.06533	0.532711	0.532711	0	0.532711	1.59776	1.06533	1.06533	2.66172	1.59776	1.59776	1.59776	1.59776	1.06533	0.532711	2.66172	5.31199	10.0184	7.41647	11.5605	11.5605	12.0709	24.051	13.0858	13.5902	13.5902	23.1564	23.1564	6.89201	6.89201	7.41647	10.5342	3.19305	0	0	0	3.19305	9.50102	6.36638	6.36638	10.0184	3.72383	1.59776	1.59776	2.12992	2.66172	4.78339	10.5342	20.4008	23.6052	14.0924	17.0575	17.0575	17.0575	31.147	16.5693	16.0787	29.962	27.9225	13.5902	12.0709	12.0709	11.5605	21.3311	10.5342	9.50102	18.0261	8.98204	7.93968	13.5902	12.0709	6.36638	3.72383	3.72383	0.532711	1.06533	0.532711	0.532711	0.532711	3.72383	3.72383	0.532711	0.532711	1.59776	2.66172	1.06533	1.06533	1.06533	1.59776	3.19305	2.66172	1.06533	0	0	0	0.532711	0.532711	0.532711	1.59776	1.06533	2.66172	5.83968	6.89201	3.72383	3.72383	3.72383	4.25398	8.46156	4.25398	3.19305	3.19305
8.46079	3.19275	3.19275	3.19275	1.59762	1.59762	0.532661	0.532661	2.12973	5.83914	3.72349	3.72349	3.72349	6.89137	16.5679	18.9826	9.50015	12.0698	25.3677	14.5911	14.0911	14.0911	15.5843	30.3579	31.5333	17.056	16.5679	30.3579	16.0773	15.5843	15.5843	13.0846	22.7026	10.5332	10.5332	16.5679	9.50015	3.19275	2.66147	2.66147	0.532661	4.25358	3.72349	3.72349	3.72349	4.78295	4.78295	2.12973	2.12973	1.59762	3.72349	2.12973	1.59762	1.59762	0	2.12973	4.25358	2.12973	4.25358	10.5332	6.3658	6.3658	6.3658	5.83914	10.5332	4.78295	5.3115	10.0175	9.50015	4.78295	4.78295	4.78295	9.50015	23.1545	14.5911	14.0911	24.049	18.5049	7.93895	7.41579	7.41579	5.3115	8.46079	3.19275	2.66147	2.66147	0	3.19275	6.89137	3.72349	3.19275	6.3658	3.19275	3.72349	5.83914	2.12973	1.06523	1.06523	1.06523	2.12973	1.06523	0	0.532661	0.532661	0	0	0	0.532661	0.532661	3.72349	2.66147	2.66147	5.3115	2.66147	2.66147	2.66147	2.12973	4.25358	2.12973	1.59762	3.19275	3.72349	2.12973	2.12973	2.12973	2.12973	4.78295	2.66147	3.72349	3.72349	7.41579	7.41579	4.78295	4.78295	4.25358	8.46079	4.25358	2.66147	2.66147	5.83914	5.83914	2.12973	2.12973	2.12973	3.19275	1.06523	0.532661	0.532661	0	0.532661	1.59762	1.06523	1.06523	2.66147	1.59762	1.59762	1.59762	1.59762	1.06523	0.532661	2.66147	5.3115	10.0175	7.41579	11.5595	11.5595	12.0698	24.049	13.0846	13.5889	13.5889	23.1545	23.1545	6.89137	6.89137	7.41579	10.5332	3.19275	0	0	0	3.19275	9.50015	6.3658	6.3658	10.0175	3.72349	1.59762	1.59762	2.12973	2.66147	4.78295	10.5332	20.3991	23.6033	14.0911	17.056	17.056	17.056	31.1447	16.5679	16.0773	29.9597	27.9203	13.5889	12.0698	12.0698	11.5595	21.3293	10.5332	9.50015	18.0246	8.98122	7.93895	13.5889	12.0698	6.3658	3.72349	3.72349	0.532661	1.06523	0.532661	0.532661	0.532661	3.72349	3.72349	0.532661	0.532661	1.59762	2.66147	1.06523	1.06523	1.06523	1.59762	3.19275	2.66147	1.06523	0	0	0	0.532661	0.532661	0.532661	1.59762	1.06523	2.66147	5.83914	6.89137	3.72349	3.72349	3.72349	4.25358	8.46079	4.25358	3.19275	3.19275
8.45986	3.1924	3.1924	3.1924	1.59744	1.59744	0.532602	0.532602	2.12949	5.8385	3.72307	3.72307	3.72307	6.89061	16.5661	18.9806	9.49911	12.0685	25.3653	14.5896	14.0896	14.0896	15.5826	30.3551	31.5304	17.0542	16.5661	30.3551	16.0756	15.5826	15.5826	13.0832	22.7004	10.5321	10.5321	16.5661	9.49911	3.1924	2.66117	2.66117	0.532602	4.25311	3.72307	3.72307	3.72307	4.78242	4.78242	2.12949	2.12949	1.59744	3.72307	2.12949	1.59744	1.59744	0	2.12949	4.25311	2.12949	4.25311	10.5321	6.36509	6.36509	6.36509	5.8385	10.5321	4.78242	5.31091	10.0164	9.49911	4.78242	4.78242	4.78242	9.49911	23.1522	14.5896	14.0896	24.0466	18.503	7.93808	7.41497	7.41497	5.31091	8.45986	3.1924	2.66117	2.66117	0	3.1924	6.89061	3.72307	3.1924	6.36509	3.1924	3.72307	5.8385	2.12949	1.06511	1.06511	1.06511	2.12949	1.06511	0	0.532602	0.532602	0	0	0	0.532602	0.532602	3.72307	2.66117	2.66117	5.31091	2.66117	2.66117	2.66117	2.12949	4.25311	2.12949	1.59744	3.1924	3.72307	2.12949	2.12949	2.12949	2.12949	4.78242	2.66117	3.72307	3.72307	7.41497	7.41497	4.78242	4.78242	4.25311	8.45986	4.25311	2.66117	2.66117	5.8385	5.8385	2.12949	2.12949	2.12949	3.1924	1.06511	0.532602	0.532602	0	0.532602	1.59744	1.06511	1.06511	2.66117	1.59744	1.59744	1.59744	1.59744	1.06511	0.532602	2.66117	5.31091	10.0164	7.41497	11.5582	11.5582	12.0685	24.0466	13.0832	13.5875	13.5875	23.1522	23.1522	6.89061	6.89061	7.41497	10.5321	3.1924	0	0	0	3.1924	9.49911	6.36509	6.36509	10.0164	3.72307	1.59744	1.59744	2.12949	2.66117	4.78242	10.5321	20.397	23.6009	14.0896	17.0542	17.0542	17.0542	31.1419	16.5661	16.0756	29.9569	27.9177	13.5875	12.0685	12.0685	11.5582	21.3271	10.5321	9.49911	18.0227	8.98023	7.93808	13.5875	12.0685	6.36509	3.72307	3.72307	0.532602	1.06511	0.532602	0.532602	0.532602	3.72307	3.72307	0.532602	0.532602	1.59744	2.66117	1.06511	1.06511	1.06511	1.59744	3.1924	2.66117	1.06511	0	0	0	0.532602	0.532602	0.532602	1.59744	1.06511	2.66117	5.8385	6.89061	3.72307	3.72307	3.72307	4.25311	8.45986	4.25311	3.1924	3.1924
36.4079	35.2156	34.6801	34.1377	33.6255	32.9663	31.9155	31.0435	30.4327	29.6356	27.8551	26.816	25.7587	25.1994	27.5758	27.0246	18.9281	18.8989	28.5086	18.1311	17.1924	16.6867	17.3709	30.7835	31.7147	19.5844	19.6715	31.5144	23.0952	24.4391	26.0798	26.6591	32.3027	29.4405	30.3937	33.0931	32.3555	32.1917	32.4546	32.6434	32.4875	31.9495	31.1608	30.575	29.9821	29.1381	27.9149	26.6903	25.8351	25.0594	23.9402	22.3977	21.4695	20.7753	20.1635	19.8149	19.8483	19.5542	19.7578	21.4644	19.5796	19.3555	19.1311	18.9895	21.3482	21.4059	22.8375	25.5324	27.5748	28.4414	29.4522	30.444	32.4043	38.3811	39.6914	41.9193	46.1469	47.9423	48.588	49.3124	49.979	50.5088	51.3829	52.0279	52.4721	52.8637	53.0461	52.8196	52.0881	51.1609	50.7385	50.4918	50.0903	49.8807	49.8386	49.8616	50.1816	50.6143	51.093	51.8377	52.7191	53.3813	53.805	54.2656	54.6221	54.711	54.711	54.7558	54.622	53.8102	52.7118	51.8143	50.5291	49.2368	48.4896	47.7783	47.1037	46.3218	45.5852	45.5219	45.9538	46.547	46.9962	47.3649	47.7286	48.149	48.8772	49.3703	49.6121	49.7235	49.8426	49.7323	49.1615	48.3529	47.5677	46.5265	45.0939	44.1845	43.3518	41.8204	39.3721	37.1519	35.4223	33.6152	30.8522	28.0209	26.2319	24.493	22.8281	20.6176	17.6958	15.0835	13.3487	11.5606	8.87414	7.61978	6.3785	5.10872	3.40615	0.376587	2.641	5.92437	11.9467	14.4106	18.7142	21.3955	24.305	32.5643	33.1315	35.941	38.3806	43.2649	47.0961	48.2768	49.7607	51.2234	53.2632	54.8932	55.9228	56.9005	57.7911	58.934	60.1129	60.5388	60.7938	61.2208	61.411	61.5173	61.5777	61.6095	61.6122	61.6291	61.6447	61.7888	61.6848	60.9588	60.8925	60.7053	60.4899	61.1981	59.5902	59.1701	59.6933	58.463	56.0941	55.064	53.9141	52.6632	51.9951	48.3152	46.5979	45.5975	40.871	38.6092	37.2058	33.1211	28.4674	26.0434	24.111	21.7289	18.6849	14.9447	12.587	10.5446	7.73701	3.98357	0.842045	0.842045	2.82216	4.88743	5.0396	5.88895	6.65657	7.38656	8.57466	8.60873	8.12059	7.43337	5.93331	4.28592	3.06241	1.73552	0.376587	2.26627	4.91623	6.79116	9.41367	11.4069	11.1444	11.6272	11.6272	11.7263	13.5346	10.7165	9.69792	8.74737
36.2349	35.1814	34.6449	34.1015	33.6127	32.9571	31.9475	31.0456	30.5053	30.0856	28.0259	26.9981	25.9531	25.6055	29.3393	29.4108	20.0211	19.8734	30.3679	18.9261	18.0129	17.5369	17.5875	30.2055	30.2083	18.7964	18.3909	28.705	21.8761	23.3661	25.1135	26.0534	30.9366	29.1446	30.1144	32.5501	32.1737	32.1611	32.4398	32.6287	32.4851	31.8683	31.1089	30.5213	29.9266	29.0134	27.7809	26.6567	25.7998	25.0378	23.8261	22.3573	21.4431	20.7479	20.1736	19.8739	19.8466	19.5525	19.8078	21.6899	19.6549	19.432	19.2089	18.8587	20.6266	21.2058	22.6245	24.8914	27.0813	28.3239	29.3416	30.3396	32.0365	36.6388	39.1132	41.4635	45.0654	47.4437	48.5082	49.25	49.9196	50.4752	51.2953	52.0125	52.4611	52.8529	53.0435	52.805	52.0253	51.1395	50.7278	50.4561	50.0792	49.8677	49.836	49.8677	50.1925	50.6248	51.1081	51.8918	52.7569	53.387	53.81	54.2776	54.6208	54.7085	54.7085	54.753	54.6218	53.8077	52.7061	51.8084	50.5001	49.2246	48.4754	47.7635	47.093	46.2831	45.5736	45.5288	45.9881	46.597	47.0112	47.3795	47.7427	48.17	48.9561	49.3852	49.6161	49.7274	49.8282	49.7178	49.1236	48.3127	47.5341	46.386	45.0524	44.1662	43.3325	41.7438	39.2828	37.17	35.4429	33.6385	31.0516	28.1	26.3265	24.5986	22.9481	21.1676	18.538	15.4076	13.7216	12.9926	9.28849	8.10275	6.95241	6.01451	6.20859	1.88206	2.00067	4.95842	9.6918	13.5336	17.3267	20.2483	23.2494	29.5834	32.3894	35.3052	37.8359	41.8815	46.0469	48.1913	49.684	51.1442	53.1397	54.8907	55.9581	56.9326	57.8155	59.048	60.2118	60.5554	60.81	61.2681	61.4166	61.5161	61.5766	61.6073	61.61	61.6269	61.6619	61.8494	61.7565	60.9842	60.9239	60.7374	60.5351	61.3914	59.6519	59.261	60.0407	58.9134	56.251	55.277	54.1492	52.9153	53.045	48.6761	46.9429	47.1354	41.4579	39.0764	38.8935	34.8911	29.0542	26.459	24.5789	21.9901	20.052	15.4523	12.8364	10.8472	7.86924	4.24006	2.02694	2.02694	3.43163	6.36675	5.4662	6.13249	6.87199	7.53452	8.92723	8.60794	8.09431	7.58037	6.6428	4.54053	3.39034	2.26601	1.88206	4.23996	5.20687	6.52918	8.61392	10.7674	10.9418	11.6261	11.6261	11.8219	14.0329	10.9402	10.1365	9.23484
5.30944	1.59699	1.59699	1.59699	0.532454	1.06482	2.66043	1.06482	4.25193	10.5292	6.36333	6.36333	6.36333	10.0137	22.6947	25.7923	13.5838	15.0832	29.5486	16.5618	16.0713	16.0713	16.0713	29.144	28.3253	15.0832	13.0797	23.5951	11.5551	11.043	11.043	9.49651	17.0497	7.93589	7.93589	13.0797	7.41292	2.1289	2.1289	2.1289	0.532454	1.59699	2.1289	2.1289	2.1289	1.59699	1.59699	0	0	0	0.532454	0.532454	0	0	1.06482	3.19151	4.25193	2.1289	4.78109	11.5551	6.88871	6.88871	6.88871	4.78109	6.36333	1.59699	2.1289	4.25193	4.25193	2.1289	2.1289	2.1289	4.25193	10.5292	6.36333	6.36333	11.5551	9.49651	4.25193	4.25193	4.25193	2.66043	3.19151	0.532454	0.532454	0.532454	0	0.532454	1.06482	0.532454	2.1289	4.25193	2.1289	2.66043	5.83688	3.19151	3.19151	3.19151	3.72204	6.88871	5.83688	2.66043	2.66043	3.72204	1.06482	0	0	0	1.59699	3.72204	2.1289	2.1289	3.19151	1.06482	0.532454	0.532454	0.532454	0	0.532454	2.66043	5.30944	6.36333	3.72204	3.72204	3.72204	4.25193	8.45753	4.25193	4.25193	4.25193	6.88871	6.88871	1.06482	1.06482	1.06482	1.59699	0.532454	0.532454	0.532454	2.66043	2.66043	3.19151	3.19151	3.19151	6.88871	3.72204	3.72204	3.72204	3.72204	7.41292	8.45753	4.78109	4.78109	8.97777	4.25193	4.25193	4.25193	4.78109	7.41292	2.66043	1.06482	2.66043	0	1.59699	4.78109	4.78109	4.78109	9.49651	4.78109	5.83688	5.83688	7.93589	7.93589	0	0	0	3.19151	3.19151	6.36333	6.36333	5.83688	13.0797	15.5785	8.45753	8.45753	13.5838	5.30944	2.1289	2.1289	2.1289	2.66043	4.78109	12.0652	22.6947	25.7923	15.5785	18.4982	18.4982	18.9757	34.5166	18.9757	19.4505	35.2333	34.5166	18.4982	18.4982	18.4982	18.018	32.6696	17.5351	16.0713	30.3481	16.5618	14.0858	24.4833	22.24	11.5551	8.45753	8.45753	5.30944	11.043	5.83688	3.72204	3.72204	4.25193	4.25193	2.66043	2.66043	3.19151	6.36333	3.19151	2.66043	2.66043	2.66043	4.78109	2.66043	0.532454	2.1289	4.25193	2.1289	2.1289	2.1289	2.66043	5.30944	2.66043	0	2.1289	4.25193	2.1289	3.72204	3.72204	4.78109	10.0137	5.30944	5.30944	5.30944
5.30895	1.59684	1.59684	1.59684	0.532404	1.06472	2.66018	1.06472	4.25153	10.5283	6.36275	6.36275	6.36275	10.0128	22.6928	25.7902	13.5826	15.0819	29.5463	16.5603	16.0699	16.0699	16.0699	29.1418	28.323	15.0819	13.0785	23.5931	11.554	11.042	11.042	9.49565	17.0482	7.93516	7.93516	13.0785	7.41224	2.1287	2.1287	2.1287	0.532404	1.59684	2.1287	2.1287	2.1287	1.59684	1.59684	0	0	0	0.532404	0.532404	0	0	1.06472	3.19121	4.25153	2.1287	4.78065	11.554	6.88808	6.88808	6.88808	4.78065	6.36275	1.59684	2.1287	4.25153	4.25153	2.1287	2.1287	2.1287	4.25153	10.5283	6.36275	6.36275	11.554	9.49565	4.25153	4.25153	4.25153	2.66018	3.19121	0.532404	0.532404	0.532404	0	0.532404	1.06472	0.532404	2.1287	4.25153	2.1287	2.66018	5.83634	3.19121	3.19121	3.19121	3.72169	6.88808	5.83634	2.66018	2.66018	3.72169	1.06472	0	0	0	1.59684	3.72169	2.1287	2.1287	3.19121	1.06472	0.532404	0.532404	0.532404	0	0.532404	2.66018	5.30895	6.36275	3.72169	3.72169	3.72169	4.25153	8.45676	4.25153	4.25153	4.25153	6.88808	6.88808	1.06472	1.06472	1.06472	1.59684	0.532404	0.532404	0.532404	2.66018	2.66018	3.19121	3.19121	3.19121	6.88808	3.72169	3.72169	3.72169	3.72169	7.41224	8.45676	4.78065	4.78065	8.97695	4.25153	4.25153	4.25153	4.78065	7.41224	2.66018	1.06472	2.66018	0	1.59684	4.78065	4.78065	4.78065	9.49565	4.78065	5.83634	5.83634	7.93516	7.93516	0	0	0	3.19121	3.19121	6.36275	6.36275	5.83634	13.0785	15.5771	8.45676	8.45676	13.5826	5.30895	2.1287	2.1287	2.1287	2.66018	4.78065	12.0641	22.6928	25.7902	15.5771	18.4966	18.4966	18.9741	34.5141	18.9741	19.4488	35.2308	34.5141	18.4966	18.4966	18.4966	18.0164	32.6672	17.5336	16.0699	30.3458	16.5603	14.0846	24.4812	22.2381	11.554	8.45676	8.45676	5.30895	11.042	5.83634	3.72169	3.72169	4.25153	4.25153	2.66018	2.66018	3.19121	6.36275	3.19121	2.66018	2.66018	2.66018	4.78065	2.66018	0.532404	2.1287	4.25153	2.1287	2.1287	2.1287	2.66018	5.30895	2.66018	0	2.1287	4.25153	2.1287	3.72169	3.72169	4.78065	10.0128	5.30895	5.30895	5.30895
5.30846	1.5967	1.5967	1.5967	0.532355	1.06462	2.65994	1.06462	4.25114	10.5273	6.36216	6.36216	6.36216	10.0119	22.6909	25.7881	13.5814	15.0806	29.544	16.5589	16.0685	16.0685	16.0685	29.1395	28.3208	15.0806	13.0773	23.5912	11.553	11.041	11.041	9.49478	17.0467	7.93444	7.93444	13.0773	7.41156	2.1285	2.1285	2.1285	0.532355	1.5967	2.1285	2.1285	2.1285	1.5967	1.5967	0	0	0	0.532355	0.532355	0	0	1.06462	3.19092	4.25114	2.1285	4.78021	11.553	6.88744	6.88744	6.88744	4.78021	6.36216	1.5967	2.1285	4.25114	4.25114	2.1285	2.1285	2.1285	4.25114	10.5273	6.36216	6.36216	11.553	9.49478	4.25114	4.25114	4.25114	2.65994	3.19092	0.532355	0.532355	0.532355	0	0.532355	1.06462	0.532355	2.1285	4.25114	2.1285	2.65994	5.8358	3.19092	3.19092	3.19092	3.72135	6.88744	5.8358	2.65994	2.65994	3.72135	1.06462	0	0	0	1.5967	3.72135	2.1285	2.1285	3.19092	1.06462	0.532355	0.532355	0.532355	0	0.532355	2.65994	5.30846	6.36216	3.72135	3.72135	3.72135	4.25114	8.45598	4.25114	4.25114	4.25114	6.88744	6.88744	1.06462	1.06462	1.06462	1.5967	0.532355	0.532355	0.532355	2.65994	2.65994	3.19092	3.19092	3.19092	6.88744	3.72135	3.72135	3.72135	3.72135	7.41156	8.45598	4.78021	4.78021	8.97613	4.25114	4.25114	4.25114	4.78021	7.41156	2.65994	1.06462	2.65994	0	1.5967	4.78021	4.78021	4.78021	9.49478	4.78021	5.8358	5.8358	7.93444	7.93444	0	0	0	3.19092	3.19092	6.36216	6.36216	5.8358	13.0773	15.5757	8.45598	8.45598	13.5814	5.30846	2.1285	2.1285	2.1285	2.65994	4.78021	12.0631	22.6909	25.7881	15.5757	18.495	18.495	18.9724	34.5116	18.9724	19.4472	35.2283	34.5116	18.495	18.495	18.495	18.0149	32.6648	17.5321	16.0685	30.3435	16.5589	14.0833	24.4792	22.2363	11.553	8.45598	8.45598	5.30846	11.041	5.8358	3.72135	3.72135	4.25114	4.25114	2.65994	2.65994	3.19092	6.36216	3.19092	2.65994	2.65994	2.65994	4.78021	2.65994	0.532355	2.1285	4.25114	2.1285	2.1285	2.1285	2.65994	5.30846	2.65994	0	2.1285	4.25114	2.1285	3.72135	3.72135	4.78021	10.0119	5.30846	5.30846	5.30846
5.30797	1.59655	1.59655	1.59655	0.532305	1.06452	2.65969	1.06452	4.25075	10.5264	6.36157	6.36157	6.36157	10.011	22.689	25.7861	13.5802	15.0792	29.5418	16.5574	16.0671	16.0671	16.0671	29.1372	28.3186	15.0792	13.0762	23.5892	11.5519	11.04	11.04	9.49391	17.0453	7.93371	7.93371	13.0762	7.41088	2.1283	2.1283	2.1283	0.532305	1.59655	2.1283	2.1283	2.1283	1.59655	1.59655	0	0	0	0.532305	0.532305	0	0	1.06452	3.19062	4.25075	2.1283	4.77977	11.5519	6.88681	6.88681	6.88681	4.77977	6.36157	1.59655	2.1283	4.25075	4.25075	2.1283	2.1283	2.1283	4.25075	10.5264	6.36157	6.36157	11.5519	9.49391	4.25075	4.25075	4.25075	2.65969	3.19062	0.532305	0.532305	0.532305	0	0.532305	1.06452	0.532305	2.1283	4.25075	2.1283	2.65969	5.83527	3.19062	3.19062	3.19062	3.721	6.88681	5.83527	2.65969	2.65969	3.721	1.06452	0	0	0	1.59655	3.721	2.1283	2.1283	3.19062	1.06452	0.532305	0.532305	0.532305	0	0.532305	2.65969	5.30797	6.36157	3.721	3.721	3.721	4.25075	8.45521	4.25075	4.25075	4.25075	6.88681	6.88681	1.06452	1.06452	1.06452	1.59655	0.532305	0.532305	0.532305	2.65969	2.65969	3.19062	3.19062	3.19062	6.88681	3.721	3.721	3.721	3.721	7.41088	8.45521	4.77977	4.77977	8.97531	4.25075	4.25075	4.25075	4.77977	7.41088	2.65969	1.06452	2.65969	0	1.59655	4.77977	4.77977	4.77977	9.49391	4.77977	5.83527	5.83527	7.93371	7.93371	0	0	0	3.19062	3.19062	6.36157	6.36157	5.83527	13.0762	15.5743	8.45521	8.45521	13.5802	5.30797	2.1283	2.1283	2.1283	2.65969	4.77977	12.062	22.689	25.7861	15.5743	18.4934	18.4934	18.9708	34.5091	18.9708	19.4455	35.2258	34.5091	18.4934	18.4934	18.4934	18.0133	32.6624	17.5306	16.0671	30.3412	16.5574	14.0821	24.4772	22.2344	11.5519	8.45521	8.45521	5.30797	11.04	5.83527	3.721	3.721	4.25075	4.25075	2.65969	2.65969	3.19062	6.36157	3.19062	2.65969	2.65969	2.65969	4.77977	2.65969	0.532305	2.1283	4.25075	2.1283	2.1283	2.1283	2.65969	5.30797	2.65969	0	2.1283	4.25075	2.1283	3.721	3.721	4.77977	10.011	5.30797	5.30797	5.30797
5.30738	1.59637	1.59637	1.59637	0.532246	1.0644	2.65939	1.0644	4.25028	10.5252	6.36087	6.36087	6.36087	10.0099	22.6867	25.7836	13.5787	15.0776	29.539	16.5557	16.0654	16.0654	16.0654	29.1345	28.3159	15.0776	13.0747	23.5869	11.5507	11.0388	11.0388	9.49287	17.0435	7.93284	7.93284	13.0747	7.41006	2.12807	2.12807	2.12807	0.532246	1.59637	2.12807	2.12807	2.12807	1.59637	1.59637	0	0	0	0.532246	0.532246	0	0	1.0644	3.19027	4.25028	2.12807	4.77923	11.5507	6.88605	6.88605	6.88605	4.77923	6.36087	1.59637	2.12807	4.25028	4.25028	2.12807	2.12807	2.12807	4.25028	10.5252	6.36087	6.36087	11.5507	9.49287	4.25028	4.25028	4.25028	2.65939	3.19027	0.532246	0.532246	0.532246	0	0.532246	1.0644	0.532246	2.12807	4.25028	2.12807	2.65939	5.83462	3.19027	3.19027	3.19027	3.72059	6.88605	5.83462	2.65939	2.65939	3.72059	1.0644	0	0	0	1.59637	3.72059	2.12807	2.12807	3.19027	1.0644	0.532246	0.532246	0.532246	0	0.532246	2.65939	5.30738	6.36087	3.72059	3.72059	3.72059	4.25028	8.45428	4.25028	4.25028	4.25028	6.88605	6.88605	1.0644	1.0644	1.0644	1.59637	0.532246	0.532246	0.532246	2.65939	2.65939	3.19027	3.19027	3.19027	6.88605	3.72059	3.72059	3.72059	3.72059	7.41006	8.45428	4.77923	4.77923	8.97432	4.25028	4.25028	4.25028	4.77923	7.41006	2.65939	1.0644	2.65939	0	1.59637	4.77923	4.77923	4.77923	9.49287	4.77923	5.83462	5.83462	7.93284	7.93284	0	0	0	3.19027	3.19027	6.36087	6.36087	5.83462	13.0747	15.5727	8.45428	8.45428	13.5787	5.30738	2.12807	2.12807	2.12807	2.65939	4.77923	12.0607	22.6867	25.7836	15.5727	18.4915	18.4915	18.9688	34.5061	18.9688	19.4435	35.2228	34.5061	18.4915	18.4915	18.4915	18.0114	32.6595	17.5287	16.0654	30.3384	16.5557	14.0806	24.4748	22.2322	11.5507	8.45428	8.45428	5.30738	11.0388	5.83462	3.72059	3.72059	4.25028	4.25028	2.65939	2.65939	3.19027	6.36087	3.19027	2.65939	2.65939	2.65939	4.77923	2.65939	0.532246	2.12807	4.25028	2.12807	2.12807	2.12807	2.65939	5.30738	2.65939	0	2.12807	4.25028	2.12807	3.72059	3.72059	4.77923	10.0099	5.30738	5.30738	5.30738
5.30689	1.59622	1.59622	1.59622	0.532196	1.0643	2.65915	1.0643	4.24988	10.5243	6.36029	6.36029	6.36029	10.009	22.6848	25.7815	13.5775	15.0763	29.5367	16.5542	16.064	16.064	16.064	29.1323	28.3137	15.0763	13.0736	23.5849	11.5496	11.0378	11.0378	9.49201	17.042	7.93211	7.93211	13.0736	7.40938	2.12787	2.12787	2.12787	0.532196	1.59622	2.12787	2.12787	2.12787	1.59622	1.59622	0	0	0	0.532196	0.532196	0	0	1.0643	3.18997	4.24988	2.12787	4.77879	11.5496	6.88541	6.88541	6.88541	4.77879	6.36029	1.59622	2.12787	4.24988	4.24988	2.12787	2.12787	2.12787	4.24988	10.5243	6.36029	6.36029	11.5496	9.49201	4.24988	4.24988	4.24988	2.65915	3.18997	0.532196	0.532196	0.532196	0	0.532196	1.0643	0.532196	2.12787	4.24988	2.12787	2.65915	5.83408	3.18997	3.18997	3.18997	3.72024	6.88541	5.83408	2.65915	2.65915	3.72024	1.0643	0	0	0	1.59622	3.72024	2.12787	2.12787	3.18997	1.0643	0.532196	0.532196	0.532196	0	0.532196	2.65915	5.30689	6.36029	3.72024	3.72024	3.72024	4.24988	8.45351	4.24988	4.24988	4.24988	6.88541	6.88541	1.0643	1.0643	1.0643	1.59622	0.532196	0.532196	0.532196	2.65915	2.65915	3.18997	3.18997	3.18997	6.88541	3.72024	3.72024	3.72024	3.72024	7.40938	8.45351	4.77879	4.77879	8.9735	4.24988	4.24988	4.24988	4.77879	7.40938	2.65915	1.0643	2.65915	0	1.59622	4.77879	4.77879	4.77879	9.49201	4.77879	5.83408	5.83408	7.93211	7.93211	0	0	0	3.18997	3.18997	6.36029	6.36029	5.83408	13.0736	15.5713	8.45351	8.45351	13.5775	5.30689	2.12787	2.12787	2.12787	2.65915	4.77879	12.0596	22.6848	25.7815	15.5713	18.4899	18.4899	18.9672	34.5036	18.9672	19.4418	35.2203	34.5036	18.4899	18.4899	18.4899	18.0098	32.657	17.5272	16.064	30.3361	16.5542	14.0793	24.4728	22.2303	11.5496	8.45351	8.45351	5.30689	11.0378	5.83408	3.72024	3.72024	4.24988	4.24988	2.65915	2.65915	3.18997	6.36029	3.18997	2.65915	2.65915	2.65915	4.77879	2.65915	0.532196	2.12787	4.24988	2.12787	2.12787	2.12787	2.65915	5.30689	2.65915	0	2.12787	4.24988	2.12787	3.72024	3.72024	4.77879	10.009	5.30689	5.30689	5.30689
5.3064	1.59607	1.59607	1.59607	0.532147	1.0642	2.6589	1.0642	4.24949	10.5233	6.3597	6.3597	6.3597	10.008	22.6829	25.7794	13.5763	15.0749	29.5345	16.5528	16.0626	16.0626	16.0626	29.13	28.3115	15.0749	13.0724	23.583	11.5486	11.0368	11.0368	9.49114	17.0405	7.93138	7.93138	13.0724	7.4087	2.12767	2.12767	2.12767	0.532147	1.59607	2.12767	2.12767	2.12767	1.59607	1.59607	0	0	0	0.532147	0.532147	0	0	1.0642	3.18967	4.24949	2.12767	4.77835	11.5486	6.88478	6.88478	6.88478	4.77835	6.3597	1.59607	2.12767	4.24949	4.24949	2.12767	2.12767	2.12767	4.24949	10.5233	6.3597	6.3597	11.5486	9.49114	4.24949	4.24949	4.24949	2.6589	3.18967	0.532147	0.532147	0.532147	0	0.532147	1.0642	0.532147	2.12767	4.24949	2.12767	2.6589	5.83354	3.18967	3.18967	3.18967	3.7199	6.88478	5.83354	2.6589	2.6589	3.7199	1.0642	0	0	0	1.59607	3.7199	2.12767	2.12767	3.18967	1.0642	0.532147	0.532147	0.532147	0	0.532147	2.6589	5.3064	6.3597	3.7199	3.7199	3.7199	4.24949	8.45273	4.24949	4.24949	4.24949	6.88478	6.88478	1.0642	1.0642	1.0642	1.59607	0.532147	0.532147	0.532147	2.6589	2.6589	3.18967	3.18967	3.18967	6.88478	3.7199	3.7199	3.7199	3.7199	7.4087	8.45273	4.77835	4.77835	8.97268	4.24949	4.24949	4.24949	4.77835	7.4087	2.6589	1.0642	2.6589	0	1.59607	4.77835	4.77835	4.77835	9.49114	4.77835	5.83354	5.83354	7.93138	7.93138	0	0	0	3.18967	3.18967	6.3597	6.3597	5.83354	13.0724	15.5699	8.45273	8.45273	13.5763	5.3064	2.12767	2.12767	2.12767	2.6589	4.77835	12.0585	22.6829	25.7794	15.5699	18.4883	18.4883	18.9656	34.5012	18.9656	19.4401	35.2178	34.5012	18.4883	18.4883	18.4883	18.0083	32.6546	17.5257	16.0626	30.3337	16.5528	14.0781	24.4708	22.2284	11.5486	8.45273	8.45273	5.3064	11.0368	5.83354	3.7199	3.7199	4.24949	4.24949	2.6589	2.6589	3.18967	6.3597	3.18967	2.6589	2.6589	2.6589	4.77835	2.6589	0.532147	2.12767	4.24949	2.12767	2.12767	2.12767	2.6589	5.3064	2.6589	0	2.12767	4.24949	2.12767	3.7199	3.7199	4.77835	10.008	5.3064	5.3064	5.3064
5.30591	1.59593	1.59593	1.59593	0.532098	1.0641	2.65865	1.0641	4.2491	10.5223	6.35911	6.35911	6.35911	10.0071	22.681	25.7773	13.5751	15.0736	29.5322	16.5513	16.0611	16.0611	16.0611	29.1277	28.3093	15.0736	13.0712	23.581	11.5475	11.0358	11.0358	9.49028	17.039	7.93065	7.93065	13.0712	7.40802	2.12747	2.12747	2.12747	0.532098	1.59593	2.12747	2.12747	2.12747	1.59593	1.59593	0	0	0	0.532098	0.532098	0	0	1.0641	3.18938	4.2491	2.12747	4.77791	11.5475	6.88415	6.88415	6.88415	4.77791	6.35911	1.59593	2.12747	4.2491	4.2491	2.12747	2.12747	2.12747	4.2491	10.5223	6.35911	6.35911	11.5475	9.49028	4.2491	4.2491	4.2491	2.65865	3.18938	0.532098	0.532098	0.532098	0	0.532098	1.0641	0.532098	2.12747	4.2491	2.12747	2.65865	5.83301	3.18938	3.18938	3.18938	3.71956	6.88415	5.83301	2.65865	2.65865	3.71956	1.0641	0	0	0	1.59593	3.71956	2.12747	2.12747	3.18938	1.0641	0.532098	0.532098	0.532098	0	0.532098	2.65865	5.30591	6.35911	3.71956	3.71956	3.71956	4.2491	8.45196	4.2491	4.2491	4.2491	6.88415	6.88415	1.0641	1.0641	1.0641	1.59593	0.532098	0.532098	0.532098	2.65865	2.65865	3.18938	3.18938	3.18938	6.88415	3.71956	3.71956	3.71956	3.71956	7.40802	8.45196	4.77791	4.77791	8.97186	4.2491	4.2491	4.2491	4.77791	7.40802	2.65865	1.0641	2.65865	0	1.59593	4.77791	4.77791	4.77791	9.49028	4.77791	5.83301	5.83301	7.93065	7.93065	0	0	0	3.18938	3.18938	6.35911	6.35911	5.83301	13.0712	15.5686	8.45196	8.45196	13.5751	5.30591	2.12747	2.12747	2.12747	2.65865	4.77791	12.0574	22.681	25.7773	15.5686	18.4867	18.4867	18.9639	34.4987	18.9639	19.4385	35.2153	34.4987	18.4867	18.4867	18.4867	18.0067	32.6522	17.5241	16.0611	30.3314	16.5513	14.0768	24.4688	22.2266	11.5475	8.45196	8.45196	5.30591	11.0358	5.83301	3.71956	3.71956	4.2491	4.2491	2.65865	2.65865	3.18938	6.35911	3.18938	2.65865	2.65865	2.65865	4.77791	2.65865	0.532098	2.12747	4.2491	2.12747	2.12747	2.12747	2.65865	5.30591	2.65865	0	2.12747	4.2491	2.12747	3.71956	3.71956	4.77791	10.0071	5.30591	5.30591	5.30591
5.30542	1.59578	1.59578	1.59578	0.532048	1.064	2.65841	1.064	4.2487	10.5214	6.35853	6.35853	6.35853	10.0062	22.6792	25.7752	13.5739	15.0723	29.5299	16.5499	16.0597	16.0597	16.0597	29.1255	28.307	15.0723	13.0701	23.5791	11.5465	11.0348	11.0348	9.48941	17.0375	7.92993	7.92993	13.0701	7.40734	2.12728	2.12728	2.12728	0.532048	1.59578	2.12728	2.12728	2.12728	1.59578	1.59578	0	0	0	0.532048	0.532048	0	0	1.064	3.18908	4.2487	2.12728	4.77747	11.5465	6.88351	6.88351	6.88351	4.77747	6.35853	1.59578	2.12728	4.2487	4.2487	2.12728	2.12728	2.12728	4.2487	10.5214	6.35853	6.35853	11.5465	9.48941	4.2487	4.2487	4.2487	2.65841	3.18908	0.532048	0.532048	0.532048	0	0.532048	1.064	0.532048	2.12728	4.2487	2.12728	2.65841	5.83247	3.18908	3.18908	3.18908	3.71921	6.88351	5.83247	2.65841	2.65841	3.71921	1.064	0	0	0	1.59578	3.71921	2.12728	2.12728	3.18908	1.064	0.532048	0.532048	0.532048	0	0.532048	2.65841	5.30542	6.35853	3.71921	3.71921	3.71921	4.2487	8.45119	4.2487	4.2487	4.2487	6.88351	6.88351	1.064	1.064	1.064	1.59578	0.532048	0.532048	0.532048	2.65841	2.65841	3.18908	3.18908	3.18908	6.88351	3.71921	3.71921	3.71921	3.71921	7.40734	8.45119	4.77747	4.77747	8.97104	4.2487	4.2487	4.2487	4.77747	7.40734	2.65841	1.064	2.65841	0	1.59578	4.77747	4.77747	4.77747	9.48941	4.77747	5.83247	5.83247	7.92993	7.92993	0	0	0	3.18908	3.18908	6.35853	6.35853	5.83247	13.0701	15.5672	8.45119	8.45119	13.5739	5.30542	2.12728	2.12728	2.12728	2.65841	4.77747	12.0563	22.6792	25.7752	15.5672	18.4851	18.4851	18.9623	34.4962	18.9623	19.4368	35.2127	34.4962	18.4851	18.4851	18.4851	18.0051	32.6498	17.5226	16.0597	30.3291	16.5499	14.0755	24.4668	22.2247	11.5465	8.45119	8.45119	5.30542	11.0348	5.83247	3.71921	3.71921	4.2487	4.2487	2.65841	2.65841	3.18908	6.35853	3.18908	2.65841	2.65841	2.65841	4.77747	2.65841	0.532048	2.12728	4.2487	2.12728	2.12728	2.12728	2.65841	5.30542	2.65841	0	2.12728	4.2487	2.12728	3.71921	3.71921	4.77747	10.0062	5.30542	5.30542	5.30542
5.30493	1.59563	1.59563	1.59563	0.531999	1.06391	2.65816	1.06391	4.24831	10.5204	6.35794	6.35794	6.35794	10.0053	22.6773	25.7731	13.5727	15.0709	29.5276	16.5484	16.0583	16.0583	16.0583	29.1232	28.3048	15.0709	13.0689	23.5771	11.5455	11.0338	11.0338	9.48855	17.036	7.9292	7.9292	13.0689	7.40666	2.12708	2.12708	2.12708	0.531999	1.59563	2.12708	2.12708	2.12708	1.59563	1.59563	0	0	0	0.531999	0.531999	0	0	1.06391	3.18879	4.24831	2.12708	4.77703	11.5455	6.88288	6.88288	6.88288	4.77703	6.35794	1.59563	2.12708	4.24831	4.24831	2.12708	2.12708	2.12708	4.24831	10.5204	6.35794	6.35794	11.5455	9.48855	4.24831	4.24831	4.24831	2.65816	3.18879	0.531999	0.531999	0.531999	0	0.531999	1.06391	0.531999	2.12708	4.24831	2.12708	2.65816	5.83193	3.18879	3.18879	3.18879	3.71887	6.88288	5.83193	2.65816	2.65816	3.71887	1.06391	0	0	0	1.59563	3.71887	2.12708	2.12708	3.18879	1.06391	0.531999	0.531999	0.531999	0	0.531999	2.65816	5.30493	6.35794	3.71887	3.71887	3.71887	4.24831	8.45041	4.24831	4.24831	4.24831	6.88288	6.88288	1.06391	1.06391	1.06391	1.59563	0.531999	0.531999	0.531999	2.65816	2.65816	3.18879	3.18879	3.18879	6.88288	3.71887	3.71887	3.71887	3.71887	7.40666	8.45041	4.77703	4.77703	8.97022	4.24831	4.24831	4.24831	4.77703	7.40666	2.65816	1.06391	2.65816	0	1.59563	4.77703	4.77703	4.77703	9.48855	4.77703	5.83193	5.83193	7.9292	7.9292	0	0	0	3.18879	3.18879	6.35794	6.35794	5.83193	13.0689	15.5658	8.45041	8.45041	13.5727	5.30493	2.12708	2.12708	2.12708	2.65816	4.77703	12.0552	22.6773	25.7731	15.5658	18.4835	18.4835	18.9607	34.4937	18.9607	19.4351	35.2102	34.4937	18.4835	18.4835	18.4835	18.0036	32.6474	17.5211	16.0583	30.3268	16.5484	14.0743	24.4648	22.2228	11.5455	8.45041	8.45041	5.30493	11.0338	5.83193	3.71887	3.71887	4.24831	4.24831	2.65816	2.65816	3.18879	6.35794	3.18879	2.65816	2.65816	2.65816	4.77703	2.65816	0.531999	2.12708	4.24831	2.12708	2.12708	2.12708	2.65816	5.30493	2.65816	0	2.12708	4.24831	2.12708	3.71887	3.71887	4.77703	10.0053	5.30493	5.30493	5.30493
5.30444	1.59548	1.59548	1.59548	0.531949	1.06381	2.65791	1.06381	4.24792	10.5195	6.35736	6.35736	6.35736	10.0044	22.6754	25.7711	13.5714	15.0696	29.5253	16.547	16.0569	16.0569	16.0569	29.121	28.3026	15.0696	13.0677	23.5752	11.5444	11.0328	11.0328	9.48768	17.0345	7.92847	7.92847	13.0677	7.40598	2.12688	2.12688	2.12688	0.531949	1.59548	2.12688	2.12688	2.12688	1.59548	1.59548	0	0	0	0.531949	0.531949	0	0	1.06381	3.18849	4.24792	2.12688	4.77658	11.5444	6.88225	6.88225	6.88225	4.77658	6.35736	1.59548	2.12688	4.24792	4.24792	2.12688	2.12688	2.12688	4.24792	10.5195	6.35736	6.35736	11.5444	9.48768	4.24792	4.24792	4.24792	2.65791	3.18849	0.531949	0.531949	0.531949	0	0.531949	1.06381	0.531949	2.12688	4.24792	2.12688	2.65791	5.83139	3.18849	3.18849	3.18849	3.71852	6.88225	5.83139	2.65791	2.65791	3.71852	1.06381	0	0	0	1.59548	3.71852	2.12688	2.12688	3.18849	1.06381	0.531949	0.531949	0.531949	0	0.531949	2.65791	5.30444	6.35736	3.71852	3.71852	3.71852	4.24792	8.44964	4.24792	4.24792	4.24792	6.88225	6.88225	1.06381	1.06381	1.06381	1.59548	0.531949	0.531949	0.531949	2.65791	2.65791	3.18849	3.18849	3.18849	6.88225	3.71852	3.71852	3.71852	3.71852	7.40598	8.44964	4.77658	4.77658	8.9694	4.24792	4.24792	4.24792	4.77658	7.40598	2.65791	1.06381	2.65791	0	1.59548	4.77658	4.77658	4.77658	9.48768	4.77658	5.83139	5.83139	7.92847	7.92847	0	0	0	3.18849	3.18849	6.35736	6.35736	5.83139	13.0677	15.5644	8.44964	8.44964	13.5714	5.30444	2.12688	2.12688	2.12688	2.65791	4.77658	12.0541	22.6754	25.7711	15.5644	18.4819	18.4819	18.959	34.4912	18.959	19.4335	35.2077	34.4912	18.4819	18.4819	18.4819	18.002	32.645	17.5196	16.0569	30.3245	16.547	14.073	24.4628	22.221	11.5444	8.44964	8.44964	5.30444	11.0328	5.83139	3.71852	3.71852	4.24792	4.24792	2.65791	2.65791	3.18849	6.35736	3.18849	2.65791	2.65791	2.65791	4.77658	2.65791	0.531949	2.12688	4.24792	2.12688	2.12688	2.12688	2.65791	5.30444	2.65791	0	2.12688	4.24792	2.12688	3.71852	3.71852	4.77658	10.0044	5.30444	5.30444	5.30444
30.2415	29.0352	28.4221	27.8019	27.1554	26.3489	25.4895	24.7093	24.6566	25.7971	24.0861	23.6569	23.2255	24.0451	30.4372	32.771	27.1951	28.4165	36.6934	32.2561	33.4098	34.5811	35.8754	42.0668	44.4282	43.8933	44.9916	48.0394	48.1791	49.0781	49.8551	50.3814	51.4221	51.1163	51.2664	51.6438	50.8391	49.8351	49.1084	48.2985	47.2574	44.9587	42.0046	39.4871	36.6878	32.8648	27.7243	23.6167	20.89	18.0628	13.9476	8.86327	5.36962	2.28664	2.65767	6.0076	7.7005	7.44512	7.3492	8.54774	5.85772	9.27057	13.2236	16.4358	20.4269	23.2456	24.8136	27.2239	30.2809	32.3738	33.6817	34.951	36.4159	39.1168	41.1055	42.6392	45.0362	47.2602	48.5935	49.453	50.2264	50.8499	51.4802	51.9265	52.1278	52.2779	52.2775	52.1278	51.8256	51.5182	51.214	50.6574	50.0932	49.7119	49.2173	48.704	48.7762	49.1198	49.4122	49.9294	50.6032	51.1852	51.6479	52.3913	53.1161	53.6296	54.0921	54.5445	55.1609	55.7766	56.0174	56.1002	56.1528	56.0956	55.9283	55.6763	55.4633	55.2475	55.0739	54.954	54.7247	54.3914	54.0714	53.8876	53.7022	53.5242	53.2996	52.8058	52.4091	51.9092	51.2448	50.2906	49.362	48.6757	47.9103	46.6873	45.4719	44.6181	43.6596	42.3253	40.3852	38.7252	37.4125	36.0528	34.6173	32.2773	31.2158	30.2415	29.2481	28.598	27.5953	26.5236	26.5236	27.3273	26.4561	26.6361	27.0555	27.5317	28.3385	27.9782	27.6028	26.9777	25.5705	23.9155	22.2121	19.9252	17.4375	14.3798	9.01452	6.41136	4.19758	6.02207	11.3401	14.8749	17.3216	19.7069	23.4379	26.0331	27.9364	29.1347	30.4608	33.7465	35.0525	33.3983	33.1056	33.5808	31.5693	30.7454	29.9541	29.2565	28.4508	27.7192	28.963	33.4017	34.9634	29.8343	31.0699	31.0699	31.2879	40.4143	30.9203	30.8157	40.4053	39.4317	27.6059	26.833	26.2152	25.2984	36.0255	22.752	20.9457	32.6231	19.7092	17.1367	26.2575	23.8135	12.914	9.75746	9.36546	6.26013	12.833	7.98837	7.92788	9.67197	13.2682	17.0822	18.9933	20.3876	21.7017	23.9828	24.6804	25.4895	26.3444	26.9555	27.9605	28.6329	29.0233	29.1736	29.3347	29.1736	29.0794	28.8763	28.6129	28.3225	27.3745	26.7347	25.7957	24.6505	23.5127	22.9813	22.3083	22.0538	22.9292	21.1169	20.9463	20.9463
30.0947	29.0177	28.404	27.7832	27.159	26.4366	25.6051	24.7338	24.6923	26.0599	24.2034	23.7774	23.3494	23.9575	30.0222	32.0834	26.9112	27.9399	35.1061	31.6148	32.8975	34.1045	35.2793	40.3449	42.9827	43.542	44.7592	47.3403	48.0209	48.9625	49.746	50.3254	51.3022	51.1024	51.2421	51.6604	50.9693	49.8689	49.1538	48.3468	47.3177	45.2744	42.0985	39.6205	36.8474	33.5488	28.6524	23.9525	21.2894	18.5455	16.7649	10.2522	7.48824	5.72152	4.53472	8.15821	8.58721	7.74458	6.55035	2.63748	3.58799	8.05878	12.434	16.1818	20.1905	23.2606	24.7961	27.1932	30.255	32.3617	33.6703	34.9402	36.3449	38.7453	40.99	42.5324	44.7349	47.0868	48.5604	49.4222	50.1972	50.8373	51.4643	51.9239	52.1253	52.275	52.2753	52.1253	51.8231	51.5156	51.2051	50.6291	50.0842	49.6987	49.171	48.6919	48.7947	49.1378	49.4239	49.9933	50.6983	51.2118	51.6663	52.4735	53.1335	53.6351	54.0973	54.5494	55.166	55.7622	56.0131	56.096	56.1504	56.0944	55.9298	55.6778	55.463	55.2475	55.0711	54.9469	54.7035	54.3649	54.0615	53.8776	53.6921	53.5126	53.2526	52.7899	52.3871	51.8864	51.1826	50.2238	49.3647	48.6787	47.9182	46.7343	45.4836	44.6553	43.6996	42.5426	40.6323	38.8718	37.572	36.2267	35.2793	32.4417	31.3544	30.3886	29.4044	29.0909	27.7867	26.5215	26.5215	27.3252	26.454	26.5788	26.9996	27.4698	28.2438	27.976	27.6395	27.0831	25.7022	23.9298	22.0015	19.6807	17.1577	12.9453	8.4484	5.04681	1.35579	4.33314	10.5708	15.3004	17.6762	20.0075	24.6805	26.3543	28.258	29.4339	30.8286	34.4931	35.1218	33.3553	33.0233	33.3287	31.5143	30.7185	29.926	29.229	28.6167	27.8326	28.9608	33.5175	35.0849	29.832	31.0675	31.0675	31.2855	40.6617	31.1469	31.1712	41.1798	40.5082	28.3024	27.4112	26.8152	26.0777	37.5874	23.6383	21.669	34.0253	20.5159	17.7466	27.6716	25.5158	13.8553	10.9649	10.6213	8.08394	16.0429	9.31904	9.32648	10.8339	15.771	19.0018	19.2963	20.6634	21.9258	24.6544	24.8197	25.6051	26.454	26.9996	28.1656	28.728	29.0262	29.1714	29.3324	29.1714	29.0924	28.8895	28.6525	28.4898	27.4174	26.7501	25.7688	24.5146	23.4749	22.8978	22.2212	22.0074	22.6653	21.0147	20.9445	20.9445
1.59501	0	0	0	1.06349	3.71742	4.77517	2.12625	4.77517	12.0507	7.40381	7.40381	7.40381	9.48492	21.2976	23.5689	12.0507	12.5583	24.0142	12.5583	12.5583	12.5583	11.0296	19.4281	17.997	9.48492	8.44717	15.0653	6.88022	7.40381	7.40381	7.40381	14.5683	7.40381	6.88022	13.5676	12.0507	5.30287	5.82967	5.82967	5.82967	12.0507	6.35548	6.88022	6.88022	12.0507	12.0507	6.35548	6.35548	6.35548	13.5676	7.40381	7.40381	7.40381	5.30287	8.44717	6.88022	3.71742	0.531791	1.59501	2.12625	2.12625	2.12625	2.12625	4.24666	2.12625	1.59501	3.71742	3.71742	1.59501	1.59501	1.59501	0.531791	0.531791	1.06349	0.531791	1.06349	0.531791	0	0.531791	0.531791	0	0.531791	0.531791	0.531791	0	0.531791	0.531791	1.06349	0.531791	0	0.531791	0.531791	0.531791	2.65713	2.12625	4.77517	4.77517	4.77517	9.48492	10.0015	5.30287	4.77517	8.96678	4.24666	2.65713	2.65713	2.65713	3.18755	1.06349	1.59501	1.59501	3.18755	1.59501	2.12625	2.12625	1.59501	1.59501	0	1.59501	3.18755	4.24666	2.65713	2.65713	2.65713	3.18755	5.82967	2.65713	1.59501	1.59501	2.12625	2.12625	2.12625	2.12625	2.65713	5.30287	2.65713	4.24666	4.24666	9.48492	9.48492	7.40381	7.40381	7.40381	14.069	6.88022	6.35548	6.35548	6.35548	11.5411	10.0015	4.77517	4.77517	8.96678	4.24666	3.18755	3.18755	3.71742	6.35548	2.65713	2.65713	4.77517	4.24666	2.12625	0.531791	0.531791	1.06349	2.65713	1.59501	1.59501	1.59501	5.30287	5.30287	5.30287	5.30287	5.30287	12.5583	7.40381	9.48492	9.48492	10.0015	17.997	16.0524	7.92615	7.40381	11.5411	4.24666	0	0	0.531791	5.82967	6.35548	12.0507	23.1206	26.1941	15.56	18.4767	18.4767	18.9538	35.1997	19.8997	20.8345	37.275	37.275	20.8345	20.3685	20.3685	20.3685	36.2511	19.8997	17.997	33.3851	18.4767	15.56	27.4645	25.7644	13.5676	11.0296	11.0296	8.96678	17.5147	8.96678	7.92615	7.92615	13.064	13.064	5.82967	5.82967	5.82967	11.0296	5.30287	4.77517	4.77517	3.71742	7.40381	4.77517	1.06349	2.12625	4.24666	2.12625	2.65713	2.65713	3.71742	7.40381	3.71742	1.59501	1.06349	1.06349	0.531791	2.12625	2.12625	4.24666	8.44717	4.24666	5.30287	5.30287
1.59486	0	0	0	1.06339	3.71708	4.77473	2.12605	4.77473	12.0496	7.40313	7.40313	7.40313	9.48405	21.2958	23.567	12.0496	12.5572	24.0122	12.5572	12.5572	12.5572	11.0286	19.4265	17.9955	9.48405	8.44639	15.064	6.87959	7.40313	7.40313	7.40313	14.567	7.40313	6.87959	13.5663	12.0496	5.30238	5.82913	5.82913	5.82913	12.0496	6.3549	6.87959	6.87959	12.0496	12.0496	6.3549	6.3549	6.3549	13.5663	7.40313	7.40313	7.40313	5.30238	8.44639	6.87959	3.71708	0.531742	1.59486	2.12605	2.12605	2.12605	2.12605	4.24627	2.12605	1.59486	3.71708	3.71708	1.59486	1.59486	1.59486	0.531742	0.531742	1.06339	0.531742	1.06339	0.531742	0	0.531742	0.531742	0	0.531742	0.531742	0.531742	0	0.531742	0.531742	1.06339	0.531742	0	0.531742	0.531742	0.531742	2.65688	2.12605	4.77473	4.77473	4.77473	9.48405	10.0006	5.30238	4.77473	8.96596	4.24627	2.65688	2.65688	2.65688	3.18725	1.06339	1.59486	1.59486	3.18725	1.59486	2.12605	2.12605	1.59486	1.59486	0	1.59486	3.18725	4.24627	2.65688	2.65688	2.65688	3.18725	5.82913	2.65688	1.59486	1.59486	2.12605	2.12605	2.12605	2.12605	2.65688	5.30238	2.65688	4.24627	4.24627	9.48405	9.48405	7.40313	7.40313	7.40313	14.0678	6.87959	6.3549	6.3549	6.3549	11.54	10.0006	4.77473	4.77473	8.96596	4.24627	3.18725	3.18725	3.71708	6.3549	2.65688	2.65688	4.77473	4.24627	2.12605	0.531742	0.531742	1.06339	2.65688	1.59486	1.59486	1.59486	5.30238	5.30238	5.30238	5.30238	5.30238	12.5572	7.40313	9.48405	9.48405	10.0006	17.9955	16.051	7.92542	7.40313	11.54	4.24627	0	0	0.531742	5.82913	6.3549	12.0496	23.1187	26.192	15.5587	18.4751	18.4751	18.9522	35.1972	19.898	20.8327	37.2724	37.2724	20.8327	20.3668	20.3668	20.3668	36.2486	19.898	17.9955	33.3827	18.4751	15.5587	27.4623	25.7623	13.5663	11.0286	11.0286	8.96596	17.5131	8.96596	7.92542	7.92542	13.0628	13.0628	5.82913	5.82913	5.82913	11.0286	5.30238	4.77473	4.77473	3.71708	7.40313	4.77473	1.06339	2.12605	4.24627	2.12605	2.65688	2.65688	3.71708	7.40313	3.71708	1.59486	1.06339	1.06339	0.531742	2.12605	2.12605	4.24627	8.44639	4.24627	5.30238	5.30238
1.59471	0	0	0	1.06329	3.71673	4.77429	2.12586	4.77429	12.0485	7.40245	7.40245	7.40245	9.48319	21.294	23.565	12.0485	12.5561	24.0102	12.5561	12.5561	12.5561	11.0276	19.4248	17.9939	9.48319	8.44562	15.0627	6.87896	7.40245	7.40245	7.40245	14.5657	7.40245	6.87896	13.5651	12.0485	5.30189	5.8286	5.8286	5.8286	12.0485	6.35431	6.87896	6.87896	12.0485	12.0485	6.35431	6.35431	6.35431	13.5651	7.40245	7.40245	7.40245	5.30189	8.44562	6.87896	3.71673	0.531693	1.59471	2.12586	2.12586	2.12586	2.12586	4.24587	2.12586	1.59471	3.71673	3.71673	1.59471	1.59471	1.59471	0.531693	0.531693	1.06329	0.531693	1.06329	0.531693	0	0.531693	0.531693	0	0.531693	0.531693	0.531693	0	0.531693	0.531693	1.06329	0.531693	0	0.531693	0.531693	0.531693	2.65663	2.12586	4.77429	4.77429	4.77429	9.48319	9.99967	5.30189	4.77429	8.96515	4.24587	2.65663	2.65663	2.65663	3.18696	1.06329	1.59471	1.59471	3.18696	1.59471	2.12586	2.12586	1.59471	1.59471	0	1.59471	3.18696	4.24587	2.65663	2.65663	2.65663	3.18696	5.8286	2.65663	1.59471	1.59471	2.12586	2.12586	2.12586	2.12586	2.65663	5.30189	2.65663	4.24587	4.24587	9.48319	9.48319	7.40245	7.40245	7.40245	14.0665	6.87896	6.35431	6.35431	6.35431	11.539	9.99967	4.77429	4.77429	8.96515	4.24587	3.18696	3.18696	3.71673	6.35431	2.65663	2.65663	4.77429	4.24587	2.12586	0.531693	0.531693	1.06329	2.65663	1.59471	1.59471	1.59471	5.30189	5.30189	5.30189	5.30189	5.30189	12.5561	7.40245	9.48319	9.48319	9.99967	17.9939	16.0496	7.9247	7.40245	11.539	4.24587	0	0	0.531693	5.8286	6.35431	12.0485	23.1168	26.1899	15.5573	18.4735	18.4735	18.9505	35.1947	19.8963	20.8309	37.2698	37.2698	20.8309	20.365	20.365	20.365	36.246	19.8963	17.9939	33.3802	18.4735	15.5573	27.4601	25.7602	13.5651	11.0276	11.0276	8.96515	17.5116	8.96515	7.9247	7.9247	13.0616	13.0616	5.8286	5.8286	5.8286	11.0276	5.30189	4.77429	4.77429	3.71673	7.40245	4.77429	1.06329	2.12586	4.24587	2.12586	2.65663	2.65663	3.71673	7.40245	3.71673	1.59471	1.06329	1.06329	0.531693	2.12586	2.12586	4.24587	8.44562	4.24587	5.30189	5.30189
1.59456	0	0	0	1.0632	3.71639	4.77385	2.12566	4.77385	12.0474	7.40177	7.40177	7.40177	9.48232	21.2922	23.5631	12.0474	12.5549	24.0083	12.5549	12.5549	12.5549	11.0266	19.4231	17.9923	9.48232	8.44485	15.0613	6.87833	7.40177	7.40177	7.40177	14.5644	7.40177	6.87833	13.5639	12.0474	5.3014	5.82806	5.82806	5.82806	12.0474	6.35373	6.87833	6.87833	12.0474	12.0474	6.35373	6.35373	6.35373	13.5639	7.40177	7.40177	7.40177	5.3014	8.44485	6.87833	3.71639	0.531643	1.59456	2.12566	2.12566	2.12566	2.12566	4.24548	2.12566	1.59456	3.71639	3.71639	1.59456	1.59456	1.59456	0.531643	0.531643	1.0632	0.531643	1.0632	0.531643	0	0.531643	0.531643	0	0.531643	0.531643	0.531643	0	0.531643	0.531643	1.0632	0.531643	0	0.531643	0.531643	0.531643	2.65639	2.12566	4.77385	4.77385	4.77385	9.48232	9.99876	5.3014	4.77385	8.96433	4.24548	2.65639	2.65639	2.65639	3.18666	1.0632	1.59456	1.59456	3.18666	1.59456	2.12566	2.12566	1.59456	1.59456	0	1.59456	3.18666	4.24548	2.65639	2.65639	2.65639	3.18666	5.82806	2.65639	1.59456	1.59456	2.12566	2.12566	2.12566	2.12566	2.65639	5.3014	2.65639	4.24548	4.24548	9.48232	9.48232	7.40177	7.40177	7.40177	14.0653	6.87833	6.35373	6.35373	6.35373	11.538	9.99876	4.77385	4.77385	8.96433	4.24548	3.18666	3.18666	3.71639	6.35373	2.65639	2.65639	4.77385	4.24548	2.12566	0.531643	0.531643	1.0632	2.65639	1.59456	1.59456	1.59456	5.3014	5.3014	5.3014	5.3014	5.3014	12.5549	7.40177	9.48232	9.48232	9.99876	17.9923	16.0481	7.92397	7.40177	11.538	4.24548	0	0	0.531643	5.82806	6.35373	12.0474	23.1149	26.1878	15.5559	18.4719	18.4719	18.9489	35.1922	19.8946	20.8292	37.2673	37.2673	20.8292	20.3633	20.3633	20.3633	36.2435	19.8946	17.9923	33.3778	18.4719	15.5559	27.458	25.7581	13.5639	11.0266	11.0266	8.96433	17.5101	8.96433	7.92397	7.92397	13.0605	13.0605	5.82806	5.82806	5.82806	11.0266	5.3014	4.77385	4.77385	3.71639	7.40177	4.77385	1.0632	2.12566	4.24548	2.12566	2.65639	2.65639	3.71639	7.40177	3.71639	1.59456	1.0632	1.0632	0.531643	2.12566	2.12566	4.24548	8.44485	4.24548	5.3014	5.3014
1.59442	0	0	0	1.0631	3.71605	4.77341	2.12546	4.77341	12.0463	7.40109	7.40109	7.40109	9.48146	21.2904	23.5611	12.0463	12.5538	24.0063	12.5538	12.5538	12.5538	11.0257	19.4215	17.9908	9.48146	8.44408	15.06	6.87769	7.40109	7.40109	7.40109	14.5631	7.40109	6.87769	13.5627	12.0463	5.30092	5.82752	5.82752	5.82752	12.0463	6.35314	6.87769	6.87769	12.0463	12.0463	6.35314	6.35314	6.35314	13.5627	7.40109	7.40109	7.40109	5.30092	8.44408	6.87769	3.71605	0.531594	1.59442	2.12546	2.12546	2.12546	2.12546	4.24509	2.12546	1.59442	3.71605	3.71605	1.59442	1.59442	1.59442	0.531594	0.531594	1.0631	0.531594	1.0631	0.531594	0	0.531594	0.531594	0	0.531594	0.531594	0.531594	0	0.531594	0.531594	1.0631	0.531594	0	0.531594	0.531594	0.531594	2.65614	2.12546	4.77341	4.77341	4.77341	9.48146	9.99785	5.30092	4.77341	8.96351	4.24509	2.65614	2.65614	2.65614	3.18637	1.0631	1.59442	1.59442	3.18637	1.59442	2.12546	2.12546	1.59442	1.59442	0	1.59442	3.18637	4.24509	2.65614	2.65614	2.65614	3.18637	5.82752	2.65614	1.59442	1.59442	2.12546	2.12546	2.12546	2.12546	2.65614	5.30092	2.65614	4.24509	4.24509	9.48146	9.48146	7.40109	7.40109	7.40109	14.064	6.87769	6.35314	6.35314	6.35314	11.5369	9.99785	4.77341	4.77341	8.96351	4.24509	3.18637	3.18637	3.71605	6.35314	2.65614	2.65614	4.77341	4.24509	2.12546	0.531594	0.531594	1.0631	2.65614	1.59442	1.59442	1.59442	5.30092	5.30092	5.30092	5.30092	5.30092	12.5538	7.40109	9.48146	9.48146	9.99785	17.9908	16.0467	7.92324	7.40109	11.5369	4.24509	0	0	0.531594	5.82752	6.35314	12.0463	23.1129	26.1857	15.5545	18.4703	18.4703	18.9473	35.1897	19.8929	20.8274	37.2647	37.2647	20.8274	20.3616	20.3616	20.3616	36.241	19.8929	17.9908	33.3754	18.4703	15.5545	27.4558	25.7561	13.5627	11.0257	11.0257	8.96351	17.5086	8.96351	7.92324	7.92324	13.0593	13.0593	5.82752	5.82752	5.82752	11.0257	5.30092	4.77341	4.77341	3.71605	7.40109	4.77341	1.0631	2.12546	4.24509	2.12546	2.65614	2.65614	3.71605	7.40109	3.71605	1.59442	1.0631	1.0631	0.531594	2.12546	2.12546	4.24509	8.44408	4.24509	5.30092	5.30092
1.59424	0	0	0	1.06298	3.71563	4.77288	2.12523	4.77288	12.045	7.40027	7.40027	7.40027	9.48042	21.2882	23.5588	12.045	12.5524	24.0039	12.5524	12.5524	12.5524	11.0245	19.4195	17.9889	9.48042	8.44315	15.0584	6.87694	7.40027	7.40027	7.40027	14.5616	7.40027	6.87694	13.5613	12.045	5.30033	5.82688	5.82688	5.82688	12.045	6.35244	6.87694	6.87694	12.045	12.045	6.35244	6.35244	6.35244	13.5613	7.40027	7.40027	7.40027	5.30033	8.44315	6.87694	3.71563	0.531535	1.59424	2.12523	2.12523	2.12523	2.12523	4.24462	2.12523	1.59424	3.71563	3.71563	1.59424	1.59424	1.59424	0.531535	0.531535	1.06298	0.531535	1.06298	0.531535	0	0.531535	0.531535	0	0.531535	0.531535	0.531535	0	0.531535	0.531535	1.06298	0.531535	0	0.531535	0.531535	0.531535	2.65585	2.12523	4.77288	4.77288	4.77288	9.48042	9.99676	5.30033	4.77288	8.96253	4.24462	2.65585	2.65585	2.65585	3.18601	1.06298	1.59424	1.59424	3.18601	1.59424	2.12523	2.12523	1.59424	1.59424	0	1.59424	3.18601	4.24462	2.65585	2.65585	2.65585	3.18601	5.82688	2.65585	1.59424	1.59424	2.12523	2.12523	2.12523	2.12523	2.65585	5.30033	2.65585	4.24462	4.24462	9.48042	9.48042	7.40027	7.40027	7.40027	14.0625	6.87694	6.35244	6.35244	6.35244	11.5357	9.99676	4.77288	4.77288	8.96253	4.24462	3.18601	3.18601	3.71563	6.35244	2.65585	2.65585	4.77288	4.24462	2.12523	0.531535	0.531535	1.06298	2.65585	1.59424	1.59424	1.59424	5.30033	5.30033	5.30033	5.30033	5.30033	12.5524	7.40027	9.48042	9.48042	9.99676	17.9889	16.045	7.92237	7.40027	11.5357	4.24462	0	0	0.531535	5.82688	6.35244	12.045	23.1106	26.1832	15.5529	18.4684	18.4684	18.9453	35.1867	19.8909	20.8253	37.2616	37.2616	20.8253	20.3595	20.3595	20.3595	36.2379	19.8909	17.9889	33.3724	18.4684	15.5529	27.4532	25.7536	13.5613	11.0245	11.0245	8.96253	17.5067	8.96253	7.92237	7.92237	13.0579	13.0579	5.82688	5.82688	5.82688	11.0245	5.30033	4.77288	4.77288	3.71563	7.40027	4.77288	1.06298	2.12523	4.24462	2.12523	2.65585	2.65585	3.71563	7.40027	3.71563	1.59424	1.06298	1.06298	0.531535	2.12523	2.12523	4.24462	8.44315	4.24462	5.30033	5.30033
1.59409	0	0	0	1.06288	3.71529	4.77244	2.12503	4.77244	12.0439	7.39959	7.39959	7.39959	9.47956	21.2864	23.5568	12.0439	12.5513	24.0019	12.5513	12.5513	12.5513	11.0235	19.4178	17.9873	9.47956	8.44238	15.0571	6.8763	7.39959	7.39959	7.39959	14.5603	7.39959	6.8763	13.56	12.0439	5.29984	5.82634	5.82634	5.82634	12.0439	6.35186	6.8763	6.8763	12.0439	12.0439	6.35186	6.35186	6.35186	13.56	7.39959	7.39959	7.39959	5.29984	8.44238	6.8763	3.71529	0.531485	1.59409	2.12503	2.12503	2.12503	2.12503	4.24423	2.12503	1.59409	3.71529	3.71529	1.59409	1.59409	1.59409	0.531485	0.531485	1.06288	0.531485	1.06288	0.531485	0	0.531485	0.531485	0	0.531485	0.531485	0.531485	0	0.531485	0.531485	1.06288	0.531485	0	0.531485	0.531485	0.531485	2.6556	2.12503	4.77244	4.77244	4.77244	9.47956	9.99585	5.29984	4.77244	8.96171	4.24423	2.6556	2.6556	2.6556	3.18572	1.06288	1.59409	1.59409	3.18572	1.59409	2.12503	2.12503	1.59409	1.59409	0	1.59409	3.18572	4.24423	2.6556	2.6556	2.6556	3.18572	5.82634	2.6556	1.59409	1.59409	2.12503	2.12503	2.12503	2.12503	2.6556	5.29984	2.6556	4.24423	4.24423	9.47956	9.47956	7.39959	7.39959	7.39959	14.0613	6.8763	6.35186	6.35186	6.35186	11.5346	9.99585	4.77244	4.77244	8.96171	4.24423	3.18572	3.18572	3.71529	6.35186	2.6556	2.6556	4.77244	4.24423	2.12503	0.531485	0.531485	1.06288	2.6556	1.59409	1.59409	1.59409	5.29984	5.29984	5.29984	5.29984	5.29984	12.5513	7.39959	9.47956	9.47956	9.99585	17.9873	16.0436	7.92165	7.39959	11.5346	4.24423	0	0	0.531485	5.82634	6.35186	12.0439	23.1087	26.1811	15.5515	18.4668	18.4668	18.9437	35.1842	19.8892	20.8235	37.2591	37.2591	20.8235	20.3578	20.3578	20.3578	36.2354	19.8892	17.9873	33.37	18.4668	15.5515	27.451	25.7515	13.56	11.0235	11.0235	8.96171	17.5052	8.96171	7.92165	7.92165	13.0567	13.0567	5.82634	5.82634	5.82634	11.0235	5.29984	4.77244	4.77244	3.71529	7.39959	4.77244	1.06288	2.12503	4.24423	2.12503	2.6556	2.6556	3.71529	7.39959	3.71529	1.59409	1.06288	1.06288	0.531485	2.12503	2.12503	4.24423	8.44238	4.24423	5.29984	5.29984
1.59394	0	0	0	1.06278	3.71495	4.772	2.12483	4.772	12.0428	7.39892	7.39892	7.39892	9.4787	21.2846	23.5549	12.0428	12.5502	24	12.5502	12.5502	12.5502	11.0225	19.4161	17.9858	9.4787	8.44161	15.0557	6.87567	7.39892	7.39892	7.39892	14.559	7.39892	6.87567	13.5588	12.0428	5.29935	5.82581	5.82581	5.82581	12.0428	6.35127	6.87567	6.87567	12.0428	12.0428	6.35127	6.35127	6.35127	13.5588	7.39892	7.39892	7.39892	5.29935	8.44161	6.87567	3.71495	0.531436	1.59394	2.12483	2.12483	2.12483	2.12483	4.24383	2.12483	1.59394	3.71495	3.71495	1.59394	1.59394	1.59394	0.531436	0.531436	1.06278	0.531436	1.06278	0.531436	0	0.531436	0.531436	0	0.531436	0.531436	0.531436	0	0.531436	0.531436	1.06278	0.531436	0	0.531436	0.531436	0.531436	2.65535	2.12483	4.772	4.772	4.772	9.4787	9.99494	5.29935	4.772	8.96089	4.24383	2.65535	2.65535	2.65535	3.18542	1.06278	1.59394	1.59394	3.18542	1.59394	2.12483	2.12483	1.59394	1.59394	0	1.59394	3.18542	4.24383	2.65535	2.65535	2.65535	3.18542	5.82581	2.65535	1.59394	1.59394	2.12483	2.12483	2.12483	2.12483	2.65535	5.29935	2.65535	4.24383	4.24383	9.4787	9.4787	7.39892	7.39892	7.39892	14.06	6.87567	6.35127	6.35127	6.35127	11.5336	9.99494	4.772	4.772	8.96089	4.24383	3.18542	3.18542	3.71495	6.35127	2.65535	2.65535	4.772	4.24383	2.12483	0.531436	0.531436	1.06278	2.65535	1.59394	1.59394	1.59394	5.29935	5.29935	5.29935	5.29935	5.29935	12.5502	7.39892	9.4787	9.4787	9.99494	17.9858	16.0422	7.92092	7.39892	11.5336	4.24383	0	0	0.531436	5.82581	6.35127	12.0428	23.1068	26.179	15.5501	18.4652	18.4652	18.942	35.1817	19.8875	20.8217	37.2565	37.2565	20.8217	20.356	20.356	20.356	36.2329	19.8875	17.9858	33.3675	18.4652	15.5501	27.4488	25.7494	13.5588	11.0225	11.0225	8.96089	17.5037	8.96089	7.92092	7.92092	13.0555	13.0555	5.82581	5.82581	5.82581	11.0225	5.29935	4.772	4.772	3.71495	7.39892	4.772	1.06278	2.12483	4.24383	2.12483	2.65535	2.65535	3.71495	7.39892	3.71495	1.59394	1.06278	1.06278	0.531436	2.12483	2.12483	4.24383	8.44161	4.24383	5.29935	5.29935
1.5938	0	0	0	1.06268	3.7146	4.77156	2.12463	4.77156	12.0418	7.39824	7.39824	7.39824	9.47783	21.2828	23.553	12.0418	12.5491	23.998	12.5491	12.5491	12.5491	11.0215	19.4145	17.9842	9.47783	8.44083	15.0544	6.87504	7.39824	7.39824	7.39824	14.5577	7.39824	6.87504	13.5576	12.0418	5.29886	5.82527	5.82527	5.82527	12.0418	6.35069	6.87504	6.87504	12.0418	12.0418	6.35069	6.35069	6.35069	13.5576	7.39824	7.39824	7.39824	5.29886	8.44083	6.87504	3.7146	0.531387	1.5938	2.12463	2.12463	2.12463	2.12463	4.24344	2.12463	1.5938	3.7146	3.7146	1.5938	1.5938	1.5938	0.531387	0.531387	1.06268	0.531387	1.06268	0.531387	0	0.531387	0.531387	0	0.531387	0.531387	0.531387	0	0.531387	0.531387	1.06268	0.531387	0	0.531387	0.531387	0.531387	2.65511	2.12463	4.77156	4.77156	4.77156	9.47783	9.99403	5.29886	4.77156	8.96007	4.24344	2.65511	2.65511	2.65511	3.18513	1.06268	1.5938	1.5938	3.18513	1.5938	2.12463	2.12463	1.5938	1.5938	0	1.5938	3.18513	4.24344	2.65511	2.65511	2.65511	3.18513	5.82527	2.65511	1.5938	1.5938	2.12463	2.12463	2.12463	2.12463	2.65511	5.29886	2.65511	4.24344	4.24344	9.47783	9.47783	7.39824	7.39824	7.39824	14.0587	6.87504	6.35069	6.35069	6.35069	11.5325	9.99403	4.77156	4.77156	8.96007	4.24344	3.18513	3.18513	3.7146	6.35069	2.65511	2.65511	4.77156	4.24344	2.12463	0.531387	0.531387	1.06268	2.65511	1.5938	1.5938	1.5938	5.29886	5.29886	5.29886	5.29886	5.29886	12.5491	7.39824	9.47783	9.47783	9.99403	17.9842	16.0408	7.9202	7.39824	11.5325	4.24344	0	0	0.531387	5.82527	6.35069	12.0418	23.1049	26.1769	15.5488	18.4636	18.4636	18.9404	35.1792	19.8858	20.82	37.254	37.254	20.82	20.3543	20.3543	20.3543	36.2303	19.8858	17.9842	33.3651	18.4636	15.5488	27.4466	25.7473	13.5576	11.0215	11.0215	8.96007	17.5022	8.96007	7.9202	7.9202	13.0544	13.0544	5.82527	5.82527	5.82527	11.0215	5.29886	4.77156	4.77156	3.7146	7.39824	4.77156	1.06268	2.12463	4.24344	2.12463	2.65511	2.65511	3.7146	7.39824	3.7146	1.5938	1.06268	1.06268	0.531387	2.12463	2.12463	4.24344	8.44083	4.24344	5.29886	5.29886
1.59365	0	0	0	1.06258	3.71426	4.77112	2.12444	4.77112	12.0407	7.39756	7.39756	7.39756	9.47697	21.281	23.551	12.0407	12.5479	23.996	12.5479	12.5479	12.5479	11.0205	19.4128	17.9827	9.47697	8.44006	15.0531	6.87441	7.39756	7.39756	7.39756	14.5564	7.39756	6.87441	13.5564	12.0407	5.29837	5.82473	5.82473	5.82473	12.0407	6.35011	6.87441	6.87441	12.0407	12.0407	6.35011	6.35011	6.35011	13.5564	7.39756	7.39756	7.39756	5.29837	8.44006	6.87441	3.71426	0.531338	1.59365	2.12444	2.12444	2.12444	2.12444	4.24305	2.12444	1.59365	3.71426	3.71426	1.59365	1.59365	1.59365	0.531338	0.531338	1.06258	0.531338	1.06258	0.531338	0	0.531338	0.531338	0	0.531338	0.531338	0.531338	0	0.531338	0.531338	1.06258	0.531338	0	0.531338	0.531338	0.531338	2.65486	2.12444	4.77112	4.77112	4.77112	9.47697	9.99313	5.29837	4.77112	8.95926	4.24305	2.65486	2.65486	2.65486	3.18483	1.06258	1.59365	1.59365	3.18483	1.59365	2.12444	2.12444	1.59365	1.59365	0	1.59365	3.18483	4.24305	2.65486	2.65486	2.65486	3.18483	5.82473	2.65486	1.59365	1.59365	2.12444	2.12444	2.12444	2.12444	2.65486	5.29837	2.65486	4.24305	4.24305	9.47697	9.47697	7.39756	7.39756	7.39756	14.0575	6.87441	6.35011	6.35011	6.35011	11.5315	9.99313	4.77112	4.77112	8.95926	4.24305	3.18483	3.18483	3.71426	6.35011	2.65486	2.65486	4.77112	4.24305	2.12444	0.531338	0.531338	1.06258	2.65486	1.59365	1.59365	1.59365	5.29837	5.29837	5.29837	5.29837	5.29837	12.5479	7.39756	9.47697	9.47697	9.99313	17.9827	16.0394	7.91947	7.39756	11.5315	4.24305	0	0	0.531338	5.82473	6.35011	12.0407	23.103	26.1748	15.5474	18.462	18.462	18.9388	35.1767	19.8841	20.8182	37.2514	37.2514	20.8182	20.3526	20.3526	20.3526	36.2278	19.8841	17.9827	33.3627	18.462	15.5474	27.4445	25.7453	13.5564	11.0205	11.0205	8.95926	17.5006	8.95926	7.91947	7.91947	13.0532	13.0532	5.82473	5.82473	5.82473	11.0205	5.29837	4.77112	4.77112	3.71426	7.39756	4.77112	1.06258	2.12444	4.24305	2.12444	2.65486	2.65486	3.71426	7.39756	3.71426	1.59365	1.06258	1.06258	0.531338	2.12444	2.12444	4.24305	8.44006	4.24305	5.29837	5.29837
1.5935	0	0	0	1.06249	3.71391	4.77068	2.12424	4.77068	12.0396	7.39688	7.39688	7.39688	9.47611	21.2792	23.5491	12.0396	12.5468	23.994	12.5468	12.5468	12.5468	11.0195	19.4111	17.9811	9.47611	8.43929	15.0517	6.87378	7.39688	7.39688	7.39688	14.5551	7.39688	6.87378	13.5552	12.0396	5.29789	5.8242	5.8242	5.8242	12.0396	6.34952	6.87378	6.87378	12.0396	12.0396	6.34952	6.34952	6.34952	13.5552	7.39688	7.39688	7.39688	5.29789	8.43929	6.87378	3.71391	0.531288	1.5935	2.12424	2.12424	2.12424	2.12424	4.24266	2.12424	1.5935	3.71391	3.71391	1.5935	1.5935	1.5935	0.531288	0.531288	1.06249	0.531288	1.06249	0.531288	0	0.531288	0.531288	0	0.531288	0.531288	0.531288	0	0.531288	0.531288	1.06249	0.531288	0	0.531288	0.531288	0.531288	2.65462	2.12424	4.77068	4.77068	4.77068	9.47611	9.99222	5.29789	4.77068	8.95844	4.24266	2.65462	2.65462	2.65462	3.18454	1.06249	1.5935	1.5935	3.18454	1.5935	2.12424	2.12424	1.5935	1.5935	0	1.5935	3.18454	4.24266	2.65462	2.65462	2.65462	3.18454	5.8242	2.65462	1.5935	1.5935	2.12424	2.12424	2.12424	2.12424	2.65462	5.29789	2.65462	4.24266	4.24266	9.47611	9.47611	7.39688	7.39688	7.39688	14.0562	6.87378	6.34952	6.34952	6.34952	11.5305	9.99222	4.77068	4.77068	8.95844	4.24266	3.18454	3.18454	3.71391	6.34952	2.65462	2.65462	4.77068	4.24266	2.12424	0.531288	0.531288	1.06249	2.65462	1.5935	1.5935	1.5935	5.29789	5.29789	5.29789	5.29789	5.29789	12.5468	7.39688	9.47611	9.47611	9.99222	17.9811	16.038	7.91875	7.39688	11.5305	4.24266	0	0	0.531288	5.8242	6.34952	12.0396	23.1011	26.1727	15.546	18.4604	18.4604	18.9371	35.1742	19.8824	20.8164	37.2488	37.2488	20.8164	20.3508	20.3508	20.3508	36.2253	19.8824	17.9811	33.3602	18.4604	15.546	27.4423	25.7432	13.5552	11.0195	11.0195	8.95844	17.4991	8.95844	7.91875	7.91875	13.052	13.052	5.8242	5.8242	5.8242	11.0195	5.29789	4.77068	4.77068	3.71391	7.39688	4.77068	1.06249	2.12424	4.24266	2.12424	2.65462	2.65462	3.71391	7.39688	3.71391	1.5935	1.06249	1.06249	0.531288	2.12424	2.12424	4.24266	8.43929	4.24266	5.29789	5.29789
26.6066	25.6364	24.9852	24.3271	23.5906	22.6086	20.9597	18.7592	18.3562	20.7783	18.3862	18.3235	18.104	18.9432	26.3541	29.4173	26.0523	27.7463	34.4113	33.5368	35.378	37.0417	38.4153	41.8223	43.9335	44.752	45.5736	46.7084	46.274	46.3043	46.3043	46.1944	46.439	45.0531	44.3703	43.9461	41.631	38.2438	36.3786	34.4702	32.2563	30.3831	23.1905	19.894	16.7281	17.6427	15.4664	8.013	9.13126	10.7656	19.0859	16.648	18.3527	20.0668	20.7366	22.8747	22.9704	22.4465	20.6188	15.2636	7.16147	7.73568	14.0288	19.1624	24.3157	26.6002	27.6124	29.3916	31.456	32.8538	34.0591	35.3136	36.3211	37.6719	39.0543	39.9241	41.0762	42.5544	43.6159	44.3021	44.9746	45.502	45.8283	45.8908	45.7618	45.6964	45.7618	45.8908	46.085	46.2741	46.2736	46.0186	45.6967	45.3706	44.9278	44.5907	44.3898	43.9812	43.6422	43.6024	43.4009	42.9803	43.0306	43.5455	43.4278	43.6586	44.0721	44.4801	45.1098	45.8902	46.5934	47.0904	47.7732	48.3534	48.6517	48.8824	49.0498	49.0525	48.8712	48.4685	47.5868	46.2382	44.9875	44.1133	43.2807	42.3608	40.7826	38.91	37.5845	36.2259	34.2761	31.6595	29.9746	29.1736	28.583	28.2928	27.3454	27.3534	27.5606	28.8101	29.3928	29.4983	29.8895	30.3536	32.5182	31.7288	32.1151	32.6755	33.2293	34.7665	35.6632	36.2688	37.1187	38.7103	39.7629	40.5082	41.1159	41.8682	43.1078	43.9811	44.5258	45.3026	46.1306	46.6632	46.8398	46.8398	46.9652	47.2892	47.5215	47.6424	47.7626	47.9697	48.0881	48.206	48.3233	48.3866	48.9288	48.8115	49.2013	49.536	49.9436	51.1601	51.6337	51.5858	51.8695	52.4498	52.53	52.6869	52.8812	53.0738	53.3003	53.3078	53.3533	53.8349	53.6424	51.97	52.0821	51.985	51.8785	54.456	51.401	51.3243	54.3987	54.0303	50.1432	49.7614	49.4431	49.1211	52.0862	47.4863	46.5554	49.2182	44.5746	43.4604	45.2873	43.6981	40.0084	39.0929	38.623	38.1529	39.6471	37.8941	37.7026	37.7026	38.7849	39.2446	38.5665	38.7271	38.7968	39.4771	39.0069	39.1303	39.2889	39.3022	39.6552	39.7771	40.0128	40.4815	41.4329	42.2749	42.7926	43.2183	43.7318	44.6878	45.3482	45.6404	45.5739	45.1078	44.6405	44.3157	43.9051	43.4714	42.8339	41.7496	41.0413	40.1259
26.6045	25.6531	25.0027	24.3455	23.6642	23.0441	21.6244	18.9674	18.4877	21.0464	18.3845	18.4187	18.2007	18.6203	24.6647	27.3244	25.4854	27.0321	32.3583	33.0004	34.9313	36.6391	38.1047	40.9999	43.321	44.5963	45.5045	46.5873	46.2713	46.3017	46.3017	46.2257	46.6417	45.1288	44.4906	44.4925	42.555	38.607	36.7646	34.9043	32.9425	33.7442	24.7973	21.6376	18.8641	23.0799	21.6147	10.511	11.3706	12.6964	22.6336	17.6939	19.2833	20.898	21.0863	23.4277	23.0349	22.4446	21.0912	22.589	14.5889	14.8606	18.6854	20.5709	26.2259	26.7254	27.7116	29.7829	31.8516	32.948	34.17	35.4161	36.3566	37.7679	39.0627	39.9345	41.1217	42.6099	43.6302	44.3092	44.9812	45.5047	45.8303	45.8875	45.7585	45.6937	45.7585	45.8875	46.0801	46.2709	46.2715	46.0176	45.694	45.3698	44.9102	44.5836	44.3582	43.9488	43.6179	43.5324	43.3728	42.9776	43.0413	43.5917	43.4368	43.6822	44.0951	44.5023	45.173	45.8997	46.5863	47.0835	47.7529	48.3464	48.6434	48.8742	49.0448	49.0531	48.8705	48.4634	47.5739	46.2085	44.9719	44.0949	43.2614	42.3324	40.6938	38.8926	37.598	36.2409	34.3769	31.7782	30.0491	29.2519	28.6225	28.46	27.3883	27.3231	27.5305	28.6368	29.2254	29.4101	29.8032	30.2334	32.1758	31.6571	32.0238	32.5872	33.1438	34.4887	35.3865	36.1952	37.0488	38.4692	39.7077	40.4789	41.0877	41.8289	43.0066	43.9626	44.5079	45.2535	46.0938	46.6523	46.8372	46.8372	46.9604	47.2755	47.5163	47.6372	47.7575	47.9576	48.0761	48.1941	48.3115	48.3839	48.8834	48.7846	49.1536	49.4895	49.8825	50.9843	51.5042	51.5526	51.8392	52.3784	52.5176	52.6857	52.88	53.0713	53.3053	53.2977	53.3085	53.6444	53.417	51.9048	52.0537	51.9564	51.8228	54.276	51.3401	51.2599	54.2032	53.7799	50.0401	49.6579	49.3371	49.0125	51.5881	47.259	46.3723	48.5457	44.3185	43.3035	44.7139	43.1078	39.8396	38.9831	38.5099	38.1503	39.5853	37.859	37.7	37.7	38.9296	39.3851	38.5856	38.746	38.7942	39.5127	39.0235	39.145	39.3034	39.2996	39.6781	39.8294	40.0205	40.4655	41.38	42.2604	42.7749	43.2011	43.7023	44.5841	45.3215	45.6348	45.5783	45.1082	44.6379	44.3033	43.8924	43.4359	42.6934	41.71	40.9709	40.0514
1.59303	1.59303	1.59303	1.59303	3.1836	7.91643	9.47335	4.76927	5.82248	13.0483	7.39471	7.91643	7.91643	7.91643	16.0335	16.5229	8.43682	7.39471	14.0522	6.87176	7.39471	7.39471	5.82248	10.5036	9.47335	4.76927	6.34765	13.0483	6.87176	7.39471	7.39471	8.43682	17.4942	9.47335	9.98931	19.8769	21.2735	11.5271	11.5271	11.5271	13.0483	26.5922	15.0475	14.551	14.551	24.4295	24.4295	11.5271	11.5271	11.5271	22.1901	11.5271	11.5271	11.5271	7.91643	11.5271	7.39471	3.71282	6.87176	23.9877	17.9761	17.9761	17.9761	11.5271	16.0335	4.76927	4.2414	8.95582	9.47335	4.76927	5.29632	5.29632	3.1836	5.29632	2.12361	2.12361	4.2414	4.76927	2.65383	2.12361	2.12361	1.59303	1.59303	0	0	0	0	0	0	0	0.531131	1.06217	0.531131	1.06217	0.531131	1.59303	3.1836	3.1836	3.71282	7.91643	9.47335	5.29632	5.29632	9.98931	4.76927	4.2414	4.2414	4.2414	6.34765	2.65383	0.531131	0.531131	0.531131	0	1.06217	1.06217	1.06217	2.12361	1.06217	1.06217	2.12361	2.12361	1.06217	0.531131	0.531131	0.531131	2.12361	1.59303	2.65383	2.65383	5.29632	5.29632	4.2414	4.2414	3.71282	7.39471	3.71282	3.71282	3.71282	7.91643	7.91643	6.34765	6.34765	5.82248	11.5271	5.82248	4.76927	4.76927	4.76927	8.43682	5.82248	2.12361	2.12361	3.1836	1.06217	1.06217	1.06217	0.531131	1.06217	0.531131	0.531131	1.06217	1.06217	0.531131	0.531131	0.531131	0	1.06217	1.06217	1.06217	1.06217	4.76927	4.76927	4.76927	4.76927	5.29632	11.5271	6.34765	7.91643	7.91643	7.91643	14.551	13.0483	6.34765	5.82248	8.95582	3.1836	1.06217	1.06217	0.531131	6.34765	5.82248	10.5036	19.8769	23.0949	14.0522	17.9761	17.9761	17.9761	33.7214	18.9319	19.8769	35.8699	35.5196	19.4058	18.9319	18.9319	18.9319	32.9802	17.0098	15.5416	29.0835	15.5416	13.5513	23.5428	21.7332	11.5271	9.47335	9.47335	8.95582	17.0098	8.43682	7.91643	7.91643	14.551	14.551	6.34765	6.34765	5.82248	11.5271	5.82248	5.29632	5.29632	3.71282	7.91643	6.34765	2.12361	0	0	0	1.06217	1.06217	1.59303	3.1836	1.59303	1.06217	2.12361	1.59303	0.531131	0.531131	0.531131	2.12361	4.2414	2.12361	2.12361	2.12361
1.59288	1.59288	1.59288	1.59288	3.1833	7.9157	9.47248	4.76883	5.82194	13.0471	7.39403	7.9157	7.9157	7.9157	16.0321	16.5214	8.43605	7.39403	14.051	6.87113	7.39403	7.39403	5.82194	10.5027	9.47248	4.76883	6.34707	13.0471	6.87113	7.39403	7.39403	8.43605	17.4927	9.47248	9.98841	19.8752	21.2717	11.5261	11.5261	11.5261	13.0471	26.5901	15.0461	14.5497	14.5497	24.4275	24.4275	11.5261	11.5261	11.5261	22.1882	11.5261	11.5261	11.5261	7.9157	11.5261	7.39403	3.71247	6.87113	23.9857	17.9745	17.9745	17.9745	11.5261	16.0321	4.76883	4.24101	8.95501	9.47248	4.76883	5.29583	5.29583	3.1833	5.29583	2.12341	2.12341	4.24101	4.76883	2.65358	2.12341	2.12341	1.59288	1.59288	0	0	0	0	0	0	0	0.531082	1.06207	0.531082	1.06207	0.531082	1.59288	3.1833	3.1833	3.71247	7.9157	9.47248	5.29583	5.29583	9.98841	4.76883	4.24101	4.24101	4.24101	6.34707	2.65358	0.531082	0.531082	0.531082	0	1.06207	1.06207	1.06207	2.12341	1.06207	1.06207	2.12341	2.12341	1.06207	0.531082	0.531082	0.531082	2.12341	1.59288	2.65358	2.65358	5.29583	5.29583	4.24101	4.24101	3.71247	7.39403	3.71247	3.71247	3.71247	7.9157	7.9157	6.34707	6.34707	5.82194	11.5261	5.82194	4.76883	4.76883	4.76883	8.43605	5.82194	2.12341	2.12341	3.1833	1.06207	1.06207	1.06207	0.531082	1.06207	0.531082	0.531082	1.06207	1.06207	0.531082	0.531082	0.531082	0	1.06207	1.06207	1.06207	1.06207	4.76883	4.76883	4.76883	4.76883	5.29583	11.5261	6.34707	7.9157	7.9157	7.9157	14.5497	13.0471	6.34707	5.82194	8.95501	3.1833	1.06207	1.06207	0.531082	6.34707	5.82194	10.5027	19.8752	23.093	14.051	17.9745	17.9745	17.9745	33.719	18.9303	19.8752	35.8674	35.5171	19.4041	18.9303	18.9303	18.9303	32.9778	17.0083	15.5403	29.0812	15.5403	13.5501	23.5409	21.7314	11.5261	9.47248	9.47248	8.95501	17.0083	8.43605	7.9157	7.9157	14.5497	14.5497	6.34707	6.34707	5.82194	11.5261	5.82194	5.29583	5.29583	3.71247	7.9157	6.34707	2.12341	0	0	0	1.06207	1.06207	1.59288	3.1833	1.59288	1.06207	2.12341	1.59288	0.531082	0.531082	0.531082	2.12341	4.24101	2.12341	2.12341	2.12341
1.59273	1.59273	1.59273	1.59273	3.18301	7.91498	9.47162	4.76839	5.82141	13.046	7.39335	7.91498	7.91498	7.91498	16.0306	16.52	8.43528	7.39335	14.0497	6.8705	7.39335	7.39335	5.82141	10.5017	9.47162	4.76839	6.34649	13.046	6.8705	7.39335	7.39335	8.43528	17.4912	9.47162	9.9875	19.8735	21.2699	11.525	11.525	11.525	13.046	26.588	15.0448	14.5484	14.5484	24.4255	24.4255	11.525	11.525	11.525	22.1864	11.525	11.525	11.525	7.91498	11.525	7.39335	3.71213	6.8705	23.9838	17.973	17.973	17.973	11.525	16.0306	4.76839	4.24062	8.95419	9.47162	4.76839	5.29535	5.29535	3.18301	5.29535	2.12322	2.12322	4.24062	4.76839	2.65334	2.12322	2.12322	1.59273	1.59273	0	0	0	0	0	0	0	0.531032	1.06197	0.531032	1.06197	0.531032	1.59273	3.18301	3.18301	3.71213	7.91498	9.47162	5.29535	5.29535	9.9875	4.76839	4.24062	4.24062	4.24062	6.34649	2.65334	0.531032	0.531032	0.531032	0	1.06197	1.06197	1.06197	2.12322	1.06197	1.06197	2.12322	2.12322	1.06197	0.531032	0.531032	0.531032	2.12322	1.59273	2.65334	2.65334	5.29535	5.29535	4.24062	4.24062	3.71213	7.39335	3.71213	3.71213	3.71213	7.91498	7.91498	6.34649	6.34649	5.82141	11.525	5.82141	4.76839	4.76839	4.76839	8.43528	5.82141	2.12322	2.12322	3.18301	1.06197	1.06197	1.06197	0.531032	1.06197	0.531032	0.531032	1.06197	1.06197	0.531032	0.531032	0.531032	0	1.06197	1.06197	1.06197	1.06197	4.76839	4.76839	4.76839	4.76839	5.29535	11.525	6.34649	7.91498	7.91498	7.91498	14.5484	13.046	6.34649	5.82141	8.95419	3.18301	1.06197	1.06197	0.531032	6.34649	5.82141	10.5017	19.8735	23.0911	14.0497	17.973	17.973	17.973	33.7165	18.9287	19.8735	35.8649	35.5146	19.4025	18.9287	18.9287	18.9287	32.9754	17.0069	15.5389	29.0789	15.5389	13.5489	23.5389	21.7296	11.525	9.47162	9.47162	8.95419	17.0069	8.43528	7.91498	7.91498	14.5484	14.5484	6.34649	6.34649	5.82141	11.525	5.82141	5.29535	5.29535	3.71213	7.91498	6.34649	2.12322	0	0	0	1.06197	1.06197	1.59273	3.18301	1.59273	1.06197	2.12322	1.59273	0.531032	0.531032	0.531032	2.12322	4.24062	2.12322	2.12322	2.12322
1.59258	1.59258	1.59258	1.59258	3.18271	7.91425	9.47076	4.76795	5.82087	13.0448	7.39268	7.91425	7.91425	7.91425	16.0292	16.5185	8.43451	7.39268	14.0485	6.86987	7.39268	7.39268	5.82087	10.5008	9.47076	4.76795	6.3459	13.0448	6.86987	7.39268	7.39268	8.43451	17.4897	9.47076	9.98659	19.8718	21.2681	11.524	11.524	11.524	13.0448	26.5859	15.0435	14.5471	14.5471	24.4235	24.4235	11.524	11.524	11.524	22.1845	11.524	11.524	11.524	7.91425	11.524	7.39268	3.71179	6.86987	23.9818	17.9714	17.9714	17.9714	11.524	16.0292	4.76795	4.24023	8.95337	9.47076	4.76795	5.29486	5.29486	3.18271	5.29486	2.12302	2.12302	4.24023	4.76795	2.65309	2.12302	2.12302	1.59258	1.59258	0	0	0	0	0	0	0	0.530983	1.06188	0.530983	1.06188	0.530983	1.59258	3.18271	3.18271	3.71179	7.91425	9.47076	5.29486	5.29486	9.98659	4.76795	4.24023	4.24023	4.24023	6.3459	2.65309	0.530983	0.530983	0.530983	0	1.06188	1.06188	1.06188	2.12302	1.06188	1.06188	2.12302	2.12302	1.06188	0.530983	0.530983	0.530983	2.12302	1.59258	2.65309	2.65309	5.29486	5.29486	4.24023	4.24023	3.71179	7.39268	3.71179	3.71179	3.71179	7.91425	7.91425	6.3459	6.3459	5.82087	11.524	5.82087	4.76795	4.76795	4.76795	8.43451	5.82087	2.12302	2.12302	3.18271	1.06188	1.06188	1.06188	0.530983	1.06188	0.530983	0.530983	1.06188	1.06188	0.530983	0.530983	0.530983	0	1.06188	1.06188	1.06188	1.06188	4.76795	4.76795	4.76795	4.76795	5.29486	11.524	6.3459	7.91425	7.91425	7.91425	14.5471	13.0448	6.3459	5.82087	8.95337	3.18271	1.06188	1.06188	0.530983	6.3459	5.82087	10.5008	19.8718	23.0892	14.0485	17.9714	17.9714	17.9714	33.7141	18.927	19.8718	35.8623	35.5121	19.4008	18.927	18.927	18.927	32.973	17.0054	15.5375	29.0767	15.5375	13.5477	23.537	21.7278	11.524	9.47076	9.47076	8.95337	17.0054	8.43451	7.91425	7.91425	14.5471	14.5471	6.3459	6.3459	5.82087	11.524	5.82087	5.29486	5.29486	3.71179	7.91425	6.3459	2.12302	0	0	0	1.06188	1.06188	1.59258	3.18271	1.59258	1.06188	2.12302	1.59258	0.530983	0.530983	0.530983	2.12302	4.24023	2.12302	2.12302	2.12302
1.59244	1.59244	1.59244	1.59244	3.18242	7.91353	9.4699	4.76751	5.82034	13.0436	7.392	7.91353	7.91353	7.91353	16.0278	16.5171	8.43374	7.392	14.0472	6.86924	7.392	7.392	5.82034	10.4998	9.4699	4.76751	6.34532	13.0436	6.86924	7.392	7.392	8.43374	17.4882	9.4699	9.98569	19.8701	21.2663	11.523	11.523	11.523	13.0436	26.5837	15.0421	14.5458	14.5458	24.4215	24.4215	11.523	11.523	11.523	22.1827	11.523	11.523	11.523	7.91353	11.523	7.392	3.71144	6.86924	23.9798	17.9699	17.9699	17.9699	11.523	16.0278	4.76751	4.23984	8.95256	9.4699	4.76751	5.29437	5.29437	3.18242	5.29437	2.12282	2.12282	4.23984	4.76751	2.65285	2.12282	2.12282	1.59244	1.59244	0	0	0	0	0	0	0	0.530934	1.06178	0.530934	1.06178	0.530934	1.59244	3.18242	3.18242	3.71144	7.91353	9.4699	5.29437	5.29437	9.98569	4.76751	4.23984	4.23984	4.23984	6.34532	2.65285	0.530934	0.530934	0.530934	0	1.06178	1.06178	1.06178	2.12282	1.06178	1.06178	2.12282	2.12282	1.06178	0.530934	0.530934	0.530934	2.12282	1.59244	2.65285	2.65285	5.29437	5.29437	4.23984	4.23984	3.71144	7.392	3.71144	3.71144	3.71144	7.91353	7.91353	6.34532	6.34532	5.82034	11.523	5.82034	4.76751	4.76751	4.76751	8.43374	5.82034	2.12282	2.12282	3.18242	1.06178	1.06178	1.06178	0.530934	1.06178	0.530934	0.530934	1.06178	1.06178	0.530934	0.530934	0.530934	0	1.06178	1.06178	1.06178	1.06178	4.76751	4.76751	4.76751	4.76751	5.29437	11.523	6.34532	7.91353	7.91353	7.91353	14.5458	13.0436	6.34532	5.82034	8.95256	3.18242	1.06178	1.06178	0.530934	6.34532	5.82034	10.4998	19.8701	23.0873	14.0472	17.9699	17.9699	17.9699	33.7116	18.9254	19.8701	35.8598	35.5095	19.3991	18.9254	18.9254	18.9254	32.9705	17.0039	15.5362	29.0744	15.5362	13.5465	23.5351	21.7259	11.523	9.4699	9.4699	8.95256	17.0039	8.43374	7.91353	7.91353	14.5458	14.5458	6.34532	6.34532	5.82034	11.523	5.82034	5.29437	5.29437	3.71144	7.91353	6.34532	2.12282	0	0	0	1.06178	1.06178	1.59244	3.18242	1.59244	1.06178	2.12282	1.59244	0.530934	0.530934	0.530934	2.12282	4.23984	2.12282	2.12282	2.12282
1.59229	1.59229	1.59229	1.59229	3.18212	7.91281	9.46904	4.76707	5.8198	13.0425	7.39132	7.91281	7.91281	7.91281	16.0264	16.5156	8.43297	7.39132	14.046	6.86861	7.39132	7.39132	5.8198	10.4989	9.46904	4.76707	6.34474	13.0425	6.86861	7.39132	7.39132	8.43297	17.4866	9.46904	9.98478	19.8684	21.2645	11.5219	11.5219	11.5219	13.0425	26.5816	15.0408	14.5445	14.5445	24.4196	24.4196	11.5219	11.5219	11.5219	22.1808	11.5219	11.5219	11.5219	7.91281	11.5219	7.39132	3.7111	6.86861	23.9779	17.9683	17.9683	17.9683	11.5219	16.0264	4.76707	4.23945	8.95174	9.46904	4.76707	5.29388	5.29388	3.18212	5.29388	2.12263	2.12263	4.23945	4.76707	2.6526	2.12263	2.12263	1.59229	1.59229	0	0	0	0	0	0	0	0.530885	1.06168	0.530885	1.06168	0.530885	1.59229	3.18212	3.18212	3.7111	7.91281	9.46904	5.29388	5.29388	9.98478	4.76707	4.23945	4.23945	4.23945	6.34474	2.6526	0.530885	0.530885	0.530885	0	1.06168	1.06168	1.06168	2.12263	1.06168	1.06168	2.12263	2.12263	1.06168	0.530885	0.530885	0.530885	2.12263	1.59229	2.6526	2.6526	5.29388	5.29388	4.23945	4.23945	3.7111	7.39132	3.7111	3.7111	3.7111	7.91281	7.91281	6.34474	6.34474	5.8198	11.5219	5.8198	4.76707	4.76707	4.76707	8.43297	5.8198	2.12263	2.12263	3.18212	1.06168	1.06168	1.06168	0.530885	1.06168	0.530885	0.530885	1.06168	1.06168	0.530885	0.530885	0.530885	0	1.06168	1.06168	1.06168	1.06168	4.76707	4.76707	4.76707	4.76707	5.29388	11.5219	6.34474	7.91281	7.91281	7.91281	14.5445	13.0425	6.34474	5.8198	8.95174	3.18212	1.06168	1.06168	0.530885	6.34474	5.8198	10.4989	19.8684	23.0853	14.046	17.9683	17.9683	17.9683	33.7092	18.9238	19.8684	35.8573	35.507	19.3975	18.9238	18.9238	18.9238	32.9681	17.0024	15.5348	29.0722	15.5348	13.5453	23.5331	21.7241	11.5219	9.46904	9.46904	8.95174	17.0024	8.43297	7.91281	7.91281	14.5445	14.5445	6.34474	6.34474	5.8198	11.5219	5.8198	5.29388	5.29388	3.7111	7.91281	6.34474	2.12263	0	0	0	1.06168	1.06168	1.59229	3.18212	1.59229	1.06168	2.12263	1.59229	0.530885	0.530885	0.530885	2.12263	4.23945	2.12263	2.12263	2.12263
1.59211	1.59211	1.59211	1.59211	3.18177	7.91194	9.468	4.76654	5.81916	13.0411	7.39051	7.91194	7.91194	7.91194	16.0247	16.5139	8.43205	7.39051	14.0445	6.86785	7.39051	7.39051	5.81916	10.4977	9.468	4.76654	6.34404	13.0411	6.86785	7.39051	7.39051	8.43205	17.4848	9.468	9.98369	19.8664	21.2623	11.5207	11.5207	11.5207	13.0411	26.5791	15.0392	14.543	14.543	24.4172	24.4172	11.5207	11.5207	11.5207	22.1786	11.5207	11.5207	11.5207	7.91194	11.5207	7.39051	3.71069	6.86785	23.9755	17.9664	17.9664	17.9664	11.5207	16.0247	4.76654	4.23898	8.95076	9.468	4.76654	5.2933	5.2933	3.18177	5.2933	2.12239	2.12239	4.23898	4.76654	2.65231	2.12239	2.12239	1.59211	1.59211	0	0	0	0	0	0	0	0.530826	1.06156	0.530826	1.06156	0.530826	1.59211	3.18177	3.18177	3.71069	7.91194	9.468	5.2933	5.2933	9.98369	4.76654	4.23898	4.23898	4.23898	6.34404	2.65231	0.530826	0.530826	0.530826	0	1.06156	1.06156	1.06156	2.12239	1.06156	1.06156	2.12239	2.12239	1.06156	0.530826	0.530826	0.530826	2.12239	1.59211	2.65231	2.65231	5.2933	5.2933	4.23898	4.23898	3.71069	7.39051	3.71069	3.71069	3.71069	7.91194	7.91194	6.34404	6.34404	5.81916	11.5207	5.81916	4.76654	4.76654	4.76654	8.43205	5.81916	2.12239	2.12239	3.18177	1.06156	1.06156	1.06156	0.530826	1.06156	0.530826	0.530826	1.06156	1.06156	0.530826	0.530826	0.530826	0	1.06156	1.06156	1.06156	1.06156	4.76654	4.76654	4.76654	4.76654	5.2933	11.5207	6.34404	7.91194	7.91194	7.91194	14.543	13.0411	6.34404	5.81916	8.95076	3.18177	1.06156	1.06156	0.530826	6.34404	5.81916	10.4977	19.8664	23.083	14.0445	17.9664	17.9664	17.9664	33.7062	18.9218	19.8664	35.8543	35.504	19.3955	18.9218	18.9218	18.9218	32.9652	17.0006	15.5331	29.0695	15.5331	13.5438	23.5308	21.7219	11.5207	9.468	9.468	8.95076	17.0006	8.43205	7.91194	7.91194	14.543	14.543	6.34404	6.34404	5.81916	11.5207	5.81916	5.2933	5.2933	3.71069	7.91194	6.34404	2.12239	0	0	0	1.06156	1.06156	1.59211	3.18177	1.59211	1.06156	2.12239	1.59211	0.530826	0.530826	0.530826	2.12239	4.23898	2.12239	2.12239	2.12239
1.59197	1.59197	1.59197	1.59197	3.18148	7.91121	9.46714	4.7661	5.81862	13.0399	7.38983	7.91121	7.91121	7.91121	16.0233	16.5125	8.43128	7.38983	14.0432	6.86722	7.38983	7.38983	5.81862	10.4968	9.46714	4.7661	6.34345	13.0399	6.86722	7.38983	7.38983	8.43128	17.4833	9.46714	9.98278	19.8647	21.2605	11.5196	11.5196	11.5196	13.0399	26.5769	15.0379	14.5417	14.5417	24.4152	24.4152	11.5196	11.5196	11.5196	22.1767	11.5196	11.5196	11.5196	7.91121	11.5196	7.38983	3.71035	6.86722	23.9735	17.9649	17.9649	17.9649	11.5196	16.0233	4.7661	4.23858	8.94995	9.46714	4.7661	5.29281	5.29281	3.18148	5.29281	2.1222	2.1222	4.23858	4.7661	2.65206	2.1222	2.1222	1.59197	1.59197	0	0	0	0	0	0	0	0.530777	1.06146	0.530777	1.06146	0.530777	1.59197	3.18148	3.18148	3.71035	7.91121	9.46714	5.29281	5.29281	9.98278	4.7661	4.23858	4.23858	4.23858	6.34345	2.65206	0.530777	0.530777	0.530777	0	1.06146	1.06146	1.06146	2.1222	1.06146	1.06146	2.1222	2.1222	1.06146	0.530777	0.530777	0.530777	2.1222	1.59197	2.65206	2.65206	5.29281	5.29281	4.23858	4.23858	3.71035	7.38983	3.71035	3.71035	3.71035	7.91121	7.91121	6.34345	6.34345	5.81862	11.5196	5.81862	4.7661	4.7661	4.7661	8.43128	5.81862	2.1222	2.1222	3.18148	1.06146	1.06146	1.06146	0.530777	1.06146	0.530777	0.530777	1.06146	1.06146	0.530777	0.530777	0.530777	0	1.06146	1.06146	1.06146	1.06146	4.7661	4.7661	4.7661	4.7661	5.29281	11.5196	6.34345	7.91121	7.91121	7.91121	14.5417	13.0399	6.34345	5.81862	8.94995	3.18148	1.06146	1.06146	0.530777	6.34345	5.81862	10.4968	19.8647	23.0811	14.0432	17.9649	17.9649	17.9649	33.7038	18.9202	19.8647	35.8518	35.5015	19.3938	18.9202	18.9202	18.9202	32.9628	16.9991	15.5318	29.0672	15.5318	13.5426	23.5288	21.7201	11.5196	9.46714	9.46714	8.94995	16.9991	8.43128	7.91121	7.91121	14.5417	14.5417	6.34345	6.34345	5.81862	11.5196	5.81862	5.29281	5.29281	3.71035	7.91121	6.34345	2.1222	0	0	0	1.06146	1.06146	1.59197	3.18148	1.59197	1.06146	2.1222	1.59197	0.530777	0.530777	0.530777	2.1222	4.23858	2.1222	2.1222	2.1222
1.59182	1.59182	1.59182	1.59182	3.18118	7.91049	9.46628	4.76566	5.81809	13.0387	7.38916	7.91049	7.91049	7.91049	16.0219	16.511	8.43051	7.38916	14.042	6.86659	7.38916	7.38916	5.81809	10.4958	9.46628	4.76566	6.34287	13.0387	6.86659	7.38916	7.38916	8.43051	17.4818	9.46628	9.98188	19.863	21.2588	11.5186	11.5186	11.5186	13.0387	26.5748	15.0365	14.5404	14.5404	24.4132	24.4132	11.5186	11.5186	11.5186	22.1749	11.5186	11.5186	11.5186	7.91049	11.5186	7.38916	3.71	6.86659	23.9715	17.9633	17.9633	17.9633	11.5186	16.0219	4.76566	4.23819	8.94913	9.46628	4.76566	5.29232	5.29232	3.18118	5.29232	2.122	2.122	4.23819	4.76566	2.65182	2.122	2.122	1.59182	1.59182	0	0	0	0	0	0	0	0.530727	1.06136	0.530727	1.06136	0.530727	1.59182	3.18118	3.18118	3.71	7.91049	9.46628	5.29232	5.29232	9.98188	4.76566	4.23819	4.23819	4.23819	6.34287	2.65182	0.530727	0.530727	0.530727	0	1.06136	1.06136	1.06136	2.122	1.06136	1.06136	2.122	2.122	1.06136	0.530727	0.530727	0.530727	2.122	1.59182	2.65182	2.65182	5.29232	5.29232	4.23819	4.23819	3.71	7.38916	3.71	3.71	3.71	7.91049	7.91049	6.34287	6.34287	5.81809	11.5186	5.81809	4.76566	4.76566	4.76566	8.43051	5.81809	2.122	2.122	3.18118	1.06136	1.06136	1.06136	0.530727	1.06136	0.530727	0.530727	1.06136	1.06136	0.530727	0.530727	0.530727	0	1.06136	1.06136	1.06136	1.06136	4.76566	4.76566	4.76566	4.76566	5.29232	11.5186	6.34287	7.91049	7.91049	7.91049	14.5404	13.0387	6.34287	5.81809	8.94913	3.18118	1.06136	1.06136	0.530727	6.34287	5.81809	10.4958	19.863	23.0792	14.042	17.9633	17.9633	17.9633	33.7013	18.9186	19.863	35.8492	35.499	19.3922	18.9186	18.9186	18.9186	32.9604	16.9976	15.5304	29.065	15.5304	13.5414	23.5269	21.7183	11.5186	9.46628	9.46628	8.94913	16.9976	8.43051	7.91049	7.91049	14.5404	14.5404	6.34287	6.34287	5.81809	11.5186	5.81809	5.29232	5.29232	3.71	7.91049	6.34287	2.122	0	0	0	1.06136	1.06136	1.59182	3.18118	1.59182	1.06136	2.122	1.59182	0.530727	0.530727	0.530727	2.122	4.23819	2.122	2.122	2.122
1.59167	1.59167	1.59167	1.59167	3.18089	7.90977	9.46542	4.76522	5.81755	13.0376	7.38848	7.90977	7.90977	7.90977	16.0205	16.5096	8.42974	7.38848	14.0407	6.86596	7.38848	7.38848	5.81755	10.4949	9.46542	4.76522	6.34229	13.0376	6.86596	7.38848	7.38848	8.42974	17.4802	9.46542	9.98097	19.8613	21.257	11.5176	11.5176	11.5176	13.0376	26.5727	15.0352	14.5391	14.5391	24.4112	24.4112	11.5176	11.5176	11.5176	22.173	11.5176	11.5176	11.5176	7.90977	11.5176	7.38848	3.70966	6.86596	23.9696	17.9618	17.9618	17.9618	11.5176	16.0205	4.76522	4.2378	8.94832	9.46542	4.76522	5.29184	5.29184	3.18089	5.29184	2.1218	2.1218	4.2378	4.76522	2.65157	2.1218	2.1218	1.59167	1.59167	0	0	0	0	0	0	0	0.530678	1.06127	0.530678	1.06127	0.530678	1.59167	3.18089	3.18089	3.70966	7.90977	9.46542	5.29184	5.29184	9.98097	4.76522	4.2378	4.2378	4.2378	6.34229	2.65157	0.530678	0.530678	0.530678	0	1.06127	1.06127	1.06127	2.1218	1.06127	1.06127	2.1218	2.1218	1.06127	0.530678	0.530678	0.530678	2.1218	1.59167	2.65157	2.65157	5.29184	5.29184	4.2378	4.2378	3.70966	7.38848	3.70966	3.70966	3.70966	7.90977	7.90977	6.34229	6.34229	5.81755	11.5176	5.81755	4.76522	4.76522	4.76522	8.42974	5.81755	2.1218	2.1218	3.18089	1.06127	1.06127	1.06127	0.530678	1.06127	0.530678	0.530678	1.06127	1.06127	0.530678	0.530678	0.530678	0	1.06127	1.06127	1.06127	1.06127	4.76522	4.76522	4.76522	4.76522	5.29184	11.5176	6.34229	7.90977	7.90977	7.90977	14.5391	13.0376	6.34229	5.81755	8.94832	3.18089	1.06127	1.06127	0.530678	6.34229	5.81755	10.4949	19.8613	23.0773	14.0407	17.9618	17.9618	17.9618	33.6989	18.9169	19.8613	35.8467	35.4965	19.3905	18.9169	18.9169	18.9169	32.9579	16.9962	15.529	29.0627	15.529	13.5402	23.525	21.7164	11.5176	9.46542	9.46542	8.94832	16.9962	8.42974	7.90977	7.90977	14.5391	14.5391	6.34229	6.34229	5.81755	11.5176	5.81755	5.29184	5.29184	3.70966	7.90977	6.34229	2.1218	0	0	0	1.06127	1.06127	1.59167	3.18089	1.59167	1.06127	2.1218	1.59167	0.530678	0.530678	0.530678	2.1218	4.2378	2.1218	2.1218	2.1218
1.59152	1.59152	1.59152	1.59152	3.18059	7.90904	9.46456	4.76478	5.81702	13.0364	7.3878	7.90904	7.90904	7.90904	16.0191	16.5081	8.42897	7.3878	14.0395	6.86533	7.3878	7.3878	5.81702	10.4939	9.46456	4.76478	6.34171	13.0364	6.86533	7.3878	7.3878	8.42897	17.4787	9.46456	9.98007	19.8596	21.2552	11.5165	11.5165	11.5165	13.0364	26.5706	15.0339	14.5378	14.5378	24.4092	24.4092	11.5165	11.5165	11.5165	22.1712	11.5165	11.5165	11.5165	7.90904	11.5165	7.3878	3.70932	6.86533	23.9676	17.9602	17.9602	17.9602	11.5165	16.0191	4.76478	4.23741	8.9475	9.46456	4.76478	5.29135	5.29135	3.18059	5.29135	2.12161	2.12161	4.23741	4.76478	2.65133	2.12161	2.12161	1.59152	1.59152	0	0	0	0	0	0	0	0.530629	1.06117	0.530629	1.06117	0.530629	1.59152	3.18059	3.18059	3.70932	7.90904	9.46456	5.29135	5.29135	9.98007	4.76478	4.23741	4.23741	4.23741	6.34171	2.65133	0.530629	0.530629	0.530629	0	1.06117	1.06117	1.06117	2.12161	1.06117	1.06117	2.12161	2.12161	1.06117	0.530629	0.530629	0.530629	2.12161	1.59152	2.65133	2.65133	5.29135	5.29135	4.23741	4.23741	3.70932	7.3878	3.70932	3.70932	3.70932	7.90904	7.90904	6.34171	6.34171	5.81702	11.5165	5.81702	4.76478	4.76478	4.76478	8.42897	5.81702	2.12161	2.12161	3.18059	1.06117	1.06117	1.06117	0.530629	1.06117	0.530629	0.530629	1.06117	1.06117	0.530629	0.530629	0.530629	0	1.06117	1.06117	1.06117	1.06117	4.76478	4.76478	4.76478	4.76478	5.29135	11.5165	6.34171	7.90904	7.90904	7.90904	14.5378	13.0364	6.34171	5.81702	8.9475	3.18059	1.06117	1.06117	0.530629	6.34171	5.81702	10.4939	19.8596	23.0754	14.0395	17.9602	17.9602	17.9602	33.6964	18.9153	19.8596	35.8442	35.494	19.3888	18.9153	18.9153	18.9153	32.9555	16.9947	15.5277	29.0605	15.5277	13.539	23.523	21.7146	11.5165	9.46456	9.46456	8.9475	16.9947	8.42897	7.90904	7.90904	14.5378	14.5378	6.34171	6.34171	5.81702	11.5165	5.81702	5.29135	5.29135	3.70932	7.90904	6.34171	2.12161	0	0	0	1.06117	1.06117	1.59152	3.18059	1.59152	1.06117	2.12161	1.59152	0.530629	0.530629	0.530629	2.12161	4.23741	2.12161	2.12161	2.12161
1.59138	1.59138	1.59138	1.59138	3.1803	7.90832	9.4637	4.76434	5.81648	13.0352	7.38713	7.90832	7.90832	7.90832	16.0177	16.5067	8.4282	7.38713	14.0382	6.8647	7.38713	7.38713	5.81648	10.493	9.4637	4.76434	6.34112	13.0352	6.8647	7.38713	7.38713	8.4282	17.4772	9.4637	9.97916	19.8579	21.2534	11.5155	11.5155	11.5155	13.0352	26.5684	15.0326	14.5365	14.5365	24.4072	24.4072	11.5155	11.5155	11.5155	22.1693	11.5155	11.5155	11.5155	7.90832	11.5155	7.38713	3.70898	6.8647	23.9656	17.9587	17.9587	17.9587	11.5155	16.0177	4.76434	4.23702	8.94669	9.4637	4.76434	5.29086	5.29086	3.1803	5.29086	2.12141	2.12141	4.23702	4.76434	2.65108	2.12141	2.12141	1.59138	1.59138	0	0	0	0	0	0	0	0.53058	1.06107	0.53058	1.06107	0.53058	1.59138	3.1803	3.1803	3.70898	7.90832	9.4637	5.29086	5.29086	9.97916	4.76434	4.23702	4.23702	4.23702	6.34112	2.65108	0.53058	0.53058	0.53058	0	1.06107	1.06107	1.06107	2.12141	1.06107	1.06107	2.12141	2.12141	1.06107	0.53058	0.53058	0.53058	2.12141	1.59138	2.65108	2.65108	5.29086	5.29086	4.23702	4.23702	3.70898	7.38713	3.70898	3.70898	3.70898	7.90832	7.90832	6.34112	6.34112	5.81648	11.5155	5.81648	4.76434	4.76434	4.76434	8.4282	5.81648	2.12141	2.12141	3.1803	1.06107	1.06107	1.06107	0.53058	1.06107	0.53058	0.53058	1.06107	1.06107	0.53058	0.53058	0.53058	0	1.06107	1.06107	1.06107	1.06107	4.76434	4.76434	4.76434	4.76434	5.29086	11.5155	6.34112	7.90832	7.90832	7.90832	14.5365	13.0352	6.34112	5.81648	8.94669	3.1803	1.06107	1.06107	0.53058	6.34112	5.81648	10.493	19.8579	23.0735	14.0382	17.9587	17.9587	17.9587	33.694	18.9137	19.8579	35.8417	35.4915	19.3872	18.9137	18.9137	18.9137	32.9531	16.9932	15.5263	29.0582	15.5263	13.5378	23.5211	21.7128	11.5155	9.4637	9.4637	8.94669	16.9932	8.4282	7.90832	7.90832	14.5365	14.5365	6.34112	6.34112	5.81648	11.5155	5.81648	5.29086	5.29086	3.70898	7.90832	6.34112	2.12141	0	0	0	1.06107	1.06107	1.59138	3.1803	1.59138	1.06107	2.12141	1.59138	0.53058	0.53058	0.53058	2.12141	4.23702	2.12141	2.12141	2.12141
1.5912	1.5912	1.5912	1.5912	3.17995	7.90745	9.46267	4.76382	5.81584	13.0338	7.38631	7.90745	7.90745	7.90745	16.016	16.5049	8.42728	7.38631	14.0367	6.86394	7.38631	7.38631	5.81584	10.4919	9.46267	4.76382	6.34042	13.0338	6.86394	7.38631	7.38631	8.42728	17.4754	9.46267	9.97807	19.8559	21.2512	11.5142	11.5142	11.5142	13.0338	26.5659	15.031	14.535	14.535	24.4048	24.4048	11.5142	11.5142	11.5142	22.1671	11.5142	11.5142	11.5142	7.90745	11.5142	7.38631	3.70857	6.86394	23.9633	17.9568	17.9568	17.9568	11.5142	16.016	4.76382	4.23655	8.94571	9.46267	4.76382	5.29028	5.29028	3.17995	5.29028	2.12117	2.12117	4.23655	4.76382	2.65079	2.12117	2.12117	1.5912	1.5912	0	0	0	0	0	0	0	0.530521	1.06095	0.530521	1.06095	0.530521	1.5912	3.17995	3.17995	3.70857	7.90745	9.46267	5.29028	5.29028	9.97807	4.76382	4.23655	4.23655	4.23655	6.34042	2.65079	0.530521	0.530521	0.530521	0	1.06095	1.06095	1.06095	2.12117	1.06095	1.06095	2.12117	2.12117	1.06095	0.530521	0.530521	0.530521	2.12117	1.5912	2.65079	2.65079	5.29028	5.29028	4.23655	4.23655	3.70857	7.38631	3.70857	3.70857	3.70857	7.90745	7.90745	6.34042	6.34042	5.81584	11.5142	5.81584	4.76382	4.76382	4.76382	8.42728	5.81584	2.12117	2.12117	3.17995	1.06095	1.06095	1.06095	0.530521	1.06095	0.530521	0.530521	1.06095	1.06095	0.530521	0.530521	0.530521	0	1.06095	1.06095	1.06095	1.06095	4.76382	4.76382	4.76382	4.76382	5.29028	11.5142	6.34042	7.90745	7.90745	7.90745	14.535	13.0338	6.34042	5.81584	8.94571	3.17995	1.06095	1.06095	0.530521	6.34042	5.81584	10.4919	19.8559	23.0712	14.0367	17.9568	17.9568	17.9568	33.691	18.9117	19.8559	35.8387	35.4885	19.3852	18.9117	18.9117	18.9117	32.9502	16.9914	15.5247	29.0555	15.5247	13.5363	23.5187	21.7106	11.5142	9.46267	9.46267	8.94571	16.9914	8.42728	7.90745	7.90745	14.535	14.535	6.34042	6.34042	5.81584	11.5142	5.81584	5.29028	5.29028	3.70857	7.90745	6.34042	2.12117	0	0	0	1.06095	1.06095	1.5912	3.17995	1.5912	1.06095	2.12117	1.5912	0.530521	0.530521	0.530521	2.12117	4.23655	2.12117	2.12117	2.12117
1.59105	1.59105	1.59105	1.59105	3.17965	7.90673	9.46181	4.76338	5.81531	13.0327	7.38564	7.90673	7.90673	7.90673	16.0146	16.5035	8.42651	7.38564	14.0355	6.86331	7.38564	7.38564	5.81531	10.4909	9.46181	4.76338	6.33984	13.0327	6.86331	7.38564	7.38564	8.42651	17.4739	9.46181	9.97717	19.8542	21.2494	11.5132	11.5132	11.5132	13.0327	26.5638	15.0296	14.5337	14.5337	24.4028	24.4028	11.5132	11.5132	11.5132	22.1652	11.5132	11.5132	11.5132	7.90673	11.5132	7.38564	3.70822	6.86331	23.9613	17.9552	17.9552	17.9552	11.5132	16.0146	4.76338	4.23616	8.94489	9.46181	4.76338	5.28979	5.28979	3.17965	5.28979	2.12098	2.12098	4.23616	4.76338	2.65054	2.12098	2.12098	1.59105	1.59105	0	0	0	0	0	0	0	0.530472	1.06085	0.530472	1.06085	0.530472	1.59105	3.17965	3.17965	3.70822	7.90673	9.46181	5.28979	5.28979	9.97717	4.76338	4.23616	4.23616	4.23616	6.33984	2.65054	0.530472	0.530472	0.530472	0	1.06085	1.06085	1.06085	2.12098	1.06085	1.06085	2.12098	2.12098	1.06085	0.530472	0.530472	0.530472	2.12098	1.59105	2.65054	2.65054	5.28979	5.28979	4.23616	4.23616	3.70822	7.38564	3.70822	3.70822	3.70822	7.90673	7.90673	6.33984	6.33984	5.81531	11.5132	5.81531	4.76338	4.76338	4.76338	8.42651	5.81531	2.12098	2.12098	3.17965	1.06085	1.06085	1.06085	0.530472	1.06085	0.530472	0.530472	1.06085	1.06085	0.530472	0.530472	0.530472	0	1.06085	1.06085	1.06085	1.06085	4.76338	4.76338	4.76338	4.76338	5.28979	11.5132	6.33984	7.90673	7.90673	7.90673	14.5337	13.0327	6.33984	5.81531	8.94489	3.17965	1.06085	1.06085	0.530472	6.33984	5.81531	10.4909	19.8542	23.0693	14.0355	17.9552	17.9552	17.9552	33.6886	18.9101	19.8542	35.8361	35.486	19.3835	18.9101	18.9101	18.9101	32.9478	16.9899	15.5233	29.0533	15.5233	13.5351	23.5168	21.7088	11.5132	9.46181	9.46181	8.94489	16.9899	8.42651	7.90673	7.90673	14.5337	14.5337	6.33984	6.33984	5.81531	11.5132	5.81531	5.28979	5.28979	3.70822	7.90673	6.33984	2.12098	0	0	0	1.06085	1.06085	1.59105	3.17965	1.59105	1.06085	2.12098	1.59105	0.530472	0.530472	0.530472	2.12098	4.23616	2.12098	2.12098	2.12098
1.5909	1.5909	1.5909	1.5909	3.17936	7.90601	9.46095	4.76294	5.81477	13.0315	7.38496	7.90601	7.90601	7.90601	16.0132	16.502	8.42574	7.38496	14.0342	6.86268	7.38496	7.38496	5.81477	10.49	9.46095	4.76294	6.33926	13.0315	6.86268	7.38496	7.38496	8.42574	17.4723	9.46095	9.97626	19.8525	21.2476	11.5122	11.5122	11.5122	13.0315	26.5617	15.0283	14.5324	14.5324	24.4008	24.4008	11.5122	11.5122	11.5122	22.1634	11.5122	11.5122	11.5122	7.90601	11.5122	7.38496	3.70788	6.86268	23.9593	17.9537	17.9537	17.9537	11.5122	16.0132	4.76294	4.23577	8.94408	9.46095	4.76294	5.2893	5.2893	3.17936	5.2893	2.12078	2.12078	4.23577	4.76294	2.6503	2.12078	2.12078	1.5909	1.5909	0	0	0	0	0	0	0	0.530423	1.06075	0.530423	1.06075	0.530423	1.5909	3.17936	3.17936	3.70788	7.90601	9.46095	5.2893	5.2893	9.97626	4.76294	4.23577	4.23577	4.23577	6.33926	2.6503	0.530423	0.530423	0.530423	0	1.06075	1.06075	1.06075	2.12078	1.06075	1.06075	2.12078	2.12078	1.06075	0.530423	0.530423	0.530423	2.12078	1.5909	2.6503	2.6503	5.2893	5.2893	4.23577	4.23577	3.70788	7.38496	3.70788	3.70788	3.70788	7.90601	7.90601	6.33926	6.33926	5.81477	11.5122	5.81477	4.76294	4.76294	4.76294	8.42574	5.81477	2.12078	2.12078	3.17936	1.06075	1.06075	1.06075	0.530423	1.06075	0.530423	0.530423	1.06075	1.06075	0.530423	0.530423	0.530423	0	1.06075	1.06075	1.06075	1.06075	4.76294	4.76294	4.76294	4.76294	5.2893	11.5122	6.33926	7.90601	7.90601	7.90601	14.5324	13.0315	6.33926	5.81477	8.94408	3.17936	1.06075	1.06075	0.530423	6.33926	5.81477	10.49	19.8525	23.0674	14.0342	17.9537	17.9537	17.9537	33.6862	18.9085	19.8525	35.8336	35.4835	19.3819	18.9085	18.9085	18.9085	32.9453	16.9885	15.5219	29.051	15.5219	13.5339	23.5149	21.707	11.5122	9.46095	9.46095	8.94408	16.9885	8.42574	7.90601	7.90601	14.5324	14.5324	6.33926	6.33926	5.81477	11.5122	5.81477	5.2893	5.2893	3.70788	7.90601	6.33926	2.12078	0	0	0	1.06075	1.06075	1.5909	3.17936	1.5909	1.06075	2.12078	1.5909	0.530423	0.530423	0.530423	2.12078	4.23577	2.12078	2.12078	2.12078
1.59076	1.59076	1.59076	1.59076	3.17907	7.90528	9.46009	4.7625	5.81424	13.0303	7.38429	7.90528	7.90528	7.90528	16.0118	16.5006	8.42497	7.38429	14.033	6.86206	7.38429	7.38429	5.81424	10.489	9.46009	4.7625	6.33868	13.0303	6.86206	7.38429	7.38429	8.42497	17.4708	9.46009	9.97536	19.8508	21.2458	11.5111	11.5111	11.5111	13.0303	26.5595	15.027	14.5311	14.5311	24.3988	24.3988	11.5111	11.5111	11.5111	22.1615	11.5111	11.5111	11.5111	7.90528	11.5111	7.38429	3.70754	6.86206	23.9574	17.9521	17.9521	17.9521	11.5111	16.0118	4.7625	4.23538	8.94326	9.46009	4.7625	5.28882	5.28882	3.17907	5.28882	2.12059	2.12059	4.23538	4.7625	2.65005	2.12059	2.12059	1.59076	1.59076	0	0	0	0	0	0	0	0.530374	1.06066	0.530374	1.06066	0.530374	1.59076	3.17907	3.17907	3.70754	7.90528	9.46009	5.28882	5.28882	9.97536	4.7625	4.23538	4.23538	4.23538	6.33868	2.65005	0.530374	0.530374	0.530374	0	1.06066	1.06066	1.06066	2.12059	1.06066	1.06066	2.12059	2.12059	1.06066	0.530374	0.530374	0.530374	2.12059	1.59076	2.65005	2.65005	5.28882	5.28882	4.23538	4.23538	3.70754	7.38429	3.70754	3.70754	3.70754	7.90528	7.90528	6.33868	6.33868	5.81424	11.5111	5.81424	4.7625	4.7625	4.7625	8.42497	5.81424	2.12059	2.12059	3.17907	1.06066	1.06066	1.06066	0.530374	1.06066	0.530374	0.530374	1.06066	1.06066	0.530374	0.530374	0.530374	0	1.06066	1.06066	1.06066	1.06066	4.7625	4.7625	4.7625	4.7625	5.28882	11.5111	6.33868	7.90528	7.90528	7.90528	14.5311	13.0303	6.33868	5.81424	8.94326	3.17907	1.06066	1.06066	0.530374	6.33868	5.81424	10.489	19.8508	23.0654	14.033	17.9521	17.9521	17.9521	33.6837	18.9069	19.8508	35.8311	35.4809	19.3802	18.9069	18.9069	18.9069	32.9429	16.987	15.5206	29.0487	15.5206	13.5327	23.5129	21.7051	11.5111	9.46009	9.46009	8.94326	16.987	8.42497	7.90528	7.90528	14.5311	14.5311	6.33868	6.33868	5.81424	11.5111	5.81424	5.28882	5.28882	3.70754	7.90528	6.33868	2.12059	0	0	0	1.06066	1.06066	1.59076	3.17907	1.59076	1.06066	2.12059	1.59076	0.530374	0.530374	0.530374	2.12059	4.23538	2.12059	2.12059	2.12059
1.59061	1.59061	1.59061	1.59061	3.17877	7.90456	9.45923	4.76206	5.8137	13.0292	7.38361	7.90456	7.90456	7.90456	16.0104	16.4992	8.4242	7.38361	14.0318	6.86143	7.38361	7.38361	5.8137	10.4881	9.45923	4.76206	6.3381	13.0292	6.86143	7.38361	7.38361	8.4242	17.4693	9.45923	9.97445	19.8491	21.2441	11.5101	11.5101	11.5101	13.0292	26.5574	15.0256	14.5298	14.5298	24.3968	24.3968	11.5101	11.5101	11.5101	22.1597	11.5101	11.5101	11.5101	7.90456	11.5101	7.38361	3.7072	6.86143	23.9554	17.9506	17.9506	17.9506	11.5101	16.0104	4.76206	4.23499	8.94245	9.45923	4.76206	5.28833	5.28833	3.17877	5.28833	2.12039	2.12039	4.23499	4.76206	2.64981	2.12039	2.12039	1.59061	1.59061	0	0	0	0	0	0	0	0.530325	1.06056	0.530325	1.06056	0.530325	1.59061	3.17877	3.17877	3.7072	7.90456	9.45923	5.28833	5.28833	9.97445	4.76206	4.23499	4.23499	4.23499	6.3381	2.64981	0.530325	0.530325	0.530325	0	1.06056	1.06056	1.06056	2.12039	1.06056	1.06056	2.12039	2.12039	1.06056	0.530325	0.530325	0.530325	2.12039	1.59061	2.64981	2.64981	5.28833	5.28833	4.23499	4.23499	3.7072	7.38361	3.7072	3.7072	3.7072	7.90456	7.90456	6.3381	6.3381	5.8137	11.5101	5.8137	4.76206	4.76206	4.76206	8.4242	5.8137	2.12039	2.12039	3.17877	1.06056	1.06056	1.06056	0.530325	1.06056	0.530325	0.530325	1.06056	1.06056	0.530325	0.530325	0.530325	0	1.06056	1.06056	1.06056	1.06056	4.76206	4.76206	4.76206	4.76206	5.28833	11.5101	6.3381	7.90456	7.90456	7.90456	14.5298	13.0292	6.3381	5.8137	8.94245	3.17877	1.06056	1.06056	0.530325	6.3381	5.8137	10.4881	19.8491	23.0635	14.0318	17.9506	17.9506	17.9506	33.6813	18.9052	19.8491	35.8286	35.4784	19.3785	18.9052	18.9052	18.9052	32.9405	16.9855	15.5192	29.0465	15.5192	13.5315	23.511	21.7033	11.5101	9.45923	9.45923	8.94245	16.9855	8.4242	7.90456	7.90456	14.5298	14.5298	6.3381	6.3381	5.8137	11.5101	5.8137	5.28833	5.28833	3.7072	7.90456	6.3381	2.12039	0	0	0	1.06056	1.06056	1.59061	3.17877	1.59061	1.06056	2.12039	1.59061	0.530325	0.530325	0.530325	2.12039	4.23499	2.12039	2.12039	2.12039
1.59046	1.59046	1.59046	1.59046	3.17848	7.90384	9.45837	4.76162	5.81317	13.028	7.38293	7.90384	7.90384	7.90384	16.009	16.4977	8.42343	7.38293	14.0305	6.8608	7.38293	7.38293	5.81317	10.4871	9.45837	4.76162	6.33751	13.028	6.8608	7.38293	7.38293	8.42343	17.4678	9.45837	9.97355	19.8474	21.2423	11.5091	11.5091	11.5091	13.028	26.5553	15.0243	14.5285	14.5285	24.3948	24.3948	11.5091	11.5091	11.5091	22.1578	11.5091	11.5091	11.5091	7.90384	11.5091	7.38293	3.70685	6.8608	23.9534	17.949	17.949	17.949	11.5091	16.009	4.76162	4.2346	8.94163	9.45837	4.76162	5.28784	5.28784	3.17848	5.28784	2.12019	2.12019	4.2346	4.76162	2.64956	2.12019	2.12019	1.59046	1.59046	0	0	0	0	0	0	0	0.530275	1.06046	0.530275	1.06046	0.530275	1.59046	3.17848	3.17848	3.70685	7.90384	9.45837	5.28784	5.28784	9.97355	4.76162	4.2346	4.2346	4.2346	6.33751	2.64956	0.530275	0.530275	0.530275	0	1.06046	1.06046	1.06046	2.12019	1.06046	1.06046	2.12019	2.12019	1.06046	0.530275	0.530275	0.530275	2.12019	1.59046	2.64956	2.64956	5.28784	5.28784	4.2346	4.2346	3.70685	7.38293	3.70685	3.70685	3.70685	7.90384	7.90384	6.33751	6.33751	5.81317	11.5091	5.81317	4.76162	4.76162	4.76162	8.42343	5.81317	2.12019	2.12019	3.17848	1.06046	1.06046	1.06046	0.530275	1.06046	0.530275	0.530275	1.06046	1.06046	0.530275	0.530275	0.530275	0	1.06046	1.06046	1.06046	1.06046	4.76162	4.76162	4.76162	4.76162	5.28784	11.5091	6.33751	7.90384	7.90384	7.90384	14.5285	13.028	6.33751	5.81317	8.94163	3.17848	1.06046	1.06046	0.530275	6.33751	5.81317	10.4871	19.8474	23.0616	14.0305	17.949	17.949	17.949	33.6788	18.9036	19.8474	35.8261	35.4759	19.3769	18.9036	18.9036	18.9036	32.9381	16.984	15.5178	29.0442	15.5178	13.5303	23.509	21.7015	11.5091	9.45837	9.45837	8.94163	16.984	8.42343	7.90384	7.90384	14.5285	14.5285	6.33751	6.33751	5.81317	11.5091	5.81317	5.28784	5.28784	3.70685	7.90384	6.33751	2.12019	0	0	0	1.06046	1.06046	1.59046	3.17848	1.59046	1.06046	2.12019	1.59046	0.530275	0.530275	0.530275	2.12019	4.2346	2.12019	2.12019	2.12019
1.59029	1.59029	1.59029	1.59029	3.17813	7.90297	9.45734	4.7611	5.81253	13.0266	7.38212	7.90297	7.90297	7.90297	16.0073	16.496	8.42251	7.38212	14.029	6.86004	7.38212	7.38212	5.81253	10.486	9.45734	4.7611	6.33682	13.0266	6.86004	7.38212	7.38212	8.42251	17.466	9.45734	9.97246	19.8454	21.2401	11.5078	11.5078	11.5078	13.0266	26.5527	15.0227	14.527	14.527	24.3924	24.3924	11.5078	11.5078	11.5078	22.1556	11.5078	11.5078	11.5078	7.90297	11.5078	7.38212	3.70644	6.86004	23.9511	17.9471	17.9471	17.9471	11.5078	16.0073	4.7611	4.23413	8.94066	9.45734	4.7611	5.28726	5.28726	3.17813	5.28726	2.11996	2.11996	4.23413	4.7611	2.64927	2.11996	2.11996	1.59029	1.59029	0	0	0	0	0	0	0	0.530217	1.06034	0.530217	1.06034	0.530217	1.59029	3.17813	3.17813	3.70644	7.90297	9.45734	5.28726	5.28726	9.97246	4.7611	4.23413	4.23413	4.23413	6.33682	2.64927	0.530217	0.530217	0.530217	0	1.06034	1.06034	1.06034	2.11996	1.06034	1.06034	2.11996	2.11996	1.06034	0.530217	0.530217	0.530217	2.11996	1.59029	2.64927	2.64927	5.28726	5.28726	4.23413	4.23413	3.70644	7.38212	3.70644	3.70644	3.70644	7.90297	7.90297	6.33682	6.33682	5.81253	11.5078	5.81253	4.7611	4.7611	4.7611	8.42251	5.81253	2.11996	2.11996	3.17813	1.06034	1.06034	1.06034	0.530217	1.06034	0.530217	0.530217	1.06034	1.06034	0.530217	0.530217	0.530217	0	1.06034	1.06034	1.06034	1.06034	4.7611	4.7611	4.7611	4.7611	5.28726	11.5078	6.33682	7.90297	7.90297	7.90297	14.527	13.0266	6.33682	5.81253	8.94066	3.17813	1.06034	1.06034	0.530217	6.33682	5.81253	10.486	19.8454	23.0593	14.029	17.9471	17.9471	17.9471	33.6759	18.9017	19.8454	35.8231	35.4729	19.3749	18.9017	18.9017	18.9017	32.9352	16.9822	15.5162	29.0415	15.5162	13.5289	23.5067	21.6993	11.5078	9.45734	9.45734	8.94066	16.9822	8.42251	7.90297	7.90297	14.527	14.527	6.33682	6.33682	5.81253	11.5078	5.81253	5.28726	5.28726	3.70644	7.90297	6.33682	2.11996	0	0	0	1.06034	1.06034	1.59029	3.17813	1.59029	1.06034	2.11996	1.59029	0.530217	0.530217	0.530217	2.11996	4.23413	2.11996	2.11996	2.11996
1.59014	1.59014	1.59014	1.59014	3.17783	7.90225	9.45648	4.76066	5.81199	13.0254	7.38145	7.90225	7.90225	7.90225	16.0059	16.4945	8.42174	7.38145	14.0278	6.85941	7.38145	7.38145	5.81199	10.485	9.45648	4.76066	6.33623	13.0254	6.85941	7.38145	7.38145	8.42174	17.4644	9.45648	9.97156	19.8437	21.2383	11.5068	11.5068	11.5068	13.0254	26.5506	15.0214	14.5257	14.5257	24.3904	24.3904	11.5068	11.5068	11.5068	22.1537	11.5068	11.5068	11.5068	7.90225	11.5068	7.38145	3.7061	6.85941	23.9491	17.9456	17.9456	17.9456	11.5068	16.0059	4.76066	4.23374	8.93984	9.45648	4.76066	5.28677	5.28677	3.17783	5.28677	2.11976	2.11976	4.23374	4.76066	2.64902	2.11976	2.11976	1.59014	1.59014	0	0	0	0	0	0	0	0.530168	1.06024	0.530168	1.06024	0.530168	1.59014	3.17783	3.17783	3.7061	7.90225	9.45648	5.28677	5.28677	9.97156	4.76066	4.23374	4.23374	4.23374	6.33623	2.64902	0.530168	0.530168	0.530168	0	1.06024	1.06024	1.06024	2.11976	1.06024	1.06024	2.11976	2.11976	1.06024	0.530168	0.530168	0.530168	2.11976	1.59014	2.64902	2.64902	5.28677	5.28677	4.23374	4.23374	3.7061	7.38145	3.7061	3.7061	3.7061	7.90225	7.90225	6.33623	6.33623	5.81199	11.5068	5.81199	4.76066	4.76066	4.76066	8.42174	5.81199	2.11976	2.11976	3.17783	1.06024	1.06024	1.06024	0.530168	1.06024	0.530168	0.530168	1.06024	1.06024	0.530168	0.530168	0.530168	0	1.06024	1.06024	1.06024	1.06024	4.76066	4.76066	4.76066	4.76066	5.28677	11.5068	6.33623	7.90225	7.90225	7.90225	14.5257	13.0254	6.33623	5.81199	8.93984	3.17783	1.06024	1.06024	0.530168	6.33623	5.81199	10.485	19.8437	23.0574	14.0278	17.9456	17.9456	17.9456	33.6734	18.9	19.8437	35.8205	35.4704	19.3732	18.9	18.9	18.9	32.9328	16.9807	15.5148	29.0393	15.5148	13.5277	23.5048	21.6975	11.5068	9.45648	9.45648	8.93984	16.9807	8.42174	7.90225	7.90225	14.5257	14.5257	6.33623	6.33623	5.81199	11.5068	5.81199	5.28677	5.28677	3.7061	7.90225	6.33623	2.11976	0	0	0	1.06024	1.06024	1.59014	3.17783	1.59014	1.06024	2.11976	1.59014	0.530168	0.530168	0.530168	2.11976	4.23374	2.11976	2.11976	2.11976
1.58999	1.58999	1.58999	1.58999	3.17754	7.90153	9.45562	4.76022	5.81146	13.0243	7.38077	7.90153	7.90153	7.90153	16.0045	16.4931	8.42097	7.38077	14.0265	6.85879	7.38077	7.38077	5.81146	10.4841	9.45562	4.76022	6.33565	13.0243	6.85879	7.38077	7.38077	8.42097	17.4629	9.45562	9.97066	19.842	21.2365	11.5057	11.5057	11.5057	13.0243	26.5485	15.0201	14.5244	14.5244	24.3884	24.3884	11.5057	11.5057	11.5057	22.1519	11.5057	11.5057	11.5057	7.90153	11.5057	7.38077	3.70576	6.85879	23.9471	17.944	17.944	17.944	11.5057	16.0045	4.76022	4.23335	8.93903	9.45562	4.76022	5.28628	5.28628	3.17754	5.28628	2.11957	2.11957	4.23335	4.76022	2.64878	2.11957	2.11957	1.58999	1.58999	0	0	0	0	0	0	0	0.530118	1.06015	0.530118	1.06015	0.530118	1.58999	3.17754	3.17754	3.70576	7.90153	9.45562	5.28628	5.28628	9.97066	4.76022	4.23335	4.23335	4.23335	6.33565	2.64878	0.530118	0.530118	0.530118	0	1.06015	1.06015	1.06015	2.11957	1.06015	1.06015	2.11957	2.11957	1.06015	0.530118	0.530118	0.530118	2.11957	1.58999	2.64878	2.64878	5.28628	5.28628	4.23335	4.23335	3.70576	7.38077	3.70576	3.70576	3.70576	7.90153	7.90153	6.33565	6.33565	5.81146	11.5057	5.81146	4.76022	4.76022	4.76022	8.42097	5.81146	2.11957	2.11957	3.17754	1.06015	1.06015	1.06015	0.530118	1.06015	0.530118	0.530118	1.06015	1.06015	0.530118	0.530118	0.530118	0	1.06015	1.06015	1.06015	1.06015	4.76022	4.76022	4.76022	4.76022	5.28628	11.5057	6.33565	7.90153	7.90153	7.90153	14.5244	13.0243	6.33565	5.81146	8.93903	3.17754	1.06015	1.06015	0.530118	6.33565	5.81146	10.4841	19.842	23.0555	14.0265	17.944	17.944	17.944	33.671	18.8984	19.842	35.818	35.4679	19.3716	18.8984	18.8984	18.8984	32.9303	16.9793	15.5134	29.037	15.5134	13.5264	23.5028	21.6957	11.5057	9.45562	9.45562	8.93903	16.9793	8.42097	7.90153	7.90153	14.5244	14.5244	6.33565	6.33565	5.81146	11.5057	5.81146	5.28628	5.28628	3.70576	7.90153	6.33565	2.11957	0	0	0	1.06015	1.06015	1.58999	3.17754	1.58999	1.06015	2.11957	1.58999	0.530118	0.530118	0.530118	2.11957	4.23335	2.11957	2.11957	2.11957
1.58985	1.58985	1.58985	1.58985	3.17725	7.90081	9.45476	4.75978	5.81092	13.0231	7.3801	7.90081	7.90081	7.90081	16.0031	16.4917	8.42021	7.3801	14.0253	6.85816	7.3801	7.3801	5.81092	10.4831	9.45476	4.75978	6.33507	13.0231	6.85816	7.3801	7.3801	8.42021	17.4614	9.45476	9.96975	19.8403	21.2347	11.5047	11.5047	11.5047	13.0231	26.5464	15.0187	14.5231	14.5231	24.3864	24.3864	11.5047	11.5047	11.5047	22.15	11.5047	11.5047	11.5047	7.90081	11.5047	7.3801	3.70542	6.85816	23.9452	17.9425	17.9425	17.9425	11.5047	16.0031	4.75978	4.23296	8.93822	9.45476	4.75978	5.2858	5.2858	3.17725	5.2858	2.11937	2.11937	4.23296	4.75978	2.64853	2.11937	2.11937	1.58985	1.58985	0	0	0	0	0	0	0	0.530069	1.06005	0.530069	1.06005	0.530069	1.58985	3.17725	3.17725	3.70542	7.90081	9.45476	5.2858	5.2858	9.96975	4.75978	4.23296	4.23296	4.23296	6.33507	2.64853	0.530069	0.530069	0.530069	0	1.06005	1.06005	1.06005	2.11937	1.06005	1.06005	2.11937	2.11937	1.06005	0.530069	0.530069	0.530069	2.11937	1.58985	2.64853	2.64853	5.2858	5.2858	4.23296	4.23296	3.70542	7.3801	3.70542	3.70542	3.70542	7.90081	7.90081	6.33507	6.33507	5.81092	11.5047	5.81092	4.75978	4.75978	4.75978	8.42021	5.81092	2.11937	2.11937	3.17725	1.06005	1.06005	1.06005	0.530069	1.06005	0.530069	0.530069	1.06005	1.06005	0.530069	0.530069	0.530069	0	1.06005	1.06005	1.06005	1.06005	4.75978	4.75978	4.75978	4.75978	5.2858	11.5047	6.33507	7.90081	7.90081	7.90081	14.5231	13.0231	6.33507	5.81092	8.93822	3.17725	1.06005	1.06005	0.530069	6.33507	5.81092	10.4831	19.8403	23.0536	14.0253	17.9425	17.9425	17.9425	33.6685	18.8968	19.8403	35.8155	35.4654	19.3699	18.8968	18.8968	18.8968	32.9279	16.9778	15.5121	29.0348	15.5121	13.5252	23.5009	21.6938	11.5047	9.45476	9.45476	8.93822	16.9778	8.42021	7.90081	7.90081	14.5231	14.5231	6.33507	6.33507	5.81092	11.5047	5.81092	5.2858	5.2858	3.70542	7.90081	6.33507	2.11937	0	0	0	1.06005	1.06005	1.58985	3.17725	1.58985	1.06005	2.11937	1.58985	0.530069	0.530069	0.530069	2.11937	4.23296	2.11937	2.11937	2.11937
1.5897	1.5897	1.5897	1.5897	3.17695	7.90008	9.4539	4.75934	5.81039	13.0219	7.37942	7.90008	7.90008	7.90008	16.0017	16.4902	8.41944	7.37942	14.024	6.85753	7.37942	7.37942	5.81039	10.4822	9.4539	4.75934	6.33449	13.0219	6.85753	7.37942	7.37942	8.41944	17.4599	9.4539	9.96885	19.8386	21.233	11.5037	11.5037	11.5037	13.0219	26.5443	15.0174	14.5218	14.5218	24.3844	24.3844	11.5037	11.5037	11.5037	22.1482	11.5037	11.5037	11.5037	7.90008	11.5037	7.37942	3.70508	6.85753	23.9432	17.9409	17.9409	17.9409	11.5037	16.0017	4.75934	4.23257	8.9374	9.4539	4.75934	5.28531	5.28531	3.17695	5.28531	2.11918	2.11918	4.23257	4.75934	2.64829	2.11918	2.11918	1.5897	1.5897	0	0	0	0	0	0	0	0.53002	1.05995	0.53002	1.05995	0.53002	1.5897	3.17695	3.17695	3.70508	7.90008	9.4539	5.28531	5.28531	9.96885	4.75934	4.23257	4.23257	4.23257	6.33449	2.64829	0.53002	0.53002	0.53002	0	1.05995	1.05995	1.05995	2.11918	1.05995	1.05995	2.11918	2.11918	1.05995	0.53002	0.53002	0.53002	2.11918	1.5897	2.64829	2.64829	5.28531	5.28531	4.23257	4.23257	3.70508	7.37942	3.70508	3.70508	3.70508	7.90008	7.90008	6.33449	6.33449	5.81039	11.5037	5.81039	4.75934	4.75934	4.75934	8.41944	5.81039	2.11918	2.11918	3.17695	1.05995	1.05995	1.05995	0.53002	1.05995	0.53002	0.53002	1.05995	1.05995	0.53002	0.53002	0.53002	0	1.05995	1.05995	1.05995	1.05995	4.75934	4.75934	4.75934	4.75934	5.28531	11.5037	6.33449	7.90008	7.90008	7.90008	14.5218	13.0219	6.33449	5.81039	8.9374	3.17695	1.05995	1.05995	0.53002	6.33449	5.81039	10.4822	19.8386	23.0517	14.024	17.9409	17.9409	17.9409	33.6661	18.8952	19.8386	35.813	35.4629	19.3683	18.8952	18.8952	18.8952	32.9255	16.9763	15.5107	29.0325	15.5107	13.524	23.499	21.692	11.5037	9.4539	9.4539	8.9374	16.9763	8.41944	7.90008	7.90008	14.5218	14.5218	6.33449	6.33449	5.81039	11.5037	5.81039	5.28531	5.28531	3.70508	7.90008	6.33449	2.11918	0	0	0	1.05995	1.05995	1.5897	3.17695	1.5897	1.05995	2.11918	1.5897	0.53002	0.53002	0.53002	2.11918	4.23257	2.11918	2.11918	2.11918
1.58955	1.58955	1.58955	1.58955	3.17666	7.89936	9.45304	4.7589	5.80986	13.0208	7.37875	7.89936	7.89936	7.89936	16.0003	16.4888	8.41867	7.37875	14.0228	6.8569	7.37875	7.37875	5.80986	10.4812	9.45304	4.7589	6.33391	13.0208	6.8569	7.37875	7.37875	8.41867	17.4584	9.45304	9.96794	19.8369	21.2312	11.5026	11.5026	11.5026	13.0208	26.5422	15.0161	14.5205	14.5205	24.3824	24.3824	11.5026	11.5026	11.5026	22.1463	11.5026	11.5026	11.5026	7.89936	11.5026	7.37875	3.70473	6.8569	23.9412	17.9394	17.9394	17.9394	11.5026	16.0003	4.7589	4.23218	8.93659	9.45304	4.7589	5.28483	5.28483	3.17666	5.28483	2.11898	2.11898	4.23218	4.7589	2.64805	2.11898	2.11898	1.58955	1.58955	0	0	0	0	0	0	0	0.529971	1.05985	0.529971	1.05985	0.529971	1.58955	3.17666	3.17666	3.70473	7.89936	9.45304	5.28483	5.28483	9.96794	4.7589	4.23218	4.23218	4.23218	6.33391	2.64805	0.529971	0.529971	0.529971	0	1.05985	1.05985	1.05985	2.11898	1.05985	1.05985	2.11898	2.11898	1.05985	0.529971	0.529971	0.529971	2.11898	1.58955	2.64805	2.64805	5.28483	5.28483	4.23218	4.23218	3.70473	7.37875	3.70473	3.70473	3.70473	7.89936	7.89936	6.33391	6.33391	5.80986	11.5026	5.80986	4.7589	4.7589	4.7589	8.41867	5.80986	2.11898	2.11898	3.17666	1.05985	1.05985	1.05985	0.529971	1.05985	0.529971	0.529971	1.05985	1.05985	0.529971	0.529971	0.529971	0	1.05985	1.05985	1.05985	1.05985	4.7589	4.7589	4.7589	4.7589	5.28483	11.5026	6.33391	7.89936	7.89936	7.89936	14.5205	13.0208	6.33391	5.80986	8.93659	3.17666	1.05985	1.05985	0.529971	6.33391	5.80986	10.4812	19.8369	23.0498	14.0228	17.9394	17.9394	17.9394	33.6636	18.8935	19.8369	35.8105	35.4604	19.3666	18.8935	18.8935	18.8935	32.9231	16.9748	15.5093	29.0303	15.5093	13.5228	23.497	21.6902	11.5026	9.45304	9.45304	8.93659	16.9748	8.41867	7.89936	7.89936	14.5205	14.5205	6.33391	6.33391	5.80986	11.5026	5.80986	5.28483	5.28483	3.70473	7.89936	6.33391	2.11898	0	0	0	1.05985	1.05985	1.58955	3.17666	1.58955	1.05985	2.11898	1.58955	0.529971	0.529971	0.529971	2.11898	4.23218	2.11898	2.11898	2.11898
28.3786	27.6365	27.122	26.4902	25.7049	24.9004	22.7388	18.2903	16.89	19.2976	13.8357	13.3276	12.5578	11.8334	17.9457	18.3873	12.7617	12.3729	17.1451	13.9385	15.0492	15.936	16.1525	18.5879	18.8996	17.874	18.7443	22.2608	20.9674	21.6944	22.5632	23.4821	27.3461	23.3534	22.9825	27.6236	27.6566	19.6024	18.4991	17.4323	17.5005	28.6119	17.2938	16.586	16.1871	24.8322	24.8823	13.0499	13.0499	12.8282	22.2899	15.9448	17.6833	19.4806	19.9377	23.1488	24.5386	25.7158	27.93	37.1604	36.4141	38.1648	39.8935	39.6614	41.2752	39.9859	39.9713	40.6007	40.9575	40.7661	40.8651	40.8651	40.9225	41.4951	41.7823	42.0753	42.5978	43.1139	43.3011	43.5734	43.9873	44.1745	44.2446	44.3668	44.5019	44.7036	44.9035	44.9698	45.0361	45.1681	45.3652	45.7558	46.1392	46.5191	46.8942	46.8985	46.5455	46.0399	45.4695	44.8552	44.4222	44.0206	43.9458	43.9873	43.2926	42.9131	42.4849	41.9725	41.4127	40.8946	40.9324	41.0833	41.2335	41.3058	41.3853	41.5341	41.7548	42.0633	42.1967	42.0543	41.6421	40.9031	40.1028	39.2373	38.1073	36.8597	34.9014	32.6147	31.2473	29.8799	28.2494	25.3877	23.3577	23.3577	23.0997	23.6262	23.3488	24.298	25.5971	28.0715	30.8328	33.2974	35.7967	37.9711	41.1772	43.624	45.1534	46.4391	47.6102	49.2625	51.0364	52.1778	52.8644	53.7651	54.5324	54.9737	55.4054	55.7439	56.2002	56.7259	57.0814	57.5832	58.3659	59.0449	59.5629	60.0982	60.6177	61.4268	62.2511	62.8148	63.3576	64.1635	65.1813	65.8693	66.2616	66.6848	67.3842	67.9865	68.4143	68.8362	69.2586	69.8639	70.4361	70.7401	70.9244	71.1454	71.2937	71.2778	71.168	71.0708	70.9106	70.6954	70.4821	70.151	69.6488	69.0623	68.7384	68.3153	67.8968	67.7674	66.6225	66.209	66.2817	65.4377	63.9482	63.5	63.0774	62.6747	62.9138	61.2969	60.7487	60.7407	59.0653	58.387	58.104	56.8407	55.3255	54.5491	53.8275	52.9546	51.9576	50.0306	49.0703	48.1489	47.2104	45.3569	43.268	42.2738	41.1349	39.7201	37.3441	36.1417	35.0976	34.1172	33.2585	31.6123	30.4655	30.2301	30.2301	30.2301	30.3385	30.5354	30.8389	31.4756	31.9959	31.9959	31.2985	29.8221	28.3329	27.2786	26.2221	25.0642	23.1701	21.0342	19.6392	18.22
28.4727	27.6637	27.1709	26.5412	25.9245	26.0689	24.5334	18.9675	17.6188	21.253	14.4203	13.9742	13.2476	12.0045	17.7335	17.7647	12.5998	12.091	16.0567	13.5208	14.6331	15.548	15.994	18.1069	18.5773	17.8138	18.4813	21.5669	20.8312	21.4351	22.318	23.4064	27.6034	23.6288	23.1752	28.6801	29.4676	20.4895	19.4532	18.4577	18.4386	30.1424	17.9336	17.4623	17.0887	24.6169	24.6676	13.0485	13.0485	11.7815	19.3771	14.6297	16.5366	18.4754	19.4011	22.1388	24.1317	25.6205	28.4865	39.3766	37.3424	39.083	40.7173	39.9194	41.5344	39.9687	39.9833	40.6573	41.016	40.779	40.8625	40.8625	40.9425	41.5669	41.7949	42.0876	42.6528	43.1552	43.306	43.593	44.0063	44.1719	44.2465	44.3648	44.4999	44.7035	44.9014	44.9671	45.0341	45.1661	45.3626	45.7531	46.1366	46.5164	46.8958	46.8916	46.5252	46.019	45.4401	44.7526	44.3761	44.0179	43.9306	43.9154	43.2679	42.8829	42.4538	41.9336	41.3356	40.892	40.9322	41.083	41.2332	41.3032	41.3803	41.5292	41.7491	42.0517	42.1941	42.0607	41.6763	40.9682	40.1274	39.2913	38.1656	36.9407	35.3464	32.7638	31.4197	30.0673	29.0687	26.3589	23.3558	23.3558	23.1754	23.5607	23.2677	24.1874	25.4949	27.6637	30.4879	33.1115	35.6369	37.851	40.7929	43.5423	45.1022	46.3921	47.5664	49.1461	50.9962	52.1727	52.8595	53.7626	54.5314	54.9726	55.4043	55.7422	56.2059	56.7271	57.0809	57.5909	58.3835	59.0493	59.5694	60.1044	60.6261	61.4629	62.2573	62.8205	63.3629	64.1685	65.1856	65.8598	66.2526	66.6747	67.3457	67.9747	68.3983	68.8211	69.244	69.8222	70.4078	70.7329	70.9184	71.134	71.2909	71.2762	71.1663	71.0693	70.9029	70.6893	70.4659	70.0939	69.5734	69.0341	68.6929	68.267	67.8491	67.5706	66.5625	66.147	66.0391	65.1836	63.8761	63.4334	63.0077	62.6097	62.6646	61.2225	60.678	60.4469	58.9734	58.3114	57.8463	56.5802	55.2437	54.4806	53.7549	52.8712	51.6255	49.9399	48.9872	48.06	46.882	44.982	43.183	42.1831	41.0429	39.3215	37.2275	36.047	34.9967	34.0651	33.0073	31.4372	30.4446	30.2278	30.2278	30.2278	30.3315	30.5285	30.8245	31.4266	31.9822	32.0104	31.4193	30.0356	28.3922	27.3045	26.25	25.0363	23.0516	20.9991	19.601	18.1781
4.23093	2.64726	3.17572	3.17572	6.33205	14.5164	16.9701	8.93399	9.45029	18.4127	9.45029	9.96505	9.96505	8.41622	15.505	15.0119	7.89706	6.33205	10.9896	4.7575	5.28327	5.28327	4.7575	8.41622	7.89706	4.23093	4.23093	9.96505	5.80815	5.28327	5.28327	7.89706	18.4127	10.9896	10.9896	23.0437	26.1097	14.5164	14.5164	14.5164	15.505	29.827	16.4842	16.4842	16.4842	23.935	23.935	11.4993	11.4993	8.93399	15.505	6.85489	6.85489	6.85489	3.70364	4.7575	2.11835	1.05954	11.4993	32.1623	23.0437	23.4908	23.4908	14.5164	18.4127	4.23093	4.7575	9.96505	10.4782	5.28327	5.28327	5.28327	4.23093	7.37659	3.17572	3.17572	6.33205	6.33205	3.17572	3.70364	3.70364	1.58908	2.11835	0.529815	0.529815	1.05954	0.529815	0	0.529815	0.529815	0.529815	1.05954	0.529815	1.05954	1.58908	0.529815	1.05954	1.05954	1.05954	4.23093	8.41622	5.28327	4.7575	8.41622	3.70364	2.64726	2.64726	2.11835	3.70364	2.64726	1.05954	1.05954	1.05954	0	0.529815	0.529815	0	1.05954	1.05954	2.11835	4.23093	5.28327	3.17572	4.23093	4.23093	4.7575	10.4782	5.80815	6.33205	6.33205	12.5131	12.5131	4.23093	4.23093	4.7575	6.85489	2.11835	0.529815	0.529815	0.529815	0.529815	1.05954	1.05954	0.529815	1.58908	1.05954	0.529815	0.529815	0	1.05954	2.64726	1.58908	1.58908	3.17572	1.58908	1.58908	1.58908	1.05954	3.17572	2.11835	1.58908	3.70364	5.28327	3.17572	3.70364	3.70364	4.23093	8.41622	4.23093	4.23093	4.23093	6.33205	6.33205	0	0	0.529815	0	0.529815	1.58908	1.58908	1.05954	3.17572	4.7575	2.64726	2.64726	4.23093	1.58908	1.05954	1.05954	1.05954	1.58908	2.64726	5.28327	10.9896	14.5164	8.93399	12.0072	12.0072	12.5131	24.8141	13.519	15.0119	28.2065	28.2065	15.0119	15.0119	15.0119	15.505	26.9579	13.0171	11.4993	21.6844	10.9896	9.45029	16.4842	14.5164	7.37659	5.28327	5.28327	3.70364	7.37659	3.70364	3.70364	3.70364	6.85489	6.85489	2.64726	2.64726	1.58908	3.17572	1.58908	2.11835	2.11835	1.58908	3.17572	2.64726	1.05954	0	0	0	0.529815	0.529815	0.529815	1.05954	0.529815	2.11835	5.28327	6.33205	3.17572	2.11835	2.11835	1.05954	2.11835	1.05954	1.05954	1.05954
4.23054	2.64702	3.17543	3.17543	6.33147	14.5151	16.9686	8.93318	9.44944	18.4111	9.44944	9.96415	9.96415	8.41545	15.5036	15.0105	7.89633	6.33147	10.9887	4.75707	5.28279	5.28279	4.75707	8.41545	7.89633	4.23054	4.23054	9.96415	5.80762	5.28279	5.28279	7.89633	18.4111	10.9887	10.9887	23.0418	26.1076	14.5151	14.5151	14.5151	15.5036	29.8247	16.4827	16.4827	16.4827	23.933	23.933	11.4983	11.4983	8.93318	15.5036	6.85426	6.85426	6.85426	3.7033	4.75707	2.11816	1.05944	11.4983	32.1599	23.0418	23.4889	23.4889	14.5151	18.4111	4.23054	4.75707	9.96415	10.4772	5.28279	5.28279	5.28279	4.23054	7.37591	3.17543	3.17543	6.33147	6.33147	3.17543	3.7033	3.7033	1.58893	2.11816	0.529766	0.529766	1.05944	0.529766	0	0.529766	0.529766	0.529766	1.05944	0.529766	1.05944	1.58893	0.529766	1.05944	1.05944	1.05944	4.23054	8.41545	5.28279	4.75707	8.41545	3.7033	2.64702	2.64702	2.11816	3.7033	2.64702	1.05944	1.05944	1.05944	0	0.529766	0.529766	0	1.05944	1.05944	2.11816	4.23054	5.28279	3.17543	4.23054	4.23054	4.75707	10.4772	5.80762	6.33147	6.33147	12.512	12.512	4.23054	4.23054	4.75707	6.85426	2.11816	0.529766	0.529766	0.529766	0.529766	1.05944	1.05944	0.529766	1.58893	1.05944	0.529766	0.529766	0	1.05944	2.64702	1.58893	1.58893	3.17543	1.58893	1.58893	1.58893	1.05944	3.17543	2.11816	1.58893	3.7033	5.28279	3.17543	3.7033	3.7033	4.23054	8.41545	4.23054	4.23054	4.23054	6.33147	6.33147	0	0	0.529766	0	0.529766	1.58893	1.58893	1.05944	3.17543	4.75707	2.64702	2.64702	4.23054	1.58893	1.05944	1.05944	1.05944	1.58893	2.64702	5.28279	10.9887	14.5151	8.93318	12.0061	12.0061	12.512	24.8121	13.5178	15.0105	28.2043	28.2043	15.0105	15.0105	15.0105	15.5036	26.9557	13.0159	11.4983	21.6826	10.9887	9.44944	16.4827	14.5151	7.37591	5.28279	5.28279	3.7033	7.37591	3.7033	3.7033	3.7033	6.85426	6.85426	2.64702	2.64702	1.58893	3.17543	1.58893	2.11816	2.11816	1.58893	3.17543	2.64702	1.05944	0	0	0	0.529766	0.529766	0.529766	1.05944	0.529766	2.11816	5.28279	6.33147	3.17543	2.11816	2.11816	1.05944	2.11816	1.05944	1.05944	1.05944
4.23015	2.64677	3.17514	3.17514	6.33089	14.5139	16.9671	8.93236	9.44858	18.4095	9.44858	9.96325	9.96325	8.41468	15.5023	15.0092	7.89561	6.33089	10.9877	4.75663	5.2823	5.2823	4.75663	8.41468	7.89561	4.23015	4.23015	9.96325	5.80708	5.2823	5.2823	7.89561	18.4095	10.9877	10.9877	23.0398	26.1055	14.5139	14.5139	14.5139	15.5023	29.8224	16.4813	16.4813	16.4813	23.931	23.931	11.4973	11.4973	8.93236	15.5023	6.85364	6.85364	6.85364	3.70296	4.75663	2.11796	1.05934	11.4973	32.1575	23.0398	23.4869	23.4869	14.5139	18.4095	4.23015	4.75663	9.96325	10.4763	5.2823	5.2823	5.2823	4.23015	7.37524	3.17514	3.17514	6.33089	6.33089	3.17514	3.70296	3.70296	1.58879	2.11796	0.529717	0.529717	1.05934	0.529717	0	0.529717	0.529717	0.529717	1.05934	0.529717	1.05934	1.58879	0.529717	1.05934	1.05934	1.05934	4.23015	8.41468	5.2823	4.75663	8.41468	3.70296	2.64677	2.64677	2.11796	3.70296	2.64677	1.05934	1.05934	1.05934	0	0.529717	0.529717	0	1.05934	1.05934	2.11796	4.23015	5.2823	3.17514	4.23015	4.23015	4.75663	10.4763	5.80708	6.33089	6.33089	12.5109	12.5109	4.23015	4.23015	4.75663	6.85364	2.11796	0.529717	0.529717	0.529717	0.529717	1.05934	1.05934	0.529717	1.58879	1.05934	0.529717	0.529717	0	1.05934	2.64677	1.58879	1.58879	3.17514	1.58879	1.58879	1.58879	1.05934	3.17514	2.11796	1.58879	3.70296	5.2823	3.17514	3.70296	3.70296	4.23015	8.41468	4.23015	4.23015	4.23015	6.33089	6.33089	0	0	0.529717	0	0.529717	1.58879	1.58879	1.05934	3.17514	4.75663	2.64677	2.64677	4.23015	1.58879	1.05934	1.05934	1.05934	1.58879	2.64677	5.2823	10.9877	14.5139	8.93236	12.005	12.005	12.5109	24.8101	13.5166	15.0092	28.2021	28.2021	15.0092	15.0092	15.0092	15.5023	26.9536	13.0147	11.4973	21.6807	10.9877	9.44858	16.4813	14.5139	7.37524	5.2823	5.2823	3.70296	7.37524	3.70296	3.70296	3.70296	6.85364	6.85364	2.64677	2.64677	1.58879	3.17514	1.58879	2.11796	2.11796	1.58879	3.17514	2.64677	1.05934	0	0	0	0.529717	0.529717	0.529717	1.05934	0.529717	2.11796	5.2823	6.33089	3.17514	2.11796	2.11796	1.05934	2.11796	1.05934	1.05934	1.05934
4.22976	2.64653	3.17484	3.17484	6.33031	14.5126	16.9657	8.93155	9.44772	18.4079	9.44772	9.96235	9.96235	8.41391	15.5009	15.0079	7.89489	6.33031	10.9867	4.75619	5.28181	5.28181	4.75619	8.41391	7.89489	4.22976	4.22976	9.96235	5.80655	5.28181	5.28181	7.89489	18.4079	10.9867	10.9867	23.0379	26.1034	14.5126	14.5126	14.5126	15.5009	29.8201	16.4798	16.4798	16.4798	23.9291	23.9291	11.4962	11.4962	8.93155	15.5009	6.85301	6.85301	6.85301	3.70262	4.75619	2.11777	1.05924	11.4962	32.1551	23.0379	23.485	23.485	14.5126	18.4079	4.22976	4.75619	9.96235	10.4754	5.28181	5.28181	5.28181	4.22976	7.37456	3.17484	3.17484	6.33031	6.33031	3.17484	3.70262	3.70262	1.58864	2.11777	0.529668	0.529668	1.05924	0.529668	0	0.529668	0.529668	0.529668	1.05924	0.529668	1.05924	1.58864	0.529668	1.05924	1.05924	1.05924	4.22976	8.41391	5.28181	4.75619	8.41391	3.70262	2.64653	2.64653	2.11777	3.70262	2.64653	1.05924	1.05924	1.05924	0	0.529668	0.529668	0	1.05924	1.05924	2.11777	4.22976	5.28181	3.17484	4.22976	4.22976	4.75619	10.4754	5.80655	6.33031	6.33031	12.5097	12.5097	4.22976	4.22976	4.75619	6.85301	2.11777	0.529668	0.529668	0.529668	0.529668	1.05924	1.05924	0.529668	1.58864	1.05924	0.529668	0.529668	0	1.05924	2.64653	1.58864	1.58864	3.17484	1.58864	1.58864	1.58864	1.05924	3.17484	2.11777	1.58864	3.70262	5.28181	3.17484	3.70262	3.70262	4.22976	8.41391	4.22976	4.22976	4.22976	6.33031	6.33031	0	0	0.529668	0	0.529668	1.58864	1.58864	1.05924	3.17484	4.75619	2.64653	2.64653	4.22976	1.58864	1.05924	1.05924	1.05924	1.58864	2.64653	5.28181	10.9867	14.5126	8.93155	12.0039	12.0039	12.5097	24.808	13.5154	15.0079	28.1999	28.1999	15.0079	15.0079	15.0079	15.5009	26.9515	13.0136	11.4962	21.6789	10.9867	9.44772	16.4798	14.5126	7.37456	5.28181	5.28181	3.70262	7.37456	3.70262	3.70262	3.70262	6.85301	6.85301	2.64653	2.64653	1.58864	3.17484	1.58864	2.11777	2.11777	1.58864	3.17484	2.64653	1.05924	0	0	0	0.529668	0.529668	0.529668	1.05924	0.529668	2.11777	5.28181	6.33031	3.17484	2.11777	2.11777	1.05924	2.11777	1.05924	1.05924	1.05924
4.22937	2.64629	3.17455	3.17455	6.32973	14.5113	16.9642	8.93074	9.44686	18.4063	9.44686	9.96144	9.96144	8.41315	15.4995	15.0066	7.89417	6.32973	10.9857	4.75575	5.28133	5.28133	4.75575	8.41315	7.89417	4.22937	4.22937	9.96144	5.80602	5.28133	5.28133	7.89417	18.4063	10.9857	10.9857	23.036	26.1014	14.5113	14.5113	14.5113	15.4995	29.8178	16.4784	16.4784	16.4784	23.9271	23.9271	11.4952	11.4952	8.93074	15.4995	6.85238	6.85238	6.85238	3.70227	4.75575	2.11757	1.05915	11.4952	32.1527	23.036	23.4831	23.4831	14.5113	18.4063	4.22937	4.75575	9.96144	10.4744	5.28133	5.28133	5.28133	4.22937	7.37389	3.17455	3.17455	6.32973	6.32973	3.17455	3.70227	3.70227	1.58849	2.11757	0.529619	0.529619	1.05915	0.529619	0	0.529619	0.529619	0.529619	1.05915	0.529619	1.05915	1.58849	0.529619	1.05915	1.05915	1.05915	4.22937	8.41315	5.28133	4.75575	8.41315	3.70227	2.64629	2.64629	2.11757	3.70227	2.64629	1.05915	1.05915	1.05915	0	0.529619	0.529619	0	1.05915	1.05915	2.11757	4.22937	5.28133	3.17455	4.22937	4.22937	4.75575	10.4744	5.80602	6.32973	6.32973	12.5086	12.5086	4.22937	4.22937	4.75575	6.85238	2.11757	0.529619	0.529619	0.529619	0.529619	1.05915	1.05915	0.529619	1.58849	1.05915	0.529619	0.529619	0	1.05915	2.64629	1.58849	1.58849	3.17455	1.58849	1.58849	1.58849	1.05915	3.17455	2.11757	1.58849	3.70227	5.28133	3.17455	3.70227	3.70227	4.22937	8.41315	4.22937	4.22937	4.22937	6.32973	6.32973	0	0	0.529619	0	0.529619	1.58849	1.58849	1.05915	3.17455	4.75575	2.64629	2.64629	4.22937	1.58849	1.05915	1.05915	1.05915	1.58849	2.64629	5.28133	10.9857	14.5113	8.93074	12.0029	12.0029	12.5086	24.806	13.5142	15.0066	28.1977	28.1977	15.0066	15.0066	15.0066	15.4995	26.9493	13.0124	11.4952	21.6771	10.9857	9.44686	16.4784	14.5113	7.37389	5.28133	5.28133	3.70227	7.37389	3.70227	3.70227	3.70227	6.85238	6.85238	2.64629	2.64629	1.58849	3.17455	1.58849	2.11757	2.11757	1.58849	3.17455	2.64629	1.05915	0	0	0	0.529619	0.529619	0.529619	1.05915	0.529619	2.11757	5.28133	6.32973	3.17455	2.11757	2.11757	1.05915	2.11757	1.05915	1.05915	1.05915
4.2289	2.64599	3.1742	3.1742	6.32903	14.5098	16.9624	8.92976	9.44583	18.4044	9.44583	9.96036	9.96036	8.41223	15.4979	15.005	7.89331	6.32903	10.9845	4.75523	5.28075	5.28075	4.75523	8.41223	7.89331	4.2289	4.2289	9.96036	5.80538	5.28075	5.28075	7.89331	18.4044	10.9845	10.9845	23.0337	26.0988	14.5098	14.5098	14.5098	15.4979	29.8151	16.4767	16.4767	16.4767	23.9247	23.9247	11.4939	11.4939	8.92976	15.4979	6.85163	6.85163	6.85163	3.70187	4.75523	2.11734	1.05903	11.4939	32.1499	23.0337	23.4807	23.4807	14.5098	18.4044	4.2289	4.75523	9.96036	10.4733	5.28075	5.28075	5.28075	4.2289	7.37308	3.1742	3.1742	6.32903	6.32903	3.1742	3.70187	3.70187	1.58832	2.11734	0.52956	0.52956	1.05903	0.52956	0	0.52956	0.52956	0.52956	1.05903	0.52956	1.05903	1.58832	0.52956	1.05903	1.05903	1.05903	4.2289	8.41223	5.28075	4.75523	8.41223	3.70187	2.64599	2.64599	2.11734	3.70187	2.64599	1.05903	1.05903	1.05903	0	0.52956	0.52956	0	1.05903	1.05903	2.11734	4.2289	5.28075	3.1742	4.2289	4.2289	4.75523	10.4733	5.80538	6.32903	6.32903	12.5073	12.5073	4.2289	4.2289	4.75523	6.85163	2.11734	0.52956	0.52956	0.52956	0.52956	1.05903	1.05903	0.52956	1.58832	1.05903	0.52956	0.52956	0	1.05903	2.64599	1.58832	1.58832	3.1742	1.58832	1.58832	1.58832	1.05903	3.1742	2.11734	1.58832	3.70187	5.28075	3.1742	3.70187	3.70187	4.2289	8.41223	4.2289	4.2289	4.2289	6.32903	6.32903	0	0	0.52956	0	0.52956	1.58832	1.58832	1.05903	3.1742	4.75523	2.64599	2.64599	4.2289	1.58832	1.05903	1.05903	1.05903	1.58832	2.64599	5.28075	10.9845	14.5098	8.92976	12.0016	12.0016	12.5073	24.8036	13.5127	15.005	28.195	28.195	15.005	15.005	15.005	15.4979	26.9468	13.011	11.4939	21.6749	10.9845	9.44583	16.4767	14.5098	7.37308	5.28075	5.28075	3.70187	7.37308	3.70187	3.70187	3.70187	6.85163	6.85163	2.64599	2.64599	1.58832	3.1742	1.58832	2.11734	2.11734	1.58832	3.1742	2.64599	1.05903	0	0	0	0.52956	0.52956	0.52956	1.05903	0.52956	2.11734	5.28075	6.32903	3.1742	2.11734	2.11734	1.05903	2.11734	1.05903	1.05903	1.05903
4.22851	2.64575	3.17391	3.17391	6.32845	14.5085	16.9609	8.92895	9.44498	18.4029	9.44498	9.95946	9.95946	8.41146	15.4965	15.0036	7.89259	6.32845	10.9835	4.75479	5.28026	5.28026	4.75479	8.41146	7.89259	4.22851	4.22851	9.95946	5.80484	5.28026	5.28026	7.89259	18.4029	10.9835	10.9835	23.0318	26.0967	14.5085	14.5085	14.5085	15.4965	29.8128	16.4752	16.4752	16.4752	23.9228	23.9228	11.4929	11.4929	8.92895	15.4965	6.851	6.851	6.851	3.70152	4.75479	2.11714	1.05893	11.4929	32.1475	23.0318	23.4788	23.4788	14.5085	18.4029	4.22851	4.75479	9.95946	10.4723	5.28026	5.28026	5.28026	4.22851	7.37241	3.17391	3.17391	6.32845	6.32845	3.17391	3.70152	3.70152	1.58817	2.11714	0.529511	0.529511	1.05893	0.529511	0	0.529511	0.529511	0.529511	1.05893	0.529511	1.05893	1.58817	0.529511	1.05893	1.05893	1.05893	4.22851	8.41146	5.28026	4.75479	8.41146	3.70152	2.64575	2.64575	2.11714	3.70152	2.64575	1.05893	1.05893	1.05893	0	0.529511	0.529511	0	1.05893	1.05893	2.11714	4.22851	5.28026	3.17391	4.22851	4.22851	4.75479	10.4723	5.80484	6.32845	6.32845	12.5062	12.5062	4.22851	4.22851	4.75479	6.851	2.11714	0.529511	0.529511	0.529511	0.529511	1.05893	1.05893	0.529511	1.58817	1.05893	0.529511	0.529511	0	1.05893	2.64575	1.58817	1.58817	3.17391	1.58817	1.58817	1.58817	1.05893	3.17391	2.11714	1.58817	3.70152	5.28026	3.17391	3.70152	3.70152	4.22851	8.41146	4.22851	4.22851	4.22851	6.32845	6.32845	0	0	0.529511	0	0.529511	1.58817	1.58817	1.05893	3.17391	4.75479	2.64575	2.64575	4.22851	1.58817	1.05893	1.05893	1.05893	1.58817	2.64575	5.28026	10.9835	14.5085	8.92895	12.0005	12.0005	12.5062	24.8016	13.5115	15.0036	28.1928	28.1928	15.0036	15.0036	15.0036	15.4965	26.9446	13.0099	11.4929	21.6731	10.9835	9.44498	16.4752	14.5085	7.37241	5.28026	5.28026	3.70152	7.37241	3.70152	3.70152	3.70152	6.851	6.851	2.64575	2.64575	1.58817	3.17391	1.58817	2.11714	2.11714	1.58817	3.17391	2.64575	1.05893	0	0	0	0.529511	0.529511	0.529511	1.05893	0.529511	2.11714	5.28026	6.32845	3.17391	2.11714	2.11714	1.05893	2.11714	1.05893	1.05893	1.05893
4.22813	2.6455	3.17361	3.17361	6.32787	14.5072	16.9594	8.92814	9.44412	18.4013	9.44412	9.95856	9.95856	8.4107	15.4952	15.0023	7.89187	6.32787	10.9825	4.75435	5.27978	5.27978	4.75435	8.4107	7.89187	4.22813	4.22813	9.95856	5.80431	5.27978	5.27978	7.89187	18.4013	10.9825	10.9825	23.0299	26.0947	14.5072	14.5072	14.5072	15.4952	29.8105	16.4738	16.4738	16.4738	23.9208	23.9208	11.4919	11.4919	8.92814	15.4952	6.85037	6.85037	6.85037	3.70118	4.75435	2.11694	1.05883	11.4919	32.1451	23.0299	23.4769	23.4769	14.5072	18.4013	4.22813	4.75435	9.95856	10.4714	5.27978	5.27978	5.27978	4.22813	7.37173	3.17361	3.17361	6.32787	6.32787	3.17361	3.70118	3.70118	1.58802	2.11694	0.529462	0.529462	1.05883	0.529462	0	0.529462	0.529462	0.529462	1.05883	0.529462	1.05883	1.58802	0.529462	1.05883	1.05883	1.05883	4.22813	8.4107	5.27978	4.75435	8.4107	3.70118	2.6455	2.6455	2.11694	3.70118	2.6455	1.05883	1.05883	1.05883	0	0.529462	0.529462	0	1.05883	1.05883	2.11694	4.22813	5.27978	3.17361	4.22813	4.22813	4.75435	10.4714	5.80431	6.32787	6.32787	12.505	12.505	4.22813	4.22813	4.75435	6.85037	2.11694	0.529462	0.529462	0.529462	0.529462	1.05883	1.05883	0.529462	1.58802	1.05883	0.529462	0.529462	0	1.05883	2.6455	1.58802	1.58802	3.17361	1.58802	1.58802	1.58802	1.05883	3.17361	2.11694	1.58802	3.70118	5.27978	3.17361	3.70118	3.70118	4.22813	8.4107	4.22813	4.22813	4.22813	6.32787	6.32787	0	0	0.529462	0	0.529462	1.58802	1.58802	1.05883	3.17361	4.75435	2.6455	2.6455	4.22813	1.58802	1.05883	1.05883	1.05883	1.58802	2.6455	5.27978	10.9825	14.5072	8.92814	11.9994	11.9994	12.505	24.7996	13.5103	15.0023	28.1906	28.1906	15.0023	15.0023	15.0023	15.4952	26.9425	13.0087	11.4919	21.6713	10.9825	9.44412	16.4738	14.5072	7.37173	5.27978	5.27978	3.70118	7.37173	3.70118	3.70118	3.70118	6.85037	6.85037	2.6455	2.6455	1.58802	3.17361	1.58802	2.11694	2.11694	1.58802	3.17361	2.6455	1.05883	0	0	0	0.529462	0.529462	0.529462	1.05883	0.529462	2.11694	5.27978	6.32787	3.17361	2.11694	2.11694	1.05883	2.11694	1.05883	1.05883	1.05883
4.22774	2.64526	3.17332	3.17332	6.32729	14.5059	16.958	8.92733	9.44326	18.3997	9.44326	9.95766	9.95766	8.40993	15.4938	15.001	7.89115	6.32729	10.9815	4.75391	5.27929	5.27929	4.75391	8.40993	7.89115	4.22774	4.22774	9.95766	5.80378	5.27929	5.27929	7.89115	18.3997	10.9815	10.9815	23.028	26.0926	14.5059	14.5059	14.5059	15.4938	29.8082	16.4723	16.4723	16.4723	23.9189	23.9189	11.4908	11.4908	8.92733	15.4938	6.84975	6.84975	6.84975	3.70084	4.75391	2.11675	1.05874	11.4908	32.1427	23.028	23.4749	23.4749	14.5059	18.3997	4.22774	4.75391	9.95766	10.4704	5.27929	5.27929	5.27929	4.22774	7.37106	3.17332	3.17332	6.32729	6.32729	3.17332	3.70084	3.70084	1.58788	2.11675	0.529413	0.529413	1.05874	0.529413	0	0.529413	0.529413	0.529413	1.05874	0.529413	1.05874	1.58788	0.529413	1.05874	1.05874	1.05874	4.22774	8.40993	5.27929	4.75391	8.40993	3.70084	2.64526	2.64526	2.11675	3.70084	2.64526	1.05874	1.05874	1.05874	0	0.529413	0.529413	0	1.05874	1.05874	2.11675	4.22774	5.27929	3.17332	4.22774	4.22774	4.75391	10.4704	5.80378	6.32729	6.32729	12.5039	12.5039	4.22774	4.22774	4.75391	6.84975	2.11675	0.529413	0.529413	0.529413	0.529413	1.05874	1.05874	0.529413	1.58788	1.05874	0.529413	0.529413	0	1.05874	2.64526	1.58788	1.58788	3.17332	1.58788	1.58788	1.58788	1.05874	3.17332	2.11675	1.58788	3.70084	5.27929	3.17332	3.70084	3.70084	4.22774	8.40993	4.22774	4.22774	4.22774	6.32729	6.32729	0	0	0.529413	0	0.529413	1.58788	1.58788	1.05874	3.17332	4.75391	2.64526	2.64526	4.22774	1.58788	1.05874	1.05874	1.05874	1.58788	2.64526	5.27929	10.9815	14.5059	8.92733	11.9983	11.9983	12.5039	24.7976	13.5091	15.001	28.1884	28.1884	15.001	15.001	15.001	15.4938	26.9403	13.0075	11.4908	21.6695	10.9815	9.44326	16.4723	14.5059	7.37106	5.27929	5.27929	3.70084	7.37106	3.70084	3.70084	3.70084	6.84975	6.84975	2.64526	2.64526	1.58788	3.17332	1.58788	2.11675	2.11675	1.58788	3.17332	2.64526	1.05874	0	0	0	0.529413	0.529413	0.529413	1.05874	0.529413	2.11675	5.27929	6.32729	3.17332	2.11675	2.11675	1.05874	2.11675	1.05874	1.05874	1.05874
4.22735	2.64502	3.17303	3.17303	6.32671	14.5046	16.9565	8.92652	9.4424	18.3981	9.4424	9.95675	9.95675	8.40916	15.4924	14.9997	7.89043	6.32671	10.9805	4.75348	5.27881	5.27881	4.75348	8.40916	7.89043	4.22735	4.22735	9.95675	5.80325	5.27881	5.27881	7.89043	18.3981	10.9805	10.9805	23.0261	26.0905	14.5046	14.5046	14.5046	15.4924	29.806	16.4709	16.4709	16.4709	23.9169	23.9169	11.4898	11.4898	8.92652	15.4924	6.84912	6.84912	6.84912	3.7005	4.75348	2.11655	1.05864	11.4898	32.1403	23.0261	23.473	23.473	14.5046	18.3981	4.22735	4.75348	9.95675	10.4695	5.27881	5.27881	5.27881	4.22735	7.37039	3.17303	3.17303	6.32671	6.32671	3.17303	3.7005	3.7005	1.58773	2.11655	0.529364	0.529364	1.05864	0.529364	0	0.529364	0.529364	0.529364	1.05864	0.529364	1.05864	1.58773	0.529364	1.05864	1.05864	1.05864	4.22735	8.40916	5.27881	4.75348	8.40916	3.7005	2.64502	2.64502	2.11655	3.7005	2.64502	1.05864	1.05864	1.05864	0	0.529364	0.529364	0	1.05864	1.05864	2.11655	4.22735	5.27881	3.17303	4.22735	4.22735	4.75348	10.4695	5.80325	6.32671	6.32671	12.5028	12.5028	4.22735	4.22735	4.75348	6.84912	2.11655	0.529364	0.529364	0.529364	0.529364	1.05864	1.05864	0.529364	1.58773	1.05864	0.529364	0.529364	0	1.05864	2.64502	1.58773	1.58773	3.17303	1.58773	1.58773	1.58773	1.05864	3.17303	2.11655	1.58773	3.7005	5.27881	3.17303	3.7005	3.7005	4.22735	8.40916	4.22735	4.22735	4.22735	6.32671	6.32671	0	0	0.529364	0	0.529364	1.58773	1.58773	1.05864	3.17303	4.75348	2.64502	2.64502	4.22735	1.58773	1.05864	1.05864	1.05864	1.58773	2.64502	5.27881	10.9805	14.5046	8.92652	11.9973	11.9973	12.5028	24.7955	13.5079	14.9997	28.1862	28.1862	14.9997	14.9997	14.9997	15.4924	26.9382	13.0064	11.4898	21.6677	10.9805	9.4424	16.4709	14.5046	7.37039	5.27881	5.27881	3.7005	7.37039	3.7005	3.7005	3.7005	6.84912	6.84912	2.64502	2.64502	1.58773	3.17303	1.58773	2.11655	2.11655	1.58773	3.17303	2.64502	1.05864	0	0	0	0.529364	0.529364	0.529364	1.05864	0.529364	2.11655	5.27881	6.32671	3.17303	2.11655	2.11655	1.05864	2.11655	1.05864	1.05864	1.05864
4.22696	2.64477	3.17274	3.17274	6.32613	14.5033	16.955	8.9257	9.44155	18.3965	9.44155	9.95585	9.95585	8.4084	15.4911	14.9983	7.88971	6.32613	10.9795	4.75304	5.27832	5.27832	4.75304	8.4084	7.88971	4.22696	4.22696	9.95585	5.80271	5.27832	5.27832	7.88971	18.3965	10.9795	10.9795	23.0242	26.0884	14.5033	14.5033	14.5033	15.4911	29.8037	16.4695	16.4695	16.4695	23.9149	23.9149	11.4888	11.4888	8.9257	15.4911	6.84849	6.84849	6.84849	3.70016	4.75304	2.11636	1.05854	11.4888	32.1379	23.0242	23.4711	23.4711	14.5033	18.3965	4.22696	4.75304	9.95585	10.4685	5.27832	5.27832	5.27832	4.22696	7.36971	3.17274	3.17274	6.32613	6.32613	3.17274	3.70016	3.70016	1.58758	2.11636	0.529315	0.529315	1.05854	0.529315	0	0.529315	0.529315	0.529315	1.05854	0.529315	1.05854	1.58758	0.529315	1.05854	1.05854	1.05854	4.22696	8.4084	5.27832	4.75304	8.4084	3.70016	2.64477	2.64477	2.11636	3.70016	2.64477	1.05854	1.05854	1.05854	0	0.529315	0.529315	0	1.05854	1.05854	2.11636	4.22696	5.27832	3.17274	4.22696	4.22696	4.75304	10.4685	5.80271	6.32613	6.32613	12.5017	12.5017	4.22696	4.22696	4.75304	6.84849	2.11636	0.529315	0.529315	0.529315	0.529315	1.05854	1.05854	0.529315	1.58758	1.05854	0.529315	0.529315	0	1.05854	2.64477	1.58758	1.58758	3.17274	1.58758	1.58758	1.58758	1.05854	3.17274	2.11636	1.58758	3.70016	5.27832	3.17274	3.70016	3.70016	4.22696	8.4084	4.22696	4.22696	4.22696	6.32613	6.32613	0	0	0.529315	0	0.529315	1.58758	1.58758	1.05854	3.17274	4.75304	2.64477	2.64477	4.22696	1.58758	1.05854	1.05854	1.05854	1.58758	2.64477	5.27832	10.9795	14.5033	8.9257	11.9962	11.9962	12.5017	24.7935	13.5067	14.9983	28.184	28.184	14.9983	14.9983	14.9983	15.4911	26.9361	13.0052	11.4888	21.6658	10.9795	9.44155	16.4695	14.5033	7.36971	5.27832	5.27832	3.70016	7.36971	3.70016	3.70016	3.70016	6.84849	6.84849	2.64477	2.64477	1.58758	3.17274	1.58758	2.11636	2.11636	1.58758	3.17274	2.64477	1.05854	0	0	0	0.529315	0.529315	0.529315	1.05854	0.529315	2.11636	5.27832	6.32613	3.17274	2.11636	2.11636	1.05854	2.11636	1.05854	1.05854	1.05854
27.6261	28.3489	29.1755	30.1714	31.4211	34.145	36.2745	35.8968	36.807	39.5423	39.0021	39.6852	40.2942	40.6698	42.1245	42.5459	42.034	42.2702	43.3206	43.6629	44.3561	45.1542	45.8529	46.8739	47.9307	48.6352	49.099	49.7763	49.9832	50.1837	50.3991	50.8502	52.3742	52.7892	53.4504	55.3161	57.0297	57.3174	58.0226	58.7422	59.5304	61.5014	61.9907	62.7554	63.4529	64.5741	65.6345	66.1203	66.5871	66.9916	67.6258	68.0771	68.4042	68.7221	68.9532	69.1747	69.4177	69.5956	69.2985	67.867	65.0738	62.4839	59.2848	56.0293	53.8305	51.8295	51.5846	51.1885	50.3168	49.4058	48.8936	48.3165	47.8213	47.3871	46.7	46.3903	46.0438	45.3306	44.6354	44.1022	43.413	42.956	42.8232	42.7333	42.7333	42.7376	42.7333	42.7319	42.6612	42.5178	42.3737	42.2326	42.1569	42.013	41.65	41.3462	41.1244	40.8227	40.596	40.1243	38.8493	36.9403	35.632	34.2329	32.3228	31.4178	30.642	29.8312	29.2304	29.4305	30.2275	31.0106	32.0809	32.984	33.3548	33.539	33.6294	33.7288	33.9115	34.379	35.4268	36.6198	37.2848	37.8322	38.3223	38.8346	40.0824	40.5273	41.0975	41.5422	42.8569	43.9483	44.1909	44.729	45.2753	46.0563	46.5568	46.9183	47.2861	47.9484	48.881	49.6793	50.3349	51.0216	52.1202	53.124	53.9177	54.8156	55.6721	56.8329	58.0705	58.7741	59.2311	59.9321	60.5289	60.8766	61.1869	61.5502	62.0991	62.5133	62.8194	63.3816	64.0178	64.3936	64.6417	64.8821	65.0975	65.3492	65.4421	65.3933	65.255	65.1055	64.9168	64.8203	64.8681	64.8921	64.9871	65.1748	65.4292	65.7457	66.0325	66.4837	67.2015	67.8004	68.1907	68.6744	69.0851	69.2855	69.4498	69.5956	69.709	69.7417	69.6685	69.4721	69.0511	68.5224	68.0753	67.5097	66.9004	66.1309	64.8015	63.9914	63.0296	60.9954	58.5803	57.1623	55.5565	53.8411	52.1829	47.9609	45.8383	44.0458	39.5	36.9779	34.4217	29.3116	24.1157	21.1519	18.6229	15.8975	12.6898	8.07097	5.19865	2.64453	4.86805	11.4069	15.8985	18.5478	20.8635	23.9241	26.8317	28.7048	30.5043	32.0459	34.0104	36.3031	37.7297	38.304	38.791	39.2687	39.7479	40.3679	41.0537	42.1855	43.2346	43.8865	44.7733	45.746	46.2852	46.6946	47.0652	47.4153	47.9773	48.4835	48.7712	49
27.5228	28.3098	29.1147	30.114	31.2797	33.6119	35.7069	35.7328	36.6414	39.0324	38.8824	39.5635	40.1771	40.5958	41.9544	42.4235	41.9894	42.2211	43.1489	43.6227	44.2996	45.1007	45.8128	46.7601	47.8341	48.6067	49.0787	49.7023	49.9636	50.166	50.3817	50.7979	52.1161	52.7032	53.3689	54.959	56.6321	57.2178	57.9213	58.6475	59.421	61.1062	61.8876	62.6653	63.3695	64.3902	65.4727	66.086	66.5548	66.9707	67.5669	68.0648	68.3923	68.7107	68.9487	69.1682	69.4155	69.5939	69.269	67.5341	64.8571	62.18	58.86	55.8237	53.4334	51.8166	51.5652	51.0929	50.1983	49.3748	48.8563	48.2777	47.7992	47.3163	46.6827	46.3766	45.9871	45.2633	44.6158	44.0703	43.3796	42.9498	42.8156	42.7307	42.7307	42.735	42.7307	42.7293	42.6579	42.5144	42.3703	42.2278	42.1543	42.0074	41.6405	41.3428	41.1186	40.8168	40.5909	40.0707	38.6177	36.8378	35.5425	33.9331	32.2582	31.3805	30.603	29.8032	29.1732	29.5511	30.2752	31.056	32.186	32.9935	33.3511	33.5353	33.627	33.7226	33.9052	34.3571	35.3522	36.5281	37.2547	37.7913	38.2826	38.7905	39.8822	40.4651	41.0447	41.4908	42.626	43.7338	44.1572	44.6964	45.239	45.978	46.5459	46.9172	47.285	47.9695	48.9005	49.7027	50.357	51.0436	52.2176	53.1469	53.9522	54.8474	55.6961	56.9247	58.1394	58.7861	59.2461	59.9874	60.5386	60.8832	61.1933	61.5595	62.1327	62.5176	62.8292	63.4226	64.0546	64.4008	64.6498	64.8899	65.1035	65.3652	65.4417	65.3875	65.2491	65.0955	64.9066	64.8183	64.8662	64.8901	64.9867	65.1736	65.4279	65.7443	66.0316	66.4856	67.2027	67.7994	68.1888	68.6737	69.0838	69.284	69.4483	69.5939	69.7088	69.7395	69.6633	69.4523	69.0096	68.5043	68.0415	67.4734	66.8573	65.9339	64.7392	63.9063	62.6512	60.5231	58.4308	56.9822	55.3484	53.5871	51.1776	47.6781	45.5752	42.9031	39.1474	36.6456	33.1594	27.974	23.664	20.8757	18.2952	15.7364	11.9019	7.78616	4.86771	1.90751	5.60787	11.7268	15.9407	18.5822	20.9371	24.1688	26.8814	28.718	30.5159	32.0533	34.0428	36.3265	37.7321	38.3053	38.8032	39.2697	39.7661	40.3853	41.079	42.2861	43.2561	43.9155	44.8875	45.8686	46.3183	46.7098	47.08	47.4235	48.0161	48.4908	48.7741	49.0029
1.58712	1.05823	0.529159	0.529159	3.69907	9.95297	12.4981	6.32428	6.84649	14.0021	7.36756	7.8874	7.8874	6.84649	13.5029	13.5029	6.84649	4.75164	7.36756	2.64399	2.11573	2.11573	2.11573	3.69907	3.1718	1.58712	2.64399	7.36756	4.75164	4.22571	4.22571	5.27677	12.4981	7.36756	7.36756	14.9941	17.4332	9.95297	9.43881	9.43881	9.43881	18.3914	9.43881	9.95297	9.95297	13.0015	13.0015	5.80101	5.80101	3.69907	5.80101	2.11573	2.11573	2.11573	1.05823	0.529159	1.58712	1.05823	1.05823	3.1718	2.11573	2.64399	2.64399	0.529159	3.69907	3.1718	3.1718	5.80101	5.80101	3.1718	2.64399	2.64399	2.64399	4.22571	1.58712	2.11573	3.69907	3.1718	1.58712	1.05823	1.05823	1.05823	1.58712	0.529159	0.529159	1.05823	0.529159	0	0	0	0	0.529159	0.529159	0	0	0	0	0	0.529159	1.05823	1.58712	1.05823	1.05823	2.11573	1.05823	0.529159	0.529159	0	2.11573	5.27677	3.1718	3.1718	4.75164	1.58712	0	0	0	0.529159	0.529159	0	0.529159	2.11573	1.58712	2.64399	2.64399	3.1718	6.84649	3.69907	4.75164	4.75164	8.40595	8.40595	2.11573	2.11573	2.64399	3.1718	0.529159	1.05823	1.05823	3.69907	3.69907	4.22571	4.22571	4.22571	8.92311	4.75164	5.80101	5.80101	5.27677	10.4655	9.95297	4.75164	5.27677	9.95297	4.75164	4.22571	4.22571	4.75164	8.92311	4.22571	5.27677	10.4655	10.9764	5.80101	6.32428	6.32428	6.32428	10.9764	4.75164	2.64399	2.64399	4.22571	4.22571	0.529159	0.529159	0.529159	2.11573	1.58712	2.11573	2.11573	2.11573	4.75164	5.80101	3.1718	2.64399	4.75164	2.11573	1.58712	1.58712	1.05823	3.1718	2.11573	3.1718	5.80101	5.80101	3.1718	4.22571	4.22571	4.22571	9.43881	5.27677	5.80101	11.4855	11.4855	5.80101	4.75164	4.75164	5.27677	9.43881	4.22571	3.1718	6.84649	3.69907	1.58712	2.64399	1.58712	0.529159	0.529159	0.529159	1.58712	3.69907	2.11573	2.64399	2.64399	7.8874	7.8874	3.1718	3.1718	3.1718	6.32428	3.1718	2.64399	2.64399	2.11573	4.22571	3.69907	1.58712	1.05823	2.11573	1.05823	2.64399	2.64399	3.1718	6.32428	3.1718	4.22571	8.92311	9.95297	5.27677	3.69907	3.69907	2.64399	5.27677	2.64399	2.11573	2.11573
1.58697	1.05813	0.52911	0.52911	3.69873	9.95207	12.497	6.3237	6.84586	14.0009	7.36688	7.88669	7.88669	6.84586	13.5017	13.5017	6.84586	4.75121	7.36688	2.64375	2.11554	2.11554	2.11554	3.69873	3.17151	1.58697	2.64375	7.36688	4.75121	4.22532	4.22532	5.27629	12.497	7.36688	7.36688	14.9928	17.4317	9.95207	9.43795	9.43795	9.43795	18.3899	9.43795	9.95207	9.95207	13.0003	13.0003	5.80048	5.80048	3.69873	5.80048	2.11554	2.11554	2.11554	1.05813	0.52911	1.58697	1.05813	1.05813	3.17151	2.11554	2.64375	2.64375	0.52911	3.69873	3.17151	3.17151	5.80048	5.80048	3.17151	2.64375	2.64375	2.64375	4.22532	1.58697	2.11554	3.69873	3.17151	1.58697	1.05813	1.05813	1.05813	1.58697	0.52911	0.52911	1.05813	0.52911	0	0	0	0	0.52911	0.52911	0	0	0	0	0	0.52911	1.05813	1.58697	1.05813	1.05813	2.11554	1.05813	0.52911	0.52911	0	2.11554	5.27629	3.17151	3.17151	4.75121	1.58697	0	0	0	0.52911	0.52911	0	0.52911	2.11554	1.58697	2.64375	2.64375	3.17151	6.84586	3.69873	4.75121	4.75121	8.40518	8.40518	2.11554	2.11554	2.64375	3.17151	0.52911	1.05813	1.05813	3.69873	3.69873	4.22532	4.22532	4.22532	8.9223	4.75121	5.80048	5.80048	5.27629	10.4646	9.95207	4.75121	5.27629	9.95207	4.75121	4.22532	4.22532	4.75121	8.9223	4.22532	5.27629	10.4646	10.9754	5.80048	6.3237	6.3237	6.3237	10.9754	4.75121	2.64375	2.64375	4.22532	4.22532	0.52911	0.52911	0.52911	2.11554	1.58697	2.11554	2.11554	2.11554	4.75121	5.80048	3.17151	2.64375	4.75121	2.11554	1.58697	1.58697	1.05813	3.17151	2.11554	3.17151	5.80048	5.80048	3.17151	4.22532	4.22532	4.22532	9.43795	5.27629	5.80048	11.4844	11.4844	5.80048	4.75121	4.75121	5.27629	9.43795	4.22532	3.17151	6.84586	3.69873	1.58697	2.64375	1.58697	0.52911	0.52911	0.52911	1.58697	3.69873	2.11554	2.64375	2.64375	7.88669	7.88669	3.17151	3.17151	3.17151	6.3237	3.17151	2.64375	2.64375	2.11554	4.22532	3.69873	1.58697	1.05813	2.11554	1.05813	2.64375	2.64375	3.17151	6.3237	3.17151	4.22532	8.9223	9.95207	5.27629	3.69873	3.69873	2.64375	5.27629	2.64375	2.11554	2.11554
1.58682	1.05803	0.529061	0.529061	3.69839	9.95117	12.4959	6.32312	6.84524	13.9996	7.36621	7.88597	7.88597	6.84524	13.5005	13.5005	6.84524	4.75077	7.36621	2.6435	2.11534	2.11534	2.11534	3.69839	3.17122	1.58682	2.6435	7.36621	4.75077	4.22494	4.22494	5.2758	12.4959	7.36621	7.36621	14.9915	17.4302	9.95117	9.4371	9.4371	9.4371	18.3883	9.4371	9.95117	9.95117	12.9992	12.9992	5.79995	5.79995	3.69839	5.79995	2.11534	2.11534	2.11534	1.05803	0.529061	1.58682	1.05803	1.05803	3.17122	2.11534	2.6435	2.6435	0.529061	3.69839	3.17122	3.17122	5.79995	5.79995	3.17122	2.6435	2.6435	2.6435	4.22494	1.58682	2.11534	3.69839	3.17122	1.58682	1.05803	1.05803	1.05803	1.58682	0.529061	0.529061	1.05803	0.529061	0	0	0	0	0.529061	0.529061	0	0	0	0	0	0.529061	1.05803	1.58682	1.05803	1.05803	2.11534	1.05803	0.529061	0.529061	0	2.11534	5.2758	3.17122	3.17122	4.75077	1.58682	0	0	0	0.529061	0.529061	0	0.529061	2.11534	1.58682	2.6435	2.6435	3.17122	6.84524	3.69839	4.75077	4.75077	8.40442	8.40442	2.11534	2.11534	2.6435	3.17122	0.529061	1.05803	1.05803	3.69839	3.69839	4.22494	4.22494	4.22494	8.92149	4.75077	5.79995	5.79995	5.2758	10.4636	9.95117	4.75077	5.2758	9.95117	4.75077	4.22494	4.22494	4.75077	8.92149	4.22494	5.2758	10.4636	10.9744	5.79995	6.32312	6.32312	6.32312	10.9744	4.75077	2.6435	2.6435	4.22494	4.22494	0.529061	0.529061	0.529061	2.11534	1.58682	2.11534	2.11534	2.11534	4.75077	5.79995	3.17122	2.6435	4.75077	2.11534	1.58682	1.58682	1.05803	3.17122	2.11534	3.17122	5.79995	5.79995	3.17122	4.22494	4.22494	4.22494	9.4371	5.2758	5.79995	11.4834	11.4834	5.79995	4.75077	4.75077	5.2758	9.4371	4.22494	3.17122	6.84524	3.69839	1.58682	2.6435	1.58682	0.529061	0.529061	0.529061	1.58682	3.69839	2.11534	2.6435	2.6435	7.88597	7.88597	3.17122	3.17122	3.17122	6.32312	3.17122	2.6435	2.6435	2.11534	4.22494	3.69839	1.58682	1.05803	2.11534	1.05803	2.6435	2.6435	3.17122	6.32312	3.17122	4.22494	8.92149	9.95117	5.2758	3.69839	3.69839	2.6435	5.2758	2.6435	2.11534	2.11534
1.58668	1.05793	0.529012	0.529012	3.69805	9.95027	12.4947	6.32254	6.84461	13.9984	7.36554	7.88525	7.88525	6.84461	13.4993	13.4993	6.84461	4.75033	7.36554	2.64326	2.11515	2.11515	2.11515	3.69805	3.17092	1.58668	2.64326	7.36554	4.75033	4.22455	4.22455	5.27532	12.4947	7.36554	7.36554	14.9901	17.4287	9.95027	9.43624	9.43624	9.43624	18.3867	9.43624	9.95027	9.95027	12.998	12.998	5.79941	5.79941	3.69805	5.79941	2.11515	2.11515	2.11515	1.05793	0.529012	1.58668	1.05793	1.05793	3.17092	2.11515	2.64326	2.64326	0.529012	3.69805	3.17092	3.17092	5.79941	5.79941	3.17092	2.64326	2.64326	2.64326	4.22455	1.58668	2.11515	3.69805	3.17092	1.58668	1.05793	1.05793	1.05793	1.58668	0.529012	0.529012	1.05793	0.529012	0	0	0	0	0.529012	0.529012	0	0	0	0	0	0.529012	1.05793	1.58668	1.05793	1.05793	2.11515	1.05793	0.529012	0.529012	0	2.11515	5.27532	3.17092	3.17092	4.75033	1.58668	0	0	0	0.529012	0.529012	0	0.529012	2.11515	1.58668	2.64326	2.64326	3.17092	6.84461	3.69805	4.75033	4.75033	8.40365	8.40365	2.11515	2.11515	2.64326	3.17092	0.529012	1.05793	1.05793	3.69805	3.69805	4.22455	4.22455	4.22455	8.92068	4.75033	5.79941	5.79941	5.27532	10.4627	9.95027	4.75033	5.27532	9.95027	4.75033	4.22455	4.22455	4.75033	8.92068	4.22455	5.27532	10.4627	10.9734	5.79941	6.32254	6.32254	6.32254	10.9734	4.75033	2.64326	2.64326	4.22455	4.22455	0.529012	0.529012	0.529012	2.11515	1.58668	2.11515	2.11515	2.11515	4.75033	5.79941	3.17092	2.64326	4.75033	2.11515	1.58668	1.58668	1.05793	3.17092	2.11515	3.17092	5.79941	5.79941	3.17092	4.22455	4.22455	4.22455	9.43624	5.27532	5.79941	11.4824	11.4824	5.79941	4.75033	4.75033	5.27532	9.43624	4.22455	3.17092	6.84461	3.69805	1.58668	2.64326	1.58668	0.529012	0.529012	0.529012	1.58668	3.69805	2.11515	2.64326	2.64326	7.88525	7.88525	3.17092	3.17092	3.17092	6.32254	3.17092	2.64326	2.64326	2.11515	4.22455	3.69805	1.58668	1.05793	2.11515	1.05793	2.64326	2.64326	3.17092	6.32254	3.17092	4.22455	8.92068	9.95027	5.27532	3.69805	3.69805	2.64326	5.27532	2.64326	2.11515	2.11515
1.5865	1.05782	0.528954	0.528954	3.69764	9.94919	12.4934	6.32184	6.84386	13.9969	7.36473	7.88438	7.88438	6.84386	13.4978	13.4978	6.84386	4.74981	7.36473	2.64297	2.11491	2.11491	2.11491	3.69764	3.17057	1.5865	2.64297	7.36473	4.74981	4.22408	4.22408	5.27474	12.4934	7.36473	7.36473	14.9886	17.4269	9.94919	9.43521	9.43521	9.43521	18.3848	9.43521	9.94919	9.94919	12.9966	12.9966	5.79878	5.79878	3.69764	5.79878	2.11491	2.11491	2.11491	1.05782	0.528954	1.5865	1.05782	1.05782	3.17057	2.11491	2.64297	2.64297	0.528954	3.69764	3.17057	3.17057	5.79878	5.79878	3.17057	2.64297	2.64297	2.64297	4.22408	1.5865	2.11491	3.69764	3.17057	1.5865	1.05782	1.05782	1.05782	1.5865	0.528954	0.528954	1.05782	0.528954	0	0	0	0	0.528954	0.528954	0	0	0	0	0	0.528954	1.05782	1.5865	1.05782	1.05782	2.11491	1.05782	0.528954	0.528954	0	2.11491	5.27474	3.17057	3.17057	4.74981	1.5865	0	0	0	0.528954	0.528954	0	0.528954	2.11491	1.5865	2.64297	2.64297	3.17057	6.84386	3.69764	4.74981	4.74981	8.40274	8.40274	2.11491	2.11491	2.64297	3.17057	0.528954	1.05782	1.05782	3.69764	3.69764	4.22408	4.22408	4.22408	8.9197	4.74981	5.79878	5.79878	5.27474	10.4615	9.94919	4.74981	5.27474	9.94919	4.74981	4.22408	4.22408	4.74981	8.9197	4.22408	5.27474	10.4615	10.9722	5.79878	6.32184	6.32184	6.32184	10.9722	4.74981	2.64297	2.64297	4.22408	4.22408	0.528954	0.528954	0.528954	2.11491	1.5865	2.11491	2.11491	2.11491	4.74981	5.79878	3.17057	2.64297	4.74981	2.11491	1.5865	1.5865	1.05782	3.17057	2.11491	3.17057	5.79878	5.79878	3.17057	4.22408	4.22408	4.22408	9.43521	5.27474	5.79878	11.4811	11.4811	5.79878	4.74981	4.74981	5.27474	9.43521	4.22408	3.17057	6.84386	3.69764	1.5865	2.64297	1.5865	0.528954	0.528954	0.528954	1.5865	3.69764	2.11491	2.64297	2.64297	7.88438	7.88438	3.17057	3.17057	3.17057	6.32184	3.17057	2.64297	2.64297	2.11491	4.22408	3.69764	1.5865	1.05782	2.11491	1.05782	2.64297	2.64297	3.17057	6.32184	3.17057	4.22408	8.9197	9.94919	5.27474	3.69764	3.69764	2.64297	5.27474	2.64297	2.11491	2.11491
1.58635	1.05772	0.528905	0.528905	3.6973	9.94829	12.4923	6.32127	6.84323	13.9957	7.36406	7.88367	7.88367	6.84323	13.4966	13.4966	6.84323	4.74937	7.36406	2.64272	2.11472	2.11472	2.11472	3.6973	3.17028	1.58635	2.64272	7.36406	4.74937	4.22369	4.22369	5.27425	12.4923	7.36406	7.36406	14.9872	17.4254	9.94829	9.43436	9.43436	9.43436	18.3832	9.43436	9.94829	9.94829	12.9955	12.9955	5.79824	5.79824	3.6973	5.79824	2.11472	2.11472	2.11472	1.05772	0.528905	1.58635	1.05772	1.05772	3.17028	2.11472	2.64272	2.64272	0.528905	3.6973	3.17028	3.17028	5.79824	5.79824	3.17028	2.64272	2.64272	2.64272	4.22369	1.58635	2.11472	3.6973	3.17028	1.58635	1.05772	1.05772	1.05772	1.58635	0.528905	0.528905	1.05772	0.528905	0	0	0	0	0.528905	0.528905	0	0	0	0	0	0.528905	1.05772	1.58635	1.05772	1.05772	2.11472	1.05772	0.528905	0.528905	0	2.11472	5.27425	3.17028	3.17028	4.74937	1.58635	0	0	0	0.528905	0.528905	0	0.528905	2.11472	1.58635	2.64272	2.64272	3.17028	6.84323	3.6973	4.74937	4.74937	8.40197	8.40197	2.11472	2.11472	2.64272	3.17028	0.528905	1.05772	1.05772	3.6973	3.6973	4.22369	4.22369	4.22369	8.91889	4.74937	5.79824	5.79824	5.27425	10.4606	9.94829	4.74937	5.27425	9.94829	4.74937	4.22369	4.22369	4.74937	8.91889	4.22369	5.27425	10.4606	10.9712	5.79824	6.32127	6.32127	6.32127	10.9712	4.74937	2.64272	2.64272	4.22369	4.22369	0.528905	0.528905	0.528905	2.11472	1.58635	2.11472	2.11472	2.11472	4.74937	5.79824	3.17028	2.64272	4.74937	2.11472	1.58635	1.58635	1.05772	3.17028	2.11472	3.17028	5.79824	5.79824	3.17028	4.22369	4.22369	4.22369	9.43436	5.27425	5.79824	11.4801	11.4801	5.79824	4.74937	4.74937	5.27425	9.43436	4.22369	3.17028	6.84323	3.6973	1.58635	2.64272	1.58635	0.528905	0.528905	0.528905	1.58635	3.6973	2.11472	2.64272	2.64272	7.88367	7.88367	3.17028	3.17028	3.17028	6.32127	3.17028	2.64272	2.64272	2.11472	4.22369	3.6973	1.58635	1.05772	2.11472	1.05772	2.64272	2.64272	3.17028	6.32127	3.17028	4.22369	8.91889	9.94829	5.27425	3.6973	3.6973	2.64272	5.27425	2.64272	2.11472	2.11472
1.58621	1.05762	0.528856	0.528856	3.69696	9.94739	12.4912	6.32069	6.84261	13.9944	7.36339	7.88295	7.88295	6.84261	13.4954	13.4954	6.84261	4.74894	7.36339	2.64248	2.11452	2.11452	2.11452	3.69696	3.16999	1.58621	2.64248	7.36339	4.74894	4.2233	4.2233	5.27377	12.4912	7.36339	7.36339	14.9859	17.4239	9.94739	9.4335	9.4335	9.4335	18.3816	9.4335	9.94739	9.94739	12.9943	12.9943	5.79771	5.79771	3.69696	5.79771	2.11452	2.11452	2.11452	1.05762	0.528856	1.58621	1.05762	1.05762	3.16999	2.11452	2.64248	2.64248	0.528856	3.69696	3.16999	3.16999	5.79771	5.79771	3.16999	2.64248	2.64248	2.64248	4.2233	1.58621	2.11452	3.69696	3.16999	1.58621	1.05762	1.05762	1.05762	1.58621	0.528856	0.528856	1.05762	0.528856	0	0	0	0	0.528856	0.528856	0	0	0	0	0	0.528856	1.05762	1.58621	1.05762	1.05762	2.11452	1.05762	0.528856	0.528856	0	2.11452	5.27377	3.16999	3.16999	4.74894	1.58621	0	0	0	0.528856	0.528856	0	0.528856	2.11452	1.58621	2.64248	2.64248	3.16999	6.84261	3.69696	4.74894	4.74894	8.40121	8.40121	2.11452	2.11452	2.64248	3.16999	0.528856	1.05762	1.05762	3.69696	3.69696	4.2233	4.2233	4.2233	8.91808	4.74894	5.79771	5.79771	5.27377	10.4597	9.94739	4.74894	5.27377	9.94739	4.74894	4.2233	4.2233	4.74894	8.91808	4.2233	5.27377	10.4597	10.9702	5.79771	6.32069	6.32069	6.32069	10.9702	4.74894	2.64248	2.64248	4.2233	4.2233	0.528856	0.528856	0.528856	2.11452	1.58621	2.11452	2.11452	2.11452	4.74894	5.79771	3.16999	2.64248	4.74894	2.11452	1.58621	1.58621	1.05762	3.16999	2.11452	3.16999	5.79771	5.79771	3.16999	4.2233	4.2233	4.2233	9.4335	5.27377	5.79771	11.4791	11.4791	5.79771	4.74894	4.74894	5.27377	9.4335	4.2233	3.16999	6.84261	3.69696	1.58621	2.64248	1.58621	0.528856	0.528856	0.528856	1.58621	3.69696	2.11452	2.64248	2.64248	7.88295	7.88295	3.16999	3.16999	3.16999	6.32069	3.16999	2.64248	2.64248	2.11452	4.2233	3.69696	1.58621	1.05762	2.11452	1.05762	2.64248	2.64248	3.16999	6.32069	3.16999	4.2233	8.91808	9.94739	5.27377	3.69696	3.69696	2.64248	5.27377	2.64248	2.11452	2.11452
1.58606	1.05752	0.528807	0.528807	3.69662	9.94649	12.4901	6.32011	6.84198	13.9932	7.36272	7.88223	7.88223	6.84198	13.4942	13.4942	6.84198	4.7485	7.36272	2.64224	2.11433	2.11433	2.11433	3.69662	3.1697	1.58606	2.64224	7.36272	4.7485	4.22292	4.22292	5.27328	12.4901	7.36272	7.36272	14.9846	17.4224	9.94649	9.43265	9.43265	9.43265	18.38	9.43265	9.94649	9.94649	12.9931	12.9931	5.79718	5.79718	3.69662	5.79718	2.11433	2.11433	2.11433	1.05752	0.528807	1.58606	1.05752	1.05752	3.1697	2.11433	2.64224	2.64224	0.528807	3.69662	3.1697	3.1697	5.79718	5.79718	3.1697	2.64224	2.64224	2.64224	4.22292	1.58606	2.11433	3.69662	3.1697	1.58606	1.05752	1.05752	1.05752	1.58606	0.528807	0.528807	1.05752	0.528807	0	0	0	0	0.528807	0.528807	0	0	0	0	0	0.528807	1.05752	1.58606	1.05752	1.05752	2.11433	1.05752	0.528807	0.528807	0	2.11433	5.27328	3.1697	3.1697	4.7485	1.58606	0	0	0	0.528807	0.528807	0	0.528807	2.11433	1.58606	2.64224	2.64224	3.1697	6.84198	3.69662	4.7485	4.7485	8.40044	8.40044	2.11433	2.11433	2.64224	3.1697	0.528807	1.05752	1.05752	3.69662	3.69662	4.22292	4.22292	4.22292	8.91727	4.7485	5.79718	5.79718	5.27328	10.4587	9.94649	4.7485	5.27328	9.94649	4.7485	4.22292	4.22292	4.7485	8.91727	4.22292	5.27328	10.4587	10.9693	5.79718	6.32011	6.32011	6.32011	10.9693	4.7485	2.64224	2.64224	4.22292	4.22292	0.528807	0.528807	0.528807	2.11433	1.58606	2.11433	2.11433	2.11433	4.7485	5.79718	3.1697	2.64224	4.7485	2.11433	1.58606	1.58606	1.05752	3.1697	2.11433	3.1697	5.79718	5.79718	3.1697	4.22292	4.22292	4.22292	9.43265	5.27328	5.79718	11.478	11.478	5.79718	4.7485	4.7485	5.27328	9.43265	4.22292	3.1697	6.84198	3.69662	1.58606	2.64224	1.58606	0.528807	0.528807	0.528807	1.58606	3.69662	2.11433	2.64224	2.64224	7.88223	7.88223	3.1697	3.1697	3.1697	6.32011	3.1697	2.64224	2.64224	2.11433	4.22292	3.69662	1.58606	1.05752	2.11433	1.05752	2.64224	2.64224	3.1697	6.32011	3.1697	4.22292	8.91727	9.94649	5.27328	3.69662	3.69662	2.64224	5.27328	2.64224	2.11433	2.11433
1.58592	1.05743	0.528758	0.528758	3.69628	9.94559	12.4889	6.31953	6.84136	13.9919	7.36204	7.88151	7.88151	6.84136	13.493	13.493	6.84136	4.74806	7.36204	2.64199	2.11413	2.11413	2.11413	3.69628	3.1694	1.58592	2.64199	7.36204	4.74806	4.22253	4.22253	5.2728	12.4889	7.36204	7.36204	14.9833	17.4208	9.94559	9.43179	9.43179	9.43179	18.3785	9.43179	9.94559	9.94559	12.992	12.992	5.79665	5.79665	3.69628	5.79665	2.11413	2.11413	2.11413	1.05743	0.528758	1.58592	1.05743	1.05743	3.1694	2.11413	2.64199	2.64199	0.528758	3.69628	3.1694	3.1694	5.79665	5.79665	3.1694	2.64199	2.64199	2.64199	4.22253	1.58592	2.11413	3.69628	3.1694	1.58592	1.05743	1.05743	1.05743	1.58592	0.528758	0.528758	1.05743	0.528758	0	0	0	0	0.528758	0.528758	0	0	0	0	0	0.528758	1.05743	1.58592	1.05743	1.05743	2.11413	1.05743	0.528758	0.528758	0	2.11413	5.2728	3.1694	3.1694	4.74806	1.58592	0	0	0	0.528758	0.528758	0	0.528758	2.11413	1.58592	2.64199	2.64199	3.1694	6.84136	3.69628	4.74806	4.74806	8.39968	8.39968	2.11413	2.11413	2.64199	3.1694	0.528758	1.05743	1.05743	3.69628	3.69628	4.22253	4.22253	4.22253	8.91647	4.74806	5.79665	5.79665	5.2728	10.4578	9.94559	4.74806	5.2728	9.94559	4.74806	4.22253	4.22253	4.74806	8.91647	4.22253	5.2728	10.4578	10.9683	5.79665	6.31953	6.31953	6.31953	10.9683	4.74806	2.64199	2.64199	4.22253	4.22253	0.528758	0.528758	0.528758	2.11413	1.58592	2.11413	2.11413	2.11413	4.74806	5.79665	3.1694	2.64199	4.74806	2.11413	1.58592	1.58592	1.05743	3.1694	2.11413	3.1694	5.79665	5.79665	3.1694	4.22253	4.22253	4.22253	9.43179	5.2728	5.79665	11.477	11.477	5.79665	4.74806	4.74806	5.2728	9.43179	4.22253	3.1694	6.84136	3.69628	1.58592	2.64199	1.58592	0.528758	0.528758	0.528758	1.58592	3.69628	2.11413	2.64199	2.64199	7.88151	7.88151	3.1694	3.1694	3.1694	6.31953	3.1694	2.64199	2.64199	2.11413	4.22253	3.69628	1.58592	1.05743	2.11413	1.05743	2.64199	2.64199	3.1694	6.31953	3.1694	4.22253	8.91647	9.94559	5.2728	3.69628	3.69628	2.64199	5.2728	2.64199	2.11413	2.11413
1.58574	1.05731	0.5287	0.5287	3.69587	9.94451	12.4876	6.31884	6.84061	13.9905	7.36124	7.88065	7.88065	6.84061	13.4916	13.4916	6.84061	4.74754	7.36124	2.6417	2.1139	2.1139	2.1139	3.69587	3.16905	1.58574	2.6417	7.36124	4.74754	4.22206	4.22206	5.27222	12.4876	7.36124	7.36124	14.9817	17.419	9.94451	9.43077	9.43077	9.43077	18.3766	9.43077	9.94451	9.94451	12.9906	12.9906	5.79601	5.79601	3.69587	5.79601	2.1139	2.1139	2.1139	1.05731	0.5287	1.58574	1.05731	1.05731	3.16905	2.1139	2.6417	2.6417	0.5287	3.69587	3.16905	3.16905	5.79601	5.79601	3.16905	2.6417	2.6417	2.6417	4.22206	1.58574	2.1139	3.69587	3.16905	1.58574	1.05731	1.05731	1.05731	1.58574	0.5287	0.5287	1.05731	0.5287	0	0	0	0	0.5287	0.5287	0	0	0	0	0	0.5287	1.05731	1.58574	1.05731	1.05731	2.1139	1.05731	0.5287	0.5287	0	2.1139	5.27222	3.16905	3.16905	4.74754	1.58574	0	0	0	0.5287	0.5287	0	0.5287	2.1139	1.58574	2.6417	2.6417	3.16905	6.84061	3.69587	4.74754	4.74754	8.39876	8.39876	2.1139	2.1139	2.6417	3.16905	0.5287	1.05731	1.05731	3.69587	3.69587	4.22206	4.22206	4.22206	8.91549	4.74754	5.79601	5.79601	5.27222	10.4566	9.94451	4.74754	5.27222	9.94451	4.74754	4.22206	4.22206	4.74754	8.91549	4.22206	5.27222	10.4566	10.9671	5.79601	6.31884	6.31884	6.31884	10.9671	4.74754	2.6417	2.6417	4.22206	4.22206	0.5287	0.5287	0.5287	2.1139	1.58574	2.1139	2.1139	2.1139	4.74754	5.79601	3.16905	2.6417	4.74754	2.1139	1.58574	1.58574	1.05731	3.16905	2.1139	3.16905	5.79601	5.79601	3.16905	4.22206	4.22206	4.22206	9.43077	5.27222	5.79601	11.4758	11.4758	5.79601	4.74754	4.74754	5.27222	9.43077	4.22206	3.16905	6.84061	3.69587	1.58574	2.6417	1.58574	0.5287	0.5287	0.5287	1.58574	3.69587	2.1139	2.6417	2.6417	7.88065	7.88065	3.16905	3.16905	3.16905	6.31884	3.16905	2.6417	2.6417	2.1139	4.22206	3.69587	1.58574	1.05731	2.1139	1.05731	2.6417	2.6417	3.16905	6.31884	3.16905	4.22206	8.91549	9.94451	5.27222	3.69587	3.69587	2.6417	5.27222	2.6417	2.1139	2.1139
37.2033	36.4368	35.8313	35.3066	34.2915	31.866	27.6453	22.5981	19.9297	18.449	12.287	10.2313	8.22035	6.1891	11.1539	12.5807	11.55	12.9057	15.5396	15.8802	16.3018	16.7847	17.3732	18.6745	20.2481	21.3263	22.3863	25.1974	27.6901	29.5822	31.3423	33.1109	36.2393	37.9674	39.4713	42.3991	45.6299	47.4928	49.1032	50.5243	51.9101	54.3709	55.9906	57.3137	58.5745	59.7982	60.8289	61.395	61.754	62.0032	62.1681	62.171	62.1133	62.0554	61.9358	61.6405	61.1228	60.6218	59.8871	57.7701	54.6303	51.9621	48.9799	46.2077	43.896	42.3804	41.9454	41.3795	40.3949	39.4387	38.8706	38.3872	37.8973	37.4701	37.1315	36.97	36.5115	35.7076	34.9647	34.5119	34.1514	33.7879	33.4315	33.2334	33.2334	33.2413	33.2334	33.2308	33.2308	33.2308	33.2308	33.1397	32.954	32.8594	32.7662	32.5789	32.4847	32.4847	32.3921	32.1132	31.6449	31.1554	30.667	29.8976	29.1805	28.8717	28.6686	28.463	27.9818	26.9436	25.4047	24.3215	23.143	21.903	21.5283	21.2992	21.184	21.1895	21.1895	20.9552	20.5042	20.5613	20.9885	21.6243	22.3032	23.1207	24.8629	25.7811	26.8245	27.8573	29.5447	30.8906	31.0936	31.2867	31.5037	32.0752	32.8594	34.0999	35.6975	37.5551	39.327	40.0451	39.8904	39.6504	39.6252	38.9775	38.7111	38.2284	37.7923	37.9352	37.4763	36.6822	36.5521	36.8218	36.0003	35.9816	36.1534	36.1718	36.6452	36.4186	36.6471	37.268	37.249	36.4264	36.2074	35.8654	35.5205	35.6118	34.3229	33.9298	33.7478	33.4588	32.9062	32.4875	32.4875	32.4875	32.5283	32.5093	32.4291	32.2407	32.1515	32.4373	32.7339	32.5826	32.7538	33.5931	34.111	34.6298	35.1626	35.7643	36.6316	37.0661	36.9174	36.4779	35.6964	34.745	33.7894	32.4973	31.1676	29.1829	25.7427	23.437	20.7686	15.5639	9.43212	5.96272	3.48753	3.95434	9.11183	12.4503	15.6572	20.599	25.0375	27.6394	30.7599	34.332	36.6938	38.2103	39.6488	40.9779	42.8709	44.4119	45.485	46.5036	47.9986	49.3663	50.0655	50.6032	51.0192	51.5871	51.9408	52.1793	52.3771	52.5662	52.8469	53.1229	53.3283	53.5122	53.7547	53.9279	53.9859	53.9859	53.9451	53.869	53.6688	53.495	53.1416	52.4052	51.559	51.064	50.643	50.1977	49.64	49.0352	48.626	48.16
37.1956	36.4343	35.8321	35.3076	34.234	31.3579	26.5634	22.235	19.42	15.8798	11.2364	8.7476	6.24403	4.14258	6.29862	8.54168	10.5885	12.5083	14.8225	15.8152	16.2542	16.7387	17.3184	18.5134	20.1442	21.3001	22.3236	24.7828	27.5415	29.4772	31.2477	32.9781	35.6414	37.7979	39.3091	41.8325	44.9859	47.313	48.9646	50.3997	51.795	53.9885	55.9055	57.2295	58.4996	59.6977	60.7383	61.3781	61.7377	61.9963	62.1603	62.1701	62.1124	62.0545	61.9367	61.6476	61.1269	60.6215	59.9482	58.3357	54.9349	52.3391	49.4547	46.33	43.9558	42.3581	41.9224	41.3018	40.3047	39.4078	38.8488	38.3648	37.8742	37.4284	37.129	36.955	36.4663	35.6659	34.9517	34.5046	34.144	33.7804	33.4188	33.231	33.231	33.2388	33.231	33.2284	33.2284	33.2284	33.2284	33.136	32.9503	32.8569	32.7651	32.5778	32.4823	32.4823	32.3884	32.1053	31.6296	31.1471	30.6601	29.8714	29.1716	28.8678	28.6646	28.4625	27.9509	26.7574	25.3291	24.2409	22.9543	21.8802	21.5292	21.3001	21.1823	21.1877	21.1877	20.9646	20.5254	20.5254	20.9646	21.5666	22.2478	23.0413	24.5459	25.6969	26.697	27.7375	29.255	30.6235	31.0809	31.2741	31.4883	32.0239	32.8676	34.2413	35.8254	37.8243	39.5675	40.0297	39.8749	39.6233	39.5411	38.9595	38.6556	38.1713	37.7543	37.8243	37.4015	36.6617	36.5294	36.744	35.9791	35.9978	36.1693	36.1508	36.6796	36.4546	36.6446	37.2655	37.2047	36.4013	36.1571	35.8141	35.4681	35.4374	34.2814	33.9161	33.734	33.4062	32.8519	32.4851	32.4851	32.4851	32.5259	32.5069	32.4171	32.2286	32.1492	32.4608	32.7624	32.5802	32.7835	33.7365	34.1493	34.6596	35.1913	35.7974	36.7186	37.0728	36.8868	36.3984	35.5984	34.7045	33.7075	32.4089	31.072	28.6324	25.5362	23.146	19.3437	13.467	8.55181	5.15557	1.7627	1.72266	7.06875	12.3008	15.7082	20.6739	25.0355	27.7375	31.0575	34.5905	36.7574	38.3021	39.7324	41.0646	43.2032	44.4903	45.567	46.5797	48.2416	49.5854	50.0986	50.6349	51.0342	51.6516	51.9545	52.1853	52.3829	52.5705	52.8636	53.1371	53.3309	53.5135	53.7625	53.9269	53.9833	53.9833	53.9392	53.8528	53.6628	53.48	53.0768	52.311	51.5283	51.0458	50.6243	50.1851	49.5978	49.023	48.6159	48.1496
1.05702	1.05702	1.05702	1.05702	1.05702	1.5853	1.05702	0.528554	0.528554	2.11332	1.5853	2.11332	2.11332	2.11332	3.69485	3.16818	1.5853	1.05702	2.64097	1.5853	1.05702	1.05702	0.528554	0	0.528554	0	0.528554	1.05702	0.528554	0.528554	0.528554	0.528554	3.16818	2.64097	2.11332	4.74623	4.74623	2.11332	2.64097	2.64097	2.11332	3.16818	1.05702	1.05702	1.05702	4.74623	4.74623	2.64097	2.64097	2.11332	4.74623	2.64097	2.64097	2.64097	2.64097	4.2209	3.69485	2.11332	9.94181	25.6277	16.932	16.932	16.932	7.8785	6.3171	1.5853	1.5853	2.64097	2.11332	1.05702	1.05702	1.05702	1.05702	2.64097	1.5853	1.05702	1.5853	0.528554	0	0	0	0	0.528554	0.528554	0.528554	1.05702	0.528554	0	0	0	0	0	0	0	0.528554	0.528554	0	0	0	0	0	0	0.528554	0.528554	0	0	0	0.528554	0	1.05702	0.528554	0.528554	1.05702	0.528554	0.528554	0.528554	0	0.528554	0.528554	1.05702	1.5853	1.05702	0.528554	1.05702	1.05702	1.05702	2.64097	1.5853	2.11332	2.11332	4.74623	4.74623	1.5853	1.5853	2.11332	0.528554	1.5853	5.79442	5.79442	9.4282	9.4282	3.69485	3.69485	3.16818	7.35922	4.2209	4.2209	4.2209	4.2209	8.91307	8.91307	4.2209	4.74623	8.91307	4.2209	4.74623	4.74623	4.2209	9.4282	5.27077	5.27077	10.4538	10.4538	5.27077	5.27077	5.27077	5.27077	8.91307	3.69485	2.11332	2.11332	2.64097	2.64097	0.528554	0.528554	0.528554	2.11332	1.5853	1.5853	1.5853	2.11332	5.27077	6.3171	3.16818	3.69485	7.35922	3.69485	3.16818	3.16818	3.16818	5.79442	2.64097	1.5853	3.69485	3.16818	1.05702	0.528554	0.528554	0.528554	0	0.528554	0	0.528554	1.5853	1.05702	2.11332	2.11332	1.5853	4.74623	3.16818	3.69485	7.35922	3.69485	4.2209	7.8785	7.8785	4.2209	5.27077	5.27077	5.79442	11.9794	6.3171	6.83873	6.83873	13.9867	13.9867	5.79442	5.79442	4.74623	9.4282	4.74623	3.69485	3.69485	3.16818	5.79442	5.27077	2.64097	2.11332	3.69485	1.5853	2.64097	2.64097	2.64097	5.27077	2.64097	2.64097	5.27077	5.27077	2.64097	1.5853	1.5853	0.528554	1.5853	1.05702	0	0
1.05692	1.05692	1.05692	1.05692	1.05692	1.58515	1.05692	0.528505	0.528505	2.11312	1.58515	2.11312	2.11312	2.11312	3.69451	3.16789	1.58515	1.05692	2.64073	1.58515	1.05692	1.05692	0.528505	0	0.528505	0	0.528505	1.05692	0.528505	0.528505	0.528505	0.528505	3.16789	2.64073	2.11312	4.7458	4.7458	2.11312	2.64073	2.64073	2.11312	3.16789	1.05692	1.05692	1.05692	4.7458	4.7458	2.64073	2.64073	2.11312	4.7458	2.64073	2.64073	2.64073	2.64073	4.22051	3.69451	2.11312	9.94091	25.6256	16.9305	16.9305	16.9305	7.87778	6.31652	1.58515	1.58515	2.64073	2.11312	1.05692	1.05692	1.05692	1.05692	2.64073	1.58515	1.05692	1.58515	0.528505	0	0	0	0	0.528505	0.528505	0.528505	1.05692	0.528505	0	0	0	0	0	0	0	0.528505	0.528505	0	0	0	0	0	0	0.528505	0.528505	0	0	0	0.528505	0	1.05692	0.528505	0.528505	1.05692	0.528505	0.528505	0.528505	0	0.528505	0.528505	1.05692	1.58515	1.05692	0.528505	1.05692	1.05692	1.05692	2.64073	1.58515	2.11312	2.11312	4.7458	4.7458	1.58515	1.58515	2.11312	0.528505	1.58515	5.79389	5.79389	9.42735	9.42735	3.69451	3.69451	3.16789	7.35855	4.22051	4.22051	4.22051	4.22051	8.91226	8.91226	4.22051	4.7458	8.91226	4.22051	4.7458	4.7458	4.22051	9.42735	5.27028	5.27028	10.4529	10.4529	5.27028	5.27028	5.27028	5.27028	8.91226	3.69451	2.11312	2.11312	2.64073	2.64073	0.528505	0.528505	0.528505	2.11312	1.58515	1.58515	1.58515	2.11312	5.27028	6.31652	3.16789	3.69451	7.35855	3.69451	3.16789	3.16789	3.16789	5.79389	2.64073	1.58515	3.69451	3.16789	1.05692	0.528505	0.528505	0.528505	0	0.528505	0	0.528505	1.58515	1.05692	2.11312	2.11312	1.58515	4.7458	3.16789	3.69451	7.35855	3.69451	4.22051	7.87778	7.87778	4.22051	5.27028	5.27028	5.79389	11.9783	6.31652	6.83811	6.83811	13.9855	13.9855	5.79389	5.79389	4.7458	9.42735	4.7458	3.69451	3.69451	3.16789	5.79389	5.27028	2.64073	2.11312	3.69451	1.58515	2.64073	2.64073	2.64073	5.27028	2.64073	2.64073	5.27028	5.27028	2.64073	1.58515	1.58515	0.528505	1.58515	1.05692	0	0
1.05682	1.05682	1.05682	1.05682	1.05682	1.58501	1.05682	0.528456	0.528456	2.11293	1.58501	2.11293	2.11293	2.11293	3.69417	3.1676	1.58501	1.05682	2.64048	1.58501	1.05682	1.05682	0.528456	0	0.528456	0	0.528456	1.05682	0.528456	0.528456	0.528456	0.528456	3.1676	2.64048	2.11293	4.74536	4.74536	2.11293	2.64048	2.64048	2.11293	3.1676	1.05682	1.05682	1.05682	4.74536	4.74536	2.64048	2.64048	2.11293	4.74536	2.64048	2.64048	2.64048	2.64048	4.22012	3.69417	2.11293	9.94001	25.6235	16.9291	16.9291	16.9291	7.87706	6.31595	1.58501	1.58501	2.64048	2.11293	1.05682	1.05682	1.05682	1.05682	2.64048	1.58501	1.05682	1.58501	0.528456	0	0	0	0	0.528456	0.528456	0.528456	1.05682	0.528456	0	0	0	0	0	0	0	0.528456	0.528456	0	0	0	0	0	0	0.528456	0.528456	0	0	0	0.528456	0	1.05682	0.528456	0.528456	1.05682	0.528456	0.528456	0.528456	0	0.528456	0.528456	1.05682	1.58501	1.05682	0.528456	1.05682	1.05682	1.05682	2.64048	1.58501	2.11293	2.11293	4.74536	4.74536	1.58501	1.58501	2.11293	0.528456	1.58501	5.79336	5.79336	9.4265	9.4265	3.69417	3.69417	3.1676	7.35788	4.22012	4.22012	4.22012	4.22012	8.91145	8.91145	4.22012	4.74536	8.91145	4.22012	4.74536	4.74536	4.22012	9.4265	5.2698	5.2698	10.4519	10.4519	5.2698	5.2698	5.2698	5.2698	8.91145	3.69417	2.11293	2.11293	2.64048	2.64048	0.528456	0.528456	0.528456	2.11293	1.58501	1.58501	1.58501	2.11293	5.2698	6.31595	3.1676	3.69417	7.35788	3.69417	3.1676	3.1676	3.1676	5.79336	2.64048	1.58501	3.69417	3.1676	1.05682	0.528456	0.528456	0.528456	0	0.528456	0	0.528456	1.58501	1.05682	2.11293	2.11293	1.58501	4.74536	3.1676	3.69417	7.35788	3.69417	4.22012	7.87706	7.87706	4.22012	5.2698	5.2698	5.79336	11.9773	6.31595	6.83748	6.83748	13.9843	13.9843	5.79336	5.79336	4.74536	9.4265	4.74536	3.69417	3.69417	3.1676	5.79336	5.2698	2.64048	2.11293	3.69417	1.58501	2.64048	2.64048	2.64048	5.2698	2.64048	2.64048	5.2698	5.2698	2.64048	1.58501	1.58501	0.528456	1.58501	1.05682	0	0
1.05671	1.05671	1.05671	1.05671	1.05671	1.58483	1.05671	0.528398	0.528398	2.11269	1.58483	2.11269	2.11269	2.11269	3.69376	3.16725	1.58483	1.05671	2.64019	1.58483	1.05671	1.05671	0.528398	0	0.528398	0	0.528398	1.05671	0.528398	0.528398	0.528398	0.528398	3.16725	2.64019	2.11269	4.74484	4.74484	2.11269	2.64019	2.64019	2.11269	3.16725	1.05671	1.05671	1.05671	4.74484	4.74484	2.64019	2.64019	2.11269	4.74484	2.64019	2.64019	2.64019	2.64019	4.21966	3.69376	2.11269	9.93893	25.6211	16.9273	16.9273	16.9273	7.8762	6.31525	1.58483	1.58483	2.64019	2.11269	1.05671	1.05671	1.05671	1.05671	2.64019	1.58483	1.05671	1.58483	0.528398	0	0	0	0	0.528398	0.528398	0.528398	1.05671	0.528398	0	0	0	0	0	0	0	0.528398	0.528398	0	0	0	0	0	0	0.528398	0.528398	0	0	0	0.528398	0	1.05671	0.528398	0.528398	1.05671	0.528398	0.528398	0.528398	0	0.528398	0.528398	1.05671	1.58483	1.05671	0.528398	1.05671	1.05671	1.05671	2.64019	1.58483	2.11269	2.11269	4.74484	4.74484	1.58483	1.58483	2.11269	0.528398	1.58483	5.79272	5.79272	9.42547	9.42547	3.69376	3.69376	3.16725	7.35707	4.21966	4.21966	4.21966	4.21966	8.91048	8.91048	4.21966	4.74484	8.91048	4.21966	4.74484	4.74484	4.21966	9.42547	5.26922	5.26922	10.4508	10.4508	5.26922	5.26922	5.26922	5.26922	8.91048	3.69376	2.11269	2.11269	2.64019	2.64019	0.528398	0.528398	0.528398	2.11269	1.58483	1.58483	1.58483	2.11269	5.26922	6.31525	3.16725	3.69376	7.35707	3.69376	3.16725	3.16725	3.16725	5.79272	2.64019	1.58483	3.69376	3.16725	1.05671	0.528398	0.528398	0.528398	0	0.528398	0	0.528398	1.58483	1.05671	2.11269	2.11269	1.58483	4.74484	3.16725	3.69376	7.35707	3.69376	4.21966	7.8762	7.8762	4.21966	5.26922	5.26922	5.79272	11.976	6.31525	6.83673	6.83673	13.9828	13.9828	5.79272	5.79272	4.74484	9.42547	4.74484	3.69376	3.69376	3.16725	5.79272	5.26922	2.64019	2.11269	3.69376	1.58483	2.64019	2.64019	2.64019	5.26922	2.64019	2.64019	5.26922	5.26922	2.64019	1.58483	1.58483	0.528398	1.58483	1.05671	0	0
1.05661	1.05661	1.05661	1.05661	1.05661	1.58469	1.05661	0.528349	0.528349	2.1125	1.58469	2.1125	2.1125	2.1125	3.69342	3.16695	1.58469	1.05661	2.63995	1.58469	1.05661	1.05661	0.528349	0	0.528349	0	0.528349	1.05661	0.528349	0.528349	0.528349	0.528349	3.16695	2.63995	2.1125	4.7444	4.7444	2.1125	2.63995	2.63995	2.1125	3.16695	1.05661	1.05661	1.05661	4.7444	4.7444	2.63995	2.63995	2.1125	4.7444	2.63995	2.63995	2.63995	2.63995	4.21927	3.69342	2.1125	9.93804	25.619	16.9258	16.9258	16.9258	7.87548	6.31467	1.58469	1.58469	2.63995	2.1125	1.05661	1.05661	1.05661	1.05661	2.63995	1.58469	1.05661	1.58469	0.528349	0	0	0	0	0.528349	0.528349	0.528349	1.05661	0.528349	0	0	0	0	0	0	0	0.528349	0.528349	0	0	0	0	0	0	0.528349	0.528349	0	0	0	0.528349	0	1.05661	0.528349	0.528349	1.05661	0.528349	0.528349	0.528349	0	0.528349	0.528349	1.05661	1.58469	1.05661	0.528349	1.05661	1.05661	1.05661	2.63995	1.58469	2.1125	2.1125	4.7444	4.7444	1.58469	1.58469	2.1125	0.528349	1.58469	5.79219	5.79219	9.42462	9.42462	3.69342	3.69342	3.16695	7.3564	4.21927	4.21927	4.21927	4.21927	8.90967	8.90967	4.21927	4.7444	8.90967	4.21927	4.7444	4.7444	4.21927	9.42462	5.26874	5.26874	10.4498	10.4498	5.26874	5.26874	5.26874	5.26874	8.90967	3.69342	2.1125	2.1125	2.63995	2.63995	0.528349	0.528349	0.528349	2.1125	1.58469	1.58469	1.58469	2.1125	5.26874	6.31467	3.16695	3.69342	7.3564	3.69342	3.16695	3.16695	3.16695	5.79219	2.63995	1.58469	3.69342	3.16695	1.05661	0.528349	0.528349	0.528349	0	0.528349	0	0.528349	1.58469	1.05661	2.1125	2.1125	1.58469	4.7444	3.16695	3.69342	7.3564	3.69342	4.21927	7.87548	7.87548	4.21927	5.26874	5.26874	5.79219	11.9749	6.31467	6.83611	6.83611	13.9815	13.9815	5.79219	5.79219	4.7444	9.42462	4.7444	3.69342	3.69342	3.16695	5.79219	5.26874	2.63995	2.1125	3.69342	1.58469	2.63995	2.63995	2.63995	5.26874	2.63995	2.63995	5.26874	5.26874	2.63995	1.58469	1.58469	0.528349	1.58469	1.05661	0	0
1.05651	1.05651	1.05651	1.05651	1.05651	1.58454	1.05651	0.5283	0.5283	2.1123	1.58454	2.1123	2.1123	2.1123	3.69308	3.16666	1.58454	1.05651	2.63971	1.58454	1.05651	1.05651	0.5283	0	0.5283	0	0.5283	1.05651	0.5283	0.5283	0.5283	0.5283	3.16666	2.63971	2.1123	4.74397	4.74397	2.1123	2.63971	2.63971	2.1123	3.16666	1.05651	1.05651	1.05651	4.74397	4.74397	2.63971	2.63971	2.1123	4.74397	2.63971	2.63971	2.63971	2.63971	4.21888	3.69308	2.1123	9.93714	25.617	16.9244	16.9244	16.9244	7.87477	6.3141	1.58454	1.58454	2.63971	2.1123	1.05651	1.05651	1.05651	1.05651	2.63971	1.58454	1.05651	1.58454	0.5283	0	0	0	0	0.5283	0.5283	0.5283	1.05651	0.5283	0	0	0	0	0	0	0	0.5283	0.5283	0	0	0	0	0	0	0.5283	0.5283	0	0	0	0.5283	0	1.05651	0.5283	0.5283	1.05651	0.5283	0.5283	0.5283	0	0.5283	0.5283	1.05651	1.58454	1.05651	0.5283	1.05651	1.05651	1.05651	2.63971	1.58454	2.1123	2.1123	4.74397	4.74397	1.58454	1.58454	2.1123	0.5283	1.58454	5.79166	5.79166	9.42377	9.42377	3.69308	3.69308	3.16666	7.35573	4.21888	4.21888	4.21888	4.21888	8.90886	8.90886	4.21888	4.74397	8.90886	4.21888	4.74397	4.74397	4.21888	9.42377	5.26825	5.26825	10.4489	10.4489	5.26825	5.26825	5.26825	5.26825	8.90886	3.69308	2.1123	2.1123	2.63971	2.63971	0.5283	0.5283	0.5283	2.1123	1.58454	1.58454	1.58454	2.1123	5.26825	6.3141	3.16666	3.69308	7.35573	3.69308	3.16666	3.16666	3.16666	5.79166	2.63971	1.58454	3.69308	3.16666	1.05651	0.5283	0.5283	0.5283	0	0.5283	0	0.5283	1.58454	1.05651	2.1123	2.1123	1.58454	4.74397	3.16666	3.69308	7.35573	3.69308	4.21888	7.87477	7.87477	4.21888	5.26825	5.26825	5.79166	11.9738	6.3141	6.83548	6.83548	13.9803	13.9803	5.79166	5.79166	4.74397	9.42377	4.74397	3.69308	3.69308	3.16666	5.79166	5.26825	2.63971	2.1123	3.69308	1.58454	2.63971	2.63971	2.63971	5.26825	2.63971	2.63971	5.26825	5.26825	2.63971	1.58454	1.58454	0.5283	1.58454	1.05651	0	0
1.05641	1.05641	1.05641	1.05641	1.05641	1.5844	1.05641	0.528251	0.528251	2.11211	1.5844	2.11211	2.11211	2.11211	3.69274	3.16637	1.5844	1.05641	2.63946	1.5844	1.05641	1.05641	0.528251	0	0.528251	0	0.528251	1.05641	0.528251	0.528251	0.528251	0.528251	3.16637	2.63946	2.11211	4.74353	4.74353	2.11211	2.63946	2.63946	2.11211	3.16637	1.05641	1.05641	1.05641	4.74353	4.74353	2.63946	2.63946	2.11211	4.74353	2.63946	2.63946	2.63946	2.63946	4.21849	3.69274	2.11211	9.93624	25.6149	16.9229	16.9229	16.9229	7.87405	6.31352	1.5844	1.5844	2.63946	2.11211	1.05641	1.05641	1.05641	1.05641	2.63946	1.5844	1.05641	1.5844	0.528251	0	0	0	0	0.528251	0.528251	0.528251	1.05641	0.528251	0	0	0	0	0	0	0	0.528251	0.528251	0	0	0	0	0	0	0.528251	0.528251	0	0	0	0.528251	0	1.05641	0.528251	0.528251	1.05641	0.528251	0.528251	0.528251	0	0.528251	0.528251	1.05641	1.5844	1.05641	0.528251	1.05641	1.05641	1.05641	2.63946	1.5844	2.11211	2.11211	4.74353	4.74353	1.5844	1.5844	2.11211	0.528251	1.5844	5.79113	5.79113	9.42291	9.42291	3.69274	3.69274	3.16637	7.35506	4.21849	4.21849	4.21849	4.21849	8.90805	8.90805	4.21849	4.74353	8.90805	4.21849	4.74353	4.74353	4.21849	9.42291	5.26777	5.26777	10.448	10.448	5.26777	5.26777	5.26777	5.26777	8.90805	3.69274	2.11211	2.11211	2.63946	2.63946	0.528251	0.528251	0.528251	2.11211	1.5844	1.5844	1.5844	2.11211	5.26777	6.31352	3.16637	3.69274	7.35506	3.69274	3.16637	3.16637	3.16637	5.79113	2.63946	1.5844	3.69274	3.16637	1.05641	0.528251	0.528251	0.528251	0	0.528251	0	0.528251	1.5844	1.05641	2.11211	2.11211	1.5844	4.74353	3.16637	3.69274	7.35506	3.69274	4.21849	7.87405	7.87405	4.21849	5.26777	5.26777	5.79113	11.9728	6.31352	6.83486	6.83486	13.9791	13.9791	5.79113	5.79113	4.74353	9.42291	4.74353	3.69274	3.69274	3.16637	5.79113	5.26777	2.63946	2.11211	3.69274	1.5844	2.63946	2.63946	2.63946	5.26777	2.63946	2.63946	5.26777	5.26777	2.63946	1.5844	1.5844	0.528251	1.5844	1.05641	0	0
1.05632	1.05632	1.05632	1.05632	1.05632	1.58425	1.05632	0.528203	0.528203	2.11191	1.58425	2.11191	2.11191	2.11191	3.6924	3.16608	1.58425	1.05632	2.63922	1.58425	1.05632	1.05632	0.528203	0	0.528203	0	0.528203	1.05632	0.528203	0.528203	0.528203	0.528203	3.16608	2.63922	2.11191	4.7431	4.7431	2.11191	2.63922	2.63922	2.11191	3.16608	1.05632	1.05632	1.05632	4.7431	4.7431	2.63922	2.63922	2.11191	4.7431	2.63922	2.63922	2.63922	2.63922	4.2181	3.6924	2.11191	9.93534	25.6128	16.9214	16.9214	16.9214	7.87333	6.31294	1.58425	1.58425	2.63922	2.11191	1.05632	1.05632	1.05632	1.05632	2.63922	1.58425	1.05632	1.58425	0.528203	0	0	0	0	0.528203	0.528203	0.528203	1.05632	0.528203	0	0	0	0	0	0	0	0.528203	0.528203	0	0	0	0	0	0	0.528203	0.528203	0	0	0	0.528203	0	1.05632	0.528203	0.528203	1.05632	0.528203	0.528203	0.528203	0	0.528203	0.528203	1.05632	1.58425	1.05632	0.528203	1.05632	1.05632	1.05632	2.63922	1.58425	2.11191	2.11191	4.7431	4.7431	1.58425	1.58425	2.11191	0.528203	1.58425	5.7906	5.7906	9.42206	9.42206	3.6924	3.6924	3.16608	7.35439	4.2181	4.2181	4.2181	4.2181	8.90724	8.90724	4.2181	4.7431	8.90724	4.2181	4.7431	4.7431	4.2181	9.42206	5.26729	5.26729	10.447	10.447	5.26729	5.26729	5.26729	5.26729	8.90724	3.6924	2.11191	2.11191	2.63922	2.63922	0.528203	0.528203	0.528203	2.11191	1.58425	1.58425	1.58425	2.11191	5.26729	6.31294	3.16608	3.6924	7.35439	3.6924	3.16608	3.16608	3.16608	5.7906	2.63922	1.58425	3.6924	3.16608	1.05632	0.528203	0.528203	0.528203	0	0.528203	0	0.528203	1.58425	1.05632	2.11191	2.11191	1.58425	4.7431	3.16608	3.6924	7.35439	3.6924	4.2181	7.87333	7.87333	4.2181	5.26729	5.26729	5.7906	11.9717	6.31294	6.83423	6.83423	13.9778	13.9778	5.7906	5.7906	4.7431	9.42206	4.7431	3.6924	3.6924	3.16608	5.7906	5.26729	2.63922	2.11191	3.6924	1.58425	2.63922	2.63922	2.63922	5.26729	2.63922	2.63922	5.26729	5.26729	2.63922	1.58425	1.58425	0.528203	1.58425	1.05632	0	0
1.05622	1.05622	1.05622	1.05622	1.05622	1.5841	1.05622	0.528154	0.528154	2.11172	1.5841	2.11172	2.11172	2.11172	3.69206	3.16579	1.5841	1.05622	2.63898	1.5841	1.05622	1.05622	0.528154	0	0.528154	0	0.528154	1.05622	0.528154	0.528154	0.528154	0.528154	3.16579	2.63898	2.11172	4.74266	4.74266	2.11172	2.63898	2.63898	2.11172	3.16579	1.05622	1.05622	1.05622	4.74266	4.74266	2.63898	2.63898	2.11172	4.74266	2.63898	2.63898	2.63898	2.63898	4.21772	3.69206	2.11172	9.93444	25.6108	16.9199	16.9199	16.9199	7.87261	6.31236	1.5841	1.5841	2.63898	2.11172	1.05622	1.05622	1.05622	1.05622	2.63898	1.5841	1.05622	1.5841	0.528154	0	0	0	0	0.528154	0.528154	0.528154	1.05622	0.528154	0	0	0	0	0	0	0	0.528154	0.528154	0	0	0	0	0	0	0.528154	0.528154	0	0	0	0.528154	0	1.05622	0.528154	0.528154	1.05622	0.528154	0.528154	0.528154	0	0.528154	0.528154	1.05622	1.5841	1.05622	0.528154	1.05622	1.05622	1.05622	2.63898	1.5841	2.11172	2.11172	4.74266	4.74266	1.5841	1.5841	2.11172	0.528154	1.5841	5.79007	5.79007	9.42121	9.42121	3.69206	3.69206	3.16579	7.35372	4.21772	4.21772	4.21772	4.21772	8.90644	8.90644	4.21772	4.74266	8.90644	4.21772	4.74266	4.74266	4.21772	9.42121	5.26681	5.26681	10.4461	10.4461	5.26681	5.26681	5.26681	5.26681	8.90644	3.69206	2.11172	2.11172	2.63898	2.63898	0.528154	0.528154	0.528154	2.11172	1.5841	1.5841	1.5841	2.11172	5.26681	6.31236	3.16579	3.69206	7.35372	3.69206	3.16579	3.16579	3.16579	5.79007	2.63898	1.5841	3.69206	3.16579	1.05622	0.528154	0.528154	0.528154	0	0.528154	0	0.528154	1.5841	1.05622	2.11172	2.11172	1.5841	4.74266	3.16579	3.69206	7.35372	3.69206	4.21772	7.87261	7.87261	4.21772	5.26681	5.26681	5.79007	11.9706	6.31236	6.83361	6.83361	13.9766	13.9766	5.79007	5.79007	4.74266	9.42121	4.74266	3.69206	3.69206	3.16579	5.79007	5.26681	2.63898	2.11172	3.69206	1.5841	2.63898	2.63898	2.63898	5.26681	2.63898	2.63898	5.26681	5.26681	2.63898	1.5841	1.5841	0.528154	1.5841	1.05622	0	0
1.0561	1.0561	1.0561	1.0561	1.0561	1.58393	1.0561	0.528096	0.528096	2.11149	1.58393	2.11149	2.11149	2.11149	3.69166	3.16544	1.58393	1.0561	2.63869	1.58393	1.0561	1.0561	0.528096	0	0.528096	0	0.528096	1.0561	0.528096	0.528096	0.528096	0.528096	3.16544	2.63869	2.11149	4.74214	4.74214	2.11149	2.63869	2.63869	2.11149	3.16544	1.0561	1.0561	1.0561	4.74214	4.74214	2.63869	2.63869	2.11149	4.74214	2.63869	2.63869	2.63869	2.63869	4.21725	3.69166	2.11149	9.93337	25.6083	16.9182	16.9182	16.9182	7.87176	6.31167	1.58393	1.58393	2.63869	2.11149	1.0561	1.0561	1.0561	1.0561	2.63869	1.58393	1.0561	1.58393	0.528096	0	0	0	0	0.528096	0.528096	0.528096	1.0561	0.528096	0	0	0	0	0	0	0	0.528096	0.528096	0	0	0	0	0	0	0.528096	0.528096	0	0	0	0.528096	0	1.0561	0.528096	0.528096	1.0561	0.528096	0.528096	0.528096	0	0.528096	0.528096	1.0561	1.58393	1.0561	0.528096	1.0561	1.0561	1.0561	2.63869	1.58393	2.11149	2.11149	4.74214	4.74214	1.58393	1.58393	2.11149	0.528096	1.58393	5.78943	5.78943	9.42018	9.42018	3.69166	3.69166	3.16544	7.35292	4.21725	4.21725	4.21725	4.21725	8.90547	8.90547	4.21725	4.74214	8.90547	4.21725	4.74214	4.74214	4.21725	9.42018	5.26623	5.26623	10.4449	10.4449	5.26623	5.26623	5.26623	5.26623	8.90547	3.69166	2.11149	2.11149	2.63869	2.63869	0.528096	0.528096	0.528096	2.11149	1.58393	1.58393	1.58393	2.11149	5.26623	6.31167	3.16544	3.69166	7.35292	3.69166	3.16544	3.16544	3.16544	5.78943	2.63869	1.58393	3.69166	3.16544	1.0561	0.528096	0.528096	0.528096	0	0.528096	0	0.528096	1.58393	1.0561	2.11149	2.11149	1.58393	4.74214	3.16544	3.69166	7.35292	3.69166	4.21725	7.87176	7.87176	4.21725	5.26623	5.26623	5.78943	11.9693	6.31167	6.83286	6.83286	13.9751	13.9751	5.78943	5.78943	4.74214	9.42018	4.74214	3.69166	3.69166	3.16544	5.78943	5.26623	2.63869	2.11149	3.69166	1.58393	2.63869	2.63869	2.63869	5.26623	2.63869	2.63869	5.26623	5.26623	2.63869	1.58393	1.58393	0.528096	1.58393	1.0561	0	0
1.056	1.056	1.056	1.056	1.056	1.58378	1.056	0.528047	0.528047	2.11129	1.58378	2.11129	2.11129	2.11129	3.69132	3.16515	1.58378	1.056	2.63844	1.58378	1.056	1.056	0.528047	0	0.528047	0	0.528047	1.056	0.528047	0.528047	0.528047	0.528047	3.16515	2.63844	2.11129	4.7417	4.7417	2.11129	2.63844	2.63844	2.11129	3.16515	1.056	1.056	1.056	4.7417	4.7417	2.63844	2.63844	2.11129	4.7417	2.63844	2.63844	2.63844	2.63844	4.21687	3.69132	2.11129	9.93247	25.6062	16.9167	16.9167	16.9167	7.87104	6.3111	1.58378	1.58378	2.63844	2.11129	1.056	1.056	1.056	1.056	2.63844	1.58378	1.056	1.58378	0.528047	0	0	0	0	0.528047	0.528047	0.528047	1.056	0.528047	0	0	0	0	0	0	0	0.528047	0.528047	0	0	0	0	0	0	0.528047	0.528047	0	0	0	0.528047	0	1.056	0.528047	0.528047	1.056	0.528047	0.528047	0.528047	0	0.528047	0.528047	1.056	1.58378	1.056	0.528047	1.056	1.056	1.056	2.63844	1.58378	2.11129	2.11129	4.7417	4.7417	1.58378	1.58378	2.11129	0.528047	1.58378	5.7889	5.7889	9.41933	9.41933	3.69132	3.69132	3.16515	7.35225	4.21687	4.21687	4.21687	4.21687	8.90466	8.90466	4.21687	4.7417	8.90466	4.21687	4.7417	4.7417	4.21687	9.41933	5.26574	5.26574	10.444	10.444	5.26574	5.26574	5.26574	5.26574	8.90466	3.69132	2.11129	2.11129	2.63844	2.63844	0.528047	0.528047	0.528047	2.11129	1.58378	1.58378	1.58378	2.11129	5.26574	6.3111	3.16515	3.69132	7.35225	3.69132	3.16515	3.16515	3.16515	5.7889	2.63844	1.58378	3.69132	3.16515	1.056	0.528047	0.528047	0.528047	0	0.528047	0	0.528047	1.58378	1.056	2.11129	2.11129	1.58378	4.7417	3.16515	3.69132	7.35225	3.69132	4.21687	7.87104	7.87104	4.21687	5.26574	5.26574	5.7889	11.9683	6.3111	6.83224	6.83224	13.9739	13.9739	5.7889	5.7889	4.7417	9.41933	4.7417	3.69132	3.69132	3.16515	5.7889	5.26574	2.63844	2.11129	3.69132	1.58378	2.63844	2.63844	2.63844	5.26574	2.63844	2.63844	5.26574	5.26574	2.63844	1.58378	1.58378	0.528047	1.58378	1.056	0	0
55.6054	56.0225	56.3093	56.5514	56.8298	57.2598	57.7544	58.0894	58.2001	58.1314	57.981	57.7582	57.4552	57.1074	56.5204	55.6529	54.9207	54.4792	53.8957	53.2412	52.8586	52.5679	52.1732	51.4709	50.5345	49.7684	49.2146	48.2575	47.1039	46.234	45.3356	44.4658	43.2421	41.9602	41.0632	39.5702	37.0413	34.7489	33.0296	31.1359	29.0473	25.6065	21.9624	19.307	16.4391	13.0757	8.86822	5.65948	3.94961	3.00748	4.84218	3.07591	3.25678	3.40266	3.74697	6.23683	7.62921	8.21056	11.8292	23.4639	14.9966	15.7105	17.5531	14.5575	15.7111	15.6388	15.5285	15.658	15.7232	15.8626	15.976	15.976	16.106	16.5195	16.4997	16.591	17.0055	17.5398	18.1183	18.5939	19.0669	19.5372	20.1377	20.5928	20.8237	21.1943	21.5122	21.7323	22.0742	22.4125	22.7511	23.1986	23.4201	23.5315	23.9738	24.5234	24.7404	24.7404	24.7404	24.7404	24.7404	24.7404	24.8517	25.0686	25.1745	25.0665	24.8495	24.7448	24.6317	24.2007	23.6432	23.1986	22.6452	22.1891	22.0781	22.0781	22.0729	22.0781	22.0781	22.2019	22.4503	22.5449	22.5299	22.5449	22.5449	22.6527	23.0722	23.3449	23.4956	23.4956	24.0649	24.7126	24.6777	24.4598	24.4753	24.3134	23.7762	22.662	20.4237	18.9055	16.317	13.1488	12.6645	12.2028	13.209	11.3747	11.0634	10.8269	10.7576	12.6913	11.4223	7.74877	6.96319	8.61278	4.24923	3.87865	4.00171	4.48678	9.39899	9.07862	10.7576	15.2987	18.5677	19.5127	20.876	22.2191	23.5402	25.6918	25.991	26.0975	26.0975	25.8477	25.2068	24.3213	23.439	22.5449	21.4533	20.2019	19.2954	18.1191	17.1997	16.8766	15.6064	12.6503	11.6287	12.3161	8.18567	6.78162	5.58285	4.6568	7.09174	3.48324	2.82281	4.56692	3.56202	1.59466	0.527998	2.17612	4.2494	7.64273	10.5578	13.2042	18.1157	23.6694	27.0701	29.1724	30.9433	32.8221	35.8719	37.8705	39.1015	41.0053	42.0497	42.8563	44.2631	45.6963	46.4459	46.9729	47.3376	47.6545	48.4379	48.3832	48.5109	48.5109	49.0295	49.0295	48.5914	48.8203	49.07	49.8821	50.2327	50.6308	51.0511	51.5065	52.4048	53.3365	53.8197	54.0405	54.3377	54.5747	54.5337	54.2654	53.8527	53.034	52.1322	51.4226	50.0663	47.9043	46.0424	44.9342	43.993	43.1597	42.0149	40.752	40.2171	40.0628
55.6061	56.0201	56.3061	56.5483	56.8274	57.259	57.7546	58.0876	58.1977	58.1265	57.9769	57.7523	57.4492	57.1016	56.5082	55.6475	54.9183	54.4767	53.8904	53.237	52.8551	52.5644	52.176	51.4987	50.5719	49.7766	49.2276	48.347	47.1342	46.2664	45.3703	44.4783	43.2395	41.9396	41.051	39.5185	37.0213	34.7571	33.0272	31.1335	29.1002	26.0523	22.1591	19.5993	16.7969	12.9898	8.73701	5.39752	3.56181	2.71594	4.36129	3.07562	3.48292	3.61959	4.16664	7.80248	9.52069	8.7292	10.7006	18.4871	11.0003	11.8127	14.2684	13.7584	15.2239	15.6173	15.5272	15.6566	15.7578	15.881	15.9746	15.9746	16.124	16.5594	16.4983	16.6082	17.0621	17.5907	18.1301	18.6053	19.0778	19.5477	20.1798	20.5996	20.8303	21.2252	21.5184	21.7331	22.0827	22.4132	22.7591	23.2063	23.4182	23.5319	23.9787	24.5214	24.7384	24.7384	24.7384	24.7384	24.7384	24.7384	24.8475	25.0645	25.1724	25.0666	24.8497	24.7428	24.6319	24.1919	23.6413	23.1967	22.6359	22.1847	22.0762	22.0762	22.0711	22.0762	22.0762	22.1923	22.4359	22.5431	22.5281	22.5431	22.5431	22.6434	23.0316	23.3311	23.4937	23.4937	23.9604	24.6122	24.691	24.4733	24.4578	24.3293	23.7534	22.3595	20.0737	17.9579	15.1644	13.0285	12.539	12.1424	12.8333	11.2096	10.9721	10.7334	10.7566	12.2015	10.2637	7.31406	6.29117	6.59932	3.37678	2.08605	2.30769	3.43791	6.91329	8.37329	10.1444	13.598	17.3293	19.2527	20.6385	22.0014	23.34	25.257	25.9405	26.0954	26.0954	25.9248	25.287	24.3728	23.4937	22.603	21.7305	20.2786	19.463	18.301	17.316	17.5521	16.7532	13.0794	12.1531	14.1748	8.93548	7.7917	6.78088	6.32355	9.67435	4.18731	2.98982	4.788	2.98982	1.45766	2.63796	3.37678	4.96851	9.64339	11.0489	14.0054	20.2203	25.1494	27.3764	29.4224	31.1678	33.0669	36.6277	38.0232	39.2309	41.4215	42.136	42.9274	44.5463	45.9525	46.5008	47.0067	47.3704	47.676	48.5299	48.4054	48.5082	48.5082	49.0269	49.0269	48.6113	48.8398	49.0959	50.007	50.2665	50.6571	51.0765	51.5358	52.5282	53.4179	53.8292	54.044	54.3565	54.5769	54.5251	54.2566	53.8428	52.9996	52.1211	51.414	50.0486	47.9017	46.0398	44.9359	43.9949	43.1674	42.0532	40.7591	40.2154	40.0611
2.11071	1.05571	0.527901	0.527901	1.05571	2.11071	2.11071	1.05571	0.527901	1.05571	0.527901	0	0	0.527901	1.58334	2.63771	1.58334	1.05571	2.11071	1.05571	0.527901	0.527901	2.11071	4.7404	5.2643	2.63771	3.16428	7.35024	4.2157	4.2157	4.2157	2.63771	3.16428	0.527901	1.05571	2.63771	4.2157	2.63771	2.63771	2.63771	3.6903	8.38625	4.7404	5.2643	5.2643	4.2157	4.2157	1.05571	1.05571	1.05571	3.6903	2.63771	3.16428	3.16428	3.6903	7.86889	8.90224	4.7404	6.83037	15.4517	8.90224	8.38625	8.38625	3.6903	2.63771	1.05571	1.58334	2.63771	2.63771	1.58334	1.05571	1.05571	1.58334	3.16428	1.58334	1.58334	2.63771	2.11071	1.05571	1.05571	1.05571	1.05571	2.11071	1.05571	1.05571	2.11071	1.05571	0.527901	1.05571	0.527901	1.05571	1.05571	0	0.527901	1.05571	0.527901	0	0	0	0	0	0	0	0	0	0.527901	0.527901	0.527901	0.527901	0.527901	0.527901	0.527901	0.527901	0	0.527901	0.527901	0	0.527901	0.527901	0.527901	1.05571	1.05571	0.527901	1.05571	1.05571	0.527901	1.58334	1.05571	2.11071	2.11071	3.16428	3.16428	2.11071	2.11071	1.58334	1.58334	0	0.527901	0.527901	3.16428	3.16428	2.63771	2.63771	2.63771	5.78731	3.16428	3.6903	3.6903	4.2157	7.35024	5.2643	2.11071	2.11071	4.2157	2.11071	1.05571	1.05571	1.05571	2.63771	1.58334	1.05571	2.11071	3.16428	2.11071	2.11071	2.11071	2.11071	4.7404	2.63771	2.11071	2.11071	4.2157	4.2157	2.63771	2.63771	2.63771	5.78731	3.16428	4.2157	4.2157	3.6903	8.90224	10.9509	5.78731	6.30936	12.4693	6.30936	6.30936	6.30936	6.83037	10.9509	4.2157	2.11071	4.2157	1.58334	0.527901	3.6903	3.6903	3.6903	8.38625	4.7404	6.83037	13.4719	13.4719	6.83037	6.83037	6.83037	7.35024	14.4662	7.35024	7.35024	13.9701	6.83037	6.83037	13.4719	13.4719	6.83037	6.83037	6.83037	6.83037	13.9701	7.35024	6.83037	6.83037	13.9701	13.9701	6.83037	6.83037	6.30936	12.9716	6.83037	5.78731	5.78731	5.78731	11.4589	9.92978	4.2157	3.16428	5.78731	2.63771	1.05571	1.05571	0.527901	1.05571	0.527901	1.58334	4.2157	5.2643	2.63771	2.11071	2.11071	2.11071	4.2157	2.11071	0.527901	0.527901
2.11048	1.0556	0.527843	0.527843	1.0556	2.11048	2.11048	1.0556	0.527843	1.0556	0.527843	0	0	0.527843	1.58317	2.63742	1.58317	1.0556	2.11048	1.0556	0.527843	0.527843	2.11048	4.73988	5.26372	2.63742	3.16393	7.34943	4.21524	4.21524	4.21524	2.63742	3.16393	0.527843	1.0556	2.63742	4.21524	2.63742	2.63742	2.63742	3.68989	8.38534	4.73988	5.26372	5.26372	4.21524	4.21524	1.0556	1.0556	1.0556	3.68989	2.63742	3.16393	3.16393	3.68989	7.86803	8.90127	4.73988	6.82962	15.45	8.90127	8.38534	8.38534	3.68989	2.63742	1.0556	1.58317	2.63742	2.63742	1.58317	1.0556	1.0556	1.58317	3.16393	1.58317	1.58317	2.63742	2.11048	1.0556	1.0556	1.0556	1.0556	2.11048	1.0556	1.0556	2.11048	1.0556	0.527843	1.0556	0.527843	1.0556	1.0556	0	0.527843	1.0556	0.527843	0	0	0	0	0	0	0	0	0	0.527843	0.527843	0.527843	0.527843	0.527843	0.527843	0.527843	0.527843	0	0.527843	0.527843	0	0.527843	0.527843	0.527843	1.0556	1.0556	0.527843	1.0556	1.0556	0.527843	1.58317	1.0556	2.11048	2.11048	3.16393	3.16393	2.11048	2.11048	1.58317	1.58317	0	0.527843	0.527843	3.16393	3.16393	2.63742	2.63742	2.63742	5.78668	3.16393	3.68989	3.68989	4.21524	7.34943	5.26372	2.11048	2.11048	4.21524	2.11048	1.0556	1.0556	1.0556	2.63742	1.58317	1.0556	2.11048	3.16393	2.11048	2.11048	2.11048	2.11048	4.73988	2.63742	2.11048	2.11048	4.21524	4.21524	2.63742	2.63742	2.63742	5.78668	3.16393	4.21524	4.21524	3.68989	8.90127	10.9497	5.78668	6.30867	12.468	6.30867	6.30867	6.30867	6.82962	10.9497	4.21524	2.11048	4.21524	1.58317	0.527843	3.68989	3.68989	3.68989	8.38534	4.73988	6.82962	13.4705	13.4705	6.82962	6.82962	6.82962	7.34943	14.4647	7.34943	7.34943	13.9687	6.82962	6.82962	13.4705	13.4705	6.82962	6.82962	6.82962	6.82962	13.9687	7.34943	6.82962	6.82962	13.9687	13.9687	6.82962	6.82962	6.30867	12.9702	6.82962	5.78668	5.78668	5.78668	11.4577	9.9287	4.21524	3.16393	5.78668	2.63742	1.0556	1.0556	0.527843	1.0556	0.527843	1.58317	4.21524	5.26372	2.63742	2.11048	2.11048	2.11048	4.21524	2.11048	0.527843	0.527843
2.11028	1.0555	0.527794	0.527794	1.0555	2.11028	2.11028	1.0555	0.527794	1.0555	0.527794	0	0	0.527794	1.58302	2.63718	1.58302	1.0555	2.11028	1.0555	0.527794	0.527794	2.11028	4.73944	5.26324	2.63718	3.16364	7.34876	4.21485	4.21485	4.21485	2.63718	3.16364	0.527794	1.0555	2.63718	4.21485	2.63718	2.63718	2.63718	3.68955	8.38458	4.73944	5.26324	5.26324	4.21485	4.21485	1.0555	1.0555	1.0555	3.68955	2.63718	3.16364	3.16364	3.68955	7.86732	8.90046	4.73944	6.829	15.4487	8.90046	8.38458	8.38458	3.68955	2.63718	1.0555	1.58302	2.63718	2.63718	1.58302	1.0555	1.0555	1.58302	3.16364	1.58302	1.58302	2.63718	2.11028	1.0555	1.0555	1.0555	1.0555	2.11028	1.0555	1.0555	2.11028	1.0555	0.527794	1.0555	0.527794	1.0555	1.0555	0	0.527794	1.0555	0.527794	0	0	0	0	0	0	0	0	0	0.527794	0.527794	0.527794	0.527794	0.527794	0.527794	0.527794	0.527794	0	0.527794	0.527794	0	0.527794	0.527794	0.527794	1.0555	1.0555	0.527794	1.0555	1.0555	0.527794	1.58302	1.0555	2.11028	2.11028	3.16364	3.16364	2.11028	2.11028	1.58302	1.58302	0	0.527794	0.527794	3.16364	3.16364	2.63718	2.63718	2.63718	5.78615	3.16364	3.68955	3.68955	4.21485	7.34876	5.26324	2.11028	2.11028	4.21485	2.11028	1.0555	1.0555	1.0555	2.63718	1.58302	1.0555	2.11028	3.16364	2.11028	2.11028	2.11028	2.11028	4.73944	2.63718	2.11028	2.11028	4.21485	4.21485	2.63718	2.63718	2.63718	5.78615	3.16364	4.21485	4.21485	3.68955	8.90046	10.9487	5.78615	6.3081	12.4669	6.3081	6.3081	6.3081	6.829	10.9487	4.21485	2.11028	4.21485	1.58302	0.527794	3.68955	3.68955	3.68955	8.38458	4.73944	6.829	13.4693	13.4693	6.829	6.829	6.829	7.34876	14.4634	7.34876	7.34876	13.9674	6.829	6.829	13.4693	13.4693	6.829	6.829	6.829	6.829	13.9674	7.34876	6.829	6.829	13.9674	13.9674	6.829	6.829	6.3081	12.9691	6.829	5.78615	5.78615	5.78615	11.4566	9.92781	4.21485	3.16364	5.78615	2.63718	1.0555	1.0555	0.527794	1.0555	0.527794	1.58302	4.21485	5.26324	2.63718	2.11028	2.11028	2.11028	4.21485	2.11028	0.527794	0.527794
2.11009	1.0554	0.527745	0.527745	1.0554	2.11009	2.11009	1.0554	0.527745	1.0554	0.527745	0	0	0.527745	1.58288	2.63694	1.58288	1.0554	2.11009	1.0554	0.527745	0.527745	2.11009	4.73901	5.26275	2.63694	3.16334	7.34809	4.21447	4.21447	4.21447	2.63694	3.16334	0.527745	1.0554	2.63694	4.21447	2.63694	2.63694	2.63694	3.68922	8.38381	4.73901	5.26275	5.26275	4.21447	4.21447	1.0554	1.0554	1.0554	3.68922	2.63694	3.16334	3.16334	3.68922	7.8666	8.89966	4.73901	6.82837	15.4473	8.89966	8.38381	8.38381	3.68922	2.63694	1.0554	1.58288	2.63694	2.63694	1.58288	1.0554	1.0554	1.58288	3.16334	1.58288	1.58288	2.63694	2.11009	1.0554	1.0554	1.0554	1.0554	2.11009	1.0554	1.0554	2.11009	1.0554	0.527745	1.0554	0.527745	1.0554	1.0554	0	0.527745	1.0554	0.527745	0	0	0	0	0	0	0	0	0	0.527745	0.527745	0.527745	0.527745	0.527745	0.527745	0.527745	0.527745	0	0.527745	0.527745	0	0.527745	0.527745	0.527745	1.0554	1.0554	0.527745	1.0554	1.0554	0.527745	1.58288	1.0554	2.11009	2.11009	3.16334	3.16334	2.11009	2.11009	1.58288	1.58288	0	0.527745	0.527745	3.16334	3.16334	2.63694	2.63694	2.63694	5.78562	3.16334	3.68922	3.68922	4.21447	7.34809	5.26275	2.11009	2.11009	4.21447	2.11009	1.0554	1.0554	1.0554	2.63694	1.58288	1.0554	2.11009	3.16334	2.11009	2.11009	2.11009	2.11009	4.73901	2.63694	2.11009	2.11009	4.21447	4.21447	2.63694	2.63694	2.63694	5.78562	3.16334	4.21447	4.21447	3.68922	8.89966	10.9478	5.78562	6.30752	12.4658	6.30752	6.30752	6.30752	6.82837	10.9478	4.21447	2.11009	4.21447	1.58288	0.527745	3.68922	3.68922	3.68922	8.38381	4.73901	6.82837	13.4681	13.4681	6.82837	6.82837	6.82837	7.34809	14.4621	7.34809	7.34809	13.9662	6.82837	6.82837	13.4681	13.4681	6.82837	6.82837	6.82837	6.82837	13.9662	7.34809	6.82837	6.82837	13.9662	13.9662	6.82837	6.82837	6.30752	12.9679	6.82837	5.78562	5.78562	5.78562	11.4556	9.92691	4.21447	3.16334	5.78562	2.63694	1.0554	1.0554	0.527745	1.0554	0.527745	1.58288	4.21447	5.26275	2.63694	2.11009	2.11009	2.11009	4.21447	2.11009	0.527745	0.527745
2.10989	1.0553	0.527697	0.527697	1.0553	2.10989	2.10989	1.0553	0.527697	1.0553	0.527697	0	0	0.527697	1.58273	2.6367	1.58273	1.0553	2.10989	1.0553	0.527697	0.527697	2.10989	4.73857	5.26227	2.6367	3.16305	7.34742	4.21408	4.21408	4.21408	2.6367	3.16305	0.527697	1.0553	2.6367	4.21408	2.6367	2.6367	2.6367	3.68888	8.38305	4.73857	5.26227	5.26227	4.21408	4.21408	1.0553	1.0553	1.0553	3.68888	2.6367	3.16305	3.16305	3.68888	7.86588	8.89885	4.73857	6.82775	15.446	8.89885	8.38305	8.38305	3.68888	2.6367	1.0553	1.58273	2.6367	2.6367	1.58273	1.0553	1.0553	1.58273	3.16305	1.58273	1.58273	2.6367	2.10989	1.0553	1.0553	1.0553	1.0553	2.10989	1.0553	1.0553	2.10989	1.0553	0.527697	1.0553	0.527697	1.0553	1.0553	0	0.527697	1.0553	0.527697	0	0	0	0	0	0	0	0	0	0.527697	0.527697	0.527697	0.527697	0.527697	0.527697	0.527697	0.527697	0	0.527697	0.527697	0	0.527697	0.527697	0.527697	1.0553	1.0553	0.527697	1.0553	1.0553	0.527697	1.58273	1.0553	2.10989	2.10989	3.16305	3.16305	2.10989	2.10989	1.58273	1.58273	0	0.527697	0.527697	3.16305	3.16305	2.6367	2.6367	2.6367	5.78509	3.16305	3.68888	3.68888	4.21408	7.34742	5.26227	2.10989	2.10989	4.21408	2.10989	1.0553	1.0553	1.0553	2.6367	1.58273	1.0553	2.10989	3.16305	2.10989	2.10989	2.10989	2.10989	4.73857	2.6367	2.10989	2.10989	4.21408	4.21408	2.6367	2.6367	2.6367	5.78509	3.16305	4.21408	4.21408	3.68888	8.89885	10.9468	5.78509	6.30694	12.4646	6.30694	6.30694	6.30694	6.82775	10.9468	4.21408	2.10989	4.21408	1.58273	0.527697	3.68888	3.68888	3.68888	8.38305	4.73857	6.82775	13.4669	13.4669	6.82775	6.82775	6.82775	7.34742	14.4608	7.34742	7.34742	13.9649	6.82775	6.82775	13.4669	13.4669	6.82775	6.82775	6.82775	6.82775	13.9649	7.34742	6.82775	6.82775	13.9649	13.9649	6.82775	6.82775	6.30694	12.9668	6.82775	5.78509	5.78509	5.78509	11.4546	9.92602	4.21408	3.16305	5.78509	2.6367	1.0553	1.0553	0.527697	1.0553	0.527697	1.58273	4.21408	5.26227	2.6367	2.10989	2.10989	2.10989	4.21408	2.10989	0.527697	0.527697
2.1097	1.05521	0.527648	0.527648	1.05521	2.1097	2.1097	1.05521	0.527648	1.05521	0.527648	0	0	0.527648	1.58259	2.63645	1.58259	1.05521	2.1097	1.05521	0.527648	0.527648	2.1097	4.73814	5.26179	2.63645	3.16276	7.34675	4.21369	4.21369	4.21369	2.63645	3.16276	0.527648	1.05521	2.63645	4.21369	2.63645	2.63645	2.63645	3.68854	8.38229	4.73814	5.26179	5.26179	4.21369	4.21369	1.05521	1.05521	1.05521	3.68854	2.63645	3.16276	3.16276	3.68854	7.86517	8.89804	4.73814	6.82713	15.4446	8.89804	8.38229	8.38229	3.68854	2.63645	1.05521	1.58259	2.63645	2.63645	1.58259	1.05521	1.05521	1.58259	3.16276	1.58259	1.58259	2.63645	2.1097	1.05521	1.05521	1.05521	1.05521	2.1097	1.05521	1.05521	2.1097	1.05521	0.527648	1.05521	0.527648	1.05521	1.05521	0	0.527648	1.05521	0.527648	0	0	0	0	0	0	0	0	0	0.527648	0.527648	0.527648	0.527648	0.527648	0.527648	0.527648	0.527648	0	0.527648	0.527648	0	0.527648	0.527648	0.527648	1.05521	1.05521	0.527648	1.05521	1.05521	0.527648	1.58259	1.05521	2.1097	2.1097	3.16276	3.16276	2.1097	2.1097	1.58259	1.58259	0	0.527648	0.527648	3.16276	3.16276	2.63645	2.63645	2.63645	5.78456	3.16276	3.68854	3.68854	4.21369	7.34675	5.26179	2.1097	2.1097	4.21369	2.1097	1.05521	1.05521	1.05521	2.63645	1.58259	1.05521	2.1097	3.16276	2.1097	2.1097	2.1097	2.1097	4.73814	2.63645	2.1097	2.1097	4.21369	4.21369	2.63645	2.63645	2.63645	5.78456	3.16276	4.21369	4.21369	3.68854	8.89804	10.9458	5.78456	6.30637	12.4635	6.30637	6.30637	6.30637	6.82713	10.9458	4.21369	2.1097	4.21369	1.58259	0.527648	3.68854	3.68854	3.68854	8.38229	4.73814	6.82713	13.4657	13.4657	6.82713	6.82713	6.82713	7.34675	14.4596	7.34675	7.34675	13.9637	6.82713	6.82713	13.4657	13.4657	6.82713	6.82713	6.82713	6.82713	13.9637	7.34675	6.82713	6.82713	13.9637	13.9637	6.82713	6.82713	6.30637	12.9656	6.82713	5.78456	5.78456	5.78456	11.4535	9.92512	4.21369	3.16276	5.78456	2.63645	1.05521	1.05521	0.527648	1.05521	0.527648	1.58259	4.21369	5.26179	2.63645	2.1097	2.1097	2.1097	4.21369	2.1097	0.527648	0.527648
2.1095	1.05511	0.5276	0.5276	1.05511	2.1095	2.1095	1.05511	0.5276	1.05511	0.5276	0	0	0.5276	1.58244	2.63621	1.58244	1.05511	2.1095	1.05511	0.5276	0.5276	2.1095	4.7377	5.26131	2.63621	3.16247	7.34608	4.21331	4.21331	4.21331	2.63621	3.16247	0.5276	1.05511	2.63621	4.21331	2.63621	2.63621	2.63621	3.6882	8.38153	4.7377	5.26131	5.26131	4.21331	4.21331	1.05511	1.05511	1.05511	3.6882	2.63621	3.16247	3.16247	3.6882	7.86445	8.89724	4.7377	6.8265	15.4433	8.89724	8.38153	8.38153	3.6882	2.63621	1.05511	1.58244	2.63621	2.63621	1.58244	1.05511	1.05511	1.58244	3.16247	1.58244	1.58244	2.63621	2.1095	1.05511	1.05511	1.05511	1.05511	2.1095	1.05511	1.05511	2.1095	1.05511	0.5276	1.05511	0.5276	1.05511	1.05511	0	0.5276	1.05511	0.5276	0	0	0	0	0	0	0	0	0	0.5276	0.5276	0.5276	0.5276	0.5276	0.5276	0.5276	0.5276	0	0.5276	0.5276	0	0.5276	0.5276	0.5276	1.05511	1.05511	0.5276	1.05511	1.05511	0.5276	1.58244	1.05511	2.1095	2.1095	3.16247	3.16247	2.1095	2.1095	1.58244	1.58244	0	0.5276	0.5276	3.16247	3.16247	2.63621	2.63621	2.63621	5.78403	3.16247	3.6882	3.6882	4.21331	7.34608	5.26131	2.1095	2.1095	4.21331	2.1095	1.05511	1.05511	1.05511	2.63621	1.58244	1.05511	2.1095	3.16247	2.1095	2.1095	2.1095	2.1095	4.7377	2.63621	2.1095	2.1095	4.21331	4.21331	2.63621	2.63621	2.63621	5.78403	3.16247	4.21331	4.21331	3.6882	8.89724	10.9448	5.78403	6.30579	12.4624	6.30579	6.30579	6.30579	6.8265	10.9448	4.21331	2.1095	4.21331	1.58244	0.5276	3.6882	3.6882	3.6882	8.38153	4.7377	6.8265	13.4645	13.4645	6.8265	6.8265	6.8265	7.34608	14.4583	7.34608	7.34608	13.9625	6.8265	6.8265	13.4645	13.4645	6.8265	6.8265	6.8265	6.8265	13.9625	7.34608	6.8265	6.8265	13.9625	13.9625	6.8265	6.8265	6.30579	12.9645	6.8265	5.78403	5.78403	5.78403	11.4525	9.92422	4.21331	3.16247	5.78403	2.63621	1.05511	1.05511	0.5276	1.05511	0.5276	1.58244	4.21331	5.26131	2.63621	2.1095	2.1095	2.1095	4.21331	2.1095	0.5276	0.5276
2.10927	1.05499	0.527541	0.527541	1.05499	2.10927	2.10927	1.05499	0.527541	1.05499	0.527541	0	0	0.527541	1.58227	2.63592	1.58227	1.05499	2.10927	1.05499	0.527541	0.527541	2.10927	4.73718	5.26073	2.63592	3.16212	7.34528	4.21284	4.21284	4.21284	2.63592	3.16212	0.527541	1.05499	2.63592	4.21284	2.63592	2.63592	2.63592	3.68779	8.38062	4.73718	5.26073	5.26073	4.21284	4.21284	1.05499	1.05499	1.05499	3.68779	2.63592	3.16212	3.16212	3.68779	7.8636	8.89627	4.73718	6.82576	15.4416	8.89627	8.38062	8.38062	3.68779	2.63592	1.05499	1.58227	2.63592	2.63592	1.58227	1.05499	1.05499	1.58227	3.16212	1.58227	1.58227	2.63592	2.10927	1.05499	1.05499	1.05499	1.05499	2.10927	1.05499	1.05499	2.10927	1.05499	0.527541	1.05499	0.527541	1.05499	1.05499	0	0.527541	1.05499	0.527541	0	0	0	0	0	0	0	0	0	0.527541	0.527541	0.527541	0.527541	0.527541	0.527541	0.527541	0.527541	0	0.527541	0.527541	0	0.527541	0.527541	0.527541	1.05499	1.05499	0.527541	1.05499	1.05499	0.527541	1.58227	1.05499	2.10927	2.10927	3.16212	3.16212	2.10927	2.10927	1.58227	1.58227	0	0.527541	0.527541	3.16212	3.16212	2.63592	2.63592	2.63592	5.7834	3.16212	3.68779	3.68779	4.21284	7.34528	5.26073	2.10927	2.10927	4.21284	2.10927	1.05499	1.05499	1.05499	2.63592	1.58227	1.05499	2.10927	3.16212	2.10927	2.10927	2.10927	2.10927	4.73718	2.63592	2.10927	2.10927	4.21284	4.21284	2.63592	2.63592	2.63592	5.7834	3.16212	4.21284	4.21284	3.68779	8.89627	10.9436	5.7834	6.3051	12.4611	6.3051	6.3051	6.3051	6.82576	10.9436	4.21284	2.10927	4.21284	1.58227	0.527541	3.68779	3.68779	3.68779	8.38062	4.73718	6.82576	13.4631	13.4631	6.82576	6.82576	6.82576	7.34528	14.4568	7.34528	7.34528	13.961	6.82576	6.82576	13.4631	13.4631	6.82576	6.82576	6.82576	6.82576	13.961	7.34528	6.82576	6.82576	13.961	13.961	6.82576	6.82576	6.3051	12.9631	6.82576	5.7834	5.7834	5.7834	11.4513	9.92315	4.21284	3.16212	5.7834	2.63592	1.05499	1.05499	0.527541	1.05499	0.527541	1.58227	4.21284	5.26073	2.63592	2.10927	2.10927	2.10927	4.21284	2.10927	0.527541	0.527541
2.10908	1.0549	0.527493	0.527493	1.0549	2.10908	2.10908	1.0549	0.527493	1.0549	0.527493	0	0	0.527493	1.58212	2.63568	1.58212	1.0549	2.10908	1.0549	0.527493	0.527493	2.10908	4.73675	5.26025	2.63568	3.16183	7.34461	4.21246	4.21246	4.21246	2.63568	3.16183	0.527493	1.0549	2.63568	4.21246	2.63568	2.63568	2.63568	3.68745	8.37986	4.73675	5.26025	5.26025	4.21246	4.21246	1.0549	1.0549	1.0549	3.68745	2.63568	3.16183	3.16183	3.68745	7.86288	8.89546	4.73675	6.82513	15.4403	8.89546	8.37986	8.37986	3.68745	2.63568	1.0549	1.58212	2.63568	2.63568	1.58212	1.0549	1.0549	1.58212	3.16183	1.58212	1.58212	2.63568	2.10908	1.0549	1.0549	1.0549	1.0549	2.10908	1.0549	1.0549	2.10908	1.0549	0.527493	1.0549	0.527493	1.0549	1.0549	0	0.527493	1.0549	0.527493	0	0	0	0	0	0	0	0	0	0.527493	0.527493	0.527493	0.527493	0.527493	0.527493	0.527493	0.527493	0	0.527493	0.527493	0	0.527493	0.527493	0.527493	1.0549	1.0549	0.527493	1.0549	1.0549	0.527493	1.58212	1.0549	2.10908	2.10908	3.16183	3.16183	2.10908	2.10908	1.58212	1.58212	0	0.527493	0.527493	3.16183	3.16183	2.63568	2.63568	2.63568	5.78287	3.16183	3.68745	3.68745	4.21246	7.34461	5.26025	2.10908	2.10908	4.21246	2.10908	1.0549	1.0549	1.0549	2.63568	1.58212	1.0549	2.10908	3.16183	2.10908	2.10908	2.10908	2.10908	4.73675	2.63568	2.10908	2.10908	4.21246	4.21246	2.63568	2.63568	2.63568	5.78287	3.16183	4.21246	4.21246	3.68745	8.89546	10.9426	5.78287	6.30452	12.46	6.30452	6.30452	6.30452	6.82513	10.9426	4.21246	2.10908	4.21246	1.58212	0.527493	3.68745	3.68745	3.68745	8.37986	4.73675	6.82513	13.4619	13.4619	6.82513	6.82513	6.82513	7.34461	14.4555	7.34461	7.34461	13.9598	6.82513	6.82513	13.4619	13.4619	6.82513	6.82513	6.82513	6.82513	13.9598	7.34461	6.82513	6.82513	13.9598	13.9598	6.82513	6.82513	6.30452	12.9619	6.82513	5.78287	5.78287	5.78287	11.4503	9.92225	4.21246	3.16183	5.78287	2.63568	1.0549	1.0549	0.527493	1.0549	0.527493	1.58212	4.21246	5.26025	2.63568	2.10908	2.10908	2.10908	4.21246	2.10908	0.527493	0.527493
2.10888	1.0548	0.527444	0.527444	1.0548	2.10888	2.10888	1.0548	0.527444	1.0548	0.527444	0	0	0.527444	1.58198	2.63544	1.58198	1.0548	2.10888	1.0548	0.527444	0.527444	2.10888	4.73631	5.25977	2.63544	3.16154	7.34394	4.21207	4.21207	4.21207	2.63544	3.16154	0.527444	1.0548	2.63544	4.21207	2.63544	2.63544	2.63544	3.68712	8.3791	4.73631	5.25977	5.25977	4.21207	4.21207	1.0548	1.0548	1.0548	3.68712	2.63544	3.16154	3.16154	3.68712	7.86217	8.89466	4.73631	6.82451	15.4389	8.89466	8.3791	8.3791	3.68712	2.63544	1.0548	1.58198	2.63544	2.63544	1.58198	1.0548	1.0548	1.58198	3.16154	1.58198	1.58198	2.63544	2.10888	1.0548	1.0548	1.0548	1.0548	2.10888	1.0548	1.0548	2.10888	1.0548	0.527444	1.0548	0.527444	1.0548	1.0548	0	0.527444	1.0548	0.527444	0	0	0	0	0	0	0	0	0	0.527444	0.527444	0.527444	0.527444	0.527444	0.527444	0.527444	0.527444	0	0.527444	0.527444	0	0.527444	0.527444	0.527444	1.0548	1.0548	0.527444	1.0548	1.0548	0.527444	1.58198	1.0548	2.10888	2.10888	3.16154	3.16154	2.10888	2.10888	1.58198	1.58198	0	0.527444	0.527444	3.16154	3.16154	2.63544	2.63544	2.63544	5.78234	3.16154	3.68712	3.68712	4.21207	7.34394	5.25977	2.10888	2.10888	4.21207	2.10888	1.0548	1.0548	1.0548	2.63544	1.58198	1.0548	2.10888	3.16154	2.10888	2.10888	2.10888	2.10888	4.73631	2.63544	2.10888	2.10888	4.21207	4.21207	2.63544	2.63544	2.63544	5.78234	3.16154	4.21207	4.21207	3.68712	8.89466	10.9417	5.78234	6.30395	12.4589	6.30395	6.30395	6.30395	6.82451	10.9417	4.21207	2.10888	4.21207	1.58198	0.527444	3.68712	3.68712	3.68712	8.3791	4.73631	6.82451	13.4607	13.4607	6.82451	6.82451	6.82451	7.34394	14.4542	7.34394	7.34394	13.9585	6.82451	6.82451	13.4607	13.4607	6.82451	6.82451	6.82451	6.82451	13.9585	7.34394	6.82451	6.82451	13.9585	13.9585	6.82451	6.82451	6.30395	12.9608	6.82451	5.78234	5.78234	5.78234	11.4492	9.92136	4.21207	3.16154	5.78234	2.63544	1.0548	1.0548	0.527444	1.0548	0.527444	1.58198	4.21207	5.25977	2.63544	2.10888	2.10888	2.10888	4.21207	2.10888	0.527444	0.527444
2.10869	1.0547	0.527396	0.527396	1.0547	2.10869	2.10869	1.0547	0.527396	1.0547	0.527396	0	0	0.527396	1.58183	2.63519	1.58183	1.0547	2.10869	1.0547	0.527396	0.527396	2.10869	4.73588	5.25929	2.63519	3.16125	7.34328	4.21168	4.21168	4.21168	2.63519	3.16125	0.527396	1.0547	2.63519	4.21168	2.63519	2.63519	2.63519	3.68678	8.37834	4.73588	5.25929	5.25929	4.21168	4.21168	1.0547	1.0547	1.0547	3.68678	2.63519	3.16125	3.16125	3.68678	7.86145	8.89385	4.73588	6.82389	15.4376	8.89385	8.37834	8.37834	3.68678	2.63519	1.0547	1.58183	2.63519	2.63519	1.58183	1.0547	1.0547	1.58183	3.16125	1.58183	1.58183	2.63519	2.10869	1.0547	1.0547	1.0547	1.0547	2.10869	1.0547	1.0547	2.10869	1.0547	0.527396	1.0547	0.527396	1.0547	1.0547	0	0.527396	1.0547	0.527396	0	0	0	0	0	0	0	0	0	0.527396	0.527396	0.527396	0.527396	0.527396	0.527396	0.527396	0.527396	0	0.527396	0.527396	0	0.527396	0.527396	0.527396	1.0547	1.0547	0.527396	1.0547	1.0547	0.527396	1.58183	1.0547	2.10869	2.10869	3.16125	3.16125	2.10869	2.10869	1.58183	1.58183	0	0.527396	0.527396	3.16125	3.16125	2.63519	2.63519	2.63519	5.78181	3.16125	3.68678	3.68678	4.21168	7.34328	5.25929	2.10869	2.10869	4.21168	2.10869	1.0547	1.0547	1.0547	2.63519	1.58183	1.0547	2.10869	3.16125	2.10869	2.10869	2.10869	2.10869	4.73588	2.63519	2.10869	2.10869	4.21168	4.21168	2.63519	2.63519	2.63519	5.78181	3.16125	4.21168	4.21168	3.68678	8.89385	10.9407	5.78181	6.30337	12.4578	6.30337	6.30337	6.30337	6.82389	10.9407	4.21168	2.10869	4.21168	1.58183	0.527396	3.68678	3.68678	3.68678	8.37834	4.73588	6.82389	13.4595	13.4595	6.82389	6.82389	6.82389	7.34328	14.4529	7.34328	7.34328	13.9573	6.82389	6.82389	13.4595	13.4595	6.82389	6.82389	6.82389	6.82389	13.9573	7.34328	6.82389	6.82389	13.9573	13.9573	6.82389	6.82389	6.30337	12.9596	6.82389	5.78181	5.78181	5.78181	11.4482	9.92046	4.21168	3.16125	5.78181	2.63519	1.0547	1.0547	0.527396	1.0547	0.527396	1.58183	4.21168	5.25929	2.63519	2.10869	2.10869	2.10869	4.21168	2.10869	0.527396	0.527396
2.1085	1.05461	0.527347	0.527347	1.05461	2.1085	2.1085	1.05461	0.527347	1.05461	0.527347	0	0	0.527347	1.58168	2.63495	1.58168	1.05461	2.1085	1.05461	0.527347	0.527347	2.1085	4.73545	5.2588	2.63495	3.16096	7.34261	4.2113	4.2113	4.2113	2.63495	3.16096	0.527347	1.05461	2.63495	4.2113	2.63495	2.63495	2.63495	3.68644	8.37758	4.73545	5.2588	5.2588	4.2113	4.2113	1.05461	1.05461	1.05461	3.68644	2.63495	3.16096	3.16096	3.68644	7.86074	8.89305	4.73545	6.82327	15.4362	8.89305	8.37758	8.37758	3.68644	2.63495	1.05461	1.58168	2.63495	2.63495	1.58168	1.05461	1.05461	1.58168	3.16096	1.58168	1.58168	2.63495	2.1085	1.05461	1.05461	1.05461	1.05461	2.1085	1.05461	1.05461	2.1085	1.05461	0.527347	1.05461	0.527347	1.05461	1.05461	0	0.527347	1.05461	0.527347	0	0	0	0	0	0	0	0	0	0.527347	0.527347	0.527347	0.527347	0.527347	0.527347	0.527347	0.527347	0	0.527347	0.527347	0	0.527347	0.527347	0.527347	1.05461	1.05461	0.527347	1.05461	1.05461	0.527347	1.58168	1.05461	2.1085	2.1085	3.16096	3.16096	2.1085	2.1085	1.58168	1.58168	0	0.527347	0.527347	3.16096	3.16096	2.63495	2.63495	2.63495	5.78128	3.16096	3.68644	3.68644	4.2113	7.34261	5.2588	2.1085	2.1085	4.2113	2.1085	1.05461	1.05461	1.05461	2.63495	1.58168	1.05461	2.1085	3.16096	2.1085	2.1085	2.1085	2.1085	4.73545	2.63495	2.1085	2.1085	4.2113	4.2113	2.63495	2.63495	2.63495	5.78128	3.16096	4.2113	4.2113	3.68644	8.89305	10.9397	5.78128	6.3028	12.4566	6.3028	6.3028	6.3028	6.82327	10.9397	4.2113	2.1085	4.2113	1.58168	0.527347	3.68644	3.68644	3.68644	8.37758	4.73545	6.82327	13.4583	13.4583	6.82327	6.82327	6.82327	7.34261	14.4517	7.34261	7.34261	13.9561	6.82327	6.82327	13.4583	13.4583	6.82327	6.82327	6.82327	6.82327	13.9561	7.34261	6.82327	6.82327	13.9561	13.9561	6.82327	6.82327	6.3028	12.9585	6.82327	5.78128	5.78128	5.78128	11.4472	9.91957	4.2113	3.16096	5.78128	2.63495	1.05461	1.05461	0.527347	1.05461	0.527347	1.58168	4.2113	5.2588	2.63495	2.1085	2.1085	2.1085	4.2113	2.1085	0.527347	0.527347
31.2665	34.5101	37.0931	39.6794	42.1026	45.6652	49.8189	52.51	53.9569	55.4707	56.6396	57.3034	57.983	58.4201	58.6024	58.6121	58.4965	58.3507	58.0307	57.6852	57.418	57.1096	56.8825	56.6834	56.4112	56.2053	56.1294	56.1307	56.019	56.0581	56.14	56.1632	56.0901	55.9048	55.7815	55.6694	55.4436	55.1185	54.9003	54.7253	54.5218	54.2268	53.594	53.3208	53.1323	51.9728	49.5618	47.2718	45.5186	43.8844	42.2123	40.8903	40.2169	39.4405	38.7513	38.1298	37.1994	36.083	34.8528	32.0379	26.0795	21.92	17.6775	13.2605	10.0875	8.22237	7.81704	7.44557	6.26424	4.53061	3.53293	2.63475	2.3048	3.81956	2.00711	2.45066	4.49996	5.68515	6.49477	7.35376	8.11678	8.87929	10.3176	11.1561	11.7696	12.7148	13.269	13.8595	15.0478	16.0699	16.5699	17.2003	17.9784	18.4607	18.9715	19.5251	19.8624	20.0953	20.4444	21.0226	21.593	21.9331	22.1596	22.3854	22.4977	22.6129	22.8372	23.0608	23.2836	23.3968	23.3968	23.3968	23.2883	23.0583	22.9512	22.9512	22.9463	22.9512	22.9512	23.1708	23.7316	24.2845	24.6047	24.938	25.3699	25.6849	25.8262	25.7033	25.4449	25.0151	24.2168	22.6847	21.0713	19.6943	18.2291	15.9212	12.6339	10.4426	8.39323	5.51673	1.87299	2.58822	2.66736	2.71247	5.81616	3.79694	4.29605	4.18209	4.42262	7.47261	5.59065	3.18798	3.37261	4.8677	4.18224	4.76419	5.80464	6.72468	8.37106	10.2041	11.8267	14.4531	18.0088	20.6966	22.4105	23.9681	25.4891	27.6065	29.2571	29.7616	29.7616	29.6593	29.0647	28.3123	27.6987	26.9855	26.258	24.4921	23.8583	23.2048	22.3721	22.5823	21.7449	17.479	16.2436	18.549	12.4884	11.0711	9.63147	8.84094	12.4776	4.73493	2.01572	3.94852	1.41959	3.596	7.4249	9.4986	11.915	18.7108	20.5077	23.7286	30.1504	34.3052	35.5576	37.2659	38.7156	40.164	43.0978	43.5966	44.3863	46.1814	46.4818	47.148	48.4832	49.2364	49.2288	49.4395	49.5501	49.4171	49.2955	48.2411	47.6162	46.8909	45.8149	43.4669	41.2237	40.3234	39.4475	38.9817	37.0739	36.4291	36.0892	35.8441	36.4505	35.9187	34.9266	34.5101	34.1429	33.3995	32.7003	31.757	30.5271	28.2208	25.6125	24.0476	22.1978	19.1338	15.3534	13.5006	12.0342	10.933	10.892	9.10369	8.39323	8.39323
32.2734	34.8068	37.3819	39.9243	42.3346	46.4659	50.4749	52.6432	54.0139	55.6082	56.6565	57.3194	57.9979	58.4184	58.5985	58.6145	58.4956	58.3527	58.0461	57.6874	57.421	57.1127	56.8848	56.7022	56.4257	56.2056	56.1303	56.1356	56.0166	56.0518	56.1338	56.1608	56.0947	55.9044	55.7804	55.6732	55.4627	55.1268	54.9046	54.7297	54.5341	54.3055	53.6192	53.3325	53.1442	52.289	49.9437	47.3985	45.6626	43.921	42.2097	40.8684	40.1849	39.407	38.712	37.9725	37.0256	36.0314	34.652	30.733	25.4974	21.2637	16.795	13.0972	10.3409	8.31969	7.95382	8.09923	7.23402	4.92358	4.11106	3.37225	3.00885	5.12869	2.49942	3.12179	6.04952	7.05775	6.82222	7.54464	8.28916	9.03618	10.8438	11.2787	11.8353	12.9566	13.3262	13.9276	15.2965	16.1267	16.5872	17.3128	18.0073	18.4689	19.036	19.5477	19.8637	20.0965	20.4541	21.0455	21.6017	21.9338	22.1603	22.386	22.4958	22.6086	22.8329	23.0564	23.2793	23.3948	23.3948	23.3948	23.2935	23.0589	22.9493	22.9493	22.9444	22.9493	22.9493	23.1689	23.7227	24.2736	24.6006	24.9274	25.3595	25.6808	25.8241	25.7115	25.4844	25.0557	24.5104	23.008	21.2981	19.9429	18.4648	17.1045	13.0426	10.7425	8.76972	6.04971	3.12179	2.33446	2.42194	2.26667	5.32272	3.79659	4.53004	4.42222	4.18171	7.22207	5.3517	3.03186	3.3723	4.27964	3.92643	4.76375	5.80411	6.69355	8.29734	10.2032	11.9415	14.8171	18.1584	20.6948	22.3911	23.9501	25.4725	27.4727	29.2135	29.7593	29.7593	29.7485	29.1572	28.378	27.7671	27.0889	26.7239	24.6306	23.9865	23.3386	22.5507	23.3946	23.2025	18.1715	16.7875	20.718	13.5671	12.4963	11.2593	10.4428	15.1828	5.78012	1.75807	3.42308	2.05816	4.65021	9.35534	11.0522	13.332	22.5014	21.6115	24.7481	32.91	36.4848	36.0594	37.5784	39.0006	40.4384	43.8707	43.7568	44.4877	46.5722	46.5836	47.2258	48.7052	49.3881	49.2649	49.4487	49.5592	49.3841	49.146	48.1923	47.5531	46.8245	45.4361	43.0208	41.1268	40.2207	39.3611	38.6125	36.9637	36.3839	36.0432	35.8184	36.4023	35.8369	34.8913	34.4837	34.052	33.3766	32.7045	31.7617	30.6465	28.7709	25.7742	24.2507	23.3385	20.8288	15.9306	13.8941	12.4809	11.0524	11.5099	9.34305	8.39247	8.39247
13.9521	8.37514	8.89047	8.89047	9.40435	19.2725	20.2066	10.4275	7.34047	11.9494	4.73406	4.73406	4.73406	1.05429	0.527192	3.68536	2.10788	2.63418	5.25726	2.63418	2.63418	2.63418	3.16003	6.82128	6.82128	3.16003	3.68536	7.85845	4.21006	3.68536	3.68536	2.63418	4.21006	1.58122	1.58122	3.68536	6.30096	4.21006	3.68536	3.68536	5.25726	11.9494	6.82128	6.30096	6.30096	15.9206	15.9206	8.37514	8.37514	4.21006	3.68536	0.527192	0.527192	0.527192	1.58122	4.21006	5.77959	3.16003	0.527192	0.527192	1.05429	1.58122	1.58122	2.10788	4.21006	2.10788	2.63418	5.25726	5.77959	3.16003	3.16003	3.16003	3.16003	5.77959	2.63418	3.16003	6.30096	6.30096	3.16003	2.63418	2.63418	2.63418	5.25726	2.63418	2.10788	4.21006	2.10788	2.10788	4.21006	2.10788	1.58122	3.16003	1.58122	1.05429	2.63418	1.58122	0.527192	0.527192	1.05429	1.58122	1.05429	0.527192	0.527192	0.527192	0	0	0	0	0	0.527192	0.527192	0.527192	1.05429	0.527192	0.527192	0.527192	0	0.527192	0.527192	0.527192	0.527192	0	0	0	0	0	1.58122	1.58122	3.16003	3.16003	6.82128	6.82128	5.25726	5.25726	4.73406	9.40435	4.73406	3.68536	3.68536	4.73406	4.73406	2.10788	2.10788	1.58122	4.73406	3.16003	4.21006	4.21006	3.68536	6.82128	4.73406	1.58122	2.10788	2.63418	0.527192	1.05429	1.05429	0.527192	2.10788	1.58122	2.63418	5.25726	4.73406	2.10788	1.58122	1.58122	1.58122	1.58122	0	2.10788	2.10788	5.77959	5.77959	4.21006	4.21006	4.73406	9.9167	5.25726	5.77959	5.77959	5.77959	12.9548	16.407	9.40435	8.89047	18.3276	9.9167	10.4275	10.4275	10.4275	16.407	6.30096	1.58122	3.16003	2.63418	4.21006	8.89047	8.89047	9.40435	20.2066	11.4439	12.9548	25.1395	25.1395	12.9548	11.4439	11.4439	11.9494	22.0413	10.9366	9.9167	19.2725	9.9167	9.40435	17.3723	16.407	8.37514	7.34047	7.34047	5.25726	10.4275	5.25726	3.68536	3.68536	4.73406	4.73406	3.68536	3.68536	3.68536	7.85845	4.21006	4.73406	4.73406	5.25726	10.9366	8.89047	3.16003	2.10788	3.68536	1.58122	1.58122	1.58122	4.73406	9.40435	4.73406	5.25726	11.9494	13.4545	6.82128	5.25726	5.25726	3.16003	6.82128	3.68536	0.527192	0.527192
13.9509	8.37438	8.88966	8.88966	9.4035	19.2709	20.2049	10.4265	7.3398	11.9484	4.73363	4.73363	4.73363	1.0542	0.527143	3.68502	2.10768	2.63393	5.25678	2.63393	2.63393	2.63393	3.15974	6.82066	6.82066	3.15974	3.68502	7.85774	4.20967	3.68502	3.68502	2.63393	4.20967	1.58107	1.58107	3.68502	6.30038	4.20967	3.68502	3.68502	5.25678	11.9484	6.82066	6.30038	6.30038	15.9192	15.9192	8.37438	8.37438	4.20967	3.68502	0.527143	0.527143	0.527143	1.58107	4.20967	5.77906	3.15974	0.527143	0.527143	1.0542	1.58107	1.58107	2.10768	4.20967	2.10768	2.63393	5.25678	5.77906	3.15974	3.15974	3.15974	3.15974	5.77906	2.63393	3.15974	6.30038	6.30038	3.15974	2.63393	2.63393	2.63393	5.25678	2.63393	2.10768	4.20967	2.10768	2.10768	4.20967	2.10768	1.58107	3.15974	1.58107	1.0542	2.63393	1.58107	0.527143	0.527143	1.0542	1.58107	1.0542	0.527143	0.527143	0.527143	0	0	0	0	0	0.527143	0.527143	0.527143	1.0542	0.527143	0.527143	0.527143	0	0.527143	0.527143	0.527143	0.527143	0	0	0	0	0	1.58107	1.58107	3.15974	3.15974	6.82066	6.82066	5.25678	5.25678	4.73363	9.4035	4.73363	3.68502	3.68502	4.73363	4.73363	2.10768	2.10768	1.58107	4.73363	3.15974	4.20967	4.20967	3.68502	6.82066	4.73363	1.58107	2.10768	2.63393	0.527143	1.0542	1.0542	0.527143	2.10768	1.58107	2.63393	5.25678	4.73363	2.10768	1.58107	1.58107	1.58107	1.58107	0	2.10768	2.10768	5.77906	5.77906	4.20967	4.20967	4.73363	9.91581	5.25678	5.77906	5.77906	5.77906	12.9536	16.4055	9.4035	8.88966	18.3261	9.91581	10.4265	10.4265	10.4265	16.4055	6.30038	1.58107	3.15974	2.63393	4.20967	8.88966	8.88966	9.4035	20.2049	11.4429	12.9536	25.1375	25.1375	12.9536	11.4429	11.4429	11.9484	22.0395	10.9356	9.91581	19.2709	9.91581	9.4035	17.3708	16.4055	8.37438	7.3398	7.3398	5.25678	10.4265	5.25678	3.68502	3.68502	4.73363	4.73363	3.68502	3.68502	3.68502	7.85774	4.20967	4.73363	4.73363	5.25678	10.9356	8.88966	3.15974	2.10768	3.68502	1.58107	1.58107	1.58107	4.73363	9.4035	4.73363	5.25678	11.9484	13.4533	6.82066	5.25678	5.25678	3.15974	6.82066	3.68502	0.527143	0.527143
13.9496	8.37363	8.88886	8.88886	9.40265	19.2692	20.2032	10.4256	7.33913	11.9473	4.73319	4.73319	4.73319	1.0541	0.527095	3.68468	2.10749	2.63369	5.2563	2.63369	2.63369	2.63369	3.15945	6.82003	6.82003	3.15945	3.68468	7.85702	4.20929	3.68468	3.68468	2.63369	4.20929	1.58093	1.58093	3.68468	6.29981	4.20929	3.68468	3.68468	5.2563	11.9473	6.82003	6.29981	6.29981	15.9178	15.9178	8.37363	8.37363	4.20929	3.68468	0.527095	0.527095	0.527095	1.58093	4.20929	5.77854	3.15945	0.527095	0.527095	1.0541	1.58093	1.58093	2.10749	4.20929	2.10749	2.63369	5.2563	5.77854	3.15945	3.15945	3.15945	3.15945	5.77854	2.63369	3.15945	6.29981	6.29981	3.15945	2.63369	2.63369	2.63369	5.2563	2.63369	2.10749	4.20929	2.10749	2.10749	4.20929	2.10749	1.58093	3.15945	1.58093	1.0541	2.63369	1.58093	0.527095	0.527095	1.0541	1.58093	1.0541	0.527095	0.527095	0.527095	0	0	0	0	0	0.527095	0.527095	0.527095	1.0541	0.527095	0.527095	0.527095	0	0.527095	0.527095	0.527095	0.527095	0	0	0	0	0	1.58093	1.58093	3.15945	3.15945	6.82003	6.82003	5.2563	5.2563	4.73319	9.40265	4.73319	3.68468	3.68468	4.73319	4.73319	2.10749	2.10749	1.58093	4.73319	3.15945	4.20929	4.20929	3.68468	6.82003	4.73319	1.58093	2.10749	2.63369	0.527095	1.0541	1.0541	0.527095	2.10749	1.58093	2.63369	5.2563	4.73319	2.10749	1.58093	1.58093	1.58093	1.58093	0	2.10749	2.10749	5.77854	5.77854	4.20929	4.20929	4.73319	9.91492	5.2563	5.77854	5.77854	5.77854	12.9525	16.4041	9.40265	8.88886	18.3245	9.91492	10.4256	10.4256	10.4256	16.4041	6.29981	1.58093	3.15945	2.63369	4.20929	8.88886	8.88886	9.40265	20.2032	11.4419	12.9525	25.1355	25.1355	12.9525	11.4419	11.4419	11.9473	22.0377	10.9346	9.91492	19.2692	9.91492	9.40265	17.3693	16.4041	8.37363	7.33913	7.33913	5.2563	10.4256	5.2563	3.68468	3.68468	4.73319	4.73319	3.68468	3.68468	3.68468	7.85702	4.20929	4.73319	4.73319	5.2563	10.9346	8.88886	3.15945	2.10749	3.68468	1.58093	1.58093	1.58093	4.73319	9.40265	4.73319	5.2563	11.9473	13.4521	6.82003	5.2563	5.2563	3.15945	6.82003	3.68468	0.527095	0.527095
13.9482	8.37271	8.88789	8.88789	9.40163	19.2673	20.2012	10.4245	7.33833	11.946	4.73267	4.73267	4.73267	1.05398	0.527037	3.68427	2.10726	2.6334	5.25573	2.6334	2.6334	2.6334	3.1591	6.81929	6.81929	3.1591	3.68427	7.85617	4.20883	3.68427	3.68427	2.6334	4.20883	1.58075	1.58075	3.68427	6.29912	4.20883	3.68427	3.68427	5.25573	11.946	6.81929	6.29912	6.29912	15.9162	15.9162	8.37271	8.37271	4.20883	3.68427	0.527037	0.527037	0.527037	1.58075	4.20883	5.7779	3.1591	0.527037	0.527037	1.05398	1.58075	1.58075	2.10726	4.20883	2.10726	2.6334	5.25573	5.7779	3.1591	3.1591	3.1591	3.1591	5.7779	2.6334	3.1591	6.29912	6.29912	3.1591	2.6334	2.6334	2.6334	5.25573	2.6334	2.10726	4.20883	2.10726	2.10726	4.20883	2.10726	1.58075	3.1591	1.58075	1.05398	2.6334	1.58075	0.527037	0.527037	1.05398	1.58075	1.05398	0.527037	0.527037	0.527037	0	0	0	0	0	0.527037	0.527037	0.527037	1.05398	0.527037	0.527037	0.527037	0	0.527037	0.527037	0.527037	0.527037	0	0	0	0	0	1.58075	1.58075	3.1591	3.1591	6.81929	6.81929	5.25573	5.25573	4.73267	9.40163	4.73267	3.68427	3.68427	4.73267	4.73267	2.10726	2.10726	1.58075	4.73267	3.1591	4.20883	4.20883	3.68427	6.81929	4.73267	1.58075	2.10726	2.6334	0.527037	1.05398	1.05398	0.527037	2.10726	1.58075	2.6334	5.25573	4.73267	2.10726	1.58075	1.58075	1.58075	1.58075	0	2.10726	2.10726	5.7779	5.7779	4.20883	4.20883	4.73267	9.91384	5.25573	5.7779	5.7779	5.7779	12.9511	16.4024	9.40163	8.88789	18.3226	9.91384	10.4245	10.4245	10.4245	16.4024	6.29912	1.58075	3.1591	2.6334	4.20883	8.88789	8.88789	9.40163	20.2012	11.4406	12.9511	25.1331	25.1331	12.9511	11.4406	11.4406	11.946	22.0355	10.9334	9.91384	19.2673	9.91384	9.40163	17.3675	16.4024	8.37271	7.33833	7.33833	5.25573	10.4245	5.25573	3.68427	3.68427	4.73267	4.73267	3.68427	3.68427	3.68427	7.85617	4.20883	4.73267	4.73267	5.25573	10.9334	8.88789	3.1591	2.10726	3.68427	1.58075	1.58075	1.58075	4.73267	9.40163	4.73267	5.25573	11.946	13.4507	6.81929	5.25573	5.25573	3.1591	6.81929	3.68427	0.527037	0.527037
13.9469	8.37195	8.88709	8.88709	9.40078	19.2656	20.1995	10.4235	7.33766	11.945	4.73224	4.73224	4.73224	1.05389	0.526988	3.68394	2.10706	2.63316	5.25524	2.63316	2.63316	2.63316	3.15881	6.81867	6.81867	3.15881	3.68394	7.85545	4.20844	3.68394	3.68394	2.63316	4.20844	1.58061	1.58061	3.68394	6.29854	4.20844	3.68394	3.68394	5.25524	11.945	6.81867	6.29854	6.29854	15.9148	15.9148	8.37195	8.37195	4.20844	3.68394	0.526988	0.526988	0.526988	1.58061	4.20844	5.77737	3.15881	0.526988	0.526988	1.05389	1.58061	1.58061	2.10706	4.20844	2.10706	2.63316	5.25524	5.77737	3.15881	3.15881	3.15881	3.15881	5.77737	2.63316	3.15881	6.29854	6.29854	3.15881	2.63316	2.63316	2.63316	5.25524	2.63316	2.10706	4.20844	2.10706	2.10706	4.20844	2.10706	1.58061	3.15881	1.58061	1.05389	2.63316	1.58061	0.526988	0.526988	1.05389	1.58061	1.05389	0.526988	0.526988	0.526988	0	0	0	0	0	0.526988	0.526988	0.526988	1.05389	0.526988	0.526988	0.526988	0	0.526988	0.526988	0.526988	0.526988	0	0	0	0	0	1.58061	1.58061	3.15881	3.15881	6.81867	6.81867	5.25524	5.25524	4.73224	9.40078	4.73224	3.68394	3.68394	4.73224	4.73224	2.10706	2.10706	1.58061	4.73224	3.15881	4.20844	4.20844	3.68394	6.81867	4.73224	1.58061	2.10706	2.63316	0.526988	1.05389	1.05389	0.526988	2.10706	1.58061	2.63316	5.25524	4.73224	2.10706	1.58061	1.58061	1.58061	1.58061	0	2.10706	2.10706	5.77737	5.77737	4.20844	4.20844	4.73224	9.91295	5.25524	5.77737	5.77737	5.77737	12.95	16.401	9.40078	8.88709	18.321	9.91295	10.4235	10.4235	10.4235	16.401	6.29854	1.58061	3.15881	2.63316	4.20844	8.88709	8.88709	9.40078	20.1995	11.4396	12.95	25.131	25.131	12.95	11.4396	11.4396	11.945	22.0336	10.9324	9.91295	19.2656	9.91295	9.40078	17.366	16.401	8.37195	7.33766	7.33766	5.25524	10.4235	5.25524	3.68394	3.68394	4.73224	4.73224	3.68394	3.68394	3.68394	7.85545	4.20844	4.73224	4.73224	5.25524	10.9324	8.88709	3.15881	2.10706	3.68394	1.58061	1.58061	1.58061	4.73224	9.40078	4.73224	5.25524	11.945	13.4495	6.81867	5.25524	5.25524	3.15881	6.81867	3.68394	0.526988	0.526988
13.9457	8.3712	8.88629	8.88629	9.39993	19.264	20.1977	10.4226	7.337	11.9439	4.7318	4.7318	4.7318	1.05379	0.52694	3.6836	2.10687	2.63292	5.25476	2.63292	2.63292	2.63292	3.15852	6.81805	6.81805	3.15852	3.6836	7.85474	4.20805	3.6836	3.6836	2.63292	4.20805	1.58046	1.58046	3.6836	6.29797	4.20805	3.6836	3.6836	5.25476	11.9439	6.81805	6.29797	6.29797	15.9134	15.9134	8.3712	8.3712	4.20805	3.6836	0.52694	0.52694	0.52694	1.58046	4.20805	5.77685	3.15852	0.52694	0.52694	1.05379	1.58046	1.58046	2.10687	4.20805	2.10687	2.63292	5.25476	5.77685	3.15852	3.15852	3.15852	3.15852	5.77685	2.63292	3.15852	6.29797	6.29797	3.15852	2.63292	2.63292	2.63292	5.25476	2.63292	2.10687	4.20805	2.10687	2.10687	4.20805	2.10687	1.58046	3.15852	1.58046	1.05379	2.63292	1.58046	0.52694	0.52694	1.05379	1.58046	1.05379	0.52694	0.52694	0.52694	0	0	0	0	0	0.52694	0.52694	0.52694	1.05379	0.52694	0.52694	0.52694	0	0.52694	0.52694	0.52694	0.52694	0	0	0	0	0	1.58046	1.58046	3.15852	3.15852	6.81805	6.81805	5.25476	5.25476	4.7318	9.39993	4.7318	3.6836	3.6836	4.7318	4.7318	2.10687	2.10687	1.58046	4.7318	3.15852	4.20805	4.20805	3.6836	6.81805	4.7318	1.58046	2.10687	2.63292	0.52694	1.05379	1.05379	0.52694	2.10687	1.58046	2.63292	5.25476	4.7318	2.10687	1.58046	1.58046	1.58046	1.58046	0	2.10687	2.10687	5.77685	5.77685	4.20805	4.20805	4.7318	9.91206	5.25476	5.77685	5.77685	5.77685	12.9488	16.3995	9.39993	8.88629	18.3195	9.91206	10.4226	10.4226	10.4226	16.3995	6.29797	1.58046	3.15852	2.63292	4.20805	8.88629	8.88629	9.39993	20.1977	11.4386	12.9488	25.129	25.129	12.9488	11.4386	11.4386	11.9439	22.0318	10.9314	9.91206	19.264	9.91206	9.39993	17.3645	16.3995	8.3712	7.337	7.337	5.25476	10.4226	5.25476	3.6836	3.6836	4.7318	4.7318	3.6836	3.6836	3.6836	7.85474	4.20805	4.7318	4.7318	5.25476	10.9314	8.88629	3.15852	2.10687	3.6836	1.58046	1.58046	1.58046	4.7318	9.39993	4.7318	5.25476	11.9439	13.4483	6.81805	5.25476	5.25476	3.15852	6.81805	3.6836	0.52694	0.52694
13.9445	8.37044	8.88548	8.88548	9.39908	19.2623	20.196	10.4216	7.33633	11.9428	4.73137	4.73137	4.73137	1.05369	0.526891	3.68326	2.10667	2.63268	5.25428	2.63268	2.63268	2.63268	3.15823	6.81742	6.81742	3.15823	3.68326	7.85403	4.20767	3.68326	3.68326	2.63268	4.20767	1.58032	1.58032	3.68326	6.29739	4.20767	3.68326	3.68326	5.25428	11.9428	6.81742	6.29739	6.29739	15.912	15.912	8.37044	8.37044	4.20767	3.68326	0.526891	0.526891	0.526891	1.58032	4.20767	5.77632	3.15823	0.526891	0.526891	1.05369	1.58032	1.58032	2.10667	4.20767	2.10667	2.63268	5.25428	5.77632	3.15823	3.15823	3.15823	3.15823	5.77632	2.63268	3.15823	6.29739	6.29739	3.15823	2.63268	2.63268	2.63268	5.25428	2.63268	2.10667	4.20767	2.10667	2.10667	4.20767	2.10667	1.58032	3.15823	1.58032	1.05369	2.63268	1.58032	0.526891	0.526891	1.05369	1.58032	1.05369	0.526891	0.526891	0.526891	0	0	0	0	0	0.526891	0.526891	0.526891	1.05369	0.526891	0.526891	0.526891	0	0.526891	0.526891	0.526891	0.526891	0	0	0	0	0	1.58032	1.58032	3.15823	3.15823	6.81742	6.81742	5.25428	5.25428	4.73137	9.39908	4.73137	3.68326	3.68326	4.73137	4.73137	2.10667	2.10667	1.58032	4.73137	3.15823	4.20767	4.20767	3.68326	6.81742	4.73137	1.58032	2.10667	2.63268	0.526891	1.05369	1.05369	0.526891	2.10667	1.58032	2.63268	5.25428	4.73137	2.10667	1.58032	1.58032	1.58032	1.58032	0	2.10667	2.10667	5.77632	5.77632	4.20767	4.20767	4.73137	9.91116	5.25428	5.77632	5.77632	5.77632	12.9477	16.3981	9.39908	8.88548	18.3179	9.91116	10.4216	10.4216	10.4216	16.3981	6.29739	1.58032	3.15823	2.63268	4.20767	8.88548	8.88548	9.39908	20.196	11.4375	12.9477	25.127	25.127	12.9477	11.4375	11.4375	11.9428	22.03	10.9305	9.91116	19.2623	9.91116	9.39908	17.363	16.3981	8.37044	7.33633	7.33633	5.25428	10.4216	5.25428	3.68326	3.68326	4.73137	4.73137	3.68326	3.68326	3.68326	7.85403	4.20767	4.73137	4.73137	5.25428	10.9305	8.88548	3.15823	2.10667	3.68326	1.58032	1.58032	1.58032	4.73137	9.39908	4.73137	5.25428	11.9428	13.4471	6.81742	5.25428	5.25428	3.15823	6.81742	3.68326	0.526891	0.526891
13.9432	8.36968	8.88468	8.88468	9.39823	19.2607	20.1943	10.4207	7.33566	11.9418	4.73094	4.73094	4.73094	1.0536	0.526843	3.68292	2.10648	2.63243	5.2538	2.63243	2.63243	2.63243	3.15794	6.8168	6.8168	3.15794	3.68292	7.85331	4.20728	3.68292	3.68292	2.63243	4.20728	1.58017	1.58017	3.68292	6.29682	4.20728	3.68292	3.68292	5.2538	11.9418	6.8168	6.29682	6.29682	15.9106	15.9106	8.36968	8.36968	4.20728	3.68292	0.526843	0.526843	0.526843	1.58017	4.20728	5.77579	3.15794	0.526843	0.526843	1.0536	1.58017	1.58017	2.10648	4.20728	2.10648	2.63243	5.2538	5.77579	3.15794	3.15794	3.15794	3.15794	5.77579	2.63243	3.15794	6.29682	6.29682	3.15794	2.63243	2.63243	2.63243	5.2538	2.63243	2.10648	4.20728	2.10648	2.10648	4.20728	2.10648	1.58017	3.15794	1.58017	1.0536	2.63243	1.58017	0.526843	0.526843	1.0536	1.58017	1.0536	0.526843	0.526843	0.526843	0	0	0	0	0	0.526843	0.526843	0.526843	1.0536	0.526843	0.526843	0.526843	0	0.526843	0.526843	0.526843	0.526843	0	0	0	0	0	1.58017	1.58017	3.15794	3.15794	6.8168	6.8168	5.2538	5.2538	4.73094	9.39823	4.73094	3.68292	3.68292	4.73094	4.73094	2.10648	2.10648	1.58017	4.73094	3.15794	4.20728	4.20728	3.68292	6.8168	4.73094	1.58017	2.10648	2.63243	0.526843	1.0536	1.0536	0.526843	2.10648	1.58017	2.63243	5.2538	4.73094	2.10648	1.58017	1.58017	1.58017	1.58017	0	2.10648	2.10648	5.77579	5.77579	4.20728	4.20728	4.73094	9.91027	5.2538	5.77579	5.77579	5.77579	12.9465	16.3967	9.39823	8.88468	18.3163	9.91027	10.4207	10.4207	10.4207	16.3967	6.29682	1.58017	3.15794	2.63243	4.20728	8.88468	8.88468	9.39823	20.1943	11.4365	12.9465	25.125	25.125	12.9465	11.4365	11.4365	11.9418	22.0281	10.9295	9.91027	19.2607	9.91027	9.39823	17.3615	16.3967	8.36968	7.33566	7.33566	5.2538	10.4207	5.2538	3.68292	3.68292	4.73094	4.73094	3.68292	3.68292	3.68292	7.85331	4.20728	4.73094	4.73094	5.2538	10.9295	8.88468	3.15794	2.10648	3.68292	1.58017	1.58017	1.58017	4.73094	9.39823	4.73094	5.2538	11.9418	13.4459	6.8168	5.2538	5.2538	3.15794	6.8168	3.68292	0.526843	0.526843
13.9418	8.36877	8.88371	8.88371	9.39721	19.2587	20.1923	10.4196	7.33486	11.9405	4.73042	4.73042	4.73042	1.05348	0.526785	3.68252	2.10625	2.63214	5.25323	2.63214	2.63214	2.63214	3.1576	6.81606	6.81606	3.1576	3.68252	7.85246	4.20682	3.68252	3.68252	2.63214	4.20682	1.58	1.58	3.68252	6.29613	4.20682	3.68252	3.68252	5.25323	11.9405	6.81606	6.29613	6.29613	15.9089	15.9089	8.36877	8.36877	4.20682	3.68252	0.526785	0.526785	0.526785	1.58	4.20682	5.77516	3.1576	0.526785	0.526785	1.05348	1.58	1.58	2.10625	4.20682	2.10625	2.63214	5.25323	5.77516	3.1576	3.1576	3.1576	3.1576	5.77516	2.63214	3.1576	6.29613	6.29613	3.1576	2.63214	2.63214	2.63214	5.25323	2.63214	2.10625	4.20682	2.10625	2.10625	4.20682	2.10625	1.58	3.1576	1.58	1.05348	2.63214	1.58	0.526785	0.526785	1.05348	1.58	1.05348	0.526785	0.526785	0.526785	0	0	0	0	0	0.526785	0.526785	0.526785	1.05348	0.526785	0.526785	0.526785	0	0.526785	0.526785	0.526785	0.526785	0	0	0	0	0	1.58	1.58	3.1576	3.1576	6.81606	6.81606	5.25323	5.25323	4.73042	9.39721	4.73042	3.68252	3.68252	4.73042	4.73042	2.10625	2.10625	1.58	4.73042	3.1576	4.20682	4.20682	3.68252	6.81606	4.73042	1.58	2.10625	2.63214	0.526785	1.05348	1.05348	0.526785	2.10625	1.58	2.63214	5.25323	4.73042	2.10625	1.58	1.58	1.58	1.58	0	2.10625	2.10625	5.77516	5.77516	4.20682	4.20682	4.73042	9.9092	5.25323	5.77516	5.77516	5.77516	12.9451	16.395	9.39721	8.88371	18.3144	9.9092	10.4196	10.4196	10.4196	16.395	6.29613	1.58	3.1576	2.63214	4.20682	8.88371	8.88371	9.39721	20.1923	11.4353	12.9451	25.1225	25.1225	12.9451	11.4353	11.4353	11.9405	22.0259	10.9283	9.9092	19.2587	9.9092	9.39721	17.3597	16.395	8.36877	7.33486	7.33486	5.25323	10.4196	5.25323	3.68252	3.68252	4.73042	4.73042	3.68252	3.68252	3.68252	7.85246	4.20682	4.73042	4.73042	5.25323	10.9283	8.88371	3.1576	2.10625	3.68252	1.58	1.58	1.58	4.73042	9.39721	4.73042	5.25323	11.9405	13.4445	6.81606	5.25323	5.25323	3.1576	6.81606	3.68252	0.526785	0.526785
13.9405	8.36801	8.88291	8.88291	9.39637	19.2571	20.1906	10.4187	7.33419	11.9394	4.72999	4.72999	4.72999	1.05338	0.526736	3.68218	2.10606	2.6319	5.25275	2.6319	2.6319	2.6319	3.15731	6.81544	6.81544	3.15731	3.68218	7.85174	4.20644	3.68218	3.68218	2.6319	4.20644	1.57985	1.57985	3.68218	6.29556	4.20644	3.68218	3.68218	5.25275	11.9394	6.81544	6.29556	6.29556	15.9075	15.9075	8.36801	8.36801	4.20644	3.68218	0.526736	0.526736	0.526736	1.57985	4.20644	5.77463	3.15731	0.526736	0.526736	1.05338	1.57985	1.57985	2.10606	4.20644	2.10606	2.6319	5.25275	5.77463	3.15731	3.15731	3.15731	3.15731	5.77463	2.6319	3.15731	6.29556	6.29556	3.15731	2.6319	2.6319	2.6319	5.25275	2.6319	2.10606	4.20644	2.10606	2.10606	4.20644	2.10606	1.57985	3.15731	1.57985	1.05338	2.6319	1.57985	0.526736	0.526736	1.05338	1.57985	1.05338	0.526736	0.526736	0.526736	0	0	0	0	0	0.526736	0.526736	0.526736	1.05338	0.526736	0.526736	0.526736	0	0.526736	0.526736	0.526736	0.526736	0	0	0	0	0	1.57985	1.57985	3.15731	3.15731	6.81544	6.81544	5.25275	5.25275	4.72999	9.39637	4.72999	3.68218	3.68218	4.72999	4.72999	2.10606	2.10606	1.57985	4.72999	3.15731	4.20644	4.20644	3.68218	6.81544	4.72999	1.57985	2.10606	2.6319	0.526736	1.05338	1.05338	0.526736	2.10606	1.57985	2.6319	5.25275	4.72999	2.10606	1.57985	1.57985	1.57985	1.57985	0	2.10606	2.10606	5.77463	5.77463	4.20644	4.20644	4.72999	9.9083	5.25275	5.77463	5.77463	5.77463	12.944	16.3935	9.39637	8.88291	18.3129	9.9083	10.4187	10.4187	10.4187	16.3935	6.29556	1.57985	3.15731	2.6319	4.20644	8.88291	8.88291	9.39637	20.1906	11.4343	12.944	25.1205	25.1205	12.944	11.4343	11.4343	11.9394	22.0241	10.9273	9.9083	19.2571	9.9083	9.39637	17.3582	16.3935	8.36801	7.33419	7.33419	5.25275	10.4187	5.25275	3.68218	3.68218	4.72999	4.72999	3.68218	3.68218	3.68218	7.85174	4.20644	4.72999	4.72999	5.25275	10.9273	8.88291	3.15731	2.10606	3.68218	1.57985	1.57985	1.57985	4.72999	9.39637	4.72999	5.25275	11.9394	13.4433	6.81544	5.25275	5.25275	3.15731	6.81544	3.68218	0.526736	0.526736
13.9393	8.36725	8.88211	8.88211	9.39552	19.2555	20.1889	10.4177	7.33353	11.9383	4.72955	4.72955	4.72955	1.05329	0.526688	3.68184	2.10586	2.63166	5.25227	2.63166	2.63166	2.63166	3.15702	6.81482	6.81482	3.15702	3.68184	7.85103	4.20605	3.68184	3.68184	2.63166	4.20605	1.57971	1.57971	3.68184	6.29498	4.20605	3.68184	3.68184	5.25227	11.9383	6.81482	6.29498	6.29498	15.9062	15.9062	8.36725	8.36725	4.20605	3.68184	0.526688	0.526688	0.526688	1.57971	4.20605	5.7741	3.15702	0.526688	0.526688	1.05329	1.57971	1.57971	2.10586	4.20605	2.10586	2.63166	5.25227	5.7741	3.15702	3.15702	3.15702	3.15702	5.7741	2.63166	3.15702	6.29498	6.29498	3.15702	2.63166	2.63166	2.63166	5.25227	2.63166	2.10586	4.20605	2.10586	2.10586	4.20605	2.10586	1.57971	3.15702	1.57971	1.05329	2.63166	1.57971	0.526688	0.526688	1.05329	1.57971	1.05329	0.526688	0.526688	0.526688	0	0	0	0	0	0.526688	0.526688	0.526688	1.05329	0.526688	0.526688	0.526688	0	0.526688	0.526688	0.526688	0.526688	0	0	0	0	0	1.57971	1.57971	3.15702	3.15702	6.81482	6.81482	5.25227	5.25227	4.72955	9.39552	4.72955	3.68184	3.68184	4.72955	4.72955	2.10586	2.10586	1.57971	4.72955	3.15702	4.20605	4.20605	3.68184	6.81482	4.72955	1.57971	2.10586	2.63166	0.526688	1.05329	1.05329	0.526688	2.10586	1.57971	2.63166	5.25227	4.72955	2.10586	1.57971	1.57971	1.57971	1.57971	0	2.10586	2.10586	5.7741	5.7741	4.20605	4.20605	4.72955	9.90741	5.25227	5.7741	5.7741	5.7741	12.9428	16.3921	9.39552	8.88211	18.3113	9.90741	10.4177	10.4177	10.4177	16.3921	6.29498	1.57971	3.15702	2.63166	4.20605	8.88211	8.88211	9.39552	20.1889	11.4332	12.9428	25.1185	25.1185	12.9428	11.4332	11.4332	11.9383	22.0223	10.9264	9.90741	19.2555	9.90741	9.39552	17.3567	16.3921	8.36725	7.33353	7.33353	5.25227	10.4177	5.25227	3.68184	3.68184	4.72955	4.72955	3.68184	3.68184	3.68184	7.85103	4.20605	4.72955	4.72955	5.25227	10.9264	8.88211	3.15702	2.10586	3.68184	1.57971	1.57971	1.57971	4.72955	9.39552	4.72955	5.25227	11.9383	13.4421	6.81482	5.25227	5.25227	3.15702	6.81482	3.68184	0.526688	0.526688
39.4203	34.0154	30.9762	27.7904	24.6738	27.423	24.9447	12.5342	9.11984	15.3225	10.6251	12.1238	13.7032	14.0212	14.8042	15.4834	15.0616	15.1369	15.7474	15.1369	15.1369	15.1369	15.5199	17.5809	19.8598	21.4478	22.9434	25.9132	28.3746	30.2445	31.977	33.4339	35.091	36.3389	37.0981	38.2894	39.9118	41.0471	41.7764	42.3558	43.1155	44.7049	45.416	45.9714	46.4733	46.8534	44.6669	41.3401	39.3969	37.0663	34.7941	32.2934	30.9571	29.5823	28.1725	25.8269	22.2373	18.9907	17.2365	15.7336	14.3775	13.6987	12.9586	12.3055	11.9007	9.74418	9.0037	9.43935	8.53406	5.61757	5.21263	4.82987	4.52113	6.89361	3.20019	4.00438	7.80069	8.30396	6.47624	6.8568	7.56304	8.11312	10.297	9.97568	10.5768	12.4227	12.7976	13.5335	15.05	15.3395	15.8948	16.9933	17.3111	17.639	18.546	19.0964	19.6246	20.3217	20.9156	21.5284	21.9345	22.0267	22.0267	22.2589	22.6985	23.0329	23.2556	23.4775	23.8098	24.2491	24.578	24.7954	25.0227	25.1219	25.1219	25.1219	25.0099	24.9057	25.012	25.1219	25.1219	25.2258	25.4409	25.5479	25.5479	25.5479	25.4844	25.2699	25.0816	24.6517	24.3947	22.7156	20.6373	19.0815	17.3534	17.6672	13.4415	12.3794	12.1401	12.2577	12.0265	10.8226	10.3213	9.88179	10.3694	9.48897	9.79872	9.79872	9.75952	11.8621	12.1238	12.505	13.5335	14.9489	15.937	16.9996	18.1957	19.2548	20.4555	21.3729	21.6993	22.0882	21.7314	20.6627	19.6117	18.2081	16.6809	14.6014	12.4516	11.6786	10.9275	10.9936	9.88166	8.88168	8.88168	9.13487	12.5448	9.40925	9.70286	9.70286	9.88161	15.6361	19.2208	14.2345	14.6434	22.3792	16.8272	17.6672	18.2451	18.6653	22.271	16.6799	14.8299	13.0643	10.9651	9.23152	11.5595	10.5763	10.6744	22.6585	14.6226	17.2172	29.6134	30.9026	23.9841	24.2929	25.2549	26.2575	32.265	28.1912	28.532	32.9528	30.5449	30.9284	33.7196	33.7438	31.9056	31.5813	31.2055	30.2166	29.4969	27.2125	25.534	23.5826	19.5271	13.2533	8.15672	4.41737	2.01324	6.51292	10.769	14.3597	17.4694	20.2835	24.5998	28.2097	30.2305	31.5474	33.3562	34.8575	35.6763	36.3645	37.1185	38.4035	38.586	39.011	40.0878	40.5359	39.8266	39.6022	39.2899	38.866	38.5061	37.6682	37.008	36.3303
41.4866	35.0857	32.2112	29.277	26.5219	33.1668	31.4417	16.4572	12.1101	19.3783	11.4832	13.027	14.4951	14.165	14.8158	15.5427	15.0603	15.1355	15.746	15.1355	15.1355	15.1355	15.4088	17.0379	19.3516	21.3497	22.8223	25.4596	28.268	30.1723	31.9117	33.4047	35.025	36.3278	37.0905	38.2443	39.7895	40.997	41.7436	42.3242	43.0549	44.4625	45.3515	45.9235	46.4269	47.5943	45.5294	41.7844	39.9008	37.3268	35.3991	32.3388	31.0066	29.6364	28.1826	25.8248	22.0518	18.9039	17.2883	16.0468	14.4689	13.8233	13.0915	12.4778	12.7506	10.0661	9.2886	10.6876	9.76349	5.94821	5.56806	5.21211	5.40571	8.94076	4.23789	4.98325	9.4877	9.40284	6.76371	7.23232	7.90358	8.30953	11.0702	10.2315	10.7803	13.0926	12.9624	13.688	15.4819	15.42	15.9991	17.2216	17.3343	17.6789	18.7249	19.1447	19.668	20.363	20.9469	21.5981	21.9456	22.0249	22.0249	22.2773	22.7064	23.0334	23.256	23.4779	23.817	24.2472	24.5738	24.7912	25.0143	25.1199	25.1199	25.1199	25.01	24.9037	25.0079	25.1199	25.1199	25.2259	25.4409	25.5459	25.5459	25.5459	25.4968	25.2825	25.1389	24.7106	24.9837	23.3689	21.1583	19.6588	17.956	19.3458	13.8545	12.4569	12.2193	12.3572	12.1282	10.7481	10.2429	9.84713	10.1614	9.41029	9.79784	9.79784	9.86057	12.3306	13.027	12.7863	13.688	15.4413	16.0293	17.0162	18.2107	19.2778	20.4195	21.3497	21.6975	22.0864	21.8938	20.7534	19.8255	18.4436	17.0126	15.3883	12.5338	11.593	10.8354	10.4687	9.2886	8.88087	8.88087	9.13404	12.5437	9.4084	9.70198	9.70198	10.0345	16.2572	20.25	14.7468	15.2844	23.5116	17.1159	18.1037	18.6644	18.9313	22.2691	16.5144	14.8072	12.9637	12.4424	10.3282	14.0614	13.2867	13.1928	26.7332	16.541	19.206	32.9496	33.3254	24.7275	24.8276	25.759	26.6453	33.283	28.5086	28.7397	33.6969	30.7962	31.0386	33.9822	33.9059	31.9494	31.5045	31.127	30.0975	29.0012	27.0702	25.4389	23.4756	20.1429	14.2234	8.27909	4.64458	1.50072	5.89633	10.6755	14.0666	17.2386	19.9909	23.604	27.6951	30.1739	31.535	33.3229	34.8492	35.7182	36.4045	37.1798	38.6354	38.6417	39.048	40.1657	40.5765	39.8471	39.5683	39.2554	38.8452	38.4054	37.6332	37.0137	36.3364
27.6473	17.3522	17.3522	17.3522	17.8307	33.4923	33.8569	18.3066	13.4385	20.6462	7.84889	8.36498	8.36498	3.15615	1.053	4.20489	2.10528	2.63094	5.25083	2.63094	2.63094	2.63094	1.57927	2.10528	0.526543	0	0	1.053	1.053	1.053	1.053	1.053	1.57927	0.526543	1.053	1.053	1.053	1.053	1.57927	1.57927	2.10528	6.29326	4.20489	4.20489	4.20489	24.2429	24.2429	14.9233	14.9233	9.39297	12.4382	3.15615	3.15615	3.15615	2.10528	4.20489	3.68083	1.57927	2.10528	4.72826	2.63094	3.15615	3.15615	3.68083	7.84889	4.20489	4.20489	8.8797	8.8797	4.20489	4.20489	4.20489	5.25083	9.90473	4.72826	5.25083	9.90473	8.8797	4.20489	4.20489	4.20489	3.68083	7.84889	4.20489	3.68083	7.33153	3.68083	3.68083	6.81296	3.15615	3.15615	5.25083	2.10528	2.10528	4.72826	2.63094	2.10528	2.10528	2.10528	3.15615	1.57927	0.526543	0.526543	1.57927	1.053	0.526543	0.526543	0.526543	1.053	0.526543	0	0	0.526543	0.526543	0.526543	0.526543	0.526543	0.526543	0	0.526543	0.526543	0.526543	0.526543	0	0	0	2.10528	2.10528	4.20489	4.20489	10.9234	10.9234	8.8797	8.8797	8.36498	14.9233	6.81296	4.20489	4.20489	5.25083	5.25083	1.053	1.053	1.053	3.68083	2.63094	4.20489	4.20489	4.20489	8.36498	8.36498	4.20489	3.68083	6.29326	2.63094	1.57927	1.57927	1.57927	1.053	0.526543	2.63094	5.25083	6.29326	3.68083	4.72826	4.72826	5.25083	7.33153	2.10528	0.526543	0.526543	3.15615	3.15615	4.20489	4.20489	4.72826	9.90473	5.25083	5.77252	5.77252	6.29326	14.4305	18.7799	10.9234	10.9234	21.1059	10.9234	11.9351	11.9351	11.4302	16.3878	5.25083	1.053	2.10528	8.8797	7.84889	14.4305	14.4305	14.4305	28.4674	15.902	17.8307	32.7536	31.2389	15.902	13.9356	13.9356	13.9356	25.5426	12.9394	11.4302	22.4679	11.9351	10.4149	18.7799	17.3522	8.8797	6.29326	6.29326	2.63094	5.25083	2.63094	1.053	1.053	8.8797	8.8797	4.20489	4.20489	3.15615	6.81296	3.68083	2.10528	2.10528	0	0	0.526543	0.526543	1.57927	2.63094	1.053	3.68083	3.68083	6.29326	12.4382	6.29326	6.29326	12.9394	13.9356	7.33153	4.20489	4.20489	2.10528	4.20489	2.10528	1.57927	1.57927
27.6447	17.3504	17.3504	17.3504	17.8288	33.4894	33.854	18.3047	13.4371	20.6442	7.84804	8.36407	8.36407	3.1558	1.05288	4.20443	2.10505	2.63065	5.25025	2.63065	2.63065	2.63065	1.5791	2.10505	0.526485	0	0	1.05288	1.05288	1.05288	1.05288	1.05288	1.5791	0.526485	1.05288	1.05288	1.05288	1.05288	1.5791	1.5791	2.10505	6.29257	4.20443	4.20443	4.20443	24.2405	24.2405	14.9217	14.9217	9.39196	12.4369	3.1558	3.1558	3.1558	2.10505	4.20443	3.68043	1.5791	2.10505	4.72774	2.63065	3.1558	3.1558	3.68043	7.84804	4.20443	4.20443	8.87873	8.87873	4.20443	4.20443	4.20443	5.25025	9.90366	4.72774	5.25025	9.90366	8.87873	4.20443	4.20443	4.20443	3.68043	7.84804	4.20443	3.68043	7.33073	3.68043	3.68043	6.81221	3.1558	3.1558	5.25025	2.10505	2.10505	4.72774	2.63065	2.10505	2.10505	2.10505	3.1558	1.5791	0.526485	0.526485	1.5791	1.05288	0.526485	0.526485	0.526485	1.05288	0.526485	0	0	0.526485	0.526485	0.526485	0.526485	0.526485	0.526485	0	0.526485	0.526485	0.526485	0.526485	0	0	0	2.10505	2.10505	4.20443	4.20443	10.9222	10.9222	8.87873	8.87873	8.36407	14.9217	6.81221	4.20443	4.20443	5.25025	5.25025	1.05288	1.05288	1.05288	3.68043	2.63065	4.20443	4.20443	4.20443	8.36407	8.36407	4.20443	3.68043	6.29257	2.63065	1.5791	1.5791	1.5791	1.05288	0.526485	2.63065	5.25025	6.29257	3.68043	4.72774	4.72774	5.25025	7.33073	2.10505	0.526485	0.526485	3.1558	3.1558	4.20443	4.20443	4.72774	9.90366	5.25025	5.77189	5.77189	6.29257	14.429	18.778	10.9222	10.9222	21.1038	10.9222	11.9339	11.9339	11.429	16.3861	5.25025	1.05288	2.10505	8.87873	7.84804	14.429	14.429	14.429	28.4648	15.9003	17.8288	32.7508	31.2361	15.9003	13.9341	13.9341	13.9341	25.5401	12.938	11.429	22.4657	11.9339	10.4138	18.778	17.3504	8.87873	6.29257	6.29257	2.63065	5.25025	2.63065	1.05288	1.05288	8.87873	8.87873	4.20443	4.20443	3.1558	6.81221	3.68043	2.10505	2.10505	0	0	0.526485	0.526485	1.5791	2.63065	1.05288	3.68043	3.68043	6.29257	12.4369	6.29257	6.29257	12.938	13.9341	7.33073	4.20443	4.20443	2.10505	4.20443	2.10505	1.5791	1.5791
27.6426	17.3489	17.3489	17.3489	17.8273	33.4869	33.8516	18.3031	13.4359	20.6424	7.84733	8.36331	8.36331	3.15551	1.05278	4.20405	2.10486	2.63041	5.24977	2.63041	2.63041	2.63041	1.57895	2.10486	0.526436	0	0	1.05278	1.05278	1.05278	1.05278	1.05278	1.57895	0.526436	1.05278	1.05278	1.05278	1.05278	1.57895	1.57895	2.10486	6.292	4.20405	4.20405	4.20405	24.2386	24.2386	14.9204	14.9204	9.39111	12.4358	3.15551	3.15551	3.15551	2.10486	4.20405	3.68009	1.57895	2.10486	4.7273	2.63041	3.15551	3.15551	3.68009	7.84733	4.20405	4.20405	8.87793	8.87793	4.20405	4.20405	4.20405	5.24977	9.90277	4.7273	5.24977	9.90277	8.87793	4.20405	4.20405	4.20405	3.68009	7.84733	4.20405	3.68009	7.33006	3.68009	3.68009	6.81159	3.15551	3.15551	5.24977	2.10486	2.10486	4.7273	2.63041	2.10486	2.10486	2.10486	3.15551	1.57895	0.526436	0.526436	1.57895	1.05278	0.526436	0.526436	0.526436	1.05278	0.526436	0	0	0.526436	0.526436	0.526436	0.526436	0.526436	0.526436	0	0.526436	0.526436	0.526436	0.526436	0	0	0	2.10486	2.10486	4.20405	4.20405	10.9213	10.9213	8.87793	8.87793	8.36331	14.9204	6.81159	4.20405	4.20405	5.24977	5.24977	1.05278	1.05278	1.05278	3.68009	2.63041	4.20405	4.20405	4.20405	8.36331	8.36331	4.20405	3.68009	6.292	2.63041	1.57895	1.57895	1.57895	1.05278	0.526436	2.63041	5.24977	6.292	3.68009	4.7273	4.7273	5.24977	7.33006	2.10486	0.526436	0.526436	3.15551	3.15551	4.20405	4.20405	4.7273	9.90277	5.24977	5.77136	5.77136	6.292	14.4277	18.7764	10.9213	10.9213	21.102	10.9213	11.9328	11.9328	11.4279	16.3847	5.24977	1.05278	2.10486	8.87793	7.84733	14.4277	14.4277	14.4277	28.4626	15.8989	17.8273	32.7484	31.2338	15.8989	13.9329	13.9329	13.9329	25.5381	12.9369	11.4279	22.4638	11.9328	10.4128	18.7764	17.3489	8.87793	6.292	6.292	2.63041	5.24977	2.63041	1.05278	1.05278	8.87793	8.87793	4.20405	4.20405	3.15551	6.81159	3.68009	2.10486	2.10486	0	0	0.526436	0.526436	1.57895	2.63041	1.05278	3.68009	3.68009	6.292	12.4358	6.292	6.292	12.9369	13.9329	7.33006	4.20405	4.20405	2.10486	4.20405	2.10486	1.57895	1.57895
27.6404	17.3474	17.3474	17.3474	17.8258	33.4845	33.8492	18.3016	13.4347	20.6407	7.84662	8.36255	8.36255	3.15522	1.05269	4.20366	2.10466	2.63016	5.24929	2.63016	2.63016	2.63016	1.57881	2.10466	0.526388	0	0	1.05269	1.05269	1.05269	1.05269	1.05269	1.57881	0.526388	1.05269	1.05269	1.05269	1.05269	1.57881	1.57881	2.10466	6.29142	4.20366	4.20366	4.20366	24.2366	24.2366	14.9191	14.9191	9.39026	12.4347	3.15522	3.15522	3.15522	2.10466	4.20366	3.67975	1.57881	2.10466	4.72687	2.63016	3.15522	3.15522	3.67975	7.84662	4.20366	4.20366	8.87713	8.87713	4.20366	4.20366	4.20366	5.24929	9.90188	4.72687	5.24929	9.90188	8.87713	4.20366	4.20366	4.20366	3.67975	7.84662	4.20366	3.67975	7.3294	3.67975	3.67975	6.81097	3.15522	3.15522	5.24929	2.10466	2.10466	4.72687	2.63016	2.10466	2.10466	2.10466	3.15522	1.57881	0.526388	0.526388	1.57881	1.05269	0.526388	0.526388	0.526388	1.05269	0.526388	0	0	0.526388	0.526388	0.526388	0.526388	0.526388	0.526388	0	0.526388	0.526388	0.526388	0.526388	0	0	0	2.10466	2.10466	4.20366	4.20366	10.9203	10.9203	8.87713	8.87713	8.36255	14.9191	6.81097	4.20366	4.20366	5.24929	5.24929	1.05269	1.05269	1.05269	3.67975	2.63016	4.20366	4.20366	4.20366	8.36255	8.36255	4.20366	3.67975	6.29142	2.63016	1.57881	1.57881	1.57881	1.05269	0.526388	2.63016	5.24929	6.29142	3.67975	4.72687	4.72687	5.24929	7.3294	2.10466	0.526388	0.526388	3.15522	3.15522	4.20366	4.20366	4.72687	9.90188	5.24929	5.77084	5.77084	6.29142	14.4265	18.7747	10.9203	10.9203	21.1003	10.9203	11.9317	11.9317	11.4269	16.3833	5.24929	1.05269	2.10466	8.87713	7.84662	14.4265	14.4265	14.4265	28.4604	15.8976	17.8258	32.746	31.2315	15.8976	13.9317	13.9317	13.9317	25.536	12.9357	11.4269	22.462	11.9317	10.4119	18.7747	17.3474	8.87713	6.29142	6.29142	2.63016	5.24929	2.63016	1.05269	1.05269	8.87713	8.87713	4.20366	4.20366	3.15522	6.81097	3.67975	2.10466	2.10466	0	0	0.526388	0.526388	1.57881	2.63016	1.05269	3.67975	3.67975	6.29142	12.4347	6.29142	6.29142	12.9357	13.9317	7.3294	4.20366	4.20366	2.10466	4.20366	2.10466	1.57881	1.57881
27.6382	17.3459	17.3459	17.3459	17.8242	33.4821	33.8467	18.3	13.4335	20.6389	7.8459	8.36179	8.36179	3.15493	1.05259	4.20328	2.10447	2.62992	5.24881	2.62992	2.62992	2.62992	1.57866	2.10447	0.52634	0	0	1.05259	1.05259	1.05259	1.05259	1.05259	1.57866	0.52634	1.05259	1.05259	1.05259	1.05259	1.57866	1.57866	2.10447	6.29085	4.20328	4.20328	4.20328	24.2346	24.2346	14.9178	14.9178	9.38941	12.4336	3.15493	3.15493	3.15493	2.10447	4.20328	3.67941	1.57866	2.10447	4.72644	2.62992	3.15493	3.15493	3.67941	7.8459	4.20328	4.20328	8.87632	8.87632	4.20328	4.20328	4.20328	5.24881	9.90099	4.72644	5.24881	9.90099	8.87632	4.20328	4.20328	4.20328	3.67941	7.8459	4.20328	3.67941	7.32873	3.67941	3.67941	6.81035	3.15493	3.15493	5.24881	2.10447	2.10447	4.72644	2.62992	2.10447	2.10447	2.10447	3.15493	1.57866	0.52634	0.52634	1.57866	1.05259	0.52634	0.52634	0.52634	1.05259	0.52634	0	0	0.52634	0.52634	0.52634	0.52634	0.52634	0.52634	0	0.52634	0.52634	0.52634	0.52634	0	0	0	2.10447	2.10447	4.20328	4.20328	10.9193	10.9193	8.87632	8.87632	8.36179	14.9178	6.81035	4.20328	4.20328	5.24881	5.24881	1.05259	1.05259	1.05259	3.67941	2.62992	4.20328	4.20328	4.20328	8.36179	8.36179	4.20328	3.67941	6.29085	2.62992	1.57866	1.57866	1.57866	1.05259	0.52634	2.62992	5.24881	6.29085	3.67941	4.72644	4.72644	5.24881	7.32873	2.10447	0.52634	0.52634	3.15493	3.15493	4.20328	4.20328	4.72644	9.90099	5.24881	5.77031	5.77031	6.29085	14.4252	18.7731	10.9193	10.9193	21.0985	10.9193	11.9307	11.9307	11.4259	16.3818	5.24881	1.05259	2.10447	8.87632	7.8459	14.4252	14.4252	14.4252	28.4582	15.8962	17.8242	32.7436	31.2291	15.8962	13.9304	13.9304	13.9304	25.534	12.9346	11.4259	22.4601	11.9307	10.411	18.7731	17.3459	8.87632	6.29085	6.29085	2.62992	5.24881	2.62992	1.05259	1.05259	8.87632	8.87632	4.20328	4.20328	3.15493	6.81035	3.67941	2.10447	2.10447	0	0	0.52634	0.52634	1.57866	2.62992	1.05259	3.67941	3.67941	6.29085	12.4336	6.29085	6.29085	12.9346	13.9304	7.32873	4.20328	4.20328	2.10447	4.20328	2.10447	1.57866	1.57866
27.6361	17.3444	17.3444	17.3444	17.8227	33.4797	33.8443	18.2984	13.4323	20.6372	7.84519	8.36104	8.36104	3.15464	1.05249	4.20289	2.10428	2.62968	5.24833	2.62968	2.62968	2.62968	1.57852	2.10428	0.526291	0	0	1.05249	1.05249	1.05249	1.05249	1.05249	1.57852	0.526291	1.05249	1.05249	1.05249	1.05249	1.57852	1.57852	2.10428	6.29028	4.20289	4.20289	4.20289	24.2326	24.2326	14.9165	14.9165	9.38857	12.4325	3.15464	3.15464	3.15464	2.10428	4.20289	3.67908	1.57852	2.10428	4.72601	2.62968	3.15464	3.15464	3.67908	7.84519	4.20289	4.20289	8.87552	8.87552	4.20289	4.20289	4.20289	5.24833	9.9001	4.72601	5.24833	9.9001	8.87552	4.20289	4.20289	4.20289	3.67908	7.84519	4.20289	3.67908	7.32806	3.67908	3.67908	6.80973	3.15464	3.15464	5.24833	2.10428	2.10428	4.72601	2.62968	2.10428	2.10428	2.10428	3.15464	1.57852	0.526291	0.526291	1.57852	1.05249	0.526291	0.526291	0.526291	1.05249	0.526291	0	0	0.526291	0.526291	0.526291	0.526291	0.526291	0.526291	0	0.526291	0.526291	0.526291	0.526291	0	0	0	2.10428	2.10428	4.20289	4.20289	10.9183	10.9183	8.87552	8.87552	8.36104	14.9165	6.80973	4.20289	4.20289	5.24833	5.24833	1.05249	1.05249	1.05249	3.67908	2.62968	4.20289	4.20289	4.20289	8.36104	8.36104	4.20289	3.67908	6.29028	2.62968	1.57852	1.57852	1.57852	1.05249	0.526291	2.62968	5.24833	6.29028	3.67908	4.72601	4.72601	5.24833	7.32806	2.10428	0.526291	0.526291	3.15464	3.15464	4.20289	4.20289	4.72601	9.9001	5.24833	5.76978	5.76978	6.29028	14.4239	18.7715	10.9183	10.9183	21.0967	10.9183	11.9296	11.9296	11.4249	16.3804	5.24833	1.05249	2.10428	8.87552	7.84519	14.4239	14.4239	14.4239	28.4559	15.8948	17.8227	32.7412	31.2268	15.8948	13.9292	13.9292	13.9292	25.5319	12.9334	11.4249	22.4582	11.9296	10.41	18.7715	17.3444	8.87552	6.29028	6.29028	2.62968	5.24833	2.62968	1.05249	1.05249	8.87552	8.87552	4.20289	4.20289	3.15464	6.80973	3.67908	2.10428	2.10428	0	0	0.526291	0.526291	1.57852	2.62968	1.05249	3.67908	3.67908	6.29028	12.4325	6.29028	6.29028	12.9334	13.9292	7.32806	4.20289	4.20289	2.10428	4.20289	2.10428	1.57852	1.57852
27.6335	17.3426	17.3426	17.3426	17.8209	33.4768	33.8414	18.2965	13.4309	20.6351	7.84434	8.36013	8.36013	3.1543	1.05238	4.20243	2.10405	2.62939	5.24776	2.62939	2.62939	2.62939	1.57834	2.10405	0.526233	0	0	1.05238	1.05238	1.05238	1.05238	1.05238	1.57834	0.526233	1.05238	1.05238	1.05238	1.05238	1.57834	1.57834	2.10405	6.28959	4.20243	4.20243	4.20243	24.2303	24.2303	14.9149	14.9149	9.38755	12.4311	3.1543	3.1543	3.1543	2.10405	4.20243	3.67867	1.57834	2.10405	4.72549	2.62939	3.1543	3.1543	3.67867	7.84434	4.20243	4.20243	8.87456	8.87456	4.20243	4.20243	4.20243	5.24776	9.89903	4.72549	5.24776	9.89903	8.87456	4.20243	4.20243	4.20243	3.67867	7.84434	4.20243	3.67867	7.32726	3.67867	3.67867	6.80899	3.1543	3.1543	5.24776	2.10405	2.10405	4.72549	2.62939	2.10405	2.10405	2.10405	3.1543	1.57834	0.526233	0.526233	1.57834	1.05238	0.526233	0.526233	0.526233	1.05238	0.526233	0	0	0.526233	0.526233	0.526233	0.526233	0.526233	0.526233	0	0.526233	0.526233	0.526233	0.526233	0	0	0	2.10405	2.10405	4.20243	4.20243	10.9171	10.9171	8.87456	8.87456	8.36013	14.9149	6.80899	4.20243	4.20243	5.24776	5.24776	1.05238	1.05238	1.05238	3.67867	2.62939	4.20243	4.20243	4.20243	8.36013	8.36013	4.20243	3.67867	6.28959	2.62939	1.57834	1.57834	1.57834	1.05238	0.526233	2.62939	5.24776	6.28959	3.67867	4.72549	4.72549	5.24776	7.32726	2.10405	0.526233	0.526233	3.1543	3.1543	4.20243	4.20243	4.72549	9.89903	5.24776	5.76915	5.76915	6.28959	14.4224	18.7696	10.9171	10.9171	21.0946	10.9171	11.9283	11.9283	11.4236	16.3787	5.24776	1.05238	2.10405	8.87456	7.84434	14.4224	14.4224	14.4224	28.4533	15.8931	17.8209	32.7383	31.224	15.8931	13.9277	13.9277	13.9277	25.5295	12.932	11.4236	22.456	11.9283	10.4089	18.7696	17.3426	8.87456	6.28959	6.28959	2.62939	5.24776	2.62939	1.05238	1.05238	8.87456	8.87456	4.20243	4.20243	3.1543	6.80899	3.67867	2.10405	2.10405	0	0	0.526233	0.526233	1.57834	2.62939	1.05238	3.67867	3.67867	6.28959	12.4311	6.28959	6.28959	12.932	13.9277	7.32726	4.20243	4.20243	2.10405	4.20243	2.10405	1.57834	1.57834
27.6313	17.3411	17.3411	17.3411	17.8193	33.4744	33.8389	18.295	13.4297	20.6334	7.84363	8.35937	8.35937	3.15401	1.05228	4.20205	2.10385	2.62915	5.24728	2.62915	2.62915	2.62915	1.5782	2.10385	0.526185	0	0	1.05228	1.05228	1.05228	1.05228	1.05228	1.5782	0.526185	1.05228	1.05228	1.05228	1.05228	1.5782	1.5782	2.10385	6.28902	4.20205	4.20205	4.20205	24.2283	24.2283	14.9136	14.9136	9.3867	12.43	3.15401	3.15401	3.15401	2.10385	4.20205	3.67834	1.5782	2.10385	4.72506	2.62915	3.15401	3.15401	3.67834	7.84363	4.20205	4.20205	8.87376	8.87376	4.20205	4.20205	4.20205	5.24728	9.89814	4.72506	5.24728	9.89814	8.87376	4.20205	4.20205	4.20205	3.67834	7.84363	4.20205	3.67834	7.3266	3.67834	3.67834	6.80837	3.15401	3.15401	5.24728	2.10385	2.10385	4.72506	2.62915	2.10385	2.10385	2.10385	3.15401	1.5782	0.526185	0.526185	1.5782	1.05228	0.526185	0.526185	0.526185	1.05228	0.526185	0	0	0.526185	0.526185	0.526185	0.526185	0.526185	0.526185	0	0.526185	0.526185	0.526185	0.526185	0	0	0	2.10385	2.10385	4.20205	4.20205	10.9162	10.9162	8.87376	8.87376	8.35937	14.9136	6.80837	4.20205	4.20205	5.24728	5.24728	1.05228	1.05228	1.05228	3.67834	2.62915	4.20205	4.20205	4.20205	8.35937	8.35937	4.20205	3.67834	6.28902	2.62915	1.5782	1.5782	1.5782	1.05228	0.526185	2.62915	5.24728	6.28902	3.67834	4.72506	4.72506	5.24728	7.3266	2.10385	0.526185	0.526185	3.15401	3.15401	4.20205	4.20205	4.72506	9.89814	5.24728	5.76863	5.76863	6.28902	14.4211	18.768	10.9162	10.9162	21.0928	10.9162	11.9273	11.9273	11.4226	16.3773	5.24728	1.05228	2.10385	8.87376	7.84363	14.4211	14.4211	14.4211	28.4511	15.8917	17.8193	32.7359	31.2217	15.8917	13.9265	13.9265	13.9265	25.5274	12.9309	11.4226	22.4541	11.9273	10.408	18.768	17.3411	8.87376	6.28902	6.28902	2.62915	5.24728	2.62915	1.05228	1.05228	8.87376	8.87376	4.20205	4.20205	3.15401	6.80837	3.67834	2.10385	2.10385	0	0	0.526185	0.526185	1.5782	2.62915	1.05228	3.67834	3.67834	6.28902	12.43	6.28902	6.28902	12.9309	13.9265	7.3266	4.20205	4.20205	2.10385	4.20205	2.10385	1.5782	1.5782
27.6291	17.3396	17.3396	17.3396	17.8178	33.4719	33.8365	18.2934	13.4285	20.6317	7.84292	8.35862	8.35862	3.15372	1.05218	4.20166	2.10366	2.62891	5.2468	2.62891	2.62891	2.62891	1.57805	2.10366	0.526137	0	0	1.05218	1.05218	1.05218	1.05218	1.05218	1.57805	0.526137	1.05218	1.05218	1.05218	1.05218	1.57805	1.57805	2.10366	6.28844	4.20166	4.20166	4.20166	24.2263	24.2263	14.9123	14.9123	9.38586	12.4289	3.15372	3.15372	3.15372	2.10366	4.20166	3.678	1.57805	2.10366	4.72462	2.62891	3.15372	3.15372	3.678	7.84292	4.20166	4.20166	8.87295	8.87295	4.20166	4.20166	4.20166	5.2468	9.89725	4.72462	5.2468	9.89725	8.87295	4.20166	4.20166	4.20166	3.678	7.84292	4.20166	3.678	7.32593	3.678	3.678	6.80775	3.15372	3.15372	5.2468	2.10366	2.10366	4.72462	2.62891	2.10366	2.10366	2.10366	3.15372	1.57805	0.526137	0.526137	1.57805	1.05218	0.526137	0.526137	0.526137	1.05218	0.526137	0	0	0.526137	0.526137	0.526137	0.526137	0.526137	0.526137	0	0.526137	0.526137	0.526137	0.526137	0	0	0	2.10366	2.10366	4.20166	4.20166	10.9152	10.9152	8.87295	8.87295	8.35862	14.9123	6.80775	4.20166	4.20166	5.2468	5.2468	1.05218	1.05218	1.05218	3.678	2.62891	4.20166	4.20166	4.20166	8.35862	8.35862	4.20166	3.678	6.28844	2.62891	1.57805	1.57805	1.57805	1.05218	0.526137	2.62891	5.2468	6.28844	3.678	4.72462	4.72462	5.2468	7.32593	2.10366	0.526137	0.526137	3.15372	3.15372	4.20166	4.20166	4.72462	9.89725	5.2468	5.7681	5.7681	6.28844	14.4199	18.7664	10.9152	10.9152	21.0911	10.9152	11.9262	11.9262	11.4216	16.3759	5.2468	1.05218	2.10366	8.87295	7.84292	14.4199	14.4199	14.4199	28.4489	15.8903	17.8178	32.7335	31.2193	15.8903	13.9253	13.9253	13.9253	25.5254	12.9297	11.4216	22.4523	11.9262	10.407	18.7664	17.3396	8.87295	6.28844	6.28844	2.62891	5.2468	2.62891	1.05218	1.05218	8.87295	8.87295	4.20166	4.20166	3.15372	6.80775	3.678	2.10366	2.10366	0	0	0.526137	0.526137	1.57805	2.62891	1.05218	3.678	3.678	6.28844	12.4289	6.28844	6.28844	12.9297	13.9253	7.32593	4.20166	4.20166	2.10366	4.20166	2.10366	1.57805	1.57805
27.627	17.3381	17.3381	17.3381	17.8163	33.4695	33.8341	18.2918	13.4273	20.6299	7.8422	8.35786	8.35786	3.15343	1.05209	4.20128	2.10347	2.62867	5.24632	2.62867	2.62867	2.62867	1.57791	2.10347	0.526088	0	0	1.05209	1.05209	1.05209	1.05209	1.05209	1.57791	0.526088	1.05209	1.05209	1.05209	1.05209	1.57791	1.57791	2.10347	6.28787	4.20128	4.20128	4.20128	24.2244	24.2244	14.911	14.911	9.38501	12.4278	3.15343	3.15343	3.15343	2.10347	4.20128	3.67766	1.57791	2.10347	4.72419	2.62867	3.15343	3.15343	3.67766	7.8422	4.20128	4.20128	8.87215	8.87215	4.20128	4.20128	4.20128	5.24632	9.89635	4.72419	5.24632	9.89635	8.87215	4.20128	4.20128	4.20128	3.67766	7.8422	4.20128	3.67766	7.32527	3.67766	3.67766	6.80713	3.15343	3.15343	5.24632	2.10347	2.10347	4.72419	2.62867	2.10347	2.10347	2.10347	3.15343	1.57791	0.526088	0.526088	1.57791	1.05209	0.526088	0.526088	0.526088	1.05209	0.526088	0	0	0.526088	0.526088	0.526088	0.526088	0.526088	0.526088	0	0.526088	0.526088	0.526088	0.526088	0	0	0	2.10347	2.10347	4.20128	4.20128	10.9142	10.9142	8.87215	8.87215	8.35786	14.911	6.80713	4.20128	4.20128	5.24632	5.24632	1.05209	1.05209	1.05209	3.67766	2.62867	4.20128	4.20128	4.20128	8.35786	8.35786	4.20128	3.67766	6.28787	2.62867	1.57791	1.57791	1.57791	1.05209	0.526088	2.62867	5.24632	6.28787	3.67766	4.72419	4.72419	5.24632	7.32527	2.10347	0.526088	0.526088	3.15343	3.15343	4.20128	4.20128	4.72419	9.89635	5.24632	5.76757	5.76757	6.28787	14.4186	18.7648	10.9142	10.9142	21.0893	10.9142	11.9251	11.9251	11.4206	16.3744	5.24632	1.05209	2.10347	8.87215	7.8422	14.4186	14.4186	14.4186	28.4467	15.889	17.8163	32.7311	31.217	15.889	13.924	13.924	13.924	25.5234	12.9286	11.4206	22.4504	11.9251	10.4061	18.7648	17.3381	8.87215	6.28787	6.28787	2.62867	5.24632	2.62867	1.05209	1.05209	8.87215	8.87215	4.20128	4.20128	3.15343	6.80713	3.67766	2.10347	2.10347	0	0	0.526088	0.526088	1.57791	2.62867	1.05209	3.67766	3.67766	6.28787	12.4278	6.28787	6.28787	12.9286	13.924	7.32527	4.20128	4.20128	2.10347	4.20128	2.10347	1.57791	1.57791
54.7584	52.5841	52.24	51.9516	51.8906	54.7621	55.7782	54.7495	55.1267	56.7236	57.3479	58.1744	59.0288	59.6219	60.1452	60.5901	60.7595	60.7595	60.424	59.8861	59.4508	59.0382	58.4673	57.1639	54.9711	53.0021	51.5774	49.2408	46.5311	44.6636	42.7424	40.9081	38.6489	36.3179	34.945	32.9099	29.8624	27.3153	25.3086	23.1213	21.23	19.2172	16.5474	14.731	12.7972	25.1253	24.5057	15.9864	15.6909	10.7872	13.5239	6.51338	6.73902	6.96684	6.95468	8.68831	9.49925	9.70746	10.4119	11.8874	11.6092	11.8255	11.8255	11.9682	13.9105	12.5273	12.763	15.0835	15.453	13.8634	14.3338	14.8038	15.2692	17.592	15.8841	16.1907	18.2222	18.1001	16.7623	16.9955	17.2284	17.4949	19.1505	18.2447	18.2851	19.6133	18.9797	19.2102	20.4657	20.1812	20.5054	21.2361	21.0726	21.4253	22.3698	22.4749	22.6508	22.8735	23.2167	23.8831	24.0447	23.8968	23.7888	23.8254	23.8025	24.1275	24.7809	25.4276	26.1969	26.9098	27.4197	27.8327	28.4454	29.0528	29.3544	29.5538	29.8505	30.1474	30.1458	29.7509	28.8514	27.4225	26.0555	24.9909	23.9013	22.6847	21.2833	20.0533	20.1703	20.3974	22.8314	24.0412	24.7846	26.4235	27.7753	31.0312	31.2974	32.199	33.1267	34.1904	35.2498	35.4401	35.0895	34.7358	34.3781	33.9789	33.8912	33.7106	33.5293	34.0379	34.8567	35.367	36.2827	38.3607	39.8921	41.2147	42.5253	43.8552	45.789	47.476	48.4284	49.6428	50.9669	51.5958	51.778	51.778	51.7918	51.727	51.2771	50.7396	49.9904	48.9427	47.5435	46.6103	46.1102	45.5494	44.9799	43.9952	43.8376	43.8376	43.716	44.0918	44.1271	42.2821	41.8	42.5917	39.5177	38.1909	36.4159	34.5797	32.9937	28.349	26.5328	24.4724	23.3827	21.1589	23.4084	23.2312	23.0755	32.5378	24.2742	25.7473	36.5188	36.2649	28.9392	29.2347	30.1379	31.0823	36.7907	34.193	35.077	39.3625	38.7962	39.758	42.4542	43.8689	44.1271	44.7026	45.3563	45.7576	46.3291	46.7032	47.1224	47.7241	49.329	51.0317	52.0982	53.0666	54.0663	55.7324	56.9725	57.8674	58.8086	59.7884	61.2963	62.9045	63.8194	64.1741	64.4774	64.7589	64.838	64.7903	64.6107	64.1913	63.6363	63.2664	62.6128	61.4481	60.3179	59.662	59.1167	58.5406	57.7031	56.852	56.4198	56.0953
55.1775	52.6793	52.3119	52.0252	51.8389	54.3365	55.222	54.6169	55.0081	56.4213	57.3004	58.1219	58.9803	59.6133	60.1507	60.601	60.7605	60.7547	60.4052	59.8801	59.4441	59.0312	58.473	57.2585	55.1849	53.064	51.6577	49.6831	46.682	44.8159	42.9163	41.0363	39.0777	36.4005	35.0536	33.278	30.161	27.396	25.3898	23.2147	21.2093	18.7766	16.3086	14.4518	12.4678	23.5269	22.8409	15.3258	15.0147	10.5697	13.5225	6.64702	6.86808	7.09155	7.14632	9.28333	10.1416	9.88985	10.5372	12.2268	11.67	11.8244	11.8244	11.9671	14.0508	12.6138	12.8477	15.2274	15.7404	14.0271	14.4912	14.9553	15.2678	17.8645	16.0388	16.1892	18.349	18.3368	16.8231	17.0553	17.2871	17.6045	19.3461	18.2431	18.3329	19.7909	19.0251	19.2548	20.709	20.2603	20.5405	21.3526	21.0953	21.4767	22.5252	22.5004	22.6711	22.8935	23.2622	23.9834	24.0428	23.8926	23.7868	23.8235	23.8006	24.1592	24.8112	25.4566	26.2579	26.9361	27.4249	27.8377	28.4569	29.0505	29.3505	29.5499	29.8482	30.1435	30.1451	29.7534	28.8894	27.5081	26.0833	25.042	23.9562	22.7711	21.6221	20.1099	20.1251	20.3528	22.2943	23.544	24.328	26.011	27.4907	30.1434	31.101	32.121	33.0528	34.0855	35.1513	35.4331	35.0824	34.7286	34.336	33.9654	33.8702	33.6894	33.5078	34.0759	35.1698	35.4828	36.4079	38.8975	40.0343	41.317	42.6189	43.9568	46.0338	47.5052	48.4159	49.604	50.9098	51.5811	51.7754	51.7754	51.7893	51.7584	51.287	50.7508	50.0025	48.9401	47.5409	46.5818	46.0807	45.5089	44.8315	43.9596	43.8349	43.8349	43.6843	43.9548	43.8603	42.1686	41.7093	42.0527	39.3002	37.819	36	34.1684	31.8328	28.1743	26.6791	25.1334	24.5047	21.5216	23.5397	23.364	23.0734	32.22	24.0028	25.0712	35.2238	34.9009	28.3652	28.825	29.75	30.6513	35.5139	33.8204	34.7735	38.3373	38.5137	39.556	41.8707	43.4208	44.0164	44.6413	45.2976	45.7429	46.2852	46.692	47.1431	47.7439	49.6743	51.3345	52.1875	53.1489	54.1503	56.0202	57.0341	57.9235	58.8597	59.8316	61.4395	62.9884	63.8312	64.1765	64.4908	64.7602	64.8346	64.787	64.5961	64.1387	63.6214	63.2485	62.5323	61.3396	60.284	59.6481	59.1022	58.5383	57.6975	56.848	56.4272	56.1029
32.3497	19.2299	18.7597	18.7597	16.8529	29.2467	27.6201	14.9068	8.35544	10.9111	2.6279	2.10285	2.10285	0.525934	3.67659	6.28604	3.15251	1.57745	0.525934	1.05178	0.525934	0.525934	3.67659	10.9111	14.4145	7.32314	7.83993	16.3699	8.86959	8.35544	8.35544	6.80515	11.4173	4.72281	5.24479	8.86959	7.32314	3.67659	3.67659	3.67659	1.57745	1.05178	0.525934	0	0	20.6244	20.6244	13.4235	13.4235	8.86959	12.4243	3.67659	3.67659	3.67659	3.15251	6.28604	6.28604	3.15251	3.15251	6.28604	3.15251	3.15251	3.15251	3.67659	8.35544	4.72281	4.72281	9.3823	9.89351	5.24479	5.24479	5.24479	5.24479	10.9111	5.76589	5.24479	10.4031	9.89351	4.72281	4.72281	4.72281	4.72281	8.86959	4.20005	4.20005	8.35544	4.20005	4.20005	8.35544	4.20005	3.67659	6.28604	2.6279	3.15251	6.28604	3.15251	2.6279	2.6279	3.15251	4.72281	1.57745	0	0.525934	1.57745	1.05178	2.10285	2.10285	2.10285	3.15251	2.10285	1.05178	1.05178	1.57745	0.525934	0	0	0.525934	0	0.525934	1.05178	2.6279	3.67659	2.10285	2.6279	2.6279	3.15251	6.28604	3.15251	3.67659	3.67659	7.83993	7.83993	4.72281	4.72281	5.24479	8.35544	3.15251	1.57745	1.57745	2.10285	2.10285	0	0	0	2.10285	2.10285	3.67659	3.67659	3.67659	8.86959	11.9217	6.80515	6.80515	13.9201	7.32314	6.28604	6.28604	6.80515	10.9111	4.20005	1.05178	2.10285	1.05178	2.10285	4.72281	4.72281	5.24479	8.86959	3.67659	3.15251	3.15251	3.15251	3.15251	2.10285	2.10285	2.10285	5.76589	3.67659	5.76589	5.76589	5.24479	12.4243	15.8845	8.86959	9.3823	16.3699	7.32314	6.28604	6.28604	6.28604	6.80515	0.525934	4.72281	9.3823	14.4145	9.89351	14.9068	14.9068	14.4145	27.6201	14.9068	15.3968	29.2467	27.2056	12.9249	11.4173	11.4173	10.9111	19.6975	9.3823	7.83993	15.3968	7.83993	6.80515	12.4243	11.4173	5.76589	3.67659	3.67659	1.05178	2.6279	1.57745	3.67659	3.67659	16.8529	16.8529	9.3823	9.3823	9.3823	18.2868	9.3823	8.86959	8.86959	8.35544	15.8845	13.4235	5.76589	3.67659	6.80515	3.15251	3.15251	3.15251	2.6279	5.76589	3.15251	2.10285	3.15251	2.6279	1.57745	0	0	2.10285	3.67659	1.57745	3.67659	3.67659
32.3473	19.2283	18.7581	18.7581	16.8514	29.2445	27.6179	14.9055	8.35468	10.9101	2.62766	2.10266	2.10266	0.525885	3.67625	6.28547	3.15222	1.5773	0.525885	1.05168	0.525885	0.525885	3.67625	10.9101	14.4133	7.32247	7.83922	16.3685	8.86879	8.35468	8.35468	6.80453	11.4163	4.72238	5.24431	8.86879	7.32247	3.67625	3.67625	3.67625	1.5773	1.05168	0.525885	0	0	20.6226	20.6226	13.4224	13.4224	8.86879	12.4232	3.67625	3.67625	3.67625	3.15222	6.28547	6.28547	3.15222	3.15222	6.28547	3.15222	3.15222	3.15222	3.67625	8.35468	4.72238	4.72238	9.38146	9.89262	5.24431	5.24431	5.24431	5.24431	10.9101	5.76536	5.24431	10.4022	9.89262	4.72238	4.72238	4.72238	4.72238	8.86879	4.19966	4.19966	8.35468	4.19966	4.19966	8.35468	4.19966	3.67625	6.28547	2.62766	3.15222	6.28547	3.15222	2.62766	2.62766	3.15222	4.72238	1.5773	0	0.525885	1.5773	1.05168	2.10266	2.10266	2.10266	3.15222	2.10266	1.05168	1.05168	1.5773	0.525885	0	0	0.525885	0	0.525885	1.05168	2.62766	3.67625	2.10266	2.62766	2.62766	3.15222	6.28547	3.15222	3.67625	3.67625	7.83922	7.83922	4.72238	4.72238	5.24431	8.35468	3.15222	1.5773	1.5773	2.10266	2.10266	0	0	0	2.10266	2.10266	3.67625	3.67625	3.67625	8.86879	11.9207	6.80453	6.80453	13.9189	7.32247	6.28547	6.28547	6.80453	10.9101	4.19966	1.05168	2.10266	1.05168	2.10266	4.72238	4.72238	5.24431	8.86879	3.67625	3.15222	3.15222	3.15222	3.15222	2.10266	2.10266	2.10266	5.76536	3.67625	5.76536	5.76536	5.24431	12.4232	15.8831	8.86879	9.38146	16.3685	7.32247	6.28547	6.28547	6.28547	6.80453	0.525885	4.72238	9.38146	14.4133	9.89262	14.9055	14.9055	14.4133	27.6179	14.9055	15.3955	29.2445	27.2035	12.9238	11.4163	11.4163	10.9101	19.6958	9.38146	7.83922	15.3955	7.83922	6.80453	12.4232	11.4163	5.76536	3.67625	3.67625	1.05168	2.62766	1.5773	3.67625	3.67625	16.8514	16.8514	9.38146	9.38146	9.38146	18.2853	9.38146	8.86879	8.86879	8.35468	15.8831	13.4224	5.76536	3.67625	6.80453	3.15222	3.15222	3.15222	2.62766	5.76536	3.15222	2.10266	3.15222	2.62766	1.5773	0	0	2.10266	3.67625	1.5773	3.67625	3.67625
32.3449	19.2266	18.7565	18.7565	16.8499	29.2422	27.6157	14.9042	8.35393	10.9091	2.62742	2.10246	2.10246	0.525837	3.67591	6.28489	3.15193	1.57716	0.525837	1.05159	0.525837	0.525837	3.67591	10.9091	14.412	7.32181	7.83851	16.367	8.86799	8.35393	8.35393	6.80391	11.4153	4.72195	5.24383	8.86799	7.32181	3.67591	3.67591	3.67591	1.57716	1.05159	0.525837	0	0	20.6209	20.6209	13.4212	13.4212	8.86799	12.4221	3.67591	3.67591	3.67591	3.15193	6.28489	6.28489	3.15193	3.15193	6.28489	3.15193	3.15193	3.15193	3.67591	8.35393	4.72195	4.72195	9.38061	9.89173	5.24383	5.24383	5.24383	5.24383	10.9091	5.76484	5.24383	10.4013	9.89173	4.72195	4.72195	4.72195	4.72195	8.86799	4.19928	4.19928	8.35393	4.19928	4.19928	8.35393	4.19928	3.67591	6.28489	2.62742	3.15193	6.28489	3.15193	2.62742	2.62742	3.15193	4.72195	1.57716	0	0.525837	1.57716	1.05159	2.10246	2.10246	2.10246	3.15193	2.10246	1.05159	1.05159	1.57716	0.525837	0	0	0.525837	0	0.525837	1.05159	2.62742	3.67591	2.10246	2.62742	2.62742	3.15193	6.28489	3.15193	3.67591	3.67591	7.83851	7.83851	4.72195	4.72195	5.24383	8.35393	3.15193	1.57716	1.57716	2.10246	2.10246	0	0	0	2.10246	2.10246	3.67591	3.67591	3.67591	8.86799	11.9196	6.80391	6.80391	13.9176	7.32181	6.28489	6.28489	6.80391	10.9091	4.19928	1.05159	2.10246	1.05159	2.10246	4.72195	4.72195	5.24383	8.86799	3.67591	3.15193	3.15193	3.15193	3.15193	2.10246	2.10246	2.10246	5.76484	3.67591	5.76484	5.76484	5.24383	12.4221	15.8818	8.86799	9.38061	16.367	7.32181	6.28489	6.28489	6.28489	6.80391	0.525837	4.72195	9.38061	14.412	9.89173	14.9042	14.9042	14.412	27.6157	14.9042	15.3941	29.2422	27.2013	12.9226	11.4153	11.4153	10.9091	19.6941	9.38061	7.83851	15.3941	7.83851	6.80391	12.4221	11.4153	5.76484	3.67591	3.67591	1.05159	2.62742	1.57716	3.67591	3.67591	16.8499	16.8499	9.38061	9.38061	9.38061	18.2837	9.38061	8.86799	8.86799	8.35393	15.8818	13.4212	5.76484	3.67591	6.80391	3.15193	3.15193	3.15193	2.62742	5.76484	3.15193	2.10246	3.15193	2.62742	1.57716	0	0	2.10246	3.67591	1.57716	3.67591	3.67591
32.3425	19.225	18.7549	18.7549	16.8485	29.24	27.6136	14.9029	8.35317	10.9081	2.62718	2.10227	2.10227	0.525789	3.67558	6.28432	3.15164	1.57701	0.525789	1.05149	0.525789	0.525789	3.67558	10.9081	14.4107	7.32115	7.8378	16.3656	8.86719	8.35317	8.35317	6.80329	11.4142	4.72152	5.24335	8.86719	7.32115	3.67558	3.67558	3.67558	1.57701	1.05149	0.525789	0	0	20.6192	20.6192	13.42	13.42	8.86719	12.421	3.67558	3.67558	3.67558	3.15164	6.28432	6.28432	3.15164	3.15164	6.28432	3.15164	3.15164	3.15164	3.67558	8.35317	4.72152	4.72152	9.37977	9.89084	5.24335	5.24335	5.24335	5.24335	10.9081	5.76431	5.24335	10.4003	9.89084	4.72152	4.72152	4.72152	4.72152	8.86719	4.1989	4.1989	8.35317	4.1989	4.1989	8.35317	4.1989	3.67558	6.28432	2.62718	3.15164	6.28432	3.15164	2.62718	2.62718	3.15164	4.72152	1.57701	0	0.525789	1.57701	1.05149	2.10227	2.10227	2.10227	3.15164	2.10227	1.05149	1.05149	1.57701	0.525789	0	0	0.525789	0	0.525789	1.05149	2.62718	3.67558	2.10227	2.62718	2.62718	3.15164	6.28432	3.15164	3.67558	3.67558	7.8378	7.8378	4.72152	4.72152	5.24335	8.35317	3.15164	1.57701	1.57701	2.10227	2.10227	0	0	0	2.10227	2.10227	3.67558	3.67558	3.67558	8.86719	11.9185	6.80329	6.80329	13.9164	7.32115	6.28432	6.28432	6.80329	10.9081	4.1989	1.05149	2.10227	1.05149	2.10227	4.72152	4.72152	5.24335	8.86719	3.67558	3.15164	3.15164	3.15164	3.15164	2.10227	2.10227	2.10227	5.76431	3.67558	5.76431	5.76431	5.24335	12.421	15.8804	8.86719	9.37977	16.3656	7.32115	6.28432	6.28432	6.28432	6.80329	0.525789	4.72152	9.37977	14.4107	9.89084	14.9029	14.9029	14.4107	27.6136	14.9029	15.3928	29.24	27.1992	12.9215	11.4142	11.4142	10.9081	19.6925	9.37977	7.8378	15.3928	7.8378	6.80329	12.421	11.4142	5.76431	3.67558	3.67558	1.05149	2.62718	1.57701	3.67558	3.67558	16.8485	16.8485	9.37977	9.37977	9.37977	18.2821	9.37977	8.86719	8.86719	8.35317	15.8804	13.42	5.76431	3.67558	6.80329	3.15164	3.15164	3.15164	2.62718	5.76431	3.15164	2.10227	3.15164	2.62718	1.57701	0	0	2.10227	3.67558	1.57701	3.67558	3.67558
32.3397	19.223	18.753	18.753	16.8467	29.2373	27.611	14.9013	8.35226	10.907	2.62689	2.10204	2.10204	0.525731	3.67517	6.28364	3.15129	1.57684	0.525731	1.05137	0.525731	0.525731	3.67517	10.907	14.4092	7.32035	7.83695	16.3639	8.86622	8.35226	8.35226	6.80255	11.413	4.721	5.24278	8.86622	7.32035	3.67517	3.67517	3.67517	1.57684	1.05137	0.525731	0	0	20.6171	20.6171	13.4186	13.4186	8.86622	12.4197	3.67517	3.67517	3.67517	3.15129	6.28364	6.28364	3.15129	3.15129	6.28364	3.15129	3.15129	3.15129	3.67517	8.35226	4.721	4.721	9.37875	9.88977	5.24278	5.24278	5.24278	5.24278	10.907	5.76368	5.24278	10.3992	9.88977	4.721	4.721	4.721	4.721	8.86622	4.19844	4.19844	8.35226	4.19844	4.19844	8.35226	4.19844	3.67517	6.28364	2.62689	3.15129	6.28364	3.15129	2.62689	2.62689	3.15129	4.721	1.57684	0	0.525731	1.57684	1.05137	2.10204	2.10204	2.10204	3.15129	2.10204	1.05137	1.05137	1.57684	0.525731	0	0	0.525731	0	0.525731	1.05137	2.62689	3.67517	2.10204	2.62689	2.62689	3.15129	6.28364	3.15129	3.67517	3.67517	7.83695	7.83695	4.721	4.721	5.24278	8.35226	3.15129	1.57684	1.57684	2.10204	2.10204	0	0	0	2.10204	2.10204	3.67517	3.67517	3.67517	8.86622	11.9173	6.80255	6.80255	13.9149	7.32035	6.28364	6.28364	6.80255	10.907	4.19844	1.05137	2.10204	1.05137	2.10204	4.721	4.721	5.24278	8.86622	3.67517	3.15129	3.15129	3.15129	3.15129	2.10204	2.10204	2.10204	5.76368	3.67517	5.76368	5.76368	5.24278	12.4197	15.8787	8.86622	9.37875	16.3639	7.32035	6.28364	6.28364	6.28364	6.80255	0.525731	4.721	9.37875	14.4092	9.88977	14.9013	14.9013	14.4092	27.611	14.9013	15.3912	29.2373	27.1966	12.9201	11.413	11.413	10.907	19.6905	9.37875	7.83695	15.3912	7.83695	6.80255	12.4197	11.413	5.76368	3.67517	3.67517	1.05137	2.62689	1.57684	3.67517	3.67517	16.8467	16.8467	9.37875	9.37875	9.37875	18.2802	9.37875	8.86622	8.86622	8.35226	15.8787	13.4186	5.76368	3.67517	6.80255	3.15129	3.15129	3.15129	2.62689	5.76368	3.15129	2.10204	3.15129	2.62689	1.57684	0	0	2.10204	3.67517	1.57684	3.67517	3.67517
32.3373	19.2214	18.7514	18.7514	16.8453	29.2351	27.6088	14.9	8.35151	10.906	2.62665	2.10185	2.10185	0.525683	3.67484	6.28306	3.151	1.57669	0.525683	1.05128	0.525683	0.525683	3.67484	10.906	14.408	7.31968	7.83624	16.3625	8.86542	8.35151	8.35151	6.80193	11.412	4.72057	5.2423	8.86542	7.31968	3.67484	3.67484	3.67484	1.57669	1.05128	0.525683	0	0	20.6154	20.6154	13.4174	13.4174	8.86542	12.4185	3.67484	3.67484	3.67484	3.151	6.28306	6.28306	3.151	3.151	6.28306	3.151	3.151	3.151	3.67484	8.35151	4.72057	4.72057	9.37791	9.88888	5.2423	5.2423	5.2423	5.2423	10.906	5.76316	5.2423	10.3983	9.88888	4.72057	4.72057	4.72057	4.72057	8.86542	4.19805	4.19805	8.35151	4.19805	4.19805	8.35151	4.19805	3.67484	6.28306	2.62665	3.151	6.28306	3.151	2.62665	2.62665	3.151	4.72057	1.57669	0	0.525683	1.57669	1.05128	2.10185	2.10185	2.10185	3.151	2.10185	1.05128	1.05128	1.57669	0.525683	0	0	0.525683	0	0.525683	1.05128	2.62665	3.67484	2.10185	2.62665	2.62665	3.151	6.28306	3.151	3.67484	3.67484	7.83624	7.83624	4.72057	4.72057	5.2423	8.35151	3.151	1.57669	1.57669	2.10185	2.10185	0	0	0	2.10185	2.10185	3.67484	3.67484	3.67484	8.86542	11.9162	6.80193	6.80193	13.9137	7.31968	6.28306	6.28306	6.80193	10.906	4.19805	1.05128	2.10185	1.05128	2.10185	4.72057	4.72057	5.2423	8.86542	3.67484	3.151	3.151	3.151	3.151	2.10185	2.10185	2.10185	5.76316	3.67484	5.76316	5.76316	5.2423	12.4185	15.8773	8.86542	9.37791	16.3625	7.31968	6.28306	6.28306	6.28306	6.80193	0.525683	4.72057	9.37791	14.408	9.88888	14.9	14.9	14.408	27.6088	14.9	15.3898	29.2351	27.1945	12.919	11.412	11.412	10.906	19.6888	9.37791	7.83624	15.3898	7.83624	6.80193	12.4185	11.412	5.76316	3.67484	3.67484	1.05128	2.62665	1.57669	3.67484	3.67484	16.8453	16.8453	9.37791	9.37791	9.37791	18.2787	9.37791	8.86542	8.86542	8.35151	15.8773	13.4174	5.76316	3.67484	6.80193	3.151	3.151	3.151	2.62665	5.76316	3.151	2.10185	3.151	2.62665	1.57669	0	0	2.10185	3.67484	1.57669	3.67484	3.67484
32.3349	19.2198	18.7498	18.7498	16.8438	29.2328	27.6067	14.8987	8.35075	10.905	2.62641	2.10165	2.10165	0.525635	3.6745	6.28249	3.15072	1.57655	0.525635	1.05118	0.525635	0.525635	3.6745	10.905	14.4067	7.31902	7.83553	16.3611	8.86462	8.35075	8.35075	6.80131	11.411	4.72014	5.24182	8.86462	7.31902	3.6745	3.6745	3.6745	1.57655	1.05118	0.525635	0	0	20.6136	20.6136	13.4162	13.4162	8.86462	12.4174	3.6745	3.6745	3.6745	3.15072	6.28249	6.28249	3.15072	3.15072	6.28249	3.15072	3.15072	3.15072	3.6745	8.35075	4.72014	4.72014	9.37706	9.88799	5.24182	5.24182	5.24182	5.24182	10.905	5.76263	5.24182	10.3973	9.88799	4.72014	4.72014	4.72014	4.72014	8.86462	4.19767	4.19767	8.35075	4.19767	4.19767	8.35075	4.19767	3.6745	6.28249	2.62641	3.15072	6.28249	3.15072	2.62641	2.62641	3.15072	4.72014	1.57655	0	0.525635	1.57655	1.05118	2.10165	2.10165	2.10165	3.15072	2.10165	1.05118	1.05118	1.57655	0.525635	0	0	0.525635	0	0.525635	1.05118	2.62641	3.6745	2.10165	2.62641	2.62641	3.15072	6.28249	3.15072	3.6745	3.6745	7.83553	7.83553	4.72014	4.72014	5.24182	8.35075	3.15072	1.57655	1.57655	2.10165	2.10165	0	0	0	2.10165	2.10165	3.6745	3.6745	3.6745	8.86462	11.9151	6.80131	6.80131	13.9125	7.31902	6.28249	6.28249	6.80131	10.905	4.19767	1.05118	2.10165	1.05118	2.10165	4.72014	4.72014	5.24182	8.86462	3.6745	3.15072	3.15072	3.15072	3.15072	2.10165	2.10165	2.10165	5.76263	3.6745	5.76263	5.76263	5.24182	12.4174	15.8759	8.86462	9.37706	16.3611	7.31902	6.28249	6.28249	6.28249	6.80131	0.525635	4.72014	9.37706	14.4067	9.88799	14.8987	14.8987	14.4067	27.6067	14.8987	15.3885	29.2328	27.1924	12.9178	11.411	11.411	10.905	19.6871	9.37706	7.83553	15.3885	7.83553	6.80131	12.4174	11.411	5.76263	3.6745	3.6745	1.05118	2.62641	1.57655	3.6745	3.6745	16.8438	16.8438	9.37706	9.37706	9.37706	18.2771	9.37706	8.86462	8.86462	8.35075	15.8759	13.4162	5.76263	3.6745	6.80131	3.15072	3.15072	3.15072	2.62641	5.76263	3.15072	2.10165	3.15072	2.62641	1.57655	0	0	2.10165	3.6745	1.57655	3.6745	3.6745
32.3326	19.2181	18.7482	18.7482	16.8424	29.2306	27.6045	14.8974	8.35	10.904	2.62617	2.10146	2.10146	0.525586	3.67416	6.28192	3.15043	1.57641	0.525586	1.05108	0.525586	0.525586	3.67416	10.904	14.4054	7.31836	7.83482	16.3597	8.86382	8.35	8.35	6.8007	11.41	4.71971	5.24134	8.86382	7.31836	3.67416	3.67416	3.67416	1.57641	1.05108	0.525586	0	0	20.6119	20.6119	13.415	13.415	8.86382	12.4163	3.67416	3.67416	3.67416	3.15043	6.28192	6.28192	3.15043	3.15043	6.28192	3.15043	3.15043	3.15043	3.67416	8.35	4.71971	4.71971	9.37622	9.8871	5.24134	5.24134	5.24134	5.24134	10.904	5.76211	5.24134	10.3964	9.8871	4.71971	4.71971	4.71971	4.71971	8.86382	4.19728	4.19728	8.35	4.19728	4.19728	8.35	4.19728	3.67416	6.28192	2.62617	3.15043	6.28192	3.15043	2.62617	2.62617	3.15043	4.71971	1.57641	0	0.525586	1.57641	1.05108	2.10146	2.10146	2.10146	3.15043	2.10146	1.05108	1.05108	1.57641	0.525586	0	0	0.525586	0	0.525586	1.05108	2.62617	3.67416	2.10146	2.62617	2.62617	3.15043	6.28192	3.15043	3.67416	3.67416	7.83482	7.83482	4.71971	4.71971	5.24134	8.35	3.15043	1.57641	1.57641	2.10146	2.10146	0	0	0	2.10146	2.10146	3.67416	3.67416	3.67416	8.86382	11.9141	6.8007	6.8007	13.9113	7.31836	6.28192	6.28192	6.8007	10.904	4.19728	1.05108	2.10146	1.05108	2.10146	4.71971	4.71971	5.24134	8.86382	3.67416	3.15043	3.15043	3.15043	3.15043	2.10146	2.10146	2.10146	5.76211	3.67416	5.76211	5.76211	5.24134	12.4163	15.8746	8.86382	9.37622	16.3597	7.31836	6.28192	6.28192	6.28192	6.8007	0.525586	4.71971	9.37622	14.4054	9.8871	14.8974	14.8974	14.4054	27.6045	14.8974	15.3871	29.2306	27.1902	12.9167	11.41	11.41	10.904	19.6854	9.37622	7.83482	15.3871	7.83482	6.8007	12.4163	11.41	5.76211	3.67416	3.67416	1.05108	2.62617	1.57641	3.67416	3.67416	16.8424	16.8424	9.37622	9.37622	9.37622	18.2755	9.37622	8.86382	8.86382	8.35	15.8746	13.415	5.76211	3.67416	6.8007	3.15043	3.15043	3.15043	2.62617	5.76211	3.15043	2.10146	3.15043	2.62617	1.57641	0	0	2.10146	3.67416	1.57641	3.67416	3.67416
32.3302	19.2165	18.7466	18.7466	16.8409	29.2283	27.6024	14.8961	8.34924	10.9031	2.62592	2.10127	2.10127	0.525538	3.67383	6.28135	3.15014	1.57626	0.525538	1.05099	0.525538	0.525538	3.67383	10.9031	14.4042	7.31769	7.83411	16.3582	8.86302	8.34924	8.34924	6.80008	11.4089	4.71927	5.24086	8.86302	7.31769	3.67383	3.67383	3.67383	1.57626	1.05099	0.525538	0	0	20.6102	20.6102	13.4138	13.4138	8.86302	12.4152	3.67383	3.67383	3.67383	3.15014	6.28135	6.28135	3.15014	3.15014	6.28135	3.15014	3.15014	3.15014	3.67383	8.34924	4.71927	4.71927	9.37537	9.88621	5.24086	5.24086	5.24086	5.24086	10.9031	5.76158	5.24086	10.3955	9.88621	4.71927	4.71927	4.71927	4.71927	8.86302	4.1969	4.1969	8.34924	4.1969	4.1969	8.34924	4.1969	3.67383	6.28135	2.62592	3.15014	6.28135	3.15014	2.62592	2.62592	3.15014	4.71927	1.57626	0	0.525538	1.57626	1.05099	2.10127	2.10127	2.10127	3.15014	2.10127	1.05099	1.05099	1.57626	0.525538	0	0	0.525538	0	0.525538	1.05099	2.62592	3.67383	2.10127	2.62592	2.62592	3.15014	6.28135	3.15014	3.67383	3.67383	7.83411	7.83411	4.71927	4.71927	5.24086	8.34924	3.15014	1.57626	1.57626	2.10127	2.10127	0	0	0	2.10127	2.10127	3.67383	3.67383	3.67383	8.86302	11.913	6.80008	6.80008	13.91	7.31769	6.28135	6.28135	6.80008	10.9031	4.1969	1.05099	2.10127	1.05099	2.10127	4.71927	4.71927	5.24086	8.86302	3.67383	3.15014	3.15014	3.15014	3.15014	2.10127	2.10127	2.10127	5.76158	3.67383	5.76158	5.76158	5.24086	12.4152	15.8732	8.86302	9.37537	16.3582	7.31769	6.28135	6.28135	6.28135	6.80008	0.525538	4.71927	9.37537	14.4042	9.88621	14.8961	14.8961	14.4042	27.6024	14.8961	15.3858	29.2283	27.1881	12.9155	11.4089	11.4089	10.9031	19.6838	9.37537	7.83411	15.3858	7.83411	6.80008	12.4152	11.4089	5.76158	3.67383	3.67383	1.05099	2.62592	1.57626	3.67383	3.67383	16.8409	16.8409	9.37537	9.37537	9.37537	18.274	9.37537	8.86302	8.86302	8.34924	15.8732	13.4138	5.76158	3.67383	6.80008	3.15014	3.15014	3.15014	2.62592	5.76158	3.15014	2.10127	3.15014	2.62592	1.57626	0	0	2.10127	3.67383	1.57626	3.67383	3.67383
32.3273	19.2145	18.7446	18.7446	16.8391	29.2257	27.5998	14.8945	8.34834	10.9019	2.62564	2.10104	2.10104	0.52548	3.67342	6.28066	3.14979	1.57609	0.52548	1.05087	0.52548	0.52548	3.67342	10.9019	14.4026	7.31689	7.83325	16.3565	8.86206	8.34834	8.34834	6.79934	11.4077	4.71876	5.24029	8.86206	7.31689	3.67342	3.67342	3.67342	1.57609	1.05087	0.52548	0	0	20.6081	20.6081	13.4124	13.4124	8.86206	12.4139	3.67342	3.67342	3.67342	3.14979	6.28066	6.28066	3.14979	3.14979	6.28066	3.14979	3.14979	3.14979	3.67342	8.34834	4.71876	4.71876	9.37436	9.88514	5.24029	5.24029	5.24029	5.24029	10.9019	5.76095	5.24029	10.3943	9.88514	4.71876	4.71876	4.71876	4.71876	8.86206	4.19644	4.19644	8.34834	4.19644	4.19644	8.34834	4.19644	3.67342	6.28066	2.62564	3.14979	6.28066	3.14979	2.62564	2.62564	3.14979	4.71876	1.57609	0	0.52548	1.57609	1.05087	2.10104	2.10104	2.10104	3.14979	2.10104	1.05087	1.05087	1.57609	0.52548	0	0	0.52548	0	0.52548	1.05087	2.62564	3.67342	2.10104	2.62564	2.62564	3.14979	6.28066	3.14979	3.67342	3.67342	7.83325	7.83325	4.71876	4.71876	5.24029	8.34834	3.14979	1.57609	1.57609	2.10104	2.10104	0	0	0	2.10104	2.10104	3.67342	3.67342	3.67342	8.86206	11.9117	6.79934	6.79934	13.9086	7.31689	6.28066	6.28066	6.79934	10.9019	4.19644	1.05087	2.10104	1.05087	2.10104	4.71876	4.71876	5.24029	8.86206	3.67342	3.14979	3.14979	3.14979	3.14979	2.10104	2.10104	2.10104	5.76095	3.67342	5.76095	5.76095	5.24029	12.4139	15.8715	8.86206	9.37436	16.3565	7.31689	6.28066	6.28066	6.28066	6.79934	0.52548	4.71876	9.37436	14.4026	9.88514	14.8945	14.8945	14.4026	27.5998	14.8945	15.3842	29.2257	27.1855	12.9141	11.4077	11.4077	10.9019	19.6818	9.37436	7.83325	15.3842	7.83325	6.79934	12.4139	11.4077	5.76095	3.67342	3.67342	1.05087	2.62564	1.57609	3.67342	3.67342	16.8391	16.8391	9.37436	9.37436	9.37436	18.2721	9.37436	8.86206	8.86206	8.34834	15.8715	13.4124	5.76095	3.67342	6.79934	3.14979	3.14979	3.14979	2.62564	5.76095	3.14979	2.10104	3.14979	2.62564	1.57609	0	0	2.10104	3.67342	1.57609	3.67342	3.67342
32.325	19.2129	18.743	18.743	16.8377	29.2234	27.5976	14.8932	8.34758	10.9009	2.6254	2.10085	2.10085	0.525432	3.67309	6.28009	3.14951	1.57594	0.525432	1.05078	0.525432	0.525432	3.67309	10.9009	14.4014	7.31623	7.83254	16.3551	8.86126	8.34758	8.34758	6.79872	11.4067	4.71833	5.23981	8.86126	7.31623	3.67309	3.67309	3.67309	1.57594	1.05078	0.525432	0	0	20.6064	20.6064	13.4112	13.4112	8.86126	12.4128	3.67309	3.67309	3.67309	3.14951	6.28009	6.28009	3.14951	3.14951	6.28009	3.14951	3.14951	3.14951	3.67309	8.34758	4.71833	4.71833	9.37351	9.88426	5.23981	5.23981	5.23981	5.23981	10.9009	5.76043	5.23981	10.3934	9.88426	4.71833	4.71833	4.71833	4.71833	8.86126	4.19606	4.19606	8.34758	4.19606	4.19606	8.34758	4.19606	3.67309	6.28009	2.6254	3.14951	6.28009	3.14951	2.6254	2.6254	3.14951	4.71833	1.57594	0	0.525432	1.57594	1.05078	2.10085	2.10085	2.10085	3.14951	2.10085	1.05078	1.05078	1.57594	0.525432	0	0	0.525432	0	0.525432	1.05078	2.6254	3.67309	2.10085	2.6254	2.6254	3.14951	6.28009	3.14951	3.67309	3.67309	7.83254	7.83254	4.71833	4.71833	5.23981	8.34758	3.14951	1.57594	1.57594	2.10085	2.10085	0	0	0	2.10085	2.10085	3.67309	3.67309	3.67309	8.86126	11.9107	6.79872	6.79872	13.9073	7.31623	6.28009	6.28009	6.79872	10.9009	4.19606	1.05078	2.10085	1.05078	2.10085	4.71833	4.71833	5.23981	8.86126	3.67309	3.14951	3.14951	3.14951	3.14951	2.10085	2.10085	2.10085	5.76043	3.67309	5.76043	5.76043	5.23981	12.4128	15.8701	8.86126	9.37351	16.3551	7.31623	6.28009	6.28009	6.28009	6.79872	0.525432	4.71833	9.37351	14.4014	9.88426	14.8932	14.8932	14.4014	27.5976	14.8932	15.3828	29.2234	27.1834	12.913	11.4067	11.4067	10.9009	19.6801	9.37351	7.83254	15.3828	7.83254	6.79872	12.4128	11.4067	5.76043	3.67309	3.67309	1.05078	2.6254	1.57594	3.67309	3.67309	16.8377	16.8377	9.37351	9.37351	9.37351	18.2705	9.37351	8.86126	8.86126	8.34758	15.8701	13.4112	5.76043	3.67309	6.79872	3.14951	3.14951	3.14951	2.6254	5.76043	3.14951	2.10085	3.14951	2.6254	1.57594	0	0	2.10085	3.67309	1.57594	3.67309	3.67309
44.3641	42.0715	43.5688	45.0971	46.365	50.6275	53.3245	54.6045	55.5309	56.387	56.6701	56.7452	56.824	56.6593	55.8963	54.508	53.158	52.085	50.0912	47.7114	45.8551	43.8783	42.0291	40.3658	37.8354	33.5836	32.2111	33.561	30.8963	30.7283	30.5401	30.3834	32.1932	32.6617	33.9583	36.0763	38.0759	39.5776	40.7309	41.7688	42.5279	43.228	43.7834	44.0534	44.3236	44.9364	42.6279	39.2273	37.3563	35.6659	36.9096	37.0333	38.5017	39.9135	41.0015	42.234	43.041	43.285	43.1954	42.3662	41.0159	39.9532	38.8566	37.7437	36.1614	33.9213	32.4567	31.1978	30.4306	29.7757	30.0514	30.2452	30.7744	33.0082	33.076	33.8437	35.5831	35.7567	34.8665	34.5136	34.1576	33.6981	33.5426	32.5793	32.29	32.1957	31.1567	30.8804	31.0104	29.9963	29.6679	29.9982	29.9147	30.1288	30.5749	30.4308	30.5901	30.7837	31.0105	31.4452	31.6022	31.8528	31.95	32.1697	32.528	32.8382	33.023	33.3043	33.8227	34.1154	34.171	34.171	34.2767	34.434	34.5195	34.5195	34.5219	34.6088	34.7875	35.1427	35.9487	37.0821	37.9533	38.6134	39.2486	39.9608	41.27	42.4083	43.2687	44.092	45.4763	47.0981	48.201	49.0037	49.7946	50.8427	51.5003	51.7899	51.99	52.2407	52.5342	52.7689	52.9604	53.1502	53.3993	53.5824	53.6479	53.6479	53.6479	53.7457	53.6436	53.106	52.873	52.878	52.1596	51.935	51.8353	51.7529	51.8475	51.5292	51.6396	52.1064	52.7687	53.3898	53.9271	54.4659	55.0405	55.8706	56.3971	56.7492	57.1399	57.4856	57.7866	57.8935	57.8192	57.7445	57.5544	57.1846	56.7791	56.2198	55.6784	54.9722	53.6348	51.937	50.8872	49.588	47.2732	45.8578	44.2913	42.6373	40.4257	38.4234	38.0909	38.6089	39.8286	39.9962	41.7582	43.2729	44.6575	48.77	48.9951	50.5202	54.1826	56.4575	57.3014	58.3518	59.4668	60.4438	61.9584	62.9686	63.7167	64.8388	65.7234	66.282	67.0031	67.7699	68.2721	68.5511	68.7598	68.8766	68.9464	69.0294	68.9992	68.8635	68.5606	67.8772	67.2227	66.7824	66.3706	65.8988	65.1086	64.6808	64.2917	63.9387	63.6414	63.0598	62.5852	62.3727	62.2028	62.0283	61.851	61.5559	61.2216	60.648	59.9901	59.5532	58.9005	57.9255	57.1302	56.6601	56.2591	56.0227	55.8796	55.647	55.6627	55.8291
43.0057	41.4933	43.0631	44.6423	45.9585	49.4511	52.4031	54.3934	55.4735	56.3057	56.6655	56.7411	56.8199	56.6605	55.8939	54.478	53.149	52.1079	50.3655	47.8494	45.9963	44.0406	42.2831	41.546	39.2386	34.0527	32.4465	33.9878	30.894	30.7754	30.5877	30.2753	31.7535	32.5632	33.8373	35.7763	37.8865	39.5334	40.6889	41.7294	42.5196	43.2335	43.786	44.0534	44.3235	44.2195	41.7861	38.7938	36.8679	35.5923	37.297	37.24	38.69	40.0852	41.0838	42.4164	43.1154	43.3013	43.1744	42.2623	40.9856	39.9211	38.8223	37.6935	35.8827	33.8199	32.3461	30.7903	30.3719	29.8431	30.0818	30.2753	30.9148	33.5192	33.208	33.9955	35.885	35.7134	34.8268	34.473	34.1163	33.6393	33.388	32.5568	32.2494	32.0391	31.1134	30.8558	30.8796	29.9501	29.6449	30.035	29.9501	30.1265	30.6104	30.4483	30.6044	30.7978	31.0273	31.5001	31.6226	31.8518	31.9477	32.1892	32.5417	32.8477	33.0323	33.3274	33.876	34.1239	34.1686	34.1686	34.2827	34.4351	34.5171	34.5171	34.5195	34.6075	34.7839	35.1368	35.9201	37.0298	37.9353	38.5887	39.2248	39.9287	41.1561	42.3798	43.2335	44.0585	45.3444	46.9804	48.1615	48.9664	49.7534	50.7494	51.4859	51.7845	51.9846	52.2329	52.5265	52.7677	52.9592	53.149	53.4073	53.5827	53.6454	53.6454	53.6454	53.7329	53.5887	53.081	52.8545	52.7938	52.1306	51.9242	51.8244	51.7413	51.8302	51.5267	51.6448	52.1335	52.7769	53.3825	53.9027	54.4424	55.0128	55.8029	56.3849	56.7385	57.1294	57.4761	57.7773	57.8896	57.8153	57.7406	57.5333	57.1731	56.7518	56.1912	55.654	54.8313	53.3748	51.8482	50.777	49.1904	47.1781	45.7733	44.1973	42.5324	40.3046	38.4432	38.0884	38.5741	39.5684	39.854	41.3624	42.9154	44.3463	47.7385	48.7261	50.244	53.2901	55.8253	57.1847	58.2575	59.382	60.3762	61.7525	62.9264	63.6884	64.7446	65.7009	66.2656	66.9568	67.7345	68.2624	68.5462	68.7551	68.8746	68.9434	69.0272	68.9951	68.8593	68.5022	67.8131	67.1999	66.7584	66.3481	65.8058	65.0808	64.6571	64.2669	63.9189	63.573	63.0089	62.5735	62.366	62.1884	62.0246	61.8438	61.5485	61.2157	60.6267	59.9817	59.5487	58.9007	57.9351	57.1294	56.6636	56.2628	56.0226	55.8902	55.6488	55.654	55.8204
25.489	13.4074	12.9093	12.9093	9.88141	15.3785	11.4034	5.75875	3.67201	5.75875	2.10023	1.57548	1.57548	2.10023	3.67201	3.67201	2.10023	4.71695	13.4074	8.8587	8.34517	8.34517	10.3904	21.9689	23.7528	12.4093	10.3904	18.7379	8.8587	8.8587	8.8587	5.23828	6.79674	1.57548	1.05047	2.10023	0.525278	0.525278	0	0	0.525278	2.10023	1.57548	1.05047	1.05047	11.9073	11.9073	7.31411	7.31411	7.83028	15.8657	8.34517	8.34517	8.34517	6.27826	10.3904	8.34517	4.19483	1.57548	1.05047	0.525278	0.525278	0.525278	0	0.525278	0.525278	0.525278	3.67201	9.37081	6.27826	5.75875	5.75875	7.31411	14.889	7.83028	7.83028	13.4074	9.37081	3.67201	3.67201	3.67201	3.14858	6.79674	3.67201	3.14858	6.27826	3.14858	3.67201	6.79674	3.14858	3.14858	6.79674	3.67201	3.14858	6.79674	3.67201	3.14858	3.14858	3.67201	5.75875	2.62463	0.525278	0.525278	2.62463	2.10023	2.62463	2.62463	3.14858	4.71695	2.62463	1.05047	1.05047	2.10023	1.05047	0	0	0.525278	0.525278	0	0.525278	0.525278	0	0	0.525278	0.525278	0.525278	0.525278	0	0.525278	0.525278	1.05047	1.05047	1.05047	1.05047	1.57548	2.62463	1.05047	0.525278	0.525278	0.525278	0.525278	1.05047	1.05047	1.05047	3.67201	2.62463	3.67201	3.67201	3.67201	8.34517	9.88141	5.23828	5.75875	11.4034	5.75875	5.75875	5.75875	6.27826	10.3904	4.19483	2.62463	5.23828	3.14858	0.525278	1.57548	1.57548	1.57548	3.14858	1.57548	0.525278	0.525278	1.05047	1.05047	1.57548	1.57548	1.57548	3.14858	1.57548	2.10023	2.10023	2.10023	4.71695	6.27826	3.67201	3.67201	5.75875	2.10023	0	0	0	2.62463	2.62463	4.71695	8.8587	11.4034	7.31411	9.37081	9.37081	8.8587	16.833	8.34517	7.83028	14.889	12.9093	5.75875	3.14858	3.14858	3.67201	5.23828	1.57548	0.525278	1.05047	0.525278	0.525278	1.57548	1.57548	0.525278	0.525278	0.525278	0.525278	1.05047	0.525278	1.57548	1.57548	7.31411	7.31411	3.67201	3.67201	4.71695	8.8587	4.19483	4.71695	4.71695	5.23828	10.3904	8.8587	3.67201	2.10023	4.71695	2.62463	0.525278	0.525278	0.525278	1.05047	0.525278	1.05047	3.67201	4.71695	2.10023	2.62463	2.62463	2.62463	5.23828	2.62463	2.62463	2.62463
25.487	13.4062	12.9082	12.9082	9.88052	15.3772	11.4024	5.75823	3.67168	5.75823	2.10004	1.57534	1.57534	2.10004	3.67168	3.67168	2.10004	4.71652	13.4062	8.85791	8.34441	8.34441	10.3895	21.9671	23.7508	12.4082	10.3895	18.7363	8.85791	8.85791	8.85791	5.23781	6.79613	1.57534	1.05037	2.10004	0.52523	0.52523	0	0	0.52523	2.10004	1.57534	1.05037	1.05037	11.9062	11.9062	7.31344	7.31344	7.82957	15.8643	8.34441	8.34441	8.34441	6.27769	10.3895	8.34441	4.19445	1.57534	1.05037	0.52523	0.52523	0.52523	0	0.52523	0.52523	0.52523	3.67168	9.36997	6.27769	5.75823	5.75823	7.31344	14.8877	7.82957	7.82957	13.4062	9.36997	3.67168	3.67168	3.67168	3.1483	6.79613	3.67168	3.1483	6.27769	3.1483	3.67168	6.79613	3.1483	3.1483	6.79613	3.67168	3.1483	6.79613	3.67168	3.1483	3.1483	3.67168	5.75823	2.62439	0.52523	0.52523	2.62439	2.10004	2.62439	2.62439	3.1483	4.71652	2.62439	1.05037	1.05037	2.10004	1.05037	0	0	0.52523	0.52523	0	0.52523	0.52523	0	0	0.52523	0.52523	0.52523	0.52523	0	0.52523	0.52523	1.05037	1.05037	1.05037	1.05037	1.57534	2.62439	1.05037	0.52523	0.52523	0.52523	0.52523	1.05037	1.05037	1.05037	3.67168	2.62439	3.67168	3.67168	3.67168	8.34441	9.88052	5.23781	5.75823	11.4024	5.75823	5.75823	5.75823	6.27769	10.3895	4.19445	2.62439	5.23781	3.1483	0.52523	1.57534	1.57534	1.57534	3.1483	1.57534	0.52523	0.52523	1.05037	1.05037	1.57534	1.57534	1.57534	3.1483	1.57534	2.10004	2.10004	2.10004	4.71652	6.27769	3.67168	3.67168	5.75823	2.10004	0	0	0	2.62439	2.62439	4.71652	8.85791	11.4024	7.31344	9.36997	9.36997	8.85791	16.8316	8.34441	7.82957	14.8877	12.9082	5.75823	3.1483	3.1483	3.67168	5.23781	1.57534	0.52523	1.05037	0.52523	0.52523	1.57534	1.57534	0.52523	0.52523	0.52523	0.52523	1.05037	0.52523	1.57534	1.57534	7.31344	7.31344	3.67168	3.67168	4.71652	8.85791	4.19445	4.71652	4.71652	5.23781	10.3895	8.85791	3.67168	2.10004	4.71652	2.62439	0.52523	0.52523	0.52523	1.05037	0.52523	1.05037	3.67168	4.71652	2.10004	2.62439	2.62439	2.62439	5.23781	2.62439	2.62439	2.62439
25.485	13.405	12.9071	12.9071	9.87964	15.3758	11.4014	5.7577	3.67134	5.7577	2.09985	1.57519	1.57519	2.09985	3.67134	3.67134	2.09985	4.71609	13.405	8.85711	8.34366	8.34366	10.3886	21.9653	23.7489	12.4071	10.3886	18.7347	8.85711	8.85711	8.85711	5.23733	6.79551	1.57519	1.05028	2.09985	0.525182	0.525182	0	0	0.525182	2.09985	1.57519	1.05028	1.05028	11.9052	11.9052	7.31278	7.31278	7.82886	15.863	8.34366	8.34366	8.34366	6.27712	10.3886	8.34366	4.19406	1.57519	1.05028	0.525182	0.525182	0.525182	0	0.525182	0.525182	0.525182	3.67134	9.36912	6.27712	5.7577	5.7577	7.31278	14.8864	7.82886	7.82886	13.405	9.36912	3.67134	3.67134	3.67134	3.14801	6.79551	3.67134	3.14801	6.27712	3.14801	3.67134	6.79551	3.14801	3.14801	6.79551	3.67134	3.14801	6.79551	3.67134	3.14801	3.14801	3.67134	5.7577	2.62415	0.525182	0.525182	2.62415	2.09985	2.62415	2.62415	3.14801	4.71609	2.62415	1.05028	1.05028	2.09985	1.05028	0	0	0.525182	0.525182	0	0.525182	0.525182	0	0	0.525182	0.525182	0.525182	0.525182	0	0.525182	0.525182	1.05028	1.05028	1.05028	1.05028	1.57519	2.62415	1.05028	0.525182	0.525182	0.525182	0.525182	1.05028	1.05028	1.05028	3.67134	2.62415	3.67134	3.67134	3.67134	8.34366	9.87964	5.23733	5.7577	11.4014	5.7577	5.7577	5.7577	6.27712	10.3886	4.19406	2.62415	5.23733	3.14801	0.525182	1.57519	1.57519	1.57519	3.14801	1.57519	0.525182	0.525182	1.05028	1.05028	1.57519	1.57519	1.57519	3.14801	1.57519	2.09985	2.09985	2.09985	4.71609	6.27712	3.67134	3.67134	5.7577	2.09985	0	0	0	2.62415	2.62415	4.71609	8.85711	11.4014	7.31278	9.36912	9.36912	8.85711	16.8301	8.34366	7.82886	14.8864	12.9071	5.7577	3.14801	3.14801	3.67134	5.23733	1.57519	0.525182	1.05028	0.525182	0.525182	1.57519	1.57519	0.525182	0.525182	0.525182	0.525182	1.05028	0.525182	1.57519	1.57519	7.31278	7.31278	3.67134	3.67134	4.71609	8.85711	4.19406	4.71609	4.71609	5.23733	10.3886	8.85711	3.67134	2.09985	4.71609	2.62415	0.525182	0.525182	0.525182	1.05028	0.525182	1.05028	3.67134	4.71609	2.09985	2.62415	2.62415	2.62415	5.23733	2.62415	2.62415	2.62415
25.4829	13.4039	12.9059	12.9059	9.87875	15.3745	11.4004	5.75718	3.67101	5.75718	2.09965	1.57505	1.57505	2.09965	3.67101	3.67101	2.09965	4.71566	13.4039	8.85631	8.3429	8.3429	10.3876	21.9635	23.747	12.406	10.3876	18.7331	8.85631	8.85631	8.85631	5.23685	6.79489	1.57505	1.05018	2.09965	0.525134	0.525134	0	0	0.525134	2.09965	1.57505	1.05018	1.05018	11.9041	11.9041	7.31212	7.31212	7.82815	15.8616	8.3429	8.3429	8.3429	6.27655	10.3876	8.3429	4.19368	1.57505	1.05018	0.525134	0.525134	0.525134	0	0.525134	0.525134	0.525134	3.67101	9.36828	6.27655	5.75718	5.75718	7.31212	14.8851	7.82815	7.82815	13.4039	9.36828	3.67101	3.67101	3.67101	3.14772	6.79489	3.67101	3.14772	6.27655	3.14772	3.67101	6.79489	3.14772	3.14772	6.79489	3.67101	3.14772	6.79489	3.67101	3.14772	3.14772	3.67101	5.75718	2.62391	0.525134	0.525134	2.62391	2.09965	2.62391	2.62391	3.14772	4.71566	2.62391	1.05018	1.05018	2.09965	1.05018	0	0	0.525134	0.525134	0	0.525134	0.525134	0	0	0.525134	0.525134	0.525134	0.525134	0	0.525134	0.525134	1.05018	1.05018	1.05018	1.05018	1.57505	2.62391	1.05018	0.525134	0.525134	0.525134	0.525134	1.05018	1.05018	1.05018	3.67101	2.62391	3.67101	3.67101	3.67101	8.3429	9.87875	5.23685	5.75718	11.4004	5.75718	5.75718	5.75718	6.27655	10.3876	4.19368	2.62391	5.23685	3.14772	0.525134	1.57505	1.57505	1.57505	3.14772	1.57505	0.525134	0.525134	1.05018	1.05018	1.57505	1.57505	1.57505	3.14772	1.57505	2.09965	2.09965	2.09965	4.71566	6.27655	3.67101	3.67101	5.75718	2.09965	0	0	0	2.62391	2.62391	4.71566	8.85631	11.4004	7.31212	9.36828	9.36828	8.85631	16.8287	8.3429	7.82815	14.8851	12.9059	5.75718	3.14772	3.14772	3.67101	5.23685	1.57505	0.525134	1.05018	0.525134	0.525134	1.57505	1.57505	0.525134	0.525134	0.525134	0.525134	1.05018	0.525134	1.57505	1.57505	7.31212	7.31212	3.67101	3.67101	4.71566	8.85631	4.19368	4.71566	4.71566	5.23685	10.3876	8.85631	3.67101	2.09965	4.71566	2.62391	0.525134	0.525134	0.525134	1.05018	0.525134	1.05018	3.67101	4.71566	2.09965	2.62391	2.62391	2.62391	5.23685	2.62391	2.62391	2.62391
25.4809	13.4027	12.9048	12.9048	9.87786	15.3732	11.3994	5.75665	3.67067	5.75665	2.09946	1.5749	1.5749	2.09946	3.67067	3.67067	2.09946	4.71523	13.4027	8.85551	8.34215	8.34215	10.3867	21.9617	23.745	12.4049	10.3867	18.7315	8.85551	8.85551	8.85551	5.23637	6.79428	1.5749	1.05008	2.09946	0.525085	0.525085	0	0	0.525085	2.09946	1.5749	1.05008	1.05008	11.9031	11.9031	7.31146	7.31146	7.82744	15.8602	8.34215	8.34215	8.34215	6.27598	10.3867	8.34215	4.1933	1.5749	1.05008	0.525085	0.525085	0.525085	0	0.525085	0.525085	0.525085	3.67067	9.36744	6.27598	5.75665	5.75665	7.31146	14.8838	7.82744	7.82744	13.4027	9.36744	3.67067	3.67067	3.67067	3.14743	6.79428	3.67067	3.14743	6.27598	3.14743	3.67067	6.79428	3.14743	3.14743	6.79428	3.67067	3.14743	6.79428	3.67067	3.14743	3.14743	3.67067	5.75665	2.62367	0.525085	0.525085	2.62367	2.09946	2.62367	2.62367	3.14743	4.71523	2.62367	1.05008	1.05008	2.09946	1.05008	0	0	0.525085	0.525085	0	0.525085	0.525085	0	0	0.525085	0.525085	0.525085	0.525085	0	0.525085	0.525085	1.05008	1.05008	1.05008	1.05008	1.5749	2.62367	1.05008	0.525085	0.525085	0.525085	0.525085	1.05008	1.05008	1.05008	3.67067	2.62367	3.67067	3.67067	3.67067	8.34215	9.87786	5.23637	5.75665	11.3994	5.75665	5.75665	5.75665	6.27598	10.3867	4.1933	2.62367	5.23637	3.14743	0.525085	1.5749	1.5749	1.5749	3.14743	1.5749	0.525085	0.525085	1.05008	1.05008	1.5749	1.5749	1.5749	3.14743	1.5749	2.09946	2.09946	2.09946	4.71523	6.27598	3.67067	3.67067	5.75665	2.09946	0	0	0	2.62367	2.62367	4.71523	8.85551	11.3994	7.31146	9.36744	9.36744	8.85551	16.8272	8.34215	7.82744	14.8838	12.9048	5.75665	3.14743	3.14743	3.67067	5.23637	1.5749	0.525085	1.05008	0.525085	0.525085	1.5749	1.5749	0.525085	0.525085	0.525085	0.525085	1.05008	0.525085	1.5749	1.5749	7.31146	7.31146	3.67067	3.67067	4.71523	8.85551	4.1933	4.71523	4.71523	5.23637	10.3867	8.85551	3.67067	2.09946	4.71523	2.62367	0.525085	0.525085	0.525085	1.05008	0.525085	1.05008	3.67067	4.71523	2.09946	2.62367	2.62367	2.62367	5.23637	2.62367	2.62367	2.62367
25.4784	13.4013	12.9034	12.9034	9.8768	15.3715	11.3982	5.75602	3.67027	5.75602	2.09923	1.57473	1.57473	2.09923	3.67027	3.67027	2.09923	4.71471	13.4013	8.85455	8.34125	8.34125	10.3856	21.9595	23.7427	12.4036	10.3856	18.7296	8.85455	8.85455	8.85455	5.2358	6.79354	1.57473	1.04997	2.09923	0.525028	0.525028	0	0	0.525028	2.09923	1.57473	1.04997	1.04997	11.9018	11.9018	7.31066	7.31066	7.82659	15.8585	8.34125	8.34125	8.34125	6.2753	10.3856	8.34125	4.19284	1.57473	1.04997	0.525028	0.525028	0.525028	0	0.525028	0.525028	0.525028	3.67027	9.36643	6.2753	5.75602	5.75602	7.31066	14.8823	7.82659	7.82659	13.4013	9.36643	3.67027	3.67027	3.67027	3.14709	6.79354	3.67027	3.14709	6.2753	3.14709	3.67027	6.79354	3.14709	3.14709	6.79354	3.67027	3.14709	6.79354	3.67027	3.14709	3.14709	3.67027	5.75602	2.62338	0.525028	0.525028	2.62338	2.09923	2.62338	2.62338	3.14709	4.71471	2.62338	1.04997	1.04997	2.09923	1.04997	0	0	0.525028	0.525028	0	0.525028	0.525028	0	0	0.525028	0.525028	0.525028	0.525028	0	0.525028	0.525028	1.04997	1.04997	1.04997	1.04997	1.57473	2.62338	1.04997	0.525028	0.525028	0.525028	0.525028	1.04997	1.04997	1.04997	3.67027	2.62338	3.67027	3.67027	3.67027	8.34125	9.8768	5.2358	5.75602	11.3982	5.75602	5.75602	5.75602	6.2753	10.3856	4.19284	2.62338	5.2358	3.14709	0.525028	1.57473	1.57473	1.57473	3.14709	1.57473	0.525028	0.525028	1.04997	1.04997	1.57473	1.57473	1.57473	3.14709	1.57473	2.09923	2.09923	2.09923	4.71471	6.2753	3.67027	3.67027	5.75602	2.09923	0	0	0	2.62338	2.62338	4.71471	8.85455	11.3982	7.31066	9.36643	9.36643	8.85455	16.8255	8.34125	7.82659	14.8823	12.9034	5.75602	3.14709	3.14709	3.67027	5.2358	1.57473	0.525028	1.04997	0.525028	0.525028	1.57473	1.57473	0.525028	0.525028	0.525028	0.525028	1.04997	0.525028	1.57473	1.57473	7.31066	7.31066	3.67027	3.67027	4.71471	8.85455	4.19284	4.71471	4.71471	5.2358	10.3856	8.85455	3.67027	2.09923	4.71471	2.62338	0.525028	0.525028	0.525028	1.04997	0.525028	1.04997	3.67027	4.71471	2.09923	2.62338	2.62338	2.62338	5.2358	2.62338	2.62338	2.62338
25.4764	13.4001	12.9023	12.9023	9.87591	15.3702	11.3971	5.7555	3.66993	5.7555	2.09904	1.57459	1.57459	2.09904	3.66993	3.66993	2.09904	4.71428	13.4001	8.85375	8.34049	8.34049	10.3847	21.9577	23.7408	12.4025	10.3847	18.728	8.85375	8.85375	8.85375	5.23532	6.79292	1.57459	1.04987	2.09904	0.52498	0.52498	0	0	0.52498	2.09904	1.57459	1.04987	1.04987	11.9007	11.9007	7.31	7.31	7.82588	15.8572	8.34049	8.34049	8.34049	6.27473	10.3847	8.34049	4.19246	1.57459	1.04987	0.52498	0.52498	0.52498	0	0.52498	0.52498	0.52498	3.66993	9.36558	6.27473	5.7555	5.7555	7.31	14.881	7.82588	7.82588	13.4001	9.36558	3.66993	3.66993	3.66993	3.1468	6.79292	3.66993	3.1468	6.27473	3.1468	3.66993	6.79292	3.1468	3.1468	6.79292	3.66993	3.1468	6.79292	3.66993	3.1468	3.1468	3.66993	5.7555	2.62314	0.52498	0.52498	2.62314	2.09904	2.62314	2.62314	3.1468	4.71428	2.62314	1.04987	1.04987	2.09904	1.04987	0	0	0.52498	0.52498	0	0.52498	0.52498	0	0	0.52498	0.52498	0.52498	0.52498	0	0.52498	0.52498	1.04987	1.04987	1.04987	1.04987	1.57459	2.62314	1.04987	0.52498	0.52498	0.52498	0.52498	1.04987	1.04987	1.04987	3.66993	2.62314	3.66993	3.66993	3.66993	8.34049	9.87591	5.23532	5.7555	11.3971	5.7555	5.7555	5.7555	6.27473	10.3847	4.19246	2.62314	5.23532	3.1468	0.52498	1.57459	1.57459	1.57459	3.1468	1.57459	0.52498	0.52498	1.04987	1.04987	1.57459	1.57459	1.57459	3.1468	1.57459	2.09904	2.09904	2.09904	4.71428	6.27473	3.66993	3.66993	5.7555	2.09904	0	0	0	2.62314	2.62314	4.71428	8.85375	11.3971	7.31	9.36558	9.36558	8.85375	16.824	8.34049	7.82588	14.881	12.9023	5.7555	3.1468	3.1468	3.66993	5.23532	1.57459	0.52498	1.04987	0.52498	0.52498	1.57459	1.57459	0.52498	0.52498	0.52498	0.52498	1.04987	0.52498	1.57459	1.57459	7.31	7.31	3.66993	3.66993	4.71428	8.85375	4.19246	4.71428	4.71428	5.23532	10.3847	8.85375	3.66993	2.09904	4.71428	2.62314	0.52498	0.52498	0.52498	1.04987	0.52498	1.04987	3.66993	4.71428	2.09904	2.62314	2.62314	2.62314	5.23532	2.62314	2.62314	2.62314
25.4743	13.3989	12.9011	12.9011	9.87502	15.3689	11.3961	5.75498	3.6696	5.75498	2.09885	1.57444	1.57444	2.09885	3.6696	3.6696	2.09885	4.71385	13.3989	8.85295	8.33974	8.33974	10.3837	21.9558	23.7388	12.4013	10.3837	18.7264	8.85295	8.85295	8.85295	5.23485	6.7923	1.57444	1.04977	2.09885	0.524932	0.524932	0	0	0.524932	2.09885	1.57444	1.04977	1.04977	11.8997	11.8997	7.30933	7.30933	7.82517	15.8558	8.33974	8.33974	8.33974	6.27416	10.3837	8.33974	4.19207	1.57444	1.04977	0.524932	0.524932	0.524932	0	0.524932	0.524932	0.524932	3.6696	9.36474	6.27416	5.75498	5.75498	7.30933	14.8797	7.82517	7.82517	13.3989	9.36474	3.6696	3.6696	3.6696	3.14651	6.7923	3.6696	3.14651	6.27416	3.14651	3.6696	6.7923	3.14651	3.14651	6.7923	3.6696	3.14651	6.7923	3.6696	3.14651	3.14651	3.6696	5.75498	2.6229	0.524932	0.524932	2.6229	2.09885	2.6229	2.6229	3.14651	4.71385	2.6229	1.04977	1.04977	2.09885	1.04977	0	0	0.524932	0.524932	0	0.524932	0.524932	0	0	0.524932	0.524932	0.524932	0.524932	0	0.524932	0.524932	1.04977	1.04977	1.04977	1.04977	1.57444	2.6229	1.04977	0.524932	0.524932	0.524932	0.524932	1.04977	1.04977	1.04977	3.6696	2.6229	3.6696	3.6696	3.6696	8.33974	9.87502	5.23485	5.75498	11.3961	5.75498	5.75498	5.75498	6.27416	10.3837	4.19207	2.6229	5.23485	3.14651	0.524932	1.57444	1.57444	1.57444	3.14651	1.57444	0.524932	0.524932	1.04977	1.04977	1.57444	1.57444	1.57444	3.14651	1.57444	2.09885	2.09885	2.09885	4.71385	6.27416	3.6696	3.6696	5.75498	2.09885	0	0	0	2.6229	2.6229	4.71385	8.85295	11.3961	7.30933	9.36474	9.36474	8.85295	16.8226	8.33974	7.82517	14.8797	12.9011	5.75498	3.14651	3.14651	3.6696	5.23485	1.57444	0.524932	1.04977	0.524932	0.524932	1.57444	1.57444	0.524932	0.524932	0.524932	0.524932	1.04977	0.524932	1.57444	1.57444	7.30933	7.30933	3.6696	3.6696	4.71385	8.85295	4.19207	4.71385	4.71385	5.23485	10.3837	8.85295	3.6696	2.09885	4.71385	2.6229	0.524932	0.524932	0.524932	1.04977	0.524932	1.04977	3.6696	4.71385	2.09885	2.6229	2.6229	2.6229	5.23485	2.6229	2.6229	2.6229
25.4723	13.3977	12.9	12.9	9.87414	15.3675	11.3951	5.75445	3.66926	5.75445	2.09865	1.5743	1.5743	2.09865	3.66926	3.66926	2.09865	4.71342	13.3977	8.85216	8.33899	8.33899	10.3828	21.954	23.7369	12.4002	10.3828	18.7248	8.85216	8.85216	8.85216	5.23437	6.79169	1.5743	1.04968	2.09865	0.524883	0.524883	0	0	0.524883	2.09865	1.5743	1.04968	1.04968	11.8986	11.8986	7.30867	7.30867	7.82447	15.8544	8.33899	8.33899	8.33899	6.27359	10.3828	8.33899	4.19169	1.5743	1.04968	0.524883	0.524883	0.524883	0	0.524883	0.524883	0.524883	3.66926	9.3639	6.27359	5.75445	5.75445	7.30867	14.8783	7.82447	7.82447	13.3977	9.3639	3.66926	3.66926	3.66926	3.14622	6.79169	3.66926	3.14622	6.27359	3.14622	3.66926	6.79169	3.14622	3.14622	6.79169	3.66926	3.14622	6.79169	3.66926	3.14622	3.14622	3.66926	5.75445	2.62266	0.524883	0.524883	2.62266	2.09865	2.62266	2.62266	3.14622	4.71342	2.62266	1.04968	1.04968	2.09865	1.04968	0	0	0.524883	0.524883	0	0.524883	0.524883	0	0	0.524883	0.524883	0.524883	0.524883	0	0.524883	0.524883	1.04968	1.04968	1.04968	1.04968	1.5743	2.62266	1.04968	0.524883	0.524883	0.524883	0.524883	1.04968	1.04968	1.04968	3.66926	2.62266	3.66926	3.66926	3.66926	8.33899	9.87414	5.23437	5.75445	11.3951	5.75445	5.75445	5.75445	6.27359	10.3828	4.19169	2.62266	5.23437	3.14622	0.524883	1.5743	1.5743	1.5743	3.14622	1.5743	0.524883	0.524883	1.04968	1.04968	1.5743	1.5743	1.5743	3.14622	1.5743	2.09865	2.09865	2.09865	4.71342	6.27359	3.66926	3.66926	5.75445	2.09865	0	0	0	2.62266	2.62266	4.71342	8.85216	11.3951	7.30867	9.3639	9.3639	8.85216	16.8211	8.33899	7.82447	14.8783	12.9	5.75445	3.14622	3.14622	3.66926	5.23437	1.5743	0.524883	1.04968	0.524883	0.524883	1.5743	1.5743	0.524883	0.524883	0.524883	0.524883	1.04968	0.524883	1.5743	1.5743	7.30867	7.30867	3.66926	3.66926	4.71342	8.85216	4.19169	4.71342	4.71342	5.23437	10.3828	8.85216	3.66926	2.09865	4.71342	2.62266	0.524883	0.524883	0.524883	1.04968	0.524883	1.04968	3.66926	4.71342	2.09865	2.62266	2.62266	2.62266	5.23437	2.62266	2.62266	2.62266
25.4703	13.3965	12.8988	12.8988	9.87325	15.3662	11.3941	5.75393	3.66893	5.75393	2.09846	1.57415	1.57415	2.09846	3.66893	3.66893	2.09846	4.71299	13.3965	8.85136	8.33823	8.33823	10.3819	21.9522	23.735	12.3991	10.3819	18.7232	8.85136	8.85136	8.85136	5.23389	6.79107	1.57415	1.04958	2.09846	0.524835	0.524835	0	0	0.524835	2.09846	1.57415	1.04958	1.04958	11.8975	11.8975	7.30801	7.30801	7.82376	15.853	8.33823	8.33823	8.33823	6.27302	10.3819	8.33823	4.19131	1.57415	1.04958	0.524835	0.524835	0.524835	0	0.524835	0.524835	0.524835	3.66893	9.36305	6.27302	5.75393	5.75393	7.30801	14.877	7.82376	7.82376	13.3965	9.36305	3.66893	3.66893	3.66893	3.14594	6.79107	3.66893	3.14594	6.27302	3.14594	3.66893	6.79107	3.14594	3.14594	6.79107	3.66893	3.14594	6.79107	3.66893	3.14594	3.14594	3.66893	5.75393	2.62242	0.524835	0.524835	2.62242	2.09846	2.62242	2.62242	3.14594	4.71299	2.62242	1.04958	1.04958	2.09846	1.04958	0	0	0.524835	0.524835	0	0.524835	0.524835	0	0	0.524835	0.524835	0.524835	0.524835	0	0.524835	0.524835	1.04958	1.04958	1.04958	1.04958	1.57415	2.62242	1.04958	0.524835	0.524835	0.524835	0.524835	1.04958	1.04958	1.04958	3.66893	2.62242	3.66893	3.66893	3.66893	8.33823	9.87325	5.23389	5.75393	11.3941	5.75393	5.75393	5.75393	6.27302	10.3819	4.19131	2.62242	5.23389	3.14594	0.524835	1.57415	1.57415	1.57415	3.14594	1.57415	0.524835	0.524835	1.04958	1.04958	1.57415	1.57415	1.57415	3.14594	1.57415	2.09846	2.09846	2.09846	4.71299	6.27302	3.66893	3.66893	5.75393	2.09846	0	0	0	2.62242	2.62242	4.71299	8.85136	11.3941	7.30801	9.36305	9.36305	8.85136	16.8196	8.33823	7.82376	14.877	12.8988	5.75393	3.14594	3.14594	3.66893	5.23389	1.57415	0.524835	1.04958	0.524835	0.524835	1.57415	1.57415	0.524835	0.524835	0.524835	0.524835	1.04958	0.524835	1.57415	1.57415	7.30801	7.30801	3.66893	3.66893	4.71299	8.85136	4.19131	4.71299	4.71299	5.23389	10.3819	8.85136	3.66893	2.09846	4.71299	2.62242	0.524835	0.524835	0.524835	1.04958	0.524835	1.04958	3.66893	4.71299	2.09846	2.62242	2.62242	2.62242	5.23389	2.62242	2.62242	2.62242
25.4678	13.3951	12.8975	12.8975	9.87219	15.3646	11.3929	5.7533	3.66853	5.7533	2.09823	1.57398	1.57398	2.09823	3.66853	3.66853	2.09823	4.71248	13.3951	8.8504	8.33733	8.33733	10.3808	21.95	23.7326	12.3978	10.3808	18.7213	8.8504	8.8504	8.8504	5.23332	6.79033	1.57398	1.04947	2.09823	0.524778	0.524778	0	0	0.524778	2.09823	1.57398	1.04947	1.04947	11.8963	11.8963	7.30722	7.30722	7.82291	15.8514	8.33733	8.33733	8.33733	6.27233	10.3808	8.33733	4.19085	1.57398	1.04947	0.524778	0.524778	0.524778	0	0.524778	0.524778	0.524778	3.66853	9.36204	6.27233	5.7533	5.7533	7.30722	14.8755	7.82291	7.82291	13.3951	9.36204	3.66853	3.66853	3.66853	3.14559	6.79033	3.66853	3.14559	6.27233	3.14559	3.66853	6.79033	3.14559	3.14559	6.79033	3.66853	3.14559	6.79033	3.66853	3.14559	3.14559	3.66853	5.7533	2.62213	0.524778	0.524778	2.62213	2.09823	2.62213	2.62213	3.14559	4.71248	2.62213	1.04947	1.04947	2.09823	1.04947	0	0	0.524778	0.524778	0	0.524778	0.524778	0	0	0.524778	0.524778	0.524778	0.524778	0	0.524778	0.524778	1.04947	1.04947	1.04947	1.04947	1.57398	2.62213	1.04947	0.524778	0.524778	0.524778	0.524778	1.04947	1.04947	1.04947	3.66853	2.62213	3.66853	3.66853	3.66853	8.33733	9.87219	5.23332	5.7533	11.3929	5.7533	5.7533	5.7533	6.27233	10.3808	4.19085	2.62213	5.23332	3.14559	0.524778	1.57398	1.57398	1.57398	3.14559	1.57398	0.524778	0.524778	1.04947	1.04947	1.57398	1.57398	1.57398	3.14559	1.57398	2.09823	2.09823	2.09823	4.71248	6.27233	3.66853	3.66853	5.7533	2.09823	0	0	0	2.62213	2.62213	4.71248	8.8504	11.3929	7.30722	9.36204	9.36204	8.8504	16.8179	8.33733	7.82291	14.8755	12.8975	5.7533	3.14559	3.14559	3.66853	5.23332	1.57398	0.524778	1.04947	0.524778	0.524778	1.57398	1.57398	0.524778	0.524778	0.524778	0.524778	1.04947	0.524778	1.57398	1.57398	7.30722	7.30722	3.66853	3.66853	4.71248	8.8504	4.19085	4.71248	4.71248	5.23332	10.3808	8.8504	3.66853	2.09823	4.71248	2.62213	0.524778	0.524778	0.524778	1.04947	0.524778	1.04947	3.66853	4.71248	2.09823	2.62213	2.62213	2.62213	5.23332	2.62213	2.62213	2.62213
29.0599	20.0393	19.352	18.9944	17.0527	20.7669	19.2404	17.4516	17.4543	18.2724	17.5142	17.4899	17.7272	17.3601	15.7683	12.9132	10.3183	8.91941	11.2317	7.09122	7.88218	10.3356	14.3922	24.6941	31.2749	33.0033	35.9	41.0894	43.9481	46.2834	48.4373	50.1176	52.038	53.5373	54.3102	55.3969	56.7495	57.6344	58.1882	58.762	59.3193	60.0706	60.699	61.1003	61.5235	61.8789	61.8789	61.7521	61.6934	61.5476	61.3146	60.6348	60.2529	59.8618	59.353	58.5397	57.1959	56.0791	55.483	54.926	54.4455	54.1332	53.7698	53.4907	53.2571	53.0688	52.9739	52.7584	52.2738	51.4272	50.8491	50.3217	49.6601	48.691	46.7227	45.6681	44.5755	42.3824	40.8546	40.0156	39.0813	38.4445	38.2673	37.7442	37.6436	37.7606	37.3908	37.1607	36.9644	36.3863	36.2163	36.1274	35.4629	35.2749	35.4732	35.0345	34.8299	34.6532	34.5055	34.7975	35.7614	37.2601	38.6486	40.3769	41.4325	41.7333	41.8789	41.9639	41.9515	41.5727	41.1792	40.8045	40.1289	39.4237	39.0277	38.7096	38.3076	37.8197	37.5732	37.5751	37.6585	38.0663	38.6302	39.1853	39.8102	40.5	41.5477	42.4881	43.1923	44.0177	45.0836	46.3622	47.2238	47.7035	48.1774	48.7616	49.2046	49.3152	49.3152	49.4258	49.6468	49.8153	49.9243	50.0878	50.2871	50.2626	50.1176	49.9011	49.6251	49.2148	48.382	47.3612	46.7071	45.8866	44.401	43.5148	42.5374	41.5583	40.4439	38.7126	38.0174	37.3861	36.5441	36.2332	36.4146	36.7528	37.088	37.6995	38.317	38.6302	38.79	39.1092	39.5799	39.7456	39.5902	39.3535	38.9137	38.3998	38.0031	37.5115	37.1002	36.5197	35.3215	33.939	32.93	31.7644	30.6097	30.3779	30.3779	30.4756	31.0977	31.9596	32.916	34.6311	36.9452	38.4047	40.2515	42.1586	43.8645	46.7332	48.1669	49.4401	51.5532	53.4651	54.6178	55.3218	55.9074	56.4804	57.2349	57.8566	58.1865	58.6187	59.0404	59.2818	59.5879	59.9213	60.0841	60.1816	60.3108	60.4709	60.724	60.9421	60.9439	60.8197	60.3477	59.4247	58.7016	58.2717	57.8035	57.1064	56.2867	55.7164	55.0395	54.3478	53.3224	51.7277	50.5352	50.0374	49.5265	48.8787	48.5792	48.4641	48.4068	48.4096	48.4068	48.4096	48.6693	49.3048	49.82	50.1515	50.4724	50.8397	51.4945	52.0617	52.4548	52.8409
28.219	19.4687	19.0551	18.69	16.9181	21.1048	20.1317	17.7085	17.5636	18.3461	17.4884	17.5127	17.7496	17.3025	15.6083	12.8471	10.2725	8.28998	6.10988	3.49583	5.29721	8.56565	12.5721	20.0791	27.7352	32.2679	35.4604	39.9768	43.7582	46.1219	48.299	50.0803	52.011	53.5432	54.3171	55.4353	56.8	57.6458	58.1991	58.7722	59.3318	60.1213	60.7084	61.11	61.5327	61.8767	61.8767	61.746	61.6873	61.53	61.2333	60.6072	60.2242	59.8321	59.327	58.4588	57.1361	56.0608	55.4792	54.9324	54.4474	54.1379	53.7747	53.4894	53.2555	53.0659	52.971	52.7425	52.1864	51.3844	50.8134	50.2845	49.5889	48.3638	46.6192	45.5643	44.2253	42.1715	40.8162	39.9726	39.0359	38.4233	38.1998	37.729	37.6411	37.7358	37.3774	37.134	36.8914	36.3722	36.2021	36.0507	35.4335	35.2724	35.4427	35.0171	34.8146	34.6378	34.4876	34.8509	36.0107	37.3374	38.7365	40.5893	41.4552	41.739	41.8845	41.9613	41.9363	41.5542	41.1735	40.7995	40.1163	39.4185	39.0288	38.7107	38.3079	37.8201	37.5706	37.5726	37.6589	38.0789	38.6359	39.1898	39.8144	40.5096	41.5928	42.4968	43.206	44.0305	45.1168	46.3923	47.2212	47.7009	48.1709	48.748	49.2002	49.3126	49.3126	49.4232	49.6442	49.8149	49.9238	50.0902	50.2906	50.2564	50.1051	49.8885	49.6083	49.1346	48.2559	47.3205	46.6533	45.6655	44.3382	43.4421	42.4599	41.4651	40.1646	38.6598	37.9949	37.3	36.5133	36.2307	36.4036	36.742	37.0774	37.6628	38.306	38.6268	38.7865	39.1039	39.5747	39.7388	39.5833	39.3439	38.8823	38.3898	37.9863	37.4942	37.0855	36.4416	35.1659	33.8812	32.8648	31.6042	30.5893	30.3756	30.3756	30.4748	31.0588	31.924	32.8283	34.3435	36.5083	38.2422	39.9997	41.9363	43.6893	46.195	48.0534	49.3433	51.2551	53.2718	54.5809	55.3099	55.896	56.4661	57.2108	57.8532	58.1858	58.6227	59.0396	59.28	59.5856	59.9177	60.0817	60.1793	60.3086	60.4692	60.7226	60.9398	60.9405	60.8162	60.3126	59.3863	58.6898	58.2595	57.7846	57.0412	56.2694	55.6931	55.0149	54.3171	53.1944	51.621	50.5134	50.0286	49.4906	48.8652	48.5762	48.4611	48.4042	48.407	48.4042	48.407	48.6483	49.2683	49.8111	50.1403	50.4614	50.8277	51.4563	52.0506	52.444	52.8304
23.2857	11.3898	11.8931	11.8931	9.35952	16.3316	14.3804	7.30523	4.71119	6.27062	1.57355	2.09766	2.09766	0	1.57355	3.14473	1.57355	0	1.57355	1.57355	1.04918	1.04918	2.09766	4.71119	5.23189	2.62141	1.04918	0.524634	0.524634	0.524634	0.524634	2.09766	5.23189	3.14473	3.14473	6.78848	7.82079	4.1897	4.1897	4.1897	4.71119	9.35952	4.71119	4.71119	4.71119	11.8931	11.8931	6.78848	6.78848	5.75173	10.8847	5.23189	5.23189	5.23189	2.09766	1.57355	1.04918	0.524634	1.04918	3.14473	2.09766	2.62141	2.62141	1.04918	1.04918	0	0	1.57355	4.71119	3.14473	3.14473	3.14473	3.14473	6.27062	3.14473	3.66752	5.75173	3.14473	1.04918	0.524634	0.524634	2.09766	5.23189	3.14473	3.14473	5.75173	2.62141	2.62141	5.23189	2.62141	2.62141	5.23189	2.62141	3.14473	6.27062	3.14473	2.62141	2.62141	3.14473	6.78848	8.33507	4.71119	5.23189	8.84801	3.66752	3.14473	3.14473	3.14473	4.1897	1.04918	0	0.524634	1.04918	0.524634	1.04918	1.04918	1.04918	1.04918	0	0.524634	1.04918	2.09766	1.57355	1.57355	1.57355	2.09766	4.1897	2.09766	2.62141	2.62141	4.1897	4.1897	1.04918	1.04918	0.524634	0.524634	0	0.524634	0.524634	0.524634	0.524634	1.57355	1.57355	2.09766	4.1897	2.09766	2.62141	2.62141	2.09766	4.71119	5.23189	2.62141	2.62141	5.23189	2.62141	2.09766	2.09766	2.62141	4.1897	1.57355	1.04918	2.09766	1.57355	0.524634	0.524634	0.524634	0.524634	0.524634	0	0	0	0.524634	0.524634	1.04918	1.04918	0.524634	1.04918	0.524634	0.524634	0.524634	1.04918	1.57355	1.57355	1.04918	0.524634	1.57355	1.04918	0	0	0.524634	0	0.524634	2.09766	3.66752	4.1897	2.62141	2.62141	2.62141	2.62141	5.23189	2.62141	1.57355	3.66752	2.62141	0.524634	0.524634	0.524634	0	1.04918	1.04918	1.57355	3.14473	1.57355	1.04918	1.57355	0.524634	0	0.524634	0.524634	1.04918	1.57355	0.524634	0.524634	0.524634	0	0	0.524634	0.524634	1.04918	2.09766	1.04918	0.524634	0.524634	1.04918	1.57355	1.04918	0.524634	0.524634	1.04918	0.524634	0	0	0.524634	1.04918	0.524634	1.04918	1.57355	1.04918	0.524634	1.04918	1.04918	0.524634	1.04918	0.524634	0.524634	0.524634
23.2838	11.3888	11.892	11.892	9.35868	16.3302	14.3791	7.30457	4.71076	6.27005	1.5734	2.09746	2.09746	0	1.5734	3.14444	1.5734	0	1.5734	1.5734	1.04908	1.04908	2.09746	4.71076	5.23142	2.62117	1.04908	0.524585	0.524585	0.524585	0.524585	2.09746	5.23142	3.14444	3.14444	6.78787	7.82008	4.18932	4.18932	4.18932	4.71076	9.35868	4.71076	4.71076	4.71076	11.892	11.892	6.78787	6.78787	5.75121	10.8838	5.23142	5.23142	5.23142	2.09746	1.5734	1.04908	0.524585	1.04908	3.14444	2.09746	2.62117	2.62117	1.04908	1.04908	0	0	1.5734	4.71076	3.14444	3.14444	3.14444	3.14444	6.27005	3.14444	3.66719	5.75121	3.14444	1.04908	0.524585	0.524585	2.09746	5.23142	3.14444	3.14444	5.75121	2.62117	2.62117	5.23142	2.62117	2.62117	5.23142	2.62117	3.14444	6.27005	3.14444	2.62117	2.62117	3.14444	6.78787	8.33432	4.71076	5.23142	8.84721	3.66719	3.14444	3.14444	3.14444	4.18932	1.04908	0	0.524585	1.04908	0.524585	1.04908	1.04908	1.04908	1.04908	0	0.524585	1.04908	2.09746	1.5734	1.5734	1.5734	2.09746	4.18932	2.09746	2.62117	2.62117	4.18932	4.18932	1.04908	1.04908	0.524585	0.524585	0	0.524585	0.524585	0.524585	0.524585	1.5734	1.5734	2.09746	4.18932	2.09746	2.62117	2.62117	2.09746	4.71076	5.23142	2.62117	2.62117	5.23142	2.62117	2.09746	2.09746	2.62117	4.18932	1.5734	1.04908	2.09746	1.5734	0.524585	0.524585	0.524585	0.524585	0.524585	0	0	0	0.524585	0.524585	1.04908	1.04908	0.524585	1.04908	0.524585	0.524585	0.524585	1.04908	1.5734	1.5734	1.04908	0.524585	1.5734	1.04908	0	0	0.524585	0	0.524585	2.09746	3.66719	4.18932	2.62117	2.62117	2.62117	2.62117	5.23142	2.62117	1.5734	3.66719	2.62117	0.524585	0.524585	0.524585	0	1.04908	1.04908	1.5734	3.14444	1.5734	1.04908	1.5734	0.524585	0	0.524585	0.524585	1.04908	1.5734	0.524585	0.524585	0.524585	0	0	0.524585	0.524585	1.04908	2.09746	1.04908	0.524585	0.524585	1.04908	1.5734	1.04908	0.524585	0.524585	1.04908	0.524585	0	0	0.524585	1.04908	0.524585	1.04908	1.5734	1.04908	0.524585	1.04908	1.04908	0.524585	1.04908	0.524585	0.524585	0.524585
23.2815	11.3876	11.8908	11.8908	9.35767	16.3285	14.3776	7.30377	4.71024	6.26937	1.57323	2.09723	2.09723	0	1.57323	3.1441	1.57323	0	1.57323	1.57323	1.04897	1.04897	2.09723	4.71024	5.23084	2.62088	1.04897	0.524528	0.524528	0.524528	0.524528	2.09723	5.23084	3.1441	3.1441	6.78713	7.81923	4.18886	4.18886	4.18886	4.71024	9.35767	4.71024	4.71024	4.71024	11.8908	11.8908	6.78713	6.78713	5.75058	10.8826	5.23084	5.23084	5.23084	2.09723	1.57323	1.04897	0.524528	1.04897	3.1441	2.09723	2.62088	2.62088	1.04897	1.04897	0	0	1.57323	4.71024	3.1441	3.1441	3.1441	3.1441	6.26937	3.1441	3.66678	5.75058	3.1441	1.04897	0.524528	0.524528	2.09723	5.23084	3.1441	3.1441	5.75058	2.62088	2.62088	5.23084	2.62088	2.62088	5.23084	2.62088	3.1441	6.26937	3.1441	2.62088	2.62088	3.1441	6.78713	8.33342	4.71024	5.23084	8.84625	3.66678	3.1441	3.1441	3.1441	4.18886	1.04897	0	0.524528	1.04897	0.524528	1.04897	1.04897	1.04897	1.04897	0	0.524528	1.04897	2.09723	1.57323	1.57323	1.57323	2.09723	4.18886	2.09723	2.62088	2.62088	4.18886	4.18886	1.04897	1.04897	0.524528	0.524528	0	0.524528	0.524528	0.524528	0.524528	1.57323	1.57323	2.09723	4.18886	2.09723	2.62088	2.62088	2.09723	4.71024	5.23084	2.62088	2.62088	5.23084	2.62088	2.09723	2.09723	2.62088	4.18886	1.57323	1.04897	2.09723	1.57323	0.524528	0.524528	0.524528	0.524528	0.524528	0	0	0	0.524528	0.524528	1.04897	1.04897	0.524528	1.04897	0.524528	0.524528	0.524528	1.04897	1.57323	1.57323	1.04897	0.524528	1.57323	1.04897	0	0	0.524528	0	0.524528	2.09723	3.66678	4.18886	2.62088	2.62088	2.62088	2.62088	5.23084	2.62088	1.57323	3.66678	2.62088	0.524528	0.524528	0.524528	0	1.04897	1.04897	1.57323	3.1441	1.57323	1.04897	1.57323	0.524528	0	0.524528	0.524528	1.04897	1.57323	0.524528	0.524528	0.524528	0	0	0.524528	0.524528	1.04897	2.09723	1.04897	0.524528	0.524528	1.04897	1.57323	1.04897	0.524528	0.524528	1.04897	0.524528	0	0	0.524528	1.04897	0.524528	1.04897	1.57323	1.04897	0.524528	1.04897	1.04897	0.524528	1.04897	0.524528	0.524528	0.524528
23.2796	11.3866	11.8897	11.8897	9.35682	16.327	14.3763	7.30311	4.70981	6.2688	1.57309	2.09704	2.09704	0	1.57309	3.14381	1.57309	0	1.57309	1.57309	1.04887	1.04887	2.09704	4.70981	5.23037	2.62064	1.04887	0.52448	0.52448	0.52448	0.52448	2.09704	5.23037	3.14381	3.14381	6.78651	7.81852	4.18848	4.18848	4.18848	4.70981	9.35682	4.70981	4.70981	4.70981	11.8897	11.8897	6.78651	6.78651	5.75006	10.8816	5.23037	5.23037	5.23037	2.09704	1.57309	1.04887	0.52448	1.04887	3.14381	2.09704	2.62064	2.62064	1.04887	1.04887	0	0	1.57309	4.70981	3.14381	3.14381	3.14381	3.14381	6.2688	3.14381	3.66645	5.75006	3.14381	1.04887	0.52448	0.52448	2.09704	5.23037	3.14381	3.14381	5.75006	2.62064	2.62064	5.23037	2.62064	2.62064	5.23037	2.62064	3.14381	6.2688	3.14381	2.62064	2.62064	3.14381	6.78651	8.33266	4.70981	5.23037	8.84546	3.66645	3.14381	3.14381	3.14381	4.18848	1.04887	0	0.52448	1.04887	0.52448	1.04887	1.04887	1.04887	1.04887	0	0.52448	1.04887	2.09704	1.57309	1.57309	1.57309	2.09704	4.18848	2.09704	2.62064	2.62064	4.18848	4.18848	1.04887	1.04887	0.52448	0.52448	0	0.52448	0.52448	0.52448	0.52448	1.57309	1.57309	2.09704	4.18848	2.09704	2.62064	2.62064	2.09704	4.70981	5.23037	2.62064	2.62064	5.23037	2.62064	2.09704	2.09704	2.62064	4.18848	1.57309	1.04887	2.09704	1.57309	0.52448	0.52448	0.52448	0.52448	0.52448	0	0	0	0.52448	0.52448	1.04887	1.04887	0.52448	1.04887	0.52448	0.52448	0.52448	1.04887	1.57309	1.57309	1.04887	0.52448	1.57309	1.04887	0	0	0.52448	0	0.52448	2.09704	3.66645	4.18848	2.62064	2.62064	2.62064	2.62064	5.23037	2.62064	1.57309	3.66645	2.62064	0.52448	0.52448	0.52448	0	1.04887	1.04887	1.57309	3.14381	1.57309	1.04887	1.57309	0.52448	0	0.52448	0.52448	1.04887	1.57309	0.52448	0.52448	0.52448	0	0	0.52448	0.52448	1.04887	2.09704	1.04887	0.52448	0.52448	1.04887	1.57309	1.04887	0.52448	0.52448	1.04887	0.52448	0	0	0.52448	1.04887	0.52448	1.04887	1.57309	1.04887	0.52448	1.04887	1.04887	0.52448	1.04887	0.52448	0.52448	0.52448
23.2777	11.3856	11.8887	11.8887	9.35598	16.3256	14.3751	7.30245	4.70938	6.26823	1.57294	2.09685	2.09685	0	1.57294	3.14352	1.57294	0	1.57294	1.57294	1.04878	1.04878	2.09685	4.70938	5.22989	2.6204	1.04878	0.524432	0.524432	0.524432	0.524432	2.09685	5.22989	3.14352	3.14352	6.7859	7.81782	4.1881	4.1881	4.1881	4.70938	9.35598	4.70938	4.70938	4.70938	11.8887	11.8887	6.7859	6.7859	5.74953	10.8807	5.22989	5.22989	5.22989	2.09685	1.57294	1.04878	0.524432	1.04878	3.14352	2.09685	2.6204	2.6204	1.04878	1.04878	0	0	1.57294	4.70938	3.14352	3.14352	3.14352	3.14352	6.26823	3.14352	3.66611	5.74953	3.14352	1.04878	0.524432	0.524432	2.09685	5.22989	3.14352	3.14352	5.74953	2.6204	2.6204	5.22989	2.6204	2.6204	5.22989	2.6204	3.14352	6.26823	3.14352	2.6204	2.6204	3.14352	6.7859	8.33191	4.70938	5.22989	8.84466	3.66611	3.14352	3.14352	3.14352	4.1881	1.04878	0	0.524432	1.04878	0.524432	1.04878	1.04878	1.04878	1.04878	0	0.524432	1.04878	2.09685	1.57294	1.57294	1.57294	2.09685	4.1881	2.09685	2.6204	2.6204	4.1881	4.1881	1.04878	1.04878	0.524432	0.524432	0	0.524432	0.524432	0.524432	0.524432	1.57294	1.57294	2.09685	4.1881	2.09685	2.6204	2.6204	2.09685	4.70938	5.22989	2.6204	2.6204	5.22989	2.6204	2.09685	2.09685	2.6204	4.1881	1.57294	1.04878	2.09685	1.57294	0.524432	0.524432	0.524432	0.524432	0.524432	0	0	0	0.524432	0.524432	1.04878	1.04878	0.524432	1.04878	0.524432	0.524432	0.524432	1.04878	1.57294	1.57294	1.04878	0.524432	1.57294	1.04878	0	0	0.524432	0	0.524432	2.09685	3.66611	4.1881	2.6204	2.6204	2.6204	2.6204	5.22989	2.6204	1.57294	3.66611	2.6204	0.524432	0.524432	0.524432	0	1.04878	1.04878	1.57294	3.14352	1.57294	1.04878	1.57294	0.524432	0	0.524432	0.524432	1.04878	1.57294	0.524432	0.524432	0.524432	0	0	0.524432	0.524432	1.04878	2.09685	1.04878	0.524432	0.524432	1.04878	1.57294	1.04878	0.524432	0.524432	1.04878	0.524432	0	0	0.524432	1.04878	0.524432	1.04878	1.57294	1.04878	0.524432	1.04878	1.04878	0.524432	1.04878	0.524432	0.524432	0.524432
23.2758	11.3845	11.8876	11.8876	9.35514	16.3242	14.3738	7.30179	4.70896	6.26766	1.5728	2.09666	2.09666	0	1.5728	3.14323	1.5728	0	1.5728	1.5728	1.04868	1.04868	2.09666	4.70896	5.22942	2.62016	1.04868	0.524384	0.524384	0.524384	0.524384	2.09666	5.22942	3.14323	3.14323	6.78528	7.81711	4.18771	4.18771	4.18771	4.70896	9.35514	4.70896	4.70896	4.70896	11.8876	11.8876	6.78528	6.78528	5.74901	10.8797	5.22942	5.22942	5.22942	2.09666	1.5728	1.04868	0.524384	1.04868	3.14323	2.09666	2.62016	2.62016	1.04868	1.04868	0	0	1.5728	4.70896	3.14323	3.14323	3.14323	3.14323	6.26766	3.14323	3.66578	5.74901	3.14323	1.04868	0.524384	0.524384	2.09666	5.22942	3.14323	3.14323	5.74901	2.62016	2.62016	5.22942	2.62016	2.62016	5.22942	2.62016	3.14323	6.26766	3.14323	2.62016	2.62016	3.14323	6.78528	8.33116	4.70896	5.22942	8.84386	3.66578	3.14323	3.14323	3.14323	4.18771	1.04868	0	0.524384	1.04868	0.524384	1.04868	1.04868	1.04868	1.04868	0	0.524384	1.04868	2.09666	1.5728	1.5728	1.5728	2.09666	4.18771	2.09666	2.62016	2.62016	4.18771	4.18771	1.04868	1.04868	0.524384	0.524384	0	0.524384	0.524384	0.524384	0.524384	1.5728	1.5728	2.09666	4.18771	2.09666	2.62016	2.62016	2.09666	4.70896	5.22942	2.62016	2.62016	5.22942	2.62016	2.09666	2.09666	2.62016	4.18771	1.5728	1.04868	2.09666	1.5728	0.524384	0.524384	0.524384	0.524384	0.524384	0	0	0	0.524384	0.524384	1.04868	1.04868	0.524384	1.04868	0.524384	0.524384	0.524384	1.04868	1.5728	1.5728	1.04868	0.524384	1.5728	1.04868	0	0	0.524384	0	0.524384	2.09666	3.66578	4.18771	2.62016	2.62016	2.62016	2.62016	5.22942	2.62016	1.5728	3.66578	2.62016	0.524384	0.524384	0.524384	0	1.04868	1.04868	1.5728	3.14323	1.5728	1.04868	1.5728	0.524384	0	0.524384	0.524384	1.04868	1.5728	0.524384	0.524384	0.524384	0	0	0.524384	0.524384	1.04868	2.09666	1.04868	0.524384	0.524384	1.04868	1.5728	1.04868	0.524384	0.524384	1.04868	0.524384	0	0	0.524384	1.04868	0.524384	1.04868	1.5728	1.04868	0.524384	1.04868	1.04868	0.524384	1.04868	0.524384	0.524384	0.524384
23.2735	11.3833	11.8863	11.8863	9.35413	16.3225	14.3723	7.301	4.70844	6.26698	1.57263	2.09643	2.09643	0	1.57263	3.14289	1.57263	0	1.57263	1.57263	1.04856	1.04856	2.09643	4.70844	5.22884	2.61988	1.04856	0.524326	0.524326	0.524326	0.524326	2.09643	5.22884	3.14289	3.14289	6.78454	7.81626	4.18726	4.18726	4.18726	4.70844	9.35413	4.70844	4.70844	4.70844	11.8863	11.8863	6.78454	6.78454	5.74838	10.8785	5.22884	5.22884	5.22884	2.09643	1.57263	1.04856	0.524326	1.04856	3.14289	2.09643	2.61988	2.61988	1.04856	1.04856	0	0	1.57263	4.70844	3.14289	3.14289	3.14289	3.14289	6.26698	3.14289	3.66538	5.74838	3.14289	1.04856	0.524326	0.524326	2.09643	5.22884	3.14289	3.14289	5.74838	2.61988	2.61988	5.22884	2.61988	2.61988	5.22884	2.61988	3.14289	6.26698	3.14289	2.61988	2.61988	3.14289	6.78454	8.33026	4.70844	5.22884	8.84291	3.66538	3.14289	3.14289	3.14289	4.18726	1.04856	0	0.524326	1.04856	0.524326	1.04856	1.04856	1.04856	1.04856	0	0.524326	1.04856	2.09643	1.57263	1.57263	1.57263	2.09643	4.18726	2.09643	2.61988	2.61988	4.18726	4.18726	1.04856	1.04856	0.524326	0.524326	0	0.524326	0.524326	0.524326	0.524326	1.57263	1.57263	2.09643	4.18726	2.09643	2.61988	2.61988	2.09643	4.70844	5.22884	2.61988	2.61988	5.22884	2.61988	2.09643	2.09643	2.61988	4.18726	1.57263	1.04856	2.09643	1.57263	0.524326	0.524326	0.524326	0.524326	0.524326	0	0	0	0.524326	0.524326	1.04856	1.04856	0.524326	1.04856	0.524326	0.524326	0.524326	1.04856	1.57263	1.57263	1.04856	0.524326	1.57263	1.04856	0	0	0.524326	0	0.524326	2.09643	3.66538	4.18726	2.61988	2.61988	2.61988	2.61988	5.22884	2.61988	1.57263	3.66538	2.61988	0.524326	0.524326	0.524326	0	1.04856	1.04856	1.57263	3.14289	1.57263	1.04856	1.57263	0.524326	0	0.524326	0.524326	1.04856	1.57263	0.524326	0.524326	0.524326	0	0	0.524326	0.524326	1.04856	2.09643	1.04856	0.524326	0.524326	1.04856	1.57263	1.04856	0.524326	0.524326	1.04856	0.524326	0	0	0.524326	1.04856	0.524326	1.04856	1.57263	1.04856	0.524326	1.04856	1.04856	0.524326	1.04856	0.524326	0.524326	0.524326
23.2716	11.3823	11.8853	11.8853	9.35329	16.3211	14.3711	7.30034	4.70801	6.26641	1.57248	2.09624	2.09624	0	1.57248	3.1426	1.57248	0	1.57248	1.57248	1.04847	1.04847	2.09624	4.70801	5.22837	2.61964	1.04847	0.524278	0.524278	0.524278	0.524278	2.09624	5.22837	3.1426	3.1426	6.78393	7.81556	4.18687	4.18687	4.18687	4.70801	9.35329	4.70801	4.70801	4.70801	11.8853	11.8853	6.78393	6.78393	5.74786	10.8776	5.22837	5.22837	5.22837	2.09624	1.57248	1.04847	0.524278	1.04847	3.1426	2.09624	2.61964	2.61964	1.04847	1.04847	0	0	1.57248	4.70801	3.1426	3.1426	3.1426	3.1426	6.26641	3.1426	3.66504	5.74786	3.1426	1.04847	0.524278	0.524278	2.09624	5.22837	3.1426	3.1426	5.74786	2.61964	2.61964	5.22837	2.61964	2.61964	5.22837	2.61964	3.1426	6.26641	3.1426	2.61964	2.61964	3.1426	6.78393	8.32951	4.70801	5.22837	8.84211	3.66504	3.1426	3.1426	3.1426	4.18687	1.04847	0	0.524278	1.04847	0.524278	1.04847	1.04847	1.04847	1.04847	0	0.524278	1.04847	2.09624	1.57248	1.57248	1.57248	2.09624	4.18687	2.09624	2.61964	2.61964	4.18687	4.18687	1.04847	1.04847	0.524278	0.524278	0	0.524278	0.524278	0.524278	0.524278	1.57248	1.57248	2.09624	4.18687	2.09624	2.61964	2.61964	2.09624	4.70801	5.22837	2.61964	2.61964	5.22837	2.61964	2.09624	2.09624	2.61964	4.18687	1.57248	1.04847	2.09624	1.57248	0.524278	0.524278	0.524278	0.524278	0.524278	0	0	0	0.524278	0.524278	1.04847	1.04847	0.524278	1.04847	0.524278	0.524278	0.524278	1.04847	1.57248	1.57248	1.04847	0.524278	1.57248	1.04847	0	0	0.524278	0	0.524278	2.09624	3.66504	4.18687	2.61964	2.61964	2.61964	2.61964	5.22837	2.61964	1.57248	3.66504	2.61964	0.524278	0.524278	0.524278	0	1.04847	1.04847	1.57248	3.1426	1.57248	1.04847	1.57248	0.524278	0	0.524278	0.524278	1.04847	1.57248	0.524278	0.524278	0.524278	0	0	0.524278	0.524278	1.04847	2.09624	1.04847	0.524278	0.524278	1.04847	1.57248	1.04847	0.524278	0.524278	1.04847	0.524278	0	0	0.524278	1.04847	0.524278	1.04847	1.57248	1.04847	0.524278	1.04847	1.04847	0.524278	1.04847	0.524278	0.524278	0.524278
23.2697	11.3813	11.8842	11.8842	9.35245	16.3197	14.3698	7.29968	4.70758	6.26584	1.57234	2.09604	2.09604	0	1.57234	3.14232	1.57234	0	1.57234	1.57234	1.04837	1.04837	2.09604	4.70758	5.22789	2.6194	1.04837	0.52423	0.52423	0.52423	0.52423	2.09604	5.22789	3.14232	3.14232	6.78331	7.81485	4.18649	4.18649	4.18649	4.70758	9.35245	4.70758	4.70758	4.70758	11.8842	11.8842	6.78331	6.78331	5.74734	10.8766	5.22789	5.22789	5.22789	2.09604	1.57234	1.04837	0.52423	1.04837	3.14232	2.09604	2.6194	2.6194	1.04837	1.04837	0	0	1.57234	4.70758	3.14232	3.14232	3.14232	3.14232	6.26584	3.14232	3.66471	5.74734	3.14232	1.04837	0.52423	0.52423	2.09604	5.22789	3.14232	3.14232	5.74734	2.6194	2.6194	5.22789	2.6194	2.6194	5.22789	2.6194	3.14232	6.26584	3.14232	2.6194	2.6194	3.14232	6.78331	8.32875	4.70758	5.22789	8.84131	3.66471	3.14232	3.14232	3.14232	4.18649	1.04837	0	0.52423	1.04837	0.52423	1.04837	1.04837	1.04837	1.04837	0	0.52423	1.04837	2.09604	1.57234	1.57234	1.57234	2.09604	4.18649	2.09604	2.6194	2.6194	4.18649	4.18649	1.04837	1.04837	0.52423	0.52423	0	0.52423	0.52423	0.52423	0.52423	1.57234	1.57234	2.09604	4.18649	2.09604	2.6194	2.6194	2.09604	4.70758	5.22789	2.6194	2.6194	5.22789	2.6194	2.09604	2.09604	2.6194	4.18649	1.57234	1.04837	2.09604	1.57234	0.52423	0.52423	0.52423	0.52423	0.52423	0	0	0	0.52423	0.52423	1.04837	1.04837	0.52423	1.04837	0.52423	0.52423	0.52423	1.04837	1.57234	1.57234	1.04837	0.52423	1.57234	1.04837	0	0	0.52423	0	0.52423	2.09604	3.66471	4.18649	2.6194	2.6194	2.6194	2.6194	5.22789	2.6194	1.57234	3.66471	2.6194	0.52423	0.52423	0.52423	0	1.04837	1.04837	1.57234	3.14232	1.57234	1.04837	1.57234	0.52423	0	0.52423	0.52423	1.04837	1.57234	0.52423	0.52423	0.52423	0	0	0.52423	0.52423	1.04837	2.09604	1.04837	0.52423	0.52423	1.04837	1.57234	1.04837	0.52423	0.52423	1.04837	0.52423	0	0	0.52423	1.04837	0.52423	1.04837	1.57234	1.04837	0.52423	1.04837	1.04837	0.52423	1.04837	0.52423	0.52423	0.52423
23.2678	11.3803	11.8832	11.8832	9.35161	16.3183	14.3685	7.29902	4.70715	6.26527	1.5722	2.09585	2.09585	0	1.5722	3.14203	1.5722	0	1.5722	1.5722	1.04828	1.04828	2.09585	4.70715	5.22742	2.61916	1.04828	0.524182	0.524182	0.524182	0.524182	2.09585	5.22742	3.14203	3.14203	6.7827	7.81414	4.18611	4.18611	4.18611	4.70715	9.35161	4.70715	4.70715	4.70715	11.8832	11.8832	6.7827	6.7827	5.74682	10.8756	5.22742	5.22742	5.22742	2.09585	1.5722	1.04828	0.524182	1.04828	3.14203	2.09585	2.61916	2.61916	1.04828	1.04828	0	0	1.5722	4.70715	3.14203	3.14203	3.14203	3.14203	6.26527	3.14203	3.66437	5.74682	3.14203	1.04828	0.524182	0.524182	2.09585	5.22742	3.14203	3.14203	5.74682	2.61916	2.61916	5.22742	2.61916	2.61916	5.22742	2.61916	3.14203	6.26527	3.14203	2.61916	2.61916	3.14203	6.7827	8.328	4.70715	5.22742	8.84052	3.66437	3.14203	3.14203	3.14203	4.18611	1.04828	0	0.524182	1.04828	0.524182	1.04828	1.04828	1.04828	1.04828	0	0.524182	1.04828	2.09585	1.5722	1.5722	1.5722	2.09585	4.18611	2.09585	2.61916	2.61916	4.18611	4.18611	1.04828	1.04828	0.524182	0.524182	0	0.524182	0.524182	0.524182	0.524182	1.5722	1.5722	2.09585	4.18611	2.09585	2.61916	2.61916	2.09585	4.70715	5.22742	2.61916	2.61916	5.22742	2.61916	2.09585	2.09585	2.61916	4.18611	1.5722	1.04828	2.09585	1.5722	0.524182	0.524182	0.524182	0.524182	0.524182	0	0	0	0.524182	0.524182	1.04828	1.04828	0.524182	1.04828	0.524182	0.524182	0.524182	1.04828	1.5722	1.5722	1.04828	0.524182	1.5722	1.04828	0	0	0.524182	0	0.524182	2.09585	3.66437	4.18611	2.61916	2.61916	2.61916	2.61916	5.22742	2.61916	1.5722	3.66437	2.61916	0.524182	0.524182	0.524182	0	1.04828	1.04828	1.5722	3.14203	1.5722	1.04828	1.5722	0.524182	0	0.524182	0.524182	1.04828	1.5722	0.524182	0.524182	0.524182	0	0	0.524182	0.524182	1.04828	2.09585	1.04828	0.524182	0.524182	1.04828	1.5722	1.04828	0.524182	0.524182	1.04828	0.524182	0	0	0.524182	1.04828	0.524182	1.04828	1.5722	1.04828	0.524182	1.04828	1.04828	0.524182	1.04828	0.524182	0.524182	0.524182
23.2659	11.3793	11.8821	11.8821	9.35077	16.3169	14.3673	7.29835	4.70673	6.2647	1.57205	2.09566	2.09566	0	1.57205	3.14174	1.57205	0	1.57205	1.57205	1.04818	1.04818	2.09566	4.70673	5.22694	2.61892	1.04818	0.524134	0.524134	0.524134	0.524134	2.09566	5.22694	3.14174	3.14174	6.78208	7.81344	4.18573	4.18573	4.18573	4.70673	9.35077	4.70673	4.70673	4.70673	11.8821	11.8821	6.78208	6.78208	5.7463	10.8746	5.22694	5.22694	5.22694	2.09566	1.57205	1.04818	0.524134	1.04818	3.14174	2.09566	2.61892	2.61892	1.04818	1.04818	0	0	1.57205	4.70673	3.14174	3.14174	3.14174	3.14174	6.2647	3.14174	3.66404	5.7463	3.14174	1.04818	0.524134	0.524134	2.09566	5.22694	3.14174	3.14174	5.7463	2.61892	2.61892	5.22694	2.61892	2.61892	5.22694	2.61892	3.14174	6.2647	3.14174	2.61892	2.61892	3.14174	6.78208	8.32725	4.70673	5.22694	8.83972	3.66404	3.14174	3.14174	3.14174	4.18573	1.04818	0	0.524134	1.04818	0.524134	1.04818	1.04818	1.04818	1.04818	0	0.524134	1.04818	2.09566	1.57205	1.57205	1.57205	2.09566	4.18573	2.09566	2.61892	2.61892	4.18573	4.18573	1.04818	1.04818	0.524134	0.524134	0	0.524134	0.524134	0.524134	0.524134	1.57205	1.57205	2.09566	4.18573	2.09566	2.61892	2.61892	2.09566	4.70673	5.22694	2.61892	2.61892	5.22694	2.61892	2.09566	2.09566	2.61892	4.18573	1.57205	1.04818	2.09566	1.57205	0.524134	0.524134	0.524134	0.524134	0.524134	0	0	0	0.524134	0.524134	1.04818	1.04818	0.524134	1.04818	0.524134	0.524134	0.524134	1.04818	1.57205	1.57205	1.04818	0.524134	1.57205	1.04818	0	0	0.524134	0	0.524134	2.09566	3.66404	4.18573	2.61892	2.61892	2.61892	2.61892	5.22694	2.61892	1.57205	3.66404	2.61892	0.524134	0.524134	0.524134	0	1.04818	1.04818	1.57205	3.14174	1.57205	1.04818	1.57205	0.524134	0	0.524134	0.524134	1.04818	1.57205	0.524134	0.524134	0.524134	0	0	0.524134	0.524134	1.04818	2.09566	1.04818	0.524134	0.524134	1.04818	1.57205	1.04818	0.524134	0.524134	1.04818	0.524134	0	0	0.524134	1.04818	0.524134	1.04818	1.57205	1.04818	0.524134	1.04818	1.04818	0.524134	1.04818	0.524134	0.524134	0.524134
47.1893	46.6065	47.3001	48.002	48.3134	49.1639	49.0456	48.3884	48.2154	48.1191	47.6215	47.3865	47.2661	47.1267	47.0129	46.9816	46.9535	47.1883	48.1381	49.2799	50.1016	50.8446	51.6679	53.0459	54.8616	56.1948	56.9089	57.6761	58.3746	58.766	59.1148	59.3255	59.4254	59.434	59.399	59.3425	59.2262	59.0665	58.9971	58.9275	58.8273	58.7398	58.5106	58.439	58.3672	58.2726	57.8358	57.281	56.8951	56.4803	55.9981	55.235	54.7591	54.2296	53.7856	53.4118	53.0391	52.8448	52.7514	52.7701	52.8996	53.0946	53.2827	53.3658	53.3658	53.3633	53.3633	53.2261	52.783	52.2308	51.7825	51.2757	50.7575	49.9565	48.9604	48.2226	47.1966	45.9668	45.1794	44.7851	44.5199	44.1286	43.3815	42.4867	41.836	40.9698	40.0368	39.5733	39.0502	38.3912	38.0682	37.8773	37.5876	37.4334	37.2129	36.6899	36.4995	36.3301	36.1824	36.1911	36.0346	35.4194	35.1903	35.1541	34.2944	34.0856	33.906	33.7257	33.6123	33.4741	33.6435	33.826	34.0125	34.0975	34.1922	34.371	34.5492	34.813	35.0721	35.2506	35.6119	36.1599	36.4744	36.8187	37.3187	37.6562	38.183	38.6358	38.9626	39.1204	39.4337	39.7436	39.6239	39.3116	39.0725	38.8342	38.5945	38.4369	38.2758	37.7852	36.9576	36.293	35.7791	35.1801	34.2788	33.3055	32.6752	31.9276	31.3481	30.8176	29.6781	28.4111	27.7059	26.8616	25.5049	24.7321	24.0816	23.4594	22.5831	21.3854	20.8005	20.0261	19.0823	18.7054	18.9354	19.4029	19.8678	20.4441	20.9029	21.0168	21.0168	20.7895	20.33	19.8796	19.415	19.0544	18.7133	18.3493	18.234	18.234	18.0057	17.5584	17.2106	16.9397	16.8048	16.7328	16.4595	16.4371	16.6779	16.8048	16.918	17.1611	17.8143	19.2209	20.9855	22.3324	23.4408	24.5313	25.6034	27.3317	28.7071	29.4769	30.5276	31.6386	32.1673	32.2623	32.2623	32.3533	32.5533	32.6434	32.56	32.3415	31.9985	31.9916	32.3911	33.1081	33.826	34.0975	34.0975	33.9205	33.4741	33.0965	32.9122	32.7271	32.6328	32.6328	32.6355	32.6355	32.548	32.2928	31.986	31.886	31.886	31.7002	31.3308	31.1328	31.1241	31.1241	31.2318	31.4129	31.5038	31.5038	31.5066	31.6076	31.7902	31.986	32.2765	32.6388	32.9122	33.1927	33.5581	33.9155	34.5432	35.2472	35.7682	36.2824
46.6727	46.4992	47.1748	47.883	48.2787	49.1062	49.0685	48.3994	48.2127	48.1552	47.6323	47.3884	47.2681	47.1246	47.0077	46.979	46.9508	47.1939	48.1699	49.2844	50.1077	50.8502	51.6686	53.0496	54.865	56.1952	56.9114	57.7047	58.382	58.7705	59.1191	59.3248	59.427	59.4317	59.3947	59.3313	59.2134	59.0613	58.992	58.9223	58.8188	58.718	58.5048	58.4332	58.3614	58.221	57.782	57.255	56.8682	56.4573	55.9145	55.2122	54.7329	54.2023	53.7785	53.4078	53.0434	52.8433	52.7505	52.7639	52.8932	53.0869	53.2751	53.3633	53.3633	53.3608	53.3608	53.2207	52.7549	52.2171	51.7673	51.26	50.7412	49.8941	48.9416	48.1967	47.1318	45.9462	45.1767	44.7825	44.5173	44.1158	43.3145	42.4613	41.8074	40.8788	40.0166	39.5526	38.9807	38.3737	38.0505	37.8402	37.5851	37.4111	37.1472	36.676	36.4876	36.3181	36.1681	36.1373	35.9673	35.3979	35.1469	35.0455	34.2764	34.0698	33.8901	33.7096	33.5911	33.478	33.6423	33.8223	34.0065	34.095	34.1861	34.365	34.5432	34.8059	35.0708	35.2515	35.6326	36.1927	36.4792	36.8439	37.343	37.6624	38.2556	38.6634	38.9699	39.1276	39.4624	39.7717	39.6179	39.3055	39.069	38.8316	38.5929	38.4371	38.276	37.7971	36.9704	36.281	35.7668	35.1594	34.2006	33.284	32.641	31.892	31.3285	30.7187	29.5308	28.3677	27.6661	26.6872	25.4537	24.6979	24.0461	23.4086	22.4332	21.3597	20.7877	19.9809	19.0528	18.7038	18.9338	19.4013	19.8662	20.4508	20.9039	21.015	21.015	20.7877	20.3283	19.8662	19.4013	19.0497	18.699	18.3444	18.2325	18.2325	17.9909	17.5294	17.1915	16.9274	16.8034	16.7131	16.4469	16.4394	16.6801	16.8034	16.9202	17.1561	17.7586	19.0683	20.8084	22.268	23.3806	24.4749	25.5504	27.1456	28.6628	29.4602	30.4512	31.601	32.1636	32.2599	32.2599	32.3523	32.5576	32.641	32.5509	32.3121	31.9892	31.9961	32.425	33.1508	33.8347	34.095	34.095	33.9131	33.4604	33.0928	32.9085	32.7234	32.6304	32.6304	32.6331	32.6331	32.5416	32.2741	31.9795	31.8836	31.8836	31.6922	31.317	31.1305	31.1218	31.1218	31.2367	31.4148	31.5014	31.5014	31.5043	31.601	31.7865	31.9795	32.2633	32.6311	32.9085	33.1851	33.5507	33.9131	34.5467	35.2482	35.769	36.2831
17.7494	8.83718	8.83718	8.83718	8.32485	15.3423	14.8539	7.81118	4.70535	7.81118	3.14082	2.61815	2.61815	0.523981	1.04787	3.14082	1.57159	2.09505	4.70535	2.61815	2.61815	2.61815	2.61815	5.22542	5.74462	3.14082	2.61815	6.26288	3.66297	3.14082	3.14082	2.61815	5.74462	3.14082	2.61815	5.74462	6.78012	3.66297	3.66297	3.66297	3.66297	7.81118	4.18451	4.18451	4.18451	8.83718	8.83718	4.18451	4.18451	3.14082	5.74462	2.61815	2.09505	2.09505	0.523981	1.04787	2.61815	1.04787	1.57159	2.61815	1.04787	1.57159	1.57159	1.04787	1.04787	0	0	0	1.04787	1.04787	0.523981	0.523981	0.523981	0.523981	0	0	0	1.04787	1.04787	0.523981	0.523981	0	1.04787	1.04787	0.523981	1.57159	1.04787	1.04787	2.61815	1.57159	1.57159	4.18451	2.61815	2.09505	4.70535	2.61815	2.09505	2.09505	2.61815	5.74462	7.29624	4.18451	4.18451	7.29624	3.14082	2.61815	2.61815	2.61815	3.66297	1.57159	0.523981	0	0.523981	0.523981	0.523981	0.523981	0.523981	0	0.523981	1.04787	2.61815	3.66297	2.09505	3.14082	3.14082	2.61815	6.26288	3.66297	3.14082	3.14082	5.22542	5.22542	0	0	0	0.523981	0.523981	1.04787	1.04787	2.09505	2.09505	0	0	0	0.523981	0.523981	0.523981	0.523981	1.04787	2.09505	1.57159	0.523981	1.04787	1.57159	0.523981	0.523981	0.523981	1.04787	1.04787	0	0	0.523981	0	0.523981	0.523981	0.523981	0.523981	1.04787	0.523981	0	0	0.523981	0.523981	0	0	0	0	0	0.523981	0.523981	0	0.523981	1.04787	0.523981	0.523981	1.04787	0.523981	0.523981	0.523981	0.523981	0.523981	0	0	0	0	0	0	0	0	0	0	0	0	0	0	0.523981	0.523981	0.523981	1.57159	1.04787	1.04787	2.09505	1.04787	1.57159	3.14082	3.14082	1.57159	0.523981	0.523981	0	0	0	0	0	0	0	0.523981	0.523981	0.523981	1.04787	0.523981	0.523981	0.523981	0	0.523981	1.04787	0.523981	0.523981	1.57159	1.04787	0	0	0.523981	0.523981	0	0.523981	0.523981	0	0	0	0	0.523981	1.57159	1.04787	1.04787	1.04787
17.7479	8.83638	8.83638	8.83638	8.3241	15.341	14.8526	7.81047	4.70493	7.81047	3.14054	2.61792	2.61792	0.523933	1.04778	3.14054	1.57145	2.09486	4.70493	2.61792	2.61792	2.61792	2.61792	5.22495	5.7441	3.14054	2.61792	6.26232	3.66264	3.14054	3.14054	2.61792	5.7441	3.14054	2.61792	5.7441	6.7795	3.66264	3.66264	3.66264	3.66264	7.81047	4.18413	4.18413	4.18413	8.83638	8.83638	4.18413	4.18413	3.14054	5.7441	2.61792	2.09486	2.09486	0.523933	1.04778	2.61792	1.04778	1.57145	2.61792	1.04778	1.57145	1.57145	1.04778	1.04778	0	0	0	1.04778	1.04778	0.523933	0.523933	0.523933	0.523933	0	0	0	1.04778	1.04778	0.523933	0.523933	0	1.04778	1.04778	0.523933	1.57145	1.04778	1.04778	2.61792	1.57145	1.57145	4.18413	2.61792	2.09486	4.70493	2.61792	2.09486	2.09486	2.61792	5.7441	7.29558	4.18413	4.18413	7.29558	3.14054	2.61792	2.61792	2.61792	3.66264	1.57145	0.523933	0	0.523933	0.523933	0.523933	0.523933	0.523933	0	0.523933	1.04778	2.61792	3.66264	2.09486	3.14054	3.14054	2.61792	6.26232	3.66264	3.14054	3.14054	5.22495	5.22495	0	0	0	0.523933	0.523933	1.04778	1.04778	2.09486	2.09486	0	0	0	0.523933	0.523933	0.523933	0.523933	1.04778	2.09486	1.57145	0.523933	1.04778	1.57145	0.523933	0.523933	0.523933	1.04778	1.04778	0	0	0.523933	0	0.523933	0.523933	0.523933	0.523933	1.04778	0.523933	0	0	0.523933	0.523933	0	0	0	0	0	0.523933	0.523933	0	0.523933	1.04778	0.523933	0.523933	1.04778	0.523933	0.523933	0.523933	0.523933	0.523933	0	0	0	0	0	0	0	0	0	0	0	0	0	0	0.523933	0.523933	0.523933	1.57145	1.04778	1.04778	2.09486	1.04778	1.57145	3.14054	3.14054	1.57145	0.523933	0.523933	0	0	0	0	0	0	0	0.523933	0.523933	0.523933	1.04778	0.523933	0.523933	0.523933	0	0.523933	1.04778	0.523933	0.523933	1.57145	1.04778	0	0	0.523933	0.523933	0	0.523933	0.523933	0	0	0	0	0.523933	1.57145	1.04778	1.04778	1.04778
17.746	8.83543	8.83543	8.83543	8.3232	15.3394	14.851	7.80963	4.70441	7.80963	3.14019	2.61763	2.61763	0.523876	1.04766	3.14019	1.57128	2.09463	4.70441	2.61763	2.61763	2.61763	2.61763	5.22438	5.74348	3.14019	2.61763	6.26163	3.66224	3.14019	3.14019	2.61763	5.74348	3.14019	2.61763	5.74348	6.77877	3.66224	3.66224	3.66224	3.66224	7.80963	4.18367	4.18367	4.18367	8.83543	8.83543	4.18367	4.18367	3.14019	5.74348	2.61763	2.09463	2.09463	0.523876	1.04766	2.61763	1.04766	1.57128	2.61763	1.04766	1.57128	1.57128	1.04766	1.04766	0	0	0	1.04766	1.04766	0.523876	0.523876	0.523876	0.523876	0	0	0	1.04766	1.04766	0.523876	0.523876	0	1.04766	1.04766	0.523876	1.57128	1.04766	1.04766	2.61763	1.57128	1.57128	4.18367	2.61763	2.09463	4.70441	2.61763	2.09463	2.09463	2.61763	5.74348	7.29479	4.18367	4.18367	7.29479	3.14019	2.61763	2.61763	2.61763	3.66224	1.57128	0.523876	0	0.523876	0.523876	0.523876	0.523876	0.523876	0	0.523876	1.04766	2.61763	3.66224	2.09463	3.14019	3.14019	2.61763	6.26163	3.66224	3.14019	3.14019	5.22438	5.22438	0	0	0	0.523876	0.523876	1.04766	1.04766	2.09463	2.09463	0	0	0	0.523876	0.523876	0.523876	0.523876	1.04766	2.09463	1.57128	0.523876	1.04766	1.57128	0.523876	0.523876	0.523876	1.04766	1.04766	0	0	0.523876	0	0.523876	0.523876	0.523876	0.523876	1.04766	0.523876	0	0	0.523876	0.523876	0	0	0	0	0	0.523876	0.523876	0	0.523876	1.04766	0.523876	0.523876	1.04766	0.523876	0.523876	0.523876	0.523876	0.523876	0	0	0	0	0	0	0	0	0	0	0	0	0	0	0.523876	0.523876	0.523876	1.57128	1.04766	1.04766	2.09463	1.04766	1.57128	3.14019	3.14019	1.57128	0.523876	0.523876	0	0	0	0	0	0	0	0.523876	0.523876	0.523876	1.04766	0.523876	0.523876	0.523876	0	0.523876	1.04766	0.523876	0.523876	1.57128	1.04766	0	0	0.523876	0.523876	0	0.523876	0.523876	0	0	0	0	0.523876	1.57128	1.04766	1.04766	1.04766
17.7445	8.83463	8.83463	8.83463	8.32245	15.3381	14.8497	7.80892	4.70398	7.80892	3.13991	2.61739	2.61739	0.523828	1.04757	3.13991	1.57113	2.09444	4.70398	2.61739	2.61739	2.61739	2.61739	5.2239	5.74296	3.13991	2.61739	6.26107	3.6619	3.13991	3.13991	2.61739	5.74296	3.13991	2.61739	5.74296	6.77815	3.6619	3.6619	3.6619	3.6619	7.80892	4.18329	4.18329	4.18329	8.83463	8.83463	4.18329	4.18329	3.13991	5.74296	2.61739	2.09444	2.09444	0.523828	1.04757	2.61739	1.04757	1.57113	2.61739	1.04757	1.57113	1.57113	1.04757	1.04757	0	0	0	1.04757	1.04757	0.523828	0.523828	0.523828	0.523828	0	0	0	1.04757	1.04757	0.523828	0.523828	0	1.04757	1.04757	0.523828	1.57113	1.04757	1.04757	2.61739	1.57113	1.57113	4.18329	2.61739	2.09444	4.70398	2.61739	2.09444	2.09444	2.61739	5.74296	7.29413	4.18329	4.18329	7.29413	3.13991	2.61739	2.61739	2.61739	3.6619	1.57113	0.523828	0	0.523828	0.523828	0.523828	0.523828	0.523828	0	0.523828	1.04757	2.61739	3.6619	2.09444	3.13991	3.13991	2.61739	6.26107	3.6619	3.13991	3.13991	5.2239	5.2239	0	0	0	0.523828	0.523828	1.04757	1.04757	2.09444	2.09444	0	0	0	0.523828	0.523828	0.523828	0.523828	1.04757	2.09444	1.57113	0.523828	1.04757	1.57113	0.523828	0.523828	0.523828	1.04757	1.04757	0	0	0.523828	0	0.523828	0.523828	0.523828	0.523828	1.04757	0.523828	0	0	0.523828	0.523828	0	0	0	0	0	0.523828	0.523828	0	0.523828	1.04757	0.523828	0.523828	1.04757	0.523828	0.523828	0.523828	0.523828	0.523828	0	0	0	0	0	0	0	0	0	0	0	0	0	0	0.523828	0.523828	0.523828	1.57113	1.04757	1.04757	2.09444	1.04757	1.57113	3.13991	3.13991	1.57113	0.523828	0.523828	0	0	0	0	0	0	0	0.523828	0.523828	0.523828	1.04757	0.523828	0.523828	0.523828	0	0.523828	1.04757	0.523828	0.523828	1.57113	1.04757	0	0	0.523828	0.523828	0	0.523828	0.523828	0	0	0	0	0.523828	1.57113	1.04757	1.04757	1.04757
17.743	8.83384	8.83384	8.83384	8.3217	15.3367	14.8484	7.80822	4.70356	7.80822	3.13962	2.61715	2.61715	0.52378	1.04747	3.13962	1.57099	2.09424	4.70356	2.61715	2.61715	2.61715	2.61715	5.22343	5.74243	3.13962	2.61715	6.2605	3.66157	3.13962	3.13962	2.61715	5.74243	3.13962	2.61715	5.74243	6.77754	3.66157	3.66157	3.66157	3.66157	7.80822	4.18291	4.18291	4.18291	8.83384	8.83384	4.18291	4.18291	3.13962	5.74243	2.61715	2.09424	2.09424	0.52378	1.04747	2.61715	1.04747	1.57099	2.61715	1.04747	1.57099	1.57099	1.04747	1.04747	0	0	0	1.04747	1.04747	0.52378	0.52378	0.52378	0.52378	0	0	0	1.04747	1.04747	0.52378	0.52378	0	1.04747	1.04747	0.52378	1.57099	1.04747	1.04747	2.61715	1.57099	1.57099	4.18291	2.61715	2.09424	4.70356	2.61715	2.09424	2.09424	2.61715	5.74243	7.29347	4.18291	4.18291	7.29347	3.13962	2.61715	2.61715	2.61715	3.66157	1.57099	0.52378	0	0.52378	0.52378	0.52378	0.52378	0.52378	0	0.52378	1.04747	2.61715	3.66157	2.09424	3.13962	3.13962	2.61715	6.2605	3.66157	3.13962	3.13962	5.22343	5.22343	0	0	0	0.52378	0.52378	1.04747	1.04747	2.09424	2.09424	0	0	0	0.52378	0.52378	0.52378	0.52378	1.04747	2.09424	1.57099	0.52378	1.04747	1.57099	0.52378	0.52378	0.52378	1.04747	1.04747	0	0	0.52378	0	0.52378	0.52378	0.52378	0.52378	1.04747	0.52378	0	0	0.52378	0.52378	0	0	0	0	0	0.52378	0.52378	0	0.52378	1.04747	0.52378	0.52378	1.04747	0.52378	0.52378	0.52378	0.52378	0.52378	0	0	0	0	0	0	0	0	0	0	0	0	0	0	0.52378	0.52378	0.52378	1.57099	1.04747	1.04747	2.09424	1.04747	1.57099	3.13962	3.13962	1.57099	0.52378	0.52378	0	0	0	0	0	0	0	0.52378	0.52378	0.52378	1.04747	0.52378	0.52378	0.52378	0	0.52378	1.04747	0.52378	0.52378	1.57099	1.04747	0	0	0.52378	0.52378	0	0.52378	0.52378	0	0	0	0	0.52378	1.57099	1.04747	1.04747	1.04747
17.7415	8.83304	8.83304	8.83304	8.32095	15.3354	14.8472	7.80751	4.70313	7.80751	3.13933	2.61691	2.61691	0.523732	1.04738	3.13933	1.57085	2.09405	4.70313	2.61691	2.61691	2.61691	2.61691	5.22295	5.74191	3.13933	2.61691	6.25993	3.66123	3.13933	3.13933	2.61691	5.74191	3.13933	2.61691	5.74191	6.77692	3.66123	3.66123	3.66123	3.66123	7.80751	4.18253	4.18253	4.18253	8.83304	8.83304	4.18253	4.18253	3.13933	5.74191	2.61691	2.09405	2.09405	0.523732	1.04738	2.61691	1.04738	1.57085	2.61691	1.04738	1.57085	1.57085	1.04738	1.04738	0	0	0	1.04738	1.04738	0.523732	0.523732	0.523732	0.523732	0	0	0	1.04738	1.04738	0.523732	0.523732	0	1.04738	1.04738	0.523732	1.57085	1.04738	1.04738	2.61691	1.57085	1.57085	4.18253	2.61691	2.09405	4.70313	2.61691	2.09405	2.09405	2.61691	5.74191	7.29281	4.18253	4.18253	7.29281	3.13933	2.61691	2.61691	2.61691	3.66123	1.57085	0.523732	0	0.523732	0.523732	0.523732	0.523732	0.523732	0	0.523732	1.04738	2.61691	3.66123	2.09405	3.13933	3.13933	2.61691	6.25993	3.66123	3.13933	3.13933	5.22295	5.22295	0	0	0	0.523732	0.523732	1.04738	1.04738	2.09405	2.09405	0	0	0	0.523732	0.523732	0.523732	0.523732	1.04738	2.09405	1.57085	0.523732	1.04738	1.57085	0.523732	0.523732	0.523732	1.04738	1.04738	0	0	0.523732	0	0.523732	0.523732	0.523732	0.523732	1.04738	0.523732	0	0	0.523732	0.523732	0	0	0	0	0	0.523732	0.523732	0	0.523732	1.04738	0.523732	0.523732	1.04738	0.523732	0.523732	0.523732	0.523732	0.523732	0	0	0	0	0	0	0	0	0	0	0	0	0	0	0.523732	0.523732	0.523732	1.57085	1.04738	1.04738	2.09405	1.04738	1.57085	3.13933	3.13933	1.57085	0.523732	0.523732	0	0	0	0	0	0	0	0.523732	0.523732	0.523732	1.04738	0.523732	0.523732	0.523732	0	0.523732	1.04738	0.523732	0.523732	1.57085	1.04738	0	0	0.523732	0.523732	0	0.523732	0.523732	0	0	0	0	0.523732	1.57085	1.04738	1.04738	1.04738
17.74	8.83225	8.83225	8.83225	8.3202	15.3341	14.8459	7.80681	4.7027	7.80681	3.13905	2.61667	2.61667	0.523684	1.04728	3.13905	1.5707	2.09386	4.7027	2.61667	2.61667	2.61667	2.61667	5.22248	5.74139	3.13905	2.61667	6.25936	3.6609	3.13905	3.13905	2.61667	5.74139	3.13905	2.61667	5.74139	6.77631	3.6609	3.6609	3.6609	3.6609	7.80681	4.18215	4.18215	4.18215	8.83225	8.83225	4.18215	4.18215	3.13905	5.74139	2.61667	2.09386	2.09386	0.523684	1.04728	2.61667	1.04728	1.5707	2.61667	1.04728	1.5707	1.5707	1.04728	1.04728	0	0	0	1.04728	1.04728	0.523684	0.523684	0.523684	0.523684	0	0	0	1.04728	1.04728	0.523684	0.523684	0	1.04728	1.04728	0.523684	1.5707	1.04728	1.04728	2.61667	1.5707	1.5707	4.18215	2.61667	2.09386	4.7027	2.61667	2.09386	2.09386	2.61667	5.74139	7.29215	4.18215	4.18215	7.29215	3.13905	2.61667	2.61667	2.61667	3.6609	1.5707	0.523684	0	0.523684	0.523684	0.523684	0.523684	0.523684	0	0.523684	1.04728	2.61667	3.6609	2.09386	3.13905	3.13905	2.61667	6.25936	3.6609	3.13905	3.13905	5.22248	5.22248	0	0	0	0.523684	0.523684	1.04728	1.04728	2.09386	2.09386	0	0	0	0.523684	0.523684	0.523684	0.523684	1.04728	2.09386	1.5707	0.523684	1.04728	1.5707	0.523684	0.523684	0.523684	1.04728	1.04728	0	0	0.523684	0	0.523684	0.523684	0.523684	0.523684	1.04728	0.523684	0	0	0.523684	0.523684	0	0	0	0	0	0.523684	0.523684	0	0.523684	1.04728	0.523684	0.523684	1.04728	0.523684	0.523684	0.523684	0.523684	0.523684	0	0	0	0	0	0	0	0	0	0	0	0	0	0	0.523684	0.523684	0.523684	1.5707	1.04728	1.04728	2.09386	1.04728	1.5707	3.13905	3.13905	1.5707	0.523684	0.523684	0	0	0	0	0	0	0	0.523684	0.523684	0.523684	1.04728	0.523684	0.523684	0.523684	0	0.523684	1.04728	0.523684	0.523684	1.5707	1.04728	0	0	0.523684	0.523684	0	0.523684	0.523684	0	0	0	0	0.523684	1.5707	1.04728	1.04728	1.04728
17.7381	8.83129	8.83129	8.83129	8.3193	15.3325	14.8443	7.80596	4.70219	7.80596	3.1387	2.61639	2.61639	0.523627	1.04717	3.1387	1.57053	2.09363	4.70219	2.61639	2.61639	2.61639	2.61639	5.22191	5.74077	3.1387	2.61639	6.25868	3.6605	3.1387	3.1387	2.61639	5.74077	3.1387	2.61639	5.74077	6.77557	3.6605	3.6605	3.6605	3.6605	7.80596	4.18169	4.18169	4.18169	8.83129	8.83129	4.18169	4.18169	3.1387	5.74077	2.61639	2.09363	2.09363	0.523627	1.04717	2.61639	1.04717	1.57053	2.61639	1.04717	1.57053	1.57053	1.04717	1.04717	0	0	0	1.04717	1.04717	0.523627	0.523627	0.523627	0.523627	0	0	0	1.04717	1.04717	0.523627	0.523627	0	1.04717	1.04717	0.523627	1.57053	1.04717	1.04717	2.61639	1.57053	1.57053	4.18169	2.61639	2.09363	4.70219	2.61639	2.09363	2.09363	2.61639	5.74077	7.29136	4.18169	4.18169	7.29136	3.1387	2.61639	2.61639	2.61639	3.6605	1.57053	0.523627	0	0.523627	0.523627	0.523627	0.523627	0.523627	0	0.523627	1.04717	2.61639	3.6605	2.09363	3.1387	3.1387	2.61639	6.25868	3.6605	3.1387	3.1387	5.22191	5.22191	0	0	0	0.523627	0.523627	1.04717	1.04717	2.09363	2.09363	0	0	0	0.523627	0.523627	0.523627	0.523627	1.04717	2.09363	1.57053	0.523627	1.04717	1.57053	0.523627	0.523627	0.523627	1.04717	1.04717	0	0	0.523627	0	0.523627	0.523627	0.523627	0.523627	1.04717	0.523627	0	0	0.523627	0.523627	0	0	0	0	0	0.523627	0.523627	0	0.523627	1.04717	0.523627	0.523627	1.04717	0.523627	0.523627	0.523627	0.523627	0.523627	0	0	0	0	0	0	0	0	0	0	0	0	0	0	0.523627	0.523627	0.523627	1.57053	1.04717	1.04717	2.09363	1.04717	1.57053	3.1387	3.1387	1.57053	0.523627	0.523627	0	0	0	0	0	0	0	0.523627	0.523627	0.523627	1.04717	0.523627	0.523627	0.523627	0	0.523627	1.04717	0.523627	0.523627	1.57053	1.04717	0	0	0.523627	0.523627	0	0.523627	0.523627	0	0	0	0	0.523627	1.57053	1.04717	1.04717	1.04717
17.7366	8.8305	8.8305	8.8305	8.31855	15.3311	14.843	7.80526	4.70176	7.80526	3.13842	2.61615	2.61615	0.523579	1.04707	3.13842	1.57039	2.09344	4.70176	2.61615	2.61615	2.61615	2.61615	5.22143	5.74024	3.13842	2.61615	6.25812	3.66017	3.13842	3.13842	2.61615	5.74024	3.13842	2.61615	5.74024	6.77496	3.66017	3.66017	3.66017	3.66017	7.80526	4.18131	4.18131	4.18131	8.8305	8.8305	4.18131	4.18131	3.13842	5.74024	2.61615	2.09344	2.09344	0.523579	1.04707	2.61615	1.04707	1.57039	2.61615	1.04707	1.57039	1.57039	1.04707	1.04707	0	0	0	1.04707	1.04707	0.523579	0.523579	0.523579	0.523579	0	0	0	1.04707	1.04707	0.523579	0.523579	0	1.04707	1.04707	0.523579	1.57039	1.04707	1.04707	2.61615	1.57039	1.57039	4.18131	2.61615	2.09344	4.70176	2.61615	2.09344	2.09344	2.61615	5.74024	7.2907	4.18131	4.18131	7.2907	3.13842	2.61615	2.61615	2.61615	3.66017	1.57039	0.523579	0	0.523579	0.523579	0.523579	0.523579	0.523579	0	0.523579	1.04707	2.61615	3.66017	2.09344	3.13842	3.13842	2.61615	6.25812	3.66017	3.13842	3.13842	5.22143	5.22143	0	0	0	0.523579	0.523579	1.04707	1.04707	2.09344	2.09344	0	0	0	0.523579	0.523579	0.523579	0.523579	1.04707	2.09344	1.57039	0.523579	1.04707	1.57039	0.523579	0.523579	0.523579	1.04707	1.04707	0	0	0.523579	0	0.523579	0.523579	0.523579	0.523579	1.04707	0.523579	0	0	0.523579	0.523579	0	0	0	0	0	0.523579	0.523579	0	0.523579	1.04707	0.523579	0.523579	1.04707	0.523579	0.523579	0.523579	0.523579	0.523579	0	0	0	0	0	0	0	0	0	0	0	0	0	0	0.523579	0.523579	0.523579	1.57039	1.04707	1.04707	2.09344	1.04707	1.57039	3.13842	3.13842	1.57039	0.523579	0.523579	0	0	0	0	0	0	0	0.523579	0.523579	0.523579	1.04707	0.523579	0.523579	0.523579	0	0.523579	1.04707	0.523579	0.523579	1.57039	1.04707	0	0	0.523579	0.523579	0	0.523579	0.523579	0	0	0	0	0.523579	1.57039	1.04707	1.04707	1.04707
17.7351	8.8297	8.8297	8.8297	8.3178	15.3298	14.8417	7.80455	4.70133	7.80455	3.13813	2.61591	2.61591	0.523531	1.04697	3.13813	1.57024	2.09325	4.70133	2.61591	2.61591	2.61591	2.61591	5.22096	5.73972	3.13813	2.61591	6.25755	3.65983	3.13813	3.13813	2.61591	5.73972	3.13813	2.61591	5.73972	6.77435	3.65983	3.65983	3.65983	3.65983	7.80455	4.18093	4.18093	4.18093	8.8297	8.8297	4.18093	4.18093	3.13813	5.73972	2.61591	2.09325	2.09325	0.523531	1.04697	2.61591	1.04697	1.57024	2.61591	1.04697	1.57024	1.57024	1.04697	1.04697	0	0	0	1.04697	1.04697	0.523531	0.523531	0.523531	0.523531	0	0	0	1.04697	1.04697	0.523531	0.523531	0	1.04697	1.04697	0.523531	1.57024	1.04697	1.04697	2.61591	1.57024	1.57024	4.18093	2.61591	2.09325	4.70133	2.61591	2.09325	2.09325	2.61591	5.73972	7.29004	4.18093	4.18093	7.29004	3.13813	2.61591	2.61591	2.61591	3.65983	1.57024	0.523531	0	0.523531	0.523531	0.523531	0.523531	0.523531	0	0.523531	1.04697	2.61591	3.65983	2.09325	3.13813	3.13813	2.61591	6.25755	3.65983	3.13813	3.13813	5.22096	5.22096	0	0	0	0.523531	0.523531	1.04697	1.04697	2.09325	2.09325	0	0	0	0.523531	0.523531	0.523531	0.523531	1.04697	2.09325	1.57024	0.523531	1.04697	1.57024	0.523531	0.523531	0.523531	1.04697	1.04697	0	0	0.523531	0	0.523531	0.523531	0.523531	0.523531	1.04697	0.523531	0	0	0.523531	0.523531	0	0	0	0	0	0.523531	0.523531	0	0.523531	1.04697	0.523531	0.523531	1.04697	0.523531	0.523531	0.523531	0.523531	0.523531	0	0	0	0	0	0	0	0	0	0	0	0	0	0	0.523531	0.523531	0.523531	1.57024	1.04697	1.04697	2.09325	1.04697	1.57024	3.13813	3.13813	1.57024	0.523531	0.523531	0	0	0	0	0	0	0	0.523531	0.523531	0.523531	1.04697	0.523531	0.523531	0.523531	0	0.523531	1.04697	0.523531	0.523531	1.57024	1.04697	0	0	0.523531	0.523531	0	0.523531	0.523531	0	0	0	0	0.523531	1.57024	1.04697	1.04697	1.04697
17.7336	8.82891	8.82891	8.82891	8.31705	15.3284	14.8404	7.80385	4.7009	7.80385	3.13785	2.61567	2.61567	0.523483	1.04688	3.13785	1.5701	2.09306	4.7009	2.61567	2.61567	2.61567	2.61567	5.22048	5.7392	3.13785	2.61567	6.25698	3.6595	3.13785	3.13785	2.61567	5.7392	3.13785	2.61567	5.7392	6.77373	3.6595	3.6595	3.6595	3.6595	7.80385	4.18055	4.18055	4.18055	8.82891	8.82891	4.18055	4.18055	3.13785	5.7392	2.61567	2.09306	2.09306	0.523483	1.04688	2.61567	1.04688	1.5701	2.61567	1.04688	1.5701	1.5701	1.04688	1.04688	0	0	0	1.04688	1.04688	0.523483	0.523483	0.523483	0.523483	0	0	0	1.04688	1.04688	0.523483	0.523483	0	1.04688	1.04688	0.523483	1.5701	1.04688	1.04688	2.61567	1.5701	1.5701	4.18055	2.61567	2.09306	4.7009	2.61567	2.09306	2.09306	2.61567	5.7392	7.28938	4.18055	4.18055	7.28938	3.13785	2.61567	2.61567	2.61567	3.6595	1.5701	0.523483	0	0.523483	0.523483	0.523483	0.523483	0.523483	0	0.523483	1.04688	2.61567	3.6595	2.09306	3.13785	3.13785	2.61567	6.25698	3.6595	3.13785	3.13785	5.22048	5.22048	0	0	0	0.523483	0.523483	1.04688	1.04688	2.09306	2.09306	0	0	0	0.523483	0.523483	0.523483	0.523483	1.04688	2.09306	1.5701	0.523483	1.04688	1.5701	0.523483	0.523483	0.523483	1.04688	1.04688	0	0	0.523483	0	0.523483	0.523483	0.523483	0.523483	1.04688	0.523483	0	0	0.523483	0.523483	0	0	0	0	0	0.523483	0.523483	0	0.523483	1.04688	0.523483	0.523483	1.04688	0.523483	0.523483	0.523483	0.523483	0.523483	0	0	0	0	0	0	0	0	0	0	0	0	0	0	0.523483	0.523483	0.523483	1.5701	1.04688	1.04688	2.09306	1.04688	1.5701	3.13785	3.13785	1.5701	0.523483	0.523483	0	0	0	0	0	0	0	0.523483	0.523483	0.523483	1.04688	0.523483	0.523483	0.523483	0	0.523483	1.04688	0.523483	0.523483	1.5701	1.04688	0	0	0.523483	0.523483	0	0.523483	0.523483	0	0	0	0	0.523483	1.5701	1.04688	1.04688	1.04688
64.3466	64.7192	65.0702	65.4364	65.746	66.1695	66.5186	66.6978	66.802	66.8458	66.796	66.7335	66.6516	66.5234	66.2285	65.7535	65.3488	65.0735	64.6546	64.211	63.9105	63.6035	63.3166	62.8979	62.2337	61.643	61.2219	60.4931	59.5993	58.9481	58.3099	57.6831	56.7408	55.6734	54.9944	54.0494	52.726	51.7033	51.0388	50.3035	49.6021	48.6355	47.3722	46.5196	45.6394	44.2953	42.0882	40.1895	39.106	38.0336	36.8201	35.5103	34.7953	34.0838	33.7037	33.9759	34.7188	35.3058	35.8291	36.7773	37.5896	38.1649	38.8062	39.3538	39.8962	40.2776	40.5057	40.8823	41.1872	41.2595	41.3297	41.4769	41.5494	41.5494	41.5479	41.6212	41.6942	41.5574	41.335	41.1817	41.0332	40.8069	40.2017	39.4309	38.8785	38.1616	37.4249	37.0114	36.4476	35.7454	35.3148	34.7921	34.0161	33.5503	33.0342	32.1829	31.796	31.6068	31.2377	30.5885	29.4017	27.7746	26.8644	26.1193	24.5629	24.1086	23.8912	23.5531	23.3426	23.1782	23.2436	23.4607	24.1169	24.7688	25.0929	25.3072	25.6259	26.1567	26.5807	26.6945	26.774	26.9809	27.059	27.3424	27.5473	27.7105	28.3405	28.091	28.2696	28.6717	29.2927	29.6835	29.5293	29.5293	29.5293	29.4351	29.2363	29.0482	28.8479	28.5046	27.8968	27.0994	26.2637	25.5207	24.4456	23.2389	22.5739	22.1261	21.4531	20.2192	18.6917	17.6143	16.7851	15.5887	14.5969	13.9809	13.2392	12.3779	11.116	10.1049	9.353	8.16294	6.67585	5.61081	4.96736	4.44822	3.92856	3.03261	1.96659	1.17034	0.523426	1.85005	3.15931	4.21273	5.24609	6.27815	7.72811	8.9645	9.84778	10.8609	11.878	13.244	14.9624	16.2968	17.1375	18.2079	19.263	19.8451	20.3068	20.8791	21.6742	22.2374	22.2374	22.0128	21.6755	21.2221	20.7658	20.3068	19.7311	18.8046	17.9715	17.6143	17.2583	16.8982	16.7779	16.9018	17.1411	17.4966	18.1216	18.5794	18.814	19.221	19.5139	19.7724	20.0532	19.8612	19.3268	18.926	18.4567	17.9715	17.3797	16.8982	16.4215	15.6966	14.4987	12.7723	11.6413	11.1394	10.7536	10.325	9.6244	9.11657	8.60751	8.06431	7.36217	6.54348	5.90427	5.64685	5.61078	5.32298	5.09205	4.83237	4.72944	4.72944	4.70065	4.72944	4.72944	4.70065	4.70065	4.44822	3.92856	3.58878	3.68246	3.30701	3.22874	2.98723
64.2553	64.6976	65.0477	65.4148	65.7298	66.1279	66.4836	66.6858	66.7988	66.8439	66.7952	66.7336	66.6516	66.5234	66.2317	65.7515	65.3468	65.0703	64.6451	64.2063	63.9057	63.5986	63.3115	62.8832	62.2156	61.6357	61.2165	60.4714	59.5898	58.9406	58.3021	57.6773	56.7183	55.664	54.9861	54.0155	52.6672	51.6833	51.0175	50.2811	49.579	48.531	47.3377	46.4831	45.6007	44.1108	41.8742	40.1348	39.0475	37.9969	36.6943	35.4812	34.7743	34.062	33.7012	33.9698	34.6872	35.2989	35.8179	36.7533	37.5841	38.1548	38.7964	39.3486	39.8936	40.2759	40.5063	40.8868	41.1884	41.2569	41.3294	41.4766	41.5468	41.5468	41.5453	41.6194	41.6916	41.5638	41.3363	41.1815	41.0329	40.8075	40.209	39.4284	38.8786	38.1591	37.4194	37.0048	36.4189	35.733	35.3034	34.7257	33.9881	33.5329	32.9476	32.1519	31.7839	31.5946	31.2051	30.4417	29.1398	27.6744	26.7719	25.8257	24.5024	24.0866	23.8689	23.5143	23.3103	23.1928	23.2417	23.468	24.1328	24.7668	25.0888	25.3031	25.6238	26.1722	26.5843	26.6924	26.7719	27.0067	27.0736	27.364	27.5686	27.7279	28.3812	28.0888	28.3156	28.7165	29.3616	29.7508	29.5271	29.5271	29.5271	29.4377	29.2389	29.0542	28.854	28.5584	27.9527	27.1268	26.2928	25.537	24.5197	23.2558	22.572	22.1243	21.4513	20.1975	18.6901	17.623	16.7837	15.5874	14.5957	13.9932	13.2525	12.3768	11.1851	10.13	9.46449	8.54468	6.92238	5.64634	4.9669	4.44781	3.92821	3.1428	2.06809	1.88647	1.56978	3.15891	4.06432	4.46303	5.44817	6.44699	8.13967	9.02998	9.90022	10.9079	11.9637	13.4101	15.0484	16.3255	17.1467	18.2457	19.2705	19.8434	20.3051	20.8856	21.6932	22.2381	22.2381	22.0135	21.6841	21.231	20.7751	20.3165	19.756	18.8814	17.9833	17.6162	17.2708	16.9004	16.7764	16.8968	17.136	17.4951	18.0903	18.5683	18.803	19.1826	19.5032	19.756	20.0515	19.9412	19.3464	18.9493	18.4809	17.9833	17.4095	16.9004	16.4536	15.7307	14.708	13.0143	11.6847	11.1851	10.7708	10.4565	9.67819	9.17365	8.66826	8.0966	7.57662	6.75532	5.93795	5.68214	5.69399	5.3225	5.10488	4.84595	4.72901	4.72901	4.70022	4.72901	4.72901	4.70022	4.70022	4.50849	3.9969	3.64496	3.80938	3.30671	3.33237	3.09906