0.253036	0.400079	0.400062	0.759068	0.645093	0.253036	1.61977	2.16091	2.27614	2.39911	2.16091	1.39717	0.506062	0.536744	0.800118	0.645093	0.894526	1.13146	1.20008	0.645093	0.357835	0.715642	1.0882	1.25224	1.30235	2.15347	1.44218	0.565785	1.26498	1.76163	1.30235	0	0.400079	0.506035	0.759028	0.894549	1.79754	0.800118	0.565767	0.645061	0.357835	0.565785	0.400079	0.253022	0.400062	1.04313	0.894503	1.4422	1.44218	0.737655	0.963439	1.13146	1.07339	1.26494	0.912248	1.26496	1.26496	0.715642	0.357835	0.536744	0.737674	1.13142	0.800085	0.536744	0.400079	1.36233	1.61977	1.51787	1.20008	1.14552	1.26496	0.737674	0.400079	1.26491	1.04313	0.178919	0.506035	0.506035	0.565767	1.59986	1.08819	1.47507	0.963404	1.04313	0.912248	0.912248	0.400062	0.506062	0.645093	0.912248	1.52836	1.53879	1.04318	0.400079	0.400079	0.800118	0.737674	0.400062	0.912229	0.536744	0.565785	1.29002	1.14552	0.400079	0.178919	0.178919	0.357835	0.912229	0.759068	1.04318	1.0882	0.800118	0.400079	0.536744	0.645093	0.800085	0.253022	0	0.178919	0.536744	0.565785	0.737655	0.357835	0.357835	0.253022	0.178919	0.400079	0.800118	0.400079	0.400062	0.178919	0.178919	0.536744	0.894526	0.759068	0.506062	0.400062	0.253022	0.400062	0.715642	0.645093	0.400079	0.400062	0.400079	0.912248	0.536744	0.178919	0.400062	0.253022	0.178919	0.253036	0.253022	0.737674	0.894549	0.178919	0.912248	1.13146	1.01204	1.13146	0.800118	0.565785	1.13146	1.52836	0.800118	0.178919	0.894503	0.645061	0.178919	0.645061	0.645061	0.400079	0.737655	0.357835	0.536744	0.715642	0.715642	0.565785	0.715642	0.737655	0.400062	0.253036	0.737655	1.26491	0.253022	0.400079	1.04313	0.400062	0.400062	0.737655	1.4422	1.30235	0.400079	0.178919	0.253036	0.400062	0.506035	0.400062	0.565767	0.178919	0	0.178919	0.357835	0	0.400079	0.536744	0.400062	0.253022	0.506035	0.253022	0.178919	0.400062	0.178919	0.178919	0.400062	2.91002	4.68583	1.26494	0.894526	0.912229	1.08819	0.737674	1.78857	0	0.400062	0.400062	0.357835	0.536744	0.506035	0.400079	0.737655	1.99953	2.68184	1.86734	0.800118	0.645093	0.506062	0.253022	0.400062	0.178919	0.253036	0.178919	0	0.253022	0.400062	0.357835	0.178919	0	0	0.178919	0.253036	0.178919	0	0	0	0	0
0.89447	0.565735	0.253	0.536696	0.800014	0.50599	0.357803	0.800048	0.800048	0.894447	1.26483	0.912148	0.565735	1.08811	0.963354	0.963354	1.47497	1.68733	1.68733	1.28991	0.645036	0.178903	0.50599	0.645004	1.2648	1.08811	2.60305	0.894447	0.400026	0.894424	0.253	0.565717	0.253	0.963319	0.357803	1.13132	1.0733	0.894424	0.912167	0.912148	0.253013	0.536696	0.536696	0.758961	0.536696	0.400026	1.36221	0.253013	1.68725	0.800014	0	0.400026	0.73759	1.13132	0.715579	1.13132	0.715579	0.400043	0.178903	0.800048	0.89447	1.3022	0.73759	0.178903	0.178903	0.912148	1.04309	1.08811	0.715579	0.800048	0.800048	0.737608	0.759001	0.912148	0.758961	0.400026	0.357803	0.800014	0.645004	1.2648	0.73759	1.19992	0.253	1.39697	0.400043	1.08809	0.357803	0.400026	0.253013	0.963319	1.47494	0.800048	0.357803	0.400026	0.912148	0.89447	1.0733	0.357803	0.50599	0.894424	0.536696	0.506017	0.800014	0.800014	0.506017	0.536696	0.253	0.73759	0.400043	0.178903	0.645004	0.400026	0.400026	0.253013	0.400043	0.715579	0.737608	0.759001	0.737608	0.800014	0.178903	0.894424	0.178903	0.178903	0.357803	0.357803	0.73759	0.645036	0.645004	0.565717	0.253013	0.400026	0.800014	0.73759	0.253013	0.400043	0.400043	0.178903	0.178903	0.400043	0.536696	0.400043	0.400043	0.645004	0.715579	0.357803	0.400026	0.178903	0.178903	0.400043	0.506017	0.506017	0.506017	0.357803	0.800014	0.645036	0.912167	0.759001	0.912167	0.912148	0.536696	1.82383	1.28991	1.3022	0.400026	1.0119	0.50599	0.400026	0.565717	0.565717	0.400026	0.50599	0.178903	0.565717	0.565717	0.565717	0.400026	0.50599	0.894424	0.565717	0.178903	0.894424	1.53858	0.253013	0.400026	1.14536	0.565717	0.565717	1.04304	1.44203	0.400043	0.400026	0.400026	0.253013	0.178903	0.50599	0.178903	0.565717	0.400026	0	0	0.178903	0.400026	0.73759	0.645036	0.800014	0.178903	0.565717	0.400026	0	0.178903	0.178903	0	0.800014	3.07495	5.30386	1.0119	0.894424	0.645004	1.28985	0.715579	2.28981	0	0.50599	0.178903	0.253013	0.178903	0.178903	0.565735	1.08811	3.43243	2.72872	0.645036	0.253013	0.565735	0.737608	0.357803	0.50599	0.400026	0.253013	0.400026	0	0.178903	0.400043	0.536696	0.400026	0	0	0	0	0	0	0	0	0	0
1.78835	1.93428	1.39692	0.799976	1.13121	0.799931	0.178886	0.565683	0.565683	0.252973	0.89436	1.47484	1.39692	1.36214	1.36214	1.19987	1.25201	0.912082	0.963266	0.894391	0.912082	0.758934	0.912082	0.963266	1.78828	1.5176	2.09284	0.75888	0.565659	1.14524	0.357769	0.715509	0.536644	0.75888	0.252991	1.39682	0.505937	1.28971	0.894391	1.26473	0.536644	0.357769	0.715509	0.505937	0.799976	0.799976	1.28971	0.644936	1.30207	1.52808	1.53852	0.758934	0.565659	0.912057	0.912082	0.912057	0.399985	0.178886	0.399985	0.178886	0.565683	0.912057	0.178886	0.963266	1.39692	1.68718	1.53852	1.61944	0.89436	0.89436	0.894391	0.644979	0.178886	0.505937	0.799931	0.536644	0.252973	1.04293	0.536644	0.644936	0.565683	0.912057	0.399985	1.47479	1.08801	0.737515	0.505937	0.644936	0.73754	1.25201	1.04293	0.178886	0.799976	1.13126	1.44194	1.14532	0.89436	0.252973	0.399985	0.737515	0.912082	0.565683	0.75888	1.14524	0.178886	0.565659	0.536644	0.357769	0.178886	0.252973	0.252973	0.565683	0.963266	1.14532	1.14532	1.19987	1.53852	1.77039	1.39692	0.715509	0.178886	0.89433	0.178886	0.178886	0.399985	0.565659	0.89433	0.178886	0.75888	0.536644	0.799976	0.799976	0.399985	0.89436	0.357769	0	0.357769	0.505972	0.357769	0	0.399985	0.400007	0.357769	1.14524	0.252973	0.912057	0.565683	0.178886	0	0.357769	0.357769	0.178886	0.252991	0.737515	0.96322	0.252991	0.565659	0.178886	0.399985	0.912057	0.912082	1.39682	0.799976	1.13121	0.400007	0.912057	0.252973	0.399985	0.399985	0.565659	0.399985	0.505937	0	0.505937	0.399985	0.565659	0.565659	0.565659	0.75888	0.536644	0.505972	0.799931	1.1998	0.565683	0.178886	0.799931	0.644936	0.536644	1.1998	1.44188	0.400007	0.399985	0.399985	0.252991	0.178886	0.505937	0	0.505937	0.644936	0.400007	0.644979	0.758934	0.400007	0.737515	0.644979	0.644936	0.252991	0.399985	0.399985	0.252991	0.178886	0.178886	0.400007	0.799931	3.57297	5.63843	1.07319	1.1998	0.536644	0.89433	0.912082	1.77026	0.644979	0.89436	0.758934	0.644979	0.963266	1.14532	0.644979	0.565659	4.04874	3.1615	0.399985	0.178886	0.399985	0.399985	0.357769	0.536644	0.565659	0.252991	0.252973	0.252991	0.178886	0	0.399985	0.565659	0.178886	0	0	0	0	0	0	0	0.178886	0.400007
1.92579	1.90076	1.52792	0.799892	1.1311	1.28959	0.399949	0.911971	0.565625	0.252951	0.644911	1.28966	1.44182	1.362	1.362	1.1452	1.0879	0.91199	0.894296	0.963167	0.91199	0.758854	0.91199	0.894296	1.47469	1.51744	1.0879	0.252951	0.565607	1.3967	0.357734	0.71544	0.399966	0.252951	0.252964	1.14514	0.505892	0.799859	1.0879	1.04289	1.19969	0.357734	0.71544	0.505892	0.799892	1.07309	1.78807	0.894251	0.737465	1.39677	1.69643	1.26458	0.565607	0.565625	0.91199	0.565625	0.178869	0.399949	0.178869	0.399949	0.911971	0.565625	0.644879	1.44178	1.44182	1.64868	1.69643	2.03853	1.08788	1.08788	0.963167	0.894273	0.399949	0.505892	1.28959	0.399966	0.758813	1.04284	0.399966	0.178869	0.565625	0.565625	1.14514	1.07309	1.25189	0.399966	0.505892	0.894251	1.30195	1.0879	0.252964	0.644879	0.799892	1.13114	1.30198	1.19974	0.644911	0.252951	0.178869	0.399966	0.91199	0.911971	0.252951	1.3967	0.399949	0.565607	0.399966	0.357734	0.399949	0.758813	0.252951	0.565625	0.894296	1.19974	1.19974	1.1452	1.53836	1.7702	1.52792	0.71544	0.399949	0.644879	0.399949	0.399949	0.178869	0.565607	0.644879	0.399949	0.252951	0.399966	1.07309	0.799892	0.894251	1.08788	0.799859	0	0.799859	0.505919	0.799859	0	0.178869	0.536592	0.799859	1.3967	0.252951	1.36194	0.565625	0.399949	0	0.799859	0.799859	0.399949	0.252964	0.963132	0.737447	0.252964	0.565607	0.399949	0.178869	0.565625	0.91199	0.178869	1.07309	0.505919	0.737447	0.565625	0.252951	0.178869	0.178869	0.565607	0.178869	0.505892	0	0.505892	0.178869	0.565607	0.565607	0.565607	0.252951	0.399966	0.505919	0.357734	0.536592	0.911971	0.644879	0.357734	0.894251	0.399966	1.44175	1.19969	0.536592	0.178869	0.178869	0.252964	0.399949	0.505892	0	0.505892	0.894251	0.536592	0.737465	0.758854	0.737447	0.399966	0.737465	0.178869	0.252964	0.178869	0.178869	0.252964	0.399949	0.399949	0.536592	0.357734	4.57144	5.63793	0.799892	1.44175	0.399966	0.399949	0.91199	0.252951	0.737465	1.08788	0.758854	0.737465	1.44178	1.19974	0.894273	0.565607	4.04839	3.41316	0.178869	0.399949	0.178869	0.178869	0.357734	0.399966	0.565607	0.252964	0.252951	0.252964	0.399949	0	0.178869	0.565607	0.399949	0	0	0	0	0	0	0	0.399949	0.536592
1.01162	0	0.894172	0.565575	1.26449	1.97471	0.894217	0.799788	0.505847	0.505847	0.505847	0.178853	0.252929	0.644854	1.13104	0.894217	0.39993	0.357702	0.39993	0.252929	0.565575	0.894217	1.13104	1.01167	1.0878	0.644854	0.39993	0.252929	0.565557	1.90049	0.894194	0.894194	0.505874	0.505874	0.357702	1.28948	0.715377	0.894217	1.44167	0.715377	1.51723	0.357702	0.715377	0.799788	0.505847	0.894172	1.84073	1.26447	0.758787	0.963082	1.25177	1.52774	0.536545	0.399913	1.073	0.894217	0.565575	0.644822	0	0.505847	0.894172	0.39993	1.131	1.59926	0.536545	0.178853	1.01162	2.0226	1.01162	0.799788	0.7374	0.737382	0.399913	0.399913	1.39658	0.39993	1.131	0.644822	0.39993	0.357702	0.357702	0.39993	0.963047	0.799822	0.505847	0.715377	0.715377	1.131	1.01162	0.737382	0.252942	0.911891	0.252929	0.911891	1.0878	0.963082	0.565575	0.399913	0.178853	0.565557	0.399913	0.894172	0.565575	1.19958	0.39993	0.7374	0.399913	0.644854	1.08778	0.565557	0.7374	0.357702	0	0.505847	0.799788	0.644854	1.04279	1.26451	0.7374	0.737382	0.894194	0.737382	0.565575	0.7374	0.39993	0.399913	0.357702	0.357702	0.178853	0.252942	1.04275	0.644822	1.39658	0.894172	0.894172	0.252929	1.04275	0.39993	1.073	0.894217	0.644854	0.715377	1.08778	1.64847	1.13104	0.963047	0.737382	0.536545	0.39993	0.799788	0.799788	0.7374	0.644854	1.08778	0.963082	1.01167	0.963082	0.911909	0.758787	0.565575	0.565575	1.0878	0.715377	0.505847	0.799788	0.505874	0.536545	0.178853	0.178853	0.399913	0.178853	0.399913	0.178853	0.536545	0.357702	0.399913	0.565557	0.536545	0.39993	0.252942	0.39993	0.39993	0.252942	0.894172	0.799788	0.39993	1.14504	0	1.39658	0.963047	0.715377	0.39993	0.178853	0	0.505847	0.399913	0.39993	0.715377	0.799788	0.399913	0.565557	0.252942	0.894172	0.505847	0.399913	0.536545	0.39993	0.252942	0.252942	0.178853	0.505847	0.399913	0.536545	0.39993	4.43364	5.44359	1.39665	1.97471	1.1451	1.073	0.357702	0.799788	0.894217	0.911909	0.252929	0.399913	1.28948	0.357702	1.01162	1.30183	4.07543	3.07408	0	0.505847	0	0	0.505847	0.178853	0.565557	0.178853	0.399913	0.252942	0.399913	0	0	0.505847	0.505847	0	0	0	0	0	0	0	0.399913	0.536545
0.758666	0.252915	0.399871	0.799737	1.19951	1.97452	1.59916	0.894123	0.737304	0.644754	0.399871	0.357664	0.399871	0.911813	1.19951	1.28941	1.13092	0.565515	0	0.252902	0.911813	1.44154	1.28941	1.01156	1.36173	1.44154	1.13092	0.8941	0.715301	2.18184	0.505794	1.13088	0.758706	0.644785	0.357664	1.13088	1.19951	1.08769	0.911794	1.30169	1.19946	0	0.357664	0.8941	0.911813	1.08769	1.79668	2.03819	1.64836	1.53806	1.36173	1.26434	0.399888	1.01151	1.04264	0.399871	0.505794	0.894077	0.252915	0.178834	0.911813	0.894123	0.737304	1.19946	0.799737	0.644785	0.962945	1.76976	1.04264	0.252902	0.505821	0.644785	0.252915	0.178834	1.08767	1.04268	1.07288	0.252902	0.565515	0.644754	1.04268	1.13092	0.357664	0.399871	0.644785	0.911794	0.565497	1.04264	0.178834	0.8941	0.962945	0.399871	0.737322	1.25164	0.715301	0.357664	0.252902	0.399888	0.565515	0.536488	0.357664	0.715301	0.737322	0.252902	0.565515	0.565515	0.911794	0.565497	1.14492	0.178834	0.252902	0	0	0.399888	1.08767	0.399888	0.737322	1.01156	0.8941	0.178834	0.758666	0.644754	0.565515	0.644785	0.565497	0.252915	0.644785	0.565515	0.357664	0.399888	1.07288	0.911813	0.894077	0.399871	0.8941	0.8941	1.08767	0.715301	0.252915	0.799737	0.737322	0.536488	0.715301	1.43038	1.04268	0.357664	0.505794	0.357664	0.644754	0.357664	0.399871	0.505794	0.357664	0.357664	0.894123	1.01156	0.758706	0.536488	0.252915	0.644754	0.536488	1.25164	0.715301	0.644754	0.252902	0.252915	0.178834	0.252902	0.399871	0.357664	0.399871	0.399871	0.399871	0.178834	0.758666	0.357664	0.536488	0.565515	0.536488	0.565515	0.96298	0.96298	0.644785	0.565497	0.399888	0.799737	1.59909	0.252902	1.19946	0.8941	0.96298	0.911813	0.536488	0.252915	0.565497	0.399888	0.565515	0.536488	0.399871	0.178834	0.536488	0.399888	0.644754	0.505794	0.252902	0.252902	0.252902	0.178834	0.399888	0.565515	0.536488	0	0.399888	0.536488	3.29383	4.71398	1.59916	1.26434	0.399888	0.357664	0.357664	1.47436	1.04268	0.799703	0.536488	0	0.758666	0.252915	1.8664	3.39856	3.78809	1.59909	0.399888	0.252902	0.178834	0	0.357664	0.536488	0.178834	0.536488	0.357664	0.178834	0.178834	0.252915	0.252915	0.252902	0.565497	0.178834	0	0	0	0	0	0	0.178834	0.357664
0.252879	0.252893	0.178818	0.505749	0.252893	1.08759	1.47427	1.13082	1.08759	1.30161	1.1994	0.894044	1.13082	1.68652	1.90022	1.28929	0.178818	0.799666	0.962895	0.737257	0.96286	0.399836	0.178818	0.252893	0	0.53644	0.911714	0.911714	0.357633	1.47423	1.53793	0.911732	0.178818	0.178818	0.399853	0.399853	1.26427	2.08449	2.72755	2.08449	0.799666	0.178818	0.357633	1.08757	0.737257	0.737257	1.13082	1.64819	1.53793	1.53793	1.04259	0.252879	0.357633	0.911714	1.47427	1.28929	0.799666	0.96286	0.252893	0.399836	0.252879	0.357633	0.758639	1.30161	1.13082	0.644728	0.565447	1.19935	1.26422	0.758639	0.715238	0.565447	0.799666	0.894044	1.39638	1.51701	1.04259	1.07279	0.737257	1.52744	1.08759	1.25153	1.07279	1.07279	0.505776	0.96286	0.715238	0.644697	0	0.399836	0.96286	0.799666	1.25153	0.911732	0.399853	0.357633	0.53644	0.505776	0.178818	0.178818	0.252879	0.252893	0.178818	0.53644	0.399853	0.357633	0.737238	0.894021	0.399836	0.758639	0.962895	0.644728	0.505776	0.565465	0.252879	0.399853	0.799633	0.399853	0.505749	0.799666	0.911732	0.53644	0.565447	0.252879	0.893998	0.565447	0.399853	0.565447	0.399836	0.399836	0.758639	1.01147	0.565465	0.178818	0.399836	0.799666	1.47427	1.43025	0.911732	0.799666	0.737257	0.758639	0.894044	0.53644	0.357633	0.565447	0.565465	0.962895	1.36156	0.252893	0.894021	1.61885	1.04259	0.565447	0.178818	0.178818	0.252879	0.178818	0.565465	0.715238	0.893998	0.715238	1.25153	0.894021	0.644728	0.758639	0.644728	0.252893	0.505749	0.399836	0.565447	0.758599	0.53644	0.505776	1.13078	0.644728	0.799666	0.715238	0.53644	0.894021	0.737257	0.737257	0.737257	0.252893	0.178818	0.357633	1.64813	0.799633	1.07279	1.1994	1.39638	1.76064	1.76064	1.1994	0.911714	0.252893	0.357633	0.178818	0.399836	0.178818	0.178818	0.399836	0.399836	0.565447	0.357633	0.53644	0.399853	0.357633	0.399836	0.252893	0.399853	0.357633	0.252893	0.399836	2.90838	4.04725	0.799633	0.53644	0.357633	0	0.505749	1.51693	0.252893	1.44135	0.357633	0.505776	0.737257	2.72169	4.37532	3.76677	1.79651	0.252879	0.399836	0.178818	0.505749	0.252893	0.252893	0.53644	0.565447	0.399836	0.399836	0.252879	0	0	0	0.178818	0.53644	0.53644	0.178818	0	0	0.178818	0.252893	0.178818	0.178818	0.357633
0.565413	0.565413	0.399794	0.505696	0.399794	0.357598	0.799549	0.799549	0.536388	0.737188	0.911647	0.893964	1.39626	2.33007	2.77941	2.65623	1.79635	0.644629	0.799594	0.644671	0.357598	0.737188	0.252871	0.178801	0.399817	0.252871	0.758519	0.893904	0.399817	0.893964	1.19929	0.911622	0.252853	0.644629	0.399817	0.911647	1.0425	0.737188	0.252871	0.799594	0.893964	1.0425	0.799594	0.962761	0.357598	0.357598	0.357598	0.715168	0.799594	0.737188	0.962761	0.357598	0.737164	0.893964	1.44128	1.28918	1.01138	0.911647	0.505731	0.799594	1.0425	0.962807	0.644671	0.737164	0.737164	0.893964	1.14477	0.911647	0.962761	0.178801	0.758519	1.44119	1.01138	1.01138	0.505731	0.357598	0.565413	1.13072	1.30149	0.962761	0.893904	0.737164	1.07268	1.07268	0.799594	1.13072	1.19929	0.565389	0.565389	1.08746	0.893964	0.252871	0.893904	0.399794	0.178801	0.536388	0.758572	0.799594	0.737164	0.252871	0.178801	0.178801	0.399794	0.357598	0.357598	0.399794	0.644629	0.644629	0.357598	0.178801	0.505696	0.252853	0	0.252871	0.565413	0.644629	0.644629	0.565389	0.505731	0.715168	0.644671	0.799594	0.737188	0.893934	1.30145	1.1447	0.252853	1.08746	0.962807	0.893934	0.799594	0.758572	0.399794	0.399794	0.399794	0.399794	0.536388	1.44123	1.13072	1.0425	1.0425	1.0425	0.893964	0.644671	0.715168	0.399817	0.799549	0.399794	1.2891	0.399817	1.19923	1.36142	1.04243	0.758519	0.178801	0.357598	0.399794	0.178801	0.737164	0.399817	1.1447	0.357598	0.737164	0.252853	0.505696	0.399817	0.536388	0.399794	0.505696	0.505696	0.399794	1.04243	0.178801	0.399817	0.893904	0.357598	0.565413	0.893934	0.799594	0.536388	0.252871	0.399817	0.399794	0.252853	0.178801	0.536388	1.2891	1.1447	0.758572	1.28918	1.14477	1.39626	2.08431	2.21059	1.82278	0.399817	0.536388	0.505731	0.536388	0.357598	0.252871	0.565389	0.399817	0.715168	0.399817	0.565389	0.252871	0.357598	0.536388	0.536388	0.178801	0.178801	0.252871	0.357598	3.16	4.16665	0.505696	0.536388	0.536388	0.252871	0.536388	1.44123	1.01138	0.644629	0.737164	0.357598	1.2891	2.97308	3.1195	1.08749	0.357598	0.357598	0.644629	0.178801	0.893904	0.399817	0.357598	0.252853	0.565389	0.399817	0.252853	0.399817	0.399817	0.399817	0.644671	0.505731	0.357598	0.536388	0.536388	0.178801	0	0.252853	0	0.252853	0.252853	0.178801
0.893847	0.893847	1.08738	0.799511	0.178783	0.715099	0.893847	0.25283	0.565355	0.536336	0.565355	0.644603	0.357563	0.893825	0.252844	1.14459	1.76023	1.59864	0.178783	0.505651	0.399758	0.758452	0.715099	0.715099	0.178783	0.178783	0.799477	0.758452	0.357563	0.399758	0.399775	1.5272	2.15189	1.51672	0.644603	0.89387	1.39611	1.8401	1.92487	1.14465	0.644603	0.399775	0.252844	0.737095	0.565355	0.399775	0.178783	0.25283	0.178783	0.536336	1.07258	1.14465	1.1306	1.08738	1.14465	1.36135	1.39611	1.39611	1.14465	0.89387	0.644603	0.399775	0.178783	0.536336	1.14465	1.59871	1.51672	1.39611	1.1306	0.737114	0.911537	1.99801	0.644603	0.758452	0.911555	0.89387	0.962708	1.04239	0.737114	0.357563	1.14459	0.252844	0.893847	1.07258	0.799511	0.799511	0.799511	1.47395	0.715099	1.39603	0.25283	0.252844	0.962708	1.30136	0.911555	0.715099	0.644603	0.737114	0.565337	0.178783	0.178783	0.357563	0.252844	0.178783	0.536336	0.799511	0.911555	0.399758	0.505678	0.758492	0.737114	0.565355	0.357563	0.252844	0.536336	0.758452	0.565337	0.644572	0.178783	0.536336	0.505678	0.758492	0.89387	0.536336	0.962673	1.64783	0.505678	1.04234	0.644603	0.536336	1.07258	1.53763	1.60863	0.252844	0.565337	0.25283	0.252844	0.644572	0.89387	1.14465	0.89387	0.505678	0.357563	0.357563	0.25283	0.252844	0.505651	0.357563	0.758452	0.399758	0.962673	1.59864	1.01122	0.893825	0	0.25283	0.644572	0.715099	0.893847	0.505678	1.30132	0.565355	0.178783	0.799511	1.25129	0.799511	0.911555	0.565355	0.25283	0.565355	0.644603	0.644572	0.644572	0.178783	0.505651	0.536336	0.565355	0.536336	0.357563	0.252844	0.357563	0.565355	0.644603	0.178783	0	0.644603	1.44111	1.78726	1.264	0.799511	0.962708	0.893847	0.536336	1.78726	2.55807	1.08738	0.536336	0.252844	0.178783	0.25283	0	0.505651	0.178783	0.565337	0.252844	0.565337	0.178783	0.25283	0.178783	0.565337	0.357563	0.399775	0.505678	0.536336	2.90782	4.10876	0.962708	0.399775	0.178783	0.178783	0.399758	0.399758	0.644603	0.89387	1.28904	1.04239	0.565355	3.75333	4.5171	3.93123	4.03882	3.38829	1.99804	0.178783	1.01122	0.399758	0.565337	0.505651	0.178783	0.178783	0.252844	0.252844	0	0.357563	0.178783	0.178783	0.357563	0.357563	0.536336	0.565355	0.505678	0.252844	0.178783	0.178783	0.178783	0.252844
1.30124	1.30124	1.08728	0.565303	0.399717	0.89373	0.565279	0.644504	0.644546	0.91147	0.758425	0.565303	0.252804	0.737045	1.01119	0.737045	1.26382	1.68594	0.536284	0.252804	0.565279	1.04223	0.962574	0.962574	0.399717	0.357529	0.737021	0.252804	0.399717	0.505597	0.399717	0.565303	0.758425	1.19899	0.178766	0.911445	0.758425	0.893791	1.42984	1.1305	1.14455	1.0423	0.565303	0.565303	0.893791	0.799439	0.357529	0.399717	0.252804	0.644546	1.1305	0.799439	0.399739	0.962574	0.505633	0.715029	0.737045	0.758425	0.737045	0.536284	0.252821	0.252821	0.399717	0.357529	0.737045	0.565303	0.252821	0.252821	0.178766	0.505597	0.89373	2.03732	0.252804	1.44091	0.737021	0.252821	0.644546	1.19906	1.0423	0.737021	1.39589	0.178766	0.505597	0.644504	0.178766	0.178766	0.536284	1.25117	0.893791	0.644504	0.644546	0.644504	0.565303	1.08725	1.14447	0.252804	0.565303	0.399739	0.178766	0.399717	0.399717	0.565279	0.399717	0.178766	0.178766	0.715029	0.893791	0.565279	0.536284	0.505633	0.399739	0.178766	0.799394	0.737045	0.911445	0.252804	0.565279	0.252804	0.399739	0.399739	0.252821	0.399717	0	0.357529	0	1.25117	1.36116	0.893791	1.28893	0.715029	1.78703	0.644546	1.6954	0.911445	0.252804	0.252821	0.565279	0.644546	0.89373	0.758425	0.565303	0.399717	0.178766	0.399717	0.357529	0.505633	0.399739	0.399717	0.505597	0.505597	0.357529	1.93286	0.644504	1.01112	0.357529	0.536284	0.644504	0.89373	0.565279	0.252821	0.911445	0.758425	0.737021	0.799394	1.13045	0.644546	0.91147	0.565303	0.252804	0.565303	0.758425	0.399739	0.644504	0.252804	0.178766	0.178766	0.536284	0.737045	0.644546	0.357529	0.178766	0.758371	0.252821	0.758371	0.399717	0.737021	1.08728	1.60848	1.61838	1.14455	1.1305	1.4738	1.28884	0.799394	2.23873	1.36116	0.178766	0	0	0.399717	0.252821	0.565279	0.536284	0.715029	0.505633	0.715029	0.536284	0.178766	0	0.505597	0.178766	0.536284	0.505633	0.715029	2.0216	3.71456	0.911445	0.399717	0	0.399717	0.758371	0.252821	0.252804	0.893761	1.01119	1.25117	1.08725	0.893761	3.08305	3.61506	3.78682	4.49196	3.43442	0.399717	1.01112	0.505597	0.505597	0.89373	0.252821	0.399717	0.357529	0.505633	0.644504	0.178766	0.357529	0.357529	0.178766	0.399717	0.178766	0.399739	0.505633	0.536284	0.399717	0	0	0
0.252781	0.736952	0.893674	0.893674	0.736952	1.04214	0.644447	0.799322	0.644478	0.911378	1.19894	1.5984	1.14443	0.644478	0.799356	1.14443	1.08717	1.44079	0.565227	0.252781	1.08715	1.5984	2.32251	1.99771	1.28879	0.962521	0.736971	0.50558	0.536232	0.399681	0.505553	0.644447	0.565245	1.61822	1.76901	1.5269	1.14443	1.26378	1.60832	1.19894	1.39584	1.68587	1.93278	2.02153	2.02153	2.08369	2.18091	2.18091	1.99771	1.83975	1.83975	1.83975	1.76901	2.23863	2.18091	1.04219	0.565227	0.252795	0.252781	0.565245	0.758345	0.644478	0.71496	0.536232	0.252781	0.399697	0.50558	0.399697	0.252795	0.252781	1.04214	1.53725	0.736971	1.14437	0.565227	0.178749	0.399681	0.536232	0.357494	0.71496	1.79583	1.44085	0.644478	0.565245	0.758345	0.758345	1.04219	1.36108	1.04219	0.565245	0.178749	0.893651	0.536232	0.644447	1.36103	0.536232	0.357494	0.357494	0	0.357494	0.71496	0.536232	0.565227	0.399697	0.644478	1.26375	1.14443	0.71496	0.399681	0.178749	0	0.357494	0.962486	0.178749	1.13034	0.50558	0.736952	0.252795	0.252795	0.252795	0.399697	0.71496	0.50558	0.736952	0.178749	0.178749	1.60832	2.18091	1.89948	1.64755	2.20988	1.01108	1.79583	1.97358	0.911378	0.565245	1.26373	0.644478	1.47366	0.799356	0.178749	0.565227	0.399681	0.71496	0.357494	0.178749	0.565245	0.911378	0.91136	0.644447	0	2.02142	0.357494	1.19889	0.252781	0.252781	0.399681	0.736952	0.893674	0.505553	0.736952	0.565227	1.08715	0.799322	0.799322	0.357494	0.399697	0.565245	0.399681	0.505553	0.357494	0.799356	0.962521	0.399697	0	0.178749	0.644447	0.505553	0.178749	0.399681	0.178749	0.758305	0.252795	0.893651	0.399681	1.14437	0.357494	1.08715	1.26375	1.04219	0.399697	1.39576	1.30107	1.4737	1.99765	1.36103	0.252795	0.178749	0	0.399681	0.252795	0.399681	0.399681	0.536232	0.50558	0.536232	0.252781	0.399697	0.50558	0.536232	0.178749	0.505553	0.178749	1.04219	2.50727	2.88529	0.758305	0.536232	0.399697	0.252781	0.893651	0.357494	0.736971	1.26373	0.758345	1.08715	0.799322	0.644447	0.893674	0.893674	1.26373	4.87032	3.27775	0.505553	0.799322	0.71496	0.536232	0.758305	0.252795	0.399681	0.505553	0	0.799322	0.50558	0.357494	0.505553	0	0.505553	0	0	0.178749	0.565227	0.399681	0	0	0
0.252759	0.962401	1.08705	1.08705	0.962401	1.04205	0.893572	0.357462	0.736906	0.911298	1.60818	1.59826	1.30099	0.736906	1.07228	1.19883	0.893618	1.19878	0.565178	0.758238	1.75973	1.59826	2.23843	1.89932	1.28868	0.893618	0.644421	0.505535	0.399662	0.178733	0.505508	0.893572	0.911279	1.26367	1.76886	1.39571	1.19883	1.26367	1.79565	1.14433	1.44072	1.64743	1.89932	2.02135	2.02135	2.0835	2.15128	2.15128	2.09113	1.83958	1.83958	1.83958	1.76886	2.15128	2.42962	2.03699	0.565178	0.252772	0.252759	0.565196	0.758278	0.736906	0.714897	0.399662	0.252759	0.536185	0.505535	0.536185	0.252772	0.252759	1.04205	0.565178	0.644421	0.399645	0.565178	0.399645	0.178733	0.399662	0.357462	0.714897	1.44072	1.79567	0.893595	0.565196	0.758278	0.758278	1.0421	1.36096	1.0421	0.911279	0.399645	0.64439	0.399662	0.178733	0.911279	1.19878	0.357462	0.357462	0	0.357462	0.714897	0.399662	0.565178	0.536185	0.736906	1.0421	1.19883	0.714897	0.178733	0.399645	0	0.799252	0.736887	0.64439	1.13025	0.505535	0.962401	0.252772	0.252772	0.252772	0.536185	0.714897	0.505535	0.962401	0.64439	0.64439	1.30099	2.15128	1.99753	1.52676	1.99747	1.01099	1.44072	2.32911	1.69509	0.911279	1.26362	0.736906	1.07228	1.07228	0.64439	0.565178	1.14427	0.714897	0.357462	0.399645	0.911279	0.911298	1.36091	0.893572	0	2.02125	0.357462	1.44066	0.252759	0.252759	0.178733	0.399662	1.08705	1.51621	0.962401	1.53712	0.893595	0.357462	0.357462	0.799252	0.736887	0.565196	0.178733	0.505508	0.799252	0.799286	0.893618	0.736887	0	0.399645	0.893572	0.505508	0.399645	0.178733	0.399645	0.252759	0.252772	0.64439	0.178733	1.39564	0.357462	0.893595	1.0421	1.26364	0.736887	1.14427	0.736906	1.78676	1.4407	0.911279	0.252772	0.399645	0	0.178733	0.252772	0.178733	0.178733	0.399662	0.505535	0.399662	0.252759	0.536185	0.505535	0.399662	0.399645	0.505508	0.399645	2.03699	2.67905	1.4407	0.252759	0.399662	0.536185	0.252759	0.64439	0.799252	0.644421	1.26362	0.758278	0.893595	0.357462	0.893572	0.644421	0.644421	3.12339	4.86989	1.64737	0.505508	0.357462	0.714897	0.399662	0.252759	0.252772	0.178733	0.505508	0	0.357462	0.505535	0.357462	0.505508	0	0.505508	0	0	0.399645	0.565178	0.178733	0	0	0
0.536133	0.893478	0.799168	0.962302	0.893478	0.893478	0.911188	0.758211	0.962349	1.13018	1.82192	1.07217	0.644322	0.536133	0.962302	0.252732	0.736813	1.07217	1.13018	0.893508	1.76858	1.14415	0.399604	0.758157	0.736813	0.357428	0.178716	0.178716	0	0	0.505455	0.893478	0.911188	0.911213	0.565144	0.252732	0.56512	0.399626	1.47338	0.893539	0.736837	0.50549	0.644364	0.893539	1.0109	1.28857	1.51616	1.39559	1.69499	1.83942	1.39559	0.799214	0.399626	0.252732	0.962302	2.52577	1.7955	0.536133	0.357428	0.799214	0.893539	0.565144	0.399604	0.178716	0.399604	0.399604	0.178716	0.399604	0.25275	0.644322	0.893478	0.178716	0.357428	0.357428	0.644322	0.399604	0	0.178716	0.56512	0.644322	0.644364	1.19866	0.799168	0.536133	0.178716	0	0.644322	0.736813	0.736837	1.30083	0.736813	0.536133	0.399626	0.644322	0.505455	1.28848	0.893539	1.042	0.758211	0.893508	0.799168	0	0.357428	0.536133	0.399604	0.178716	0.56512	0.758157	0.25275	0.399604	0.178716	0.893478	0.399604	0.758157	0.962302	0.399626	0.893478	0	0.357428	0.644364	0.399626	0.357428	0.399626	0.758157	0.962302	0.644322	1.30083	0.893539	0.736813	0.644322	1.39549	0	0.357428	1.93231	1.53695	1.2635	0.736813	0.505455	0.357428	1.13018	1.99735	2.03689	1.26352	0.178716	0.178716	0.56512	0.758157	0.56512	1.14415	1.07217	0.736837	1.64717	0.799168	1.19866	0.911213	0.25275	0.399626	0.178716	1.04194	1.64717	0.962302	1.64717	0.714827	0.399626	0.25275	1.04194	1.19866	0.799214	0.799214	0.536133	1.04194	0.399604	0	1.01083	0.178716	0.56512	0.893478	0.505455	0.399604	0.25275	0.399604	0	0	0.399604	0.399626	1.28848	0.505455	0.505455	0.178716	0.758157	1.04194	1.26346	0.25275	1.53695	0.56512	0.56512	0.25275	0.399604	0	0	0	0	0	0	0.178716	0.399626	0.357428	0.399604	0.178716	0	0.505455	0.799168	1.42943	2.77221	1.86516	0.50549	0.399626	0.178716	0.399604	0.565144	0.962349	1.47343	1.51616	1.30087	0.536133	0.799168	0.399626	0.893478	0.505455	0.799168	4.06836	4.29584	0.505455	0.505455	0	0.505455	0	0	0.178716	0.25275	0.399604	0.178716	0.399626	0.357428	0.399604	0.56512	0.25275	0.399604	0.178716	0.25275	0.56512	0.536133	0.50549	0.399626	0.178716	0.178716
0.357393	0.399568	0.893444	0.96225	0.736744	0.644265	0.357393	0.505437	0.758131	1.28843	2.25925	2.71987	1.93224	0.79913	0.736744	0.505437	0.565068	0.399585	1.26342	1.39544	0.50541	1.64709	1.39544	0.714758	0.644265	0.25271	0.357393	0.178698	0.178698	0.178698	0.644265	0.644265	0.399568	0.536081	0.799097	0.536081	0.736763	0.252723	0.736744	1.14411	1.68539	1.89895	2.03667	2.03667	2.02096	2.02096	2.02096	2.15086	2.53819	2.82326	2.57556	2.03667	1.59795	1.04189	1.01079	2.03665	2.86239	1.99712	1.14411	1.14411	1.28843	1.04189	0.79913	0.79913	0.644296	0.399585	0.357393	0.399585	0.399585	0.736744	0.96225	1.1986	1.19855	0.536081	0.962214	0.399585	0.399585	0.357393	0.536081	0.565086	0.399585	0.399568	0.736763	0.505437	0.357393	0.252723	0.799097	0.799097	0.505437	1.42929	1.47328	1.39544	1.53689	1.75946	1.68539	1.13006	0.644265	0.178698	0.357393	0.736744	1.04184	0.565086	0.758131	0.399585	0.252723	0.565086	0.536081	0.178698	0.505437	0.178698	0.536081	0.565068	0.178698	0.25271	0.714758	0.736763	0.399568	0.178698	0.50541	0.25271	0.565068	0.644296	0.736763	0.178698	0.714758	0.399585	0.565086	0.96225	0.399585	0.565068	1.25069	1.14411	1.30074	0.799097	1.53689	1.53689	0.357393	0.565068	0.25271	1.08686	1.53689	1.07207	0.357393	0.178698	0.893422	0.79913	0.178698	0.565086	0.399585	1.13006	1.2634	0.736744	0.962214	0.565068	0.644265	0.399568	0.25271	0.178698	0.962214	1.30071	0.714758	0.893399	0.736763	0.79913	0.758131	0.911103	1.28837	0.736763	1.08686	0.505437	0.75809	0.505437	0.893444	0.893422	0.357393	0.644296	0.911121	0.357393	0.178698	0.252723	0.178698	0.178698	0.399585	0.252723	0.565068	0.644265	0.536081	0.357393	0.399568	0.25271	0.911103	1.83914	0.399568	1.4404	1.44045	1.52647	0.96225	0.252723	0	0	0.178698	0.252723	0.178698	0.178698	0.357393	0.357393	0.178698	0.178698	0.50541	0.178698	0.644265	1.69476	2.68446	2.32181	1.08684	0.399585	0.565086	0.536081	0	0.399585	0.565086	0.714758	0.505437	0.565086	0.911103	1.39537	0.505437	0.893422	0.536081	2.15816	4.40476	3.27682	0.399568	0.536081	0.357393	0.357393	0.399585	0.25271	0.536081	0.505437	0.399585	0.399568	0.399568	0.565068	0.357393	0.565068	0.252723	0.399585	0.565086	0.505437	0.736763	0.79913	0.644296	0.565068	0.399568	0.399568
0.536029	0.252701	0.357358	0.252701	0.56501	0.399526	0	0	0.252683	0.178681	0.644239	1.52633	2.09053	2.15805	2.1801	2.03649	1.28832	0.799059	1.44029	1.7863	1.82161	0.357358	0.893365	1.0418	0.252701	0.252701	0	0.399549	0.565034	0.536029	1.01063	0.56501	0.357358	0.714689	1.26325	0.714689	0.357358	0.399549	0.536029	0.56501	1.08673	1.52633	1.93207	1.64697	1.0418	0.758064	0.758064	0.893365	1.01071	1.19849	1.59781	1.93207	2.09053	1.7593	1.26331	1.12996	2.17269	2.17269	0.911036	0.399549	0.399526	0.399526	0.357358	0.178681	0.357358	0.644239	0.505392	0.252701	0.399526	0.505357	0.178681	0.565034	1.79513	0.962162	0.536029	0.799059	0.56501	0.252683	0.178681	0.399526	0.357358	0.399549	0.399526	0.178681	0.505392	0.758064	0.893335	0.73667	0.178681	0.536029	1.19849	1.51586	1.64697	2.03649	2.15067	1.7863	1.82161	1.39532	1.52633	1.01071	0.644197	0.75801	0.252683	0.73667	0.736694	0.505392	0.178681	0.399549	0.178681	0.644197	0.399526	0.178681	0.252683	0.252701	0.357358	0.56501	0.178681	0.399526	0.644197	0.252683	0.644197	0.399549	0.536029	0.536029	0.536029	0.644197	0.178681	0.73667	0.714689	0.178681	0.893365	1.64697	1.14401	0.644197	0.252683	0.911011	0.714689	0.252683	0.56501	1.28823	0.399526	1.51576	0.505392	1.47314	0.962162	0.56501	1.25057	0.799059	0.799013	0.399549	1.39532	1.68524	0.505392	0.893335	1.26328	0.56501	0.565034	0.644197	1.12996	1.60771	0.893365	0.736694	0.178681	0.357358	0.252701	0.399526	1.14393	0.73667	0.911011	0.565034	0.893365	1.28832	1.14401	0.758064	0.565034	0.736694	0.505392	0.252683	0.178681	0.357358	0.399549	0.399526	0.252683	0.252683	0.644197	0.357358	0.505392	0.644239	0.178681	0.178681	0.357358	1.82156	1.61761	0.565034	0.399549	1.28832	1.86487	1.30062	0.565034	0.178681	0.252683	0.178681	0.357358	0.357358	0.178681	0.178681	0	0.252701	0.644197	0.399526	0.644197	2.15052	2.82282	0.73667	0.505357	0.56501	0.565034	0.714689	0.565034	0.644239	0.644239	0.714689	0.799059	0.962162	0.357358	1.89865	0.73667	0.736694	0.399549	2.92794	4.06758	2.53779	0.252683	0.178681	0.56501	0.178681	0.399526	0.73667	0.536029	0.252701	0.252701	0.56501	0.56501	0.399526	0.252683	0.644197	0.399549	0.505392	0.399549	0.252701	0.399549	0.536029	0.357358	0.73667	0.714689	0.357358
0.564958	0.252661	0.399507	0.357324	0.505312	0.178664	0.252674	0.252674	0.178664	0.178664	0.399507	0.399507	0.39949	0.962063	1.39517	1.59764	1.64677	1.14389	1.44012	1.04169	1.97264	1.97264	1.08663	0.505339	1.07186	0.505312	0.535977	0.64414	0.399507	0.564958	1.3951	0.505312	0.178664	1.14383	1.12981	0.178664	0.39949	0.714619	1.07186	0	1.4401	1.26311	0.910926	0.910926	0.757943	0.252661	0.252674	0.178664	0	0.178664	0.399507	0.644171	1.26313	1.08663	0.644171	0.910944	1.83879	2.27277	0.64414	0	0.798942	0.399507	0.399507	0.505339	0.798942	0.39949	0.39949	0	0.505312	0.798942	0.644171	0.564976	0.564976	1.61743	0.893226	0.798942	0.893226	0.535977	0.505339	0.357324	0.505312	0.39949	0.564958	0.252661	0.535977	0.505339	0.714619	0.714619	0.357324	0	0.357324	0.505339	0.505339	0.505339	0.505339	0.714619	1.12981	0.505339	0.736601	0.757943	0.399507	1.12981	0.714619	0.736601	0.564958	0.39949	0.798942	0.357324	0.39949	0.64414	0.178664	0.252674	0.757943	0.252674	0.39949	0.505312	0.178664	0.564958	1.14383	0.73662	0.910944	0.757984	0.644171	0.714619	0.798942	0.893226	0.252661	0.962028	0.714619	0.714619	1.14383	0.564976	1.04164	0.564958	1.36044	1.36044	0.399507	0.357324	0.714619	1.19832	0.564976	1.61745	1.83887	1.36044	0.893226	1.47296	1.07186	0.714619	1.12981	0.893226	1.26315	1.44014	1.30045	1.26311	0.64414	1.3951	0.39949	1.3951	0.399507	1.30045	0.757984	0.644171	0.798942	0.39949	0.252674	0.39949	1.01055	0.357324	1.08663	0.644171	0.73662	0.644171	0.357324	0.178664	0.535977	0.357324	0.39949	0.564958	0.39949	0.798942	0.535977	0.564958	0.399507	0.399507	0.252661	0.39949	0.39949	0.399507	0.64414	0.39949	0	0.714619	1.60756	1.19837	1.07186	0.893226	1.26315	1.61743	0.910926	0.39949	0.178664	0.535977	0.399507	0.178664	0	0	0.39949	0.252674	0.252661	0.564958	0.252661	2.17977	3.29069	0.39949	0.564958	0.962028	0.535977	0.564958	0.399507	0.505339	0.357324	0.357324	0.798942	0.357324	0.535977	2.03617	1.04164	0.178664	0	2.09025	4.40391	3.76341	0.39949	0.252674	0.252661	0.399507	0.714619	0.736601	0.178664	0	0	0.505312	0.505312	0.39949	0.399507	0.962028	0.39949	0	0	0	0	0.505312	0.178664	0.564976	0.910944	0.564976
0.564908	0.399455	0.178648	0.564908	0.178648	0.399472	0.252639	0.178648	0.178648	0.252652	0.178648	0.178648	0.252652	0.252639	0.252652	0.564908	0.910846	0.757917	1.08654	0.714556	1.07177	1.7948	1.96436	1.68492	1.69434	1.26304	0.961978	1.44	0.535929	0.505267	1.51549	0.798871	0.644114	1.19821	1.01046	0.357292	0.357292	1.14373	0.893169	1.07177	1.14373	1.36026	1.26304	1.08655	0.505267	0.714556	0.399472	0.252652	0.399472	0.399472	0.178648	0	0.893147	0.910846	0.893192	1.08655	2.15755	2.72483	1.01046	0.505294	0.644083	0.252652	0.252652	0.252652	0.757877	0.564926	0.736555	0.505294	0.535929	0.644083	0.399472	0.252639	0.564908	0.910846	1.99656	1.75896	1.26304	0.252652	0.399472	0.399472	0.535929	0.357292	0.357292	0.893169	0.910864	0.564926	0.399455	0.505267	0.399455	0.252652	0.399455	0.178648	0.252652	0.178648	0	0.505267	0.893147	0.399472	0.714556	1.07177	1.01051	0.893169	0.564908	0.535929	0.736555	0.736555	0.798871	0.399455	0.564908	0.564908	0.252652	0.178648	1.01046	0	0.644083	0.564908	0.252639	0.564908	1.53638	0.535929	0.893169	0.644114	0.399472	0.564908	0.757877	0.961943	0.535929	0.757877	0.535929	0.714556	1.288	0.399455	1.39498	0.357292	1.08654	0.644114	0.714556	0.535929	0.252639	0.961943	0.399472	0.252639	0.399455	0.178648	1.39498	1.39498	0.644114	1.12974	0.893169	1.04155	1.30037	1.64662	1.7948	1.30034	0.178648	1.288	0.357292	1.47283	0.893192	1.08654	0.357292	0.357292	1.08654	0.564926	0.178648	0.505267	0.798871	0.505294	1.12971	0.644114	0.564926	0.252652	0.564908	0.178648	0.399455	0.252652	0.564908	0.399455	0.505267	0.893147	0.399455	0.644083	0.252652	0.399472	0.798905	1.19826	0.893192	0.399455	0.757877	0.564908	0.252652	0.252652	0.893147	0.399455	1.04155	1.64656	0.399472	1.61729	1.64658	0.798871	0	0.399455	0.252652	0.178648	0	0	0.505267	0	0	0.505267	0	1.68484	3.61247	1.14373	0.714556	0.798871	0.399455	0.564908	0.252652	0.399472	0.736555	0.644114	0.798871	0.178648	0.564908	1.89831	0.893147	0.399472	0.357292	0.798871	4.17833	4.54498	0.564908	0.252652	0.399472	0.399472	0.399455	0.505267	0	0	0.178648	0.564908	0.252639	0.399455	0.178648	0.893147	0.505267	0	0	0.178648	0.399472	0.535929	0.252652	0.252652	0.564908	0.564908
0.399413	0.252625	0.39943	0.399413	0.399413	0.357254	0.644015	0.399413	0.357254	0.252612	0.535873	0.564867	0.39943	0.644015	0.178629	0.535873	0.736477	0.757836	0.714481	0.736458	0.893098	1.79463	2.03586	2.27245	2.42823	1.89821	1.43989	1.79461	1.25021	1.08644	1.47267	0.961841	0.714481	0.714481	0.893052	0.535873	0.564867	1.01035	0.178629	1.08644	0.961876	0.399413	0.961876	0.644046	0.252612	0.564849	0.39943	0.505241	0.39943	0.357254	0.357254	0.178629	0.564849	0.79882	1.04149	1.26291	2.17206	3.11652	2.38181	0.564867	0.357254	0.178629	0	0	0.399413	0.564867	0.79882	0.644046	0.39943	0	0.39943	0.505241	0.535873	0.736477	1.5363	2.03588	1.78576	1.43986	0.79882	0.505241	0	0.399413	0.644046	0.893075	0.714481	0.714481	0.39943	0.399413	0.178629	0.178629	0.252625	0.39943	0.178629	0.399413	0.252625	0.564849	0.736458	0.39943	0.252625	0.564867	0.399413	0.564867	0.79882	1.04149	1.04149	0.757836	0.357254	0.564849	0.893075	0.252625	0.39943	0.564849	1.01035	0.178629	0.893052	0.644015	0.644015	0.505214	1.28787	0.535873	0.505214	0.357254	0	0.535873	0	0.910768	0.893098	0.252625	0.79882	1.19813	0.535873	0.505241	0.961841	0.399413	0.798787	0.357254	0.757796	0.535873	0.357254	0.564867	1.26293	1.3949	1.19813	0.644046	0.798787	1.42874	1.28793	0.893098	0.252625	0.399413	0.505241	1.07165	1.47267	0.714481	0.505214	0.757796	0.252612	0.910749	0.79882	0.893075	0.714481	0.736458	0.399413	0.39943	0.505214	0.564849	0.178629	0.39943	0.644015	0.644015	0.39943	0.39943	0.564867	0.736477	0.399413	0.893098	0.79882	0.252625	0.505214	0.564849	0.252625	0.644015	0.252612	0.357254	0.564849	0.39943	0.564849	0.757796	0.357254	0.535873	0.252625	0.252625	0.644015	0.252612	1.01035	1.43982	0.893098	1.07165	1.68466	0.893052	0	0.178629	0.178629	0.252612	0	0.178629	0.399413	0	0.178629	0.399413	0.178629	1.07165	3.43187	3.29018	2.38187	1.3002	0.178629	0.535873	0.505241	0.564867	0.564867	0.535873	0.399413	0.399413	0.535873	1.04144	1.36017	1.04149	0.736458	1.43984	4.54453	3.71174	0.535873	0.505241	0.39943	0.399413	0.252612	0.505214	0	0.178629	0.714481	0.564867	0.252612	0	0.357254	0.505214	0.564849	0.178629	0	0.399413	0.357254	0.178629	0.178629	0.252625	0.399413	0.399413
0	0.357223	0.178613	0.25259	0.505169	0.252603	0.910687	0.961791	0.505196	0.564799	0.535826	0.564817	0.399394	0.643958	0.178613	0.535826	0.399394	0.178613	0.25259	0.643958	0.399394	0.798716	0.643958	0.357223	0.535826	0.535826	0.643958	1.12949	1.59719	2.15722	1.92304	1.0414	0.564799	0.25259	0.564799	0.910687	0.64399	1.01026	0.564799	0.357223	0.178613	0.178613	0.714418	0.736412	0.178613	0.564799	0.399377	0.399394	0.399377	0.399394	0.178613	0.178613	0.399394	0.357223	0.25259	0.64399	1.97208	3.11624	2.94314	1.43974	0.892974	0.564817	0.357223	0.178613	0.357223	0.178613	0.535826	0.178613	0.178613	0	0.25259	0.564817	0.79875	0.714418	0.178613	0.736393	0.75777	1.43972	1.14356	1.12952	0.736412	0.910669	0.564817	0.357223	0.357223	0.535826	0.178613	0.25259	0	0.25259	0.178613	0.399394	0.399394	0.736393	0.505196	0.736393	0.535826	0.505169	1.78556	1.89804	1.86415	1.43976	1.0414	0.79875	0.399394	0.399394	0.535826	1.19798	0.357223	0.910669	0.505196	0.892974	0.892974	0.357223	0.892974	0.564799	0.736393	0.252603	1.08633	0.892996	1.01031	0.893019	0.564799	0.399377	0.736393	0.535826	0.252603	0.643958	0.892974	0	0.178613	0.399394	1.0414	1.19803	0.736412	0.178613	0.798716	0.736412	0.178613	0.64399	0.892974	0.64399	0.910669	0.564799	0.178613	0.564799	0.399394	0.505169	0.714418	0.714418	0	0.798716	1.28775	0.357223	0.643958	0.505169	0.505169	0.643958	0.178613	0.643958	0.564817	1.12952	0.961791	0.252603	1.04135	0.714418	0.564817	0.564817	0.64399	1.30009	0.643958	0.357223	0.252603	0.564799	1.1435	0.399377	0.252603	0.399377	0.505169	0.178613	0.399377	0.399394	1.04135	0.357223	0.399394	1.01031	0.910687	0.399377	0.252603	0.178613	0	0.178613	0.564799	0.643958	0.961756	0.564817	1.83835	2.17926	1.6463	0.535826	0	0	0.25259	0.178613	0.178613	0.399377	0.178613	0	0.25259	0.178613	0.357223	0.399394	1.79447	3.1919	4.1011	3.03353	0.399394	0.564817	0.399394	0.178613	0.25259	0.399377	0.178613	0.505169	0.252603	0.25259	0.64399	1.19803	2.67732	4.84729	5.0012	2.32071	0.399394	0.252603	0.252603	0.25259	0.357223	0.399377	0	0.399377	0.961756	0.357223	0.505169	0.399377	0.178613	0.178613	0.564799	0.399377	0	0.399377	0.399394	0.399394	0.399377	0	0.178613	0.399394
0.357188	0.399358	0.399358	0.399358	0.535774	0.178596	0.252581	0.564765	0.643932	0.961704	1.0413	1.0413	0.89294	0.564765	0.399336	0.89291	0.757703	0.736343	0.564741	0.357188	0.399358	0.399336	0.64389	0.357188	0.535774	0.535774	0.505116	0.643932	1.14346	1.12942	0.736343	0.643932	0.505152	0.178596	0.178596	0.505152	0.736319	1.26262	0.357188	0.564765	0.178596	0.564765	0.714349	0.178596	0.564765	0.798633	1.04124	0.535774	0.892879	0.178596	0.736343	0.736343	0.399336	0.714349	0.564765	1.07145	1.47244	3.16146	2.90481	2.1717	2.32048	1.3	0.736343	0.535774	0.178596	0.736319	0.910602	0.564765	0.357188	0.357188	0.564741	0.564741	0.357188	0.357188	0.252581	0.892879	0.178596	0.892879	0.178596	0.714349	0.910577	0.357188	0.736343	0.399336	0.252581	0.399336	0.399336	0.357188	0.178596	0.178596	0.564765	0.798678	0.643932	0.564741	0.535774	1.42848	1.2877	1.7943	2.17165	0.961704	1.24998	1.08624	1.14346	1.99602	2.15703	1.61684	0.714349	1.04124	1.12942	1.08624	0.535774	0.910577	1.08624	1.14346	1.12942	0.399358	0.505116	0.798633	0.910577	0.399336	0.399358	0.89291	0.357188	1.08622	0.564765	0.798633	0.505152	0.564741	0.798633	0.736343	0.564765	0.757649	0.252563	0.252563	0.399358	0.399336	0.178596	0.89294	1.43957	0.505116	1.42848	1.51514	1.12942	0	0.643932	0.505152	0.252563	0.714349	1.07145	0.714349	0.178596	0.757649	1.26262	0.399336	0.535774	0.736343	0.89291	0.252563	0.505152	0.564741	0.178596	0.643932	1.3	1.19792	1.26265	0.714349	0.89294	1.2877	1.0413	1.43957	1.42848	0.643932	0.178596	0.399336	1.12937	0.89291	0.399336	0.535774	0.736319	0.252581	0.535774	0.564741	1.28762	0.535774	0.64389	0.178596	0.399358	0.399358	0.252563	0.399358	0.399358	0.357188	0.564741	1.26262	0.64389	0.798633	1.12937	0.399358	0.178596	0	0	0	0.178596	0.178596	0.564741	0.357188	0.178596	0.178596	0.178596	0.252581	0	0.252581	0	0.399358	3.27979	4.31148	2.59867	0.714349	0.399336	0.178596	0.357188	0	0.252581	0.399336	0.399336	0.736343	1.01022	0.892879	3.43123	4.11615	2.38144	0.798678	0.505152	0.505152	0.399358	0.178596	0.178596	0.399358	0.505152	0.535774	0.892879	0.399336	0.64389	0.399336	0.178596	0	0.505116	0.505116	0	0.178596	0.252581	0.399336	0.505116	0	0	0
0.178578	0.178578	0	0.357154	0.252554	0.178578	0.357154	0.357154	0.178578	0.252541	0.252541	0.252554	0.643865	0.564707	0.736251	0.892823	0.535722	0.357154	0.910492	0.399317	0.357154	0.535722	0.736251	0.3993	0.252541	0.252541	0.252541	0.178578	0.399317	0.564707	0.564707	0.399317	0	0.564707	0.892846	1.0412	1.24986	0.357154	1.83799	1.52545	0.8928	0.252541	0.505098	1.43946	1.53587	1.78521	1.61668	1.75828	1.52545	0.535722	0.798595	0.961605	0.564689	0.357154	0.564707	0.96157	0.564707	2.55514	3.0539	3.11574	3.46319	2.77017	1.76733	1.43946	0.564707	1.04115	0.564689	0.564689	0.357154	0.399317	0.535722	0.564689	0	0.505098	0.564707	0.798561	0.357154	0.643833	0.3993	0.399317	1.19774	0.3993	0.505071	0.757583	0.178578	0.535722	0.714279	0.399317	0.3993	0.178578	0.3993	0.399317	0.798595	0.892846	1.61668	1.79412	0.892846	0.564689	1.92267	1.89768	0.643865	0.643833	0.357154	0.8928	0.736251	1.64598	2.03531	1.64601	1.59688	1.68427	0.892846	0.252554	0.910511	0.643865	0.399317	0.564689	0.535722	0.798561	0.564689	0.643865	0.892846	1.08613	0.798561	1.14328	0.910492	1.07135	0.399317	0	0.564707	0.910511	1.26257	2.1568	2.17884	1.43946	0.96157	1.43941	0.399317	0.8928	1.26253	1.61668	0.757623	0.564707	0.892846	0.505098	0.399317	0.961605	1.1293	0.961605	1.08613	1.0412	1.01012	1.26255	1.69363	0.736251	0.357154	0.178578	0.961605	1.08613	0.3993	0.357154	0.178578	0.643833	0.535722	0.736251	0.505071	0.564689	0.757583	0.357154	0.535722	1.08613	1.64598	1.52545	1.28757	0.798595	0.357154	1.08611	0.910492	0.564707	0.910492	0.399317	0	0.736251	0.3993	0.910511	0.252554	0.178578	0.357154	0.564707	0.798561	0.3993	0.357154	0.178578	0.357154	1.12927	1.08613	0.736251	0.8928	0.178578	0	0.178578	0.252554	0.178578	0	0.3993	0.798561	0.178578	0.252541	0.252541	0.178578	0.399317	0.564707	0.505098	0.643865	0.643865	1.29983	3.28925	4.28164	2.7701	0.178578	0.564689	0.3993	0.357154	0.178578	0.399317	0.910511	0.564689	0.252554	1.52539	4.0692	3.03294	0.564689	0	0	0	0.252541	0.252541	0.357154	0.643865	0.564707	0.178578	0.757583	0.252554	0.96157	0.178578	0.535722	0.178578	0.3993	0.564689	0.178578	0	0	0.505071	0.505071	0	0.178578	0.252554
0	0.399265	0.252532	0.56464	0.178563	0.178563	0.178563	0.178563	0.399282	0.399282	0.178563	0.399265	0.252532	0.56464	0.564658	0.910431	1.08602	0.357122	0.643776	0.399265	0.399282	0.910431	0.564658	0.56464	0.399265	0.399265	0.535674	0.505054	0.505054	0.535674	0.399265	0.178563	0.399265	0.798491	0.736204	0.736204	0.736186	1.14318	1.47213	1.92243	1.29972	0.757556	0.643808	1.52526	0.96152	1.82036	1.43935	2.08914	1.64586	1.83775	1.60665	1.59674	0.535674	0.252532	0.399265	0.892722	0.252532	1.35962	1.61652	1.61654	2.4855	1.86357	1.14324	1.86357	0.798491	1.00998	0.505027	0.505027	0.399265	0.252532	0.178563	0.505027	0.399265	0.535674	0.714216	0.961485	0.178563	0.505027	0.505027	0	1.14318	0.564658	0.910431	0.535674	0.178563	0.178563	0.505027	0	0.505027	0.399265	0.178563	1.12917	1.19769	1.0411	1.29972	0.798491	1.12917	1.86363	2.53627	2.55497	1.47213	0.505054	0.643808	0.399282	0.892767	0.399265	1.43933	1.89751	1.93077	1.69353	1.43931	0.798491	0.505027	0.399265	0.252532	0.56464	0.178563	0.505027	0.178563	0.178563	0.399265	0.56464	1.39431	0.798491	1.52526	0.564658	0.399265	0.399265	0.564658	0.910431	1.26244	1.35967	0.892767	1.93068	1.53565	2.32685	0.757556	1.68404	0.357122	1.12917	0.798525	1.47217	1.14324	1.04106	0.910412	0.910431	0.910431	0.910412	0.757516	0.399265	0.357122	0.892744	1.99555	0.892744	0.96152	1.07126	0.505027	1.07126	1.29972	0.643776	0.357122	0.643776	0.535674	1.08602	0.736204	0.714216	1.12917	0.643808	0.643808	0.178563	0.736186	0.892744	1.14324	1.60665	0.892722	1.12917	0.892744	0.96152	1.08604	0.736204	0.535674	0.252518	0.399265	0.505027	0.505027	0.357122	0.798491	0.178563	1.04106	0.56464	0.178563	0.798491	0.357122	0.505054	1.24975	0.399282	0.643776	0.399265	0	0.399265	0.252532	0.399265	0	0.505027	0.643776	0.178563	0.178563	0.178563	0.399265	0.535674	0.399282	0.252532	0.564658	0.736204	0.357122	0.643776	3.31767	3.81567	0.643776	0.961485	0.56464	0.178563	0.178563	0.910412	0.910431	1.35962	0.252532	0.757516	3.46276	3.51731	1.19764	0	0	0	0.399265	0.535674	0.798491	0.399265	0.757516	0.252532	0.892722	0.399265	1.04106	0.757516	0.56464	0.399265	0.178563	0.56464	0.399265	0	0	0.505027	0.505027	0	0.399265	0.252532
0.39924	0.736108	0.178544	0.399223	0.252505	0.178544	0	0.178544	0.252505	0.178544	0	0.399223	0.252505	0.399223	0.178544	0.535618	1.0859	0.910334	0.39924	0.399223	0.399223	0.961383	1.04099	1.35952	1.4392	1.28732	0.64374	0.178544	0	0.504974	0.643708	0.39924	0.714141	0.798406	0.357084	0.714141	0.892673	1.26229	1.04095	1.68386	1.28725	0.64374	0.64374	1.42806	1.59657	0.89265	0.178544	1.00992	1.93057	1.86337	1.5965	0.714141	1.00987	0.714141	1.08592	1.26229	0.757476	1.26229	1.0859	0.961383	2.27125	1.53549	0.56458	2.31977	1.42806	1.42806	0.505	0.357084	0.535618	0.252505	0.39924	0.714141	0.714141	0.736126	0.736126	0.504974	0.505	0.178544	0.56458	0.252505	0.961383	0.357084	0.399223	0.252492	0.252505	0.252505	0.399223	0.357084	0.357084	0.643708	0.252505	1.43914	0.736108	0.399223	0.798406	0.714141	0.798406	1.79377	1.83764	1.9713	1.68386	0.504974	0.357084	0.79844	1.00992	1.24961	1.04095	0.39924	0.357084	0.892627	1.29958	1.52515	1.26233	0.39924	0.178544	0.535618	0.39924	0.399223	0.178544	0.39924	0.736108	0.56458	1.26226	0.56458	1.04095	0.757476	0.564598	0.252492	0.757436	0.56458	0.56458	0.910334	0.910334	1.39417	1.5965	1.5251	1.76699	1.9713	0.64374	1.07114	1.14312	0.910334	0.535618	1.43918	2.08892	1.86343	1.24961	0.798406	0.892627	0.56458	0.399223	0.798406	1.51461	0.892673	1.04099	1.24961	1.43918	0.892673	1.14306	0.961383	0.357084	0.643708	0.564598	1.24961	0.64374	0.252492	0.961383	0.357084	0	0.399223	0.252492	0.56458	0.252492	1.26226	1.53549	0.56458	0.910334	0.564598	0.252492	0.736108	0.535618	0.178544	0.399223	0.56458	0.399223	0.504974	0.798406	0.64374	0.910316	0.178544	0.505	0.961383	0.564598	0.89265	1.12905	0.714141	0.798406	0.504974	0	0.504974	0.178544	0.56458	0.178544	0.504974	0.357084	0.505	0.357084	0.178544	0.56458	0.399223	0	0.178544	1.26229	2.47893	4.42624	5.31136	4.9005	3.93794	0.961419	1.14306	0.399223	0.564598	0.757476	1.35947	0.736108	1.75787	0.535618	0.961383	3.274	3.51694	1.19751	0	0	0	0.504974	0.399223	0.892627	0.399223	0.643708	0.64374	0.910316	0.399223	0.798406	1.0859	0.564598	0.252492	0.252505	0.56458	0.535618	0.505	0.505	0.535618	0.399223	0	0.504974	0
0.535571	0.961299	0.399187	0.178528	0.252483	0.399187	0	0.399187	0.252483	0.399187	0	0.178528	0.252483	0.178528	0.399187	0.399204	0.892571	0.910254	0.736043	0.178528	0.178528	1.68371	1.26219	1.35941	1.39411	1.2872	0.892571	0.399187	0	0.504929	0.892549	0.535571	0.714078	0.357053	0.357053	0.714078	1.08583	0.757409	0.252483	0.961299	1.78466	0.736061	0.736061	1.00983	1.59643	1.29947	0.399187	2.25703	1.89714	0.892594	0.714078	0.714078	1.00978	1.59636	1.2495	1.26218	0.757409	1.26218	0.892571	0.736043	1.76674	1.53536	1.53536	2.5544	1.42793	1.42793	1.12895	0.357053	0.399204	0.252483	0.535571	0.714078	0.714078	0.643683	0.643683	0.504929	0.504956	0.643652	0.56453	0.252483	0.736043	0.798336	0.178528	0.757369	0.252483	0.252483	0.178528	0.798336	0.357053	0.892549	0.252483	1.19741	0.961299	0.178528	0.357053	0.714078	0.798336	1.43907	1.83748	1.35941	0.961299	0.504929	0.357053	0.79837	1.00983	1.08583	0.252483	0.535571	0.357053	0.643652	0.736061	1.39411	1.61623	0.736043	0.399187	0.399204	0.535571	0.178528	0.399187	0.535571	0.961299	0.56453	0.757369	0.56453	0.252483	0.757409	0.564548	0.252469	1.26215	0.56453	0.56453	0.910254	0.910254	0.178528	1.59636	1.08581	1.76683	1.35941	0.736061	0.79837	1.19746	0.910254	0.399204	1.19746	1.99525	2.31961	1.86321	0.357053	0.643652	0.56453	0.178528	1.28714	0.504929	1.08583	1.0409	1.08583	1.2995	1.08583	0.399187	0.736043	0.357053	0.892549	0.564548	1.08583	0.892571	0.252469	0.736043	0.798336	0	0.178528	0.252469	0.56453	0.252469	0.757369	1.53536	0.56453	0.910254	0.564548	0.252469	0.961299	0.399204	0.399187	0.178528	0.56453	0.178528	0.504929	0.357053	0.736061	0.564548	0.643652	0.504956	0.736043	0.564548	1.08581	1.12895	0.714078	1.28714	0.504929	0	0.504929	0.399187	0.56453	0.399187	0.504929	0.357053	0.504956	0.798336	0.399187	0.56453	0.178528	0	0.399187	2.15611	3.76064	4.90007	5.3109	4.42585	2.71728	1.2495	1.39404	0.178528	0.910236	0.757409	1.83739	0.961299	1.99516	1.19741	1.68371	3.51663	3.27371	0.535571	0	0	0	0.504929	0.178528	0.643652	0.178528	0.178528	0.736061	0.564548	0.178528	0.357053	0.892571	0.564548	0.252469	0.252483	0.56453	0.399204	0.504956	0.504956	0.399204	0.178528	0	0.504929	0
1.43895	1.47174	0.643626	0.252443	0.252461	0.399146	0.178511	0.535519	0.399168	0.399146	0	0	0	0.178511	0.564472	0.178511	0.504876	0.399146	1.04074	0.252443	0.252461	1.64528	1.07094	1.12888	0.892515	0.735993	1.12884	0.714009	0.399168	0.178511	1.0857	0.910144	0.643584	0.178511	0.564472	0.643584	0.798253	0.714009	0.357018	0.798253	1.78448	0.504911	0.961247	0.9612	0.399168	2.03445	1.19735	2.57271	0.357018	1.47169	1.14292	1.61607	0.910169	1.64528	1.12884	1.47169	0.892515	1.24938	1.19735	1.26207	1.75754	1.68354	1.9301	2.67563	1.14284	1.14284	1.3939	0.399146	0.252461	0.252461	0.643584	0.798253	0.714009	0.504911	0.504911	1.12884	0.504911	0.9612	0.252443	0.252461	0.399146	0.892455	0.399168	0.798253	0	0.178511	0.399168	1.07094	0.798298	0.504876	0.798298	1.07094	0.798253	0	0.178511	0.643626	1.78454	1.28709	0.961247	1.19735	1.89698	2.23567	1.81988	1.0857	0.178511	0.357018	0.714009	0.178511	0.564472	0.535519	0.504911	0.178511	1.3939	0.892455	0.643584	0.357018	0.798298	0.892515	0.564496	0.564472	0.9612	0.714009	0.714009	0.714009	0.357018	0.178511	0.178511	0.798298	1.29934	0.178511	1.29934	0.910169	1.08572	1.0857	0.961247	2.85939	1.83731	1.14292	0.961247	0.564496	0.643584	0.798253	0.504911	0.798253	0.399146	1.69298	2.31938	1.68364	0.757342	0.564472	0.252461	1.3939	0.178511	0.9612	0.714009	0.535519	0.399146	0.892455	0.564496	1.08572	0.504911	0.714009	1.08572	0.564496	0.892455	0.643584	0.535519	1.0857	0.643626	0.357018	0.643584	0.535519	0.798253	0.643584	1.3939	1.00967	0.399146	0.564472	0.564472	0.9612	0.399168	0.252443	0.564496	0.399168	0.535519	0.564496	0.178511	0.399146	0.252461	0.757289	0.178511	0.399146	0.535519	0.643584	1.19728	0.535519	1.76655	0.735969	0.399168	0.252443	0.564472	0.399146	0.504876	0.504876	0.504876	0.178511	1.04074	0.252443	0.564472	0.178511	0	0.9612	3.27823	3.58768	2.28477	1.07094	0.535519	0.564496	1.52481	1.14284	0.735993	0.714009	0.357018	1.3939	0.735969	1.5962	1.29934	1.53519	3.35001	3.51177	0.714009	0	0.178511	0.252461	0.564472	0.252461	0.399146	0	0.399146	0.564472	0.178511	0	0	0.399146	0.564472	0.564472	0.252461	0.564472	0.252461	0.178511	0	0	0	0	0.399146	0.178511
0.757262	0.961148	0.798215	0.910078	0.643558	0.564439	0.399127	0.39911	0.178494	0.356984	0.178494	0	0	0.25242	0.39911	0.178494	0.504831	0.39911	0.892376	0.643527	0.399127	0.757222	0.892421	1.19723	1.1428	1.28695	1.26195	0.564439	0.39911	0.25242	0.757222	1.00958	0.757222	0.25242	0.643527	0.798181	0.178494	0.713939	0.643558	1.61589	1.26193	1.04065	0.961148	1.64516	0.798181	1.29925	2.1778	1.79327	0.798181	1.28689	0.535467	0.643527	0.643558	1.12873	1.53506	2.03426	1.19723	1.29925	1.39384	1.8197	2.32599	2.63352	1.89668	1.99478	1.99484	1.29925	0.643527	0.735919	0.504858	0.643558	1.0856	1.19718	0.25242	0.178494	0.178494	0.643527	0.504858	0.39911	0.252434	0.252434	0.356984	0.504831	0.535467	0.535467	0.252434	0.178494	0.25242	0.356984	0.504831	1.29925	1.68347	1.00964	0.178494	0.399127	0.564439	0.564439	1.07084	1.28695	1.53514	1.69288	1.99486	2.3192	2.49733	1.97076	1.53514	1.78441	1.78441	1.29925	0.961148	0.892421	0.643558	0.735919	0.961112	0.643527	0.892376	0.504831	0.356984	0.757262	0.798215	0.356984	0.643527	0.564421	0.7359	0.713939	0.356984	0.252434	1.08562	1.39384	1.0407	0.892376	1.64516	0.643558	0.643527	1.14274	1.59605	2.20679	2.59717	1.75745	1.00964	0.910078	1.08562	0.504858	0.356984	0.356984	0.178494	0.910078	1.8629	2.08833	1.69288	1.29925	1.00964	1.0856	0.178494	0.564421	0.535467	0	0.643558	1.35914	1.1428	0.535467	0.504831	0.356984	0.961148	1.1428	0.735919	0.798181	0.399127	0.892398	0.735919	0.7359	0.713939	0.643558	0.798181	0.643527	1.12873	1.26193	0.798215	1.26195	1.35914	1.12877	0.504858	0.178494	0.643527	0.356984	0.7359	0.643558	0.643558	0.643558	0.757262	0.564439	0.535467	0.399127	0	0.356984	1.12873	0.535467	2.08826	0.892398	0.535467	0.25242	0.564421	0	0.564421	0.39911	0.39911	0.356984	0.892376	0.178494	0.564421	0.356984	0.178494	2.81992	4.33462	1.79325	1.26193	1.69288	1.78441	1.53514	1.24926	0.178494	0.892398	0.643527	0.735919	0.39911	0.178494	1.12877	1.0407	0.504858	3.07835	5.06362	2.42629	0.178494	0.535467	0.504858	0.735919	0.643558	0.252434	0	0.178494	0.535467	0.564439	0.399127	0.178494	0.25242	0.504831	0.504831	0	0.504831	0	0.25242	0	0	0	0	0.25242	0.39911
0.798143	0.798143	0.643501	0.178476	0.399091	0.535415	0.252394	0.399069	0.178476	0.178476	0.252412	0.643501	0.564387	0.356949	0.399091	0.399091	0.399069	0.504778	0.643459	0.735826	0.564387	0.643501	0.96106	0.892342	0.643501	0.564387	0.356949	0.535415	0.73585	0.252394	1.08549	0.909968	0.643459	0.252394	1.04054	1.08549	0.71387	0.757142	1.07074	1.43861	0	1.14262	0.564363	1.14262	1.43858	0.798098	0.73585	0.178476	0.564363	1.535	2.42618	1.92985	1.19705	1.08549	2.08805	2.20651	0.892342	0.71387	0.504813	0.961014	1.64497	3.15428	1.92973	1.39372	2.48439	1.60587	0.178476	1.04054	0.643501	0.535415	0.643459	1.24914	0.96106	0.252412	0.399069	0.178476	0.178476	0.252412	0.564363	0.643501	0.535415	0.399091	0.71387	0.564387	0.399091	0.178476	0.178476	0.252412	1.04054	1.28676	0.178476	0.504778	0.399069	0.535415	0.399091	0	0.399069	0.356949	0.564387	0.564363	0.892282	1.04054	1.64497	1.26183	1.64508	1.68332	1.39372	1.64505	1.64508	1.89661	1.92985	1.39372	0.643501	0.564363	1.04054	0.399069	0.399069	0.504778	0.564387	0.535415	0.504778	0.399069	0.798098	0.399069	0.356949	0.909993	0.71387	0.399091	1.29913	1.78419	0.961014	0.356949	0.564387	0.735826	1.7572	0.892342	1.00948	1.08551	1.19712	1.12866	1.51413	2.08053	1.86273	0.96106	0.356949	0.178476	0.735826	0.961014	0.564363	1.07074	0.643501	0.535415	0.178476	0.252394	0.399091	0.643501	0.71387	0.757196	0.892312	0.564363	0.399091	0.399069	0.399069	0.564387	0.356949	0.535415	0.757196	0.564387	0.178476	0.909993	1.04061	0.892342	0.399091	0.356949	1.04061	1.99468	1.89661	1.47146	1.12866	0.892342	0.73585	0.643501	1.07074	0.892342	1.28684	1.39372	1.04061	0.643501	0.504813	0.643501	1.08551	0.892342	0.73585	0.735826	0.399091	1.60587	1.645	0.535415	0.564363	0.535415	0.535415	0.356949	0.564363	0	0.178476	0.178476	0.504778	0.399091	0.356949	0.252412	0.535415	4.2901	3.60898	0.564387	0.252394	0.757196	1.28684	1.04061	0.564387	0.892282	0.178476	1.47141	0.399069	0.356949	0.643459	0.178476	0.252394	0.892282	0.798143	4.84343	4.56493	0.909968	0.399069	0.178476	0.252412	0.564387	0.535415	0.178476	0	0.178476	0.399091	0.564387	0.564387	0.564387	0.535415	0.399069	0.178476	0.643501	0.892342	0.399091	0	0	0	0	0.252394	0.399069
0.252385	0.643434	1.0405	1.19699	0.735776	0.564311	0.399033	0.252385	0.178459	0.39905	0.564311	0.252372	0.399033	0.39905	0.39905	0.356914	0.178459	0.356914	0.735776	0.909901	0.79806	0.643434	0.892225	1.0405	1.12855	0.50476	0.252372	0.960926	0.39905	0.892203	0.892203	0.535363	0.713801	0.535363	1.14252	1.00939	0.757075	1.00939	1.14252	0.735776	0.960961	0.178459	0.892248	0.79806	1.04045	1.47127	0.79806	0.909901	0.564329	0.757075	0.39905	1.07063	2.14792	2.03392	1.07063	1.43847	1.35888	0.960961	1.0405	1.64488	1.78402	2.01815	1.97036	0.757116	0.892203	1.86249	1.43852	1.43847	0.643434	0.909901	0.50476	0.399033	0.757075	0.399033	0.564329	0.564329	0.643402	0.50476	1.19694	0	0.564311	0.252385	0.564311	0.178459	0.252372	0.178459	0.252385	0.252385	0.909883	1.43847	0.892248	0.564329	0.399033	0.504733	0	0.252385	0.643434	0.39905	0.178459	0.399033	0.643402	1.04045	1.00939	0.39905	0.50476	0.39905	0.356914	0.713801	0.757116	0.960961	1.2867	1.35888	0.909901	0.713801	0.798027	0.252372	0.252372	0.564311	0.50476	0.735758	0.252372	0.50476	0.892225	0.178459	0.39905	0.960961	1.53484	1.39357	1.42738	1.07063	0.178459	0	0.252385	0.504733	0.892203	0.252385	0.356914	0.252385	0.713801	0.79806	1.47131	1.89641	2.65114	2.37961	1.52443	1.43852	1.19699	0.713801	0.252385	0.504733	0.399033	0.178459	0	0.399033	0.960926	0.564329	0.178459	0.535363	0.643402	1.07063	0.757116	0.535363	0.713801	0.643434	0.535363	0.564329	0.757116	0.643434	0.564311	0.178459	0.504733	0.178459	0.178459	0.178459	0.564311	0.643434	0.960926	0.39905	0.909901	0.643434	0.178459	0.735776	1.08541	0.643434	0.39905	0.252385	0.564311	0.399033	0	0.252372	0.757075	0.178459	0.535363	0.178459	1.2617	1.07063	0.892203	0.252372	0.399033	0.356914	0.178459	0.178459	0.399033	0.252372	0.178459	0.178459	0.178459	0.252385	0.178459	0.252372	0.399033	3.83831	4.4525	2.57211	1.08541	0.39905	1.0405	0.643434	0.252372	1.12851	1.07063	1.47127	1.24902	1.99445	3.2139	2.76832	1.19694	0.252385	1.6925	2.92434	5.37927	1.59574	0.39905	0.535363	0.399033	0.252372	0.504733	0.252372	0	0	0	0.178459	0.39905	0.39905	0.178459	0.252372	0.399033	0.535363	0.564329	0.735758	0.178459	0	0	0	0.178459	0.39905
0.398998	0.178443	0.252349	0.252349	0.713738	0.399014	0.178443	0.178443	0.398998	0.356883	0.504689	0.356883	0.178443	0.643377	0.713738	0.399014	0.79799	1.00935	0.757049	0.535316	0.535316	0.56428	0.909803	0.892124	0.79799	1.07054	0.892124	0.643345	0.252363	0.643345	0.960877	1.28659	1.26159	0.892147	0.643345	0.909803	0.892147	0.960842	0.643345	0.356883	0.56428	0.79799	0.56428	0.535316	0.399014	1.61546	1.35876	0.643377	0.56428	1.26159	1.26162	0.892169	0.757049	2.57189	2.48392	0.735711	0.797956	0.356883	0.909803	1.26155	1.04036	0.757009	1.28653	1.0093	0.643377	2.39938	2.76807	0.643377	0.252349	0.56428	0.892169	1.04041	1.08531	0.399014	0	0.504716	1.43837	0.909821	0.892124	0.535316	0.564262	0.56428	1.04041	1.26162	0.79799	0.178443	0.178443	0.178443	0.504689	0.892124	0.399014	0.643377	0.960877	0.79799	0.356883	0.252349	0	0.398998	0.178443	0.643345	0.252349	0.892124	0.643345	0.252363	0.252363	0.178443	0.178443	0.504716	0.757049	0.735711	0.79799	1.26159	1.26157	0.535316	0.564262	0.178443	0.757049	1.04041	1.00935	0.643377	0.178443	0.252349	0.356883	0.892147	0.79799	1.04041	1.19689	0.960842	0.960842	0.892124	0.535316	0.399014	0.56428	1.07054	1.12841	0.178443	0.178443	0	0.398998	0.356883	0.960842	0.356883	0.960842	1.69235	1.29889	1.35876	1.39345	1.04041	0.399014	0	0.535316	0.398998	0.398998	0.356883	1.26157	0.643377	0	0.252349	0.356883	0.398998	0.252349	0.398998	0.504716	0.892169	0.757049	0.356883	0	0.252349	0.757009	0.535316	1.07054	0.564262	0.399014	0.56428	0.909821	1.00935	1.08529	0.356883	0.564262	0.504689	0.535316	0.398998	0.535316	0.178443	0.399014	0.399014	0.643345	0.504689	0.178443	0.535316	0.564262	0	0.398998	1.29885	1.24891	0.643377	0.564262	0.252363	0.399014	0.178443	0	0	0.252349	0.252349	0.252349	0.252349	0	0	0.178443	0.399014	0.399014	1.47114	3.3299	4.30426	3.7799	1.99424	0.178443	0.757049	1.12845	0.252349	1.79276	2.16984	2.78526	4.33716	4.00357	4.19261	4.09721	0.909821	1.26155	2.88037	5.34064	1.35871	0	0.398998	0.564262	0.178443	0.504689	0.252349	0	0	0.178443	0.252363	0.252363	0.252363	0.178443	0.398998	0.564262	0.398998	0.178443	0.797956	0.398998	0	0	0	0	0
0.564202	0.398955	0.356845	0.356845	0.398972	0.735615	0	0	0.398972	0.735634	0.398972	0.535259	0.713663	0.398972	0.89203	0.356845	1.07043	1.00925	0.960775	0.643309	0.713663	0.398972	0.735615	1.43817	0.643277	1.6445	1.43817	0.178424	0.252336	0.178424	0.797906	0.960775	1.35856	0.89203	0.178424	0.564202	0.564202	0.96074	0.398972	0.909706	1.24878	0.713663	0.178424	0.252323	0.89203	0.535259	1.0852	0.892053	0.252336	0.56422	0.756969	0.892075	1.92918	0.909725	2.31821	1.6445	0.89203	1.19671	1.26144	1.83633	1.26142	0.564202	1.1423	0.96074	1.96998	1.75677	2.88006	1.35856	0.564202	0.56422	0.756969	0.643309	0.713663	0.535259	0.252323	1.04025	1.19676	1.78367	0.797906	0.356845	0.504636	0.797872	0.797906	1.00925	1.29871	0.398955	0.398955	0.398955	0.504636	0.643277	0.252336	0.535259	1.07043	0.797906	0.797872	0.178424	0.252336	0.564202	0.398955	0.89203	0.252323	0.643277	0.504636	0	0	0.398955	0.252323	0.535259	0.504662	0.398972	0.564202	0.735615	1.43817	0.178424	0.797872	0.797872	0.735615	0.735634	0.356845	0.398955	0.178424	0.178424	0.56422	0.892053	0.178424	0.564202	0.398955	1.51359	0.89203	1.43817	0.535259	0.252336	0.909706	1.0852	1.64453	0.56422	0.398955	0.178424	0.398972	0.356845	0.643277	0.398972	1.08518	0.96074	0.504636	0.504636	1.08518	1.43821	0.892053	0.398955	0.178424	0.89203	0.504636	0.356845	0.960775	1.0852	0.643277	0.252323	0.535259	0.735634	0.643309	0.398972	0.398955	0.735615	0.735634	0.356845	0	0.398955	0.96074	1.1423	0.96074	1.28639	0.398955	0.398972	0.643309	0.56422	0.252323	0.398955	0.504636	0.89203	0.564202	0.252323	0.398955	0.797872	0.504662	0.535259	0.89203	0.504636	0.398955	0.909706	0.643309	0.356845	0.797872	1.59543	0.735615	0.252336	0.178424	0.398955	0.252336	0.252323	0.252336	0.252336	0.398955	0.398955	0.178424	0.178424	0.252336	0.252336	0.252336	0.252336	0.252336	0.178424	0.356845	1.4271	3.55049	3.15845	1.26144	0.643277	0.797906	1.92918	2.15486	1.6054	2.50271	2.32511	0.535259	1.07043	4.23334	3.27181	0.398955	4.00298	4.54975	0.535259	0	0.178424	0.564202	0.252323	0.564202	0.398955	0	0	0.398955	0.252336	0.252336	0.252336	0.398955	0.504636	0.504636	0.398955	0.252336	0.89203	0.504636	0	0	0	0	0
0.39892	0.535212	0.7136	0.735569	0.891974	0.643221	0.178409	0.178409	0.39892	0.504591	0.178409	0.564152	0.535212	0.398937	0.564152	0.735569	0.643221	0.252314	0.39892	0.178409	0.564152	0.252314	0.2523	1.26133	1.64442	1.64438	1.04016	0.735569	0.504618	0.797836	1.12823	0.643252	1.26131	1.04016	0.252314	0.39892	0.643221	0.891951	0	0.797802	1.07033	1.07033	0.504618	0.398937	0.643221	0.356814	0.504618	1.42698	0.735569	0.178409	0	0	2.17666	1.29863	2.59586	1.75654	0.960655	1.4709	2.42521	1.79241	0.891951	0.96069	1.4709	1.68267	1.7924	0.891974	2.81858	2.32489	1.19666	0.96069	0.643252	0.398937	0.39892	0.39892	0.535212	1.28628	0	1.39311	0.2523	0.398937	0.356814	0.797802	0.7136	0.504618	1.0091	0.7136	0.356814	0.356814	0.7136	0.356814	0.356814	0.535212	0.756862	0.39892	0.891951	0.252314	0.252314	0.564152	0.39892	0.891951	0.564152	0.73555	0.356814	0	0	0.356814	0.535212	0.39892	0	0	0.39892	0.178409	1.43807	0.96069	0.504591	0.797802	0.73555	0.909645	0.909645	0.56417	0.178409	0.178409	0.564152	0.2523	0.39892	0.643221	0.564152	1.35844	0.39892	1.42698	1.28634	0.891997	1.26133	1.0851	1.64438	0.735569	0.535212	0.178409	0.178409	0.252314	0.2523	0.252314	0.643221	0.735569	0.909645	0.56417	1.04016	0.909626	0.643221	0.735569	0.643252	1.2986	1.14225	1.524	1.04021	0.73555	0.891951	0.178409	0.797836	1.28634	1.39318	1.04021	0.398937	0.73555	0.909645	0.909645	0.643252	0.178409	0.909645	0.909626	0.891974	0.797802	0.735569	0.56417	0.178409	0.356814	0.504618	0.356814	0.39892	0.960655	0.735569	0.735569	0.7136	1.07033	1.00916	0.797836	0.643221	0.535212	0.7136	1.1282	0.643252	0.909645	1.26135	2.03335	2.03335	0.891974	0.178409	0.535212	0.504618	0.535212	0.178409	0.178409	0.564152	0.39892	0	0	0	0	0.178409	0.252314	0.178409	0	0	1.1282	3.34812	2.79028	1.1422	0.909626	0.891997	2.23428	1.92901	1.42698	2.65031	1.64438	0	0.535212	2.81858	4.80575	4.4086	4.45479	3.11773	0.178409	0.178409	0.252314	0.564152	0.535212	0.535212	0.39892	0	0	0.39892	0.252314	0.252314	0.252314	0.2523	0.564152	0.643221	0.39892	0.252314	0.756862	0.564152	0.178409	0.178409	0.252314	0.178409	0
0.178391	0.398901	0.713531	0.643195	1.08497	0.178391	0.398879	0.398879	0.178391	0.504538	0.398879	0.564095	0.398901	0.53516	0.564095	0.643195	0.178391	0.252292	0.178391	0.398879	0.564095	0.252292	0.252274	0.756835	1.52386	0.891918	0.252292	0.643195	0.504573	0.797764	1.12813	0.891888	0.756782	1.04005	0.252292	0.178391	0.891857	0.643153	0	0.356779	0.797764	0.797764	0.504573	0.53516	0.178391	0.797719	1.12808	1.42684	1.29847	0.398879	0	0	1.4379	1.14215	2.16917	1.08497	0.735476	1.47076	2.55253	1.52386	0.398879	0.891918	1.28623	1.6443	1.14215	1.08497	1.96961	2.72677	1.14215	0.891918	0.735501	0.53516	0.178391	0.178391	0.398901	0.797719	0	1.14208	0.756782	0.53516	0.356779	0.356779	0.713531	0.504573	0	0.713531	0.356779	0.356779	0.713531	0.356779	0.797719	0.398901	0.252274	0.178391	0.643153	0.252292	0.252292	0.564095	0.178391	0.643153	0.564095	0.960557	0.356779	0	0	0.356779	0.398901	0.178391	0	0	0.178391	0.643153	0.960603	1.43793	0.504538	0.356779	0.398901	0.90956	0.90956	0.564119	0.398879	0.398879	0.564095	0.252274	0.178391	0.891857	0.564095	0.909535	0.891857	1.00907	1.28623	0.960603	1.26121	1.24855	1.43793	0.643195	0.398901	0.398879	0.398879	0.252292	0.252274	0.252292	0.178391	0.643195	0.90956	0.564119	0.252292	0.564119	0.178391	0.643195	0.735501	1.52379	1.29851	1.64427	1.26123	0.398901	0.643153	0.643153	0.797764	1.28623	1.43798	1.26123	0.735476	0.398901	0.90956	0.90956	0.735501	0.643153	0.90956	0.909535	0.643195	0.797719	0.643195	0.909535	0.398879	0.356779	0.504573	0.356779	0.178391	0.735476	0.643195	0.643195	0.713531	0.797764	1.00907	0.797764	0.178391	0.398901	0.713531	1.12808	0.735501	0.90956	1.04011	1.76549	2.67985	1.99362	0.398879	0.398901	0.504573	0.398901	0.398879	0.398879	0.564095	0.178391	0	0	0	0	0.398879	0.252292	0.398879	0	0	2.07941	3.58528	2.08705	0.398879	0.564119	0.960603	1.52379	0.735476	1.42684	2.4249	2.31777	1.009	0.398901	1.35837	3.58548	4.42251	3.1176	1.26121	0.398879	0.398879	0.252292	0.564095	0.398901	0.398901	0.178391	0	0	0.178391	0.252292	0.252292	0.252292	0.252274	0.564095	0.891857	0.178391	0.252292	0.252274	0.564095	0.398879	0.398879	0.252292	0.398879	0
0.178374	0.178374	0.39886	0.643128	0.643096	0.535108	0.535108	0.398843	0	0.504493	0.398843	0.564043	0.252265	0.564043	0.891779	0	0.398843	0.252265	0.178374	0.356745	0.713462	0.356745	0.504493	0.643096	0.564061	0.909469	0.90945	0.178374	0	0.398843	0.398843	0.797647	0.713462	0.960469	0.178374	0.178374	1.03996	0.564043	0.252265	0.178374	0	0.178374	0.252265	0.252252	0.643128	1.07012	0.891779	0.90945	1.14197	0.735408	0.252252	0.252265	0.756716	0.564043	1.68226	0.891801	0.90945	1.68226	2.08686	1.96135	1.79207	1.26113	1.26113	1.04	0.39886	1.00891	1.28603	2.57077	0.643128	0.643128	0.356745	0.643096	0.252265	0.178374	0	0.39886	0.891824	0.891801	0.756716	0.535108	0.535108	0.39886	0.735426	0.535108	0.398843	0.564043	0.398843	0.398843	0.643096	0.504493	0.891779	0.39886	0.39886	0.178374	0.398843	0.252265	0.252265	0.535108	0.39886	0.252252	0.564043	0.891779	0.398843	0.178374	0.178374	0.398843	0	0	0	0	0.178374	0.756716	0.564061	1.19637	0.797647	0.39886	0.252252	0.564061	0.891801	0.178374	0.643096	0.504493	0.356745	0.535108	0.252265	0.90945	0.909469	0.735426	1.43777	0.398843	0.504493	0.356745	1.08487	0.90945	1.03996	0.252265	0.178374	0.504493	0.504493	0.178374	0.564043	0.178374	0.39886	0.756756	0.252265	0.535108	0.735426	0.643128	0	0.39886	0.252265	1.35818	0.535108	1.4267	0.713462	0.356745	0.713462	0.797647	0.398843	0.643096	0.504493	0.891779	0.891801	1.19642	1.24842	0.891779	0.564043	1.14197	1.28603	1.59499	0.891779	1.53403	0.178374	0.891779	0.535108	0.735426	0.643128	0.356745	0.178374	0.564043	0.252265	0.178374	0.398843	0.252265	0.252265	0.564043	0.535108	0.39886	0.564043	0.90945	0.909469	0.564061	0.252252	0.398843	2.64977	2.39832	0.398843	0.252265	0.178374	0	0.504493	0.504493	0.504493	0	0.178374	0.252265	0.178374	0	0.398843	0.252265	0.398843	0.178374	0.252265	2.39832	3.40374	1.43777	0.398843	0.252252	0.90945	0.564043	0.252265	1.03996	2.03288	2.64977	1.51317	0	0.398843	0.252265	0.398843	0.398843	0.252265	0.398843	0.504493	0.178374	0.564043	0.178374	0	0	0	0.178374	0.252265	0.178374	0	0	0.504493	0.398843	1.03996	0.178374	0.178374	0.252265	0.398843	0.504493	0.398843	0.252265	0.398843	0
0	0.178358	0.178358	0.356713	0.398825	0.643071	0.797611	0.398825	0.178358	0.252229	0.398825	0.535061	0.252243	0.398808	0.563993	0.504476	0.252243	0.178358	0.398808	0.178358	0.563993	0.535061	0.535061	0.398808	0.504476	0.178358	0.960385	0.535061	0.398825	0.564011	0.252243	0.356713	0.713399	0.735343	0.356713	0.398808	0.735343	0.96042	1.00887	1.03991	1.14193	1.28598	1.14193	0.891745	0.643071	0.713399	0.398825	0.563993	0.797577	0.797577	0.64304	0.178358	0.252243	1.08479	1.69154	1.08478	1.26099	1.64392	1.89524	0.735343	1.6916	1.89534	1.64398	1.59491	1.29827	1.26098	1.86144	2.3915	0.735362	0.797611	0.535061	0.563993	0.504476	0.398825	0.178358	0.735343	0.797611	0.356713	0.643071	1.14193	1.14193	1.03991	1.03991	1.24832	0.891745	1.12791	0.891745	0.797611	1.08478	0.356713	0.563993	0.398825	0.504449	0.178358	0.252229	0	0	0.252243	0.564011	0.504449	0.713399	0.398808	0	0.398808	0.398808	0	0.252243	0.178358	0	0	0.178358	0.535061	0.535061	0.398808	0.891745	1.28598	1.03991	0.564011	0.504449	0.398808	0.64304	0.563993	0.398825	0.398825	0.252243	0.564011	0.96042	1.03991	1.26098	0.398825	0.563993	0.564011	1.08479	0.643071	1.03986	0.252243	0.356713	0.535061	0.535061	0.356713	0.563993	0.356713	0.504449	0.564011	0.891723	0.398825	0.178358	0.564011	0.797577	0.398808	0.90937	0.563993	0.535061	0.398808	0.756689	0.643071	0.535061	0.398808	0.252229	0.563993	0.535061	0.398808	0.756689	1.03991	1.75605	1.39272	0.64304	1.14187	1.19627	1.52351	1.19627	1.5339	0.504449	0.735343	0.564011	0.756689	1.03991	0.735362	0.356713	0.563993	0.398825	0.564011	0.252243	0	0.178358	0.398808	0.252243	0.535061	0.535061	0.891745	1.43771	1.19632	0.909389	1.28598	2.76669	1.83565	0.178358	0.252243	0.356713	0.398825	0.713399	0.535061	0.398808	0	0.252229	0	0.252229	0	0.252229	0	0.398808	0.356713	0.178358	1.92847	3.2706	1.69154	1.14187	0.64304	1.28592	0.356713	0.356713	1.07003	2.16878	3.03449	2.93903	1.9203	0.891723	0.178358	0.178358	0.356713	0.178358	0.252229	0.398808	0.504449	0.563993	0.356713	0.252243	0.178358	0	0.252229	0	0.252229	0.178358	0.252243	0.563993	0	0.90937	0.713399	0.178358	0	0.252229	0.504449	0.178358	0.252243	0.178358	0
0.17834	0.398783	0.504422	0.398783	0.252203	0.252216	0.398766	0.642972	0.535005	0.398783	0.252216	0.356676	0.252216	0.504422	0.891651	0.891651	0.735284	0.563952	0.535005	0.398783	0.735284	0.504422	0.356676	0.563952	1.0398	1.19619	0.398783	0.563952	0.504422	0.356676	0.356676	0.17834	0.398766	0.535005	0.398783	0.398766	0.563952	1.0398	0.713324	0.252216	1.08468	1.28584	1.08468	0.535005	0.252203	0.535005	0.356676	0.504396	0.891606	0.642972	0.563934	0.563952	0.713324	0.909274	1.03975	1.28578	1.28584	2.08653	1.26086	0.398766	0.17834	0.356676	0.504396	0.17834	1.08466	1.26084	1.43749	1.68193	0.891629	0.398783	0.960283	0.891651	1.0398	0.563952	0.398783	1.08466	0.797527	0.891629	0.735284	0.756609	0.756609	0.797527	0.735284	1.06992	1.00877	0.960318	0.643003	0.535005	0.909274	0.563952	0	0.252203	0.642972	0.356676	0.252216	0.356676	0.398783	0.17834	0.398766	1.03975	0.398766	0.17834	0.356676	0.756569	0.398766	0.563934	0.356676	0.398766	0.17834	0	0	0.252203	0.252216	0.643003	0.643003	0.563952	0.735284	1.0398	1.00877	0.398783	0.356676	0.713324	0.398783	0.252216	0.252216	0.398783	0.563952	0.398783	0.642972	0	0.398766	0.398766	0.504396	0.17834	0.891606	0	0.252203	0.252203	0.252203	0.17834	0.398766	0.17834	0.713324	0.909293	0.356676	0.252216	0.642972	0.252203	0.797493	0.535005	0.535005	1.14181	0.563934	1.64378	1.43753	0.797493	0.797527	0.797527	0.735284	0.643003	0.398783	0.356676	0.252216	0.252203	1.68193	1.6145	1.12779	0.735266	0.563952	1.43751	1.08466	1.52335	1.28578	0.535005	0.563952	0.563952	0.563934	0.642972	0.356676	0.563934	0.535005	0.643003	0.735284	0.504422	0.563952	0.398783	0.398783	0.17834	0.797527	1.28584	1.28584	1.42643	0.960318	1.79172	1.96905	0.797493	0.252216	0.17834	0.252216	0.735284	0.735284	0.398783	0.17834	0	0.17834	0.252216	0.17834	0	0.398766	0.252216	0.642972	0.17834	0.356676	1.26084	3.27511	2.31711	1.43751	0.797527	0.960283	0.643003	0.398766	0.643003	2.32405	3.83589	3.88908	3.22648	2.16855	0.642972	0.252216	0.398766	0.398766	0.398783	0.252216	0.642972	0.252203	0.356676	0.17834	0.252203	0	0.17834	0.252216	0.17834	0.398766	0.252216	0.563934	0.398766	0.356676	0.909274	0.398783	0.252216	0.356676	0.398766	0	0	0	0
0.356644	0.178324	0.563902	0.642946	0.534958	0.252194	0.534958	0.398731	0.534958	0.252194	0	0.25218	0.178324	0.534958	0.398747	0.356644	0.534958	0.563902	0.398747	0.252194	0.398747	0.642946	0.797456	0.735219	0.713261	0.735219	0.909194	0.25218	0.356644	0.398747	0.563902	0.642946	0.891573	1.03971	1.00868	0.756542	0.563884	0.178324	0.960199	0.252194	0.735201	0.797456	1.26073	0.735219	0.356644	0.252194	1.00868	1.28573	0.89155	0.398731	0.398747	0.891573	0.797456	0.735201	1.29798	1.9929	1.26075	1.06982	0.891573	1.26073	0.534958	0.356644	1.14165	0.756542	0.563902	0.735201	0.563884	1.08457	1.29802	1.26077	1.26075	0.735219	0.735201	0.563884	0.398747	0.909213	1.03971	0.797456	0.534958	0.178324	0.178324	0.356644	0.563884	0.398731	0.178324	0	0.534958	0.534958	0.25218	0.563902	0.891573	0.642946	0.398747	1.12769	0.909213	0.797423	0.178324	0.25218	0.735201	0.797423	0.178324	0.398731	0.25218	1.00862	0.178324	0.504351	0.909194	0.735219	0.563902	0.356644	0	0.398731	0.178324	0.178324	0.563902	0.642946	0.398747	0.252194	0	0.356644	0.252194	0.534958	0.504378	0.504378	0.398747	0.178324	0.25218	0	0.504351	0.178324	0.178324	0.398731	0.563902	0.756542	0.356644	0.563902	0.642946	0.252194	0.25218	0.178324	0.356644	0.252194	0	0.563902	0.713261	0.178324	0.563884	0.178324	0.642946	0.642946	0.398731	0.178324	1.68179	1.43736	2.01662	1.00862	0.89155	0.563902	0.398747	0.642946	0.797423	0.642915	0.356644	0.504378	1.4702	2.03239	1.19609	0.563902	1.03971	1.81797	1.61436	0.891527	1.68179	0.252194	0.252194	0.252194	0.891527	0.25218	0.534958	0.356644	0.356644	0.398747	0.25218	0.398747	0.178324	0.563902	0.563902	0.534958	1.08457	0.504378	0.356644	1.19604	0.534958	1.39245	0.891527	0.356644	0.252194	0.356644	0.356644	0.563884	0.178324	0.178324	0.252194	0.178324	0.178324	0.398747	0.398747	0.178324	0.504351	0.178324	0.797423	0.178324	0.25218	0.356644	2.96519	2.71989	0.909213	0.960234	0.398747	0.178324	0.356644	0.797423	0.563884	1.19604	2.08628	2.81724	3.02862	1.19604	0.252194	0.398731	0.398731	0.25218	0.398747	0.356644	0	0.25218	0.178324	0.356644	0.178324	0	0	0	0.504351	0	0.504351	0.504351	0	0.642915	0.398747	0.504378	0.398747	0.178324	0	0.178324	0.252194	0.252194
0.642889	0.960147	0.56385	0.35661	0.178307	0	0.398689	0.56385	1.14161	1.64352	1.4373	0.56385	0.252154	0.398689	0.178307	0.178307	0.35661	0.504298	0.252172	0.252154	0.252172	0.252172	0.398712	0.735151	0.909128	0.735151	1.08446	0.909128	0.504333	0.178307	0.178307	0.252172	0.252154	0.35661	0.178307	0.398689	0.642889	1.00859	0.735151	0.178307	0.398712	0.797385	0.909103	0.35661	0.178307	0.398689	0.909103	0.642889	0.252172	0.178307	0.735127	0.504333	0.797385	1.12759	1.29785	1.3923	0.735151	1.08448	1.03962	0.909103	0.178307	0.35661	1.14153	0.534906	0.534906	0.642889	0.56385	0.252154	0.56385	0.756476	0.56385	0	0.504298	0.642889	0.756476	0.534906	0.398712	0.398712	0	0.35661	0.35661	0.398712	0.534906	0	0.35661	0.398689	0.398689	0.398712	0.398712	0.252172	0.252172	0.504298	1.12754	0.735151	1.03955	0.891434	0.56385	1.08448	0.735151	0.252154	0.252172	0.642889	1.03962	0.713192	0.178307	0	1.03955	0.534906	0.642889	0.909103	0.252154	0.563827	0.178307	0.178307	0.563827	0.178307	0.178307	0.56385	0.797385	0.398712	0.178307	0.35661	0.252172	0.252172	0.398689	0.35661	0.398712	0.178307	0.504298	0.178307	0.252172	0.398689	0.178307	0.178307	0.563827	0.713192	0.398712	0.398689	0.252154	0.178307	0.398689	0.178307	0.398712	0.642889	0.891464	0.178307	0.713192	0.56385	0	0.398689	0.398712	0.756476	1.28553	1.19591	1.6434	1.06972	0.735127	0.642848	0.35661	0.178307	0.79734	0.891464	0.504333	0.398689	0.252172	1.06972	1.43724	0.797385	1.42616	1.64348	2.42374	0.252154	1.61423	1.52313	0.909128	0.56385	0.79734	0	0.642848	0.252172	0.252154	0.398712	0.35661	0.735127	0.891464	0.891434	0.534906	0.534906	0.756423	0.35661	0	1.03955	0.642848	1.26057	0.756423	0.398689	0.252172	0	0.713192	1.26063	1.68172	2.03223	1.59446	0.909128	0.398712	0.178307	0.398689	0.35661	0.563827	0.534906	0.909103	0.534906	0.398689	0.178307	2.67258	2.92182	0.398689	0.504298	0.35661	0.504333	0.534906	0.735151	1.3924	1.19598	0.735127	2.76587	3.60559	1.99276	1.76465	1.3924	0.56385	0.398689	0.252154	0.252172	0.252154	0.178307	0.35661	0.534906	0.398689	0	0	0.178307	0.534906	0.398712	0.398689	0.504298	0	0.504298	0.178307	0.252172	0.252154	0.252172	0.252172	0.35661	0.252172	0.398712
0.735077	0.39867	0	0.178289	0.252145	0.252145	0.756356	0.563775	0.909018	1.03951	1.43711	1.14143	0.178289	0.178289	0.252132	0.252145	0.398653	0.891355	0.252145	0.756356	0.252145	0.252145	0.252145	0.563775	0.563775	0.563775	0.735059	0.713123	0.642822	0.735077	0.356575	0.356575	1.06961	0.8914	0.735077	0.713123	0.713123	0.797302	1.28548	1.12748	0.356575	0.398653	0.563775	0.178289	0.398653	0.756356	1.03946	0.398653	0.398653	0.252145	0.642791	0	0.797268	0.713123	0.178289	1.26051	1.08437	0.797268	0.178289	0.534854	0.797302	0.8914	0.178289	0.797302	0.797302	0.356575	0.504254	0	0	0	0	0.398653	0.178289	0.735059	0.735077	0.797268	0	0.398653	0.534854	0.39867	0.178289	0	0.178289	0.534854	0.39867	0.563775	0.39867	0.50428	0.534854	0.252132	0.563793	0.891377	1.19581	0.178289	1.68146	0.891377	1.00843	1.08436	0.563793	0.252132	0.252145	0.534854	0.642822	0.563793	0.398653	0.178289	1.03946	0.756356	0.252145	1.03946	0.563775	0.252132	0.398653	0.735059	0.909036	0.735059	0.398653	0.563775	0.39867	0.797268	0.398653	0.398653	0	0	0.504254	0.504254	0	0.178289	0.563775	0.252132	0.252145	0.178289	0.642822	0.642822	0.735059	0.252132	0.178289	0.356575	0.534854	0.252132	0.563775	0.398653	0.356575	0.735077	0.563793	1.03946	1.60419	1.06961	1.08436	0.8914	0.534854	0.252145	0.735059	1.12744	0.504254	1.14143	0.960048	1.00848	0.178289	0.252145	0.252132	0.563793	0.735077	0.713123	0.534854	0.252132	1.19581	0.39867	1.14143	0.642791	2.7713	1.69089	1.35759	1.61405	1.08436	0.39867	0.563775	0.252145	0.891355	0.356575	0.713123	0.356575	0.504254	1.28542	0.891377	1.52292	0.39867	0.398653	0.504254	0.178289	0.534854	1.28542	0.891355	1.39218	0.891355	0.563775	0.252145	0.398653	1.19581	1.61405	1.99256	1.89461	1.96849	1.08436	0.356575	0.356575	0.713123	0.39867	0.563775	0.563775	0.642791	0.504254	0.504254	0.398653	2.53226	3.03325	0.563775	0.756356	0.252145	0.252132	0.563793	0.756396	0.39867	0.398653	0.534854	2.08587	3.43915	1.81762	1.51253	1.46991	1.29773	0.178289	0.504254	0	0.504254	0	0.504254	0.504254	0.504254	0	0	0.398653	0.39867	0.534854	0.178289	0.504254	0	0.504254	0.398653	0.252145	0.756356	0.252145	0.252145	0.178289	0	0.398653
0.563717	0.252105	0.252105	0.398634	0.356541	0.178272	0.908927	0.908952	1.24771	1.19575	1.26036	1.03935	0.642765	0.398634	0.563717	0.252123	0.563717	0.756276	0.398634	0.959914	0.252123	0.178272	0.178272	0.534802	0.735009	0.563741	0.398612	0.5042	0.178272	0.534802	0.713054	0.534802	0.756276	0.252123	0.252105	0.563717	0.398612	0.398612	0.563717	0.642723	0.504236	0.534802	0.252105	0.252123	0.252105	0.756276	0.908927	0.563741	0.398612	0.178272	0.563717	0.398634	0.797185	0.398612	0.252105	0.563717	0.756276	1.03935	0.252105	0.642765	1.5124	1.78221	1.00839	0.642765	0.891321	1.08427	0.908952	0.756329	0.642765	0.398634	0.252123	0.398612	0	0.734984	0.735009	0.642723	0.398634	0.735009	0.959961	0.79723	0.356541	0	0	0.398612	0.252123	0.398612	0.178272	0.398634	0.534802	0.734984	0.713054	0.534802	0.891261	0.178272	1.53314	0.959961	0.959914	0.908927	0.563741	0.563717	0.398634	0.356541	0.178272	0.563741	0.891291	0.504236	0.797185	0.797185	0.504236	0.797185	0.398612	0.252123	0.398612	0.797185	0.356541	1.00832	0.5042	0.398612	0.252123	0.891261	0.5042	0.398612	0.178272	0	0.356541	0.891321	1.03942	0.563741	0.398612	0.398612	0.178272	0.398612	0.252123	0.398634	0.735009	0.642765	0.398634	0.252123	0.398612	0.398634	0.735009	0.356541	0.398612	0.563717	0.563717	1.61391	2.32313	1.26039	0.959914	0.79723	0.534802	0.563741	0.398634	0.713054	0.79723	0.891261	1.26039	1.03942	0.563741	0.252105	0.252105	0.563741	0.735009	0.356541	0.356541	0.504236	0.797185	0	0.734984	0.908952	2.0317	2.42337	2.64842	1.52284	0.5042	0.398634	0.252105	0.252123	0.756276	0.534802	0.534802	0.398612	0.398612	1.2976	0.959961	1.03935	0.252123	0.756276	0.908927	0.756329	0.398634	1.39203	1.14131	1.12733	1.46973	0.797185	1.06951	2.25387	1.91938	0.959914	1.53314	0.398612	2.07802	1.28528	0.398612	0.563717	0.563717	0.252123	0.398612	0.398612	0.534802	0.534802	0.252105	0.398612	2.28172	2.9643	1.14131	1.2976	0.534802	0.642723	0.252105	0.252123	0.252105	0.563717	0.563717	1.53314	2.64823	1.08427	1.53324	2.15312	2.67809	1.29765	0.356541	0	0.398612	0.252123	0.398612	0.5042	0.5042	0	0	0.398612	0.252123	0.398612	0	0.398612	0.252123	0.398612	0.398612	0.252123	0.642723	0.504236	0.398612	0.398634	0.398634	0.398612
0.252083	0.252096	0.563666	0.534751	0.712985	0.534751	0.178255	0.734934	1.08416	1.03931	0.504183	0.356506	0.563684	0.563684	0.712985	0.504183	0.356506	0.398593	0.797148	0.891205	0.504183	0.563666	0.252083	0.252083	0.178255	0.252096	0.534751	0.534751	0.356506	0.356506	0.178255	0.908861	0.959862	0.563684	0.252096	0.563666	0.356506	0.356506	0.398576	0.178255	0.178255	0.178255	0.252096	0.178255	0	0.398593	0.908861	0.563684	0.534751	0.563684	0.534751	0.534751	0.356506	0.252083	0.356506	0.534751	0.252083	1.03926	0.563666	0.356506	0.891182	0.734934	0.959862	1.19562	1.14127	1.35732	1.68121	1.64303	1.43687	1.19562	0.891227	0.504183	0.252096	0.642698	1.03931	0.563684	0.563666	0.563684	0.642698	0.891205	0.891182	0.252096	0.398576	0.398593	0.398576	0.563684	0.908861	1.35732	1.26029	0.908861	0.712985	0.563684	0.398576	0.534751	0.642666	0.398593	0.178255	0.642698	0.891227	0.734934	0.398593	0.178255	0.398576	0.563684	1.12726	1.14127	0.797148	0.178255	0.398593	0	0.642698	0.563684	0	0.534751	0.398593	0.891182	0.398576	0.398593	0.642698	1.06941	0.563684	0.398576	0.178255	0.252096	0.252096	0.534751	0.712985	0.797114	0.252096	0.642698	0.891227	0.891227	0.563684	0.398576	0.178255	0.356506	0.356506	0.398593	0.252096	0.398576	0.178255	0.178255	0.178255	0.398593	1.29748	0.356506	1.78198	1.06941	0.734934	0.959862	0.178255	0.891182	0.563666	0.534751	1.03926	0.797148	1.43687	1.28523	0.734934	0.642666	0.959827	1.43685	1.39198	1.03931	0.642666	0.797148	0.797148	0.504183	0.756249	1.12726	0	2.1529	3.03282	2.42313	0.891205	0.178255	0.178255	0	0.398593	0.797148	0.504183	0.178255	0.178255	0.734934	1.03931	0.642698	0.252096	1.35727	1.26024	0.756249	0.712985	1.28517	1.28517	0.398593	1.79085	1.60388	2.51927	2.34329	1.35732	0.959862	1.12722	0.642698	2.20378	1.46959	0.252096	0.504156	0.398576	0.398593	0.178255	0.178255	0.252096	0.252096	0.356506	0.252096	1.89414	3.02221	2.39011	1.06941	1.14121	0.908842	0.734916	0.252083	0.178255	0.398576	0.642666	1.19557	2.20378	1.43687	1.52268	1.89424	3.04834	2.08547	0.178255	0	0.178255	0.178255	0.252096	0.534751	0.252083	0.252096	0.178255	0.178255	0.252096	0.178255	0	0.178255	0.178255	0.178255	0	0.252096	0	0.252096	0.797114	0.398576	0.252096	0.563684
0.356475	0.356475	0.356475	0.504112	0.356475	0.712922	0.534703	0.178239	0.504112	0.398541	0.563616	0.252061	0.178239	0.178239	0.563616	0.252074	0.252061	0.534703	0.398558	0.563616	0.252074	0.891104	0.178239	0.534703	0.504138	0.356475	0.797044	0.398558	0.398558	0.73487	0.734852	1.19547	0.959778	1.06931	0.356475	0.504112	0.398541	0.534703	0.398558	0.252061	0.534703	0.504138	0.356475	0.398541	0.252061	0.534703	0.797044	0.504112	0.797044	0.398558	0.178239	0.504112	0	0.398541	0.563616	0.178239	0	1.00815	0.356475	0.891149	1.79071	1.14117	0.398541	0.712922	0.356475	0.398558	0.891149	0.959778	0.908781	0.908781	0.73487	0.534703	0.252074	0.563616	0.534703	0.959743	0.891104	0.398541	0.252074	0.64261	1.39179	0.252074	1.14111	0.504138	1.14111	0.534703	1.08405	1.24748	0.959778	0.398558	0.504112	0.398541	0.252061	0.563616	0.534703	0.504138	0.356475	0.398541	0.398558	0.398558	0.252061	0.178239	0.504112	0.504112	0.398558	0.73487	0.504138	0.534703	0.398541	0.797044	0.504138	0.797044	0.398541	0.398541	0.178239	0.64261	0.178239	0.252074	0.534703	1.08405	0.563634	0.756143	0.252061	0.252074	0.252061	0.563634	0.563634	1.03917	0.534703	0.504138	0.797077	1.0082	1.06931	0.712922	0.504138	0.398558	0.178239	0.398541	0.398541	0.356475	0.504138	0.64261	0.252074	0.64261	1.24748	1.61359	0.908762	1.53287	1.03917	0.891104	0.797044	1.43668	0.64261	0.64261	1.83442	0.891127	0.534703	0.563616	0.891104	0.64261	1.43668	1.5225	0.756183	0.908781	1.68099	0.797044	0.504138	0.504138	0.398558	0.563616	1.03917	1.89397	0.398558	2.15262	1.5225	0.356475	0.178239	0.252074	0.534703	0.534703	0.398541	0	0	0	0.398541	0.398558	0.504138	1.59378	0.797044	0	0.64261	1.39179	1.14111	0.891104	0.959743	1.4367	2.3899	0.64261	0.908762	1.35715	0.756183	1.69041	2.31585	1.12716	0.534703	0.563616	0.178239	0.398541	0.756143	0.252074	0.398541	0.398541	0.563616	0.398541	1.89397	3.70367	2.78763	0.398541	1.59378	0.734852	0.734852	0.797044	0.178239	0.178239	0.891104	0.73487	1.81707	1.12712	0.64261	0.398541	2.89898	2.53155	0.178239	0	0	0.398541	0.534703	0.398558	0.252061	0.252074	0.398541	0	0	0	0	0	0.398541	0.252074	0.398541	0	0.178239	0.252074	0.398541	0.712922	0.64261	0.534703
0.563557	0.398499	0.17822	0.534647	0.356437	0.504058	0.504058	0.17822	0.563557	0.563557	0.398499	0.504058	0	0.17822	0.534647	0.398516	0.642542	0.642542	0.252047	0.252034	0.398516	0.959641	0.17822	0.356437	0.796993	0.959676	0.908666	0.398516	0.504085	0.356437	1.00804	1.28492	0.796993	1.0692	0.356437	0.504058	0.398499	0.534647	0.504085	0.534647	0.398499	0.17822	0.563557	0.398499	0.356437	0.734792	0.734774	0.356437	0.959641	0.398516	0.504085	0.356437	0	0.504058	0.504058	0.17822	0.252047	0.959641	0.398516	0.252034	0.756063	0.563575	1.26002	1.35706	1.03911	0.908685	0.756103	0.734792	0.534647	0.398499	0.504058	0.642542	0.252047	0.756063	0.563557	1.03906	0.959641	0.356437	0	0.504058	1.28492	0.398516	1.14099	0.642573	1.19534	0.398516	1.24735	1.46931	0.356437	0.356437	0.712847	0.356437	0.504058	0.504058	0.398499	0.252047	0.252034	0.563557	0.252047	0.17822	0.642542	0.252047	0.642542	0.642542	0.398499	0.398499	0.398516	0.734792	0.908685	1.08394	0.398516	1.14099	0.398499	0.563557	0.563575	0.959676	0.734792	0.17822	0.504058	0.79696	0.712847	0.79696	0.504058	0.17822	0.563557	0.17822	0	0.79696	0.734792	0.642573	0.734774	0.17822	0.89101	0.756063	0.252047	0.252034	0.17822	0.398499	0.252034	0.398516	0.398516	0.908666	0.891055	1.24735	0.891032	1.59361	0.356437	1.28492	1.127	0.642542	0.908666	1.35701	0.563575	0.891032	1.28492	1.19539	1.35706	1.03911	0.734774	0.398499	1.25998	1.29723	0.891055	0.908685	1.53271	0.908666	0.534647	0.17822	0.252047	0.563557	0.908666	2.03115	1.35706	1.86	1.14099	0.563557	0.17822	0	0.642542	0.563575	0.959676	0.891055	0.756103	0.756103	0.734792	0.642573	0.756103	1.19534	0.398499	0.252047	0.398499	1.28492	1.28492	1.14099	0.534647	1.0692	1.91874	0.642573	0.908666	1.29723	1.59368	2.25314	1.28492	0.17822	0.563557	0.563557	0.17822	0.398499	0.89101	0	0.398499	0.563557	0.252034	0.563557	2.32239	4.24335	1.92698	1.35701	1.35701	0.252034	0.563557	0.89101	0.17822	0.398516	0.79696	0	1.127	1.79052	1.39171	0.504085	2.67131	2.62949	0.534647	0	0.17822	0.398499	0.356437	0.504085	0.356437	0.17822	0.398499	0	0	0	0	0	0.398499	0.17822	0.398499	0.17822	0	0	0	0.398499	0.959641	0.712847
0.5346	0.178205	0.252012	0.178205	0.642485	0.504014	0.504014	0.252012	0.504014	0.504014	0.252025	0.356406	0	0.252012	0.252025	0.5346	0.890931	0.642485	0.252025	0.398481	0.563525	0.563507	0.178205	0.398481	0.890954	0.796923	0.563525	0.356406	0.178205	0.5346	0.908586	0.563507	0.890977	0.959592	0.563525	0.563507	0.398481	0.563525	0.504041	0.398481	0.178205	0.252012	0.504014	0.252025	0.398481	0.178205	0.178205	0.398481	0.908586	0.908605	1.008	1.008	0.890977	0.563525	0.398464	0.252012	0	0.642485	0.398464	0.178205	0.398464	0.178205	0.756037	1.53265	1.64256	1.68074	1.53265	0.796923	0	0.398481	0.79689	0.890931	0.252012	1.03897	0.398464	0.890931	0.712784	0.642517	0.398481	0.398464	0.79689	0.563525	0.734709	0.504014	0.504014	0.712784	1.06911	1.69009	0.642517	0.398481	0.755997	0.178205	0.642485	0.398464	0.252012	0.178205	0.734709	0.712784	0.398481	0.504014	0.959557	0.642517	1.12691	1.00795	0.356406	0.398481	0.398481	0.356406	0.563507	0.642485	0.398464	1.28481	0.178205	0.504014	0.79689	0.642517	1.08384	0.5346	0.398464	0.398464	0.398464	0.356406	0.5346	0.356406	0.563507	0.504014	0.252025	0.398481	1.25993	1.29715	1.08384	0.5346	0.504014	1.14089	0	0.642485	0.398464	0.398464	0.398481	0.563525	0.756037	1.28487	1.14095	0.712784	0.79689	1.35689	0.756037	0.252012	1.25989	0.504014	0.959592	0.5346	0.178205	0.890931	1.35694	2.39617	1.89371	0.908605	0	0.356406	0.563507	1.19529	1.53265	1.28487	0.356406	0.890977	1.46921	1.08386	0.79689	1.12694	1.12694	1.79037	1.83415	1.29715	0.252012	0.712784	0.5346	0.178205	0.755997	0.178205	0.504041	0.890977	1.008	1.008	0.890977	0.959592	1.008	0.563525	0.252025	0.504041	0.252025	0.734709	1.6425	1.6425	0.356406	0.642517	1.46918	0.908605	1.5222	1.24724	2.07735	1.64254	0.734709	0.252012	0.504014	0.356406	0.563525	0.178205	0.642485	0.178205	0.178205	0.398464	0.563525	1.43644	2.93642	4.21691	0.734709	1.83407	0.398464	0.796923	0.959592	0.712784	0.5346	0.563525	0.178205	0.252025	0.398481	1.64256	1.91865	1.35689	2.42235	2.42235	0.642485	0	0.252012	0.252012	0.178205	0.252025	0.178205	0.252012	0.252012	0	0	0	0	0	0.178205	0.356406	0.178205	0.178205	0.178205	0.356406	0.504041	0.398481	0.504014	0.5346
0.356371	0.252003	0.178187	0.356371	0.56345	0.642418	0.56345	0.398445	0.734635	0.56345	0.712715	0.75597	0.64246	0.534548	0.356371	0.56345	0.755917	0.563473	0.75597	0.64246	0.398445	0.178187	0.178187	0.178187	0.56345	0.563473	0.398445	0.503996	1.12684	1.12684	0.398445	0.178187	0.178187	0.251985	0.642418	0.398423	0.356371	0.534548	0.178187	0.178187	0.398445	0.563473	0.73466	0.959505	1.03892	1.08376	1.08376	1.19518	1.46908	1.29703	0.796852	0.503996	0.563473	0.398445	0.178187	0.178187	0.252003	0.56345	0.398423	0.252003	0.563473	0.398445	0.56345	0.398445	0.563473	0.563473	0.712715	0.908495	0.890838	1.19518	1.79017	1.29698	0.534548	0.755917	0.356371	0.642418	0.251985	0.251985	0.251985	0.398423	0.734635	0.398445	0.642418	0.755917	0.251985	0.642418	0.796807	1.14077	0.64246	0.796852	1.29698	0.398445	0.796807	0.356371	0.534548	0.563473	0.734635	0.56345	0.398423	0.755917	0.890838	0.398423	1.14077	1.19511	0.534548	0.251985	0.251985	0.890868	0.959505	0.90852	0.73466	1.19511	0.178187	0.642418	0.56345	0.890898	0.890868	0.398423	0.178187	0.398445	0.398445	0.178187	0.178187	0.356371	0.251985	0.734635	0.503996	0.908495	0.398445	1.14077	0.890838	0.534548	0.563473	0.890838	0.398445	0.56345	0.503961	0.642418	0.178187	0.178187	0.503961	0.398445	0.796807	0.252003	0.56345	0.734635	0.64246	0.734635	0.890838	0.959458	0.796852	0.959505	1.39147	1.85972	1.60327	0.563473	1.00784	0.890838	0.178187	0.356371	0.252003	0.251985	0.178187	0.64246	0.959458	0.398423	0.734635	1.08373	1.75435	0.796807	0.398423	0.712715	0.959505	0.73466	0.642418	0.73466	0.90852	0.73466	0.890868	0.796852	0.73466	0.398445	0.178187	0.178187	0.398445	0.534548	0.178187	0.398423	0.534548	0.503996	0.534548	0.178187	0.959458	1.60327	1.61312	0.755917	0.959458	0.796807	1.78125	2.14459	0.642418	0.356371	0.178187	0.178187	0.534548	0.356371	0.251985	0.642418	0.251985	0.356371	0.252003	0.503996	1.61315	3.22374	3.59892	3.15425	0.356371	1.89341	0.356371	0.398423	0.398423	0.356371	0.56345	0.356371	0.398423	0	0.755917	0.356371	1.52205	1.99134	3.02629	2.59264	0.890898	0.398445	0	0.356371	0.178187	0.178187	0.356371	0.178187	0.251985	0	0	0	0	0	0	0.178187	0.252003	0.178187	0.251985	0.796807	0.796852	0.890898	0.503996	0.356371
0.356337	0.251976	0.17817	0.503917	0.17817	0.796735	0.563398	0.251976	0.734567	0.734585	0.890782	0.642392	0.796769	0.908429	0.890804	0.959406	0.251976	0.563416	0.75589	0.642392	0.398404	0.251976	0.17817	0	0.17817	0.503943	0.890804	1.03882	1.25966	0.75589	0.563398	0.17817	0.251976	0.398404	0.734567	0	0.734567	0.734585	0.712646	0.356337	0.17817	0.251963	0.563416	1.12672	1.03882	1.2969	1.46893	1.68981	1.43619	0.642392	0.642361	0.534497	0.642392	0.251976	0	0.17817	0.398404	0.356337	0.251976	0.398404	0.398404	0.796769	0.796769	0.398404	0.398404	0.534497	0.563398	0.734567	1.68034	1.00776	1.59316	1.46889	0.503943	0.251963	0.398404	0.534497	0.356337	0.534497	0.398404	0.75585	0.796735	0.17817	0.534497	1.0689	0.503943	0.563398	0.503917	0.734567	0.356337	0.251963	0.908411	0.890804	0.534497	0.398387	0.398387	0.251963	0.503917	0.356337	0.534497	0.503917	0.734567	0.734585	0.563398	0.908429	1.25966	0.890782	1.0689	1.42507	0.75589	0.712646	0.398404	1.03877	0.398404	1.03877	0.356337	0.563398	0.398387	0	0.17817	0.534497	0.642392	0.563398	0	0.251963	0	0.398387	0.398404	0.563398	0.17817	1.14067	0.642361	0.398404	0.563416	0.356337	0.251963	0.251963	0.356337	0.908411	0.356337	0.17817	0.503917	0.398404	0.796735	0.398387	0.17817	0.398387	0.356337	0.398404	0.251976	1.00781	1.03882	0.356337	0.796735	0.734567	0.642392	1.59323	0.734585	0.712646	0.75589	0.642392	0.398387	0.563398	0.75585	0.534497	1.35663	0.734585	1.25966	0.796769	1.19501	1.42507	1.03882	0.75589	0.251976	0.642361	1.03877	0	0.534497	0.734585	0.908429	0.712646	0.563398	0.398404	0.563416	0.534497	0.503917	0.356337	0.398387	0.503917	0.503917	0	0.503917	0.17817	0.563398	0.398387	1.7542	1.59316	0.734567	0.908429	1.19501	1.81636	1.79002	0.908411	0	0	0.17817	0.534497	0.734585	0.712646	0.251963	0	0.251976	0.503917	1.53228	2.51803	2.56783	1.64218	1.14067	1.14067	0.251976	0.251976	0.796735	0.398387	0.17817	0.563398	0.398404	0.563416	0.503917	0.563416	1.68976	2.08448	3.11357	1.89324	0.17817	0.17817	0.398404	0.251976	0.17817	0.398387	0.398387	0.251976	0.17817	0	0	0	0.17817	0.251976	0.17817	0	0	0.17817	0.17817	0.796735	0.734567	0	0.356337	0.17817
0.563364	0.503899	0.398368	0.398346	0	0.642294	0.534445	0.503899	0.178153	0.398368	0.356302	0.398346	0.356302	0.563341	0.398368	0.563364	0.890665	0.90832	0.642335	0.534445	0.398346	0.178153	0.251954	0.251954	0.398368	0.563364	0.642335	0.642335	0.563341	0.178153	0.734493	0.503899	0.503899	0.398368	0.398346	0.251937	0.755771	0.251937	0.642294	0.178153	0.178153	0	0.796653	0.398346	0.251954	0.796698	1.08355	1.08352	0.398346	0.534445	0.563341	0.755771	0	0.251937	0	0.251937	0.398346	0.178153	0.251937	0.356302	0.503899	0.734493	0.178153	0.178153	0.398368	0.734493	0.563341	0.642294	1.35649	1.68966	1.19495	0.796653	0.712577	0.251937	0.398368	0.398368	0.178153	0.503863	0.178153	0.959273	0.890696	0.642335	0.398346	0.796653	0.398346	0.642294	0.398368	0.734517	0.908344	0.796698	0.890726	0.908344	0.398368	0.398346	0.251954	0.534445	0.563341	0.398368	0.251954	0.251954	0.734517	0.796698	0.534445	0.356302	1.12657	0.908344	1.60296	1.08355	0.563341	0.503863	0.356302	1.12657	0.503899	1.29673	0.959273	0.642294	0.642294	0.398346	0.398368	0.959273	0.356302	0.959273	0.503899	0.398368	0.178153	0.251937	0.251937	0.178153	0.178153	0.734493	0.908344	0.642335	0.563364	0.398368	0.356302	0.503899	0.755824	0.890696	0.712577	0.734517	0.642335	0.356302	0.503863	0.642294	0.251954	0.251937	0.642335	0.642335	1.00765	0.178153	0.90832	0.503899	1.08352	0.959319	1.42493	0.796698	0.734493	0.534445	0.398368	0.178153	0.755771	0.398346	0.890665	0.398346	0.890665	0.563364	0.796653	0.398368	0.908344	0.90832	0.356302	0.178153	0.178153	0.563341	0.642294	0.642335	0.503899	0	0.563341	0.890665	0.642294	0.251954	0.356302	0.563341	0.503863	0.398368	0.534445	0.398346	0.398346	0.251954	0.251937	0.356302	0.398346	0	1.12657	1.95892	1.64207	0.890696	0.251937	0.796653	1.64199	1.25949	0	0	0	0.251954	0.534445	0	0.398346	0.251937	0	0.642294	1.24688	2.76359	4.74279	2.03038	1.92624	0.356302	0.178153	0.356302	1.19488	0.890696	0.890665	0.890696	0.796653	0.642294	0.251937	0.503863	2.38873	3.0466	2.69394	0.959273	0.251954	0.251937	0.251954	0.356302	0.398368	0.356302	0.398346	0.178153	0	0	0.178153	0.251954	0.178153	0.178153	0.398368	0.503899	0.398368	0.178153	0	0.356302	0.908344	0.908344	0.251954	0.178153
0.39831	0.178136	0.178136	0.39831	0.251928	0.534393	0.755744	0.890632	0.734443	0.503846	0.503846	0.712508	0.563307	0.712508	0.563307	0.563307	1.19478	0.890587	0.39831	0.563289	0.563289	0.356268	0.178136	0.178136	0.39831	0.39831	0.178136	0	0.251914	0	0.356268	0.642268	0.642268	0.563307	0.734443	0.796615	1.08342	0.398327	0.39831	0.178136	0.178136	0.251914	0.563289	0.563307	0.534393	0.251914	0.563289	0.503819	0.642237	0.503819	0.39831	0.39831	0.503846	0.251928	0	0.178136	0.534393	0.251928	0.178136	0.251914	0.251928	0.642237	0.178136	0.398327	0.563307	0.734425	0.251914	0.712508	1.06869	0.796615	0.908235	0	0.890587	0.39831	0.398327	0.398327	0.178136	0.39831	0.398327	0.734425	0.39831	0.356268	0.908235	0.39831	0.563289	0.642237	0	0.251928	0.890632	1.19483	0.734443	0.890587	0.178136	0.534393	0.563307	0.356268	0.39831	0.178136	0.39831	0.356268	0.356268	0.398327	0.890609	0.890609	0.642237	0.398327	1.03857	0.251928	0.734425	0.251914	0.39831	0.796581	0.503846	0.642237	1.12651	1.39105	0.251928	0.712508	0.642268	1.24676	0.890632	0.908235	0.178136	0.178136	0.178136	0.251928	0.178136	0.563307	0.563307	0.178136	0.796615	0.959221	0.356268	0.534393	0.398327	0.642237	0.796615	0.796615	0.356268	0.356268	0.642268	0.734443	0.890609	1.24676	0.796615	0.642237	0.734443	1.03857	1.2594	0.563289	0.755704	0.178136	0.712508	0.734443	0.503819	0.398327	0.356268	0.734443	0.534393	0.356268	0.503819	0.39831	0.534393	0.734443	0.356268	0.39831	0.534393	0.890587	0.563289	0.563289	0.642268	0.890632	0.534393	0.642237	0	0.251928	0.39831	0.251914	0.503819	0.890587	0.734425	0.398327	0.642237	0.712508	0.178136	0.398327	0.398327	0.356268	0.356268	0.251928	0.398327	0.398327	0.178136	0	0.356268	1.06869	1.75386	1.25938	0.39831	1.43587	1.81601	0.959186	0	0	0	0.39831	0.178136	0.39831	0.178136	0.251914	0	0.39831	0.398327	0.796615	4.27467	3.9129	1.29665	0.563307	0.563307	0.503819	1.08342	1.29661	0.959186	0.398327	1.08342	0.563307	0.39831	0.755704	3.75233	3.32408	1.43589	0.251928	0	0.39831	0.251928	0	0.398327	0.398327	0.178136	0.251914	0	0	0.251914	0	0.178136	0.39831	0.178136	0.178136	0.251914	0.178136	0.398327	0.503846	0.251928	0.563289	0.534393	0.178136
0.534346	0.534346	0.17812	0.503775	0	0.17812	0.712446	0.890554	1.12641	0.734379	0.251892	0.17812	0.734379	0.908173	0.890554	1.03852	0.890531	0.398275	0.534346	0.56324	0.56324	0	0.356237	0.17812	0.503775	0.503775	0.17812	0.251906	0.398275	0.17812	0.398292	0.563257	0.251906	0.398292	0.563257	0.398275	0.796511	0.398292	0.17812	0.17812	0.17812	0.17812	0.398275	0.398275	0.56324	0.398275	0.503775	0.251892	0.356237	0.734379	0.890531	0.503801	0.398292	0.398275	0	0	0.251906	0.563257	0.503801	0.642212	0.563257	0.398275	0.17812	0.398292	0.534346	0.398275	0.17812	0.17812	0.64218	0.398275	0.796511	0.534346	0.56324	0.796545	0.642212	0.563257	0.642212	0.890554	1.00752	1.12641	1.03852	0.796545	0.56324	0	0.503775	0.398275	0.251906	0.356237	0.356237	0.398275	0.755638	0.890509	0.251906	0.56324	0.503801	0.755678	0.503801	0.17812	0.503775	0.251892	0.398275	0.17812	0.356237	0.890531	0.796545	0.755678	1.08335	0.890554	0.563257	0.17812	0.251906	0.890554	1.14041	0.755678	0.64218	0.398275	1.19467	0.734379	0.398292	0.734361	0.398292	0.251892	0.17812	0.251892	0.17812	0.356237	0.56324	0.398275	0.503775	0.398275	0.17812	0.796511	1.43574	1.03852	0.563257	0.908155	0.959136	1.00752	1.14041	1.53192	1.64178	1.25933	1.43576	1.08335	1.00747	1.19467	0.356237	1.7537	0.398275	0.796511	0.398275	0.890554	0.796545	0.398275	0.534346	0.796545	0.734379	0.563257	0.356237	0.17812	0	0.534346	0.398275	0.534346	0.503801	0.890531	0.712446	1.19467	0.734379	0.908155	0.56324	0.356237	0.64218	0.755638	0.17812	0.251906	0.398275	0.251892	0.398275	0.712446	1.03852	1.19472	1.52148	0.64218	0.503775	0.17812	0.251906	0.398275	0.398275	0.251906	0.17812	0	0	0	0	0.503775	2.01432	1.51101	0.64218	1.53185	1.39086	0.503775	0	0.17812	0.251906	0.56324	0.398292	0.534346	0.17812	0.398275	0.251906	0.398275	0	0	1.99063	3.80223	3.60198	2.20212	0.755678	1.46848	0.251906	1.60267	1.03852	0.398275	0.398275	0.56324	0.356237	1.2842	4.0315	3.14802	0.356237	0.398275	0.17812	0.398292	0.356237	0.398275	0.17812	0.17812	0.251906	0.17812	0	0	0.17812	0.17812	0.251906	0.534346	0	0.356237	0.17812	0	0.398275	0.251906	0.356237	0.356237	0.398275	0
0.178101	0.503722	0	0.503722	0	0	0.890415	0.563198	0.908078	1.19454	0.796427	0.53429	0.755558	0.908059	0.755598	0.734301	0.39825	0.251866	0.178101	0.503722	0.503722	0.398233	0.178101	0.356199	0.71237	0.356199	0.398233	0.251879	0.56318	0.53429	0.734301	0.89046	0.890437	0.755558	0.251866	0.56318	0.251866	0.39825	0.356199	0.356199	0.53429	0.251879	0.56318	0.56318	0.56318	0.178101	0.503722	0.398233	0.251879	0.39825	0.890437	0.563198	0.398233	0.503722	0	0	0.398233	0.39825	0.503748	0.39825	0.755558	0.39825	0.39825	0.178101	0.503722	0.398233	0.53429	0.503748	0.356199	0.356199	0.71237	0.796427	0.356199	0.53429	0.398233	0.178101	0.563198	0.755598	0.563198	0.56318	0.53429	0.356199	0.178101	0.251866	0.56318	0.398233	0	0.178101	0.39825	0.39825	0.642113	0.642113	0.251879	0.251866	0.398233	0.356199	0.53429	0.398233	0.503722	0.398233	0.56318	0.178101	0	0.356199	0.734301	0.755598	0.908078	0.563198	0.251879	0.39825	0.39825	0.53429	0.642144	0.734301	1.12625	0.71237	1.28406	0.178101	0.251879	0.56318	0.53429	0.503748	0.356199	0.178101	0.398233	0.178101	0.251866	0.39825	0.356199	0.178101	0.39825	1.46833	1.46833	0.356199	0.503722	0.356199	0.642144	0.755598	0.959035	1.12629	0.796461	0.53429	1.03836	0.178101	1.91746	1.06849	1.14023	1.25913	0.908078	1.2964	0.796427	1.42452	1.6025	0.39825	0.890415	0.39825	0.71237	0.53429	0.251866	0.251879	0.398233	0.178101	0.890415	0.178101	0.251879	0.959	0.959	1.03836	0.39825	1.28406	0.503722	0.398233	0.251866	0.890415	0.356199	0.356199	0.178101	0.398233	0.178101	0.39825	0.503748	0.71237	1.92569	0.890415	0.503722	0	0	0.503722	0.503722	0	0	0	0	0	0	0.503722	2.01411	1.7804	0.796461	1.91746	1.7804	0.503722	0	0.398233	0.251879	0.56318	0.53429	0.39825	0.398233	0.503722	0	0.503722	0	0	0.356199	1.2964	2.85284	4.45767	1.25913	1.9904	0.71237	0.178101	1.1946	1.06849	0.734283	0.890437	0.356199	1.7804	3.66655	3.14769	0.398233	0.56318	0.398233	0	0.503722	0.503722	0	0	0	0	0	0	0	0.398233	0.53429	0.39825	0.398233	0.178101	0.251879	0.251866	0.56318	0.251879	0.178101	0.398233	0.178101	0
0.251857	0.398198	0	0.356168	0.503704	0.398215	0.958916	0.712308	0.534243	1.14013	1.08312	0.563149	0.755492	0.958916	0.398215	0.398198	0.178086	0.563149	0.642087	0.712308	0.712308	0.178086	0.251857	0.398198	0.398198	0.398215	0.534243	0.251857	0.563149	0.734237	0.178086	0.398215	0.796357	0.796357	0.534243	0.398198	0	0	0.398198	0.534243	0.356168	0.178086	0.563131	0.398198	0.398198	0.251857	0.534243	0.712308	0.503704	0.503704	0.534243	0.734219	0.712308	0.534243	0.398215	0.398215	0.398198	0	0.178086	0.251857	0.755492	0.178086	0	0	0.398198	0.251844	0.534243	0.503704	0.398215	0.178086	0.503677	0.890336	0.534243	0.534243	0.398198	0	0.398198	0.251857	0.251844	0.398198	0.398198	0.398198	0	0.503677	0.503677	0.503677	0	0.178086	0.398215	0.398215	0.563131	0.534243	0.398215	0.251857	0.563131	0.398198	0.398198	0.534243	0.534243	0.398198	0.503677	0	0.178086	0.251857	0.398198	0.178086	0.563131	0.642056	0	0	0	0.503677	0	0.503677	0.890336	0.398198	0.890336	0.251857	0.251857	0.398198	0.503677	0	0.503677	0	0.503677	0	0	0.178086	0.251857	0.178086	0	1.39059	1.03827	0.251844	0.563131	0.251857	0.563149	0.755532	0.398215	0.398215	0.907998	0.563149	1.03827	0.398198	1.89234	0.755492	1.35598	1.53155	0.958951	1.59247	1.4244	1.43544	1.53155	1.03827	1.29625	0.503704	0.712308	0.178086	0.563131	0.251844	0.563131	0.251857	0.890336	0.356168	0.398215	1.03827	1.03827	0.890336	0.178086	1.35598	0.890359	0.712308	0.642087	0.907979	0.251844	0.398198	0.178086	0.251844	0.251857	0.178086	0.178086	0.534243	2.07587	1.28395	0.398198	0.178086	0	0.503677	0.503677	0	0	0	0	0	0.178086	0.734219	2.07587	1.92552	0.398215	1.8155	2.59117	1.12615	0	0.503677	0	0.503677	0.503677	0.178086	0.563131	0.563131	0.251857	0.563131	0.398215	0.398215	0.178086	0.356168	1.9173	4.15008	2.32063	1.35598	1.24641	0.734219	0.178086	1.78024	1.12615	0.178086	0.398198	2.14338	3.80551	2.66929	0.356168	0.534243	0.398198	0.178086	0.563131	0.398198	0	0	0	0	0	0	0	0.398198	0.563131	0.251857	0.398198	0.178086	0.251857	0.563131	0.398198	0.178086	0.251857	0.398198	0.178086	0.251857
0.178068	0.398179	0.50366	0.64203	0.755465	0.734169	0.890273	0.958864	0.890303	0.534191	0.563073	0.398179	0.251817	0.712239	0.796319	0.64203	0.563097	0.398179	0.356133	0.251817	0.563097	0.712239	0.251817	0.178068	0.178068	0.356133	0.178068	0.178068	0.178068	0.251817	0.563073	0.907913	0.64203	0.178068	0.398179	0.356133	0.251835	0.251835	0.356133	0.178068	0.178068	0.356133	0.398157	0.178068	0.356133	0.178068	0.178068	0.534191	0.64203	0.755465	0.50366	0.641989	0.503624	0.398157	0.178068	0.398157	0.356133	0.398179	0.734169	0.64203	0.356133	0.398157	0.251835	0.398179	0.64203	0.64203	0.563097	0.50366	0.251835	0.178068	0.563073	0.712239	0.890303	0.890303	0.50366	0.178068	0.178068	0.251835	0.178068	0.178068	0.398179	0.563097	0.50366	0.712239	0.534191	0.398157	0.178068	0.712239	0.796319	0.734145	0.503624	0.251835	0.563097	0.64203	0.907913	0.50366	0.356133	0.398179	0.563097	0.398179	0.563073	0.398179	0.563097	0.50366	0.398179	0	0.563073	0.641989	0.178068	0.398179	0.398179	0.251817	0.398179	0.534191	0.398157	0.251835	0.534191	0.755465	0.890303	1.03823	0.796319	0.356133	0.398157	0.398179	0.712239	0.50366	0.50366	0.563097	0.50366	0.563097	0.50366	1.03817	0.796275	0.50366	0.890273	0.890303	1.12609	1.00724	1.03823	1.03823	0.796319	0.398179	0.907913	1.2839	1.12604	0.890273	1.06829	1.78006	0.251817	0.398157	0.251817	1.12604	1.03817	1.53139	1.00717	0.398157	0.796319	0.890303	0.890273	0.890243	0.563073	0.251817	0.712239	1.08303	0.958864	1.25892	0.734145	0.563073	0.563097	1.08301	1.06829	0.907913	0.50366	0.178068	0.64203	0.796319	0.734169	0.50366	0.50366	0.534191	0.398157	0.251817	1.67936	1.64124	0.64203	0.178068	0.178068	0.563073	0.563073	0.398179	0.398179	0.178068	0	0	0.251817	0.641989	1.68878	2.16529	1.91719	0.563097	2.42048	1.59224	0.398179	0.398157	0	0.641989	0.563073	0.398157	0.503624	0.503624	0.178068	0.563073	0.398157	0.251817	0.734169	2.37441	3.24601	2.54784	1.92532	0.398157	1.42426	1.43535	0.958864	1.67936	1.00717	0.251835	0.64203	2.56635	4.14964	2.26519	0.178068	0.356133	0.178068	0.251817	0.503624	0.178068	0.251835	0.178068	0.178068	0.251835	0.178068	0	0	0.251817	0.398157	0.398179	0.398179	0.356133	0.251835	0.398157	0.178068	0.356133	0.178068	0.251817	0.251817	0.178068
0.53414	0.503606	0.503606	0.398138	0.251808	0.563022	0.563022	0.398138	0.503606	0.503606	0.398138	0.178051	0	0.178051	0.398138	0.503606	0.641963	0.890209	0.890209	0.56304	0.251795	0.734077	0.796203	0	0	0.178051	0.251808	0.53414	0.641963	0.734095	0.734077	0.958731	0.53414	0.398121	0	0.398121	0.251808	0.251808	0.53414	0.503606	0.398138	0.178051	0.178051	0.251808	0.398121	0.398121	0.251808	0.178051	0.398121	0.251808	0.398121	0.356099	0.71217	0.796203	0.356099	0.71217	0.53414	0.53414	0.71217	0.53414	0.251808	0.563022	0.251808	0.53414	0.503606	0.641963	0.958766	1.00714	0.890187	0.251795	0.563022	0.398138	0.503606	0.503606	0.53414	0.398121	0	0	0.178051	0.251808	0.251808	0.53414	0.503606	0.71217	0.398138	0.178051	0.398121	0.958731	0.398138	1.25878	0.563022	0.398121	0.178051	0.53414	0.71217	0.53414	0.398121	0	0.398121	0.251808	0.563022	0.53414	0.398138	0.251808	0.251808	0.641932	0.71217	0.356099	0.398121	0.53414	0.53414	0.251795	0.53414	0.398138	0.251795	0.398121	0.356099	0.503606	0.734095	0.958766	0.796237	0.796203	0.178051	0.53414	0.71217	0.503606	0.503606	0.398138	0.251808	0.398138	0.503606	0.734077	0.251795	0.56304	1.24617	1.19426	1.53133	1.76211	1.39039	0.641963	0.251795	0.178051	0.71217	1.19426	0.734095	0.734095	1.35577	0.907804	0.958766	1.39039	1.03812	1.08293	0.503606	1.12593	0.734095	1.296	1.28377	1.12597	0.958731	1.39032	0.50358	0.796203	0.641963	0.890187	0.71217	1.12593	0.178051	0.398138	0.398138	0.890164	0.641932	0.563022	0.641932	0.734095	0.641963	0.734095	0.907822	0.56304	0.251808	0.563022	0.563022	0.53414	0.890164	1.08291	1.06819	0.356099	0.398121	0.563022	0.563022	0.53414	0.53414	0.398121	0	0	0.178051	0.56304	1.35577	2.17241	2.69245	1.68868	2.08309	1.00708	0.53414	0.178051	0	0.890164	0.563022	0.563022	0.563022	0.563022	0.53414	0.71217	0.71217	0.398138	1.83249	3.07068	2.34062	1.46795	0.398121	1.52089	0.178051	1.2588	0.907822	0.641932	1.12593	0.890164	0.755385	2.96066	4.19455	2.66878	0.178051	0.398121	0	0.178051	0.563022	0.251808	0.251808	0.398121	0.398121	0.251808	0.398121	0	0	0.398121	0.178051	0.398121	0.251808	0.398138	0.503606	0.398138	0.251808	0.398138	0.53414	0.398121	0.178051	0.398121
0.39808	0.178034	0.398102	0.503562	0.503562	0.534088	0.39808	0	0	0	0	0	0.178034	0.398102	0.503562	0.503562	0.503562	0.398102	0.178034	0.356064	0.734027	0.562988	0.755266	0.251786	0.251786	0.251786	0.251786	0.534088	0.503562	0.534088	0.534088	1.06808	0.958679	0.562988	0.251786	0.562964	0.178034	0	0.503527	0.178034	0.398102	0.503562	0.503562	0.398102	0.534088	0.734027	0.562988	0.178034	0.503527	0.178034	0.562964	0.178034	0.503527	0.796121	0.712101	0.534088	0.534088	0.356064	0.503527	0.356064	0.398102	0.562964	0.398102	0.534088	0.178034	0	0.39808	0.398102	0.503527	0.796165	0.641906	0.178034	0	0	0.39808	0.562964	0.251786	0.398102	0.398102	0.251786	0.398102	0.534088	0.251786	0.562964	0.178034	0.178034	0.39808	0.734003	0.641906	1.00698	0.796165	0.958679	0.562988	0.562964	0.734003	0.712101	0.712101	0.641906	0.907738	0.534088	0.796121	0.734027	0.562988	0.178034	0.356064	0.958632	0.39808	0.178034	0.562964	0.39808	0.39808	0.534088	0.712101	0.398102	0.562964	0.562964	0.562964	0.398102	0.712101	0.734027	0.734027	0.641865	0.251786	0.39808	0.39808	0.398102	0.503562	0.356064	0.178034	0.178034	0.178034	0.562964	0.251786	0.734003	1.12582	0.712101	0.398102	0.178034	0.39808	0.562964	0.562964	0.251786	1.03796	0.734003	1.0828	1.29587	0.734027	1.35565	1.68853	0.907738	0.641865	0.39808	0.534088	0.356064	0	1.39017	0.755266	0.958632	1.12582	1.59193	0	1.0828	0.562988	0.562964	0.562964	0.890071	0.503527	0.178034	0.178034	0.890071	0.534088	0.712101	1.0828	0.907713	0.251768	0.251768	0.39808	0.356064	0.356064	0.796121	0.534088	0.641865	0.39808	0.534088	1.28357	0.641865	0.562964	0.562964	0.562964	0.534088	0.534088	0.251768	0.251786	0.251786	0.251786	0.178034	0.178034	0.398102	1.92495	0.755266	1.53109	0.39808	0.503527	0	0	0.890071	0.39808	0.503527	0.39808	0.641865	0.503527	0.503527	0.503527	0	2.39373	3.02889	1.13979	0.796121	0.712101	1.13979	0.562964	1.19408	0.534088	0.39808	0.958632	1.13979	0.398102	2.42001	3.76696	3.83743	1.2587	0.39808	0	0	0.39808	0.251786	0.178034	0.503527	0.39808	0.178034	0.39808	0.178034	0	0.39808	0.251786	0.39808	0	0	0	0	0.178034	0.398102	0.534088	0.39808	0.178034	0.562964
0.398061	0.562931	0.562931	0.503509	0.503509	0.251759	0.251759	0.503509	0.503509	0.503509	0.398061	0.251759	0.534036	0.398061	0.251759	0.398061	0.503509	0.562931	0.562931	0.503509	0.562931	0.398061	0.178017	0.641839	0.641839	0.35603	0	0.251759	0.503509	0.562931	0.641839	0.95858	0.890037	0.641839	0.503509	0.35603	0.398044	0.251759	0.534036	0.398061	0.178017	0.178017	0.398061	0.534036	0.398044	0.251746	0.503483	0.178017	0.562913	0.35603	0.534036	0.562931	0.35603	0.398061	0.562931	0	0.35603	0.251759	0.641808	0.178017	0.35603	0.398044	0.251746	0.251759	0.562931	0.398061	0.35603	0.178017	0.35603	0.641839	0.733953	0.641839	0.755239	0.641839	0.398061	0.398044	0	0.398044	0.398061	0.398061	0.35603	0.35603	0.251759	0.562913	0.503483	0.398044	0.398044	0.178017	0.562931	0	0.641839	0.503509	0.562913	0.733935	0.733935	0.641808	0.398044	0.35603	0.178017	1.25856	1.24592	0.733953	0.712032	0.562931	0.712032	0.907628	0.398061	0.503483	0.398044	0.178017	0	0.398044	0.641808	0.178017	0.503483	0.35603	0.733953	0.503509	0.534036	0.641839	0.398061	0.251759	0.398061	0.178017	0.251759	0.733953	0.755239	0.907647	0.733953	0.562931	0.562931	0.733935	0.251759	1.12572	1.25856	0.907647	0.796083	0.712032	0.398061	0.796083	1.08272	0.562913	0.958545	1.03787	0.562913	1.25856	1.2586	2.16466	1.77965	1.7796	1.24592	0.890037	1.39012	1.64083	1.19403	1.42384	1.6116	0.641839	0.712032	1.78848	1.64077	0.534036	1.03787	0.398044	0.641808	0.641808	0.35603	0.534036	0.178017	0.641808	0.35603	0.398044	0.562931	1.42384	1.28345	0.796083	1.03792	1.00694	1.06798	1.28345	0.178017	0.641808	0.251759	0.534036	1.64075	0.7552	0.503483	0.503483	0.398044	0.398061	0.251759	0.35603	0.398061	0.178017	0	0.178017	0.35603	0.35603	1.77956	0.251746	1.53096	0.35603	0.562913	0.251759	0.251759	0.503483	0.35603	0.562913	0.35603	0.796049	0.534036	0.534036	0.398044	0.534036	2.38692	2.66826	1.13969	1.25854	0.534036	0.178017	1.03787	1.19398	0.641808	0.889992	0.641808	0.712032	0.733953	0.958545	2.86806	4.8083	3.24501	0.398061	0.178017	0.251759	0	0.178017	0.398044	0.398044	0.178017	0.35603	0.178017	0.398044	0.251759	0.35603	0.251759	0.178017	0	0.178017	0.251759	0.178017	0.251746	0.398044	0.35603	0.178017	0.398044	0.562913
0.889959	0.889959	0.503465	0.398009	0.503465	0.398026	0.533989	0.398026	0.178001	0	0.178001	0.398026	0.355999	0.533989	0.889959	0.958496	0.533989	0.251737	0.533989	0.251724	0.355999	0.178001	0.251724	0.251724	0.251724	0.503438	0.178001	0.355999	0.178001	0.398009	0.251737	0.355999	0.398026	0.562881	0.355999	0.355999	0.71197	0.503465	0.533989	0.562864	0.889959	0.907567	0.562881	0.533989	0.73387	0.733888	0.398026	0.178001	0.398009	0.178001	0.178001	0.178001	0.178001	0.251737	0.796013	1.03783	0.889959	0.562881	0.889914	0.398009	0.398026	0.251737	0.398026	0.958496	0.755173	0.533989	0.355999	0.251724	0.251724	0.398026	0.178001	0.251737	0.251737	0.398026	0.503465	0.398026	0.251737	0.533989	0.355999	0.251724	0.178001	0.398009	0.178001	0.562864	0.641751	0.398009	0.641751	0.355999	0.398026	0.398009	0.251737	0.562881	0.178001	0.641751	0.503465	1.4348	1.00685	1.00685	1.59172	1.46754	0.533989	0.641751	0.398009	0.178001	0.398009	0.755133	0	0.755133	0.251737	0.796013	0.907567	0.71197	1.0826	0.562881	0.641751	0.178001	0.398009	0.562864	0.398026	0.178001	0.503438	0.178001	0.355999	0.251737	0.533989	0.533989	0.251737	0.562881	0.907567	0.503465	0.178001	0.641751	0.251737	1.28334	1.19387	0.533989	0.355999	0.73387	0.641783	1.03783	1.4348	1.59165	0.533989	1.43479	0.755173	0.398009	0	1.35534	0.562881	1.13959	1.12562	0.503465	1.24581	1.51008	1.85777	1.64066	1.61146	1.25847	0.562864	0.889959	2.72083	1.12565	1.28334	0.178001	0.641751	0.398009	0.398026	0.733888	0.641783	0.533989	0	0.355999	0.355999	0.889936	2.25037	1.12562	0.398009	0.733888	1.24581	1.03778	0.562881	0.562881	0.503438	0.641751	1.89145	0.503438	0.907549	0.733888	0.251737	0	0.251724	0.641751	0.503465	0.733888	0.398026	0.251737	0	0.398009	1.89145	0.178001	1.6406	0.355999	0.398009	0.178001	0.251737	0.178001	0.398009	0.562864	0.398009	0.641751	0.398026	0.733888	1.12565	2.33996	3.38278	2.3196	0.889936	1.13959	0.398026	0.562864	1.76152	0.889936	1.4675	0.958461	0.562864	0.178001	0.398009	0.251724	0.795979	3.89775	3.89775	0.562864	0.355999	0.398026	0.562881	0.562881	0.533989	0.178001	0	0.178001	0.251737	0.398009	0.178001	0.355999	0.251724	0.251737	0.178001	0.251724	0	0.251724	0.178001	0.533989	0.533989	0.178001	0.503438	0.503438
0.533933	0.503412	0.533933	1.13947	0.503412	0.355961	0.503385	0.397967	0.533933	0.503412	0.355961	0.397967	0.251697	0.95836	0.733811	0.907471	1.19375	0.397967	0.755054	0.562804	0.177982	0	0.177982	0.397984	0.397984	0.251697	0.397967	0.177982	0.397967	0.503385	0	0.177982	0.533933	0.533933	0.755054	0.562804	0.562804	0.251711	0.755054	1.3552	0.641715	0.95836	0.397984	0.397984	0.641684	0.503385	0.397967	0.177982	0.177982	0.251711	0.251711	0.251711	0.177982	0.733793	0.907471	0.641715	0.355961	0.503385	1.00669	0.795895	0.503412	0.533933	0.755054	0.562804	0.397967	0.503385	0.177982	0.562804	0.251711	0.251711	0.397967	0.355961	0.503412	0.355961	0	0	0	0.177982	0.562804	0.177982	0	0.503385	0.397967	0.562804	0.251697	0.177982	0.641684	0.251697	0.251711	0.177982	0.397967	0.177982	0.397967	0.251697	0.907453	1.25832	0.733811	0.733811	0.889843	0.177982	0.251711	0.641684	0.397967	0.251711	0.397967	0.641684	0.251711	0.641684	0.397967	0.907453	1.08249	0.355961	1.00669	0.503385	0.88982	0.177982	0.795895	0.733793	0.251711	0.397967	0.355961	0.503412	0.397984	0.251711	0.562804	0.177982	0	0	0.503385	0.397967	0.251711	0.251697	0.251711	1.13947	1.38978	0.177982	0.397967	0.251697	0.533933	0.711895	1.1255	2.07466	0.355961	0.795895	0.533933	0.251711	0.889843	1.42357	1.06777	0.733793	1.03767	0.251711	1.38978	0.397967	0.907453	1.3552	1.25829	0.755054	1.03767	0.755054	1.98907	1.46735	0.503385	0.503412	0.355961	0.177982	0.177982	0.177982	0.397984	0.397984	0.641684	0.733811	0.397984	0.177982	1.68798	1.9651	1.35525	1.64049	1.52036	0.755093	0.755054	0.251711	0.88982	0.641684	2.26411	0.177982	1.28321	0.397984	0.397967	0	0.177982	0.88982	0.733793	0.907471	0.733811	0.355961	0.397967	0.755054	2.02842	0.397967	1.89125	0.177982	0.177982	0.397967	0	0	0.503385	0.503385	0.503385	0.503385	0	0.795895	1.43463	2.72054	2.69137	1.1938	0.641715	0.397967	0.251711	0.251697	1.76134	0.177982	1.28321	1.08249	0.907471	0.562822	0.177982	0.503385	1.19375	4.38715	3.90139	0.562822	0.177982	0.397967	0.397984	0.397984	0.177982	0	0	0	0	0.177982	0.397967	0.177982	0.755054	0.251711	0.397967	0.177982	0.251711	0.177982	0	0.177982	0.562804	0.397967	0.503385	0.503385
0.641627	0.177967	0.503341	1.38966	0.177967	0.503341	0.35593	0.35593	0.35593	0.503368	0.35593	0.397932	0.397932	0.889742	0.533886	0.533886	1.13937	0.711832	0.641627	0.533886	0.503368	0.397949	0.177967	0.177967	0.397949	0.503368	0.533886	0.177967	0.503341	0.35593	0.503368	0.503368	0.733747	0.562773	0.889742	0.503341	0.397932	0.397949	0.958276	1.25818	0.251689	1.03758	0.251689	0.251675	0.562755	0.397932	0.397932	0.251689	0.177967	0.177967	0.251689	0.177967	0	1.0066	0.503341	0.177967	0.733728	0.889764	1.08239	0.641627	0.251689	0.562755	1.19364	0.533886	0.562755	0.562755	0.177967	0.397932	0.177967	0	0.35593	0.35593	0.177967	0.397932	0.177967	0.251689	0.177967	0	0.397932	0.177967	0	0.35593	0.533886	0.397932	0	0	0.397932	0.533886	0.503368	0.397949	0.177967	0.503368	0.533886	0.177967	1.0066	0.889742	0.251675	0.397932	0.397932	0.397932	0	0.641627	0.397932	0	0.397949	0.889764	0.397932	0.562773	0.733747	0.641627	0.889742	0.177967	0.889742	0.397932	0.907373	0.641659	0.795826	0.397932	0.397949	0.533886	0.177967	0	0	0.177967	0.562755	0.251675	0.177967	0.35593	0.733728	0.754987	0.251689	0.177967	0.177967	1.03758	1.25818	0.251689	0.397932	0	0.397932	0.533886	0.641627	1.75219	1.06768	0.35593	0.397932	0.177967	0.711832	1.42344	0.889764	0.641627	0.889742	0.251689	1.25818	0.562773	0.733747	1.28309	1.28309	0.711832	1.08239	1.35513	1.61115	0.889742	0.397949	0.177967	0	0	0	0	0	0	0.795826	0.711832	0.533886	0.397949	0.795826	1.28309	0.711832	1.1254	0.177967	1.25823	0.733747	0.177967	0.889742	0.397949	2.54637	0.733747	1.25818	0.251689	0.397932	0.177967	0.397949	0.795826	0.795826	0.35593	0.397932	0.641627	0.397932	1.19364	1.92424	0.641627	1.89108	0.177967	0.177967	0.397932	0	0	0.397932	0.562755	0.397932	0.503341	0.35593	1.29538	1.68783	2.47081	2.22875	1.03763	1.13943	1.00666	1.13943	1.13943	0.641627	1.03763	1.08241	1.08239	0.958311	1.29542	1.38973	1.52022	2.31913	4.52775	2.81158	0.177967	0.177967	0.397932	0.177967	0.397949	0.397949	0.177967	0	0	0	0	0.397932	0.251689	0.754987	0.251689	0.397932	0.177967	0.251689	0.177967	0	0	0.503341	0.503341	0.503341	0.503341
0.889649	0.397891	0.503288	1.13925	0.397891	0.503288	0.355895	0.355895	0.355895	0.503323	0.355895	0.177949	0.177949	0.64156	0.397913	0.397913	0.397891	0.711763	0.177949	0.397913	0.503323	0.533835	0.397891	0.397891	0.533835	0.503323	0.397913	0.397891	0.503288	0.355895	0.503323	0.503323	0.641602	0.562721	0.64156	0.503288	0.177949	0.533835	0.733654	0.754908	0.251667	1.03747	0.251667	0.754908	0.562697	0.177949	0.177949	0.251667	0.397891	0.397891	0.251667	0.397891	0	1.0065	0.503288	0.397891	0.958178	1.08229	0.889679	0.177949	0.251667	0.562697	1.43434	0.397913	0.562697	0.562697	0.397891	0.177949	0.397891	0	0.355895	0.355895	0.397891	0.177949	0.397891	0.251667	0.397891	0	0.177949	0.397891	0	0.355895	0.397913	0.177949	0	0	0.177949	0.397913	0.503323	0.533835	0.64156	0.503323	0.397913	0.397891	1.0065	0.64156	0.251649	0.177949	0.177949	0.177949	0	0.889649	0.177949	0	0.733654	1.08229	1.13925	0.562721	0.641602	0.177949	0.64156	0.397891	0.64156	0.177949	0.562721	0.733679	0.355895	0.177949	0.533835	0.397913	0.397891	0	0	0.397891	0.562697	0.754908	0.397891	0.795743	0.958178	1.25805	0.251667	0.397891	0.397891	1.03747	0.754908	0.251667	0.177949	0	0.177949	0.397913	0.177949	1.08229	1.46707	0.355895	0.177949	0.397891	0.711763	1.42331	0.641602	0.889649	0.64156	0.251667	0.754908	0.562721	0.641602	0.795743	0.795743	0.711763	0.889679	1.35501	1.25814	0.397891	0.533835	0.397891	0	0	0	0	0	0	0.355895	0.711763	0.397913	0.533835	0.355895	0.795743	0.711763	1.12529	1.38951	1.61097	1.08229	0.397891	0.64156	0.733654	2.31204	1.29525	0.754908	0.251667	0.177949	0.397891	0.533835	0.355895	0.355895	0.355895	0.177949	0.889649	0.177949	1.43434	1.67824	0.889649	1.64011	0.397891	0.397891	0.177949	0	0	0.177949	0.562697	0.177949	0.503288	0.795743	1.52001	1.68766	2.22852	2.47055	1.25811	1.19359	1.00657	1.19359	1.19359	1.13925	1.25811	0.889709	0.889679	0.889709	1.43439	1.43442	1.64019	2.72003	4.05877	1.35494	0.397891	0.397891	0.177949	0.397891	0.533835	0.533835	0.397891	0	0	0	0	0.177949	0.251667	0.251649	0.251667	0.177949	0.397891	0.251667	0.397891	0	0	0.503288	0.503288	0.503288	0.503288
1.43425	1.19346	0.795705	0.795672	0.503244	0.397855	0.533783	0.533783	0.397855	0	0.503244	0	0.177932	0.562646	0.25164	0.397872	0.50327	0.711695	0.533783	0.177932	0	0.503244	0.397855	0.733587	0.533783	0.25164	0.397872	0.711695	0.711695	0.533783	0.25164	0.397872	0.50327	0.711695	0.355861	0.397855	0.25164	0.733587	0.533783	0.251627	0.397872	0.795672	0.355861	0.795672	0.355861	0.641535	0.641535	0.397872	0.251627	0.533783	0.355861	0.503244	0.177932	0.907198	0.907216	0.397872	0.795672	1.12518	0.711695	0.533783	0.25164	0.397855	1.19341	0.754881	0.733605	0.355861	0.355861	0.50327	0.733605	0.641535	0.177932	0.397855	0.355861	0.50327	0.533783	0.251627	0.562646	0.177932	0	0.503244	0.177932	0.562664	0.889615	0.889615	0.754881	0.889615	0.889615	0.562664	0.25164	0.562646	0.754841	0.562664	0.889615	0.795705	0.958091	0.562646	0.397855	0	0	0.177932	0.397872	1.06747	0.795705	0.355861	0.733587	1.08219	1.13915	0.562664	0.641535	0.177932	0.562646	0.177932	1.00646	1.5095	1.19346	0.397872	0.177932	0.397872	0.733605	0.562664	0.251627	0.177932	0.355861	0.733605	0.889593	0.641503	0.733587	0.795672	0.88957	1.29513	1.00646	0.958126	0.562664	0.641503	0.733605	0.754881	0.889615	1.00646	0.795705	0.355861	0.355861	0.889593	1.35482	0.562646	0.25164	0.641503	0.795672	1.12522	1.43427	1.0822	0.355861	0	0.355861	0.533783	0.177932	0.641503	0.733587	0.177932	0.562664	1.08219	0.795672	1.28285	0.711695	0.733587	0.25164	0.397872	0.397872	0.25164	0.562664	0.754881	0.641535	0.733605	0.754881	0.733605	0.50327	0.355861	0.503244	0.795672	1.38939	1.60098	1.77876	1.12522	0.795705	0.641503	1.89072	1.38939	0.397855	0.177932	0.397872	0.355861	0.397855	0.177932	0	0.355861	0.50327	0.641503	0.733605	1.81394	0.795672	1.29513	1.35482	0.562646	0.397855	0	0	0	0	0.397855	0.25164	0.397855	0.795672	1.51988	2.14154	2.38579	1.63997	1.29517	1.28291	0.889615	1.03743	1.51993	1.81394	0.958091	0.562664	0.907216	0.641535	0.795672	0.641503	1.38946	3.55409	3.10439	0.562664	0.397855	0.503244	0	0.397855	0.533783	0.533783	0.397855	0	0	0	0	0	0	0	0.177932	0.25164	0.251627	0.25164	0.397855	0	0	0.397855	0.533783	0.533783	0.397855
0.907132	0.754815	0.503226	0.533731	0.397814	0.2516	0.2516	0.177915	0.397836	0.503226	0.533731	0.177915	0.2516	0.503191	0	0.397814	0.397836	0.533731	0	0.533731	0.503226	0.355827	0.397836	0.889507	0.251618	0	0.2516	0.397814	0.533731	0.562612	0.503226	0.397836	0.251618	0.533731	0.397814	0.503226	0.641478	0.907107	0.733537	0.641478	0.533731	0.533731	0.711626	0.533731	0.177915	0.397814	0.397836	0.533731	0.2516	0.355827	0.641436	0.355827	0.562612	0.177915	0.562589	0.397814	0.397814	0.907107	0.958039	0.889537	0.754815	0.641478	0.2516	0.503226	0.251618	0	0	0	0.2516	0.2516	0.562589	0.562612	0.355827	0.177915	0.397836	0.533731	0.397814	0.2516	0	0.503191	0.397814	0.562612	0.795634	0.711626	0.251618	0.533731	0.562612	0.733513	0.251618	0.397814	0.397836	0.907132	0.795634	0.754815	0.889507	0.533731	0.355827	0.251618	0.177915	0.177915	0.355827	0.2516	0.562589	0.562589	0.397836	0.562589	0.533731	0.889537	1.03734	0.907132	0.355827	0.562589	1.06737	1.1391	1.46683	1.0821	0.641436	0.533731	0.533731	0.754762	0.562612	0.733537	0.795589	0.397814	0.957992	0.562612	0.733513	0.397814	0.641436	0.733537	1.00637	0.754815	0.397836	0.177915	0.2516	0.177915	0.355827	0.2516	0.533731	0.711626	0.795634	1.25786	0.889507	0.562589	0.251618	0.795589	0.533731	0.795634	0.889537	0.397836	0.177915	0.251618	0.251618	0.397836	0.397836	0.733513	0.907107	0.562612	0.795634	1.25786	1.42303	1.85681	0.251618	0.733513	0.397836	0.533731	0.562612	0.503226	0.889507	0.754815	0.711626	0.355827	0.397836	0.562612	0.503226	0.397836	0.533731	0.733537	0.177915	0.907132	0.889507	0.907107	0.641478	0.2516	1.53007	1.03727	0.397836	0.355827	0.711626	0.641478	0.177915	0.397836	0.503226	0.641478	0.641478	0.2516	1.61066	1.60082	0.889477	1.43409	0.733513	0.503191	0.2516	0	0	0	0.177915	0.177915	0.177915	0.177915	0.355827	1.25784	3.1091	2.89369	0.397814	0.754815	0.733537	0.397836	1.12512	1.6874	0.958039	0.397814	0.355827	0.355827	0.641478	1.61068	2.58878	3.5405	3.62399	1.85688	0.562612	0	0.533731	0.397836	0.177915	0.641478	0.503226	0.177915	0.177915	0.251618	0.177915	0	0	0.177915	0.251618	0.177915	0	0.177915	0.251618	0.177915	0	0	0.251618	0.641478	0.503226	0.177915
0.397795	0.53368	0.355792	0.397778	0.177898	0.397778	0.53368	0.503173	0.503173	0.503173	0.397795	0.397778	0.177898	0.562537	0.251591	0.562537	0.397778	0.177898	0.53368	0.711557	0.503173	0.355792	0.795518	0.355792	0.397778	0.251591	0.397795	0.397795	0.177898	0.397778	0.251591	0.251578	0.251591	0.177898	0.889398	0.53368	0.53368	0.64138	0.795518	0.641411	0.907041	0.733463	0.355792	0.397778	0.397795	0.711557	0.355792	0.503147	0.503147	0.397778	0.64138	0.355792	0.641411	0.733463	0.711557	0.355792	0.397778	0.251578	0.397795	0.503173	0.503173	0.503173	0.53368	0.251591	0.53368	0.355792	0.355792	0.503173	0.733463	0.641411	0.733445	0.53368	0.711557	0.733463	0.754735	0.397795	0.177898	0.177898	0	0.503147	0.503147	0.503147	0.177898	0.957906	0.503173	0.711557	0.397795	0.64138	0	0.177898	0.53368	0.355792	0.177898	0.251578	0.562537	0.177898	0.397778	0.251591	0.397778	0.355792	0.641411	0.754735	0.562555	0.251578	0.251578	0.397795	0.503173	0.397795	0.397795	0.889421	0.562555	0.64138	0.795518	0.53368	0.397778	1.12497	1.2826	0.503147	0.795518	1.12497	0.711557	0.711557	1.12497	1.06727	1.42289	0.889421	0.251578	0.397778	0.503147	0	0	0.397778	0.177898	0.355792	0.733463	0.957941	1.13899	1.25774	0.397795	0.355792	0.711557	0.733445	0.177898	0.503147	0	0.64138	0.397778	0.355792	0.503173	0.711557	0.397795	0.251591	0.562555	0.754735	0.562555	0.562555	1.08199	0.641411	0.562537	0.957906	1.06727	1.98815	1.25772	0.251578	0.397778	0.503147	0.177898	0.251591	0.64138	0	0.889398	0.53368	0.53368	0.397778	0	0.177898	0.397795	0.53368	0.562537	0.53368	0.641411	1.35456	0.177898	0.889398	1.13893	0.64138	0.251591	0.177898	0.889398	0.397795	0.795518	0.355792	0.503173	0.397795	0.397778	0.889398	1.9235	0.397778	1.9235	0.795518	0.177898	0.562537	0.397778	0	0	0	0.397778	0.251591	0.397778	0	0	0.64138	2.95812	3.50425	0.562537	0.397795	1.08198	0.562555	1.2577	0.64138	0.397778	0.562555	0.907041	0.562555	0.251578	2.47625	3.02147	2.16322	1.12497	0	0.503147	0.397778	0.397795	0.53368	0.754696	0.251591	0.397778	0	0.397778	0.251591	0.397778	0	0	0.397778	0.251591	0.251578	0.251591	0.177898	0	0	0	0	0.397778	0.251591	0.397778	0
0.177882	0.397743	0.562488	0.397743	0	0.503102	0.641323	0.251569	0.251569	0.251569	0.251556	0.562488	0.177882	0.397743	0.39776	0.533633	0.397743	0	0.503102	0.397743	0.562506	0.906961	0.906943	0.251569	0.533633	0.39776	0.177882	0	0.177882	0.397743	0.177882	0.251556	0.251569	0.397743	1.12487	0.355761	0.503102	0.503102	0.795448	0.503129	0.533633	0.397743	0.177882	0.251556	0.177882	0.355761	0.73338	0.251556	0.562488	0.397743	0.503102	0.397743	0.251569	0.397743	0.355761	0.503129	0.177882	0.39776	0.39776	0.251569	0.39776	0.39776	0.562488	0.251569	0.397743	0.397743	0.562488	0.251556	0.562488	0.251569	0.562488	0.251556	0.73338	0.711495	0.39776	0.397743	0.177882	0.39776	0.503129	0.355761	0.397743	0.562488	0.39776	0.957822	0.251569	0.562488	0.177882	0.397743	0.177882	0	0.355761	0.503129	0.641354	0.906961	0.889343	0.503129	0.733399	0.754669	0.733399	0.355761	0.177882	0.251569	0.177882	0.177882	0.251556	0.177882	0.177882	0.251569	0.562506	0.906961	0.906943	0.251556	0.562488	0.562488	0.251569	0.88932	1.389	0.562488	0.88932	0.795448	0.733399	0.562506	0.754629	0.88932	0.795448	0.957822	0.251569	0.533633	0.355761	0	0.177882	0.251556	0.251569	0.397743	0.641323	0.562488	0.251569	0.906943	0.906961	0.533633	0.503102	0.355761	0.39776	0.562488	0.251569	0.562488	0.562488	0.251569	0.251569	0.177882	0.503129	0.355761	0.397743	0.177882	0.355761	0.503129	0.73338	0.562488	0.73338	0.957822	0.562488	1.29477	1.77826	1.1249	0.355761	0.397743	0.177882	0.177882	0.562488	0.177882	1.00613	0.503102	0.397743	0.562488	0.177882	0	0	0.397743	0.562506	0.906961	0.641354	1.43383	1.13889	0.889343	1.19308	0.533633	0.251556	0.177882	0.795448	0.39776	0.754629	0.533633	0.503129	0.503129	0.533633	0.88932	1.67762	0.754669	1.67762	0.503102	0.177882	0.562488	0.397743	0	0	0	0.397743	0.251569	0.251556	0.251569	0.251569	0.73338	2.41797	3.26671	1.03709	0.177882	1.00613	0.503102	1.509	0.503102	0.397743	0.533633	0.711495	0.533633	0.251556	2.9149	2.66625	0.641323	0.503102	0	0.397743	0.562488	0.251569	0.562488	0.754629	0.251569	0.397743	0	0.397743	0.251569	0.397743	0	0	0.397743	0.251569	0.397743	0	0	0	0	0	0	0.397743	0.251569	0.397743	0
0.355724	0.397718	0.533577	0	0.562446	0.733321	0.562429	0.177864	0.251543	0.177864	0.503049	0.397701	0.177864	0.397718	0.795398	0.503076	0.177864	0	0.355724	0.641287	0.906866	0.733321	0.177864	0.177864	0.251543	0.562446	0.533577	0.251543	0.355724	0	0.177864	0.177864	0.177864	0.75455	0.795364	0.641287	0.562446	0.562429	0.562446	0.889271	0.889271	0.503076	0.355724	0.251543	0.355724	0.251543	0.641256	0.177864	0.533577	0.397718	0.397701	0.25153	0	0.25153	0.177864	0.251543	0.397701	0.251543	0.562446	0.397701	0.355724	0.397701	0.397701	0.177864	0.251543	0.397718	0.397701	0.795364	0.533577	0.177864	0.397701	0.397718	0.906847	0.795398	0.906866	0.397718	0.533577	0.562446	0.641287	0.641287	0.251543	0.397701	0.355724	0.503049	0.251543	0.397701	0.25153	0.25153	0.25153	0.177864	0.562446	0.75459	0.641287	0.733321	1.06706	0.641287	0.641287	0.75459	0.641287	0.397718	0.355724	0.251543	0.177864	0.177864	0.251543	0.355724	0.397701	0.355724	0.71142	0.733321	1.25748	0.533577	0.355724	0.795398	1.00607	0.906866	0.889226	0.641287	0.906866	0.177864	0.503076	0.641287	0.177864	0.503049	0.562446	0.71142	0.251543	0.355724	0.25153	0.177864	0.397701	0.25153	0.251543	0.177864	0.889226	0.562429	0.251543	0.533577	0.733303	1.00602	0.562429	0.25153	0.397718	0.733321	0.75459	0.562446	0.562429	0.397718	0.355724	0.733303	0.641287	0.795364	0.251543	0.533577	0.397701	0.641287	1.12478	1.2575	0.355724	0.733303	0.177864	0.795398	1.6394	1.77807	0.733321	0.355724	0.397718	0.562446	0.795398	0.75459	0.503049	0.71142	0.397718	0.397701	0.25153	0	0	0.251543	0.957756	1.35435	1.193	1.35435	1.43372	0.889271	1.03698	0.25153	0.397701	0.355724	0.533577	0.533577	0.25153	0.355724	0.177864	0	0.177864	1.00602	1.00602	0.733321	0.906847	0.397701	0.503049	0.562429	0	0.251543	0.177864	0	0.25153	0	0.177864	0.397718	0.795398	2.14078	3.02089	2.41774	0.75455	0.397701	0.795364	0.71142	1.13871	0.533577	0.397718	0	0.562429	0.177864	0.177864	2.38487	2.93081	1.78694	1.08177	0.177864	0.25153	0.503049	0.177864	0.562429	0.25153	0.251543	0.177864	0	0.177864	0.251543	0.177864	0	0	0.177864	0.251543	0.177864	0.177864	0.397718	0.397718	0.397718	0.795398	1.13877	1.50892	1.76026	1.50892	1.13877
0.177848	0.251521	0.177848	0.251507	0.641199	0.177848	0.397683	0.733257	0.503032	0.562397	0.355692	0.251507	0.177848	0.562379	0.355692	0.355692	0.251521	0.251521	0.251521	0.251521	0.397666	0.177848	0.355692	0.397666	0.177848	0.355692	0.397666	0	0.251521	0.562397	0.355692	0.251521	0.562397	0.397666	0.562397	0.795328	0.641231	0.733257	0.754523	0.795328	0.754523	0.795328	0.795328	0.641231	0.754523	1.13867	1.03694	0.641231	0.641231	0.754523	0.503032	0.355692	0.397683	0.53353	0.355692	0.251521	0.251507	0.53353	0.397683	0.889148	0.177848	0.562379	0.355692	0.53353	0.562397	0.503032	0.397683	0.754484	0.355692	0.177848	0.251521	0.562397	0.562379	0.177848	0.733239	0.641231	0.733257	0.251521	0.251507	0.251521	0.562397	0.397683	0.397683	0.641231	0.889193	0.889193	0.503032	0.397666	0.177848	0.355692	0.562379	0.251521	0.397666	0.562397	0.562379	0.251507	0.177848	0.251521	0.251521	0.397683	0.562397	0.397683	0.177848	0	0	0.177848	0.562379	0.562379	0.562397	0.641231	0.641199	0.795295	0.251507	0.251521	0.177848	0.397666	0.397666	0.733239	0.795328	0.733257	0.53353	0	0.355692	0.397666	0.177848	0.355692	0.177848	0.562379	0.711357	0.53353	0.53353	0.355692	0	0.355692	0.957637	0.177848	0.641231	0.795328	1.06697	0.957637	0.397666	0.562379	0.397683	0.562397	0.641231	0.889193	0.957671	0.397683	0.957637	0.906768	0.503005	0.889148	0.251521	0.889171	0.711357	0.355692	0.503032	1.25737	0.733257	0.711357	0.397683	0.177848	0.733239	0.906768	1.59035	1.59035	0.906786	0.397666	0.53353	0.795328	0.562379	0.641231	0.889193	0.503032	0	0.251521	0.251507	0.53353	0.733239	0.251507	0.562379	0.355692	0.397666	0.397666	0.397666	0.562397	0.177848	0.177848	0.397666	0.251507	0.397683	0.562397	0.562397	0.503032	0.503032	1.43353	1.00593	1.00593	0.53353	0.251521	0.641199	0.53353	0.397683	0.177848	0.251507	0	0.397666	0.397683	0.397683	0.355692	0.733239	2.87077	2.84877	1.51921	0.562397	0.251507	0.641231	0.957671	0.53353	0.177848	0.251521	0.503005	0.397666	0.177848	0.177848	1.29452	2.49465	2.84879	2.19876	0.562379	0.251507	0.397666	0.355692	0.397666	0	0	0	0	0	0	0	0	0	0	0.177848	0.397683	0.562397	0.562397	0.562397	0.562397	0.889171	1.12469	1.2823	1.25741	1.3888	1.52958
0.177831	0.177831	0.251499	0.355658	0.733189	1.13856	1.19279	1.19279	1.13856	0.889115	0.889115	1.03684	1.03684	0.795257	0.251499	0.397625	0.177831	0.355658	0.397648	0.177831	0.177831	0.251499	0.177831	0.397625	0.251499	0.355658	0.355658	0.397648	0.562346	0.251499	0.397625	0.355658	0	0.251499	0.251481	0.355658	0.177831	0.177831	0.397648	0.397648	0.251499	0.355658	0.355658	0.397648	0.562346	0.733189	0.754457	0.641174	0.502988	0.641174	0.795257	0.502988	0.355658	0.562322	0.397625	0.177831	0.397648	0.355658	0.177831	0.754404	0.251499	0.562322	0.533478	0.533478	0.177831	0	0	0.355658	0.562346	0.397648	0.177831	0.251481	0.251481	0.177831	0.177831	0.562346	0.251499	0.251481	0.177831	0.397625	0.177831	0.251499	0.397648	0.641174	0.641174	0.397648	0.397648	0.711289	0.502988	0.562346	0.533478	0.177831	0.754404	0.397625	0.533478	0.562346	0.533478	0.251481	0.397648	0.502988	0.533478	0.502952	0.355658	0.251481	0.177831	0.177831	0.533478	0.795257	0.889115	0.754457	0.502988	0.502952	0.641132	0.177831	0.355658	0.562322	0.355658	1.03678	0.533478	0.795212	0.502952	0.177831	0.177831	0.397625	0.177831	0.177831	0.355658	0.957538	0.355658	0.502952	0.251499	0.355658	0	0.641132	0.502952	0.711289	0.795257	0.502988	0.397625	0.733189	0.795257	0.733189	0.251499	0.177831	0.355658	0.355658	0.177831	0.502952	1.03678	0.733189	1.06686	0.711289	0.711289	1.06686	0.397648	0.251481	0.177831	0.754404	0.641174	0.957585	0.562346	0.754404	0.397625	0.533478	1.13856	1.83032	2.16241	1.43343	0.889085	1.03684	1.81295	1.25727	0.562346	0.397648	0.177831	0	0.502952	0.502952	0.355658	0.641174	0.562346	0.355658	0.177831	0.177831	0.251499	0.177831	0.355658	0.502988	0.533478	0.251481	0.533478	0.397648	0.177831	0.177831	0.251499	1.35404	1.519	0.889055	0.889055	0.641174	0.562346	0.177831	0.177831	0.355658	0.177831	0	0.502952	0.397625	0.177831	0.177831	0.733165	3.41187	2.51321	0.251499	0.397648	0.355658	0.397625	0	0.397648	0.502988	0.502988	0.906677	0.533478	0.177831	0	0.355658	1.08159	2.64172	2.95698	0.889055	0.177831	0.397648	0.397648	0.177831	0	0	0	0	0	0	0	0	0	0.177831	0.355658	0.355658	0.177831	0.177831	0	0	0.733165	0.957538	0.397648	0.502988	0.355658	0.251499
0.251459	0.39759	0.251472	0.355624	0.562288	0.795175	0.641107	0.641107	0.795175	0.754378	0.641107	0.251472	0.39759	0.251472	0.502908	0.562271	0.39759	0.641076	0.397606	0.533427	0.251459	0.251472	0.177814	0.251459	0.177814	0.355624	0.502908	0.355624	0	0.355624	0	0.177814	0.251459	0.177814	0.39759	0.251459	0	0.177814	0.355624	0.251472	0.251472	0.177814	0.251459	0.177814	0.355624	0.641076	0	0.251459	0	0.177814	0.177814	0.177814	0.177814	0.39759	0.562271	0.502908	0.355624	0.177814	0.251459	0.39759	0.251472	0.39759	0.39759	0.355624	0.177814	0	0.177814	0.251472	0.355624	0.397606	0.397606	0.177814	0.562271	0.795175	0.889022	0.397606	0.39759	0	0.251472	0.251459	0.177814	0.355624	0.733115	0.502935	0.39759	0.562288	0.355624	0.39759	0.177814	0.251459	0.177814	0.355624	0.502908	0.533427	0.733097	0.355624	0.562271	0.39759	0.177814	0.251472	0.39759	0.562271	0.562288	0.355624	0.177814	0.355624	0.177814	0.177814	0.355624	0.177814	0.251459	0.251459	0.888977	0.397606	0.533427	0.39759	0.177814	1.35391	0.906611	1.43325	0.641076	0.39759	0.795175	0.754378	0.397606	0.177814	0.251459	1.00574	0.177814	0.39759	0.177814	0.39759	0.177814	0.502908	0.397606	0.733097	0.177814	0.39759	0.733115	0.957487	0.733097	0.251459	0.251459	0	0.251459	0.251472	0.641107	0.397606	0.562288	1.13845	1.12447	0.641107	0.733097	0.355624	1.08148	0.957487	0.641107	0.177814	0.355624	0.177814	0.39759	0.906593	0.733115	0.39759	0.533427	0.177814	1.2445	1.96326	1.13845	1.2445	1.46599	1.9552	0.889022	0.397606	0.251472	0.251472	0.533427	0.71122	0.502935	0.397606	0.177814	0.251459	0	0.177814	0.251472	0.177814	0.177814	0.177814	0.177814	0.39759	0.502908	0	0	0.39759	0.251472	1.03669	1.43325	0.533427	1.13839	0.177814	0.397606	0.502935	0.397606	0.177814	0.177814	0.251472	0.39759	0.502908	0.251459	0.177814	0.562271	3.52496	2.7753	0.251472	0.397606	0.533427	0.251459	0.71122	0.957487	0.889022	0.754378	1.12447	1.2943	0.71122	0.177814	0.177814	0.251459	2.51299	3.26545	1.00574	0	0	0	0	0.177814	0.251472	0.177814	0	0	0	0.177814	0.251472	0.177814	0.251459	0.177814	0.397606	0.502935	0.502935	0.533427	0.177814	0.502908	0.888977	0.251472	0.251472	0.533427	0.562288
0.177796	0.562213	0.25145	0.177796	0.502855	0.251432	0	0	0.251432	0.177796	0.397571	0.562237	0.733048	0.754311	0.888913	0.355589	0.502855	0.641008	0.177796	0.502855	0.502855	0	0.251432	0.397549	0.355589	0.502855	0.641008	0.397571	0.64105	0.397571	0.397549	0.177796	0.397571	0.733048	0.64105	0.562237	0.397571	0.355589	0.355589	0.397571	0.64105	0.562237	0.355589	0.177796	0.397549	0.502855	0.397571	0.25145	0.177796	0.397549	0.50289	0.355589	0	0.177796	0.562213	0.795059	0.50289	0.64105	0.177796	0.397571	0.397571	0	0.355589	0.397549	0.177796	0.397571	0.562237	0.50289	0.533375	0.25145	0.397571	0.50289	0.906502	0.888913	0.64105	0.795059	0.502855	0.397549	0.397571	0.355589	0.251432	0.641008	0.251432	0.533375	0.562213	0.251432	0.355589	0.397571	0.177796	0.251432	0	0.251432	0.177796	0.397571	0.888913	0.795103	0.733048	0.25145	0.355589	0.50289	0.397571	0.177796	0.64105	0.64105	0.64105	1.0057	1.13835	0.754311	0.562237	0.64105	0.64105	0.533375	1.03658	0.25145	0.397549	0.251432	0.533375	1.51871	0.355589	1.6387	0.795059	0.795059	0.562213	0.397571	0.562237	0.533375	0.533375	0.957354	0.355589	0.355589	0.177796	0.251432	0.251432	0.251432	0.177796	0.562213	0.177796	0.641008	0.795059	0.754258	1.19249	0.562237	0.397571	0.25145	0.397571	0.25145	0.177796	0.177796	0.562213	0.64105	0.397571	0	0.502855	0.251432	0.641008	0.251432	0.355589	0.397549	0.397549	0.397571	0.533375	0.641008	0.397549	0.397571	0.397571	0.251432	0.355589	1.00563	0.355589	1.03658	0.641008	1.77734	0.533375	0	0.733048	1.28194	1.43319	1.25702	0.562237	0.25145	0.397571	0.397571	0.25145	0.355589	0.25145	0.355589	0.177796	0.251432	0.177796	0.355589	0.397549	0.177796	0.397571	0.355589	0.177796	1.03658	1.28186	0.502855	1.03658	0.177796	0.251432	0	0	0	0.397549	0.397571	0.397571	0.397549	0.251432	0.251432	1.46581	3.49775	2.02628	0.355589	0.355589	0.397571	0.562213	1.06666	0.562237	0.397549	0	0.177796	0.733023	1.28186	0.397549	0.502855	0.355589	2.76363	3.27473	0.888883	0	0	0	0	0.251432	0	0.251432	0	0	0.177796	0.355589	0.177796	0.251432	0.177796	0.25145	0.25145	0.25145	0.25145	0.533375	0.397549	0.733023	0.562213	0	0	0.177796	0.397549
0.39753	0.732974	0.754232	0.754232	0.906436	0.732974	0.502837	0.355555	0.25141	0.732956	0.795021	0.640983	0.56218	0.39753	0.562162	0.251424	0.562162	0.562162	0.397513	0.502811	0.640952	0.251424	0.355555	0.533324	0.56218	0.906418	0.355555	0.794988	0.39753	0.25141	0.562162	0.355555	0.251424	0.397513	0	0.25141	0.177779	0.355555	0.355555	0.177779	0.177779	0.25141	0.355555	0.25141	0.562162	0.177779	0.25141	0.25141	0.25141	0.640952	0.251424	0.397513	0.177779	0.251424	0.397513	0.562162	0.56218	0.355555	0.502811	0	0.25141	0.25141	0.397513	0.397513	0.355555	0.56218	0.39753	0.251424	0.533324	0.39753	0.251424	0.39753	0.562162	0.533324	0.795021	0.906418	0.397513	0.502811	0.397513	0.533324	0.39753	0.502811	0.56218	0.732974	0.177779	0.39753	0.39753	0.251424	0.177779	0.177779	0.177779	0.177779	0.39753	0.502837	0.732974	0.732974	0.251424	0.177779	0.533324	0.39753	0.177779	0.502811	0.177779	0.39753	0.732974	0.957302	1.03654	0.906436	0.251424	0	0	0.502811	0.794988	0.502837	0.177779	0	0.794988	0.888805	0.502837	1.13817	0.732974	1.08127	0.56218	0.177779	0.25141	0.355555	0.533324	0.397513	0.251424	0.251424	0.640983	0.711083	0.177779	0.533324	0.177779	0.502811	0.397513	0.957267	0.397513	1.03649	1.00554	0	0.251424	0.177779	0.177779	0.397513	0.177779	0.39753	0.906418	0.251424	0.502811	0.177779	0.562162	0.502837	1.03654	1.13823	0.88885	0.251424	0.754232	1.28181	0.754232	0.794988	0.355555	0.640952	0.355555	0.355555	0.39753	0.502811	0.39753	1.12422	0.957267	2.26153	0.177779	0.397513	0.640952	0.640952	0.533324	1.12422	0.732956	0.177779	0	0	0	0.177779	0.251424	0.177779	0	0.25141	0.397513	0.355555	0.177779	0.397513	0.533324	0.355555	0.562162	1.29402	1.29402	1.03649	1.00554	0.177779	0.397513	0.177779	0.251424	0.251424	0.640952	0.562162	0.640983	0.39753	0.562162	0.39753	2.52502	3.26001	1.08125	0.562162	0.56218	0.640983	0.957267	0.794988	0.25141	0.562162	0.25141	0.251424	0.562162	1.52892	0.640952	0.888805	0.39753	3.39242	3.41092	0.562162	0	0	0	0.177779	0.502837	0.754232	0.502837	0.177779	0	0.25141	0.25141	0.177779	0.355555	0.177779	0	0	0	0	0.177779	0.794988	0.888805	0.25141	0	0.177779	0.251424	0.562162
0.397472	0.397494	0.502793	0.502793	0.711014	0.711014	0.502793	0.794905	0.177762	1.25673	0.533272	0.502793	0.533272	0.397472	0.502758	0	0.502758	0.502758	0.502758	0.502758	0.888712	0.251402	0.397472	0.177762	0.397494	0.732882	0.251402	1.03638	0.177762	0.794905	0.711014	0.397494	0.251402	0.177762	0.355521	0.732906	0.562129	0.397472	0.177762	0.251384	0.562129	0.562129	0.397472	0.502758	0.502758	0	0.177762	0.177762	0.177762	0.251384	0.251402	0.177762	0.397472	0.251402	0.177762	0.177762	0.177762	0.502758	0.355521	0.502793	0.397494	0.177762	0.502758	0.177762	0.562105	0.177762	0	0	0.177762	0.397472	0	0.397472	0.177762	0.355521	0.732906	0.562129	0.177762	0.502758	0.502758	0.177762	0.251402	0.177762	0.502758	0.397472	0.562105	0.251384	0.397494	0.502793	0.640885	0.562129	0.732906	0.355521	0.397472	0.251402	0.397494	0.711014	0.533272	0.251402	0.397494	0.533272	0.397472	0.502758	0.397472	0.251402	0.562105	0.562105	0.397494	0.888742	0.732882	0.355521	0.502793	0.711014	0.355521	0	0.502758	0.397472	0.397472	0.711014	0.355521	0.640885	0.562129	0.906352	0.754166	0.732906	0.640885	0.251402	0.397494	0.79495	0.888742	0.640885	0.502793	0.957169	0.754113	0.562105	0.251384	0.562105	0.562105	1.03638	0.251384	0.754113	0.732882	0.533272	0.251402	0.177762	0.177762	0.562105	0.177762	0.397472	0.640885	0.397472	0.251384	0.533272	0.711014	0.397494	0.251402	0.397494	0.502793	0.794905	1.1241	1.13813	1.25676	0.640885	0.397472	1.03638	0.906327	0.906352	0.562129	0.177762	0	1.00544	0.794905	2.56194	0.355521	0.502758	0.355521	0.888742	0.640926	0.794905	0.640885	0.397472	0	0	0	0	0	0	0	0.397472	0.562105	0.177762	0	0.502758	0.502758	0.502758	0.888712	1.43283	0.794905	1.38805	0.754113	0.533272	0.794905	0.397472	0.251402	0.251402	0.888712	0.888712	0.533272	0.794905	0.888712	0.251402	2.80833	3.65956	0.794905	0.355521	0.355521	0.533272	0.397472	0.957169	0.562105	0.562105	0.754113	0.251402	0.562105	1.52876	0.888712	1.00544	0	3.8925	3.52391	0.177762	0	0	0	0.397472	0.533272	0.502793	0.533272	0.397472	0	0.177762	0.397472	0.355521	0.533272	0.397472	0	0	0	0	0	0.640885	1.03638	0.397472	0	0.397472	0.251402	0.251384
0.533221	0.50274	0.397453	0.251375	0.732814	0.533221	0.177745	0.888634	0.251375	1.25662	0.533221	0.355486	0.355486	0.710945	0.533221	0.251375	0.640828	0.502714	0.355486	0.533221	0.754047	0.251375	0.397436	0	0.177745	0.562054	0.177745	0.888634	0.251375	0.754047	0.562054	0.251375	0.251375	0.251362	0.562071	0.957117	0.957117	0.732832	0.397453	0.562054	0.562071	0.732832	0.355486	0.397436	0.562054	0.177745	0.177745	0.251375	0.251375	0.251375	0.177745	0.177745	0.397436	0	0.177745	0.397453	0.50274	0.177745	0.397453	0.50274	0.397453	0.251362	0.397436	0.177745	0.397436	0.177745	0.251375	0.177745	0	0.397436	0.251375	0.397436	0.177745	0.562054	0.251362	0.397453	0.50274	0.533221	0.251362	0.251375	0.251362	0.251375	0.640828	0.397436	0.397436	0.397436	0.177745	0.355486	0.957082	0.177745	0.710945	0.533221	0.397436	0.177745	0.397453	0.533221	0.397436	0	0	0.397436	0.533221	0.533221	0.397436	0.177745	0.533221	0.710945	0.640859	0.906261	0.906243	0.251362	0.397453	0.732832	0.640859	0.397453	0.533221	0.533221	0.251375	0.397436	0.397436	0.397436	0.502714	0.502714	0	0.397436	0.957082	0.355486	0.177745	0.562054	0.957082	1.19216	0.251362	0.957082	1.19216	0.562054	0.562054	0.640828	0.502714	1.13795	0.562054	0.562054	0.562054	0.562054	0.251375	0.177745	0.177745	0.397436	0	0.397436	0.533221	0.355486	0.177745	0.562071	0.906261	0.640859	0.640859	1.51833	2.41623	2.46785	1.81207	0.888679	1.68573	0.732832	0.888656	1.24402	0.888656	0.251362	0.397436	0.177745	0.251375	1.03629	0.251362	2.41611	0.888634	0.562054	0.251362	0.562054	0.251375	0.533221	0.710945	0.710945	0.50274	0.397453	0.251375	0.397453	0.397453	0.177745	0.177745	0.562054	0.397436	0.177745	0.251375	0.397436	0.502714	0.502714	1.13795	1.82934	0.397453	1.77684	0.533221	0.533221	0.794834	0.397436	0.251375	0.251375	0.888634	1.00535	0.397436	0.888634	0.888634	0.251375	2.52454	3.64202	1.2815	0.355486	0.888656	0.906261	0.533221	0.888634	0.251362	0.562071	0.732814	0	0.397436	1.52862	1.03629	0.754047	0.732832	3.98779	3.16137	0	0	0	0	0.397436	0.562054	0.251375	0.397436	0.397436	0.251375	0.397453	0.533221	0.397436	0.397436	0.562054	0.177745	0.533221	1.03634	1.03634	0.640859	0.533221	0.754047	0.562054	0.177745	0.355486	0.50274	0.397453
0.355455	0.251353	0.397418	0.640803	0.888578	0.397418	0.397418	0.397401	0.251353	0.640772	0.640803	0.906182	0.562022	0.397401	0.177729	0.397418	0.906163	0.533174	0.25134	0.355455	0.25134	0.177729	0.177729	0.177729	0.25134	0.50267	0.25134	0.640772	0.177729	0.397418	0.888578	0.355455	0.177729	0.562004	0.25134	0.397418	0.562022	0.562022	0.562022	0.710883	0.502696	0.397418	0.25134	0	0.562022	0.710883	0.177729	0.177729	0.251353	0.251353	0.397418	0.562022	0.251353	0.177729	0.397401	0.397401	0.251353	0.397401	0.25134	0	0.25134	0.50267	0.177729	0.355455	0.355455	0.533174	0.397418	0.397401	0.177729	0.397418	0.397418	0.177729	0.25134	0.397401	0.562022	0.794798	0.640803	0.562022	0.397418	0.177729	0.50267	0	0.640772	0.355455	0.177729	0.177729	0.397418	0.710883	0.397401	0.710883	0.906182	0.794798	0.397418	0.562004	0.562022	0.397418	0.177729	0.177729	0.397418	0.177729	0.397418	0.251353	0.397401	0.355455	0.177729	0.732768	0.794798	0.732768	0.355455	0.177729	0.533174	0.75402	1.03625	0.957033	0.888601	0.75402	0.502696	0.397418	0.177729	0.397418	0.562004	0.533174	0.397418	0.355455	0.50267	0.533174	0.533174	0.533174	0.562004	0.956998	0.957033	0.906182	0.753981	0.710883	0.177729	0.794764	0.640772	1.25651	0.50267	0.640772	0.73275	0.533174	0.25134	0.502696	0.957033	0.888601	0.888601	0.888601	0.502696	0.251353	0.50267	0.562022	1.13791	1.88866	2.27492	2.24701	1.58929	0.794798	0.25134	0.177729	1.51814	0.640803	1.25653	1.25655	0.640803	0.251353	0.397418	0.562022	0.502696	1.1239	0.50267	2.07933	1.85488	0.710883	1.06626	0.794798	0.397401	0.355455	0.25134	0.533174	0.502696	0.562022	0.397418	0.177729	0.25134	0.25134	0.397401	0.562004	0.177729	0.25134	0	0.251353	0.888601	1.35332	1.42155	1.38781	1.08097	1.85488	0.397418	0.397418	0.355455	0.251353	0.502696	0.502696	0.906163	0.794764	0.25134	0.640803	1.77677	2.52445	3.55448	3.23978	1.60898	0.906182	0.533174	0.355455	0.888578	0.355455	0.25134	0.562022	0.640803	0.397418	0.640772	2.07933	2.31606	2.89085	3.74397	3.904	2.07933	0	0	0	0.177729	0.177729	0.397401	0.251353	0.177729	0.251353	0.397418	0.355455	0.177729	0.251353	0.251353	0.355455	0.562022	1.25653	1.63816	1.92177	2.02564	1.88866	1.52857	1.5182	1.67626	1.43264	0.710883	0.562022
0.397359	0.251327	0.251313	0.533118	0.355418	0	0.355418	0.355418	0	0.177711	0.251327	0.561963	0.906086	0.640736	0.502643	0.732691	0.888485	0.397376	0.561945	0.397359	0	0.397359	0.251327	0.397359	0.177711	0.561945	0.177711	0.502617	0.397359	0.533118	0.956898	0.753901	0.397359	0.355418	0.710808	0.502643	0.533118	0.397359	0.177711	0.561945	0.251313	0.251327	0.561945	0.397359	0.355418	0.956898	0.251313	0.397359	0	0	0.355418	0.397376	0.397359	0.397359	0.561945	0.561945	0.251327	0.251313	0.397376	0.502643	0.397376	0.251313	0.251327	0.177711	0.397359	0.561945	0.397359	0.502617	0.397359	0.251327	0.397359	0	0.177711	0.397376	0.710808	0.397376	0.397359	0.397359	0.397376	0.533118	0.251313	0.251327	0.251313	0.397359	0	0	0.355418	0.355418	0.355418	0.732673	0.561945	0.533118	0.794681	0.888462	0.177711	0	0	0.397359	0.533118	0.794681	0	0.397359	0.753901	0.397376	0.794681	0.177711	0.177711	0.177711	0.251327	0.177711	0.502617	0.397359	0.397376	0.710808	0.502643	0.533118	0.251327	0.251327	0.753901	0.251327	0.561945	0.397376	0.533118	0.533118	0.397376	0.177711	0.710808	0.640736	0.640736	0	0.888507	1.13779	0.533118	0.561945	0.640704	0.732673	0.888462	1.13773	0.561945	0.956898	1.08084	0.640736	0.794681	0.732673	0.906086	0.753941	0.956932	1.00521	0.956932	0.561963	0.888462	0.502617	0.732673	1.60883	1.63801	0.640736	0.956932	1.85474	1.5284	1.2564	1.13773	0	1.38766	0.888462	0.502617	0.355418	0.502643	0.397376	0.251327	1.03609	1.25637	1.35313	2.14625	0.906086	1.2564	0.561963	1.13773	0.732691	0.561963	0.177711	0	0.177711	0.397359	0.355418	0.397376	0.177711	0.502617	0.502617	0	0.177711	0.251327	0.533118	1.08086	1.35318	0.956932	0.397376	1.60883	0.888485	0	0	0	0.397359	0.251327	0.251327	0.956898	0.355418	0.397359	1.2564	1.74974	2.38292	3.20041	2.66966	1.35318	0.561963	0.561945	0.561963	0.251327	0.732673	0.502617	0.502617	0.355418	0.533118	1.52833	2.86856	3.21509	3.10062	3.1057	2.07918	0.710808	0	0	0	0.397359	0.251327	0.177711	0	0	0.397359	0.397359	0.177711	0.251327	0.533118	0.533118	0.251313	0.397376	1.19193	1.43242	0.888507	1.38773	1.50762	1.50762	1.85474	1.82907	1.85474	1.81168	1.38766
0.732609	0.251304	0.397325	0.502573	0.177695	0.251304	0.397325	0.397325	0.177695	0.177695	0.251304	0.251304	0.397325	0	0.177695	0.397325	0.397325	0.397341	0.710746	0.355387	0.177695	0.397325	0	0.397325	0.177695	0.397325	0.251304	0.397325	0.397325	0.533071	0.794611	0.794611	0.355387	0	0.397325	0.251304	0.533071	0.710746	0.502599	0.533071	0.561896	0.251304	0.397325	0.397325	0.533071	0.956814	0.397325	0.355387	0.397341	0.251291	0.397325	0	0.502573	0.397325	0.561896	0.561896	0.251304	0.177695	0	0	0	0.177695	0.251304	0.177695	0.397325	0.533071	0.533071	0.397325	0.397325	0.251304	0.397325	0	0	0	0.502573	0.177695	0.533071	0.533071	0.251304	0.561896	0.251304	0.397341	0.355387	0.640648	0.251304	0.177695	0.397325	0.177695	0.502573	0.502573	0.397325	0.533071	0.794611	0.888384	0.177695	0	0	0.397325	0.561896	0.753835	0.251304	0.251291	1.036	0.177695	1.00507	0	0	0.177695	0.177695	0	0.397325	0.640648	0	0.502573	0.177695	0.533071	0.355387	0.177695	0.640648	0.640679	0.732627	0.502599	0.533071	0.561896	0.177695	0.397325	0.251291	0.397341	0.502599	0.710746	0.732609	0.177695	0.888384	0.561896	0.888384	0.502573	0.888384	1.036	0.397325	1.00507	0.794611	0.794645	1.24367	1.08074	0.710746	0.502599	0.355387	0.355387	0.533071	0.251291	1.036	0.533071	1.12372	2.13873	0.888407	0.888384	1.13763	0.794611	0.888407	1.35301	0.956814	0.502599	1.28114	0.732609	0.906007	0.251304	0.561914	0.753875	0.640679	1.12368	1.58892	1.12368	2.07132	0.533071	0.888384	0.397325	1.4323	0.732609	0.397325	0	0.177695	0.397341	0.533071	0.397325	0	0.177695	0.397325	0.355387	1.12372	1.77643	1.8883	1.67594	1.29344	0.906007	0.561914	1.25626	0.888384	0	0	0.177695	0.251304	0.251291	0.177695	0.177695	0.888384	0.710746	1.81156	2.33594	1.68531	1.25631	1.52819	1.29341	0.888429	0.640679	1.29341	0.888407	0.794611	1.13763	0.533071	0.732609	0.640648	0.640648	2.93875	3.31588	2.38261	1.50741	0.502573	0	0	0	0	0	0.397325	0.251304	0.177695	0.177695	0.177695	0.355387	0.355387	0	0.177695	0.251291	0.561896	0.397325	0	0.794611	1.58892	0.888384	0.397341	0.502599	0.640679	1.08074	0.533071	1.036	2.13869	2.00952
0.794529	0.397306	0.732559	0.561862	0.177678	0.177678	0.177678	0.177678	0.355352	0.355352	0.251282	0.251282	0.355352	0.251282	0.53302	0.397306	0	0.53302	0.710677	0.502555	0.561862	0.397306	0.251282	0.355352	0.397284	0.177678	0.177678	0.251265	0.251265	0.397306	0.561862	0.251265	0.177678	0.177678	0.355352	0.177678	0.177678	0.53302	0.640623	0.794573	0.561862	0.251282	0.355352	0.397306	0.640623	0.53302	0.177678	0.251265	0.355352	0.640581	0.177678	0.397306	0.355352	0.177678	0.397284	0.50252	0	0.397284	0.251282	0.251265	0.397306	0.53302	0.177678	0.177678	0.177678	0.251282	0.561862	0.397306	0.397284	0.177678	0.397306	0.502555	0.502555	0.502555	0.53302	0.177678	0.251265	0.251265	0	0.50252	0.177678	0.355352	0.397284	0.640581	0.251282	0.177678	0.177678	0.397306	0.355352	0.355352	0.640623	0.732559	0.177678	0.794529	0.397284	0.177678	0.177678	0.251282	0.710677	0.355352	0.177678	0.561862	0.732535	0.251265	0.732535	0.753809	0.640623	0.561839	0.177678	0.177678	0.177678	0.732535	0.397306	0.561839	0.355352	0.177678	0.710677	0.561862	0.888351	1.13759	0.640623	0.251282	0.355352	0.53302	0.561862	0.397306	0.397306	0.732559	0.888351	1.12362	1.25619	0.905922	0.397284	0.640581	0.53302	0.956762	0.561862	0.794529	0.251282	0.888291	0.561862	1.25619	1.29332	0.732559	0.397284	0	0.177678	0.561839	0.177678	0.177678	0.905922	1.50736	1.88813	2.66326	2.19665	0.561839	1.13751	0.561862	0.888321	0.640581	0.50252	0.251282	0.753756	0	0.640581	0.794529	0.710677	0.640623	0.888351	1.42114	1.29327	1.25613	1.63761	0.561862	0.397284	0.177678	0.956716	1.12357	0.177678	0.177678	0.50252	0.53302	0.397306	0.177678	0	0.251265	0.177678	0.732559	1.95371	1.82874	1.67579	1.52814	1.52814	1.28109	1.12357	1.63761	0.640581	0	0	0.397284	0.251282	0.251282	0.355352	0.355352	0.794529	1.68508	2.66915	2.24637	1.52814	1.19176	0.53302	0.794573	1.19176	0.888321	1.13751	0.53302	1.29327	1.35287	0.640623	1.08064	0.905922	2.31539	5.01263	3.23891	1.08066	1.50725	0.50252	0	0	0	0	0	0.251265	0	0.177678	0.397284	0.177678	0.177678	0	0.177678	0.177678	0.355352	0.53302	0.177678	0	0.397306	1.63764	1.74934	0.397284	0.177678	0.53302	0.561839	0.251282	0.956716	2.13846	2.00931
0.732467	0.561805	0.532968	0.251243	0.397265	0.532968	0.177661	0	0.251256	0.640556	0.640556	0.502502	0.532968	0.251256	0.561787	0.251256	0.397248	0.640525	0.397248	0	0.177661	0.177661	0	0.251243	0.355318	0.397265	0	0.355318	0.177661	0.502476	0.177661	0.397265	0.397265	0.355318	0.177661	0.251243	0	0.177661	0.177661	0.251243	0.177661	0.177661	0.397248	0.251256	0.251256	0.251256	0.397265	0.532968	0.355318	0.732467	0.502502	0.561805	0.355318	0.177661	0.177661	0.355318	0.502502	0.355318	0.177661	0.532968	0.532968	0.251243	0.355318	0.177661	0.177661	0.397265	0.532968	0.177661	0.640525	0.532968	0.397265	0.251256	0.397265	0.397265	0.177661	0	0.251243	0.251243	0	0.502476	0.397248	0.397265	0.251256	0.355318	0.502502	0.397265	0.251256	0.251256	0.251243	0.397265	0.502502	0.710609	0.561805	0.732467	0.732467	0.732485	0.710609	0.397248	0.397248	0.397265	0.732485	0.561805	0.355318	0.640556	0.251243	0.502502	0.561787	0.75369	0.177661	0.355318	0.251243	0.561805	0.732485	0.532968	0.397265	0.732467	0.251243	0.502502	0.732485	0.355318	0.640525	0.397265	0.561805	0.251256	0.251256	0.502502	0.397265	0.397248	0.251243	0.397248	0.710609	1.06584	0.561805	0.794458	0.561805	0.732485	0.532968	0.397248	0.177661	0.502476	0.397265	0.956629	0.732467	0.502502	0.177661	0.397265	0.397265	0.251243	0.251256	0.177661	0.532968	0.794491	0.397265	1.51756	2.71563	1.28095	1.43204	1.00493	1.06584	0.640556	0.794491	0.753729	0.956664	1.13747	1.46473	1.43206	0.640556	0	0.251243	0.888213	0.561805	1.63749	0.640525	0.561805	0.397248	0.251256	0.177661	1.29316	0.640556	0.397265	0.888213	0.502476	0	0	0.177661	0.355318	0.177661	1.19159	1.91272	0.397265	0.956629	1.00493	1.1235	1.03585	1.96156	1.4647	0.397248	0	0	0.397248	0.177661	0.355318	0.561805	0.561805	0.561787	2.00913	2.63919	0.640525	0	0.251243	0.251243	0.177661	0.397248	0.794458	0.794458	0.532968	1.51756	0.75369	0.502476	1.08055	1.5072	3.56632	4.77254	1.28095	0.532968	1.38727	0.502476	0	0	0	0	0	0.251243	0	0	0.397248	0.177661	0.251256	0.397265	0.355318	0.397265	0.532968	0.177661	0	0	0.397248	1.08053	2.13832	1.82855	1.58868	1.29319	1.03585	1.19164	1.29319	1.91272	2.07092
0.71054	0.397229	0	0.397207	0.177644	0.397207	0.251216	0	0.397207	0.177644	0.56173	0.502458	0.355284	0.177644	0.251216	0.397229	0.532917	0.640458	0.251234	0.640499	0.640499	0.561754	0.397229	0	0.397229	0.56173	0.397207	0	0.251234	0.56173	0.355284	0.177644	0.177644	0.355284	0.177644	0.177644	0.397229	0.502458	0.397229	0.177644	0.251216	0.251216	0.502423	0	0	0.177644	0.355284	0.177644	0.177644	0.532917	0.397229	0.355284	0.532917	0.56173	0.177644	0.177644	0	0.177644	0.397207	0.251234	0.732394	0.177644	0.177644	0.397229	0.561754	0.397229	0.177644	0.640499	0.532917	0.355284	0.251234	0.177644	0.177644	0.251216	0	0.177644	0.397229	0.397229	0.251234	0.56173	0.640458	0	0.251216	0	0.177644	0.502458	0.640499	0.355284	0.502423	0.177644	0.397229	0.177644	0.502458	0.561754	0.640458	0.397207	0.640458	0.397207	0	0.355284	0.251216	0.561754	0.88815	0.502458	0.905748	0.888179	0.71054	0.640458	0.397207	0.177644	0.640458	0.397229	0.732418	0.502458	0.177644	0.75361	0	0.177644	0.397229	0.71054	0.56173	0.251216	0.251234	0.561754	0.532917	0.177644	0.355284	0.888179	1.28084	0.888179	0.251234	0.75361	0.502423	0.640458	0.561754	0.905748	0.251234	0.355284	0.177644	0.251234	0.397229	0.355284	1.08043	0.355284	0.502423	0.251234	0.502458	0.397207	0.561754	0.640499	0.905723	0.888179	1.51747	0.753663	1.58845	1.25592	1.5174	0.888179	1.58845	0.177644	0.71054	0.640499	0.888179	1.38722	1.03575	0.397207	0.532917	0.397229	0.56173	0.79442	1.43196	0.905748	0.532917	0.397229	0.88812	0.251234	0.397229	0.640458	0.397207	0.177644	0.640458	0.732394	0.177644	0.177644	0.355284	0.177644	0.177644	1.52774	1.88763	0.397207	1.58845	1.29307	1.92086	2.16746	1.63738	0.532917	0.251216	0	0	0.251216	0.397207	0.56173	0.532917	0.561754	0.177644	2.02454	2.88928	0.502423	0	0.177644	0	0.397229	0.251234	0.397229	0.905748	0.71054	1.88763	0.888179	1.68476	0.177644	0.561754	3.15955	3.51264	0.397207	0.355284	1.19147	0.397207	0	0	0.177644	0.397229	0.502458	0.251234	0	0.355284	0.251234	0.251234	0.532917	0.177644	0.640499	0.502458	0.177644	0	0	0	0.397207	0.397207	0.905723	1.28084	1.82839	2.22482	2.16746	1.92086	1.82839	2.13814	2.16009
0.355249	0.177626	0.502405	0.888086	1.00473	0.753584	0.251208	0	0.397171	0.532866	0.732326	0.177626	0	0.251194	0.177626	0.532866	0.397188	0.251194	0.177626	0.177626	0.177626	0.251194	0.251194	0.177626	0.355249	0.640401	0.355249	0.732344	0.640432	0.532866	0	0.251208	0.355249	0.532866	0.251208	0	0.397171	0.251208	0.397188	0.502405	0.561697	0.397188	0.397171	0	0	0.177626	0.397188	0.397188	0.177626	0.251194	0.251194	0.251194	0.251194	0.640401	0.397188	0.397188	0.251208	0.397188	0.355249	0.251208	0.561679	0.177626	0.251194	0.397188	0.561697	0.561697	0.532866	0.251194	0.251208	0.177626	0.397171	0.355249	0.251208	0.397188	0.502405	0.397188	0.177626	0	0.177626	0.532866	0.905639	0.502405	0.397188	0.177626	0.251194	0.251194	0.251194	0.397171	0.532866	0.502405	0.732344	0.794338	0.710472	0.177626	0.397188	0.888086	0.502405	0.177626	0.397171	0.251208	0.794338	0.794338	0.355249	0.177626	0.502405	0.732344	0.177626	0.532866	0.355249	0	0.561679	0.561697	0.397188	0.355249	0.355249	0.502379	0.251208	0.177626	0	0.502379	0.251194	0.251194	0.177626	0.355249	0.397171	0.177626	0.732326	0.888064	0.732344	0.732326	0.397188	0.732326	0.177626	0.710472	0.355249	0.355249	0.888064	0.794338	0.732344	0.561697	0.640432	0.710472	0.753544	0.640401	0.397171	0.355249	0.561697	1.08033	0.794305	0.177626	0.732326	1.24319	1.98515	2.14531	1.58837	0.732326	1.25578	0.397188	1.92056	0.355249	1.00468	0.355249	0.561679	0.532866	0.561679	0.355249	0.532866	0.177626	0.397171	0.532866	0.532866	0.502379	0.640401	0.640401	0.753544	0.177626	0.355249	0.397188	0.732326	0.561697	0.177626	0.732326	0.532866	0.397171	0.251194	0.177626	0.251208	1.25578	1.82812	1.08034	1.85381	1.08033	0.640432	0.502405	0.177626	0.502405	0.532866	0.177626	0	0.561679	1.06564	0.956479	0.397188	0.177626	0.251208	2.30786	2.8617	0.710472	0.640432	0.888086	0.888086	0.397188	0.397171	0	0.532866	0.532866	1.77566	1.0356	1.68461	1.35249	1.06564	2.77806	2.52286	0.753584	0.502379	0.956445	0.177626	0.177626	0.397188	0.561697	0.397188	0.177626	0.177626	0.251208	0.251194	0.177626	0.177626	0.251194	0.561679	0.177626	0.251194	0	0	0	0.177626	0.177626	0.251194	0.251208	0.794338	1.38708	2.02447	2.41462	2.38841	2.31477	2.24571	1.78456
0.355218	0.397137	0.532819	0.502361	0.502361	0.532819	0.397137	0	0.177611	0.56163	0.251172	0.532819	0.355218	0.177611	0.177611	0.502335	0	0	0.355218	0.502361	0.355218	0.397137	0.177611	0.355218	0.532819	0.251172	0.251185	0.56163	0.397153	0.177611	0.532819	0.355218	0.177611	0.56163	0.397137	0	0.502335	0	0	0	0.177611	0.251185	0.177611	0	0	0	0	0.397137	0.177611	0.397137	0.177611	0.177611	0.532819	0.355218	0.355218	0.502361	0.502361	0.502361	0.355218	0.397137	0.177611	0.502361	0.794235	0.397137	0.397137	0.397137	0.251172	0.56163	0.251172	0.397153	0.355218	0.177611	0.251172	0.251185	0.251185	0.251185	0.397137	0	0.397137	0.397153	0.887986	0.753518	0.561648	0.397137	0.177611	0.397153	0.397153	0.177611	0.177611	0.251185	0.56163	0.397153	0.956361	0.397137	0.397137	0.251185	0.753478	0.251185	0.56163	0.532819	0.710409	0.355218	0	0.397137	0.177611	0.502335	0.502335	0.177611	0.251185	0.251185	0.397153	0.640376	0.753518	0.640376	0.397153	0.177611	0.502361	0.640345	0.251185	0.56163	0.397137	0.397137	0.251172	0.532819	0.397153	0.251172	0.640345	0.640345	0.56163	0.640345	0.355218	0.355218	0.732262	0.905578	0.905578	0.753518	0.887986	0.73228	0.90556	0.177611	0.732262	1.08025	0.794268	1.08023	0.73228	0.177611	0.753478	0.90556	1.25569	0.561648	0.251172	1.43162	1.91219	1.29283	1.03556	0.56163	1.03551	0.251172	1.63701	0.177611	1.38688	0.177611	0.251172	0.56163	0.640345	0.355218	0.640376	0.397153	0.177611	0.251172	0.397153	0.732262	0.251172	0.640345	0.355218	0.532819	0.56163	0.251185	0.887964	0.397137	0.56163	0.251172	0.56163	0.56163	0.397137	0.177611	0.251172	1.03551	1.25567	0.956361	1.58816	0.732262	0.177611	0.397137	0.56163	0.251185	0.56163	0.397137	0	0.887964	1.35237	0.640376	0.640345	0.251185	1.03551	2.54129	2.38148	0.710409	0.73228	0.956395	0.794268	0.794235	0.502335	0.397137	0.397153	0.794235	0.887986	2.14504	0.56163	2.76077	1.98494	2.19583	1.13709	0.532819	1.25567	0.640345	0	0.397137	0.532819	0.397153	0.251172	0.532819	0.355218	0	0.355218	0.355218	0.355218	0.355218	0.355218	0.532819	0.177611	0	0	0	0.397137	0.251185	0.397153	0.73228	0.905578	0.905578	0.753518	0.888008	1.00465	1.12319	1.08025	0.887986
0.397095	0.397095	0.532763	0.502308	0.397111	0.251146	0.561588	0.753439	0.532763	0.640278	0.177592	0.502282	0.397095	0.251159	0.251159	0.532763	0.397111	0.177592	0.355181	0.502308	0.355181	0.502282	0.177592	0.532763	0.355181	0	0.177592	0.251146	0.251159	0.251146	0.561571	0.397095	0	0.397095	0.397095	0.177592	0.397095	0	0.177592	0.251159	0.177592	0	0	0.177592	0.397111	0.397111	0.251159	0.397095	0.177592	0.561571	0.397111	0.397111	0.251146	0.251159	0.251146	0.251159	0.251146	0.251159	0.561571	0.561571	0.397095	0	0.88787	0.532763	0.710335	0.532763	0.251159	0.561571	0.397095	0.177592	0.251159	0.177592	0.397095	0.251159	0.177592	0.177592	0.561571	0.177592	0.397095	0.251159	0.397095	0	0.397095	0.561571	0.177592	0	0	0	0	0.177592	0.561571	0.177592	0.88787	0.561571	0.251146	0.397111	0.794151	0.177592	0.397095	0.502282	0.397095	0.397095	0	0.355181	0.397111	0.397095	0.502282	0	0.177592	0.397111	0.640309	0.640309	0.355181	0.177592	0.397111	0.710335	0.502308	0.95626	0.177592	0.502282	0.397095	0.532763	0.355181	0.397095	0.177592	0.397095	0.532763	0.794185	1.12307	0.956295	0.956295	0.794185	0.640278	0.561571	0.251146	0.251159	0.177592	0.887915	1.08014	0.397095	0.88787	0.397095	0.251159	0.640278	0.532763	0.251146	0.88787	0.640278	1.51697	0.956295	0.640309	1.43147	1.43147	1.46417	1.13703	0.251146	1.25558	1.03545	0.88787	0.794185	1.29266	0.251159	0.251159	0.397095	0.502282	0.355181	0.640309	0.397111	0.355181	0.397111	0.251159	0.561571	0.177592	0.502282	0	0.397095	0.532763	0.397111	1.13697	0.502282	0.640278	0.397111	0.710335	0.710335	0.710335	0.502308	0.887893	1.25556	1.08012	1.08012	1.63686	1.06543	0.397111	0.561571	0.397095	0	0.397095	0.561588	1.03545	1.43151	1.29266	0.251159	0.905464	0.561588	0.95626	2.77753	2.41403	0.397095	1.0354	0.732203	1.00449	0.397095	0.956295	0.640309	0.177592	0.88787	0.177592	2.38782	1.25558	4.09301	1.95276	1.85345	1.29269	1.19118	1.29266	0.397095	0	0.502282	0.502282	0	0.397095	0.532763	0.532763	0.251159	0.532763	0.532763	0.397095	0.397095	0.251159	0.397095	0.177592	0.397111	0.502308	0.640309	0.905483	0.753439	0.753439	0.905483	0.905483	0.732203	0.397111	0.251159	0.732203	1.29269	1.35228	1.51702
0.177577	0.177577	0.397077	0.502264	0.532716	0.251124	0.561539	0.753373	1.19103	0.887792	0.39706	0.502238	0.177577	0.251137	0.251137	0.397077	0.532716	0.39706	0.35515	0.502264	0.35515	0.502238	0.39706	0.397077	0.35515	0	0.39706	0.251124	0.251137	0.251124	0.561522	0.177577	0	0.177577	0.177577	0.39706	0.177577	0	0.39706	0.251137	0.39706	0	0	0.39706	0.532716	0.532716	0.251137	0.177577	0.39706	0.561522	0.532716	0.532716	0.251124	0.251137	0.251124	0.251137	0.753333	0.251137	0.561522	0.561522	0.177577	0	0.640221	0.397077	0.710272	0.397077	0.251137	0.561522	0.177577	0.39706	0.251137	0.39706	0.177577	0.251137	0.39706	0.39706	0.561522	0.39706	0.177577	0.251137	0.177577	0	0.177577	0.561522	0.39706	0	0	0	0	0.39706	0.561522	0.39706	0.640221	0.561522	0.251124	0.532716	0.35515	0.39706	0.177577	0.502238	0.177577	0.177577	0	0.35515	0.532716	0.177577	0.502238	0	0.39706	0.532716	0.732139	0.732139	0.794082	0.39706	0.532716	0.710272	0.502264	0.732121	0.39706	0.502238	0.177577	0.397077	0.35515	0.177577	0.39706	0.177577	0.397077	0.794115	1.12297	0.887837	0.887837	1.06534	0.177577	0.561522	0.251124	0.251137	0.640221	1.08004	0.887837	1.13687	0.640221	0.177577	0.251137	0.177577	0.397077	0.251124	0.640221	0.887792	2.22387	0.887837	0.732139	1.19103	0.397077	1.7752	1.29258	1.25543	1.03536	1.03536	0.39706	1.06534	0.732139	0.251137	0.251137	0.177577	0.502238	0.794082	0.732139	0.732121	0.794082	0.532716	0.251137	0.561522	0.39706	0.502238	0	0.177577	0.397077	0.532716	1.38662	0.502238	0.887792	0.532716	0.710272	0.710272	0.710272	0.502264	1.08002	1.25545	0.887815	0.887815	1.43137	1.464	0.532716	0.561522	0.177577	0	0.177577	0.561539	1.25547	1.29258	0.732139	0.251137	0.561539	0.905385	0.532716	3.01596	3.15839	0.177577	2.0238	0.640253	2.00818	0.887792	0.887837	0.887815	0.39706	0.640221	0.39706	2.13726	2.47179	4.31603	1.38669	2.07754	1.43138	1.13693	0.732139	0.177577	0	0.502238	0.502238	0	0.177577	0.397077	0.397077	0.251137	0.397077	0.397077	0.177577	0.177577	0.251137	0.177577	0.39706	0.532716	0.502264	0.732139	0.905403	0.753373	0.753373	0.905403	0.905403	0.640253	0.532716	0.251137	1.29254	1.43138	1.35216	1.63675
0	0	0	0	0.502185	0.502185	0.397018	0.251111	1.25529	0.956076	0.53266	0.397018	0	0	0	0	0.502185	0.397018	0.561462	0.251111	0.561462	0.561462	0.53266	0.502212	0.355112	0	0.355112	0.53266	0.177558	0.397018	0.561462	0.251111	0.177558	0.177558	0.177558	0.502185	0.177558	0.177558	0.502185	0.177558	0.397018	0	0	0.397018	0.53266	0.53266	0.177558	0	0.502185	0.397018	0.561462	0.251097	0.561462	0.177558	0.355112	0.502212	0.640154	0.251111	0.397018	0.397018	0.251111	0.177558	0.397018	0.251111	0.251097	0.177558	0.177558	0.397018	0.177558	0.397018	0.177558	0.561462	0.397035	0.502212	0.355112	0.355112	0.53266	0.397018	0	0.177558	0.251111	0.251111	0.397035	0.355112	0.502185	0.177558	0.177558	0	0.177558	0.561462	0.251097	0.561462	0.397018	0.397018	0.561462	0.53266	0.502212	0.177558	0.397035	0.355112	0.177558	0.251111	0.251111	0.397018	0.502185	0	0.397018	0.251111	0.53266	0.732062	0.887721	0.53266	0.887699	0.355112	0.732062	0.397035	0.177558	0.397018	0.502185	0.397018	0.397035	0.397035	0.640154	0.177558	0.561462	0.177558	0.177558	0.397018	0.397018	0.251111	0.397035	0.956076	0.397018	0.793998	0.53266	0.251097	0.753254	0.956076	0.355112	1.38647	0.561462	0.397035	0.397035	0.251097	0.397035	0.710198	0.355112	1.00429	2.38736	0.732044	1.28021	0.95611	0.561462	1.24271	1.29244	1.25529	0.640185	0.887721	1.43122	0.710198	0.53266	0.753293	0.753293	0.753293	0.397035	0.732044	1.03525	1.60745	1.43123	1.07993	0.53266	0.397018	0.177558	0.710198	0.355112	0	0.177558	0.732044	1.43119	0.561462	0.956076	0.710198	0.53266	0.397018	0.397018	0.397035	0.956076	0.887699	0.502185	0.397018	0.956076	1.58769	0.732044	0.397018	0	0.177558	0.397035	0.710198	0.793998	0.355112	0.397035	0.251111	0.56148	0.90529	0.753254	3.02083	3.51991	0.397035	2.27261	0.53266	2.61974	1.60743	1.03525	0.561462	0.56148	1.03525	1.52709	1.60743	3.51991	3.79427	0.561462	1.88674	1.00429	0	0	0	0	0.502185	0.397018	0.251111	0.251111	0.397035	0.502212	0.502212	0.502212	0.502212	0.640185	0.887744	1.00435	1.00435	0.95611	0.732062	0.640185	0.732062	0.53266	0.56148	1.03525	1.35202	1.35202	1.38654	1.67465	1.75723	1.78387	1.24271	1.07993	1.24271
0.397	0.177542	0	0	0.502141	0.396983	0.397	0.397	0.640098	0.956027	1.00426	0.397	0	0	0	0.177542	0.396983	0.251089	0.532613	0.177542	0.502141	0.396983	0.397	0.502168	0.397	0.251089	0.397	0.397	0.355081	0.397	0.532613	0.177542	0.396983	0.355081	0.396983	0.502141	0.251075	0.251075	0.396983	0.355081	0.177542	0	0.177542	0.355081	0	0.177542	0.251075	0.177542	0.251075	0.355081	0.640098	0.177542	0.561413	0.355081	0.177542	0.177542	0	0.177542	0.177542	0.355081	0.251089	0.355081	0.397	0.397	0.251089	0.532613	0.397	0.355081	0.355081	0.355081	0.532613	0.532613	0.177542	0.355081	0.397	0.396983	0.397	0.355081	0.397	0.561431	0.502168	0.397	0.177542	0	0.502141	0.251075	0.251075	0.177542	0.355081	0.396983	0	0.396983	0.355081	0.355081	0.561413	0.397	0.502168	0.640098	0.532613	0.397	0.396983	0.177542	0.397	0.397	0.532613	0.502168	0.177542	0.561431	0.887666	0.956027	1.06513	0.640129	0.561413	0.355081	0.561431	0.640098	0.177542	0.177542	0.396983	0.251075	0.396983	0.397	0.955992	0.396983	0.502141	0.251075	0.251075	0.251075	0.177542	0.397	0.397	0.502141	0.397	0.955992	0.177542	0.502141	0.396983	0.731998	1.00426	0.90521	0.396983	0.177542	0.251075	0.177542	0.532613	0.532613	0.251075	0.640098	2.07714	1.98416	0.532613	0.793929	0.561413	0.532613	0.640129	0.561431	1.19085	0.731998	1.00421	0.251089	0.793929	0.561431	0.753227	0.561431	0.355081	0.177542	0.177542	0.640098	0.905229	0.905229	0.561413	0.251075	0.396983	0.640098	0.793929	0.397	0.177542	0.753188	1.13665	0.640098	0.532613	0.905229	0.397	0.177542	0.397	1.07983	1.29233	0.561431	0.396983	0	0.710135	1.6364	1.25521	0.397	0.397	0.561431	0.731998	0.905229	0.397	0.177542	0.397	0.793962	1.12275	0.793962	0.355081	3.27009	3.68923	1.46376	1.60729	1.58755	1.98416	0.793929	0.731998	0.640129	0.502168	0.397	0.177542	0.956027	4.54117	3.19733	0.905229	1.74802	1.12272	0.502168	0.502168	0.502168	0.397	0.532613	0.753227	1.00426	1.00426	1.03516	1.00426	1.00426	1.00426	1.00426	1.19085	1.58762	1.88667	2.0079	2.02351	2.02351	2.02351	2.02351	2.02351	2.38067	3.01551	3.29892	3.15794	3.15794	3.63807	4.13768	3.76927	2.90949	2.61962	2.46504
0.355047	0.355047	0.177525	0	0.502088	0.396942	0.396965	0.396965	0.396965	0.95594	1.3863	1.46362	0.73193	0.177525	0.177525	0.532562	0.251067	0.396942	0.177525	0.396942	0.561356	0.355047	0.251067	0.251067	0.177525	0.177525	0.177525	0	0.251067	0.502124	0.251067	0.177525	0.532562	0.56138	0.355047	0.396942	0.355047	0.177525	0.177525	0.177525	0.177525	0.251067	0.177525	0.251049	0.251049	0.177525	0.396965	0.396965	0.177525	0.561356	0.90512	0.251067	0.396942	0.355047	0.396942	0.251049	0.177525	0.355047	0.251049	0.355047	0.177525	0.251049	0	0.251067	0.793891	0.95594	0.56138	0.177525	0.251049	0.251049	0.640031	0.355047	0.251049	0.532562	0.396965	0.793847	0.396965	0.56138	0.396965	0.177525	0.177525	0.396942	0.177525	0.251049	0.396942	0.251067	0.56138	0.56138	0.396965	0	0.251067	0.177525	0.251049	0.251049	0.396942	0.251049	0.396965	0.793847	0.502088	0.177525	0.561356	0.502088	0.532562	0.396965	0.355047	0.251067	0.640031	0.502088	0	0.396942	0.793847	0.251049	0.355047	0.561356	0.355047	0.887528	0.177525	0.396965	0.396965	0.355047	0.532562	0.355047	0.793847	0.710067	0.710067	0.56138	0.251067	0.177525	0.251067	0.177525	0.355047	0.640073	0.753161	0.355047	0.396965	0.355047	0.177525	0.73193	1.13661	0.887588	0.396965	0.396965	0.177525	0.502124	0.90512	0.355047	0.731906	0.56138	1.2799	1.91126	1.68371	0.73193	0.640031	0.710067	0.793891	1.1226	0.887588	0.905145	0.355047	0.56138	0.396942	0.793891	1.00417	0.640073	0.177525	0	0.56138	1.3863	1.88651	1.63632	0.73193	0.396942	0.177525	1.07971	0.731906	0.396942	0.177525	0.640031	0.90512	1.07973	0.793891	0.532562	0.731906	0.640073	0.887588	1.06503	0.355047	0.251049	0.251049	0.177525	0.177525	0.955894	1.46357	0.640073	0.56138	0.56138	0.532562	0.251049	0.177525	0.251067	0.396942	0.90512	0.56138	0.251067	0.251067	3.76035	4.47131	1.96008	0.731906	2.22321	0.532562	1.03506	0.396965	0.177525	0.73193	1.52682	2.66106	3.98306	4.43282	1.96006	0.793891	1.63624	1.07971	0.502124	0.502124	0.502124	0.56138	0.753161	1.35178	1.63632	1.88651	2.02333	2.13678	2.52157	2.88756	3.01005	3.05148	3.25553	3.40626	3.51056	3.65495	3.90368	4.01833	4.15242	4.40113	4.61942	4.67988	4.67656	4.76588	4.78549	4.92374	5.14677	5.26355	4.89832	4.01833	3.40626
0.355013	0.177508	0.251027	0.177508	0.561323	0.887473	0.532511	0.25104	0.396907	0.905036	0.502071	1.07961	1.1225	0.396907	0.251027	0.502044	0.251027	0.502044	0	0.396907	0.561305	0.396907	0	0	0	0.396907	0.396924	0.640006	0.640006	0.355013	0.251027	0.177508	0.396924	0.561323	0.355013	0.251027	0.396907	0.177508	0	0	0.251027	0	0	0.177508	0.355013	0.355013	0.25104	0.177508	0.25104	0.905036	0.396907	0.532511	0.396924	0.355013	0.561305	0.355013	0.25104	0.177508	0.709999	0.25104	0.396907	0.355013	0.177508	0.396907	0.396907	0.177508	0.396907	0.177508	0.177508	0.25104	0.731838	0.177508	0.502044	0.25104	0.502071	0.561305	0.251027	0.177508	0.731856	1.00406	0.905054	0.532511	0.177508	0.502044	0.177508	0.532511	0.561323	0.561323	0.502071	0.561305	0.177508	0.177508	0.177508	0.355013	0.396907	0.502044	0.251027	0.396907	0.561305	0.25104	0.561305	0.639975	0.396907	0.355013	0.177508	0	0.639975	0.532511	0.502071	0.396924	0.793776	0.561305	0.396907	0.396907	0.177508	0.532511	0.640006	0.396924	0.177508	0.177508	0.177508	0.709999	0	0.709999	0.355013	0.251027	0.251027	0.177508	0.177508	0.177508	0.396907	0.177508	0.177508	0.251027	0.177508	0.177508	0.177508	0.731838	0.561305	0.355013	0.396924	0.355013	0.561305	0.502044	1.03491	0.502044	0.88745	0.905036	1.41978	0.709999	0.639975	0.88745	0.905036	0.355013	0	1.13643	0.709999	1.24237	1.03496	1.12254	0.731838	0.25104	0.251027	0.793776	0.561323	0.251027	0.793776	0.532511	0.396924	0.251027	0.955808	0.793776	0.251027	1.00401	0.177508	0.396907	0.251027	0.396907	0.532511	0.793809	1.27985	1.38615	1.12254	0.640006	0.25104	0.502071	1.00406	0.561323	0.396907	0.177508	0	0.502044	1.25494	0.251027	0.561305	0.731856	0.502071	0.177508	0.355013	0.561323	0.955808	1.03491	0.177508	0	0	4.53682	5.55347	0.396924	2.53985	1.25497	0.561305	0.25104	0.532511	0.640006	1.1225	1.58725	1.95989	2.6666	2.50873	1.29208	1.13649	1.41978	1.06493	1.03496	1.52666	2.16579	3.02014	3.7934	4.22666	4.53705	4.89781	5.01427	5.28073	5.80294	6.13845	6.50383	6.76508	6.67994	6.38606	6.25112	6.13845	5.89064	5.75993	5.64266	5.52847	5.45193	5.10669	4.67607	5.64541	8.22361	8.24225	5.40316	3.63738	4.04121	4.26718	4.13689
0.396866	0.177491	0.354979	0.354979	0.731789	1.43073	1.74759	1.19051	1.0795	0.90497	1.13639	0.955756	1.0348	0.396866	0.354979	0.639908	0.251001	0.639908	0.251018	0.354979	0.532459	0.70993	0.396888	0.251018	0.396888	0.532459	0.177491	0.251001	0	0.396866	0.354979	0	0.396888	0.561272	0.354979	0.561248	0.532459	0.396866	0	0	0.177491	0.251018	0.177491	0	0.177491	0.396888	0.396888	0	0.354979	0.396866	0.639949	0.561272	0.177491	0.251001	0.396866	0.354979	0.177491	0.501992	0.396866	0.532459	0.70993	0.639949	0.793738	0.396888	0.251018	0.502027	0.396888	0	0.561272	0.793738	0.396888	0.354979	0.532459	0.177491	0	0.177491	0.396888	0.639949	0.887387	0.502027	0.887387	0.502027	0.251018	0.561248	0.251018	0.731765	0.561272	0.396888	0.177491	0.639908	0.396888	0.561272	0.396888	0.396866	0.501992	0.396866	0.396888	0.561272	0.70993	0.502027	0.532459	0.251001	0.396888	0.396888	0.177491	0	0.501992	0.396866	0.177491	0.354979	0.561248	0.354979	0.532459	0	0.396888	0.354979	0.177491	0.251001	0.532459	0.396888	0.639908	0.501992	0.639908	0.532459	0.354979	0.251018	0.396888	0	0.354979	0	0.396866	0.251001	0.396866	0	0.396888	0.639949	0.731789	0	0.904946	0.396888	0.354979	0.396866	0.501992	0.752963	0.887357	0.793694	0.887357	1.0348	1.0795	0.532459	0.396866	1.0795	0.561272	0.354979	0.354979	1.13631	0.731765	0.561248	0.251018	0.887387	1.5161	0.501992	0.70993	0.561248	0.955756	0.251018	0.501992	0.502027	0.793738	0.561272	0.501992	1.0348	0.177491	0.887357	0.251018	0.177491	0.177491	0.396888	0.561248	0.177491	0.561248	0.753016	0.396888	0.177491	0.70993	0.90497	0.639949	0.904946	0.731765	0	0.177491	0.396866	1.07952	1.75659	2.3062	2.31302	2.1656	1.91921	1.52653	1.27974	1.60685	1.60682	0.70993	0.177491	0	5.39368	5.1333	2.41267	2.02284	0.251001	0.251001	0.177491	0.177491	0.354979	1.38594	2.80406	1.63592	1.82671	2.37986	2.02291	2.5582	3.17191	3.64994	4.07939	4.57095	5.40268	6.37334	6.92481	6.92481	6.65151	6.25554	5.87958	6.08459	6.76219	7.55317	8.12729	7.49179	6.1278	5.51108	5.63114	5.89013	5.75403	5.01383	4.25947	3.90293	3.4056	2.52109	1.77441	3.06103	4.55361	3.19154	3.72618	1.35152	2.27189	3.26934	3.63706
0.561197	0.532408	0.532408	0.177474	0.887279	0.561215	1.0794	0.955623	0.904862	0.887324	0.887324	0.561215	0.639851	0.177474	0.39683	0.887279	0.39683	0.887279	0.250992	0.39683	0.177474	0.561197	0.39683	0	0.39683	0.177474	0.354944	0.639882	0.561215	0.177474	0.532408	0.39683	0.39683	0.532408	0.354944	0.887279	0.177474	0.501948	0	0	0	0	0.177474	0.250992	0.250979	0.250992	0.39683	0.39683	0.177474	0.354944	0.396847	0.250979	0.532408	0.532408	0.39683	0.177474	0.39683	0.354944	0.532408	0.561197	0.561197	0.250992	0.396847	0.532408	0.39683	0	0	0.39683	0.561197	0.177474	0.39683	0.561197	0.177474	0	0	0	0	0.39683	0.250979	0.250992	0.250979	0.39683	0	0.501948	0	0.887279	0.532408	0.354944	0.39683	0.250979	0.250992	0.177474	0.39683	0.561197	0.250979	0.39683	0	0.177474	0.561197	0.250992	0.177474	0	0	0	0.177474	0.250992	0.561197	0.561197	0.39683	0.501948	0.177474	0.250992	0.177474	0.39683	0.532408	0.709862	0.532408	0.561197	0.561197	0.39683	0.639851	0.561197	0.639851	0.177474	0.561197	0.39683	0	0.39683	0.177474	0.39683	0.752897	0.177474	0.501948	0.39683	0.177474	0.354944	0.793656	1.06472	0.39683	0.396847	0.396847	0.561197	0.904862	0.887302	0.955623	0.731697	0.731697	0.39683	0.887302	1.0794	0.639882	0.90488	0.731697	0	0.501948	0.793623	0.709862	0.396847	0.39683	0.639851	1.03471	1.25472	0.561215	1.24213	1.38589	1.25472	0.39683	0.39683	0.396847	0.709862	0.396847	0.752897	0.250992	0.639851	0.354944	0.501974	0.354944	0	0.887279	0.532408	1.27954	0	0.793623	0.396847	0.639851	0.501948	0.177474	0.731697	0.955623	0.39683	0.39683	0.177474	1.46319	2.16537	2.14347	1.82663	1.82663	1.68321	1.03476	0.955658	1.41951	1.91072	0.955623	0.39683	0	5.63026	4.07877	2.53933	0.501948	0.354944	0	0.177474	0.250992	0.39683	1.50553	3.38661	1.43052	1.58694	2.95108	2.02265	1.98345	2.88666	3.1962	3.17158	3.17158	3.65381	3.87026	3.64956	3.44187	3.01956	2.52082	2.25777	2.75306	3.58454	4.25898	4.18122	3.70068	2.24378	1.67385	1.91901	2.37975	2.41255	2.19419	1.43058	1.13627	0.793656	0.639851	0.250992	2.30588	4.09034	3.78848	3.02981	1.58694	1.43056	1.63581	1.43058
0.250952	0.396789	0.396789	0.25097	0.887186	0.501895	0.887186	0.955526	0.731624	0.250952	0.25097	0.396789	0.396789	0.25097	0.56114	0.904771	0.561163	0.639784	0.396812	0.396789	0	0.35491	0.793585	0.887246	0.396812	0.177457	0.56114	0.177457	0.639784	0.250952	0.56114	0.396789	0.396789	0.561163	0.731648	0.793541	0.177457	0.904771	0.887246	0.793585	0.396812	0.396812	0.396812	0.177457	0.396789	0.25097	0.56114	0.56114	0.250952	0.56114	0.177457	0.396789	0.532357	0.709793	0.532357	0.177457	0.396789	0.25097	0.250952	0.56114	0.396789	0	0	0.396789	0.532357	0.50193	0.50193	0.532357	0.250952	0.396812	0.709793	0.532357	0.177457	0	0.177457	0.25097	0.25097	0.532357	0.396812	0.25097	0.25097	0.396789	0	0.396789	0.25097	0.752818	0.532357	0.532357	0.56114	0.396812	0.50193	0.396812	0.250952	0.532357	0.50193	0.731648	0.639826	0.396812	0.56114	0.250952	0.396812	0.50193	0.396812	0.177457	0	0	0.501895	0.396789	0.56114	0.396789	0.177457	0.396812	0.396812	0.250952	0.532357	0.532357	0.396789	0.501895	0.639784	0.56114	0.752818	0.532357	0.731624	0.177457	0.396789	0.532357	0.50193	0.532357	0.25097	0.561163	1.07929	0.50193	0.709793	0.532357	0.396812	0.532357	0.177457	1.00371	0.177457	0.177457	0	0.35491	0.501895	0.793585	1.06462	0.709793	0.709793	0.501895	0.887216	0.731624	0.177457	0.56114	0.955526	0.50193	0.35491	0.396789	0.56114	0.250952	0.56114	0.250952	0.56114	0.752818	0.25097	1.25457	0.25097	1.38567	0.501895	0.35491	0.396812	0.250952	0.250952	0.532357	0.396812	0.56114	0.56114	0.25097	0.731624	0.639826	0.904771	0.250952	1.25457	0.177457	0.887186	0.250952	0.396789	0.35491	0.396812	0.250952	0.904771	0.955572	0.396812	1.4304	1.95128	1.03467	0.561163	0.396789	0.35491	1.06462	1.07932	0.731648	1.07929	1.9593	2.22249	2.55771	2.50811	4.43804	2.85895	1.80909	0.396812	0.396789	0.639826	0.752871	0.887246	0.50193	3.7002	6.88747	6.72651	6.90784	6.88764	6.48052	6.42536	5.64383	4.37449	2.63632	0.35491	2.13587	2.66583	2.07622	2.38615	2.88645	2.76991	2.50811	3.09622	4.3133	5.39008	5.41605	4.67473	3.01408	2.41234	2.55771	2.77555	2.38615	1.63566	0.561163	0.177457	0.501895	0.731624	1.8521	1.91061	1.00371	1.63566	4.57007	3.25911	0.904796	0.887186	0.501895
0.396771	0.396771	0.250943	0.17744	0.79347	0.561089	0.709725	1.07921	1.29155	0.639728	0	0.17744	0.354876	0.250943	0.396754	0.354876	0.354876	0.396771	0.793503	0.501877	0.17744	0.17744	0.396771	0.532306	0.396754	0.17744	0.532306	0.731574	0.887131	0.354876	0.396754	0.501877	0.887153	0.887153	0.501877	0.17744	0.731574	1.07919	0.396771	0.561089	0.396771	0.561106	0.532306	0.501851	0.17744	0.17744	0.561089	0.396754	0.639728	0.396754	0.25093	0.17744	0.396771	0.354876	0.250943	0.396771	0.354876	0.17744	0.354876	0.709725	0.396771	0.17744	0	0.17744	0.396771	0.639759	0.887153	0.752792	0.396754	0.354876	0.396754	0.17744	0.532306	0.501877	0.532306	0.17744	0	0.17744	0.354876	0.396771	0.396771	0	0.17744	0.17744	0.250943	0.25093	0.396771	0.561106	0.532306	0.17744	0	0.25093	0.17744	0.396771	0.501877	0.561106	0.532306	0.354876	0.561089	0.639728	0.396754	0.396771	0.532306	0.354876	0.250943	0.17744	0.396754	0.396771	0.532306	0.354876	0.709725	0.793503	0.731574	0.354876	0.17744	0.17744	0.17744	0.561089	0.501851	0.396754	1.00362	0.396771	1.06452	0.731574	0.250943	0.250943	0.501877	0.250943	0	0.532306	0.709725	0.17744	0.354876	0.250943	0.250943	0.639759	0.793503	1.07919	0.396771	0.501851	0.17744	0.354876	0.354876	0.17744	0.25093	0.561089	0.25093	1.03451	0.79347	0.396771	0.250943	0.79347	0.396754	0.731574	0.793503	0.250943	0.396754	0.561106	0.904706	0.561106	0.17744	0.793503	0.793503	0.396754	0.752792	0.955439	0.639728	0.17744	0.396754	0.250943	0.639728	0.250943	0.561089	0.501851	0.354876	0.501877	0.904687	0.561106	0.354876	0.17744	0.887108	0.25093	0.887108	0.561089	0	0.250943	0.396754	0.17744	0.561106	0.887153	1.29155	2.41196	1.60636	0.793503	0.501877	0.250943	0	0.396771	1.07921	0.639759	0.709725	1.4303	2.02234	2.16496	2.65976	2.65969	1.13599	0.887131	0.396771	1.13599	0.709725	0.887153	0.532306	3.7252	9.15001	10.0847	7.92422	7.06181	5.79267	4.93079	4.51458	3.40459	1.67353	1.67345	2.06834	1.74708	3.14114	3.54437	3.76709	3.50884	2.90781	2.50785	3.13619	4.42729	5.69533	6.40299	5.50945	3.79194	2.90781	2.80341	3.04999	2.85883	1.67353	1.00368	0.887131	0.250943	1.74708	3.93365	5.46383	12.1406	13.5208	7.25544	8.69226	2.48894	0.639728	0.396754
0.396736	0.501833	0.532259	0.396719	0.887031	0.56104	0.396736	0.709663	1.77364	0.639672	0.250921	0.250921	0.532259	0.501833	0.396736	0.250921	0.56104	0.56104	0.396736	0.532259	0.396719	0.177424	0.396736	0.709663	0.354845	0.354845	0.639703	0.904626	0.561057	0.56104	0.396736	0.73151	0.752726	0.731492	0.396719	0.532259	0.709663	0.396719	0.561057	0.561057	0.250908	0.177424	0.501807	0.887031	0.250921	0.396719	0.501807	0.177424	0.639672	0.177424	0.177424	0	0	0.354845	0.73151	0.561057	0.396719	0.396719	0.56104	0.56104	0.250921	0.396719	0	0	0	0.396719	0.532259	0.532259	0.887031	0.177424	0.396736	0.501833	0.709663	0.501833	0.709663	0.532259	0.250921	0.250921	0.177424	0.396719	0.396719	0.396719	0.396719	0	0	0	0	0.396719	0.177424	0.354845	0.501833	0.396736	0.177424	0	0	0.396719	0.56104	0.177424	0.501807	0.639672	0.56104	0.396719	0.501807	0.177424	0.250921	0.396719	0.177424	0.250921	0.177424	0.396719	0.955356	0.396736	0.56104	0.56104	0.250921	0.250921	0.250921	0.56104	0.177424	0.396736	0.752686	0.752686	0.731492	0.709663	0.532259	0.396719	0	0.396719	0.250921	0.887031	0.177424	0.532259	0.354845	0.396719	0.887053	1.00359	0.887075	0.887053	0.354845	0.887031	0.396719	0.501807	0.354845	0.639703	0.752726	0.904626	0.561057	0.56104	1.07911	0.793434	0.639672	1.35095	0.561057	1.13589	0.709663	0.532259	0.177424	0.709663	1.12201	1.12197	0.731492	0.752726	0.904608	0.639672	0.501833	0.354845	0.887031	0.639672	0.709663	0.354845	0.639672	0.396719	0.887031	0.56104	0.250908	0.250921	0.639672	0.177424	0.250921	0.177424	0.887031	0.177424	1.27918	0.354845	0.396719	0.250908	0.56104	0.177424	0	0	1.27918	3.04957	1.43011	0.56104	0.250908	0.396719	0.354845	0.532259	0.250908	0.752686	0.177424	0.396719	0.639672	0.396736	1.13589	1.0791	0.639703	0.532259	0.250908	1.52587	0.887031	0.396719	1.82604	7.37263	9.30072	5.79197	1.60624	0.250921	0.752726	2.1355	2.50758	2.5387	3.09561	2.58163	1.91018	0.354845	1.12201	1.63537	1.3855	0.887053	0.887031	0	0.7934	0.501833	0.639703	1.03447	1.78251	1.63531	0.904608	0.56104	0.396736	1.43011	1.03442	0.561057	1.35095	1.03442	2.36577	3.14078	15.0481	16.7491	24.2144	15.4255	10.6685	4.52436	0.501807	0.177424
0.177406	0	0.396677	0.639605	0.886937	0.560998	0.752647	0.731433	1.63512	0.532203	0.501781	0.396694	0.250882	0.250895	0.177406	0	0.396677	0.560981	0.177406	0.501754	0.501754	0	0	0.396677	0.250895	0.396677	0.177406	0.396677	0.177406	0.250882	0.250895	0.177406	0.501781	0.793317	0.501754	0.396677	0.560981	0.396694	0.709588	0.354808	0.501754	0.177406	0.731415	0.955255	0.177406	0.639605	0.560981	0.177406	0.501754	0	0	0.177406	0.250895	0.560981	0.532203	0.532203	0.560981	0.560981	0.560981	0.396677	0.177406	0.250882	0.396694	0.354808	0.177406	0.560981	0.532203	0.709588	0.955255	0.250895	0.177406	0	0.354808	0.396694	0.250882	0.532203	0.396694	0.250895	0.396694	0.731433	0.731433	0.354808	0.396677	0.396694	0.396694	0.177406	0	0.354808	0.501781	0.532203	0.250895	0.177406	0	0.177406	0.396694	0.532203	0.396677	0	0.501754	0.501754	0.501754	0.396677	0.560981	0.250895	0.396694	0.709588	0.396694	0.177406	0.177406	0.560981	0.886937	0	0.501754	0.396677	0.250895	0.177406	0.177406	0.560998	0.731433	0.396694	0.396677	0.793317	0.354808	0.396677	0.639605	0.639605	0.177406	0.639605	0.177406	1.00343	0.177406	0.639605	0.396694	0.731433	0.955255	0.250895	0.250895	0.396677	0.501754	0.886937	0.396677	0.501754	0	0	0.177406	0.532203	0.793317	0	0.955255	0.904531	0.731415	1.18988	0.731433	1.00343	0.532203	0.250882	0.396694	1.06431	0.639636	1.38528	1.00343	0.354808	1.12185	0.955255	0.250895	0.177406	0.793317	0.793317	0.354808	0.88696	0.904531	0.731433	1.12185	0	0.731433	0.560998	0.560981	0.177406	0.354808	0.639636	1.07898	0.501781	1.67313	0.177406	0.396677	0.560981	0.396677	0.177406	0.396694	0.396694	0.752607	2.80273	1.82585	0.396677	0.396677	0.250882	0.532203	0.532203	0.177406	0.793317	0.396694	0.177406	0.955255	0.250895	1.35081	1.2913	0.354808	0.396677	0.532203	1.27905	1.00343	1.12189	5.4941	9.25555	7.20922	2.55683	1.13583	2.14265	2.02195	2.07561	2.70022	2.37884	1.46259	0.396677	1.03431	0.886937	0.95529	1.38535	1.5864	1.78234	1.63514	0.501754	1.06431	0.886982	0.639636	0.396694	1.67313	1.90998	1.41896	1.12189	1.00348	1.46259	0.955255	0.532203	1.27905	1.38528	2.02187	3.01833	15.4517	15.388	24.4941	16.5004	11.2046	4.44033	0.560981	0.396694
0.532156	0.17739	0.25086	0.752541	0.560932	0.63958	0.752581	0.63958	0.88686	0.354777	0.250873	0.354777	0.17739	0	0.25086	0	0.250873	0.731369	0.731369	0.354777	0.396643	0.17739	0.17739	0.354777	0.250873	0.354777	0.396643	0.250873	0.560949	0.396643	0.17739	0.560932	0.396659	0.396643	0.50171	0.17739	0.532156	0.560949	0.532156	0.639549	0.396643	0.532156	0.904434	0.731351	0.396643	0.752541	0.354777	0.396659	0.25086	0.17739	0.17739	0.532156	0.501737	0.709526	0.560949	0.560949	0.886882	0.904452	0.560949	0.17739	0.17739	0.250873	0.17739	0.396643	0.354777	0.25086	0.396659	0.532156	0.639549	0	0.396643	0.17739	0.17739	0.396643	0.17739	0.396659	0.560949	0.501737	0.396659	0.354777	0.17739	0	0.250873	0.560949	0.532156	0.396659	0.63958	0.752581	0.752581	0.501737	0.17739	0.25086	0.17739	0.532156	0.560949	0.396659	0	0.396659	0.709526	0.793247	0.50171	0.250873	0.886882	1.03427	1.279	1.03427	0.709526	0.354777	0.532156	0.532156	0.639549	0.17739	0.560932	0.354777	0.250873	0.396643	0.396643	0.560949	0.63958	0.560932	0.17739	0.560932	0.25086	0.396659	0.955172	0.88686	0.25086	0.752541	0.25086	1.00334	0.25086	0.88686	0.709526	0.63958	0.560932	0	0.17739	0.501737	0.250873	0.731369	0.752581	0.532156	0.17739	0.354777	0.63958	0.396659	0.731351	0.886904	1.60591	1.12179	0.752581	0.17739	0.793281	0.396659	0.25086	0.17739	0.396643	0.396643	0.396643	1.25411	0.793247	0.886882	1.07889	0.731351	0.396659	0.560949	0.17739	0.17739	0.793281	1.25415	1.12179	0.63958	1.03422	0.752541	0.354777	0.752541	0.25086	0.501737	1.07891	1.03427	0.904452	0.501737	1.74652	0.709526	0.17739	0.50171	0.25086	0.396643	0.532156	0.560949	0.354777	1.98245	2.46919	0.354777	0.17739	0.354777	0.532156	0.17739	0.560949	0.17739	0.396659	0.560932	0.752541	0.354777	1.12179	1.95857	1.12176	0.250873	0.886904	1.07891	1.12179	5.87608	10.3752	10.2334	5.1063	0.25086	2.24272	2.63528	2.38523	2.46293	2.88534	2.80262	1.63506	0.752581	0.793247	1.67298	1.77334	1.63506	1.58626	1.98251	2.48822	1.80842	0.532156	1.279	1.12179	0.886904	2.1931	2.36531	1.25415	0.731369	0.63958	1.07889	0.731351	0.396659	0.793247	1.03422	1.5049	3.34328	6.95608	12.5727	18.286	7.79278	9.58971	2.19316	0.560949	1.12179
0.396602	0.250834	0.396602	0.793165	0.177373	0.396602	0.250851	0.250851	0.250834	0.396624	0.354742	0.396602	0.177373	0.177373	0	0.250851	0	0.354742	0.396602	0	0.177373	0.396624	0.560898	0.396624	0.177373	0.250834	0.396602	0.354742	0.177373	0.639482	0.354742	0.396602	0.396624	0.501658	0.396602	0	0.177373	0.177373	0.177373	0.501658	0.501693	0.731302	0.560875	0.396602	0.731278	0.560875	0.354742	0.396624	0.177373	0.250834	0.396602	0.560875	0.177373	0.639482	0.354742	0.501658	0.793165	0.396602	0	0	0.177373	0.250851	0.250851	0.177373	0.177373	0.177373	0	0.177373	0.532105	0.501693	0.532105	0.354742	0.396624	0.532105	0.177373	0	0.177373	0.250851	0.177373	0.396602	0.396624	0.396624	0.354742	0.354742	0.396602	0	0.250834	0.177373	0.177373	0.250834	0.396602	0.354742	0.532105	0.532105	0	0.396624	0.396624	0.177373	0.396602	1.03411	0.560875	0.354742	0.955074	0.886797	0.639523	0.501693	0.955074	0.396602	0.396602	0.354742	0.560875	0.354742	0.396602	0.250834	0	0.501658	0.396602	0.532105	0.396624	0.955074	0.501693	0.793165	0.501658	0.177373	0.955074	1.12164	0.177373	0.731278	0.177373	0.955074	0.560898	0.955074	0.639482	0	0.250851	0.79321	1.18972	1.00331	0.955074	0.532105	0.731302	0.250834	0.177373	0.532105	0.354742	0.501658	0.396624	0.501693	0.731278	1.06412	0.396624	1.25401	1.42978	1.42978	1.12169	0.731302	0.709458	0.560875	0.396602	1.13556	0.354742	0.904344	0.731278	0.396602	0.250834	0.177373	0.354742	0.354742	0.250834	0.731278	0.731278	0.904344	1.07878	0.396602	0.95512	0.709458	0.532105	0.95512	0.731302	0.177373	0.177373	0.560898	1.18965	0.639482	0.250851	0.532105	0.560898	0.709458	0.709458	0.560898	0.354742	0.904344	2.6996	1.35055	0.177373	0.250834	1.07878	1.2911	0.886826	0.560875	0.177373	0.709458	1.07878	0.886767	0.396624	2.25635	1.90962	0.886826	1.25403	1.42969	6.53434	9.71919	9.66288	6.53672	2.7113	2.88489	0.731278	1.18972	2.16416	2.16416	1.82561	0.639523	0.731278	0.752515	0.79321	1.6348	2.27022	0.639523	0.793165	0.886767	1.8255	2.07515	1.91781	0.501693	1.18965	0.354742	2.8631	2.48798	0.79321	0.177373	0.354742	0.731302	1.18972	1.25406	1.42978	1.68226	1.63488	1.52551	0.709458	2.4112	7.27372	3.80289	5.49019	0.904368	0.752515	0.886797
0.177356	0.396583	0.532054	0.639426	0.177356	0.73121	0.50164	0.396583	0.250812	0.250825	0.752397	0.560823	0.177356	0.250812	0.250812	0.177356	0.709389	0.955022	0.886734	0.560841	0.250825	0.396583	0.250825	0.354708	0.560841	0.396583	0.177356	0.250825	0.50164	0	0.396583	0.177356	0.177356	0.639426	0.250812	0.177356	0.250825	0.177356	0	0.250825	0.731229	0.639457	0.396583	0	0.793095	0.177356	0.501614	0.177356	0.396583	0.396583	0.396566	0.501614	0.396566	0.793095	0.177356	0.752397	0.752397	0.177356	0.250825	0.396583	0.731229	0.560841	0.177356	0.177356	0.250825	0	0.250825	0.177356	0.177356	0.250825	0	0.354708	0.250812	0.354708	0.177356	0.177356	0.250825	0.177356	0.177356	0.560823	0.354708	0.177356	0.250825	0.560841	0.250825	0.177356	0.50164	0.639457	0.532054	0.177356	0.396566	0.354708	0.639426	0.177356	0.532054	0.560841	0.354708	0.354708	0.396583	0.886689	0.501614	0.396566	1.03402	0.501614	0.177356	0.532054	1.29094	0.886689	0.354708	0.396566	0.396566	0.396583	0.250825	0.177356	0.177356	0.501614	0.250812	0.177356	0.396583	1.12154	0.396583	1.03402	0.560841	0.886734	0.731229	0.752397	0.560823	0.73121	0.532054	0.73121	0.639457	0.709389	0.177356	0.639457	0.639457	0.709389	0.354708	0.560823	0.752397	0.886711	0.731229	0.90426	0.793095	0.250825	0.793128	0.793128	0.177356	0.886711	1.13552	1.60562	1.38496	1.95017	1.1896	1.06402	0.90426	0.793128	0.793128	0.90426	0.560841	0.639426	0.177356	0.560823	0.73121	0.396566	0.177356	0.250825	0.177356	0.177356	0.560841	0.955022	1.29097	1.25391	0.354708	0.886711	0.639457	0.90426	0.955022	0	0.793128	1.27875	1.38496	0.752436	0.955022	2.16393	1.63472	0.532054	0.50164	1.42961	1.74625	1.77304	1.91773	1.88469	2.36486	1.58589	0.354708	0.250812	1.42956	0.560823	0.793095	0.73121	0	0.354708	0.886689	1.13546	0.396583	3.40742	2.68191	1.29097	0.793128	7.61407	11.5518	9.0051	6.01059	1.85098	3.16934	2.88464	1.1896	2.07503	2.61687	2.76831	2.77396	2.4688	1.77304	1.29097	0.560823	1.13546	2.51902	0.560841	1.29094	1.2413	1.63468	1.42956	2.16383	0.709389	1.03402	1.0787	3.25226	1.27869	1.51495	0.886734	0.731229	0.50164	0.560823	0.177356	0.177356	1.03407	1.03407	0.177356	0.354708	1.51501	4.30717	4.4252	2.75123	1.27875	1.1896	0.396583
0.396548	0.501596	0.396548	0.177339	0.731161	0.709321	0.250803	0.354674	0.532003	0.793057	1.24118	0.396548	0.396525	0.177339	0.250803	0.731161	0.709321	0.396525	0	0.501561	0	0.250785	0.396525	0.560767	0.177339	0	0	0.396525	0.250803	0.639359	0.177339	0.396548	0.250803	0.354674	0.56079	0.56079	0.501596	0.56079	0.396548	0.354674	0.396525	0.177339	0.250803	0.354674	0.501561	0.396548	0.709321	0.501596	0.501596	0.501596	0.250803	0.354674	0.354674	0.560767	0.501596	0.731137	0.639359	0	0.177339	0.354674	0.250785	0.396525	0.250785	0.250803	0.501596	0.56079	0.501596	0.532003	0.177339	0.177339	0.354674	0.177339	0.501561	0.250785	0.396525	0.354674	0.250803	0.396548	0.396548	0.396525	0.177339	0.250803	0.354674	0.177339	0.177339	0.177339	0.250785	0	0.396525	0.250803	0.177339	0.177339	0.731137	0.501596	0.532003	0	0.560767	0.396525	0	0.752317	0.501561	0.639359	0.886596	0.250785	0.396525	0.639359	1.25373	1.25373	0.396525	0.560767	0.177339	0.354674	0.731161	0.56079	0.396525	0.396525	0.396525	0.177339	0.56079	0.560767	0.532003	0.793013	0.177339	0.396548	0.396548	0.396525	0.396525	0.639359	0.177339	0.250785	0.250803	0.177339	0.731161	0.6394	0.354674	0.354674	0.501596	0.731137	0.177339	1.00312	1.13542	0.177339	0.501561	0.6394	0.532003	0.177339	0.354674	0.639359	0.56079	0.501561	0.731161	0.639359	0.75237	1.06391	0.731137	0.731161	1.13542	0.6394	0.250803	0.396548	0.354674	0.6394	1.24118	0.95489	0.177339	0.177339	0.177339	0.177339	0.501561	0.396548	0.954936	0.396548	0.709321	0.904169	0.501561	1.38475	0.354674	0.709321	0.709321	0.886626	0.886596	2.30417	3.47994	2.77371	2.80169	0.731137	0.886626	1.42945	0.532003	0.731161	2.06728	2.63457	1.90934	0.904169	0.177339	0.250785	1.35029	0.793057	1.07857	0.177339	0.532003	0.56079	0.731137	0.752317	0.250803	3.76473	2.41057	2.93285	6.74485	12.4048	10.8644	5.06821	0.793057	2.46858	2.83511	0.886596	1.12147	0.793013	1.03391	0.396525	0.793013	1.25377	0.886656	1.25379	1.59564	1.41842	2.31098	2.51893	2.46858	2.24209	2.19253	1.85087	1.60544	0.731137	1.03398	2.07484	2.07475	0.886656	1.78165	0.709321	0.752317	1.25379	3.09414	3.93152	3.97892	2.8018	1.25382	1.18949	1.0786	0.354674	0.731137	1.42947	1.38484	1.25382	1.42947	0.954936
0.35464	0.250777	0.396507	0.560733	0.709253	0.396507	0.177322	0.250763	0.177322	0.73107	0.560715	0.250763	0.501517	0.35464	0.396507	0.39649	0.250763	0.250777	0.501543	0.35464	0	0.250763	0.501517	0.501517	0	0	0	0.501517	0	0.639302	0.35464	0.250777	0.35464	0.250777	0.396507	0.396507	0.177322	0.250763	0.250763	0.250763	0.177322	0.531951	0.396507	0.177322	0.250763	0.250763	0.39649	0.177322	0	0.177322	0.35464	0.250777	0.250763	0.396507	0.501543	0.531951	0.250763	0.177322	0.250777	0.560733	0.396507	0.177322	0.250763	0.39649	0.396507	0.250777	0.177322	0.39649	0.250763	0.250763	0.250777	0.639333	0.396507	0.177322	0.39649	0.250763	0	0	0.250763	0.177322	0.177322	0.177322	0	0.250777	0.39649	0.501543	0.250777	0.177322	0.501543	0.639333	0.501543	0.501543	0.177322	0.250777	0.177322	0.39649	0.560715	0.177322	0	0.639302	0.560715	0.501517	0.73107	0.531951	0.560715	0.560733	1.12132	0.886518	0.531951	0.39649	0.177322	0.560715	0.250763	0.560715	0.39649	0.250777	0.792975	0.886563	0.396507	0.177322	0.250763	0.560715	0	0.396507	0.396507	0.35464	0.35464	0.177322	0.639333	0.639333	0.501543	0.709253	0.35464	0.531951	0.731088	0.35464	0	0.39649	0.39649	0.39649	0.250763	0.560715	0.177322	0	0.639302	0.531951	0.731088	0.396507	0.396507	0.639333	0.709253	0.639333	0.954838	0.954838	0.731088	1.07847	0.639333	0.792942	0.39649	0.250777	0.35464	0.39649	1.00296	1.13524	0.177322	0.250763	0.250763	0.250763	0.639302	0.39649	0.73107	1.06381	0.709253	0.177322	0.904085	0.886518	0.177322	0.886563	1.25367	1.18937	3.18851	3.72275	1.80776	2.1342	3.19333	0.250763	1.4619	0.35464	1.12136	1.80772	1.63434	0.396507	0.396507	0	0.396507	0.396507	0.639302	0.639333	0.709253	0.39649	0.501517	0.39649	0.39649	0.396507	0.886563	2.88408	2.61637	8.2761	11.0383	11.2249	6.35981	2.24179	2.53716	1.12132	0.886541	0.752291	0.177322	0.35464	1.03382	0.560715	0.73107	1.07847	0.396507	0.501543	1.63441	2.3108	3.15402	3.2566	2.94869	2.77342	2.37771	2.14164	1.98177	1.52506	1.42933	1.41829	1.25367	1.50432	2.55574	3.25178	2.94869	3.43888	5.50569	5.49167	5.37732	5.06456	3.16887	1.52506	1.29069	0.709253	0.177322	0.560733	0.731088	0.639333	1.29073	1.51472
0.177305	0.250755	0.5319	0.396471	0.560659	0.250755	0.396449	0.396449	0.250755	0.886425	0.177305	0.177305	0.501464	0.79286	0.354606	0.177305	0.396449	0.396449	0.250755	0.250737	0.250755	0.177305	0.501464	0.501464	0	0	0	0.501464	0	0.501464	0.177305	0.250755	0.177305	0	0	0	0.396449	0.5319	0.396471	0.396449	0	0.501464	0.396449	0.250755	0.396449	0.177305	0.396471	0.5319	0.250755	0.5319	0.396471	0.250737	0.560659	0.250755	0.250755	0.177305	0	0.396449	0.5319	0.5319	0.396449	0	0.177305	0.560659	0.396449	0.396449	0.5319	0.396471	0.177305	0.177305	0.5319	0.396471	0.396449	0	0.177305	0.396449	0	0.354606	0.396471	0.250755	0.396449	0.396449	0.396449	0	0.886425	0.250755	0.396449	0.396449	0.5319	0.5319	0.250755	0.250755	0.396449	0	0	0.501464	0.501464	0	0	0.501464	0.501464	0.177305	0.560659	0.560659	0.560659	0.250755	0.639236	0.354606	0.396471	0.177305	0.396449	0.250737	0.560682	0.560682	0.177305	0.396449	0.560682	0.560682	0.639236	0.177305	0.560682	0.903995	0.396449	0	0	0.177305	0.396471	0.5319	0.639236	0.639277	0.560682	0.250737	0.250755	0.954706	0.396471	0.752173	0.250737	0.177305	0.177305	0.639277	0.709185	0.354606	0.639236	0.250755	0.250737	0.560659	0.903995	0.90402	1.03371	0.396471	0.709185	0.396471	0.560659	0.5319	0.396471	0.752173	0.250755	0.752173	0.560659	0.250755	0.396449	0.177305	1.03371	0.752173	0.250737	0.177305	0.177305	0.177305	0.886425	0.177305	1.46175	0.73102	0.177305	0.396449	0.954706	0.709185	0.73102	0.954752	1.46175	0.792904	3.4881	1.85044	0.250737	2.90543	3.0475	0.639236	1.52483	0.752173	1.03371	2.02068	2.02068	0.250737	0.396471	0.5319	0.396449	0.177305	0.177305	0.354606	0.396471	0.560659	0.560659	0.752173	0.177305	0.730996	0.954752	1.27831	3.55918	9.12803	8.41431	7.43206	2.13404	4.01307	1.88404	1.1352	1.07839	0.639236	0.560659	0.396449	1.00285	0.501464	0.886425	1.03371	0.752173	0.903995	0.90402	1.03378	1.52493	1.67227	1.58551	1.51458	1.03378	0.886455	0.709185	0.5015	0.730996	1.03371	1.29056	1.80759	2.2695	2.6987	2.13412	3.03212	5.58897	3.09357	3.36958	3.99365	2.68113	1.68155	1.38448	0.501464	0.501464	0	0.501464	0.396449	0.639277	1.24094
0.250728	0.39643	0.709116	0.39643	0.250715	0.177288	0.354572	0.709116	0.39643	0.752107	0.250728	0.39643	0.709116	0.792789	0.396414	0.177288	0.354572	0.531849	0.177288	0.396414	0.39643	0.501447	0.531849	0.250715	0.39643	0.39643	0.177288	0.396414	0.250728	0.250715	0.250728	0.177288	0	0	0.177288	0.250728	0.250715	0.560608	0.177288	0.396414	0.250728	0.396414	0.396414	0.250728	0.396414	0	0.177288	0.560608	0.177288	0.501421	0.177288	0.560608	0.396414	0	0	0	0	0.501421	0.396414	0.560608	0.560608	0.250728	0.177288	0.396414	0.560608	0.250715	0.560608	0.250728	0.39643	0.39643	0.250715	0.250728	0.396414	0.177288	0.250728	0.560608	0.250728	0.250715	0.39643	0.501447	0.354572	0.354572	0.354572	0	0.886348	0.177288	0.501421	0.396414	0.531849	0.531849	0.250728	0.250728	0.396414	0	0	0.501421	0.501421	0.177288	0.39643	0.709116	0.709116	0.501447	0.531849	0.396414	0.396414	0.250728	0.396414	0.177288	0.39643	0.501447	0.730929	0.177288	0.396414	0.250728	0.250728	0.396414	0.354572	0.531849	0.639179	0.531849	0.177288	0.95462	0.560608	0.39643	0.39643	0.177288	0	0.396414	0.95462	0.354572	0.354572	0.39643	0.250715	0.752107	0.250728	0.752107	0.396414	0.177288	0.177288	0.354572	0.792789	0	1.00276	0.177288	0.177288	0.396414	0.903911	0.560625	1.13502	0.354572	0.396414	0.396414	0.730947	0.88637	0.63921	0.88637	0.354572	0.501421	0.501421	0	0.396414	0.177288	0.886348	0.639179	0.501421	0	0	0	0.792789	0.88637	1.51437	0.39643	0.177288	0.501421	0.886348	0.560625	0.954655	1.12114	1.12111	1.29044	3.25101	0.639179	0.250715	2.80087	2.93202	1.42906	1.29044	1.03362	0.95462	1.9169	2.02051	0.560608	0.250715	0.560608	0.560608	0.39643	0.39643	0.531849	0.63921	0.730947	0.354572	0.730929	0.886392	1.24082	1.07828	1.63405	7.6774	9.44423	7.84924	5.82757	0.886348	3.93016	0.730929	0.886392	1.46162	1.2782	0.501421	0.501421	1.00276	0.501421	0.792789	1.06361	1.24082	1.25341	1.03367	1.03367	0.90393	1.03367	1.03367	0.730947	0.63921	0.90393	1.07828	1.27826	1.42908	1.25343	1.68139	1.85027	1.12114	1.24082	1.6721	3.71782	4.03988	1.63411	3.54567	3.78444	2.70994	1.85027	1.42901	0.396414	0.639179	0.39643	0.730929	0.396414	0.95462	1.34996
0.250706	0.531803	0.709054	0.531803	0.250693	0.396379	0.354541	0.709054	0.531803	0.250693	0.250706	0.531803	0.709054	0.354541	0.177272	0.396379	0.354541	0.396396	0.396379	0.177272	0.531803	0.501403	0.396396	0.250693	0.531803	0.531803	0.396379	0.177272	0.250706	0.250693	0.250706	0.396379	0	0	0.396379	0.250706	0.250693	0.560558	0.396379	0.177272	0.250706	0.177272	0.177272	0.250706	0.177272	0	0.396379	0.560558	0.396379	0.501377	0.396379	0.560558	0.177272	0	0	0	0	0.501377	0.177272	0.560558	0.560558	0.250706	0.396379	0.177272	0.560558	0.250693	0.560558	0.250706	0.531803	0.531803	0.250693	0.250706	0.177272	0.396379	0.250706	0.560558	0.250706	0.250693	0.531803	0.501403	0.354541	0.354541	0.354541	0	0.639123	0.396379	0.501377	0.177272	0.396396	0.396396	0.250706	0.250706	0.177272	0	0	0.501377	0.501377	0.396379	0.531803	0.709054	0.709054	0.501403	0.396396	0.177272	0.177272	0.250706	0.177272	0.396379	0.531803	0.501403	0.954537	0.396379	0.177272	0.250706	0.250706	0.177272	0.354541	0.396396	0.177272	0.396396	0.639123	0.730865	0.560558	0.531803	0.531803	0.396379	0	0.177272	0.730865	0.79272	0.354541	0.531803	0.752041	0.250693	0.250706	0.250693	0.177272	0.396379	0.396379	0.354541	0.354541	0	1.00268	0.396379	0.396379	0.177272	0.560576	0.560576	0.396379	0.79272	0.177272	1.13492	0.639154	1.07817	0.730883	1.07817	0.79272	0.501377	0.501377	0	0.177272	0.396379	0.639123	0.88627	0.501377	0	0	0	0.354541	1.07817	1.29033	0.531803	0.396379	0.501377	0.639123	0.560576	0.886315	1.12104	0.501403	2.46118	2.53645	0.177272	0.250693	2.31004	2.46755	1.29036	0.730883	1.03353	0.730865	1.67187	2.02033	0.560558	0.752041	0.560558	0.560558	0.531803	0.531803	0.396396	0.730883	0.639154	0.354541	0.396396	0.954571	1.07819	1.24071	5.1993	10.6441	8.29039	7.65072	3.61091	3.63236	2.70388	0.396396	0.954571	1.90854	1.77212	0.501377	0.501377	1.00268	0.501377	0.354541	0.792753	1.07819	1.2533	1.03358	1.03358	0.903851	1.03358	1.03358	0.639154	0.730883	0.903851	1.24071	1.46153	1.38431	1.03358	1.68125	2.07398	1.12104	1.07819	2.68065	3.89799	1.29036	2.88332	3.38287	3.19251	2.31009	1.24071	1.18899	0.177272	0.88627	0.531803	0.954537	0.177272	1.67187	1.34984
0	0.501324	0.501324	0.396337	0.531747	0.531747	0.396337	0.501324	0.501324	0	0	0.396337	0.5605	0.177253	0	0.396337	0.531747	0.396354	0.396337	0.177253	0.5605	0.177253	0.177253	0.5605	0.396337	0.396337	0.531747	0.50135	0.50135	0.70898	0.396354	0.5605	0.25068	0.177253	0.354503	0.50135	0.531747	0.531747	0.730788	0.177253	0.177253	0.396354	0.396354	0.25068	0.25068	0.177253	0.396337	0.531747	0.354503	0.396354	0.903756	0.730806	0.396354	0.25068	0.396354	0.50135	0.50135	0.354503	0.177253	0.250667	0.560517	0.639087	0.531747	0.25068	0.250667	0.531747	0.531747	0.25068	0.531747	0.531747	0.396337	0.177253	0.396354	0.354503	0.177253	0.250667	0.396354	0.730806	0.903756	0.560517	0.250667	0.5605	0.396337	0	0.396337	0.5605	0.396337	0	0	0	0	0	0.177253	0.25068	0.177253	0.396337	0.531747	0.531747	0.396337	0.501324	0.501324	0.177253	0.396354	0.639087	0.752002	0.560517	0.177253	0.354503	0.730806	0.560517	0.751962	0.639056	0.354503	0.50135	0.354503	0.177253	0.396337	0	0.354503	0.639087	0.730788	0.354503	0.730806	0.954471	0.954471	0.903756	0.886222	1.00262	0.79267	0.639056	0.531747	0.354503	0.730788	0.639087	0.396354	0.177253	0	0.396337	0.250667	0.639056	0.354503	0.50135	1.07806	0.886199	0.531747	0.25068	0.177253	0.396337	0.25068	0.751962	0.396354	1.27795	0.354503	1.12089	0.70898	0.792637	0.886177	0.396337	0.501324	0.354503	0.396354	0.177253	0.70898	0.954436	0.396337	0.177253	0.396354	0.50135	0.50135	0.792637	0.792637	0.354503	0.396337	0.5605	0.531747	0.531747	0.25068	0.639056	1.12089	2.8557	1.50367	0.531747	1.18886	2.19147	3.47825	3.15281	3.00542	3.25053	3.40102	3.32662	2.36355	1.18891	1.46137	1.58504	1.58504	1.58504	1.4288	1.52447	2.25497	2.88313	2.76671	1.77202	0.954436	3.09773	5.12677	9.33759	12.0936	7.063	6.78712	3.1329	5.70278	3.43756	2.90476	2.13349	2.53621	2.33011	1.46137	0.954471	1.60467	1.3497	1.25321	1.25321	1.3497	1.95708	1.98101	2.16269	1.75422	1.03347	1.25321	1.88361	1.91663	2.80044	3.25053	2.13349	1.52447	1.88361	1.98099	2.02014	1.25318	1.68112	2.96861	2.00453	2.48001	4.30462	2.6804	1.95706	1.18886	0.396337	1.03342	0.250667	0.639056	0.79267	0.531747	0.903756	2.02014	1.07806
0.354472	0.396303	0.560451	0	0.501306	0.639031	0.177238	0.560451	0.396303	0	0	0.177238	0.5317	0.639031	0.751936	0.396319	0.177238	0.396303	0.250658	0.5317	0.250645	0.396303	0.396303	0.560451	0	0.354472	0	0.560468	0.751936	0.903677	0.730742	0.354472	0	0.250645	0.177238	0.250658	0.177238	0.177238	0.792567	0.354472	0.354472	0.354472	0.354472	0.250658	0.250658	0.396303	0.250645	0.250645	0.177238	0.708918	0.903677	0.639031	0.639031	0.751936	0.501306	0.250658	0.396319	0.354472	0.396303	0.177238	0.177238	0.354472	0.177238	0	0.177238	0.396319	0.250658	0	0.177238	0	0.396319	0.396319	0.177238	0	0.177238	0.396319	0.560468	0.560468	0.730724	0.639	0	0.396303	0.354472	0.250658	0.177238	0.354472	0.396319	0.177238	0.177238	0.250658	0.250658	0.250658	0.177238	0.177238	0.354472	0	0.396319	0.250658	0.250658	0.5317	0.250645	0.5317	0.560468	0.560468	0.501306	0.730724	0.354472	0.396319	0.560468	0.708918	0.354472	0.751896	0.639	0.177238	0.639	0.354472	0	0.250658	0.250645	0.354472	0	0.396319	0.751936	1.13476	1.00254	0.730742	0.560468	0.501306	0.396319	0	0.396319	0.396319	0	0.396319	0.560468	0.560468	0.501306	0.639031	0.639031	0.396303	0.5317	0.396319	0.639	0.751896	0.396303	0.396319	0.560468	0.396319	0.250658	0.560468	0.954387	0.708918	1.12079	1.24048	0.903677	0.560468	0.50128	0.354472	0.730724	0.5317	0.50128	0.5317	0.708918	0.903658	0.396319	0.354472	0.5317	0.501306	0.501306	0.177238	0.560468	0.639031	0.560468	0.354472	0.250658	0.560468	0.501306	0.903658	1.67155	2.3096	1.25306	0.354472	2.21963	1.67163	2.7494	2.25477	2.1333	2.55454	2.88287	2.65674	1.52434	0.501306	0.560468	0.954387	1.2779	2.00446	2.80022	3.04653	2.90451	2.26863	1.52427	3.54468	5.10195	5.64508	7.1771	11.3899	11.7408	7.13185	5.47764	2.19128	4.82612	2.53604	2.25477	2.07365	2.83903	3.19196	3.40531	3.00516	2.8002	2.1625	2.1333	2.51748	2.80022	2.46716	1.42868	1.03338	1.06331	0.501306	1.24048	1.5849	1.12079	2.51735	2.50491	2.57892	1.98084	2.1625	2.21973	1.98082	1.60455	1.42866	1.38397	1.42868	3.38218	3.82034	1.8069	1.07798	0.560451	0.396303	1.18876	0.708918	0.560451	1.13476	1.07796	1.42861	1.84975	1.07798
0.792486	0.177221	0.560394	0.396262	0.396262	0.250636	0.751817	0.560394	0.177221	0	0	0	0.177221	0.560417	0.75187	0.903568	0.250636	0.560394	0.531649	0.70885	0.354438	0.501228	0.501228	0.501228	0.396262	0.531649	0.531649	0.751817	0.250636	0.560394	0.560394	0.250619	0.250636	0.177221	0.177221	0.250636	0.250636	0.250636	0.638934	0.177221	0.177221	0.177221	0.177221	0	0	0.501228	0.396262	0.531649	0.396284	0.638934	0.501228	0	0.354438	0.501263	0.638934	0.250636	0.396262	0.501228	0.501228	0.177221	0.396284	0.396284	0.250636	0.250636	0.177221	0	0.396262	0.250636	0.250636	0.531649	0.501263	0.354438	0.354438	0.354438	0.354438	0.396284	0.177221	0.396262	0.954255	0.730651	0.250619	0.177221	0.396262	0.250636	0.250636	0.250619	0.250636	0.396262	0.396262	0.250636	0.250636	0.250636	0.250619	0.531649	0.396284	0.396262	0	0.396262	0.531649	0.396284	0.250619	0.560394	0.177221	0.177221	0.250636	0.638934	0.177221	0.177221	0.396262	0.250619	0.250636	0.638934	0.638934	0.531649	0.730651	0.177221	0.396262	0.250636	0.560394	0.396284	0.396284	0.177221	0.396262	0.250636	0.396262	0.177221	0.396284	0.501263	0.396284	0.177221	0	0.177221	0.396284	0.354438	0.177221	0.396284	0.501263	0.501263	0.638975	0.560394	0.638975	0.954301	0.903593	0.886036	0.792486	0.396262	0.396284	0.501263	0.501263	0.501263	0.70885	0.354438	1.77159	0.730651	0.560394	0.250636	0.177221	0.396262	0.954255	0.177221	0.954255	0.354438	0.501228	0.886007	0.250636	0.177221	0.501228	0	0	0.396262	0.250636	0.396284	0.730675	0.560417	0.396262	0.396262	0.250636	0.730651	1.63343	2.36305	1.68075	1.13458	2.26828	0.792486	1.51379	0.954301	0.954301	0.638975	0.501263	0.501263	1.12068	0.730675	0.75187	0.638975	0.354438	1.12068	1.78049	1.52421	0.730675	1.51379	4.93088	6.17869	4.47436	2.83876	4.36846	8.57725	7.412	3.16692	2.13297	2.79983	4.11486	1.06321	0.730675	0.560394	1.25293	1.68082	2.14043	2.16231	1.58476	0.886066	0.954301	1.46111	1.58476	0.79253	0.70885	1.1887	1.25296	0.560417	1.18863	0.954255	3.64848	3.89287	4.90237	1.38383	0.730651	0.560394	0.903568	0.886036	0.792486	0.531649	1.25299	1.38392	2.16217	2.79979	1.07786	0.531649	0.396262	0.792486	1.51379	0.560417	1.6334	0.396284	1.52411	1.67138	2.13297	0.560394
0.751752	0.177204	0.501184	0.396226	0.531598	0.50121	0.792415	0.396226	0.25061	0.25061	0.250597	0.25061	0.177204	0.638877	0.25061	1.13448	0.177204	0.560343	0.560343	0.396226	0.396226	0.250597	0.560343	0.396226	0.501184	0.501184	0.396226	0.954169	0.396243	0.396226	0.501184	0.501184	0.177204	0.25061	0.177204	0	0	0.177204	0.396226	0.177204	0.25061	0.177204	0.177204	0.25061	0.177204	0.354404	0.708781	0.708781	0.50121	0.531598	0.396226	0.177204	0.531598	0.396243	0.751752	0.25061	0.560343	0.531598	0.730584	0.177204	0	0.177204	0.25061	0.177204	0	0	0.396226	0.25061	0.177204	0.396226	0.25061	0.250597	0.531598	0.708781	0.531598	0.250597	0.396243	0.354404	0.792415	0.708781	0.531598	0.177204	0.396226	0.25061	0.25061	0.396226	0.177204	0.396226	0.396226	0.25061	0.177204	0.177204	0.531598	0.730602	0.638908	0.531598	0.25061	0.560343	0.56036	0.751791	0.730602	0.531598	0.177204	0	0.177204	0.560343	0.177204	0.177204	0.560343	0.177204	0	0.396226	0.531598	0.531598	0.250597	0.177204	0.354404	0.396243	0.396226	0	0	0.177204	0.560343	0.177204	0.501184	0.177204	0.396243	0.396243	0.396226	0.50121	0.354404	0.177204	0.25061	0.560343	0.25061	0.25061	0.25061	0.177204	0.177204	0.903485	0.885951	0	0.354404	0.396243	1.25282	1.07777	0.792448	0.396226	0.25061	0.177204	0.354404	0.531598	1.63326	0.730584	0.730584	0.50121	0.50121	0.531598	0.531598	0.954204	0.560343	0.25061	0.638877	0.885929	0.25061	0.25061	0.560343	0.177204	0.177204	0.396226	0.177204	0.25061	0.56036	0.730602	0.531598	0.560343	0.177204	0.501184	0.792415	1.8494	2.36283	2.01958	2.30916	0.531598	1.74469	0.730602	0.730602	0.751791	0.751791	0.751791	0.560343	0.751791	1.52405	1.88308	1.63334	0.903485	1.25283	2.30927	3.5835	4.93056	6.02601	4.14095	0.792415	1.2776	4.39292	8.46196	6.75324	2.61452	1.8494	3.0252	3.8114	1.46097	1.0631	0.396243	0.531598	0.708781	0.730602	1.03318	1.52405	1.88308	1.63334	0.903503	0.250597	1.03313	0.885929	0.354404	0.708781	0.531598	1.34927	0.903485	3.7202	2.83847	4.50148	1.46097	1.07777	0.903485	3.30673	3.26404	1.90781	1.50332	1.13454	0.903503	1.6806	2.46023	1.12058	0.531598	0.396226	1.13448	1.25279	0.396243	1.63326	0.25061	1.25279	1.52397	2.40876	0.730584
0.396185	0.25057	0.396185	0.35437	0.35437	0.396208	0.531547	0	0.250588	0.177187	0.501131	0	0.25057	0.638811	0.177187	1.03303	0.531547	0.396185	0.396185	0.35437	0.35437	0.396208	0.531547	0	0.560286	0.396185	0.177187	0.73051	0.560309	0.396208	0.560286	0.560286	0.177187	0	0.25057	0	0	0.25057	0.177187	0.177187	0.177187	0.177187	0.25057	0	0.396185	0.396208	0.708713	0.885866	0.751725	0.396208	0.250588	0.560309	0.638852	0.730534	0.35437	0	0.501131	0.177187	0.73051	0.560309	0.396208	0.35437	0.396208	0.531547	0.177187	0.177187	0.177187	0	0.25057	0.250588	0.396208	0.25057	0.501166	0.903419	0.501166	0.560286	0.35437	0.177187	0.396185	0.531547	0.396208	0.35437	0.35437	0.250588	0.250588	0.177187	0.177187	0.35437	0	0.177187	0.396185	0.35437	0.396208	0.560309	0.560309	0.396208	0.250588	0.560309	0.885896	0.885896	0.638852	0.396208	0.396185	0	0.396185	0.396185	0.396185	0.177187	0.501131	0.25057	0.177187	0.35437	0.177187	0.25057	0	0.25057	0	0.396185	0.396208	0.501166	0.396208	0.35437	0.560286	0.396185	0.501131	0.25057	0.396185	0.396208	0.954072	0.177187	0.501131	0.396185	0.396208	0.708713	0.396208	0.250588	0.250588	0.396185	0.396185	0.531547	0.954072	0.638811	0	0.25057	1.27746	1.07765	0.885866	0.954072	0.177187	0.25057	0.177187	0.177187	1.03303	1.03303	0.751673	0.177187	0.250588	0	1.063	1.00226	0.560309	0.560309	0.885866	0.396185	0.177187	0.177187	0.25057	0.35437	0.35437	0.35437	0.396185	0.35437	0.638852	0.638852	0.396208	0.25057	0.35437	0.396185	0.396185	1.07765	2.13262	2.70839	3.00933	0.638852	1.90761	0.501166	0.396185	0.35437	0.792377	1.13444	1.38366	1.42828	0.885896	0.177187	0.708713	1.3492	3.41808	5.84573	6.4779	6.0333	4.33557	1.25269	1.03309	1.9802	4.11407	8.72868	7.64688	2.63213	1.34913	2.37579	2.76551	1.42825	1.60409	1.12051	0.73051	0.396185	1.12051	1.88291	1.38366	0.396208	0.25057	0.177187	0.560309	1.07765	0.73051	0.250588	0.560286	0.501166	1.63312	1.07767	1.34913	1.59427	1.84921	1.75358	1.41721	1.2897	4.88869	0.730534	5.06054	2.63232	2.65599	2.55382	2.07307	1.74451	1.13437	0.531547	0.250588	1.03303	1.063	0.885896	0.638811	0.501166	0.638811	1.34913	2.30214	1.25269
0.531496	0.560253	0.560253	0.560235	0.39615	0.354336	0.354336	0.531496	0.396167	0.501087	0.250548	0.396167	0.396167	0.250548	0.354336	0.501087	0.531496	0.396167	0	0.354336	0.17717	0.17717	0.396167	0.560253	0.531496	0.17717	0	0.39615	0.396167	0.396167	0.560235	0.560235	0.17717	0.17717	0.354336	0.17717	0	0.17717	0.250562	0.17717	0.250548	0.17717	0.396167	0.501114	0.708645	0.560253	0.531496	0.501087	0.250562	0.39615	0.39615	0.354336	0.250562	0.531496	0.501114	0.396167	0.560235	0.250562	0.17717	0.560253	0.560235	0.250548	0.250548	0.39615	0.396167	0.560253	0.501114	0.396167	0.17717	0.17717	0.354336	0.39615	0.250548	0.501087	0.250548	0.39615	0.354336	0.501087	0.17717	0.250562	0.396167	0.39615	0.250548	0.17717	0.250562	0.17717	0	0.250548	0.250548	0.39615	0.560235	0.17717	0	0.250548	0.17717	0.250562	0.17717	0.17717	0.17717	0.39615	0.17717	0.17717	0.638755	0.17717	0.39615	0.250548	0.501087	0	0.39615	0.354336	0.354336	0.531496	0.396167	0.39615	0	0.250562	0.792296	0.95402	0.638785	0.501114	0.560253	0.396167	0.39615	0.501087	0.501087	0.17717	0.638755	0.531496	1.25259	1.07757	0	0.354336	0.17717	0.39615	0.39615	0.396167	0.501114	0.531496	0.39615	0.39615	0.751607	0.730461	0.730443	0.95402	2.12507	1.77998	0.95402	0.638755	0.39615	0.250562	0.396167	0.17717	0.560235	1.34901	0.250562	1.03298	0.792296	0.560253	0.885758	0.354336	0.250548	0.560235	0.39615	0.17717	0.354336	0.17717	0.17717	0.396167	0.250562	0.250548	0.354336	0.730443	0.354336	0.250562	0.250562	0.396167	0.396167	0.17717	0.560235	0.885781	0.792262	2.21878	3.32492	0.903329	1.1883	0.885803	0.560253	0.39615	0.501087	0.17717	0.501114	1.13432	1.98008	2.61413	3.00919	3.00919	3.89175	4.24797	2.85995	1.77998	0.354336	1.63301	2.01927	3.02473	4.80179	9.54954	9.54954	4.95158	2.85995	2.13244	1.74435	0.953986	0.396167	1.77118	2.30876	0.730443	1.13427	0.501114	1.77114	2.30202	2.13248	1.27741	0.560253	0.501087	0.638755	0.531496	0.903329	0.95402	1.68033	2.1398	1.77118	1.41707	0.560235	0.354336	1.28958	1.41707	4.45208	5.93189	5.13636	1.91572	2.63204	3.29201	2.55356	1.18835	1.03294	1.12036	1.03298	0.396167	0.560235	0.250562	0.250562	0.250562	0.354336	0.903329	2.32905	3.00919
0.501035	0.250522	0.250522	0.751528	0.501035	0.177153	0.396131	0.531444	0.354302	0.792181	0.177153	0.396109	0.25054	0.177153	0.177153	0.354302	0.177153	0	0.250522	0.177153	0.396131	0.50107	0.50107	0.396131	0.177153	0	0	0.250522	0.177153	0.177153	0.501035	0.396109	0.177153	0.250522	0.250522	0.250522	0	0	0	0.177153	0.396131	0.396131	0.25054	0.396131	0.708577	0.560202	0.396131	0	0.25054	0.177153	0.501035	0.250522	0.177153	0.531444	0.50107	0.560202	0.531444	0.177153	0.250522	0.250522	0.751528	0.396109	0.531444	0.638729	0.751581	0.50107	0.25054	0.354302	0.25054	0.396131	0.396131	0.177153	0.250522	0.501035	0.250522	0.396109	0.354302	0.638688	0	0.396109	0.354302	0.638688	0.177153	0.354302	0.177153	0.250522	0	0.250522	0.250522	0.501035	0.501035	0	0	0.177153	0.396131	0.638729	0.792225	0.50107	0.177153	0.354302	0.560202	0.396131	0.792181	0.396109	0.250522	0.177153	0.396109	0	0.25054	0.531444	0.177153	0.501035	0.250522	0.396109	0.396131	0.560202	0.708577	0.396131	0.396109	0	0.250522	0	0.250522	0.638688	0.560178	0.177153	0.751528	0.751528	0.396109	1.03283	0.751528	0.177153	0.531444	0.792225	0.730394	0.560202	0.396131	0.177153	0.250522	0.396109	0.560202	1.03289	1.80599	1.34888	1.13415	1.25245	0.792225	0.25054	0.354302	0.560178	0.354302	0.638729	0.50107	0.792181	1.07744	0.25054	0.396109	0	0.560202	0.396131	0	0.354302	0.560178	0.396109	0	0.25054	0	0.177153	0.177153	0	0.25054	0.501035	0.396131	0.50107	0.396131	0.177153	0	0	0.885666	0.792181	0	1.58406	3.19027	1.12025	1.0628	1.13422	1.52362	2.00351	2.40821	2.63181	2.76517	2.38206	1.74426	1.42797	1.59397	1.46055	1.77091	3.09077	1.63281	0.396109	0.396109	1.27722	0.751528	0.792225	2.66129	8.17905	9.53755	6.93157	4.82396	1.23988	1.42797	1.80599	1.25245	1.18824	2.92977	1.28945	0.354302	1.34894	1.77978	1.12025	0.560178	0.792181	0.177153	0.396109	0.953888	1.07744	0.903245	0.730394	0.751581	1.428	1.82334	2.30175	1.59397	0.560178	1.18818	0.177153	2.13961	3.7193	3.48979	3.19048	3.33884	3.09599	4.39192	5.87898	3.81046	5.30235	5.99622	4.5961	0.885696	0.751581	0.531444	0.354302	0.531444	0.25054	0.730394	1.38339
0.396074	0.501017	0.953837	1.07736	0.560145	0.2505	0.396091	0.638663	0.638663	0.396074	0.354268	0.2505	0.250513	0.354268	0.250513	0.177136	0	0	0.177136	0.250513	0.177136	0	0	0	0.177136	0.250513	0.177136	0.2505	0.2505	0.177136	0.396074	0.177136	0.396091	0.638663	0.501017	0.177136	0	0	0	0	0.177136	0.250513	0.177136	0.396074	0.560127	0	0.396091	0.177136	0.396091	0.500991	0.708509	0.250513	0.560127	1.0627	1.00196	0.885633	0.501017	0.354268	0.354268	0.396091	0.88561	0.560145	0.396074	0	0	0.2505	0.177136	0.396091	0.396091	0.177136	0	0	0.2505	0.396074	0.354268	0.2505	0.396091	0.708509	0.354268	0.354268	0.396091	0.500991	0.250513	0.177136	0.2505	0.177136	0.396091	0.560145	0.560145	0.531393	0.396074	0	0	0.177136	0.354268	0.396074	0.177136	0.354268	0.354268	0.560145	0.638663	0.354268	0.638632	0.560127	0.354268	0.396091	0.560145	0.638663	0.638663	0.730303	0.250513	0.396074	0.177136	0.396091	0.396091	0.177136	0.396074	0.396091	0.708509	0.396091	0.354268	0.396091	0.638663	1.0627	0.560145	0.500991	0.500991	0.730321	0.751502	0.500991	1.07734	0.501017	0.79211	0.354268	0	0.396091	0.560145	0.396091	0.500991	0.396091	0.396091	0.560127	1.58392	1.59381	1.51313	0.953837	0.177136	0.501017	0.531393	0.531393	0.903155	0.560145	0	0	0.903155	1.07736	0.177136	0.396074	0.354268	0.88561	0.560145	0.250513	0.953802	0.354268	0.396074	0.177136	0.2505	0.2505	0.177136	0.396074	0.354268	0.396091	0.177136	0	0.2505	0	0.177136	0.560145	0.903137	0.354268	0.953837	1.67995	3.75215	0.79211	1.74402	1.27717	1.18812	1.03278	1.03278	0.885633	0.638663	0.560127	0.396074	1.12015	0.953802	0.560127	1.03274	2.6314	1.88226	0.396074	0.177136	0.953802	1.25235	1.27717	0.560145	5.54189	7.52359	5.83597	6.64047	6.20576	3.48943	1.23976	1.42779	1.0627	2.83738	3.33849	3.89511	3.71892	2.85389	1.60363	0.953837	0.531393	0.250513	1.0627	1.4168	1.59381	1.68001	1.77084	1.91535	1.88235	1.91526	0.638632	2.40795	3.19006	1.51307	1.59381	3.71883	3.91503	3.927	3.927	3.39877	2.91891	0.708509	1.63269	2.55294	5.25174	3.26273	5.78262	2.13931	0.501017	0.903137	0.708509	0.177136	0.177136	0.708509	1.52346
0.396055	0.560094	0.885525	0.730253	0.354234	0.500938	0.396033	0.396055	0.396055	0.177119	0.250474	0	0	0.177119	0.250491	0.177119	0	0.177119	0.250491	0.177119	0	0	0.177119	0.250491	0.177119	0	0.250474	0.177119	0.396055	0.396055	0.177119	0	0.250474	0	0.250474	0.177119	0.250491	0.177119	0	0.177119	0.354234	0.250491	0.500973	0.903071	0.560094	0.396033	0.396033	0.638565	0.250474	1.27697	0.531342	0.396033	0.751384	0.885496	0.250491	0.250491	0.354234	0	0.354234	0.177119	0.354234	0.396055	0.177119	0.500973	0.396055	0.354234	0.354234	0.250491	0.354234	0.177119	0	0	0.250474	0.177119	0.531342	0.396055	0.177119	0.396033	0.531342	0.354234	0.177119	0.177119	0.177119	0.396055	0.638606	0.751436	0.500973	0.354234	0.396055	0.396055	0.177119	0.177119	0.250491	0.396033	0.177119	0.531342	0.396055	0.177119	0.250474	0.354234	0.500973	0.354234	0.396033	0.531342	0.560094	0.250491	0.396033	0.70844	0.560094	0.792028	0.250491	0.177119	0	0	0	0	0.177119	0.531342	0.70844	0.56007	0.250491	0.531342	0.250474	0.638565	0.177119	0.953705	0.560094	0.500938	0.751436	0.792073	0.250474	0.560094	0.396033	0.396055	0.396055	0.177119	0.250474	0.250474	0.885496	0.250491	0.396033	0.396055	0.953705	0.531342	0.903071	0.885555	0.903071	0.638565	0.70844	0.531342	0.354234	0.792073	0.953751	0.500973	0.250491	1.13393	0.500938	0.396033	0.730229	0.56007	0.638565	0.177119	1.0018	0.177119	0.531342	0.250491	0.250491	0.396055	0.177119	0.396033	0.531342	0.500973	0.250491	0.177119	0.177119	0.177119	0.531342	1.06259	0.792073	0.751384	0.70844	1.67978	4.03989	1.77947	1.50251	0.70844	0.396033	0.250474	0.177119	0.250491	0.250474	0.953705	0.70844	1.34862	0.792028	0.903047	2.48442	3.02894	1.25221	0.250474	0.177119	0.396033	0.354234	0.531342	1.03263	3.74765	6.3743	5.31313	6.42038	7.57391	7.03606	5.06195	3.86255	2.91864	1.34868	0.560094	0.177119	1.46022	2.70742	4.0324	4.37688	3.09033	1.58375	1.60345	1.60348	2.12446	2.18981	2.16106	2.30817	2.26713	4.0322	1.03263	1.77069	2.859	1.50261	4.50642	5.17105	4.08227	3.29109	2.63131	2.3816	3.20444	3.0443	1.77947	0.70844	1.42767	5.84867	2.46552	3.29087	0.354234	0.531342	1.03269	1.06259	0.354234	1.23964	1.52323
0.885462	0.63854	0.3542	0.791991	0.560037	0.250452	0.531291	0.560037	0.560037	0.396014	0.3542	0.396014	0.500921	0.396014	0.250465	0.3542	0.250465	0.531291	0.396014	0.395998	0	0.177102	0.3542	0.250465	0.177102	0	0.177102	0.177102	0	0	0	0	0.177102	0.250465	0.177102	0.395998	0.177102	0.395998	0.250465	0.531291	0.396014	0.177102	0.395998	0.560019	0.250465	0.560037	0.953653	0.73018	0.177102	1.13383	0.396014	0.3542	0.560019	0.902981	0.885462	0.751357	0.791991	0.73018	0.560037	0.560037	0.500921	0.396014	0.395998	0	0.250452	0.395998	0.500921	0.63854	0.396014	0.396014	0.396014	0.177102	0.250452	0.177102	0.560019	0.177102	0.250452	0.250452	0.177102	0.560019	0.395998	0.177102	0.531291	0.396014	0.250465	0.396014	0.560037	0.560037	0.396014	0.250465	0.396014	0.396014	0.250452	0.395998	0	0.177102	0.395998	0	0.250452	0.177102	0.250465	0.250465	0.177102	0.250465	0.560037	0.560037	0.3542	0.531291	0.73018	0.395998	0.250465	0.177102	0.177102	0.396014	0.396014	0.177102	0	0.395998	0.560037	1.06249	0.63854	0.708372	0.791991	1.11997	0.751357	0.953619	0.3542	1.03254	0.500895	0.638509	0.560019	0.560037	0.3542	0	0.531291	0.791991	0.708372	0	0.953619	0.500921	0.531291	0.708372	0.902981	0.560037	0.560019	0.3542	0.395998	1.07715	0.885462	0.395998	0.250465	0.250465	0.730162	0.560037	0.396014	1.13383	0.500895	0.395998	0.708372	0.885462	0.73018	0.638509	0.953619	0.3542	0.3542	0.395998	0.395998	0.250465	0.177102	0.177102	0.396014	0.500921	0.560037	0.560037	0.396014	0.3542	0.730162	0.953619	0.177102	1.13383	0.531291	1.03254	2.61301	2.4074	0	1.11993	0.531291	0.751357	0.885462	0.63854	0.708372	0.953619	0.63854	1.74375	2.36147	3.02346	3.36573	1.95541	0.396014	0.250452	0.177102	0.395998	0	0.791958	2.23901	2.83133	5.19739	4.2022	4.82584	5.82164	6.25168	6.39326	6.95184	7.85889	7.9786	7.34926	6.88294	5.98929	3.79706	1.67963	1.27692	3.18951	4.59817	3.4163	2.36147	2.67811	2.18959	2.13898	2.45893	2.63103	4.67865	5.43932	2.23901	0.902963	4.24636	5.5438	4.58807	3.58143	2.88066	2.76435	2.63103	3.35648	6.1244	7.0179	5.1224	3.64617	5.37061	4.27932	3.01315	1.18789	1.38298	1.38298	1.77929	1.63238	0.63854	1.91489
0.531245	0.791888	0.730098	0.730116	0.354169	0	0.177086	0.39598	0.39598	0.250443	0.39598	0.39598	0.250443	0.395963	0	0.177086	0.250443	0.55997	0.395963	0.500851	0	0.395963	0.177086	0	0.177086	0.250443	0.250443	0.395963	0	0	0	0	0	0	0	0.500851	0.395963	0.55997	0.250443	0.55997	0.250443	0.395963	0.354169	0.70831	0.354169	0.354169	0.638484	0.559988	0.751252	0.395963	0.500877	0.354169	0.177086	0.39598	0.531245	0.250443	0.531245	0.70831	0.531245	0.177086	0.354169	0.500877	0.39598	0.250443	0.395963	0.500851	0.395963	0.395963	0	0.354169	0.531245	0.395963	0.177086	0.395963	0.354169	0.500877	0.39598	0.395963	0	0.500851	0.500851	0.395963	0.55997	0.25043	0.250443	0.395963	0.177086	0.39598	0.531245	0.250443	0.531245	0.354169	0.791888	0.39598	0.250443	0.250443	0.55997	0.250443	0.177086	0.177086	0.250443	0.25043	0.250443	0.395963	0.177086	0.39598	0.354169	0.354169	0.39598	0.25043	0.250443	0.395963	0.395963	0.531245	0.531245	0.395963	0	0.177086	0.559988	0.885363	0.354169	0.500851	0.354169	0.70831	0.531245	0.638453	0.177086	0.751252	0.730098	1.07704	0.885363	0.531245	0.55997	0.250443	0.953535	0.39598	0.88534	0.395963	0.730098	0.500877	0.39598	0.953535	1.0624	1.0624	0.70831	0.638484	0.559988	0.177086	0.70831	0.354169	0	0.354169	1.07704	0.638484	0.531245	1.03245	0.55997	0.751252	0.39598	0.500877	0.354169	1.27675	0.730098	0.177086	0.395963	0.55997	0.55997	0.250443	0.395963	0	0	0	0.177086	0.39598	0.531245	0.177086	0.88534	0.638453	0.395963	0.751252	0.39598	1.07704	1.74353	2.55223	1.07704	1.51265	0.638484	0.95357	0.95357	0.730116	0.70831	0.730098	0.531245	1.11987	3.64144	5.13379	2.01824	0.559988	0.55997	0.177086	0	0.500851	0	1.00162	2.76396	1.45996	3.97305	1.42741	1.80536	3.36079	3.89393	3.69261	3.97324	4.56053	4.51598	3.64161	3.18925	3.43437	4.47439	4.62476	3.20385	1.27675	3.88992	6.46678	4.00818	1.60316	1.25198	1.60316	1.63223	1.50232	2.12407	6.98841	3.87781	4.37232	5.37005	3.71361	2.48398	1.97912	1.50232	1.63226	1.52304	1.67954	2.53387	2.37456	3.0232	1.74353	2.01824	1.42741	1.51265	0.885385	0.885385	0.730116	1.0624	1.46	1.46	0.791888
0.395922	1.13361	0.885248	0.500798	0.638386	0.250417	0.177067	0.177067	0.250417	0.177067	0	0	0	0.395922	0.250417	0.177067	0.177067	0.531189	0.354132	0.395922	0.177067	0.395922	0.177067	0	0.177067	0.177067	0	0.500798	0	0	0.177067	0.250417	0.250417	0.250417	0.177067	0.395922	0.559912	0.559912	0.250417	0.559912	0.250417	0.559912	0.395938	0.708236	0.531189	0.395922	0	0.395922	0.953435	0.395938	0.250417	0.559912	0.250417	0.395938	0.531189	0.250417	0.559912	0.250404	0.559912	0.250417	0.559912	0.250417	0.250417	0.250417	0.531189	0.531189	0.395922	0.354132	0.500824	0.354132	0.395938	0.95347	0.73004	0.559912	0.395938	0.395938	0.250404	0.531189	0.395938	0.638386	0.500798	0.395922	0.559912	0.250404	0.250417	0.395922	0.177067	0.250417	0.395922	0	0.500798	0.500798	0.885248	0.250417	0.250417	0.177067	0.395922	0.177067	0	0.177067	0.250417	0.638386	0	0.500798	0	0.177067	0.559929	0.902808	0.638417	0.531189	0.177067	0.395922	0.559912	0.395922	0.500798	0.500798	0	0	0.500798	0.500798	0.500798	0.500798	0.500798	0.500798	0.500798	0.500798	0	0.500798	0.395922	0.885248	0.354132	0.531189	0.250404	0.395938	0.953435	0.177067	1.00152	0.395922	0.559912	0.250404	0.73004	1.23928	0.730022	1.13361	0.730022	0.395938	0.250404	0.638386	0.395938	0.902808	0.559929	0.751173	1.03234	0.177067	0.638386	0.90279	0.88527	0.638386	0.177067	0	0.791805	1.42724	0.395922	0.177067	0.559912	0.559912	0.559912	0.250417	0.559912	0.177067	0.177067	0.250417	0.177067	0	0.354132	0.638417	1.07693	0.354132	0.500798	0.395938	0.751213	1.07693	1.27661	2.50246	1.27661	1.58331	0.395938	0.90279	1.13367	1.51254	0.885292	0.177067	0.531189	1.11972	3.62818	5.76156	1.82237	0.177067	0.395922	0.250417	0.177067	0.638386	0.395938	0.953435	2.87996	0.708236	3.80847	2.15313	1.45984	2.15309	2.83078	3.08942	3.39747	3.64552	4.0389	4.11151	4.14172	4.17167	4.86017	5.74836	6.25048	6.16094	3.53695	6.70004	5.40391	1.77012	2.3277	2.70663	2.46479	2.3809	2.96559	7.35797	4.85055	6.87475	5.49784	3.13457	2.5336	2.07166	1.75238	1.63209	1.51254	1.28888	1.45984	1.84803	3.77975	2.88006	2.67759	2.50255	1.63206	0.751213	0.638417	0.730022	0.559912	0.559912	0.902808	1.25189
0.751147	1.25174	0.395887	0.559863	0.791736	0.177052	0.559863	0.395904	0.177052	0.250382	0.177052	0.250395	0.250382	0.177052	0.177052	0.354101	0.395887	0.250395	0.395904	0.177052	0.250382	0.250382	0.395887	0.177052	0.395887	0.354101	0.250395	0.395887	0	0.177052	0.531143	0.500781	0.395904	0.177052	0.250382	0.395904	0.729976	0.354101	0.177052	0.559863	0.395904	0.708174	0.395904	0.559863	0.354101	0.354101	0.250395	0.395887	0.63833	0.354101	0.250395	0.531143	0.638361	0.953387	0.751147	0.395904	0.531143	0.395887	0.55988	0.638361	0.531143	0.250395	0.250395	0.250395	0.354101	0.354101	0.531143	0.638361	0.638361	0.395904	0.531143	0.55988	0.902711	0.729976	0.791769	0.729976	0.708174	0.55988	0.395904	0.63833	0.500754	0.177052	0.531143	0.354101	0.177052	0.354101	0.354101	0.250395	0.500781	0.638361	0.354101	0.395887	0.729958	0.500781	0.500781	0.531143	0.354101	0.354101	0.177052	0.250382	0	0.63833	0.250395	0.395887	0	0.395887	0.729976	1.18756	1.11965	0.638361	0.55988	0.55988	0.354101	0.250395	0.531143	0.395887	0	0	0.395887	0.531143	0.354101	0.395887	0.250382	0.395887	0.395887	0.395887	0	0.395887	0.395904	0.559863	0.354101	0.395904	0.250382	0.354101	0.500754	0.354101	0.751108	0.500781	1.07685	1.11965	1.25174	0.902711	0.638361	1.11962	0.63833	0.177052	0.250382	0.729976	1.0323	0.953387	0.902729	1.25174	0.902711	0.395887	0.88517	0.559863	0.88517	0.177052	0.354101	0.250395	1.03225	1.00143	0.395904	0.729976	0.729976	0.531143	0.559863	0.177052	0.395887	0.395904	0.395904	0.250395	0.354101	0.177052	0.354101	0.729976	0.885192	0.395904	0.751147	2.07148	2.38069	1.91445	1.28876	1.75214	2.01782	1.25176	1.45972	0.729958	0.559863	0.953387	1.07685	0.559863	0.177052	0.902711	2.50224	4.75625	3.53655	1.60287	0.250395	0.177052	0.354101	0.791736	0.395887	0.559863	2.36081	1.66988	1.28873	3.75889	4.90746	4.52884	4.36452	5.24955	5.86508	6.1127	6.69979	7.29064	7.4734	7.73117	9.084	11.5186	13.8861	15.2468	14.057	10.4941	7.3241	5.70195	7.80984	10.343	12.615	13.7603	14.4764	17.148	18.9641	19.055	16.7163	15.1681	13.9962	12.4461	10.6878	8.4822	6.80235	6.31385	5.38936	4.27448	4.80512	5.05694	5.68297	6.84292	5.36919	2.3275	0.63833	0.395887	0.708174	0.708174	0.395887	1.42716
0.953287	0.729899	0.250356	0.559804	0.638263	0.395845	0.953252	0.354064	0.395845	0.177033	0.395845	0.250369	0.751029	0.250369	0.395845	0.177033	0.559804	0.395845	0.177033	0.250369	0.177033	0.395845	0.559804	0.395845	0.500702	0.177033	0.250369	0.177033	0	0.395845	0.559804	0.250369	0.395845	0.395845	0.177033	0.791653	0.395862	0.250356	0.395845	0.500702	0.395845	0.559804	0.250356	0.559804	0.395845	0.395845	0.250369	0.751029	0.559804	0.177033	0	0.177033	0.531087	0.7081	0.531087	0.395845	0.177033	0.885077	0.354064	0.531087	0.177033	0	0	0	0.395845	0.395845	0.791653	0.395862	0.395845	0.177033	0.250356	0.531087	0.395845	0.395862	0.395862	0.559804	0.559822	0.953287	0.791686	0.354064	0.500702	0	0.177033	0.559804	0.395845	0.395845	0.395862	0.500728	0.729899	0.729899	0.354064	0.177033	0.559804	0.250369	0.250369	0.559804	0.531087	0.395862	0.395845	0.177033	0.250369	0.250356	0.250369	0.177033	0	0.500702	0.885077	0.395862	0.953252	0.250369	0.395862	0.531087	0.250356	0.531087	0.395862	0.177033	0	0	0.177033	0.395862	0.354064	0.177033	0.250356	0.177033	0.177033	0.177033	0	0.177033	0.250369	0.177033	0.500702	0	0.500702	0.177033	0.395862	0.395862	0.250356	0.531087	1.07672	1.03219	1.77861	1.63175	1.03219	0.531087	0.354064	0.354064	0.500702	0.7081	1.38245	1.63177	1.27643	1.06208	0.354064	0.500702	1.00133	0.791653	1.1195	0.354064	0.177033	0.250369	0.751029	0.729881	0.500728	0.7081	0.395862	0.177033	0.500702	0.395845	0.177033	0.354064	0.354064	0	0.177033	0.395845	0.500702	0.500702	0.500702	0.177033	1.25161	2.30698	1.6697	1.27643	0.885122	0.250356	2.79686	0.902616	1.84762	0.395845	1.07674	0.7081	1.00133	0.638263	0.250369	0.250356	1.38238	2.74617	3.81594	2.62991	0.531087	0.395845	0.177033	0.729881	0.7081	0.638294	1.51225	2.21717	2.30016	3.20286	3.80788	4.06495	2.30705	2.40657	2.50211	2.50211	2.90117	3.43335	3.39681	3.62767	4.90695	6.65067	8.45078	10.2134	11.1019	9.02447	5.43744	5.30759	7.39619	9.72111	11.134	11.5175	11.9665	13.8262	15.2761	14.1661	12.6834	12.5636	11.9961	10.7787	9.41517	7.93707	5.53897	5.29893	4.99462	3.2029	2.67708	2.87951	3.64053	4.80467	6.03818	4.27384	1.34798	0.559804	0.559804	0.559804	1.74301	3.54058
0.395811	0.177018	0.559755	0.395811	0.354033	0.53104	0.638208	0.53104	0.395811	0	0.395811	0.250347	0.750963	0.250347	0.395811	0.177018	0.395811	0.395811	0.177018	0.177018	0.395828	0.354033	0.354033	0.53104	0.395811	0	0	0	0	0.500658	0.500658	0	0.395811	0.53104	0.500684	0.791584	0	0.395811	0.395811	0.500658	0.395811	0.559755	0.395811	0.395811	0.559755	0.559755	0.250347	0.885	0.500658	0	0	0	0.395811	0.53104	0.53104	0.395811	0	0.885	0.559755	0.395811	0	0.177018	0.250347	0.177018	0.395811	0.559755	0.750963	0.395828	0.177018	0.395828	0.354033	0.500658	0	0.177018	0.250347	0.559755	0.250347	0.395811	0.395811	0.177018	0.354033	0.354033	0.177018	0.559755	0.53104	0.729836	0.638238	0.395828	0.53104	0.354033	0.354033	0.395828	0.559755	0.250347	0.250347	0.53104	0.53104	0.250347	0.53104	0.395828	0.250347	0.395828	0.395828	0.177018	0	0.395811	1.03205	0.177018	1.13329	0.395828	0.354033	0.395811	0.559755	0.53104	0.500684	0.500684	0.395828	0.177018	0	0.177018	0.395811	0.177018	0.395811	0	0.177018	0.395828	0.395828	0.177018	0.177018	0.177018	0.395828	0.751003	0.729836	0.395828	0.250347	0.395828	0.395828	0.395811	0.885	0.559773	1.2515	1.07663	0.885022	0.751003	0.638238	0.708038	0.53104	0.750963	0.559755	0.250334	0.250347	0.250334	0.250347	0.559755	1.18728	1.18728	1.03205	0.729818	0.395828	0.177018	0.500658	0.500658	0.177018	0.559755	0.177018	0.177018	0.53104	0.354033	0.177018	0.395811	0.500658	0	0.177018	0.559755	0.250334	0.53104	0.729836	0.751003	1.74286	2.15971	0.177018	0.791617	0.791617	0.729818	2.87915	1.07663	2.70582	1.51212	1.18733	1.59276	0.53104	0.559773	0.751003	0.53104	1.42684	1.67884	3.28904	2.87915	0.395811	0.53104	0.500684	0.53104	0.395811	0	0	0.638208	3.12858	3.82372	0.354033	3.64436	1.94645	0.53104	0.250347	0.250347	0.395828	0.729836	0.953203	1.28852	2.53284	2.57566	1.59276	2.53292	5.05593	5.81891	5.62718	8.58032	9.403	7.74333	4.63631	0.902537	0.395811	0	0	0	0	0	1.18728	2.32702	4.24068	6.71672	6.31995	5.34206	5.38808	2.2657	1.42686	1.95447	0.53104	3.52268	5.26603	3.25089	3.8157	1.23894	1.11944	1.11944	2.21688	3.64431
0.250325	0.559722	0.530989	0.177001	0.177001	0.177001	0.250325	0.395792	0.177001	0	0.250308	0	0.500606	0.177001	0.395792	0.559722	0.250325	0.250325	0.559722	0.395792	0.177001	0.177001	0.395792	0.395792	0.177001	0.177001	0.250325	0.177001	0.177001	0.559698	0.39577	0	0.177001	0.395792	0.500641	0.353999	0.177001	0.177001	0.250308	0.39577	0.353999	0.39577	0.250308	0.177001	0.530989	0.70797	0.395792	0.638141	0.500606	0	0	0	0.177001	0.395792	0.559722	0.395792	0.177001	0.559698	0.70797	0.250325	0	0.250308	0.177001	0.353999	0.353999	0.559698	0.250308	0.530989	0.559698	0.39577	0.559698	0.559698	0.250325	0.70797	0.638182	0.729769	0.884967	0.638182	0.353999	0.39577	0.177001	0.750885	0.530989	0.70797	0.559722	0.559722	0.530989	0.353999	0.353999	0.177001	0.177001	0.353999	0.559698	0.250325	0.395792	0.638182	0.500641	0.250325	0.395792	0.559722	0.500641	0.559722	0.530989	0.353999	0.395792	0.395792	0.884908	0.250308	1.25135	0.250308	0.500606	0.39577	0.250308	0.500641	0.750937	0.750937	0.729769	0.559722	0.395792	0.177001	0.177001	0.177001	0.177001	0.250325	0.353999	0	0.353999	0.177001	0.250308	0.39577	0.70797	0.638182	0.395792	0.500641	0.750937	0.791547	0.791547	0.395792	0.530989	1.07654	1.23882	0.70797	0.638141	0	0.177001	0.559722	0.638182	0.177001	0.530989	0.884908	0.250325	0.39577	0.395792	0.250308	1.18716	1.03194	0.791502	0.729745	0.39577	0.250308	0.500606	0.39577	0.530989	0.353999	0.39577	0.353999	0.353999	0.250308	0.177001	0.177001	0.250308	0.177001	0.177001	0.250308	0.250325	0.177001	0.177001	0.395792	1.91379	2.5015	0.70797	0.750937	0.884937	0.902472	2.4574	0.530989	2.69395	0.884967	1.0012	1.84735	1.82178	1.18723	0.750937	1.41572	1.97813	1.11929	2.87885	2.76261	0.395792	0.559722	0.500641	0.395792	0.177001	0	0.177001	0.953072	2.25162	3.02173	2.13039	1.41572	3.80721	3.75784	2.79651	1.91391	1.25143	1.25143	1.88094	2.53269	3.18766	2.83525	2.18836	3.02187	5.73825	9.3005	11.2757	11.9841	9.44554	5.68135	2.53266	0.559722	0.177001	0	0	0	0	0	0.530989	1.51199	3.16317	5.68135	7.22735	8.79626	8.85797	3.89204	1.77828	1.80445	2.25162	4.07941	3.18764	3.95155	6.15867	6.21074	1.75174	1.51199	1.77826	3.97112
0.559665	0.395751	0.176984	0	0.176984	0.250299	0.176984	0	0	0	0.250286	0	0.638085	0.530938	0.500588	0.395751	0.353965	0.395735	0.250299	0.395751	0.176984	0.250286	0.250286	0	0	0.395735	0.250299	0.353965	0.530938	0.530938	0	0.250299	0.176984	0	0.176984	0.250299	0.500562	0.395751	0.530938	0.395735	0.250286	0.250286	0.250286	0.176984	0.353965	0.638085	0.250286	0.395735	0.530938	0.395751	0.250299	0.395751	0.395751	0.176984	0.250286	0.176984	0.353965	0.176984	0.729695	0.707902	0.176984	0.176984	0.353965	0.176984	0.250286	0.395735	0.176984	0.353965	0.559648	0.395735	0.395735	0.395735	0.250299	0.638085	0.176984	0.395751	0.559665	0.729677	0.395735	0.395735	0.395751	0.952986	0.395735	0.500562	0.395735	0.530938	0.530938	0.176984	0.250286	0.176984	0.395751	0.395751	0.250286	0.250299	0.176984	0	0.250286	0	0	0.176984	0.250299	0.176984	0.500562	0.176984	0.530938	0.500588	0.559648	0.176984	0.88483	0.638116	0.250299	0.559648	0.250286	0.176984	0.176984	0.250299	0.559648	0.395751	0.638116	0.638116	0.353965	0	0.176984	0.395751	0.250299	0.729677	0.638116	0.353965	0.250299	0.707902	0.559648	0.395735	0.395751	0.530938	0.176984	0.395735	0.500588	0.884852	0.353965	0.559648	0.884852	0.707902	0.559648	0.250299	0.176984	0.176984	0.250299	0.353965	0.176984	1.03185	0.500588	0.559648	0.250286	0	0.707902	0.902382	0.176984	0.395735	0.500562	0.250286	0.500562	0.176984	0.395735	0.176984	0.250286	0.395751	0.559665	0.530938	0.176984	0	0.176984	0.353965	0.176984	0.353965	0.791465	1.0011	1.0011	0.95302	2.46355	3.18729	1.0319	0.353965	0.638085	0.95302	1.80428	1.38199	2.13014	0.395751	0.353965	0.395751	1.52216	2.40589	3.14803	3.09303	1.74259	0.902382	2.69949	2.25143	0.500588	0.530938	0.250299	0.395751	0.500588	0.638116	0.95302	1.2387	1.58256	1.42657	2.32661	2.57523	0.729695	1.2513	3.12815	3.9513	2.8515	3.32158	3.62666	2.37978	2.50133	2.48253	1.1871	2.1593	4.07904	5.36714	6.45384	4.63556	1.59245	0	0	0	0	0	0	0	0	0	0	0	0	0.353965	1.11922	5.86265	10.181	9.73554	6.03658	2.87865	3.02146	4.89588	4.81923	8.14342	2.83497	9.06675	0.729695	1.38199	1.42659	4.27265
0.176967	0.176967	0	0.176967	0.395716	0.395716	0.176967	0	0.176967	0.250277	0.353931	0.250277	0.500509	0.530887	0.500544	0.500544	0.395716	0.25026	0.353931	0	0.353931	0.395694	0.25026	0	0	0.395694	0.176967	0.250277	0.353931	0.176967	0.176967	0	0.395694	0.250277	0.353931	0.250277	0.729604	0.559614	0.353931	0.500509	0.25026	0.176967	0.353931	0.395694	0.395694	0.79135	0.353931	0.395716	0.63806	0.791395	0.63806	0.559614	0.559614	0.559614	0.63806	0.729628	0.250277	0.500509	0.176967	0.79135	0.395694	0.176967	0.353931	0.176967	0.25026	0.250277	0.530887	0.395694	0.395716	0	0.353931	0	0.250277	0.176967	0.395716	0.250277	0.500544	0.707834	0.395694	0.176967	0.250277	0.395694	0.559614	0.353931	0.638018	0.559591	0.176967	0	0.250277	0.500544	0.353931	0	0	0	0.176967	0.395716	0.559614	0.395716	0.250277	0.176967	0.353931	0.395716	0.559591	0.176967	0.395694	0.176967	0.176967	0.395716	0.353931	0	0.500509	0.500544	1.11912	0.791395	0.559614	0.500544	0.729604	0.176967	0.176967	0.395716	0.729628	0.63806	0.250277	0.25026	0.25026	1.00094	0	0.500509	0.25026	0.395694	0.395716	0.530887	0.353931	0.530887	0.530887	0.559591	0.353931	0.638018	0.395694	0.395716	0.707834	0.902274	0.729604	0.250277	0.500544	0.729628	0.353931	0.176967	0.250277	0.353931	0.750793	0.395716	0.176967	0.395716	0.353931	0.395694	0.353931	0.353931	0.395694	0.25026	0.395694	0.250277	0.176967	0.25026	0.176967	0.395716	0.395716	0.176967	0.176967	0.250277	0.176967	0.176967	0.395716	0.530887	0.395694	0	0.176967	1.51169	4.06343	2.8347	0.902274	0.395694	0.63806	1.06168	0.353931	1.84692	1.5824	0.353931	0.176967	0.75074	0.25026	0.707834	2.13	2.26519	2.15921	2.21636	2.30612	1.00094	0.63806	0.707834	0.500544	0.729628	0.884797	1.187	1.34753	1.28815	1.25114	0.559591	0.395716	1.84699	3.16256	3.2501	2.74512	1.11912	3.14775	4.63514	4.02896	3.30242	1.94589	2.79582	2.40568	3.95089	5.60607	3.05201	0.729628	0.176967	0	0	0	0	0	0	0	0	0	0	0	0	0	0	0	1.76911	5.3086	9.56753	11.2376	8.80668	4.675	4.50239	8.39839	4.81883	4.75417	6.23678	1.42645	3.35382	3.30242	3.95079
0	0.17695	0.250251	0.395659	0.395659	0.353897	0.395659	0	0.250238	0	0.250238	0	0.17695	0.395675	0.500492	0.500492	0.395675	0.250238	0.395675	0.559558	0.729555	0.729555	0.250251	0.17695	0.250251	0	0.353897	0.395659	0	0.17695	0.250251	0.250251	0.55954	0.250238	0.353897	0.17695	0.395659	0.500492	0.637993	0.17695	0.353897	0.17695	0.250238	0.353897	0.707766	0.55954	0.395659	0.17695	0.17695	0	0.353897	0.17695	0.17695	0.395675	0.500492	0.729555	0.729555	0.17695	0.250251	0.637962	0.500466	0.395659	0.707766	0.729555	0.55954	0.250238	0.395659	0.729537	0.500492	0.559558	0.250251	0.55954	0.500492	0.530836	0	0.395675	0.559558	0.395675	0.17695	0	0	0.17695	0.395675	0.500492	0.729537	0.395659	0	0	0.395659	0.250251	0.55954	0.250251	0.250251	0.250251	0.17695	0.395659	0.530836	0.530836	0.17695	0.250238	0.500466	0.395659	0.395659	0.17695	0.17695	0.250238	0	0.250238	0.17695	0.250251	0.530836	0.707766	0.707766	0.729555	0.637993	0.395675	0.79128	0.395659	0.250251	0.353897	0.17695	0.395659	0.395659	0.353897	0.17695	0.79128	0.500492	0.530836	0	0.637993	0.884704	0.500492	0	0.707766	0.729555	0.17695	0.500492	0.902209	0.637993	0.500492	0.707766	0.395659	0.707766	0.750714	0.952837	1.07623	0.884682	0.500492	0.395675	0	0.395675	0.353897	0.17695	0.17695	0.395659	0.55954	0	0.395675	0.559558	0.395675	0.17695	0.637993	0.637993	0.530836	0.17695	0.250238	0	0	0	0.17695	0.250251	0.250251	0.559558	0.791313	0.729555	0.500492	0.637962	2.8563	3.1324	0.250251	0.750675	0.884704	1.27583	0.637962	1.80397	1.28802	1.00086	0.500466	0.17695	0.55954	0.559558	1.11897	2.15888	0.637962	0.884704	1.11901	0.55954	0.395675	0.559558	0.729555	0.637993	0.530836	0.530836	0.707766	0.707766	0.884682	1.23846	0.884704	0.729555	0.500492	0.707766	1.251	2.91579	2.30592	1.18683	2.12973	1.0317	3.18674	2.55039	4.09731	4.24645	5.35742	4.25372	1.23846	0	0	0	0	0	0	0	0	0	0	0	0	0	0	0	0	0	0	0.353897	2.8509	7.5221	11.7927	8.6122	3.6043	8.61049	4.90465	1.84675	3.43156	5.35726	8.62118	6.48356	1.80397
0.250229	0.250211	0.250229	0.559483	0.559483	0.176933	0.500413	0	0.176933	0.250229	0.176933	0	0	0	0	0	0.395618	0.559483	0.250229	0.39564	0.707698	0.39564	0.395618	0.395618	0.250229	0.395618	0.176933	0.559483	0.250211	0.395618	0.353863	0.500448	0.707698	0.791198	0.395618	0.395618	0.395618	0.395618	0.176933	0.395618	0.176933	0.39564	0.39564	0.250211	0.559483	0.176933	0.500413	0.395618	0.530785	0.530785	0.176933	0	0	0	0	0.176933	0.559483	0.395618	0	0.500413	0.500413	0.500413	0.884568	0.559483	0.884568	0.176933	0.176933	0.353863	0.500448	0.39564	0.395618	0.884568	0.250229	0.559483	0.395618	0.395618	0.176933	0	0	0	0	0.176933	0.250211	0.559507	0.559507	0.176933	0	0	0.500413	0	0.353863	0.500448	0.353863	0	0	0.500413	0.500413	0.500413	0.395618	0.176933	0.353863	0.707698	0.39564	0.250211	0.250229	0.176933	0	0.176933	0.530785	0.500448	0.530785	0.250211	0.559483	0.176933	0	0.395618	0.637896	0.500413	0.395618	0.750596	0.250211	0.902101	0.559507	0.395618	0	0.353863	0.500448	0.39564	0.395618	0.791198	0.530785	0.395618	0.395618	0.952705	0.39564	0.395618	0.395618	0.559483	0.250229	0.250229	0.559483	0.250229	0.176933	0	0.500413	0.637896	0.729464	0.500448	0.530785	0.637896	0.729488	0.559507	0.395618	0	0.176933	0.559483	0.395618	0	0.395618	0.250229	0.750596	0.530785	0.530785	0.559483	0.250229	0.176933	0	0	0	0.395618	0.250229	0.250229	0.902101	0.729488	0.791198	0	1.27563	3.25886	1.74201	0.952751	0.395618	1.25092	0.884627	2.37895	1.67802	0.729464	0.637896	0.884568	0.395618	0.39564	0.530785	1.03155	2.15866	1.11886	0.530785	0.395618	0	0	0.176933	0.39564	0.530785	0.176933	0.500413	0.500413	0.500413	0.884568	1.3472	0.750649	0.902125	0.750649	0.902125	1.23834	1.11886	1.74201	2.12959	2.9155	1.91306	1.51134	1.84664	3.81377	3.47188	2.70452	0.884597	0	0	0	0	0	0	0	0	0	0	0	0	0	0	0	0	0	0	0	0	0	1.41518	10.5322	11.1487	2.53159	4.66075	4.12337	1.77758	3.25886	8.67275	9.86611	5.3046	6.35546
0.176916	0.395583	0.176916	0.353829	0.729415	0.637871	0.530734	0.395599	0.500396	0.395599	0.176916	0	0	0	0	0.176916	0.559433	0.395583	0	0	0.353829	0.637871	0.55945	0.25019	0.250203	0.25019	0.250203	0.395583	0.50037	0.395583	0.55945	0.884535	0.791161	0.791128	0.395583	0.395583	0.395583	0.176916	0.395599	0.176916	0.500396	0.500396	0.500396	0.530734	0.395583	0	0.395583	0.395583	0.395583	0.395583	0	0	0	0	0	0	0.395583	0.559433	0.25019	0.559433	0.559433	0.395583	0.729397	0.55945	0.88449	0.176916	0.176916	0	0	0.176916	0.559433	0.63784	0.395599	0.25019	0.63784	0.50037	0	0.176916	0.250203	0.25019	0.395599	0.500396	0.530734	0.395583	0	0	0	0.176916	0.395583	0	0.176916	0.250203	0.559433	0.250203	0.250203	0.25019	0.530734	0.530734	0.395583	0	0	0.395583	0.250203	0.395583	0	0.176916	0.176916	0.176916	0.395583	0.353829	0.729397	0.25019	0.530734	0.500396	0.395599	0.559433	0.559433	0.25019	0.530734	0.63784	0.395583	0.791128	0.395599	0.176916	0.637871	0.75057	0.637871	0.353829	0.353829	1.06138	0.952654	0.55945	0.395583	0.88449	0.176916	0.395583	0.63784	0.50037	0	0	0.63784	0.729415	1.00072	1.00072	1.18665	0.884535	0.176916	0.176916	0.50037	0.791128	0.791161	0.952654	0.395599	0.176916	0.395599	0.530734	0.395583	0	0.395583	0.250203	0.750531	0.530734	0.530734	0.25019	0.250203	0.250203	0.250203	0.176916	0	0.395583	0.176916	0.176916	0.750531	0.729397	1.63063	1.52157	2.12939	2.53136	0.559433	0.75057	1.28777	1.97724	2.15857	2.40488	1.03146	0.902017	0.637871	1.42606	0.637871	0.176916	0.395583	1.13264	1.87992	0.791128	0.70763	0.70763	0.637871	0.75057	0.637871	0.500396	0.70763	0.500396	0.70763	0.530734	0.395583	1.00066	1.5008	0.176916	0.530734	0.353829	0.395599	1.23822	1.11879	1.41504	1.41504	2.85032	3.60368	3.041	3.0204	4.32895	5.12904	3.92202	0.884512	0	0	0	0	0	0	0	0	0	0	0	0	0	0	0	0	0	0	0	0	0	0	7.86206	12.4976	6.19055	3.85802	3.92202	5.1168	10.1771	13.3917	7.06055	7.12741	8.17572
0.395542	0.176899	0.395542	0.353795	0.637814	0.729348	0.395564	0.530683	0.500352	0.530683	0.395542	0	0	0	0	0.395542	0.559376	0.176899	0	0	0.353795	0.729348	0.559399	0.250163	0.250181	0.250163	0.250181	0.176899	0.500317	0.176899	0.559399	0.952568	0.791091	0.353795	0.176899	0.176899	0.176899	0.637773	0.530683	0.637773	0.500352	0.500352	0.500352	0.395564	0.176899	0	0.176899	0.176899	0.176899	0.176899	0	0	0	0	0	0	0.176899	0.559376	0.750452	0.559376	0.559376	0.176899	0.395564	0.559399	0.637773	0.395542	0.395542	0	0	0.395542	0.559376	0.176899	0.530683	0.250163	0.884398	0.500317	0	0.395542	0.250181	0.750452	0.530683	0.500352	0.395564	0.176899	0	0	0	0.395542	0.176899	0	0.395542	0.250181	0.559376	0.250181	0.250181	0.250163	0.395564	0.395564	0.176899	0	0	0.176899	0.250181	0.176899	0	0.395542	0.395542	0.395542	0.176899	0.791046	0.952522	0.750452	0.395564	0.500352	0.530683	0.559376	0.559376	0.250163	0.395564	0.176899	0.176899	0.353795	0.530683	0.637773	0.729348	0.750504	0.729348	0.791046	0.353795	0.791091	0.884457	0.559399	0.176899	0.637773	0.395542	0.176899	0.884398	0.500317	0	0	0.884398	1.28761	1.00063	1.00063	1.1326	1.07592	0.637773	0.395542	0.500317	0.353795	0.791091	0.884457	0.729324	0.395542	0.530683	0.395564	0.176899	0	0.176899	0.250181	0.250163	0.395564	0.395564	0.250163	0.250181	0.250181	0.250181	0.395542	0	0.176899	0.395542	0.395542	0.250163	0.952522	2.2984	1.67777	1.97704	1.4259	0.559376	0.750504	1.1326	1.87986	2.12925	1.18654	0.250181	0.559399	0.884427	1.28765	1.51104	0.395542	0.176899	1.38131	1.63044	0.353795	0.707562	0.707562	0.729348	0.750504	0.729348	0.500352	0.707562	0.500352	0.707562	0.395564	0.176899	1.00056	1.50065	0.395542	0.395564	0.791046	0.729324	1.07592	1.11869	1.41491	1.41491	1.90461	3.16135	3.04074	2.85015	3.79275	5.6452	5.85976	1.97696	0	0	0	0	0	0	0	0	0	0	0	0	0	0	0	0	0	0	0	0	0	0	3.5335	11.4361	9.98234	3.6419	3.35724	10.2711	17.0831	12.3406	6.01578	10.0153	7.0074
0.559325	0.176882	0.395507	0.530632	0.5003	0.353761	0	0.395507	0.250155	0.559325	0.395507	0	0	0.176882	0.250155	0.559325	0.530632	0.5003	0.5003	0.395523	0.395507	0.500274	0.500274	0.500274	0.176882	0.559325	0.250155	0.250155	0.395507	0	0.500274	0.500274	0.353761	0.5003	0.395523	0.176882	0.176882	0.637717	0.530632	0.750386	0.250155	0.250155	0.176882	0	0.176882	0.395523	0.5003	0.5003	0.395523	0.176882	0.176882	0.250155	0.250142	0.250155	0.250155	0.250155	0.176882	0.395507	1.03126	0.637717	0.395507	0.176882	0.395507	0.395507	0.395507	0.637717	0.500274	0.353761	0.395523	0.395507	0.500274	0.500274	0.395507	0.637717	0.790976	0.729257	0.250155	0.559325	0.176882	1.00047	0.500274	0	0	0	0	0	0	0.395507	0.250155	0.250155	0.530632	0.637748	0.729275	0.395523	0.250155	0.395507	0.176882	0.250155	0.176882	0.176882	0.250155	0.250142	0.176882	0.353761	0.5003	0.530632	0.637717	0.500274	0.176882	0.952437	0.790976	0.88432	0.176882	0	0.500274	0.395507	0.559325	0.250142	0.250155	0.250142	0.250155	0.176882	0.500274	0.88432	0.530632	0.5003	0.530632	0.750386	0.559325	0.176882	0.176882	0.395507	0.176882	0.559325	0.559325	0.250142	1.03126	0.250142	0.250155	0.176882	1.13242	1.52121	0.176882	0	0.176882	0.952437	1.11854	0.530632	0.559325	0.250155	0.530632	0.5003	0.952437	0.559325	0.395507	0	0	0	0	0	0.176882	0.250155	0.250155	0.559325	0.176882	0.176882	0.250155	0.395507	0.176882	0.250155	0.637717	0.500274	0	0.88432	2.40439	1.18637	1.13242	0.637717	1.13242	0.353761	0.530632	0.250142	0.250155	0.395507	0.790976	0.5003	0.637717	0.901844	2.13625	0.729275	0.637748	1.51091	1.27528	0.176882	0.559325	0.395507	0.500274	0	0.395507	0.395523	0.707494	0.395523	0.395507	0.176882	0.395523	0.790976	1.50052	0.790976	0.395523	0.952437	1.0758	0.729275	0.530632	0.637717	1.11854	0.353761	0.395507	0.901844	0.901862	0.884342	4.2116	6.69308	3.04027	0	0	0	0	0	0	0	0	0	0	0	0	0	0	0	0	0	0	0	0	0	0	0	8.39448	11.3791	4.42727	2.37828	13.4105	19.5095	5.36381	8.5327	10.8985	5.85918
0.395466	0.250115	0.176865	0.395488	0.500256	0.395488	0.250133	0.395488	0.500256	0.530581	0.353727	0.250133	0.176865	0.250115	0	0.395466	0.395488	0.500256	0.500256	0.530581	0	0.530581	0.530581	0.395466	0.395466	0.559268	0.176865	0	0.395466	0.250133	0.250115	0.559268	0.250115	0.250133	0.353727	0.395466	0.250115	0.250133	0.250133	0.353727	0.395488	0.250133	0.353727	0.176865	0.395466	0.353727	0.250133	0.176865	0.250115	0.176865	0.395466	0	0.637651	0.250133	0.176865	0.176865	0.395488	0.395488	0.750308	0.790894	0.353727	0.353727	0	0.176865	0.250115	0.637651	0.559268	0.729184	0.559292	0.395488	0.395466	0.395466	0.176865	0.637651	0.250115	0.884228	0.176865	0.637651	0.250115	1.00037	0.637651	0.395488	0.500256	0.500256	0.353727	0.353727	0.500256	0.250133	0.176865	0.250133	0.395488	0.395488	0	0.353727	0.250133	0.353727	0	0.250133	0.176865	0.250115	0	0.637651	0.353727	0.637651	0	0.176865	0.637651	0.500221	0.176865	0.353727	0.729208	0.559268	0.395466	0.250133	0.530581	0.395488	0.395466	0.176865	0.250133	0.250133	0.250133	0.176865	0.395466	0.790894	0.353727	0.395488	0.729208	0.729208	0.353727	0.176865	0.530581	0.176865	0.530581	0.353727	0.395466	0.729184	1.11843	0.395488	0.176865	0.250115	1.25039	1.27514	0.559292	0.395488	0.353727	0.500221	1.03115	0.353727	0.901754	0.637692	0.637692	0.75036	0.707426	0.559268	0.176865	0	0	0	0	0	0.250115	0	0	0.395466	0.353727	0.353727	0.250133	0.176865	0.250115	0	0.750308	0.500221	0.176865	0.637651	2.12869	1.50036	1.4256	0.729184	1.50036	0.729184	0.250133	0.353727	0.395488	0.176865	1.13231	0.395488	0.395488	1.38105	2.53061	1.58158	1.91244	1.84593	1.07572	0.559292	0.530581	0.176865	0.395466	0.176865	0.250133	0.729208	0.952385	0.952385	0.637692	0.559292	0.559292	0.176865	1.28736	1.45813	0.176865	0.790939	1.58158	1.50046	0.884287	0.250115	1.11843	0.790894	0.176865	0.559292	0.901778	1.07569	3.39799	6.88459	4.21117	0.176865	0	0	0	0	0	0	0	0	0	0	0	0	0	0	0	0	0	0	0	0	0	0	5.40923	11.1979	9.37074	4.6323	13.7708	18.4738	5.29088	8.44604	10.0029	5.47731
0.353693	0	0.395447	0.395447	0.176848	0.250093	0	0.176848	0.559235	0.790857	0.500204	0.250107	0.353693	0	0.176848	0.176848	0.176848	0.176848	0.395447	0.53053	0.176848	0.250093	0.250093	0.250093	0.500177	0.500177	0.250093	0	0.500177	0.176848	0.250107	0.395431	0.353693	0.500204	0.395447	0.395431	0.250107	0.395447	0.395431	0.176848	0.353693	0.250107	0.353693	0.395431	0.395431	0.353693	0.176848	0.395431	0.353693	0.176848	0.395431	0.395447	0.559218	0.176848	0.176848	0.395431	0.395447	0.500204	0.353693	0.559218	0.53053	0.395431	0.395431	0.176848	0.395431	0.250093	0.395431	0.559218	0.395447	0.176848	0.176848	0.353693	0.250107	0.559235	0.750282	1.2503	0.952288	1.23775	0.500204	0.88415	0.750242	0.250093	0	0.176848	0.53053	0.729117	0.250093	0.353693	0.395431	0	0.176848	0.395447	0.559235	0.559235	0.500204	0.53053	0.500177	0.395447	0.395447	0.353693	0.250107	0.637595	0.176848	0.707358	0.750282	0.637626	0.53053	0.395431	0	0.559218	0.729135	0.500204	0.250093	0.176848	0.250107	0.500204	0.395447	0.353693	0.250107	0.250107	0.176848	0.353693	0.559235	0.901671	0.559235	0.729135	1.07561	0.884195	0.637626	0.395447	0.559218	0.395431	0.395431	0.395447	0.750282	1.07561	0.901671	0.500204	1.00033	0.884195	0.88415	0.952254	0.395447	0.353693	0.500204	0.637626	0.637595	0.353693	0.88415	0.250093	0	0.176848	0.353693	0.637595	0	0	0	0	0	0	0.250093	0.176848	0.176848	0.250107	0.395447	0.176848	0	0	0.176848	0.395447	0.729117	0.176848	1.25032	1.74125	2.12855	1.84569	1.51062	0	1.82011	0.559218	0.395431	0.559218	0.500204	0.637626	0.637595	0.729135	0.353693	1.62998	2.87639	1.34656	1.28728	0.884195	0.395447	0.353693	0	0.395447	0.250107	0.176848	0.395431	0.637595	0.395447	0.707358	0.500204	0.395447	0.353693	0.395447	0.176848	1.59123	1.4255	0.637595	0.637626	0.790857	0.884173	0.901671	0.952254	0.88415	0	0	0.500177	0.88415	2.4553	6.40315	5.36281	1.07559	0	0	0	0	0	0	0	0	0	0	0	0	0	0	0	0	0	0	0	0	0	0	1.76792	7.21245	12.2509	9.51995	13.3179	17.5541	10.0757	7.39474	8.86578	4.73444
0.559186	0.395413	0.353662	0.353662	0.395396	0.250072	0.176833	0.353662	0.750177	0.353662	0.500134	0.250085	0.176833	0.250072	0.250072	0	0.395396	0.530484	0.559186	0.250085	0.353662	0.559186	0.559186	0.559186	0.530484	0.395396	0.250085	0.63757	0.559186	0.176833	0	0.250072	0	0.176833	0.250085	0	0.176833	0.176833	0.250072	0.395413	0.395413	0.176833	0.176833	0.559169	0.176833	0.395396	0.176833	0.395396	0.395413	0.176833	0.176833	0.559169	0.250085	0.250072	0.353662	0.353662	0.250085	0.395413	0.176833	0.176833	0.559169	0.750177	0.395396	0.559169	0.707297	0.50016	0.530484	0.395396	0	0.250072	0.176833	0.530484	0.50016	0.63757	0.884118	1.23764	0.729071	1.0755	0.790788	0.884095	0.559169	0.176833	0.250085	0.353662	0.353662	1.11827	1.25021	0.50016	0.559169	0.250085	0.395396	0.176833	0.395413	0.559186	0.50016	0.530484	0.637539	0.395396	0.353662	0.395396	0	0.500134	0	0.176833	0.395413	0.559169	0.250085	0.63757	0.750216	0.707297	0.395396	0.395396	0.395413	0.530484	0.395396	0	0	0.250072	0	0.176833	0.530484	0.530484	0.395396	0.637539	0.395413	0.530484	0.500134	0.250085	0.353662	0.176833	0.395413	0.353662	0.790788	1.13217	1.18609	1.51054	1.13217	0.63757	0.90161	1.11827	0.952205	1.23764	1.00024	0.63757	0.395396	0	0.395413	0.63757	0.250072	0.395413	0.176833	0.250072	0.250072	0.637539	0.250085	0.176833	0	0	0	0	0.395396	0.353662	0.395396	0.250072	0.176833	0.250085	0.176833	0	0	0.395396	0.559169	0.500134	1.74103	2.30439	2.7938	1.58127	0.559186	1.58127	1.42537	0.176833	1.06088	1.11827	1.03102	0.90161	0.395396	0.530484	0.729053	1.25017	2.79369	1.97623	0.952171	0.530484	0.50016	0.559186	0.559186	0.395413	0.353662	0.176833	0.395396	0.884073	0	0.500134	0	0.176833	0.530484	0.50016	0.729053	0.395396	1.74103	1.28713	0.395413	0.176833	0.530484	1.11827	0.952205	0.559169	0	0	0.500134	0.637539	1.74103	5.07802	6.25443	3.88437	1.06088	0	0	0	0	0	0	0	0	0	0	0	0	0	0	0	0	0	0	0	0	0	0	1.76777	8.49127	12.2343	13.643	15.0828	10.6844	5.92327	7.12413	3.87227
0.395371	0.395371	0.176814	0.176814	0.55911	0.353625	0.395355	0.250059	1.07539	0.728995	0.395355	0.250059	0.176814	0.250045	0.176814	0.250059	0.395355	0.395355	0.395371	0.559128	0.707222	0.559128	0.559128	0.559128	0.395371	0.176814	0.395355	0.530429	0.395371	0.176814	0	0.250045	0.176814	0.353625	0.250059	0.353625	0.176814	0.250045	0.176814	0.395371	0.395371	0.353625	0.176814	0.353625	0.500108	0.530429	0.250045	0.353625	0.176814	0.500081	0	0.637472	0.176814	0.250059	0.530429	0.176814	0.250045	0.395355	0.353625	0.176814	0.395355	0.952071	0.559128	0.901498	0.707222	0.395371	0.637472	0.637472	0.250059	0	0.353625	0.728977	0.637503	0.637503	0.559128	0.901498	0.559128	0.901498	0.637503	0.728995	0.250059	0.176814	0.176814	0.250045	0.637472	0.176814	0.883981	0.353625	0.55911	0.250059	0.55911	0.250059	0.250059	0.395371	0.500108	0.395371	0.55911	0.395355	0.55911	0.530429	0.250045	0.395355	0.176814	0.250059	0.395355	0.637472	0.500081	0.250059	0.250059	0.353625	0	0.395355	0.250059	0.530429	0.250045	0.250059	0.176814	0.250045	0	0.250045	0.500081	0.250045	0.395355	0.55911	0.176814	0.176814	0.353625	0.250059	0.884003	1.00014	0.901516	0.901498	1.25006	1.13205	1.18596	1.0754	0.884025	1.00014	0.901516	0.728995	0.637503	0.790672	0.176814	0.530429	0.728995	0.750138	0.728995	0.500108	0.530429	0.176814	0.250045	0.250059	0.395371	0.250045	0.250059	0.353625	0.176814	0	0	0.176814	0.395355	0.250059	0.530429	0.176814	0.250045	0	0.250045	0.176814	0.250059	0.637472	0.500081	0.55911	1.84533	2.76538	1.52062	0.790672	1.25006	0.952105	0.176814	1.23751	1.7764	1.42526	0.728995	0.750098	0.55911	0.250059	0.750098	0.883981	2.40347	2.06106	1.11811	0.707222	0.500108	0.559128	0.395371	0.250059	0.395371	0.559128	0.395371	0.883981	0	0.500081	0	0.395355	0.55911	0.176814	0.55911	0.395371	0.901498	1.76758	1.06077	0.250045	0.559128	0.790705	0.559128	0.176814	0.176814	0.250059	0.395355	0.500081	1.03086	2.87589	5.31562	6.709	3.51852	0	0	0	0	0	0	0	0	0	0	0	0	0	0	0	0	0	0	0	0	0	0	0	2.84868	9.28071	13.6321	13.8812	10.4357	4.66118	4.63099	3.24235
0	0.176799	0.250037	0.250037	0.559062	0.39532	0.500038	0.39532	0.728913	0.790603	0.353594	0.500064	0.530382	0.39532	0	0	0.176799	0.395337	0.500064	0.395337	0.559062	0.530382	0.530382	0.39532	0	0	0.500038	0.500038	0.39532	0.176799	0.353594	0.395337	0.176799	0.176799	0.250037	0.176799	0.176799	0.395337	0.395337	0.176799	0.39532	0.176799	0.176799	0.250024	0.250037	0.176799	0.500038	0.39532	0.395337	0.353594	0	0.353594	0.353594	0.39532	0.176799	0.176799	0.395337	0.707161	0.395337	0.39532	0.176799	0.728913	0.530382	0.637417	0.500038	0.39532	0.637417	0.637417	0.250037	0.530382	0.395337	0.951988	0.728931	0.559079	0.176799	0.883903	0.530382	0.951988	0.250037	0.176799	0.39532	0.530382	0.530382	0.39532	0.353594	0.500064	0.728913	0.176799	0.500038	0	0.500038	0	0	0	0	0	0.500038	0.176799	0.951988	0.395337	0.750033	0.176799	0.39532	0.250037	0.559062	0.250024	0.728913	0.500064	0.353594	0.39532	0.39532	0.176799	0.530382	0.395337	0.250024	0.250037	0.39532	0.39532	0.250037	0.39532	0.500038	0.39532	0.395337	0.707161	0.530382	0.250037	0.530382	0.353594	1.27468	0.500064	0.883926	0.883926	1.18581	0.530382	0.395337	0.250024	0.250024	0.559079	0.637448	0.530382	0.250024	0.559079	0.728931	0.176799	0.395337	0.500064	0.395337	0.250037	0.559062	0.39532	0.176799	0.39532	0	0	0	0.176799	0.39532	0	0	0.39532	0.176799	0.39532	0.176799	0	0.176799	0.250037	0.176799	0.39532	0.250037	0.883903	0.500038	0.176799	1.07529	3.0183	2.29716	1.34624	0.637417	0.530382	0.951988	1.5102	1.28688	0.395337	1.24993	0.637417	0.176799	0.39532	0.637417	0.637417	2.12791	2.01494	1.03077	0.559062	0.250037	0.39532	0	0.353594	0.500064	0.530382	0.250037	0.637417	0	0.500038	0	0.500038	0.500038	0.176799	0.395337	0.530382	0.559062	1.4251	1.7407	0.750033	0.559062	0.39532	0.500038	0	0.39532	0.250037	0.176799	0.500038	0.637417	1.07529	2.14986	6.92429	5.6746	0	0	0	0	0	0	0	0	0	0	0	0	0	0	0	0	0	0	0	0	0	0	0	0.353594	5.38144	11.4284	12.6051	10.0218	4.02495	2.54809	2.99756
0.176782	0	0	0	0.499985	0.499985	0.39528	0.530331	0.530331	0.749954	0.559005	0.249997	0.559005	0.63735	0	0.176782	0.176782	0.176782	0.176782	0.176782	0.559005	0.39528	0.499985	0.499985	0	0.176782	0.72884	0.530331	0.559005	0.250015	0.39528	0.176782	0.395302	0.395302	0.250015	0.250015	0.250015	0.395302	0.395302	0.249997	0.530331	0.395302	0.176782	0.39528	0.250015	0.250015	0.559005	0.39528	0.176782	0.250015	0.250015	0.395302	0.530331	0.39528	0.176782	0.395302	0.50002	0.707093	0.395302	0.39528	0	0.39528	0.530331	0.35356	0.35356	0.530331	0.39528	0.39528	0.250015	0.39528	0	0.883811	0.559005	0.39528	0.176782	0.883811	0.39528	0.749954	0.176782	0.176782	0.39528	0.39528	0.249997	0.530331	0.395302	0.250015	0.39528	0.176782	0.559005	0.176782	0.499985	0.176782	0.250015	0.250015	0.250015	0.250015	0.559005	0.250015	0.901329	0.559028	0.749954	0.249997	0.530331	0.395302	0.249997	0.250015	0.39528	0.176782	0.559005	0.63735	0.39528	0.250015	0.249997	0.250015	0.176782	0.50002	0.35356	0.35356	0.50002	0.35356	0.39528	0.530331	0.50002	0.530331	0.39528	0	0.499985	0.39528	1.42493	0.35356	0.35356	0.707093	0.951891	0.39528	0	0	0.39528	0.530331	0.50002	0.530331	0.249997	0.395302	0.176782	0.559028	0.637391	0.50002	0.50002	0.637391	0.901354	0.559028	0.176782	0.499985	0	0	0.176782	0.250015	0.249997	0.250015	0.176782	0.63735	0.395302	0.72884	0.176782	0.176782	0.250015	0.250015	0.559028	0.728864	0.395302	0.951891	0.790566	1.58083	2.37049	2.64984	1.42496	0.637391	0.750007	0.951937	0.883841	1.13177	1.1179	0.395302	1.3804	0.63735	0.395302	0.530331	0.63735	0.63735	2.15681	1.91142	1.03067	0.530331	0.35356	0.35356	0.50002	0.707093	0.50002	0.72884	0.250015	0.559005	0.250015	0.559005	0.250015	0.559005	0.39528	0	0	0.499985	0.790522	0.790522	1.51004	1.62944	1.58083	1.27463	0.50002	0.530331	0.728864	0.395302	0.176782	0.39528	0.559005	0.559005	1.03067	7.00493	6.11314	0	0	0	0	0	0	0	0	0	0	0	0	0	0	0	0	0	0	0	0	0	0	0	0	4.24952	9.42873	10.7272	12.4523	12.503	7.70175	1.97576
0.395244	0	0	0	0.499942	0.499942	0.176765	0.395261	0.395261	0.249976	0.558954	0.749889	0.558954	0.883734	0	0.395244	0.395244	0.395244	0.395244	0.395244	0.558954	0.176765	0.499942	0.499942	0	0.395244	0.951805	0.395261	0.558954	0.249989	0.176765	0.395244	0.530281	0.530281	0.249989	0.249989	0.249989	0.530281	0.530281	0.749889	0.395261	0.530281	0.395244	0.176765	0.249989	0.249989	0.558954	0.176765	0.395244	0.249989	0.249989	0.530281	0.395261	0.176765	0.395244	0.530281	0.499968	0.707025	0.530281	0.176765	0	0.176765	0.395261	0.353526	0.353526	0.395261	0.176765	0.176765	0.249989	0.176765	0	0.637294	0.558954	0.176765	0.395244	0.637294	0.176765	0.249976	0.395244	0.395244	0.176765	0.176765	0.249976	0.395261	0.530281	0.249989	0.176765	0.395244	0.558954	0.395244	0.499942	0.395244	0.249989	0.249989	0.249989	0.249989	0.558954	0.249989	0.558972	0.901246	0.249976	0.749889	0.395261	0.530281	0.249976	0.249989	0.176765	0.395244	0.558954	0.883734	0.176765	0.249989	0.249976	0.249989	0.637294	0.499968	0.353526	0.353526	0.499968	0.353526	0.176765	0.395261	0.499968	0.395261	0.176765	0	0.499942	0.176765	1.18558	0.790451	0.353526	0.707025	0.728773	0.176765	0	0	0.176765	0.395261	0.499968	0.395261	0.249976	0.530281	0.637294	0.558972	0.728791	0.499968	0.499968	0.728791	0.901264	0.558972	0.395244	0.499942	0	0	0.395244	0.249989	0.249976	0.249989	0.395244	0.883734	0.530281	0.951805	0.395244	0.395244	0.249989	0.249989	0.901246	0.637325	0.530281	0.728773	0.790484	2.12021	2.57205	1.97555	0.951839	0.728791	0.749928	0.883778	0.637325	0.395244	1.1178	0.530281	1.13167	0.883734	0.530281	0.395261	0.883734	0.883734	2.4028	1.66709	1.03057	0.395261	0.790451	0.353526	0.499968	0.707025	0.499968	0.951805	0.249989	0.558954	0.249989	0.558954	0.249989	0.558954	0.176765	0	0	0.499942	0.353526	0.353526	0.637325	1.50996	1.58067	1.27449	1.1178	1.18558	0.637325	0.530281	0.395244	0.176765	0.558954	0.558954	2.01455	7.00432	5.37178	0	0	0	0	0	0	0	0	0	0	0	0	0	0	0	0	0	0	0	0	0	0	0	0	3.75261	7.26807	6.88096	10.3987	13.0283	11.0045	4.52136
0.395204	0	0	0.176748	0.395204	0.395204	0.176748	0	0.176748	0.395226	0.53023	0.883642	0.637228	1.03047	0.249967	0.395204	0.637228	0.558898	0.53023	0.53023	0.395204	0	0.499889	0.395204	0.395226	0.706957	0.79037	0	0.353492	0.499924	0.395226	0.558898	0.53023	0.706957	0.395226	0.249949	0.249967	0.249949	0.558898	0.74981	0.249967	0.558898	0.558898	0.176748	0.176748	0.176748	0.395204	0.176748	0.499889	0.176748	0.249967	0.395204	0	0	0.499889	0.499889	0	0.499889	0.499889	0	0.176748	0.395226	0.499924	0.706957	0.706957	0.395226	0.249949	0.249967	0.249949	0.249967	0.249967	0.395204	0.395204	0.176748	0.499889	0.395204	0.395226	0.499924	0.53023	0.249949	0.249967	0.249967	0.53023	0.395226	0.395204	0	0.176748	0.53023	0.706957	0.353492	0.395204	0.249949	0.249967	0.176748	0.176748	0.176748	0.395204	0.176748	0.176748	0.883642	0	0.79037	0.637269	0.728724	0.53023	0.395226	0.499924	0.728724	0.728724	0.79037	0	0	0.353492	0.499924	0.637228	0.249967	0.395204	0.395204	0.249967	0.249949	0.395226	0.395226	0.176748	0	0	0.176748	0.558898	0.176748	0.999703	0.999703	0.637228	0.558898	0.558898	0.249967	0.176748	0.176748	0.249967	0.176748	0	0	0.395204	0.53023	0.79037	0.499889	0.395204	0.176748	0.176748	0.395204	0.353492	0.53023	0.395204	0.395204	0.249967	0.249967	0.53023	0.499924	0.53023	0.176748	0.395204	0.883642	0.395204	0.74981	0.558898	0.395204	0.176748	0.249967	0.74981	0.249967	0.249949	0.883701	2.06793	2.65522	1.95151	0.951754	0.353492	0.637228	0.395226	0.395226	0.637228	0.176748	0.883642	0.395226	0.901156	0.637228	0.790414	0.999773	0.706957	1.42465	2.60778	1.34579	0.74981	0.395226	0.951708	0.395204	0	0.395204	0.395226	0.951708	0.176748	0.395204	0.249967	0.395204	0	0.395204	0.395226	0.395226	0.176748	0.395204	0.249967	0.249967	0.53023	0.353492	0.353492	0.706957	1.66692	1.52004	0.395226	0.706957	0.53023	0.249967	0.558898	0.637228	2.49793	6.96413	4.98639	0	0	0	0	0	0	0	0	0	0	0	0	0	0	0	0	0	0	0	0	0	0	0	0	3.49497	6.1019	1.87812	0.79037	5.98738	11.164	8.17553
0.176731	0	0	0.395169	0.176731	0.176731	0.395169	0	0.395169	0.530179	0.395185	0.637172	0.883564	1.03038	0.249941	0.176731	0.883564	0.558847	0.395185	0.395185	0.176731	0	0.499846	0.176731	0.530179	0.706889	0.353458	0	0.353458	0.499872	0.530179	0.558847	0.395185	0.706889	0.530179	0.749745	0.249941	0.249928	0.558847	0.249928	0.249941	0.558847	0.558847	0.395169	0.395169	0.395169	0.176731	0.395169	0.499846	0.395169	0.249941	0.176731	0	0	0.499846	0.499846	0	0.499846	0.499846	0	0.395169	0.530179	0.499872	0.706889	0.706889	0.530179	0.749745	0.249941	0.749745	0.249941	0.249941	0.176731	0.176731	0.395169	0.499846	0.176731	0.530179	0.499872	0.395185	0.249928	0.249941	0.249941	0.395185	0.530179	0.176731	0	0.395169	0.395185	0.706889	0.353458	0.176731	0.249928	0.249941	0.395169	0.395169	0.395169	0.176731	0.395169	0.395169	0.637172	0	0.353458	0.728651	0.637203	0.395185	0.530179	0.499872	0.637203	0.637203	0.353458	0	0	0.353458	0.499872	0.176731	0.249941	0.176731	0.176731	0.249941	0.249928	0.530179	0.530179	0.395169	0	0	0.395169	0.558847	0.395169	0.999616	0.999616	0.883564	0.558847	0.558847	0.249941	0.395169	0.395169	0.249941	0.395169	0	0	0.176731	0.395185	0.353458	0.499846	0.176731	0.395169	0.395169	0.176731	0.353458	0.395185	0.176731	0.176731	0.249941	0.249941	0.395185	0.499872	0.395185	0.395169	0.176731	0.637172	0.176731	0.249928	0.558847	0.176731	0.395169	0.249941	0.249928	0.249941	0.249928	1.62892	2.479	2.35659	1.67617	1.42455	0.7903	0.883564	0.530179	0.530179	0.883564	0.395169	0.637172	0.728634	0.558864	0.176731	0.790333	0.999668	0.706889	2.15621	2.60755	0.901073	0.249928	0.530179	0.728634	0.176731	0	0.176731	0.530179	0.728634	0.395169	0.176731	0.249941	0.176731	0	0.176731	0.530179	0.530179	0.395169	0.176731	0.249941	0.249941	0.395185	0.353458	0.353458	0.706889	1.91089	1.51991	0.530179	0.706889	0.395185	0.249941	0.558847	0.883564	2.49771	6.96353	4.98596	0	0	0	0	0	0	0	0	0	0	0	0	0	0	0	0	0	0	0	0	0	0	0	0	3.49467	6.34831	1.6289	0.353458	3.68511	9.59082	9.25194
0.558814	0.176714	0	0.395128	0.249919	0.249919	0.530128	0.637147	0.728585	0.353424	0	0.395128	0.749666	0.900983	0.749719	0.749719	0.728561	0.395128	0.176714	0.176714	0.39515	0.39515	0.530128	0.637147	0.558814	0.395128	0	0	0.499793	0.176714	0.55879	0.395128	0.176714	0.530128	0.353424	0.883472	0.249919	0.55879	0.395128	0	0	0.395128	0.530128	0.530128	0.395128	0.499793	0	0.395128	0.395128	0.353424	0.499828	0.39515	0.176714	0	0.499793	0.395128	0.39515	0.530128	0.395128	0	0.395128	0.530128	0.637147	0.901008	0.728585	0.530128	0.637106	0.637147	0.728561	0	0.353424	0.637147	0.883531	0.951571	0.558814	0.39515	0.790262	0.999581	0.999581	0.790262	0.39515	0.249919	0.176714	0.499793	0	0	0.395128	0.249919	0.395128	0.395128	0.39515	0.530128	0.176714	0.395128	0.55879	0.249901	0.249919	0.395128	0.395128	0.55879	0.176714	0	0.395128	0.249919	0.249919	0.558814	0.637147	0.39515	0.176714	0.176714	0.176714	0.176714	0.530128	0.499828	0.530128	0.176714	0	0.176714	0.249919	0.55879	0.55879	0.249901	0.55879	0.249919	0.249919	0.55879	0.395128	0.39515	1.42441	1.41343	1.41343	0.951571	0.39515	0.176714	0.395128	0.395128	0.176714	0.353424	0.39515	0.176714	0	0	0	0.353424	0.499828	0.353424	0.353424	0.499828	0.176714	0.249919	0.176714	0	0	0	0	0.176714	0.39515	0.353424	0.176714	0.395128	0	0	0.499793	0.176714	0.530128	0.499828	0.637106	1.67602	2.01409	1.59979	1.51975	1.24937	1.42447	1.23681	0.749666	0.55879	0.951571	0.637147	0.749666	0.249919	0.951571	0.883502	0.176714	0.499793	0.353424	0.499828	0.637106	2.01399	3.04772	3.28359	3.00668	2.01409	0.637147	0.176714	0.249919	0.249919	0.395128	0.353424	0.530128	0.176714	0.176714	0.249919	0.176714	0	0.395128	0.55879	0.395128	0	0.176714	0.249919	0.176714	0.499793	0.499793	0.395128	2.01396	1.51975	0.728561	0.706821	0.353424	0.883502	2.52856	3.80105	4.5339	6.56878	4.20758	0	0	0	0	0	0	0	0	0	0	0	0	0	0	0	0	0	0	0	0	0	0	0	0	3.03736	6.8676	2.30276	0.951571	3.18242	7.21528	6.9364
0.9009	0.395093	0	0.176697	0.249893	0.249893	0.395109	0.728512	0.637081	0.35339	0	0.176697	0.24988	0.558757	0.74964	0.74964	0.395109	0.176697	0.395093	0.395093	0.530077	0.530077	0.395109	0.728512	0.558757	0.176697	0	0	0.49975	0.395093	0.55874	0.176697	0.395093	0.395109	0.35339	0.63705	0.249893	0.55874	0.176697	0	0	0.176697	0.395109	0.395109	0.176697	0.49975	0	0.176697	0.176697	0.35339	0.499776	0.530077	0.395093	0	0.49975	0.176697	0.530077	0.395109	0.176697	0	0.176697	0.395109	0.728512	0.900918	0.637081	0.395109	0.176697	0.728512	0.395109	0	0.790148	0.728512	0.951474	0.883439	0.558757	0.530077	0.790181	0.999476	0.999476	0.790181	0.530077	0.249893	0.395093	0.49975	0	0	0.176697	0.249893	0.176697	0.176697	0.530077	0.395109	0.395093	0.176697	0.55874	0.24988	0.249893	0.176697	0.176697	0.55874	0.395093	0	0.176697	0.249893	0.249893	0.558757	0.728512	0.530077	0.395093	0.395093	0.395093	0.395093	0.395109	0.499776	0.395109	0.395093	0	0.395093	0.249893	0.55874	0.55874	0.24988	0.55874	0.249893	0.249893	0.55874	0.176697	0.728494	1.62861	1.41329	1.41329	0.883439	0.728494	0.395093	0.176697	0.176697	0.395093	0.35339	0.530077	0.395093	0	0	0	0.35339	0.499776	0.35339	0.35339	0.499776	0.63705	0.249893	0.395093	0	0	0	0	0.395093	0.530077	0.35339	0.395093	0.176697	0	0	0.49975	0.395093	0.395109	0.499776	1.8776	2.70092	2.01388	1.03023	0.55874	1.03023	1.37982	0.951474	0.24988	0.55874	0.883439	0.883417	0.24988	1.03018	0.883439	0.637081	0.395093	0.49975	0.35339	0.499776	0.176697	1.03023	2.5098	3.28324	3.08802	2.65445	1.50933	0.395093	0.249893	0.249893	0.176697	0.35339	0.395109	0.395093	0.395093	0.249893	0.395093	0	0.176697	0.55874	0.176697	0	0.395093	0.249893	0.395093	0.49975	0.49975	0.176697	2.01378	1.51961	0.95144	0.706754	0.790148	1.97471	3.77186	4.29123	4.40877	4.84035	2.52823	0	0	0	0	0	0	0	0	0	0	0	0	0	0	0	0	0	0	0	0	0	0	0	0	2.05969	7.60202	3.77592	1.42428	4.81145	5.52825	2.8468
0.749523	0.636984	0.17668	0.17668	0	0.17668	0.249871	0.636984	0	0.499698	0	0	0.17668	0.249871	0.249871	0.249871	0.558683	0.249871	0.558683	0.558683	0.395052	0.395052	0.395074	0.530026	0.636984	0	0.17668	0.395074	0.530026	0.558683	0.530026	0.395074	0.558683	0.249871	0.395052	0.499698	0	0.395052	0.249871	0.17668	0	0.17668	0.249871	0.17668	0	0.499698	0	0	0	0.499698	0.17668	0.558683	0.249854	0.395074	0.353356	0	0.395052	0.249871	0.395074	0.395074	0.249871	0.249871	0.558683	0.530026	0.499732	0.499732	0.353356	0.395052	0.249854	0.249871	0.749523	0.530026	0.706686	0.395074	0.395052	0.395052	0.530026	0.499732	0.395074	0.395052	0.499698	0.17668	0.395052	0.353356	0.395074	0.17668	0	0	0	0	0.395052	0.249871	0.395052	0	0.499698	0.395052	0.249871	0.17668	0.17668	0.558683	0.249854	0.395074	0.395074	0.17668	0	0.353356	0.530026	0.395052	0.499698	0.353356	0.530026	0.249854	0.249871	0.249871	0.249871	0.395052	0	0.395052	0.395074	0.530026	0.395052	0.499698	0.499698	0.17668	0.249871	0.900811	1.18507	1.45665	1.45661	0.951343	0.749523	0.249871	0.883303	0.499698	0.17668	0.395074	0.530026	0.249854	0.558683	0.395052	0	0	0	0.395052	0.249871	0.395052	0.499698	0	0.883303	0.249871	0.395052	0	0	0	0	0.395052	0.530026	0.530026	0.395052	0.17668	0.249871	0.249871	0.558683	0.395052	0	0	1.90216	3.22068	1.42419	0.353356	1.1312	1.1312	0.999389	0.883332	0.249854	0.749523	0.249871	0.749523	0.249871	1.3796	0	0.499698	0.499698	0.636984	0.530026	0.353356	0.395052	0.558683	0.530026	0.530026	0.636984	2.54636	2.26136	0.395052	0.249871	0.249871	0.249871	0.395052	0.17668	0.395052	0.353356	0.395074	0.249854	0.17668	0.17668	0.395052	0	0.17668	0.558683	0.17668	0.499698	0.499698	0.499698	0	1.76619	1.45661	1.23657	0.395074	1.13112	2.01357	3.42637	4.36245	4.90981	5.31154	2.85193	0	0	0	0	0	0	0	0	0	0	0	0	0	0	0	0	0	0	0	0	0	0	0	0	1.27381	7.95937	5.5025	2.36913	4.74627	3.38984	1.62853
0.395017	0.883225	0.529975	0.529975	0.176663	0.249832	0	0.636928	0.249845	0.395017	0	0	0.249832	0.176663	0.249845	0.249845	0.55865	0.636958	0.529975	0.558632	0.176663	0.176663	0.353322	0.176663	0.636928	0.249845	0.353322	0.353322	0.353322	0.558632	0.395017	0.176663	0.529975	0.395034	0.353322	0.529975	0.395034	0.176663	0	0.395017	0.249845	0.499654	0.249845	0.395017	0.176663	0.558632	0.249845	0.249845	0.249845	0.529975	0.55865	0.529975	0.395017	0.55865	0.395017	0.249845	0.176663	0.176663	0.529975	0.529975	0.249845	0.395034	0.706618	0.55865	0.49968	0.395034	0.176663	0.249832	0.176663	0.249845	0.395017	0.395017	0.558632	0.353322	0.395034	0.395034	0.176663	0.176663	0.353322	0	0.558632	0.499654	0.176663	0.353322	0.55865	0.55865	0.49968	0.395034	0.249845	0.395034	0.636958	0.636958	0.249845	0.176663	0.558632	0	0.249845	0.395017	0.395017	0.395017	0.353322	0.395034	0.499654	0.529975	0.49968	0.636958	0.636958	0.395034	0.395017	0.176663	0.176663	0	0.176663	0.249845	0.249845	0.395034	0.395034	0.353322	0.353322	0	0.353322	0.636928	0.353322	0.636958	0.55865	1.66613	1.77489	1.5194	1.07449	0.395017	0.529975	0.395034	0.636928	0.499654	0.249832	0.249832	0.176663	0.395034	0.529975	0.176663	0	0	0	0.176663	0.249845	0.176663	0.499654	0.176663	0.728354	0.395034	0.353322	0.395034	0.49968	0.49968	0.395034	0	0.353322	0	0.395034	0.395034	0.249845	0.395034	0.529975	0.176663	0	0	0.728372	2.49684	2.95883	2.45284	2.26128	1.87734	1.37955	1.18495	0.395034	0.529975	0.353322	0.353322	0.49968	0.883225	0.395034	0.883247	1.07449	1.07449	0.728372	0.706618	0.249845	0.395017	0.353322	0.353322	0.176663	2.54614	2.75737	0.176663	0.249845	0.249845	0.249845	0.176663	0.249832	0.176663	0.395034	0.55865	0.395034	0.353322	0.353322	0.176663	0	0.395017	0.395017	0.395017	0.395017	0.395017	0.558632	0.249832	1.34516	1.2859	0.558632	0.249845	1.42398	1.34516	2.05939	3.87274	4.43939	6.45858	4.13207	0	0	0	0	0	0	0	0	0	0	0	0	0	0	0	0	0	0	0	0	0	0	0	0	0.789996	7.41369	7.0699	0.558632	2.23347	3.34819	3.49351
0.529924	0.636861	0.558599	0.900662	0.951206	0.749431	0.353289	0.394976	0.394998	0.394998	0.176646	0	0.249806	0.394976	0.249823	0.249806	0.249823	0.176646	0.394998	0.249806	0.176646	0.176646	0.499637	0.749431	0.728305	0.353289	0.394976	0.353289	0.353289	0.636861	0.636861	0.176646	0.176646	0.394976	0.394976	0.394998	0.558599	0.499637	0.394998	0.558576	0.249823	0.789915	0.176646	0.394976	0.176646	0.394976	0.176646	0	0	0.249823	0.394998	0.176646	0.636861	0.353289	0.636861	0.176646	0.176646	0.249806	0.394976	0.394976	0	0.394976	0.636861	0.558576	0.499637	0.394998	0	0.353289	0.353289	0.249823	0.353289	0.900638	0.728305	0.394998	0.394998	0.394998	0.249823	0.394998	0.394998	0.353289	0.558576	0.789915	0.249823	0.394976	0.176646	0.394998	0.636902	0.789959	0.636902	0.558599	0.394998	0.394976	0.176646	0.353289	0.249806	0.176646	0	0.353289	0.529924	0.353289	0.558599	0.749431	0.70655	0.394976	0	0.176646	0.176646	0.176646	0	0.353289	0.176646	0.176646	0.529924	0.499637	0.636902	0.749431	0.728305	0.529924	0	0.353289	0.353289	0.728281	0.499602	1.11709	1.42386	2.62411	1.42383	0.249823	0	0.394998	0.558599	0.558599	0.529924	0.394976	0.176646	0.394998	0.499637	0.394998	0.176646	0	0	0	0.176646	0.249823	0.176646	0	0.499602	0.249806	0.499602	0.249806	0.249806	0.176646	0.249823	0.176646	0.249806	0.249806	0.394976	0.529924	0.499637	0.353289	0.176646	0.353289	0.353289	0.176646	0.176646	0.249823	0.353289	0.394976	1.45637	2.5091	3.12221	3.08716	2.54604	1.94237	1.51916	0.883163	0.636861	0.176646	0.249823	0.558599	0.951206	1.24889	1.07439	0.558599	0.636861	0.636861	0.883163	0.951206	0.728281	0.249806	0.499637	2.52749	2.50893	0.176646	0	0	0	0	0.176646	0.176646	0.176646	0	0.394998	0.249823	0.176646	0.176646	0	0.499602	0.249806	0.394976	0.353289	0.176646	0.728305	0.900638	1.18478	2.1839	2.1262	2.21234	1.95038	1.95038	2.05921	2.1553	4.53202	7.2295	3.63239	0	0	0	0	0	0	0	0	0	0	0	0	0	0	0	0	0	0	0	0	0	0	0	0	0.636861	5.77461	7.01713	4.16181	5.10934	5.20212	3.55049
0.394941	0.394958	1.02983	1.34495	1.02983	0.728232	0.706483	0.558543	0.558543	0.394958	0.353255	0.249797	0.499558	0.558525	0.249797	0.558525	0.176629	0.499558	0.176629	0.394958	0.636836	0.789878	0.636836	0.394958	0.176629	0.706483	0	0.636836	0.728232	0.728214	0.394941	0.558543	0.394958	0.529874	0.353255	0	0.249797	0.499584	0.558543	0.353255	0	0.529874	0.789878	0.499584	0.249797	0.394958	0.558543	0.499584	0.394958	0.394941	0	0	0.353255	0.529874	0.176629	0.558543	0.558543	0.249797	0.176629	0.176629	0.176629	0.529874	0.728214	0.636805	0	0.353255	0.728232	0.636836	0.558543	0.499584	0.558543	0.951075	0	0.249797	0.353255	0.529874	0.394958	0.249784	0.176629	0.176629	0.394941	0.636805	0.176629	0.176629	0.249784	0.394958	0.394958	0.353255	0.394958	0.394958	0.394941	0.499558	0	0.249784	0.176629	0.249797	0.176629	0	0.176629	0.394941	0.353255	0.394958	0.176629	0.636836	0.636836	0.636836	0.789878	0.789878	0.789878	0.636836	0.636836	0.636836	0.529874	0.249797	0.353255	0.249797	0.749314	0.728214	0.558543	0.394958	0.353255	0.558525	0.951075	1.07428	2.32191	2.85113	0.951075	0.176629	0.176629	0.176629	0	0.394958	0.394958	0.176629	0	0	0.176629	0.394958	0.499584	0.394958	0.249797	0.249797	0.353255	0.249797	0.394941	0.176629	0.394941	0.249797	0.529874	0.176629	0.249784	0.176629	0.394958	0.558543	0.394958	0	0.558525	0.394941	0	0.499558	0.394941	0.353255	0.394941	0.176629	0.353255	0.249797	0.353255	0.176629	0	0.249784	0	0.883056	0.883056	2.24692	2.01301	0.636805	0.789878	1.42377	1.27352	0.789878	0.529874	0.636805	0.394941	0.558543	1.23622	1.42375	1.42375	1.11698	1.5088	2.059	2.60616	2.67097	1.45619	0.249784	0	0	0	0	0	0.249784	0	0.249784	0	0.249784	0.176629	0.353255	0.249797	0.394941	0.176629	0.176629	0.249784	0.499558	0.176629	0.900554	1.11694	2.37489	1.11694	1.57946	1.42377	1.02978	0.176629	0.558543	4.69249	6.44069	2.0589	0	0	0	0	0	0	0	0	0	0	0	0	0	0	0	0	0	0	0	0	0	0	0	1.05966	3.04625	3.80725	3.94324	2.69421	2.01311	2.91051	2.30172
0.249775	0.706415	0.706415	0.529823	0.176612	0.636739	0.558469	0.176612	0.176612	0.529823	0.249775	0	0.882964	0.394901	0	0.394923	1.13076	0.999006	0.558469	0.249758	0.176612	0.176612	0.789808	1.18462	1.50866	1.2734	1.07415	0.249758	0.529823	0.706415	0.499541	0.63678	0.63678	0.176612	0.249775	0.394923	0.394923	0.176612	0.249775	0.394923	0.249775	0.394923	0.63678	0.789808	0.63678	0.394923	0.394923	0.394923	0.499506	0.249758	0.249775	0.249775	0.249775	0.394901	0.394901	0.394923	0.394923	0.394901	0.176612	0.249775	0.353221	0.394923	0.176612	0.749287	1.24869	1.02974	0.558492	0.176612	0.249758	0.353221	0.558492	0.394901	0.353221	0.176612	0.249758	0.499506	0.249758	0.394901	0.529823	0.499541	0.249775	0.394901	0.394901	0	0.636739	0.529823	0.353221	0.249758	0.353221	0.394923	0.558469	0.529823	0.394923	0.353221	0.394923	0.394923	0.176612	0.176612	0.394923	0.706415	0.706415	0.394923	0.558469	0.249775	0.353221	0.529823	0.63678	0.883023	0.883023	0.63678	0.499541	0.394923	0.176612	0.176612	0.353221	0.394901	1.45605	1.24865	1.18462	1.13076	0.900489	0.728165	1.2734	2.1258	2.49612	1.67498	0.394923	0.789808	0.558492	0.176612	0.249758	0	0	0	0.176612	0.394923	0.558492	0.558492	0.394923	0.353221	0.249775	0.176612	0.176612	0.249775	0.394901	0.394901	0.353221	0.394901	0.249758	0	0.394901	0.394923	0.529823	0.176612	0	0.249758	0.394901	0.353221	0.176612	0.499506	0.499506	0.394901	0.558469	0.249758	0.353221	0.176612	0.249758	0.249758	0	0.249758	0	0.636739	1.37908	2.15475	1.27332	0.394923	0.394901	0.394901	0.499506	0.636739	0.499541	0.900489	0.789808	1.07418	1.41261	0.882993	0.353221	0.558492	0.706415	1.80053	1.67505	1.24865	0.558492	0.176612	0	0	0.176612	0.249775	0.176612	0.176612	0.249775	0.176612	0	0.176612	0.353221	0.176612	0	0.176612	0.394923	0.63678	0.789808	0.558492	0.249775	0.529823	0.249775	2.35502	3.34725	2.54555	1.87681	1.73894	1.57923	2.82903	6.21959	5.40154	1.11683	0	0	0	0	0	0	0	0	0	0	0	0	0	0	0	0	0	0	0	0	0	0	0.882993	3.53217	5.30959	3.52791	1.24865	1.81767	2.13309	2.47104	0.636739
0.394865	0.558418	0.558418	0.176595	0.176595	0.882886	0.789693	0.499489	0.499489	0.706347	0.529772	0.249749	1.02959	0.176595	0	0.394865	0.900382	0.9004	1.07405	0.529772	0.394882	1.05945	1.11677	1.11677	0.728093	0.249749	1.07405	1.11677	0.636714	0.74917	0.558436	1.02963	1.02963	0.900382	0.249736	0.529772	0.353187	0.394865	0.394865	0.176595	0.249749	0.176595	0	0.176595	0.394882	0.529772	0.249749	0.394865	0.882886	0.249736	0.249749	0.249749	0.249749	0.176595	0.499462	0	0	0.499462	0.394865	0.249749	0.176595	0	0.394865	0.900382	0.749209	0.558436	0.249736	0.529772	0.529772	0.74917	0.176595	0.353187	0.394882	0.394865	0.394865	0.558418	0.176595	0.176595	0.558418	0.249749	0.394865	0.176595	0.558418	0.249749	0.636683	0.499462	0.499462	0.176595	0.558418	0.394865	0.499462	0.176595	0.394882	0.394882	0.249749	0.394882	0.353187	0.176595	0.394865	0.499462	0.499462	0	0.499462	0	0.176595	0.558418	0.249749	0.249749	0.249749	0.394882	0.353187	0.394865	0.249749	0.394865	0.394865	1.13059	1.57909	0.728075	0.900382	0.728093	0.950893	0.636714	1.1845	1.02963	0.900382	0.394865	0.728093	0.636714	0.706347	0.529772	0.176595	0	0	0	0.394865	0.529772	0.394882	0.176595	0.394865	0.176595	0	0.394865	0.249749	0.249749	0.176595	0.499462	0.394865	0.558418	0.394865	0	0.499462	0	0.499462	0	0	0.176595	0.394882	0.529772	0.394865	0.499462	0.499462	0.499462	0.499462	0.499462	0.394865	0.394865	0.394865	0.176595	0	0.176595	0.249749	0.249736	2.12546	2.36788	0.728093	0.249736	0.558436	0.882931	0.789727	0.728075	0.529772	0.706347	0.636714	0.882909	0.789693	0.176595	0.529772	0.499489	1.42344	1.18445	0.706347	0.789693	0	0	0	0	0.394865	0.249749	0.394865	0	0	0	0	0	0.176595	0.249749	0.249749	0.249749	0.176595	0.394865	0.529772	0.499489	0.499489	0.529772	1.13059	1.1845	2.35478	2.35478	1.34469	1.37895	3.79835	6.02334	5.98242	2.82324	0.353187	0	0	0	0	0	0	0	0	0	0	0	0	0	0	0	0	0	0	0	0	0	0	1.97358	4.42012	4.12678	1.62771	1.34469	3.12613	2.3013	0.882931	0.394865
0.394825	0.558362	0.558362	0.249727	0.394847	0.950796	0.749091	0.249727	0.176578	0.49941	0.394825	0.176578	0.728002	0.749144	0.636658	0.789656	1.42334	0.882854	0.950796	0.394825	0.529721	1.42332	1.11666	1.11666	0.998814	0.882854	0.900317	0.882824	0.728002	0.950796	0.998814	1.87645	1.74756	0.900317	0.24971	0.529721	0.176578	0.529721	0.353153	0.176578	0.394847	0.394847	0.176578	0	0	0.394825	0.176578	0.49941	0.882794	0.24971	0.249727	0.176578	0	0.176578	0.558362	0.176578	0	0.394825	0.529721	0.499445	0.499445	0.499445	0.353153	0.728002	0.749144	0.728026	0.353153	0.353153	0.706279	0.789612	0	0.394825	0.176578	0.49941	0.49941	0.394825	0.249727	0.176578	0.394825	0.394847	0.529721	0.249727	0.529721	0.499445	0.706279	0.706279	0.706279	0.394847	0.24971	0.558362	0.394825	0	0.176578	0.249727	0.176578	0.176578	0.558385	0.636658	0.353153	0.49941	0.49941	0.176578	0.558362	0.558385	0.882854	0.636658	0.249727	0.394847	0.394847	0.176578	0.353153	0.706279	0.49941	0.998814	1.87645	2.18314	1.23586	0.176578	1.07397	1.02954	0.558362	0.394825	0.353153	0.499445	0.706279	0.394847	0.394825	0	0.394825	0.529721	0.394847	0.249727	0.394847	0.499445	0.529721	0.394825	0	0	0.394825	0.176578	0	0.394825	0.24971	0.394847	0.394847	0.24971	0.529721	0.529721	0.394825	0	0.394825	0.394847	0.529721	0.249727	0.249727	0.176578	0.176578	0.558362	0.24971	0.558362	0.24971	0.394825	0.353153	0.529721	0.24971	0.558362	0.394825	0	0	0	0.176578	0.728026	2.52652	2.301	0.249727	0.176578	0.176578	0.394847	0.499445	0.789656	1.27316	1.27316	0.789656	0.882794	1.07395	0.998814	1.05935	0.353153	1.49793	1.27308	0.529721	0.749091	0.176578	0.176578	0.249727	0.176578	0.394825	0.249727	0.394825	0	0	0	0	0.176578	0.394847	0.499445	0.499445	0.394847	0.176578	0.394825	0.529721	0.394847	0.249727	0.558362	1.13047	1.05935	1.05935	1.27308	1.13047	1.74744	3.78568	6.07597	4.46153	2.54506	2.26022	1.50838	0.529721	0.529721	1.18439	1.49803	1.18439	0.529721	0	0	0	0	0	0	0	0	0	0	0	0	0	0	0.353153	1.99688	4.02374	4.26286	0.394825	0.950796	2.75603	1.76517	0.706279	1.27316
0.249688	0.39479	0.52967	0.499393	0.727953	0.882739	0.353119	0.176561	0.353119	0.39479	0.176561	0.39479	0.394806	0.749065	0.789575	1.02944	1.7651	2.25998	2.05821	1.7651	1.84275	1.94945	1.57885	1.50822	0.900227	0.176561	0.789575	1.24827	0.95071	0.789575	1.50822	1.37876	1.24829	0.558329	0.176561	0.249688	0.39479	0.353119	0.176561	0.39479	0.52967	0.558329	0.52967	0.176561	0	0.249688	0.39479	0.39479	0.558311	0.394806	0.249701	0.353119	0.249701	0.353119	0.39479	0.176561	0.394806	0.249701	0.394806	0.749065	0.636592	0.394806	0.176561	0.176561	0.394806	0.558329	0.353119	0.52967	0.727953	0.176561	0.176561	0.249701	0.558329	0.52967	0.249688	0.353119	0.249701	0.176561	0.176561	0.353119	0.353119	0.249701	0.499393	0.882762	0.950745	0.727953	0.727953	0.882762	0.727953	0.749026	0.176561	0.176561	0.353119	0.249701	0.394806	0.394806	0.249701	0.353119	0.176561	0.39479	0.52967	0.558329	0.706212	1.05925	0.882762	0.727935	0	0.249688	0.249688	0.249688	0.52967	0.900209	1.66517	1.45567	1.97328	1.62742	0.558311	0.558329	0.636592	0.636592	0.353119	0.249688	0	0.176561	0.558329	0.727953	0.249701	0	0.176561	0.394806	0.558329	0.499393	0.727953	0.749065	0.499393	0.176561	0	0	0.176561	0.353119	0.249701	0.353119	0.52967	0.636592	0.394806	0	0.249701	0.249701	0.249701	0.394806	0.176561	0.558329	0.249701	0	0	0.249688	0.39479	0.558311	0.249688	0.558311	0.249688	0.176561	0.176561	0	0.394806	0.52967	0	0.249701	0.176561	0.176561	0.882739	1.59843	2.01226	1.4978	0.499393	0.394806	0.39479	0.39479	0.394806	0.950745	1.66525	1.66525	1.24827	1.76502	1.97322	1.62742	2.06574	1.90097	1.23574	1.37869	0.249701	0.727953	0.727935	0.249688	0	0.249688	0.176561	0.249701	0.176561	0.176561	0.394806	0.499393	0.394806	0.353119	0.353119	0.176561	0	0.249688	0.176561	0.176561	0.176561	0.353119	0.558329	0.558329	0.394806	1.18427	0.749065	0.636561	1.51845	1.37869	2.14694	5.32828	5.6997	4.69093	3.87052	3.19438	1.80001	2.66995	3.54877	3.38778	2.78953	1.97326	1.37876	1.7651	1.57885	0.706212	0	0	0	0	0	0	0	0	0	0.706212	2.14698	2.90947	3.39224	4.50244	1.6274	2.35433	1.62736	1.90906	0.789542	1.27303
0.394755	0.176546	0.176546	0.249679	0.558262	0.558262	0.249679	0.529624	0.394772	0.176546	0	0.499323	0.499323	0	0.176546	0.558262	0.882662	1.37864	1.62728	1.66511	2.13228	2.62276	2.54458	2.52617	2.30066	1.24817	0.249666	1.37857	0.99857	0.727872	0.529624	0.70615	1.05916	0.353088	0.176546	0.529624	0.353088	0.394755	0.176546	0.499323	0.499323	0.176546	0.558262	0.394755	0	0.394755	0.558262	0.176546	0.176546	0.394772	0.499349	0.394772	0.249679	0.394772	0.394772	0.249666	0.529624	0.529624	0.748961	0.249679	0.394755	0.394755	0.176546	0.353088	0.529624	0.394755	0.499323	0.88264	0.176546	0.394755	0.394755	0.394755	0.394772	0.394772	0.249666	0.529624	0.499349	0.353088	0	0.176546	0.394755	0	0.394755	0.529624	0.394772	0.176546	0.176546	0.55828	1.07376	1.27285	0	0.394755	0.176546	0	0.353088	0.353088	0.353088	0.394772	0.176546	0.176546	0.394772	0.394772	0.558262	1.0293	0.249666	1.0293	0.249679	0.394772	0.394772	0.176546	0.88264	1.24814	2.39983	0.789473	0.99857	0.789473	1.50804	0.394772	0.353088	0.394772	0.249666	0.394755	0.353088	0.529624	0.249666	0.558262	0.394755	0	0	0	0.176546	0.249679	0.558262	0.249679	0.394755	0	0	0	0	0.176546	0.249679	0.394755	0.394772	1.02935	1.24817	0.249666	0.394755	0.394755	0.529624	0.529624	0.748961	0.176546	0.394755	0.249679	0.249679	0.176546	0.499323	0.499323	0.499323	0.499323	0.499323	0	0.176546	0.529624	0.394772	0.176546	0.394755	0.249679	0.394755	0.394755	1.34427	1.28504	0.88264	0.900131	0.749	0.55828	0.558262	0.558262	0.394755	0.88264	0.950627	0.950627	1.74713	2.39983	2.05793	0.727889	1.18417	1.79985	0.950662	0.88264	0.727889	0.727889	1.27285	0.176546	0.249679	0.176546	0	0	0	0.394755	0.529624	0.499349	0.529624	0.176546	0.176546	0.529624	0.499349	0.394772	0.249666	0.249679	0.249679	0.176546	0.789473	0.353088	0.789473	0.529624	0.748961	0.394772	1.90889	1.37857	0.636506	2.76119	3.19406	2.66972	2.30064	3.08022	1.58851	3.46432	2.69867	2.18273	2.32082	1.94926	1.4231	1.9008	2.11759	1.57865	0	0	0	0	0	0	0	0	0	1.57865	2.90914	3.1941	3.9139	3.73977	1.94926	1.84259	1.28508	1.37857	1.76486	0.499323
0.558204	0.176527	0	0	0.499271	0.499271	0	0.394714	0.249653	0.394731	0.499297	0.529569	0.394714	0	0.353052	0.529569	0.882548	0.636439	0.176527	0.394714	0.24964	0.950528	0.727813	1.28495	2.46986	2.47615	1.59812	0.748883	1.24805	1.42293	0.998518	1.41194	1.07366	0.63647	0.353052	0.394731	0.748922	0.727813	0.394731	0.558204	0.558204	0.176527	0.499271	0.499271	0	0.394714	0.529569	0.394731	0.24964	0.249653	0.176527	0	0.176527	0.249653	0.176527	0.499271	0.499271	0.499271	0.882548	0.249653	0.394714	0.394714	0.249653	0.394714	0.394714	0.529569	0.706076	0.950528	0.176527	0.499271	0.499271	0.499271	0	0	0.394714	0.529569	0.499297	0.706076	0.499297	0.353052	0.394714	0.176527	0.499271	0.499271	0	0	0	0.353052	0.950528	1.24801	0.176527	0.499271	0	0	0.394714	0.558204	0.394714	0	0.176527	0.394731	0.394731	0.176527	0.394714	0.900037	0.727813	0.789391	0	0	0	0	0.882548	1.66485	1.99633	1.13021	1.97288	0.950562	1.13016	0.529569	0.394714	0	0	0.394714	0.558204	0.24964	0.529569	0.529569	0.394714	0	0	0	0	0	0.394714	0.176527	0.353052	0.63647	0.748922	0.558222	0.176527	0.176527	0.394731	0.529569	0.529569	0.706076	1.27272	0.636439	0.558204	0.394714	0.499271	0.499271	0.882548	0.176527	0.394731	0.748922	0.558222	0.176527	0.499271	0.499271	0.394714	0.558204	0.394714	0	0	0.499271	0	0	0.499271	0	0.499271	0.789391	1.57848	0.950528	0.394714	0.499271	0.353052	0.706076	0.706076	0.529569	0.394714	0.882548	0.950528	0.789391	1.57848	2.56853	2.6224	0.950528	0	0.789391	1.05905	1.11634	1.27278	1.27278	1.1163	0	0.176527	0.249653	0.176527	0	0	0.394714	0.529569	0.499297	0.529569	0.249653	0.249653	0.24964	0.394731	0.499297	0.529569	0.176527	0.176527	0.249653	0.636439	0.529569	0.636439	0.529569	0.748883	0.249653	1.62703	1.50788	0.88257	2.05772	2.75526	3.59571	3.76833	1.94907	1.66493	3.19373	1.1163	1.1163	2.12469	2.29364	1.27278	1.2355	2.01187	2.29364	1.66493	0.900055	0.176527	0	0.176527	0.558222	1.18404	2.21084	3.71872	5.23403	5.29547	4.23635	3.21797	2.11737	1.28491	0.529569	1.42291	1.24805	1.51816	0.558204
0.353021	0.558173	0.499253	0.499253	0.529523	0.39468	0	0.176512	0.394696	0.899976	1.13011	0.882515	0.394696	0.249631	0.39468	0.39468	0.636384	0.636384	0.529523	0.636414	0.558173	0.39468	0.748857	1.37838	2.52569	3.51263	3.35453	1.2479	1.5181	1.57841	1.02915	1.2848	0.882493	0.998431	1.34406	1.07357	0.636414	0.882515	0.636414	0.176512	0.882515	1.27267	1.02915	0.558173	0.176512	0.176512	0.353021	0.39468	0.499227	0.176512	0.353021	0.176512	0.249618	0	0.249618	0.39468	0.529523	0.529523	0.636384	0	0.249618	0.176512	0.249631	0.353021	0.499253	0.882515	0.950479	0.706015	0.353021	0.558155	0.176512	0.72775	0.558173	0.176512	0.176512	0.353021	0.249631	0.558155	0.249631	0.529523	0.558173	0.558173	0.529523	0.39468	0.176512	0.249631	0.176512	0.353021	0.899958	0.789322	0.249618	0.353021	0.499253	0.394696	0.394696	0.529523	0.176512	0.176512	0.353021	0.39468	0.249618	0.176512	0.176512	0.394696	0.499253	0.249618	0.176512	0	0	0.176512	0.789355	1.62691	0.727732	1.79951	2.12453	1.2354	0.499227	0.176512	0.176512	0.394696	0.394696	0.39468	0.499227	0.176512	0.394696	0.394696	0.176512	0	0	0	0.176512	0.394696	0.394696	0.529523	0.636414	0.636414	0.499253	0.727732	0.39468	0.249618	0.39468	0.529523	0.748857	1.11624	0.706015	0.636384	0.249618	0.353021	0.249618	0.558155	0.499227	0.39468	0.39468	0.176512	0.499227	0.249618	0.499227	0.499227	0.39468	0.558155	0.353021	0.249631	0.176512	0.499227	0	0	0.39468	0.249631	0.39468	1.42277	1.84218	0.899976	0.394696	1.07355	1.28483	0.748857	0.39468	0.176512	0.353021	0.706015	1.18394	1.13011	0.249631	2.3002	3.54763	1.51803	0	0.353021	0.789355	0.950479	0.882515	0.882515	0.394696	0	0.249618	0	0.249618	0	0	0.176512	0.394696	0.499253	0.394696	0.249631	0.249631	0.249618	0.529523	0.394696	0	0.353021	0.353021	0.249631	0.176512	0.249631	0.558173	0.176512	0.636414	0.998431	0.727732	1.37831	1.84218	2.47592	3.1543	4.30102	1.97265	2.6981	4.87039	3.74745	1.66479	1.13011	1.97271	2.52561	0.882471	1.27267	1.42281	0.529523	1.76461	2.52569	2.87109	3.91322	5.17738	6.15432	6.64279	6.96632	7.01873	6.52419	5.5088	4.35126	3.03407	1.66479	0.72775	0.394696	0.950479	1.02915	0.899958	0.727732
0.249592	0.352987	0.394661	0.49921	0.176495	0.352987	0.176495	0	0.394639	0.789241	0.352987	0.882379	0.636359	0.558122	0.636359	1.11614	1.07347	0.950394	0.789285	0.352987	0.499175	0	0.394639	0.558099	0.352987	1.23528	3.56476	3.70542	1.81658	1.37826	1.90027	2.18211	1.24786	0.727659	0.394661	1.28472	1.51797	1.27256	1.07347	0.727683	0.882379	0.998344	0.950394	0.394661	0.394661	0.49921	0.394661	0.249592	0.529472	0.394661	0.176495	0.176495	0.394661	0.394661	0	0.176495	0.24961	0.558122	0.529472	0.176495	0.249592	0	0	0.249592	0.249592	0.176495	0.352987	0.176495	0.249592	0.499175	0.394639	0.394661	0.705947	0.558122	0.394661	0.176495	0	0.499175	0.176495	0.394661	0.558122	0.558122	0.394661	0.176495	0.249592	0	0.249592	0.394639	0.789241	0.636318	0.176495	0.176495	0.176495	0.352987	0.24961	0.176495	0	0.249592	0.176495	0.558099	0	0.394661	0.49921	0.558122	0.394661	0.176495	0.176495	0.24961	0.249592	0.705947	1.45513	0.882438	1.42265	1.45513	1.7377	1.66454	0.352987	0.558122	0.748791	0.49921	0.394639	0.499175	0.394639	0.352987	0.24961	0.24961	0.176495	0	0	0.176495	0.352987	0.352987	0.24961	0.394639	0.176495	0.558122	0.748791	0.705947	0.394639	0.249592	0.499175	0.499175	0.249592	0.352987	0.394661	0.176495	0.352987	0.394639	0.176495	0.394639	0.352987	0.558099	0.558122	0.789285	0.558122	0.352987	0.558099	0.249592	0.558099	0.249592	0.352987	0.176495	0.394639	0.558099	0.176495	0	0.176495	0.176495	0.176495	1.76434	1.76434	0.176495	0.352987	1.5076	1.05885	0.899893	0.636359	0.394661	0.529472	0.727683	0.558122	0.176495	1.27248	1.99594	4.30057	1.34387	0	0	0	0.176495	0.394661	0.394661	0.176495	0	0.176495	0.176495	0.176495	0.176495	0	0	0	0.176495	0.394661	0.49921	0.394661	0.394639	0.394639	0.529472	0.558122	0.394661	0.176495	0	0.352987	0.558122	0.748739	1.41168	1.81658	1.87557	1.4227	1.45508	2.39912	1.49722	2.0115	4.41774	6.10373	7.05276	4.62284	2.7885	2.52543	1.34394	2.36653	3.71793	2.23143	0.727659	1.84207	3.54747	4.40385	5.35247	6.39803	6.96571	6.96571	6.53772	5.87825	4.93297	3.27953	1.67394	1.28467	0.882409	0.882438	0.950394	0.558122	0.176495	0	0	0.789241	1.07344
0.558049	0.176478	0.558049	0.499158	0.882302	0.352953	0.394604	0	0.394604	0.705879	0.882346	1.24769	0.558066	0.705879	0.705879	0.882346	1.50751	1.74656	1.99587	1.77301	1.18366	0.789204	0.529421	0.558049	0.394604	0.176478	1.77301	3.59479	4.30041	4.48336	4.01784	3.03349	2.64537	2.99747	2.4566	0.882324	0.352953	0.529421	1.02895	1.50751	2.01131	0.882346	1.42253	0.99824	0.558049	0.558066	0.636292	0.352953	0.176478	0.176478	0	0.352953	0.394621	0.352953	0.352953	0.176478	0.394604	0.529421	0.394621	0.352953	0.352953	0.249584	0.249584	0	0.394621	0.558066	0.558066	0.394621	0.352953	0.394604	0.394621	0.636292	0.176478	0.352953	0.394604	0.176478	0.394621	0.705879	0.558066	0.394621	0.176478	0.176478	0.176478	0.176478	0.352953	0.249584	0.352953	0.499158	1.07336	1.23516	0.636292	0.558066	0.558066	0.394621	0.176478	0	0	0.176478	0.249584	0.558049	0.352953	0.176478	0.176478	0.394621	0.394621	0.394604	0	0.352953	0.705879	0.249571	1.28455	0.176478	1.9	0.882324	1.76419	1.76419	0.352953	0.636262	0	0.558049	0.529421	0.249571	0.394621	0.558066	0.394621	0.176478	0.249571	0	0	0.394604	0.352953	0.176478	0.176478	0.176478	0.176478	0.558049	0.394621	0.394621	0.176478	0.249571	0.499132	0.394604	0.394621	0.394621	0.176478	0.249571	0.499132	0.499132	0.249571	0.176478	0.352953	0.636262	0	0.249571	0	0.249571	0.394604	0.394621	0.352953	0.176478	0.352953	0.394621	0.529421	0.394604	0.249571	0.176478	0.558066	1.28459	1.76427	1.94853	1.34375	0.176478	0.636262	1.27237	0.882324	0.249571	1.02895	1.11603	0.558066	0.558049	0.558049	0.249571	1.42249	2.84323	4.44508	0.529421	0	0.176478	0.249584	0.176478	0	0	0.176478	0.394621	0.394621	0.176478	0.176478	0.394621	0.499158	0.394621	0.176478	0.394604	0.529421	0.394621	0.499132	0.394621	0.558066	0.352953	0.249584	0.394621	0.176478	0.176478	0.727593	0.176478	1.73755	1.79913	1.24771	1.02895	1.28459	1.24771	1.37804	1.62663	1.97233	2.87054	5.66464	5.61286	3.49874	2.87049	2.69764	2.47547	3.79584	3.35391	5.13155	7.53475	8.32524	8.07206	7.08666	6.09304	5.14056	3.95965	2.69191	1.24773	0.249584	0.394604	0.529421	0.352953	0.998188	1.0289	0.789204	1.27243	1.50751	1.11603	0.636292	0.636292	1.07334	0.789171
0.557992	0.249545	0.636196	0.176461	1.11588	0.499114	0.394564	0.176461	0.352919	0.352919	0.249562	0.394564	0.529371	0.176461	0.705812	0.727544	0.899721	0.636237	0.636237	2.64496	2.29947	1.18361	1.1298	0.950212	1.02886	0.950212	0.998083	0.49908	1.27232	2.25872	2.25872	1.66432	1.49704	2.25872	3.17307	2.45627	0.352919	0.176461	0.557992	0.899697	1.89981	0.998153	0.88224	0.394586	1.07324	0.950166	0.249562	0.727544	0.748648	0.499114	0.176461	0.49908	0.249545	0.249545	0.176461	0.394586	0.705812	0.529371	0.176461	0.249545	0.249545	0.176461	0.394586	0.558015	0.394586	0.176461	0.249545	0.176461	0.352919	0.176461	0.394564	0.394586	0.529371	0.352919	0.394564	0.249545	0.394564	0.394564	0.249545	0.176461	0.394586	0.394586	0.176461	0.394564	0.394586	0.394586	0.176461	0.249545	0.49908	0.88221	0.394564	0.249545	0.249562	0.394586	0.352919	0.249562	0.176461	0	0	0.394564	0.352919	0.176461	0.249545	0	0.249545	0.49908	0.352919	1.05865	0.636237	0.950166	1.66432	1.94835	0.636237	2.231	1.94835	1.34361	0.249545	0.529371	0.748648	0.705812	0.176461	0.176461	0.394586	0.394586	0.352919	0.352919	0	0.394586	0.394586	0.394564	0.249545	0	0.394564	0.249562	0.352919	0.529371	0.529371	0.176461	0	0.176461	0.529371	0.529371	0.176461	0.176461	0.249562	0	0.557992	0.394564	0.394564	0.394586	0.394586	0.636196	0	0.249545	0	0.176461	0.394586	0.394586	0.249562	0.394586	0.529371	0.249545	0.176461	0.176461	0.705812	1.45485	2.13127	2.62152	2.54338	1.87521	0.789134	0.352919	0.49908	1.24753	0.899697	0.72752	0.394586	0.529371	0.176461	0.249562	0.899721	0.394586	1.24753	2.99183	4.11232	0.176461	0.176461	0.352919	0.249562	0.352919	0.176461	0	0.249545	0.394564	0.394586	0.394586	0.352919	0.249562	0.176461	0.249545	0.249545	0.394564	0.558015	0.950212	1.07326	0.529371	0.557992	0.499114	0.394586	0.394564	0.249545	0.176461	0.727544	1.28447	1.84165	0.78909	1.42243	1.27232	0.249545	1.07326	0.636237	0.249562	1.50738	3.01777	4.05566	2.25872	2.12392	2.29278	2.29956	2.73739	4.90377	7.07744	7.85218	5.67229	2.76001	1.23504	1.34368	2.24492	2.15305	1.62652	1.37799	1.45481	0.636196	0.705812	0.558015	0.529371	0.950166	1.24756	1.05865	0.394564	0.727544	1.34368	1.51768	1.51768	1.18361	0.394586
0.557942	0.63614	0.63614	0	0.63614	0.249523	0.394545	0.882177	1.02876	1.18349	1.37785	1.27218	1.05855	0.557959	0.727453	0.63614	0.789019	0.789052	1.24749	3.17759	2.36586	0.499062	0.882177	0.74857	0.636171	1.07316	1.84148	0.557942	0.882155	1.07316	0.249536	0.705744	0.636171	0.557959	2.69127	3.17757	0.557942	0	0.74853	0.557942	1.42224	1.12968	0.557959	0.176444	0.394528	1.24745	0.899631	0.394545	0.176444	0.249523	0.249523	0.394528	0.176444	0.557942	0.636171	0.557959	0.557942	0.394528	0.249523	0.394528	0	0.352885	0.352885	0.394545	0.52932	0.176444	0.249523	0	0.176444	0.176444	0.394528	0.249523	0.557942	0	0.394528	0.394528	0.394528	0.249523	0.249523	0	0.249523	0.176444	0.176444	0.63614	0.394545	0.557942	0.352885	0.74857	0.789052	0.557942	0.63614	0.176444	0.394528	0.394528	0.249523	0	0.249523	0	0	0.176444	0.352885	0.394528	0.176444	0.394545	0.394545	0.249523	0.52932	1.05855	1.02876	1.45467	0.899631	2.23071	1.90779	0.882155	0.899631	0.727453	0.394545	0.499062	0.499062	0.394545	0.249536	0.52932	0.557959	0.394545	0.176444	0.249523	0.249523	0.249523	0.249523	0.176444	0.394545	0.394545	0.557942	0.249536	0.352885	0.352885	0.557942	0.52932	0.499062	0.394545	0.176444	0.499036	0.249523	0	0	0.249523	0.394528	0.394545	0.52932	0.352885	0.394545	0.52932	0.176444	0.249523	0	0	0	0	0.176444	0.249536	0.394528	0.499036	0	0.52932	1.76389	2.31952	2.23078	1.84153	0.882177	0.727453	0.394528	0.249523	0.394545	1.81596	1.37778	0.394528	1.11581	1.02876	0.789019	0.74857	1.42228	1.24749	0.727453	2.74267	3.66648	0.882155	0.176444	0.249523	0.176444	0.394545	0.557959	0.394545	0.176444	0.499036	0.176444	0.352885	0	0.557959	0.636171	0.249536	0.394528	0.499062	1.02876	0.882177	0.52932	1.97195	1.81604	1.11581	0.394528	0.557942	0.176444	0.705744	1.73728	2.05685	1.11581	0.727453	1.57781	2.2098	2.39854	2.29938	2.78771	2.89153	2.86999	3.5638	2.82632	1.62626	2.01093	0.899613	1.28434	2.29938	2.54312	2.36596	1.45471	0.950081	2.18148	2.64486	2.82084	1.18344	0.899631	0.789052	0.557942	1.51744	1.07316	1.34354	1.18349	0.950115	0.352885	0.705744	1.28431	0.899613	0.352885	0.394545	0.882177	0.882177	0.557959	0.352885
0.788938	1.4221	1.62617	1.34342	1.18331	1.41114	2.13086	2.24449	2.25829	2.15264	1.74607	1.50709	1.62617	1.51739	1.6733	1.6733	1.62617	1.18338	1.18338	2.68524	1.27199	0.352852	0.498984	0.352852	0.352852	0.557909	1.79861	1.58745	0.636115	0.498984	1.0286	1.42216	1.50709	0.788938	2.6209	2.78728	0.748452	0	0.748452	0.176428	0.882041	0.249514	1.12958	1.664	1.49675	1.90772	2.23058	1.34342	0.705677	0.176428	0.249497	0.249497	0.176428	0.705677	0.727404	0.176428	0.529269	0.705677	0.249514	0.352852	0.557909	0.39451	0	0.249514	0.394488	0.394488	0.352852	0.249497	0.39451	0.529269	0.176428	0.498984	0.394488	0.39451	0.705677	0.529269	0.176428	0.249497	0.394488	0.249514	0.176428	0.176428	0.394488	0.557885	0.557909	0.727381	0.249497	0.352852	0.176428	0.249497	0.636074	0.249514	0.249497	0.557885	0.352852	0.249514	0.352852	0.249514	0.176428	0	0.249497	0.498984	0	0.249497	0.705677	1.57767	1.73713	1.24735	0.636115	0.636074	0.727404	1.89945	1.76366	0.8821	0.788938	0.899524	0.636115	0.39451	0.249514	0.249514	0.39451	0.529269	0.176428	0.249497	0.176428	0.39451	0.249514	0.176428	0	0.176428	0	0.394488	0.394488	0	0.394488	0.705677	0.727404	0.352852	0	0.249497	0	0.394488	0.39451	0.39451	0.176428	0.176428	0.39451	0.499019	0.39451	0.176428	0.394488	0.352852	0.394488	0.249497	0	0	0	0	0.249497	0	0.249497	0.394488	0.557909	1.58745	1.5972	0.727381	1.62617	1.50709	0.8821	0.394488	0.529269	0.557909	0.727404	1.51729	1.45453	1.07306	0.394488	0.249497	1.11566	0.949984	0.176428	0.636074	0.95003	1.51729	2.8696	2.47476	0.899548	0.352852	0.352852	0.249514	0.39451	0.529269	0.249514	0.557885	0.176428	0.394488	0.705677	0.557909	0.899524	1.73713	1.9718	1.664	1.57767	1.664	2.31931	2.14536	1.37773	1.62617	1.73713	1.81588	1.42216	0.882071	1.12951	0.394488	0.39451	1.24733	1.41114	0.39451	1.18338	2.37232	2.69116	2.506	2.506	3.01719	1.89954	2.99646	2.05654	0.95003	1.73713	2.01083	1.9718	1.51739	1.02866	1.97169	1.81578	0.39451	2.25813	2.01073	0.997962	0.557909	0.636074	0.949984	1.27207	1.9718	2.05667	1.79865	0.95003	1.11571	1.23481	0.557885	0.394488	0.529269	0.499019	0.499019	0.529269	0
1.34324	2.01054	1.24723	1.07295	2.20928	2.69076	1.79848	1.27194	1.18326	1.12947	0.881986	0.727314	0.881986	0.727332	0.881986	1.07295	1.07295	0.949933	1.1156	1.97152	0.636018	0.176411	0.881964	0.176411	0.176411	0	1.12941	1.18321	0.705609	0.394469	1.81562	1.59705	1.97152	2.44923	2.39801	1.97152	0.394453	0.788901	1.23469	0.557852	1.34324	0.727332	1.27188	1.27194	1.4966	1.4966	1.93978	1.67308	1.12941	0.498967	0.529218	0.394453	0.394453	0.636049	1.1156	0.881986	0.176411	0.352818	0.529218	0.249475	0.176411	0	0.394453	0.249488	0.176411	0.49894	0.394453	0.557835	0.176411	0.49894	0	0.49894	0.176411	0.557852	0.557852	0.176411	0	0.176411	0.748387	0.249488	0.249488	0.529218	0.788868	0.394469	0.727332	0.352818	0.352818	0.636049	0.727314	0.394453	0.249475	0.249488	0.249475	0.557835	0.176411	0	0.394453	0.249488	0.394453	0	0.394453	0.557835	0.249488	0.394469	1.45439	1.76355	1.79844	1.49652	0.498967	0.636049	1.02856	1.24721	0.557852	1.02856	1.66375	0.997805	0.394453	0.176411	0	0	0.394453	0.176411	0	0.176411	0.394453	0.352818	0.529218	0.249488	0.529218	0.529218	0.249488	0.557835	0.176411	0	0.49894	0.881964	0.176411	0.352818	0.498967	0.394469	0.249488	0.394469	0.498967	0.529218	0.394453	0	0	0	0	0	0.49894	0.176411	0.557835	0.176411	0	0	0	0	0.176411	0.249488	0.394453	0.176411	0.899441	1.67308	0.176411	1.42199	1.9716	1.97158	1.24721	0.249475	0.394469	0.636049	1.12947	1.1156	0.394453	0.176411	0.498967	0.498967	0.394453	1.07293	0.997857	1.05835	0.727314	0.249488	1.59707	2.95452	1.45439	0.394469	0.176411	0	0	0.49894	0	0.49894	0	0.49894	0.881964	0.249475	2.13056	1.94778	1.9716	2.05645	2.05645	1.7636	1.411	0.788868	0.352818	0.949933	1.51723	1.8157	1.77235	0.529218	0.899441	0.899441	0.249475	0.727332	1.45443	1.62601	1.24721	0.748387	0.557835	0.881986	1.18326	1.97154	0.882008	3.23496	2.14511	1.50694	1.24723	0.882008	1.42201	1.74589	1.67313	2.45558	1.97152	0.498967	1.37751	1.24721	1.18326	0.705609	0.352818	0.705609	0.727314	0.636018	0.49894	1.49652	0.352818	1.07293	0.557852	0.176411	0.176411	0.394469	0.498967	0.498967	0.394469	0.394453
1.37737	1.81543	0.949848	1.28398	2.29185	2.99069	1.07283	1.07285	1.07285	0.557802	0.748309	0.529168	0.727265	0.899376	0.899376	0.949848	1.28398	1.5068	1.12937	0.881872	0.727241	0.176394	0.788787	0.352784	0	0	0.727241	1.23457	1.05825	0.394434	1.87436	1.27175	2.69048	3.38896	2.18079	1.45425	0.635993	0.881902	0.635952	0.748309	1.23457	1.27183	1.4218	0.394434	0.949848	1.24714	0.899352	1.73671	1.89908	0.394434	0.557778	0.249449	0.557778	0.748309	0.748309	1.0284	0.557778	0.748361	0.557802	0.394412	0	0.176394	0.529168	0.498923	0.498923	0.727241	0.557778	0.557778	0.249449	0.394412	0.176394	0.394412	0	0.394412	0.249466	0.394434	0.498923	0.394434	0.949802	0.394434	0.249466	0.529168	0.788787	0.352784	0.529168	0.249449	0.557778	0.249466	0.881872	0.394412	0.176394	0	0.498888	0.498888	0	0	0.394412	0.249466	0.557778	0.394434	0.176394	0.635993	0.881931	0.635993	1.50673	1.59689	2.01034	1.81543	0.727265	1.42189	1.81554	1.12937	0.997701	0.727265	2.01034	1.62581	0	0.394434	0.249466	0.249466	0.394412	0	0	0	0.498888	0.635952	0.529168	0.352784	0.352784	0.529168	0.249466	0.557778	0.249466	0.394434	0.705541	0.788787	0.176394	0.249449	0.176394	0.176394	0.176394	0.176394	0.249466	0.635952	0.498888	0	0	0	0	0	0.394412	0.394434	0.529168	0.176394	0.176394	0.249466	0.176394	0	0.176394	0.394434	0.529168	0.249466	1.12929	1.49636	0.635952	1.37737	0.394412	1.24709	1.97139	1.84101	0.899376	0.249449	0.727241	0.635993	0.748361	0.727265	0.394434	0.249449	0.249466	0.557802	0.881931	0.498923	0.352784	0.529168	0.635993	3.15216	2.05615	0	0	0	0	0.498888	0.176394	0.557778	0.249466	0.557778	0.881872	0.498888	2.49293	1.62578	0.529168	0.705541	0.727265	0.635993	0.176394	0.529168	0.705541	0.498923	0.394434	0.394434	1.76339	1.84094	0.249466	1.28398	1.66368	1.74573	1.97142	2.0638	1.77219	1.05825	0.705541	1.11545	1.23457	1.94758	0.881902	2.99069	1.27175	0.529168	0.249449	0.394434	0.498923	0.498923	0.635952	2.01034	2.69636	2.74205	1.74573	0.249449	0.881902	1.05825	1.12937	0.748361	0.748309	0.394412	0.394412	1.517	0.249449	0.949802	0.394434	0.176394	0	0.176394	0.557802	1.02847	1.24714	1.34317
1.23445	1.93941	1.51694	1.02836	1.24695	2.54202	0.899269	0.899269	0.899269	0.788717	0.394394	0.881839	1.02836	1.18303	1.51694	1.76326	1.73662	1.67281	1.51694	1.12925	0.529117	0.176377	0.557728	0.748244	0.24944	0.24944	0.498871	1.11538	1.58699	0.949751	1.12919	1.11538	3.12228	4.45298	2.69609	0.997666	0.176377	0.498845	0.176377	1.18298	0.529117	0.881839	0.529117	0.394377	1.28381	1.2717	1.2717	1.07273	1.74546	0.35275	0.394377	0	0.498845	0.881795	0.881795	0.727175	1.24697	0.635927	0.394394	0.176377	0	0.176377	0.176377	0.176377	0.24944	0.727175	0.529117	0.394377	0.635896	0.35275	0.35275	0.394394	0.394394	0.35275	0.24944	0.35275	0.24944	0.394394	0.899287	0.949751	0.748283	0.78875	0.24944	0.24944	0.176377	0.705474	0.727192	0.748283	0.705474	0.176377	0.249427	0	0.498845	0.394377	0.24944	0.24944	0.394394	0.498871	0.529117	0.176377	0.394377	0.529117	0.635927	0.78875	1.4217	1.45415	1.76322	1.11535	0.635896	0.997614	0.727175	1.02831	1.62564	0.498871	1.6257	2.66716	2.13024	1.62572	1.11538	0.498845	0.394394	0.176377	0.176377	0.557745	0.727192	0.557728	0.24944	0.705474	0.35275	0.394377	0.394394	0.705474	0.635927	0.78875	0.557745	0.394377	0.394377	0.24944	0.176377	0.249427	0.394377	0.35275	0.176377	0.635896	0.557728	0.24944	0.394394	0.498871	0.498871	0.498871	0.24944	0.394377	0.35275	0.394394	0.557745	0.498871	0.557745	0.394394	0.176377	0.394377	0.176377	0.176377	0.881795	1.45411	0.727192	0.881795	0.394394	0.394394	1.51694	2.39763	2.29845	1.42168	1.59674	1.37732	0.899269	0.78875	1.2717	1.18303	0.881839	0.881839	1.18303	1.24699	0.748283	1.42174	2.12295	2.69604	2.15189	0	0	0	0.176377	0.557728	0.394377	0.635896	0.24944	0.557728	0.727175	0	2.1447	2.64378	1.18303	0.35275	0.24944	0.635927	0.727192	0.394394	0.394377	0	0.249427	1.18298	1.23445	2.89028	1.07273	1.37732	2.84173	4.54234	5.56016	6.04662	6.11968	5.85336	5.73953	5.80334	6.14713	4.98247	3.56239	3.24867	0.997614	0.249427	0.176377	0.529117	0.498871	0.498871	0.24944	0.727192	1.73662	1.99473	2.22993	2.29173	2.05606	0.899287	1.23445	1.5772	1.84083	1.8743	1.8743	1.59676	0.899287	1.11538	1.11538	0.78875	0.881839	1.02836	1.11538	1.11538	0.881839	0.949751
0.78868	1.6255	0.727126	0.881703	1.07265	3.03129	0.881703	0.727102	0.727102	1.02821	0.529066	0.498828	0.529066	0.394359	0.78868	0.949666	0.557695	0.63583	0.394359	1.02827	0.899204	0.249401	0.748166	1.02821	0.249418	0.249418	0.17636	0.17636	1.18286	0.705406	0	0.78868	2.75827	4.83106	1.58684	1.76299	0.78868	0.635871	0.557672	1.18286	1.11524	0.394359	0.249401	0.557672	1.51671	0.748166	0.748218	1.34291	1.24685	0.17636	0.17636	0.249401	0.557672	0.394337	0.394337	0.635871	0.705406	0.394337	0.17636	0	0	0.352716	0.498828	0.529066	0.249418	0.249401	0.17636	0.17636	0.63583	0.394337	0.394359	0.498828	0.529066	0.394337	0	0.17636	0.249418	0.249401	0.394359	0.705406	0.498828	0.529066	0.748166	0.249401	0.89918	0.557695	0.394359	0.498828	0.394359	0.249418	0.17636	0	0.498793	0.17636	0.249418	0.249418	0.249418	0.249418	0.17636	0.352716	0.352716	0.352716	0.352716	0.17636	1.02821	0.557672	1.02821	0.249401	0.748218	1.77185	1.62555	1.23433	1.37711	0.394337	0.394359	1.59661	2.13005	2.01006	1.9472	1.51671	0.249418	0.394337	0.394337	0.89918	0.635871	0.17636	0.394337	0.352716	0.705406	0.788636	0.394337	0.557672	0.529066	0.394359	0.249401	0.394337	0.498793	0.352716	0.352716	0.17636	0.557672	0.394359	0.529066	0.249401	0.557672	0.249418	0.529066	0.498828	0.498828	0.498828	0.529066	0.557672	0.394337	0.352716	0.394359	0.249418	0.394359	0.529066	0.249401	0.557672	0.249418	0.529066	0	1.05804	0.705406	0.352716	0.498828	0.94962	0.394337	0.705406	2.22963	2.88998	2.20863	0.78868	2.25727	1.77185	1.62558	1.12915	0.727126	0.394359	0.557672	0.89918	1.02827	2.29824	2.7864	2.60222	1.23433	0	0	0	0.394337	0.557672	0.557672	0.94962	0.498828	0.705406	0.705406	0.99751	1.27159	2.81949	2.11536	0.78868	0.529066	0.249401	0.557695	0.748218	0.635871	0.498828	0.394359	1.24682	0.94962	3.52265	1.18286	0.557672	2.84678	3.54031	3.86213	4.41446	4.78652	5.11316	5.2468	5.31667	5.34836	4.35458	5.66871	3.74401	1.2715	0.529066	0.17636	0.498793	0	0	0.17636	0.394359	0.727126	0.748218	0.249418	2.12276	2.62005	2.69577	2.00993	0.748218	1.66337	1.99455	1.99455	1.49618	0.78868	0.635871	1.07262	0.635871	0.949666	0.881762	0.557695	0.249401	0.529066	0.394359
2.29129	3.17587	2.64334	2.39717	1.815	3.95646	1.79775	0.352683	0.498749	0.788566	0.727035	0.176343	0.352683	0.498775	0.529016	0.529016	0.352683	0.394302	0.635774	0	0.788566	0.705339	0.498749	1.07252	0.557639	0.176343	0	0	0.788566	0.705339	0.788566	1.11514	3.17577	4.3469	1.02816	3.70224	2.37117	1.79779	0.352683	0.949535	0.557621	0.88167	1.18281	1.34277	1.24673	0.529016	1.07254	0.881648	0.788599	0.788599	0.394318	0.727035	0.352683	0.176343	0.176343	0.394302	0.176343	0.394302	0.176343	0	0	0.498749	0	0.498749	0.176343	0.394318	0.394318	0.176343	0.394302	0.557621	0.176343	0.176343	0.557621	0.394302	0	0.176343	0.249392	0.557621	0.394318	0.705339	0.394318	0.394302	0.881626	0.394302	0.997423	0.352683	0.352683	0.352683	0.394318	0.176343	0	0	0.498749	0.176343	0.249392	0.176343	0.176343	0.176343	0	0.394318	0.74814	0.557639	0.529016	0.498775	0.788566	0.394302	0.7481	0.249392	0.394302	0.727035	1.34272	0.249392	1.28357	0.788566	0.498749	0.394302	0.557621	0.881626	2.20844	1.37699	0.949569	1.18281	0.788599	0.635774	0.249392	0.394302	0.498749	0	0.498749	0.881626	0.557621	0.394302	0.498749	0.352683	0.881648	0.881648	0.352683	0.352683	0.529016	0.249392	0.394302	0.176343	0.394302	0	0.394302	0.249392	0.394302	0	0	0.176343	0.394302	0.394302	0.635774	0.498749	0	0.176343	0.249392	0.249379	0.529016	0.352683	0.176343	0.394302	0.498749	0.352683	1.27139	0.705339	0.788599	1.18276	0.529016	0.949569	2.35137	3.38801	1.74513	1.24675	2.4483	1.27139	0.498775	0.176343	0.529016	0.352683	0.352683	0.176343	1.07252	1.89855	0.788566	0	0	0.176343	0.249392	0.176343	0.394302	0.557621	0.394302	0.881626	0.176343	0.394302	0.557621	1.4214	0.788566	1.76284	2.25707	0.498749	0.635805	1.51665	1.34277	0.557639	0.394318	0.394318	0.249392	0.899097	0.899097	3.0002	1.28357	0.881626	4.3469	5.17525	4.48679	3.86173	3.79307	4.29713	4.23927	3.80936	3.30958	4.73729	7.08092	3.73541	1.4214	0.352683	0.176343	0.394302	0	0	0.176343	0.249392	0.394302	0	0.881626	0.949535	0.176343	2.52317	2.84111	1.79779	0.705339	0.176343	0.249392	0.881626	0.788599	0.88167	1.07252	0.498775	0.727035	0.249392	0.249392	0.176343	0.394302	0.176343
1.74494	1.51642	0.249371	0.635749	1.02807	2.7521	2.29777	1.62527	1.50622	1.28349	1.2341	0.726987	0.352649	0.176326	0.176326	0.176326	0.557565	0.176326	0.748022	0.176326	0.557588	0.899032	0.557565	0.705271	0.881564	0.557565	0	0.352649	0.176326	0.557588	1.28344	1.87365	2.98954	2.64887	4.737	5.12112	3.56585	3.21432	2.2978	1.45374	1.51652	2.05549	2.37096	2.25699	1.62527	1.05784	0.352649	1.07244	0.997388	1.05784	0.557588	1.24661	0.726987	0.498697	0.498697	0.176326	0.176326	0.176326	0.249353	0	0	0.394261	0.249371	0.557565	0.352649	0.352649	0.352649	0.394261	0.176326	0.557565	0.394261	0.249353	0.394261	0.352649	0.176326	0.249353	0.176326	0.557588	0.788529	0.726987	0.557565	0.249371	0.881564	0.635749	0.949439	0.557565	0.635708	0.498697	0.394261	0.528965	0.498732	0.498732	0.352649	0.249353	0	0.249353	0.249371	0.726987	0.635749	0.635708	0.394283	0.705271	0.528965	0.176326	0.352649	0.635749	0.394283	0.176326	0.352649	0.498732	1.62519	1.05784	1.02801	0.705271	1.27134	1.02807	0.176326	1.27126	2.25684	0.788529	1.45374	0.788529	0.249371	0.528965	0.394283	0.394261	0.352649	0.635749	0.726987	0.557565	0.394261	0.176326	0.498697	0.635708	0.949439	0.881564	0.635749	0.394283	0.352649	0.249353	0.176326	0.394261	0.176326	0	0.176326	0.249371	0.176326	0	0	0.394261	0.352649	0.352649	0.788485	0.249353	0.249371	0.352649	0.394283	0.394283	0	0.176326	0.249353	0.176326	0.249353	0.176326	1.27126	1.18263	0.249353	1.07242	1.12893	1.97064	2.81895	2.90551	0	1.58653	0.635708	1.45374	1.1827	0.726963	0.176326	0.748022	0.394283	0.881534	1.79757	1.42129	0.352649	0	0.176326	0.352649	0.249371	0.394283	0.249371	0.498697	0.249353	0.557565	0.528965	0.176326	0.394261	1.11502	1.28344	0.881534	2.60157	0.949439	0.881534	0.557588	1.24661	0.899007	0.352649	0.352649	0.249353	0.176326	1.05784	1.9065	1.37684	1.81473	7.23131	9.46075	7.09786	4.99959	4.56809	5.26916	5.84125	5.59442	4.60513	7.00455	8.56102	3.11635	1.28344	0.528965	0.394261	0.176326	0	0	0.249353	0	0.249353	0.176326	0.726963	0.881564	0.726987	0.949439	2.35121	3.0765	2.49209	1.28349	0.557588	1.27126	1.24661	1.49589	1.42134	0.881593	1.07242	0.352649	0.176326	0.705271	0.788529	0.705271
2.45425	3.45977	2.86779	2.93189	2.86779	2.22907	1.24649	0	0.788448	1.50607	1.84012	1.73595	1.42117	0.788448	0.881502	0.788448	0.352615	0.176309	0.788415	0.176309	0.176309	0.249332	0.898924	0.49868	0.498654	0.788415	0.176309	0.498654	0.176309	0.249345	1.12876	2.50417	2.12203	2.29085	4.0522	1.79744	1.23398	2.49184	3.56545	3.54372	2.37071	1.73595	1.49574	1.37679	1.37679	2.0628	2.05527	1.24653	0.635683	0.949353	0.176309	1.37672	0.726896	1.02792	0.747957	0.176309	0.249332	0.176309	0.249332	0.176309	0.176309	0.176309	0.249345	0.394226	0.176309	0.394243	0.394243	0.394226	0	0.394226	0.528914	0.249345	0.249345	0.557532	0.528914	0.352615	0.352615	0.176309	0.249345	0.635683	1.05774	0.949388	1.07233	0.528914	0.557514	0.705204	0.726896	0.557514	0.557514	0.747957	0.394243	0.49868	0.394243	0.176309	0	0.176309	0.528914	0.528914	0.352615	0.898924	0.788448	0.557532	0.394226	0.249332	0.176309	0.394243	0.635683	0.788448	0.788448	0.881502	0.557514	1.18258	1.4212	0.788415	1.28336	1.89825	1.5766	1.23398	1.87348	0.528914	0.557514	1.18253	0.635683	0.997232	0.557532	0.788415	0.352615	0.726914	0.635683	0.394243	0.176309	0	0.394226	0.394226	1.05774	0.49868	0.249345	0.635683	0.726914	0.788415	0	0.498654	0	0	0	0	0	0	0	0.498654	0.394226	0.352615	0.498654	0.394243	0.49868	0.394243	0.352615	0.394243	0.557532	0.394243	0.176309	0	0.176309	0.352615	0.557514	1.42117	1.07233	0.898942	2.15118	2.39671	1.94665	1.37672	1.45356	0.557514	1.76254	1.89825	1.59613	1.07232	0.747996	1.07232	0.249332	1.89819	1.50602	0.635653	0	0	0.249332	0.176309	0.176309	0.176309	0.394226	0.394226	0.352615	0.176309	0.498654	0	0.249332	0.635653	1.18253	0.249332	2.44783	1.87348	1.11496	1.5766	0.949388	0.747957	0.705204	1.5766	1.37679	0.949353	1.84007	1.77134	2.12207	3.04069	9.99017	9.829	3.54372	3.0762	2.64864	2.29076	1.42117	1.99396	2.0628	8.02264	9.5495	2.93175	1.18253	0.881457	0.498654	0	0	0	0.176309	0.249345	0.394226	0.394226	0.528914	0.726914	0.949388	0.881502	0.394243	1.23398	2.73502	3.15081	2.84064	2.12942	1.93867	1.27121	1.02797	0.726914	1.07232	0.88148	0.557514	0.747957	0.249332	0.635653
0.747931	1.02781	0.788378	0.249306	0.176292	1.41006	1.97029	1.90626	1.50594	0.352581	1.37667	2.44772	2.64252	1.07224	0.557481	0.726824	0.249323	0.352581	0.726824	0.788378	0.881425	0.635628	0.528864	0.352581	0.394208	0.898835	0.557458	0.352581	0.394208	0.249306	1.18241	3.23278	2.64836	3.24715	2.75721	0.635628	0.394208	0.557481	1.50594	2.31753	2.00926	0.997198	0.498637	0.557481	0.352581	0.352581	1.02788	1.50594	1.07224	0.249306	0.635628	1.02781	0.557458	1.27102	0.788334	0.394186	0.498602	0.249306	0.394186	0.528864	0.557481	0.394208	0.176292	0.249323	0.635628	0.747931	0.635628	0.394208	0.394208	0.394208	0.176292	0.249306	0.249306	0.176292	0.557458	0.352581	0.635628	1.12872	1.12872	0.788378	0.394186	0.557458	0.635587	0.881366	0.788378	1.3424	0.747931	0.557458	0.528864	1.11481	0.557481	0.498637	0.394208	0.176292	0.176292	0.249323	0.249306	0.394208	0.394208	0.394186	0.176292	0.557481	0.498637	0	0.352581	0.394186	0.352581	0.635628	0.881425	0.881425	0.788334	0.352581	0.249306	1.02781	1.66263	0.747931	1.7358	1.66273	1.23386	0.747879	0.176292	1.37658	0.352581	1.24634	0.528864	0.949257	0.176292	0.788378	0.881425	0.557481	0.176292	0.176292	0.176292	0	0.498637	1.18247	1.11486	0.557481	0.394186	0.881366	0.176292	0.352581	0.394208	0.176292	0	0	0	0.176292	0.394208	0.528864	0.394186	0.176292	0.394208	0.394208	0.249323	0.249323	0.176292	0	0.249323	0.498637	0.394208	0.249323	0.176292	0.249306	0	0.635587	1.57637	2.17954	2.00926	1.37667	1.07221	0.249306	1.89799	1.24634	2.73468	1.97026	2.3964	1.05764	0.747931	0.528864	1.18241	2.12912	0.898835	0.394186	0	0.176292	0.176292	0.176292	0.352581	0.352581	0.249306	0.394208	0.557481	0.394208	0.394186	0.176292	0.352581	0.557458	0.898835	1.07221	1.87329	2.50391	0.249306	0.557481	0.788378	0.557481	1.27102	0.788334	0.949257	2.31748	2.31748	1.23386	2.06252	3.07579	10.6675	8.44763	1.90613	1.76243	2.54095	0.557481	1.79723	0.949257	1.18241	7.85198	9.4031	3.86045	1.66263	0.997128	0.498602	0	0	0.176292	0.394208	0.498637	0.528864	0.394186	0.176292	0.394208	0.557481	0.635628	0.788378	0.528864	0.557481	1.50594	2.12923	2.12195	1.67202	0.747931	0.705136	0.705136	0.881395	1.07221	1.02781	0.635587	0.352581	0.394186
1.05754	0.705069	1.59584	1.76225	1.59583	2.25621	0.705069	0.557408	0.881311	1.40992	1.57623	0.498584	2.52223	1.94627	0.394151	0.726757	0.249297	0.176276	0.394167	1.07213	0.881333	0.881333	1.18235	1.27097	1.37653	1.67185	1.59584	0.788297	0.394167	0.557408	1.27091	3.36379	3.17453	3.1746	4.31325	1.07213	0.176276	0.498584	0.635562	0.881289	1.1823	0.705069	0.498584	0.528813	0.635531	0.176276	0.394167	0.557408	0.881289	0.498558	0.352548	0.176276	0.528813	0.788264	0.881311	0.528813	0.557408	0.176276	0.705069	0.528813	0.352548	0.394151	0.249284	0.249284	0.249284	0.176276	0.352548	0.176276	0.249284	0	0.176276	0.176276	0.249297	0.498584	0.528813	0	0.726757	0.394167	0.176276	0.635531	0.726775	1.18235	1.18235	0.881311	0.498558	0.249284	0.747814	0.635562	0.747853	0.635531	0.394167	0.498584	0.498584	0.557425	0.557425	0.498584	0.498584	0.498584	0.394167	0.176276	0.176276	0.898752	0.881333	0.949206	0.635562	0.528813	0.557408	0.249297	0.176276	0.557408	1.1823	0.881311	2.22865	1.87322	1.6718	0.949172	0.705069	0.249297	0.394167	0.726757	0.352548	1.34226	1.51607	0.352548	0.528813	0.498558	0.352548	0.394167	0.557425	0.726757	0.498558	0.528813	0.394167	0.176276	0.635531	0.352548	0.881289	0.498558	0.249284	0.635531	0.394151	0.176276	0.394151	0.249284	0	0	0	0.249284	0.394151	0.352548	0.176276	0	0	0	0	0	0	0.176276	0.352548	0.176276	0.249284	0	0.176276	0.498584	0.747853	1.40992	2.49133	2.31727	1.07211	0.747814	0.997041	0.394151	2.12162	2.25621	2.54056	0.949172	2.15066	1.11474	1.02777	0.635531	1.27091	1.57623	1.07213	0.705069	0.176276	0.249284	0	0.249284	0.176276	0.352548	0.176276	0.176276	0.394167	0.528813	0.176276	0.394151	0.394167	0.726775	0.949206	1.4209	0.726757	2.14347	1.771	0.557408	0.498584	0.747853	0.498558	1.18235	1.9383	2.22858	1.02772	0.726757	2.05479	3.13529	10.1408	8.02112	0.788264	1.59583	0.89877	1.76216	1.59583	2.06233	0.498558	6.9128	8.87828	5.27614	2.49128	0.949172	0.394151	0	0	0.394151	0.528813	0.498584	0.394167	0.176276	0	0	0.249284	0.176276	0.352548	0.394151	0.747853	0.881333	0.394167	0.176276	0.176276	0.176276	0.528813	0.726775	0.898752	1.51599	1.28308	0.352548	0.249284	0.176276
1.37632	1.42071	2.49109	1.62465	2.60057	2.8668	0.176259	0.557351	0.176259	0.788183	1.89763	1.05744	1.12843	2.12871	1.51584	0.557351	0.249275	0.249275	0.39411	0.881197	0.394132	0.498541	0.705001	0.726708	0.949121	1.283	1.77081	1.05744	0.498541	0.705001	1.18218	3.11516	3.85968	1.24616	4.64306	2.36336	0	0.39411	0.249275	0.557351	1.02762	0.249258	0.249275	0.557351	0.726684	0.528763	0.249258	0.176259	0.635465	0.726684	0.635506	0.635506	0.176259	0.635506	0.788227	0.394132	0.557351	0.747736	0.557351	0.176259	0.39411	0.557351	0.176259	0.176259	0.394132	0.528763	0.176259	0.39411	0.394132	0.498541	0.528763	0.249275	0.528763	0.498541	0.394132	0.39411	0.635465	0.528763	0.394132	0.635465	0.881197	0.394132	0.726708	0.635506	0.39411	0.747788	0.898663	0.528763	0.528763	0.176259	0	0	0	0.176259	0.394132	0.498541	0.498541	0.498541	0.528763	0.249258	0.528763	1.1146	0.498541	0.705001	0.498541	0.394132	0.557351	0.249275	0.39411	0.881197	0.747736	2.12871	2.2969	1.8396	1.11464	0.788183	0.498506	0.39411	0.557351	0.176259	0.996937	1.42077	1.77081	0.996937	0.176259	0.394132	0.176259	0.394132	0.394132	0.635465	0.881197	0.557351	0.39411	0.176259	0.635465	0.726684	1.24613	0.557375	0.39411	0.498506	0.498506	0.176259	0.557351	0.176259	0	0	0	0.176259	0.557351	0.39411	0	0	0	0	0	0	0	0.39411	0.176259	0.39411	0.176259	0	0.39411	0.528763	0.498541	1.50558	2.52195	1.45314	0.352514	0.996937	1.12843	0.557351	2.1214	1.90577	2.17912	1.27086	1.18218	0.635506	1.05744	1.62454	0.747736	0.898687	1.42077	1.28295	0.39411	0.176259	0.249275	0.176259	0	0.176259	0.394132	0.528763	0.249258	0.557351	0.249275	0.557351	0.249275	0.394132	0.528763	0.726684	0.635465	0.898687	2.29009	1.27077	0.39411	0.249275	0.39411	0	1.12843	1.66231	0.705001	0.705001	2.05457	3.38178	9.28582	7.98626	1.12843	1.34207	1.51584	2.20736	1.1146	2.39591	0.249258	5.87003	8.47101	6.47222	3.24647	0.726684	0.176259	0	0	0.498506	0.498506	0	0	0	0	0	0.39411	0.528763	0.394132	0.249258	0.528763	0.498541	0.528763	0.39411	0	0	0.176259	0.394132	1.27077	2.25598	0.788183	0.352514	0.394132	0.249258
0.94899	2.06194	2.15025	1.28283	3.56397	2.45323	0.249236	0.557301	0.249249	0.249236	1.42059	1.07191	1.24603	2.00862	1.5157	0.557301	0.176242	0	0.35248	1.05733	0.881164	0.74771	0.898598	0.949024	1.37627	1.66224	1.23351	0.557301	1.02757	1.342	1.59554	2.75644	3.36315	0.528712	3.807	3.24623	1.87286	1.51578	1.24606	1.18213	1.23351	0.74771	0.63544	0.528712	0.557301	0.726618	0.528712	0.249249	0.557301	0.557301	0.394092	0.498489	0.35248	0.35248	0.498489	0.498489	0.528712	0.88112	0.498463	0	0.35248	0.726636	0.63544	0.498489	0.498489	0.35248	0.176242	0.557301	0.249249	0.176242	0.35248	0.63544	0.557318	0.249249	0.249249	0.747671	0.726618	0.726636	0.63544	0.788113	0.996851	0.176242	0.74771	1.37627	1.28287	0.74771	0.726636	0.528712	0.635409	0.176242	0.176242	0	0	0	0	0.176242	0.249249	0.176242	0.498463	0.635409	0.557301	0.88112	0.176242	0.528712	0.498489	0.394092	0.249236	0.249249	0.557301	1.50544	0.63544	2.99848	2.12852	1.23351	0.726636	0.249236	0.394075	0.635409	0.394075	0.788113	1.42061	1.94592	1.9459	1.18208	0.394075	0.249249	0.394075	0	0.35248	0.704934	0.635409	0.557318	1.07192	0.996903	1.11453	1.05733	0.94899	0.394092	0.726618	0.635409	0.35248	0.498489	0.35248	0	0	0.176242	0.394092	0.498489	0.35248	0.35248	0.394092	0.176242	0.176242	0.249249	0.176242	0	0	0.394075	0.394092	0.704934	0.498489	0.498489	0.788113	0.498463	0.881142	2.64761	2.29668	0.726618	0.176242	1.02753	0.557301	0.394092	1.50544	1.24602	1.02753	0.63544	0.35248	0.498463	1.12833	1.87277	0.394092	0.881164	1.42063	1.96965	1.07191	0.176242	0	0	0.176242	0.394092	0.394092	0.394075	0.498463	0.394075	0.249249	0.394075	0	0	0.394075	0.557301	0.94899	0.498489	1.76182	1.83942	2.20727	1.50549	0.249249	0.394092	1.1145	1.453	1.07192	0.89858	1.73522	3.34012	8.76405	8.38621	3.79902	3.38621	2.95179	2.11395	1.42063	2.84489	1.07191	5.34451	8.41309	6.94445	3.48502	0.498463	0.176242	0.249249	0.176242	0.394075	0.528712	0.498489	0.394092	0.176242	0	0	0.394075	0.528712	0.498489	0.528712	0.394075	0	0.498463	0.394075	0.394092	0.498489	0.498489	0.498489	1.12833	2.12852	1.342	1.18213	0.788146	0.788113
0.528661	1.83918	1.42044	2.44664	4.01957	1.24592	0.747593	0.557245	0.249228	0.24921	1.18196	0.881058	1.59536	1.59536	0.557245	0.557245	0.394035	0	0.352446	0.788076	0.948939	0.747645	0.898515	0.881087	1.50536	1.62434	0.948939	0.557245	1.24592	1.34188	1.59539	2.06173	2.12099	1.18196	2.36291	2.8392	1.90553	1.51565	1.24595	1.12829	1.07182	0.747645	0.726569	0.394057	0.557245	0.948894	0.394057	0.249228	0.557245	0.557245	0.528661	0.498446	0.352446	0.352446	0.498446	0.498446	0.394057	0.635343	0.498411	0	0.352446	0.635384	0.726569	0.498446	0.498446	0.352446	0.394035	0.557245	0.249228	0.394035	0.352446	0.726569	0.557268	0.249228	0.249228	1.24586	0.948894	0.635384	0.726569	1.27053	0.996747	0.394035	1.24589	1.42053	1.12829	0.747645	0.635384	0.394057	0.881028	0.394035	0.394035	0	0	0	0	0.394035	0.249228	0.394035	0.498411	0.881028	0.557245	0.635343	0.394035	0.394057	0.498446	0.528661	0.24921	0.249228	0.557245	2.20694	0.881058	3.98871	2.12831	1.07182	1.2827	0.24921	0.176225	0.881028	0.176225	1.27053	0.948939	1.67138	1.34188	0.528661	0.176225	0.249228	0.176225	0	0.788033	0.704866	0.176225	0.557268	1.23339	0.996816	1.11443	0.788076	0.726545	0.528661	0.948894	0.881028	0.352446	0.498446	0.352446	0	0	0.394035	0.528661	0.498446	0.352446	0.352446	0.528661	0.394035	0.394035	0.249228	0.394035	0	0	0.176225	0.528661	0.704866	0.498446	0.498446	1.27053	0.498411	1.96943	3.45802	1.51565	0.394057	0.394035	1.02742	0.557245	0.726545	0.635384	0.747645	0.249228	0.726569	0.352446	0.498411	1.37605	1.62423	0.726545	0.948939	1.28275	2.1787	1.73504	0.394035	0	0	0.394035	0.528661	0.528661	0.176225	0.498411	0.176225	0.249228	0.176225	0	0	0.176225	0.557245	0.726545	0.498446	0.352446	1.66209	2.28977	2.3166	1.02742	0.528661	1.11438	1.05723	1.23339	1.34181	1.0718	2.49061	7.83168	8.15902	3.79867	3.38592	2.61805	1.57585	1.28275	3.07461	1.73504	5.09687	8.41223	6.94373	3.48466	0.498411	0.394035	0.249228	0.394035	0.176225	0.394057	0.498446	0.528661	0.394035	0	0	0.176225	0.394057	0.498446	0.394057	0.176225	0	0.498411	0.176225	0.528661	0.498446	0.498446	0.498446	0.394035	1.24589	1.34188	1.12829	1.05723	1.27053
1.58547	1.42034	0.635288	2.739	3.56327	1.02738	0.726479	0.498368	0	0.498368	0.880952	0.635288	1.37593	1.37593	0.635318	0.557212	0.394	0	0.498368	0.176208	0.557194	0.249202	0.528611	0.394016	0.747528	0.176208	0.726479	1.24578	1.24578	0.898426	1.28259	1.57563	1.50515	1.73489	1.27042	1.87241	0.557212	0.898426	0.635318	0.787996	1.79641	2.12092	2.06161	1.27048	1.11432	1.23327	0.635318	0.394016	0.557194	0.557194	0.249189	0.249202	0.249189	0.528611	0.498394	0.394016	0.249189	0.557194	0.394	0	0.394	0.249202	0.557194	0.249202	0.249189	0.557212	0.898426	0.880974	0.394016	0.249189	0.394	0.352413	0.528611	0.249202	0.249202	1.12811	1.05713	0.996712	0.787996	1.27042	0.880952	0.726479	1.42032	0.394	0.635288	0.726497	1.12817	1.02738	0.557194	0.557194	0.249202	0.635318	0.394	0.176208	0.176208	0.249189	0.176208	0.498368	0.635288	0.747528	0.557194	0.557194	0.528611	0.498394	0.498394	0.528611	0.557194	0.394016	0.704799	2.39524	0.880974	4.32583	2.69346	0.880996	1.42032	0.726479	0.787996	0.880974	0.394	0.99666	0.635318	0.726497	0.394016	0.249202	0.249202	0.176208	0	0.176208	1.02733	0.394	0.394	0.557194	1.24575	0.898426	1.74388	2.12092	1.27048	0.176208	0.898408	0.635288	0.352413	0.352413	0.704799	0.498394	0.394016	0.249189	0.557194	0.176208	0.498368	0.498368	0.498368	0.498368	0.394	0.249202	0.249189	0.249202	0.176208	0	0.394	0.528611	0.394016	0.176208	1.4948	0.787963	2.53959	3.38084	0.528611	0.726479	0.394	0.726479	1.28262	1.28262	0.394016	0.394016	0.898426	0.249202	0.528611	0.787996	1.96928	1.59522	1.34169	0.635288	0.787963	2.20675	1.81353	0.394	0	0.176208	0.557194	0.394	0.394	0.249202	0.394	0.176208	0.249202	0.249202	0.249202	0.176208	0	0.394	0.528611	0.498394	0.726497	1.23327	0.704799	2.25535	1.76149	0.498368	0.787963	0.726479	1.12811	1.27042	0.704799	1.57563	6.42547	7.37016	3.18796	1.77032	1.28262	0.787996	0.787963	2.98757	1.76149	5.41197	8.36295	6.47044	3.48436	0.635288	0.394	0	0.394	0.249202	0.249202	0.176208	0.394	0.557194	0.176208	0	0	0.176208	0.249202	0.176208	0	0.176208	0.557194	0.249202	0.557194	0.176208	0	0.176208	0.249202	0.747528	0.898408	0.880996	1.23327	1.34169
1.58532	0.898344	0.24918	2.14961	2.73311	1.96916	1.1818	0	0.787926	0.787926	1.02722	1.02722	1.23315	2.36245	0.498316	0.39396	0.52856	0.176191	0.498316	0.249163	0.39396	0.393981	0.635263	0.787926	0.557161	0.52856	1.02729	1.897	2.17836	1.67106	1.7962	1.67099	1.4202	1.94534	1.79625	1.59506	0.787882	1.76142	2.61755	2.78373	2.7837	1.99265	2.14249	1.624	0.635263	0.787882	0.393981	0.52856	0.39396	0.498316	0.176191	0.24918	0.249163	0.352379	0.24918	0.352379	0.635222	0.498316	0.249163	0	0.176191	0.24918	0.557138	0.24918	0.635222	0.352379	0.704731	0.89832	0.557161	0.393981	0.393981	0.49835	0.393981	0.24918	0.24918	0.352379	1.02729	1.12807	0.880919	0.726406	0.557138	0.89832	1.02722	0.176191	0.787882	1.11417	1.11422	1.24568	0.74745	0.948758	1.0716	0	0.72643	0.747502	0.249163	0.635263	0.72643	0.52856	0.787882	0.176191	0.72643	0.880889	0.557161	0.49835	0.393981	0.176191	0.635222	0.704731	1.07162	1.96905	0.49835	3.33915	3.34384	2.00811	0.726406	1.12799	1.58532	1.62403	1.59506	0.72643	0.787926	0.635263	0.557161	0.49835	0.49835	0.52856	0.249163	0.704731	0.89832	0.176191	0.393981	0.39396	1.37579	1.37579	1.58532	1.76142	1.94534	1.11417	0.52856	0.557161	0.39396	0.89832	0.72643	0.49835	0.557161	0.393981	0.39396	0.249163	0.498316	0.498316	0.498316	0.498316	0.176191	0.24918	0.176191	0	0.249163	0	0.176191	0.393981	0.557161	0.557161	1.12799	0.89832	2.88722	3.23569	0.39396	0.635222	0.176191	0.176191	0.747502	0.747502	0.52856	0.52856	0.72643	0.948712	0.393981	1.02729	1.62395	0.635222	1.02722	1.27037	2.17836	2.47142	1.24566	0.176191	0	0.39396	0.557138	0.176191	0.249163	0	0.249163	0.249163	0.176191	0.24918	0.176191	0.249163	0	0.176191	0.393981	0.49835	0.635263	1.11422	1.02729	1.24562	2.1279	0.948712	0.352379	0.89832	1.28246	1.24568	1.2825	1.77013	5.28525	7.05774	5.09908	2.83871	1.8389	1.40925	1.37579	2.61737	1.40925	6.66716	8.44826	5.34297	3.27368	0.635222	0.176191	0.24918	0	0.393981	0.49835	0.557161	0.393981	0.249163	0.393981	0.393981	0.176191	0.249163	0	0.249163	0	0.249163	0.39396	0.176191	0.39396	0.352379	0.24918	0.176191	0	0.996556	1.42017	1.2825	1.1818	0.726406
0.787812	0.557105	0.393941	1.62378	1.62378	0.704664	1.24556	1.28238	1.1141	1.12795	1.58517	1.59491	1.18167	2.95057	1.59493	0.726358	0.880783	0.726358	0.557105	0.352345	0.393941	0.557105	0.498298	0.557105	0.498298	0.880805	1.40911	1.5152	2.14228	1.96894	2.31594	1.94516	1.67089	2.44607	3.14841	2.78345	2.9031	2.47121	0.898255	0.52851	1.07151	1.42011	0.898255	1.02713	0.635166	0.996469	0.393941	0.787812	0.393941	0.898255	0.498298	0.249154	0.557088	0.352345	0.393941	0.393941	0.393925	0.704664	0.557088	0	0	0	0.498272	0	0.557088	0.726358	0.726358	0.557088	0.249154	0.635197	0.747424	0.557105	0.176174	0	0	0.393925	0.249154	0.393925	0.249141	0.249154	0.635197	0.52851	0.52851	0.747424	0.704664	1.1279	1.18162	1.24556	2.12771	0.352345	1.42007	1.1279	1.67089	1.76119	1.57533	0.996521	0.880805	0.393941	0.787812	0.498272	0.352345	1.27018	0.635197	0.352345	0.249141	0	0.747385	0.747385	1.18162	1.50487	0.393925	2.52076	1.96888	1.62378	0.176174	2.00783	1.89673	0.52851	1.62378	0.352345	0.176174	0	0.249141	0	0	0.635166	0.72634	0.72634	0.176174	0.880805	0.635197	0.176174	1.05693	2.12045	2.2958	1.24558	1.42004	1.07151	1.34149	0.880805	0.787812	1.1279	0.249141	0	0.176174	0.393941	0.393941	0.176174	0.393925	0.52851	0.52851	0.393925	0	0.176174	0.176174	0.176174	0.176174	0.176174	0.393941	0.393941	0.352345	0.393941	0.393925	0.557105	3.51898	3.1335	0.704664	0.176174	0.393941	0.176174	1.27024	1.27024	0.393941	0.352345	0.393941	0.880783	0.787812	0.635166	0.557088	0.880827	0.393925	1.79607	2.22737	1.42009	0.352345	0	0	0.498272	0.498272	0	0.393925	0.249154	0.393925	0.176174	0.352345	0.249154	0.352345	0.176174	0	0	0	0	0	0.176174	0.557105	0.249141	2.00791	2.95066	1.96896	0.498298	0.880805	1.1141	1.24556	1.58517	3.8419	5.75145	5.79657	4.69048	3.41668	2.68141	1.74346	1.81319	1.27024	7.39138	8.0147	4.09068	2.68716	0.249141	0.249154	0.176174	0.393925	0.352345	0.249154	0.352345	0.249154	0.176174	0.176174	0.393925	0.249141	0.176174	0.249154	0.176174	0	0.176174	0.393941	0.557105	0.393941	0.52851	0.498298	0.352345	0	0.72634	1.79603	1.6238	0.498272	0.726358
1.27013	1.28226	0.88075	1.62364	1.50471	0.557055	0.176157	0.704597	1.02709	1.12785	1.05683	1.02703	0.176157	1.937	2.84365	1.94499	2.0534	1.34137	0.898172	0.176157	0.635141	0.726291	0.393884	0.352312	0.249132	0.787731	1.27004	0.393906	1.3413	1.28221	1.96871	2.12027	1.9048	2.39469	2.44585	1.7434	2.22717	3.45682	3.62259	2.9135	1.59478	0.528459	0.498255	0.704597	0.6351	1.02703	0.176157	0.880691	0.49822	0.393884	0.352312	0.176157	0.393884	0.352312	0.352312	0.249132	0.176157	0.393884	0.787731	0.176157	0	0	0.393884	0.176157	0.249132	0.557055	0.557055	0.557055	0.557031	0.352312	0.498255	0.726267	0.393884	0	0	0.393884	0.249132	0.393884	0.249115	0.393884	0.249132	0.176157	0	0.176157	0.352312	1.02703	1.37553	0.6351	2.502	0.787731	1.02703	2.36853	2.06094	2.83805	2.61687	0.557055	0.880721	0.635141	0.393884	0.6351	1.07139	2.48966	1.41998	1.05683	0.249132	0	0.880691	1.28221	1.62364	1.28221	1.49436	3.46559	2.14208	0.880721	0.635141	2.0534	1.23292	1.89663	1.59478	0.352312	0.393906	0.352312	0.249115	0	0.176157	0.948531	0.898148	0.352312	0.393884	0.393884	0.557055	0.704597	0.635141	1.62364	1.96871	1.114	0.704597	0.249132	0.787731	0.747307	0.726267	1.4199	0.393884	0	0	0	0	0	0.176157	0.393906	0.393906	0	0.249132	0.352312	0.393906	0.557055	0.393906	0.352312	0.352312	0.393884	0.249115	0	0.704597	1.73447	3.00736	2.2061	1.27013	0.948576	0.787775	1.58502	1.83855	1.83855	1.34137	0.726291	0.176157	0.393884	0.898148	1.07139	0.393906	0.176157	1.66135	1.89654	0.704597	0.176157	0	0.176157	0.393906	0.352312	0.393884	0.176157	0.393884	0.393906	0.704597	0.393906	0.352312	0.249132	0.176157	0	0.176157	0.393906	0.393906	0.176157	0	0	0	0.880691	0.557031	1.67074	2.61701	2.31576	0.704597	0.557055	1.05683	1.24542	2.52054	4.40927	5.54494	6.10459	5.88778	5.44726	3.52313	2.31576	2.14934	7.36801	7.29137	3.41621	2.00762	0	0	0.249115	0.49822	0.176157	0.249132	0.176157	0	0.176157	0.393906	0.528459	0.352312	0.249132	0.176157	0	0	0	0.176157	0.498255	0.88075	1.114	0.88075	0.948531	0	0.249115	0.898172	2.31576	2.31571	1.27004
0.393866	1.07129	1.11389	1.40885	0.948446	0.249093	0.393866	0.94848	0.787694	0.498203	0.704529	0.898065	0.498177	1.50463	2.88656	4.2343	3.86115	0.498177	1.26993	1.40885	1.37548	1.2328	0.898065	0.556999	0.393866	0.726201	1.34118	0.556981	1.24528	0.996279	1.02694	1.2328	1.49431	1.73429	1.02698	0.635045	0.556981	0.880615	1.07131	2.36179	2.12	0.528409	0.787661	0.635075	0.176141	0.393849	0.393866	0.352278	1.12774	1.24534	0.747281	0.556999	0.393866	0.352278	0.352278	0.176141	0.176141	0.176141	0.635045	0.393849	0.176141	0.393866	0.249106	0.249093	0.249093	0.393849	0.393849	0.249093	0.747242	0.498177	0.176141	0.787661	0.393849	0	0	0.176141	0.393866	0.393866	0	0.528409	0.498203	0.176141	0.726219	1.02698	0.898083	1.07129	1.50463	1.96858	1.83831	0.556981	0.635045	2.44549	2.68665	2.44549	3.33821	1.02698	0.176141	0.393866	0.352278	0.635045	1.41977	2.1273	0.556999	0.704529	1.12774	1.37548	1.76962	1.73423	1.34123	2.36189	3.01229	3.23482	0.880659	2.14912	1.74322	0.393849	0.996331	0.556999	0.635045	0.787661	0.393849	0.498177	0.176141	0.176141	0.249093	0.880615	0.787661	0.393866	0.528409	0.176141	0.249093	0.498177	0	1.24528	1.49423	0.747242	0.249093	0.352278	0.726201	0.393849	0.635045	1.24528	0.528409	0.393866	0.176141	0	0	0	0	0	0	0.249093	0.176141	0.352278	0.352278	0.393866	0.528409	0	0.393866	0.352278	0.176141	0.176141	1.26993	1.67052	1.1814	1.05673	1.24534	1.41984	1.62355	1.59462	0.898065	0.898083	1.4522	1.40885	0.704529	0	0.556999	1.2821	0.635045	0.880637	2.22687	1.67052	0.393866	0.176141	0	0.393849	0.352278	0.249093	0.393866	0.528409	0	0.352278	0.393849	0.249093	0.249093	0.176141	0.393866	0.498203	0.393866	0.176141	0.176141	0.352278	0.249106	0.249106	0.176141	0.556981	1.05673	0.726219	0.635075	2.47072	2.17767	0.352278	0.635045	0.898065	1.59461	2.64609	3.24445	4.34917	5.81659	6.52685	6.21802	5.57752	5.69706	7.37574	5.83485	2.92895	1.62347	0	0	0.176141	0.528409	0.498203	0.498203	0.352278	0.176141	0.249106	0.249106	0.176141	0.393849	0.249106	0.352278	0.249106	0.249106	0.249106	0.176141	0.393849	0.704529	0.726219	0.528409	1.11386	0.747281	0.635075	0.556981	0.726201	2.8378	2.29532
0.63502	0.176124	1.07119	0.880552	0.352244	0.176124	0.747164	0.556925	0.747164	0.249085	0.249067	0.880523	1.2698	1.57486	1.07121	4.16781	5.16576	0.704462	1.57486	1.57486	0.352244	1.37526	0.393809	0.726152	0.726152	0.704462	1.41963	0.880523	1.12756	1.02683	0.880523	0.352244	1.07121	1.02689	1.18128	0.996175	0.498125	0.498125	0.176124	2.63991	2.53836	0.704462	1.18128	0.249067	0.556925	0.249085	0.528358	0.726152	0.948395	0.948395	0.726152	0.393831	0.249085	0.393831	0.528358	0.393809	0	0	0.498125	0.498125	0.393809	0.528358	0.528358	0.176124	0.176124	0.556925	0.556925	0.393831	0.726128	0.249067	0.528358	0.726128	0.176124	0	0	0	0.393809	0.249085	0.393809	0.176124	0.249085	0.747164	0.948349	0.63502	1.07119	0.880552	1.02689	0.747216	0.393831	0.948395	0.393831	1.76063	3.02724	0.78758	3.00678	1.58471	0.726152	0.352244	0.352244	1.12756	1.07121	2.2884	1.41968	0.498125	0.787624	1.18134	2.17745	1.93663	2.20581	2.53852	2.86474	1.2452	2.39411	1.76075	1.40871	1.12756	0.556925	0.63502	1.12756	0.726128	0.704462	0.352244	0	0.393809	0.176124	0.634979	0.726128	0.726152	0.63502	0.63502	0.726152	0.78758	0	1.37526	1.51468	0.634979	0.176124	0.556925	0.556925	0.393809	0.880523	0.747164	0.393831	0.528358	0.393809	0	0	0	0	0	0	0.176124	0.393809	0.393809	0.176124	0	0.498125	0.393809	0.249085	0.249067	0.249085	0.393809	1.2698	1.73405	0.897976	0.393809	0	0.176124	0.249085	0.249067	0.556925	0.249067	0.726128	1.28197	1.07119	0.634979	0.249085	1.37526	1.2698	1.45202	1.89618	1.18128	0.249085	0.393809	0	0.498125	0.176124	0.556925	0.249085	0.556925	0.393809	0.176124	0.393831	0.393831	0.176124	0.393809	0.528358	0.49816	0.352244	0.352244	0.352244	0.176124	0.249085	0.249085	0.393809	0.393809	0.556925	0.634979	0.880523	1.66104	2.53836	0.704462	0.352244	0.352244	1.11374	1.57486	1.28197	1.76948	4.00962	4.17893	3.73092	4.1791	4.24854	4.93181	3.33787	2.25425	1.49407	0	0	0	0.176124	0.249085	0.249085	0.556925	0.393809	0	0	0	0.498125	0	0.176124	0.249085	0.249085	0.249085	0.249067	0.556925	0.880523	0.393809	0.556925	0.726128	0.49816	0.352244	0.634979	0.528358	2.63991	2.24048
1.02679	0.176107	1.07109	0.948264	0.176107	0.249046	0.897893	0.880468	0.498082	0.39379	0.176107	0.787511	1.40858	2.14146	2.11966	2.61614	5.11463	3.22955	2.78236	2.51988	2.368	3.1176	2.06043	0.39379	0.556875	0.726062	1.12746	1.02679	1.83801	1.45193	1.23256	0.747138	1.24508	1.2451	1.24506	0.880446	0.634923	0.556875	0.556892	2.14861	2.05282	1.11368	1.05653	0.726062	0.634923	0.176107	0.393774	0.352211	0.72608	0.72608	0.704395	0.39379	0.249059	0.39379	0.528308	0.393774	0.176107	0.176107	0.498082	0.39379	0.72608	0.528308	0.528308	0.39379	0.249059	0.528308	0.528308	0.39379	0.72608	0.634954	0.528308	0.393774	0	0.176107	0.249059	0.249059	0.393774	0	0.393774	0.176107	0	0.787511	1.05653	0.99614	0.880468	0.393774	0.352211	0.528308	0.393774	0.352211	0.99614	1.93644	1.87133	1.26975	2.06036	0.948264	1.49402	1.79538	0.704395	1.90415	1.67026	2.78236	3.30515	3.90426	3.86059	3.07773	2.34828	0.249059	1.24506	0.880468	1.12746	0.726062	2.36787	1.18122	1.58456	0.634923	1.05653	0.352211	1.07109	1.02679	0.176107	0.787544	0.787544	0.176107	1.34098	2.00716	2.39399	2.53826	2.14871	1.24508	0.747099	0.634923	0.498108	1.4195	1.37514	0.39379	0.747138	0.39379	0.634923	0.726062	0.634923	0.528308	0.39379	0.634923	0.498082	0	0.176107	0.249059	0.249059	0.39379	0.634954	0.747138	0.556892	0.249046	0.39379	0.39379	0.249046	0.528308	0.498108	0.352211	0.176107	0.393774	0.880446	1.34092	1.24506	0.897893	0.249046	0.249059	0.393774	0.498108	0.176107	0.556875	0.726062	1.28185	0.726062	0.726062	0.634954	0.996088	1.76048	1.90415	1.34092	0.747099	0.249059	0.393774	0.176107	0.556875	0.176107	0.498082	0	0.393774	0.556875	0.176107	0	0.176107	0.249059	0.393774	0.393774	0.249059	0.249046	0.556875	0.393774	0.176107	0.249059	0.249059	0.556875	0.556875	0.528308	0.72608	1.23256	1.62318	2.29488	0.556875	0.39379	0.498108	1.11364	1.50429	1.23256	1.0711	3.11751	4.04374	3.72645	3.62577	3.62577	3.52212	2.28818	2.00709	1.34092	0.39379	0.498108	0.498108	0.498108	0.498108	0.498108	0.528308	0.249046	0.249059	0.176107	0	0.498082	0	0.176107	0.249059	0.176107	0.176107	0.556875	0.393774	0.880446	0.528308	0.528308	0.393774	0.176107	0.747138	1.62324	2.05292	2.48895	1.57472
1.24497	1.375	0.880384	1.66072	0.393734	0.747021	0.556842	1.07098	0.49803	0.528257	0.393734	0.352177	0.996053	1.89591	2.66279	0.17609	3.51739	3.50428	2.59824	2.39375	2.44492	3.11731	3.20995	1.41936	0.556818	0.948168	0.393734	1.59415	1.73381	1.26964	1.071	0.747073	1.0267	1.245	0.747073	0.634858	0.880355	0.556818	0.897804	1.41936	1.11353	1.11358	0.787474	0.948168	0.880355	0.393734	0.17609	0.352177	0.634898	0.634898	0.704327	0.528257	0.249037	0.528257	0.393755	0.17609	0.393734	0.393734	0.49803	0.72599	0.634898	0.393755	0.393755	0.528257	0.249037	0.393755	0.393755	0.528257	0.634898	0.726013	0.393755	0.17609	0	0.393734	0.249037	0.249037	0.17609	0	0.17609	0.393734	0	0.352177	0.787474	0.996053	0.634898	0.17609	0.352177	0.393755	0.17609	0.352177	1.40844	1.76914	0.393734	1.45179	1.071	0.528257	1.79522	2.48871	1.57456	2.6394	2.69165	2.59824	3.13219	3.85627	4.22591	3.23403	2.00699	2.00685	1.24494	1.07098	0.393734	0.948168	1.12735	1.58441	1.18112	1.12735	0.787474	0.78743	0.726013	1.0267	1.375	1.05642	1.05642	1.375	1.94423	2.00699	2.36779	2.53804	2.39375	2.45111	1.24491	0.17609	0.498064	1.18105	1.12735	0.72599	0.747073	0.72599	0.880355	0.948168	0.17609	0.393755	0.528257	0.880355	0.49803	0	0.393734	0.249037	0.249037	0.528257	0.726013	0.747073	0.556842	0.24902	0.528257	0.528257	0.24902	0.393755	0.498064	0.352177	0.393734	0.17609	0.634858	0.897804	1.24494	1.34079	0.747021	0.249037	1.12735	0.498064	0.634858	0.556818	0.948168	1.50414	0.393755	0.393755	0.726013	0	2.25382	2.6394	0.897804	0.24902	0.249037	0.17609	0.393734	0.556818	0.393734	0.49803	0	0.17609	0.556818	0.393734	0	0.393734	0.249037	0.17609	0.17609	0.249037	0.24902	0.556818	0.17609	0.393734	0.249037	0.249037	0.556818	0.556818	0.393755	0.634898	1.071	1.41939	1.81231	0.556818	0.528257	0.498064	1.11353	1.28172	1.071	1.23244	1.94425	3.2861	3.84019	3.53935	3.53935	2.84257	1.83785	1.59415	0.897804	0.528257	0.498064	0.498064	0.498064	0.498064	0.498064	0.393755	0.24902	0.249037	0.393734	0	0.49803	0	0.393734	0.249037	0.393734	0.393734	0.556818	0.17609	0.634858	0.393755	0.393755	0.17609	0.393734	1.24494	1.73381	2.05274	1.79522	0.704327
0.634802	2.46979	1.41929	1.62284	0.528207	0.948083	0.249011	0.897721	1.23233	0.948117	1.0709	0.880322	0.948083	0.497986	2.36742	1.28161	1.45161	1.26945	2.14105	2.67997	1.62293	2.36742	3.62067	1.41923	0.746956	0.880278	0.528207	1.81215	0.556768	0.393715	0.70426	0.634832	0.746995	0.556785	0.556768	0.556768	1.02654	0.556768	0.880278	0.995898	0.393699	0.393699	0.352143	0.78736	0.725923	0.897739	0.556785	0.248998	0.176073	0.176073	0.393699	0.393699	0.249011	0.393699	0	0	0.497986	0.393699	0.556768	0.746956	0.249011	0.249011	0.249011	0.393699	0	0	0	0.393699	0.249011	0.393699	0.176073	0.249011	0.176073	0.497986	0.176073	0.176073	0.176073	0.249011	0.249011	0.393699	0	0	0	0	0.393699	0.393715	0.70426	0.393715	0.248998	0.634802	1.37488	0.948117	1.93607	1.24484	0.556785	1.2448	1.2448	2.50083	1.87098	2.86381	3.11192	0.78736	1.45165	1.79504	1.18095	2.3935	2.48851	3.46396	1.41925	1.24482	1.02659	1.41927	0.787393	1.504	0.880322	1.26945	0.498012	0.393699	1.24482	0.948117	2.2877	1.41923	0.880278	2.23985	2.00668	0.725923	0.498012	0.176073	1.66057	3.0264	1.41923	0.556768	0.248998	1.02654	1.02654	0.948083	0.393699	0.948083	0.948083	0.880278	0.393699	0.249011	0.393699	0.995898	0.497986	0	0.497986	0.176073	0.249011	0.248998	0.528207	0.393715	0.556768	0.393699	0.352143	0.352143	0.393699	0.176073	0	0.393699	0.528207	0.498012	0.528207	0.897721	1.41925	1.28161	0.880278	0	1.26945	0.498012	0.78736	0.352143	1.28161	1.504	0.725923	0.634802	0.497986	0.393699	2.36742	2.86381	0.634802	0	0.176073	0.249011	0.248998	0.528207	0.528207	0.393699	0	0.176073	0.556768	0.393699	0	0.393699	0.249011	0.249011	0.176073	0	0.393699	0.393699	0	0.497986	0	0.176073	0.393699	0.393699	0.176073	0	0.393699	0.746956	1.34067	0.8803	0.70426	0.634832	1.07088	0.78736	0.393699	0.948083	0.70426	1.07088	1.96777	1.83766	1.66994	1.50406	1.73363	1.50406	0.634832	0.393699	0.176073	0.249011	0.176073	0	0	0	0.497986	0	0.497986	0	0.393699	0.249011	0.393699	0.176073	0.556768	0.393699	0.393699	0.249011	0.248998	0.249011	0.249011	0.393715	0.725923	1.62284	0.995898	0.497986	0.497986	0.176073
3.85534	2.05986	2.51912	0.880201	0.393681	0.72586	0.248989	0.556737	1.07081	0.880245	1.23222	0.948035	1.66043	0.497943	2.119	0.725878	1.05623	0.352113	3.24286	2.67974	2.28754	4.10299	3.62036	0.393681	1.24469	0.634747	1.18084	1.34055	0.55672	0.528161	0.704199	0.725878	0.74693	0.897643	0.55672	0.55672	1.02646	0.55672	0.634747	0.995811	0.176058	0.176058	0.787292	0.352113	0.393681	0.897661	0.897643	0.248976	0.393664	0.393664	0.176058	0.176058	0.248989	0.176058	0	0	0.497943	0.176058	0.55672	0.248976	0.248989	0.248989	0.248989	0.176058	0	0	0	0.176058	0.248989	0.176058	0.393664	0.248989	0.393664	0.497943	0.393664	0.393664	0.393664	0.248989	0.248989	0.176058	0	0	0	0	0.176058	0.528161	0.704199	0.528161	0.746891	0.880201	1.12715	1.23222	1.76881	1.0265	0.897643	1.74231	0.746891	2.50061	1.6227	2.61541	3.35965	1.26934	2.56171	2.48826	1.66043	2.14811	3.18525	3.93053	1.62273	1.24472	1.24473	1.28153	0.787324	1.28149	0.948035	0.352113	0.497969	0.880201	1.24472	0.880245	2.5191	2.14801	0.634747	2.73667	2.0065	0.948001	0.497969	0.634747	1.90362	3.02613	1.18084	0.55672	0.746891	1.02646	1.02646	0.72586	1.12715	0.72586	0.72586	0.634747	0.176058	0.248989	0.176058	0.995811	0.497943	0	0.497943	0.393664	0.248989	0.248976	0.393681	0.528161	0.55672	0.176058	0.352113	0.352113	0.176058	0.393664	0	0.176058	0.393681	0.497969	0.393681	1.34055	1.62273	0.725878	0.634747	0	0.787292	0.497969	0.352113	0.352113	1.50387	1.28149	0.948001	0.880201	0.497943	0.176058	2.119	2.61541	0.880201	0	0.393664	0.248989	0.248976	0.393681	0.393681	0.176058	0	0.393664	0.55672	0.176058	0	0.176058	0.248989	0.248989	0.393664	0	0.176058	0.176058	0	0.497943	0	0.393664	0.176058	0.176058	0.393664	0	0.176058	0.248976	0.897643	1.07079	0.704199	0.725878	0.880223	0.352113	0.176058	0.72586	0.704199	0.880223	1.41915	1.73348	1.5142	1.62276	1.8375	1.37483	0.880223	0.176058	0.393664	0.248989	0.393664	0	0	0	0.497943	0	0.497943	0	0.176058	0.248989	0.176058	0.393664	0.55672	0.176058	0.176058	0.248989	0.248976	0.248989	0.248989	0.528161	0.948001	1.87081	0.995811	0.497943	0.497943	0.393664
3.90258	3.01057	4.07636	2.68523	2.48808	2.11889	1.62262	1.37469	1.34046	1.24463	1.24461	0.947936	2.17642	0.746852	1.51396	0.746852	0.897568	1.24461	3.62425	1.89528	2.05204	5.06442	3.7083	0.556679	1.41896	0.995707	1.7598	1.57412	0.352076	0.995759	1.45137	1.05612	0.39364	0.634681	0.787242	0.947936	0.89755	0.725784	0.528106	0.746813	0.24895	0.39364	0.78721	0	0.393623	0.393623	0.88011	0.556662	0.393623	0.497891	0.17604	0.39364	0.39364	0.17604	0.17604	0.39364	0.352076	0.17604	0.556662	0.39364	0.39364	0.24895	0.39364	0.39364	0.17604	0.17604	0.39364	0.39364	0.17604	0	0.497891	0.17604	0.556662	0.393623	0.497891	0.497891	0.497891	0	0	0	0	0	0	0	0.17604	0.393623	0.352076	0.352076	0.88011	0.634681	1.11325	1.9357	1.07069	0.787242	1.419	2.31417	1.57419	1.73323	1.24459	1.96737	2.83618	2.28731	2.78121	2.31417	3.55565	3.37779	3.867	3.50315	0.746813	0.89755	0.634681	0.787242	1.11325	1.05612	0.78721	0.704125	0.880154	1.18072	1.26921	0.497917	2.74766	2.61514	0.634681	2.86327	2.0063	0.880132	1.57419	2.05964	1.94367	2.50035	1.37462	0.725802	1.41896	0.995707	0.725784	1.07069	1.28136	0.634681	0.393623	0.634681	0.17604	0.248963	0.248963	0.88011	0.393623	0.39364	0.704125	0.704125	0.497917	0.704125	0.497917	0.528106	0.556662	0.248963	0.393623	0.393623	0.39364	0.528106	0.17604	0	0	0.528106	1.34046	1.94369	1.24459	0.17604	0.634681	0.725802	1.26927	1.26927	0.787242	0.528106	0.947902	1.50377	1.83731	1.62259	1.34046	1.24463	1.50372	1.89528	1.89535	1.75989	0.880154	0.17604	0.352076	0.497917	0.39364	0.17604	0	0.393623	0.556679	0.746852	0.634711	0.39364	0.248963	0.17604	0.634681	0.248963	0.17604	0	0.17604	0.393623	0	0.393623	0.248963	0.248963	0.528106	0.39364	0.17604	0	0.393623	0.89755	0.947936	0.947936	0.725802	0.497917	0.497917	0.704125	0.528106	0.24895	0.528106	0.725802	0.556679	0.556662	1.23209	0.634711	0.746813	0.248963	0.556662	0.17604	0.393623	0.248963	0.248963	0.39364	0.725802	0.634711	0.352076	0	0	0	0	0.393623	0.556662	0.17604	0	0	0.393623	0.248963	0.248963	0.528106	0.634681	1.62256	1.7947	1.50377	1.23209	0.88011
0.880055	5.16295	3.5597	2.75316	2.48787	2.20454	1.66019	1.4189	1.34035	1.24452	1.02631	0.880077	1.96723	1.24448	0.556613	0.746787	0.89749	1.02631	3.39556	3.31744	1.11312	5.06398	3.94931	0.556631	1.18062	1.99064	2.253	2.53695	1.75965	1.40792	1.7597	1.45121	0.52806	0.176024	0.787174	0.880077	0.556631	0.947819	0.393606	0.248929	0.746748	0.52806	0.352045	0	0.176024	0.176024	0.634625	0.556613	0.176024	0.497848	0.393589	0.52806	0.52806	0.393589	0.393589	0.52806	0.352045	0.393589	0.556613	0.52806	0.52806	0.746748	0.52806	0.52806	0.393589	0.393589	0.52806	0.52806	0.393589	0	0.497848	0.393589	0.556613	0.176024	0.497848	0.497848	0.497848	0	0	0	0	0	0	0	0.393589	0.176024	0.352045	0.352045	0.634625	0.176024	1.11316	1.76848	0.880077	1.05603	1.28128	2.11864	1.57405	0.634656	0.746787	0.880055	1.45121	2.46909	1.9435	1.50364	2.88466	3.538	3.53359	2.11866	0.746748	0.556631	0.176024	0.787174	1.11316	0.787174	1.2691	0.704064	0.947853	0.52806	1.75965	0.497874	3.24219	2.86302	0.880033	2.61491	2.00612	0.634656	2.11134	1.96729	1.34035	1.51383	2.1186	0.634656	2.1476	0.995621	0.393606	1.23198	0.725739	0.880033	0.176024	0.880033	0.393589	0.248942	0.248942	0.634625	0.176024	0.52806	0.704064	0.704064	0.497874	0.704064	0.497874	0.393606	0.556613	0.248942	0.176024	0.176024	0.52806	0.393606	0.393589	0	0	1.18062	1.9435	1.66947	0.746787	0.393589	0.880033	1.28125	1.26916	1.45125	1.05603	0.393606	0.52806	1.37457	1.73315	1.50364	1.34035	1.24452	0.634656	0.787174	1.75974	1.89519	1.62242	0.393589	0.352045	0.497874	0.52806	0.393589	0	0.176024	0.556631	0.746787	0.725739	0.52806	0.248942	0.393589	0.880033	0.248942	0.393589	0	0.393589	0.176024	0	0.176024	0.248942	0.248942	0.393606	0.52806	0.393589	0	0.176024	0.556631	0.880077	0.880077	0.634656	0.497874	0.497874	0.704064	0.393606	0.248929	0.393606	0.634656	0.897472	0.556613	1.0706	0.880055	0.248929	0.248942	0.556613	0.393589	0.176024	0.248942	0.248942	0.52806	0.634656	0.725739	0.352045	0	0	0	0	0.176024	0.556613	0.393589	0	0	0.176024	0.248942	0.248942	0.393606	0.176024	0.880077	1.79454	1.62245	1.8371	1.62239
3.35877	6.16633	2.36009	2.22524	1.66002	1.58366	1.11304	1.26902	1.66002	1.74188	1.87036	1.99054	2.48756	2.46885	1.62231	1.37443	1.34021	0.897396	2.20422	4.17614	1.66002	5.03006	3.70759	0.528005	1.02615	2.00591	2.44362	2.61464	1.90306	1.79435	2.48756	2.48756	1.75956	1.12687	0.725664	0.497822	0.393565	0.879941	0.176006	0.393565	1.11301	0.352009	0.352009	0.497822	0.393565	0.176006	0.497796	0.497796	0	0.497796	0.634559	0.725646	0.725646	0.634559	0.393548	0.556555	0.393548	0.497796	0.393548	0.528005	0.703991	0.787059	0.393565	0.725664	0.352009	0.497796	0.497796	0.393548	0.556555	0.176006	0.393548	0.528005	0.352009	0.176006	0.248903	0.556555	0.393548	0	0	0	0	0.176006	0.248916	0.176006	0.393548	0.248903	0.528005	0	0.528005	0.393548	0.995517	1.12682	0.556555	0.634559	0.528005	1.37436	0.497796	0.879941	0.528005	0.352009	0.393548	2.29356	1.41871	0.787092	0.528005	1.41869	1.37436	0.879963	1.12682	0.248916	0.556555	0.556555	0.248903	0.176006	1.1805	1.23186	1.28115	1.24439	2.29361	1.87036	3.33566	2.25276	0.787059	1.89492	2.56095	0.352009	1.89492	1.07049	0.556573	1.24433	2.49987	0.176006	2.61464	1.1805	0.725646	1.12682	0.176006	0.879941	0.176006	0.746671	0.634559	0.176006	0.176006	0.393548	0.248916	0.393548	0.497796	0.497796	0	0.393548	0.248916	0.176006	0.497796	0.176006	0.248916	0.176006	0.497796	0.176006	0.528005	0.393565	0.248916	1.37436	1.87026	0.634559	0.497796	0.393548	0.879941	1.1805	0.947755	1.23186	1.07047	0.497822	0.787059	0.393548	0.556573	0.897396	0.556573	0.248916	0.393548	0.497796	0.176006	1.02615	2.11838	0.497796	0.393548	0.393565	0.528005	0.393548	0	0	0.497796	0	0.497796	0.393548	0.176006	0.497796	0.879941	0.248916	0.556555	0.176006	0.497796	0.176006	0.248916	0.176006	0	0	0	0.393548	0.556555	0.176006	0	0	0	0.176006	0.393565	0.497822	0.497822	0.703991	0.352009	0.352009	0.497822	0.497822	0.787059	0.787059	0.528005	0.746671	0.248916	0.248916	0.556555	0.248903	0.176006	0.176006	0.248916	0.528005	0.393565	0.248903	0.528005	0.393565	0.176006	0	0	0.176006	0.556555	0.393548	0.176006	0.248916	0.176006	0	0	0	0.393548	0.63459	1.23186	0.725646	1.75947	1.967
7.58029	6.33423	3.60636	3.65725	4.04499	4.24895	4.25258	4.22356	4.23083	4.10164	3.85407	3.60636	3.92919	4.33843	3.65725	3.02513	2.44982	2.00576	0.703929	3.66973	2.1183	4.1647	2.61441	0.7256	1.11291	1.41861	2.48731	2.22498	1.57375	2.49978	2.94759	2.90008	2.25268	1.66915	0.556524	0.175991	0.175991	0.634504	0.351978	0.393514	0.879865	0.897318	1.34009	1.02611	0.7256	0.634504	0.393514	0.393514	0.175991	0.497753	0.746606	0.746606	0.746606	0.746606	0.175991	0.556507	0.175991	0.393514	0.39353	0.556524	0.703929	0.351978	0.725583	0.787024	0.556524	0.248881	0.556507	0	0.556507	0.393514	0.248881	0.248881	0.175991	0.351978	0.175991	0.393514	0.39353	0.39353	0.175991	0	0	0.248881	0	0.248881	0.175991	0.634504	0.175991	0.746606	0.351978	0.351978	0.879865	1.24422	0.393514	0	0.175991	1.281	0.8973	0.787024	1.7594	2.49978	2.74703	2.9943	1.96689	1.45097	0.746645	1.24424	0.7256	0.634504	0.634504	0.39353	0.351978	0.497779	1.26891	1.51362	0.879909	0.39353	1.0704	0.746645	1.62214	2.14729	2.46862	0.786991	0.527959	0.556524	2.91061	1.62208	1.57368	0.8973	0.725583	1.74164	2.36631	0.556507	2.78041	1.34004	0.879887	1.41859	0.746645	0.248881	0.556524	0.351978	0.879865	0.527959	0.527959	0	0.248894	0	0.527959	0.725583	0.175991	0.175991	0.248894	0.393514	0.393514	0.527959	0.39353	0.351978	0.393514	0.248881	0.248894	0.527959	0.175991	0.8973	1.96685	1.41859	0.175991	0.787024	1.11294	0.351978	0.497779	0.527959	0.556524	0.995482	1.18044	1.18044	0.995482	1.18044	1.02611	0.634535	0.39353	0.248881	0.39353	0.786991	2.11819	0.746606	0.39353	0.39353	0.175991	0.248881	0	0	0.393514	0.248894	0.393514	0.175991	0.351978	0.527959	0.879887	0.556524	0.248881	0.351978	0.248881	0.351978	0.175991	0.248881	0	0	0	0.175991	0.556507	0.393514	0	0	0	0.248881	0.393514	0.39353	0.497779	0.703929	0.725583	0.175991	0	0	0.351978	0.7256	0.634535	0.527959	0.248894	0.248894	0.393514	0.175991	0.351978	0.351978	0.248894	0.175991	0.248881	0.175991	0.351978	0.393514	0.248881	0.175991	0.39353	0.556524	0.527959	0	0.351978	0.248894	0.351978	0.175991	0	0	0.248894	1.0704	1.28104	0.879909	0.879865	1.59327
4.55894	2.39213	1.41848	1.37416	1.81119	2.22482	2.05135	1.87	1.75922	1.87	1.99016	2.00563	2.28648	2.89978	2.91042	2.67844	2.64357	2.78015	1.26878	1.75913	0.879817	2.36607	1.96665	1.50319	1.62197	1.74155	2.64358	2.64358	1.74155	1.18032	1.11279	1.24409	0.393473	1.1266	0.786909	0.497727	1.026	1.18032	0.746567	0.175972	0.725525	1.05572	0.175972	0.393473	0.393473	1.1266	0.248855	0.175972	0.393489	0.703856	0.556449	0.556449	0.725507	0.786909	0.248868	0.248855	0.175972	0.393489	0.634469	0.556449	0.497701	0.175972	0.879773	0.248855	0.393473	0.248855	0.556449	0.351941	0.556449	0.393473	0.393473	0.351941	0	0.351941	0.175972	0.248855	0.175972	0.393489	0.556466	0.393489	0.175972	0.175972	0.248868	0.175972	0	0.556449	0.497727	0.634438	0.393473	0.556449	0.897207	1.3399	0.634469	0.703856	0.897207	1.23162	1.50314	0.879795	1.94295	2.11808	1.89463	0.556449	1.33995	1.18032	0.175972	0.725525	1.26878	0.786942	0.786909	0.746528	0.497701	1.05572	0.393489	0	0.634469	1.05572	0.725507	0.175972	0.556466	1.11283	1.07027	0.393489	0.634469	0.556466	2.99391	2.25233	1.51339	1.11279	1.23162	1.89456	1.74146	1.24411	2.59637	0.879773	0.248855	0.947539	0.634438	0.175972	0.248855	0.351941	0.947539	0.556449	0.556449	0.393473	0	0.248855	0.248855	0.746528	0.248855	0	0	0.497701	0.248855	0.393473	0.351941	0.175972	0.248855	0.248855	0.248855	0.393473	0.497701	0.634469	1.83656	1.73257	0.746528	0.897207	0.393473	0.786942	0.634469	0.393489	0.786909	1.33995	1.87	1.83661	0.947574	0.634469	0.897225	0.725525	0.351941	0.527904	1.18032	1.12666	1.65962	1.26872	0.393489	0.248855	0.248868	0.393473	0.175972	0.248868	0.351941	0.248868	0.175972	0	0.175972	0.393489	0.703856	0.786909	0.175972	0	0.248868	0.351941	0.351941	0.175972	0	0	0	0	0.393473	0.556449	0.248868	0.393489	0.497727	0.393489	0.393473	0.248855	0	0.393473	0.725507	0.634469	0.746567	0.634469	0.497727	0.556466	0.497727	0.556466	0.497727	0.497727	0.393489	0.175972	0.175972	0.351941	0.248868	0.248868	0.175972	0.248855	0.393473	0.556449	0.175972	0.393473	0.527904	0.393489	0.175972	0.248855	0.175972	0.248868	0.175972	0.248855	0	0	0.248855	0.879773	0.634438	0.527904	0.393489	0.725525
0.897129	0.556401	0.634383	0.351911	0.393455	0.879697	0.497658	0.556401	0.393455	0.393439	0.497684	0.556418	0.947491	1.96653	2.6782	2.66083	3.00912	3.16888	1.96653	0.746502	0.393439	1.1265	1.244	1.41836	1.96653	2.14688	2.83493	2.13964	1.07019	0.947457	0.393439	1.05563	1.02591	1.05563	0.725462	2.6782	3.1298	2.86207	2.74651	2.22462	0.897129	0.393455	1.02591	0.556418	0.248834	1.24398	0.393439	0.175957	0.175957	0.556401	0.351911	0.175957	0.497658	0.879697	0.556418	0.634413	0.393455	0.556401	0.351911	0.725444	0.527858	0.393439	0.634383	0.393455	0.393455	0.393439	0.393439	0.351911	0.393439	0.175957	0.393439	0.175957	0.351911	0.393455	0.393455	0.175957	0.175957	0.248847	0.175957	0.248834	0.248834	0	0	0	0	0.248847	0.634413	0.497684	0.393439	1.02587	1.244	1.59294	1.26867	1.59296	0.703795	0.634383	1.75898	0.879697	1.86974	0.351911	1.96648	1.73249	2.00546	1.96653	1.50306	1.12656	1.26867	1.79385	0.786873	1.37397	1.02587	0.897147	1.96651	2.00546	1.66883	0.351911	0.947457	0.947457	1.59296	0.879741	0.725462	1.41836	0.947491	0.786873	2.68385	1.75898	1.18017	1.02587	1.26861	1.75898	0.879697	1.57338	1.90253	0.351911	0.634413	1.23151	1.05563	0.497658	0.556418	0.879697	0.78684	0.248834	0.556401	0.556401	0.248847	0.351911	0.527858	0.556401	0.175957	0.175957	0	0.497658	0.393439	0.351911	0.175957	0	0.248834	0.248834	0.248834	0.248834	0.879697	0.556401	1.86974	2.14678	1.28076	0.248847	1.58322	0.995292	0.634383	0.725462	0.634383	1.07019	1.24404	1.23151	0.248834	0.634413	0.947491	1.18022	1.244	1.1265	0.725444	0.351911	1.26861	1.37397	0.393439	0.556401	0.248847	0.527858	0.556418	0.497684	0.556418	0.497684	0.497684	0.497684	0.393455	0.248847	0.556401	0.879697	0.248834	0.248834	0.175957	0.351911	0.175957	0	0.175957	0.248847	0.175957	0	0.175957	0.527858	0.497684	0.556418	0.497684	0.497684	0.393455	0.175957	0	0.175957	0.556401	0.248847	0.248847	0.393439	0.175957	0.393455	0.393455	0.175957	0	0	0	0	0	0.248834	0	0	0	0.248834	0.497658	0.393439	0.393455	0.527858	0.393439	0	0	0.175957	0.248847	0.248847	0.248847	0.175957	0	0	0.175957	0.703795	1.07017	1.02587	0.351911	1.07017
0.725368	0.351874	0.556343	0.725368	0.248821	0.725386	1.11262	1.33969	1.3739	0.947393	0.351874	0.725368	0.556343	0.725386	1.41817	2.00517	2.46789	2.98825	2.31288	1.58305	0.897053	1.07008	1.28066	1.3739	1.57329	1.73231	1.75884	0.175939	1.40723	0.879627	0.897035	1.66866	1.41819	0.725368	2.12487	2.48658	1.3739	0.995189	1.3739	2.46163	2.31284	0.55636	0.55636	0.897053	0.634317	0.995137	0.527803	0.393414	0	0.527803	0.55636	0.393414	0.393398	0.995137	0.634317	0.393414	0.393414	0.175939	0.393414	0.248808	0.175939	0.393398	0.556343	0.248821	0.248821	0.175939	0.175939	0.351874	0.175939	0	0.175939	0.248821	0.175939	0.175939	0.351874	0.175939	0.175939	0.393414	0.497632	0.393414	0	0.393414	0.393414	0.248821	0.393414	0.55636	0.55636	0.527803	0.351874	1.41815	1.33964	0.879605	0.556343	0.725368	0.725386	0.746385	1.49252	0.947358	1.7588	1.18004	1.96625	0.897035	0.351874	1.9346	1.12644	0.725368	1.81084	1.12644	1.28063	0.393398	0.703722	1.05552	1.40723	0.634347	1.40723	1.24389	0.897035	1.5131	0.786758	1.9346	2.86173	2.88325	3.0748	3.02424	3.03437	1.33969	1.12639	1.11258	1.8362	1.73224	0.393414	2.00517	1.28063	0.175939	0.393398	0.879605	0.393398	0.879605	0.175939	1.26848	0.879605	0.175939	0.556343	0.393398	0.175939	0.393414	0.351874	0.248821	0.497632	0.55636	0.393414	0.393398	0.393398	0.351874	0.248821	0.248821	0	0.393414	0.55636	0.725386	1.07006	0.527803	1.81076	2.88311	1.41815	1.07008	1.73231	2.25202	1.73231	0.634347	0.556343	1.12644	1.3739	0.746424	0.634317	0.725386	0.786791	0.879649	1.79363	1.96625	0.634317	0.175939	0.995137	1.11258	0.55636	0.393398	0.175939	0.497632	0.634347	0.393414	0.393414	0.497632	0.497632	0.497632	0.55636	0.497632	0.527803	0.497606	0.351874	0	0.175939	0.175939	0.175939	0.175939	0.351874	0.175939	0.248808	0	0	0.175939	0.248821	0.175939	0	0	0	0	0	0	0.393398	0.175939	0.175939	0.248808	0.351874	0.248821	0.351874	0.248821	0.248821	0.175939	0	0	0	0.175939	0.248821	0.248821	0.248821	0.175939	0.393398	0.393414	0.55636	0.393414	0.175939	0	0	0	0	0.175939	0.175939	0.175939	0.175939	0	0	0.175939	0.947358	1.41815	0.393398	0.897053
1.28051	0.175923	0.248799	0.896957	0.497563	0.634292	0.725323	0.248786	0.746359	0.70366	0.947276	1.41805	1.40711	1.24378	0.896957	1.06999	2.29255	2.66028	2.2858	2.29253	1.23128	0.725323	0.896975	0.39338	0.497563	0.556312	1.41809	1.66852	1.06999	0.393364	2.34578	1.66852	2.05822	0.896957	1.9895	2.005	2.05829	2.23807	2.00505	1.11248	2.05069	1.12629	1.24378	0.527757	1.02567	0.497563	0.351844	0.248786	0.527757	0.634292	0.786723	0.725323	0.39338	0.879529	0.634262	0.248799	0.175923	0.393364	0.248799	0.175923	0.175923	0.70366	0.896975	0.556312	0.175923	0	0	0.175923	0.248799	0.175923	0	0	0.175923	0.39338	0.248799	0.248799	0.39338	0.175923	0	0	0.248786	0.248786	0.248786	0.175923	0.70366	0.634292	0.248799	0.393364	0.527757	1.57308	1.17994	0.393364	0.351844	0.351844	0.556294	1.26837	0.947276	1.24377	0.634262	1.9661	1.62149	0.393364	1.17994	1.37371	0.725305	1.89403	1.23128	1.75864	1.37371	1.76744	1.33958	1.73209	0.995102	1.62155	1.73216	0.634292	0.393364	1.26843	3.1292	3.55767	2.34583	1.37378	1.73216	1.81069	1.96614	1.51304	2.11743	2.05069	2.05069	0.634262	1.24377	1.33953	0.556294	0.556312	0.527757	0.497563	0.39338	0.725305	0.248786	1.26837	0.746321	0.351844	0.393364	0.248786	0.248786	0	0.175923	0.351844	0.248799	0.39338	0.556312	0.39338	0.175923	0.175923	0.175923	0	0.393364	0.39338	0.746359	0.786723	0.393364	0.351844	1.51297	2.98275	1.65916	0.351844	0.175923	0.39338	0.94731	1.41809	1.11252	0.351844	1.24377	1.41809	0.175923	1.17999	1.12635	0.879573	1.33953	2.11739	0.879529	0.248799	0.497563	0.725305	0.39338	0.175923	0.248786	0.248786	0	0.175923	0.248799	0.175923	0	0.175923	0	0.39338	0.248799	0.175923	0.39338	0.556312	0.39338	0.175923	0.248786	0.248786	0.175923	0.351844	0	0.248799	0.175923	0	0.175923	0.248799	0.175923	0	0	0	0	0.175923	0.351844	0.175923	0.175923	0.248799	0.175923	0.175923	0.351844	0.175923	0	0.248786	0	0	0	0	0	0	0	0	0.175923	0.248799	0.175923	0	0	0.175923	0.39338	0.497589	0.497589	0.527757	0.175923	0.248786	0.248786	0	0	0	0.634262	1.41802	0.947276	0
1.41788	0.35181	0.175907	0.746243	1.12617	0	0.634237	0.896893	0.393345	0.94718	1.41788	1.49223	0.94718	1.02557	0.725257	1.57301	2.34555	2.63666	1.17982	1.9422	2.11723	0.896893	0.703593	0.725233	0.527707	0.556238	0.175907	0.746295	1.37366	1.45028	1.37357	1.74092	2.10993	0.35181	1.02557	1.50264	2.00487	1.62141	2.44867	2.74575	2.55959	1.76727	0.175907	1.41791	1.05532	0.556261	0.725257	1.06989	0.947225	0.556261	0.393323	0.393345	0.879496	0.725257	0.24876	0.393345	0.393345	0.393323	0.175907	0.634196	0.634237	1.26824	0.556238	0.746243	0.35181	0.175907	0	0	0.175907	0.527707	0.497545	0.393345	0.35181	0.248777	0.393323	0.24876	0.175907	0.393345	0.393345	0.248777	0.175907	0.248777	0.393345	0.393323	0.746243	0	0.24876	0.175907	0.556238	1.24361	1.02557	0.497511	0.248777	0.393323	0.175907	1.51281	0.556261	0.556238	1.05532	1.45023	0.634196	1.28043	0.947225	0.786653	0.634237	1.59248	1.79335	0.994947	1.90209	2.48617	1.79335	2.29234	1.90209	2.20309	2.39129	2.17477	0.896869	1.75846	1.7933	1.11242	0.527707	1.12625	0.497545	0.497511	1.12617	0.393345	1.6683	2.83947	2.67732	0.634237	1.17982	0.497511	0.497545	0.786653	0.634237	0.248777	0.35181	0.527707	0.879437	1.33939	0.175907	0.35181	0.35181	0.35181	0	0.393345	0.393345	0.175907	0	0	0.175907	0.393345	0.497545	0.393345	0.393323	0	0.497511	0.24876	0.393323	0.248777	0.24876	0.393323	1.17982	2.75119	1.75852	1.49234	1.37366	1.12625	0.725257	0.175907	0.634237	0.634237	2.44855	1.12625	2.53523	1.98943	2.0049	1.75858	1.66836	1.50257	0.725233	0.556261	0.497511	0.393323	0.175907	0.248777	0.175907	0.175907	0.248777	0.175907	0.175907	0.393323	0.35181	0.556261	0.556261	0.527707	0.175907	0	0	0.175907	0.35181	0.35181	0.35181	0	0.248777	0	0.35181	0.175907	0.24876	0	0.24876	0	0.24876	0	0	0	0	0.24876	0.24876	0	0	0	0.175907	0.35181	0.393323	0.393323	0.248777	0.175907	0.175907	0.248777	0.175907	0	0	0	0	0	0	0	0	0	0	0.24876	0.393323	0.248777	0.175907	0.393323	0.175907	0.175907	0.175907	0	0.175907	0.248777	0.24876	1.17982	1.17982	0.393323
1.17972	0.527656	0.17589	0.634141	1.06977	1.17977	1.33932	1.12613	0.703526	0.634141	1.24353	2.17457	1.06978	1.62118	1.23104	0.703526	2.61292	2.98218	0.746178	0.703526	2.11703	1.76712	1.06978	1.06978	1.12613	1.65892	2.00469	1.90189	1.74074	1.24357	0.351776	0.393288	0.556205	1.02552	0.634171	0.17589	0.527656	0.725185	0.351776	1.17977	0.786573	0.497494	1.33932	1.23104	0.703526	0.556205	0.527656	0.634141	0.248751	1.05522	0.786573	0.634141	0.879383	0.994912	0.725185	0.497468	0.393305	0.248751	0.17589	1.02548	0.393305	1.81026	0.703526	0.947095	0.17589	0.248738	0	0	0.248738	0.393288	0.17589	0.17589	0	0.393305	0.527656	0.17589	0.248738	0.248738	0.248738	0	0	0.248738	0	0.393288	0.703526	0.746217	0.634171	0.497494	0.725167	1.02548	0.896786	1.06978	0.725185	0.497468	0.17589	1.4921	0.17589	0.17589	1.12607	0.786573	1.17977	1.41777	0.879383	0.78654	1.57278	1.62124	2.55933	2.05039	1.65892	1.75835	0.17589	1.57278	0.351776	1.41775	0.393305	3.22543	1.94202	2.81745	2.99259	2.49835	2.67718	1.89374	1.23104	0.78654	1.24351	0.351776	2.00461	3.4111	3.18222	1.11231	1.37345	0.725185	0.786573	0.725185	0.393305	0.351776	0.393288	0.248751	1.33927	0.879361	0.703526	0.497494	0.351776	0.17589	0.393288	0.17589	0	0	0	0	0	0.248738	0	0.248738	0.393288	0.17589	0.393288	0.351776	0.527656	0.351776	0.393288	0.393288	0.556205	2.51672	1.94202	0.634141	1.11231	1.37352	1.02552	0.634171	0.248751	0.393305	2.83377	1.02548	4.14382	1.17977	1.33932	1.26819	0.746217	0.351776	0.786573	0.947095	0.879361	0.17589	0	0	0	0	0	0.17589	0.393288	0.497468	0.634141	0	0	0.556205	0.634171	0.393305	0.17589	0	0.17589	0.393305	0.556205	0.556205	0.393305	0.17589	0.17589	0.351776	0.17589	0	0.17589	0.248751	0.17589	0	0	0	0.17589	0.17589	0.17589	0.17589	0	0	0.248738	0.248738	0.393288	0.556188	0.17589	0	0.248738	0	0.248738	0	0.17589	0.248751	0.17589	0	0.17589	0.248751	0.17589	0	0	0.17589	0.556188	0.17589	0.248738	0.248738	0.248738	0	0	0	0.248738	0.17589	0.393305	0.78654	1.12607	0.634141
1.59217	0.896693	0.393247	0.35174	0.786491	0.786491	0.35174	0	0.994757	0.497416	0.35174	1.89348	1.11219	1.79295	0.725109	0.175871	2.61265	2.99219	0.879269	0	0.946997	1.66797	1.06965	0.703453	0.497442	0.497442	0.393264	0.527601	0.786491	1.11219	1.28017	1.37338	1.37338	0.879313	0.527601	0.393264	0.497442	0.703453	1.11216	0.786491	1.17964	1.28017	0.786491	0.35174	0.497416	0.393247	0.175871	0.35174	0.725109	1.2434	0.556147	1.02537	1.24338	0.556147	1.06965	0.946997	0.248713	0.393247	0.35174	0.786458	0.175871	1.62099	0.497416	0.634075	0.248726	0.175871	0	0	0.175871	0.393264	0.527601	0.248713	0.393247	0.393247	0.175871	0	0.175871	0.393264	0.393264	0.248726	0.248726	0.175871	0	0.175871	0.393264	0.497442	0.497442	0.497442	0.946997	1.24338	0.248713	0.556147	1.17959	0.879269	0.393247	1.49195	0.393247	0.393264	1.11216	0.725109	0.896693	0.7461	0.634075	1.57262	2.13856	1.58245	0.634075	1.37338	2.49809	2.99228	1.76692	1.9655	1.23091	2.05761	1.24342	2.98705	1.37331	1.37331	1.79295	1.89354	1.37338	1.65867	1.12596	1.24338	1.12596	0.786458	2.75066	3.94591	2.46695	1.9655	1.86883	0.55613	0.393264	0.703453	0.527601	0.175871	0.175871	0.527601	1.17959	0.248713	0.946997	0.527601	0.175871	0	0.497416	0	0	0	0	0	0	0.175871	0.248726	0.175871	0.175871	0.393247	0.175871	0.393247	0.175871	0.55613	0.175871	0.175871	0.393264	1.37331	2.00438	1.62099	1.11216	0.35174	0.497416	0	0.393247	0.7461	2.61265	1.75812	4.49516	0.703453	0.703453	0.527601	0.7461	0.527601	0.527601	1.37331	0.994757	0	0	0	0	0	0	0	0.497416	0.497416	0.634075	0.527601	0.527601	0.248713	0.393264	0.527601	0.393247	0	0	0	0.175871	0.393264	0.527601	0.248713	0.248726	0.175871	0	0	0	0	0	0	0	0	0.393247	0.248726	0.248726	0.175871	0.35174	0.35174	0.175871	0.393247	0.175871	0.55613	0.393247	0	0.175871	0.248726	0.175871	0	0.393247	0.248726	0.393247	0	0.393247	0.248726	0.393247	0	0	0	0.497416	0.393247	0.393264	0.527601	0.393247	0	0	0	0.175871	0.393247	0.725091	0.556147	0.7461	0.879269
1.44982	0.78639	0.393213	0.175856	0	0	0	0	0.78639	0.703392	0.497373	1.73143	0.946948	1.75802	1.26794	0.786422	2.39046	2.86029	1.12586	0.39323	0.351709	1.49182	1.12586	0.393213	0	0	0.175856	0.527555	0.725028	0.248691	0.556082	0.175856	0.175856	0.725028	0.527555	0.175856	0	0.497373	0.879193	0.39323	0.703392	0.527555	0.175856	0	0.393213	0.527555	0.351709	0.351709	0.725028	1.12586	0.393213	1.02528	1.86867	1.05502	1.50215	1.24327	0.393213	0.393213	0.556099	1.02533	1.24333	1.24329	0.175856	0.527555	0.175856	0.175856	0.248704	0.175856	0.175856	0.248704	0.556082	0.527555	0.527555	0.393213	0	0	0.175856	0.248704	0.175856	0	0	0	0	0.175856	0.248704	0.175856	0	0	0.99467	1.37319	0.175856	0.175856	1.24327	0.879215	1.28006	1.24329	0.527555	0.63405	0.896615	0.556099	1.06956	0.703392	0	1.76677	1.76679	1.44982	0.634019	1.33907	1.28006	1.75797	2.28488	1.02528	1.6209	1.44982	1.12586	2.00421	1.24331	0.896633	0.556082	0.725028	1.62087	2.81692	1.89338	1.75802	0.351709	2.31176	3.7252	2.90839	1.28006	2.48541	1.57248	0.497373	0	0.634019	0.556082	0.175856	0.175856	0.527555	1.11206	0.351709	0.879193	0.248691	0.175856	0.175856	0.393213	0	0	0	0	0	0	0	0	0	0	0.393213	0.248704	0.248691	0.248704	0.556082	0.248704	0.175856	0.351709	1.11206	1.90144	1.86867	0.879193	0.248691	0.556082	0.175856	0.497373	0.879193	2.49775	1.62085	4.2851	1.06958	0.725046	0.527555	0.879193	0.497373	0.497373	1.49182	0.99467	0	0	0	0	0	0	0	0.497373	0.393213	0.556082	0.393213	0.393213	0.556082	0.175856	0.393213	0.527555	0.39323	0.175856	0	0	0	0.393213	0.556082	0.248691	0.248704	0.175856	0	0.175856	0.248704	0.175856	0	0	0	0.393213	0.248704	0.248704	0.248704	0.393213	0.393213	0.175856	0.393213	0.248704	0.393213	0.351709	0.39323	0.175856	0.175856	0.248704	0.175856	0.497373	0	0.497373	0	0.393213	0.248704	0.393213	0	0	0	0.393213	0.527555	0.497399	0.527555	0.556082	0.248704	0.248704	0.248704	0.175856	0.634019	1.17949	0.63405	0.556099	0.746035
0.527505	0.556049	0.87916	0.89655	0.393195	0.248682	0.175839	0.175839	1.06946	1.62076	1.83523	1.24317	0.556026	0.786309	0.393173	0.527505	2.29138	2.49749	1.12574	0.633954	0.497355	1.41734	1.41734	0.393195	0.175839	0	0.248665	0.175839	0.786309	0.175839	0.633954	0.351676	0.175839	0.633954	0.351676	0.175839	0	0.393173	0.724956	0.556049	0.703325	0.556049	0.633995	0.633995	0.248682	0.175839	0.633954	0.633954	0.724956	1.24317	0.74601	0.633954	2.25062	1.02517	1.75779	1.24314	0.497355	0.786353	0.556049	0.556026	0.87916	0.497355	0.393173	0.351676	0.351676	0.393173	0	0.248665	0.248665	0	0.393173	0.393195	0.393195	0.175839	0	0	0.248665	0.175839	0.351676	0.175839	0.175839	0.393195	0.393195	0.351676	0.393195	0.527505	0.248682	0.393195	0.633954	1.05492	1.26783	1.11199	1.24319	1.37314	1.17944	0.556049	0.633995	1.17944	1.02524	1.02524	0.946864	0.786309	0.497321	0.745958	0.556026	1.11195	1.33888	0.786353	1.59188	0.879131	1.65836	0.87916	0.527505	0.497355	1.41737	0.556026	1.51233	1.27994	0.393173	0.527505	2.05722	2.46025	2.61233	3.62033	4.24897	3.83474	2.31153	0.946864	2.29152	1.73134	0.724956	0.393173	0.393195	0.556026	0.497321	0.248665	0.393173	0.393195	1.17937	0.745958	0.786309	0.248665	0.393195	0.633995	0.72498	0.351676	0	0	0	0	0	0	0	0	0.175839	0.351676	0.175839	0.175839	0.248682	0.556026	0.72498	1.37314	2.12376	2.28476	2.11644	1.79261	0.527505	0.175839	0.527505	0.556026	0.497321	0.556026	2.13817	1.66773	2.63565	1.96523	1.74025	1.24322	0.72498	0.248665	1.06946	1.79261	1.05492	0.393195	0.175839	0	0	0	0	0	0.351676	0.248682	0.351676	0.248682	0.248665	0.393173	0.393195	0.393195	0.175839	0.248665	0.248665	0	0	0	0.248665	0.393173	0.527505	0.393195	0.351676	0.248682	0.351676	0.248682	0.393173	0.175839	0.248682	0.175839	0.175839	0.248682	0.248682	0.248682	0.175839	0.175839	0.351676	0.175839	0	0.248665	0.175839	0.393195	0.527505	0.351676	0.248682	0.393173	0.393173	0.248682	0.393173	0	0.175839	0.248682	0.175839	0	0	0	0.175839	0.393195	0.497355	0.393195	0.556026	0.248682	0.175839	0	0.248665	1.02517	1.502	0.786353	0.633995	0.527505
0.72489	0.745932	0.745932	1.06936	0.527455	0.248656	0.393138	0.393138	2.05704	2.46628	1.62062	0.633898	1.58201	1.57225	1.1257	0.393155	2.36406	2.11617	0.786239	1.26764	0.351642	1.17927	1.5121	0.248656	0.393138	0	0.175823	0.248656	0.633898	0.175823	0.946734	0.393155	0.248644	0.555993	0.724908	0.351642	0	0.175823	0.555976	0.175823	0.497278	0.393138	0.555993	0.724908	0.527455	0.248656	0.633898	0.633898	0.248644	0.724908	0.946768	0.393155	1.90107	1.24307	1.62056	0.497278	0.724908	0.946768	1.11188	1.44955	0.527455	0.555976	0.248644	0.393138	0.175823	0.555976	0.248656	0.175823	0.175823	0.248656	0.175823	0	0	0	0	0	0.175823	0.393138	0.175823	0.393138	0.393138	0.527455	0.527455	0.175823	0.393138	0.555976	0.248656	0.527455	0.175823	0.633929	1.1257	1.41725	1.11188	0.786272	0.497278	0.351642	0.786239	0.703257	0.497304	0.703257	0.351642	1.26764	0	1.76643	1.65829	1.75768	0.72489	0.555993	0.633898	1.06938	0.555993	1.27982	1.75772	1.2677	1.05482	0.99448	0.497304	1.41721	0.72489	0.99448	1.75772	3.65377	4.35904	4.8767	4.47363	2.12355	0.946768	1.96503	1.1257	0.633898	0.393138	0.175823	0.527455	0.175823	0.555976	0.175823	0.497278	0	1.37293	1.02508	0.879025	0.497278	0.351642	0.786272	1.05482	0.786239	0	0	0	0	0	0	0	0	0.393138	0.527455	0.527455	0.175823	0	0.497278	1.17927	1.59175	2.0039	1.73116	1.44958	1.41723	0.555993	0.175823	0.175823	0.879025	0.497278	0.175823	1.02513	1.62062	0.393155	1.02513	1.17932	0.946768	0.555993	0.248644	1.7311	1.79245	0.786272	0.527455	0.393138	0	0	0	0	0	0.351642	0.527455	0.248644	0.393138	0.393138	0.175823	0.351642	0.497304	0.497304	0.393155	0.175823	0	0	0	0.393138	0.175823	0.393155	0.724908	0.393155	0.248656	0.175823	0	0.497278	0.393138	0.248656	0.393138	0	0	0	0	0	0	0.175823	0.248656	0.248656	0.393138	0.175823	0.248644	0.555976	0.175823	0	0.497278	0.175823	0.248656	0.175823	0	0	0	0	0	0	0	0	0	0	0	0.497278	0	0.393138	0.248656	0.175823	1.37293	1.5121	0.175823	0.175823	0.527455
0.896379	1.24299	0.946683	0.393098	1.1256	1.26759	1.05472	1.05472	1.90088	1.58186	1.901	1.76628	1.11173	0.633873	1.50178	1.1256	2.44083	2.0493	0.527404	1.51194	0.55592	0.878934	1.26751	0.49726	0.351608	0	0.175806	0.248635	0.248618	0.248618	0.896355	0.527404	0.393098	0.175806	0.497226	0.393098	0.39312	0.49726	0.724842	0.633873	0.351608	0.786159	1.05472	1.05472	0.786159	0.351608	0.70319	0.175806	0.39312	0.49726	0.527404	0.393098	1.26751	0.70319	0.633833	0.248635	0.175806	0.786203	0.946683	1.17915	0.393098	0.248618	0.248635	0.55592	0.248635	0.393098	0	0	0.175806	0.248635	0.175806	0	0	0	0	0	0.175806	0.55592	0.175806	0.393098	0.55592	0.393098	0.497226	0	0.497226	0.393098	0.248635	0.393098	0.497226	0.786159	0.633873	1.33862	0.745815	0.896355	1.24293	0.878963	1.06925	0.946683	1.1256	1.23046	0.351608	1.62037	0.633833	1.75745	0.351608	1.17915	0.527404	0.175806	0.175806	0.724818	0.896379	0.878934	1.05472	0.994446	1.05472	1.26751	0.175806	1.41707	0.724818	1.7398	0.878934	0.70319	1.26759	1.79232	1.79232	2.38979	0.878934	0.786203	0.946683	0.896355	0.527404	0.39312	0.393098	0.393098	0.393098	0.175806	0.527404	0.39312	1.37278	0.994377	0.994377	0.497226	0.393098	0.527404	0.786159	0.786159	0.39312	0.175806	0	0	0	0	0.175806	0.248635	0.248618	0.55592	0.393098	0	0.175806	0.527404	1.41707	1.37278	0.878934	0.55592	0.633833	0.786159	0.70319	0.393098	0.248635	1.02498	0.555943	0.633873	0.724818	0.39312	0.786159	0.175806	0.393098	0.497226	0.497226	0.497226	1.86812	1.41707	0.49726	0.527404	0.393098	0	0.175806	0.39312	0.39312	0.175806	0.393098	0.393098	0.497226	0.351608	0.70319	0.39312	0.393098	0	0	0	0	0	0.175806	0.248635	0.55592	0.175806	0.39312	0.555943	0.175806	0.175806	0.248635	0.175806	0.351608	0.351608	0.175806	0.393098	0	0	0	0	0	0	0	0	0.175806	0.393098	0.175806	0.393098	0.393098	0.175806	0	0.351608	0.39312	0.175806	0	0	0	0	0	0	0	0	0	0	0	0	0.393098	0.175806	0.393098	0.175806	0.175806	1.51194	1.51194	0.39312	0.49726	0.527404
0.633777	0.497209	1.12543	0.351575	0	0.555869	0.745751	1.17904	0.633777	1.417	1.73974	1.33856	0.393063	2.28405	2.14484	1.65797	2.34399	1.89259	0.724769	1.50158	0.703123	0.555869	0.724752	0.633808	0.351575	0.175789	0.527354	0.351575	0.351575	0.786089	0.351575	0.946553	0.175789	0.175789	0.724752	0.39308	0.393063	0	0.248609	0.633808	0.555887	1.02489	1.17904	1.17904	0.946553	1.5817	1.65797	1.24283	0.633808	0.633808	0.633777	0.351575	0.946553	0.724752	0	0.248596	0.703123	0.878901	0.878901	0.527354	0.248609	0.39308	0.248609	0.555869	0.248609	0.351575	0.175789	0	0.248596	0	0.248596	0	0	0	0	0	0.248596	0.393063	0.351575	0	0.393063	0.175789	0.248596	0.175789	0.393063	0	0.175789	0.175789	0.248596	1.12543	0.555869	1.65789	1.51181	1.41696	0.878879	0.878857	0.633777	0.39308	0.555887	1.27954	0.555887	1.2674	0.527354	1.06917	1.51189	0.39308	1.02489	0.896273	1.02494	1.12549	1.02494	0.497209	1.02489	0.555869	1.23034	0.175789	1.12549	1.24283	0.175789	1.9646	1.66724	2.31092	2.92325	3.79743	3.23803	1.50163	0.527354	1.12549	0.994342	0.724769	0.633808	0.724769	0.39308	0.351575	0.351575	0.703123	0.724769	0.527354	1.2674	0.878857	0.878857	0.633777	0.175789	0.497209	0.39308	0.351575	0.555887	0.555887	0.497209	0.39308	0.175789	0	0.248596	0.175789	0.248609	0.248596	0	0.724769	1.17909	1.49133	1.62029	0.896273	0.745751	0.633777	0.633777	0.497209	1.27957	1.41698	0.724769	0.555869	0.745789	0.703123	0.724752	1.24283	1.12549	0.786089	0.351575	0.555869	0.555869	0.555869	1.37266	1.33851	0.39308	0.351575	0.175789	0	0.248596	0.248596	0.248596	0.393063	0.351575	0.351575	0.555869	0.248596	0.555887	0.724769	0.39308	0.39308	0.497209	0.497209	0.39308	0.175789	0.248596	0	0.393063	0.393063	0.393063	0.175789	0.175789	0.175789	0.175789	0.351575	0.248609	0.248596	0.351575	0.175789	0	0	0	0	0	0.175789	0.248609	0.248609	0.351575	0	0.351575	0.175789	0.175789	0.351575	0.175789	0	0.248596	0.248596	0	0	0	0	0	0.175789	0.248609	0.175789	0	0	0	0.175789	0.351575	0.633777	0.745789	0.896291	0.39308	1.51181	1.37266	0.248596	0	0.175789
1.75718	1.37261	1.75718	0.555837	0.896184	0.786053	0.175772	0.878766	0.497131	1.37261	1.98791	1.44917	1.44913	2.74909	1.12539	1.41688	1.59127	1.41679	1.06905	1.41683	0.896208	0.497165	0.175772	0.393023	0.393023	0.555814	0.527304	0.745673	0.555814	0.878795	0.786053	0.393023	0.878825	0.878825	1.11152	0.175772	0.497131	0.351541	0.633752	0.527304	0.351541	0.786009	0.946457	1.11152	0.351541	1.73059	0.724703	1.44917	2.00337	2.14465	2.11561	0.703056	1.27941	1.41685	0.724703	0.946457	0.703056	0.175772	0	0.175772	0.527304	0.633752	0.633752	0.351541	0.175772	0.351541	0.393023	0.175772	0.175772	0.175772	0.175772	0	0	0	0	0	0.175772	0.393045	0.393045	0.393023	0.24857	0	0.175772	0.351541	0.175772	0.393023	0.351541	0.175772	0.175772	1.11152	1.06907	1.66702	1.90052	0.878766	1.02485	1.27946	0.393045	0.351541	0.633752	0.248587	1.33844	0.351541	0.555837	0.946457	1.37261	1.94074	0.878795	1.24266	0.393045	0.633752	0.351541	0.393045	1.27946	1.75718	0.555837	0.745673	0.497131	0.175772	0.72468	1.27946	1.89249	1.93277	1.94072	1.86789	2.00334	1.51165	1.41683	0.633752	0.351541	0.351541	0.175772	0.633712	0.555837	0.946502	0.896208	1.12531	0.555814	0.555814	1.12531	0.633712	0.633712	1.02478	0.497165	0.555814	0.24857	0	0.175772	0.393045	0.497165	0.555837	0.555837	0.497165	0.393045	0.175772	0	0.175772	1.05452	1.79198	1.65783	1.37261	1.02485	0.633752	0.555814	0.555814	0.724703	0.724703	0.72468	0.896184	1.17892	0.878795	1.12539	1.24269	0.72468	1.57172	0.994256	1.96438	1.06905	1.50149	1.57181	1.26735	0.703056	1.12531	0.393023	0.24857	0	0	0.175772	0.393045	0.248587	0.393023	0.393023	0.24857	0.393023	0.527304	0.393045	0.24857	0.248587	0.175772	0	0.175772	0.351541	0.393023	0.175772	0.248587	0.175772	0.497131	0.393023	0.351541	0.175772	0	0.24857	0.175772	0.393045	0.527304	0.175772	0	0	0	0	0	0.175772	0.393045	0.393045	0.175772	0.175772	0.351541	0.175772	0	0	0.24857	0.393023	0.248587	0.175772	0.175772	0.393045	0.393045	0.175772	0	0.175772	0.351541	0.175772	0.24857	0	0	0	0.24857	0.393023	1.17892	0.896208	1.27946	0.946502	1.12531	1.17892	0.527304	0.175772	0
1.2301	1.26722	0.89612	0.724631	1.59112	0.785972	0.724631	0.724631	1.61994	1.96426	2.00316	2.38919	1.7305	2.00306	0.745608	0.633687	0.878711	1.83429	1.5814	1.05442	0.878711	0.724631	0.393005	0.555763	0.175756	0.633656	0.393005	0.785939	0.351508	0.248562	0.392988	0.497088	0.527253	0.633687	1.41669	0.946406	0.555781	0.633656	0	0.633656	0.175756	0.497088	0.351508	0.555763	0.175756	1.2426	1.61998	0.555763	0.351508	0.392988	1.79176	1.96428	2.31048	1.83435	1.83429	1.49096	0	0.248562	0.175756	0.248549	0.497088	0.175756	0.392988	0.351508	0.555781	0.393005	0.392988	0.392988	0.248562	0.392988	0	0	0	0	0	0	0	0	0	0.497088	0.392988	0.248562	0.175756	0.175756	0.248562	0.392988	0.175756	0.393005	0.393005	0.785939	0.527253	1.02469	1.33825	1.06897	0.702989	0	0.351508	0.555763	0.724631	0.527253	0.392988	0.946406	1.24262	0.633656	0.89612	0.724613	0.896102	1.11146	1.5814	0.175756	0.527253	0.351508	0.248549	1.11142	1.12527	0.633687	0.633687	1.12527	0.555781	0	0.555781	1.2301	1.26716	0.351508	1.65758	2.83161	1.24258	0.785939	0.392988	0.497114	0.633687	0.724613	0.724613	0.702989	0.878711	1.73044	0	0.724631	0.724613	0.392988	0.555763	1.26716	0.248562	0.785939	0.351508	0.248562	0.175756	0	0	0.248562	0.633687	0.633687	0.497114	0.351508	0.175756	0.497088	1.57158	1.44899	0.785972	0.633687	0.393005	0.393005	0.175756	0.633687	1.02474	0.633687	0.555781	1.83435	1.7918	0.724613	0.351508	0.994101	0.878689	1.61992	0.633656	2.74323	1.90035	0.878711	0.878711	0.745647	0.555781	0.745608	0.527253	0.393005	0.248562	0.393005	0.393005	0.248562	0.527253	0.633687	0.946406	0.745647	0.393005	0.351508	0	0.248562	0.248562	0.393005	0.497114	0.527253	0	0.555763	0.175756	0.175756	0.393005	0.351508	0.175756	0.351508	0.351508	0.175756	0.248549	0.175756	0.175756	0.175756	0.175756	0	0.175756	0.248562	0.175756	0	0.392988	0.393005	0.527253	0.351508	0.248562	0.351508	0.248562	0.175756	0	0.248549	0.392988	0.248562	0.248562	0.393005	0.555781	0.555781	0.527253	0.175756	0.392988	0.497114	0.724631	0.248562	0	0	0	0.248562	0.702989	0.878689	0.724613	0.175756	0.724613	0.248549	1.05442	1.06897	0.724613	0.351508
0.785903	0.745582	0.39297	0.555731	1.50114	0.702922	1.05432	0.745582	1.51137	1.37226	0	0.946322	1.49091	1.06887	0.993997	0.248523	0.896013	1.964	0.946276	0.555707	0.633591	0.497036	0.175739	0.724541	0.39297	0.555731	0.745582	0.555731	0.175739	0.24854	0.175739	0.702922	0.896037	0.745582	0.896013	0.392948	0.175739	0.497036	0.555731	0.39297	0.175739	0.633591	0	0.248523	0.351474	0.785903	1.59097	1.59099	1.7569	1.61986	0.351474	1.12517	0.896037	0.633591	1.86741	1.90015	0.351474	0.24854	0.497036	0.39297	0.702922	0.555731	0.527203	0.392948	0.248523	0.175739	0.351474	0.392948	0.175739	0.527203	0.39297	0.24854	0.39297	0.497071	0.39297	0.175739	0	0	0	0.497036	0.392948	0.24854	0.248523	0.39297	0.497071	0.39297	0.24854	0.39297	0.497071	0.946276	0.633591	0.946322	1.50121	1.59099	0.555707	1.06887	0.994066	0.896037	0.527203	2.11521	3.02083	2.65753	0.633632	0.527203	0.946276	0.785859	1.73026	0.555707	1.86741	0.555707	0.497071	0.527203	0.896013	0.946322	0.633632	0.702922	0.555707	0.392948	0.175739	0	0.896013	1.24248	0.248523	1.65751	2.65753	2.55706	0.248523	0.946276	0.555707	0.527203	0.39297	0.392948	0.633591	0.633632	0.946322	1.41652	0.497036	0.248523	0.175739	0.39297	0.527203	0.878598	0.497071	0.555707	0.248523	0.175739	0.351474	0.175739	0	0.248523	0	0.248523	0	0.497036	0.248523	0.555707	1.59097	1.9324	1.06887	0.724565	1.11136	1.26711	0.878657	0.351474	0.175739	0.555707	1.24243	1.26703	0.175739	0.946322	1.12517	0.555731	0.702922	0.946276	0.946322	2.51452	1.65741	1.37235	1.79164	0.896037	0.248523	0.555707	0.175739	0.175739	0.39297	0.555731	0.555731	0.497071	0.527203	0.24854	0.351474	0.351474	0.39297	0.724565	0.785903	0.555731	0.24854	0.39297	0.497071	0.527203	0.175739	0.497036	0.175739	0.527203	0.555731	0.351474	0.351474	0.39297	0.351474	0.39297	0.555731	0.527203	0.24854	0.24854	0.392948	0	0.248523	0	0.248523	0	0.392948	0.39297	0.351474	0.175739	0.24854	0.351474	0.175739	0.248523	0	0.175739	0.39297	0.351474	0	0.392948	0.175739	0.175739	0.555707	0.497036	0.555707	0.175739	0.946276	1.27921	1.26711	0.724565	0.24854	0.351474	0.392948	0.392948	0.555731	0.785903	0.555731	0.527203	0.878657	1.50121	1.75684	1.05432
0.248514	0.392913	0.175722	0.555657	1.51123	0.555675	1.24234	0.724475	1.125	1.37214	0.175722	0.392913	0.351441	0.497019	0.724475	0.555657	1.0245	1.37214	0.946192	0.745466	0.248501	0.555657	0.248501	0.946192	0.527153	0.248514	0.248514	0.248514	0.39293	0.527153	0.555657	0.39293	0.702855	0.497019	0.702855	0.39293	0.175722	0.175722	0.555657	0.392913	0	0.878522	0.248514	0.392913	0.496993	0.496993	1.125	0.724493	1.11124	1.05422	1.4164	0.392913	0.724475	0.895949	1.0245	2.00268	0.175722	0	0.878522	0.248514	0.555657	0.39293	0.39293	0.175722	0.392913	0.527153	0.527153	0.175722	0.392913	0.39293	0.527153	0.248514	0.527153	0.497019	0.527153	0.392913	0	0	0	0.496993	0.175722	0.248514	0.745466	0.527153	0.497019	0.497019	0.497019	0.39293	0.248514	1.0245	1.24232	0.555675	0.895949	1.41642	1.73011	1.51123	0.878566	1.05422	0.785789	3.45706	2.17255	3.51442	2.05593	0.555675	1.33799	1.27905	1.73011	1.06876	1.89187	0.351441	0.392913	0.878522	1.65726	0.946226	1.12506	1.33804	0.878566	0.785789	0	0	1.37214	0.633536	1.96383	2.28993	2.00276	0.895931	0.527153	0.724475	0.248501	0.555657	0.175722	0.392913	0.555657	0.633536	0.724493	0.895931	0.248501	0.527153	0.497019	0.497019	0.39293	0.248501	0.248514	0.175722	0.175722	0.527153	0.39293	0.392913	0	0.175722	0.248514	0.175722	0	0.496993	0.392913	0.39293	0.946226	1.94017	1.59082	1.24236	1.61967	1.41646	1.06876	0.351441	0	0.496993	1.26692	1.22987	1.12506	0.724493	0.248501	0.527153	0.785822	0.527153	1.22987	1.41642	0.555657	0.946226	1.61963	1.33799	0.248501	0.555657	0.248514	0.392913	0.392913	0.175722	0.175722	0.248514	0.175722	0	0.392913	0.175722	0.392913	0.555657	0.39293	0.702855	0.497019	0.497019	0.497019	0.39293	0.248501	0.555657	0.248501	0.555657	0.175722	0.496993	0.496993	0	0.175722	0.248514	0.175722	0.496993	0	0	0.496993	0	0.175722	0.248514	0.175722	0	0.175722	0.248514	0.248501	0.248514	0.248514	0.175722	0.392913	0.175722	0	0	0	0.496993	0	0.496993	0	0	0.496993	0.878522	0.555657	0.248501	1.73011	1.75667	1.44875	1.27905	0.248514	0.175722	0.175722	0.392913	0	0.175722	0.248514	0.555657	0.527153	0.702855	1.57128	1.11121
0.496976	0.702788	0.496976	0.702788	1.44857	0.878489	1.24222	1.24224	1.06866	1.26679	0	0.63347	0.895842	0.878489	0.946141	0.724427	1.1111	1.27892	0.895842	0.63347	0.496976	0.527102	0.527102	1.05412	0.785753	0.496976	0.496976	0.392895	0.175705	0.351407	0.527102	0.175705	0.496941	0	0.392873	0.392895	0.633511	0.74544	0.555625	0.63347	0.351407	1.05412	0.878489	0.555625	0.248475	0.555601	0.878431	0.175705	0.555601	0.878431	1.26679	0.785753	1.22975	0.946141	0.946141	1.51108	0.248493	0.175705	0.878431	0.248493	0.555601	0.392895	0.496976	0.496976	0.527102	0.392873	0.496941	0.175705	0.527102	0.392895	0.248475	0.175705	0.392873	0.248493	0.555601	0.392873	0	0	0	0.392873	0.175705	0.175705	0.745388	0.527102	0.496976	0.496976	0.496976	0.392895	0.248475	0.895842	1.61947	1.06866	0.392895	0.724403	1.96366	2.46461	1.41634	1.05412	1.26679	2.67426	2.6103	2.46464	0.63347	1.73892	3.46135	3.92287	3.14006	2.68016	3.22697	2.98955	2.51418	1.41634	1.24219	1.12496	1.17854	0.946096	0.392873	1.02439	0.175705	0.175705	1.22975	1.65719	2.17228	1.61944	0.555625	0.878489	0.946141	0.724427	0.496976	0.351407	0	0.63347	0.555601	0.946096	0.724427	0.946141	0.785753	0.351407	0.175705	0.392895	0.496976	0.496976	0.496976	0.496976	0.392895	0.392873	0	0.392873	0.248493	0.175705	0	0	0.175705	0.392873	0.351407	0.496976	0.633511	1.17847	1.1111	1.05412	0.63347	0.555601	0.878431	0.496941	0.175705	1.41628	1.44862	0.351407	0.496976	0.496976	0.724427	0.946141	1.17854	1.41631	1.27892	0.248475	0.392895	0.702788	1.75645	1.61944	0.248475	0.527102	0.496976	0.527102	0.392873	0	0	0	0	0	0.392873	0.248493	0.392873	0.392873	0.175705	0.351407	0.496976	0.496976	0.392895	0.248493	0.555625	0.895866	0.555625	0.392873	0	0.392873	0.527102	0.496976	0.496976	0.496976	0.392895	0.248475	0.175705	0	0.392873	0.175705	0	0	0	0	0	0	0.392873	0.248493	0.175705	0	0.496941	0	0	0	0	0.392873	0.392895	0.702788	0.496976	0.392895	0.555625	1.33793	1.89991	1.75657	1.44857	1.26679	0.63347	1.41625	0.496976	0.496976	0.496976	0.527102	0.175705	0	0	0.392873	0.527102	0.702788	1.12488	0.895866
0.496924	0.702721	0.496924	0.702721	1.05402	0.946045	1.24211	1.02435	0.878398	0.785639	0	0.878354	1.33774	0.946045	0.878398	0.633445	1.111	1.50072	0.555569	0.175688	0.496924	0.392855	0.392855	0.785672	0.785672	0.496924	0.496924	0.527052	0.392838	0.351374	0.392855	0.392838	0.496898	0	0.175688	0.527052	0.724355	0.745363	0.555569	0.878354	0.785639	0.785672	0.946045	0.555569	0.248454	0.555551	0.633415	0.392838	0.555551	0.633415	0.785639	0.785672	1.06856	0.878398	0.878398	0.555551	0.248467	0.392838	0.633415	0.248467	0.555551	0.527052	0.496924	0.496924	0.392855	0.175688	0.496898	0.392838	0.392855	0.527052	0.248454	0.392838	0.175688	0.248467	0.555551	0.175688	0	0	0	0.175688	0.392838	0.392838	0.248454	0.392855	0.496924	0.496924	0.496924	0.527052	0.745324	0.555569	1.41615	1.22963	0.724337	0.392855	1.41617	2.28275	1.7651	0.785672	0.785639	1.11103	2.3883	1.86699	1.12479	2.63931	3.37107	4.1058	2.97893	2.74792	3.07043	3.07043	2.85766	1.61936	0.248454	1.27884	1.5808	1.65695	0.175688	1.0243	0.392838	0.392838	0.946045	1.61938	1.27884	0.878354	0.555569	0.946045	0.878398	0.633445	0.496924	0.351374	0	0.878354	0.555551	0.724337	0.633445	0.878398	1.05402	0.351374	0.392838	0.527052	0.496924	0.496924	0.496924	0.496924	0.527052	0.175688	0	0.175688	0.248467	0.392838	0	0	0.392838	0.175688	0.351374	0.496924	0.724355	0.527052	0.496924	0.785672	0.175688	0.555551	0.633415	0.496898	0.392838	2.51382	1.26674	1.7563	0.496924	0.496924	0.633445	0.878398	1.12484	1.27884	0.724355	0.248454	0.527052	0.702721	2.2487	1.86689	0.248454	0.392855	0.496924	0.392855	0.175688	0	0	0	0	0	0.175688	0.248467	0.175688	0.175688	0.392838	0.351374	0.496924	0.496924	0.527052	0.248467	0.555569	0.895778	0.555569	0.175688	0	0.175688	0.392855	0.496924	0.496924	0.496924	0.527052	0.248454	0.392838	0	0.175688	0.392838	0	0	0	0	0	0	0.175688	0.248467	0.392838	0	0.496898	0	0	0	0	0.175688	0.527052	0.702721	0.496924	0.527052	0.555569	1.33779	1.86699	1.75638	0.785672	0.785639	0.175688	1.17837	0.496924	0.496924	0.496924	0.392855	0.392838	0	0	0.175688	0.392855	0.702721	0.392838	0.895778
0.175672	0.633349	0.248428	0.724265	0.702654	0.702654	0.785559	0	0.35134	0.702654	0.39282	0.878263	1.49024	0.392798	0.248445	0.248428	1.0242	1.24195	0.248445	0.248428	0.39282	0.39282	0.248445	0.248445	0.248428	0.248428	0.39282	0.35134	0.496846	0.496846	0.175672	0.555495	0.392798	0.175672	0.248428	0.724265	0.175672	0.175672	0.35134	1.11089	1.11089	0.496881	0.878292	0.895695	0.555519	0.527002	0.702654	0.35134	0.496846	0.496846	0.392798	0.555495	0.392798	0.175672	0.39282	0.496881	0.496881	0.35134	0.35134	0.39282	0.392798	0.496846	0	0.175672	0.248445	0.248445	0.555495	0.248428	0.39282	0.527002	0.248428	0.392798	0.175672	0.175672	0.496846	0	0	0	0	0.175672	0.392798	0.496846	0.175672	0.175672	0.175672	0.248445	0.248428	0.555495	0.878263	0	0.993618	0.993618	0.878263	0.555519	0.895695	1.66607	1.83341	0.724265	0.724265	0.993618	0.39282	1.12467	1.8667	2.77536	1.27868	1.26654	1.17831	0.895695	0.633349	1.12467	2.43897	2.30933	1.66614	0.895695	1.51079	1.89943	0.39282	0.633349	0.724288	0.878292	1.06844	0.745298	0.745298	1.02426	1.02426	0.39282	0	0	0	0.633349	0.248445	1.12467	0.392798	0.555495	0.39282	0.63339	0.895671	0.555495	0.555495	0.392798	0	0	0	0.175672	0.555495	0.175672	0	0.175672	0.248445	0.392798	0	0.175672	0.392798	0	0.392798	0.248445	0.527002	0.35134	0.392798	0.175672	0.496846	0.496846	0.496846	0.496846	0.496846	2.53185	0.724288	1.808	1.02426	0.878322	1.26662	1.49034	1.49034	1.44835	0.702654	0.392798	0.555495	0.555519	2.43897	1.75611	0.496846	0	0	0	0	0	0	0	0	0.175672	0.248445	0.175672	0.175672	0.39282	0.527002	0.392798	0	0.175672	0.392798	0	0.35134	0.35134	0.392798	0.175672	0	0	0	0	0	0.175672	0.392798	0.35134	0.527002	0.248445	0.248445	0.555495	0.248445	0.175672	0.175672	0.39282	0.39282	0.175672	0	0	0.496846	0.175672	0.527002	0.39282	0.175672	0	0	0	0.392798	0.527002	0.39282	0.392798	0.496846	0.993618	0.35134	0.702654	0.496846	0.527002	0.248445	1.24198	0.745298	0.555519	0.175672	0.175672	0.248428	0.248445	0.248428	0.39282	0.35134	0.785559	0.63339	1.22952
0.702587	0.78549	0.724199	0.724199	0.526952	0.785522	0.785522	0.496829	0.785522	1.11082	1.02415	1.06836	1.17814	0.175655	0.248406	0.724199	0.945831	0.633294	0.496829	0.392763	0.351307	0.392763	0.175655	0.248419	0.248406	0.633294	0.392763	0.248406	0.555445	0.633294	0.555445	0.702587	0.39278	0.351307	0.724199	0.895589	0.633294	0.351307	0.175655	0.878187	0.895589	0.74522	1.40496	1.17819	0.702587	0.175655	0.392763	0.175655	0.392763	0.351307	0.74522	0.785522	0.248419	0.248406	0.392763	0.39278	0.496829	0.351307	0.351307	0.526952	0	0.526952	0.496829	0.555463	0.39278	0.175655	0.392763	0.39278	0.555463	0.39278	0.175655	0.175655	0.351307	0.392763	0.496803	0	0	0	0	0.248406	0.248406	0.392763	0.39278	0.248419	0.248419	0.496829	0.702587	0.526952	0.496803	0.39278	1.11079	1.11079	0.724199	0.392763	0.878209	0.878187	1.72945	1.27856	0.392763	1.37162	1.24187	1.59023	0.745182	2.46393	2.85712	1.06836	0.496829	0.633294	1.24187	1.76475	2.99881	2.55585	0.878231	0.78549	1.61901	1.26643	0.351307	0	0.392763	1.02411	0.555445	0.351307	0.945865	1.51073	1.33753	0.702587	0.248419	0.175655	0	0.878187	0.39278	1.41586	0.392763	0.633294	0.702587	0.785522	0.555463	0.555445	0.555445	0.175655	0	0.175655	0.248419	0.175655	0.392763	0.175655	0.175655	0.351307	0.175655	0.175655	0.248419	0.351307	0	0.248419	0.175655	0	0.175655	0.555445	0.175655	0.248406	0.633294	0.895589	0.895607	0.724216	0.526952	1.41586	1.2786	0.895607	0.248406	0.351307	0.248406	0.248419	0.724199	1.44817	2.04756	1.73841	2.1432	2.36193	2.28906	0.945831	0.392763	0	0	0	0	0	0	0	0.175655	0.351307	0.175655	0.392763	0.351307	0.175655	0.248406	0.248406	0.175655	0.526952	0.248419	0	0.175655	0.175655	0.248406	0.248406	0.351307	0.785522	0.878231	0.555463	0.248419	0.39278	0.633324	0.74522	0.496829	0.39278	0.633324	0.724216	0.496829	0.526952	0.351307	0.526952	0.555463	0.555463	0.39278	0.39278	0.702587	0.39278	0.39278	0.526952	0.392763	0	0	0	0.175655	0.39278	0.555463	0.39278	0.745182	1.33748	0.895607	0.945865	1.41592	1.49019	1.24187	1.24185	0.555463	0.878209	0.526952	0.351307	0.175655	0.175655	0.633294	0.555445	0.702587	1.17814	0.78549	1.17819
0.945735	0.724127	0.555389	0.392723	0	0.392745	0.785453	1.12453	1.02406	0.72415	0.555413	0.526901	0.633228	0.175638	0.724127	0.724127	0.633228	0.175638	0.248398	0.878096	0.248381	0.496752	0.175638	0.248398	0.248381	0.785409	0.248381	0.724127	0.70252	0.945735	0.945735	0.70252	0.351273	0.248398	0.724127	0.496752	0.878096	0.175638	0.392745	0.724127	0.392723	0	1.24172	0.175638	1.024	0.248398	0.392745	0.392745	0.175638	0.175638	0.351273	0.175638	0.248381	0.175638	0.526901	0.555413	0.496786	0.526901	0.392723	0.496752	0.248381	0.175638	0.392745	0.248398	0.248381	0.175638	0	0.175638	0.175638	0.175638	0.248381	0	0.248381	0.496752	0.496752	0	0	0	0	0.175638	0.392723	0.248381	0.175638	0.392723	0.392723	0.248398	0.248381	0.392745	0.633269	0.94578	1.22928	1.06823	0.351273	1.17802	1.22928	0.526901	1.22928	0.785453	0.351273	0.745104	1.24172	0.94578	0.993498	1.05371	2.12123	1.76458	2.43865	4.10465	4.2405	3.46003	2.63273	1.37147	1.44807	2.28884	1.6189	0.895524	0.248398	0.72415	1.83313	2.00181	1.02406	0.878096	0.945735	0.351273	0.993429	0.555389	0.496786	0.555389	0.175638	0.633228	0.555413	1.2663	0.633228	0.785409	0.878096	0.248381	0	0.392723	0.526901	0.392745	0.175638	0.248381	0.175638	0.248398	0	0.248398	0.392723	0.248381	0.248381	0	0.175638	0.175638	0.392723	0.248398	0.248398	0.248398	0.392745	0.526901	0.175638	0.248381	0.878096	1.33735	1.06826	1.02406	0.878154	0.351273	0.878154	1.37157	0.895524	0.351273	0.555413	1.02406	1.7646	1.40483	2.74138	1.06823	1.61893	1.86647	1.26638	0.392745	0.248381	0	0	0	0	0	0	0	0.392723	0.392745	0.526901	0.392723	0.175638	0.392745	0.526901	0.496752	0.496752	0.555389	0.785409	0.878154	0.895524	0.248398	0.248381	0.175638	0.8955	1.24177	1.37157	1.41577	0.526901	0.351273	0.633269	0.633269	0.555413	0.392745	0.351273	0.351273	0.248398	0.555389	0	0.555389	0	0.392745	0.555413	0.555413	0.70252	0.392745	0.175638	0.496752	0.392723	0.248398	0.175638	0.175638	0.248398	0.175638	0.248381	0	0.785409	1.50028	0.175638	1.02406	1.50035	1.05371	1.86634	1.41571	0.392723	0.555389	0.72415	0.633269	0.633269	0.72415	0.392723	0.785409	0.175638	1.24175	1.66575	0.392723
0.724061	0.945684	0.878063	0.785373	0.633203	0.555357	1.05361	0.878063	0.555357	0	0.35124	0.392688	0.633173	0.35124	0.496709	0.555339	0.633173	0.175621	0.392705	0.78534	0.175621	0.248359	0.248359	0.392705	0.392688	0.78534	0.175621	0.633173	0.392688	0.78534	0.78534	0.392688	0.555339	0.35124	0.555339	0.35124	0.496709	0.175621	0.175621	0.248359	0.392688	0.175621	1.11057	0.745078	0.724061	0.175621	0.248372	0.175621	0.175621	0.175621	0.175621	0	0.35124	0.248372	0.175621	0.248372	0.496734	0.248372	0.175621	0.248359	0.392705	0.392705	0.35124	0.526851	0.392705	0.175621	0.248359	0	0	0.248359	0.248359	0	0.248359	0.392688	0.526851	0.496734	0.392705	0.248372	0.248372	0.175621	0.496709	0.392688	0.35124	0.175621	0.724078	0.633203	0.496734	0.496734	0.633203	0.895436	0.702453	0.392688	1.27835	1.93908	0.724078	0.724061	0.785373	0.724078	0.175621	0.496709	1.41565	2.36148	1.9627	2.46346	1.66565	1.66565	4.04786	3.7162	2.74687	2.11386	1.33728	0.175621	1.8329	1.24163	0.248359	0.496709	0.392688	1.57038	1.41561	0	1.40469	1.40469	0.724061	0.35124	0.78534	0.248359	0	0.633173	0.392688	0.175621	0.496734	1.24163	0.878041	0.94565	1.12436	0.248359	0.175621	0.35124	0.175621	0.633203	0.702453	0	0.496709	0.724078	0.945684	0.555357	0.248359	0.392688	0.248372	0.392705	0.35124	0.248372	0.392688	0	0	0.175621	0.702453	0.785373	0.724078	0.633203	0.895418	1.24161	1.26619	1.11061	0.895436	0.496709	0.392688	0.895436	1.05361	0.555357	0.785373	1.06815	0.392688	0.175621	2.00156	2.30868	1.06813	0.175621	0.175621	0.555339	0.496709	0.248372	0.175621	0	0	0	0	0	0.392688	0.248372	0.392688	0.248372	0.496734	0.392705	0.555339	0.993343	0.724061	0.724061	1.12436	0.248359	0.74504	0.248359	0.248359	0	1.12436	0.878019	0.175621	1.17792	1.24161	0.724078	0.702453	0.175621	0.248359	0	0.175621	0.392705	0.392705	0.392688	0.248359	0.633173	0.526851	0.392705	0.392688	0.248359	0.496709	0.175621	0.35124	0.555339	0.35124	0.175621	0.175621	0.526851	0.496734	0.555357	0.555357	0.392705	0.392705	1.72918	2.22038	1.76443	1.06815	1.27832	2.14269	1.12436	0.175621	0.175621	0.248359	0.526851	1.02396	1.17797	0.724078	0.78534	0.392705	0.392688	1.57038	1.11057
0.745001	0.945586	0.633138	0.392664	0.175603	0.555282	1.27818	0.633138	0.70238	0.555299	0.633138	0.895343	0.70238	0.175603	0.175603	0.526796	0.945552	0.633107	0.724003	0.392664	0.351203	0.351203	0.351203	0.555299	0.555282	0.555282	0.392664	0.248333	0.351203	0.248333	0.248333	0.351203	0.175603	0.392664	0.392648	0.175603	0.351203	0.175603	0.175603	0.555299	0.945586	0.87795	0.392648	0.392664	0.175603	0.392648	0.248346	0.392648	0.248333	0.175603	0.248346	0.175603	0.175603	0.392664	0.496683	0.555299	0.392664	0.351203	0.248346	0.248333	0.175603	0.248333	0.248346	0.526796	0.248346	0.392664	0.248346	0	0.175603	0.175603	0.175603	0.175603	0.248346	0.248346	0.248346	0.392664	0.392648	0.175603	0.248346	0.392648	0.496657	0.496657	0.248333	0.392648	0.351203	0.392648	0	0	0.248333	0.633107	0.351203	0.555282	2.1353	1.02385	0.945552	0.555282	0.895343	0.633138	0.392648	0.744962	1.37121	0.87795	3.92041	2.5551	1.1778	2.49416	1.44774	2.1209	2.1063	0.392664	0.526796	1.22904	1.72894	0.392648	0	0.633107	0.392648	1.57022	1.57029	2.44444	1.96258	0.785291	0.526796	0.723985	0.633107	0.248333	0	0.351203	0.724003	0.633138	1.06804	1.76425	0.877972	1.37121	1.1778	0.351203	0.351203	0.175603	0.496657	0.175603	0.785258	0.351203	0.945552	0.895325	0.785291	1.11049	0.785291	0.526796	0.351203	0.392664	0.526796	0.248346	0.526796	0.496683	0.392664	0.351203	0.785258	0.351203	0.555299	0.877972	0.945586	0.723985	1.86598	1.11046	1.33709	0.70238	0.877972	0.895343	0.526796	0.351203	0.248346	0.877928	0.175603	0.70238	1.41551	3.00308	2.22008	0.392648	0	0.496657	0.744962	0.175603	0.351203	0.175603	0	0	0.175603	0.248346	0.175603	0	0.248333	0.248333	0.175603	0.392664	0.351203	0.945552	0.555299	0.496657	0.633107	0.633138	0.70238	0.526796	0.555299	0.351203	1.24148	0.555282	0.745001	0.87795	1.48967	0.175603	0.744962	0	0.392648	0.248346	0.175603	0.175603	0.392648	0.248346	0.526796	0.785258	0.723985	0.555299	0.724003	0.785291	0.555299	0.175603	0.248333	0.392648	0.392648	0.392648	0.175603	0.392648	0.175603	0.248346	0.248346	0.248333	0.633107	0.248333	1.0535	1.93888	1.76425	0.175603	1.93888	2.38712	1.75553	1.6186	1.6186	1.66548	1.89066	1.7379	1.61854	0.993239	0.175603	0.175603	1.41544	1.33709
0.39263	0.744898	0.526751	0.49664	0.39263	0.877852	1.37109	0.39263	0.702319	0.633083	0.744936	0.555251	0.175588	0	0	0.175588	1.02372	1.24137	0.555234	0.392613	0.496614	0.496614	0.351173	0.633083	0.39263	0.175588	0.248325	0.248325	0.392613	0	0	0.392613	0.526751	0.49664	0.39263	0.248312	0.526751	0.351173	0.351173	0.702319	0.633083	1.33697	0.248312	0.392613	0	0.496614	0	0.496614	0.175588	0.392613	0	0.351173	0.351173	0.392613	0.248325	0.39263	0.526751	0.175588	0	0.496614	0.392613	0.175588	0.392613	0.175588	0	0	0.392613	0.248325	0.392613	0	0	0.392613	0.526751	0.526751	0.392613	0.392613	0.555234	0.392613	0	0.496614	0.496614	0.496614	0.175588	0.555234	0.175588	0.496614	0	0	0.175588	0.877852	0.392613	1.24137	2.38682	0.78519	1.48954	1.656	0.877874	0.78519	0.496614	0.633052	1.17769	1.44761	3.79292	1.48954	1.37109	1.93869	2.60857	2.55495	2.98224	0.392613	1.17769	1.24139	0.94547	0.392613	0.248325	0.248312	0.175588	0.702319	1.26601	1.76409	0.895265	0.392613	0.78519	0.94547	0.877852	0.175588	0.248325	0.248325	0.39263	0.633083	1.5896	1.5799	1.41532	1.89854	0.78519	0.392613	0.175588	0.351173	0.351173	0.175588	0.633052	0.175588	1.02372	0.633052	0.351173	0.702319	0.702319	0.39263	0.175588	0.351173	0.78519	0	0.78519	0.49664	0.526751	0.175588	0.633052	0.392613	0.351173	0.39263	0.526751	0.39263	1.73766	1.37109	1.26595	0.633083	0.39263	0.175588	0.392613	0.392613	0.248325	1.24137	0.248325	1.12414	1.41536	3.10834	3.40521	0.496614	0	0.496614	0.633052	0.526751	0.39263	0.392613	0	0	0.392613	0.248325	0.248325	0.248325	0.392613	0.175588	0.526751	0.72394	0.555251	0.248325	0.744936	0.39263	0.392613	0.248325	0.392613	0.78519	0.39263	0.744898	1.12414	0.175588	0.526751	0.39263	0.877852	0.49664	0.723923	0.248325	0.555234	0.248312	0.392613	0.175588	0.555234	0.526751	0.78519	0.633052	0.877852	0.175588	0.633083	0.877896	0.555251	0.392613	0.392613	0.175588	0.496614	0.496614	0.175588	0.39263	0.526751	0.392613	0.392613	0.175588	0.351173	0.702319	0.175588	0.895247	1.80715	1.12414	0.785223	1.5799	1.33702	1.41538	1.26601	0.72394	1.02372	0.392613	1.98571	1.37109	0.39263	0.633052	1.80715	1.27807
0.17557	0.723847	0.945406	0.993102	0.993102	1.0533	1.12403	0.248299	0.248286	0.392589	0.496588	0.392589	0.248299	0.392589	0.496588	0.633017	1.24127	1.4997	0.526696	0.526696	0.702246	0.351136	0.632987	0.248299	0.526696	0.496588	0.392589	0.248299	0.248286	0.248299	0.17557	0.496562	0.632987	0.248299	0.17557	0.392573	0.526696	0.17557	0.633017	1.11028	0.877804	1.33684	0.392573	0.496562	0.17557	0.392573	0.17557	0.392573	0	0.392573	0.248299	0.392573	0.392573	0.526696	0.496588	0.496588	0.351136	0	0	0.392573	0.248286	0.248299	0.392573	0	0	0	0.392573	0.248299	0.392573	0.17557	0.248299	0.392573	0.392573	0.555176	0.248286	0.392573	0.392573	0.248286	0.17557	0.496562	0.496562	0.351136	0.496588	0.351136	0.17557	0.392573	0.17557	0.248299	0.248299	0.632987	0.723865	0.74482	2.308	1.41524	1.02361	1.41517	1.26588	1.27798	0.392589	0.496562	1.26582	1.41521	3.78448	2.51222	2.67232	1.6559	1.02361	1.72861	3.32741	1.76391	1.17757	1.26582	0.351136	0.392573	0.248286	0.248299	0.248299	0.392589	0.351136	0.702246	1.2288	0.723865	1.0533	1.0533	0.945372	0.392589	0.392589	0.17557	0	0.351136	1.56992	0.785108	1.86563	2.11313	0.496562	0.392589	0.744859	0.723865	0.496588	0.392589	0.555176	0.248299	1.17757	0.877782	0.555193	0.555176	0.632987	0.351136	0.633017	0.945406	0.877782	0.17557	0.723847	0.877804	0.785141	0.351136	0.496562	0.392573	0.526696	0.351136	0.496562	0.17557	1.33684	1.57973	1.61826	1.24131	0.877804	0.351136	0.351136	0.785141	0.877804	0.74482	0.877804	1.44746	1.41517	2.77377	3.76415	1.56999	1.61829	1.51	0.633017	0.496562	0.17557	0.392573	0	0	0.392573	0.248299	0.248299	0.17557	0.351136	0.496588	0.526696	0.392573	0.392573	0.526696	0.496588	0.702246	0.526696	0.248299	0.633017	1.49976	1.61829	1.4475	0.877782	0.248299	0.633017	0.993102	1.17762	1.02366	0.392589	0	0.392573	0.526696	0.526696	0.248299	0.248286	0.526696	0.785108	0.351136	1.0533	0.993102	1.06784	0.526696	0.351136	0.785108	0.496562	0.17557	0.632987	0.496562	0	0	0.392573	0.526696	0.526696	0.248299	0.248286	0.526696	0.702246	0.877782	1.65583	1.06782	1.37102	0.945406	0.248299	0.723865	0.702246	0.351136	0.723865	1.33689	1.17757	1.4475	1.98561	1.8903	1.11025	1.26588
0.392539	0.392555	0.877728	0.993015	0.993015	0.785073	0.392539	0.248277	0.248264	0.52665	0.496545	0.52665	0.248277	0.52665	0.496545	0.723802	1.24116	1.27783	0.392555	0.392555	0.702185	0.351106	0.877684	0.248277	0.392555	0.496545	0.52665	0.248277	0.248264	0.248277	0.392539	0.496519	0.877684	0.248277	0.392539	0.175554	0.392555	0.632932	0.877706	1.11019	0.945324	0.895077	0.175554	0.496519	0.392539	0.175554	0.392539	0.175554	0	0.175554	0.248277	0.175554	0.175554	0.392555	0.496545	0.496545	0.351106	0	0	0.175554	0.248264	0.248277	0.175554	0	0	0	0.175554	0.248277	0.175554	0.392539	0.248277	0.175554	0.175554	0.555128	0.248264	0.175554	0.175554	0.248264	0.392539	0.496519	0.496519	0.351106	0.496545	0.351106	0.392539	0.175554	0.392539	0.248277	0.248277	0.175554	0.632962	0.744756	1.49963	1.61812	0.248277	0.392555	1.26577	1.12398	0.723784	0.496519	1.75496	1.17752	3.37294	2.43747	2.67209	2.65471	2.00077	1.06773	2.48115	2.72326	0.52665	1.75496	0.351106	0.175554	0.744756	0.248277	0.248277	0.52665	0.351106	0.702185	1.06774	0.632962	0.785073	0.785073	0.723784	0.52665	0.52665	0.392539	0	0.78504	1.56979	0.351106	1.61807	2.36045	0.496519	0.723784	0.744794	0.632962	0.496545	0.52665	0.555128	0.248277	1.41505	1.06773	0.555145	0.555128	0.877684	0.78504	0.723802	0.877728	0.632962	0.392539	0.392555	0.945324	0.785073	0.78504	0.496519	0.175554	0.392555	0.78504	0.496519	0.392539	0.895077	1.17752	1.49963	1.2412	1.06774	0.78504	0.351106	0.785073	0.945324	0.744756	0.945324	1.05321	1.17747	2.28769	3.06296	1.56985	1.65576	1.50987	1.49957	0.496519	0.392539	0.175554	0	0	0.175554	0.248277	0.248277	0.392539	0.351106	0.496545	0.392555	0.175554	0.175554	0.392555	0.496545	0.702185	0.392555	0.248277	0.877706	1.3709	1.65576	1.26577	0.632962	0.248277	0.877706	0.993015	1.12398	1.24118	0.723784	0	0.175554	0.392555	0.392555	0.248277	0.248264	0.392555	0.351106	0.351106	0.785073	0.993015	1.2287	1.17747	0.351106	1.26571	0.496519	0.392539	0.877684	0.496519	0	0	0.175554	0.392555	0.392555	0.248277	0.744756	0.392555	0.702185	1.06773	0.94529	0.723802	1.41511	1.2287	1.02352	0.632962	0.702185	0.78504	1.06773	1.33677	0.723784	1.44737	1.98543	1.75504	1.11015	1.755
0.895001	0.723727	0.392514	0.175536	0	0.175536	0.392514	0.392514	0.392498	0.496468	0	0.392498	0.248251	0.392498	0.175536	0.55507	1.02341	1.02341	0.248251	0.175536	0.632866	0.248238	0.877593	0.351069	0.392514	0.175536	0.496468	0	0.392498	0.248251	0.248238	0.392498	0.784959	0.496493	0.526595	0.175536	0.175536	1.02341	0.744678	0.723709	0.351069	0.632866	0.175536	0.496468	0.392498	0.248251	0.392498	0	0	0	0.175536	0.392514	0.392514	0.248251	0.392514	0.496493	0.526595	0.175536	0.175536	0.248251	0.392498	0	0	0	0	0	0	0	0.175536	0.392498	0.175536	0.248251	0.175536	0.351069	0.526595	0.175536	0	0.496468	0.392498	0.392498	0.496468	0.392498	0.175536	0.392498	0.55507	0.175536	0.496468	0	0	0.351069	0.496493	0.877593	1.33663	2.28751	1.50971	1.22857	0.784959	0.632866	0.744678	0.555087	2.19834	1.17735	2.91892	2.13453	2.74554	3.33603	0.877593	3.06273	3.06777	2.34062	0.392498	1.89798	0.526595	0.392514	0.632866	0.496493	0.945226	1.50971	1.37076	0.702112	0.351069	0.392514	0.175536	0	0.496468	0.496468	0.632866	0.723709	0.496493	0.945192	1.24101	0.555087	1.66479	2.00056	0.526595	0.784959	0	0.175536	0.392514	0.526595	0.392498	0	1.17735	1.22857	0.632896	0.392498	0.992861	0.992861	0.392498	0.392514	0.526595	0.392498	0.392498	0.55507	0.392498	0.877593	0.555087	0.555087	0.392498	0.945192	0.392498	0.392498	0.55507	0.248251	0.526595	0.632896	1.06762	0.496468	0.702112	0.351069	0.496468	1.26558	0.784959	0.496468	0.723727	2.1702	2.19834	0.248238	0.55507	0.526595	1.96175	0.894984	0.248238	0.248251	0.175536	0	0	0	0	0.351069	0.702112	0.351069	0	0	0	0	0	0.392498	0.392514	0.496493	1.06762	0.895001	0.555087	0.248251	0.248238	0.555087	0.894984	0.248251	0.555087	1.24105	1.58915	1.24107	1.24107	1.02346	0.526595	0.351069	0.526595	0.248251	0.175536	0.392498	0.248238	0.248251	1.24101	1.24101	0.632896	1.2777	0.175536	0.877615	1.22857	1.0531	0.351069	0	0.175536	0.555087	0.877637	0.877637	0.723709	0	0.392514	1.24103	0.723727	1.37069	1.06762	1.88987	1.75477	0	0.784959	1.11004	1.12381	0.632866	1.11004	1.76356	1.02346	0.744717	1.65551	1.49942
0.894924	0.632841	0.52655	0.392464	0	0.392464	0.52655	0.52655	0.175521	0.496425	0	0.175521	0.24823	0.175521	0.392464	0.555022	1.02333	1.02333	0.24823	0.392464	0.877517	0.248217	0.632811	0.784891	0.52655	0.392464	0.496425	0	0.175521	0.24823	0.248217	0.175521	0.351039	0.49645	0.39248	0.392464	0.392464	1.02333	0.248217	0.94511	0.351039	0.877517	0.392464	0.496425	0.175521	0.24823	0.175521	0	0	0	0.392464	0.52655	0.52655	0.24823	0.52655	0.49645	0.39248	0.392464	0.392464	0.24823	0.175521	0	0	0	0	0	0	0	0.392464	0.175521	0.392464	0.24823	0.392464	0.351039	0.39248	0.392464	0	0.496425	0.175521	0.175521	0.496425	0.175521	0.392464	0.175521	0.555022	0.392464	0.496425	0	0	0.351039	0.49645	0.392464	1.93795	2.28731	1.50958	1.83185	1.26547	0.877517	0.248217	0.555039	2.4369	1.41478	3.64734	3.23299	2.67733	2.68303	2.36	4.63698	3.06751	1.24096	1.12371	1.65537	0.39248	0.52655	0.175521	0.49645	1.4148	1.50958	1.49934	0.702051	0.351039	0.52655	0.392464	0	0.496425	0.496425	0.877517	0.94511	0.49645	0.723647	0.744614	0.894906	1.66465	1.02333	0.39248	0.351039	0	0.392464	0.52655	0.39248	0.175521	0	0.52655	1.06754	0.877539	0.175521	0.992775	0.992775	0.175521	0.52655	0.39248	0.175521	0.175521	0.555022	0.175521	0.632811	0.555039	0.894906	1.12371	0.723647	0.175521	0.175521	0.555022	0.24823	0.39248	0.723664	0.877539	0.496425	0.702051	0.351039	0.496425	0.784891	1.26547	0.496425	1.06752	1.96161	1.49929	0.248217	0.555022	0.39248	1.72813	1.33646	0.248217	0.24823	0.392464	0	0	0	0	0.351039	0.702051	0.784891	0	0	0	0	0	0.175521	0.52655	0.49645	0.877539	0.894924	0.555039	0.24823	0.248217	0.894906	0.555039	0.24823	0.894906	1.02337	1.58902	1.24096	1.24096	1.24094	1.17724	0.784891	0.39248	0.24823	0.392464	0.175521	0.744614	0.24823	1.737	0.744614	0.877539	0.723664	0.632811	1.06752	1.06754	1.44706	0.784891	0	0.392464	0.894906	0.945144	0.945144	0.39248	0	0.723647	1.24092	0.632841	2.11255	1.72813	2.3535	2.24656	0	1.26547	1.10994	0.392464	0.877517	0.49645	1.57929	1.24094	0.744652	0.94511	0.632841
0.701978	0.496399	0.723589	0.945045	0.992723	0.945045	0.554981	0.554964	0.392439	0.701978	0.496399	0.496399	0.496399	0.392439	0.392423	0.632745	0.877426	0.784809	0.392439	0.392423	0.784809	0.526495	0.248191	0.632745	0.526495	0.554964	0.554981	0.554981	0.248204	0.248204	0.632745	0.175503	0.175503	0.175503	0.248191	0.554964	0.744536	0.877426	0.175503	0.632745	0.701978	0.632745	0.723571	0.351002	0	0.175503	0.175503	0	0	0	0.392423	0.526495	0.526495	0.248204	0.526495	0.496399	0.496399	0.351002	0.392423	0.175503	0	0	0	0	0	0	0	0.175503	0.392423	0.175503	0.248191	0.248204	0.248191	0.526495	0.392439	0.248191	0.248204	0.392423	0	0.175503	0.554981	0.744575	0.554981	0.175503	0.392423	0.526495	0.526495	0.248204	0.248204	1.06741	1.4147	1.96144	2.4618	3.1608	3.85931	2.43675	0.496373	1.22833	0.87747	1.10982	1.76322	2.6307	3.01661	3.06206	2.28038	2.51124	2.77272	4.46532	2.00026	0.894831	1.80628	1.17712	0.701978	0.392439	0.744575	0.894831	1.50935	0.554981	1.06741	0.784809	0.351002	0.526495	0.248191	0.392439	0.701978	0.784809	0.784809	1.26534	0	0.392439	0.894831	1.06741	1.26534	0.392423	0.175503	0.175503	0.248204	0.526495	0.784842	1.12365	1.12365	0.87747	0.744575	0.723589	0.945012	0.175503	0.992671	0.877426	0.248204	0.392423	0	0	0	0.392423	0.392439	0.701978	0.723589	0.894813	1.1236	0.701978	0.351002	0.175503	0.632776	0.784842	0.351002	0.392423	0.632745	0.723571	0.894831	0.723589	0.526495	1.06741	1.10982	0.632776	1.58883	1.49913	0.784809	0.392423	0.554964	0.248204	1.50935	1.37043	0.496373	0.175503	0.526495	0.496399	0.351002	0.175503	0.175503	0.351002	0.701978	0.945012	0.392439	0.392439	0.175503	0.175503	0.175503	0.351002	0.526495	0.392439	0.784842	1.17717	1.4147	1.3705	1.4147	1.75448	0.701978	0	0.877426	0.392439	0.945012	0.175503	0	1.1236	1.37043	0.877426	0.175503	0	0.784809	0.945045	1.61765	1.3705	1.83166	0.526495	1.02322	0.248204	1.17712	1.10982	0.723589	1.57913	1.83171	1.61767	1.4147	1.06743	0.526495	0.554964	0.526495	0.496399	0.392423	1.24081	1.02327	1.50935	2.30716	2.45554	1.75444	0.945045	1.58883	0.392423	0.784842	1.41467	1.33638	1.06743	0.784809	0	0.784809	0.87747
0.701917	0.496356	0.632721	0.877394	0.992637	0.877394	0.554933	0.554916	0.526449	0.701917	0.496356	0.496356	0.496356	0.526449	0.175488	0.87735	0.63269	0.350972	0.526449	0.175488	0.350972	0.392405	0.24817	0.175488	0.392405	0.554916	0.554933	0.894736	0.248183	0.248183	0.87735	0.392389	0.392389	0.392389	0.744472	0.554916	1.24066	0.63269	0.392389	0.175488	0.701917	0.175488	0.94493	0.350972	0	0.392389	0.392389	0	0	0	0.175488	0.392405	0.392405	0.248183	0.392405	0.496356	0.496356	0.350972	0.175488	0.392389	0	0	0	0	0	0	0	0.392389	0.175488	0.392389	0.24817	0.248183	0.24817	0.392405	0.526449	0.24817	0.248183	0.175488	0	0.392389	0.554933	0.74451	0.554933	0.392389	0.175488	0.392405	0.392405	0.248183	0.248183	1.7278	1.76309	2.11221	2.05319	3.29356	3.84308	3.16046	1.48869	1.06734	0.944964	2.04561	1.41455	3.199	1.10973	1.96123	2.65374	2.98061	0.554933	3.10657	1.73676	0.894753	2.28682	0.526449	1.56919	1.41451	1.24069	1.66433	1.50922	0.554933	0.877372	0.350972	0.350972	0.392405	0.24817	0.526449	0.701917	1.26523	0.350972	1.75429	0	0.723509	0.894753	0.877372	0.784741	0.175488	0.392389	0.392389	0.248183	0.392405	0.784774	1.17707	1.17707	0.944964	0.74451	0.632721	0.723509	0.392389	0.992585	0.63269	0.248183	0.175488	0	0	0	0.175488	0.526449	0.701917	0.632721	0.554933	0.392389	0.701917	0.784741	0.392389	0.877372	1.05281	0.784741	0.175488	0.87735	0.392405	0.894753	0.632721	0.392405	1.7278	0.496356	1.499	1.2407	1.27734	0.350972	0.175488	0.554916	0.248183	1.50922	1.1235	0.49633	0.392389	0.392405	0.496356	0.784741	0.392389	0.392389	0.350972	0.701917	0.723509	0.526449	0.526449	0.392389	0.392389	0.392389	0.784741	0.392405	0.526449	0.784774	1.12356	1.37038	1.41457	1.37038	2.1339	1.56919	0	0.63269	0.526449	0.723509	0.392389	0	1.37031	1.1235	0.63269	0.392389	0	1.26523	1.41453	1.49905	1.41457	1.22823	0.392405	1.02313	0.248183	1.41451	1.10973	0.632721	1.17707	1.72787	1.65513	1.37038	0.877394	0.392405	0.554916	0.392405	0.496356	0.87735	1.02318	1.2407	0.554916	1.86485	1.75438	0.350972	1.41453	1.2407	0.87735	1.05281	1.27738	1.33626	0.877394	0.350972	0	1.26523	1.06734
0.894643	0.175469	0.175469	0.392365	0.392365	0.175469	0.392348	0.526395	0.526395	0.554858	0.392365	0.496304	0.392365	0.526395	0.632655	0.894643	0.392348	0	0.496278	0	0	0.175469	0.554858	0.248144	0.175469	0.496278	0.350935	0.78466	0.175469	0.175469	0.877259	0.526395	0.526395	0.248144	1.02302	0.248144	1.37017	0.496278	0.392348	0.248144	0.526395	0.526395	0.877259	0.392348	0.175469	0.496278	0.392348	0.175469	0	0	0.175469	0.248157	0.175469	0	0	0	0	0.392348	0.248157	0.392348	0	0	0.175469	0.248157	0.175469	0	0	0.392348	0.248157	0.392348	0.496278	0.175469	0.526395	0.392365	0.248144	0.554858	0.175469	0	0	0.496278	0.496278	0.175469	0.392348	0.350935	0.350935	0.350935	0.392365	0.175469	0.175469	1.61728	1.44667	2.65346	2.14094	2.81073	1.73658	3.54839	1.80593	0.526395	0.78466	2.35931	2.49226	2.65342	2.04549	0.944865	1.80593	1.73649	1.27725	2.13368	1.44667	1.61734	2.83244	0.723433	1.66416	1.66416	0.944831	2.05291	1.02302	0.723433	0.526395	0.248144	0.248144	0.723451	0.784692	0.175469	0.723433	1.2651	0.175469	1.80593	0.632655	0.78466	0.632625	0.632625	0.496278	0	0.496278	0.496278	0	0.175469	0.554858	0.175469	0.701844	0.526395	0.392365	0.632655	0.89466	0.554876	0.877259	0.496278	0	0	0	0.175469	0.554876	0.632655	0	0.723433	0.248144	0.175469	0.175469	0.723433	0.944831	0.554858	1.12338	0.877259	1.12338	0	0.992482	0.944831	1.12344	1.37024	1.2406	1.83131	0.877259	1.9998	0.392348	0.78466	0.392365	0.175469	0.392348	0.554876	1.49885	0.78466	0.392348	0.526395	0.784692	1.41443	1.83136	1.12344	0.944831	0.350935	0.701844	0.701844	0.701844	0.350935	0.350935	0.701844	0.723433	1.24053	0.248157	0.392348	0.496278	0.175469	0.392365	0.350935	0.175469	1.80593	2.1192	0.632655	0.877303	1.4989	1.26516	1.0527	0.392365	1.12338	1.1769	0.744394	0.392348	0	1.2651	1.49885	0.89466	1.06723	1.10965	0.877303	1.06721	0.496304	1.56903	1.2651	0.350935	0.392365	0.632625	0.496278	0.175469	0.894643	1.02307	1.02307	0.554876	0.175469	1.37017	0.392348	1.0527	1.83131	0.894643	0.894643	1.4144	1.57883	0.554876	1.50906	1.02302	0.392348	0.350935	0.723451	0.632655	0.392348	1.24053	0.944831
1.27708	0.526345	0.392308	0.392308	0.350902	0.392308	0.175453	0.496261	0.944781	1.10955	1.17684	1.24049	1.17684	1.12334	1.12334	0.496261	0.248118	0.350902	0.350902	0.175453	0.248135	0.350902	0.392308	0.175453	0.350902	0.554826	0.877226	0.6326	0.39233	0.554826	0.392308	0.496261	0.496261	0.392308	0.784579	0.350902	1.02292	0.392308	0	0.175453	0.39233	0.784623	0.701777	0.350902	0.392308	0.350902	0.39233	0.175453	0	0.175453	0.350902	0.175453	0.248118	0.175453	0.248135	0.175453	0	0.175453	0.248135	0.175453	0	0.350902	0.723385	0.554826	0.392308	0	0	0.175453	0.175453	0.175453	0.248118	0.350902	0.175453	0.175453	0.248135	0.392308	0.175453	0.248135	0.175453	0.392308	0.554803	0.350902	0.350902	0.175453	0.496227	0.496227	0.175453	0.350902	0.496227	0.784579	1.336	2.27969	1.96091	3.17436	2.1191	2.5887	0.877168	0.248135	1.1095	1.73631	3.23165	0.944781	1.96084	0.744317	0.877168	0.248118	1.12334	1.40334	1.27708	1.0526	2.51046	2.30645	0.248135	0.723385	0.554826	1.4987	0.248135	1.22798	0.744369	0.723362	0.723385	1.41427	0.944781	0.632559	0.784579	0.744317	0.496227	1.27708	0.894578	0.175453	0.632559	0.632559	0.554826	0.554826	0.632559	0.632559	0.39233	0.39233	0.248118	0.701777	0.723385	0.39233	0.526345	0.723385	0.944781	0.784623	0.392308	0.554803	0.175453	0	0.175453	0.877197	1.27713	1.17684	1.0671	0.784579	0.894554	0.723362	0.175453	0.784579	0.723362	0.526345	1.12327	0.877168	1.72744	1.12334	0.894578	0.877168	0.554826	0.554826	0.496261	1.24046	1.76274	1.83113	0.39233	0.248118	0.392308	0.175453	0.175453	1.22798	1.22798	0.350902	0.248118	0.175453	1.0671	1.93722	2.1191	1.66406	1.61714	0.877226	0.944781	0.248135	0.744369	1.12334	0.723385	0.632559	0.554803	1.44649	0.992448	1.02298	1.06713	0.6326	0.554826	0.39233	0.350902	0.944736	2.13347	1.24046	0.554826	1.24044	1.12334	1.66406	1.75404	0.877226	1.12327	1.2404	0.175453	0.350902	1.1095	1.02292	0.350902	0.877197	0.554826	0	0.944736	0.39233	1.41422	1.56886	0.784579	0.175453	0.784579	0.877168	0.248135	0.701777	1.1095	0.350902	0.701777	0.632559	1.10955	1.78872	0.744369	1.37002	1.06713	1.76274	1.76274	0.784623	0.248118	1.12327	1.0526	0.877226	0.554826	0	0.350902	0.723362	1.10955	1.61719
1.24032	1.17672	1.50885	1.72736	1.24036	0.944685	0.744291	0.784543	0.89449	0.89449	0.55477	0.175436	0.392273	0.39229	0.49621	0.78451	0.248097	0.78451	0.350868	0.392273	0.248109	0.39229	0.55477	0.55477	0.632534	0.877135	0.744291	0.554753	0.175436	0.350868	0.248097	0.526294	0.55477	0.877114	0.89449	0.55477	0.632504	0.175436	0.350868	0.175436	0.632504	0.526294	0.248109	0.392273	0.392273	0.175436	0.248109	0.175436	0	0.248097	0.175436	0.350868	0.175436	0.248097	0	0.248097	0	0	0	0	0	0.496184	0.392273	0.554753	0.392273	0	0	0	0.248097	0	0	0.248097	0	0.175436	0.39229	0.248109	0.350868	0.39229	0.350868	0.350868	0.392273	0.175436	0.392273	0.175436	0.248097	0.554753	0.248097	0.350868	0.877092	0.175436	1.02283	1.36991	1.12317	1.40321	2.28621	1.41412	0.632504	0.526294	1.06702	0.350868	3.00022	2.74397	1.57853	0.894472	0.944652	1.06701	0.350868	0.877135	1.88879	0.992293	1.50878	2.60618	0.877092	0.526294	0.723296	0.632504	0.877114	0.894472	0.392273	0.554753	1.06701	0.894472	0.877092	1.12317	0.392273	0.784543	1.24034	1.06702	0.701711	0.175436	0.39229	0.248109	0.723313	1.0525	0.877114	1.0525	0.784543	0.526294	0.526294	0.877114	0.55477	0.49621	0.350868	0.350868	0.248109	0.350868	0.39229	0.392273	0.175436	0.55477	0.944685	1.0525	0.248097	0.526294	0.701711	0.944685	0.392273	1.24032	0.877135	1.277	1.33587	0.992345	0.248109	2.46086	2.13331	0.55477	0.175436	0.632534	1.24036	0.944685	0.392273	0.392273	1.24032	0.944652	0.175436	0.248109	0.392273	0	0.78451	1.33582	0.350868	0	0.392273	0.248109	1.26485	1.56873	1.06702	1.06701	0.894472	1.56879	1.75386	1.72736	1.41414	0.632534	0.894472	0.723296	0.49621	1.41416	1.98409	1.80567	1.58825	0.723313	0.175436	0.175436	0.39229	0.175436	1.24032	1.83096	0.554753	1.58823	0.894472	0.350868	0.526294	1.2403	1.02283	1.61697	0	0.944652	1.58823	1.277	1.12323	1.41416	1.48833	1.24034	1.36991	0.632504	1.49856	1.33582	0.744252	0.248109	0.632504	1.65457	0.784543	0.554753	1.50878	0.632504	0.350868	1.1094	1.02283	1.80567	2.5286	1.89699	0.723313	1.36991	0.744252	0.350868	0.392273	0.632504	0.632504	0	0.350868	0.55477	0.55477	0	0.944685	1.57853
0.723247	1.50872	2.11145	2.27931	1.89682	1.4882	1.24025	1.12313	0.632479	0.392233	0.350835	0.723247	0.496167	0.392233	0.175419	0.894384	0.784474	0.894384	0.744175	0.392233	0.175419	0.248088	0.350835	0.496132	0.392255	0.392255	0.496132	0.78443	0.350835	0.350835	0.554697	0.554697	0.392255	0.723247	0.894384	0.248071	0.554697	0.248088	0.392255	0.392255	0.496132	0.526244	0.55472	0.526244	0	0.392255	0.392255	0.175419	0	0.175419	0.248088	0.175419	0.175419	0.175419	0.175419	0.175419	0	0.175419	0.248088	0.175419	0.175419	0.248071	0.392255	0.350835	0.248071	0	0	0	0.175419	0.248088	0.175419	0.248071	0	0.175419	0.350835	0.350835	0.554697	0.350835	0.392255	0.392255	0.175419	0	0.392233	0.248088	0.248071	0.723224	0.526244	0.392233	0.99219	0	1.12305	1.26472	1.12305	0.392255	1.7272	2.11145	0.944601	0.632439	0.392255	1.36976	1.98392	3.2312	1.58807	0.784474	1.96046	1.99921	1.36976	0.87703	2.67564	1.17655	2.21775	2.60595	0.175419	0.701644	0.526244	0.175419	0.723224	0.392255	0.784474	0.248071	0.78443	0.392233	0.877001	1.12305	0.248088	0.248088	0.723224	0.701644	0.55472	0.392255	0.496132	0.744175	0.944556	1.17655	0.526244	0.723224	0.350835	0.877001	0.744175	0.392255	0.992259	1.24025	0.944601	0.392255	0.392255	0.350835	0.248088	0.392255	0.248071	1.0669	0.944601	0.248071	1.10934	1.12313	0.894408	0.632479	1.10934	1.06693	0.392255	0.554697	0.554697	0.350835	1.80541	2.89059	0.894408	1.27684	0.632479	0	0.632479	1.92889	1.88869	2.0524	2.16882	1.5881	0.701644	0.248088	0.350835	0.248071	0.877001	1.02272	0.496167	0.496167	0.701644	0.392255	0.877001	1.24022	1.6545	1.12313	0.392233	0.632439	0.392233	0.723247	1.5881	1.4882	1.33575	0.784474	0.55472	0.55472	0.496167	0.944556	1.36976	0.877001	0.248088	0.248088	0.392255	0.350835	0.350835	1.78833	1.92889	1.0524	0.99219	0.55472	1.24022	1.58807	1.33568	1.86402	0	1.36976	1.50862	0.392233	0.248071	0.175419	0.392255	1.27684	1.8886	1.0669	1.72712	1.2402	0.894408	0.632479	0.78443	1.98379	0.392255	1.22775	0.944556	0.723247	0.877059	0.392233	1.58807	1.24022	0.175419	0.992259	1.7272	2.47928	1.78838	0.55472	0.175419	0.744175	1.27684	1.2648	1.2648	0.632479	0.496132	0.55472	1.0524	0.944556
0.526194	1.0523	0.632414	1.0523	1.10922	0.89432	0.496115	0.496115	0.526194	0.175402	0.876947	0.723176	0.632384	0.723158	0.392215	0.744149	1.12301	0.392215	1.02263	0.175402	0.392199	0.392215	0.632414	1.0668	0.526194	0.248062	0.784361	0.784361	0.392199	0.392199	0.554664	0.876947	0.350802	0.248049	0.784361	0.723158	0.248049	0.248062	0.392215	0.526194	0.175402	0.175402	0.350802	0.175402	0.248049	0	0.248049	0.175402	0.248062	0.175402	0	0	0.248049	0	0.248049	0	0	0.175402	0.248062	0.175402	0.248049	0	0	0	0.248049	0	0	0	0	0.175402	0.175402	0.175402	0.175402	0.175402	0.392215	0.248062	0.392199	0	0.248062	0.248049	0.392215	0.496115	0.392215	0.248062	0.723158	0.723158	0.175402	0.392199	1.02263	0.392199	1.22763	1.7882	1.93666	1.50856	1.86395	1.1765	1.12295	0.744111	0.350802	1.17645	1.83066	1.76221	2.23133	1.72696	2.67553	4.56429	1.48805	1.24013	2.50976	0.632414	2.50976	1.41383	0.248049	0.526194	0.526194	0.392199	0.350802	0.894302	0.392199	0.944472	0.175402	0.392215	0.723158	1.02263	0.175402	0	0.944472	1.12301	1.22763	0	0.992104	1.12295	0.992104	1.24006	0.248049	0.496089	0.392199	0.894302	1.0668	0.554664	1.06682	1.50856	1.75348	0.784361	0.248049	0.526194	0.554664	0.392215	0.248049	1.17645	0.526194	0.876925	0.632384	0.248062	0.392199	0.554664	0.723158	0.175402	0.175402	0.723158	0.701577	0.248062	2.04462	2.7209	1.2401	1.12295	0.350802	0.248049	0.944472	1.26461	0.992156	1.26467	0.496089	1.66353	1.0668	0.496115	0.554647	0.632384	0.632384	0.554647	0.496115	0.496115	0.784393	0.89432	0	0.526194	0.392199	0.744111	0.744111	0.392199	0.526194	0.496115	0.554647	0.350802	0.175402	0.554664	0.701577	0.350802	0.248062	0.876925	1.48797	0.992104	0	0.175402	0.175402	0.701577	0.876968	0.248049	1.61672	1.41389	0.175402	1.10922	1.22763	1.0668	1.56843	2.04462	0.632414	1.33556	1.24006	0.350802	0.392199	0.175402	0	0.554647	1.76223	1.50856	1.17645	0.894302	0.944472	0.248062	1.48797	1.89654	0.392199	0.744111	0.554664	0.876968	0.784393	0.876968	0.175402	1.65433	2.50983	1.83066	0.554647	1.41387	2.27904	1.58794	0.876968	0.723158	1.17645	0.894302	0.248049	0.632384	0.632384	0.248062	0.632384	0.350802
1.10908	0.350768	0.175386	0.496038	0.632318	0.784281	0.39218	0.39218	0.248024	0.526144	0.944421	1.61661	1.88833	1.33549	0.784324	0.350768	0.175386	0.944376	0.784281	0	0.392159	0.392159	0.175386	1.02253	0.632318	0.175386	0.784281	0.784281	0.632318	0.944376	1.02259	1.41373	1.0522	0.175386	0.632359	1.22752	0.554614	0.248041	0.392159	0.392159	0.175386	0	0.248024	0	0.248024	0	0.248024	0.248024	0	0.248024	0	0	0.175386	0.175386	0.175386	0.175386	0	0.175386	0.175386	0.350768	0.39218	0.175386	0.175386	0.248041	0.175386	0	0	0	0	0.392159	0.248041	0.175386	0.392159	0.39218	0.39218	0.175386	0.248024	0.175386	0.248041	0.248024	0.350768	0.175386	0.175386	0.175386	0.554591	0.70151	0.39218	0.350768	0.876834	0.744033	0.496072	1.50843	2.66954	2.97383	2.43515	2.21733	1.17633	0.554591	0.944376	0.944376	2.38421	1.99894	1.41368	3.72339	2.38418	4.25952	4.23427	3.6108	3.15872	2.9006	1.80506	0.248024	0.496072	0.248041	0.350768	0.248041	0.350768	0.392159	0.632318	0.723086	0.632359	0.632359	1.23999	1.76207	1.22752	0.723086	1.58777	0.894237	0.992001	0.632359	0.632318	1.17633	0.632318	0.876834	0.350768	0.248024	0.554591	0.392159	1.12284	0.496072	1.23999	1.27664	1.33543	1.12284	0.392159	0.175386	0.39218	0.554614	0.496072	0.784281	0.496038	0.554591	0.723086	0.248041	0.248041	0.392159	0.496038	0	0.248024	0.876834	0.554591	0.350768	0.944376	2.1327	1.78804	0.39218	1.02259	0.784324	1.2766	0.175386	1.40281	1.48792	1.75337	0.72311	1.06672	1.12291	1.33549	1.57808	0.894214	0.39218	0.496072	0.39218	0.39218	0.894214	0.784281	0.632318	0.392159	0.744033	1.02253	0.39218	0	0.248041	0	0.554591	0.876834	1.22752	1.56835	1.75337	1.41376	0.72311	1.50833	0.876834	0.350768	0.744085	1.41376	2.16841	1.89646	1.57808	0.248024	1.3695	1.33543	0.248041	0.72311	1.23999	1.2766	1.50833	1.10912	1.23999	0.894214	0.526144	0.350768	0.39218	0.944421	0.784324	0.350768	0.554591	0.876892	1.41376	1.93646	0.894237	2.19644	1.72679	0.39218	0.70151	1.06672	1.02259	0.876892	0.554614	0.876834	0.784281	1.06672	1.96014	2.44143	2.23125	1.93648	0.894214	0.248041	0.39218	0.350768	1.27664	1.48792	1.33549	0.632359	0.248024	0.894214	1.02259
1.12274	0.248002	0.248002	0.632263	1.10898	1.0521	0.39214	0.894131	0.784244	0.632263	0.175369	0.944292	0.894149	0.784244	0.87678	0.632263	0.784244	0.894131	0.248002	0.248015	0	0.632263	0.392124	1.02244	0.876758	0.554541	0.894131	0.248002	1.0666	1.27648	0.175369	0.876758	0.784211	0.72302	0.392124	0.876758	0.554541	0.175369	0.495995	0.248002	0.392124	0.248015	0	0.39214	0.39214	0.175369	0.248002	0.175369	0.248015	0.175369	0	0	0	0.392124	0.248015	0.392124	0	0.175369	0.350735	0.392124	0.175369	0.350735	0.392124	0	0	0.175369	0.248015	0.175369	0	0.392124	0.248015	0.350735	0.526094	0.39214	0.175369	0.175369	0.350735	0.248002	0.248015	0.248002	0.39214	0.554559	0.554559	0.554559	0.632294	0.944326	0.944326	0.784244	0.701443	0.392124	0.784211	0.72302	1.50827	2.11083	2.38387	2.97337	1.17623	0.526094	1.26437	1.99866	1.7531	2.30536	0.944326	3.82439	3.69432	1.27652	4.94774	6.19564	0.784244	4.82621	1.72663	0.632263	0.248015	0.392124	0	0.175369	0.554559	0.632294	0.350735	1.23989	1.06662	0.175369	1.41356	1.10898	1.8635	1.49799	1.4136	1.7267	1.1228	0.350735	0.175369	0.876758	0.392124	0.526094	0.526094	0.248015	0.392124	0.392124	0.876758	0.526094	0.248015	1.06662	0.554559	0.701443	1.02249	0.876801	0.744008	0.991967	1.1228	0.632294	0.248002	0.350735	0.632263	0	0	0.495995	0.350735	0.784244	1.02249	1.0521	0.526094	0.350735	0	0.554559	1.95991	1.83032	1.1228	0.743969	0.392124	1.06662	0.894131	0.248002	0.248015	1.36938	1.1228	1.2274	0.496021	1.58762	1.57793	0.876801	0.554559	0.350735	0.350735	0.72302	1.10898	0.392124	0.39214	0.944292	1.26437	0.248015	0.175369	0.175369	0.175369	0.350735	1.33531	1.49799	0.991967	1.26443	1.41358	0.39214	1.65394	0.72302	0.876758	1.06662	1.27652	1.41358	1.02249	2.16814	1.23985	1.36938	1.23985	1.66326	1.86359	1.99874	0.744008	0.784211	0.392124	0.632263	0.632263	0.248002	0.39214	0.526094	0.248002	0.392124	0.526094	1.40268	1.41362	1.41362	2.13246	1.41358	1.73549	1.56813	0.496021	0.39214	0.175369	0.554559	0.496021	0.784244	0.723038	0.554559	1.26443	0.496021	0.991967	1.98334	1.89627	1.1228	0.701443	0.175369	0.175369	0	0.248015	0	0.175369	0.392124	1.02244	0.743969
0.743892	0.175352	0.247976	0.554486	1.41341	1.12262	0.722948	1.36924	0.784131	1.61622	1.6163	2.44096	2.13225	1.06649	1.56797	1.26424	0.175352	0.350701	0.632238	0.632238	0.526044	0.632198	0.495943	0.784131	1.06649	0.876696	0.554486	0.894043	1.40254	0.876696	0.495943	0.632198	0.495943	0.554486	0.722972	0.350701	0.554486	0.392084	0.495943	0.247976	0.392084	0.247993	0.175352	0.392084	0.175352	0.392084	0.175352	0	0	0	0	0	0	0.392084	0.247993	0.392084	0.175352	0.392106	0.247993	0.247993	0.554509	0.247993	0.495943	0.175352	0.247976	0.350701	0.175352	0.247976	0	0.175352	0.247993	0.175352	0.175352	0.392106	0.495978	0.392106	0.175352	0.392084	0.247993	0.392084	0	0.175352	0.392106	0.247993	0	0.175352	0.526044	0.392106	0	0.392106	1.06652	1.58749	1.58747	0.495978	2.28504	3.27224	0.991881	0.392084	1.12262	1.56797	2.77032	1.1227	2.65165	0.876725	4.20827	4.83865	5.41972	5.4864	1.10887	5.3858	1.33517	1.12262	0	0.784131	0.392084	0.392106	0.495943	0.554509	1.10887	0.632198	1.36924	0.701377	2.05153	1.06652	2.44085	1.44567	0.722972	0.876696	0.894043	0.784131	1.06652	1.76173	1.17611	0.350701	0.526044	0.495978	0.392106	0.526044	0.784175	1.06649	0.632198	0.784131	0.554509	0.392106	0.526044	0.876725	1.1227	0.743943	0.632198	0.876696	0.876725	0.495978	0.247976	0.175352	0.175352	0.247976	0.392106	0.701377	0.554509	0.701377	0.554509	0.632198	0.350701	0.392084	0.554486	1.6163	2.11059	1.66304	0.894067	0.722972	0.175352	0.876725	1.48764	1.93609	0.554509	1.61619	0.392106	1.06649	1.02233	0.247976	0.495943	0.247976	0.247976	0.350701	1.06649	0.554509	0.175352	0.701377	1.61627	1.4135	0.722972	0.350701	0.247993	0.175352	1.2397	1.61619	0.175352	1.23975	1.75298	0.876725	1.78765	1.33524	1.40254	1.06649	0.701377	0.495943	0.784175	1.41341	1.06649	0.526044	0.554509	0.554486	0.392084	1.02233	0.894043	0.701377	0.495978	0.944196	0.784131	0.722972	1.0224	0.743943	0.495978	0.632238	1.052	1.10887	0.392084	0.392084	1.41344	2.11059	0.784175	1.23973	1.0224	0.876725	1.23978	1.33524	0.722972	0.247993	0.247993	0.392084	0.175352	0.784131	0.632198	0.247976	0	0.392084	0.722948	0.526044	0.247976	0.392106	0.495978	0.554509	0.495978	0.554509	0.944196	0.876667
0.4959	0	0.392049	0.392066	1.56783	1.75277	0.525994	1.58732	1.23963	1.41329	0.4959	0.525994	3.71413	1.9983	3.11861	1.176	0.247955	0.554453	0.632173	0.525994	0.554436	0.247955	0.554436	0.247955	0.722882	0.350668	0.175336	1.41329	1.10877	0.392066	0.722882	0.70131	0.784062	0.175336	0.392066	0.632143	0.554436	0.554436	0.554436	0.175336	0.175336	0.247968	0.247955	0.554436	0.175336	0.4959	0	0	0	0	0	0	0	0.175336	0.247968	0.175336	0.392049	0.525994	0.525994	0.392049	0.175336	0.392049	0.4959	0.392049	0.743827	0.392066	0.525994	0.175336	0	0	0	0	0	0	0	0	0	0.175336	0.247968	0.175336	0	0	0	0.392049	0.247968	0.247968	0.175336	0	0.392049	0.525994	0.876634	1.58734	1.93591	1.17605	0.784062	2.21671	1.78749	0.175336	1.02225	0.893961	3.40033	1.10877	2.62813	1.73516	1.02229	2.87339	3.19629	3.3687	1.73516	5.07133	0.991727	1.36912	0.554453	1.33505	0.632143	0.392049	1.02225	0.175336	0.70131	1.44553	1.26413	1.26413	2.04384	0.70131	2.1392	1.02225	0.392066	0.944112	0.876591	1.26413	1.88771	1.88771	1.89581	0.175336	0.175336	0.247955	0.247968	0.175336	0	1.36912	0.632143	1.26413	0.392066	0.632143	0.70131	0.991727	0.525994	0.632143	1.10877	1.10877	0.525994	0.392049	0	0.392049	0.525994	0.350668	0.392049	0.247955	0.392066	0.784062	0.392049	1.23959	0.175336	0.876591	0.392049	0.350668	2.04384	1.36912	0.632143	0.350668	0.70131	1.0519	1.17605	0.893979	0.247955	1.36912	0.784062	1.176	0.876613	0.392066	0.247955	0.392049	0.175336	0.247955	0.722882	0.70131	0.525994	0.554436	1.02229	1.41331	0.944112	0.392066	0.350668	0.392049	1.36912	1.86314	0.743827	1.72631	1.0519	0.495926	1.22717	1.3351	0.944146	0.722882	0.893961	0.554436	1.23961	0.944146	0	0.525994	0.247968	0.554453	0.893961	0.392049	0.944146	1.02229	0.554436	1.02225	0.632143	0.876591	0.525994	0.632173	1.02229	1.23965	1.27627	0.7229	0.175336	0.392066	0.247968	1.41333	1.61607	0.247968	0.893961	0.525994	1.06641	1.41333	1.27624	0.247968	0.247968	0.175336	0.784095	1.06641	0.554453	0.175336	0	0.175336	0.554436	0.743827	0.554436	0.247968	0.247955	0.392066	0.350668	0.392049	0.944112	0.722882
0.247929	0.392031	0.701243	0.392031	1.12241	2.04363	0.392009	1.02214	0.175319	1.06629	0.893873	0.392031	3.83917	1.92779	3.44913	0.632078	0.722811	0.525944	0.247929	0.392009	0.392009	0.175319	0.392009	0.247946	0.55438	0.247946	0.247946	1.12241	1.10866	0.350635	0.495849	0.495849	0.8765	0.554403	0.632118	1.264	0.495849	0.495849	0.495849	0.175319	0.247946	0.175319	0.495849	0.392009	0.175319	0.350635	0.495883	0.495883	0.495883	0.392031	0.175319	0	0.175319	0.392031	0.392031	0.175319	0.495849	0.495849	0.495849	0.495849	0	0.392009	0.392009	0.392009	0.8765	0	0.495849	0	0	0	0	0	0	0	0	0	0	0	0	0	0	0	0	0.495849	0	0.175319	0.175319	0	0.392009	0.525944	0.784025	1.0518	1.12241	0.55438	0.392009	1.4132	2.62795	1.82973	1.66273	1.23951	3.45355	1.40228	3.15735	2.45923	1.44544	0.632078	1.12241	1.78731	3.50202	4.26134	0.55438	1.12241	0.701243	0.991624	0.525944	0.392009	1.12241	0.554403	0.55438	1.80438	1.23951	1.92779	1.44539	0.392031	1.65345	0.722811	0.743802	0.722811	0.8765	1.61588	1.86295	1.86295	1.98265	0.175319	0.247946	0.55438	0.247929	0.247946	0.247946	1.36898	0.495849	1.264	0.392009	0.893873	0.247946	1.23949	1.0222	0.893873	0.8765	0.783982	0.525944	0.247929	0.247946	0.247929	0.525944	0.701243	0.525944	0.247929	0.392031	1.06629	0.876529	1.12241	0.247946	1.02214	0.525944	0.784025	1.88752	0.783982	0.495883	1.1087	0.632118	0.525944	1.48735	1.98279	1.61599	1.23951	1.06629	1.264	0.495849	0	0	0.392009	0.392031	0.525944	0.55438	0.55438	0.632078	0.991624	0	1.36898	1.12241	0	0.350635	0.701243	1.41314	1.73498	0.632078	1.82973	1.23951	0.632118	0.876529	1.23951	1.23955	1.27616	1.40228	0.701243	1.264	0.350635	0.632078	0.525944	0.392031	0.392009	0.991624	0.350635	0.495883	0.350635	1.12241	1.02214	0.55438	1.02214	0.8765	0.632118	0.722834	0.392031	0.247929	0.392031	0.525944	0.175319	0.392009	0.55438	1.86295	0.632078	1.12241	0.392031	1.27611	0.632078	1.61588	0.350635	0.392031	0.392009	0.495849	0.495849	0.350635	0.944062	1.50786	1.86308	1.75271	0.944062	0.247929	0.247929	0.554403	0.743802	0.893897	0.893897	1.06629	0.525944
0.495832	0.554348	0.350601	0.391991	0.701176	1.50763	1.06619	0.495806	0.525894	0.391991	1.49747	2.04354	1.88735	1.61583	1.9276	0	0.783913	0.175302	0.632023	0.175302	0.175302	0.632023	0.743724	0.783945	0.350601	0.175302	0.175302	0.525894	1.27603	1.49747	1.17583	0.783945	0.391975	0.55433	0.391975	1.48712	0.632023	0.722745	0.350601	0.175302	0.247921	0.175302	0.391975	0	0.391975	0.350601	0.495832	0.495832	0.495832	0.554348	0.554348	0.495832	0.391991	0.350601	0.391991	0.525894	0.247908	0.55433	0.391975	0.495806	0	0.175302	0.175302	0.175302	0.495806	0.247921	0.391975	0	0	0	0	0	0	0	0	0	0	0	0	0	0	0	0	0.391975	0.247921	0.350601	0.391975	0	0.247921	0.554348	0.495832	0.525894	0.495806	0.554348	1.0517	0.391975	1.57733	3.32236	2.44017	1.41304	2.35707	1.998	3.32701	0.391975	1.8043	2.35719	2.82985	3.34544	4.25748	2.28447	0.391975	0.495806	0.525894	0.175302	0.350601	0	1.12231	0.350601	1.276	1.80422	0.525894	1.22693	0.632053	1.06619	0.525894	1.0221	1.10859	0.247908	0.893809	1.95916	2.10996	1.41304	1.73483	0.391975	0.175302	0.55433	0.55433	0.175302	0.175302	1.06619	1.06621	0.722745	1.02205	0.722763	1.02205	0.743724	1.12237	0.783945	0.55433	0.350601	0.391991	0.175302	0	0.175302	0.495832	0.722763	0.247921	0.495806	0.391975	0.722763	1.23939	0.554348	0	0.783913	0.247908	1.75248	2.30452	1.12237	0.350601	0.350601	0.893809	1.33485	1.41308	0.876446	1.06619	1.5077	1.76123	1.40214	1.10859	0.876468	1.0221	1.36893	1.12237	0.391991	0.495806	0.495806	0.743686	0.722745	0.876468	1.06619	0.991538	0.554348	1.0221	1.5077	1.6158	0.943932	0	1.0517	1.6158	1.5077	1.49747	1.06621	0.391975	0.783913	0.743686	0.391975	1.06621	1.27603	0.893809	0.554348	0.525894	0.175302	0.783913	0.495806	0.175302	0.55433	1.17578	1.17578	0.55433	1.17578	1.49742	0.632053	0.175302	0.525894	0.495832	0.391991	0.175302	0.247908	0.247908	0.350601	1.61577	1.4453	1.57733	1.33485	1.9592	1.10859	1.36886	0.991538	0.554348	0.247921	0.391975	0.554348	1.41306	1.99798	2.04354	2.1389	2.23017	1.95922	1.17583	1.06621	1.12237	1.0221	0.554348	0.175302	0.893809	1.0221
0.554298	0.876391	0.783876	0.991435	0.722697	0.554275	0.893703	0.554275	0.554298	1.02195	0.943882	1.82945	1.06611	1.26376	0.175286	0.175286	0.631957	0.247899	0.631957	0	0	1.26376	0.722697	0.893703	0.247882	0.525844	0.525844	0.247899	0.631998	1.27591	1.12227	0.783876	0.350568	0.350568	0.70111	1.26376	0.876333	0.943837	0.350568	0.350568	0.495789	0.350568	0.175286	0.391935	0.495755	0.495755	0	0	0	0.175286	0.391956	0.495789	0.350568	0.175286	0.247882	0.554275	0.247882	0.554275	0.175286	0.495755	0	0	0	0	0.175286	0.247899	0.175286	0	0	0	0	0	0	0	0	0	0	0	0	0	0	0	0	0.175286	0.247899	0.175286	0.495755	0	0.391935	0.391935	0.350568	0.525844	0.391935	0.350568	0.943882	1.58689	0.74366	2.43361	2.82409	2.16717	1.23928	2.89895	1.02201	3.02306	3.06343	2.4898	2.58639	2.38285	1.40201	0.175286	0.631957	0.391935	0.175286	0.175286	0.391935	0.391935	0.743609	0.893727	1.22682	0.991435	0.722697	0.554298	0.631957	1.75226	0.991435	1.06609	1.50747	0.943837	0.631998	1.58687	1.93535	0.74366	1.23922	0.554275	0.525844	0.70111	0.350568	0.391935	0.525844	0.783876	1.22682	0.631998	1.17566	0.391935	1.48697	0.495755	0.175286	0.247899	0.175286	0	0	0.175286	0.247899	0.175286	0.391935	0.175286	0.391935	0.247882	0.554275	0.247882	0.722673	0.525844	0.247899	0.554298	1.17566	2.52629	1.76104	1.4129	0.783833	1.26384	1.49734	0.943882	0.391935	2.30426	2.82414	2.47746	2.80234	1.75231	1.10849	0.943882	1.23928	1.23931	1.23925	0.743609	0.554275	0.554275	0.631957	0.391956	0.943882	0.783876	0.391935	0.893703	0.893727	1.02201	1.02201	0.391956	0.175286	0.175286	0.525844	0.876391	0.783876	0.391935	1.57718	1.49734	1.02201	0.876362	0.631998	1.06611	0.631998	0.391935	0.495755	0.783833	0.350568	0.350568	0.525844	0.247882	0.893703	1.49727	0.70111	1.49727	1.33466	0.247882	0.893703	0.893727	0.554298	0.247882	0.247899	0.175286	0.391935	0.554298	1.23928	1.49734	1.44516	1.06611	1.23928	1.82938	0.495755	1.75226	0.175286	0.391935	0.175286	0.554298	1.61561	1.4129	0.554298	0.554275	0.554298	1.23928	1.41293	1.06611	0.631998	0.783833	0.350568	1.06611	1.36881	1.41296
0.722607	0.247873	0.554225	1.02186	0.876279	0.350535	0.3919	1.1221	0.350535	1.56723	1.3686	0.743544	1.80387	1.33455	0.631902	0.175269	0.525794	0.495737	0.525794	0.175269	0	1.48684	0.495712	1.1221	0.3919	0.3919	0.554225	0.391916	0.722607	0.3919	0	0.495712	0.631902	0.247873	0.554225	0.876279	1.40188	0.876279	0.554225	0.525794	0.391916	0.24786	0.247873	0.3919	0.3919	0.631902	0.175269	0.175269	0	0	0	0	0.3919	0.175269	0.350535	0.350535	0.3919	0.24786	0.175269	0.3919	0.175269	0	0	0	0	0	0	0	0.175269	0.247873	0.175269	0	0	0	0	0	0	0	0.175269	0.247873	0.247873	0.247873	0.175269	0	0	0.175269	0.3919	0	0.350535	0.350535	0.350535	0.525794	0.3919	0.495712	0.175269	0.943753	0.701043	1.41275	1.86244	0.991349	0.525794	3.60843	1.41281	3.21882	0.876279	0.525794	0.554225	0.554242	0.876301	0.722625	0.24786	0.554225	0.391916	0.391916	0.554225	0.554225	0.3919	0.991349	0.495712	0.495737	1.10838	0.783796	0.701043	1.48684	1.26365	0.876257	1.50734	1.2267	0.876301	0.893621	1.1221	0.701043	0.631902	0.554225	0.3919	0.350535	0.495737	0.350535	0.495712	0	0.876257	0.175269	0.876257	0.175269	1.49714	0.876279	0.391916	0.175269	0	0	0	0	0.175269	0.247873	0.3919	0.175269	0.554225	0.175269	0.3919	0.525794	0.525794	0.3919	0	0.175269	1.50734	3.21882	1.1221	1.72565	1.33455	0.3919	0.350535	0.495737	1.10835	2.24334	1.44498	1.75219	1.95879	1.23912	0.631902	0.3919	0.631902	0.391916	1.23912	1.1221	0.350535	0.783796	1.10838	0.783796	0.525794	0.247873	0.175269	0.991349	0.631902	0.24786	0.554242	0.722625	0.391916	0.247873	0.247873	0.175269	0	0.722607	1.57703	1.5673	1.36867	1.2267	0.350535	0.495712	0.631902	0.3919	0.350535	1.10835	0.495737	0.783796	1.06601	0.525794	0.3919	1.41275	0.876257	1.2267	1.82927	1.12216	0.495712	0.722625	0.893639	0.554242	0.175269	0.175269	0.554225	0.24786	0.3919	0.350535	0.525794	0.3919	0.495712	1.65299	0.631933	1.48684	0.495737	0.701043	0.495737	0.701043	1.41275	1.02186	0.391916	0.350535	0.391916	0.722625	0.495712	0.701043	0.495737	1.06599	0.893639	1.2267	0.876301	0.722625
0.893533	0.495694	0.525744	0.175252	0.893533	0.700976	0.631877	1.41263	1.06589	0.943657	2.05036	0.943702	1.8868	0.631837	0.783684	0.391882	0.247852	0.350501	0.247852	0.554169	0.391882	1.50718	0.525744	1.33441	0.175252	0.350501	0.247835	0.49566	0.700976	0.783727	0.743519	0.554192	0.49566	0.175252	0.49566	0.391882	1.23902	0.391882	0.350501	0.554192	0.554169	0	0.175252	0.350501	0	0.783684	0.350501	0.350501	0.175252	0	0	0.175252	0.391882	0.525744	0.175252	0.175252	0.350501	0.39186	0.554192	0.175252	0.350501	0.175252	0	0	0	0	0	0	0.247835	0	0.247835	0.175252	0.247852	0.175252	0	0	0.175252	0.391882	0.525744	0.175252	0.175252	0.247852	0.39186	0	0.175252	0.350501	0.350501	0.247852	0.175252	0.175252	0.391882	0.391882	0.350501	0.554169	0.49566	0.700976	0.876196	1.02175	1.61527	0.631837	0.943657	1.75198	2.62704	1.75198	0.554192	1.1755	1.02181	0.722559	0.722559	1.0514	0.525744	0.49566	0.247835	0.247835	0.39186	0.554169	0.175252	0.783684	0.722536	0.722536	0.525744	0.554169	0.893533	0.554169	1.02175	0.49566	0.743467	0.700976	0.876225	0.783727	0.247835	0.722536	0.350501	0.893533	0.175252	0.631877	0.631877	0.391882	0.554169	0.247852	0.700976	0.722559	0.39186	0.49566	1.06589	1.22658	0.722536	0.39186	0.175252	0	0	0	0.39186	0.391882	0.391882	0.350501	0.525744	0.554192	0.554192	0.554192	0.391882	0.175252	0	0.247835	1.75192	3.22797	0.743519	2.10936	0.893557	0	0.554192	0.876225	1.40174	1.56707	0.631877	1.33448	1.10828	1.23902	0.700976	0	0	0.39186	0.991246	1.36846	0.39186	0.783727	1.1755	0.943702	0.247835	0.495694	0.554192	0.943657	0.631837	0.350501	0.700976	0.247852	0.175252	0.391882	0.391882	0.350501	0.247852	0.175252	1.02181	1.65292	1.56716	1.78663	0.943657	0.350501	0.943657	0.39186	0	0.783684	0.943702	1.33448	1.40174	1.0514	1.10828	1.57688	1.41263	0.876225	1.23904	1.22658	0.554192	0	0.554169	0.247852	0.391882	0.554192	0.525744	0.175252	0.175252	0.391882	0.391882	0	0.722536	0.743467	0.631837	1.02181	1.41269	0.783727	0.495694	0.350501	0.943657	1.22658	1.02181	0.876225	0.631877	0.554192	0.350501	0.49566	0	0.554169	0.722559	1.10828	1.1755	0.876225
0.631782	0.247826	0.350468	0.495643	0.700909	0.247813	0.247826	0.893469	1.76056	0.876112	1.58642	1.4969	0.943573	0.350468	0.783615	0.554137	0.722487	0.72247	0.175236	0.631782	0.350468	1.36834	0.247826	1.02166	0.783615	0.554137	0.350468	0.743403	0.391842	0.631812	0.495643	0.391842	0.175236	0.631812	0.554137	0.631782	0.87609	0.247813	0.175236	0.391826	0.631782	0	0.391826	0.391826	0.391826	0.783615	0.391826	0.175236	0.175236	0	0	0.247813	0	0.391826	0.391842	0.391842	0.391826	0.743403	0.247813	0.495617	0.391826	0.525694	0.391842	0.247813	0.247826	0.175236	0	0	0.175236	0.247826	0.175236	0.247813	0	0.247813	0	0	0.247813	0.247813	0.391826	0.391826	0.247813	0	0.391826	0.175236	0.247813	0.175236	0.350468	0.247826	0.495643	0.631812	0.391842	0.391842	0.722487	0.893451	0.99116	0.391826	0.87609	0.783615	1.50705	0.175236	1.06581	1.17533	1.41254	2.10922	1.61519	1.36834	1.12194	0.722487	0.495643	0.722487	0.783615	0.525694	0.175236	0.350468	0.350468	0.554119	0.247826	0.175236	0.893451	0.175236	0.876134	0.783647	1.10813	0.350468	0.87609	0.495643	1.23892	1.12194	0.722487	0.247813	0.495617	0.783615	1.26341	1.27551	0.99116	0.391842	0.350468	0.350468	0.247813	0.175236	0.175236	0.525694	0.391826	0.783647	0.876134	1.10813	1.10813	0.350468	0.247813	0	0	0.175236	0.554119	0.350468	0.247826	0.350468	0.391842	0.525694	0.350468	0.350468	0.175236	0.175236	0.247826	0	2.43294	2.24291	1.58642	1.22647	0.391826	0.722487	0.722487	0.554137	0.783615	0.700909	1.06581	0.893469	1.44475	1.4969	0.554137	0.391826	0.350468	0.247813	1.33429	1.82887	1.23892	1.06581	0.495643	0.943573	1.2389	0.991212	0.876134	0.700909	0.247813	0.391826	0.350468	0.554137	0.391842	0.350468	0.175236	0.247826	0.495643	0.700909	0.554137	0.554137	0.554119	1.33429	1.58642	0.722487	0.631782	0.700909	0.391842	0.631812	1.41252	0.876134	1.27551	1.26347	1.8867	1.33434	0.391826	1.10817	1.82892	1.33434	0.391842	0.175236	0.525694	0.350468	0.175236	0.175236	0.247813	0.175236	0.391842	0.391842	0.391826	0.893469	1.41252	1.41254	1.44475	0.631812	0.87609	0.175236	0.391842	0.631812	1.12194	1.80361	1.99724	1.61519	0.743403	0.722487	0.175236	0.525694	0.783647	0.876134	0.391842	0.175236	0.554119	0.247826
0.631717	0.175219	0.391786	0.700843	0.631757	0.4956	0.631757	0.554087	0.631717	1.4967	0.247805	1.02156	0.525644	0.722422	1.10802	0.554064	0.247788	0.722398	0.631717	1.12185	1.12185	0.943478	0.391786	0.631717	0.876	0	0.554087	1.0512	0.893387	0.525644	0.350434	0.391807	0.391786	0.350434	0.391807	0.991058	0.783535	0.391807	0.631717	0.391786	0.391807	0.525644	0.391786	0.391786	0.391786	0.783535	0.554064	0.247805	0.247788	0.247805	0.247788	0.175219	0.175219	0.175219	0	0.175219	0.391786	0.554064	0.391807	0.247788	0.554064	0.391786	0.247788	0.495566	0	0.247788	0	0.175219	0.247805	0.247805	0.247805	0.350434	0.247805	0.175219	0	0	0.175219	0.391807	0.391807	0.391786	0.247788	0	0.247788	0.247788	0.175219	0.175219	0.175219	0.175219	0.247788	0.175219	0.247805	0.391786	0.350434	0.943478	0.991058	0.247788	0.893363	1.0512	1.33416	0.175219	0.554087	1.4864	1.5069	0.893387	2.16635	3.22742	1.06568	0.991058	1.10802	1.12185	0.631757	0.247788	0.391786	0.350434	0.391807	0.525644	0.175219	0.247788	0.631717	0.631717	0.175219	0.247805	0.943478	0.783535	0.554064	0.554087	0.783535	0.175219	0.631717	0.495566	0.743326	0.525644	1.82869	1.06568	1.23875	0.247805	0	0.391786	0.175219	0.391786	0	0.175219	0.991058	1.0512	1.26336	1.23881	0.722398	0.175219	0.350434	0.247805	0.175219	0.391786	0.554064	0.350434	0.247805	0.175219	0	0.631717	0.350434	0.175219	0.391786	0.350434	0.175219	0.247788	2.72363	1.61496	1.56678	0.783578	0.525644	0.631717	0.700843	0.4956	0.175219	0.783578	1.10807	1.27543	1.22635	0.247788	0.554064	0.391786	0.175219	0.525644	1.82869	1.66178	0.876029	1.06571	1.02162	1.22635	1.10802	0.247805	0.175219	0.247805	0.4956	0.247805	0.175219	0.175219	0.175219	0.391807	0.391807	0.350434	0.722398	1.26336	1.27543	0.631757	0.175219	0.722422	1.61504	1.88653	1.17528	0	0.743377	1.02162	0.876029	0.391807	1.06571	1.26336	0.943523	0.783535	1.66185	1.88653	1.44461	0.991126	1.02162	0.783578	0.247805	0.391786	0.391807	0.391807	0.391786	0	0.247788	0	1.33416	1.76039	1.33422	0.391807	0.391807	1.10807	1.23881	0.631757	0.391807	0.175219	0.247788	0.247788	0.175219	1.33416	1.66178	0.554087	0.175219	0.247788	0.943478	1.02162	1.23881	0.554087	0.391786	0
0.495523	0.350401	0.247766	0.783465	0.247766	0.247779	0.350401	0.554031	0.631692	0.743261	0.700776	0.783465	0.495523	0.495523	1.23865	0.391751	0.391767	0.875945	1.61484	1.17516	1.2753	0.391767	0.554014	0.247766	0.631662	0.247766	0.175202	0.943394	0.700776	0.893281	0.875924	0.391767	0.175202	0.525594	0.391767	1.12167	0.743261	0.175202	1.02147	0.175202	0.247766	0.631662	0.350401	0.350401	0.391767	0.554014	0.495549	0.875967	0.391767	0	0.495523	0.175202	0.350401	0.247779	0.391767	0.391767	0	0.391767	0.391767	0.175202	0.391751	0.391767	0.391767	0.247766	0.247779	0.175202	0	0.247766	0	0	0	0.247766	0	0	0.175202	0.247779	0.175202	0	0	0.175202	0.350401	0.247779	0.525594	0.391767	0.247779	0.350401	0.175202	0.391751	0.391767	0.391767	0.247779	0.525594	0.631692	0.700776	0.631662	0.525594	1.02151	1.10796	0.554014	0.525594	0.391767	0.875924	1.61482	1.26317	0.631662	3.09655	1.41221	1.10792	1.12167	0.391767	0.700776	0.391767	0.175202	0.525594	0.391767	0.391767	0.391751	0.247766	0.391751	0.700776	0.700776	0.247779	0.783465	0.743261	0.350401	0.350401	0.631692	1.17516	0.7433	0.247766	0.391751	0.495549	1.12167	0.554014	0.875924	0	0.247766	0.391751	0.391767	0.525594	0.175202	0	1.23865	1.23865	0.175202	0.391751	0.175202	0.175202	0.391751	0.391767	0.554031	0.525594	0.554014	0.350401	0.175202	0.175202	0.247779	0.631662	0.391751	0.247779	0.391751	0.175202	0.525594	0.554031	1.99676	1.93443	0.72235	0.631692	0.875967	0.700776	0.631662	0.391751	0.525594	0.525594	0.175202	0.943427	1.2753	0.893299	0.391767	0.175202	0.631692	1.22623	1.66163	0.875924	0.247766	0.525594	0.631692	0.875945	0.554014	0	0.247766	0.391751	0.391767	0.554031	0.525594	0.247779	0.893299	1.65244	1.73393	1.50684	2.45759	2.2289	2.27644	0.700776	0.391751	0.175202	0.350401	0.875945	1.23867	0.893299	0.991023	1.36815	1.41228	0.943427	0.175202	0.175202	0.350401	1.72499	1.61484	0.783498	0.350401	0.175202	0.525594	0.525594	0.175202	0.175202	0.247779	0.391751	0.495523	0	0.175202	0.247779	1.75144	1.36808	0.700776	1.17516	1.12173	0.893299	0.525594	0.175202	0.700776	1.26323	1.73393	1.99686	1.65244	0.554031	1.22623	1.36815	0.943427	0.554014	1.12167	0.743261	0.875945	1.0511	0.247766	0.631692
0.175186	0.391733	0.24774	0.722261	0.783385	0	0.175186	0.24774	0.247758	0.175186	0.495472	0.495472	0.350368	0.700709	1.17499	0.175186	0.722261	1.22612	1.44429	0.700709	0.875862	1.17499	0.495472	0.350368	0.700709	0.391733	0.175186	0.990869	0.495472	0.631597	1.36794	0.391711	0.743184	0.391733	0.495506	0.783385	0.631597	0.247758	1.02136	0.247758	0.391733	0.350368	0.391711	0.391711	0	0.175186	0.893193	0.722284	0.631597	0.247758	0.24774	0.525544	0.391733	0.247758	0.525544	0.350368	0.391711	0.247758	0.391733	0.525544	0.391711	0	0	0	0	0	0	0.175186	0.247758	0.247758	0.247758	0.175186	0	0	0.391711	0.247758	0.391711	0	0	0	0.175186	0.247758	0.553958	0.247758	0.247758	0.175186	0.391711	0.553958	0.247758	0.24774	0.247758	0.175186	0.175186	0.391711	0.783385	0.722261	0.247758	0.175186	0.350368	0.350368	0.350368	1.12156	1.50661	0.875833	1.051	3.13062	1.06548	1.23852	0.391711	0.783429	0.495506	0.350368	0.700709	0.783385	0.175186	0.247758	0.553958	0.391711	0.175186	0.391733	0.943298	0.247758	0.631597	0.350368	0.391733	0.391711	0.391711	0.553958	0.743184	0.247758	0.24774	0.553981	1.22612	1.051	1.12156	0.247758	0.175186	0.175186	0.247758	0.175186	0.391711	0.247758	1.12156	1.12156	0.247758	0.391711	0	0	0.495472	0.391711	0.391733	0.391733	0.553958	0.175186	0.391711	0.175186	0	0.495472	0.495472	0	0.175186	0.247758	0.553958	0.525544	0.631597	1.49648	1.786	1.26304	0.875891	0.875891	0	0.700709	0.700709	0.391733	0.631597	0.783429	1.27514	0.175186	0.350368	0.783385	0.722261	1.23855	0.943298	0.495472	0.350368	0.525544	0.247758	0.553958	0.175186	0	0.175186	0.553958	0.391711	0.175186	0.553958	0.247758	1.66146	1.9579	1.8943	1.8943	2.45111	1.26312	2.50662	1.3339	0.391733	0.525544	0.247758	0.553958	0.743184	0.553981	1.27519	1.48622	1.44434	1.22612	0.893193	0.247758	0.893193	1.72482	1.26304	0	0	0.391711	0.893193	0.631637	0.350368	0	0	0.495472	0.495472	0	0	0	1.61465	1.06548	1.40121	0.495506	0	0.391711	0.175186	0.391711	1.3339	1.23857	1.41215	1.36803	1.41212	1.051	0.175186	0.391733	0.943298	0.875833	0.783385	1.10781	0.175186	1.02136	1.12156	0.722284
0.893129	0.631572	0.722195	0.247719	0.943214	0.391693	0.247732	0.525494	0.391693	0.247719	0.247719	0.553908	0.175169	0.495429	0.875757	0.247719	1.02127	1.12146	0.783316	0.700643	0.350334	1.26293	0.700643	0.525494	0.391676	0	0	0.783316	0.700643	0.525494	1.12146	0.700643	0.631542	0.247719	0.247732	0.247719	0.553908	0.247732	0.875757	0.175169	0.553926	0.631572	0.350334	0.495429	0.175169	0.247732	0.74312	0.553908	1.02127	0.247732	0.175169	0.391676	0.247732	0.247732	0.553908	0.391676	0.495429	0	0	0.391676	0.553908	0.175169	0	0.175169	0.391693	0.495454	0.391693	0.247732	0.247732	0.175169	0	0	0	0	0.391676	0.247732	0.391676	0	0	0.175169	0.391693	0.495454	0.350334	0	0.175169	0.247719	0.722195	0.350334	0	0.495429	0.350334	0.391693	0.175169	0.391676	0.943214	0.722195	0.247732	0.391693	0.525494	0.175169	0.391676	1.50648	1.02127	1.23847	1.49633	2.24206	0.700643	1.41194	0.247732	0.553908	0.722195	0.350334	0.350334	0.631542	0.175169	0.175169	0.391676	0.391676	0.391693	0.391693	0.553908	0.743159	0.553926	0.247719	0.247732	0.631542	0.350334	0.700643	0.495429	0.495454	0.175169	0.553908	0.943214	0.943214	1.12146	0.631572	0.743159	0.553926	0.175169	0	0.391676	0.247732	1.02127	1.23841	0.391693	0.175169	0.391693	0.631572	0.893129	0.722213	0.350334	0.175169	0.631542	0	0.495429	0	0.175169	0.553908	0.247719	0.247732	0.247732	0.391693	0.525494	0.553908	0.247732	0.175169	1.10771	2.10836	1.72473	0.990835	0.350334	0.631542	0.175169	0.495454	0.350334	1.06538	0.943214	0.722213	0.553908	0.893111	1.23845	1.57613	1.06538	0.553908	0.525494	0.525494	0.175169	0.495429	0	0	0.175169	0.553908	0.553908	0.175169	0.631542	0.247732	1.66131	1.95771	1.75119	1.49633	1.92614	1.26299	1.61451	1.58583	1.50655	1.23845	0.553926	0.247719	0.525494	0.391693	0.74312	0.247732	0.631542	1.0654	1.66136	1.6146	1.4442	1.27502	0.74312	0.247732	0.247732	0.247719	0.943214	0.495454	0.700643	0.495454	0.391693	0.247719	0.553908	0.175169	0	0.175169	1.65205	0.875779	1.23845	1.17493	0.783349	0.700643	0.631572	0.893129	1.17488	0.783316	0.783349	0.875801	0.553908	0.875779	1.10775	0.783349	0.631542	0.893111	0.391693	0.700643	1.26299	1.4442	1.44416	0.525494
0.893047	0.722147	0.943119	0.247693	0.722123	0.525444	0.24771	0.391658	0.525444	0.743043	0.247693	0.553853	0.391637	0.495377	0.631477	0.743043	1.02117	1.36768	0.350301	0.700576	0.350301	0.783236	0.700576	0.391658	0.175152	0	0	0.350301	0.700576	0.391658	0.391637	0.700576	0.175152	0.743043	0.24771	0.247693	0.553853	0.24771	0.631477	0.391637	0.893023	0.722147	0.350301	0.495377	0.391637	0.24771	0.247693	0.553853	1.02117	0.24771	0.391637	0.175152	0.24771	0.24771	0.553853	0.175152	0.495377	0	0	0.175152	0.553853	0.391637	0	0.391637	0.525444	0.495412	0.525444	0.24771	0.24771	0.391637	0	0	0	0	0.175152	0.24771	0.175152	0	0	0.391637	0.525444	0.495412	0.350301	0	0.391637	0.743043	0.943119	0.350301	0	0.495377	0.783236	0.525444	0.391637	0.175152	0.722123	0.943119	0.24771	0.525444	0.391658	0.391637	0.175152	1.50632	0.24771	1.58568	1.36777	0.783236	0.700576	1.17476	0.24771	0.553853	0.943119	0.350301	0.350301	0.175152	0.391637	0.391637	0.175152	0.175152	0.525444	0.525444	0.553853	0.743094	0.553876	0.743043	0.24771	0.875667	0.350301	0.700576	0.495377	0.495412	0.631477	0.553853	0.722123	0.722123	0.391637	0.722147	0.743094	0.893023	0.391637	0	0.175152	0.24771	1.02117	1.73333	0.525444	0.631477	0.525444	0.722147	0.893047	0.631517	0.783236	0.391637	0.875667	0	0.495377	0	0.391637	0.553853	0.247693	0.24771	0.24771	0.525444	0.391658	0.553853	0.24771	0.391637	0.495412	1.61442	1.82806	1.40094	0.350301	0.875667	0.631477	0.495412	1.2628	1.72449	0.525444	1.2749	0.553853	0.553876	1.02123	1.7597	1.72449	0.553853	0.391658	0.391658	0.391637	0.495377	0	0	0.391637	0.553853	0.553853	0.391637	0.875667	0.24771	0.893047	1.65198	1.75104	1.61442	1.75972	1.26288	0.175152	1.23837	1.66121	1.58566	0.893023	0.247693	0.391658	0.525444	0.247693	0.24771	0.175152	0.875725	1.50642	1.65198	1.26288	0.722147	0.247693	0.24771	0.24771	0.247693	0.722123	0.495412	0.700576	0.495412	0.525444	0.247693	0.553853	0.391637	0	0.391637	1.89382	1.06528	1.02123	1.12142	1.0508	0.700576	0.722147	0.893047	0.525444	0.350301	0.78328	0.943164	0.553853	0.631517	1.10765	1.0508	0.175152	0.553876	0.722123	0.700576	1.26288	1.26288	1.0508	0.391658
0.553803	0.391602	0.875591	0.553803	0.391602	0.495335	0	0	0.495335	0.875591	0.391602	0.391602	0.391602	0.495335	0.391602	0.943035	1.1075	1.26269	0.175136	0.553803	0.525394	0.525394	0.391602	0	0.175136	0.247685	0.175136	0	0.495335	0.175136	0.175136	0.391602	0.553803	1.02108	0.247685	0.553803	0.247672	0.247685	0.247672	0.553803	0.875591	0.495335	0.495335	0.391602	0.525394	0.49536	0.391618	0.391602	0.875591	0.247685	0.391602	0.175136	0.391618	0.391618	0.247672	0.175136	0.350268	0.391618	0.175136	0	0.391602	0.525394	0.391618	0.391602	0.495335	0	0.495335	0.175136	0.247685	0.391602	0.175136	0.391618	0.49536	0.49536	0.49536	0.391618	0.175136	0.175136	0.247685	0.247672	0.525394	0.49536	0.525394	0.247672	0.892941	1.2382	1.27478	0.525394	0.247685	0.391602	0.783167	0.700509	0.525394	0.247685	0.553803	0.742979	0.247685	0.247672	0.175136	0.391602	0.247685	1.23817	0.892941	1.33353	0.742979	0.391618	0.722058	0.742979	0.247672	0.525394	0.391602	0.55382	0.247672	0.175136	0.350268	0.391618	0.875634	0.875634	0.892941	0.247672	1.02108	0.175136	0.391602	0.943035	0.49536	0.943035	0.391602	0.495335	0.783167	0.631452	0.722058	0.391602	0.525394	0.525394	0.391618	0.722075	0.743017	0.722058	0.391602	0.175136	0	0.175136	0.742979	1.72434	1.06518	0.742979	0.631422	0.495335	0.495335	0	0.990595	0.495335	0.990595	0	0.495335	0	0.391602	0.525394	0.350268	0.175136	0.175136	0.495335	0	0.391602	0.247685	0.391602	0.391602	0.722058	0.943035	1.12125	0.722058	0.742979	0.875591	0	1.75077	1.89365	0.742979	1.36756	0.391602	0.247685	0.247685	1.50619	1.86102	0.495335	0	0.175136	0.391602	0.391602	0.247685	0.247685	0.247672	0.525394	0.722075	0.722075	0.631422	0.391618	0.49536	0.631452	0.892959	0.722058	0.700509	1.26275	1.88563	1.95736	1.33358	1.496	1.1075	0.350268	0	0.495335	0.350268	0.49536	0.700509	0.700509	0.631452	0.722075	0.391618	0.247685	0.175136	0.175136	0.247685	0.391602	0.391602	0.391618	0.525394	0.247672	0.553803	0.391602	0.350268	0.722075	0.55382	0.391602	2.10791	1.17466	0.391618	0.175136	0.990595	0.495335	0.495335	0.495335	0.175136	0.391618	0.525394	0.525394	1.1075	0.783167	0.495335	1.26269	0.700509	0.391618	0.943035	1.06518	0.892959	0.55382	0.553803	0.247685
0.391562	0.175119	0.631356	0.553748	0	0.525344	0.391584	0.175119	0.350235	0.892877	0.631397	0	0.175119	0.391562	0	0.72201	1.0506	0.631356	0.350235	0.553748	0.391584	0.553771	0.391584	0.175119	0.721986	0.631397	0.553748	0.175119	0.391562	0.247646	0.247646	0.175119	0.525344	0.942939	0.247663	0.553748	0.175119	0.175119	0.553771	0.553771	0.495283	0.247646	0.553748	0.391584	0.742953	0.990561	0.942984	0.391584	0.631356	0.247646	0.391562	0.553748	0.391584	0.391562	0	0.391562	0.391584	0.553771	0.525344	0.175119	0.175119	0.391584	0.525344	0.175119	0.495283	0	0.495283	0.391562	0.391584	0.391584	0.175119	0.247646	0.175119	0.247663	0.175119	0.247646	0.247646	0.247646	0.175119	0.175119	0.247663	0.495317	0.391584	0.631356	1.26256	1.0506	1.66083	0.247646	0.495317	0.525344	0.525344	0.525344	0.350235	0.247663	0.391562	0.391562	0.247663	0.247663	0.525344	0.553771	0.495317	0.631356	1.02097	0.631356	0.942939	0.175119	0.553748	0.350235	0.350235	0.247663	0.391562	0.391562	0.783131	0.875529	0.175119	0.391562	0.350235	0.350235	0.942939	0.391562	0.942939	0.525344	0.350235	0.631356	0	0.631356	0.391584	0.525344	0.175119	0.553771	0.247663	0.175119	0.391562	0.247646	0.553748	0.742953	1.12121	0.990561	0.495317	0.175119	0	0.247646	0.391584	1.44379	2.10778	1.12121	0.875529	0.700443	0.700443	0.391584	1.02097	0.553748	0.8755	0	0.495283	0	0.175119	0.350235	0.247646	0.175119	0.391562	0.553748	0.247663	0.175119	0	0.247646	0.247663	1.06508	0.700443	0.350235	1.06508	0	0.391562	0.247663	0.892853	1.95711	0.495317	1.23805	0.175119	0.553771	0.875558	1.44374	1.50604	0.495283	0.175119	0.391584	0.553771	0.525344	0.247663	0.391584	0.391584	0	0.495317	0.495317	0.175119	0.553771	0.783131	1.6609	2.04142	1.41161	0.742902	1.02104	1.41161	1.72425	1.61415	1.58538	1.0506	0.350235	0.175119	0.391562	0.495283	0	0.391562	0.553748	0.175119	0.175119	0.350235	0.247663	0.350235	0.350235	0.247663	0.350235	0.350235	0.175119	0.631397	1.0651	0.942984	0.495317	0.72201	1.12121	1.2381	0.495317	1.86083	1.3334	0.391584	0.175119	0.990492	0.783088	0.783088	0.631356	0.391562	0.175119	0.631397	0.875558	0.391562	1.0506	0.783131	1.41153	0.553748	0.350235	0.700443	1.10744	1.33346	1.2381	0.942984	1.12121
0	0.247638	0.391528	0.391528	0.391528	0.175102	0.391528	0.247625	0.175102	0.391544	0.72192	0.391528	0.175102	0.350201	0.350201	0.391544	0.350201	0.175102	0	0.553698	0.175102	0.247625	0	0.553698	0.942855	0.631301	0.553698	0.391528	0.175102	0.247625	0.247638	0.350201	0.247638	0.553698	0	0.49524	0.247638	0.721938	0.553715	0.247625	0.350201	0.247625	0.553698	0.175102	0.391528	0.247638	0.553698	0.631301	0.631301	0.892771	0.892771	0.783019	0.247638	0.553698	0.247638	0.631301	0.247625	0.247625	0.49524	0.247625	0.175102	0.247638	0.247625	0.247638	0.391528	0	0.391528	0.553698	0.391528	0	0.175102	0.391544	0.553715	0.631332	0.783051	0.495266	0.175102	0.247625	0.391528	0.350201	0.391528	0	0	0.631301	1.27454	1.10733	1.82748	1.22553	0.783051	0.783019	0.247625	0.247638	0.631332	0.742876	0.783051	0.721938	0.495266	0.631332	0.721938	0.553715	0.391544	0.175102	0.631301	0.495266	0.350201	0.553715	0.350201	0.391544	0.49524	0.553715	0.175102	0.942855	1.0505	1.41143	0.72192	0.391528	0.350201	0.350201	0.783019	0.783019	0.783019	0.631301	0.391528	0.72192	0.391544	0.631301	0	0.391528	0.391544	0.553715	0.391544	0.391544	0.525294	0.49524	0.631301	0.247625	0.247625	0.175102	0.350201	0.175102	0	0.175102	0.525294	0.742876	1.78515	1.99572	1.75053	1.12109	0.391544	0.391528	1.02088	0.247625	0.631301	0.175102	0.391528	0	0	0.247625	0.391528	0.391544	0.525294	0.391528	0	0	0.175102	0.350201	0.525294	1.10729	0.247638	0.391528	0.892771	0.875446	0.631332	0.742876	0.525294	1.26245	0.175102	1.10729	0.631332	0.72192	0.783019	0.892771	0.990407	0.553698	0.350201	0.391544	0.553715	0.783019	0	0.391528	0.350201	0.391528	0.247625	0.247625	0.49524	0.247625	0.783019	1.82748	1.66073	1.95697	2.21376	0.72192	0.525294	0.175102	0.631332	0.892789	0.350201	0.49524	0.391528	0.175102	0.350201	0.495266	0.391544	0.391528	0.175102	0.247638	0.350201	0.247638	0.175102	0.175102	0.247638	0.391528	0.247625	1.44361	2.19301	2.38034	1.61398	1.065	0.391528	0.247638	0.742837	0.350201	0.892771	1.88527	1.99572	1.33333	0.553698	1.02088	0.742837	0.990407	0.631332	1.12109	1.33333	1.12109	0.892789	0.175102	0.875468	0.892771	0.391528	0.175102	0.247625	0.247625	0.350201	1.0505	1.02093	1.02093
0.391488	0.175086	0	0.350168	0.553642	0.553665	0.892707	0.631277	0.631277	0.875392	1.0649	0.721872	0.553665	0.721872	0.782982	0.495223	0.175086	0.350168	0.721872	0.391509	0.247599	0.247616	0.495223	0.892684	0.391488	1.02078	0.175086	0.495189	0	0.553642	0.553665	0.721849	0.350168	0.391509	0.495223	0.525244	0.391488	0.495189	0	0.391488	0.350168	0.391488	0.495189	0.391488	0.525244	0.495223	0.350168	0.631236	0.495189	1.02078	0.631236	0.892684	0.495189	0.721872	0.553665	0.391488	0.553665	0.553665	0.875363	0.782982	0.70031	0.391488	0.391509	0.175086	0.247599	0.175086	0.175086	0.350168	0.721872	0.631277	0.247616	0	0.247616	0.553665	0.391509	0.391509	0.495223	0.553665	0.525244	0.350168	0.525244	0.495223	0.495223	0.350168	0.553665	1.10723	1.10718	0.782939	0.875363	0.892684	0	0.631236	0.782982	0.721872	0.391488	0.350168	0.391509	0	0.391509	0.247616	0.247599	0.631236	0.175086	0.175086	0.70031	0.391509	0.74276	0.175086	0.74276	0	0.391488	0.875334	1.02078	0.875334	1.10718	0.391509	0.350168	0.350168	0.875334	0.631236	0.782939	0.782939	0.525244	0.892684	0.553665	0.892684	0.391509	0.631236	0.175086	0.350168	0.247616	0.350168	0.175086	0.721849	0.247599	0.350168	0.391509	0.495223	0.391509	0.350168	0.391509	0.391509	0.631236	0.391488	0.525244	0.525244	0.247616	0.495189	0.875363	0.942805	0.892684	0.247599	0.391488	0.391488	0.175086	0	0	0.175086	0.391509	0.391509	0.350168	0.175086	0.175086	0.247616	0.391488	0.247616	0.875363	1.06487	0.525244	0.553642	0.175086	0.892707	0.742812	0.391509	0.70031	1.23787	1.17438	0.721872	0	0.782939	1.26232	0.553665	1.0649	1.10723	0.742812	0.247616	0.247599	0.875334	0.391509	0.525244	0.391488	0.495189	0.247599	0.175086	0.553642	0.391488	1.26232	2.04091	0.782939	1.02078	2.52341	1.02078	0.495189	0.247599	0.391488	0.391509	0.495223	0.70031	0.525244	0.247616	0.391509	0.391509	0.175086	0.175086	0.495223	0.742812	0.721872	0.495223	0.495223	0.495223	0.391509	0.553642	0	1.99542	2.04091	0.942805	0.990304	0.94276	0.553665	0.742812	0.553665	0.175086	0.175086	0.391509	0.721849	1.12092	0.175086	0.94276	0.175086	1.10718	0.721872	0.742812	1.36725	1.61384	1.02084	0.892684	0.721872	0.495223	0.175086	0.175086	0.350168	0.175086	0	0.350168	0.525244	0.175086
0.350135	0.55361	0.55361	0.55361	0.721801	0.892619	0.721801	0.495172	0.631212	1.10712	1.33307	0.99027	0.631212	0.700243	0.391469	0.391469	0.631212	0.721801	0.700243	0.525194	0.350135	0.350135	0.247591	0.495146	0.175069	0.721783	0.55361	0.391453	0.175069	0.78287	0.175069	0.553593	0.631212	0.55361	0.247591	0.350135	0.553593	0.553593	0.247578	0.391469	0.247591	0.175069	0.247578	0.55361	0.782902	0.55361	0.175069	0.391453	0.175069	0.78287	0.391469	0.495146	1.02069	0	0.525194	0.391469	0.175069	0.247578	0.875258	0.350135	0.78287	0.875258	0.175069	0.391453	0.175069	0.350135	0.175069	0.175069	0.391469	0.525194	0.391453	0	0.247578	0.175069	0.175069	0.350135	0.495172	0.391469	0	0.175069	0.175069	0.175069	0	0	0.247578	0.495146	0.350135	0.875301	1.44337	0.875301	0.553593	0.990218	0.495146	1.02069	0.700243	0.391453	0.391469	0.553593	0.350135	0.525194	0	0.700243	0.742735	0.55361	0.875258	0.391453	0.631181	0.350135	0.350135	0.175069	0.892602	0.525194	0.782902	0.782902	0.721783	0.55361	0.350135	0.391469	1.0503	1.06479	0.350135	0.700243	0.391469	0.553593	0.391469	0.631181	0.391453	0.495146	0.350135	0.175069	0.175069	0.350135	0.553593	0.391453	0	0.247578	0	0	0	0.391453	0.350135	0.391453	0.553593	0.721801	0.782902	0.892619	0.742735	1.2253	1.2253	0.495172	0.175069	0.525194	0	0.247578	0.391469	0.391469	0.175069	0	0	0	0.247578	0	0.175069	0.391469	0.350135	0.247578	1.02069	0.721783	0.553593	0.525194	0.55361	0.247591	0.247578	0.391453	0	0.525194	0.782902	0.875301	0.721783	0.525194	1.44337	1.73262	1.66042	1.27433	0.94271	0.721783	0.391453	0.495146	0.350135	0.175069	0.391453	0.525194	0.55361	0.391469	0.391453	0.495146	1.36704	1.66036	1.86041	2.28147	2.12881	1.02069	0.495146	0.175069	0.391469	0.631212	1.02074	1.66042	1.61368	1.10712	0.247591	0.247578	0.247578	0	0.247578	0	0.391453	0.247591	0.175069	0.175069	0.175069	0.391453	0.391453	1.49543	2.82061	1.75019	1.41116	0.247578	0.875301	1.02074	0.631212	0.495172	0.631212	1.02074	1.61365	1.41118	0.350135	0.78287	0	0.631181	0.495146	0.553593	1.06479	1.12088	0.94271	0.700243	0.247578	0.875279	1.12088	0.99027	0.495172	0.175069	0.175069	0.175069	0.391453	0.631181
0.391435	0	0.350101	0.391435	0.74267	0.782833	0.247569	0	0.553537	0.892514	0.350101	0.247552	0.175052	0.553537	0.175052	0	0.175052	0	0.525144	0.175052	0.350101	0.175052	0	0.247552	0.391413	0.350101	0.631116	0.175052	0.350101	0.495095	0.247569	0	0.247552	0.721712	0.391435	0.350101	0.391413	0.495095	0.391413	0.175052	0.247552	0	0.175052	0.175052	0.247552	0.391413	0.350101	0.350101	0.391435	0.350101	0.175052	0.175052	1.06467	0.721735	0.55356	0.247569	0.175052	0.350101	0.553537	0.990184	1.10702	0.391413	0.631157	0.55356	0.175052	0.175052	0.350101	0.175052	0.175052	0.553537	0.247552	0.247569	0	0.175052	0.391413	0.391413	0	0	0.247552	0	0	0.247552	0	0.175052	0.350101	0.631116	0	0.553537	0.892514	0.525144	0.78279	0.742619	0.553537	0.990116	0.525144	0.892514	0.495129	0.892514	0.721712	0.553537	0.350101	0.391413	0.175052	0.553537	0.631116	0.525144	0.553537	0.525144	0.350101	0.175052	1.02059	0.175052	0.78279	1.10697	0.247569	0.495095	0.553537	0.495129	0.721712	0.721712	0.553537	0.247569	0.721712	0.175052	0.350101	0.875196	0.875196	0.55356	0.55356	0.495129	0.391435	0.350101	0.391413	0.391413	0.391435	0.247569	0.175052	0.391435	0.495129	0.350101	0.247569	0.525144	0	0.495129	0.782833	0.391435	0.175052	1.33289	0.700177	0.391413	0.391413	0.175052	0.391413	0.175052	0.247552	0.247552	0.247552	0	0	0.175052	0.175052	0.175052	0.247552	0.525144	0.350101	0.247569	1.41099	0.553537	0.721712	0.247569	0.247569	0.55356	0.55356	0.525144	0.391413	0.247569	0.495129	0.525144	1.1207	0.350101	0.74267	1.41108	1.99514	1.74998	0.875196	1.10697	0.721712	0.350101	0	0.247569	0.175052	0.175052	0.391435	0.525144	0.350101	0.553537	0.721712	1.56537	1.95644	1.61354	1.10702	0.391413	0.391413	0	0	0.247552	0.631116	1.02059	0.247569	1.1207	0.553537	0.247569	0.247569	0.391435	0.175052	0	0.247552	0	0.247552	0.247552	0	0.175052	0.525144	0.175052	1.74998	1.44319	1.26216	2.37969	2.48649	2.5231	2.48649	2.47417	2.04065	0.875225	0.875167	0.495095	0.742619	0.631116	0.525144	0.875196	1.06469	1.23763	1.41105	1.26216	0.875225	0.631157	1.02065	1.58478	1.41108	1.27422	0.721735	0.74267	0.875225	0.721735	0.247569	0.631116
0.495078	0.782753	0.721663	0.495078	0.525094	0.175036	0.247531	0.175036	0.782721	0.495052	0.391395	0.391395	0.391379	0.495052	0.175036	0.175036	0.247543	0.553505	0.553505	0.525094	0.175036	0	0	0.391379	0.247531	0.350068	0.495052	0.247531	0.350068	0.175036	0.175036	0.391395	0.525094	0.495052	0	0.495078	0.631092	0.525094	0.175036	0.247531	0.175036	0.247543	0.175036	0.553487	0.742593	0.742593	0.247543	0.247531	0.247531	0	0.247531	0.391379	0.495052	0.525094	0.391395	0.350068	0.350068	0.525094	0.350068	0.391379	0.350068	0.391379	0.391379	0.175036	0.175036	0.247543	0.175036	0	0.247531	0.391379	0.391395	0.391395	0.391379	0.391379	0.391379	0.175036	0.175036	0	0.175036	0.247543	0.175036	0.247531	0	0.247531	0.175036	0.721646	0.495078	0.721646	0.391379	0.525094	0.391379	0.350068	0.350068	0.892432	0.553505	0.875113	0.875135	0.721663	0.631061	0.391379	0.391395	0.875113	0.631092	0.525094	0.175036	0.175036	0.631061	0.247543	0.782721	0.175036	0.942497	0.553505	0.782721	0.875091	0.391379	0.495052	0.553487	0.495078	0.721646	0.247531	0.721663	1.02054	0.721663	0.247543	0.721646	0.721646	0.782721	0.350068	0.391395	0.391395	0.175036	0.247543	0.391395	0.391379	0.391379	0.391395	0.525094	0.391379	0	0.175036	0.175036	0.247543	0.175036	0.391395	0.631061	0.631092	1.02054	1.10687	0.175036	0.391379	0.495052	0.175036	0.525094	0.247543	0.175036	0.175036	0.391379	0.247543	0.175036	0.391379	0.247543	0.391379	0.495052	0.495052	0.495052	0.391379	1.41087	0.721646	0.631061	0.175036	0.391395	0.247543	0.721646	0.631092	0.70011	0.553505	0.391395	0.553487	0.782721	1.12066	1.41093	1.49515	0.70011	2.19208	0.782721	0.875113	1.23749	0.525094	0.495078	0.875135	0.990082	0.782753	0.391379	0.553487	0.495052	0.553487	0.247531	0.175036	0.350068	0.391395	0.247543	0.247543	0.175036	0	0	0.175036	0.875091	0.782721	1.27409	1.61335	0.553505	0.247531	0.247531	0.175036	0.391395	0.391395	0.350068	0.247543	0.391395	0.631092	0.553505	0.247543	0.350068	0.553487	0.631061	1.89257	1.49515	0.782721	0.553487	0.782753	0.89245	0.350068	1.12061	1.10687	1.0501	1.0205	0.70011	0.89245	0.89245	0.875113	0.721646	0.782721	0.721663	1.33282	1.33282	0.990082	1.10691	0.875113	0.553487	1.0205	0.525094	0.89245	0.990082	1.17404	1.17404	0.631092
0.247505	0.175019	0.525044	0.495035	0.721598	0.721598	0.247522	0.553432	0.892344	0.247522	0.247505	0.175019	0.553432	0.247505	0.247522	0.175019	0.247505	0.247505	0.247505	0.495001	0	0.175019	0.247522	0.247505	0.39136	0.39136	0.175019	0.630996	0.350035	0.247522	0.495001	0.553455	0.39136	0.247505	0.391339	0	0.175019	0.391339	0.175019	0.175019	0.175019	0.175019	0.39136	0.892344	0.525044	0.175019	0.39136	0.495035	0.495001	0.175019	0.391339	0.350035	0	0.39136	0.39136	0.391339	0.247505	0.391339	0.391339	0.350035	0.525044	0.247505	0.630996	0.247522	0.39136	0.247505	0.175019	0.175019	0.39136	0.631037	0.495035	0.391339	0.495001	0.495001	0.247505	0	0.175019	0.247522	0.175019	0.175019	0.525044	0.553455	0.495035	0.525044	0.175019	0.391339	0.247522	0.391339	0.175019	0.350035	0.247505	0.175019	0.525044	1.39988	1.41081	1.49506	0.875059	0.350035	0.391339	0	0.39136	0.391339	0.39136	0.525044	0.175019	0.175019	0.630996	0.247505	0.875001	0.175019	0.630996	0.175019	0.495001	0.742478	0.495001	0.391339	0.525044	0.39136	0.553432	0.175019	0.350035	0.631037	0.553455	0.39136	0.721574	0.175019	0.553432	0.175019	0.247505	0.525044	0.39136	0.391339	0.175019	0.175019	0.391339	0.247522	0.553432	0.247505	0.39136	0.247522	0.350035	0.39136	0.742478	0.553455	1.23737	1.12049	0.553455	0.175019	0.175019	0.247505	0.391339	0.391339	0.247522	0.553455	0.39136	0.175019	0.495001	0.175019	0.525044	0.350035	0.175019	0.247505	0.553432	0.391339	0.391339	0.525044	0.875001	0.782641	0.175019	0.350035	0.350035	0.553432	1.26184	0.495035	0.721574	0.39136	0.875059	1.3327	0.700044	0.700044	0.942402	1.65062	1.02045	2.11376	0.495001	0.391339	1.23734	0.495001	0.391339	0.87503	1.26192	1.44297	1.33264	0.630996	0.875001	0.630996	0.553432	0.175019	0.175019	0.39136	0.39136	0.175019	0	0	0	0.175019	0.942402	0.700044	1.49499	0.721598	0.630996	0.175019	0.247522	0.350035	0.247505	0.391339	0.175019	0	0.175019	0.39136	0.721598	0.742529	0.721598	0.700044	0.175019	1.23739	2.50437	2.98809	2.30081	1.12057	1.23739	1.10681	0.892344	0.892344	1.23739	1.61315	0.782684	0.942447	0.782684	0.175019	0.631037	1.06449	0.525044	0.742478	0.630996	0.39136	0.175019	0.495035	0.87503	0.782641	0.175019	0.495001	0.39136	0.553455	0.175019	0.495035
0.175002	0.247496	0.175002	0	0.175002	0.553382	0.391304	0.874925	0.942318	0.524994	0.391304	0.391304	0.553382	0.247484	0.247496	0.247496	0.175002	0.175002	0.175002	0.494958	0	0.391304	0.247496	0.247484	0.175002	0	0.350002	0.721509	0.175002	0	0.874925	0.553382	0.553382	0.524994	0.350002	0.721509	0.721526	0.782572	0.391304	0.247496	0.391304	0.391304	0.524994	0.942318	0.553382	0.247496	0.742414	0.391304	0.874925	0.391304	0.494958	0.391304	0.175002	0	0.175002	0.553382	0.524994	0.175002	0.524994	0.350002	0.494958	0	0.874925	0.524994	0.524994	0.742414	0.391304	0.391304	0.247496	0.247496	0.391304	0.494958	0.494958	0.494958	0.391304	0.247496	0.247484	0.247496	0.391304	0.391304	0.553382	0.175002	0	0.494958	0.175002	0.175002	0	0.175002	0.175002	0.391304	0.553382	0.175002	0.874925	1.4106	0.699977	0.942318	0.742414	0.553382	0.391321	0.524994	0.391304	0.350002	0.391321	0.742414	0.175002	0.721509	0.553399	0.175002	0.630942	0.391304	0.494958	0.350002	0.699977	0.721509	0.247484	0.175002	1.10666	0.942352	0.892262	0.391304	0.494958	0	0.494958	0.391304	0.553382	0.391304	0.175002	0.247496	0.742414	0.553382	0.247496	0.553382	0.391304	0	0.175002	0.553399	0.89228	0.553399	0.391304	0.391304	0.553382	0.247484	1.0203	0.553382	0.892262	1.95579	0.524994	0.175002	0.391304	0.391304	0.175002	0.553382	0.391304	0.175002	0.391304	0.391304	0.247484	0.524994	0.699977	0.350002	0.391304	0.247484	0.553382	0.175002	0.175002	0.391321	0.350002	0.630942	0.391304	0.494958	0.494958	0.874925	1.50505	0.247496	0.874925	0	0.782572	0.699977	1.4106	0.874925	1.65048	0.942318	1.10666	1.10666	0.175002	0.742414	1.12039	0.494958	0.350002	1.26173	0.782572	1.10666	1.89221	0.874925	0.989842	0.874925	0.553382	0.247484	0.391304	0.350002	0.524994	0.391304	0	0	0	0.391304	0.721526	1.1067	1.10666	0.175002	1.0203	0.247496	0.391304	0.494958	0.175002	0.553382	0.247496	0.247496	0.391304	0.391304	0.391321	0.494984	0.699977	0.782572	0.391304	0.247496	0.630972	1.78409	2.34655	0.524994	0.391304	0.782605	1.12045	1.36659	1.49491	1.22483	0.524994	0.391321	0.350002	0.721509	1.27385	1.26179	1.27381	0.721509	0.699977	0.524994	0.524994	0.721526	1.06437	0.350002	0	0.391321	0.942352	1.17382	1.06439	0.874925
0	0.174984	0.247471	0.174984	0	0.630876	0.721434	0.782491	0.782491	0.174984	0.630906	0.942254	0.39128	0.494907	0.174984	0.174984	0.174984	0.247471	0.247471	0.52494	0.39128	0.553325	0.247471	0.391264	0	0.174984	0.391264	0.391264	0.174984	0	0.874834	0.630876	0.349965	0.52494	0.174984	0.874834	0.553325	0.742337	0.553325	0.247471	0.553325	0.553325	0.52494	0.782491	0.349965	0.494932	1.06426	0.892188	0.89217	0.553325	0.52494	0.349965	0.174984	0.247471	0.247471	0.391264	0.494907	0.391264	0.553325	0.391264	0.391264	0.247471	0.874834	0.391264	0.553325	0.742337	0.391264	0.494907	0.174984	0.174984	0.494907	0.494907	0.391264	0.553325	0.553325	0.174984	0.630876	0.174984	0.494907	0.494907	0.494907	0.174984	0.39128	0.174984	0.247471	0.247458	0.174984	0.174984	0.247471	0.247458	0.391264	0.349965	0.94222	1.23711	0.553342	1.06426	0.782491	0.349965	0.494932	0.349965	0.494907	0.494907	0.174984	0.89217	0.630906	0.630876	0.39128	0.494932	0.349965	0.391264	0.391264	0.494907	0.391264	0.391264	0	0	1.10655	0.942254	0.721434	0.494907	0.494907	0.174984	0.553325	0.247458	0.553342	0.721452	0.349965	0	0.874834	0.553325	0.174984	0.494907	0.494907	0	0	0.494907	0.391264	0.553325	0.391264	0.630876	0.553325	0.553325	1.0202	0.553325	0.553325	1.85941	0.782491	0.39128	0.247458	0.391264	0.174984	0.553325	0.391264	0	0.391264	0.52494	0.494932	0.52494	0.247458	0.391264	0.349965	0.52494	0.391264	0.174984	0.247471	0.174984	0	0.349965	0.721452	0.553342	0.391264	0.874834	1.33238	0.630906	0.782491	0.349965	1.06426	0.874856	1.41046	1.0202	2.10609	0.782491	1.74926	0.782491	0.942254	1.58416	0.892188	0.391264	0	1.36638	0.94222	1.10655	1.61281	0.89217	0.89217	0.874834	0.391264	0.52494	0.52494	0.391264	0.494907	0.391264	0.39128	0.39128	0.174984	0.391264	0.247471	0.391264	0.349965	0.39128	0.630876	0.39128	0.247458	0.391264	0	0.349965	0.494932	0.39128	0.391264	0.494907	0.174984	0.39128	0.699904	1.17365	0.630876	0.174984	0.630906	1.44264	2.10609	0.630876	0.174984	0.39128	0.39128	0.174984	0.391264	0.52494	0.699904	0.782523	0.782523	0.391264	1.27372	1.17369	1.0202	0.630876	0.494907	0.630876	0.52494	0.782491	0.874834	0.174984	0.349965	0.721452	0.89217	0.742337	0.89217	1.65956
0	0.391224	0.247449	0.391224	0.174968	0.782411	0.782411	0.174968	0.874802	1.10648	0.721386	0.630851	0.94217	0.94217	0.874802	1.02015	0.742311	0.349932	0.349932	0.247449	0.174968	0.553269	0.247449	0	0.247449	0.391224	0.247432	0.247432	0.247432	0.174968	0.630811	0.630811	0.247432	0.174968	0.247432	0.52489	0.553292	0.247432	0.247432	0.174968	0.391224	0.52489	0.630851	0.391245	0.349932	0.630851	1.10648	1.02015	0.247449	0.391224	0.247449	0.391245	0.391224	0.174968	0.247432	0.630851	0.782455	0.52489	0.553269	0.174968	0.174968	0.247449	0.630811	0.174968	0.553269	0.247432	0.349932	0.391224	0.247432	0.247432	0.391224	0.630851	1.12024	1.02015	0.553292	0.391224	0.630811	0.174968	0.391224	0.247432	0.52489	0.553292	0.721386	0.721386	0.349932	0.349932	0.721386	0.782455	0.742311	0.742311	1.12024	1.56462	1.02015	0.494855	0.630851	0.874773	0.874773	0.553292	0.391224	0.391245	0.247432	0.391224	0.174968	0.247432	0.349932	0	0.349932	0.247449	0.174968	0.247432	0.247432	0.391224	0.174968	0.247432	0	0.174968	0.174968	0.391245	0.174968	0.494855	0.494855	0.174968	0.391224	0	0.349932	0.391245	0.553269	0.247449	0.391224	0.782455	0.94217	0.553292	0.247432	0.174968	0.349932	0.699838	0.553292	0.52489	0.174968	0.630811	0.52489	0.349932	0.721386	1.4104	1.12024	1.26147	0.942125	0.391245	0.391245	0.553292	0.553292	0.52489	0.174968	0	0.174968	0.391245	0.49489	0.391245	0.174968	0.174968	0.391245	0.391245	0.174968	0.247432	0	0.247432	0.174968	0.174968	0.174968	0.174968	0.247432	0.630811	0.892082	0.782455	0.391245	0.494855	0.630811	0.782411	1.12016	0.989637	2.22578	0.989637	2.23947	1.10644	1.06416	0.892082	0.247432	0.391224	0	0.942125	1.17359	1.44254	0.892082	0.391245	0.721386	0.391224	0.174968	0.247449	0.391245	0.174968	0.494855	0.247432	0.247432	0.174968	0.391245	0.630851	0.630851	0.247449	0.174968	0.349932	0.174968	0.391224	0.553292	0.782455	0.742311	0.742311	0.630851	0.553292	0.391245	0.553269	0.349932	0.174968	0.391224	1.17353	0.892082	0.247432	0.553292	1.61265	1.72267	0.553269	0.247432	0.553269	0.553292	0.553269	0.174968	0.349932	0.721362	1.39947	1.26155	1.02009	0.874802	1.39947	0.247449	0.874744	0.391245	0.349932	0.699838	0.391224	0.892082	0.174968	0.553269	0.174968	0.782411	1.06418	0.874802	0.782411
0	0.494813	0	0.494813	0.391189	0.630756	0.630756	0.52484	0.721314	1.06408	1.26142	1.48422	1.26142	0.874712	1.02005	1.12012	0.87469	0.742196	0.892	0.721314	0.349899	0.494813	0	0.391189	0.247424	0.55322	0.391189	0.391189	0.174951	0.391189	0.55322	0.247411	0.55322	0.247424	0.174951	0.349899	0.349899	0	0.349899	0.52484	0.174951	0.174951	0.247424	0.391189	0.494813	0.391189	0.391206	0.349899	0.782342	0.391206	0.391189	0.174951	0.55322	0.391189	0.782342	1.04959	0.782375	0.782342	0.494813	0	0	0	0.494813	0	0.494813	0	0.391189	0.174951	0.174951	0.174951	0.174951	0.87469	0.989603	0.782375	0.349899	0.494813	0.349899	0.349899	0.174951	0.247411	0.391206	0.391206	0.55322	0.553237	0.892	0.55322	0.892018	0.630786	0.494838	0.782375	1.4424	1.26142	0.87469	0.247411	0.174951	0.494813	1.17342	0.892018	1.17342	0.174951	0.247411	0.174951	0.349899	0.494838	0.391206	0.174951	0.174951	0.247424	0.174951	0.391189	0.391189	0.174951	0.247424	0.391189	0	0.391189	0.391206	0.494838	0.349899	0.494813	0.494813	0.349899	0.391206	0.247411	0.55322	0.247424	0.247411	0.247424	0.247411	0.553237	0.892018	0.553237	0.247411	0.391189	0.782342	0.699771	0.52484	0.174951	0	0.349899	0.630786	0.553237	0.942041	1.12012	1.06408	0.391189	0.721314	0.782375	0.391206	0.52484	0.391206	0.174951	0	0	0	0	0	0	0.174951	0.247424	0.174951	0	0	0.174951	0.247424	0.174951	0.391189	0.391206	0.494838	0.391206	0.391189	0.494813	0.494813	0.174951	0.391189	0.349899	0.699771	0.721297	1.02	1.02	2.10569	0.782342	2.5215	0.782342	0.782342	0.782375	0.782375	0.782342	0	0.349899	0.782375	0.782375	0.391206	0.391189	0.391189	0.247411	0.247424	0.391189	0	0	0.494813	0.391189	0.391206	0.349899	0.349899	0.494838	0.52484	0.391189	0.174951	0.174951	0.349899	0.699771	0.699771	0.721314	0.742234	0.553237	0.391189	0.174951	0.247424	0.55322	0.174951	0.349899	0.391206	0.742196	0.721297	1.36612	1.12012	3.15073	1.8006	0.391206	0.174951	0.874668	0.174951	0.874668	0	0.391189	0.874668	1.74893	0.699771	1.89166	0.55322	1.12007	0.494813	0.989551	0.721297	0.874668	1.41021	1.17342	1.06406	1.02	0.553237	0.742234	0.247424	0.942075	1.41025	0.892
0.247402	0.247385	0.247402	0.39115	0.39115	0.52479	0.699705	0.349866	0.349866	0.52479	0.247402	0.247402	0.174934	0	0.39115	0.391171	1.10623	0.941946	0.742119	0.39115	0.39115	0.39115	0.174934	0.52479	0.391171	0.39115	0.494761	0.630691	0.174934	0.630691	0.39115	0	0.39115	0.174934	0	0.349866	0.349866	0.174934	0.39115	0.39115	0.247402	0.247402	0.247402	0.39115	0.39115	0.553164	0.391171	0.699705	0.630691	0.247402	0.247385	0.247402	0.39115	0.494761	0.874578	0.891913	0.891937	0.891913	0.39115	0	0.174934	0.247402	0.39115	0.174934	0.52479	0.391171	0.247385	0.247402	0.247402	0.247402	0.174934	0.874578	0.247402	0.553164	0.553164	0.247385	0.247402	0.630691	0	0.494761	0	0.174934	0.553164	0.247385	0.874578	0.721225	0.891937	0.553187	0.39115	0.349866	0.699705	0.874636	1.23677	0.721249	0.391171	0.39115	1.1733	0.553187	1.23674	0.174934	0.39115	0.247402	0.553164	0.247402	0.247385	0.247402	0.174934	0	0.174934	0.52479	0.174934	0.174934	0.349866	0.174934	0.391171	0.699705	0.391171	0.247402	0.39115	0.349866	0.349866	0.39115	0.247402	0.247385	0.247385	0.391171	0.391171	0.174934	0.494761	0.39115	0.553164	0.247385	0.553187	0.721249	0.782263	0.39115	0.553164	0.247385	0.721249	0.989517	0.874636	1.06398	1.10623	0.349866	0.782263	0	0	0.494761	0	0.494761	0	0	0	0	0	0.174934	0.391171	0.391171	0.174934	0	0.174934	0.391171	0.391171	0.247402	0.247402	0.174934	0.39115	0.247402	0.174934	0	0.494761	0.349866	0.782306	0.782306	0.721225	0.247402	0.630691	0.39115	1.0199	0.630691	2.03915	0.349866	2.35211	0.553164	0.553164	0.247402	0.174934	0.874578	0.174934	0	0.349866	0.494796	0.391171	0.247385	0.553164	0.39115	0	0.39115	0.247402	0.174934	0.39115	0.52479	0.494796	0.349866	0.39115	0.174934	0.39115	0.52479	0.494796	0.391171	0.39115	0.630691	0.39115	0.349866	0.391171	0.39115	0.39115	0.247402	0.174934	0.494761	0	0.494761	0	0.494761	0.630691	1.73118	0.553187	3.73833	1.99369	0.52479	0.391171	1.11995	0	0.989449	0	0.349866	1.10623	1.74875	0.494761	1.97831	0.494761	0.782263	0.721249	1.06395	0.941946	1.61234	1.36598	1.85887	1.11995	1.23677	0.891937	0.721225	1.10627	1.44222	0.174934	1.41004
0.174918	0.174918	0.247377	0.349832	0.174918	0.174918	0.52474	0.391131	0.247364	0.174918	0	0	0.391115	0.247377	0.174918	0.721177	0.891831	0.494719	0.553132	0.494744	0	0.174918	0.247364	0.174918	0.349832	0	0.52474	1.01981	0.174918	0.782194	0.391115	0.349832	0.247377	0.247364	0	0.174918	0.247364	0.174918	0.174918	0.174918	0	0.174918	0.247377	0.174918	0.247364	0.349832	0.721177	0.391131	0.247377	0.391131	0.174918	0	0.247364	0.391115	0.630636	0.349832	0.52474	0.391115	0.247364	0	0.247364	0	0.174918	0.391115	0.247377	0.52474	0.247364	0.247377	0.247377	0.247377	0.391115	0.630636	0.247377	0.553115	0.553115	0.247364	0.174918	0.874502	0.174918	0.494719	0	0.247364	0.494719	0.630636	0.630636	1.06387	1.99362	1.95491	1.33187	0.174918	0.891849	1.48394	2.16262	1.61228	1.06387	0.391131	0.391115	0.391131	0.630636	0.52474	0	0.247377	0.247364	0.391131	0.52474	0.247377	0.349832	0.391131	0.891849	1.01986	0.941896	0.630667	0.52474	0.391115	0.391115	0.553115	0.349832	0.391131	0.391131	0.247364	0.174918	0.247364	0.174918	0.174918	0.174918	0.52474	0.52474	0.349832	0.553115	0	0.391115	0.174918	0.247377	0.174918	0.349832	0.247377	0.391115	0.630636	1.01981	0.494744	0.52474	0.941862	0.174918	0.891831	0.553132	0.174918	0.174918	0.391115	0.174918	0.391115	0	0	0	0	0	0.391115	0.52474	0.553132	0.52474	0.247377	0.349832	0.174918	0.174918	0.391131	0.391131	0.391115	0.174918	0.247377	0.349832	0.247377	0.391115	0.174918	0.391131	0.72116	0.72116	0.494744	0.941862	0.391131	0.494719	1.33192	1.74864	0.391115	1.7486	0.874524	0.699639	0.494744	0.52474	0.782194	0.349832	0.247377	0.391131	0.391131	0.494719	0.247377	0.630636	0.174918	0.247377	0	0.174918	0.391115	0.391131	0.630667	0.630667	0.494744	0.391131	0.349832	0.494744	0.782226	0.630667	0.553132	0.391131	0.630636	0.174918	0.391131	0.52474	0.174918	0.630667	0.630667	0.553132	0.52474	0.174918	0.630636	0.247377	0.553115	0.941862	0.782226	2.97101	3.32432	1.49414	0.247377	0.553132	1.23666	0.874545	0.891831	0.174918	0.874524	1.23668	0.553115	1.33192	1.1732	0.721177	0.247377	0.391115	0.742055	0.742055	1.99352	0.874502	1.6122	1.11985	0.391131	1.39907	1.80026	0.391131	1.72219	0.553115	1.23664
0.52469	0.553082	0.494702	0.391097	0.247355	0.391097	0.391097	0	0.553082	0.742029	0.630612	0.391097	0.553059	0.247355	0.630572	0.494667	0.494667	0.174901	0.391097	0.52469	0.391075	0.174901	0.174901	0.174901	0.349799	0.349799	0.349799	1.17308	0.349799	0.630572	0.630572	0.494667	0.247338	0.174901	0.174901	0.174901	0.391075	0.174901	0.247355	0.247338	0.174901	0.553059	0.349799	0.174901	0.391075	0.174901	0.391075	0.553059	0.391097	0.494702	1.26107	1.40986	0.874441	0.349799	0.247338	0.174901	0.247355	0.52469	0.391075	0	0.174901	0.174901	0.174901	0.391075	0.174901	0.553059	0.247338	0.391097	0.391097	0.174901	0.391075	0.553059	0.174901	0.391075	0.553059	0.391075	0.247338	0.782114	0.721112	0.721112	0.391097	0	0.52469	0.721088	0.174901	2.04626	1.11981	2.27917	1.61203	0.52469	0.941767	0.52469	1.17308	0.553059	1.0197	0.174901	0	0.247338	0.174901	0.553059	0.349799	0.247355	0.247355	0.349799	0.174901	0.391097	0.349799	0.630612	0.391075	0.349799	0.247338	0.247355	0.174901	0.494667	0.494667	0.494667	0.174901	0	0.247355	0.174901	0.391097	0.174901	0.391075	0.349799	0.174901	0.391075	0.553059	0.174901	0.494667	0.174901	0.391097	0.391097	0.174901	0.174901	0.391097	0.553082	0.391097	0.782114	0.874412	0.782157	0.941812	1.22413	0.742029	0.782114	0.174901	0.52469	0.391097	0	0.174901	0.174901	0.174901	0	0.174901	0.247355	0.247355	0.553059	0.630572	0.174901	0.553059	0.174901	0.174901	0.391097	0.391097	0.349799	0.349799	0.553059	0.391097	0.391097	0.174901	0	0.247338	0.247355	0.742029	0.721112	0.174901	0.349799	1.26099	0.782157	0.87447	0.941767	0.349799	0.247338	1.23654	1.33174	0.494667	0	0.494667	0.741978	0.174901	0.247355	0.174901	0.391075	0.630572	0.349799	0.721088	0.553082	0.87447	0.941812	0.630612	0.52469	0.247355	0.247355	0.349799	0.247355	0.391097	0.553082	0.553082	0.553082	0.553082	0.630612	0.630612	0.174901	0.247355	0.174901	0.391075	0.630572	0.174901	0.349799	0.391097	0.391097	0.349799	0.782114	0.174901	0.494667	0.989261	1.72202	2.99109	2.03889	0.87447	0.174901	0.174901	0.721112	1.01977	0.630612	0.782114	1.78306	0.553059	2.27925	2.48435	1.49406	0.247338	0.699572	0.699572	0.874441	1.06378	1.80008	0.494702	1.61207	0.891743	0.630572	0.721088	2.27247	0.891767	1.64951	0.391075	1.17308
0.55301	0.524641	0.49465	0.349766	0	0.391041	0.24733	0.391041	0.349766	0.49465	0.524641	0.391041	0.494625	0	0.630517	0.55301	0.741914	0.24733	0.391041	0.494625	0.494625	0.391041	0.24733	0.391041	0.391041	0.174885	0.391041	0.741914	0.55301	0.55301	0.630517	0.349766	0.391057	0.24733	0.391041	0	0.174885	0.630517	0.49465	0.782045	0.391041	0.941684	0.782045	0.391041	0.55301	0.174885	0.174885	0.630517	0	0.721023	1.57357	1.57357	1.33162	0.391041	0.349766	0.524641	0.391041	0.494625	0.494625	0	0	0.391041	0.524641	0.391057	0.247317	0.55301	0.247317	0.524641	0.524641	0.391041	0.174885	0.55301	0.391041	0.174885	0.55301	0.174885	0.174885	0.553027	0.891679	0.630547	0.524641	0.391041	0.174885	0.55301	0.630517	2.13371	0.630517	2.9081	1.33162	0.741914	0.630517	0.349766	1.04919	0.782078	0.782045	0.391041	0.24733	0.391041	0	0.494625	0.174885	0.24733	0.247317	0.391057	0.699506	0.524641	1.11964	0.349766	0.699506	0.874379	0.741952	0.553027	0.247317	0.741914	0.55301	0.55301	0.24733	0.630517	0.49465	0.630517	0.24733	0.247317	0.55301	0.391041	0	0.174885	0.55301	0.24733	0.55301	0.247317	0.24733	0.24733	0.391057	0.524641	0.391041	0.174885	0.24733	0.941684	0.349766	0.782045	0.391057	0.721023	0.524641	0.247317	0.524641	0.699506	0.349766	0.391041	0.247317	0.24733	0.391041	0	0.391041	0.24733	0.24733	0.55301	0.874336	0	0.494625	0.391041	0.24733	0.174885	0.174885	0.391057	0.391057	0.55301	0.524641	0.524641	0.24733	0.24733	0.391041	0.391041	0.524641	0.349766	0.391041	0.741914	1.79992	1.23644	1.06365	0.782078	1.10595	0.874336	1.06365	2.10489	0.55301	0.24733	0.55301	0.630517	0	0	0	0.494625	0.349766	0.699506	0.349766	0.782045	0.721041	0.891679	0.553027	0.174885	0	0	0.174885	0.247317	0.391041	0.391041	0.174885	0.174885	0.391057	0.49465	0.524641	0.391041	0	0	0.174885	0.721023	0.524641	0.174885	0	0	0.174885	0.721023	0.524641	0.55301	1.01962	1.85835	3.006	0.494625	0.699506	0.349766	0	0	0.174885	0.391041	1.64937	1.72187	2.23843	2.98568	1.26094	1.78289	1.27296	0.247317	0.247317	0.247317	0.553027	0.630517	1.04919	1.40968	0.891679	0.553027	0.391041	1.97776	0.630517	1.50404	0.247317	0.741914
0.630452	0.391001	0.247308	0.247291	0.174868	0.349733	0.494608	0.524591	0.391001	0	0.391001	0.524591	0.174868	0.391023	0.524591	0.552954	0.874246	0.174868	0.524591	0.524591	0.247291	0.391001	0.174868	0.391001	0.391001	0.247308	0.552954	0.720952	0.524591	0.630452	0.494573	0.174868	0.247308	0.174868	0.391001	0.247308	0.174868	0.874246	0.247308	0.741837	0.391001	0.781966	0.781966	0.391001	0.552954	0.247308	0.174868	0.494573	0	0.874246	1.50388	1.23627	1.50388	0.552954	0.552954	0.247291	0.552954	0.247291	0.552954	0.174868	0.174868	0.552954	0.247291	0.247308	0.391001	0.494573	0.391001	0.552954	0.247291	0.552954	0.247308	0.391001	0.349733	0.494608	0.524591	0.174868	0.174868	0.247308	0.391001	0.174868	0.720952	0.699439	0.630492	0.891598	1.23633	2.29883	2.34486	2.37706	0.630452	0.781966	0.630452	0.247308	0.247291	0.247308	0.552954	0.247291	0.247308	0.552954	0.174868	0.630452	0.247308	0.174868	0.391001	0.174868	0.391001	0.391001	1.26075	0.524591	0.741837	0.391023	0.494608	0.349733	0.391001	0.741837	0.552954	0.391001	0.174868	0.741837	0.391023	0.630452	0.391023	0.524591	0.391001	0.391001	0.174868	0.174868	0.552977	0.630492	0.524591	0.391001	0	0	0	0.494573	0.781966	0.630492	0.552977	0.741837	0.247308	0.741837	0.391023	0.524591	0.391001	0.174868	0.391001	0.349733	0.524591	0.552954	0.524591	0.391023	0.391001	0	0.391001	0.247308	0.174868	0.391001	0.941589	0.494608	0.699439	0.524591	0.174868	0	0	0	0	0.391001	0.524591	0.524591	0.247308	0.174868	0.391023	0.891598	0.720975	0.699439	0.720975	1.06355	1.89075	0.741837	1.50388	0.630452	1.10581	1.11952	1.17286	2.23819	0.494573	0	0.391001	0.552954	0.174868	0.174868	0.247308	0.630452	0.174868	0.552954	0.174868	0.781966	0.720952	0.247291	0.552954	0.174868	0	0	0	0.349733	0.349733	0.391001	0.247308	0.391023	0.349733	0	0.630452	0.391001	0	0	0	0.494573	0.494573	0	0	0	0.174868	0.552954	0.552954	0.391001	0.781966	0.874246	2.71261	2.12641	1.56373	1.40959	0.891598	0.174868	0.174868	0.391001	1.56364	1.74814	2.50208	2.37703	1.10585	1.78272	1.61176	0.552977	0.391001	0.630492	0.741888	0.552977	0.524591	1.44172	1.49377	0.941633	0.174868	1.79974	0.891574	1.23627	0.174868	0.720975
0.781897	0.390983	0.494556	0.390983	0.349699	0.390983	0.494556	0.390983	0	0.390983	0.390983	0	0.494531	0.874192	0.874213	0.720904	0.720886	0.349699	0.390983	0.390983	0.174851	0.174851	0.349699	0.349699	0.174851	0.174851	0.390967	0.741773	0.24727	0.87417	0.390967	0.174851	0.174851	0.174851	0.174851	0	0.24727	0.524541	0.630427	0.174851	0.349699	0.390967	0.349699	0.552922	0.349699	0.174851	0.390983	0.349699	0.174851	0.699373	1.57327	1.10574	1.11943	0.552905	0.524541	0.349699	0.390967	0.24727	0.552905	0.390967	0.390967	0.390967	0.349699	0.494556	0.247283	0.349699	0.390983	0.24727	0.174851	0.349699	0.630427	0.630427	0.390967	0.247283	0	0.349699	0.349699	0.247283	0.174851	0.720886	1.39854	0.874213	0.390983	0.720886	0.781929	1.27275	1.01947	0.781897	0.630427	0.781929	0.552905	0.174851	0.174851	0.174851	0.524541	0.494556	0.390983	0.552905	0.390967	0.741773	0	1.06345	1.2607	1.04899	0.494556	0.630427	0.494531	0.552922	0.174851	0.524541	0.390983	0.24727	0.390983	0.174851	0.552922	0.630427	0.552922	0.174851	0.524541	0.247283	0.24727	0.24727	0.24727	0.174851	0.349699	0.349699	0.552922	0.781929	0.390967	0.741812	0.781929	0.349699	0.349699	0.720886	1.23617	0.524541	0.720886	0.174851	0.494556	0	0.720904	0.390983	0.174851	0.390967	0.174851	0.390983	0.390983	0.720886	0.741812	0.89151	0.247283	0	0.174851	0.247283	0.349699	0.174851	0.552905	0.494556	0.524541	0.174851	0.24727	0.174851	0.247283	0.174851	0	0.174851	0.390983	0.552922	0.494556	0.741773	1.23621	1.2607	0.630427	0.552922	0.989039	0.781929	1.74793	0.390967	1.61159	0	0.630397	1.01947	1.7567	1.6583	0.24727	0.390983	0.552922	0.699373	0.552922	0.552922	0.390983	0.781897	0.349699	0.390967	0.24727	0.494531	1.01942	0.494556	0.781897	0.24727	0.174851	0.247283	0.390983	0.941538	1.23623	1.11948	0.781929	0.552905	0.494531	0.174851	0.781897	0.174851	0	0	0	0.390967	0.552905	0.174851	0	0	0.24727	0.494531	0.630397	0.524541	1.89067	2.23811	1.39854	1.11943	1.39854	1.64913	1.93056	0.720886	0.390967	0.349699	0.524541	1.44158	0.891492	1.58296	1.74802	1.22378	0.988988	0.390967	0.87417	0.174851	0.349699	0.874192	1.10574	1.33142	1.40943	1.22378	0.699373	1.11943	1.10571	0.630397	0.390967	0.390967
0.720815	0.247261	0.247261	0.174835	0.247244	0.247244	0	0	0.390927	0.524491	0.494514	0.552872	0.720815	1.01932	0.247261	0.524491	0.699306	0.390948	0.247261	0.174835	0.174835	0.390948	0.552872	0.552872	0.390948	0.390927	0.174835	0.720815	0.552849	0.988885	0.390927	0.247244	0.349666	0.174835	0	0.174835	0.349666	0.174835	0.174835	0.349666	0.390927	0.247244	0.174835	0.349666	0.247244	0.349666	0.247244	0.247261	0.349666	0.174835	0.524491	0.630372	0.552849	0.49448	0.174835	0.524491	0.552872	0.349666	0.49448	0.390927	0.247244	0.349666	0.390927	0.174835	0.390927	0.174835	0.390948	0.494514	0.174835	0.247261	0.49448	0.552872	1.04889	0.630372	0.552872	0.390948	0.174835	0	0.174835	1.3652	1.17263	1.4414	1.73031	1.75653	0.874138	0.720838	0.390948	0.349666	0.720815	0.494514	0.174835	0.524491	0.552872	0.552872	0.174835	0.247261	0.390927	0.349666	0.699306	0.390927	0.247261	1.7994	0.874138	1.65814	0.390948	0.247261	0.174835	0.247244	0.390927	0.390927	0.390927	0.552849	0.174835	0.390927	0.247261	0.174835	0.247244	0.247244	0.49448	0.174835	0.349666	0.349666	0.349666	0.174835	0.174835	0.174835	0.390927	0.174835	1.11931	0.524491	0.699306	0.781817	0.781817	0.94141	1.5036	0.630332	0.552849	0.552849	0.349666	1.22366	0.741748	0.87408	0.349666	0.630332	0.174835	0.390927	0.390948	0.552849	0.174835	0.781817	0.349666	0.247244	0.247261	0.174835	0.174835	0.247261	0	0.247261	0	0.390948	0.390948	0.174835	0	0.247244	0	0	0	0.247244	0.174835	1.40924	1.01932	0.349666	0.699306	0.390927	0.874109	0.941455	1.40924	0.552849	1.72137	0.349666	0.630372	1.1727	1.06337	0.94141	0.390948	0.552872	0.552872	0.349666	0.247261	0.552872	0.552872	0.874109	0.78186	0.630372	0.552872	0.874109	1.1056	0.247244	0.87408	0.247261	0.552872	0.349666	0.174835	0.781817	0.390927	0.78186	1.1727	1.49349	1.11939	0.78186	1.10564	1.01938	0.630372	0.78186	0.988954	0.630372	0.247244	0.390948	0.390948	0.174835	0.174835	0.552849	1.11931	1.26051	2.27161	2.35093	2.97476	1.72145	2.42736	1.40932	2.43365	1.40924	0.390927	0.390927	0.247244	0.349666	0.552849	0.247261	0.390948	0.349666	1.06337	0.552872	0.720815	0.741748	0.891429	0.699306	0.390948	1.27263	1.06337	0.630332	0.874138	1.99266	1.72145	1.26059	1.50369	1.7995
0.494437	0	0	0	0.247223	0.174818	0.247236	0.174818	0.494437	0.390892	0.247236	0	0.390892	0.781748	0.494462	0.69924	0.781748	0.349633	0.390909	0.349633	0.247236	0.174818	0.247223	0.247223	0.247223	0.494437	0	0.349633	0.891323	0.494437	0.69924	0.524441	0.390909	0.552817	0.390892	0.349633	0.174818	0.174818	0.247236	0.349633	0.247223	0.494462	0.781781	0.494462	0.390892	0.174818	0.630277	0.174818	0.390892	0	0.174818	0.349633	0.390892	0.494437	0	0.174818	0.349633	0.174818	0.390892	0.390909	0.390909	0.349633	0.349633	0.390892	0.494437	0.247223	0.390892	0.390909	0.720749	0.174818	0.874004	0.720749	0.891323	0.552817	0.552817	0.349633	0.524441	0.741671	0.781748	1.56321	1.22354	2.9279	1.50354	2.0453	0.552817	0.552817	0.552817	0.524441	0.494437	0.247236	0.390892	0.494437	0.174818	0.390909	0.69924	0.349633	0.494437	0.174818	0.524441	0.390909	0.247236	1.40912	0.874047	1.2604	0.247223	0.247236	0.349633	0.174818	0.781748	0.247236	0.390892	0.630307	0.874047	0.247236	0.552817	0.494462	0.349633	0.174818	0.349633	0.494462	0.552817	0.247236	0.174818	0.390892	0	0.174818	0.174818	0.174818	0.781748	1.01928	1.01928	0.390892	1.17258	1.99246	1.93021	1.27251	1.11927	1.49334	1.40918	1.0488	0.741632	1.11922	0.494437	0.630277	0.524441	0.69924	0.552817	0.174818	0.552817	0.69924	0.174818	0.630277	0.247236	0.349633	0.247236	0.174818	0.390892	0.247236	0.494437	0.349633	0.174818	0.174818	0.247236	0.174818	0.174818	0.247236	0.247223	0.494462	0.781781	1.17253	0.630277	0.247223	0.524441	0.891323	1.27247	0.94136	0.349633	0.891323	0.9888	1.01923	0.494437	0.390892	0.494462	1.0488	0.720749	0.247236	0.390909	0.174818	0.390892	0.349633	0.349633	0.524441	0.524441	0.247236	0.524441	0.5528	0.524441	0.720767	0.247223	0.891341	0.874047	0.874026	0.390909	0.349633	1.10553	1.22354	0.247223	0.781781	1.01928	0.94136	0.720767	0.720767	0.720767	0.524441	0.891341	1.61137	1.85774	1.50354	0.781781	0.174818	0.494462	0.524441	1.23593	1.23593	2.86478	0.874004	0.524441	2.1329	3.33605	0.5528	2.16134	2.45221	1.40918	0.247236	0.349633	0.174818	0.874004	0.349633	0.494437	0.781748	0.630277	1.01923	0.741671	0.781781	0.174818	0.390909	0.874026	1.0488	0.630307	0.247236	1.27247	2.09689	1.36515	0.891341	0.494462	0.349633
0.699174	0.49442	0.49442	0.49442	0.390874	0.247197	0.247215	0.390853	0.494386	0.174802	0.247215	0.390853	0.174802	0.552744	0.247215	0.552767	1.33098	0.741556	0.390853	0.174802	0.247215	0.247197	0.390874	0.524392	0.174802	0.494386	0	0.3496	0.873943	0.552744	0.552767	0.630253	0.49442	0.524392	1.1191	0.390874	0.247197	0.247215	0.247197	0.524392	0.3496	0.390853	0.390874	0.524392	0.174802	0	0.873914	0.174802	0.781669	0.49442	0.524392	0.390853	0.494386	0.494386	0	0	0.174802	0.174802	0.174802	0.247215	0.390874	0.390874	0.390853	0.494386	0.494386	0.390853	0.552744	0.174802	0.630212	0.390874	1.10539	0.720678	0.873914	0.174802	0.524392	0.781669	1.17241	0.741607	1.64857	0.941231	1.06315	2.72834	0.494386	2.35032	0.174802	1.06315	1.36504	1.39814	0.174802	0.247215	0.174802	0.494386	0.3496	0.49442	0.3496	0.494386	0.494386	0.720678	0.873972	0.873943	0.247215	0.390853	0.630253	0.524392	0.494386	0	0.390853	0.247215	1.2358	0.390853	0.174802	0.873943	0.781712	0.988698	0.699174	0.630212	0.174802	0	0.3496	0.49442	0.390874	0.390853	0	0.494386	0	0.390853	0.247215	0.390853	0.174802	0.552767	0.741607	0.873914	1.40903	1.99228	1.65789	1.01919	0.741607	1.01919	0.873972	0.390853	0.891236	0.741556	0.247197	0.552767	0.891259	0.552767	0.174802	0.494386	0.494386	0.174802	0.247215	0.630212	0	0.174802	0.247215	0.390853	0.494386	0	0.873914	0.174802	0.390853	0.174802	0	0	0.390853	0.247215	0.741556	0.524392	0.390874	0.630212	0.781669	0.781712	0.941276	0.873943	1.17241	0.390853	0.781669	0.873943	0.552767	1.1191	0.494386	0.174802	0.524392	0.873943	1.23583	0.720701	0.49442	0.390874	0.552744	0.174802	0.390853	0.174802	0.494386	0	0.494386	0.174802	0.247215	0.174802	0.390853	0.941231	0.49442	0.873943	0.873972	0.873943	0.174802	1.40897	0.873914	0	0.174802	0.741556	0.891236	0.390874	0.494386	0.390874	1.50331	1.22343	1.61123	1.79916	1.75618	0.988698	0.49442	0.390874	0.552744	1.23583	2.37612	1.1191	0.552744	1.64857	3.43898	1.61115	0.720701	2.12561	2.09669	1.10539	0.390853	0.630212	1.44113	0.873972	1.17241	0.873914	0.873914	1.36494	0.524392	0.699174	0.524392	0.247215	0.720678	0.941231	0.247197	0.390853	1.85746	1.61112	0.781669	1.06315	0.741607	0.741607
0.524342	0.247189	0.390834	0.494369	0.494369	0.349567	0.174785	0.390818	0.494343	0.174785	0.247189	0.390818	0	0.494343	0	0	1.36483	0.941147	0.524342	0.247189	0.247189	0.390818	0	0.494343	0.174785	0.524342	0.390834	0.247176	0.390818	0.873838	0.174785	0	0	0.494343	1.26016	0.494369	0.524342	0.174785	0.494343	0.390818	0.390818	0.390818	0.390834	0.524342	0.247189	0.390834	0.7816	0.174785	0.741492	0.247189	0.247176	0.524342	0.524342	0.390818	0	0	0	0	0.174785	0.390834	0.494369	0.390834	0.552695	0.524342	0.524342	0.390818	0.494343	0.174785	0.552695	0.174785	0.873838	0.552695	0.873838	0.174785	1.06305	1.40887	1.99201	0.552712	1.99203	1.01908	0.891154	2.11094	1.33091	1.95336	0.174785	1.119	0.349567	1.26016	0.720612	0.247189	0.247176	0.390818	0.390818	0.390834	0.349567	0.390818	0.552695	0.891154	0.873882	0.699107	0	0.174785	0.247189	0.247189	0.390818	0.174785	0.247176	0.390834	0.988612	0.524342	0.247176	0.552695	1.23574	1.06305	0.349567	0.7816	0.174785	0.247189	0.552695	0.247189	0.174785	0.390818	0.247189	0.390818	0	0.390818	0.247189	0.247176	0.390834	0.524342	0.390818	1.88179	1.441	0.390818	1.11906	1.3649	1.01908	0.74153	0.891172	0.891154	0.390818	0.390818	0.174785	0.174785	0.390818	0.174785	0.390834	0.524342	0.390818	0	0	0.494343	0.174785	0.247189	0.174785	0.494343	0.390818	0.247189	0.741492	0.247189	0.390818	0	0.174785	0.390834	0.524342	0.174785	0.873838	0.524342	0.390834	0.524342	1.0486	1.10532	0.781632	0.72063	1.27227	1.40891	1.06307	0.699107	0.349567	0.72063	1.23574	0.524342	0.630158	0.552695	1.01904	0.552712	0.74153	0.74153	0.72063	0.349567	0.494343	0	0.390818	0.247189	0.390818	0.174785	0.247189	0.174785	0.494343	0.7816	0.630188	0.72063	0.494369	0.7816	0.390818	1.36483	0.988612	0.174785	0.552712	1.40887	1.22331	0.891172	0.72063	0.699107	1.88179	1.82417	0.630188	1.22331	1.99203	0.630158	1.56297	2.1038	1.99211	0.873882	1.64843	1.40885	0.390818	0.741492	2.43297	2.64313	2.34373	1.40891	1.64843	1.48273	0.349567	1.27223	0.873838	0.781632	1.10529	0.873838	0.873838	1.36483	0.552712	1.06307	1.10532	0.781632	0.174785	1.01904	0.630158	0.494343	1.56291	1.82422	2.27106	1.88185	1.26022	0.781632
0.349534	0.247168	0.174768	0	0	0.174768	0.349534	0.174768	0.494292	0.390778	0.247168	0.174768	0	0.494292	0.174768	0.3908	1.01893	0.552639	0.3908	0.247168	0.174768	0.174768	0.174768	0.494292	0.247151	0.174768	0.3908	0.349534	0.174768	0.699041	0.699041	0.174768	0	0.494292	0.78152	0.494326	0.3908	0.390778	0.390778	0.3908	0.174768	0.3908	0.3908	0.174768	0	0.390778	0.247151	0.524292	0.349534	0	0.349534	0.630133	0.494326	0.174768	0.174768	0.3908	0.494326	0.494326	0.552662	0.552662	0.494326	0.524292	0.524292	0.630133	0.494326	0.174768	0.390778	0.349534	0.390778	0.390778	0.494292	0.630133	0.89109	0.524292	1.10518	1.2721	2.23692	0.494292	1.26003	0.349534	0.390778	1.11889	0.174768	1.10518	0.3908	0.524292	0.873777	0.630093	0.720564	0.988578	1.06294	0.3908	0.247168	0.552639	0.720541	0.349534	0.247151	0.247151	0.349534	0.247151	0.174768	0.247151	0	0	0.247151	0.247151	0.174768	0.174768	0.349534	0.174768	0.720541	0.349534	1.11889	0	0.552662	0.552662	0.524292	0.494326	0.349534	0	0.247151	0.174768	0.247168	0.174768	0	0.174768	0.174768	0.349534	0.552662	0.552639	1.92967	1.92174	0.390778	0.89109	1.01899	1.01899	1.17225	1.23565	1.01899	0.552662	0.349534	0.349534	0.349534	0.349534	0.174768	0.390778	0.524292	0.3908	0.174768	0	0	0.390778	0.390778	0	0.390778	0.390778	0.247151	0.174768	0.524292	0.3908	0	0.247168	0	0.349534	0.390778	0.390778	0.78152	0	0.3908	0.630133	1.01899	1.40879	1.48268	1.61092	1.74721	1.48268	0.988578	0.89109	0.873777	0.630093	0.891067	1.17225	1.17225	1.01893	0.741415	0.552662	0.873806	0.873806	0.630133	0.720541	0.630093	0	0.174768	0.247168	0.174768	0.247151	0	0.247151	0.390778	0.552662	0.781564	0.630133	0.3908	0.174768	0.552662	0.741415	1.06294	0.781564	0.89109	1.10518	0.494292	0.390778	0.247151	0.390778	1.01893	1.75584	1.61092	1.95324	1.39787	0.552639	0.98851	0.720541	1.11896	1.65751	0.89109	2.27081	2.10362	2.10362	0.89109	1.06297	2.03734	2.27758	1.17225	0.941052	0.988578	0.720541	0.781564	1.33079	0.873806	0.390778	0.941052	1.01893	0.699041	1.40876	1.33079	1.27215	1.01893	1.17225	1.88169	1.36478	0.349534	0.873806	1.27215	1.10522	1.10522	1.17225
0.390744	0	0.3495	0.494275	0.494275	0.39076	0.174752	0	0.494249	0.494249	0	0	0	0.494249	0.390744	0.524242	0.720476	0.174752	0	0	0.390744	0.247142	0.390744	0.494249	0.174752	0.247142	0.247129	0.55259	0.247142	0.39076	0.940969	0.390744	0	0.494249	0.494249	0	0	0.494249	0.174752	0.247142	0.741351	0.247142	0.247129	0.247142	0.247142	0.55259	0.247142	0.55259	0.247142	0.247142	0.55259	0.247142	0.390744	0	0.390744	0.524242	0.494275	0.494275	0.39076	0.174752	0	0.494249	0.174752	0.247142	0.390744	0	0.174752	0.174752	0.174752	0.55259	0.174752	0.720476	0.630068	0.698975	1.11885	1.65741	1.33061	0.552607	1.23549	0.891003	0.720493	1.06285	1.27202	1.57238	1.01884	0.247142	0.720476	0.39076	0.55259	0.741389	1.49272	0.494275	0.524242	0.873672	0.630038	0.390744	0.3495	0.494275	0.630068	0.552607	0.390744	0.174752	0.247142	0.247142	0.390744	0.174752	0.174752	0.3495	0.3495	0.781452	0.720476	0.552607	1.40861	0.630068	0.55259	0.247142	0.55259	0.247142	0.247129	0.247142	0.174752	0	0	0	0	0	0.390744	0.55259	0.174752	1.95299	2.29726	0.630068	0.873694	0.720493	0.174752	0.39076	0.174752	0.494275	0.3495	0	0.390744	0.524242	0.39076	0.174752	0	0.494249	0.494249	0	0	0	0	0.174752	0.55259	0.247142	0.55259	0.174752	0.390744	0.524242	0.524242	0.390744	0.390744	0.247142	0.630038	0.630068	0.890985	0.55259	0.940969	0.524242	0.247129	0.247142	0.247142	0.39076	0.781484	0.988476	0.873694	0.390744	0.174752	0.55259	0.720476	1.0484	0.494275	1.0484	1.10511	1.97626	0.3495	0.494249	0.390744	0.390744	0	0.630038	0.873672	0	0	0	0	0.174752	0.247142	0.174752	0.174752	0.247142	0.174752	0	0.390744	0.524242	0.524242	0.174752	0.873694	0.630068	0.3495	0.524242	0.873716	0.873716	0.720493	0.630068	0.552607	0.55259	1.01889	0.891003	0.247129	0.39076	1.56268	2.125	1.22308	2.1033	0.720476	1.58206	2.11063	2.13219	1.8815	1.25998	0.781452	0.941002	1.23549	0.524242	0.781484	0.781452	1.06286	0.552607	0.39076	0.3495	1.25992	0.720476	1.23546	1.01884	0.55259	0.720476	2.1033	1.22308	1.72063	1.49277	1.0484	0.781484	1.10511	1.0484	0.3495	0.39076
0.390704	0.247121	0.390704	0	0	0	0	0	0.494198	0.390704	0.247121	0.174735	0.174735	0.720404	0.698908	0.524193	0.247104	0.390726	0.390726	0.247104	0.390704	0.174735	0.390704	0.390704	0.174735	0	0.349467	0.349467	0	0.174735	0.741274	0.552534	0.174735	0.390704	0.552534	0.247104	0.247121	0.247104	0.247121	0.247104	0.741274	0.552557	0.552557	0.174735	0	0.390704	0.247121	0.390704	0	0	0.390704	0.174735	0.390704	0.174735	0.494198	0.494198	0	0	0	0	0.174735	0.390704	0.174735	0.174735	0.494198	0	0.174735	0.390726	0.390726	0.247104	0.552557	1.06274	0.390726	0.552534	0.390704	0.494198	0.494198	0.349467	1.10497	0	0.873611	1.22296	1.44063	1.57223	1.01874	0.174735	0.629973	0.552557	0.552534	0.552557	1.17197	0	0.494198	0.873582	0.552534	0.552534	0.247104	0.174735	0.174735	0.390726	0.349467	0	0.174735	0.174735	0.390704	0.552557	0.630013	0.698908	0.698908	0.494198	0.720428	0.524193	0.873582	0.629973	0.390704	0.174735	0.494198	0	0.494198	0	0.174735	0.174735	0.174735	0.174735	0	0	0.390704	0.552534	0.247121	2.48182	1.85675	0.988323	0.988323	0.174735	0.524193	0.630013	0.890921	0.552557	0.552534	0.247121	0.390704	0.494198	0	0	0	0.494198	0.494198	0	0	0.174735	0.247121	0.247104	0.552534	0.174735	0.494198	0.174735	0.390704	0.349467	0.524193	0.552534	0.552534	0.247121	1.11867	0.174735	1.01874	0.552534	0.741274	0.552534	0.390704	0	0.174735	0.390726	0.349467	0	0.781372	0.698908	0.494232	0.698908	0.720404	0.552534	0.552534	1.40844	1.10497	2.10308	0.552557	0.720428	0.174735	0.552534	0.247121	0.390704	0.781372	0.390726	0.174735	0	0	0.174735	0.247121	0.174735	0	0	0	0	0.494198	0.390704	0.552534	0.247104	0.247104	0.552557	0.630013	0.390726	0.247121	0.247121	0.390704	0	0.174735	0.247121	0.552534	0.247121	0.174735	0.390704	0.390726	0.873582	1.61058	1.74682	0.494198	0.524193	0.940874	0.174735	0.940874	0.873582	1.36443	0.174735	1.50274	1.23533	0.552534	1.50274	0.552534	0.552557	1.17203	1.56254	0.873611	0.524193	0.781372	1.39761	1.0483	0.349467	2.2365	1.44058	1.27191	1.06277	1.10497	0.630013	0.247121	0.890921	1.36452	1.40849
0.174719	0.247095	0.174719	0	0	0	0.174719	0.390686	0.524143	0.174719	0	0.247082	0.39067	0.781303	0.552485	0.349434	0.247082	0.524143	0.524143	0.629919	0.174719	0.349434	0.174719	0.247082	0.247082	0.174719	0.390686	0.390686	0.247095	0.174719	0.349434	0.720339	0.494155	0.390686	0.720339	0.629919	0	0.174719	0.174719	0.494155	0.390686	0.720356	0.349434	0.247082	0	0.174719	0.247095	0.349434	0.247095	0.174719	0.247082	0.39067	0.39067	0.39067	0.39067	0.39067	0.247095	0.174719	0	0	0.174719	0.349434	0	0.174719	0.349434	0.390686	0.174719	0.247082	0.247082	0.174719	0.552485	0.629919	0.247082	0.39067	0.174719	0.349434	0.720356	0.720356	0.494155	1.0482	0.720356	0.720339	0.87355	0.940824	0.174719	0.39067	0.524143	0.890816	0.390686	1.0482	0.720356	0.247095	0.247082	0.720356	0.940824	0.720356	0.349434	0.174719	0.349434	0.349434	0.174719	0	0.247082	0.247082	0.247082	0.494155	0.39067	0.39067	0.629919	0.247082	0.390686	0.890816	0.720339	0.629919	0.39067	0.524143	0.524143	0.247095	0.629919	0.174719	0.494155	0.349434	0.494155	0.349434	0.247082	0.247095	0	0.552485	0.174719	2.59554	1.48217	1.33036	0.890816	0.349434	0.494181	0.781336	0.552502	0.524143	0.720356	0.629949	0.390686	0.39067	0.174719	0.552502	0.741249	0.552502	0.39067	0.174719	0.390686	0.390686	0.174719	0.494155	0.39067	0.39067	0.39067	0.174719	0.174719	0.390686	0.390686	0.552485	0.552485	0.247082	1.25968	0.174719	0.781303	0.698842	0	0.873528	0.629949	0.494181	0.390686	0.174719	0.174719	0.174719	0.349434	0.698842	0.494181	0.698842	1.01865	0.781303	0.698842	0.873507	1.17186	1.36431	0.720339	0.552502	0.552502	0.720339	0.174719	0.174719	0.552485	0.39067	0.247082	0	0	0.39067	0.390686	0.552502	0.494181	0.390686	0.247082	0.247095	0.39067	0.174719	0.552485	0.174719	0.174719	0.720339	0.629949	0.720356	0.349434	0	0.247082	0	0.39067	0.390686	0.720356	0.629949	0.524143	0.390686	0.552502	0.247082	1.0187	0.87355	0.39067	0.247095	0.629919	0.494155	0.720339	1.72906	0.873507	0.629949	1.44045	1.40832	0.629919	1.36431	0.552485	0.247082	0.873507	0.629919	0.781303	0.781336	0.873507	1.49249	1.92119	0.781336	1.74661	0.698842	1.40836	1.25975	1.58176	1.25975	1.27178	0.720356	0.629919	1.27175
0.247074	0.174702	0	0	0	0	0.39063	0.524093	0.390652	0.552452	0.873474	0.629894	0.39063	0.741133	0.494104	0.247057	0.494104	0.39063	0.720268	0.55243	0.174702	0.174702	0	0.247057	0.174702	0.349401	0.174702	0.247057	0.174702	0.390652	0.390652	0.873416	0.873416	0.247074	0.988135	0.781224	0.174702	0.247074	0.552452	0.174702	0.174702	0.390652	0.720291	0.247074	0	0	0	0.247057	0.174702	0.349401	0.349401	0.55243	0.741133	0.720268	0.390652	0.174702	0	0.247057	0	0.174702	0.247074	0.174702	0.39063	0.174702	0.349401	0.524093	0.247057	0.390652	0.390652	0.174702	0.349401	0.698776	0.390652	0.174702	0.174702	0.247057	0.494138	0.349401	0.720291	0.873445	0.247057	0.720268	0.55243	0.524093	0.698776	0.174702	0.349401	0.781224	0.390652	0.741133	0.174702	0	0.349401	0.629894	0.494138	0.174702	0.39063	0.174702	0.174702	0.349401	0.174702	0	0.174702	0.174702	0.247057	0.39063	0.720268	0.552452	0.940695	0.247057	0.247074	0.39063	0.873445	0.552452	0.741133	0.55243	0.349401	0.174702	0.55243	0.629894	0.524093	0.39063	0.629854	0.174702	0.552452	0.741185	0.349401	0.890728	0.781267	2.73238	1.61023	1.49229	0.524093	0.174702	0.174702	0.390652	0.494138	0.174702	0.494138	0.781267	0.629894	0.247074	0.39063	0.720268	0.494138	0.349401	0.247074	0.390652	0.174702	0.349401	0.552452	0.174702	0.174702	0.39063	0	0.174702	0.174702	0.174702	0	0.39063	0.55243	0.55243	0.988135	0.247074	0.247057	0.247057	0.55243	0.781224	0.390652	0.494138	0.349401	0.524093	0.781267	0.720291	0.390652	0.55243	0.247074	0.39063	1.36417	1.33022	0.890752	0.720291	1.40817	1.2351	0.720268	0.552452	0.247074	0.55243	0.524093	0.174702	0.494104	0.39063	0.390652	0.390652	0.174702	0.39063	0.39063	0.390652	0.741185	0.720268	0.629854	0.174702	0.247057	0.174702	0.55243	0.174702	0.174702	0.781224	0.247057	0.55243	0.741133	0.390652	0.524093	0.247074	0.39063	0.247057	0.247074	0.524093	0.629854	0	0.174702	0.781224	0.781224	0.781224	0.781224	0.524093	0.174702	0.988203	1.64774	1.99108	0.873445	0.890728	1.11846	1.11846	0.494104	1.17175	0.781224	0.524093	1.27167	1.72015	1.44035	0.781267	1.78103	0.781267	1.36417	0.698776	1.11846	0.247074	0.55243	0.720268	1.25956	0.247074	0.741133	0.55243	1.06256	1.23515
0.247048	0.39059	0	0	0	0.174684	0.552372	0.39059	0	0.494053	0.247031	0.494053	0.247031	0.741057	0.494053	0.247031	0.39059	0.390611	0.720193	0	0.349365	0.247031	0.174684	0.247048	0.390611	0.174684	0.174684	0.524039	0.390611	0	0.349365	0.873326	0.873326	0.247048	1.25943	0.781143	0.39059	0.247031	0.174684	0.174684	0.349365	0.698703	0.390611	0.349365	0.174684	0.174684	0.174684	0.174684	0.349365	0.174684	0.247048	0.720217	0.720193	0.629789	0.174684	0.174684	0.174684	0.174684	0.174684	0.39059	0.390611	0.349365	0.39059	0.174684	0.39059	0.552372	0.39059	0	0	0	0.174684	0.524039	0.390611	0.174684	0.39059	0.524039	0.552395	0.720193	0.494053	0.494087	0.89066	0.873355	0.890636	0.940598	0.781143	0.698703	1.0185	1.0185	0.552395	0.524039	0.552395	0.494087	0.698703	0.247048	0.39059	0.247048	0.174684	0.174684	0.174684	0.247031	0	0	0.174684	0.247048	0.390611	0.390611	0.781143	0.494087	0.890636	0.174684	0	0.174684	0.720193	0.494087	0.781143	0.39059	0.39059	0.39059	0	0.390611	0.349365	0.39059	0.524039	0.390611	0.247031	0.247031	1.44016	1.58145	1.11842	2.54173	2.26966	0.781143	0.720193	0.174684	0.552395	0.741108	0.552395	0.629789	0.39059	0.349365	0.494053	0.349365	0.39059	0.629789	0.247048	0.39059	0.247031	0.174684	0.390611	0.524039	0	0.349365	0.174684	0.247031	0.39059	0.349365	0.39059	0	0.174684	0.349365	0.247031	0.39059	0.629789	0.174684	0.349365	0.781186	0.629829	0.39059	0.552395	0.390611	0.247031	0.873326	0.552372	0.698703	0.524039	0.39059	0	0.247031	1.36403	1.40803	0.698703	0.629789	1.33009	1.79784	0.720193	0.390611	0.174684	0.174684	0.524039	0.552395	0.873384	1.36412	1.48197	1.40811	1.06245	0.524039	0.524039	0.781143	0.524039	1.235	1.10464	0.174684	0.174684	0.349365	0.39059	0.174684	0.390611	0.873355	0.940643	0.781186	0.629789	0.390611	0.698703	0.390611	0.349365	0.390611	0.524039	0.247031	0.781143	0.247031	0.720217	1.40808	0.494087	1.78084	1.88078	1.61011	0.629829	1.61006	1.95233	1.56208	1.22261	1.56208	2.26971	1.57177	0.873384	0.39059	1.06243	1.06243	0.390611	0.720193	0.741108	0.552395	0.89066	1.71997	1.17169	0.524039	0.698703	0.524039	0.349365	1.06243	1.61006	1.0185	0.89066	0.174684	0.349365	0.247031
0.174667	0.552323	0.174667	0	0.174667	0.390555	0.629734	0.174667	0	0.390555	0.349332	0.24701	0.349332	0.494011	0.552323	0.390555	0.174667	0.247023	0.24701	0.349332	0.174667	0.494011	0.24701	0.24701	0.24701	0	0.390555	0.390555	0.174667	0.349332	0.174667	0.552323	0.873272	0.629764	1.01835	0.740993	0.629734	0.494036	0.55234	0.24701	0.390555	0.349332	0.494036	0.247023	0.390555	0.523989	0.523989	0.247023	0.174667	0.174667	0.523989	0.629764	0.390571	0.349332	0.55234	0.55234	0.55234	0.390571	0.390555	0.390555	0.494036	0.720145	0.552323	0	0.24701	0.390555	0.349332	0.24701	0.247023	0.174667	0.24701	0.174667	0.349332	0.349332	0.523989	0.390571	0.174667	0.390555	0.390571	0.55234	0.698637	0.349332	0.55234	1.56192	1.23493	0.390555	0.247023	0.174667	0.349332	0.55234	0.55234	0.494036	0.523989	0.494011	0.390555	0.174667	0.390571	0.349332	0.24701	0.24701	0	0.174667	0.349332	0.24701	0.174667	0	0.552323	0.55234	0.174667	0	0.247023	0.349332	0.523989	0.390571	0.390555	0.24701	0.494011	0.494011	0.174667	0.390571	0.523989	0	0.349332	0.390555	0.390571	1.58129	2.09508	0.890572	0.247023	1.71973	3.14563	0.174667	1.25932	0.174667	0.55234	0.741031	0.55234	0.494011	0.523989	0.720145	0.873272	0.174667	0.390571	0.720128	0.24701	0.390571	0.523989	0	0.349332	0.349332	0.349332	0.174667	0.24701	0.390555	0.552323	0.390555	0.494011	0	0.390555	0.523989	0.349332	0.552323	0.523989	0	0.720128	0.698637	0.523989	0.24701	0.349332	0.349332	0.247023	0.740993	0.720128	0.523989	0.552323	0.494036	0.873294	1.0184	1.65656	1.4079	0.552323	1.23487	0.940515	2.03606	0.890555	0.781107	1.06235	0.720145	0.629764	0.720145	0.55234	0.494036	0.629764	1.11831	1.75485	1.22249	0.629764	1.22249	1.27138	0.55234	1.75483	0.720128	0.247023	0.349332	0.349332	0.174667	0.24701	0.349332	0.629764	0.629764	0.390571	0.24701	0.552323	0.349332	0.349332	0.174667	0.390555	0.247023	0.390555	0.720128	1.11825	0.781074	1.492	2.87824	1.88059	2.20833	1.92855	1.36391	1.36391	0.629734	1.10458	1.48181	2.12394	0.720128	0.890572	1.25938	0.940548	0.781074	0	1.01835	0.890572	1.22249	0.720128	0.390555	0.390555	0.552323	0.629764	1.04789	0.890572	0.523989	1.01835	0.174667	0.781107	1.17157	0.940515	0.55234
0.390516	0.552268	0.390516	0	0.390516	0.552268	0.87316	0	0	0.390516	0.52394	0.493994	0.390537	0.174651	0.493959	0.493959	0	0	0	0.174651	0.247001	0.246984	0.174651	0.174651	0.174651	0	0.493959	0.174651	0.174651	0.174651	0.247001	0.390537	0.698571	0.52394	0.629669	0.87316	0.87316	0.390516	0.740916	0.552268	0.174651	0.349298	0.493994	0.52394	0.552268	0.552268	0.552268	0.247001	0.247001	0.390516	0.493959	0	0.493959	0	0.174651	0.390537	0.390537	0.390516	0.493959	0.174651	0.52394	0.390537	0.87316	0	0.390516	0.390537	0.52394	0.740916	0.247001	0.390516	0.174651	0.247001	0.174651	0.174651	0.390537	0.493994	0.493994	0.52394	0.247001	0.174651	0.349298	0.493994	0.629669	0.552291	1.1714	0.349298	0.493994	0.52394	0.246984	0.390537	0.52394	0.247001	0.174651	0.87316	0.174651	0.390516	0.52394	0.780995	0.174651	0.390516	0	0.390516	0.174651	0.780995	0.52394	0.246984	0.390537	0.174651	0.52394	0.629669	0.247001	0.174651	0.390516	0.52394	0.52394	0.390516	0.493959	0.493959	0	0	0.390516	0.390537	0.390537	0.552268	0.390516	1.74592	1.1714	0.246984	0.247001	0.87316	3.48859	0.780995	1.48158	0.349298	0.781038	0.987914	0.781038	0.174651	0.390537	0.698571	0.349298	0.780995	0.493994	0.94042	0.740916	0.247001	0.740916	0.52394	0.52394	0.390516	0.174651	0.247001	0.174651	0.493959	0.493959	0.493959	0.493959	0	0.493959	0.493959	0.493959	0.87316	0.174651	0.390516	0.629669	0.493959	0.493959	0.493959	0.390516	0.174651	0.349298	0.349298	0.349298	0.390537	0.552268	0.52394	0.72008	0.873218	2.18725	1.72838	0.552268	1.50201	0.87316	1.9751	0.629669	0.740916	0.720057	0.390537	0.247001	0.740916	0.390537	0.493994	0.52394	0.629669	1.27125	1.49185	0.493994	0.873189	1.65639	1.01825	1.32983	1.64715	0.349298	0.72008	0.72008	0.349298	0.174651	0.247001	0.247001	0.174651	0.349298	0.698571	0.698571	0.390537	0.174651	0.390516	0.174651	0.349298	0.349298	0.629669	1.50201	0.552291	1.7975	2.3483	0.94042	0.390537	2.20805	0.390537	1.64715	1.43989	1.25927	1.74603	2.12378	1.10448	1.25919	0.72008	1.23482	0.740967	0.247001	1.1714	0.94042	0.740916	1.01825	0.52394	0.698571	1.11814	0.552291	1.06225	1.04779	0.349298	0.87316	0.890467	0.873189	0.174651	1.50201	0.246984
0.52389	0.52389	0.390481	0	0.390481	0.552218	0.873085	0	0	0.390481	0.552218	0.174634	0	0.174634	0.390481	0.390481	0.174634	0.174634	0.390497	0.390497	0.174634	0	0.174634	0.174634	0.174634	0.246976	0.52389	0.349265	0.174634	0.174634	0.174634	0.246976	0.390481	0.493917	0.349265	1.06213	0.552218	0.552235	0.890386	0.390481	0	0.390481	0.246976	0.390481	0.493917	0.390481	0.552218	0.246976	0.174634	0.493917	0.493917	0.174634	0.390481	0	0.174634	0.390497	0.493942	0.349265	0.390481	0.246963	0.390481	0	0.780926	0.390497	0.246963	0.246976	0.246963	0.940336	0.390497	0.552218	0.246976	0.174634	0.174634	0.390497	0.493942	0.493942	0.390497	0.246963	0.174634	0.174634	0.246963	0.390497	0.493917	0.720009	0.873085	0.720009	0.629645	0.698505	0.174634	0.390497	0.349265	0.349265	0.493942	0.629614	0.174634	0.349265	0.720009	0.552218	0.390497	0.174634	0.552235	0.390497	0	0.780926	0.52389	0.390481	0	0.349265	0.698505	0.629614	0.246963	0.174634	0.780926	0.174634	0.719991	0.349265	0.390481	0.246963	0.246976	0.174634	0.493917	0.174634	0.246976	0.52389	0.698505	1.48146	1.10437	1.88023	2.23534	2.51706	2.87769	0.629614	1.23463	0.629614	0.493917	0.174634	0.552218	0.390481	0.174634	0.52389	0.390497	0.740852	0.246976	0.740852	0.890386	0.629645	0.629614	0.52389	0.349265	0.390481	0.174634	0	0.174634	0.390481	0.349265	0.698505	0.698505	0.493942	0.349265	0.390497	0.890404	0.719991	0.349265	0.52389	0.246963	0.52389	0.698505	0.52389	0.552218	0.390497	0.698505	0.493942	0.390497	0.246963	0.552218	0.552218	0.552218	0.174634	2.13066	1.99032	1.32977	1.92819	1.32977	1.36365	0.349265	0.780926	0.349265	0.174634	0.390497	0.780926	0.174634	0.246976	0.246963	0.940336	0.780926	1.48146	0.52389	0.720009	0.98776	1.49172	0.890386	1.72823	0.52389	0.720009	0.890404	0.720009	0.349265	0.174634	0.390497	0.493942	0.174634	0.390481	0.349265	0.493942	0.493942	0.52389	0.246976	0.52389	0.698505	0.720009	1.57132	1.60967	1.75452	1.56156	0.698505	1.17135	1.32972	0.552218	1.01816	1.1713	0.390481	0.52389	1.06215	1.23467	1.1713	1.11804	0.174634	0.940336	0.740891	0.552218	0.940336	0	1.10433	0	0.720009	0.740852	1.2347	1.64709	1.27117	0.246976	1.1713	0.629614	0.740891	1.32977	0.890386	0.552235
0.552186	0.390463	0.174618	0	0.174618	0.552163	0.62955	0	0	0.246937	0.493866	0.246937	0	0.390442	0.174618	0.246955	0.52384	0.174618	0.390442	0.390463	0.52384	0.246937	0.349232	0.390442	0.246937	0	0.246937	0.62955	0.174618	0.246937	0.174618	0.246955	0.349232	0.552163	0.174618	0.52384	0.552186	0.390442	0.349232	0.174618	0.174618	0.174618	0.246955	0	0.390442	0.246955	0.52384	0.246955	0.349232	0.390442	0.390442	0.349232	0.349232	0.390463	0.52384	0.390442	0.174618	0.390463	0.552186	0.873024	0.62959	0.390442	0.390442	0.174618	0.246937	0.390463	0.349232	0.52384	0.719943	0.349232	0	0.246937	0.246937	0.246937	0	0	0.246955	0.349232	0.246955	0.552163	0.390442	0.349232	0.390463	0.62959	0.390463	0.174618	0.390463	1.04759	0.890322	0.62955	0.174618	0.493866	0	0.390463	0.698439	0.246955	0.4939	0.552186	0.390442	0.390442	0.552163	0.390442	0.174618	0.552186	0.62959	0.246955	0	0.349232	0.698439	0.174618	0.62955	0.246937	0.987658	0.552163	0.890299	0.390463	0.174618	0.174618	0.246955	0.390463	0.719943	0.62959	0.390463	0.349232	0.390442	0.719943	1.64694	2.20772	2.18696	1.99022	0.719943	0.740827	0.698439	0.872995	0.552163	0.390442	0.493866	0.246937	0.246937	0.174618	0.390463	0.349232	0.174618	0.246937	0.552186	0.78089	0.4939	0.174618	0	0.246937	0.246937	0	0.390442	0.174618	0.349232	0.52384	0.552163	0.390463	0.349232	0.552163	0.52384	0	0.552163	0.174618	0.174618	0.390463	0.698439	0.552186	0.719943	0.78089	0.552186	0.174618	0.246937	0.493866	0.390442	0.552163	0.552163	0.349232	1.36351	1.43961	1.10427	1.43966	1.04759	0.52384	0.62955	0.698439	0.390442	0.390463	0.52384	0.52384	0.552186	0.62959	0.62959	0.390442	0.71992	1.5614	0.890299	0.390463	0.246937	1.10422	0.890322	1.17118	0.246955	0.62959	0.719943	0.390463	0.552163	0.390442	0.552163	0.390463	0.62955	0.246955	0.174618	0.246955	0.390463	0.390463	0.246955	0.390463	0.52384	0.390463	0.940286	0.987726	0.349232	0.890299	0.873053	1.23459	1.118	0.552186	0.52384	0.246937	0.552186	0.552186	0.62959	0.246955	0.719943	1.58082	1.01811	1.40752	0.552186	0.390442	0.890322	1.06205	0.890299	0.71992	0.62959	0.740776	1.40755	1.3636	1.118	1.04759	1.32958	0.52384	0.552163	0.552163	0.390442	0.873024