11.8064		3.83954	7.95905	17.7092	36.9697	52.6139	59.0909	59.0115	50.7754	17.4904	32.985	49.5231	61.3963	46.0033	63.8877	60.6661	27.4511							3.20674																																																																																																																																																																																																																																							
8.78101	10.0221	0.780742	6.94246	30.6191	51.9737	62.8923	61.1341	61.7609	60.3903	27.5584	18.2284	45.1647	56.8251	50.8689	62.5753	49.0791				5.39891	7.02846			1.72784																																																																																																																																																																																																																																							
	10.1618	3.46096	2.86069	35.4506	55.3335	57.9785	31.8844	56.93	50.7374	44.1003	19.4463	40.9373	52.5692	53.9505	50.926	23.3503				7.15996	0.890066																																																																																																																																																																																																																																										
			5.83447	31.0647	56.3202	51.2428	60.4195	63.7779	46.8304	37.6594		23.5733	38.8535	41.3022															0.174552																																																																																																																																																																																																																																		8.60101
			5.3973	24.9888	56.5217	24.0034	54.811	42.1391	37.0616	30.0584			4.43419															3.66026																																																																																																																																																																																																																																		2.72979	14.3683
			2.65622	26.2529	56.0816	19.3435	57.1068	31.1403	19.3213	14.9507	18.3855																																																																																																																																																																																																																																																				18.0237
			1.40659	22.8764	50.6934	47.2098	51.415			10.38																																																																																																																																																																																																																																																					16.1241
																																																																																																																																																																																																																																																															
																							2.26692		21.3997																																																																																																																																																																																																																																						
																								33.4852	33.3348	36.5307	30.6663	27.6466	15.3291	6.77177																																																																																																																																																																																																																																	
																								37.1514	19.4305	22.1588	33.0324	30.7035	20.7123	7.66076								4.6765	2.46527																																																																																																																																																																																																																								
	0																								28.969	16.5029	9.35565	37.1222																																																																																																																																																																																																																																			
													0												23.1001	25.606	19.8488	34.3295																																																																																																																																																																																							3.20307	3.42243																																											
																									25.2127	24.5239	42.6558	23.477	46.7002																																																																																																																																																																																						2.26579	2.42114																																											
								8.13262	5.22809		2.66544	4.26674														19.2203	47.3322	22.8101	46.2031																																																																																																																																																																																																																																		
					0.493143			8.27617	5.65809	4.64206	2.81443	3.32716												0.246576			40.6974	15.754																																																																																																																																																																																																																																			
					0.246538			9.57557	9.76955	10.4164	4.29783	5.1869												0.246555			35.267	12.0234																																																																																																																																																																																																																																			
				5.68088	2.20386		11.9761	27.6486	35.6262	36.9088	22.92	16.8727	22.0647	20.4217	7.5091											15.1288	25.0664	26.1362																																																																																																																																																																																																																																			
			9.83924	9.59043		16.0617	35.5651	50.9602	56.3763	57.9187	51.7608	30.7348	28.863	34.0823	14.8997										2.75376	9.83891	19.4547	21.2679																																																																																																																																																																																																																																			
2.79182		10.3613	5.65596	11.805		35.1959	49.0587	54.2707	53.7475	53.4238	57.8225	24.8435	16.9703	38.5167	26.6806												10.8967								28.4466	21.2537	30.1302																																																																																																																																																																																																																										
5.05275	6.13541	3.43307	9.77613	4.94434	7.18318	46.3124	54.2148	47.8057	35.3516	43.3302	57.1015	16.8052	11.8332	36.0079	31.6845											11.6864	19.3674	22.6344						8.28119	30.3503	24.369	27.5332																																																																																																																																																																																																																										
12.2703	13.5436	15.2175		7.80054	19.3317	49.8438	53.6529	25.9497	44.2767	50.712	54.0576	21.7226	18.6653	27.3963	29.6546										15.0717	32.2153	41.2685	34.8408	31.8244							21.0594	17.5711																																																																																																																																																																																																																										
23.1251	29.8204	30.8627	22.5698	9.3941	16.8701	43.3249	49.2414	53.8286	55.4777	39.2849	37.7046	29.5117	12.3284	13.9194	24.7812										41.6263	41.2511	13.5212	37.4429		19.7424	37.0536	38.8988	27.6371																																																																																																																																																																																																																														
47.1879	52.919	52.6738	39.8645	5.90485	15.3131	36.0423	45.5958	43.0421	34.8534	41.1277	21.4785	35.3639	5.49257	12.1864	26.5841	20.849									40.9165	19.761	42.7017	40.3773	12.8689	26.839	33.6376	25.4933	38.1062																																																																																																																																																																																																																														
61.2275	53.8858	63.0345	52.3655	0.38953	5.54898	13.6719	21.7883	19.6509	21.7542	39.487	32.9602	25.4119	23.5846	33.559	38.2999	30.1217								45.4809	30.4793	47.1524	32.9919		16.6479	33.8686	22.0172	27.4729	35.5989	9.76164																																																																																																																																																																																																																	6.5018												
63.2638	28.1015	64.4924	54.1152	5.18211			10.3404	10.9528	9.30747	23.431	21.9125	16.3122	39.6903	16.7704	44.2532	34.5252									24.1138	42.5896			33.6762	45.1236	29.0824	34.7012	24.9611																																																																																																																																																																																																																	7.01208	1.25591												
59.6002	52.1856	59.9232	45.4055	12.0317	7.81957			3.90799	4.50911	12.6786	12.1414	45.6066	59.4399	43.0562	51.3526	33.9837	17.5907	22.2157	16.0061					27.433	25.942	28.3549			34.8768	43.2388	38.0358	40.7466	15.6119	6.53022																																																																																																																																																																																																																													
44.0044	37.3489	32.6334	42.4217	25.0673	17.3982						34.556	63.4823	59.4957	54.8672	58.2902	28.5503	25.0227	30.9188	35.4247											40.1829	43.0678			23.2619	33.8545	35.1735																																																																																																																																																																																																																											
29.2569	44.303	12.2706	41.9816	29.4044	27.6698						41.8608	63.7763	43.612	60.4402	60.9104	24.9475	32.8984	22.114	36.319					1.47731										34.3026	33.2473	45.148	48.0436																																																																																																																																																																																																																										
17.5299	48.9984	23.1231	35.7918	25.018	29.7218						35.5226	61.7803	48.3058	62.0769	55.2141		30.5362	32.6018	32.8021					3.44337										35.7584	40.196	24.7497	39.8723	47.0906																																																																																																																																																																																																																									
12.6435	42.5076	38.9814	36.4067	29.344	24.3586						21.1403	55.183	57.433	58.9246	39.8826	0.870443	19.6656	23.4906	30.5052																39.2908	50.8582	46.3533																																																																																																																																																																																																																										
	27.9522	36.1195	34.0741	23.2041	11.7335	7.38137							42.9449				10.6965	12.4102																																																																																																																																																																																																															19.9761									0.696308	19.6292																				
		10.673	11.6532	7.10259	6.07946	5.61965											6.0574	8.00196											2.21451																																																																																																																																																																																																		5.1058	18.3066	5.27897									19.6286																					
				5.44623	4.80283												2.12366												1.96846																																																																																																																																																																																																		3.82347	16.1888	19.9996																														
										0																																																																																																																																																																																																																																																					21.6057
																			0																																																																																																																																																																																																																																												21.6431
																																																																																																																																																																																																																																																															
0.984096																																																																																																																																																																																																																								14.114																																							
																																																																																																																																																																																																																							16.9184	13.9706	18.3346	7.81057																																					
														8.18624																		34.3339	35.3003																																																																																																																																																																																						17.6998	12.828	18.9243																																						
													9.03868	0.869635																	35.656	17.5678	35.6507																																																																																																																																																																																							13.1314	12.5679																																						
														7.83709	5.61485																27.6785	32.4867	29.408																																																																																																																																																																																																																														
															0.549922																	12.5336	14.0218																																																																																																																																																																																																																														
																																8.37462	13.5973																																																																																																																																																																																																																														
																																	10.834																																																																																																																																																																																																																														
																																																																																																																																																																																																																																																															
																																																																																																																																																																																																																																																															
																																																																																																																																																																																																																																																															
																																																																																																																																																																																																																																																															
																																																																																																																																																																																																																																																															
																																																																																																																																																																																																																																																															
															1.22847																																																																																																																																																																																																																																																
															5.14604																																																																																																																																																																																																																																																
															0																																																																																																																																																																																																																																																
															0.245663																																																																																																																																																																																																																																																
																																																																																																																																																																																																																																																														4.19349	3.99215
																																																																																																																																																																																																																																																														3.47348	4.02162
																	22.1743	16.0635																																																																																																																																																																																																																																													
																30.3981	20.3941	28.4701																																																																																																																																																																																																																																													
																29.3432	19.6924	28.2305																																																																																																																																																																																																																																													
																	21.2628	15.6321																																																																																																																																																																																																																																													
																																																																																																																																																																																																																																																															
																																																																																																																																																																																																																																																															
						32.6817	29.4144	19.357	18.2753	13.5614						14.9896	18.0178																																																																																																																																																																																																																																														
			30.3498	41.5375	50.2361	44.2682	42.8292	39.7899	35.6476	26.6122						8.72923	12.6204	9.92979																																																																																																																																																																																																																																													
		30.7354	18.8059	33.8893	27.3931	23.9366	22.9563	10.9115	23.7274	36.4535	16.9533				7.63837	8.6919	9.38455	5.16251	4.04421																																																																																																																																																																																																																																												
	40.4251	35.4879	30.317	30.5591	22.7138	46.8323	39.4231	39.3384	33.5	30.0865	20.007				6.73772	2.28088	2.74136	7.94706	10.5442																																																																																																																																																																																																																																												
16.1928	34.4371	41.4627	39.7486	40.2384	30.3605	36.6357	11.4694	0.86738	20.4618		13.5551					14.6562	19.5154	18.7067	14.3053																																																																																																																																																																																																																																												
19.5592	24.7291	44.5812	39.6793	31.828	44.8188	43.1019	31.2608	21.2124	19.6056	17.0656						20.491	19.1398	15.6698	21.132																																																																																																																																																																																																																																												
24.8607	31.9022	45.6101	29.6656	26.543	27.5914	25.7615	29.9039	22.1548	23.5084	26.4755						21.2661	28.9475	24.0947	23.5644	6.93225																																																																																																																																																																															0																																																												
34.2294	49.1662	38.1892	29.3614	48.2906	49.5842	42.2195	22.2787	9.35191	11.799	28.576							18.6229			4.02758																																																																																																																																																																																																																																											
45.2591	40.0633	19.4587	47.1086	35.1767	27.3753	28.2993	32.4493	30.9059	29.706	25.5873																																																																																																																																																																																																																																																					
25.3321	24.2733	35.5079	17.5991	41.5212	38.3091	17.6704	12.194	17.0821	12.4575	9.2252																																																																																																																																																																																																																																																					
37.996	35.2437	15.3334	27.9473	34.0077	47.1998	37.5426	14.2547	4.1611	6.45109	5.18747																																																																																																																																																																																																																																																					
43.6587	40.2252	34.4019	47.2969	22.8877	42.984	52.4751	39.9566	20.1606																																																																																																																																																																																																																																																							
26.2869	30.3908	29.5296	45.1396	50.3916	15.66	40.6381	43.7342	18.2009	36.4385	35.5637																																																																																																																																																																																																																																																					
15.3077	15.5022	8.06549	24.8526	45.1269	47.6329	43.3583	44.2897	14.7784	24.512	30.8719																																																																																																																																																																																																																																																					
9.0122	11.143	9.35391	6.89943	17.8684	34.7246	27.6484	31.5577	20.1805	31.2273	33.8865																																																																																																																																																																																																																																																					
10.3087	14.0316	19.4789	16.735	10.9903	15.0983	7.4599	19.7129	1.93691	13.6382	21.2057																																																																																																																																																																																																																																																					
23.8002	18.8224	12.455	7.92792	11.1056	11.9895	9.4508	16.6615	12.8809	10.1784	10.6489												0.245062	1.95974																																																																																																																																																																																																																																								
9.07277	11.8393	14.602	6.02969	8.87205	6.71143	5.95318	14.9691	14.2811	13.9807	8.70096																																																																																																																																																																																																																																													13.0519	16.0172							
7.19933	15.7167	17.3153	9.62475	2.59715	4.03815	8.53808	15.909	12.8774	13.0213	10.6159																																																																																																																																																																																																																																													26.1882	24.3942	28.2238						
27.2477	14.5613	24.9084	17.3372	5.19748	4.98428	10.9167	18.2684	11.6195	13.0899	12.6119	6.86389	1.48989				4.33646	1.90495	4.05227																																																																																																																																																																																																																																					27.8126	15.8914	26.8316	9.64756					
27.6613	41.1387	2.14169	32.1492	6.34346	13.1332	6.63405	18.4041	10.9523	14.5526	15.6008	9.24066					10.677	15.6486												1.71437																																																																																																																																																																																																							9.94552	1.47966	9.95421																		25.7859	21.2832						
6.4097	40.2778	28.6557	30.7423	4.67896	13.0863	10.7206	14.0104	7.09024	13.1799	17.5552						23.2136	26.4024	28.9524											2.3096																																																																																																							9.61615																																																																																																	10.9006	7.57665																									
17.3847	19.0332	28.1185	17.133	7.64499	5.26097	9.27213	9.28457	8.43018	10.5766	16.4336						24.7213	22.3739	27.073										8.71238	8.80822																																																																																																						37.9831	38.9881																																																																																																																											
42.4271	21.2374	7.81299	4.49323	10.7209	7.07057	9.61277	9.62028	13.1279	13.1184	14.7474						16.024	25.004	24.058										25.093	34.5395																																																																																																					31.2816	35.4671	33.9812	36.8773																																																																																																																										
44.4131	31.6526	13.2625	6.06003	7.89597	6.65415	6.77673	10.7492	14.5672	13.3074	11.3258																		45.4587	32.9656	47.3313																																																																																																					46.9738	17.0867	44.0106																																																																																																																										
42.6399	13.2005	19.3605	22.7395	9.25697	5.22566	8.17525	13.578	13.6921	7.80203	4.41559																		51.0868	11.4769	51.2491																																																																																																					44.0703	3.64759	44.0977																																																																																																																										
38.9526	21.8494	22.5653	37.5916	11.5334	11.0122	8.15273	15.8592	13.7161	7.46777	3.72391																		43.5744	31.9755	44.4122																																																																																																					36.0617	24.2158																																																																																																																											
48.3819	26.3949	26.0792	38.4076	3.32615	19.5106	23.139	18.2138	12.856	7.47303																			26.0505	28.9622																									0																																																																													19.4688	24.467	17.9332	0.489595																																																																																																															0										
36.8491	39.8161	39.218	33.9951	16.3359	15.1903	14.615	11.3831	6.76984	3.18828							12.8981	11.5022	27.7724	31.634										6.70224																																																																																																																			0.489553	0.244781																																																																																																														
21.4341	41.7502	50.6972	31.2569	5.5558	12.7315	13.2383			1.09452	2.8151		0				16.9033	31.1341	48.5665	49.7466	44.7937	13.423																																																																																																											1.21135	1.59529																																																																																																																														
29.0763	39.4428	53.0606	24.4211	24.7192	31.6948	30.6272									10.8677	22.464	35.938	37.3316	27.4525	48.6684	15.8782	3.05875																																																																																																										4.10645	4.31839																																																																																																																														
31.6341	27.6458	47.749	35.1866	19.9241	6.94166	31.1138			17.0258	17.5406	10.6719	6.75287		19.5457	13.8273	8.43351	33.8451	47.9226	41.1464	36.9452																																																																																																													53.3927																																																																																																																														
42.2784	27.6143	25.3777	42.5095	22.5116	29.5228	26.2319	2.32646	14.5795	19.3442	15.0451	17.5469	7.0662	20.6831	21.8197	14.8691	13.8094	15.4799	26.9796	28.53	13.5699	12.7908	11.7037	5.07535	5.86215																																																																																																								62.4133	56.6311	60.9297																																																																																																																													
24.9015	36.2095	28.8362	35.3541	36.2711	26.5805	4.40231	25.3011	24.2912	14.5726	8.78767	22.1357	5.1474	24.6031	3.18676	23.7946	15.7508		11.079	16.3387	21.6188	19.7033			4.14857																																																																																																								63.2386	18.5544	63.4294																																																																																																																													
13.3229	18.83	29.0566	41.8251	32.6962	17.4421	10.6645	39.5054	38.9797	39.6599	32.7001	30.5618	12.6347	18.5752	14.2667	20.2611	24.6965			3.81591	8.07674	7.56948																																12.9626		25.6744																																																																									61.0345	50.1133	59.8942																																																																																																																													
18.7756	19.333	25.2302	29.7233	14.6207	18.3179	11.9375	41.8868	32.9528	35.5036	47.616	46.0491	21.8909	21.3855	40.5242	41.1064	45.5013	22.4548																																				16.771	22.0939	20.2931																																																																									46.859	45.8194	42.4357																																																																																																																													
16.5092	26.8403	28.1883	44.0039	35.1309	27.5816	7.90035	36.7334	39.3107	39.1464	36.8204	54.4609	17.7155	36.4008	43.4669	23.7927	46.7267	16.9587	13.7408																																				30.8169	13.0698	25.6105																																																																									22.6482	33.77	41.6577																																																																																																																												
12.6311	26.3011	24.0361	33.1593	43.3503	37.1576	18.04	46.6962	50.1016	49.3886	37.159	58.0537	14.9343	22.4504	22.5993	39.6388	43.1813	16.2871	11.9031	5.24505																																			22.3773	7.38521	19.6206	10.6484																																																																								34.803	24.4496	34.8536																																																																																																																												
14.5658	23.3279	42.0082	34.2244	48.6163	50.5379	36.6484	60.9142	60.8817	60.1361	59.3123	62.3263	22.2999	11.3464	35.7774	30.998	23.9427	16.109	8.30803	4.10332																																			16.2195	16.6995	12.1054	17.0984	7.47305		2.51629	2.86016																																																																				26.7699	42.4482	40.5771																																																																																																																												
20.7318	43.34	51.9396	45.8658	47.3853	56.853	41.6233	55.8448	36.9814	37.6097	51.9219	56.5499	34.7739	36.6949	27.8915	19.5425	18.4537	12.2324																																						22.7612	0.691607	19.5001	9.0792	4.86982	6.95942	10.1019																																																																																																																																																																																																		
13.5071	47.1073	53.8426	49.0054	52.316	60.7815	24.6965	44.7337	57.9449	63.8182	62.0387	39.2023	34.776	45.4455	20.8894	9.31842	1.55566	8.25942	10.5174	10.8482																																			5.97234	20.844	9.35119	12.0819	11.231	10.5714	5.34693	6.55478	8.75578	13.5813																																																																																																																																																																																																
22.0592	50.2545	57.3504	47.0099	35.7212	55.2144	33.0371	34.6412	41.765	38.9115	40.0131	37.9734	26.8911	35.1236	36.1695	25.791	14.7598	16.6135	13.232	14.6063																																		1.42531	5.02715	14.9328	6.48879	4.14892	2.0808	8.28643	3.93614	5.86721	2.93117	4.80463	11.9274	11.2234																																																																																																																																																																																														
9.28723	43.9666	56.7863	61.8434	63.2301	57.3925	42.1208	40.9561	29.0492	28.354	27.371	35.5567	30.1863	6.93439	27.5354	44.4515	50.2881	44.1363	34.5798	20.1526																																		10.099	8.94224	9.26703	5.41185	6.39037	4.78255	2.02242	5.62584	2.40012	4.32376	7.35825	5.34593	9.8337																																																																																																																																																																																														
8.54684	28.8307	49.567	55.699	58.4605	51.2073	41.6417	38.373	20.0658	21.7146	12.7534	12.3238	11.3781	18.5141	21.4397	49.3091	57.6747	54.9066	49.859	40.9312	30.6845	15.2308																															9.16599	9.59029	7.63229	1.72798	3.05997	1.63927	6.91457	8.53884	7.22306	7.84845	7.4875	6.82301	4.78214	3.80081	7.73078	7.67233	7.30981	10.7559	20.3476	24.0296	19.6241	11.9632	7.34364	10.9201	20.0916				20.1117																																																																																																																																																																															
19.7839	12.5469	20.3015	28.5322	22.5666	21.9095	28.0511	20.4765	4.87967	5.85817	17.6333	26.726	20.7904	11.0933	39.9812	50.5596	30.7258	51.1264	52.7271	44.5782	36.2718	16.7699	6.01427																3.05954	1.42486											5.77471	5.93824	6.1137	8.5917	2.27202	4.52692	2.3238	5.2612	4.93062	3.32072	10.2431	11.0054	2.84804	2.95573	4.64319	4.00222	9.56562	16.564	21.8912	23.5886	24.1596	22.1318	24.737	19.131	8.18352	18.6403	27.3526	27.3855	21.1544	19.808	19.5077	17.2959	19.8014	12.3545																																																																																																																																																																												
30.9066	30.032	11.7991	7.29632	10.2941	11.1243	7.22786	1.34942	4.31555	6.70881	17.3011	29.4151	5.39667	6.34934	45.1171	48.0919	21.4991	27.8647	51.3022	53.5398	38.6387	13.3052	7.39151																3.33383											8.11325	11.2535	11.7372	10.2927	4.53649	1.03675	3.7331	1.00757	6.85351	5.32213	3.80018	10.3311	6.62068	1.22178	4.14382	10.1595	11.1432	8.65685	8.42244	9.68252	8.07033	6.06487	8.59116	7.34188	21.9802	11.6208	24.5727	22.9843	16.425	10.1297	1.72755	8.46377	12.9152	18.5594	12.6845																																																																																																																																																																												
47.8676	41.0438	28.1199	6.38763	2.27155	3.98288	9.42276	10.18	10.3816	13.0577	10.2567	18.5109	20.3099	14.8088	43.4403	34.7332	38.8328	45.5936	50.3895	53.5869	33.7353	25.494	14.1632																8.25132											11.2936	11.6198	11.5126	11.4436	7.9147	0.172795	2.01423	1.90789	8.03676	10.3689	9.56967	12.9888	3.49442	3.24314	8.57515	10.5599	6.1006	2.56701	8.25483	15.5839	14.1327	11.1106	13.0685	11.5237	10.5961	24.3292	28.4013	8.51728	19.1462	14.8642	11.7663	14.5251	11.8081	13.6659																																																																																																																																																																													
40.2475	40.3322	32.2794	8.47386	6.0541	17.7294	27.8479	29.1921	25.9442	35.8671	40.004	33.8108	34.5114	38.1414	43.7081	22.4941	24.1484	26.9895	37.4538	41.8502	21.1586	25.2553	24.3696	9.16258															4.87525										15.8947	16.2687	11.6867	8.75813	9.0485	10.0711	4.19984	4.93549	4.01224	7.81952	11.1218	1.10621	16.1933	9.06127	2.07961	7.12242	9.47203	9.56886	10.3806	9.63619	10.0373	11.2212	8.41236	5.1693	6.42383	10.149	24.1958	22.0951	17.5574	20.7546	16.8197	13.4125	10.7518	6.70769	7.22829																																																																																																																																																																													
44.1015	40.5413	30.9063	1.05077	10.5862	18.6433	20.7063	8.98403	20.2967	46.5687	47.2535	48.3939	39.8093	35.3232	38.1651	33.9953	48.2172	48.7184	42.9964	44.8554	21.2918	13.4271	26.9351	11.6864																								4.88057	16.3322	7.67965	7.95153	8.0823	13.587	10.7449	5.72359	1.93076	1.25755	6.96204	13.6636	12.934	9.65123	14.2484	2.39876	5.85365	9.31962	10.1005	9.64436	5.73167	4.36223	7.08671	8.00074	3.45536	6.26373	17.6653	25.1806	9.91574	17.5675	26.8519	18.347	5.36489	6.01233	4.76751	1.70097	4.14268																																																																																																																																																																												
44.6057	42.1757	22.0514	14.328	16.8476	10.7494	19.3528	13.8604	28.3053	47.3667	25.6301	32.672	10.0307	28.9397	42.6942	37.9461	11.8048	22.2547	44.747	54.5319	25.0322	3.31901	26.9177	14.8266																								3.71574	12.617	14.8592	15.7416	4.79145	14.2393	11.2651	5.44604	2.01377	3.63927	3.14916	4.64102	12.746	13.5793	12.1334	1.22127	3.35032	3.71591	0.930157	1.39248	2.08631	3.11116	9.79802	6.20392	7.26736	10.4882	17.573	24.193	22.4278	15.4138	27.3321	18.9242	5.62177	3.40296		2.93915	2.02113	6.57183	7.45772																																																																																																																																																																										
26.8055	46.2943	29.089	31.1431	27.9215	21.7457	21.8624	21.62	35.3103	48.5831	19.7666	43.5433	33.9122	23.9946	30.8593	40.3155	46.5151	47.2477	50.0923	54.4807	24.4204	4.19862	23.8262	20.7563																		4.59913	4.55393					11.4094	17.6396	19.9519	11.5861	6.63773	9.63615	9.6851	6.58203	1.48557	1.54459	4.25816	0.244268	3.89099	5.80697	2.64035	3.71554	10.9672	10.5617	8.91589	2.80964	2.30322	4.64061	8.33518	3.6389	9.13954	3.93632	9.91487	12.6301	15.7916	4.87368	23.607	14.7554	7.25045	5.63961	1.73536	4.17028	6.15581	3.11093	7.08527																																																																																																																																																																										
21.64	37.7064	21.8124	40.3177	36.1297	43.8512	47.1336	43.3983	29.7707	43.7726	27.6454	55.8084	34.0984	30.5921	29.8225	34.1139	42.0486	44.9817	42.2687	44.0326	21.4955	13.4044	10.6261	21.1652	14.7543							0						1.96842	3.43721	5.70168	8.28947	8.13398	7.59014	9.41992	8.13575		6.46449	14.8314	21.2495	20.5687	16.0015	11.3787	8.94225	6.31528	6.21451	1.7092	2.21078	5.36335	2.87219	1.73522	6.42611	12.7747	9.31397	6.73965	4.83678	5.72967	5.72226	5.40458	3.16726	7.33774	1.70057	11.463	18.6392	13.4612	3.7979	15.8211	13.9381	19.2847	10.7578	7.16047	8.49959			6.68953	6.3249	8.74651																																																																																																																																																																										
33.8808	31.1361	13.7243	38.3529	32.7083	15.1709	32.4075	37.2873	31.2169	32.3957	52.0132	53.6579	24.8783	27.1306	21.1635	10.2246	27.651	30.6939	26.6302	29.8472	17.8044	7.91046	9.63168	10.8686	17.4675														3.42376	4.6873	5.00729	1.96832	2.67905	8.13676	12.3652	10.1063	4.1695	17.9556	22.5319	6.09717	3.99918	11.2282	14.3535	2.76639	7.48084	4.90295	2.21044	2.27026	3.01823	4.48426	20.5863	20.376	18.9278	5.80589	11.5073	7.38693	7.80646	5.51178	2.761	12.6807	17.6222	19.4329	14.5784	8.87194	12.66	18.3838	20.7362	17.6126	12.7075	9.43111	8.13645			6.48231	6.70451	3.28217																1.70914																																																																																																																																																										
45.0832	16.5588	8.48836	29.4599	41.8549	41.832	41.3644	34.689	38.1393	37.8738	35.8964	31.1004	5.4898	32.7011	40.1604	33.2117	34.1839	18.7224	24.8912	21.4419	14.1958	5.9404	7.87444	9.08964	17.1215							0				0.929808	0.880442		4.2395	5.18049	4.63947	5.44436	5.87324	10.2845	9.43629	13.6621	7.1186	22.4786	28.7699	12.1481	8.72643	12.4213	9.95818	9.94581	13.9571	14.4829	10.3887	8.5156	6.64028	5.19202	30.5626	15.4716	30.0722	9.4177	5.78485		11.5831	6.69522	1.31483	18.921	21.3514	6.56939	9.04337	13.255	14.7133	6.58909	8.15015	3.34907	7.43108								0.17268															0.244214																																																																																																																																																										
38.8782	27.4612	16.6186	11.9695	36.4438	48.784	22.3302	27.863	41.8819	40.3639	24.0509	3.45339	20.1031	32.8446	33.3319	24.9725	42.8035	30.1553	24.3788	19.5856	14.5636	3.82799	5.6191	5.78423	13.9994	6.39919	6.7728	8.36549	8.73767								4.50983		4.22514	2.72788	1.62851	1.62851	8.1969	15.3454	7.54745	16.7588	28.0306	35.9954	31.2845	18.0639	21.9917	17.5772	13.5242	14.7294	11.9178	12.2718	13.4338	10.85	7.59938	7.67567	32.3338	1.25678	31.3671	10.7394	14.1016		3.28152	5.74364	4.54869	17.7309	19.7336	5.54299	13.5794	8.36492	10.2723	9.24868	4.02408	9.13606	15.5102	20.0568	14.6542																																																																																																																																																																															
11.3553	30.5964	38.7658	6.47348	46.7633	50.6535	17.7053	37.6956	22.6131	28.3275	5.3805	18.2175	22.023	20.4635	29.4882	13.3197	27.2135	29.0114	20.0569	21.5427	20.5993	3.55456	6.41903	2.24326	11.2479	9.74735	5.02069	6.25951	7.56975	5.743	3.44884	5.67614				5.00574	1.03577	1.39162	2.85538	1.47479	3.72972	3.63717	11.447	14.3352	3.39669	17.5757	23.6776	11.056	17.1945	20.1585	11.4139	12.1086	25.6709	23.045	18.3419	16.993	23.7231	31.6735	38.048	39.6548	31.5161	11.0191	27.1768	10.251	10.5387	11.8512		5.51034	11.3478	13.6705	13.0532	15.2136	9.73236	14.4655	11.1022	2.30212	12.987	9.76929	3.33066	9.36086	6.5342	8.12512																																																																																																																																																																														
31.4759	10.879	42.2342	2.58769	47.497	46.6821	30.585	35.9401	21.5452	22.6604	11.6524	15.5975	12.5967	16.2555	23.54	33.8704	20.4555	39.1079	25.4867	20.6368	21.0102	9.27984	2.48806	10.8958	5.46706	12.6086	0.976483	4.09645	7.07521	4.19621	4.59639	6.498	8.03849						3.10909	3.96416			12.4312	14.592	9.41502	17.4461	10.9973	18.2461	23.4596	24.7352	19.1031	17.6204	8.41375	13.1627	8.56693	12.6458	18.1576	20.7777	25.0007	23.6302	18.5121	17.1027	25.885	11.2631	13.1976	14.7213			15.5065	9.98287	10.42	17.0834	16.7082	22.2869	9.07945	9.80902	7.77364	10.0043																																																																																																																																																																																		
30.4933	13.2719	37.4894	13.1694	53.337	38.1834	30.5714	33.9392	29.8641	24.4401	18.3386	24.01	26.0725	23.6558	15.2683	50.6777	28.468	48.1123	33.7433	34.3719	32.4784	21.2473	12.3263	10.4226	6.31202	13.9868	2.93188	3.90746	4.31064	0.771922	7.43624	5.40148	8.67367	10.3141					2.61033	2.80768			8.46419	14.7247	10.6417	15.7067	14.793	15.7608	18.6189	5.09838	16.8989	26.8926	22.148	23.7664	20.0214	20.5776	15.8253	17.7582	28.527	28.554	19.1416	9.53106	21.9736	17.0557	19.375	17.0296	5.18998		10.6404	12.2537	8.16674	11.0848	12.3526	12.3896	5.00483	11.6552	15.1709	17.0557																																																																																																																																																																																		
20.6815	22.2777	24.1649	29.7427	57.1705	20.2082	50.4408	35.3054	16.0515	8.3554	25.4571	25.9298	16.684	8.73232	25.5388	54.9942	10.9794	48.9939	12.9852	17.3107	31.1545	22.4661	14.9097	5.20386	10.6505	9.5813	3.22094	1.56256	0.711591	1.70807	6.31112	5.01902	3.4348	10.6499					1.63699	1.75963		1.69935	5.47646	11.2105	10.7472	20.1884	32.8512	20.2175	27.9373	12.7528	5.53015	21.7192	18.6181	16.098	17.898	24.2921	20.141	12.9733	13.5505	18.2644	19.0189	10.7567	10.0905	18.9126	23.8956	7.42758	10.5417	9.86131	1.56254	5.44171	8.19428	8.23474	3.22094	8.51104		9.4092	9.91962	7.75757																																																																																																																																																																																		
35.3908	33.1044	18.6155	27.0844	53.4614	53.2258	44.936	24.2016	25.9615	22.3981	39.123	46.8971	48.447	36.3582	25.55	53.572	10.563	53.6493	25.0026	22.1509	24.6878	26.8275	17.4931	6.16244	3.92933	1.73389	2.82813	0.711518	0.17258	1.09134	4.05521	7.21817	8.20237	11.2599								1.47417	4.87243	6.19804	12.5451	34.804	27.4132	12.0151	23.6904	25.0491	15.1495	9.12745	16.6631	14.4608	13.2215	25.3693	31.4681	13.3479	27.8331	13.4871	6.77795	15.0964	17.4438	17.7136	17.2023	11.5134	7.72657	12.8611				8.27237	4.06633	8.20722													0																																																																																																																																																																									
23.4237	18.5074	9.37514	17.105	38.1651	44.4015	38.616	51.2845	54.7779	28.3259	36.4337	32.6748	35.8408	43.388	37.4779	50.33	25.3145	57.3713	37.8058	15.5866	16.0501	26.1773	19.2998	6.68165	3.39507	2.78571	4.649	3.66385	4.39103	3.89875	1.34755	3.90633	8.18561	6.53127									5.61596	6.07562	19.274	31.1462	22.3207	21.0169	9.42401	21.838	21.0312	7.7558	10.6217	12.4676	9.98646	21.62	36.496	25.1084	10.1099	17.1792	10.1452	13.6649	11.4385	0.172563	14.3599	18.6828	16.4424	11.2185	5.5475			5.6992	6.70819	6.538																																																																																																																																																																																						
6.83694	27.5109	25.0008	14.3966	6.35804	5.81838	57.142	41.1529	42.3432	24.3732	25.6106	34.3342	14.224	29.809	43.3565	48.8567	19.5929	56.7949	46.1848	20.3591	26.0027	25.5838	10.7544	8.17064	5.06174	5.16528	8.03307	10.6382	8.28869	4.47059	3.39908	5.71658	3.96602										7.31682	9.03012	17.7862	19.7824	15.7622	20.3729	23.0101	27.8552	18.1906	9.19598	4.76151	4.63599	2.26835	9.4654	23.951	27.6646	16.6337	20.6883	20.6541	16.0364	15.5844	14.3583	11.4664	13.3947	24.3482	11.9392	8.42671																																																																																																																																																																																											
10.0062	34.0009	10.709	21.8204	5.93797	11.7853	49.8306	53.6299	50.3544	32.2865	23.7639	25.6589	36.2861	27.9534	7.94109	24.1819	45.0532	57.2395	43.2819	26.0054	7.77682	2.43843	7.38586	9.99467	6.86818	2.82736	3.27453	3.06898	8.07164	6.84272	6.54797	6.25519											6.83818	9.40522	16.5162	12.7534	7.76379	9.79242	13.9947	16.6646	8.40901	6.13459	3.16397	2.48667	1.42246	2.54567	11.5976	21.0878	19.414	14.6532	22.4176	9.06929	11.7389	15.1758	18.1565	12.8784	22.8277	9.22007	9.58498																11.7511																																																																																																																																																																											
15.0018	37.5469	15.2901	35.6861	13.8504	11.6126	33.5365	10.6875	24.4325	22.7449	29.1448	30.3217	44.0856	44.125	49.3828	52.1909	51.1904	39.6994	22.7146	26.0845	16.2947	16.0869	9.21036	7.10534	10.1871	8.65729	12.8994	14.2989	12.4642	7.89315	5.87534												6.25449	8.40795	13.8417	14.1167	5.00195	5.33253	5.34353	10.3142	17.712	20.2732	15.8697	10.0225	5.50636	2.67617	5.88524	17.3786	24.3106	13.5131	19.0413	9.8567	12.1606	11.3605	13.5473	21.2659	19.4718	6.10301	5.09536	7.96805														6.43899	9.19416																																																																																																																																																																											
19.0169	37.4298	28.6625	43.5788	13.0387	35.3572	36.6467	28.6144	24.2427	2.50996	14.366	26.4977	42.0379	29.0458	36.9091	27.8409	9.02789	14.8558	24.3639	32.067	12.8926	10.9958	14.5729	9.10842	13.3608																		7.79194	10.5257	7.61667	16.0443	4.30441	8.93176	9.0328	11.3339	18.1996	20.5707	17.7571	10.5707	7.20272	7.14354	1.75856	4.14707	15.8045	9.43071	14.4487	4.30775	12.6458	6.10239	7.20666	16.7836	8.56232	1.00575	4.33506	6.80286	10.4552																																																																																																																																																																																									
23.4812	36.2135	31.2274	46.7761	12.395	38.7421	33.2544	9.30892	29.1397	22.9215	23.3241	17.6389	32.1392	16.5146	23.2943	16.6963	15.6882	10.8873	16.502	30.3642	3.726	5.84643	19.398	12.7935	13.077																		7.85065	10.8972	6.36481	16.003	11.9288	9.30939	12.3311	9.99186	10.077	12.0539	16.9979	8.72841	5.50512	6.68723	3.31408	2.85278	13.0546	13.2854	17.0819	10.4983	15.8588	14.9228	14.1466	10.953	3.10646	2.59121	5.91872	5.06251	11.2044																																																																																																																																																																																									
22.5767	38.9763	26.2841	51.0975	12.1148	30.5849	33.639	16.0126	16.6934	39.1173	45.6759	44.3585	10.2072	18.0799	10.6758	24.5348	12.5226	19.0215	34.3572	28.3221	11.1027	12.8857	18.6315	15.1801																				8.30005	7.03551	13.8012	24.1903	14.7868	16.5397	6.92715	1.90425	14.6626	20.2667	8.90252	5.77549	1.56137	7.52168	8.98008	4.25186	11.1571	15.7634	11.8041	15.0869	17.4051	14.8376	9.67698	5.5367	5.42941	6.51623	4.63354	9.13352																																																																																																																																																																																									
38.5253	38.4397	16.3926	43.1269	41.6247	11.5972	29.9756	25.6864	22.4518	19.5555	21.7251	29.4037	18.3211	16.7803	31.5654	39.8239	23.8518	33.2742	31.8912	24.4425	22.5717	21.2576	17.7685	12.6325																				4.27549	4.50411	10.8301	28.8543	20.0861	9.78019	6.47289	9.42389	13.4152	16.5473	8.13735	1.04886	12.0099	11.9518	11.7133	9.40556	14.6101									7.89907	5.66971																																																																																																																																																																																										
49.2265	28.9993	36.568	16.425	31.9672	28.3504	21.7563	28.3291	8.02379	35.3639	46.3778	41.6163	20.517	24.2748	33.8987	17.25	29.8986	38.984	27.6158	18.9555	11.3758	14.0263	12.7109																				6.49935	2.72441	0.771078	6.52637	23.4246	23.6874	12.2563	8.11549	10.7303	6.22578	10.7475	12.3916	3.08169	18.4746	14.7057	13.6639	14.4171	12.8159	9.95345	10.1492	7.53726																																																																																																																																																																																																	
55.4536	54.4814	56.651	18.1796	27.1337	30.1167	12.6729	34.908	31.0663	33.1718	19.912	19.7753	30.7589	39.9674	41.9632	39.2578	49.573	43.3981	29.4017	18.1966	5.69432	3.78762																				4.63217	6.86338	4.13439	5.48447	3.53331	14.6778	17.8386	7.27949	1.63527	10.389	5.59832	11.1681	22.0327	21.8216	14.0246	11.1173	19.6796	18.9676	9.41143	6.63233	8.617	7.51327																																																																																																																																																																																																	
51.8615	57.3858	64.5452	26.7284	9.90822	19.6771	15.5022	35.7655	36.3488	21.3208	7.96981	6.22485	7.18016	23.9985	33.6898	19.6409	40.7771	24.5892	15.8475	10.5364																								6.75359	3.46095	3.54962	10.9325	18.339	16.608	9.25085	3.24927	5.76306	10.4497	12.1103	11.0265	12.0591	24.3515																																																																																																																																																																																																							
31.1723	48.3761	65.4397	49.4093	3.69599	17.7243	16.1505	10.7432	13.7616	9.92905	10.4864	6.3519	2.39956	30.3664	34.9791	28.3724	41.1336	15.0633	5.09162	3.28978																								8.79434	10.2955	9.12984	10.4449	16.812	23.2022	25.6729	23.8199	20.1005	23.3808	28.2621	29.9333	23.4999																																																																																																																																																																																																								
37.4223	24.2476	65.2337	66.8716	27.3473	18.1441	3.05143	18.6763	5.15145	12.621	9.64926	15.0499	18.1409	38.3174	21.7238	46.6591	35.2537	7.10573																																13.6942	18.9733	22.6337																																																																																																																																																																																																												
35.9432	63.5295	61.7699	72.3247	44.6763	21.249	4.96183	16.1605	19.1413	6.35099	15.6902	19.0994	8.41769	32.043	36.0542	41.0097																																																																																																																																																																																																																																																
57.6465	66.6906	60.0923	74.3856	47.7058	21.2593	5.12764	8.59486	6.53399	8.97284	25.5083	22.8664	26.3167	9.75219	23.6362																																																																																																																																																																																																																																																	
59.6626	67.3446	61.8761	73.6965	43.2566	21.9851	14.6362	5.12705	0.544907	7.23127	28.9677	19.8474	32.792	20.9098																																																																																																																																																																																																																																																		
54.3012	55.788	47.1333	68.1409	53.9309	42.7111	26.9213	10.0707	0.927768	6.69768	17.2491	31.5439																																																																																																																																																																																																																																																				
53.9803	52.4207	48.8157	65.2274	59.4043	51.9205	40.2301	22.4233	1.77318	6.4738	11.1445																																																																																																																																																																																																																																																					
41.3029	58.643	29.1537	62.9029	64.5542	61.7578	58.4263	46.6062	8.35997	4.29864																																																																																																																																																																																																																																																						
44.8822	62.438	62.9467	43.8841	53.4103	47.112	59.6044	55.8933	14.3788																																																																																																																																																																																																																																																							
37.1673	50.7811	65.9404	44.7477	58.4144	52.7392	61.8286	55.2711																																																																																																																																																																																																																																																								
27.6155	33.1955	67.0794	40.2689	62.3499	50.1114	56.558	42.5423																																																																																																																																																																																																																																																								
43.1106	53.8473	70.5651	27.7565	62.6928	64.5244	57.1036	31.5568																																																																																																																																																																																																																																																								
29.5128	59.9363	65.4906	66.6552	63.7074	60.3391	57.5178	39.2719																																																																																																																																																																																																																																																								
46.0266	42.8009	59.0346	68.8332	67.5814	61.4041	50.7623																																																																																																																																																																																																																																																									
41.5928	45.0298	50.1493	41.438	43.4613	42.7852	37.368																																																																																																																																																																																																																																																									
28.3024	33.9786	25.8555																																																																																																																																																																																																																																																													
																																																																																																																																																																																																																																																															
																																																																																																																																																																																																																																																															
																																																																																																																																																																																																																																																															
																																																																																																																																																																																																																																																															
																																																																																																																																																																																																																																																															
																																																																																																																																																																																																																																																															
																																																																																																																																																																																																																																																															
																																																																																																																																																																																																																																																															
																																																																																																																																																																																																																																																															
																																																																																																																																																																																																																																																															
																																																																																																																																																																																																																																																															
																																																																																																																																																																																																																																																															
																																																																																																																																																																																																																																																															
																																																																																																																																																																																																																																																															
																																																																																																																																																																																																																																																															
																																																																																																																																																																																																																																																															
																																																																																																																																																																																																																																																															
																																																																																																																																																																																																																																																															
																																																																																																																																																																																																																																																															
																																																																																																																																																																																																																																																															
																																																																																																																																																																																																																																																															
																																																																																																																																																																																																																																																															
																																																																																																																																																																																																																																																															
																																																																																																																																																																																																																																																															
																																																																																																																																																																																																																																																															
																																																																																																																																																																																																																																																															
																																																																																																																																																																																																																																																															
																																																																																																																																																																																																																																																															
																																																																																																																																																																																																																																																															
																																																																																																																																																																																																																																																															
																																																																																																																																																																																																																																																															
																																																																																																																																																																																																																																																															
																																																																																																																																																																																																																																																															
																																																																																																																																																																																																																																																															
																																																																																																																																																																																																																																																															
																																																																																																																																																																																																																																																															
																																																																																																																																																																																																																																																															
																																																																																																																																																																																																																																																															
																																																																																																																																																																																																																																																															
																																																																																																																																																																																																																																																															
																																																																																																																																																																																																																																																															
																																																																																																																																																																																																																																																															
																																																																																																																																																																																																																																																															
																																																																																																																																																																																																																																																															
																																																																																																																																																																																																																																																															
																																																																																																																																																																																																																																																															
																																																																																																																																																																																																																																																															
																																																																																																																																																																																																																																																															
																																																																																																																																																																																																																																																															
																																																																																																																																																																																																																																																															
																																																																																																																																																																																																																																																															
																																																																																																																																																																																																																																																															
																																																																																																																																																																																																																																																															
																																																																																																																																																																																																																																																															
																																																																																																																																																																																																																																																															
																																																																																																																																																																																																																																																															
																																																																																																																																																																																																																																																															
																																																																																																																																																																																																																																																															
																																																																																																																																																																																																																																																															
																																																																																																																																																																																																																																																															
																																																																																																																																																																																																																																																															
																																																																																																																																																																																																																																																															
																																																																																																																																																																																																																																																															
																																																																																																																																																																																																																																																															
																																																																																																																																																																																																																																																															
																																																																																																																																																																																																																																																															
																																																																																																																																																																																																																																																															
																																																																																																																																																																																																																																																															
																																																																																																																																																																																																																																																															
																																																																																																																																																																																																																																																															
																																																																																																																																																																																																																																																															
																																																																																																																																																																																																																																																															
																																																																																																																																																																																																																																																															
																																																																																																																																																																																																																																																															
																																																																																																																																																																																																																																																															
																																																																																																																																																																																																																																																															
																																																																																																																																																																																																																																																															
																																																																																																																																																																																																																																																															
																																																																																																																																																																																																																																																															
																																																																																																																																																																																																																																																															
																																																																																																																																																																																																																																																															
																																																																																																																																																																																																																																																															
																																																																																																																																																																																																																																																															
																																																																																																																																																																																																																																																															
																																																																																																																																																																																																																																																															
																																																																																																																																																																																																																																																															
																																																																																																																																																																																																																																																															
																																																																																																																																																																																																																																																															
																																																																																																																																																																																																																																																															
																																																																																																																																																																																																																																																															
																																																																																																																																																																																																																																																															
																																																																																																																																																																																																																																																															
																																																																																																																																																																																																																																																															
																																																																																																																																																																																																																																																															
																																																																																																																																																																																																																																																															
																																																																																																																																																																																																																																																															
																																																																																																																																																																																																																																																															
																																																																																																																																																																																																																																																															
																																																																																																																																																																																																																																																															
																																																																																																																																																																																																																																																															
																																																																																																																																																																																																																																																															
																																																																																																																																																																																																																																																															
																																																																																																																																																																																																																																																															
																																																																																																																																																																																																																																																															
																																																																																																																																																																																																																																																															
																																																																																																																																																																																																																																																															