0.44992	0.899784	0.44992	0.44992	0.899784	0.44992	0.44992	0.44992	0.44992	0.899784	0.44992	0.44992	0.899784	0.899784	0.44992	0.44992	0.44992	0.44992	0.899784	0.44992	0.44992	0.44992	0.899784	0.899784	0.44992	0.44992	0.44992	0.899784	0.44992	0.44992	0.44992	0.899784	0.899784	0.44992	0.44992	0.44992	0.899784	0.44992	0.44992	0.44992	0.44992	0.899784	0.899784	0.44992	0.44992	0.899784	0.44992	0.899784	0.899784	0.44992	0.899784	0.44992	0.44992	0.899784	0.899784	0.44992	0.44992	0.44992	0.44992	0.899784	0.44992	0.44992	0.44992	1.34954	1.34954	0.44992	0.44992	0.44992	0.899784	0.44992	0.44992	0.899784	0.44992	0.44992	0.899784	0.44992	0.44992	0.899784	0.44992	0.44992	0.899784	0.44992	0.44992	0.44992	0.44992	0.899784	0.899784	0.44992	0	0.44992	0.44992	0.44992	0.44992	0.44992	0.44992	0.44992	0.44992	0.44992	0.899784	0.44992	0	0	0.44992	0.899784	0.44992	0	0	0.44992	0.44992	0	0	0.44992	0.44992	0	0.44992	0.44992	0.44992	0.44992	0	0	0	0.44992	0.44992	0	0	0.44992	0.44992	0.44992	0.44992	0	0.44992	0.44992	0	0	0	0.44992	0.44992	0	0.44992	0.44992	0	0	0	0.44992	0.44992	0	0.44992	0.44992	0.44992	0.44992	0	0	0.44992	0.44992	0	0	0	0.44992	0.44992	0	0	0.44992	0.44992	0	0.44992	0.44992	0	0	0.44992	0.44992	0	0	0	0.44992	0.44992	0	0	0	0	0.44992	0.44992	0	0	0	0	0	0	0	0.44992	45.5913																																																						46.0285	0.44992	0.44992	0	0	0	0	0	0	0	0.44992	0.44992	0
0.449878	0.8997	0.449878	0.449878	0.8997	0.449878	0.449878	0.449878	0.449878	0.8997	0.449878	0.449878	0.8997	0.8997	0.449878	0.449878	0.449878	0.449878	0.8997	0.449878	0.449878	0.449878	0.8997	0.8997	0.449878	0.449878	0.449878	0.8997	0.449878	0.449878	0.449878	0.8997	0.8997	0.449878	0.449878	0.449878	0.8997	0.449878	0.449878	0.449878	0.449878	0.8997	0.8997	0.449878	0.449878	0.8997	0.449878	0.8997	0.8997	0.449878	0.8997	0.449878	0.449878	0.8997	0.8997	0.449878	0.449878	0.449878	0.449878	0.8997	0.449878	0.449878	0.449878	1.34941	1.34941	0.449878	0.449878	0.449878	0.8997	0.449878	0.449878	0.8997	0.449878	0.449878	0.8997	0.449878	0.449878	0.8997	0.449878	0.449878	0.8997	0.449878	0.449878	0.449878	0.449878	0.8997	0.8997	0.449878	0	0.449878	0.449878	0.449878	0.449878	0.449878	0.449878	0.449878	0.449878	0.449878	0.8997	0.449878	0	0	0.449878	0.8997	0.449878	0	0	0.449878	0.449878	0	0	0.449878	0.449878	0	0.449878	0.449878	0.449878	0.449878	0	0	0	0.449878	0.449878	0	0	0.449878	0.449878	0.449878	0.449878	0	0.449878	0.449878	0	0	0	0.449878	0.449878	0	0.449878	0.449878	0	0	0	0.449878	0.449878	0	0.449878	0.449878	0.449878	0.449878	0	0	0.449878	0.449878	0	0	0	0.449878	0.449878	0	0	0.449878	0.449878	0	0.449878	0.449878	0	0	0.449878	0.449878	0	0	0	0.449878	0.449878	0	0	0	0	0.449878	0.449878	0	0	0	0	0	0	0	0.449878	45.5886																																																						46.0258	0.449878	0.449878	0	0	0	0	0	0	0	0.449878	0.449878	0
1.99216	2.01107	1.85425	1.85425	2.01107	1.85425	1.94078	2.16237	2.29271	2.42121	2.29271	2.29271	2.42121	2.42121	2.29271	2.29271	2.29271	2.29271	2.42121	2.29271	2.29271	2.29271	2.42121	2.42121	2.29271	2.29271	2.29271	2.42121	2.29271	2.29271	2.29271	2.48804	2.70194	2.64534	2.42643	2.29271	2.42121	2.29271	2.29271	2.29271	2.29271	2.42121	2.36317	1.99216	1.85425	2.01107	1.85425	2.06681	2.27612	2.20858	2.16234	1.85425	1.85425	2.01107	2.01107	1.85425	1.85425	1.85425	1.77772	1.77769	1.42234	1.42234	1.42234	1.9079	1.9079	1.42234	1.42234	1.42234	1.62159	1.42234	1.42234	1.62159	1.42234	1.42234	1.62159	1.42234	1.42234	1.62159	1.42234	1.42234	1.62159	1.42234	1.42234	1.42234	1.42234	1.62159	1.62159	1.42234	1.24208	1.15777	1.00584	1.00584	1.00584	1.06685	1.21114	1.15777	1.00584	1.00584	1.2821	1.28213	1.24208	1.01835	1.00584	1.27219	1.00584	0.899685	0.79523	0.7952	0.636175	0.44987	0.44987	0.636175	0.636175	0.44987	0.636175	0.636175	0.636175	0.636175	0.44987	0.44987	0.355654	0.502936	0.47714	0.44987	0.44987	0.636175	0.636175	0.636175	0.636175	0.44987	0.636175	0.636175	0.44987	0.44987	0.355654	0.502936	0.47714	0.44987	0.636175	0.636175	0.44987	0.355654	0.15905	0.355631	0.502936	0.15905	0.355631	0.47714	0.636175	0.636175	0.44987	0.44987	0.636175	0.636175	0.44987	0.355654	0.15905	0.449835	0.449835	0	0	0.355631	0.502936	0.15905	0.355631	0.47714	0.44987	0.355654	0.502936	0.47714	0.44987	0.355654	0.15905	0.355631	0.47714	0.44987	0.44987	0.44987	0.44987	0.636175	0.636175	0.44987	0.44987	0.44987	0.44987	0.355654	0.15905	0	0.355631	38.9438																																																						39.7249	1.71994	1.50019	1.34939	1.34939	1.34939	1.34939	1.34939	1.34939	1.34939	1.14682	0.71128	0.44987
2.06662	2.01088	1.85407	1.85407	2.01088	1.85407	1.9144	2.13869	2.2925	2.42098	2.2925	2.2925	2.42098	2.42098	2.2925	2.2925	2.2925	2.2925	2.42098	2.2925	2.2925	2.2925	2.42098	2.42098	2.2925	2.2925	2.2925	2.42098	2.2925	2.2925	2.2925	2.4262	2.64509	2.70168	2.48781	2.2925	2.42098	2.2925	2.2925	2.2925	2.2925	2.42098	2.46741	2.06662	1.85407	2.01088	1.85407	1.99197	2.20837	2.27591	2.27588	1.85407	1.85407	2.01088	2.01088	1.85407	1.85407	1.85407	1.86085	1.91434	1.42221	1.42221	1.42221	1.90772	1.90772	1.42221	1.42221	1.42221	1.62144	1.42221	1.42221	1.62144	1.42221	1.42221	1.62144	1.42221	1.42221	1.62144	1.42221	1.42221	1.62144	1.42221	1.42221	1.42221	1.42221	1.62144	1.62144	1.42221	1.28201	1.28198	1.00575	1.00575	1.00575	1.01825	1.21103	1.28198	1.00575	1.00575	1.15766	1.24196	1.28201	1.06675	1.00575	1.27207	1.00575	0.899601	0.856391	0.96727	0.636115	0.449828	0.449828	0.636115	0.636115	0.449828	0.636115	0.636115	0.636115	0.636115	0.449828	0.449828	0.477095	0.502889	0.35562	0.449828	0.449828	0.636115	0.636115	0.636115	0.636115	0.449828	0.636115	0.636115	0.449828	0.449828	0.477095	0.502889	0.35562	0.449828	0.636115	0.636115	0.449828	0.477095	0.355598	0.159035	0.502889	0.355598	0.159035	0.35562	0.636115	0.636115	0.449828	0.449828	0.636115	0.636115	0.449828	0.477095	0.355598	0.449793	0.449793	0	0	0.159035	0.502889	0.355598	0.159035	0.35562	0.449828	0.477095	0.502889	0.35562	0.449828	0.477095	0.355598	0.159035	0.35562	0.449828	0.449828	0.449828	0.449828	0.636115	0.636115	0.449828	0.449828	0.449828	0.449828	0.477095	0.355598	0	0.159035	19.9826	48.7473																													47.7049	46.0773	46.1853	46.2387	46.2387	46.2387	46.2387	46.2929	46.4001	46.4531	46.4531	46.4531	46.4531	46.4531	46.4531	46.4531	46.5068	46.6132	46.6658	46.6658	46.6658	46.6658	46.6658	40.2103	21.3917	1.69014	1.46597	1.34926	1.34926	1.34926	1.34926	1.34926	1.34926	1.34926	1.14671	0.711213	0.449828
0.899445	0.899445	0.44975	0.44975	0.899445	0.44975	0	0	0.44975	0.899445	0.44975	0.44975	0.899445	0.899445	0.44975	0.44975	0.44975	0.44975	0.899445	0.44975	0.44975	0.44975	0.899445	0.899445	0.44975	0.44975	0.44975	0.899445	0.44975	0.44975	0.44975	0.44975	0.44975	0.899445	0.899445	0.44975	0.899445	0.44975	0.44975	0.44975	0.44975	0.899445	1.34903	0.899445	0.44975	0.899445	0.44975	0.44975	0.44975	0.899445	1.34903	0.44975	0.44975	0.899445	0.899445	0.44975	0.44975	0.44975	0.899445	1.34903	0.44975	0.44975	0.44975	1.34903	1.34903	0.44975	0.44975	0.44975	0.899445	0.44975	0.44975	0.899445	0.44975	0.44975	0.899445	0.44975	0.44975	0.899445	0.44975	0.44975	0.899445	0.44975	0.44975	0.44975	0.44975	0.899445	0.899445	0.44975	0.44975	0.899445	0.44975	0.44975	0.44975	0	0.44975	0.899445	0.44975	0.44975	0.44975	0	0.44975	0.44975	0.44975	0.899445	0.44975	0	0.44975	0.899445	0.44975	0	0	0.44975	0.44975	0	0.44975	0.44975	0.44975	0.44975	0	0	0.44975	0.44975	0	0	0	0.44975	0.44975	0.44975	0.44975	0	0.44975	0.44975	0	0	0.44975	0.44975	0	0	0.44975	0.44975	0	0.44975	0.44975	0	0.44975	0.44975	0	0	0.44975	0.44975	0	0	0.44975	0.44975	0	0.44975	0.44975	0.44975	0.44975	0	0	0	0.44975	0.44975	0	0	0	0.44975	0.44975	0	0	0.44975	0.44975	0	0	0	0	0	0	0.44975	0.44975	0	0	0	0	0.44975	0.44975	0	0	0	45.5805																													46.0177	0.44975	0.44975	0	0	0	0	0.44975	0.44975	0	0	0	0	0	0	0	0.44975	0.44975	0	0	0	0	0	0.44975	0.44975	0	0	0	0	0	0	0	0	0	0.44975	0.44975	0
0.899361	0.899361	0.449708	0.449708	0.899361	0.449708	0	0	0.449708	0.899361	0.449708	0.449708	0.899361	0.899361	0.449708	0.449708	0.449708	0.449708	0.899361	0.449708	0.449708	0.449708	0.899361	0.899361	0.449708	0.449708	0.449708	0.899361	0.449708	0.449708	0.449708	0.449708	0.449708	0.899361	0.899361	0.449708	0.899361	0.449708	0.449708	0.449708	0.449708	0.899361	1.3489	0.899361	0.449708	0.899361	0.449708	0.449708	0.449708	0.899361	1.3489	0.449708	0.449708	0.899361	0.899361	0.449708	0.449708	0.449708	0.899361	1.3489	0.449708	0.449708	0.449708	1.3489	1.3489	0.449708	0.449708	0.449708	0.899361	0.449708	0.449708	0.899361	0.449708	0.449708	0.899361	0.449708	0.449708	0.899361	0.449708	0.449708	0.899361	0.449708	0.449708	0.449708	0.449708	0.899361	0.899361	0.449708	0.449708	0.899361	0.449708	0.449708	0.449708	0	0.449708	0.899361	0.449708	0.449708	0.449708	0	0.449708	0.449708	0.449708	0.899361	0.449708	0	0.449708	0.899361	0.449708	0	0	0.449708	0.449708	0	0.449708	0.449708	0.449708	0.449708	0	0	0.449708	0.449708	0	0	0	0.449708	0.449708	0.449708	0.449708	0	0.449708	0.449708	0	0	0.449708	0.449708	0	0	0.449708	0.449708	0	0.449708	0.449708	0	0.449708	0.449708	0	0	0.449708	0.449708	0	0	0.449708	0.449708	0	0.449708	0.449708	0.449708	0.449708	0	0	0	0.449708	0.449708	0	0	0	0.449708	0.449708	0	0	0.449708	0.449708	0	0	0	0	0	0	0.449708	0.449708	0	0	0	0	0.449708	0.449708	0	0	0	45.5778																													46.015	0.449708	0.449708	0	0	0	0	0.449708	0.449708	0	0	0	0	0	0	0	0.449708	0.449708	0	0	0	0	0	0.449708	0.449708	0	0	0	0	0	0	0	0	0	0.449708	0.449708	0
0.899276	0.899276	0.449666	0.449666	0.899276	0.449666	0	0	0.449666	0.899276	0.449666	0.449666	0.899276	0.899276	0.449666	0.449666	0.449666	0.449666	0.899276	0.449666	0.449666	0.449666	0.899276	0.899276	0.449666	0.449666	0.449666	0.899276	0.449666	0.449666	0.449666	0.449666	0.449666	0.899276	0.899276	0.449666	0.899276	0.449666	0.449666	0.449666	0.449666	0.899276	1.34878	0.899276	0.449666	0.899276	0.449666	0.449666	0.449666	0.899276	1.34878	0.449666	0.449666	0.899276	0.899276	0.449666	0.449666	0.449666	0.899276	1.34878	0.449666	0.449666	0.449666	1.34878	1.34878	0.449666	0.449666	0.449666	0.899276	0.449666	0.449666	0.899276	0.449666	0.449666	0.899276	0.449666	0.449666	0.899276	0.449666	0.449666	0.899276	0.449666	0.449666	0.449666	0.449666	0.899276	0.899276	0.449666	0.449666	0.899276	0.449666	0.449666	0.449666	0	0.449666	0.899276	0.449666	0.449666	0.449666	0	0.449666	0.449666	0.449666	0.899276	0.449666	0	0.449666	0.899276	0.449666	0	0	0.449666	0.449666	0	0.449666	0.449666	0.449666	0.449666	0	0	0.449666	0.449666	0	0	0	0.449666	0.449666	0.449666	0.449666	0	0.449666	0.449666	0	0	0.449666	0.449666	0	0	0.449666	0.449666	0	0.449666	0.449666	0	0.449666	0.449666	0	0	0.449666	0.449666	0	0	0.449666	0.449666	0	0.449666	0.449666	0.449666	0.449666	0	0	0	0.449666	0.449666	0	0	0	0.449666	0.449666	0	0	0.449666	0.449666	0	0	0	0	0	0	0.449666	0.449666	0	0	0	0	0.449666	0.449666	0	0	0	45.5751																													46.0123	0.449666	0.449666	0	0	0	0	0.449666	0.449666	0	0	0	0	0	0	0	0.449666	0.449666	0	0	0	0	0	0.449666	0.449666	0	0	0	0	0	0	0	0	0	0.449666	0.449666	0
0.899191	0.899191	0.449623	0.449623	0.899191	0.449623	0	0	0.449623	0.899191	0.449623	0.449623	0.899191	0.899191	0.449623	0.449623	0.449623	0.449623	0.899191	0.449623	0.449623	0.449623	0.899191	0.899191	0.449623	0.449623	0.449623	0.899191	0.449623	0.449623	0.449623	0.449623	0.449623	0.899191	0.899191	0.449623	0.899191	0.449623	0.449623	0.449623	0.449623	0.899191	1.34865	0.899191	0.449623	0.899191	0.449623	0.449623	0.449623	0.899191	1.34865	0.449623	0.449623	0.899191	0.899191	0.449623	0.449623	0.449623	0.899191	1.34865	0.449623	0.449623	0.449623	1.34865	1.34865	0.449623	0.449623	0.449623	0.899191	0.449623	0.449623	0.899191	0.449623	0.449623	0.899191	0.449623	0.449623	0.899191	0.449623	0.449623	0.899191	0.449623	0.449623	0.449623	0.449623	0.899191	0.899191	0.449623	0.449623	0.899191	0.449623	0.449623	0.449623	0	0.449623	0.899191	0.449623	0.449623	0.449623	0	0.449623	0.449623	0.449623	0.899191	0.449623	0	0.449623	0.899191	0.449623	0	0	0.449623	0.449623	0	0.449623	0.449623	0.449623	0.449623	0	0	0.449623	0.449623	0	0	0	0.449623	0.449623	0.449623	0.449623	0	0.449623	0.449623	0	0	0.449623	0.449623	0	0	0.449623	0.449623	0	0.449623	0.449623	0	0.449623	0.449623	0	0	0.449623	0.449623	0	0	0.449623	0.449623	0	0.449623	0.449623	0.449623	0.449623	0	0	0	0.449623	0.449623	0	0	0	0.449623	0.449623	0	0	0.449623	0.449623	0	0	0	0	0	0	0.449623	0.449623	0	0	0	0	0.449623	0.449623	0	0	0	45.5724																													46.0096	0.449623	0.449623	0	0	0	0	0.449623	0.449623	0	0	0	0	0	0	0	0.449623	0.449623	0	0	0	0	0	0.449623	0.449623	0	0	0	0	0	0	0	0	0	0.449623	0.449623	0
0.899107	0.899107	0.449581	0.449581	0.899107	0.449581	0	0	0.449581	0.899107	0.449581	0.449581	0.899107	0.899107	0.449581	0.449581	0.449581	0.449581	0.899107	0.449581	0.449581	0.449581	0.899107	0.899107	0.449581	0.449581	0.449581	0.899107	0.449581	0.449581	0.449581	0.449581	0.449581	0.899107	0.899107	0.449581	0.899107	0.449581	0.449581	0.449581	0.449581	0.899107	1.34852	0.899107	0.449581	0.899107	0.449581	0.449581	0.449581	0.899107	1.34852	0.449581	0.449581	0.899107	0.899107	0.449581	0.449581	0.449581	0.899107	1.34852	0.449581	0.449581	0.449581	1.34852	1.34852	0.449581	0.449581	0.449581	0.899107	0.449581	0.449581	0.899107	0.449581	0.449581	0.899107	0.449581	0.449581	0.899107	0.449581	0.449581	0.899107	0.449581	0.449581	0.449581	0.449581	0.899107	0.899107	0.449581	0.449581	0.899107	0.449581	0.449581	0.449581	0	0.449581	0.899107	0.449581	0.449581	0.449581	0	0.449581	0.449581	0.449581	0.899107	0.449581	0	0.449581	0.899107	0.449581	0	0	0.449581	0.449581	0	0.449581	0.449581	0.449581	0.449581	0	0	0.449581	0.449581	0	0	0	0.449581	0.449581	0.449581	0.449581	0	0.449581	0.449581	0	0	0.449581	0.449581	0	0	0.449581	0.449581	0	0.449581	0.449581	0	0.449581	0.449581	0	0	0.449581	0.449581	0	0	0.449581	0.449581	0	0.449581	0.449581	0.449581	0.449581	0	0	0	0.449581	0.449581	0	0	0	0.449581	0.449581	0	0	0.449581	0.449581	0	0	0	0	0	0	0.449581	0.449581	0	0	0	0	0.449581	0.449581	0	0	0	45.5697																													46.0069	0.449581	0.449581	0	0	0	0	0.449581	0.449581	0	0	0	0	0	0	0	0.449581	0.449581	0	0	0	0	0	0.449581	0.449581	0	0	0	0	0	0	0	0	0	0.449581	0.449581	0
0.899022	0.899022	0.449539	0.449539	0.899022	0.449539	0	0	0.449539	0.899022	0.449539	0.449539	0.899022	0.899022	0.449539	0.449539	0.449539	0.449539	0.899022	0.449539	0.449539	0.449539	0.899022	0.899022	0.449539	0.449539	0.449539	0.899022	0.449539	0.449539	0.449539	0.449539	0.449539	0.899022	0.899022	0.449539	0.899022	0.449539	0.449539	0.449539	0.449539	0.899022	1.34839	0.899022	0.449539	0.899022	0.449539	0.449539	0.449539	0.899022	1.34839	0.449539	0.449539	0.899022	0.899022	0.449539	0.449539	0.449539	0.899022	1.34839	0.449539	0.449539	0.449539	1.34839	1.34839	0.449539	0.449539	0.449539	0.899022	0.449539	0.449539	0.899022	0.449539	0.449539	0.899022	0.449539	0.449539	0.899022	0.449539	0.449539	0.899022	0.449539	0.449539	0.449539	0.449539	0.899022	0.899022	0.449539	0.449539	0.899022	0.449539	0.449539	0.449539	0	0.449539	0.899022	0.449539	0.449539	0.449539	0	0.449539	0.449539	0.449539	0.899022	0.449539	0	0.449539	0.899022	0.449539	0	0	0.449539	0.449539	0	0.449539	0.449539	0.449539	0.449539	0	0	0.449539	0.449539	0	0	0	0.449539	0.449539	0.449539	0.449539	0	0.449539	0.449539	0	0	0.449539	0.449539	0	0	0.449539	0.449539	0	0.449539	0.449539	0	0.449539	0.449539	0	0	0.449539	0.449539	0	0	0.449539	0.449539	0	0.449539	0.449539	0.449539	0.449539	0	0	0	0.449539	0.449539	0	0	0	0.449539	0.449539	0	0	0.449539	0.449539	0	0	0	0	0	0	0.449539	0.449539	0	0	0	0	0.449539	0.449539	0	0	0	45.567																													46.0042	0.449539	0.449539	0	0	0	0	0.449539	0.449539	0	0	0	0	0	0	0	0.449539	0.449539	0	0	0	0	0	0.449539	0.449539	0	0	0	0	0	0	0	0	0	0.449539	0.449539	0
0.898923	0.898923	0.449489	0.449489	0.898923	0.449489	0	0	0.449489	0.898923	0.449489	0.449489	0.898923	0.898923	0.449489	0.449489	0.449489	0.449489	0.898923	0.449489	0.449489	0.449489	0.898923	0.898923	0.449489	0.449489	0.449489	0.898923	0.449489	0.449489	0.449489	0.449489	0.449489	0.898923	0.898923	0.449489	0.898923	0.449489	0.449489	0.449489	0.449489	0.898923	1.34825	0.898923	0.449489	0.898923	0.449489	0.449489	0.449489	0.898923	1.34825	0.449489	0.449489	0.898923	0.898923	0.449489	0.449489	0.449489	0.898923	1.34825	0.449489	0.449489	0.449489	1.34825	1.34825	0.449489	0.449489	0.449489	0.898923	0.449489	0.449489	0.898923	0.449489	0.449489	0.898923	0.449489	0.449489	0.898923	0.449489	0.449489	0.898923	0.449489	0.449489	0.449489	0.449489	0.898923	0.898923	0.449489	0.449489	0.898923	0.449489	0.449489	0.449489	0	0.449489	0.898923	0.449489	0.449489	0.449489	0	0.449489	0.449489	0.449489	0.898923	0.449489	0	0.449489	0.898923	0.449489	0	0	0.449489	0.449489	0	0.449489	0.449489	0.449489	0.449489	0	0	0.449489	0.449489	0	0	0	0.449489	0.449489	0.449489	0.449489	0	0.449489	0.449489	0	0	0.449489	0.449489	0	0	0.449489	0.449489	0	0.449489	0.449489	0	0.449489	0.449489	0	0	0.449489	0.449489	0	0	0.449489	0.449489	0	0.449489	0.449489	0.449489	0.449489	0	0	0	0.449489	0.449489	0	0	0	0.449489	0.449489	0	0	0.449489	0.449489	0	0	0	0	0	0	0.449489	0.449489	0	0	0	0	0.449489	0.449489	0	0	0	38.879																													39.3071	0.449489	0.449489	0	0	0	0	0.449489	0.449489	0	0	0	0	0	0	0	0.449489	0.449489	0	0	0	0	0	0.449489	0.449489	0	0	0	0	0	0	0	0	0	0.449489	0.449489	0
0.898839	0.898839	0.449447	0.449447	0.898839	0.449447	0	0	0.449447	0.898839	0.449447	0.449447	0.898839	0.898839	0.449447	0.449447	0.449447	0.449447	0.898839	0.449447	0.449447	0.449447	0.898839	0.898839	0.449447	0.449447	0.449447	0.898839	0.449447	0.449447	0.449447	0.449447	0.449447	0.898839	0.898839	0.449447	0.898839	0.449447	0.449447	0.449447	0.449447	0.898839	1.34812	0.898839	0.449447	0.898839	0.449447	0.449447	0.449447	0.898839	1.34812	0.449447	0.449447	0.898839	0.898839	0.449447	0.449447	0.449447	0.898839	1.34812	0.449447	0.449447	0.449447	1.34812	1.34812	0.449447	0.449447	0.449447	0.898839	0.449447	0.449447	0.898839	0.449447	0.449447	0.898839	0.449447	0.449447	0.898839	0.449447	0.449447	0.898839	0.449447	0.449447	0.449447	0.449447	0.898839	0.898839	0.449447	0.449447	0.898839	0.449447	0.449447	0.449447	0	0.449447	0.898839	0.449447	0.449447	0.449447	0	0.449447	0.449447	0.449447	0.898839	0.449447	0	0.449447	0.898839	0.449447	0	0	0.449447	0.449447	0	0.449447	0.449447	0.449447	0.449447	0	0	0.449447	0.449447	0	0	0	0.449447	0.449447	0.449447	0.449447	0	0.449447	0.449447	0	0	0.449447	0.449447	0	0	0.449447	0.449447	0	0.449447	0.449447	0	0.449447	0.449447	0	0	0.449447	0.449447	0	0	0.449447	0.449447	0	0.449447	0.449447	0.449447	0.449447	0	0	0	0.449447	0.449447	0	0	0	0.449447	0.449447	0	0	0.449447	0.449447	0	0	0	0	0	0	0.449447	0.449447	0	0	0	0	0.449447	0.449447	0	0	0	19.8274	38.8781	45.5634	45.6189	45.7287	45.7829	45.7829	45.7829	45.7829	45.7829	45.7829	45.7829	45.7829	45.838	45.9468	46.0007	46.0007	46.0007	46.0007	46.0007	46.0007	46.0007	46.0007	46.0007	46.0007	46.0007	46.0007	46.0007	39.3062	20.1081	0.449447	0.449447	0	0	0	0	0.449447	0.449447	0	0	0	0	0	0	0	0.449447	0.449447	0	0	0	0	0	0.449447	0.449447	0	0	0	0	0	0	0	0	0	0.449447	0.449447	0
0.898754	0.898754	0.449405	0.449405	0.898754	0.449405	0	0	0.449405	0.898754	0.449405	0.449405	0.898754	0.898754	0.449405	0.449405	0.449405	0.449405	0.898754	0.449405	0.449405	0.449405	0.898754	0.898754	0.449405	0.449405	0.449405	0.898754	0.449405	0.449405	0.449405	0.449405	0.449405	0.898754	0.898754	0.449405	0.898754	0.449405	0.449405	0.449405	0.449405	0.898754	1.34799	0.898754	0.449405	0.898754	0.449405	0.449405	0.449405	0.898754	1.34799	0.449405	0.449405	0.898754	0.898754	0.449405	0.449405	0.449405	0.898754	1.34799	0.449405	0.449405	0.449405	1.34799	1.34799	0.449405	0.449405	0.449405	0.898754	0.449405	0.449405	0.898754	0.449405	0.449405	0.898754	0.449405	0.449405	0.898754	0.449405	0.449405	0.898754	0.449405	0.449405	0.449405	0.449405	0.898754	0.898754	0.449405	0.449405	0.898754	0.449405	0.449405	0.449405	0	0.449405	0.898754	0.449405	0.449405	0.449405	0	0.449405	0.449405	0.449405	0.898754	0.449405	0	0.449405	0.898754	0.449405	0	0	0.449405	0.449405	0	0.449405	0.449405	0.449405	0.449405	0	0	0.449405	0.449405	0	0	0	0.449405	0.449405	0.449405	0.449405	0	0.449405	0.449405	0	0	0.449405	0.449405	0	0	0.449405	0.449405	0	0.449405	0.449405	0	0.449405	0.449405	0	0	0.449405	0.449405	0	0	0.449405	0.449405	0	0.449405	0.449405	0.449405	0.449405	0	0	0	0.449405	0.449405	0	0	0	0.449405	0.449405	0	0	0.449405	0.449405	0	0	0	0	0	0	0.449405	0.449405	0	0	0	0	0.449405	0.449405	0	0	0	0	0	0	0.449405	0.449405	0	0	0	0	0	0	0	0	0.449405	0.449405	0	0	0	0	0	0	0	0	0	0	0	0	0	0	0	0.449405	0.449405	0	0	0	0	0.449405	0.449405	0	0	0	0	0	0	0	0.449405	0.449405	0	0	0	0	0	0.449405	0.449405	0	0	0	0	0	0	0	0	0	0.449405	0.449405	0
0.89867	0.89867	0.449362	0.449362	0.89867	0.449362	0	0	0.449362	0.89867	0.449362	0.449362	0.89867	0.89867	0.449362	0.449362	0.449362	0.449362	0.89867	0.449362	0.449362	0.449362	0.89867	0.89867	0.449362	0.449362	0.449362	0.89867	0.449362	0.449362	0.449362	0.449362	0.449362	0.89867	0.89867	0.449362	0.89867	0.449362	0.449362	0.449362	0.449362	0.89867	1.34787	0.89867	0.449362	0.89867	0.449362	0.449362	0.449362	0.89867	1.34787	0.449362	0.449362	0.89867	0.89867	0.449362	0.449362	0.449362	0.89867	1.34787	0.449362	0.449362	0.449362	1.34787	1.34787	0.449362	0.449362	0.449362	0.89867	0.449362	0.449362	0.89867	0.449362	0.449362	0.89867	0.449362	0.449362	0.89867	0.449362	0.449362	0.89867	0.449362	0.449362	0.449362	0.449362	0.89867	0.89867	0.449362	0.449362	0.89867	0.449362	0.449362	0.449362	0	0.449362	0.89867	0.449362	0.449362	0.449362	0	0.449362	0.449362	0.449362	0.89867	0.449362	0	0.449362	0.89867	0.449362	0	0	0.449362	0.449362	0	0.449362	0.449362	0.449362	0.449362	0	0	0.449362	0.449362	0	0	0	0.449362	0.449362	0.449362	0.449362	0	0.449362	0.449362	0	0	0.449362	0.449362	0	0	0.449362	0.449362	0	0.449362	0.449362	0	0.449362	0.449362	0	0	0.449362	0.449362	0	0	0.449362	0.449362	0	0.449362	0.449362	0.449362	0.449362	0	0	0	0.449362	0.449362	0	0	0	0.449362	0.449362	0	0	0.449362	0.449362	0	0	0	0	0	0	0.449362	0.449362	0	0	0	0	0.449362	0.449362	0	0	0	0	0	0	0.449362	0.449362	0	0	0	0	0	0	0	0	0.449362	0.449362	0	0	0	0	0	0	0	0	0	0	0	0	0	0	0	0.449362	0.449362	0	0	0	0	0.449362	0.449362	0	0	0	0	0	0	0	0.449362	0.449362	0	0	0	0	0	0.449362	0.449362	0	0	0	0	0	0	0	0	0	0.449362	0.449362	0
0.898585	0.898585	0.44932	0.44932	0.898585	0.44932	0	0	0.44932	0.898585	0.44932	0.44932	0.898585	0.898585	0.44932	0.44932	0.44932	0.44932	0.898585	0.44932	0.44932	0.44932	0.898585	0.898585	0.44932	0.44932	0.44932	0.898585	0.44932	0.44932	0.44932	0.44932	0.44932	0.898585	0.898585	0.44932	0.898585	0.44932	0.44932	0.44932	0.44932	0.898585	1.34774	0.898585	0.44932	0.898585	0.44932	0.44932	0.44932	0.898585	1.34774	0.44932	0.44932	0.898585	0.898585	0.44932	0.44932	0.44932	0.898585	1.34774	0.44932	0.44932	0.44932	1.34774	1.34774	0.44932	0.44932	0.44932	0.898585	0.44932	0.44932	0.898585	0.44932	0.44932	0.898585	0.44932	0.44932	0.898585	0.44932	0.44932	0.898585	0.44932	0.44932	0.44932	0.44932	0.898585	0.898585	0.44932	0.44932	0.898585	0.44932	0.44932	0.44932	0	0.44932	0.898585	0.44932	0.44932	0.44932	0	0.44932	0.44932	0.44932	0.898585	0.44932	0	0.44932	0.898585	0.44932	0	0	0.44932	0.44932	0	0.44932	0.44932	0.44932	0.44932	0	0	0.44932	0.44932	0	0	0	0.44932	0.44932	0.44932	0.44932	0	0.44932	0.44932	0	0	0.44932	0.44932	0	0	0.44932	0.44932	0	0.44932	0.44932	0	0.44932	0.44932	0	0	0.44932	0.44932	0	0	0.44932	0.44932	0	0.44932	0.44932	0.44932	0.44932	0	0	0	0.44932	0.44932	0	0	0	0.44932	0.44932	0	0	0.44932	0.44932	0	0	0	0	0	0	0.44932	0.44932	0	0	0	0	0.44932	0.44932	0	0	0	0	0	0	0.44932	0.44932	0	0	0	0	0	0	0	0	0.44932	0.44932	0	0	0	0	0	0	0	0	0	0	0	0	0	0	0	0.44932	0.44932	0	0	0	0	0.44932	0.44932	0	0	0	0	0	0	0	0.44932	0.44932	0	0	0	0	0	0.44932	0.44932	0	0	0	0	0	0	0	0	0	0.44932	0.44932	0
2.27331	2.41821	2.28988	2.28988	2.41821	2.28988	2.13624	1.91221	1.85195	2.06426	2.15969	2.28988	2.41821	2.41821	2.28988	2.28988	2.28988	2.28988	2.41821	2.28988	2.28988	2.28988	2.41821	2.41821	2.28988	2.28988	2.28988	2.41821	2.28988	2.28988	2.28988	2.20584	1.98969	2.00858	2.00858	1.85195	2.00858	1.85195	1.85195	1.85195	1.85195	2.00858	2.2454	2.00858	1.85195	2.00858	1.85195	1.85195	1.85195	2.06426	2.42857	1.98969	1.85195	2.00858	2.00858	1.85195	1.77552	1.56418	1.65805	2.08849	1.85195	1.77552	1.56418	1.91215	2.08849	1.85195	1.85195	1.77552	1.77549	1.42058	1.42058	1.61958	1.42058	1.35702	1.42938	1.0046	1.0046	1.27062	1.0046	1.0046	1.27062	1.0046	1.0046	1.0046	1.0046	1.27062	1.27062	1.0046	1.0046	1.27062	1.0046	1.0046	1.0046	0.794245	0.809954	1.11183	1.0046	1.0046	0.966187	0.572755	0.635387	0.635387	0.635387	0.966162	0.85541	0.794245	0.809954	1.11183	1.0046	0.794245	0.572755	0.654952	0.809954	0.572755	0.654952	0.85541	1.0046	1.0046	0.794245	0.572755	0.654952	0.809954	0.572755	0.449313	0.449313	0.635387	0.635387	0.635387	0.635387	0.449313	0.635387	0.635387	0.449313	0.449313	0.635387	0.635387	0.449313	0.449313	0.635387	0.635387	0.449313	0.654952	0.85541	0.794245	0.809954	0.85541	0.898571	0.898571	1.0046	1.0046	0.794245	0.572755	0.654952	0.85541	0.898571	1.0046	1.0046	1.0046	1.0046	0.898571	0.898571	0.794245	0.809954	0.85541	0.898571	0.898571	0.898571	1.0046	1.0046	0.898571	0.898571	1.06553	1.28055	1.34772	1.34772	1.34772	1.34772	1.34772	1.24054	1.20964	1.28055	1.34772	1.34772	1.34772	1.34772	1.49833	1.71781	1.91221	2.13624	2.24546	2.24546	2.24546	2.24546	2.15969	1.93838	1.7967	1.7967	1.91221	2.13624	2.24546	2.24546	2.24546	2.24546	2.28988	2.28988	2.24546	2.24546	2.24546	2.36028	2.58429	2.69395	2.69395	2.69395	2.69395	2.69395	2.69395	2.69395	2.69395	2.69395	2.69395	2.60369	2.38152	2.24546	2.24546	2.24546	2.24546	2.15969	1.93838	1.7967	1.91221	2.13624	2.24546	2.24546	2.24546	2.24546	2.15969	1.93838	1.7967	1.7967	1.7967	1.7967	1.7967	1.71781	1.49833	1.34772	1.34772	1.34772	1.34772	1.34772	1.24054	1.01709	0.898571	0.898571	1.0046	1.0046	0.898571
2.20564	2.41798	2.28966	2.28966	2.41798	2.28966	2.15949	1.9382	1.85178	1.9895	2.13604	2.28966	2.41798	2.41798	2.28966	2.28966	2.28966	2.28966	2.41798	2.28966	2.28966	2.28966	2.41798	2.41798	2.28966	2.28966	2.28966	2.41798	2.28966	2.28966	2.28966	2.27309	2.06406	2.00839	2.00839	1.85178	2.00839	1.85178	1.85178	1.85178	1.85178	2.00839	2.24519	2.00839	1.85178	2.00839	1.85178	1.85178	1.85178	1.9895	2.42834	2.06406	1.85178	2.00839	2.00839	1.85178	1.85855	1.65789	1.56403	1.96399	1.85178	1.85855	1.65789	1.77532	1.96399	1.85178	1.85178	1.85855	1.91197	1.42045	1.42045	1.61943	1.42045	1.46412	1.59588	1.0045	1.0045	1.2705	1.0045	1.0045	1.2705	1.0045	1.0045	1.0045	1.0045	1.2705	1.2705	1.0045	1.0045	1.2705	1.0045	1.0045	1.0045	0.85533	0.809878	0.966096	1.0045	1.0045	1.11173	0.65489	0.635327	0.635327	0.635327	0.79414	0.79417	0.85533	0.809878	0.966096	1.0045	0.85533	0.65489	0.572701	0.809878	0.65489	0.572701	0.79417	1.0045	1.0045	0.85533	0.65489	0.572701	0.809878	0.65489	0.449271	0.449271	0.635327	0.635327	0.635327	0.635327	0.449271	0.635327	0.635327	0.449271	0.449271	0.635327	0.635327	0.449271	0.449271	0.635327	0.635327	0.449271	0.572701	0.79417	0.85533	0.809878	0.79417	0.898486	0.898486	1.0045	1.0045	0.85533	0.65489	0.572701	0.79417	0.898486	1.0045	1.0045	1.0045	1.0045	0.898486	0.898486	0.85533	0.809878	0.79417	0.898486	0.898486	0.898486	1.0045	1.0045	0.898486	0.898486	1.01699	1.24042	1.34759	1.34759	1.34759	1.34759	1.34759	1.28042	1.20953	1.24042	1.34759	1.34759	1.34759	1.34759	1.46415	1.68805	1.9382	2.15949	2.24525	2.24525	2.24525	2.24525	2.13604	1.91203	1.79653	1.79653	1.9382	2.15949	2.24525	2.24525	2.24525	2.24525	2.28966	2.28966	2.24525	2.24525	2.24525	2.38129	2.60345	2.69369	2.69369	2.69369	2.69369	2.69369	2.69369	2.69369	2.69369	2.69369	2.69369	2.58405	2.36006	2.24525	2.24525	2.24525	2.24525	2.13604	1.91203	1.79653	1.9382	2.15949	2.24525	2.24525	2.24525	2.24525	2.13604	1.91203	1.79653	1.79653	1.79653	1.79653	1.79653	1.68805	1.46415	1.34759	1.34759	1.34759	1.34759	1.34759	1.28042	1.06543	0.898486	0.898486	1.0045	1.0045	0.898486
0.449193	0.898331	0.449193	0.449193	0.898331	0.449193	0.449193	0.449193	0.449193	0.449193	0	0.449193	0.898331	0.898331	0.449193	0.449193	0.449193	0.449193	0.898331	0.449193	0.449193	0.449193	0.898331	0.898331	0.449193	0.449193	0.449193	0.898331	0.449193	0.449193	0.449193	0.898331	0.898331	0.898331	0.898331	0.449193	0.898331	0.449193	0.449193	0.449193	0.449193	0.898331	1.34736	0.898331	0.449193	0.898331	0.449193	0.449193	0.449193	0.449193	1.34736	0.898331	0.449193	0.898331	0.898331	0.449193	0.898331	0.898331	0.449193	0.898331	0.449193	0.898331	0.898331	0.898331	0.898331	0.449193	0.449193	0.898331	1.34736	0.449193	0.449193	0.898331	0.449193	0.898331	1.34736	0.449193	0.449193	0.898331	0.449193	0.449193	0.898331	0.449193	0.449193	0.449193	0.449193	0.898331	0.898331	0.449193	0.449193	0.898331	0.449193	0.449193	0.449193	0.449193	0.449193	0.449193	0.449193	0.449193	0.898331	0.449193	0.449193	0.449193	0.449193	0.449193	0	0.449193	0.449193	0.449193	0.449193	0.449193	0.449193	0	0.449193	0.449193	0	0	0.449193	0.449193	0.449193	0.449193	0	0.449193	0.449193	0	0	0.449193	0.449193	0.449193	0.449193	0	0.449193	0.449193	0	0	0.449193	0.449193	0	0	0.449193	0.449193	0	0	0	0.449193	0.449193	0	0	0	0.449193	0.449193	0.449193	0.449193	0	0	0	0.449193	0.449193	0.449193	0.449193	0	0	0.449193	0.449193	0	0	0	0	0.449193	0.449193	0	0	0	0	0	0	0	0	0	0.449193	0.449193	0	0	0	0	0	0	0	0.449193	0.449193	0	0	0	0	0	0	0	0	0.449193	0.449193	0	0	0	0	0.449193	0.449193	0	0	0	0.449193	0.449193	0	0	0	0	0	0	0	0	0	0	0	0	0	0	0	0	0	0	0	0.449193	0.449193	0	0	0	0	0	0	0	0	0	0	0	0	0	0	0	0	0	0	0.449193	0.449193	0	0	0.449193	0.449193	0
0.449151	0.898247	0.449151	0.449151	0.898247	0.449151	0.449151	0.449151	0.449151	0.449151	0	0.449151	0.898247	0.898247	0.449151	0.449151	0.449151	0.449151	0.898247	0.449151	0.449151	0.449151	0.898247	0.898247	0.449151	0.449151	0.449151	0.898247	0.449151	0.449151	0.449151	0.898247	0.898247	0.898247	0.898247	0.449151	0.898247	0.449151	0.449151	0.449151	0.449151	0.898247	1.34723	0.898247	0.449151	0.898247	0.449151	0.449151	0.449151	0.449151	1.34723	0.898247	0.449151	0.898247	0.898247	0.449151	0.898247	0.898247	0.449151	0.898247	0.449151	0.898247	0.898247	0.898247	0.898247	0.449151	0.449151	0.898247	1.34723	0.449151	0.449151	0.898247	0.449151	0.898247	1.34723	0.449151	0.449151	0.898247	0.449151	0.449151	0.898247	0.449151	0.449151	0.449151	0.449151	0.898247	0.898247	0.449151	0.449151	0.898247	0.449151	0.449151	0.449151	0.449151	0.449151	0.449151	0.449151	0.449151	0.898247	0.449151	0.449151	0.449151	0.449151	0.449151	0	0.449151	0.449151	0.449151	0.449151	0.449151	0.449151	0	0.449151	0.449151	0	0	0.449151	0.449151	0.449151	0.449151	0	0.449151	0.449151	0	0	0.449151	0.449151	0.449151	0.449151	0	0.449151	0.449151	0	0	0.449151	0.449151	0	0	0.449151	0.449151	0	0	0	0.449151	0.449151	0	0	0	0.449151	0.449151	0.449151	0.449151	0	0	0	0.449151	0.449151	0.449151	0.449151	0	0	0.449151	0.449151	0	0	0	0	0.449151	0.449151	0	0	0	0	0	0	0	0	0	0.449151	0.449151	0	0	0	0	0	0	0	0.449151	0.449151	0	0	0	0	0	0	0	0	0.449151	0.449151	0	0	0	0	0.449151	0.449151	0	0	0	0.449151	0.449151	0	0	0	0	0	0	0	0	0	0	0	0	0	0	0	0	0	0	0	0.449151	0.449151	0	0	0	0	0	0	0	0	0	0	0	0	0	0	0	0	0	0	0.449151	0.449151	0	0	0.449151	0.449151	0
0.449109	0.898162	0.449109	0.449109	0.898162	0.449109	0.449109	0.449109	0.449109	0.449109	0	0.449109	0.898162	0.898162	0.449109	0.449109	0.449109	0.449109	0.898162	0.449109	0.449109	0.449109	0.898162	0.898162	0.449109	0.449109	0.449109	0.898162	0.449109	0.449109	0.449109	0.898162	0.898162	0.898162	0.898162	0.449109	0.898162	0.449109	0.449109	0.449109	0.449109	0.898162	1.34711	0.898162	0.449109	0.898162	0.449109	0.449109	0.449109	0.449109	1.34711	0.898162	0.449109	0.898162	0.898162	0.449109	0.898162	0.898162	0.449109	0.898162	0.449109	0.898162	0.898162	0.898162	0.898162	0.449109	0.449109	0.898162	1.34711	0.449109	0.449109	0.898162	0.449109	0.898162	1.34711	0.449109	0.449109	0.898162	0.449109	0.449109	0.898162	0.449109	0.449109	0.449109	0.449109	0.898162	0.898162	0.449109	0.449109	0.898162	0.449109	0.449109	0.449109	0.449109	0.449109	0.449109	0.449109	0.449109	0.898162	0.449109	0.449109	0.449109	0.449109	0.449109	0	0.449109	0.449109	0.449109	0.449109	0.449109	0.449109	0	0.449109	0.449109	0	0	0.449109	0.449109	0.449109	0.449109	0	0.449109	0.449109	0	0	0.449109	0.449109	0.449109	0.449109	0	0.449109	0.449109	0	0	0.449109	0.449109	0	0	0.449109	0.449109	0	0	0	0.449109	0.449109	0	0	0	0.449109	0.449109	0.449109	0.449109	0	0	0	0.449109	0.449109	0.449109	0.449109	0	0	0.449109	0.449109	0	0	0	0	0.449109	0.449109	0	0	0	0	0	0	0	0	0	0.449109	0.449109	0	0	0	0	0	0	0	0.449109	0.449109	0	0	0	0	0	0	0	0	0.449109	0.449109	0	0	0	0	0.449109	0.449109	0	0	0	0.449109	0.449109	0	0	0	0	0	0	0	0	0	0	0	0	0	0	0	0	0	0	0	0.449109	0.449109	0	0	0	0	0	0	0	0	0	0	0	0	0	0	0	0	0	0	0.449109	0.449109	0	0	0.449109	0.449109	0
0.449067	0.898078	0.449067	0.449067	0.898078	0.449067	0.449067	0.449067	0.449067	0.449067	0	0.449067	0.898078	0.898078	0.449067	0.449067	0.449067	0.449067	0.898078	0.449067	0.449067	0.449067	0.898078	0.898078	0.449067	0.449067	0.449067	0.898078	0.449067	0.449067	0.449067	0.898078	0.898078	0.898078	0.898078	0.449067	0.898078	0.449067	0.449067	0.449067	0.449067	0.898078	1.34698	0.898078	0.449067	0.898078	0.449067	0.449067	0.449067	0.449067	1.34698	0.898078	0.449067	0.898078	0.898078	0.449067	0.898078	0.898078	0.449067	0.898078	0.449067	0.898078	0.898078	0.898078	0.898078	0.449067	0.449067	0.898078	1.34698	0.449067	0.449067	0.898078	0.449067	0.898078	1.34698	0.449067	0.449067	0.898078	0.449067	0.449067	0.898078	0.449067	0.449067	0.449067	0.449067	0.898078	0.898078	0.449067	0.449067	0.898078	0.449067	0.449067	0.449067	0.449067	0.449067	0.449067	0.449067	0.449067	0.898078	0.449067	0.449067	0.449067	0.449067	0.449067	0	0.449067	0.449067	0.449067	0.449067	0.449067	0.449067	0	0.449067	0.449067	0	0	0.449067	0.449067	0.449067	0.449067	0	0.449067	0.449067	0	0	0.449067	0.449067	0.449067	0.449067	0	0.449067	0.449067	0	0	0.449067	0.449067	0	0	0.449067	0.449067	0	0	0	0.449067	0.449067	0	0	0	0.449067	0.449067	0.449067	0.449067	0	0	0	0.449067	0.449067	0.449067	0.449067	0	0	0.449067	0.449067	0	0	0	0	0.449067	0.449067	0	0	0	0	0	0	0	0	0	0.449067	0.449067	0	0	0	0	0	0	0	0.449067	0.449067	0	0	0	0	0	0	0	0	0.449067	0.449067	0	0	0	0	0.449067	0.449067	0	0	0	0.449067	0.449067	0	0	0	0	0	0	0	0	0	0	0	0	0	0	0	0	0	0	0	0.449067	0.449067	0	0	0	0	0	0	0	0	0	0	0	0	0	0	0	0	0	0	0.449067	0.449067	0	0	0.449067	0.449067	0
0.449024	0.897994	0.449024	0.449024	0.897994	0.449024	0.449024	0.449024	0.449024	0.449024	0	0.449024	0.897994	0.897994	0.449024	0.449024	0.449024	0.449024	0.897994	0.449024	0.449024	0.449024	0.897994	0.897994	0.449024	0.449024	0.449024	0.897994	0.449024	0.449024	0.449024	0.897994	0.897994	0.897994	0.897994	0.449024	0.897994	0.449024	0.449024	0.449024	0.449024	0.897994	1.34685	0.897994	0.449024	0.897994	0.449024	0.449024	0.449024	0.449024	1.34685	0.897994	0.449024	0.897994	0.897994	0.449024	0.897994	0.897994	0.449024	0.897994	0.449024	0.897994	0.897994	0.897994	0.897994	0.449024	0.449024	0.897994	1.34685	0.449024	0.449024	0.897994	0.449024	0.897994	1.34685	0.449024	0.449024	0.897994	0.449024	0.449024	0.897994	0.449024	0.449024	0.449024	0.449024	0.897994	0.897994	0.449024	0.449024	0.897994	0.449024	0.449024	0.449024	0.449024	0.449024	0.449024	0.449024	0.449024	0.897994	0.449024	0.449024	0.449024	0.449024	0.449024	0	0.449024	0.449024	0.449024	0.449024	0.449024	0.449024	0	0.449024	0.449024	0	0	0.449024	0.449024	0.449024	0.449024	0	0.449024	0.449024	0	0	0.449024	0.449024	0.449024	0.449024	0	0.449024	0.449024	0	0	0.449024	0.449024	0	0	0.449024	0.449024	0	0	0	0.449024	0.449024	0	0	0	0.449024	0.449024	0.449024	0.449024	0	0	0	0.449024	0.449024	0.449024	0.449024	0	0	0.449024	0.449024	0	0	0	0	0.449024	0.449024	0	0	0	0	0	0	0	0	0	0.449024	0.449024	0	0	0	0	0	0	0	0.449024	0.449024	0	0	0	0	0	0	0	0	0.449024	0.449024	0	0	0	0	0.449024	0.449024	0	0	0	0.449024	0.449024	0	0	0	0	0	0	0	0	0	0	0	0	0	0	0	0	0	0	0	0.449024	0.449024	0	0	0	0	0	0	0	0	0	0	0	0	0	0	0	0	0	0	0.449024	0.449024	0	0	0.449024	0.449024	0
0.448982	0.897909	0.448982	0.448982	0.897909	0.448982	0.448982	0.448982	0.448982	0.448982	0	0.448982	0.897909	0.897909	0.448982	0.448982	0.448982	0.448982	0.897909	0.448982	0.448982	0.448982	0.897909	0.897909	0.448982	0.448982	0.448982	0.897909	0.448982	0.448982	0.448982	0.897909	0.897909	0.897909	0.897909	0.448982	0.897909	0.448982	0.448982	0.448982	0.448982	0.897909	1.34673	0.897909	0.448982	0.897909	0.448982	0.448982	0.448982	0.448982	1.34673	0.897909	0.448982	0.897909	0.897909	0.448982	0.897909	0.897909	0.448982	0.897909	0.448982	0.897909	0.897909	0.897909	0.897909	0.448982	0.448982	0.897909	1.34673	0.448982	0.448982	0.897909	0.448982	0.897909	1.34673	0.448982	0.448982	0.897909	0.448982	0.448982	0.897909	0.448982	0.448982	0.448982	0.448982	0.897909	0.897909	0.448982	0.448982	0.897909	0.448982	0.448982	0.448982	0.448982	0.448982	0.448982	0.448982	0.448982	0.897909	0.448982	0.448982	0.448982	0.448982	0.448982	0	0.448982	0.448982	0.448982	0.448982	0.448982	0.448982	0	0.448982	0.448982	0	0	0.448982	0.448982	0.448982	0.448982	0	0.448982	0.448982	0	0	0.448982	0.448982	0.448982	0.448982	0	0.448982	0.448982	0	0	0.448982	0.448982	0	0	0.448982	0.448982	0	0	0	0.448982	0.448982	0	0	0	0.448982	0.448982	0.448982	0.448982	0	0	0	0.448982	0.448982	0.448982	0.448982	0	0	0.448982	0.448982	0	0	0	0	0.448982	0.448982	0	0	0	0	0	0	0	0	0	0.448982	0.448982	0	0	0	0	0	0	0	0.448982	0.448982	0	0	0	0	0	0	0	0	0.448982	0.448982	0	0	0	0	0.448982	0.448982	0	0	0	0.448982	0.448982	0	0	0	0	0	0	0	0	0	0	0	0	0	0	0	0	0	0	0	0.448982	0.448982	0	0	0	0	0	0	0	0	0	0	0	0	0	0	0	0	0	0	0.448982	0.448982	0	0	0.448982	0.448982	0
0.448933	0.897811	0.448933	0.448933	0.897811	0.448933	0.448933	0.448933	0.448933	0.448933	0	0.448933	0.897811	0.897811	0.448933	0.448933	0.448933	0.448933	0.897811	0.448933	0.448933	0.448933	0.897811	0.897811	0.448933	0.448933	0.448933	0.897811	0.448933	0.448933	0.448933	0.897811	0.897811	0.897811	0.897811	0.448933	0.897811	0.448933	0.448933	0.448933	0.448933	0.897811	1.34658	0.897811	0.448933	0.897811	0.448933	0.448933	0.448933	0.448933	1.34658	0.897811	0.448933	0.897811	0.897811	0.448933	0.897811	0.897811	0.448933	0.897811	0.448933	0.897811	0.897811	0.897811	0.897811	0.448933	0.448933	0.897811	1.34658	0.448933	0.448933	0.897811	0.448933	0.897811	1.34658	0.448933	0.448933	0.897811	0.448933	0.448933	0.897811	0.448933	0.448933	0.448933	0.448933	0.897811	0.897811	0.448933	0.448933	0.897811	0.448933	0.448933	0.448933	0.448933	0.448933	0.448933	0.448933	0.448933	0.897811	0.448933	0.448933	0.448933	0.448933	0.448933	0	0.448933	0.448933	0.448933	0.448933	0.448933	0.448933	0	0.448933	0.448933	0	0	0.448933	0.448933	0.448933	0.448933	0	0.448933	0.448933	0	0	0.448933	0.448933	0.448933	0.448933	0	0.448933	0.448933	0	0	0.448933	0.448933	0	0	0.448933	0.448933	0	0	0	0.448933	0.448933	0	0	0	0.448933	0.448933	0.448933	0.448933	0	0	0	0.448933	0.448933	0.448933	0.448933	0	0	0.448933	0.448933	0	0	0	0	0.448933	0.448933	0	0	0	0	0	0	0	0	0	0.448933	0.448933	0	0	0	0	0	0	0	0.448933	0.448933	0	0	0	0	0	0	0	0	0.448933	0.448933	0	0	0	0	0.448933	0.448933	0	0	0	0.448933	0.448933	0	0	0	0	0	0	0	0	0	0	0	0	0	0	0	0	0	0	0	0.448933	0.448933	0	0	0	0	0	0	0	0	0	0	0	0	0	0	0	0	0	0	0.448933	0.448933	0	0	0.448933	0.448933	0
0.448891	0.897726	0.448891	0.448891	0.897726	0.448891	0.448891	0.448891	0.448891	0.448891	0	0.448891	0.897726	0.897726	0.448891	0.448891	0.448891	0.448891	0.897726	0.448891	0.448891	0.448891	0.897726	0.897726	0.448891	0.448891	0.448891	0.897726	0.448891	0.448891	0.448891	0.897726	0.897726	0.897726	0.897726	0.448891	0.897726	0.448891	0.448891	0.448891	0.448891	0.897726	1.34645	0.897726	0.448891	0.897726	0.448891	0.448891	0.448891	0.448891	1.34645	0.897726	0.448891	0.897726	0.897726	0.448891	0.897726	0.897726	0.448891	0.897726	0.448891	0.897726	0.897726	0.897726	0.897726	0.448891	0.448891	0.897726	1.34645	0.448891	0.448891	0.897726	0.448891	0.897726	1.34645	0.448891	0.448891	0.897726	0.448891	0.448891	0.897726	0.448891	0.448891	0.448891	0.448891	0.897726	0.897726	0.448891	0.448891	0.897726	0.448891	0.448891	0.448891	0.448891	0.448891	0.448891	0.448891	0.448891	0.897726	0.448891	0.448891	0.448891	0.448891	0.448891	0	0.448891	0.448891	0.448891	0.448891	0.448891	0.448891	0	0.448891	0.448891	0	0	0.448891	0.448891	0.448891	0.448891	0	0.448891	0.448891	0	0	0.448891	0.448891	0.448891	0.448891	0	0.448891	0.448891	0	0	0.448891	0.448891	0	0	0.448891	0.448891	0	0	0	0.448891	0.448891	0	0	0	0.448891	0.448891	0.448891	0.448891	0	0	0	0.448891	0.448891	0.448891	0.448891	0	0	0.448891	0.448891	0	0	0	0	0.448891	0.448891	0	0	0	0	0	0	0	0	0	0.448891	0.448891	0	0	0	0	0	0	0	0.448891	0.448891	0	0	0	0	0	0	0	0	0.448891	0.448891	0	0	0	0	0.448891	0.448891	0	0	0	0.448891	0.448891	0	0	0	0	0	0	0	0	0	0	0	0	0	0	0	0	0	0	0	0.448891	0.448891	0	0	0	0	0	0	0	0	0	0	0	0	0	0	0	0	0	0	0.448891	0.448891	0	0	0.448891	0.448891	0
0.448848	0.897642	0.448848	0.448848	0.897642	0.448848	0.448848	0.448848	0.448848	0.448848	0	0.448848	0.897642	0.897642	0.448848	0.448848	0.448848	0.448848	0.897642	0.448848	0.448848	0.448848	0.897642	0.897642	0.448848	0.448848	0.448848	0.897642	0.448848	0.448848	0.448848	0.897642	0.897642	0.897642	0.897642	0.448848	0.897642	0.448848	0.448848	0.448848	0.448848	0.897642	1.34633	0.897642	0.448848	0.897642	0.448848	0.448848	0.448848	0.448848	1.34633	0.897642	0.448848	0.897642	0.897642	0.448848	0.897642	0.897642	0.448848	0.897642	0.448848	0.897642	0.897642	0.897642	0.897642	0.448848	0.448848	0.897642	1.34633	0.448848	0.448848	0.897642	0.448848	0.897642	1.34633	0.448848	0.448848	0.897642	0.448848	0.448848	0.897642	0.448848	0.448848	0.448848	0.448848	0.897642	0.897642	0.448848	0.448848	0.897642	0.448848	0.448848	0.448848	0.448848	0.448848	0.448848	0.448848	0.448848	0.897642	0.448848	0.448848	0.448848	0.448848	0.448848	0	0.448848	0.448848	0.448848	0.448848	0.448848	0.448848	0	0.448848	0.448848	0	0	0.448848	0.448848	0.448848	0.448848	0	0.448848	0.448848	0	0	0.448848	0.448848	0.448848	0.448848	0	0.448848	0.448848	0	0	0.448848	0.448848	0	0	0.448848	0.448848	0	0	0	0.448848	0.448848	0	0	0	0.448848	0.448848	0.448848	0.448848	0	0	0	0.448848	0.448848	0.448848	0.448848	0	0	0.448848	0.448848	0	0	0	0	0.448848	0.448848	0	0	0	0	0	0	0	0	0	0.448848	0.448848	0	0	0	0	0	0	0	0.448848	0.448848	0	0	0	0	0	0	0	0	0.448848	0.448848	0	0	0	0	0.448848	0.448848	0	0	0	0.448848	0.448848	0	0	0	0	0	0	0	0	0	0	0	0	0	0	0	0	0	0	0	0.448848	0.448848	0	0	0	0	0	0	0	0	0	0	0	0	0	0	0	0	0	0	0.448848	0.448848	0	0	0.448848	0.448848	0
0.448806	0.897557	0.448806	0.448806	0.897557	0.448806	0.448806	0.448806	0.448806	0.448806	0	0.448806	0.897557	0.897557	0.448806	0.448806	0.448806	0.448806	0.897557	0.448806	0.448806	0.448806	0.897557	0.897557	0.448806	0.448806	0.448806	0.897557	0.448806	0.448806	0.448806	0.897557	0.897557	0.897557	0.897557	0.448806	0.897557	0.448806	0.448806	0.448806	0.448806	0.897557	1.3462	0.897557	0.448806	0.897557	0.448806	0.448806	0.448806	0.448806	1.3462	0.897557	0.448806	0.897557	0.897557	0.448806	0.897557	0.897557	0.448806	0.897557	0.448806	0.897557	0.897557	0.897557	0.897557	0.448806	0.448806	0.897557	1.3462	0.448806	0.448806	0.897557	0.448806	0.897557	1.3462	0.448806	0.448806	0.897557	0.448806	0.448806	0.897557	0.448806	0.448806	0.448806	0.448806	0.897557	0.897557	0.448806	0.448806	0.897557	0.448806	0.448806	0.448806	0.448806	0.448806	0.448806	0.448806	0.448806	0.897557	0.448806	0.448806	0.448806	0.448806	0.448806	0	0.448806	0.448806	0.448806	0.448806	0.448806	0.448806	0	0.448806	0.448806	0	0	0.448806	0.448806	0.448806	0.448806	0	0.448806	0.448806	0	0	0.448806	0.448806	0.448806	0.448806	0	0.448806	0.448806	0	0	0.448806	0.448806	0	0	0.448806	0.448806	0	0	0	0.448806	0.448806	0	0	0	0.448806	0.448806	0.448806	0.448806	0	0	0	0.448806	0.448806	0.448806	0.448806	0	0	0.448806	0.448806	0	0	0	0	0.448806	0.448806	0	0	0	0	0	0	0	0	0	0.448806	0.448806	0	0	0	0	0	0	0	0.448806	0.448806	0	0	0	0	0	0	0	0	0.448806	0.448806	0	0	0	0	0.448806	0.448806	0	0	0	0.448806	0.448806	0	0	0	0	0	0	0	0	0	0	0	0	0	0	0	0	0	0	0	0.448806	0.448806	0	0	0	0	0	0	0	0	0	0	0	0	0	0	0	0	0	0	0.448806	0.448806	0	0	0.448806	0.448806	0
0.448764	0.897473	0.448764	0.448764	0.897473	0.448764	0.448764	0.448764	0.448764	0.448764	0	0.448764	0.897473	0.897473	0.448764	0.448764	0.448764	0.448764	0.897473	0.448764	0.448764	0.448764	0.897473	0.897473	0.448764	0.448764	0.448764	0.897473	0.448764	0.448764	0.448764	0.897473	0.897473	0.897473	0.897473	0.448764	0.897473	0.448764	0.448764	0.448764	0.448764	0.897473	1.34607	0.897473	0.448764	0.897473	0.448764	0.448764	0.448764	0.448764	1.34607	0.897473	0.448764	0.897473	0.897473	0.448764	0.897473	0.897473	0.448764	0.897473	0.448764	0.897473	0.897473	0.897473	0.897473	0.448764	0.448764	0.897473	1.34607	0.448764	0.448764	0.897473	0.448764	0.897473	1.34607	0.448764	0.448764	0.897473	0.448764	0.448764	0.897473	0.448764	0.448764	0.448764	0.448764	0.897473	0.897473	0.448764	0.448764	0.897473	0.448764	0.448764	0.448764	0.448764	0.448764	0.448764	0.448764	0.448764	0.897473	0.448764	0.448764	0.448764	0.448764	0.448764	0	0.448764	0.448764	0.448764	0.448764	0.448764	0.448764	0	0.448764	0.448764	0	0	0.448764	0.448764	0.448764	0.448764	0	0.448764	0.448764	0	0	0.448764	0.448764	0.448764	0.448764	0	0.448764	0.448764	0	0	0.448764	0.448764	0	0	0.448764	0.448764	0	0	0	0.448764	0.448764	0	0	0	0.448764	0.448764	0.448764	0.448764	0	0	0	0.448764	0.448764	0.448764	0.448764	0	0	0.448764	0.448764	0	0	0	0	0.448764	0.448764	0	0	0	0	0	0	0	0	0	0.448764	0.448764	0	0	0	0	0	0	0	0.448764	0.448764	0	0	0	0	0	0	0	0	0.448764	0.448764	0	0	0	0	0.448764	0.448764	0	0	0	0.448764	0.448764	0	0	0	0	0	0	0	0	0	0	0	0	0	0	0	0	0	0	0	0.448764	0.448764	0	0	0	0	0	0	0	0	0	0	0	0	0	0	0	0	0	0	0.448764	0.448764	0	0	0.448764	0.448764	0
2.0678	2.2705	2.28705	2.28705	2.41522	2.28705	2.28705	2.28705	2.28705	2.20312	1.90985	1.84966	2.0617	2.2705	2.28705	2.28705	2.28705	2.28705	2.41522	2.28705	2.20312	1.98723	2.00609	2.00609	1.84966	1.84966	1.84966	2.00609	1.84966	1.84966	1.84966	1.96174	1.77329	1.656	1.85642	1.84966	2.00609	1.84966	1.84966	1.84966	1.77332	1.77329	1.90978	1.85642	1.84966	1.96174	1.56224	1.41882	1.41882	1.41882	1.90978	1.85642	1.84966	2.00609	1.96174	1.56224	1.656	1.85642	1.84966	2.00609	1.84966	2.00609	2.00609	2.00609	2.00609	1.77332	1.56224	1.656	2.0859	1.84966	1.77332	1.77329	1.41882	1.61758	1.90318	1.41882	1.41882	1.61758	1.41882	1.41882	1.61758	1.41882	1.41882	1.41882	1.41882	1.61758	1.61758	1.41882	1.41882	1.61758	1.41882	1.41882	1.41882	1.41882	1.41882	1.41882	1.41882	1.41882	1.61758	1.41882	1.41882	1.41882	1.49648	1.63308	1.46248	1.41882	1.35534	1.15491	1.00335	1.06421	1.27896	1.239	1.20815	1.27896	1.34605	1.34605	1.41882	1.41882	1.41882	1.41882	1.34605	1.41882	1.41882	1.34605	1.34605	1.49648	1.63308	1.63308	1.71568	1.68612	1.63308	1.71568	1.68612	1.46248	1.49648	1.71568	1.79448	1.68612	1.63308	1.63308	1.46248	1.34605	1.34605	1.49648	1.71568	1.79448	1.68612	1.46248	1.49648	1.71568	1.84966	1.84966	1.79448	1.79448	1.79448	1.84966	1.84966	1.93598	2.15702	2.24269	2.24269	2.28705	2.28705	2.24269	2.24269	2.24269	2.1336	2.0678	2.15702	2.24269	2.24269	2.24269	2.24269	2.24269	2.24269	2.24269	2.24269	2.24269	2.37857	2.60047	2.69062	2.69062	2.69062	2.69062	2.69062	2.69062	2.69062	2.60047	2.37857	2.24269	2.24269	2.24269	2.24269	2.35736	2.5811	2.69062	2.69062	2.60047	2.37857	2.24269	2.24269	2.24269	2.35736	2.50707	2.37857	2.24269	2.24269	2.24269	2.28705	2.28705	2.24269	2.24269	2.24269	2.24269	2.24269	2.24269	2.24269	2.24269	2.24269	2.24269	2.24269	2.24269	2.24269	2.24269	2.24269	2.24269	2.24269	2.24269	2.24269	2.15702	1.93598	1.79448	1.79448	1.79448	1.79448	1.79448	1.79448	1.79448	1.68612	1.46248	1.34605	1.34605	1.34605	1.34605	1.239	1.01583	0.897459	0.897459	0.897459	1.00335	1.00335	0.897459	0.793262	0.793232	0.6346	0.448757
2.06761	2.20291	2.28683	2.28683	2.415	2.28683	2.28683	2.28683	2.28683	2.27028	1.9358	1.84949	1.98704	2.20291	2.28683	2.28683	2.28683	2.28683	2.415	2.28683	2.27028	2.06151	2.0059	2.0059	1.84949	1.84949	1.84949	2.0059	1.84949	1.84949	1.84949	2.08571	1.9096	1.5621	1.77316	1.84949	2.0059	1.84949	1.84949	1.84949	1.85625	1.9096	1.77313	1.77316	1.84949	2.08571	1.65584	1.41869	1.41869	1.41869	1.77313	1.77316	1.84949	2.0059	2.08571	1.65584	1.5621	1.77316	1.84949	2.0059	1.84949	2.0059	2.0059	2.0059	2.0059	1.85625	1.65584	1.5621	1.96156	1.84949	1.85625	1.9096	1.41869	1.61743	1.903	1.41869	1.41869	1.61743	1.41869	1.41869	1.61743	1.41869	1.41869	1.41869	1.41869	1.61743	1.61743	1.41869	1.41869	1.61743	1.41869	1.41869	1.41869	1.41869	1.41869	1.41869	1.41869	1.41869	1.61743	1.41869	1.41869	1.41869	1.46234	1.63293	1.49634	1.41869	1.46231	1.27881	1.00326	1.01573	1.23889	1.27884	1.20803	1.23889	1.34592	1.34592	1.41869	1.41869	1.41869	1.41869	1.34592	1.41869	1.41869	1.34592	1.34592	1.46234	1.63293	1.63293	1.68596	1.71552	1.63293	1.68596	1.71552	1.49634	1.46234	1.68596	1.79431	1.71552	1.63293	1.63293	1.49634	1.34592	1.34592	1.46234	1.68596	1.79431	1.71552	1.49634	1.46234	1.68596	1.84949	1.84949	1.79431	1.79431	1.79431	1.84949	1.84949	1.90967	2.1334	2.24247	2.24247	2.28683	2.28683	2.24247	2.24247	2.24247	2.15682	2.06761	2.1334	2.24247	2.24247	2.24247	2.24247	2.24247	2.24247	2.24247	2.24247	2.24247	2.35714	2.58085	2.69037	2.69037	2.69037	2.69037	2.69037	2.69037	2.69037	2.58085	2.35714	2.24247	2.24247	2.24247	2.24247	2.37835	2.60023	2.69037	2.69037	2.58085	2.35714	2.24247	2.24247	2.24247	2.37835	2.50684	2.35714	2.24247	2.24247	2.24247	2.28683	2.28683	2.24247	2.24247	2.24247	2.24247	2.24247	2.24247	2.24247	2.24247	2.24247	2.24247	2.24247	2.24247	2.24247	2.24247	2.24247	2.24247	2.24247	2.24247	2.24247	2.1334	1.90967	1.79431	1.79431	1.79431	1.79431	1.79431	1.79431	1.79431	1.71552	1.49634	1.34592	1.34592	1.34592	1.34592	1.27884	1.06411	0.897375	0.897375	0.897375	1.00326	1.00326	0.897375	0.854271	0.964876	0.634541	0.448715
0.448638	0.448638	0.448638	0.448638	0.89722	0.448638	0.448638	0.448638	0.448638	0.89722	0.448638	0.448638	0.448638	0.448638	0.448638	0.448638	0.448638	0.448638	0.89722	0.448638	0.89722	0.89722	0.89722	0.89722	0.448638	0.448638	0.448638	0.89722	0.448638	0.448638	0.448638	1.34569	1.34569	0.448638	0.448638	0.448638	0.89722	0.448638	0.448638	0.448638	0.89722	1.34569	0.89722	0.448638	0.448638	1.34569	0.89722	0.448638	0.448638	0.448638	0.89722	0.448638	0.448638	0.89722	1.34569	0.89722	0.448638	0.448638	0.448638	0.89722	0.448638	0.89722	0.89722	0.89722	0.89722	0.89722	0.89722	0.448638	0.89722	0.448638	0.89722	1.34569	0.448638	0.89722	1.34569	0.448638	0.448638	0.89722	0.448638	0.448638	0.89722	0.448638	0.448638	0.448638	0.448638	0.89722	0.89722	0.448638	0.448638	0.89722	0.448638	0.448638	0.448638	0.448638	0.448638	0.448638	0.448638	0.448638	0.89722	0.448638	0.448638	0.448638	0	0.448638	0.448638	0.448638	0.89722	0.89722	0.448638	0	0	0.448638	0.448638	0	0	0	0.448638	0.448638	0.448638	0.448638	0	0.448638	0.448638	0	0	0	0.448638	0.448638	0	0.448638	0.448638	0	0.448638	0.448638	0	0	0	0.448638	0.448638	0.448638	0.448638	0	0	0	0	0	0.448638	0.448638	0	0	0.448638	0.448638	0	0	0	0.448638	0.448638	0	0	0	0	0.448638	0.448638	0	0	0	0.448638	0.448638	0	0	0	0	0	0	0	0	0	0	0	0	0	0	0	0	0	0	0	0	0	0	0	0	0	0.448638	0.448638	0	0	0	0	0	0	0	0.448638	0.448638	0	0	0	0	0.448638	0.448638	0	0	0	0	0	0	0	0	0	0	0	0	0	0	0	0	0	0	0	0	0	0	0	0	0	0	0	0	0.448638	0.448638	0	0	0	0	0.448638	0.448638	0	0	0	0.448638	0.448638	0	0.448638	0.89722	0.448638	0
0.448595	0.448595	0.448595	0.448595	0.897136	0.448595	0.448595	0.448595	0.448595	0.897136	0.448595	0.448595	0.448595	0.448595	0.448595	0.448595	0.448595	0.448595	0.897136	0.448595	0.897136	0.897136	0.897136	0.897136	0.448595	0.448595	0.448595	0.897136	0.448595	0.448595	0.448595	1.34557	1.34557	0.448595	0.448595	0.448595	0.897136	0.448595	0.448595	0.448595	0.897136	1.34557	0.897136	0.448595	0.448595	1.34557	0.897136	0.448595	0.448595	0.448595	0.897136	0.448595	0.448595	0.897136	1.34557	0.897136	0.448595	0.448595	0.448595	0.897136	0.448595	0.897136	0.897136	0.897136	0.897136	0.897136	0.897136	0.448595	0.897136	0.448595	0.897136	1.34557	0.448595	0.897136	1.34557	0.448595	0.448595	0.897136	0.448595	0.448595	0.897136	0.448595	0.448595	0.448595	0.448595	0.897136	0.897136	0.448595	0.448595	0.897136	0.448595	0.448595	0.448595	0.448595	0.448595	0.448595	0.448595	0.448595	0.897136	0.448595	0.448595	0.448595	0	0.448595	0.448595	0.448595	0.897136	0.897136	0.448595	0	0	0.448595	0.448595	0	0	0	0.448595	0.448595	0.448595	0.448595	0	0.448595	0.448595	0	0	0	0.448595	0.448595	0	0.448595	0.448595	0	0.448595	0.448595	0	0	0	0.448595	0.448595	0.448595	0.448595	0	0	0	0	0	0.448595	0.448595	0	0	0.448595	0.448595	0	0	0	0.448595	0.448595	0	0	0	0	0.448595	0.448595	0	0	0	0.448595	0.448595	0	0	0	0	0	0	0	0	0	0	0	0	0	0	0	0	0	0	0	0	0	0	0	0	0	0.448595	0.448595	0	0	0	0	0	0	0	0.448595	0.448595	0	0	0	0	0.448595	0.448595	0	0	0	0	0	0	0	0	0	0	0	0	0	0	0	0	0	0	0	0	0	0	0	0	0	0	0	0	0.448595	0.448595	0	0	0	0	0.448595	0.448595	0	0	0	0.448595	0.448595	0	0.448595	0.897136	0.448595	0
0.448553	0.448553	0.448553	0.448553	0.897052	0.448553	0.448553	0.448553	0.448553	0.897052	0.448553	0.448553	0.448553	0.448553	0.448553	0.448553	0.448553	0.448553	0.897052	0.448553	0.897052	0.897052	0.897052	0.897052	0.448553	0.448553	0.448553	0.897052	0.448553	0.448553	0.448553	1.34544	1.34544	0.448553	0.448553	0.448553	0.897052	0.448553	0.448553	0.448553	0.897052	1.34544	0.897052	0.448553	0.448553	1.34544	0.897052	0.448553	0.448553	0.448553	0.897052	0.448553	0.448553	0.897052	1.34544	0.897052	0.448553	0.448553	0.448553	0.897052	0.448553	0.897052	0.897052	0.897052	0.897052	0.897052	0.897052	0.448553	0.897052	0.448553	0.897052	1.34544	0.448553	0.897052	1.34544	0.448553	0.448553	0.897052	0.448553	0.448553	0.897052	0.448553	0.448553	0.448553	0.448553	0.897052	0.897052	0.448553	0.448553	0.897052	0.448553	0.448553	0.448553	0.448553	0.448553	0.448553	0.448553	0.448553	0.897052	0.448553	0.448553	0.448553	0	0.448553	0.448553	0.448553	0.897052	0.897052	0.448553	0	0	0.448553	0.448553	0	0	0	0.448553	0.448553	0.448553	0.448553	0	0.448553	0.448553	0	0	0	0.448553	0.448553	0	0.448553	0.448553	0	0.448553	0.448553	0	0	0	0.448553	0.448553	0.448553	0.448553	0	0	0	0	0	0.448553	0.448553	0	0	0.448553	0.448553	0	0	0	0.448553	0.448553	0	0	0	0	0.448553	0.448553	0	0	0	0.448553	0.448553	0	0	0	0	0	0	0	0	0	0	0	0	0	0	0	0	0	0	0	0	0	0	0	0	0	0.448553	0.448553	0	0	0	0	0	0	0	0.448553	0.448553	0	0	0	0	0.448553	0.448553	0	0	0	0	0	0	0	0	0	0	0	0	0	0	0	0	0	0	0	0	0	0	0	0	0	0	0	0	0.448553	0.448553	0	0	0	0	0.448553	0.448553	0	0	0	0.448553	0.448553	0	0.448553	0.897052	0.448553	0
0.448511	0.448511	0.448511	0.448511	0.896967	0.448511	0.448511	0.448511	0.448511	0.896967	0.448511	0.448511	0.448511	0.448511	0.448511	0.448511	0.448511	0.448511	0.896967	0.448511	0.896967	0.896967	0.896967	0.896967	0.448511	0.448511	0.448511	0.896967	0.448511	0.448511	0.448511	1.34531	1.34531	0.448511	0.448511	0.448511	0.896967	0.448511	0.448511	0.448511	0.896967	1.34531	0.896967	0.448511	0.448511	1.34531	0.896967	0.448511	0.448511	0.448511	0.896967	0.448511	0.448511	0.896967	1.34531	0.896967	0.448511	0.448511	0.448511	0.896967	0.448511	0.896967	0.896967	0.896967	0.896967	0.896967	0.896967	0.448511	0.896967	0.448511	0.896967	1.34531	0.448511	0.896967	1.34531	0.448511	0.448511	0.896967	0.448511	0.448511	0.896967	0.448511	0.448511	0.448511	0.448511	0.896967	0.896967	0.448511	0.448511	0.896967	0.448511	0.448511	0.448511	0.448511	0.448511	0.448511	0.448511	0.448511	0.896967	0.448511	0.448511	0.448511	0	0.448511	0.448511	0.448511	0.896967	0.896967	0.448511	0	0	0.448511	0.448511	0	0	0	0.448511	0.448511	0.448511	0.448511	0	0.448511	0.448511	0	0	0	0.448511	0.448511	0	0.448511	0.448511	0	0.448511	0.448511	0	0	0	0.448511	0.448511	0.448511	0.448511	0	0	0	0	0	0.448511	0.448511	0	0	0.448511	0.448511	0	0	0	0.448511	0.448511	0	0	0	0	0.448511	0.448511	0	0	0	0.448511	0.448511	0	0	0	0	0	0	0	0	0	0	0	0	0	0	0	0	0	0	0	0	0	0	0	0	0	0.448511	0.448511	0	0	0	0	0	0	0	0.448511	0.448511	0	0	0	0	0.448511	0.448511	0	0	0	0	0	0	0	0	0	0	0	0	0	0	0	0	0	0	0	0	0	0	0	0	0	0	0	0	0.448511	0.448511	0	0	0	0	0.448511	0.448511	0	0	0	0.448511	0.448511	0	0.448511	0.896967	0.448511	0
0.448462	0.448462	0.448462	0.448462	0.896869	0.448462	0.448462	0.448462	0.448462	0.896869	0.448462	0.448462	0.448462	0.448462	0.448462	0.448462	0.448462	0.448462	0.896869	0.448462	0.896869	0.896869	0.896869	0.896869	0.448462	0.448462	0.448462	0.896869	0.448462	0.448462	0.448462	1.34517	1.34517	0.448462	0.448462	0.448462	0.896869	0.448462	0.448462	0.448462	0.896869	1.34517	0.896869	0.448462	0.448462	1.34517	0.896869	0.448462	0.448462	0.448462	0.896869	0.448462	0.448462	0.896869	1.34517	0.896869	0.448462	0.448462	0.448462	0.896869	0.448462	0.896869	0.896869	0.896869	0.896869	0.896869	0.896869	0.448462	0.896869	0.448462	0.896869	1.34517	0.448462	0.896869	1.34517	0.448462	0.448462	0.896869	0.448462	0.448462	0.896869	0.448462	0.448462	0.448462	0.448462	0.896869	0.896869	0.448462	0.448462	0.896869	0.448462	0.448462	0.448462	0.448462	0.448462	0.448462	0.448462	0.448462	0.896869	0.448462	0.448462	0.448462	0	0.448462	0.448462	0.448462	0.896869	0.896869	0.448462	0	0	0.448462	0.448462	0	0	0	0.448462	0.448462	0.448462	0.448462	0	0.448462	0.448462	0	0	0	0.448462	0.448462	0	0.448462	0.448462	0	0.448462	0.448462	0	0	0	0.448462	0.448462	0.448462	0.448462	0	0	0	0	0	0.448462	0.448462	0	0	0.448462	0.448462	0	0	0	0.448462	0.448462	0	0	0	0	0.448462	0.448462	0	0	0	0.448462	0.448462	0	0	0	0	0	0	0	0	0	0	0	0	0	0	0	0	0	0	0	0	0	0	0	0	0	0.448462	0.448462	0	0	0	0	0	0	0	0.448462	0.448462	0	0	0	0	0.448462	0.448462	0	0	0	0	0	0	0	0	0	0	0	0	0	0	0	0	0	0	0	0	0	0	0	0	0	0	0	0	0.448462	0.448462	0	0	0	0	0.448462	0.448462	0	0	0	0.448462	0.448462	0	0.448462	0.896869	0.448462	0
0.44842	0.44842	0.44842	0.44842	0.896785	0.44842	0.44842	0.44842	0.44842	0.896785	0.44842	0.44842	0.44842	0.44842	0.44842	0.44842	0.44842	0.44842	0.896785	0.44842	0.896785	0.896785	0.896785	0.896785	0.44842	0.44842	0.44842	0.896785	0.44842	0.44842	0.44842	1.34504	1.34504	0.44842	0.44842	0.44842	0.896785	0.44842	0.44842	0.44842	0.896785	1.34504	0.896785	0.44842	0.44842	1.34504	0.896785	0.44842	0.44842	0.44842	0.896785	0.44842	0.44842	0.896785	1.34504	0.896785	0.44842	0.44842	0.44842	0.896785	0.44842	0.896785	0.896785	0.896785	0.896785	0.896785	0.896785	0.44842	0.896785	0.44842	0.896785	1.34504	0.44842	0.896785	1.34504	0.44842	0.44842	0.896785	0.44842	0.44842	0.896785	0.44842	0.44842	0.44842	0.44842	0.896785	0.896785	0.44842	0.44842	0.896785	0.44842	0.44842	0.44842	0.44842	0.44842	0.44842	0.44842	0.44842	0.896785	0.44842	0.44842	0.44842	0	0.44842	0.44842	0.44842	0.896785	0.896785	0.44842	0	0	0.44842	0.44842	0	0	0	0.44842	0.44842	0.44842	0.44842	0	0.44842	0.44842	0	0	0	0.44842	0.44842	0	0.44842	0.44842	0	0.44842	0.44842	0	0	0	0.44842	0.44842	0.44842	0.44842	0	0	0	0	0	0.44842	0.44842	0	0	0.44842	0.44842	0	0	0	0.44842	0.44842	0	0	0	0	0.44842	0.44842	0	0	0	0.44842	0.44842	0	0	0	0	0	0	0	0	0	0	0	0	0	0	0	0	0	0	0	0	0	0	0	0	0	0.44842	0.44842	0	0	0	0	0	0	0	0.44842	0.44842	0	0	0	0	0.44842	0.44842	0	0	0	0	0	0	0	0	0	0	0	0	0	0	0	0	0	0	0	0	0	0	0	0	0	0	0	0	0.44842	0.44842	0	0	0	0	0.44842	0.44842	0	0	0	0.44842	0.44842	0	0.44842	0.896785	0.44842	0
0.448378	0.448378	0.448378	0.448378	0.896701	0.448378	0.448378	0.448378	0.448378	0.896701	0.448378	0.448378	0.448378	0.448378	0.448378	0.448378	0.448378	0.448378	0.896701	0.448378	0.896701	0.896701	0.896701	0.896701	0.448378	0.448378	0.448378	0.896701	0.448378	0.448378	0.448378	1.34491	1.34491	0.448378	0.448378	0.448378	0.896701	0.448378	0.448378	0.448378	0.896701	1.34491	0.896701	0.448378	0.448378	1.34491	0.896701	0.448378	0.448378	0.448378	0.896701	0.448378	0.448378	0.896701	1.34491	0.896701	0.448378	0.448378	0.448378	0.896701	0.448378	0.896701	0.896701	0.896701	0.896701	0.896701	0.896701	0.448378	0.896701	0.448378	0.896701	1.34491	0.448378	0.896701	1.34491	0.448378	0.448378	0.896701	0.448378	0.448378	0.896701	0.448378	0.448378	0.448378	0.448378	0.896701	0.896701	0.448378	0.448378	0.896701	0.448378	0.448378	0.448378	0.448378	0.448378	0.448378	0.448378	0.448378	0.896701	0.448378	0.448378	0.448378	0	0.448378	0.448378	0.448378	0.896701	0.896701	0.448378	0	0	0.448378	0.448378	0	0	0	0.448378	0.448378	0.448378	0.448378	0	0.448378	0.448378	0	0	0	0.448378	0.448378	0	0.448378	0.448378	0	0.448378	0.448378	0	0	0	0.448378	0.448378	0.448378	0.448378	0	0	0	0	0	0.448378	0.448378	0	0	0.448378	0.448378	0	0	0	0.448378	0.448378	0	0	0	0	0.448378	0.448378	0	0	0	0.448378	0.448378	0	0	0	0	0	0	0	0	0	0	0	0	0	0	0	0	0	0	0	0	0	0	0	0	0	0.448378	0.448378	0	0	0	0	0	0	0	0.448378	0.448378	0	0	0	0	0.448378	0.448378	0	0	0	0	0	0	0	0	0	0	0	0	0	0	0	0	0	0	0	0	0	0	0	0	0	0	0	0	0.448378	0.448378	0	0	0	0	0.448378	0.448378	0	0	0	0.448378	0.448378	0	0.448378	0.896701	0.448378	0
0.448336	0.448336	0.448336	0.448336	0.896616	0.448336	0.448336	0.448336	0.448336	0.896616	0.448336	0.448336	0.448336	0.448336	0.448336	0.448336	0.448336	0.448336	0.896616	0.448336	0.896616	0.896616	0.896616	0.896616	0.448336	0.448336	0.448336	0.896616	0.448336	0.448336	0.448336	1.34479	1.34479	0.448336	0.448336	0.448336	0.896616	0.448336	0.448336	0.448336	0.896616	1.34479	0.896616	0.448336	0.448336	1.34479	0.896616	0.448336	0.448336	0.448336	0.896616	0.448336	0.448336	0.896616	1.34479	0.896616	0.448336	0.448336	0.448336	0.896616	0.448336	0.896616	0.896616	0.896616	0.896616	0.896616	0.896616	0.448336	0.896616	0.448336	0.896616	1.34479	0.448336	0.896616	1.34479	0.448336	0.448336	0.896616	0.448336	0.448336	0.896616	0.448336	0.448336	0.448336	0.448336	0.896616	0.896616	0.448336	0.448336	0.896616	0.448336	0.448336	0.448336	0.448336	0.448336	0.448336	0.448336	0.448336	0.896616	0.448336	0.448336	0.448336	0	0.448336	0.448336	0.448336	0.896616	0.896616	0.448336	0	0	0.448336	0.448336	0	0	0	0.448336	0.448336	0.448336	0.448336	0	0.448336	0.448336	0	0	0	0.448336	0.448336	0	0.448336	0.448336	0	0.448336	0.448336	0	0	0	0.448336	0.448336	0.448336	0.448336	0	0	0	0	0	0.448336	0.448336	0	0	0.448336	0.448336	0	0	0	0.448336	0.448336	0	0	0	0	0.448336	0.448336	0	0	0	0.448336	0.448336	0	0	0	0	0	0	0	0	0	0	0	0	0	0	0	0	0	0	0	0	0	0	0	0	0	0.448336	0.448336	0	0	0	0	0	0	0	0.448336	0.448336	0	0	0	0	0.448336	0.448336	0	0	0	0	0	0	0	0	0	0	0	0	0	0	0	0	0	0	0	0	0	0	0	0	0	0	0	0	0.448336	0.448336	0	0	0	0	0.448336	0.448336	0	0	0	0.448336	0.448336	0	0.448336	0.896616	0.448336	0
0.448294	0.448294	0.448294	0.448294	0.896532	0.448294	0.448294	0.448294	0.448294	0.896532	0.448294	0.448294	0.448294	0.448294	0.448294	0.448294	0.448294	0.448294	0.896532	0.448294	0.896532	0.896532	0.896532	0.896532	0.448294	0.448294	0.448294	0.896532	0.448294	0.448294	0.448294	1.34466	1.34466	0.448294	0.448294	0.448294	0.896532	0.448294	0.448294	0.448294	0.896532	1.34466	0.896532	0.448294	0.448294	1.34466	0.896532	0.448294	0.448294	0.448294	0.896532	0.448294	0.448294	0.896532	1.34466	0.896532	0.448294	0.448294	0.448294	0.896532	0.448294	0.896532	0.896532	0.896532	0.896532	0.896532	0.896532	0.448294	0.896532	0.448294	0.896532	1.34466	0.448294	0.896532	1.34466	0.448294	0.448294	0.896532	0.448294	0.448294	0.896532	0.448294	0.448294	0.448294	0.448294	0.896532	0.896532	0.448294	0.448294	0.896532	0.448294	0.448294	0.448294	0.448294	0.448294	0.448294	0.448294	0.448294	0.896532	0.448294	0.448294	0.448294	0	0.448294	0.448294	0.448294	0.896532	0.896532	0.448294	0	0	0.448294	0.448294	0	0	0	0.448294	0.448294	0.448294	0.448294	0	0.448294	0.448294	0	0	0	0.448294	0.448294	0	0.448294	0.448294	0	0.448294	0.448294	0	0	0	0.448294	0.448294	0.448294	0.448294	0	0	0	0	0	0.448294	0.448294	0	0	0.448294	0.448294	0	0	0	0.448294	0.448294	0	0	0	0	0.448294	0.448294	0	0	0	0.448294	0.448294	0	0	0	0	0	0	0	0	0	0	0	0	0	0	0	0	0	0	0	0	0	0	0	0	0	0.448294	0.448294	0	0	0	0	0	0	0	0.448294	0.448294	0	0	0	0	0.448294	0.448294	0	0	0	0	0	0	0	0	0	0	0	0	0	0	0	0	0	0	0	0	0	0	0	0	0	0	0	0	0.448294	0.448294	0	0	0	0	0.448294	0.448294	0	0	0	0.448294	0.448294	0	0.448294	0.896532	0.448294	0
0.448252	0.448252	0.448252	0.448252	0.896448	0.448252	0.448252	0.448252	0.448252	0.896448	0.448252	0.448252	0.448252	0.448252	0.448252	0.448252	0.448252	0.448252	0.896448	0.448252	0.896448	0.896448	0.896448	0.896448	0.448252	0.448252	0.448252	0.896448	0.448252	0.448252	0.448252	1.34454	1.34454	0.448252	0.448252	0.448252	0.896448	0.448252	0.448252	0.448252	0.896448	1.34454	0.896448	0.448252	0.448252	1.34454	0.896448	0.448252	0.448252	0.448252	0.896448	0.448252	0.448252	0.896448	1.34454	0.896448	0.448252	0.448252	0.448252	0.896448	0.448252	0.896448	0.896448	0.896448	0.896448	0.896448	0.896448	0.448252	0.896448	0.448252	0.896448	1.34454	0.448252	0.896448	1.34454	0.448252	0.448252	0.896448	0.448252	0.448252	0.896448	0.448252	0.448252	0.448252	0.448252	0.896448	0.896448	0.448252	0.448252	0.896448	0.448252	0.448252	0.448252	0.448252	0.448252	0.448252	0.448252	0.448252	0.896448	0.448252	0.448252	0.448252	0	0.448252	0.448252	0.448252	0.896448	0.896448	0.448252	0	0	0.448252	0.448252	0	0	0	0.448252	0.448252	0.448252	0.448252	0	0.448252	0.448252	0	0	0	0.448252	0.448252	0	0.448252	0.448252	0	0.448252	0.448252	0	0	0	0.448252	0.448252	0.448252	0.448252	0	0	0	0	0	0.448252	0.448252	0	0	0.448252	0.448252	0	0	0	0.448252	0.448252	0	0	0	0	0.448252	0.448252	0	0	0	0.448252	0.448252	0	0	0	0	0	0	0	0	0	0	0	0	0	0	0	0	0	0	0	0	0	0	0	0	0	0.448252	0.448252	0	0	0	0	0	0	0	0.448252	0.448252	0	0	0	0	0.448252	0.448252	0	0	0	0	0	0	0	0	0	0	0	0	0	0	0	0	0	0	0	0	0	0	0	0	0	0	0	0	0.448252	0.448252	0	0	0	0	0.448252	0.448252	0	0	0	0.448252	0.448252	0	0.448252	0.896448	0.448252	0
2.2006	1.98496	1.84755	1.93378	2.2679	2.28444	2.28444	2.28444	2.28444	2.41247	2.28444	2.28444	2.2006	1.98496	1.84755	1.7713	1.56046	1.4172	1.61573	1.4172	1.65411	1.85431	2.0038	2.0038	1.84755	1.84755	1.84755	1.9595	1.56046	1.4172	1.4172	1.9076	2.08352	1.84755	1.84755	1.84755	2.0038	1.84755	1.7713	1.56046	1.65411	2.08352	2.0038	1.84755	1.84755	2.24006	2.0038	1.84755	1.84755	1.84755	2.0038	1.84755	1.7713	1.77127	1.9076	1.85431	1.84755	1.84755	1.84755	1.9595	1.56046	1.65411	1.85431	2.0038	2.0038	2.05935	2.2679	2.28444	2.35464	1.98496	2.05935	2.45874	2.28444	2.47906	2.80601	2.41767	2.28444	2.41247	2.28444	2.28444	2.41247	2.28444	2.28444	2.28444	2.28444	2.41247	2.41247	2.28444	2.28444	2.41247	2.28444	2.37586	2.59751	2.72456	2.63579	2.41767	2.28444	2.28444	2.47906	2.59751	2.72456	2.72456	2.57815	2.50421	2.59751	2.72456	2.83267	2.90682	3.04147	3.02497	2.80159	2.72456	2.72456	2.68755	2.57815	2.35467	2.28444	2.28444	2.37586	2.59751	2.68755	2.72456	2.72456	2.68755	2.68755	2.57815	2.50421	2.50421	2.35467	2.37586	2.59751	2.68755	2.72456	2.72456	2.68755	2.68755	2.68755	2.72456	2.72456	2.8194	3.04147	3.02497	2.80159	2.68755	2.68755	2.68755	2.72456	2.72456	2.68755	2.68755	2.8194	3.04147	3.02497	2.80159	2.68755	2.8194	3.04147	3.02497	2.80159	2.68755	2.68755	2.8194	3.04147	3.13464	3.02497	2.80159	2.8194	3.04147	3.13464	3.13464	3.13464	3.02497	2.80159	2.68755	2.68755	2.68755	2.68755	2.68755	2.68755	2.68755	2.68755	2.68755	2.68755	2.68755	2.68755	2.68755	2.68755	2.80159	3.02497	3.13464	3.13464	3.13464	3.13464	3.04147	2.8194	2.68755	2.68755	2.68755	2.68755	2.68755	2.68755	2.68755	2.59751	2.37586	2.24013	2.24013	2.24013	2.24013	2.15456	1.93378	1.79243	1.79243	1.79243	1.79243	1.79243	1.79243	1.79243	1.79243	1.79243	1.79243	1.79243	1.79243	1.79243	1.79243	1.79243	1.79243	1.6842	1.46081	1.34451	1.34451	1.34451	1.34451	1.34451	1.34451	1.34451	1.23759	1.01467	0.896434	1.063	1.2775	1.23759	1.01467	0.792356	0.571393	0.653394	0.853376	0.792356	0.571393	0.448244	0.633876	0.633876	0.448244	0.633876	0.963865	0.853376	0.792356
2.26766	2.05913	1.84735	1.90746	2.20036	2.28419	2.28419	2.28419	2.28419	2.41221	2.28419	2.28419	2.26766	2.05913	1.84735	1.85411	1.65393	1.41705	1.61557	1.41705	1.56029	1.77111	2.00359	2.00359	1.84735	1.84735	1.84735	2.08331	1.65393	1.41705	1.41705	1.77108	1.9593	1.84735	1.84735	1.84735	2.00359	1.84735	1.85411	1.65393	1.56029	1.9593	2.00359	1.84735	1.84735	2.23983	2.00359	1.84735	1.84735	1.84735	2.00359	1.84735	1.85411	1.90741	1.77108	1.77111	1.84735	1.84735	1.84735	2.08331	1.65393	1.56029	1.77111	2.00359	2.00359	1.98475	2.20036	2.28419	2.45848	2.05913	1.98475	2.35439	2.28419	2.41741	2.80571	2.47879	2.28419	2.41221	2.28419	2.28419	2.41221	2.28419	2.28419	2.28419	2.28419	2.41221	2.41221	2.28419	2.28419	2.41221	2.28419	2.35441	2.57787	2.72426	2.6919	2.47879	2.28419	2.28419	2.41741	2.57787	2.72426	2.72426	2.59722	2.50394	2.57787	2.72426	2.83237	2.85438	3.02464	3.04114	2.8191	2.72426	2.72426	2.68726	2.59722	2.3756	2.28419	2.28419	2.35441	2.57787	2.68726	2.72426	2.72426	2.68726	2.68726	2.59722	2.50394	2.50394	2.3756	2.35441	2.57787	2.68726	2.72426	2.72426	2.68726	2.68726	2.68726	2.72426	2.72426	2.80128	3.02464	3.04114	2.8191	2.68726	2.68726	2.68726	2.72426	2.72426	2.68726	2.68726	2.80128	3.02464	3.04114	2.8191	2.68726	2.80128	3.02464	3.04114	2.8191	2.68726	2.68726	2.80128	3.02464	3.1343	3.04114	2.8191	2.80128	3.02464	3.1343	3.1343	3.1343	3.04114	2.8191	2.68726	2.68726	2.68726	2.68726	2.68726	2.68726	2.68726	2.68726	2.68726	2.68726	2.68726	2.68726	2.68726	2.68726	2.8191	3.04114	3.1343	3.1343	3.1343	3.1343	3.02464	2.80128	2.68726	2.68726	2.68726	2.68726	2.68726	2.68726	2.68726	2.57787	2.35441	2.23988	2.23988	2.23988	2.23988	2.13093	1.90746	1.79223	1.79223	1.79223	1.79223	1.79223	1.79223	1.79223	1.79223	1.79223	1.79223	1.79223	1.79223	1.79223	1.79223	1.79223	1.79223	1.71354	1.4946	1.34437	1.34437	1.34437	1.34437	1.34437	1.34437	1.34437	1.27736	1.06288	0.896336	1.01456	1.23745	1.27736	1.06288	0.853285	0.653326	0.571331	0.79227	0.853285	0.653326	0.448195	0.633811	0.633811	0.448195	0.633811	0.792246	0.79227	0.853285
0.896196	0.896196	0.448125	0	0.448125	0.448125	0.448125	0.448125	0.448125	0.896196	0.448125	0.448125	0.896196	0.896196	0.448125	0.896196	0.896196	0.448125	0.896196	0.448125	0.448125	0.448125	0.896196	0.896196	0.448125	0.448125	0.448125	1.34416	0.896196	0.448125	0.448125	0.896196	0.896196	0.448125	0.448125	0.448125	0.896196	0.448125	0.896196	0.896196	0.448125	0.896196	0.896196	0.448125	0.448125	1.34416	0.896196	0.448125	0.448125	0.448125	0.896196	0.448125	0.896196	1.34416	0.896196	0.448125	0.448125	0.448125	0.448125	1.34416	0.896196	0.448125	0.448125	0.896196	0.896196	0.448125	0.448125	0.448125	1.34416	0.896196	0.448125	0.896196	0.448125	0.448125	1.34416	0.896196	0.448125	0.896196	0.448125	0.448125	0.896196	0.448125	0.448125	0.448125	0.448125	0.896196	0.896196	0.448125	0.448125	0.896196	0.448125	0	0	0.448125	0.896196	0.896196	0.448125	0.448125	0.448125	0	0.448125	0.448125	0.448125	0.448125	0	0.448125	0.896196	0.448125	0	0.448125	0.448125	0.448125	0.448125	0	0.448125	0.448125	0.448125	0.448125	0	0	0	0.448125	0.448125	0	0	0.448125	0.448125	0.448125	0.448125	0	0	0	0.448125	0.448125	0	0	0	0.448125	0.448125	0	0	0.448125	0.448125	0	0	0	0.448125	0.448125	0	0	0	0	0.448125	0.448125	0	0	0	0.448125	0.448125	0	0	0	0	0	0.448125	0.448125	0	0	0	0	0	0.448125	0.448125	0	0	0	0	0	0	0	0	0	0	0	0	0	0	0.448125	0.448125	0	0	0	0	0	0	0	0	0	0	0	0	0	0	0	0	0	0	0	0	0	0	0	0	0	0	0	0	0	0	0	0	0	0	0	0	0	0.448125	0.448125	0	0	0	0	0	0	0	0.448125	0.448125	0	0	0	0.448125	0.448125	0.448125	0.448125	0	0	0.448125	0.448125	0	0.448125	0.448125	0	0.448125	0.448125	0	0.448125
0.896112	0.896112	0.448083	0	0.448083	0.448083	0.448083	0.448083	0.448083	0.896112	0.448083	0.448083	0.896112	0.896112	0.448083	0.896112	0.896112	0.448083	0.896112	0.448083	0.448083	0.448083	0.896112	0.896112	0.448083	0.448083	0.448083	1.34403	0.896112	0.448083	0.448083	0.896112	0.896112	0.448083	0.448083	0.448083	0.896112	0.448083	0.896112	0.896112	0.448083	0.896112	0.896112	0.448083	0.448083	1.34403	0.896112	0.448083	0.448083	0.448083	0.896112	0.448083	0.896112	1.34403	0.896112	0.448083	0.448083	0.448083	0.448083	1.34403	0.896112	0.448083	0.448083	0.896112	0.896112	0.448083	0.448083	0.448083	1.34403	0.896112	0.448083	0.896112	0.448083	0.448083	1.34403	0.896112	0.448083	0.896112	0.448083	0.448083	0.896112	0.448083	0.448083	0.448083	0.448083	0.896112	0.896112	0.448083	0.448083	0.896112	0.448083	0	0	0.448083	0.896112	0.896112	0.448083	0.448083	0.448083	0	0.448083	0.448083	0.448083	0.448083	0	0.448083	0.896112	0.448083	0	0.448083	0.448083	0.448083	0.448083	0	0.448083	0.448083	0.448083	0.448083	0	0	0	0.448083	0.448083	0	0	0.448083	0.448083	0.448083	0.448083	0	0	0	0.448083	0.448083	0	0	0	0.448083	0.448083	0	0	0.448083	0.448083	0	0	0	0.448083	0.448083	0	0	0	0	0.448083	0.448083	0	0	0	0.448083	0.448083	0	0	0	0	0	0.448083	0.448083	0	0	0	0	0	0.448083	0.448083	0	0	0	0	0	0	0	0	0	0	0	0	0	0	0.448083	0.448083	0	0	0	0	0	0	0	0	0	0	0	0	0	0	0	0	0	0	0	0	0	0	0	0	0	0	0	0	0	0	0	0	0	0	0	0	0	0.448083	0.448083	0	0	0	0	0	0	0	0.448083	0.448083	0	0	0	0.448083	0.448083	0.448083	0.448083	0	0	0.448083	0.448083	0	0.448083	0.448083	0	0.448083	0.448083	0	0.448083
0.896028	0.896028	0.448041	0	0.448041	0.448041	0.448041	0.448041	0.448041	0.896028	0.448041	0.448041	0.896028	0.896028	0.448041	0.896028	0.896028	0.448041	0.896028	0.448041	0.448041	0.448041	0.896028	0.896028	0.448041	0.448041	0.448041	1.3439	0.896028	0.448041	0.448041	0.896028	0.896028	0.448041	0.448041	0.448041	0.896028	0.448041	0.896028	0.896028	0.448041	0.896028	0.896028	0.448041	0.448041	1.3439	0.896028	0.448041	0.448041	0.448041	0.896028	0.448041	0.896028	1.3439	0.896028	0.448041	0.448041	0.448041	0.448041	1.3439	0.896028	0.448041	0.448041	0.896028	0.896028	0.448041	0.448041	0.448041	1.3439	0.896028	0.448041	0.896028	0.448041	0.448041	1.3439	0.896028	0.448041	0.896028	0.448041	0.448041	0.896028	0.448041	0.448041	0.448041	0.448041	0.896028	0.896028	0.448041	0.448041	0.896028	0.448041	0	0	0.448041	0.896028	0.896028	0.448041	0.448041	0.448041	0	0.448041	0.448041	0.448041	0.448041	0	0.448041	0.896028	0.448041	0	0.448041	0.448041	0.448041	0.448041	0	0.448041	0.448041	0.448041	0.448041	0	0	0	0.448041	0.448041	0	0	0.448041	0.448041	0.448041	0.448041	0	0	0	0.448041	0.448041	0	0	0	0.448041	0.448041	0	0	0.448041	0.448041	0	0	0	0.448041	0.448041	0	0	0	0	0.448041	0.448041	0	0	0	0.448041	0.448041	0	0	0	0	0	0.448041	0.448041	0	0	0	0	0	0.448041	0.448041	0	0	0	0	0	0	0	0	0	0	0	0	0	0	0.448041	0.448041	0	0	0	0	0	0	0	0	0	0	0	0	0	0	0	0	0	0	0	0	0	0	0	0	0	0	0	0	0	0	0	0	0	0	0	0	0	0.448041	0.448041	0	0	0	0	0	0	0	0.448041	0.448041	0	0	0	0.448041	0.448041	0.448041	0.448041	0	0	0.448041	0.448041	0	0.448041	0.448041	0	0.448041	0.448041	0	0.448041
0.89593	0.89593	0.447992	0	0.447992	0.447992	0.447992	0.447992	0.447992	0.89593	0.447992	0.447992	0.89593	0.89593	0.447992	0.89593	0.89593	0.447992	0.89593	0.447992	0.447992	0.447992	0.89593	0.89593	0.447992	0.447992	0.447992	1.34376	0.89593	0.447992	0.447992	0.89593	0.89593	0.447992	0.447992	0.447992	0.89593	0.447992	0.89593	0.89593	0.447992	0.89593	0.89593	0.447992	0.447992	1.34376	0.89593	0.447992	0.447992	0.447992	0.89593	0.447992	0.89593	1.34376	0.89593	0.447992	0.447992	0.447992	0.447992	1.34376	0.89593	0.447992	0.447992	0.89593	0.89593	0.447992	0.447992	0.447992	1.34376	0.89593	0.447992	0.89593	0.447992	0.447992	1.34376	0.89593	0.447992	0.89593	0.447992	0.447992	0.89593	0.447992	0.447992	0.447992	0.447992	0.89593	0.89593	0.447992	0.447992	0.89593	0.447992	0	0	0.447992	0.89593	0.89593	0.447992	0.447992	0.447992	0	0.447992	0.447992	0.447992	0.447992	0	0.447992	0.89593	0.447992	0	0.447992	0.447992	0.447992	0.447992	0	0.447992	0.447992	0.447992	0.447992	0	0	0	0.447992	0.447992	0	0	0.447992	0.447992	0.447992	0.447992	0	0	0	0.447992	0.447992	0	0	0	0.447992	0.447992	0	0	0.447992	0.447992	0	0	0	0.447992	0.447992	0	0	0	0	0.447992	0.447992	0	0	0	0.447992	0.447992	0	0	0	0	0	0.447992	0.447992	0	0	0	0	0	0.447992	0.447992	0	0	0	0	0	0	0	0	0	0	0	0	0	0	0.447992	0.447992	0	0	0	0	0	0	0	0	0	0	0	0	0	0	0	0	0	0	0	0	0	0	0	0	0	0	0	0	0	0	0	0	0	0	0	0	0	0.447992	0.447992	0	0	0	0	0	0	0	0.447992	0.447992	0	0	0	0.447992	0.447992	0.447992	0.447992	0	0	0.447992	0.447992	0	0.447992	0.447992	0	0.447992	0.447992	0	0.447992
0.895845	0.895845	0.44795	0	0.44795	0.44795	0.44795	0.44795	0.44795	0.895845	0.44795	0.44795	0.895845	0.895845	0.44795	0.895845	0.895845	0.44795	0.895845	0.44795	0.44795	0.44795	0.895845	0.895845	0.44795	0.44795	0.44795	1.34363	0.895845	0.44795	0.44795	0.895845	0.895845	0.44795	0.44795	0.44795	0.895845	0.44795	0.895845	0.895845	0.44795	0.895845	0.895845	0.44795	0.44795	1.34363	0.895845	0.44795	0.44795	0.44795	0.895845	0.44795	0.895845	1.34363	0.895845	0.44795	0.44795	0.44795	0.44795	1.34363	0.895845	0.44795	0.44795	0.895845	0.895845	0.44795	0.44795	0.44795	1.34363	0.895845	0.44795	0.895845	0.44795	0.44795	1.34363	0.895845	0.44795	0.895845	0.44795	0.44795	0.895845	0.44795	0.44795	0.44795	0.44795	0.895845	0.895845	0.44795	0.44795	0.895845	0.44795	0	0	0.44795	0.895845	0.895845	0.44795	0.44795	0.44795	0	0.44795	0.44795	0.44795	0.44795	0	0.44795	0.895845	0.44795	0	0.44795	0.44795	0.44795	0.44795	0	0.44795	0.44795	0.44795	0.44795	0	0	0	0.44795	0.44795	0	0	0.44795	0.44795	0.44795	0.44795	0	0	0	0.44795	0.44795	0	0	0	0.44795	0.44795	0	0	0.44795	0.44795	0	0	0	0.44795	0.44795	0	0	0	0	0.44795	0.44795	0	0	0	0.44795	0.44795	0	0	0	0	0	0.44795	0.44795	0	0	0	0	0	0.44795	0.44795	0	0	0	0	0	0	0	0	0	0	0	0	0	0	0.44795	0.44795	0	0	0	0	0	0	0	0	0	0	0	0	0	0	0	0	0	0	0	0	0	0	0	0	0	0	0	0	0	0	0	0	0	0	0	0	0	0.44795	0.44795	0	0	0	0	0	0	0	0.44795	0.44795	0	0	0	0.44795	0.44795	0.44795	0.44795	0	0	0.44795	0.44795	0	0.44795	0.44795	0	0.44795	0.44795	0	0.44795
0.895761	0.895761	0.447908	0	0.447908	0.447908	0.447908	0.447908	0.447908	0.895761	0.447908	0.447908	0.895761	0.895761	0.447908	0.895761	0.895761	0.447908	0.895761	0.447908	0.447908	0.447908	0.895761	0.895761	0.447908	0.447908	0.447908	1.34351	0.895761	0.447908	0.447908	0.895761	0.895761	0.447908	0.447908	0.447908	0.895761	0.447908	0.895761	0.895761	0.447908	0.895761	0.895761	0.447908	0.447908	1.34351	0.895761	0.447908	0.447908	0.447908	0.895761	0.447908	0.895761	1.34351	0.895761	0.447908	0.447908	0.447908	0.447908	1.34351	0.895761	0.447908	0.447908	0.895761	0.895761	0.447908	0.447908	0.447908	1.34351	0.895761	0.447908	0.895761	0.447908	0.447908	1.34351	0.895761	0.447908	0.895761	0.447908	0.447908	0.895761	0.447908	0.447908	0.447908	0.447908	0.895761	0.895761	0.447908	0.447908	0.895761	0.447908	0	0	0.447908	0.895761	0.895761	0.447908	0.447908	0.447908	0	0.447908	0.447908	0.447908	0.447908	0	0.447908	0.895761	0.447908	0	0.447908	0.447908	0.447908	0.447908	0	0.447908	0.447908	0.447908	0.447908	0	0	0	0.447908	0.447908	0	0	0.447908	0.447908	0.447908	0.447908	0	0	0	0.447908	0.447908	0	0	0	0.447908	0.447908	0	0	0.447908	0.447908	0	0	0	0.447908	0.447908	0	0	0	0	0.447908	0.447908	0	0	0	0.447908	0.447908	0	0	0	0	0	0.447908	0.447908	0	0	0	0	0	0.447908	0.447908	0	0	0	0	0	0	0	0	0	0	0	0	0	0	0.447908	0.447908	0	0	0	0	0	0	0	0	0	0	0	0	0	0	0	0	0	0	0	0	0	0	0	0	0	0	0	0	0	0	0	0	0	0	0	0	0	0.447908	0.447908	0	0	0	0	0	0	0	0.447908	0.447908	0	0	0	0.447908	0.447908	0.447908	0.447908	0	0	0.447908	0.447908	0	0.447908	0.447908	0	0.447908	0.447908	0	0.447908
0.895677	0.895677	0.447866	0	0.447866	0.447866	0.447866	0.447866	0.447866	0.895677	0.447866	0.447866	0.895677	0.895677	0.447866	0.895677	0.895677	0.447866	0.895677	0.447866	0.447866	0.447866	0.895677	0.895677	0.447866	0.447866	0.447866	1.34338	0.895677	0.447866	0.447866	0.895677	0.895677	0.447866	0.447866	0.447866	0.895677	0.447866	0.895677	0.895677	0.447866	0.895677	0.895677	0.447866	0.447866	1.34338	0.895677	0.447866	0.447866	0.447866	0.895677	0.447866	0.895677	1.34338	0.895677	0.447866	0.447866	0.447866	0.447866	1.34338	0.895677	0.447866	0.447866	0.895677	0.895677	0.447866	0.447866	0.447866	1.34338	0.895677	0.447866	0.895677	0.447866	0.447866	1.34338	0.895677	0.447866	0.895677	0.447866	0.447866	0.895677	0.447866	0.447866	0.447866	0.447866	0.895677	0.895677	0.447866	0.447866	0.895677	0.447866	0	0	0.447866	0.895677	0.895677	0.447866	0.447866	0.447866	0	0.447866	0.447866	0.447866	0.447866	0	0.447866	0.895677	0.447866	0	0.447866	0.447866	0.447866	0.447866	0	0.447866	0.447866	0.447866	0.447866	0	0	0	0.447866	0.447866	0	0	0.447866	0.447866	0.447866	0.447866	0	0	0	0.447866	0.447866	0	0	0	0.447866	0.447866	0	0	0.447866	0.447866	0	0	0	0.447866	0.447866	0	0	0	0	0.447866	0.447866	0	0	0	0.447866	0.447866	0	0	0	0	0	0.447866	0.447866	0	0	0	0	0	0.447866	0.447866	0	0	0	0	0	0	0	0	0	0	0	0	0	0	0.447866	0.447866	0	0	0	0	0	0	0	0	0	0	0	0	0	0	0	0	0	0	0	0	0	0	0	0	0	0	0	0	0	0	0	0	0	0	0	0	0	0.447866	0.447866	0	0	0	0	0	0	0	0.447866	0.447866	0	0	0	0.447866	0.447866	0.447866	0.447866	0	0	0.447866	0.447866	0	0.447866	0.447866	0	0.447866	0.447866	0	0.447866
0.895593	0.895593	0.447824	0	0.447824	0.447824	0.447824	0.447824	0.447824	0.895593	0.447824	0.447824	0.895593	0.895593	0.447824	0.895593	0.895593	0.447824	0.895593	0.447824	0.447824	0.447824	0.895593	0.895593	0.447824	0.447824	0.447824	1.34325	0.895593	0.447824	0.447824	0.895593	0.895593	0.447824	0.447824	0.447824	0.895593	0.447824	0.895593	0.895593	0.447824	0.895593	0.895593	0.447824	0.447824	1.34325	0.895593	0.447824	0.447824	0.447824	0.895593	0.447824	0.895593	1.34325	0.895593	0.447824	0.447824	0.447824	0.447824	1.34325	0.895593	0.447824	0.447824	0.895593	0.895593	0.447824	0.447824	0.447824	1.34325	0.895593	0.447824	0.895593	0.447824	0.447824	1.34325	0.895593	0.447824	0.895593	0.447824	0.447824	0.895593	0.447824	0.447824	0.447824	0.447824	0.895593	0.895593	0.447824	0.447824	0.895593	0.447824	0	0	0.447824	0.895593	0.895593	0.447824	0.447824	0.447824	0	0.447824	0.447824	0.447824	0.447824	0	0.447824	0.895593	0.447824	0	0.447824	0.447824	0.447824	0.447824	0	0.447824	0.447824	0.447824	0.447824	0	0	0	0.447824	0.447824	0	0	0.447824	0.447824	0.447824	0.447824	0	0	0	0.447824	0.447824	0	0	0	0.447824	0.447824	0	0	0.447824	0.447824	0	0	0	0.447824	0.447824	0	0	0	0	0.447824	0.447824	0	0	0	0.447824	0.447824	0	0	0	0	0	0.447824	0.447824	0	0	0	0	0	0.447824	0.447824	0	0	0	0	0	0	0	0	0	0	0	0	0	0	0.447824	0.447824	0	0	0	0	0	0	0	0	0	0	0	0	0	0	0	0	0	0	0	0	0	0	0	0	0	0	0	0	0	0	0	0	0	0	0	0	0	0.447824	0.447824	0	0	0	0	0	0	0	0.447824	0.447824	0	0	0	0.447824	0.447824	0.447824	0.447824	0	0	0.447824	0.447824	0	0.447824	0.447824	0	0.447824	0.447824	0	0.447824
0.895509	0.895509	0.447782	0	0.447782	0.447782	0.447782	0.447782	0.447782	0.895509	0.447782	0.447782	0.895509	0.895509	0.447782	0.895509	0.895509	0.447782	0.895509	0.447782	0.447782	0.447782	0.895509	0.895509	0.447782	0.447782	0.447782	1.34313	0.895509	0.447782	0.447782	0.895509	0.895509	0.447782	0.447782	0.447782	0.895509	0.447782	0.895509	0.895509	0.447782	0.895509	0.895509	0.447782	0.447782	1.34313	0.895509	0.447782	0.447782	0.447782	0.895509	0.447782	0.895509	1.34313	0.895509	0.447782	0.447782	0.447782	0.447782	1.34313	0.895509	0.447782	0.447782	0.895509	0.895509	0.447782	0.447782	0.447782	1.34313	0.895509	0.447782	0.895509	0.447782	0.447782	1.34313	0.895509	0.447782	0.895509	0.447782	0.447782	0.895509	0.447782	0.447782	0.447782	0.447782	0.895509	0.895509	0.447782	0.447782	0.895509	0.447782	0	0	0.447782	0.895509	0.895509	0.447782	0.447782	0.447782	0	0.447782	0.447782	0.447782	0.447782	0	0.447782	0.895509	0.447782	0	0.447782	0.447782	0.447782	0.447782	0	0.447782	0.447782	0.447782	0.447782	0	0	0	0.447782	0.447782	0	0	0.447782	0.447782	0.447782	0.447782	0	0	0	0.447782	0.447782	0	0	0	0.447782	0.447782	0	0	0.447782	0.447782	0	0	0	0.447782	0.447782	0	0	0	0	0.447782	0.447782	0	0	0	0.447782	0.447782	0	0	0	0	0	0.447782	0.447782	0	0	0	0	0	0.447782	0.447782	0	0	0	0	0	0	0	0	0	0	0	0	0	0	0.447782	0.447782	0	0	0	0	0	0	0	0	0	0	0	0	0	0	0	0	0	0	0	0	0	0	0	0	0	0	0	0	0	0	0	0	0	0	0	0	0	0.447782	0.447782	0	0	0	0	0	0	0	0.447782	0.447782	0	0	0	0.447782	0.447782	0.447782	0.447782	0	0	0.447782	0.447782	0	0.447782	0.447782	0	0.447782	0.447782	0	0.447782
0.895426	0.895426	0.44774	0	0.44774	0.44774	0.44774	0.44774	0.44774	0.895426	0.44774	0.44774	0.895426	0.895426	0.44774	0.895426	0.895426	0.44774	0.895426	0.44774	0.44774	0.44774	0.895426	0.895426	0.44774	0.44774	0.44774	1.343	0.895426	0.44774	0.44774	0.895426	0.895426	0.44774	0.44774	0.44774	0.895426	0.44774	0.895426	0.895426	0.44774	0.895426	0.895426	0.44774	0.44774	1.343	0.895426	0.44774	0.44774	0.44774	0.895426	0.44774	0.895426	1.343	0.895426	0.44774	0.44774	0.44774	0.44774	1.343	0.895426	0.44774	0.44774	0.895426	0.895426	0.44774	0.44774	0.44774	1.343	0.895426	0.44774	0.895426	0.44774	0.44774	1.343	0.895426	0.44774	0.895426	0.44774	0.44774	0.895426	0.44774	0.44774	0.44774	0.44774	0.895426	0.895426	0.44774	0.44774	0.895426	0.44774	0	0	0.44774	0.895426	0.895426	0.44774	0.44774	0.44774	0	0.44774	0.44774	0.44774	0.44774	0	0.44774	0.895426	0.44774	0	0.44774	0.44774	0.44774	0.44774	0	0.44774	0.44774	0.44774	0.44774	0	0	0	0.44774	0.44774	0	0	0.44774	0.44774	0.44774	0.44774	0	0	0	0.44774	0.44774	0	0	0	0.44774	0.44774	0	0	0.44774	0.44774	0	0	0	0.44774	0.44774	0	0	0	0	0.44774	0.44774	0	0	0	0.44774	0.44774	0	0	0	0	0	0.44774	0.44774	0	0	0	0	0	0.44774	0.44774	0	0	0	0	0	0	0	0	0	0	0	0	0	0	0.44774	0.44774	0	0	0	0	0	0	0	0	0	0	0	0	0	0	0	0	0	0	0	0	0	0	0	0	0	0	0	0	0	0	0	0	0	0	0	0	0	0.44774	0.44774	0	0	0	0	0	0	0	0.44774	0.44774	0	0	0	0.44774	0.44774	0.44774	0.44774	0	0	0.44774	0.44774	0	0.44774	0.44774	0	0.44774	0.44774	0	0.44774
0.895342	0.895342	0.447698	0	0.447698	0.447698	0.447698	0.447698	0.447698	0.895342	0.447698	0.447698	0.895342	0.895342	0.447698	0.895342	0.895342	0.447698	0.895342	0.447698	0.447698	0.447698	0.895342	0.895342	0.447698	0.447698	0.447698	1.34288	0.895342	0.447698	0.447698	0.895342	0.895342	0.447698	0.447698	0.447698	0.895342	0.447698	0.895342	0.895342	0.447698	0.895342	0.895342	0.447698	0.447698	1.34288	0.895342	0.447698	0.447698	0.447698	0.895342	0.447698	0.895342	1.34288	0.895342	0.447698	0.447698	0.447698	0.447698	1.34288	0.895342	0.447698	0.447698	0.895342	0.895342	0.447698	0.447698	0.447698	1.34288	0.895342	0.447698	0.895342	0.447698	0.447698	1.34288	0.895342	0.447698	0.895342	0.447698	0.447698	0.895342	0.447698	0.447698	0.447698	0.447698	0.895342	0.895342	0.447698	0.447698	0.895342	0.447698	0	0	0.447698	0.895342	0.895342	0.447698	0.447698	0.447698	0	0.447698	0.447698	0.447698	0.447698	0	0.447698	0.895342	0.447698	0	0.447698	0.447698	0.447698	0.447698	0	0.447698	0.447698	0.447698	0.447698	0	0	0	0.447698	0.447698	0	0	0.447698	0.447698	0.447698	0.447698	0	0	0	0.447698	0.447698	0	0	0	0.447698	0.447698	0	0	0.447698	0.447698	0	0	0	0.447698	0.447698	0	0	0	0	0.447698	0.447698	0	0	0	0.447698	0.447698	0	0	0	0	0	0.447698	0.447698	0	0	0	0	0	0.447698	0.447698	0	0	0	0	0	0	0	0	0	0	0	0	0	0	0.447698	0.447698	0	0	0	0	0	0	0	0	0	0	0	0	0	0	0	0	0	0	0	0	0	0	0	0	0	0	0	0	0	0	0	0	0	0	0	0	0	0.447698	0.447698	0	0	0	0	0	0	0	0.447698	0.447698	0	0	0	0.447698	0.447698	0.447698	0.447698	0	0	0.447698	0.447698	0	0.447698	0.447698	0	0.447698	0.447698	0	0.447698
1.61372	1.65205	1.71158	1.68209	1.55851	1.41543	1.41543	1.41543	1.41543	1.61372	1.41543	1.4929	1.80408	1.76906	1.41543	1.65205	1.85199	1.84524	2.00131	1.84524	1.84524	1.84524	2.00131	2.00131	1.76909	1.55851	1.41543	1.90523	1.85199	1.84524	1.84524	2.00131	2.00131	1.84524	1.84524	1.84524	2.00131	1.84524	2.05678	2.26508	2.28158	2.40946	2.40946	2.28158	2.28158	2.60863	2.40946	2.28158	2.28158	2.28158	2.40946	2.28158	2.40946	2.60863	2.40946	2.28158	2.28158	2.28158	2.28158	2.60863	2.40946	2.28158	2.28158	2.40946	2.40946	2.28158	2.28158	2.28158	2.65138	2.68883	2.6325	2.55543	2.28158	2.28158	2.65138	2.68883	2.72116	2.82914	2.72116	2.72116	2.82914	2.72116	2.72116	2.72116	2.72116	2.9032	3.11874	3.16245	3.16245	3.25573	3.16245	3.0212	2.79809	2.72116	2.9032	3.11874	3.16245	3.16245	3.07036	2.79809	2.81589	3.03767	3.16245	3.07036	2.79809	2.81589	3.11874	3.16245	3.13073	3.16245	3.16245	3.25957	3.38347	3.24423	3.25957	3.48154	3.60465	3.60465	3.46719	3.24423	3.13073	3.16245	3.16245	3.13073	3.13073	3.16245	3.16245	3.25957	3.48154	3.46719	3.24423	3.13073	3.16245	3.16245	3.13073	3.13073	3.13073	3.16245	3.16245	3.13073	3.13073	3.25957	3.48154	3.46719	3.24423	3.13073	3.25957	3.48154	3.46719	3.24423	3.13073	3.13073	3.25957	3.38347	3.24423	3.13073	3.13073	3.25957	3.48154	3.46719	3.24423	3.13073	3.13073	3.13073	3.16245	3.16245	3.13073	3.13073	3.13073	3.13073	3.13073	3.25957	3.48154	3.57689	3.57689	3.46719	3.24423	3.13073	3.13073	3.13073	3.13073	3.13073	3.13073	3.13073	3.13073	3.13073	3.13073	3.03767	2.81589	2.68419	2.68419	2.57493	2.35173	2.23733	2.23733	2.23733	2.23733	2.23733	2.23733	2.23733	2.12851	1.90528	1.79019	1.79019	1.79019	1.79019	1.79019	1.79019	1.79019	1.79019	1.68209	1.45899	1.34283	1.34283	1.34283	1.34283	1.34283	1.34283	1.34283	1.23604	1.0134	0.895314	0.895314	0.895314	0.895314	0.895314	1.00096	1.00096	0.895314	0.895314	0.895314	0.895314	0.791366	0.570679	0.447684	0.65258	0.852311	0.791366	0.570679	0.447684	0.65258	0.852311	1.00096	1.00096	0.895314	0.895314	1.00096	0.96269	0.570679	0.65258	0.852311	0.791366	0.791342	0.633088	0.447684	0.633088
1.61357	1.55837	1.68193	1.71142	1.65189	1.4153	1.4153	1.4153	1.4153	1.61357	1.4153	1.45885	1.80392	1.90505	1.4153	1.55837	1.76892	1.84507	2.00112	1.84507	1.84507	1.84507	2.00112	2.00112	1.85182	1.65189	1.4153	1.7689	1.76892	1.84507	1.84507	2.00112	2.00112	1.84507	1.84507	1.84507	2.00112	1.84507	1.9823	2.19765	2.28137	2.40923	2.40923	2.28137	2.28137	2.60839	2.40923	2.28137	2.28137	2.28137	2.40923	2.28137	2.40923	2.60839	2.40923	2.28137	2.28137	2.28137	2.28137	2.60839	2.40923	2.28137	2.28137	2.40923	2.40923	2.28137	2.28137	2.28137	2.55519	2.63225	2.68858	2.65114	2.28137	2.28137	2.55519	2.63225	2.7209	2.82888	2.7209	2.7209	2.82888	2.7209	2.7209	2.7209	2.7209	2.85087	3.07007	3.16215	3.16215	3.25543	3.16215	3.03739	2.81562	2.7209	2.85087	3.07007	3.16215	3.16215	3.11845	2.81562	2.79783	3.02092	3.16215	3.11845	2.81562	2.79783	3.07007	3.16215	3.13044	3.16215	3.16215	3.24393	3.38316	3.25927	3.24393	3.46686	3.60431	3.60431	3.48121	3.25927	3.13044	3.16215	3.16215	3.13044	3.13044	3.16215	3.16215	3.24393	3.46686	3.48121	3.25927	3.13044	3.16215	3.16215	3.13044	3.13044	3.13044	3.16215	3.16215	3.13044	3.13044	3.24393	3.46686	3.48121	3.25927	3.13044	3.24393	3.46686	3.48121	3.25927	3.13044	3.13044	3.24393	3.38316	3.25927	3.13044	3.13044	3.24393	3.46686	3.48121	3.25927	3.13044	3.13044	3.13044	3.16215	3.16215	3.13044	3.13044	3.13044	3.13044	3.13044	3.24393	3.46686	3.57656	3.57656	3.48121	3.25927	3.13044	3.13044	3.13044	3.13044	3.13044	3.13044	3.13044	3.13044	3.13044	3.13044	3.02092	2.79783	2.68394	2.68394	2.59402	2.37267	2.23712	2.23712	2.23712	2.23712	2.23712	2.23712	2.23712	2.15167	1.93118	1.79002	1.79002	1.79002	1.79002	1.79002	1.79002	1.79002	1.79002	1.71142	1.49276	1.34271	1.34271	1.34271	1.34271	1.34271	1.34271	1.34271	1.27579	1.06157	0.89523	0.89523	0.89523	0.89523	0.89523	1.00086	1.00086	0.89523	0.89523	0.89523	0.89523	0.852231	0.652519	0.447642	0.570625	0.791292	0.852231	0.652519	0.447642	0.570625	0.791292	1.00086	1.00086	0.89523	0.89523	1.00086	1.10771	0.652519	0.570625	0.791292	0.852231	0.96258	0.633029	0.447642	0.633029
0.895076	0.447565	0	0.447565	0.895076	0.447565	0.447565	0.447565	0.447565	0.895076	0.447565	0	0.895076	1.34248	0.447565	0.447565	0.447565	0.447565	0.895076	0.447565	0.447565	0.447565	0.895076	0.895076	0.895076	0.895076	0.447565	0.895076	0.447565	0.447565	0.447565	0.895076	0.895076	0.447565	0.447565	0.447565	0.895076	0.447565	0.447565	0.447565	0.447565	0.895076	0.895076	0.447565	0.447565	1.34248	0.895076	0.447565	0.447565	0.447565	0.895076	0.447565	0.895076	1.34248	0.895076	0.447565	0.447565	0.447565	0.447565	1.34248	0.895076	0.447565	0.447565	0.895076	0.895076	0.447565	0.447565	0.447565	0.895076	0.447565	0.895076	1.34248	0.447565	0.447565	0.895076	0.447565	0.447565	0.895076	0.447565	0.447565	0.895076	0.447565	0.447565	0.447565	0.447565	0.447565	0.447565	0.447565	0.447565	0.895076	0.447565	0.447565	0.447565	0.447565	0.447565	0.447565	0.447565	0.447565	0.895076	0.447565	0	0	0.447565	0.895076	0.447565	0	0.447565	0.447565	0	0.447565	0.447565	0	0.447565	0.447565	0	0	0.447565	0.447565	0.447565	0.447565	0	0.447565	0.447565	0	0	0.447565	0.447565	0	0	0.447565	0.447565	0	0.447565	0.447565	0	0	0	0.447565	0.447565	0	0	0	0	0.447565	0.447565	0	0	0	0.447565	0.447565	0	0	0	0.447565	0.447565	0	0	0	0	0.447565	0.447565	0	0	0	0.447565	0.447565	0	0	0	0	0	0	0	0	0	0.447565	0.447565	0	0	0	0	0	0	0	0	0	0	0	0	0	0	0.447565	0.447565	0	0	0	0	0	0	0	0.447565	0.447565	0	0	0	0	0	0	0	0	0.447565	0.447565	0	0	0	0	0	0	0	0.447565	0.447565	0	0	0	0	0	0.447565	0.447565	0	0	0	0	0.447565	0.447565	0	0	0	0.447565	0.447565	0	0	0	0.447565	0.447565	0	0	0.447565	0.895076	0.447565	0	0	0.447565	0.895076	0.447565	0	0.447565
0.894992	0.447523	0	0.447523	0.894992	0.447523	0.447523	0.447523	0.447523	0.894992	0.447523	0	0.894992	1.34235	0.447523	0.447523	0.447523	0.447523	0.894992	0.447523	0.447523	0.447523	0.894992	0.894992	0.894992	0.894992	0.447523	0.894992	0.447523	0.447523	0.447523	0.894992	0.894992	0.447523	0.447523	0.447523	0.894992	0.447523	0.447523	0.447523	0.447523	0.894992	0.894992	0.447523	0.447523	1.34235	0.894992	0.447523	0.447523	0.447523	0.894992	0.447523	0.894992	1.34235	0.894992	0.447523	0.447523	0.447523	0.447523	1.34235	0.894992	0.447523	0.447523	0.894992	0.894992	0.447523	0.447523	0.447523	0.894992	0.447523	0.894992	1.34235	0.447523	0.447523	0.894992	0.447523	0.447523	0.894992	0.447523	0.447523	0.894992	0.447523	0.447523	0.447523	0.447523	0.447523	0.447523	0.447523	0.447523	0.894992	0.447523	0.447523	0.447523	0.447523	0.447523	0.447523	0.447523	0.447523	0.894992	0.447523	0	0	0.447523	0.894992	0.447523	0	0.447523	0.447523	0	0.447523	0.447523	0	0.447523	0.447523	0	0	0.447523	0.447523	0.447523	0.447523	0	0.447523	0.447523	0	0	0.447523	0.447523	0	0	0.447523	0.447523	0	0.447523	0.447523	0	0	0	0.447523	0.447523	0	0	0	0	0.447523	0.447523	0	0	0	0.447523	0.447523	0	0	0	0.447523	0.447523	0	0	0	0	0.447523	0.447523	0	0	0	0.447523	0.447523	0	0	0	0	0	0	0	0	0	0.447523	0.447523	0	0	0	0	0	0	0	0	0	0	0	0	0	0	0.447523	0.447523	0	0	0	0	0	0	0	0.447523	0.447523	0	0	0	0	0	0	0	0	0.447523	0.447523	0	0	0	0	0	0	0	0.447523	0.447523	0	0	0	0	0	0.447523	0.447523	0	0	0	0	0.447523	0.447523	0	0	0	0.447523	0.447523	0	0	0	0.447523	0.447523	0	0	0.447523	0.894992	0.447523	0	0	0.447523	0.894992	0.447523	0	0.447523
0.894908	0.447481	0	0.447481	0.894908	0.447481	0.447481	0.447481	0.447481	0.894908	0.447481	0	0.894908	1.34223	0.447481	0.447481	0.447481	0.447481	0.894908	0.447481	0.447481	0.447481	0.894908	0.894908	0.894908	0.894908	0.447481	0.894908	0.447481	0.447481	0.447481	0.894908	0.894908	0.447481	0.447481	0.447481	0.894908	0.447481	0.447481	0.447481	0.447481	0.894908	0.894908	0.447481	0.447481	1.34223	0.894908	0.447481	0.447481	0.447481	0.894908	0.447481	0.894908	1.34223	0.894908	0.447481	0.447481	0.447481	0.447481	1.34223	0.894908	0.447481	0.447481	0.894908	0.894908	0.447481	0.447481	0.447481	0.894908	0.447481	0.894908	1.34223	0.447481	0.447481	0.894908	0.447481	0.447481	0.894908	0.447481	0.447481	0.894908	0.447481	0.447481	0.447481	0.447481	0.447481	0.447481	0.447481	0.447481	0.894908	0.447481	0.447481	0.447481	0.447481	0.447481	0.447481	0.447481	0.447481	0.894908	0.447481	0	0	0.447481	0.894908	0.447481	0	0.447481	0.447481	0	0.447481	0.447481	0	0.447481	0.447481	0	0	0.447481	0.447481	0.447481	0.447481	0	0.447481	0.447481	0	0	0.447481	0.447481	0	0	0.447481	0.447481	0	0.447481	0.447481	0	0	0	0.447481	0.447481	0	0	0	0	0.447481	0.447481	0	0	0	0.447481	0.447481	0	0	0	0.447481	0.447481	0	0	0	0	0.447481	0.447481	0	0	0	0.447481	0.447481	0	0	0	0	0	0	0	0	0	0.447481	0.447481	0	0	0	0	0	0	0	0	0	0	0	0	0	0	0.447481	0.447481	0	0	0	0	0	0	0	0.447481	0.447481	0	0	0	0	0	0	0	0	0.447481	0.447481	0	0	0	0	0	0	0	0.447481	0.447481	0	0	0	0	0	0.447481	0.447481	0	0	0	0	0.447481	0.447481	0	0	0	0.447481	0.447481	0	0	0	0.447481	0.447481	0	0	0.447481	0.894908	0.447481	0	0	0.447481	0.894908	0.447481	0	0.447481
0.894824	0.447439	0	0.447439	0.894824	0.447439	0.447439	0.447439	0.447439	0.894824	0.447439	0	0.894824	1.3421	0.447439	0.447439	0.447439	0.447439	0.894824	0.447439	0.447439	0.447439	0.894824	0.894824	0.894824	0.894824	0.447439	0.894824	0.447439	0.447439	0.447439	0.894824	0.894824	0.447439	0.447439	0.447439	0.894824	0.447439	0.447439	0.447439	0.447439	0.894824	0.894824	0.447439	0.447439	1.3421	0.894824	0.447439	0.447439	0.447439	0.894824	0.447439	0.894824	1.3421	0.894824	0.447439	0.447439	0.447439	0.447439	1.3421	0.894824	0.447439	0.447439	0.894824	0.894824	0.447439	0.447439	0.447439	0.894824	0.447439	0.894824	1.3421	0.447439	0.447439	0.894824	0.447439	0.447439	0.894824	0.447439	0.447439	0.894824	0.447439	0.447439	0.447439	0.447439	0.447439	0.447439	0.447439	0.447439	0.894824	0.447439	0.447439	0.447439	0.447439	0.447439	0.447439	0.447439	0.447439	0.894824	0.447439	0	0	0.447439	0.894824	0.447439	0	0.447439	0.447439	0	0.447439	0.447439	0	0.447439	0.447439	0	0	0.447439	0.447439	0.447439	0.447439	0	0.447439	0.447439	0	0	0.447439	0.447439	0	0	0.447439	0.447439	0	0.447439	0.447439	0	0	0	0.447439	0.447439	0	0	0	0	0.447439	0.447439	0	0	0	0.447439	0.447439	0	0	0	0.447439	0.447439	0	0	0	0	0.447439	0.447439	0	0	0	0.447439	0.447439	0	0	0	0	0	0	0	0	0	0.447439	0.447439	0	0	0	0	0	0	0	0	0	0	0	0	0	0	0.447439	0.447439	0	0	0	0	0	0	0	0.447439	0.447439	0	0	0	0	0	0	0	0	0.447439	0.447439	0	0	0	0	0	0	0	0.447439	0.447439	0	0	0	0	0	0.447439	0.447439	0	0	0	0	0.447439	0.447439	0	0	0	0.447439	0.447439	0	0	0	0.447439	0.447439	0	0	0.447439	0.894824	0.447439	0	0	0.447439	0.894824	0.447439	0	0.447439
0.89474	0.447397	0	0.447397	0.89474	0.447397	0.447397	0.447397	0.447397	0.89474	0.447397	0	0.89474	1.34197	0.447397	0.447397	0.447397	0.447397	0.89474	0.447397	0.447397	0.447397	0.89474	0.89474	0.89474	0.89474	0.447397	0.89474	0.447397	0.447397	0.447397	0.89474	0.89474	0.447397	0.447397	0.447397	0.89474	0.447397	0.447397	0.447397	0.447397	0.89474	0.89474	0.447397	0.447397	1.34197	0.89474	0.447397	0.447397	0.447397	0.89474	0.447397	0.89474	1.34197	0.89474	0.447397	0.447397	0.447397	0.447397	1.34197	0.89474	0.447397	0.447397	0.89474	0.89474	0.447397	0.447397	0.447397	0.89474	0.447397	0.89474	1.34197	0.447397	0.447397	0.89474	0.447397	0.447397	0.89474	0.447397	0.447397	0.89474	0.447397	0.447397	0.447397	0.447397	0.447397	0.447397	0.447397	0.447397	0.89474	0.447397	0.447397	0.447397	0.447397	0.447397	0.447397	0.447397	0.447397	0.89474	0.447397	0	0	0.447397	0.89474	0.447397	0	0.447397	0.447397	0	0.447397	0.447397	0	0.447397	0.447397	0	0	0.447397	0.447397	0.447397	0.447397	0	0.447397	0.447397	0	0	0.447397	0.447397	0	0	0.447397	0.447397	0	0.447397	0.447397	0	0	0	0.447397	0.447397	0	0	0	0	0.447397	0.447397	0	0	0	0.447397	0.447397	0	0	0	0.447397	0.447397	0	0	0	0	0.447397	0.447397	0	0	0	0.447397	0.447397	0	0	0	0	0	0	0	0	0	0.447397	0.447397	0	0	0	0	0	0	0	0	0	0	0	0	0	0	0.447397	0.447397	0	0	0	0	0	0	0	0.447397	0.447397	0	0	0	0	0	0	0	0	0.447397	0.447397	0	0	0	0	0	0	0	0.447397	0.447397	0	0	0	0	0	0.447397	0.447397	0	0	0	0	0.447397	0.447397	0	0	0	0.447397	0.447397	0	0	0	0.447397	0.447397	0	0	0.447397	0.89474	0.447397	0	0	0.447397	0.89474	0.447397	0	0.447397
0.894657	0.447356	0	0.447356	0.894657	0.447356	0.447356	0.447356	0.447356	0.894657	0.447356	0	0.894657	1.34185	0.447356	0.447356	0.447356	0.447356	0.894657	0.447356	0.447356	0.447356	0.894657	0.894657	0.894657	0.894657	0.447356	0.894657	0.447356	0.447356	0.447356	0.894657	0.894657	0.447356	0.447356	0.447356	0.894657	0.447356	0.447356	0.447356	0.447356	0.894657	0.894657	0.447356	0.447356	1.34185	0.894657	0.447356	0.447356	0.447356	0.894657	0.447356	0.894657	1.34185	0.894657	0.447356	0.447356	0.447356	0.447356	1.34185	0.894657	0.447356	0.447356	0.894657	0.894657	0.447356	0.447356	0.447356	0.894657	0.447356	0.894657	1.34185	0.447356	0.447356	0.894657	0.447356	0.447356	0.894657	0.447356	0.447356	0.894657	0.447356	0.447356	0.447356	0.447356	0.447356	0.447356	0.447356	0.447356	0.894657	0.447356	0.447356	0.447356	0.447356	0.447356	0.447356	0.447356	0.447356	0.894657	0.447356	0	0	0.447356	0.894657	0.447356	0	0.447356	0.447356	0	0.447356	0.447356	0	0.447356	0.447356	0	0	0.447356	0.447356	0.447356	0.447356	0	0.447356	0.447356	0	0	0.447356	0.447356	0	0	0.447356	0.447356	0	0.447356	0.447356	0	0	0	0.447356	0.447356	0	0	0	0	0.447356	0.447356	0	0	0	0.447356	0.447356	0	0	0	0.447356	0.447356	0	0	0	0	0.447356	0.447356	0	0	0	0.447356	0.447356	0	0	0	0	0	0	0	0	0	0.447356	0.447356	0	0	0	0	0	0	0	0	0	0	0	0	0	0	0.447356	0.447356	0	0	0	0	0	0	0	0.447356	0.447356	0	0	0	0	0	0	0	0	0.447356	0.447356	0	0	0	0	0	0	0	0.447356	0.447356	0	0	0	0	0	0.447356	0.447356	0	0	0	0	0.447356	0.447356	0	0	0	0.447356	0.447356	0	0	0	0.447356	0.447356	0	0	0.447356	0.894657	0.447356	0	0	0.447356	0.894657	0.447356	0	0.447356
0.894573	0.447314	0	0.447314	0.894573	0.447314	0.447314	0.447314	0.447314	0.894573	0.447314	0	0.894573	1.34172	0.447314	0.447314	0.447314	0.447314	0.894573	0.447314	0.447314	0.447314	0.894573	0.894573	0.894573	0.894573	0.447314	0.894573	0.447314	0.447314	0.447314	0.894573	0.894573	0.447314	0.447314	0.447314	0.894573	0.447314	0.447314	0.447314	0.447314	0.894573	0.894573	0.447314	0.447314	1.34172	0.894573	0.447314	0.447314	0.447314	0.894573	0.447314	0.894573	1.34172	0.894573	0.447314	0.447314	0.447314	0.447314	1.34172	0.894573	0.447314	0.447314	0.894573	0.894573	0.447314	0.447314	0.447314	0.894573	0.447314	0.894573	1.34172	0.447314	0.447314	0.894573	0.447314	0.447314	0.894573	0.447314	0.447314	0.894573	0.447314	0.447314	0.447314	0.447314	0.447314	0.447314	0.447314	0.447314	0.894573	0.447314	0.447314	0.447314	0.447314	0.447314	0.447314	0.447314	0.447314	0.894573	0.447314	0	0	0.447314	0.894573	0.447314	0	0.447314	0.447314	0	0.447314	0.447314	0	0.447314	0.447314	0	0	0.447314	0.447314	0.447314	0.447314	0	0.447314	0.447314	0	0	0.447314	0.447314	0	0	0.447314	0.447314	0	0.447314	0.447314	0	0	0	0.447314	0.447314	0	0	0	0	0.447314	0.447314	0	0	0	0.447314	0.447314	0	0	0	0.447314	0.447314	0	0	0	0	0.447314	0.447314	0	0	0	0.447314	0.447314	0	0	0	0	0	0	0	0	0	0.447314	0.447314	0	0	0	0	0	0	0	0	0	0	0	0	0	0	0.447314	0.447314	0	0	0	0	0	0	0	0.447314	0.447314	0	0	0	0	0	0	0	0	0.447314	0.447314	0	0	0	0	0	0	0	0.447314	0.447314	0	0	0	0	0	0.447314	0.447314	0	0	0	0	0.447314	0.447314	0	0	0	0.447314	0.447314	0	0	0	0.447314	0.447314	0	0	0.447314	0.894573	0.447314	0	0	0.447314	0.894573	0.447314	0	0.447314
0.894489	0.447272	0	0.447272	0.894489	0.447272	0.447272	0.447272	0.447272	0.894489	0.447272	0	0.894489	1.3416	0.447272	0.447272	0.447272	0.447272	0.894489	0.447272	0.447272	0.447272	0.894489	0.894489	0.894489	0.894489	0.447272	0.894489	0.447272	0.447272	0.447272	0.894489	0.894489	0.447272	0.447272	0.447272	0.894489	0.447272	0.447272	0.447272	0.447272	0.894489	0.894489	0.447272	0.447272	1.3416	0.894489	0.447272	0.447272	0.447272	0.894489	0.447272	0.894489	1.3416	0.894489	0.447272	0.447272	0.447272	0.447272	1.3416	0.894489	0.447272	0.447272	0.894489	0.894489	0.447272	0.447272	0.447272	0.894489	0.447272	0.894489	1.3416	0.447272	0.447272	0.894489	0.447272	0.447272	0.894489	0.447272	0.447272	0.894489	0.447272	0.447272	0.447272	0.447272	0.447272	0.447272	0.447272	0.447272	0.894489	0.447272	0.447272	0.447272	0.447272	0.447272	0.447272	0.447272	0.447272	0.894489	0.447272	0	0	0.447272	0.894489	0.447272	0	0.447272	0.447272	0	0.447272	0.447272	0	0.447272	0.447272	0	0	0.447272	0.447272	0.447272	0.447272	0	0.447272	0.447272	0	0	0.447272	0.447272	0	0	0.447272	0.447272	0	0.447272	0.447272	0	0	0	0.447272	0.447272	0	0	0	0	0.447272	0.447272	0	0	0	0.447272	0.447272	0	0	0	0.447272	0.447272	0	0	0	0	0.447272	0.447272	0	0	0	0.447272	0.447272	0	0	0	0	0	0	0	0	0	0.447272	0.447272	0	0	0	0	0	0	0	0	0	0	0	0	0	0	0.447272	0.447272	0	0	0	0	0	0	0	0.447272	0.447272	0	0	0	0	0	0	0	0	0.447272	0.447272	0	0	0	0	0	0	0	0.447272	0.447272	0	0	0	0	0	0.447272	0.447272	0	0	0	0	0.447272	0.447272	0	0	0	0.447272	0.447272	0	0	0	0.447272	0.447272	0	0	0.447272	0.894489	0.447272	0	0	0.447272	0.894489	0.447272	0	0.447272
0.894405	0.44723	0	0.44723	0.894405	0.44723	0.44723	0.44723	0.44723	0.894405	0.44723	0	0.894405	1.34147	0.44723	0.44723	0.44723	0.44723	0.894405	0.44723	0.44723	0.44723	0.894405	0.894405	0.894405	0.894405	0.44723	0.894405	0.44723	0.44723	0.44723	0.894405	0.894405	0.44723	0.44723	0.44723	0.894405	0.44723	0.44723	0.44723	0.44723	0.894405	0.894405	0.44723	0.44723	1.34147	0.894405	0.44723	0.44723	0.44723	0.894405	0.44723	0.894405	1.34147	0.894405	0.44723	0.44723	0.44723	0.44723	1.34147	0.894405	0.44723	0.44723	0.894405	0.894405	0.44723	0.44723	0.44723	0.894405	0.44723	0.894405	1.34147	0.44723	0.44723	0.894405	0.44723	0.44723	0.894405	0.44723	0.44723	0.894405	0.44723	0.44723	0.44723	0.44723	0.44723	0.44723	0.44723	0.44723	0.894405	0.44723	0.44723	0.44723	0.44723	0.44723	0.44723	0.44723	0.44723	0.894405	0.44723	0	0	0.44723	0.894405	0.44723	0	0.44723	0.44723	0	0.44723	0.44723	0	0.44723	0.44723	0	0	0.44723	0.44723	0.44723	0.44723	0	0.44723	0.44723	0	0	0.44723	0.44723	0	0	0.44723	0.44723	0	0.44723	0.44723	0	0	0	0.44723	0.44723	0	0	0	0	0.44723	0.44723	0	0	0	0.44723	0.44723	0	0	0	0.44723	0.44723	0	0	0	0	0.44723	0.44723	0	0	0	0.44723	0.44723	0	0	0	0	0	0	0	0	0	0.44723	0.44723	0	0	0	0	0	0	0	0	0	0	0	0	0	0	0.44723	0.44723	0	0	0	0	0	0	0	0.44723	0.44723	0	0	0	0	0	0	0	0	0.44723	0.44723	0	0	0	0	0	0	0	0.44723	0.44723	0	0	0	0	0	0.44723	0.44723	0	0	0	0	0.44723	0.44723	0	0	0	0.44723	0.44723	0	0	0	0.44723	0.44723	0	0	0.44723	0.894405	0.44723	0	0	0.44723	0.894405	0.44723	0	0.44723
0.894307	0.447181	0	0.447181	0.894307	0.447181	0.447181	0.447181	0.447181	0.894307	0.447181	0	0.894307	1.34133	0.447181	0.447181	0.447181	0.447181	0.894307	0.447181	0.447181	0.447181	0.894307	0.894307	0.894307	0.894307	0.447181	0.894307	0.447181	0.447181	0.447181	0.894307	0.894307	0.447181	0.447181	0.447181	0.894307	0.447181	0.447181	0.447181	0.447181	0.894307	0.894307	0.447181	0.447181	1.34133	0.894307	0.447181	0.447181	0.447181	0.894307	0.447181	0.894307	1.34133	0.894307	0.447181	0.447181	0.447181	0.447181	1.34133	0.894307	0.447181	0.447181	0.894307	0.894307	0.447181	0.447181	0.447181	0.894307	0.447181	0.894307	1.34133	0.447181	0.447181	0.894307	0.447181	0.447181	0.894307	0.447181	0.447181	0.894307	0.447181	0.447181	0.447181	0.447181	0.447181	0.447181	0.447181	0.447181	0.894307	0.447181	0.447181	0.447181	0.447181	0.447181	0.447181	0.447181	0.447181	0.894307	0.447181	0	0	0.447181	0.894307	0.447181	0	0.447181	0.447181	0	0.447181	0.447181	0	0.447181	0.447181	0	0	0.447181	0.447181	0.447181	0.447181	0	0.447181	0.447181	0	0	0.447181	0.447181	0	0	0.447181	0.447181	0	0.447181	0.447181	0	0	0	0.447181	0.447181	0	0	0	0	0.447181	0.447181	0	0	0	0.447181	0.447181	0	0	0	0.447181	0.447181	0	0	0	0	0.447181	0.447181	0	0	0	0.447181	0.447181	0	0	0	0	0	0	0	0	0	0.447181	0.447181	0	0	0	0	0	0	0	0	0	0	0	0	0	0	0.447181	0.447181	0	0	0	0	0	0	0	0.447181	0.447181	0	0	0	0	0	0	0	0	0.447181	0.447181	0	0	0	0	0	0	0	0.447181	0.447181	0	0	0	0	0	0.447181	0.447181	0	0	0	0	0.447181	0.447181	0	0	0	0.447181	0.447181	0	0	0	0.447181	0.447181	0	0	0.447181	0.894307	0.447181	0	0	0.447181	0.894307	0.447181	0	0.447181
0.894224	0.447139	0	0.447139	0.894224	0.447139	0.447139	0.447139	0.447139	0.894224	0.447139	0	0.894224	1.3412	0.447139	0.447139	0.447139	0.447139	0.894224	0.447139	0.447139	0.447139	0.894224	0.894224	0.894224	0.894224	0.447139	0.894224	0.447139	0.447139	0.447139	0.894224	0.894224	0.447139	0.447139	0.447139	0.894224	0.447139	0.447139	0.447139	0.447139	0.894224	0.894224	0.447139	0.447139	1.3412	0.894224	0.447139	0.447139	0.447139	0.894224	0.447139	0.894224	1.3412	0.894224	0.447139	0.447139	0.447139	0.447139	1.3412	0.894224	0.447139	0.447139	0.894224	0.894224	0.447139	0.447139	0.447139	0.894224	0.447139	0.894224	1.3412	0.447139	0.447139	0.894224	0.447139	0.447139	0.894224	0.447139	0.447139	0.894224	0.447139	0.447139	0.447139	0.447139	0.447139	0.447139	0.447139	0.447139	0.894224	0.447139	0.447139	0.447139	0.447139	0.447139	0.447139	0.447139	0.447139	0.894224	0.447139	0	0	0.447139	0.894224	0.447139	0	0.447139	0.447139	0	0.447139	0.447139	0	0.447139	0.447139	0	0	0.447139	0.447139	0.447139	0.447139	0	0.447139	0.447139	0	0	0.447139	0.447139	0	0	0.447139	0.447139	0	0.447139	0.447139	0	0	0	0.447139	0.447139	0	0	0	0	0.447139	0.447139	0	0	0	0.447139	0.447139	0	0	0	0.447139	0.447139	0	0	0	0	0.447139	0.447139	0	0	0	0.447139	0.447139	0	0	0	0	0	0	0	0	0	0.447139	0.447139	0	0	0	0	0	0	0	0	0	0	0	0	0	0	0.447139	0.447139	0	0	0	0	0	0	0	0.447139	0.447139	0	0	0	0	0	0	0	0	0.447139	0.447139	0	0	0	0	0	0	0	0.447139	0.447139	0	0	0	0	0	0.447139	0.447139	0	0	0	0	0.447139	0.447139	0	0	0	0.447139	0.447139	0	0	0	0.447139	0.447139	0	0	0.447139	0.894224	0.447139	0	0	0.447139	0.894224	0.447139	0	0.447139
1.84971	1.76691	1.45719	1.41369	1.61173	1.41369	1.41369	1.41369	1.41369	1.61173	1.41369	1.23452	1.43121	1.74555	1.70947	1.84297	1.84297	1.84297	1.99883	1.84297	1.84297	1.84297	1.99883	1.99883	2.05424	2.26228	2.27877	2.40649	2.27877	2.27877	2.27877	2.40649	2.40649	2.27877	2.27877	2.27877	2.40649	2.27877	2.27877	2.27877	2.27877	2.40649	2.40649	2.27877	2.27877	2.64811	2.68551	2.71781	2.71781	2.71781	2.75873	2.41168	2.47292	2.84759	2.82565	2.71781	2.71781	2.71781	2.62926	2.79905	2.68551	2.71781	2.71781	2.82565	2.82565	2.71781	2.71781	2.71781	2.75873	2.41168	2.47292	2.84759	2.71781	2.71781	2.89962	3.03394	3.15856	3.25172	3.15856	3.15856	3.25172	3.15856	3.15856	3.15856	3.15856	3.15856	3.15856	3.15856	3.15856	3.25172	3.15856	3.25556	3.47726	3.60022	3.50574	3.28599	3.15856	3.25556	3.54804	3.60022	3.46292	3.24024	3.25556	3.54804	3.60022	3.57249	3.60022	3.60022	3.57249	3.60022	3.60022	3.57249	3.60022	3.60022	3.57249	3.57249	3.60022	3.60022	3.60022	3.60022	3.57249	3.60022	3.60022	3.57249	3.57249	3.60022	3.60022	3.46292	3.24024	3.25556	3.37931	3.24024	3.25556	3.47726	3.57249	3.46292	3.24024	3.25556	3.47726	3.46292	3.24024	3.12688	3.12688	3.25556	3.37931	3.24024	3.12688	3.12688	3.25556	3.47726	3.46292	3.24024	3.12688	3.25556	3.47726	3.46292	3.24024	3.12688	3.12688	3.15856	3.15856	3.12688	3.12688	3.12688	3.15856	3.15856	3.12688	3.01748	2.79465	2.68089	2.68089	2.57176	2.34883	2.23457	2.23457	2.36997	2.59107	2.68089	2.68089	2.57176	2.34883	2.23457	2.23457	2.23457	2.23457	2.23457	2.23457	2.12588	1.90293	1.78798	1.78798	1.84297	1.84297	1.78798	1.78798	1.78798	1.68002	1.45719	1.34118	1.34118	1.41369	1.41369	1.34118	1.34118	1.34118	1.23452	1.01215	0.89421	0.89421	0.89421	0.999721	0.999721	0.89421	0.89421	0.89421	0.89421	0.89421	0.79039	0.569975	0.651773	0.851259	0.89421	0.89421	0.79039	0.569975	0.447132	0.651773	0.851259	0.79039	0.569975	0.447132	0.447132	0.651773	0.806023	0.569975	0.447132	0.447132	0.651773	0.806023	0.569975	0.447132	0.447132	0.632303	0.632303	0.353489	0.158082	0.353467	0.851213	0.632303	0.447132	0.447132	0.632303	0.961474	0.806023	0.569975	0.651773
1.76674	1.84953	1.49092	1.41355	1.61158	1.41355	1.41355	1.41355	1.41355	1.61158	1.41355	1.27421	1.43108	1.49925	1.67986	1.84279	1.84279	1.84279	1.99865	1.84279	1.84279	1.84279	1.99865	1.99865	1.97985	2.19494	2.27856	2.40626	2.27856	2.27856	2.27856	2.40626	2.40626	2.27856	2.27856	2.27856	2.40626	2.27856	2.27856	2.27856	2.27856	2.40626	2.40626	2.27856	2.27856	2.55204	2.62901	2.71755	2.71755	2.71755	2.84732	2.47269	2.41145	2.75847	2.82539	2.71755	2.71755	2.71755	2.68526	2.79879	2.62901	2.71755	2.71755	2.82539	2.82539	2.71755	2.71755	2.71755	2.84732	2.47269	2.41145	2.75847	2.71755	2.71755	2.84736	3.0172	3.15826	3.25142	3.15826	3.15826	3.25142	3.15826	3.15826	3.15826	3.15826	3.15826	3.15826	3.15826	3.15826	3.25142	3.15826	3.23994	3.4626	3.59988	3.54771	3.33079	3.15826	3.23994	3.50541	3.59988	3.47693	3.25526	3.23994	3.50541	3.59988	3.57216	3.59988	3.59988	3.57216	3.59988	3.59988	3.57216	3.59988	3.59988	3.57216	3.57216	3.59988	3.59988	3.59988	3.59988	3.57216	3.59988	3.59988	3.57216	3.57216	3.59988	3.59988	3.47693	3.25526	3.23994	3.37899	3.25526	3.23994	3.4626	3.57216	3.47693	3.25526	3.23994	3.4626	3.47693	3.25526	3.12659	3.12659	3.23994	3.37899	3.25526	3.12659	3.12659	3.23994	3.4626	3.47693	3.25526	3.12659	3.23994	3.4626	3.47693	3.25526	3.12659	3.12659	3.15826	3.15826	3.12659	3.12659	3.12659	3.15826	3.15826	3.12659	3.03365	2.81215	2.68064	2.68064	2.59083	2.36975	2.23436	2.23436	2.34861	2.57152	2.68064	2.68064	2.59083	2.36975	2.23436	2.23436	2.23436	2.23436	2.23436	2.23436	2.14902	1.9288	1.78782	1.78782	1.84279	1.84279	1.78782	1.78782	1.78782	1.70931	1.49092	1.34105	1.34105	1.41355	1.41355	1.34105	1.34105	1.34105	1.27421	1.06026	0.894126	0.894126	0.894126	0.999627	0.999627	0.894126	0.894126	0.894126	0.894126	0.894126	0.851179	0.651712	0.569922	0.790316	0.894126	0.894126	0.851179	0.651712	0.44709	0.569922	0.790316	0.851179	0.651712	0.44709	0.44709	0.569922	0.805947	0.651712	0.44709	0.44709	0.569922	0.805947	0.651712	0.44709	0.44709	0.632244	0.632244	0.474191	0.353434	0.158067	0.651688	0.632244	0.44709	0.44709	0.632244	0.790286	0.805947	0.651712	0.569922
0.447014	0.893973	0.447014	0.447014	0.893973	0.447014	0.447014	0.447014	0.447014	0.893973	0.447014	0.447014	0.893973	0.447014	0	0.447014	0.447014	0.447014	0.893973	0.447014	0.447014	0.447014	0.893973	0.893973	0.447014	0.447014	0.447014	0.893973	0.447014	0.447014	0.447014	0.893973	0.893973	0.447014	0.447014	0.447014	0.893973	0.447014	0.447014	0.447014	0.447014	0.893973	0.893973	0.447014	0.447014	0.893973	0.447014	0.447014	0.447014	0.447014	1.34082	0.893973	0.447014	0.893973	0.893973	0.447014	0.447014	0.447014	0.893973	1.34082	0.447014	0.447014	0.447014	0.893973	0.893973	0.447014	0.447014	0.447014	1.34082	0.893973	0.447014	0.893973	0.447014	0.447014	0.447014	0	0.447014	0.893973	0.447014	0.447014	0.893973	0.447014	0.447014	0.447014	0.447014	0.447014	0.447014	0.447014	0.447014	0.893973	0.447014	0	0	0.447014	0.893973	0.893973	0.447014	0	0.447014	0.447014	0.447014	0.447014	0	0.447014	0.447014	0	0.447014	0.447014	0	0.447014	0.447014	0	0.447014	0.447014	0	0	0.447014	0.447014	0.447014	0.447014	0	0.447014	0.447014	0	0	0.447014	0.447014	0.447014	0.447014	0	0.447014	0.447014	0	0	0	0.447014	0.447014	0	0	0.447014	0.447014	0	0	0	0.447014	0.447014	0	0	0	0	0.447014	0.447014	0	0	0	0.447014	0.447014	0	0	0.447014	0.447014	0	0	0	0.447014	0.447014	0	0.447014	0.447014	0	0	0.447014	0.447014	0	0	0	0	0	0	0.447014	0.447014	0	0	0	0	0	0	0.447014	0.447014	0	0	0.447014	0.447014	0	0	0	0.447014	0.447014	0	0	0.447014	0.447014	0	0	0	0.447014	0.447014	0	0	0	0.447014	0.447014	0	0	0	0	0	0.447014	0.447014	0	0	0	0	0.447014	0.447014	0	0	0	0.447014	0.447014	0	0	0	0.447014	0.447014	0	0	0	0.447014	0.447014	0	0	0.447014	0.447014	0.447014	0.447014	0	0.447014	0.447014	0	0	0.447014	0.447014	0.447014	0.447014	0
0.446972	0.893889	0.446972	0.446972	0.893889	0.446972	0.446972	0.446972	0.446972	0.893889	0.446972	0.446972	0.893889	0.446972	0	0.446972	0.446972	0.446972	0.893889	0.446972	0.446972	0.446972	0.893889	0.893889	0.446972	0.446972	0.446972	0.893889	0.446972	0.446972	0.446972	0.893889	0.893889	0.446972	0.446972	0.446972	0.893889	0.446972	0.446972	0.446972	0.446972	0.893889	0.893889	0.446972	0.446972	0.893889	0.446972	0.446972	0.446972	0.446972	1.3407	0.893889	0.446972	0.893889	0.893889	0.446972	0.446972	0.446972	0.893889	1.3407	0.446972	0.446972	0.446972	0.893889	0.893889	0.446972	0.446972	0.446972	1.3407	0.893889	0.446972	0.893889	0.446972	0.446972	0.446972	0	0.446972	0.893889	0.446972	0.446972	0.893889	0.446972	0.446972	0.446972	0.446972	0.446972	0.446972	0.446972	0.446972	0.893889	0.446972	0	0	0.446972	0.893889	0.893889	0.446972	0	0.446972	0.446972	0.446972	0.446972	0	0.446972	0.446972	0	0.446972	0.446972	0	0.446972	0.446972	0	0.446972	0.446972	0	0	0.446972	0.446972	0.446972	0.446972	0	0.446972	0.446972	0	0	0.446972	0.446972	0.446972	0.446972	0	0.446972	0.446972	0	0	0	0.446972	0.446972	0	0	0.446972	0.446972	0	0	0	0.446972	0.446972	0	0	0	0	0.446972	0.446972	0	0	0	0.446972	0.446972	0	0	0.446972	0.446972	0	0	0	0.446972	0.446972	0	0.446972	0.446972	0	0	0.446972	0.446972	0	0	0	0	0	0	0.446972	0.446972	0	0	0	0	0	0	0.446972	0.446972	0	0	0.446972	0.446972	0	0	0	0.446972	0.446972	0	0	0.446972	0.446972	0	0	0	0.446972	0.446972	0	0	0	0.446972	0.446972	0	0	0	0	0	0.446972	0.446972	0	0	0	0	0.446972	0.446972	0	0	0	0.446972	0.446972	0	0	0	0.446972	0.446972	0	0	0	0.446972	0.446972	0	0	0.446972	0.446972	0.446972	0.446972	0	0.446972	0.446972	0	0	0.446972	0.446972	0.446972	0.446972	0
0.44693	0.893805	0.44693	0.44693	0.893805	0.44693	0.44693	0.44693	0.44693	0.893805	0.44693	0.44693	0.893805	0.44693	0	0.44693	0.44693	0.44693	0.893805	0.44693	0.44693	0.44693	0.893805	0.893805	0.44693	0.44693	0.44693	0.893805	0.44693	0.44693	0.44693	0.893805	0.893805	0.44693	0.44693	0.44693	0.893805	0.44693	0.44693	0.44693	0.44693	0.893805	0.893805	0.44693	0.44693	0.893805	0.44693	0.44693	0.44693	0.44693	1.34057	0.893805	0.44693	0.893805	0.893805	0.44693	0.44693	0.44693	0.893805	1.34057	0.44693	0.44693	0.44693	0.893805	0.893805	0.44693	0.44693	0.44693	1.34057	0.893805	0.44693	0.893805	0.44693	0.44693	0.44693	0	0.44693	0.893805	0.44693	0.44693	0.893805	0.44693	0.44693	0.44693	0.44693	0.44693	0.44693	0.44693	0.44693	0.893805	0.44693	0	0	0.44693	0.893805	0.893805	0.44693	0	0.44693	0.44693	0.44693	0.44693	0	0.44693	0.44693	0	0.44693	0.44693	0	0.44693	0.44693	0	0.44693	0.44693	0	0	0.44693	0.44693	0.44693	0.44693	0	0.44693	0.44693	0	0	0.44693	0.44693	0.44693	0.44693	0	0.44693	0.44693	0	0	0	0.44693	0.44693	0	0	0.44693	0.44693	0	0	0	0.44693	0.44693	0	0	0	0	0.44693	0.44693	0	0	0	0.44693	0.44693	0	0	0.44693	0.44693	0	0	0	0.44693	0.44693	0	0.44693	0.44693	0	0	0.44693	0.44693	0	0	0	0	0	0	0.44693	0.44693	0	0	0	0	0	0	0.44693	0.44693	0	0	0.44693	0.44693	0	0	0	0.44693	0.44693	0	0	0.44693	0.44693	0	0	0	0.44693	0.44693	0	0	0	0.44693	0.44693	0	0	0	0	0	0.44693	0.44693	0	0	0	0	0.44693	0.44693	0	0	0	0.44693	0.44693	0	0	0	0.44693	0.44693	0	0	0	0.44693	0.44693	0	0	0.44693	0.44693	0.44693	0.44693	0	0.44693	0.44693	0	0	0.44693	0.44693	0.44693	0.44693	0
0.446888	0.893722	0.446888	0.446888	0.893722	0.446888	0.446888	0.446888	0.446888	0.893722	0.446888	0.446888	0.893722	0.446888	0	0.446888	0.446888	0.446888	0.893722	0.446888	0.446888	0.446888	0.893722	0.893722	0.446888	0.446888	0.446888	0.893722	0.446888	0.446888	0.446888	0.893722	0.893722	0.446888	0.446888	0.446888	0.893722	0.446888	0.446888	0.446888	0.446888	0.893722	0.893722	0.446888	0.446888	0.893722	0.446888	0.446888	0.446888	0.446888	1.34045	0.893722	0.446888	0.893722	0.893722	0.446888	0.446888	0.446888	0.893722	1.34045	0.446888	0.446888	0.446888	0.893722	0.893722	0.446888	0.446888	0.446888	1.34045	0.893722	0.446888	0.893722	0.446888	0.446888	0.446888	0	0.446888	0.893722	0.446888	0.446888	0.893722	0.446888	0.446888	0.446888	0.446888	0.446888	0.446888	0.446888	0.446888	0.893722	0.446888	0	0	0.446888	0.893722	0.893722	0.446888	0	0.446888	0.446888	0.446888	0.446888	0	0.446888	0.446888	0	0.446888	0.446888	0	0.446888	0.446888	0	0.446888	0.446888	0	0	0.446888	0.446888	0.446888	0.446888	0	0.446888	0.446888	0	0	0.446888	0.446888	0.446888	0.446888	0	0.446888	0.446888	0	0	0	0.446888	0.446888	0	0	0.446888	0.446888	0	0	0	0.446888	0.446888	0	0	0	0	0.446888	0.446888	0	0	0	0.446888	0.446888	0	0	0.446888	0.446888	0	0	0	0.446888	0.446888	0	0.446888	0.446888	0	0	0.446888	0.446888	0	0	0	0	0	0	0.446888	0.446888	0	0	0	0	0	0	0.446888	0.446888	0	0	0.446888	0.446888	0	0	0	0.446888	0.446888	0	0	0.446888	0.446888	0	0	0	0.446888	0.446888	0	0	0	0.446888	0.446888	0	0	0	0	0	0.446888	0.446888	0	0	0	0	0.446888	0.446888	0	0	0	0.446888	0.446888	0	0	0	0.446888	0.446888	0	0	0	0.446888	0.446888	0	0	0.446888	0.446888	0.446888	0.446888	0	0.446888	0.446888	0	0	0.446888	0.446888	0.446888	0.446888	0
0.446846	0.893638	0.446846	0.446846	0.893638	0.446846	0.446846	0.446846	0.446846	0.893638	0.446846	0.446846	0.893638	0.446846	0	0.446846	0.446846	0.446846	0.893638	0.446846	0.446846	0.446846	0.893638	0.893638	0.446846	0.446846	0.446846	0.893638	0.446846	0.446846	0.446846	0.893638	0.893638	0.446846	0.446846	0.446846	0.893638	0.446846	0.446846	0.446846	0.446846	0.893638	0.893638	0.446846	0.446846	0.893638	0.446846	0.446846	0.446846	0.446846	1.34032	0.893638	0.446846	0.893638	0.893638	0.446846	0.446846	0.446846	0.893638	1.34032	0.446846	0.446846	0.446846	0.893638	0.893638	0.446846	0.446846	0.446846	1.34032	0.893638	0.446846	0.893638	0.446846	0.446846	0.446846	0	0.446846	0.893638	0.446846	0.446846	0.893638	0.446846	0.446846	0.446846	0.446846	0.446846	0.446846	0.446846	0.446846	0.893638	0.446846	0	0	0.446846	0.893638	0.893638	0.446846	0	0.446846	0.446846	0.446846	0.446846	0	0.446846	0.446846	0	0.446846	0.446846	0	0.446846	0.446846	0	0.446846	0.446846	0	0	0.446846	0.446846	0.446846	0.446846	0	0.446846	0.446846	0	0	0.446846	0.446846	0.446846	0.446846	0	0.446846	0.446846	0	0	0	0.446846	0.446846	0	0	0.446846	0.446846	0	0	0	0.446846	0.446846	0	0	0	0	0.446846	0.446846	0	0	0	0.446846	0.446846	0	0	0.446846	0.446846	0	0	0	0.446846	0.446846	0	0.446846	0.446846	0	0	0.446846	0.446846	0	0	0	0	0	0	0.446846	0.446846	0	0	0	0	0	0	0.446846	0.446846	0	0	0.446846	0.446846	0	0	0	0.446846	0.446846	0	0	0.446846	0.446846	0	0	0	0.446846	0.446846	0	0	0	0.446846	0.446846	0	0	0	0	0	0.446846	0.446846	0	0	0	0	0.446846	0.446846	0	0	0	0.446846	0.446846	0	0	0	0.446846	0.446846	0	0	0	0.446846	0.446846	0	0	0.446846	0.446846	0.446846	0.446846	0	0.446846	0.446846	0	0	0.446846	0.446846	0.446846	0.446846	0
0.446797	0.89354	0.446797	0.446797	0.89354	0.446797	0.446797	0.446797	0.446797	0.89354	0.446797	0.446797	0.89354	0.446797	0	0.446797	0.446797	0.446797	0.89354	0.446797	0.446797	0.446797	0.89354	0.89354	0.446797	0.446797	0.446797	0.89354	0.446797	0.446797	0.446797	0.89354	0.89354	0.446797	0.446797	0.446797	0.89354	0.446797	0.446797	0.446797	0.446797	0.89354	0.89354	0.446797	0.446797	0.89354	0.446797	0.446797	0.446797	0.446797	1.34017	0.89354	0.446797	0.89354	0.89354	0.446797	0.446797	0.446797	0.89354	1.34017	0.446797	0.446797	0.446797	0.89354	0.89354	0.446797	0.446797	0.446797	1.34017	0.89354	0.446797	0.89354	0.446797	0.446797	0.446797	0	0.446797	0.89354	0.446797	0.446797	0.89354	0.446797	0.446797	0.446797	0.446797	0.446797	0.446797	0.446797	0.446797	0.89354	0.446797	0	0	0.446797	0.89354	0.89354	0.446797	0	0.446797	0.446797	0.446797	0.446797	0	0.446797	0.446797	0	0.446797	0.446797	0	0.446797	0.446797	0	0.446797	0.446797	0	0	0.446797	0.446797	0.446797	0.446797	0	0.446797	0.446797	0	0	0.446797	0.446797	0.446797	0.446797	0	0.446797	0.446797	0	0	0	0.446797	0.446797	0	0	0.446797	0.446797	0	0	0	0.446797	0.446797	0	0	0	0	0.446797	0.446797	0	0	0	0.446797	0.446797	0	0	0.446797	0.446797	0	0	0	0.446797	0.446797	0	0.446797	0.446797	0	0	0.446797	0.446797	0	0	0	0	0	0	0.446797	0.446797	0	0	0	0	0	0	0.446797	0.446797	0	0	0.446797	0.446797	0	0	0	0.446797	0.446797	0	0	0.446797	0.446797	0	0	0	0.446797	0.446797	0	0	0	0.446797	0.446797	0	0	0	0	0	0.446797	0.446797	0	0	0	0	0.446797	0.446797	0	0	0	0.446797	0.446797	0	0	0	0.446797	0.446797	0	0	0	0.446797	0.446797	0	0	0.446797	0.446797	0.446797	0.446797	0	0.446797	0.446797	0	0	0.446797	0.446797	0.446797	0.446797	0
0.446756	0.893457	0.446756	0.446756	0.893457	0.446756	0.446756	0.446756	0.446756	0.893457	0.446756	0.446756	0.893457	0.446756	0	0.446756	0.446756	0.446756	0.893457	0.446756	0.446756	0.446756	0.893457	0.893457	0.446756	0.446756	0.446756	0.893457	0.446756	0.446756	0.446756	0.893457	0.893457	0.446756	0.446756	0.446756	0.893457	0.446756	0.446756	0.446756	0.446756	0.893457	0.893457	0.446756	0.446756	0.893457	0.446756	0.446756	0.446756	0.446756	1.34005	0.893457	0.446756	0.893457	0.893457	0.446756	0.446756	0.446756	0.893457	1.34005	0.446756	0.446756	0.446756	0.893457	0.893457	0.446756	0.446756	0.446756	1.34005	0.893457	0.446756	0.893457	0.446756	0.446756	0.446756	0	0.446756	0.893457	0.446756	0.446756	0.893457	0.446756	0.446756	0.446756	0.446756	0.446756	0.446756	0.446756	0.446756	0.893457	0.446756	0	0	0.446756	0.893457	0.893457	0.446756	0	0.446756	0.446756	0.446756	0.446756	0	0.446756	0.446756	0	0.446756	0.446756	0	0.446756	0.446756	0	0.446756	0.446756	0	0	0.446756	0.446756	0.446756	0.446756	0	0.446756	0.446756	0	0	0.446756	0.446756	0.446756	0.446756	0	0.446756	0.446756	0	0	0	0.446756	0.446756	0	0	0.446756	0.446756	0	0	0	0.446756	0.446756	0	0	0	0	0.446756	0.446756	0	0	0	0.446756	0.446756	0	0	0.446756	0.446756	0	0	0	0.446756	0.446756	0	0.446756	0.446756	0	0	0.446756	0.446756	0	0	0	0	0	0	0.446756	0.446756	0	0	0	0	0	0	0.446756	0.446756	0	0	0.446756	0.446756	0	0	0	0.446756	0.446756	0	0	0.446756	0.446756	0	0	0	0.446756	0.446756	0	0	0	0.446756	0.446756	0	0	0	0	0	0.446756	0.446756	0	0	0	0	0.446756	0.446756	0	0	0	0.446756	0.446756	0	0	0	0.446756	0.446756	0	0	0	0.446756	0.446756	0	0	0.446756	0.446756	0.446756	0.446756	0	0.446756	0.446756	0	0	0.446756	0.446756	0.446756	0.446756	0
0.446714	0.893373	0.446714	0.446714	0.893373	0.446714	0.446714	0.446714	0.446714	0.893373	0.446714	0.446714	0.893373	0.446714	0	0.446714	0.446714	0.446714	0.893373	0.446714	0.446714	0.446714	0.893373	0.893373	0.446714	0.446714	0.446714	0.893373	0.446714	0.446714	0.446714	0.893373	0.893373	0.446714	0.446714	0.446714	0.893373	0.446714	0.446714	0.446714	0.446714	0.893373	0.893373	0.446714	0.446714	0.893373	0.446714	0.446714	0.446714	0.446714	1.33992	0.893373	0.446714	0.893373	0.893373	0.446714	0.446714	0.446714	0.893373	1.33992	0.446714	0.446714	0.446714	0.893373	0.893373	0.446714	0.446714	0.446714	1.33992	0.893373	0.446714	0.893373	0.446714	0.446714	0.446714	0	0.446714	0.893373	0.446714	0.446714	0.893373	0.446714	0.446714	0.446714	0.446714	0.446714	0.446714	0.446714	0.446714	0.893373	0.446714	0	0	0.446714	0.893373	0.893373	0.446714	0	0.446714	0.446714	0.446714	0.446714	0	0.446714	0.446714	0	0.446714	0.446714	0	0.446714	0.446714	0	0.446714	0.446714	0	0	0.446714	0.446714	0.446714	0.446714	0	0.446714	0.446714	0	0	0.446714	0.446714	0.446714	0.446714	0	0.446714	0.446714	0	0	0	0.446714	0.446714	0	0	0.446714	0.446714	0	0	0	0.446714	0.446714	0	0	0	0	0.446714	0.446714	0	0	0	0.446714	0.446714	0	0	0.446714	0.446714	0	0	0	0.446714	0.446714	0	0.446714	0.446714	0	0	0.446714	0.446714	0	0	0	0	0	0	0.446714	0.446714	0	0	0	0	0	0	0.446714	0.446714	0	0	0.446714	0.446714	0	0	0	0.446714	0.446714	0	0	0.446714	0.446714	0	0	0	0.446714	0.446714	0	0	0	0.446714	0.446714	0	0	0	0	0	0.446714	0.446714	0	0	0	0	0.446714	0.446714	0	0	0	0.446714	0.446714	0	0	0	0.446714	0.446714	0	0	0	0.446714	0.446714	0	0	0.446714	0.446714	0.446714	0.446714	0	0.446714	0.446714	0	0	0.446714	0.446714	0.446714	0.446714	0
0.446672	0.89329	0.446672	0.446672	0.89329	0.446672	0.446672	0.446672	0.446672	0.89329	0.446672	0.446672	0.89329	0.446672	0	0.446672	0.446672	0.446672	0.89329	0.446672	0.446672	0.446672	0.89329	0.89329	0.446672	0.446672	0.446672	0.89329	0.446672	0.446672	0.446672	0.89329	0.89329	0.446672	0.446672	0.446672	0.89329	0.446672	0.446672	0.446672	0.446672	0.89329	0.89329	0.446672	0.446672	0.89329	0.446672	0.446672	0.446672	0.446672	1.3398	0.89329	0.446672	0.89329	0.89329	0.446672	0.446672	0.446672	0.89329	1.3398	0.446672	0.446672	0.446672	0.89329	0.89329	0.446672	0.446672	0.446672	1.3398	0.89329	0.446672	0.89329	0.446672	0.446672	0.446672	0	0.446672	0.89329	0.446672	0.446672	0.89329	0.446672	0.446672	0.446672	0.446672	0.446672	0.446672	0.446672	0.446672	0.89329	0.446672	0	0	0.446672	0.89329	0.89329	0.446672	0	0.446672	0.446672	0.446672	0.446672	0	0.446672	0.446672	0	0.446672	0.446672	0	0.446672	0.446672	0	0.446672	0.446672	0	0	0.446672	0.446672	0.446672	0.446672	0	0.446672	0.446672	0	0	0.446672	0.446672	0.446672	0.446672	0	0.446672	0.446672	0	0	0	0.446672	0.446672	0	0	0.446672	0.446672	0	0	0	0.446672	0.446672	0	0	0	0	0.446672	0.446672	0	0	0	0.446672	0.446672	0	0	0.446672	0.446672	0	0	0	0.446672	0.446672	0	0.446672	0.446672	0	0	0.446672	0.446672	0	0	0	0	0	0	0.446672	0.446672	0	0	0	0	0	0	0.446672	0.446672	0	0	0.446672	0.446672	0	0	0	0.446672	0.446672	0	0	0.446672	0.446672	0	0	0	0.446672	0.446672	0	0	0	0.446672	0.446672	0	0	0	0	0	0.446672	0.446672	0	0	0	0	0.446672	0.446672	0	0	0	0.446672	0.446672	0	0	0	0.446672	0.446672	0	0	0	0.446672	0.446672	0	0	0.446672	0.446672	0.446672	0.446672	0	0.446672	0.446672	0	0	0.446672	0.446672	0.446672	0.446672	0
0.44663	0.893206	0.44663	0.44663	0.893206	0.44663	0.44663	0.44663	0.44663	0.893206	0.44663	0.44663	0.893206	0.44663	0	0.44663	0.44663	0.44663	0.893206	0.44663	0.44663	0.44663	0.893206	0.893206	0.44663	0.44663	0.44663	0.893206	0.44663	0.44663	0.44663	0.893206	0.893206	0.44663	0.44663	0.44663	0.893206	0.44663	0.44663	0.44663	0.44663	0.893206	0.893206	0.44663	0.44663	0.893206	0.44663	0.44663	0.44663	0.44663	1.33967	0.893206	0.44663	0.893206	0.893206	0.44663	0.44663	0.44663	0.893206	1.33967	0.44663	0.44663	0.44663	0.893206	0.893206	0.44663	0.44663	0.44663	1.33967	0.893206	0.44663	0.893206	0.44663	0.44663	0.44663	0	0.44663	0.893206	0.44663	0.44663	0.893206	0.44663	0.44663	0.44663	0.44663	0.44663	0.44663	0.44663	0.44663	0.893206	0.44663	0	0	0.44663	0.893206	0.893206	0.44663	0	0.44663	0.44663	0.44663	0.44663	0	0.44663	0.44663	0	0.44663	0.44663	0	0.44663	0.44663	0	0.44663	0.44663	0	0	0.44663	0.44663	0.44663	0.44663	0	0.44663	0.44663	0	0	0.44663	0.44663	0.44663	0.44663	0	0.44663	0.44663	0	0	0	0.44663	0.44663	0	0	0.44663	0.44663	0	0	0	0.44663	0.44663	0	0	0	0	0.44663	0.44663	0	0	0	0.44663	0.44663	0	0	0.44663	0.44663	0	0	0	0.44663	0.44663	0	0.44663	0.44663	0	0	0.44663	0.44663	0	0	0	0	0	0	0.44663	0.44663	0	0	0	0	0	0	0.44663	0.44663	0	0	0.44663	0.44663	0	0	0	0.44663	0.44663	0	0	0.44663	0.44663	0	0	0	0.44663	0.44663	0	0	0	0.44663	0.44663	0	0	0	0	0	0.44663	0.44663	0	0	0	0	0.44663	0.44663	0	0	0	0.44663	0.44663	0	0	0	0.44663	0.44663	0	0	0	0.44663	0.44663	0	0	0.44663	0.44663	0.44663	0.44663	0	0.44663	0.44663	0	0	0.44663	0.44663	0.44663	0.44663	0
1.14941	1.26301	0.998584	0.998584	1.26301	0.998584	0.998584	0.998584	0.998584	1.26301	0.998584	1.05915	1.4555	1.3489	1.011	0.998584	0.998584	0.998584	1.26301	0.998584	1.05915	1.27288	1.60989	1.60989	1.41208	1.41208	1.41208	1.60989	1.41208	1.41208	1.41208	1.64813	1.8476	1.84087	1.84087	1.84087	1.99656	1.84087	1.84087	1.84087	1.92679	2.1983	2.14674	1.84087	1.84087	1.99656	1.84087	1.84087	1.84087	1.84087	2.25968	2.25971	2.27618	2.40375	2.40375	2.27618	2.27618	2.27618	2.47011	2.84435	2.71472	2.71472	2.71472	2.82244	2.82244	2.71472	2.71472	2.71472	3.0468	3.11136	3.15497	3.24803	3.15497	3.15497	3.0631	2.79147	2.71472	2.89633	3.03049	3.15497	3.24803	3.15497	3.15497	3.15497	3.15497	3.15497	3.15497	3.15497	3.15497	3.24803	3.15497	3.12333	3.12333	3.15497	3.24803	3.24803	3.15497	3.12333	3.15497	3.15497	3.15497	3.15497	3.12333	3.15497	3.15497	3.12333	3.15497	3.15497	3.12333	3.15497	3.15497	3.01405	2.93469	3.03049	3.01405	2.79147	2.71472	2.71472	2.80922	3.03049	3.01405	2.93469	3.03049	3.01405	2.79147	2.80922	2.93469	2.93469	3.03049	3.01405	2.93469	3.03049	3.01405	2.79147	2.67784	2.71472	2.71472	2.67784	2.67784	2.71472	2.71472	2.67784	2.67784	2.67784	2.71472	2.71472	2.67784	2.67784	2.56884	2.34616	2.36727	2.58812	2.56884	2.34616	2.23203	2.36727	2.58812	2.56884	2.34616	2.27618	2.27618	2.23203	2.12347	1.90077	1.92679	2.14678	2.23203	2.27618	2.27618	2.23203	2.12347	2.05798	2.14678	2.23203	2.23203	2.12347	1.90077	1.78595	1.67811	1.62532	1.70753	1.78595	1.67811	1.45553	1.33965	1.33965	1.33965	1.41208	1.41208	1.33965	1.33965	1.41208	1.41208	1.33965	1.23311	1.011	1.05915	1.2024	1.011	0.893192	1.05915	1.27288	1.23311	1.011	0.893192	0.998584	0.998584	0.893192	0.893192	0.893192	0.998584	0.998584	0.893192	0.893192	0.789491	0.569326	0.446623	0.651031	0.85029	0.789491	0.569326	0.446623	0.446623	0.651031	0.805106	0.569326	0.446623	0.446623	0.651031	0.805106	0.569326	0.446623	0.446623	0.651031	0.85029	0.789491	0.569326	0.446623	0.651031	0.85029	0.789491	0.569326	0.651031	0.85029	0.998584	0.998584	0.893192	0.998584	0.998584	0.893192	0.893192	0.998584	0.998584	0.998584	0.998584	0.893192
1.27273	1.2629	0.99849	0.99849	1.2629	0.99849	0.99849	0.99849	0.99849	1.2629	0.99849	1.01091	1.34878	1.45536	1.05905	0.99849	0.99849	0.99849	1.2629	0.99849	1.01091	1.233	1.60974	1.60974	1.41195	1.41195	1.41195	1.60974	1.41195	1.41195	1.41195	1.55467	1.76473	1.8407	1.8407	1.8407	1.99637	1.8407	1.8407	1.8407	1.90059	2.1981	2.25947	1.8407	1.8407	1.99637	1.8407	1.8407	1.8407	1.8407	2.14654	2.19245	2.27597	2.40353	2.40353	2.27597	2.27597	2.27597	2.40871	2.75534	2.71447	2.71447	2.71447	2.82218	2.82218	2.71447	2.71447	2.71447	2.96388	3.06281	3.15468	3.24773	3.15468	3.15468	3.11107	2.80896	2.71447	2.84412	3.01377	3.15468	3.24773	3.15468	3.15468	3.15468	3.15468	3.15468	3.15468	3.15468	3.15468	3.24773	3.15468	3.12304	3.12304	3.15468	3.24773	3.24773	3.15468	3.12304	3.15468	3.15468	3.15468	3.15468	3.12304	3.15468	3.15468	3.12304	3.15468	3.15468	3.12304	3.15468	3.15468	3.03021	2.93442	3.01377	3.03021	2.80896	2.71447	2.71447	2.79121	3.01377	3.03021	2.93442	3.01377	3.03021	2.80896	2.79121	2.93442	2.93442	3.01377	3.03021	2.93442	3.01377	3.03021	2.80896	2.67759	2.71447	2.71447	2.67759	2.67759	2.71447	2.71447	2.67759	2.67759	2.67759	2.71447	2.71447	2.67759	2.67759	2.58788	2.36705	2.34594	2.5686	2.58788	2.36705	2.23182	2.34594	2.5686	2.58788	2.36705	2.27597	2.27597	2.23182	2.14658	1.92661	1.90059	2.12327	2.23182	2.27597	2.27597	2.23182	2.14658	2.05779	2.12327	2.23182	2.23182	2.14658	1.92661	1.78578	1.70737	1.62517	1.67795	1.78578	1.70737	1.48922	1.33953	1.33953	1.33953	1.41195	1.41195	1.33953	1.33953	1.41195	1.41195	1.33953	1.27276	1.05905	1.01091	1.20229	1.05905	0.893109	1.01091	1.233	1.27276	1.05905	0.893109	0.99849	0.99849	0.893109	0.893109	0.893109	0.99849	0.99849	0.893109	0.893109	0.85021	0.650971	0.446581	0.569273	0.789417	0.85021	0.650971	0.446581	0.446581	0.569273	0.80503	0.650971	0.446581	0.446581	0.569273	0.80503	0.650971	0.446581	0.446581	0.569273	0.789417	0.85021	0.650971	0.446581	0.569273	0.789417	0.85021	0.650971	0.569273	0.789417	0.99849	0.99849	0.893109	0.99849	0.99849	0.893109	0.893109	0.99849	0.99849	0.99849	0.99849	0.893109
0.892956	0.892956	0.446505	0.446505	0.892956	0.446505	0.446505	0.446505	0.446505	0.892956	0.446505	0	0.446505	0.892956	0.446505	0.446505	0.446505	0.446505	0.892956	0.446505	0	0	0.892956	0.892956	0.446505	0.446505	0.446505	0.892956	0.446505	0.446505	0.446505	0.446505	0.446505	0.446505	0.446505	0.446505	0.892956	0.446505	0.446505	0.446505	0	0.892956	1.3393	0.446505	0.446505	0.892956	0.446505	0.446505	0.446505	0.446505	0.892956	0.446505	0.446505	0.892956	0.892956	0.446505	0.446505	0.446505	0.446505	0.892956	0.446505	0.446505	0.446505	0.892956	0.892956	0.446505	0.446505	0.446505	0.892956	0.446505	0.446505	0.892956	0.446505	0.446505	0.892956	0.446505	0.446505	0.446505	0	0.446505	0.892956	0.446505	0.446505	0.446505	0.446505	0.446505	0.446505	0.446505	0.446505	0.892956	0.446505	0	0	0.446505	0.892956	0.892956	0.446505	0	0.446505	0.446505	0.446505	0.446505	0	0.446505	0.446505	0	0.446505	0.446505	0	0.446505	0.446505	0.446505	0.446505	0	0.446505	0.446505	0.446505	0.446505	0	0	0.446505	0.446505	0	0.446505	0.446505	0	0.446505	0.446505	0	0.446505	0.446505	0	0.446505	0.446505	0	0.446505	0.446505	0	0	0.446505	0.446505	0	0	0	0.446505	0.446505	0	0	0.446505	0.446505	0	0	0.446505	0.446505	0	0	0	0.446505	0.446505	0.446505	0.446505	0	0.446505	0.446505	0	0	0	0.446505	0.446505	0	0.446505	0.446505	0	0	0	0.446505	0.446505	0	0.446505	0.446505	0	0	0.446505	0.446505	0	0	0	0.446505	0.446505	0	0	0.446505	0.446505	0	0.446505	0.446505	0	0.446505	0.446505	0	0	0	0.446505	0.446505	0	0.446505	0.446505	0	0	0	0.446505	0.446505	0	0	0.446505	0.446505	0	0	0	0.446505	0.446505	0	0	0	0.446505	0.446505	0	0	0	0.446505	0.446505	0	0	0	0	0.446505	0.446505	0	0	0	0.446505	0.446505	0	0	0.446505	0.446505	0	0.446505	0.446505	0	0	0.446505	0.446505	0.446505	0.446505	0
0.892872	0.892872	0.446463	0.446463	0.892872	0.446463	0.446463	0.446463	0.446463	0.892872	0.446463	0	0.446463	0.892872	0.446463	0.446463	0.446463	0.446463	0.892872	0.446463	0	0	0.892872	0.892872	0.446463	0.446463	0.446463	0.892872	0.446463	0.446463	0.446463	0.446463	0.446463	0.446463	0.446463	0.446463	0.892872	0.446463	0.446463	0.446463	0	0.892872	1.33917	0.446463	0.446463	0.892872	0.446463	0.446463	0.446463	0.446463	0.892872	0.446463	0.446463	0.892872	0.892872	0.446463	0.446463	0.446463	0.446463	0.892872	0.446463	0.446463	0.446463	0.892872	0.892872	0.446463	0.446463	0.446463	0.892872	0.446463	0.446463	0.892872	0.446463	0.446463	0.892872	0.446463	0.446463	0.446463	0	0.446463	0.892872	0.446463	0.446463	0.446463	0.446463	0.446463	0.446463	0.446463	0.446463	0.892872	0.446463	0	0	0.446463	0.892872	0.892872	0.446463	0	0.446463	0.446463	0.446463	0.446463	0	0.446463	0.446463	0	0.446463	0.446463	0	0.446463	0.446463	0.446463	0.446463	0	0.446463	0.446463	0.446463	0.446463	0	0	0.446463	0.446463	0	0.446463	0.446463	0	0.446463	0.446463	0	0.446463	0.446463	0	0.446463	0.446463	0	0.446463	0.446463	0	0	0.446463	0.446463	0	0	0	0.446463	0.446463	0	0	0.446463	0.446463	0	0	0.446463	0.446463	0	0	0	0.446463	0.446463	0.446463	0.446463	0	0.446463	0.446463	0	0	0	0.446463	0.446463	0	0.446463	0.446463	0	0	0	0.446463	0.446463	0	0.446463	0.446463	0	0	0.446463	0.446463	0	0	0	0.446463	0.446463	0	0	0.446463	0.446463	0	0.446463	0.446463	0	0.446463	0.446463	0	0	0	0.446463	0.446463	0	0.446463	0.446463	0	0	0	0.446463	0.446463	0	0	0.446463	0.446463	0	0	0	0.446463	0.446463	0	0	0	0.446463	0.446463	0	0	0	0.446463	0.446463	0	0	0	0	0.446463	0.446463	0	0	0	0.446463	0.446463	0	0	0.446463	0.446463	0	0.446463	0.446463	0	0	0.446463	0.446463	0.446463	0.446463	0
0.892775	0.892775	0.446414	0.446414	0.892775	0.446414	0.446414	0.446414	0.446414	0.892775	0.446414	0	0.446414	0.892775	0.446414	0.446414	0.446414	0.446414	0.892775	0.446414	0	0	0.892775	0.892775	0.446414	0.446414	0.446414	0.892775	0.446414	0.446414	0.446414	0.446414	0.446414	0.446414	0.446414	0.446414	0.892775	0.446414	0.446414	0.446414	0	0.892775	1.33903	0.446414	0.446414	0.892775	0.446414	0.446414	0.446414	0.446414	0.892775	0.446414	0.446414	0.892775	0.892775	0.446414	0.446414	0.446414	0.446414	0.892775	0.446414	0.446414	0.446414	0.892775	0.892775	0.446414	0.446414	0.446414	0.892775	0.446414	0.446414	0.892775	0.446414	0.446414	0.892775	0.446414	0.446414	0.446414	0	0.446414	0.892775	0.446414	0.446414	0.446414	0.446414	0.446414	0.446414	0.446414	0.446414	0.892775	0.446414	0	0	0.446414	0.892775	0.892775	0.446414	0	0.446414	0.446414	0.446414	0.446414	0	0.446414	0.446414	0	0.446414	0.446414	0	0.446414	0.446414	0.446414	0.446414	0	0.446414	0.446414	0.446414	0.446414	0	0	0.446414	0.446414	0	0.446414	0.446414	0	0.446414	0.446414	0	0.446414	0.446414	0	0.446414	0.446414	0	0.446414	0.446414	0	0	0.446414	0.446414	0	0	0	0.446414	0.446414	0	0	0.446414	0.446414	0	0	0.446414	0.446414	0	0	0	0.446414	0.446414	0.446414	0.446414	0	0.446414	0.446414	0	0	0	0.446414	0.446414	0	0.446414	0.446414	0	0	0	0.446414	0.446414	0	0.446414	0.446414	0	0	0.446414	0.446414	0	0	0	0.446414	0.446414	0	0	0.446414	0.446414	0	0.446414	0.446414	0	0.446414	0.446414	0	0	0	0.446414	0.446414	0	0.446414	0.446414	0	0	0	0.446414	0.446414	0	0	0.446414	0.446414	0	0	0	0.446414	0.446414	0	0	0	0.446414	0.446414	0	0	0	0.446414	0.446414	0	0	0	0	0.446414	0.446414	0	0	0	0.446414	0.446414	0	0	0.446414	0.446414	0	0.446414	0.446414	0	0	0.446414	0.446414	0.446414	0.446414	0
0.892691	0.892691	0.446373	0.446373	0.892691	0.446373	0.446373	0.446373	0.446373	0.892691	0.446373	0	0.446373	0.892691	0.446373	0.446373	0.446373	0.446373	0.892691	0.446373	0	0	0.892691	0.892691	0.446373	0.446373	0.446373	0.892691	0.446373	0.446373	0.446373	0.446373	0.446373	0.446373	0.446373	0.446373	0.892691	0.446373	0.446373	0.446373	0	0.892691	1.3389	0.446373	0.446373	0.892691	0.446373	0.446373	0.446373	0.446373	0.892691	0.446373	0.446373	0.892691	0.892691	0.446373	0.446373	0.446373	0.446373	0.892691	0.446373	0.446373	0.446373	0.892691	0.892691	0.446373	0.446373	0.446373	0.892691	0.446373	0.446373	0.892691	0.446373	0.446373	0.892691	0.446373	0.446373	0.446373	0	0.446373	0.892691	0.446373	0.446373	0.446373	0.446373	0.446373	0.446373	0.446373	0.446373	0.892691	0.446373	0	0	0.446373	0.892691	0.892691	0.446373	0	0.446373	0.446373	0.446373	0.446373	0	0.446373	0.446373	0	0.446373	0.446373	0	0.446373	0.446373	0.446373	0.446373	0	0.446373	0.446373	0.446373	0.446373	0	0	0.446373	0.446373	0	0.446373	0.446373	0	0.446373	0.446373	0	0.446373	0.446373	0	0.446373	0.446373	0	0.446373	0.446373	0	0	0.446373	0.446373	0	0	0	0.446373	0.446373	0	0	0.446373	0.446373	0	0	0.446373	0.446373	0	0	0	0.446373	0.446373	0.446373	0.446373	0	0.446373	0.446373	0	0	0	0.446373	0.446373	0	0.446373	0.446373	0	0	0	0.446373	0.446373	0	0.446373	0.446373	0	0	0.446373	0.446373	0	0	0	0.446373	0.446373	0	0	0.446373	0.446373	0	0.446373	0.446373	0	0.446373	0.446373	0	0	0	0.446373	0.446373	0	0.446373	0.446373	0	0	0	0.446373	0.446373	0	0	0.446373	0.446373	0	0	0	0.446373	0.446373	0	0	0	0.446373	0.446373	0	0	0	0.446373	0.446373	0	0	0	0	0.446373	0.446373	0	0	0	0.446373	0.446373	0	0	0.446373	0.446373	0	0.446373	0.446373	0	0	0.446373	0.446373	0.446373	0.446373	0
1.45466	1.60897	1.41126	1.41126	1.60897	1.41126	1.41126	1.41126	1.41126	1.60897	1.41126	1.2324	1.14875	1.26229	0.998008	1.05854	1.27215	1.41126	1.60897	1.41126	1.2324	1.01042	1.27212	1.45466	1.41126	1.41126	1.41126	1.60897	1.41126	1.41126	1.41126	1.41126	1.41126	1.41126	1.41126	1.41126	1.60897	1.41126	1.41126	1.41126	1.33888	1.64718	2.0748	1.83981	1.83981	1.99541	1.83981	1.83981	1.83981	1.83981	1.99541	1.83981	1.83981	2.05073	2.25841	2.27487	2.27487	2.27487	2.27487	2.40237	2.27487	2.36591	2.58663	2.82082	2.82082	2.71316	2.71316	2.71316	2.82082	2.71316	2.71316	2.82082	2.71316	2.71316	2.82082	2.71316	2.71316	2.62476	2.34481	2.36591	2.68092	2.71316	2.71316	2.71316	2.71316	2.62476	2.49373	2.58663	2.71316	2.82082	2.71316	2.56736	2.34481	2.36591	2.68092	2.82082	2.71316	2.6763	2.71316	2.71316	2.71316	2.71316	2.56736	2.49373	2.58663	2.56736	2.49373	2.49373	2.34481	2.27487	2.27487	2.36591	2.49373	2.34481	2.27487	2.27487	2.27487	2.27487	2.23075	2.23075	2.27487	2.19139	1.89968	1.92568	2.14554	2.12224	1.97665	1.83981	1.78492	1.83981	1.83981	1.78492	1.83981	1.83981	1.78492	1.83981	1.83981	1.78492	1.67714	1.62438	1.70655	1.78492	1.78492	1.67714	1.62438	1.70655	1.78492	1.78492	1.83981	1.83981	1.67714	1.45469	1.4885	1.62438	1.45469	1.33888	1.33888	1.41126	1.41126	1.41126	1.41126	1.33888	1.41126	1.41126	1.33888	1.33888	1.2324	1.20171	1.27215	1.33888	1.41126	1.41126	1.33888	1.2324	1.01042	1.05854	1.27215	1.33888	1.41126	1.41126	1.2324	1.01042	1.05854	1.27215	1.33888	1.2324	1.01042	1.05854	1.20171	1.01042	0.892677	0.998008	0.998008	0.892677	0.998008	0.998008	0.892677	0.998008	0.998008	0.892677	0.789036	0.568998	0.650656	0.8498	0.892677	0.998008	0.998008	0.892677	0.892677	0.892677	0.998008	0.998008	0.892677	0.892677	0.998008	0.998008	0.892677	0.892677	0.892677	0.998008	0.998008	0.892677	0.892677	0.789036	0.804641	0.8498	0.892677	0.892677	0.789036	0.804641	0.8498	0.892677	0.789036	0.568998	0.446366	0.650656	0.8498	0.892677	0.892677	0.892677	0.998008	0.998008	0.892677	0.892677	1.05854	1.27215	1.2324	1.20171	1.27215	1.33888	1.33888	1.41126	1.41126	1.4885	1.70655	1.67714
1.348	1.60882	1.41113	1.41113	1.60882	1.41113	1.41113	1.41113	1.41113	1.60882	1.41113	1.27203	1.272	1.26217	0.997915	1.01032	1.23229	1.41113	1.60882	1.41113	1.27203	1.05844	1.14865	1.348	1.41113	1.41113	1.41113	1.60882	1.41113	1.41113	1.41113	1.41113	1.41113	1.41113	1.41113	1.41113	1.60882	1.41113	1.41113	1.41113	1.33876	1.55378	1.95112	1.83964	1.83964	1.99522	1.83964	1.83964	1.83964	1.83964	1.99522	1.83964	1.83964	1.97646	2.19118	2.27466	2.27466	2.27466	2.27466	2.40214	2.27466	2.34459	2.56712	2.82056	2.82056	2.7129	2.7129	2.7129	2.82056	2.7129	2.7129	2.82056	2.7129	2.7129	2.82056	2.7129	2.7129	2.68067	2.36569	2.34459	2.62451	2.7129	2.7129	2.7129	2.7129	2.68067	2.4935	2.56712	2.7129	2.82056	2.7129	2.58639	2.36569	2.34459	2.62451	2.82056	2.7129	2.67605	2.7129	2.7129	2.7129	2.7129	2.58639	2.4935	2.56712	2.58639	2.4935	2.4935	2.36569	2.27466	2.27466	2.34459	2.4935	2.36569	2.27466	2.27466	2.27466	2.27466	2.23054	2.23054	2.27466	2.2582	1.9255	1.8995	2.12205	2.14534	2.05053	1.83964	1.78475	1.83964	1.83964	1.78475	1.83964	1.83964	1.78475	1.83964	1.83964	1.78475	1.70639	1.62423	1.67698	1.78475	1.78475	1.70639	1.62423	1.67698	1.78475	1.78475	1.83964	1.83964	1.70639	1.48837	1.45455	1.62423	1.48837	1.33876	1.33876	1.41113	1.41113	1.41113	1.41113	1.33876	1.41113	1.41113	1.33876	1.33876	1.27203	1.2016	1.23229	1.33876	1.41113	1.41113	1.33876	1.27203	1.05844	1.01032	1.23229	1.33876	1.41113	1.41113	1.27203	1.05844	1.01032	1.23229	1.33876	1.27203	1.05844	1.01032	1.2016	1.05844	0.892594	0.997915	0.997915	0.892594	0.997915	0.997915	0.892594	0.997915	0.997915	0.892594	0.84972	0.650595	0.568945	0.788962	0.892594	0.997915	0.997915	0.892594	0.892594	0.892594	0.997915	0.997915	0.892594	0.892594	0.997915	0.997915	0.892594	0.892594	0.892594	0.997915	0.997915	0.892594	0.892594	0.84972	0.804566	0.788962	0.892594	0.892594	0.84972	0.804566	0.788962	0.892594	0.84972	0.650595	0.446324	0.568945	0.788962	0.892594	0.892594	0.892594	0.997915	0.997915	0.892594	0.892594	1.01032	1.23229	1.27203	1.2016	1.23229	1.33876	1.33876	1.41113	1.41113	1.45455	1.67698	1.70639
0.446248	0.892441	0.446248	0.446248	0.892441	0.446248	0.446248	0.446248	0.446248	0.892441	0.446248	0.446248	0.892441	0.892441	0.446248	0	0	0.446248	0.892441	0.446248	0.446248	0.446248	0.446248	0.446248	0.446248	0.446248	0.446248	0.892441	0.446248	0.446248	0.446248	0.446248	0.446248	0.446248	0.446248	0.446248	0.892441	0.446248	0.446248	0.446248	0	0.446248	0.892441	0.446248	0.446248	0.892441	0.446248	0.446248	0.446248	0.446248	0.892441	0.446248	0.446248	0.446248	0.446248	0.446248	0.446248	0.446248	0.446248	0.892441	0.446248	0	0	0.892441	0.892441	0.446248	0.446248	0.446248	0.892441	0.446248	0.446248	0.892441	0.446248	0.446248	0.892441	0.446248	0.446248	0.892441	0.446248	0	0.446248	0.446248	0.446248	0.446248	0.446248	0.892441	0.446248	0	0.446248	0.892441	0.446248	0.446248	0.446248	0	0.446248	0.892441	0.446248	0	0.446248	0.446248	0.446248	0.446248	0.446248	0.446248	0	0.446248	0.446248	0.446248	0.446248	0.446248	0.446248	0	0.446248	0.446248	0.446248	0.446248	0.446248	0.446248	0	0	0.446248	0.892441	0.446248	0	0	0.446248	0.892441	0.446248	0	0.446248	0.446248	0	0.446248	0.446248	0	0.446248	0.446248	0	0.446248	0.446248	0	0	0	0.446248	0.446248	0	0	0	0.446248	0.446248	0.446248	0.446248	0	0.446248	0.446248	0	0	0.446248	0.446248	0.446248	0.446248	0	0.446248	0.446248	0	0	0.446248	0.446248	0	0	0.446248	0.446248	0	0.446248	0.446248	0	0	0	0.446248	0.446248	0.446248	0.446248	0	0	0	0.446248	0.446248	0	0.446248	0.446248	0	0.446248	0.446248	0	0.446248	0.446248	0	0.446248	0.446248	0	0.446248	0.446248	0	0	0	0.446248	0.446248	0	0	0	0.446248	0.446248	0	0	0.446248	0.446248	0	0	0	0.446248	0.446248	0	0	0.446248	0.446248	0	0	0	0.446248	0.446248	0	0	0.446248	0.446248	0	0	0	0	0	0	0.446248	0.446248	0	0	0	0	0.446248	0.446248	0	0	0	0.446248	0.446248	0	0	0.446248
0.446206	0.892358	0.446206	0.446206	0.892358	0.446206	0.446206	0.446206	0.446206	0.892358	0.446206	0.446206	0.892358	0.892358	0.446206	0	0	0.446206	0.892358	0.446206	0.446206	0.446206	0.446206	0.446206	0.446206	0.446206	0.446206	0.892358	0.446206	0.446206	0.446206	0.446206	0.446206	0.446206	0.446206	0.446206	0.892358	0.446206	0.446206	0.446206	0	0.446206	0.892358	0.446206	0.446206	0.892358	0.446206	0.446206	0.446206	0.446206	0.892358	0.446206	0.446206	0.446206	0.446206	0.446206	0.446206	0.446206	0.446206	0.892358	0.446206	0	0	0.892358	0.892358	0.446206	0.446206	0.446206	0.892358	0.446206	0.446206	0.892358	0.446206	0.446206	0.892358	0.446206	0.446206	0.892358	0.446206	0	0.446206	0.446206	0.446206	0.446206	0.446206	0.892358	0.446206	0	0.446206	0.892358	0.446206	0.446206	0.446206	0	0.446206	0.892358	0.446206	0	0.446206	0.446206	0.446206	0.446206	0.446206	0.446206	0	0.446206	0.446206	0.446206	0.446206	0.446206	0.446206	0	0.446206	0.446206	0.446206	0.446206	0.446206	0.446206	0	0	0.446206	0.892358	0.446206	0	0	0.446206	0.892358	0.446206	0	0.446206	0.446206	0	0.446206	0.446206	0	0.446206	0.446206	0	0.446206	0.446206	0	0	0	0.446206	0.446206	0	0	0	0.446206	0.446206	0.446206	0.446206	0	0.446206	0.446206	0	0	0.446206	0.446206	0.446206	0.446206	0	0.446206	0.446206	0	0	0.446206	0.446206	0	0	0.446206	0.446206	0	0.446206	0.446206	0	0	0	0.446206	0.446206	0.446206	0.446206	0	0	0	0.446206	0.446206	0	0.446206	0.446206	0	0.446206	0.446206	0	0.446206	0.446206	0	0.446206	0.446206	0	0.446206	0.446206	0	0	0	0.446206	0.446206	0	0	0	0.446206	0.446206	0	0	0.446206	0.446206	0	0	0	0.446206	0.446206	0	0	0.446206	0.446206	0	0	0	0.446206	0.446206	0	0	0.446206	0.446206	0	0	0	0	0	0	0.446206	0.446206	0	0	0	0	0.446206	0.446206	0	0	0	0.446206	0.446206	0	0	0.446206
0.446164	0.892274	0.446164	0.446164	0.892274	0.446164	0.446164	0.446164	0.446164	0.892274	0.446164	0.446164	0.892274	0.892274	0.446164	0	0	0.446164	0.892274	0.446164	0.446164	0.446164	0.446164	0.446164	0.446164	0.446164	0.446164	0.892274	0.446164	0.446164	0.446164	0.446164	0.446164	0.446164	0.446164	0.446164	0.892274	0.446164	0.446164	0.446164	0	0.446164	0.892274	0.446164	0.446164	0.892274	0.446164	0.446164	0.446164	0.446164	0.892274	0.446164	0.446164	0.446164	0.446164	0.446164	0.446164	0.446164	0.446164	0.892274	0.446164	0	0	0.892274	0.892274	0.446164	0.446164	0.446164	0.892274	0.446164	0.446164	0.892274	0.446164	0.446164	0.892274	0.446164	0.446164	0.892274	0.446164	0	0.446164	0.446164	0.446164	0.446164	0.446164	0.892274	0.446164	0	0.446164	0.892274	0.446164	0.446164	0.446164	0	0.446164	0.892274	0.446164	0	0.446164	0.446164	0.446164	0.446164	0.446164	0.446164	0	0.446164	0.446164	0.446164	0.446164	0.446164	0.446164	0	0.446164	0.446164	0.446164	0.446164	0.446164	0.446164	0	0	0.446164	0.892274	0.446164	0	0	0.446164	0.892274	0.446164	0	0.446164	0.446164	0	0.446164	0.446164	0	0.446164	0.446164	0	0.446164	0.446164	0	0	0	0.446164	0.446164	0	0	0	0.446164	0.446164	0.446164	0.446164	0	0.446164	0.446164	0	0	0.446164	0.446164	0.446164	0.446164	0	0.446164	0.446164	0	0	0.446164	0.446164	0	0	0.446164	0.446164	0	0.446164	0.446164	0	0	0	0.446164	0.446164	0.446164	0.446164	0	0	0	0.446164	0.446164	0	0.446164	0.446164	0	0.446164	0.446164	0	0.446164	0.446164	0	0.446164	0.446164	0	0.446164	0.446164	0	0	0	0.446164	0.446164	0	0	0	0.446164	0.446164	0	0	0.446164	0.446164	0	0	0	0.446164	0.446164	0	0	0.446164	0.446164	0	0	0	0.446164	0.446164	0	0	0.446164	0.446164	0	0	0	0	0	0	0.446164	0.446164	0	0	0	0	0.446164	0.446164	0	0	0	0.446164	0.446164	0	0	0.446164
0.446123	0.892191	0.446123	0.446123	0.892191	0.446123	0.446123	0.446123	0.446123	0.892191	0.446123	0.446123	0.892191	0.892191	0.446123	0	0	0.446123	0.892191	0.446123	0.446123	0.446123	0.446123	0.446123	0.446123	0.446123	0.446123	0.892191	0.446123	0.446123	0.446123	0.446123	0.446123	0.446123	0.446123	0.446123	0.892191	0.446123	0.446123	0.446123	0	0.446123	0.892191	0.446123	0.446123	0.892191	0.446123	0.446123	0.446123	0.446123	0.892191	0.446123	0.446123	0.446123	0.446123	0.446123	0.446123	0.446123	0.446123	0.892191	0.446123	0	0	0.892191	0.892191	0.446123	0.446123	0.446123	0.892191	0.446123	0.446123	0.892191	0.446123	0.446123	0.892191	0.446123	0.446123	0.892191	0.446123	0	0.446123	0.446123	0.446123	0.446123	0.446123	0.892191	0.446123	0	0.446123	0.892191	0.446123	0.446123	0.446123	0	0.446123	0.892191	0.446123	0	0.446123	0.446123	0.446123	0.446123	0.446123	0.446123	0	0.446123	0.446123	0.446123	0.446123	0.446123	0.446123	0	0.446123	0.446123	0.446123	0.446123	0.446123	0.446123	0	0	0.446123	0.892191	0.446123	0	0	0.446123	0.892191	0.446123	0	0.446123	0.446123	0	0.446123	0.446123	0	0.446123	0.446123	0	0.446123	0.446123	0	0	0	0.446123	0.446123	0	0	0	0.446123	0.446123	0.446123	0.446123	0	0.446123	0.446123	0	0	0.446123	0.446123	0.446123	0.446123	0	0.446123	0.446123	0	0	0.446123	0.446123	0	0	0.446123	0.446123	0	0.446123	0.446123	0	0	0	0.446123	0.446123	0.446123	0.446123	0	0	0	0.446123	0.446123	0	0.446123	0.446123	0	0.446123	0.446123	0	0.446123	0.446123	0	0.446123	0.446123	0	0.446123	0.446123	0	0	0	0.446123	0.446123	0	0	0	0.446123	0.446123	0	0	0.446123	0.446123	0	0	0	0.446123	0.446123	0	0	0.446123	0.446123	0	0	0	0.446123	0.446123	0	0	0.446123	0.446123	0	0	0	0	0	0	0.446123	0.446123	0	0	0	0	0.446123	0.446123	0	0	0	0.446123	0.446123	0	0	0.446123
0.446074	0.892094	0.446074	0.446074	0.892094	0.446074	0.446074	0.446074	0.446074	0.892094	0.446074	0.446074	0.892094	0.892094	0.446074	0	0	0.446074	0.892094	0.446074	0.446074	0.446074	0.446074	0.446074	0.446074	0.446074	0.446074	0.892094	0.446074	0.446074	0.446074	0.446074	0.446074	0.446074	0.446074	0.446074	0.892094	0.446074	0.446074	0.446074	0	0.446074	0.892094	0.446074	0.446074	0.892094	0.446074	0.446074	0.446074	0.446074	0.892094	0.446074	0.446074	0.446074	0.446074	0.446074	0.446074	0.446074	0.446074	0.892094	0.446074	0	0	0.892094	0.892094	0.446074	0.446074	0.446074	0.892094	0.446074	0.446074	0.892094	0.446074	0.446074	0.892094	0.446074	0.446074	0.892094	0.446074	0	0.446074	0.446074	0.446074	0.446074	0.446074	0.892094	0.446074	0	0.446074	0.892094	0.446074	0.446074	0.446074	0	0.446074	0.892094	0.446074	0	0.446074	0.446074	0.446074	0.446074	0.446074	0.446074	0	0.446074	0.446074	0.446074	0.446074	0.446074	0.446074	0	0.446074	0.446074	0.446074	0.446074	0.446074	0.446074	0	0	0.446074	0.892094	0.446074	0	0	0.446074	0.892094	0.446074	0	0.446074	0.446074	0	0.446074	0.446074	0	0.446074	0.446074	0	0.446074	0.446074	0	0	0	0.446074	0.446074	0	0	0	0.446074	0.446074	0.446074	0.446074	0	0.446074	0.446074	0	0	0.446074	0.446074	0.446074	0.446074	0	0.446074	0.446074	0	0	0.446074	0.446074	0	0	0.446074	0.446074	0	0.446074	0.446074	0	0	0	0.446074	0.446074	0.446074	0.446074	0	0	0	0.446074	0.446074	0	0.446074	0.446074	0	0.446074	0.446074	0	0.446074	0.446074	0	0.446074	0.446074	0	0.446074	0.446074	0	0	0	0.446074	0.446074	0	0	0	0.446074	0.446074	0	0	0.446074	0.446074	0	0	0	0.446074	0.446074	0	0	0.446074	0.446074	0	0	0	0.446074	0.446074	0	0	0.446074	0.446074	0	0	0	0	0	0	0.446074	0.446074	0	0	0	0	0.446074	0.446074	0	0	0	0.446074	0.446074	0	0	0.446074
0.446032	0.89201	0.446032	0.446032	0.89201	0.446032	0.446032	0.446032	0.446032	0.89201	0.446032	0.446032	0.89201	0.89201	0.446032	0	0	0.446032	0.89201	0.446032	0.446032	0.446032	0.446032	0.446032	0.446032	0.446032	0.446032	0.89201	0.446032	0.446032	0.446032	0.446032	0.446032	0.446032	0.446032	0.446032	0.89201	0.446032	0.446032	0.446032	0	0.446032	0.89201	0.446032	0.446032	0.89201	0.446032	0.446032	0.446032	0.446032	0.89201	0.446032	0.446032	0.446032	0.446032	0.446032	0.446032	0.446032	0.446032	0.89201	0.446032	0	0	0.89201	0.89201	0.446032	0.446032	0.446032	0.89201	0.446032	0.446032	0.89201	0.446032	0.446032	0.89201	0.446032	0.446032	0.89201	0.446032	0	0.446032	0.446032	0.446032	0.446032	0.446032	0.89201	0.446032	0	0.446032	0.89201	0.446032	0.446032	0.446032	0	0.446032	0.89201	0.446032	0	0.446032	0.446032	0.446032	0.446032	0.446032	0.446032	0	0.446032	0.446032	0.446032	0.446032	0.446032	0.446032	0	0.446032	0.446032	0.446032	0.446032	0.446032	0.446032	0	0	0.446032	0.89201	0.446032	0	0	0.446032	0.89201	0.446032	0	0.446032	0.446032	0	0.446032	0.446032	0	0.446032	0.446032	0	0.446032	0.446032	0	0	0	0.446032	0.446032	0	0	0	0.446032	0.446032	0.446032	0.446032	0	0.446032	0.446032	0	0	0.446032	0.446032	0.446032	0.446032	0	0.446032	0.446032	0	0	0.446032	0.446032	0	0	0.446032	0.446032	0	0.446032	0.446032	0	0	0	0.446032	0.446032	0.446032	0.446032	0	0	0	0.446032	0.446032	0	0.446032	0.446032	0	0.446032	0.446032	0	0.446032	0.446032	0	0.446032	0.446032	0	0.446032	0.446032	0	0	0	0.446032	0.446032	0	0	0	0.446032	0.446032	0	0	0.446032	0.446032	0	0	0	0.446032	0.446032	0	0	0.446032	0.446032	0	0	0	0.446032	0.446032	0	0	0.446032	0.446032	0	0	0	0	0	0	0.446032	0.446032	0	0	0	0	0.446032	0.446032	0	0	0	0.446032	0.446032	0	0	0.446032
0.445991	0.891927	0.445991	0.445991	0.891927	0.445991	0.445991	0.445991	0.445991	0.891927	0.445991	0.445991	0.891927	0.891927	0.445991	0	0	0.445991	0.891927	0.445991	0.445991	0.445991	0.445991	0.445991	0.445991	0.445991	0.445991	0.891927	0.445991	0.445991	0.445991	0.445991	0.445991	0.445991	0.445991	0.445991	0.891927	0.445991	0.445991	0.445991	0	0.445991	0.891927	0.445991	0.445991	0.891927	0.445991	0.445991	0.445991	0.445991	0.891927	0.445991	0.445991	0.445991	0.445991	0.445991	0.445991	0.445991	0.445991	0.891927	0.445991	0	0	0.891927	0.891927	0.445991	0.445991	0.445991	0.891927	0.445991	0.445991	0.891927	0.445991	0.445991	0.891927	0.445991	0.445991	0.891927	0.445991	0	0.445991	0.445991	0.445991	0.445991	0.445991	0.891927	0.445991	0	0.445991	0.891927	0.445991	0.445991	0.445991	0	0.445991	0.891927	0.445991	0	0.445991	0.445991	0.445991	0.445991	0.445991	0.445991	0	0.445991	0.445991	0.445991	0.445991	0.445991	0.445991	0	0.445991	0.445991	0.445991	0.445991	0.445991	0.445991	0	0	0.445991	0.891927	0.445991	0	0	0.445991	0.891927	0.445991	0	0.445991	0.445991	0	0.445991	0.445991	0	0.445991	0.445991	0	0.445991	0.445991	0	0	0	0.445991	0.445991	0	0	0	0.445991	0.445991	0.445991	0.445991	0	0.445991	0.445991	0	0	0.445991	0.445991	0.445991	0.445991	0	0.445991	0.445991	0	0	0.445991	0.445991	0	0	0.445991	0.445991	0	0.445991	0.445991	0	0	0	0.445991	0.445991	0.445991	0.445991	0	0	0	0.445991	0.445991	0	0.445991	0.445991	0	0.445991	0.445991	0	0.445991	0.445991	0	0.445991	0.445991	0	0.445991	0.445991	0	0	0	0.445991	0.445991	0	0	0	0.445991	0.445991	0	0	0.445991	0.445991	0	0	0	0.445991	0.445991	0	0	0.445991	0.445991	0	0	0	0.445991	0.445991	0	0	0.445991	0.445991	0	0	0	0	0	0	0.445991	0.445991	0	0	0	0	0.445991	0.445991	0	0	0	0.445991	0.445991	0	0	0.445991
0.445949	0.891844	0.445949	0.445949	0.891844	0.445949	0.445949	0.445949	0.445949	0.891844	0.445949	0.445949	0.891844	0.891844	0.445949	0	0	0.445949	0.891844	0.445949	0.445949	0.445949	0.445949	0.445949	0.445949	0.445949	0.445949	0.891844	0.445949	0.445949	0.445949	0.445949	0.445949	0.445949	0.445949	0.445949	0.891844	0.445949	0.445949	0.445949	0	0.445949	0.891844	0.445949	0.445949	0.891844	0.445949	0.445949	0.445949	0.445949	0.891844	0.445949	0.445949	0.445949	0.445949	0.445949	0.445949	0.445949	0.445949	0.891844	0.445949	0	0	0.891844	0.891844	0.445949	0.445949	0.445949	0.891844	0.445949	0.445949	0.891844	0.445949	0.445949	0.891844	0.445949	0.445949	0.891844	0.445949	0	0.445949	0.445949	0.445949	0.445949	0.445949	0.891844	0.445949	0	0.445949	0.891844	0.445949	0.445949	0.445949	0	0.445949	0.891844	0.445949	0	0.445949	0.445949	0.445949	0.445949	0.445949	0.445949	0	0.445949	0.445949	0.445949	0.445949	0.445949	0.445949	0	0.445949	0.445949	0.445949	0.445949	0.445949	0.445949	0	0	0.445949	0.891844	0.445949	0	0	0.445949	0.891844	0.445949	0	0.445949	0.445949	0	0.445949	0.445949	0	0.445949	0.445949	0	0.445949	0.445949	0	0	0	0.445949	0.445949	0	0	0	0.445949	0.445949	0.445949	0.445949	0	0.445949	0.445949	0	0	0.445949	0.445949	0.445949	0.445949	0	0.445949	0.445949	0	0	0.445949	0.445949	0	0	0.445949	0.445949	0	0.445949	0.445949	0	0	0	0.445949	0.445949	0.445949	0.445949	0	0	0	0.445949	0.445949	0	0.445949	0.445949	0	0.445949	0.445949	0	0.445949	0.445949	0	0.445949	0.445949	0	0.445949	0.445949	0	0	0	0.445949	0.445949	0	0	0	0.445949	0.445949	0	0	0.445949	0.445949	0	0	0	0.445949	0.445949	0	0	0.445949	0.445949	0	0	0	0.445949	0.445949	0	0	0.445949	0.445949	0	0	0	0	0	0	0.445949	0.445949	0	0	0	0	0.445949	0.445949	0	0	0	0.445949	0.445949	0	0	0.445949
0.445907	0.89176	0.445907	0.445907	0.89176	0.445907	0.445907	0.445907	0.445907	0.89176	0.445907	0.445907	0.89176	0.89176	0.445907	0	0	0.445907	0.89176	0.445907	0.445907	0.445907	0.445907	0.445907	0.445907	0.445907	0.445907	0.89176	0.445907	0.445907	0.445907	0.445907	0.445907	0.445907	0.445907	0.445907	0.89176	0.445907	0.445907	0.445907	0	0.445907	0.89176	0.445907	0.445907	0.89176	0.445907	0.445907	0.445907	0.445907	0.89176	0.445907	0.445907	0.445907	0.445907	0.445907	0.445907	0.445907	0.445907	0.89176	0.445907	0	0	0.89176	0.89176	0.445907	0.445907	0.445907	0.89176	0.445907	0.445907	0.89176	0.445907	0.445907	0.89176	0.445907	0.445907	0.89176	0.445907	0	0.445907	0.445907	0.445907	0.445907	0.445907	0.89176	0.445907	0	0.445907	0.89176	0.445907	0.445907	0.445907	0	0.445907	0.89176	0.445907	0	0.445907	0.445907	0.445907	0.445907	0.445907	0.445907	0	0.445907	0.445907	0.445907	0.445907	0.445907	0.445907	0	0.445907	0.445907	0.445907	0.445907	0.445907	0.445907	0	0	0.445907	0.89176	0.445907	0	0	0.445907	0.89176	0.445907	0	0.445907	0.445907	0	0.445907	0.445907	0	0.445907	0.445907	0	0.445907	0.445907	0	0	0	0.445907	0.445907	0	0	0	0.445907	0.445907	0.445907	0.445907	0	0.445907	0.445907	0	0	0.445907	0.445907	0.445907	0.445907	0	0.445907	0.445907	0	0	0.445907	0.445907	0	0	0.445907	0.445907	0	0.445907	0.445907	0	0	0	0.445907	0.445907	0.445907	0.445907	0	0	0	0.445907	0.445907	0	0.445907	0.445907	0	0.445907	0.445907	0	0.445907	0.445907	0	0.445907	0.445907	0	0.445907	0.445907	0	0	0	0.445907	0.445907	0	0	0	0.445907	0.445907	0	0	0.445907	0.445907	0	0	0	0.445907	0.445907	0	0	0.445907	0.445907	0	0	0	0.445907	0.445907	0	0	0.445907	0.445907	0	0	0	0	0	0	0.445907	0.445907	0	0	0	0	0.445907	0.445907	0	0	0	0.445907	0.445907	0	0	0.445907
0.445866	0.891677	0.445866	0.445866	0.891677	0.445866	0.445866	0.445866	0.445866	0.891677	0.445866	0.445866	0.891677	0.891677	0.445866	0	0	0.445866	0.891677	0.445866	0.445866	0.445866	0.445866	0.445866	0.445866	0.445866	0.445866	0.891677	0.445866	0.445866	0.445866	0.445866	0.445866	0.445866	0.445866	0.445866	0.891677	0.445866	0.445866	0.445866	0	0.445866	0.891677	0.445866	0.445866	0.891677	0.445866	0.445866	0.445866	0.445866	0.891677	0.445866	0.445866	0.445866	0.445866	0.445866	0.445866	0.445866	0.445866	0.891677	0.445866	0	0	0.891677	0.891677	0.445866	0.445866	0.445866	0.891677	0.445866	0.445866	0.891677	0.445866	0.445866	0.891677	0.445866	0.445866	0.891677	0.445866	0	0.445866	0.445866	0.445866	0.445866	0.445866	0.891677	0.445866	0	0.445866	0.891677	0.445866	0.445866	0.445866	0	0.445866	0.891677	0.445866	0	0.445866	0.445866	0.445866	0.445866	0.445866	0.445866	0	0.445866	0.445866	0.445866	0.445866	0.445866	0.445866	0	0.445866	0.445866	0.445866	0.445866	0.445866	0.445866	0	0	0.445866	0.891677	0.445866	0	0	0.445866	0.891677	0.445866	0	0.445866	0.445866	0	0.445866	0.445866	0	0.445866	0.445866	0	0.445866	0.445866	0	0	0	0.445866	0.445866	0	0	0	0.445866	0.445866	0.445866	0.445866	0	0.445866	0.445866	0	0	0.445866	0.445866	0.445866	0.445866	0	0.445866	0.445866	0	0	0.445866	0.445866	0	0	0.445866	0.445866	0	0.445866	0.445866	0	0	0	0.445866	0.445866	0.445866	0.445866	0	0	0	0.445866	0.445866	0	0.445866	0.445866	0	0.445866	0.445866	0	0.445866	0.445866	0	0.445866	0.445866	0	0.445866	0.445866	0	0	0	0.445866	0.445866	0	0	0	0.445866	0.445866	0	0	0.445866	0.445866	0	0	0	0.445866	0.445866	0	0	0.445866	0.445866	0	0	0	0.445866	0.445866	0	0	0.445866	0.445866	0	0	0	0	0	0	0.445866	0.445866	0	0	0	0	0.445866	0.445866	0	0	0	0.445866	0.445866	0	0	0.445866
0.445824	0.891594	0.445824	0.445824	0.891594	0.445824	0.445824	0.445824	0.445824	0.891594	0.445824	0.445824	0.891594	0.891594	0.445824	0	0	0.445824	0.891594	0.445824	0.445824	0.445824	0.445824	0.445824	0.445824	0.445824	0.445824	0.891594	0.445824	0.445824	0.445824	0.445824	0.445824	0.445824	0.445824	0.445824	0.891594	0.445824	0.445824	0.445824	0	0.445824	0.891594	0.445824	0.445824	0.891594	0.445824	0.445824	0.445824	0.445824	0.891594	0.445824	0.445824	0.445824	0.445824	0.445824	0.445824	0.445824	0.445824	0.891594	0.445824	0	0	0.891594	0.891594	0.445824	0.445824	0.445824	0.891594	0.445824	0.445824	0.891594	0.445824	0.445824	0.891594	0.445824	0.445824	0.891594	0.445824	0	0.445824	0.445824	0.445824	0.445824	0.445824	0.891594	0.445824	0	0.445824	0.891594	0.445824	0.445824	0.445824	0	0.445824	0.891594	0.445824	0	0.445824	0.445824	0.445824	0.445824	0.445824	0.445824	0	0.445824	0.445824	0.445824	0.445824	0.445824	0.445824	0	0.445824	0.445824	0.445824	0.445824	0.445824	0.445824	0	0	0.445824	0.891594	0.445824	0	0	0.445824	0.891594	0.445824	0	0.445824	0.445824	0	0.445824	0.445824	0	0.445824	0.445824	0	0.445824	0.445824	0	0	0	0.445824	0.445824	0	0	0	0.445824	0.445824	0.445824	0.445824	0	0.445824	0.445824	0	0	0.445824	0.445824	0.445824	0.445824	0	0.445824	0.445824	0	0	0.445824	0.445824	0	0	0.445824	0.445824	0	0.445824	0.445824	0	0	0	0.445824	0.445824	0.445824	0.445824	0	0	0	0.445824	0.445824	0	0.445824	0.445824	0	0.445824	0.445824	0	0.445824	0.445824	0	0.445824	0.445824	0	0.445824	0.445824	0	0	0	0.445824	0.445824	0	0	0	0.445824	0.445824	0	0	0.445824	0.445824	0	0	0	0.445824	0.445824	0	0	0.445824	0.445824	0	0	0	0.445824	0.445824	0	0	0.445824	0.445824	0	0	0	0	0	0	0.445824	0.445824	0	0	0	0	0.445824	0.445824	0	0	0	0.445824	0.445824	0	0	0.445824
1.55199	1.60697	1.40951	1.40951	1.60697	1.40951	1.40951	1.40951	1.48665	1.84425	1.83752	1.83752	1.99293	1.99293	1.83752	1.7827	1.7827	1.83752	1.99293	1.83752	1.83752	1.83752	1.83752	1.83752	1.83752	1.83752	1.83752	1.99293	1.83752	1.83752	1.83752	1.76169	1.55199	1.48665	1.70442	1.83752	1.99293	1.83752	1.83752	1.83752	1.67505	1.55199	1.64513	1.70442	1.83752	1.99293	1.83752	1.83752	1.83752	1.83752	2.04818	2.14287	2.27204	2.18866	1.97419	1.83752	1.83752	1.83752	1.92328	2.2556	2.27204	2.1196	1.89731	1.99293	1.99293	1.83752	1.83752	1.83752	1.99293	1.83752	1.83752	2.04818	2.14287	2.27204	2.39939	2.27204	2.27204	2.39939	2.27204	2.1196	1.97419	1.83752	1.83752	1.83752	1.92328	2.2556	2.18866	1.89731	1.92328	2.2556	2.27204	2.27204	2.27204	2.1196	2.05424	2.2556	2.27204	2.1196	1.97419	1.83752	1.92328	2.14287	2.27204	2.18866	1.89731	1.92328	2.05424	1.97419	1.83752	1.83752	1.83752	1.7827	1.83752	1.83752	1.83752	1.83752	1.83752	1.83752	1.67505	1.45288	1.48665	1.84425	1.83752	1.67505	1.45288	1.48665	1.84425	1.76169	1.45288	1.48665	1.62236	1.45288	1.48665	1.70442	1.67505	1.62236	1.70442	1.67505	1.62236	1.70442	1.7827	1.67505	1.45288	1.48665	1.62236	1.45288	1.33721	1.33721	1.40951	1.40951	1.40951	1.40951	1.33721	1.40951	1.40951	1.33721	1.33721	1.40951	1.40951	1.40951	1.40951	1.33721	1.40951	1.40951	1.33721	1.33721	1.40951	1.40951	1.23087	1.00916	1.05723	1.27057	1.33721	1.40951	1.40951	1.33721	1.23087	1.00916	1.05723	1.20022	1.20022	1.27057	1.23087	1.00916	0.891566	1.05723	1.27057	1.23087	1.20022	1.20022	1.00916	1.05723	1.27057	1.33721	1.40951	1.40951	1.33721	1.40951	1.40951	1.33721	1.40951	1.40951	1.33721	1.33721	1.33721	1.40951	1.40951	1.33721	1.23087	1.00916	1.05723	1.27057	1.23087	1.00916	1.05723	1.27057	1.33721	1.33721	1.33721	1.40951	1.40951	1.33721	1.33721	1.40951	1.40951	1.33721	1.33721	1.33721	1.48665	1.62236	1.45288	1.33721	1.48665	1.70442	1.7827	1.67505	1.45288	1.33721	1.33721	1.33721	1.48665	1.70442	1.67505	1.45288	1.33721	1.33721	1.48665	1.62236	1.45288	1.33721	1.33721	1.48665	1.70442	1.7827	1.7827	1.83752
1.64498	1.60681	1.40938	1.40938	1.60681	1.40938	1.40938	1.40938	1.45274	1.76152	1.83735	1.83735	1.99274	1.99274	1.83735	1.78253	1.78253	1.83735	1.99274	1.83735	1.83735	1.83735	1.83735	1.83735	1.83735	1.83735	1.83735	1.99274	1.83735	1.83735	1.83735	1.84407	1.64498	1.45274	1.6749	1.83735	1.99274	1.83735	1.83735	1.83735	1.70426	1.64498	1.55185	1.6749	1.83735	1.99274	1.83735	1.83735	1.83735	1.83735	1.97401	2.11941	2.27183	2.25539	2.04798	1.83735	1.83735	1.83735	1.89714	2.18846	2.27183	2.14267	1.9231	1.99274	1.99274	1.83735	1.83735	1.83735	1.99274	1.83735	1.83735	1.97401	2.11941	2.27183	2.39916	2.27183	2.27183	2.39916	2.27183	2.14267	2.04798	1.83735	1.83735	1.83735	1.89714	2.18846	2.25539	1.9231	1.89714	2.18846	2.27183	2.27183	2.27183	2.14267	2.05404	2.18846	2.27183	2.14267	2.04798	1.83735	1.89714	2.11941	2.27183	2.25539	1.9231	1.89714	2.05404	2.04798	1.83735	1.83735	1.83735	1.78253	1.83735	1.83735	1.83735	1.83735	1.83735	1.83735	1.70426	1.48651	1.45274	1.76152	1.83735	1.70426	1.48651	1.45274	1.76152	1.84407	1.48651	1.45274	1.62221	1.48651	1.45274	1.6749	1.70426	1.62221	1.6749	1.70426	1.62221	1.6749	1.78253	1.70426	1.48651	1.45274	1.62221	1.48651	1.33709	1.33709	1.40938	1.40938	1.40938	1.40938	1.33709	1.40938	1.40938	1.33709	1.33709	1.40938	1.40938	1.40938	1.40938	1.33709	1.40938	1.40938	1.33709	1.33709	1.40938	1.40938	1.27045	1.05713	1.00907	1.23075	1.33709	1.40938	1.40938	1.33709	1.27045	1.05713	1.00907	1.2001	1.2001	1.23075	1.27045	1.05713	0.891483	1.00907	1.23075	1.27045	1.2001	1.2001	1.05713	1.00907	1.23075	1.33709	1.40938	1.40938	1.33709	1.40938	1.40938	1.33709	1.40938	1.40938	1.33709	1.33709	1.33709	1.40938	1.40938	1.33709	1.27045	1.05713	1.00907	1.23075	1.27045	1.05713	1.00907	1.23075	1.33709	1.33709	1.33709	1.40938	1.40938	1.33709	1.33709	1.40938	1.40938	1.33709	1.33709	1.33709	1.45274	1.62221	1.48651	1.33709	1.45274	1.6749	1.78253	1.70426	1.48651	1.33709	1.33709	1.33709	1.45274	1.6749	1.70426	1.48651	1.33709	1.33709	1.45274	1.62221	1.48651	1.33709	1.33709	1.45274	1.6749	1.78253	1.78253	1.83735
0.89133	0.89133	0.445692	0.445692	0.89133	0.445692	0.445692	0.445692	0	0.445692	0.445692	0.445692	0.89133	0.89133	0.445692	0	0	0.445692	0.89133	0.445692	0.445692	0.445692	0.445692	0.445692	0.445692	0.445692	0.445692	0.89133	0.445692	0.445692	0.445692	0.89133	0.89133	0	0	0.445692	0.89133	0.445692	0.445692	0.445692	0.445692	0.89133	0.445692	0	0.445692	0.89133	0.445692	0.445692	0.445692	0.445692	0.445692	0	0.445692	0.89133	0.89133	0.445692	0.445692	0.445692	0	0.445692	0.445692	0.445692	0.445692	0.89133	0.89133	0.445692	0.445692	0.445692	0.89133	0.445692	0.445692	0.445692	0	0.445692	0.89133	0.445692	0.445692	0.89133	0.445692	0.445692	0.89133	0.445692	0.445692	0.445692	0	0.445692	0.89133	0.445692	0	0.445692	0.445692	0.445692	0.445692	0.445692	0.445692	0.445692	0.445692	0.445692	0.89133	0.445692	0	0	0.445692	0.89133	0.445692	0	0.445692	0.89133	0.445692	0.445692	0.445692	0	0.445692	0.445692	0.445692	0.445692	0.445692	0.445692	0.445692	0.445692	0	0.445692	0.445692	0.445692	0.445692	0	0.445692	0.89133	0.445692	0	0.445692	0.445692	0	0	0.445692	0.445692	0	0.445692	0.445692	0	0	0.445692	0.445692	0	0.445692	0.445692	0	0	0.445692	0.445692	0.445692	0.445692	0	0.445692	0.445692	0	0	0.445692	0.445692	0.445692	0.445692	0	0.445692	0.445692	0	0	0.445692	0.445692	0.445692	0.445692	0	0	0	0.445692	0.445692	0	0.445692	0.445692	0	0.445692	0.445692	0	0.445692	0.445692	0	0	0	0.445692	0.445692	0.445692	0.445692	0	0	0	0.445692	0.445692	0	0.445692	0.445692	0	0.445692	0.445692	0	0	0	0.445692	0.445692	0	0.445692	0.445692	0	0	0.445692	0.445692	0	0	0	0	0	0.445692	0.445692	0	0	0.445692	0.445692	0	0	0	0	0.445692	0.445692	0	0	0	0	0.445692	0.445692	0	0	0	0	0	0.445692	0.445692	0	0	0	0.445692	0.445692	0	0	0	0	0	0	0.445692
0.891247	0.891247	0.445651	0.445651	0.891247	0.445651	0.445651	0.445651	0	0.445651	0.445651	0.445651	0.891247	0.891247	0.445651	0	0	0.445651	0.891247	0.445651	0.445651	0.445651	0.445651	0.445651	0.445651	0.445651	0.445651	0.891247	0.445651	0.445651	0.445651	0.891247	0.891247	0	0	0.445651	0.891247	0.445651	0.445651	0.445651	0.445651	0.891247	0.445651	0	0.445651	0.891247	0.445651	0.445651	0.445651	0.445651	0.445651	0	0.445651	0.891247	0.891247	0.445651	0.445651	0.445651	0	0.445651	0.445651	0.445651	0.445651	0.891247	0.891247	0.445651	0.445651	0.445651	0.891247	0.445651	0.445651	0.445651	0	0.445651	0.891247	0.445651	0.445651	0.891247	0.445651	0.445651	0.891247	0.445651	0.445651	0.445651	0	0.445651	0.891247	0.445651	0	0.445651	0.445651	0.445651	0.445651	0.445651	0.445651	0.445651	0.445651	0.445651	0.891247	0.445651	0	0	0.445651	0.891247	0.445651	0	0.445651	0.891247	0.445651	0.445651	0.445651	0	0.445651	0.445651	0.445651	0.445651	0.445651	0.445651	0.445651	0.445651	0	0.445651	0.445651	0.445651	0.445651	0	0.445651	0.891247	0.445651	0	0.445651	0.445651	0	0	0.445651	0.445651	0	0.445651	0.445651	0	0	0.445651	0.445651	0	0.445651	0.445651	0	0	0.445651	0.445651	0.445651	0.445651	0	0.445651	0.445651	0	0	0.445651	0.445651	0.445651	0.445651	0	0.445651	0.445651	0	0	0.445651	0.445651	0.445651	0.445651	0	0	0	0.445651	0.445651	0	0.445651	0.445651	0	0.445651	0.445651	0	0.445651	0.445651	0	0	0	0.445651	0.445651	0.445651	0.445651	0	0	0	0.445651	0.445651	0	0.445651	0.445651	0	0.445651	0.445651	0	0	0	0.445651	0.445651	0	0.445651	0.445651	0	0	0.445651	0.445651	0	0	0	0	0	0.445651	0.445651	0	0	0.445651	0.445651	0	0	0	0	0.445651	0.445651	0	0	0	0	0.445651	0.445651	0	0	0	0	0	0.445651	0.445651	0	0	0	0.445651	0.445651	0	0	0	0	0	0	0.445651
0.891164	0.891164	0.445609	0.445609	0.891164	0.445609	0.445609	0.445609	0	0.445609	0.445609	0.445609	0.891164	0.891164	0.445609	0	0	0.445609	0.891164	0.445609	0.445609	0.445609	0.445609	0.445609	0.445609	0.445609	0.445609	0.891164	0.445609	0.445609	0.445609	0.891164	0.891164	0	0	0.445609	0.891164	0.445609	0.445609	0.445609	0.445609	0.891164	0.445609	0	0.445609	0.891164	0.445609	0.445609	0.445609	0.445609	0.445609	0	0.445609	0.891164	0.891164	0.445609	0.445609	0.445609	0	0.445609	0.445609	0.445609	0.445609	0.891164	0.891164	0.445609	0.445609	0.445609	0.891164	0.445609	0.445609	0.445609	0	0.445609	0.891164	0.445609	0.445609	0.891164	0.445609	0.445609	0.891164	0.445609	0.445609	0.445609	0	0.445609	0.891164	0.445609	0	0.445609	0.445609	0.445609	0.445609	0.445609	0.445609	0.445609	0.445609	0.445609	0.891164	0.445609	0	0	0.445609	0.891164	0.445609	0	0.445609	0.891164	0.445609	0.445609	0.445609	0	0.445609	0.445609	0.445609	0.445609	0.445609	0.445609	0.445609	0.445609	0	0.445609	0.445609	0.445609	0.445609	0	0.445609	0.891164	0.445609	0	0.445609	0.445609	0	0	0.445609	0.445609	0	0.445609	0.445609	0	0	0.445609	0.445609	0	0.445609	0.445609	0	0	0.445609	0.445609	0.445609	0.445609	0	0.445609	0.445609	0	0	0.445609	0.445609	0.445609	0.445609	0	0.445609	0.445609	0	0	0.445609	0.445609	0.445609	0.445609	0	0	0	0.445609	0.445609	0	0.445609	0.445609	0	0.445609	0.445609	0	0.445609	0.445609	0	0	0	0.445609	0.445609	0.445609	0.445609	0	0	0	0.445609	0.445609	0	0.445609	0.445609	0	0.445609	0.445609	0	0	0	0.445609	0.445609	0	0.445609	0.445609	0	0	0.445609	0.445609	0	0	0	0	0	0.445609	0.445609	0	0	0.445609	0.445609	0	0	0	0	0.445609	0.445609	0	0	0	0	0.445609	0.445609	0	0	0	0	0	0.445609	0.445609	0	0	0	0.445609	0.445609	0	0	0	0	0	0	0.445609
0.891081	0.891081	0.445567	0.445567	0.891081	0.445567	0.445567	0.445567	0	0.445567	0.445567	0.445567	0.891081	0.891081	0.445567	0	0	0.445567	0.891081	0.445567	0.445567	0.445567	0.445567	0.445567	0.445567	0.445567	0.445567	0.891081	0.445567	0.445567	0.445567	0.891081	0.891081	0	0	0.445567	0.891081	0.445567	0.445567	0.445567	0.445567	0.891081	0.445567	0	0.445567	0.891081	0.445567	0.445567	0.445567	0.445567	0.445567	0	0.445567	0.891081	0.891081	0.445567	0.445567	0.445567	0	0.445567	0.445567	0.445567	0.445567	0.891081	0.891081	0.445567	0.445567	0.445567	0.891081	0.445567	0.445567	0.445567	0	0.445567	0.891081	0.445567	0.445567	0.891081	0.445567	0.445567	0.891081	0.445567	0.445567	0.445567	0	0.445567	0.891081	0.445567	0	0.445567	0.445567	0.445567	0.445567	0.445567	0.445567	0.445567	0.445567	0.445567	0.891081	0.445567	0	0	0.445567	0.891081	0.445567	0	0.445567	0.891081	0.445567	0.445567	0.445567	0	0.445567	0.445567	0.445567	0.445567	0.445567	0.445567	0.445567	0.445567	0	0.445567	0.445567	0.445567	0.445567	0	0.445567	0.891081	0.445567	0	0.445567	0.445567	0	0	0.445567	0.445567	0	0.445567	0.445567	0	0	0.445567	0.445567	0	0.445567	0.445567	0	0	0.445567	0.445567	0.445567	0.445567	0	0.445567	0.445567	0	0	0.445567	0.445567	0.445567	0.445567	0	0.445567	0.445567	0	0	0.445567	0.445567	0.445567	0.445567	0	0	0	0.445567	0.445567	0	0.445567	0.445567	0	0.445567	0.445567	0	0.445567	0.445567	0	0	0	0.445567	0.445567	0.445567	0.445567	0	0	0	0.445567	0.445567	0	0.445567	0.445567	0	0.445567	0.445567	0	0	0	0.445567	0.445567	0	0.445567	0.445567	0	0	0.445567	0.445567	0	0	0	0	0	0.445567	0.445567	0	0	0.445567	0.445567	0	0	0	0	0.445567	0.445567	0	0	0	0	0.445567	0.445567	0	0	0	0	0	0.445567	0.445567	0	0	0	0.445567	0.445567	0	0	0	0	0	0	0.445567
0.890998	0.890998	0.445526	0.445526	0.890998	0.445526	0.445526	0.445526	0	0.445526	0.445526	0.445526	0.890998	0.890998	0.445526	0	0	0.445526	0.890998	0.445526	0.445526	0.445526	0.445526	0.445526	0.445526	0.445526	0.445526	0.890998	0.445526	0.445526	0.445526	0.890998	0.890998	0	0	0.445526	0.890998	0.445526	0.445526	0.445526	0.445526	0.890998	0.445526	0	0.445526	0.890998	0.445526	0.445526	0.445526	0.445526	0.445526	0	0.445526	0.890998	0.890998	0.445526	0.445526	0.445526	0	0.445526	0.445526	0.445526	0.445526	0.890998	0.890998	0.445526	0.445526	0.445526	0.890998	0.445526	0.445526	0.445526	0	0.445526	0.890998	0.445526	0.445526	0.890998	0.445526	0.445526	0.890998	0.445526	0.445526	0.445526	0	0.445526	0.890998	0.445526	0	0.445526	0.445526	0.445526	0.445526	0.445526	0.445526	0.445526	0.445526	0.445526	0.890998	0.445526	0	0	0.445526	0.890998	0.445526	0	0.445526	0.890998	0.445526	0.445526	0.445526	0	0.445526	0.445526	0.445526	0.445526	0.445526	0.445526	0.445526	0.445526	0	0.445526	0.445526	0.445526	0.445526	0	0.445526	0.890998	0.445526	0	0.445526	0.445526	0	0	0.445526	0.445526	0	0.445526	0.445526	0	0	0.445526	0.445526	0	0.445526	0.445526	0	0	0.445526	0.445526	0.445526	0.445526	0	0.445526	0.445526	0	0	0.445526	0.445526	0.445526	0.445526	0	0.445526	0.445526	0	0	0.445526	0.445526	0.445526	0.445526	0	0	0	0.445526	0.445526	0	0.445526	0.445526	0	0.445526	0.445526	0	0.445526	0.445526	0	0	0	0.445526	0.445526	0.445526	0.445526	0	0	0	0.445526	0.445526	0	0.445526	0.445526	0	0.445526	0.445526	0	0	0	0.445526	0.445526	0	0.445526	0.445526	0	0	0.445526	0.445526	0	0	0	0	0	0.445526	0.445526	0	0	0.445526	0.445526	0	0	0	0	0.445526	0.445526	0	0	0	0	0.445526	0.445526	0	0	0	0	0	0.445526	0.445526	0	0	0	0.445526	0.445526	0	0	0	0	0	0	0.445526
0.890915	0.890915	0.445484	0.445484	0.890915	0.445484	0.445484	0.445484	0	0.445484	0.445484	0.445484	0.890915	0.890915	0.445484	0	0	0.445484	0.890915	0.445484	0.445484	0.445484	0.445484	0.445484	0.445484	0.445484	0.445484	0.890915	0.445484	0.445484	0.445484	0.890915	0.890915	0	0	0.445484	0.890915	0.445484	0.445484	0.445484	0.445484	0.890915	0.445484	0	0.445484	0.890915	0.445484	0.445484	0.445484	0.445484	0.445484	0	0.445484	0.890915	0.890915	0.445484	0.445484	0.445484	0	0.445484	0.445484	0.445484	0.445484	0.890915	0.890915	0.445484	0.445484	0.445484	0.890915	0.445484	0.445484	0.445484	0	0.445484	0.890915	0.445484	0.445484	0.890915	0.445484	0.445484	0.890915	0.445484	0.445484	0.445484	0	0.445484	0.890915	0.445484	0	0.445484	0.445484	0.445484	0.445484	0.445484	0.445484	0.445484	0.445484	0.445484	0.890915	0.445484	0	0	0.445484	0.890915	0.445484	0	0.445484	0.890915	0.445484	0.445484	0.445484	0	0.445484	0.445484	0.445484	0.445484	0.445484	0.445484	0.445484	0.445484	0	0.445484	0.445484	0.445484	0.445484	0	0.445484	0.890915	0.445484	0	0.445484	0.445484	0	0	0.445484	0.445484	0	0.445484	0.445484	0	0	0.445484	0.445484	0	0.445484	0.445484	0	0	0.445484	0.445484	0.445484	0.445484	0	0.445484	0.445484	0	0	0.445484	0.445484	0.445484	0.445484	0	0.445484	0.445484	0	0	0.445484	0.445484	0.445484	0.445484	0	0	0	0.445484	0.445484	0	0.445484	0.445484	0	0.445484	0.445484	0	0.445484	0.445484	0	0	0	0.445484	0.445484	0.445484	0.445484	0	0	0	0.445484	0.445484	0	0.445484	0.445484	0	0.445484	0.445484	0	0	0	0.445484	0.445484	0	0.445484	0.445484	0	0	0.445484	0.445484	0	0	0	0	0	0.445484	0.445484	0	0	0.445484	0.445484	0	0	0	0	0.445484	0.445484	0	0	0	0	0.445484	0.445484	0	0	0	0	0	0.445484	0.445484	0	0	0	0.445484	0.445484	0	0	0	0	0	0	0.445484
0.890832	0.890832	0.445443	0.445443	0.890832	0.445443	0.445443	0.445443	0	0.445443	0.445443	0.445443	0.890832	0.890832	0.445443	0	0	0.445443	0.890832	0.445443	0.445443	0.445443	0.445443	0.445443	0.445443	0.445443	0.445443	0.890832	0.445443	0.445443	0.445443	0.890832	0.890832	0	0	0.445443	0.890832	0.445443	0.445443	0.445443	0.445443	0.890832	0.445443	0	0.445443	0.890832	0.445443	0.445443	0.445443	0.445443	0.445443	0	0.445443	0.890832	0.890832	0.445443	0.445443	0.445443	0	0.445443	0.445443	0.445443	0.445443	0.890832	0.890832	0.445443	0.445443	0.445443	0.890832	0.445443	0.445443	0.445443	0	0.445443	0.890832	0.445443	0.445443	0.890832	0.445443	0.445443	0.890832	0.445443	0.445443	0.445443	0	0.445443	0.890832	0.445443	0	0.445443	0.445443	0.445443	0.445443	0.445443	0.445443	0.445443	0.445443	0.445443	0.890832	0.445443	0	0	0.445443	0.890832	0.445443	0	0.445443	0.890832	0.445443	0.445443	0.445443	0	0.445443	0.445443	0.445443	0.445443	0.445443	0.445443	0.445443	0.445443	0	0.445443	0.445443	0.445443	0.445443	0	0.445443	0.890832	0.445443	0	0.445443	0.445443	0	0	0.445443	0.445443	0	0.445443	0.445443	0	0	0.445443	0.445443	0	0.445443	0.445443	0	0	0.445443	0.445443	0.445443	0.445443	0	0.445443	0.445443	0	0	0.445443	0.445443	0.445443	0.445443	0	0.445443	0.445443	0	0	0.445443	0.445443	0.445443	0.445443	0	0	0	0.445443	0.445443	0	0.445443	0.445443	0	0.445443	0.445443	0	0.445443	0.445443	0	0	0	0.445443	0.445443	0.445443	0.445443	0	0	0	0.445443	0.445443	0	0.445443	0.445443	0	0.445443	0.445443	0	0	0	0.445443	0.445443	0	0.445443	0.445443	0	0	0.445443	0.445443	0	0	0	0	0	0.445443	0.445443	0	0	0.445443	0.445443	0	0	0	0	0.445443	0.445443	0	0	0	0	0.445443	0.445443	0	0	0	0	0	0.445443	0.445443	0	0	0	0.445443	0.445443	0	0	0	0	0	0	0.445443
0.890735	0.890735	0.445394	0.445394	0.890735	0.445394	0.445394	0.445394	0	0.445394	0.445394	0.445394	0.890735	0.890735	0.445394	0	0	0.445394	0.890735	0.445394	0.445394	0.445394	0.445394	0.445394	0.445394	0.445394	0.445394	0.890735	0.445394	0.445394	0.445394	0.890735	0.890735	0	0	0.445394	0.890735	0.445394	0.445394	0.445394	0.445394	0.890735	0.445394	0	0.445394	0.890735	0.445394	0.445394	0.445394	0.445394	0.445394	0	0.445394	0.890735	0.890735	0.445394	0.445394	0.445394	0	0.445394	0.445394	0.445394	0.445394	0.890735	0.890735	0.445394	0.445394	0.445394	0.890735	0.445394	0.445394	0.445394	0	0.445394	0.890735	0.445394	0.445394	0.890735	0.445394	0.445394	0.890735	0.445394	0.445394	0.445394	0	0.445394	0.890735	0.445394	0	0.445394	0.445394	0.445394	0.445394	0.445394	0.445394	0.445394	0.445394	0.445394	0.890735	0.445394	0	0	0.445394	0.890735	0.445394	0	0.445394	0.890735	0.445394	0.445394	0.445394	0	0.445394	0.445394	0.445394	0.445394	0.445394	0.445394	0.445394	0.445394	0	0.445394	0.445394	0.445394	0.445394	0	0.445394	0.890735	0.445394	0	0.445394	0.445394	0	0	0.445394	0.445394	0	0.445394	0.445394	0	0	0.445394	0.445394	0	0.445394	0.445394	0	0	0.445394	0.445394	0.445394	0.445394	0	0.445394	0.445394	0	0	0.445394	0.445394	0.445394	0.445394	0	0.445394	0.445394	0	0	0.445394	0.445394	0.445394	0.445394	0	0	0	0.445394	0.445394	0	0.445394	0.445394	0	0.445394	0.445394	0	0.445394	0.445394	0	0	0	0.445394	0.445394	0.445394	0.445394	0	0	0	0.445394	0.445394	0	0.445394	0.445394	0	0.445394	0.445394	0	0	0	0.445394	0.445394	0	0.445394	0.445394	0	0	0.445394	0.445394	0	0	0	0	0	0.445394	0.445394	0	0	0.445394	0.445394	0	0	0	0	0.445394	0.445394	0	0	0	0	0.445394	0.445394	0	0	0	0	0	0.445394	0.445394	0	0	0	0.445394	0.445394	0	0	0	0	0	0	0.445394
0.890652	0.890652	0.445353	0.445353	0.890652	0.445353	0.445353	0.445353	0	0.445353	0.445353	0.445353	0.890652	0.890652	0.445353	0	0	0.445353	0.890652	0.445353	0.445353	0.445353	0.445353	0.445353	0.445353	0.445353	0.445353	0.890652	0.445353	0.445353	0.445353	0.890652	0.890652	0	0	0.445353	0.890652	0.445353	0.445353	0.445353	0.445353	0.890652	0.445353	0	0.445353	0.890652	0.445353	0.445353	0.445353	0.445353	0.445353	0	0.445353	0.890652	0.890652	0.445353	0.445353	0.445353	0	0.445353	0.445353	0.445353	0.445353	0.890652	0.890652	0.445353	0.445353	0.445353	0.890652	0.445353	0.445353	0.445353	0	0.445353	0.890652	0.445353	0.445353	0.890652	0.445353	0.445353	0.890652	0.445353	0.445353	0.445353	0	0.445353	0.890652	0.445353	0	0.445353	0.445353	0.445353	0.445353	0.445353	0.445353	0.445353	0.445353	0.445353	0.890652	0.445353	0	0	0.445353	0.890652	0.445353	0	0.445353	0.890652	0.445353	0.445353	0.445353	0	0.445353	0.445353	0.445353	0.445353	0.445353	0.445353	0.445353	0.445353	0	0.445353	0.445353	0.445353	0.445353	0	0.445353	0.890652	0.445353	0	0.445353	0.445353	0	0	0.445353	0.445353	0	0.445353	0.445353	0	0	0.445353	0.445353	0	0.445353	0.445353	0	0	0.445353	0.445353	0.445353	0.445353	0	0.445353	0.445353	0	0	0.445353	0.445353	0.445353	0.445353	0	0.445353	0.445353	0	0	0.445353	0.445353	0.445353	0.445353	0	0	0	0.445353	0.445353	0	0.445353	0.445353	0	0.445353	0.445353	0	0.445353	0.445353	0	0	0	0.445353	0.445353	0.445353	0.445353	0	0	0	0.445353	0.445353	0	0.445353	0.445353	0	0.445353	0.445353	0	0	0	0.445353	0.445353	0	0.445353	0.445353	0	0	0.445353	0.445353	0	0	0	0	0	0.445353	0.445353	0	0	0.445353	0.445353	0	0	0	0	0.445353	0.445353	0	0	0	0	0.445353	0.445353	0	0	0	0	0	0.445353	0.445353	0	0	0	0.445353	0.445353	0	0	0	0	0	0	0.445353
0.890569	0.890569	0.445311	0.445311	0.890569	0.445311	0.445311	0.445311	0	0.445311	0.445311	0.445311	0.890569	0.890569	0.445311	0	0	0.445311	0.890569	0.445311	0.445311	0.445311	0.445311	0.445311	0.445311	0.445311	0.445311	0.890569	0.445311	0.445311	0.445311	0.890569	0.890569	0	0	0.445311	0.890569	0.445311	0.445311	0.445311	0.445311	0.890569	0.445311	0	0.445311	0.890569	0.445311	0.445311	0.445311	0.445311	0.445311	0	0.445311	0.890569	0.890569	0.445311	0.445311	0.445311	0	0.445311	0.445311	0.445311	0.445311	0.890569	0.890569	0.445311	0.445311	0.445311	0.890569	0.445311	0.445311	0.445311	0	0.445311	0.890569	0.445311	0.445311	0.890569	0.445311	0.445311	0.890569	0.445311	0.445311	0.445311	0	0.445311	0.890569	0.445311	0	0.445311	0.445311	0.445311	0.445311	0.445311	0.445311	0.445311	0.445311	0.445311	0.890569	0.445311	0	0	0.445311	0.890569	0.445311	0	0.445311	0.890569	0.445311	0.445311	0.445311	0	0.445311	0.445311	0.445311	0.445311	0.445311	0.445311	0.445311	0.445311	0	0.445311	0.445311	0.445311	0.445311	0	0.445311	0.890569	0.445311	0	0.445311	0.445311	0	0	0.445311	0.445311	0	0.445311	0.445311	0	0	0.445311	0.445311	0	0.445311	0.445311	0	0	0.445311	0.445311	0.445311	0.445311	0	0.445311	0.445311	0	0	0.445311	0.445311	0.445311	0.445311	0	0.445311	0.445311	0	0	0.445311	0.445311	0.445311	0.445311	0	0	0	0.445311	0.445311	0	0.445311	0.445311	0	0.445311	0.445311	0	0.445311	0.445311	0	0	0	0.445311	0.445311	0.445311	0.445311	0	0	0	0.445311	0.445311	0	0.445311	0.445311	0	0.445311	0.445311	0	0	0	0.445311	0.445311	0	0.445311	0.445311	0	0	0.445311	0.445311	0	0	0	0	0	0.445311	0.445311	0	0	0.445311	0.445311	0	0	0	0	0.445311	0.445311	0	0	0	0	0.445311	0.445311	0	0	0	0	0	0.445311	0.445311	0	0	0	0.445311	0.445311	0	0	0	0	0	0	0.445311
0.890486	0.890486	0.44527	0.44527	0.890486	0.44527	0.44527	0.44527	0	0.44527	0.44527	0.44527	0.890486	0.890486	0.44527	0	0	0.44527	0.890486	0.44527	0.44527	0.44527	0.44527	0.44527	0.44527	0.44527	0.44527	0.890486	0.44527	0.44527	0.44527	0.890486	0.890486	0	0	0.44527	0.890486	0.44527	0.44527	0.44527	0.44527	0.890486	0.44527	0	0.44527	0.890486	0.44527	0.44527	0.44527	0.44527	0.44527	0	0.44527	0.890486	0.890486	0.44527	0.44527	0.44527	0	0.44527	0.44527	0.44527	0.44527	0.890486	0.890486	0.44527	0.44527	0.44527	0.890486	0.44527	0.44527	0.44527	0	0.44527	0.890486	0.44527	0.44527	0.890486	0.44527	0.44527	0.890486	0.44527	0.44527	0.44527	0	0.44527	0.890486	0.44527	0	0.44527	0.44527	0.44527	0.44527	0.44527	0.44527	0.44527	0.44527	0.44527	0.890486	0.44527	0	0	0.44527	0.890486	0.44527	0	0.44527	0.890486	0.44527	0.44527	0.44527	0	0.44527	0.44527	0.44527	0.44527	0.44527	0.44527	0.44527	0.44527	0	0.44527	0.44527	0.44527	0.44527	0	0.44527	0.890486	0.44527	0	0.44527	0.44527	0	0	0.44527	0.44527	0	0.44527	0.44527	0	0	0.44527	0.44527	0	0.44527	0.44527	0	0	0.44527	0.44527	0.44527	0.44527	0	0.44527	0.44527	0	0	0.44527	0.44527	0.44527	0.44527	0	0.44527	0.44527	0	0	0.44527	0.44527	0.44527	0.44527	0	0	0	0.44527	0.44527	0	0.44527	0.44527	0	0.44527	0.44527	0	0.44527	0.44527	0	0	0	0.44527	0.44527	0.44527	0.44527	0	0	0	0.44527	0.44527	0	0.44527	0.44527	0	0.44527	0.44527	0	0	0	0.44527	0.44527	0	0.44527	0.44527	0	0	0.44527	0.44527	0	0	0	0	0	0.44527	0.44527	0	0	0.44527	0.44527	0	0	0	0	0.44527	0.44527	0	0	0	0	0.44527	0.44527	0	0	0	0	0	0.44527	0.44527	0	0	0	0.44527	0.44527	0	0	0	0	0	0	0.44527
1.64311	1.84198	1.83527	1.83527	1.99048	1.83527	1.83527	1.83527	1.673	1.62037	1.70233	1.83527	1.99048	1.99048	1.83527	1.673	1.4511	1.48483	1.84198	1.83527	1.83527	1.83527	1.75952	1.55009	1.40778	1.40778	1.48483	1.84198	1.83527	1.83527	1.83527	1.99048	1.99048	1.673	1.4511	1.40778	1.64311	1.70233	1.83527	1.83527	1.83527	1.99048	1.75952	1.4511	1.40778	1.60499	1.40778	1.48483	1.70233	1.83527	1.75952	1.4511	1.40778	1.64311	1.84198	1.83527	1.83527	1.83527	1.673	1.55009	1.40778	1.48483	1.70233	1.99048	1.99048	1.83527	1.83527	1.83527	1.99048	1.83527	1.83527	1.75952	1.4511	1.48483	1.84198	1.83527	1.83527	1.99048	1.83527	1.83527	1.99048	1.83527	1.92092	2.14024	2.117	1.97177	1.99048	1.83527	1.78051	1.83527	1.83527	1.83527	1.83527	1.83527	1.75952	1.62037	1.70233	1.83527	1.99048	1.83527	1.673	1.4511	1.40778	1.60499	1.40778	1.33557	1.40778	1.60499	1.40778	1.40778	1.40778	1.33557	1.40778	1.40778	1.40778	1.40778	1.40778	1.40778	1.40778	1.40778	1.22936	1.19874	1.26901	1.40778	1.40778	1.33557	1.40778	1.60499	1.40778	1.33557	1.40778	1.40778	1.33557	1.33557	1.40778	1.34479	1.00792	1.05593	1.19874	1.00792	0.890472	0.995542	0.995542	0.890472	1.05593	1.26901	1.22936	1.00792	0.995542	0.995542	1.05593	1.26901	1.22936	1.19874	1.26901	1.22936	1.00792	0.995542	0.995542	1.05593	1.26901	1.22936	1.19874	1.26901	1.22936	1.00792	1.05593	1.19874	1.19874	1.26901	1.22936	1.00792	0.890472	0.995542	0.995542	0.890472	0.995542	0.995542	0.890472	0.995542	0.995542	0.890472	1.05593	1.26901	1.22936	1.00792	0.890472	1.05593	1.19874	1.19874	1.26901	1.33557	1.33557	1.22936	1.19874	1.26901	1.33557	1.40778	1.40778	1.33557	1.40778	1.40778	1.33557	1.33557	1.33557	1.40778	1.40778	1.33557	1.48483	1.70233	1.673	1.4511	1.48483	1.70233	1.78051	1.673	1.4511	1.33557	1.33557	1.48483	1.70233	1.673	1.4511	1.48483	1.70233	1.78051	1.78051	1.78051	1.78051	1.83527	1.83527	1.78051	1.78051	1.78051	1.78051	1.83527	1.83527	1.78051	1.78051	1.78051	1.78051	1.78051	1.83527	1.83527	1.78051	1.78051	1.78051	1.92092	2.14024	2.22524	2.22524	2.22524	2.22524	2.22524	2.22524	2.36007
1.54994	1.75936	1.83509	1.83509	1.9903	1.83509	1.83509	1.83509	1.70217	1.62022	1.67284	1.83509	1.9903	1.9903	1.83509	1.70217	1.48469	1.45096	1.75936	1.83509	1.83509	1.83509	1.84181	1.64296	1.40765	1.40765	1.45096	1.75936	1.83509	1.83509	1.83509	1.9903	1.9903	1.70217	1.48469	1.40765	1.54994	1.67284	1.83509	1.83509	1.83509	1.9903	1.84181	1.48469	1.40765	1.60484	1.40765	1.45096	1.67284	1.83509	1.84181	1.48469	1.40765	1.54994	1.75936	1.83509	1.83509	1.83509	1.70217	1.64296	1.40765	1.45096	1.67284	1.9903	1.9903	1.83509	1.83509	1.83509	1.9903	1.83509	1.83509	1.84181	1.48469	1.45096	1.75936	1.83509	1.83509	1.9903	1.83509	1.83509	1.9903	1.83509	1.89481	2.11681	2.14004	2.04547	1.9903	1.83509	1.78035	1.83509	1.83509	1.83509	1.83509	1.83509	1.84181	1.62022	1.67284	1.83509	1.9903	1.83509	1.70217	1.48469	1.40765	1.60484	1.40765	1.33545	1.40765	1.60484	1.40765	1.40765	1.40765	1.33545	1.40765	1.40765	1.40765	1.40765	1.40765	1.40765	1.40765	1.40765	1.26889	1.19863	1.22924	1.40765	1.40765	1.33545	1.40765	1.60484	1.40765	1.33545	1.40765	1.40765	1.33545	1.33545	1.40765	1.45093	1.05583	1.00783	1.19863	1.05583	0.890389	0.995449	0.995449	0.890389	1.00783	1.22924	1.26889	1.05583	0.995449	0.995449	1.00783	1.22924	1.26889	1.19863	1.22924	1.26889	1.05583	0.995449	0.995449	1.00783	1.22924	1.26889	1.19863	1.22924	1.26889	1.05583	1.00783	1.19863	1.19863	1.22924	1.26889	1.05583	0.890389	0.995449	0.995449	0.890389	0.995449	0.995449	0.890389	0.995449	0.995449	0.890389	1.00783	1.22924	1.26889	1.05583	0.890389	1.00783	1.19863	1.19863	1.22924	1.33545	1.33545	1.26889	1.19863	1.22924	1.33545	1.40765	1.40765	1.33545	1.40765	1.40765	1.33545	1.33545	1.33545	1.40765	1.40765	1.33545	1.45096	1.67284	1.70217	1.48469	1.45096	1.67284	1.78035	1.70217	1.48469	1.33545	1.33545	1.45096	1.67284	1.70217	1.48469	1.45096	1.67284	1.78035	1.78035	1.78035	1.78035	1.83509	1.83509	1.78035	1.78035	1.78035	1.78035	1.83509	1.83509	1.78035	1.78035	1.78035	1.78035	1.78035	1.83509	1.83509	1.78035	1.78035	1.78035	1.89481	2.11681	2.22503	2.22503	2.22503	2.22503	2.22503	2.22503	2.33881
0.445145	0.445145	0.445145	0.445145	0.890236	0.445145	0.445145	0.445145	0.445145	0.445145	0	0.445145	0.890236	0.890236	0.445145	0.445145	0.445145	0	0.445145	0.445145	0.445145	0.445145	0.890236	0.890236	0.445145	0.445145	0	0.445145	0.445145	0.445145	0.445145	0.890236	0.890236	0.445145	0.445145	0.445145	0.445145	0	0.445145	0.445145	0.445145	0.890236	0.890236	0.445145	0.445145	0.890236	0.445145	0	0	0.445145	0.890236	0.445145	0.445145	0.445145	0.445145	0.445145	0.445145	0.445145	0.445145	0.890236	0.445145	0	0	0.890236	0.890236	0.445145	0.445145	0.445145	0.890236	0.445145	0.445145	0.890236	0.445145	0	0.445145	0.445145	0.445145	0.890236	0.445145	0.445145	0.890236	0.445145	0	0	0.445145	0.890236	0.890236	0.445145	0	0.445145	0.445145	0.445145	0.445145	0.445145	0.890236	0.445145	0	0.445145	0.890236	0.445145	0.445145	0.445145	0.445145	0.890236	0.445145	0	0.445145	0.890236	0.445145	0.445145	0.445145	0	0.445145	0.445145	0.445145	0.445145	0.445145	0.445145	0.445145	0.445145	0.445145	0.445145	0	0.445145	0.445145	0	0.445145	0.890236	0.445145	0	0.445145	0.445145	0	0	0.445145	0.890236	0.445145	0	0.445145	0.445145	0	0.445145	0.445145	0	0	0	0.445145	0.445145	0.445145	0.445145	0	0	0.445145	0.445145	0	0.445145	0.445145	0.445145	0.445145	0	0	0.445145	0.445145	0	0.445145	0.445145	0	0.445145	0.445145	0	0.445145	0.445145	0	0.445145	0.445145	0	0.445145	0.445145	0	0.445145	0.445145	0	0	0	0.445145	0.445145	0	0	0.445145	0.445145	0	0	0	0.445145	0.445145	0	0	0.445145	0.445145	0	0.445145	0.445145	0	0	0	0.445145	0.445145	0	0	0	0.445145	0.445145	0	0	0	0.445145	0.445145	0	0	0	0	0.445145	0.445145	0	0	0	0	0	0	0.445145	0.445145	0	0	0	0	0.445145	0.445145	0	0	0	0	0	0.445145	0.445145	0	0	0	0	0	0	0	0	0	0	0	0
0.445104	0.445104	0.445104	0.445104	0.890154	0.445104	0.445104	0.445104	0.445104	0.445104	0	0.445104	0.890154	0.890154	0.445104	0.445104	0.445104	0	0.445104	0.445104	0.445104	0.445104	0.890154	0.890154	0.445104	0.445104	0	0.445104	0.445104	0.445104	0.445104	0.890154	0.890154	0.445104	0.445104	0.445104	0.445104	0	0.445104	0.445104	0.445104	0.890154	0.890154	0.445104	0.445104	0.890154	0.445104	0	0	0.445104	0.890154	0.445104	0.445104	0.445104	0.445104	0.445104	0.445104	0.445104	0.445104	0.890154	0.445104	0	0	0.890154	0.890154	0.445104	0.445104	0.445104	0.890154	0.445104	0.445104	0.890154	0.445104	0	0.445104	0.445104	0.445104	0.890154	0.445104	0.445104	0.890154	0.445104	0	0	0.445104	0.890154	0.890154	0.445104	0	0.445104	0.445104	0.445104	0.445104	0.445104	0.890154	0.445104	0	0.445104	0.890154	0.445104	0.445104	0.445104	0.445104	0.890154	0.445104	0	0.445104	0.890154	0.445104	0.445104	0.445104	0	0.445104	0.445104	0.445104	0.445104	0.445104	0.445104	0.445104	0.445104	0.445104	0.445104	0	0.445104	0.445104	0	0.445104	0.890154	0.445104	0	0.445104	0.445104	0	0	0.445104	0.890154	0.445104	0	0.445104	0.445104	0	0.445104	0.445104	0	0	0	0.445104	0.445104	0.445104	0.445104	0	0	0.445104	0.445104	0	0.445104	0.445104	0.445104	0.445104	0	0	0.445104	0.445104	0	0.445104	0.445104	0	0.445104	0.445104	0	0.445104	0.445104	0	0.445104	0.445104	0	0.445104	0.445104	0	0.445104	0.445104	0	0	0	0.445104	0.445104	0	0	0.445104	0.445104	0	0	0	0.445104	0.445104	0	0	0.445104	0.445104	0	0.445104	0.445104	0	0	0	0.445104	0.445104	0	0	0	0.445104	0.445104	0	0	0	0.445104	0.445104	0	0	0	0	0.445104	0.445104	0	0	0	0	0	0	0.445104	0.445104	0	0	0	0	0.445104	0.445104	0	0	0	0	0	0.445104	0.445104	0	0	0	0	0	0	0	0	0	0	0	0
0.445055	0.445055	0.445055	0.445055	0.890057	0.445055	0.445055	0.445055	0.445055	0.445055	0	0.445055	0.890057	0.890057	0.445055	0.445055	0.445055	0	0.445055	0.445055	0.445055	0.445055	0.890057	0.890057	0.445055	0.445055	0	0.445055	0.445055	0.445055	0.445055	0.890057	0.890057	0.445055	0.445055	0.445055	0.445055	0	0.445055	0.445055	0.445055	0.890057	0.890057	0.445055	0.445055	0.890057	0.445055	0	0	0.445055	0.890057	0.445055	0.445055	0.445055	0.445055	0.445055	0.445055	0.445055	0.445055	0.890057	0.445055	0	0	0.890057	0.890057	0.445055	0.445055	0.445055	0.890057	0.445055	0.445055	0.890057	0.445055	0	0.445055	0.445055	0.445055	0.890057	0.445055	0.445055	0.890057	0.445055	0	0	0.445055	0.890057	0.890057	0.445055	0	0.445055	0.445055	0.445055	0.445055	0.445055	0.890057	0.445055	0	0.445055	0.890057	0.445055	0.445055	0.445055	0.445055	0.890057	0.445055	0	0.445055	0.890057	0.445055	0.445055	0.445055	0	0.445055	0.445055	0.445055	0.445055	0.445055	0.445055	0.445055	0.445055	0.445055	0.445055	0	0.445055	0.445055	0	0.445055	0.890057	0.445055	0	0.445055	0.445055	0	0	0.445055	0.890057	0.445055	0	0.445055	0.445055	0	0.445055	0.445055	0	0	0	0.445055	0.445055	0.445055	0.445055	0	0	0.445055	0.445055	0	0.445055	0.445055	0.445055	0.445055	0	0	0.445055	0.445055	0	0.445055	0.445055	0	0.445055	0.445055	0	0.445055	0.445055	0	0.445055	0.445055	0	0.445055	0.445055	0	0.445055	0.445055	0	0	0	0.445055	0.445055	0	0	0.445055	0.445055	0	0	0	0.445055	0.445055	0	0	0.445055	0.445055	0	0.445055	0.445055	0	0	0	0.445055	0.445055	0	0	0	0.445055	0.445055	0	0	0	0.445055	0.445055	0	0	0	0	0.445055	0.445055	0	0	0	0	0	0	0.445055	0.445055	0	0	0	0	0.445055	0.445055	0	0	0	0	0	0.445055	0.445055	0	0	0	0	0	0	0	0	0	0	0	0
0.445014	0.445014	0.445014	0.445014	0.889974	0.445014	0.445014	0.445014	0.445014	0.445014	0	0.445014	0.889974	0.889974	0.445014	0.445014	0.445014	0	0.445014	0.445014	0.445014	0.445014	0.889974	0.889974	0.445014	0.445014	0	0.445014	0.445014	0.445014	0.445014	0.889974	0.889974	0.445014	0.445014	0.445014	0.445014	0	0.445014	0.445014	0.445014	0.889974	0.889974	0.445014	0.445014	0.889974	0.445014	0	0	0.445014	0.889974	0.445014	0.445014	0.445014	0.445014	0.445014	0.445014	0.445014	0.445014	0.889974	0.445014	0	0	0.889974	0.889974	0.445014	0.445014	0.445014	0.889974	0.445014	0.445014	0.889974	0.445014	0	0.445014	0.445014	0.445014	0.889974	0.445014	0.445014	0.889974	0.445014	0	0	0.445014	0.889974	0.889974	0.445014	0	0.445014	0.445014	0.445014	0.445014	0.445014	0.889974	0.445014	0	0.445014	0.889974	0.445014	0.445014	0.445014	0.445014	0.889974	0.445014	0	0.445014	0.889974	0.445014	0.445014	0.445014	0	0.445014	0.445014	0.445014	0.445014	0.445014	0.445014	0.445014	0.445014	0.445014	0.445014	0	0.445014	0.445014	0	0.445014	0.889974	0.445014	0	0.445014	0.445014	0	0	0.445014	0.889974	0.445014	0	0.445014	0.445014	0	0.445014	0.445014	0	0	0	0.445014	0.445014	0.445014	0.445014	0	0	0.445014	0.445014	0	0.445014	0.445014	0.445014	0.445014	0	0	0.445014	0.445014	0	0.445014	0.445014	0	0.445014	0.445014	0	0.445014	0.445014	0	0.445014	0.445014	0	0.445014	0.445014	0	0.445014	0.445014	0	0	0	0.445014	0.445014	0	0	0.445014	0.445014	0	0	0	0.445014	0.445014	0	0	0.445014	0.445014	0	0.445014	0.445014	0	0	0	0.445014	0.445014	0	0	0	0.445014	0.445014	0	0	0	0.445014	0.445014	0	0	0	0	0.445014	0.445014	0	0	0	0	0	0	0.445014	0.445014	0	0	0	0	0.445014	0.445014	0	0	0	0	0	0.445014	0.445014	0	0	0	0	0	0	0	0	0	0	0	0
0.444972	0.444972	0.444972	0.444972	0.889891	0.444972	0.444972	0.444972	0.444972	0.444972	0	0.444972	0.889891	0.889891	0.444972	0.444972	0.444972	0	0.444972	0.444972	0.444972	0.444972	0.889891	0.889891	0.444972	0.444972	0	0.444972	0.444972	0.444972	0.444972	0.889891	0.889891	0.444972	0.444972	0.444972	0.444972	0	0.444972	0.444972	0.444972	0.889891	0.889891	0.444972	0.444972	0.889891	0.444972	0	0	0.444972	0.889891	0.444972	0.444972	0.444972	0.444972	0.444972	0.444972	0.444972	0.444972	0.889891	0.444972	0	0	0.889891	0.889891	0.444972	0.444972	0.444972	0.889891	0.444972	0.444972	0.889891	0.444972	0	0.444972	0.444972	0.444972	0.889891	0.444972	0.444972	0.889891	0.444972	0	0	0.444972	0.889891	0.889891	0.444972	0	0.444972	0.444972	0.444972	0.444972	0.444972	0.889891	0.444972	0	0.444972	0.889891	0.444972	0.444972	0.444972	0.444972	0.889891	0.444972	0	0.444972	0.889891	0.444972	0.444972	0.444972	0	0.444972	0.444972	0.444972	0.444972	0.444972	0.444972	0.444972	0.444972	0.444972	0.444972	0	0.444972	0.444972	0	0.444972	0.889891	0.444972	0	0.444972	0.444972	0	0	0.444972	0.889891	0.444972	0	0.444972	0.444972	0	0.444972	0.444972	0	0	0	0.444972	0.444972	0.444972	0.444972	0	0	0.444972	0.444972	0	0.444972	0.444972	0.444972	0.444972	0	0	0.444972	0.444972	0	0.444972	0.444972	0	0.444972	0.444972	0	0.444972	0.444972	0	0.444972	0.444972	0	0.444972	0.444972	0	0.444972	0.444972	0	0	0	0.444972	0.444972	0	0	0.444972	0.444972	0	0	0	0.444972	0.444972	0	0	0.444972	0.444972	0	0.444972	0.444972	0	0	0	0.444972	0.444972	0	0	0	0.444972	0.444972	0	0	0	0.444972	0.444972	0	0	0	0	0.444972	0.444972	0	0	0	0	0	0	0.444972	0.444972	0	0	0	0	0.444972	0.444972	0	0	0	0	0	0.444972	0.444972	0	0	0	0	0	0	0	0	0	0	0	0
0.444931	0.444931	0.444931	0.444931	0.889808	0.444931	0.444931	0.444931	0.444931	0.444931	0	0.444931	0.889808	0.889808	0.444931	0.444931	0.444931	0	0.444931	0.444931	0.444931	0.444931	0.889808	0.889808	0.444931	0.444931	0	0.444931	0.444931	0.444931	0.444931	0.889808	0.889808	0.444931	0.444931	0.444931	0.444931	0	0.444931	0.444931	0.444931	0.889808	0.889808	0.444931	0.444931	0.889808	0.444931	0	0	0.444931	0.889808	0.444931	0.444931	0.444931	0.444931	0.444931	0.444931	0.444931	0.444931	0.889808	0.444931	0	0	0.889808	0.889808	0.444931	0.444931	0.444931	0.889808	0.444931	0.444931	0.889808	0.444931	0	0.444931	0.444931	0.444931	0.889808	0.444931	0.444931	0.889808	0.444931	0	0	0.444931	0.889808	0.889808	0.444931	0	0.444931	0.444931	0.444931	0.444931	0.444931	0.889808	0.444931	0	0.444931	0.889808	0.444931	0.444931	0.444931	0.444931	0.889808	0.444931	0	0.444931	0.889808	0.444931	0.444931	0.444931	0	0.444931	0.444931	0.444931	0.444931	0.444931	0.444931	0.444931	0.444931	0.444931	0.444931	0	0.444931	0.444931	0	0.444931	0.889808	0.444931	0	0.444931	0.444931	0	0	0.444931	0.889808	0.444931	0	0.444931	0.444931	0	0.444931	0.444931	0	0	0	0.444931	0.444931	0.444931	0.444931	0	0	0.444931	0.444931	0	0.444931	0.444931	0.444931	0.444931	0	0	0.444931	0.444931	0	0.444931	0.444931	0	0.444931	0.444931	0	0.444931	0.444931	0	0.444931	0.444931	0	0.444931	0.444931	0	0.444931	0.444931	0	0	0	0.444931	0.444931	0	0	0.444931	0.444931	0	0	0	0.444931	0.444931	0	0	0.444931	0.444931	0	0.444931	0.444931	0	0	0	0.444931	0.444931	0	0	0	0.444931	0.444931	0	0	0	0.444931	0.444931	0	0	0	0	0.444931	0.444931	0	0	0	0	0	0	0.444931	0.444931	0	0	0	0	0.444931	0.444931	0	0	0	0	0	0.444931	0.444931	0	0	0	0	0	0	0	0	0	0	0	0
0.444889	0.444889	0.444889	0.444889	0.889725	0.444889	0.444889	0.444889	0.444889	0.444889	0	0.444889	0.889725	0.889725	0.444889	0.444889	0.444889	0	0.444889	0.444889	0.444889	0.444889	0.889725	0.889725	0.444889	0.444889	0	0.444889	0.444889	0.444889	0.444889	0.889725	0.889725	0.444889	0.444889	0.444889	0.444889	0	0.444889	0.444889	0.444889	0.889725	0.889725	0.444889	0.444889	0.889725	0.444889	0	0	0.444889	0.889725	0.444889	0.444889	0.444889	0.444889	0.444889	0.444889	0.444889	0.444889	0.889725	0.444889	0	0	0.889725	0.889725	0.444889	0.444889	0.444889	0.889725	0.444889	0.444889	0.889725	0.444889	0	0.444889	0.444889	0.444889	0.889725	0.444889	0.444889	0.889725	0.444889	0	0	0.444889	0.889725	0.889725	0.444889	0	0.444889	0.444889	0.444889	0.444889	0.444889	0.889725	0.444889	0	0.444889	0.889725	0.444889	0.444889	0.444889	0.444889	0.889725	0.444889	0	0.444889	0.889725	0.444889	0.444889	0.444889	0	0.444889	0.444889	0.444889	0.444889	0.444889	0.444889	0.444889	0.444889	0.444889	0.444889	0	0.444889	0.444889	0	0.444889	0.889725	0.444889	0	0.444889	0.444889	0	0	0.444889	0.889725	0.444889	0	0.444889	0.444889	0	0.444889	0.444889	0	0	0	0.444889	0.444889	0.444889	0.444889	0	0	0.444889	0.444889	0	0.444889	0.444889	0.444889	0.444889	0	0	0.444889	0.444889	0	0.444889	0.444889	0	0.444889	0.444889	0	0.444889	0.444889	0	0.444889	0.444889	0	0.444889	0.444889	0	0.444889	0.444889	0	0	0	0.444889	0.444889	0	0	0.444889	0.444889	0	0	0	0.444889	0.444889	0	0	0.444889	0.444889	0	0.444889	0.444889	0	0	0	0.444889	0.444889	0	0	0	0.444889	0.444889	0	0	0	0.444889	0.444889	0	0	0	0	0.444889	0.444889	0	0	0	0	0	0	0.444889	0.444889	0	0	0	0	0.444889	0.444889	0	0	0	0	0	0.444889	0.444889	0	0	0	0	0	0	0	0	0	0	0	0
0.444848	0.444848	0.444848	0.444848	0.889642	0.444848	0.444848	0.444848	0.444848	0.444848	0	0.444848	0.889642	0.889642	0.444848	0.444848	0.444848	0	0.444848	0.444848	0.444848	0.444848	0.889642	0.889642	0.444848	0.444848	0	0.444848	0.444848	0.444848	0.444848	0.889642	0.889642	0.444848	0.444848	0.444848	0.444848	0	0.444848	0.444848	0.444848	0.889642	0.889642	0.444848	0.444848	0.889642	0.444848	0	0	0.444848	0.889642	0.444848	0.444848	0.444848	0.444848	0.444848	0.444848	0.444848	0.444848	0.889642	0.444848	0	0	0.889642	0.889642	0.444848	0.444848	0.444848	0.889642	0.444848	0.444848	0.889642	0.444848	0	0.444848	0.444848	0.444848	0.889642	0.444848	0.444848	0.889642	0.444848	0	0	0.444848	0.889642	0.889642	0.444848	0	0.444848	0.444848	0.444848	0.444848	0.444848	0.889642	0.444848	0	0.444848	0.889642	0.444848	0.444848	0.444848	0.444848	0.889642	0.444848	0	0.444848	0.889642	0.444848	0.444848	0.444848	0	0.444848	0.444848	0.444848	0.444848	0.444848	0.444848	0.444848	0.444848	0.444848	0.444848	0	0.444848	0.444848	0	0.444848	0.889642	0.444848	0	0.444848	0.444848	0	0	0.444848	0.889642	0.444848	0	0.444848	0.444848	0	0.444848	0.444848	0	0	0	0.444848	0.444848	0.444848	0.444848	0	0	0.444848	0.444848	0	0.444848	0.444848	0.444848	0.444848	0	0	0.444848	0.444848	0	0.444848	0.444848	0	0.444848	0.444848	0	0.444848	0.444848	0	0.444848	0.444848	0	0.444848	0.444848	0	0.444848	0.444848	0	0	0	0.444848	0.444848	0	0	0.444848	0.444848	0	0	0	0.444848	0.444848	0	0	0.444848	0.444848	0	0.444848	0.444848	0	0	0	0.444848	0.444848	0	0	0	0.444848	0.444848	0	0	0	0.444848	0.444848	0	0	0	0	0.444848	0.444848	0	0	0	0	0	0	0.444848	0.444848	0	0	0	0	0.444848	0.444848	0	0	0	0	0	0.444848	0.444848	0	0	0	0	0	0	0	0	0	0	0	0
0.444806	0.444806	0.444806	0.444806	0.889559	0.444806	0.444806	0.444806	0.444806	0.444806	0	0.444806	0.889559	0.889559	0.444806	0.444806	0.444806	0	0.444806	0.444806	0.444806	0.444806	0.889559	0.889559	0.444806	0.444806	0	0.444806	0.444806	0.444806	0.444806	0.889559	0.889559	0.444806	0.444806	0.444806	0.444806	0	0.444806	0.444806	0.444806	0.889559	0.889559	0.444806	0.444806	0.889559	0.444806	0	0	0.444806	0.889559	0.444806	0.444806	0.444806	0.444806	0.444806	0.444806	0.444806	0.444806	0.889559	0.444806	0	0	0.889559	0.889559	0.444806	0.444806	0.444806	0.889559	0.444806	0.444806	0.889559	0.444806	0	0.444806	0.444806	0.444806	0.889559	0.444806	0.444806	0.889559	0.444806	0	0	0.444806	0.889559	0.889559	0.444806	0	0.444806	0.444806	0.444806	0.444806	0.444806	0.889559	0.444806	0	0.444806	0.889559	0.444806	0.444806	0.444806	0.444806	0.889559	0.444806	0	0.444806	0.889559	0.444806	0.444806	0.444806	0	0.444806	0.444806	0.444806	0.444806	0.444806	0.444806	0.444806	0.444806	0.444806	0.444806	0	0.444806	0.444806	0	0.444806	0.889559	0.444806	0	0.444806	0.444806	0	0	0.444806	0.889559	0.444806	0	0.444806	0.444806	0	0.444806	0.444806	0	0	0	0.444806	0.444806	0.444806	0.444806	0	0	0.444806	0.444806	0	0.444806	0.444806	0.444806	0.444806	0	0	0.444806	0.444806	0	0.444806	0.444806	0	0.444806	0.444806	0	0.444806	0.444806	0	0.444806	0.444806	0	0.444806	0.444806	0	0.444806	0.444806	0	0	0	0.444806	0.444806	0	0	0.444806	0.444806	0	0	0	0.444806	0.444806	0	0	0.444806	0.444806	0	0.444806	0.444806	0	0	0	0.444806	0.444806	0	0	0	0.444806	0.444806	0	0	0	0.444806	0.444806	0	0	0	0	0.444806	0.444806	0	0	0	0	0	0	0.444806	0.444806	0	0	0	0	0.444806	0.444806	0	0	0	0	0	0.444806	0.444806	0	0	0	0	0	0	0	0	0	0	0	0
0.444758	0.444758	0.444758	0.444758	0.889463	0.444758	0.444758	0.444758	0.444758	0.444758	0	0.444758	0.889463	0.889463	0.444758	0.444758	0.444758	0	0.444758	0.444758	0.444758	0.444758	0.889463	0.889463	0.444758	0.444758	0	0.444758	0.444758	0.444758	0.444758	0.889463	0.889463	0.444758	0.444758	0.444758	0.444758	0	0.444758	0.444758	0.444758	0.889463	0.889463	0.444758	0.444758	0.889463	0.444758	0	0	0.444758	0.889463	0.444758	0.444758	0.444758	0.444758	0.444758	0.444758	0.444758	0.444758	0.889463	0.444758	0	0	0.889463	0.889463	0.444758	0.444758	0.444758	0.889463	0.444758	0.444758	0.889463	0.444758	0	0.444758	0.444758	0.444758	0.889463	0.444758	0.444758	0.889463	0.444758	0	0	0.444758	0.889463	0.889463	0.444758	0	0.444758	0.444758	0.444758	0.444758	0.444758	0.889463	0.444758	0	0.444758	0.889463	0.444758	0.444758	0.444758	0.444758	0.889463	0.444758	0	0.444758	0.889463	0.444758	0.444758	0.444758	0	0.444758	0.444758	0.444758	0.444758	0.444758	0.444758	0.444758	0.444758	0.444758	0.444758	0	0.444758	0.444758	0	0.444758	0.889463	0.444758	0	0.444758	0.444758	0	0	0.444758	0.889463	0.444758	0	0.444758	0.444758	0	0.444758	0.444758	0	0	0	0.444758	0.444758	0.444758	0.444758	0	0	0.444758	0.444758	0	0.444758	0.444758	0.444758	0.444758	0	0	0.444758	0.444758	0	0.444758	0.444758	0	0.444758	0.444758	0	0.444758	0.444758	0	0.444758	0.444758	0	0.444758	0.444758	0	0.444758	0.444758	0	0	0	0.444758	0.444758	0	0	0.444758	0.444758	0	0	0	0.444758	0.444758	0	0	0.444758	0.444758	0	0.444758	0.444758	0	0	0	0.444758	0.444758	0	0	0	0.444758	0.444758	0	0	0	0.444758	0.444758	0	0	0	0	0.444758	0.444758	0	0	0	0	0	0	0.444758	0.444758	0	0	0	0	0.444758	0.444758	0	0	0	0	0	0.444758	0.444758	0	0	0	0	0	0	0	0	0	0	0	0
2.18347	1.9695	1.83316	1.83316	2.04331	2.13779	2.26665	2.26665	2.26665	2.18347	1.89281	1.83316	1.9882	1.9882	1.83316	1.83316	1.83316	1.67108	1.54831	1.40616	1.40616	1.40616	1.64122	1.83986	1.83316	1.83316	1.67108	1.54831	1.40616	1.40616	1.40616	1.64122	1.83986	1.83316	1.83316	1.83316	1.7575	1.44943	1.40616	1.40616	1.40616	1.60315	1.64122	1.70038	1.83316	1.9882	1.83316	1.67108	1.44943	1.40616	1.60315	1.40616	1.48312	1.61851	1.54831	1.40616	1.40616	1.40616	1.48312	1.83986	1.83316	1.67108	1.44943	1.60315	1.60315	1.48312	1.70038	1.83316	1.9882	1.83316	1.83316	1.9882	1.83316	1.67108	1.54831	1.40616	1.40616	1.64122	1.70038	1.83316	1.9882	1.83316	1.67108	1.44943	1.40616	1.60315	1.64122	1.70038	1.67108	1.54831	1.40616	1.40616	1.40616	1.40616	1.60315	1.34325	1.00676	0.994399	1.25772	0.994399	0.994399	0.994399	1.05471	1.4494	1.40616	1.22795	1.1446	1.25772	0.994399	1.05471	1.26755	1.22795	1.1446	0.994399	0.994399	0.994399	0.994399	0.994399	1.05471	1.26755	1.40616	1.34325	1.00676	1.05471	1.26755	1.22795	1.1446	1.26752	1.26755	1.22795	1.19737	1.26755	1.22795	1.00676	0.994399	1.26752	1.26755	1.22795	1.19737	1.19737	1.00676	1.05471	1.26755	1.22795	1.00676	0.889449	0.994399	0.994399	0.994399	0.994399	0.889449	0.889449	0.994399	0.994399	0.889449	0.994399	0.994399	0.994399	0.994399	0.889449	0.889449	0.994399	0.994399	0.889449	0.994399	0.994399	0.889449	1.05471	1.19737	1.00676	1.05471	1.19737	1.00676	1.05471	1.26755	1.33404	1.40616	1.40616	1.33404	1.48312	1.61851	1.44943	1.33404	1.33404	1.48312	1.61851	1.44943	1.33404	1.48312	1.61851	1.44943	1.33404	1.33404	1.48312	1.61851	1.44943	1.33404	1.48312	1.70038	1.67108	1.61851	1.70038	1.77847	1.67108	1.44943	1.48312	1.70038	1.77847	1.77847	1.77847	1.83316	1.83316	1.77847	1.77847	1.77847	1.91872	2.13779	2.11457	1.89281	1.77847	1.77847	1.91872	2.13779	2.22269	2.11457	1.89281	1.77847	1.77847	1.77847	1.91872	2.13779	2.22269	2.22269	2.11457	1.89281	1.91872	2.13779	2.22269	2.22269	2.22269	2.22269	2.22269	2.35736	2.57729	2.66663	2.66663	2.55809	2.33634	2.22269	2.22269	2.22269	2.22269	2.22269	2.22269	2.22269	2.22269
2.25004	2.04312	1.83299	1.83299	1.96932	2.11438	2.26644	2.26644	2.26644	2.25004	1.91854	1.83299	1.98801	1.98801	1.83299	1.83299	1.83299	1.70022	1.64107	1.40603	1.40603	1.40603	1.54816	1.75734	1.83299	1.83299	1.70022	1.64107	1.40603	1.40603	1.40603	1.54816	1.75734	1.83299	1.83299	1.83299	1.83969	1.48298	1.40603	1.40603	1.40603	1.603	1.54816	1.67092	1.83299	1.98801	1.83299	1.70022	1.48298	1.40603	1.603	1.40603	1.4493	1.61836	1.64107	1.40603	1.40603	1.40603	1.4493	1.75734	1.83299	1.70022	1.48298	1.603	1.603	1.4493	1.67092	1.83299	1.98801	1.83299	1.83299	1.98801	1.83299	1.70022	1.64107	1.40603	1.40603	1.54816	1.67092	1.83299	1.98801	1.83299	1.70022	1.48298	1.40603	1.603	1.54816	1.67092	1.70022	1.64107	1.40603	1.40603	1.40603	1.40603	1.603	1.44926	1.05462	0.994306	1.2576	0.994306	0.994306	0.994306	1.00667	1.34313	1.40603	1.26743	1.2674	1.2576	0.994306	1.00667	1.22783	1.26743	1.2674	0.994306	0.994306	0.994306	0.994306	0.994306	1.00667	1.22783	1.40603	1.44926	1.05462	1.00667	1.22783	1.26743	1.2674	1.14449	1.22783	1.26743	1.19725	1.22783	1.26743	1.05462	0.994306	1.14449	1.22783	1.26743	1.19725	1.19725	1.05462	1.00667	1.22783	1.26743	1.05462	0.889366	0.994306	0.994306	0.994306	0.994306	0.889366	0.889366	0.994306	0.994306	0.889366	0.994306	0.994306	0.994306	0.994306	0.889366	0.889366	0.994306	0.994306	0.889366	0.994306	0.994306	0.889366	1.00667	1.19725	1.05462	1.00667	1.19725	1.05462	1.00667	1.22783	1.33392	1.40603	1.40603	1.33392	1.4493	1.61836	1.48298	1.33392	1.33392	1.4493	1.61836	1.48298	1.33392	1.4493	1.61836	1.48298	1.33392	1.33392	1.4493	1.61836	1.48298	1.33392	1.4493	1.67092	1.70022	1.61836	1.67092	1.7783	1.70022	1.48298	1.4493	1.67092	1.7783	1.7783	1.7783	1.83299	1.83299	1.7783	1.7783	1.7783	1.89263	2.11438	2.13759	1.91854	1.7783	1.7783	1.89263	2.11438	2.22248	2.13759	1.91854	1.7783	1.7783	1.7783	1.89263	2.11438	2.22248	2.22248	2.13759	1.91854	1.89263	2.11438	2.22248	2.22248	2.22248	2.22248	2.22248	2.33612	2.55785	2.66639	2.66639	2.57705	2.35714	2.22248	2.22248	2.22248	2.22248	2.22248	2.22248	2.22248	2.22248
0.889214	0.889214	0.444634	0.444634	0.444634	0	0.444634	0.444634	0.444634	0.889214	0.444634	0.444634	0.889214	0.889214	0.444634	0.444634	0.444634	0.444634	0.889214	0.444634	0.444634	0.444634	0.444634	0.444634	0.444634	0.444634	0.444634	0.889214	0.444634	0.444634	0.444634	0.444634	0.444634	0.444634	0.444634	0.444634	0.889214	0.444634	0.444634	0.444634	0.444634	0.889214	0.444634	0	0.444634	0.889214	0.444634	0.444634	0.444634	0.444634	0.889214	0.444634	0	0.444634	0.889214	0.444634	0.444634	0.444634	0	0.444634	0.444634	0.444634	0.444634	0.889214	0.889214	0	0	0.444634	0.889214	0.444634	0.444634	0.889214	0.444634	0.444634	0.889214	0.444634	0.444634	0.444634	0	0.444634	0.889214	0.444634	0.444634	0.444634	0.444634	0.889214	0.444634	0	0.444634	0.889214	0.444634	0.444634	0.444634	0.444634	0.889214	0.889214	0.444634	0.444634	0.889214	0.444634	0.444634	0.444634	0	0.444634	0.444634	0.444634	0.889214	0.889214	0.444634	0	0	0.444634	0.889214	0.444634	0.444634	0.444634	0.444634	0.444634	0	0	0.444634	0.889214	0.444634	0	0	0.444634	0.889214	0.444634	0	0.444634	0.444634	0	0.444634	0.444634	0.444634	0.444634	0	0.444634	0.444634	0.444634	0.444634	0	0	0.444634	0.444634	0	0.444634	0.444634	0.444634	0.444634	0	0	0.444634	0.444634	0	0.444634	0.444634	0.444634	0.444634	0	0	0.444634	0.444634	0	0.444634	0.444634	0	0	0.444634	0.444634	0	0.444634	0.444634	0	0	0	0.444634	0.444634	0	0	0.444634	0.444634	0	0	0	0.444634	0.444634	0	0	0.444634	0.444634	0	0	0	0.444634	0.444634	0	0	0	0.444634	0.444634	0	0	0.444634	0.444634	0	0	0	0	0	0.444634	0.444634	0	0	0	0	0	0.444634	0.444634	0	0	0	0	0	0.444634	0.444634	0	0	0	0	0	0	0	0.444634	0.444634	0	0	0	0	0	0	0	0	0	0	0	0.444634	0.444634	0	0	0	0	0	0	0	0
0.889131	0.889131	0.444592	0.444592	0.444592	0	0.444592	0.444592	0.444592	0.889131	0.444592	0.444592	0.889131	0.889131	0.444592	0.444592	0.444592	0.444592	0.889131	0.444592	0.444592	0.444592	0.444592	0.444592	0.444592	0.444592	0.444592	0.889131	0.444592	0.444592	0.444592	0.444592	0.444592	0.444592	0.444592	0.444592	0.889131	0.444592	0.444592	0.444592	0.444592	0.889131	0.444592	0	0.444592	0.889131	0.444592	0.444592	0.444592	0.444592	0.889131	0.444592	0	0.444592	0.889131	0.444592	0.444592	0.444592	0	0.444592	0.444592	0.444592	0.444592	0.889131	0.889131	0	0	0.444592	0.889131	0.444592	0.444592	0.889131	0.444592	0.444592	0.889131	0.444592	0.444592	0.444592	0	0.444592	0.889131	0.444592	0.444592	0.444592	0.444592	0.889131	0.444592	0	0.444592	0.889131	0.444592	0.444592	0.444592	0.444592	0.889131	0.889131	0.444592	0.444592	0.889131	0.444592	0.444592	0.444592	0	0.444592	0.444592	0.444592	0.889131	0.889131	0.444592	0	0	0.444592	0.889131	0.444592	0.444592	0.444592	0.444592	0.444592	0	0	0.444592	0.889131	0.444592	0	0	0.444592	0.889131	0.444592	0	0.444592	0.444592	0	0.444592	0.444592	0.444592	0.444592	0	0.444592	0.444592	0.444592	0.444592	0	0	0.444592	0.444592	0	0.444592	0.444592	0.444592	0.444592	0	0	0.444592	0.444592	0	0.444592	0.444592	0.444592	0.444592	0	0	0.444592	0.444592	0	0.444592	0.444592	0	0	0.444592	0.444592	0	0.444592	0.444592	0	0	0	0.444592	0.444592	0	0	0.444592	0.444592	0	0	0	0.444592	0.444592	0	0	0.444592	0.444592	0	0	0	0.444592	0.444592	0	0	0	0.444592	0.444592	0	0	0.444592	0.444592	0	0	0	0	0	0.444592	0.444592	0	0	0	0	0	0.444592	0.444592	0	0	0	0	0	0.444592	0.444592	0	0	0	0	0	0	0	0.444592	0.444592	0	0	0	0	0	0	0	0	0	0	0	0.444592	0.444592	0	0	0	0	0	0	0	0
0.889049	0.889049	0.444551	0.444551	0.444551	0	0.444551	0.444551	0.444551	0.889049	0.444551	0.444551	0.889049	0.889049	0.444551	0.444551	0.444551	0.444551	0.889049	0.444551	0.444551	0.444551	0.444551	0.444551	0.444551	0.444551	0.444551	0.889049	0.444551	0.444551	0.444551	0.444551	0.444551	0.444551	0.444551	0.444551	0.889049	0.444551	0.444551	0.444551	0.444551	0.889049	0.444551	0	0.444551	0.889049	0.444551	0.444551	0.444551	0.444551	0.889049	0.444551	0	0.444551	0.889049	0.444551	0.444551	0.444551	0	0.444551	0.444551	0.444551	0.444551	0.889049	0.889049	0	0	0.444551	0.889049	0.444551	0.444551	0.889049	0.444551	0.444551	0.889049	0.444551	0.444551	0.444551	0	0.444551	0.889049	0.444551	0.444551	0.444551	0.444551	0.889049	0.444551	0	0.444551	0.889049	0.444551	0.444551	0.444551	0.444551	0.889049	0.889049	0.444551	0.444551	0.889049	0.444551	0.444551	0.444551	0	0.444551	0.444551	0.444551	0.889049	0.889049	0.444551	0	0	0.444551	0.889049	0.444551	0.444551	0.444551	0.444551	0.444551	0	0	0.444551	0.889049	0.444551	0	0	0.444551	0.889049	0.444551	0	0.444551	0.444551	0	0.444551	0.444551	0.444551	0.444551	0	0.444551	0.444551	0.444551	0.444551	0	0	0.444551	0.444551	0	0.444551	0.444551	0.444551	0.444551	0	0	0.444551	0.444551	0	0.444551	0.444551	0.444551	0.444551	0	0	0.444551	0.444551	0	0.444551	0.444551	0	0	0.444551	0.444551	0	0.444551	0.444551	0	0	0	0.444551	0.444551	0	0	0.444551	0.444551	0	0	0	0.444551	0.444551	0	0	0.444551	0.444551	0	0	0	0.444551	0.444551	0	0	0	0.444551	0.444551	0	0	0.444551	0.444551	0	0	0	0	0	0.444551	0.444551	0	0	0	0	0	0.444551	0.444551	0	0	0	0	0	0.444551	0.444551	0	0	0	0	0	0	0	0.444551	0.444551	0	0	0	0	0	0	0	0	0	0	0	0.444551	0.444551	0	0	0	0	0	0	0	0
0.888966	0.888966	0.44451	0.44451	0.44451	0	0.44451	0.44451	0.44451	0.888966	0.44451	0.44451	0.888966	0.888966	0.44451	0.44451	0.44451	0.44451	0.888966	0.44451	0.44451	0.44451	0.44451	0.44451	0.44451	0.44451	0.44451	0.888966	0.44451	0.44451	0.44451	0.44451	0.44451	0.44451	0.44451	0.44451	0.888966	0.44451	0.44451	0.44451	0.44451	0.888966	0.44451	0	0.44451	0.888966	0.44451	0.44451	0.44451	0.44451	0.888966	0.44451	0	0.44451	0.888966	0.44451	0.44451	0.44451	0	0.44451	0.44451	0.44451	0.44451	0.888966	0.888966	0	0	0.44451	0.888966	0.44451	0.44451	0.888966	0.44451	0.44451	0.888966	0.44451	0.44451	0.44451	0	0.44451	0.888966	0.44451	0.44451	0.44451	0.44451	0.888966	0.44451	0	0.44451	0.888966	0.44451	0.44451	0.44451	0.44451	0.888966	0.888966	0.44451	0.44451	0.888966	0.44451	0.44451	0.44451	0	0.44451	0.44451	0.44451	0.888966	0.888966	0.44451	0	0	0.44451	0.888966	0.44451	0.44451	0.44451	0.44451	0.44451	0	0	0.44451	0.888966	0.44451	0	0	0.44451	0.888966	0.44451	0	0.44451	0.44451	0	0.44451	0.44451	0.44451	0.44451	0	0.44451	0.44451	0.44451	0.44451	0	0	0.44451	0.44451	0	0.44451	0.44451	0.44451	0.44451	0	0	0.44451	0.44451	0	0.44451	0.44451	0.44451	0.44451	0	0	0.44451	0.44451	0	0.44451	0.44451	0	0	0.44451	0.44451	0	0.44451	0.44451	0	0	0	0.44451	0.44451	0	0	0.44451	0.44451	0	0	0	0.44451	0.44451	0	0	0.44451	0.44451	0	0	0	0.44451	0.44451	0	0	0	0.44451	0.44451	0	0	0.44451	0.44451	0	0	0	0	0	0.44451	0.44451	0	0	0	0	0	0.44451	0.44451	0	0	0	0	0	0.44451	0.44451	0	0	0	0	0	0	0	0.44451	0.44451	0	0	0	0	0	0	0	0	0	0	0	0.44451	0.44451	0	0	0	0	0	0	0	0
0.888869	0.888869	0.444461	0.444461	0.444461	0	0.444461	0.444461	0.444461	0.888869	0.444461	0.444461	0.888869	0.888869	0.444461	0.444461	0.444461	0.444461	0.888869	0.444461	0.444461	0.444461	0.444461	0.444461	0.444461	0.444461	0.444461	0.888869	0.444461	0.444461	0.444461	0.444461	0.444461	0.444461	0.444461	0.444461	0.888869	0.444461	0.444461	0.444461	0.444461	0.888869	0.444461	0	0.444461	0.888869	0.444461	0.444461	0.444461	0.444461	0.888869	0.444461	0	0.444461	0.888869	0.444461	0.444461	0.444461	0	0.444461	0.444461	0.444461	0.444461	0.888869	0.888869	0	0	0.444461	0.888869	0.444461	0.444461	0.888869	0.444461	0.444461	0.888869	0.444461	0.444461	0.444461	0	0.444461	0.888869	0.444461	0.444461	0.444461	0.444461	0.888869	0.444461	0	0.444461	0.888869	0.444461	0.444461	0.444461	0.444461	0.888869	0.888869	0.444461	0.444461	0.888869	0.444461	0.444461	0.444461	0	0.444461	0.444461	0.444461	0.888869	0.888869	0.444461	0	0	0.444461	0.888869	0.444461	0.444461	0.444461	0.444461	0.444461	0	0	0.444461	0.888869	0.444461	0	0	0.444461	0.888869	0.444461	0	0.444461	0.444461	0	0.444461	0.444461	0.444461	0.444461	0	0.444461	0.444461	0.444461	0.444461	0	0	0.444461	0.444461	0	0.444461	0.444461	0.444461	0.444461	0	0	0.444461	0.444461	0	0.444461	0.444461	0.444461	0.444461	0	0	0.444461	0.444461	0	0.444461	0.444461	0	0	0.444461	0.444461	0	0.444461	0.444461	0	0	0	0.444461	0.444461	0	0	0.444461	0.444461	0	0	0	0.444461	0.444461	0	0	0.444461	0.444461	0	0	0	0.444461	0.444461	0	0	0	0.444461	0.444461	0	0	0.444461	0.444461	0	0	0	0	0	0.444461	0.444461	0	0	0	0	0	0.444461	0.444461	0	0	0	0	0	0.444461	0.444461	0	0	0	0	0	0	0	0.444461	0.444461	0	0	0	0	0	0	0	0	0	0	0	0.444461	0.444461	0	0	0	0	0	0	0	0
0.888787	0.888787	0.44442	0.44442	0.44442	0	0.44442	0.44442	0.44442	0.888787	0.44442	0.44442	0.888787	0.888787	0.44442	0.44442	0.44442	0.44442	0.888787	0.44442	0.44442	0.44442	0.44442	0.44442	0.44442	0.44442	0.44442	0.888787	0.44442	0.44442	0.44442	0.44442	0.44442	0.44442	0.44442	0.44442	0.888787	0.44442	0.44442	0.44442	0.44442	0.888787	0.44442	0	0.44442	0.888787	0.44442	0.44442	0.44442	0.44442	0.888787	0.44442	0	0.44442	0.888787	0.44442	0.44442	0.44442	0	0.44442	0.44442	0.44442	0.44442	0.888787	0.888787	0	0	0.44442	0.888787	0.44442	0.44442	0.888787	0.44442	0.44442	0.888787	0.44442	0.44442	0.44442	0	0.44442	0.888787	0.44442	0.44442	0.44442	0.44442	0.888787	0.44442	0	0.44442	0.888787	0.44442	0.44442	0.44442	0.44442	0.888787	0.888787	0.44442	0.44442	0.888787	0.44442	0.44442	0.44442	0	0.44442	0.44442	0.44442	0.888787	0.888787	0.44442	0	0	0.44442	0.888787	0.44442	0.44442	0.44442	0.44442	0.44442	0	0	0.44442	0.888787	0.44442	0	0	0.44442	0.888787	0.44442	0	0.44442	0.44442	0	0.44442	0.44442	0.44442	0.44442	0	0.44442	0.44442	0.44442	0.44442	0	0	0.44442	0.44442	0	0.44442	0.44442	0.44442	0.44442	0	0	0.44442	0.44442	0	0.44442	0.44442	0.44442	0.44442	0	0	0.44442	0.44442	0	0.44442	0.44442	0	0	0.44442	0.44442	0	0.44442	0.44442	0	0	0	0.44442	0.44442	0	0	0.44442	0.44442	0	0	0	0.44442	0.44442	0	0	0.44442	0.44442	0	0	0	0.44442	0.44442	0	0	0	0.44442	0.44442	0	0	0.44442	0.44442	0	0	0	0	0	0.44442	0.44442	0	0	0	0	0	0.44442	0.44442	0	0	0	0	0	0.44442	0.44442	0	0	0	0	0	0	0	0.44442	0.44442	0	0	0	0	0	0	0	0	0	0	0	0.44442	0.44442	0	0	0	0	0	0	0	0
0.888704	0.888704	0.444379	0.444379	0.444379	0	0.444379	0.444379	0.444379	0.888704	0.444379	0.444379	0.888704	0.888704	0.444379	0.444379	0.444379	0.444379	0.888704	0.444379	0.444379	0.444379	0.444379	0.444379	0.444379	0.444379	0.444379	0.888704	0.444379	0.444379	0.444379	0.444379	0.444379	0.444379	0.444379	0.444379	0.888704	0.444379	0.444379	0.444379	0.444379	0.888704	0.444379	0	0.444379	0.888704	0.444379	0.444379	0.444379	0.444379	0.888704	0.444379	0	0.444379	0.888704	0.444379	0.444379	0.444379	0	0.444379	0.444379	0.444379	0.444379	0.888704	0.888704	0	0	0.444379	0.888704	0.444379	0.444379	0.888704	0.444379	0.444379	0.888704	0.444379	0.444379	0.444379	0	0.444379	0.888704	0.444379	0.444379	0.444379	0.444379	0.888704	0.444379	0	0.444379	0.888704	0.444379	0.444379	0.444379	0.444379	0.888704	0.888704	0.444379	0.444379	0.888704	0.444379	0.444379	0.444379	0	0.444379	0.444379	0.444379	0.888704	0.888704	0.444379	0	0	0.444379	0.888704	0.444379	0.444379	0.444379	0.444379	0.444379	0	0	0.444379	0.888704	0.444379	0	0	0.444379	0.888704	0.444379	0	0.444379	0.444379	0	0.444379	0.444379	0.444379	0.444379	0	0.444379	0.444379	0.444379	0.444379	0	0	0.444379	0.444379	0	0.444379	0.444379	0.444379	0.444379	0	0	0.444379	0.444379	0	0.444379	0.444379	0.444379	0.444379	0	0	0.444379	0.444379	0	0.444379	0.444379	0	0	0.444379	0.444379	0	0.444379	0.444379	0	0	0	0.444379	0.444379	0	0	0.444379	0.444379	0	0	0	0.444379	0.444379	0	0	0.444379	0.444379	0	0	0	0.444379	0.444379	0	0	0	0.444379	0.444379	0	0	0.444379	0.444379	0	0	0	0	0	0.444379	0.444379	0	0	0	0	0	0.444379	0.444379	0	0	0	0	0	0.444379	0.444379	0	0	0	0	0	0	0	0.444379	0.444379	0	0	0	0	0	0	0	0	0	0	0	0.444379	0.444379	0	0	0	0	0	0	0	0
0.888621	0.888621	0.444337	0.444337	0.444337	0	0.444337	0.444337	0.444337	0.888621	0.444337	0.444337	0.888621	0.888621	0.444337	0.444337	0.444337	0.444337	0.888621	0.444337	0.444337	0.444337	0.444337	0.444337	0.444337	0.444337	0.444337	0.888621	0.444337	0.444337	0.444337	0.444337	0.444337	0.444337	0.444337	0.444337	0.888621	0.444337	0.444337	0.444337	0.444337	0.888621	0.444337	0	0.444337	0.888621	0.444337	0.444337	0.444337	0.444337	0.888621	0.444337	0	0.444337	0.888621	0.444337	0.444337	0.444337	0	0.444337	0.444337	0.444337	0.444337	0.888621	0.888621	0	0	0.444337	0.888621	0.444337	0.444337	0.888621	0.444337	0.444337	0.888621	0.444337	0.444337	0.444337	0	0.444337	0.888621	0.444337	0.444337	0.444337	0.444337	0.888621	0.444337	0	0.444337	0.888621	0.444337	0.444337	0.444337	0.444337	0.888621	0.888621	0.444337	0.444337	0.888621	0.444337	0.444337	0.444337	0	0.444337	0.444337	0.444337	0.888621	0.888621	0.444337	0	0	0.444337	0.888621	0.444337	0.444337	0.444337	0.444337	0.444337	0	0	0.444337	0.888621	0.444337	0	0	0.444337	0.888621	0.444337	0	0.444337	0.444337	0	0.444337	0.444337	0.444337	0.444337	0	0.444337	0.444337	0.444337	0.444337	0	0	0.444337	0.444337	0	0.444337	0.444337	0.444337	0.444337	0	0	0.444337	0.444337	0	0.444337	0.444337	0.444337	0.444337	0	0	0.444337	0.444337	0	0.444337	0.444337	0	0	0.444337	0.444337	0	0.444337	0.444337	0	0	0	0.444337	0.444337	0	0	0.444337	0.444337	0	0	0	0.444337	0.444337	0	0	0.444337	0.444337	0	0	0	0.444337	0.444337	0	0	0	0.444337	0.444337	0	0	0.444337	0.444337	0	0	0	0	0	0.444337	0.444337	0	0	0	0	0	0.444337	0.444337	0	0	0	0	0	0.444337	0.444337	0	0	0	0	0	0	0	0.444337	0.444337	0	0	0	0	0	0	0	0	0	0	0	0.444337	0.444337	0	0	0	0	0	0	0	0
0.888539	0.888539	0.444296	0.444296	0.444296	0	0.444296	0.444296	0.444296	0.888539	0.444296	0.444296	0.888539	0.888539	0.444296	0.444296	0.444296	0.444296	0.888539	0.444296	0.444296	0.444296	0.444296	0.444296	0.444296	0.444296	0.444296	0.888539	0.444296	0.444296	0.444296	0.444296	0.444296	0.444296	0.444296	0.444296	0.888539	0.444296	0.444296	0.444296	0.444296	0.888539	0.444296	0	0.444296	0.888539	0.444296	0.444296	0.444296	0.444296	0.888539	0.444296	0	0.444296	0.888539	0.444296	0.444296	0.444296	0	0.444296	0.444296	0.444296	0.444296	0.888539	0.888539	0	0	0.444296	0.888539	0.444296	0.444296	0.888539	0.444296	0.444296	0.888539	0.444296	0.444296	0.444296	0	0.444296	0.888539	0.444296	0.444296	0.444296	0.444296	0.888539	0.444296	0	0.444296	0.888539	0.444296	0.444296	0.444296	0.444296	0.888539	0.888539	0.444296	0.444296	0.888539	0.444296	0.444296	0.444296	0	0.444296	0.444296	0.444296	0.888539	0.888539	0.444296	0	0	0.444296	0.888539	0.444296	0.444296	0.444296	0.444296	0.444296	0	0	0.444296	0.888539	0.444296	0	0	0.444296	0.888539	0.444296	0	0.444296	0.444296	0	0.444296	0.444296	0.444296	0.444296	0	0.444296	0.444296	0.444296	0.444296	0	0	0.444296	0.444296	0	0.444296	0.444296	0.444296	0.444296	0	0	0.444296	0.444296	0	0.444296	0.444296	0.444296	0.444296	0	0	0.444296	0.444296	0	0.444296	0.444296	0	0	0.444296	0.444296	0	0.444296	0.444296	0	0	0	0.444296	0.444296	0	0	0.444296	0.444296	0	0	0	0.444296	0.444296	0	0	0.444296	0.444296	0	0	0	0.444296	0.444296	0	0	0	0.444296	0.444296	0	0	0.444296	0.444296	0	0	0	0	0	0.444296	0.444296	0	0	0	0	0	0.444296	0.444296	0	0	0	0	0	0.444296	0.444296	0	0	0	0	0	0	0	0.444296	0.444296	0	0	0	0	0	0	0	0	0	0	0	0.444296	0.444296	0	0	0	0	0	0	0	0
0.888456	0.888456	0.444255	0.444255	0.444255	0	0.444255	0.444255	0.444255	0.888456	0.444255	0.444255	0.888456	0.888456	0.444255	0.444255	0.444255	0.444255	0.888456	0.444255	0.444255	0.444255	0.444255	0.444255	0.444255	0.444255	0.444255	0.888456	0.444255	0.444255	0.444255	0.444255	0.444255	0.444255	0.444255	0.444255	0.888456	0.444255	0.444255	0.444255	0.444255	0.888456	0.444255	0	0.444255	0.888456	0.444255	0.444255	0.444255	0.444255	0.888456	0.444255	0	0.444255	0.888456	0.444255	0.444255	0.444255	0	0.444255	0.444255	0.444255	0.444255	0.888456	0.888456	0	0	0.444255	0.888456	0.444255	0.444255	0.888456	0.444255	0.444255	0.888456	0.444255	0.444255	0.444255	0	0.444255	0.888456	0.444255	0.444255	0.444255	0.444255	0.888456	0.444255	0	0.444255	0.888456	0.444255	0.444255	0.444255	0.444255	0.888456	0.888456	0.444255	0.444255	0.888456	0.444255	0.444255	0.444255	0	0.444255	0.444255	0.444255	0.888456	0.888456	0.444255	0	0	0.444255	0.888456	0.444255	0.444255	0.444255	0.444255	0.444255	0	0	0.444255	0.888456	0.444255	0	0	0.444255	0.888456	0.444255	0	0.444255	0.444255	0	0.444255	0.444255	0.444255	0.444255	0	0.444255	0.444255	0.444255	0.444255	0	0	0.444255	0.444255	0	0.444255	0.444255	0.444255	0.444255	0	0	0.444255	0.444255	0	0.444255	0.444255	0.444255	0.444255	0	0	0.444255	0.444255	0	0.444255	0.444255	0	0	0.444255	0.444255	0	0.444255	0.444255	0	0	0	0.444255	0.444255	0	0	0.444255	0.444255	0	0	0	0.444255	0.444255	0	0	0.444255	0.444255	0	0	0	0.444255	0.444255	0	0	0	0.444255	0.444255	0	0	0.444255	0.444255	0	0	0	0	0	0.444255	0.444255	0	0	0	0	0	0.444255	0.444255	0	0	0	0	0	0.444255	0.444255	0	0	0	0	0	0	0	0.444255	0.444255	0	0	0	0	0	0	0	0	0	0	0	0.444255	0.444255	0	0	0	0	0	0	0	0
0.888373	0.888373	0.444213	0.444213	0.444213	0	0.444213	0.444213	0.444213	0.888373	0.444213	0.444213	0.888373	0.888373	0.444213	0.444213	0.444213	0.444213	0.888373	0.444213	0.444213	0.444213	0.444213	0.444213	0.444213	0.444213	0.444213	0.888373	0.444213	0.444213	0.444213	0.444213	0.444213	0.444213	0.444213	0.444213	0.888373	0.444213	0.444213	0.444213	0.444213	0.888373	0.444213	0	0.444213	0.888373	0.444213	0.444213	0.444213	0.444213	0.888373	0.444213	0	0.444213	0.888373	0.444213	0.444213	0.444213	0	0.444213	0.444213	0.444213	0.444213	0.888373	0.888373	0	0	0.444213	0.888373	0.444213	0.444213	0.888373	0.444213	0.444213	0.888373	0.444213	0.444213	0.444213	0	0.444213	0.888373	0.444213	0.444213	0.444213	0.444213	0.888373	0.444213	0	0.444213	0.888373	0.444213	0.444213	0.444213	0.444213	0.888373	0.888373	0.444213	0.444213	0.888373	0.444213	0.444213	0.444213	0	0.444213	0.444213	0.444213	0.888373	0.888373	0.444213	0	0	0.444213	0.888373	0.444213	0.444213	0.444213	0.444213	0.444213	0	0	0.444213	0.888373	0.444213	0	0	0.444213	0.888373	0.444213	0	0.444213	0.444213	0	0.444213	0.444213	0.444213	0.444213	0	0.444213	0.444213	0.444213	0.444213	0	0	0.444213	0.444213	0	0.444213	0.444213	0.444213	0.444213	0	0	0.444213	0.444213	0	0.444213	0.444213	0.444213	0.444213	0	0	0.444213	0.444213	0	0.444213	0.444213	0	0	0.444213	0.444213	0	0.444213	0.444213	0	0	0	0.444213	0.444213	0	0	0.444213	0.444213	0	0	0	0.444213	0.444213	0	0	0.444213	0.444213	0	0	0	0.444213	0.444213	0	0	0	0.444213	0.444213	0	0	0.444213	0.444213	0	0	0	0	0	0.444213	0.444213	0	0	0	0	0	0.444213	0.444213	0	0	0	0	0	0.444213	0.444213	0	0	0	0	0	0	0	0.444213	0.444213	0	0	0	0	0	0	0	0	0	0	0	0.444213	0.444213	0	0	0	0	0	0	0	0
1.98573	1.98573	1.83089	1.83089	1.75532	1.44763	1.48128	1.69827	1.83089	1.98573	1.83089	1.83089	1.98573	1.98573	1.83089	1.83089	1.83089	1.83089	1.98573	1.83089	1.83089	1.83089	1.75532	1.54639	1.40442	1.40442	1.40442	1.60116	1.40442	1.40442	1.40442	1.40442	1.40442	1.40442	1.40442	1.40442	1.60116	1.40442	1.40442	1.40442	1.40442	1.60116	1.40442	1.33239	1.40442	1.60116	1.40442	1.40442	1.40442	1.40442	1.60116	1.40442	1.22642	1.14318	1.25616	0.993165	1.05341	1.26598	1.22642	1.14318	0.993165	0.993165	0.993165	1.26595	1.4476	1.22642	1.00552	0.993165	1.25616	0.993165	1.05341	1.4476	1.40442	1.40442	1.60116	1.40442	1.40442	1.34158	1.00552	0.993165	1.25616	0.993165	0.993165	0.993165	0.993165	1.25616	0.955193	0.566237	0.628156	0.993119	0.628156	0.628156	0.628156	0.628156	0.993119	0.993119	0.628156	0.628156	0.993119	0.628156	0.628156	0.628156	0.35117	0.496597	0.471125	0.628156	0.955169	1.09918	0.993165	0.785207	0.566237	0.647499	1.09918	0.993165	1.05341	1.26598	1.34158	1.14318	0.888346	0.888346	0.993165	1.26595	1.26598	1.22642	1.00552	0.993165	1.26595	1.19588	1.00552	0.993165	0.993165	0.888346	0.993165	0.993165	0.993165	0.993165	0.888346	0.993165	0.993165	0.993165	0.993165	0.888346	0.888346	0.993165	0.993165	0.888346	0.993165	0.993165	0.993165	0.993165	0.888346	0.888346	0.993165	0.993165	0.888346	0.993165	0.993165	0.993165	0.993165	0.888346	0.888346	0.993165	0.993165	0.888346	1.05341	1.26598	1.22642	1.00552	0.993165	0.993165	0.888346	1.05341	1.26598	1.33239	1.33239	1.22642	1.19588	1.26598	1.33239	1.33239	1.40442	1.40442	1.33239	1.33239	1.33239	1.48128	1.69827	1.66901	1.44763	1.48128	1.69827	1.66901	1.44763	1.33239	1.48128	1.69827	1.77626	1.66901	1.44763	1.48128	1.69827	1.77626	1.77626	1.91634	2.13514	2.11195	1.89046	1.77626	1.77626	1.77626	1.91634	2.13514	2.21993	2.21993	2.21993	2.11195	1.89046	1.91634	2.13514	2.21993	2.21993	2.21993	2.21993	2.21993	2.26384	2.26384	2.21993	2.21993	2.21993	2.21993	2.21993	2.21993	2.11195	2.04682	2.13514	2.21993	2.21993	2.21993	2.21993	2.21993	2.21993	2.21993	2.11195	1.89046	1.77626	1.77626	1.91634	2.13514	2.21993	2.21993	2.21993	2.21993	2.21993	2.11195	1.89046	1.77626
1.98555	1.98555	1.83072	1.83072	1.83741	1.48115	1.4475	1.66885	1.83072	1.98555	1.83072	1.83072	1.98555	1.98555	1.83072	1.83072	1.83072	1.83072	1.98555	1.83072	1.83072	1.83072	1.83741	1.63904	1.40429	1.40429	1.40429	1.60101	1.40429	1.40429	1.40429	1.40429	1.40429	1.40429	1.40429	1.40429	1.60101	1.40429	1.40429	1.40429	1.40429	1.60101	1.40429	1.33226	1.40429	1.60101	1.40429	1.40429	1.40429	1.40429	1.60101	1.40429	1.26586	1.26583	1.25604	0.993073	1.00542	1.22631	1.26586	1.26583	0.993073	0.993073	0.993073	1.14307	1.34146	1.26586	1.05331	0.993073	1.25604	0.993073	1.00542	1.34146	1.40429	1.40429	1.60101	1.40429	1.40429	1.44747	1.05331	0.993073	1.25604	0.993073	0.993073	0.993073	0.993073	1.25604	1.09908	0.647438	0.628098	0.993027	0.628098	0.628098	0.628098	0.628098	0.993027	0.993027	0.628098	0.628098	0.993027	0.628098	0.628098	0.628098	0.471081	0.496551	0.351138	0.628098	0.785104	0.955104	0.993073	0.845597	0.647438	0.566184	0.955104	0.993073	1.00542	1.22631	1.44747	1.26583	0.888263	0.888263	0.993073	1.14307	1.22631	1.26586	1.05331	0.993073	1.14307	1.19577	1.05331	0.993073	0.993073	0.888263	0.993073	0.993073	0.993073	0.993073	0.888263	0.993073	0.993073	0.993073	0.993073	0.888263	0.888263	0.993073	0.993073	0.888263	0.993073	0.993073	0.993073	0.993073	0.888263	0.888263	0.993073	0.993073	0.888263	0.993073	0.993073	0.993073	0.993073	0.888263	0.888263	0.993073	0.993073	0.888263	1.00542	1.22631	1.26586	1.05331	0.993073	0.993073	0.888263	1.00542	1.22631	1.33226	1.33226	1.26586	1.19577	1.22631	1.33226	1.33226	1.40429	1.40429	1.33226	1.33226	1.33226	1.4475	1.66885	1.69811	1.48115	1.4475	1.66885	1.69811	1.48115	1.33226	1.4475	1.66885	1.7761	1.69811	1.48115	1.4475	1.66885	1.7761	1.7761	1.89029	2.11176	2.13494	1.91616	1.7761	1.7761	1.7761	1.89029	2.11176	2.21972	2.21972	2.21972	2.13494	1.91616	1.89029	2.11176	2.21972	2.21972	2.21972	2.21972	2.21972	2.26363	2.26363	2.21972	2.21972	2.21972	2.21972	2.21972	2.21972	2.13494	2.04663	2.11176	2.21972	2.21972	2.21972	2.21972	2.21972	2.21972	2.21972	2.13494	1.91616	1.7761	1.7761	1.89029	2.11176	2.21972	2.21972	2.21972	2.21972	2.21972	2.13494	1.91616	1.7761
0.888112	0.888112	0.444082	0.444082	0.888112	0.444082	0	0	0.444082	0.888112	0.444082	0.444082	0.888112	0.888112	0.444082	0.444082	0.444082	0.444082	0.888112	0.444082	0.444082	0.444082	0.888112	0.888112	0.444082	0.444082	0.444082	0.888112	0.444082	0.444082	0.444082	0.444082	0.444082	0.444082	0.444082	0.444082	0.888112	0.444082	0.444082	0.444082	0.444082	0.888112	0.444082	0	0.444082	0.888112	0.444082	0.444082	0.444082	0.444082	0.888112	0.444082	0.444082	0.888112	0.888112	0.444082	0	0	0.444082	0.888112	0.444082	0.444082	0.444082	0.444082	0.444082	0.444082	0.444082	0.444082	0.888112	0.444082	0	0.444082	0.444082	0.444082	0.888112	0.444082	0.444082	0.888112	0.444082	0.444082	0.888112	0.444082	0.444082	0.444082	0.444082	0.888112	0.888112	0.444082	0.444082	0.888112	0.444082	0.444082	0.444082	0.444082	0.888112	0.888112	0.444082	0.444082	0.888112	0.444082	0.444082	0.444082	0.444082	0.444082	0	0.444082	0.444082	0.444082	0.444082	0.444082	0.444082	0	0.444082	0.444082	0	0	0.888112	0.888112	0	0	0.444082	0.444082	0	0.444082	0.444082	0.444082	0.444082	0.444082	0.444082	0.444082	0.444082	0	0.444082	0.444082	0.444082	0.444082	0	0.444082	0.444082	0.444082	0.444082	0	0	0.444082	0.444082	0	0.444082	0.444082	0.444082	0.444082	0	0	0.444082	0.444082	0	0.444082	0.444082	0.444082	0.444082	0	0	0.444082	0.444082	0	0	0	0.444082	0.444082	0.444082	0.444082	0	0	0	0	0	0.444082	0.444082	0	0	0	0.444082	0.444082	0	0	0	0	0	0.444082	0.444082	0	0	0.444082	0.444082	0	0	0	0	0.444082	0.444082	0	0	0	0	0	0	0.444082	0.444082	0	0	0	0	0	0	0	0	0.444082	0.444082	0	0	0	0	0	0	0	0.444082	0.444082	0	0	0	0	0	0	0.444082	0.444082	0	0	0	0	0	0	0	0	0.444082	0.444082	0	0	0	0	0	0	0	0	0	0.444082	0.444082	0
0.888029	0.888029	0.444041	0.444041	0.888029	0.444041	0	0	0.444041	0.888029	0.444041	0.444041	0.888029	0.888029	0.444041	0.444041	0.444041	0.444041	0.888029	0.444041	0.444041	0.444041	0.888029	0.888029	0.444041	0.444041	0.444041	0.888029	0.444041	0.444041	0.444041	0.444041	0.444041	0.444041	0.444041	0.444041	0.888029	0.444041	0.444041	0.444041	0.444041	0.888029	0.444041	0	0.444041	0.888029	0.444041	0.444041	0.444041	0.444041	0.888029	0.444041	0.444041	0.888029	0.888029	0.444041	0	0	0.444041	0.888029	0.444041	0.444041	0.444041	0.444041	0.444041	0.444041	0.444041	0.444041	0.888029	0.444041	0	0.444041	0.444041	0.444041	0.888029	0.444041	0.444041	0.888029	0.444041	0.444041	0.888029	0.444041	0.444041	0.444041	0.444041	0.888029	0.888029	0.444041	0.444041	0.888029	0.444041	0.444041	0.444041	0.444041	0.888029	0.888029	0.444041	0.444041	0.888029	0.444041	0.444041	0.444041	0.444041	0.444041	0	0.444041	0.444041	0.444041	0.444041	0.444041	0.444041	0	0.444041	0.444041	0	0	0.888029	0.888029	0	0	0.444041	0.444041	0	0.444041	0.444041	0.444041	0.444041	0.444041	0.444041	0.444041	0.444041	0	0.444041	0.444041	0.444041	0.444041	0	0.444041	0.444041	0.444041	0.444041	0	0	0.444041	0.444041	0	0.444041	0.444041	0.444041	0.444041	0	0	0.444041	0.444041	0	0.444041	0.444041	0.444041	0.444041	0	0	0.444041	0.444041	0	0	0	0.444041	0.444041	0.444041	0.444041	0	0	0	0	0	0.444041	0.444041	0	0	0	0.444041	0.444041	0	0	0	0	0	0.444041	0.444041	0	0	0.444041	0.444041	0	0	0	0	0.444041	0.444041	0	0	0	0	0	0	0.444041	0.444041	0	0	0	0	0	0	0	0	0.444041	0.444041	0	0	0	0	0	0	0	0.444041	0.444041	0	0	0	0	0	0	0.444041	0.444041	0	0	0	0	0	0	0	0	0.444041	0.444041	0	0	0	0	0	0	0	0	0	0.444041	0.444041	0
0.887946	0.887946	0.444	0.444	0.887946	0.444	0	0	0.444	0.887946	0.444	0.444	0.887946	0.887946	0.444	0.444	0.444	0.444	0.887946	0.444	0.444	0.444	0.887946	0.887946	0.444	0.444	0.444	0.887946	0.444	0.444	0.444	0.444	0.444	0.444	0.444	0.444	0.887946	0.444	0.444	0.444	0.444	0.887946	0.444	0	0.444	0.887946	0.444	0.444	0.444	0.444	0.887946	0.444	0.444	0.887946	0.887946	0.444	0	0	0.444	0.887946	0.444	0.444	0.444	0.444	0.444	0.444	0.444	0.444	0.887946	0.444	0	0.444	0.444	0.444	0.887946	0.444	0.444	0.887946	0.444	0.444	0.887946	0.444	0.444	0.444	0.444	0.887946	0.887946	0.444	0.444	0.887946	0.444	0.444	0.444	0.444	0.887946	0.887946	0.444	0.444	0.887946	0.444	0.444	0.444	0.444	0.444	0	0.444	0.444	0.444	0.444	0.444	0.444	0	0.444	0.444	0	0	0.887946	0.887946	0	0	0.444	0.444	0	0.444	0.444	0.444	0.444	0.444	0.444	0.444	0.444	0	0.444	0.444	0.444	0.444	0	0.444	0.444	0.444	0.444	0	0	0.444	0.444	0	0.444	0.444	0.444	0.444	0	0	0.444	0.444	0	0.444	0.444	0.444	0.444	0	0	0.444	0.444	0	0	0	0.444	0.444	0.444	0.444	0	0	0	0	0	0.444	0.444	0	0	0	0.444	0.444	0	0	0	0	0	0.444	0.444	0	0	0.444	0.444	0	0	0	0	0.444	0.444	0	0	0	0	0	0	0.444	0.444	0	0	0	0	0	0	0	0	0.444	0.444	0	0	0	0	0	0	0	0.444	0.444	0	0	0	0	0	0	0.444	0.444	0	0	0	0	0	0	0	0	0.444	0.444	0	0	0	0	0	0	0	0	0	0.444	0.444	0
0.887864	0.887864	0.443959	0.443959	0.887864	0.443959	0	0	0.443959	0.887864	0.443959	0.443959	0.887864	0.887864	0.443959	0.443959	0.443959	0.443959	0.887864	0.443959	0.443959	0.443959	0.887864	0.887864	0.443959	0.443959	0.443959	0.887864	0.443959	0.443959	0.443959	0.443959	0.443959	0.443959	0.443959	0.443959	0.887864	0.443959	0.443959	0.443959	0.443959	0.887864	0.443959	0	0.443959	0.887864	0.443959	0.443959	0.443959	0.443959	0.887864	0.443959	0.443959	0.887864	0.887864	0.443959	0	0	0.443959	0.887864	0.443959	0.443959	0.443959	0.443959	0.443959	0.443959	0.443959	0.443959	0.887864	0.443959	0	0.443959	0.443959	0.443959	0.887864	0.443959	0.443959	0.887864	0.443959	0.443959	0.887864	0.443959	0.443959	0.443959	0.443959	0.887864	0.887864	0.443959	0.443959	0.887864	0.443959	0.443959	0.443959	0.443959	0.887864	0.887864	0.443959	0.443959	0.887864	0.443959	0.443959	0.443959	0.443959	0.443959	0	0.443959	0.443959	0.443959	0.443959	0.443959	0.443959	0	0.443959	0.443959	0	0	0.887864	0.887864	0	0	0.443959	0.443959	0	0.443959	0.443959	0.443959	0.443959	0.443959	0.443959	0.443959	0.443959	0	0.443959	0.443959	0.443959	0.443959	0	0.443959	0.443959	0.443959	0.443959	0	0	0.443959	0.443959	0	0.443959	0.443959	0.443959	0.443959	0	0	0.443959	0.443959	0	0.443959	0.443959	0.443959	0.443959	0	0	0.443959	0.443959	0	0	0	0.443959	0.443959	0.443959	0.443959	0	0	0	0	0	0.443959	0.443959	0	0	0	0.443959	0.443959	0	0	0	0	0	0.443959	0.443959	0	0	0.443959	0.443959	0	0	0	0	0.443959	0.443959	0	0	0	0	0	0	0.443959	0.443959	0	0	0	0	0	0	0	0	0.443959	0.443959	0	0	0	0	0	0	0	0.443959	0.443959	0	0	0	0	0	0	0.443959	0.443959	0	0	0	0	0	0	0	0	0.443959	0.443959	0	0	0	0	0	0	0	0	0	0.443959	0.443959	0
0.887768	0.887768	0.44391	0.44391	0.887768	0.44391	0	0	0.44391	0.887768	0.44391	0.44391	0.887768	0.887768	0.44391	0.44391	0.44391	0.44391	0.887768	0.44391	0.44391	0.44391	0.887768	0.887768	0.44391	0.44391	0.44391	0.887768	0.44391	0.44391	0.44391	0.44391	0.44391	0.44391	0.44391	0.44391	0.887768	0.44391	0.44391	0.44391	0.44391	0.887768	0.44391	0	0.44391	0.887768	0.44391	0.44391	0.44391	0.44391	0.887768	0.44391	0.44391	0.887768	0.887768	0.44391	0	0	0.44391	0.887768	0.44391	0.44391	0.44391	0.44391	0.44391	0.44391	0.44391	0.44391	0.887768	0.44391	0	0.44391	0.44391	0.44391	0.887768	0.44391	0.44391	0.887768	0.44391	0.44391	0.887768	0.44391	0.44391	0.44391	0.44391	0.887768	0.887768	0.44391	0.44391	0.887768	0.44391	0.44391	0.44391	0.44391	0.887768	0.887768	0.44391	0.44391	0.887768	0.44391	0.44391	0.44391	0.44391	0.44391	0	0.44391	0.44391	0.44391	0.44391	0.44391	0.44391	0	0.44391	0.44391	0	0	0.887768	0.887768	0	0	0.44391	0.44391	0	0.44391	0.44391	0.44391	0.44391	0.44391	0.44391	0.44391	0.44391	0	0.44391	0.44391	0.44391	0.44391	0	0.44391	0.44391	0.44391	0.44391	0	0	0.44391	0.44391	0	0.44391	0.44391	0.44391	0.44391	0	0	0.44391	0.44391	0	0.44391	0.44391	0.44391	0.44391	0	0	0.44391	0.44391	0	0	0	0.44391	0.44391	0.44391	0.44391	0	0	0	0	0	0.44391	0.44391	0	0	0	0.44391	0.44391	0	0	0	0	0	0.44391	0.44391	0	0	0.44391	0.44391	0	0	0	0	0.44391	0.44391	0	0	0	0	0	0	0.44391	0.44391	0	0	0	0	0	0	0	0	0.44391	0.44391	0	0	0	0	0	0	0	0.44391	0.44391	0	0	0	0	0	0	0.44391	0.44391	0	0	0	0	0	0	0	0	0.44391	0.44391	0	0	0	0	0	0	0	0	0	0.44391	0.44391	0
0.887685	0.887685	0.443869	0.443869	0.887685	0.443869	0	0	0.443869	0.887685	0.443869	0.443869	0.887685	0.887685	0.443869	0.443869	0.443869	0.443869	0.887685	0.443869	0.443869	0.443869	0.887685	0.887685	0.443869	0.443869	0.443869	0.887685	0.443869	0.443869	0.443869	0.443869	0.443869	0.443869	0.443869	0.443869	0.887685	0.443869	0.443869	0.443869	0.443869	0.887685	0.443869	0	0.443869	0.887685	0.443869	0.443869	0.443869	0.443869	0.887685	0.443869	0.443869	0.887685	0.887685	0.443869	0	0	0.443869	0.887685	0.443869	0.443869	0.443869	0.443869	0.443869	0.443869	0.443869	0.443869	0.887685	0.443869	0	0.443869	0.443869	0.443869	0.887685	0.443869	0.443869	0.887685	0.443869	0.443869	0.887685	0.443869	0.443869	0.443869	0.443869	0.887685	0.887685	0.443869	0.443869	0.887685	0.443869	0.443869	0.443869	0.443869	0.887685	0.887685	0.443869	0.443869	0.887685	0.443869	0.443869	0.443869	0.443869	0.443869	0	0.443869	0.443869	0.443869	0.443869	0.443869	0.443869	0	0.443869	0.443869	0	0	0.887685	0.887685	0	0	0.443869	0.443869	0	0.443869	0.443869	0.443869	0.443869	0.443869	0.443869	0.443869	0.443869	0	0.443869	0.443869	0.443869	0.443869	0	0.443869	0.443869	0.443869	0.443869	0	0	0.443869	0.443869	0	0.443869	0.443869	0.443869	0.443869	0	0	0.443869	0.443869	0	0.443869	0.443869	0.443869	0.443869	0	0	0.443869	0.443869	0	0	0	0.443869	0.443869	0.443869	0.443869	0	0	0	0	0	0.443869	0.443869	0	0	0	0.443869	0.443869	0	0	0	0	0	0.443869	0.443869	0	0	0.443869	0.443869	0	0	0	0	0.443869	0.443869	0	0	0	0	0	0	0.443869	0.443869	0	0	0	0	0	0	0	0	0.443869	0.443869	0	0	0	0	0	0	0	0.443869	0.443869	0	0	0	0	0	0	0.443869	0.443869	0	0	0	0	0	0	0	0	0.443869	0.443869	0	0	0	0	0	0	0	0	0	0.443869	0.443869	0
0.887603	0.887603	0.443828	0.443828	0.887603	0.443828	0	0	0.443828	0.887603	0.443828	0.443828	0.887603	0.887603	0.443828	0.443828	0.443828	0.443828	0.887603	0.443828	0.443828	0.443828	0.887603	0.887603	0.443828	0.443828	0.443828	0.887603	0.443828	0.443828	0.443828	0.443828	0.443828	0.443828	0.443828	0.443828	0.887603	0.443828	0.443828	0.443828	0.443828	0.887603	0.443828	0	0.443828	0.887603	0.443828	0.443828	0.443828	0.443828	0.887603	0.443828	0.443828	0.887603	0.887603	0.443828	0	0	0.443828	0.887603	0.443828	0.443828	0.443828	0.443828	0.443828	0.443828	0.443828	0.443828	0.887603	0.443828	0	0.443828	0.443828	0.443828	0.887603	0.443828	0.443828	0.887603	0.443828	0.443828	0.887603	0.443828	0.443828	0.443828	0.443828	0.887603	0.887603	0.443828	0.443828	0.887603	0.443828	0.443828	0.443828	0.443828	0.887603	0.887603	0.443828	0.443828	0.887603	0.443828	0.443828	0.443828	0.443828	0.443828	0	0.443828	0.443828	0.443828	0.443828	0.443828	0.443828	0	0.443828	0.443828	0	0	0.887603	0.887603	0	0	0.443828	0.443828	0	0.443828	0.443828	0.443828	0.443828	0.443828	0.443828	0.443828	0.443828	0	0.443828	0.443828	0.443828	0.443828	0	0.443828	0.443828	0.443828	0.443828	0	0	0.443828	0.443828	0	0.443828	0.443828	0.443828	0.443828	0	0	0.443828	0.443828	0	0.443828	0.443828	0.443828	0.443828	0	0	0.443828	0.443828	0	0	0	0.443828	0.443828	0.443828	0.443828	0	0	0	0	0	0.443828	0.443828	0	0	0	0.443828	0.443828	0	0	0	0	0	0.443828	0.443828	0	0	0.443828	0.443828	0	0	0	0	0.443828	0.443828	0	0	0	0	0	0	0.443828	0.443828	0	0	0	0	0	0	0	0	0.443828	0.443828	0	0	0	0	0	0	0	0.443828	0.443828	0	0	0	0	0	0	0.443828	0.443828	0	0	0	0	0	0	0	0	0.443828	0.443828	0	0	0	0	0	0	0	0	0	0.443828	0.443828	0
0.88752	0.88752	0.443787	0.443787	0.88752	0.443787	0	0	0.443787	0.88752	0.443787	0.443787	0.88752	0.88752	0.443787	0.443787	0.443787	0.443787	0.88752	0.443787	0.443787	0.443787	0.88752	0.88752	0.443787	0.443787	0.443787	0.88752	0.443787	0.443787	0.443787	0.443787	0.443787	0.443787	0.443787	0.443787	0.88752	0.443787	0.443787	0.443787	0.443787	0.88752	0.443787	0	0.443787	0.88752	0.443787	0.443787	0.443787	0.443787	0.88752	0.443787	0.443787	0.88752	0.88752	0.443787	0	0	0.443787	0.88752	0.443787	0.443787	0.443787	0.443787	0.443787	0.443787	0.443787	0.443787	0.88752	0.443787	0	0.443787	0.443787	0.443787	0.88752	0.443787	0.443787	0.88752	0.443787	0.443787	0.88752	0.443787	0.443787	0.443787	0.443787	0.88752	0.88752	0.443787	0.443787	0.88752	0.443787	0.443787	0.443787	0.443787	0.88752	0.88752	0.443787	0.443787	0.88752	0.443787	0.443787	0.443787	0.443787	0.443787	0	0.443787	0.443787	0.443787	0.443787	0.443787	0.443787	0	0.443787	0.443787	0	0	0.88752	0.88752	0	0	0.443787	0.443787	0	0.443787	0.443787	0.443787	0.443787	0.443787	0.443787	0.443787	0.443787	0	0.443787	0.443787	0.443787	0.443787	0	0.443787	0.443787	0.443787	0.443787	0	0	0.443787	0.443787	0	0.443787	0.443787	0.443787	0.443787	0	0	0.443787	0.443787	0	0.443787	0.443787	0.443787	0.443787	0	0	0.443787	0.443787	0	0	0	0.443787	0.443787	0.443787	0.443787	0	0	0	0	0	0.443787	0.443787	0	0	0	0.443787	0.443787	0	0	0	0	0	0.443787	0.443787	0	0	0.443787	0.443787	0	0	0	0	0.443787	0.443787	0	0	0	0	0	0	0.443787	0.443787	0	0	0	0	0	0	0	0	0.443787	0.443787	0	0	0	0	0	0	0	0.443787	0.443787	0	0	0	0	0	0	0.443787	0.443787	0	0	0	0	0	0	0	0	0.443787	0.443787	0	0	0	0	0	0	0	0	0	0.443787	0.443787	0
0.887438	0.887438	0.443745	0.443745	0.887438	0.443745	0	0	0.443745	0.887438	0.443745	0.443745	0.887438	0.887438	0.443745	0.443745	0.443745	0.443745	0.887438	0.443745	0.443745	0.443745	0.887438	0.887438	0.443745	0.443745	0.443745	0.887438	0.443745	0.443745	0.443745	0.443745	0.443745	0.443745	0.443745	0.443745	0.887438	0.443745	0.443745	0.443745	0.443745	0.887438	0.443745	0	0.443745	0.887438	0.443745	0.443745	0.443745	0.443745	0.887438	0.443745	0.443745	0.887438	0.887438	0.443745	0	0	0.443745	0.887438	0.443745	0.443745	0.443745	0.443745	0.443745	0.443745	0.443745	0.443745	0.887438	0.443745	0	0.443745	0.443745	0.443745	0.887438	0.443745	0.443745	0.887438	0.443745	0.443745	0.887438	0.443745	0.443745	0.443745	0.443745	0.887438	0.887438	0.443745	0.443745	0.887438	0.443745	0.443745	0.443745	0.443745	0.887438	0.887438	0.443745	0.443745	0.887438	0.443745	0.443745	0.443745	0.443745	0.443745	0	0.443745	0.443745	0.443745	0.443745	0.443745	0.443745	0	0.443745	0.443745	0	0	0.887438	0.887438	0	0	0.443745	0.443745	0	0.443745	0.443745	0.443745	0.443745	0.443745	0.443745	0.443745	0.443745	0	0.443745	0.443745	0.443745	0.443745	0	0.443745	0.443745	0.443745	0.443745	0	0	0.443745	0.443745	0	0.443745	0.443745	0.443745	0.443745	0	0	0.443745	0.443745	0	0.443745	0.443745	0.443745	0.443745	0	0	0.443745	0.443745	0	0	0	0.443745	0.443745	0.443745	0.443745	0	0	0	0	0	0.443745	0.443745	0	0	0	0.443745	0.443745	0	0	0	0	0	0.443745	0.443745	0	0	0.443745	0.443745	0	0	0	0	0.443745	0.443745	0	0	0	0	0	0	0.443745	0.443745	0	0	0	0	0	0	0	0	0.443745	0.443745	0	0	0	0	0	0	0	0.443745	0.443745	0	0	0	0	0	0	0.443745	0.443745	0	0	0	0	0	0	0	0	0.443745	0.443745	0	0	0	0	0	0	0	0	0	0.443745	0.443745	0
0.887355	0.887355	0.443704	0.443704	0.887355	0.443704	0	0	0.443704	0.887355	0.443704	0.443704	0.887355	0.887355	0.443704	0.443704	0.443704	0.443704	0.887355	0.443704	0.443704	0.443704	0.887355	0.887355	0.443704	0.443704	0.443704	0.887355	0.443704	0.443704	0.443704	0.443704	0.443704	0.443704	0.443704	0.443704	0.887355	0.443704	0.443704	0.443704	0.443704	0.887355	0.443704	0	0.443704	0.887355	0.443704	0.443704	0.443704	0.443704	0.887355	0.443704	0.443704	0.887355	0.887355	0.443704	0	0	0.443704	0.887355	0.443704	0.443704	0.443704	0.443704	0.443704	0.443704	0.443704	0.443704	0.887355	0.443704	0	0.443704	0.443704	0.443704	0.887355	0.443704	0.443704	0.887355	0.443704	0.443704	0.887355	0.443704	0.443704	0.443704	0.443704	0.887355	0.887355	0.443704	0.443704	0.887355	0.443704	0.443704	0.443704	0.443704	0.887355	0.887355	0.443704	0.443704	0.887355	0.443704	0.443704	0.443704	0.443704	0.443704	0	0.443704	0.443704	0.443704	0.443704	0.443704	0.443704	0	0.443704	0.443704	0	0	0.887355	0.887355	0	0	0.443704	0.443704	0	0.443704	0.443704	0.443704	0.443704	0.443704	0.443704	0.443704	0.443704	0	0.443704	0.443704	0.443704	0.443704	0	0.443704	0.443704	0.443704	0.443704	0	0	0.443704	0.443704	0	0.443704	0.443704	0.443704	0.443704	0	0	0.443704	0.443704	0	0.443704	0.443704	0.443704	0.443704	0	0	0.443704	0.443704	0	0	0	0.443704	0.443704	0.443704	0.443704	0	0	0	0	0	0.443704	0.443704	0	0	0	0.443704	0.443704	0	0	0	0	0	0.443704	0.443704	0	0	0.443704	0.443704	0	0	0	0	0.443704	0.443704	0	0	0	0	0	0	0.443704	0.443704	0	0	0	0	0	0	0	0	0.443704	0.443704	0	0	0	0	0	0	0	0.443704	0.443704	0	0	0	0	0	0	0.443704	0.443704	0	0	0	0	0	0	0	0	0.443704	0.443704	0	0	0	0	0	0	0	0	0	0.443704	0.443704	0
1.83548	1.98347	1.82879	1.82879	1.98347	1.82879	1.66709	1.44598	1.40281	1.59933	1.40281	1.40281	1.59933	1.59933	1.40281	1.40281	1.40281	1.40281	1.59933	1.40281	1.40281	1.40281	1.59933	1.59933	1.40281	1.40281	1.40281	1.59933	1.40281	1.47959	1.69632	1.75332	1.54462	1.40281	1.40281	1.40281	1.59933	1.40281	1.40281	1.40281	1.40281	1.59933	1.34005	1.00436	0.99203	1.25473	0.99203	0.99203	0.99203	0.99203	1.25473	0.99203	0.99203	1.25473	1.25473	0.99203	0.784307	0.565588	0.627441	0.991994	0.627441	0.627441	0.627441	0.64674	0.565556	0.350751	0.470589	0.627441	0.991994	0.627441	0.350769	0.565556	0.443663	0.443663	0.78426	0.470589	0.627441	0.991994	0.627441	0.627441	0.991994	0.627441	0.627441	0.627441	0.627441	0.991994	0.991994	0.627441	0.627441	0.991994	0.627441	0.627441	0.627441	0.627441	0.991994	0.954084	0.844709	0.99203	1.25473	0.99203	1.0522	1.26453	1.40281	1.34005	1.00436	1.0522	1.19451	1.14187	0.99203	1.0522	1.26453	1.22502	1.19451	1.26453	1.22502	1.00436	1.2645	1.44595	1.22502	1.00436	0.99203	0.99203	0.887328	0.99203	0.99203	1.0522	1.19451	1.14187	0.99203	1.0522	1.19451	1.00436	1.0522	1.26453	1.40281	1.40281	1.33086	1.40281	1.40281	1.40281	1.40281	1.33086	1.33086	1.40281	1.34005	1.00436	1.0522	1.26453	1.40281	1.40281	1.22502	1.00436	1.0522	1.19451	1.00436	1.0522	1.26453	1.40281	1.40281	1.33086	1.33086	1.40281	1.40281	1.33086	1.22502	1.00436	1.0522	1.26453	1.40281	1.40281	1.33086	1.22502	1.00436	0.887328	0.887328	1.0522	1.19451	1.00436	0.887328	0.887328	1.0522	1.26453	1.33086	1.33086	1.22502	1.00436	0.887328	1.0522	1.26453	1.22502	1.00436	1.0522	1.26453	1.33086	1.33086	1.33086	1.33086	1.47959	1.69632	1.77423	1.77423	1.77423	1.77423	1.77423	1.77423	1.82879	1.82879	1.77423	1.77423	1.77423	1.77423	1.77423	1.77423	1.77423	1.77423	1.91414	2.13269	2.10953	1.8883	1.77423	1.77423	1.77423	1.77423	1.77423	1.91414	2.13269	2.21739	2.21739	2.10953	1.8883	1.77423	1.77423	1.91414	2.13269	2.21739	2.21739	2.21739	2.21739	2.10953	1.8883	1.77423	1.77423	1.91414	2.13269	2.10953	1.8883	1.77423	1.77423	1.77423	1.77423	1.77423	1.66709	1.44598	1.47959	1.69632	1.77423
1.75315	1.98328	1.82862	1.82862	1.98328	1.82862	1.69617	1.47945	1.40268	1.59918	1.40268	1.40268	1.59918	1.59918	1.40268	1.40268	1.40268	1.40268	1.59918	1.40268	1.40268	1.40268	1.59918	1.59918	1.40268	1.40268	1.40268	1.59918	1.40268	1.44584	1.66694	1.83531	1.63716	1.40268	1.40268	1.40268	1.59918	1.40268	1.40268	1.40268	1.40268	1.59918	1.44581	1.0521	0.991935	1.25461	0.991935	0.991935	0.991935	0.991935	1.25461	0.991935	0.991935	1.25461	1.25461	0.991935	0.844628	0.646697	0.627378	0.991889	0.627378	0.627378	0.627378	0.844583	0.784176	0.15685	0.350735	0.627378	0.991889	0.627378	0.470542	0.784176	0.443615	0.443615	0.565495	0.350735	0.627378	0.991889	0.627378	0.627378	0.991889	0.627378	0.627378	0.627378	0.627378	0.991889	0.991889	0.627378	0.627378	0.991889	0.627378	0.627378	0.627378	0.627378	0.991889	0.784205	0.784234	0.991935	1.25461	0.991935	1.00427	1.2249	1.40268	1.44581	1.0521	1.00427	1.1944	1.26438	0.991935	1.00427	1.2249	1.26441	1.1944	1.2249	1.26441	1.0521	1.14176	1.33992	1.26441	1.0521	0.991935	0.991935	0.887245	0.991935	0.991935	1.00427	1.1944	1.26438	0.991935	1.00427	1.1944	1.0521	1.00427	1.2249	1.40268	1.40268	1.33073	1.40268	1.40268	1.40268	1.40268	1.33073	1.33073	1.40268	1.44581	1.0521	1.00427	1.2249	1.40268	1.40268	1.26441	1.0521	1.00427	1.1944	1.0521	1.00427	1.2249	1.40268	1.40268	1.33073	1.33073	1.40268	1.40268	1.33073	1.26441	1.0521	1.00427	1.2249	1.40268	1.40268	1.33073	1.26441	1.0521	0.887245	0.887245	1.00427	1.1944	1.0521	0.887245	0.887245	1.00427	1.2249	1.33073	1.33073	1.26441	1.0521	0.887245	1.00427	1.2249	1.26441	1.0521	1.00427	1.2249	1.33073	1.33073	1.33073	1.33073	1.44584	1.66694	1.77407	1.77407	1.77407	1.77407	1.77407	1.77407	1.82862	1.82862	1.77407	1.77407	1.77407	1.77407	1.77407	1.77407	1.77407	1.77407	1.88812	2.10934	2.13249	1.91396	1.77407	1.77407	1.77407	1.77407	1.77407	1.88812	2.10934	2.21718	2.21718	2.13249	1.91396	1.77407	1.77407	1.88812	2.10934	2.21718	2.21718	2.21718	2.21718	2.13249	1.91396	1.77407	1.77407	1.88812	2.10934	2.13249	1.91396	1.77407	1.77407	1.77407	1.77407	1.77407	1.69617	1.47945	1.44584	1.66694	1.77407
0.443574	0.887094	0.443574	0.443574	0.887094	0.443574	0.443574	0.443574	0.443574	0.887094	0.443574	0.443574	0.887094	0.887094	0.443574	0.443574	0.443574	0.443574	0.887094	0.443574	0.443574	0.443574	0.887094	0.887094	0.443574	0.443574	0.443574	0.887094	0.443574	0	0	0.887094	0.887094	0.443574	0.443574	0.443574	0.887094	0.443574	0.443574	0.443574	0.443574	0.887094	0.887094	0.443574	0.443574	0.887094	0.443574	0.443574	0.443574	0.443574	0.887094	0.443574	0.443574	0.887094	0.887094	0.443574	0.443574	0.443574	0.443574	0.887094	0.443574	0.443574	0.443574	0.887094	0.887094	0	0	0.443574	0.887094	0.443574	0.443574	0.887094	0.443574	0.443574	0.443574	0	0.443574	0.887094	0.443574	0.443574	0.887094	0.443574	0.443574	0.443574	0.443574	0.887094	0.887094	0.443574	0.443574	0.887094	0.443574	0.443574	0.443574	0.443574	0.887094	0.443574	0	0.443574	0.887094	0.443574	0	0	0.443574	0.887094	0.443574	0	0.443574	0.887094	0.443574	0	0	0.443574	0.443574	0	0.443574	0.443574	0.443574	0.443574	0.443574	0.443574	0.443574	0.443574	0	0.443574	0.443574	0	0.443574	0.887094	0.443574	0	0.443574	0.443574	0	0	0.443574	0.443574	0	0.443574	0.443574	0.443574	0.443574	0	0	0.443574	0.887094	0.443574	0	0	0.443574	0.443574	0.443574	0.443574	0	0.443574	0.443574	0	0	0.443574	0.443574	0	0	0.443574	0.443574	0	0.443574	0.443574	0	0	0.443574	0.443574	0	0.443574	0.443574	0	0	0	0.443574	0.443574	0	0	0	0	0	0	0.443574	0.443574	0	0	0	0.443574	0.443574	0	0	0	0	0	0	0	0	0	0	0	0	0	0	0.443574	0.443574	0	0	0	0	0	0	0	0	0	0	0.443574	0.443574	0	0	0	0	0	0	0	0	0	0.443574	0.443574	0	0	0	0	0	0	0	0	0.443574	0.443574	0	0	0	0	0.443574	0.443574	0	0	0	0	0	0.443574	0.443574	0	0	0
0.443532	0.887012	0.443532	0.443532	0.887012	0.443532	0.443532	0.443532	0.443532	0.887012	0.443532	0.443532	0.887012	0.887012	0.443532	0.443532	0.443532	0.443532	0.887012	0.443532	0.443532	0.443532	0.887012	0.887012	0.443532	0.443532	0.443532	0.887012	0.443532	0	0	0.887012	0.887012	0.443532	0.443532	0.443532	0.887012	0.443532	0.443532	0.443532	0.443532	0.887012	0.887012	0.443532	0.443532	0.887012	0.443532	0.443532	0.443532	0.443532	0.887012	0.443532	0.443532	0.887012	0.887012	0.443532	0.443532	0.443532	0.443532	0.887012	0.443532	0.443532	0.443532	0.887012	0.887012	0	0	0.443532	0.887012	0.443532	0.443532	0.887012	0.443532	0.443532	0.443532	0	0.443532	0.887012	0.443532	0.443532	0.887012	0.443532	0.443532	0.443532	0.443532	0.887012	0.887012	0.443532	0.443532	0.887012	0.443532	0.443532	0.443532	0.443532	0.887012	0.443532	0	0.443532	0.887012	0.443532	0	0	0.443532	0.887012	0.443532	0	0.443532	0.887012	0.443532	0	0	0.443532	0.443532	0	0.443532	0.443532	0.443532	0.443532	0.443532	0.443532	0.443532	0.443532	0	0.443532	0.443532	0	0.443532	0.887012	0.443532	0	0.443532	0.443532	0	0	0.443532	0.443532	0	0.443532	0.443532	0.443532	0.443532	0	0	0.443532	0.887012	0.443532	0	0	0.443532	0.443532	0.443532	0.443532	0	0.443532	0.443532	0	0	0.443532	0.443532	0	0	0.443532	0.443532	0	0.443532	0.443532	0	0	0.443532	0.443532	0	0.443532	0.443532	0	0	0	0.443532	0.443532	0	0	0	0	0	0	0.443532	0.443532	0	0	0	0.443532	0.443532	0	0	0	0	0	0	0	0	0	0	0	0	0	0	0.443532	0.443532	0	0	0	0	0	0	0	0	0	0	0.443532	0.443532	0	0	0	0	0	0	0	0	0	0.443532	0.443532	0	0	0	0	0	0	0	0	0.443532	0.443532	0	0	0	0	0.443532	0.443532	0	0	0	0	0	0.443532	0.443532	0	0	0
0.443491	0.886929	0.443491	0.443491	0.886929	0.443491	0.443491	0.443491	0.443491	0.886929	0.443491	0.443491	0.886929	0.886929	0.443491	0.443491	0.443491	0.443491	0.886929	0.443491	0.443491	0.443491	0.886929	0.886929	0.443491	0.443491	0.443491	0.886929	0.443491	0	0	0.886929	0.886929	0.443491	0.443491	0.443491	0.886929	0.443491	0.443491	0.443491	0.443491	0.886929	0.886929	0.443491	0.443491	0.886929	0.443491	0.443491	0.443491	0.443491	0.886929	0.443491	0.443491	0.886929	0.886929	0.443491	0.443491	0.443491	0.443491	0.886929	0.443491	0.443491	0.443491	0.886929	0.886929	0	0	0.443491	0.886929	0.443491	0.443491	0.886929	0.443491	0.443491	0.443491	0	0.443491	0.886929	0.443491	0.443491	0.886929	0.443491	0.443491	0.443491	0.443491	0.886929	0.886929	0.443491	0.443491	0.886929	0.443491	0.443491	0.443491	0.443491	0.886929	0.443491	0	0.443491	0.886929	0.443491	0	0	0.443491	0.886929	0.443491	0	0.443491	0.886929	0.443491	0	0	0.443491	0.443491	0	0.443491	0.443491	0.443491	0.443491	0.443491	0.443491	0.443491	0.443491	0	0.443491	0.443491	0	0.443491	0.886929	0.443491	0	0.443491	0.443491	0	0	0.443491	0.443491	0	0.443491	0.443491	0.443491	0.443491	0	0	0.443491	0.886929	0.443491	0	0	0.443491	0.443491	0.443491	0.443491	0	0.443491	0.443491	0	0	0.443491	0.443491	0	0	0.443491	0.443491	0	0.443491	0.443491	0	0	0.443491	0.443491	0	0.443491	0.443491	0	0	0	0.443491	0.443491	0	0	0	0	0	0	0.443491	0.443491	0	0	0	0.443491	0.443491	0	0	0	0	0	0	0	0	0	0	0	0	0	0	0.443491	0.443491	0	0	0	0	0	0	0	0	0	0	0.443491	0.443491	0	0	0	0	0	0	0	0	0	0.443491	0.443491	0	0	0	0	0	0	0	0	0.443491	0.443491	0	0	0	0	0.443491	0.443491	0	0	0	0	0	0.443491	0.443491	0	0	0
0.44345	0.886847	0.44345	0.44345	0.886847	0.44345	0.44345	0.44345	0.44345	0.886847	0.44345	0.44345	0.886847	0.886847	0.44345	0.44345	0.44345	0.44345	0.886847	0.44345	0.44345	0.44345	0.886847	0.886847	0.44345	0.44345	0.44345	0.886847	0.44345	0	0	0.886847	0.886847	0.44345	0.44345	0.44345	0.886847	0.44345	0.44345	0.44345	0.44345	0.886847	0.886847	0.44345	0.44345	0.886847	0.44345	0.44345	0.44345	0.44345	0.886847	0.44345	0.44345	0.886847	0.886847	0.44345	0.44345	0.44345	0.44345	0.886847	0.44345	0.44345	0.44345	0.886847	0.886847	0	0	0.44345	0.886847	0.44345	0.44345	0.886847	0.44345	0.44345	0.44345	0	0.44345	0.886847	0.44345	0.44345	0.886847	0.44345	0.44345	0.44345	0.44345	0.886847	0.886847	0.44345	0.44345	0.886847	0.44345	0.44345	0.44345	0.44345	0.886847	0.44345	0	0.44345	0.886847	0.44345	0	0	0.44345	0.886847	0.44345	0	0.44345	0.886847	0.44345	0	0	0.44345	0.44345	0	0.44345	0.44345	0.44345	0.44345	0.44345	0.44345	0.44345	0.44345	0	0.44345	0.44345	0	0.44345	0.886847	0.44345	0	0.44345	0.44345	0	0	0.44345	0.44345	0	0.44345	0.44345	0.44345	0.44345	0	0	0.44345	0.886847	0.44345	0	0	0.44345	0.44345	0.44345	0.44345	0	0.44345	0.44345	0	0	0.44345	0.44345	0	0	0.44345	0.44345	0	0.44345	0.44345	0	0	0.44345	0.44345	0	0.44345	0.44345	0	0	0	0.44345	0.44345	0	0	0	0	0	0	0.44345	0.44345	0	0	0	0.44345	0.44345	0	0	0	0	0	0	0	0	0	0	0	0	0	0	0.44345	0.44345	0	0	0	0	0	0	0	0	0	0	0.44345	0.44345	0	0	0	0	0	0	0	0	0	0.44345	0.44345	0	0	0	0	0	0	0	0	0.44345	0.44345	0	0	0	0	0.44345	0.44345	0	0	0	0	0	0.44345	0.44345	0	0	0
0.443409	0.886765	0.443409	0.443409	0.886765	0.443409	0.443409	0.443409	0.443409	0.886765	0.443409	0.443409	0.886765	0.886765	0.443409	0.443409	0.443409	0.443409	0.886765	0.443409	0.443409	0.443409	0.886765	0.886765	0.443409	0.443409	0.443409	0.886765	0.443409	0	0	0.886765	0.886765	0.443409	0.443409	0.443409	0.886765	0.443409	0.443409	0.443409	0.443409	0.886765	0.886765	0.443409	0.443409	0.886765	0.443409	0.443409	0.443409	0.443409	0.886765	0.443409	0.443409	0.886765	0.886765	0.443409	0.443409	0.443409	0.443409	0.886765	0.443409	0.443409	0.443409	0.886765	0.886765	0	0	0.443409	0.886765	0.443409	0.443409	0.886765	0.443409	0.443409	0.443409	0	0.443409	0.886765	0.443409	0.443409	0.886765	0.443409	0.443409	0.443409	0.443409	0.886765	0.886765	0.443409	0.443409	0.886765	0.443409	0.443409	0.443409	0.443409	0.886765	0.443409	0	0.443409	0.886765	0.443409	0	0	0.443409	0.886765	0.443409	0	0.443409	0.886765	0.443409	0	0	0.443409	0.443409	0	0.443409	0.443409	0.443409	0.443409	0.443409	0.443409	0.443409	0.443409	0	0.443409	0.443409	0	0.443409	0.886765	0.443409	0	0.443409	0.443409	0	0	0.443409	0.443409	0	0.443409	0.443409	0.443409	0.443409	0	0	0.443409	0.886765	0.443409	0	0	0.443409	0.443409	0.443409	0.443409	0	0.443409	0.443409	0	0	0.443409	0.443409	0	0	0.443409	0.443409	0	0.443409	0.443409	0	0	0.443409	0.443409	0	0.443409	0.443409	0	0	0	0.443409	0.443409	0	0	0	0	0	0	0.443409	0.443409	0	0	0	0.443409	0.443409	0	0	0	0	0	0	0	0	0	0	0	0	0	0	0.443409	0.443409	0	0	0	0	0	0	0	0	0	0	0.443409	0.443409	0	0	0	0	0	0	0	0	0	0.443409	0.443409	0	0	0	0	0	0	0	0	0.443409	0.443409	0	0	0	0	0.443409	0.443409	0	0	0	0	0	0.443409	0.443409	0	0	0
0.443361	0.886669	0.443361	0.443361	0.886669	0.443361	0.443361	0.443361	0.443361	0.886669	0.443361	0.443361	0.886669	0.886669	0.443361	0.443361	0.443361	0.443361	0.886669	0.443361	0.443361	0.443361	0.886669	0.886669	0.443361	0.443361	0.443361	0.886669	0.443361	0	0	0.886669	0.886669	0.443361	0.443361	0.443361	0.886669	0.443361	0.443361	0.443361	0.443361	0.886669	0.886669	0.443361	0.443361	0.886669	0.443361	0.443361	0.443361	0.443361	0.886669	0.443361	0.443361	0.886669	0.886669	0.443361	0.443361	0.443361	0.443361	0.886669	0.443361	0.443361	0.443361	0.886669	0.886669	0	0	0.443361	0.886669	0.443361	0.443361	0.886669	0.443361	0.443361	0.443361	0	0.443361	0.886669	0.443361	0.443361	0.886669	0.443361	0.443361	0.443361	0.443361	0.886669	0.886669	0.443361	0.443361	0.886669	0.443361	0.443361	0.443361	0.443361	0.886669	0.443361	0	0.443361	0.886669	0.443361	0	0	0.443361	0.886669	0.443361	0	0.443361	0.886669	0.443361	0	0	0.443361	0.443361	0	0.443361	0.443361	0.443361	0.443361	0.443361	0.443361	0.443361	0.443361	0	0.443361	0.443361	0	0.443361	0.886669	0.443361	0	0.443361	0.443361	0	0	0.443361	0.443361	0	0.443361	0.443361	0.443361	0.443361	0	0	0.443361	0.886669	0.443361	0	0	0.443361	0.443361	0.443361	0.443361	0	0.443361	0.443361	0	0	0.443361	0.443361	0	0	0.443361	0.443361	0	0.443361	0.443361	0	0	0.443361	0.443361	0	0.443361	0.443361	0	0	0	0.443361	0.443361	0	0	0	0	0	0	0.443361	0.443361	0	0	0	0.443361	0.443361	0	0	0	0	0	0	0	0	0	0	0	0	0	0	0.443361	0.443361	0	0	0	0	0	0	0	0	0	0	0.443361	0.443361	0	0	0	0	0	0	0	0	0	0.443361	0.443361	0	0	0	0	0	0	0	0	0.443361	0.443361	0	0	0	0	0.443361	0.443361	0	0	0	0	0	0.443361	0.443361	0	0	0
0.44332	0.886586	0.44332	0.44332	0.886586	0.44332	0.44332	0.44332	0.44332	0.886586	0.44332	0.44332	0.886586	0.886586	0.44332	0.44332	0.44332	0.44332	0.886586	0.44332	0.44332	0.44332	0.886586	0.886586	0.44332	0.44332	0.44332	0.886586	0.44332	0	0	0.886586	0.886586	0.44332	0.44332	0.44332	0.886586	0.44332	0.44332	0.44332	0.44332	0.886586	0.886586	0.44332	0.44332	0.886586	0.44332	0.44332	0.44332	0.44332	0.886586	0.44332	0.44332	0.886586	0.886586	0.44332	0.44332	0.44332	0.44332	0.886586	0.44332	0.44332	0.44332	0.886586	0.886586	0	0	0.44332	0.886586	0.44332	0.44332	0.886586	0.44332	0.44332	0.44332	0	0.44332	0.886586	0.44332	0.44332	0.886586	0.44332	0.44332	0.44332	0.44332	0.886586	0.886586	0.44332	0.44332	0.886586	0.44332	0.44332	0.44332	0.44332	0.886586	0.44332	0	0.44332	0.886586	0.44332	0	0	0.44332	0.886586	0.44332	0	0.44332	0.886586	0.44332	0	0	0.44332	0.44332	0	0.44332	0.44332	0.44332	0.44332	0.44332	0.44332	0.44332	0.44332	0	0.44332	0.44332	0	0.44332	0.886586	0.44332	0	0.44332	0.44332	0	0	0.44332	0.44332	0	0.44332	0.44332	0.44332	0.44332	0	0	0.44332	0.886586	0.44332	0	0	0.44332	0.44332	0.44332	0.44332	0	0.44332	0.44332	0	0	0.44332	0.44332	0	0	0.44332	0.44332	0	0.44332	0.44332	0	0	0.44332	0.44332	0	0.44332	0.44332	0	0	0	0.44332	0.44332	0	0	0	0	0	0	0.44332	0.44332	0	0	0	0.44332	0.44332	0	0	0	0	0	0	0	0	0	0	0	0	0	0	0.44332	0.44332	0	0	0	0	0	0	0	0	0	0	0.44332	0.44332	0	0	0	0	0	0	0	0	0	0.44332	0.44332	0	0	0	0	0	0	0	0	0.44332	0.44332	0	0	0	0	0.44332	0.44332	0	0	0	0	0	0.44332	0.44332	0	0	0
0.443279	0.886504	0.443279	0.443279	0.886504	0.443279	0.443279	0.443279	0.443279	0.886504	0.443279	0.443279	0.886504	0.886504	0.443279	0.443279	0.443279	0.443279	0.886504	0.443279	0.443279	0.443279	0.886504	0.886504	0.443279	0.443279	0.443279	0.886504	0.443279	0	0	0.886504	0.886504	0.443279	0.443279	0.443279	0.886504	0.443279	0.443279	0.443279	0.443279	0.886504	0.886504	0.443279	0.443279	0.886504	0.443279	0.443279	0.443279	0.443279	0.886504	0.443279	0.443279	0.886504	0.886504	0.443279	0.443279	0.443279	0.443279	0.886504	0.443279	0.443279	0.443279	0.886504	0.886504	0	0	0.443279	0.886504	0.443279	0.443279	0.886504	0.443279	0.443279	0.443279	0	0.443279	0.886504	0.443279	0.443279	0.886504	0.443279	0.443279	0.443279	0.443279	0.886504	0.886504	0.443279	0.443279	0.886504	0.443279	0.443279	0.443279	0.443279	0.886504	0.443279	0	0.443279	0.886504	0.443279	0	0	0.443279	0.886504	0.443279	0	0.443279	0.886504	0.443279	0	0	0.443279	0.443279	0	0.443279	0.443279	0.443279	0.443279	0.443279	0.443279	0.443279	0.443279	0	0.443279	0.443279	0	0.443279	0.886504	0.443279	0	0.443279	0.443279	0	0	0.443279	0.443279	0	0.443279	0.443279	0.443279	0.443279	0	0	0.443279	0.886504	0.443279	0	0	0.443279	0.443279	0.443279	0.443279	0	0.443279	0.443279	0	0	0.443279	0.443279	0	0	0.443279	0.443279	0	0.443279	0.443279	0	0	0.443279	0.443279	0	0.443279	0.443279	0	0	0	0.443279	0.443279	0	0	0	0	0	0	0.443279	0.443279	0	0	0	0.443279	0.443279	0	0	0	0	0	0	0	0	0	0	0	0	0	0	0.443279	0.443279	0	0	0	0	0	0	0	0	0	0	0.443279	0.443279	0	0	0	0	0	0	0	0	0	0.443279	0.443279	0	0	0	0	0	0	0	0	0.443279	0.443279	0	0	0	0	0.443279	0.443279	0	0	0	0	0	0.443279	0.443279	0	0	0
0.443237	0.886422	0.443237	0.443237	0.886422	0.443237	0.443237	0.443237	0.443237	0.886422	0.443237	0.443237	0.886422	0.886422	0.443237	0.443237	0.443237	0.443237	0.886422	0.443237	0.443237	0.443237	0.886422	0.886422	0.443237	0.443237	0.443237	0.886422	0.443237	0	0	0.886422	0.886422	0.443237	0.443237	0.443237	0.886422	0.443237	0.443237	0.443237	0.443237	0.886422	0.886422	0.443237	0.443237	0.886422	0.443237	0.443237	0.443237	0.443237	0.886422	0.443237	0.443237	0.886422	0.886422	0.443237	0.443237	0.443237	0.443237	0.886422	0.443237	0.443237	0.443237	0.886422	0.886422	0	0	0.443237	0.886422	0.443237	0.443237	0.886422	0.443237	0.443237	0.443237	0	0.443237	0.886422	0.443237	0.443237	0.886422	0.443237	0.443237	0.443237	0.443237	0.886422	0.886422	0.443237	0.443237	0.886422	0.443237	0.443237	0.443237	0.443237	0.886422	0.443237	0	0.443237	0.886422	0.443237	0	0	0.443237	0.886422	0.443237	0	0.443237	0.886422	0.443237	0	0	0.443237	0.443237	0	0.443237	0.443237	0.443237	0.443237	0.443237	0.443237	0.443237	0.443237	0	0.443237	0.443237	0	0.443237	0.886422	0.443237	0	0.443237	0.443237	0	0	0.443237	0.443237	0	0.443237	0.443237	0.443237	0.443237	0	0	0.443237	0.886422	0.443237	0	0	0.443237	0.443237	0.443237	0.443237	0	0.443237	0.443237	0	0	0.443237	0.443237	0	0	0.443237	0.443237	0	0.443237	0.443237	0	0	0.443237	0.443237	0	0.443237	0.443237	0	0	0	0.443237	0.443237	0	0	0	0	0	0	0.443237	0.443237	0	0	0	0.443237	0.443237	0	0	0	0	0	0	0	0	0	0	0	0	0	0	0.443237	0.443237	0	0	0	0	0	0	0	0	0	0	0.443237	0.443237	0	0	0	0	0	0	0	0	0	0.443237	0.443237	0	0	0	0	0	0	0	0	0.443237	0.443237	0	0	0	0	0.443237	0.443237	0	0	0	0	0	0.443237	0.443237	0	0	0
0.443196	0.886339	0.443196	0.443196	0.886339	0.443196	0.443196	0.443196	0.443196	0.886339	0.443196	0.443196	0.886339	0.886339	0.443196	0.443196	0.443196	0.443196	0.886339	0.443196	0.443196	0.443196	0.886339	0.886339	0.443196	0.443196	0.443196	0.886339	0.443196	0	0	0.886339	0.886339	0.443196	0.443196	0.443196	0.886339	0.443196	0.443196	0.443196	0.443196	0.886339	0.886339	0.443196	0.443196	0.886339	0.443196	0.443196	0.443196	0.443196	0.886339	0.443196	0.443196	0.886339	0.886339	0.443196	0.443196	0.443196	0.443196	0.886339	0.443196	0.443196	0.443196	0.886339	0.886339	0	0	0.443196	0.886339	0.443196	0.443196	0.886339	0.443196	0.443196	0.443196	0	0.443196	0.886339	0.443196	0.443196	0.886339	0.443196	0.443196	0.443196	0.443196	0.886339	0.886339	0.443196	0.443196	0.886339	0.443196	0.443196	0.443196	0.443196	0.886339	0.443196	0	0.443196	0.886339	0.443196	0	0	0.443196	0.886339	0.443196	0	0.443196	0.886339	0.443196	0	0	0.443196	0.443196	0	0.443196	0.443196	0.443196	0.443196	0.443196	0.443196	0.443196	0.443196	0	0.443196	0.443196	0	0.443196	0.886339	0.443196	0	0.443196	0.443196	0	0	0.443196	0.443196	0	0.443196	0.443196	0.443196	0.443196	0	0	0.443196	0.886339	0.443196	0	0	0.443196	0.443196	0.443196	0.443196	0	0.443196	0.443196	0	0	0.443196	0.443196	0	0	0.443196	0.443196	0	0.443196	0.443196	0	0	0.443196	0.443196	0	0.443196	0.443196	0	0	0	0.443196	0.443196	0	0	0	0	0	0	0.443196	0.443196	0	0	0	0.443196	0.443196	0	0	0	0	0	0	0	0	0	0	0	0	0	0	0.443196	0.443196	0	0	0	0	0	0	0	0	0	0	0.443196	0.443196	0	0	0	0	0	0	0	0	0	0.443196	0.443196	0	0	0	0	0	0	0	0	0.443196	0.443196	0	0	0	0	0.443196	0.443196	0	0	0	0	0	0.443196	0.443196	0	0	0
0.443155	0.886257	0.443155	0.443155	0.886257	0.443155	0.443155	0.443155	0.443155	0.886257	0.443155	0.443155	0.886257	0.886257	0.443155	0.443155	0.443155	0.443155	0.886257	0.443155	0.443155	0.443155	0.886257	0.886257	0.443155	0.443155	0.443155	0.886257	0.443155	0	0	0.886257	0.886257	0.443155	0.443155	0.443155	0.886257	0.443155	0.443155	0.443155	0.443155	0.886257	0.886257	0.443155	0.443155	0.886257	0.443155	0.443155	0.443155	0.443155	0.886257	0.443155	0.443155	0.886257	0.886257	0.443155	0.443155	0.443155	0.443155	0.886257	0.443155	0.443155	0.443155	0.886257	0.886257	0	0	0.443155	0.886257	0.443155	0.443155	0.886257	0.443155	0.443155	0.443155	0	0.443155	0.886257	0.443155	0.443155	0.886257	0.443155	0.443155	0.443155	0.443155	0.886257	0.886257	0.443155	0.443155	0.886257	0.443155	0.443155	0.443155	0.443155	0.886257	0.443155	0	0.443155	0.886257	0.443155	0	0	0.443155	0.886257	0.443155	0	0.443155	0.886257	0.443155	0	0	0.443155	0.443155	0	0.443155	0.443155	0.443155	0.443155	0.443155	0.443155	0.443155	0.443155	0	0.443155	0.443155	0	0.443155	0.886257	0.443155	0	0.443155	0.443155	0	0	0.443155	0.443155	0	0.443155	0.443155	0.443155	0.443155	0	0	0.443155	0.886257	0.443155	0	0	0.443155	0.443155	0.443155	0.443155	0	0.443155	0.443155	0	0	0.443155	0.443155	0	0	0.443155	0.443155	0	0.443155	0.443155	0	0	0.443155	0.443155	0	0.443155	0.443155	0	0	0	0.443155	0.443155	0	0	0	0	0	0	0.443155	0.443155	0	0	0	0.443155	0.443155	0	0	0	0	0	0	0	0	0	0	0	0	0	0	0.443155	0.443155	0	0	0	0	0	0	0	0	0	0	0.443155	0.443155	0	0	0	0	0	0	0	0	0	0.443155	0.443155	0	0	0	0	0	0	0	0	0.443155	0.443155	0	0	0	0	0.443155	0.443155	0	0	0	0	0	0.443155	0.443155	0	0	0
0.443107	0.886161	0.443107	0.443107	0.886161	0.443107	0.443107	0.443107	0.443107	0.886161	0.443107	0.443107	0.886161	0.886161	0.443107	0.443107	0.443107	0.443107	0.886161	0.443107	0.443107	0.443107	0.886161	0.886161	0.443107	0.443107	0.443107	0.886161	0.443107	0	0	0.886161	0.886161	0.443107	0.443107	0.443107	0.886161	0.443107	0.443107	0.443107	0.443107	0.886161	0.886161	0.443107	0.443107	0.886161	0.443107	0.443107	0.443107	0.443107	0.886161	0.443107	0.443107	0.886161	0.886161	0.443107	0.443107	0.443107	0.443107	0.886161	0.443107	0.443107	0.443107	0.886161	0.886161	0	0	0.443107	0.886161	0.443107	0.443107	0.886161	0.443107	0.443107	0.443107	0	0.443107	0.886161	0.443107	0.443107	0.886161	0.443107	0.443107	0.443107	0.443107	0.886161	0.886161	0.443107	0.443107	0.886161	0.443107	0.443107	0.443107	0.443107	0.886161	0.443107	0	0.443107	0.886161	0.443107	0	0	0.443107	0.886161	0.443107	0	0.443107	0.886161	0.443107	0	0	0.443107	0.443107	0	0.443107	0.443107	0.443107	0.443107	0.443107	0.443107	0.443107	0.443107	0	0.443107	0.443107	0	0.443107	0.886161	0.443107	0	0.443107	0.443107	0	0	0.443107	0.443107	0	0.443107	0.443107	0.443107	0.443107	0	0	0.443107	0.886161	0.443107	0	0	0.443107	0.443107	0.443107	0.443107	0	0.443107	0.443107	0	0	0.443107	0.443107	0	0	0.443107	0.443107	0	0.443107	0.443107	0	0	0.443107	0.443107	0	0.443107	0.443107	0	0	0	0.443107	0.443107	0	0	0	0	0	0	0.443107	0.443107	0	0	0	0.443107	0.443107	0	0	0	0	0	0	0	0	0	0	0	0	0	0	0.443107	0.443107	0	0	0	0	0	0	0	0	0	0	0.443107	0.443107	0	0	0	0	0	0	0	0	0	0.443107	0.443107	0	0	0	0	0	0	0	0	0.443107	0.443107	0	0	0	0	0.443107	0.443107	0	0	0	0	0	0.443107	0.443107	0	0	0
0.495368	0.843539	0.626602	0.645896	1.09646	0.990708	1.0508	1.26284	1.40094	1.5972	1.40094	1.40094	1.5972	1.5972	1.40094	1.40094	1.40094	1.40094	1.5972	1.40094	1.40094	1.40094	1.5972	1.5972	1.40094	1.40094	1.40094	1.5972	1.40094	1.22339	1.00303	1.25305	1.25305	0.990708	0.990708	0.952829	1.1403	0.626602	0.626602	0.626602	0.626602	0.990662	0.990662	0.626602	0.626602	0.990662	0.626602	0.626602	0.626602	0.626602	0.990662	0.626602	0.626602	0.990662	0.990662	0.626602	0.626602	0.626602	0.626602	0.990662	0.626602	0.626602	0.626602	0.990662	0.990662	0.350301	0.156656	0.443066	0.886079	0.443066	0.443066	0.886079	0.443066	0.443066	0.564795	0.350301	0.469959	0.783205	0.443066	0.443066	0.886079	0.443066	0.443066	0.443066	0.443066	0.886079	0.886079	0.443066	0.35028	0.843539	0.626602	0.626602	0.626602	0.626602	0.952806	0.798756	0.564836	0.626602	0.990662	0.626602	0.4431	0.4431	0.626602	0.990662	0.626602	0.4431	0.626602	0.952806	0.843584	0.783264	0.564836	0.645896	0.798756	0.564836	0.626602	0.626602	0.626602	0.626602	0.626602	0.626602	0.645896	0.798756	0.564836	0.645896	0.843584	0.783264	0.783235	0.952806	0.843584	0.783264	0.798756	0.843584	0.783264	0.564836	0.645896	0.798756	0.564836	0.645896	0.798756	0.783235	0.626602	0.4431	0.4431	0.626602	0.952806	0.843584	0.783264	0.564836	0.645896	0.843584	0.990708	0.990708	0.886148	0.990708	0.990708	0.886148	0.886148	0.990708	0.990708	0.886148	0.886148	0.990708	0.990708	0.886148	1.0508	1.26284	1.22339	1.00303	1.0508	1.26284	1.22339	1.19292	1.26284	1.22339	1.00303	0.886148	1.0508	1.26284	1.32909	1.22339	1.00303	0.886148	0.886148	0.886148	1.0508	1.26284	1.32909	1.32909	1.22339	1.19292	1.26284	1.32909	1.32909	1.32909	1.32909	1.32909	1.32909	1.32909	1.32909	1.32909	1.32909	1.32909	1.32909	1.32909	1.32909	1.47762	1.69407	1.77187	1.77187	1.77187	1.77187	1.77187	1.66488	1.44405	1.32909	1.32909	1.32909	1.47762	1.69407	1.77187	1.77187	1.77187	1.77187	1.77187	1.66488	1.44405	1.32909	1.32909	1.47762	1.69407	1.77187	1.77187	1.77187	1.77187	1.77187	1.66488	1.44405	1.32909	1.47762	1.69407	1.77187	1.77187	1.66488	1.44405	1.47762	1.69407	1.66488	1.44405	1.32909	1.32909	1.32909	1.40094	1.40094	1.32909	1.32909	1.22339
0.495322	0.645813	0.626544	0.564783	0.952741	0.990616	1.00293	1.22327	1.40081	1.59705	1.40081	1.40081	1.59705	1.59705	1.40081	1.40081	1.40081	1.40081	1.59705	1.40081	1.40081	1.40081	1.59705	1.59705	1.40081	1.40081	1.40081	1.59705	1.40081	1.26273	1.0507	1.25294	1.25294	0.990616	0.990616	1.09636	1.33807	0.626544	0.626544	0.626544	0.626544	0.99057	0.99057	0.626544	0.626544	0.99057	0.626544	0.626544	0.626544	0.626544	0.99057	0.626544	0.626544	0.99057	0.99057	0.626544	0.626544	0.626544	0.626544	0.99057	0.626544	0.626544	0.626544	0.99057	0.99057	0.469916	0.350247	0.443025	0.885997	0.443025	0.443025	0.885997	0.443025	0.443025	0.783133	0.469916	0.350269	0.564743	0.443025	0.443025	0.885997	0.443025	0.443025	0.443025	0.443025	0.885997	0.885997	0.443025	0.156642	0.645813	0.626544	0.626544	0.626544	0.626544	0.783162	0.798681	0.645836	0.626544	0.99057	0.626544	0.443059	0.443059	0.626544	0.99057	0.626544	0.443059	0.626544	0.783162	0.783191	0.843505	0.645836	0.564783	0.798681	0.645836	0.626544	0.626544	0.626544	0.626544	0.626544	0.626544	0.564783	0.798681	0.645836	0.564783	0.783191	0.843505	0.952717	0.783162	0.783191	0.843505	0.798681	0.783191	0.843505	0.645836	0.564783	0.798681	0.645836	0.564783	0.798681	0.952717	0.626544	0.443059	0.443059	0.626544	0.783162	0.783191	0.843505	0.645836	0.564783	0.783191	0.990616	0.990616	0.886065	0.990616	0.990616	0.886065	0.886065	0.990616	0.990616	0.886065	0.886065	0.990616	0.990616	0.886065	1.00293	1.22327	1.26273	1.0507	1.00293	1.22327	1.26273	1.19281	1.22327	1.26273	1.0507	0.886065	1.00293	1.22327	1.32897	1.26273	1.0507	0.886065	0.886065	0.886065	1.00293	1.22327	1.32897	1.32897	1.26273	1.19281	1.22327	1.32897	1.32897	1.32897	1.32897	1.32897	1.32897	1.32897	1.32897	1.32897	1.32897	1.32897	1.32897	1.32897	1.32897	1.44392	1.66472	1.77171	1.77171	1.77171	1.77171	1.77171	1.69391	1.47748	1.32897	1.32897	1.32897	1.44392	1.66472	1.77171	1.77171	1.77171	1.77171	1.77171	1.69391	1.47748	1.32897	1.32897	1.44392	1.66472	1.77171	1.77171	1.77171	1.77171	1.77171	1.69391	1.47748	1.32897	1.44392	1.66472	1.77171	1.77171	1.69391	1.47748	1.44392	1.66472	1.69391	1.47748	1.32897	1.32897	1.32897	1.40081	1.40081	1.32897	1.32897	1.26273
0.442984	0.442984	0.442984	0	0.442984	0.442984	0	0	0.442984	0.885915	0.442984	0.442984	0.885915	0.885915	0.442984	0.442984	0.442984	0.442984	0.885915	0.442984	0.442984	0.442984	0.885915	0.885915	0.442984	0.442984	0.442984	0.885915	0.442984	0.442984	0.442984	0.885915	0.885915	0.442984	0.442984	0.885915	1.32874	0.442984	0.442984	0.442984	0.442984	0.885915	0.885915	0.442984	0.442984	0.885915	0.442984	0.442984	0.442984	0.442984	0.885915	0.442984	0.442984	0.885915	0.885915	0.442984	0.442984	0.442984	0.442984	0.885915	0.442984	0.442984	0.442984	0.885915	0.885915	0.442984	0.442984	0.442984	0.885915	0.442984	0.442984	0.885915	0.442984	0.442984	0.885915	0.442984	0	0.442984	0.442984	0.442984	0.885915	0.442984	0.442984	0.442984	0.442984	0.885915	0.885915	0.442984	0	0.442984	0.442984	0.442984	0.442984	0.442984	0.442984	0.442984	0.442984	0.442984	0.885915	0.442984	0	0	0.442984	0.885915	0.442984	0	0.442984	0.442984	0	0.442984	0.442984	0	0.442984	0.442984	0.442984	0.442984	0.442984	0.442984	0.442984	0.442984	0	0.442984	0.442984	0	0	0.442984	0.885915	0.442984	0	0.442984	0.442984	0	0.442984	0.442984	0	0.442984	0.442984	0	0.442984	0.885915	0.442984	0	0	0.442984	0.442984	0	0.442984	0.442984	0	0	0.442984	0.442984	0	0.442984	0.442984	0	0	0.442984	0.442984	0	0	0.442984	0.442984	0	0	0	0.442984	0.442984	0	0	0.442984	0.442984	0	0.442984	0.442984	0	0	0	0	0.442984	0.442984	0	0	0	0	0	0	0	0.442984	0.442984	0	0	0	0	0	0	0	0	0	0	0	0	0	0	0	0	0	0	0	0	0	0	0.442984	0.442984	0	0	0	0	0	0	0	0	0	0	0.442984	0.442984	0	0	0	0	0	0	0	0	0	0.442984	0.442984	0	0	0	0	0	0.442984	0.442984	0	0	0.442984	0.442984	0	0	0	0.442984	0.442984	0	0	0.442984
0.442943	0.442943	0.442943	0	0.442943	0.442943	0	0	0.442943	0.885832	0.442943	0.442943	0.885832	0.885832	0.442943	0.442943	0.442943	0.442943	0.885832	0.442943	0.442943	0.442943	0.885832	0.885832	0.442943	0.442943	0.442943	0.885832	0.442943	0.442943	0.442943	0.885832	0.885832	0.442943	0.442943	0.885832	1.32862	0.442943	0.442943	0.442943	0.442943	0.885832	0.885832	0.442943	0.442943	0.885832	0.442943	0.442943	0.442943	0.442943	0.885832	0.442943	0.442943	0.885832	0.885832	0.442943	0.442943	0.442943	0.442943	0.885832	0.442943	0.442943	0.442943	0.885832	0.885832	0.442943	0.442943	0.442943	0.885832	0.442943	0.442943	0.885832	0.442943	0.442943	0.885832	0.442943	0	0.442943	0.442943	0.442943	0.885832	0.442943	0.442943	0.442943	0.442943	0.885832	0.885832	0.442943	0	0.442943	0.442943	0.442943	0.442943	0.442943	0.442943	0.442943	0.442943	0.442943	0.885832	0.442943	0	0	0.442943	0.885832	0.442943	0	0.442943	0.442943	0	0.442943	0.442943	0	0.442943	0.442943	0.442943	0.442943	0.442943	0.442943	0.442943	0.442943	0	0.442943	0.442943	0	0	0.442943	0.885832	0.442943	0	0.442943	0.442943	0	0.442943	0.442943	0	0.442943	0.442943	0	0.442943	0.885832	0.442943	0	0	0.442943	0.442943	0	0.442943	0.442943	0	0	0.442943	0.442943	0	0.442943	0.442943	0	0	0.442943	0.442943	0	0	0.442943	0.442943	0	0	0	0.442943	0.442943	0	0	0.442943	0.442943	0	0.442943	0.442943	0	0	0	0	0.442943	0.442943	0	0	0	0	0	0	0	0.442943	0.442943	0	0	0	0	0	0	0	0	0	0	0	0	0	0	0	0	0	0	0	0	0	0	0.442943	0.442943	0	0	0	0	0	0	0	0	0	0	0.442943	0.442943	0	0	0	0	0	0	0	0	0	0.442943	0.442943	0	0	0	0	0	0.442943	0.442943	0	0	0.442943	0.442943	0	0	0	0.442943	0.442943	0	0	0.442943
0.442902	0.442902	0.442902	0	0.442902	0.442902	0	0	0.442902	0.88575	0.442902	0.442902	0.88575	0.88575	0.442902	0.442902	0.442902	0.442902	0.88575	0.442902	0.442902	0.442902	0.88575	0.88575	0.442902	0.442902	0.442902	0.88575	0.442902	0.442902	0.442902	0.88575	0.88575	0.442902	0.442902	0.88575	1.32849	0.442902	0.442902	0.442902	0.442902	0.88575	0.88575	0.442902	0.442902	0.88575	0.442902	0.442902	0.442902	0.442902	0.88575	0.442902	0.442902	0.88575	0.88575	0.442902	0.442902	0.442902	0.442902	0.88575	0.442902	0.442902	0.442902	0.88575	0.88575	0.442902	0.442902	0.442902	0.88575	0.442902	0.442902	0.88575	0.442902	0.442902	0.88575	0.442902	0	0.442902	0.442902	0.442902	0.88575	0.442902	0.442902	0.442902	0.442902	0.88575	0.88575	0.442902	0	0.442902	0.442902	0.442902	0.442902	0.442902	0.442902	0.442902	0.442902	0.442902	0.88575	0.442902	0	0	0.442902	0.88575	0.442902	0	0.442902	0.442902	0	0.442902	0.442902	0	0.442902	0.442902	0.442902	0.442902	0.442902	0.442902	0.442902	0.442902	0	0.442902	0.442902	0	0	0.442902	0.88575	0.442902	0	0.442902	0.442902	0	0.442902	0.442902	0	0.442902	0.442902	0	0.442902	0.88575	0.442902	0	0	0.442902	0.442902	0	0.442902	0.442902	0	0	0.442902	0.442902	0	0.442902	0.442902	0	0	0.442902	0.442902	0	0	0.442902	0.442902	0	0	0	0.442902	0.442902	0	0	0.442902	0.442902	0	0.442902	0.442902	0	0	0	0	0.442902	0.442902	0	0	0	0	0	0	0	0.442902	0.442902	0	0	0	0	0	0	0	0	0	0	0	0	0	0	0	0	0	0	0	0	0	0	0.442902	0.442902	0	0	0	0	0	0	0	0	0	0	0.442902	0.442902	0	0	0	0	0	0	0	0	0	0.442902	0.442902	0	0	0	0	0	0.442902	0.442902	0	0	0.442902	0.442902	0	0	0	0.442902	0.442902	0	0	0.442902
0.442854	0.442854	0.442854	0	0.442854	0.442854	0	0	0.442854	0.885654	0.442854	0.442854	0.885654	0.885654	0.442854	0.442854	0.442854	0.442854	0.885654	0.442854	0.442854	0.442854	0.885654	0.885654	0.442854	0.442854	0.442854	0.885654	0.442854	0.442854	0.442854	0.885654	0.885654	0.442854	0.442854	0.885654	1.32835	0.442854	0.442854	0.442854	0.442854	0.885654	0.885654	0.442854	0.442854	0.885654	0.442854	0.442854	0.442854	0.442854	0.885654	0.442854	0.442854	0.885654	0.885654	0.442854	0.442854	0.442854	0.442854	0.885654	0.442854	0.442854	0.442854	0.885654	0.885654	0.442854	0.442854	0.442854	0.885654	0.442854	0.442854	0.885654	0.442854	0.442854	0.885654	0.442854	0	0.442854	0.442854	0.442854	0.885654	0.442854	0.442854	0.442854	0.442854	0.885654	0.885654	0.442854	0	0.442854	0.442854	0.442854	0.442854	0.442854	0.442854	0.442854	0.442854	0.442854	0.885654	0.442854	0	0	0.442854	0.885654	0.442854	0	0.442854	0.442854	0	0.442854	0.442854	0	0.442854	0.442854	0.442854	0.442854	0.442854	0.442854	0.442854	0.442854	0	0.442854	0.442854	0	0	0.442854	0.885654	0.442854	0	0.442854	0.442854	0	0.442854	0.442854	0	0.442854	0.442854	0	0.442854	0.885654	0.442854	0	0	0.442854	0.442854	0	0.442854	0.442854	0	0	0.442854	0.442854	0	0.442854	0.442854	0	0	0.442854	0.442854	0	0	0.442854	0.442854	0	0	0	0.442854	0.442854	0	0	0.442854	0.442854	0	0.442854	0.442854	0	0	0	0	0.442854	0.442854	0	0	0	0	0	0	0	0.442854	0.442854	0	0	0	0	0	0	0	0	0	0	0	0	0	0	0	0	0	0	0	0	0	0	0.442854	0.442854	0	0	0	0	0	0	0	0	0	0	0.442854	0.442854	0	0	0	0	0	0	0	0	0	0.442854	0.442854	0	0	0	0	0	0.442854	0.442854	0	0	0.442854	0.442854	0	0	0	0.442854	0.442854	0	0	0.442854
0.442813	0.442813	0.442813	0	0.442813	0.442813	0	0	0.442813	0.885572	0.442813	0.442813	0.885572	0.885572	0.442813	0.442813	0.442813	0.442813	0.885572	0.442813	0.442813	0.442813	0.885572	0.885572	0.442813	0.442813	0.442813	0.885572	0.442813	0.442813	0.442813	0.885572	0.885572	0.442813	0.442813	0.885572	1.32823	0.442813	0.442813	0.442813	0.442813	0.885572	0.885572	0.442813	0.442813	0.885572	0.442813	0.442813	0.442813	0.442813	0.885572	0.442813	0.442813	0.885572	0.885572	0.442813	0.442813	0.442813	0.442813	0.885572	0.442813	0.442813	0.442813	0.885572	0.885572	0.442813	0.442813	0.442813	0.885572	0.442813	0.442813	0.885572	0.442813	0.442813	0.885572	0.442813	0	0.442813	0.442813	0.442813	0.885572	0.442813	0.442813	0.442813	0.442813	0.885572	0.885572	0.442813	0	0.442813	0.442813	0.442813	0.442813	0.442813	0.442813	0.442813	0.442813	0.442813	0.885572	0.442813	0	0	0.442813	0.885572	0.442813	0	0.442813	0.442813	0	0.442813	0.442813	0	0.442813	0.442813	0.442813	0.442813	0.442813	0.442813	0.442813	0.442813	0	0.442813	0.442813	0	0	0.442813	0.885572	0.442813	0	0.442813	0.442813	0	0.442813	0.442813	0	0.442813	0.442813	0	0.442813	0.885572	0.442813	0	0	0.442813	0.442813	0	0.442813	0.442813	0	0	0.442813	0.442813	0	0.442813	0.442813	0	0	0.442813	0.442813	0	0	0.442813	0.442813	0	0	0	0.442813	0.442813	0	0	0.442813	0.442813	0	0.442813	0.442813	0	0	0	0	0.442813	0.442813	0	0	0	0	0	0	0	0.442813	0.442813	0	0	0	0	0	0	0	0	0	0	0	0	0	0	0	0	0	0	0	0	0	0	0.442813	0.442813	0	0	0	0	0	0	0	0	0	0	0.442813	0.442813	0	0	0	0	0	0	0	0	0	0.442813	0.442813	0	0	0	0	0	0.442813	0.442813	0	0	0.442813	0.442813	0	0	0	0.442813	0.442813	0	0	0.442813
0.442772	0.442772	0.442772	0	0.442772	0.442772	0	0	0.442772	0.88549	0.442772	0.442772	0.88549	0.88549	0.442772	0.442772	0.442772	0.442772	0.88549	0.442772	0.442772	0.442772	0.88549	0.88549	0.442772	0.442772	0.442772	0.88549	0.442772	0.442772	0.442772	0.88549	0.88549	0.442772	0.442772	0.88549	1.3281	0.442772	0.442772	0.442772	0.442772	0.88549	0.88549	0.442772	0.442772	0.88549	0.442772	0.442772	0.442772	0.442772	0.88549	0.442772	0.442772	0.88549	0.88549	0.442772	0.442772	0.442772	0.442772	0.88549	0.442772	0.442772	0.442772	0.88549	0.88549	0.442772	0.442772	0.442772	0.88549	0.442772	0.442772	0.88549	0.442772	0.442772	0.88549	0.442772	0	0.442772	0.442772	0.442772	0.88549	0.442772	0.442772	0.442772	0.442772	0.88549	0.88549	0.442772	0	0.442772	0.442772	0.442772	0.442772	0.442772	0.442772	0.442772	0.442772	0.442772	0.88549	0.442772	0	0	0.442772	0.88549	0.442772	0	0.442772	0.442772	0	0.442772	0.442772	0	0.442772	0.442772	0.442772	0.442772	0.442772	0.442772	0.442772	0.442772	0	0.442772	0.442772	0	0	0.442772	0.88549	0.442772	0	0.442772	0.442772	0	0.442772	0.442772	0	0.442772	0.442772	0	0.442772	0.88549	0.442772	0	0	0.442772	0.442772	0	0.442772	0.442772	0	0	0.442772	0.442772	0	0.442772	0.442772	0	0	0.442772	0.442772	0	0	0.442772	0.442772	0	0	0	0.442772	0.442772	0	0	0.442772	0.442772	0	0.442772	0.442772	0	0	0	0	0.442772	0.442772	0	0	0	0	0	0	0	0.442772	0.442772	0	0	0	0	0	0	0	0	0	0	0	0	0	0	0	0	0	0	0	0	0	0	0.442772	0.442772	0	0	0	0	0	0	0	0	0	0	0.442772	0.442772	0	0	0	0	0	0	0	0	0	0.442772	0.442772	0	0	0	0	0	0.442772	0.442772	0	0	0.442772	0.442772	0	0	0	0.442772	0.442772	0	0	0.442772
0.44273	0.44273	0.44273	0	0.44273	0.44273	0	0	0.44273	0.885408	0.44273	0.44273	0.885408	0.885408	0.44273	0.44273	0.44273	0.44273	0.885408	0.44273	0.44273	0.44273	0.885408	0.885408	0.44273	0.44273	0.44273	0.885408	0.44273	0.44273	0.44273	0.885408	0.885408	0.44273	0.44273	0.885408	1.32798	0.44273	0.44273	0.44273	0.44273	0.885408	0.885408	0.44273	0.44273	0.885408	0.44273	0.44273	0.44273	0.44273	0.885408	0.44273	0.44273	0.885408	0.885408	0.44273	0.44273	0.44273	0.44273	0.885408	0.44273	0.44273	0.44273	0.885408	0.885408	0.44273	0.44273	0.44273	0.885408	0.44273	0.44273	0.885408	0.44273	0.44273	0.885408	0.44273	0	0.44273	0.44273	0.44273	0.885408	0.44273	0.44273	0.44273	0.44273	0.885408	0.885408	0.44273	0	0.44273	0.44273	0.44273	0.44273	0.44273	0.44273	0.44273	0.44273	0.44273	0.885408	0.44273	0	0	0.44273	0.885408	0.44273	0	0.44273	0.44273	0	0.44273	0.44273	0	0.44273	0.44273	0.44273	0.44273	0.44273	0.44273	0.44273	0.44273	0	0.44273	0.44273	0	0	0.44273	0.885408	0.44273	0	0.44273	0.44273	0	0.44273	0.44273	0	0.44273	0.44273	0	0.44273	0.885408	0.44273	0	0	0.44273	0.44273	0	0.44273	0.44273	0	0	0.44273	0.44273	0	0.44273	0.44273	0	0	0.44273	0.44273	0	0	0.44273	0.44273	0	0	0	0.44273	0.44273	0	0	0.44273	0.44273	0	0.44273	0.44273	0	0	0	0	0.44273	0.44273	0	0	0	0	0	0	0	0.44273	0.44273	0	0	0	0	0	0	0	0	0	0	0	0	0	0	0	0	0	0	0	0	0	0	0.44273	0.44273	0	0	0	0	0	0	0	0	0	0	0.44273	0.44273	0	0	0	0	0	0	0	0	0	0.44273	0.44273	0	0	0	0	0	0.44273	0.44273	0	0	0.44273	0.44273	0	0	0	0.44273	0.44273	0	0	0.44273
0.442689	0.442689	0.442689	0	0.442689	0.442689	0	0	0.442689	0.885326	0.442689	0.442689	0.885326	0.885326	0.442689	0.442689	0.442689	0.442689	0.885326	0.442689	0.442689	0.442689	0.885326	0.885326	0.442689	0.442689	0.442689	0.885326	0.442689	0.442689	0.442689	0.885326	0.885326	0.442689	0.442689	0.885326	1.32786	0.442689	0.442689	0.442689	0.442689	0.885326	0.885326	0.442689	0.442689	0.885326	0.442689	0.442689	0.442689	0.442689	0.885326	0.442689	0.442689	0.885326	0.885326	0.442689	0.442689	0.442689	0.442689	0.885326	0.442689	0.442689	0.442689	0.885326	0.885326	0.442689	0.442689	0.442689	0.885326	0.442689	0.442689	0.885326	0.442689	0.442689	0.885326	0.442689	0	0.442689	0.442689	0.442689	0.885326	0.442689	0.442689	0.442689	0.442689	0.885326	0.885326	0.442689	0	0.442689	0.442689	0.442689	0.442689	0.442689	0.442689	0.442689	0.442689	0.442689	0.885326	0.442689	0	0	0.442689	0.885326	0.442689	0	0.442689	0.442689	0	0.442689	0.442689	0	0.442689	0.442689	0.442689	0.442689	0.442689	0.442689	0.442689	0.442689	0	0.442689	0.442689	0	0	0.442689	0.885326	0.442689	0	0.442689	0.442689	0	0.442689	0.442689	0	0.442689	0.442689	0	0.442689	0.885326	0.442689	0	0	0.442689	0.442689	0	0.442689	0.442689	0	0	0.442689	0.442689	0	0.442689	0.442689	0	0	0.442689	0.442689	0	0	0.442689	0.442689	0	0	0	0.442689	0.442689	0	0	0.442689	0.442689	0	0.442689	0.442689	0	0	0	0	0.442689	0.442689	0	0	0	0	0	0	0	0.442689	0.442689	0	0	0	0	0	0	0	0	0	0	0	0	0	0	0	0	0	0	0	0	0	0	0.442689	0.442689	0	0	0	0	0	0	0	0	0	0	0.442689	0.442689	0	0	0	0	0	0	0	0	0	0.442689	0.442689	0	0	0	0	0	0.442689	0.442689	0	0	0.442689	0.442689	0	0	0	0.442689	0.442689	0	0	0.442689
0.442648	0.442648	0.442648	0	0.442648	0.442648	0	0	0.442648	0.885244	0.442648	0.442648	0.885244	0.885244	0.442648	0.442648	0.442648	0.442648	0.885244	0.442648	0.442648	0.442648	0.885244	0.885244	0.442648	0.442648	0.442648	0.885244	0.442648	0.442648	0.442648	0.885244	0.885244	0.442648	0.442648	0.885244	1.32773	0.442648	0.442648	0.442648	0.442648	0.885244	0.885244	0.442648	0.442648	0.885244	0.442648	0.442648	0.442648	0.442648	0.885244	0.442648	0.442648	0.885244	0.885244	0.442648	0.442648	0.442648	0.442648	0.885244	0.442648	0.442648	0.442648	0.885244	0.885244	0.442648	0.442648	0.442648	0.885244	0.442648	0.442648	0.885244	0.442648	0.442648	0.885244	0.442648	0	0.442648	0.442648	0.442648	0.885244	0.442648	0.442648	0.442648	0.442648	0.885244	0.885244	0.442648	0	0.442648	0.442648	0.442648	0.442648	0.442648	0.442648	0.442648	0.442648	0.442648	0.885244	0.442648	0	0	0.442648	0.885244	0.442648	0	0.442648	0.442648	0	0.442648	0.442648	0	0.442648	0.442648	0.442648	0.442648	0.442648	0.442648	0.442648	0.442648	0	0.442648	0.442648	0	0	0.442648	0.885244	0.442648	0	0.442648	0.442648	0	0.442648	0.442648	0	0.442648	0.442648	0	0.442648	0.885244	0.442648	0	0	0.442648	0.442648	0	0.442648	0.442648	0	0	0.442648	0.442648	0	0.442648	0.442648	0	0	0.442648	0.442648	0	0	0.442648	0.442648	0	0	0	0.442648	0.442648	0	0	0.442648	0.442648	0	0.442648	0.442648	0	0	0	0	0.442648	0.442648	0	0	0	0	0	0	0	0.442648	0.442648	0	0	0	0	0	0	0	0	0	0	0	0	0	0	0	0	0	0	0	0	0	0	0.442648	0.442648	0	0	0	0	0	0	0	0	0	0	0.442648	0.442648	0	0	0	0	0	0	0	0	0	0.442648	0.442648	0	0	0	0	0	0.442648	0.442648	0	0	0.442648	0.442648	0	0	0	0.442648	0.442648	0	0	0.442648
0.442601	0.442601	0.442601	0	0.442601	0.442601	0	0	0.442601	0.885148	0.442601	0.442601	0.885148	0.885148	0.442601	0.442601	0.442601	0.442601	0.885148	0.442601	0.442601	0.442601	0.885148	0.885148	0.442601	0.442601	0.442601	0.885148	0.442601	0.442601	0.442601	0.885148	0.885148	0.442601	0.442601	0.885148	1.32759	0.442601	0.442601	0.442601	0.442601	0.885148	0.885148	0.442601	0.442601	0.885148	0.442601	0.442601	0.442601	0.442601	0.885148	0.442601	0.442601	0.885148	0.885148	0.442601	0.442601	0.442601	0.442601	0.885148	0.442601	0.442601	0.442601	0.885148	0.885148	0.442601	0.442601	0.442601	0.885148	0.442601	0.442601	0.885148	0.442601	0.442601	0.885148	0.442601	0	0.442601	0.442601	0.442601	0.885148	0.442601	0.442601	0.442601	0.442601	0.885148	0.885148	0.442601	0	0.442601	0.442601	0.442601	0.442601	0.442601	0.442601	0.442601	0.442601	0.442601	0.885148	0.442601	0	0	0.442601	0.885148	0.442601	0	0.442601	0.442601	0	0.442601	0.442601	0	0.442601	0.442601	0.442601	0.442601	0.442601	0.442601	0.442601	0.442601	0	0.442601	0.442601	0	0	0.442601	0.885148	0.442601	0	0.442601	0.442601	0	0.442601	0.442601	0	0.442601	0.442601	0	0.442601	0.885148	0.442601	0	0	0.442601	0.442601	0	0.442601	0.442601	0	0	0.442601	0.442601	0	0.442601	0.442601	0	0	0.442601	0.442601	0	0	0.442601	0.442601	0	0	0	0.442601	0.442601	0	0	0.442601	0.442601	0	0.442601	0.442601	0	0	0	0	0.442601	0.442601	0	0	0	0	0	0	0	0.442601	0.442601	0	0	0	0	0	0	0	0	0	0	0	0	0	0	0	0	0	0	0	0	0	0	0.442601	0.442601	0	0	0	0	0	0	0	0	0	0	0.442601	0.442601	0	0	0	0	0	0	0	0	0	0.442601	0.442601	0	0	0	0	0	0.442601	0.442601	0	0	0.442601	0.442601	0	0	0	0.442601	0.442601	0	0	0.442601
0.645135	0.494802	0.469422	0.349901	0.56415	0.44256	0	0	0.44256	0.885066	0.44256	0.44256	0.885066	0.885066	0.44256	0.44256	0.44256	0.44256	0.885066	0.44256	0.349879	0.469422	0.98953	0.98953	0.625885	0.625885	0.625885	0.98953	0.625885	0.625885	0.625885	1.04953	1.00181	0.44256	0.44256	0.78231	1.26132	0.625885	0.625885	0.625885	0.645135	1.00181	0.885066	0.44256	0.44256	0.885066	0.44256	0.44256	0.44256	0.44256	1.00181	0.645135	0.625885	0.98953	0.98953	0.625885	0.625885	0.625885	0.625885	0.98953	0.625885	0.625885	0.625885	0.98953	0.98953	0.625885	0.625885	0.625885	0.98953	0.625885	0.625885	0.98953	0.625885	0.625885	0.98953	0.625885	0.56419	0.95174	0.989576	0.989576	1.09521	0.645158	0.625885	0.625885	0.625885	0.98953	0.842574	0.349879	0.156477	0.645135	0.625885	0.469422	0.349879	0.44256	0.56415	0.494802	0.349879	0.44256	0.885066	0.44256	0	0	0.44256	0.78231	0.469422	0.349901	0.56415	0.44256	0	0.44256	0.44256	0.156477	0.494802	0.349879	0.44256	0.44256	0.44256	0.44256	0.44256	0.44256	0	0.44256	0.44256	0	0	0.44256	0.78231	0.469422	0.442594	0.625885	0.625885	0.442594	0.625885	0.625885	0.442594	0.645158	0.842619	0.782368	0.797842	1.09521	0.989576	0.885135	0.885135	0.989576	0.989576	0.885135	1.0496	1.2614	1.22199	1.00188	0.989576	0.989576	0.885135	0.989576	0.989576	0.885135	0.885135	0.989576	0.989576	0.885135	0.885135	1.0496	1.19156	1.00188	0.885135	0.885135	1.0496	1.19156	1.00188	0.885135	1.0496	1.19156	1.00188	1.0496	1.2614	1.32757	1.32757	1.32757	1.22199	1.19156	1.2614	1.32757	1.32757	1.32757	1.32757	1.22199	1.00188	0.885135	1.0496	1.2614	1.32757	1.32757	1.32757	1.32757	1.32757	1.32757	1.32757	1.32757	1.32757	1.32757	1.22199	1.00188	0.885135	0.885135	0.885135	0.885135	0.885135	0.885135	0.885135	0.885135	0.885135	0.885135	1.12827	1.56444	1.76985	1.76985	1.76985	1.66298	1.4424	1.32757	1.32757	1.32757	1.32757	1.32757	1.47593	1.69213	1.76985	1.76985	1.76985	1.76985	1.76985	1.66298	1.4424	1.32757	1.32757	1.47593	1.69213	1.76985	1.66298	1.4424	1.32757	1.32757	1.39934	1.39934	1.22199	1.00188	1.0496	1.2614	1.32757	1.22199	1.00188	1.0496	1.2614	1.22199	1.00188	1.0496
0.842496	0.494756	0.349869	0.469379	0.782238	0.442518	0	0	0.442518	0.884984	0.442518	0.442518	0.884984	0.884984	0.442518	0.442518	0.442518	0.442518	0.884984	0.442518	0.156463	0.349869	0.989438	0.989438	0.625827	0.625827	0.625827	0.989438	0.625827	0.625827	0.625827	1.2612	1.22178	0.442518	0.442518	0.564097	1.04944	0.625827	0.625827	0.625827	0.842496	1.22178	0.884984	0.442518	0.442518	0.884984	0.442518	0.442518	0.442518	0.442518	1.22178	0.842496	0.625827	0.989438	0.989438	0.625827	0.625827	0.625827	0.625827	0.989438	0.625827	0.625827	0.625827	0.989438	0.989438	0.625827	0.625827	0.625827	0.989438	0.625827	0.625827	0.989438	0.625827	0.625827	0.989438	0.625827	0.645098	1.09511	0.989484	0.989484	0.951652	0.564137	0.625827	0.625827	0.625827	0.989438	0.645075	0.156463	0.349847	0.842496	0.625827	0.349869	0.156463	0.442518	0.782238	0.494756	0.156463	0.442518	0.884984	0.442518	0	0	0.442518	0.564097	0.349869	0.469379	0.782238	0.442518	0	0.442518	0.442518	0.349847	0.494756	0.156463	0.442518	0.442518	0.442518	0.442518	0.442518	0.442518	0	0.442518	0.442518	0	0	0.442518	0.564097	0.349869	0.442553	0.625827	0.625827	0.442553	0.625827	0.625827	0.442553	0.564137	0.782296	0.842541	0.797769	0.951652	0.989484	0.885053	0.885053	0.989484	0.989484	0.885053	1.00179	1.22188	1.26128	1.0495	0.989484	0.989484	0.885053	0.989484	0.989484	0.885053	0.885053	0.989484	0.989484	0.885053	0.885053	1.00179	1.19145	1.0495	0.885053	0.885053	1.00179	1.19145	1.0495	0.885053	1.00179	1.19145	1.0495	1.00179	1.22188	1.32745	1.32745	1.32745	1.26128	1.19145	1.22188	1.32745	1.32745	1.32745	1.32745	1.26128	1.0495	0.885053	1.00179	1.22188	1.32745	1.32745	1.32745	1.32745	1.32745	1.32745	1.32745	1.32745	1.32745	1.32745	1.26128	1.0495	0.885053	0.885053	0.885053	0.885053	0.885053	0.885053	0.885053	0.885053	0.885053	0.885053	1.12817	1.5643	1.76968	1.76968	1.76968	1.69198	1.47579	1.32745	1.32745	1.32745	1.32745	1.32745	1.44227	1.66282	1.76968	1.76968	1.76968	1.76968	1.76968	1.69198	1.47579	1.32745	1.32745	1.44227	1.66282	1.76968	1.69198	1.47579	1.32745	1.32745	1.39921	1.39921	1.26128	1.0495	1.00179	1.22188	1.32745	1.26128	1.0495	1.00179	1.22188	1.26128	1.0495	1.00179
0.884902	0.442477	0	0.442477	0.884902	0.442477	0	0	0.442477	0.884902	0.442477	0.442477	0.884902	0.884902	0.442477	0.442477	0.442477	0.442477	0.884902	0.442477	0	0	0.884902	0.884902	0.442477	0.442477	0.442477	0.884902	0.442477	0.442477	0.442477	1.32722	1.32722	0.442477	0.442477	0.442477	0.884902	0.442477	0.442477	0.442477	0.884902	1.32722	0.884902	0.442477	0.442477	0.884902	0.442477	0.442477	0.442477	0.442477	1.32722	0.884902	0.442477	0.884902	0.884902	0.442477	0.442477	0.442477	0.442477	0.884902	0.442477	0.442477	0.442477	0.884902	0.884902	0.442477	0.442477	0.442477	0.884902	0.442477	0.442477	0.884902	0.442477	0.442477	0.884902	0.442477	0.442477	0.884902	0.442477	0.442477	0.442477	0	0.442477	0.442477	0.442477	0.884902	0.442477	0	0.442477	0.884902	0.442477	0	0	0.442477	0.884902	0.442477	0	0.442477	0.884902	0.442477	0	0	0.442477	0.442477	0	0.442477	0.884902	0.442477	0	0.442477	0.442477	0.442477	0.442477	0	0.442477	0.442477	0.442477	0.442477	0.442477	0.442477	0	0.442477	0.442477	0	0	0.442477	0.442477	0	0	0.442477	0.442477	0	0.442477	0.442477	0	0	0	0.442477	0.442477	0.442477	0.442477	0	0	0.442477	0.442477	0	0	0	0.442477	0.442477	0.442477	0.442477	0	0.442477	0.442477	0	0	0.442477	0.442477	0	0	0	0.442477	0.442477	0	0	0	0.442477	0.442477	0	0	0.442477	0.442477	0	0	0	0	0	0.442477	0.442477	0	0	0	0	0	0.442477	0.442477	0	0	0	0	0	0	0	0	0	0	0	0	0	0.442477	0.442477	0	0	0	0	0	0	0	0	0	0	0.442477	0.442477	0	0	0	0.442477	0.442477	0	0	0	0	0	0	0	0	0	0	0	0	0.442477	0.442477	0	0	0	0	0	0.442477	0.442477	0	0	0.442477	0.442477	0.442477	0.442477	0	0	0	0.442477	0.442477	0	0	0.442477	0.442477	0
0.88482	0.442436	0	0.442436	0.88482	0.442436	0	0	0.442436	0.88482	0.442436	0.442436	0.88482	0.88482	0.442436	0.442436	0.442436	0.442436	0.88482	0.442436	0	0	0.88482	0.88482	0.442436	0.442436	0.442436	0.88482	0.442436	0.442436	0.442436	1.3271	1.3271	0.442436	0.442436	0.442436	0.88482	0.442436	0.442436	0.442436	0.88482	1.3271	0.88482	0.442436	0.442436	0.88482	0.442436	0.442436	0.442436	0.442436	1.3271	0.88482	0.442436	0.88482	0.88482	0.442436	0.442436	0.442436	0.442436	0.88482	0.442436	0.442436	0.442436	0.88482	0.88482	0.442436	0.442436	0.442436	0.88482	0.442436	0.442436	0.88482	0.442436	0.442436	0.88482	0.442436	0.442436	0.88482	0.442436	0.442436	0.442436	0	0.442436	0.442436	0.442436	0.88482	0.442436	0	0.442436	0.88482	0.442436	0	0	0.442436	0.88482	0.442436	0	0.442436	0.88482	0.442436	0	0	0.442436	0.442436	0	0.442436	0.88482	0.442436	0	0.442436	0.442436	0.442436	0.442436	0	0.442436	0.442436	0.442436	0.442436	0.442436	0.442436	0	0.442436	0.442436	0	0	0.442436	0.442436	0	0	0.442436	0.442436	0	0.442436	0.442436	0	0	0	0.442436	0.442436	0.442436	0.442436	0	0	0.442436	0.442436	0	0	0	0.442436	0.442436	0.442436	0.442436	0	0.442436	0.442436	0	0	0.442436	0.442436	0	0	0	0.442436	0.442436	0	0	0	0.442436	0.442436	0	0	0.442436	0.442436	0	0	0	0	0	0.442436	0.442436	0	0	0	0	0	0.442436	0.442436	0	0	0	0	0	0	0	0	0	0	0	0	0	0.442436	0.442436	0	0	0	0	0	0	0	0	0	0	0.442436	0.442436	0	0	0	0.442436	0.442436	0	0	0	0	0	0	0	0	0	0	0	0	0.442436	0.442436	0	0	0	0	0	0.442436	0.442436	0	0	0.442436	0.442436	0.442436	0.442436	0	0	0	0.442436	0.442436	0	0	0.442436	0.442436	0
0.884738	0.442395	0	0.442395	0.884738	0.442395	0	0	0.442395	0.884738	0.442395	0.442395	0.884738	0.884738	0.442395	0.442395	0.442395	0.442395	0.884738	0.442395	0	0	0.884738	0.884738	0.442395	0.442395	0.442395	0.884738	0.442395	0.442395	0.442395	1.32698	1.32698	0.442395	0.442395	0.442395	0.884738	0.442395	0.442395	0.442395	0.884738	1.32698	0.884738	0.442395	0.442395	0.884738	0.442395	0.442395	0.442395	0.442395	1.32698	0.884738	0.442395	0.884738	0.884738	0.442395	0.442395	0.442395	0.442395	0.884738	0.442395	0.442395	0.442395	0.884738	0.884738	0.442395	0.442395	0.442395	0.884738	0.442395	0.442395	0.884738	0.442395	0.442395	0.884738	0.442395	0.442395	0.884738	0.442395	0.442395	0.442395	0	0.442395	0.442395	0.442395	0.884738	0.442395	0	0.442395	0.884738	0.442395	0	0	0.442395	0.884738	0.442395	0	0.442395	0.884738	0.442395	0	0	0.442395	0.442395	0	0.442395	0.884738	0.442395	0	0.442395	0.442395	0.442395	0.442395	0	0.442395	0.442395	0.442395	0.442395	0.442395	0.442395	0	0.442395	0.442395	0	0	0.442395	0.442395	0	0	0.442395	0.442395	0	0.442395	0.442395	0	0	0	0.442395	0.442395	0.442395	0.442395	0	0	0.442395	0.442395	0	0	0	0.442395	0.442395	0.442395	0.442395	0	0.442395	0.442395	0	0	0.442395	0.442395	0	0	0	0.442395	0.442395	0	0	0	0.442395	0.442395	0	0	0.442395	0.442395	0	0	0	0	0	0.442395	0.442395	0	0	0	0	0	0.442395	0.442395	0	0	0	0	0	0	0	0	0	0	0	0	0	0.442395	0.442395	0	0	0	0	0	0	0	0	0	0	0.442395	0.442395	0	0	0	0.442395	0.442395	0	0	0	0	0	0	0	0	0	0	0	0	0.442395	0.442395	0	0	0	0	0	0.442395	0.442395	0	0	0.442395	0.442395	0.442395	0.442395	0	0	0	0.442395	0.442395	0	0	0.442395	0.442395	0
0.884643	0.442348	0	0.442348	0.884643	0.442348	0	0	0.442348	0.884643	0.442348	0.442348	0.884643	0.884643	0.442348	0.442348	0.442348	0.442348	0.884643	0.442348	0	0	0.884643	0.884643	0.442348	0.442348	0.442348	0.884643	0.442348	0.442348	0.442348	1.32683	1.32683	0.442348	0.442348	0.442348	0.884643	0.442348	0.442348	0.442348	0.884643	1.32683	0.884643	0.442348	0.442348	0.884643	0.442348	0.442348	0.442348	0.442348	1.32683	0.884643	0.442348	0.884643	0.884643	0.442348	0.442348	0.442348	0.442348	0.884643	0.442348	0.442348	0.442348	0.884643	0.884643	0.442348	0.442348	0.442348	0.884643	0.442348	0.442348	0.884643	0.442348	0.442348	0.884643	0.442348	0.442348	0.884643	0.442348	0.442348	0.442348	0	0.442348	0.442348	0.442348	0.884643	0.442348	0	0.442348	0.884643	0.442348	0	0	0.442348	0.884643	0.442348	0	0.442348	0.884643	0.442348	0	0	0.442348	0.442348	0	0.442348	0.884643	0.442348	0	0.442348	0.442348	0.442348	0.442348	0	0.442348	0.442348	0.442348	0.442348	0.442348	0.442348	0	0.442348	0.442348	0	0	0.442348	0.442348	0	0	0.442348	0.442348	0	0.442348	0.442348	0	0	0	0.442348	0.442348	0.442348	0.442348	0	0	0.442348	0.442348	0	0	0	0.442348	0.442348	0.442348	0.442348	0	0.442348	0.442348	0	0	0.442348	0.442348	0	0	0	0.442348	0.442348	0	0	0	0.442348	0.442348	0	0	0.442348	0.442348	0	0	0	0	0	0.442348	0.442348	0	0	0	0	0	0.442348	0.442348	0	0	0	0	0	0	0	0	0	0	0	0	0	0.442348	0.442348	0	0	0	0	0	0	0	0	0	0	0.442348	0.442348	0	0	0	0.442348	0.442348	0	0	0	0	0	0	0	0	0	0	0	0	0.442348	0.442348	0	0	0	0	0	0.442348	0.442348	0	0	0.442348	0.442348	0.442348	0.442348	0	0	0	0.442348	0.442348	0	0	0.442348	0.442348	0
0.884561	0.442307	0	0.442307	0.884561	0.442307	0	0	0.442307	0.884561	0.442307	0.442307	0.884561	0.884561	0.442307	0.442307	0.442307	0.442307	0.884561	0.442307	0	0	0.884561	0.884561	0.442307	0.442307	0.442307	0.884561	0.442307	0.442307	0.442307	1.32671	1.32671	0.442307	0.442307	0.442307	0.884561	0.442307	0.442307	0.442307	0.884561	1.32671	0.884561	0.442307	0.442307	0.884561	0.442307	0.442307	0.442307	0.442307	1.32671	0.884561	0.442307	0.884561	0.884561	0.442307	0.442307	0.442307	0.442307	0.884561	0.442307	0.442307	0.442307	0.884561	0.884561	0.442307	0.442307	0.442307	0.884561	0.442307	0.442307	0.884561	0.442307	0.442307	0.884561	0.442307	0.442307	0.884561	0.442307	0.442307	0.442307	0	0.442307	0.442307	0.442307	0.884561	0.442307	0	0.442307	0.884561	0.442307	0	0	0.442307	0.884561	0.442307	0	0.442307	0.884561	0.442307	0	0	0.442307	0.442307	0	0.442307	0.884561	0.442307	0	0.442307	0.442307	0.442307	0.442307	0	0.442307	0.442307	0.442307	0.442307	0.442307	0.442307	0	0.442307	0.442307	0	0	0.442307	0.442307	0	0	0.442307	0.442307	0	0.442307	0.442307	0	0	0	0.442307	0.442307	0.442307	0.442307	0	0	0.442307	0.442307	0	0	0	0.442307	0.442307	0.442307	0.442307	0	0.442307	0.442307	0	0	0.442307	0.442307	0	0	0	0.442307	0.442307	0	0	0	0.442307	0.442307	0	0	0.442307	0.442307	0	0	0	0	0	0.442307	0.442307	0	0	0	0	0	0.442307	0.442307	0	0	0	0	0	0	0	0	0	0	0	0	0	0.442307	0.442307	0	0	0	0	0	0	0	0	0	0	0.442307	0.442307	0	0	0	0.442307	0.442307	0	0	0	0	0	0	0	0	0	0	0	0	0.442307	0.442307	0	0	0	0	0	0.442307	0.442307	0	0	0.442307	0.442307	0.442307	0.442307	0	0	0	0.442307	0.442307	0	0	0.442307	0.442307	0
0.884479	0.442266	0	0.442266	0.884479	0.442266	0	0	0.442266	0.884479	0.442266	0.442266	0.884479	0.884479	0.442266	0.442266	0.442266	0.442266	0.884479	0.442266	0	0	0.884479	0.884479	0.442266	0.442266	0.442266	0.884479	0.442266	0.442266	0.442266	1.32659	1.32659	0.442266	0.442266	0.442266	0.884479	0.442266	0.442266	0.442266	0.884479	1.32659	0.884479	0.442266	0.442266	0.884479	0.442266	0.442266	0.442266	0.442266	1.32659	0.884479	0.442266	0.884479	0.884479	0.442266	0.442266	0.442266	0.442266	0.884479	0.442266	0.442266	0.442266	0.884479	0.884479	0.442266	0.442266	0.442266	0.884479	0.442266	0.442266	0.884479	0.442266	0.442266	0.884479	0.442266	0.442266	0.884479	0.442266	0.442266	0.442266	0	0.442266	0.442266	0.442266	0.884479	0.442266	0	0.442266	0.884479	0.442266	0	0	0.442266	0.884479	0.442266	0	0.442266	0.884479	0.442266	0	0	0.442266	0.442266	0	0.442266	0.884479	0.442266	0	0.442266	0.442266	0.442266	0.442266	0	0.442266	0.442266	0.442266	0.442266	0.442266	0.442266	0	0.442266	0.442266	0	0	0.442266	0.442266	0	0	0.442266	0.442266	0	0.442266	0.442266	0	0	0	0.442266	0.442266	0.442266	0.442266	0	0	0.442266	0.442266	0	0	0	0.442266	0.442266	0.442266	0.442266	0	0.442266	0.442266	0	0	0.442266	0.442266	0	0	0	0.442266	0.442266	0	0	0	0.442266	0.442266	0	0	0.442266	0.442266	0	0	0	0	0	0.442266	0.442266	0	0	0	0	0	0.442266	0.442266	0	0	0	0	0	0	0	0	0	0	0	0	0	0.442266	0.442266	0	0	0	0	0	0	0	0	0	0	0.442266	0.442266	0	0	0	0.442266	0.442266	0	0	0	0	0	0	0	0	0	0	0	0	0.442266	0.442266	0	0	0	0	0	0.442266	0.442266	0	0	0.442266	0.442266	0.442266	0.442266	0	0	0	0.442266	0.442266	0	0	0.442266	0.442266	0
0.884397	0.442225	0	0.442225	0.884397	0.442225	0	0	0.442225	0.884397	0.442225	0.442225	0.884397	0.884397	0.442225	0.442225	0.442225	0.442225	0.884397	0.442225	0	0	0.884397	0.884397	0.442225	0.442225	0.442225	0.884397	0.442225	0.442225	0.442225	1.32646	1.32646	0.442225	0.442225	0.442225	0.884397	0.442225	0.442225	0.442225	0.884397	1.32646	0.884397	0.442225	0.442225	0.884397	0.442225	0.442225	0.442225	0.442225	1.32646	0.884397	0.442225	0.884397	0.884397	0.442225	0.442225	0.442225	0.442225	0.884397	0.442225	0.442225	0.442225	0.884397	0.884397	0.442225	0.442225	0.442225	0.884397	0.442225	0.442225	0.884397	0.442225	0.442225	0.884397	0.442225	0.442225	0.884397	0.442225	0.442225	0.442225	0	0.442225	0.442225	0.442225	0.884397	0.442225	0	0.442225	0.884397	0.442225	0	0	0.442225	0.884397	0.442225	0	0.442225	0.884397	0.442225	0	0	0.442225	0.442225	0	0.442225	0.884397	0.442225	0	0.442225	0.442225	0.442225	0.442225	0	0.442225	0.442225	0.442225	0.442225	0.442225	0.442225	0	0.442225	0.442225	0	0	0.442225	0.442225	0	0	0.442225	0.442225	0	0.442225	0.442225	0	0	0	0.442225	0.442225	0.442225	0.442225	0	0	0.442225	0.442225	0	0	0	0.442225	0.442225	0.442225	0.442225	0	0.442225	0.442225	0	0	0.442225	0.442225	0	0	0	0.442225	0.442225	0	0	0	0.442225	0.442225	0	0	0.442225	0.442225	0	0	0	0	0	0.442225	0.442225	0	0	0	0	0	0.442225	0.442225	0	0	0	0	0	0	0	0	0	0	0	0	0	0.442225	0.442225	0	0	0	0	0	0	0	0	0	0	0.442225	0.442225	0	0	0	0.442225	0.442225	0	0	0	0	0	0	0	0	0	0	0	0	0.442225	0.442225	0	0	0	0	0	0.442225	0.442225	0	0	0.442225	0.442225	0.442225	0.442225	0	0	0	0.442225	0.442225	0	0	0.442225	0.442225	0
0.884315	0.442184	0	0.442184	0.884315	0.442184	0	0	0.442184	0.884315	0.442184	0.442184	0.884315	0.884315	0.442184	0.442184	0.442184	0.442184	0.884315	0.442184	0	0	0.884315	0.884315	0.442184	0.442184	0.442184	0.884315	0.442184	0.442184	0.442184	1.32634	1.32634	0.442184	0.442184	0.442184	0.884315	0.442184	0.442184	0.442184	0.884315	1.32634	0.884315	0.442184	0.442184	0.884315	0.442184	0.442184	0.442184	0.442184	1.32634	0.884315	0.442184	0.884315	0.884315	0.442184	0.442184	0.442184	0.442184	0.884315	0.442184	0.442184	0.442184	0.884315	0.884315	0.442184	0.442184	0.442184	0.884315	0.442184	0.442184	0.884315	0.442184	0.442184	0.884315	0.442184	0.442184	0.884315	0.442184	0.442184	0.442184	0	0.442184	0.442184	0.442184	0.884315	0.442184	0	0.442184	0.884315	0.442184	0	0	0.442184	0.884315	0.442184	0	0.442184	0.884315	0.442184	0	0	0.442184	0.442184	0	0.442184	0.884315	0.442184	0	0.442184	0.442184	0.442184	0.442184	0	0.442184	0.442184	0.442184	0.442184	0.442184	0.442184	0	0.442184	0.442184	0	0	0.442184	0.442184	0	0	0.442184	0.442184	0	0.442184	0.442184	0	0	0	0.442184	0.442184	0.442184	0.442184	0	0	0.442184	0.442184	0	0	0	0.442184	0.442184	0.442184	0.442184	0	0.442184	0.442184	0	0	0.442184	0.442184	0	0	0	0.442184	0.442184	0	0	0	0.442184	0.442184	0	0	0.442184	0.442184	0	0	0	0	0	0.442184	0.442184	0	0	0	0	0	0.442184	0.442184	0	0	0	0	0	0	0	0	0	0	0	0	0	0.442184	0.442184	0	0	0	0	0	0	0	0	0	0	0.442184	0.442184	0	0	0	0.442184	0.442184	0	0	0	0	0	0	0	0	0	0	0	0	0.442184	0.442184	0	0	0	0	0	0.442184	0.442184	0	0	0.442184	0.442184	0.442184	0.442184	0	0	0	0.442184	0.442184	0	0	0.442184	0.442184	0
0.884233	0.442143	0	0.442143	0.884233	0.442143	0	0	0.442143	0.884233	0.442143	0.442143	0.884233	0.884233	0.442143	0.442143	0.442143	0.442143	0.884233	0.442143	0	0	0.884233	0.884233	0.442143	0.442143	0.442143	0.884233	0.442143	0.442143	0.442143	1.32622	1.32622	0.442143	0.442143	0.442143	0.884233	0.442143	0.442143	0.442143	0.884233	1.32622	0.884233	0.442143	0.442143	0.884233	0.442143	0.442143	0.442143	0.442143	1.32622	0.884233	0.442143	0.884233	0.884233	0.442143	0.442143	0.442143	0.442143	0.884233	0.442143	0.442143	0.442143	0.884233	0.884233	0.442143	0.442143	0.442143	0.884233	0.442143	0.442143	0.884233	0.442143	0.442143	0.884233	0.442143	0.442143	0.884233	0.442143	0.442143	0.442143	0	0.442143	0.442143	0.442143	0.884233	0.442143	0	0.442143	0.884233	0.442143	0	0	0.442143	0.884233	0.442143	0	0.442143	0.884233	0.442143	0	0	0.442143	0.442143	0	0.442143	0.884233	0.442143	0	0.442143	0.442143	0.442143	0.442143	0	0.442143	0.442143	0.442143	0.442143	0.442143	0.442143	0	0.442143	0.442143	0	0	0.442143	0.442143	0	0	0.442143	0.442143	0	0.442143	0.442143	0	0	0	0.442143	0.442143	0.442143	0.442143	0	0	0.442143	0.442143	0	0	0	0.442143	0.442143	0.442143	0.442143	0	0.442143	0.442143	0	0	0.442143	0.442143	0	0	0	0.442143	0.442143	0	0	0	0.442143	0.442143	0	0	0.442143	0.442143	0	0	0	0	0	0.442143	0.442143	0	0	0	0	0	0.442143	0.442143	0	0	0	0	0	0	0	0	0	0	0	0	0	0.442143	0.442143	0	0	0	0	0	0	0	0	0	0	0.442143	0.442143	0	0	0	0.442143	0.442143	0	0	0	0	0	0	0	0	0	0	0	0	0.442143	0.442143	0	0	0	0	0	0.442143	0.442143	0	0	0.442143	0.442143	0.442143	0.442143	0	0	0	0.442143	0.442143	0	0	0.442143	0.442143	0
0.884138	0.442095	0	0.442095	0.884138	0.442095	0	0	0.442095	0.884138	0.442095	0.442095	0.884138	0.884138	0.442095	0.442095	0.442095	0.442095	0.884138	0.442095	0	0	0.884138	0.884138	0.442095	0.442095	0.442095	0.884138	0.442095	0.442095	0.442095	1.32607	1.32607	0.442095	0.442095	0.442095	0.884138	0.442095	0.442095	0.442095	0.884138	1.32607	0.884138	0.442095	0.442095	0.884138	0.442095	0.442095	0.442095	0.442095	1.32607	0.884138	0.442095	0.884138	0.884138	0.442095	0.442095	0.442095	0.442095	0.884138	0.442095	0.442095	0.442095	0.884138	0.884138	0.442095	0.442095	0.442095	0.884138	0.442095	0.442095	0.884138	0.442095	0.442095	0.884138	0.442095	0.442095	0.884138	0.442095	0.442095	0.442095	0	0.442095	0.442095	0.442095	0.884138	0.442095	0	0.442095	0.884138	0.442095	0	0	0.442095	0.884138	0.442095	0	0.442095	0.884138	0.442095	0	0	0.442095	0.442095	0	0.442095	0.884138	0.442095	0	0.442095	0.442095	0.442095	0.442095	0	0.442095	0.442095	0.442095	0.442095	0.442095	0.442095	0	0.442095	0.442095	0	0	0.442095	0.442095	0	0	0.442095	0.442095	0	0.442095	0.442095	0	0	0	0.442095	0.442095	0.442095	0.442095	0	0	0.442095	0.442095	0	0	0	0.442095	0.442095	0.442095	0.442095	0	0.442095	0.442095	0	0	0.442095	0.442095	0	0	0	0.442095	0.442095	0	0	0	0.442095	0.442095	0	0	0.442095	0.442095	0	0	0	0	0	0.442095	0.442095	0	0	0	0	0	0.442095	0.442095	0	0	0	0	0	0	0	0	0	0	0	0	0	0.442095	0.442095	0	0	0	0	0	0	0	0	0	0	0.442095	0.442095	0	0	0	0.442095	0.442095	0	0	0	0	0	0	0	0	0	0	0	0	0.442095	0.442095	0	0	0	0	0	0.442095	0.442095	0	0	0.442095	0.442095	0.442095	0.442095	0	0	0	0.442095	0.442095	0	0	0.442095	0.442095	0
0.884056	0.442054	0	0.442054	0.884056	0.442054	0	0	0.442054	0.884056	0.442054	0.442054	0.884056	0.884056	0.442054	0.442054	0.442054	0.442054	0.884056	0.442054	0	0	0.884056	0.884056	0.442054	0.442054	0.442054	0.884056	0.442054	0.442054	0.442054	1.32595	1.32595	0.442054	0.442054	0.442054	0.884056	0.442054	0.442054	0.442054	0.884056	1.32595	0.884056	0.442054	0.442054	0.884056	0.442054	0.442054	0.442054	0.442054	1.32595	0.884056	0.442054	0.884056	0.884056	0.442054	0.442054	0.442054	0.442054	0.884056	0.442054	0.442054	0.442054	0.884056	0.884056	0.442054	0.442054	0.442054	0.884056	0.442054	0.442054	0.884056	0.442054	0.442054	0.884056	0.442054	0.442054	0.884056	0.442054	0.442054	0.442054	0	0.442054	0.442054	0.442054	0.884056	0.442054	0	0.442054	0.884056	0.442054	0	0	0.442054	0.884056	0.442054	0	0.442054	0.884056	0.442054	0	0	0.442054	0.442054	0	0.442054	0.884056	0.442054	0	0.442054	0.442054	0.442054	0.442054	0	0.442054	0.442054	0.442054	0.442054	0.442054	0.442054	0	0.442054	0.442054	0	0	0.442054	0.442054	0	0	0.442054	0.442054	0	0.442054	0.442054	0	0	0	0.442054	0.442054	0.442054	0.442054	0	0	0.442054	0.442054	0	0	0	0.442054	0.442054	0.442054	0.442054	0	0.442054	0.442054	0	0	0.442054	0.442054	0	0	0	0.442054	0.442054	0	0	0	0.442054	0.442054	0	0	0.442054	0.442054	0	0	0	0	0	0.442054	0.442054	0	0	0	0	0	0.442054	0.442054	0	0	0	0	0	0	0	0	0	0	0	0	0	0.442054	0.442054	0	0	0	0	0	0	0	0	0	0	0.442054	0.442054	0	0	0	0.442054	0.442054	0	0	0	0	0	0	0	0	0	0	0	0	0.442054	0.442054	0	0	0	0	0	0.442054	0.442054	0	0	0.442054	0.442054	0.442054	0.442054	0	0	0	0.442054	0.442054	0	0	0.442054	0.442054	0
0.883974	0.442013	0	0.442013	0.883974	0.442013	0.156284	0.349469	0.625113	0.988309	0.625113	0.468843	0.781345	0.883974	0.442013	0.442013	0.442013	0.442013	0.883974	0.442013	0.156284	0.349469	0.988309	0.988309	0.625113	0.625113	0.625113	0.988309	0.625113	0.625113	0.625113	1.39753	1.39753	0.625113	0.625113	0.625113	0.988309	0.625113	0.625113	0.625113	0.841534	1.22039	1.00057	0.644338	0.625113	0.988309	0.625113	0.625113	0.625113	0.625113	1.25976	0.781345	0.563453	1.04824	0.988309	0.625113	0.625113	0.625113	0.625113	0.988309	0.625113	0.625113	0.625113	0.988309	0.988309	0.625113	0.625113	0.625113	0.988309	0.625113	0.625113	0.988309	0.625113	0.625113	0.988309	0.625113	0.625113	0.988309	0.625113	0.625113	0.781374	0.781403	0.988354	0.988354	0.841579	0.950542	0.625113	0.442047	0.625113	0.988309	0.625113	0.442047	0.442047	0.625113	0.841534	0.494191	0.349469	0.468843	0.781345	0.442013	0	0	0.442013	0.442013	0	0.442013	0.781345	0.494191	0.156284	0.349447	0.468843	0.625113	0.625113	0.442047	0.625113	0.625113	0.625113	0.625113	0.644362	0.841579	0.781403	0.796858	0.841579	0.781403	0.563493	0.644362	0.841579	0.781403	0.563493	0.644362	0.841579	0.884042	0.988354	0.988354	0.884042	0.781403	0.563493	0.644362	0.841579	0.988354	0.988354	0.884042	0.884042	0.988354	0.988354	0.884042	0.884042	0.884042	0.988354	0.988354	0.988354	0.988354	0.884042	1.0483	1.25984	1.22048	1.00064	1.0483	1.25984	1.22048	1.00064	0.884042	0.988354	0.988354	0.884042	0.884042	0.884042	0.988354	0.988354	0.884042	0.884042	0.988354	0.988354	0.884042	0.884042	0.884042	0.884042	0.884042	1.0483	1.19009	1.00064	0.884042	0.884042	0.884042	0.884042	1.0483	1.25984	1.32593	1.32593	1.32593	1.32593	1.22048	1.00064	0.884042	0.884042	0.884042	0.884042	0.884042	0.884042	0.884042	1.0483	1.25984	1.32593	1.32593	1.32593	1.32593	1.32593	1.32593	1.32593	1.32593	1.32593	1.32593	1.25984	1.0483	0.884042	0.884042	0.884042	1.0483	1.25984	1.32593	1.32593	1.22048	1.00064	0.884042	0.884042	0.884042	0.884042	0.884042	0.884042	0.884042	0.884042	0.988354	0.988354	0.884042	0.884042	0.884042	0.884042	0.781403	0.796858	0.841579	0.884042	0.884042	0.988354	0.988354	1.0483	1.25984	1.22048	1.00064	0.884042	1.0483	1.25984	1.22048	1.00064	0.988354	0.988354	0.884042
0.883892	0.441972	0	0.441972	0.883892	0.441972	0.349415	0.468799	0.625055	0.988217	0.625055	0.349437	0.563401	0.883892	0.441972	0.441972	0.441972	0.441972	0.883892	0.441972	0.349415	0.468799	0.988217	0.988217	0.625055	0.625055	0.625055	0.988217	0.625055	0.625055	0.625055	1.3974	1.3974	0.625055	0.625055	0.625055	0.988217	0.625055	0.625055	0.625055	0.644279	1.00048	1.22028	0.841457	0.625055	0.988217	0.625055	0.625055	0.625055	0.625055	1.04814	0.563401	0.781272	1.25964	0.988217	0.625055	0.625055	0.625055	0.625055	0.988217	0.625055	0.625055	0.625055	0.988217	0.988217	0.625055	0.625055	0.625055	0.988217	0.625055	0.625055	0.988217	0.625055	0.625055	0.988217	0.625055	0.625055	0.988217	0.625055	0.625055	0.950454	0.841501	0.988263	0.988263	0.78133	0.781301	0.625055	0.442006	0.625055	0.988217	0.625055	0.442006	0.442006	0.625055	0.644279	0.494145	0.468799	0.349437	0.563401	0.441972	0	0	0.441972	0.441972	0	0.441972	0.563401	0.494145	0.349415	0.15627	0.349437	0.625055	0.625055	0.442006	0.625055	0.625055	0.625055	0.625055	0.563441	0.78133	0.841501	0.796784	0.78133	0.841501	0.644302	0.563441	0.78133	0.841501	0.644302	0.563441	0.78133	0.88396	0.988263	0.988263	0.88396	0.841501	0.644302	0.563441	0.78133	0.988263	0.988263	0.88396	0.88396	0.988263	0.988263	0.88396	0.88396	0.88396	0.988263	0.988263	0.988263	0.988263	0.88396	1.00055	1.22037	1.25973	1.04821	1.00055	1.22037	1.25973	1.04821	0.88396	0.988263	0.988263	0.88396	0.88396	0.88396	0.988263	0.988263	0.88396	0.88396	0.988263	0.988263	0.88396	0.88396	0.88396	0.88396	0.88396	1.00055	1.18998	1.04821	0.88396	0.88396	0.88396	0.88396	1.00055	1.22037	1.32581	1.32581	1.32581	1.32581	1.25973	1.04821	0.88396	0.88396	0.88396	0.88396	0.88396	0.88396	0.88396	1.00055	1.22037	1.32581	1.32581	1.32581	1.32581	1.32581	1.32581	1.32581	1.32581	1.32581	1.32581	1.22037	1.00055	0.88396	0.88396	0.88396	1.00055	1.22037	1.32581	1.32581	1.25973	1.04821	0.88396	0.88396	0.88396	0.88396	0.88396	0.88396	0.88396	0.88396	0.988263	0.988263	0.88396	0.88396	0.88396	0.88396	0.841501	0.796784	0.78133	0.88396	0.88396	0.988263	0.988263	1.00055	1.22037	1.25973	1.04821	0.88396	1.00055	1.22037	1.25973	1.04821	0.988263	0.988263	0.88396
0.88381	0.441931	0	0.441931	0.88381	0.441931	0.441931	0.441931	0.441931	0.88381	0.441931	0	0.441931	0.88381	0.441931	0.441931	0.441931	0.441931	0.88381	0.441931	0.441931	0.441931	0.88381	0.88381	0.441931	0.441931	0.441931	0.88381	0.441931	0.441931	0.441931	1.32558	1.32558	0.441931	0.441931	0.441931	0.88381	0.441931	0.441931	0.441931	0.441931	0.88381	1.32558	0.88381	0.441931	0.88381	0.441931	0.441931	0.441931	0.441931	0.88381	0.441931	0.88381	1.32558	0.88381	0.441931	0.441931	0.441931	0.441931	0.88381	0.441931	0.441931	0.441931	0.88381	0.88381	0.441931	0.441931	0.441931	0.88381	0.441931	0.441931	0.88381	0.441931	0.441931	0.88381	0.441931	0.441931	0.88381	0.441931	0.441931	0.88381	0.441931	0.441931	0.441931	0	0.441931	0.441931	0	0.441931	0.88381	0.441931	0	0	0.441931	0.441931	0.441931	0.441931	0	0.441931	0.441931	0	0	0.441931	0.441931	0	0.441931	0.441931	0.441931	0.441931	0	0	0.441931	0.441931	0	0.441931	0.441931	0.441931	0.441931	0	0	0.441931	0.441931	0	0.441931	0.441931	0	0	0.441931	0.441931	0	0	0	0.441931	0.441931	0	0.441931	0.441931	0	0	0.441931	0.441931	0	0	0.441931	0.441931	0	0	0	0.441931	0.441931	0.441931	0.441931	0	0	0	0.441931	0.441931	0	0	0.441931	0.441931	0	0.441931	0.441931	0	0	0	0.441931	0.441931	0	0	0.441931	0.441931	0	0	0	0	0	0	0.441931	0.441931	0	0	0	0	0	0	0	0	0	0	0.441931	0.441931	0	0	0	0	0	0	0	0	0	0	0	0	0	0	0	0	0	0	0	0	0	0	0	0	0	0	0	0	0.441931	0.441931	0	0	0	0	0	0	0	0	0.441931	0.441931	0	0	0	0	0.441931	0.441931	0	0	0	0.441931	0.441931	0	0	0.441931	0.441931	0	0	0	0.441931	0.441931	0.441931	0.441931	0
0.883715	0.441884	0	0.441884	0.883715	0.441884	0.441884	0.441884	0.441884	0.883715	0.441884	0	0.441884	0.883715	0.441884	0.441884	0.441884	0.441884	0.883715	0.441884	0.441884	0.441884	0.883715	0.883715	0.441884	0.441884	0.441884	0.883715	0.441884	0.441884	0.441884	1.32544	1.32544	0.441884	0.441884	0.441884	0.883715	0.441884	0.441884	0.441884	0.441884	0.883715	1.32544	0.883715	0.441884	0.883715	0.441884	0.441884	0.441884	0.441884	0.883715	0.441884	0.883715	1.32544	0.883715	0.441884	0.441884	0.441884	0.441884	0.883715	0.441884	0.441884	0.441884	0.883715	0.883715	0.441884	0.441884	0.441884	0.883715	0.441884	0.441884	0.883715	0.441884	0.441884	0.883715	0.441884	0.441884	0.883715	0.441884	0.441884	0.883715	0.441884	0.441884	0.441884	0	0.441884	0.441884	0	0.441884	0.883715	0.441884	0	0	0.441884	0.441884	0.441884	0.441884	0	0.441884	0.441884	0	0	0.441884	0.441884	0	0.441884	0.441884	0.441884	0.441884	0	0	0.441884	0.441884	0	0.441884	0.441884	0.441884	0.441884	0	0	0.441884	0.441884	0	0.441884	0.441884	0	0	0.441884	0.441884	0	0	0	0.441884	0.441884	0	0.441884	0.441884	0	0	0.441884	0.441884	0	0	0.441884	0.441884	0	0	0	0.441884	0.441884	0.441884	0.441884	0	0	0	0.441884	0.441884	0	0	0.441884	0.441884	0	0.441884	0.441884	0	0	0	0.441884	0.441884	0	0	0.441884	0.441884	0	0	0	0	0	0	0.441884	0.441884	0	0	0	0	0	0	0	0	0	0	0.441884	0.441884	0	0	0	0	0	0	0	0	0	0	0	0	0	0	0	0	0	0	0	0	0	0	0	0	0	0	0	0	0.441884	0.441884	0	0	0	0	0	0	0	0	0.441884	0.441884	0	0	0	0	0.441884	0.441884	0	0	0	0.441884	0.441884	0	0	0.441884	0.441884	0	0	0	0.441884	0.441884	0.441884	0.441884	0
0.883633	0.441843	0	0.441843	0.883633	0.441843	0.441843	0.441843	0.441843	0.883633	0.441843	0	0.441843	0.883633	0.441843	0.441843	0.441843	0.441843	0.883633	0.441843	0.441843	0.441843	0.883633	0.883633	0.441843	0.441843	0.441843	0.883633	0.441843	0.441843	0.441843	1.32532	1.32532	0.441843	0.441843	0.441843	0.883633	0.441843	0.441843	0.441843	0.441843	0.883633	1.32532	0.883633	0.441843	0.883633	0.441843	0.441843	0.441843	0.441843	0.883633	0.441843	0.883633	1.32532	0.883633	0.441843	0.441843	0.441843	0.441843	0.883633	0.441843	0.441843	0.441843	0.883633	0.883633	0.441843	0.441843	0.441843	0.883633	0.441843	0.441843	0.883633	0.441843	0.441843	0.883633	0.441843	0.441843	0.883633	0.441843	0.441843	0.883633	0.441843	0.441843	0.441843	0	0.441843	0.441843	0	0.441843	0.883633	0.441843	0	0	0.441843	0.441843	0.441843	0.441843	0	0.441843	0.441843	0	0	0.441843	0.441843	0	0.441843	0.441843	0.441843	0.441843	0	0	0.441843	0.441843	0	0.441843	0.441843	0.441843	0.441843	0	0	0.441843	0.441843	0	0.441843	0.441843	0	0	0.441843	0.441843	0	0	0	0.441843	0.441843	0	0.441843	0.441843	0	0	0.441843	0.441843	0	0	0.441843	0.441843	0	0	0	0.441843	0.441843	0.441843	0.441843	0	0	0	0.441843	0.441843	0	0	0.441843	0.441843	0	0.441843	0.441843	0	0	0	0.441843	0.441843	0	0	0.441843	0.441843	0	0	0	0	0	0	0.441843	0.441843	0	0	0	0	0	0	0	0	0	0	0.441843	0.441843	0	0	0	0	0	0	0	0	0	0	0	0	0	0	0	0	0	0	0	0	0	0	0	0	0	0	0	0	0.441843	0.441843	0	0	0	0	0	0	0	0	0.441843	0.441843	0	0	0	0	0.441843	0.441843	0	0	0	0.441843	0.441843	0	0	0.441843	0.441843	0	0	0	0.441843	0.441843	0.441843	0.441843	0
0.883551	0.441802	0	0.441802	0.883551	0.441802	0.441802	0.441802	0.441802	0.883551	0.441802	0	0.441802	0.883551	0.441802	0.441802	0.441802	0.441802	0.883551	0.441802	0.441802	0.441802	0.883551	0.883551	0.441802	0.441802	0.441802	0.883551	0.441802	0.441802	0.441802	1.3252	1.3252	0.441802	0.441802	0.441802	0.883551	0.441802	0.441802	0.441802	0.441802	0.883551	1.3252	0.883551	0.441802	0.883551	0.441802	0.441802	0.441802	0.441802	0.883551	0.441802	0.883551	1.3252	0.883551	0.441802	0.441802	0.441802	0.441802	0.883551	0.441802	0.441802	0.441802	0.883551	0.883551	0.441802	0.441802	0.441802	0.883551	0.441802	0.441802	0.883551	0.441802	0.441802	0.883551	0.441802	0.441802	0.883551	0.441802	0.441802	0.883551	0.441802	0.441802	0.441802	0	0.441802	0.441802	0	0.441802	0.883551	0.441802	0	0	0.441802	0.441802	0.441802	0.441802	0	0.441802	0.441802	0	0	0.441802	0.441802	0	0.441802	0.441802	0.441802	0.441802	0	0	0.441802	0.441802	0	0.441802	0.441802	0.441802	0.441802	0	0	0.441802	0.441802	0	0.441802	0.441802	0	0	0.441802	0.441802	0	0	0	0.441802	0.441802	0	0.441802	0.441802	0	0	0.441802	0.441802	0	0	0.441802	0.441802	0	0	0	0.441802	0.441802	0.441802	0.441802	0	0	0	0.441802	0.441802	0	0	0.441802	0.441802	0	0.441802	0.441802	0	0	0	0.441802	0.441802	0	0	0.441802	0.441802	0	0	0	0	0	0	0.441802	0.441802	0	0	0	0	0	0	0	0	0	0	0.441802	0.441802	0	0	0	0	0	0	0	0	0	0	0	0	0	0	0	0	0	0	0	0	0	0	0	0	0	0	0	0	0.441802	0.441802	0	0	0	0	0	0	0	0	0.441802	0.441802	0	0	0	0	0.441802	0.441802	0	0	0	0.441802	0.441802	0	0	0.441802	0.441802	0	0	0	0.441802	0.441802	0.441802	0.441802	0
0.88347	0.441761	0	0.441761	0.88347	0.441761	0.441761	0.441761	0.441761	0.88347	0.441761	0	0.441761	0.88347	0.441761	0.441761	0.441761	0.441761	0.88347	0.441761	0.441761	0.441761	0.88347	0.88347	0.441761	0.441761	0.441761	0.88347	0.441761	0.441761	0.441761	1.32507	1.32507	0.441761	0.441761	0.441761	0.88347	0.441761	0.441761	0.441761	0.441761	0.88347	1.32507	0.88347	0.441761	0.88347	0.441761	0.441761	0.441761	0.441761	0.88347	0.441761	0.88347	1.32507	0.88347	0.441761	0.441761	0.441761	0.441761	0.88347	0.441761	0.441761	0.441761	0.88347	0.88347	0.441761	0.441761	0.441761	0.88347	0.441761	0.441761	0.88347	0.441761	0.441761	0.88347	0.441761	0.441761	0.88347	0.441761	0.441761	0.88347	0.441761	0.441761	0.441761	0	0.441761	0.441761	0	0.441761	0.88347	0.441761	0	0	0.441761	0.441761	0.441761	0.441761	0	0.441761	0.441761	0	0	0.441761	0.441761	0	0.441761	0.441761	0.441761	0.441761	0	0	0.441761	0.441761	0	0.441761	0.441761	0.441761	0.441761	0	0	0.441761	0.441761	0	0.441761	0.441761	0	0	0.441761	0.441761	0	0	0	0.441761	0.441761	0	0.441761	0.441761	0	0	0.441761	0.441761	0	0	0.441761	0.441761	0	0	0	0.441761	0.441761	0.441761	0.441761	0	0	0	0.441761	0.441761	0	0	0.441761	0.441761	0	0.441761	0.441761	0	0	0	0.441761	0.441761	0	0	0.441761	0.441761	0	0	0	0	0	0	0.441761	0.441761	0	0	0	0	0	0	0	0	0	0	0.441761	0.441761	0	0	0	0	0	0	0	0	0	0	0	0	0	0	0	0	0	0	0	0	0	0	0	0	0	0	0	0	0.441761	0.441761	0	0	0	0	0	0	0	0	0.441761	0.441761	0	0	0	0	0.441761	0.441761	0	0	0	0.441761	0.441761	0	0	0.441761	0.441761	0	0	0	0.441761	0.441761	0.441761	0.441761	0
0.883388	0.44172	0	0.44172	0.883388	0.44172	0.44172	0.44172	0.44172	0.883388	0.44172	0	0.44172	0.883388	0.44172	0.44172	0.44172	0.44172	0.883388	0.44172	0.44172	0.44172	0.883388	0.883388	0.44172	0.44172	0.44172	0.883388	0.44172	0.44172	0.44172	1.32495	1.32495	0.44172	0.44172	0.44172	0.883388	0.44172	0.44172	0.44172	0.44172	0.883388	1.32495	0.883388	0.44172	0.883388	0.44172	0.44172	0.44172	0.44172	0.883388	0.44172	0.883388	1.32495	0.883388	0.44172	0.44172	0.44172	0.44172	0.883388	0.44172	0.44172	0.44172	0.883388	0.883388	0.44172	0.44172	0.44172	0.883388	0.44172	0.44172	0.883388	0.44172	0.44172	0.883388	0.44172	0.44172	0.883388	0.44172	0.44172	0.883388	0.44172	0.44172	0.44172	0	0.44172	0.44172	0	0.44172	0.883388	0.44172	0	0	0.44172	0.44172	0.44172	0.44172	0	0.44172	0.44172	0	0	0.44172	0.44172	0	0.44172	0.44172	0.44172	0.44172	0	0	0.44172	0.44172	0	0.44172	0.44172	0.44172	0.44172	0	0	0.44172	0.44172	0	0.44172	0.44172	0	0	0.44172	0.44172	0	0	0	0.44172	0.44172	0	0.44172	0.44172	0	0	0.44172	0.44172	0	0	0.44172	0.44172	0	0	0	0.44172	0.44172	0.44172	0.44172	0	0	0	0.44172	0.44172	0	0	0.44172	0.44172	0	0.44172	0.44172	0	0	0	0.44172	0.44172	0	0	0.44172	0.44172	0	0	0	0	0	0	0.44172	0.44172	0	0	0	0	0	0	0	0	0	0	0.44172	0.44172	0	0	0	0	0	0	0	0	0	0	0	0	0	0	0	0	0	0	0	0	0	0	0	0	0	0	0	0	0.44172	0.44172	0	0	0	0	0	0	0	0	0.44172	0.44172	0	0	0	0	0.44172	0.44172	0	0	0	0.44172	0.44172	0	0	0.44172	0.44172	0	0	0	0.44172	0.44172	0.44172	0.44172	0
0.883306	0.441679	0	0.441679	0.883306	0.441679	0.441679	0.441679	0.441679	0.883306	0.441679	0	0.441679	0.883306	0.441679	0.441679	0.441679	0.441679	0.883306	0.441679	0.441679	0.441679	0.883306	0.883306	0.441679	0.441679	0.441679	0.883306	0.441679	0.441679	0.441679	1.32483	1.32483	0.441679	0.441679	0.441679	0.883306	0.441679	0.441679	0.441679	0.441679	0.883306	1.32483	0.883306	0.441679	0.883306	0.441679	0.441679	0.441679	0.441679	0.883306	0.441679	0.883306	1.32483	0.883306	0.441679	0.441679	0.441679	0.441679	0.883306	0.441679	0.441679	0.441679	0.883306	0.883306	0.441679	0.441679	0.441679	0.883306	0.441679	0.441679	0.883306	0.441679	0.441679	0.883306	0.441679	0.441679	0.883306	0.441679	0.441679	0.883306	0.441679	0.441679	0.441679	0	0.441679	0.441679	0	0.441679	0.883306	0.441679	0	0	0.441679	0.441679	0.441679	0.441679	0	0.441679	0.441679	0	0	0.441679	0.441679	0	0.441679	0.441679	0.441679	0.441679	0	0	0.441679	0.441679	0	0.441679	0.441679	0.441679	0.441679	0	0	0.441679	0.441679	0	0.441679	0.441679	0	0	0.441679	0.441679	0	0	0	0.441679	0.441679	0	0.441679	0.441679	0	0	0.441679	0.441679	0	0	0.441679	0.441679	0	0	0	0.441679	0.441679	0.441679	0.441679	0	0	0	0.441679	0.441679	0	0	0.441679	0.441679	0	0.441679	0.441679	0	0	0	0.441679	0.441679	0	0	0.441679	0.441679	0	0	0	0	0	0	0.441679	0.441679	0	0	0	0	0	0	0	0	0	0	0.441679	0.441679	0	0	0	0	0	0	0	0	0	0	0	0	0	0	0	0	0	0	0	0	0	0	0	0	0	0	0	0	0.441679	0.441679	0	0	0	0	0	0	0	0	0.441679	0.441679	0	0	0	0	0.441679	0.441679	0	0	0	0.441679	0.441679	0	0	0.441679	0.441679	0	0	0	0.441679	0.441679	0.441679	0.441679	0
0.883211	0.441632	0	0.441632	0.883211	0.441632	0.441632	0.441632	0.441632	0.883211	0.441632	0	0.441632	0.883211	0.441632	0.441632	0.441632	0.441632	0.883211	0.441632	0.441632	0.441632	0.883211	0.883211	0.441632	0.441632	0.441632	0.883211	0.441632	0.441632	0.441632	1.32469	1.32469	0.441632	0.441632	0.441632	0.883211	0.441632	0.441632	0.441632	0.441632	0.883211	1.32469	0.883211	0.441632	0.883211	0.441632	0.441632	0.441632	0.441632	0.883211	0.441632	0.883211	1.32469	0.883211	0.441632	0.441632	0.441632	0.441632	0.883211	0.441632	0.441632	0.441632	0.883211	0.883211	0.441632	0.441632	0.441632	0.883211	0.441632	0.441632	0.883211	0.441632	0.441632	0.883211	0.441632	0.441632	0.883211	0.441632	0.441632	0.883211	0.441632	0.441632	0.441632	0	0.441632	0.441632	0	0.441632	0.883211	0.441632	0	0	0.441632	0.441632	0.441632	0.441632	0	0.441632	0.441632	0	0	0.441632	0.441632	0	0.441632	0.441632	0.441632	0.441632	0	0	0.441632	0.441632	0	0.441632	0.441632	0.441632	0.441632	0	0	0.441632	0.441632	0	0.441632	0.441632	0	0	0.441632	0.441632	0	0	0	0.441632	0.441632	0	0.441632	0.441632	0	0	0.441632	0.441632	0	0	0.441632	0.441632	0	0	0	0.441632	0.441632	0.441632	0.441632	0	0	0	0.441632	0.441632	0	0	0.441632	0.441632	0	0.441632	0.441632	0	0	0	0.441632	0.441632	0	0	0.441632	0.441632	0	0	0	0	0	0	0.441632	0.441632	0	0	0	0	0	0	0	0	0	0	0.441632	0.441632	0	0	0	0	0	0	0	0	0	0	0	0	0	0	0	0	0	0	0	0	0	0	0	0	0	0	0	0	0.441632	0.441632	0	0	0	0	0	0	0	0	0.441632	0.441632	0	0	0	0	0.441632	0.441632	0	0	0	0.441632	0.441632	0	0	0.441632	0.441632	0	0	0	0.441632	0.441632	0.441632	0.441632	0
0.883129	0.441591	0	0.441591	0.883129	0.441591	0.441591	0.441591	0.441591	0.883129	0.441591	0	0.441591	0.883129	0.441591	0.441591	0.441591	0.441591	0.883129	0.441591	0.441591	0.441591	0.883129	0.883129	0.441591	0.441591	0.441591	0.883129	0.441591	0.441591	0.441591	1.32456	1.32456	0.441591	0.441591	0.441591	0.883129	0.441591	0.441591	0.441591	0.441591	0.883129	1.32456	0.883129	0.441591	0.883129	0.441591	0.441591	0.441591	0.441591	0.883129	0.441591	0.883129	1.32456	0.883129	0.441591	0.441591	0.441591	0.441591	0.883129	0.441591	0.441591	0.441591	0.883129	0.883129	0.441591	0.441591	0.441591	0.883129	0.441591	0.441591	0.883129	0.441591	0.441591	0.883129	0.441591	0.441591	0.883129	0.441591	0.441591	0.883129	0.441591	0.441591	0.441591	0	0.441591	0.441591	0	0.441591	0.883129	0.441591	0	0	0.441591	0.441591	0.441591	0.441591	0	0.441591	0.441591	0	0	0.441591	0.441591	0	0.441591	0.441591	0.441591	0.441591	0	0	0.441591	0.441591	0	0.441591	0.441591	0.441591	0.441591	0	0	0.441591	0.441591	0	0.441591	0.441591	0	0	0.441591	0.441591	0	0	0	0.441591	0.441591	0	0.441591	0.441591	0	0	0.441591	0.441591	0	0	0.441591	0.441591	0	0	0	0.441591	0.441591	0.441591	0.441591	0	0	0	0.441591	0.441591	0	0	0.441591	0.441591	0	0.441591	0.441591	0	0	0	0.441591	0.441591	0	0	0.441591	0.441591	0	0	0	0	0	0	0.441591	0.441591	0	0	0	0	0	0	0	0	0	0	0.441591	0.441591	0	0	0	0	0	0	0	0	0	0	0	0	0	0	0	0	0	0	0	0	0	0	0	0	0	0	0	0	0.441591	0.441591	0	0	0	0	0	0	0	0	0.441591	0.441591	0	0	0	0	0.441591	0.441591	0	0	0	0.441591	0.441591	0	0	0.441591	0.441591	0	0	0	0.441591	0.441591	0.441591	0.441591	0
0.883048	0.44155	0	0.44155	0.883048	0.44155	0.44155	0.44155	0.44155	0.883048	0.44155	0	0.44155	0.883048	0.44155	0.44155	0.44155	0.44155	0.883048	0.44155	0.44155	0.44155	0.883048	0.883048	0.44155	0.44155	0.44155	0.883048	0.44155	0.44155	0.44155	1.32444	1.32444	0.44155	0.44155	0.44155	0.883048	0.44155	0.44155	0.44155	0.44155	0.883048	1.32444	0.883048	0.44155	0.883048	0.44155	0.44155	0.44155	0.44155	0.883048	0.44155	0.883048	1.32444	0.883048	0.44155	0.44155	0.44155	0.44155	0.883048	0.44155	0.44155	0.44155	0.883048	0.883048	0.44155	0.44155	0.44155	0.883048	0.44155	0.44155	0.883048	0.44155	0.44155	0.883048	0.44155	0.44155	0.883048	0.44155	0.44155	0.883048	0.44155	0.44155	0.44155	0	0.44155	0.44155	0	0.44155	0.883048	0.44155	0	0	0.44155	0.44155	0.44155	0.44155	0	0.44155	0.44155	0	0	0.44155	0.44155	0	0.44155	0.44155	0.44155	0.44155	0	0	0.44155	0.44155	0	0.44155	0.44155	0.44155	0.44155	0	0	0.44155	0.44155	0	0.44155	0.44155	0	0	0.44155	0.44155	0	0	0	0.44155	0.44155	0	0.44155	0.44155	0	0	0.44155	0.44155	0	0	0.44155	0.44155	0	0	0	0.44155	0.44155	0.44155	0.44155	0	0	0	0.44155	0.44155	0	0	0.44155	0.44155	0	0.44155	0.44155	0	0	0	0.44155	0.44155	0	0	0.44155	0.44155	0	0	0	0	0	0	0.44155	0.44155	0	0	0	0	0	0	0	0	0	0	0.44155	0.44155	0	0	0	0	0	0	0	0	0	0	0	0	0	0	0	0	0	0	0	0	0	0	0	0	0	0	0	0	0.44155	0.44155	0	0	0	0	0	0	0	0	0.44155	0.44155	0	0	0	0	0.44155	0.44155	0	0	0	0.44155	0.44155	0	0	0.44155	0.44155	0	0	0	0.44155	0.44155	0.44155	0.44155	0
0.882966	0.441509	0	0.441509	0.882966	0.441509	0.441509	0.441509	0.349049	0.840575	0.6244	0.34907	0.562811	0.882966	0.441509	0.441509	0.441509	0.562811	1.04704	0.6244	0.6244	0.6244	0.987182	0.987182	0.6244	0.6244	0.6244	0.987182	0.6244	0.6244	0.6244	1.39594	1.39594	0.6244	0.6244	0.6244	0.987182	0.6244	0.6244	0.6244	0.6244	1.1363	1.48059	0.949458	0.6244	0.987182	0.6244	0.6244	0.6244	0.6244	1.1363	0.949482	1.09261	1.3335	0.987182	0.6244	0.6244	0.6244	0.6244	0.987182	0.6244	0.6244	0.6244	1.1363	1.25835	0.987227	0.987227	0.987227	1.24865	0.987227	0.987227	1.24865	0.987227	0.840619	0.949458	0.6244	0.6244	0.840575	0.349049	0.441509	0.882966	0.441509	0.441509	0.441509	0	0.441509	0.562811	0.34907	0.468308	0.780454	0.441509	0	0	0.441509	0.441509	0.441509	0.441509	0	0.441509	0.441509	0	0	0.441509	0.441509	0	0.349049	0.493627	0.493627	0.468308	0.34907	0.156106	0.349049	0.468308	0.441543	0.6244	0.6244	0.643627	0.840619	0.780511	0.562851	0.643627	0.840619	0.883034	0.987227	0.987227	0.883034	0.780511	0.795949	0.840619	0.883034	0.780511	0.562851	0.643627	0.840619	0.780511	0.795949	0.840619	0.780511	0.562851	0.643627	0.840619	0.780511	0.562851	0.643627	0.795949	0.562851	0.441543	0.441543	0.6244	0.6244	0.643627	0.840619	0.780511	0.562851	0.441543	0.6244	0.6244	0.34907	0.156106	0.349049	0.468308	0.441543	0.6244	0.6244	0.441543	0.441543	0.441543	0.6244	0.6244	0.441543	0.441543	0.643627	0.840619	0.883034	0.883034	0.780511	0.562851	0.441543	0.441543	0.643627	0.840619	0.883034	0.883034	0.883034	0.883034	0.883034	0.883034	0.883034	0.883034	0.780511	0.562851	0.643627	0.840619	0.883034	0.883034	0.883034	0.883034	0.883034	0.883034	0.883034	0.883034	0.883034	0.883034	0.883034	0.883034	0.883034	0.883034	0.883034	0.883034	0.883034	0.883034	0.883034	0.883034	0.883034	0.883034	0.883034	0.883034	0.883034	0.883034	0.780511	0.562851	0.643627	0.840619	0.883034	0.883034	0.883034	0.780511	0.562851	0.441543	0.441543	0.441543	0.643627	0.795949	0.562851	0.441543	0.441543	0.441543	0.6244	0.6244	0.441543	0.441543	0.441543	0.643627	0.840619	0.780511	0.562851	0.643627	0.840619	0.883034	0.780511	0.562851	0.643627	0.840619	0.987227	0.987227	0.883034
0.882884	0.441468	0	0.441468	0.882884	0.441468	0.441468	0.441468	0.156091	0.643544	0.624342	0.468265	0.780382	0.882884	0.441468	0.441468	0.441468	0.780382	1.25821	0.624342	0.624342	0.624342	0.98709	0.98709	0.624342	0.624342	0.624342	0.98709	0.624342	0.624342	0.624342	1.39581	1.39581	0.624342	0.624342	0.624342	0.98709	0.624342	0.624342	0.624342	0.624342	1.33337	1.48045	0.78041	0.624342	0.98709	0.624342	0.624342	0.624342	0.624342	1.33337	1.09251	0.949394	1.13619	0.98709	0.624342	0.624342	0.624342	0.624342	0.98709	0.624342	0.624342	0.624342	1.33337	1.43877	0.987136	0.987136	0.987136	1.24854	0.987136	0.987136	1.24854	0.987136	0.780439	0.78041	0.624342	0.624342	0.643544	0.156091	0.441468	0.882884	0.441468	0.441468	0.441468	0	0.441468	0.780382	0.468265	0.349038	0.562759	0.441468	0	0	0.441468	0.441468	0.441468	0.441468	0	0.441468	0.441468	0	0	0.441468	0.441468	0	0.156091	0.493582	0.493582	0.349038	0.468265	0.349017	0.156091	0.349038	0.441502	0.624342	0.624342	0.562799	0.780439	0.840542	0.643567	0.562799	0.780439	0.882952	0.987136	0.987136	0.882952	0.840542	0.795875	0.780439	0.882952	0.840542	0.643567	0.562799	0.780439	0.840542	0.795875	0.780439	0.840542	0.643567	0.562799	0.780439	0.840542	0.643567	0.562799	0.795875	0.643567	0.441502	0.441502	0.624342	0.624342	0.562799	0.780439	0.840542	0.643567	0.441502	0.624342	0.624342	0.468265	0.349017	0.156091	0.349038	0.441502	0.624342	0.624342	0.441502	0.441502	0.441502	0.624342	0.624342	0.441502	0.441502	0.562799	0.780439	0.882952	0.882952	0.840542	0.643567	0.441502	0.441502	0.562799	0.780439	0.882952	0.882952	0.882952	0.882952	0.882952	0.882952	0.882952	0.882952	0.840542	0.643567	0.562799	0.780439	0.882952	0.882952	0.882952	0.882952	0.882952	0.882952	0.882952	0.882952	0.882952	0.882952	0.882952	0.882952	0.882952	0.882952	0.882952	0.882952	0.882952	0.882952	0.882952	0.882952	0.882952	0.882952	0.882952	0.882952	0.882952	0.882952	0.840542	0.643567	0.562799	0.780439	0.882952	0.882952	0.882952	0.840542	0.643567	0.441502	0.441502	0.441502	0.562799	0.795875	0.643567	0.441502	0.441502	0.441502	0.624342	0.624342	0.441502	0.441502	0.441502	0.562799	0.780439	0.840542	0.643567	0.562799	0.780439	0.882952	0.840542	0.643567	0.562799	0.780439	0.987136	0.987136	0.882952
0.882789	0.441421	0	0.441421	0.882789	0.441421	0.441421	0.441421	0	0.441421	0.441421	0.441421	0.882789	0.882789	0.441421	0.441421	0.441421	0.882789	1.32405	0.441421	0.441421	0.441421	0.882789	0.882789	0.441421	0.441421	0.441421	0.882789	0.441421	0.441421	0.441421	1.32405	1.32405	0.441421	0.441421	0.441421	0.882789	0.441421	0.441421	0.441421	0.441421	1.32405	1.32405	0.441421	0.441421	0.882789	0.441421	0.441421	0.441421	0.441421	1.32405	0.882789	0.441421	0.882789	0.882789	0.441421	0.441421	0.441421	0.441421	0.882789	0.441421	0.441421	0.441421	1.32405	1.32405	0.441421	0.441421	0.441421	0.882789	0.441421	0.441421	0.882789	0.441421	0	0.441421	0.441421	0.441421	0.441421	0	0.441421	0.882789	0.441421	0.441421	0.441421	0	0.441421	0.882789	0.441421	0	0.441421	0.441421	0	0	0.441421	0.441421	0.441421	0.441421	0	0.441421	0.441421	0	0	0.441421	0.441421	0	0	0.441421	0.441421	0	0.441421	0.441421	0	0	0	0.441421	0.441421	0	0	0.441421	0.441421	0	0	0	0.441421	0.441421	0	0.441421	0.441421	0	0	0.441421	0.441421	0	0	0.441421	0.441421	0	0.441421	0.441421	0	0	0.441421	0.441421	0	0.441421	0.441421	0	0	0.441421	0.441421	0	0	0.441421	0.441421	0	0.441421	0.441421	0.441421	0.441421	0	0	0	0.441421	0.441421	0	0	0	0.441421	0.441421	0	0	0	0	0	0	0.441421	0.441421	0	0	0	0	0	0	0	0	0	0	0	0	0.441421	0.441421	0	0	0	0	0	0	0	0	0	0	0	0	0	0	0	0	0	0	0	0	0	0	0	0	0	0	0	0	0.441421	0.441421	0	0	0	0	0	0.441421	0.441421	0	0	0	0	0.441421	0.441421	0	0	0	0.441421	0.441421	0	0	0	0	0	0.441421	0.441421	0	0	0	0.441421	0.441421	0	0	0.441421	0.441421	0
0.882707	0.44138	0	0.44138	0.882707	0.44138	0.44138	0.44138	0	0.44138	0.44138	0.44138	0.882707	0.882707	0.44138	0.44138	0.44138	0.882707	1.32393	0.44138	0.44138	0.44138	0.882707	0.882707	0.44138	0.44138	0.44138	0.882707	0.44138	0.44138	0.44138	1.32393	1.32393	0.44138	0.44138	0.44138	0.882707	0.44138	0.44138	0.44138	0.44138	1.32393	1.32393	0.44138	0.44138	0.882707	0.44138	0.44138	0.44138	0.44138	1.32393	0.882707	0.44138	0.882707	0.882707	0.44138	0.44138	0.44138	0.44138	0.882707	0.44138	0.44138	0.44138	1.32393	1.32393	0.44138	0.44138	0.44138	0.882707	0.44138	0.44138	0.882707	0.44138	0	0.44138	0.44138	0.44138	0.44138	0	0.44138	0.882707	0.44138	0.44138	0.44138	0	0.44138	0.882707	0.44138	0	0.44138	0.44138	0	0	0.44138	0.44138	0.44138	0.44138	0	0.44138	0.44138	0	0	0.44138	0.44138	0	0	0.44138	0.44138	0	0.44138	0.44138	0	0	0	0.44138	0.44138	0	0	0.44138	0.44138	0	0	0	0.44138	0.44138	0	0.44138	0.44138	0	0	0.44138	0.44138	0	0	0.44138	0.44138	0	0.44138	0.44138	0	0	0.44138	0.44138	0	0.44138	0.44138	0	0	0.44138	0.44138	0	0	0.44138	0.44138	0	0.44138	0.44138	0.44138	0.44138	0	0	0	0.44138	0.44138	0	0	0	0.44138	0.44138	0	0	0	0	0	0	0.44138	0.44138	0	0	0	0	0	0	0	0	0	0	0	0	0.44138	0.44138	0	0	0	0	0	0	0	0	0	0	0	0	0	0	0	0	0	0	0	0	0	0	0	0	0	0	0	0	0.44138	0.44138	0	0	0	0	0	0.44138	0.44138	0	0	0	0	0.44138	0.44138	0	0	0	0.44138	0.44138	0	0	0	0	0	0.44138	0.44138	0	0	0	0.44138	0.44138	0	0	0.44138	0.44138	0
0.882626	0.441339	0	0.441339	0.882626	0.441339	0.441339	0.441339	0	0.441339	0.441339	0.441339	0.882626	0.882626	0.441339	0.441339	0.441339	0.882626	1.32381	0.441339	0.441339	0.441339	0.882626	0.882626	0.441339	0.441339	0.441339	0.882626	0.441339	0.441339	0.441339	1.32381	1.32381	0.441339	0.441339	0.441339	0.882626	0.441339	0.441339	0.441339	0.441339	1.32381	1.32381	0.441339	0.441339	0.882626	0.441339	0.441339	0.441339	0.441339	1.32381	0.882626	0.441339	0.882626	0.882626	0.441339	0.441339	0.441339	0.441339	0.882626	0.441339	0.441339	0.441339	1.32381	1.32381	0.441339	0.441339	0.441339	0.882626	0.441339	0.441339	0.882626	0.441339	0	0.441339	0.441339	0.441339	0.441339	0	0.441339	0.882626	0.441339	0.441339	0.441339	0	0.441339	0.882626	0.441339	0	0.441339	0.441339	0	0	0.441339	0.441339	0.441339	0.441339	0	0.441339	0.441339	0	0	0.441339	0.441339	0	0	0.441339	0.441339	0	0.441339	0.441339	0	0	0	0.441339	0.441339	0	0	0.441339	0.441339	0	0	0	0.441339	0.441339	0	0.441339	0.441339	0	0	0.441339	0.441339	0	0	0.441339	0.441339	0	0.441339	0.441339	0	0	0.441339	0.441339	0	0.441339	0.441339	0	0	0.441339	0.441339	0	0	0.441339	0.441339	0	0.441339	0.441339	0.441339	0.441339	0	0	0	0.441339	0.441339	0	0	0	0.441339	0.441339	0	0	0	0	0	0	0.441339	0.441339	0	0	0	0	0	0	0	0	0	0	0	0	0.441339	0.441339	0	0	0	0	0	0	0	0	0	0	0	0	0	0	0	0	0	0	0	0	0	0	0	0	0	0	0	0	0.441339	0.441339	0	0	0	0	0	0.441339	0.441339	0	0	0	0	0.441339	0.441339	0	0	0	0.441339	0.441339	0	0	0	0	0	0.441339	0.441339	0	0	0	0.441339	0.441339	0	0	0.441339	0.441339	0
0.882544	0.441298	0	0.441298	0.882544	0.441298	0.441298	0.441298	0	0.441298	0.441298	0.441298	0.882544	0.882544	0.441298	0.441298	0.441298	0.882544	1.32369	0.441298	0.441298	0.441298	0.882544	0.882544	0.441298	0.441298	0.441298	0.882544	0.441298	0.441298	0.441298	1.32369	1.32369	0.441298	0.441298	0.441298	0.882544	0.441298	0.441298	0.441298	0.441298	1.32369	1.32369	0.441298	0.441298	0.882544	0.441298	0.441298	0.441298	0.441298	1.32369	0.882544	0.441298	0.882544	0.882544	0.441298	0.441298	0.441298	0.441298	0.882544	0.441298	0.441298	0.441298	1.32369	1.32369	0.441298	0.441298	0.441298	0.882544	0.441298	0.441298	0.882544	0.441298	0	0.441298	0.441298	0.441298	0.441298	0	0.441298	0.882544	0.441298	0.441298	0.441298	0	0.441298	0.882544	0.441298	0	0.441298	0.441298	0	0	0.441298	0.441298	0.441298	0.441298	0	0.441298	0.441298	0	0	0.441298	0.441298	0	0	0.441298	0.441298	0	0.441298	0.441298	0	0	0	0.441298	0.441298	0	0	0.441298	0.441298	0	0	0	0.441298	0.441298	0	0.441298	0.441298	0	0	0.441298	0.441298	0	0	0.441298	0.441298	0	0.441298	0.441298	0	0	0.441298	0.441298	0	0.441298	0.441298	0	0	0.441298	0.441298	0	0	0.441298	0.441298	0	0.441298	0.441298	0.441298	0.441298	0	0	0	0.441298	0.441298	0	0	0	0.441298	0.441298	0	0	0	0	0	0	0.441298	0.441298	0	0	0	0	0	0	0	0	0	0	0	0	0.441298	0.441298	0	0	0	0	0	0	0	0	0	0	0	0	0	0	0	0	0	0	0	0	0	0	0	0	0	0	0	0	0.441298	0.441298	0	0	0	0	0	0.441298	0.441298	0	0	0	0	0.441298	0.441298	0	0	0	0.441298	0.441298	0	0	0	0	0	0.441298	0.441298	0	0	0	0.441298	0.441298	0	0	0.441298	0.441298	0
0.882463	0.441258	0	0.441258	0.882463	0.441258	0.441258	0.441258	0	0.441258	0.441258	0.441258	0.882463	0.882463	0.441258	0.441258	0.441258	0.882463	1.32356	0.441258	0.441258	0.441258	0.882463	0.882463	0.441258	0.441258	0.441258	0.882463	0.441258	0.441258	0.441258	1.32356	1.32356	0.441258	0.441258	0.441258	0.882463	0.441258	0.441258	0.441258	0.441258	1.32356	1.32356	0.441258	0.441258	0.882463	0.441258	0.441258	0.441258	0.441258	1.32356	0.882463	0.441258	0.882463	0.882463	0.441258	0.441258	0.441258	0.441258	0.882463	0.441258	0.441258	0.441258	1.32356	1.32356	0.441258	0.441258	0.441258	0.882463	0.441258	0.441258	0.882463	0.441258	0	0.441258	0.441258	0.441258	0.441258	0	0.441258	0.882463	0.441258	0.441258	0.441258	0	0.441258	0.882463	0.441258	0	0.441258	0.441258	0	0	0.441258	0.441258	0.441258	0.441258	0	0.441258	0.441258	0	0	0.441258	0.441258	0	0	0.441258	0.441258	0	0.441258	0.441258	0	0	0	0.441258	0.441258	0	0	0.441258	0.441258	0	0	0	0.441258	0.441258	0	0.441258	0.441258	0	0	0.441258	0.441258	0	0	0.441258	0.441258	0	0.441258	0.441258	0	0	0.441258	0.441258	0	0.441258	0.441258	0	0	0.441258	0.441258	0	0	0.441258	0.441258	0	0.441258	0.441258	0.441258	0.441258	0	0	0	0.441258	0.441258	0	0	0	0.441258	0.441258	0	0	0	0	0	0	0.441258	0.441258	0	0	0	0	0	0	0	0	0	0	0	0	0.441258	0.441258	0	0	0	0	0	0	0	0	0	0	0	0	0	0	0	0	0	0	0	0	0	0	0	0	0	0	0	0	0.441258	0.441258	0	0	0	0	0	0.441258	0.441258	0	0	0	0	0.441258	0.441258	0	0	0	0.441258	0.441258	0	0	0	0	0	0.441258	0.441258	0	0	0	0.441258	0.441258	0	0	0.441258	0.441258	0
0.882381	0.441217	0	0.441217	0.882381	0.441217	0.441217	0.441217	0	0.441217	0.441217	0.441217	0.882381	0.882381	0.441217	0.441217	0.441217	0.882381	1.32344	0.441217	0.441217	0.441217	0.882381	0.882381	0.441217	0.441217	0.441217	0.882381	0.441217	0.441217	0.441217	1.32344	1.32344	0.441217	0.441217	0.441217	0.882381	0.441217	0.441217	0.441217	0.441217	1.32344	1.32344	0.441217	0.441217	0.882381	0.441217	0.441217	0.441217	0.441217	1.32344	0.882381	0.441217	0.882381	0.882381	0.441217	0.441217	0.441217	0.441217	0.882381	0.441217	0.441217	0.441217	1.32344	1.32344	0.441217	0.441217	0.441217	0.882381	0.441217	0.441217	0.882381	0.441217	0	0.441217	0.441217	0.441217	0.441217	0	0.441217	0.882381	0.441217	0.441217	0.441217	0	0.441217	0.882381	0.441217	0	0.441217	0.441217	0	0	0.441217	0.441217	0.441217	0.441217	0	0.441217	0.441217	0	0	0.441217	0.441217	0	0	0.441217	0.441217	0	0.441217	0.441217	0	0	0	0.441217	0.441217	0	0	0.441217	0.441217	0	0	0	0.441217	0.441217	0	0.441217	0.441217	0	0	0.441217	0.441217	0	0	0.441217	0.441217	0	0.441217	0.441217	0	0	0.441217	0.441217	0	0.441217	0.441217	0	0	0.441217	0.441217	0	0	0.441217	0.441217	0	0.441217	0.441217	0.441217	0.441217	0	0	0	0.441217	0.441217	0	0	0	0.441217	0.441217	0	0	0	0	0	0	0.441217	0.441217	0	0	0	0	0	0	0	0	0	0	0	0	0.441217	0.441217	0	0	0	0	0	0	0	0	0	0	0	0	0	0	0	0	0	0	0	0	0	0	0	0	0	0	0	0	0.441217	0.441217	0	0	0	0	0	0.441217	0.441217	0	0	0	0	0.441217	0.441217	0	0	0	0.441217	0.441217	0	0	0	0	0	0.441217	0.441217	0	0	0	0.441217	0.441217	0	0	0.441217	0.441217	0
0.882286	0.441169	0	0.441169	0.882286	0.441169	0.441169	0.441169	0	0.441169	0.441169	0.441169	0.882286	0.882286	0.441169	0.441169	0.441169	0.882286	1.3233	0.441169	0.441169	0.441169	0.882286	0.882286	0.441169	0.441169	0.441169	0.882286	0.441169	0.441169	0.441169	1.3233	1.3233	0.441169	0.441169	0.441169	0.882286	0.441169	0.441169	0.441169	0.441169	1.3233	1.3233	0.441169	0.441169	0.882286	0.441169	0.441169	0.441169	0.441169	1.3233	0.882286	0.441169	0.882286	0.882286	0.441169	0.441169	0.441169	0.441169	0.882286	0.441169	0.441169	0.441169	1.3233	1.3233	0.441169	0.441169	0.441169	0.882286	0.441169	0.441169	0.882286	0.441169	0	0.441169	0.441169	0.441169	0.441169	0	0.441169	0.882286	0.441169	0.441169	0.441169	0	0.441169	0.882286	0.441169	0	0.441169	0.441169	0	0	0.441169	0.441169	0.441169	0.441169	0	0.441169	0.441169	0	0	0.441169	0.441169	0	0	0.441169	0.441169	0	0.441169	0.441169	0	0	0	0.441169	0.441169	0	0	0.441169	0.441169	0	0	0	0.441169	0.441169	0	0.441169	0.441169	0	0	0.441169	0.441169	0	0	0.441169	0.441169	0	0.441169	0.441169	0	0	0.441169	0.441169	0	0.441169	0.441169	0	0	0.441169	0.441169	0	0	0.441169	0.441169	0	0.441169	0.441169	0.441169	0.441169	0	0	0	0.441169	0.441169	0	0	0	0.441169	0.441169	0	0	0	0	0	0	0.441169	0.441169	0	0	0	0	0	0	0	0	0	0	0	0	0.441169	0.441169	0	0	0	0	0	0	0	0	0	0	0	0	0	0	0	0	0	0	0	0	0	0	0	0	0	0	0	0	0.441169	0.441169	0	0	0	0	0	0.441169	0.441169	0	0	0	0	0.441169	0.441169	0	0	0	0.441169	0.441169	0	0	0	0	0	0.441169	0.441169	0	0	0	0.441169	0.441169	0	0	0.441169	0.441169	0
0.882205	0.441128	0	0.441128	0.882205	0.441128	0.441128	0.441128	0	0.441128	0.441128	0.441128	0.882205	0.882205	0.441128	0.441128	0.441128	0.882205	1.32318	0.441128	0.441128	0.441128	0.882205	0.882205	0.441128	0.441128	0.441128	0.882205	0.441128	0.441128	0.441128	1.32318	1.32318	0.441128	0.441128	0.441128	0.882205	0.441128	0.441128	0.441128	0.441128	1.32318	1.32318	0.441128	0.441128	0.882205	0.441128	0.441128	0.441128	0.441128	1.32318	0.882205	0.441128	0.882205	0.882205	0.441128	0.441128	0.441128	0.441128	0.882205	0.441128	0.441128	0.441128	1.32318	1.32318	0.441128	0.441128	0.441128	0.882205	0.441128	0.441128	0.882205	0.441128	0	0.441128	0.441128	0.441128	0.441128	0	0.441128	0.882205	0.441128	0.441128	0.441128	0	0.441128	0.882205	0.441128	0	0.441128	0.441128	0	0	0.441128	0.441128	0.441128	0.441128	0	0.441128	0.441128	0	0	0.441128	0.441128	0	0	0.441128	0.441128	0	0.441128	0.441128	0	0	0	0.441128	0.441128	0	0	0.441128	0.441128	0	0	0	0.441128	0.441128	0	0.441128	0.441128	0	0	0.441128	0.441128	0	0	0.441128	0.441128	0	0.441128	0.441128	0	0	0.441128	0.441128	0	0.441128	0.441128	0	0	0.441128	0.441128	0	0	0.441128	0.441128	0	0.441128	0.441128	0.441128	0.441128	0	0	0	0.441128	0.441128	0	0	0	0.441128	0.441128	0	0	0	0	0	0	0.441128	0.441128	0	0	0	0	0	0	0	0	0	0	0	0	0.441128	0.441128	0	0	0	0	0	0	0	0	0	0	0	0	0	0	0	0	0	0	0	0	0	0	0	0	0	0	0	0	0.441128	0.441128	0	0	0	0	0	0.441128	0.441128	0	0	0	0	0.441128	0.441128	0	0	0	0.441128	0.441128	0	0	0	0	0	0.441128	0.441128	0	0	0	0.441128	0.441128	0	0	0.441128	0.441128	0
0.882123	0.441088	0	0.441088	0.882123	0.441088	0.441088	0.441088	0	0.441088	0.441088	0.441088	0.882123	0.882123	0.441088	0.441088	0.441088	0.882123	1.32305	0.441088	0.441088	0.441088	0.882123	0.882123	0.441088	0.441088	0.441088	0.882123	0.441088	0.441088	0.441088	1.32305	1.32305	0.441088	0.441088	0.441088	0.882123	0.441088	0.441088	0.441088	0.441088	1.32305	1.32305	0.441088	0.441088	0.882123	0.441088	0.441088	0.441088	0.441088	1.32305	0.882123	0.441088	0.882123	0.882123	0.441088	0.441088	0.441088	0.441088	0.882123	0.441088	0.441088	0.441088	1.32305	1.32305	0.441088	0.441088	0.441088	0.882123	0.441088	0.441088	0.882123	0.441088	0	0.441088	0.441088	0.441088	0.441088	0	0.441088	0.882123	0.441088	0.441088	0.441088	0	0.441088	0.882123	0.441088	0	0.441088	0.441088	0	0	0.441088	0.441088	0.441088	0.441088	0	0.441088	0.441088	0	0	0.441088	0.441088	0	0	0.441088	0.441088	0	0.441088	0.441088	0	0	0	0.441088	0.441088	0	0	0.441088	0.441088	0	0	0	0.441088	0.441088	0	0.441088	0.441088	0	0	0.441088	0.441088	0	0	0.441088	0.441088	0	0.441088	0.441088	0	0	0.441088	0.441088	0	0.441088	0.441088	0	0	0.441088	0.441088	0	0	0.441088	0.441088	0	0.441088	0.441088	0.441088	0.441088	0	0	0	0.441088	0.441088	0	0	0	0.441088	0.441088	0	0	0	0	0	0	0.441088	0.441088	0	0	0	0	0	0	0	0	0	0	0	0	0.441088	0.441088	0	0	0	0	0	0	0	0	0	0	0	0	0	0	0	0	0	0	0	0	0	0	0	0	0	0	0	0	0.441088	0.441088	0	0	0	0	0	0.441088	0.441088	0	0	0	0	0.441088	0.441088	0	0	0	0.441088	0.441088	0	0	0	0	0	0.441088	0.441088	0	0	0	0.441088	0.441088	0	0	0.441088	0.441088	0
0.882042	0.441047	0	0.441047	0.882042	0.441047	0.441047	0.441047	0	0.441047	0.441047	0.441047	0.882042	0.882042	0.441047	0.441047	0.441047	0.882042	1.32293	0.441047	0.441047	0.441047	0.882042	0.882042	0.441047	0.441047	0.441047	0.882042	0.441047	0.441047	0.441047	1.32293	1.32293	0.441047	0.441047	0.441047	0.882042	0.441047	0.441047	0.441047	0.441047	1.32293	1.32293	0.441047	0.441047	0.882042	0.441047	0.441047	0.441047	0.441047	1.32293	0.882042	0.441047	0.882042	0.882042	0.441047	0.441047	0.441047	0.441047	0.882042	0.441047	0.441047	0.441047	1.32293	1.32293	0.441047	0.441047	0.441047	0.882042	0.441047	0.441047	0.882042	0.441047	0	0.441047	0.441047	0.441047	0.441047	0	0.441047	0.882042	0.441047	0.441047	0.441047	0	0.441047	0.882042	0.441047	0	0.441047	0.441047	0	0	0.441047	0.441047	0.441047	0.441047	0	0.441047	0.441047	0	0	0.441047	0.441047	0	0	0.441047	0.441047	0	0.441047	0.441047	0	0	0	0.441047	0.441047	0	0	0.441047	0.441047	0	0	0	0.441047	0.441047	0	0.441047	0.441047	0	0	0.441047	0.441047	0	0	0.441047	0.441047	0	0.441047	0.441047	0	0	0.441047	0.441047	0	0.441047	0.441047	0	0	0.441047	0.441047	0	0	0.441047	0.441047	0	0.441047	0.441047	0.441047	0.441047	0	0	0	0.441047	0.441047	0	0	0	0.441047	0.441047	0	0	0	0	0	0	0.441047	0.441047	0	0	0	0	0	0	0	0	0	0	0	0	0.441047	0.441047	0	0	0	0	0	0	0	0	0	0	0	0	0	0	0	0	0	0	0	0	0	0	0	0	0	0	0	0	0.441047	0.441047	0	0	0	0	0	0.441047	0.441047	0	0	0	0	0.441047	0.441047	0	0	0	0.441047	0.441047	0	0	0	0	0	0.441047	0.441047	0	0	0	0.441047	0.441047	0	0	0.441047	0.441047	0
0.88196	0.441006	0	0.441006	0.88196	0.441006	0.441006	0.441006	0	0.441006	0.441006	0.441006	0.88196	0.88196	0.441006	0.441006	0.441006	0.88196	1.32281	0.441006	0.441006	0.441006	0.88196	0.88196	0.441006	0.441006	0.441006	0.88196	0.441006	0.441006	0.441006	1.32281	1.32281	0.441006	0.441006	0.441006	0.88196	0.441006	0.441006	0.441006	0.441006	1.32281	1.32281	0.441006	0.441006	0.88196	0.441006	0.441006	0.441006	0.441006	1.32281	0.88196	0.441006	0.88196	0.88196	0.441006	0.441006	0.441006	0.441006	0.88196	0.441006	0.441006	0.441006	1.32281	1.32281	0.441006	0.441006	0.441006	0.88196	0.441006	0.441006	0.88196	0.441006	0	0.441006	0.441006	0.441006	0.441006	0	0.441006	0.88196	0.441006	0.441006	0.441006	0	0.441006	0.88196	0.441006	0	0.441006	0.441006	0	0	0.441006	0.441006	0.441006	0.441006	0	0.441006	0.441006	0	0	0.441006	0.441006	0	0	0.441006	0.441006	0	0.441006	0.441006	0	0	0	0.441006	0.441006	0	0	0.441006	0.441006	0	0	0	0.441006	0.441006	0	0.441006	0.441006	0	0	0.441006	0.441006	0	0	0.441006	0.441006	0	0.441006	0.441006	0	0	0.441006	0.441006	0	0.441006	0.441006	0	0	0.441006	0.441006	0	0	0.441006	0.441006	0	0.441006	0.441006	0.441006	0.441006	0	0	0	0.441006	0.441006	0	0	0	0.441006	0.441006	0	0	0	0	0	0	0.441006	0.441006	0	0	0	0	0	0	0	0	0	0	0	0	0.441006	0.441006	0	0	0	0	0	0	0	0	0	0	0	0	0	0	0	0	0	0	0	0	0	0	0	0	0	0	0	0	0.441006	0.441006	0	0	0	0	0	0.441006	0.441006	0	0	0	0	0.441006	0.441006	0	0	0	0.441006	0.441006	0	0	0	0	0	0.441006	0.441006	0	0	0	0.441006	0.441006	0	0	0.441006	0.441006	0
0.779481	0.562109	0.348635	0.623621	0.985951	0.623621	0.623621	0.623621	0.562149	0.948298	0.985997	0.985997	1.2471	1.2471	0.985997	0.985997	0.985997	1.09125	1.33184	0.623621	0.623621	0.623621	1.13488	1.25679	0.985997	0.985997	0.985997	1.2471	0.985997	0.985997	0.985997	1.43711	1.33184	0.77951	0.948298	0.985997	1.2471	0.985997	0.985997	0.985997	0.985997	1.43711	1.33184	0.623621	0.623621	0.985951	0.623621	0.623621	0.623621	0.623621	1.25676	0.779481	0.440959	0.881865	0.881865	0.440959	0.440959	0.440959	0.440959	0.881865	0.440959	0.440959	0.440959	1.21748	1.25676	0.623621	0.623621	0.623621	0.985951	0.623621	0.623621	0.948274	0.839571	0.779538	0.77951	0.623621	0.623621	0.623621	0.440993	0.623621	0.985951	0.623621	0.642824	0.839571	0.779538	0.794957	1.09125	0.985997	0.779538	0.794957	0.839571	0.779538	0.562149	0.642824	0.794957	0.794957	0.839571	0.779538	0.794957	0.839571	0.779538	0.562149	0.642824	0.794957	0.562149	0.440993	0.623621	0.623621	0.440993	0.623621	0.623621	0.440993	0.440993	0.440993	0.623621	0.623621	0.440993	0.440993	0.623621	0.623621	0.440993	0.440993	0.440993	0.623621	0.623621	0.440993	0.623621	0.623621	0.440993	0.440993	0.623621	0.623621	0.440993	0.440993	0.623621	0.623621	0.440993	0.623621	0.623621	0.348635	0.155911	0.348614	0.467724	0.440993	0.623621	0.623621	0.440993	0.440993	0.623621	0.623621	0.440993	0.440993	0.623621	0.623621	0.440993	0.642824	0.839571	0.985997	0.985997	0.881933	0.881933	0.779538	0.794957	0.839571	0.881933	0.881933	0.881933	0.985997	0.985997	0.881933	0.881933	0.881933	0.881933	0.779538	0.562149	0.642824	0.839571	0.881933	0.881933	0.881933	0.881933	0.881933	0.779538	0.562149	0.440993	0.440993	0.440993	0.440993	0.440993	0.642824	0.839571	0.881933	0.881933	0.881933	0.881933	0.881933	0.881933	0.881933	0.881933	0.779538	0.562149	0.440993	0.440993	0.440993	0.440993	0.440993	0.440993	0.440993	0.440993	0.440993	0.440993	0.440993	0.440993	0.440993	0.348635	0.155911	0	0	0	0.348614	0.467724	0.440993	0.440993	0.440993	0.348635	0.155911	0.348614	0.467724	0.440993	0.440993	0.440993	0.348635	0.493012	0.467724	0.440993	0.348635	0.155911	0.348614	0.467724	0.440993	0.440993	0.440993	0.348635	0.155911	0.348614	0.467724	0.440993	0.440993	0.440993	0.642824	0.839571	0.779538	0.562149	0.642824	0.839571	0.881933
0.562057	0.779409	0.467681	0.623564	0.98586	0.623564	0.623564	0.623564	0.642765	1.09115	0.985905	0.985905	1.24698	1.24698	0.985905	0.985905	0.985905	0.94821	1.13478	0.623564	0.623564	0.623564	1.33171	1.43698	0.985905	0.985905	0.985905	1.24698	0.985905	0.985905	0.985905	1.25667	1.13478	0.948187	1.09115	0.985905	1.24698	0.985905	0.985905	0.985905	0.985905	1.25667	1.13478	0.623564	0.623564	0.98586	0.623564	0.623564	0.623564	0.623564	1.04564	0.562057	0.440918	0.881784	0.881784	0.440918	0.440918	0.440918	0.440918	0.881784	0.440918	0.440918	0.440918	0.99809	1.04564	0.623564	0.623564	0.623564	0.98586	0.623564	0.623564	0.779438	0.779466	0.839494	0.948187	0.623564	0.623564	0.623564	0.440952	0.623564	0.98586	0.623564	0.562097	0.779466	0.839494	0.794883	0.94821	0.985905	0.839494	0.794883	0.779466	0.839494	0.642765	0.562097	0.794883	0.794883	0.779466	0.839494	0.794883	0.779466	0.839494	0.642765	0.562097	0.794883	0.642765	0.440952	0.623564	0.623564	0.440952	0.623564	0.623564	0.440952	0.440952	0.440952	0.623564	0.623564	0.440952	0.440952	0.623564	0.623564	0.440952	0.440952	0.440952	0.623564	0.623564	0.440952	0.623564	0.623564	0.440952	0.440952	0.623564	0.623564	0.440952	0.440952	0.623564	0.623564	0.440952	0.623564	0.623564	0.467681	0.348582	0.155897	0.348603	0.440952	0.623564	0.623564	0.440952	0.440952	0.623564	0.623564	0.440952	0.440952	0.623564	0.623564	0.440952	0.562097	0.779466	0.985905	0.985905	0.881852	0.881852	0.839494	0.794883	0.779466	0.881852	0.881852	0.881852	0.985905	0.985905	0.881852	0.881852	0.881852	0.881852	0.839494	0.642765	0.562097	0.779466	0.881852	0.881852	0.881852	0.881852	0.881852	0.839494	0.642765	0.440952	0.440952	0.440952	0.440952	0.440952	0.562097	0.779466	0.881852	0.881852	0.881852	0.881852	0.881852	0.881852	0.881852	0.881852	0.839494	0.642765	0.440952	0.440952	0.440952	0.440952	0.440952	0.440952	0.440952	0.440952	0.440952	0.440952	0.440952	0.440952	0.440952	0.467681	0.348582	0	0	0	0.155897	0.348603	0.440952	0.440952	0.440952	0.467681	0.348582	0.155897	0.348603	0.440952	0.440952	0.440952	0.467681	0.492966	0.348603	0.440952	0.467681	0.348582	0.155897	0.348603	0.440952	0.440952	0.440952	0.467681	0.348582	0.155897	0.348603	0.440952	0.440952	0.440952	0.562097	0.779466	0.839494	0.642765	0.562097	0.779466	0.881852
0.440877	0.881702	0.440877	0.440877	0.881702	0.440877	0.440877	0.440877	0.440877	0.881702	0.440877	0.440877	0.881702	0.881702	0.440877	0.440877	0.440877	0.440877	0.881702	0.440877	0.440877	0.440877	1.32242	1.32242	0.440877	0.440877	0.440877	0.881702	0.440877	0.440877	0.440877	0.881702	0.881702	0.881702	0.881702	0.440877	0.881702	0.440877	0.440877	0.440877	0.440877	0.881702	0.881702	0.440877	0.440877	0.881702	0.440877	0.440877	0.440877	0.440877	0.881702	0.440877	0.440877	0.881702	0.881702	0.440877	0.440877	0.440877	0.440877	0.881702	0.440877	0.440877	0.440877	0.881702	0.881702	0.440877	0.440877	0.440877	0.881702	0.440877	0.440877	0.440877	0	0.440877	0.881702	0.440877	0.440877	0.440877	0	0.440877	0.881702	0.440877	0	0	0.440877	0.440877	0.440877	0.440877	0.440877	0.440877	0	0.440877	0.440877	0	0.440877	0.440877	0	0.440877	0.440877	0	0.440877	0.440877	0	0.440877	0.440877	0	0.440877	0.440877	0	0.440877	0.440877	0	0	0	0.440877	0.440877	0	0	0.440877	0.440877	0	0	0	0.440877	0.440877	0	0.440877	0.440877	0	0	0.440877	0.440877	0	0	0.440877	0.440877	0	0.440877	0.440877	0.440877	0.440877	0	0	0	0.440877	0.440877	0	0	0.440877	0.440877	0	0	0.440877	0.440877	0	0	0	0.440877	0.440877	0	0	0.440877	0.440877	0	0	0	0	0.440877	0.440877	0	0	0	0	0.440877	0.440877	0	0	0	0	0	0	0	0.440877	0.440877	0	0	0	0	0	0	0	0	0	0	0	0	0	0	0	0.440877	0.440877	0	0	0	0	0	0	0	0	0	0	0	0	0	0.440877	0.440877	0	0	0	0	0	0	0	0	0.440877	0.440877	0	0	0	0	0	0.440877	0.440877	0	0	0.440877	0.440877	0	0	0	0	0	0.440877	0.440877	0	0	0	0	0	0	0	0.440877	0.440877	0	0	0
0.440837	0.881621	0.440837	0.440837	0.881621	0.440837	0.440837	0.440837	0.440837	0.881621	0.440837	0.440837	0.881621	0.881621	0.440837	0.440837	0.440837	0.440837	0.881621	0.440837	0.440837	0.440837	1.3223	1.3223	0.440837	0.440837	0.440837	0.881621	0.440837	0.440837	0.440837	0.881621	0.881621	0.881621	0.881621	0.440837	0.881621	0.440837	0.440837	0.440837	0.440837	0.881621	0.881621	0.440837	0.440837	0.881621	0.440837	0.440837	0.440837	0.440837	0.881621	0.440837	0.440837	0.881621	0.881621	0.440837	0.440837	0.440837	0.440837	0.881621	0.440837	0.440837	0.440837	0.881621	0.881621	0.440837	0.440837	0.440837	0.881621	0.440837	0.440837	0.440837	0	0.440837	0.881621	0.440837	0.440837	0.440837	0	0.440837	0.881621	0.440837	0	0	0.440837	0.440837	0.440837	0.440837	0.440837	0.440837	0	0.440837	0.440837	0	0.440837	0.440837	0	0.440837	0.440837	0	0.440837	0.440837	0	0.440837	0.440837	0	0.440837	0.440837	0	0.440837	0.440837	0	0	0	0.440837	0.440837	0	0	0.440837	0.440837	0	0	0	0.440837	0.440837	0	0.440837	0.440837	0	0	0.440837	0.440837	0	0	0.440837	0.440837	0	0.440837	0.440837	0.440837	0.440837	0	0	0	0.440837	0.440837	0	0	0.440837	0.440837	0	0	0.440837	0.440837	0	0	0	0.440837	0.440837	0	0	0.440837	0.440837	0	0	0	0	0.440837	0.440837	0	0	0	0	0.440837	0.440837	0	0	0	0	0	0	0	0.440837	0.440837	0	0	0	0	0	0	0	0	0	0	0	0	0	0	0	0.440837	0.440837	0	0	0	0	0	0	0	0	0	0	0	0	0	0.440837	0.440837	0	0	0	0	0	0	0	0	0.440837	0.440837	0	0	0	0	0	0.440837	0.440837	0	0	0.440837	0.440837	0	0	0	0	0	0.440837	0.440837	0	0	0	0	0	0	0	0.440837	0.440837	0	0	0
0.440796	0.88154	0.440796	0.440796	0.88154	0.440796	0.440796	0.440796	0.440796	0.88154	0.440796	0.440796	0.88154	0.88154	0.440796	0.440796	0.440796	0.440796	0.88154	0.440796	0.440796	0.440796	1.32218	1.32218	0.440796	0.440796	0.440796	0.88154	0.440796	0.440796	0.440796	0.88154	0.88154	0.88154	0.88154	0.440796	0.88154	0.440796	0.440796	0.440796	0.440796	0.88154	0.88154	0.440796	0.440796	0.88154	0.440796	0.440796	0.440796	0.440796	0.88154	0.440796	0.440796	0.88154	0.88154	0.440796	0.440796	0.440796	0.440796	0.88154	0.440796	0.440796	0.440796	0.88154	0.88154	0.440796	0.440796	0.440796	0.88154	0.440796	0.440796	0.440796	0	0.440796	0.88154	0.440796	0.440796	0.440796	0	0.440796	0.88154	0.440796	0	0	0.440796	0.440796	0.440796	0.440796	0.440796	0.440796	0	0.440796	0.440796	0	0.440796	0.440796	0	0.440796	0.440796	0	0.440796	0.440796	0	0.440796	0.440796	0	0.440796	0.440796	0	0.440796	0.440796	0	0	0	0.440796	0.440796	0	0	0.440796	0.440796	0	0	0	0.440796	0.440796	0	0.440796	0.440796	0	0	0.440796	0.440796	0	0	0.440796	0.440796	0	0.440796	0.440796	0.440796	0.440796	0	0	0	0.440796	0.440796	0	0	0.440796	0.440796	0	0	0.440796	0.440796	0	0	0	0.440796	0.440796	0	0	0.440796	0.440796	0	0	0	0	0.440796	0.440796	0	0	0	0	0.440796	0.440796	0	0	0	0	0	0	0	0.440796	0.440796	0	0	0	0	0	0	0	0	0	0	0	0	0	0	0	0.440796	0.440796	0	0	0	0	0	0	0	0	0	0	0	0	0	0.440796	0.440796	0	0	0	0	0	0	0	0	0.440796	0.440796	0	0	0	0	0	0.440796	0.440796	0	0	0.440796	0.440796	0	0	0	0	0	0.440796	0.440796	0	0	0	0	0	0	0	0.440796	0.440796	0	0	0
0.440748	0.881445	0.440748	0.440748	0.881445	0.440748	0.440748	0.440748	0.440748	0.881445	0.440748	0.440748	0.881445	0.881445	0.440748	0.440748	0.440748	0.440748	0.881445	0.440748	0.440748	0.440748	1.32204	1.32204	0.440748	0.440748	0.440748	0.881445	0.440748	0.440748	0.440748	0.881445	0.881445	0.881445	0.881445	0.440748	0.881445	0.440748	0.440748	0.440748	0.440748	0.881445	0.881445	0.440748	0.440748	0.881445	0.440748	0.440748	0.440748	0.440748	0.881445	0.440748	0.440748	0.881445	0.881445	0.440748	0.440748	0.440748	0.440748	0.881445	0.440748	0.440748	0.440748	0.881445	0.881445	0.440748	0.440748	0.440748	0.881445	0.440748	0.440748	0.440748	0	0.440748	0.881445	0.440748	0.440748	0.440748	0	0.440748	0.881445	0.440748	0	0	0.440748	0.440748	0.440748	0.440748	0.440748	0.440748	0	0.440748	0.440748	0	0.440748	0.440748	0	0.440748	0.440748	0	0.440748	0.440748	0	0.440748	0.440748	0	0.440748	0.440748	0	0.440748	0.440748	0	0	0	0.440748	0.440748	0	0	0.440748	0.440748	0	0	0	0.440748	0.440748	0	0.440748	0.440748	0	0	0.440748	0.440748	0	0	0.440748	0.440748	0	0.440748	0.440748	0.440748	0.440748	0	0	0	0.440748	0.440748	0	0	0.440748	0.440748	0	0	0.440748	0.440748	0	0	0	0.440748	0.440748	0	0	0.440748	0.440748	0	0	0	0	0.440748	0.440748	0	0	0	0	0.440748	0.440748	0	0	0	0	0	0	0	0.440748	0.440748	0	0	0	0	0	0	0	0	0	0	0	0	0	0	0	0.440748	0.440748	0	0	0	0	0	0	0	0	0	0	0	0	0	0.440748	0.440748	0	0	0	0	0	0	0	0	0.440748	0.440748	0	0	0	0	0	0.440748	0.440748	0	0	0.440748	0.440748	0	0	0	0	0	0.440748	0.440748	0	0	0	0	0	0	0	0.440748	0.440748	0	0	0
0.440708	0.881363	0.440708	0.440708	0.881363	0.440708	0.440708	0.440708	0.440708	0.881363	0.440708	0.440708	0.881363	0.881363	0.440708	0.440708	0.440708	0.440708	0.881363	0.440708	0.440708	0.440708	1.32191	1.32191	0.440708	0.440708	0.440708	0.881363	0.440708	0.440708	0.440708	0.881363	0.881363	0.881363	0.881363	0.440708	0.881363	0.440708	0.440708	0.440708	0.440708	0.881363	0.881363	0.440708	0.440708	0.881363	0.440708	0.440708	0.440708	0.440708	0.881363	0.440708	0.440708	0.881363	0.881363	0.440708	0.440708	0.440708	0.440708	0.881363	0.440708	0.440708	0.440708	0.881363	0.881363	0.440708	0.440708	0.440708	0.881363	0.440708	0.440708	0.440708	0	0.440708	0.881363	0.440708	0.440708	0.440708	0	0.440708	0.881363	0.440708	0	0	0.440708	0.440708	0.440708	0.440708	0.440708	0.440708	0	0.440708	0.440708	0	0.440708	0.440708	0	0.440708	0.440708	0	0.440708	0.440708	0	0.440708	0.440708	0	0.440708	0.440708	0	0.440708	0.440708	0	0	0	0.440708	0.440708	0	0	0.440708	0.440708	0	0	0	0.440708	0.440708	0	0.440708	0.440708	0	0	0.440708	0.440708	0	0	0.440708	0.440708	0	0.440708	0.440708	0.440708	0.440708	0	0	0	0.440708	0.440708	0	0	0.440708	0.440708	0	0	0.440708	0.440708	0	0	0	0.440708	0.440708	0	0	0.440708	0.440708	0	0	0	0	0.440708	0.440708	0	0	0	0	0.440708	0.440708	0	0	0	0	0	0	0	0.440708	0.440708	0	0	0	0	0	0	0	0	0	0	0	0	0	0	0	0.440708	0.440708	0	0	0	0	0	0	0	0	0	0	0	0	0	0.440708	0.440708	0	0	0	0	0	0	0	0	0.440708	0.440708	0	0	0	0	0	0.440708	0.440708	0	0	0.440708	0.440708	0	0	0	0	0	0.440708	0.440708	0	0	0	0	0	0	0	0.440708	0.440708	0	0	0
0.440667	0.881282	0.440667	0.440667	0.881282	0.440667	0.440667	0.440667	0.440667	0.881282	0.440667	0.440667	0.881282	0.881282	0.440667	0.440667	0.440667	0.440667	0.881282	0.440667	0.440667	0.440667	1.32179	1.32179	0.440667	0.440667	0.440667	0.881282	0.440667	0.440667	0.440667	0.881282	0.881282	0.881282	0.881282	0.440667	0.881282	0.440667	0.440667	0.440667	0.440667	0.881282	0.881282	0.440667	0.440667	0.881282	0.440667	0.440667	0.440667	0.440667	0.881282	0.440667	0.440667	0.881282	0.881282	0.440667	0.440667	0.440667	0.440667	0.881282	0.440667	0.440667	0.440667	0.881282	0.881282	0.440667	0.440667	0.440667	0.881282	0.440667	0.440667	0.440667	0	0.440667	0.881282	0.440667	0.440667	0.440667	0	0.440667	0.881282	0.440667	0	0	0.440667	0.440667	0.440667	0.440667	0.440667	0.440667	0	0.440667	0.440667	0	0.440667	0.440667	0	0.440667	0.440667	0	0.440667	0.440667	0	0.440667	0.440667	0	0.440667	0.440667	0	0.440667	0.440667	0	0	0	0.440667	0.440667	0	0	0.440667	0.440667	0	0	0	0.440667	0.440667	0	0.440667	0.440667	0	0	0.440667	0.440667	0	0	0.440667	0.440667	0	0.440667	0.440667	0.440667	0.440667	0	0	0	0.440667	0.440667	0	0	0.440667	0.440667	0	0	0.440667	0.440667	0	0	0	0.440667	0.440667	0	0	0.440667	0.440667	0	0	0	0	0.440667	0.440667	0	0	0	0	0.440667	0.440667	0	0	0	0	0	0	0	0.440667	0.440667	0	0	0	0	0	0	0	0	0	0	0	0	0	0	0	0.440667	0.440667	0	0	0	0	0	0	0	0	0	0	0	0	0	0.440667	0.440667	0	0	0	0	0	0	0	0	0.440667	0.440667	0	0	0	0	0	0.440667	0.440667	0	0	0.440667	0.440667	0	0	0	0	0	0.440667	0.440667	0	0	0	0	0	0	0	0.440667	0.440667	0	0	0
0.440626	0.881201	0.440626	0.440626	0.881201	0.440626	0.440626	0.440626	0.440626	0.881201	0.440626	0.440626	0.881201	0.881201	0.440626	0.440626	0.440626	0.440626	0.881201	0.440626	0.440626	0.440626	1.32167	1.32167	0.440626	0.440626	0.440626	0.881201	0.440626	0.440626	0.440626	0.881201	0.881201	0.881201	0.881201	0.440626	0.881201	0.440626	0.440626	0.440626	0.440626	0.881201	0.881201	0.440626	0.440626	0.881201	0.440626	0.440626	0.440626	0.440626	0.881201	0.440626	0.440626	0.881201	0.881201	0.440626	0.440626	0.440626	0.440626	0.881201	0.440626	0.440626	0.440626	0.881201	0.881201	0.440626	0.440626	0.440626	0.881201	0.440626	0.440626	0.440626	0	0.440626	0.881201	0.440626	0.440626	0.440626	0	0.440626	0.881201	0.440626	0	0	0.440626	0.440626	0.440626	0.440626	0.440626	0.440626	0	0.440626	0.440626	0	0.440626	0.440626	0	0.440626	0.440626	0	0.440626	0.440626	0	0.440626	0.440626	0	0.440626	0.440626	0	0.440626	0.440626	0	0	0	0.440626	0.440626	0	0	0.440626	0.440626	0	0	0	0.440626	0.440626	0	0.440626	0.440626	0	0	0.440626	0.440626	0	0	0.440626	0.440626	0	0.440626	0.440626	0.440626	0.440626	0	0	0	0.440626	0.440626	0	0	0.440626	0.440626	0	0	0.440626	0.440626	0	0	0	0.440626	0.440626	0	0	0.440626	0.440626	0	0	0	0	0.440626	0.440626	0	0	0	0	0.440626	0.440626	0	0	0	0	0	0	0	0.440626	0.440626	0	0	0	0	0	0	0	0	0	0	0	0	0	0	0	0.440626	0.440626	0	0	0	0	0	0	0	0	0	0	0	0	0	0.440626	0.440626	0	0	0	0	0	0	0	0	0.440626	0.440626	0	0	0	0	0	0.440626	0.440626	0	0	0.440626	0.440626	0	0	0	0	0	0.440626	0.440626	0	0	0	0	0	0	0	0.440626	0.440626	0	0	0
0.440586	0.881119	0.440586	0.440586	0.881119	0.440586	0.440586	0.440586	0.440586	0.881119	0.440586	0.440586	0.881119	0.881119	0.440586	0.440586	0.440586	0.440586	0.881119	0.440586	0.440586	0.440586	1.32155	1.32155	0.440586	0.440586	0.440586	0.881119	0.440586	0.440586	0.440586	0.881119	0.881119	0.881119	0.881119	0.440586	0.881119	0.440586	0.440586	0.440586	0.440586	0.881119	0.881119	0.440586	0.440586	0.881119	0.440586	0.440586	0.440586	0.440586	0.881119	0.440586	0.440586	0.881119	0.881119	0.440586	0.440586	0.440586	0.440586	0.881119	0.440586	0.440586	0.440586	0.881119	0.881119	0.440586	0.440586	0.440586	0.881119	0.440586	0.440586	0.440586	0	0.440586	0.881119	0.440586	0.440586	0.440586	0	0.440586	0.881119	0.440586	0	0	0.440586	0.440586	0.440586	0.440586	0.440586	0.440586	0	0.440586	0.440586	0	0.440586	0.440586	0	0.440586	0.440586	0	0.440586	0.440586	0	0.440586	0.440586	0	0.440586	0.440586	0	0.440586	0.440586	0	0	0	0.440586	0.440586	0	0	0.440586	0.440586	0	0	0	0.440586	0.440586	0	0.440586	0.440586	0	0	0.440586	0.440586	0	0	0.440586	0.440586	0	0.440586	0.440586	0.440586	0.440586	0	0	0	0.440586	0.440586	0	0	0.440586	0.440586	0	0	0.440586	0.440586	0	0	0	0.440586	0.440586	0	0	0.440586	0.440586	0	0	0	0	0.440586	0.440586	0	0	0	0	0.440586	0.440586	0	0	0	0	0	0	0	0.440586	0.440586	0	0	0	0	0	0	0	0	0	0	0	0	0	0	0	0.440586	0.440586	0	0	0	0	0	0	0	0	0	0	0	0	0	0.440586	0.440586	0	0	0	0	0	0	0	0	0.440586	0.440586	0	0	0	0	0	0.440586	0.440586	0	0	0.440586	0.440586	0	0	0	0	0	0.440586	0.440586	0	0	0	0	0	0	0	0.440586	0.440586	0	0	0
0.440538	0.881025	0.440538	0.440538	0.881025	0.440538	0.440538	0.440538	0.440538	0.881025	0.440538	0.440538	0.881025	0.881025	0.440538	0.440538	0.440538	0.440538	0.881025	0.440538	0.440538	0.440538	1.32141	1.32141	0.440538	0.440538	0.440538	0.881025	0.440538	0.440538	0.440538	0.881025	0.881025	0.881025	0.881025	0.440538	0.881025	0.440538	0.440538	0.440538	0.440538	0.881025	0.881025	0.440538	0.440538	0.881025	0.440538	0.440538	0.440538	0.440538	0.881025	0.440538	0.440538	0.881025	0.881025	0.440538	0.440538	0.440538	0.440538	0.881025	0.440538	0.440538	0.440538	0.881025	0.881025	0.440538	0.440538	0.440538	0.881025	0.440538	0.440538	0.440538	0	0.440538	0.881025	0.440538	0.440538	0.440538	0	0.440538	0.881025	0.440538	0	0	0.440538	0.440538	0.440538	0.440538	0.440538	0.440538	0	0.440538	0.440538	0	0.440538	0.440538	0	0.440538	0.440538	0	0.440538	0.440538	0	0.440538	0.440538	0	0.440538	0.440538	0	0.440538	0.440538	0	0	0	0.440538	0.440538	0	0	0.440538	0.440538	0	0	0	0.440538	0.440538	0	0.440538	0.440538	0	0	0.440538	0.440538	0	0	0.440538	0.440538	0	0.440538	0.440538	0.440538	0.440538	0	0	0	0.440538	0.440538	0	0	0.440538	0.440538	0	0	0.440538	0.440538	0	0	0	0.440538	0.440538	0	0	0.440538	0.440538	0	0	0	0	0.440538	0.440538	0	0	0	0	0.440538	0.440538	0	0	0	0	0	0	0	0.440538	0.440538	0	0	0	0	0	0	0	0	0	0	0	0	0	0	0	0.440538	0.440538	0	0	0	0	0	0	0	0	0	0	0	0	0	0.440538	0.440538	0	0	0	0	0	0	0	0	0.440538	0.440538	0	0	0	0	0	0.440538	0.440538	0	0	0.440538	0.440538	0	0	0	0	0	0.440538	0.440538	0	0	0	0	0	0	0	0.440538	0.440538	0	0	0
0.440498	0.880943	0.440498	0.440498	0.880943	0.440498	0.440498	0.440498	0.440498	0.880943	0.440498	0.440498	0.880943	0.880943	0.440498	0.440498	0.440498	0.440498	0.880943	0.440498	0.440498	0.440498	1.32128	1.32128	0.440498	0.440498	0.440498	0.880943	0.440498	0.440498	0.440498	0.880943	0.880943	0.880943	0.880943	0.440498	0.880943	0.440498	0.440498	0.440498	0.440498	0.880943	0.880943	0.440498	0.440498	0.880943	0.440498	0.440498	0.440498	0.440498	0.880943	0.440498	0.440498	0.880943	0.880943	0.440498	0.440498	0.440498	0.440498	0.880943	0.440498	0.440498	0.440498	0.880943	0.880943	0.440498	0.440498	0.440498	0.880943	0.440498	0.440498	0.440498	0	0.440498	0.880943	0.440498	0.440498	0.440498	0	0.440498	0.880943	0.440498	0	0	0.440498	0.440498	0.440498	0.440498	0.440498	0.440498	0	0.440498	0.440498	0	0.440498	0.440498	0	0.440498	0.440498	0	0.440498	0.440498	0	0.440498	0.440498	0	0.440498	0.440498	0	0.440498	0.440498	0	0	0	0.440498	0.440498	0	0	0.440498	0.440498	0	0	0	0.440498	0.440498	0	0.440498	0.440498	0	0	0.440498	0.440498	0	0	0.440498	0.440498	0	0.440498	0.440498	0.440498	0.440498	0	0	0	0.440498	0.440498	0	0	0.440498	0.440498	0	0	0.440498	0.440498	0	0	0	0.440498	0.440498	0	0	0.440498	0.440498	0	0	0	0	0.440498	0.440498	0	0	0	0	0.440498	0.440498	0	0	0	0	0	0	0	0.440498	0.440498	0	0	0	0	0	0	0	0	0	0	0	0	0	0	0	0.440498	0.440498	0	0	0	0	0	0	0	0	0	0	0	0	0	0.440498	0.440498	0	0	0	0	0	0	0	0	0.440498	0.440498	0	0	0	0	0	0.440498	0.440498	0	0	0.440498	0.440498	0	0	0	0	0	0.440498	0.440498	0	0	0	0	0	0	0	0.440498	0.440498	0	0	0
0.440457	0.880862	0.440457	0.440457	0.880862	0.440457	0.440457	0.440457	0.440457	0.880862	0.440457	0.440457	0.880862	0.880862	0.440457	0.440457	0.440457	0.440457	0.880862	0.440457	0.440457	0.440457	1.32116	1.32116	0.440457	0.440457	0.440457	0.880862	0.440457	0.440457	0.440457	0.880862	0.880862	0.880862	0.880862	0.440457	0.880862	0.440457	0.440457	0.440457	0.440457	0.880862	0.880862	0.440457	0.440457	0.880862	0.440457	0.440457	0.440457	0.440457	0.880862	0.440457	0.440457	0.880862	0.880862	0.440457	0.440457	0.440457	0.440457	0.880862	0.440457	0.440457	0.440457	0.880862	0.880862	0.440457	0.440457	0.440457	0.880862	0.440457	0.440457	0.440457	0	0.440457	0.880862	0.440457	0.440457	0.440457	0	0.440457	0.880862	0.440457	0	0	0.440457	0.440457	0.440457	0.440457	0.440457	0.440457	0	0.440457	0.440457	0	0.440457	0.440457	0	0.440457	0.440457	0	0.440457	0.440457	0	0.440457	0.440457	0	0.440457	0.440457	0	0.440457	0.440457	0	0	0	0.440457	0.440457	0	0	0.440457	0.440457	0	0	0	0.440457	0.440457	0	0.440457	0.440457	0	0	0.440457	0.440457	0	0	0.440457	0.440457	0	0.440457	0.440457	0.440457	0.440457	0	0	0	0.440457	0.440457	0	0	0.440457	0.440457	0	0	0.440457	0.440457	0	0	0	0.440457	0.440457	0	0	0.440457	0.440457	0	0	0	0	0.440457	0.440457	0	0	0	0	0.440457	0.440457	0	0	0	0	0	0	0	0.440457	0.440457	0	0	0	0	0	0	0	0	0	0	0	0	0	0	0	0.440457	0.440457	0	0	0	0	0	0	0	0	0	0	0	0	0	0.440457	0.440457	0	0	0	0	0	0	0	0	0.440457	0.440457	0	0	0	0	0	0.440457	0.440457	0	0	0.440457	0.440457	0	0	0	0	0	0.440457	0.440457	0	0	0	0	0	0	0	0.440457	0.440457	0	0	0
0.642011	0.984739	0.622855	0.622855	0.984739	0.622855	0.622855	0.622855	0.622855	0.984739	0.622855	0.622855	0.984739	0.984739	0.622855	0.622855	0.622855	0.622855	1.13349	0.947132	0.984784	0.984784	1.43534	1.3302	0.622855	0.622855	0.622855	0.984739	0.622855	0.622855	0.622855	0.984739	0.984739	0.838495	0.778522	0.440416	0.880781	0.440416	0.440416	0.440416	0.440416	0.880781	0.880781	0.440416	0.440416	0.880781	0.440416	0.440416	0.440416	0.440416	0.880781	0.440416	0.440416	0.880781	0.880781	0.440416	0.348185	0.467149	0.622855	0.984739	0.622855	0.622855	0.622855	0.947108	1.08991	0.984784	0.984784	0.984784	1.25526	1.25529	1.39257	1.33026	0.99703	1.04452	1.43539	1.39257	1.39257	1.33026	0.99703	1.04452	1.43539	1.39257	1.21607	0.99703	1.04452	1.18579	1.18579	1.25529	1.39257	1.33026	0.99703	1.04452	1.25529	1.21607	1.18579	1.18579	0.99703	1.04452	1.18579	0.99703	0.984784	0.984784	0.880848	0.984784	0.984784	0.880848	1.04452	1.18579	0.99703	1.04452	1.25529	1.32114	1.21607	0.99703	1.04452	1.25529	1.21607	0.99703	0.984784	0.984784	0.880848	0.77858	0.561458	0.642034	0.838539	0.77858	0.793979	0.793979	0.561458	0.44045	0.622855	0.622855	0.44045	0.44045	0.622855	0.622855	0.44045	0.622855	0.622855	0.622855	0.622855	0.44045	0.44045	0.44045	0.622855	0.622855	0.44045	0.44045	0.622855	0.622855	0.348206	0.155719	0.348185	0.467149	0.44045	0.44045	0.44045	0.622855	0.622855	0.44045	0.44045	0.642034	0.793979	0.561458	0.44045	0.44045	0.44045	0.642034	0.793979	0.561458	0.44045	0.44045	0.44045	0.642034	0.838539	0.880848	0.880848	0.880848	0.77858	0.561458	0.44045	0.44045	0.642034	0.838539	0.880848	0.77858	0.561458	0.44045	0.44045	0.44045	0.44045	0.44045	0.44045	0.348206	0.155719	0	0	0	0	0.348185	0.467149	0.44045	0.44045	0.44045	0.44045	0.348206	0.155719	0	0	0	0	0	0	0	0.348185	0.467149	0.44045	0.44045	0.44045	0.44045	0.44045	0.348206	0.155719	0	0.348185	0.467149	0.44045	0.44045	0.44045	0.44045	0.44045	0.642034	0.793979	0.561458	0.44045	0.642034	0.838539	0.77858	0.561458	0.44045	0.44045	0.44045	0.622855	0.622855	0.44045	0.44045	0.44045	0.44045	0.44045	0.348206	0.155719	0.348185	0.467149	0.44045	0.44045	0.44045
0.838417	0.984648	0.622797	0.622797	0.984648	0.622797	0.622797	0.622797	0.622797	0.984648	0.622797	0.622797	0.984648	0.984648	0.622797	0.622797	0.622797	0.622797	1.33007	1.08981	0.984693	0.984693	1.25512	1.13338	0.622797	0.622797	0.622797	0.984648	0.622797	0.622797	0.622797	0.984648	0.984648	0.641951	0.561366	0.440376	0.8807	0.440376	0.440376	0.440376	0.440376	0.8807	0.8807	0.440376	0.440376	0.8807	0.440376	0.440376	0.440376	0.440376	0.8807	0.440376	0.440376	0.8807	0.8807	0.440376	0.155705	0.348174	0.622797	0.984648	0.622797	0.622797	0.622797	0.778479	0.947045	0.984693	0.984693	0.984693	1.13343	1.21596	1.39244	1.43526	1.04442	0.996938	1.33014	1.39244	1.39244	1.43526	1.04442	0.996938	1.33014	1.39244	1.25518	1.04442	0.996938	1.18568	1.18568	1.21596	1.39244	1.43526	1.04442	0.996938	1.21596	1.25518	1.18568	1.18568	1.04442	0.996938	1.18568	1.04442	0.984693	0.984693	0.880767	0.984693	0.984693	0.880767	0.996938	1.18568	1.04442	0.996938	1.21596	1.32102	1.25518	1.04442	0.996938	1.21596	1.25518	1.04442	0.984693	0.984693	0.880767	0.838462	0.641975	0.561406	0.778508	0.838462	0.793906	0.793906	0.641975	0.44041	0.622797	0.622797	0.44041	0.44041	0.622797	0.622797	0.44041	0.622797	0.622797	0.622797	0.622797	0.44041	0.44041	0.44041	0.622797	0.622797	0.44041	0.44041	0.622797	0.622797	0.467106	0.348153	0.155705	0.348174	0.44041	0.44041	0.44041	0.622797	0.622797	0.44041	0.44041	0.561406	0.793906	0.641975	0.44041	0.44041	0.44041	0.561406	0.793906	0.641975	0.44041	0.44041	0.44041	0.561406	0.778508	0.880767	0.880767	0.880767	0.838462	0.641975	0.44041	0.44041	0.561406	0.778508	0.880767	0.838462	0.641975	0.44041	0.44041	0.44041	0.44041	0.44041	0.44041	0.467106	0.348153	0	0	0	0	0.155705	0.348174	0.44041	0.44041	0.44041	0.44041	0.467106	0.348153	0	0	0	0	0	0	0	0.155705	0.348174	0.44041	0.44041	0.44041	0.44041	0.44041	0.467106	0.348153	0	0.155705	0.348174	0.44041	0.44041	0.44041	0.44041	0.44041	0.561406	0.793906	0.641975	0.44041	0.561406	0.778508	0.838462	0.641975	0.44041	0.44041	0.44041	0.622797	0.622797	0.44041	0.44041	0.44041	0.44041	0.44041	0.467106	0.348153	0.155705	0.348174	0.44041	0.44041	0.44041
0.880605	0.880605	0.440328	0.440328	0.880605	0.440328	0.440328	0.440328	0.440328	0.880605	0.440328	0.440328	0.880605	0.880605	0.440328	0.440328	0.440328	0.440328	1.32078	0.880605	0.440328	0.440328	0.880605	0.880605	0.440328	0.440328	0.440328	0.880605	0.440328	0.440328	0.440328	0.880605	0.880605	0.440328	0.440328	0.440328	0.880605	0.440328	0.440328	0.440328	0.440328	0.880605	0.880605	0.440328	0.440328	0.880605	0.440328	0.440328	0.440328	0.440328	0.880605	0.440328	0.440328	0.880605	0.880605	0.440328	0	0	0.440328	0.880605	0.440328	0.440328	0.440328	0.440328	0.440328	0.440328	0.440328	0.440328	0.440328	0	0.440328	0.880605	0.440328	0	0.440328	0.440328	0.440328	0.880605	0.440328	0	0.440328	0.440328	0.440328	0.440328	0	0.440328	0.440328	0	0.440328	0.880605	0.440328	0	0	0.440328	0.440328	0.440328	0.440328	0	0.440328	0.440328	0.440328	0.440328	0	0.440328	0.440328	0	0	0.440328	0.440328	0	0	0	0.440328	0.440328	0	0	0.440328	0.440328	0.440328	0.440328	0	0.440328	0.440328	0	0	0.440328	0.440328	0.440328	0.440328	0	0.440328	0.440328	0	0	0.440328	0.440328	0	0.440328	0.440328	0.440328	0.440328	0	0	0	0.440328	0.440328	0	0	0.440328	0.440328	0.440328	0.440328	0	0	0	0	0	0.440328	0.440328	0	0	0	0.440328	0.440328	0	0	0	0	0.440328	0.440328	0	0	0	0	0	0	0	0	0.440328	0.440328	0	0	0	0	0	0.440328	0.440328	0	0	0	0	0	0	0.440328	0.440328	0	0	0	0	0	0	0	0	0	0	0.440328	0.440328	0	0	0	0	0	0	0	0	0	0	0	0	0	0	0.440328	0.440328	0	0	0	0	0	0	0	0	0	0.440328	0.440328	0	0	0	0.440328	0.440328	0	0	0	0.440328	0.440328	0	0	0	0	0	0.440328	0.440328	0	0	0	0	0
0.880524	0.880524	0.440288	0.440288	0.880524	0.440288	0.440288	0.440288	0.440288	0.880524	0.440288	0.440288	0.880524	0.880524	0.440288	0.440288	0.440288	0.440288	1.32066	0.880524	0.440288	0.440288	0.880524	0.880524	0.440288	0.440288	0.440288	0.880524	0.440288	0.440288	0.440288	0.880524	0.880524	0.440288	0.440288	0.440288	0.880524	0.440288	0.440288	0.440288	0.440288	0.880524	0.880524	0.440288	0.440288	0.880524	0.440288	0.440288	0.440288	0.440288	0.880524	0.440288	0.440288	0.880524	0.880524	0.440288	0	0	0.440288	0.880524	0.440288	0.440288	0.440288	0.440288	0.440288	0.440288	0.440288	0.440288	0.440288	0	0.440288	0.880524	0.440288	0	0.440288	0.440288	0.440288	0.880524	0.440288	0	0.440288	0.440288	0.440288	0.440288	0	0.440288	0.440288	0	0.440288	0.880524	0.440288	0	0	0.440288	0.440288	0.440288	0.440288	0	0.440288	0.440288	0.440288	0.440288	0	0.440288	0.440288	0	0	0.440288	0.440288	0	0	0	0.440288	0.440288	0	0	0.440288	0.440288	0.440288	0.440288	0	0.440288	0.440288	0	0	0.440288	0.440288	0.440288	0.440288	0	0.440288	0.440288	0	0	0.440288	0.440288	0	0.440288	0.440288	0.440288	0.440288	0	0	0	0.440288	0.440288	0	0	0.440288	0.440288	0.440288	0.440288	0	0	0	0	0	0.440288	0.440288	0	0	0	0.440288	0.440288	0	0	0	0	0.440288	0.440288	0	0	0	0	0	0	0	0	0.440288	0.440288	0	0	0	0	0	0.440288	0.440288	0	0	0	0	0	0	0.440288	0.440288	0	0	0	0	0	0	0	0	0	0	0.440288	0.440288	0	0	0	0	0	0	0	0	0	0	0	0	0	0	0.440288	0.440288	0	0	0	0	0	0	0	0	0	0.440288	0.440288	0	0	0	0.440288	0.440288	0	0	0	0.440288	0.440288	0	0	0	0	0	0.440288	0.440288	0	0	0	0	0
0.880442	0.880442	0.440247	0.440247	0.880442	0.440247	0.440247	0.440247	0.440247	0.880442	0.440247	0.440247	0.880442	0.880442	0.440247	0.440247	0.440247	0.440247	1.32053	0.880442	0.440247	0.440247	0.880442	0.880442	0.440247	0.440247	0.440247	0.880442	0.440247	0.440247	0.440247	0.880442	0.880442	0.440247	0.440247	0.440247	0.880442	0.440247	0.440247	0.440247	0.440247	0.880442	0.880442	0.440247	0.440247	0.880442	0.440247	0.440247	0.440247	0.440247	0.880442	0.440247	0.440247	0.880442	0.880442	0.440247	0	0	0.440247	0.880442	0.440247	0.440247	0.440247	0.440247	0.440247	0.440247	0.440247	0.440247	0.440247	0	0.440247	0.880442	0.440247	0	0.440247	0.440247	0.440247	0.880442	0.440247	0	0.440247	0.440247	0.440247	0.440247	0	0.440247	0.440247	0	0.440247	0.880442	0.440247	0	0	0.440247	0.440247	0.440247	0.440247	0	0.440247	0.440247	0.440247	0.440247	0	0.440247	0.440247	0	0	0.440247	0.440247	0	0	0	0.440247	0.440247	0	0	0.440247	0.440247	0.440247	0.440247	0	0.440247	0.440247	0	0	0.440247	0.440247	0.440247	0.440247	0	0.440247	0.440247	0	0	0.440247	0.440247	0	0.440247	0.440247	0.440247	0.440247	0	0	0	0.440247	0.440247	0	0	0.440247	0.440247	0.440247	0.440247	0	0	0	0	0	0.440247	0.440247	0	0	0	0.440247	0.440247	0	0	0	0	0.440247	0.440247	0	0	0	0	0	0	0	0	0.440247	0.440247	0	0	0	0	0	0.440247	0.440247	0	0	0	0	0	0	0.440247	0.440247	0	0	0	0	0	0	0	0	0	0	0.440247	0.440247	0	0	0	0	0	0	0	0	0	0	0	0	0	0	0.440247	0.440247	0	0	0	0	0	0	0	0	0	0.440247	0.440247	0	0	0	0.440247	0.440247	0	0	0	0.440247	0.440247	0	0	0	0	0	0.440247	0.440247	0	0	0	0	0
0.880361	0.880361	0.440207	0.440207	0.880361	0.440207	0.440207	0.440207	0.440207	0.880361	0.440207	0.440207	0.880361	0.880361	0.440207	0.440207	0.440207	0.440207	1.32041	0.880361	0.440207	0.440207	0.880361	0.880361	0.440207	0.440207	0.440207	0.880361	0.440207	0.440207	0.440207	0.880361	0.880361	0.440207	0.440207	0.440207	0.880361	0.440207	0.440207	0.440207	0.440207	0.880361	0.880361	0.440207	0.440207	0.880361	0.440207	0.440207	0.440207	0.440207	0.880361	0.440207	0.440207	0.880361	0.880361	0.440207	0	0	0.440207	0.880361	0.440207	0.440207	0.440207	0.440207	0.440207	0.440207	0.440207	0.440207	0.440207	0	0.440207	0.880361	0.440207	0	0.440207	0.440207	0.440207	0.880361	0.440207	0	0.440207	0.440207	0.440207	0.440207	0	0.440207	0.440207	0	0.440207	0.880361	0.440207	0	0	0.440207	0.440207	0.440207	0.440207	0	0.440207	0.440207	0.440207	0.440207	0	0.440207	0.440207	0	0	0.440207	0.440207	0	0	0	0.440207	0.440207	0	0	0.440207	0.440207	0.440207	0.440207	0	0.440207	0.440207	0	0	0.440207	0.440207	0.440207	0.440207	0	0.440207	0.440207	0	0	0.440207	0.440207	0	0.440207	0.440207	0.440207	0.440207	0	0	0	0.440207	0.440207	0	0	0.440207	0.440207	0.440207	0.440207	0	0	0	0	0	0.440207	0.440207	0	0	0	0.440207	0.440207	0	0	0	0	0.440207	0.440207	0	0	0	0	0	0	0	0	0.440207	0.440207	0	0	0	0	0	0.440207	0.440207	0	0	0	0	0	0	0.440207	0.440207	0	0	0	0	0	0	0	0	0	0	0.440207	0.440207	0	0	0	0	0	0	0	0	0	0	0	0	0	0	0.440207	0.440207	0	0	0	0	0	0	0	0	0	0.440207	0.440207	0	0	0	0.440207	0.440207	0	0	0	0.440207	0.440207	0	0	0	0	0	0.440207	0.440207	0	0	0	0	0
0.88028	0.88028	0.440166	0.440166	0.88028	0.440166	0.440166	0.440166	0.440166	0.88028	0.440166	0.440166	0.88028	0.88028	0.440166	0.440166	0.440166	0.440166	1.32029	0.88028	0.440166	0.440166	0.88028	0.88028	0.440166	0.440166	0.440166	0.88028	0.440166	0.440166	0.440166	0.88028	0.88028	0.440166	0.440166	0.440166	0.88028	0.440166	0.440166	0.440166	0.440166	0.88028	0.88028	0.440166	0.440166	0.88028	0.440166	0.440166	0.440166	0.440166	0.88028	0.440166	0.440166	0.88028	0.88028	0.440166	0	0	0.440166	0.88028	0.440166	0.440166	0.440166	0.440166	0.440166	0.440166	0.440166	0.440166	0.440166	0	0.440166	0.88028	0.440166	0	0.440166	0.440166	0.440166	0.88028	0.440166	0	0.440166	0.440166	0.440166	0.440166	0	0.440166	0.440166	0	0.440166	0.88028	0.440166	0	0	0.440166	0.440166	0.440166	0.440166	0	0.440166	0.440166	0.440166	0.440166	0	0.440166	0.440166	0	0	0.440166	0.440166	0	0	0	0.440166	0.440166	0	0	0.440166	0.440166	0.440166	0.440166	0	0.440166	0.440166	0	0	0.440166	0.440166	0.440166	0.440166	0	0.440166	0.440166	0	0	0.440166	0.440166	0	0.440166	0.440166	0.440166	0.440166	0	0	0	0.440166	0.440166	0	0	0.440166	0.440166	0.440166	0.440166	0	0	0	0	0	0.440166	0.440166	0	0	0	0.440166	0.440166	0	0	0	0	0.440166	0.440166	0	0	0	0	0	0	0	0	0.440166	0.440166	0	0	0	0	0	0.440166	0.440166	0	0	0	0	0	0	0.440166	0.440166	0	0	0	0	0	0	0	0	0	0	0.440166	0.440166	0	0	0	0	0	0	0	0	0	0	0	0	0	0	0.440166	0.440166	0	0	0	0	0	0	0	0	0	0.440166	0.440166	0	0	0	0.440166	0.440166	0	0	0	0.440166	0.440166	0	0	0	0	0	0.440166	0.440166	0	0	0	0	0
0.880185	0.880185	0.440119	0.440119	0.880185	0.440119	0.440119	0.440119	0.440119	0.880185	0.440119	0.440119	0.880185	0.880185	0.440119	0.440119	0.440119	0.440119	1.32015	0.880185	0.440119	0.440119	0.880185	0.880185	0.440119	0.440119	0.440119	0.880185	0.440119	0.440119	0.440119	0.880185	0.880185	0.440119	0.440119	0.440119	0.880185	0.440119	0.440119	0.440119	0.440119	0.880185	0.880185	0.440119	0.440119	0.880185	0.440119	0.440119	0.440119	0.440119	0.880185	0.440119	0.440119	0.880185	0.880185	0.440119	0	0	0.440119	0.880185	0.440119	0.440119	0.440119	0.440119	0.440119	0.440119	0.440119	0.440119	0.440119	0	0.440119	0.880185	0.440119	0	0.440119	0.440119	0.440119	0.880185	0.440119	0	0.440119	0.440119	0.440119	0.440119	0	0.440119	0.440119	0	0.440119	0.880185	0.440119	0	0	0.440119	0.440119	0.440119	0.440119	0	0.440119	0.440119	0.440119	0.440119	0	0.440119	0.440119	0	0	0.440119	0.440119	0	0	0	0.440119	0.440119	0	0	0.440119	0.440119	0.440119	0.440119	0	0.440119	0.440119	0	0	0.440119	0.440119	0.440119	0.440119	0	0.440119	0.440119	0	0	0.440119	0.440119	0	0.440119	0.440119	0.440119	0.440119	0	0	0	0.440119	0.440119	0	0	0.440119	0.440119	0.440119	0.440119	0	0	0	0	0	0.440119	0.440119	0	0	0	0.440119	0.440119	0	0	0	0	0.440119	0.440119	0	0	0	0	0	0	0	0	0.440119	0.440119	0	0	0	0	0	0.440119	0.440119	0	0	0	0	0	0	0.440119	0.440119	0	0	0	0	0	0	0	0	0	0	0.440119	0.440119	0	0	0	0	0	0	0	0	0	0	0	0	0	0	0.440119	0.440119	0	0	0	0	0	0	0	0	0	0.440119	0.440119	0	0	0	0.440119	0.440119	0	0	0	0.440119	0.440119	0	0	0	0	0	0.440119	0.440119	0	0	0	0	0
0.880104	0.880104	0.440078	0.440078	0.880104	0.440078	0.440078	0.440078	0.440078	0.880104	0.440078	0.440078	0.880104	0.880104	0.440078	0.440078	0.440078	0.440078	1.32003	0.880104	0.440078	0.440078	0.880104	0.880104	0.440078	0.440078	0.440078	0.880104	0.440078	0.440078	0.440078	0.880104	0.880104	0.440078	0.440078	0.440078	0.880104	0.440078	0.440078	0.440078	0.440078	0.880104	0.880104	0.440078	0.440078	0.880104	0.440078	0.440078	0.440078	0.440078	0.880104	0.440078	0.440078	0.880104	0.880104	0.440078	0	0	0.440078	0.880104	0.440078	0.440078	0.440078	0.440078	0.440078	0.440078	0.440078	0.440078	0.440078	0	0.440078	0.880104	0.440078	0	0.440078	0.440078	0.440078	0.880104	0.440078	0	0.440078	0.440078	0.440078	0.440078	0	0.440078	0.440078	0	0.440078	0.880104	0.440078	0	0	0.440078	0.440078	0.440078	0.440078	0	0.440078	0.440078	0.440078	0.440078	0	0.440078	0.440078	0	0	0.440078	0.440078	0	0	0	0.440078	0.440078	0	0	0.440078	0.440078	0.440078	0.440078	0	0.440078	0.440078	0	0	0.440078	0.440078	0.440078	0.440078	0	0.440078	0.440078	0	0	0.440078	0.440078	0	0.440078	0.440078	0.440078	0.440078	0	0	0	0.440078	0.440078	0	0	0.440078	0.440078	0.440078	0.440078	0	0	0	0	0	0.440078	0.440078	0	0	0	0.440078	0.440078	0	0	0	0	0.440078	0.440078	0	0	0	0	0	0	0	0	0.440078	0.440078	0	0	0	0	0	0.440078	0.440078	0	0	0	0	0	0	0.440078	0.440078	0	0	0	0	0	0	0	0	0	0	0.440078	0.440078	0	0	0	0	0	0	0	0	0	0	0	0	0	0	0.440078	0.440078	0	0	0	0	0	0	0	0	0	0.440078	0.440078	0	0	0	0.440078	0.440078	0	0	0	0.440078	0.440078	0	0	0	0	0	0.440078	0.440078	0	0	0	0	0
0.880023	0.880023	0.440038	0.440038	0.880023	0.440038	0.440038	0.440038	0.440038	0.880023	0.440038	0.440038	0.880023	0.880023	0.440038	0.440038	0.440038	0.440038	1.31991	0.880023	0.440038	0.440038	0.880023	0.880023	0.440038	0.440038	0.440038	0.880023	0.440038	0.440038	0.440038	0.880023	0.880023	0.440038	0.440038	0.440038	0.880023	0.440038	0.440038	0.440038	0.440038	0.880023	0.880023	0.440038	0.440038	0.880023	0.440038	0.440038	0.440038	0.440038	0.880023	0.440038	0.440038	0.880023	0.880023	0.440038	0	0	0.440038	0.880023	0.440038	0.440038	0.440038	0.440038	0.440038	0.440038	0.440038	0.440038	0.440038	0	0.440038	0.880023	0.440038	0	0.440038	0.440038	0.440038	0.880023	0.440038	0	0.440038	0.440038	0.440038	0.440038	0	0.440038	0.440038	0	0.440038	0.880023	0.440038	0	0	0.440038	0.440038	0.440038	0.440038	0	0.440038	0.440038	0.440038	0.440038	0	0.440038	0.440038	0	0	0.440038	0.440038	0	0	0	0.440038	0.440038	0	0	0.440038	0.440038	0.440038	0.440038	0	0.440038	0.440038	0	0	0.440038	0.440038	0.440038	0.440038	0	0.440038	0.440038	0	0	0.440038	0.440038	0	0.440038	0.440038	0.440038	0.440038	0	0	0	0.440038	0.440038	0	0	0.440038	0.440038	0.440038	0.440038	0	0	0	0	0	0.440038	0.440038	0	0	0	0.440038	0.440038	0	0	0	0	0.440038	0.440038	0	0	0	0	0	0	0	0	0.440038	0.440038	0	0	0	0	0	0.440038	0.440038	0	0	0	0	0	0	0.440038	0.440038	0	0	0	0	0	0	0	0	0	0	0.440038	0.440038	0	0	0	0	0	0	0	0	0	0	0	0	0	0	0.440038	0.440038	0	0	0	0	0	0	0	0	0	0.440038	0.440038	0	0	0	0.440038	0.440038	0	0	0	0.440038	0.440038	0	0	0	0	0	0.440038	0.440038	0	0	0	0	0
0.879942	0.879942	0.439997	0.439997	0.879942	0.439997	0.439997	0.439997	0.439997	0.879942	0.439997	0.439997	0.879942	0.879942	0.439997	0.439997	0.439997	0.439997	1.31978	0.879942	0.439997	0.439997	0.879942	0.879942	0.439997	0.439997	0.439997	0.879942	0.439997	0.439997	0.439997	0.879942	0.879942	0.439997	0.439997	0.439997	0.879942	0.439997	0.439997	0.439997	0.439997	0.879942	0.879942	0.439997	0.439997	0.879942	0.439997	0.439997	0.439997	0.439997	0.879942	0.439997	0.439997	0.879942	0.879942	0.439997	0	0	0.439997	0.879942	0.439997	0.439997	0.439997	0.439997	0.439997	0.439997	0.439997	0.439997	0.439997	0	0.439997	0.879942	0.439997	0	0.439997	0.439997	0.439997	0.879942	0.439997	0	0.439997	0.439997	0.439997	0.439997	0	0.439997	0.439997	0	0.439997	0.879942	0.439997	0	0	0.439997	0.439997	0.439997	0.439997	0	0.439997	0.439997	0.439997	0.439997	0	0.439997	0.439997	0	0	0.439997	0.439997	0	0	0	0.439997	0.439997	0	0	0.439997	0.439997	0.439997	0.439997	0	0.439997	0.439997	0	0	0.439997	0.439997	0.439997	0.439997	0	0.439997	0.439997	0	0	0.439997	0.439997	0	0.439997	0.439997	0.439997	0.439997	0	0	0	0.439997	0.439997	0	0	0.439997	0.439997	0.439997	0.439997	0	0	0	0	0	0.439997	0.439997	0	0	0	0.439997	0.439997	0	0	0	0	0.439997	0.439997	0	0	0	0	0	0	0	0	0.439997	0.439997	0	0	0	0	0	0.439997	0.439997	0	0	0	0	0	0	0.439997	0.439997	0	0	0	0	0	0	0	0	0	0	0.439997	0.439997	0	0	0	0	0	0	0	0	0	0	0	0	0	0	0.439997	0.439997	0	0	0	0	0	0	0	0	0	0.439997	0.439997	0	0	0	0.439997	0.439997	0	0	0	0.439997	0.439997	0	0	0	0	0	0.439997	0.439997	0	0	0	0	0
0.879861	0.879861	0.439956	0.439956	0.879861	0.439956	0.439956	0.439956	0.439956	0.879861	0.439956	0.439956	0.879861	0.879861	0.439956	0.439956	0.439956	0.439956	1.31966	0.879861	0.439956	0.439956	0.879861	0.879861	0.439956	0.439956	0.439956	0.879861	0.439956	0.439956	0.439956	0.879861	0.879861	0.439956	0.439956	0.439956	0.879861	0.439956	0.439956	0.439956	0.439956	0.879861	0.879861	0.439956	0.439956	0.879861	0.439956	0.439956	0.439956	0.439956	0.879861	0.439956	0.439956	0.879861	0.879861	0.439956	0	0	0.439956	0.879861	0.439956	0.439956	0.439956	0.439956	0.439956	0.439956	0.439956	0.439956	0.439956	0	0.439956	0.879861	0.439956	0	0.439956	0.439956	0.439956	0.879861	0.439956	0	0.439956	0.439956	0.439956	0.439956	0	0.439956	0.439956	0	0.439956	0.879861	0.439956	0	0	0.439956	0.439956	0.439956	0.439956	0	0.439956	0.439956	0.439956	0.439956	0	0.439956	0.439956	0	0	0.439956	0.439956	0	0	0	0.439956	0.439956	0	0	0.439956	0.439956	0.439956	0.439956	0	0.439956	0.439956	0	0	0.439956	0.439956	0.439956	0.439956	0	0.439956	0.439956	0	0	0.439956	0.439956	0	0.439956	0.439956	0.439956	0.439956	0	0	0	0.439956	0.439956	0	0	0.439956	0.439956	0.439956	0.439956	0	0	0	0	0	0.439956	0.439956	0	0	0	0.439956	0.439956	0	0	0	0	0.439956	0.439956	0	0	0	0	0	0	0	0	0.439956	0.439956	0	0	0	0	0	0.439956	0.439956	0	0	0	0	0	0	0.439956	0.439956	0	0	0	0	0	0	0	0	0	0	0.439956	0.439956	0	0	0	0	0	0	0	0	0	0	0	0	0	0	0.439956	0.439956	0	0	0	0	0	0	0	0	0	0.439956	0.439956	0	0	0	0.439956	0.439956	0	0	0	0.439956	0.439956	0	0	0	0	0	0.439956	0.439956	0	0	0	0	0
0.879767	0.879767	0.439909	0.439909	0.879767	0.439909	0.439909	0.439909	0.439909	0.879767	0.439909	0.439909	0.879767	0.879767	0.439909	0.439909	0.439909	0.439909	1.31952	0.879767	0.439909	0.439909	0.879767	0.879767	0.439909	0.439909	0.439909	0.879767	0.439909	0.439909	0.439909	0.879767	0.879767	0.439909	0.439909	0.439909	0.879767	0.439909	0.439909	0.439909	0.439909	0.879767	0.879767	0.439909	0.439909	0.879767	0.439909	0.439909	0.439909	0.439909	0.879767	0.439909	0.439909	0.879767	0.879767	0.439909	0	0	0.439909	0.879767	0.439909	0.439909	0.439909	0.439909	0.439909	0.439909	0.439909	0.439909	0.439909	0	0.439909	0.879767	0.439909	0	0.439909	0.439909	0.439909	0.879767	0.439909	0	0.439909	0.439909	0.439909	0.439909	0	0.439909	0.439909	0	0.439909	0.879767	0.439909	0	0	0.439909	0.439909	0.439909	0.439909	0	0.439909	0.439909	0.439909	0.439909	0	0.439909	0.439909	0	0	0.439909	0.439909	0	0	0	0.439909	0.439909	0	0	0.439909	0.439909	0.439909	0.439909	0	0.439909	0.439909	0	0	0.439909	0.439909	0.439909	0.439909	0	0.439909	0.439909	0	0	0.439909	0.439909	0	0.439909	0.439909	0.439909	0.439909	0	0	0	0.439909	0.439909	0	0	0.439909	0.439909	0.439909	0.439909	0	0	0	0	0	0.439909	0.439909	0	0	0	0.439909	0.439909	0	0	0	0	0.439909	0.439909	0	0	0	0	0	0	0	0	0.439909	0.439909	0	0	0	0	0	0.439909	0.439909	0	0	0	0	0	0	0.439909	0.439909	0	0	0	0	0	0	0	0	0	0	0.439909	0.439909	0	0	0	0	0	0	0	0	0	0	0	0	0	0	0.439909	0.439909	0	0	0	0	0	0	0	0	0	0.439909	0.439909	0	0	0	0.439909	0.439909	0	0	0	0.439909	0.439909	0	0	0	0	0	0.439909	0.439909	0	0	0	0	0
0.879685	0.879685	0.439869	0.439869	0.879685	0.439869	0.439869	0.439869	0.439869	0.879685	0.439869	0.439869	0.879685	0.879685	0.439869	0.439869	0.439869	0.439869	1.21447	0.837452	0.62208	0.62208	0.983514	0.983514	0.62208	0.62208	0.62208	0.983514	0.62208	0.62208	0.62208	0.983514	0.983514	0.62208	0.62208	0.62208	0.983514	0.62208	0.62208	0.62208	0.641235	1.08855	1.24401	0.983559	0.983559	1.24401	0.983559	0.983559	0.983559	0.983559	1.24401	0.983559	1.04322	1.4336	1.58568	1.39084	1.21456	0.99579	0.983559	1.2537	1.25373	1.39084	1.39084	1.32861	1.13212	1.04322	1.25373	1.39084	1.32861	0.99579	1.04322	1.4336	1.39084	1.21456	1.18432	1.25373	1.39084	1.58568	1.39084	1.3195	1.39084	1.39084	1.39084	1.39084	1.3195	1.39084	1.32861	0.99579	1.04322	1.4336	1.39084	1.21456	0.99579	1.04322	1.18432	1.13212	0.983559	0.879753	0.983559	0.983559	0.983559	0.983559	0.879753	0.983559	0.983559	0.879753	0.777611	0.777583	0.62208	0.439902	0.439902	0.347773	0.491793	0.466568	0.439902	0.439902	0.62208	0.62208	0.62208	0.62208	0.439902	0.62208	0.62208	0.439902	0.439902	0.62208	0.62208	0.62208	0.62208	0.439902	0.62208	0.62208	0.439902	0.439902	0.62208	0.62208	0.439902	0.62208	0.62208	0.62208	0.62208	0.439902	0.439902	0.347773	0.491793	0.466568	0.439902	0.439902	0.62208	0.62208	0.62208	0.62208	0.439902	0.439902	0.439902	0.347773	0.155526	0.347752	0.466568	0.439902	0.439902	0.439902	0.62208	0.62208	0.439902	0.439902	0.439902	0.439902	0.62208	0.62208	0.439902	0.439902	0.439902	0.439902	0.439902	0.439902	0.347773	0.155526	0.347752	0.466568	0.439902	0.439902	0.439902	0.439902	0.439902	0.641235	0.837496	0.879753	0.777611	0.560759	0.439902	0.439902	0.439902	0.641235	0.837496	0.879753	0.879753	0.879753	0.879753	0.777611	0.560759	0.439902	0.439902	0.439902	0.439902	0.641235	0.837496	0.879753	0.777611	0.560759	0.439902	0.439902	0.439902	0.439902	0.439902	0.439902	0.439902	0.439902	0.439902	0.347773	0.155526	0.347752	0.466568	0.439902	0.439902	0.439902	0.439902	0.439902	0.439902	0.439902	0.439902	0.347773	0.491793	0.466568	0.439902	0.439902	0.439902	0.641235	0.792992	0.560759	0.439902	0.439902	0.641235	0.837496	0.777611	0.560759	0.439902	0.439902	0.439902	0.641235	0.837496	0.777611	0.560759	0.439902	0.439902	0.439902
0.879604	0.879604	0.439828	0.439828	0.879604	0.439828	0.439828	0.439828	0.439828	0.879604	0.439828	0.439828	0.879604	0.879604	0.439828	0.439828	0.439828	0.439828	0.995624	0.641153	0.622023	0.622023	0.983423	0.983423	0.622023	0.622023	0.622023	0.983423	0.622023	0.622023	0.622023	0.983423	0.983423	0.622023	0.622023	0.622023	0.983423	0.622023	0.622023	0.622023	0.560708	0.945867	1.2439	0.983469	0.983469	1.2439	0.983469	0.983469	0.983469	0.983469	1.2439	0.983469	0.995698	1.32849	1.58553	1.39071	1.25362	1.04312	0.983469	1.13202	1.21445	1.39071	1.39071	1.43347	1.25359	0.995698	1.21445	1.39071	1.43347	1.04312	0.995698	1.32849	1.39071	1.25362	1.18421	1.21445	1.39071	1.58553	1.39071	1.31938	1.39071	1.39071	1.39071	1.39071	1.31938	1.39071	1.43347	1.04312	0.995698	1.32849	1.39071	1.25362	1.04312	0.995698	1.18421	1.25359	0.983469	0.879672	0.983469	0.983469	0.983469	0.983469	0.879672	0.983469	0.983469	0.879672	0.837419	0.945843	0.622023	0.439862	0.439862	0.466525	0.491748	0.347741	0.439862	0.439862	0.622023	0.622023	0.622023	0.622023	0.439862	0.622023	0.622023	0.439862	0.439862	0.622023	0.622023	0.622023	0.622023	0.439862	0.622023	0.622023	0.439862	0.439862	0.622023	0.622023	0.439862	0.622023	0.622023	0.622023	0.622023	0.439862	0.439862	0.466525	0.491748	0.347741	0.439862	0.439862	0.622023	0.622023	0.622023	0.622023	0.439862	0.439862	0.439862	0.466525	0.34772	0.155511	0.347741	0.439862	0.439862	0.439862	0.622023	0.622023	0.439862	0.439862	0.439862	0.439862	0.622023	0.622023	0.439862	0.439862	0.439862	0.439862	0.439862	0.439862	0.466525	0.34772	0.155511	0.347741	0.439862	0.439862	0.439862	0.439862	0.439862	0.560708	0.77754	0.879672	0.837419	0.641176	0.439862	0.439862	0.439862	0.560708	0.77754	0.879672	0.879672	0.879672	0.879672	0.837419	0.641176	0.439862	0.439862	0.439862	0.439862	0.560708	0.77754	0.879672	0.837419	0.641176	0.439862	0.439862	0.439862	0.439862	0.439862	0.439862	0.439862	0.439862	0.439862	0.466525	0.34772	0.155511	0.347741	0.439862	0.439862	0.439862	0.439862	0.439862	0.439862	0.439862	0.439862	0.466525	0.491748	0.347741	0.439862	0.439862	0.439862	0.560708	0.792919	0.641176	0.439862	0.439862	0.560708	0.77754	0.837419	0.641176	0.439862	0.439862	0.439862	0.560708	0.77754	0.837419	0.641176	0.439862	0.439862	0.439862
0.879523	0.879523	0.439788	0.439788	0.879523	0.439788	0.439788	0.439788	0.439788	0.879523	0.439788	0.439788	0.879523	0.879523	0.439788	0.439788	0.439788	0.439788	0.879523	0.439788	0.439788	0.439788	0.879523	0.879523	0.439788	0.439788	0.439788	0.879523	0.439788	0.439788	0.439788	0.879523	0.879523	0.439788	0.439788	0.439788	0.879523	0.439788	0.439788	0.439788	0	0.439788	0.879523	0.439788	0.439788	0.879523	0.439788	0.439788	0.439788	0.439788	0.879523	0.439788	0	0.439788	0.879523	0.439788	0.439788	0.439788	0.439788	0.439788	0	0.439788	0.439788	0.879523	0.879523	0	0	0.439788	0.879523	0.439788	0	0.439788	0.439788	0.439788	0.439788	0	0.439788	0.879523	0.439788	0	0.439788	0.439788	0.439788	0.439788	0	0.439788	0.879523	0.439788	0	0.439788	0.439788	0.439788	0.439788	0	0.439788	0.879523	0.439788	0	0.439788	0.439788	0.439788	0.439788	0	0.439788	0.439788	0	0.439788	0.879523	0.439788	0	0	0.439788	0.439788	0	0	0	0.439788	0.439788	0.439788	0.439788	0	0.439788	0.439788	0	0	0.439788	0.439788	0.439788	0.439788	0	0.439788	0.439788	0	0	0.439788	0.439788	0	0.439788	0.439788	0.439788	0.439788	0	0	0.439788	0.439788	0	0	0	0.439788	0.439788	0.439788	0.439788	0	0	0	0.439788	0.439788	0	0	0	0	0	0.439788	0.439788	0	0	0	0	0.439788	0.439788	0	0	0	0	0	0	0.439788	0.439788	0	0	0	0	0	0	0	0	0	0	0.439788	0.439788	0	0	0	0	0	0	0	0	0	0.439788	0.439788	0	0	0	0	0	0	0	0.439788	0.439788	0	0	0	0	0	0	0	0	0	0.439788	0.439788	0	0	0	0	0	0	0	0	0	0	0.439788	0.439788	0	0	0	0	0	0.439788	0.439788	0	0	0	0	0.439788	0.439788	0	0	0	0	0	0.439788	0.439788	0	0	0
0.879442	0.879442	0.439747	0.439747	0.879442	0.439747	0.439747	0.439747	0.439747	0.879442	0.439747	0.439747	0.879442	0.879442	0.439747	0.439747	0.439747	0.439747	0.879442	0.439747	0.439747	0.439747	0.879442	0.879442	0.439747	0.439747	0.439747	0.879442	0.439747	0.439747	0.439747	0.879442	0.879442	0.439747	0.439747	0.439747	0.879442	0.439747	0.439747	0.439747	0	0.439747	0.879442	0.439747	0.439747	0.879442	0.439747	0.439747	0.439747	0.439747	0.879442	0.439747	0	0.439747	0.879442	0.439747	0.439747	0.439747	0.439747	0.439747	0	0.439747	0.439747	0.879442	0.879442	0	0	0.439747	0.879442	0.439747	0	0.439747	0.439747	0.439747	0.439747	0	0.439747	0.879442	0.439747	0	0.439747	0.439747	0.439747	0.439747	0	0.439747	0.879442	0.439747	0	0.439747	0.439747	0.439747	0.439747	0	0.439747	0.879442	0.439747	0	0.439747	0.439747	0.439747	0.439747	0	0.439747	0.439747	0	0.439747	0.879442	0.439747	0	0	0.439747	0.439747	0	0	0	0.439747	0.439747	0.439747	0.439747	0	0.439747	0.439747	0	0	0.439747	0.439747	0.439747	0.439747	0	0.439747	0.439747	0	0	0.439747	0.439747	0	0.439747	0.439747	0.439747	0.439747	0	0	0.439747	0.439747	0	0	0	0.439747	0.439747	0.439747	0.439747	0	0	0	0.439747	0.439747	0	0	0	0	0	0.439747	0.439747	0	0	0	0	0.439747	0.439747	0	0	0	0	0	0	0.439747	0.439747	0	0	0	0	0	0	0	0	0	0	0.439747	0.439747	0	0	0	0	0	0	0	0	0	0.439747	0.439747	0	0	0	0	0	0	0	0.439747	0.439747	0	0	0	0	0	0	0	0	0	0.439747	0.439747	0	0	0	0	0	0	0	0	0	0	0.439747	0.439747	0	0	0	0	0	0.439747	0.439747	0	0	0	0	0.439747	0.439747	0	0	0	0	0	0.439747	0.439747	0	0	0
0.879348	0.879348	0.4397	0.4397	0.879348	0.4397	0.4397	0.4397	0.4397	0.879348	0.4397	0.4397	0.879348	0.879348	0.4397	0.4397	0.4397	0.4397	0.879348	0.4397	0.4397	0.4397	0.879348	0.879348	0.4397	0.4397	0.4397	0.879348	0.4397	0.4397	0.4397	0.879348	0.879348	0.4397	0.4397	0.4397	0.879348	0.4397	0.4397	0.4397	0	0.4397	0.879348	0.4397	0.4397	0.879348	0.4397	0.4397	0.4397	0.4397	0.879348	0.4397	0	0.4397	0.879348	0.4397	0.4397	0.4397	0.4397	0.4397	0	0.4397	0.4397	0.879348	0.879348	0	0	0.4397	0.879348	0.4397	0	0.4397	0.4397	0.4397	0.4397	0	0.4397	0.879348	0.4397	0	0.4397	0.4397	0.4397	0.4397	0	0.4397	0.879348	0.4397	0	0.4397	0.4397	0.4397	0.4397	0	0.4397	0.879348	0.4397	0	0.4397	0.4397	0.4397	0.4397	0	0.4397	0.4397	0	0.4397	0.879348	0.4397	0	0	0.4397	0.4397	0	0	0	0.4397	0.4397	0.4397	0.4397	0	0.4397	0.4397	0	0	0.4397	0.4397	0.4397	0.4397	0	0.4397	0.4397	0	0	0.4397	0.4397	0	0.4397	0.4397	0.4397	0.4397	0	0	0.4397	0.4397	0	0	0	0.4397	0.4397	0.4397	0.4397	0	0	0	0.4397	0.4397	0	0	0	0	0	0.4397	0.4397	0	0	0	0	0.4397	0.4397	0	0	0	0	0	0	0.4397	0.4397	0	0	0	0	0	0	0	0	0	0	0.4397	0.4397	0	0	0	0	0	0	0	0	0	0.4397	0.4397	0	0	0	0	0	0	0	0.4397	0.4397	0	0	0	0	0	0	0	0	0	0.4397	0.4397	0	0	0	0	0	0	0	0	0	0	0.4397	0.4397	0	0	0	0	0	0.4397	0.4397	0	0	0	0	0.4397	0.4397	0	0	0	0	0	0.4397	0.4397	0	0	0
0.879267	0.879267	0.439659	0.439659	0.879267	0.439659	0.439659	0.439659	0.439659	0.879267	0.439659	0.439659	0.879267	0.879267	0.439659	0.439659	0.439659	0.439659	0.879267	0.439659	0.439659	0.439659	0.879267	0.879267	0.439659	0.439659	0.439659	0.879267	0.439659	0.439659	0.439659	0.879267	0.879267	0.439659	0.439659	0.439659	0.879267	0.439659	0.439659	0.439659	0	0.439659	0.879267	0.439659	0.439659	0.879267	0.439659	0.439659	0.439659	0.439659	0.879267	0.439659	0	0.439659	0.879267	0.439659	0.439659	0.439659	0.439659	0.439659	0	0.439659	0.439659	0.879267	0.879267	0	0	0.439659	0.879267	0.439659	0	0.439659	0.439659	0.439659	0.439659	0	0.439659	0.879267	0.439659	0	0.439659	0.439659	0.439659	0.439659	0	0.439659	0.879267	0.439659	0	0.439659	0.439659	0.439659	0.439659	0	0.439659	0.879267	0.439659	0	0.439659	0.439659	0.439659	0.439659	0	0.439659	0.439659	0	0.439659	0.879267	0.439659	0	0	0.439659	0.439659	0	0	0	0.439659	0.439659	0.439659	0.439659	0	0.439659	0.439659	0	0	0.439659	0.439659	0.439659	0.439659	0	0.439659	0.439659	0	0	0.439659	0.439659	0	0.439659	0.439659	0.439659	0.439659	0	0	0.439659	0.439659	0	0	0	0.439659	0.439659	0.439659	0.439659	0	0	0	0.439659	0.439659	0	0	0	0	0	0.439659	0.439659	0	0	0	0	0.439659	0.439659	0	0	0	0	0	0	0.439659	0.439659	0	0	0	0	0	0	0	0	0	0	0.439659	0.439659	0	0	0	0	0	0	0	0	0	0.439659	0.439659	0	0	0	0	0	0	0	0.439659	0.439659	0	0	0	0	0	0	0	0	0	0.439659	0.439659	0	0	0	0	0	0	0	0	0	0	0.439659	0.439659	0	0	0	0	0	0.439659	0.439659	0	0	0	0	0.439659	0.439659	0	0	0	0	0	0.439659	0.439659	0	0	0
0.879186	0.879186	0.439619	0.439619	0.879186	0.439619	0.439619	0.439619	0.439619	0.879186	0.439619	0.439619	0.879186	0.879186	0.439619	0.439619	0.439619	0.439619	0.879186	0.439619	0.439619	0.439619	0.879186	0.879186	0.439619	0.439619	0.439619	0.879186	0.439619	0.439619	0.439619	0.879186	0.879186	0.439619	0.439619	0.439619	0.879186	0.439619	0.439619	0.439619	0	0.439619	0.879186	0.439619	0.439619	0.879186	0.439619	0.439619	0.439619	0.439619	0.879186	0.439619	0	0.439619	0.879186	0.439619	0.439619	0.439619	0.439619	0.439619	0	0.439619	0.439619	0.879186	0.879186	0	0	0.439619	0.879186	0.439619	0	0.439619	0.439619	0.439619	0.439619	0	0.439619	0.879186	0.439619	0	0.439619	0.439619	0.439619	0.439619	0	0.439619	0.879186	0.439619	0	0.439619	0.439619	0.439619	0.439619	0	0.439619	0.879186	0.439619	0	0.439619	0.439619	0.439619	0.439619	0	0.439619	0.439619	0	0.439619	0.879186	0.439619	0	0	0.439619	0.439619	0	0	0	0.439619	0.439619	0.439619	0.439619	0	0.439619	0.439619	0	0	0.439619	0.439619	0.439619	0.439619	0	0.439619	0.439619	0	0	0.439619	0.439619	0	0.439619	0.439619	0.439619	0.439619	0	0	0.439619	0.439619	0	0	0	0.439619	0.439619	0.439619	0.439619	0	0	0	0.439619	0.439619	0	0	0	0	0	0.439619	0.439619	0	0	0	0	0.439619	0.439619	0	0	0	0	0	0	0.439619	0.439619	0	0	0	0	0	0	0	0	0	0	0.439619	0.439619	0	0	0	0	0	0	0	0	0	0.439619	0.439619	0	0	0	0	0	0	0	0.439619	0.439619	0	0	0	0	0	0	0	0	0	0.439619	0.439619	0	0	0	0	0	0	0	0	0	0	0.439619	0.439619	0	0	0	0	0	0.439619	0.439619	0	0	0	0	0.439619	0.439619	0	0	0	0	0	0.439619	0.439619	0	0	0
0.879105	0.879105	0.439578	0.439578	0.879105	0.439578	0.439578	0.439578	0.439578	0.879105	0.439578	0.439578	0.879105	0.879105	0.439578	0.439578	0.439578	0.439578	0.879105	0.439578	0.439578	0.439578	0.879105	0.879105	0.439578	0.439578	0.439578	0.879105	0.439578	0.439578	0.439578	0.879105	0.879105	0.439578	0.439578	0.439578	0.879105	0.439578	0.439578	0.439578	0	0.439578	0.879105	0.439578	0.439578	0.879105	0.439578	0.439578	0.439578	0.439578	0.879105	0.439578	0	0.439578	0.879105	0.439578	0.439578	0.439578	0.439578	0.439578	0	0.439578	0.439578	0.879105	0.879105	0	0	0.439578	0.879105	0.439578	0	0.439578	0.439578	0.439578	0.439578	0	0.439578	0.879105	0.439578	0	0.439578	0.439578	0.439578	0.439578	0	0.439578	0.879105	0.439578	0	0.439578	0.439578	0.439578	0.439578	0	0.439578	0.879105	0.439578	0	0.439578	0.439578	0.439578	0.439578	0	0.439578	0.439578	0	0.439578	0.879105	0.439578	0	0	0.439578	0.439578	0	0	0	0.439578	0.439578	0.439578	0.439578	0	0.439578	0.439578	0	0	0.439578	0.439578	0.439578	0.439578	0	0.439578	0.439578	0	0	0.439578	0.439578	0	0.439578	0.439578	0.439578	0.439578	0	0	0.439578	0.439578	0	0	0	0.439578	0.439578	0.439578	0.439578	0	0	0	0.439578	0.439578	0	0	0	0	0	0.439578	0.439578	0	0	0	0	0.439578	0.439578	0	0	0	0	0	0	0.439578	0.439578	0	0	0	0	0	0	0	0	0	0	0.439578	0.439578	0	0	0	0	0	0	0	0	0	0.439578	0.439578	0	0	0	0	0	0	0	0.439578	0.439578	0	0	0	0	0	0	0	0	0	0.439578	0.439578	0	0	0	0	0	0	0	0	0	0	0.439578	0.439578	0	0	0	0	0	0.439578	0.439578	0	0	0	0	0.439578	0.439578	0	0	0	0	0	0.439578	0.439578	0	0	0
0.879011	0.879011	0.439531	0.439531	0.879011	0.439531	0.439531	0.439531	0.439531	0.879011	0.439531	0.439531	0.879011	0.879011	0.439531	0.439531	0.439531	0.439531	0.879011	0.439531	0.439531	0.439531	0.879011	0.879011	0.439531	0.439531	0.439531	0.879011	0.439531	0.439531	0.439531	0.879011	0.879011	0.439531	0.439531	0.439531	0.879011	0.439531	0.439531	0.439531	0	0.439531	0.879011	0.439531	0.439531	0.879011	0.439531	0.439531	0.439531	0.439531	0.879011	0.439531	0	0.439531	0.879011	0.439531	0.439531	0.439531	0.439531	0.439531	0	0.439531	0.439531	0.879011	0.879011	0	0	0.439531	0.879011	0.439531	0	0.439531	0.439531	0.439531	0.439531	0	0.439531	0.879011	0.439531	0	0.439531	0.439531	0.439531	0.439531	0	0.439531	0.879011	0.439531	0	0.439531	0.439531	0.439531	0.439531	0	0.439531	0.879011	0.439531	0	0.439531	0.439531	0.439531	0.439531	0	0.439531	0.439531	0	0.439531	0.879011	0.439531	0	0	0.439531	0.439531	0	0	0	0.439531	0.439531	0.439531	0.439531	0	0.439531	0.439531	0	0	0.439531	0.439531	0.439531	0.439531	0	0.439531	0.439531	0	0	0.439531	0.439531	0	0.439531	0.439531	0.439531	0.439531	0	0	0.439531	0.439531	0	0	0	0.439531	0.439531	0.439531	0.439531	0	0	0	0.439531	0.439531	0	0	0	0	0	0.439531	0.439531	0	0	0	0	0.439531	0.439531	0	0	0	0	0	0	0.439531	0.439531	0	0	0	0	0	0	0	0	0	0	0.439531	0.439531	0	0	0	0	0	0	0	0	0	0.439531	0.439531	0	0	0	0	0	0	0	0.439531	0.439531	0	0	0	0	0	0	0	0	0	0.439531	0.439531	0	0	0	0	0	0	0	0	0	0	0.439531	0.439531	0	0	0	0	0	0.439531	0.439531	0	0	0	0	0.439531	0.439531	0	0	0	0	0	0.439531	0.439531	0	0	0
0.87893	0.87893	0.439491	0.439491	0.87893	0.439491	0.439491	0.439491	0.439491	0.87893	0.439491	0.439491	0.87893	0.87893	0.439491	0.439491	0.439491	0.439491	0.87893	0.439491	0.439491	0.439491	0.87893	0.87893	0.439491	0.439491	0.439491	0.87893	0.439491	0.439491	0.439491	0.87893	0.87893	0.439491	0.439491	0.439491	0.87893	0.439491	0.439491	0.439491	0	0.439491	0.87893	0.439491	0.439491	0.87893	0.439491	0.439491	0.439491	0.439491	0.87893	0.439491	0	0.439491	0.87893	0.439491	0.439491	0.439491	0.439491	0.439491	0	0.439491	0.439491	0.87893	0.87893	0	0	0.439491	0.87893	0.439491	0	0.439491	0.439491	0.439491	0.439491	0	0.439491	0.87893	0.439491	0	0.439491	0.439491	0.439491	0.439491	0	0.439491	0.87893	0.439491	0	0.439491	0.439491	0.439491	0.439491	0	0.439491	0.87893	0.439491	0	0.439491	0.439491	0.439491	0.439491	0	0.439491	0.439491	0	0.439491	0.87893	0.439491	0	0	0.439491	0.439491	0	0	0	0.439491	0.439491	0.439491	0.439491	0	0.439491	0.439491	0	0	0.439491	0.439491	0.439491	0.439491	0	0.439491	0.439491	0	0	0.439491	0.439491	0	0.439491	0.439491	0.439491	0.439491	0	0	0.439491	0.439491	0	0	0	0.439491	0.439491	0.439491	0.439491	0	0	0	0.439491	0.439491	0	0	0	0	0	0.439491	0.439491	0	0	0	0	0.439491	0.439491	0	0	0	0	0	0	0.439491	0.439491	0	0	0	0	0	0	0	0	0	0	0.439491	0.439491	0	0	0	0	0	0	0	0	0	0.439491	0.439491	0	0	0	0	0	0	0	0.439491	0.439491	0	0	0	0	0	0	0	0	0	0.439491	0.439491	0	0	0	0	0	0	0	0	0	0	0.439491	0.439491	0	0	0	0	0	0.439491	0.439491	0	0	0	0	0.439491	0.439491	0	0	0	0	0	0.439491	0.439491	0	0	0
0.878849	0.878849	0.43945	0.43945	0.878849	0.43945	0.43945	0.43945	0.43945	0.878849	0.43945	0.43945	0.878849	0.878849	0.43945	0.43945	0.43945	0.43945	0.878849	0.43945	0.43945	0.43945	0.878849	0.878849	0.43945	0.43945	0.43945	0.878849	0.43945	0.43945	0.43945	0.878849	0.878849	0.43945	0.43945	0.43945	0.878849	0.43945	0.43945	0.43945	0	0.43945	0.878849	0.43945	0.43945	0.878849	0.43945	0.43945	0.43945	0.43945	0.878849	0.43945	0	0.43945	0.878849	0.43945	0.43945	0.43945	0.43945	0.43945	0	0.43945	0.43945	0.878849	0.878849	0	0	0.43945	0.878849	0.43945	0	0.43945	0.43945	0.43945	0.43945	0	0.43945	0.878849	0.43945	0	0.43945	0.43945	0.43945	0.43945	0	0.43945	0.878849	0.43945	0	0.43945	0.43945	0.43945	0.43945	0	0.43945	0.878849	0.43945	0	0.43945	0.43945	0.43945	0.43945	0	0.43945	0.43945	0	0.43945	0.878849	0.43945	0	0	0.43945	0.43945	0	0	0	0.43945	0.43945	0.43945	0.43945	0	0.43945	0.43945	0	0	0.43945	0.43945	0.43945	0.43945	0	0.43945	0.43945	0	0	0.43945	0.43945	0	0.43945	0.43945	0.43945	0.43945	0	0	0.43945	0.43945	0	0	0	0.43945	0.43945	0.43945	0.43945	0	0	0	0.43945	0.43945	0	0	0	0	0	0.43945	0.43945	0	0	0	0	0.43945	0.43945	0	0	0	0	0	0	0.43945	0.43945	0	0	0	0	0	0	0	0	0	0	0.43945	0.43945	0	0	0	0	0	0	0	0	0	0.43945	0.43945	0	0	0	0	0	0	0	0.43945	0.43945	0	0	0	0	0	0	0	0	0	0.43945	0.43945	0	0	0	0	0	0	0	0	0	0	0.43945	0.43945	0	0	0	0	0	0.43945	0.43945	0	0	0	0	0.43945	0.43945	0	0	0	0	0	0.43945	0.43945	0	0	0
0.878768	0.878768	0.43941	0.43941	0.878768	0.43941	0.43941	0.43941	0.43941	0.878768	0.43941	0.43941	0.878768	0.878768	0.43941	0.43941	0.43941	0.43941	0.878768	0.43941	0.43941	0.43941	0.878768	0.878768	0.43941	0.43941	0.43941	0.878768	0.43941	0.43941	0.43941	0.878768	0.878768	0.43941	0.43941	0.43941	0.878768	0.43941	0.43941	0.43941	0	0.43941	0.878768	0.43941	0.43941	0.878768	0.43941	0.43941	0.43941	0.43941	0.878768	0.43941	0	0.43941	0.878768	0.43941	0.43941	0.43941	0.43941	0.43941	0	0.43941	0.43941	0.878768	0.878768	0	0	0.43941	0.878768	0.43941	0	0.43941	0.43941	0.43941	0.43941	0	0.43941	0.878768	0.43941	0	0.43941	0.43941	0.43941	0.43941	0	0.43941	0.878768	0.43941	0	0.43941	0.43941	0.43941	0.43941	0	0.43941	0.878768	0.43941	0	0.43941	0.43941	0.43941	0.43941	0	0.43941	0.43941	0	0.43941	0.878768	0.43941	0	0	0.43941	0.43941	0	0	0	0.43941	0.43941	0.43941	0.43941	0	0.43941	0.43941	0	0	0.43941	0.43941	0.43941	0.43941	0	0.43941	0.43941	0	0	0.43941	0.43941	0	0.43941	0.43941	0.43941	0.43941	0	0	0.43941	0.43941	0	0	0	0.43941	0.43941	0.43941	0.43941	0	0	0	0.43941	0.43941	0	0	0	0	0	0.43941	0.43941	0	0	0	0	0.43941	0.43941	0	0	0	0	0	0	0.43941	0.43941	0	0	0	0	0	0	0	0	0	0	0.43941	0.43941	0	0	0	0	0	0	0	0	0	0.43941	0.43941	0	0	0	0	0	0	0	0.43941	0.43941	0	0	0	0	0	0	0	0	0	0.43941	0.43941	0	0	0	0	0	0	0	0	0	0	0.43941	0.43941	0	0	0	0	0	0.43941	0.43941	0	0	0	0	0.43941	0.43941	0	0	0	0	0	0.43941	0.43941	0	0	0
0.878687	0.878687	0.439369	0.439369	0.878687	0.439369	0.439369	0.439369	0.439369	0.878687	0.439369	0.439369	0.878687	0.878687	0.439369	0.439369	0.439369	0.439369	0.878687	0.439369	0.439369	0.439369	0.878687	0.878687	0.439369	0.439369	0.439369	0.878687	0.439369	0.439369	0.439369	0.878687	0.878687	0.439369	0.439369	0.439369	0.878687	0.439369	0.439369	0.439369	0	0.439369	0.878687	0.439369	0.439369	0.878687	0.439369	0.439369	0.439369	0.439369	0.878687	0.439369	0	0.439369	0.878687	0.439369	0.439369	0.439369	0.439369	0.439369	0	0.439369	0.439369	0.878687	0.878687	0	0	0.439369	0.878687	0.439369	0	0.439369	0.439369	0.439369	0.439369	0	0.439369	0.878687	0.439369	0	0.439369	0.439369	0.439369	0.439369	0	0.439369	0.878687	0.439369	0	0.439369	0.439369	0.439369	0.439369	0	0.439369	0.878687	0.439369	0	0.439369	0.439369	0.439369	0.439369	0	0.439369	0.439369	0	0.439369	0.878687	0.439369	0	0	0.439369	0.439369	0	0	0	0.439369	0.439369	0.439369	0.439369	0	0.439369	0.439369	0	0	0.439369	0.439369	0.439369	0.439369	0	0.439369	0.439369	0	0	0.439369	0.439369	0	0.439369	0.439369	0.439369	0.439369	0	0	0.439369	0.439369	0	0	0	0.439369	0.439369	0.439369	0.439369	0	0	0	0.439369	0.439369	0	0	0	0	0	0.439369	0.439369	0	0	0	0	0.439369	0.439369	0	0	0	0	0	0	0.439369	0.439369	0	0	0	0	0	0	0	0	0	0	0.439369	0.439369	0	0	0	0	0	0	0	0	0	0.439369	0.439369	0	0	0	0	0	0	0	0.439369	0.439369	0	0	0	0	0	0	0	0	0	0.439369	0.439369	0	0	0	0	0	0	0	0	0	0	0.439369	0.439369	0	0	0	0	0	0.439369	0.439369	0	0	0	0	0.439369	0.439369	0	0	0	0	0	0.439369	0.439369	0	0	0
0.878593	0.878593	0.439322	0.439322	0.878593	0.439322	0.439322	0.439322	0.439322	0.878593	0.439322	0.34732	0.836412	0.982293	0.621307	0.621307	0.621307	0.621307	0.982293	0.621307	0.621307	0.621307	0.982293	0.982293	0.621307	0.621307	0.621307	0.982293	0.621307	0.621307	0.621307	0.944756	1.0872	0.982338	0.982338	0.982338	1.24247	0.982338	0.982338	0.982338	0.776645	0.792007	1.0872	0.982338	0.982338	1.24247	0.982338	0.982338	0.982338	1.04192	1.43182	1.38911	1.21305	1.13072	1.25215	1.25218	1.38911	1.38911	1.38911	1.32696	0.994553	1.04192	1.25218	1.58371	1.58371	1.31786	1.31786	1.38911	1.58371	1.38911	1.21305	1.18284	1.25218	1.38911	1.32696	0.994553	1.04192	1.43182	1.38911	1.21305	1.13072	0.982338	1.04192	1.25218	1.21305	1.13072	1.24247	0.982338	0.87866	0.982338	0.982338	0.982338	0.982338	0.87866	0.982338	1.24247	0.982338	0.776645	0.792007	0.836456	0.982338	0.982338	0.776645	0.792007	0.836456	0.776645	0.776617	0.944756	0.836456	0.776645	0.560063	0.621307	0.621307	0.439356	0.347341	0.155333	0.439322	0.439322	0.439322	0.439322	0	0.439322	0.439322	0	0	0.439322	0.439322	0.34732	0.465988	0.347341	0.491182	0.465988	0.347341	0.155333	0.34732	0.491182	0.155333	0.34732	0.465988	0.621307	0.621307	0.439356	0.439356	0.621307	0.621307	0.439356	0.347341	0.155333	0.34732	0.465988	0.640439	0.836456	0.776645	0.560063	0.439356	0.640439	0.836456	0.87866	0.87866	0.776645	0.560063	0.439356	0.640439	0.836456	0.87866	0.87866	0.87866	0.776645	0.792007	0.836456	0.87866	0.87866	0.87866	0.87866	0.87866	0.776645	0.792007	0.836456	0.87866	0.87866	0.87866	0.87866	0.87866	0.87866	0.87866	0.87866	0.87866	0.87866	1.04192	1.25218	1.31786	1.21305	0.994553	0.87866	0.87866	0.87866	0.87866	0.87866	0.87866	1.04192	1.25218	1.31786	1.21305	0.994553	0.87866	0.87866	0.87866	0.87866	1.04192	1.25218	1.31786	1.31786	1.21305	0.994553	0.87866	0.87866	0.87866	0.87866	0.87866	0.982338	0.982338	0.87866	0.87866	0.87866	0.87866	0.87866	0.776645	0.560063	0.439356	0.439356	0.439356	0.640439	0.836456	0.776645	0.560063	0.439356	0.439356	0.439356	0.640439	0.836456	0.776645	0.560063	0.439356	0.439356	0.640439	0.836456	0.87866	0.776645	0.560063	0.439356	0.439356	0.640439	0.836456	0.87866	0.87866	0.776645
0.878512	0.878512	0.439282	0.439282	0.878512	0.439282	0.439282	0.439282	0.439282	0.878512	0.439282	0.155318	0.640357	0.982202	0.62125	0.62125	0.62125	0.62125	0.982202	0.62125	0.62125	0.62125	0.982202	0.982202	0.62125	0.62125	0.62125	0.982202	0.62125	0.62125	0.62125	0.776545	0.944692	0.982247	0.982247	0.982247	1.24235	0.982247	0.982247	0.982247	0.836379	0.791934	0.944692	0.982247	0.982247	1.24235	0.982247	0.982247	0.982247	0.994462	1.32684	1.38898	1.25206	1.25203	1.13061	1.21294	1.38898	1.38898	1.38898	1.43169	1.04183	0.994462	1.21294	1.58357	1.58357	1.31774	1.31774	1.38898	1.58357	1.38898	1.25206	1.18274	1.21294	1.38898	1.43169	1.04183	0.994462	1.32684	1.38898	1.25206	1.25203	0.982247	0.994462	1.21294	1.25206	1.25203	1.24235	0.982247	0.878579	0.982247	0.982247	0.982247	0.982247	0.878579	0.982247	1.24235	0.982247	0.836379	0.791934	0.776574	0.982247	0.982247	0.836379	0.791934	0.776574	0.836379	0.944669	0.776545	0.776574	0.836379	0.64038	0.62125	0.62125	0.439316	0.465946	0.347288	0.439282	0.439282	0.439282	0.439282	0	0.439282	0.439282	0	0	0.439282	0.439282	0.155318	0.347309	0.465946	0.491137	0.347309	0.465946	0.347288	0.155318	0.491137	0.347288	0.155318	0.347309	0.62125	0.62125	0.439316	0.439316	0.62125	0.62125	0.439316	0.465946	0.347288	0.155318	0.347309	0.560011	0.776574	0.836379	0.64038	0.439316	0.560011	0.776574	0.878579	0.878579	0.836379	0.64038	0.439316	0.560011	0.776574	0.878579	0.878579	0.878579	0.836379	0.791934	0.776574	0.878579	0.878579	0.878579	0.878579	0.878579	0.836379	0.791934	0.776574	0.878579	0.878579	0.878579	0.878579	0.878579	0.878579	0.878579	0.878579	0.878579	0.878579	0.994462	1.21294	1.31774	1.25206	1.04183	0.878579	0.878579	0.878579	0.878579	0.878579	0.878579	0.994462	1.21294	1.31774	1.25206	1.04183	0.878579	0.878579	0.878579	0.878579	0.994462	1.21294	1.31774	1.31774	1.25206	1.04183	0.878579	0.878579	0.878579	0.878579	0.878579	0.982247	0.982247	0.878579	0.878579	0.878579	0.878579	0.878579	0.836379	0.64038	0.439316	0.439316	0.439316	0.560011	0.776574	0.836379	0.64038	0.439316	0.439316	0.439316	0.560011	0.776574	0.836379	0.64038	0.439316	0.439316	0.560011	0.776574	0.878579	0.836379	0.64038	0.439316	0.439316	0.560011	0.776574	0.878579	0.878579	0.836379
0.878431	0.878431	0.439241	0.439241	0.878431	0.439241	0.439241	0.439241	0.439241	0.878431	0.439241	0	0.439241	0.878431	0.439241	0.439241	0.439241	0.439241	0.878431	0.439241	0.439241	0.439241	0.878431	0.878431	0.439241	0.439241	0.439241	0.878431	0.439241	0.439241	0.439241	0.439241	0.439241	0.439241	0.439241	0.439241	0.878431	0.439241	0.439241	0.439241	0.439241	0.439241	0.439241	0.439241	0.439241	0.878431	0.439241	0.439241	0.439241	0	0.439241	0.439241	0.439241	0.878431	0.439241	0	0.439241	0.439241	0.439241	0.878431	0.439241	0	0	0.878431	0.878431	0	0	0.439241	0.878431	0.439241	0.439241	0.439241	0	0.439241	0.878431	0.439241	0	0.439241	0.439241	0.439241	0.878431	0.439241	0	0	0.439241	0.878431	0.878431	0.439241	0	0.439241	0.439241	0.439241	0.439241	0	0.439241	0.878431	0.439241	0.439241	0.439241	0	0.439241	0.439241	0.439241	0.439241	0	0.439241	0.878431	0.439241	0	0.439241	0.439241	0.439241	0.439241	0	0.439241	0.439241	0.439241	0.439241	0.439241	0.439241	0	0.439241	0.439241	0	0	0.439241	0.439241	0	0	0.439241	0.439241	0	0.439241	0.439241	0	0.439241	0.439241	0	0	0.439241	0.439241	0	0	0.439241	0.439241	0	0.439241	0.439241	0	0	0	0	0.439241	0.439241	0	0	0	0	0	0.439241	0.439241	0	0	0	0	0	0	0.439241	0.439241	0	0	0	0	0	0	0.439241	0.439241	0	0	0	0	0	0	0	0	0	0	0	0	0	0	0.439241	0.439241	0	0	0	0	0	0	0	0	0	0.439241	0.439241	0	0	0	0	0	0	0	0	0.439241	0.439241	0	0	0	0	0	0.439241	0.439241	0	0	0	0	0	0.439241	0.439241	0	0	0	0	0	0.439241	0.439241	0	0	0	0	0	0.439241	0.439241	0	0	0	0	0	0.439241	0.439241	0	0	0	0	0	0	0.439241
0.878351	0.878351	0.439201	0.439201	0.878351	0.439201	0.439201	0.439201	0.439201	0.878351	0.439201	0	0.439201	0.878351	0.439201	0.439201	0.439201	0.439201	0.878351	0.439201	0.439201	0.439201	0.878351	0.878351	0.439201	0.439201	0.439201	0.878351	0.439201	0.439201	0.439201	0.439201	0.439201	0.439201	0.439201	0.439201	0.878351	0.439201	0.439201	0.439201	0.439201	0.439201	0.439201	0.439201	0.439201	0.878351	0.439201	0.439201	0.439201	0	0.439201	0.439201	0.439201	0.878351	0.439201	0	0.439201	0.439201	0.439201	0.878351	0.439201	0	0	0.878351	0.878351	0	0	0.439201	0.878351	0.439201	0.439201	0.439201	0	0.439201	0.878351	0.439201	0	0.439201	0.439201	0.439201	0.878351	0.439201	0	0	0.439201	0.878351	0.878351	0.439201	0	0.439201	0.439201	0.439201	0.439201	0	0.439201	0.878351	0.439201	0.439201	0.439201	0	0.439201	0.439201	0.439201	0.439201	0	0.439201	0.878351	0.439201	0	0.439201	0.439201	0.439201	0.439201	0	0.439201	0.439201	0.439201	0.439201	0.439201	0.439201	0	0.439201	0.439201	0	0	0.439201	0.439201	0	0	0.439201	0.439201	0	0.439201	0.439201	0	0.439201	0.439201	0	0	0.439201	0.439201	0	0	0.439201	0.439201	0	0.439201	0.439201	0	0	0	0	0.439201	0.439201	0	0	0	0	0	0.439201	0.439201	0	0	0	0	0	0	0.439201	0.439201	0	0	0	0	0	0	0.439201	0.439201	0	0	0	0	0	0	0	0	0	0	0	0	0	0	0.439201	0.439201	0	0	0	0	0	0	0	0	0	0.439201	0.439201	0	0	0	0	0	0	0	0	0.439201	0.439201	0	0	0	0	0	0.439201	0.439201	0	0	0	0	0	0.439201	0.439201	0	0	0	0	0	0.439201	0.439201	0	0	0	0	0	0.439201	0.439201	0	0	0	0	0	0.439201	0.439201	0	0	0	0	0	0	0.439201
0.87827	0.87827	0.439161	0.439161	0.87827	0.439161	0.439161	0.439161	0.439161	0.87827	0.439161	0	0.439161	0.87827	0.439161	0.439161	0.439161	0.439161	0.87827	0.439161	0.439161	0.439161	0.87827	0.87827	0.439161	0.439161	0.439161	0.87827	0.439161	0.439161	0.439161	0.439161	0.439161	0.439161	0.439161	0.439161	0.87827	0.439161	0.439161	0.439161	0.439161	0.439161	0.439161	0.439161	0.439161	0.87827	0.439161	0.439161	0.439161	0	0.439161	0.439161	0.439161	0.87827	0.439161	0	0.439161	0.439161	0.439161	0.87827	0.439161	0	0	0.87827	0.87827	0	0	0.439161	0.87827	0.439161	0.439161	0.439161	0	0.439161	0.87827	0.439161	0	0.439161	0.439161	0.439161	0.87827	0.439161	0	0	0.439161	0.87827	0.87827	0.439161	0	0.439161	0.439161	0.439161	0.439161	0	0.439161	0.87827	0.439161	0.439161	0.439161	0	0.439161	0.439161	0.439161	0.439161	0	0.439161	0.87827	0.439161	0	0.439161	0.439161	0.439161	0.439161	0	0.439161	0.439161	0.439161	0.439161	0.439161	0.439161	0	0.439161	0.439161	0	0	0.439161	0.439161	0	0	0.439161	0.439161	0	0.439161	0.439161	0	0.439161	0.439161	0	0	0.439161	0.439161	0	0	0.439161	0.439161	0	0.439161	0.439161	0	0	0	0	0.439161	0.439161	0	0	0	0	0	0.439161	0.439161	0	0	0	0	0	0	0.439161	0.439161	0	0	0	0	0	0	0.439161	0.439161	0	0	0	0	0	0	0	0	0	0	0	0	0	0	0.439161	0.439161	0	0	0	0	0	0	0	0	0	0.439161	0.439161	0	0	0	0	0	0	0	0	0.439161	0.439161	0	0	0	0	0	0.439161	0.439161	0	0	0	0	0	0.439161	0.439161	0	0	0	0	0	0.439161	0.439161	0	0	0	0	0	0.439161	0.439161	0	0	0	0	0	0.439161	0.439161	0	0	0	0	0	0	0.439161
0.878176	0.878176	0.439114	0.439114	0.878176	0.439114	0.439114	0.439114	0.439114	0.878176	0.439114	0	0.439114	0.878176	0.439114	0.439114	0.439114	0.439114	0.878176	0.439114	0.439114	0.439114	0.878176	0.878176	0.439114	0.439114	0.439114	0.878176	0.439114	0.439114	0.439114	0.439114	0.439114	0.439114	0.439114	0.439114	0.878176	0.439114	0.439114	0.439114	0.439114	0.439114	0.439114	0.439114	0.439114	0.878176	0.439114	0.439114	0.439114	0	0.439114	0.439114	0.439114	0.878176	0.439114	0	0.439114	0.439114	0.439114	0.878176	0.439114	0	0	0.878176	0.878176	0	0	0.439114	0.878176	0.439114	0.439114	0.439114	0	0.439114	0.878176	0.439114	0	0.439114	0.439114	0.439114	0.878176	0.439114	0	0	0.439114	0.878176	0.878176	0.439114	0	0.439114	0.439114	0.439114	0.439114	0	0.439114	0.878176	0.439114	0.439114	0.439114	0	0.439114	0.439114	0.439114	0.439114	0	0.439114	0.878176	0.439114	0	0.439114	0.439114	0.439114	0.439114	0	0.439114	0.439114	0.439114	0.439114	0.439114	0.439114	0	0.439114	0.439114	0	0	0.439114	0.439114	0	0	0.439114	0.439114	0	0.439114	0.439114	0	0.439114	0.439114	0	0	0.439114	0.439114	0	0	0.439114	0.439114	0	0.439114	0.439114	0	0	0	0	0.439114	0.439114	0	0	0	0	0	0.439114	0.439114	0	0	0	0	0	0	0.439114	0.439114	0	0	0	0	0	0	0.439114	0.439114	0	0	0	0	0	0	0	0	0	0	0	0	0	0	0.439114	0.439114	0	0	0	0	0	0	0	0	0	0.439114	0.439114	0	0	0	0	0	0	0	0	0.439114	0.439114	0	0	0	0	0	0.439114	0.439114	0	0	0	0	0	0.439114	0.439114	0	0	0	0	0	0.439114	0.439114	0	0	0	0	0	0.439114	0.439114	0	0	0	0	0	0.439114	0.439114	0	0	0	0	0	0	0.439114