1.38605	0.462097	0.924135	1.38605	0.462097	0.924135	1.38605	0.462097	0.462097	0.924135	0.462097	0.462097	0.924135	0.462097	0.462097	0.462097	0.462097	0.924135	0.924135	0.462097	0.462097	0.462097	0	0.462097	0.462097	0.462097	0.924135	0.924135	0.462097	0.462097	0.924135	0.462097	0.924135	0.924135	0.462097	0.924135	0.462097	0.924135	1.38605	0.924135	0.462097	0.462097	0.462097	0.462097	1.38605	0.924135	0.462097	0.462097	0.924135	0.924135	0.462097	0.462097	0.924135	1.38605	0.462097	0.462097	0.462097	0.924135	1.38605	0.924135	0.462097	0.462097	0.924135	0.462097	0.462097	0.462097	0	0.462097	0.462097	0	0	0	0	0.462097	0.462097	0	0	0	0	0	0	0	0	0	0	0	0	0	0	0	0.462097	0.462097	0	0.462097	0.462097	0	0.462097	0.462097	0	0.462097	0.462097	0	0	0.462097	0.462097	0	0	0.462097	0.924135	0.462097	0	0.462097	0.924135	0.462097	0.462097	0.462097	0.462097	0.924135	0.462097	0.462097	1.38605	1.38605	0.462097	0.462097	0.462097	0.462097	1.38605	0.924135	0.462097	1.38605	0.924135	0.462097	0.924135	1.38605	0.924135	0.462097	0.462097	0.462097	0.924135	0.462097	0.462097	0.462097	1.38605	1.38605	0.462097	0.462097	0.462097	0.924135	0.462097	0.462097	0.462097	0.462097	0.924135	0.924135	0.462097	0.462097	0.462097	0	0.462097	0.462097	0.924135	1.38605	0.462097	0.462097	0.924135	0.924135	0.462097	0.924135	0.924135	0.462097	0.924135	0.462097	0.462097	0.462097	0.924135	0.924135	0.462097	0.462097	0.462097	1.38605	0.924135	0.462097	0.462097	0	0.462097	0.924135	0.462097	0.462097	0.924135	0.462097	0.462097	0.462097	0.462097	0.462097	0	0.462097	0.924135	0.924135	0.462097	0.462097	0.462097	0.924135	1.38605	0.462097	0.924135	1.38605	0.924135	0.462097	0.462097	0.462097	0.462097	0.924135	0.462097	0	0.462097	0.462097	0.462097	0.462097	0	0.462097	0.924135	0.462097	0.462097	0.924135	0.462097	0.462097	0.462097	0.924135	1.38605	0.924135	0.462097	0.924135	1.84779	0.924135	0.924135	0.924135	0.924135	1.84779	1.84779	0.924135	0.924135	1.84779	0.924135	0.924135	0.924135	0.924135	2.30929	2.30929	0.924135	0.924135	1.38605	0.462097	0.462097	0.462097	0.462097	0.462097
1.38592	0.462053	0.924045	1.38592	0.462053	0.924045	1.38592	0.462053	0.462053	0.924045	0.462053	0.462053	0.924045	0.462053	0.462053	0.462053	0.462053	0.924045	0.924045	0.462053	0.462053	0.462053	0	0.462053	0.462053	0.462053	0.924045	0.924045	0.462053	0.462053	0.924045	0.462053	0.924045	0.924045	0.462053	0.924045	0.462053	0.924045	1.38592	0.924045	0.462053	0.462053	0.462053	0.462053	1.38592	0.924045	0.462053	0.462053	0.924045	0.924045	0.462053	0.462053	0.924045	1.38592	0.462053	0.462053	0.462053	0.924045	1.38592	0.924045	0.462053	0.462053	0.924045	0.462053	0.462053	0.462053	0	0.462053	0.462053	0	0	0	0	0.462053	0.462053	0	0	0	0	0	0	0	0	0	0	0	0	0	0	0	0.462053	0.462053	0	0.462053	0.462053	0	0.462053	0.462053	0	0.462053	0.462053	0	0	0.462053	0.462053	0	0	0.462053	0.924045	0.462053	0	0.462053	0.924045	0.462053	0.462053	0.462053	0.462053	0.924045	0.462053	0.462053	1.38592	1.38592	0.462053	0.462053	0.462053	0.462053	1.38592	0.924045	0.462053	1.38592	0.924045	0.462053	0.924045	1.38592	0.924045	0.462053	0.462053	0.462053	0.924045	0.462053	0.462053	0.462053	1.38592	1.38592	0.462053	0.462053	0.462053	0.924045	0.462053	0.462053	0.462053	0.462053	0.924045	0.924045	0.462053	0.462053	0.462053	0	0.462053	0.462053	0.924045	1.38592	0.462053	0.462053	0.924045	0.924045	0.462053	0.924045	0.924045	0.462053	0.924045	0.462053	0.462053	0.462053	0.924045	0.924045	0.462053	0.462053	0.462053	1.38592	0.924045	0.462053	0.462053	0	0.462053	0.924045	0.462053	0.462053	0.924045	0.462053	0.462053	0.462053	0.462053	0.462053	0	0.462053	0.924045	0.924045	0.462053	0.462053	0.462053	0.924045	1.38592	0.462053	0.924045	1.38592	0.924045	0.462053	0.462053	0.462053	0.462053	0.924045	0.462053	0	0.462053	0.462053	0.462053	0.462053	0	0.462053	0.924045	0.462053	0.462053	0.924045	0.462053	0.462053	0.462053	0.924045	1.38592	0.924045	0.462053	0.924045	1.84761	0.924045	0.924045	0.924045	0.924045	1.84761	1.84761	0.924045	0.924045	1.84761	0.924045	0.924045	0.924045	0.924045	2.30906	2.30906	0.924045	0.924045	1.38592	0.462053	0.462053	0.462053	0.462053	0.462053
2.47047	2.26825	2.33762	2.49727	2.26825	2.48662	2.69215	2.35466	2.35466	2.63725	2.71678	2.80827	2.9197	2.80827	2.80827	2.80827	2.80827	2.77491	2.70204	2.71678	2.80827	2.94239	3.11788	3.26363	3.26363	3.26363	3.35989	3.35989	3.26363	3.39529	3.72346	3.71991	3.666	3.44189	3.39529	3.72346	3.71991	3.666	3.57805	3.50307	3.62231	3.71991	3.71991	3.71991	3.79404	3.44189	3.26363	3.26363	3.35989	3.35989	3.26363	3.26363	3.35989	3.5144	3.26363	3.26363	3.26363	3.07927	2.78924	2.48662	2.35466	2.35466	2.33762	1.99324	1.90436	1.90436	1.84755	1.76643	1.54075	1.38587	1.38587	1.27566	1.04589	1.0957	1.3168	1.38587	1.38587	1.38587	1.38587	1.38587	1.38587	1.38587	1.38587	1.38587	1.38587	1.38587	1.38587	1.50574	1.73599	1.84755	1.76643	1.68139	1.73599	1.76643	1.68139	1.73599	1.76643	1.54075	1.38587	1.4608	1.4608	1.38587	1.38587	1.4608	1.4608	1.38587	1.38587	1.4608	1.50572	1.0957	1.04589	1.39544	1.66543	1.4608	1.4608	1.4608	1.4608	1.66543	1.4608	1.4608	1.7963	1.64122	1.03305	1.03305	1.03305	1.18908	1.80369	1.31678	1.03305	1.50568	0.993529	0.816711	1.31675	1.50568	0.993529	0.653385	0.653385	0.653385	1.03301	0.653385	0.653385	0.653385	1.46072	1.46072	0.653385	0.653385	0.653385	1.03301	0.653385	0.653385	0.653385	0.653385	1.03301	1.03301	0.653385	0.653385	0.816711	0.816737	1.18908	1.39544	1.50572	1.64122	1.03305	1.03305	1.3066	1.46986	1.39544	1.50572	1.31678	1.03305	1.3066	1.03305	1.03305	1.03305	1.3066	1.3066	1.03305	1.03305	1.03305	1.50568	0.993529	0.490048	0.365255	0.163353	0.673482	0.879596	0.365255	0.462008	0.816686	0.490048	0.653385	0.653385	0.653385	0.673482	0.163353	0.462008	0.816686	0.879596	0.653385	0.673482	0.58894	0.816686	1.31673	0.653385	0.993529	1.50568	1.3066	1.03305	1.03305	1.03305	1.03305	1.3066	1.03305	0.816737	0.832893	0.879635	1.03305	0.99355	0.588976	0.673502	1.14332	1.03305	1.0957	1.47891	1.18908	1.03305	1.03305	1.31678	1.7963	1.64124	1.18908	1.3066	2.06534	1.3066	1.31678	1.50572	1.64124	2.22069	2.06534	1.3066	1.3066	2.12257	1.18904	1.03301	1.03301	1.09565	2.32034	2.32034	1.04582	0.923956	1.50565	0.673482	0.816711	0.99355	1.03305	1.18908
2.61669	2.3374	2.26804	2.49703	2.3374	2.48638	2.69189	2.35443	2.35443	2.736	2.77464	2.808	2.91942	2.808	2.808	2.808	2.808	2.71652	2.70178	2.77464	2.808	2.99583	3.13458	3.26332	3.26332	3.26332	3.35956	3.35956	3.26332	3.44156	3.79367	3.71955	3.62196	3.39496	3.44156	3.79367	3.71955	3.62196	3.50273	3.5777	3.66565	3.71955	3.71955	3.71955	3.7231	3.39496	3.26332	3.26332	3.35956	3.35956	3.26332	3.26332	3.35956	3.51406	3.26332	3.26332	3.26332	3.00912	2.63196	2.48638	2.35443	2.35443	2.26804	1.96613	1.90418	1.90418	1.84737	1.73583	1.5056	1.38574	1.38574	1.31667	1.0956	1.04579	1.27554	1.38574	1.38574	1.38574	1.38574	1.38574	1.38574	1.38574	1.38574	1.38574	1.38574	1.38574	1.38574	1.5406	1.76626	1.84737	1.73583	1.68123	1.76626	1.73583	1.68123	1.76626	1.73583	1.5056	1.38574	1.46066	1.46066	1.38574	1.38574	1.46066	1.46066	1.38574	1.38574	1.46066	1.39531	1.04579	1.0956	1.50557	1.66527	1.46066	1.46066	1.46066	1.46066	1.66527	1.46066	1.46066	1.64108	1.46972	1.03295	1.03295	1.03295	1.31665	1.80352	1.18896	1.03295	1.31663	0.816632	0.993433	1.50553	1.31663	0.816632	0.653322	0.653322	0.653322	1.03291	0.653322	0.653322	0.653322	1.46058	1.46058	0.653322	0.653322	0.653322	1.03291	0.653322	0.653322	0.653322	0.653322	1.03291	1.03291	0.653322	0.653322	0.993433	0.87955	1.31665	1.50557	1.39531	1.46972	1.03295	1.03295	1.30647	1.64106	1.50557	1.39531	1.18896	1.03295	1.30647	1.03295	1.03295	1.03295	1.30647	1.30647	1.03295	1.03295	1.03295	1.31663	0.816632	0.365238	0.163337	0.365219	0.879511	0.673417	0.163337	0.461963	0.588883	0.365238	0.653322	0.653322	0.653322	0.879511	0.365219	0.461963	0.588883	0.673417	0.653322	0.879511	0.816607	0.588883	1.09554	0.653322	0.816632	1.31663	1.30647	1.03295	1.03295	1.03295	1.03295	1.30647	1.03295	0.87955	0.832813	0.816657	1.03295	1.14321	0.673437	0.588919	0.993454	1.03295	1.04579	1.47877	1.31665	1.03295	1.03295	1.18896	1.64108	1.79612	1.31665	1.30647	2.06514	1.30647	1.18896	1.39531	1.79612	2.42668	2.06514	1.30647	1.30647	2.33728	1.39525	1.03291	1.03291	1.3166	2.32012	2.32012	1.27546	0.923867	1.73571	0.879511	0.993433	1.14321	1.03295	1.31665
1.84707	0.923777	0.461919	1.38552	0.923777	0.923777	1.38552	0.461919	0.461919	1.38552	0.923777	0.461919	0.923777	0.461919	0.461919	0.461919	0.461919	0.461919	0.923777	0.923777	0.461919	0.923777	0.461919	0.461919	0.461919	0.461919	0.923777	0.923777	0.461919	0.923777	1.38552	0.461919	0.461919	0.461919	0.923777	1.38552	0.461919	0.461919	0.923777	1.38552	0.923777	0.461919	0.461919	0.461919	0.923777	0.461919	0.461919	0.461919	0.923777	0.923777	0.461919	0.461919	0.923777	1.38552	0.461919	0.461919	0.461919	0	0.461919	0.923777	0.461919	0.461919	0.461919	0	0.461919	0.461919	0	0	0	0	0	0.461919	0.461919	0	0	0	0	0	0	0	0	0	0	0	0	0	0	0.461919	0.461919	0	0	0.461919	0.461919	0	0.461919	0.461919	0	0	0	0.461919	0.461919	0	0	0.461919	0.461919	0	0	0.461919	0.461919	0	0.461919	0.923777	0.923777	0.461919	0.461919	0.461919	0.461919	0.923777	0.461919	0.461919	0.923777	0.923777	0.461919	0.461919	0.461919	0.923777	1.38552	0.461919	0.461919	0.923777	0.461919	0.923777	1.38552	0.923777	0.461919	0.461919	0.461919	0.461919	0.923777	0.461919	0.461919	0.461919	1.38552	1.38552	0.461919	0.461919	0.461919	0.923777	0.461919	0.461919	0.461919	0.461919	0.923777	0.923777	0.461919	0.461919	0.923777	0.461919	0.923777	0.923777	0.461919	0.923777	0.461919	0.461919	0.923777	1.38552	0.923777	0.461919	0.461919	0.461919	0.923777	0.461919	0.461919	0.461919	0.923777	0.923777	0.461919	0.461919	0.461919	0.923777	0.461919	0	0	0.461919	0.923777	0.461919	0	0.461919	0.461919	0	0.461919	0.461919	0.461919	0.923777	0.461919	0.461919	0.461919	0.461919	0.461919	0.923777	0.923777	0.461919	0.923777	0.461919	0.461919	0.923777	0.923777	0.461919	0.461919	0.461919	0.461919	0.923777	0.461919	0.461919	0.461919	0	0.461919	0.923777	0.461919	0	0.461919	0.461919	0	0.923777	0.923777	0.461919	0.461919	0.461919	0.923777	1.38552	0.923777	0.923777	1.84707	0.923777	0.461919	0.461919	1.38552	2.30839	1.84707	0.923777	0.923777	2.30839	1.38552	0.923777	0.923777	1.38552	2.30839	2.30839	1.38552	0.923777	1.84707	0.923777	0.923777	0.923777	0.461919	0.923777
1.8469	0.923688	0.461874	1.38538	0.923688	0.923688	1.38538	0.461874	0.461874	1.38538	0.923688	0.461874	0.923688	0.461874	0.461874	0.461874	0.461874	0.461874	0.923688	0.923688	0.461874	0.923688	0.461874	0.461874	0.461874	0.461874	0.923688	0.923688	0.461874	0.923688	1.38538	0.461874	0.461874	0.461874	0.923688	1.38538	0.461874	0.461874	0.923688	1.38538	0.923688	0.461874	0.461874	0.461874	0.923688	0.461874	0.461874	0.461874	0.923688	0.923688	0.461874	0.461874	0.923688	1.38538	0.461874	0.461874	0.461874	0	0.461874	0.923688	0.461874	0.461874	0.461874	0	0.461874	0.461874	0	0	0	0	0	0.461874	0.461874	0	0	0	0	0	0	0	0	0	0	0	0	0	0	0.461874	0.461874	0	0	0.461874	0.461874	0	0.461874	0.461874	0	0	0	0.461874	0.461874	0	0	0.461874	0.461874	0	0	0.461874	0.461874	0	0.461874	0.923688	0.923688	0.461874	0.461874	0.461874	0.461874	0.923688	0.461874	0.461874	0.923688	0.923688	0.461874	0.461874	0.461874	0.923688	1.38538	0.461874	0.461874	0.923688	0.461874	0.923688	1.38538	0.923688	0.461874	0.461874	0.461874	0.461874	0.923688	0.461874	0.461874	0.461874	1.38538	1.38538	0.461874	0.461874	0.461874	0.923688	0.461874	0.461874	0.461874	0.461874	0.923688	0.923688	0.461874	0.461874	0.923688	0.461874	0.923688	0.923688	0.461874	0.923688	0.461874	0.461874	0.923688	1.38538	0.923688	0.461874	0.461874	0.461874	0.923688	0.461874	0.461874	0.461874	0.923688	0.923688	0.461874	0.461874	0.461874	0.923688	0.461874	0	0	0.461874	0.923688	0.461874	0	0.461874	0.461874	0	0.461874	0.461874	0.461874	0.923688	0.461874	0.461874	0.461874	0.461874	0.461874	0.923688	0.923688	0.461874	0.923688	0.461874	0.461874	0.923688	0.923688	0.461874	0.461874	0.461874	0.461874	0.923688	0.461874	0.461874	0.461874	0	0.461874	0.923688	0.461874	0	0.461874	0.461874	0	0.923688	0.923688	0.461874	0.461874	0.461874	0.923688	1.38538	0.923688	0.923688	1.8469	0.923688	0.461874	0.461874	1.38538	2.30817	1.8469	0.923688	0.923688	2.30817	1.38538	0.923688	0.923688	1.38538	2.30817	2.30817	1.38538	0.923688	1.8469	0.923688	0.923688	0.923688	0.461874	0.923688
1.84672	0.923599	0.461829	1.38525	0.923599	0.923599	1.38525	0.461829	0.461829	1.38525	0.923599	0.461829	0.923599	0.461829	0.461829	0.461829	0.461829	0.461829	0.923599	0.923599	0.461829	0.923599	0.461829	0.461829	0.461829	0.461829	0.923599	0.923599	0.461829	0.923599	1.38525	0.461829	0.461829	0.461829	0.923599	1.38525	0.461829	0.461829	0.923599	1.38525	0.923599	0.461829	0.461829	0.461829	0.923599	0.461829	0.461829	0.461829	0.923599	0.923599	0.461829	0.461829	0.923599	1.38525	0.461829	0.461829	0.461829	0	0.461829	0.923599	0.461829	0.461829	0.461829	0	0.461829	0.461829	0	0	0	0	0	0.461829	0.461829	0	0	0	0	0	0	0	0	0	0	0	0	0	0	0.461829	0.461829	0	0	0.461829	0.461829	0	0.461829	0.461829	0	0	0	0.461829	0.461829	0	0	0.461829	0.461829	0	0	0.461829	0.461829	0	0.461829	0.923599	0.923599	0.461829	0.461829	0.461829	0.461829	0.923599	0.461829	0.461829	0.923599	0.923599	0.461829	0.461829	0.461829	0.923599	1.38525	0.461829	0.461829	0.923599	0.461829	0.923599	1.38525	0.923599	0.461829	0.461829	0.461829	0.461829	0.923599	0.461829	0.461829	0.461829	1.38525	1.38525	0.461829	0.461829	0.461829	0.923599	0.461829	0.461829	0.461829	0.461829	0.923599	0.923599	0.461829	0.461829	0.923599	0.461829	0.923599	0.923599	0.461829	0.923599	0.461829	0.461829	0.923599	1.38525	0.923599	0.461829	0.461829	0.461829	0.923599	0.461829	0.461829	0.461829	0.923599	0.923599	0.461829	0.461829	0.461829	0.923599	0.461829	0	0	0.461829	0.923599	0.461829	0	0.461829	0.461829	0	0.461829	0.461829	0.461829	0.923599	0.461829	0.461829	0.461829	0.461829	0.461829	0.923599	0.923599	0.461829	0.923599	0.461829	0.461829	0.923599	0.923599	0.461829	0.461829	0.461829	0.461829	0.923599	0.461829	0.461829	0.461829	0	0.461829	0.923599	0.461829	0	0.461829	0.461829	0	0.923599	0.923599	0.461829	0.461829	0.461829	0.923599	1.38525	0.923599	0.923599	1.84672	0.923599	0.461829	0.461829	1.38525	2.30795	1.84672	0.923599	0.923599	2.30795	1.38525	0.923599	0.923599	1.38525	2.30795	2.30795	1.38525	0.923599	1.84672	0.923599	0.923599	0.923599	0.461829	0.923599
1.84654	0.923509	0.461785	1.38511	0.923509	0.923509	1.38511	0.461785	0.461785	1.38511	0.923509	0.461785	0.923509	0.461785	0.461785	0.461785	0.461785	0.461785	0.923509	0.923509	0.461785	0.923509	0.461785	0.461785	0.461785	0.461785	0.923509	0.923509	0.461785	0.923509	1.38511	0.461785	0.461785	0.461785	0.923509	1.38511	0.461785	0.461785	0.923509	1.38511	0.923509	0.461785	0.461785	0.461785	0.923509	0.461785	0.461785	0.461785	0.923509	0.923509	0.461785	0.461785	0.923509	1.38511	0.461785	0.461785	0.461785	0	0.461785	0.923509	0.461785	0.461785	0.461785	0	0.461785	0.461785	0	0	0	0	0	0.461785	0.461785	0	0	0	0	0	0	0	0	0	0	0	0	0	0	0.461785	0.461785	0	0	0.461785	0.461785	0	0.461785	0.461785	0	0	0	0.461785	0.461785	0	0	0.461785	0.461785	0	0	0.461785	0.461785	0	0.461785	0.923509	0.923509	0.461785	0.461785	0.461785	0.461785	0.923509	0.461785	0.461785	0.923509	0.923509	0.461785	0.461785	0.461785	0.923509	1.38511	0.461785	0.461785	0.923509	0.461785	0.923509	1.38511	0.923509	0.461785	0.461785	0.461785	0.461785	0.923509	0.461785	0.461785	0.461785	1.38511	1.38511	0.461785	0.461785	0.461785	0.923509	0.461785	0.461785	0.461785	0.461785	0.923509	0.923509	0.461785	0.461785	0.923509	0.461785	0.923509	0.923509	0.461785	0.923509	0.461785	0.461785	0.923509	1.38511	0.923509	0.461785	0.461785	0.461785	0.923509	0.461785	0.461785	0.461785	0.923509	0.923509	0.461785	0.461785	0.461785	0.923509	0.461785	0	0	0.461785	0.923509	0.461785	0	0.461785	0.461785	0	0.461785	0.461785	0.461785	0.923509	0.461785	0.461785	0.461785	0.461785	0.461785	0.923509	0.923509	0.461785	0.923509	0.461785	0.461785	0.923509	0.923509	0.461785	0.461785	0.461785	0.461785	0.923509	0.461785	0.461785	0.461785	0	0.461785	0.923509	0.461785	0	0.461785	0.461785	0	0.923509	0.923509	0.461785	0.461785	0.461785	0.923509	1.38511	0.923509	0.923509	1.84654	0.923509	0.461785	0.461785	1.38511	2.30772	1.84654	0.923509	0.923509	2.30772	1.38511	0.923509	0.923509	1.38511	2.30772	2.30772	1.38511	0.923509	1.84654	0.923509	0.923509	0.923509	0.461785	0.923509
2.95419	2.48522	2.49058	2.89059	2.55381	2.48522	2.84892	2.71525	2.80669	3.09471	2.91805	2.80669	2.91805	2.80669	2.80669	2.80669	2.80669	2.94073	3.13734	2.99443	2.80669	3.06455	3.16682	3.2618	3.2618	3.2618	3.35799	3.35799	3.2618	3.21672	3.30219	3.16682	3.2618	3.2618	3.21672	3.14999	2.80669	2.80669	2.91805	2.94071	2.55381	2.35333	2.35333	2.35333	2.48522	2.35333	2.49058	2.71525	2.77335	2.55381	2.35333	2.35333	2.33631	2.17716	1.53988	1.45997	1.45997	1.5049	1.68044	1.70402	1.45997	1.31606	1.09508	0.923494	1.03246	1.03246	0.923494	0.923494	0.923494	0.923494	0.923494	1.03246	1.03246	0.923494	0.923494	0.923494	0.923494	0.923494	0.923494	0.923494	1.0453	1.27494	1.38509	1.38509	1.38509	1.38509	1.38509	1.45997	1.45997	1.38509	1.38509	1.45997	1.45997	1.38509	1.31606	1.09508	1.0453	1.27494	1.38509	1.45997	1.45997	1.38509	1.5049	1.68044	1.53988	1.5049	1.73501	1.76543	1.53988	1.38509	1.45997	1.6645	1.50487	1.09508	1.03246	1.03246	1.03246	1.30586	1.03246	1.03246	1.46903	1.64032	1.45997	1.45997	1.45997	1.50487	1.6403	1.03246	1.03246	1.30586	1.03246	1.14268	1.3946	1.03242	0.653016	0.653016	0.653016	0.653016	1.03242	0.653016	0.653016	0.653016	1.31599	1.27486	0.461747	0.461747	0.461747	0.923435	0.461747	0.461747	0.461747	0.461747	0.923435	1.04523	0.673102	0.653016	1.03242	0.653016	0.8791	0.816225	0.461747	1.04523	0.673102	0.653016	1.03242	1.31599	0.816225	0.461747	0.461747	0.461747	0.923435	0.461747	0.461747	0.461747	0.816225	0.8791	0.653016	0.653016	0.653016	0.992969	0.879139	0.816276	0.588643	0.653016	0.992969	0.832424	0.588643	0.653016	0.653016	0.461777	0.653016	0.653016	0.653016	0.992969	0.879139	1.03246	0.99299	0.816251	0.653016	0.992969	1.14268	0.99299	1.18837	0.653016	0.653016	1.03242	1.03242	0.653016	0.673122	0.879139	1.03246	1.31603	1.31606	1.45997	1.39466	1.0453	1.09508	1.50487	1.45997	1.27494	1.18841	1.03246	0.923494	1.31603	1.50487	1.45997	1.45997	1.45997	1.64032	1.80267	1.50487	1.70402	2.44743	2.06425	1.82475	1.60755	1.96516	2.81602	2.46904	1.6645	1.63217	2.63058	1.4599	1.09503	1.04523	1.385	2.42552	2.44735	1.4599	1.03242	2.04473	1.31601	1.14268	0.992969	0.816251	1.31601
2.9539	2.48498	2.55357	2.89031	2.49033	2.48498	2.9763	2.77308	2.80642	3.09441	2.91777	2.80642	2.91777	2.80642	2.80642	2.80642	2.80642	2.99414	3.13703	2.94045	2.80642	3.14968	3.21641	3.26148	3.26148	3.26148	3.35767	3.35767	3.26148	3.16652	3.30188	3.21641	3.26148	3.26148	3.16652	3.06425	2.80642	2.80642	2.91777	2.84868	2.49033	2.3531	2.3531	2.3531	2.48498	2.3531	2.55357	2.77308	2.71499	2.49033	2.3531	2.3531	2.26676	1.97177	1.50475	1.45983	1.45983	1.53973	1.68028	1.6074	1.45983	1.27482	1.0452	0.923405	1.03236	1.03236	0.923405	0.923405	0.923405	0.923405	0.923405	1.03236	1.03236	0.923405	0.923405	0.923405	0.923405	0.923405	0.923405	0.923405	1.09498	1.31593	1.38496	1.38496	1.38496	1.38496	1.38496	1.45983	1.45983	1.38496	1.38496	1.45983	1.45983	1.38496	1.27482	1.0452	1.09498	1.31593	1.38496	1.45983	1.45983	1.38496	1.53973	1.68028	1.50475	1.53973	1.76526	1.73485	1.50475	1.38496	1.45983	1.66433	1.39452	1.0452	1.03236	1.03236	1.03236	1.30574	1.03236	1.03236	1.64014	1.79511	1.45983	1.45983	1.45983	1.39452	1.46889	1.03236	1.03236	1.30574	1.03236	0.992894	1.18825	1.03232	0.652953	0.652953	0.652953	0.652953	1.03232	0.652953	0.652953	0.652953	1.09492	1.04513	0.461703	0.461703	0.461703	0.923346	0.461703	0.461703	0.461703	0.461703	0.923346	1.27474	0.879015	0.652953	1.03232	0.652953	0.673037	0.588551	0.461703	1.27474	0.879015	0.652953	1.03232	1.09492	0.588551	0.461703	0.461703	0.461703	0.923346	0.461703	0.461703	0.461703	0.588551	0.673037	0.652953	0.652953	0.652953	0.816172	0.816197	0.879054	0.673057	0.652953	0.816172	0.832343	0.673057	0.652953	0.652953	0.461733	0.652953	0.652953	0.652953	0.816172	0.816197	1.03236	1.14257	0.992873	0.652953	0.816172	0.992894	1.14257	1.39446	0.652953	0.652953	1.03232	1.03232	0.652953	0.588586	0.816197	1.03236	1.18829	1.27482	1.45983	1.50472	1.09498	1.0452	1.39452	1.45983	1.31593	1.31591	1.03236	0.923405	1.18829	1.39452	1.45983	1.45983	1.45983	1.79511	1.8025	1.39452	1.6074	2.29005	2.06406	1.91007	1.70386	1.82454	2.81575	2.65551	1.66433	1.98515	3.07706	1.45976	1.31586	1.27474	1.38487	2.65545	2.67539	1.45976	1.03232	2.26663	1.50468	0.992894	0.816172	0.992873	1.50468
1.84603	0.923256	0.923256	1.38473	0.461658	0.923256	1.84603	0.923256	0.461658	1.38473	0.923256	0.461658	0.923256	0.461658	0.461658	0.461658	0.461658	0.923256	0.923256	0.461658	0.461658	1.38473	0.923256	0.461658	0.461658	0.461658	0.923256	0.923256	0.461658	0.461658	1.38473	0.923256	0.461658	0.461658	0.461658	0.923256	0.461658	0.461658	0.923256	0.923256	0.461658	0.461658	0.461658	0.461658	0.923256	0.461658	0.923256	0.923256	0.461658	0.461658	0.461658	0.461658	0.461658	0.461658	0	0.461658	0.461658	0.461658	0.461658	0.461658	0.461658	0	0	0	0.461658	0.461658	0	0	0	0	0	0.461658	0.461658	0	0	0	0	0	0	0	0.461658	0.461658	0	0	0	0	0	0.461658	0.461658	0	0	0.461658	0.461658	0	0	0	0.461658	0.461658	0	0.461658	0.461658	0	0.461658	0.461658	0	0.461658	0.461658	0	0	0	0.461658	0.923256	0.461658	0	0.461658	0.461658	0.461658	0.923256	0.461658	0.461658	1.38473	1.38473	0.461658	0.461658	0.461658	0.461658	0.923256	0.461658	0.461658	0.923256	0.461658	0.461658	0.923256	0.923256	0.461658	0.461658	0.461658	0.461658	0.923256	0.461658	0.461658	0.461658	0.923256	0.923256	0.461658	0.461658	0.461658	0.923256	0.461658	0.461658	0.461658	0.461658	0.923256	1.38473	0.923256	0.461658	0.923256	0.461658	0.461658	0.461658	0.461658	1.38473	0.923256	0.461658	0.923256	0.923256	0.461658	0.461658	0.461658	0.461658	0.923256	0.461658	0.461658	0.461658	0.461658	0.461658	0.461658	0.461658	0.461658	0.461658	0	0.461658	0.461658	0.461658	0.461658	0.461658	0.461658	0.461658	0.461658	0	0.461658	0.461658	0.461658	0.461658	0	0.461658	0.923256	0.923256	0.461658	0.461658	0.461658	0.923256	1.38473	0.461658	0.461658	0.923256	0.923256	0.461658	0	0	0.461658	0.461658	0	0.461658	0.923256	0.461658	0	0.461658	0.461658	0.461658	0.923256	0.461658	0	0.461658	0.461658	0.461658	0.461658	0.461658	1.38473	1.38473	0.461658	0.461658	1.38473	0.923256	0.923256	0.923256	0.923256	2.30709	2.30709	0.923256	1.84603	3.22826	1.38473	1.38473	1.38473	1.38473	2.76785	2.76785	1.38473	0.923256	2.30709	1.38473	0.461658	0.461658	0.923256	1.38473
1.84585	0.923167	0.923167	1.3846	0.461613	0.923167	1.84585	0.923167	0.461613	1.3846	0.923167	0.461613	0.923167	0.461613	0.461613	0.461613	0.461613	0.923167	0.923167	0.461613	0.461613	1.3846	0.923167	0.461613	0.461613	0.461613	0.923167	0.923167	0.461613	0.461613	1.3846	0.923167	0.461613	0.461613	0.461613	0.923167	0.461613	0.461613	0.923167	0.923167	0.461613	0.461613	0.461613	0.461613	0.923167	0.461613	0.923167	0.923167	0.461613	0.461613	0.461613	0.461613	0.461613	0.461613	0	0.461613	0.461613	0.461613	0.461613	0.461613	0.461613	0	0	0	0.461613	0.461613	0	0	0	0	0	0.461613	0.461613	0	0	0	0	0	0	0	0.461613	0.461613	0	0	0	0	0	0.461613	0.461613	0	0	0.461613	0.461613	0	0	0	0.461613	0.461613	0	0.461613	0.461613	0	0.461613	0.461613	0	0.461613	0.461613	0	0	0	0.461613	0.923167	0.461613	0	0.461613	0.461613	0.461613	0.923167	0.461613	0.461613	1.3846	1.3846	0.461613	0.461613	0.461613	0.461613	0.923167	0.461613	0.461613	0.923167	0.461613	0.461613	0.923167	0.923167	0.461613	0.461613	0.461613	0.461613	0.923167	0.461613	0.461613	0.461613	0.923167	0.923167	0.461613	0.461613	0.461613	0.923167	0.461613	0.461613	0.461613	0.461613	0.923167	1.3846	0.923167	0.461613	0.923167	0.461613	0.461613	0.461613	0.461613	1.3846	0.923167	0.461613	0.923167	0.923167	0.461613	0.461613	0.461613	0.461613	0.923167	0.461613	0.461613	0.461613	0.461613	0.461613	0.461613	0.461613	0.461613	0.461613	0	0.461613	0.461613	0.461613	0.461613	0.461613	0.461613	0.461613	0.461613	0	0.461613	0.461613	0.461613	0.461613	0	0.461613	0.923167	0.923167	0.461613	0.461613	0.461613	0.923167	1.3846	0.461613	0.461613	0.923167	0.923167	0.461613	0	0	0.461613	0.461613	0	0.461613	0.923167	0.461613	0	0.461613	0.461613	0.461613	0.923167	0.461613	0	0.461613	0.461613	0.461613	0.461613	0.461613	1.3846	1.3846	0.461613	0.461613	1.3846	0.923167	0.923167	0.923167	0.923167	2.30687	2.30687	0.923167	1.84585	3.22794	1.3846	1.3846	1.3846	1.3846	2.76759	2.76759	1.3846	0.923167	2.30687	1.3846	0.461613	0.461613	0.923167	1.3846
1.84568	0.923078	0.923078	1.38447	0.461569	0.923078	1.84568	0.923078	0.461569	1.38447	0.923078	0.461569	0.923078	0.461569	0.461569	0.461569	0.461569	0.923078	0.923078	0.461569	0.461569	1.38447	0.923078	0.461569	0.461569	0.461569	0.923078	0.923078	0.461569	0.461569	1.38447	0.923078	0.461569	0.461569	0.461569	0.923078	0.461569	0.461569	0.923078	0.923078	0.461569	0.461569	0.461569	0.461569	0.923078	0.461569	0.923078	0.923078	0.461569	0.461569	0.461569	0.461569	0.461569	0.461569	0	0.461569	0.461569	0.461569	0.461569	0.461569	0.461569	0	0	0	0.461569	0.461569	0	0	0	0	0	0.461569	0.461569	0	0	0	0	0	0	0	0.461569	0.461569	0	0	0	0	0	0.461569	0.461569	0	0	0.461569	0.461569	0	0	0	0.461569	0.461569	0	0.461569	0.461569	0	0.461569	0.461569	0	0.461569	0.461569	0	0	0	0.461569	0.923078	0.461569	0	0.461569	0.461569	0.461569	0.923078	0.461569	0.461569	1.38447	1.38447	0.461569	0.461569	0.461569	0.461569	0.923078	0.461569	0.461569	0.923078	0.461569	0.461569	0.923078	0.923078	0.461569	0.461569	0.461569	0.461569	0.923078	0.461569	0.461569	0.461569	0.923078	0.923078	0.461569	0.461569	0.461569	0.923078	0.461569	0.461569	0.461569	0.461569	0.923078	1.38447	0.923078	0.461569	0.923078	0.461569	0.461569	0.461569	0.461569	1.38447	0.923078	0.461569	0.923078	0.923078	0.461569	0.461569	0.461569	0.461569	0.923078	0.461569	0.461569	0.461569	0.461569	0.461569	0.461569	0.461569	0.461569	0.461569	0	0.461569	0.461569	0.461569	0.461569	0.461569	0.461569	0.461569	0.461569	0	0.461569	0.461569	0.461569	0.461569	0	0.461569	0.923078	0.923078	0.461569	0.461569	0.461569	0.923078	1.38447	0.461569	0.461569	0.923078	0.923078	0.461569	0	0	0.461569	0.461569	0	0.461569	0.923078	0.461569	0	0.461569	0.461569	0.461569	0.923078	0.461569	0	0.461569	0.461569	0.461569	0.461569	0.461569	1.38447	1.38447	0.461569	0.461569	1.38447	0.923078	0.923078	0.923078	0.923078	2.30665	2.30665	0.923078	1.84568	3.22763	1.38447	1.38447	1.38447	1.38447	2.76732	2.76732	1.38447	0.923078	2.30665	1.38447	0.461569	0.461569	0.923078	1.38447
3.32458	2.91665	2.91665	3.09322	2.80534	2.91665	3.32458	2.91665	2.80534	3.09322	2.91665	2.80534	2.91665	2.80534	2.80534	2.80534	2.80534	2.91665	2.91665	2.80534	2.80534	2.78632	2.18831	1.90237	1.90237	1.90237	2.06326	2.06326	1.90237	1.90237	2.30652	2.06326	1.90237	1.90237	1.76458	1.7032	1.45927	1.45927	1.66369	1.66369	1.45927	1.45927	1.45927	1.45927	1.66369	1.45927	1.50414	1.3154	1.03196	1.03196	1.03196	1.03196	0.878714	0.832021	0.815881	0.878714	0.672797	0.652701	0.652701	0.489535	0.364872	0.163182	0.364891	0.461554	0.489535	0.364872	0	0.163182	0.364891	0.461554	0.461554	0.672797	0.878714	0.923048	0.923048	0.923048	0.923048	0.923048	0.923048	0.923048	1.03196	1.03196	0.923048	0.923048	0.923048	1.04479	1.27432	1.31542	1.09455	1.04479	1.27432	1.45927	1.45927	1.38442	1.50417	1.73418	1.76458	1.53913	1.50417	1.67963	1.53913	1.50417	1.67963	1.67963	1.73418	1.76458	1.53913	1.50417	1.73418	1.84562	1.76458	1.7032	1.45927	1.38442	1.45927	1.45927	1.45927	1.66369	1.45927	1.45927	1.79442	1.6395	1.03196	0.878714	0.672797	0.652701	1.03192	0.652701	0.652701	1.03192	0.652701	0.652701	1.03192	1.03192	0.652701	0.652701	0.652701	0.652701	1.03192	0.652701	0.652701	0.652701	0.878675	0.815831	0.461524	0.461524	0.461524	0.922989	0.461524	0.461524	0.461524	0.461524	0.922989	1.27424	0.878675	0.652701	1.0945	0.588324	0.461524	0.461524	0.461524	1.27424	0.878675	0.652701	1.03192	1.03192	0.652701	0.652701	0.652701	0.652701	1.03192	0.652701	0.652701	0.652701	0.652701	0.652701	0.652701	0.652701	0.652701	0.652701	0.461554	0.652701	0.652701	0.652701	0.652701	0.652701	0.652701	0.652701	0.652701	0.461554	0.652701	0.652701	0.672797	0.832021	0.588359	0.652701	1.03192	1.03192	0.652701	0.652701	0.652701	0.992489	1.5041	1.03196	1.03196	1.30523	1.30523	1.03196	0.815881	0.588359	0.672797	0.832021	0.588359	0.672797	1.14212	1.03196	0.815881	0.815856	0.652701	0.652701	0.992489	0.878714	0.815881	0.815856	0.652701	0.652701	0.652701	0.652701	1.39393	1.5041	1.03196	0.99251	1.6067	1.03192	1.03192	1.03192	1.03192	2.35206	2.44617	1.04473	1.73407	3.23553	1.50407	1.38433	1.38433	1.38433	2.88446	2.9028	1.45919	1.18779	2.40787	1.39393	0.978998	1.34541	1.66369	1.95743
3.32426	2.91636	2.91636	3.09292	2.80506	2.91636	3.32426	2.91636	2.80506	3.09292	2.91636	2.80506	2.91636	2.80506	2.80506	2.80506	2.80506	2.91636	2.91636	2.80506	2.80506	2.62921	2.08869	1.90219	1.90219	1.90219	2.06306	2.06306	1.90219	1.90219	2.3063	2.06306	1.90219	1.90219	1.73401	1.60662	1.45913	1.45913	1.66353	1.66353	1.45913	1.45913	1.45913	1.45913	1.66353	1.45913	1.39385	1.18772	1.03186	1.03186	1.03186	1.03186	0.815802	0.831941	0.878629	0.815802	0.588302	0.652638	0.652638	0.364856	0.163166	0.364837	0.489487	0.461509	0.364856	0.163166	0	0.364837	0.489487	0.461509	0.461509	0.588302	0.815802	0.922959	0.922959	0.922959	0.922959	0.922959	0.922959	0.922959	1.03186	1.03186	0.922959	0.922959	0.922959	1.09445	1.3153	1.2742	1.04469	1.09445	1.3153	1.45913	1.45913	1.38429	1.53898	1.76441	1.73401	1.50402	1.53898	1.67947	1.50402	1.53898	1.67947	1.67947	1.76441	1.73401	1.50402	1.53898	1.76441	1.84544	1.73401	1.60662	1.45913	1.38429	1.45913	1.45913	1.45913	1.66353	1.45913	1.45913	1.63937	1.46818	1.03186	0.815802	0.588302	0.652638	1.03182	0.652638	0.652638	1.03182	0.652638	0.652638	1.03182	1.03182	0.652638	0.652638	0.652638	0.652638	1.03182	0.652638	0.652638	0.652638	0.672711	0.588267	0.46148	0.46148	0.46148	0.922899	0.46148	0.46148	0.46148	0.46148	0.922899	1.04463	0.672711	0.652638	1.31522	0.815752	0.46148	0.46148	0.46148	1.04463	0.672711	0.652638	1.03182	1.03182	0.652638	0.652638	0.652638	0.652638	1.03182	0.652638	0.652638	0.652638	0.652638	0.652638	0.652638	0.652638	0.652638	0.652638	0.461509	0.652638	0.652638	0.652638	0.652638	0.652638	0.652638	0.652638	0.652638	0.461509	0.652638	0.652638	0.588302	0.831941	0.672732	0.652638	1.03182	1.03182	0.652638	0.652638	0.652638	0.815777	1.31525	1.03186	1.03186	1.30511	1.30511	1.03186	0.878629	0.672732	0.588302	0.831941	0.672732	0.588302	0.992414	1.03186	0.878629	0.992393	0.652638	0.652638	0.815777	0.815802	0.878629	0.992393	0.652638	0.652638	0.652638	0.652638	1.18768	1.31525	1.03186	1.14201	1.82359	1.03182	1.03182	1.03182	1.03182	2.35183	2.6741	1.27412	1.50393	3.23522	1.7339	1.3842	1.3842	1.3842	3.11412	3.13111	1.45905	1.39379	2.40764	1.18768	1.34524	1.63122	1.66353	1.95724
1.84514	0.92281	0.92281	1.38407	0.461435	0.92281	1.84514	0.92281	0.461435	1.38407	0.92281	0.461435	0.92281	0.461435	0.461435	0.461435	0.461435	0.92281	0.92281	0.461435	0.461435	0.461435	0	0.461435	0.461435	0.461435	0.92281	0.92281	0.461435	0.461435	1.38407	0.92281	0.461435	0.461435	0	0.461435	0.461435	0.461435	0.92281	0.92281	0.461435	0.461435	0.461435	0.461435	0.92281	0.461435	0.461435	0.461435	0.461435	0.461435	0.461435	0.461435	0	0.461435	0.461435	0	0	0.461435	0.461435	0	0	0.461435	0.461435	0	0	0	0	0.461435	0.461435	0	0	0	0	0	0	0	0	0	0	0	0.461435	0.461435	0	0	0	0.461435	0.461435	0	0	0.461435	0.461435	0.461435	0.461435	0	0.461435	0.461435	0	0	0.461435	0.461435	0	0.461435	0.461435	0.461435	0.461435	0	0	0.461435	0.461435	0	0	0.461435	0.461435	0	0.461435	0.461435	0.461435	0.92281	0.461435	0.461435	0.92281	0.92281	0.461435	0	0	0.461435	0.92281	0.461435	0.461435	0.92281	0.461435	0.461435	0.92281	0.92281	0.461435	0.461435	0.461435	0.461435	0.92281	0.461435	0.461435	0.461435	0.461435	0.461435	0.461435	0.461435	0.461435	0.92281	0.461435	0.461435	0.461435	0.461435	0.92281	0.92281	0.461435	0.461435	1.38407	0.92281	0.461435	0.461435	0.461435	0.92281	0.461435	0.461435	0.92281	0.92281	0.461435	0.461435	0.461435	0.461435	0.92281	0.461435	0.461435	0.461435	0.461435	0.461435	0.461435	0.461435	0.461435	0.461435	0	0.461435	0.461435	0.461435	0.461435	0.461435	0.461435	0.461435	0.461435	0	0.461435	0.461435	0	0.461435	0.461435	0.461435	0.92281	0.92281	0.461435	0.461435	0.461435	0.461435	0.92281	0.461435	0.461435	0.92281	0.92281	0.461435	0.461435	0.461435	0	0.461435	0.461435	0	0.461435	0.461435	0.461435	0.92281	0.461435	0.461435	0.461435	0	0.461435	0.92281	0.461435	0.461435	0.461435	0.461435	0.92281	0.92281	0.461435	0.92281	1.84514	0.92281	0.92281	0.92281	0.92281	2.30598	2.76652	1.38407	1.38407	3.2267	1.84514	1.38407	1.38407	1.38407	3.2267	3.2267	1.38407	1.38407	2.30598	0.92281	1.38407	1.38407	0.92281	1.38407
1.84496	0.922721	0.922721	1.38393	0.46139	0.922721	1.84496	0.922721	0.46139	1.38393	0.922721	0.46139	0.922721	0.46139	0.46139	0.46139	0.46139	0.922721	0.922721	0.46139	0.46139	0.46139	0	0.46139	0.46139	0.46139	0.922721	0.922721	0.46139	0.46139	1.38393	0.922721	0.46139	0.46139	0	0.46139	0.46139	0.46139	0.922721	0.922721	0.46139	0.46139	0.46139	0.46139	0.922721	0.46139	0.46139	0.46139	0.46139	0.46139	0.46139	0.46139	0	0.46139	0.46139	0	0	0.46139	0.46139	0	0	0.46139	0.46139	0	0	0	0	0.46139	0.46139	0	0	0	0	0	0	0	0	0	0	0	0.46139	0.46139	0	0	0	0.46139	0.46139	0	0	0.46139	0.46139	0.46139	0.46139	0	0.46139	0.46139	0	0	0.46139	0.46139	0	0.46139	0.46139	0.46139	0.46139	0	0	0.46139	0.46139	0	0	0.46139	0.46139	0	0.46139	0.46139	0.46139	0.922721	0.46139	0.46139	0.922721	0.922721	0.46139	0	0	0.46139	0.922721	0.46139	0.46139	0.922721	0.46139	0.46139	0.922721	0.922721	0.46139	0.46139	0.46139	0.46139	0.922721	0.46139	0.46139	0.46139	0.46139	0.46139	0.46139	0.46139	0.46139	0.922721	0.46139	0.46139	0.46139	0.46139	0.922721	0.922721	0.46139	0.46139	1.38393	0.922721	0.46139	0.46139	0.46139	0.922721	0.46139	0.46139	0.922721	0.922721	0.46139	0.46139	0.46139	0.46139	0.922721	0.46139	0.46139	0.46139	0.46139	0.46139	0.46139	0.46139	0.46139	0.46139	0	0.46139	0.46139	0.46139	0.46139	0.46139	0.46139	0.46139	0.46139	0	0.46139	0.46139	0	0.46139	0.46139	0.46139	0.922721	0.922721	0.46139	0.46139	0.46139	0.46139	0.922721	0.46139	0.46139	0.922721	0.922721	0.46139	0.46139	0.46139	0	0.46139	0.46139	0	0.46139	0.46139	0.46139	0.922721	0.46139	0.46139	0.46139	0	0.46139	0.922721	0.46139	0.46139	0.46139	0.46139	0.922721	0.922721	0.46139	0.922721	1.84496	0.922721	0.922721	0.922721	0.922721	2.30576	2.76625	1.38393	1.38393	3.22639	1.84496	1.38393	1.38393	1.38393	3.22639	3.22639	1.38393	1.38393	2.30576	0.922721	1.38393	1.38393	0.922721	1.38393
1.84479	0.922632	0.922632	1.3838	0.461346	0.922632	1.84479	0.922632	0.461346	1.3838	0.922632	0.461346	0.922632	0.461346	0.461346	0.461346	0.461346	0.922632	0.922632	0.461346	0.461346	0.461346	0	0.461346	0.461346	0.461346	0.922632	0.922632	0.461346	0.461346	1.3838	0.922632	0.461346	0.461346	0	0.461346	0.461346	0.461346	0.922632	0.922632	0.461346	0.461346	0.461346	0.461346	0.922632	0.461346	0.461346	0.461346	0.461346	0.461346	0.461346	0.461346	0	0.461346	0.461346	0	0	0.461346	0.461346	0	0	0.461346	0.461346	0	0	0	0	0.461346	0.461346	0	0	0	0	0	0	0	0	0	0	0	0.461346	0.461346	0	0	0	0.461346	0.461346	0	0	0.461346	0.461346	0.461346	0.461346	0	0.461346	0.461346	0	0	0.461346	0.461346	0	0.461346	0.461346	0.461346	0.461346	0	0	0.461346	0.461346	0	0	0.461346	0.461346	0	0.461346	0.461346	0.461346	0.922632	0.461346	0.461346	0.922632	0.922632	0.461346	0	0	0.461346	0.922632	0.461346	0.461346	0.922632	0.461346	0.461346	0.922632	0.922632	0.461346	0.461346	0.461346	0.461346	0.922632	0.461346	0.461346	0.461346	0.461346	0.461346	0.461346	0.461346	0.461346	0.922632	0.461346	0.461346	0.461346	0.461346	0.922632	0.922632	0.461346	0.461346	1.3838	0.922632	0.461346	0.461346	0.461346	0.922632	0.461346	0.461346	0.922632	0.922632	0.461346	0.461346	0.461346	0.461346	0.922632	0.461346	0.461346	0.461346	0.461346	0.461346	0.461346	0.461346	0.461346	0.461346	0	0.461346	0.461346	0.461346	0.461346	0.461346	0.461346	0.461346	0.461346	0	0.461346	0.461346	0	0.461346	0.461346	0.461346	0.922632	0.922632	0.461346	0.461346	0.461346	0.461346	0.922632	0.461346	0.461346	0.922632	0.922632	0.461346	0.461346	0.461346	0	0.461346	0.461346	0	0.461346	0.461346	0.461346	0.922632	0.461346	0.461346	0.461346	0	0.461346	0.922632	0.461346	0.461346	0.461346	0.461346	0.922632	0.922632	0.461346	0.922632	1.84479	0.922632	0.922632	0.922632	0.922632	2.30553	2.76598	1.3838	1.3838	3.22608	1.84479	1.3838	1.3838	1.3838	3.22608	3.22608	1.3838	1.3838	2.30553	0.922632	1.3838	1.3838	0.922632	1.3838
2.95137	2.48285	2.48285	2.84621	2.71267	2.77071	2.8134	2.11945	2.0429	2.49349	2.11945	1.90148	2.06229	1.90148	1.90148	1.90148	1.76376	1.7024	1.50343	1.09404	1.03148	1.03148	0.922617	1.03148	1.03148	0.878301	0.992015	1.03143	0.652391	0.652391	1.31472	0.815437	0.461301	0.461301	0.163104	0.672454	0.652391	0.489302	0.815437	0.922543	0.461301	0.461301	0.461301	0.461301	0.922543	0.461301	0.364697	0.489302	0.672454	0.58804	0.461301	0.461301	0	0.461301	0.461301	0	0	0.461301	0.461301	0.163104	0.36472	0.489302	0.515756	0.36472	0.461338	0.461338	0.461338	0.652391	0.652391	0.461338	0.461338	0.588084	0.8155	0.922617	0.922617	0.922617	0.922617	0.922617	1.04431	1.27373	1.31481	1.09404	1.04431	1.27373	1.38378	1.45858	1.45858	1.38378	1.38378	1.45858	1.60602	1.67884	1.53841	1.50347	1.67884	1.53841	1.50347	1.73337	1.76376	1.67884	1.73337	1.76376	1.67884	1.67884	1.53841	1.50347	1.73337	1.76376	1.53841	1.38378	1.50347	1.67884	1.67884	1.73337	1.90148	1.90148	1.76376	1.7024	1.45858	1.31481	1.31477	1.30461	1.03148	1.04431	1.27373	1.31481	1.31477	1.03148	1.03148	1.30461	1.03148	1.03148	1.30461	1.14158	0.67248	0.652391	0.652391	0.652391	1.03143	0.652391	0.489302	0.364697	0.58804	0.672454	0.489302	0.364697	0.461301	0.922543	0.461301	0.461301	0.461301	0.461301	0.922543	0.922543	0.461301	0.461301	1.27363	0.878253	0.652391	0.652391	0.652391	0.992015	0.878301	1.03148	1.30461	1.30461	1.03148	1.03148	1.03148	1.03148	1.30461	1.03148	1.03148	1.03148	0.992041	0.815469	0.652391	0.652391	0.652391	0.652391	0.461338	0.652391	0.652391	0.652391	0.652391	0.652391	0.652391	0.652391	0.652391	0.461338	0.652391	0.652391	0.36472	0.58804	0.461301	0.461301	0.815437	0.878253	0.652391	0.652391	0.652391	0.652391	1.09397	0.58804	0.364697	0.878253	1.03143	0.652391	0.652391	0.652391	0.36472	0.58804	0.461301	0	0.461301	0.461301	0.461301	0.922543	0.461301	0.364697	0.515756	0.163104	0.364697	0.878253	0.652391	0.652391	0.652391	0.652391	1.09397	1.04422	0.461301	0.922543	1.84461	0.922543	1.04422	1.09397	1.03143	2.35092	2.80381	1.45849	1.45849	3.25845	1.90135	1.45849	1.45849	1.45849	3.25845	3.25845	1.45849	1.45849	2.48803	1.31475	1.66286	1.66286	1.30461	1.82293
2.95108	2.48261	2.48261	2.97346	2.77044	2.71241	2.57699	2.0427	2.11925	2.49325	2.0427	1.9013	2.06209	1.9013	1.9013	1.9013	1.7332	1.60587	1.39319	1.0442	1.03138	1.03138	0.922528	1.03138	1.03138	0.815421	0.81539	1.03133	0.652328	0.652328	1.09387	0.587983	0.461257	0.461257	0.364661	0.878168	0.652328	0.364685	0.587983	0.922454	0.461257	0.461257	0.461257	0.461257	0.922454	0.461257	0.163089	0.364685	0.878168	0.815358	0.461257	0.461257	0	0.461257	0.461257	0	0	0.461257	0.461257	0.364661	0.489255	0.364685	0.515706	0.489255	0.461294	0.461294	0.461294	0.652328	0.652328	0.461294	0.461294	0.672415	0.878217	0.922528	0.922528	0.922528	0.922528	0.922528	1.09394	1.31468	1.27361	1.0442	1.09394	1.31468	1.38364	1.45844	1.45844	1.38364	1.38364	1.45844	1.70224	1.67868	1.50332	1.53826	1.67868	1.50332	1.53826	1.76359	1.7332	1.67868	1.76359	1.7332	1.67868	1.67868	1.50332	1.53826	1.76359	1.7332	1.50332	1.38364	1.53826	1.67868	1.67868	1.76359	1.9013	1.9013	1.7332	1.60587	1.45844	1.27361	1.18716	1.30449	1.03138	1.09394	1.31468	1.27361	1.18716	1.03138	1.03138	1.30449	1.03138	1.03138	1.30449	0.991945	0.588027	0.652328	0.652328	0.652328	1.03133	0.652328	0.364685	0.163089	0.815358	0.878168	0.364685	0.163089	0.461257	0.922454	0.461257	0.461257	0.461257	0.461257	0.922454	0.922454	0.461257	0.461257	1.04412	0.672389	0.652328	0.652328	0.652328	0.81539	0.815421	1.03138	1.30449	1.30449	1.03138	1.03138	1.03138	1.03138	1.30449	1.03138	1.03138	1.03138	1.14147	0.991919	0.652328	0.652328	0.652328	0.652328	0.461294	0.652328	0.652328	0.652328	0.652328	0.652328	0.652328	0.652328	0.652328	0.461294	0.652328	0.652328	0.489255	0.815358	0.461257	0.461257	0.587983	0.672389	0.652328	0.652328	0.652328	0.652328	1.31459	0.815358	0.163089	0.672389	1.03133	0.652328	0.652328	0.652328	0.489255	0.815358	0.461257	0	0.461257	0.461257	0.461257	0.922454	0.461257	0.163089	0.515706	0.364661	0.163089	0.672389	0.652328	0.652328	0.652328	0.652328	1.31459	1.27351	0.461257	0.922454	1.84443	0.922454	1.27351	1.31459	1.03133	2.3507	2.80354	1.45835	1.45835	3.25814	1.90116	1.45835	1.45835	1.45835	3.25814	3.25814	1.45835	1.45835	2.71221	1.50324	1.66269	1.66269	1.30449	2.01643
1.84425	0.922365	0.922365	1.84425	0.922365	0.461212	0.922365	0.461212	0.922365	1.3834	0.461212	0.461212	0.922365	0.461212	0.461212	0.461212	0	0.461212	0.461212	0	0.461212	0.461212	0	0.461212	0.461212	0	0.461212	0.922365	0.461212	0.461212	0.922365	0.461212	0.461212	0.461212	0.461212	0.922365	0.461212	0	0.461212	0.922365	0.461212	0.461212	0.461212	0.461212	0.922365	0.461212	0	0	0.922365	0.922365	0.461212	0.461212	0	0.461212	0.461212	0	0	0.461212	0.461212	0.461212	0.461212	0	0.461212	0.461212	0	0	0	0.461212	0.461212	0	0	0.461212	0.461212	0	0	0	0	0	0.461212	0.461212	0	0	0.461212	0.461212	0	0.461212	0.461212	0	0	0.461212	0.922365	0.461212	0	0.461212	0.461212	0	0.461212	0.461212	0	0.461212	0.461212	0	0.461212	0.461212	0	0.461212	0.461212	0	0	0	0.461212	0.461212	0.461212	0.461212	0.461212	0.461212	0	0.461212	0.461212	0	0.461212	0.922365	0.461212	0.461212	0.461212	0	0.461212	0.461212	0.461212	0.922365	0.461212	0.461212	0.922365	0.461212	0	0.461212	0.461212	0.461212	0.922365	0.461212	0	0	0.922365	0.922365	0	0	0.461212	0.922365	0.461212	0.461212	0.461212	0.461212	0.922365	0.922365	0.461212	0.461212	0.922365	0.461212	0.461212	0.461212	0.461212	0.461212	0	0.461212	0.922365	0.922365	0.461212	0.461212	0.461212	0.461212	0.922365	0.461212	0.461212	0.461212	0.922365	0.922365	0.461212	0.461212	0.461212	0.461212	0	0.461212	0.461212	0.461212	0.461212	0.461212	0.461212	0.461212	0.461212	0	0.461212	0.461212	0.461212	0.922365	0.461212	0.461212	0.461212	0.461212	0.461212	0.461212	0.461212	0.461212	1.3834	0.922365	0	0.461212	0.922365	0.461212	0.461212	0.461212	0.461212	0.922365	0.461212	0	0.461212	0.461212	0.461212	0.922365	0.461212	0	0.461212	0.461212	0	0.461212	0.461212	0.461212	0.461212	0.461212	1.3834	1.3834	0.461212	0.922365	1.84425	0.922365	1.3834	1.3834	0.922365	2.30487	2.76518	1.3834	1.3834	3.22514	1.84425	1.3834	1.3834	1.3834	3.22514	3.22514	1.3834	1.3834	2.76518	1.3834	1.3834	1.3834	0.922365	1.84425
1.8441	0.92229	0.92229	1.8441	0.92229	0.461175	0.92229	0.461175	0.92229	1.38329	0.461175	0.461175	0.92229	0.461175	0.461175	0.461175	0	0.461175	0.461175	0	0.461175	0.461175	0	0.461175	0.461175	0	0.461175	0.92229	0.461175	0.461175	0.92229	0.461175	0.461175	0.461175	0.461175	0.92229	0.461175	0	0.461175	0.92229	0.461175	0.461175	0.461175	0.461175	0.92229	0.461175	0	0	0.92229	0.92229	0.461175	0.461175	0	0.461175	0.461175	0	0	0.461175	0.461175	0.461175	0.461175	0	0.461175	0.461175	0	0	0	0.461175	0.461175	0	0	0.461175	0.461175	0	0	0	0	0	0.461175	0.461175	0	0	0.461175	0.461175	0	0.461175	0.461175	0	0	0.461175	0.92229	0.461175	0	0.461175	0.461175	0	0.461175	0.461175	0	0.461175	0.461175	0	0.461175	0.461175	0	0.461175	0.461175	0	0	0	0.461175	0.461175	0.461175	0.461175	0.461175	0.461175	0	0.461175	0.461175	0	0.461175	0.92229	0.461175	0.461175	0.461175	0	0.461175	0.461175	0.461175	0.92229	0.461175	0.461175	0.92229	0.461175	0	0.461175	0.461175	0.461175	0.92229	0.461175	0	0	0.92229	0.92229	0	0	0.461175	0.92229	0.461175	0.461175	0.461175	0.461175	0.92229	0.92229	0.461175	0.461175	0.92229	0.461175	0.461175	0.461175	0.461175	0.461175	0	0.461175	0.92229	0.92229	0.461175	0.461175	0.461175	0.461175	0.92229	0.461175	0.461175	0.461175	0.92229	0.92229	0.461175	0.461175	0.461175	0.461175	0	0.461175	0.461175	0.461175	0.461175	0.461175	0.461175	0.461175	0.461175	0	0.461175	0.461175	0.461175	0.92229	0.461175	0.461175	0.461175	0.461175	0.461175	0.461175	0.461175	0.461175	1.38329	0.92229	0	0.461175	0.92229	0.461175	0.461175	0.461175	0.461175	0.92229	0.461175	0	0.461175	0.461175	0.461175	0.92229	0.461175	0	0.461175	0.461175	0	0.461175	0.461175	0.461175	0.461175	0.461175	1.38329	1.38329	0.461175	0.92229	1.8441	0.92229	1.38329	1.38329	0.92229	2.30468	2.76496	1.38329	1.38329	3.22489	1.8441	1.38329	1.38329	1.38329	3.22489	3.22489	1.38329	1.38329	2.76496	1.38329	1.38329	1.38329	0.92229	1.8441
1.84392	0.922201	0.922201	1.84392	0.922201	0.461131	0.922201	0.461131	0.922201	1.38315	0.461131	0.461131	0.922201	0.461131	0.461131	0.461131	0	0.461131	0.461131	0	0.461131	0.461131	0	0.461131	0.461131	0	0.461131	0.922201	0.461131	0.461131	0.922201	0.461131	0.461131	0.461131	0.461131	0.922201	0.461131	0	0.461131	0.922201	0.461131	0.461131	0.461131	0.461131	0.922201	0.461131	0	0	0.922201	0.922201	0.461131	0.461131	0	0.461131	0.461131	0	0	0.461131	0.461131	0.461131	0.461131	0	0.461131	0.461131	0	0	0	0.461131	0.461131	0	0	0.461131	0.461131	0	0	0	0	0	0.461131	0.461131	0	0	0.461131	0.461131	0	0.461131	0.461131	0	0	0.461131	0.922201	0.461131	0	0.461131	0.461131	0	0.461131	0.461131	0	0.461131	0.461131	0	0.461131	0.461131	0	0.461131	0.461131	0	0	0	0.461131	0.461131	0.461131	0.461131	0.461131	0.461131	0	0.461131	0.461131	0	0.461131	0.922201	0.461131	0.461131	0.461131	0	0.461131	0.461131	0.461131	0.922201	0.461131	0.461131	0.922201	0.461131	0	0.461131	0.461131	0.461131	0.922201	0.461131	0	0	0.922201	0.922201	0	0	0.461131	0.922201	0.461131	0.461131	0.461131	0.461131	0.922201	0.922201	0.461131	0.461131	0.922201	0.461131	0.461131	0.461131	0.461131	0.461131	0	0.461131	0.922201	0.922201	0.461131	0.461131	0.461131	0.461131	0.922201	0.461131	0.461131	0.461131	0.922201	0.922201	0.461131	0.461131	0.461131	0.461131	0	0.461131	0.461131	0.461131	0.461131	0.461131	0.461131	0.461131	0.461131	0	0.461131	0.461131	0.461131	0.922201	0.461131	0.461131	0.461131	0.461131	0.461131	0.461131	0.461131	0.461131	1.38315	0.922201	0	0.461131	0.922201	0.461131	0.461131	0.461131	0.461131	0.922201	0.461131	0	0.461131	0.461131	0.461131	0.922201	0.461131	0	0.461131	0.461131	0	0.461131	0.461131	0.461131	0.461131	0.461131	1.38315	1.38315	0.461131	0.922201	1.84392	0.922201	1.38315	1.38315	0.922201	2.30446	2.7647	1.38315	1.38315	3.22457	1.84392	1.38315	1.38315	1.38315	3.22457	3.22457	1.38315	1.38315	2.7647	1.38315	1.38315	1.38315	0.922201	1.84392
2.94996	2.48166	2.33296	2.61173	2.0613	1.90057	2.0613	1.90057	1.90752	1.80011	1.09352	1.03098	1.14104	0.672158	0.652081	0.652081	0.461116	0.48907	0.364526	0	0.461086	0.461086	0	0.364526	0.48907	0.461116	0.652081	0.991547	0.87788	1.03098	1.30399	1.03098	1.03098	1.03098	1.03098	1.30399	1.03098	0.815107	0.815081	1.03094	0.652081	0.652081	0.652081	0.652081	0.991547	0.87788	0.815107	0.5878	1.03094	1.03094	0.652081	0.652081	0.364545	0.587765	0.461086	0.163027	0.364545	0.652081	0.815081	0.991568	1.03098	0.922172	1.03098	1.03098	0.922172	0.922172	1.0438	1.24141	1.09352	0.922172	1.0438	1.24141	1.09352	0.922172	0.922172	0.922172	1.0438	1.27311	1.31417	1.09352	1.0438	1.27311	1.45788	1.45788	1.38311	1.45788	1.45788	1.38311	1.38311	1.45788	1.66211	1.45788	1.38311	1.45788	1.45788	1.38311	1.45788	1.45788	1.38311	1.45788	1.45788	1.38311	1.45788	1.45788	1.38311	1.31417	1.09352	1.0438	1.27311	1.38311	1.45788	1.45788	1.45788	1.45788	1.31417	1.09352	1.0438	1.24141	1.09352	1.0438	1.24141	1.31415	1.03098	0.87788	0.672158	0.5878	0.991568	1.03098	0.87788	0.991547	0.652081	0.652081	1.03094	0.652081	0.461116	0.652081	0.652081	0.652081	1.03094	0.652081	0.461116	0.461116	1.03094	1.03094	0.461116	0.461116	0.652081	1.03094	0.652081	0.48907	0.364526	0.461086	0.922112	0.815056	0.48907	0.652081	1.03094	0.652081	0.652081	0.652081	0.672158	0.831231	0.5878	0.652081	1.03094	1.03094	0.652081	0.652081	0.652081	0.652081	1.03094	0.652081	0.652081	0.652081	0.991547	1.14104	1.03098	1.03098	1.03098	0.991568	0.5878	0.652081	0.652081	0.652081	0.672138	0.587765	0.461086	0.461086	0.587765	0.364545	0.48907	0.364526	0.461086	0.922112	0.461086	0.461086	0.587765	0.672138	0.652081	0.652081	0.652081	0.652081	1.3141	0.815056	0.163027	0.672138	1.03094	0.652081	0.652081	0.652081	0.652081	1.03094	0.652081	0.461116	0.652081	0.652081	0.652081	0.877841	0.364526	0.163027	0.515514	0.364526	0.163027	0.672138	0.652081	0.652081	0.652081	0.652081	1.45781	1.45781	0.652081	1.03094	1.90046	1.03094	1.45781	1.45781	1.03094	2.34982	2.8025	1.45781	1.45781	3.12844	1.73242	1.50264	1.53758	1.60517	3.29731	3.16211	1.45781	1.60517	2.98998	1.66207	1.50267	1.3926	1.18667	2.11834
2.94968	2.48142	2.26351	2.46531	2.0611	1.90038	2.0611	1.90038	1.82196	1.54612	1.0437	1.03088	0.991472	0.587743	0.652018	0.652018	0.461071	0.364509	0.163011	0	0.461041	0.461041	0	0.163011	0.364509	0.461071	0.652018	0.815003	0.815028	1.03088	1.30387	1.03088	1.03088	1.03088	1.03088	1.30387	1.03088	0.877795	0.991451	1.03084	0.652018	0.652018	0.652018	0.652018	0.815003	0.815028	0.877795	0.672093	1.03084	1.03084	0.652018	0.652018	0.489023	0.814978	0.461041	0.364491	0.489023	0.652018	0.991451	1.14093	1.03088	0.922083	1.03088	1.03088	0.922083	0.922083	1.09341	1.24129	1.0437	0.922083	1.09341	1.24129	1.0437	0.922083	0.922083	0.922083	1.09341	1.31405	1.27299	1.0437	1.09341	1.31405	1.45774	1.45774	1.38297	1.45774	1.45774	1.38297	1.38297	1.45774	1.66195	1.45774	1.38297	1.45774	1.45774	1.38297	1.45774	1.45774	1.38297	1.45774	1.45774	1.38297	1.45774	1.45774	1.38297	1.27299	1.0437	1.09341	1.31405	1.38297	1.45774	1.45774	1.45774	1.45774	1.27299	1.0437	1.09341	1.24129	1.0437	1.09341	1.24129	1.18659	1.03088	0.815028	0.587743	0.672093	1.14093	1.03088	0.815028	0.815003	0.652018	0.652018	1.03084	0.652018	0.461071	0.652018	0.652018	0.652018	1.03084	0.652018	0.461071	0.461071	1.03084	1.03084	0.461071	0.461071	0.652018	1.03084	0.652018	0.364509	0.163011	0.461041	0.922023	0.587708	0.364509	0.652018	1.03084	0.652018	0.652018	0.652018	0.587743	0.831151	0.672093	0.652018	1.03084	1.03084	0.652018	0.652018	0.652018	0.652018	1.03084	0.652018	0.652018	0.652018	0.815003	0.991472	1.03088	1.03088	1.03088	1.14093	0.672093	0.652018	0.652018	0.652018	0.877756	0.814978	0.461041	0.461041	0.814978	0.489023	0.364509	0.163011	0.461041	0.922023	0.461041	0.461041	0.814978	0.877756	0.652018	0.652018	0.652018	0.652018	1.09335	0.587708	0.364491	0.877756	1.03084	0.652018	0.652018	0.652018	0.652018	1.03084	0.652018	0.461071	0.652018	0.652018	0.652018	0.672073	0.163011	0.364491	0.515464	0.163011	0.364491	0.877756	0.652018	0.652018	0.652018	0.652018	1.45767	1.45767	0.652018	1.03084	1.90027	1.03084	1.45767	1.45767	1.03084	2.3496	2.80223	1.45767	1.45767	2.89977	1.5025	1.73225	1.76263	1.82186	3.29699	2.93607	1.45767	1.82186	3.21163	1.66191	1.314	1.18655	1.39247	2.33262
1.84339	0.921934	0.460997	1.38275	0.921934	0.460997	0.921934	0.460997	0.460997	0.460997	0	0.460997	0.460997	0	0.460997	0.460997	0	0	0	0	0.460997	0.460997	0	0	0	0	0.460997	0.460997	0	0.460997	0.921934	0.460997	0.460997	0.460997	0.460997	0.921934	0.460997	0.460997	0.921934	0.921934	0.460997	0.460997	0.460997	0.460997	0.460997	0	0.460997	0.460997	0.921934	0.921934	0.460997	0.460997	0.460997	0.921934	0.460997	0.460997	0.460997	0.460997	0.921934	0.921934	0.460997	0	0.460997	0.460997	0	0	0.460997	0.460997	0	0	0.460997	0.460997	0	0	0	0	0.460997	0.460997	0	0	0.460997	0.460997	0.460997	0.460997	0	0.460997	0.460997	0	0	0.460997	0.921934	0.460997	0	0.460997	0.460997	0	0.460997	0.460997	0	0.460997	0.460997	0	0.460997	0.460997	0	0	0	0.460997	0.460997	0	0.460997	0.460997	0.460997	0.460997	0	0	0.460997	0.460997	0	0.460997	0.460997	0.460997	0.460997	0	0	0.460997	0.921934	0.460997	0	0.460997	0.460997	0.460997	0.921934	0.460997	0	0.460997	0.460997	0.460997	0.921934	0.460997	0	0	0.921934	0.921934	0	0	0.460997	0.921934	0.460997	0	0	0.460997	0.921934	0.460997	0	0.460997	0.921934	0.460997	0.460997	0.460997	0	0.460997	0.460997	0.460997	0.921934	0.921934	0.460997	0.460997	0.460997	0.460997	0.921934	0.460997	0.460997	0.460997	0.460997	0.460997	0.460997	0.460997	0.460997	0.921934	0.460997	0.460997	0.460997	0.460997	0.921934	0.921934	0.460997	0.460997	0.921934	0.460997	0	0	0.460997	0.921934	0.460997	0.460997	0.921934	0.921934	0.460997	0.460997	0.460997	0.460997	0.921934	0.460997	0.460997	0.921934	0.921934	0.460997	0.460997	0.460997	0.460997	0.921934	0.460997	0	0.460997	0.460997	0.460997	0.460997	0	0.460997	0.460997	0	0.460997	0.921934	0.460997	0.460997	0.460997	0.460997	1.38275	1.38275	0.460997	0.921934	1.84339	0.921934	1.38275	1.38275	0.921934	2.30379	2.7639	1.38275	1.38275	2.7639	1.38275	1.84339	1.84339	1.84339	3.22364	2.7639	1.38275	1.84339	3.22364	1.38275	0.921934	0.921934	1.38275	2.30379
1.84321	0.921845	0.460952	1.38262	0.921845	0.460952	0.921845	0.460952	0.460952	0.460952	0	0.460952	0.460952	0	0.460952	0.460952	0	0	0	0	0.460952	0.460952	0	0	0	0	0.460952	0.460952	0	0.460952	0.921845	0.460952	0.460952	0.460952	0.460952	0.921845	0.460952	0.460952	0.921845	0.921845	0.460952	0.460952	0.460952	0.460952	0.460952	0	0.460952	0.460952	0.921845	0.921845	0.460952	0.460952	0.460952	0.921845	0.460952	0.460952	0.460952	0.460952	0.921845	0.921845	0.460952	0	0.460952	0.460952	0	0	0.460952	0.460952	0	0	0.460952	0.460952	0	0	0	0	0.460952	0.460952	0	0	0.460952	0.460952	0.460952	0.460952	0	0.460952	0.460952	0	0	0.460952	0.921845	0.460952	0	0.460952	0.460952	0	0.460952	0.460952	0	0.460952	0.460952	0	0.460952	0.460952	0	0	0	0.460952	0.460952	0	0.460952	0.460952	0.460952	0.460952	0	0	0.460952	0.460952	0	0.460952	0.460952	0.460952	0.460952	0	0	0.460952	0.921845	0.460952	0	0.460952	0.460952	0.460952	0.921845	0.460952	0	0.460952	0.460952	0.460952	0.921845	0.460952	0	0	0.921845	0.921845	0	0	0.460952	0.921845	0.460952	0	0	0.460952	0.921845	0.460952	0	0.460952	0.921845	0.460952	0.460952	0.460952	0	0.460952	0.460952	0.460952	0.921845	0.921845	0.460952	0.460952	0.460952	0.460952	0.921845	0.460952	0.460952	0.460952	0.460952	0.460952	0.460952	0.460952	0.460952	0.921845	0.460952	0.460952	0.460952	0.460952	0.921845	0.921845	0.460952	0.460952	0.921845	0.460952	0	0	0.460952	0.921845	0.460952	0.460952	0.921845	0.921845	0.460952	0.460952	0.460952	0.460952	0.921845	0.460952	0.460952	0.921845	0.921845	0.460952	0.460952	0.460952	0.460952	0.921845	0.460952	0	0.460952	0.460952	0.460952	0.460952	0	0.460952	0.460952	0	0.460952	0.921845	0.460952	0.460952	0.460952	0.460952	1.38262	1.38262	0.460952	0.921845	1.84321	0.921845	1.38262	1.38262	0.921845	2.30357	2.76363	1.38262	1.38262	2.76363	1.38262	1.84321	1.84321	1.84321	3.22333	2.76363	1.38262	1.84321	3.22333	1.38262	0.921845	0.921845	1.38262	2.30357
1.84304	0.921756	0.460908	1.38249	0.921756	0.460908	0.921756	0.460908	0.460908	0.460908	0	0.460908	0.460908	0	0.460908	0.460908	0	0	0	0	0.460908	0.460908	0	0	0	0	0.460908	0.460908	0	0.460908	0.921756	0.460908	0.460908	0.460908	0.460908	0.921756	0.460908	0.460908	0.921756	0.921756	0.460908	0.460908	0.460908	0.460908	0.460908	0	0.460908	0.460908	0.921756	0.921756	0.460908	0.460908	0.460908	0.921756	0.460908	0.460908	0.460908	0.460908	0.921756	0.921756	0.460908	0	0.460908	0.460908	0	0	0.460908	0.460908	0	0	0.460908	0.460908	0	0	0	0	0.460908	0.460908	0	0	0.460908	0.460908	0.460908	0.460908	0	0.460908	0.460908	0	0	0.460908	0.921756	0.460908	0	0.460908	0.460908	0	0.460908	0.460908	0	0.460908	0.460908	0	0.460908	0.460908	0	0	0	0.460908	0.460908	0	0.460908	0.460908	0.460908	0.460908	0	0	0.460908	0.460908	0	0.460908	0.460908	0.460908	0.460908	0	0	0.460908	0.921756	0.460908	0	0.460908	0.460908	0.460908	0.921756	0.460908	0	0.460908	0.460908	0.460908	0.921756	0.460908	0	0	0.921756	0.921756	0	0	0.460908	0.921756	0.460908	0	0	0.460908	0.921756	0.460908	0	0.460908	0.921756	0.460908	0.460908	0.460908	0	0.460908	0.460908	0.460908	0.921756	0.921756	0.460908	0.460908	0.460908	0.460908	0.921756	0.460908	0.460908	0.460908	0.460908	0.460908	0.460908	0.460908	0.460908	0.921756	0.460908	0.460908	0.460908	0.460908	0.921756	0.921756	0.460908	0.460908	0.921756	0.460908	0	0	0.460908	0.921756	0.460908	0.460908	0.921756	0.921756	0.460908	0.460908	0.460908	0.460908	0.921756	0.460908	0.460908	0.921756	0.921756	0.460908	0.460908	0.460908	0.460908	0.921756	0.460908	0	0.460908	0.460908	0.460908	0.460908	0	0.460908	0.460908	0	0.460908	0.921756	0.460908	0.460908	0.460908	0.460908	1.38249	1.38249	0.460908	0.921756	1.84304	0.921756	1.38249	1.38249	0.921756	2.30335	2.76336	1.38249	1.38249	2.76336	1.38249	1.84304	1.84304	1.84304	3.22302	2.76336	1.38249	1.84304	3.22302	1.38249	0.921756	0.921756	1.38249	2.30335
1.84286	0.921667	0.460863	1.38235	0.921667	0.460863	0.921667	0.460863	0.460863	0.460863	0	0.460863	0.460863	0	0.460863	0.460863	0	0	0	0	0.460863	0.460863	0	0	0	0	0.460863	0.460863	0	0.460863	0.921667	0.460863	0.460863	0.460863	0.460863	0.921667	0.460863	0.460863	0.921667	0.921667	0.460863	0.460863	0.460863	0.460863	0.460863	0	0.460863	0.460863	0.921667	0.921667	0.460863	0.460863	0.460863	0.921667	0.460863	0.460863	0.460863	0.460863	0.921667	0.921667	0.460863	0	0.460863	0.460863	0	0	0.460863	0.460863	0	0	0.460863	0.460863	0	0	0	0	0.460863	0.460863	0	0	0.460863	0.460863	0.460863	0.460863	0	0.460863	0.460863	0	0	0.460863	0.921667	0.460863	0	0.460863	0.460863	0	0.460863	0.460863	0	0.460863	0.460863	0	0.460863	0.460863	0	0	0	0.460863	0.460863	0	0.460863	0.460863	0.460863	0.460863	0	0	0.460863	0.460863	0	0.460863	0.460863	0.460863	0.460863	0	0	0.460863	0.921667	0.460863	0	0.460863	0.460863	0.460863	0.921667	0.460863	0	0.460863	0.460863	0.460863	0.921667	0.460863	0	0	0.921667	0.921667	0	0	0.460863	0.921667	0.460863	0	0	0.460863	0.921667	0.460863	0	0.460863	0.921667	0.460863	0.460863	0.460863	0	0.460863	0.460863	0.460863	0.921667	0.921667	0.460863	0.460863	0.460863	0.460863	0.921667	0.460863	0.460863	0.460863	0.460863	0.460863	0.460863	0.460863	0.460863	0.921667	0.460863	0.460863	0.460863	0.460863	0.921667	0.921667	0.460863	0.460863	0.921667	0.460863	0	0	0.460863	0.921667	0.460863	0.460863	0.921667	0.921667	0.460863	0.460863	0.460863	0.460863	0.921667	0.460863	0.460863	0.921667	0.921667	0.460863	0.460863	0.460863	0.460863	0.921667	0.460863	0	0.460863	0.460863	0.460863	0.460863	0	0.460863	0.460863	0	0.460863	0.921667	0.460863	0.460863	0.460863	0.460863	1.38235	1.38235	0.460863	0.921667	1.84286	0.921667	1.38235	1.38235	0.921667	2.30313	2.7631	1.38235	1.38235	2.7631	1.38235	1.84286	1.84286	1.84286	3.22271	2.7631	1.38235	1.84286	3.22271	1.38235	0.921667	0.921667	1.38235	2.30313
2.44251	1.7006	1.45704	1.95444	1.66115	1.45704	1.66115	1.45704	1.31341	1.09288	0.921638	1.03039	1.03039	0.921638	0.728637	0.325862	0	0	0	0	0.364315	0.488787	0.460849	0.460849	0.460849	0.460849	0.651703	0.671748	0.162932	0.460819	0.814584	0.488787	0.651703	0.651703	0.651703	1.03035	0.651703	0.651703	1.03035	1.03035	0.651703	0.651703	0.651703	0.671748	0.69121	0.364333	0.651703	0.651703	1.03035	1.03035	0.651703	0.651703	0.651703	1.03035	0.651703	0.651703	0.651703	0.651703	1.03035	1.03035	0.651703	0.58746	0.990993	1.03039	0.921638	0.921638	1.03039	1.03039	0.921638	1.0432	1.24069	1.09288	0.921638	1.0432	1.27238	1.38231	1.31341	1.09288	1.0432	1.27238	1.45704	1.45704	1.31341	1.09288	1.0432	1.39185	1.45704	1.38231	1.38231	1.45704	1.50184	1.24069	1.27238	1.31341	1.24069	1.27238	1.31341	1.09288	1.0432	1.24069	1.09288	1.0432	1.24069	1.24069	1.27238	1.38231	1.38231	1.31341	1.09288	0.921638	1.03039	1.03039	1.03039	1.03039	0.921638	0.921638	1.03039	1.03039	0.921638	0.877371	0.83075	0.990993	1.03039	0.921638	0.921638	1.03039	1.14038	0.671769	0.58746	0.990993	1.03039	0.877371	0.990973	0.814609	0.814635	0.877371	0.671769	0.651703	0.877332	0.364315	0.162932	0.364333	1.03035	1.03035	0.460849	0.460849	0.651703	0.877332	0.364315	0.162932	0.364333	0.488787	0.814584	0.460819	0	0.460819	0.814584	0.488787	0.651703	0.651703	0.460849	0.651703	0.651703	0.651703	1.03035	1.03035	0.651703	0.651703	0.651703	0.671769	1.15194	0.814609	0.651703	0.651703	0.671748	0.587425	0.460819	0.460819	0.460819	0.921578	0.460819	0.460819	0.460819	0.460819	0.921578	0.921578	0.460819	0.587425	1.09283	0.651703	0.58746	0.814635	1.03039	1.30324	1.03039	1.03039	1.14038	0.990973	0.651703	0.651703	0.651703	0.651703	1.03035	0.651703	0.651703	1.03035	1.18598	0.990993	1.03039	1.03039	0.877371	0.990973	0.651703	0.58746	0.990993	1.03039	1.03039	1.18602	1.27238	1.31341	1.24069	1.27238	1.31341	1.31339	1.03039	0.877371	0.671769	0.814609	1.54531	1.3918	0.651703	1.03035	1.89936	1.03035	1.31334	1.2723	0.921578	2.1909	2.67028	1.45696	1.45696	2.80088	1.45696	1.82098	1.90634	2.06003	3.35108	2.98826	1.60424	1.89936	3.16028	1.5018	1.31337	1.18598	1.45696	2.34847
2.28545	1.60417	1.4569	1.95425	1.66099	1.4569	1.66099	1.4569	1.27225	1.0431	0.921549	1.03029	1.03029	0.921549	0.728567	0.325831	0	0	0	0	0.162917	0.364298	0.460804	0.460804	0.460804	0.460804	0.65164	0.877248	0.36428	0.460774	0.587368	0.364298	0.65164	0.65164	0.65164	1.03025	0.65164	0.65164	1.03025	1.03025	0.65164	0.65164	0.65164	0.877248	1.15181	0.48874	0.65164	0.65164	1.03025	1.03025	0.65164	0.65164	0.65164	1.03025	0.65164	0.65164	0.65164	0.65164	1.03025	1.03025	0.65164	0.671704	1.14027	1.03029	0.921549	0.921549	1.03029	1.03029	0.921549	1.09278	1.24057	1.0431	0.921549	1.09278	1.31329	1.38217	1.27225	1.0431	1.09278	1.31329	1.4569	1.4569	1.27225	1.0431	1.09278	1.5017	1.4569	1.38217	1.38217	1.4569	1.39172	1.24057	1.31329	1.27225	1.24057	1.31329	1.27225	1.0431	1.09278	1.24057	1.0431	1.09278	1.24057	1.24057	1.31329	1.38217	1.38217	1.27225	1.0431	0.921549	1.03029	1.03029	1.03029	1.03029	0.921549	0.921549	1.03029	1.03029	0.921549	0.814556	0.83067	1.14027	1.03029	0.921549	0.921549	1.03029	0.990898	0.587403	0.671704	1.14027	1.03029	0.814556	0.814531	0.990877	0.877287	0.814556	0.587403	0.65164	0.671684	0.162917	0.36428	0.48874	1.03025	1.03025	0.460804	0.460804	0.65164	0.671684	0.162917	0.36428	0.48874	0.364298	0.587368	0.460774	0	0.460774	0.587368	0.364298	0.65164	0.65164	0.460804	0.65164	0.65164	0.65164	1.03025	1.03025	0.65164	0.65164	0.65164	0.587403	1.15183	0.990877	0.65164	0.65164	0.877248	0.814506	0.460774	0.460774	0.460774	0.921489	0.460774	0.460774	0.460774	0.460774	0.921489	0.921489	0.460774	0.814506	1.31321	0.65164	0.671704	0.877287	1.03029	1.30311	1.03029	1.03029	0.990898	0.814531	0.65164	0.65164	0.65164	0.65164	1.03025	0.65164	0.65164	1.03025	1.39166	1.14027	1.03029	1.03029	0.814556	0.814531	0.65164	0.671704	1.14027	1.03029	1.03029	1.31326	1.31329	1.27225	1.24057	1.31329	1.27225	1.18591	1.03029	0.814556	0.587403	0.990877	1.54516	1.18587	0.65164	1.03025	1.89917	1.03025	1.09272	1.04303	0.921489	1.96095	2.4422	1.45682	1.45682	2.80061	1.45682	1.60409	1.70038	2.05983	3.35075	3.20978	1.82081	1.89917	2.93438	1.31324	1.50166	1.39166	1.45682	2.34824
1.38195	0.46073	0.46073	1.38195	0.9214	0.46073	0.9214	0.46073	0	0	0	0.46073	0.46073	0	0.46073	0.46073	0	0	0	0	0	0	0	0	0	0	0.46073	0.9214	0.46073	0.46073	0.46073	0	0.46073	0.46073	0.46073	0.9214	0.46073	0.46073	0.9214	0.9214	0.46073	0.46073	0.46073	0.9214	1.38195	0.46073	0.46073	0.46073	0.9214	0.9214	0.46073	0.46073	0.46073	0.9214	0.46073	0.46073	0.46073	0.46073	0.9214	0.9214	0.46073	0.46073	0.9214	0.46073	0	0	0.46073	0.46073	0	0.46073	0.46073	0	0	0.46073	0.46073	0	0	0	0.46073	0.46073	0.46073	0.46073	0	0	0.46073	0.9214	0.46073	0	0	0.46073	0.46073	0.46073	0.46073	0	0.46073	0.46073	0	0	0.46073	0.46073	0	0.46073	0.46073	0.46073	0.46073	0	0	0	0	0	0.46073	0.46073	0.46073	0.46073	0	0	0.46073	0.46073	0	0	0.46073	0.9214	0.46073	0	0	0.46073	0.46073	0	0.46073	0.9214	0.46073	0	0.46073	0.9214	0.46073	0	0	0.46073	0.46073	0	0.46073	0.46073	0.9214	0.9214	0	0	0.46073	0.46073	0	0.46073	0.46073	0	0.46073	0.46073	0	0.46073	0.46073	0	0.46073	0.46073	0	0.46073	0.46073	0.46073	0.9214	0.9214	0.46073	0.46073	0.46073	0	0.9214	0.9214	0.46073	0.46073	0.9214	0.9214	0.46073	0.46073	0.46073	0.9214	0.46073	0.46073	0.46073	0.46073	0.9214	0.9214	0.46073	0.9214	1.38195	0.46073	0.46073	0.46073	0.46073	0.9214	0.46073	0.46073	0.46073	0.46073	0.46073	0.46073	0.46073	0.46073	0.9214	0.46073	0.46073	0.9214	1.38195	0.9214	0.46073	0.46073	0	0.46073	0.46073	0.46073	0.9214	0.46073	0.46073	0.9214	0.46073	0	0.46073	0.46073	0	0.46073	0.46073	0	0	0.9214	1.38195	0.9214	0.46073	0.9214	1.84232	0.9214	0.9214	0.9214	0.9214	1.84232	2.30246	1.38195	1.38195	2.7623	1.38195	1.38195	1.38195	1.84232	3.22178	3.22178	1.84232	1.84232	2.7623	0.9214	1.38195	1.38195	1.38195	2.30246
1.38182	0.460686	0.460686	1.38182	0.921312	0.460686	0.921312	0.460686	0	0	0	0.460686	0.460686	0	0.460686	0.460686	0	0	0	0	0	0	0	0	0	0	0.460686	0.921312	0.460686	0.460686	0.460686	0	0.460686	0.460686	0.460686	0.921312	0.460686	0.460686	0.921312	0.921312	0.460686	0.460686	0.460686	0.921312	1.38182	0.460686	0.460686	0.460686	0.921312	0.921312	0.460686	0.460686	0.460686	0.921312	0.460686	0.460686	0.460686	0.460686	0.921312	0.921312	0.460686	0.460686	0.921312	0.460686	0	0	0.460686	0.460686	0	0.460686	0.460686	0	0	0.460686	0.460686	0	0	0	0.460686	0.460686	0.460686	0.460686	0	0	0.460686	0.921312	0.460686	0	0	0.460686	0.460686	0.460686	0.460686	0	0.460686	0.460686	0	0	0.460686	0.460686	0	0.460686	0.460686	0.460686	0.460686	0	0	0	0	0	0.460686	0.460686	0.460686	0.460686	0	0	0.460686	0.460686	0	0	0.460686	0.921312	0.460686	0	0	0.460686	0.460686	0	0.460686	0.921312	0.460686	0	0.460686	0.921312	0.460686	0	0	0.460686	0.460686	0	0.460686	0.460686	0.921312	0.921312	0	0	0.460686	0.460686	0	0.460686	0.460686	0	0.460686	0.460686	0	0.460686	0.460686	0	0.460686	0.460686	0	0.460686	0.460686	0.460686	0.921312	0.921312	0.460686	0.460686	0.460686	0	0.921312	0.921312	0.460686	0.460686	0.921312	0.921312	0.460686	0.460686	0.460686	0.921312	0.460686	0.460686	0.460686	0.460686	0.921312	0.921312	0.460686	0.921312	1.38182	0.460686	0.460686	0.460686	0.460686	0.921312	0.460686	0.460686	0.460686	0.460686	0.460686	0.460686	0.460686	0.460686	0.921312	0.460686	0.460686	0.921312	1.38182	0.921312	0.460686	0.460686	0	0.460686	0.460686	0.460686	0.921312	0.460686	0.460686	0.921312	0.460686	0	0.460686	0.460686	0	0.460686	0.460686	0	0	0.921312	1.38182	0.921312	0.460686	0.921312	1.84215	0.921312	0.921312	0.921312	0.921312	1.84215	2.30224	1.38182	1.38182	2.76203	1.38182	1.38182	1.38182	1.84215	3.22147	3.22147	1.84215	1.84215	2.76203	0.921312	1.38182	1.38182	1.38182	2.30224
1.38169	0.460641	0.460641	1.38169	0.921223	0.460641	0.921223	0.460641	0	0	0	0.460641	0.460641	0	0.460641	0.460641	0	0	0	0	0	0	0	0	0	0	0.460641	0.921223	0.460641	0.460641	0.460641	0	0.460641	0.460641	0.460641	0.921223	0.460641	0.460641	0.921223	0.921223	0.460641	0.460641	0.460641	0.921223	1.38169	0.460641	0.460641	0.460641	0.921223	0.921223	0.460641	0.460641	0.460641	0.921223	0.460641	0.460641	0.460641	0.460641	0.921223	0.921223	0.460641	0.460641	0.921223	0.460641	0	0	0.460641	0.460641	0	0.460641	0.460641	0	0	0.460641	0.460641	0	0	0	0.460641	0.460641	0.460641	0.460641	0	0	0.460641	0.921223	0.460641	0	0	0.460641	0.460641	0.460641	0.460641	0	0.460641	0.460641	0	0	0.460641	0.460641	0	0.460641	0.460641	0.460641	0.460641	0	0	0	0	0	0.460641	0.460641	0.460641	0.460641	0	0	0.460641	0.460641	0	0	0.460641	0.921223	0.460641	0	0	0.460641	0.460641	0	0.460641	0.921223	0.460641	0	0.460641	0.921223	0.460641	0	0	0.460641	0.460641	0	0.460641	0.460641	0.921223	0.921223	0	0	0.460641	0.460641	0	0.460641	0.460641	0	0.460641	0.460641	0	0.460641	0.460641	0	0.460641	0.460641	0	0.460641	0.460641	0.460641	0.921223	0.921223	0.460641	0.460641	0.460641	0	0.921223	0.921223	0.460641	0.460641	0.921223	0.921223	0.460641	0.460641	0.460641	0.921223	0.460641	0.460641	0.460641	0.460641	0.921223	0.921223	0.460641	0.921223	1.38169	0.460641	0.460641	0.460641	0.460641	0.921223	0.460641	0.460641	0.460641	0.460641	0.460641	0.460641	0.460641	0.460641	0.921223	0.460641	0.460641	0.921223	1.38169	0.921223	0.460641	0.460641	0	0.460641	0.460641	0.460641	0.921223	0.460641	0.460641	0.921223	0.460641	0	0.460641	0.460641	0	0.460641	0.460641	0	0	0.921223	1.38169	0.921223	0.460641	0.921223	1.84197	0.921223	0.921223	0.921223	0.921223	1.84197	2.30202	1.38169	1.38169	2.76177	1.38169	1.38169	1.38169	1.84197	3.22116	3.22116	1.84197	1.84197	2.76177	0.921223	1.38169	1.38169	1.38169	2.30202
2.30191	1.89858	1.89858	2.14106	1.6998	1.3128	1.31277	1.0299	0.921208	0.921208	0.921208	0.87696	0.671453	0.460634	0.651394	0.651394	0.460634	0.460634	0.364163	0.162855	0	0	0	0	0	0.162855	0.671427	0.876911	0.36414	0.460597	0.587142	0.364163	0.651394	0.651394	0.651394	1.02985	0.651394	0.651394	1.02985	1.02985	0.651394	0.814223	0.990526	1.13984	1.39113	0.651394	0.651394	0.651394	1.18541	1.31274	1.0299	1.0299	1.0299	1.30262	1.0299	1.0299	1.0299	1.0299	1.30262	1.30262	1.0299	1.0299	1.30262	1.0299	0.921208	0.921208	1.0299	1.18546	1.27178	1.3128	1.24011	1.27178	1.38166	1.45636	1.45636	1.38166	1.38166	1.38166	1.45636	1.45636	1.45636	1.45636	1.38166	1.38166	1.45636	1.50114	1.09237	1.04271	1.27178	1.3128	1.09237	1.0299	1.0299	0.921208	1.0299	1.0299	0.921208	0.921208	1.0299	1.0299	0.921208	1.0299	1.0299	1.0299	1.0299	0.921208	0.921208	0.921208	0.921208	0.921208	1.0299	1.0299	0.87696	0.671453	0.587185	0.814255	0.87696	0.671453	0.460634	0.587185	0.830358	0.9905	0.651394	0.460634	0.460634	0.651394	0.814223	0.814255	0.87696	0.9905	0.651394	0.587185	0.830358	0.9905	0.651394	0.460634	0.460634	0.651394	0.651394	0.460634	0.651394	0.651394	0.876911	0.814192	0.162855	0.364163	0.488555	0.514968	0.364163	0.488555	0.36414	0	0.460597	0.460597	0	0.36414	0.514968	0.162855	0.36414	0.488555	0.364163	0.587142	0.460597	0.460597	0.814192	0.876911	0.651394	0.651394	0.651394	0.364163	0.949482	0.876911	0.651394	0.651394	1.0923	1.04263	0.460597	0.460597	0.460597	1.04263	0.671427	0.651394	0.651394	0.651394	1.02985	1.02985	0.651394	0.876911	1.4006	0.671427	0.651394	0.651394	0.651394	1.02985	0.651394	0.651394	0.814223	0.990526	1.0299	1.0299	1.0299	1.0299	1.30262	1.0299	1.0299	1.30262	1.50109	0.9905	0.651394	0.651394	0.587185	1.15142	1.3912	1.45636	1.66037	1.45636	1.45636	1.66037	1.45636	1.38166	1.3128	1.09237	0.921208	0.87696	0.671453	0.587185	0.814255	1.13984	1.39113	1.02985	0.651394	0.876911	1.6117	0.876911	1.02985	1.02985	1.02985	1.89844	2.26121	1.50109	1.66032	2.91065	1.66032	1.66032	1.66032	2.01354	3.35342	3.4466	2.44136	2.60898	3.45047	2.21402	2.30191	2.30191	2.30191	2.96914
2.3017	1.8984	1.8984	2.01344	1.60342	1.27166	1.18535	1.02981	0.921119	0.921119	0.921119	0.814176	0.587129	0.460589	0.651337	0.651337	0.460589	0.460589	0.488512	0.36411	0	0	0	0	0	0.36411	0.876839	0.67137	0.162841	0.46056	0.814126	0.488512	0.651337	0.651337	0.651337	1.02977	0.651337	0.651337	1.02977	1.02977	0.651337	0.990415	1.13974	0.990436	1.18531	0.651337	0.651337	0.651337	1.39101	1.50096	1.02981	1.02981	1.02981	1.30251	1.02981	1.02981	1.02981	1.02981	1.30251	1.30251	1.02981	1.02981	1.30251	1.02981	0.921119	0.921119	1.02981	1.31265	1.31267	1.27166	1.24	1.31267	1.38153	1.45622	1.45622	1.38153	1.38153	1.38153	1.45622	1.45622	1.45622	1.45622	1.38153	1.38153	1.45622	1.39107	1.04261	1.09227	1.31267	1.27166	1.04261	1.02981	1.02981	0.921119	1.02981	1.02981	0.921119	0.921119	1.02981	1.02981	0.921119	1.02981	1.02981	1.02981	1.02981	0.921119	0.921119	0.921119	0.921119	0.921119	1.02981	1.02981	0.814176	0.587129	0.671391	0.876878	0.814176	0.587129	0.460589	0.671391	0.830283	0.814151	0.651337	0.460589	0.460589	0.651337	0.990415	0.876878	0.814176	0.814151	0.651337	0.671391	0.830283	0.814151	0.651337	0.460589	0.460589	0.651337	0.651337	0.460589	0.651337	0.651337	0.67137	0.587094	0.36411	0.488512	0.364128	0.514925	0.488512	0.364128	0.162841	0	0.46056	0.46056	0	0.162841	0.514925	0.36411	0.162841	0.364128	0.488512	0.814126	0.46056	0.46056	0.587094	0.67137	0.651337	0.651337	0.651337	0.488512	0.949405	0.67137	0.651337	0.651337	1.3126	1.27158	0.46056	0.46056	0.46056	1.27158	0.876839	0.651337	0.651337	0.651337	1.02977	1.02977	0.651337	0.67137	1.40049	0.876839	0.651337	0.651337	0.651337	1.02977	0.651337	0.651337	0.990415	1.13974	1.02981	1.02981	1.02981	1.02981	1.30251	1.02981	1.02981	1.30251	1.31263	0.814151	0.651337	0.651337	0.671391	1.47425	1.501	1.45622	1.66022	1.45622	1.45622	1.66022	1.45622	1.38153	1.27166	1.04261	0.921119	0.814176	0.587129	0.671391	0.876878	0.990436	1.18531	1.02977	0.651337	0.67137	1.15127	0.67137	1.02977	1.02977	1.02977	1.89829	2.03948	1.31263	1.66018	2.91041	1.66018	1.66018	1.66018	1.81999	3.14176	3.24107	2.28438	2.46274	3.45018	2.33028	2.3017	2.3017	2.3017	3.15856
1.38131	0.460515	0.460515	0.920971	0.460515	0	0.460515	0.460515	0	0	0	0	0	0	0.460515	0.460515	0	0	0.460515	0.460515	0	0	0	0	0	0.460515	0.920971	0.460515	0	0.460515	0.920971	0.460515	0.460515	0.460515	0.460515	0.920971	0.460515	0.460515	0.920971	0.920971	0.460515	0.920971	0.920971	0.460515	0.920971	0.460515	0.460515	0.460515	1.38131	1.38131	0.460515	0.460515	0.460515	0.920971	0.460515	0.460515	0.460515	0.460515	0.920971	0.920971	0.460515	0.460515	0.920971	0.460515	0	0	0.460515	0.920971	0.460515	0	0.460515	0.460515	0	0.460515	0.460515	0	0	0	0.460515	0.460515	0.460515	0.460515	0	0	0.460515	0.460515	0	0.460515	0.460515	0	0	0.460515	0.460515	0	0.460515	0.460515	0	0	0.460515	0.460515	0	0.460515	0.460515	0.460515	0.460515	0	0	0	0	0	0.460515	0.460515	0	0	0.460515	0.460515	0	0	0	0.460515	0.460515	0.460515	0.460515	0	0	0.460515	0.920971	0.460515	0	0.460515	0.460515	0.460515	0.460515	0.460515	0.460515	0	0	0.460515	0.460515	0	0.460515	0.460515	0.460515	0.460515	0.460515	0.460515	0	0.460515	0.460515	0	0	0	0.460515	0.460515	0	0	0.460515	0.460515	0	0	0.460515	0.920971	0.460515	0.460515	0.460515	0.460515	0.460515	0.460515	0.460515	0.460515	0.920971	0.460515	0.460515	0.460515	1.38131	1.38131	0.460515	0.460515	0.460515	1.38131	0.920971	0.460515	0.460515	0.460515	0.920971	0.920971	0.460515	0.460515	1.38131	0.920971	0.460515	0.460515	0.460515	0.920971	0.460515	0.460515	0.920971	0.920971	0.460515	0.460515	0.460515	0.460515	0.920971	0.460515	0.460515	0.920971	0.920971	0.460515	0.460515	0.460515	0.460515	1.38131	0.920971	0.460515	0.920971	0.460515	0.460515	0.920971	0.460515	0	0	0	0	0	0	0.460515	0.460515	0.460515	0.920971	0.920971	0.460515	0.460515	0.920971	0.460515	0.920971	0.920971	0.920971	1.84147	1.84147	0.920971	1.38131	2.76101	1.38131	1.38131	1.38131	1.38131	2.76101	2.76101	1.38131	1.38131	2.76101	1.38131	1.38131	1.38131	1.38131	2.76101
1.38117	0.460471	0.460471	0.920882	0.460471	0	0.460471	0.460471	0	0	0	0	0	0	0.460471	0.460471	0	0	0.460471	0.460471	0	0	0	0	0	0.460471	0.920882	0.460471	0	0.460471	0.920882	0.460471	0.460471	0.460471	0.460471	0.920882	0.460471	0.460471	0.920882	0.920882	0.460471	0.920882	0.920882	0.460471	0.920882	0.460471	0.460471	0.460471	1.38117	1.38117	0.460471	0.460471	0.460471	0.920882	0.460471	0.460471	0.460471	0.460471	0.920882	0.920882	0.460471	0.460471	0.920882	0.460471	0	0	0.460471	0.920882	0.460471	0	0.460471	0.460471	0	0.460471	0.460471	0	0	0	0.460471	0.460471	0.460471	0.460471	0	0	0.460471	0.460471	0	0.460471	0.460471	0	0	0.460471	0.460471	0	0.460471	0.460471	0	0	0.460471	0.460471	0	0.460471	0.460471	0.460471	0.460471	0	0	0	0	0	0.460471	0.460471	0	0	0.460471	0.460471	0	0	0	0.460471	0.460471	0.460471	0.460471	0	0	0.460471	0.920882	0.460471	0	0.460471	0.460471	0.460471	0.460471	0.460471	0.460471	0	0	0.460471	0.460471	0	0.460471	0.460471	0.460471	0.460471	0.460471	0.460471	0	0.460471	0.460471	0	0	0	0.460471	0.460471	0	0	0.460471	0.460471	0	0	0.460471	0.920882	0.460471	0.460471	0.460471	0.460471	0.460471	0.460471	0.460471	0.460471	0.920882	0.460471	0.460471	0.460471	1.38117	1.38117	0.460471	0.460471	0.460471	1.38117	0.920882	0.460471	0.460471	0.460471	0.920882	0.920882	0.460471	0.460471	1.38117	0.920882	0.460471	0.460471	0.460471	0.920882	0.460471	0.460471	0.920882	0.920882	0.460471	0.460471	0.460471	0.460471	0.920882	0.460471	0.460471	0.920882	0.920882	0.460471	0.460471	0.460471	0.460471	1.38117	0.920882	0.460471	0.920882	0.460471	0.460471	0.920882	0.460471	0	0	0	0	0	0	0.460471	0.460471	0.460471	0.920882	0.920882	0.460471	0.460471	0.920882	0.460471	0.920882	0.920882	0.920882	1.84129	1.84129	0.920882	1.38117	2.76075	1.38117	1.38117	1.38117	1.38117	2.76075	2.76075	1.38117	1.38117	2.76075	1.38117	1.38117	1.38117	1.38117	2.76075
1.38104	0.460426	0.460426	0.920793	0.460426	0	0.460426	0.460426	0	0	0	0	0	0	0.460426	0.460426	0	0	0.460426	0.460426	0	0	0	0	0	0.460426	0.920793	0.460426	0	0.460426	0.920793	0.460426	0.460426	0.460426	0.460426	0.920793	0.460426	0.460426	0.920793	0.920793	0.460426	0.920793	0.920793	0.460426	0.920793	0.460426	0.460426	0.460426	1.38104	1.38104	0.460426	0.460426	0.460426	0.920793	0.460426	0.460426	0.460426	0.460426	0.920793	0.920793	0.460426	0.460426	0.920793	0.460426	0	0	0.460426	0.920793	0.460426	0	0.460426	0.460426	0	0.460426	0.460426	0	0	0	0.460426	0.460426	0.460426	0.460426	0	0	0.460426	0.460426	0	0.460426	0.460426	0	0	0.460426	0.460426	0	0.460426	0.460426	0	0	0.460426	0.460426	0	0.460426	0.460426	0.460426	0.460426	0	0	0	0	0	0.460426	0.460426	0	0	0.460426	0.460426	0	0	0	0.460426	0.460426	0.460426	0.460426	0	0	0.460426	0.920793	0.460426	0	0.460426	0.460426	0.460426	0.460426	0.460426	0.460426	0	0	0.460426	0.460426	0	0.460426	0.460426	0.460426	0.460426	0.460426	0.460426	0	0.460426	0.460426	0	0	0	0.460426	0.460426	0	0	0.460426	0.460426	0	0	0.460426	0.920793	0.460426	0.460426	0.460426	0.460426	0.460426	0.460426	0.460426	0.460426	0.920793	0.460426	0.460426	0.460426	1.38104	1.38104	0.460426	0.460426	0.460426	1.38104	0.920793	0.460426	0.460426	0.460426	0.920793	0.920793	0.460426	0.460426	1.38104	0.920793	0.460426	0.460426	0.460426	0.920793	0.460426	0.460426	0.920793	0.920793	0.460426	0.460426	0.460426	0.460426	0.920793	0.460426	0.460426	0.920793	0.920793	0.460426	0.460426	0.460426	0.460426	1.38104	0.920793	0.460426	0.920793	0.460426	0.460426	0.920793	0.460426	0	0	0	0	0	0	0.460426	0.460426	0.460426	0.920793	0.920793	0.460426	0.460426	0.920793	0.460426	0.920793	0.920793	0.920793	1.84111	1.84111	0.920793	1.38104	2.76048	1.38104	1.38104	1.38104	1.38104	2.76048	2.76048	1.38104	1.38104	2.76048	1.38104	1.38104	1.38104	1.38104	2.76048
1.38091	0.460382	0.460382	0.920705	0.460382	0	0.460382	0.460382	0	0	0	0	0	0	0.460382	0.460382	0	0	0.460382	0.460382	0	0	0	0	0	0.460382	0.920705	0.460382	0	0.460382	0.920705	0.460382	0.460382	0.460382	0.460382	0.920705	0.460382	0.460382	0.920705	0.920705	0.460382	0.920705	0.920705	0.460382	0.920705	0.460382	0.460382	0.460382	1.38091	1.38091	0.460382	0.460382	0.460382	0.920705	0.460382	0.460382	0.460382	0.460382	0.920705	0.920705	0.460382	0.460382	0.920705	0.460382	0	0	0.460382	0.920705	0.460382	0	0.460382	0.460382	0	0.460382	0.460382	0	0	0	0.460382	0.460382	0.460382	0.460382	0	0	0.460382	0.460382	0	0.460382	0.460382	0	0	0.460382	0.460382	0	0.460382	0.460382	0	0	0.460382	0.460382	0	0.460382	0.460382	0.460382	0.460382	0	0	0	0	0	0.460382	0.460382	0	0	0.460382	0.460382	0	0	0	0.460382	0.460382	0.460382	0.460382	0	0	0.460382	0.920705	0.460382	0	0.460382	0.460382	0.460382	0.460382	0.460382	0.460382	0	0	0.460382	0.460382	0	0.460382	0.460382	0.460382	0.460382	0.460382	0.460382	0	0.460382	0.460382	0	0	0	0.460382	0.460382	0	0	0.460382	0.460382	0	0	0.460382	0.920705	0.460382	0.460382	0.460382	0.460382	0.460382	0.460382	0.460382	0.460382	0.920705	0.460382	0.460382	0.460382	1.38091	1.38091	0.460382	0.460382	0.460382	1.38091	0.920705	0.460382	0.460382	0.460382	0.920705	0.920705	0.460382	0.460382	1.38091	0.920705	0.460382	0.460382	0.460382	0.920705	0.460382	0.460382	0.920705	0.920705	0.460382	0.460382	0.460382	0.460382	0.920705	0.460382	0.460382	0.920705	0.920705	0.460382	0.460382	0.460382	0.460382	1.38091	0.920705	0.460382	0.920705	0.460382	0.460382	0.920705	0.460382	0	0	0	0	0	0	0.460382	0.460382	0.460382	0.920705	0.920705	0.460382	0.460382	0.920705	0.460382	0.920705	0.920705	0.920705	1.84093	1.84093	0.920705	1.38091	2.76021	1.38091	1.38091	1.38091	1.38091	2.76021	2.76021	1.38091	1.38091	2.76021	1.38091	1.38091	1.38091	1.38091	2.76021
2.3006	1.89748	1.89748	1.90443	1.53518	1.5003	1.67531	1.53518	1.38086	1.38086	1.38086	1.27105	1.04211	0.920675	1.09174	1.31204	1.27105	1.04211	1.02931	1.02931	0.920675	0.920675	0.920675	1.04211	1.27105	1.31204	1.31202	1.02931	0.920675	1.02931	1.30188	1.02931	1.02931	1.02931	1.02931	1.30188	1.02931	1.02931	1.30188	1.30188	1.02931	1.13919	0.989938	0.651023	1.02927	0.651023	0.813759	0.989959	1.50023	1.39034	0.651023	0.651023	0.813759	1.31199	1.02931	1.02931	1.02931	1.02931	1.30188	1.30188	1.02931	1.02931	1.30188	1.02931	1.04211	1.27105	1.45552	1.65942	1.45552	1.5003	1.67531	1.67531	1.72972	1.76005	1.53518	1.38086	1.38086	1.38086	1.31204	1.09174	1.02931	1.02931	0.920675	0.920675	0.876455	0.829882	0.813784	0.876455	0.671067	0.460367	0.586846	0.829882	0.671067	0.586846	0.829882	0.671067	0.460367	0.460367	0.651023	0.651023	0.460367	0.488276	0.514677	0.514677	0.363934	0.162762	0.363953	0.460367	0.586846	0.813784	0.876455	0.671067	0.460367	0.460367	0.651023	0.651023	0.460367	0.586846	0.813784	0.876455	0.829882	0.829882	0.671067	0.586846	0.813784	0.876455	0.989938	0.651023	0.460367	0.651023	0.651023	0.488276	0.514677	0.514677	0.363934	0.162762	0.363953	0.651023	0.651023	0.460367	0.651023	0.651023	0.651023	0.651023	0.488276	0.363934	0.162762	0.514677	0.363934	0	0	0.162762	0.514677	0.363934	0	0.162762	0.514677	0.363934	0	0	0.460338	0.920616	0.460338	0.363934	0.514677	0.586811	0.460338	0.460338	0.460338	0.460338	0.920616	0.460338	0.460338	0.460338	1.38078	1.38078	0.460338	0.460338	0.586811	1.39982	0.813734	0.460338	0.460338	0.586811	1.09169	1.18474	0.989959	1.02931	1.50023	0.989938	0.651023	0.651023	0.651023	1.02927	0.651023	0.651023	1.02927	1.02927	0.651023	0.651023	0.651023	0.651023	1.02927	0.651023	0.651023	1.18474	1.31199	1.02931	1.02931	1.02931	1.02931	1.50023	0.989938	0.813759	1.31199	1.02931	1.02931	1.30188	1.02931	0.920675	1.04211	1.27105	1.38086	1.5003	1.72972	1.76005	1.53518	1.31204	1.31202	1.30188	1.02931	0.876455	0.989938	0.651023	0.876416	0.813734	0.813734	1.67522	1.8551	1.50028	1.95917	3.15704	2.3006	2.32915	2.52516	2.68243	3.59082	3.5798	2.93174	3.08528	3.90365	3.35169	3.50173	3.50173	3.50173	4.23661
2.30037	1.8973	1.8973	1.819	1.50016	1.53503	1.67515	1.50016	1.38073	1.38073	1.38073	1.31192	1.09164	0.920586	1.04201	1.27093	1.31192	1.09164	1.02921	1.02921	0.920586	0.920586	0.920586	1.09164	1.31192	1.27093	1.18467	1.02921	0.920586	1.02921	1.30175	1.02921	1.02921	1.02921	1.02921	1.30175	1.02921	1.02921	1.30175	1.30175	1.02921	0.989863	0.81368	0.65096	1.02917	0.65096	0.989842	1.13908	1.31187	1.18463	0.65096	0.65096	0.989842	1.50009	1.02921	1.02921	1.02921	1.02921	1.30175	1.30175	1.02921	1.02921	1.30175	1.02921	1.09164	1.31192	1.45538	1.65926	1.45538	1.53503	1.67515	1.67515	1.75988	1.72955	1.50016	1.38073	1.38073	1.38073	1.27093	1.04201	1.02921	1.02921	0.920586	0.920586	0.813705	0.829802	0.87637	0.813705	0.586789	0.460323	0.671002	0.829802	0.586789	0.671002	0.829802	0.586789	0.460323	0.460323	0.65096	0.65096	0.460323	0.363918	0.514627	0.514627	0.162747	0.363899	0.488229	0.460323	0.671002	0.87637	0.813705	0.586789	0.460323	0.460323	0.65096	0.65096	0.460323	0.671002	0.87637	0.813705	0.829802	0.829802	0.586789	0.671002	0.87637	0.813705	0.81368	0.65096	0.460323	0.65096	0.65096	0.363918	0.514627	0.514627	0.162747	0.363899	0.488229	0.65096	0.65096	0.460323	0.65096	0.65096	0.65096	0.65096	0.363918	0.162747	0.363899	0.514627	0.162747	0	0	0.363899	0.514627	0.162747	0	0.363899	0.514627	0.162747	0	0	0.460293	0.920527	0.460293	0.162747	0.514627	0.813655	0.460293	0.460293	0.460293	0.460293	0.920527	0.460293	0.460293	0.460293	1.38064	1.38064	0.460293	0.460293	0.813655	1.39968	0.586755	0.460293	0.460293	0.813655	1.31184	1.39021	1.13908	1.02921	1.31187	0.81368	0.65096	0.65096	0.65096	1.02917	0.65096	0.65096	1.02917	1.02917	0.65096	0.65096	0.65096	0.65096	1.02917	0.65096	0.65096	1.39021	1.50009	1.02921	1.02921	1.02921	1.02921	1.31187	0.81368	0.989842	1.50009	1.02921	1.02921	1.30175	1.02921	0.920586	1.09164	1.31192	1.38073	1.53503	1.75988	1.72955	1.50016	1.27093	1.18467	1.30175	1.02921	0.813705	0.81368	0.65096	0.670982	0.586755	0.586755	1.23922	1.4734	1.39027	1.81898	2.96717	2.30037	2.21254	2.41802	2.68217	3.59047	3.41364	2.83999	3.08498	3.75195	3.27174	3.50139	3.50139	3.50139	4.23621
1.38051	0.460249	0.460249	0.460249	0	0.460249	0.460249	0	0	0	0	0.460249	0.460249	0	0	0	0.460249	0.460249	0.460249	0.460249	0	0	0	0.460249	0.460249	0	0.460249	0.460249	0	0.460249	0.920438	0.460249	0.460249	0.460249	0.460249	0.920438	0.460249	0.460249	0.920438	0.920438	0.460249	0.460249	0.460249	0.460249	0.920438	0.460249	0.920438	0.920438	0.920438	0.920438	0.460249	0.460249	0.920438	1.38051	0.460249	0.460249	0.460249	0.460249	0.920438	0.920438	0.460249	0.460249	0.920438	0.460249	0.460249	0.460249	0.460249	0.920438	0.460249	0.460249	0.460249	0.460249	0.460249	0	0	0	0	0	0	0	0.460249	0.460249	0	0	0	0.460249	0.460249	0	0	0	0.460249	0.460249	0	0.460249	0.460249	0	0	0	0.460249	0.460249	0	0	0.460249	0.460249	0	0.460249	0.460249	0	0.460249	0.460249	0	0	0	0	0.460249	0.460249	0	0.460249	0.460249	0	0.460249	0.460249	0	0.460249	0.460249	0	0.460249	0.460249	0	0.460249	0.460249	0	0.460249	0.460249	0	0.460249	0.460249	0.460249	0.460249	0	0.460249	0.460249	0.460249	0.460249	0	0	0.460249	0.460249	0	0	0	0.460249	0.460249	0	0	0.460249	0.460249	0	0	0	0.460249	0.920438	0.460249	0	0.460249	0.920438	0.460249	0.460249	0.460249	0.460249	0.920438	0.460249	0.460249	0.460249	1.38051	1.38051	0.460249	0.460249	0.920438	1.38051	0.460249	0.460249	0.460249	0.920438	1.38051	1.38051	0.920438	0.460249	0.920438	0.460249	0.460249	0.460249	0.460249	0.920438	0.460249	0.460249	0.920438	0.920438	0.460249	0.460249	0.460249	0.460249	0.920438	0.460249	0.460249	1.38051	1.38051	0.460249	0.460249	0.460249	0.460249	0.920438	0.460249	0.920438	1.38051	0.460249	0.460249	0.920438	0.460249	0	0.460249	0.460249	0	0.460249	0.460249	0	0	0	0.460249	0.920438	0.460249	0	0.460249	0.460249	0.460249	0.460249	0.460249	0.920438	0.920438	0.460249	0.920438	2.30006	1.38051	0.920438	0.920438	1.38051	2.75942	2.30006	0.920438	1.38051	2.30006	0.920438	1.38051	1.38051	1.38051	2.75942
1.38038	0.460205	0.460205	0.460205	0	0.460205	0.460205	0	0	0	0	0.460205	0.460205	0	0	0	0.460205	0.460205	0.460205	0.460205	0	0	0	0.460205	0.460205	0	0.460205	0.460205	0	0.460205	0.92035	0.460205	0.460205	0.460205	0.460205	0.92035	0.460205	0.460205	0.92035	0.92035	0.460205	0.460205	0.460205	0.460205	0.92035	0.460205	0.92035	0.92035	0.92035	0.92035	0.460205	0.460205	0.92035	1.38038	0.460205	0.460205	0.460205	0.460205	0.92035	0.92035	0.460205	0.460205	0.92035	0.460205	0.460205	0.460205	0.460205	0.92035	0.460205	0.460205	0.460205	0.460205	0.460205	0	0	0	0	0	0	0	0.460205	0.460205	0	0	0	0.460205	0.460205	0	0	0	0.460205	0.460205	0	0.460205	0.460205	0	0	0	0.460205	0.460205	0	0	0.460205	0.460205	0	0.460205	0.460205	0	0.460205	0.460205	0	0	0	0	0.460205	0.460205	0	0.460205	0.460205	0	0.460205	0.460205	0	0.460205	0.460205	0	0.460205	0.460205	0	0.460205	0.460205	0	0.460205	0.460205	0	0.460205	0.460205	0.460205	0.460205	0	0.460205	0.460205	0.460205	0.460205	0	0	0.460205	0.460205	0	0	0	0.460205	0.460205	0	0	0.460205	0.460205	0	0	0	0.460205	0.92035	0.460205	0	0.460205	0.92035	0.460205	0.460205	0.460205	0.460205	0.92035	0.460205	0.460205	0.460205	1.38038	1.38038	0.460205	0.460205	0.92035	1.38038	0.460205	0.460205	0.460205	0.92035	1.38038	1.38038	0.92035	0.460205	0.92035	0.460205	0.460205	0.460205	0.460205	0.92035	0.460205	0.460205	0.92035	0.92035	0.460205	0.460205	0.460205	0.460205	0.92035	0.460205	0.460205	1.38038	1.38038	0.460205	0.460205	0.460205	0.460205	0.92035	0.460205	0.92035	1.38038	0.460205	0.460205	0.92035	0.460205	0	0.460205	0.460205	0	0.460205	0.460205	0	0	0	0.460205	0.92035	0.460205	0	0.460205	0.460205	0.460205	0.460205	0.460205	0.92035	0.92035	0.460205	0.92035	2.29984	1.38038	0.92035	0.92035	1.38038	2.75915	2.29984	0.92035	1.38038	2.29984	0.92035	1.38038	1.38038	1.38038	2.75915
1.38024	0.46016	0.46016	0.46016	0	0.46016	0.46016	0	0	0	0	0.46016	0.46016	0	0	0	0.46016	0.46016	0.46016	0.46016	0	0	0	0.46016	0.46016	0	0.46016	0.46016	0	0.46016	0.920261	0.46016	0.46016	0.46016	0.46016	0.920261	0.46016	0.46016	0.920261	0.920261	0.46016	0.46016	0.46016	0.46016	0.920261	0.46016	0.920261	0.920261	0.920261	0.920261	0.46016	0.46016	0.920261	1.38024	0.46016	0.46016	0.46016	0.46016	0.920261	0.920261	0.46016	0.46016	0.920261	0.46016	0.46016	0.46016	0.46016	0.920261	0.46016	0.46016	0.46016	0.46016	0.46016	0	0	0	0	0	0	0	0.46016	0.46016	0	0	0	0.46016	0.46016	0	0	0	0.46016	0.46016	0	0.46016	0.46016	0	0	0	0.46016	0.46016	0	0	0.46016	0.46016	0	0.46016	0.46016	0	0.46016	0.46016	0	0	0	0	0.46016	0.46016	0	0.46016	0.46016	0	0.46016	0.46016	0	0.46016	0.46016	0	0.46016	0.46016	0	0.46016	0.46016	0	0.46016	0.46016	0	0.46016	0.46016	0.46016	0.46016	0	0.46016	0.46016	0.46016	0.46016	0	0	0.46016	0.46016	0	0	0	0.46016	0.46016	0	0	0.46016	0.46016	0	0	0	0.46016	0.920261	0.46016	0	0.46016	0.920261	0.46016	0.46016	0.46016	0.46016	0.920261	0.46016	0.46016	0.46016	1.38024	1.38024	0.46016	0.46016	0.920261	1.38024	0.46016	0.46016	0.46016	0.920261	1.38024	1.38024	0.920261	0.46016	0.920261	0.46016	0.46016	0.46016	0.46016	0.920261	0.46016	0.46016	0.920261	0.920261	0.46016	0.46016	0.46016	0.46016	0.920261	0.46016	0.46016	1.38024	1.38024	0.46016	0.46016	0.46016	0.46016	0.920261	0.46016	0.920261	1.38024	0.46016	0.46016	0.920261	0.46016	0	0.46016	0.46016	0	0.46016	0.46016	0	0	0	0.46016	0.920261	0.46016	0	0.46016	0.46016	0.46016	0.46016	0.46016	0.920261	0.920261	0.46016	0.920261	2.29961	1.38024	0.920261	0.920261	1.38024	2.75889	2.29961	0.920261	1.38024	2.29961	0.920261	1.38024	1.38024	1.38024	2.75889
1.38011	0.460116	0.460116	0.460116	0	0.460116	0.460116	0	0	0	0	0.460116	0.460116	0	0	0	0.460116	0.460116	0.460116	0.460116	0	0	0	0.460116	0.460116	0	0.460116	0.460116	0	0.460116	0.920172	0.460116	0.460116	0.460116	0.460116	0.920172	0.460116	0.460116	0.920172	0.920172	0.460116	0.460116	0.460116	0.460116	0.920172	0.460116	0.920172	0.920172	0.920172	0.920172	0.460116	0.460116	0.920172	1.38011	0.460116	0.460116	0.460116	0.460116	0.920172	0.920172	0.460116	0.460116	0.920172	0.460116	0.460116	0.460116	0.460116	0.920172	0.460116	0.460116	0.460116	0.460116	0.460116	0	0	0	0	0	0	0	0.460116	0.460116	0	0	0	0.460116	0.460116	0	0	0	0.460116	0.460116	0	0.460116	0.460116	0	0	0	0.460116	0.460116	0	0	0.460116	0.460116	0	0.460116	0.460116	0	0.460116	0.460116	0	0	0	0	0.460116	0.460116	0	0.460116	0.460116	0	0.460116	0.460116	0	0.460116	0.460116	0	0.460116	0.460116	0	0.460116	0.460116	0	0.460116	0.460116	0	0.460116	0.460116	0.460116	0.460116	0	0.460116	0.460116	0.460116	0.460116	0	0	0.460116	0.460116	0	0	0	0.460116	0.460116	0	0	0.460116	0.460116	0	0	0	0.460116	0.920172	0.460116	0	0.460116	0.920172	0.460116	0.460116	0.460116	0.460116	0.920172	0.460116	0.460116	0.460116	1.38011	1.38011	0.460116	0.460116	0.920172	1.38011	0.460116	0.460116	0.460116	0.920172	1.38011	1.38011	0.920172	0.460116	0.920172	0.460116	0.460116	0.460116	0.460116	0.920172	0.460116	0.460116	0.920172	0.920172	0.460116	0.460116	0.460116	0.460116	0.920172	0.460116	0.460116	1.38011	1.38011	0.460116	0.460116	0.460116	0.460116	0.920172	0.460116	0.920172	1.38011	0.460116	0.460116	0.920172	0.460116	0	0.460116	0.460116	0	0.460116	0.460116	0	0	0	0.460116	0.920172	0.460116	0	0.460116	0.460116	0.460116	0.460116	0.460116	0.920172	0.920172	0.460116	0.920172	2.29939	1.38011	0.920172	0.920172	1.38011	2.75862	2.29939	0.920172	1.38011	2.29939	0.920172	1.38011	1.38011	1.38011	2.75862
2.32783	1.89641	1.89641	1.89641	1.83984	1.89641	1.89641	1.83984	1.72875	1.49946	1.38009	1.53431	1.67437	1.49946	1.38009	1.38009	1.53431	1.67437	1.67437	1.75906	1.83984	1.83984	1.83984	1.75906	1.53431	1.49946	1.67437	1.67437	1.72875	1.75906	1.69786	1.4547	1.4547	1.4547	1.4547	1.49943	1.09113	1.02873	1.30114	1.30114	1.02873	1.02873	1.02873	0.87596	0.989371	0.650652	1.02868	1.02868	1.02868	1.02868	0.650652	0.650652	1.02868	1.4546	0.650652	0.813295	0.989397	1.02873	1.30114	1.46371	1.38962	1.4547	1.65848	1.4547	1.4547	1.4547	1.4547	1.65848	1.4547	1.4547	1.4547	1.3113	1.09113	0.920158	0.920158	1.04152	1.15014	1.04152	0.920158	0.920158	0.87596	0.670687	0.460108	0.460108	0.586516	0.829412	0.670687	0.586516	0.813326	0.920158	0.87596	0.670687	0.460108	0.650652	0.650652	0.460108	0.460108	0.460108	0.650652	0.650652	0.460108	0.460108	0.650652	0.650652	0.460108	0.650652	0.650652	0.460108	0.487998	0.363724	0.162669	0.363748	0.460108	0.460108	0.650652	0.650652	0.460108	0.487998	0.363724	0.162669	0.514381	0.514381	0.363748	0.487998	0.363724	0.162669	0.514381	0.363724	0.162669	0.514381	0.363724	0.162669	0.514381	0.514381	0.363748	0.487998	0.363724	0.460072	0.460072	0	0.460072	0.460072	0.460072	0.460072	0	0	0.363724	0.514381	0.162669	0	0	0.363724	0.514381	0.162669	0	0.460072	0.460072	0	0.162669	0.363748	0.487998	0.813263	0.460072	0	0.460072	0.920084	0.460072	0.460072	0.460072	0.460072	0.920084	0.460072	0.460072	0.460072	1.37998	1.37998	0.460072	0.460072	0.920084	1.37998	0.460072	0.460072	0.460072	0.920084	1.37998	1.37998	0.920084	0.586472	1.09106	0.650652	0.650652	0.650652	0.650652	1.02868	0.650652	0.650652	1.02868	1.02868	0.650652	0.650652	0.650652	0.650652	1.02868	0.650652	0.650652	1.31121	1.39901	0.670662	0.650652	0.650652	0.813295	1.31124	1.02873	1.13854	1.38954	0.650652	0.813295	1.31124	1.02873	1.04152	1.2387	1.09113	1.04152	1.2387	1.09113	0.920158	0.920158	1.04152	1.2387	1.31127	1.02873	0.920158	1.02873	1.02873	0.87596	0.670687	0.487998	0.813263	0.920084	0.460072	0.813263	2.11991	1.49937	1.30114	1.30114	1.62626	2.96576	3.08774	2.47624	2.7776	3.63259	3.34588	3.56314	3.77824	3.99479	4.84144
2.21129	1.89623	1.89623	1.89623	1.83966	1.89623	1.89623	1.83966	1.75889	1.53417	1.37996	1.49931	1.67421	1.53417	1.37996	1.37996	1.49931	1.67421	1.67421	1.72858	1.83966	1.83966	1.83966	1.72858	1.49931	1.53417	1.67421	1.67421	1.75889	1.72858	1.60159	1.45456	1.45456	1.45456	1.45456	1.38948	1.04142	1.02863	1.30101	1.30101	1.02863	1.02863	1.02863	0.813248	0.813216	0.650589	1.02858	1.02858	1.02858	1.02858	0.650589	0.650589	1.02858	1.45446	0.650589	0.989276	1.13843	1.02863	1.30101	1.6342	1.49928	1.45456	1.65832	1.45456	1.45456	1.45456	1.45456	1.65832	1.45456	1.45456	1.45456	1.27021	1.04142	0.920069	0.920069	1.09102	1.15003	1.09102	0.920069	0.920069	0.813248	0.586459	0.460064	0.460064	0.670623	0.829332	0.586459	0.670623	0.875876	0.920069	0.813248	0.586459	0.460064	0.650589	0.650589	0.460064	0.460064	0.460064	0.650589	0.650589	0.460064	0.460064	0.650589	0.650589	0.460064	0.650589	0.650589	0.460064	0.363713	0.162654	0.363689	0.487951	0.460064	0.460064	0.650589	0.650589	0.460064	0.363713	0.162654	0.363689	0.514332	0.514332	0.487951	0.363713	0.162654	0.363689	0.514332	0.162654	0.363689	0.514332	0.162654	0.363689	0.514332	0.514332	0.487951	0.363713	0.162654	0.460027	0.460027	0	0.460027	0.460027	0.460027	0.460027	0	0	0.162654	0.514332	0.363689	0	0	0.162654	0.514332	0.363689	0	0.460027	0.460027	0	0.363689	0.487951	0.363713	0.586416	0.460027	0	0.460027	0.919995	0.460027	0.460027	0.460027	0.460027	0.919995	0.460027	0.460027	0.460027	1.37984	1.37984	0.460027	0.460027	0.919995	1.37984	0.460027	0.460027	0.460027	0.919995	1.37984	1.37984	0.919995	0.813185	1.31109	0.650589	0.650589	0.650589	0.650589	1.02858	0.650589	0.650589	1.02858	1.02858	0.650589	0.650589	0.650589	0.650589	1.02858	0.650589	0.650589	1.09095	1.39887	0.875827	0.650589	0.650589	0.989276	1.49923	1.02863	0.989301	1.18395	0.650589	0.989276	1.49923	1.02863	1.09102	1.23858	1.04142	1.09102	1.23858	1.04142	0.920069	0.920069	1.09102	1.23858	1.184	1.02863	0.920069	1.02863	1.02863	0.813248	0.586459	0.363713	0.586416	0.919995	0.460027	0.586416	1.67409	1.31112	1.30101	1.30101	1.34106	2.43834	2.92975	2.476	2.62098	3.39242	3.34556	3.48813	3.70759	3.92805	4.6193
0.919906	0.459983	0.459983	0.459983	0	0.459983	0.459983	0	0.459983	0.459983	0	0	0.459983	0.459983	0	0	0	0.459983	0.459983	0	0	0	0	0	0	0.459983	0.459983	0.459983	0.459983	0	0.459983	0.459983	0.459983	0.459983	0.459983	0.459983	0	0.459983	0.919906	0.919906	0.459983	0.459983	0.459983	0	0.459983	0.459983	0.919906	0.919906	0.919906	0.919906	0.459983	0.459983	0.919906	1.37971	0.459983	0.919906	0.919906	0.459983	0.919906	1.37971	0.919906	0.459983	0.919906	0.459983	0.459983	0.459983	0.459983	0.919906	0.459983	0.459983	0.459983	0	0	0	0	0.459983	0	0.459983	0	0	0	0	0	0	0.459983	0.459983	0	0.459983	0.459983	0	0	0	0	0.459983	0.459983	0	0	0	0.459983	0.459983	0	0	0.459983	0.459983	0	0.459983	0.459983	0	0	0	0.459983	0.459983	0	0	0.459983	0.459983	0	0	0	0.459983	0.459983	0.459983	0.459983	0	0	0.459983	0.459983	0	0.459983	0.459983	0	0.459983	0.459983	0.459983	0.459983	0	0	0.459983	0.459983	0	0.459983	0.459983	0.459983	0.459983	0	0	0	0.459983	0.459983	0	0	0	0.459983	0.459983	0	0.459983	0.459983	0	0.459983	0.459983	0	0.459983	0.459983	0	0.459983	0.919906	0.459983	0.459983	0.459983	0.459983	0.919906	0.459983	0.459983	0.459983	1.37971	1.37971	0.459983	0.459983	0.919906	1.37971	0.459983	0.459983	0.459983	0.919906	1.37971	1.37971	0.919906	0.919906	1.37971	0.459983	0.459983	0.459983	0.459983	0.919906	0.459983	0.459983	0.919906	0.919906	0.459983	0.459983	0.459983	0.459983	0.919906	0.459983	0.459983	0.919906	1.37971	0.919906	0.459983	0.459983	0.919906	1.37971	0.459983	0.459983	0.919906	0.459983	0.919906	1.37971	0.459983	0.459983	0.459983	0	0.459983	0.459983	0	0	0	0.459983	0.459983	0.459983	0.459983	0	0.459983	0.459983	0	0	0	0.459983	0.919906	0.459983	0.459983	1.37971	0.919906	0.919906	0.919906	0.459983	1.37971	1.83934	0.919906	0.459983	1.37971	0.919906	0.919906	0.919906	0.919906	1.83934
0.919818	0.459939	0.459939	0.459939	0	0.459939	0.459939	0	0.459939	0.459939	0	0	0.459939	0.459939	0	0	0	0.459939	0.459939	0	0	0	0	0	0	0.459939	0.459939	0.459939	0.459939	0	0.459939	0.459939	0.459939	0.459939	0.459939	0.459939	0	0.459939	0.919818	0.919818	0.459939	0.459939	0.459939	0	0.459939	0.459939	0.919818	0.919818	0.919818	0.919818	0.459939	0.459939	0.919818	1.37958	0.459939	0.919818	0.919818	0.459939	0.919818	1.37958	0.919818	0.459939	0.919818	0.459939	0.459939	0.459939	0.459939	0.919818	0.459939	0.459939	0.459939	0	0	0	0	0.459939	0	0.459939	0	0	0	0	0	0	0.459939	0.459939	0	0.459939	0.459939	0	0	0	0	0.459939	0.459939	0	0	0	0.459939	0.459939	0	0	0.459939	0.459939	0	0.459939	0.459939	0	0	0	0.459939	0.459939	0	0	0.459939	0.459939	0	0	0	0.459939	0.459939	0.459939	0.459939	0	0	0.459939	0.459939	0	0.459939	0.459939	0	0.459939	0.459939	0.459939	0.459939	0	0	0.459939	0.459939	0	0.459939	0.459939	0.459939	0.459939	0	0	0	0.459939	0.459939	0	0	0	0.459939	0.459939	0	0.459939	0.459939	0	0.459939	0.459939	0	0.459939	0.459939	0	0.459939	0.919818	0.459939	0.459939	0.459939	0.459939	0.919818	0.459939	0.459939	0.459939	1.37958	1.37958	0.459939	0.459939	0.919818	1.37958	0.459939	0.459939	0.459939	0.919818	1.37958	1.37958	0.919818	0.919818	1.37958	0.459939	0.459939	0.459939	0.459939	0.919818	0.459939	0.459939	0.919818	0.919818	0.459939	0.459939	0.459939	0.459939	0.919818	0.459939	0.459939	0.919818	1.37958	0.919818	0.459939	0.459939	0.919818	1.37958	0.459939	0.459939	0.919818	0.459939	0.919818	1.37958	0.459939	0.459939	0.459939	0	0.459939	0.459939	0	0	0	0.459939	0.459939	0.459939	0.459939	0	0.459939	0.459939	0	0	0	0.459939	0.919818	0.459939	0.459939	1.37958	0.919818	0.919818	0.919818	0.459939	1.37958	1.83916	0.919818	0.459939	1.37958	0.919818	0.919818	0.919818	0.919818	1.83916
0.919744	0.459902	0.459902	0.459902	0	0.459902	0.459902	0	0.459902	0.459902	0	0	0.459902	0.459902	0	0	0	0.459902	0.459902	0	0	0	0	0	0	0.459902	0.459902	0.459902	0.459902	0	0.459902	0.459902	0.459902	0.459902	0.459902	0.459902	0	0.459902	0.919744	0.919744	0.459902	0.459902	0.459902	0	0.459902	0.459902	0.919744	0.919744	0.919744	0.919744	0.459902	0.459902	0.919744	1.37947	0.459902	0.919744	0.919744	0.459902	0.919744	1.37947	0.919744	0.459902	0.919744	0.459902	0.459902	0.459902	0.459902	0.919744	0.459902	0.459902	0.459902	0	0	0	0	0.459902	0	0.459902	0	0	0	0	0	0	0.459902	0.459902	0	0.459902	0.459902	0	0	0	0	0.459902	0.459902	0	0	0	0.459902	0.459902	0	0	0.459902	0.459902	0	0.459902	0.459902	0	0	0	0.459902	0.459902	0	0	0.459902	0.459902	0	0	0	0.459902	0.459902	0.459902	0.459902	0	0	0.459902	0.459902	0	0.459902	0.459902	0	0.459902	0.459902	0.459902	0.459902	0	0	0.459902	0.459902	0	0.459902	0.459902	0.459902	0.459902	0	0	0	0.459902	0.459902	0	0	0	0.459902	0.459902	0	0.459902	0.459902	0	0.459902	0.459902	0	0.459902	0.459902	0	0.459902	0.919744	0.459902	0.459902	0.459902	0.459902	0.919744	0.459902	0.459902	0.459902	1.37947	1.37947	0.459902	0.459902	0.919744	1.37947	0.459902	0.459902	0.459902	0.919744	1.37947	1.37947	0.919744	0.919744	1.37947	0.459902	0.459902	0.459902	0.459902	0.919744	0.459902	0.459902	0.919744	0.919744	0.459902	0.459902	0.459902	0.459902	0.919744	0.459902	0.459902	0.919744	1.37947	0.919744	0.459902	0.459902	0.919744	1.37947	0.459902	0.459902	0.919744	0.459902	0.919744	1.37947	0.459902	0.459902	0.459902	0	0.459902	0.459902	0	0	0	0.459902	0.459902	0.459902	0.459902	0	0.459902	0.459902	0	0	0	0.459902	0.919744	0.459902	0.459902	1.37947	0.919744	0.919744	0.919744	0.459902	1.37947	1.83901	0.919744	0.459902	1.37947	0.919744	0.919744	0.919744	0.919744	1.83901
2.41573	2.34371	2.21047	2.11905	2.18647	2.21047	1.98397	1.83896	1.98397	2.11905	1.95718	1.83896	1.8955	1.8955	1.83896	1.83896	1.72792	1.67357	1.75821	1.83896	1.83896	1.83896	1.83896	1.83896	1.83896	1.75821	1.67357	1.67357	1.53358	1.37942	1.454	1.454	1.31067	1.0906	1.02824	1.18355	1.26972	1.31067	1.31065	1.138	0.670367	0.650343	0.650343	0.586234	0.988926	1.02824	1.138	0.988905	1.18351	1.31063	1.02824	1.02824	1.30052	1.65765	1.02824	1.30052	1.30052	1.02824	1.46302	1.7953	1.31065	1.02824	1.46302	1.38895	1.454	1.454	1.454	1.65769	1.454	1.31067	1.0906	1.04102	1.26972	1.37942	1.37942	1.31067	1.14959	1.31067	1.26972	1.04102	0.919715	0.919715	0.919715	0.919715	1.02824	1.02824	0.919715	0.87554	0.670367	0.459887	0.459887	0.459887	0.459887	0.487767	0.51414	0.363573	0.459887	0.459887	0.487767	0.363554	0	0.162592	0.51414	0.51414	0.363573	0.487767	0.363554	0.162592	0.363573	0.459887	0.650343	0.650343	0.586234	0.812935	0.87554	0.670367	0.586234	0.812935	0.919715	0.87554	0.829016	0.829016	0.670367	0.586234	0.812935	0.87554	0.670367	0.459887	0.650343	0.650343	0.459887	0.487767	0.51414	0.51414	0.363554	0.162592	0.363573	0.487767	0.51414	0.363573	0.487767	0.363554	0.459857	0.459857	0	0	0.162592	0.51414	0.363554	0	0	0.162592	0.51414	0.51414	0.363573	0.487767	0.51414	0.363573	0.487767	0.363554	0.162592	0.51414	0.363554	0.162592	0.670347	0.875502	0.363554	0.459857	0.459857	0.459857	0.919655	0.459857	0.586199	0.670347	1.3106	1.26964	0.586199	0.670347	0.875502	1.39836	0.670347	0.650343	0.650343	0.875502	1.39836	1.39836	0.812885	0.812885	1.39836	0.586199	0.459857	0.459857	0.459857	0.919655	0.459857	0.459857	0.919655	0.919655	0.459857	0.586199	0.670347	0.650343	1.0282	0.650343	0.650343	1.0282	1.45393	1.0282	0.650343	0.650343	0.875502	1.39836	0.670347	0.81291	1.31063	1.02824	1.138	1.38889	0.650343	0.650343	0.81291	0.812935	1.02824	1.02824	0.919715	1.04102	1.26972	1.31067	1.0906	1.02824	1.02824	0.919715	0.87554	0.670367	0.459887	0.459887	0.459887	0.650343	0.875502	0.363554	0.459857	1.26964	0.875502	0.988905	1.138	1.0906	1.79532	2.44284	2.32675	2.34371	2.72355	2.76201	2.98219	3.20358	3.42591	3.90302
2.52229	2.34348	2.18626	2.11884	2.21026	2.18626	1.95699	1.83878	1.95699	2.11884	1.98377	1.83878	1.89532	1.89532	1.83878	1.83878	1.75804	1.6734	1.72775	1.83878	1.83878	1.83878	1.83878	1.83878	1.83878	1.72775	1.6734	1.6734	1.49859	1.37929	1.45386	1.45386	1.2696	1.04092	1.02814	1.31052	1.31055	1.2696	1.18343	0.988831	0.586177	0.650281	0.650281	0.670302	1.13789	1.02814	0.988831	0.812831	1.38876	1.49853	1.02814	1.02814	1.30039	1.65749	1.02814	1.30039	1.30039	1.02814	1.63343	1.79513	1.18343	1.02814	1.63343	1.49857	1.45386	1.45386	1.45386	1.65753	1.45386	1.2696	1.04092	1.0905	1.31055	1.37929	1.37929	1.2696	1.14948	1.2696	1.31055	1.0905	0.919626	0.919626	0.919626	0.919626	1.02814	1.02814	0.919626	0.812856	0.586177	0.459843	0.459843	0.459843	0.459843	0.363538	0.51409	0.48772	0.459843	0.459843	0.363538	0.162577	0	0.363519	0.51409	0.51409	0.48772	0.363538	0.162577	0.363519	0.48772	0.459843	0.650281	0.650281	0.670302	0.875456	0.812856	0.586177	0.670302	0.875456	0.919626	0.812856	0.828937	0.828937	0.586177	0.670302	0.875456	0.812856	0.586177	0.459843	0.650281	0.650281	0.459843	0.363538	0.51409	0.51409	0.162577	0.363519	0.48772	0.363538	0.51409	0.48772	0.363538	0.162577	0.459813	0.459813	0	0	0.363519	0.51409	0.162577	0	0	0.363519	0.51409	0.51409	0.48772	0.363538	0.51409	0.48772	0.363538	0.162577	0.363519	0.51409	0.162577	0.363519	0.875417	0.670282	0.162577	0.459813	0.459813	0.459813	0.919567	0.459813	0.812806	0.875417	1.09044	1.04085	0.812806	0.875417	0.670282	1.39822	0.875417	0.650281	0.650281	0.670282	1.39822	1.39822	0.586143	0.586143	1.39822	0.812806	0.459813	0.459813	0.459813	0.919567	0.459813	0.459813	0.919567	0.919567	0.459813	0.812806	0.875417	0.650281	1.0281	0.650281	0.650281	1.0281	1.45379	1.0281	0.650281	0.650281	0.670282	1.39822	0.875417	0.98881	1.49853	1.02814	0.988831	1.18339	0.650281	0.650281	0.98881	0.875456	1.02814	1.02814	0.919626	1.0905	1.31055	1.2696	1.04092	1.02814	1.02814	0.919626	0.812856	0.586177	0.459843	0.459843	0.459843	0.650281	0.670282	0.162577	0.459813	1.04085	0.670282	0.812831	0.988831	1.04092	1.542	2.16805	2.25749	2.34348	2.62474	2.70389	2.92844	3.15358	3.37919	3.90264
1.37907	0.459769	0	0.459769	0.459769	0	0	0	0	0.459769	0.459769	0	0.459769	0.459769	0	0	0.459769	0.459769	0	0	0	0	0	0	0	0	0.459769	0.459769	0	0	0.459769	0.459769	0	0	0.459769	0.919478	0.459769	0	0.459769	0.459769	0	0.459769	0.459769	0.459769	0.919478	0.459769	0.459769	0.459769	1.37907	1.37907	0.459769	0.459769	0.919478	1.37907	0.459769	0.919478	0.919478	0.459769	1.37907	1.37907	0.459769	0.459769	1.37907	0.919478	0.459769	0.459769	0.459769	0.919478	0.459769	0	0	0.459769	0.459769	0	0	0	0	0	0.459769	0.459769	0	0	0	0	0.459769	0.459769	0	0	0	0	0	0	0	0	0.459769	0.459769	0	0	0	0	0	0.459769	0.459769	0.459769	0.459769	0	0	0.459769	0.459769	0	0.459769	0.459769	0.459769	0.459769	0	0	0.459769	0.459769	0	0	0.459769	0.459769	0	0.459769	0.459769	0	0	0	0.459769	0.459769	0	0	0.459769	0.459769	0	0.459769	0.459769	0	0.459769	0.459769	0	0	0.459769	0.459769	0	0	0.459769	0.459769	0	0	0	0.459769	0.459769	0.459769	0.459769	0	0.459769	0.459769	0	0	0.459769	0.459769	0	0.459769	0.919478	0.459769	0	0.459769	0.459769	0.459769	0.919478	0.459769	0.919478	0.919478	0.919478	0.919478	0.919478	0.919478	0.459769	1.37907	0.919478	0.459769	0.459769	0.459769	1.37907	1.37907	0.459769	0.459769	1.37907	0.919478	0.459769	0.459769	0.459769	0.919478	0.459769	0.459769	0.919478	0.919478	0.459769	0.919478	0.919478	0.459769	0.919478	0.459769	0.459769	0.919478	1.37907	0.919478	0.459769	0.459769	0.459769	1.37907	0.919478	0.919478	1.37907	0.459769	0.459769	0.919478	0.459769	0.459769	0.919478	0.459769	0.459769	0.459769	0	0.459769	0.459769	0	0	0.459769	0.459769	0	0	0	0	0	0	0.459769	0.459769	0	0.459769	0.919478	0.459769	0.459769	0.459769	0	0.459769	0.919478	0.459769	0.459769	0.919478	0.459769	0.459769	0.459769	0.459769	1.83848
1.37894	0.459725	0	0.459725	0.459725	0	0	0	0	0.459725	0.459725	0	0.459725	0.459725	0	0	0.459725	0.459725	0	0	0	0	0	0	0	0	0.459725	0.459725	0	0	0.459725	0.459725	0	0	0.459725	0.91939	0.459725	0	0.459725	0.459725	0	0.459725	0.459725	0.459725	0.91939	0.459725	0.459725	0.459725	1.37894	1.37894	0.459725	0.459725	0.91939	1.37894	0.459725	0.91939	0.91939	0.459725	1.37894	1.37894	0.459725	0.459725	1.37894	0.91939	0.459725	0.459725	0.459725	0.91939	0.459725	0	0	0.459725	0.459725	0	0	0	0	0	0.459725	0.459725	0	0	0	0	0.459725	0.459725	0	0	0	0	0	0	0	0	0.459725	0.459725	0	0	0	0	0	0.459725	0.459725	0.459725	0.459725	0	0	0.459725	0.459725	0	0.459725	0.459725	0.459725	0.459725	0	0	0.459725	0.459725	0	0	0.459725	0.459725	0	0.459725	0.459725	0	0	0	0.459725	0.459725	0	0	0.459725	0.459725	0	0.459725	0.459725	0	0.459725	0.459725	0	0	0.459725	0.459725	0	0	0.459725	0.459725	0	0	0	0.459725	0.459725	0.459725	0.459725	0	0.459725	0.459725	0	0	0.459725	0.459725	0	0.459725	0.91939	0.459725	0	0.459725	0.459725	0.459725	0.91939	0.459725	0.91939	0.91939	0.91939	0.91939	0.91939	0.91939	0.459725	1.37894	0.91939	0.459725	0.459725	0.459725	1.37894	1.37894	0.459725	0.459725	1.37894	0.91939	0.459725	0.459725	0.459725	0.91939	0.459725	0.459725	0.91939	0.91939	0.459725	0.91939	0.91939	0.459725	0.91939	0.459725	0.459725	0.91939	1.37894	0.91939	0.459725	0.459725	0.459725	1.37894	0.91939	0.91939	1.37894	0.459725	0.459725	0.91939	0.459725	0.459725	0.91939	0.459725	0.459725	0.459725	0	0.459725	0.459725	0	0	0.459725	0.459725	0	0	0	0	0	0	0.459725	0.459725	0	0.459725	0.91939	0.459725	0.459725	0.459725	0	0.459725	0.91939	0.459725	0.459725	0.91939	0.459725	0.459725	0.459725	0.459725	1.83831
1.3788	0.45968	0	0.45968	0.45968	0	0	0	0	0.45968	0.45968	0	0.45968	0.45968	0	0	0.45968	0.45968	0	0	0	0	0	0	0	0	0.45968	0.45968	0	0	0.45968	0.45968	0	0	0.45968	0.919301	0.45968	0	0.45968	0.45968	0	0.45968	0.45968	0.45968	0.919301	0.45968	0.45968	0.45968	1.3788	1.3788	0.45968	0.45968	0.919301	1.3788	0.45968	0.919301	0.919301	0.45968	1.3788	1.3788	0.45968	0.45968	1.3788	0.919301	0.45968	0.45968	0.45968	0.919301	0.45968	0	0	0.45968	0.45968	0	0	0	0	0	0.45968	0.45968	0	0	0	0	0.45968	0.45968	0	0	0	0	0	0	0	0	0.45968	0.45968	0	0	0	0	0	0.45968	0.45968	0.45968	0.45968	0	0	0.45968	0.45968	0	0.45968	0.45968	0.45968	0.45968	0	0	0.45968	0.45968	0	0	0.45968	0.45968	0	0.45968	0.45968	0	0	0	0.45968	0.45968	0	0	0.45968	0.45968	0	0.45968	0.45968	0	0.45968	0.45968	0	0	0.45968	0.45968	0	0	0.45968	0.45968	0	0	0	0.45968	0.45968	0.45968	0.45968	0	0.45968	0.45968	0	0	0.45968	0.45968	0	0.45968	0.919301	0.45968	0	0.45968	0.45968	0.45968	0.919301	0.45968	0.919301	0.919301	0.919301	0.919301	0.919301	0.919301	0.45968	1.3788	0.919301	0.45968	0.45968	0.45968	1.3788	1.3788	0.45968	0.45968	1.3788	0.919301	0.45968	0.45968	0.45968	0.919301	0.45968	0.45968	0.919301	0.919301	0.45968	0.919301	0.919301	0.45968	0.919301	0.45968	0.45968	0.919301	1.3788	0.919301	0.45968	0.45968	0.45968	1.3788	0.919301	0.919301	1.3788	0.45968	0.45968	0.919301	0.45968	0.45968	0.919301	0.45968	0.45968	0.45968	0	0.45968	0.45968	0	0	0.45968	0.45968	0	0	0	0	0	0	0.45968	0.45968	0	0.45968	0.919301	0.45968	0.45968	0.45968	0	0.45968	0.919301	0.45968	0.45968	0.919301	0.45968	0.45968	0.45968	0.45968	1.83813
2.48447	2.25662	2.4146	2.56794	2.43632	2.29715	2.29715	2.29715	2.29715	2.43632	2.6636	2.64375	2.4792	2.34258	2.29715	2.29715	2.34258	2.34258	2.29715	2.29715	2.29715	2.29715	2.29715	2.18542	1.95624	1.83807	1.75736	1.53284	1.37876	1.37876	1.31004	1.09008	1.04052	1.26911	1.31004	1.31002	1.02774	0.919272	1.02774	1.02774	0.919272	1.18298	1.38828	1.4533	1.81638	1.81641	1.89459	1.89459	2.29709	2.29709	1.89459	1.89459	2.05482	2.29709	1.89459	1.90153	1.69624	1.4533	1.94942	1.94942	1.4533	1.4533	1.78708	1.31002	1.02774	1.02774	1.02774	1.29989	1.02774	0.919272	1.04052	1.23751	1.09008	0.919272	0.919272	0.919272	0.919272	0.919272	1.02774	1.02774	0.919272	0.919272	0.919272	0.919272	0.875119	0.670044	0.459666	0.459666	0.459666	0.585952	0.812543	0.919272	0.919272	0.919272	0.875119	0.670044	0.459666	0.459666	0.585952	0.812543	0.919272	1.02774	1.02774	1.02774	1.02774	0.919272	0.919272	0.875119	0.828617	0.812543	0.875119	0.828617	0.828617	0.670044	0.585952	0.812543	0.875119	0.670044	0.459666	0.585952	0.828617	0.828617	0.812543	0.875119	0.670044	0.459666	0.585952	0.812543	0.875119	0.670044	0.459666	0.585952	0.828617	0.670044	0.459666	0.65003	0.65003	0.459666	0.65003	0.65003	0.459666	0.459666	0.65003	0.65003	0.459666	0.459666	0.487532	0.363379	0	0.162514	0.363398	0.487532	0.513893	0.513893	0.363379	0.162514	0.513893	0.363379	0.162514	0.363398	0.487532	0.513893	0.363398	0.65003	1.0277	0.812518	0.812543	1.02774	1.02774	0.875119	0.988429	0.65003	1.0277	1.0277	1.0277	1.0277	1.0277	1.0277	0.65003	1.45323	1.0277	0.65003	0.65003	0.65003	1.30997	1.26903	0.459636	0.585917	1.39768	0.812493	0.459636	0.459636	0.459636	0.919213	0.459636	0.459636	0.919213	0.919213	0.459636	0.812493	0.87508	0.65003	1.0277	0.65003	0.670024	1.04045	1.37867	0.919213	0.459636	0.459636	0.585917	1.53275	1.0277	1.0277	1.45323	0.65003	0.812518	1.31	1.02774	1.02774	1.29989	1.02774	1.02774	1.02774	0.919272	1.02774	1.02774	0.919272	0.919272	0.875119	0.670044	0.585952	0.812543	0.919272	0.919272	0.919272	0.919272	0.875119	0.670044	0.459666	0.65003	0.87508	0.363379	0.363379	0.487532	0.363398	0.513893	0.828597	0.875119	1.02774	1.31002	1.31004	1.4533	1.4533	1.4533	2.27979
2.48423	2.32541	2.43609	2.56769	2.41437	2.29692	2.29692	2.29692	2.29692	2.41437	2.6435	2.66334	2.54191	2.34236	2.29692	2.29692	2.34236	2.34236	2.29692	2.29692	2.29692	2.29692	2.29692	2.2092	1.98282	1.83789	1.72692	1.49787	1.37863	1.37863	1.26899	1.04042	1.08997	1.30992	1.26899	1.18286	1.02764	0.919183	1.02764	1.02764	0.919183	1.30989	1.49785	1.45316	1.956	1.90134	1.89441	1.89441	2.29687	2.29687	1.89441	1.89441	2.05463	2.29687	1.89441	1.81623	1.60005	1.45316	1.94923	1.94923	1.45316	1.45316	1.63266	1.18286	1.02764	1.02764	1.02764	1.29977	1.02764	0.919183	1.08997	1.23739	1.04042	0.919183	0.919183	0.919183	0.919183	0.919183	1.02764	1.02764	0.919183	0.919183	0.919183	0.919183	0.812465	0.585895	0.459621	0.459621	0.459621	0.66998	0.875035	0.919183	0.919183	0.919183	0.812465	0.585895	0.459621	0.459621	0.66998	0.875035	0.919183	1.02764	1.02764	1.02764	1.02764	0.919183	0.919183	0.812465	0.828538	0.875035	0.812465	0.828538	0.828538	0.585895	0.66998	0.875035	0.812465	0.585895	0.459621	0.66998	0.828538	0.828538	0.875035	0.812465	0.585895	0.459621	0.66998	0.875035	0.812465	0.585895	0.459621	0.66998	0.828538	0.585895	0.459621	0.649968	0.649968	0.459621	0.649968	0.649968	0.459621	0.459621	0.649968	0.649968	0.459621	0.459621	0.363363	0.162498	0	0.363344	0.487485	0.363363	0.513843	0.513843	0.162498	0.363344	0.513843	0.162498	0.363344	0.487485	0.363363	0.513843	0.487485	0.649968	1.0276	0.988334	0.875035	1.02764	1.02764	0.812465	0.81244	0.649968	1.0276	1.0276	1.0276	1.0276	1.0276	1.0276	0.649968	1.45309	1.0276	0.649968	0.649968	0.649968	1.08992	1.04035	0.459592	0.812415	1.39755	0.58586	0.459592	0.459592	0.459592	0.919124	0.459592	0.459592	0.919124	0.919124	0.459592	0.58586	0.66996	0.649968	1.0276	0.649968	0.874996	1.26891	1.37854	0.919124	0.459592	0.459592	0.812415	1.75709	1.0276	1.0276	1.45309	0.649968	0.988334	1.4978	1.02764	1.02764	1.29977	1.02764	1.02764	1.02764	0.919183	1.02764	1.02764	0.919183	0.919183	0.812465	0.585895	0.66998	0.875035	0.919183	0.919183	0.919183	0.919183	0.812465	0.585895	0.459621	0.649968	0.66996	0.162498	0.162498	0.363363	0.487485	0.513843	0.513863	0.812465	1.02764	1.18286	1.26899	1.45316	1.45316	1.45316	2.11153
1.37841	0.919036	0.459548	0.459548	0	0	0	0	0	0	0	0.459548	0.919036	0.459548	0	0	0.459548	0.459548	0	0	0	0	0	0.459548	0.459548	0	0	0	0	0	0	0	0.459548	0.459548	0	0.459548	0.459548	0	0.459548	0.459548	0	0.919036	0.919036	0.459548	1.37841	0.919036	0.459548	0.459548	1.37841	1.37841	0.459548	0.459548	0.919036	1.37841	0.459548	0.459548	0.459548	0.459548	1.37841	1.37841	0.459548	0.459548	0.919036	0.459548	0.459548	0.459548	0.459548	0.919036	0.459548	0	0.459548	0.459548	0	0	0	0	0	0	0.459548	0.459548	0	0	0	0	0	0	0	0	0	0.459548	0.459548	0	0	0	0	0	0	0	0.459548	0.459548	0	0.459548	0.459548	0.459548	0.459548	0	0	0	0.459548	0.459548	0	0.459548	0.459548	0	0.459548	0.459548	0	0	0	0.459548	0.459548	0.459548	0.459548	0	0	0	0.459548	0.459548	0	0	0	0.459548	0.459548	0	0	0.459548	0.459548	0	0.459548	0.459548	0	0	0.459548	0.459548	0	0	0	0	0	0.459548	0.459548	0	0.459548	0.459548	0	0.459548	0.459548	0	0.459548	0.459548	0	0.459548	0.459548	0.459548	0.919036	0.919036	0.459548	0.459548	0.459548	0	0.459548	0.459548	0.919036	0.919036	0.919036	0.919036	0.919036	0.919036	0.459548	1.37841	0.919036	0.459548	0.459548	0.459548	0.919036	0.919036	0.459548	0.919036	1.37841	0.459548	0.459548	0.459548	0.459548	0.919036	0.459548	0.459548	0.919036	0.919036	0.459548	0.459548	0.459548	0.459548	0.919036	0.459548	0.919036	1.37841	1.37841	0.919036	0.459548	0.459548	0.919036	1.8376	0.919036	0.919036	1.37841	0.459548	0.919036	1.37841	0.459548	0.459548	0.919036	0.459548	0.459548	0.459548	0	0.459548	0.459548	0	0	0	0	0.459548	0.459548	0	0	0	0	0	0	0	0.459548	0.459548	0	0	0	0.459548	0.459548	0	0	0.459548	0.459548	0	0.459548	0.459548	0.459548	1.37841
1.37827	0.918948	0.459503	0.459503	0	0	0	0	0	0	0	0.459503	0.918948	0.459503	0	0	0.459503	0.459503	0	0	0	0	0	0.459503	0.459503	0	0	0	0	0	0	0	0.459503	0.459503	0	0.459503	0.459503	0	0.459503	0.459503	0	0.918948	0.918948	0.459503	1.37827	0.918948	0.459503	0.459503	1.37827	1.37827	0.459503	0.459503	0.918948	1.37827	0.459503	0.459503	0.459503	0.459503	1.37827	1.37827	0.459503	0.459503	0.918948	0.459503	0.459503	0.459503	0.459503	0.918948	0.459503	0	0.459503	0.459503	0	0	0	0	0	0	0.459503	0.459503	0	0	0	0	0	0	0	0	0	0.459503	0.459503	0	0	0	0	0	0	0	0.459503	0.459503	0	0.459503	0.459503	0.459503	0.459503	0	0	0	0.459503	0.459503	0	0.459503	0.459503	0	0.459503	0.459503	0	0	0	0.459503	0.459503	0.459503	0.459503	0	0	0	0.459503	0.459503	0	0	0	0.459503	0.459503	0	0	0.459503	0.459503	0	0.459503	0.459503	0	0	0.459503	0.459503	0	0	0	0	0	0.459503	0.459503	0	0.459503	0.459503	0	0.459503	0.459503	0	0.459503	0.459503	0	0.459503	0.459503	0.459503	0.918948	0.918948	0.459503	0.459503	0.459503	0	0.459503	0.459503	0.918948	0.918948	0.918948	0.918948	0.918948	0.918948	0.459503	1.37827	0.918948	0.459503	0.459503	0.459503	0.918948	0.918948	0.459503	0.918948	1.37827	0.459503	0.459503	0.459503	0.459503	0.918948	0.459503	0.459503	0.918948	0.918948	0.459503	0.459503	0.459503	0.459503	0.918948	0.459503	0.918948	1.37827	1.37827	0.918948	0.459503	0.459503	0.918948	1.83742	0.918948	0.918948	1.37827	0.459503	0.918948	1.37827	0.459503	0.459503	0.918948	0.459503	0.459503	0.459503	0	0.459503	0.459503	0	0	0	0	0.459503	0.459503	0	0	0	0	0	0	0	0.459503	0.459503	0	0	0	0.459503	0.459503	0	0	0.459503	0.459503	0	0.459503	0.459503	0.459503	1.37827
1.37814	0.918859	0.459459	0.459459	0	0	0	0	0	0	0	0.459459	0.918859	0.459459	0	0	0.459459	0.459459	0	0	0	0	0	0.459459	0.459459	0	0	0	0	0	0	0	0.459459	0.459459	0	0.459459	0.459459	0	0.459459	0.459459	0	0.918859	0.918859	0.459459	1.37814	0.918859	0.459459	0.459459	1.37814	1.37814	0.459459	0.459459	0.918859	1.37814	0.459459	0.459459	0.459459	0.459459	1.37814	1.37814	0.459459	0.459459	0.918859	0.459459	0.459459	0.459459	0.459459	0.918859	0.459459	0	0.459459	0.459459	0	0	0	0	0	0	0.459459	0.459459	0	0	0	0	0	0	0	0	0	0.459459	0.459459	0	0	0	0	0	0	0	0.459459	0.459459	0	0.459459	0.459459	0.459459	0.459459	0	0	0	0.459459	0.459459	0	0.459459	0.459459	0	0.459459	0.459459	0	0	0	0.459459	0.459459	0.459459	0.459459	0	0	0	0.459459	0.459459	0	0	0	0.459459	0.459459	0	0	0.459459	0.459459	0	0.459459	0.459459	0	0	0.459459	0.459459	0	0	0	0	0	0.459459	0.459459	0	0.459459	0.459459	0	0.459459	0.459459	0	0.459459	0.459459	0	0.459459	0.459459	0.459459	0.918859	0.918859	0.459459	0.459459	0.459459	0	0.459459	0.459459	0.918859	0.918859	0.918859	0.918859	0.918859	0.918859	0.459459	1.37814	0.918859	0.459459	0.459459	0.459459	0.918859	0.918859	0.459459	0.918859	1.37814	0.459459	0.459459	0.459459	0.459459	0.918859	0.459459	0.459459	0.918859	0.918859	0.459459	0.459459	0.459459	0.459459	0.918859	0.459459	0.918859	1.37814	1.37814	0.918859	0.459459	0.459459	0.918859	1.83725	0.918859	0.918859	1.37814	0.459459	0.918859	1.37814	0.459459	0.459459	0.918859	0.459459	0.459459	0.459459	0	0.459459	0.459459	0	0	0	0	0.459459	0.459459	0	0	0	0	0	0	0	0.459459	0.459459	0	0	0	0.459459	0.459459	0	0	0.459459	0.459459	0	0.459459	0.459459	0.459459	1.37814
1.37801	0.918771	0.459415	0.459415	0	0	0	0	0	0	0	0.459415	0.918771	0.459415	0	0	0.459415	0.459415	0	0	0	0	0	0.459415	0.459415	0	0	0	0	0	0	0	0.459415	0.459415	0	0.459415	0.459415	0	0.459415	0.459415	0	0.918771	0.918771	0.459415	1.37801	0.918771	0.459415	0.459415	1.37801	1.37801	0.459415	0.459415	0.918771	1.37801	0.459415	0.459415	0.459415	0.459415	1.37801	1.37801	0.459415	0.459415	0.918771	0.459415	0.459415	0.459415	0.459415	0.918771	0.459415	0	0.459415	0.459415	0	0	0	0	0	0	0.459415	0.459415	0	0	0	0	0	0	0	0	0	0.459415	0.459415	0	0	0	0	0	0	0	0.459415	0.459415	0	0.459415	0.459415	0.459415	0.459415	0	0	0	0.459415	0.459415	0	0.459415	0.459415	0	0.459415	0.459415	0	0	0	0.459415	0.459415	0.459415	0.459415	0	0	0	0.459415	0.459415	0	0	0	0.459415	0.459415	0	0	0.459415	0.459415	0	0.459415	0.459415	0	0	0.459415	0.459415	0	0	0	0	0	0.459415	0.459415	0	0.459415	0.459415	0	0.459415	0.459415	0	0.459415	0.459415	0	0.459415	0.459415	0.459415	0.918771	0.918771	0.459415	0.459415	0.459415	0	0.459415	0.459415	0.918771	0.918771	0.918771	0.918771	0.918771	0.918771	0.459415	1.37801	0.918771	0.459415	0.459415	0.459415	0.918771	0.918771	0.459415	0.918771	1.37801	0.459415	0.459415	0.459415	0.459415	0.918771	0.459415	0.459415	0.918771	0.918771	0.459415	0.459415	0.459415	0.459415	0.918771	0.459415	0.918771	1.37801	1.37801	0.918771	0.459415	0.459415	0.918771	1.83707	0.918771	0.918771	1.37801	0.459415	0.918771	1.37801	0.459415	0.459415	0.918771	0.459415	0.459415	0.459415	0	0.459415	0.459415	0	0	0	0	0.459415	0.459415	0	0	0	0	0	0	0	0.459415	0.459415	0	0	0	0.459415	0.459415	0	0	0.459415	0.459415	0	0.459415	0.459415	0.459415	1.37801
4.13391	3.86862	3.57248	3.34474	3.21255	3.329	3.55776	3.67031	3.55776	3.22072	2.87125	2.8895	3.20024	3.24509	3.10016	2.87125	2.79231	2.70134	2.41325	2.29586	2.18419	1.85132	1.49718	1.45248	1.45248	1.37799	1.2684	1.03994	0.918756	0.918756	0.918756	0.918756	1.02716	1.02716	1.03994	1.3875	1.45248	1.49718	1.81538	2.17814	2.53556	2.9031	2.9031	2.92567	3.28528	2.97909	2.92567	3.1506	3.49444	3.49444	3.24509	3.24509	3.3408	3.49444	3.24509	3.24509	3.24509	3.24509	3.34471	2.98348	2.43496	2.34127	2.47248	2.34127	2.34127	2.34127	2.20817	1.96185	1.53198	1.37799	1.30931	1.08946	0.918756	0.918756	0.918756	0.918756	0.918756	0.918756	1.08946	1.30931	1.2684	1.03994	0.918756	0.918756	0.918756	0.918756	0.918756	1.03994	1.2684	1.30931	1.08946	0.918756	0.918756	0.918756	0.918756	0.918756	1.03994	1.2684	1.30931	1.23681	1.2684	1.30931	1.23681	1.23681	1.08946	0.918756	0.918756	0.918756	1.02716	1.02716	0.918756	0.874626	0.828148	0.812087	0.874626	0.669665	0.585622	0.812087	0.918756	0.874626	0.828148	0.828148	0.669665	0.459408	0.459408	0.459408	0.487254	0.36317	0.162422	0.363194	0.459408	0.64966	0.64966	0.459408	0.459408	0.64966	0.64966	0.459408	0.64966	0.64966	0.459408	0.459408	0.64966	0.64966	0.459408	0.459408	0.459408	0.585622	0.812087	0.874626	0.669665	0.585622	0.828148	0.669665	0.459408	0.64966	0.64966	0.459408	0.64966	0.64966	0.585622	0.828148	0.669665	0.64966	1.02711	1.02711	0.64966	0.64966	0.64966	0.585622	0.98789	1.02716	1.13681	0.987864	1.18226	1.30925	1.13681	0.987864	0.64966	1.30922	0.812025	0.585579	0.66964	0.64966	1.02711	1.02711	0.64966	0.874577	1.2683	0.459371	0.459371	0.459371	0.459371	0.812025	0.487254	0.64966	1.02711	1.08939	0.585579	0.459371	0.459371	0.459371	0.918682	0.459371	0.918682	1.49706	1.39688	0.812025	0.585579	0.66964	1.02711	1.75625	0.812025	0.918682	1.37788	0.459371	0.918682	1.37788	0.459371	0.585579	0.946955	0.36317	0.459371	0.585579	0.363194	0.64966	0.64966	0.459408	0.459408	0.459408	0.459408	0.487254	0.36317	0	0	0	0	0	0.162422	0.363194	0.487254	0.36317	0	0.162422	0.363194	0.487254	0.36317	0	0	0.36317	0.487254	0.459408	0.64966	0.64966	0.669665	1.47046
4.13351	3.82737	3.55742	3.32868	3.21224	3.34442	3.57214	3.66996	3.57214	3.285	2.88923	2.87097	3.1503	3.24478	3.11677	2.88923	2.79204	2.75887	2.43472	2.29564	2.20796	1.96166	1.53183	1.45234	1.45234	1.37785	1.30918	1.08936	0.918668	0.918668	0.918668	0.918668	1.02706	1.02706	1.08936	1.497	1.45234	1.53183	1.90027	2.36338	2.61699	2.90282	2.90282	2.9788	3.28496	2.92539	2.9788	3.19994	3.4941	3.4941	3.24478	3.24478	3.34048	3.4941	3.24478	3.24478	3.24478	3.24478	3.26493	2.83873	2.41301	2.34104	2.47224	2.34104	2.34104	2.34104	2.18398	1.85115	1.49703	1.37785	1.26828	1.03984	0.918668	0.918668	0.918668	0.918668	0.918668	0.918668	1.03984	1.26828	1.30918	1.08936	0.918668	0.918668	0.918668	0.918668	0.918668	1.08936	1.30918	1.26828	1.03984	0.918668	0.918668	0.918668	0.918668	0.918668	1.08936	1.30918	1.26828	1.23669	1.30918	1.26828	1.23669	1.23669	1.03984	0.918668	0.918668	0.918668	1.02706	1.02706	0.918668	0.812009	0.828069	0.874542	0.812009	0.585566	0.669601	0.874542	0.918668	0.812009	0.828069	0.828069	0.585566	0.459363	0.459363	0.459363	0.363159	0.162406	0.363135	0.487208	0.459363	0.649598	0.649598	0.459363	0.459363	0.649598	0.649598	0.459363	0.649598	0.649598	0.459363	0.459363	0.649598	0.649598	0.459363	0.459363	0.459363	0.669601	0.874542	0.812009	0.585566	0.669601	0.828069	0.585566	0.459363	0.649598	0.649598	0.459363	0.649598	0.649598	0.669601	0.828069	0.585566	0.649598	1.02701	1.02701	0.649598	0.649598	0.649598	0.669601	1.1367	1.02706	0.987795	0.811978	1.38729	1.49695	0.987795	0.811978	0.649598	1.08929	0.585523	0.811947	0.874493	0.649598	1.02701	1.02701	0.649598	0.669576	1.03975	0.459327	0.459327	0.459327	0.459327	0.585523	0.363159	0.649598	1.02701	1.30909	0.811947	0.459327	0.459327	0.459327	0.918594	0.459327	0.918594	1.72581	1.39674	0.585523	0.811947	0.874493	1.02701	1.53172	0.585523	0.918594	1.37774	0.459327	0.918594	1.37774	0.459327	0.811947	0.946864	0.162406	0.459327	0.811947	0.487208	0.649598	0.649598	0.459363	0.459363	0.459363	0.459363	0.363159	0.162406	0	0	0	0	0	0.363135	0.487208	0.363159	0.162406	0	0.363135	0.487208	0.363159	0.162406	0	0	0.162406	0.363159	0.459363	0.649598	0.649598	0.585566	1.14825
1.37761	0.459282	0	0	0	0.459282	0.459282	0	0.459282	0.918506	0.459282	0	0.459282	0.459282	0.459282	0.459282	0.459282	0.918506	0.459282	0	0.459282	0.918506	0.459282	0.459282	0.459282	0	0.459282	0.459282	0	0	0	0	0.459282	0.459282	0.459282	0.918506	0.459282	0.459282	0.918506	1.37761	0.918506	0.918506	0.918506	0.918506	1.37761	0.459282	0.918506	0.918506	1.37761	1.37761	0.459282	0.459282	0.918506	1.37761	0.459282	0.459282	0.459282	0.459282	0.918506	0.459282	0	0.459282	0.918506	0.459282	0.459282	0.459282	0	0	0	0	0	0	0	0	0	0	0	0	0	0	0.459282	0.459282	0	0	0	0	0	0.459282	0.459282	0	0	0	0	0	0	0	0.459282	0.459282	0	0.459282	0.459282	0	0.459282	0.459282	0	0	0	0	0.459282	0.459282	0	0	0.459282	0.459282	0	0	0.459282	0.459282	0	0	0.459282	0.459282	0	0	0	0	0	0	0.459282	0.459282	0	0.459282	0.459282	0	0	0.459282	0.459282	0	0.459282	0.459282	0	0	0.459282	0.459282	0	0	0	0.459282	0.459282	0	0	0.459282	0.459282	0	0	0.459282	0.459282	0	0.459282	0.459282	0.459282	0.459282	0	0.459282	0.918506	0.918506	0.459282	0.459282	0.459282	0.459282	0.918506	0.459282	0.459282	0.459282	1.37761	1.37761	0.459282	0.459282	0.459282	0.918506	0.459282	0.918506	0.918506	0.459282	0.918506	0.918506	0.459282	0.459282	0.918506	0.459282	0.459282	0.459282	0.459282	0.459282	0	0.459282	0.918506	1.37761	0.918506	0.459282	0.459282	0.459282	0.918506	0.459282	0.918506	1.83654	1.37761	0.459282	0.918506	0.918506	0.918506	1.37761	0.459282	0.918506	1.37761	0.459282	0.918506	1.37761	0.459282	0.918506	0.918506	0	0.459282	0.918506	0.459282	0.459282	0.459282	0	0	0	0	0	0	0	0	0	0	0	0.459282	0.459282	0	0	0	0.459282	0.459282	0	0	0	0	0	0	0	0.459282	0.459282	0	0.459282
1.37748	0.459238	0	0	0	0.459238	0.459238	0	0.459238	0.918417	0.459238	0	0.459238	0.459238	0.459238	0.459238	0.459238	0.918417	0.459238	0	0.459238	0.918417	0.459238	0.459238	0.459238	0	0.459238	0.459238	0	0	0	0	0.459238	0.459238	0.459238	0.918417	0.459238	0.459238	0.918417	1.37748	0.918417	0.918417	0.918417	0.918417	1.37748	0.459238	0.918417	0.918417	1.37748	1.37748	0.459238	0.459238	0.918417	1.37748	0.459238	0.459238	0.459238	0.459238	0.918417	0.459238	0	0.459238	0.918417	0.459238	0.459238	0.459238	0	0	0	0	0	0	0	0	0	0	0	0	0	0	0.459238	0.459238	0	0	0	0	0	0.459238	0.459238	0	0	0	0	0	0	0	0.459238	0.459238	0	0.459238	0.459238	0	0.459238	0.459238	0	0	0	0	0.459238	0.459238	0	0	0.459238	0.459238	0	0	0.459238	0.459238	0	0	0.459238	0.459238	0	0	0	0	0	0	0.459238	0.459238	0	0.459238	0.459238	0	0	0.459238	0.459238	0	0.459238	0.459238	0	0	0.459238	0.459238	0	0	0	0.459238	0.459238	0	0	0.459238	0.459238	0	0	0.459238	0.459238	0	0.459238	0.459238	0.459238	0.459238	0	0.459238	0.918417	0.918417	0.459238	0.459238	0.459238	0.459238	0.918417	0.459238	0.459238	0.459238	1.37748	1.37748	0.459238	0.459238	0.459238	0.918417	0.459238	0.918417	0.918417	0.459238	0.918417	0.918417	0.459238	0.459238	0.918417	0.459238	0.459238	0.459238	0.459238	0.459238	0	0.459238	0.918417	1.37748	0.918417	0.459238	0.459238	0.459238	0.918417	0.459238	0.918417	1.83636	1.37748	0.459238	0.918417	0.918417	0.918417	1.37748	0.459238	0.918417	1.37748	0.459238	0.918417	1.37748	0.459238	0.918417	0.918417	0	0.459238	0.918417	0.459238	0.459238	0.459238	0	0	0	0	0	0	0	0	0	0	0	0.459238	0.459238	0	0	0	0.459238	0.459238	0	0	0	0	0	0	0	0.459238	0.459238	0	0.459238
4.723	4.25408	4.12602	4.12602	4.12602	4.02645	3.67604	3.32773	3.24385	3.33952	3.24385	3.09897	2.92454	2.79124	2.7003	2.47686	2.34037	2.47153	2.25449	1.95439	1.8928	2.05287	1.8928	1.8928	1.8928	1.83633	1.98114	2.20732	2.29498	2.29498	2.41232	2.64126	2.79124	2.79124	2.79124	2.90199	2.79124	2.92454	3.40949	4.00357	4.14183	4.22629	4.22629	4.22629	4.49328	4.50493	4.67295	4.67295	4.92596	5.14362	5.05928	5.05928	4.98917	4.86196	4.60536	4.60536	4.60536	4.48166	4.18272	3.92431	4.01342	4.02645	3.60036	2.99116	2.66108	2.43402	2.29498	2.18335	1.95439	1.83633	1.72545	1.4966	1.37746	1.26791	1.03954	0.918403	0.918403	0.918403	0.918403	0.918403	1.02677	1.02677	1.03954	1.26791	1.37746	1.37746	1.37746	1.3088	1.08904	0.918403	0.918403	1.03954	1.26791	1.37746	1.37746	1.37746	1.45192	1.45192	1.37746	1.3088	1.08904	1.03954	1.23634	1.08904	0.918403	0.918403	0.918403	1.03954	1.23634	1.08904	0.918403	1.03954	1.23634	1.08904	0.918403	0.918403	0.874289	0.669408	0.459231	0.585397	0.82783	0.669408	0.459231	0.459231	0.459231	0.459231	0.585397	0.811775	0.874289	0.82783	0.811775	0.874289	0.669408	0.585397	0.811775	0.874289	0.669408	0.585397	0.82783	0.669408	0.459231	0.459231	0.64941	0.64941	0.585397	0.811775	0.918403	0.874289	0.669408	0.585397	0.811775	0.874289	0.82783	0.811775	0.918403	0.874289	0.82783	0.811775	1.02677	1.02677	0.874289	0.82783	0.811775	1.02677	1.29865	1.29865	1.02677	1.02677	1.02677	1.02677	1.29865	1.02677	1.02677	1.02677	1.49652	1.38689	0.64941	0.64941	0.811744	1.30874	1.02677	1.13637	0.987484	0.64941	0.874241	0.811712	0.459194	0.459194	0.918329	0.459194	0.459194	0.459194	0.459194	0.585354	0.363054	0.64941	1.02672	1.30871	0.811712	0.459194	0.459194	0.459194	0.918329	0.459194	0.918329	1.72532	1.39634	0.585354	0.811712	0.874241	1.02672	1.53128	0.585354	0.811712	1.39634	0.585354	0.811712	1.39634	0.585354	0.811712	0.946591	0.162359	0.363031	0.874241	0.64941	0.669408	0.874289	0.918403	0.918403	0.918403	0.918403	0.918403	0.918403	0.918403	0.918403	0.918403	0.918403	0.918403	1.02677	1.02677	0.811775	0.585397	0.459231	0.64941	0.64941	0.459231	0.363054	0.162359	0	0	0.162359	0.363054	0.487067	0.363031	0	0.459194
4.6332	4.24135	4.12562	4.12562	4.12562	4.01303	3.67569	3.34314	3.24353	3.33919	3.24353	3.11557	2.97766	2.79097	2.75781	2.5395	2.34014	2.47129	2.32321	1.98095	1.89262	2.05268	1.89262	1.89262	1.89262	1.83616	1.9542	2.18314	2.29475	2.29475	2.43379	2.66083	2.79097	2.79097	2.79097	2.90171	2.79097	2.97766	3.58902	4.2072	4.20414	4.22589	4.22589	4.22589	4.57356	4.53918	4.6725	4.6725	4.9991	5.21361	5.0588	5.0588	4.95721	4.8075	4.60492	4.60492	4.60492	4.46955	4.13196	3.92394	4.02606	4.01303	3.55605	2.99087	2.641	2.41209	2.29475	2.20711	1.98095	1.83616	1.75553	1.53124	1.37732	1.30868	1.08894	0.918314	0.918314	0.918314	0.918314	0.918314	1.02667	1.02667	1.08894	1.30868	1.37732	1.37732	1.37732	1.26779	1.03944	0.918314	0.918314	1.08894	1.30868	1.37732	1.37732	1.37732	1.45178	1.45178	1.37732	1.26779	1.03944	1.08894	1.23622	1.03944	0.918314	0.918314	0.918314	1.08894	1.23622	1.03944	0.918314	1.08894	1.23622	1.03944	0.918314	0.918314	0.811697	0.585341	0.459187	0.669343	0.82775	0.585341	0.459187	0.459187	0.459187	0.459187	0.669343	0.874205	0.811697	0.82775	0.874205	0.811697	0.585341	0.669343	0.874205	0.811697	0.585341	0.669343	0.82775	0.585341	0.459187	0.459187	0.649348	0.649348	0.669343	0.874205	0.918314	0.811697	0.585341	0.669343	0.874205	0.811697	0.82775	0.874205	0.918314	0.811697	0.82775	0.874205	1.02667	1.02667	0.811697	0.82775	0.874205	1.02667	1.29853	1.29853	1.02667	1.02667	1.02667	1.02667	1.29853	1.02667	1.02667	1.02667	1.30862	1.18169	0.649348	0.649348	0.987389	1.49637	1.02667	0.987415	0.811666	0.649348	0.669318	0.585297	0.45915	0.45915	0.918241	0.45915	0.45915	0.45915	0.45915	0.811634	0.48702	0.649348	1.02662	1.08887	0.585297	0.45915	0.45915	0.45915	0.918241	0.45915	0.918241	1.49634	1.39621	0.811634	0.585297	0.669318	1.02662	1.7554	0.811634	0.585297	1.39621	0.811634	0.585297	1.39621	0.811634	0.585297	0.9465	0.362996	0.162344	0.669318	0.649348	0.585341	0.811697	0.918314	0.918314	0.918314	0.918314	0.918314	0.918314	0.918314	0.918314	0.918314	0.918314	0.918314	1.02667	1.02667	0.874205	0.669343	0.459187	0.649348	0.649348	0.459187	0.48702	0.362996	0	0	0.362996	0.48702	0.363019	0.162344	0	0.45915
0.459106	0	0	0	0	0	0.459106	0.459106	0.459106	0.918152	0.459106	0.459106	0.918152	0.459106	0.918152	0.918152	0.459106	0.918152	0.918152	0.459106	0.459106	0.918152	0.459106	0.459106	0.459106	0	0	0	0	0	0.459106	0.459106	0.459106	0.459106	0.459106	0.918152	0.459106	0.918152	1.83583	2.29435	1.37708	0.918152	0.918152	0.918152	1.83583	0.918152	0.918152	0.918152	1.83583	1.83583	0.459106	0.459106	0.459106	0.918152	0.459106	0.459106	0.459106	0	0	0.459106	0.459106	0	0.459106	0.459106	0	0	0	0.459106	0.459106	0	0.459106	0.459106	0	0.459106	0.459106	0	0	0	0	0	0.459106	0.459106	0.459106	0.459106	0	0	0	0	0	0	0	0.459106	0.459106	0	0	0	0.459106	0.459106	0	0	0	0.459106	0.459106	0	0	0	0	0.459106	0.459106	0	0	0.459106	0.459106	0	0	0	0	0	0	0.459106	0.459106	0	0	0	0	0	0.459106	0.459106	0	0.459106	0.459106	0	0	0.459106	0.459106	0	0	0.459106	0.459106	0	0	0	0.459106	0.459106	0.459106	0.459106	0	0	0	0.459106	0.459106	0	0.459106	0.459106	0	0	0.459106	0.459106	0.459106	0.459106	0	0.459106	0.459106	0.459106	0.918152	0.918152	0.459106	0.459106	0.459106	0.459106	0.918152	0.459106	0.459106	0.459106	0.918152	0.918152	0.459106	0.459106	0.918152	1.37708	0.459106	0.459106	0.459106	0.459106	0.459106	0.459106	0.459106	0.459106	0.918152	0.459106	0.459106	0.459106	0.459106	0.918152	0.459106	0.459106	0.918152	0.918152	0.459106	0.459106	0.459106	0.459106	0.918152	0.459106	0.918152	1.37708	1.37708	0.918152	0.459106	0.459106	0.918152	1.83583	0.918152	0.459106	1.37708	0.918152	0.459106	1.37708	0.918152	0.459106	0.918152	0.459106	0	0.459106	0.459106	0	0	0	0	0	0	0	0	0	0	0	0	0	0.459106	0.459106	0.459106	0.459106	0	0.459106	0.459106	0	0.459106	0.459106	0	0	0.459106	0.459106	0	0	0	0.459106
0.459069	0	0	0	0	0	0.459069	0.459069	0.459069	0.918079	0.459069	0.459069	0.918079	0.459069	0.918079	0.918079	0.459069	0.918079	0.918079	0.459069	0.459069	0.918079	0.459069	0.459069	0.459069	0	0	0	0	0	0.459069	0.459069	0.459069	0.459069	0.459069	0.918079	0.459069	0.918079	1.83569	2.29417	1.37697	0.918079	0.918079	0.918079	1.83569	0.918079	0.918079	0.918079	1.83569	1.83569	0.459069	0.459069	0.459069	0.918079	0.459069	0.459069	0.459069	0	0	0.459069	0.459069	0	0.459069	0.459069	0	0	0	0.459069	0.459069	0	0.459069	0.459069	0	0.459069	0.459069	0	0	0	0	0	0.459069	0.459069	0.459069	0.459069	0	0	0	0	0	0	0	0.459069	0.459069	0	0	0	0.459069	0.459069	0	0	0	0.459069	0.459069	0	0	0	0	0.459069	0.459069	0	0	0.459069	0.459069	0	0	0	0	0	0	0.459069	0.459069	0	0	0	0	0	0.459069	0.459069	0	0.459069	0.459069	0	0	0.459069	0.459069	0	0	0.459069	0.459069	0	0	0	0.459069	0.459069	0.459069	0.459069	0	0	0	0.459069	0.459069	0	0.459069	0.459069	0	0	0.459069	0.459069	0.459069	0.459069	0	0.459069	0.459069	0.459069	0.918079	0.918079	0.459069	0.459069	0.459069	0.459069	0.918079	0.459069	0.459069	0.459069	0.918079	0.918079	0.459069	0.459069	0.918079	1.37697	0.459069	0.459069	0.459069	0.459069	0.459069	0.459069	0.459069	0.459069	0.918079	0.459069	0.459069	0.459069	0.459069	0.918079	0.459069	0.459069	0.918079	0.918079	0.459069	0.459069	0.459069	0.459069	0.918079	0.459069	0.918079	1.37697	1.37697	0.918079	0.459069	0.459069	0.918079	1.83569	0.918079	0.459069	1.37697	0.918079	0.459069	1.37697	0.918079	0.459069	0.918079	0.459069	0	0.459069	0.459069	0	0	0	0	0	0	0	0	0	0	0	0	0	0.459069	0.459069	0.459069	0.459069	0	0.459069	0.459069	0	0.459069	0.459069	0	0	0.459069	0.459069	0	0	0	0.459069
0.459025	0	0	0	0	0	0.459025	0.459025	0.459025	0.917991	0.459025	0.459025	0.917991	0.459025	0.917991	0.917991	0.459025	0.917991	0.917991	0.459025	0.459025	0.917991	0.459025	0.459025	0.459025	0	0	0	0	0	0.459025	0.459025	0.459025	0.459025	0.459025	0.917991	0.459025	0.917991	1.83551	2.29395	1.37684	0.917991	0.917991	0.917991	1.83551	0.917991	0.917991	0.917991	1.83551	1.83551	0.459025	0.459025	0.459025	0.917991	0.459025	0.459025	0.459025	0	0	0.459025	0.459025	0	0.459025	0.459025	0	0	0	0.459025	0.459025	0	0.459025	0.459025	0	0.459025	0.459025	0	0	0	0	0	0.459025	0.459025	0.459025	0.459025	0	0	0	0	0	0	0	0.459025	0.459025	0	0	0	0.459025	0.459025	0	0	0	0.459025	0.459025	0	0	0	0	0.459025	0.459025	0	0	0.459025	0.459025	0	0	0	0	0	0	0.459025	0.459025	0	0	0	0	0	0.459025	0.459025	0	0.459025	0.459025	0	0	0.459025	0.459025	0	0	0.459025	0.459025	0	0	0	0.459025	0.459025	0.459025	0.459025	0	0	0	0.459025	0.459025	0	0.459025	0.459025	0	0	0.459025	0.459025	0.459025	0.459025	0	0.459025	0.459025	0.459025	0.917991	0.917991	0.459025	0.459025	0.459025	0.459025	0.917991	0.459025	0.459025	0.459025	0.917991	0.917991	0.459025	0.459025	0.917991	1.37684	0.459025	0.459025	0.459025	0.459025	0.459025	0.459025	0.459025	0.459025	0.917991	0.459025	0.459025	0.459025	0.459025	0.917991	0.459025	0.459025	0.917991	0.917991	0.459025	0.459025	0.459025	0.459025	0.917991	0.459025	0.917991	1.37684	1.37684	0.917991	0.459025	0.459025	0.917991	1.83551	0.917991	0.459025	1.37684	0.917991	0.459025	1.37684	0.917991	0.459025	0.917991	0.459025	0	0.459025	0.459025	0	0	0	0	0	0	0	0	0	0	0	0	0	0.459025	0.459025	0.459025	0.459025	0	0.459025	0.459025	0	0.459025	0.459025	0	0	0.459025	0.459025	0	0	0	0.459025
0.458981	0	0	0	0	0	0.458981	0.458981	0.458981	0.917902	0.458981	0.458981	0.917902	0.458981	0.917902	0.917902	0.458981	0.917902	0.917902	0.458981	0.458981	0.917902	0.458981	0.458981	0.458981	0	0	0	0	0	0.458981	0.458981	0.458981	0.458981	0.458981	0.917902	0.458981	0.917902	1.83533	2.29373	1.37671	0.917902	0.917902	0.917902	1.83533	0.917902	0.917902	0.917902	1.83533	1.83533	0.458981	0.458981	0.458981	0.917902	0.458981	0.458981	0.458981	0	0	0.458981	0.458981	0	0.458981	0.458981	0	0	0	0.458981	0.458981	0	0.458981	0.458981	0	0.458981	0.458981	0	0	0	0	0	0.458981	0.458981	0.458981	0.458981	0	0	0	0	0	0	0	0.458981	0.458981	0	0	0	0.458981	0.458981	0	0	0	0.458981	0.458981	0	0	0	0	0.458981	0.458981	0	0	0.458981	0.458981	0	0	0	0	0	0	0.458981	0.458981	0	0	0	0	0	0.458981	0.458981	0	0.458981	0.458981	0	0	0.458981	0.458981	0	0	0.458981	0.458981	0	0	0	0.458981	0.458981	0.458981	0.458981	0	0	0	0.458981	0.458981	0	0.458981	0.458981	0	0	0.458981	0.458981	0.458981	0.458981	0	0.458981	0.458981	0.458981	0.917902	0.917902	0.458981	0.458981	0.458981	0.458981	0.917902	0.458981	0.458981	0.458981	0.917902	0.917902	0.458981	0.458981	0.917902	1.37671	0.458981	0.458981	0.458981	0.458981	0.458981	0.458981	0.458981	0.458981	0.917902	0.458981	0.458981	0.458981	0.458981	0.917902	0.458981	0.458981	0.917902	0.917902	0.458981	0.458981	0.458981	0.458981	0.917902	0.458981	0.917902	1.37671	1.37671	0.917902	0.458981	0.458981	0.917902	1.83533	0.917902	0.458981	1.37671	0.917902	0.458981	1.37671	0.917902	0.458981	0.917902	0.458981	0	0.458981	0.458981	0	0	0	0	0	0	0	0	0	0	0	0	0	0.458981	0.458981	0.458981	0.458981	0	0.458981	0.458981	0	0.458981	0.458981	0	0	0.458981	0.458981	0	0	0	0.458981
4.25164	4.12365	4.01111	3.67393	3.32581	3.09719	2.92286	2.78963	2.78963	2.83163	2.47543	2.33902	2.4109	2.0324	2.10857	2.3221	2.33902	2.47011	2.47011	2.33902	2.33902	2.47011	2.33902	2.43262	2.65955	2.86849	3.09719	3.20947	3.20947	3.32581	3.59829	3.69525	3.69525	3.69525	3.69525	4.05971	4.40558	4.67027	5.07948	5.47416	5.21863	5.11784	5.11784	5.25097	5.71582	5.5661	5.69764	5.92118	5.93649	5.50027	5.05638	5.05638	5.18108	5.34191	5.16093	4.93375	4.70646	4.57998	4.57998	4.35788	3.90199	3.4458	3.05883	2.78963	2.63973	2.41093	2.1821	2.0324	1.89171	1.72446	1.59777	1.38617	1.03894	1.08842	1.30805	1.37666	1.26718	1.03894	0.917873	0.917873	1.08842	1.30805	1.30805	1.08842	0.917873	0.917873	0.917873	0.917873	0.917873	1.03894	1.26718	1.30805	1.08842	0.917873	1.03894	1.26718	1.30805	1.08842	0.917873	1.03894	1.26718	1.30805	1.08842	0.917873	0.917873	0.917873	0.917873	1.02618	1.02618	0.917873	0.917873	0.873787	0.827356	0.811307	0.917873	0.917873	0.917873	0.917873	0.917873	0.873787	0.827356	0.811307	0.917873	0.917873	0.917873	0.917873	1.02618	1.02618	0.917873	0.873787	0.669025	0.58506	0.811307	0.873787	0.669025	0.58506	0.811307	0.873787	0.827356	0.811307	0.917873	0.917873	1.02618	1.02618	0.873787	0.669025	0.458966	0.58506	0.811307	0.873787	0.669025	0.58506	0.827356	0.827356	0.811307	0.917873	1.02618	1.02618	1.02618	1.02618	0.917873	1.02618	1.02618	1.02618	1.13572	0.986925	0.649041	0.649041	0.649041	0.649041	1.02614	0.649041	0.649041	0.649041	1.02614	1.02614	0.649041	0.649041	0.873749	1.2671	0.458937	0.458937	0.458937	0.458937	0.585025	0.669004	0.649041	0.48679	0.811257	0.458937	0.458937	0.458937	0.458937	0.917814	0.458937	0.458937	0.811257	0.94606	0.585025	0.458937	0.458937	0.458937	0.917814	0.458937	0.917814	1.37657	1.37657	0.917814	0.458937	0.458937	0.917814	1.72435	0.873749	0.669004	1.39556	0.873749	0.669004	1.30798	0.97351	1.02618	1.29792	1.02618	0.917873	1.08842	1.30805	1.37666	1.37666	1.37666	1.37666	1.49574	1.72446	1.83528	1.83528	1.83528	1.83528	1.83528	1.83528	1.72446	1.59777	1.45109	1.53051	1.59777	1.17	1.02618	1.02618	0.811307	0.811282	0.669004	0.162267	0.162267	0.669004	0.649041	0.458966	0.458966	0.58506	0.827356
4.23892	4.12325	4.02375	3.73015	3.34122	3.11378	2.97595	2.78936	2.78936	2.92255	2.53804	2.3388	2.51724	2.10837	2.03221	2.25297	2.3388	2.46987	2.46987	2.3388	2.3388	2.46987	2.3388	2.4107	2.63948	2.88645	3.11378	3.20916	3.20916	3.34122	3.64135	3.69489	3.69489	3.69489	3.69489	4.21104	4.499	4.66982	5.17047	5.57716	5.21813	5.11735	5.11735	5.29981	5.79649	5.56556	5.74251	5.96428	5.83003	5.38506	5.0559	5.0559	5.21065	5.3414	5.15034	4.9227	4.69491	4.57954	4.57954	4.35746	3.90162	3.50576	3.19275	2.78936	2.6593	2.43239	2.20584	2.10837	1.89153	1.75452	1.69349	1.49557	1.08831	1.03884	1.26706	1.37653	1.30792	1.08831	0.917785	0.917785	1.03884	1.26706	1.26706	1.03884	0.917785	0.917785	0.917785	0.917785	0.917785	1.08831	1.30792	1.26706	1.03884	0.917785	1.08831	1.30792	1.26706	1.03884	0.917785	1.08831	1.30792	1.26706	1.03884	0.917785	0.917785	0.917785	0.917785	1.02608	1.02608	0.917785	0.917785	0.811229	0.827277	0.873703	0.917785	0.917785	0.917785	0.917785	0.917785	0.811229	0.827277	0.873703	0.917785	0.917785	0.917785	0.917785	1.02608	1.02608	0.917785	0.811229	0.585004	0.66896	0.873703	0.811229	0.585004	0.66896	0.873703	0.811229	0.827277	0.873703	0.917785	0.917785	1.02608	1.02608	0.811229	0.585004	0.458922	0.66896	0.873703	0.811229	0.585004	0.66896	0.827277	0.827277	0.873703	0.917785	1.02608	1.02608	1.02608	1.02608	0.917785	1.02608	1.02608	1.02608	0.986851	0.811204	0.648979	0.648979	0.648979	0.648979	1.02604	0.648979	0.648979	0.648979	1.02604	1.02604	0.648979	0.648979	0.66894	1.03877	0.458892	0.458892	0.458892	0.458892	0.811179	0.873665	0.648979	0.36281	0.584969	0.458892	0.458892	0.458892	0.458892	0.917726	0.458892	0.458892	0.584969	0.945969	0.811179	0.458892	0.458892	0.458892	0.917726	0.458892	0.917726	1.37644	1.37644	0.917726	0.458892	0.458892	0.917726	1.4955	0.66894	0.873665	1.39542	0.66894	0.873665	1.08826	0.725591	1.02608	1.29779	1.02608	0.917785	1.03884	1.26706	1.37653	1.37653	1.37653	1.37653	1.53036	1.75452	1.8351	1.8351	1.8351	1.8351	1.8351	1.8351	1.75452	1.69349	1.45095	1.49559	1.69349	1.33774	1.02608	1.02608	0.873703	0.98683	0.873665	0.362792	0.362792	0.873665	0.648979	0.458922	0.458922	0.66896	0.827277
0	0	0.458848	0.917638	0.458848	0.458848	0.917638	0.458848	0.458848	1.37631	0.917638	0.458848	1.37631	0.917638	0.458848	0.458848	0.458848	0.917638	0.917638	0.458848	0.458848	0.917638	0.458848	0	0	0.458848	0.458848	0	0	0.458848	0.917638	0.458848	0.458848	0.458848	0.458848	1.83481	1.37631	0.917638	2.29307	2.75103	1.37631	0.917638	0.917638	1.37631	2.29307	0.917638	1.37631	1.37631	0.917638	0.917638	0.458848	0.458848	0.917638	0.917638	0	0	0	0	0	0.458848	0.458848	0.917638	1.37631	0.458848	0.458848	0.458848	0.458848	0.917638	0.458848	0.458848	0.917638	0.917638	0.458848	0	0	0	0.458848	0.458848	0	0	0	0	0	0	0	0	0	0	0	0.458848	0.458848	0	0	0	0.458848	0.458848	0	0	0	0.458848	0.458848	0	0	0	0	0	0	0.458848	0.458848	0	0	0	0.458848	0.458848	0	0	0	0	0	0	0.458848	0.458848	0	0	0	0	0.458848	0.458848	0	0	0	0.458848	0.458848	0	0	0.458848	0.458848	0	0.458848	0.458848	0	0	0.458848	0.458848	0	0	0	0.458848	0.458848	0	0	0.458848	0.458848	0.458848	0.458848	0	0.458848	0.458848	0.458848	0.458848	0	0.458848	0.458848	0.458848	0.458848	0.458848	0.458848	0.458848	0.458848	0.458848	0.917638	0.458848	0.458848	0.458848	0.917638	0.917638	0.458848	0.458848	0.458848	0.917638	0.458848	0.458848	0.458848	0.458848	0.917638	0.917638	0.458848	0	0.458848	0.458848	0.458848	0.458848	0.458848	0.917638	0.458848	0.458848	0.458848	0.917638	0.917638	0.458848	0.458848	0.458848	0.917638	0.458848	0.917638	1.37631	1.37631	0.917638	0.458848	0.458848	0.917638	1.37631	0.458848	0.917638	1.37631	0.458848	0.917638	0.917638	0	0.458848	0.917638	0.458848	0	0	0	0	0	0	0	0.458848	0.458848	0	0	0	0	0	0	0.458848	0.917638	0.458848	0	0.917638	0.917638	0.458848	0.458848	0.458848	0.917638	0.917638	0.458848	0.458848	0.917638	0.458848	0	0	0.458848	0.458848
0	0	0.458804	0.91755	0.458804	0.458804	0.91755	0.458804	0.458804	1.37618	0.91755	0.458804	1.37618	0.91755	0.458804	0.458804	0.458804	0.91755	0.91755	0.458804	0.458804	0.91755	0.458804	0	0	0.458804	0.458804	0	0	0.458804	0.91755	0.458804	0.458804	0.458804	0.458804	1.83463	1.37618	0.91755	2.29285	2.75077	1.37618	0.91755	0.91755	1.37618	2.29285	0.91755	1.37618	1.37618	0.91755	0.91755	0.458804	0.458804	0.91755	0.91755	0	0	0	0	0	0.458804	0.458804	0.91755	1.37618	0.458804	0.458804	0.458804	0.458804	0.91755	0.458804	0.458804	0.91755	0.91755	0.458804	0	0	0	0.458804	0.458804	0	0	0	0	0	0	0	0	0	0	0	0.458804	0.458804	0	0	0	0.458804	0.458804	0	0	0	0.458804	0.458804	0	0	0	0	0	0	0.458804	0.458804	0	0	0	0.458804	0.458804	0	0	0	0	0	0	0.458804	0.458804	0	0	0	0	0.458804	0.458804	0	0	0	0.458804	0.458804	0	0	0.458804	0.458804	0	0.458804	0.458804	0	0	0.458804	0.458804	0	0	0	0.458804	0.458804	0	0	0.458804	0.458804	0.458804	0.458804	0	0.458804	0.458804	0.458804	0.458804	0	0.458804	0.458804	0.458804	0.458804	0.458804	0.458804	0.458804	0.458804	0.458804	0.91755	0.458804	0.458804	0.458804	0.91755	0.91755	0.458804	0.458804	0.458804	0.91755	0.458804	0.458804	0.458804	0.458804	0.91755	0.91755	0.458804	0	0.458804	0.458804	0.458804	0.458804	0.458804	0.91755	0.458804	0.458804	0.458804	0.91755	0.91755	0.458804	0.458804	0.458804	0.91755	0.458804	0.91755	1.37618	1.37618	0.91755	0.458804	0.458804	0.91755	1.37618	0.458804	0.91755	1.37618	0.458804	0.91755	0.91755	0	0.458804	0.91755	0.458804	0	0	0	0	0	0	0	0.458804	0.458804	0	0	0	0	0	0	0.458804	0.91755	0.458804	0	0.91755	0.91755	0.458804	0.458804	0.458804	0.91755	0.91755	0.458804	0.458804	0.91755	0.458804	0	0	0.458804	0.458804
0	0	0.45876	0.917461	0.45876	0.45876	0.917461	0.45876	0.45876	1.37605	0.917461	0.45876	1.37605	0.917461	0.45876	0.45876	0.45876	0.917461	0.917461	0.45876	0.45876	0.917461	0.45876	0	0	0.45876	0.45876	0	0	0.45876	0.917461	0.45876	0.45876	0.45876	0.45876	1.83445	1.37605	0.917461	2.29263	2.7505	1.37605	0.917461	0.917461	1.37605	2.29263	0.917461	1.37605	1.37605	0.917461	0.917461	0.45876	0.45876	0.917461	0.917461	0	0	0	0	0	0.45876	0.45876	0.917461	1.37605	0.45876	0.45876	0.45876	0.45876	0.917461	0.45876	0.45876	0.917461	0.917461	0.45876	0	0	0	0.45876	0.45876	0	0	0	0	0	0	0	0	0	0	0	0.45876	0.45876	0	0	0	0.45876	0.45876	0	0	0	0.45876	0.45876	0	0	0	0	0	0	0.45876	0.45876	0	0	0	0.45876	0.45876	0	0	0	0	0	0	0.45876	0.45876	0	0	0	0	0.45876	0.45876	0	0	0	0.45876	0.45876	0	0	0.45876	0.45876	0	0.45876	0.45876	0	0	0.45876	0.45876	0	0	0	0.45876	0.45876	0	0	0.45876	0.45876	0.45876	0.45876	0	0.45876	0.45876	0.45876	0.45876	0	0.45876	0.45876	0.45876	0.45876	0.45876	0.45876	0.45876	0.45876	0.45876	0.917461	0.45876	0.45876	0.45876	0.917461	0.917461	0.45876	0.45876	0.45876	0.917461	0.45876	0.45876	0.45876	0.45876	0.917461	0.917461	0.45876	0	0.45876	0.45876	0.45876	0.45876	0.45876	0.917461	0.45876	0.45876	0.45876	0.917461	0.917461	0.45876	0.45876	0.45876	0.917461	0.45876	0.917461	1.37605	1.37605	0.917461	0.45876	0.45876	0.917461	1.37605	0.45876	0.917461	1.37605	0.45876	0.917461	0.917461	0	0.45876	0.917461	0.45876	0	0	0	0	0	0	0	0.45876	0.45876	0	0	0	0	0	0	0.45876	0.917461	0.45876	0	0.917461	0.917461	0.45876	0.45876	0.45876	0.917461	0.917461	0.45876	0.45876	0.917461	0.45876	0	0	0.45876	0.45876
0	0	0.458716	0.917373	0.458716	0.458716	0.917373	0.458716	0.458716	1.37591	0.917373	0.458716	1.37591	0.917373	0.458716	0.458716	0.458716	0.917373	0.917373	0.458716	0.458716	0.917373	0.458716	0	0	0.458716	0.458716	0	0	0.458716	0.917373	0.458716	0.458716	0.458716	0.458716	1.83428	1.37591	0.917373	2.29241	2.75024	1.37591	0.917373	0.917373	1.37591	2.29241	0.917373	1.37591	1.37591	0.917373	0.917373	0.458716	0.458716	0.917373	0.917373	0	0	0	0	0	0.458716	0.458716	0.917373	1.37591	0.458716	0.458716	0.458716	0.458716	0.917373	0.458716	0.458716	0.917373	0.917373	0.458716	0	0	0	0.458716	0.458716	0	0	0	0	0	0	0	0	0	0	0	0.458716	0.458716	0	0	0	0.458716	0.458716	0	0	0	0.458716	0.458716	0	0	0	0	0	0	0.458716	0.458716	0	0	0	0.458716	0.458716	0	0	0	0	0	0	0.458716	0.458716	0	0	0	0	0.458716	0.458716	0	0	0	0.458716	0.458716	0	0	0.458716	0.458716	0	0.458716	0.458716	0	0	0.458716	0.458716	0	0	0	0.458716	0.458716	0	0	0.458716	0.458716	0.458716	0.458716	0	0.458716	0.458716	0.458716	0.458716	0	0.458716	0.458716	0.458716	0.458716	0.458716	0.458716	0.458716	0.458716	0.458716	0.917373	0.458716	0.458716	0.458716	0.917373	0.917373	0.458716	0.458716	0.458716	0.917373	0.458716	0.458716	0.458716	0.458716	0.917373	0.917373	0.458716	0	0.458716	0.458716	0.458716	0.458716	0.458716	0.917373	0.458716	0.458716	0.458716	0.917373	0.917373	0.458716	0.458716	0.458716	0.917373	0.458716	0.917373	1.37591	1.37591	0.917373	0.458716	0.458716	0.917373	1.37591	0.458716	0.917373	1.37591	0.458716	0.917373	0.917373	0	0.458716	0.917373	0.458716	0	0	0	0	0	0	0	0.458716	0.458716	0	0	0	0	0	0	0.458716	0.917373	0.458716	0	0.917373	0.917373	0.458716	0.458716	0.458716	0.917373	0.917373	0.458716	0.458716	0.917373	0.458716	0	0	0.458716	0.458716
3.5523	3.3239	3.24012	3.26024	2.92118	2.78802	2.83	2.47401	2.33767	2.67274	2.46868	2.33767	2.67274	2.46868	2.43122	2.65802	2.78802	2.97452	3.28027	3.567	3.79441	4.17792	4.47651	4.57735	4.57735	4.47651	4.24919	4.23689	4.46484	4.60008	4.66759	4.60008	4.60008	4.60008	4.85372	5.49947	5.29728	5.24796	5.88258	5.97875	5.29728	5.24796	5.47108	5.65548	5.9418	5.56291	5.38248	4.93882	4.80244	5.02506	5.05348	5.05348	4.85372	4.40305	4.12128	4.00881	3.78061	3.66468	3.44382	2.97452	2.47401	2.53683	2.87137	2.47401	2.25189	2.03123	1.89062	2.00519	1.59685	1.45025	1.65341	1.65341	1.45025	1.37587	1.37587	1.26645	1.23492	1.3073	1.37587	1.37587	1.37587	1.37587	1.37587	1.37587	1.37587	1.37587	1.37587	1.49488	1.72346	1.75368	1.52962	1.37587	1.37587	1.37587	1.3073	1.08779	0.917344	0.917344	1.03834	1.23492	1.08779	0.917344	0.917344	0.917344	0.917344	1.03834	1.26645	1.3073	1.08779	0.917344	0.917344	0.917344	0.873284	0.668639	0.584723	0.810839	0.917344	0.917344	0.917344	0.917344	0.873284	0.668639	0.458701	0.458701	0.458701	0.584723	0.82688	0.668639	0.458701	0.458701	0.458701	0.648667	0.648667	0.584723	0.810839	0.873284	0.668639	0.584723	0.82688	0.668639	0.458701	0.458701	0.648667	0.648667	0.584723	0.810839	0.917344	0.873284	0.668639	0.584723	0.810839	0.873284	0.668639	0.648667	0.648667	0.458701	0.648667	0.648667	0.648667	0.648667	0.458701	0.648667	0.648667	0.648667	0.810814	0.986377	1.02559	0.873284	0.668639	0.648667	1.02555	0.648667	0.648667	0.648667	1.02555	1.02555	0.648667	0.648667	0.648667	1.02555	0.648667	0.648667	0.648667	0.648667	0.873245	0.810789	0.458672	0.162173	0.512815	0.362617	0.458672	0.458672	0.458672	0.917285	0.458672	0.362617	0.584688	1.03827	0.810789	0.458672	0.458672	0.584688	1.08774	0.648667	0.873245	1.39475	1.39475	0.810789	0.458672	0.458672	0.810789	1.39475	0.584688	0.810789	1.30722	0.648667	0.972949	1.30727	1.03834	1.08779	1.53817	1.75368	1.83422	1.83422	1.83422	1.83422	1.83422	1.83422	1.83422	1.89062	1.89062	1.83422	1.83422	1.83422	1.72346	1.49488	1.37587	1.45025	1.69268	1.75368	1.72346	1.84845	1.89754	1.89062	1.89062	1.89062	2.00519	1.81257	1.45025	1.38537	1.46821	0.810814	0.362636	0.162173	0.458672	0.584688
3.56666	3.33929	3.2398	3.33927	2.97423	2.78776	2.92087	2.53658	2.33745	2.67248	2.46845	2.33745	2.67248	2.46845	2.40931	2.63796	2.78776	2.9209	3.21547	3.55196	3.78025	4.12722	4.46442	4.57691	4.57691	4.46442	4.23648	4.24879	4.47609	4.59964	4.66714	4.59964	4.59964	4.59964	4.93835	5.5833	5.24746	5.29677	5.97818	5.88202	5.24746	5.29677	5.51783	5.65494	5.94123	5.56238	5.30414	4.85325	4.85592	5.07611	5.053	5.053	4.81013	4.35496	4.12088	4.02143	3.79405	3.66433	3.50375	3.22762	2.53658	2.47377	2.87109	2.53658	2.32054	2.10715	1.89044	2.13189	1.69252	1.45011	1.65326	1.65326	1.45011	1.37574	1.37574	1.30717	1.2348	1.26633	1.37574	1.37574	1.37574	1.37574	1.37574	1.37574	1.37574	1.37574	1.37574	1.52948	1.75351	1.7233	1.49473	1.37574	1.37574	1.37574	1.26633	1.03824	0.917256	0.917256	1.08769	1.2348	1.03824	0.917256	0.917256	0.917256	0.917256	1.08769	1.30717	1.26633	1.03824	0.917256	0.917256	0.917256	0.810761	0.584666	0.668575	0.8732	0.917256	0.917256	0.917256	0.917256	0.810761	0.584666	0.458657	0.458657	0.458657	0.668575	0.8268	0.584666	0.458657	0.458657	0.458657	0.648605	0.648605	0.668575	0.8732	0.810761	0.584666	0.668575	0.8268	0.584666	0.458657	0.458657	0.648605	0.648605	0.668575	0.8732	0.917256	0.810761	0.584666	0.668575	0.8732	0.810761	0.584666	0.648605	0.648605	0.458657	0.648605	0.648605	0.648605	0.648605	0.458657	0.648605	0.648605	0.648605	0.986262	1.13496	1.02549	0.810761	0.584666	0.648605	1.02545	0.648605	0.648605	0.648605	1.02545	1.02545	0.648605	0.648605	0.648605	1.02545	0.648605	0.648605	0.648605	0.648605	0.668555	0.584632	0.458628	0.362582	0.512765	0.162158	0.458628	0.458628	0.458628	0.917197	0.458628	0.162158	0.810712	1.26625	0.584632	0.458628	0.458628	0.810712	1.3071	0.648605	0.668555	1.39462	1.39462	0.584632	0.458628	0.458628	0.584632	1.39462	0.810712	0.584632	1.08763	0.648605	0.725173	1.18038	1.08769	1.03824	1.3947	1.7233	1.83404	1.83404	1.83404	1.83404	1.83404	1.83404	1.83404	1.89044	1.89044	1.83404	1.83404	1.83404	1.75351	1.52948	1.37574	1.45011	1.5967	1.7233	1.75351	1.84828	1.81242	1.89044	1.89044	1.89044	2.13189	1.9519	1.45011	1.49471	1.84822	0.986262	0.486463	0.362582	0.458628	0.810712
0.458584	0.458584	0.458584	1.37552	0.917109	0.458584	1.37552	0.917109	0.458584	1.37552	0.917109	0.458584	1.37552	0.917109	0	0	0.458584	0.458584	0	0	0	0	0	0	0	0	0	0.458584	0.458584	0.458584	0.917109	0.458584	0.458584	0.458584	1.37552	2.29175	0.917109	1.37552	2.74945	2.29175	0.917109	1.37552	1.37552	1.37552	2.29175	0.917109	0.458584	0.458584	1.37552	1.37552	0.458584	0.458584	0	0	0	0.458584	0.458584	0	0.917109	1.83375	0.917109	0.458584	1.37552	0.917109	0.917109	0.917109	0.458584	1.37552	0.917109	0.458584	0.917109	0.917109	0.458584	0	0	0.458584	0.458584	0	0	0	0	0	0	0	0	0	0	0.458584	0.458584	0	0	0	0	0	0	0	0	0	0.458584	0.458584	0	0	0	0	0	0.458584	0.458584	0	0	0	0	0	0	0	0.458584	0.458584	0	0	0	0	0	0	0	0	0	0.458584	0.458584	0	0	0	0	0.458584	0.458584	0.458584	0.458584	0	0	0.458584	0.458584	0	0	0	0.458584	0.458584	0.458584	0.458584	0	0	0	0.458584	0.458584	0	0	0.458584	0.458584	0	0.458584	0.458584	0.458584	0.458584	0	0.458584	0.458584	0.458584	0.917109	0.917109	0.458584	0	0	0.458584	0.917109	0.458584	0.458584	0.458584	0.917109	0.917109	0.458584	0.458584	0.458584	0.917109	0.458584	0.458584	0.458584	0.458584	0.458584	0.458584	0.458584	0.458584	0.458584	0	0.458584	0.458584	0.458584	0.917109	0.458584	0	0.917109	1.37552	0.458584	0.458584	0.458584	0.917109	1.37552	0.458584	0.458584	1.37552	1.37552	0.458584	0.458584	0.458584	0.458584	1.37552	0.917109	0.458584	0.917109	0.458584	0	0.458584	0.458584	0	0	0	0	0	0	0	0	0	0	0.458584	0.458584	0	0	0	0.458584	0.458584	0	0.458584	0.458584	0	0.458584	0.917109	0.458584	0.458584	0.458584	0.458584	1.37552	1.37552	0.458584	0.917109	1.83375	0.917109	0.458584	0.458584	0.458584	0.917109
0.45854	0.45854	0.45854	1.37538	0.917021	0.45854	1.37538	0.917021	0.45854	1.37538	0.917021	0.45854	1.37538	0.917021	0	0	0.45854	0.45854	0	0	0	0	0	0	0	0	0	0.45854	0.45854	0.45854	0.917021	0.45854	0.45854	0.45854	1.37538	2.29153	0.917021	1.37538	2.74919	2.29153	0.917021	1.37538	1.37538	1.37538	2.29153	0.917021	0.45854	0.45854	1.37538	1.37538	0.45854	0.45854	0	0	0	0.45854	0.45854	0	0.917021	1.83357	0.917021	0.45854	1.37538	0.917021	0.917021	0.917021	0.45854	1.37538	0.917021	0.45854	0.917021	0.917021	0.45854	0	0	0.45854	0.45854	0	0	0	0	0	0	0	0	0	0	0.45854	0.45854	0	0	0	0	0	0	0	0	0	0.45854	0.45854	0	0	0	0	0	0.45854	0.45854	0	0	0	0	0	0	0	0.45854	0.45854	0	0	0	0	0	0	0	0	0	0.45854	0.45854	0	0	0	0	0.45854	0.45854	0.45854	0.45854	0	0	0.45854	0.45854	0	0	0	0.45854	0.45854	0.45854	0.45854	0	0	0	0.45854	0.45854	0	0	0.45854	0.45854	0	0.45854	0.45854	0.45854	0.45854	0	0.45854	0.45854	0.45854	0.917021	0.917021	0.45854	0	0	0.45854	0.917021	0.45854	0.45854	0.45854	0.917021	0.917021	0.45854	0.45854	0.45854	0.917021	0.45854	0.45854	0.45854	0.45854	0.45854	0.45854	0.45854	0.45854	0.45854	0	0.45854	0.45854	0.45854	0.917021	0.45854	0	0.917021	1.37538	0.45854	0.45854	0.45854	0.917021	1.37538	0.45854	0.45854	1.37538	1.37538	0.45854	0.45854	0.45854	0.45854	1.37538	0.917021	0.45854	0.917021	0.45854	0	0.45854	0.45854	0	0	0	0	0	0	0	0	0	0	0.45854	0.45854	0	0	0	0.45854	0.45854	0	0.45854	0.45854	0	0.45854	0.917021	0.45854	0.45854	0.45854	0.45854	1.37538	1.37538	0.45854	0.917021	1.83357	0.917021	0.45854	0.45854	0.45854	0.917021
0.458496	0.458496	0.458496	1.37525	0.916933	0.458496	1.37525	0.916933	0.458496	1.37525	0.916933	0.458496	1.37525	0.916933	0	0	0.458496	0.458496	0	0	0	0	0	0	0	0	0	0.458496	0.458496	0.458496	0.916933	0.458496	0.458496	0.458496	1.37525	2.29131	0.916933	1.37525	2.74892	2.29131	0.916933	1.37525	1.37525	1.37525	2.29131	0.916933	0.458496	0.458496	1.37525	1.37525	0.458496	0.458496	0	0	0	0.458496	0.458496	0	0.916933	1.8334	0.916933	0.458496	1.37525	0.916933	0.916933	0.916933	0.458496	1.37525	0.916933	0.458496	0.916933	0.916933	0.458496	0	0	0.458496	0.458496	0	0	0	0	0	0	0	0	0	0	0.458496	0.458496	0	0	0	0	0	0	0	0	0	0.458496	0.458496	0	0	0	0	0	0.458496	0.458496	0	0	0	0	0	0	0	0.458496	0.458496	0	0	0	0	0	0	0	0	0	0.458496	0.458496	0	0	0	0	0.458496	0.458496	0.458496	0.458496	0	0	0.458496	0.458496	0	0	0	0.458496	0.458496	0.458496	0.458496	0	0	0	0.458496	0.458496	0	0	0.458496	0.458496	0	0.458496	0.458496	0.458496	0.458496	0	0.458496	0.458496	0.458496	0.916933	0.916933	0.458496	0	0	0.458496	0.916933	0.458496	0.458496	0.458496	0.916933	0.916933	0.458496	0.458496	0.458496	0.916933	0.458496	0.458496	0.458496	0.458496	0.458496	0.458496	0.458496	0.458496	0.458496	0	0.458496	0.458496	0.458496	0.916933	0.458496	0	0.916933	1.37525	0.458496	0.458496	0.458496	0.916933	1.37525	0.458496	0.458496	1.37525	1.37525	0.458496	0.458496	0.458496	0.458496	1.37525	0.916933	0.458496	0.916933	0.458496	0	0.458496	0.458496	0	0	0	0	0	0	0	0	0	0	0.458496	0.458496	0	0	0	0.458496	0.458496	0	0.458496	0.458496	0	0.458496	0.916933	0.458496	0.458496	0.458496	0.458496	1.37525	1.37525	0.458496	0.916933	1.8334	0.916933	0.458496	0.458496	0.458496	0.916933
2.61202	2.33659	2.25085	2.4515	2.04956	1.81176	2.11254	1.89665	1.81176	2.11254	1.89665	1.88974	2.35889	2.61202	2.74888	2.74888	2.88373	3.11085	3.32236	3.55066	3.66299	3.77886	4.00695	4.11937	4.11937	4.23493	4.46278	4.59795	4.59795	4.59795	4.66543	4.59795	4.72369	4.94971	5.07424	5.1656	4.66543	4.63461	4.98104	4.7098	4.21948	4.34133	4.34133	4.19777	4.35627	3.77538	3.69141	3.69141	3.76497	3.55062	3.11085	2.88373	2.74888	2.63699	2.40842	2.33659	2.33659	2.07503	1.97124	2.29115	1.65264	1.38473	1.78983	1.49415	1.65264	1.65264	1.38473	1.81167	1.29656	1.02511	1.30666	1.49415	1.44958	1.26586	1.03786	1.08728	1.30669	1.37523	1.37523	1.37523	1.37523	1.37523	1.37523	1.37523	1.37523	1.37523	1.37523	1.30669	1.08728	0.916918	0.916918	0.916918	0.916918	0.916918	1.03786	1.26586	1.37523	1.37523	1.30669	1.08728	0.916918	0.916918	0.916918	1.03786	1.26586	1.30669	1.08728	0.916918	0.916918	0.916918	0.916918	0.916918	0.916918	0.916918	0.872876	0.668326	0.458488	0.458488	0.458488	0.458488	0.458488	0.458488	0.458488	0.584451	0.810463	0.872876	0.668326	0.458488	0.458488	0.458488	0.458488	0.648361	0.648361	0.48628	0.362444	0.162097	0.362467	0.48628	0.51257	0.362467	0.458488	0.458488	0.648361	0.648361	0.48628	0.362444	0.162097	0.362467	0.458488	0.48628	0.362444	0.162097	0.362467	0.648361	0.648361	0.458488	0.648361	0.648361	0.648361	0.648361	0.458488	0.648361	0.648361	0.648361	0.872828	0.810401	0.458452	0.162097	0.362467	0.648361	0.872828	0.362444	0.458452	0.458452	0.916845	0.916845	0.458452	0.458452	0.458452	0.810401	0.48628	0.648361	0.648361	0.648361	0.668301	0.584408	0.458452	0.458452	0.584408	0.362467	0.648361	0.648361	0.48628	0.810401	0.458452	0.324191	1.17989	1.38465	0.648361	0.648361	0.648361	0.872828	1.26576	0.458452	0.458452	1.26576	1.3066	0.648361	0.648361	0.648361	0.648361	1.38465	1.13453	1.02511	1.29656	1.02511	0.810463	0.810432	0.648361	0.458488	0.458488	0.458488	0.584451	0.810463	0.916918	0.810463	0.584451	0.458488	0.458488	0.48628	0.362444	0.162097	0.362467	0.458488	0.48628	0.362444	0	0.362444	0.51257	0.162097	0.362444	0.872828	0.648361	0.648361	0.648361	0.648361	1.38465	1.4941	1.02511	1.30666	2.11252	1.89665	1.88974	1.88974	1.88974	2.04956
2.76757	2.33636	2.31946	2.5966	2.04936	1.89647	2.11234	1.81158	1.89647	2.11234	1.81158	1.88956	2.17358	2.53025	2.74862	2.74862	2.86524	3.09368	3.33775	3.56501	3.66264	3.79229	4.01957	4.11898	4.11898	4.24682	4.47402	4.59751	4.59751	4.59751	4.66498	4.59751	4.75619	4.98067	5.02226	5.07372	4.66498	4.57762	4.86431	4.70935	4.21908	4.34092	4.34092	4.13476	4.24675	3.77502	3.69106	3.69106	3.69458	3.47588	3.09368	2.86524	2.74862	2.65653	2.42986	2.33636	2.33636	2.17358	2.26796	2.29093	1.65248	1.494	1.78965	1.38459	1.65248	1.65248	1.494	2.00398	1.29643	1.02501	1.17983	1.38459	1.44944	1.30656	1.08718	1.03776	1.26574	1.3751	1.3751	1.3751	1.3751	1.3751	1.3751	1.3751	1.3751	1.3751	1.3751	1.26574	1.03776	0.91683	0.91683	0.91683	0.91683	0.91683	1.08718	1.30656	1.3751	1.3751	1.26574	1.03776	0.91683	0.91683	0.91683	1.08718	1.30656	1.26574	1.03776	0.91683	0.91683	0.91683	0.91683	0.91683	0.91683	0.91683	0.810385	0.584395	0.458444	0.458444	0.458444	0.458444	0.458444	0.458444	0.458444	0.668262	0.872793	0.810385	0.584395	0.458444	0.458444	0.458444	0.458444	0.648299	0.648299	0.362432	0.162081	0.362409	0.486233	0.362432	0.512521	0.486233	0.458444	0.458444	0.648299	0.648299	0.362432	0.162081	0.362409	0.486233	0.458444	0.362432	0.162081	0.362409	0.486233	0.648299	0.648299	0.458444	0.648299	0.648299	0.648299	0.648299	0.458444	0.648299	0.648299	0.648299	0.668237	0.584352	0.458408	0.362409	0.486233	0.648299	0.668237	0.162081	0.458408	0.458408	0.916757	0.916757	0.458408	0.458408	0.458408	0.584352	0.362432	0.648299	0.648299	0.648299	0.872744	0.810323	0.458408	0.458408	0.810323	0.486233	0.648299	0.648299	0.362432	0.584352	0.458408	0.724789	1.38452	1.17978	0.648299	0.648299	0.648299	0.668237	1.03767	0.458408	0.458408	1.03767	1.08711	0.648299	0.648299	0.648299	0.648299	1.17978	0.985819	1.02501	1.29643	1.02501	0.872793	0.985794	0.648299	0.458444	0.458444	0.458444	0.668262	0.872793	0.91683	0.872793	0.668262	0.458444	0.458444	0.362432	0.162081	0.362409	0.486233	0.458444	0.362432	0.162081	0	0.162081	0.512521	0.362409	0.162081	0.668237	0.648299	0.648299	0.648299	0.648299	1.17978	1.3065	1.02501	1.17983	1.78968	1.81158	1.88956	1.88956	1.88956	2.04936
1.37486	0.458364	0.916669	1.83287	0.916669	0.916669	1.37486	0.458364	0.916669	1.37486	0.458364	0.458364	0.458364	0	0	0	0	0	0.458364	0.458364	0	0.458364	0.458364	0	0	0.458364	0.458364	0.458364	0.458364	0.458364	0.916669	0.458364	0.916669	0.916669	0.916669	1.83287	0.916669	0.916669	2.29065	2.29065	0.916669	1.37486	1.37486	0.916669	1.83287	0.916669	0.458364	0.458364	0.916669	0.916669	0	0	0	0.458364	0.458364	0.458364	0.458364	0.916669	1.83287	1.83287	0.916669	0.916669	1.37486	0.458364	0.916669	0.916669	0.916669	1.83287	0.916669	0.458364	0.458364	0.458364	0.458364	0.458364	0.458364	0	0	0	0	0	0	0	0	0	0	0	0	0	0	0	0	0	0	0	0.458364	0.458364	0	0	0	0	0	0	0	0.458364	0.458364	0	0	0	0	0	0	0	0	0	0	0	0	0	0	0	0	0	0	0.458364	0.458364	0	0	0	0	0	0	0.458364	0.458364	0	0	0.458364	0.458364	0	0.458364	0.458364	0	0	0.458364	0.458364	0	0	0.458364	0.458364	0	0	0	0.458364	0.458364	0.458364	0.458364	0	0.458364	0.458364	0.458364	0.458364	0	0.458364	0.458364	0.458364	0.458364	0.458364	0.458364	0.458364	0.458364	0.458364	0.458364	0	0.458364	0.458364	0.916669	0.916669	0.458364	0.458364	0.458364	0.458364	0	0.458364	0.458364	0.458364	0.916669	0.916669	0.458364	0.458364	0.916669	0.458364	0.458364	0.458364	0	0.458364	0.458364	0.916669	1.37486	0.916669	0.458364	0.458364	0.458364	0.458364	0.916669	0.458364	0.458364	0.916669	0.916669	0.458364	0.458364	0.458364	0.458364	0.916669	0.458364	0.458364	0.916669	0.458364	0.458364	0.916669	0.458364	0	0	0	0.458364	0.458364	0	0.458364	0.458364	0	0	0	0	0.458364	0.458364	0	0	0	0	0	0.458364	0.458364	0	0.458364	0.458364	0.458364	0.458364	0.458364	0.916669	0.916669	0.458364	0.458364	0.916669	0.458364	0.458364	0.458364	0.458364	0.916669
1.37472	0.45832	0.916581	1.83269	0.916581	0.916581	1.37472	0.45832	0.916581	1.37472	0.45832	0.45832	0.45832	0	0	0	0	0	0.45832	0.45832	0	0.45832	0.45832	0	0	0.45832	0.45832	0.45832	0.45832	0.45832	0.916581	0.45832	0.916581	0.916581	0.916581	1.83269	0.916581	0.916581	2.29043	2.29043	0.916581	1.37472	1.37472	0.916581	1.83269	0.916581	0.45832	0.45832	0.916581	0.916581	0	0	0	0.45832	0.45832	0.45832	0.45832	0.916581	1.83269	1.83269	0.916581	0.916581	1.37472	0.45832	0.916581	0.916581	0.916581	1.83269	0.916581	0.45832	0.45832	0.45832	0.45832	0.45832	0.45832	0	0	0	0	0	0	0	0	0	0	0	0	0	0	0	0	0	0	0	0.45832	0.45832	0	0	0	0	0	0	0	0.45832	0.45832	0	0	0	0	0	0	0	0	0	0	0	0	0	0	0	0	0	0	0.45832	0.45832	0	0	0	0	0	0	0.45832	0.45832	0	0	0.45832	0.45832	0	0.45832	0.45832	0	0	0.45832	0.45832	0	0	0.45832	0.45832	0	0	0	0.45832	0.45832	0.45832	0.45832	0	0.45832	0.45832	0.45832	0.45832	0	0.45832	0.45832	0.45832	0.45832	0.45832	0.45832	0.45832	0.45832	0.45832	0.45832	0	0.45832	0.45832	0.916581	0.916581	0.45832	0.45832	0.45832	0.45832	0	0.45832	0.45832	0.45832	0.916581	0.916581	0.45832	0.45832	0.916581	0.45832	0.45832	0.45832	0	0.45832	0.45832	0.916581	1.37472	0.916581	0.45832	0.45832	0.45832	0.45832	0.916581	0.45832	0.45832	0.916581	0.916581	0.45832	0.45832	0.45832	0.45832	0.916581	0.45832	0.45832	0.916581	0.45832	0.45832	0.916581	0.45832	0	0	0	0.45832	0.45832	0	0.45832	0.45832	0	0	0	0	0.45832	0.45832	0	0	0	0	0	0.45832	0.45832	0	0.45832	0.45832	0.45832	0.45832	0.45832	0.916581	0.916581	0.45832	0.45832	0.916581	0.45832	0.45832	0.45832	0.45832	0.916581
1.37459	0.458276	0.916493	1.83252	0.916493	0.916493	1.37459	0.458276	0.916493	1.37459	0.458276	0.458276	0.458276	0	0	0	0	0	0.458276	0.458276	0	0.458276	0.458276	0	0	0.458276	0.458276	0.458276	0.458276	0.458276	0.916493	0.458276	0.916493	0.916493	0.916493	1.83252	0.916493	0.916493	2.29021	2.29021	0.916493	1.37459	1.37459	0.916493	1.83252	0.916493	0.458276	0.458276	0.916493	0.916493	0	0	0	0.458276	0.458276	0.458276	0.458276	0.916493	1.83252	1.83252	0.916493	0.916493	1.37459	0.458276	0.916493	0.916493	0.916493	1.83252	0.916493	0.458276	0.458276	0.458276	0.458276	0.458276	0.458276	0	0	0	0	0	0	0	0	0	0	0	0	0	0	0	0	0	0	0	0.458276	0.458276	0	0	0	0	0	0	0	0.458276	0.458276	0	0	0	0	0	0	0	0	0	0	0	0	0	0	0	0	0	0	0.458276	0.458276	0	0	0	0	0	0	0.458276	0.458276	0	0	0.458276	0.458276	0	0.458276	0.458276	0	0	0.458276	0.458276	0	0	0.458276	0.458276	0	0	0	0.458276	0.458276	0.458276	0.458276	0	0.458276	0.458276	0.458276	0.458276	0	0.458276	0.458276	0.458276	0.458276	0.458276	0.458276	0.458276	0.458276	0.458276	0.458276	0	0.458276	0.458276	0.916493	0.916493	0.458276	0.458276	0.458276	0.458276	0	0.458276	0.458276	0.458276	0.916493	0.916493	0.458276	0.458276	0.916493	0.458276	0.458276	0.458276	0	0.458276	0.458276	0.916493	1.37459	0.916493	0.458276	0.458276	0.458276	0.458276	0.916493	0.458276	0.458276	0.916493	0.916493	0.458276	0.458276	0.458276	0.458276	0.916493	0.458276	0.458276	0.916493	0.458276	0.458276	0.916493	0.458276	0	0	0	0.458276	0.458276	0	0.458276	0.458276	0	0	0	0	0.458276	0.458276	0	0	0	0	0	0.458276	0.458276	0	0.458276	0.458276	0.458276	0.458276	0.458276	0.916493	0.916493	0.458276	0.458276	0.916493	0.458276	0.458276	0.458276	0.458276	0.916493
1.37446	0.458232	0.916405	1.83234	0.916405	0.916405	1.37446	0.458232	0.916405	1.37446	0.458232	0.458232	0.458232	0	0	0	0	0	0.458232	0.458232	0	0.458232	0.458232	0	0	0.458232	0.458232	0.458232	0.458232	0.458232	0.916405	0.458232	0.916405	0.916405	0.916405	1.83234	0.916405	0.916405	2.28999	2.28999	0.916405	1.37446	1.37446	0.916405	1.83234	0.916405	0.458232	0.458232	0.916405	0.916405	0	0	0	0.458232	0.458232	0.458232	0.458232	0.916405	1.83234	1.83234	0.916405	0.916405	1.37446	0.458232	0.916405	0.916405	0.916405	1.83234	0.916405	0.458232	0.458232	0.458232	0.458232	0.458232	0.458232	0	0	0	0	0	0	0	0	0	0	0	0	0	0	0	0	0	0	0	0.458232	0.458232	0	0	0	0	0	0	0	0.458232	0.458232	0	0	0	0	0	0	0	0	0	0	0	0	0	0	0	0	0	0	0.458232	0.458232	0	0	0	0	0	0	0.458232	0.458232	0	0	0.458232	0.458232	0	0.458232	0.458232	0	0	0.458232	0.458232	0	0	0.458232	0.458232	0	0	0	0.458232	0.458232	0.458232	0.458232	0	0.458232	0.458232	0.458232	0.458232	0	0.458232	0.458232	0.458232	0.458232	0.458232	0.458232	0.458232	0.458232	0.458232	0.458232	0	0.458232	0.458232	0.916405	0.916405	0.458232	0.458232	0.458232	0.458232	0	0.458232	0.458232	0.458232	0.916405	0.916405	0.458232	0.458232	0.916405	0.458232	0.458232	0.458232	0	0.458232	0.458232	0.916405	1.37446	0.916405	0.458232	0.458232	0.458232	0.458232	0.916405	0.458232	0.458232	0.916405	0.916405	0.458232	0.458232	0.458232	0.458232	0.916405	0.458232	0.458232	0.916405	0.458232	0.458232	0.916405	0.458232	0	0	0	0.458232	0.458232	0	0.458232	0.458232	0	0	0	0	0.458232	0.458232	0	0	0	0	0	0.458232	0.458232	0	0.458232	0.458232	0.458232	0.458232	0.458232	0.916405	0.916405	0.458232	0.458232	0.916405	0.458232	0.458232	0.458232	0.458232	0.916405
1.95002	1.17926	1.29581	2.04828	1.29581	1.3059	1.7888	1.17926	1.29581	1.62767	1.30594	1.61967	2.07384	2.28995	2.28995	2.28995	2.40704	2.7568	3.14251	3.23675	3.32045	3.59249	3.68929	3.66088	3.66088	3.68929	3.81791	4.04352	4.14225	4.14225	4.21706	4.14225	4.21706	4.21706	4.08202	4.14534	3.77321	3.77321	4.15787	3.96529	3.33221	3.18791	2.76624	2.46612	2.77092	2.10516	2.02912	2.24955	2.02912	1.38393	0.91639	0.91639	0.809996	0.809965	0.647988	0.667916	0.584071	0.916317	1.72154	1.75173	1.02447	1.02447	1.44865	0.647988	1.02447	1.02447	0.985321	1.84645	1.49329	1.44874	1.38393	1.23363	1.30594	1.44874	1.44874	1.37444	1.37444	1.37444	1.37444	1.37444	1.26513	1.03726	0.91639	0.91639	0.91639	0.91639	0.91639	0.91639	0.91639	0.91639	0.91639	0.91639	0.91639	0.91639	1.02452	1.02452	0.91639	0.91639	0.91639	0.91639	0.91639	0.91639	1.03726	1.08666	0.724488	0.458224	0.458224	0.458224	0.458224	0.458224	0.458224	0.458224	0.458224	0.458224	0.458224	0.458224	0.458224	0.458224	0.458224	0.458224	0.584114	0.809996	0.91639	0.872374	0.667941	0.458224	0.458224	0.458224	0.458224	0.458224	0.458224	0.647988	0.647988	0.458224	0.458224	0.486	0.362235	0.162003	0.512275	0.362235	0.162003	0.362258	0.647988	0.647988	0.458224	0.458224	0.486	0.362235	0	0.162003	0.362258	0.486	0.512275	0.512275	0.362235	0.162003	0.512275	0.362235	0.458188	0.458188	0.162003	0.512275	0.362235	0.458188	0.584071	0.512275	0.362235	0.458188	0.458188	0.458188	0.584071	0.362258	0.486	0.362235	0.916317	0.916317	0.458188	0.458188	0.458188	0.458188	0	0.458188	0.458188	0.458188	0.916317	0.916317	0.458188	0.458188	0.916317	0.458188	0.458188	0.458188	0.162003	0.667916	0.647988	0.872326	1.26503	0.916317	0.458188	0.458188	0.458188	0.458188	1.03718	0.667916	0.486	0.809934	0.916317	0.458188	0.362235	0.486	0.647988	1.02447	0.647988	0.667916	1.03718	0.458188	0.458188	0.916317	0.458188	0.162003	0.362258	0.458224	0.667941	0.944584	1.26513	1.30594	1.08666	1.03726	1.26513	1.49332	1.72167	1.88866	2.02912	2.17857	2.28995	2.28995	2.28995	2.28995	2.20249	1.9768	1.83231	1.75186	1.52803	1.30594	1.08666	0.872374	0.825991	0.687263	0.486	0.647988	0.985321	0.872374	1.02452	1.02452	0.985346	1.17921
2.12962	1.30578	1.29569	2.04809	1.29569	1.17915	1.78862	1.30578	1.29569	1.45758	1.26501	1.61951	2.07364	2.28973	2.28973	2.28973	2.42846	2.83143	3.19171	3.23644	3.33583	3.63548	3.68894	3.66053	3.66053	3.68894	3.85832	4.08163	4.14186	4.14186	4.21666	4.14186	4.21666	4.21666	4.04314	4.05597	3.77285	3.77285	4.04307	3.84471	3.33189	3.0536	2.61026	2.46588	2.63516	2.02893	2.10496	2.31812	1.94992	1.26501	0.916302	0.916302	0.87229	0.985226	0.647925	0.872242	0.809856	0.916229	1.49306	1.52778	1.02437	1.02437	1.44851	0.647925	1.02437	1.02437	0.809887	1.46653	1.3838	1.4486	1.49315	1.23351	1.26501	1.4486	1.4486	1.37431	1.37431	1.37431	1.37431	1.37431	1.30581	1.08655	0.916302	0.916302	0.916302	0.916302	0.916302	0.916302	0.916302	0.916302	0.916302	0.916302	0.916302	0.916302	1.02442	1.02442	0.916302	0.916302	0.916302	0.916302	0.916302	0.916302	1.08655	1.03716	0.724418	0.458181	0.458181	0.458181	0.458181	0.458181	0.458181	0.458181	0.458181	0.458181	0.458181	0.458181	0.458181	0.458181	0.458181	0.458181	0.667877	0.87229	0.916302	0.809918	0.584058	0.458181	0.458181	0.458181	0.458181	0.458181	0.458181	0.647925	0.647925	0.458181	0.458181	0.362224	0.161988	0.3622	0.512226	0.161988	0.3622	0.485953	0.647925	0.647925	0.458181	0.458181	0.362224	0.161988	0	0.3622	0.485953	0.362224	0.512226	0.512226	0.161988	0.3622	0.512226	0.161988	0.458144	0.458144	0.3622	0.512226	0.161988	0.458144	0.809856	0.512226	0.161988	0.458144	0.458144	0.458144	0.809856	0.485953	0.362224	0.161988	0.916229	0.916229	0.458144	0.458144	0.458144	0.458144	0	0.458144	0.458144	0.458144	0.916229	0.916229	0.458144	0.458144	0.916229	0.458144	0.458144	0.458144	0.3622	0.872242	0.647925	0.667852	1.03708	0.916229	0.458144	0.458144	0.458144	0.458144	1.26491	0.872242	0.362224	0.584015	0.916229	0.458144	0.161988	0.362224	0.647925	1.02437	0.647925	0.872242	1.26491	0.458144	0.458144	0.916229	0.458144	0.3622	0.485953	0.458181	0.584058	0.944493	1.30581	1.26501	1.03716	1.08655	1.30581	1.52789	1.75169	1.88847	2.10496	2.20228	2.28973	2.28973	2.28973	2.28973	2.17837	1.94992	1.83214	1.72151	1.49318	1.26501	1.03716	0.809918	0.51225	0.229076	0.362224	0.647925	0.809887	0.809918	1.02442	1.02442	1.13377	1.38372
1.83181	0.916141	0.916141	1.83181	0.916141	0.4581	1.37407	0.916141	0.916141	0.916141	0	0.4581	0.4581	0	0	0	0.4581	0.916141	0.916141	0.4581	0.4581	0.916141	0.4581	0	0	0.4581	0.916141	0.916141	0.4581	0.4581	0.916141	0.4581	0.916141	0.916141	0.4581	1.37407	0.916141	0.916141	1.83181	1.83181	0.916141	0.4581	0.4581	0.916141	1.37407	0.4581	0.916141	0.916141	0.4581	0.4581	0	0	0.4581	0.916141	0.4581	0.916141	0.916141	0.916141	1.37407	1.37407	0.916141	0.916141	1.37407	0.4581	0.916141	0.916141	0.4581	0.916141	0.4581	0.4581	0.916141	0.4581	0	0.4581	0.4581	0	0	0	0	0	0.4581	0.4581	0	0	0	0	0	0	0	0	0	0	0	0	0.4581	0.4581	0	0	0	0	0	0	0.4581	0	0.4581	0	0	0	0	0	0	0	0	0	0	0	0	0	0	0	0.4581	0.4581	0	0	0	0	0	0	0	0	0	0.4581	0.4581	0	0	0	0	0.4581	0.4581	0	0.4581	0.4581	0.4581	0.4581	0	0	0	0	0	0.4581	0.4581	0	0.4581	0.4581	0	0.4581	0.4581	0	0.4581	0.4581	0.4581	0.4581	0	0.4581	0.916141	0.4581	0	0.4581	0.4581	0.4581	0.916141	0.4581	0	0	0.916141	0.916141	0.4581	0.4581	0.4581	0.4581	0	0.4581	0.4581	0.4581	0.916141	0.916141	0.4581	0.4581	0.916141	0.4581	0.4581	0.4581	0.4581	0.916141	0.4581	0.4581	0.916141	0.916141	0.4581	0.4581	0.4581	0.4581	1.37407	0.916141	0	0.4581	0.916141	0.4581	0	0	0.4581	0.916141	0.4581	0.916141	1.37407	0.4581	0.4581	0.916141	0.4581	0.4581	0.4581	0	0	0.4581	0.4581	0	0	0.4581	0.4581	0.4581	0.4581	0.4581	0.916141	0.4581	0	0	0	0	0	0	0	0	0	0	0	0	0	0	0	0.4581	0.4581	0	0.4581	0.4581	0.916141	1.37407
1.83167	0.916068	0.916068	1.83167	0.916068	0.458063	1.37396	0.916068	0.916068	0.916068	0	0.458063	0.458063	0	0	0	0.458063	0.916068	0.916068	0.458063	0.458063	0.916068	0.458063	0	0	0.458063	0.916068	0.916068	0.458063	0.458063	0.916068	0.458063	0.916068	0.916068	0.458063	1.37396	0.916068	0.916068	1.83167	1.83167	0.916068	0.458063	0.458063	0.916068	1.37396	0.458063	0.916068	0.916068	0.458063	0.458063	0	0	0.458063	0.916068	0.458063	0.916068	0.916068	0.916068	1.37396	1.37396	0.916068	0.916068	1.37396	0.458063	0.916068	0.916068	0.458063	0.916068	0.458063	0.458063	0.916068	0.458063	0	0.458063	0.458063	0	0	0	0	0	0.458063	0.458063	0	0	0	0	0	0	0	0	0	0	0	0	0.458063	0.458063	0	0	0	0	0	0	0.458063	0	0.458063	0	0	0	0	0	0	0	0	0	0	0	0	0	0	0	0.458063	0.458063	0	0	0	0	0	0	0	0	0	0.458063	0.458063	0	0	0	0	0.458063	0.458063	0	0.458063	0.458063	0.458063	0.458063	0	0	0	0	0	0.458063	0.458063	0	0.458063	0.458063	0	0.458063	0.458063	0	0.458063	0.458063	0.458063	0.458063	0	0.458063	0.916068	0.458063	0	0.458063	0.458063	0.458063	0.916068	0.458063	0	0	0.916068	0.916068	0.458063	0.458063	0.458063	0.458063	0	0.458063	0.458063	0.458063	0.916068	0.916068	0.458063	0.458063	0.916068	0.458063	0.458063	0.458063	0.458063	0.916068	0.458063	0.458063	0.916068	0.916068	0.458063	0.458063	0.458063	0.458063	1.37396	0.916068	0	0.458063	0.916068	0.458063	0	0	0.458063	0.916068	0.458063	0.916068	1.37396	0.458063	0.458063	0.916068	0.458063	0.458063	0.458063	0	0	0.458063	0.458063	0	0	0.458063	0.458063	0.458063	0.458063	0.458063	0.916068	0.458063	0	0	0	0	0	0	0	0	0	0	0	0	0	0	0	0.458063	0.458063	0	0.458063	0.458063	0.916068	1.37396
1.83149	0.91598	0.91598	1.83149	0.91598	0.458019	1.37382	0.91598	0.91598	0.91598	0	0.458019	0.458019	0	0	0	0.458019	0.91598	0.91598	0.458019	0.458019	0.91598	0.458019	0	0	0.458019	0.91598	0.91598	0.458019	0.458019	0.91598	0.458019	0.91598	0.91598	0.458019	1.37382	0.91598	0.91598	1.83149	1.83149	0.91598	0.458019	0.458019	0.91598	1.37382	0.458019	0.91598	0.91598	0.458019	0.458019	0	0	0.458019	0.91598	0.458019	0.91598	0.91598	0.91598	1.37382	1.37382	0.91598	0.91598	1.37382	0.458019	0.91598	0.91598	0.458019	0.91598	0.458019	0.458019	0.91598	0.458019	0	0.458019	0.458019	0	0	0	0	0	0.458019	0.458019	0	0	0	0	0	0	0	0	0	0	0	0	0.458019	0.458019	0	0	0	0	0	0	0.458019	0	0.458019	0	0	0	0	0	0	0	0	0	0	0	0	0	0	0	0.458019	0.458019	0	0	0	0	0	0	0	0	0	0.458019	0.458019	0	0	0	0	0.458019	0.458019	0	0.458019	0.458019	0.458019	0.458019	0	0	0	0	0	0.458019	0.458019	0	0.458019	0.458019	0	0.458019	0.458019	0	0.458019	0.458019	0.458019	0.458019	0	0.458019	0.91598	0.458019	0	0.458019	0.458019	0.458019	0.91598	0.458019	0	0	0.91598	0.91598	0.458019	0.458019	0.458019	0.458019	0	0.458019	0.458019	0.458019	0.91598	0.91598	0.458019	0.458019	0.91598	0.458019	0.458019	0.458019	0.458019	0.91598	0.458019	0.458019	0.91598	0.91598	0.458019	0.458019	0.458019	0.458019	1.37382	0.91598	0	0.458019	0.91598	0.458019	0	0	0.458019	0.91598	0.458019	0.91598	1.37382	0.458019	0.458019	0.91598	0.458019	0.458019	0.458019	0	0	0.458019	0.458019	0	0	0.458019	0.458019	0.458019	0.458019	0.458019	0.91598	0.458019	0	0	0	0	0	0	0	0	0	0	0	0	0	0	0	0.458019	0.458019	0	0.458019	0.458019	0.91598	1.37382
1.88765	1.02399	0.871919	1.60253	0.871919	0.647682	1.38321	1.13334	1.33507	1.80985	2.17753	2.20143	2.11038	2.17753	2.40589	2.63421	2.65399	2.53298	2.31724	1.97585	1.88775	2.20141	2.24847	2.40589	2.63421	2.7838	2.89426	2.89426	2.7838	2.7838	2.89426	2.7838	2.75072	2.53298	2.47025	2.86702	2.53298	2.46494	2.76961	2.43285	1.69011	1.30531	1.08614	1.13334	1.38321	0.647682	0.724104	0.724104	0.809583	0.984879	1.03676	1.26453	1.44805	1.65091	1.44805	1.49258	1.30528	1.13334	1.38321	1.30524	0.809558	0.809558	1.39264	0.5838	0.724104	0.971471	1.02403	1.2952	1.02403	1.02403	1.30528	1.23304	1.03676	1.08614	1.30531	1.37378	1.26453	1.03676	0.915951	0.915951	1.08614	1.30531	1.37378	1.37378	1.26453	1.03676	0.915951	0.915951	0.915951	0.915951	0.915951	0.915951	0.915951	0.915951	0.871958	0.667624	0.458005	0.458005	0.458005	0.583835	0.809608	0.915951	0.871958	0.686989	0.871958	0.915951	0.915951	0.809608	0.583835	0.458005	0.458005	0.458005	0.458005	0.458005	0.458005	0.458005	0.458005	0.458005	0.458005	0.583835	0.825624	0.667624	0.458005	0.362085	0.161927	0	0	0	0.161927	0.362085	0.458005	0.647682	0.647682	0.458005	0.458005	0.458005	0.458005	0.647682	0.647682	0.458005	0.485771	0.362067	0.457975	0.457975	0.161927	0.362085	0.458005	0.458005	0.458005	0.647682	0.647682	0.458005	0.647682	0.647682	0.458005	0.647682	0.647682	0.458005	0.647682	0.647682	0.485771	0.512036	0.362085	0.647682	0.871919	0.512036	0.362085	0.647682	0.647682	0.647682	0.871919	0.362067	0.161927	0.362085	0.871919	0.809558	0.457975	0.457975	0.457975	0.5838	0.362085	0.485771	0.362067	0.457975	0.915892	0.915892	0.457975	0.457975	0.915892	0.457975	0.457975	0.457975	0.5838	1.08608	0.647682	0.647682	1.02399	1.02399	0.647682	0.647682	0.647682	0.647682	1.30524	0.809558	0	0.457975	0.915892	0.457975	0.161927	0.362085	0.647682	1.02399	0.647682	0.871919	1.39264	0.667603	0.647682	1.17866	0.984879	1.02403	1.1787	1.26453	1.49261	1.80985	1.88775	1.83143	1.83143	1.88775	2.02815	2.38951	2.6931	2.7838	2.89426	2.7838	2.8625	3.09072	3.20276	3.20276	3.20276	3.20276	2.98319	2.42753	1.94917	1.72085	1.49261	1.26453	1.03676	0.915951	0.915951	0.724141	0.323851	0	0.457975	0.457975	0.809558	1.30524
1.88746	1.02389	0.667539	1.1447	0.667539	0.64762	1.17855	0.984785	1.16744	1.72068	2.20122	2.17732	2.11018	2.20122	2.4273	2.65373	2.63396	2.47002	2.24826	1.94899	1.88757	2.31699	2.31702	2.4273	2.65373	2.78353	2.89398	2.89398	2.78353	2.78353	2.89398	2.78353	2.69284	2.47002	2.53274	2.86674	2.47002	2.4647	2.63391	2.15918	1.59427	1.26441	1.03666	0.984785	1.17855	0.64762	0.32382	0.32382	0.984764	1.13324	1.08604	1.30519	1.44791	1.65075	1.44791	1.38314	1.17859	0.984785	1.17855	1.08598	0.583744	0.583744	1.3925	0.809481	0.32382	0.724072	1.02393	1.29507	1.02393	1.02393	1.17859	1.23292	1.08604	1.03666	1.26441	1.37365	1.30519	1.08604	0.915863	0.915863	1.03666	1.26441	1.37365	1.37365	1.30519	1.08604	0.915863	0.915863	0.915863	0.915863	0.915863	0.915863	0.915863	0.915863	0.80953	0.583779	0.457961	0.457961	0.457961	0.66756	0.871874	0.915863	0.80953	0.686923	0.80953	0.915863	0.915863	0.871874	0.66756	0.457961	0.457961	0.457961	0.457961	0.457961	0.457961	0.457961	0.457961	0.457961	0.457961	0.66756	0.825545	0.583779	0.457961	0.485724	0.362032	0	0	0	0.362032	0.485724	0.457961	0.64762	0.64762	0.457961	0.457961	0.457961	0.457961	0.64762	0.64762	0.457961	0.36205	0.161911	0.457932	0.457932	0.362032	0.485724	0.457961	0.457961	0.457961	0.64762	0.64762	0.457961	0.64762	0.64762	0.457961	0.64762	0.64762	0.457961	0.64762	0.64762	0.36205	0.511987	0.485724	0.64762	0.667539	0.511987	0.485724	0.64762	0.64762	0.64762	0.667539	0.161911	0.362032	0.485724	0.667539	0.583744	0.457932	0.457932	0.457932	0.809481	0.485724	0.36205	0.161911	0.457932	0.915805	0.915805	0.457932	0.457932	0.915805	0.457932	0.457932	0.457932	0.809481	1.30511	0.64762	0.64762	1.02389	1.02389	0.64762	0.64762	0.64762	0.64762	1.08598	0.583744	0	0.457932	0.915805	0.457932	0.362032	0.485724	0.64762	1.02389	0.64762	0.667539	1.3925	0.871836	0.64762	1.38308	1.13324	1.02393	1.30516	1.30519	1.52716	1.89448	1.88757	1.83126	1.83126	1.88757	2.10396	2.5584	2.75046	2.78353	2.89398	2.78353	2.88042	3.10727	3.20245	3.20245	3.20245	3.20245	3.05214	2.61401	1.97566	1.75085	1.52716	1.30519	1.08604	0.915863	0.915863	0.724072	0.32382	0	0.457932	0.457932	0.583744	1.08598
1.83097	0.915717	0.457888	0.915717	0.457888	0.457888	0.915717	0.457888	0	0.457888	0.457888	0	0.457888	0.457888	0.457888	0.457888	0	0.457888	0.457888	0	0.457888	1.37343	0.915717	0.457888	0.457888	0.457888	0.915717	0.915717	0.457888	0.457888	0.915717	0.457888	0.457888	0.457888	0.915717	1.37343	0.457888	0.915717	1.37343	0.915717	0.457888	0	0	0.457888	0.915717	0.457888	0	0	0.915717	0.915717	0.457888	0.457888	0.457888	0.915717	0.457888	0.457888	0.457888	0.457888	0.915717	0.915717	0.457888	0.457888	1.37343	0.915717	0	0	0.457888	0.915717	0.457888	0.457888	0.457888	0.457888	0.457888	0	0	0	0.457888	0.457888	0	0	0	0	0	0	0.457888	0.457888	0	0	0	0	0	0	0	0	0	0	0	0	0	0.457888	0.457888	0	0	0	0	0	0	0.457888	0.457888	0	0	0	0	0	0	0	0	0	0	0.457888	0.457888	0	0	0.457888	0.457888	0	0	0	0.457888	0.457888	0	0.457888	0.457888	0	0	0	0	0.457888	0.457888	0	0	0	0.457888	0.457888	0.457888	0.457888	0	0	0	0.457888	0.457888	0	0.457888	0.457888	0	0.457888	0.457888	0	0.457888	0.457888	0	0.457888	0.457888	0.457888	0.457888	0.457888	0.457888	0.457888	0.457888	0.457888	0.457888	0	0.457888	0.457888	0.457888	0.457888	0.457888	0.457888	0.457888	0.915717	0.457888	0	0	0.457888	0.915717	0.915717	0.457888	0.457888	0.915717	0.457888	0.457888	0.457888	0.915717	1.37343	0.457888	0.457888	0.915717	0.915717	0.457888	0.457888	0.457888	0.457888	0.915717	0.457888	0	0.457888	0.915717	0.457888	0.457888	0.457888	0.457888	0.915717	0.457888	0.457888	1.37343	0.915717	0.457888	1.37343	0.915717	0.457888	0.915717	0.457888	0.457888	0.915717	0.457888	0	0	0.457888	0.915717	1.37343	0.915717	0.457888	0.915717	0.457888	0.457888	0.457888	0	0	0	0	0.915717	1.37343	0.457888	0.457888	0.457888	0.457888	0.457888	0	0	0.457888	0.457888	0	0.457888	0.457888	0.457888	0.915717
1.83079	0.915629	0.457844	0.915629	0.457844	0.457844	0.915629	0.457844	0	0.457844	0.457844	0	0.457844	0.457844	0.457844	0.457844	0	0.457844	0.457844	0	0.457844	1.3733	0.915629	0.457844	0.457844	0.457844	0.915629	0.915629	0.457844	0.457844	0.915629	0.457844	0.457844	0.457844	0.915629	1.3733	0.457844	0.915629	1.3733	0.915629	0.457844	0	0	0.457844	0.915629	0.457844	0	0	0.915629	0.915629	0.457844	0.457844	0.457844	0.915629	0.457844	0.457844	0.457844	0.457844	0.915629	0.915629	0.457844	0.457844	1.3733	0.915629	0	0	0.457844	0.915629	0.457844	0.457844	0.457844	0.457844	0.457844	0	0	0	0.457844	0.457844	0	0	0	0	0	0	0.457844	0.457844	0	0	0	0	0	0	0	0	0	0	0	0	0	0.457844	0.457844	0	0	0	0	0	0	0.457844	0.457844	0	0	0	0	0	0	0	0	0	0	0.457844	0.457844	0	0	0.457844	0.457844	0	0	0	0.457844	0.457844	0	0.457844	0.457844	0	0	0	0	0.457844	0.457844	0	0	0	0.457844	0.457844	0.457844	0.457844	0	0	0	0.457844	0.457844	0	0.457844	0.457844	0	0.457844	0.457844	0	0.457844	0.457844	0	0.457844	0.457844	0.457844	0.457844	0.457844	0.457844	0.457844	0.457844	0.457844	0.457844	0	0.457844	0.457844	0.457844	0.457844	0.457844	0.457844	0.457844	0.915629	0.457844	0	0	0.457844	0.915629	0.915629	0.457844	0.457844	0.915629	0.457844	0.457844	0.457844	0.915629	1.3733	0.457844	0.457844	0.915629	0.915629	0.457844	0.457844	0.457844	0.457844	0.915629	0.457844	0	0.457844	0.915629	0.457844	0.457844	0.457844	0.457844	0.915629	0.457844	0.457844	1.3733	0.915629	0.457844	1.3733	0.915629	0.457844	0.915629	0.457844	0.457844	0.915629	0.457844	0	0	0.457844	0.915629	1.3733	0.915629	0.457844	0.915629	0.457844	0.457844	0.457844	0	0	0	0	0.915629	1.3733	0.457844	0.457844	0.457844	0.457844	0.457844	0	0	0.457844	0.457844	0	0.457844	0.457844	0.457844	0.915629
1.83061	0.915541	0.4578	0.915541	0.4578	0.4578	0.915541	0.4578	0	0.4578	0.4578	0	0.4578	0.4578	0.4578	0.4578	0	0.4578	0.4578	0	0.4578	1.37317	0.915541	0.4578	0.4578	0.4578	0.915541	0.915541	0.4578	0.4578	0.915541	0.4578	0.4578	0.4578	0.915541	1.37317	0.4578	0.915541	1.37317	0.915541	0.4578	0	0	0.4578	0.915541	0.4578	0	0	0.915541	0.915541	0.4578	0.4578	0.4578	0.915541	0.4578	0.4578	0.4578	0.4578	0.915541	0.915541	0.4578	0.4578	1.37317	0.915541	0	0	0.4578	0.915541	0.4578	0.4578	0.4578	0.4578	0.4578	0	0	0	0.4578	0.4578	0	0	0	0	0	0	0.4578	0.4578	0	0	0	0	0	0	0	0	0	0	0	0	0	0.4578	0.4578	0	0	0	0	0	0	0.4578	0.4578	0	0	0	0	0	0	0	0	0	0	0.4578	0.4578	0	0	0.4578	0.4578	0	0	0	0.4578	0.4578	0	0.4578	0.4578	0	0	0	0	0.4578	0.4578	0	0	0	0.4578	0.4578	0.4578	0.4578	0	0	0	0.4578	0.4578	0	0.4578	0.4578	0	0.4578	0.4578	0	0.4578	0.4578	0	0.4578	0.4578	0.4578	0.4578	0.4578	0.4578	0.4578	0.4578	0.4578	0.4578	0	0.4578	0.4578	0.4578	0.4578	0.4578	0.4578	0.4578	0.915541	0.4578	0	0	0.4578	0.915541	0.915541	0.4578	0.4578	0.915541	0.4578	0.4578	0.4578	0.915541	1.37317	0.4578	0.4578	0.915541	0.915541	0.4578	0.4578	0.4578	0.4578	0.915541	0.4578	0	0.4578	0.915541	0.4578	0.4578	0.4578	0.4578	0.915541	0.4578	0.4578	1.37317	0.915541	0.4578	1.37317	0.915541	0.4578	0.915541	0.4578	0.4578	0.915541	0.4578	0	0	0.4578	0.915541	1.37317	0.915541	0.4578	0.915541	0.4578	0.4578	0.4578	0	0	0	0	0.915541	1.37317	0.4578	0.4578	0.4578	0.4578	0.4578	0	0	0.4578	0.4578	0	0.4578	0.4578	0.4578	0.915541
1.52648	0.723757	0.647372	1.0235	0.647372	0.667304	1.14431	1.30468	1.37312	1.30468	1.08562	0.915512	1.02354	1.02354	0.87154	0.667304	0.583555	0.984407	1.17814	1.26392	1.44736	1.77977	1.30466	1.17814	1.38261	1.44736	1.65011	1.65011	1.44736	1.44736	1.65011	1.44736	1.30468	1.08562	1.29458	1.65007	1.02354	0.971006	1.0362	0.871501	0.647372	0.457785	0.457785	0.723794	1.38261	1.75018	1.94824	2.17649	2.17046	1.74268	1.44736	1.44736	1.44736	1.49186	1.08562	1.02354	1.02354	1.02354	1.1328	0.984387	0.647372	0.647372	1.16692	0.723757	0.361912	0.161849	0.361893	0.871501	0.647372	0.667304	0.825228	0.825228	0.87154	0.915512	0.915512	0.80922	0.825228	0.87154	0.80922	0.583555	0.457785	0.457785	0.457785	0.457785	0.667304	0.87154	0.915512	0.915512	0.915512	0.915512	0.915512	0.915512	0.915512	0.915512	0.915512	0.915512	0.915512	0.915512	0.915512	0.87154	0.667304	0.457785	0.457785	0.361912	0.161849	0	0	0.361893	0.485538	0.457785	0.457785	0.457785	0.457785	0.457785	0.457785	0.457785	0.457785	0.457785	0.457785	0.485538	0.361893	0	0	0.361893	0.485538	0.457785	0.457785	0.457785	0.647372	0.647372	0.457785	0.485538	0.361893	0.161849	0.361912	0.457785	0.457785	0.485538	0.51179	0.361912	0.457785	0.457785	0.647372	0.647372	0.485538	0.361893	0.161849	0.361912	0.457785	0.485538	0.361893	0.161849	0.667283	0.647372	0.457785	0.647372	0.647372	0.457785	0.647372	0.647372	0.457785	0.647372	0.647372	0.485538	0.51179	0.667283	0.647372	0.485538	0.361893	0.457756	0.58352	0.361912	0.485538	0.361893	0.457756	0.457756	0.457756	0.457756	0.457756	0.915453	0.457756	0.161849	0.361912	0.647372	1.0235	1.0235	0.647372	0.647372	1.0235	0.647372	0.647372	0.647372	0.871501	1.26384	0.457756	0.457756	0.915453	0.915453	0.457756	0.457756	0.457756	0.457756	0.915453	0.457756	0.161849	0.51179	0.80917	0.457756	0.457756	0.457756	0.457756	0.915453	0.457756	0.457756	1.4918	1.08556	0.809195	1.53504	0.984387	0.809195	1.46528	1.38261	1.59366	2.00119	1.88685	1.94824	2.17649	2.46907	2.97297	3.27371	2.96859	2.91536	3.25374	3.23366	3.10608	2.87932	2.86113	3.08924	2.98176	2.52661	2.53177	2.86564	2.46907	2.2474	2.02718	1.88685	1.80898	1.39205	1.03626	1.08562	1.23245	1.03626	0.87154	0.667304	0.485538	0.686616
0.871418	0.323665	0.647309	1.0234	0.647309	0.583499	0.943589	1.2638	1.37299	1.2638	1.03616	0.915424	1.02344	1.02344	0.809142	0.583499	0.66724	1.13269	1.30453	1.30456	1.44722	1.62599	1.17803	1.30453	1.49172	1.44722	1.64996	1.64996	1.44722	1.44722	1.64996	1.44722	1.2638	1.03616	1.29445	1.64992	1.02344	0.723725	0.361858	0.66722	0.647309	0.457741	0.457741	0.723725	1.2638	1.71986	1.97472	2.20017	2.07165	1.61796	1.44722	1.44722	1.44722	1.38247	1.03616	1.02344	1.02344	1.02344	0.984313	0.809117	0.647309	0.647309	0.723688	0.323665	0.485491	0.361858	0.161834	0.66722	0.647309	0.583499	0.825149	0.825149	0.809142	0.915424	0.915424	0.871456	0.825149	0.809142	0.871456	0.66724	0.457741	0.457741	0.457741	0.457741	0.583499	0.809142	0.915424	0.915424	0.915424	0.915424	0.915424	0.915424	0.915424	0.915424	0.915424	0.915424	0.915424	0.915424	0.915424	0.809142	0.583499	0.457741	0.457741	0.485491	0.361858	0	0	0.161834	0.361877	0.457741	0.457741	0.457741	0.457741	0.457741	0.457741	0.457741	0.457741	0.457741	0.457741	0.361877	0.161834	0	0	0.161834	0.361877	0.457741	0.457741	0.457741	0.647309	0.647309	0.457741	0.361877	0.161834	0.361858	0.485491	0.457741	0.457741	0.361877	0.511741	0.485491	0.457741	0.457741	0.647309	0.647309	0.361877	0.161834	0.361858	0.485491	0.457741	0.361877	0.161834	0.361858	0.871418	0.647309	0.457741	0.647309	0.647309	0.457741	0.647309	0.647309	0.457741	0.647309	0.647309	0.361877	0.511741	0.871418	0.647309	0.361877	0.161834	0.457712	0.809093	0.485491	0.361877	0.161834	0.457712	0.457712	0.457712	0.457712	0.457712	0.915366	0.457712	0.361858	0.485491	0.647309	1.0234	1.0234	0.647309	0.647309	1.0234	0.647309	0.647309	0.647309	0.66722	1.0361	0.457712	0.457712	0.915366	0.915366	0.457712	0.457712	0.457712	0.457712	0.915366	0.457712	0.361858	0.511741	0.583464	0.457712	0.457712	0.457712	0.457712	0.915366	0.457712	0.457712	1.71975	1.30449	0.984292	1.5349	0.809117	0.984292	1.84453	1.49172	1.68914	2.12764	1.88667	1.97472	2.20017	2.53152	3.17633	3.2734	2.91508	2.9683	3.33261	3.23335	3.08894	2.86085	2.87904	3.10579	3.05068	2.60777	2.46883	2.86537	2.53152	2.31591	2.10295	1.88667	1.89357	1.53496	1.08552	1.03616	1.23233	1.08552	0.809142	0.583499	0.361877	0.22886
0.457668	0	0.457668	0.915278	0.457668	0	0	0	0	0	0	0	0.457668	0.457668	0	0	0.457668	0.915278	0.915278	0.457668	0.457668	0.915278	0.457668	0.915278	0.915278	0.457668	0.915278	0.915278	0.457668	0.457668	0.915278	0.457668	0	0	0.915278	1.37277	0.457668	0	0	0.457668	0.457668	0	0	0.457668	0.457668	0	0.457668	0.457668	0	0	0.457668	0.457668	0.457668	0.457668	0	0.457668	0.457668	0.457668	0.457668	0.457668	0.457668	0.457668	0.457668	0	0.457668	0.457668	0	0.457668	0.457668	0	0.457668	0.457668	0	0	0	0.457668	0.457668	0	0.457668	0.457668	0	0	0	0	0	0	0	0	0	0	0	0	0	0	0	0	0	0	0	0	0	0	0	0.457668	0.457668	0	0	0	0	0	0	0	0	0	0	0	0	0	0	0	0	0	0	0	0	0	0	0	0.457668	0.457668	0	0	0	0.457668	0.457668	0	0	0	0.457668	0.457668	0	0	0.457668	0.457668	0	0	0.457668	0.457668	0	0	0	0.457668	0.915278	0.457668	0	0.457668	0.457668	0	0.457668	0.457668	0	0.457668	0.457668	0	0.457668	0.915278	0.457668	0	0	0.457668	0.915278	0.457668	0	0	0.457668	0.457668	0.457668	0.457668	0.457668	0.915278	0.457668	0.457668	0.457668	0.457668	0.915278	0.915278	0.457668	0.457668	0.915278	0.457668	0.457668	0.457668	0.457668	0.915278	0.457668	0.457668	0.915278	0.915278	0.457668	0.457668	0.457668	0.457668	0.915278	0.457668	0.457668	0.457668	0.457668	0.457668	0.457668	0.457668	0.457668	0.915278	0.457668	0.457668	1.83009	1.37277	0.915278	1.37277	0.457668	0.915278	1.83009	0.915278	0.915278	1.37277	0.457668	0.457668	0.457668	0.915278	1.83009	1.37277	0.457668	0.915278	1.37277	0.457668	0	0	0.457668	0.457668	0.915278	0.915278	0.457668	1.37277	0.915278	0.915278	0.915278	0.457668	0.915278	0.915278	0.457668	0	0.457668	0.457668	0	0	0	0
0.457624	0	0.457624	0.91519	0.457624	0	0	0	0	0	0	0	0.457624	0.457624	0	0	0.457624	0.91519	0.91519	0.457624	0.457624	0.91519	0.457624	0.91519	0.91519	0.457624	0.91519	0.91519	0.457624	0.457624	0.91519	0.457624	0	0	0.91519	1.37264	0.457624	0	0	0.457624	0.457624	0	0	0.457624	0.457624	0	0.457624	0.457624	0	0	0.457624	0.457624	0.457624	0.457624	0	0.457624	0.457624	0.457624	0.457624	0.457624	0.457624	0.457624	0.457624	0	0.457624	0.457624	0	0.457624	0.457624	0	0.457624	0.457624	0	0	0	0.457624	0.457624	0	0.457624	0.457624	0	0	0	0	0	0	0	0	0	0	0	0	0	0	0	0	0	0	0	0	0	0	0	0.457624	0.457624	0	0	0	0	0	0	0	0	0	0	0	0	0	0	0	0	0	0	0	0	0	0	0	0.457624	0.457624	0	0	0	0.457624	0.457624	0	0	0	0.457624	0.457624	0	0	0.457624	0.457624	0	0	0.457624	0.457624	0	0	0	0.457624	0.91519	0.457624	0	0.457624	0.457624	0	0.457624	0.457624	0	0.457624	0.457624	0	0.457624	0.91519	0.457624	0	0	0.457624	0.91519	0.457624	0	0	0.457624	0.457624	0.457624	0.457624	0.457624	0.91519	0.457624	0.457624	0.457624	0.457624	0.91519	0.91519	0.457624	0.457624	0.91519	0.457624	0.457624	0.457624	0.457624	0.91519	0.457624	0.457624	0.91519	0.91519	0.457624	0.457624	0.457624	0.457624	0.91519	0.457624	0.457624	0.457624	0.457624	0.457624	0.457624	0.457624	0.457624	0.91519	0.457624	0.457624	1.82991	1.37264	0.91519	1.37264	0.457624	0.91519	1.82991	0.91519	0.91519	1.37264	0.457624	0.457624	0.457624	0.91519	1.82991	1.37264	0.457624	0.91519	1.37264	0.457624	0	0	0.457624	0.457624	0.91519	0.91519	0.457624	1.37264	0.91519	0.91519	0.91519	0.457624	0.91519	0.91519	0.457624	0	0.457624	0.457624	0	0	0	0
0.45758	0	0.45758	0.915103	0.45758	0	0	0	0	0	0	0	0.45758	0.45758	0	0	0.45758	0.915103	0.915103	0.45758	0.45758	0.915103	0.45758	0.915103	0.915103	0.45758	0.915103	0.915103	0.45758	0.45758	0.915103	0.45758	0	0	0.915103	1.37251	0.45758	0	0	0.45758	0.45758	0	0	0.45758	0.45758	0	0.45758	0.45758	0	0	0.45758	0.45758	0.45758	0.45758	0	0.45758	0.45758	0.45758	0.45758	0.45758	0.45758	0.45758	0.45758	0	0.45758	0.45758	0	0.45758	0.45758	0	0.45758	0.45758	0	0	0	0.45758	0.45758	0	0.45758	0.45758	0	0	0	0	0	0	0	0	0	0	0	0	0	0	0	0	0	0	0	0	0	0	0	0.45758	0.45758	0	0	0	0	0	0	0	0	0	0	0	0	0	0	0	0	0	0	0	0	0	0	0	0.45758	0.45758	0	0	0	0.45758	0.45758	0	0	0	0.45758	0.45758	0	0	0.45758	0.45758	0	0	0.45758	0.45758	0	0	0	0.45758	0.915103	0.45758	0	0.45758	0.45758	0	0.45758	0.45758	0	0.45758	0.45758	0	0.45758	0.915103	0.45758	0	0	0.45758	0.915103	0.45758	0	0	0.45758	0.45758	0.45758	0.45758	0.45758	0.915103	0.45758	0.45758	0.45758	0.45758	0.915103	0.915103	0.45758	0.45758	0.915103	0.45758	0.45758	0.45758	0.45758	0.915103	0.45758	0.45758	0.915103	0.915103	0.45758	0.45758	0.45758	0.45758	0.915103	0.45758	0.45758	0.45758	0.45758	0.45758	0.45758	0.45758	0.45758	0.915103	0.45758	0.45758	1.82974	1.37251	0.915103	1.37251	0.45758	0.915103	1.82974	0.915103	0.915103	1.37251	0.45758	0.45758	0.45758	0.915103	1.82974	1.37251	0.45758	0.915103	1.37251	0.45758	0	0	0.45758	0.45758	0.915103	0.915103	0.45758	1.37251	0.915103	0.915103	0.915103	0.45758	0.915103	0.915103	0.45758	0	0.45758	0.45758	0	0	0	0
0.457537	0	0.457537	0.915015	0.457537	0	0	0	0	0	0	0	0.457537	0.457537	0	0	0.457537	0.915015	0.915015	0.457537	0.457537	0.915015	0.457537	0.915015	0.915015	0.457537	0.915015	0.915015	0.457537	0.457537	0.915015	0.457537	0	0	0.915015	1.37238	0.457537	0	0	0.457537	0.457537	0	0	0.457537	0.457537	0	0.457537	0.457537	0	0	0.457537	0.457537	0.457537	0.457537	0	0.457537	0.457537	0.457537	0.457537	0.457537	0.457537	0.457537	0.457537	0	0.457537	0.457537	0	0.457537	0.457537	0	0.457537	0.457537	0	0	0	0.457537	0.457537	0	0.457537	0.457537	0	0	0	0	0	0	0	0	0	0	0	0	0	0	0	0	0	0	0	0	0	0	0	0.457537	0.457537	0	0	0	0	0	0	0	0	0	0	0	0	0	0	0	0	0	0	0	0	0	0	0	0.457537	0.457537	0	0	0	0.457537	0.457537	0	0	0	0.457537	0.457537	0	0	0.457537	0.457537	0	0	0.457537	0.457537	0	0	0	0.457537	0.915015	0.457537	0	0.457537	0.457537	0	0.457537	0.457537	0	0.457537	0.457537	0	0.457537	0.915015	0.457537	0	0	0.457537	0.915015	0.457537	0	0	0.457537	0.457537	0.457537	0.457537	0.457537	0.915015	0.457537	0.457537	0.457537	0.457537	0.915015	0.915015	0.457537	0.457537	0.915015	0.457537	0.457537	0.457537	0.457537	0.915015	0.457537	0.457537	0.915015	0.915015	0.457537	0.457537	0.457537	0.457537	0.915015	0.457537	0.457537	0.457537	0.457537	0.457537	0.457537	0.457537	0.457537	0.915015	0.457537	0.457537	1.82956	1.37238	0.915015	1.37238	0.457537	0.915015	1.82956	0.915015	0.915015	1.37238	0.457537	0.457537	0.457537	0.915015	1.82956	1.37238	0.457537	0.915015	1.37238	0.457537	0	0	0.457537	0.457537	0.915015	0.915015	0.457537	1.37238	0.915015	0.915015	0.915015	0.457537	0.915015	0.915015	0.457537	0	0.457537	0.457537	0	0	0	0
0.457493	0	0.457493	0.808705	0.485259	0.457522	0.457522	0.457522	0.457522	0.457522	0.457522	0.583219	0.824754	0.66692	0.583219	0.808755	0.871039	0.983821	1.02291	0.646999	0.646999	1.02291	0.646999	0.871	0.808705	0.457493	0.808705	0.871	0.646999	0.646999	1.02291	0.646999	0.361703	0.161756	0.723341	1.33362	1.02295	0.914986	0.914986	1.085	1.30394	1.49103	1.71904	1.74917	1.52569	1.37233	1.30394	1.085	1.03567	1.2632	1.30394	1.085	0.871039	0.824754	0.808755	0.871039	0.66692	0.485259	0.511496	0.511496	0.361685	0.457493	0.457493	0	0.457493	0.457493	0	0.361685	0.485259	0.361703	0.511496	0.485259	0.457522	0.457522	0.457522	0.66692	0.824754	0.583219	0.66692	0.871039	0.808755	0.583219	0.457522	0.457522	0.457522	0.457522	0.457522	0.457522	0.457522	0.457522	0.457522	0.457522	0.457522	0.457522	0.457522	0.457522	0.457522	0.457522	0.457522	0.457522	0.457522	0.457522	0.457522	0.66692	0.871039	0.808755	0.583219	0.457522	0.457522	0.457522	0.457522	0.457522	0.457522	0.457522	0.457522	0.457522	0.457522	0.457522	0.457522	0.361703	0.161756	0	0	0	0	0.161756	0.361703	0.457522	0.485259	0.361685	0	0	0.161756	0.511496	0.361685	0	0	0	0.457493	0.457493	0	0	0.457493	0.457493	0	0	0.457493	0.457493	0	0.161756	0.361703	0.485259	0.808705	0.583185	0.361703	0.485259	0.511496	0.361703	0.485259	0.361685	0.161756	0.6669	0.646999	0.457522	0.646999	0.871	0.361685	0.161756	0.361703	0.485259	0.808705	0.457493	0.161756	0.361703	0.646999	0.646999	0.485259	0.361685	0.457493	0.914927	0.457493	0.457493	0.457493	0.457493	0.914927	0.914927	0.457493	0.457493	0.914927	0.457493	0.457493	0.457493	0.457493	0.914927	0.457493	0.457493	0.914927	0.914927	0.457493	0.457493	0.457493	0.457493	0.914927	0.457493	0.457493	0.583185	0.511496	0.361685	0.457493	0.457493	0.457493	1.0356	0.6669	0.646999	1.74907	1.26312	0.914927	1.49094	0.6669	1.17742	2.2518	1.62521	1.64917	2.10189	1.80794	2.02602	2.24611	2.46234	2.92701	2.66587	2.33167	2.16921	1.9671	1.44653	1.49103	1.71904	1.88576	1.74917	1.89266	2.16921	2.33167	2.66587	2.46234	2.46234	2.46234	2.16921	1.94707	1.4555	1.02295	0.914986	1.085	1.30394	1.37233	1.37233	1.2632	1.03567
0.457449	0	0.457449	0.583129	0.361669	0.457478	0.457478	0.457478	0.457478	0.457478	0.457478	0.666856	0.824675	0.583163	0.666856	0.870955	0.808677	0.808652	1.02281	0.646937	0.646937	1.02281	0.646937	0.666836	0.583129	0.457449	0.583129	0.666836	0.646937	0.646937	1.02281	0.646937	0.485212	0.36165	0.323479	0.970355	1.02285	0.914898	0.914898	1.03557	1.26307	1.52555	1.74901	1.71887	1.49089	1.3722	1.26307	1.03557	1.08489	1.30381	1.26307	1.03557	0.808677	0.824675	0.870955	0.808677	0.583163	0.361669	0.511447	0.511447	0.161741	0.457449	0.457449	0	0.457449	0.457449	0	0.161741	0.361669	0.485212	0.511447	0.361669	0.457478	0.457478	0.457478	0.583163	0.824675	0.666856	0.583163	0.808677	0.870955	0.666856	0.457478	0.457478	0.457478	0.457478	0.457478	0.457478	0.457478	0.457478	0.457478	0.457478	0.457478	0.457478	0.457478	0.457478	0.457478	0.457478	0.457478	0.457478	0.457478	0.457478	0.457478	0.583163	0.808677	0.870955	0.666856	0.457478	0.457478	0.457478	0.457478	0.457478	0.457478	0.457478	0.457478	0.457478	0.457478	0.457478	0.457478	0.485212	0.36165	0	0	0	0	0.36165	0.485212	0.457478	0.361669	0.161741	0	0	0.36165	0.511447	0.161741	0	0	0	0.457449	0.457449	0	0	0.457449	0.457449	0	0	0.457449	0.457449	0	0.36165	0.485212	0.361669	0.583129	0.808628	0.485212	0.361669	0.511447	0.485212	0.361669	0.161741	0.36165	0.870917	0.646937	0.457478	0.646937	0.666836	0.161741	0.36165	0.485212	0.361669	0.583129	0.457449	0.36165	0.485212	0.646937	0.646937	0.361669	0.161741	0.457449	0.91484	0.457449	0.457449	0.457449	0.457449	0.91484	0.91484	0.457449	0.457449	0.91484	0.457449	0.457449	0.457449	0.457449	0.91484	0.457449	0.457449	0.91484	0.91484	0.457449	0.457449	0.457449	0.457449	0.91484	0.457449	0.457449	0.808628	0.511447	0.161741	0.457449	0.457449	0.457449	1.263	0.870917	0.646937	1.52546	1.0355	0.91484	1.71876	0.870917	1.38162	2.67528	1.77858	1.64901	2.26895	1.89248	2.10174	2.31458	2.46211	2.92673	2.66562	2.33145	2.07046	1.74151	1.44639	1.52555	1.74901	1.88558	1.71887	1.80777	2.07046	2.33145	2.66562	2.46211	2.46211	2.46211	2.3537	2.44608	1.62503	1.02285	0.914898	1.03557	1.26307	1.3722	1.3722	1.30381	1.08489
0.457405	0	0.457405	0.457405	0	0	0	0	0	0	0	0.457405	0.457405	0	0.457405	0.457405	0	0.457405	0.914752	0.457405	0.457405	0.914752	0.457405	0.457405	0.457405	0.457405	0.457405	0.457405	0.457405	0.457405	0.914752	0.457405	0.457405	0.457405	0	0.457405	0.457405	0	0	0	0	0.457405	0.457405	0	0	0	0	0	0.457405	0.457405	0	0	0	0.457405	0.457405	0	0	0	0.457405	0.457405	0	0.457405	0.457405	0	0.457405	0.457405	0	0	0	0.457405	0.457405	0	0	0	0	0	0.457405	0.457405	0	0	0.457405	0.457405	0	0	0	0	0	0	0	0	0	0	0	0	0	0	0	0	0	0	0	0	0	0	0	0.457405	0.457405	0	0	0	0	0	0	0	0	0	0	0	0	0.457405	0.457405	0	0	0	0	0.457405	0.457405	0	0	0	0	0	0.457405	0.457405	0	0	0	0	0.457405	0.457405	0	0	0.457405	0.457405	0	0	0.457405	0.457405	0	0.457405	0.457405	0	0.457405	0.914752	0.457405	0	0.457405	0.457405	0	0	0.457405	0.914752	0.457405	0	0.457405	0.457405	0	0.457405	0.457405	0	0.457405	0.457405	0.457405	0.457405	0.457405	0.457405	0	0	0.457405	0.914752	0.457405	0.457405	0.457405	0.457405	0.914752	0.914752	0.457405	0.457405	0.914752	0.457405	0.457405	0.457405	0.457405	0.914752	0.457405	0.457405	0.914752	0.914752	0.457405	0.457405	0.457405	0.457405	0.914752	0.457405	0.457405	0.914752	0.457405	0	0.457405	0.457405	0.457405	1.37198	0.914752	0.457405	1.37198	0.914752	0.914752	1.82904	0.914752	1.37198	2.74239	1.37198	0.914752	1.82904	0.914752	0.914752	0.914752	0.914752	1.82904	1.37198	0.457405	0	0.457405	0.457405	0.457405	0.457405	0.457405	0	0.457405	0	0.457405	1.37198	0.914752	0.914752	0.914752	1.37198	2.28586	1.37198	0.457405	0	0	0	0	0	0.457405	0.457405
0.457361	0	0.457361	0.457361	0	0	0	0	0	0	0	0.457361	0.457361	0	0.457361	0.457361	0	0.457361	0.914664	0.457361	0.457361	0.914664	0.457361	0.457361	0.457361	0.457361	0.457361	0.457361	0.457361	0.457361	0.914664	0.457361	0.457361	0.457361	0	0.457361	0.457361	0	0	0	0	0.457361	0.457361	0	0	0	0	0	0.457361	0.457361	0	0	0	0.457361	0.457361	0	0	0	0.457361	0.457361	0	0.457361	0.457361	0	0.457361	0.457361	0	0	0	0.457361	0.457361	0	0	0	0	0	0.457361	0.457361	0	0	0.457361	0.457361	0	0	0	0	0	0	0	0	0	0	0	0	0	0	0	0	0	0	0	0	0	0	0	0.457361	0.457361	0	0	0	0	0	0	0	0	0	0	0	0	0.457361	0.457361	0	0	0	0	0.457361	0.457361	0	0	0	0	0	0.457361	0.457361	0	0	0	0	0.457361	0.457361	0	0	0.457361	0.457361	0	0	0.457361	0.457361	0	0.457361	0.457361	0	0.457361	0.914664	0.457361	0	0.457361	0.457361	0	0	0.457361	0.914664	0.457361	0	0.457361	0.457361	0	0.457361	0.457361	0	0.457361	0.457361	0.457361	0.457361	0.457361	0.457361	0	0	0.457361	0.914664	0.457361	0.457361	0.457361	0.457361	0.914664	0.914664	0.457361	0.457361	0.914664	0.457361	0.457361	0.457361	0.457361	0.914664	0.457361	0.457361	0.914664	0.914664	0.457361	0.457361	0.457361	0.457361	0.914664	0.457361	0.457361	0.914664	0.457361	0	0.457361	0.457361	0.457361	1.37185	0.914664	0.457361	1.37185	0.914664	0.914664	1.82886	0.914664	1.37185	2.74213	1.37185	0.914664	1.82886	0.914664	0.914664	0.914664	0.914664	1.82886	1.37185	0.457361	0	0.457361	0.457361	0.457361	0.457361	0.457361	0	0.457361	0	0.457361	1.37185	0.914664	0.914664	0.914664	1.37185	2.28564	1.37185	0.457361	0	0	0	0	0	0.457361	0.457361
0.457317	0	0.457317	0.457317	0	0	0	0	0	0	0	0.457317	0.457317	0	0.457317	0.457317	0	0.457317	0.914577	0.457317	0.457317	0.914577	0.457317	0.457317	0.457317	0.457317	0.457317	0.457317	0.457317	0.457317	0.914577	0.457317	0.457317	0.457317	0	0.457317	0.457317	0	0	0	0	0.457317	0.457317	0	0	0	0	0	0.457317	0.457317	0	0	0	0.457317	0.457317	0	0	0	0.457317	0.457317	0	0.457317	0.457317	0	0.457317	0.457317	0	0	0	0.457317	0.457317	0	0	0	0	0	0.457317	0.457317	0	0	0.457317	0.457317	0	0	0	0	0	0	0	0	0	0	0	0	0	0	0	0	0	0	0	0	0	0	0	0.457317	0.457317	0	0	0	0	0	0	0	0	0	0	0	0	0.457317	0.457317	0	0	0	0	0.457317	0.457317	0	0	0	0	0	0.457317	0.457317	0	0	0	0	0.457317	0.457317	0	0	0.457317	0.457317	0	0	0.457317	0.457317	0	0.457317	0.457317	0	0.457317	0.914577	0.457317	0	0.457317	0.457317	0	0	0.457317	0.914577	0.457317	0	0.457317	0.457317	0	0.457317	0.457317	0	0.457317	0.457317	0.457317	0.457317	0.457317	0.457317	0	0	0.457317	0.914577	0.457317	0.457317	0.457317	0.457317	0.914577	0.914577	0.457317	0.457317	0.914577	0.457317	0.457317	0.457317	0.457317	0.914577	0.457317	0.457317	0.914577	0.914577	0.457317	0.457317	0.457317	0.457317	0.914577	0.457317	0.457317	0.914577	0.457317	0	0.457317	0.457317	0.457317	1.37172	0.914577	0.457317	1.37172	0.914577	0.914577	1.82869	0.914577	1.37172	2.74187	1.37172	0.914577	1.82869	0.914577	0.914577	0.914577	0.914577	1.82869	1.37172	0.457317	0	0.457317	0.457317	0.457317	0.457317	0.457317	0	0.457317	0	0.457317	1.37172	0.914577	0.914577	0.914577	1.37172	2.28542	1.37172	0.457317	0	0	0	0	0	0.457317	0.457317
0.666601	0.457303	0.485026	0.361512	0	0	0	0	0	0.161679	0.36153	0.485026	0.361512	0	0.457274	0.457274	0.161679	0.511251	0.808318	0.457274	0.457274	0.914489	0.457274	0.361512	0.485026	0.64669	0.64669	0.64669	0.64669	0.64669	0.98335	0.870622	1.02246	1.02246	0.914547	1.08448	1.30331	1.26259	1.03517	0.914547	0.914547	0.870622	0.666601	0.457303	0.457303	0.457303	0.457303	0.457303	0.64669	0.64669	0.457303	0.457303	0.457303	0.485026	0.361512	0.161679	0.36153	0.457303	0.485026	0.511251	0.36153	0.485026	0.361512	0	0.457274	0.457274	0	0	0	0.457274	0.457274	0	0	0	0	0	0.361512	0.485026	0.457303	0.457303	0.64669	0.64669	0.457303	0.457303	0.457303	0.457303	0.457303	0.457303	0.457303	0.457303	0.457303	0.457303	0.457303	0.457303	0.457303	0.457303	0.457303	0.457303	0.457303	0.457303	0.457303	0.457303	0.457303	0.457303	0.457303	0.666601	0.870622	0.808367	0.58294	0.457303	0.457303	0.457303	0.457303	0.457303	0.457303	0.457303	0.36153	0.161679	0	0.361512	0.485026	0.457303	0.457303	0.457303	0.457303	0.485026	0.361512	0	0	0.161679	0.36153	0.457303	0.485026	0.361512	0	0	0	0.161679	0.511251	0.361512	0	0	0.457274	0.457274	0.161679	0.36153	0.485026	0.511251	0.36153	0.485026	0.361512	0	0.457274	0.914489	0.457274	0	0.457274	0.457274	0	0	0.457274	0.808318	0.485026	0.36153	0.582906	0.457274	0	0.457274	0.457274	0	0.457274	0.457274	0.361512	0.485026	0.666581	0.582906	0	0	0.457274	0.914489	0.457274	0.457274	0.457274	0.457274	0.914489	0.914489	0.457274	0.457274	0.914489	0.457274	0.582906	0.666581	0.64669	1.02242	0.64669	0.64669	1.02242	1.02242	0.64669	0.64669	0.64669	0.64669	0.870583	0.361512	0.457274	0.914489	0.582906	0.36153	0.64669	0.64669	0.64669	1.44576	1.02242	0.64669	1.44576	1.02242	1.02242	2.02494	1.30326	1.64834	2.74637	1.38109	1.17686	2.10084	1.29321	1.4548	1.62443	1.64838	2.12556	1.62441	1.02246	1.03517	1.38115	1.44583	1.30331	1.08448	0.870622	0.808367	1.16576	1.37168	1.44583	1.93941	1.64838	1.64838	1.64838	1.94614	2.75117	2.50837	2.33055	2.1742	1.84285	1.49032	1.37168	1.37168	1.61641	2.06967
0.582893	0.457266	0.361501	0.161665	0	0	0	0	0	0.361478	0.484984	0.361501	0.161665	0	0.45723	0.45723	0.361478	0.511204	0.58285	0.45723	0.45723	0.914402	0.45723	0.161665	0.361501	0.646633	0.646633	0.646633	0.646633	0.646633	0.808272	0.808303	1.02238	1.02238	0.914475	1.03509	1.26249	1.30321	1.08439	0.914475	0.914475	0.808303	0.582893	0.457266	0.457266	0.457266	0.457266	0.457266	0.646633	0.646633	0.457266	0.457266	0.457266	0.361501	0.161665	0.361478	0.484984	0.457266	0.361501	0.511204	0.484984	0.361501	0.161665	0	0.45723	0.45723	0	0	0	0.45723	0.45723	0	0	0	0	0	0.161665	0.361501	0.457266	0.457266	0.646633	0.646633	0.457266	0.457266	0.457266	0.457266	0.457266	0.457266	0.457266	0.457266	0.457266	0.457266	0.457266	0.457266	0.457266	0.457266	0.457266	0.457266	0.457266	0.457266	0.457266	0.457266	0.457266	0.457266	0.457266	0.582893	0.808303	0.87055	0.666545	0.457266	0.457266	0.457266	0.457266	0.457266	0.457266	0.457266	0.484984	0.361478	0	0.161665	0.361501	0.457266	0.457266	0.457266	0.457266	0.361501	0.161665	0	0	0.361478	0.484984	0.457266	0.361501	0.161665	0	0	0	0.361478	0.511204	0.161665	0	0	0.45723	0.45723	0.361478	0.484984	0.361501	0.511204	0.484984	0.361501	0.161665	0	0.45723	0.914402	0.45723	0	0.45723	0.45723	0	0	0.45723	0.58285	0.361501	0.484984	0.808241	0.45723	0	0.45723	0.45723	0	0.45723	0.45723	0.161665	0.361501	0.870502	0.808241	0	0	0.45723	0.914402	0.45723	0.45723	0.45723	0.45723	0.914402	0.914402	0.45723	0.45723	0.914402	0.45723	0.808241	0.870502	0.646633	1.02233	0.646633	0.646633	1.02233	1.02233	0.646633	0.646633	0.646633	0.646633	0.66652	0.161665	0.45723	0.914402	0.808241	0.484984	0.646633	0.646633	0.646633	1.44562	1.02233	0.646633	1.44562	1.02233	1.02233	2.2447	1.49012	1.64819	2.52873	1.17675	1.38096	2.31336	1.2931	1.62427	1.77774	1.64824	1.94594	1.45467	1.02238	1.08439	1.49017	1.44572	1.26249	1.03509	0.808303	0.87055	1.16567	1.37157	1.44572	1.93924	1.64824	1.64824	1.64824	1.8069	2.42892	2.40198	2.33037	2.19789	1.95271	1.52484	1.37157	1.37157	1.61628	2.0695
0	0	0	0	0	0	0	0	0	0.457186	0.457186	0	0	0	0.457186	0.457186	0.457186	0.457186	0.457186	0.457186	0.457186	0.914314	0.457186	0	0	0.457186	0.457186	0.457186	0.457186	0.457186	0.457186	0	0.457186	0.457186	0	0	0	0.457186	0.457186	0	0	0	0	0	0	0	0	0	0.457186	0.457186	0	0	0	0	0	0.457186	0.457186	0	0	0.457186	0.457186	0	0	0	0.457186	0.457186	0	0	0	0.457186	0.457186	0	0	0	0	0	0	0	0	0	0.457186	0.457186	0	0	0	0	0	0	0	0	0	0	0	0	0	0	0	0	0	0	0	0	0	0	0	0	0	0.457186	0.457186	0	0	0	0	0	0	0	0.457186	0.457186	0	0	0	0	0	0	0	0	0	0	0	0.457186	0.457186	0	0	0	0	0	0	0.457186	0.457186	0	0	0	0.457186	0.457186	0.457186	0.457186	0	0.457186	0.457186	0	0	0	0.457186	0.914314	0.457186	0	0.457186	0.457186	0	0	0.457186	0.457186	0	0.457186	0.914314	0.457186	0	0.457186	0.457186	0	0.457186	0.457186	0	0	0.914314	0.914314	0	0	0.457186	0.914314	0.457186	0.457186	0.457186	0.457186	0.914314	0.914314	0.457186	0.457186	0.914314	0.457186	0.914314	0.914314	0.457186	0.914314	0.457186	0.457186	0.914314	0.914314	0.457186	0.457186	0.457186	0.457186	0.457186	0	0.457186	0.914314	0.914314	0.457186	0.457186	0.457186	0.457186	1.37133	0.914314	0.457186	1.37133	0.914314	0.914314	2.28477	1.37133	1.37133	2.28477	0.914314	1.37133	2.28477	0.914314	1.37133	1.37133	0.914314	1.37133	0.914314	0.457186	0.457186	0.914314	0.457186	0	0	0	0.457186	0.457186	0	0.457186	1.37133	0.914314	0.914314	0.914314	0.914314	1.37133	0.914314	0.457186	0.457186	0.914314	0.457186	0	0	0.457186	0.457186
0	0	0	0	0	0	0	0	0	0.457142	0.457142	0	0	0	0.457142	0.457142	0.457142	0.457142	0.457142	0.457142	0.457142	0.914226	0.457142	0	0	0.457142	0.457142	0.457142	0.457142	0.457142	0.457142	0	0.457142	0.457142	0	0	0	0.457142	0.457142	0	0	0	0	0	0	0	0	0	0.457142	0.457142	0	0	0	0	0	0.457142	0.457142	0	0	0.457142	0.457142	0	0	0	0.457142	0.457142	0	0	0	0.457142	0.457142	0	0	0	0	0	0	0	0	0	0.457142	0.457142	0	0	0	0	0	0	0	0	0	0	0	0	0	0	0	0	0	0	0	0	0	0	0	0	0	0.457142	0.457142	0	0	0	0	0	0	0	0.457142	0.457142	0	0	0	0	0	0	0	0	0	0	0	0.457142	0.457142	0	0	0	0	0	0	0.457142	0.457142	0	0	0	0.457142	0.457142	0.457142	0.457142	0	0.457142	0.457142	0	0	0	0.457142	0.914226	0.457142	0	0.457142	0.457142	0	0	0.457142	0.457142	0	0.457142	0.914226	0.457142	0	0.457142	0.457142	0	0.457142	0.457142	0	0	0.914226	0.914226	0	0	0.457142	0.914226	0.457142	0.457142	0.457142	0.457142	0.914226	0.914226	0.457142	0.457142	0.914226	0.457142	0.914226	0.914226	0.457142	0.914226	0.457142	0.457142	0.914226	0.914226	0.457142	0.457142	0.457142	0.457142	0.457142	0	0.457142	0.914226	0.914226	0.457142	0.457142	0.457142	0.457142	1.37119	0.914226	0.457142	1.37119	0.914226	0.914226	2.28455	1.37119	1.37119	2.28455	0.914226	1.37119	2.28455	0.914226	1.37119	1.37119	0.914226	1.37119	0.914226	0.457142	0.457142	0.914226	0.457142	0	0	0	0.457142	0.457142	0	0.457142	1.37119	0.914226	0.914226	0.914226	0.914226	1.37119	0.914226	0.457142	0.457142	0.914226	0.457142	0	0	0.457142	0.457142
0	0	0	0	0	0	0	0	0	0.457099	0.457099	0	0	0	0.457099	0.457099	0.457099	0.457099	0.457099	0.457099	0.457099	0.914139	0.457099	0	0	0.457099	0.457099	0.457099	0.457099	0.457099	0.457099	0	0.457099	0.457099	0	0	0	0.457099	0.457099	0	0	0	0	0	0	0	0	0	0.457099	0.457099	0	0	0	0	0	0.457099	0.457099	0	0	0.457099	0.457099	0	0	0	0.457099	0.457099	0	0	0	0.457099	0.457099	0	0	0	0	0	0	0	0	0	0.457099	0.457099	0	0	0	0	0	0	0	0	0	0	0	0	0	0	0	0	0	0	0	0	0	0	0	0	0	0.457099	0.457099	0	0	0	0	0	0	0	0.457099	0.457099	0	0	0	0	0	0	0	0	0	0	0	0.457099	0.457099	0	0	0	0	0	0	0.457099	0.457099	0	0	0	0.457099	0.457099	0.457099	0.457099	0	0.457099	0.457099	0	0	0	0.457099	0.914139	0.457099	0	0.457099	0.457099	0	0	0.457099	0.457099	0	0.457099	0.914139	0.457099	0	0.457099	0.457099	0	0.457099	0.457099	0	0	0.914139	0.914139	0	0	0.457099	0.914139	0.457099	0.457099	0.457099	0.457099	0.914139	0.914139	0.457099	0.457099	0.914139	0.457099	0.914139	0.914139	0.457099	0.914139	0.457099	0.457099	0.914139	0.914139	0.457099	0.457099	0.457099	0.457099	0.457099	0	0.457099	0.914139	0.914139	0.457099	0.457099	0.457099	0.457099	1.37106	0.914139	0.457099	1.37106	0.914139	0.914139	2.28433	1.37106	1.37106	2.28433	0.914139	1.37106	2.28433	0.914139	1.37106	1.37106	0.914139	1.37106	0.914139	0.457099	0.457099	0.914139	0.457099	0	0	0	0.457099	0.457099	0	0.457099	1.37106	0.914139	0.914139	0.914139	0.914139	1.37106	0.914139	0.457099	0.457099	0.914139	0.457099	0	0	0.457099	0.457099
0.361362	0.161603	0	0	0	0	0	0	0.161603	0.511008	0.361339	0	0.161603	0.361362	0.484798	0.361339	0.457055	0.457055	0.457055	0.457055	0.361339	0.870169	0.646385	0.457091	0.457091	0.646385	0.646385	0.646385	0.646385	0.666289	0.823973	0.58267	0.666289	0.870217	0.807993	0.58267	0.457091	0.666289	0.870217	0.807993	0.58267	0.457091	0.457091	0.457091	0.457091	0.457091	0.457091	0.457091	0.484798	0.361339	0	0	0	0.161603	0.361362	0.484798	0.361339	0	0	0.361339	0.484798	0.457091	0.361362	0.161603	0.361339	0.484798	0.457091	0.361362	0.161603	0.361339	0.484798	0.457091	0.457091	0.457091	0.457091	0.457091	0.457091	0.457091	0.457091	0.457091	0.646385	0.646385	0.457091	0.457091	0.457091	0.457091	0.457091	0.457091	0.457091	0.457091	0.457091	0.457091	0.457091	0.457091	0.457091	0.457091	0.457091	0.457091	0.457091	0.457091	0.457091	0.457091	0.457091	0.457091	0.457091	0.457091	0.457091	0.666289	0.823973	0.58267	0.457091	0.457091	0.457091	0.457091	0.361362	0.161603	0.361339	0.484798	0.457091	0.457091	0.457091	0.457091	0.457091	0.457091	0.457091	0.457091	0.457091	0.457091	0.457091	0.484798	0.361339	0.161603	0.361362	0.457091	0.457091	0.457091	0.457091	0.484798	0.361339	0	0.161603	0.361362	0.484798	0.361339	0.457055	0.457055	0	0.457055	0.457055	0	0	0	0.457055	0.807931	0.484798	0.361362	0.511008	0.484798	0.361362	0.161603	0.457055	0.457055	0	0.457055	0.807931	0.511008	0.161603	0.361339	0.484798	0.361362	0.511008	0.484798	0.361362	0.161603	0.807931	0.870169	0.457091	0.457091	0.646385	1.02194	0.646385	0.646385	0.646385	0.646385	1.02194	1.02194	0.646385	0.666264	1.03461	0.457055	0.807931	0.870169	0.646385	1.02194	0.646385	0.666264	1.03461	0.914051	0.457055	0.457055	0.457055	0.457055	0.582627	0.361362	0.646385	1.02194	1.02194	0.646385	0.646385	0.646385	0.807962	1.5327	0.982884	0.807962	1.68666	1.29261	1.29261	2.31248	1.38043	1.44507	2.3293	1.02194	1.30262	2.17302	0.914051	1.26191	1.30262	0.982884	1.5327	1.1763	0.646385	0.646385	1.02194	0.646385	0.457091	0.457091	0.457091	0.646385	0.646385	0.457091	0.484798	1.14251	0.870169	0.969526	1.3324	1.64761	1.9385	1.64761	1.44516	1.44516	1.68674	1.74753	1.94529	2.17319	2.32948	2.32948
0.484751	0.361305	0	0	0	0	0	0	0.361305	0.510959	0.161587	0	0.361305	0.484751	0.361328	0.161587	0.457011	0.457011	0.457011	0.457011	0.161587	0.666201	0.646323	0.457048	0.457048	0.646323	0.646323	0.646323	0.646323	0.582614	0.823895	0.666226	0.582614	0.807916	0.870133	0.666226	0.457048	0.582614	0.807916	0.870133	0.666226	0.457048	0.457048	0.457048	0.457048	0.457048	0.457048	0.457048	0.361328	0.161587	0	0	0	0.361305	0.484751	0.361328	0.161587	0	0	0.161587	0.361328	0.457048	0.484751	0.361305	0.161587	0.361328	0.457048	0.484751	0.361305	0.161587	0.361328	0.457048	0.457048	0.457048	0.457048	0.457048	0.457048	0.457048	0.457048	0.457048	0.646323	0.646323	0.457048	0.457048	0.457048	0.457048	0.457048	0.457048	0.457048	0.457048	0.457048	0.457048	0.457048	0.457048	0.457048	0.457048	0.457048	0.457048	0.457048	0.457048	0.457048	0.457048	0.457048	0.457048	0.457048	0.457048	0.457048	0.582614	0.823895	0.666226	0.457048	0.457048	0.457048	0.457048	0.484751	0.361305	0.161587	0.361328	0.457048	0.457048	0.457048	0.457048	0.457048	0.457048	0.457048	0.457048	0.457048	0.457048	0.457048	0.361328	0.161587	0.361305	0.484751	0.457048	0.457048	0.457048	0.457048	0.361328	0.161587	0	0.361305	0.484751	0.361328	0.161587	0.457011	0.457011	0	0.457011	0.457011	0	0	0	0.457011	0.582571	0.361328	0.484751	0.510959	0.361328	0.484751	0.361305	0.457011	0.457011	0	0.457011	0.582571	0.510959	0.361305	0.161587	0.361328	0.484751	0.510959	0.361328	0.484751	0.361305	0.582571	0.666201	0.457048	0.457048	0.646323	1.02184	0.646323	0.646323	0.646323	0.646323	1.02184	1.02184	0.646323	0.870085	1.26179	0.457011	0.582571	0.666201	0.646323	1.02184	0.646323	0.870085	1.26179	0.913964	0.457011	0.457011	0.457011	0.457011	0.807854	0.484751	0.646323	1.02184	1.02184	0.646323	0.646323	0.646323	0.98279	1.53255	0.807885	0.98279	1.8906	1.29248	1.29248	2.09964	1.17619	1.44493	2.32908	1.02184	1.0838	1.94495	0.913964	1.03451	1.0838	0.807885	1.53255	1.3803	0.646323	0.646323	1.02184	0.646323	0.457048	0.457048	0.457048	0.646323	0.646323	0.457048	0.361328	0.685498	0.666201	0.722627	1.16511	1.64745	1.93831	1.64745	1.44502	1.44502	1.59109	1.71725	1.97172	2.19684	2.32925	2.32925
0.456967	0.456967	0	0	0	0	0	0	0.456967	0.456967	0	0	0.456967	0.456967	0	0	0.456967	0.456967	0.456967	0.456967	0	0.456967	0.456967	0	0	0.456967	0.456967	0.456967	0.456967	0	0.456967	0.456967	0	0	0.456967	0.456967	0	0	0	0.456967	0.456967	0	0	0	0	0	0	0	0	0	0	0	0	0.456967	0.456967	0	0	0	0	0	0	0	0.456967	0.456967	0	0	0	0.456967	0.456967	0	0	0	0	0	0	0	0	0	0	0	0.456967	0.456967	0	0	0	0	0	0	0	0	0	0	0	0	0	0	0	0	0	0	0	0	0	0	0	0	0	0	0.456967	0.456967	0	0	0	0	0.456967	0.456967	0	0	0	0	0	0	0	0	0	0	0	0	0	0	0	0.456967	0.456967	0	0	0	0	0	0	0	0.456967	0.456967	0	0	0.456967	0.456967	0	0.456967	0.456967	0	0	0	0.456967	0.456967	0	0.456967	0.456967	0	0.456967	0.456967	0.456967	0.456967	0	0.456967	0.456967	0.456967	0.456967	0	0	0.456967	0.456967	0	0.456967	0.456967	0.456967	0.456967	0	0	0.456967	0.913877	0.456967	0.456967	0.456967	0.456967	0.913877	0.913877	0.456967	0.913877	1.37067	0.456967	0.456967	0.456967	0.456967	0.913877	0.456967	0.913877	1.37067	0.913877	0.456967	0.456967	0.456967	0.456967	0.913877	0.456967	0.456967	0.913877	0.913877	0.456967	0.456967	0.456967	0.913877	1.37067	0.456967	0.913877	1.82729	0.913877	0.913877	1.82729	0.913877	1.37067	2.28368	0.913877	0.913877	1.82729	0.913877	0.913877	0.913877	0.456967	1.37067	1.37067	0.456967	0.456967	0.913877	0.456967	0	0	0	0.456967	0.456967	0	0	0.456967	0.456967	0	0	0.913877	1.37067	0.913877	0.456967	0.456967	0.456967	0	0.456967	0.456967	0.456967	0.456967
0.456924	0.456924	0	0	0	0	0	0	0.456924	0.456924	0	0	0.456924	0.456924	0	0	0.456924	0.456924	0.456924	0.456924	0	0.456924	0.456924	0	0	0.456924	0.456924	0.456924	0.456924	0	0.456924	0.456924	0	0	0.456924	0.456924	0	0	0	0.456924	0.456924	0	0	0	0	0	0	0	0	0	0	0	0	0.456924	0.456924	0	0	0	0	0	0	0	0.456924	0.456924	0	0	0	0.456924	0.456924	0	0	0	0	0	0	0	0	0	0	0	0.456924	0.456924	0	0	0	0	0	0	0	0	0	0	0	0	0	0	0	0	0	0	0	0	0	0	0	0	0	0	0.456924	0.456924	0	0	0	0	0.456924	0.456924	0	0	0	0	0	0	0	0	0	0	0	0	0	0	0	0.456924	0.456924	0	0	0	0	0	0	0	0.456924	0.456924	0	0	0.456924	0.456924	0	0.456924	0.456924	0	0	0	0.456924	0.456924	0	0.456924	0.456924	0	0.456924	0.456924	0.456924	0.456924	0	0.456924	0.456924	0.456924	0.456924	0	0	0.456924	0.456924	0	0.456924	0.456924	0.456924	0.456924	0	0	0.456924	0.913789	0.456924	0.456924	0.456924	0.456924	0.913789	0.913789	0.456924	0.913789	1.37054	0.456924	0.456924	0.456924	0.456924	0.913789	0.456924	0.913789	1.37054	0.913789	0.456924	0.456924	0.456924	0.456924	0.913789	0.456924	0.456924	0.913789	0.913789	0.456924	0.456924	0.456924	0.913789	1.37054	0.456924	0.913789	1.82711	0.913789	0.913789	1.82711	0.913789	1.37054	2.28346	0.913789	0.913789	1.82711	0.913789	0.913789	0.913789	0.456924	1.37054	1.37054	0.456924	0.456924	0.913789	0.456924	0	0	0	0.456924	0.456924	0	0	0.456924	0.456924	0	0	0.913789	1.37054	0.913789	0.456924	0.456924	0.456924	0	0.456924	0.456924	0.456924	0.456924
0.45688	0.45688	0	0	0	0	0	0	0.45688	0.45688	0	0	0.45688	0.45688	0	0	0.45688	0.45688	0.45688	0.45688	0	0.45688	0.45688	0	0	0.45688	0.45688	0.45688	0.45688	0	0.45688	0.45688	0	0	0.45688	0.45688	0	0	0	0.45688	0.45688	0	0	0	0	0	0	0	0	0	0	0	0	0.45688	0.45688	0	0	0	0	0	0	0	0.45688	0.45688	0	0	0	0.45688	0.45688	0	0	0	0	0	0	0	0	0	0	0	0.45688	0.45688	0	0	0	0	0	0	0	0	0	0	0	0	0	0	0	0	0	0	0	0	0	0	0	0	0	0	0.45688	0.45688	0	0	0	0	0.45688	0.45688	0	0	0	0	0	0	0	0	0	0	0	0	0	0	0	0.45688	0.45688	0	0	0	0	0	0	0	0.45688	0.45688	0	0	0.45688	0.45688	0	0.45688	0.45688	0	0	0	0.45688	0.45688	0	0.45688	0.45688	0	0.45688	0.45688	0.45688	0.45688	0	0.45688	0.45688	0.45688	0.45688	0	0	0.45688	0.45688	0	0.45688	0.45688	0.45688	0.45688	0	0	0.45688	0.913702	0.45688	0.45688	0.45688	0.45688	0.913702	0.913702	0.45688	0.913702	1.37041	0.45688	0.45688	0.45688	0.45688	0.913702	0.45688	0.913702	1.37041	0.913702	0.45688	0.45688	0.45688	0.45688	0.913702	0.45688	0.45688	0.913702	0.913702	0.45688	0.45688	0.45688	0.913702	1.37041	0.45688	0.913702	1.82694	0.913702	0.913702	1.82694	0.913702	1.37041	2.28324	0.913702	0.913702	1.82694	0.913702	0.913702	0.913702	0.45688	1.37041	1.37041	0.45688	0.45688	0.913702	0.45688	0	0	0	0.45688	0.45688	0	0	0.45688	0.45688	0	0	0.913702	1.37041	0.913702	0.45688	0.45688	0.45688	0	0.45688	0.45688	0.45688	0.45688
0.456836	0.456836	0	0	0	0	0	0	0.456836	0.456836	0	0	0.456836	0.456836	0	0	0.456836	0.456836	0.456836	0.456836	0	0.456836	0.456836	0	0	0.456836	0.456836	0.456836	0.456836	0	0.456836	0.456836	0	0	0.456836	0.456836	0	0	0	0.456836	0.456836	0	0	0	0	0	0	0	0	0	0	0	0	0.456836	0.456836	0	0	0	0	0	0	0	0.456836	0.456836	0	0	0	0.456836	0.456836	0	0	0	0	0	0	0	0	0	0	0	0.456836	0.456836	0	0	0	0	0	0	0	0	0	0	0	0	0	0	0	0	0	0	0	0	0	0	0	0	0	0	0.456836	0.456836	0	0	0	0	0.456836	0.456836	0	0	0	0	0	0	0	0	0	0	0	0	0	0	0	0.456836	0.456836	0	0	0	0	0	0	0	0.456836	0.456836	0	0	0.456836	0.456836	0	0.456836	0.456836	0	0	0	0.456836	0.456836	0	0.456836	0.456836	0	0.456836	0.456836	0.456836	0.456836	0	0.456836	0.456836	0.456836	0.456836	0	0	0.456836	0.456836	0	0.456836	0.456836	0.456836	0.456836	0	0	0.456836	0.913614	0.456836	0.456836	0.456836	0.456836	0.913614	0.913614	0.456836	0.913614	1.37028	0.456836	0.456836	0.456836	0.456836	0.913614	0.456836	0.913614	1.37028	0.913614	0.456836	0.456836	0.456836	0.456836	0.913614	0.456836	0.456836	0.913614	0.913614	0.456836	0.456836	0.456836	0.913614	1.37028	0.456836	0.913614	1.82676	0.913614	0.913614	1.82676	0.913614	1.37028	2.28302	0.913614	0.913614	1.82676	0.913614	0.913614	0.913614	0.456836	1.37028	1.37028	0.456836	0.456836	0.913614	0.456836	0	0	0	0.456836	0.456836	0	0	0.456836	0.456836	0	0	0.913614	1.37028	0.913614	0.456836	0.456836	0.456836	0	0.456836	0.456836	0.456836	0.456836
0.456792	0.456792	0	0	0	0	0	0	0.456792	0.456792	0	0	0.456792	0.456792	0	0	0.456792	0.456792	0.456792	0.456792	0	0.456792	0.456792	0	0	0.456792	0.456792	0.456792	0.456792	0	0.456792	0.456792	0	0	0.456792	0.456792	0	0	0	0.456792	0.456792	0	0	0	0	0	0	0	0	0	0	0	0	0.456792	0.456792	0	0	0	0	0	0	0	0.456792	0.456792	0	0	0	0.456792	0.456792	0	0	0	0	0	0	0	0	0	0	0	0.456792	0.456792	0	0	0	0	0	0	0	0	0	0	0	0	0	0	0	0	0	0	0	0	0	0	0	0	0	0	0.456792	0.456792	0	0	0	0	0.456792	0.456792	0	0	0	0	0	0	0	0	0	0	0	0	0	0	0	0.456792	0.456792	0	0	0	0	0	0	0	0.456792	0.456792	0	0	0.456792	0.456792	0	0.456792	0.456792	0	0	0	0.456792	0.456792	0	0.456792	0.456792	0	0.456792	0.456792	0.456792	0.456792	0	0.456792	0.456792	0.456792	0.456792	0	0	0.456792	0.456792	0	0.456792	0.456792	0.456792	0.456792	0	0	0.456792	0.913527	0.456792	0.456792	0.456792	0.456792	0.913527	0.913527	0.456792	0.913527	1.37015	0.456792	0.456792	0.456792	0.456792	0.913527	0.456792	0.913527	1.37015	0.913527	0.456792	0.456792	0.456792	0.456792	0.913527	0.456792	0.456792	0.913527	0.913527	0.456792	0.456792	0.456792	0.913527	1.37015	0.456792	0.913527	1.82659	0.913527	0.913527	1.82659	0.913527	1.37015	2.2828	0.913527	0.913527	1.82659	0.913527	0.913527	0.913527	0.456792	1.37015	1.37015	0.456792	0.456792	0.913527	0.456792	0	0	0	0.456792	0.456792	0	0	0.456792	0.456792	0	0	0.913527	1.37015	0.913527	0.456792	0.456792	0.456792	0	0.456792	0.456792	0.456792	0.456792
0.484473	0.361097	0	0	0	0	0.161495	0.36112	0.484473	0.361097	0	0.161495	0.510666	0.361097	0.161495	0.36112	0.484473	0.510666	0.510666	0.361097	0.161495	0.510666	0.361097	0.161495	0.36112	0.484473	0.510666	0.510666	0.361097	0.161495	0.510666	0.361097	0.161495	0.36112	0.484473	0.361097	0	0	0.161495	0.510666	0.361097	0	0	0	0	0	0	0	0	0	0	0	0	0.361097	0.484473	0.456785	0.456785	0.456785	0.456785	0.456785	0.456785	0.36112	0.510666	0.484473	0.456785	0.456785	0.36112	0.510666	0.484473	0.456785	0.456785	0.456785	0.456785	0.456785	0.456785	0.456785	0.456785	0.456785	0.36112	0.161495	0.361097	0.484473	0.456785	0.456785	0.456785	0.456785	0.456785	0.456785	0.456785	0.456785	0.456785	0.456785	0.456785	0.456785	0.456785	0.456785	0.456785	0.456785	0.456785	0.456785	0.456785	0.456785	0.456785	0.456785	0.456785	0.456785	0.456785	0.456785	0.645952	0.645952	0.456785	0.456785	0.456785	0.456785	0.645952	0.645952	0.456785	0.456785	0.456785	0.456785	0.456785	0.456785	0.456785	0.456785	0.456785	0.456785	0.456785	0.456785	0.456785	0.58228	0.807452	0.869634	0.665843	0.456785	0.456785	0.456785	0.456785	0.456785	0.456785	0.456785	0.645952	0.645952	0.456785	0.456785	0.484473	0.361097	0	0.456749	0.456749	0	0	0	0.456749	0.456749	0	0.361097	0.510666	0.161495	0.361097	0.484473	0.645952	0.645952	0.456785	0.645952	0.645952	0.665843	0.869634	0.807452	0.58228	0.665843	0.823422	0.58228	0.665843	0.869634	1.0213	1.0213	0.807452	0.58228	0.645952	1.02125	0.645952	0.645952	0.645952	0.645952	1.02125	1.02125	0.645952	0.982226	1.53167	0.807421	0.645952	0.645952	0.645952	1.02125	0.645952	1.02125	1.4441	1.02125	0.645952	0.665818	0.582237	0.456749	0.913439	0.456749	0.456749	1.03392	1.08318	0.645952	0.807421	0.982252	1.29174	1.80495	1.37958	1.6465	2.28265	1.6465	1.4886	1.99674	1.29174	1.48855	2.24234	1.02125	1.02125	1.88259	1.02125	0.869586	0.80739	0.456749	1.37001	1.37001	0.456749	0.361097	0.823397	0.869634	0.913512	0.913512	0.913512	1.08325	1.30183	1.37012	1.37012	1.30183	1.08325	0.913512	0.913512	0.968877	1.03392	0.823397	0.869634	1.16444	1.71627	2.17174	2.32792	2.32792	2.32792	2.46368
0.361086	0.161479	0	0	0	0	0.361063	0.484427	0.361086	0.161479	0	0.361063	0.510617	0.161479	0.361063	0.484427	0.361086	0.510617	0.510617	0.161479	0.361063	0.510617	0.161479	0.361063	0.484427	0.361086	0.510617	0.510617	0.161479	0.361063	0.510617	0.161479	0.361063	0.484427	0.361086	0.161479	0	0	0.361063	0.510617	0.161479	0	0	0	0	0	0	0	0	0	0	0	0	0.161479	0.361086	0.456741	0.456741	0.456741	0.456741	0.456741	0.456741	0.484427	0.510617	0.361086	0.456741	0.456741	0.484427	0.510617	0.361086	0.456741	0.456741	0.456741	0.456741	0.456741	0.456741	0.456741	0.456741	0.456741	0.484427	0.361063	0.161479	0.361086	0.456741	0.456741	0.456741	0.456741	0.456741	0.456741	0.456741	0.456741	0.456741	0.456741	0.456741	0.456741	0.456741	0.456741	0.456741	0.456741	0.456741	0.456741	0.456741	0.456741	0.456741	0.456741	0.456741	0.456741	0.456741	0.456741	0.645891	0.645891	0.456741	0.456741	0.456741	0.456741	0.645891	0.645891	0.456741	0.456741	0.456741	0.456741	0.456741	0.456741	0.456741	0.456741	0.456741	0.456741	0.456741	0.456741	0.456741	0.66578	0.869551	0.807375	0.582224	0.456741	0.456741	0.456741	0.456741	0.456741	0.456741	0.456741	0.645891	0.645891	0.456741	0.456741	0.361086	0.161479	0	0.456705	0.456705	0	0	0	0.456705	0.456705	0	0.161479	0.510617	0.361063	0.161479	0.361086	0.645891	0.645891	0.456741	0.645891	0.645891	0.582224	0.807375	0.869551	0.66578	0.582224	0.823343	0.66578	0.582224	0.807375	1.0212	1.0212	0.869551	0.66578	0.645891	1.02115	0.645891	0.645891	0.645891	0.645891	1.02115	1.02115	0.645891	0.807344	1.53153	0.982132	0.645891	0.645891	0.645891	1.02115	0.645891	1.02115	1.44396	1.02115	0.645891	0.869503	0.807313	0.456705	0.913352	0.456705	0.456705	1.26094	1.30162	0.645891	0.982132	1.13021	1.29162	1.99654	1.48846	1.64635	2.28243	1.64635	1.37945	1.80477	1.29162	1.30165	2.02242	1.02115	1.02115	1.88241	1.02115	0.665755	0.582181	0.456705	1.36988	1.36988	0.456705	0.161479	0.510642	0.807375	0.913425	0.913425	0.913425	1.0339	1.26104	1.36999	1.36999	1.26104	1.0339	0.913425	0.913425	0.722143	0.361063	0.510642	0.807375	1.16433	1.80486	2.19537	2.32769	2.32769	2.32769	2.526
0.456698	0.456698	0.456698	0.582168	0.807298	0.913338	0.869468	0.665716	0.582168	0.807298	0.913338	0.869468	0.665716	0.456698	0.645829	0.645829	0.456698	0.645829	0.807267	0.807298	0.869468	0.665716	0.456698	0.645829	0.645829	0.456698	0.645829	0.645829	0.456698	0.484381	0.510568	0.361051	0.484381	0.361028	0	0.161464	0.361051	0.456698	0.484381	0.361028	0	0	0	0	0	0	0	0	0.161464	0.361051	0.456698	0.456698	0.456698	0.456698	0.456698	0.456698	0.456698	0.456698	0.456698	0.456698	0.456698	0.665716	0.823264	0.582168	0.456698	0.456698	0.665716	0.869468	0.913338	0.913338	0.913338	0.807298	0.582168	0.456698	0.456698	0.456698	0.456698	0.456698	0.665716	0.869468	0.913338	0.913338	0.913338	0.913338	0.913338	0.913338	0.913338	0.913338	0.913338	0.913338	0.913338	0.913338	0.913338	0.913338	0.913338	0.913338	0.913338	0.913338	0.913338	0.913338	0.913338	0.913338	0.913338	0.807298	0.582168	0.456698	0.456698	0.456698	0.645829	0.645829	0.456698	0.456698	0.456698	0.456698	0.645829	0.645829	0.456698	0.582168	0.807298	0.913338	0.913338	0.913338	0.913338	0.913338	0.913338	0.913338	0.913338	0.913338	0.913338	0.869468	0.665716	0.456698	0.456698	0.456698	0.456698	0.456698	0.456698	0.456698	0.582168	0.807298	0.869468	0.665716	0.361051	0.161464	0	0	0	0.361028	0.484381	0.361051	0.161464	0	0.361028	0.510568	0.161464	0	0.361028	0.484381	0.361051	0.161464	0.361028	0.484381	0.456698	0.665716	0.823264	0.582168	0.456698	0.645829	0.645829	0.361051	0.510568	0.484381	0.361051	0.161464	0.361028	0.484381	0.645829	0.645829	0.645829	1.02106	0.645829	0.665716	0.869468	1.0211	1.30153	1.17529	0.645829	0.645829	1.37925	1.1301	0.982064	0.807267	0.645829	1.08297	0.582125	0.807236	1.38864	1.03372	0.456661	0.913265	0.913265	0.456661	1.03372	0.665691	0.645829	1.44383	1.58978	0.982064	1.29149	1.29149	1.29149	2.04146	1.29149	1.29149	2.04146	1.29149	1.17534	1.94353	1.64619	1.64619	2.28221	1.64619	1.48832	1.8403	0.982039	0.645829	0.645829	0.645829	1.3015	1.14153	0.484381	0.456698	0.361051	0.161464	0	0	0	0.161464	0.361051	0.456698	0.456698	0.361051	0.161464	0	0	0	0.161464	0.510593	0.807298	1.0211	1.45286	1.37932	1.44392	1.44392	1.44392	1.64619
0.456654	0.456654	0.456654	0.665652	0.869384	0.91325	0.80722	0.582113	0.665652	0.869384	0.91325	0.80722	0.582113	0.456654	0.645767	0.645767	0.456654	0.645767	0.981945	0.869384	0.80722	0.582113	0.456654	0.645767	0.645767	0.456654	0.645767	0.645767	0.456654	0.361017	0.51052	0.484334	0.361017	0.161448	0	0.360994	0.484334	0.456654	0.361017	0.161448	0	0	0	0	0	0	0	0	0.360994	0.484334	0.456654	0.456654	0.456654	0.456654	0.456654	0.456654	0.456654	0.456654	0.456654	0.456654	0.456654	0.582113	0.823186	0.665652	0.456654	0.456654	0.582113	0.80722	0.91325	0.91325	0.91325	0.869384	0.665652	0.456654	0.456654	0.456654	0.456654	0.456654	0.582113	0.80722	0.91325	0.91325	0.91325	0.91325	0.91325	0.91325	0.91325	0.91325	0.91325	0.91325	0.91325	0.91325	0.91325	0.91325	0.91325	0.91325	0.91325	0.91325	0.91325	0.91325	0.91325	0.91325	0.91325	0.869384	0.665652	0.456654	0.456654	0.456654	0.645767	0.645767	0.456654	0.456654	0.456654	0.456654	0.645767	0.645767	0.456654	0.665652	0.869384	0.91325	0.91325	0.91325	0.91325	0.91325	0.91325	0.91325	0.91325	0.91325	0.91325	0.80722	0.582113	0.456654	0.456654	0.456654	0.456654	0.456654	0.456654	0.456654	0.665652	0.869384	0.80722	0.582113	0.484334	0.360994	0	0	0	0.161448	0.361017	0.484334	0.360994	0	0.161448	0.51052	0.360994	0	0.161448	0.361017	0.484334	0.360994	0.161448	0.361017	0.456654	0.582113	0.823186	0.665652	0.456654	0.645767	0.645767	0.484334	0.51052	0.361017	0.484334	0.360994	0.161448	0.361017	0.645767	0.645767	0.645767	1.02096	0.645767	0.582113	0.80722	1.02101	1.48812	1.37911	0.645767	0.645767	1.17517	0.98197	1.12999	0.981945	0.645767	1.30137	0.807159	0.58207	1.38851	1.2607	0.456618	0.913177	0.913177	0.456618	1.2607	0.869337	0.645767	1.44369	1.8044	1.12999	1.29137	1.29137	1.29137	2.04127	1.29137	1.29137	2.04127	1.29137	1.30143	2.12253	1.64603	1.64603	2.282	1.64603	1.37919	1.46165	0.80719	0.645767	0.645767	0.645767	1.08287	0.684908	0.361017	0.456654	0.484334	0.360994	0	0	0	0.360994	0.484334	0.456654	0.456654	0.484334	0.360994	0	0	0	0.360994	0.82316	0.869384	1.02101	1.62209	1.48817	1.44378	1.44378	1.44378	1.64603
0	0	0	0.456574	0.456574	0	0	0	0.456574	0.456574	0	0	0	0	0.456574	0.456574	0	0.456574	0.91309	0.456574	0	0	0	0.456574	0.456574	0	0.456574	0.456574	0	0	0.456574	0.456574	0	0	0	0.456574	0.456574	0	0	0	0	0	0	0	0	0	0	0	0.456574	0.456574	0	0	0	0	0	0	0	0	0	0	0	0	0.456574	0.456574	0	0	0	0	0	0	0	0.456574	0.456574	0	0	0	0	0	0	0	0	0	0	0	0	0	0	0	0	0	0	0	0	0	0	0	0	0	0	0	0	0	0	0.456574	0.456574	0	0	0	0.456574	0.456574	0	0	0	0	0.456574	0.456574	0	0.456574	0.456574	0	0	0	0	0	0	0	0	0	0	0	0	0	0	0	0	0	0	0	0.456574	0.456574	0	0	0.456574	0.456574	0	0	0	0	0	0.456574	0.456574	0	0	0.456574	0.456574	0	0	0	0.456574	0.456574	0	0	0	0	0.456574	0.456574	0	0.456574	0.456574	0.456574	0.456574	0	0.456574	0.456574	0	0	0.456574	0.456574	0.456574	0.91309	0.456574	0	0	0.456574	1.36949	1.36949	0.456574	0.456574	0.91309	0.456574	0.91309	0.91309	0.456574	1.36949	0.91309	0.456574	1.36949	1.36949	0.456574	0.91309	0.91309	0.456574	1.36949	0.91309	0.456574	1.36949	1.82572	0.91309	0.91309	0.91309	0.91309	1.82572	0.91309	0.91309	1.82572	0.91309	0.91309	1.82572	0.91309	0.91309	1.82572	0.91309	0.456574	0.91309	0.456574	0.456574	0.456574	0.456574	0.91309	0.456574	0	0	0.456574	0.456574	0	0	0	0.456574	0.456574	0	0	0.456574	0.456574	0	0	0	0.456574	0.91309	0.456574	0.456574	1.36949	0.91309	0.456574	0.456574	0.456574	0.91309
0	0	0	0.45653	0.45653	0	0	0	0.45653	0.45653	0	0	0	0	0.45653	0.45653	0	0.45653	0.913003	0.45653	0	0	0	0.45653	0.45653	0	0.45653	0.45653	0	0	0.45653	0.45653	0	0	0	0.45653	0.45653	0	0	0	0	0	0	0	0	0	0	0	0.45653	0.45653	0	0	0	0	0	0	0	0	0	0	0	0	0.45653	0.45653	0	0	0	0	0	0	0	0.45653	0.45653	0	0	0	0	0	0	0	0	0	0	0	0	0	0	0	0	0	0	0	0	0	0	0	0	0	0	0	0	0	0	0.45653	0.45653	0	0	0	0.45653	0.45653	0	0	0	0	0.45653	0.45653	0	0.45653	0.45653	0	0	0	0	0	0	0	0	0	0	0	0	0	0	0	0	0	0	0	0.45653	0.45653	0	0	0.45653	0.45653	0	0	0	0	0	0.45653	0.45653	0	0	0.45653	0.45653	0	0	0	0.45653	0.45653	0	0	0	0	0.45653	0.45653	0	0.45653	0.45653	0.45653	0.45653	0	0.45653	0.45653	0	0	0.45653	0.45653	0.45653	0.913003	0.45653	0	0	0.45653	1.36936	1.36936	0.45653	0.45653	0.913003	0.45653	0.913003	0.913003	0.45653	1.36936	0.913003	0.45653	1.36936	1.36936	0.45653	0.913003	0.913003	0.45653	1.36936	0.913003	0.45653	1.36936	1.82554	0.913003	0.913003	0.913003	0.913003	1.82554	0.913003	0.913003	1.82554	0.913003	0.913003	1.82554	0.913003	0.913003	1.82554	0.913003	0.45653	0.913003	0.45653	0.45653	0.45653	0.45653	0.913003	0.45653	0	0	0.45653	0.45653	0	0	0	0.45653	0.45653	0	0	0.45653	0.45653	0	0	0	0.45653	0.913003	0.45653	0.45653	1.36936	0.913003	0.45653	0.45653	0.45653	0.913003
0	0	0	0.456487	0.456487	0	0	0	0.456487	0.456487	0	0	0	0	0.456487	0.456487	0	0.456487	0.912916	0.456487	0	0	0	0.456487	0.456487	0	0.456487	0.456487	0	0	0.456487	0.456487	0	0	0	0.456487	0.456487	0	0	0	0	0	0	0	0	0	0	0	0.456487	0.456487	0	0	0	0	0	0	0	0	0	0	0	0	0.456487	0.456487	0	0	0	0	0	0	0	0.456487	0.456487	0	0	0	0	0	0	0	0	0	0	0	0	0	0	0	0	0	0	0	0	0	0	0	0	0	0	0	0	0	0	0.456487	0.456487	0	0	0	0.456487	0.456487	0	0	0	0	0.456487	0.456487	0	0.456487	0.456487	0	0	0	0	0	0	0	0	0	0	0	0	0	0	0	0	0	0	0	0.456487	0.456487	0	0	0.456487	0.456487	0	0	0	0	0	0.456487	0.456487	0	0	0.456487	0.456487	0	0	0	0.456487	0.456487	0	0	0	0	0.456487	0.456487	0	0.456487	0.456487	0.456487	0.456487	0	0.456487	0.456487	0	0	0.456487	0.456487	0.456487	0.912916	0.456487	0	0	0.456487	1.36923	1.36923	0.456487	0.456487	0.912916	0.456487	0.912916	0.912916	0.456487	1.36923	0.912916	0.456487	1.36923	1.36923	0.456487	0.912916	0.912916	0.456487	1.36923	0.912916	0.456487	1.36923	1.82537	0.912916	0.912916	0.912916	0.912916	1.82537	0.912916	0.912916	1.82537	0.912916	0.912916	1.82537	0.912916	0.912916	1.82537	0.912916	0.456487	0.912916	0.456487	0.456487	0.456487	0.456487	0.912916	0.456487	0	0	0.456487	0.456487	0	0	0	0.456487	0.456487	0	0	0.456487	0.456487	0	0	0	0.456487	0.912916	0.456487	0.456487	1.36923	0.912916	0.456487	0.456487	0.456487	0.912916
0	0	0	0.456443	0.456443	0	0	0	0.456443	0.456443	0	0	0	0	0.456443	0.456443	0	0.456443	0.912828	0.456443	0	0	0	0.456443	0.456443	0	0.456443	0.456443	0	0	0.456443	0.456443	0	0	0	0.456443	0.456443	0	0	0	0	0	0	0	0	0	0	0	0.456443	0.456443	0	0	0	0	0	0	0	0	0	0	0	0	0.456443	0.456443	0	0	0	0	0	0	0	0.456443	0.456443	0	0	0	0	0	0	0	0	0	0	0	0	0	0	0	0	0	0	0	0	0	0	0	0	0	0	0	0	0	0	0.456443	0.456443	0	0	0	0.456443	0.456443	0	0	0	0	0.456443	0.456443	0	0.456443	0.456443	0	0	0	0	0	0	0	0	0	0	0	0	0	0	0	0	0	0	0	0.456443	0.456443	0	0	0.456443	0.456443	0	0	0	0	0	0.456443	0.456443	0	0	0.456443	0.456443	0	0	0	0.456443	0.456443	0	0	0	0	0.456443	0.456443	0	0.456443	0.456443	0.456443	0.456443	0	0.456443	0.456443	0	0	0.456443	0.456443	0.456443	0.912828	0.456443	0	0	0.456443	1.3691	1.3691	0.456443	0.456443	0.912828	0.456443	0.912828	0.912828	0.456443	1.3691	0.912828	0.456443	1.3691	1.3691	0.456443	0.912828	0.912828	0.456443	1.3691	0.912828	0.456443	1.3691	1.82519	0.912828	0.912828	0.912828	0.912828	1.82519	0.912828	0.912828	1.82519	0.912828	0.912828	1.82519	0.912828	0.912828	1.82519	0.912828	0.456443	0.912828	0.456443	0.456443	0.456443	0.456443	0.912828	0.456443	0	0	0.456443	0.456443	0	0	0	0.456443	0.456443	0	0	0.456443	0.456443	0	0	0	0.456443	0.912828	0.456443	0.456443	1.3691	0.912828	0.456443	0.456443	0.456443	0.912828
0.912814	0.912814	0.912814	0.868969	0.665334	0.581834	0.806835	0.912814	1.02052	1.02052	0.912814	0.912814	1.03321	1.2602	1.30084	1.08242	0.912814	1.02052	1.12945	0.665334	0.581834	0.806835	0.912814	1.02052	1.02052	0.912814	0.868969	0.822792	0.806835	0.912814	0.868969	0.665334	0.581834	0.806835	0.912814	0.868969	0.665334	0.456436	0.456436	0.581834	0.806835	0.912814	0.912814	0.912814	0.912814	0.912814	0.912814	0.912814	0.868969	0.665334	0.456436	0.456436	0.456436	0.456436	0.456436	0.581834	0.806835	0.912814	0.912814	0.806835	0.581834	0.456436	0.665334	0.868969	0.912814	0.912814	0.912814	0.912814	0.912814	0.806835	0.581834	0.665334	0.868969	0.912814	0.912814	0.912814	0.912814	0.912814	0.806835	0.581834	0.456436	0.456436	0.456436	0.456436	0.456436	0.456436	0.456436	0.456436	0.456436	0.456436	0.456436	0.581834	0.806835	0.912814	0.806835	0.581834	0.456436	0.456436	0.456436	0.456436	0.456436	0.456436	0.456436	0.645458	0.645458	0.456436	0.456436	0.456436	0.665334	0.868969	0.912814	0.806835	0.581834	0.456436	0.665334	0.868969	0.912814	1.02052	1.02052	0.912814	0.806835	0.581834	0.456436	0.456436	0.456436	0.456436	0.456436	0.456436	0.456436	0.456436	0.456436	0.456436	0.456436	0.456436	0.456436	0.581834	0.806835	0.912814	0.868969	0.665334	0.360844	0.161371	0.360821	0.484103	0.456436	0.456436	0.456436	0.456436	0.456436	0.484103	0.360821	0	0	0.4564	0.4564	0	0	0	0.360821	0.484103	0.360844	0.161371	0	0	0.4564	0.4564	0	0.4564	0.4564	0.360821	0.510276	0.161371	0.360821	0.484103	0.360844	0.161371	0.360821	0.484103	0.645458	0.981475	0.868969	0.806835	0.581834	0.645458	1.443	1.443	0.645458	0.645458	1.08235	0.581792	0.806773	0.868921	0.665309	1.38785	0.868921	0.665309	1.48738	1.48738	0.665309	0.868921	0.806773	0.581792	1.6609	1.30078	1.17466	1.94241	2.28091	1.64525	1.64525	1.64525	1.64525	2.28091	1.64525	1.64525	2.28091	1.64525	1.64525	2.12151	1.30081	1.29075	1.88807	0.981475	0.645458	1.02047	0.645458	0.484103	0.360821	0.4564	0.806773	0.510276	0.161371	0	0.360821	0.484103	0.456436	0.456436	0.456436	0.484103	0.360821	0	0	0.4564	0.4564	0	0	0.161371	0.510276	0.806773	0.4564	0.4564	1.2601	0.868921	0.645458	0.645458	0.645458	1.02047
0.912727	0.912727	0.912727	0.806758	0.581779	0.66527	0.868886	0.912727	1.02042	1.02042	0.912727	0.912727	1.08231	1.30071	1.26008	1.03311	0.912727	1.02042	0.981407	0.581779	0.66527	0.868886	0.912727	1.02042	1.02042	0.912727	0.806758	0.822713	0.868886	0.912727	0.806758	0.581779	0.66527	0.868886	0.912727	0.806758	0.581779	0.456392	0.456392	0.66527	0.868886	0.912727	0.912727	0.912727	0.912727	0.912727	0.912727	0.912727	0.806758	0.581779	0.456392	0.456392	0.456392	0.456392	0.456392	0.66527	0.868886	0.912727	0.912727	0.868886	0.66527	0.456392	0.581779	0.806758	0.912727	0.912727	0.912727	0.912727	0.912727	0.868886	0.66527	0.581779	0.806758	0.912727	0.912727	0.912727	0.912727	0.912727	0.868886	0.66527	0.456392	0.456392	0.456392	0.456392	0.456392	0.456392	0.456392	0.456392	0.456392	0.456392	0.456392	0.66527	0.868886	0.912727	0.868886	0.66527	0.456392	0.456392	0.456392	0.456392	0.456392	0.456392	0.456392	0.645397	0.645397	0.456392	0.456392	0.456392	0.581779	0.806758	0.912727	0.868886	0.66527	0.456392	0.581779	0.806758	0.912727	1.02042	1.02042	0.912727	0.868886	0.66527	0.456392	0.456392	0.456392	0.456392	0.456392	0.456392	0.456392	0.456392	0.456392	0.456392	0.456392	0.456392	0.456392	0.66527	0.868886	0.912727	0.806758	0.581779	0.484057	0.360787	0.161356	0.36081	0.456392	0.456392	0.456392	0.456392	0.456392	0.36081	0.161356	0	0	0.456356	0.456356	0	0	0	0.161356	0.36081	0.484057	0.360787	0	0	0.456356	0.456356	0	0.456356	0.456356	0.161356	0.510227	0.360787	0.161356	0.36081	0.484057	0.360787	0.161356	0.36081	0.645397	0.806727	0.806758	0.868886	0.66527	0.645397	1.44286	1.44286	0.645397	0.645397	1.30063	0.806696	0.581736	0.665245	0.868838	1.38771	0.665245	0.868838	1.71466	1.71466	0.868838	0.665245	0.581736	0.806696	2.1028	1.48727	1.30068	2.12131	2.28069	1.64509	1.64509	1.64509	1.64509	2.28069	1.64509	1.64509	2.28069	1.64509	1.64509	1.94223	1.17455	1.29063	1.68408	0.806727	0.645397	1.02037	0.645397	0.36081	0.161356	0.456356	0.581736	0.510227	0.360787	0	0.161356	0.36081	0.456392	0.456392	0.456392	0.36081	0.161356	0	0	0.456356	0.456356	0	0	0.360787	0.510227	0.581736	0.456356	0.456356	1.03303	0.665245	0.645397	0.645397	0.645397	1.02037
0	0	0	0	0	0.456312	0.456312	0	0.456312	0.456312	0	0	0.456312	0.456312	0	0	0	0.456312	0.456312	0	0.456312	0.456312	0	0.456312	0.456312	0	0	0.456312	0.456312	0	0	0	0.456312	0.456312	0	0	0	0	0	0.456312	0.456312	0	0	0	0	0	0	0	0	0	0	0	0	0	0	0.456312	0.456312	0	0	0.456312	0.456312	0	0	0	0	0	0	0	0	0.456312	0.456312	0	0	0	0	0	0	0	0.456312	0.456312	0	0	0	0	0	0	0	0	0	0	0	0.456312	0.456312	0	0.456312	0.456312	0	0	0	0	0	0	0	0.456312	0.456312	0	0	0	0	0	0	0.456312	0.456312	0	0	0	0	0.456312	0.456312	0	0.456312	0.456312	0	0	0	0	0	0	0	0	0	0	0	0	0	0.456312	0.456312	0	0	0	0.456312	0.456312	0	0	0	0	0	0	0	0	0	0	0	0.456312	0.456312	0	0	0	0	0	0.456312	0.456312	0	0	0.456312	0.456312	0	0.456312	0.456312	0	0.456312	0.456312	0	0	0.456312	0.456312	0	0	0.456312	0.456312	0	0.456312	0.456312	0.456312	1.36871	1.36871	0.456312	0.456312	1.36871	0.912567	0.456312	0.456312	0.912567	1.36871	0.456312	0.912567	1.82467	1.82467	0.912567	0.456312	0.456312	0.912567	2.2804	1.36871	0.912567	1.82467	1.82467	0.912567	0.912567	0.912567	0.912567	1.82467	0.912567	0.912567	1.82467	0.912567	0.912567	1.36871	0.456312	0.912567	1.36871	0.456312	0.456312	0.912567	0.456312	0	0	0.456312	0.456312	0.456312	0.456312	0	0	0	0	0	0	0	0	0	0	0.456312	0.456312	0	0	0.456312	0.456312	0.456312	0.456312	0.456312	0.912567	0.456312	0.456312	0.456312	0.456312	0.912567
0	0	0	0	0	0.456269	0.456269	0	0.456269	0.456269	0	0	0.456269	0.456269	0	0	0	0.456269	0.456269	0	0.456269	0.456269	0	0.456269	0.456269	0	0	0.456269	0.456269	0	0	0	0.456269	0.456269	0	0	0	0	0	0.456269	0.456269	0	0	0	0	0	0	0	0	0	0	0	0	0	0	0.456269	0.456269	0	0	0.456269	0.456269	0	0	0	0	0	0	0	0	0.456269	0.456269	0	0	0	0	0	0	0	0.456269	0.456269	0	0	0	0	0	0	0	0	0	0	0	0.456269	0.456269	0	0.456269	0.456269	0	0	0	0	0	0	0	0.456269	0.456269	0	0	0	0	0	0	0.456269	0.456269	0	0	0	0	0.456269	0.456269	0	0.456269	0.456269	0	0	0	0	0	0	0	0	0	0	0	0	0	0.456269	0.456269	0	0	0	0.456269	0.456269	0	0	0	0	0	0	0	0	0	0	0	0.456269	0.456269	0	0	0	0	0	0.456269	0.456269	0	0	0.456269	0.456269	0	0.456269	0.456269	0	0.456269	0.456269	0	0	0.456269	0.456269	0	0	0.456269	0.456269	0	0.456269	0.456269	0.456269	1.36857	1.36857	0.456269	0.456269	1.36857	0.912479	0.456269	0.456269	0.912479	1.36857	0.456269	0.912479	1.8245	1.8245	0.912479	0.456269	0.456269	0.912479	2.28019	1.36857	0.912479	1.8245	1.8245	0.912479	0.912479	0.912479	0.912479	1.8245	0.912479	0.912479	1.8245	0.912479	0.912479	1.36857	0.456269	0.912479	1.36857	0.456269	0.456269	0.912479	0.456269	0	0	0.456269	0.456269	0.456269	0.456269	0	0	0	0	0	0	0	0	0	0	0.456269	0.456269	0	0	0.456269	0.456269	0.456269	0.456269	0.456269	0.912479	0.456269	0.456269	0.456269	0.456269	0.912479
0.912465	0.912465	0.912465	0.912465	0.912465	1.02013	1.02013	0.912465	0.868639	0.822482	0.806527	0.912465	1.02013	1.02013	0.912465	0.912465	1.03281	1.22835	1.22835	1.25972	1.30034	1.22835	1.25972	1.30034	1.08201	1.03281	1.25972	1.30034	1.08201	0.912465	0.912465	0.912465	0.868639	0.665083	0.581612	0.806527	0.912465	0.912465	0.912465	1.02013	1.02013	0.912465	0.912465	0.912465	0.912465	0.912465	0.912465	0.912465	0.912465	0.912465	0.912465	0.912465	0.912465	0.912465	0.912465	0.868639	0.665083	0.456261	0.456261	0.665083	0.868639	0.912465	0.912465	0.912465	0.912465	0.912465	0.912465	0.806527	0.581612	0.665083	0.868639	0.912465	0.912465	0.912465	0.912465	0.912465	0.912465	0.912465	1.08201	1.30034	1.36855	1.36855	1.25972	1.03281	0.912465	0.912465	0.912465	0.912465	0.912465	0.912465	1.03281	1.08201	0.721385	0.456261	0.665083	0.868639	0.912465	0.912465	0.912465	0.912465	0.912465	0.912465	0.912465	1.08201	1.30034	1.25972	1.03281	0.912465	0.912465	0.912465	0.806527	0.822482	0.868639	0.912465	0.912465	0.912465	1.03281	1.08201	0.721385	0.456261	0.665083	0.868639	0.912465	0.912465	0.912465	0.912465	0.912465	0.912465	0.912465	0.912465	0.912465	0.912465	0.912465	0.912465	0.912465	0.868639	0.665083	0.456261	0.456261	0.456261	0.665083	0.868639	0.806527	0.581612	0.456261	0.456261	0.456261	0.456261	0.456261	0.456261	0.456261	0.456261	0.456261	0.645217	0.645217	0.456261	0.456261	0.456261	0.456261	0.456261	0.483922	0.360688	0	0.161311	0.510087	0.510087	0.360707	0.483922	0.360688	0	0.456232	0.456232	0	0	0.456232	0.456232	0	0	0.456232	0.456232	0	0.456232	0.456232	0.456232	1.36847	1.36847	0.456232	0.456232	1.36847	0.912407	0.456232	0.456232	0.912407	1.48683	0.665063	1.02009	1.88047	1.88047	1.02009	0.806502	0.981131	1.45149	2.54882	1.62071	1.29027	2.19296	2.30834	1.64462	1.64462	1.64462	1.64462	2.28006	1.64462	1.64462	2.12073	1.30032	1.29027	1.64458	1.02013	1.12903	1.37795	0.645217	0.645217	0.868601	0.360688	0.161311	0.360707	0.483922	0.360688	0.456232	0.456232	0	0.161311	0.360707	0.456261	0.456261	0.456261	0.360707	0.161311	0	0	0.456232	0.456232	0	0	0.456232	0.581578	0.665063	0.645217	0.645217	0.868601	0.360688	0.456232	0.456232	0.456232	0.912407
0.912378	0.912378	0.912378	0.912378	0.912378	1.02003	1.02003	0.912378	0.80645	0.822403	0.868556	0.912378	1.02003	1.02003	0.912378	0.912378	1.0819	1.22823	1.22823	1.30022	1.2596	1.22823	1.30022	1.2596	1.03272	1.0819	1.30022	1.2596	1.03272	0.912378	0.912378	0.912378	0.80645	0.581557	0.665019	0.868556	0.912378	0.912378	0.912378	1.02003	1.02003	0.912378	0.912378	0.912378	0.912378	0.912378	0.912378	0.912378	0.912378	0.912378	0.912378	0.912378	0.912378	0.912378	0.912378	0.80645	0.581557	0.456218	0.456218	0.581557	0.80645	0.912378	0.912378	0.912378	0.912378	0.912378	0.912378	0.868556	0.665019	0.581557	0.80645	0.912378	0.912378	0.912378	0.912378	0.912378	0.912378	0.912378	1.03272	1.2596	1.36842	1.36842	1.30022	1.0819	0.912378	0.912378	0.912378	0.912378	0.912378	0.912378	1.0819	1.03272	0.721316	0.456218	0.581557	0.80645	0.912378	0.912378	0.912378	0.912378	0.912378	0.912378	0.912378	1.03272	1.2596	1.30022	1.0819	0.912378	0.912378	0.912378	0.868556	0.822403	0.80645	0.912378	0.912378	0.912378	1.0819	1.03272	0.721316	0.456218	0.581557	0.80645	0.912378	0.912378	0.912378	0.912378	0.912378	0.912378	0.912378	0.912378	0.912378	0.912378	0.912378	0.912378	0.912378	0.80645	0.581557	0.456218	0.456218	0.456218	0.581557	0.80645	0.868556	0.665019	0.456218	0.456218	0.456218	0.456218	0.456218	0.456218	0.456218	0.456218	0.456218	0.645155	0.645155	0.456218	0.456218	0.456218	0.456218	0.456218	0.360672	0.161295	0	0.360654	0.510038	0.510038	0.483875	0.360672	0.161295	0	0.456189	0.456189	0	0	0.456189	0.456189	0	0	0.456189	0.456189	0	0.456189	0.456189	0.456189	1.36833	1.36833	0.456189	0.456189	1.36833	0.91232	0.456189	0.456189	0.91232	1.71403	0.868518	1.02	1.88029	1.88029	1.02	0.981017	1.12892	1.62056	2.54858	1.45135	1.29015	2.39639	2.50235	1.64447	1.64447	1.64447	1.64447	2.27984	1.64447	1.64447	1.9415	1.17411	1.29015	1.64443	1.02003	0.981037	1.17407	0.645155	0.645155	0.664999	0.161295	0.360654	0.483875	0.360672	0.161295	0.456189	0.456189	0	0.360654	0.483875	0.456218	0.456218	0.456218	0.483875	0.360654	0	0	0.456189	0.456189	0	0	0.456189	0.8064	0.868518	0.645155	0.645155	0.664999	0.161295	0.456189	0.456189	0.456189	0.91232
0	0	0	0	0	0.456145	0.456145	0	0	0.456145	0.456145	0	0.456145	0.456145	0	0	0.456145	0.456145	0.456145	0.456145	0	0.456145	0.456145	0	0	0.456145	0.456145	0	0	0	0	0	0	0	0.456145	0.456145	0	0	0	0.456145	0.456145	0	0	0	0	0	0	0	0	0	0	0	0	0	0	0	0	0	0	0	0	0	0	0	0	0	0	0.456145	0.456145	0	0	0	0	0	0	0	0	0	0	0	0	0	0.456145	0.456145	0	0	0	0	0	0	0.456145	0	0.456145	0	0	0	0	0	0	0	0	0	0	0	0	0.456145	0.456145	0	0	0	0.456145	0.456145	0	0	0	0	0.456145	0	0.456145	0	0	0	0	0	0	0	0	0	0	0	0	0	0	0	0	0	0	0	0	0	0	0	0.456145	0.456145	0	0	0	0	0	0	0	0	0	0.456145	0.456145	0	0	0	0	0	0	0	0	0.456145	0.456145	0.456145	0.456145	0	0	0	0.456145	0.456145	0	0	0.456145	0.456145	0	0	0.456145	0.456145	0	0.456145	0.456145	0.456145	1.3682	1.3682	0.456145	0.456145	1.3682	0.912233	0.456145	0.456145	0.912233	1.824	0.912233	0.912233	1.824	1.824	0.912233	0.912233	0.912233	1.3682	2.27957	0.912233	0.912233	2.27957	2.27957	0.912233	0.912233	0.912233	0.912233	1.824	0.912233	0.912233	1.3682	0.456145	0.912233	1.3682	0.456145	0.456145	0.912233	0.456145	0.456145	0.456145	0	0.456145	0.456145	0	0	0.456145	0.456145	0	0.456145	0.456145	0	0	0	0.456145	0.456145	0	0	0.456145	0.456145	0	0	0.456145	0.912233	0.912233	0.456145	0.456145	0.456145	0	0.456145	0.456145	0.456145	0.912233
0	0	0	0	0	0.456102	0.456102	0	0	0.456102	0.456102	0	0.456102	0.456102	0	0	0.456102	0.456102	0.456102	0.456102	0	0.456102	0.456102	0	0	0.456102	0.456102	0	0	0	0	0	0	0	0.456102	0.456102	0	0	0	0.456102	0.456102	0	0	0	0	0	0	0	0	0	0	0	0	0	0	0	0	0	0	0	0	0	0	0	0	0	0	0.456102	0.456102	0	0	0	0	0	0	0	0	0	0	0	0	0	0.456102	0.456102	0	0	0	0	0	0	0.456102	0	0.456102	0	0	0	0	0	0	0	0	0	0	0	0	0.456102	0.456102	0	0	0	0.456102	0.456102	0	0	0	0	0.456102	0	0.456102	0	0	0	0	0	0	0	0	0	0	0	0	0	0	0	0	0	0	0	0	0	0	0	0.456102	0.456102	0	0	0	0	0	0	0	0	0	0.456102	0.456102	0	0	0	0	0	0	0	0	0.456102	0.456102	0.456102	0.456102	0	0	0	0.456102	0.456102	0	0	0.456102	0.456102	0	0	0.456102	0.456102	0	0.456102	0.456102	0.456102	1.36807	1.36807	0.456102	0.456102	1.36807	0.912145	0.456102	0.456102	0.912145	1.82383	0.912145	0.912145	1.82383	1.82383	0.912145	0.912145	0.912145	1.36807	2.27935	0.912145	0.912145	2.27935	2.27935	0.912145	0.912145	0.912145	0.912145	1.82383	0.912145	0.912145	1.36807	0.456102	0.912145	1.36807	0.456102	0.456102	0.912145	0.456102	0.456102	0.456102	0	0.456102	0.456102	0	0	0.456102	0.456102	0	0.456102	0.456102	0	0	0	0.456102	0.456102	0	0	0.456102	0.456102	0	0	0.456102	0.912145	0.912145	0.456102	0.456102	0.456102	0	0.456102	0.456102	0.456102	0.912145
0	0	0	0	0	0.456058	0.456058	0	0	0.456058	0.456058	0	0.456058	0.456058	0	0	0.456058	0.456058	0.456058	0.456058	0	0.456058	0.456058	0	0	0.456058	0.456058	0	0	0	0	0	0	0	0.456058	0.456058	0	0	0	0.456058	0.456058	0	0	0	0	0	0	0	0	0	0	0	0	0	0	0	0	0	0	0	0	0	0	0	0	0	0	0.456058	0.456058	0	0	0	0	0	0	0	0	0	0	0	0	0	0.456058	0.456058	0	0	0	0	0	0	0.456058	0	0.456058	0	0	0	0	0	0	0	0	0	0	0	0	0.456058	0.456058	0	0	0	0.456058	0.456058	0	0	0	0	0.456058	0	0.456058	0	0	0	0	0	0	0	0	0	0	0	0	0	0	0	0	0	0	0	0	0	0	0	0.456058	0.456058	0	0	0	0	0	0	0	0	0	0.456058	0.456058	0	0	0	0	0	0	0	0	0.456058	0.456058	0.456058	0.456058	0	0	0	0.456058	0.456058	0	0	0.456058	0.456058	0	0	0.456058	0.456058	0	0.456058	0.456058	0.456058	1.36794	1.36794	0.456058	0.456058	1.36794	0.912058	0.456058	0.456058	0.912058	1.82365	0.912058	0.912058	1.82365	1.82365	0.912058	0.912058	0.912058	1.36794	2.27914	0.912058	0.912058	2.27914	2.27914	0.912058	0.912058	0.912058	0.912058	1.82365	0.912058	0.912058	1.36794	0.456058	0.912058	1.36794	0.456058	0.456058	0.912058	0.456058	0.456058	0.456058	0	0.456058	0.456058	0	0	0.456058	0.456058	0	0.456058	0.456058	0	0	0	0.456058	0.456058	0	0	0.456058	0.456058	0	0	0.456058	0.912058	0.912058	0.456058	0.456058	0.456058	0	0.456058	0.456058	0.456058	0.912058
0	0	0	0	0	0.456014	0.456014	0	0	0.456014	0.456014	0	0.456014	0.456014	0	0	0.456014	0.456014	0.456014	0.456014	0	0.456014	0.456014	0	0	0.456014	0.456014	0	0	0	0	0	0	0	0.456014	0.456014	0	0	0	0.456014	0.456014	0	0	0	0	0	0	0	0	0	0	0	0	0	0	0	0	0	0	0	0	0	0	0	0	0	0	0.456014	0.456014	0	0	0	0	0	0	0	0	0	0	0	0	0	0.456014	0.456014	0	0	0	0	0	0	0.456014	0	0.456014	0	0	0	0	0	0	0	0	0	0	0	0	0.456014	0.456014	0	0	0	0.456014	0.456014	0	0	0	0	0.456014	0	0.456014	0	0	0	0	0	0	0	0	0	0	0	0	0	0	0	0	0	0	0	0	0	0	0	0.456014	0.456014	0	0	0	0	0	0	0	0	0	0.456014	0.456014	0	0	0	0	0	0	0	0	0.456014	0.456014	0.456014	0.456014	0	0	0	0.456014	0.456014	0	0	0.456014	0.456014	0	0	0.456014	0.456014	0	0.456014	0.456014	0.456014	1.36781	1.36781	0.456014	0.456014	1.36781	0.911971	0.456014	0.456014	0.911971	1.82348	0.911971	0.911971	1.82348	1.82348	0.911971	0.911971	0.911971	1.36781	2.27892	0.911971	0.911971	2.27892	2.27892	0.911971	0.911971	0.911971	0.911971	1.82348	0.911971	0.911971	1.36781	0.456014	0.911971	1.36781	0.456014	0.456014	0.911971	0.456014	0.456014	0.456014	0	0.456014	0.456014	0	0	0.456014	0.456014	0	0.456014	0.456014	0	0	0	0.456014	0.456014	0	0	0.456014	0.456014	0	0	0.456014	0.911971	0.911971	0.456014	0.456014	0.456014	0	0.456014	0.456014	0.456014	0.911971
0.911942	0.911942	1.03222	1.25899	1.36777	1.2996	1.08139	0.911942	1.03222	1.22764	1.08139	1.03222	1.37722	1.44172	1.36777	1.36777	1.44172	1.44172	1.44172	1.44172	1.36777	1.2996	1.08139	1.03222	1.25899	1.2996	1.08139	0.911942	0.911942	0.911942	0.911942	0.911942	0.911942	0.911942	1.01955	1.01955	0.911942	0.911942	0.911942	0.868141	0.664701	0.581279	0.806064	0.911942	0.911942	0.911942	0.911942	0.911942	0.911942	0.911942	0.911942	0.911942	0.911942	0.911942	0.911942	0.911942	0.911942	0.911942	0.911942	0.911942	0.911942	0.911942	0.911942	0.911942	0.911942	0.911942	0.806064	0.82201	0.868141	0.911942	0.911942	0.911942	0.911942	0.911942	0.911942	0.911942	0.911942	0.911942	0.911942	0.911942	0.911942	0.911942	1.08139	1.2996	1.36777	1.36777	1.36777	1.36777	1.36777	1.36777	1.2996	1.13987	1.2996	1.36777	1.36777	1.36777	1.36777	1.36777	1.25899	1.03222	0.911942	0.911942	0.911942	0.911942	0.911942	1.08139	1.2996	1.25899	1.03222	0.911942	1.08139	1.2996	1.36777	1.36777	1.36777	1.36777	1.2996	1.03222	1.01955	0.911942	0.911942	0.911942	0.911942	0.911942	0.911942	0.911942	0.911942	0.911942	0.911942	0.911942	0.911942	0.911942	0.911942	0.911942	0.911942	0.911942	0.911942	0.911942	0.911942	0.911942	0.806064	0.581279	0.664701	0.868141	0.911942	0.911942	0.911942	0.911942	0.911942	0.911942	0.911942	0.911942	0.911942	0.868141	0.664701	0.456	0.3605	0.161218	0	0	0.161218	0.3605	0.456	0.483644	0.509795	0.509795	0.360482	0.161218	0.3605	0.456	0.483644	0.360482	0.161218	0.3605	0.644847	0.644847	0.456	0.456	0.483644	0.509795	0.3605	0.644847	0.644847	0.644847	1.29953	1.38654	0.664682	0.644847	1.44164	1.01951	0.644847	0.644847	1.01951	1.87939	1.01951	1.01951	2.01917	2.09486	1.28953	1.45066	1.61981	1.77284	2.54736	1.61981	1.64368	2.65694	2.65694	1.64368	1.8019	1.99339	1.88637	2.26163	1.64368	1.48605	1.78013	1.37722	1.32922	1.32918	0.644847	0.644847	0.868103	0.360482	0.455971	0.455971	0	0.360482	0.483644	0.3605	0.161218	0.360482	0.483644	0.456	0.483644	0.360482	0	0	0	0.455971	0.455971	0	0	0.455971	0.455971	0	0	0.455971	0.911884	0.911884	0.455971	0.455971	0.455971	0	0.455971	0.455971	0.455971	0.911884
0.911855	0.911855	1.08128	1.29947	1.36764	1.25887	1.03212	0.911855	1.08128	1.22753	1.03212	1.08128	1.48591	1.44158	1.36764	1.36764	1.44158	1.44158	1.44158	1.44158	1.36764	1.25887	1.03212	1.08128	1.29947	1.25887	1.03212	0.911855	0.911855	0.911855	0.911855	0.911855	0.911855	0.911855	1.01945	1.01945	0.911855	0.911855	0.911855	0.805987	0.581224	0.664638	0.868058	0.911855	0.911855	0.911855	0.911855	0.911855	0.911855	0.911855	0.911855	0.911855	0.911855	0.911855	0.911855	0.911855	0.911855	0.911855	0.911855	0.911855	0.911855	0.911855	0.911855	0.911855	0.911855	0.911855	0.868058	0.821932	0.805987	0.911855	0.911855	0.911855	0.911855	0.911855	0.911855	0.911855	0.911855	0.911855	0.911855	0.911855	0.911855	0.911855	1.03212	1.25887	1.36764	1.36764	1.36764	1.36764	1.36764	1.36764	1.25887	1.13976	1.25887	1.36764	1.36764	1.36764	1.36764	1.36764	1.29947	1.08128	0.911855	0.911855	0.911855	0.911855	0.911855	1.03212	1.25887	1.29947	1.08128	0.911855	1.03212	1.25887	1.36764	1.36764	1.36764	1.36764	1.25887	1.08128	1.01945	0.911855	0.911855	0.911855	0.911855	0.911855	0.911855	0.911855	0.911855	0.911855	0.911855	0.911855	0.911855	0.911855	0.911855	0.911855	0.911855	0.911855	0.911855	0.911855	0.911855	0.911855	0.868058	0.664638	0.581224	0.805987	0.911855	0.911855	0.911855	0.911855	0.911855	0.911855	0.911855	0.911855	0.911855	0.805987	0.581224	0.455956	0.483598	0.360447	0	0	0.360447	0.483598	0.455956	0.360466	0.509746	0.509746	0.161203	0.360447	0.483598	0.455956	0.360466	0.161203	0.360447	0.483598	0.644786	0.644786	0.455956	0.455956	0.360466	0.509746	0.483598	0.644786	0.644786	0.644786	1.08123	1.38641	0.86802	0.644786	1.4415	1.01941	0.644786	0.644786	1.01941	1.87921	1.01941	1.01941	2.23831	2.30678	1.28941	1.61963	1.77267	1.61965	2.54712	1.77267	1.64353	2.65669	2.65669	1.64353	1.94041	2.11935	1.80176	2.09471	1.64353	1.37708	1.77996	1.48591	1.16233	0.967127	0.644786	0.644786	0.664618	0.161203	0.455927	0.455927	0	0.161203	0.360466	0.483598	0.360447	0.161203	0.360466	0.455956	0.360466	0.161203	0	0	0	0.455927	0.455927	0	0	0.455927	0.455927	0	0	0.455927	0.911797	0.911797	0.455927	0.455927	0.455927	0	0.455927	0.455927	0.455927	0.911797
0	0	0.455884	0.455884	0	0	0	0	0.455884	0.455884	0	0.455884	0.91171	0.455884	0	0	0.455884	0.455884	0.455884	0.455884	0	0	0	0.455884	0.455884	0	0	0	0	0	0	0	0	0	0.455884	0.455884	0	0	0	0	0	0.455884	0.455884	0	0	0	0	0	0	0	0	0	0	0	0	0	0	0	0	0	0	0	0	0	0	0	0.455884	0.455884	0	0	0	0	0	0	0	0	0	0	0	0	0	0	0	0	0	0	0	0	0	0	0	0	0	0	0	0	0	0	0.455884	0.455884	0	0	0	0	0	0	0	0.455884	0.455884	0	0	0	0	0	0	0	0	0.455884	0.455884	0	0	0	0	0	0	0	0	0	0	0	0	0	0	0	0	0	0	0	0	0	0.455884	0.455884	0	0	0	0	0	0	0	0	0	0	0	0	0	0	0.455884	0.455884	0	0	0.455884	0.455884	0	0	0.455884	0.455884	0	0.455884	0.455884	0	0	0	0.455884	0.455884	0.455884	0.455884	0	0	0	0.455884	0.455884	0.455884	0.455884	0.455884	0.91171	1.36742	0.91171	0.455884	1.36742	0.91171	0.455884	0.455884	0.91171	1.82296	0.91171	0.91171	2.27827	2.27827	0.91171	1.36742	1.36742	0.91171	2.27827	1.36742	0.91171	2.27827	2.27827	0.91171	1.36742	1.36742	0.455884	1.36742	0.91171	0.455884	1.36742	0.91171	0	0.455884	0.455884	0.455884	0.455884	0	0.455884	0.455884	0	0	0	0.455884	0.455884	0	0	0	0	0	0	0	0	0.455884	0.455884	0	0	0.455884	0.455884	0	0	0.455884	0.91171	0.91171	0.455884	0.455884	0.455884	0	0.455884	0.455884	0.455884	0.91171
0	0	0.45584	0.45584	0	0	0	0	0.45584	0.45584	0	0.45584	0.911623	0.45584	0	0	0.45584	0.45584	0.45584	0.45584	0	0	0	0.45584	0.45584	0	0	0	0	0	0	0	0	0	0.45584	0.45584	0	0	0	0	0	0.45584	0.45584	0	0	0	0	0	0	0	0	0	0	0	0	0	0	0	0	0	0	0	0	0	0	0	0.45584	0.45584	0	0	0	0	0	0	0	0	0	0	0	0	0	0	0	0	0	0	0	0	0	0	0	0	0	0	0	0	0	0	0.45584	0.45584	0	0	0	0	0	0	0	0.45584	0.45584	0	0	0	0	0	0	0	0	0.45584	0.45584	0	0	0	0	0	0	0	0	0	0	0	0	0	0	0	0	0	0	0	0	0	0.45584	0.45584	0	0	0	0	0	0	0	0	0	0	0	0	0	0	0.45584	0.45584	0	0	0.45584	0.45584	0	0	0.45584	0.45584	0	0.45584	0.45584	0	0	0	0.45584	0.45584	0.45584	0.45584	0	0	0	0.45584	0.45584	0.45584	0.45584	0.45584	0.911623	1.36729	0.911623	0.45584	1.36729	0.911623	0.45584	0.45584	0.911623	1.82278	0.911623	0.911623	2.27805	2.27805	0.911623	1.36729	1.36729	0.911623	2.27805	1.36729	0.911623	2.27805	2.27805	0.911623	1.36729	1.36729	0.45584	1.36729	0.911623	0.45584	1.36729	0.911623	0	0.45584	0.45584	0.45584	0.45584	0	0.45584	0.45584	0	0	0	0.45584	0.45584	0	0	0	0	0	0	0	0	0.45584	0.45584	0	0	0.45584	0.45584	0	0	0.45584	0.911623	0.911623	0.45584	0.45584	0.45584	0	0.45584	0.45584	0.45584	0.911623
0	0	0.455797	0.455797	0	0	0	0	0.455797	0.455797	0	0.455797	0.911536	0.455797	0	0	0.455797	0.455797	0.455797	0.455797	0	0	0	0.455797	0.455797	0	0	0	0	0	0	0	0	0	0.455797	0.455797	0	0	0	0	0	0.455797	0.455797	0	0	0	0	0	0	0	0	0	0	0	0	0	0	0	0	0	0	0	0	0	0	0	0.455797	0.455797	0	0	0	0	0	0	0	0	0	0	0	0	0	0	0	0	0	0	0	0	0	0	0	0	0	0	0	0	0	0	0.455797	0.455797	0	0	0	0	0	0	0	0.455797	0.455797	0	0	0	0	0	0	0	0	0.455797	0.455797	0	0	0	0	0	0	0	0	0	0	0	0	0	0	0	0	0	0	0	0	0	0.455797	0.455797	0	0	0	0	0	0	0	0	0	0	0	0	0	0	0.455797	0.455797	0	0	0.455797	0.455797	0	0	0.455797	0.455797	0	0.455797	0.455797	0	0	0	0.455797	0.455797	0.455797	0.455797	0	0	0	0.455797	0.455797	0.455797	0.455797	0.455797	0.911536	1.36716	0.911536	0.455797	1.36716	0.911536	0.455797	0.455797	0.911536	1.82261	0.911536	0.911536	2.27783	2.27783	0.911536	1.36716	1.36716	0.911536	2.27783	1.36716	0.911536	2.27783	2.27783	0.911536	1.36716	1.36716	0.455797	1.36716	0.911536	0.455797	1.36716	0.911536	0	0.455797	0.455797	0.455797	0.455797	0	0.455797	0.455797	0	0	0	0.455797	0.455797	0	0	0	0	0	0	0	0	0.455797	0.455797	0	0	0.455797	0.455797	0	0	0.455797	0.911536	0.911536	0.455797	0.455797	0.455797	0	0.455797	0.455797	0.455797	0.911536
0	0	0.455753	0.455753	0	0	0	0	0.455753	0.455753	0	0.455753	0.911449	0.455753	0	0	0.455753	0.455753	0.455753	0.455753	0	0	0	0.455753	0.455753	0	0	0	0	0	0	0	0	0	0.455753	0.455753	0	0	0	0	0	0.455753	0.455753	0	0	0	0	0	0	0	0	0	0	0	0	0	0	0	0	0	0	0	0	0	0	0	0.455753	0.455753	0	0	0	0	0	0	0	0	0	0	0	0	0	0	0	0	0	0	0	0	0	0	0	0	0	0	0	0	0	0	0.455753	0.455753	0	0	0	0	0	0	0	0.455753	0.455753	0	0	0	0	0	0	0	0	0.455753	0.455753	0	0	0	0	0	0	0	0	0	0	0	0	0	0	0	0	0	0	0	0	0	0.455753	0.455753	0	0	0	0	0	0	0	0	0	0	0	0	0	0	0.455753	0.455753	0	0	0.455753	0.455753	0	0	0.455753	0.455753	0	0.455753	0.455753	0	0	0	0.455753	0.455753	0.455753	0.455753	0	0	0	0.455753	0.455753	0.455753	0.455753	0.455753	0.911449	1.36703	0.911449	0.455753	1.36703	0.911449	0.455753	0.455753	0.911449	1.82244	0.911449	0.911449	2.27761	2.27761	0.911449	1.36703	1.36703	0.911449	2.27761	1.36703	0.911449	2.27761	2.27761	0.911449	1.36703	1.36703	0.455753	1.36703	0.911449	0.455753	1.36703	0.911449	0	0.455753	0.455753	0.455753	0.455753	0	0.455753	0.455753	0	0	0	0.455753	0.455753	0	0	0	0	0	0	0	0	0.455753	0.455753	0	0	0.455753	0.455753	0	0	0.455753	0.911449	0.911449	0.455753	0.455753	0.455753	0	0.455753	0.455753	0.455753	0.911449
1.03163	1.25827	1.29885	1.08077	0.91142	1.03163	1.25827	1.36699	1.44089	1.44089	1.36699	1.44089	1.4852	1.08077	0.91142	0.91142	1.01896	1.01896	1.01896	1.01896	0.91142	0.91142	0.91142	0.867644	0.664321	0.455739	0.580946	0.805603	0.91142	0.91142	0.91142	0.91142	0.91142	0.91142	0.867644	0.82154	0.805603	0.91142	0.91142	0.91142	0.91142	0.867644	0.664321	0.455739	0.455739	0.455739	0.580946	0.805603	0.91142	0.91142	0.91142	0.91142	0.91142	0.91142	0.91142	0.91142	0.91142	0.91142	0.91142	0.91142	0.91142	0.91142	0.91142	0.91142	0.91142	0.91142	1.08077	1.29885	1.36699	1.36699	1.36699	1.36699	1.36699	1.36699	1.36699	1.36699	1.36699	1.36699	1.36699	1.36699	1.36699	1.36699	1.36699	1.36699	1.36699	1.36699	1.36699	1.36699	1.36699	1.25827	1.03163	0.91142	0.91142	0.91142	0.91142	0.91142	0.91142	0.91142	1.08077	1.29885	1.36699	1.25827	1.03163	0.91142	0.91142	0.805603	0.580946	0.664321	0.867644	0.91142	0.91142	0.91142	0.91142	0.91142	0.91142	0.91142	0.91142	1.08077	1.29885	1.36699	1.36699	1.25827	1.03163	0.91142	0.91142	0.91142	0.91142	0.91142	0.91142	0.91142	0.91142	0.91142	0.91142	0.91142	0.91142	0.91142	0.91142	0.91142	0.805603	0.580946	0.664321	0.867644	0.805603	0.580946	0.455739	0.455739	0.455739	0.455739	0.455739	0.455739	0.455739	0.455739	0.455739	0.455739	0.455739	0.455739	0.664321	0.867644	0.91142	0.91142	0.867644	0.82154	0.805603	0.91142	0.867644	0.82154	0.805603	0.867644	0.664321	0.580946	0.805603	0.91142	1.01896	1.01896	1.01896	1.01896	0.91142	0.91142	1.03163	1.22694	1.08077	1.01896	1.01896	1.01896	1.28879	1.6427	1.28879	1.01896	1.6427	1.28879	1.01896	1.01896	1.28879	2.03721	1.28879	1.28879	2.45265	2.45265	1.28879	1.6427	1.6427	1.28879	2.45265	1.6427	1.28879	2.45265	2.45265	1.28879	1.48516	1.37637	0.805578	1.52819	0.979987	0.805578	1.52819	0.979987	0.455739	0.483367	0.360275	0.45571	0.45571	0	0.360275	0.509503	0.161126	0	0	0.360275	0.483367	0.360294	0.161126	0	0	0	0	0	0.161126	0.509503	0.360275	0	0.161126	0.509503	0.360275	0.161126	0.360294	0.483367	0.805554	0.911362	0.45571	0.45571	0.45571	0	0.45571	0.45571	0.45571	0.911362
1.08066	1.29873	1.25815	1.03153	0.911333	1.08066	1.29873	1.36686	1.44075	1.44075	1.36686	1.44075	1.3763	1.03153	0.911333	0.911333	1.01887	1.01887	1.01887	1.01887	0.911333	0.911333	0.911333	0.805526	0.580891	0.455695	0.664257	0.867561	0.911333	0.911333	0.911333	0.911333	0.911333	0.911333	0.805526	0.821461	0.867561	0.911333	0.911333	0.911333	0.911333	0.805526	0.580891	0.455695	0.455695	0.455695	0.664257	0.867561	0.911333	0.911333	0.911333	0.911333	0.911333	0.911333	0.911333	0.911333	0.911333	0.911333	0.911333	0.911333	0.911333	0.911333	0.911333	0.911333	0.911333	0.911333	1.03153	1.25815	1.36686	1.36686	1.36686	1.36686	1.36686	1.36686	1.36686	1.36686	1.36686	1.36686	1.36686	1.36686	1.36686	1.36686	1.36686	1.36686	1.36686	1.36686	1.36686	1.36686	1.36686	1.29873	1.08066	0.911333	0.911333	0.911333	0.911333	0.911333	0.911333	0.911333	1.03153	1.25815	1.36686	1.29873	1.08066	0.911333	0.911333	0.867561	0.664257	0.580891	0.805526	0.911333	0.911333	0.911333	0.911333	0.911333	0.911333	0.911333	0.911333	1.03153	1.25815	1.36686	1.36686	1.29873	1.08066	0.911333	0.911333	0.911333	0.911333	0.911333	0.911333	0.911333	0.911333	0.911333	0.911333	0.911333	0.911333	0.911333	0.911333	0.911333	0.867561	0.664257	0.580891	0.805526	0.867561	0.664257	0.455695	0.455695	0.455695	0.455695	0.455695	0.455695	0.455695	0.455695	0.455695	0.455695	0.455695	0.455695	0.580891	0.805526	0.911333	0.911333	0.805526	0.821461	0.867561	0.911333	0.805526	0.821461	0.867561	0.805526	0.580891	0.664257	0.867561	0.911333	1.01887	1.01887	1.01887	1.01887	0.911333	0.911333	1.08066	1.22682	1.03153	1.01887	1.01887	1.01887	1.28867	1.64254	1.28867	1.01887	1.64254	1.28867	1.01887	1.01887	1.28867	2.03701	1.28867	1.28867	2.45241	2.45241	1.28867	1.64254	1.64254	1.28867	2.45241	1.64254	1.28867	2.45241	2.45241	1.28867	1.29868	1.17272	0.979894	1.52804	0.805501	0.979894	1.52804	0.805501	0.455695	0.360259	0.16111	0.455666	0.455666	0	0.16111	0.509454	0.360241	0	0	0.16111	0.360259	0.483321	0.360241	0	0	0	0	0	0.360241	0.509454	0.16111	0	0.360241	0.509454	0.16111	0.360241	0.483321	0.360259	0.580857	0.911275	0.455666	0.455666	0.455666	0	0.455666	0.455666	0.455666	0.911275
0.455623	0.455623	0	0	0	0.455623	0.455623	0	0.455623	0.455623	0	0.455623	0.455623	0	0	0	0.455623	0.455623	0.455623	0.455623	0	0	0	0	0	0	0.455623	0.455623	0	0	0	0	0	0	0	0.455623	0.455623	0	0	0	0	0	0	0	0	0	0.455623	0.455623	0	0	0	0	0	0	0	0	0	0	0	0	0	0	0	0	0	0	0	0	0	0	0	0	0	0	0	0	0	0	0	0	0	0	0	0	0	0	0	0	0	0.455623	0.455623	0	0	0	0	0	0	0	0	0	0	0.455623	0.455623	0	0	0.455623	0.455623	0	0	0	0	0	0	0	0	0	0	0	0	0	0	0.455623	0.455623	0	0	0	0	0	0	0	0	0	0	0	0	0	0	0	0.455623	0.455623	0	0	0.455623	0.455623	0	0	0	0	0	0	0	0	0	0	0	0	0	0	0	0	0	0.455623	0.455623	0	0	0.455623	0.455623	0	0	0.455623	0.455623	0	0.455623	0.455623	0.455623	0.455623	0	0	0.455623	0.455623	0	0.455623	0.455623	0.455623	0.911188	1.36664	0.911188	0.455623	1.36664	0.911188	0.455623	0.455623	0.911188	1.82192	0.911188	0.911188	2.27696	2.27696	0.911188	1.36664	1.36664	0.911188	2.27696	1.36664	0.911188	2.27696	2.27696	0.911188	0.911188	0.911188	0.911188	1.36664	0.455623	0.911188	1.36664	0.455623	0	0	0	0.455623	0.455623	0	0	0.455623	0.455623	0	0	0	0	0.455623	0.455623	0	0	0	0	0	0.455623	0.455623	0	0	0.455623	0.455623	0	0.455623	0.455623	0	0.455623	0.911188	0.455623	0.455623	0.455623	0	0.455623	0.455623	0.455623	0.911188
0.455579	0.455579	0	0	0	0.455579	0.455579	0	0.455579	0.455579	0	0.455579	0.455579	0	0	0	0.455579	0.455579	0.455579	0.455579	0	0	0	0	0	0	0.455579	0.455579	0	0	0	0	0	0	0	0.455579	0.455579	0	0	0	0	0	0	0	0	0	0.455579	0.455579	0	0	0	0	0	0	0	0	0	0	0	0	0	0	0	0	0	0	0	0	0	0	0	0	0	0	0	0	0	0	0	0	0	0	0	0	0	0	0	0	0	0.455579	0.455579	0	0	0	0	0	0	0	0	0	0	0.455579	0.455579	0	0	0.455579	0.455579	0	0	0	0	0	0	0	0	0	0	0	0	0	0	0.455579	0.455579	0	0	0	0	0	0	0	0	0	0	0	0	0	0	0	0.455579	0.455579	0	0	0.455579	0.455579	0	0	0	0	0	0	0	0	0	0	0	0	0	0	0	0	0	0.455579	0.455579	0	0	0.455579	0.455579	0	0	0.455579	0.455579	0	0.455579	0.455579	0.455579	0.455579	0	0	0.455579	0.455579	0	0.455579	0.455579	0.455579	0.911101	1.36651	0.911101	0.455579	1.36651	0.911101	0.455579	0.455579	0.911101	1.82174	0.911101	0.911101	2.27675	2.27675	0.911101	1.36651	1.36651	0.911101	2.27675	1.36651	0.911101	2.27675	2.27675	0.911101	0.911101	0.911101	0.911101	1.36651	0.455579	0.911101	1.36651	0.455579	0	0	0	0.455579	0.455579	0	0	0.455579	0.455579	0	0	0	0	0.455579	0.455579	0	0	0	0	0	0.455579	0.455579	0	0	0.455579	0.455579	0	0.455579	0.455579	0	0.455579	0.911101	0.455579	0.455579	0.455579	0	0.455579	0.455579	0.455579	0.911101
1.22647	1.08035	0.911072	1.03124	1.25779	1.29836	1.08035	0.911072	1.01858	1.01858	0.911072	1.01858	1.01858	0.911072	1.03124	1.25779	1.29836	1.08035	1.01858	1.01858	0.911072	0.911072	0.911072	0.911072	0.911072	0.911072	0.867313	0.821226	0.805295	0.911072	0.911072	0.911072	0.911072	0.911072	1.03124	1.22647	1.08035	0.911072	0.911072	0.911072	0.911072	0.911072	0.911072	0.911072	0.911072	0.911072	0.867313	0.664067	0.580724	0.805295	0.911072	0.911072	0.911072	0.911072	0.911072	0.911072	0.911072	0.911072	0.911072	0.911072	0.911072	0.911072	0.911072	0.911072	0.911072	0.911072	0.911072	0.911072	0.911072	0.911072	0.911072	0.911072	0.911072	0.911072	0.911072	0.911072	0.911072	0.911072	0.911072	0.911072	0.911072	0.911072	1.03124	1.25779	1.36646	1.36646	1.36646	1.25779	1.03124	1.08035	1.29836	1.36646	1.36646	1.36646	1.25779	1.03124	0.911072	0.911072	0.911072	0.911072	0.911072	1.08035	1.29836	1.25779	1.03124	1.08035	1.29836	1.36646	1.36646	1.36646	1.25779	1.03124	0.911072	0.911072	0.911072	0.911072	0.911072	0.911072	0.911072	0.911072	0.911072	1.08035	1.29836	1.36646	1.36646	1.36646	1.36646	1.36646	1.36646	1.36646	1.36646	1.25779	1.03124	0.911072	0.911072	0.911072	0.911072	0.805295	0.821226	0.867313	0.805295	0.580724	0.664067	0.867313	0.911072	0.911072	0.911072	0.911072	0.911072	0.911072	0.911072	0.911072	0.911072	0.911072	0.911072	0.911072	0.911072	0.911072	0.911072	0.911072	1.03124	1.22647	1.08035	0.911072	1.03124	1.22647	1.08035	1.03124	1.25779	1.29836	1.22647	1.25779	1.29836	1.08035	1.01858	1.01858	0.911072	0.911072	1.01858	1.01858	0.911072	1.17243	1.3759	1.44034	1.64212	1.77115	1.29833	1.17243	1.77844	1.29833	1.17243	1.3759	1.64212	2.27658	1.64212	1.64212	2.49877	2.54493	1.61826	1.77115	1.61824	1.2883	2.45171	1.64208	1.2883	2.3048	2.23639	1.01854	1.01854	1.01854	0.867275	1.38522	0.664047	0.720247	1.16126	0.644232	0.360156	0.227772	0.360156	0.483183	0.360138	0	0.161064	0.509308	0.360138	0	0	0.161064	0.360156	0.483183	0.360138	0	0.161064	0.360156	0.455565	0.455565	0.483183	0.509308	0.509328	0.805295	0.867313	0.821226	0.805295	0.867313	0.664067	0.580724	0.979633	1.12731	0.664067	0.644232	0.644232	0.455565	0.644232	0.644232	0.644232	0.867275
1.22636	1.03114	0.910985	1.08025	1.29824	1.25767	1.03114	0.910985	1.01848	1.01848	0.910985	1.01848	1.01848	0.910985	1.08025	1.29824	1.25767	1.03114	1.01848	1.01848	0.910985	0.910985	0.910985	0.910985	0.910985	0.910985	0.805219	0.821148	0.86723	0.910985	0.910985	0.910985	0.910985	0.910985	1.08025	1.22636	1.03114	0.910985	0.910985	0.910985	0.910985	0.910985	0.910985	0.910985	0.910985	0.910985	0.805219	0.580669	0.664004	0.86723	0.910985	0.910985	0.910985	0.910985	0.910985	0.910985	0.910985	0.910985	0.910985	0.910985	0.910985	0.910985	0.910985	0.910985	0.910985	0.910985	0.910985	0.910985	0.910985	0.910985	0.910985	0.910985	0.910985	0.910985	0.910985	0.910985	0.910985	0.910985	0.910985	0.910985	0.910985	0.910985	1.08025	1.29824	1.36633	1.36633	1.36633	1.29824	1.08025	1.03114	1.25767	1.36633	1.36633	1.36633	1.29824	1.08025	0.910985	0.910985	0.910985	0.910985	0.910985	1.03114	1.25767	1.29824	1.08025	1.03114	1.25767	1.36633	1.36633	1.36633	1.29824	1.08025	0.910985	0.910985	0.910985	0.910985	0.910985	0.910985	0.910985	0.910985	0.910985	1.03114	1.25767	1.36633	1.36633	1.36633	1.36633	1.36633	1.36633	1.36633	1.36633	1.29824	1.08025	0.910985	0.910985	0.910985	0.910985	0.86723	0.821148	0.805219	0.86723	0.664004	0.580669	0.805219	0.910985	0.910985	0.910985	0.910985	0.910985	0.910985	0.910985	0.910985	0.910985	0.910985	0.910985	0.910985	0.910985	0.910985	0.910985	0.910985	1.08025	1.22636	1.03114	0.910985	1.08025	1.22636	1.03114	1.08025	1.29824	1.25767	1.22636	1.29824	1.25767	1.03114	1.01848	1.01848	0.910985	0.910985	1.01848	1.01848	0.910985	1.29821	1.48449	1.4402	1.64196	1.61811	1.17231	1.29821	1.77827	1.17231	1.29821	1.48449	1.64196	2.27636	1.64196	1.64196	2.3046	2.54469	1.77098	1.61811	1.44914	1.28818	2.45148	1.64192	1.28818	2.09266	2.01706	1.01844	1.01844	1.01844	0.663984	1.38509	0.867192	0.322095	0.720179	0.644171	0.483137	0.683221	0.483137	0.360122	0.161049	0	0.360104	0.50926	0.161049	0	0	0.360104	0.483137	0.360122	0.161049	0	0.360104	0.483137	0.455521	0.455521	0.360122	0.50926	0.821128	0.86723	0.805219	0.821148	0.86723	0.805219	0.580669	0.664004	1.1272	0.97954	0.580669	0.644171	0.644171	0.455521	0.644171	0.644171	0.644171	0.663984
0.455449	0	0	0.455449	0.455449	0	0	0	0.455449	0.455449	0	0.455449	0.455449	0	0.455449	0.455449	0	0	0.455449	0.455449	0	0	0	0	0	0	0	0.455449	0.455449	0	0	0	0	0	0.455449	0.455449	0	0	0	0	0	0	0	0	0	0	0	0	0.455449	0.455449	0	0	0	0	0	0	0	0	0	0	0	0	0	0	0	0	0	0	0	0	0	0	0	0	0	0	0	0	0	0	0	0	0.455449	0.455449	0	0	0	0.455449	0.455449	0	0	0	0	0	0.455449	0.455449	0	0	0	0	0	0	0	0.455449	0.455449	0	0	0	0	0	0.455449	0.455449	0	0	0	0	0	0	0	0	0	0	0	0	0	0	0	0	0	0	0	0.455449	0.455449	0	0	0	0	0.455449	0.455449	0	0.455449	0.455449	0	0	0	0	0	0	0	0	0	0	0	0	0	0	0	0	0	0	0.455449	0.455449	0	0	0.455449	0.455449	0	0.455449	0.455449	0	0.455449	0.455449	0	0	0.455449	0.455449	0	0	0.455449	0.455449	0	0.91084	0.91084	0.455449	0.91084	0.91084	0.455449	0.91084	1.36612	0.455449	0.91084	0.91084	0.91084	1.82122	0.91084	0.91084	1.82122	2.27609	1.36612	0.91084	0.91084	0.91084	2.27609	1.36612	0.91084	1.82122	1.82122	0.91084	0.91084	0.91084	0.455449	1.36612	0.91084	0	0.455449	0.455449	0.455449	0.91084	0.455449	0	0	0	0.455449	0.455449	0	0	0	0.455449	0.455449	0	0	0	0.455449	0.455449	0	0	0	0.455449	0.91084	0.455449	0	0.455449	0.455449	0	0	0.455449	0.91084	0.455449	0	0.455449	0.455449	0	0.455449	0.455449	0.455449	0.455449
0.455406	0	0	0.455406	0.455406	0	0	0	0.455406	0.455406	0	0.455406	0.455406	0	0.455406	0.455406	0	0	0.455406	0.455406	0	0	0	0	0	0	0	0.455406	0.455406	0	0	0	0	0	0.455406	0.455406	0	0	0	0	0	0	0	0	0	0	0	0	0.455406	0.455406	0	0	0	0	0	0	0	0	0	0	0	0	0	0	0	0	0	0	0	0	0	0	0	0	0	0	0	0	0	0	0	0	0.455406	0.455406	0	0	0	0.455406	0.455406	0	0	0	0	0	0.455406	0.455406	0	0	0	0	0	0	0	0.455406	0.455406	0	0	0	0	0	0.455406	0.455406	0	0	0	0	0	0	0	0	0	0	0	0	0	0	0	0	0	0	0	0.455406	0.455406	0	0	0	0	0.455406	0.455406	0	0.455406	0.455406	0	0	0	0	0	0	0	0	0	0	0	0	0	0	0	0	0	0	0.455406	0.455406	0	0	0.455406	0.455406	0	0.455406	0.455406	0	0.455406	0.455406	0	0	0.455406	0.455406	0	0	0.455406	0.455406	0	0.910754	0.910754	0.455406	0.910754	0.910754	0.455406	0.910754	1.36599	0.455406	0.910754	0.910754	0.910754	1.82105	0.910754	0.910754	1.82105	2.27588	1.36599	0.910754	0.910754	0.910754	2.27588	1.36599	0.910754	1.82105	1.82105	0.910754	0.910754	0.910754	0.455406	1.36599	0.910754	0	0.455406	0.455406	0.455406	0.910754	0.455406	0	0	0	0.455406	0.455406	0	0	0	0.455406	0.455406	0	0	0	0.455406	0.455406	0	0	0	0.455406	0.910754	0.455406	0	0.455406	0.455406	0	0	0.455406	0.910754	0.455406	0	0.455406	0.455406	0	0.455406	0.455406	0.455406	0.455406
0.455362	0	0	0.455362	0.455362	0	0	0	0.455362	0.455362	0	0.455362	0.455362	0	0.455362	0.455362	0	0	0.455362	0.455362	0	0	0	0	0	0	0	0.455362	0.455362	0	0	0	0	0	0.455362	0.455362	0	0	0	0	0	0	0	0	0	0	0	0	0.455362	0.455362	0	0	0	0	0	0	0	0	0	0	0	0	0	0	0	0	0	0	0	0	0	0	0	0	0	0	0	0	0	0	0	0	0.455362	0.455362	0	0	0	0.455362	0.455362	0	0	0	0	0	0.455362	0.455362	0	0	0	0	0	0	0	0.455362	0.455362	0	0	0	0	0	0.455362	0.455362	0	0	0	0	0	0	0	0	0	0	0	0	0	0	0	0	0	0	0	0.455362	0.455362	0	0	0	0	0.455362	0.455362	0	0.455362	0.455362	0	0	0	0	0	0	0	0	0	0	0	0	0	0	0	0	0	0	0.455362	0.455362	0	0	0.455362	0.455362	0	0.455362	0.455362	0	0.455362	0.455362	0	0	0.455362	0.455362	0	0	0.455362	0.455362	0	0.910667	0.910667	0.455362	0.910667	0.910667	0.455362	0.910667	1.36586	0.455362	0.910667	0.910667	0.910667	1.82087	0.910667	0.910667	1.82087	2.27566	1.36586	0.910667	0.910667	0.910667	2.27566	1.36586	0.910667	1.82087	1.82087	0.910667	0.910667	0.910667	0.455362	1.36586	0.910667	0	0.455362	0.455362	0.455362	0.910667	0.455362	0	0	0	0.455362	0.455362	0	0	0	0.455362	0.455362	0	0	0	0.455362	0.455362	0	0	0	0.455362	0.910667	0.455362	0	0.455362	0.455362	0	0	0.455362	0.910667	0.455362	0	0.455362	0.455362	0	0.455362	0.455362	0.455362	0.455362
0.455319	0	0	0.455319	0.455319	0	0	0	0.455319	0.455319	0	0.455319	0.455319	0	0.455319	0.455319	0	0	0.455319	0.455319	0	0	0	0	0	0	0	0.455319	0.455319	0	0	0	0	0	0.455319	0.455319	0	0	0	0	0	0	0	0	0	0	0	0	0.455319	0.455319	0	0	0	0	0	0	0	0	0	0	0	0	0	0	0	0	0	0	0	0	0	0	0	0	0	0	0	0	0	0	0	0	0.455319	0.455319	0	0	0	0.455319	0.455319	0	0	0	0	0	0.455319	0.455319	0	0	0	0	0	0	0	0.455319	0.455319	0	0	0	0	0	0.455319	0.455319	0	0	0	0	0	0	0	0	0	0	0	0	0	0	0	0	0	0	0	0.455319	0.455319	0	0	0	0	0.455319	0.455319	0	0.455319	0.455319	0	0	0	0	0	0	0	0	0	0	0	0	0	0	0	0	0	0	0.455319	0.455319	0	0	0.455319	0.455319	0	0.455319	0.455319	0	0.455319	0.455319	0	0	0.455319	0.455319	0	0	0.455319	0.455319	0	0.91058	0.91058	0.455319	0.91058	0.91058	0.455319	0.91058	1.36573	0.455319	0.91058	0.91058	0.91058	1.8207	0.91058	0.91058	1.8207	2.27544	1.36573	0.91058	0.91058	0.91058	2.27544	1.36573	0.91058	1.8207	1.8207	0.91058	0.91058	0.91058	0.455319	1.36573	0.91058	0	0.455319	0.455319	0.455319	0.91058	0.455319	0	0	0	0.455319	0.455319	0	0	0	0.455319	0.455319	0	0	0	0.455319	0.455319	0	0	0	0.455319	0.91058	0.455319	0	0.455319	0.455319	0	0	0.455319	0.91058	0.455319	0	0.455319	0.455319	0	0.455319	0.455319	0.455319	0.455319
0.455275	0	0	0.455275	0.455275	0	0	0	0.455275	0.455275	0	0.455275	0.455275	0	0.455275	0.455275	0	0	0.455275	0.455275	0	0	0	0	0	0	0	0.455275	0.455275	0	0	0	0	0	0.455275	0.455275	0	0	0	0	0	0	0	0	0	0	0	0	0.455275	0.455275	0	0	0	0	0	0	0	0	0	0	0	0	0	0	0	0	0	0	0	0	0	0	0	0	0	0	0	0	0	0	0	0	0.455275	0.455275	0	0	0	0.455275	0.455275	0	0	0	0	0	0.455275	0.455275	0	0	0	0	0	0	0	0.455275	0.455275	0	0	0	0	0	0.455275	0.455275	0	0	0	0	0	0	0	0	0	0	0	0	0	0	0	0	0	0	0	0.455275	0.455275	0	0	0	0	0.455275	0.455275	0	0.455275	0.455275	0	0	0	0	0	0	0	0	0	0	0	0	0	0	0	0	0	0	0.455275	0.455275	0	0	0.455275	0.455275	0	0.455275	0.455275	0	0.455275	0.455275	0	0	0.455275	0.455275	0	0	0.455275	0.455275	0	0.910493	0.910493	0.455275	0.910493	0.910493	0.455275	0.910493	1.3656	0.455275	0.910493	0.910493	0.910493	1.82053	0.910493	0.910493	1.82053	2.27523	1.3656	0.910493	0.910493	0.910493	2.27523	1.3656	0.910493	1.82053	1.82053	0.910493	0.910493	0.910493	0.455275	1.3656	0.910493	0	0.455275	0.455275	0.455275	0.910493	0.455275	0	0	0	0.455275	0.455275	0	0	0	0.455275	0.455275	0	0	0	0.455275	0.455275	0	0	0	0.455275	0.910493	0.455275	0	0.455275	0.455275	0	0	0.455275	0.910493	0.455275	0	0.455275	0.455275	0	0.455275	0.455275	0.455275	0.455275
1.22566	1.25695	1.36555	1.29749	1.07963	0.910464	1.03055	1.25695	1.29749	1.22566	1.25695	1.29749	1.22566	1.25695	1.29749	1.07963	0.910464	1.03055	1.22566	1.07963	0.910464	0.910464	0.910464	0.910464	0.910464	0.910464	0.910464	1.0179	1.0179	0.910464	0.910464	0.910464	1.03055	1.25695	1.29749	1.07963	0.910464	0.910464	0.910464	0.910464	0.910464	0.910464	0.910464	0.910464	0.910464	0.910464	0.910464	0.910464	1.0179	1.0179	0.910464	0.910464	0.910464	0.910464	0.910464	0.910464	0.910464	0.910464	0.910464	0.910464	0.910464	0.910464	0.910464	0.910464	0.910464	0.910464	0.910464	0.910464	0.910464	0.910464	0.910464	0.910464	0.910464	0.910464	0.910464	1.03055	1.25695	1.36555	1.36555	1.36555	1.36555	1.36555	1.43938	1.43938	1.36555	1.36555	1.36555	1.51816	1.74053	1.71054	1.48367	1.36555	1.36555	1.36555	1.43938	1.43938	1.36555	1.36555	1.36555	1.36555	1.36555	1.25695	1.03055	1.07963	1.29749	1.36555	1.36555	1.25695	1.03055	0.910464	1.07963	1.29749	1.36555	1.36555	1.36555	1.36555	1.36555	1.36555	1.36555	1.36555	1.36555	1.36555	1.36555	1.36555	1.36555	1.36555	1.36555	1.36555	1.36555	1.36555	1.36555	1.43938	1.43938	1.36555	1.36555	1.25695	1.03055	1.0179	1.0179	0.910464	1.07963	1.29749	1.36555	1.36555	1.25695	1.03055	0.910464	0.910464	0.910464	0.910464	0.910464	0.910464	0.910464	1.03055	1.25695	1.36555	1.36555	1.36555	1.36555	1.36555	1.43938	1.43938	1.36555	1.48367	1.65674	1.51816	1.36555	1.43938	1.43938	1.36555	1.43938	1.43938	1.36555	1.36555	1.58488	1.79901	1.82047	1.82047	1.87645	2.01601	2.1645	2.1585	1.73307	1.43938	1.64102	1.79899	1.79901	1.88332	2.0977	1.79901	1.88332	1.67999	1.64102	2.27506	1.64102	1.64102	2.27506	2.49711	1.61716	1.28744	1.28744	1.28744	2.30326	1.37493	1.01786	1.74043	1.71044	0.910406	0.804709	0.866696	0.643802	1.37493	1.12656	0.804758	0.804733	0.643802	0.643802	1.01786	0.643802	0.455261	0.359916	0.160957	0.359898	0.508969	0.160957	0	0	0.455232	0.455232	0.160957	0.359916	0.455261	0.643802	0.643802	0.455261	0.455261	0.580337	0.97898	1.12656	0.663624	0.580337	0.97898	1.0179	0.910464	0.910464	1.0179	1.28744	1.0179	0.910464	0.866734	0.820678	0.804758	0.866734	0.663624	0.643802	0.804733
1.22554	1.29737	1.36542	1.25683	1.03045	0.910377	1.07953	1.29737	1.25683	1.22554	1.29737	1.25683	1.22554	1.29737	1.25683	1.03045	0.910377	1.07953	1.22554	1.03045	0.910377	0.910377	0.910377	0.910377	0.910377	0.910377	0.910377	1.0178	1.0178	0.910377	0.910377	0.910377	1.07953	1.29737	1.25683	1.03045	0.910377	0.910377	0.910377	0.910377	0.910377	0.910377	0.910377	0.910377	0.910377	0.910377	0.910377	0.910377	1.0178	1.0178	0.910377	0.910377	0.910377	0.910377	0.910377	0.910377	0.910377	0.910377	0.910377	0.910377	0.910377	0.910377	0.910377	0.910377	0.910377	0.910377	0.910377	0.910377	0.910377	0.910377	0.910377	0.910377	0.910377	0.910377	0.910377	1.07953	1.29737	1.36542	1.36542	1.36542	1.36542	1.36542	1.43924	1.43924	1.36542	1.36542	1.36542	1.48353	1.71038	1.74037	1.51801	1.36542	1.36542	1.36542	1.43924	1.43924	1.36542	1.36542	1.36542	1.36542	1.36542	1.29737	1.07953	1.03045	1.25683	1.36542	1.36542	1.29737	1.07953	0.910377	1.03045	1.25683	1.36542	1.36542	1.36542	1.36542	1.36542	1.36542	1.36542	1.36542	1.36542	1.36542	1.36542	1.36542	1.36542	1.36542	1.36542	1.36542	1.36542	1.36542	1.36542	1.43924	1.43924	1.36542	1.36542	1.29737	1.07953	1.0178	1.0178	0.910377	1.03045	1.25683	1.36542	1.36542	1.29737	1.07953	0.910377	0.910377	0.910377	0.910377	0.910377	0.910377	0.910377	1.07953	1.29737	1.36542	1.36542	1.36542	1.36542	1.36542	1.43924	1.43924	1.36542	1.51801	1.65658	1.48353	1.36542	1.43924	1.43924	1.36542	1.43924	1.43924	1.36542	1.36542	1.67983	1.88314	1.8203	1.8203	1.87627	2.09136	2.18805	2.06024	1.60905	1.43924	1.64086	1.93727	1.88314	1.79884	2.0975	1.88314	1.79884	1.58473	1.64086	2.27485	1.64086	1.64086	2.27485	2.30307	1.44817	1.28732	1.28732	1.28732	2.09127	1.17149	1.01776	1.51792	1.48343	0.91032	0.580248	0.663541	0.643741	1.17149	0.978886	0.866652	0.978866	0.643741	0.643741	1.01776	0.643741	0.455217	0.482814	0.359863	0.160942	0.50892	0.359863	0	0	0.455188	0.455188	0.359863	0.482814	0.455217	0.643741	0.643741	0.455217	0.455217	0.663561	1.12645	0.978886	0.580282	0.663561	1.12645	1.0178	0.910377	0.910377	1.0178	1.28732	1.0178	0.910377	0.804681	0.8206	0.866652	0.804681	0.580282	0.643741	0.978866
0.455145	0.455145	0	0	0	0	0.455145	0.455145	0	0.455145	0.455145	0	0.455145	0.455145	0	0	0	0.455145	0.455145	0	0	0	0	0	0	0	0	0.455145	0.455145	0	0	0	0.455145	0.455145	0	0	0	0	0	0	0	0	0	0	0	0	0	0	0.455145	0.455145	0	0	0	0	0	0	0	0	0	0	0	0	0	0	0	0	0	0	0	0	0	0	0	0	0	0.455145	0.455145	0	0	0	0	0	0.455145	0.455145	0	0	0	0	0	0.455145	0.455145	0	0	0	0.455145	0.455145	0	0	0	0	0	0.455145	0.455145	0	0	0	0	0.455145	0.455145	0	0	0	0	0	0	0	0	0	0	0	0	0	0	0	0	0	0	0	0	0	0	0.455145	0.455145	0	0	0.455145	0.455145	0.455145	0.455145	0	0	0	0	0	0.455145	0.455145	0	0	0	0	0	0	0	0.455145	0.455145	0	0	0	0	0	0.455145	0.455145	0	0.455145	0.455145	0	0	0.455145	0.455145	0	0.455145	0.455145	0	0	0.910233	0.910233	0	0	0.455145	0.910233	0.455145	0	0	0.455145	0.910233	1.36521	0.910233	0.455145	1.36521	0.910233	0.455145	0.455145	0.910233	1.82001	0.910233	0.910233	1.82001	1.82001	0.910233	0.910233	0.910233	0.910233	1.82001	0.910233	0.910233	1.36521	1.36521	0.910233	0.455145	0.455145	0.455145	0.910233	0.455145	0.455145	0.910233	0.455145	0.455145	0.910233	0.455145	0	0.455145	0.455145	0	0.455145	0.455145	0	0	0.455145	0.455145	0.455145	0.455145	0	0.455145	0.455145	0	0	0.455145	0.910233	0.455145	0	0.455145	0.910233	0.455145	0	0	0.455145	0.910233	0.455145	0	0	0.455145	0.455145	0	0	0.455145	0.910233
0.455102	0.455102	0	0	0	0	0.455102	0.455102	0	0.455102	0.455102	0	0.455102	0.455102	0	0	0	0.455102	0.455102	0	0	0	0	0	0	0	0	0.455102	0.455102	0	0	0	0.455102	0.455102	0	0	0	0	0	0	0	0	0	0	0	0	0	0	0.455102	0.455102	0	0	0	0	0	0	0	0	0	0	0	0	0	0	0	0	0	0	0	0	0	0	0	0	0	0.455102	0.455102	0	0	0	0	0	0.455102	0.455102	0	0	0	0	0	0.455102	0.455102	0	0	0	0.455102	0.455102	0	0	0	0	0	0.455102	0.455102	0	0	0	0	0.455102	0.455102	0	0	0	0	0	0	0	0	0	0	0	0	0	0	0	0	0	0	0	0	0	0	0.455102	0.455102	0	0	0.455102	0.455102	0.455102	0.455102	0	0	0	0	0	0.455102	0.455102	0	0	0	0	0	0	0	0.455102	0.455102	0	0	0	0	0	0.455102	0.455102	0	0.455102	0.455102	0	0	0.455102	0.455102	0	0.455102	0.455102	0	0	0.910146	0.910146	0	0	0.455102	0.910146	0.455102	0	0	0.455102	0.910146	1.36508	0.910146	0.455102	1.36508	0.910146	0.455102	0.455102	0.910146	1.81983	0.910146	0.910146	1.81983	1.81983	0.910146	0.910146	0.910146	0.910146	1.81983	0.910146	0.910146	1.36508	1.36508	0.910146	0.455102	0.455102	0.455102	0.910146	0.455102	0.455102	0.910146	0.455102	0.455102	0.910146	0.455102	0	0.455102	0.455102	0	0.455102	0.455102	0	0	0.455102	0.455102	0.455102	0.455102	0	0.455102	0.455102	0	0	0.455102	0.910146	0.455102	0	0.455102	0.910146	0.455102	0	0	0.455102	0.910146	0.455102	0	0	0.455102	0.455102	0	0	0.455102	0.910146
0.455058	0.455058	0	0	0	0	0.455058	0.455058	0	0.455058	0.455058	0	0.455058	0.455058	0	0	0	0.455058	0.455058	0	0	0	0	0	0	0	0	0.455058	0.455058	0	0	0	0.455058	0.455058	0	0	0	0	0	0	0	0	0	0	0	0	0	0	0.455058	0.455058	0	0	0	0	0	0	0	0	0	0	0	0	0	0	0	0	0	0	0	0	0	0	0	0	0	0.455058	0.455058	0	0	0	0	0	0.455058	0.455058	0	0	0	0	0	0.455058	0.455058	0	0	0	0.455058	0.455058	0	0	0	0	0	0.455058	0.455058	0	0	0	0	0.455058	0.455058	0	0	0	0	0	0	0	0	0	0	0	0	0	0	0	0	0	0	0	0	0	0	0.455058	0.455058	0	0	0.455058	0.455058	0.455058	0.455058	0	0	0	0	0	0.455058	0.455058	0	0	0	0	0	0	0	0.455058	0.455058	0	0	0	0	0	0.455058	0.455058	0	0.455058	0.455058	0	0	0.455058	0.455058	0	0.455058	0.455058	0	0	0.910059	0.910059	0	0	0.455058	0.910059	0.455058	0	0	0.455058	0.910059	1.36495	0.910059	0.455058	1.36495	0.910059	0.455058	0.455058	0.910059	1.81966	0.910059	0.910059	1.81966	1.81966	0.910059	0.910059	0.910059	0.910059	1.81966	0.910059	0.910059	1.36495	1.36495	0.910059	0.455058	0.455058	0.455058	0.910059	0.455058	0.455058	0.910059	0.455058	0.455058	0.910059	0.455058	0	0.455058	0.455058	0	0.455058	0.455058	0	0	0.455058	0.455058	0.455058	0.455058	0	0.455058	0.455058	0	0	0.455058	0.910059	0.455058	0	0.455058	0.910059	0.455058	0	0	0.455058	0.910059	0.455058	0	0	0.455058	0.455058	0	0	0.455058	0.910059
1.43869	1.43869	1.3649	1.3649	1.3649	1.3649	1.43869	1.43869	1.3649	1.29687	1.07912	1.03006	1.22507	1.07912	0.91003	0.91003	1.03006	1.22507	1.07912	0.91003	0.91003	0.91003	0.91003	0.91003	0.91003	0.91003	1.03006	1.22507	1.07912	0.91003	1.03006	1.25636	1.29687	1.07912	0.91003	0.91003	0.91003	0.91003	0.91003	0.91003	0.91003	0.91003	0.91003	0.91003	1.03006	1.25636	1.3649	1.3649	1.29687	1.07912	0.91003	0.91003	0.91003	0.91003	0.91003	0.91003	0.91003	0.91003	0.91003	0.91003	0.91003	0.91003	0.91003	0.91003	0.91003	0.91003	0.91003	0.91003	0.91003	0.91003	0.91003	1.03006	1.25636	1.3649	1.3649	1.29687	1.22507	1.25636	1.3649	1.3649	1.3649	1.3649	1.43869	1.43869	1.3649	1.3649	1.3649	1.25636	1.03006	1.07912	1.29687	1.3649	1.3649	1.25636	1.22507	1.29687	1.3649	1.3649	1.25636	0.938029	0.58006	0.663308	0.866321	0.91003	0.91003	0.91003	0.91003	1.07912	1.29687	1.3649	1.3649	1.3649	1.3649	1.3649	1.3649	1.3649	1.3649	1.48296	1.70973	1.8196	1.8196	1.8196	1.8196	1.70973	1.48296	1.3649	1.3649	1.3649	1.3649	1.3649	1.3649	1.51743	1.65595	1.48296	1.3649	1.43869	1.43869	1.51743	1.65595	1.48296	1.3649	1.3649	1.25636	1.03006	1.07912	1.29687	1.3649	1.3649	1.3649	1.25636	1.03006	0.91003	1.03006	1.22507	1.07912	1.03006	1.25636	1.3649	1.48296	1.70973	1.73971	1.65595	1.70973	1.73971	1.65595	1.70973	1.8196	1.73971	1.51743	1.48296	1.79815	1.87556	1.8196	1.8196	2.03418	2.03418	1.8196	1.8196	1.87556	2.03418	1.87556	1.93658	2.16347	2.18722	2.23971	2.45952	2.09057	1.87556	2.27402	2.03418	1.87556	1.87556	2.03418	2.41178	1.67919	1.64024	2.11507	1.98915	1.28683	1.28683	1.28683	1.12602	1.65586	0.804326	0.909973	1.36482	1.25628	0.866283	0.643495	0.643495	0.643495	1.01737	0.643495	0.643495	1.01737	0.643495	0.663308	1.12602	1.01741	0.804375	0.820287	0.866321	0.804375	0.80435	0.643495	0.359744	0.16088	0.455015	0.580026	0.663288	0.643495	0.58006	0.820287	0.663308	0.58006	0.804375	1.01741	1.28683	1.17108	1.25636	1.29687	1.29685	1.01741	0.91003	0.91003	1.01741	1.12602	0.820287	0.804375	0.91003	1.01741	1.01741	0.91003	0.91003	1.01741	1.28683
1.43856	1.43856	1.36477	1.36477	1.36477	1.36477	1.43856	1.43856	1.36477	1.25624	1.02996	1.07902	1.22495	1.02996	0.909944	0.909944	1.07902	1.22495	1.02996	0.909944	0.909944	0.909944	0.909944	0.909944	0.909944	0.909944	1.07902	1.22495	1.02996	0.909944	1.07902	1.29675	1.25624	1.02996	0.909944	0.909944	0.909944	0.909944	0.909944	0.909944	0.909944	0.909944	0.909944	0.909944	1.07902	1.29675	1.36477	1.36477	1.25624	1.02996	0.909944	0.909944	0.909944	0.909944	0.909944	0.909944	0.909944	0.909944	0.909944	0.909944	0.909944	0.909944	0.909944	0.909944	0.909944	0.909944	0.909944	0.909944	0.909944	0.909944	0.909944	1.07902	1.29675	1.36477	1.36477	1.25624	1.22495	1.29675	1.36477	1.36477	1.36477	1.36477	1.43856	1.43856	1.36477	1.36477	1.36477	1.29675	1.07902	1.02996	1.25624	1.36477	1.36477	1.29675	1.22495	1.25624	1.36477	1.36477	1.29675	1.13735	0.663245	0.580005	0.804298	0.909944	0.909944	0.909944	0.909944	1.02996	1.25624	1.36477	1.36477	1.36477	1.36477	1.36477	1.36477	1.36477	1.36477	1.51729	1.73954	1.81943	1.81943	1.81943	1.81943	1.73954	1.51729	1.36477	1.36477	1.36477	1.36477	1.36477	1.36477	1.48282	1.65579	1.51729	1.36477	1.43856	1.43856	1.48282	1.65579	1.51729	1.36477	1.36477	1.29675	1.07902	1.02996	1.25624	1.36477	1.36477	1.36477	1.29675	1.07902	0.909944	1.07902	1.22495	1.02996	1.07902	1.29675	1.36477	1.51729	1.73954	1.70957	1.65579	1.73954	1.70957	1.65579	1.73954	1.81943	1.70957	1.48282	1.51729	1.88224	1.87538	1.81943	1.81943	2.03399	2.03399	1.81943	1.81943	1.87538	2.03399	1.87538	1.9629	2.18701	2.16326	2.2395	2.45928	2.01486	1.87538	2.2738	2.03399	1.87538	1.87538	2.03399	2.25669	1.58397	1.64008	1.93633	1.79792	1.28671	1.28671	1.28671	0.97842	1.2249	0.579971	0.909886	1.36469	1.0299	0.663225	0.643434	0.643434	0.643434	1.01727	0.643434	0.643434	1.01727	0.643434	0.580005	0.97842	1.01731	0.866239	0.820209	0.804298	0.866239	0.9784	0.643434	0.482584	0.359692	0.454972	0.804249	0.866201	0.643434	0.663245	0.820209	0.580005	0.663245	0.866239	1.01731	1.28671	1.29673	1.29675	1.25624	1.17097	1.01731	0.909944	0.909944	1.01731	0.97842	0.820209	0.866239	0.909944	1.01731	1.01731	0.909944	0.909944	1.01731	1.28671
0.454928	0.454928	0	0	0	0	0.454928	0.454928	0	0	0	0.454928	0.454928	0	0	0	0.454928	0.454928	0	0	0	0	0	0	0	0	0.454928	0.454928	0	0	0.454928	0.454928	0	0	0	0	0	0	0	0	0	0	0	0	0.454928	0.454928	0	0	0	0	0	0	0	0	0	0	0	0	0	0	0	0	0	0	0	0	0	0	0	0	0	0.454928	0.454928	0	0	0	0.454928	0.454928	0	0	0	0	0.454928	0.454928	0	0	0	0.454928	0.454928	0	0	0	0	0.454928	0.454928	0	0	0	0.454928	0.909799	0.454928	0	0	0	0	0	0	0	0	0	0	0	0	0	0	0	0	0.454928	0.454928	0	0	0	0	0.454928	0.454928	0	0	0	0	0	0	0	0.454928	0.454928	0	0.454928	0.454928	0	0.454928	0.454928	0	0	0.454928	0.454928	0	0	0	0	0	0.454928	0.454928	0	0.454928	0.454928	0	0.454928	0.454928	0	0.454928	0.454928	0	0.454928	0.454928	0	0.454928	0.454928	0	0	0	0.454928	0.909799	0.454928	0	0	0.909799	0.909799	0	0	0.454928	0.909799	0.454928	0.454928	0.454928	0	0.909799	1.36456	0.454928	0.454928	1.36456	0.909799	0.454928	0.454928	0.909799	1.36456	0.454928	0.909799	1.36456	1.36456	0.909799	0.909799	0.909799	0.454928	0.909799	0.454928	0.909799	1.36456	0.909799	0.454928	0.454928	0.454928	0.454928	0.909799	0.454928	0.454928	0.909799	0.454928	0	0.454928	0.454928	0.454928	0.454928	0	0.454928	0.909799	0.454928	0.454928	0.454928	0.454928	0.909799	0.909799	0.454928	0.454928	0.454928	0	0.454928	0.454928	0.454928	0.909799	0.909799	0.454928	0	0.454928	0.454928	0	0	0.454928	0.454928	0.454928	0.454928	0	0.454928	0.454928	0	0	0.454928	0.909799
0.454885	0.454885	0	0	0	0	0.454885	0.454885	0	0	0	0.454885	0.454885	0	0	0	0.454885	0.454885	0	0	0	0	0	0	0	0	0.454885	0.454885	0	0	0.454885	0.454885	0	0	0	0	0	0	0	0	0	0	0	0	0.454885	0.454885	0	0	0	0	0	0	0	0	0	0	0	0	0	0	0	0	0	0	0	0	0	0	0	0	0	0.454885	0.454885	0	0	0	0.454885	0.454885	0	0	0	0	0.454885	0.454885	0	0	0	0.454885	0.454885	0	0	0	0	0.454885	0.454885	0	0	0	0.454885	0.909713	0.454885	0	0	0	0	0	0	0	0	0	0	0	0	0	0	0	0	0.454885	0.454885	0	0	0	0	0.454885	0.454885	0	0	0	0	0	0	0	0.454885	0.454885	0	0.454885	0.454885	0	0.454885	0.454885	0	0	0.454885	0.454885	0	0	0	0	0	0.454885	0.454885	0	0.454885	0.454885	0	0.454885	0.454885	0	0.454885	0.454885	0	0.454885	0.454885	0	0.454885	0.454885	0	0	0	0.454885	0.909713	0.454885	0	0	0.909713	0.909713	0	0	0.454885	0.909713	0.454885	0.454885	0.454885	0	0.909713	1.36443	0.454885	0.454885	1.36443	0.909713	0.454885	0.454885	0.909713	1.36443	0.454885	0.909713	1.36443	1.36443	0.909713	0.909713	0.909713	0.454885	0.909713	0.454885	0.909713	1.36443	0.909713	0.454885	0.454885	0.454885	0.454885	0.909713	0.454885	0.454885	0.909713	0.454885	0	0.454885	0.454885	0.454885	0.454885	0	0.454885	0.909713	0.454885	0.454885	0.454885	0.454885	0.909713	0.909713	0.454885	0.454885	0.454885	0	0.454885	0.454885	0.454885	0.909713	0.909713	0.454885	0	0.454885	0.454885	0	0	0.454885	0.454885	0.454885	0.454885	0	0.454885	0.454885	0	0	0.454885	0.909713
0.454842	0.454842	0	0	0	0	0.454842	0.454842	0	0	0	0.454842	0.454842	0	0	0	0.454842	0.454842	0	0	0	0	0	0	0	0	0.454842	0.454842	0	0	0.454842	0.454842	0	0	0	0	0	0	0	0	0	0	0	0	0.454842	0.454842	0	0	0	0	0	0	0	0	0	0	0	0	0	0	0	0	0	0	0	0	0	0	0	0	0	0.454842	0.454842	0	0	0	0.454842	0.454842	0	0	0	0	0.454842	0.454842	0	0	0	0.454842	0.454842	0	0	0	0	0.454842	0.454842	0	0	0	0.454842	0.909626	0.454842	0	0	0	0	0	0	0	0	0	0	0	0	0	0	0	0	0.454842	0.454842	0	0	0	0	0.454842	0.454842	0	0	0	0	0	0	0	0.454842	0.454842	0	0.454842	0.454842	0	0.454842	0.454842	0	0	0.454842	0.454842	0	0	0	0	0	0.454842	0.454842	0	0.454842	0.454842	0	0.454842	0.454842	0	0.454842	0.454842	0	0.454842	0.454842	0	0.454842	0.454842	0	0	0	0.454842	0.909626	0.454842	0	0	0.909626	0.909626	0	0	0.454842	0.909626	0.454842	0.454842	0.454842	0	0.909626	1.3643	0.454842	0.454842	1.3643	0.909626	0.454842	0.454842	0.909626	1.3643	0.454842	0.909626	1.3643	1.3643	0.909626	0.909626	0.909626	0.454842	0.909626	0.454842	0.909626	1.3643	0.909626	0.454842	0.454842	0.454842	0.454842	0.909626	0.454842	0.454842	0.909626	0.454842	0	0.454842	0.454842	0.454842	0.454842	0	0.454842	0.909626	0.454842	0.454842	0.454842	0.454842	0.909626	0.909626	0.454842	0.454842	0.454842	0	0.454842	0.454842	0.454842	0.909626	0.909626	0.454842	0	0.454842	0.454842	0	0	0.454842	0.454842	0.454842	0.454842	0	0.454842	0.454842	0	0	0.454842	0.909626
1.29626	1.07861	0.909597	1.02957	1.25576	1.36425	1.43801	1.43801	1.36425	1.36425	1.36425	1.29626	1.22449	1.25576	1.36425	1.36425	1.29626	1.07861	1.02957	1.25576	1.36425	1.36425	1.36425	1.36425	1.36425	1.36425	1.29626	1.07861	0.909597	1.02957	1.22449	1.07861	0.909597	0.909597	1.02957	1.25576	1.36425	1.36425	1.36425	1.36425	1.36425	1.36425	1.36425	1.36425	1.29626	1.07861	0.909597	0.909597	0.909597	0.909597	0.909597	0.909597	0.909597	0.909597	0.909597	0.909597	0.909597	0.909597	0.909597	0.909597	0.909597	0.909597	0.909597	0.909597	0.909597	0.909597	0.909597	0.909597	0.909597	0.909597	1.02957	1.22449	1.07861	0.909597	0.909597	1.02957	1.22449	1.07861	0.909597	0.909597	1.02957	1.25576	1.29626	1.07861	0.909597	0.909597	0.909597	1.07861	1.29626	1.36425	1.36425	1.36425	1.36425	1.43801	1.43801	1.36425	1.36425	1.36425	1.43801	1.67839	1.73888	1.81874	1.70892	1.48225	1.36425	1.36425	1.36425	1.36425	1.36425	1.36425	1.36425	1.36425	1.36425	1.36425	1.48225	1.70892	1.81874	1.73888	1.51671	1.36425	1.36425	1.36425	1.36425	1.51671	1.73888	1.81874	1.81874	1.81874	1.81874	1.81874	1.81874	1.70892	1.58337	1.43801	1.36425	1.43801	1.43801	1.36425	1.43801	1.43801	1.36425	1.36425	1.43801	1.43801	1.36425	1.36425	1.36425	1.25576	1.02957	1.07861	1.29626	1.36425	1.29626	1.22449	1.25576	1.29626	1.07861	0.909597	1.01693	1.01693	1.02957	1.22449	1.07861	1.02957	1.22449	1.22449	1.25576	1.36425	1.36425	1.43801	1.63946	1.43801	1.48225	1.70892	1.88152	1.67839	1.48225	1.70892	1.87466	1.88152	1.51671	1.43801	1.43801	1.48225	1.98827	2.27294	1.87466	1.87466	2.11411	1.67839	1.58337	1.7973	1.88152	1.93561	1.43801	1.63946	1.92892	1.76828	1.29623	1.12548	0.978027	0.643189	1.01689	0.643189	0.865871	1.25568	0.909539	0.454798	0.359555	0.4824	0.643189	1.01689	0.643189	0.643189	1.01689	0.643189	0.454827	0.643189	0.643189	0.643189	0.662972	0.160804	0.454798	0.909539	0.454798	0.454798	0.454798	0.454798	0.909539	0.909539	0.454798	0.454798	0.719081	0.719118	1.01693	1.01693	1.01693	1.28622	1.12548	0.662992	0.579784	0.978047	1.01693	0.909597	0.909597	1.01693	1.01693	1.01693	1.01693	0.909597	1.01693	1.01693	1.02957	1.25576	1.43801	1.63946
1.25564	1.02947	0.90951	1.0785	1.29613	1.36412	1.43787	1.43787	1.36412	1.36412	1.36412	1.25564	1.22437	1.29613	1.36412	1.36412	1.25564	1.02947	1.0785	1.29613	1.36412	1.36412	1.36412	1.36412	1.36412	1.36412	1.25564	1.02947	0.90951	1.0785	1.22437	1.02947	0.90951	0.90951	1.0785	1.29613	1.36412	1.36412	1.36412	1.36412	1.36412	1.36412	1.36412	1.36412	1.25564	1.02947	0.90951	0.90951	0.90951	0.90951	0.90951	0.90951	0.90951	0.90951	0.90951	0.90951	0.90951	0.90951	0.90951	0.90951	0.90951	0.90951	0.90951	0.90951	0.90951	0.90951	0.90951	0.90951	0.90951	0.90951	1.0785	1.22437	1.02947	0.90951	0.90951	1.0785	1.22437	1.02947	0.90951	0.90951	1.0785	1.29613	1.25564	1.02947	0.90951	0.90951	0.90951	1.02947	1.25564	1.36412	1.36412	1.36412	1.36412	1.43787	1.43787	1.36412	1.36412	1.36412	1.43787	1.58322	1.70875	1.81856	1.73871	1.51657	1.36412	1.36412	1.36412	1.36412	1.36412	1.36412	1.36412	1.36412	1.36412	1.36412	1.51657	1.73871	1.81856	1.70875	1.48211	1.36412	1.36412	1.36412	1.36412	1.48211	1.70875	1.81856	1.81856	1.81856	1.81856	1.81856	1.81856	1.73871	1.67823	1.43787	1.36412	1.43787	1.43787	1.36412	1.43787	1.43787	1.36412	1.36412	1.43787	1.43787	1.36412	1.36412	1.36412	1.29613	1.0785	1.02947	1.25564	1.36412	1.25564	1.22437	1.29613	1.25564	1.02947	0.90951	1.01683	1.01683	1.0785	1.22437	1.02947	1.0785	1.22437	1.22437	1.29613	1.36412	1.36412	1.43787	1.6393	1.43787	1.51657	1.73871	1.79713	1.58322	1.51657	1.73871	1.87449	1.79713	1.48211	1.43787	1.43787	1.51657	2.1139	2.27272	1.87449	1.87449	1.98808	1.58322	1.67823	1.88134	1.79713	1.7971	1.43787	1.6393	1.92873	1.61549	1.17042	0.977954	0.80389	0.643128	1.01679	0.643128	0.662909	1.02941	0.909453	0.454755	0.160788	0.359539	0.643128	1.01679	0.643128	0.643128	1.01679	0.643128	0.454784	0.643128	0.643128	0.643128	0.865788	0.35952	0.454755	0.909453	0.454755	0.454755	0.454755	0.454755	0.909453	0.909453	0.454755	0.454755	1.15927	0.964641	1.01683	1.01683	1.01683	1.28609	0.977954	0.579729	0.662929	1.12538	1.01683	0.90951	0.90951	1.01683	1.01683	1.01683	1.01683	0.90951	1.01683	1.01683	1.0785	1.29613	1.43787	1.6393
0	0	0	0.454712	0.454712	0	0.454712	0.454712	0	0	0	0	0.454712	0.454712	0	0	0	0	0.454712	0.454712	0	0	0	0	0	0	0	0	0	0.454712	0.454712	0	0	0	0.454712	0.454712	0	0	0	0	0	0	0	0	0	0	0	0	0	0	0	0	0	0	0	0	0	0	0	0	0	0	0	0	0	0	0	0	0	0	0.454712	0.454712	0	0	0	0.454712	0.454712	0	0	0	0.454712	0.454712	0	0	0	0	0	0	0	0	0	0	0	0.454712	0.454712	0	0	0	0.454712	0.454712	0	0	0.454712	0.454712	0	0	0	0	0	0	0	0	0	0	0.454712	0.454712	0	0	0	0	0	0	0	0	0	0	0	0	0	0	0	0.454712	0.909366	0.454712	0	0.454712	0.454712	0	0.454712	0.454712	0	0	0.454712	0.454712	0	0	0	0.454712	0.454712	0	0	0	0	0.454712	0.454712	0	0	0	0.454712	0.454712	0.454712	0.454712	0	0.454712	0.454712	0.454712	0.454712	0	0	0.454712	0.909366	0.454712	0.454712	0.454712	0.454712	0.454712	0.454712	0.454712	0.454712	0.454712	0	0.454712	0.454712	0.454712	1.36391	1.36391	0.454712	0.454712	0.909366	0.454712	0.909366	0.909366	0.454712	0.909366	0.454712	0.909366	1.36391	0.909366	0.454712	0.454712	0.454712	0.454712	0.909366	0.454712	0.454712	0.909366	0.909366	0.454712	0	0	0.454712	0.909366	0.454712	0.454712	0.909366	0.454712	0	0.454712	0.454712	0.454712	0.909366	0.454712	0.454712	0.909366	0.454712	0.454712	0.454712	0.454712	0.909366	0.909366	0.454712	0.454712	1.36391	0.909366	0.454712	0.454712	0.454712	0.909366	0.454712	0	0.454712	0.909366	0.454712	0	0	0.454712	0.454712	0.454712	0.454712	0	0.454712	0.454712	0.454712	0.454712	0.454712	0.909366
0	0	0	0.454668	0.454668	0	0.454668	0.454668	0	0	0	0	0.454668	0.454668	0	0	0	0	0.454668	0.454668	0	0	0	0	0	0	0	0	0	0.454668	0.454668	0	0	0	0.454668	0.454668	0	0	0	0	0	0	0	0	0	0	0	0	0	0	0	0	0	0	0	0	0	0	0	0	0	0	0	0	0	0	0	0	0	0	0.454668	0.454668	0	0	0	0.454668	0.454668	0	0	0	0.454668	0.454668	0	0	0	0	0	0	0	0	0	0	0	0.454668	0.454668	0	0	0	0.454668	0.454668	0	0	0.454668	0.454668	0	0	0	0	0	0	0	0	0	0	0.454668	0.454668	0	0	0	0	0	0	0	0	0	0	0	0	0	0	0	0.454668	0.909279	0.454668	0	0.454668	0.454668	0	0.454668	0.454668	0	0	0.454668	0.454668	0	0	0	0.454668	0.454668	0	0	0	0	0.454668	0.454668	0	0	0	0.454668	0.454668	0.454668	0.454668	0	0.454668	0.454668	0.454668	0.454668	0	0	0.454668	0.909279	0.454668	0.454668	0.454668	0.454668	0.454668	0.454668	0.454668	0.454668	0.454668	0	0.454668	0.454668	0.454668	1.36378	1.36378	0.454668	0.454668	0.909279	0.454668	0.909279	0.909279	0.454668	0.909279	0.454668	0.909279	1.36378	0.909279	0.454668	0.454668	0.454668	0.454668	0.909279	0.454668	0.454668	0.909279	0.909279	0.454668	0	0	0.454668	0.909279	0.454668	0.454668	0.909279	0.454668	0	0.454668	0.454668	0.454668	0.909279	0.454668	0.454668	0.909279	0.454668	0.454668	0.454668	0.454668	0.909279	0.909279	0.454668	0.454668	1.36378	0.909279	0.454668	0.454668	0.454668	0.909279	0.454668	0	0.454668	0.909279	0.454668	0	0	0.454668	0.454668	0.454668	0.454668	0	0.454668	0.454668	0.454668	0.454668	0.454668	0.909279
0	0	0	0.454625	0.454625	0	0.454625	0.454625	0	0	0	0	0.454625	0.454625	0	0	0	0	0.454625	0.454625	0	0	0	0	0	0	0	0	0	0.454625	0.454625	0	0	0	0.454625	0.454625	0	0	0	0	0	0	0	0	0	0	0	0	0	0	0	0	0	0	0	0	0	0	0	0	0	0	0	0	0	0	0	0	0	0	0.454625	0.454625	0	0	0	0.454625	0.454625	0	0	0	0.454625	0.454625	0	0	0	0	0	0	0	0	0	0	0	0.454625	0.454625	0	0	0	0.454625	0.454625	0	0	0.454625	0.454625	0	0	0	0	0	0	0	0	0	0	0.454625	0.454625	0	0	0	0	0	0	0	0	0	0	0	0	0	0	0	0.454625	0.909193	0.454625	0	0.454625	0.454625	0	0.454625	0.454625	0	0	0.454625	0.454625	0	0	0	0.454625	0.454625	0	0	0	0	0.454625	0.454625	0	0	0	0.454625	0.454625	0.454625	0.454625	0	0.454625	0.454625	0.454625	0.454625	0	0	0.454625	0.909193	0.454625	0.454625	0.454625	0.454625	0.454625	0.454625	0.454625	0.454625	0.454625	0	0.454625	0.454625	0.454625	1.36365	1.36365	0.454625	0.454625	0.909193	0.454625	0.909193	0.909193	0.454625	0.909193	0.454625	0.909193	1.36365	0.909193	0.454625	0.454625	0.454625	0.454625	0.909193	0.454625	0.454625	0.909193	0.909193	0.454625	0	0	0.454625	0.909193	0.454625	0.454625	0.909193	0.454625	0	0.454625	0.454625	0.454625	0.909193	0.454625	0.454625	0.909193	0.454625	0.454625	0.454625	0.454625	0.909193	0.909193	0.454625	0.454625	1.36365	0.909193	0.454625	0.454625	0.454625	0.909193	0.454625	0	0.454625	0.909193	0.454625	0	0	0.454625	0.454625	0.454625	0.454625	0	0.454625	0.454625	0.454625	0.454625	0.454625	0.909193
0	0	0	0.454582	0.454582	0	0.454582	0.454582	0	0	0	0	0.454582	0.454582	0	0	0	0	0.454582	0.454582	0	0	0	0	0	0	0	0	0	0.454582	0.454582	0	0	0	0.454582	0.454582	0	0	0	0	0	0	0	0	0	0	0	0	0	0	0	0	0	0	0	0	0	0	0	0	0	0	0	0	0	0	0	0	0	0	0.454582	0.454582	0	0	0	0.454582	0.454582	0	0	0	0.454582	0.454582	0	0	0	0	0	0	0	0	0	0	0	0.454582	0.454582	0	0	0	0.454582	0.454582	0	0	0.454582	0.454582	0	0	0	0	0	0	0	0	0	0	0.454582	0.454582	0	0	0	0	0	0	0	0	0	0	0	0	0	0	0	0.454582	0.909106	0.454582	0	0.454582	0.454582	0	0.454582	0.454582	0	0	0.454582	0.454582	0	0	0	0.454582	0.454582	0	0	0	0	0.454582	0.454582	0	0	0	0.454582	0.454582	0.454582	0.454582	0	0.454582	0.454582	0.454582	0.454582	0	0	0.454582	0.909106	0.454582	0.454582	0.454582	0.454582	0.454582	0.454582	0.454582	0.454582	0.454582	0	0.454582	0.454582	0.454582	1.36352	1.36352	0.454582	0.454582	0.909106	0.454582	0.909106	0.909106	0.454582	0.909106	0.454582	0.909106	1.36352	0.909106	0.454582	0.454582	0.454582	0.454582	0.909106	0.454582	0.454582	0.909106	0.909106	0.454582	0	0	0.454582	0.909106	0.454582	0.454582	0.909106	0.454582	0	0.454582	0.454582	0.454582	0.909106	0.454582	0.454582	0.909106	0.454582	0.454582	0.454582	0.454582	0.909106	0.909106	0.454582	0.454582	1.36352	0.909106	0.454582	0.454582	0.454582	0.909106	0.454582	0	0.454582	0.909106	0.454582	0	0	0.454582	0.454582	0.454582	0.454582	0	0.454582	0.454582	0.454582	0.454582	0.454582	0.909106
1.36347	1.36347	1.48141	1.65422	1.51584	1.48141	1.65422	1.51584	1.36347	1.36347	1.36347	1.48141	1.65422	1.51584	1.36347	1.36347	1.36347	1.48141	1.65422	1.51584	1.36347	1.36347	1.36347	1.36347	1.36347	1.36347	1.36347	1.36347	1.36347	1.29552	1.07799	0.909077	1.02898	1.25504	1.29552	1.07799	0.909077	0.909077	0.909077	0.909077	0.909077	1.02898	1.25504	1.36347	1.36347	1.36347	1.36347	1.36347	1.36347	1.36347	1.36347	1.36347	1.36347	1.36347	1.36347	1.36347	1.36347	1.36347	1.36347	1.36347	1.36347	1.36347	1.36347	1.36347	1.36347	1.36347	1.36347	1.36347	1.36347	1.36347	1.43719	1.43719	1.36347	1.36347	1.36347	1.43719	1.43719	1.36347	1.48141	1.70794	1.73788	1.51584	1.36347	1.36347	1.36347	1.36347	1.36347	1.36347	1.36347	1.36347	1.36347	1.36347	1.36347	1.51584	1.65422	1.48141	1.36347	1.36347	1.51584	1.65422	1.48141	1.36347	1.51584	1.73788	1.8177	1.70794	1.48141	1.36347	1.36347	1.36347	1.36347	1.48141	1.70794	1.8177	1.73788	1.51584	1.36347	1.48141	1.70794	1.8177	1.8177	1.8177	1.8177	1.8177	1.8177	1.8177	1.8177	1.8177	1.70794	1.48141	1.36347	1.43719	1.67743	1.65422	1.48141	1.43719	1.43719	1.25504	1.22379	1.29552	1.25504	1.02898	1.07799	1.29552	1.25504	1.02898	0.909077	1.07799	1.29552	1.36347	1.36347	1.36347	1.25504	1.07799	1.01635	0.909077	0.909077	0.909077	1.01635	1.01635	0.865414	0.662613	0.454567	0.642821	0.803508	0.819428	0.662613	0.579453	0.803532	1.01635	1.28548	1.01635	0.865414	0.662613	0.803508	0.977489	1.01635	1.01635	1.01635	1.32505	1.60675	1.87359	1.87359	1.87359	2.1129	1.9345	1.43719	1.43719	1.79625	1.79627	1.88045	1.67743	1.43719	1.63852	1.43719	1.48138	1.6147	1.28548	1.01635	1.01635	1.01635	1.01635	1.12484	0.662613	0.642821	1.01631	0.865376	0.359349	0.160712	0.359368	0.482125	0.803483	0.454538	0.454538	0.90902	0.454538	0	0.454538	0.454538	0.454538	0.90902	0.454538	0.454538	0.90902	0.454538	0.454538	0.454538	0.579419	1.07793	1.01631	0.642821	0.642821	1.43711	1.01631	0.642821	0.642821	0.642821	1.01631	0.803508	0.803532	1.01635	1.12484	0.662613	0.579453	0.803532	0.865414	0.662613	0.642821	0.642821	0.579453	1.13627	1.37289	1.43719	1.43719	1.58247	1.98713
1.36334	1.36334	1.5157	1.65406	1.48127	1.5157	1.65406	1.48127	1.36334	1.36334	1.36334	1.5157	1.65406	1.48127	1.36334	1.36334	1.36334	1.5157	1.65406	1.48127	1.36334	1.36334	1.36334	1.36334	1.36334	1.36334	1.36334	1.36334	1.36334	1.25492	1.02888	0.908991	1.07789	1.29539	1.25492	1.02888	0.908991	0.908991	0.908991	0.908991	0.908991	1.07789	1.29539	1.36334	1.36334	1.36334	1.36334	1.36334	1.36334	1.36334	1.36334	1.36334	1.36334	1.36334	1.36334	1.36334	1.36334	1.36334	1.36334	1.36334	1.36334	1.36334	1.36334	1.36334	1.36334	1.36334	1.36334	1.36334	1.36334	1.36334	1.43705	1.43705	1.36334	1.36334	1.36334	1.43705	1.43705	1.36334	1.5157	1.73772	1.70778	1.48127	1.36334	1.36334	1.36334	1.36334	1.36334	1.36334	1.36334	1.36334	1.36334	1.36334	1.36334	1.48127	1.65406	1.5157	1.36334	1.36334	1.48127	1.65406	1.5157	1.36334	1.48127	1.70778	1.81752	1.73772	1.5157	1.36334	1.36334	1.36334	1.36334	1.5157	1.73772	1.81752	1.70778	1.48127	1.36334	1.5157	1.73772	1.81752	1.81752	1.81752	1.81752	1.81752	1.81752	1.81752	1.81752	1.81752	1.73772	1.5157	1.36334	1.43705	1.58231	1.65406	1.5157	1.43705	1.43705	1.29539	1.22367	1.25492	1.29539	1.07789	1.02888	1.25492	1.29539	1.07789	0.908991	1.02888	1.25492	1.36334	1.36334	1.36334	1.29539	1.02888	1.01625	0.908991	0.908991	0.908991	1.01625	1.01625	0.803456	0.579398	0.454524	0.64276	0.977376	0.81935	0.579398	0.66255	0.865332	1.01625	1.28536	1.01625	0.803456	0.579398	0.977376	1.12473	1.01625	1.01625	1.01625	1.60655	1.73027	1.87342	1.87342	1.87342	1.98694	1.79608	1.43705	1.43705	1.93432	1.88027	1.7961	1.58231	1.43705	1.63837	1.43705	1.37276	1.44596	1.28536	1.01625	1.01625	1.01625	1.01625	0.977396	0.579398	0.64276	1.01621	0.66253	0.160696	0.359315	0.482079	0.359333	0.579364	0.454495	0.454495	0.908933	0.454495	0	0.454495	0.454495	0.454495	0.908933	0.454495	0.454495	0.908933	0.454495	0.454495	0.454495	0.803407	1.29532	1.01621	0.64276	0.64276	1.43698	1.01621	0.64276	0.64276	0.64276	1.01621	0.977376	0.865332	1.01625	0.977396	0.579398	0.66255	0.865332	0.803456	0.579398	0.64276	0.64276	0.66255	1.45485	1.48124	1.43705	1.43705	1.67727	2.1127
0	0	0.454452	0.454452	0	0.454452	0.454452	0	0	0	0	0.454452	0.454452	0	0	0	0	0.454452	0.454452	0	0	0	0	0	0	0	0	0	0	0	0	0	0.454452	0.454452	0	0	0	0	0	0	0	0.454452	0.454452	0	0	0	0	0	0	0	0	0	0	0	0	0	0	0	0	0	0	0	0	0	0	0	0	0	0	0	0.454452	0.454452	0	0	0	0.454452	0.454452	0	0.454452	0.454452	0	0	0	0	0	0	0	0	0	0	0	0	0	0	0.454452	0.454452	0	0	0	0.454452	0.454452	0	0	0	0	0.454452	0.454452	0	0	0	0	0.454452	0.454452	0	0	0	0	0.454452	0.454452	0	0	0	0	0	0	0	0	0	0.454452	0.454452	0	0.454452	0.454452	0.454452	0.454452	0.454452	0.454452	0.454452	0.454452	0	0.454452	0.454452	0	0	0.454452	0.454452	0	0	0	0	0	0	0.454452	0	0.454452	0	0	0	0.454452	0.454452	0	0	0	0.454452	0.908847	0.454452	0	0.454452	0.454452	0.454452	0.908847	0.454452	0	0	0.908847	0.908847	0.454452	0.454452	0.454452	1.36313	0.908847	0.454452	0.454452	0.454452	0.908847	0.908847	0.454452	0.454452	1.36313	0.908847	0.454452	0.454452	0.454452	0.908847	0.454452	0.454452	0.908847	0.908847	0.454452	0.454452	0.454452	0.454452	0.454452	0	0.454452	0.908847	0.454452	0	0.454452	0.454452	0	0.454452	0.454452	0.454452	0.908847	0.454452	0	0.454452	0.454452	0.454452	0.908847	0.454452	0.454452	0.908847	0.454452	0.454452	0.454452	0.908847	1.36313	0.908847	0.454452	0.454452	1.36313	0.908847	0.454452	0.454452	0.454452	0.908847	0.908847	0.454452	0.454452	0.454452	0	0.454452	0.454452	0	0	0.454452	0.454452	0.454452	1.36313	0.908847	0.454452	0.454452	0.908847	1.36313
0	0	0.454409	0.454409	0	0.454409	0.454409	0	0	0	0	0.454409	0.454409	0	0	0	0	0.454409	0.454409	0	0	0	0	0	0	0	0	0	0	0	0	0	0.454409	0.454409	0	0	0	0	0	0	0	0.454409	0.454409	0	0	0	0	0	0	0	0	0	0	0	0	0	0	0	0	0	0	0	0	0	0	0	0	0	0	0	0.454409	0.454409	0	0	0	0.454409	0.454409	0	0.454409	0.454409	0	0	0	0	0	0	0	0	0	0	0	0	0	0	0.454409	0.454409	0	0	0	0.454409	0.454409	0	0	0	0	0.454409	0.454409	0	0	0	0	0.454409	0.454409	0	0	0	0	0.454409	0.454409	0	0	0	0	0	0	0	0	0	0.454409	0.454409	0	0.454409	0.454409	0.454409	0.454409	0.454409	0.454409	0.454409	0.454409	0	0.454409	0.454409	0	0	0.454409	0.454409	0	0	0	0	0	0	0.454409	0	0.454409	0	0	0	0.454409	0.454409	0	0	0	0.454409	0.90876	0.454409	0	0.454409	0.454409	0.454409	0.90876	0.454409	0	0	0.90876	0.90876	0.454409	0.454409	0.454409	1.363	0.90876	0.454409	0.454409	0.454409	0.90876	0.90876	0.454409	0.454409	1.363	0.90876	0.454409	0.454409	0.454409	0.90876	0.454409	0.454409	0.90876	0.90876	0.454409	0.454409	0.454409	0.454409	0.454409	0	0.454409	0.90876	0.454409	0	0.454409	0.454409	0	0.454409	0.454409	0.454409	0.90876	0.454409	0	0.454409	0.454409	0.454409	0.90876	0.454409	0.454409	0.90876	0.454409	0.454409	0.454409	0.90876	1.363	0.90876	0.454409	0.454409	1.363	0.90876	0.454409	0.454409	0.454409	0.90876	0.90876	0.454409	0.454409	0.454409	0	0.454409	0.454409	0	0	0.454409	0.454409	0.454409	1.363	0.90876	0.454409	0.454409	0.90876	1.363
0	0	0.454365	0.454365	0	0.454365	0.454365	0	0	0	0	0.454365	0.454365	0	0	0	0	0.454365	0.454365	0	0	0	0	0	0	0	0	0	0	0	0	0	0.454365	0.454365	0	0	0	0	0	0	0	0.454365	0.454365	0	0	0	0	0	0	0	0	0	0	0	0	0	0	0	0	0	0	0	0	0	0	0	0	0	0	0	0.454365	0.454365	0	0	0	0.454365	0.454365	0	0.454365	0.454365	0	0	0	0	0	0	0	0	0	0	0	0	0	0	0.454365	0.454365	0	0	0	0.454365	0.454365	0	0	0	0	0.454365	0.454365	0	0	0	0	0.454365	0.454365	0	0	0	0	0.454365	0.454365	0	0	0	0	0	0	0	0	0	0.454365	0.454365	0	0.454365	0.454365	0.454365	0.454365	0.454365	0.454365	0.454365	0.454365	0	0.454365	0.454365	0	0	0.454365	0.454365	0	0	0	0	0	0	0.454365	0	0.454365	0	0	0	0.454365	0.454365	0	0	0	0.454365	0.908674	0.454365	0	0.454365	0.454365	0.454365	0.908674	0.454365	0	0	0.908674	0.908674	0.454365	0.454365	0.454365	1.36287	0.908674	0.454365	0.454365	0.454365	0.908674	0.908674	0.454365	0.454365	1.36287	0.908674	0.454365	0.454365	0.454365	0.908674	0.454365	0.454365	0.908674	0.908674	0.454365	0.454365	0.454365	0.454365	0.454365	0	0.454365	0.908674	0.454365	0	0.454365	0.454365	0	0.454365	0.454365	0.454365	0.908674	0.454365	0	0.454365	0.454365	0.454365	0.908674	0.454365	0.454365	0.908674	0.454365	0.454365	0.454365	0.908674	1.36287	0.908674	0.454365	0.454365	1.36287	0.908674	0.454365	0.454365	0.454365	0.908674	0.908674	0.454365	0.454365	0.454365	0	0.454365	0.454365	0	0	0.454365	0.454365	0.454365	1.36287	0.908674	0.454365	0.454365	0.908674	1.36287
1.81683	1.81683	1.8727	1.8727	1.81683	1.73706	1.51512	1.36282	1.4807	1.70713	1.81683	1.73706	1.51512	1.36282	1.36282	1.36282	1.4807	1.65343	1.51512	1.36282	1.36282	1.36282	1.36282	1.36282	1.36282	1.36282	1.36282	1.36282	1.36282	1.36282	1.36282	1.36282	1.4365	1.4365	1.36282	1.36282	1.36282	1.36282	1.36282	1.36282	1.36282	1.2949	1.07748	0.908645	0.908645	0.908645	0.908645	0.908645	0.908645	0.908645	0.908645	0.908645	0.908645	1.02849	1.25444	1.36282	1.36282	1.36282	1.36282	1.36282	1.36282	1.36282	1.36282	1.36282	1.36282	1.36282	1.36282	1.4807	1.70713	1.81683	1.73706	1.51512	1.36282	1.36282	1.36282	1.4365	1.4365	1.36282	1.4365	1.4365	1.36282	1.36282	1.36282	1.36282	1.36282	1.36282	1.36282	1.36282	1.36282	1.36282	1.36282	1.36282	1.36282	1.36282	1.51512	1.73706	1.81683	1.81683	1.70713	1.65343	1.73706	1.81683	1.81683	1.81683	1.81683	1.8727	1.8727	1.93364	2.16018	2.27061	2.27061	2.18389	2.09356	2.16018	2.27061	2.27061	2.27061	2.18389	1.9601	1.81683	1.81683	1.81683	1.81683	1.81683	1.81683	1.81683	1.70713	1.4807	1.51512	1.65343	1.4807	1.4365	1.4365	1.4365	1.4365	1.4365	1.4365	1.4365	1.37223	1.02849	1.07748	1.2949	1.25444	1.02849	1.01586	1.01586	0.908645	1.02849	1.25444	1.36282	1.36282	1.36282	1.51512	1.58985	1.51512	1.36282	1.36282	1.36282	1.2949	1.07748	0.908645	0.908645	0.908645	0.865	0.976993	0.803119	0.80315	1.01586	1.01586	0.865	0.976993	0.642511	0.579177	0.80315	1.28486	1.28486	1.01586	1.01586	1.1693	1.77369	1.29487	1.1693	1.37223	1.4365	1.79538	1.98618	1.8727	2.01198	2.45577	2.08738	1.8727	1.8727	2.01198	2.38668	2.31553	2.31553	2.29877	2.08738	1.8727	1.8727	1.8727	1.73706	1.65343	1.70713	1.73706	1.52359	1.2232	1.25444	1.2949	1.07748	0.908645	0.865	0.662295	0.642511	1.01581	0.642511	0.579177	0.819034	0.662295	0.642511	1.01581	0.642511	0.642511	1.01581	0.642511	0.803119	0.977019	1.1243	1.37216	1.01581	0.642511	0.803119	1.52352	0.976993	0.642511	0.642511	0.642511	1.01581	1.01581	0.642511	0.642511	0.642511	0.454351	0.642511	0.642511	0.454351	0.718364	1.32441	1.4365	1.58171	2.0935	1.67663	1.58171	1.79542	2.03108	2.58841
1.81666	1.81666	1.87252	1.87252	1.81666	1.70697	1.48056	1.3627	1.51498	1.73689	1.81666	1.70697	1.48056	1.3627	1.3627	1.3627	1.51498	1.65327	1.48056	1.3627	1.3627	1.3627	1.3627	1.3627	1.3627	1.3627	1.3627	1.3627	1.3627	1.3627	1.3627	1.3627	1.43637	1.43637	1.3627	1.3627	1.3627	1.3627	1.3627	1.3627	1.3627	1.25432	1.02839	0.908559	0.908559	0.908559	0.908559	0.908559	0.908559	0.908559	0.908559	0.908559	0.908559	1.07737	1.29478	1.3627	1.3627	1.3627	1.3627	1.3627	1.3627	1.3627	1.3627	1.3627	1.3627	1.3627	1.3627	1.51498	1.73689	1.81666	1.70697	1.48056	1.3627	1.3627	1.3627	1.43637	1.43637	1.3627	1.43637	1.43637	1.3627	1.3627	1.3627	1.3627	1.3627	1.3627	1.3627	1.3627	1.3627	1.3627	1.3627	1.3627	1.3627	1.3627	1.48056	1.70697	1.81666	1.81666	1.73689	1.65327	1.70697	1.81666	1.81666	1.81666	1.81666	1.87252	1.87252	1.95991	2.18368	2.2704	2.2704	2.15997	2.09336	2.18368	2.2704	2.2704	2.2704	2.15997	1.93345	1.81666	1.81666	1.81666	1.81666	1.81666	1.81666	1.81666	1.73689	1.51498	1.48056	1.65327	1.51498	1.43637	1.43637	1.43637	1.43637	1.43637	1.43637	1.43637	1.48053	1.07737	1.02839	1.25432	1.29478	1.07737	1.01576	1.01576	0.908559	1.07737	1.29478	1.3627	1.3627	1.3627	1.48056	1.5897	1.48056	1.3627	1.3627	1.3627	1.25432	1.02839	0.908559	0.908559	0.908559	0.803073	0.803043	0.9769	0.864918	1.01576	1.01576	0.803073	0.803043	0.642449	0.662232	0.864918	1.28474	1.28474	1.01576	1.01576	1.29474	1.77352	1.16919	1.29474	1.48053	1.43637	1.93339	2.11168	1.87252	2.08718	2.45553	2.01179	1.87252	1.87252	2.08718	2.49196	2.3153	2.3153	2.23034	2.01179	1.87252	1.87252	1.87252	1.70697	1.65327	1.73689	1.70697	1.38148	1.22309	1.29478	1.25432	1.02839	0.908559	0.803073	0.579122	0.642449	1.01571	0.642449	0.662232	0.818957	0.579122	0.642449	1.01571	0.642449	0.642449	1.01571	0.642449	0.9769	1.12419	0.976926	1.16914	1.01571	0.642449	0.9769	1.52337	0.803043	0.642449	0.642449	0.642449	1.01571	1.01571	0.642449	0.642449	0.642449	0.454308	0.642449	0.642449	0.454308	0.963624	1.60577	1.43637	1.67647	2.0933	1.58156	1.67647	1.87937	2.03089	2.88869
0	0	0.454229	0.454229	0	0	0	0	0.454229	0.454229	0	0	0	0	0	0	0.454229	0.454229	0	0	0	0	0	0	0	0	0	0	0	0	0	0	0.454229	0.454229	0	0	0	0	0	0	0	0	0	0	0	0	0	0	0	0	0	0	0	0.454229	0.454229	0	0	0	0	0	0	0	0	0	0	0	0	0.454229	0.454229	0	0	0	0	0	0	0.454229	0.454229	0	0.454229	0.454229	0	0	0	0	0	0	0	0	0	0	0	0	0	0	0	0	0	0	0.454229	0.454229	0	0	0	0	0	0.454229	0.454229	0.454229	0.454229	0	0	0	0.454229	0.454229	0	0	0	0	0	0	0	0	0	0	0	0	0.454229	0.454229	0	0.454229	0.454229	0.454229	0.454229	0.454229	0.454229	0.454229	0.454229	0.454229	0.9084	0.454229	0	0	0.454229	0.454229	0.454229	0.454229	0	0.454229	0.454229	0	0	0	0	0	0	0	0	0	0	0	0	0	0	0	0.454229	0.9084	0.454229	0.454229	0.454229	0	0.454229	0.454229	0.454229	0.454229	0.9084	0.9084	0.454229	0.454229	0.9084	1.36246	0.454229	0.9084	0.9084	0.454229	1.36246	1.36246	0.454229	0.9084	1.36246	0.454229	0.454229	0.454229	0.9084	1.36246	0.454229	0.454229	0.454229	0.454229	0.454229	0.454229	0.454229	0	0.454229	0.454229	0	0	0.454229	0.454229	0	0	0	0	0	0.454229	0.9084	0.454229	0.454229	0.454229	0	0.454229	0.9084	0.454229	0.454229	0.9084	0.454229	0.9084	0.9084	0.454229	0.9084	0.9084	0.454229	0.9084	1.36246	0.454229	0.454229	0.454229	0.454229	0.9084	0.9084	0.454229	0.454229	0.454229	0	0.454229	0.454229	0	0.9084	1.36246	0.454229	0.9084	1.36246	0.454229	0.9084	0.9084	0.9084	2.27
0	0	0.454185	0.454185	0	0	0	0	0.454185	0.454185	0	0	0	0	0	0	0.454185	0.454185	0	0	0	0	0	0	0	0	0	0	0	0	0	0	0.454185	0.454185	0	0	0	0	0	0	0	0	0	0	0	0	0	0	0	0	0	0	0	0.454185	0.454185	0	0	0	0	0	0	0	0	0	0	0	0	0.454185	0.454185	0	0	0	0	0	0	0.454185	0.454185	0	0.454185	0.454185	0	0	0	0	0	0	0	0	0	0	0	0	0	0	0	0	0	0	0.454185	0.454185	0	0	0	0	0	0.454185	0.454185	0.454185	0.454185	0	0	0	0.454185	0.454185	0	0	0	0	0	0	0	0	0	0	0	0	0.454185	0.454185	0	0.454185	0.454185	0.454185	0.454185	0.454185	0.454185	0.454185	0.454185	0.454185	0.908314	0.454185	0	0	0.454185	0.454185	0.454185	0.454185	0	0.454185	0.454185	0	0	0	0	0	0	0	0	0	0	0	0	0	0	0	0.454185	0.908314	0.454185	0.454185	0.454185	0	0.454185	0.454185	0.454185	0.454185	0.908314	0.908314	0.454185	0.454185	0.908314	1.36233	0.454185	0.908314	0.908314	0.454185	1.36233	1.36233	0.454185	0.908314	1.36233	0.454185	0.454185	0.454185	0.908314	1.36233	0.454185	0.454185	0.454185	0.454185	0.454185	0.454185	0.454185	0	0.454185	0.454185	0	0	0.454185	0.454185	0	0	0	0	0	0.454185	0.908314	0.454185	0.454185	0.454185	0	0.454185	0.908314	0.454185	0.454185	0.908314	0.454185	0.908314	0.908314	0.454185	0.908314	0.908314	0.454185	0.908314	1.36233	0.454185	0.454185	0.454185	0.454185	0.908314	0.908314	0.454185	0.454185	0.454185	0	0.454185	0.454185	0	0.908314	1.36233	0.454185	0.908314	1.36233	0.454185	0.908314	0.908314	0.908314	2.26979
0	0	0.454142	0.454142	0	0	0	0	0.454142	0.454142	0	0	0	0	0	0	0.454142	0.454142	0	0	0	0	0	0	0	0	0	0	0	0	0	0	0.454142	0.454142	0	0	0	0	0	0	0	0	0	0	0	0	0	0	0	0	0	0	0	0.454142	0.454142	0	0	0	0	0	0	0	0	0	0	0	0	0.454142	0.454142	0	0	0	0	0	0	0.454142	0.454142	0	0.454142	0.454142	0	0	0	0	0	0	0	0	0	0	0	0	0	0	0	0	0	0	0.454142	0.454142	0	0	0	0	0	0.454142	0.454142	0.454142	0.454142	0	0	0	0.454142	0.454142	0	0	0	0	0	0	0	0	0	0	0	0	0.454142	0.454142	0	0.454142	0.454142	0.454142	0.454142	0.454142	0.454142	0.454142	0.454142	0.454142	0.908227	0.454142	0	0	0.454142	0.454142	0.454142	0.454142	0	0.454142	0.454142	0	0	0	0	0	0	0	0	0	0	0	0	0	0	0	0.454142	0.908227	0.454142	0.454142	0.454142	0	0.454142	0.454142	0.454142	0.454142	0.908227	0.908227	0.454142	0.454142	0.908227	1.3622	0.454142	0.908227	0.908227	0.454142	1.3622	1.3622	0.454142	0.908227	1.3622	0.454142	0.454142	0.454142	0.908227	1.3622	0.454142	0.454142	0.454142	0.454142	0.454142	0.454142	0.454142	0	0.454142	0.454142	0	0	0.454142	0.454142	0	0	0	0	0	0.454142	0.908227	0.454142	0.454142	0.454142	0	0.454142	0.908227	0.454142	0.454142	0.908227	0.454142	0.908227	0.908227	0.454142	0.908227	0.908227	0.454142	0.908227	1.3622	0.454142	0.454142	0.454142	0.454142	0.908227	0.908227	0.454142	0.454142	0.454142	0	0.454142	0.454142	0	0.908227	1.3622	0.454142	0.908227	1.3622	0.454142	0.908227	0.908227	0.908227	2.26957
0	0	0.454099	0.454099	0	0	0	0	0.454099	0.454099	0	0	0	0	0	0	0.454099	0.454099	0	0	0	0	0	0	0	0	0	0	0	0	0	0	0.454099	0.454099	0	0	0	0	0	0	0	0	0	0	0	0	0	0	0	0	0	0	0	0.454099	0.454099	0	0	0	0	0	0	0	0	0	0	0	0	0.454099	0.454099	0	0	0	0	0	0	0.454099	0.454099	0	0.454099	0.454099	0	0	0	0	0	0	0	0	0	0	0	0	0	0	0	0	0	0	0.454099	0.454099	0	0	0	0	0	0.454099	0.454099	0.454099	0.454099	0	0	0	0.454099	0.454099	0	0	0	0	0	0	0	0	0	0	0	0	0.454099	0.454099	0	0.454099	0.454099	0.454099	0.454099	0.454099	0.454099	0.454099	0.454099	0.454099	0.908141	0.454099	0	0	0.454099	0.454099	0.454099	0.454099	0	0.454099	0.454099	0	0	0	0	0	0	0	0	0	0	0	0	0	0	0	0.454099	0.908141	0.454099	0.454099	0.454099	0	0.454099	0.454099	0.454099	0.454099	0.908141	0.908141	0.454099	0.454099	0.908141	1.36207	0.454099	0.908141	0.908141	0.454099	1.36207	1.36207	0.454099	0.908141	1.36207	0.454099	0.454099	0.454099	0.908141	1.36207	0.454099	0.454099	0.454099	0.454099	0.454099	0.454099	0.454099	0	0.454099	0.454099	0	0	0.454099	0.454099	0	0	0	0	0	0.454099	0.908141	0.454099	0.454099	0.454099	0	0.454099	0.908141	0.454099	0.454099	0.908141	0.454099	0.908141	0.908141	0.454099	0.908141	0.908141	0.454099	0.908141	1.36207	0.454099	0.454099	0.454099	0.454099	0.908141	0.908141	0.454099	0.454099	0.454099	0	0.454099	0.454099	0	0.908141	1.36207	0.454099	0.908141	1.36207	0.454099	0.908141	0.908141	0.908141	2.26936
1.8158	1.8158	1.73607	1.51426	1.36205	1.47986	1.70615	1.8158	1.73607	1.51426	1.36205	1.36205	1.36205	1.36205	1.47986	1.70615	1.73607	1.51426	1.36205	1.36205	1.36205	1.36205	1.36205	1.36205	1.36205	1.36205	1.36205	1.36205	1.36205	1.36205	1.36205	1.36205	1.29416	1.07686	0.908127	0.908127	0.908127	1.0279	1.25373	1.36205	1.36205	1.36205	1.36205	1.36205	1.36205	1.36205	1.36205	1.36205	1.36205	1.36205	1.36205	1.36205	1.36205	1.29416	1.07686	0.908127	0.908127	0.908127	0.908127	0.908127	0.908127	0.908127	0.908127	0.908127	1.0279	1.25373	1.36205	1.29416	1.07686	1.0279	1.25373	1.36205	1.36205	1.47986	1.70615	1.73607	1.65249	1.70615	1.73607	1.51426	1.36205	1.36205	1.36205	1.36205	1.36205	1.36205	1.36205	1.36205	1.36205	1.36205	1.36205	1.36205	1.36205	1.36205	1.36205	1.36205	1.36205	1.36205	1.51426	1.73607	1.8158	1.93253	2.15894	2.26932	2.26932	2.40682	2.63135	2.63135	2.40682	2.26932	2.26932	2.26932	2.31421	2.31421	2.26932	2.26932	2.26932	2.26932	2.26932	2.15894	1.93253	1.8158	1.8158	1.8158	1.8158	1.70615	1.58081	1.43568	1.36205	1.43568	1.43568	1.51426	1.65249	1.58081	1.43568	1.51426	1.73607	1.87163	2.08619	2.18264	2.26932	2.26932	2.31421	2.31421	2.50626	2.95775	3.17545	3.08107	2.85612	2.72256	2.72256	2.72256	2.72256	2.61174	2.38535	2.26932	2.26932	2.26932	2.26932	2.26932	2.26932	2.26932	2.26932	2.26932	2.18264	2.08619	1.87163	1.73607	1.51426	1.47986	1.65249	1.51426	1.43568	1.43568	1.47983	1.29413	1.01528	1.01528	1.28413	1.79431	1.37145	1.6368	1.6368	1.58081	2.25218	2.42802	2.22928	2.4439	2.80157	2.67012	2.76005	2.76005	2.86956	3.04329	2.76005	2.76005	2.76005	2.76005	2.76005	2.63135	2.40682	2.38535	2.53684	2.40682	2.26932	2.26932	2.18264	1.95898	1.8158	1.8158	1.8158	1.8158	1.8158	1.87163	1.87848	1.51426	1.43568	1.58081	1.70615	1.87163	1.87848	1.51426	1.43568	1.6368	1.43568	1.47983	1.29413	1.01528	1.28413	1.28413	1.01528	1.12365	1.37138	0.642144	0.642144	0.642144	0.642144	1.01523	1.01523	0.642144	0.642144	0.642144	0.454092	0.642144	0.642144	0.717954	1.60501	1.92579	1.43568	1.6368	2.08613	1.79439	2.02992	2.02992	2.18261	3.05163
1.81562	1.81562	1.70599	1.47972	1.36192	1.51411	1.7359	1.81562	1.70599	1.47972	1.36192	1.36192	1.36192	1.36192	1.51411	1.7359	1.70599	1.47972	1.36192	1.36192	1.36192	1.36192	1.36192	1.36192	1.36192	1.36192	1.36192	1.36192	1.36192	1.36192	1.36192	1.36192	1.25361	1.02781	0.90804	0.90804	0.90804	1.07676	1.29404	1.36192	1.36192	1.36192	1.36192	1.36192	1.36192	1.36192	1.36192	1.36192	1.36192	1.36192	1.36192	1.36192	1.36192	1.25361	1.02781	0.90804	0.90804	0.90804	0.90804	0.90804	0.90804	0.90804	0.90804	0.90804	1.07676	1.29404	1.36192	1.25361	1.02781	1.07676	1.29404	1.36192	1.36192	1.51411	1.7359	1.70599	1.65233	1.7359	1.70599	1.47972	1.36192	1.36192	1.36192	1.36192	1.36192	1.36192	1.36192	1.36192	1.36192	1.36192	1.36192	1.36192	1.36192	1.36192	1.36192	1.36192	1.36192	1.36192	1.47972	1.70599	1.81562	1.9588	2.18244	2.2691	2.2691	2.38513	2.61149	2.61149	2.38513	2.2691	2.2691	2.2691	2.31399	2.31399	2.2691	2.2691	2.2691	2.2691	2.2691	2.18244	1.9588	1.81562	1.81562	1.81562	1.81562	1.7359	1.67551	1.43555	1.36192	1.43555	1.43555	1.47972	1.65233	1.67551	1.43555	1.47972	1.70599	1.87146	2.01064	2.15874	2.2691	2.2691	2.31399	2.31399	2.50602	2.95747	3.17515	3.06407	2.83781	2.7223	2.7223	2.7223	2.7223	2.6311	2.40659	2.2691	2.2691	2.2691	2.2691	2.2691	2.2691	2.2691	2.2691	2.2691	2.15874	2.01064	1.87146	1.70599	1.47972	1.51411	1.65233	1.47972	1.43555	1.43555	1.37132	1.16852	1.01518	1.01518	1.284	1.98478	1.47969	1.63664	1.63664	1.67551	2.4065	2.57173	2.29724	2.44367	2.92684	2.727	2.75979	2.75979	2.86929	3.043	2.75979	2.75979	2.75979	2.75979	2.75979	2.61149	2.38513	2.40659	2.5366	2.38513	2.2691	2.2691	2.15874	1.93235	1.81562	1.81562	1.81562	1.81562	1.81562	1.87146	1.79422	1.47972	1.43555	1.67551	1.7359	1.87146	1.79422	1.47972	1.43555	1.63664	1.43555	1.37132	1.16852	1.01518	1.284	1.284	1.01518	0.976368	1.16847	0.642083	0.642083	0.642083	0.642083	1.01513	1.01513	0.642083	0.642083	0.642083	0.454049	0.642083	0.642083	0.963074	1.95212	1.9256	1.43555	1.63664	2.25194	1.8783	2.02973	2.02973	2.29721	3.05134
0	0	0	0	0	0.453969	0.453969	0	0	0	0	0	0	0	0.453969	0.453969	0	0	0	0	0	0	0	0	0	0	0	0	0	0	0	0	0	0	0	0	0	0.453969	0.453969	0	0	0	0	0	0	0	0	0	0	0	0	0	0	0	0	0	0	0	0	0	0	0	0	0	0.453969	0.453969	0	0	0	0.453969	0.453969	0	0	0.453969	0.453969	0	0.453969	0.453969	0	0	0	0	0	0	0	0	0	0	0	0	0	0	0	0	0	0	0	0	0	0	0	0.453969	0.453969	0	0	0	0	0	0	0	0	0	0.453969	0.453969	0	0	0	0	0	0.453969	0.453969	0	0	0	0	0.453969	0.907882	0.453969	0	0.453969	0.453969	0	0.453969	0.907882	0.453969	0	0	0.453969	0.453969	0	0	0	0.453969	0.453969	0.453969	0.453969	0	0	0	0	0	0	0	0.453969	0.453969	0	0	0	0	0	0	0	0	0	0	0.453969	0.453969	0	0	0.453969	0.453969	0	0.453969	0.453969	0.453969	0.453969	0.453969	0.453969	0.907882	1.81531	0.907882	0.907882	0.907882	0.907882	1.81531	1.81531	0.907882	0.907882	1.81531	0.907882	0.453969	0.453969	0.907882	1.36168	0.453969	0.453969	0.453969	0.453969	0.453969	0	0	0.453969	0.453969	0	0	0	0	0	0	0	0	0	0	0.453969	0.453969	0	0.453969	0.907882	0.453969	0.453969	0.453969	0	0.453969	0.907882	0.453969	0.453969	0.453969	0.453969	0.907882	0.907882	0.453969	0.453969	0.907882	0.453969	0.453969	0.453969	0.453969	0.907882	0.907882	0.453969	0.453969	0.453969	0	0.453969	0.453969	0.907882	1.81531	1.36168	0.453969	0.907882	1.81531	0.907882	0.907882	0.907882	1.36168	2.26871
0	0	0	0	0	0.453926	0.453926	0	0	0	0	0	0	0	0.453926	0.453926	0	0	0	0	0	0	0	0	0	0	0	0	0	0	0	0	0	0	0	0	0	0.453926	0.453926	0	0	0	0	0	0	0	0	0	0	0	0	0	0	0	0	0	0	0	0	0	0	0	0	0	0.453926	0.453926	0	0	0	0.453926	0.453926	0	0	0.453926	0.453926	0	0.453926	0.453926	0	0	0	0	0	0	0	0	0	0	0	0	0	0	0	0	0	0	0	0	0	0	0	0.453926	0.453926	0	0	0	0	0	0	0	0	0	0.453926	0.453926	0	0	0	0	0	0.453926	0.453926	0	0	0	0	0.453926	0.907796	0.453926	0	0.453926	0.453926	0	0.453926	0.907796	0.453926	0	0	0.453926	0.453926	0	0	0	0.453926	0.453926	0.453926	0.453926	0	0	0	0	0	0	0	0.453926	0.453926	0	0	0	0	0	0	0	0	0	0	0.453926	0.453926	0	0	0.453926	0.453926	0	0.453926	0.453926	0.453926	0.453926	0.453926	0.453926	0.907796	1.81514	0.907796	0.907796	0.907796	0.907796	1.81514	1.81514	0.907796	0.907796	1.81514	0.907796	0.453926	0.453926	0.907796	1.36155	0.453926	0.453926	0.453926	0.453926	0.453926	0	0	0.453926	0.453926	0	0	0	0	0	0	0	0	0	0	0.453926	0.453926	0	0.453926	0.907796	0.453926	0.453926	0.453926	0	0.453926	0.907796	0.453926	0.453926	0.453926	0.453926	0.907796	0.907796	0.453926	0.453926	0.907796	0.453926	0.453926	0.453926	0.453926	0.907796	0.907796	0.453926	0.453926	0.453926	0	0.453926	0.453926	0.907796	1.81514	1.36155	0.453926	0.907796	1.81514	0.907796	0.907796	0.907796	1.36155	2.26849
0	0	0	0	0	0.453883	0.453883	0	0	0	0	0	0	0	0.453883	0.453883	0	0	0	0	0	0	0	0	0	0	0	0	0	0	0	0	0	0	0	0	0	0.453883	0.453883	0	0	0	0	0	0	0	0	0	0	0	0	0	0	0	0	0	0	0	0	0	0	0	0	0	0.453883	0.453883	0	0	0	0.453883	0.453883	0	0	0.453883	0.453883	0	0.453883	0.453883	0	0	0	0	0	0	0	0	0	0	0	0	0	0	0	0	0	0	0	0	0	0	0	0.453883	0.453883	0	0	0	0	0	0	0	0	0	0.453883	0.453883	0	0	0	0	0	0.453883	0.453883	0	0	0	0	0.453883	0.907709	0.453883	0	0.453883	0.453883	0	0.453883	0.907709	0.453883	0	0	0.453883	0.453883	0	0	0	0.453883	0.453883	0.453883	0.453883	0	0	0	0	0	0	0	0.453883	0.453883	0	0	0	0	0	0	0	0	0	0	0.453883	0.453883	0	0	0.453883	0.453883	0	0.453883	0.453883	0.453883	0.453883	0.453883	0.453883	0.907709	1.81496	0.907709	0.907709	0.907709	0.907709	1.81496	1.81496	0.907709	0.907709	1.81496	0.907709	0.453883	0.453883	0.907709	1.36142	0.453883	0.453883	0.453883	0.453883	0.453883	0	0	0.453883	0.453883	0	0	0	0	0	0	0	0	0	0	0.453883	0.453883	0	0.453883	0.907709	0.453883	0.453883	0.453883	0	0.453883	0.907709	0.453883	0.453883	0.453883	0.453883	0.907709	0.907709	0.453883	0.453883	0.907709	0.453883	0.453883	0.453883	0.453883	0.907709	0.907709	0.453883	0.453883	0.453883	0	0.453883	0.453883	0.907709	1.81496	1.36142	0.453883	0.907709	1.81496	0.907709	0.907709	0.907709	1.36142	2.26828
1.70534	1.81493	1.81493	1.81493	1.81493	1.87074	1.87074	1.81493	1.81493	1.81493	1.81493	1.81493	1.81493	1.81493	1.73524	1.51354	1.3614	1.3614	1.3614	1.3614	1.3614	1.25313	1.02742	0.907695	0.907695	0.907695	0.907695	0.907695	0.907695	1.02742	1.25313	1.3614	1.3614	1.3614	1.3614	1.3614	1.3614	1.29355	1.07635	0.907695	0.907695	1.02742	1.25313	1.3614	1.3614	1.3614	1.3614	1.3614	1.3614	1.3614	1.3614	1.3614	1.3614	1.3614	1.3614	1.3614	1.3614	1.3614	1.3614	1.3614	1.3614	1.3614	1.3614	1.3614	1.435	1.435	1.3614	1.3614	1.3614	1.435	1.435	1.47916	1.70534	1.73524	1.51354	1.3614	1.29355	1.07635	1.02742	1.25313	1.3614	1.3614	1.3614	1.3614	1.3614	1.3614	1.3614	1.47916	1.70534	1.81493	1.81493	1.81493	1.81493	1.81493	1.81493	1.81493	1.93162	2.15792	2.26824	2.38422	2.6105	2.6301	2.40567	2.38422	2.6105	2.72126	2.72126	2.72126	2.72126	2.72126	2.72126	2.72126	2.6301	2.40567	2.26824	2.26824	2.26824	2.26824	2.26824	2.31311	2.31311	2.26824	2.26824	2.15792	1.93162	1.87074	2.0852	2.18161	2.15792	2.09137	2.18161	2.26824	2.31311	2.51017	2.6301	2.72126	2.72126	2.85477	2.98226	2.83673	2.72126	2.72126	2.95634	3.40767	3.65437	3.65437	3.62623	3.62623	3.62623	3.62623	3.62623	3.62623	3.62623	3.85885	4.30973	4.5294	4.5294	4.5294	4.5294	4.5294	4.5294	4.5294	4.5294	4.5294	4.5294	4.42961	4.20465	3.96677	3.74095	3.52957	3.30456	3.17395	3.07961	2.85477	2.8905	3.11274	3.33544	3.55848	3.60141	3.54762	2.94328	2.8682	2.8682	2.8682	3.26938	3.11268	2.51017	2.44274	2.90371	2.44274	2.44801	2.66886	2.72596	2.68799	2.31311	2.31311	2.44801	2.66886	2.75874	2.72126	2.72126	2.75874	2.75874	2.72126	2.72126	2.72126	2.72126	2.72126	2.72126	2.72126	2.72126	2.72126	2.72126	2.75874	2.75874	2.72126	2.6301	2.51017	2.31311	2.18161	1.95805	1.81493	1.87074	2.02896	1.87074	1.73524	1.51354	1.435	1.63602	1.63602	1.435	1.29355	1.29351	1.0148	1.0148	1.0148	1.0148	1.28352	1.12312	0.661603	0.641839	0.80228	0.80231	1.0148	1.0148	1.28352	2.02886	1.79346	1.3708	1.63602	2.26813	1.63602	1.79351	1.9841	2.10968	2.76789
1.73508	1.81476	1.81476	1.81476	1.81476	1.87057	1.87057	1.81476	1.81476	1.81476	1.81476	1.81476	1.81476	1.81476	1.70518	1.47902	1.36127	1.36127	1.36127	1.36127	1.36127	1.29342	1.07625	0.907609	0.907609	0.907609	0.907609	0.907609	0.907609	1.07625	1.29342	1.36127	1.36127	1.36127	1.36127	1.36127	1.36127	1.25301	1.02732	0.907609	0.907609	1.07625	1.29342	1.36127	1.36127	1.36127	1.36127	1.36127	1.36127	1.36127	1.36127	1.36127	1.36127	1.36127	1.36127	1.36127	1.36127	1.36127	1.36127	1.36127	1.36127	1.36127	1.36127	1.36127	1.43486	1.43486	1.36127	1.36127	1.36127	1.43486	1.43486	1.51339	1.73508	1.70518	1.47902	1.36127	1.25301	1.02732	1.07625	1.29342	1.36127	1.36127	1.36127	1.36127	1.36127	1.36127	1.36127	1.51339	1.73508	1.81476	1.81476	1.81476	1.81476	1.81476	1.81476	1.81476	1.95787	2.1814	2.26803	2.40544	2.62985	2.61025	2.384	2.40544	2.62985	2.72101	2.72101	2.72101	2.72101	2.72101	2.72101	2.72101	2.61025	2.384	2.26803	2.26803	2.26803	2.26803	2.26803	2.31289	2.31289	2.26803	2.26803	2.1814	1.95787	1.87057	2.00969	2.15771	2.1814	2.09117	2.15771	2.26803	2.31289	2.44778	2.61025	2.72101	2.72101	2.83646	2.98198	2.8545	2.72101	2.72101	2.95606	3.40735	3.65403	3.65403	3.62589	3.62589	3.62589	3.62589	3.62589	3.62589	3.62589	3.85848	4.30932	4.52897	4.52897	4.52897	4.52897	4.52897	4.52897	4.52897	4.52897	4.52897	4.52897	4.41764	4.19208	3.97927	3.75425	3.51469	3.2887	3.17365	3.06262	2.83646	2.943	3.16149	3.38091	3.60107	3.55815	3.36951	2.89023	2.86793	2.86793	2.86793	3.26907	2.99481	2.44778	2.44251	2.90343	2.44251	2.50993	2.7257	2.6686	2.59047	2.31289	2.31289	2.50993	2.7257	2.75848	2.72101	2.72101	2.75848	2.75848	2.72101	2.72101	2.72101	2.72101	2.72101	2.72101	2.72101	2.72101	2.72101	2.72101	2.75848	2.75848	2.72101	2.61025	2.44778	2.31289	2.15771	1.93143	1.81476	1.87057	2.02876	1.87057	1.70518	1.47902	1.43486	1.63587	1.63587	1.43486	1.25301	1.16796	1.0147	1.0147	1.0147	1.0147	1.28339	0.975904	0.578516	0.641778	0.975879	0.864014	1.0147	1.0147	1.28339	2.02867	1.98384	1.47898	1.63587	2.26791	1.63587	1.93137	2.10948	1.98391	2.76762
0.453754	0	0	0	0	0.453754	0.453754	0	0	0	0	0	0	0	0	0	0	0	0	0	0	0.453754	0.453754	0	0	0	0	0	0	0.453754	0.453754	0	0	0	0	0	0	0	0	0	0	0.453754	0.453754	0	0	0	0	0	0	0	0	0	0	0	0	0	0	0	0	0	0	0	0	0	0.453754	0.453754	0	0	0	0.453754	0.453754	0.453754	0.453754	0	0	0	0	0	0.453754	0.453754	0	0	0	0	0	0	0	0.453754	0.453754	0	0	0	0	0	0	0	0.453754	0.453754	0	0.453754	0.453754	0	0	0.453754	0.453754	0	0	0	0	0	0	0	0	0	0	0	0	0	0	0.453754	0.453754	0	0	0.453754	0.453754	0.453754	0.453754	0	0.453754	0.453754	0	0	0.453754	0.453754	0	0	0	0	0.453754	0.453754	0	0	0.453754	0.453754	0.453754	0.453754	0	0	0	0	0	0	0	0.453754	0.453754	0	0	0	0	0	0	0	0	0	0	0	0	0.453754	0.453754	0	0	0	0	0	0.907451	0.907451	0.907451	0.907451	0.453754	0.907451	0.453754	0.907451	0.907451	0.907451	1.81445	1.36103	0.453754	0.907451	1.81445	0.907451	0.907451	0.907451	0.453754	0.907451	0.453754	0.453754	0.907451	0.907451	0.453754	0	0	0.453754	0.453754	0	0	0	0	0	0	0	0	0	0	0.453754	0.453754	0	0	0.453754	0.453754	0	0	0	0.453754	0.907451	0.453754	0	0	0.453754	0.907451	0.907451	0.453754	0	0.453754	0.453754	0.453754	0.453754	0.453754	0.907451	0.453754	0	0.453754	0.907451	0.453754	0.453754	0.453754	0.907451	1.81445	1.81445	0.907451	0.907451	1.81445	0.907451	1.36103	1.36103	0.907451	2.26763
0.453711	0	0	0	0	0.453711	0.453711	0	0	0	0	0	0	0	0	0	0	0	0	0	0	0.453711	0.453711	0	0	0	0	0	0	0.453711	0.453711	0	0	0	0	0	0	0	0	0	0	0.453711	0.453711	0	0	0	0	0	0	0	0	0	0	0	0	0	0	0	0	0	0	0	0	0	0.453711	0.453711	0	0	0	0.453711	0.453711	0.453711	0.453711	0	0	0	0	0	0.453711	0.453711	0	0	0	0	0	0	0	0.453711	0.453711	0	0	0	0	0	0	0	0.453711	0.453711	0	0.453711	0.453711	0	0	0.453711	0.453711	0	0	0	0	0	0	0	0	0	0	0	0	0	0	0.453711	0.453711	0	0	0.453711	0.453711	0.453711	0.453711	0	0.453711	0.453711	0	0	0.453711	0.453711	0	0	0	0	0.453711	0.453711	0	0	0.453711	0.453711	0.453711	0.453711	0	0	0	0	0	0	0	0.453711	0.453711	0	0	0	0	0	0	0	0	0	0	0	0	0.453711	0.453711	0	0	0	0	0	0.907364	0.907364	0.907364	0.907364	0.453711	0.907364	0.453711	0.907364	0.907364	0.907364	1.81427	1.3609	0.453711	0.907364	1.81427	0.907364	0.907364	0.907364	0.453711	0.907364	0.453711	0.453711	0.907364	0.907364	0.453711	0	0	0.453711	0.453711	0	0	0	0	0	0	0	0	0	0	0.453711	0.453711	0	0	0.453711	0.453711	0	0	0	0.453711	0.907364	0.453711	0	0	0.453711	0.907364	0.907364	0.453711	0	0.453711	0.453711	0.453711	0.453711	0.453711	0.907364	0.453711	0	0.453711	0.907364	0.453711	0.453711	0.453711	0.907364	1.81427	1.81427	0.907364	0.907364	1.81427	0.907364	1.3609	1.3609	0.907364	2.26742
0.453668	0	0	0	0	0.453668	0.453668	0	0	0	0	0	0	0	0	0	0	0	0	0	0	0.453668	0.453668	0	0	0	0	0	0	0.453668	0.453668	0	0	0	0	0	0	0	0	0	0	0.453668	0.453668	0	0	0	0	0	0	0	0	0	0	0	0	0	0	0	0	0	0	0	0	0	0.453668	0.453668	0	0	0	0.453668	0.453668	0.453668	0.453668	0	0	0	0	0	0.453668	0.453668	0	0	0	0	0	0	0	0.453668	0.453668	0	0	0	0	0	0	0	0.453668	0.453668	0	0.453668	0.453668	0	0	0.453668	0.453668	0	0	0	0	0	0	0	0	0	0	0	0	0	0	0.453668	0.453668	0	0	0.453668	0.453668	0.453668	0.453668	0	0.453668	0.453668	0	0	0.453668	0.453668	0	0	0	0	0.453668	0.453668	0	0	0.453668	0.453668	0.453668	0.453668	0	0	0	0	0	0	0	0.453668	0.453668	0	0	0	0	0	0	0	0	0	0	0	0	0.453668	0.453668	0	0	0	0	0	0.907278	0.907278	0.907278	0.907278	0.453668	0.907278	0.453668	0.907278	0.907278	0.907278	1.8141	1.36078	0.453668	0.907278	1.8141	0.907278	0.907278	0.907278	0.453668	0.907278	0.453668	0.453668	0.907278	0.907278	0.453668	0	0	0.453668	0.453668	0	0	0	0	0	0	0	0	0	0	0.453668	0.453668	0	0	0.453668	0.453668	0	0	0	0.453668	0.907278	0.453668	0	0	0.453668	0.907278	0.907278	0.453668	0	0.453668	0.453668	0.453668	0.453668	0.453668	0.907278	0.453668	0	0.453668	0.907278	0.453668	0.453668	0.453668	0.907278	1.8141	1.8141	0.907278	0.907278	1.8141	0.907278	1.36078	1.36078	0.907278	2.2672
0.453624	0	0	0	0	0.453624	0.453624	0	0	0	0	0	0	0	0	0	0	0	0	0	0	0.453624	0.453624	0	0	0	0	0	0	0.453624	0.453624	0	0	0	0	0	0	0	0	0	0	0.453624	0.453624	0	0	0	0	0	0	0	0	0	0	0	0	0	0	0	0	0	0	0	0	0	0.453624	0.453624	0	0	0	0.453624	0.453624	0.453624	0.453624	0	0	0	0	0	0.453624	0.453624	0	0	0	0	0	0	0	0.453624	0.453624	0	0	0	0	0	0	0	0.453624	0.453624	0	0.453624	0.453624	0	0	0.453624	0.453624	0	0	0	0	0	0	0	0	0	0	0	0	0	0	0.453624	0.453624	0	0	0.453624	0.453624	0.453624	0.453624	0	0.453624	0.453624	0	0	0.453624	0.453624	0	0	0	0	0.453624	0.453624	0	0	0.453624	0.453624	0.453624	0.453624	0	0	0	0	0	0	0	0.453624	0.453624	0	0	0	0	0	0	0	0	0	0	0	0	0.453624	0.453624	0	0	0	0	0	0.907192	0.907192	0.907192	0.907192	0.453624	0.907192	0.453624	0.907192	0.907192	0.907192	1.81393	1.36065	0.453624	0.907192	1.81393	0.907192	0.907192	0.907192	0.453624	0.907192	0.453624	0.453624	0.907192	0.907192	0.453624	0	0	0.453624	0.453624	0	0	0	0	0	0	0	0	0	0	0.453624	0.453624	0	0	0.453624	0.453624	0	0	0	0.453624	0.907192	0.453624	0	0	0.453624	0.907192	0.907192	0.453624	0	0.453624	0.453624	0.453624	0.453624	0.453624	0.907192	0.453624	0	0.453624	0.907192	0.453624	0.453624	0.453624	0.907192	1.81393	1.81393	0.907192	0.907192	1.81393	0.907192	1.36065	1.36065	0.907192	2.26699
1.65076	1.70437	1.8139	1.93051	2.15669	2.18036	1.95694	1.8139	1.8139	1.8139	1.8139	1.8139	1.70437	1.47831	1.36062	1.36062	1.36062	1.36062	1.36062	1.36062	1.25242	1.22123	1.29281	1.36062	1.36062	1.36062	1.36062	1.36062	1.36062	1.29281	1.07574	0.907178	0.907178	0.907178	1.02683	1.25242	1.36062	1.36062	1.36062	1.36062	1.36062	1.29281	1.07574	0.907178	0.907178	0.907178	0.907178	0.907178	1.02683	1.25242	1.36062	1.36062	1.36062	1.36062	1.36062	1.36062	1.36062	1.36062	1.36062	1.36062	1.36062	1.36062	1.47831	1.70437	1.73425	1.51268	1.36062	1.36062	1.36062	1.43418	1.43418	1.29281	1.07574	1.02683	1.25242	1.36062	1.36062	1.36062	1.43418	1.43418	1.36062	1.36062	1.36062	1.36062	1.47831	1.70437	1.8139	1.73425	1.51268	1.36062	1.47831	1.70437	1.8139	1.8139	1.93051	2.15669	2.18036	1.95694	1.93051	2.22695	2.31179	2.26695	2.38286	2.53419	2.4043	2.26695	2.26695	2.26695	2.38286	2.60901	2.71972	2.71972	2.71972	2.71972	2.71972	2.71972	2.71972	2.71972	2.71972	2.85314	2.98057	2.83512	2.71972	2.75717	2.75717	2.75717	2.75717	2.71972	2.85314	3.07786	3.17214	3.06116	2.98057	3.07786	3.17214	3.28714	3.51303	3.62417	3.75248	3.97738	4.19009	4.41555	4.5493	4.5493	4.5493	4.5493	4.52682	4.64088	4.86607	5.09112	5.31601	5.42723	5.54075	5.79166	5.89369	5.87646	5.98971	6.21392	6.32496	6.32496	6.32496	6.32496	6.32496	6.32496	6.21392	5.98971	5.87646	5.89369	5.89369	5.87646	5.76532	5.54075	5.42723	5.42723	5.24618	4.80017	4.48435	4.26259	3.97738	3.82001	3.6523	3.59936	3.37931	3.15999	3.14776	2.68646	2.31179	2.44135	2.7431	2.08401	1.87652	1.67392	1.57916	1.98297	1.86968	1.86968	2.0278	2.0278	1.86968	1.93051	2.15669	2.31179	2.31179	2.26695	2.38286	2.60901	2.71972	2.71972	2.71972	2.71972	2.71972	2.71972	2.71972	2.6286	2.4043	2.26695	2.26695	2.31179	2.31179	2.26695	2.26695	2.26695	2.18036	2.08401	1.86968	1.8139	1.8139	1.86968	1.87652	1.67392	1.43418	1.47831	1.79252	1.86968	1.73425	1.51268	1.43418	1.47828	1.22123	1.25242	1.43418	1.63509	1.43418	1.57916	1.79252	1.87652	2.2498	2.42544	1.98297	2.0278	2.72432	2.38283	2.48817	2.29503	2.18033	3.04845
1.6506	1.73409	1.81373	1.95675	2.18016	2.15649	1.93033	1.81373	1.81373	1.81373	1.81373	1.81373	1.73409	1.51253	1.3605	1.3605	1.3605	1.3605	1.3605	1.3605	1.29269	1.22111	1.2523	1.3605	1.3605	1.3605	1.3605	1.3605	1.3605	1.2523	1.02673	0.907092	0.907092	0.907092	1.07563	1.29269	1.3605	1.3605	1.3605	1.3605	1.3605	1.2523	1.02673	0.907092	0.907092	0.907092	0.907092	0.907092	1.07563	1.29269	1.3605	1.3605	1.3605	1.3605	1.3605	1.3605	1.3605	1.3605	1.3605	1.3605	1.3605	1.3605	1.51253	1.73409	1.70421	1.47817	1.3605	1.3605	1.3605	1.43405	1.43405	1.2523	1.02673	1.07563	1.29269	1.3605	1.3605	1.3605	1.43405	1.43405	1.3605	1.3605	1.3605	1.3605	1.51253	1.73409	1.81373	1.70421	1.47817	1.3605	1.51253	1.73409	1.81373	1.81373	1.95675	2.18016	2.15649	1.93033	1.95675	2.29484	2.31157	2.26673	2.40407	2.53395	2.38264	2.26673	2.26673	2.26673	2.40407	2.62835	2.71946	2.71946	2.71946	2.71946	2.71946	2.71946	2.71946	2.71946	2.71946	2.83485	2.98028	2.85287	2.71946	2.75691	2.75691	2.75691	2.75691	2.71946	2.83485	3.06087	3.17184	3.07756	2.98028	3.06087	3.17184	3.30237	3.52723	3.62383	3.73847	3.96414	4.20187	4.42667	4.54887	4.54887	4.54887	4.54887	4.5264	4.65141	4.87607	5.10062	5.32507	5.42672	5.54938	5.81733	5.89313	5.8759	5.9976	6.22148	6.32436	6.32436	6.32436	6.32436	6.32436	6.32436	6.22148	5.9976	5.8759	5.89313	5.89313	5.8759	5.77357	5.54938	5.42672	5.42672	5.20676	4.75706	4.44966	4.2261	3.96414	3.77928	3.65195	3.55612	3.33323	3.11068	2.94566	2.589	2.31157	2.44112	2.6087	2.00854	1.79235	1.57901	1.67376	2.10828	1.8695	1.8695	2.02761	2.02761	1.8695	1.95675	2.18016	2.31157	2.31157	2.26673	2.40407	2.62835	2.71946	2.71946	2.71946	2.71946	2.71946	2.71946	2.71946	2.60877	2.38264	2.26673	2.26673	2.31157	2.31157	2.26673	2.26673	2.26673	2.15649	2.00854	1.8695	1.81373	1.81373	1.8695	1.79235	1.57901	1.43405	1.51253	1.87634	1.8695	1.70421	1.47817	1.43405	1.36989	1.22111	1.29269	1.43405	1.63494	1.43405	1.67376	1.87634	1.79235	2.08376	2.60863	2.10828	2.02761	2.88846	2.48794	2.3826	2.18012	2.29481	3.04816
0.453495	0.453495	0	0.453495	0.453495	0	0	0	0	0	0	0	0.453495	0.453495	0	0	0	0	0	0	0.453495	0.453495	0	0	0	0	0	0	0	0	0	0	0	0	0.453495	0.453495	0	0	0	0	0	0	0	0	0	0	0	0	0.453495	0.453495	0	0	0	0	0	0	0	0	0	0	0	0	0.453495	0.453495	0	0	0	0	0	0.453495	0.453495	0	0	0.453495	0.453495	0	0	0	0.453495	0.453495	0	0	0	0	0.453495	0.453495	0	0	0	0	0.453495	0.453495	0	0	0.453495	0.453495	0	0	0.453495	0.906934	0.453495	0	0.453495	0.453495	0	0	0	0	0.453495	0.453495	0	0	0	0	0	0	0	0	0	0	0.453495	0.453495	0	0.453495	0.453495	0.453495	0.453495	0	0	0	0	0.453495	0.453495	0	0	0.453495	0.453495	0	0	0	0.453495	0.453495	0.453495	0.453495	0.453495	0.453495	0	0.453495	0.453495	0.453495	0.453495	0	0.453495	0.906934	0.453495	0	0.453495	0.453495	0	0	0	0	0	0	0.453495	0.453495	0	0.453495	0.453495	0	0.453495	0.453495	0	0	0	0	0.453495	0.453495	0	0.453495	0.453495	0.453495	0.453495	0.453495	0.906934	0.906934	0.453495	0.906934	1.36026	0.453495	0.453495	0.453495	0.906934	1.36026	0.453495	0.453495	0.906934	0.906934	0.453495	0.453495	0.453495	0.453495	0.453495	0	0.453495	0.453495	0	0	0	0	0	0	0	0	0	0	0	0.453495	0.453495	0	0	0	0	0.453495	0.453495	0	0	0.453495	0.453495	0.453495	0.453495	0.453495	0.906934	0.453495	0	0	0.453495	0.453495	0.453495	0.453495	0.453495	0.906934	0.453495	0.906934	0.906934	0.453495	1.36026	2.26634	1.36026	0.906934	2.26634	1.36026	0.906934	0.906934	1.36026	2.26634
0.453452	0.453452	0	0.453452	0.453452	0	0	0	0	0	0	0	0.453452	0.453452	0	0	0	0	0	0	0.453452	0.453452	0	0	0	0	0	0	0	0	0	0	0	0	0.453452	0.453452	0	0	0	0	0	0	0	0	0	0	0	0	0.453452	0.453452	0	0	0	0	0	0	0	0	0	0	0	0	0.453452	0.453452	0	0	0	0	0	0.453452	0.453452	0	0	0.453452	0.453452	0	0	0	0.453452	0.453452	0	0	0	0	0.453452	0.453452	0	0	0	0	0.453452	0.453452	0	0	0.453452	0.453452	0	0	0.453452	0.906847	0.453452	0	0.453452	0.453452	0	0	0	0	0.453452	0.453452	0	0	0	0	0	0	0	0	0	0	0.453452	0.453452	0	0.453452	0.453452	0.453452	0.453452	0	0	0	0	0.453452	0.453452	0	0	0.453452	0.453452	0	0	0	0.453452	0.453452	0.453452	0.453452	0.453452	0.453452	0	0.453452	0.453452	0.453452	0.453452	0	0.453452	0.906847	0.453452	0	0.453452	0.453452	0	0	0	0	0	0	0.453452	0.453452	0	0.453452	0.453452	0	0.453452	0.453452	0	0	0	0	0.453452	0.453452	0	0.453452	0.453452	0.453452	0.453452	0.453452	0.906847	0.906847	0.453452	0.906847	1.36013	0.453452	0.453452	0.453452	0.906847	1.36013	0.453452	0.453452	0.906847	0.906847	0.453452	0.453452	0.453452	0.453452	0.453452	0	0.453452	0.453452	0	0	0	0	0	0	0	0	0	0	0	0.453452	0.453452	0	0	0	0	0.453452	0.453452	0	0	0.453452	0.453452	0.453452	0.453452	0.453452	0.906847	0.453452	0	0	0.453452	0.453452	0.453452	0.453452	0.453452	0.906847	0.453452	0.906847	0.906847	0.453452	1.36013	2.26613	1.36013	0.906847	2.26613	1.36013	0.906847	0.906847	1.36013	2.26613
0.453409	0.453409	0	0.453409	0.453409	0	0	0	0	0	0	0	0.453409	0.453409	0	0	0	0	0	0	0.453409	0.453409	0	0	0	0	0	0	0	0	0	0	0	0	0.453409	0.453409	0	0	0	0	0	0	0	0	0	0	0	0	0.453409	0.453409	0	0	0	0	0	0	0	0	0	0	0	0	0.453409	0.453409	0	0	0	0	0	0.453409	0.453409	0	0	0.453409	0.453409	0	0	0	0.453409	0.453409	0	0	0	0	0.453409	0.453409	0	0	0	0	0.453409	0.453409	0	0	0.453409	0.453409	0	0	0.453409	0.906761	0.453409	0	0.453409	0.453409	0	0	0	0	0.453409	0.453409	0	0	0	0	0	0	0	0	0	0	0.453409	0.453409	0	0.453409	0.453409	0.453409	0.453409	0	0	0	0	0.453409	0.453409	0	0	0.453409	0.453409	0	0	0	0.453409	0.453409	0.453409	0.453409	0.453409	0.453409	0	0.453409	0.453409	0.453409	0.453409	0	0.453409	0.906761	0.453409	0	0.453409	0.453409	0	0	0	0	0	0	0.453409	0.453409	0	0.453409	0.453409	0	0.453409	0.453409	0	0	0	0	0.453409	0.453409	0	0.453409	0.453409	0.453409	0.453409	0.453409	0.906761	0.906761	0.453409	0.906761	1.36	0.453409	0.453409	0.453409	0.906761	1.36	0.453409	0.453409	0.906761	0.906761	0.453409	0.453409	0.453409	0.453409	0.453409	0	0.453409	0.453409	0	0	0	0	0	0	0	0	0	0	0	0.453409	0.453409	0	0	0	0	0.453409	0.453409	0	0	0.453409	0.453409	0.453409	0.453409	0.453409	0.906761	0.453409	0	0	0.453409	0.453409	0.453409	0.453409	0.453409	0.906761	0.453409	0.906761	0.906761	0.453409	1.36	2.26591	1.36	0.906761	2.26591	1.36	0.906761	0.906761	1.36	2.26591
0.453366	0.453366	0	0.453366	0.453366	0	0	0	0	0	0	0	0.453366	0.453366	0	0	0	0	0	0	0.453366	0.453366	0	0	0	0	0	0	0	0	0	0	0	0	0.453366	0.453366	0	0	0	0	0	0	0	0	0	0	0	0	0.453366	0.453366	0	0	0	0	0	0	0	0	0	0	0	0	0.453366	0.453366	0	0	0	0	0	0.453366	0.453366	0	0	0.453366	0.453366	0	0	0	0.453366	0.453366	0	0	0	0	0.453366	0.453366	0	0	0	0	0.453366	0.453366	0	0	0.453366	0.453366	0	0	0.453366	0.906675	0.453366	0	0.453366	0.453366	0	0	0	0	0.453366	0.453366	0	0	0	0	0	0	0	0	0	0	0.453366	0.453366	0	0.453366	0.453366	0.453366	0.453366	0	0	0	0	0.453366	0.453366	0	0	0.453366	0.453366	0	0	0	0.453366	0.453366	0.453366	0.453366	0.453366	0.453366	0	0.453366	0.453366	0.453366	0.453366	0	0.453366	0.906675	0.453366	0	0.453366	0.453366	0	0	0	0	0	0	0.453366	0.453366	0	0.453366	0.453366	0	0.453366	0.453366	0	0	0	0	0.453366	0.453366	0	0.453366	0.453366	0.453366	0.453366	0.453366	0.906675	0.906675	0.453366	0.906675	1.35987	0.453366	0.453366	0.453366	0.906675	1.35987	0.453366	0.453366	0.906675	0.906675	0.453366	0.453366	0.453366	0.453366	0.453366	0	0.453366	0.453366	0	0	0	0	0	0	0	0	0	0	0	0.453366	0.453366	0	0	0	0	0.453366	0.453366	0	0	0.453366	0.453366	0.453366	0.453366	0.453366	0.906675	0.453366	0	0	0.453366	0.453366	0.453366	0.453366	0.453366	0.906675	0.453366	0.906675	0.906675	0.453366	1.35987	2.2657	1.35987	0.906675	2.2657	1.35987	0.906675	0.906675	1.35987	2.2657
0.453323	0.453323	0	0.453323	0.453323	0	0	0	0	0	0	0	0.453323	0.453323	0	0	0	0	0	0	0.453323	0.453323	0	0	0	0	0	0	0	0	0	0	0	0	0.453323	0.453323	0	0	0	0	0	0	0	0	0	0	0	0	0.453323	0.453323	0	0	0	0	0	0	0	0	0	0	0	0	0.453323	0.453323	0	0	0	0	0	0.453323	0.453323	0	0	0.453323	0.453323	0	0	0	0.453323	0.453323	0	0	0	0	0.453323	0.453323	0	0	0	0	0.453323	0.453323	0	0	0.453323	0.453323	0	0	0.453323	0.906589	0.453323	0	0.453323	0.453323	0	0	0	0	0.453323	0.453323	0	0	0	0	0	0	0	0	0	0	0.453323	0.453323	0	0.453323	0.453323	0.453323	0.453323	0	0	0	0	0.453323	0.453323	0	0	0.453323	0.453323	0	0	0	0.453323	0.453323	0.453323	0.453323	0.453323	0.453323	0	0.453323	0.453323	0.453323	0.453323	0	0.453323	0.906589	0.453323	0	0.453323	0.453323	0	0	0	0	0	0	0.453323	0.453323	0	0.453323	0.453323	0	0.453323	0.453323	0	0	0	0	0.453323	0.453323	0	0.453323	0.453323	0.453323	0.453323	0.453323	0.906589	0.906589	0.453323	0.906589	1.35974	0.453323	0.453323	0.453323	0.906589	1.35974	0.453323	0.453323	0.906589	0.906589	0.453323	0.453323	0.453323	0.453323	0.453323	0	0.453323	0.453323	0	0	0	0	0	0	0	0	0	0	0	0.453323	0.453323	0	0	0	0	0.453323	0.453323	0	0	0.453323	0.453323	0.453323	0.453323	0.453323	0.906589	0.453323	0	0	0.453323	0.453323	0.453323	0.453323	0.453323	0.906589	0.453323	0.906589	0.906589	0.453323	1.35974	2.26548	1.35974	0.906589	2.26548	1.35974	0.906589	0.906589	1.35974	2.26548
0.45328	0.45328	0	0.45328	0.45328	0	0	0	0	0	0	0	0.45328	0.45328	0	0	0	0	0	0	0.45328	0.45328	0	0	0	0	0	0	0	0	0	0	0	0	0.45328	0.45328	0	0	0	0	0	0	0	0	0	0	0	0	0.45328	0.45328	0	0	0	0	0	0	0	0	0	0	0	0	0.45328	0.45328	0	0	0	0	0	0.45328	0.45328	0	0	0.45328	0.45328	0	0	0	0.45328	0.45328	0	0	0	0	0.45328	0.45328	0	0	0	0	0.45328	0.45328	0	0	0.45328	0.45328	0	0	0.45328	0.906503	0.45328	0	0.45328	0.45328	0	0	0	0	0.45328	0.45328	0	0	0	0	0	0	0	0	0	0	0.45328	0.45328	0	0.45328	0.45328	0.45328	0.45328	0	0	0	0	0.45328	0.45328	0	0	0.45328	0.45328	0	0	0	0.45328	0.45328	0.45328	0.45328	0.45328	0.45328	0	0.45328	0.45328	0.45328	0.45328	0	0.45328	0.906503	0.45328	0	0.45328	0.45328	0	0	0	0	0	0	0.45328	0.45328	0	0.45328	0.45328	0	0.45328	0.45328	0	0	0	0	0.45328	0.45328	0	0.45328	0.45328	0.45328	0.45328	0.45328	0.906503	0.906503	0.45328	0.906503	1.35961	0.45328	0.45328	0.45328	0.906503	1.35961	0.45328	0.45328	0.906503	0.906503	0.45328	0.45328	0.45328	0.45328	0.45328	0	0.45328	0.45328	0	0	0	0	0	0	0	0	0	0	0	0.45328	0.45328	0	0	0	0	0.45328	0.45328	0	0	0.45328	0.45328	0.45328	0.45328	0.45328	0.906503	0.45328	0	0	0.45328	0.45328	0.45328	0.45328	0.45328	0.906503	0.45328	0.906503	0.906503	0.45328	1.35961	2.26527	1.35961	0.906503	2.26527	1.35961	0.906503	0.906503	1.35961	2.26527
0.453237	0.453237	0	0.453237	0.453237	0	0	0	0	0	0	0	0.453237	0.453237	0	0	0	0	0	0	0.453237	0.453237	0	0	0	0	0	0	0	0	0	0	0	0	0.453237	0.453237	0	0	0	0	0	0	0	0	0	0	0	0	0.453237	0.453237	0	0	0	0	0	0	0	0	0	0	0	0	0.453237	0.453237	0	0	0	0	0	0.453237	0.453237	0	0	0.453237	0.453237	0	0	0	0.453237	0.453237	0	0	0	0	0.453237	0.453237	0	0	0	0	0.453237	0.453237	0	0	0.453237	0.453237	0	0	0.453237	0.906417	0.453237	0	0.453237	0.453237	0	0	0	0	0.453237	0.453237	0	0	0	0	0	0	0	0	0	0	0.453237	0.453237	0	0.453237	0.453237	0.453237	0.453237	0	0	0	0	0.453237	0.453237	0	0	0.453237	0.453237	0	0	0	0.453237	0.453237	0.453237	0.453237	0.453237	0.453237	0	0.453237	0.453237	0.453237	0.453237	0	0.453237	0.906417	0.453237	0	0.453237	0.453237	0	0	0	0	0	0	0.453237	0.453237	0	0.453237	0.453237	0	0.453237	0.453237	0	0	0	0	0.453237	0.453237	0	0.453237	0.453237	0.453237	0.453237	0.453237	0.906417	0.906417	0.453237	0.906417	1.35948	0.453237	0.453237	0.453237	0.906417	1.35948	0.453237	0.453237	0.906417	0.906417	0.453237	0.453237	0.453237	0.453237	0.453237	0	0.453237	0.453237	0	0	0	0	0	0	0	0	0	0	0	0.453237	0.453237	0	0	0	0	0.453237	0.453237	0	0	0.453237	0.453237	0.453237	0.453237	0.453237	0.906417	0.453237	0	0	0.453237	0.453237	0.453237	0.453237	0.453237	0.906417	0.453237	0.906417	0.906417	0.453237	1.35948	2.26505	1.35948	0.906417	2.26505	1.35948	0.906417	0.906417	1.35948	2.26505
0.453194	0.453194	0	0.453194	0.453194	0	0	0	0	0	0	0	0.453194	0.453194	0	0	0	0	0	0	0.453194	0.453194	0	0	0	0	0	0	0	0	0	0	0	0	0.453194	0.453194	0	0	0	0	0	0	0	0	0	0	0	0	0.453194	0.453194	0	0	0	0	0	0	0	0	0	0	0	0	0.453194	0.453194	0	0	0	0	0	0.453194	0.453194	0	0	0.453194	0.453194	0	0	0	0.453194	0.453194	0	0	0	0	0.453194	0.453194	0	0	0	0	0.453194	0.453194	0	0	0.453194	0.453194	0	0	0.453194	0.906331	0.453194	0	0.453194	0.453194	0	0	0	0	0.453194	0.453194	0	0	0	0	0	0	0	0	0	0	0.453194	0.453194	0	0.453194	0.453194	0.453194	0.453194	0	0	0	0	0.453194	0.453194	0	0	0.453194	0.453194	0	0	0	0.453194	0.453194	0.453194	0.453194	0.453194	0.453194	0	0.453194	0.453194	0.453194	0.453194	0	0.453194	0.906331	0.453194	0	0.453194	0.453194	0	0	0	0	0	0	0.453194	0.453194	0	0.453194	0.453194	0	0.453194	0.453194	0	0	0	0	0.453194	0.453194	0	0.453194	0.453194	0.453194	0.453194	0.453194	0.906331	0.906331	0.453194	0.906331	1.35935	0.453194	0.453194	0.453194	0.906331	1.35935	0.453194	0.453194	0.906331	0.906331	0.453194	0.453194	0.453194	0.453194	0.453194	0	0.453194	0.453194	0	0	0	0	0	0	0	0	0	0	0	0.453194	0.453194	0	0	0	0	0.453194	0.453194	0	0	0.453194	0.453194	0.453194	0.453194	0.453194	0.906331	0.453194	0	0	0.453194	0.453194	0.453194	0.453194	0.453194	0.906331	0.453194	0.906331	0.906331	0.453194	1.35935	2.26484	1.35935	0.906331	2.26484	1.35935	0.906331	0.906331	1.35935	2.26484
0.453151	0.453151	0	0.453151	0.453151	0	0	0	0	0	0	0	0.453151	0.453151	0	0	0	0	0	0	0.453151	0.453151	0	0	0	0	0	0	0	0	0	0	0	0	0.453151	0.453151	0	0	0	0	0	0	0	0	0	0	0	0	0.453151	0.453151	0	0	0	0	0	0	0	0	0	0	0	0	0.453151	0.453151	0	0	0	0	0	0.453151	0.453151	0	0	0.453151	0.453151	0	0	0	0.453151	0.453151	0	0	0	0	0.453151	0.453151	0	0	0	0	0.453151	0.453151	0	0	0.453151	0.453151	0	0	0.453151	0.906245	0.453151	0	0.453151	0.453151	0	0	0	0	0.453151	0.453151	0	0	0	0	0	0	0	0	0	0	0.453151	0.453151	0	0.453151	0.453151	0.453151	0.453151	0	0	0	0	0.453151	0.453151	0	0	0.453151	0.453151	0	0	0	0.453151	0.453151	0.453151	0.453151	0.453151	0.453151	0	0.453151	0.453151	0.453151	0.453151	0	0.453151	0.906245	0.453151	0	0.453151	0.453151	0	0	0	0	0	0	0.453151	0.453151	0	0.453151	0.453151	0	0.453151	0.453151	0	0	0	0	0.453151	0.453151	0	0.453151	0.453151	0.453151	0.453151	0.453151	0.906245	0.906245	0.453151	0.906245	1.35923	0.453151	0.453151	0.453151	0.906245	1.35923	0.453151	0.453151	0.906245	0.906245	0.453151	0.453151	0.453151	0.453151	0.453151	0	0.453151	0.453151	0	0	0	0	0	0	0	0	0	0	0	0.453151	0.453151	0	0	0	0	0.453151	0.453151	0	0	0.453151	0.453151	0.453151	0.453151	0.453151	0.906245	0.453151	0	0	0.453151	0.453151	0.453151	0.453151	0.453151	0.906245	0.453151	0.906245	0.906245	0.453151	1.35923	2.26462	1.35923	0.906245	2.26462	1.35923	0.906245	0.906245	1.35923	2.26462
2.17806	1.95487	1.92847	2.08797	1.95487	1.81198	1.81198	1.81198	1.81198	1.81198	1.81198	1.70257	1.64901	1.73242	1.81198	1.81198	1.81198	1.70257	1.47675	1.35918	1.51108	1.73242	1.81198	1.81198	1.81198	1.81198	1.70257	1.47675	1.35918	1.35918	1.35918	1.35918	1.35918	1.35918	1.29144	1.0746	0.906216	0.906216	1.02574	1.25109	1.35918	1.35918	1.35918	1.35918	1.35918	1.35918	1.35918	1.35918	1.29144	1.0746	0.906216	0.906216	0.906216	1.02574	1.25109	1.35918	1.35918	1.35918	1.35918	1.35918	1.35918	1.47675	1.64901	1.51108	1.47675	1.70257	1.81198	1.81198	1.81198	1.8677	1.8677	1.81198	1.81198	1.73242	1.51108	1.47675	1.70257	1.81198	1.73242	1.51108	1.47675	1.70257	1.81198	1.81198	1.8677	1.8677	1.81198	1.81198	1.81198	1.92847	2.08797	1.95487	1.81198	1.92847	2.2246	2.30934	2.26455	2.26455	2.30934	2.29264	1.95487	1.92847	2.2246	2.30934	2.26455	2.38034	2.60625	2.71684	2.62582	2.40176	2.38034	2.60625	2.71684	2.71684	2.71684	2.71684	2.71684	2.71684	2.71684	2.71684	2.75425	2.75425	2.71684	2.85013	3.0746	3.29919	3.42458	3.28366	3.16879	3.16879	3.16879	3.29919	3.52384	3.73487	3.96033	3.97318	3.74851	3.73487	4.0777	4.41089	4.42242	4.19783	4.22204	4.44539	4.66879	4.89221	5.08575	5.339	5.44019	5.44019	5.44019	5.53491	5.90894	6.28825	6.33427	6.31831	6.33427	6.33427	6.31831	6.31831	6.31831	6.43118	6.65478	6.65478	6.55744	6.66235	6.76557	6.78045	6.78045	6.65478	6.45468	6.33427	6.20739	5.98341	5.65046	5.20176	4.75249	4.30274	3.96033	3.62739	3.29919	3.0746	2.85013	2.62582	2.36414	2.08181	1.8677	1.72499	1.76171	1.36857	1.43267	1.43267	1.47672	1.60962	1.01315	1.16618	1.60964	1.7906	1.79062	1.8677	1.8677	1.8677	1.8677	1.81198	1.73242	1.64901	1.70257	1.81198	1.81198	1.81198	1.81198	1.81198	1.81198	1.81198	1.81198	1.81198	1.81198	1.8677	1.8677	1.81198	1.81198	1.81198	1.81198	1.73242	1.51108	1.47675	1.70257	1.8677	2.00661	2.08797	1.95487	1.8677	2.02566	1.8677	1.92847	2.15441	2.30934	2.44403	2.66452	2.75425	2.75425	3.00731	3.10768	3.15665	2.9385	2.8858	3.39081	3.73479	3.09116	2.86354	3.37566	2.68363	2.43877	2.43877	2.64036	3.20079
2.1542	1.92829	1.95468	2.08777	1.92829	1.81181	1.81181	1.81181	1.81181	1.81181	1.81181	1.73225	1.64886	1.70241	1.81181	1.81181	1.81181	1.73225	1.51093	1.35905	1.47661	1.70241	1.81181	1.81181	1.81181	1.81181	1.73225	1.51093	1.35905	1.35905	1.35905	1.35905	1.35905	1.35905	1.25097	1.02565	0.90613	0.90613	1.0745	1.29132	1.35905	1.35905	1.35905	1.35905	1.35905	1.35905	1.35905	1.35905	1.25097	1.02565	0.90613	0.90613	0.90613	1.0745	1.29132	1.35905	1.35905	1.35905	1.35905	1.35905	1.35905	1.51093	1.64886	1.47661	1.51093	1.73225	1.81181	1.81181	1.81181	1.86752	1.86752	1.81181	1.81181	1.70241	1.47661	1.51093	1.73225	1.81181	1.70241	1.47661	1.51093	1.73225	1.81181	1.81181	1.86752	1.86752	1.81181	1.81181	1.81181	1.95468	2.08777	1.92829	1.81181	1.95468	2.29242	2.30912	2.26434	2.26434	2.30912	2.22439	1.92829	1.95468	2.29242	2.30912	2.26434	2.40153	2.62557	2.71658	2.606	2.38012	2.40153	2.62557	2.71658	2.71658	2.71658	2.71658	2.71658	2.71658	2.71658	2.71658	2.75399	2.75399	2.71658	2.83185	3.05764	3.28335	3.42426	3.29887	3.16849	3.16849	3.16849	3.28335	3.50898	3.74816	3.97281	3.95995	3.73452	3.74816	4.12702	4.422	4.41047	4.18527	4.25769	4.47919	4.70092	4.92282	5.09525	5.36692	5.43968	5.43968	5.43968	5.54354	5.97649	6.32768	6.33368	6.31771	6.33368	6.33368	6.31771	6.31771	6.31771	6.43842	6.66172	6.66172	6.55682	6.65415	6.76493	6.77981	6.77981	6.66172	6.47748	6.33368	6.21494	5.99129	5.68568	5.24016	4.75205	4.30233	3.97281	3.62704	3.28335	3.05764	2.83185	2.606	2.27562	2.00642	1.86752	1.60154	1.60949	1.47658	1.43253	1.43253	1.36844	1.44142	1.01305	1.29129	1.76155	1.92824	1.87436	1.86752	1.86752	1.86752	1.86752	1.81181	1.70241	1.64886	1.73225	1.81181	1.81181	1.81181	1.81181	1.81181	1.81181	1.81181	1.81181	1.81181	1.81181	1.86752	1.86752	1.81181	1.81181	1.81181	1.81181	1.70241	1.47661	1.51093	1.73225	1.86752	2.08161	2.08777	1.92829	1.86752	2.02547	1.86752	1.95468	2.17785	2.30912	2.50585	2.72127	2.75399	2.75399	3.09087	3.15635	3.10739	2.88553	2.93822	3.49434	3.60934	3.00703	2.86327	3.23625	2.58626	2.43854	2.43854	2.64011	3.20049
0	0	0.453022	0.453022	0	0	0	0	0	0	0	0.453022	0.453022	0	0	0	0	0.453022	0.453022	0	0	0	0	0	0	0	0.453022	0.453022	0	0	0	0	0	0	0	0	0	0	0.453022	0.453022	0	0	0	0	0	0	0	0	0	0	0	0	0	0.453022	0.453022	0	0	0	0	0	0	0.453022	0.453022	0	0.453022	0.453022	0	0	0	0.453022	0.453022	0	0	0	0	0.453022	0.453022	0	0	0	0.453022	0.453022	0	0	0.453022	0.453022	0	0	0	0.453022	0.453022	0	0	0.453022	0.905987	0.453022	0	0	0.453022	0.453022	0	0.453022	0.905987	0.453022	0	0.453022	0.453022	0	0	0	0.453022	0.453022	0	0	0	0	0	0	0	0	0.453022	0.453022	0	0	0	0	0.453022	0.453022	0	0	0	0	0	0.453022	0.453022	0	0	0.453022	0.905987	0.453022	0	0	0.905987	0.905987	0.905987	0.905987	0.453022	0.905987	0.453022	0.453022	0.453022	0.453022	1.35884	1.35884	0.453022	0	0.453022	0.453022	0	0	0	0.453022	0.453022	0.453022	0.453022	0	0	0.453022	0.453022	0.453022	0.905987	0.453022	0.453022	0.453022	0.905987	0.905987	0.453022	0.453022	0.453022	0.453022	0	0	0	0	0	0.453022	0.453022	0	0.905987	0.905987	0.453022	0.453022	0.453022	0.905987	0.453022	0.905987	1.35884	1.35884	0.905987	0.453022	0.453022	0.453022	0.453022	0	0	0.453022	0.453022	0	0	0	0	0	0	0	0	0	0	0.453022	0.453022	0	0	0	0	0	0	0.453022	0.453022	0.453022	0.905987	0.453022	0	0.453022	0.905987	0.453022	0.453022	0.453022	0.453022	0.905987	0.905987	0.453022	0.453022	1.35884	0.905987	0.453022	0.453022	0.905987	1.81152	1.81152	0.905987	0.905987	1.81152	0.905987	0.905987	0.905987	1.35884	2.26398
0	0	0.452979	0.452979	0	0	0	0	0	0	0	0.452979	0.452979	0	0	0	0	0.452979	0.452979	0	0	0	0	0	0	0	0.452979	0.452979	0	0	0	0	0	0	0	0	0	0	0.452979	0.452979	0	0	0	0	0	0	0	0	0	0	0	0	0	0.452979	0.452979	0	0	0	0	0	0	0.452979	0.452979	0	0.452979	0.452979	0	0	0	0.452979	0.452979	0	0	0	0	0.452979	0.452979	0	0	0	0.452979	0.452979	0	0	0.452979	0.452979	0	0	0	0.452979	0.452979	0	0	0.452979	0.905901	0.452979	0	0	0.452979	0.452979	0	0.452979	0.905901	0.452979	0	0.452979	0.452979	0	0	0	0.452979	0.452979	0	0	0	0	0	0	0	0	0.452979	0.452979	0	0	0	0	0.452979	0.452979	0	0	0	0	0	0.452979	0.452979	0	0	0.452979	0.905901	0.452979	0	0	0.905901	0.905901	0.905901	0.905901	0.452979	0.905901	0.452979	0.452979	0.452979	0.452979	1.35871	1.35871	0.452979	0	0.452979	0.452979	0	0	0	0.452979	0.452979	0.452979	0.452979	0	0	0.452979	0.452979	0.452979	0.905901	0.452979	0.452979	0.452979	0.905901	0.905901	0.452979	0.452979	0.452979	0.452979	0	0	0	0	0	0.452979	0.452979	0	0.905901	0.905901	0.452979	0.452979	0.452979	0.905901	0.452979	0.905901	1.35871	1.35871	0.905901	0.452979	0.452979	0.452979	0.452979	0	0	0.452979	0.452979	0	0	0	0	0	0	0	0	0	0	0.452979	0.452979	0	0	0	0	0	0	0.452979	0.452979	0.452979	0.905901	0.452979	0	0.452979	0.905901	0.452979	0.452979	0.452979	0.452979	0.905901	0.905901	0.452979	0.452979	1.35871	0.905901	0.452979	0.452979	0.905901	1.81135	1.81135	0.905901	0.905901	1.81135	0.905901	0.905901	0.905901	1.35871	2.26376
0	0	0.452936	0.452936	0	0	0	0	0	0	0	0.452936	0.452936	0	0	0	0	0.452936	0.452936	0	0	0	0	0	0	0	0.452936	0.452936	0	0	0	0	0	0	0	0	0	0	0.452936	0.452936	0	0	0	0	0	0	0	0	0	0	0	0	0	0.452936	0.452936	0	0	0	0	0	0	0.452936	0.452936	0	0.452936	0.452936	0	0	0	0.452936	0.452936	0	0	0	0	0.452936	0.452936	0	0	0	0.452936	0.452936	0	0	0.452936	0.452936	0	0	0	0.452936	0.452936	0	0	0.452936	0.905815	0.452936	0	0	0.452936	0.452936	0	0.452936	0.905815	0.452936	0	0.452936	0.452936	0	0	0	0.452936	0.452936	0	0	0	0	0	0	0	0	0.452936	0.452936	0	0	0	0	0.452936	0.452936	0	0	0	0	0	0.452936	0.452936	0	0	0.452936	0.905815	0.452936	0	0	0.905815	0.905815	0.905815	0.905815	0.452936	0.905815	0.452936	0.452936	0.452936	0.452936	1.35858	1.35858	0.452936	0	0.452936	0.452936	0	0	0	0.452936	0.452936	0.452936	0.452936	0	0	0.452936	0.452936	0.452936	0.905815	0.452936	0.452936	0.452936	0.905815	0.905815	0.452936	0.452936	0.452936	0.452936	0	0	0	0	0	0.452936	0.452936	0	0.905815	0.905815	0.452936	0.452936	0.452936	0.905815	0.452936	0.905815	1.35858	1.35858	0.905815	0.452936	0.452936	0.452936	0.452936	0	0	0.452936	0.452936	0	0	0	0	0	0	0	0	0	0	0.452936	0.452936	0	0	0	0	0	0	0.452936	0.452936	0.452936	0.905815	0.452936	0	0.452936	0.905815	0.452936	0.452936	0.452936	0.452936	0.905815	0.905815	0.452936	0.452936	1.35858	0.905815	0.452936	0.452936	0.905815	1.81118	1.81118	0.905815	0.905815	1.81118	0.905815	0.905815	0.905815	1.35858	2.26355
2.37921	2.60502	2.62457	2.40062	2.26348	2.26348	2.26348	2.26348	2.15339	1.92756	1.81112	1.95394	2.17702	2.26348	2.15339	1.92756	1.81112	1.95394	2.08698	1.92756	1.81112	1.81112	1.81112	1.70176	1.47605	1.35854	1.43199	1.43199	1.35854	1.35854	1.35854	1.35854	1.35854	1.35854	1.35854	1.35854	1.35854	1.35854	1.29083	1.07409	0.905787	1.02526	1.2505	1.35854	1.35854	1.35854	1.35854	1.35854	1.35854	1.35854	1.35854	1.35854	1.47605	1.64823	1.51036	1.35854	1.35854	1.35854	1.47605	1.70176	1.81112	1.86681	1.86681	1.81112	1.7316	1.51036	1.47605	1.70176	1.81112	1.86681	1.86681	1.81112	1.81112	1.92756	2.15339	2.17702	1.95394	1.81112	1.81112	1.81112	1.86681	1.86681	1.81112	1.81112	1.7316	1.64823	1.70176	1.81112	1.81112	1.86681	2.00566	2.15339	2.26348	2.30825	2.29155	1.95394	1.92756	2.15339	2.30825	2.30825	2.26348	2.30825	2.29155	2.08698	2.15339	2.30825	2.30825	2.26348	2.37921	2.60502	2.62457	2.53031	2.60502	2.71555	2.71555	2.71555	2.71555	2.71555	2.71555	2.71555	2.84878	3.07315	3.16729	3.16729	3.16729	3.16729	3.29763	3.52217	3.61863	3.61863	3.61863	3.61863	3.7331	3.87056	3.74674	3.7331	3.95845	4.09448	4.16844	4.09448	4.18369	4.40881	4.60903	4.60903	4.60903	4.60903	4.54236	4.74221	4.8899	4.99013	4.99013	5.11321	5.36725	5.2309	4.99013	5.08335	5.21392	5.09332	5.08335	5.30791	5.5323	5.66123	5.54145	5.54145	5.76531	5.86751	5.86751	5.88472	5.88472	5.88472	5.84374	5.5597	5.43763	5.43763	5.2309	4.57858	3.99688	3.77386	3.64671	3.55102	3.28211	3.05648	2.83078	2.60502	2.27475	1.8252	1.51036	1.35854	1.47602	1.2908	0.862281	0.660215	0.640494	1.01263	0.640494	1.01263	1.43191	1.43191	1.01263	0.640494	0.640494	0.640494	0.640494	0.452922	0.577355	0.816462	0.816462	0.800623	0.905787	0.905787	0.905787	1.02526	1.2505	1.35854	1.35854	1.35854	1.47605	1.64823	1.51036	1.35854	1.35854	1.35854	1.35854	1.47605	1.70176	1.86681	1.86681	1.86681	2.0247	2.00566	2.15339	2.30825	2.43762	2.30825	2.44287	2.66326	2.75295	2.86219	3.00589	3.10621	3.19937	3.2976	2.9371	2.75295	2.75295	2.86219	3.26254	3.10616	2.5049	2.58528	3.23502	2.86219	2.86219	2.86219	3.03547	3.53293
2.40039	2.62433	2.60477	2.37899	2.26326	2.26326	2.26326	2.26326	2.17682	1.95375	1.81095	1.92737	2.15318	2.26326	2.17682	1.95375	1.81095	1.92737	2.08678	1.95375	1.81095	1.81095	1.81095	1.73143	1.51022	1.35841	1.43185	1.43185	1.35841	1.35841	1.35841	1.35841	1.35841	1.35841	1.35841	1.35841	1.35841	1.35841	1.25038	1.02516	0.905701	1.07399	1.29071	1.35841	1.35841	1.35841	1.35841	1.35841	1.35841	1.35841	1.35841	1.35841	1.51022	1.64808	1.47591	1.35841	1.35841	1.35841	1.51022	1.73143	1.81095	1.86664	1.86664	1.81095	1.7016	1.47591	1.51022	1.73143	1.81095	1.86664	1.86664	1.81095	1.81095	1.95375	2.17682	2.15318	1.92737	1.81095	1.81095	1.81095	1.86664	1.86664	1.81095	1.81095	1.7016	1.64808	1.73143	1.81095	1.81095	1.86664	2.08063	2.17682	2.26326	2.30803	2.22333	1.92737	1.95375	2.17682	2.30803	2.30803	2.26326	2.30803	2.22333	2.08678	2.17682	2.30803	2.30803	2.26326	2.40039	2.62433	2.60477	2.53007	2.62433	2.71529	2.71529	2.71529	2.71529	2.71529	2.71529	2.71529	2.83051	3.05619	3.16699	3.16699	3.16699	3.16699	3.2818	3.50732	3.61829	3.61829	3.61829	3.61829	3.74638	3.8702	3.73275	3.74638	3.97093	4.09409	4.16804	4.09409	4.19545	4.41991	4.60859	4.60859	4.60859	4.60859	4.54193	4.79503	4.9205	4.98966	4.98966	5.14241	5.36674	5.18171	4.98966	5.09284	5.21343	5.08287	5.09284	5.31695	5.54093	5.6607	5.53178	5.53178	5.75599	5.86695	5.86695	5.88416	5.88416	5.88416	5.8863	5.58643	5.43711	5.43711	5.43008	4.80558	4.03456	3.81381	3.64637	3.59352	3.29731	3.07286	2.84851	2.62433	2.36279	1.82503	1.47591	1.35841	1.36779	1.16551	0.800548	0.5773	0.640434	1.01253	0.640434	1.01253	1.43178	1.43178	1.01253	0.640434	0.640434	0.640434	0.640434	0.452879	0.660152	0.816384	0.816384	0.8622	0.905701	0.905701	0.905701	1.07399	1.29071	1.35841	1.35841	1.35841	1.51022	1.64808	1.47591	1.35841	1.35841	1.35841	1.35841	1.51022	1.73143	1.86664	1.86664	1.86664	2.02451	2.08063	2.17682	2.30803	2.43738	2.30803	2.50466	2.71998	2.75269	2.86192	3.0894	3.15486	3.19907	3.21894	2.88416	2.75269	2.75269	2.86192	3.26223	2.98853	2.44264	2.68211	3.37375	2.86192	2.86192	2.86192	3.03518	3.53259
0.452807	0.452807	0	0	0	0	0	0	0.452807	0.452807	0	0	0	0	0.452807	0.452807	0	0	0.452807	0.452807	0	0	0	0.452807	0.452807	0	0.452807	0.452807	0	0	0	0	0	0	0	0	0	0	0	0	0	0.452807	0.452807	0	0	0	0	0	0	0	0	0	0.452807	0.452807	0	0	0	0	0.452807	0.452807	0	0.452807	0.452807	0	0	0	0.452807	0.452807	0	0.452807	0.452807	0	0	0.452807	0.452807	0	0	0	0	0	0.452807	0.452807	0	0	0	0.452807	0.452807	0	0	0.452807	0.905558	0.452807	0	0.452807	0.452807	0	0.452807	0.452807	0.452807	0.452807	0	0.452807	0.452807	0.452807	0.452807	0.452807	0.452807	0	0.452807	0.452807	0	0.452807	0.452807	0	0	0	0	0	0	0	0	0	0	0	0	0	0	0	0	0	0	0	0.452807	0.452807	0	0.452807	0.452807	0.452807	0.905558	0.452807	0.452807	0.452807	0.905558	0.905558	0.905558	0.905558	0.452807	1.3582	0.905558	0.452807	0.452807	0.905558	1.3582	0.905558	0.452807	0.452807	0.452807	0	0.452807	0.452807	0.452807	0.452807	0	0	0	0	0	0.452807	0.452807	0.452807	1.3582	0.905558	0.452807	0.452807	2.26291	2.26291	0.905558	0.905558	0.452807	0.905558	0.452807	0.452807	0.452807	0.452807	0.905558	0.452807	0	0	0.452807	0.452807	0	0	0.452807	0.905558	0.452807	0.905558	1.3582	1.3582	0.905558	0.452807	0.452807	0.452807	0.452807	0	0.452807	0.452807	0.452807	0.452807	0	0	0	0.452807	0.452807	0	0	0	0.452807	0.452807	0	0	0	0	0	0.452807	0.452807	0.452807	0.452807	0.452807	0.905558	0.905558	0.452807	0.452807	0.905558	0.452807	0.905558	0.905558	0.452807	0.905558	1.3582	0.905558	0.452807	0.905558	0.452807	0.452807	0.452807	0.905558	1.81066	1.3582	0.452807	1.3582	2.26291	0.905558	0.905558	0.905558	1.3582	2.26291
0.452764	0.452764	0	0	0	0	0	0	0.452764	0.452764	0	0	0	0	0.452764	0.452764	0	0	0.452764	0.452764	0	0	0	0.452764	0.452764	0	0.452764	0.452764	0	0	0	0	0	0	0	0	0	0	0	0	0	0.452764	0.452764	0	0	0	0	0	0	0	0	0	0.452764	0.452764	0	0	0	0	0.452764	0.452764	0	0.452764	0.452764	0	0	0	0.452764	0.452764	0	0.452764	0.452764	0	0	0.452764	0.452764	0	0	0	0	0	0.452764	0.452764	0	0	0	0.452764	0.452764	0	0	0.452764	0.905472	0.452764	0	0.452764	0.452764	0	0.452764	0.452764	0.452764	0.452764	0	0.452764	0.452764	0.452764	0.452764	0.452764	0.452764	0	0.452764	0.452764	0	0.452764	0.452764	0	0	0	0	0	0	0	0	0	0	0	0	0	0	0	0	0	0	0	0.452764	0.452764	0	0.452764	0.452764	0.452764	0.905472	0.452764	0.452764	0.452764	0.905472	0.905472	0.905472	0.905472	0.452764	1.35807	0.905472	0.452764	0.452764	0.905472	1.35807	0.905472	0.452764	0.452764	0.452764	0	0.452764	0.452764	0.452764	0.452764	0	0	0	0	0	0.452764	0.452764	0.452764	1.35807	0.905472	0.452764	0.452764	2.26269	2.26269	0.905472	0.905472	0.452764	0.905472	0.452764	0.452764	0.452764	0.452764	0.905472	0.452764	0	0	0.452764	0.452764	0	0	0.452764	0.905472	0.452764	0.905472	1.35807	1.35807	0.905472	0.452764	0.452764	0.452764	0.452764	0	0.452764	0.452764	0.452764	0.452764	0	0	0	0.452764	0.452764	0	0	0	0.452764	0.452764	0	0	0	0	0	0.452764	0.452764	0.452764	0.452764	0.452764	0.905472	0.905472	0.452764	0.452764	0.905472	0.452764	0.905472	0.905472	0.452764	0.905472	1.35807	0.905472	0.452764	0.905472	0.452764	0.452764	0.452764	0.905472	1.81049	1.35807	0.452764	1.35807	2.26269	0.905472	0.905472	0.905472	1.35807	2.26269
0.452721	0.452721	0	0	0	0	0	0	0.452721	0.452721	0	0	0	0	0.452721	0.452721	0	0	0.452721	0.452721	0	0	0	0.452721	0.452721	0	0.452721	0.452721	0	0	0	0	0	0	0	0	0	0	0	0	0	0.452721	0.452721	0	0	0	0	0	0	0	0	0	0.452721	0.452721	0	0	0	0	0.452721	0.452721	0	0.452721	0.452721	0	0	0	0.452721	0.452721	0	0.452721	0.452721	0	0	0.452721	0.452721	0	0	0	0	0	0.452721	0.452721	0	0	0	0.452721	0.452721	0	0	0.452721	0.905386	0.452721	0	0.452721	0.452721	0	0.452721	0.452721	0.452721	0.452721	0	0.452721	0.452721	0.452721	0.452721	0.452721	0.452721	0	0.452721	0.452721	0	0.452721	0.452721	0	0	0	0	0	0	0	0	0	0	0	0	0	0	0	0	0	0	0	0.452721	0.452721	0	0.452721	0.452721	0.452721	0.905386	0.452721	0.452721	0.452721	0.905386	0.905386	0.905386	0.905386	0.452721	1.35794	0.905386	0.452721	0.452721	0.905386	1.35794	0.905386	0.452721	0.452721	0.452721	0	0.452721	0.452721	0.452721	0.452721	0	0	0	0	0	0.452721	0.452721	0.452721	1.35794	0.905386	0.452721	0.452721	2.26248	2.26248	0.905386	0.905386	0.452721	0.905386	0.452721	0.452721	0.452721	0.452721	0.905386	0.452721	0	0	0.452721	0.452721	0	0	0.452721	0.905386	0.452721	0.905386	1.35794	1.35794	0.905386	0.452721	0.452721	0.452721	0.452721	0	0.452721	0.452721	0.452721	0.452721	0	0	0	0.452721	0.452721	0	0	0	0.452721	0.452721	0	0	0	0	0	0.452721	0.452721	0.452721	0.452721	0.452721	0.905386	0.905386	0.452721	0.452721	0.905386	0.452721	0.905386	0.905386	0.452721	0.905386	1.35794	0.905386	0.452721	0.905386	0.452721	0.452721	0.452721	0.905386	1.81032	1.35794	0.452721	1.35794	2.26248	0.905386	0.905386	0.905386	1.35794	2.26248
0.452678	0.452678	0	0	0	0	0	0	0.452678	0.452678	0	0	0	0	0.452678	0.452678	0	0	0.452678	0.452678	0	0	0	0.452678	0.452678	0	0.452678	0.452678	0	0	0	0	0	0	0	0	0	0	0	0	0	0.452678	0.452678	0	0	0	0	0	0	0	0	0	0.452678	0.452678	0	0	0	0	0.452678	0.452678	0	0.452678	0.452678	0	0	0	0.452678	0.452678	0	0.452678	0.452678	0	0	0.452678	0.452678	0	0	0	0	0	0.452678	0.452678	0	0	0	0.452678	0.452678	0	0	0.452678	0.9053	0.452678	0	0.452678	0.452678	0	0.452678	0.452678	0.452678	0.452678	0	0.452678	0.452678	0.452678	0.452678	0.452678	0.452678	0	0.452678	0.452678	0	0.452678	0.452678	0	0	0	0	0	0	0	0	0	0	0	0	0	0	0	0	0	0	0	0.452678	0.452678	0	0.452678	0.452678	0.452678	0.9053	0.452678	0.452678	0.452678	0.9053	0.9053	0.9053	0.9053	0.452678	1.35781	0.9053	0.452678	0.452678	0.9053	1.35781	0.9053	0.452678	0.452678	0.452678	0	0.452678	0.452678	0.452678	0.452678	0	0	0	0	0	0.452678	0.452678	0.452678	1.35781	0.9053	0.452678	0.452678	2.26226	2.26226	0.9053	0.9053	0.452678	0.9053	0.452678	0.452678	0.452678	0.452678	0.9053	0.452678	0	0	0.452678	0.452678	0	0	0.452678	0.9053	0.452678	0.9053	1.35781	1.35781	0.9053	0.452678	0.452678	0.452678	0.452678	0	0.452678	0.452678	0.452678	0.452678	0	0	0	0.452678	0.452678	0	0	0	0.452678	0.452678	0	0	0	0	0	0.452678	0.452678	0.452678	0.452678	0.452678	0.9053	0.9053	0.452678	0.452678	0.9053	0.452678	0.9053	0.9053	0.452678	0.9053	1.35781	0.9053	0.452678	0.9053	0.452678	0.452678	0.452678	0.9053	1.81015	1.35781	0.452678	1.35781	2.26226	0.9053	0.9053	0.9053	1.35781	2.26226
3.0714	2.84716	2.71401	2.71401	2.71401	2.60354	2.37786	2.26219	2.39926	2.52887	2.37786	2.26219	2.15216	1.92646	1.95283	2.17579	2.15216	1.92646	1.86575	1.86575	1.81009	1.70079	1.47521	1.5095	1.73061	1.70079	1.64729	1.73061	1.81009	1.70079	1.47521	1.35777	1.35777	1.35777	1.35777	1.35777	1.35777	1.35777	1.35777	1.35777	1.35777	1.29009	1.07348	1.02467	1.24979	1.35777	1.35777	1.35777	1.35777	1.35777	1.47521	1.70079	1.73061	1.5095	1.35777	1.35777	1.35777	1.47521	1.64729	1.64729	1.70079	1.86575	1.86575	1.81009	1.92646	2.15216	2.17579	2.08579	2.15216	2.17579	1.95283	1.81009	1.81009	1.86575	1.86575	1.81009	1.81009	1.81009	1.92646	2.15216	2.17579	1.95283	1.81009	1.81009	1.92646	2.22228	2.30694	2.26219	2.26219	2.30694	2.29025	2.08579	2.15216	2.17579	2.08579	2.15216	2.30694	2.30694	2.17579	2.08579	2.15216	2.17579	2.08579	2.08579	1.95283	1.86575	1.86575	1.81009	1.86575	1.86575	1.81009	1.86575	1.86575	1.81009	1.92646	2.15216	2.26219	2.26219	2.26219	2.26219	2.37786	2.60354	2.71401	2.71401	2.71401	2.82917	3.05474	3.16549	3.16549	3.16549	3.16549	3.28024	3.42102	3.29575	3.16549	3.19756	3.19756	3.19756	3.29187	3.19756	3.19756	3.19756	3.29187	3.29187	3.29187	3.29187	3.19756	3.29573	2.93544	2.8828	3.10445	3.15337	3.08794	2.86056	2.75138	2.8828	3.23719	3.50566	3.52017	3.29575	3.19756	3.19756	3.16549	3.28024	3.50566	3.50566	3.28024	3.19756	3.19756	3.19756	3.50563	3.59182	3.45807	3.01691	3.54893	3.73091	3.29187	3.29187	3.10445	2.93977	2.44148	2.30694	2.30694	2.22228	2.17576	1.78876	1.47521	1.35777	1.15394	0.715698	0.577027	0.800168	1.01209	1.12013	0.659839	0.861754	1.3764	1.3764	0.80012	0.452635	0.452635	0.452635	0.576993	0.357863	0.64013	0.800144	0.973397	1.01209	0.905271	0.905271	1.02467	1.21867	1.07348	1.02467	1.24979	1.35777	1.43117	1.43117	1.35777	1.35777	1.35777	1.35777	1.47521	1.78876	1.86575	1.86575	1.86575	1.86575	2.02355	2.02355	1.86575	1.86575	2.17576	2.22228	2.29025	2.07964	1.86575	2.17576	2.44667	2.07964	1.86575	2.17576	2.22228	2.44148	2.66174	2.71869	2.91795	2.79279	2.66174	3.03375	3.53092	2.86056	2.86056	2.86056	3.03375	3.6897
3.05445	2.8289	2.71375	2.71375	2.71375	2.62284	2.39903	2.26198	2.37764	2.52863	2.39903	2.26198	2.17558	1.95264	1.92628	2.15196	2.17558	1.95264	1.86558	1.86558	1.80992	1.73045	1.50936	1.47507	1.70063	1.73045	1.64714	1.70063	1.80992	1.73045	1.50936	1.35764	1.35764	1.35764	1.35764	1.35764	1.35764	1.35764	1.35764	1.35764	1.35764	1.24967	1.02458	1.07338	1.28997	1.35764	1.35764	1.35764	1.35764	1.35764	1.50936	1.73045	1.70063	1.47507	1.35764	1.35764	1.35764	1.50936	1.64714	1.64714	1.73045	1.86558	1.86558	1.80992	1.95264	2.17558	2.15196	2.0856	2.17558	2.15196	1.92628	1.80992	1.80992	1.86558	1.86558	1.80992	1.80992	1.80992	1.95264	2.17558	2.15196	1.92628	1.80992	1.80992	1.95264	2.29003	2.30672	2.26198	2.26198	2.30672	2.22207	2.0856	2.17558	2.15196	2.0856	2.17558	2.30672	2.30672	2.15196	2.0856	2.17558	2.15196	2.0856	2.0856	1.92628	1.86558	1.86558	1.80992	1.86558	1.86558	1.80992	1.86558	1.86558	1.80992	1.95264	2.17558	2.26198	2.26198	2.26198	2.26198	2.39903	2.62284	2.71375	2.71375	2.71375	2.84689	3.07111	3.16519	3.16519	3.16519	3.16519	3.29544	3.4207	3.27993	3.16519	3.19725	3.19725	3.19725	3.29156	3.19725	3.19725	3.19725	3.29156	3.29156	3.29156	3.29156	3.19725	3.21712	2.88252	2.93516	3.15307	3.10415	3.0039	2.86029	2.75112	2.93516	3.36054	3.51984	3.50533	3.27993	3.19725	3.19725	3.16519	3.29544	3.51984	3.51984	3.29544	3.19725	3.19725	3.19725	3.43184	3.54867	3.57369	3.14901	3.41691	3.60559	3.29156	3.29156	3.15307	3.14087	2.50324	2.30672	2.30672	2.29003	2.29	1.8724	1.50936	1.35764	1.15383	0.71563	0.659776	0.861709	1.01199	0.973304	0.576972	0.659757	1.37627	1.37627	0.576938	0.452592	0.452592	0.452592	0.800044	0.480061	0.640069	0.973284	1.12003	1.01199	0.905186	0.905186	1.07338	1.21855	1.02458	1.07338	1.28997	1.35764	1.43104	1.43104	1.35764	1.35764	1.35764	1.35764	1.50936	1.8724	1.86558	1.86558	1.86558	1.86558	2.02336	2.02336	1.86558	1.86558	2.29	2.29003	2.22207	2.00433	1.86558	2.29	2.44644	2.00433	1.86558	2.29	2.29003	2.50324	2.71844	2.66149	2.79252	2.91767	2.71844	3.03346	3.53059	2.86029	2.86029	2.86029	3.03346	3.83817
0	0	0	0	0	0.452542	0.452542	0	0	0.452542	0.452542	0	0.452542	0.452542	0	0	0.452542	0.452542	0.452542	0.452542	0	0.452542	0.452542	0	0	0.452542	0.452542	0	0	0.452542	0.452542	0	0	0	0	0	0	0	0	0	0	0	0	0.452542	0.452542	0	0	0	0	0	0.452542	0.452542	0	0	0	0	0	0.452542	0.452542	0.452542	0.452542	0.452542	0.452542	0	0.452542	0.452542	0	0.452542	0.452542	0	0	0	0	0.452542	0.452542	0	0	0	0.452542	0.452542	0	0	0	0	0.452542	0.905028	0.452542	0	0	0.452542	0.452542	0.452542	0.452542	0	0.452542	0.452542	0.452542	0.452542	0	0.452542	0.452542	0	0.452542	0.452542	0	0.452542	0.452542	0	0.452542	0.452542	0	0.452542	0.452542	0	0.452542	0.452542	0	0	0	0	0.452542	0.452542	0	0	0	0.452542	0.452542	0	0	0	0	0.452542	0.452542	0	0	0.452542	0.452542	0.452542	0.905028	0.452542	0.452542	0.452542	0.905028	0.905028	0.905028	0.905028	0.452542	0.905028	0.452542	0.905028	0.905028	0.452542	0.905028	0.905028	0.452542	0.905028	1.3574	0.452542	0	0	0.452542	0.452542	0	0.452542	0.452542	0.452542	0.452542	0.452542	0.452542	0.452542	0.905028	0.452542	1.3574	1.3574	1.80961	1.80961	0.905028	0.905028	0.905028	1.80961	0.905028	0.452542	0.452542	0.905028	1.3574	0.905028	0.452542	0	0.452542	0.452542	0.452542	0.452542	0.452542	0.452542	0	0.452542	1.3574	1.3574	0.452542	0.452542	0.452542	0.452542	0.905028	0.452542	0.452542	0.905028	0.905028	0.452542	0	0	0.452542	0.452542	0	0.452542	0.452542	0	0.452542	0.452542	0	0	0	0	0.452542	0.905028	0.452542	0.452542	0.452542	0.452542	0.905028	0.905028	0.452542	0.452542	1.3574	0.905028	0.452542	0.452542	0.452542	1.3574	1.3574	0.452542	0.452542	1.3574	0.905028	0.905028	0.905028	0.452542	1.3574	1.80961	0.905028	1.3574	2.26158	0.905028	0.905028	0.905028	1.3574	2.71328
0	0	0	0	0	0.4525	0.4525	0	0	0.4525	0.4525	0	0.4525	0.4525	0	0	0.4525	0.4525	0.4525	0.4525	0	0.4525	0.4525	0	0	0.4525	0.4525	0	0	0.4525	0.4525	0	0	0	0	0	0	0	0	0	0	0	0	0.4525	0.4525	0	0	0	0	0	0.4525	0.4525	0	0	0	0	0	0.4525	0.4525	0.4525	0.4525	0.4525	0.4525	0	0.4525	0.4525	0	0.4525	0.4525	0	0	0	0	0.4525	0.4525	0	0	0	0.4525	0.4525	0	0	0	0	0.4525	0.904943	0.4525	0	0	0.4525	0.4525	0.4525	0.4525	0	0.4525	0.4525	0.4525	0.4525	0	0.4525	0.4525	0	0.4525	0.4525	0	0.4525	0.4525	0	0.4525	0.4525	0	0.4525	0.4525	0	0.4525	0.4525	0	0	0	0	0.4525	0.4525	0	0	0	0.4525	0.4525	0	0	0	0	0.4525	0.4525	0	0	0.4525	0.4525	0.4525	0.904943	0.4525	0.4525	0.4525	0.904943	0.904943	0.904943	0.904943	0.4525	0.904943	0.4525	0.904943	0.904943	0.4525	0.904943	0.904943	0.4525	0.904943	1.35727	0.4525	0	0	0.4525	0.4525	0	0.4525	0.4525	0.4525	0.4525	0.4525	0.4525	0.4525	0.904943	0.4525	1.35727	1.35727	1.80943	1.80943	0.904943	0.904943	0.904943	1.80943	0.904943	0.4525	0.4525	0.904943	1.35727	0.904943	0.4525	0	0.4525	0.4525	0.4525	0.4525	0.4525	0.4525	0	0.4525	1.35727	1.35727	0.4525	0.4525	0.4525	0.4525	0.904943	0.4525	0.4525	0.904943	0.904943	0.4525	0	0	0.4525	0.4525	0	0.4525	0.4525	0	0.4525	0.4525	0	0	0	0	0.4525	0.904943	0.4525	0.4525	0.4525	0.4525	0.904943	0.904943	0.4525	0.4525	1.35727	0.904943	0.4525	0.4525	0.4525	1.35727	1.35727	0.4525	0.4525	1.35727	0.904943	0.904943	0.904943	0.4525	1.35727	1.80943	0.904943	1.35727	2.26137	0.904943	0.904943	0.904943	1.35727	2.71302
0	0	0	0	0	0.452457	0.452457	0	0	0.452457	0.452457	0	0.452457	0.452457	0	0	0.452457	0.452457	0.452457	0.452457	0	0.452457	0.452457	0	0	0.452457	0.452457	0	0	0.452457	0.452457	0	0	0	0	0	0	0	0	0	0	0	0	0.452457	0.452457	0	0	0	0	0	0.452457	0.452457	0	0	0	0	0	0.452457	0.452457	0.452457	0.452457	0.452457	0.452457	0	0.452457	0.452457	0	0.452457	0.452457	0	0	0	0	0.452457	0.452457	0	0	0	0.452457	0.452457	0	0	0	0	0.452457	0.904857	0.452457	0	0	0.452457	0.452457	0.452457	0.452457	0	0.452457	0.452457	0.452457	0.452457	0	0.452457	0.452457	0	0.452457	0.452457	0	0.452457	0.452457	0	0.452457	0.452457	0	0.452457	0.452457	0	0.452457	0.452457	0	0	0	0	0.452457	0.452457	0	0	0	0.452457	0.452457	0	0	0	0	0.452457	0.452457	0	0	0.452457	0.452457	0.452457	0.904857	0.452457	0.452457	0.452457	0.904857	0.904857	0.904857	0.904857	0.452457	0.904857	0.452457	0.904857	0.904857	0.452457	0.904857	0.904857	0.452457	0.904857	1.35714	0.452457	0	0	0.452457	0.452457	0	0.452457	0.452457	0.452457	0.452457	0.452457	0.452457	0.452457	0.904857	0.452457	1.35714	1.35714	1.80926	1.80926	0.904857	0.904857	0.904857	1.80926	0.904857	0.452457	0.452457	0.904857	1.35714	0.904857	0.452457	0	0.452457	0.452457	0.452457	0.452457	0.452457	0.452457	0	0.452457	1.35714	1.35714	0.452457	0.452457	0.452457	0.452457	0.904857	0.452457	0.452457	0.904857	0.904857	0.452457	0	0	0.452457	0.452457	0	0.452457	0.452457	0	0.452457	0.452457	0	0	0	0	0.452457	0.904857	0.452457	0.452457	0.452457	0.452457	0.904857	0.904857	0.452457	0.452457	1.35714	0.904857	0.452457	0.452457	0.452457	1.35714	1.35714	0.452457	0.452457	1.35714	0.904857	0.904857	0.904857	0.452457	1.35714	1.80926	0.904857	1.35714	2.26116	0.904857	0.904857	0.904857	1.35714	2.71277
2.71272	2.71272	2.71272	2.71272	2.71272	2.75008	2.75008	2.71272	2.60231	2.44032	2.30584	2.26112	2.30584	2.30584	2.26112	2.26112	2.30584	2.30584	2.30584	2.30584	2.15114	2.0848	2.17476	2.15114	1.92555	1.86487	1.86487	1.69999	1.47451	1.50878	1.72979	1.80923	1.80923	1.80923	1.69999	1.47451	1.35712	1.35712	1.35712	1.47451	1.69999	1.80923	1.80923	1.72979	1.50878	1.35712	1.35712	1.35712	1.47451	1.69999	1.72979	1.50878	1.35712	1.35712	1.35712	1.47451	1.69999	1.72979	1.64651	1.64651	1.50878	1.43049	1.43049	1.35712	1.43049	1.43049	1.35712	1.43049	1.43049	1.35712	1.47451	1.69999	1.80923	1.72979	1.50878	1.47451	1.8233	2.15114	2.17476	1.9519	1.92555	2.15114	2.26112	2.26112	2.30584	2.28916	1.9519	1.92555	2.15114	2.17476	2.0848	2.0848	1.9519	1.80923	1.86487	1.86487	1.86487	1.86487	1.80923	1.86487	1.86487	1.80923	1.86487	1.86487	1.80923	1.86487	1.86487	1.80923	1.86487	1.86487	1.92555	2.0848	2.0848	2.15114	2.17476	1.9519	1.80923	1.92555	2.15114	2.26112	2.30584	2.30584	2.26112	2.37674	2.60231	2.62184	2.52767	2.60231	2.71272	2.82783	3.0533	3.06995	2.84581	2.71272	2.71272	2.75008	2.75008	2.62184	2.50229	2.30584	2.17476	1.9519	2.02259	2.02259	1.87169	1.66962	1.43049	1.63088	1.43049	1.47448	1.28945	1.01161	1.27948	1.27948	1.01161	1.27948	1.47443	0.659524	0.576753	0.799789	1.01161	1.16441	1.24919	1.28948	1.07297	1.07297	1.28948	1.43049	1.43049	1.43049	1.60719	1.16441	1.59921	1.9453	2.55769	2.55769	2.02259	2.02259	2.02259	2.56266	1.78787	1.43049	1.43049	1.63088	1.91883	1.63088	1.43049	1.24919	1.21809	1.28948	1.28948	1.07297	0.861381	0.815607	0.799789	1.01161	1.47443	1.36642	0.639822	0.799758	0.97293	1.01161	1.27948	1.01161	1.01161	1.27948	1.27948	1.01161	1.02419	1.24919	1.43049	1.43049	1.35712	1.43049	1.43049	1.35712	1.43049	1.43049	1.35712	1.47451	1.69999	1.80923	1.86487	2.02259	1.86487	1.72979	1.50878	1.57509	1.97787	2.02259	1.86487	1.86487	2.10305	1.66962	1.57509	1.78791	1.86487	2.10305	2.08474	1.78791	1.86487	2.26106	2.02259	2.02259	2.02259	2.00357	2.60224	3.0532	2.79149	2.8814	3.35917	2.79149	3.00275	3.21589	3.44164	4.16398
2.71247	2.71247	2.71247	2.71247	2.71247	2.74982	2.74982	2.71247	2.62159	2.50205	2.30563	2.26091	2.30563	2.30563	2.26091	2.26091	2.30563	2.30563	2.30563	2.30563	2.17455	2.08461	2.15094	2.17455	1.95172	1.86469	1.86469	1.72963	1.50864	1.47437	1.69983	1.80906	1.80906	1.80906	1.72963	1.50864	1.35699	1.35699	1.35699	1.50864	1.72963	1.80906	1.80906	1.69983	1.47437	1.35699	1.35699	1.35699	1.50864	1.72963	1.69983	1.47437	1.35699	1.35699	1.35699	1.50864	1.72963	1.69983	1.64636	1.64636	1.47437	1.43036	1.43036	1.35699	1.43036	1.43036	1.35699	1.43036	1.43036	1.35699	1.50864	1.72963	1.80906	1.69983	1.47437	1.50864	1.93197	2.17455	2.15094	1.92537	1.95172	2.17455	2.26091	2.26091	2.30563	2.22102	1.92537	1.95172	2.17455	2.15094	2.08461	2.08461	1.92537	1.80906	1.86469	1.86469	1.86469	1.86469	1.80906	1.86469	1.86469	1.80906	1.86469	1.86469	1.80906	1.86469	1.86469	1.80906	1.86469	1.86469	1.95172	2.08461	2.08461	2.17455	2.15094	1.92537	1.80906	1.95172	2.17455	2.26091	2.30563	2.30563	2.26091	2.39789	2.62159	2.60206	2.52744	2.62159	2.71247	2.84554	3.06966	3.05301	2.82756	2.71247	2.71247	2.74982	2.74982	2.60206	2.44009	2.30563	2.15094	1.92537	2.02239	2.02239	1.78774	1.57494	1.43036	1.63073	1.43036	1.36636	1.1643	1.01151	1.27936	1.27936	1.01151	1.27936	1.2893	0.576698	0.659461	0.861299	1.01151	1.28933	1.28936	1.24908	1.02409	1.02409	1.24908	1.43036	1.43036	1.43036	1.75886	1.28933	1.31875	1.72221	2.55745	2.55745	2.02239	2.02239	2.02239	2.73574	1.9253	1.43036	1.43036	1.63073	1.91865	1.63073	1.43036	1.28936	1.21797	1.24908	1.24908	1.02409	0.799713	0.81553	0.861299	1.01151	1.2893	1.16425	0.639761	0.972813	1.11949	1.01151	1.27936	1.01151	1.01151	1.27936	1.27936	1.01151	1.07287	1.28936	1.43036	1.43036	1.35699	1.43036	1.43036	1.35699	1.43036	1.43036	1.35699	1.50864	1.72963	1.80906	1.86469	2.02239	1.86469	1.69983	1.47437	1.66946	2.10285	2.02239	1.86469	1.86469	1.97769	1.57494	1.66946	1.87151	1.86469	1.97769	2.08455	1.87151	1.86469	2.26084	2.02239	2.02239	2.02239	2.07846	2.73579	3.19962	2.88112	2.79122	3.35885	2.88112	3.08618	3.29385	3.44131	4.16359
0	0	0	0	0	0.452328	0.452328	0	0.452328	0.9046	0.452328	0	0.452328	0.452328	0	0	0.452328	0.452328	0.452328	0.452328	0.452328	0.452328	0	0.452328	0.452328	0.452328	0.452328	0.452328	0.452328	0	0	0	0	0	0.452328	0.452328	0	0	0	0.452328	0.452328	0	0	0	0	0	0	0	0.452328	0.452328	0	0	0	0	0	0.452328	0.452328	0	0.452328	0.452328	0	0.452328	0.452328	0	0.452328	0.452328	0	0.452328	0.452328	0	0.452328	0.452328	0	0	0	0.452328	0.9046	0.452328	0	0	0.452328	0.452328	0	0	0.452328	0.452328	0	0.452328	0.452328	0	0.452328	0.452328	0	0	0.452328	0.452328	0.452328	0.452328	0	0.452328	0.452328	0	0.452328	0.452328	0	0.452328	0.452328	0	0.452328	0.452328	0.452328	0.452328	0.452328	0.452328	0	0	0	0.452328	0.452328	0	0.452328	0.452328	0	0.452328	0.452328	0	0.452328	0.452328	0	0.452328	0.452328	0	0	0	0	0.452328	0.452328	0	0.452328	0.452328	0	0	0.9046	0.9046	0.452328	0.452328	0.452328	0.9046	0.452328	0.452328	0.452328	0.452328	0.9046	0.9046	0.452328	0.9046	0.9046	0	0.452328	0.452328	0.452328	0.9046	0.452328	0	0	0	0	0.452328	0.452328	0.452328	1.35676	0.9046	0.452328	0.452328	1.80875	1.80875	0.9046	0.9046	0.9046	2.26051	1.35676	0.452328	0.452328	0.9046	1.35676	0.9046	0.452328	0.452328	0.452328	0	0	0	0	0.452328	0.452328	0.452328	0.9046	0.9046	0.452328	0.9046	0.9046	0.452328	0.9046	0.452328	0.452328	0.9046	0.9046	0.452328	0.452328	0.452328	0.452328	0.452328	0	0.452328	0.452328	0	0.452328	0.452328	0	0.452328	0.452328	0	0.452328	0.9046	0.452328	0	0	0.9046	1.35676	0.9046	0.452328	0.452328	0.9046	0.452328	0.9046	0.9046	0.452328	0.9046	1.35676	0.9046	0.452328	1.35676	0.9046	0.9046	0.9046	0.9046	1.80875	2.26051	1.35676	0.9046	2.26051	1.35676	1.35676	1.35676	1.35676	2.712
0	0	0	0	0	0.452285	0.452285	0	0.452285	0.904514	0.452285	0	0.452285	0.452285	0	0	0.452285	0.452285	0.452285	0.452285	0.452285	0.452285	0	0.452285	0.452285	0.452285	0.452285	0.452285	0.452285	0	0	0	0	0	0.452285	0.452285	0	0	0	0.452285	0.452285	0	0	0	0	0	0	0	0.452285	0.452285	0	0	0	0	0	0.452285	0.452285	0	0.452285	0.452285	0	0.452285	0.452285	0	0.452285	0.452285	0	0.452285	0.452285	0	0.452285	0.452285	0	0	0	0.452285	0.904514	0.452285	0	0	0.452285	0.452285	0	0	0.452285	0.452285	0	0.452285	0.452285	0	0.452285	0.452285	0	0	0.452285	0.452285	0.452285	0.452285	0	0.452285	0.452285	0	0.452285	0.452285	0	0.452285	0.452285	0	0.452285	0.452285	0.452285	0.452285	0.452285	0.452285	0	0	0	0.452285	0.452285	0	0.452285	0.452285	0	0.452285	0.452285	0	0.452285	0.452285	0	0.452285	0.452285	0	0	0	0	0.452285	0.452285	0	0.452285	0.452285	0	0	0.904514	0.904514	0.452285	0.452285	0.452285	0.904514	0.452285	0.452285	0.452285	0.452285	0.904514	0.904514	0.452285	0.904514	0.904514	0	0.452285	0.452285	0.452285	0.904514	0.452285	0	0	0	0	0.452285	0.452285	0.452285	1.35663	0.904514	0.452285	0.452285	1.80858	1.80858	0.904514	0.904514	0.904514	2.2603	1.35663	0.452285	0.452285	0.904514	1.35663	0.904514	0.452285	0.452285	0.452285	0	0	0	0	0.452285	0.452285	0.452285	0.904514	0.904514	0.452285	0.904514	0.904514	0.452285	0.904514	0.452285	0.452285	0.904514	0.904514	0.452285	0.452285	0.452285	0.452285	0.452285	0	0.452285	0.452285	0	0.452285	0.452285	0	0.452285	0.452285	0	0.452285	0.904514	0.452285	0	0	0.904514	1.35663	0.904514	0.452285	0.452285	0.904514	0.452285	0.904514	0.904514	0.452285	0.904514	1.35663	0.904514	0.452285	1.35663	0.904514	0.904514	0.904514	0.904514	1.80858	2.2603	1.35663	0.904514	2.2603	1.35663	1.35663	1.35663	1.35663	2.71174
0	0	0	0	0	0.452242	0.452242	0	0.452242	0.904428	0.452242	0	0.452242	0.452242	0	0	0.452242	0.452242	0.452242	0.452242	0.452242	0.452242	0	0.452242	0.452242	0.452242	0.452242	0.452242	0.452242	0	0	0	0	0	0.452242	0.452242	0	0	0	0.452242	0.452242	0	0	0	0	0	0	0	0.452242	0.452242	0	0	0	0	0	0.452242	0.452242	0	0.452242	0.452242	0	0.452242	0.452242	0	0.452242	0.452242	0	0.452242	0.452242	0	0.452242	0.452242	0	0	0	0.452242	0.904428	0.452242	0	0	0.452242	0.452242	0	0	0.452242	0.452242	0	0.452242	0.452242	0	0.452242	0.452242	0	0	0.452242	0.452242	0.452242	0.452242	0	0.452242	0.452242	0	0.452242	0.452242	0	0.452242	0.452242	0	0.452242	0.452242	0.452242	0.452242	0.452242	0.452242	0	0	0	0.452242	0.452242	0	0.452242	0.452242	0	0.452242	0.452242	0	0.452242	0.452242	0	0.452242	0.452242	0	0	0	0	0.452242	0.452242	0	0.452242	0.452242	0	0	0.904428	0.904428	0.452242	0.452242	0.452242	0.904428	0.452242	0.452242	0.452242	0.452242	0.904428	0.904428	0.452242	0.904428	0.904428	0	0.452242	0.452242	0.452242	0.904428	0.452242	0	0	0	0	0.452242	0.452242	0.452242	1.3565	0.904428	0.452242	0.452242	1.80841	1.80841	0.904428	0.904428	0.904428	2.26009	1.3565	0.452242	0.452242	0.904428	1.3565	0.904428	0.452242	0.452242	0.452242	0	0	0	0	0.452242	0.452242	0.452242	0.904428	0.904428	0.452242	0.904428	0.904428	0.452242	0.904428	0.452242	0.452242	0.904428	0.904428	0.452242	0.452242	0.452242	0.452242	0.452242	0	0.452242	0.452242	0	0.452242	0.452242	0	0.452242	0.452242	0	0.452242	0.904428	0.452242	0	0	0.904428	1.3565	0.904428	0.452242	0.452242	0.904428	0.452242	0.904428	0.904428	0.452242	0.904428	1.3565	0.904428	0.452242	1.3565	0.904428	0.904428	0.904428	0.904428	1.80841	2.26009	1.3565	0.904428	2.26009	1.3565	1.3565	1.3565	1.3565	2.71148
2.26005	2.26005	2.15012	1.92464	1.80838	1.95098	2.08382	1.92464	1.95098	2.28808	2.30475	2.26005	2.30475	2.30475	2.15012	1.92464	1.86399	1.86399	1.86399	1.86399	1.86399	1.86399	1.80838	1.86399	1.86399	1.86399	1.86399	1.95098	2.17373	2.15012	1.92464	1.80838	1.80838	1.80838	1.95098	2.08382	1.92464	1.80838	1.80838	1.72897	1.50807	1.35648	1.35648	1.35648	1.35648	1.35648	1.47381	1.69918	1.72897	1.50807	1.35648	1.35648	1.35648	1.47381	1.69918	1.72897	1.50807	1.47381	1.64573	1.64573	1.69918	1.72897	1.64573	1.69918	1.72897	1.50807	1.47381	1.64573	1.50807	1.47381	1.78706	1.86399	1.80838	1.92464	2.15012	2.17373	2.07767	1.86399	1.80838	1.80838	1.86399	1.86399	1.92464	2.15012	2.17373	2.08382	2.15012	2.30475	2.30475	2.26005	2.30475	2.30475	2.26005	2.26005	2.30475	2.30475	2.17373	1.95098	1.92464	2.08382	1.95098	1.80838	1.86399	1.86399	1.80838	1.86399	1.86399	1.80838	1.86399	1.86399	1.72897	1.64573	1.64573	1.50807	1.47381	1.69918	1.80838	1.86399	1.86399	1.92464	2.08382	2.08382	2.15012	2.17373	1.95098	1.92464	2.08382	1.95098	1.92464	2.08382	1.95098	1.80838	1.92464	2.15012	2.26005	2.17373	1.95098	1.92464	2.08382	1.95098	1.80838	1.80838	1.8708	1.66883	1.42981	1.42981	1.42981	1.47378	1.07246	1.01113	1.01113	0.860973	0.972445	0.860926	0.357501	0.799349	0.932175	0.159886	0.357501	0.479648	0.639519	0.972445	0.860973	0.79941	0.57648	0.452235	0.452235	0.639519	0.639519	0.479648	1.13038	0.860926	0.639519	0.639519	1.86386	1.86386	0.972445	1.11906	1.27888	2.37546	1.7582	1.42981	1.42981	1.66883	2.08376	1.78703	1.42981	1.50807	1.64573	1.47381	1.35648	1.35648	1.35648	1.42981	1.42981	1.28887	1.28884	1.27888	1.01113	1.27888	1.27888	1.01113	1.27888	1.01113	1.01113	1.43867	1.60643	1.42981	1.42981	1.42981	1.42981	1.57435	1.69918	1.72897	1.64573	1.69918	1.72897	1.64573	1.69918	1.86399	2.00262	2.15012	2.17373	2.07767	1.86399	1.92464	2.15012	2.14417	1.94438	1.63011	1.42981	1.42981	1.63011	1.42981	1.31825	0.959228	0.639519	1.16381	1.66875	1.27888	1.01113	1.63006	1.27888	1.43867	1.60643	1.63011	2.41806	2.7579	1.92457	1.94438	3.21029	2.6351	2.79014	2.98428	3.03087	3.99069
2.25984	2.25984	2.17352	1.95079	1.80821	1.92446	2.08362	1.95079	1.92446	2.21997	2.30454	2.25984	2.30454	2.30454	2.17352	1.95079	1.86381	1.86381	1.86381	1.86381	1.86381	1.86381	1.80821	1.86381	1.86381	1.86381	1.86381	1.92446	2.14992	2.17352	1.95079	1.80821	1.80821	1.80821	1.92446	2.08362	1.95079	1.80821	1.80821	1.69902	1.47367	1.35635	1.35635	1.35635	1.35635	1.35635	1.50793	1.72881	1.69902	1.47367	1.35635	1.35635	1.35635	1.50793	1.72881	1.69902	1.47367	1.50793	1.64558	1.64558	1.72881	1.69902	1.64558	1.72881	1.69902	1.47367	1.50793	1.64558	1.47367	1.50793	1.87063	1.86381	1.80821	1.95079	2.17352	2.14992	2.00243	1.86381	1.80821	1.80821	1.86381	1.86381	1.95079	2.17352	2.14992	2.08362	2.17352	2.30454	2.30454	2.25984	2.30454	2.30454	2.25984	2.25984	2.30454	2.30454	2.14992	1.92446	1.95079	2.08362	1.92446	1.80821	1.86381	1.86381	1.80821	1.86381	1.86381	1.80821	1.86381	1.86381	1.69902	1.64558	1.64558	1.47367	1.50793	1.72881	1.80821	1.86381	1.86381	1.95079	2.08362	2.08362	2.17352	2.14992	1.92446	1.95079	2.08362	1.92446	1.95079	2.08362	1.92446	1.80821	1.95079	2.17352	2.25984	2.14992	1.92446	1.95079	2.08362	1.92446	1.80821	1.80821	1.78689	1.5742	1.42968	1.42968	1.42968	1.36572	1.02361	1.01103	1.01103	0.799334	0.799304	0.659124	0.159871	0.576383	0.932086	0.357467	0.159871	0.357489	0.639458	0.799304	0.799334	0.860891	0.659149	0.452192	0.452192	0.639458	0.639458	0.357489	0.678218	0.659124	0.639458	0.639458	1.86368	1.86368	0.799304	0.972377	1.27876	2.17339	1.60628	1.42968	1.42968	1.5742	2.08356	1.92439	1.42968	1.47367	1.64558	1.50793	1.35635	1.35635	1.35635	1.42968	1.42968	1.24848	1.16374	1.27876	1.01103	1.27876	1.27876	1.01103	1.27876	1.01103	1.01103	1.60625	1.75803	1.42968	1.42968	1.42968	1.42968	1.66867	1.72881	1.69902	1.64558	1.72881	1.69902	1.64558	1.72881	1.86381	2.07747	2.17352	2.14992	2.00243	1.86381	1.95079	2.17352	2.04656	1.72139	1.62996	1.42968	1.42968	1.62996	1.42968	1.15273	0.714951	0.639458	1.36565	1.87053	1.27876	1.01103	1.62991	1.27876	1.60625	1.75803	1.62996	2.60069	2.75764	1.78686	2.23706	3.57015	2.63485	2.9149	3.10115	3.03058	4.15243
0	0	0.452114	0.452114	0	0	0.452114	0.452114	0	0.452114	0.452114	0	0.452114	0.452114	0.452114	0.452114	0.452114	0.452114	0.452114	0.452114	0.452114	0.452114	0	0.452114	0.452114	0.452114	0.452114	0	0	0.452114	0.452114	0	0	0	0	0.452114	0.452114	0	0	0	0	0	0	0	0	0	0.452114	0.452114	0	0	0	0	0	0.452114	0.452114	0	0	0.452114	0.452114	0.452114	0.452114	0	0.452114	0.452114	0	0	0.452114	0.452114	0	0.452114	0.904172	0.452114	0	0.452114	0.452114	0	0.452114	0.452114	0	0	0.452114	0.452114	0.452114	0.452114	0	0.452114	0.452114	0.452114	0.452114	0	0.452114	0.452114	0	0	0.452114	0.452114	0	0	0.452114	0.452114	0	0	0.452114	0.452114	0	0.452114	0.452114	0	0.452114	0.452114	0	0.452114	0.452114	0	0.452114	0.452114	0	0.452114	0.452114	0.452114	0.452114	0.452114	0.452114	0	0	0.452114	0.452114	0	0.452114	0.452114	0	0	0.452114	0.452114	0	0	0	0.452114	0.452114	0	0	0	0.452114	0.452114	0.452114	0.452114	0.452114	0.452114	0	0.452114	0.452114	0	0.452114	0.452114	0	0.452114	0.904172	0.452114	0	0	0.452114	0.452114	0	0.452114	0.452114	0	0	0.452114	0.452114	0	0.452114	0.452114	0.452114	0.452114	1.80789	1.80789	0.452114	0.452114	0.904172	1.80789	0.904172	0.452114	0.452114	0.452114	1.35612	1.35612	0.452114	0	0.452114	0.452114	0	0	0	0.452114	0.452114	0	0.452114	0.904172	0.452114	0.904172	0.904172	0.452114	0.904172	0.452114	0.452114	1.35612	1.35612	0.452114	0.452114	0.452114	0.452114	0.904172	0.452114	0	0.452114	0.452114	0	0.452114	0.452114	0.452114	0.904172	0.452114	0	0.452114	0.452114	0.452114	0.452114	0	0.452114	0.904172	0.452114	0.452114	0.904172	0.452114	0	0	0.452114	1.35612	1.80789	0.904172	0.452114	1.35612	0.904172	1.35612	1.35612	0.904172	2.25944	2.25944	0.904172	1.80789	3.16165	1.35612	1.80789	1.80789	1.35612	3.16165
0	0	0.452071	0.452071	0	0	0.452071	0.452071	0	0.452071	0.452071	0	0.452071	0.452071	0.452071	0.452071	0.452071	0.452071	0.452071	0.452071	0.452071	0.452071	0	0.452071	0.452071	0.452071	0.452071	0	0	0.452071	0.452071	0	0	0	0	0.452071	0.452071	0	0	0	0	0	0	0	0	0	0.452071	0.452071	0	0	0	0	0	0.452071	0.452071	0	0	0.452071	0.452071	0.452071	0.452071	0	0.452071	0.452071	0	0	0.452071	0.452071	0	0.452071	0.904086	0.452071	0	0.452071	0.452071	0	0.452071	0.452071	0	0	0.452071	0.452071	0.452071	0.452071	0	0.452071	0.452071	0.452071	0.452071	0	0.452071	0.452071	0	0	0.452071	0.452071	0	0	0.452071	0.452071	0	0	0.452071	0.452071	0	0.452071	0.452071	0	0.452071	0.452071	0	0.452071	0.452071	0	0.452071	0.452071	0	0.452071	0.452071	0.452071	0.452071	0.452071	0.452071	0	0	0.452071	0.452071	0	0.452071	0.452071	0	0	0.452071	0.452071	0	0	0	0.452071	0.452071	0	0	0	0.452071	0.452071	0.452071	0.452071	0.452071	0.452071	0	0.452071	0.452071	0	0.452071	0.452071	0	0.452071	0.904086	0.452071	0	0	0.452071	0.452071	0	0.452071	0.452071	0	0	0.452071	0.452071	0	0.452071	0.452071	0.452071	0.452071	1.80772	1.80772	0.452071	0.452071	0.904086	1.80772	0.904086	0.452071	0.452071	0.452071	1.35599	1.35599	0.452071	0	0.452071	0.452071	0	0	0	0.452071	0.452071	0	0.452071	0.904086	0.452071	0.904086	0.904086	0.452071	0.904086	0.452071	0.452071	1.35599	1.35599	0.452071	0.452071	0.452071	0.452071	0.904086	0.452071	0	0.452071	0.452071	0	0.452071	0.452071	0.452071	0.904086	0.452071	0	0.452071	0.452071	0.452071	0.452071	0	0.452071	0.904086	0.452071	0.452071	0.904086	0.452071	0	0	0.452071	1.35599	1.80772	0.904086	0.452071	1.35599	0.904086	1.35599	1.35599	0.904086	2.25923	2.25923	0.904086	1.80772	3.16135	1.35599	1.80772	1.80772	1.35599	3.16135
0	0	0.452028	0.452028	0	0	0.452028	0.452028	0	0.452028	0.452028	0	0.452028	0.452028	0.452028	0.452028	0.452028	0.452028	0.452028	0.452028	0.452028	0.452028	0	0.452028	0.452028	0.452028	0.452028	0	0	0.452028	0.452028	0	0	0	0	0.452028	0.452028	0	0	0	0	0	0	0	0	0	0.452028	0.452028	0	0	0	0	0	0.452028	0.452028	0	0	0.452028	0.452028	0.452028	0.452028	0	0.452028	0.452028	0	0	0.452028	0.452028	0	0.452028	0.904	0.452028	0	0.452028	0.452028	0	0.452028	0.452028	0	0	0.452028	0.452028	0.452028	0.452028	0	0.452028	0.452028	0.452028	0.452028	0	0.452028	0.452028	0	0	0.452028	0.452028	0	0	0.452028	0.452028	0	0	0.452028	0.452028	0	0.452028	0.452028	0	0.452028	0.452028	0	0.452028	0.452028	0	0.452028	0.452028	0	0.452028	0.452028	0.452028	0.452028	0.452028	0.452028	0	0	0.452028	0.452028	0	0.452028	0.452028	0	0	0.452028	0.452028	0	0	0	0.452028	0.452028	0	0	0	0.452028	0.452028	0.452028	0.452028	0.452028	0.452028	0	0.452028	0.452028	0	0.452028	0.452028	0	0.452028	0.904	0.452028	0	0	0.452028	0.452028	0	0.452028	0.452028	0	0	0.452028	0.452028	0	0.452028	0.452028	0.452028	0.452028	1.80755	1.80755	0.452028	0.452028	0.904	1.80755	0.904	0.452028	0.452028	0.452028	1.35586	1.35586	0.452028	0	0.452028	0.452028	0	0	0	0.452028	0.452028	0	0.452028	0.904	0.452028	0.904	0.904	0.452028	0.904	0.452028	0.452028	1.35586	1.35586	0.452028	0.452028	0.452028	0.452028	0.904	0.452028	0	0.452028	0.452028	0	0.452028	0.452028	0.452028	0.904	0.452028	0	0.452028	0.452028	0.452028	0.452028	0	0.452028	0.904	0.452028	0.452028	0.904	0.452028	0	0	0.452028	1.35586	1.80755	0.904	0.452028	1.35586	0.904	1.35586	1.35586	0.904	2.25902	2.25902	0.904	1.80755	3.16105	1.35586	1.80755	1.80755	1.35586	3.16105
0	0	0.451986	0.451986	0	0	0.451986	0.451986	0	0.451986	0.451986	0	0.451986	0.451986	0.451986	0.451986	0.451986	0.451986	0.451986	0.451986	0.451986	0.451986	0	0.451986	0.451986	0.451986	0.451986	0	0	0.451986	0.451986	0	0	0	0	0.451986	0.451986	0	0	0	0	0	0	0	0	0	0.451986	0.451986	0	0	0	0	0	0.451986	0.451986	0	0	0.451986	0.451986	0.451986	0.451986	0	0.451986	0.451986	0	0	0.451986	0.451986	0	0.451986	0.903915	0.451986	0	0.451986	0.451986	0	0.451986	0.451986	0	0	0.451986	0.451986	0.451986	0.451986	0	0.451986	0.451986	0.451986	0.451986	0	0.451986	0.451986	0	0	0.451986	0.451986	0	0	0.451986	0.451986	0	0	0.451986	0.451986	0	0.451986	0.451986	0	0.451986	0.451986	0	0.451986	0.451986	0	0.451986	0.451986	0	0.451986	0.451986	0.451986	0.451986	0.451986	0.451986	0	0	0.451986	0.451986	0	0.451986	0.451986	0	0	0.451986	0.451986	0	0	0	0.451986	0.451986	0	0	0	0.451986	0.451986	0.451986	0.451986	0.451986	0.451986	0	0.451986	0.451986	0	0.451986	0.451986	0	0.451986	0.903915	0.451986	0	0	0.451986	0.451986	0	0.451986	0.451986	0	0	0.451986	0.451986	0	0.451986	0.451986	0.451986	0.451986	1.80738	1.80738	0.451986	0.451986	0.903915	1.80738	0.903915	0.451986	0.451986	0.451986	1.35573	1.35573	0.451986	0	0.451986	0.451986	0	0	0	0.451986	0.451986	0	0.451986	0.903915	0.451986	0.903915	0.903915	0.451986	0.903915	0.451986	0.451986	1.35573	1.35573	0.451986	0.451986	0.451986	0.451986	0.903915	0.451986	0	0.451986	0.451986	0	0.451986	0.451986	0.451986	0.903915	0.451986	0	0.451986	0.451986	0.451986	0.451986	0	0.451986	0.903915	0.451986	0.451986	0.903915	0.451986	0	0	0.451986	1.35573	1.80738	0.903915	0.451986	1.35573	0.903915	1.35573	1.35573	0.903915	2.2588	2.2588	0.903915	1.80738	3.16075	1.35573	1.80738	1.80738	1.35573	3.16075
0	0	0.451943	0.451943	0	0	0.451943	0.451943	0	0.451943	0.451943	0	0.451943	0.451943	0.451943	0.451943	0.451943	0.451943	0.451943	0.451943	0.451943	0.451943	0	0.451943	0.451943	0.451943	0.451943	0	0	0.451943	0.451943	0	0	0	0	0.451943	0.451943	0	0	0	0	0	0	0	0	0	0.451943	0.451943	0	0	0	0	0	0.451943	0.451943	0	0	0.451943	0.451943	0.451943	0.451943	0	0.451943	0.451943	0	0	0.451943	0.451943	0	0.451943	0.903829	0.451943	0	0.451943	0.451943	0	0.451943	0.451943	0	0	0.451943	0.451943	0.451943	0.451943	0	0.451943	0.451943	0.451943	0.451943	0	0.451943	0.451943	0	0	0.451943	0.451943	0	0	0.451943	0.451943	0	0	0.451943	0.451943	0	0.451943	0.451943	0	0.451943	0.451943	0	0.451943	0.451943	0	0.451943	0.451943	0	0.451943	0.451943	0.451943	0.451943	0.451943	0.451943	0	0	0.451943	0.451943	0	0.451943	0.451943	0	0	0.451943	0.451943	0	0	0	0.451943	0.451943	0	0	0	0.451943	0.451943	0.451943	0.451943	0.451943	0.451943	0	0.451943	0.451943	0	0.451943	0.451943	0	0.451943	0.903829	0.451943	0	0	0.451943	0.451943	0	0.451943	0.451943	0	0	0.451943	0.451943	0	0.451943	0.451943	0.451943	0.451943	1.80721	1.80721	0.451943	0.451943	0.903829	1.80721	0.903829	0.451943	0.451943	0.451943	1.3556	1.3556	0.451943	0	0.451943	0.451943	0	0	0	0.451943	0.451943	0	0.451943	0.903829	0.451943	0.903829	0.903829	0.451943	0.903829	0.451943	0.451943	1.3556	1.3556	0.451943	0.451943	0.451943	0.451943	0.903829	0.451943	0	0.451943	0.451943	0	0.451943	0.451943	0.451943	0.903829	0.451943	0	0.451943	0.451943	0.451943	0.451943	0	0.451943	0.903829	0.451943	0.451943	0.903829	0.451943	0	0	0.451943	1.3556	1.80721	0.903829	0.451943	1.3556	0.903829	1.3556	1.3556	0.903829	2.25859	2.25859	0.903829	1.80721	3.16046	1.3556	1.80721	1.80721	1.3556	3.16046
1.02301	0.903801	1.07173	1.21669	1.02301	0.903801	1.07173	1.288	1.24776	1.21669	1.288	1.24776	1.21669	1.288	1.42885	1.42885	1.50705	1.64462	1.64462	1.7278	1.86272	1.86272	1.80715	1.86272	1.86272	1.86272	1.86272	1.80715	1.80715	1.86272	1.86272	1.80715	1.80715	1.80715	1.69803	1.64462	1.7278	1.80715	1.80715	1.69803	1.47281	1.35556	1.35556	1.35556	1.47281	1.69803	1.7278	1.50705	1.35556	1.35556	1.35556	1.35556	1.47281	1.64462	1.50705	1.35556	1.35556	1.288	1.21669	1.21669	1.07173	1.02301	1.36492	1.42885	1.35556	1.35556	1.42885	1.57328	1.69803	1.86272	1.86954	1.64462	1.69803	1.7278	1.50705	1.47281	1.64462	1.50705	1.47281	1.69803	1.86272	1.86272	1.86272	1.86272	1.92333	2.21867	2.30319	2.17225	1.94966	1.92333	2.08241	2.08241	2.14867	2.25852	2.17225	1.94966	1.80715	1.80715	1.86272	1.86272	1.80715	1.80715	1.86272	1.86272	1.80715	1.86272	1.86272	1.80715	1.86272	1.86272	1.80715	1.7278	1.64462	1.69803	1.7278	1.50705	1.47281	1.78585	1.86272	1.7278	1.64462	1.64462	1.50705	1.47281	1.69803	1.7278	1.64462	1.69803	1.7278	1.50705	1.35556	1.47281	1.64462	1.64462	1.69803	1.80715	1.80715	1.7278	1.64462	1.69803	1.80715	1.80715	1.86272	1.86272	1.7278	1.50705	1.42885	1.42885	1.35556	1.288	1.07173	0.903801	0.860391	0.814672	0.798868	0.860391	0.814652	0.357263	0	0	0.4519	0.4519	0	0.4519	0.4519	0	0	0.4519	0.4519	0	0.4519	0.4519	0.4519	0.4519	1.59733	1.72032	1.01045	1.01045	1.28797	2.08234	1.86954	1.78585	1.57328	1.42885	1.94307	2.32518	2.30319	2.14867	2.08241	2.17225	2.14867	1.92333	1.92333	2.08241	1.94966	1.80715	1.86272	2.02026	1.86272	1.86954	1.6677	1.57328	1.9756	1.86272	1.86272	2.10064	1.92328	1.42885	1.57328	1.78585	1.7278	1.6677	1.42885	1.47281	1.78585	1.86272	1.92333	2.08241	1.94966	1.86272	2.02026	1.86272	1.92333	2.08241	1.94966	1.7278	1.50705	1.35556	1.42885	1.47279	1.07173	1.01045	1.27802	1.01045	1.02301	1.24776	1.42885	1.91663	2.1006	1.28797	1.16307	2.08234	1.9756	2.10064	1.92328	1.78583	2.91315	3.20814	2.7283	3.09936	4.01651	2.98227	3.2554	3.2554	3.18036	4.46758
1.07163	0.903715	1.02291	1.21657	1.07163	0.903715	1.02291	1.24764	1.28788	1.21657	1.24764	1.28788	1.21657	1.24764	1.42871	1.42871	1.47267	1.64446	1.64446	1.69787	1.86255	1.86255	1.80698	1.86255	1.86255	1.86255	1.86255	1.80698	1.80698	1.86255	1.86255	1.80698	1.80698	1.80698	1.72764	1.64446	1.69787	1.80698	1.80698	1.72764	1.50691	1.35543	1.35543	1.35543	1.50691	1.72764	1.69787	1.47267	1.35543	1.35543	1.35543	1.35543	1.50691	1.64446	1.47267	1.35543	1.35543	1.24764	1.21657	1.21657	1.02291	1.07163	1.47265	1.42871	1.35543	1.35543	1.42871	1.66754	1.72764	1.86255	1.78568	1.64446	1.72764	1.69787	1.47267	1.50691	1.64446	1.47267	1.50691	1.72764	1.86255	1.86255	1.86255	1.86255	1.94947	2.28631	2.30298	2.14846	1.92315	1.94947	2.08221	2.08221	2.17205	2.25831	2.14846	1.92315	1.80698	1.80698	1.86255	1.86255	1.80698	1.80698	1.86255	1.86255	1.80698	1.86255	1.86255	1.80698	1.86255	1.86255	1.80698	1.69787	1.64446	1.72764	1.69787	1.47267	1.50691	1.86936	1.86255	1.69787	1.64446	1.64446	1.47267	1.50691	1.72764	1.69787	1.64446	1.72764	1.69787	1.47267	1.35543	1.50691	1.64446	1.64446	1.72764	1.80698	1.80698	1.69787	1.64446	1.72764	1.80698	1.80698	1.86255	1.86255	1.69787	1.47267	1.42871	1.42871	1.35543	1.24764	1.02291	0.903715	0.798792	0.814595	0.86031	0.798792	0.505215	0.159764	0	0	0.451857	0.451857	0	0.451857	0.451857	0	0	0.451857	0.451857	0	0.451857	0.451857	0.451857	0.451857	1.15189	1.3172	1.01035	1.01035	1.16296	1.7641	1.78568	1.86936	1.66754	1.42871	1.72023	2.14251	2.30298	2.17205	2.08221	2.14846	2.17205	1.94947	1.94947	2.08221	1.92315	1.80698	1.86255	2.02007	1.86255	1.78568	1.57313	1.66754	2.10045	1.86255	1.86255	1.97542	1.78566	1.42871	1.66754	1.86936	1.69787	1.57313	1.42871	1.50691	1.86936	1.86255	1.94947	2.08221	1.92315	1.86255	2.02007	1.86255	1.94947	2.08221	1.92315	1.69787	1.47267	1.35543	1.42871	1.36479	1.02291	1.01035	1.2779	1.01035	1.07163	1.28788	1.42871	1.91645	1.92308	1.16296	1.28785	2.44241	2.10045	1.97542	1.78566	1.9231	3.09899	3.56777	2.94335	2.98199	4.01613	3.09907	3.25509	3.25509	3.29005	4.63401
0.451814	0	0	0.451814	0.451814	0	0	0	0.451814	0.451814	0	0.451814	0.451814	0	0.451814	0.451814	0	0.451814	0.451814	0	0.451814	0.451814	0	0.451814	0.451814	0.451814	0.451814	0	0	0.451814	0.451814	0	0	0	0.451814	0.451814	0	0	0	0.451814	0.451814	0	0	0	0.451814	0.451814	0	0	0	0	0	0	0.451814	0.451814	0	0	0	0	0.451814	0.451814	0	0.451814	0.903573	0.451814	0	0	0.451814	0.903573	0.451814	0.451814	0.451814	0.451814	0.451814	0	0	0.451814	0.451814	0	0.451814	0.451814	0.451814	0.451814	0.451814	0.451814	0.451814	0.903573	0.451814	0	0	0.451814	0.451814	0.451814	0.451814	0	0	0	0	0	0.451814	0.451814	0	0	0.451814	0.451814	0	0.451814	0.451814	0	0.451814	0.451814	0	0	0.451814	0.451814	0	0	0.451814	0.903573	0.451814	0	0.451814	0.451814	0	0.451814	0.451814	0	0.451814	0.451814	0	0	0	0.451814	0.451814	0.451814	0.451814	0	0	0	0.451814	0.451814	0	0	0.451814	0.451814	0	0	0.451814	0.451814	0	0	0	0	0	0.451814	0.451814	0	0	0	0	0	0.451814	0.451814	0	0.451814	0.451814	0	0	0.451814	0.451814	0	0.451814	0.451814	0.451814	0.451814	0.903573	0.903573	0.451814	0.451814	0.451814	0.903573	0.451814	0.903573	0.903573	0.451814	0.451814	0.451814	0.451814	0.451814	0.451814	0	0.451814	0.451814	0.451814	0.451814	0	0	0.451814	0.903573	0.451814	0.451814	0.451814	0.903573	1.35522	0.451814	0.451814	0.903573	0.903573	0.451814	0.903573	0.903573	0	0.451814	0.451814	0.451814	0.903573	0.451814	0.451814	0.451814	0	0.451814	0.903573	0.451814	0.451814	0.451814	0	0	0	0	0.451814	0.451814	0	0.451814	0.903573	0.451814	0.451814	0.451814	0.451814	1.35522	1.35522	0.451814	0.903573	2.25795	1.35522	0.903573	0.903573	1.35522	2.70892	3.15956	1.8067	1.35522	3.15956	1.8067	1.8067	1.8067	1.8067	3.60981
0.451772	0	0	0.451772	0.451772	0	0	0	0.451772	0.451772	0	0.451772	0.451772	0	0.451772	0.451772	0	0.451772	0.451772	0	0.451772	0.451772	0	0.451772	0.451772	0.451772	0.451772	0	0	0.451772	0.451772	0	0	0	0.451772	0.451772	0	0	0	0.451772	0.451772	0	0	0	0.451772	0.451772	0	0	0	0	0	0	0.451772	0.451772	0	0	0	0	0.451772	0.451772	0	0.451772	0.903487	0.451772	0	0	0.451772	0.903487	0.451772	0.451772	0.451772	0.451772	0.451772	0	0	0.451772	0.451772	0	0.451772	0.451772	0.451772	0.451772	0.451772	0.451772	0.451772	0.903487	0.451772	0	0	0.451772	0.451772	0.451772	0.451772	0	0	0	0	0	0.451772	0.451772	0	0	0.451772	0.451772	0	0.451772	0.451772	0	0.451772	0.451772	0	0	0.451772	0.451772	0	0	0.451772	0.903487	0.451772	0	0.451772	0.451772	0	0.451772	0.451772	0	0.451772	0.451772	0	0	0	0.451772	0.451772	0.451772	0.451772	0	0	0	0.451772	0.451772	0	0	0.451772	0.451772	0	0	0.451772	0.451772	0	0	0	0	0	0.451772	0.451772	0	0	0	0	0	0.451772	0.451772	0	0.451772	0.451772	0	0	0.451772	0.451772	0	0.451772	0.451772	0.451772	0.451772	0.903487	0.903487	0.451772	0.451772	0.451772	0.903487	0.451772	0.903487	0.903487	0.451772	0.451772	0.451772	0.451772	0.451772	0.451772	0	0.451772	0.451772	0.451772	0.451772	0	0	0.451772	0.903487	0.451772	0.451772	0.451772	0.903487	1.35509	0.451772	0.451772	0.903487	0.903487	0.451772	0.903487	0.903487	0	0.451772	0.451772	0.451772	0.903487	0.451772	0.451772	0.451772	0	0.451772	0.903487	0.451772	0.451772	0.451772	0	0	0	0	0.451772	0.451772	0	0.451772	0.903487	0.451772	0.451772	0.451772	0.451772	1.35509	1.35509	0.451772	0.903487	2.25774	1.35509	0.903487	0.903487	1.35509	2.70867	3.15926	1.80653	1.35509	3.15926	1.80653	1.80653	1.80653	1.80653	3.60947
0.451729	0	0	0.451729	0.451729	0	0	0	0.451729	0.451729	0	0.451729	0.451729	0	0.451729	0.451729	0	0.451729	0.451729	0	0.451729	0.451729	0	0.451729	0.451729	0.451729	0.451729	0	0	0.451729	0.451729	0	0	0	0.451729	0.451729	0	0	0	0.451729	0.451729	0	0	0	0.451729	0.451729	0	0	0	0	0	0	0.451729	0.451729	0	0	0	0	0.451729	0.451729	0	0.451729	0.903402	0.451729	0	0	0.451729	0.903402	0.451729	0.451729	0.451729	0.451729	0.451729	0	0	0.451729	0.451729	0	0.451729	0.451729	0.451729	0.451729	0.451729	0.451729	0.451729	0.903402	0.451729	0	0	0.451729	0.451729	0.451729	0.451729	0	0	0	0	0	0.451729	0.451729	0	0	0.451729	0.451729	0	0.451729	0.451729	0	0.451729	0.451729	0	0	0.451729	0.451729	0	0	0.451729	0.903402	0.451729	0	0.451729	0.451729	0	0.451729	0.451729	0	0.451729	0.451729	0	0	0	0.451729	0.451729	0.451729	0.451729	0	0	0	0.451729	0.451729	0	0	0.451729	0.451729	0	0	0.451729	0.451729	0	0	0	0	0	0.451729	0.451729	0	0	0	0	0	0.451729	0.451729	0	0.451729	0.451729	0	0	0.451729	0.451729	0	0.451729	0.451729	0.451729	0.451729	0.903402	0.903402	0.451729	0.451729	0.451729	0.903402	0.451729	0.903402	0.903402	0.451729	0.451729	0.451729	0.451729	0.451729	0.451729	0	0.451729	0.451729	0.451729	0.451729	0	0	0.451729	0.903402	0.451729	0.451729	0.451729	0.903402	1.35496	0.451729	0.451729	0.903402	0.903402	0.451729	0.903402	0.903402	0	0.451729	0.451729	0.451729	0.903402	0.451729	0.451729	0.451729	0	0.451729	0.903402	0.451729	0.451729	0.451729	0	0	0	0	0.451729	0.451729	0	0.451729	0.903402	0.451729	0.451729	0.451729	0.451729	1.35496	1.35496	0.451729	0.903402	2.25752	1.35496	0.903402	0.903402	1.35496	2.70841	3.15896	1.80635	1.35496	3.15896	1.80635	1.80635	1.80635	1.80635	3.60913
0.357094	0	0	0.357094	0.479099	0.451715	0.357112	0.159703	0.357094	0.479099	0.451715	0.638788	0.638788	0.451715	0.658455	0.859984	0.903373	1.00997	1.00997	0.903373	1.07123	1.28739	1.35492	1.42817	1.42817	1.50634	1.72699	1.69723	1.47212	1.50634	1.72699	1.8063	1.69723	1.47212	1.50634	1.72699	1.8063	1.69723	1.47212	1.50634	1.72699	1.8063	1.8063	1.8063	1.72699	1.50634	1.35492	1.35492	1.35492	1.35492	1.47212	1.69723	1.72699	1.50634	1.35492	1.47212	1.69723	1.8063	1.72699	1.64384	1.69723	1.72699	1.66691	1.42817	1.47212	1.69723	1.72699	1.66691	1.42817	1.28739	1.21611	1.21611	1.07123	1.02252	1.24717	1.42817	1.57254	1.69723	1.72699	1.50634	1.57254	1.78501	1.86184	1.86184	1.72699	1.66691	1.42817	1.47212	1.69723	1.72699	1.50634	1.28739	1.07123	1.02252	1.24717	1.35492	1.47212	1.69723	1.72699	1.50634	1.35492	1.47212	1.64384	1.64384	1.69723	1.72699	1.50634	1.47212	1.64384	1.50634	1.47212	1.69723	1.72699	1.50634	1.47212	1.69723	1.72699	1.66691	1.42817	1.35492	1.42817	1.42817	1.35492	1.42817	1.42817	1.35492	1.42817	1.42817	1.35492	1.35492	1.35492	1.42817	1.42817	1.42817	1.42817	1.35492	1.35492	1.35492	1.42817	1.42817	1.35492	1.35492	1.42817	1.42817	1.35492	1.35492	1.42817	1.42817	1.35492	1.35492	1.35492	1.35492	1.47212	1.64384	1.50634	1.35492	1.35492	1.35492	1.47212	1.69723	1.72699	1.50634	1.35492	1.28739	1.07123	0.903373	0.903373	1.00997	1.00997	0.903373	1.00997	1.00997	1.07123	1.28739	1.62824	1.62824	1.50634	1.72699	1.86184	2.01931	1.86184	2.07528	2.28545	2.3021	2.3021	2.3021	2.3021	2.39423	2.61759	2.70833	2.8412	3.06497	3.06497	2.8412	2.70833	2.82325	3.09795	3.28498	3.19086	3.06497	2.8412	2.85457	3.0274	2.74562	2.74562	2.85457	2.85457	2.74562	2.713	2.49823	2.49315	3.01059	3.19086	3.19086	3.14677	2.8412	2.74562	2.87676	3.04835	3.06497	2.79154	2.39423	2.3021	2.3021	2.25745	2.25745	2.25745	2.37288	2.65617	2.87676	3.04835	3.19086	3.42498	3.54158	3.63702	3.63702	3.76383	4.06492	4.06492	3.98627	4.15737	4.48817	3.92215	3.71976	3.71976	3.85368	4.66496	5.27701	4.79329	4.84573	5.68169	4.91816	4.85353	4.85353	4.85353	5.76521
0.159688	0	0	0.159688	0.357079	0.451672	0.479054	0.357061	0.159688	0.357079	0.451672	0.638727	0.638727	0.451672	0.575762	0.798415	0.903288	1.00987	1.00987	0.903288	1.02243	1.24705	1.35479	1.42804	1.42804	1.47198	1.69707	1.72682	1.50619	1.47198	1.69707	1.80613	1.72682	1.50619	1.47198	1.69707	1.80613	1.72682	1.50619	1.47198	1.69707	1.80613	1.80613	1.80613	1.69707	1.47198	1.35479	1.35479	1.35479	1.35479	1.50619	1.72682	1.69707	1.47198	1.35479	1.50619	1.72682	1.80613	1.69707	1.64369	1.72682	1.69707	1.57239	1.42804	1.50619	1.72682	1.69707	1.57239	1.42804	1.24705	1.216	1.216	1.02243	1.07112	1.28727	1.42804	1.66675	1.72682	1.69707	1.47198	1.66675	1.86848	1.86167	1.86167	1.69707	1.57239	1.42804	1.50619	1.72682	1.69707	1.47198	1.24705	1.02243	1.07112	1.28727	1.35479	1.50619	1.72682	1.69707	1.47198	1.35479	1.50619	1.64369	1.64369	1.72682	1.69707	1.47198	1.50619	1.64369	1.47198	1.50619	1.72682	1.69707	1.47198	1.50619	1.72682	1.69707	1.57239	1.42804	1.35479	1.42804	1.42804	1.35479	1.42804	1.42804	1.35479	1.42804	1.42804	1.35479	1.35479	1.35479	1.42804	1.42804	1.42804	1.42804	1.35479	1.35479	1.35479	1.42804	1.42804	1.35479	1.35479	1.42804	1.42804	1.35479	1.35479	1.42804	1.42804	1.35479	1.35479	1.35479	1.35479	1.50619	1.64369	1.47198	1.35479	1.35479	1.35479	1.50619	1.72682	1.69707	1.47198	1.35479	1.24705	1.02243	0.903288	0.903288	1.00987	1.00987	0.903288	1.00987	1.00987	1.02243	1.24705	1.62809	1.62809	1.47198	1.69707	1.86167	2.01912	1.86167	2.00013	2.21742	2.30189	2.30189	2.30189	2.30189	2.37266	2.59784	2.70807	2.82298	3.04806	3.04806	2.82298	2.70807	2.84093	3.14647	3.28467	3.19056	3.04806	2.82298	2.8543	3.02711	2.74536	2.74536	2.8543	2.8543	2.74536	2.65592	2.43614	2.57324	3.14242	3.19056	3.19056	3.09766	2.82298	2.74536	2.92901	3.06468	3.04806	2.71744	2.37266	2.30189	2.30189	2.25724	2.25724	2.25724	2.394	2.71275	2.92901	3.06468	3.19056	3.49797	3.58397	3.63668	3.63668	3.80368	4.06454	4.06454	4.02384	4.15697	4.38511	3.85662	3.71941	3.71941	3.85332	4.80329	5.57374	4.88677	4.9177	5.68116	4.84528	4.85308	4.85308	4.85308	5.76467
0	0	0	0	0	0	0.451601	0.451601	0	0	0	0.451601	0.451601	0	0	0	0	0.451601	0.451601	0	0	0	0	0.451601	0.451601	0	0	0.451601	0.451601	0	0	0	0.451601	0.451601	0	0	0	0.451601	0.451601	0	0	0	0	0	0	0	0	0	0	0	0.451601	0.451601	0	0	0	0.451601	0.451601	0	0	0.451601	0.451601	0	0.451601	0.451601	0.451601	0.451601	0	0.451601	0.451601	0	0.451601	0.451601	0	0.451601	0.451601	0.451601	0.903145	0.451601	0	0	0.903145	0.903145	0.451601	0.451601	0	0.451601	0.451601	0.451601	0.451601	0	0	0	0	0.451601	0.451601	0	0.451601	0.451601	0	0	0	0.451601	0.451601	0.451601	0.451601	0	0	0.451601	0.451601	0	0.451601	0.451601	0	0	0.451601	0.451601	0	0.451601	0.451601	0	0.451601	0.451601	0	0.451601	0.451601	0	0.451601	0.451601	0	0	0	0.451601	0.451601	0.451601	0.451601	0	0	0	0.451601	0.451601	0	0	0.451601	0.451601	0	0	0.451601	0.451601	0	0	0	0	0.451601	0.451601	0	0	0	0	0.451601	0.451601	0	0	0	0	0	0	0	0.451601	0.451601	0	0.451601	0.451601	0	0	0.903145	0.903145	0	0	0.451601	0.903145	0.451601	0.451601	0.451601	0.451601	0.451601	0.451601	0.451601	0	0	0	0	0	0	0	0	0.451601	0.903145	0.903145	0.451601	0	0	0.903145	1.35458	0.451601	0.451601	0.903145	0.903145	0.451601	0.451601	0.451601	0.903145	1.35458	0.451601	0.451601	0.451601	0	0.451601	0.903145	0.451601	0	0	0	0.451601	0.451601	0	0	0	0.451601	0.903145	0.903145	0.451601	0.451601	1.35458	0.903145	0.451601	0.451601	0.903145	1.35458	1.35458	0.903145	0.903145	1.80584	0.903145	0.903145	0.903145	1.35458	3.15807	4.05769	2.25688	1.80584	3.15807	1.35458	1.80584	1.80584	1.80584	3.6081
0	0	0	0	0	0	0.451551	0.451551	0	0	0	0.451551	0.451551	0	0	0	0	0.451551	0.451551	0	0	0	0	0.451551	0.451551	0	0	0.451551	0.451551	0	0	0	0.451551	0.451551	0	0	0	0.451551	0.451551	0	0	0	0	0	0	0	0	0	0	0	0.451551	0.451551	0	0	0	0.451551	0.451551	0	0	0.451551	0.451551	0	0.451551	0.451551	0.451551	0.451551	0	0.451551	0.451551	0	0.451551	0.451551	0	0.451551	0.451551	0.451551	0.903046	0.451551	0	0	0.903046	0.903046	0.451551	0.451551	0	0.451551	0.451551	0.451551	0.451551	0	0	0	0	0.451551	0.451551	0	0.451551	0.451551	0	0	0	0.451551	0.451551	0.451551	0.451551	0	0	0.451551	0.451551	0	0.451551	0.451551	0	0	0.451551	0.451551	0	0.451551	0.451551	0	0.451551	0.451551	0	0.451551	0.451551	0	0.451551	0.451551	0	0	0	0.451551	0.451551	0.451551	0.451551	0	0	0	0.451551	0.451551	0	0	0.451551	0.451551	0	0	0.451551	0.451551	0	0	0	0	0.451551	0.451551	0	0	0	0	0.451551	0.451551	0	0	0	0	0	0	0	0.451551	0.451551	0	0.451551	0.451551	0	0	0.903046	0.903046	0	0	0.451551	0.903046	0.451551	0.451551	0.451551	0.451551	0.451551	0.451551	0.451551	0	0	0	0	0	0	0	0	0.451551	0.903046	0.903046	0.451551	0	0	0.903046	1.35443	0.451551	0.451551	0.903046	0.903046	0.451551	0.451551	0.451551	0.903046	1.35443	0.451551	0.451551	0.451551	0	0.451551	0.903046	0.451551	0	0	0	0.451551	0.451551	0	0	0	0.451551	0.903046	0.903046	0.451551	0.451551	1.35443	0.903046	0.451551	0.451551	0.903046	1.35443	1.35443	0.903046	0.903046	1.80564	0.903046	0.903046	0.903046	1.35443	3.15772	4.05725	2.25663	1.80564	3.15772	1.35443	1.80564	1.80564	1.80564	3.60771
0	0	0	0	0	0	0.451508	0.451508	0	0	0	0.451508	0.451508	0	0	0	0	0.451508	0.451508	0	0	0	0	0.451508	0.451508	0	0	0.451508	0.451508	0	0	0	0.451508	0.451508	0	0	0	0.451508	0.451508	0	0	0	0	0	0	0	0	0	0	0	0.451508	0.451508	0	0	0	0.451508	0.451508	0	0	0.451508	0.451508	0	0.451508	0.451508	0.451508	0.451508	0	0.451508	0.451508	0	0.451508	0.451508	0	0.451508	0.451508	0.451508	0.90296	0.451508	0	0	0.90296	0.90296	0.451508	0.451508	0	0.451508	0.451508	0.451508	0.451508	0	0	0	0	0.451508	0.451508	0	0.451508	0.451508	0	0	0	0.451508	0.451508	0.451508	0.451508	0	0	0.451508	0.451508	0	0.451508	0.451508	0	0	0.451508	0.451508	0	0.451508	0.451508	0	0.451508	0.451508	0	0.451508	0.451508	0	0.451508	0.451508	0	0	0	0.451508	0.451508	0.451508	0.451508	0	0	0	0.451508	0.451508	0	0	0.451508	0.451508	0	0	0.451508	0.451508	0	0	0	0	0.451508	0.451508	0	0	0	0	0.451508	0.451508	0	0	0	0	0	0	0	0.451508	0.451508	0	0.451508	0.451508	0	0	0.90296	0.90296	0	0	0.451508	0.90296	0.451508	0.451508	0.451508	0.451508	0.451508	0.451508	0.451508	0	0	0	0	0	0	0	0	0.451508	0.90296	0.90296	0.451508	0	0	0.90296	1.3543	0.451508	0.451508	0.90296	0.90296	0.451508	0.451508	0.451508	0.90296	1.3543	0.451508	0.451508	0.451508	0	0.451508	0.90296	0.451508	0	0	0	0.451508	0.451508	0	0	0	0.451508	0.90296	0.90296	0.451508	0.451508	1.3543	0.90296	0.451508	0.451508	0.90296	1.3543	1.3543	0.90296	0.90296	1.80547	0.90296	0.90296	0.90296	1.3543	3.15742	4.05687	2.25642	1.80547	3.15742	1.3543	1.80547	1.80547	1.80547	3.60737
0.451501	0.451501	0.451501	0.451501	0.451501	0.451501	0.478869	0.35692	0	0	0	0.35692	0.478869	0.451501	0.451501	0.451501	0.575544	0.930727	1.28678	1.35428	1.35428	1.35428	1.35428	1.50562	1.72617	1.69643	1.47142	1.50562	1.72617	1.80544	1.80544	1.80544	1.86096	1.86096	1.80544	1.80544	1.80544	1.94781	2.08044	1.92152	1.80544	1.80544	1.80544	1.69643	1.47142	1.35428	1.35428	1.35428	1.47142	1.69643	1.72617	1.50562	1.35428	1.35428	1.35428	1.42749	1.42749	1.35428	1.35428	1.42749	1.42749	1.35428	1.42749	1.42749	1.28678	1.07072	1.02204	1.21553	1.07072	1.02204	1.36363	1.42749	1.35428	1.42749	1.42749	1.42749	1.62747	1.42749	1.35428	1.35428	1.47139	1.28675	1.00949	1.00949	0.902946	1.00949	1.00949	1.00949	1.00949	0.902946	1.02204	1.24658	1.35428	1.42749	1.42749	1.35428	1.42749	1.42749	1.35428	1.47142	1.69643	1.72617	1.64306	1.64306	1.50562	1.35428	1.35428	1.42749	1.42749	1.35428	1.28678	1.21553	1.24658	1.35428	1.42749	1.42749	1.35428	1.28678	1.07072	1.02204	1.21553	1.21553	1.24658	1.28678	1.07072	1.02204	1.21553	1.07072	1.02204	1.24658	1.35428	1.42749	1.42749	1.28678	1.07072	1.02204	1.24658	1.35428	1.42749	1.42749	1.35428	1.35428	1.42749	1.42749	1.35428	1.35428	1.42749	1.42749	1.35428	1.47142	1.69643	1.80544	1.72617	1.50562	1.35428	1.47142	1.69643	1.80544	1.72617	1.50562	1.47142	1.69643	1.80544	1.80544	1.80544	1.69643	1.47142	1.50562	1.72617	1.80544	1.94781	2.1702	2.25639	2.25639	2.49705	2.71172	2.59686	2.37176	2.30102	2.49705	2.61635	2.74432	2.74432	2.83985	3.06353	3.18936	3.18936	3.15737	3.15737	3.15737	3.15737	3.15737	3.15737	3.27184	3.49668	3.6353	3.58262	3.36358	3.18936	3.27184	3.49668	3.71801	3.85186	3.6353	3.6353	3.85516	4.07235	4.08168	4.08168	4.08168	4.02232	3.92029	3.6353	3.6353	3.6353	3.60731	3.6353	3.71801	3.6353	3.60731	3.72143	3.94608	4.08168	4.08168	4.0568	4.28727	4.73542	4.97456	5.16603	5.38571	5.42067	5.54237	5.91966	5.91755	5.86639	5.86639	5.91755	6.27171	6.70413	6.80047	6.92613	7.32543	7.24157	7.36618	7.58608	7.87559	8.44825	8.51821	7.59915	7.27077	7.48687	6.8736	6.83894	6.62338	6.40813	6.74495
0.451458	0.451458	0.451458	0.451458	0.451458	0.451458	0.356909	0.159611	0	0	0	0.159611	0.356909	0.451458	0.451458	0.451458	0.658079	0.930639	1.24646	1.35415	1.35415	1.35415	1.35415	1.47128	1.69627	1.726	1.50548	1.47128	1.69627	1.80527	1.80527	1.80527	1.86079	1.86079	1.80527	1.80527	1.80527	1.92133	2.08024	1.94763	1.80527	1.80527	1.80527	1.726	1.50548	1.35415	1.35415	1.35415	1.50548	1.726	1.69627	1.47128	1.35415	1.35415	1.35415	1.42736	1.42736	1.35415	1.35415	1.42736	1.42736	1.35415	1.42736	1.42736	1.24646	1.02194	1.07062	1.21542	1.02194	1.07062	1.47125	1.42736	1.35415	1.42736	1.42736	1.42736	1.62731	1.42736	1.35415	1.35415	1.3635	1.16186	1.00939	1.00939	0.902861	1.00939	1.00939	1.00939	1.00939	0.902861	1.07062	1.28666	1.35415	1.42736	1.42736	1.35415	1.42736	1.42736	1.35415	1.50548	1.726	1.69627	1.64291	1.64291	1.47128	1.35415	1.35415	1.42736	1.42736	1.35415	1.24646	1.21542	1.28666	1.35415	1.42736	1.42736	1.35415	1.24646	1.02194	1.07062	1.21542	1.21542	1.28666	1.24646	1.02194	1.07062	1.21542	1.02194	1.07062	1.28666	1.35415	1.42736	1.42736	1.24646	1.02194	1.07062	1.28666	1.35415	1.42736	1.42736	1.35415	1.35415	1.42736	1.42736	1.35415	1.35415	1.42736	1.42736	1.35415	1.50548	1.726	1.80527	1.69627	1.47128	1.35415	1.50548	1.726	1.80527	1.69627	1.47128	1.50548	1.726	1.80527	1.80527	1.80527	1.726	1.50548	1.47128	1.69627	1.80527	1.92133	2.14644	2.25617	2.25617	2.43499	2.65466	2.61611	2.39287	2.3008	2.43499	2.59661	2.74407	2.74407	2.82165	3.04662	3.18906	3.18906	3.15708	3.15708	3.15708	3.15708	3.15708	3.15708	3.287	3.51082	3.63496	3.53958	3.31771	3.18906	3.287	3.51082	3.71766	3.85149	3.63496	3.63496	3.91992	4.13363	4.08129	4.08129	4.08129	3.98401	3.8548	3.63496	3.63496	3.63496	3.60697	3.63496	3.71766	3.63496	3.60697	3.73467	3.95852	4.08129	4.08129	4.05642	4.33379	4.77743	4.97409	5.21409	5.43174	5.42016	5.56902	5.9782	5.917	5.86584	5.86584	5.917	6.39773	6.82182	6.79983	6.96145	7.38572	7.24089	7.39924	7.6181	7.91888	8.44746	8.32939	7.53926	7.22191	7.39917	6.87295	6.78694	6.56965	6.35255	6.53327
0	0	0	0	0	0	0	0	0	0	0	0	0	0	0	0	0.45138	0.45138	0	0	0	0	0	0	0	0.45138	0.45138	0	0	0	0	0	0.45138	0.45138	0	0	0	0	0.45138	0.45138	0	0	0	0.45138	0.45138	0	0	0	0.45138	0.45138	0	0	0	0	0	0.45138	0.45138	0	0	0.45138	0.45138	0	0.45138	0.45138	0	0	0.45138	0.45138	0	0.45138	0.902704	0.45138	0	0.45138	0.45138	0.45138	0.902704	0.45138	0	0	0.45138	0.45138	0.45138	0.45138	0	0.45138	0.45138	0.45138	0.45138	0	0.45138	0.45138	0	0.45138	0.45138	0	0.45138	0.45138	0	0.45138	0.45138	0	0.45138	0.45138	0	0	0	0.45138	0.45138	0	0	0.45138	0.45138	0	0.45138	0.45138	0	0	0	0.45138	0.45138	0.45138	0.45138	0	0	0.45138	0.45138	0	0.45138	0.45138	0	0.45138	0.45138	0	0	0.45138	0.45138	0	0.45138	0.45138	0	0	0.45138	0.45138	0	0	0.45138	0.45138	0	0.45138	0.45138	0	0	0	0	0.45138	0.45138	0	0	0	0.45138	0.45138	0	0	0	0.45138	0.45138	0	0	0	0	0	0	0	0.45138	0.45138	0.45138	0.45138	0.45138	0.45138	0	0.45138	0.45138	0	0	0.45138	0.45138	0	0	0	0	0	0	0.45138	0.45138	0.45138	0.45138	0.45138	0.45138	0.45138	0.45138	0.902704	1.35392	0.45138	0.45138	1.35392	1.35392	0.45138	0.45138	0.45138	0.45138	0.902704	0.45138	0.45138	0.45138	0	0.45138	0.902704	0.45138	0	0.45138	0.45138	0.45138	0.45138	0	0.902704	0.902704	0.45138	1.35392	1.35392	0.45138	0.902704	1.80496	0.902704	0.45138	0.45138	0.902704	2.25578	2.25578	0.902704	1.35392	2.25578	0.902704	1.35392	1.35392	1.80496	3.15653	3.15653	1.80496	1.35392	2.70632	1.35392	1.35392	1.35392	1.35392	2.70632
0	0	0	0	0	0	0	0	0	0	0	0	0	0	0	0	0.451338	0.451338	0	0	0	0	0	0	0	0.451338	0.451338	0	0	0	0	0	0.451338	0.451338	0	0	0	0	0.451338	0.451338	0	0	0	0.451338	0.451338	0	0	0	0.451338	0.451338	0	0	0	0	0	0.451338	0.451338	0	0	0.451338	0.451338	0	0.451338	0.451338	0	0	0.451338	0.451338	0	0.451338	0.902619	0.451338	0	0.451338	0.451338	0.451338	0.902619	0.451338	0	0	0.451338	0.451338	0.451338	0.451338	0	0.451338	0.451338	0.451338	0.451338	0	0.451338	0.451338	0	0.451338	0.451338	0	0.451338	0.451338	0	0.451338	0.451338	0	0.451338	0.451338	0	0	0	0.451338	0.451338	0	0	0.451338	0.451338	0	0.451338	0.451338	0	0	0	0.451338	0.451338	0.451338	0.451338	0	0	0.451338	0.451338	0	0.451338	0.451338	0	0.451338	0.451338	0	0	0.451338	0.451338	0	0.451338	0.451338	0	0	0.451338	0.451338	0	0	0.451338	0.451338	0	0.451338	0.451338	0	0	0	0	0.451338	0.451338	0	0	0	0.451338	0.451338	0	0	0	0.451338	0.451338	0	0	0	0	0	0	0	0.451338	0.451338	0.451338	0.451338	0.451338	0.451338	0	0.451338	0.451338	0	0	0.451338	0.451338	0	0	0	0	0	0	0.451338	0.451338	0.451338	0.451338	0.451338	0.451338	0.451338	0.451338	0.902619	1.35379	0.451338	0.451338	1.35379	1.35379	0.451338	0.451338	0.451338	0.451338	0.902619	0.451338	0.451338	0.451338	0	0.451338	0.902619	0.451338	0	0.451338	0.451338	0.451338	0.451338	0	0.902619	0.902619	0.451338	1.35379	1.35379	0.451338	0.902619	1.80479	0.902619	0.451338	0.451338	0.902619	2.25557	2.25557	0.902619	1.35379	2.25557	0.902619	1.35379	1.35379	1.80479	3.15623	3.15623	1.80479	1.35379	2.70607	1.35379	1.35379	1.35379	1.35379	2.70607
0	0	0	0	0	0	0	0	0	0	0	0	0	0	0	0	0.451295	0.451295	0	0	0	0	0	0	0	0.451295	0.451295	0	0	0	0	0	0.451295	0.451295	0	0	0	0	0.451295	0.451295	0	0	0	0.451295	0.451295	0	0	0	0.451295	0.451295	0	0	0	0	0	0.451295	0.451295	0	0	0.451295	0.451295	0	0.451295	0.451295	0	0	0.451295	0.451295	0	0.451295	0.902534	0.451295	0	0.451295	0.451295	0.451295	0.902534	0.451295	0	0	0.451295	0.451295	0.451295	0.451295	0	0.451295	0.451295	0.451295	0.451295	0	0.451295	0.451295	0	0.451295	0.451295	0	0.451295	0.451295	0	0.451295	0.451295	0	0.451295	0.451295	0	0	0	0.451295	0.451295	0	0	0.451295	0.451295	0	0.451295	0.451295	0	0	0	0.451295	0.451295	0.451295	0.451295	0	0	0.451295	0.451295	0	0.451295	0.451295	0	0.451295	0.451295	0	0	0.451295	0.451295	0	0.451295	0.451295	0	0	0.451295	0.451295	0	0	0.451295	0.451295	0	0.451295	0.451295	0	0	0	0	0.451295	0.451295	0	0	0	0.451295	0.451295	0	0	0	0.451295	0.451295	0	0	0	0	0	0	0	0.451295	0.451295	0.451295	0.451295	0.451295	0.451295	0	0.451295	0.451295	0	0	0.451295	0.451295	0	0	0	0	0	0	0.451295	0.451295	0.451295	0.451295	0.451295	0.451295	0.451295	0.451295	0.902534	1.35366	0.451295	0.451295	1.35366	1.35366	0.451295	0.451295	0.451295	0.451295	0.902534	0.451295	0.451295	0.451295	0	0.451295	0.902534	0.451295	0	0.451295	0.451295	0.451295	0.451295	0	0.902534	0.902534	0.451295	1.35366	1.35366	0.451295	0.902534	1.80462	0.902534	0.451295	0.451295	0.902534	2.25536	2.25536	0.902534	1.35366	2.25536	0.902534	1.35366	1.35366	1.80462	3.15593	3.15593	1.80462	1.35366	2.70581	1.35366	1.35366	1.35366	1.35366	2.70581
0	0	0	0	0	0	0	0	0	0	0	0	0	0	0	0	0.451252	0.451252	0	0	0	0	0	0	0	0.451252	0.451252	0	0	0	0	0	0.451252	0.451252	0	0	0	0	0.451252	0.451252	0	0	0	0.451252	0.451252	0	0	0	0.451252	0.451252	0	0	0	0	0	0.451252	0.451252	0	0	0.451252	0.451252	0	0.451252	0.451252	0	0	0.451252	0.451252	0	0.451252	0.902449	0.451252	0	0.451252	0.451252	0.451252	0.902449	0.451252	0	0	0.451252	0.451252	0.451252	0.451252	0	0.451252	0.451252	0.451252	0.451252	0	0.451252	0.451252	0	0.451252	0.451252	0	0.451252	0.451252	0	0.451252	0.451252	0	0.451252	0.451252	0	0	0	0.451252	0.451252	0	0	0.451252	0.451252	0	0.451252	0.451252	0	0	0	0.451252	0.451252	0.451252	0.451252	0	0	0.451252	0.451252	0	0.451252	0.451252	0	0.451252	0.451252	0	0	0.451252	0.451252	0	0.451252	0.451252	0	0	0.451252	0.451252	0	0	0.451252	0.451252	0	0.451252	0.451252	0	0	0	0	0.451252	0.451252	0	0	0	0.451252	0.451252	0	0	0	0.451252	0.451252	0	0	0	0	0	0	0	0.451252	0.451252	0.451252	0.451252	0.451252	0.451252	0	0.451252	0.451252	0	0	0.451252	0.451252	0	0	0	0	0	0	0.451252	0.451252	0.451252	0.451252	0.451252	0.451252	0.451252	0.451252	0.902449	1.35353	0.451252	0.451252	1.35353	1.35353	0.451252	0.451252	0.451252	0.451252	0.902449	0.451252	0.451252	0.451252	0	0.451252	0.902449	0.451252	0	0.451252	0.451252	0.451252	0.451252	0	0.902449	0.902449	0.451252	1.35353	1.35353	0.451252	0.902449	1.80445	0.902449	0.451252	0.451252	0.902449	2.25514	2.25514	0.902449	1.35353	2.25514	0.902449	1.35353	1.35353	1.80445	3.15564	3.15564	1.80445	1.35353	2.70556	1.35353	1.35353	1.35353	1.35353	2.70556
0	0	0	0	0	0	0	0	0.159536	0.356741	0.451245	0.451245	0.575218	0.79766	0.902434	0.902434	0.859088	0.813436	0.79766	0.902434	0.902434	0.902434	0.902434	1.02146	1.24587	1.42669	1.42669	1.35351	1.35351	1.35351	1.24587	1.02146	1.07011	1.28605	1.35351	1.35351	1.35351	1.24587	1.21484	1.28605	1.35351	1.24587	1.02146	1.07011	1.28605	1.35351	1.35351	1.35351	1.28605	1.07011	0.902434	0.902434	1.02146	1.24587	1.35351	1.28605	1.07011	0.902434	1.02146	1.21484	1.07011	0.902434	1.00892	1.00892	0.902434	0.902434	1.00892	1.00892	0.902434	1.00892	1.27608	1.00892	0.902434	1.00892	1.00892	1.00892	1.11661	0.657768	0.575218	0.79766	1.00892	1.00892	0.859088	0.657768	0.575218	0.970341	1.00892	0.859088	0.657768	0.575218	0.813436	0.813436	0.79766	1.00892	1.00892	0.902434	1.00892	1.00892	0.902434	1.00892	1.00892	0.902434	1.00892	1.00892	0.902434	1.02146	1.24587	1.28605	1.21484	1.24587	1.35351	1.42669	1.42669	1.35351	1.42669	1.42669	1.35351	1.47059	1.69546	1.72519	1.64213	1.64213	1.50477	1.35351	1.35351	1.42669	1.42669	1.35351	1.42669	1.42669	1.35351	1.42669	1.42669	1.47059	1.69546	1.72519	1.50477	1.47059	1.64213	1.50477	1.47059	1.69546	1.85991	1.85991	1.80442	1.80442	1.72519	1.64213	1.69546	1.72519	1.50477	1.47059	1.69546	1.92043	2.14542	2.16897	1.94671	1.80442	1.92043	2.14542	2.16897	1.94671	1.80442	1.80442	1.80442	1.94671	2.16897	2.25511	2.25511	2.25511	2.25511	2.25511	2.25511	2.25511	2.29971	2.29971	2.29971	2.29971	2.39174	2.61487	2.70551	2.74277	2.74277	2.70551	2.70551	2.83825	3.06179	3.15559	3.15559	3.15559	3.26998	3.4947	3.71932	3.98213	4.07937	3.95665	3.85628	3.98213	4.07937	4.20447	4.42691	4.46099	4.34628	4.07937	4.07937	4.13169	4.0607	3.98213	4.07937	4.07937	4.07937	4.02005	3.73291	3.63325	3.63325	3.60527	3.63325	3.85298	3.98213	4.16826	4.42691	4.52561	4.64939	5.12395	5.62703	5.91422	5.91422	5.86308	5.99845	6.26818	6.54943	6.92224	7.32132	7.23751	7.31455	7.53577	7.80149	8.2943	8.50628	8.4597	8.61453	8.93082	8.89769	9.05002	9.05002	8.9968	9.12713	8.91975	8.34785	8.05188	8.01016	7.39578	7.30601	7.30601	7.17699	7.0295
0	0	0	0	0	0	0	0	0.356684	0.478552	0.451202	0.451202	0.657706	0.859007	0.902349	0.902349	0.797585	0.813359	0.859007	0.902349	0.902349	0.902349	0.902349	1.07001	1.28593	1.42655	1.42655	1.35338	1.35338	1.35338	1.28593	1.07001	1.02137	1.24575	1.35338	1.35338	1.35338	1.28593	1.21473	1.24575	1.35338	1.28593	1.07001	1.02137	1.24575	1.35338	1.35338	1.35338	1.24575	1.02137	0.902349	0.902349	1.07001	1.28593	1.35338	1.24575	1.02137	0.902349	1.07001	1.21473	1.02137	0.902349	1.00882	1.00882	0.902349	0.902349	1.00882	1.00882	0.902349	1.00882	1.27596	1.00882	0.902349	1.00882	1.00882	1.00882	0.970249	0.575163	0.657706	0.859007	1.00882	1.00882	0.797585	0.575163	0.657706	1.11651	1.00882	0.797585	0.575163	0.657706	0.813359	0.813359	0.859007	1.00882	1.00882	0.902349	1.00882	1.00882	0.902349	1.00882	1.00882	0.902349	1.00882	1.00882	0.902349	1.07001	1.28593	1.24575	1.21473	1.28593	1.35338	1.42655	1.42655	1.35338	1.42655	1.42655	1.35338	1.50463	1.72503	1.6953	1.64198	1.64198	1.47045	1.35338	1.35338	1.42655	1.42655	1.35338	1.42655	1.42655	1.35338	1.42655	1.42655	1.50463	1.72503	1.6953	1.47045	1.50463	1.64198	1.47045	1.50463	1.72503	1.85973	1.85973	1.80425	1.80425	1.6953	1.64198	1.72503	1.6953	1.47045	1.50463	1.72503	1.94653	2.16877	2.14522	1.92025	1.80425	1.94653	2.16877	2.14522	1.92025	1.80425	1.80425	1.80425	1.92025	2.14522	2.25489	2.25489	2.25489	2.25489	2.25489	2.25489	2.25489	2.2995	2.2995	2.2995	2.2995	2.37019	2.59514	2.70526	2.74251	2.74251	2.70526	2.70526	2.82005	3.0449	3.15529	3.15529	3.15529	3.28514	3.50883	3.73256	4.01967	4.07899	3.94348	3.85592	4.01967	4.07899	4.23998	4.46057	4.42649	4.28737	4.07899	4.07899	4.06967	4.06032	4.01967	4.07899	4.07899	4.07899	3.98176	3.71897	3.63291	3.63291	3.60493	3.63291	3.91771	4.01967	4.17997	4.46057	4.52519	4.68139	5.26877	5.6621	5.91367	5.91367	5.86253	5.99789	6.39413	6.60961	6.95755	7.38158	7.23683	7.33426	7.55484	7.83252	8.35888	8.56913	8.48807	8.61373	8.99046	8.92451	9.04918	9.04918	8.95756	9.05592	8.8468	8.30548	8.02029	7.8846	7.36136	7.30533	7.30533	7.14151	6.83446
0	0	0	0	0	0	0	0	0.451124	0.451124	0	0	0.451124	0.451124	0	0	0	0.451124	0.451124	0	0	0	0	0.451124	0.451124	0.451124	0.451124	0	0	0	0.451124	0.451124	0	0	0	0	0	0.451124	0.451124	0	0	0.451124	0.451124	0	0	0	0	0	0	0	0	0	0.451124	0.451124	0	0	0	0	0.451124	0.451124	0	0	0.451124	0.451124	0	0	0.451124	0.451124	0	0.451124	0.902193	0.451124	0	0.451124	0.451124	0.451124	0.451124	0	0.451124	0.451124	0.451124	0.451124	0	0	0.451124	0.902193	0.451124	0	0	0.451124	0.451124	0.451124	0.451124	0.451124	0.451124	0	0.451124	0.451124	0	0.451124	0.451124	0	0.451124	0.451124	0	0.451124	0.451124	0	0.451124	0.451124	0	0.451124	0.451124	0	0.451124	0.451124	0	0.451124	0.451124	0	0.451124	0.451124	0	0	0	0.451124	0.451124	0	0.451124	0.451124	0	0.451124	0.451124	0.451124	0.451124	0	0	0.451124	0.451124	0	0.451124	0.451124	0.451124	0.451124	0	0	0	0.451124	0.451124	0	0	0.451124	0.451124	0.451124	0.451124	0	0	0	0.451124	0.451124	0	0	0	0	0	0	0	0	0	0	0	0	0	0	0.451124	0.451124	0.451124	0.451124	0	0	0	0.451124	0.451124	0	0	0	0	0	0	0	0.451124	0.451124	0.451124	0.902193	0.451124	0	0.451124	0.902193	0.451124	0.902193	0.902193	0.451124	0.902193	0.451124	0.451124	0.902193	1.35315	0.902193	0.451124	0.451124	0.451124	0.451124	0	0.451124	0.451124	0	0.451124	1.35315	0.902193	0.451124	0.902193	0.451124	0.902193	1.80394	0.902193	0.902193	0.902193	0.451124	1.35315	2.2545	1.35315	1.35315	2.2545	0.902193	0.902193	0.902193	1.35315	2.70479	2.70479	1.35315	1.35315	2.70479	1.35315	1.35315	1.35315	1.35315	2.70479	2.70479	1.35315	0.902193	1.80394	0.902193	1.35315	1.35315	0.902193	1.35315
0	0	0	0	0	0	0	0	0.451082	0.451082	0	0	0.451082	0.451082	0	0	0	0.451082	0.451082	0	0	0	0	0.451082	0.451082	0.451082	0.451082	0	0	0	0.451082	0.451082	0	0	0	0	0	0.451082	0.451082	0	0	0.451082	0.451082	0	0	0	0	0	0	0	0	0	0.451082	0.451082	0	0	0	0	0.451082	0.451082	0	0	0.451082	0.451082	0	0	0.451082	0.451082	0	0.451082	0.902108	0.451082	0	0.451082	0.451082	0.451082	0.451082	0	0.451082	0.451082	0.451082	0.451082	0	0	0.451082	0.902108	0.451082	0	0	0.451082	0.451082	0.451082	0.451082	0.451082	0.451082	0	0.451082	0.451082	0	0.451082	0.451082	0	0.451082	0.451082	0	0.451082	0.451082	0	0.451082	0.451082	0	0.451082	0.451082	0	0.451082	0.451082	0	0.451082	0.451082	0	0.451082	0.451082	0	0	0	0.451082	0.451082	0	0.451082	0.451082	0	0.451082	0.451082	0.451082	0.451082	0	0	0.451082	0.451082	0	0.451082	0.451082	0.451082	0.451082	0	0	0	0.451082	0.451082	0	0	0.451082	0.451082	0.451082	0.451082	0	0	0	0.451082	0.451082	0	0	0	0	0	0	0	0	0	0	0	0	0	0	0.451082	0.451082	0.451082	0.451082	0	0	0	0.451082	0.451082	0	0	0	0	0	0	0	0.451082	0.451082	0.451082	0.902108	0.451082	0	0.451082	0.902108	0.451082	0.902108	0.902108	0.451082	0.902108	0.451082	0.451082	0.902108	1.35302	0.902108	0.451082	0.451082	0.451082	0.451082	0	0.451082	0.451082	0	0.451082	1.35302	0.902108	0.451082	0.902108	0.451082	0.902108	1.80377	0.902108	0.902108	0.902108	0.451082	1.35302	2.25429	1.35302	1.35302	2.25429	0.902108	0.902108	0.902108	1.35302	2.70454	2.70454	1.35302	1.35302	2.70454	1.35302	1.35302	1.35302	1.35302	2.70454	2.70454	1.35302	0.902108	1.80377	0.902108	1.35302	1.35302	0.902108	1.35302
0	0	0	0	0	0	0	0	0.451039	0.451039	0	0	0.451039	0.451039	0	0	0	0.451039	0.451039	0	0	0	0	0.451039	0.451039	0.451039	0.451039	0	0	0	0.451039	0.451039	0	0	0	0	0	0.451039	0.451039	0	0	0.451039	0.451039	0	0	0	0	0	0	0	0	0	0.451039	0.451039	0	0	0	0	0.451039	0.451039	0	0	0.451039	0.451039	0	0	0.451039	0.451039	0	0.451039	0.902022	0.451039	0	0.451039	0.451039	0.451039	0.451039	0	0.451039	0.451039	0.451039	0.451039	0	0	0.451039	0.902022	0.451039	0	0	0.451039	0.451039	0.451039	0.451039	0.451039	0.451039	0	0.451039	0.451039	0	0.451039	0.451039	0	0.451039	0.451039	0	0.451039	0.451039	0	0.451039	0.451039	0	0.451039	0.451039	0	0.451039	0.451039	0	0.451039	0.451039	0	0.451039	0.451039	0	0	0	0.451039	0.451039	0	0.451039	0.451039	0	0.451039	0.451039	0.451039	0.451039	0	0	0.451039	0.451039	0	0.451039	0.451039	0.451039	0.451039	0	0	0	0.451039	0.451039	0	0	0.451039	0.451039	0.451039	0.451039	0	0	0	0.451039	0.451039	0	0	0	0	0	0	0	0	0	0	0	0	0	0	0.451039	0.451039	0.451039	0.451039	0	0	0	0.451039	0.451039	0	0	0	0	0	0	0	0.451039	0.451039	0.451039	0.902022	0.451039	0	0.451039	0.902022	0.451039	0.902022	0.902022	0.451039	0.902022	0.451039	0.451039	0.902022	1.35289	0.902022	0.451039	0.451039	0.451039	0.451039	0	0.451039	0.451039	0	0.451039	1.35289	0.902022	0.451039	0.902022	0.451039	0.902022	1.8036	0.902022	0.902022	0.902022	0.451039	1.35289	2.25408	1.35289	1.35289	2.25408	0.902022	0.902022	0.902022	1.35289	2.70428	2.70428	1.35289	1.35289	2.70428	1.35289	1.35289	1.35289	1.35289	2.70428	2.70428	1.35289	0.902022	1.8036	0.902022	1.35289	1.35289	0.902022	1.35289
0.451025	0.451025	0.451025	0.574937	0.797271	0.901994	0.901994	0.901994	1.00843	1.00843	0.901994	0.901994	1.00843	1.00843	0.901994	0.901994	1.02096	1.21425	1.06959	0.901994	1.02096	1.24526	1.35285	1.28542	1.06959	1.06959	1.28542	1.24526	1.02096	0.901994	1.06959	1.28542	1.35285	1.35285	1.24526	1.02096	0.901994	1.06959	1.21425	1.02096	0.901994	1.06959	1.28542	1.24526	1.02096	0.901994	0.901994	0.901994	0.901994	0.901994	1.02096	1.24526	1.28542	1.06959	0.901994	0.901994	0.901994	1.02096	1.21425	1.06959	0.901994	1.02096	1.21425	1.06959	1.02096	1.24526	1.28542	1.21425	1.24526	1.28542	1.12741	0.813043	0.797271	0.858671	0.65745	0.637812	0.637812	0.451025	0.478368	0.356549	0.574904	0.65743	0.451025	0.451025	0.637812	0.858634	0.356549	0.159459	0.356567	0.478368	0.504233	0.504233	0.356549	0.450997	0.574904	0.356567	0.637812	0.637812	0.574937	0.813043	0.65745	0.574937	0.969872	1.00843	0.901994	1.00843	1.00843	1.02096	1.21425	1.06959	1.02096	1.21425	1.21425	1.24526	1.42599	1.42599	1.35285	1.42599	1.42599	1.35285	1.42599	1.42599	1.35285	1.35285	1.35285	1.42599	1.57014	1.69464	1.72435	1.64133	1.69464	1.859	1.859	1.72435	1.50404	1.46987	1.69464	1.72435	1.64133	1.69464	1.72435	1.50404	1.42599	1.42599	1.46987	1.69464	1.80354	1.72435	1.50404	1.46987	1.69464	1.859	1.859	1.859	1.859	1.80354	1.91949	2.14438	2.16792	1.94576	1.91949	2.14438	2.25401	2.25401	2.25401	2.25401	2.25401	2.25401	2.25401	2.25401	2.25401	2.25401	2.14438	1.91949	1.94576	2.16792	2.29859	2.29859	2.25401	2.25401	2.25401	2.29859	2.29859	2.36926	2.71355	3.0437	3.15405	3.26839	3.61053	3.94193	4.07739	4.07739	4.07739	4.15104	4.07739	4.16623	4.42476	4.72244	4.86952	4.90045	4.67956	4.52341	4.58981	4.52341	4.64713	4.94138	4.99206	4.67956	4.52341	4.52341	4.52341	4.64713	4.83839	4.96934	5.09191	5.2858	5.41499	5.56143	5.47038	5.41499	5.59969	5.75878	5.91136	6.11141	5.91136	5.91136	5.91136	6.10324	6.83181	7.4458	7.30249	7.30249	7.65638	7.57817	7.79773	8.01718	8.30226	8.84339	8.91412	8.61039	8.48478	8.56582	8.17466	8.17466	8.17466	8.04801	8.00632	7.58632	6.95484	6.79336	6.96736	6.79336	6.60704	6.16853	5.78486	5.64433