1.86128	1.81685	2.10797	0.511474	0.404362	1.15777	3.21635	4.72226	3.45073	0.767185	1.37697	2.51068	4.3468	2.43147	4.48276	6.24221	4.76668	3.02861	1.45765	1.37697	1.66677	2.37723	2.66824	2.41135	2.35652	2.94124	1.61704	1.94702	3.10836	4.03711	4.74631	2.68652	5.72805	8.60188	5.424	2.17665	2.02109	1.99668	4.51161	6.52438	1.99666	2.85694	7.16424	6.27307	2.96332	1.86119	0.922032	1.0999	1.08493	1.70552	1.95531	4.36173	5.77014	2.71069	1.70561	1.99668	2.06109	2.18412	1.37702	0.542512	2.10797	1.84363	1.9554	1.99668	1.63717	2.76419	4.42455	4.88429	4.90085	2.51718	2.85708	4.2297	3.83912	3.33091	3.23165	4.56883	4.12456	1.78962	1.66686	3.59859	3.9967	3.25669	0.652026	1.71509	1.99666	2.51718	0.904139	1.09988	1.45768	1.15783	2.37727	4.03704	5.50377	5.01498	2.96332	1.6668	2.20643	2.10807	0.745602	1.27853	3.07667	3.63459	4.00891	3.3601	2.81107	3.07145	2.28632	0.404379	1.55525	2.021	0.180842	3.97615	2.58749	1.8874	1.30388	1.49091	2.51068	3.47424	3.99657	3.15513	2.91356	2.6313	2.11579	1.54478	0.973757	1.71509	1.62715	1.14358	1.15777	0.404379	0.652026	1.09988	3.07132	4.16765	4.52606	4.33571	2.53015	1.30382	1.02287	3.63001	4.21045	4.98927	5.07921	3.94337	1.86119	0.922051	1.31634	0.745602	0.404362	0.361681	1.08493	1.6668	0.767226	0.904163	3.75761	3.70531	0.723333	0.723333	1.45765	3.0766	2.85696	2.06109	2.34968	1.8874	1.63715	0.571866	2.68638	2.94124	1.37697	1.27855	1.63717	1.63715	0.571866	0.922032	1.27857	2.02109	2.26483	2.66824	3.15515	3.33086	2.73459	2.35656	2.23574	1.14362	1.14362	1.14362	0.745602	0.571866	1.78056	2.55583	2.91347	1.02292	3.57576	4.03699	3.37456	4.924	6.44288	6.00049	5.08253	5.47456	5.60002	6.21918	4.69149	3.90626	2.82265	1.66686	1.70561	2.17665	1.45772	0.808683	1.94695	1.30382	1.4121	2.26472	1.4577	1.63715	1.37697	1.4121	0.973757	4.27909	11.2475	18.1046	11.6269	0.255756	1.37697	2.75825	2.20643	3.43665	2.06106	2.37723	0.904163	2.06101	3.82623	5.30342	4.21424	3.82636	2.51727	1.55533	1.81685	2.80523	3.72302	3.70551	3.16032	2.56861	2.45828	2.9414	3.87702	4.5226	4.62537	3.50699	1.4577	0.651994	1.80778	4.22947	3.46954	1.80783
0.651936	1.41198	2.56824	0.571796	0.92195	1.63702	3.8765	5.36053	3.25631	0.255719	1.27839	2.85668	4.51121	2.45794	4.60016	6.73933	5.20455	3.25139	1.66665	1.41198	0.904035	0.973706	1.70545	1.0543	1.27839	2.758	2.34947	3.87667	3.82602	3.43633	3.8089	2.82239	3.39338	8.01171	5.24162	1.63702	2.99056	2.71045	5.99697	7.50169	1.27839	3.45042	6.91321	5.72466	3.20088	2.34943	2.31451	2.2356	1.78033	1.09978	2.34943	1.45752	4.21387	5.91066	5.51821	4.30537	3.75746	4.15575	4.55436	4.59335	3.72266	1.71499	0.973706	1.84342	1.54458	2.17634	3.06572	2.55551	3.10793	4.70467	2.71031	0.651968	1.30377	1.92155	2.41113	4.33899	4.88382	4.8573	3.85982	0.904082	2.0608	2.758	1.44631	1.26558	2.23554	2.80491	1.3769	1.63702	1.27844	0.571815	1.71493	3.07111	5.48279	6.21071	3.72255	1.27842	0.571815	1.0543	1.3769	1.21287	1.31619	0.255719	0.571796	0.404326	0.404343	1.05425	2.0608	0.92195	2.02085	1.49078	0.808611	3.77027	3.97591	1.55519	0.404343	1.26558	2.35631	3.19575	4.00835	2.45794	0.745516	1.637	1.7804	2.60619	3.55737	4.11644	3.71831	3.15487	2.35635	0.542464	0.180826	0.904035	2.55551	3.06572	3.19575	3.50655	4.56484	4.5685	4.60033	5.47391	2.58723	2.51046	4.52559	4.42416	3.79611	2.73435	1.45755	0.255719	0.651968	1.30377	1.80771	2.68626	2.68628	2.10788	4.29009	4.21379	3.21623	2.94114	2.1156	2.85668	2.758	0.808645	0.511428	0.904059	1.27842	0.767158	2.0608	2.758	1.81667	1.66669	1.31623	1.05425	0.180826	0.745516	0.973706	0.973706	0.571815	0.255719	0.97367	2.02082	2.11552	2.23554	2.41108	1.27844	0.745535	1.08483	1.7804	2.68628	3.15487	3.20097	3.47404	2.30037	3.31576	3.80883	3.07111	2.04501	1.08483	1.02277	0.745516	3.46923	0.904082	4.24831	3.50667	3.23137	3.23137	3.10809	3.06588	2.94114	2.37706	2.43125	1.88718	1.44631	1.66665	2.0608	0.904059	1.49078	1.15767	1.37684	0.921969	3.86389	11.3563	18.5135	12.1147	0.921969	1.63702	3.79182	3.71831	3.33056	2.02089	2.58723	0.542464	3.07111	4.74589	6.92251	3.59815	2.41113	2.51058	2.60619	2.68626	2.02089	0.745535	0.651968	1.45757	1.15773	1.14352	1.49082	2.71038	2.41113	0.571815	1.27844	0.97367	0.904059	2.18384	4.45697	3.63411	1.78033
0.723198	1.44616	3.07072	1.02267	1.21269	0.255692	4.72134	5.99901	2.68585	0.361613	1.14341	3.256	3.46886	3.076	6.28983	9.40641	7.37439	4.76266	2.60595	1.08472	0.973569	0.767034	0.904001	1.78014	0.74544	2.51019	0.404306	0.723198	2.28581	3.20055	2.97934	3.15976	1.45746	6.36604	6.30533	5.96437	5.50305	4.36486	8.13119	8.38146	1.3767	3.02803	6.36354	5.75781	3.9755	3.23107	3.5844	4.22505	4.42384	2.75789	0.973617	2.89611	6.12426	7.55235	6.85236	5.7357	5.84706	6.74622	7.76082	7.8811	6.44675	4.30499	3.4503	4.03644	4.18641	3.54773	3.23089	2.63072	2.91292	5.5027	4.36829	1.7053	1.66657	1.86094	2.53613	3.94262	3.59793	5.50305	7.16771	5.96437	4.27851	2.97934	0.651909	2.35612	3.25608	2.52968	1.45746	2.10756	2.28591	3.4691	1.86094	1.45746	5.232	7.38086	6.57004	5.19178	3.33032	1.92137	1.27831	0.808572	0.90397	0.808572	1.5339	2.51682	2.68605	2.85653	1.45743	0.903939	0.74544	0.651867	1.66653	0.404283	3.37382	2.71002	2.16867	2.9186	3.50634	3.25107	3.55685	3.23089	1.95505	2.82789	2.60595	2.17626	2.42443	3.42659	3.90557	4.52535	5.07839	4.36486	3.40758	2.75195	3.59778	3.7221	3.90531	5.02372	6.67892	4.89994	4.72147	6.05518	4.03627	2.73409	3.9958	3.15442	2.51019	1.92124	1.49063	1.45746	1.37677	1.08472	0.404283	0.808572	1.30365	1.63684	3.55685	3.37395	4.73538	5.24143	4.48219	2.82789	1.21269	0.973617	0.723198	2.06061	3.68277	4.48219	4.45679	3.25614	1.37677	0.180808	0.651909	0.361613	0.74544	1.30365	1.80755	1.30365	0.571737	0.745465	1.3161	2.17617	2.35614	2.71611	2.75181	1.30356	0.180808	1.15754	2.18361	2.34926	3.08675	3.32049	4.27851	4.98846	4.43854	2.55536	0.808526	1.7894	2.30017	2.18372	1.92137	4.52512	1.92124	2.91292	3.25614	3.65625	4.15537	4.36859	4.21357	4.0924	4.73531	5.51468	5.1637	4.95264	5.20117	5.48246	4.55395	2.94088	1.15763	0.542411	1.08472	4.98811	11.9393	18.6845	11.9108	0.808572	1.02274	2.66776	3.90557	3.19563	1.66657	2.76366	2.35614	0.404306	3.21572	5.20083	4.12376	2.31415	0.404283	1.27829	1.62684	2.23531	1.84329	1.49068	0	1.15763	1.78024	2.41091	3.43126	2.10769	2.02061	0.571737	2.31415	1.26546	2.1153	4.22865	2.75771	1.94667
0.404263	1.09958	3.75654	2.0604	1.45726	1.30351	5.01034	4.97468	2.85612	1.05404	1.05409	2.58673	1.80727	4.72092	8.616	9.37529	5.86822	2.45758	2.94046	0.65184	1.37657	1.45726	1.08462	2.20569	0.404263	3.06512	2.19836	3.2156	2.58683	1.9464	0.651808	1.05404	1.05404	3.02775	4.73482	4.45631	2.56787	2.7634	9.65333	9.00239	2.10737	2.16846	6.63966	5.15666	2.68564	1.66636	1.37663	2.23516	3.68239	3.76964	2.75167	4.90595	4.4233	2.53586	2.45748	1.55488	2.71586	2.9183	3.32996	3.40722	3.8082	3.29552	2.55515	2.91273	4.56753	4.76193	3.23059	2.19832	2.63047	6.87466	5.80187	1.05409	0.74537	0.651808	1.6663	3.44975	0.255669	1.31597	3.85907	5.30213	4.34579	3.2156	2.94046	4.00757	1.99609	0.973479	0.180791	4.15473	4.8994	3.95886	3.98734	2.91259	2.26408	4.79245	4.69353	4.92253	3.47336	1.88681	1.30345	0.542358	0.766966	1.27817	2.06048	2.45756	2.31406	2.91268	1.66632	0.745389	0.808487	2.34892	1.70512	2.34897	3.32002	3.87574	2.68564	2.71584	3.09166	2.94051	3.09162	3.48728	1.99611	1.88686	1.66632	0.973479	1.14329	0.723127	0.361578	1.49053	3.25581	4.12354	3.82527	3.15423	4.76193	4.98767	4.76191	5.90103	6.14694	1.92107	4.55324	4.85283	2.80436	3.47336	4.8696	4.39027	4.07201	2.35596	0.404246	1.41178	2.02051	2.28567	2.11518	1.70512	1.41178	1.63668	2.45746	0.511355	2.16846	2.31406	2.75167	2.26418	1.27818	0.180791	1.14325	3.72177	4.68309	3.87592	4.11569	3.57493	2.58683	1.6367	0.571702	0.255669	1.37657	1.26533	0.973515	1.21258	1.30345	1.09957	0.921788	1.7146	1.45726	2.75746	3.58383	1.7146	0.767007	1.45726	3.07044	1.86066	1.15744	0.808452	1.30351	2.70992	3.35914	2.94056	2.11518	1.5548	1.71465	2.0605	1.55488	4.76532	3.47325	1.37657	0.766966	0.571702	1.05409	1.37663	1.21263	1.1575	2.51656	4.76213	5.96646	5.94755	6.02023	5.98799	4.59943	2.58681	1.84306	0.651808	1.27814	6.55202	12.1808	18.1901	11.3651	0.255669	0.571684	0.404246	0.361578	0.973479	0.766966	1.09957	2.45756	2.85624	3.61553	4.70384	5.68971	4.24748	2.35596	3.89677	3.65586	3.20034	2.45756	2.37659	1.81631	1.02257	1.09957	1.7146	2.35584	0.255669	2.43077	1.08462	2.50997	1.05404	1.6663	3.25567	2.35591	2.4309
0.651782	1.3765	3.35867	2.35563	0.40421	1.62654	5.25557	4.50998	2.9787	1.8429	1.14319	0.745303	2.45736	6.68727	9.98524	9.15647	5.74551	1.5336	3.6152	2.45734	1.62654	1.45717	2.28547	1.44589	1.08452	3.72146	2.51624	1.27807	1.41165	0.973428	0.255646	1.05395	1.05395	0.766898	1.15734	0.542309	1.09949	2.58649	9.25079	8.96465	3.31481	1.37645	6.62211	4.45571	2.7096	2.19816	0.808415	0.40421	1.27807	2.7156	2.58649	4.22789	4.21252	2.28539	2.52921	2.17583	2.17578	0.80838	0.808415	1.26522	2.2055	1.54414	1.41165	1.45715	4.05553	4.83906	3.65097	2.71562	3.07552	7.64507	6.85079	3.70413	2.82159	1.81615	0.903801	3.8248	1.27807	1.15734	0.65175	1.66618	2.02033	1.86058	4.25848	4.7342	1.27807	1.66624	2.60544	5.42198	4.11906	2.02027	4.85579	4.03553	2.52921	4.03548	2.91233	3.44944	3.50555	2.75131	1.31581	0.65175	0.80838	1.45713	1.99593	2.26398	2.70967	1.88669	1.54414	1.66624	0.808415	2.31373	0.651782	1.15734	3.07017	2.80987	2.45726	2.94019	2.7096	2.53565	2.80411	3.15385	2.11499	2.91804	3.11761	2.06029	0.766939	0.180775	0	0	0.511282	1.53352	1.92089	1.8605	4.7649	5.58905	5.72592	6.89509	6.54175	4.76173	6.66819	5.61222	2.85601	3.86279	4.27749	2.94019	2.91238	2.82159	4.03565	3.71725	2.55492	1.61651	1.26522	1.27807	1.41165	1.88669	2.71562	2.06032	2.17576	1.45717	2.56764	3.31985	3.07023	1.70497	2.94025	6.39271	6.85786	5.00042	5.15646	5.61234	6.05435	5.88163	5.15646	4.76173	4.92217	5.15646	5.37734	5.10288	4.36401	3.50572	2.82734	2.7096	1.81615	3.15899	3.8754	2.17578	1.45717	0.903801	2.45724	2.17576	1.3765	0.404227	1.02248	1.15734	0.745303	0.808415	1.81617	3.11755	2.34876	1.5336	1.61651	4.20868	3.32949	0.723062	1.3034	1.41165	0.973428	0.80838	0.511282	0.180775	0.571633	1.55474	2.98971	3.97487	4.9745	6.38534	7.51054	7.73459	7.88763	7.3797	6.0197	7.85702	12.4946	17.9867	11.4172	2.91247	2.04442	1.02254	0.973392	2.17578	1.94629	1.66624	1.70497	1.62654	2.50974	2.82144	4.61994	3.88796	2.45734	2.89557	1.3034	0.542309	0.903801	1.14315	1.80711	1.80711	2.11492	3.07554	1.88669	2.11492	3.61522	2.91242	2.91233	0.80838	1.45715	3.11755	1.99591	0.571651
1.54398	1.37638	1.8603	1.8603	0.903681	2.68512	5.72527	4.28845	2.16805	1.84271	1.14308	2.20526	2.58636	7.87231	10.4738	10.1461	7.0049	1.84276	3.09109	3.25513	1.21241	1.66606	2.28526	1.44575	2.4236	3.48661	2.06003	1.63637	1.45704	1.2651	0.255619	1.05384	1.05384	0.255619	1.41143	1.21234	1.2651	2.34847	7.49877	8.46953	4.55236	1.8603	5.61145	2.98927	2.53541	2.52896	1.94602	0.180757	1.27795	2.71533	4.30348	3.46787	5.48055	1.44575	2.19795	2.20541	1.66609	0.808295	0.808341	1.09938	1.45695	0.651723	1.45704	2.02007	3.80735	3.88756	3.44917	3.07522	2.71536	6.7177	6.42465	3.7213	3.08587	3.39206	1.31568	3.59676	2.51598	0.404168	0.180757	0.903743	1.92083	2.35547	5.51577	3.97424	1.0539	1.77973	2.97849	4.77466	2.02007	4.11863	5.07675	3.62829	2.91209	4.52023	3.40639	4.21207	4.25803	2.75103	0.745252	0.903681	0.36151	0.973339	1.71434	2.17564	2.68528	2.17557	1.09936	1.70481	1.94602	1.80691	0.745252	0.65168	2.82692	1.27789	1.81597	2.73325	2.53541	2.70934	3.48661	2.91763	1.9545	3.02729	2.85572	1.78889	1.27792	0.404168	0	0	0.511227	1.53336	1.66597	1.37631	3.79454	4.6822	5.30404	6.67703	5.95438	4.72033	6.50181	5.02894	3.19976	6.38437	5.25499	2.73325	3.3292	3.3293	3.90445	4.11489	2.75117	1.61636	1.09938	1.63637	1.45704	1.77973	2.41022	2.06013	1.66606	1.81599	2.85572	3.54684	4.07114	1.66609	3.80744	7.45619	7.05066	5.0897	5.25532	5.61184	6.0538	6.05377	5.25532	4.80192	4.85554	5.1056	5.37686	4.98705	4.22774	3.44931	3.15365	3.29484	2.45701	3.15866	3.15352	2.02012	1.81599	0.651723	1.21234	1.66606	1.37638	0.745227	1.02237	1.41143	0.973291	0.808341	1.45704	3.11724	2.53538	1.53347	1.61636	3.22997	2.82114	0.722991	1.30328	1.45704	1.45699	1.30319	0.511227	0.404168	1.5545	2.35545	2.80977	4.05536	5.01292	6.0538	7.16128	7.67595	7.88693	7.55863	6.09356	6.85719	12.2603	17.7574	11.18	3.08587	2.28526	1.44575	2.70925	2.73325	1.80704	1.70481	1.66609	1.21241	2.26364	2.31349	3.61024	2.97839	2.58633	2.37615	1.30328	0.973291	0.651723	0.511264	1.30319	2.31349	3.80735	3.8287	2.17557	4.8016	4.16573	4.03512	4.40401	0.36151	1.21241	3.11724	2.8556	0.921593
1.70455	0.651622	1.05374	1.55436	1.70455	2.96163	4.98625	3.55552	1.81581	1.99552	1.31559	2.20506	3.31923	8.23508	8.82243	10.1945	8.11837	1.94584	1.77947	3.95754	2.75681	3.96181	4.15375	3.15336	2.11451	2.6666	2.11451	1.70455	0.766788	2.35522	2.01994	2.23452	2.01991	1.30314	1.14293	2.10677	3.06963	5.12708	6.74336	6.15826	5.25452	1.05374	5.05069	2.6048	1.80675	1.30308	2.55437	2.93972	1.86022	3.07485	5.40895	3.63236	5.84449	2.11458	2.18287	1.95429	2.10687	2.37592	2.51584	3.15852	2.17541	1.4113	0.921525	2.11451	3.48629	3.72073	3.7032	3.19934	1.27782	4.19629	5.78922	3.72087	3.26976	4.22327	2.91181	2.91736	3.15837	0.766788	0.921506	0.571521	0.903646	3.09074	6.03959	3.22967	0.361474	0.9036	1.77947	3.42515	2.43021	5.30046	4.19629	2.20506	2.43008	4.48021	3.40609	4.35925	5.16148	3.15323	0.903646	1.26497	0.571539	0.255596	0.651654	1.31559	1.15717	3.00527	2.56701	0.973237	2.68488	1.99552	1.37623	1.98734	3.15323	1.27778	1.99552	3.25481	3.15333	3.117	3.19934	1.7886	1.09925	1.15711	0.921506	0.571539	1.05374	0.921525	0.651654	0.808256	1.4901	2.16784	1.98734	1.45687	2.91176	3.19421	3.65464	5.25454	4.87153	3.583	4.0065	1.66585	2.56701	7.50662	5.62817	2.20506	3.58281	3.99429	3.44895	4.71973	3.44887	2.23452	1.86022	2.17536	1.61619	1.70463	2.11458	2.20517	2.50937	2.6298	1.98734	2.18278	3.72073	2.3134	4.38894	7.07706	5.40895	2.11451	1.21223	0.361474	1.02228	2.19769	2.6298	2.68497	2.58609	2.68499	2.70914	2.55442	2.43021	2.45688	3.37264	4.50916	3.98621	3.72076	3.11694	2.01991	2.23452	2.68499	3.10659	2.96179	2.98912	3.15336	2.75681	1.88632	1.08431	0.542203	0.180739	2.31328	1.88627	1.55444	2.18287	2.71507	1.55436	1.31559	1.4901	0.511209	1.53322	1.95419	1.09927	0.973237	2.01987	2.89502	2.85545	3.117	2.37592	1.14296	1.15711	1.31555	2.17536	3.54648	4.39274	5.23923	11.1845	17.0266	10.1205	2.01985	1.84254	2.19769	3.55552	1.95419	0.180739	0.808221	0.651654	1.37623	3.25481	3.44887	3.6145	3.42995	3.39189	3.25483	0.651622	1.88632	2.35529	1.7887	2.05981	3.65467	3.63236	2.53516	4.07086	4.67826	2.989	3.47226	4.48021	0.745157	0.921525	2.85533	3.48629	2.19773
0.973114	0.903519	1.05365	1.55422	1.95402	2.70876	3.72038	3.08517	1.98716	1.99534	1.45674	0.745091	4.51236	6.74276	5.10118	9.20889	8.85744	2.42316	2.01967	5.16414	3.29429	3.82812	4.09043	3.00515	0.97315	1.71395	2.82641	1.95402	1.27769	2.76237	2.11439	2.3757	2.17516	1.48997	0.511163	3.10616	4.95985	6.30999	5.07593	2.18259	5.25405	1.05365	4.80075	3.60959	2.31307	0.361442	2.10668	2.96152	2.35503	5.10434	5.6534	4.36257	5.10118	2.53493	2.05973	1.92045	2.10668	2.23432	3.07467	3.31891	3.25452	3.19393	0.921443	1.8861	2.80331	4.43623	5.9855	3.65435	1.27771	1.54376	4.88108	4.69178	4.11399	3.76812	3.32859	2.23426	3.15809	0.76672	1.37606	0.57147	1.6657	3.72043	5.32428	2.28474	0.808149	0.651564	1.09915	2.5541	2.50914	4.63619	3.02661	1.45669	2.1751	4.22669	2.9115	3.42485	5.63914	3.8743	0.97315	1.09917	0.921424	0.766679	0.903543	1.45674	1.21218	3.75513	3.58249	0.903566	2.45656	1.99534	1.37611	1.81565	3.8743	2.80907	2.85508	3.85755	3.29429	2.85517	1.99536	0.255573	0.903543	0.404095	0.571488	0.571488	0.255587	0.921443	0.745109	1.08421	1.80664	2.16765	1.81565	1.31547	2.42316	2.42986	2.66636	3.89523	4.18442	3.58268	2.80338	0.903566	2.56678	7.25494	5.62767	2.45654	4.59755	5.8797	3.72054	5.22644	4.36264	2.3757	1.86005	2.01973	1.61605	1.66576	2.01976	2.17521	2.58586	2.42327	1.41125	2.18259	2.58578	2.42327	4.38855	6.36059	4.67785	1.8861	0.542154	0.361442	0	1.30302	2.42327	2.80338	2.50914	2.7089	2.68475	2.55419	2.45666	2.42999	3.06943	4.69176	4.81091	3.94078	3.11667	2.17516	1.95411	2.75656	3.10632	2.93946	2.98885	3.25459	2.68475	1.70448	0.808184	0.404112	0.404095	1.80659	1.26486	1.71401	2.40976	2.05971	0.57147	1.15707	1.80664	1.14283	1.53308	2.70876	1.26486	0.903566	1.45674	2.26333	2.8552	3.43439	2.89474	1.14286	0.404095	0.745109	1.66576	3.07474	4.28781	4.3627	9.97461	16.3232	9.12627	2.75643	1.84237	2.62949	3.08517	0.745091	0.404095	1.30296	0.745109	1.99534	3.85755	3.61419	3.09051	4.00614	3.2144	5.07583	2.93931	1.70448	2.35508	2.05971	4.09021	5.07897	1.62607	2.89474	3.72054	1.81565	1.63607	2.05965	3.21423	1.95402	0.921443	2.85508	3.7204	2.52849
1.48983	2.37548	2.34792	1.84223	2.1141	2.35471	2.93899	2.96105	1.88591	1.84218	1.44534	2.1141	4.50816	4.75963	3.00469	7.99839	9.15294	2.96105	2.04351	5.35691	2.70847	0.766597	0.571435	1.63593	2.58563	3.39128	3.25423	1.48978	2.10636	3.59574	3.37203	3.95699	3.82768	2.34786	1.08411	3.06365	5.4049	5.49958	2.75024	1.14271	4.7015	1.6655	4.59706	4.3658	2.0594	1.54354	1.84218	1.08411	2.82034	6.10987	5.73204	3.79346	4.92013	3.25429	2.56668	3.8065	4.47965	3.86155	3.11643	1.81548	3.2939	4.87062	3.65417	2.98858	1.99517	3.82751	6.54156	4.21097	1.30291	1.02215	2.91126	4.19548	4.27583	2.82612	3.10583	1.44534	3.63166	0.571411	1.45654	0.903485	2.76209	3.65397	4.76304	2.17493	1.80646	1.21206	1.55416	2.37548	1.30291	2.42291	2.97764	3.40564	4.11372	4.16454	1.71378	2.01949	5.5114	5.76588	3.70274	2.68451	2.37548	1.81545	1.26473	1.44534	0.80811	4.1135	3.97311	0.404052	2.75024	3.42931	4.09007	4.22654	3.80636	3.31352	3.40542	3.55938	1.70422	1.02208	0.808064	0.903485	1.45663	1.41112	1.0536	0.973061	1.21206	0.903485	0.180705	1.05353	1.41102	1.6655	1.37591	1.27758	2.40946	2.23404	1.94546	2.17486	1.77913	1.21206	1.0536	0.973013	2.68432	6.4997	5.49958	3.0263	4.99827	6.7586	3.2542	3.47159	3.46689	1.80646	1.94556	2.62932	2.75631	2.80897	2.66624	2.17502	2.2846	2.10649	2.10649	2.93913	3.65417	5.07873	6.07322	5.78813	3.59574	1.71378	1.21206	1.80652	1.95394	1.85988	2.05955	2.85491	2.66624	1.78838	1.0536	0.571435	1.05353	1.54361	2.10649	3.25414	4.08978	3.58211	2.68432	1.41102	0.571435	1.45657	1.31535	1.15696	0.722785	1.30282	0.180705	0.903454	0.80811	0.404052	0.571411	1.05353	0.973061	0.722785	1.14271	1.21206	1.6359	0.74504	1.54354	1.66553	0.973013	2.58549	1.84223	1.53303	1.77922	1.66561	0.80811	2.01946	2.80302	1.80646	0.80811	0.651537	0.973061	1.09904	0.973013	2.62922	9.24553	15.7417	8.40699	3.32818	2.26299	3.19873	2.40946	0.651537	0.903454	1.212	0.973013	2.68436	3.22905	2.75614	3.11635	4.71879	3.32842	6.47767	6.91815	4.90382	2.01957	1.05353	4.65306	5.56372	1.55416	3.50418	0.745014	1.4566	1.48983	1.80646	3.50425	2.89446	2.19733	2.73248	2.5665	2.01949
1.80628	2.89418	2.26289	1.53286	1.88573	1.8596	2.68408	3.71965	2.1139	1.84201	1.4452	1.88573	4.25643	5.0107	2.75589	6.74133	9.15213	3.71965	2.04333	4.85007	2.96079	1.27741	0.921243	1.27748	2.45618	3.48542	2.45618	0.808025	3.10555	4.75923	4.14856	3.87371	4.89661	3.37159	1.48964	2.04333	4.90312	5.00749	3.71529	3.10555	3.71529	0.903342	4.59665	4.87003	1.05344	2.26279	1.84201	1.48964	3.32789	6.10933	5.98433	1.99495	3.97287	2.93889	2.66596	4.56501	4.46469	3.86114	2.56641	1.45647	2.11398	4.18361	3.79328	2.80867	1.554	2.29849	5.07798	4.00536	2.62897	2.2843	2.52799	3.95642	4.27544	2.1139	3.10555	1.02204	4.36171	1.55392	1.21189	1.09896	3.19843	3.19843	4.76261	2.3752	2.19707	1.15684	1.554	2.23388	1.80628	0.808025	2.60419	3.32806	4.1133	3.02611	0.921262	1.15684	3.98511	5.59514	3.95658	2.75602	2.89418	2.45608	1.09896	1.4452	0.808025	4.11313	3.71965	1.15678	3.71529	4.85347	4.45375	4.30208	2.50865	2.58525	3.90274	3.31322	0.972923	1.02199	1.3027	1.09896	1.41097	1.45647	1.27746	0.903389	1.15684	1.09896	0.651436	1.05344	1.15678	1.91997	1.8596	1.63575	2.40923	2.0193	1.48964	1.4109	1.09894	1.15684	1.05349	1.70406	2.93873	5.23762	5.00749	3.25384	4.28681	6.2857	3.8568	2.05925	2.20443	1.48967	2.19711	2.91102	2.82598	2.80867	2.85461	2.20455	2.28437	2.10627	2.10627	2.58536	3.65378	5.4699	5.81267	4.28694	2.17474	1.71362	1.62576	1.80633	1.92007	1.85969	2.05933	2.66596	2.85461	2.0593	1.27746	0.921243	2.05922	2.3752	2.10627	2.17472	3.07397	3.58179	2.93873	1.15678	0.921243	1.66537	1.45645	1.21194	0.722714	0.807991	0.651436	0.651468	1.084	1.15678	0.571358	0.255537	0.903389	0.722714	0.511063	1.15684	1.27746	0.651468	1.31518	1.45643	0.542048	1.45643	1.84205	1.53286	1.88579	1.70415	1.94529	0.903365	2.58527	2.19707	1.084	0.744963	0.903389	1.77896	0.542048	3.08456	9.24472	15.2674	7.90768	3.83564	3.50387	3.65363	1.63576	0.744963	1.09894	0.542048	1.70406	3.39079	2.2843	3.00442	4.92289	4.91966	3.40528	5.24707	6.91746	6.48692	3.50391	0.255537	3.6536	5.07798	1.71367	2.26279	0.404033	2.0193	1.80628	2.19707	4.1641	2.37524	2.52799	2.17474	0.571358	1.45645
1.81511	1.95346	0.571307	0.255514	1.88556	2.55338	3.62659	4.11282	3.98472	6.45917	8.76203	9.73509	8.97588	8.23417	9.01094	12.0107	11.2856	5.08727	3.71496	3.60857	3.29335	4.12083	4.1522	3.96033	3.25366	3.22861	3.90258	4.20648	5.77318	6.3082	3.97252	2.60396	5.40705	5.65483	5.44583	5.44583	4.86974	3.63101	2.977	5.07449	5.76487	4.90293	4.50748	4.6068	1.2645	2.73197	2.62881	2.80258	4.42039	6.94438	6.48626	2.23368	2.85424	0.403979	1.45628	3.50355	2.55341	4.98466	6.15629	5.04906	3.15218	2.73197	2.23368	2.80842	4.21035	5.63778	6.03753	4.77252	4.86641	4.51108	3.82275	4.32788	3.93966	1.4563	2.81983	1.4895	4.33161	5.07775	5.01052	4.70089	5.81772	6.75766	8.06064	6.77895	4.25627	2.45596	2.20435	2.5149	3.25362	3.15215	2.68399	2.68399	2.5851	1.30265	1.81513	2.11379	1.66526	2.35429	2.73201	2.82573	3.85653	4.42048	3.47112	2.76164	1.77888	2.68385	3.50368	4.99758	5.07449	3.22847	2.5851	2.82573	1.41084	2.11371	3.95607	3.65331	1.27732	1.2773	1.85944	1.81511	1.95356	2.56618	3.06855	2.42258	1.0839	1.0219	1.15668	1.05335	1.21178	2.26258	1.85944	1.15668	1.80612	2.82573	3.55891	3.71513	3.15218	1.66526	0.807919	1.70391	2.85426	4.68001	5.22803	5.41905	6.18483	7.58007	5.01996	0.361339	1.48954	2.4293	3.19824	3.11583	2.18206	1.66529	2.16703	1.9199	3.19824	3.50373	3.60875	3.15218	1.54332	2.96053	3.15719	2.89394	3.55891	3.79294	3.48511	3.10543	3.06326	2.81998	2.31253	2.10608	2.68396	3.25366	2.97707	2.19691	2.8883	3.71946	3.86079	3.87336	4.38738	5.04573	4.77252	4.65246	4.36525	3.31307	2.42258	2.31253	2.82573	2.70813	2.42258	1.53273	1.54326	1.78793	0.921161	1.41084	2.31253	1.53273	0.903285	2.3544	3.07386	3.44766	3.40498	2.60396	1.94518	1.80617	2.42258	2.55346	1.80617	1.1425	2.01909	1.55386	2.17452	1.45628	0.92118	1.37572	1.27737	2.34742	2.42258	3.97252	9.23205	15.0783	10.7137	6.77895	4.18323	2.50831	1.15668	2.01918	3.71948	5.40718	8.68945	9.68652	8.71316	8.26505	7.47215	4.53971	2.34747	3.21348	6.20562	8.96691	7.55278	4.03336	2.70806	2.98788	3.70202	3.90258	2.68396	2.71407	2.40907	2.988	6.19789	9.12419	11.0638	10.077	5.20025	2.20424
1.62545	0.744802	0.571248	1.05323	2.1135	3.42352	4.03283	3.26821	5.69385	9.04482	9.56643	9.73423	8.51946	7.72327	10.8927	12.5687	9.3805	5.29816	6.68993	1.61535	2.70789	4.12045	4.0889	4.33502	3.6486	3.06299	4.03299	4.2061	6.11887	5.76424	3.06828	2.60372	4.56417	5.37371	5.34975	5.34975	3.65313	1.62545	1.61544	4.19452	5.64008	5.00683	3.2132	3.39013	1.88537	2.17433	2.42236	2.68371	4.6344	7.40684	6.0341	3.08928	4.36456	0.180654	2.204	3.25318	5.01944	5.89681	6.23869	5.64008	4.52135	2.93822	1.95338	2.98773	4.52149	5.81719	5.41858	4.3907	4.68999	4.51064	3.9394	3.67962	2.89363	0.972783	2.31217	2.91037	2.96041	4.86942	4.97123	4.70046	5.40373	6.60355	7.92463	7.36608	4.73127	2.68371	2.1744	2.51467	3.42833	3.29304	2.70789	2.70789	2.1744	1.30253	1.45621	2.019	1.45621	0.571272	2.34725	2.75553	3.48479	4.28616	3.89385	3.43305	1.88544	0.180654	3.25336	5.08681	4.19452	1.44493	2.34725	2.70789	1.9864	1.88537	3.25322	4.12024	2.18174	1.78774	2.35404	2.45561	2.23347	2.56595	3.00403	3.24829	2.42222	1.02179	1.41062	1.05323	1.45612	2.50805	1.37552	0.403937	1.30253	2.70789	3.50341	3.7148	3.80533	3.02544	1.30245	0.972735	1.99457	3.82652	4.24438	5.08681	6.33813	9.12114	6.91592	1.30245	1.4894	2.5082	3.19794	2.85409	2.05896	1.70384	2.16682	2.019	3.7925	3.55859	3.60843	3.80533	1.81496	2.7077	4.15155	4.28601	3.8224	3.65313	3.39032	3.10515	3.06299	2.81973	2.31233	2.10589	2.45574	3.15189	3.60831	2.52752	2.28395	3.2534	3.86045	3.95586	4.38696	5.04524	4.3907	4.59608	4.36486	3.2132	2.31233	2.31233	2.75553	2.68375	2.31233	1.84171	2.26235	2.29804	1.37552	1.9864	2.42236	2.55312	3.00383	2.76138	3.07359	3.46614	3.32747	2.60372	1.80601	1.80601	2.31233	2.55324	2.1967	2.10576	0.903196	1.71336	1.66511	0.40396	0.921093	1.37559	1.27725	1.88544	2.31233	3.50335	7.71268	12.9276	10.7127	6.23613	3.35663	0.651351	2.42891	3.50325	4.06895	6.6926	10.0898	9.52864	8.65408	8.01456	6.36102	3.58134	2.26248	3.71911	5.51302	8.96605	9.02212	4.74147	1.95338	1.27722	4.05302	3.90223	3.42833	2.40885	2.18186	2.98773	6.19732	9.52864	10.9783	11.8859	10.0085	5.4892
0.80776	0.361268	0.972646	1.71313	1.85907	3.4468	4.40111	3.62588	6.65337	8.91195	5.71868	3.24797	3.57188	4.74099	8.34523	7.38454	2.05863	3.93889	8.28233	3.71873	0.920999	1.41049	0.361268	2.31196	3.25289	1.78768	2.71352	1.66494	4.41952	4.87874	3.95548	4.25544	4.52102	3.89345	2.6652	1.37545	0.403917	1.15651	2.45538	0.65125	2.91581	5.23641	6.44059	5.09898	3.59449	3.58096	4.9707	5.69356	6.5638	7.85107	4.7715	3.6303	4.76126	2.05874	3.25296	3.8557	5.87689	4.30065	1.48925	3.97174	5.96392	4.56364	1.09862	1.3148	2.62822	3.02516	2.1133	1.70358	2.95995	3.10467	2.31196	1.66487	1.41049	0	1.6152	3.37063	2.58462	2.42882	2.05874	1.37545	0.541893	1.08369	4.11202	5.29745	4.28561	2.53369	1.55355	2.7611	3.25298	2.1666	1.3024	1.45606	1.27709	0.972682	1.45606	1.95317	2.19648	2.19644	0.651282	0.4039	1.30233	1.95308	1.77846	3.32699	2.1666	1.88519	3.25289	2.81928	1.48925	3.90163	2.7551	1.6353	2.35388	2.6652	4.15129	5.32173	3.00356	2.4287	3.06782	2.51431	0.766309	1.27712	1.85916	2.68335	2.55283	1.08369	1.80577	1.81476	1.85907	2.45536	1.21154	0.25545	0.972682	2.10567	2.45548	2.18163	3.02516	3.25289	1.27705	0.541893	1.14228	2.81928	1.80572	1.45599	3.7011	8.78874	7.62044	2.62822	2.0187	1.15645	1.41049	0.92098	0.903131	0.972682	0.65125	3.24797	5.23629	4.30086	4.00435	4.86546	3.61244	2.05866	4.08825	4.75785	2.68332	1.45603	1.14231	0	0.361268	0.361268	0.903084	1.09862	1.15651	1.09864	2.20381	2.3539	2.35394	1.85916	1.26425	1.48921	2.52727	4.41962	5.34615	5.23641	4.67581	3.88514	2.60345	1.80581	1.80581	2.45548	3.65274	4.94789	5.76374	5.04795	3.08898	2.50782	1.15645	2.81928	3.71424	2.55291	2.93805	3.70129	4.20952	4.15139	3.35627	2.45545	1.3024	1.02175	1.94473	2.17405	0.255464	0.766309	0.571195	0.92098	1.81476	1.77853	2.05874	2.18163	1.26425	1.80572	4.97044	9.48752	7.63927	3.65272	3.89345	3.97184	6.03636	6.00698	4.85222	6.73954	6.5195	1.3754	2.56568	3.97184	4.61665	4.11218	3.22797	3.98394	2.34701	3.85984	7.72853	8.18232	5.83034	3.8557	2.97642	1.62529	2.70746	1.0217	0.403917	2.05866	3.93889	4.68607	4.22489	8.75455	11.7198	7.52151
0.361236	0.807688	1.70343	1.71298	1.37527	3.19211	5.90365	4.90134	6.4273	7.94891	5.4765	4.45922	3.71407	4.45933	6.214	5.87635	3.07282	2.23305	6.97923	5.68436	1.71298	1.15635	0.807688	1.80556	4.50608	2.05853	3.54405	1.54288	3.08875	4.41923	3.97148	4.20915	4.30048	3.47013	2.85354	2.85345	1.45586	1.21148	2.68311	2.93763	3.15126	5.55849	6.44002	5.23592	3.31213	3.79186	5.16144	5.69305	6.28356	6.85205	3.15126	4.36009	3.7917	2.18143	3.06761	4.06808	4.92105	3.55773	1.48912	3.06768	5.9634	6.54593	2.75486	0.744684	2.19625	3.25263	2.8248	1.9529	2.70722	3.10439	2.81903	1.91925	1.15635	0	0.722443	2.34675	2.50771	2.45526	2.05856	1.37533	1.21143	1.08359	3.26761	5.5234	4.50613	3.15118	1.71303	3.43242	2.80178	1.61512	1.30228	1.41044	1.63513	0.90305	1.81461	1.91935	2.52705	2.62799	0.903027	0.18062	1.80556	1.70343	0.651224	2.90989	2.97615	2.11311	3.50256	4.34147	1.80561	5.4024	4.00379	1.63515	1.99422	2.66496	4.50977	6.99973	3.753	3.19211	3.8045	2.05848	0.766241	1.63515	1.85899	1.62515	1.53221	0.807723	1.48912	2.45516	2.35362	2.20361	1.45586	0.766241	1.26414	2.10548	2.42861	2.05856	2.37431	2.5076	0.766241	0.403881	1.14217	3.32664	2.31175	1.21143	2.93763	8.0423	7.37309	3.08341	2.75486	1.41037	1.15635	0.571162	0.972595	0.90305	1.15635	5.3545	5.76315	4.25506	4.05227	5.4293	4.63355	1.05309	3.07282	5.00884	3.95492	2.01854	1.14221	1.02161	0.807688	0.361236	1.66472	1.7783	1.21148	0.90305	0.541845	1.85899	2.35373	2.35369	1.88502	1.08359	1.80565	3.70096	5.23595	5.34567	4.9572	4.38613	2.97623	1.80565	1.80565	2.6832	4.24357	4.84185	6.18308	6.38728	4.61955	3.2526	1.41037	2.31175	2.74896	2.10548	3.00344	3.75318	4.22451	4.0881	3.65239	3.25267	1.48912	1.02166	1.48908	1.41037	0.255441	0.255427	0.571144	1.37527	2.45516	1.88508	2.18143	2.40839	2.8248	2.31175	3.70077	8.01262	6.7127	3.65239	3.8931	4.05227	6.49691	5.46786	4.73037	6.5362	3.82581	1.37527	3.11495	4.05227	4.61625	4.11181	3.67892	3.98358	2.73123	0.920898	5.29719	8.72145	8.6136	4.95704	2.97615	1.21148	1.9529	1.02161	0.744666	1.63513	2.89309	3.76609	4.20915	6.93783	10.7481	8.01262
1.61495	2.42163	3.42253	2.75457	1.71285	2.20337	6.08798	5.74283	5.7624	6.90467	5.09774	4.94669	2.70693	2.90958	4.19308	4.46231	3.31163	1.15628	3.8338	6.29288	3.8338	1.98582	2.23281	2.01836	5.25051	2.89278	4.3411	2.82462	2.40813	2.7605	1.27682	0.571083	0.744586	1.264	2.2618	4.68516	4.03173	3.00312	2.35343	3.31651	3.46491	2.93732	0.571083	2.71299	3.00312	4.20863	5.37212	6.04856	6.21357	4.87779	1.45577	4.5056	3.35545	0.571101	2.58401	4.34101	4.20464	2.60281	1.14205	0.902954	3.15596	6.71206	7.04706	6.26508	4.34124	1.98582	2.3465	3.88438	4.77066	4.89427	4.05166	2.42152	1.41022	0.571101	0.902954	1.4445	1.31458	1.37518	1.21135	0.541787	1.27684	2.35343	1.45573	4.29981	4.3336	3.79139	3.46976	4.15048	2.82462	2.31163	2.10525	1.91915	2.3741	2.04246	1.84116	0.902954	1.98582	3.32641	3.55294	2.28327	1.15622	1.66457	0.541787	2.20337	3.10406	2.58401	3.95452	4.54847	1.15622	5.72879	4.71598	0.722366	1.48892	0.744586	4.61905	7.86564	4.1621	3.38916	3.58007	1.55317	1.41022	1.53204	0.651122	0.744586	1.14205	0.651154	0.744605	2.04235	2.34646	2.35342	2.3741	2.23281	2.35343	2.11296	1.91915	1.55325	2.01833	2.2832	1.14209	0.902954	1.27682	3.65185	2.95937	1.15622	2.42822	7.25008	6.93702	3.46961	3.35545	1.78723	1.88482	1.95279	2.05831	0.972491	2.2617	5.74001	4.22384	0.9208	0.766159	4.05164	4.45874	3.21222	3.46971	4.92053	4.45143	1.70324	1.45571	1.88482	1.48892	1.0215	1.8144	2.71301	2.01836	0.361197	0.807636	1.02155	0.972491	1.41022	1.81442	2.93747	3.75278	3.35562	2.35348	2.3465	2.90958	3.60725	3.61173	1.66457	0.51079	1.41022	2.66456	1.37518	3.0725	5.18563	6.1407	7.10803	7.08781	5.54632	3.46976	1.71285	1.45571	1.0215	0.651122	0.403838	2.10515	3.10406	1.14205	0.651154	1.63496	1.81442	1.53213	1.80546	2.42835	2.68291	2.37406	0.9208	0.766159	1.41022	3.10406	2.68282	3.46961	7.04449	5.15755	3.40365	4.75714	4.76055	4.50929	1.27682	1.63496	4.9173	4.43342	4.33373	3.46971	1.88488	1.08348	1.41022	2.85312	3.15596	2.18111	1.95269	2.16618	3.60716	8.84982	6.97849	3.98316	2.04246	2.19605	1.31458	1.8144	2.95952	5.48793	7.25046	7.99431	8.86435	10.9165	7.83937
2.17348	0.255391	4.33316	4.54807	1.77802	1.48883	4.34062	6.33551	6.73752	6.51516	4.2081	5.48716	5.09729	3.43174	3.32604	3.10378	2.23255	1.85863	1.15612	5.79532	5.589	3.87151	4.51617	4.03142	6.31527	4.71556	4.05147	6.43877	6.87887	7.24096	6.35602	5.23493	4.86752	3.85894	3.35532	5.01774	6.14808	5.16044	3.06708	1.61474	4.46191	3.38886	3.08291	6.04538	8.04115	7.94772	7.60815	6.60099	5.15107	2.85301	1.99381	3.8546	4.94642	4.75674	5.19776	6.1401	4.87732	2.76031	1.55311	1.02146	1.95252	2.82425	3.46945	5.09754	4.61881	2.74853	1.09833	1.02146	3.54345	6.1401	5.85886	3.80383	2.80116	1.05284	1.08338	1.81426	1.88471	1.85863	1.66449	1.31447	0.651064	1.44437	0.920736	2.35323	5.41648	7.12541	6.99872	5.87548	4.47662	3.71335	2.81863	2.56495	2.91498	2.6827	1.91898	1.14199	1.41017	3.06179	4.90058	5.88367	4.03142	1.30202	0.90285	2.68258	3.31624	3.76524	4.2844	2.66432	0.90285	5.11939	5.25924	0.80753	2.1127	1.15618	4.65	6.61521	3.31624	3.15056	3.59336	2.23255	0.972368	1.30196	0.972368	1.02141	1.21119	0.920736	1.21125	1.63481	1.45558	1.21119	1.44437	1.80525	1.99381	1.54257	1.55311	1.61481	2.34629	2.71275	1.63483	0.80753	0.766091	2.91487	3.89225	2.45468	2.68256	6.88085	6.62972	3.60683	3.4646	2.05805	2.60258	1.44437	1.98564	1.77802	2.90932	4.69841	3.44582	1.30196	0.361165	2.76025	4.16186	5.22259	5.49623	5.44904	4.16177	1.14199	2.17343	1.85854	1.54252	1.71264	0.180584	1.48883	2.80124	2.91498	2.31142	1.91898	1.70317	1.66446	1.41017	2.58386	3.55262	3.46478	2.90936	2.35321	2.62755	4.11493	5.75924	4.06729	0.972404	0.972368	1.48879	1.91898	2.1735	2.05805	3.15064	5.00488	6.44622	6.15335	5.35368	5.31741	5.47567	5.87551	6.5155	5.94081	4.51617	4.16181	2.66444	2.01821	2.19582	1.63481	1.15618	1.31447	1.05284	1.4556	1.80525	1.7127	1.85863	2.16599	2.98644	2.70669	4.25401	7.72619	4.45835	1.70309	2.55224	2.45478	1.45564	4.79732	5.85907	7.24098	8.07269	6.86725	4.07937	1.77802	1.375	2.60258	3.65155	3.0243	2.28299	0.403785	2.2616	1.08338	6.2439	11.3856	11.7066	10.3688	9.37865	8.74346	8.21495	8.27457	9.52831	11.2751	12.8454	13.9434	12.6429	6.77572
3.80353	2.6642	4.11833	4.59363	1.15602	1.09823	3.06667	5.98041	8.3819	6.63156	3.22663	6.01257	6.15249	2.35295	2.45444	2.20298	0.570981	1.09821	0.54169	4.22309	3.98245	5.1192	6.33526	6.08716	8.00846	8.1206	3.38855	3.69991	4.7969	5.86123	5.98065	4.96885	4.46175	3.25181	1.15608	1.30191	3.24676	3.26668	2.91461	0.570999	5.37096	4.27263	4.1808	5.59147	5.19425	4.29926	3.07204	0.920635	0.90277	1.09823	1.15602	1.84083	3.71302	5.22213	5.71961	4.87692	3.64682	2.05794	2.05797	2.01803	4.22309	4.16144	3.42203	1.30191	2.42779	1.45549	2.74829	2.97538	0.972318	4.29905	5.47494	3.82045	3.55217	1.944	1.66425	1.45545	1.14185	0.722237	0.510726	1.08328	1.62468	0.766064	1.15602	1.45547	2.95899	4.25385	3.8036	2.60247	1.80514	2.19562	0.807492	0.651038	1.27659	0.744472	0.972282	0.902746	0.510699	1.30184	1.84083	3.71737	5.04607	2.73045	1.27661	2.66409	3.1554	4.05092	3.40288	0.651006	0.920635	4.98157	5.90198	2.81823	2.93684	1.27659	3.62894	5.86105	4.32917	3.96617	4.38846	2.824	0.361133	0.807458	1.14185	1.45545	1.40997	0.902746	0.920635	1.63467	1.63469	1.31435	1.09823	1.31431	1.61459	0.722237	0.403766	0.255354	1.37488	2.18072	2.05786	1.77779	0.807492	0.972282	3.36937	4.03089	3.57036	7.29269	7.02737	3.65123	3.06667	1.80504	2.45444	1.45547	0.744453	0.766064	2.45446	3.50156	3.07195	1.55289	0.255368	1.09821	1.45551	2.18081	2.85273	3.43146	2.34608	0.90277	2.56458	1.70294	0.902746	1.27659	1.37493	0.920654	0.766064	2.507	3.10366	2.95899	2.6642	2.353	0.766023	2.18072	2.20298	0.651006	2.80667	1.66425	0.510726	1.41004	5.23421	5.00421	0.902793	0.570999	0.255354	0.90277	1.8141	2.11258	2.10488	1.66434	0.90277	0.90277	2.05797	3.65138	4.94605	5.87499	6.61497	6.67997	4.84714	4.16149	3.07211	2.85273	3.07204	2.68243	2.70659	3.00259	3.44562	2.76001	1.9187	1.8408	1.94408	2.73041	3.8584	3.6512	5.47494	9.28634	5.75873	5.59143	2.89227	3.64682	5.94826	5.71681	4.86709	4.27282	3.95808	3.54314	2.85264	1.78691	1.55289	3.75193	3.71285	2.01794	2.05786	1.55289	1.31431	3.55217	3.36937	6.67279	9.40454	8.50238	7.6201	7.6201	6.98896	5.31694	4.76981	4.67749	5.52201	7.29294	5.86123	3.08787
4.72852	4.89963	5.07111	4.32868	2.19542	1.84064	2.97499	4.89938	7.96577	7.07648	3.7645	6.40224	6.01193	2.18049	2.58327	2.34579	0.765941	1.45531	0.807406	3.31068	1.99344	2.53249	2.23217	4.05051	7.8634	9.52765	5.59934	2.16556	2.93664	4.161	4.32868	2.80652	3.07178	4.28367	3.71262	2.01781	2.56431	3.21114	2.81793	0.180549	5.34633	4.8397	4.22264	4.07836	1.40982	1.27648	1.21101	0.361094	0.72216	1.08317	0.807371	1.26364	3.15005	3.96993	2.85245	1.27646	2.3527	1.55273	1.27646	1.71236	5.80808	5.4154	5.31939	3.57924	3.43107	1.78682	2.56444	4.27236	5.54475	6.03084	5.05509	3.25135	3.21114	2.173	2.05764	1.27643	1.05263	0.57092	0.920556	1.54227	1.48853	0.807406	1.53161	2.10455	1.15589	0.180549	1.48853	2.4543	3.07178	4.05066	4.46128	4.59338	3.89158	1.99344	1.26364	1.48853	1.15595	0.90265	1.8406	1.61449	3.55634	2.05764	1.09812	3.59265	4.53659	4.18035	2.85233	0.765982	0.744374	4.72832	5.55898	3.82004	1.66407	2.01773	2.81793	4.46104	2.75378	3.02371	4.72837	3.96982	2.56444	2.05775	1.71236	1.81388	1.4885	0.807371	1.02121	1.40982	1.05263	0.57092	0.57092	1.15589	1.53161	0.650937	0.744392	1.30177	1.84064	2.55165	2.80061	2.23212	1.02126	1.02126	2.58327	4.36208	4.22264	8.17812	7.72469	3.82432	3.2514	2.37342	2.71222	2.05772	1.45536	0.510671	1.80485	3.21114	3.07162	1.45529	0.510671	0.541632	0.255341	1.05263	1.78672	2.3527	1.45531	1.45533	2.85233	2.05767	0.403723	0.361094	0.72216	1.08317	1.54227	1.78682	1.70284	1.30177	0.902673	2.173	1.54222	1.55273	2.05767	2.01781	3.14995	1.99342	1.5528	1.85826	5.07411	5.0963	1.15595	1.40989	1.66416	2.05772	1.99344	1.27648	0.920556	1.15595	1.66416	1.66416	1.84064	1.08317	0.972214	1.71236	0.972214	2.90871	1.54222	0.920556	2.35281	3.71695	3.42167	1.53169	0.744374	0.403706	2.10455	3.0822	2.97499	2.53247	2.05772	2.5833	3.96972	3.75153	6.01193	10.6276	6.25535	6.29635	6.03347	3.98207	4.25318	1.45529	1.14173	1.61442	0.650937	2.11228	3.67741	3.26637	2.90879	4.33987	5.19674	5.55923	5.719	4.36231	2.01781	3.7168	5.25821	0.744374	2.70623	4.43216	4.35858	3.19103	3.57924	4.22286	3.59276	3.2514	3.50124	4.59317	1.81388	4.10999
5.93913	6.86531	6.72883	5.71569	4.79596	4.547	3.98988	3.36871	5.19299	6.55998	6.56009	8.68995	7.67246	4.14893	3.36871	2.95826	2.51288	2.19523	1.78666	3.24612	3.15493	3.25117	2.70599	4.29821	7.76506	9.55315	6.48128	3.44484	1.4884	3.3688	5.64773	6.23194	6.23194	6.68827	6.28061	4.91555	4.33198	3.62823	2.68182	1.45523	4.39861	4.7279	4.96762	3.75119	2.1121	2.37317	2.04169	2.80627	3.85784	4.64891	5.25802	6.19317	6.67867	6.23194	5.08339	2.34562	1.80469	2.55137	1.77744	1.40976	4.41711	6.18801	6.26275	5.23342	5.29762	4.59298	5.40306	6.10447	7.11668	6.83028	4.29842	2.17288	2.60184	2.45396	1.95196	0.650879	1.08307	1.09802	1.27634	1.44396	1.37466	1.05259	2.80612	2.51288	0.972127	0.920474	1.15585	1.4884	2.01763	3.4638	4.61403	4.75539	5.54418	5.12445	3.88293	2.58315	1.77751	0.722096	0.972127	1.77751	1.94362	1.31409	2.01763	4.89899	5.65043	3.19579	1.81372	0.807334	0.902616	3.71652	5.39996	3.14977	0.361062	1.30159	3.80267	4.75518	2.55142	1.94362	3.00185	3.06614	2.95841	2.81782	2.17293	1.84047	1.27636	0.744326	1.14162	1.54208	1.63435	1.2109	0.650911	0.902569	1.48836	1.26353	1.14162	0.765872	1.37461	2.34558	2.34558	1.61428	0.255304	0.180533	2.85206	4.99356	5.76033	9.95653	9.58608	5.80773	4.6835	3.87041	4.28329	3.95731	3.80285	3.31054	2.18038	3.226	3.31039	1.63435	1.02117	0.920474	0.40367	0.920455	2.01757	2.90849	2.45406	2.26095	2.19519	1.40969	1.02117	1.40976	1.30165	0.510626	0.744326	1.70269	1.91843	1.55267	1.15585	1.37461	0.972091	0.570869	0.972127	2.05754	3.25111	4.002	5.49467	7.1122	6.64983	4.33949	1.45523	1.55267	1.70269	1.88417	1.66399	1.71221	2.01763	2.3526	2.70606	2.93638	3.31054	3.44495	2.34562	1.91843	3.31542	3.67716	2.40723	1.94369	2.80044	3.62386	2.05757	1.77744	0.570869	0.744326	1.21085	1.88412	3.25117	5.1496	6.402	5.65062	4.94501	5.58173	8.1659	12.5991	8.31594	6.60879	8.42589	6.79272	3.59244	2.53227	3.19075	4.51489	5.50931	7.86917	9.87167	9.52232	8.25881	8.03096	8.2107	7.54932	6.83025	5.55874	3.67716	4.03015	5.39996	4.6835	3.21102	3.65064	5.29461	4.61403	3.38789	4.24153	5.79394	5.63349	4.38775	4.03015	2.35255	5.15563
1.66386	2.04151	2.34546	2.85192	3.06593	3.00173	2.05738	1.6638	3.32475	3.08165	4.38364	8.68914	8.33225	4.89856	4.39822	4.10926	3.22571	1.45506	1.05249	2.17267	1.6142	1.14156	3.06049	4.89851	7.40128	8.3682	6.48071	4.51788	2.17268	0.807228	2.31056	3.46349	3.19046	3.32488	4.0298	4.55706	5.15517	3.88244	2.80011	1.37454	3.1545	3.71614	6.1246	4.50352	2.0573	1.95179	1.45506	2.85192	3.46816	3.82377	4.98041	5.23295	3.65031	2.29644	4.16018	4.04977	1.55245	3.07107	1.40956	1.15569	0.902535	1.4551	1.27627	2.58284	3.26575	2.90832	3.02326	2.05738	1.77735	1.40964	1.45506	0.36103	2.4271	2.56385	1.66378	0.180517	0.570836	1.0979	0.510553	1.45503	0.765804	0.570818	3.82356	2.8518	0.765845	0.902512	0.403634	1.21079	2.01739	1.05244	0.650821	0.650821	2.17267	3.67683	4.16022	2.23172	1.14152	1.45503	0.403634	0.902489	0.403634	1.09792	1.05249	4.75473	5.11748	0.36103	0.650821	0.765804	0.570836	1.99308	3.82364	1.99307	1.40956	0.541536	4.84885	5.15517	2.89147	2.45384	2.16518	1.14152	0.403651	0.920392	0.74426	0.744241	0.570818	0.541536	1.14152	1.94345	2.195	1.40964	1.09792	0	1.08298	1.44383	1.62422	1.63422	2.0573	2.50617	2.10418	1.31394	1.27625	1.21079	3.96902	6.33316	6.60796	10.0681	9.12645	3.62353	2.34546	2.05736	3.08695	2.28221	2.42051	2.91389	2.35239	2.80011	3.62791	1.9849	1.53142	1.62422	1.21074	0.36103	1.31397	2.75928	3.15465	3.35407	2.56399	0.902535	1.0979	1.77735	1.80462	1.48827	1.48823	1.15569	0.255295	0.570818	0.570836	0.902512	0.36103	0	0.180517	1.40956	3.10262	4.61692	5.2236	5.4412	4.46049	1.70254	0.570818	0.180517	0.510553	0.650821	0.902489	1.61413	1.45507	1.31397	1.14156	1.30154	1.77735	3.29048	2.97453	3.62806	4.38736	4.02992	2.6817	1.05249	1.66378	1.95179	1.27625	2.11191	0.180517	0.920373	1.26342	0.403651	1.66384	3.62806	4.59257	4.29804	4.41672	7.01416	8.64545	11.4136	6.04552	1.99308	3.14949	4.87554	2.66345	3.43046	4.04994	4.89876	5.95478	7.47231	7.94479	7.88046	6.49576	5.41447	4.69679	3.9363	2.68158	2.7474	3.38759	2.89145	3.85324	4.5037	5.09249	8.33252	9.36172	8.10107	9.03108	6.51274	3.26579	3.31025	2.05738	2.1801	2.26065	5.00279
2.85164	2.9358	2.90801	2.62629	2.28197	2.26051	2.4536	1.95168	2.35203	1.6636	1.40941	6.35523	8.22619	7.72272	7.54556	6.50972	4.68593	2.98513	2.85164	2.34521	1.3014	1.15562	3.30974	4.7133	6.76274	7.08348	6.24078	5.97828	5.01534	4.35727	3.07084	1.05238	0.403591	2.10396	3.40155	3.67636	5.75927	5.97828	5.05369	2.01724	1.78621	2.98501	6.82861	5.62069	1.6636	1.55228	2.35203	2.68129	2.01721	1.55236	1.0978	0.360991	1.53125	1.91805	3.30974	3.7114	2.01721	2.66304	1.37434	1.54178	0.902416	1.15562	1.3014	2.23148	2.37271	0.807176	0.902393	0.744161	1.14144	1.02097	1.81337	1.05238	2.35203	2.29607	2.05706	1.3744	1.55236	1.0978	0.403591	1.27607	0.920293	1.54183	4.02932	3.06547	0.902439	0.971936	1.27611	0.971936	1.21061	2.01718	1.09778	0.744161	0.541478	0.971936	4.32747	5.02174	4.11688	3.86965	4.58504	4.75444	3.06561	1.77716	1.15562	4.10882	4.845	0.510498	0.721954	0.971901	0.255254	1.99285	3.64539	2.01718	0.971901	1.77716	5.91605	5.63504	2.90796	2.28197	1.77716	0.902439	0.721954	0.541478	0.255254	0.403591	0.360991	0.74418	1.26328	2.2819	2.34512	0.570757	0.971936	1.70236	1.55236	1.45492	1.62405	1.63405	2.05708	2.35203	1.6636	1.08286	1.08286	0.902393	4.59184	6.7343	6.40043	10	8.86259	2.05706	1.09778	1.80438	2.97414	2.37274	2.68141	3.40171	3.62768	3.02294	3.08132	1.15556	0.180497	1.30133	1.48807	1.02097	1.3014	2.01721	1.70236	1.61403	1.45494	0.920293	1.15556	1.21061	0.180497	1.0978	1.99287	2.40676	2.1725	1.53125	1.1414	0.807141	0.510526	0.510526	0.403608	1.05233	3.55532	5.85596	5.34182	2.53177	2.58256	1.6636	0.721954	0.403608	0.570757	0.541478	1.0978	2.37274	2.90801	2.74721	1.81339	1.27614	2.68138	3.44428	2.17996	2.40676	3.08666	2.58262	0.902439	0.403591	1.15556	1.61396	0.971901	1.40941	0.403591	0.971901	1.21061	0.570757	2.20212	2.10396	0.807176	1.81337	2.17987	5.85047	7.11493	9.90728	4.75763	1.63405	1.05238	3.85689	1.37434	3.95227	3.44424	2.80572	4.17922	4.14811	3.44428	5.78153	5.64942	5.46418	6.29457	6.06613	3.86948	2.42684	2.58254	2.23148	1.71182	2.05714	3.31478	5.19514	2.97414	3.55078	8.27607	10.3788	9.83637	8.10807	5.89999	4.50322	4.17917	2.56358
6.49212	6.36002	5.6033	3.9521	2.90775	2.5058	2.55078	2.5058	1.66351	2.45328	1.99269	3.46263	4.67512	6.50922	8.83893	9.34465	7.63928	5.31439	4.39758	3.35341	2.10387	1.85757	3.11251	3.956	5.84995	5.40128	4.68208	5.50474	5.36859	5.54261	5.7477	4.84811	3.25025	2.8909	4.20579	3.11257	1.94307	3.26511	5.22257	3.98058	1.7022	2.41993	5.98829	5.8719	2.8909	2.58239	3.5	4.50633	2.79957	0.403555	0.180481	3.25018	5.47256	5.89946	4.20208	1.81323	0.650693	1.66348	2.16475	2.05695	1.99269	1.27596	1.53112	2.85136	3.6496	3.3096	2.3101	1.31372	0.360959	0.902358	0.510453	1.27602	2.35187	1.88358	3.38693	3.11257	3.35341	2.93554	2.75288	3.46281	4.33839	4.36068	3.8017	2.62598	0.97185	0.902358	1.27602	1.88364	0.902335	1.48794	1.81321	0.403572	0.807104	2.37253	3.55517	5.02129	4.55983	3.25027	4.11259	5.24729	5.31741	4.58463	4.22128	3.98058	3.40124	1.14134	1.91788	2.60122	3.35341	4.5916	2.97395	0.51048	0.403572	1.54164	5.50747	4.86451	1.61382	1.48794	1.21056	1.21056	1.14134	0.902358	0.570724	0.360959	0.403572	0.765695	1.37427	2.53153	2.89088	2.17226	1.09769	0.570724	1.61389	2.345	2.62605	2.345	1.66351	1.55215	1.2105	0.807069	0.807104	3.42981	6.33204	6.62607	5.71665	10.2885	9.02922	2.17968	1.83991	2.17224	3.14877	3.2452	3.40141	4.33093	5.09464	4.08498	1.77701	0.403572	0.97185	0.920193	0.765654	0.570724	1.276	1.80422	1.45481	1.91788	2.60122	2.80547	2.60122	2.62605	2.60122	3.18984	4.10867	4.6022	3.71124	2.51226	2.40649	1.55215	0.403572	0.403572	0.510453	0.765695	3.36775	6.99442	6.38233	2.26021	2.95742	2.82264	1.37427	1.0977	1.15546	1.31372	1.05229	0.570724	2.17231	3.19488	3.2899	3.06533	3.93564	3.98875	4.51361	6.10274	8.03663	9.0349	7.54507	3.95208	2.05695	2.16475	1.88364	2.37253	2.17231	2.60122	3.14887	2.95757	3.26515	2.53155	1.45481	2.01706	3.32423	6.36983	8.84407	11.1843	6.82584	5.29316	5.14814	6.4945	7.48794	9.27891	7.17494	5.87218	5.71687	3.62735	2.79964	4.73696	5.62324	4.73696	5.78102	7.32419	5.68004	3.98058	3.25018	3.15388	1.40929	1.81323	4.55983	6.15496	4.11259	4.38279	7.14819	11.8088	13.9357	12.4755	9.76359	7.57238	6.73383	1.91778
8.48831	7.98841	7.36721	6.7902	6.49154	5.84974	4.50247	3.48114	1.94296	1.78586	2.30974	4.0286	4.53452	3.32391	3.32375	5.81083	6.00119	4.17845	2.79938	2.40632	2.23113	1.77684	2.40624	3.00068	5.75801	4.91349	2.72883	3.02227	2.50541	2.01676	2.68078	2.98443	2.17205	2.19439	3.86873	3.98015	4.64718	4.08462	2.37226	2.58207	2.93528	2.34479	2.88499	7.49354	8.09878	7.36721	7.42964	8.4975	8.22299	6.68341	6.23991	6.93899	5.68814	5.00159	4.61231	4.00058	3.49974	3.60465	4.27038	4.2017	3.9802	3.24986	2.10368	2.01688	2.37231	1.88346	1.30117	2.51203	3.78862	3.4011	2.23113	1.9512	3.24989	2.98459	2.85097	2.01676	0.765627	0.403535	2.26011	4.04881	4.61231	4.33055	3.07036	1.81305	0.920124	0.765627	0.920124	1.37415	2.58218	2.17211	0.744019	1.30108	1.45465	1.21038	0.650667	2.20169	3.07015	1.15534	1.81305	1.0976	2.0568	4.20556	4.39719	3.55485	2.58214	1.08266	1.09757	1.66339	3.14855	2.58214	0.541377	0.510435	1.70205	2.6809	5.82471	6.33142	3.85212	2.90743	1.80405	0.180464	0.971761	1.02079	1.21045	1.21045	0.570672	0.403535	0.971761	1.54148	1.45459	1.9925	2.6809	2.90749	2.72888	1.88339	1.53087	0.806984	0	0.971713	1.40914	2.05669	3.11227	6.29085	8.77534	8.22487	7.49562	10.277	8.49523	2.88499	2.35166	1.45462	2.30974	2.74657	1.80405	1.31359	0.721819	1.40914	1.48779	1.54155	1.80411	2.41981	2.60099	2.28155	1.80405	1.66331	0.920099	0.403512	0.902216	1.27588	2.58218	3.14858	2.60099	2.35172	2.85113	3.7109	4.15911	3.95172	4.67481	4.6297	3.06506	2.17211	1.8574	1.15542	2.40624	6.278	8.07504	7.62201	5.73883	2.75848	0.920124	1.31354	2.17196	1.71149	1.70205	2.45313	2.28155	1.27588	1.45459	1.81303	2.05669	1.94287	3.19446	3.54111	4.50247	5.73883	7.41229	6.11249	3.06497	2.11128	1.48779	2.55044	2.3099	3.20982	4.59127	5.61999	5.80008	5.04333	4.45922	5.29269	7.23622	9.03564	10.9269	13.2098	10.1904	8.91826	8.78102	10.6233	13.1897	12.3711	9.38932	6.2885	2.10355	5.91518	7.39958	5.09737	3.11219	4.02854	4.61554	5.09068	4.51662	5.02082	5.50423	5.94485	4.21703	3.14855	4.67464	5.1192	3.60465	4.3861	3.82268	3.8564	5.78053	7.03944	8.17466	9.58275	10.7539	9.50224
4.83721	4.64668	4.75309	5.11575	5.73544	5.64792	5.02031	3.60867	3.0646	1.27577	4.42946	4.96524	3.78807	2.45288	2.58188	3.55431	4.10766	3.22445	2.11108	1.45449	1.62358	1.05208	1.45446	2.30953	6.60534	5.68733	2.5502	2.62547	1.54134	1.77659	3.76236	3.60865	1.40909	0.971659	3.46669	5.71553	2.42615	1.45453	1.21032	0.360888	1.48769	1.45446	4.14693	5.55608	6.32081	5.15337	4.18968	5.04266	5.58771	5.29213	5.47152	4.33003	1.98412	1.26292	1.54139	1.83959	1.77666	1.91751	2.28132	2.3445	3.80085	2.28125	2.30965	3.40074	4.21659	4.10787	3.69741	3.54075	2.51177	2.17181	2.41945	3.95112	3.71472	2.01666	0.403493	1.95112	2.6624	2.17183	2.45278	1.85712	1.27575	1.40909	1.66319	1.05208	0.920031	0.765545	0.570613	0.570613	1.45453	2.19417	1.26292	2.05647	0.765504	0.650598	0.902182	1.45446	2.45278	2.20149	0.806946	1.48769	2.55015	1.48769	1.80387	0.902182	1.62358	2.19417	2.52462	1.48769	2.75221	0.403493	0.510353	1.81285	1.77666	1.66319	4.11555	5.3913	3.48065	2.28125	2.41945	1.15524	0.403493	0.51038	0.650598	0.920031	1.21027	1.14108	1.48769	1.48769	0.743968	0.403476	0.971659	1.70187	3.06467	3.2892	2.4528	1.09747	0.403493	0.902135	1.91741	2.85069	2.98416	6.35344	7.70388	5.47133	5.23078	8.18906	6.9081	2.5502	1.81287	0.765545	1.21027	2.37203	2.2309	2.25987	2.05658	1.9923	2.0166	1.09749	1.05208	1.9923	1.8572	2.35141	2.0565	1.85712	1.05203	0.570613	1.27575	2.0565	2.05647	1.05203	0.180446	0.510353	1.30096	1.1553	2.7582	3.14825	3.76247	4.51622	3.46675	2.05658	1.40909	0.902158	1.37395	3.36709	4.86037	5.08096	4.21659	1.80387	0.510353	1.15524	2.35136	2.17925	0.570594	0.920031	1.81287	1.30103	1.09749	1.85712	1.7857	1.40901	3.40058	2.74632	1.62358	1.31346	4.22024	5.36734	3.35258	2.6805	1.6135	2.81632	0.806911	1.83955	2.28132	3.14825	3.71486	3.60426	3.83073	4.95245	5.67904	6.49066	9.0066	12.6993	8.3367	5.23091	4.75312	5.87101	6.77058	5.34961	5.01391	5.93066	8.74183	8.59818	7.11329	6.53006	1.77666	5.09656	4.44764	2.17177	2.5818	2.17181	3.76247	6.15376	5.32842	3.07003	4.04821	4.3965	1.81285	2.53103	1.26292	0.403476	3.18904	3.02198	4.21659	7.08395	9.31588	8.8159
1.55178	1.09739	1.15513	0.18043	0.360856	0.650508	3.06433	3.2889	4.51578	3.36689	3.80051	5.50591	4.25039	1.80366	1.61336	2.91238	3.62617	2.90679	1.95085	1.05194	0.570543	1.21021	1.83942	2.54997	6.68178	5.59567	2.0164	2.17906	1.78555	2.85046	3.78773	2.66205	1.31334	1.08245	2.17157	4.84653	4.33706	3.60394	2.45268	1.70172	0.510335	3.38597	6.04264	4.22009	6.71068	6.27706	6.0296	6.83802	6.45062	4.51233	3.10129	2.04053	0.902101	0.570543	0.570562	1.31334	1.45437	0.765436	1.63342	2.23065	2.93455	2.11097	2.25967	1.37388	1.85695	0.743883	0.743902	1.5412	0.541276	1.95085	2.41924	4.51212	4.35183	1.54125	1.27562	0.255159	1.05194	2.05629	2.93455	1.91724	0.91993	0.765477	0.570543	0.743902	1.14101	1.02059	1.02059	1.31334	1.81271	2.28112	2.9731	2.19398	0.65054	0.650508	0.541276	1.31331	2.0164	2.4058	1.98394	1.08245	3.46165	1.21016	1.48752	0.902101	0.765436	0.91993	1.45433	1.45437	3.06439	2.70452	1.7765	2.17162	1.7765	1.31334	3.80051	5.04209	3.0696	1.85695	2.75197	1.80366	0.18043	0.570562	0.902101	0.65054	1.05194	1.663	1.44314	1.08245	0.40344	0.743902	1.30091	1.53068	1.83939	2.2013	2.7579	1.98394	0.743902	1.15513	1.91724	2.85043	3.24919	7.10781	8.03395	5.23023	4.72527	6.99245	5.98393	2.11089	1.09737	0.743902	0.919949	1.37383	0.765436	0.570562	1.55178	3.19397	3.64856	3.35246	3.2092	3.41942	2.95673	3.42884	3.06967	2.7579	1.63343	1.55178	2.17169	3.36689	4.20467	3.80069	3.95098	4.22009	4.59034	4.14667	3.64859	2.85057	1.71123	2.42593	2.41924	1.14101	1.09739	1.31331	1.14097	2.0164	2.58157	1.88304	3.15298	2.58157	1.14101	1.45437	2.37186	3.41942	3.80069	3.57688	2.70452	1.80376	1.80376	2.70445	2.3512	0.919949	2.17906	3.11168	3.85565	4.50159	4.91276	4.84658	3.38597	2.56262	1.85695	3.15298	1.63342	2.7579	2.71045	2.93466	3.49901	4.26956	5.73772	7.33106	6.91009	5.64732	7.62023	11.8453	6.86107	1.5306	0.721684	1.91724	2.34429	3.24932	3.88902	6.53911	9.98382	6.90981	3.10129	3.89719	2.53083	5.74587	5.01329	2.62531	3.06439	0.570543	2.66217	5.24573	5.58722	3.54959	2.72833	3.71436	2.45256	1.98394	2.62531	3.60394	5.95193	6.50995	5.64742	6.35307	7.36558	5.74607
1.71107	0.902021	0.403397	0.403397	0.360821	0.180412	1.88285	2.70418	3.64374	4.14226	1.26269	5.25421	4.50089	2.30908	2.60008	3.14752	3.38561	2.41899	1.70146	1.05183	0.570485	1.62328	1.83925	2.54971	5.68622	4.5826	1.77624	2.17883	3.31303	3.78733	2.85016	2.66177	1.15509	2.41899	2.42567	2.23042	3.54927	3.88036	2.58144	1.66292	2.10295	4.60019	6.98489	5.26667	6.47729	6.47729	5.95411	6.83739	6.88156	5.15238	3.4191	2.28091	1.66283	0.570485	0.570509	1.15509	2.01622	2.29497	2.0561	2.01622	0.650438	1.95077	2.1715	1.37376	1.37368	0.971436	0.650481	1.31317	0.40342	1.70146	1.94231	4.02739	4.35137	1.66288	0.765409	0.255132	1.05183	2.05607	2.67998	1.6628	0.570509	0.765409	0.570485	1.31317	1.1409	1.0205	1.0205	1.45424	1.98375	2.04035	2.97282	1.80359	0.90199	0.901959	1.21003	1.54104	1.77624	1.63328	2.58133	0.806801	3.20869	1.45418	1.08235	0.971484	0.765354	0.570509	0.40342	1.31322	2.20121	2.91222	2.53056	1.66288	1.88292	1.15509	4.0474	4.7925	2.05607	1.37368	2.99983	2.30908	0.403397	0.919837	0.971484	0.90199	0.25515	1.45421	1.443	1.48736	1.15501	1.31317	1.48741	1.53054	1.1409	0.541222	2.35096	2.58133	1.31317	1.40874	1.6628	2.3509	3.49851	8.10967	8.77795	5.95375	4.95134	6.26848	5.49072	1.88285	0.90199	0.650481	0.919862	0.919837	0.255132	0.570509	2.35096	3.78745	3.64823	3.35216	3.18865	3.4191	2.93444	3.78742	3.46604	3.19355	1.63328	1.71107	2.25946	3.06418	4.06354	3.74892	3.96697	4.20437	4.58993	4.26917	3.57657	2.85032	1.71107	1.15501	1.94231	1.1409	1.26269	1.54104	1.14086	1.77624	2.344	2.11067	3.15265	2.344	1.1409	1.31322	1.91717	3.10101	3.74892	3.64826	2.82171	1.80359	1.80359	2.53058	1.99194	0.919862	0.765409	2.56253	3.85531	4.54401	4.28049	3.42376	2.68001	1.55154	2.3509	3.15265	2.0561	3.19355	3.06937	3.08521	3.96684	4.94174	6.25089	7.6614	6.57783	4.64586	5.9753	10.3736	6.35722	0.510253	0.721613	0.650438	1.66292	3.64374	3.88866	5.41115	6.74058	4.84609	3.4191	0.806801	1.91717	5.06712	5.01277	2.9066	2.58141	3.57632	4.17719	4.94174	5.75659	4.33664	1.70157	2.95626	3.20869	1.40883	2.41912	4.38113	5.59547	6.76936	5.73721	6.66697	7.18092	5.64402
1.37356	1.05173	1.54095	2.54956	3.20857	3.06916	2.98343	3.14733	2.90631	3.97863	3.32268	4.6278	3.99882	2.67974	2.93398	3.05842	2.81552	1.94214	1.80336	2.01609	2.01609	0.901901	0.971347	2.30887	4.84225	4.10649	1.91686	1.91686	3.71364	4.58923	1.91686	1.80336	2.81567	3.96237	3.60315	2.75156	2.85002	2.75741	2.17122	1.95057	3.11101	4.21904	6.68048	5.09196	1.45405	3.24864	3.95429	5.6005	6.29862	5.40777	4.3548	3.06907	2.4521	1.09718	0.57045	0.255109	2.20087	2.81552	1.7013	1.66268	0.510235	0.721543	1.31309	1.63312	1.85667	2.66165	2.56226	2.58117	2.20098	1.27539	1.40861	3.69617	3.69617	1.09716	1.05173	1.27537	1.63312	2.05591	2.05589	1.27537	1.15497	0.743756	1.27534	1.5514	0.180395	0.650412	0.57045	1.40861	2.11048	1.37361	2.05591	1.27537	1.26256	1.44286	1.66268	1.66268	1.94214	1.02033	2.30887	0.360786	2.956	1.27534	0.570432	0.403361	1.80331	0.510235	0.901878	0.541169	0.541169	1.31305	2.53031	2.4522	2.90636	3.20857	5.24465	5.64613	3.14736	2.25922	2.67977	1.80331	1.48726	1.66271	1.20997	1.45409	1.37361	1.09718	0.510208	1.45407	1.99174	2.37139	2.19355	1.09718	0.570432	1.05178	1.99172	2.51096	1.05173	1.37356	1.77608	2.10276	3.39961	8.45288	9.33323	6.43174	4.75152	5.29036	4.98975	2.54951	2.10286	1.8034	1.45407	0.901878	0.403378	0.570432	2.25912	3.14724	2.11048	1.02033	1.14079	1.62312	0.570432	2.80397	2.84987	3.06373	1.45407	1.09716	0.971347	0.570432	2.29477	1.6331	2.29489	2.80412	1.85667	0.570432	1.40868	1.88273	2.45218	2.59997	2.45218	2.01609	2.62479	3.32263	3.38544	2.98343	2.35076	1.88268	2.67974	1.95047	0.721543	0.721543	0.180395	1.37361	1.55148	1.27539	1.37356	0.743737	0.806716	1.83903	1.44286	1.80336	2.54951	2.59997	2.25922	2.05597	1.37361	0.541169	2.74565	4.21926	5.29058	5.32691	4.95105	5.50211	5.4108	5.74495	6.53805	6.8367	6.66397	5.67744	2.45218	1.77608	4.84561	10.1063	6.75892	0.541169	1.05178	1.15497	1.48726	3.22353	3.5533	3.47966	3.62546	4.14577	3.85064	3.28832	2.37139	4.35098	4.99942	2.23021	1.85667	5.41063	5.01231	3.24864	4.87222	5.05083	4.33631	5.7561	5.71409	3.57619	2.37139	2.30887	1.80336	2.30887	2.30887	4.99942	4.84559	2.51096
2.11029	2.70966	3.49801	4.04687	4.33592	3.9662	3.62529	3.76107	3.9334	4.75132	5.73331	5.06956	3.24836	2.58084	2.29456	2.90596	2.58086	2.37118	2.23007	1.80324	1.80324	1.80324	1.61297	2.84965	5.38929	5.88774	5.71359	5.55401	4.50027	5.28994	1.27527	2.52367	3.9662	4.67259	4.41335	3.79961	3.99866	3.74818	3.06359	2.82116	3.11079	3.14698	5.08834	5.15435	1.09706	1.66259	3.44208	5.46939	6.83132	5.5741	4.87179	4.2034	3.06352	2.50437	2.20078	1.37349	2.41855	2.51074	1.81219	2.01589	2.05581	2.17107	2.05578	1.8389	1.08215	0.806644	1.61297	1.77599	2.10267	1.85651	0.901821	3.57568	3.24827	1.20981	1.9503	1.88251	0.901821	1.1548	1.48709	1.30054	1.55134	1.63297	2.01582	1.55126	0.180379	0.403342	1.63297	3.06352	2.88926	1.2753	2.17844	1.27525	1.09708	1.44273	1.27525	1.55134	3.47948	3.8503	3.26329	2.45199	2.01585	0.74369	1.20987	0.901844	1.85642	0.255086	1.6129	0.901844	0.765259	0.971296	2.01591	2.67964	3.31262	4.33592	5.95554	5.93393	3.74818	3.06889	2.05578	0.721478	1.02024	0.765218	0.403325	0.74369	1.30054	1.40856	1.05169	0.541121	0.806644	2.45199	3.78681	3.81657	2.90605	1.09706	1.85642	1.85642	0.2551	1.31297	2.35053	2.62449	3.49789	7.99213	9.02416	6.62466	5.15435	4.91122	4.32829	3.14708	3.3515	3.06359	3.06352	2.17102	1.70123	2.01591	2.17102	2.91155	3.19297	3.08463	2.98317	1.61297	2.34358	3.08459	2.40512	2.03984	1.48713	2.11036	1.55134	1.14065	3.39931	4.5145	5.55401	6.87344	7.03629	5.79732	3.86711	1.91679	0.403325	2.58092	3.78681	4.75472	5.6287	6.27528	6.53019	6.35643	5.75566	5.04092	4.11417	2.67962	1.40856	0.510189	1.05164	2.01585	1.91679	2.10267	2.11036	1.94203	1.91679	2.67962	3.24843	3.87962	3.9334	3.06889	2.67964	2.41865	1.48713	1.70115	2.17852	3.55315	5.88787	7.83008	8.64647	9.27883	9.74691	10.4515	10.533	9.82525	9.11995	7.75685	6.82432	4.64472	4.11401	10.6338	8.1705	1.30048	1.20987	1.55134	1.45394	5.39822	7.80961	4.94088	1.45398	2.34362	3.49801	3.97832	3.24336	4.51443	5.15124	3.06359	4.08266	5.76385	5.4693	3.58938	4.71036	5.29011	6.28806	8.32623	7.17089	5.88795	5.74444	3.22338	0.403342	1.63297	2.84962	4.83516	4.45685	3.39931
2.79768	2.97187	2.97187	1.812	1.20974	1.26231	1.5406	1.77573	1.81198	1.95018	2.58067	2.42511	1.85631	1.71051	1.40833	2.41829	2.01563	1.81198	1.77573	0.650253	0.650253	1.31283	1.91659	2.75682	6.66484	7.65892	6.48762	5.33801	4.33546	4.35389	1.45379	4.10569	1.45381	2.40486	2.45163	1.44257	1.45381	1.45383	1.3004	1.08203	1.94176	2.62421	3.70856	3.82869	2.28015	1.48693	0.971157	2.42498	5.48036	4.70971	3.82869	3.4603	2.05551	1.55117	1.88236	1.803	2.45163	2.40486	1.63278	1.27512	1.71056	2.67936	3.24805	2.98285	3.11046	2.3503	1.05158	0.919589	0.403282	1.08203	0.721401	2.95542	3.35098	2.05548	2.25868	1.40833	0.650285	1.31283	1.63278	0.570338	0.403299	1.31279	2.50399	1.61273	0.510108	1.44257	2.52341	3.2629	1.48697	1.02013	1.80296	1.02013	0.510108	1.02013	0.650253	1.77573	2.42511	4.32417	3.62038	2.17084	0.919589	0.901725	0.901748	0.765177	1.05153	0.91957	1.77573	0.510135	0.541063	0.255072	0.255072	0.255072	0.91957	1.6228	3.54806	3.89567	1.08203	1.26231	0.650285	0.806558	1.48697	1.66239	1.27514	0.570338	0.255059	0.570338	1.05158	1.27516	1.27512	1.37329	1.85631	3.11046	3.78632	2.93345	2.41829	1.61273	0.721401	0.650285	1.88231	2.90565	4.45637	8.03085	8.123	5.98427	5.14442	4.86123	3.20778	0.971192	1.37334	1.81198	2.62421	2.19312	2.10244	2.34341	2.51056	3.42748	4.20295	3.24801	1.85631	2.70332	4.10964	3.08426	2.19312	1.09696	0.541063	1.803	1.31283	2.05548	4.64423	5.78814	4.32043	4.3503	5.25299	6.37079	5.80219	3.98606	3.06847	3.20778	3.02053	3.44164	3.67363	3.97789	3.71305	3.57549	3.96577	4.1059	3.7131	2.80358	2.0157	1.44257	0.901702	2.42498	0.743592	1.27514	1.66239	1.54065	1.15474	1.45383	2.17084	2.62428	1.812	0.570338	0.570338	0.570338	1.78485	2.29432	1.37329	1.71051	5.09412	6.43798	5.04985	5.42157	5.95491	5.99785	5.06581	4.10585	3.96568	3.06326	8.01311	7.11627	2.95542	10.3466	8.98826	1.91649	0.901702	0.403299	2.70332	8.33263	8.77557	3.49769	3.97786	1.40841	1.05153	2.70332	2.95542	4.45637	4.10569	1.94183	2.30854	3.81604	4.35382	1.94176	2.59934	1.66235	3.08426	4.80127	2.20055	2.58064	3.76067	5.04981	3.06313	1.27514	1.5511	4.2677	5.24354	4.58834
2.90544	2.62397	1.94992	0.901645	0.806486	0.650195	1.37317	1.63263	1.63265	1.27505	1.63265	1.85615	3.15162	3.95316	3.95316	4.15632	3.54789	2.91109	2.35009	0.403263	2.01545	2.70915	3.15162	3.81583	5.18756	6.47458	6.58489	6.228	4.97565	4.69225	1.08193	4.29371	1.6622	2.42476	2.0553	0.901621	1.02004	0.650195	0.25505	0.255036	1.94992	2.70308	3.18723	3.05755	1.91632	1.45363	1.09684	2.17801	5.2277	4.84087	3.49721	2.98246	1.98299	1.52995	1.88219	2.4047	3.08403	3.24272	2.52961	2.10995	2.19292	1.94165	2.67909	2.98259	3.53873	3.82003	2.25858	1.15464	1.37317	0.255036	1.05143	2.42476	3.20749	2.45141	2.54874	1.81182	0.180343	0.721337	1.30022	0.510062	0	0.806451	2.41808	1.94158	1.20958	1.45363	2.01543	2.75065	0.403263	1.85606	1.37317	0.570269	0.919507	1.27502	1.37322	1.40821	1.7009	2.93319	1.94992	0.541015	1.44245	2.20035	2.45151	1.61265	1.20963	1.81184	1.80284	0.806486	0.743544	0.570287	0.255036	0.180343	0.901621	1.37317	3.06286	3.79869	1.45363	0.806451	0.403263	0.403246	0.510062	0.901621	0.919488	0.971106	1.20963	1.55104	2.05541	2.29424	2.05538	2.05533	0.901668	1.80284	3.26261	3.96533	4.17566	3.53873	2.29424	1.31271	2.17053	4.27867	6.8788	9.49897	8.12435	5.06522	4.08165	5.03968	3.39865	0.403263	0.650195	1.30022	1.8385	1.94165	2.10226	2.28002	2.62405	3.96124	4.33494	3.08403	2.29424	4.38302	4.91026	2.72702	2.50388	2.9333	2.90553	2.28002	1.8385	3.05755	5.11259	5.72068	3.35068	2.10988	1.15464	2.84909	3.78591	3.36518	3.49726	3.62443	3.32156	2.5487	2.03944	2.67898	2.20024	0.721337	0.721337	0.901645	1.20963	1.91642	2.75078	3.62458	3.44141	3.26265	2.28002	1.94165	1.66224	1.37322	1.15464	0.806486	0.360683	1.30022	1.2622	1.55104	2.01552	1.80289	2.74476	2.42476	1.37317	2.05533	6.681	8.01241	5.4062	5.58455	5.57591	4.68197	2.7975	1.45368	1.91632	1.37322	7.56636	6.85781	3.0787	10.4891	8.59315	0.97107	2.10226	2.30834	4.45242	9.44261	6.96855	1.61258	2.42476	2.05541	2.56153	2.70913	3.31182	4.59847	2.81472	2.10988	1.85615	2.93319	2.93314	2.93319	3.9775	3.54789	4.94948	5.78761	2.81487	2.93325	2.25848	4.75018	4.35713	2.05533	3.36527	5.0494	5.23698	5.15335
3.76	3.14616	1.30017	0.360651	0.540967	0.570237	1.91625	3.57485	4.97521	5.85078	5.75403	5.43552	5.86717	6.07914	6.03684	5.18736	3.85346	3.2475	2.90527	2.34988	3.3115	2.79718	2.52939	1.54038	1.66209	5.80671	7.93655	8.34672	8.55602	9.37706	4.8605	2.93288	2.56116	2.99844	2.01525	1.09675	1.45353	1.27491	0.901587	0.650169	1.27487	2.40443	3.78565	4.32341	3.67298	3.02009	2.66065	2.37051	3.96486	4.39362	3.31153	2.93293	2.1704	1.40816	1.54038	1.94148	2.75638	3.6063	3.32139	2.90527	2.34992	2.0552	2.54861	3.85346	4.75338	5.29161	3.61974	1.48671	1.66205	0.901587	0.570218	1.91614	2.40443	2.75638	3.26236	3.10991	2.58021	2.34992	2.51011	2.1779	1.78462	2.17045	3.24743	3.10985	1.81166	1.62252	2.19273	3.6063	3.06802	3.49702	2.20015	1.20952	0.180327	1.45357	2.34992	1.80273	1.09675	1.55082	1.26209	1.30017	1.66212	2.50366	2.90527	2.84893	2.30813	1.94148	0.743478	0.360651	1.05139	1.61251	1.45355	0.510044	0.80638	0.901541	2.67874	3.82801	1.80264	0.255013	0.510017	0.806414	1.20952	0.570237	0.510044	1.40816	2.03937	2.42468	2.75053	2.80308	2.29403	1.6325	0.650169	1.09675	1.99097	2.93299	4.06161	4.38277	3.70807	3.06793	3.94853	6.76591	9.83969	11.2824	7.91642	3.24748	1.48667	5.22735	5.57252	2.98232	2.0552	1.94148	2.50366	2.95505	3.09953	3.22247	4.27843	5.99679	5.62992	4.42674	3.57485	5.39681	6.30902	6.22745	7.10866	7.48161	6.36971	4.14432	3.64636	4.49881	4.84379	4.45558	2.97134	2.79725	3.09953	3.99746	4.15587	4.02558	3.79842	3.42687	2.79718	2.05512	1.94974	2.84881	2.45116	0.765	0.570218	0.510017	0.901541	0.919406	1.70075	2.93304	3.69498	3.94871	3.55214	3.06802	2.599	1.91625	1.45357	1.31259	0.806414	1.94141	1.99097	1.66212	2.27982	2.25838	4.02553	3.85326	3.42215	4.58769	8.77229	10.354	8.15685	7.82788	7.0365	5.47671	3.56579	2.01534	0.403227	3.81549	7.6327	4.78022	3.85326	10.9371	7.03394	1.81166	2.84895	3.35055	5.9538	10.543	6.29628	3.88681	4.58073	6.68072	6.97972	6.72123	6.53565	4.9394	1.48671	2.56116	2.37047	1.31259	1.45357	2.52296	2.80293	1.77542	4.86037	7.14407	2.22943	3.32132	5.61839	5.93225	4.51322	3.78565	4.85718	6.32675	6.48899	4.87044
2.16267	1.81148	1.45337	0.97088	0.97088	1.09663	1.9826	2.74433	3.79813	4.64314	4.45535	3.60151	2.9711	2.57991	2.25814	1.45342	0.570176	0.919308	1.27477	2.57985	4.84327	2.99812	1.62234	2.055	2.79695	2.59873	3.06232	2.34275	3.56541	8.25414	8.09344	1.71002	3.74653	2.90483	1.70049	1.3729	1.66188	1.09665	0.743399	0.6501	0.540909	0.970916	2.93267	4.15546	3.96455	2.90491	2.10954	1.15441	2.5482	4.10452	2.75011	2.50327	1.80244	0.403167	0.570158	0.570158	1.15435	1.94953	1.88177	1.26196	0.570176	0.764918	1.15435	1.14024	1.83818	4.0251	3.74653	1.40793	0.97088	0.901491	0.721196	1.29997	1.26196	1.81146	2.2795	1.9826	2.34967	2.84865	2.84862	2.40423	1.78443	1.94963	3.14575	3.464	1.71002	1.27475	1.20939	2.54828	2.6786	2.79695	1.7753	1.54021	1.66188	1.94953	1.14024	1.66194	2.75609	2.52912	1.48655	0.970916	0.6501	0.806294	0.540909	1.63231	1.20939	0.540909	0.901468	0.721196	1.20934	1.05128	1.81146	0.901468	0.97088	1.09663	2.66025	3.74653	1.40793	0.255	0.97088	1.45337	1.15441	0.901468	0.764918	0.919308	0.970916	0.901491	0.901468	0.50999	0.721196	0.360612	0.360612	1.09663	1.27475	0.919308	1.40793	1.66188	1.99076	3.79795	5.59191	8.16735	10.2895	9.44079	3.71191	1.3729	1.63231	3.42652	5.46717	3.42179	2.17017	1.61234	1.45342	1.20939	1.14024	1.44216	3.47799	4.77972	3.06232	1.94127	1.48655	3.32096	4.20183	4.49856	4.79001	4.58728	4.23627	3.46405	5.36326	5.75312	3.9969	3.06753	2.05492	1.71008	2.10954	2.88811	2.79688	2.99812	3.35002	2.91041	1.81146	1.05123	1.70049	2.75011	2.66025	1.3729	0.570158	0.6501	1.48655	1.9826	1.63231	0.919308	0.570158	2.01506	1.54021	1.2748	1.15441	0.901468	0.570158	0.74338	0.721196	2.10175	1.70049	0.180308	1.40793	0.74338	4.83993	5.5022	4.38216	4.3341	8.57684	9.66702	5.71124	4.55539	3.24209	1.88183	1.45339	1.9412	2.30777	4.94852	6.48814	2.75609	5.14296	11.0821	5.86627	2.66025	1.27475	1.05128	5.5516	10.4351	5.11482	4.11257	4.66736	4.94868	4.45535	4.99726	5.07709	2.93272	1.44216	2.75011	3.20687	1.1402	1.80249	0.650068	2.66037	4.278	2.17017	5.11482	5.17746	5.26363	6.90295	4.68105	3.42179	2.97102	3.60133	6.0782	4.88638	2.29379
1.85553	1.45324	1.8816	1.37278	0.76485	0.970794	1.8816	1.98243	2.19226	1.54002	0.180292	0.650042	1.09653	1.15425	0.65001	0.901365	0.76485	0.901388	1.61219	2.3425	4.08049	2.79663	2.19972	2.05482	1.63219	0.919245	2.40396	1.70992	0.743332	6.73619	9.01989	0.180292	3.93141	3.61903	3.28645	2.75579	1.66173	1.09655	0.180292	0.650042	0.540861	0.65001	0.919226	2.37001	3.60558	3.4638	2.91026	2.50317	2.34942	3.49621	2.42407	2.56066	1.85553	1.05118	1.45329	1.54008	1.6222	1.8816	1.77507	1.09653	0.970829	0.806256	0.901365	1.31234	1.83802	3.55128	3.34973	1.99058	1.26184	0.36058	0.806222	1.09653	0.919226	1.6617	1.80228	1.1401	0.403148	0.540861	1.48638	1.8113	1.05118	0.919245	2.91015	3.71158	2.70838	1.99058	0.570125	0.901388	1.29992	1.66177	1.77514	2.01494	2.70238	3.26173	3.09892	3.09892	3.24684	3.1093	2.17748	1.40788	1.01981	1.80238	3.24687	3.79779	2.93246	1.55059	1.09653	1.09655	1.9906	2.98174	4.94824	4.74907	4.2663	3.64578	3.81889	4.11204	1.6222	0.901411	1.09653	1.61212	0.650042	1.27466	1.70992	2.0548	1.70992	1.05118	0.901388	0.509944	0.721132	0.509944	0.540861	0.901365	1.01975	0.65001	1.20923	1.3123	1.37278	3.57397	5.93096	8.48914	10.3399	9.06342	4.97416	3.54688	2.72628	2.37004	4.73193	4.94824	5.93125	6.14346	5.24183	3.95204	3.20675	3.71169	5.75277	5.74998	2.91026	1.27468	1.27464	2.01488	2.27937	2.93246	3.46384	3.45919	4.732	5.39578	7.31658	6.86755	4.5867	3.46374	2.37004	2.01494	2.229	3.06205	2.52889	1.94103	2.90457	3.4167	1.8113	0.919245	1.66173	2.81968	2.95432	3.4167	5.51361	7.48017	7.2382	4.8331	2.05482	0.254964	1.3123	2.19961	0.570107	0.180292	0.180292	0.919226	0.970829	1.29992	1.80238	1.80233	0.901365	0.540861	1.52943	0.806222	4.97398	5.97132	4.5796	3.56491	8.61821	9.71455	4.6771	3.06199	1.45322	1.20928	1.27466	2.17739	3.15058	5.64284	5.78597	1.14014	5.48712	10.5806	6.41572	2.70838	1.81132	1.66179	4.35589	9.46813	5.92563	1.94946	1.98243	2.62323	1.9411	4.07279	5.79455	4.4694	3.31101	3.9642	3.79768	2.45071	1.45324	3.28639	2.75	3.55145	3.71167	0.570107	4.54096	5.80558	6.67923	6.52453	6.90255	5.97967	5.06393	7.03491	4.61119	2.229
2.45042	1.83779	2.16977	2.57944	2.05464	1.2998	0.509862	1.4531	2.34221	2.10134	0.806137	1.48628	1.94092	1.15421	0.743238	0.721061	1.31217	0.403112	0.254936	1.01964	2.45046	2.79644	2.9322	2.81382	2.03879	1.61205	2.19209	2.27916	2.16983	6.27146	9.61659	4.70758	2.29338	5.88461	7.07519	8.59222	9.87374	10.3665	9.22616	6.62123	5.25057	4.45456	3.85237	4.49776	5.78571	6.1089	5.46636	4.50848	2.9322	2.22871	2.03864	3.64524	3.42589	2.65989	1.20917	0.743238	1.29971	1.80209	1.52926	0.743238	0.540808	0.254936	0.806183	1.80221	2.50939	2.19204	1.632	2.98147	3.54656	2.84811	1.63203	1.09642	1.20911	1.53986	1.80215	1.80215	0.919133	0.403089	0.649941	1.26172	1.31222	0.649983	2.01465	2.75551	2.88756	2.72597	1.70026	2.45059	3.55113	3.74605	3.81868	4.04457	4.34829	4.66652	4.29232	3.96394	4.26592	4.18574	3.71139	3.81868	4.33346	4.99637	5.55086	6.07742	6.73594	6.37542	4.33346	3.09864	2.79644	2.88196	3.46339	1.66164	1.99039	2.65973	3.81841	3.69367	1.55035	0.743238	1.08152	1.77489	0.540808	0.254936	0.570072	1.3727	2.34925	2.74975	2.57947	2.16983	1.66164	1.15421	0.764823	0.570048	0.901269	0.806137	1.66153	2.05453	2.36982	3.46339	4.93775	6.92455	8.82336	9.49383	6.67867	2.50939	0.403089	0.403112	4.24699	7.72996	9.3495	9.57304	8.96181	8.34437	8.61791	9.31923	9.61699	6.98684	3.78465	1.80215	1.20911	1.14003	2.70221	3.99639	4.29232	3.96394	4.72138	6.14281	9.14387	10.1478	9.49571	8.09814	6.5265	5.8299	5.18588	5.00919	3.89406	2.56057	1.4531	2.50279	2.16975	1.70026	2.27916	3.67181	5.34421	8.73555	10.2531	10.1418	10.3078	9.80386	8.44219	6.26409	3.18621	1.66156	0.509862	0.570048	0.919158	1.52937	2.29338	2.30748	1.70026	0.764823	0.360545	1.31217	1.31217	1.27448	4.70745	5.84323	4.45424	3.45864	9.3522	10.2161	3.94734	1.94915	1.20917	1.3727	0.649983	2.3491	3.78444	6.83192	7.90795	5.11095	7.19317	10.4332	7.38514	4.64232	4.04457	3.18621	2.52862	6.22529	6.14786	4.83267	5.7524	6.90423	6.03513	5.7076	6.07742	5.97914	5.28716	5.62831	3.70702	4.19704	1.13998	3.94734	1.99039	2.16983	4.3923	6.14259	7.0594	7.81157	7.39176	8.0588	5.63976	3.31071	0.509862	5.06326	5.26257	1.45312
2.8477	2.16949	1.27443	3.09832	3.9472	3.96352	3.4957	2.59799	2.70783	2.93178	2.54756	2.62279	2.41702	2.34901	1.9155	1.55029	1.98204	1.15408	1.52921	2.34901	2.84781	2.57917	1.453	1.08141	1.01955	0.901211	0.569995	1.15408	2.59799	5.26207	8.0087	8.53042	8.21366	6.22248	4.85873	2.93189	1.40761	0.919065	2.16954	5.71825	9.36693	10.7088	10.9716	10.8311	11.2551	11.4088	9.82349	7.3241	4.98616	2.67783	1.81095	8.32041	10.8008	11.9046	11.5257	10.4625	8.72783	6.10044	3.06682	0.806098	0.806064	1.08141	1.27441	1.09634	0.743168	0.7647	0.180257	1.20905	2.74946	3.8182	3.06673	1.94898	1.88124	1.09634	0.806064	1.40753	1.2996	0.7647	0.720991	0.743187	0.919046	0.919065	1.6614	1.94065	1.80193	1.81095	2.29313	2.90969	3.58696	3.60049	3.31039	3.39718	4.04414	4.50801	4.50801	4.57895	4.99584	4.84213	4.45408	4.46853	4.46853	3.64509	2.27893	1.45296	1.48612	3.55076	5.18534	4.99584	4.32172	0.36051	3.98379	4.20071	3.30548	2.90405	3.6003	2.95374	2.10115	1.55021	1.08141	2.01446	0.743168	0.180257	0.180257	0.180257	0.540755	1.09634	1.44175	1.05098	1.05098	1.15408	1.52921	1.94907	1.85525	1.37256	3.49558	5.04698	6.137	7.82082	8.99059	8.59672	6.10816	6.19125	5.9298	3.36357	2.5792	3.96331	6.81976	7.91752	7.1059	6.34457	6.47171	6.32441	5.71825	4.10749	1.31204	3.814	6.19148	5.46579	4.84213	4.1427	3.46312	2.16206	1.27439	0.901211	1.61181	1.53972	4.67627	7.56305	9.40189	9.32658	7.93348	6.90121	4.97327	2.74946	1.40761	1.66147	2.05442	1.63187	0.806064	1.40761	2.19929	4.23497	8.98323	11.0595	6.86622	2.50913	2.52197	3.01882	3.01882	3.58685	2.34204	1.01961	0.36051	0.649882	0.806064	0.901188	0.743187	0.901211	0.919065	1.52921	2.19929	1.88129	0.254927	1.61181	4.20049	5.50065	4.11124	3.8852	10.0987	10.4128	4.1073	2.19918	1.27441	2.27893	2.03857	3.14486	4.59627	8.10674	8.74182	2.95389	6.90091	9.98692	5.59033	0.649882	0.570013	2.40355	2.57912	5.1415	2.19918	3.54619	5.14176	6.86651	6.42718	3.57346	2.45033	3.79705	3.57346	1.2616	1.31208	6.02359	3.8477	6.10816	5.47457	6.00257	8.0757	7.66086	3.61829	2.22856	3.43965	5.03727	1.01961	4.58581	4.02413	5.46571	6.52317	4.23497
2.70154	2.81312	1.61167	1.53964	1.9489	2.30702	2.74331	2.10106	2.16934	3.19053	2.70161	1.88112	1.31196	1.29955	1.45287	1.20894	1.94048	0.649825	0.764632	0.649857	1.62174	2.22831	1.31193	1.27425	2.17677	1.66129	1.08132	1.53958	1.2743	4.58533	4.49666	4.18493	8.24562	9.13035	8.97591	9.73965	10.3495	10.2149	8.0181	5.8832	5.77336	6.61995	7.75304	7.85255	8.23607	8.99682	8.95466	6.81681	4.68963	3.06118	1.2743	12.449	11.6832	8.41249	9.12174	8.79892	7.62307	5.62724	3.7966	1.85501	1.05083	1.27425	0.970517	0.360477	0.403033	1.20889	0.403033	1.69985	0.360477	2.4167	3.22079	3.45802	2.65926	1.45287	1.29955	1.09622	0.901108	1.13978	1.15392	0.540707	1.09622	0.901131	1.20889	1.94881	0.901108	0.764673	1.15398	1.45283	2.50882	1.37244	1.20894	1.29955	1.80186	2.57897	3.30519	3.71067	3.86416	3.39688	2.81327	2.03839	1.15398	0.569963	0.180241	1.40748	2.84756	2.40328	1.45287	3.14465	5.11603	3.85142	1.20894	1.31196	0.403033	1.08132	3.31972	3.31972	2.79584	2.50882	0.901131	2.10096	1.09622	0.970553	0.970553	0.403033	0.540707	0.918984	1.27428	0.649857	0.180241	0.569963	1.31196	1.94055	1.91533	1.66132	4.94668	6.02313	5.41802	6.64146	7.7365	7.77743	6.43405	5.75951	5.47388	2.997	1.15392	7.5621	9.51996	4.64142	3.98344	3.78383	3.42522	2.34875	1.55008	2.05421	4.66903	7.45453	6.83096	5.24955	4.39174	4.18493	4.67931	3.60008	2.34183	1.31196	1.45283	0.918984	1.05083	2.05416	4.6689	5.28899	4.32134	3.95899	2.90379	1.29948	0.509799	0.649825	0.540707	0.403033	0.254891	0.918965	1.05088	4.10694	10.6303	11.7407	6.28297	0.970517	3.30994	5.22486	5.57857	4.89124	2.1991	0.254905	0.254891	0.569963	1.09624	1.66126	0.918984	0.540707	1.09624	2.17686	1.78377	0.743121	1.20889	1.70938	3.45802	4.60635	3.24581	3.81354	10.987	10.7073	4.103	3.30504	2.70759	2.45009	1.77464	3.01855	4.98551	9.46713	9.53796	1.15398	7.60396	10.6885	6.10485	2.45011	3.31007	4.23469	5.45629	6.97603	0.540707	2.44999	1.94048	1.52907	3.06118	2.57895	2.03839	2.30702	2.79584	2.45001	2.41681	6.10485	3.75809	4.20019	3.79671	4.9077	5.21256	4.34727	1.52899	1.61167	3.05581	3.71047	0.901108	4.33239	1.77457	3.46271	5.82848	4.39152
2.34843	3.06606	2.50208	1.62158	1.37231	1.40736	1.83732	1.81063	1.81061	3.22045	2.44976	1.88095	2.41659	2.67736	2.84733	2.50868	2.75473	1.62158	0.901043	0.402974	0.901012	1.77438	1.81061	1.98167	2.90355	3.39657	3.22063	2.54709	1.29943	4.67529	4.32089	2.99688	2.90362	3.30489	3.3098	3.43915	3.59985	3.09776	5.88268	9.25204	9.35843	10.0974	10.8406	10.7069	9.87099	6.92075	4.91026	4.51061	6.98487	9.03265	7.98581	9.91451	9.8705	8.22767	7.84983	6.35104	2.44989	3.10812	6.69835	8.10571	6.75296	3.69289	2.50868	2.16922	2.01419	1.98985	1.37231	2.3416	2.10087	1.62158	2.34843	4.26446	3.5499	0.901012	0.254882	0.254864	0.649756	1.45265	1.37224	0.180223	1.13966	1.01935	0.970416	1.27415	2.05405	2.1989	2.03821	1.94037	2.10846	0.180223	0.360442	0.540654	0.901074	1.13971	1.13971	0.805954	0.805908	0.402974	0.402974	0.509717	0.402997	1.85492	3.57282	5.21224	6.17752	4.84123	1.40736	1.9486	4.19967	4.82433	1.4858	1.40736	2.80148	3.57282	3.53639	2.75473	2.34843	2.42313	0.805908	2.5786	1.63156	1.20883	1.20883	1.37231	1.05079	0.918897	1.26136	0.805954	0.720856	1.08121	1.44148	1.26136	1.05079	2.01419	6.19012	6.65749	5.39074	6.8534	6.67668	4.32089	1.15388	1.77438	4.15341	3.49492	1.83727	7.3893	9.66084	3.30976	2.70732	4.15341	4.31717	4.62354	5.88285	6.43344	6.92297	7.01427	4.91051	3.74499	2.10087	2.01407	3.24544	2.96961	2.9313	2.84733	2.98062	2.84733	2.55984	2.01419	3.06079	3.69262	3.09756	3.09756	3.31932	2.30666	0.402997	1.40726	0.720856	0.509717	1.08121	1.08121	0.360442	3.5996	9.70601	12.0894	7.95351	1.45265	5.94755	7.62831	5.00777	2.90362	2.19147	1.48585	0.649798	0.254864	0.569886	1.05072	1.27421	1.78361	2.34852	2.10856	1.94873	1.70928	1.45268	1.1538	2.65898	4.11045	3.19021	3.86358	12.0627	11.7029	4.42397	4.0432	3.46241	2.17666	2.05395	3.20533	5.46449	10.1537	9.223	1.09614	7.85131	11.3628	7.45994	3.96282	3.95057	3.10812	5.64077	9.11548	7.73599	5.82825	2.70144	0.509717	2.10846	1.70921	1.37231	2.16922	2.96961	3.31932	1.83727	4.99464	2.93116	2.29256	0.901074	2.0141	2.50856	2.05391	1.77447	2.52793	4.18432	4.45298	2.1989	5.62672	6.71743	6.86522	6.46052	3.26044
1.85464	3.06578	3.24515	1.81043	1.37217	1.45259	1.83714	1.98147	1.62142	3.22016	2.67696	2.34137	2.62204	2.70115	2.84703	3.06587	3.18991	1.81043	0.64973	0.180205	0.649697	1.09601	1.62142	1.81045	2.30657	3.3192	3.05538	2.10065	1.29929	3.31908	3.7959	2.93106	2.81272	3.24531	3.30945	3.45753	3.59947	3.41517	4.86713	7.01358	8.40145	9.9659	10.8395	10.7116	10.0948	7.42541	1.85473	3.06065	6.86457	8.89145	8.25744	2.59725	5.62333	8.24981	7.80855	6.74039	5.5108	3.78309	6.09872	7.9153	7.77593	4.55288	2.50842	2.19867	2.10834	1.7091	1.37217	1.88076	2.10065	1.31171	0.918785	4.26407	4.29044	1.66091	0.254855	0.254841	0.900932	2.19856	0.918785	0.649697	1.13955	2.03788	0.742957	1.27403	2.05384	2.16899	2.03799	1.80151	1.09603	0.649697	0.360407	1.20865	0.970363	1.13959	1.13959	0.805869	0.360407	0.180205	0.180205	0.509672	0.742957	3.10776	3.98266	5.46424	6.17687	4.66471	3.01796	2.70102	2.42291	3.87576	3.89235	2.16892	2.98031	3.64406	3.06595	1.7091	1.85464	2.16887	1.29923	3.3044	1.6314	1.15375	1.15375	1.37217	1.27405	0.918804	1.09603	1.08111	0.720785	1.48566	1.44134	1.09603	1.27405	2.70108	6.86429	6.87359	5.75835	7.24988	6.10641	3.24529	2.01391	0.64973	3.49459	4.15302	2.74266	4.8901	8.01624	4.14143	2.05381	5.30911	5.08357	5.06146	6.64738	6.75217	6.69766	6.40536	4.75018	4.15315	3.26012	2.74855	2.50185	2.16144	2.57847	2.84703	2.98031	2.84703	2.55957	1.91495	1.8807	2.9309	3.09728	3.09728	3.82543	2.81257	0.540601	2.16887	0.720785	1.52869	1.48566	0.805869	0.360407	2.59712	7.53544	12.3236	10.139	2.19856	9.11953	9.54279	4.57765	2.90331	2.52125	1.80146	0.900955	0.764483	0.569833	0.254855	1.6314	1.78342	2.34829	2.01398	1.91495	1.54985	0.970363	0.402937	1.70905	3.64391	3.64391	4.10614	13.0321	12.9165	4.66451	4.27541	3.8841	2.05384	3.46203	4.46703	6.67593	10.6312	8.01622	2.10827	8.35018	12.8187	9.11267	4.10632	3.81719	2.55957	3.64403	7.15737	7.77603	5.94728	3.96228	2.54675	1.8807	1.70905	1.98963	2.25686	1.61142	2.81257	3.70541	3.54504	1.66091	0.764483	0.970363	2.22787	2.05375	0.254855	1.66099	2.70108	4.90652	6.22039	3.84653	4.95891	6.64033	6.4328	5.23315	2.10065
2.22773	2.57813	3.4383	2.10037	1.13949	1.13949	1.48557	2.16125	1.83697	3.24489	2.50811	2.01371	1.45239	0.402901	0.509627	2.30625	2.90292	1.88053	0.900875	0.509654	0.805797	1.2086	1.62128	1.45243	1.37205	1.27396	1.45246	1.40708	1.31159	2.19105	3.54487	4.10204	3.94573	3.64373	3.06567	2.55934	2.17624	2.70684	4.04247	3.94552	1.372	1.05054	0.764415	0.649672	2.88621	5.92776	6.90096	8.25671	10.1386	10.686	8.87476	6.19953	3.54943	3.14893	3.46188	5.11474	9.56836	10.8655	8.55874	4.50989	3.31873	4.67799	4.14116	4.07839	4.6401	4.32394	3.43848	3.20492	3.24502	3.3624	2.25665	3.39575	4.10183	2.22767	0.900875	0.649672	1.27393	1.91468	0.742909	1.45242	1.61128	3.24495	2.50819	1.63124	0.254818	0.180189	0.720721	1.45246	2.19847	2.90305	2.67684	1.70895	0.569801	0.540553	0.742891	0.64964	0.360375	0.970277	1.27396	1.54971	3.10754	5.03552	4.02258	3.97416	3.54487	4.79688	6.16845	6.13991	5.06106	4.72925	5.28442	3.78278	3.0656	1.98945	0.254818	0.649672	0.805763	2.16875	3.46183	4.85678	2.99629	2.10046	1.2086	0.918703	1.05054	0.540553	0.720721	1.29911	0.402919	1.7089	1.372	0.764415	1.372	2.81808	6.67294	6.61777	4.90938	4.85667	3.41954	5.10851	6.76103	4.85692	4.50971	4.19893	2.80079	2.50811	6.37218	6.11375	2.99629	5.23862	5.54797	4.40864	4.50971	3.20476	2.4227	2.84664	1.26112	2.41602	3.18451	2.6585	2.34116	2.27808	2.30637	3.06038	3.46188	3.34799	3.57212	3.85052	3.34799	2.88623	2.74242	2.67669	3.85032	3.06025	1.13949	2.74242	1.83697	2.93075	3.10754	2.05365	1.69945	2.19102	5.47522	11.1417	10.929	4.23349	9.97862	8.36456	0.918703	1.40701	2.0377	1.40701	0.900875	1.48557	1.61128	1.77413	1.98947	0.900875	1.66076	0.254818	0.402919	0.649672	0.900898	1.15365	1.98947	3.36231	3.54473	3.89201	12.203	13.0276	6.19678	5.23254	4.21047	2.10046	5.32077	5.88161	7.38805	10.4284	6.71581	3.30898	9.32279	14.4766	10.5277	3.86306	3.24502	2.90305	1.94	1.69937	1.54963	2.67669	4.60505	3.94552	1.85448	2.40259	3.42425	2.05365	1.54963	2.34806	4.93555	4.17205	2.17615	1.27393	2.17624	2.70684	2.34808	2.44942	3.43848	3.30913	4.26369	7.23374	5.18316	2.34116	2.16879	2.10046	1.08101	1.44121
1.3719	1.05042	3.05992	2.9796	0.918624	0.918624	0.402876	1.13933	1.6211	2.41576	1.37185	2.1685	1.98109	1.40693	1.4523	1.53898	2.0135	2.22744	1.31141	0.56974	1.3719	1.91458	2.50793	2.74814	2.70063	2.67655	3.05478	3.20458	3.06005	3.06535	3.45685	3.39555	2.74814	2.36844	1.45228	0.649602	1.20842	1.45224	4.24429	4.99643	1.29897	0.720644	1.48537	0.900756	1.80116	4.34947	6.3214	7.50059	8.7237	8.34901	6.38924	4.70504	3.69177	3.57174	3.64335	3.85011	6.41912	9.74706	11.3262	10.9396	6.53	1.44106	4.49513	4.70504	5.08907	5.24751	4.97089	4.95795	5.13931	5.63648	5.97566	4.59429	2.3684	1.48537	2.10014	1.48537	0.764374	0.720644	1.20847	0.569721	0.509599	1.05042	1.83674	0.402858	0.900802	0.900779	1.40686	1.27378	1.45228	1.4523	1.4523	1.15353	1.01912	1.27382	1.77394	1.83678	1.05047	1.26099	1.15353	1.69927	4.3308	5.2136	3.75673	3.97373	3.58524	4.34947	6.36416	7.25741	7.17369	7.22433	5.43654	4.37897	5.23213	4.79637	3.25953	1.05047	1.13937	2.29203	3.79516	3.81631	1.80116	2.05341	1.93979	2.25641	3.09683	3.69177	3.46151	3.05999	1.31145	1.70871	1.88033	1.6211	2.52716	3.6388	6.65791	7.22421	3.09667	4.10161	9.04218	11.348	11.1507	9.51666	9.3689	6.1391	3.70468	2.44913	6.26808	8.45396	5.43661	4.15221	7.53399	5.75723	3.84586	2.75393	2.67643	2.67643	0.918624	1.83674	3.05999	3.58524	3.94938	4.0222	3.43811	4.37897	5.14866	5.35946	5.21067	4.78637	3.85011	2.59674	1.81008	1.66058	3.08103	4.37897	4.8564	4.94491	4.50941	4.99668	6.18858	6.25026	5.71553	4.63961	3.84578	7.69017	10.6904	9.89488	8.80429	4.59408	1.29904	0.918605	1.69919	1.45228	2.05343	2.93048	3.34764	2.67655	1.29904	1.45224	1.69919	0.509599	0.56974	0.56974	0.74283	1.13937	1.98924	2.57786	2.67641	3.05992	9.26288	12.9705	11.4357	9.85203	7.34864	3.99405	6.1677	6.67476	8.0049	9.19491	5.1826	4.19848	10.36	15.7702	10.7566	3.09683	2.99598	3.14345	3.10715	3.18418	2.19078	2.05335	4.06983	5.35918	4.68777	5.4041	4.66721	2.70056	3.74368	2.01356	4.10534	3.78229	3.42389	3.06528	2.01352	1.80107	2.10014	2.22749	3.09683	3.34764	3.78237	7.07076	5.28381	0.970138	1.29904	0.918605	1.2738	3.47547
0.742764	0.649545	2.50762	3.189	1.8542	1.8542	1.69912	1.01903	1.45211	1.53884	1.52834	2.54611	2.52054	1.52834	1.40681	0.970087	0.900675	2.05315	1.78282	0.764265	1.37173	0.764306	1.20836	1.61096	1.40681	1.45217	1.69912	1.8542	2.05323	1.37178	0.900675	1.48524	1.80095	2.52694	2.36823	1.91441	2.01338	2.16832	3.46105	4.35257	2.17573	0.569671	1.70856	1.85412	0.900675	0.180154	0.569671	0.569689	1.27371	2.75374	2.79457	1.13927	0.360304	0.509554	0.360304	1.0808	1.69912	1.3113	3.41887	6.75026	9.86847	7.13506	1.20831	0.649545	0.509554	0.970087	1.54941	1.78291	2.0134	2.59651	3.74353	3.7949	2.10774	0.540448	2.93007	1.66043	0.805605	0.742764	0.918523	1.3113	2.10005	2.16837	1.63094	1.66046	0.900722	1.37173	1.69904	1.3113	1.27368	1.45217	1.29892	0.540448	0.569689	0.970087	1.29892	1.98091	0.918542	0.764265	0.402823	0.900675	4.07738	3.69125	1.52826	2.54602	1.66043	0.180154	1.66046	3.30836	4.2742	7.4059	4.78571	1.31133	3.065	4.14024	4.17124	2.16832	1.0808	1.09569	1.66043	2.27756	1.31133	0.569671	0.742764	1.69912	2.84622	3.30851	3.46115	3.70875	1.83661	2.16083	2.1683	1.62096	2.6762	3.30836	5.92645	6.86461	1.27371	6.28269	7.36536	6.43099	4.88896	6.49744	9.93605	7.87867	5.92645	4.34889	2.25621	6.65733	5.39154	2.50114	8.7441	5.39154	1.70862	2.01334	3.07547	2.93012	1.66052	1.93962	2.6213	2.79457	2.34075	2.52054	1.31133	2.97934	2.72416	2.10005	1.77378	1.88017	1.13923	0.540448	0.649513	0.805605	1.45217	3.06507	3.84977	3.70886	3.01719	2.55884	3.49372	4.24413	4.14035	3.34734	1.8542	2.97934	5.94818	6.50008	4.10124	0.742764	0.764306	0.40284	0.970051	1.05038	1.6605	1.69912	1.8542	1.63092	1.05033	1.05033	1.37173	0.569689	0.180154	0.180154	0.569671	0.900675	1.29886	1.93955	2.44884	2.52694	5.6698	8.84616	9.50244	9.73629	7.70189	2.0134	4.88871	6.17482	7.07013	6.56811	3.57124	3.69125	10.7196	16.3716	10.6048	0.742764	0.360304	1.15337	3.8159	4.35257	2.50762	1.62096	3.0964	7.00004	6.82745	4.19826	1.801	3.94475	5.03442	2.16825	5.46246	2.19059	1.61096	4.0218	4.15193	3.42358	3.30836	2.34756	0.742745	1.29886	2.96849	5.88039	3.94475	2.27763	3.43781	3.78202	3.06491	3.84544
2.34746	2.05307	2.75344	2.90767	1.20825	1.45205	1.69897	1.94779	2.62106	2.8174	2.42214	2.52673	2.70605	1.54927	0.970001	0.402787	0.56962	2.05296	1.9477	0.805534	1.40661	0.254746	0.402804	0.742698	0.649487	0.5404	0.56962	0.569638	1.37166	1.98891	2.17553	1.91414	2.10748	2.57742	2.3405	2.05307	2.34054	2.19043	1.93937	2.74164	3.25891	2.16813	1.27355	1.66029	1.0956	0.649487	0.360272	0.649455	1.27355	2.22704	1.26077	1.70841	0.56962	0.254759	0.254759	1.37161	0.970001	1.01894	1.13916	1.80978	8.33772	9.86598	5.86923	4.58297	4.71785	4.71785	3.30819	1.31122	0.5404	0.254759	0.180138	1.29874	2.01314	0.569638	2.25591	2.19043	1.93945	1.29881	1.48511	2.01314	1.37161	0.402804	1.13916	1.48511	0.509509	1.53871	1.63077	1.62081	1.0956	0.254746	0.254746	0.918442	0.918442	0.56962	0.180138	1.0956	1.70846	1.54927	1.20825	1.4408	4.0413	3.34687	1.27353	2.34735	1.70841	0.970001	1.80079	3.5845	3.64255	6.73049	4.99554	0.5404	1.80075	3.24394	3.34687	1.54919	1.45202	2.0132	1.53876	0.969965	0.918442	0.764238	0.649487	1.2082	1.27353	0.569638	2.44862	3.70842	2.44869	2.19043	2.52031	3.31791	5.43565	6.26693	6.27958	5.06262	2.84585	6.50168	3.70842	1.66035	1.15332	4.8221	8.7918	8.59643	8.35103	7.16791	5.10706	7.42249	5.18485	2.62099	8.93359	5.97431	1.13913	2.09977	4.04132	3.60251	2.19785	1.66035	1.452	1.62081	2.01322	3.14287	3.30331	3.96083	3.23904	1.80084	1.80079	2.34045	1.31118	0.742679	0.180138	0.805568	1.13916	1.31122	1.37166	1.45202	1.26077	0.402804	0.5404	0.569638	0.5404	1.53876	1.85403	1.70846	2.05299	1.40661	1.69888	1.54919	0.764238	1.05029	1.20825	0.742698	1.27353	0.742679	0.742679	2.05296	1.54919	0.5404	1.09562	1.37166	1.05029	0.649487	0.5404	0.764197	0.918442	1.66031	2.22704	1.98889	3.9485	6.13794	7.10762	8.64022	8.38306	5.1133	3.81564	5.71421	6.8617	5.63525	3.97299	3.08048	10.1122	15.6556	10.2345	2.17562	1.91424	2.44869	3.81137	4.24354	3.30316	2.72396	3.06473	6.22835	6.81516	4.04147	3.89109	3.31784	3.70842	3.63821	4.06911	1.83645	0.900618	3.4233	3.24401	2.41533	3.09612	2.62099	1.45202	2.34735	2.84583	4.66277	3.66906	1.80079	0.360272	3.49324	4.4401	4.19781
3.59774	3.21875	3.59765	3.77702	2.596	2.42188	2.55834	2.34721	2.27719	2.17539	1.85384	2.36777	3.14253	2.90192	2.50721	2.10733	1.69878	1.66013	1.2986	0.569578	0.900499	0.7426	0.402744	0.254719	0.402744	0.509454	0.969897	0.742619	0.569559	1.94749	3.39443	3.10627	3.24367	3.05912	2.52647	2.34029	2.65758	2.41517	1.61065	0.805448	2.16788	3.01661	2.09964	0.402744	1.13904	1.13904	0.569578	0.969862	1.77337	1.61058	0.969862	1.44065	1.80957	0.569559	0.569578	1.27344	1.20812	0.805482	0.7426	0.720439	5.33973	8.12219	6.82639	6.73013	6.74903	6.52821	6.69448	5.62065	4.3297	3.69072	3.69072	3.64231	2.74145	1.69878	2.17539	2.62078	1.40653	0.649418	1.6987	1.6987	1.53854	1.20807	0.509454	1.69878	1.94759	1.45187	0.7426	0.918344	1.66017	1.78256	1.69878	1.48495	1.93917	1.01883	0.254732	0.742619	1.6602	1.69878	0.900545	0.969862	3.20351	2.96791	2.34029	3.08019	2.9296	2.42188	2.79402	3.31749	2.97876	5.08105	4.50437	1.8006	2.55821	3.18327	3.45569	1.6306	2.01292	1.85375	1.70828	2.05285	1.40653	0.540342	0.180119	1.40646	1.66011	0.569559	1.45185	3.10632	4.35195	5.94444	8.27067	10.9125	12.0629	10.4783	6.77728	1.40653	5.40243	6.48139	2.52004	0.540342	0.402744	3.57054	6.65603	7.36379	9.3145	10.9365	10.3307	8.66328	4.26222	3.31749	7.78013	7.36379	5.05909	4.37394	5.59181	4.15103	2.8171	2.72367	2.34029	3.57073	5.2215	6.17393	6.17393	4.99204	3.30784	1.77344	1.93917	2.10726	1.80957	1.37146	0.918344	1.45189	2.01301	2.50721	3.05919	3.54805	3.64231	3.05919	2.2268	0.540342	0.7426	0.918363	2.16795	2.69986	2.27719	0.764157	1.31104	2.34714	1.78256	1.54911	1.29867	1.66017	1.98052	1.31108	1.37151	2.54561	2.96798	2.34721	2.16795	2.25577	1.87985	1.13904	0.402761	0.509454	1.52804	2.57723	3.36109	3.41353	5.14391	6.66322	6.40961	7.57395	8.64682	8.09121	4.71735	3.708	5.63745	4.77472	3.95632	3.01661	8.68648	13.1302	9.73442	6.31962	6.09581	5.49675	4.20897	4.37394	4.7949	5.22138	6.92359	6.91897	3.63776	1.09548	0.402744	2.65758	5.84406	6.74903	5.18139	5.33991	6.36236	5.30378	3.46053	1.61065	1.53854	2.69979	2.36773	2.84552	2.55821	3.59756	2.97876	1.20812	1.29867	3.14246	4.04089	3.43703
0.742553	1.4517	1.77321	2.92934	3.39429	3.18316	2.65735	1.98852	1.80039	2.16769	2.41496	2.01283	1.27332	0.649328	1.09538	1.45174	1.01874	0.540294	0.569527	1.1531	1.05008	0.540294	0.402725	1.31096	2.10714	2.90166	3.96015	5.08718	5.99749	6.25813	6.19394	4.66548	3.14225	1.63045	0.969775	1.77328	2.69962	3.31732	2.90166	1.45172	0.402725	1.69863	2.69955	1.44052	0.25471	0.900419	0.918262	1.37134	1.80039	1.1389	1.37134	0.402725	1.98852	2.19	1.45174	0.402725	0.509382	1.1389	1.98852	2.65735	3.78095	4.13897	2.05264	3.70784	3.94384	3.79382	5.23634	6.58354	6.56658	5.53113	4.58208	3.94384	2.95138	1.91386	1.27332	1.80039	0.569509	1.05008	2.36752	1.9885	2.09946	3.37998	3.18316	2.42166	2.05264	1.01874	0.25471	0.25471	0.805411	0.900465	0.360202	2.05256	2.16764	0.720375	0.569527	1.08049	1.27335	1.87969	2.17519	2.59577	3.88199	4.37734	3.86121	3.6375	3.10605	3.09568	3.46022	2.22666	2.34689	3.94363	3.30742	2.69955	3.46011	3.81495	5.43452	3.07988	3.0746	3.10599	2.22666	1.80049	2.01283	2.05264	1.20802	1.20796	1.31092	1.7824	2.19742	1.05008	2.34694	5.76903	8.97597	9.99919	6.98021	2.81685	3.54303	6.28092	7.16875	4.52542	0.402725	1.31096	2.34009	4.86437	6.51765	4.6723	2.10707	3.07992	3.79382	1.54897	2.36752	3.79371	4.24271	4.44651	4.85446	5.73552	7.77126	5.10581	1.48486	2.54539	3.05364	4.4394	4.9916	5.1374	5.06185	3.64199	1.69863	1.53841	1.939	1.80942	2.36752	2.44812	1.61043	1.80044	3.14225	4.27315	4.34785	4.0407	3.74247	4.0207	5.14357	4.26184	2.67555	1.66002	1.45174	1.29855	0.764089	0.805376	0.569527	2.55811	3.94384	4.21246	4.21246	3.59742	2.50054	1.40641	1.27335	2.01283	2.75296	2.16771	0.742553	0.742553	1.6205	1.45172	0.805376	0.649328	0.918262	1.05008	1.98852	2.4015	4.90382	7.04574	7.18647	7.57338	7.39761	6.99142	4.49694	2.19	3.94363	3.61961	3.0746	1.08049	7.09505	10.2976	6.78583	6.72954	8.60976	7.91085	5.49627	3.9925	4.88738	5.96518	7.52925	8.56755	9.48526	9.21748	8.93232	8.88647	8.09057	8.11202	9.77712	11.0745	8.90063	5.48166	3.0642	2.59577	1.77328	1.15304	2.69948	3.43665	4.37719	6.10036	4.74409	2.70552	1.31092	3.6902	4.58186	2.51982
1.91369	1.65987	0.402689	0.900385	1.94724	2.19722	2.33981	2.22638	3.09519	3.39377	1.87951	1.94724	1.91369	1.40628	0.805337	1.09527	0.969722	0.805337	0.742483	0.969722	1.01865	0.805337	0.649259	1.37119	2.01257	2.526	3.18789	4.04034	4.95567	4.93292	4.23107	2.79352	1.40628	0.254687	0.649302	1.93889	3.0954	3.82312	4.09965	3.84396	1.04999	0.649302	2.25523	1.7079	0.742483	1.13879	1.48467	1.93879	2.16741	0.649259	1.52766	0.900324	0.742483	1.80026	1.98015	1.0953	0.360167	1.8002	2.33975	2.33981	2.52597	1.94711	1.0953	1.98833	1.91369	2.10695	2.05245	2.33987	2.96744	2.87895	1.44038	0.649259	1.04992	0.56945	1.45154	1.8002	0.742483	2.01262	2.90129	2.16	2.01265	2.50032	2.01262	1.27314	1.31079	1.08039	1.20791	0.900385	0.509328	1.0953	1.65987	1.13879	1.65987	1.78225	0.900385	0.805337	1.53832	2.05245	2.05245	1.91369	2.54515	2.69929	2.3467	2.97818	1.87944	2.16	2.33987	1.8535	2.05238	3.06372	2.01253	2.27668	2.5451	2.74096	5.66763	4.67527	4.31389	3.95967	1.78225	0.402666	0	1.31079	1.09527	0.402666	0.764021	1.70797	1.94724	2.33981	3.99194	5.60788	7.06064	5.53027	1.13879	4.44605	6.61163	7.62255	4.88044	2.05245	1.37119	1.65979	1.87944	5.30556	6.74747	4.93282	3.94349	2.74687	2.01262	3.25795	4.32876	3.95967	3.06384	2.4012	3.74189	5.99654	8.89924	5.42795	0.918194	1.37127	1.8535	2.72311	2.16	1.77312	2.526	2.72311	1.87944	1.48467	1.80026	1.65987	2.81644	3.31679	1.91356	2.25523	3.75484	3.6149	2.59554	1.69848	1.04999	1.37127	3.18789	4.27276	3.70747	2.05248	0.918194	0.180085	0.805292	0.742458	1.04992	1.7079	1.45163	1.6599	1.8535	1.54883	1.04999	0.742483	0.402689	0.402666	1.52766	2.3049	1.09527	0.56945	0.918169	1.85339	1.04992	0.742458	1.13879	0.509364	0.805292	0.805292	2.90681	4.757	5.56509	6.28028	6.5754	7.05167	4.28755	0.360167	2.59537	3.07428	3.70291	0	6.6115	9.71156	3.70725	4.37311	4.59217	5.11183	4.4965	1.37127	4.74337	6.07069	6.91736	6.49975	5.63385	6.24739	5.24509	4.67196	4.19291	4.50377	5.28158	5.05818	3.86086	4.52497	2.22645	1.80033	2.51957	0.805337	2.67513	4.19647	6.67147	6.86902	3.43653	5.22025	1.94711	5.53027	4.90323	2.3467
2.69909	1.65972	1.08028	0.742407	1.04988	1.37112	2.22617	2.61997	3.8728	4.01975	1.62018	1.20778	1.01854	1.20778	1.04988	0.402629	0.805253	0.649233	0.540188	0.805253	1.15287	1.20778	1.26027	1.53811	1.80004	2.16722	2.05216	1.54859	0.918083	0.742407	0.805219	1.80013	2.74658	3.30203	4.03992	4.26101	3.64128	2.92882	3.6011	4.71582	1.45145	0.254646	1.27305	2.65683	3.34574	2.84486	1.87932	2.18954	2.90101	1.83573	1.83569	1.53811	0.569397	1.27305	1.65966	1.45144	0.649233	1.65964	2.25503	2.27647	1.83573	2.59527	2.59527	1.6597	0.649233	1.08028	1.45145	1.37112	1.98813	3.18748	2.25503	1.29824	1.13868	0.360131	1.08028	2.33963	2.50006	1.83573	2.54485	2.57647	2.01244	1.53816	2.44766	2.22617	1.7078	2.17477	2.34654	2.05227	1.7078	1.63016	1.45145	0.805253	0.805253	1.48457	1.45148	1.15287	1.69822	1.70774	1.09519	0.50931	1.44024	2.52573	2.705	3.53324	2.34648	1.53811	0.720234	0.900266	1.54859	2.67489	1.94694	1.85323	1.54859	1.09517	4.24188	3.30675	2.55748	2.65671	0.569397	1.27303	1.37112	2.5065	1.2731	1.09517	1.80013	2.27654	2.01244	1.80905	4.06752	5.88573	6.85904	5.17041	4.32838	6.81965	6.49435	5.14551	1.6597	3.39362	4.83705	4.90627	3.30203	4.09907	6.09904	3.99166	1.54867	0.763898	1.45144	3.37918	4.10694	3.45944	3.10544	3.36014	3.97144	5.48033	8.59302	5.5845	1.61019	2.81057	2.81057	2.3671	1.27305	0.763898	1.54859	2.29061	1.85323	1.26027	1.48453	1.52753	3.70258	4.54577	3.79301	3.99172	3.8436	2.01235	0	0	0	0	0.402629	1.31067	2.16726	2.01238	1.13868	1.80013	1.93869	1.45148	1.63016	2.05219	0.569416	0.254646	0.569397	0.742389	1.08028	1.31071	1.40613	1.61019	1.80009	1.94694	0.969586	0.360131	2.01241	3.06354	2.17477	1.40613	0.720234	0.180067	0.569397	0.742389	2.25503	3.14666	3.2026	4.09907	5.7008	7.48123	5.92108	4.32847	3.87295	3.25768	4.03975	1.20778	6.56499	10.1574	3.54688	4.83351	2.09895	2.52575	4.90294	5.84241	7.77001	8.58041	7.35095	6.8242	4.60548	3.09507	3.95938	4.58116	4.59169	4.82043	4.54591	4.61956	5.59053	8.26835	7.92526	5.72627	4.83705	5.22002	6.03082	5.59041	6.18481	5.77882	2.33963	5.30204	1.13868	6.42763	5.73441	3.492
2.74634	2.81605	2.81605	2.81032	2.8446	2.99401	3.35984	4.13791	5.21019	4.85311	3.37902	3.06333	3.18225	3.20248	2.67477	1.53797	1.48443	2.05208	2.05208	2.16714	2.44755	2.55739	2.34634	1.371	0.72017	2.75218	3.80967	4.10674	3.70676	2.8446	2.67479	3.14653	3.86012	5.23486	6.49641	6.77477	6.21545	5.49471	5.74522	6.49385	5.40059	4.287	3.94272	4.19595	4.46347	4.21127	3.0948	2.79298	3.35984	3.53302	3.18728	3.25739	2.34629	0.742341	0.900186	1.80891	1.65958	1.83557	1.31055	1.53797	2.49983	4.83664	5.83642	5.33798	4.7156	4.38715	3.70676	2.57627	2.33942	3.8808	3.79256	1.79988	0.509237	1.13862	2.41427	3.84759	4.32065	3.43586	3.45924	4.1921	3.82238	3.39332	3.97113	3.23749	1.85314	2.05208	2.44755	2.67479	2.8446	2.65659	1.94686	1.48443	0.649175	0.900163	1.09507	1.94686	3.49161	3.06317	1.13862	1.85314	2.67479	3.70676	4.66075	5.91793	5.28057	3.95903	3.20248	2.59504	1.70765	2.30449	2.42085	1.40593	1.54845	1.65949	2.84446	3.23749	1.61005	1.79993	2.54471	3.14136	3.88089	3.49174	2.90079	2.57616	0.402593	1.13858	0.9695	0.402593	3.30158	5.45937	6.35978	5.21019	6.46432	9.10522	6.52575	2.17458	2.34629	4.09887	4.49214	3.77996	2.90084	1.27294	4.43798	4.37231	2.33938	0.900209	1.53802	3.81381	5.00283	4.32786	5.25611	7.58596	8.40377	7.86647	7.82598	5.70312	2.88401	2.90084	2.92856	2.16714	0.805181	1.29812	1.15271	1.62999	2.50628	2.99401	3.25739	3.07372	5.2438	6.57659	5.31684	4.27193	2.61981	0.900186	0	0	0	0	0.180051	0.742341	1.70765	3.07901	2.97765	0.900163	0.54014	0.72017	3.06324	4.49214	4.21127	3.45924	2.34629	2.09876	3.10517	3.54673	3.5694	2.81032	0.900209	1.20767	2.34634	2.33942	2.5191	2.70476	1.63001	0.360099	0.569365	0.900209	1.13862	1.27296	3.18209	4.60507	4.13791	3.79263	4.03936	4.90236	4.79323	6.09356	7.3505	8.03935	8.727	7.97032	10.0801	12.9775	8.69443	5.28357	3.95893	4.21127	6.84718	8.54313	8.26763	9.98229	9.26731	7.6978	5.39755	3.06333	4.50646	6.59133	8.25049	9.25727	9.17573	8.64378	8.62376	10.2953	11.3638	9.90104	8.1891	9.07096	11.3081	10.108	3.39332	4.88614	5.10463	2.22597	3.14136	9.38786	10.0057	7.52103
0	1.13851	1.94668	2.1966	1.79981	1.87898	2.34606	3.53257	4.77246	3.81343	2.17438	1.94668	2.1966	2.17438	2.57593	3.09431	2.09854	1.40588	1.698	1.40588	1.37088	1.45122	1.40588	1.09496	1.48425	2.42076	3.7924	4.34251	4.3757	3.61841	2.44733	1.37088	2.05179	3.58241	3.61382	2.8158	2.69861	2.74018	3.9707	4.5059	4.3202	4.4196	3.24226	1.698	1.15267	1.53788	1.97959	1.80871	1.61988	2.34604	2.34606	2.88372	2.87813	1.6594	0.569288	0.917908	1.04969	1.6594	1.29807	0.402574	2.57589	3.63604	3.34514	3.99108	4.09855	3.87225	3.61382	2.01199	1.09496	3.59584	4.83257	2.03593	0.7201	1.79975	2.15939	2.16688	1.91315	2.10635	1.85298	2.01208	2.10635	2.01208	3.49126	3.6182	0.805063	0	0.180034	0.900098	1.48429	1.29807	0.805108	1.13846	0.900068	1.20756	2.41392	1.93824	3.87206	4.68411	1.40578	1.98773	1.65943	1.93834	2.67456	4.49523	4.3164	3.31608	3.74107	3.47287	1.93834	1.20749	2.34597	1.53781	1.60981	2.09854	1.61988	2.50605	2.70449	1.3708	2.34613	3.14107	2.87813	1.15267	2.50593	3.18687	1.87898	1.8354	1.8354	1.29807	3.05759	4.78249	5.32813	3.4727	5.30102	7.94528	2.10635	2.74592	2.95007	2.30424	1.60981	1.43997	0.742247	0.569288	2.79835	3.94209	2.16679	0.969446	2.41405	4.19548	6.39917	6.97038	8.24157	7.34087	6.02974	6.29642	5.76685	3.8804	2.44716	1.01829	0.180034	0.569288	1.27278	1.54829	0.402551	1.01836	1.79981	2.09867	3.31591	4.01897	6.97716	7.90739	3.18687	0.917933	0.180034	0	0	0	0	0	0	0	0.180034	2.17426	3.64043	2.16688	1.45122	1.45116	4.88543	4.70133	3.7924	3.75392	4.09834	4.44833	3.53257	2.50605	2.16694	2.18912	2.19645	1.70749	1.91315	2.57603	3.61841	4.54509	4.01914	2.33915	1.27278	1.04969	1.37088	1.53788	4.88543	6.56372	4.14912	3.63612	3.7795	3.14097	0.402551	2.70449	4.54858	6.0138	7.42697	6.84193	8.97261	12.2416	9.48141	4.07492	3.4166	2.90051	3.35953	2.74609	2.16686	8.18977	6.96815	4.67064	2.1966	0.254596	3.06285	4.90513	5.20968	5.11038	5.23441	4.53452	3.35953	2.67456	5.04074	5.96295	4.22987	4.87905	7.34964	6.09822	9.35503	3.92593	5.31619	1.45113	4.49155	10.6779	9.06975	4.63616
0.509138	0	0	0.509138	0	1.01819	1.52709	3.05202	4.57263	3.05202	0.509138	0.509138	0.509138	1.01819	2.54408	3.55947	2.54408	0.509138	0.509138	0	0.509138	0.509138	0	1.52709	2.03575	1.01819	0.509138	1.52709	2.03575	1.52709	1.01819	0	2.03575	3.55947	3.05202	1.01819	0.509138	1.01819	3.05202	3.05202	1.52709	1.52709	1.52709	1.01819	0	0.509138	1.52709	1.52709	1.01819	1.52709	1.52709	2.03575	2.03575	1.52709	1.01819	0.509138	0.509138	1.01819	0	0.509138	3.05202	3.55947	1.01819	0.509138	0.509138	2.03575	3.55947	2.03575	1.01819	3.55947	5.07817	2.03575	1.01819	1.52709	1.52709	1.52709	0	1.01819	0.509138	0.509138	1.01819	0.509138	3.05202	4.06637	1.01819	0	0	1.01819	1.01819	0	0.509138	1.01819	1.52709	0	3.05202	2.54408	3.55947	5.07817	2.03575	2.03575	0	0.509138	0.509138	3.05202	3.05202	0.509138	0.509138	2.03575	1.52709	0.509138	2.03575	1.52709	1.52709	2.03575	0.509138	0.509138	3.05202	2.54408	1.01819	1.52709	1.52709	0.509138	2.03575	2.54408	1.01819	1.01819	1.01819	0.509138	3.05202	4.57263	5.07817	3.05202	5.07817	8.09218	0.509138	3.55947	3.05202	2.03575	1.01819	1.01819	0	0.509138	2.54408	4.06637	2.03575	1.01819	1.52709	2.03575	5.58292	7.59251	10.0778	7.59251	2.54408	2.54408	2.54408	2.03575	2.03575	1.01819	0	0.509138	1.52709	1.52709	0	0.509138	0	0.509138	3.05202	4.06637	7.59251	8.59061	2.54408	0	0	0	0	0	0	0	0	0	0	1.52709	3.05202	1.52709	0.509138	1.52709	6.08681	4.57263	1.01819	2.03575	4.57263	5.58292	3.55947	1.01819	0	2.54408	3.05202	1.01819	0	0.509138	0.509138	2.03575	3.05202	2.54408	2.03575	0.509138	0.509138	0.509138	5.58292	7.59251	3.55947	2.03575	2.54408	2.03575	0.509138	3.05202	3.55947	3.55947	4.06637	0	5.58292	10.0778	8.09218	1.01819	2.03575	2.03575	2.03575	0	1.01819	8.59061	7.59251	1.52709	1.52709	0	3.55947	5.58292	4.57263	2.54408	1.52709	0	1.01819	0.509138	3.55947	4.57263	2.54408	3.55947	6.08681	2.54408	12.5254	3.55947	6.58975	2.54408	4.57263	11.0618	7.59251	1.52709
1.09478	1.01816	1.15244	1.78139	2.69809	2.90001	1.93796	2.30383	4.38569	3.14037	1.37061	1.31022	1.09476	0.648959	2.49901	3.74016	2.69795	0.648959	0.359997	0.509119	0.539987	0.254551	0.18	1.13826	2.33867	1.45087	0.359997	1.45091	2.69802	2.73955	1.60952	0.74213	2.42016	4.03822	3.30554	1.45091	1.20733	1.65908	3.35879	3.53193	2.3456	2.01162	1.83501	1.45089	0.569203	0.763613	1.54801	1.40553	1.0181	1.40553	1.54801	2.16641	2.03557	1.40553	0.969224	0.539987	0.648991	1.60959	1.91278	1.69767	3.07285	3.09376	1.0181	0.402496	0.89993	2.19606	3.34432	2.10587	1.4397	3.7012	5.27886	2.10587	1.97922	2.70401	2.57551	2.18876	1.65911	2.17396	2.55666	2.8438	2.79219	1.93796	3.47208	4.10542	2.25429	2.30395	1.69767	1.8084	2.01166	1.45094	1.07988	1.20728	1.2598	2.41359	3.77455	2.52479	3.35879	5.25463	4.40413	3.7916	2.19617	1.27262	0.969224	2.33867	3.42067	2.28988	1.85262	2.84377	3.94567	4.3491	4.27072	3.37806	2.67401	2.15899	0.648991	0.569185	2.79786	2.17387	1.65908	2.15899	2.18876	2.57554	3.63543	2.01166	1.20733	2.57554	2.17396	1.70716	3.30554	4.505	5.14055	4.88476	6.63028	7.47847	0.91774	4.41856	3.66626	2.51839	0.96926	0.539987	1.01816	0.648991	2.34556	3.77874	2.72184	0.648991	1.37056	1.40553	5.49288	7.85791	10.4474	8.1536	3.84217	4.3156	3.84225	2.57551	2.18872	1.4397	1.15244	1.65911	2.67401	3.18638	2.44685	1.52704	0.719966	0.804918	2.94955	3.94139	7.46781	8.59352	2.67389	0	0	0	0	0	0	0	0	0	0	1.20728	2.90546	2.22534	0.969224	1.29775	6.22363	5.35416	1.77227	2.88319	5.42545	5.83447	2.94955	1.53759	1.91278	2.89993	3.07285	1.4397	1.29781	2.44685	4.3491	6.12057	7.38067	7.38067	6.46259	4.50162	3.4536	3.20157	5.67342	7.25035	3.3922	1.94621	2.42016	2.59417	1.52704	3.66626	4.05418	4.16769	5.16849	1.13826	5.27886	9.74083	8.07981	3.37806	3.14047	2.52481	1.83501	0.509119	0.969224	8.72236	8.29349	2.52481	2.67401	3.06247	4.13672	4.74458	3.9577	2.89988	1.91267	0.569185	1.65911	2.2254	1.94621	4.75478	4.37471	2.69795	5.63097	5.75189	11.4383	2.09816	6.80998	5.63387	8.76751	7.52702	6.30532	9.8035
2.44656	2.94939	3.31508	3.49037	3.63954	3.18101	2.34542	1.27246	3.45306	2.79182	1.77208	1.6589	1.79923	0.804867	1.69741	3.63939	3.42031	2.5053	1.69749	0.917661	0.804832	0.899857	1.2072	1.54792	2.96565	2.41323	0.402436	1.2072	2.57524	5.08035	3.47171	2.36596	3.4902	5.13369	3.92465	2.09804	1.69749	1.77208	3.23622	4.1363	3.79119	3.07785	2.79189	2.79189	2.10572	1.79923	1.83481	1.85234	1.77201	1.97901	2.33846	2.36592	1.45072	1.13814	1.09466	1.04937	1.53742	2.19594	2.55639	2.42003	2.88288	2.61871	1.6194	1.45078	1.62937	2.65544	3.09343	2.16618	1.53737	3.70081	5.13369	1.85234	2.05118	2.89957	2.34537	2.10572	1.79927	2.16629	2.94939	3.24128	3.43444	2.39988	3.63499	4.32631	4.31897	4.49044	4.10123	3.30044	2.90525	2.74526	2.97661	3.0143	2.79771	3.41093	2.7511	1.09466	1.80818	3.84184	5.10569	4.85122	2.79189	1.77208	1.97901	0.179981	2.16624	2.34542	2.34542	2.55639	3.43452	4.68301	5.0806	4.32641	3.45324	2.74526	2.42003	2.30371	1.31004	1.85242	2.81495	2.96572	3.20123	4.34121	4.37439	2.90525	2.54363	2.03546	3.30534	3.06214	1.70692	3.24121	6.0964	8.48813	7.99686	3.95739	3.05672	4.65873	3.05672	1.70692	0.742033	1.27244	2.09804	2.34542	2.92737	4.31892	5.39849	4.37439	2.34542	2.42003	6.08834	8.86605	11.5226	9.38742	4.74068	4.66221	4.05384	3.31508	1.85242	0.742033	0.402436	1.6194	3.06214	4.41828	4.018	2.79189	1.93769	1.018	2.17364	3.92465	7.94304	9.0324	3.09343	0.179981	0	0	0	0	0	0	0	0	0	0.539929	2.18849	3.14004	2.19583	1.45076	6.274	6.70812	2.03546	3.28074	6.7718	5.63317	2.81495	4.71377	5.3359	4.28533	3.07785	4.34486	6.89077	8.18788	7.94144	7.85749	8.82031	9.902	10.6623	9.64861	7.2696	5.24203	4.8512	5.57325	2.5939	1.98716	2.7511	4.34486	3.45789	3.24119	2.81483	2.01141	5.70095	3.98975	3.55878	8.23356	7.7111	6.36509	4.46173	1.79927	1.80818	2.57526	2.80922	7.51774	8.85183	1.70692	2.34537	2.59402	3.5994	4.54716	4.43625	3.4902	2.4199	3.66587	6.19243	6.85606	4.24007	4.1324	5.56467	2.75105	3.87929	6.43455	5.32962	5.72354	9.63387	12.0588	11.2915	4.57892	6.63197	9.96776
2.18829	2.22496	2.1661	1.69734	0.96907	0.539881	0.917561	0.763505	2.44625	1.79902	0.969035	1.04923	1.09455	1.25956	0.569074	2.33821	2.69749	2.57501	2.10553	1.98698	1.9123	1.09456	1.37034	1.04928	2.99243	2.94897	0.899731	1.01791	0.804761	6.71462	5.02917	2.61848	4.38483	6.21217	4.23948	0.899777	0.917561	0.569074	1.53723	2.61848	3.24086	2.39961	1.80804	2.15857	1.97884	1.98698	1.98698	2.99243	2.99243	2.34515	2.69749	1.83469	0.402417	0.741967	0.719825	0.741985	1.27233	0.899754	0.648864	0.763505	1.77186	2.41301	1.80802	1.04928	1.53723	2.94897	3.30487	3.14488	2.72131	4.0968	4.74029	2.36571	2.72131	4.25841	2.19563	0.899731	0.179965	0.4024	0.969035	0.969035	2.55603	1.54771	2.17345	2.34516	2.1661	2.25385	2.75086	1.78104	1.27235	1.27237	2.17353	2.75086	1.9124	1.07967	0.539881	0.763505	0.569092	0.763464	2.8431	3.98933	2.30338	0.539881	1.62921	1.62921	0.899754	0	0.719825	0.508993	0.969035	2.05099	1.62921	1.20709	1.01796	1.20709	1.85226	2.0511	1.53723	1.43942	1.79907	1.83465	1.53729	2.33825	1.43942	1.83465	2.905	4.65852	5.38321	4.8177	2.54345	1.07967	3.21601	4.20925	2.99257	1.9123	3.70484	3.05115	2.90489	2.05102	0.917561	1.94583	1.83465	1.77193	2.22496	2.59379	3.75247	4.66875	2.80897	2.59379	5.67232	8.94623	12.1432	10.5119	6.02716	5.27784	3.31461	1.15222	1.37029	0.648864	1.13807	2.59367	2.01121	1.80804	2.36571	2.81458	2.80883	0.804761	1.30996	3.45748	8.76558	9.74375	3.45275	0.4024	0	0	0	0	0	0	0	0	0	0	1.15216	3.81191	3.63904	1.65876	5.96862	6.88061	0.402417	3.30487	7.21606	4.38483	2.61855	3.54047	3.43421	2.67349	1.45063	6.42403	7.16998	5.72025	3.56769	2.01129	2.18833	3.07236	5.13966	6.31415	4.87719	3.06178	2.17345	3.70482	2.18829	2.01127	2.41982	4.17856	5.058	4.34454	3.41063	1.65876	3.3	4.83413	1.65872	5.88241	4.44312	3.41063	3.75236	1.40526	2.67337	3.28045	2.49864	4.59935	8.37501	2.8147	5.40979	5.58737	6.06697	6.31408	6.36422	3.94063	2.28931	6.82033	6.2964	6.27614	4.63435	6.23548	5.25368	4.34434	2.16598	5.02917	3.84575	6.91313	8.39773	11.5124	4.13593	7.72458	7.51708	5.96058
2.39937	1.97864	1.09446	0.569015	0.569039	0.899636	0.719755	0.508939	2.25351	1.37015	0.648763	1.09444	0.968982	1.48358	1.5266	1.6191	1.37015	1.40511	1.0178	2.30314	2.59339	1.13792	0.719755	0.804722	2.89907	3.95663	2.72109	1.83452	1.93741	6.46039	5.0762	2.03495	4.38437	6.5606	4.5779	1.91223	2.44612	2.19554	1.45052	1.69708	2.92669	1.85198	1.25943	1.878	1.7066	1.65855	1.93731	3.59412	3.48952	2.25351	2.011	0.917493	0.917493	1.15211	1.91223	2.19554	1.45052	0.254492	0.254492	0.179948	1.40511	2.34485	1.62905	1.27226	1.80784	3.05613	3.20044	3.09283	2.67312	3.8577	4.28429	2.17322	1.27217	4.10419	3.5807	1.79883	0.804722	0.968982	0.917468	0.917468	2.44602	2.15836	2.16584	1.98681	0.899667	0.648763	1.15203	0.899697	1.87808	2.09767	2.19554	2.97607	3.45262	3.43391	3.0616	2.67327	2.19554	1.62907	2.7446	3.79035	2.79129	1.13797	1.09444	1.6586	2.25365	2.67327	3.54471	4.1005	4.28457	4.87673	3.45721	1.91223	1.20698	0.968982	1.48353	0.179948	2.65492	1.94562	1.20692	1.85198	0.648806	2.33809	2.84299	1.91223	1.0178	2.61821	1.6586	3.05613	3.20044	1.65855	2.61831	3.55834	3.8704	2.89907	2.011	2.7506	3.7777	3.06148	1.85209	3.06148	3.0615	1.97864	1.65852	0.539828	1.29736	3.70443	0.648763	0.648763	4.85014	8.73416	12.162	10.1016	5.85461	5.96002	5.21628	1.37015	2.72109	2.69732	3.14474	4.67174	4.01722	2.89912	2.81429	3.06138	2.8428	0.968982	1.45052	3.0615	9.33227	10.9146	4.65783	0.804677	0	0	0	0	0	0	0	0	0	0	1.0178	4.19328	4.48934	1.79889	5.02864	5.97065	0.899697	3.63865	6.59203	2.90459	3.41496	3.18546	2.67327	3.25552	2.59356	8.47129	7.93567	5.08286	5.45651	5.17654	5.17654	4.99059	5.30181	6.57059	7.20688	7.37858	6.10581	4.3736	2.67324	1.77176	1.27223	0.402358	2.19554	3.94455	4.89979	5.96838	6.88955	6.60682	4.01728	6.12631	3.87021	1.79889	4.54273	3.24059	2.65492	2.97591	2.39944	3.81168	8.20144	5.13304	6.09777	4.06507	5.10476	7.3719	9.01005	7.20688	7.5504	9.45226	5.74184	5.38255	6.02427	6.65725	3.3914	5.88178	2.011	3.06138	3.01364	3.70446	5.72216	9.74273	0.179948	7.83947	6.13145	7.04633
2.39914	1.80769	2.10505	1.54741	0.917381	1.65837	0.719684	1.52636	2.49803	0.917381	0.17993	0.899579	0.899602	1.29731	1.52644	1.20686	0.917381	1.15193	1.01771	2.80828	2.59316	1.13781	0.719684	0.804638	1.93721	3.77308	3.63396	1.83433	2.1879	4.9866	4.06442	1.01771	3.88642	6.31274	4.10382	1.94555	2.57451	2.16568	1.65843	0.968845	2.67285	1.37002	1.09435	2.10505	1.70644	1.45033	2.41254	3.5938	3.24021	2.49803	1.77151	0.9174	0.9174	1.3097	2.0109	2.16568	1.65843	1.04902	0.254465	0.402322	1.15193	1.85181	1.2721	1.27213	1.61894	2.81403	2.44577	2.09735	2.4458	4.09989	4.53166	2.17302	0.254452	2.75027	4.73937	3.31397	1.07946	0.899602	0.568981	0.568981	1.80767	2.15814	2.01088	2.34469	2.01082	0.899556	0.402322	1.09435	2.3378	2.09744	2.16568	2.79691	3.43354	3.45226	3.14441	2.69703	2.44587	2.39914	2.99185	3.05585	2.57445	1.83429	0.899579	1.45037	2.33784	2.74448	3.80711	4.17774	4.23887	5.56319	4.13511	2.0109	1.61894	0.899602	1.93714	1.40498	2.65468	2.6969	0.539776	2.34464	1.77151	2.19531	2.84269	2.52382	3.05055	3.07165	1.53699	3.79001	3.45208	0.899602	2.30305	3.69993	3.59398	1.79876	0.74184	2.34475	4.16607	3.4568	1.85189	3.4568	3.0612	3.47072	2.92643	1.20681	0.804604	3.95616	0.899556	0.899556	4.34718	8.98118	12.4037	9.11441	4.90235	5.73006	6.90923	3.8448	2.33784	2.67299	3.30438	4.84653	3.75174	4.01674	4.03665	3.06111	2.34464	0.899602	1.80769	2.50459	8.86357	11.8624	6.36299	1.29724	0	0	0	0	0	0	0	0	0	0	1.01771	4.44581	5.24028	2.18787	3.79001	4.71218	0.968881	3.63833	5.58599	1.45035	3.98862	3.18514	2.69703	3.25519	2.59329	9.17433	9.25075	5.08232	5.53739	5.17599	5.17599	5.02844	5.21603	6.18035	6.85413	7.20401	6.27	3.95636	2.44589	1.65846	1.62889	2.16556	2.88208	4.3177	5.16666	5.83798	6.88883	5.783	4.72255	7.05247	4.81656	1.48343	3.66483	3.84067	0.9174	1.62889	2.70295	3.14441	7.00291	5.23137	5.60617	4.06464	4.96423	6.8075	8.42599	6.85413	7.49071	7.69266	4.17774	4.01686	6.52138	6.31305	6.2596	6.38047	1.77151	1.04902	3.24023	3.47072	5.72165	9.00208	0.648705	7.33875	5.13224	5.39677
1.91176	0.899476	2.67261	2.16537	1.04893	1.85165	0.968795	1.77135	1.77135	2.0347	2.89863	3.43324	3.81104	3.93972	4.46007	5.2156	5.60293	5.38169	4.88248	4.78959	3.48903	1.69685	0.508875	0.402303	1.20675	2.61774	2.67261	1.27199	1.80751	3.88608	3.17966	0.568912	2.94814	5.3963	4.87581	3.68654	1.65831	0.741756	1.65825	1.27201	3.06093	2.84241	2.05049	2.39893	1.97827	1.80753	2.84232	3.77693	3.23994	2.88181	2.75008	2.34455	2.34455	2.01072	1.30959	0.648679	1.53679	1.65825	0.741774	0.254443	1.36995	2.65456	3.56668	3.68654	3.39074	3.2549	2.69672	2.3445	2.52358	4.01633	3.95581	1.70629	1.62877	0.741756	4.49927	4.66734	1.93696	0.899499	1.40493	1.5263	1.93704	2.73834	3.59366	4.98639	6.5767	7.60529	8.08806	6.96388	4.92821	4.13485	4.5773	4.5773	4.07218	3.63818	3.54403	3.59366	3.86965	4.44197	5.13821	5.27656	5.05337	4.36906	2.8139	1.85173	1.09425	0.968759	1.91176	1.52622	0.402303	3.81091	5.50212	6.272	6.80708	7.08806	6.9158	5.48754	3.13897	3.35719	1.94537	3.43313	3.35719	1.65825	0.359824	2.09716	3.61143	4.9992	5.83747	5.91344	3.61147	1.4833	1.4502	1.77135	1.13771	2.59306	4.28374	5.63137	6.74135	5.50212	4.13485	4.89878	4.81634	5.7824	3.9681	2.52358	0.899522	3.43306	1.30959	2.0107	4.31719	9.18204	13.3885	10.2023	5.91329	6.66536	7.69176	5.61694	3.31385	4.19276	4.09971	4.48866	3.70391	5.48754	7.2668	6.71297	4.88243	4.88248	5.78249	4.89885	9.04474	11.631	9.28889	7.14592	3.9233	1.07936	0	0	0	0	0	0	0	0	0.899476	4.3468	5.85354	2.5553	2.05041	3.77274	4.44565	5.1038	3.58005	1.09425	2.30273	2.09726	3.24008	1.85173	2.22427	7.79569	7.44095	3.85718	1.29719	1.40493	2.84244	4.07218	5.96991	8.03329	9.02952	8.70605	7.59271	5.05337	3.43324	3.14413	3.24005	4.36906	5.1038	4.89878	4.32467	2.92617	5.20624	5.2156	6.18739	9.20751	6.06507	2.01072	1.78044	3.45645	2.19512	4.50303	5.56281	3.94378	3.30396	1.45024	3.61143	1.7986	2.89858	5.7935	10.6584	13.0507	12.2863	10.3671	8.61911	7.47314	6.9158	5.4672	9.14123	9.16002	4.75261	1.98642	4.90191	5.56272	5.94026	7.05406	1.13775	7.1877	6.13044	4.49224
1.65805	0.648579	2.92586	2.41874	1.04882	1.36976	0.899442	1.09412	0.648621	2.27439	3.07121	3.48876	3.8107	3.95566	4.58738	5.32443	5.60243	5.33345	4.82923	4.33921	2.99146	1.87754	1.13759	0.74168	1.61864	2.18745	0.89938	1.04889	1.61864	3.39022	2.41874	0.568853	1.69659	3.43279	4.31691	3.93933	3.13857	1.94507	1.45005	1.62861	2.50414	3.1025	2.70243	2.39869	1.80736	1.97808	2.84203	3.77653	3.01278	2.36486	2.74982	2.34434	2.34434	1.91169	1.15179	0.741705	1.30942	1.45005	1.30942	1.04882	1.36983	2.65433	3.56637	3.70363	3.31355	2.73809	2.52335	2.34427	2.33736	3.53896	2.69637	0.917232	1.62861	1.20657	3.07106	5.13751	3.39022	2.01043	1.45011	1.52617	1.79844	2.54255	3.59334	4.82923	6.33963	7.60462	8.08735	7.36149	4.92778	4.25701	4.63263	4.57689	4.13448	3.77674	3.48876	3.59334	3.8693	4.20382	4.88198	5.16574	5.45487	5.0242	3.13867	1.85156	0.899442	0.74168	1.65805	1.52606	0.74168	2.28858	4.9505	6.2409	6.72196	7.08744	7.6459	6.81322	2.67252	3.13857	2.22412	3.63328	4.0359	2.3373	0.359789	1.13759	2.30264	4.56988	5.83695	5.17507	2.80793	1.79838	1.65808	2.01043	3.09196	2.96434	4.20769	6.02517	6.42188	5.07826	4.25701	4.75216	4.59787	5.22425	3.09216	3.13857	1.09415	2.16514	1.15179	2.16523	3.87745	8.70477	14.8084	13.368	7.70326	6.86195	6.39432	5.39577	3.75106	4.20769	3.95566	3.98795	4.14602	4.68085	6.86213	7.86767	5.13773	5.33338	5.78197	5.66188	9.50205	9.2135	8.23577	8.44132	6.64553	2.41208	0	0	0	0	0	0	0	0	0.648579	3.84405	6.35424	3.56612	0.25442	2.67252	4.48837	4.50262	1.77126	2.10464	0.359789	2.54248	3.29892	3.10243	4.83223	5.07793	3.81052	4.40161	3.53896	2.1652	2.84218	4.25701	6.25106	7.84184	8.96608	9.04426	9.09924	6.09605	3.45165	3.30378	3.1387	3.8693	4.96333	5.38402	5.56781	6.71202	8.13738	5.20285	8.81581	13.3635	6.74986	3.4886	0.254402	2.97507	3.05535	5.74024	5.78743	4.87535	1.2719	2.36481	3.2347	1.93686	2.30264	5.79297	10.1821	12.952	12.3642	10.3662	8.87652	7.54828	6.45899	5.455	8.39643	10.1588	6.31167	4.74182	7.78881	6.68611	4.57679	3.8566	3.69905	6.08547	7.47416	3.45629
2.49732	0.917121	2.16495	2.61722	1.65796	1.62845	1.40466	1.69652	1.70601	1.80716	1.3093	1.8773	2.73781	3.45128	3.13838	2.10452	0.648553	0.71948	1.29694	1.83381	1.29694	1.3093	1.40458	1.29688	1.60843	1.15161	0.179879	0.179879	0.917121	2.9035	2.61722	0.508776	0.804375	1.53649	1.65792	2.22384	3.97534	3.41837	2.33713	1.93659	0.539622	1.78009	2.55481	2.16495	0.8993	1.54697	2.44508	3.29842	2.84176	1.65792	1.60843	0.741611	0.254393	0.91714	0.74163	0.539622	0.763098	0.91714	2.17249	3.45593	3.85642	3.80603	3.05512	1.79825	0.74163	0.568801	1.44989	1.60843	1.53649	3.05498	2.33709	0.568801	1.36963	1.85129	1.77101	4.89768	4.43374	3.10214	1.70601	1.15166	0.899346	0.91714	1.36963	1.2717	0.402207	0.71948	1.77108	3.18414	1.2717	1.36963	1.20646	0.899346	1.77108	2.67221	2.65405	2.17249	2.33713	2.15753	2.51669	2.88126	4.14557	5.05229	3.78905	2.54223	1.43873	0.359754	1.40458	1.44989	1.20646	1.36963	1.30933	1.29694	1.15166	2.01033	4.83182	5.08062	1.36963	1.9449	2.19458	2.36462	5.42788	5.6698	4.88153	3.59296	2.5231	1.65796	1.6085	1.52601	1.7982	1.3093	1.2717	1.85129	3.70307	3.23938	2.79031	3.93877	2.9256	2.01031	2.90361	4.05154	3.68582	3.409	2.69627	4.16495	3.94302	3.45593	2.50388	2.34404	3.7031	7.88276	14.5642	14.5845	8.28797	5.47463	4.8152	5.17427	2.69613	0.568819	1.04878	2.33713	3.59734	2.4452	2.27408	5.98978	3.54317	2.41853	1.70595	3.43239	8.53463	6.73037	4.05145	6.51934	8.53473	5.27844	1.27174	0.179879	0	0	0	0	0	0	0.508749	3.95504	7.19726	4.60068	2.16501	2.25267	1.44989	1.80716	2.88126	3.83966	3.53878	3.4325	2.33718	4.60068	6.51195	3.57935	2.69627	4.51988	6.31107	4.75168	3.63745	3.41366	4.01555	1.77101	2.6962	4.98519	8.33904	5.17427	0.648553	1.2717	1.15161	2.27408	4.14557	4.16489	4.34595	7.69637	9.41212	2.99114	8.95948	14.4424	6.51195	3.77619	0.254393	2.69613	2.57372	5.21447	6.34892	5.66131	2.55494	2.19458	2.41853	0.968606	1.77108	3.6373	3.54317	0.968606	2.16495	2.41853	3.06024	1.69644	1.44996	2.99114	6.43093	8.85931	6.09269	5.66957	7.44374	6.64492	3.78905	2.88126	5.39527	3.40889	6.98945	1.54697
4.23708	1.36951	0.402172	2.18705	1.53641	1.6283	1.44983	1.65784	1.54691	1.61834	0.741564	3.05471	3.96694	3.43227	2.94745	1.94482	1.53636	1.60829	1.48288	1.83365	1.48288	0.741564	1.1515	1.798	1.60829	0.402172	0.402172	0.402172	0.568768	2.22364	3.07051	1.13739	0.359722	1.30918	1.44979	2.01009	3.10186	3.41806	3.35624	2.41164	0.402189	1.27158	2.55458	2.41831	0.648463	1.54683	2.19438	2.57347	2.84151	2.33688	1.60829	0.968484	1.04863	0.917058	0.648495	0.402189	0.254357	0.917058	2.1723	3.30317	3.93858	3.92219	3.35633	2.51647	1.30918	0.56875	1.20636	1.60829	1.30918	2.81299	2.57347	1.54683	1.85112	1.36951	1.09392	4.17602	4.43335	3.10186	1.98587	1.20641	0.96852	0.917058	1.85112	1.77994	0.179863	0.719416	2.52286	1.98587	0.254357	0.917039	1.44976	1.09394	1.65784	2.44498	2.8416	2.3983	2.52286	2.15734	2.18709	2.7198	3.59704	4.85792	4.3123	3.25394	2.27388	0.359722	1.1515	1.20636	1.44976	0.917039	1.15156	1.29682	1.20641	2.69596	3.70277	3.05997	1.85112	0.741545	3.4508	2.69596	4.66619	5.6693	4.98498	4.36782	3.48796	1.53641	1.60836	1.52587	1.48288	0.741564	0.76303	1.36951	2.57349	2.79006	3.23909	5.1397	4.6968	2.92539	2.69603	3.70289	3.70291	3.09156	2.67199	3.63713	3.94267	3.30317	3.06006	2.34383	3.92208	7.15027	12.8834	13.8676	8.53388	4.98475	4.81477	6.16492	2.9473	0.568768	1.27163	1.87718	3.07583	2.67197	1.01738	4.73758	4.28232	1.1515	1.7058	2.16475	7.29929	6.48938	3.83925	5.05184	8.31766	7.47283	2.50357	0.402172	0	0	0	0	0	0	0.508704	4.71044	8.18216	4.8314	2.71976	3.48791	2.19438	2.44489	2.25257	3.46955	3.38978	3.01233	2.25257	4.8314	7.00019	2.92539	2.81311	4.22585	6.11575	4.89739	4.16458	3.98714	5.47414	3.98707	2.52288	6.45743	9.82577	5.17382	0.899243	0.76303	1.40446	4.18753	5.17697	3.10192	1.85112	5.53511	8.94826	3.48804	7.48968	12.5174	6.02376	2.84151	1.04863	2.9473	1.44983	3.9386	6.34836	4.89746	3.41808	0.539574	3.17876	1.25884	1.87718	1.7058	2.33688	1.25884	1.40446	3.17876	3.05997	1.94473	2.57349	3.48804	6.21901	7.67928	5.61248	4.67972	4.0152	6.0106	5.10226	2.7198	4.75117	1.52587	5.73902	4.57576
5.61476	3.10153	0.25433	1.36937	0.56869	0.968381	0.89917	1.15144	0.804218	1.48268	1.15144	3.14276	3.34142	1.54674	1.91111	1.29669	1.20623	2.36412	1.79785	0	2.16464	3.98684	4.3821	3.53809	2.61679	1.91111	1.15144	0.359684	1.01727	0.508677	3.74995	4.81447	4.0942	2.54178	0.968417	1.15138	1.93621	2.61671	3.63222	3.83891	3.09123	1.94461	2.5033	2.49684	1.07894	1.83341	1.93621	2.09634	2.59192	2.4446	1.40431	0.899124	1.30904	1.29669	1.52571	1.52571	1.40438	1.09383	1.29662	0.402129	1.04852	1.9775	2.8807	3.41772	3.23879	2.67168	1.98564	1.6576	1.43845	2.73717	2.73717	2.41139	2.30183	0.899124	0.56869	2.94699	3.80516	3.41772	3.10159	2.04969	1.30908	1.1373	2.27364	2.33663	0.539517	0.741485	2.74895	1.77073	2.00991	2.00994	1.65764	0.916942	0.916942	0.648426	1.60812	1.69611	2.04961	1.54666	1.27145	1.54666	2.04961	3.30265	3.05439	3.46906	2.97422	0.899147	0.804218	1.15138	1.69611	1.07894	1.20628	0.648426	1.6576	4.6964	4.44025	1.65766	1.77073	3.17859	3.45515	2.79543	0.179844	2.67168	4.25573	5.629	4.43288	1.36942	1.36942	1.15144	1.1373	1.77073	2.81281	2.74317	2.39805	2.04969	2.57322	5.37933	5.87846	3.37499	0.91696	1.69611	1.48272	1.09383	0.741466	1.48272	1.87698	1.77073	2.89741	2.54173	3.07018	6.08102	11.4727	12.8033	9.13763	6.62695	6.51807	7.24411	2.92508	3.13777	4.01494	3.61457	3.05972	1.9775	1.93628	3.70235	3.68491	1.65764	2.34358	2.34358	6.72906	6.57385	3.61442	3.05439	6.00728	8.93521	7.50602	4.31563	1.65764	0.359684	0	0	0	0	0.804218	5.96462	9.26489	5.3496	3.78827	4.66552	2.88068	3.4177	2.04972	1.87698	1.60819	1.83345	1.60819	3.73691	6.02312	3.52896	3.13777	3.31243	5.2133	2.92503	2.49684	3.52886	6.81577	5.96728	1.43845	7.14951	11.7949	6.80414	3.88476	4.23685	4.7373	6.45688	5.95671	2.84133	1.65766	3.73691	7.83507	2.34352	6.90823	11.8775	6.00989	2.96339	1.13727	2.92503	0.648394	1.20623	2.78969	2.30195	3.31243	0.359684	2.92503	1.70562	1.25871	2.90304	5.82973	7.39363	5.8352	3.13774	2.16452	2.49684	3.17842	2.54165	4.38188	6.25658	5.87041	5.25008	3.70238	4.43285	4.61373	3.86815	5.05136	4.16408	3.84296	7.58948
6.09111	5.91593	3.07519	1.29651	0.508631	1.44955	1.79774	2.03372	2.7014	2.34331	0.539469	1.91084	2.36391	2.25213	2.44451	2.18666	0.762881	1.97733	2.34338	2.44438	4.66862	6.88724	7.60169	6.96058	5.71592	5.32538	5.7382	5.37316	3.3025	3.41742	5.22841	7.09585	7.05106	6.51042	5.37913	4.32273	3.29764	2.00974	1.09371	2.97407	3.53777	2.84107	3.25335	3.41742	2.90278	2.67145	1.83329	2.27344	2.57297	2.25203	1.36924	0.254321	1.77968	2.41797	2.16445	2.16445	2.30175	1.79774	0.916879	0.179828	0.359652	0.648368	2.1644	2.88045	2.57305	2.70142	2.88043	2.15692	1.62797	2.50308	2.71923	3.31214	3.01165	1.48259	0.899091	1.44948	2.88045	3.80495	4.26662	3.66283	2.50317	2.00976	2.7014	2.88043	2.04951	1.2586	1.44948	1.30896	2.15692	2.61656	2.54156	1.77968	1.09373	0.539469	1.30892	1.98546	2.52239	2.74876	2.7014	2.04946	2.44438	3.31209	2.19396	2.92477	2.73693	1.77057	1.5466	1.79769	2.18662	1.80666	1.5466	1.62797	2.44438	4.94831	2.7428	2.22321	2.04943	2.67145	3.63642	3.35567	2.81256	3.54233	3.93781	7.04174	4.77708	1.40426	2.67147	4.09384	5.42055	6.11474	5.91609	4.9615	3.70219	3.05425	3.13746	5.16357	6.48812	3.87599	2.15692	2.7428	1.40419	1.65743	2.27344	2.16445	2.65329	2.74293	3.70216	4.26665	2.97407	4.34472	9.33124	11.6191	11.08	10.4808	11.0243	10.0753	3.63196	2.74876	1.83329	2.25203	3.05937	1.09373	2.44451	3.60974	1.48255	2.89715	3.18333	3.05946	6.57328	6.56603	4.49008	4.65839	6.3296	9.46931	10.9573	9.64047	6.48585	2.36391	0	0	0	0.179828	2.22321	7.6778	8.7858	4.18671	3.14248	4.77708	1.87676	2.67136	1.2586	0.7414	0.568657	1.27138	1.5466	2.61648	3.34112	2.57307	2.55421	4.49713	5.96676	2.33643	2.84107	5.47334	9.61932	9.83359	4.28169	5.17281	13.0174	9.35625	3.05953	4.03455	4.10165	5.07298	5.00307	3.09096	3.84282	4.16377	5.87795	2.33652	7.3066	11.8494	6.56603	3.98636	1.44955	2.28756	1.27134	1.27136	1.20612	1.44952	2.33647	1.70547	1.87676	2.49673	4.45794	9.12851	12.4317	14.4885	13.9805	9.29971	1.91084	4.34111	3.97422	3.01165	3.63629	5.10437	5.48482	5.4527	5.7712	3.94172	2.92488	3.80495	4.36697	7.12448	1.77057	10.2823
3.80444	5.3306	4.82996	2.17156	1.04832	1.04838	0.899011	1.09363	2.74843	3.77473	0.916793	1.44936	1.65729	0.89898	0.719205	2.09593	1.94414	0.7628	1.3691	4.20538	6.65897	4.78671	3.38881	3.73644	3.4871	3.4871	4.57471	5.89391	5.55953	3.05914	3.97381	2.6712	3.05398	4.10128	4.58519	4.45755	3.93749	2.94662	1.98529	0.402074	1.29637	0.968242	2.74843	3.07488	2.22306	1.44942	0.804108	2.09593	2.19372	2.04921	1.44933	1.40404	1.61787	1.30884	0.74135	0.74135	0.899011	1.25847	0.568605	0.7628	0.568605	0.916793	0.916768	1.94414	1.93584	1.20599	2.00946	2.25179	1.7794	1.7794	1.5359	3.21309	2.90238	1.44938	0.89898	0.25428	0.916768	1.44936	2.44416	2.84067	1.80646	1.25847	2.17156	2.04925	1.80649	2.15671	1.20606	0.568605	1.91064	2.19372	1.15124	1.48245	0.539416	0.568581	0.402051	1.25847	1.87664	2.54127	3.3118	2.61621	3.23803	4.06959	2.84067	2.39754	1.2712	1.04838	1.27129	1.61787	1.87657	1.30879	0.539416	1.69578	2.1864	5.07247	5.24909	0.568605	3.4684	2.8968	3.0696	3.35536	2.55399	1.27126	2.44412	8.03806	4.52861	1.40404	1.97713	3.63161	4.76677	4.43228	3.17803	2.61631	1.77041	1.30884	2.1864	4.41388	6.30851	3.29714	2.17156	2.97364	2.22298	1.93584	2.98983	0.968242	1.25847	1.04838	1.69589	2.69517	1.54647	2.34306	6.02196	8.13353	7.61105	7.19027	10.6924	11.5927	3.77473	0.74135	2.30154	3.60939	2.89686	0.719205	2.00946	2.36367	1.25847	3.9535	1.83307	3.09048	6.45794	5.21229	2.69517	3.46856	3.37452	3.95362	5.60237	7.17485	8.52408	4.5849	0	0	0	0.402051	3.54179	7.83156	6.33115	3.52819	2.71896	4.77658	2.04925	2.44416	1.80646	1.36917	1.04838	0.568605	0.25428	2.25179	2.2732	0.64831	0.539416	5.09751	5.57652	1.43818	2.5728	3.63612	7.70385	10.0928	6.08277	3.13717	11.7849	11.0117	1.70529	1.04832	1.0936	3.53727	4.82993	2.04921	2.25193	3.01146	2.6529	2.00955	6.00874	10.6995	6.83767	3.0538	1.87657	1.40404	2.1641	2.22298	1.85068	2.67108	1.65725	1.85057	1.27123	2.00955	4.36656	9.09138	8.91956	7.46047	9.02265	13.5979	7.33385	4.76655	4.26605	3.23806	3.63588	4.31462	4.19009	4.56737	6.58221	3.55537	0.50855	1.91064	2.44412	8.59546	2.22298	10.4602
2.41737	3.86691	5.61318	3.87523	2.25159	0.80399	0.80399	0.741256	1.69563	3.59106	1.07863	1.0935	1.62765	0.898915	0.179793	1.91047	2.03322	0.402015	0.968106	4.09677	7.78444	5.22715	1.36898	0.402015	1.4492	1.36903	2.00931	1.48226	5.22108	1.79739	3.19772	0.741274	0.402032	1.3087	1.83293	1.4823	1.09352	1.27111	2.10344	1.09352	0.916681	0.254258	2.69484	2.59118	1.13694	0.804024	1.29632	2.54097	2.7187	2.16396	0.80399	2.25159	1.70514	1.25835	1.09352	0.741274	0.648242	1.27113	1.36903	1.61771	1.0935	0.254258	0.402015	1.69563	1.97694	1.87645	2.17137	2.44391	2.09575	1.69563	1.15105	2.69484	2.50259	1.62767	1.65713	0.508505	0.719135	1.13694	2.09575	2.59118	1.60766	1.13694	2.19353	1.65711	0.898869	1.36898	0.648242	0.402032	1.70514	2.70087	2.34297	2.33606	1.77023	0.898915	0.508532	0.539364	0.402015	1.13694	2.87987	3.8084	4.92474	5.22718	3.45417	2.70089	1.61771	0.402032	0.568546	1.27111	1.53576	1.30867	1.04827	2.00931	1.48226	2.89654	5.71451	3.35493	4.48571	6.17567	7.26195	5.65861	2.33606	0.64821	3.0902	7.64951	4.33651	1.48226	1.91047	3.84187	3.87523	2.84052	2.57257	2.51549	2.09584	3.53708	5.39285	6.33081	7.03373	5.40464	5.06266	5.39285	5.06266	5.05318	5.00222	2.9463	2.1565	1.29632	1.79739	2.87987	1.62767	1.20589	4.44243	6.23695	5.77835	5.7894	9.94931	12.7429	6.33062	2.04906	3.52796	3.13688	0.968142	0.898869	2.19353	2.25159	1.01693	4.09677	2.34292	3.30174	5.46324	4.39897	3.10071	2.44391	3.43082	4.48922	3.95324	4.1859	7.93283	6.00558	2.41081	1.09352	0.179793	2.00931	6.04262	7.51844	4.49983	2.19353	1.94397	4.6297	2.17137	2.00928	1.60766	1.01698	1.69571	1.44926	1.0935	2.34285	2.10344	0.968142	1.15111	5.06246	5.44281	2.74239	2.36349	1.0935	4.7086	7.39121	4.69507	3.56428	10.1101	9.7154	1.97694	2.49624	2.84052	4.12809	5.86875	4.54242	2.81189	1.70514	1.09352	2.30118	5.19954	9.69617	6.76478	1.69563	2.09575	0.648242	3.23776	3.31144	0.539364	4.14355	3.96544	4.70885	6.01907	5.77862	5.65861	6.97711	5.48658	2.55372	4.57406	14.3564	9.0904	4.38065	3.8167	2.59118	4.38065	5.33006	4.3402	4.89534	7.0561	4.43888	3.21293	4.78637	5.39285	7.96658	2.00931	8.99533
2.67069	4.201	6.63171	6.62452	5.02406	2.87963	0.568496	0	0.898789	2.54075	2.81176	2.73626	2.39716	1.48217	0.803918	1.79714	1.9103	0.254235	0.568478	2.84015	7.67358	6.25427	2.54075	0.762665	2.04887	1.15095	2.54075	1.25824	3.06904	2.54079	1.04813	0.9166	0.9166	1.15101	1.70504	2.34276	3.09008	3.37387	3.43055	2.16378	0.508487	0.96802	2.74202	2.16372	0.9166	0.916619	0.898812	2.09556	2.44369	1.0934	2.10333	3.7869	2.90196	2.27287	1.79718	0.401979	0.762705	0.803953	0.179777	1.0934	1.6275	0.898835	1.01689	1.93556	2.9241	3.70112	4.12772	3.43055	3.43055	3.23748	1.94379	1.85023	1.9103	1.27097	1.79714	1.04813	0.568496	1.25824	2.186	2.89633	2.51526	1.83277	2.70063	2.70065	2.25149	2.57234	2.34276	1.85032	1.93556	2.67069	2.94604	3.14174	2.55349	1.70504	0.898835	0.648184	0.568496	0.179777	1.07854	2.36324	4.53846	5.48327	4.36574	4.0134	3.41645	1.85032	1.44913	1.44911	1.9849	1.98492	1.52514	2.34271	2.54079	3.25242	7.015	5.69447	0.179777	2.81176	6.28746	8.68865	8.02719	5.7254	2.78873	5.05252	5.58144	3.84173	2.61581	4.73535	4.49943	1.85032	2.15631	2.34271	4.26544	7.24174	8.74796	8.55227	7.71484	7.43556	7.62029	9.26192	9.89727	9.86899	7.98202	5.95465	4.57374	3.63541	3.84173	4.36574	3.48637	2.34276	4.43123	5.71681	4.73532	4.23506	7.86237	13.2829	9.87169	4.09247	3.05325	1.15101	1.25824	1.2962	2.61581	3.66172	1.04813	3.63093	4.41328	3.63539	3.37373	2.25139	2.90185	4.69456	4.97275	4.32138	3.98529	3.95291	4.87852	4.43849	3.74856	3.13657	2.30109	4.67758	7.15802	5.22062	3.05325	1.85023	3.34018	5.62402	3.27708	2.39716	1.25824	0.401979	0.254235	0.762665	0.96802	1.98492	2.92405	2.41728	2.89642	5.40416	6.85753	5.13435	2.18604	1.83277	3.06904	4.82912	5.95465	7.19357	8.59414	5.32959	3.43062	4.44227	4.73556	5.24821	6.15434	5.658	5.21139	3.08993	1.15101	3.43044	6.48629	9.71939	6.41736	2.9241	4.43139	3.95289	1.61757	5.24813	2.19344	6.45441	7.73521	8.71033	9.2417	7.26143	2.80604	3.4679	8.95492	10.6867	8.46565	9.89052	7.53454	4.32141	2.73615	1.79714	4.70819	5.73629	4.33981	5.83273	6.20571	3.66172	3.40696	5.13415	6.28991	5.73644	1.0934	7.71659
2.59085	2.61557	4.43804	5.56359	5.07104	4.189	1.70481	0.40196	0.719001	1.13678	1.94372	2.52143	2.27256	1.44892	1.40364	1.9101	1.65678	0.401937	0.179759	1.65678	6.84965	5.91351	2.9728	2.67029	1.97657	3.13615	0.96792	2.16358	1.48203	1.296	0.898725	1.15083	1.40364	0.254208	0.254208	1.2709	2.16364	2.78847	3.52719	2.65215	0.762584	1.44892	2.30073	1.44892	1.04809	1.54603	2.00901	2.87374	3.25206	2.09547	2.87935	3.41609	1.94372	2.00893	2.1931	1.60735	1.53554	1.77902	1.53554	0.508442	0.96792	0.898755	1.20572	1.40374	1.60744	2.18583	3.83703	3.0583	3.2372	5.17081	3.0896	1.44895	2.10304	2.18578	1.80595	0.568419	0.254208	0.741114	1.48198	2.18578	2.61547	1.43778	1.97657	2.52143	2.09547	2.10314	1.87611	1.65687	1.2709	1.09329	0.648126	1.25812	1.25812	1.53546	0.539263	0.254226	0.539263	0.648126	1.30847	2.52141	2.65215	3.45346	3.18201	2.83986	3.01049	1.65687	0.898755	0.741114	2.25116	1.44895	0.568443	1.09329	1.79701	2.18583	6.28661	6.98492	4.01309	3.06887	0.803834	3.5771	6.50543	6.48341	3.48604	0.916507	3.77378	3.52732	2.4436	3.6127	3.70056	1.13678	1.87604	0.254208	4.82859	5.4242	5.03308	3.95253	3.41609	5.29601	3.13631	4.57338	5.21118	5.07127	4.03302	4.57319	3.80763	2.50223	2.04877	3.35429	2.71819	1.94372	4.14275	5.76897	4.9335	3.13618	4.56608	11.978	11.3883	5.05199	3.63051	1.93538	0	1.53554	2.00901	4.65298	3.5634	1.85015	2.67044	2.03297	2.54049	2.51502	2.572	5.07721	5.34698	3.84113	3.33982	3.48594	3.25206	1.60735	1.83255	2.51502	2.16364	4.36885	5.09607	3.05293	3.14126	2.16349	4.94639	6.60206	2.52143	1.449	0.539263	0.967967	1.69541	1.449	0.359515	1.0168	2.1561	1.52501	2.16358	3.0583	4.69419	4.26487	4.69406	3.63051	1.6569	1.07843	2.73601	4.36533	3.9525	0.741114	2.09547	2.09547	2.10314	4.25352	5.34698	4.84509	6.12508	4.57309	0.568419	4.95931	8.02602	10.1082	6.46853	3.45366	3.77387	6.04148	3.5634	4.69419	2.89604	8.25205	8.38991	4.36904	3.53645	4.49896	4.82859	6.94647	8.32086	8.32086	6.25394	3.46741	4.82863	2.59085	1.07843	1.79695	4.70769	4.27982	4.43804	7.87752	4.5976	4.38009	7.18825	8.15051	6.45613	1.70481	3.33982	7.19246
1.53538	1.98451	3.63455	4.76477	4.57276	4.89403	4.04837	1.27073	1.25799	0.803761	1.15079	1.87586	2.1633	1.65664	1.29589	1.93511	1.87586	0.568385	0.254199	2.17075	6.55321	5.37629	3.38733	3.54047	1.27077	3.77332	0.916421	0.91644	1.40359	1.0167	0.401918	1.62721	1.44881	0.741064	0.89866	1.3083	0.254185	1.40351	3.55405	3.17662	1.36859	1.36859	1.77874	1.04793	0.568385	0.762557	0.967867	2.16336	3.42988	3.08948	3.48569	2.70013	0.91644	1.84987	2.50188	2.36278	1.80578	0.568367	0.967831	0.741064	0.91644	0.762557	0.91644	0.648058	0.89866	1.8058	2.57173	1.65664	2.59045	5.98524	3.54047	1.44881	2.34219	1.94341	1.07833	1.29595	1.69523	1.54586	1.62721	1.98451	2.00871	0.803761	1.40351	1.54579	0.254185	0.916421	1.27075	1.36859	1.15073	0.898614	0.401918	0.648026	1.36859	1.70465	0.91644	0.762557	0.898637	0.508361	1.83237	2.89577	2.54029	2.71793	2.65191	2.04845	2.44324	1.79683	1.07833	0.179742	2.17075	1.62719	0.568385	0.4019	0.741045	1.27077	4.70732	6.11166	5.05175	5.1021	4.84478	1.65666	2.87905	5.60033	6.5993	4.6938	0.568385	3.77347	4.06829	3.70037	3.78612	2.3423	2.74745	2.3423	5.5314	3.88237	2.73562	3.23689	3.09983	5.5803	4.70747	4.18491	4.32067	3.59023	1.61725	3.37308	3.59014	2.44334	1.30833	3.08933	1.87586	2.04853	4.39773	5.95328	5.10194	3.23691	4.18861	10.6277	10.3569	4.89403	4.39782	3.77339	2.41668	2.00877	1.6567	5.37629	4.70727	0.179742	1.15073	0.741045	2.67005	3.35398	2.96178	4.03246	4.31301	3.77332	4.31306	4.36845	2.54025	1.79688	2.59057	3.78623	4.06829	3.59462	3.08933	2.33531	3.77332	2.90129	5.37629	6.96601	1.84987	0.648058	1.40351	0.762516	0.648058	1.15079	1.27077	0.741045	2.87346	1.93518	2.00871	1.40351	3.42977	4.94595	6.65651	4.20004	2.33531	2.87905	3.93595	4.57286	2.97265	2.34225	1.3083	1.13662	1.53538	4.57276	6.28864	6.62324	7.75601	6.85611	2.94547	5.13625	8.21315	9.81928	5.27132	2.04856	2.65202	4.73779	5.95323	2.18558	4.6938	7.76404	6.25305	6.5994	6.73503	6.44589	6.28603	5.07363	1.52476	2.25095	3.84079	0.89866	3.27638	2.00877	0.741064	1.54579	4.03246	4.04837	4.17321	7.44029	5.44143	3.94002	7.48469	8.99281	7.98007	0.91644	5.2257	6.01973
3.37292	3.13569	3.98411	4.70691	4.01219	4.51599	5.27397	3.96393	1.36852	1.7695	1.48175	2.0086	1.80562	1.44866	0.718867	1.79667	2.39642	0.740998	0.568335	3.46679	6.32828	4.8277	3.78572	3.29562	0.967781	3.78572	2.98845	3.21174	4.06793	3.98424	3.4061	2.33515	1.27066	0.762489	0.539163	0.740998	1.15068	1.25788	3.0471	3.1407	1.8757	1.30818	1.60706	1.20544	0.401865	0.179726	0.803724	1.90986	3.30063	3.48543	2.73548	0.762489	1.20544	0.740979	2.34205	2.92322	3.05245	1.98434	0.539163	0.254176	0.539163	0.179726	0.359448	1.04788	2.33519	3.74749	3.86562	3.05252	3.05245	4.59325	3.00994	2.34203	2.73537	1.98436	2.19282	2.65179	3.31039	3.80706	3.48543	2.73548	1.53524	0.740998	1.695	1.04783	1.04788	1.36852	1.61711	1.93494	1.36847	0.967781	1.01661	0.401865	1.60706	1.44866	0.91634	1.36852	1.83225	1.94324	2.57151	2.83935	1.62704	1.01655	1.98436	2.97239	4.01231	4.26421	2.89555	1.36852	1.30818	1.695	0.803724	1.15068	1.52471	2.04837	4.01227	6.05896	7.0471	7.91041	8.99237	7.63254	4.27927	0.916359	3.23164	5.9126	5.02265	1.62706	0.648	0.568316	2.74124	1.40339	1.93501	2.74137	4.19967	1.94324	2.69397	4.89374	6.05901	7.60152	8.23576	7.73116	7.08518	6.17339	3.07345	1.83225	3.57642	3.23669	2.89555	3.63423	1.80564	3.05245	5.24665	5.69291	4.70691	3.60766	4.49823	7.64669	7.57214	6.74379	7.19592	7.75544	6.62025	3.74749	3.06828	5.22524	3.81528	0.803724	1.30818	1.09309	3.29562	4.03208	1.65651	2.69987	4.36443	4.09136	3.86547	4.42998	3.01003	3.84064	4.98442	5.95302	5.91276	4.18838	2.27222	1.36847	2.98845	2.87321	5.6111	6.95861	2.87321	1.65651	3.40599	2.69397	2.17064	1.65658	2.28639	4.01227	3.70004	3.2116	3.13559	2.33519	4.14205	6.32578	7.43747	4.01214	5.17304	6.97466	6.21453	5.41749	3.3394	3.13561	3.05764	4.48398	6.30594	8.3794	8.99237	8.2184	8.19149	7.03113	4.92308	6.28814	8.02076	8.80757	3.80685	2.71773	3.63438	4.48756	7.12497	5.41749	6.96573	4.0481	2.55277	6.65863	7.12082	4.13054	2.94506	4.666	4.87739	4.09543	2.74715	0.401882	3.00994	2.87321	2.09506	2.17064	3.58982	4.87719	4.81112	4.78448	4.43014	5.3699	8.95197	8.21818	8.49799	1.7695	9.03547	8.019
1.70432	1.83202	3.61167	4.62749	2.98814	3.21126	4.09093	4.51556	3.61182	1.53508	0.898439	1.65631	2.34178	1.8496	1.04777	1.44853	2.17033	0.401822	1.44853	4.59629	6.41488	5.1725	4.01177	2.66956	0.568256	3.4478	4.37855	2.44274	0.401822	1.15056	3.18119	4.16097	2.90083	2.09484	1.8496	1.6564	1.40331	1.20536	1.94304	2.27191	2.57131	2.71744	2.34178	1.83202	0.647931	1.27052	1.36837	1.13644	1.6564	2.27198	1.20536	1.65631	2.00834	1.44857	0.916261	1.04772	2.50139	2.50139	0.647899	0.916261	0.647931	0.401822	0.71879	1.98415	2.18519	2.04808	1.8755	2.04813	2.36236	2.04805	2.18515	3.56239	2.73508	0.254136	1.15056	1.09299	0.916242	1.30808	2.25061	2.44286	2.28614	2.16299	2.00838	1.36837	1.30808	0.647931	0.898439	2.00832	1.53502	0.508288	0.539105	1.27048	1.40324	0.967642	1.2705	1.54548	1.07812	3.00962	3.09917	3.23628	2.97207	2.80494	2.94489	3.31003	3.84024	4.87021	4.30858	2.81066	2.19259	1.61693	0.539105	0.254149	0.359409	0.401839	1.30804	1.65634	1.30808	2.36236	5.22481	7.57159	8.71596	8.80885	7.8336	3.42929	3.61182	6.9079	5.51903	4.31983	4.54033	4.12611	1.65637	0.967642	2.15547	3.42929	3.98381	4.3124	4.49431	4.31235	4.65186	4.45495	3.14051	4.87668	5.1601	1.70438	0.916242	0.740919	2.57126	3.93501	1.76938	4.3382	5.09785	2.97195	3.37242	4.37855	4.27861	3.93498	4.4835	4.93226	4.93226	7.11774	9.4663	9.16351	6.95593	4.65526	1.65634	0.568274	0.647899	1.04772	2.25051	3.98368	3.69535	4.1841	5.59917	5.76731	3.48489	2.39617	3.44798	3.33904	3.06795	2.28614	2.36232	1.44855	1.6949	2.50148	2.16294	0.508288	4.49411	5.32753	2.34178	3.62946	6.38765	5.12616	5.10111	2.89529	2.57134	3.2313	0.401839	4.67567	2.8048	0	2.52069	6.9943	9.44478	9.08654	9.58716	8.45297	5.57939	4.73372	3.98374	4.09093	4.66198	5.66417	3.93907	3.40574	6.63861	7.84125	8.3274	6.01856	0.916242	6.05812	7.46435	7.07295	1.29563	3.91868	2.73519	3.2313	8.0668	5.95227	5.73428	3.60727	2.81054	2.92285	1.36837	2.50139	2.3002	3.62952	2.36236	0.898485	1.09297	2.44276	5.55632	4.49786	2.74108	1.62689	3.176	5.5332	5.06005	3.30991	3.77267	9.80169	9.96963	7.68299	8.61437	4.77387	11.5599	6.65774
1.62673	0.967556	3.30957	4.73306	2.81029	2.90047	3.13498	2.27171	2.18496	1.43723	0.359377	2.74071	3.33858	1.27043	1.36825	1.97582	1.80527	0.568205	2.25031	4.98	6.5683	5.32711	3.23597	1.61679	0.967556	2.65115	4.1412	3.76807	2.65127	2.34159	0.647874	2.44252	1.70417	1.09288	0.718727	0.539057	0.254127	0.539057	1.2052	0.898359	1.07802	2.27171	2.27171	2.10225	1.04768	2.33469	1.44844	0.91618	1.62674	2.16275	1.83189	2.90047	2.79305	1.27043	1.54543	0.76234	1.77823	2.79305	1.76915	1.44842	1.27041	0.91618	1.62673	2.00817	0.718727	0.967592	2.69934	2.39595	1.27039	1.0929	1.93456	5.71129	3.18082	2.22151	0.359377	0.401803	1.20525	2.00817	1.77823	1.30796	1.52441	1.29558	1.44842	2.04795	2.33474	1.65623	0.254127	1.69467	1.79628	0.359377	0.359377	1.52433	1.40312	0.254113	0.916161	2.17013	0.401786	2.27171	2.71716	2.52047	2.185	1.30796	0.740853	0.803567	1.15046	3.46611	3.57562	1.98397	0.91618	0.254127	0.898405	1.01641	0.967592	0.740853	1.1363	1.53489	1.27041	1.30796	1.2052	1.62673	2.66941	3.69502	4.56463	6.12812	3.88127	2.96087	2.53957	1.97582	2.98787	3.38638	2.10225	1.27039	1.44844	2.40944	2.29999	1.79637	2.57101	2.04787	0.740853	1.48142	1.79628	3.95091	4.41099	2.36215	1.20525	0.647842	2.04787	3.69918	1.20525	5.1005	3.83558	0.401803	2.50117	5.98355	5.20888	1.65617	1.65619	2.66932	2.18496	2.89498	4.67538	5.37491	3.30969	1.29558	0.359377	0.401786	0.401803	1.1363	1.2052	2.16268	0.647842	0.740853	5.51827	7.95413	2.92254	1.65623	2.29999	1.48146	1.2052	0.7623	2.44252	0.740835	1.1504	1.87533	1.04768	1.69467	3.2359	4.04722	3.40544	3.59358	6.72339	2.92265	4.59588	2.53948	1.65619	2.00814	1.93456	3.81454	1.83189	2.40944	1.30793	3.4148	6.44407	6.11788	5.83017	5.37787	3.30001	3.46624	4.53985	4.48304	4.53985	6.98231	6.52964	2.44264	5.07533	8.60812	9.93748	7.63078	3.59358	8.36053	6.37205	4.9832	1.30793	4.66157	1.60682	1.29552	8.45937	5.73356	3.91834	5.36886	2.66932	2.15528	1.76922	1.94286	0.803567	3.35303	4.12575	2.57111	1.69467	4.18735	5.345	0.916161	1.77823	1.84935	4.42909	6.41429	4.99285	2.92259	4.76343	9.95155	7.20519	6.55136	7.78613	6.37205	12.6394	5.91132
1.36806	0.647773	3.17538	4.70544	3.37177	3.62878	4.31889	3.6597	1.94279	0.568147	1.76906	2.61422	3.42844	0.898264	1.79621	3.13478	2.65103	2.39578	3.09858	5.22369	6.88106	5.60944	3.52563	3.68165	4.03113	3.46592	2.71689	1.65599	1.5348	2.74641	2.94437	2.78713	1.62659	0.916068	0.568147	0.568147	0.179673	0.508162	0.898264	0.647773	0.647773	1.90918	2.03185	1.90918	0.568147	2.04765	1.04752	0.568171	2.04776	2.22136	1.48132	2.44226	2.90016	2.09447	1.65611	1.04758	1.65602	3.00905	2.71689	1.87514	0.568147	0.916068	1.15028	1.44825	1.54529	1.54529	2.34134	3.07259	3.21082	2.66917	2.8385	6.20469	3.42854	2.69312	0.762272	0.568147	0.179673	1.53473	2.69908	2.39578	1.27029	0.740784	2.71694	3.35281	3.29483	3.5754	2.89477	2.10213	1.36806	0.539005	0.508198	1.60658	1.69449	0.179673	0.359342	1.80509	2.10213	2.18479	2.00796	0.762218	1.62659	2.04776	1.84927	1.40306	0.740784	2.94417	3.19557	1.65599	1.15028	0.916068	0.762272	0.568171	0.568147	0.539005	0.508198	2.80445	4.27805	3.93855	2.6991	2.00793	3.0674	4.03113	4.81663	5.75529	3.19557	3.80588	2.97154	2.16254	2.74042	2.79275	2.04765	1.15028	0.740759	1.44831	1.90932	1.25751	2.33441	2.78713	3.58889	4.41078	4.70571	5.37439	5.03068	3.40512	3.13481	2.74641	1.27026	2.78703	3.23574	5.34454	1.98375	1.69449	2.27147	6.65394	5.46836	1.93446	2.18479	3.38602	2.73456	3.48438	4.22142	3.80581	2.66905	1.97563	2.00805	2.1922	1.76906	0.179673	2.34137	3.23568	2.58961	2.53939	4.80968	7.36701	3.27513	1.44825	1.48127	2.33446	2.00801	1.30784	1.90918	0.898325	1.80509	1.60658	0.179673	1.77804	2.16991	2.69312	2.96066	1.83172	5.59513	2.61422	4.31876	3.81413	1.29547	3.46592	3.63332	3.95061	3.08833	2.6692	1.36806	0.568147	2.71689	4.26301	4.76315	4.30778	2.41591	2.69312	5.09364	4.82626	2.33441	4.19842	6.48033	7.14984	8.23908	10.0159	9.91	7.43526	2.69303	8.7515	6.80941	6.38662	7.43782	8.98981	7.70449	7.07873	9.54128	6.21248	4.18309	5.5723	2.29963	1.20514	2.04776	0.762272	0.740784	2.80425	3.06726	1.79615	1.90918	3.44713	5.17152	3.83956	3.97096	3.69898	4.43592	5.32649	4.33361	3.00905	5.45958	9.08437	6.0569	7.34554	7.20441	7.14936	11.7969	5.20833
1.84899	0.898184	3.42814	4.95651	4.58101	4.26244	4.7153	3.65933	2.69286	1.54505	1.65593	1.48117	2.16226	2.66878	2.51357	3.27487	2.55177	2.69883	3.09829	4.7625	6.64624	5.38861	3.29935	3.7332	3.98269	3.17527	1.69442	0.179655	1.40291	2.34118	2.92213	2.41566	1.27019	0.568113	0.568095	0.568095	0.401708	0.508117	0.647716	0.898184	0.898184	1.65584	2.03167	1.65584	0.568095	2.04747	1.04742	1.84899	1.77798	1.94258	1.29533	1.20497	1.44813	2.09425	1.76888	1.04747	1.44812	2.36165	2.92202	3.0512	0.568095	1.36793	0.401708	0.967403	1.70389	1.54512	1.98358	2.49434	3.21049	3.40943	3.77152	5.22319	2.87769	2.00784	1.27014	0.568095	0.401708	0.647747	2.04755	2.69883	2.50069	2.24988	3.62843	3.48403	3.23543	3.6986	3.06708	1.94258	0.568113	0.401725	0.508144	1.60644	1.94248	0.401708	0.359307	1.15024	2.00784	1.93426	1.44813	0.762151	1.27019	2.04755	1.84907	1.53464	1.30767	2.69279	3.44683	1.90901	1.40284	1.36793	0.762191	0.915982	0.568095	0.401725	2.09415	3.60629	4.23243	4.31113	4.7625	4.73214	3.94618	4.26257	4.92117	3.85165	1.69434	4.12884	2.79265	1.65593	2.00775	2.28537	2.04747	1.40284	0.401725	1.6559	1.94258	2.80975	0.967403	2.41566	3.86411	4.3371	4.82601	5.7409	5.42111	3.40477	3.23541	3.41413	1.27014	1.40291	3.62849	4.51423	1.36799	2.94391	2.27126	6.65335	4.97904	1.79602	2.51357	4.87525	4.67435	4.69151	3.97055	2.50077	2.44207	2.57053	2.10191	2.16238	2.51996	2.41553	3.09829	3.40943	2.58934	2.53912	2.96029	4.87525	3.48395	1.09268	2.89434	2.51996	2.16233	1.15024	0.647716	1.09268	1.61648	0.718586	0.401708	1.27012	1.27014	2.00784	2.96036	1.83153	3.58833	3.06698	2.804	4.31838	2.61398	3.17527	3.3381	3.76734	3.40477	3.13446	1.36793	0.568095	1.76888	3.93408	4.42844	3.57503	2.44217	3.27482	7.09546	6.05637	0.967403	1.79602	5.16814	7.07798	8.02185	8.91027	7.28891	4.97904	1.94248	6.80871	5.57764	5.53189	7.96872	9.11991	7.71186	7.14909	8.20948	4.18668	6.15786	5.5718	1.79593	1.44813	2.04755	2.16971	1.30767	1.29527	1.79597	1.29533	0.647716	1.20497	3.42825	3.83915	3.77167	3.57503	3.23038	2.804	3.40467	4.17122	6.2118	8.09172	5.8097	8.83607	6.45249	8.13819	10.3311	4.45346
2.16212	2.10173	4.19767	5.56274	4.9205	3.91723	4.67406	4.93043	4.57027	4.69115	4.67416	4.94342	2.83811	2.04737	5.15837	5.09606	2.74006	1.79581	1.69419	3.83449	6.59544	6.08739	4.42805	3.98233	3.3088	2.98717	2.65052	2.65052	3.05634	2.65052	1.25728	0.401672	0.762083	0.91592	1.54499	1.70374	1.20491	0.803339	0.17964	0.915901	1.36781	1.90884	2.09396	1.44796	0.538904	1.8748	1.09259	2.16207	0.647658	0	0	0.401672	0.568062	1.04738	1.62626	0.967282	1.44796	1.8748	2.24968	3.05618	1.30759	2.51335	2.89421	3.55223	2.66868	1.65576	1.48104	1.65578	1.98341	3.53847	3.98213	4.42784	2.04731	0.89815	1.83137	2.29934	2.49412	2.10173	1.29521	1.93401	2.53876	2.89408	4.318	3.23501	2.44195	3.30875	3.35217	2.71643	1.80475	0.762124	1.20491	1.79581	1.15007	1.15013	1.29521	0.803339	0.740643	0.91592	0.91592	1.62626	1.36786	1.27005	0.91592	0.740625	1.20486	2.57028	3.46513	2.6986	2.83808	3.13419	2.29934	1.76872	0.64769	0.538904	3.1392	3.94979	0.967317	3.18001	6.65528	7.70885	5.09596	3.05099	2.53885	1.07771	3.27453	4.51383	1.25728	1.01612	1.25728	1.54491	2.10165	1.93401	2.10165	4.33664	4.37715	5.37339	3.06681	1.83137	2.27106	0	2.53885	5.42063	5.79831	3.63262	3.6983	4.66378	3.77127	2.36144	3.04564	2.41531	2.04731	2.98703	2.03149	5.98187	4.8254	1.01612	2.16212	6.1081	5.98187	4.691	1.94231	1.20491	2.53881	2.44185	1.09257	1.30759	3.05625	4.36598	3.53394	2.66857	1.27005	0.762083	2.39527	3.80086	2.89964	1.70369	3.33763	1.90884	1.29515	0.718523	0.508099	1.09259	1.76872	1.90894	1.27007	0.401672	0.740643	0.568044	1.84882	2.00757	2.33399	3.29893	1.53445	4.43866	3.68074	0.401672	0.17964	2.41531	1.70369	3.35208	3.60593	2.57036	2.89964	1.29515	0.401689	1.30759	1.93408	4.53857	8.22389	5.77347	1.01606	2.44185	2.50055	3.45134	5.04566	5.47911	3.38542	3.0085	1.04738	4.15937	6.28271	5.6876	3.23506	4.48173	0.538904	1.44801	5.85288	4.08952	8.22402	8.44986	6.57638	3.19517	1.62626	2.78653	2.73417	3.42801	3.73287	3.61048	2.83811	2.69269	3.69833	4.57035	5.22297	5.6876	4.73197	2.55154	2.83799	4.8912	6.74736	9.2394	9.32012	9.02089	2.69255	8.86891	8.2143	2.92177
1.44785	0	3.42754	6.61879	7.25507	7.04073	8.10998	10.0643	9.08231	6.95487	6.39971	6.01335	5.73141	4.87435	6.58055	8.74045	7.04973	6.21093	5.07363	1.90874	3.78362	7.52835	8.60525	8.95251	8.82421	7.96924	6.74697	6.21093	6.58055	6.3449	4.65984	1.40264	2.15444	2.95979	3.04548	3.00827	1.79567	0.915822	1.13586	1.44788	2.33374	2.53849	1.65552	1.25715	1.15001	0.740546	0.538847	1.40257	0.740546	0.508045	0.803254	1.15001	1.04727	1.04727	1.98318	2.09374	2.24944	2.0471	1.70351	1.79558	1.15001	2.22065	2.7161	2.41519	2.44167	2.16191	1.53434	0.898054	1.90864	4.52389	3.77078	2.92141	2.36119	1.69409	2.55127	3.56088	3.69358	3.3084	2.16195	2.18414	1.48084	2.29898	5.57072	4.73462	2.28505	3.20986	4.17058	4.74489	3.80476	2.09384	1.53434	1.44785	0.568002	0.740546	0.898054	1.01601	1.26994	1.60619	1.60619	2.09384	2.6924	2.41519	1.79567	1.15001	0.17962	1.98318	3.45093	3.93328	3.77094	3.69789	3.0874	2.92156	2.80932	2.57011	4.15893	5.65312	3.93328	4.18594	6.67605	9.25885	8.56684	7.58676	7.04973	6.12582	1.54474	4.69065	5.06723	2.97053	2.95979	3.33745	2.1015	1.76846	5.12971	6.62596	4.82507	5.53057	2.55114	1.20473	1.43667	2.18414	1.01601	3.81305	4.12793	2.49386	3.87995	5.44654	5.47864	5.30418	5.56231	4.64964	4.73144	3.46489	3.05594	5.72027	5.76459	0.915804	1.29501	6.20036	6.07876	4.02975	3.74531	3.40411	3.13378	2.34061	1.04722	2.0471	3.19483	6.50044	6.44156	4.00993	3.73248	4.08909	4.19722	3.44616	1.83114	2.33378	3.30833	2.69233	0.898054	0.401647	1.36772	2.16195	2.44169	2.09384	1.65558	0.898031	1.0776	2.69831	3.09775	2.00742	2.04715	4.08909	3.80484	3.35172	2.61347	3.87995	4.59081	4.74489	3.98191	7.00687	8.23666	8.07891	7.96718	6.16211	4.82182	4.20122	4.80852	7.16742	9.14533	6.8308	5.20711	5.42013	3.83416	3.2937	5.32504	4.48494	1.87466	0.967215	2.36119	1.83118	3.87163	4.91998	3.52459	6.56118	6.32489	3.96978	7.45223	6.14903	8.61067	12.2606	11.8212	7.60326	5.09247	7.7022	10.1865	10.6718	9.38103	7.96924	7.53677	7.78352	8.47137	8.82067	8.94726	8.70288	7.86197	7.39524	8.8683	10.3966	9.46018	13.6184	14.9211	9.38103	4.84155	6.67589	8.18504	11.1781
2.5886	2.36102	0.538799	4.1855	6.14859	5.38724	4.62511	5.57624	5.68928	2.9213	2.95945	2.27062	7.70112	7.34283	3.07138	5.38419	4.7039	5.01939	5.6189	5.22186	2.49352	2.80336	4.31739	5.16668	5.59335	5.73105	4.65263	3.69761	3.5875	5.02878	5.94877	1.70341	2.7453	2.69805	1.54469	2.22045	1.3073	1.26976	2.24924	0.967129	3.19438	2.66802	1.09235	1.29496	1.52368	1.29496	1.13576	1.01587	0.359205	0.508	1.0775	1.01592	0.718383	0.507973	1.2949	3.1742	2.55091	1.65537	1.40244	0.761935	0.253992	1.53415	2.89908	1.20468	1.13576	1.2949	1.14985	1.26978	2.78599	5.60447	3.69747	1.25703	1.44768	0.915741	1.62595	1.3676	1.8044	2.56978	0.897975	1.43654	0.803183	2.09356	5.82719	5.19413	0.401594	0.359205	1.13579	3.30804	3.48297	1.983	0.254005	0.897929	0.538799	1.26978	0.74048	0.359205	0.740499	0.915741	0.915741	1.04718	1.40252	1.44775	1.04718	0.915741	0.915722	0.401611	1.65543	2.16171	2.27062	2.09356	0.803183	1.29496	2.09365	2.89365	5.02878	6.17683	2.89365	1.44775	3.13348	5.66103	5.73932	5.66121	5.32475	7.28686	6.0861	0.897975	4.48097	7.11573	4.96801	3.55154	2.89365	1.53421	6.5094	6.15613	4.9422	7.9048	4.12767	1.90857	1.01587	1.93371	3.04521	5.01609	3.59189	1.4477	0.401611	2.97027	3.09742	3.80443	5.39902	4.49177	3.48309	2.55105	3.05567	5.84357	6.61805	2.3404	2.33357	5.77235	5.2064	1.98302	3.69761	4.95529	5.04462	4.02939	1.69386	2.16165	2.89908	4.31729	7.40068	3.23443	2.69216	4.2198	6.56041	4.30979	2.19134	3.07142	3.41317	3.05565	1.8044	0.647532	1.70335	1.3676	1.26978	0.897929	1.14985	0.915722	2.36098	3.60523	2.27069	1.01592	0.897975	2.28485	3.29355	1.79551	1.44772	4.53776	4.52372	5.19735	3.19455	7.36439	7.1469	6.08634	7.37737	6.22308	4.73102	3.20958	3.60527	5.55886	7.82885	6.12521	5.13259	6.55815	6.16926	7.2543	7.87089	3.05558	0.897975	1.60598	2.44135	2.97027	4.18542	8.8602	6.35178	5.61888	6.00221	6.97906	10.4913	7.70112	3.30811	5.66121	9.95161	7.46221	4.42717	6.80708	7.87127	7.43289	6.87639	4.82467	4.77141	5.28872	4.87412	4.31739	4.00962	3.29355	3.29355	4.82139	8.64607	9.28837	6.87878	13.4267	13.0469	4.48103	6.30153	6.84185	8.69674	9.7203
2.78581	1.65525	2.64965	1.94186	4.31687	4.33542	4.09232	3.94888	4.88996	4.26099	3.52396	3.63147	7.99698	6.87559	4.68977	1.20452	3.93261	6.01492	6.01492	7.57914	8.73892	7.82248	6.84363	5.77756	2.39465	2.64965	3.05538	2.16899	1.26971	3.85005	5.92414	2.53813	1.76815	2.04671	0.567901	2.34026	2.69185	2.40797	2.80296	0.803112	3.69276	2.98618	0.567883	0.401576	0.647506	0.91566	1.6258	1.65529	1.20457	0.538752	0.718319	1.14981	1.4476	1.09228	0.915641	2.94281	2.66781	2.04673	1.65525	1.13569	1.13569	0.897872	2.04671	0.897872	0.538752	0.761867	1.30718	1.93346	3.04478	5.32405	3.04478	0	0.803112	1.93354	2.53813	2.24914	2.74511	3.41286	2.16157	2.27049	2.16157	2.16152	4.68967	4.56884	2.55082	2.79161	2.55082	1.98283	2.44114	2.22026	1.36748	1.26969	1.04708	2.04681	3.0502	2.61308	1.44758	0.647474	0.507928	0.401558	0.253969	0.647506	1.13569	1.13569	1.48062	1.79535	2.09347	2.18376	2.10106	1.65523	0.401558	0.647506	0.897895	0.401576	3.93241	4.95467	0.507928	1.09226	2.44116	3.98108	4.51261	4.53736	4.36119	7.28622	8.25217	5.84331	4.24972	6.75717	6.16849	1.62582	0.897872	1.40239	5.19367	5.66053	5.66053	7.86019	3.85005	3.83772	6.30117	7.07537	6.35132	6.42064	3.44555	3.17911	2.78581	2.95919	3.78291	3.13332	2.71562	1.20452	0.359174	0.507955	1.29478	5.4542	7.51	4.86698	3.07111	4.78085	5.75267	4.95493	3.93261	4.48057	5.51523	5.92681	3.53747	3.23416	3.74454	2.22026	6.61514	5.60421	5.45737	4.95486	7.69028	4.99003	1.40239	2.36081	3.79991	4.99658	4.53736	2.95926	2.87662	2.92104	3.69726	2.41476	0.647506	0.647506	2.09337	2.80296	1.14975	1.54455	2.80882	2.73929	2.34024	1.9083	3.4034	5.30313	5.07273	7.45965	5.20619	6.84102	5.60397	2.53813	5.01882	5.24275	4.66246	3.0972	3.05538	4.89309	8.22919	6.11422	2.53813	4.09213	3.80396	8.55956	10.584	5.9724	4.33919	4.13894	1.30722	2.04679	6.14795	8.47506	2.78574	3.13831	3.23416	5.60397	9.78102	8.73867	6.14805	2.24914	8.22159	8.90885	12.695	14.2669	13.4094	11.6438	10.2043	7.38326	8.32621	8.90723	7.82852	6.97865	7.33181	7.45977	6.79489	5.80783	6.46008	4.02904	3.09714	12.605	8.95048	5.38375	4.49485	3.0972	3.80416	5.13213
7.66721	5.70776	4.95433	4.52284	6.56421	8.55725	7.8277	5.26656	5.09724	5.15637	2.73899	5.86956	8.21499	4.49069	3.55968	2.96969	5.0437	5.3744	5.3744	7.39317	11.1145	11.9308	10.2034	10.56	11.0272	8.69507	5.59227	2.69164	0.567841	2.66753	5.09399	4.26052	2.66764	0.401516	2.29844	2.29844	2.22002	3.13798	3.29276	1.44747	3.833	4.13847	2.44098	1.14968	0.96694	1.29471	2.29844	3.23389	3.00742	2.10091	1.77713	1.48046	1.20439	0.647406	0.401516	1.62563	3.17877	4.00879	3.17877	2.5881	2.40782	1.54438	1.13553	0.647406	0	0.538694	0.966905	2.28428	3.6967	4.68918	2.9425	0.359135	0.647406	1.36728	1.70302	1.07729	1.62563	2.71533	2.16134	2.83698	2.94265	2.4145	2.58797	3.07078	3.04462	2.80281	2.40782	1.20444	1.09214	2.34001	2.00688	1.40224	1.48046	2.6128	3.3365	4.0446	3.65759	2.66762	1.87413	1.13557	0.915544	0.507874	0.647437	1.29471	1.69361	2.0466	2.64949	2.80852	2.16876	1.26955	0.401516	0.647437	1.20444	1.01572	2.40772	5.02781	3.80369	0.802992	2.49315	4.64833	6.08516	6.73799	6.87745	8.58446	8.7754	7.53255	7.09247	4.30908	3.13289	4.76039	3.40315	1.09214	2.9425	3.80363	3.27325	5.97955	6.09271	5.09399	6.84058	8.96394	9.91268	12.0762	9.95454	3.53726	1.87407	3.05499	4.80696	1.52338	0.401533	1.62565	1.79507	2.73311	3.44536	3.4499	4.67212	5.26941	4.30531	4.73011	7.23353	7.53255	5.38622	4.86652	6.28267	8.86018	6.54699	2.71537	0.897754	1.79511	2.66762	6.95977	7.33104	6.61455	8.52938	5.43609	3.04462	3.9322	5.1934	6.28027	6.38295	5.52636	6.05379	7.18537	6.97791	5.45383	3.35087	2.4145	3.83732	5.34162	4.31642	2.6915	3.09687	2.16876	3.81198	4.74346	5.90752	8.03551	7.98863	9.78515	8.3927	5.19326	5.61758	3.17375	4.95433	5.38314	4.68927	4.00884	4.33132	5.06573	7.18501	4.40803	3.98071	6.28267	8.02771	12.3517	11.1637	3.74425	2.19081	4.16923	3.00742	3.48241	5.16857	5.3175	2.49315	4.36065	3.98066	3.5235	5.60338	7.85156	7.79539	7.32216	4.18476	12.6318	15.7653	10.3118	6.8429	9.32513	13.4392	13.2563	14.548	16.0313	16.7883	17.0206	16.8344	16.1896	15.4202	13.7026	11.6413	9.57523	9.8436	7.96474	6.95068	12.7967	9.70407	7.29003	8.38159	9.18895
3.17849	4.73308	3.53694	2.00667	2.19072	3.19364	3.79904	4.02826	4.78004	5.77644	6.44668	10.339	10.6619	8.24508	7.34756	5.16825	3.96818	1.30693	1.36716	1.83046	3.69654	6.80517	7.34108	6.63562	8.21462	8.53451	6.95913	5.85032	4.80674	3.38396	3.27296	2.10065	1.13543	3.09654	4.98924	6.4492	5.97933	3.20867	2.04631	1.62549	1.84794	3.24836	3.05481	1.8305	0.507856	0	0.802921	1.14958	2.96955	4.8134	6.75621	7.88703	8.01741	6.7092	5.2661	4.1266	3.29748	3.59085	2.89278	2.44078	2.73287	2.49936	1.52325	0.802955	0.915481	0.915481	1.40205	2.41416	3.23344	4.13806	3.76521	2.49936	0.89772	1.13543	1.8305	2.16857	1.44734	1.44727	0	1.6549	0.567772	0.567772	1.29453	1.44727	1.13547	1.60559	1.13547	1.04683	0	1.2694	0.761719	0.401497	1.26942	1.2694	0.64738	1.44727	2.51215	2.74458	2.61257	2.27005	1.97431	1.25668	0.740289	0.359104	0.179554	0.567772	1.20428	0.915463	0.56779	0.253933	0.897697	1.87396	2.09306	1.94148	0.897674	3.23357	5.59444	3.93573	1.97431	2.55032	3.53239	4.75997	5.32325	7.49389	6.38967	3.4821	5.44462	6.20095	4.00844	1.44734	5.20518	6.17783	5.34115	4.12262	1.36721	4.06384	6.63534	6.89727	4.74304	2.4075	1.76788	8.03481	11.7067	9.3974	5.2661	4.95379	5.61708	2.2487	2.44076	2.56913	4.18035	4.02826	4.80674	6.32255	5.92323	4.68891	2.71509	0.401497	0.253933	2.56905	3.5729	3.42631	5.73767	11.265	9.23675	2.66738	3.74392	4.97645	5.26904	3.58639	3.09654	6.47831	8.06583	3.80322	0.507856	0.740289	2.44078	3.60425	2.73276	1.44729	2.16115	3.48205	3.17347	4.67184	4.49398	3.08626	3.69221	5.04325	6.33735	5.287	2.4075	3.3071	7.49389	9.25715	10.4224	9.87413	5.71835	5.65943	7.14472	1.26944	5.55729	3.29262	4.84965	6.9771	4.26014	1.26942	0.567772	2.71509	6.61407	10.8154	12.3105	11.673	11.2286	10.8915	5.29002	3.13269	6.12356	7.34099	5.52877	3.29262	1.60553	4.47977	5.19294	4.36404	3.44959	2.39413	3.06524	4.96661	4.99548	8.9261	8.81356	6.94999	1.83046	10.7754	11.3035	7.29584	2.2487	7.09184	6.32255	5.99784	7.39252	7.83502	3.74392	1.8739	2.44069	0.74027	1.61556	2.51855	2.04631	6.96818	13.2267	11.7847	10.4225	7.83906	8.01342	7.92281
2.26984	0.359069	1.01547	0.966766	1.80374	2.00652	5.55097	6.61319	6.43858	6.55816	6.16696	8.85684	8.90074	5.90643	4.42555	3.05461	2.69702	1.62535	1.80371	1.29439	3.93123	2.284	5.61941	3.29701	2.16826	3.29701	2.56878	1.48014	3.06507	3.30693	3.30686	2.95841	2.73262	4.04374	3.96777	2.56892	2.94213	2.74424	0.966766	2.71482	0.647322	2.0303	1.94118	1.7027	1.04672	0.567738	1.26932	1.53356	1.79478	3.74357	4.92763	5.44414	6.56305	6.23864	5.21999	4.04386	3.23313	2.92001	1.44712	0.89764	1.48019	1.97412	1.2693	0.25391	0.966719	0.966719	1.6932	2.24837	2.49901	3.09623	3.41187	2.69705	1.98227	0.761692	0.25391	1.09193	0.64728	1.04672	0.253892	1.6932	0.718109	0.718109	1.65473	2.16826	1.98227	1.54411	0.915395	0.64728	0.359069	1.53356	0.89761	1.01547	1.13532	0.359069	1.01554	0.802882	1.20416	1.26926	1.09193	1.6154	2.33263	1.29439	0.359069	0.718109	0.359069	0.507775	1.1494	0.740195	0.647322	0.966766	1.44715	0.966719	0.507775	0.507811	2.89239	0.507775	5.45545	5.44376	2.4139	0.567738	1.20423	2.18313	3.0702	7.47617	6.2	1.76772	2.92015	3.46329	5.82506	4.4934	1.62535	4.1378	5.73716	5.65046	2.00652	3.13227	4.199	5.49043	5.86041	4.53595	2.21967	2.58747	6.10456	6.01288	3.69605	5.13037	5.2197	0.761692	1.1494	1.13532	5.16443	5.9571	3.53641	3.24804	3.69617	4.02803	2.98548	2.33965	2.41407	1.83032	1.76762	2.39396	4.33409	10.9451	10.2478	3.04924	3.23313	3.5905	5.19538	5.39698	4.08719	6.17697	6.79252	3.08577	1.44718	3.42598	4.59213	4.33426	2.69116	1.84786	1.87379	2.61223	0.966719	2.33263	3.8489	0.253892	1.7027	2.94193	6.19742	5.70636	2.24837	4.33399	8.61895	9.84142	9.45566	6.50726	3.17819	6.6987	8.02596	2.0462	4.66108	4.37467	5.75101	6.67284	3.17319	3.65682	1.79484	2.92022	5.22002	7.19944	7.14445	6.38928	5.92786	5.52794	1.36702	3.36921	4.27453	5.4115	1.98227	3.17807	1.36702	0.74022	1.40199	2.44053	2.5374	2.18308	3.79865	6.5579	7.00352	8.47262	10.3243	0.89764	11.4216	8.55546	4.88864	8.47262	6.56266	0.89764	1.04672	3.62602	3.65682	5.51361	9.78477	10.5625	9.93594	7.92211	6.40916	6.31946	7.0398	9.79275	7.68203	3.53207	5.59388	3.44938	4.91773	3.67885
5.16724	3.09599	1.09183	1.07699	2.53719	4.49317	7.14572	7.0478	5.94597	4.67089	3.83199	6.1661	7.44805	4.62267	0.897522	0	1.93271	1.25643	1.62519	1.40185	3.42553	1.98205	3.80248	4.2592	4.00766	4.65721	3.59015	1.36694	0.897522	0.740126	0.966631	1.93271	1.65458	3.44887	4.5915	4.1835	5.07076	7.19867	6.96684	3.19302	0.401419	2.04591	1.40177	1.40177	2.04591	1.62519	1.61524	2.66675	3.13198	3.30646	3.06991	2.3325	3.1321	4.13733	3.97953	3.93496	3.83604	2.83608	2.04599	1.44705	1.29428	2.10024	1.62517	0.761611	1.26919	1.09185	1.01538	1.93271	2.26953	2.16066	3.04894	3.30646	2.09255	0.50773	0.359034	1.65461	1.62519	1.61524	1.13525	1.48	0.359034	0.359034	2.73223	3.13201	1.80356	0.802798	1.13521	0.538542	0.538542	1.44701	1.54395	1.62519	0.740126	0.802764	0.647254	0.761611	1.30667	1.13521	0.897499	0.897499	1.93271	2.16068	1.44705	1.29428	1.61524	2.00631	2.10031	1.26922	0.567662	1.44701	2.7146	2.98516	2.94182	2.41382	3.62567	2.35989	4.05516	5.26487	4.12181	2.18291	0.718039	0.718039	2.53711	7.43116	6.94843	2.03023	1.01538	1.43585	3.93088	5.09564	4.1835	2.94182	2.33929	4.88799	4.3301	3.48138	3.62567	3.3689	3.93496	4.49306	3.79843	2.96897	4.56707	5.20393	3.94714	6.47706	6.76402	4.3375	4.42508	3.93109	4.779	5.32199	3.86103	3.62567	3.44892	2.39366	0.567662	0.897545	1.79465	2.16073	2.3394	2.3325	3.30646	9.6093	10.0628	3.69133	3.22792	4.66063	2.16068	2.51804	4.13738	5.7697	6.11185	4.00758	2.95811	3.06991	2.49878	1.62519	2.16073	2.16073	2.00625	2.80187	1.09183	2.33933	3.6079	1.65461	2.16815	3.41156	5.21923	4.72855	2.56857	4.12559	9.32378	10.8892	9.15371	4.02761	5.24064	8.5982	8.33386	1.65458	2.00622	1.54395	3.13198	4.19863	0.56768	2.74399	2.98516	3.36904	3.62573	3.04894	2.16815	3.05421	3.34983	3.30641	0.740126	2.5497	3.93496	5.44331	2.56863	3.27233	2.35985	2.16815	3.44902	3.76881	3.44902	4.4789	8.56015	11.0434	8.30217	4.39229	7.56352	7.19867	13.5911	5.72824	3.78155	8.38468	11.7888	10.456	9.32925	8.60586	8.29458	3.27233	8.34521	7.22254	2.29767	4.27436	6.49933	7.19869	6.15351	5.59335	4.25918	2.89222	5.01687	4.02761	4.84867	3.29684
8.01117	6.82636	2.78448	1.04653	2.00604	4.15621	7.94606	8.05602	7.94619	8.00918	6.69078	4.74179	4.81842	4.91684	3.00631	1.8034	2.10005	1.30659	0.761543	0.359002	1.40165	1.87343	1.98188	2.09237	2.49865	4.83839	5.12641	2.00607	0.966545	0.89742	0.567629	2.15302	3.13173	4.56664	5.7691	5.06385	4.72835	6.00943	8.01511	7.58184	5.76108	4.48201	2.80736	2.56835	3.2326	2.35968	2.80736	5.04485	5.90532	5.55587	3.93071	2.89754	2.94156	4.35911	5.3723	6.08278	5.57298	4.70124	4.17937	4.12543	4.31482	3.67794	1.4469	0.897466	1.04658	0.802727	0.253861	1.62503	2.33225	2.39351	2.71433	3.62974	3.06968	3.08538	2.91965	3.30624	2.96871	2.9196	2.1901	2.16795	1.26908	0.179503	3.30611	3.29154	1.6545	1.79449	2.49222	2.29759	1.69298	2.28355	3.30629	2.91965	1.79449	1.36682	1.01534	0.761543	1.43573	1.70244	2.15302	1.4469	1.4469	1.8034	1.76738	2.89744	2.54947	2.87525	4.16786	4.00735	2.87523	3.08523	3.60319	3.20776	3.44408	3.13696	3.78114	3.74286	2.04581	2.80736	3.91425	2.74374	1.70244	1.54381	0.74006	5.44283	6.63115	3.74286	1.82994	2.71433	3.76414	2.61176	1.62503	2.04583	1.13511	3.29657	6.44492	6.61467	5.52432	3.04874	0.89742	3.34962	4.49277	3.93074	4.12145	4.4926	4.42448	8.55553	8.17951	5.26461	5.97765	6.32581	5.68607	3.76841	2.18999	2.44	3.52219	3.1775	1.65446	1.84742	2.78448	4.6466	6.59309	7.08985	5.85955	7.82446	8.81806	4.2588	0.915222	2.80736	1.90739	3.69549	5.21899	4.67052	5.32157	5.12641	4.19462	3.76847	3.48107	3.00631	2.16054	1.69298	2.83583	3.69532	0	2.33908	1.90739	2.04575	1.44686	2.87523	2.73785	3.40178	3.27204	2.73785	8.87099	11.0671	9.45218	4.98783	5.20358	8.89033	7.70497	1.84742	0.567629	1.94093	2.51144	2.58701	1.54373	1.77647	2.89201	2.89754	2.21925	1.65446	1.82994	2.89193	2.33913	1.40165	1.4469	0.717975	4.0431	7.06523	9.19407	11.7465	11.9926	13.2515	15.1813	15.6132	15.77	16.1481	12.943	4.392	4.47855	9.81487	13.7726	13.8018	12.2291	6.44487	6.93673	9.62344	11.8663	11.8048	10.7982	9.07119	9.01413	3.60319	3.76841	9.18698	8.69683	5.09219	6.84038	8.35234	9.43449	8.02496	5.48962	4.0073	4.5668	5.3128	6.506	5.76936
4.95186	6.21873	4.42404	0.915106	3.27169	4.96468	8.56921	7.11099	5.96884	5.94487	3.48075	2.33894	1.4015	3.65577	3.2471	2.35939	2.16026	2.09225	2.09225	2.00585	0.761422	0.538437	1.47975	2.16026	1.26895	2.5492	5.70475	2.41322	1.04642	1.04642	0.647096	0.802642	3.30581	6.44393	6.45619	4.70055	2.24773	0.761462	1.44673	4.32926	6.17282	6.1727	5.65719	4.32909	2.51757	0.897347	3.81016	7.32721	6.6113	3.65584	1.7943	0.717899	0	1.94063	3.17716	4.65973	5.36876	4.12101	2.49838	2.69035	5.65724	6.15202	0.897324	0.401324	0	0.897324	0.567551	1.04642	1.09162	1.76712	3.33474	2.04551	1.90729	3.08505	2.73769	2.35943	1.82978	2.61148	1.14913	1.36668	2.16764	0.647096	3.38248	3.87681	1.52257	1.13503	1.90729	2.21901	1.47975	1.80321	1.8473	1.87323	1.65432	1.26895	0.739982	0	0.538437	1.04647	2.16024	1.79425	1.44671	1.04642	0.253834	3.29119	3.5354	4.06226	3.44825	3.41089	4.25835	4.95179	3.17207	1.4015	0.915106	1.53312	1.93233	1.97354	1.8473	1.98169	3.4482	2.04551	1.04647	2.04562	2.00592	3.69061	4.31426	2.61148	3.69061	4.47785	4.50993	3.6295	2.49196	0.966478	2.28319	2.9411	2.40667	3.69512	3.05369	2.04559	1.44673	0	1.47972	1.14913	2.78411	3.53088	3.97869	9.18586	8.32098	1.87317	1.65435	2.41335	2.96839	2.64822	2.0999	1.43557	2.80132	2.80132	1.76712	3.19223	2.98444	4.21688	5.2397	4.93915	3.97889	4.65622	6.36477	4.13649	3.13663	2.74351	3.96664	3.52182	1.61493	1.52257	4.81791	5.58932	2.61148	1.87323	2.69028	1.53317	1.2689	0.567569	2.41322	4.68694	0.647128	2.7317	1.47975	2.35943	3.79757	2.73756	1.09162	2.56805	3.33474	1.4015	7.22976	9.4512	9.43328	8.53123	6.74187	7.45304	5.7602	1.69272	1.14908	0.966442	1.53312	2.09983	1.93233	0.802608	0.647096	0.915106	1.04647	1.62487	2.4983	2.83551	1.4015	0.401341	1.26893	2.04551	2.43983	4.67012	7.89586	10.5521	10.6451	11.8933	12.4087	12.2578	12.7826	12.3684	8.05518	9.74378	12.3439	12.49	10.5828	7.43852	4.65631	3.27169	4.84773	4.29953	5.12892	1.40157	2.71404	7.57446	8.06272	3.44354	1.70221	7.03735	12.7902	5.56651	0.507658	1.80321	3.6951	4.58733	3.30594	1.43557	1.44671	1.54365	4.15577	2.83562
4.05402	5.56602	5.06278	2.02955	2.53634	5.06278	9.55482	8.06784	5.06278	4.55875	0.507586	1.52244	0	2.53634	3.04273	2.02955	1.01509	0.507586	0.507586	2.53634	1.01509	1.01509	1.01509	1.52244	1.52244	2.02955	6.0684	2.53634	1.01509	1.01509	0.507586	0.507586	2.53634	7.07028	6.56984	4.55875	2.02955	0	0.507586	0	4.05402	6.0684	7.07028	5.06278	1.01509	0	4.05402	8.06784	6.56984	1.52244	1.01509	0	0	1.52244	2.02955	2.53634	4.05402	3.54865	1.01509	0	5.56602	7.07028	1.01509	0.507586	0	1.01509	0.507586	1.01509	0.507586	2.02955	4.05402	1.01509	1.01509	0.507586	1.01509	1.01509	1.01509	2.53634	0	0.507586	2.53634	1.01509	3.04273	4.05402	2.02955	1.01509	0.507586	1.52244	1.01509	1.52244	0.507586	1.01509	1.01509	1.01509	1.01509	0	0	0	1.52244	1.52244	2.02955	1.01509	0.507586	3.04273	3.54865	5.06278	3.54865	2.53634	4.55875	5.56602	3.04273	1.52244	1.01509	1.52244	1.52244	1.01509	0.507586	1.01509	3.04273	1.52244	1.01509	0	1.01509	3.04273	3.54865	2.02955	4.05402	5.56602	4.55875	0.507586	1.52244	1.01509	2.02955	3.54865	2.02955	0.507586	0.507586	1.52244	1.52244	0.507586	1.01509	0	2.53634	3.04273	3.54865	9.0605	8.56482	2.02955	0.507586	0.507586	1.01509	0.507586	0.507586	0.507586	2.53634	2.53634	1.52244	3.54865	3.54865	4.55875	4.05402	0	1.52244	3.04273	5.06278	2.53634	1.01509	1.01509	3.54865	3.04273	0.507586	1.01509	5.06278	6.0684	2.53634	1.01509	2.02955	0	2.02955	0	2.02955	5.06278	0.507586	2.53634	0.507586	1.01509	4.05402	3.04273	0.507586	2.53634	3.54865	1.01509	6.0684	7.07028	5.06278	2.53634	0	5.06278	4.55875	1.52244	1.52244	1.01509	1.52244	2.02955	1.52244	0.507586	0.507586	0.507586	0	1.01509	2.53634	3.04273	1.52244	0.507586	1.01509	3.04273	1.52244	0	5.06278	5.56602	1.52244	5.06278	4.05402	0.507586	2.53634	1.01509	10.5391	13.9316	5.56602	3.04273	3.04273	4.05402	1.52244	3.04273	4.55875	4.05402	5.56602	0.507586	2.53634	9.0605	7.56964	2.02955	2.53634	6.0684	13.4524	6.0684	0	2.02955	2.53634	0.507586	1.52244	0	1.01509	1.01509	3.54865	1.01509
3.17145	4.82034	5.7482	4.64867	3.17668	4.57576	9.43779	7.94356	5.45285	5.37056	2.40624	2.957	2.09187	1.60459	2.66574	2.83499	1.36636	0.647012	1.09144	2.56755	1.53283	0.64697	1.20358	1.36636	0.761273	3.34854	6.40576	3.05303	1.5329	0.17945	1.26875	1.70195	1.54327	6.31861	6.84503	6.12007	6.16409	6.44558	6.58885	6.44558	6.80127	7.33675	6.38599	4.08503	1.13477	0.507568	3.4242	7.88208	6.40573	2.53618	1.01506	1.07658	3.91324	6.63902	7.50462	7.73777	7.50455	5.48806	3.93368	4.47729	5.91165	5.40893	1.26869	0.401269	0.358897	1.30617	1.09144	1.60468	2.00556	2.9677	3.62862	2.28291	3.44774	2.96786	2.35895	0.401269	1.70195	1.87282	0.538336	0.739866	2.26866	1.93206	2.61098	3.30512	2.33151	1.54327	1.09141	1.82945	2.49151	2.49794	1.14893	1.13477	1.07658	1.47948	1.82945	1.13482	0.358897	0.358897	1.44646	1.9813	2.33157	2.33163	1.90695	3.34854	3.91309	5.38244	4.25757	1.65397	3.4476	6.63165	5.54844	3.05306	2.04522	1.44648	1.44643	1.87282	1.93206	2.18208	3.6899	1.90682	1.04622	0.401246	1.07658	2.58623	3.4242	2.15977	3.4799	5.36168	5.15275	1.80288	1.04622	0.966257	1.29378	3.24649	3.74179	3.38204	2.09187	0.64697	1.62455	1.30622	0	1.93206	3.2267	3.47997	4.13566	8.40919	7.58545	2.5171	2.4394	2.49151	2.39282	1.76687	1.47948	1.29378	3.20667	3.47997	2.74301	3.17656	3.05294	4.3356	3.93344	1.26875	1.62455	3.13587	5.11858	2.83496	1.40123	1.09144	3.52115	3.76728	2.64775	2.49794	5.43248	6.55479	4.15507	3.23173	3.2267	1.60468	1.44643	0.253789	1.76678	4.72676	2.04522	1.54327	1.04629	1.62455	4.12399	3.0477	1.13482	2.73117	3.97792	0.897211	5.7675	8.55145	8.93883	7.91434	6.33904	6.45521	4.84682	2.56766	2.359	1.70195	1.26869	1.44643	2.00544	1.36636	1.70195	2.16734	2.41292	2.40624	2.71353	2.49136	1.07658	1.60468	1.82945	3.30519	2.61098	3.42429	8.55142	7.74372	4.91561	4.86324	3.13587	0.897211	3.69447	8.45056	14.9085	15.0729	7.07433	3.17668	3.05303	4.84687	3.72898	3.58878	4.16644	3.84707	5.38244	2.15993	3.29056	9.55707	7.60616	1.04629	5.31431	9.85126	12.024	5.12793	1.09144	2.35895	2.00544	0.64697	1.26866	0.739866	1.60468	2.26875	3.74164	2.18208
4.76687	1.43517	3.92919	7.04244	6.25535	4.53344	8.44927	7.44453	6.19393	5.44069	0.966168	1.29372	4.31327	4.58603	2.18925	2.41254	1.4793	1.04617	1.26857	2.09924	2.26845	0.40121	1.30605	1.36629	1.36629	4.43357	6.25503	3.44727	2.66561	2.33823	1.20347	0.897093	0.358862	4.13528	6.08828	7.28453	8.84339	9.43746	9.80324	10.4157	10.4393	8.95715	5.82462	2.89084	0.897093	0.401227	2.33823	7.62626	8.07043	7.63476	8.23777	9.63426	11.7317	11.358	10.1958	9.27641	8.3753	7.10933	6.22488	5.51068	4.13541	2.49759	1.26854	0.717695	0.914847	1.4011	1.53269	2.33139	2.96755	4.43003	3.60183	3.68973	3.08418	2.9567	3.80074	1.97299	0.253762	0.507487	0.80238	0.538284	1.60451	3.0423	2.73691	1.36624	2.18183	2.69547	2.15965	0.717695	1.53274	2.18925	2.24719	2.49768	2.43914	3.0423	3.68973	3.46128	2.43912	0.897116	0.717695	1.61447	2.24719	2.98374	2.73691	3.624	4.91502	6.61194	5.91112	3.47977	1.09131	5.01462	11.2104	13.0641	11.1557	7.96102	3.76701	0.914865	2.53593	1.07647	4.05323	2.41254	1.26854	1.13467	1.04617	1.70173	2.49114	2.83482	5.1277	7.83372	8.21474	5.43214	2.89088	0.538284	1.09133	1.13467	1.07647	2.41266	3.76701	3.29041	1.52222	0.179433	1.65379	2.95662	2.89084	2.56735	3.58389	7.83344	6.75136	1.26857	0.914865	1.98112	2.71331	2.09165	1.70178	2.21833	3.08403	3.97756	3.23134	2.43912	1.26854	3.77964	5.09022	4.33544	2.66561	3.46115	4.88887	3.77964	3.05274	0.966204	1.76662	2.9567	3.87591	4.17775	6.11939	6.62858	4.15465	3.65481	3.76694	2.83482	1.79379	1.40118	1.62441	3.05267	1.90665	1.04617	1.54321	2.16702	4.30563	2.80053	0.253749	2.16702	4.48729	2.80053	4.12383	8.53615	10.6088	9.99997	8.06087	6.63119	3.92919	2.43912	2.39257	1.94017	1.26861	0	2.21833	2.53589	1.8727	1.97299	1.04617	2.24719	4.0058	4.47676	2.89088	1.09131	3.05274	5.2169	6.8997	9.11728	6.43491	1.69232	6.08842	9.19055	12.5084	13.2126	13.8106	16.6853	18.0155	13.5047	6.4743	3.53002	2.80639	4.193	3.68973	3.24622	2.78332	3.13559	3.83009	3.00514	4.81987	9.8122	6.98361	4.68577	8.2148	9.62126	6.82365	3.08403	2.73092	3.77968	2.54861	1.62439	1.52222	3.29526	3.94546	3.29529	2.21833	2.40588
4.66839	3.77934	2.7888	2.78895	4.33129	2.73079	6.54147	6.81828	6.57281	4.24548	2.68935	4.00527	4.00532	4.32765	3.74107	1.5326	0.56734	0.401191	1.40098	1.26843	2.18895	1.29355	0.802309	0.802343	1.4792	5.12392	7.2271	4.55746	1.29361	2.71303	2.51661	0.966118	0.761138	1.90648	2.43883	2.28246	2.91825	3.08391	3.30471	4.17738	4.7261	3.69373	2.40577	1.79363	1.14871	0.966118	1.69217	5.21638	6.10076	5.56474	7.20344	9.34563	8.44887	5.01417	2.98347	2.04483	2.35852	2.33118	2.41245	1.1346	0.35883	1.52201	1.93162	1.09123	1.26846	1.70157	2.54825	2.24689	1.65367	3.76652	2.39236	1.2685	0.56734	1.04603	2.80602	2.51024	1.93169	1.25572	0.401174	0.802309	1.13457	1.4792	1.44623	0.914784	0.739706	2.152	2.61058	2.86828	2.26825	0.646855	1.04608	2.04483	1.69217	1.93169	2.26832	2.71307	2.87386	1.76646	0.538236	0.401174	0.567358	0.914784	1.26846	1.62427	2.87388	5.48683	4.64766	2.83457	3.945	5.9745	7.84711	11.0928	10.503	8.0054	6.94453	4.0252	4.42975	2.73079	3.68924	2.29637	1.79354	1.20337	0.25374	1.04603	0.914766	2.5672	4.37174	6.44172	7.6994	4.83278	3.76659	2.64712	2.00511	2.73079	2.5859	2.09905	1.54307	3.29497	3.09424	1.62425	1.90648	3.80874	1.52201	1.13457	3.23101	9.08885	8.05976	2.80614	3.36713	4.47637	4.49063	3.67638	2.78895	1.65371	1.6043	4.97245	4.18099	0.646887	0.802309	2.09912	3.6937	3.40026	2.71303	3.47929	3.68924	3.06818	3.62362	2.18167	1.20342	0.253726	1.2685	2.04483	5.70544	6.20361	2.53562	2.15939	2.33796	1.62425	1.40105	1.69217	2.09912	2.87386	2.71303	1.4792	1.13457	2.80028	4.8688	3.13021	1.04608	1.04603	3.97721	4.72589	2.33796	2.04483	4.92418	5.59865	2.33114	1.44623	0.717632	1.0148	1.40098	0.538236	0.717632	0.966083	0.914766	2.39236	3.19121	3.9125	3.42377	5.16433	5.47546	5.76652	3.65441	3.77923	5.96664	7.68727	8.49126	6.45401	2.83448	9.55574	10.9623	12.3945	13.2296	12.4383	10.2912	9.84944	8.03851	3.7793	1.76646	2.33796	0.739725	1.65364	1.65364	1.90648	1.26843	2.94	1.52201	2.09137	5.82114	8.84217	5.77739	4.73944	5.92118	3.80874	2.09905	2.80602	4.43318	4.09215	2.21819	2.43883	2.33801	3.06821	2.49103	2.39231	0.646887	3.68924
2.69495	4.02475	4.47572	1.25559	2.73625	0.56728	5.69089	6.56731	5.97387	3.44656	0.646786	5.18819	4.61957	1.26832	2.04453	0.896918	0.358792	0.358792	1.53239	1.65347	2.24665	1.04592	0.401132	0.401132	1.98072	5.60093	7.34095	5.52375	1.36602	2.39205	2.35826	1.82891	1.44608	2.16669	3.44671	3.05223	1.84642	1.36602	2.21795	2.78286	1.04597	1.20329	3.53388	6.19561	7.20268	5.91812	3.58774	1.61416	5.05159	6.20328	4.81587	2.35826	2.3583	3.2308	3.42341	3.47909	3.91208	4.08798	4.06054	3.44671	2.78865	3.52023	4.3309	5.31871	4.31244	1.65355	2.43855	2.80572	1.04592	2.39205	2.64696	2.71274	2.09115	1.76634	1.98072	1.20324	0.896895	1.36597	0.646818	0.96598	1.40083	1.0147	0.401149	1.26834	1.26836	1.26834	1.0911	1.90628	2.35826	2.21795	2.00493	1.30583	0.914687	1.26834	1.09111	0.896895	2.4971	2.96686	0.914687	0.761098	0.401149	0.401132	0.914668	1.04592	2.4971	5.20047	3.38087	0.717556	3.12988	11.1804	10.4133	9.24273	12.5865	14.9037	16.772	11.6628	3.27018	3.40455	4.21496	4.81914	4.3272	3.38103	2.80013	2.09125	1.52193	2.51637	2.78286	4.02477	5.83686	3.8	4.50778	4.53249	3.58329	2.9179	1.4009	1.93141	2.5354	1.25559	4.02491	4.70864	1.29347	4.08388	3.20576	3.04696	3.44666	8.32833	8.4606	2.86797	2.29613	2.89019	1.82887	1.20329	1.65355	2.43867	2.83429	5.26134	5.28546	2.04464	2.89585	2.68907	2.04461	2.39205	3.12988	4.16526	3.86675	2.15923	2.43855	1.65347	0.179398	0.646786	1.01475	2.18144	5.61221	5.69089	2.56685	2.689	2.86797	2.15923	0.914687	0.253699	1.04592	2.2821	2.18872	0.896918	1.62409	3.4233	5.77678	3.85844	0.358792	1.7934	4.42917	5.31848	3.30424	1.90638	4.91398	6.55292	3.09391	2.83429	3.72786	4.02494	3.60563	2.80013	2.68907	3.13513	3.05223	2.28222	1.65355	2.1814	2.26808	4.73903	4.18077	5.94204	6.9824	8.19788	8.72967	7.49385	4.66776	1.13448	9.31608	10.021	6.5676	6.67263	5.50961	5.82349	4.18077	4.30484	3.44189	2.49077	3.69331	1.76634	0.567298	2.33776	2.39211	2.15923	0.896918	3.29447	1.87228	2.5354	5.80142	7.19355	4.04065	4.47939	4.42193	2.68893	3.06259	5.20056	5.39278	4.36013	2.04461	3.47904	4.00497	3.12998	1.77543	3.17564	2.24675	4.25635
3.51982	4.76529	4.22579	1.09102	2.0047	0.567229	5.9414	6.56673	4.72497	3.93198	1.90611	4.43232	3.62728	0.761031	1.04583	1.091	0.802153	0.35876	1.30568	2.91753	2.49043	0.25369	0.179382	0.179382	3.76579	6.27355	6.17174	5.04148	1.3659	2.39184	2.15902	1.82875	1.40078	2.1665	3.29436	3.51992	2.33757	1.3659	3.06758	2.66483	2.49688	2.43835	5.01307	7.14263	7.19329	7.49949	6.40339	2.89549	4.88443	6.19252	5.31819	2.78254	2.09871	3.28948	3.44177	3.53357	3.79555	3.94435	4.06018	3.29436	2.78841	3.29433	4.226	5.31824	5.12309	3.12963	1.20313	3.04656	0.25369	1.26825	2.54789	4.725	4.08351	1.87217	1.3659	0.538131	0.646729	0.914587	0.739581	0.739562	1.14842	1.01461	0.739562	1.04588	1.26825	1.04588	0.896839	0.646729	1.53231	2.35809	2.15904	1.14848	0.914606	1.04588	0.896862	0.401096	2.04438	3.44625	0.914606	0.761031	0.739562	0.179382	0.567247	2.04435	3.93198	4.96188	1.93124	0.717492	2.89549	15.2554	14.542	8.93384	11.7441	14.4326	20.2498	17.5222	2.73614	3.97651	3.62745	4.72519	4.08372	3.30407	2.89007	2.09106	1.52179	2.09871	2.66483	2.51612	3.33286	3.05189	4.50738	4.73852	3.58297	3.06762	2.15902	1.07617	3.39949	4.76529	3.67567	5.73222	4.00449	4.08351	6.14856	3.34737	2.96671	4.83501	6.78683	4.52853	3.80801	3.38057	1.82871	1.14848	1.76619	2.66483	2.83404	4.60193	5.05096	2.1665	2.68883	2.8956	1.77527	2.39184	2.89549	4.88421	4.30447	1.65341	1.20313	1.90611	0.401096	0.179382	1.43476	2.50975	4.40344	3.92789	1.97243	2.51614	2.86772	2.7125	1.70124	0.253677	1.04583	2.78826	2.43833	1.091	1.26825	2.87332	6.24064	4.80196	1.79319	3.06232	4.86791	4.86791	2.88998	2.00478	4.12255	6.99975	3.40896	3.17545	3.67567	3.97664	3.44177	2.79989	2.66486	3.05196	3.13485	2.49697	1.69184	1.79324	3.6537	4.02458	4.40363	6.14093	8.17603	9.09928	8.56286	6.41346	3.08331	5.654	11.6969	9.827	6.56703	6.44057	5.4744	5.94164	4.48976	2.3919	1.20313	2.66483	3.5696	2.7125	1.84617	1.98056	2.1665	1.65341	0.646761	3.79959	3.04656	2.53518	5.06353	5.43916	2.43843	4.12257	2.69471	1.93953	5.45959	6.62672	4.18033	3.26984	1.77527	2.98289	3.74035	2.80559	2.04443	2.7419	2.15908	3.62292
3.94373	5.26028	2.91722	2.04428	3.00401	2.33052	6.23236	6.70891	4.77489	4.65664	4.69766	6.08598	5.4709	4.58433	4.31167	3.87447	3.68836	3.44146	3.44609	5.43893	9.18719	11.1517	10.3153	8.51108	5.05069	4.44623	5.12549	4.29669	6.14832	7.07781	5.1998	3.87447	3.944	5.81435	7.33357	5.75674	3.69268	2.64649	3.82863	2.21755	3.62693	2.96628	4.17974	4.58755	2.54766	4.97416	6.38296	7.05991	9.36797	10.4119	10.4752	8.76394	5.901	4.47515	3.67534	3.83298	4.91327	4.83483	4.22563	4.08336	3.28918	2.33735	2.33732	2.49674	4.84457	6.38322	6.97008	6.3907	4.31167	2.66462	1.77512	5.26341	6.60706	4.88399	4.43216	4.43216	4.1223	4.18003	5.06019	5.72356	5.901	4.93593	3.87447	4.08336	4.81502	5.58597	5.69019	4.72479	3.69271	3.12944	2.4382	1.84609	2.41177	3.7272	4.05982	2.91743	2.5095	3.60047	5.22422	6.83522	6.98137	5.40671	3.944	4.58776	7.12436	9.73143	8.00907	3.69245	11.0522	12.9143	11.1911	18.4925	20.8651	19.4507	11.3951	16.0811	18.597	17.4526	13.0134	7.32255	0.896721	1.20307	3.06732	3.60499	3.944	5.06332	5.65378	5.75674	6.0783	5.94917	7.35493	8.9955	9.71876	9.22595	7.94815	6.33597	3.12944	4.33003	8.56413	10.4883	8.56035	7.13967	8.55459	5.20889	3.5287	4.57359	6.68529	4.56313	3.92748	3.69245	2.33726	2.1663	2.96645	3.00401	2.15889	2.33726	4.24422	2.00452	0.401054	1.25535	1.53217	1.36571	2.16618	4.69747	5.05996	1.93114	2.43811	5.21493	7.10668	9.57916	10.8807	11.2608	12.1831	12.5352	12.6323	12.0102	10.7674	11.058	11.3902	10.56	10.3362	8.93479	5.61433	3.47847	4.0043	4.97128	7.85073	8.51095	9.12604	11.1996	13.9598	14.7465	12.2438	8.44468	3.54683	5.43859	2.69445	4.83468	6.00751	5.72356	3.45982	3.51959	3.53325	2.00449	2.98263	6.58573	10.6383	12.915	14.2207	15.4177	16.3672	11.4063	4.84452	6.16086	7.65852	8.5495	8.32731	6.60944	10.1838	8.219	3.0516	3.86614	4.56341	5.94109	4.98404	4.31167	4.81502	4.96164	2.54766	3.94373	1.82852	1.76603	1.20307	3.60047	5.61148	6.62628	7.04193	6.31599	5.26353	3.62693	0.253668	2.91722	3.06727	4.13386	5.99135	6.293	2.74162	2.33735	1.70114	1.54263	0.567171	0.965842	0.507289	2.26767	2.53504	2.53492
4.69698	5.50778	0.646603	2.69421	2.89503	2.71201	5.99341	6.23943	4.77445	3.82834	4.40277	6.08539	5.47035	4.58385	4.31122	3.80747	3.68797	3.42244	3.44573	5.61087	9.9566	11.1451	10.5268	9.08406	5.78902	1.2029	4.88327	3.04085	7.27667	6.94215	5.51956	3.80747	4.08683	6.55128	7.3328	6.17078	3.42244	2.83347	4.03951	2.35763	3.17475	2.4964	2.41138	3.06698	2.64621	1.76577	3.47806	6.45165	9.18623	10.4167	10.2363	8.19579	5.90038	4.43169	3.72681	3.83258	4.80789	5.04072	4.27028	4.08293	4.13339	3.09298	2.74137	3.0513	3.92731	5.72296	6.99644	6.06467	4.65287	3.12909	1.77493	3.51923	6.0984	5.15001	4.44607	4.44607	4.24402	4.22518	5.15931	5.75614	5.90038	5.19922	3.80747	4.32598	4.86716	5.76439	5.72296	5.05017	3.84506	2.93901	2.1882	1.8459	2.78207	4.13344	4.05939	3.34672	2.88942	2.79934	5.94049	6.98064	7.26375	6.11143	4.08683	4.22518	6.60898	9.30713	10.6427	12.8477	17.5377	6.88738	13.2671	18.8397	21.0268	20.4252	13.3692	11.7094	18.5952	17.3432	16.5826	13.9237	2.6642	1.6137	4.38811	3.69229	4.08683	5.48489	5.65319	5.72296	6.17078	5.86264	6.93076	8.5468	9.66025	9.77326	8.83379	6.79736	4.68348	6.20131	8.9894	10.1834	7.63116	8.43619	7.93926	5.76429	4.31112	7.27857	8.64982	3.17475	2.6642	3.94338	3.83238	3.05128	2.96614	2.89503	2.24612	0.567137	3.29357	3.12899	1.1482	0.965742	1.65306	0.567137	1.26796	3.2298	5.05948	3.73951	5.55374	7.07015	8.46034	10.0814	10.8796	11.1779	12.0619	12.4373	12.6167	12.5603	10.8796	10.9176	11.5643	10.6054	10.3351	8.93386	6.21423	3.42244	4.70731	4.86716	6.93067	7.81206	8.95301	11.0666	13.6087	15.1571	13.8299	10.3275	6.16804	3.16966	2.04404	6.7972	6.79736	6.38257	9.52414	5.26292	4.32961	5.72267	4.88334	7.96895	11.8538	13.0109	14.4543	15.9499	16.5924	13.9027	5.23566	3.12912	6.58742	8.37137	8.32644	4.88673	6.47089	8.93866	2.49648	3.44573	4.88673	5.82186	4.66658	4.37005	4.86716	4.7646	4.56276	4.69698	1.13416	1.65309	1.14826	6.43911	6.28261	6.07767	7.84396	6.19386	4.30381	1.70097	0.253641	3.67476	5.51933	4.53128	3.93942	5.55374	4.09057	1.8459	1.98018	1.70097	1.54239	0.896687	1.52142	2.26744	2.72972	1.82839
4.55529	5.1586	0.739371	2.09805	1.82823	2.18059	4.9476	5.33437	4.1213	1.84565	1.40031	3.30296	2.86691	3.08244	2.98205	3.0511	3.76488	4.33299	5.33465	4.98945	3.16938	4.48495	5.65264	5.1864	5.35818	0.401	4.43107	0.914328	5.21383	2.4113	2.95495	1.01437	1.93069	4.36944	0.965656	3.6918	0.646546	1.40031	3.42196	1.44548	2.15836	1.84565	1.84565	1.54226	1.26783	0.739371	0.80196	2.24582	2.39116	1.54233	1.4455	1.09069	2.1658	0.914347	1.26787	0.914347	0.179331	1.52128	1.09069	0.965656	3.39853	3.58641	3.94314	3.5998	2.26724	1.14816	1.26785	1.44548	3.22944	2.32998	0.401	0.567069	2.8331	2.71177	3.08244	2.72948	2.51541	0.739371	1.40031	1.1481	0.896562	2.04377	0.567069	1.65288	1.79273	2.21707	1.44552	2.40452	1.29293	0.179331	0.253618	0.567069	1.70076	2.74118	3.33208	2.21713	2.028	0.896562	4.2246	2.09037	3.53241	4.08629	0.801926	0.646578	1.90557	2.09037	10.3128	18.2346	18.315	10.7648	19.95	7.68364	5.61315	9.47782	21.7965	15.2132	7.08314	3.87372	11.678	17.0573	9.09682	4.31071	4.57277	2.43764	1.76562	2.8331	1.87158	1.47846	3.22944	0.646578	0.80196	2.2954	4.00353	6.78507	8.01913	7.01595	8.44463	9.60753	4.19049	4.25475	0.537979	7.13595	6.34198	3.96328	4.15225	9.0692	9.95532	3.06671	2.53446	4.25475	4.81718	3.6219	2.35743	1.79273	0.537979	1.44548	2.15836	3.55497	1.36546	1.26787	0.567087	0.914347	0.760775	2.43776	5.36717	5.93985	7.83515	8.00338	7.84313	5.59599	2.00415	2.74118	3.97544	2.78182	2.66408	6.66999	5.0212	4.31084	3.828	1.62349	1.30535	2.09037	4.2697	1.90557	3.58196	2.68807	3.34633	3.04576	3.0511	4.12141	2.09812	5.81838	9.33086	8.83801	7.58054	1.20284	2.93875	3.6918	6.15994	2.68807	10.2125	11.8027	9.93248	10.4994	11.7354	13.2425	10.0483	5.12481	3.79435	4.68313	9.55125	12.9631	7.86713	4.13307	5.94803	7.08314	6.38948	7.3533	3.85701	8.68325	0.896562	0.896585	2.8331	2.54704	0.567069	0.965621	1.13403	0.717289	5.5846	5.08404	1.4455	1.20284	0.739371	6.58653	4.77403	2.8892	6.312	2.49626	3.79865	4.57299	4.58345	3.04576	5.4054	3.76481	3.56859	5.7306	6.5168	4.88305	3.44533	0.567069	2.91671	0.965656	2.83312	3.05094	2.28137	3.42214
3.54558	4.17475	2.24558	1.09061	1.82806	1.79256	3.69141	4.83314	4.12086	2.3366	2.15813	1.7925	2.02793	3.08216	3.04556	3.13369	3.96304	4.56209	5.33418	4.33261	2.66368	5.73009	5.28024	4.13269	3.51847	0.739278	4.17856	0.914236	3.86493	2.48962	2.15076	1.01428	2.40427	3.87312	0.896528	2.93829	0.896467	1.14798	3.16904	1.20267	1.40016	1.36532	2.3366	1.54209	1.77449	1.30518	1.07576	2.48947	3.29294	1.5422	0.965568	0.896497	2.16557	0.914261	1.04549	0.914261	0.646478	0.507146	0.896497	0.896528	2.53421	3.06646	4.11712	3.30278	2.86663	1.30523	1.26772	2.18767	4.47359	1.65271	0.537927	0.567011	1.36532	2.15828	3.08216	3.24407	3.12842	1.09058	1.14798	1.40016	0.646478	1.04542	1.54209	0.896528	2.18037	2.00395	1.30523	1.93049	0.801842	0.400941	0.253596	0.567011	0.914261	2.33675	3.33179	2.51519	1.01421	0.400941	4.47359	2.09015	4.26925	3.84415	0.801842	0.739302	0.646478	2.09015	10.8006	20.0338	15.7753	15.4974	21.2357	7.069	4.88586	6.71909	20.7819	16.6131	7.22339	7.35256	4.94718	14.5944	12.6282	7.3525	4.32864	4.19381	2.00392	2.3366	3.04538	2.88881	4.47359	1.53166	1.93049	2.88893	3.80679	6.29149	7.66652	7.3313	11.1657	10.3312	3.7388	4.95997	2.18767	6.14618	6.58584	3.0924	3.76442	9.30496	10.1931	3.69148	2.53421	4.02287	4.58625	3.42169	2.8722	2.18037	0.965521	1.20267	1.40016	3.55459	0.914236	1.04549	1.36532	0.914261	3.2929	3.06646	5.1859	6.13859	7.615	8.00257	8.99252	7.03743	2.21685	4.21288	3.82764	2.41109	3.40296	7.10877	5.3637	4.36927	3.22931	1.26778	1.14806	0.507182	3.53204	4.68248	2.58444	3.42174	3.12842	4.03875	3.13369	4.47729	3.26859	4.31016	8.83708	9.32989	7.57974	3.12839	2.9166	3.18919	5.44911	9.54186	6.22084	11.9193	9.62809	9.61503	14.2911	13.628	8.99998	5.01135	1.87147	5.01119	10.8095	10.4676	5.72177	5.1859	6.92942	7.08252	7.27535	9.56623	2.15076	7.93759	1.65268	1.09058	3.33156	2.54677	0.567011	0.739278	1.13391	0.717219	5.58401	5.08351	0.965568	1.14806	1.30518	4.40174	4.77355	3.22425	6.07627	2.49604	4.85955	5.03662	4.80038	2.71151	2.96545	3.17426	3.6916	4.70645	5.77433	6.26121	5.67986	0.567011	3.67404	1.44536	2.83283	5.06469	3.79822	3.47749
2.95438	2.93803	2.7347	0.717149	0.717149	1.25488	2.4107	3.85626	4.86559	3.26828	3.29276	4.9469	5.79844	6.18958	6.85563	6.18958	3.97474	0.965468	2.04348	4.21258	5.6794	3.7767	1.0905	1.62318	2.33646	3.34578	4.30987	0.965468	2.54654	0.64642	1.65256	1.54203	3.05042	4.41944	1.40004	3.20408	5.08332	5.19776	5.23418	2.26672	1.01412	1.14788	2.15794	1.47817	2.15799	2.35697	1.76534	2.83257	3.69111	1.01418	0.400922	0.566958	1.54196	1.14793	2.09006	2.66356	2.39076	1.77443	1.70049	0.914169	1.2676	2.09771	2.53397	0.896387	2.33639	1.04533	1.14788	1.82784	5.12054	3.45865	2.28093	1.84538	2.04348	2.00382	1.14793	2.83255	3.29261	1.40004	0.739209	1.62318	1.9387	1.52107	1.76527	1.62316	2.69342	2.33644	0.646452	1.13384	2.18759	2.54667	2.3365	0.914169	0.400922	1.14788	0.64642	2.91614	0.400922	1.43407	3.67372	2.0434	3.55428	3.06612	3.39798	2.66359	1.9387	4.22378	14.2274	21.3974	12.621	17.8363	20.5979	5.04856	1.77433	1.44526	16.4516	16.6608	12.7697	15.0714	6.66411	7.7794	14.2245	15.6452	15.2645	13.2997	6.64267	2.40405	3.06085	5.4687	7.87165	6.64286	6.99667	6.02619	3.75982	1.82784	5.7626	6.43739	12.2819	12.5059	6.08368	6.23773	4.79967	4.08162	7.58956	4.82954	3.45853	9.08284	10.2959	3.43995	1.93032	3.39787	4.52637	3.5272	2.58404	1.82787	3.06096	2.88869	2.98147	4.84269	2.66356	1.9053	2.87195	2.56547	5.54937	5.00752	5.46881	7.14356	8.03701	8.17023	9.5492	8.74615	6.55431	6.8647	3.72576	2.24538	2.86635	6.86459	6.89227	6.7067	2.15055	2.41083	1.62318	1.87122	3.30237	6.04439	2.71124	1.47817	2.32957	2.83255	2.0038	2.02761	3.59906	3.24371	7.19827	9.06746	8.12223	6.43005	4.56164	7.99992	5.14856	13.7481	8.25976	2.7984	4.81642	8.93642	10.0522	5.82022	11.723	10.7391	9.86505	9.75147	8.95544	6.23773	3.58126	4.0225	4.43021	0.537874	5.03908	10.4956	1.30509	8.69596	3.82726	1.9387	4.05015	2.15794	0.566958	0.566976	1.44526	1.93039	4.17819	5.50623	0.965433	0.914169	1.9052	2.66345	3.44461	3.53172	5.68769	0.566976	4.57189	3.20394	2.40416	5.76276	8.76062	9.21742	8.40256	6.49865	4.05824	3.7767	5.91456	2.91625	3.44461	1.40004	2.18748	5.70163	4.75302	2.66356
3.97432	3.34548	1.97131	1.13371	0.965383	0.965383	1.04524	2.66333	5.93825	6.33298	6.18904	6.85503	7.13431	5.6511	3.76382	2.51472	2.0432	4.2984	5.51752	5.4451	4.66476	0.253546	3.13308	4.0024	3.87262	4.64427	2.40394	2.66324	3.40704	1.69088	2.43695	1.09038	2.15036	4.68175	4.66476	2.71097	2.8661	5.61166	8.71688	5.9061	3.22866	3.2038	1.76519	0.507056	1.26749	1.62303	1.26753	3.08141	3.42099	0.253533	0.507083	0.17928	1.2025	1.65247	2.711	3.58104	4.4192	3.43982	3.28762	3.22866	2.15782	0.739162	0.507056	1.04529	1.65241	1.20245	1.44507	1.0904	3.94203	4.1319	3.06069	2.00365	1.90513	1.36513	1.36508	3.06058	2.66321	1.47808	1.0904	1.30498	2.29475	2.00362	0.566908	3.22853	3.13308	4.5296	2.68724	1.26747	1.29262	2.3363	3.22869	3.58095	1.26749	0.7606	1.65245	2.72861	2.15036	2.73459	2.33625	1.01403	2.43695	1.29256	1.77418	0.507056	2.35672	10.9524	21.085	21.4418	7.15399	19.0552	18.3659	5.89791	3.18863	0.896331	10.0698	14.6727	16.3941	20.247	19.4982	8.99823	3.22856	9.54061	14.9681	20.1213	17.6956	12.1948	14.0382	18.5984	20.7901	20.6253	21.5799	22.0241	20.2163	12.8331	4.02231	2.68724	10.2863	15.0614	11.7736	9.39628	6.38742	3.4211	3.68644	4.47297	7.41526	11.9675	10.295	2.87167	3.26805	3.4211	5.01026	5.89537	4.77279	5.1574	6.81812	6.81812	5.61166	6.31291	5.21256	6.313	9.17611	10.7993	11.5297	8.54548	6.26002	5.91404	6.623	8.54163	10.9204	12.3999	12.1289	10.4306	7.65501	6.66812	0.566908	4.47646	5.11406	6.64216	7.22171	2.18739	5.54325	4.79945	4.47291	5.26106	6.94182	5.50595	2.17997	1.25476	2.00362	0.914088	2.83244	6.15053	5.37456	4.79925	8.44253	11.1121	9.31709	8.58721	5.12025	11.5162	11.8416	6.25244	8.7239	11.7322	3.34548	11.7011	13.2379	11.141	11.0016	11.8802	10.1797	7.49749	6.43695	4.5717	1.76512	1.97942	3.30203	10.1914	2.41062	9.27658	4.17789	3.96228	5.76209	3.82692	2.49556	1.90513	3.45834	4.24245	1.76519	4.95909	3.22365	0.7606	2.00356	2.73446	2.66321	5.55168	5.12314	2.26652	3.96216	3.85592	5.1202	8.91313	11.4702	11.2867	10.2956	8.40183	7.27626	5.56624	2.00358	2.91599	2.35676	1.13371	1.79218	4.08905	4.94639	5.85234
4.02172	2.72842	2.02732	1.13362	0.739065	0.253506	0.400843	1.09028	2.91568	4.35696	3.28727	2.21627	1.44498	3.97377	4.47601	4.98751	5.23325	6.08246	3.45798	1.70015	1.84493	3.22819	3.22826	3.09156	2.16504	2.00337	2.08956	4.98098	2.88808	2.17978	3.52652	1.65224	0.913972	1.80096	4.25323	6.09551	6.32712	2.98075	7.44811	6.82867	3.62055	2.93761	2.17978	0.801648	1.09027	0.896236	0.400843	4.1197	4.08862	1.26737	0.646294	1.39976	0.96528	0.71701	2.41023	1.61293	2.8658	2.00341	1.6907	2.71072	3.77597	1.79203	1.60298	1.09028	0.53777	1.39976	1.54166	1.90483	1.65221	1.84493	2.33594	0.896213	0.179261	1.76493	3.34503	2.6929	0.646294	1.39984	2.39023	2.41023	0.53777	1.90483	0.739065	4.69475	2.17974	4.25312	3.76326	2.043	1.44494	1.29242	1.09028	3.96174	2.66295	1.44494	1.62286	2.43672	2.66295	1.6523	1.6523	1.04518	3.16815	3.22826	3.79718	2.7343	5.01922	14.2941	21.7524	15.7094	3.00218	21.2546	16.5876	4.7621	3.69037	1.07544	3.54458	3.59836	4.16227	9.5912	16.2269	14.8453	9.4022	5.54275	2.66293	10.8953	16.3304	11.3582	13.1424	17.0907	16.8562	14.7503	15.7976	17.486	19.9346	17.6994	8.89287	3.97384	3.30173	9.99338	11.4685	13.1463	4.58143	7.15318	5.47074	4.58143	6.60329	16.7526	9.54403	1.52077	3.47632	2.21621	2.71068	4.68126	4.35327	4.08094	4.17377	4.32392	3.42074	4.13134	3.06556	6.25936	7.67671	8.47679	8.77487	5.42698	9.42811	5.98796	2.80359	4.03759	6.0825	6.56265	6.00141	4.72205	6.16512	8.59334	3.09151	2.043	1.36498	4.32742	6.24659	4.98116	7.14222	3.72503	4.88094	1.6523	4.42958	8.02189	5.50524	0.965245	0.760478	1.26736	4.83177	5.54264	4.44395	1.61293	3.76342	7.18837	5.93763	3.40666	0.646294	6.00111	8.10908	10.113	14.8695	7.88988	11.5702	12.5444	2.35651	0.71701	3.52652	6.32712	4.4725	3.90911	4.65057	3.06037	2.08956	2.00341	1.62286	7.87395	2.39023	8.09355	5.61079	1.6907	5.37396	4.65057	2.8658	1.39984	3.51746	2.74011	2.74006	2.16495	3.58504	2.9538	1.07544	3.87202	3.77597	7.10227	3.292	4.33109	2.24494	4.58143	6.38674	5.46764	4.35319	2.32916	2.69292	2.87137	3.16831	4.76233	4.47244	0.253506	0.896259	0.739065	2.15752	1.79199	2.15763	3.62499
5.36167	4.66394	3.37817	1.44481	0.179245	1.97093	3.28698	4.1734	3.24283	3.53072	3.62023	2.95362	1.69055	5.11281	3.55327	2.73393	3.30139	3.77563	1.84485	1.30472	1.79183	3.28683	3.62455	0.566816	2.49507	0.896156	3.85518	4.63977	1.20222	1.52055	3.42033	1.44479	0.896156	0.896179	1.07535	3.08081	6.32656	6.80045	5.21142	4.81486	2.53329	1.14761	2.39002	1.26726	2.69266	3.28698	2.88787	4.32336	3.72452	1.54152	0.913892	2.00317	0.896156	1.36481	1.76477	2.51421	1.26724	1.30469	1.14761	2.04288	5.37638	3.651	3.20317	2.98063	2.16485	2.04282	0.646237	2.21607	3.002	2.26615	2.26608	1.65209	1.84485	2.87113	2.72808	1.13348	0.646269	0.179245	2.29418	2.58331	0.965195	1.84477	0.566816	4.33071	2.4365	2.88774	3.39691	2.88782	2.80334	2.00317	0.358487	2.88774	2.32887	1.26726	0.96516	1.39964	2.4365	1.60284	1.60284	1.13352	3.80512	4.51449	3.36392	5.00941	6.09497	15.0514	21.6295	11.5731	7.03483	22.1309	15.6627	3.34474	2.29418	1.60284	0.801543	3.18817	4.32723	5.81582	10.9895	15.3593	16.8913	16.7801	17.3281	11.5065	5.70002	8.81667	8.35733	7.55214	6.10262	5.58224	5.85934	4.63997	8.75065	14.7596	15.8511	15.5675	13.3221	12.0802	14.323	14.161	0.646269	9.29656	5.12238	10.6597	2.86554	17.7706	9.69762	4.1619	6.00348	7.18785	6.86287	6.54515	5.18394	2.17959	3.4204	3.96152	4.83146	4.52873	5.47026	8.01537	7.50433	8.2596	9.02584	8.74371	11.8469	8.843	6.93818	4.72142	3.28683	1.44479	1.30469	0.896179	4.64324	8.77923	7.61241	5.96914	4.58127	3.42044	2.16476	4.4756	4.2113	3.04949	5.61029	1.26726	2.04288	5.70002	6.31148	1.90466	0.716946	1.61279	5.75261	4.5706	2.0429	1.90466	3.651	5.36167	4.42542	2.41015	3.83041	8.01535	11.3342	14.3879	15.9044	2.80334	14.812	10.6207	2.0429	2.78629	6.62416	9.10782	5.55088	3.16804	2.80334	1.60277	4.19226	2.39008	4.47216	5.1191	1.8008	4.97091	6.10262	3.22799	2.54582	3.69007	3.22799	3.47614	3.9534	2.66272	2.83175	0.566816	2.33573	4.26767	1.01384	5.27797	5.31398	6.39853	0.896156	5.11905	1.97093	5.99004	7.81339	3.90866	2.15733	1.44483	1.36481	1.69995	0.566816	1.6227	5.35563	2.1574	1.47775	0.400808	1.90466	1.79183	2.4366	4.32723
5.45524	6.92627	6.09439	3.79215	1.97887	5.00881	4.63956	2.68655	4.80442	5.91494	1.80062	2.04258	0.738949	4.3669	3.08049	2.83145	2.91501	2.51399	3.18789	3.3012	3.04402	2.51396	4.25228	4.30828	3.97317	4.17657	4.18806	3.60205	0.896069	2.02682	3.32998	0.896039	1.13337	1.3046	1.29226	1.01373	3.59774	6.33119	4.5704	1.0138	3.16776	2.54573	3.3012	3.00173	3.61981	2.38986	2.51399	2.96403	2.40312	0.566764	2.00308	2.49484	2.21587	2.69242	0.716876	1.8705	1.01373	1.77377	2.40993	2.43638	4.83102	5.27773	5.22026	4.76149	4.58429	4.35618	3.44348	1.62256	1.69029	0.913824	0.896039	2.1571	2.04262	2.14973	1.44467	0.53767	0.179228	0.738925	1.84458	1.54136	0.801504	1.04492	1.62254	2.48828	1.36474	0.358452	2.88761	4.32675	4.81443	3.04402	3.00173	2.43635	0.896069	1.43353	2.16465	1.97074	1.92967	4.41798	5.69702	5.19583	3.79648	5.91228	4.52483	7.97368	9.61065	17.6369	21.1524	2.43622	16.0776	22.4267	14.2719	3.36362	0.716876	1.39959	2.78584	4.17677	5.30476	6.00294	8.78404	14.8312	19.9131	22.1962	23.628	22.6728	13.8565	6.19751	9.13454	13.5155	16.2884	16.6374	15.4603	13.695	7.95803	3.92478	14.5013	19.6334	20.2614	15.7287	11.5263	4.94473	9.98722	13.0747	8.93334	13.5644	4.79782	14.1596	13.3933	11.6773	11.8681	13.2524	12.3526	9.4726	7.55992	5.80996	8.4308	10.0474	13.1071	14.8677	18.3794	20.5578	19.7203	19.6258	18.9339	18.5151	14.7224	9.7891	10.1158	9.13908	3.29137	1.84469	2.54573	3.42021	5.61008	9.84261	11.7911	10.9274	9.45976	6.14879	2.48828	3.29137	1.77364	5.35508	6.54674	3.67255	4.30841	4.47161	5.69943	4.25231	4.48242	4.88029	4.66336	1.52039	2.18677	1.84458	4.52483	7.21991	6.07371	7.02554	11.9304	18.507	20.3032	16.0744	6.24811	8.5465	14.7511	8.97461	4.5704	6.55188	10.5096	10.4935	6.93764	5.76606	1.36474	2.32869	5.48106	3.77533	1.29226	2.33563	5.22026	3.3302	2.88744	4.11516	2.18677	1.65189	2.32875	4.13072	4.39989	5.33154	5.59585	4.44317	4.94497	4.47161	3.28649	5.69663	5.9443	4.88001	2.08915	4.39964	1.80062	7.65038	8.88571	2.73381	0.400772	1.82718	0.896039	2.93709	3.92882	3.76266	5.33137	3.26703	1.29217	1.39949	1.97074	3.12693	3.40134	3.67255
2.14952	2.88726	6.58214	4.61477	3.2273	5.31296	1.29212	3.45688	6.33031	4.61477	1.84449	2.73934	1.26702	4.30032	3.62382	2.89273	1.39937	1.04488	1.39944	2.70991	2.87056	3.2422	5.43409	4.50309	5.25583	6.35517	2.79707	3.30074	0.801387	3.03838	3.47529	0.566706	1.39937	1.29206	0.506886	0.506886	0.358417	0.895982	4.08355	3.67197	1.20203	1.39944	1.97867	2.51372	1.69014	1.44455	1.44453	1.84441	1.53084	2.40291	3.00133	1.69022	2.17913	2.53276	2.43603	1.69962	2.16434	1.61247	1.29212	0.895982	1.87033	2.08906	2.15702	2.04248	2.87058	3.22741	3.79193	4.13026	3.4057	1.6224	0.896005	2.72755	2.88718	1.30443	1.39937	1.08998	0.913732	1.04483	1.54122	1.04483	0.400713	0.358417	2.08897	0.895959	0.17921	2.5828	1.4775	3.84197	4.08746	3.17243	2.56425	1.39944	1.5413	3.04896	2.56425	3.52552	1.08996	4.90887	4.17642	4.59766	2.78575	5.30395	4.26684	6.33031	5.90385	16.738	16.9457	9.62212	19.3493	17.2801	8.88843	1.60253	2.40291	0.646111	4.55923	4.55923	1.26702	2.64408	0.964972	3.39625	3.92436	6.62305	8.20484	15.0906	17.6979	14.8297	17.2651	16.5242	14.0751	11.3966	10.0846	9.55644	10.8347	11.0759	3.41966	5.25609	8.58578	6.83614	0.17921	7.32721	11.8679	9.10617	4.41749	14.1499	10.0459	8.28791	9.20115	7.82426	6.44679	6.44679	10.3731	8.78272	3.77497	4.05631	8.16833	7.82414	9.62258	11.5294	14.3362	15.5562	14.2629	12.0893	10.734	18.2234	15.6292	4.63887	9.57052	10.1101	3.22735	2.24441	1.93777	2.72765	3.52566	4.02075	5.33101	5.21056	5.37551	6.93663	5.36347	2.50735	2.60759	6.38495	6.70325	2.68626	2.54546	2.35584	4.96676	6.38495	4.70375	3.54377	2.87058	1.44455	1.39937	4.19145	5.64864	4.70367	3.60188	6.63953	12.0877	16.4156	12.834	4.87978	6.04153	10.8246	10.0152	5.77079	3.22736	5.18599	7.94902	5.31296	1.52034	4.81396	4.19145	4.03645	5.33088	0.964972	3.97278	6.02333	4.05631	3.26678	1.79157	1.13326	2.09671	1.26704	0.566687	2.54533	2.43603	3.5302	5.43418	4.02075	4.52785	2.40301	4.51361	5.54954	7.13121	4.30772	3.16725	3.68933	1.79148	8.68467	8.85678	1.69962	2.0424	1.69014	2.9799	3.41974	3.52566	4.70375	5.75994	6.57982	1.13326	3.30074	2.60751	2.56417	2.27972	0.913714
2.88692	1.93751	6.56474	4.16056	2.89247	3.92788	2.9146	4.18731	5.21899	3.6235	2.0423	2.35564	0.895903	3.76187	4.81353	3.47499	0.400678	0	0.179195	2.18624	1.93751	2.66194	3.87059	3.39606	6.92469	5.27649	1.53065	3.47504	2.72741	2.77964	2.73316	1.20193	1.20188	1.29194	0.506841	0.506841	0.400695	0.179195	3.2859	4.55891	2.33513	0.913633	1.62224	1.97848	1.54116	0.646086	0.506814	1.29194	0.646086	3.17206	4.17591	1.65168	1.97037	2.14933	1.29194	2.50713	1.97037	1.04474	0.253412	0.964887	1.13316	0.400695	0.566637	1.04474	1.30432	1.44442	2.04225	2.77964	3.59706	3.6192	1.65166	2.58258	2.80255	1.69952	2.68596	2.48795	2.96362	2.96362	3.12644	2.564	1.54116	1.54116	2.77971	2.60736	1.79132	4.35158	2.43591	4.35521	3.58371	3.44281	3.04878	2.33518	0.964922	2.0026	1.62224	3.13144	1.87022	4.07927	1.43326	1.79137	3.54345	6.60086	5.18555	6.00154	6.77981	16.1595	10.7326	15.762	18.5594	12.7019	6.04099	2.72741	3.57924	2.80267	3.79147	3.77457	2.04233	1.68999	2.50713	4.42417	2.35564	2.33518	3.86248	10.0466	11.9506	5.75125	7.01057	5.11163	7.9976	7.33303	6.70293	7.69231	11.2026	15.8949	13.9723	10.9797	8.66094	10.1323	9.0095	9.20035	9.07799	4.73369	4.39886	13.541	11.8551	2.40269	4.35158	3.52535	4.36635	5.05538	12.1278	11.1586	3.06438	2.60736	10.9067	11.7461	10.1629	7.69231	3.73634	5.83871	9.6842	9.76674	5.08666	16.3938	18.3531	4.17583	8.82612	9.37696	4.72027	5.11163	4.67968	3.37721	2.60736	2.18635	3.40071	2.60736	3.52521	7.57484	4.79697	3.41954	4.90861	6.44602	5.91123	1.1332	1.5202	2.43589	5.59463	8.16564	5.718	5.08046	4.44231	3.76202	4.90861	6.48516	6.92469	6.33729	5.5149	10.2815	14.4177	8.04217	8.09678	11.9421	9.98994	7.05301	7.5624	5.93524	2.89247	4.41692	4.90837	4.559	4.32601	3.82503	5.60871	5.20986	2.97964	2.88697	4.17591	1.54108	1.36448	1.36448	2.73328	2.48795	2.00269	1.29201	1.25417	2.48784	2.40934	1.39932	2.89247	0.566655	2.16415	0.89588	4.04787	4.39886	7.09753	7.13076	3.39606	4.52382	4.12989	8.82792	7.87106	1.30432	2.88701	2.77971	2.64385	2.89247	1.76434	2.0026	3.30045	7.62437	2.95271	4.18731	3.92383	2.83095	3.76196	5.21008
3.22177	3.34353	4.41645	2.88666	1.01349	2.33489	1.92909	2.15649	4.63797	4.41648	0.913555	1.79113	1.13304	2.73875	5.04518	4.88189	1.30421	0.646017	0.537513	1.82661	2.51325	2.04203	2.21515	3.92357	5.00417	1.79113	1.62208	2.49401	1.47722	0.400652	2.00248	2.77942	0.895831	0.716667	1.01349	0.895831	0.716667	0.358348	1.8001	3.61882	4.94341	2.91418	2.0963	2.88675	2.40254	1.65145	0.645986	0.716667	1.2018	2.38915	4.32548	3.76163	3.43782	3.18693	1.79118	2.15649	0.50676	0.760115	0.566595	1.08975	1.08976	1.52004	2.1566	3.07977	3.62329	3.22678	3.06406	2.35539	3.13125	4.64835	3.34344	2.21515	3.00084	3.57895	3.90725	3.07977	2.80237	2.97947	3.85382	4.1295	3.07977	3.0432	3.6888	4.42382	5.00417	5.43313	4.57949	2.86443	1.29181	1.30421	1.90402	2.83079	3.22672	0.179176	2.33482	2.18612	3.79544	2.26527	1.65142	0.253385	1.86996	5.19406	5.20941	9.06339	14.8858	11.111	9.60623	20.3506	16.3045	10.8606	5.25486	2.04208	3.04839	3.18693	2.83076	0.566577	2.43565	1.87002	3.16664	3.18677	1.26673	1.61216	3.43782	9.43703	12.5485	10.2807	8.06494	5.44489	6.5427	8.0436	9.32339	11.6283	13.0849	15.598	16.319	17.9046	14.5063	8.8835	5.40679	5.90267	6.10547	1.92909	5.64755	9.92363	12.3524	8.90276	4.32556	1.39917	3.04306	3.92357	11.5229	15.0569	12.1569	13.15	17.122	10.2582	4.42371	5.40671	9.14537	12.9931	12.7696	11.3177	8.11871	14.0718	18.9219	5.03259	7.80433	6.96249	6.5788	6.39635	4.11785	1.44423	2.0963	1.36433	1.54092	1.86996	4.01978	7.03212	4.30702	5.03593	6.85106	7.74018	5.50276	2.93621	3.44245	3.84139	7.06347	9.51533	6.63832	5.99856	6.53307	6.0406	6.60273	7.18506	6.81404	9.27813	11.249	15.2994	11.6944	5.93467	14.4737	15.587	12.7614	7.70778	5.81615	6.57846	2.79652	4.32903	1.62208	5.06113	6.77938	4.29971	4.9562	5.60812	0.738712	5.3743	4.3512	2.69164	1.80011	2.60708	2.35539	1.68989	2.18612	2.1566	1.84414	2.21515	0.716667	3.47474	3.60118	2.35539	2.18601	1.08976	3.58331	4.91776	7.50991	9.77346	6.06413	9.45186	8.58966	7.65863	4.56883	0.895785	2.97947	3.67145	0.96482	2.7852	4.82973	4.32925	3.04313	7.6911	3.37669	3.92342	6.35394	7.18487	6.66445	7.68936
1.14706	2.95214	1.96999	0.801194	2.51301	1.29176	1.53041	2.21501	4.35074	5.00691	4.72274	4.48069	2.43544	2.40223	3.61845	6.11023	5.20907	3.37656	2.93595	3.43752	4.01959	2.24377	0	1.79097	2.33466	1.36421	1.47705	2.91393	0.895728	0.738647	1.6513	2.69138	2.24367	0.64596	0.537465	0.738647	1.07484	0.964734	1.13298	0.913455	4.01945	5.35913	2.86418	1.53041	2.86977	2.6914	2.40233	1.65134	1.01335	0.738665	1.97811	3.00057	2.6855	2.18592	3.22643	3.29986	1.65128	2.35518	1.54086	1.30406	0.895751	1.764	2.48747	2.66156	2.49388	2.86975	3.24125	2.43541	1.53041	3.77383	4.17122	1.84397	3.43752	4.11758	4.14836	2.53208	1.13298	1.0134	1.92892	3.08982	2.68544	0.17916	1.54086	1.53036	3.00057	6.46453	8.25571	6.09994	1.47708	1.47705	1.60207	1.54078	3.75697	3.24129	3.05853	3.17144	2.6855	2.96305	0.738647	1.68975	3.8033	6.79012	10.1803	16.3877	17.4456	6.85942	18.1754	14.9327	10.1304	6.71315	2.91393	1.97811	1.62194	0.566527	1.43298	2.26507	2.21501	2.17851	3.6228	2.1563	1.44412	2.73262	1.4441	4.70235	7.85186	7.459	6.69462	4.48069	2.91403	3.36232	4.6137	4.18664	5.7637	7.96059	8.29339	10.7552	10.7709	8.19306	5.67528	3.57855	2.69138	3.26586	3.76114	7.23653	8.37382	11.1719	10.8685	9.72691	10.1487	8.42762	1.60201	10.6622	14.0249	15.0326	9.00773	7.69059	15.3978	16.1651	13.5281	4.98471	9.4116	11.1567	6.10486	10.0431	16.5268	9.0882	8.6824	6.95305	6.28624	5.83735	5.69732	3.44204	2.09612	2.17851	0.716604	1.65128	3.22636	5.60484	3.73573	4.0354	5.25755	6.4937	5.69482	4.5512	4.71936	4.66173	7.23653	8.04258	3.76114	2.95214	3.32891	4.48069	5.8727	10.5364	15.1198	16.4203	13.4595	5.95824	7.25625	17.038	13.1019	8.2026	7.93923	8.43329	6.63785	5.63871	3.17144	3.86984	1.29169	1.93713	2.04185	2.50664	2.88636	5.00678	1.764	5.60482	2.83042	3.34324	3.84105	2.08847	2.15635	1.77308	2.49388	3.87003	4.80951	4.11758	3.12586	4.1865	1.79097	2.7791	3.8033	2.0419	3.68413	4.6137	4.74958	8.82623	3.18665	9.89483	5.45313	4.55812	3.08982	0.17916	3.20165	3.68848	3.79503	4.20939	4.26584	4.19048	2.43541	5.84816	5.20281	4.81262	9.53392	8.33253	3.64926	4.17122
3.58267	4.66102	0.400558	1.44395	2.17834	2.08829	0.801122	1.01324	2.5818	2.89161	2.04175	2.73251	2.60651	2.08816	2.15622	4.38323	5.00324	3.12554	2.40879	2.08829	2.3549	2.49354	1.20152	0.895672	2.38864	1.7728	0.400558	3.68358	1.30393	0.645903	2.93549	1.8437	3.92263	0.40058	1.14688	1.4769	1.08956	1.26654	1.36409	0.895672	1.07473	3.824	6.37512	3.16602	2.56319	2.17834	2.24357	2.91368	2.08816	0.179142	0.566493	1.26651	1.08954	0.716534	2.24344	3.92263	4.32086	2.56326	2.04164	1.20152	0.716534	1.13283	1.13283	0.895611	1.30393	1.6511	2.21473	2.00209	2.21473	3.57808	3.86943	1.20158	2.32758	2.26487	3.73524	2.77882	1.14696	0.895672	0.895672	1.82626	3.43697	2.73824	2.83029	2.18573	1.61186	1.36402	1.36409	6.63686	4.08197	3.92267	0.537413	3.55121	1.53027	4.07811	1.92865	3.41834	1.36402	2.04161	3.1305	1.20152	7.56643	10.3588	12.4497	16.4732	8.9963	15.3607	20.1647	9.55233	5.29001	3.26547	1.14688	1.92865	1.13288	1.4769	2.40862	1.39892	2.60661	2.95193	3.97121	2.04171	1.26654	2.8301	2.04161	1.69896	3.79035	2.5319	3.54245	4.87788	4.14796	2.54451	1.54073	0.179142	3.8029	4.48373	5.15649	5.47846	3.86137	7.73078	9.29515	6.39522	3.2898	4.32819	1.65122	6.39487	2.86946	3.59602	4.48382	5.20863	7.06232	10.0207	5.83675	1.76384	4.19011	5.08204	4.80213	14.6533	10.4415	7.90061	2.96278	14.3518	15.4978	6.44441	1.20158	6.14554	12.0453	8.38948	7.66538	6.30823	5.89354	9.34437	5.69393	2.70888	2.49365	3.04257	1.76384	1.9779	2.96262	4.26519	1.82631	2.8639	4.86142	4.67816	3.1307	2.68527	3.26555	3.28996	5.76311	5.69672	3.04771	3.72235	1.47695	2.09593	5.95756	13.3869	15.7074	13.2979	7.37584	6.60112	12.7174	12.6356	7.48955	3.6708	3.04792	3.86137	3.55145	3.76087	3.77353	2.17829	1.51967	1.2538	1.36409	1.44395	1.6511	4.18982	1.08954	4.82854	2.66114	0.738596	1.04449	1.04449	2.18573	2.58197	2.53184	3.93901	3.93913	3.57832	3.52435	5.81237	4.52248	2.72649	4.75892	2.1635	1.14696	1.60193	3.05822	9.32113	0.895611	9.54097	1.04443	2.77882	2.91376	3.97111	4.38323	5.05708	3.45571	3.06348	1.13288	0.716534	3.29946	3.37604	5.11609	4.97766	8.88493	6.93388	1.26648	2.1635
3.5148	5.67396	1.97771	1.25368	1.51961	0.358246	1.4768	2.15588	2.04145	1.77264	1.08946	0.358246	4.01864	1.97771	1.76359	1.6017	4.0816	2.35468	1.07463	2.09564	2.69086	1.69881	1.25368	1.30385	2.49331	2.70862	1.51961	3.68325	1.86943	0.566435	3.22574	1.13272	3.97076	1.04438	2.04145	2.15593	1.44388	1.26641	0.179125	0.895554	0.566435	0.964511	5.98605	5.5356	3.52852	1.39877	0.179125	2.43487	3.26522	2.64294	1.30385	0.964511	0.895531	0.506617	1.68934	4.08552	5.42271	2.70866	1.76359	1.04433	0.400522	1.29144	1.82609	2.21458	2.32735	1.68934	1.68934	0.964511	2.04143	3.36153	3.7349	1.39877	1.14678	0.716464	2.72625	3.22581	1.69886	0.566417	0.179125	1.29144	3.39463	4.34997	3.92247	1.44388	1.3987	2.96235	3.04753	8.74486	5.31038	5.21697	0.895531	4.95481	2.64294	4.82823	3.32826	2.21453	1.6017	1.44384	4.11669	5.50121	14.7431	18.0495	15.3495	8.52139	10.0417	16.1038	15.3366	11.6232	6.05959	2.86919	1.26639	1.36389	1.36395	1.44384	2.79573	1.65098	2.91351	4.15912	3.7943	1.90348	2.09571	3.40407	2.33423	2.04153	4.20857	3.2259	1.13276	2.79573	2.72625	1.68942	1.84361	2.00189	2.88585	2.26463	3.95072	6.46064	5.31066	5.91188	5.50128	6.46071	7.48884	3.22086	1.47676	4.56754	3.82362	3.22581	1.65098	1.07463	3.26517	8.82288	10.6241	6.49245	4.92933	6.63421	10.1102	15.2548	8.76803	5.20787	2.33421	18.5624	12.0041	5.03429	1.84353	4.67762	10.6598	6.30727	3.75624	5.54717	8.71656	11.5394	8.9628	7.99851	8.48328	8.67924	7.17212	5.25355	4.87732	4.42246	3.43685	5.93319	7.20698	4.76868	2.66102	3.32826	5.59263	6.22442	7.06162	6.26729	4.55723	4.85447	3.45535	4.44059	10.637	15.1069	7.8082	5.74903	12.0949	15.459	13.7432	8.25198	3.90604	0.964547	0.801038	1.47676	1.65104	3.58232	3.75624	2.1855	2.53159	1.4327	0.716464	1.53011	2.15595	3.37574	0.738503	4.08552	3.41811	2.17812	1.13272	2.00189	2.97863	3.05804	2.26463	4.18569	2.40186	2.51254	2.15588	4.86092	3.86909	1.47676	3.59563	4.52221	3.97096	3.97096	5.93314	7.41505	2.70862	7.80215	1.44384	3.08916	3.28962	6.61731	3.7349	2.08797	0.537361	1.44382	1.92855	2.88593	4.12825	4.32803	7.82045	5.42288	7.7296	6.43116	1.82609	1.07463
3.51449	5.20741	3.76008	1.65083	1.82597	2.79549	1.79051	4.42561	1.62146	0.253291	1.25357	1.79047	4.75808	1.97754	2.97822	0.716401	3.8398	2.15574	2.40155	3.77277	2.69062	0.913215	0.964461	1.14674	2.04127	2.15576	1.82597	3.68293	2.09545	0.566385	2.48665	0.506599	2.73185	1.2663	2.49309	2.35447	1.39865	1.04429	1.39858	1.08934	0.566385	0.738438	3.47338	4.73144	3.68741	2.15574	0.645746	1.20135	2.73198	3.40379	2.21433	0.738438	0.645746	0.506572	0.964426	2.73774	4.98317	3.61743	0.645777	1.04424	0.179109	1.79047	2.72601	1.93668	3.3422	2.93497	1.93658	0.738438	1.04424	2.6607	3.29893	1.96943	0.645746	0.716401	1.13266	3.042	2.73774	1.54035	0.400486	0.800933	1.82597	3.57763	4.8377	3.45493	1.14668	5.39875	3.04726	10.942	4.8079	5.46584	2.66067	6.15214	2.82971	4.14719	3.32797	1.79943	1.60155	1.86927	3.28933	6.59774	19.7454	20.7838	13.5519	8.06169	15.0825	10.8062	5.57773	12.305	7.15587	3.9057	2.16312	0.566385	1.36383	0.964461	2.29244	3.28434	3.77288	4.08143	3.13009	2.00173	2.51232	3.40377	1.84345	2.38826	3.62195	4.29431	2.72601	2.29244	1.82593	1.6509	1.84345	2.15576	2.50594	2.26443	3.24037	5.05288	5.35775	5.98577	5.67091	6.46015	7.48818	3.99847	1.07453	1.14674	3.97054	4.69083	2.3271	0.800967	2.09553	5.70428	10.6231	8.35835	5.1185	6.63363	9.24806	13.482	8.33021	2.38826	5.51492	18.1103	8.08678	5.51492	0.913197	5.93243	10.9029	4.80129	2.8912	5.46612	9.27474	10.1578	8.60096	8.12185	8.9117	8.56296	8.30415	6.25412	6.37398	3.99847	4.03426	6.96003	6.92157	4.07753	2.77839	4.14719	6.28436	6.49188	6.54266	5.67364	4.08532	4.47221	3.82328	4.91594	13.5558	13.524	3.05777	11.0311	14.0008	14.2135	11.1071	5.64569	2.21439	0.895498	1.07453	1.07453	2.15576	4.12789	3.26493	2.1558	2.53136	3.20061	1.60155	1.39865	2.00171	1.92831	0.400503	2.73774	3.61743	2.50594	3.07848	3.78967	3.04207	3.299	2.0256	4.64655	2.60611	3.47338	4.42561	4.36405	1.47663	1.47663	2.40165	4.52182	4.01848	4.01848	6.77673	3.12495	5.67066	4.15858	0.964461	2.33402	3.04733	5.98559	1.92838	2.08779	0.400503	0.400503	2.88559	3.05777	3.582	5.56084	7.55913	5.03407	6.54002	5.94043	1.82593	0.800967
4.30497	5.75602	5.84598	3.79356	3.95809	4.47173	2.77802	5.69232	1.04413	0.400444	0.895357	2.04103	4.29749	3.92578	4.50014	2.0015	4.4395	2.33375	2.16289	3.75968	3.04692	1.79926	1.25343	0.964324	1.29119	1.13254	2.17766	3.77237	2.09523	1.07442	2.08756	0.716325	1.20117	2.27831	3.79356	2.7375	2.04114	1.76332	2.68432	1.04413	0.566307	0.566307	1.36363	1.97733	3.06264	3.99812	3.34194	1.97734	0.645677	2.53109	4.46825	3.04175	0.800882	0.400444	0.566307	1.30356	3.85185	4.18487	1.79924	0.253264	1.20123	2.53106	2.56243	1.26615	3.95797	2.96178	1.30356	1.79037	2.18507	3.06264	3.58162	3.56381	3.99817	3.72148	2.54375	2.7081	3.29858	2.86865	1.90311	1.47651	0.800882	0.537256	4.08081	3.29853	2.35426	5.39818	1.84317	11.3725	6.2835	5.89184	4.98278	6.49097	3.24003	3.64785	2.88533	3.45456	1.79924	3.04161	2.16298	10.7381	20.2747	13.6841	6.38096	17.8268	18.0273	9.16483	8.9404	9.37327	6.68227	4.82718	2.99932	2.0015	2.04114	1.84326	1.36363	3.52767	3.73417	2.1777	1.08923	1.3985	2.88533	2.7081	1.14662	2.09523	1.36368	4.20767	4.55626	3.04168	2.32694	1.84326	1.25343	1.79028	1.65063	0.537256	1.86912	3.08862	2.80104	2.70813	2.77802	4.26398	5.03332	6.53933	1.39843	2.69035	1.26615	4.48232	3.58162	2.66053	2.29231	2.15558	6.95927	10.651	11.3825	10.9009	8.91077	9.21332	7.06001	1.04418	6.93424	17.4695	8.43337	4.59448	3.20041	6.23062	11.0797	10.7512	12.8643	12.7896	14.943	15.4336	13.4756	14.5402	16.1164	15.4451	15.9472	13.3298	10.3559	4.48238	4.48238	6.9592	4.83719	3.79356	3.28898	4.47173	4.98265	3.61704	7.66318	12.9698	15.2669	15.0134	13.534	12.1823	11.2503	5.60556	11.8742	13.4741	8.91043	5.81061	4.26398	1.30356	0.89538	1.54026	2.33382	3.04701	2.6605	3.20027	2.43439	2.04114	2.73745	4.01787	2.4014	3.68705	3.5142	2.35426	1.47651	1.47647	2.93466	2.64231	3.62139	3.62139	2.04106	1.26617	2.54375	3.78926	1.14656	3.28884	5.44202	3.96999	0.759793	2.33375	3.41748	2.43447	0.913118	1.84317	6.30608	2.35426	6.94103	3.1703	2.93481	2.60584	1.60145	3.29853	1.76332	1.79924	0.400461	1.44356	3.73417	2.1777	2.88529	5.58851	3.85185	3.57716	6.92069	7.37978	6.16201	6.43269
3.73384	4.31925	5.20648	5.45054	5.30019	3.45438	3.79317	6.151	3.06237	0.964238	1.08915	0.800778	2.17751	3.9376	3.92543	3.61672	5.69462	2.40108	1.39838	3.41718	3.94964	2.97779	1.79021	2.15527	0.358145	1.13244	2.80067	3.80149	1.60124	1.30348	2.53087	2.40118	1.25332	2.56222	3.23974	2.2427	1.54013	1.82557	3.37479	1.36351	0.400408	0.400408	0.895301	1.60131	2.64219	3.85165	4.74732	4.64574	2.64207	2.35405	4.80722	6.13057	3.23971	0.400425	0.400408	0.759685	2.40108	3.96971	3.73395	2.89064	2.00128	2.40772	0.913019	3.41714	3.4404	1.04404	1.60131	2.97779	3.92139	4.71712	5.43015	6.24295	6.42966	5.44183	4.41415	3.94964	3.75944	3.2643	1.96905	1.68886	0.645652	1.76309	3.04658	1.928	2.82916	1.90284	3.04148	8.22111	8.82555	4.26381	8.9257	7.83231	3.99782	3.68238	5.84566	7.8801	6.93169	5.76664	8.57935	19.1788	16.4038	2.26392	11.817	21.0781	18.0345	11.4958	12.5491	9.7919	6.42216	5.20641	2.5622	2.2139	2.33361	2.89064	2.29211	2.56222	2.15527	1.79016	2.9344	3.41714	3.04148	1.82561	0.895324	1.20107	1.26601	2.35402	4.65938	4.20739	3.36072	3.04148	3.52752	4.20739	3.61678	2.27811	2.40785	3.72116	3.92139	1.90294	2.73132	4.16923	4.23741	6.42935	4.6763	2.32674	2.35405	2.15527	2.51183	2.78363	3.29841	3.96984	7.05531	12.2307	14.3021	13.7183	11.9888	7.56395	5.83459	1.82557	5.54255	15.692	13.8309	4.65951	1.54005	4.29724	9.0909	9.20621	6.67495	3.62125	7.45757	16.2565	20.3086	20.0381	17.2339	14.7396	17.9171	22.9062	24.2151	20.9243	18.8454	16.3147	12.5227	12.9538	16.7566	18.138	17.696	17.391	15.4183	9.36609	2.88512	0.738313	1.29114	2.53083	4.03348	10.6357	15.6675	13.1836	8.43297	4.64917	2.97764	2.15527	2.04088	2.77785	4.41417	5.43017	4.61151	2.77785	2.08738	0.895324	2.5622	2.53087	5.82669	6.3507	6.05803	4.81049	4.32312	3.43588	3.93345	5.89132	5.59105	2.29211	2.18477	2.4926	3.18513	1.39838	1.39838	2.26392	4.7169	3.78893	2.15539	3.04674	4.47856	3.68238	1.84301	3.34155	5.2155	1.76309	5.55959	1.52963	1.29108	1.52963	0.5065	1.79908	1.60131	1.13244	1.01292	3.59462	5.35953	4.0177	3.85989	4.41399	3.28857	2.49269	6.98787	9.12982	8.9603	9.16574
5.27241	3.64708	1.14633	2.27791	1.86879	0.179057	1.86871	5.19981	4.24827	3.04626	0.912952	0.566223	0.253233	1.65031	0.35811	3.07755	5.42935	3.40278	2.2425	2.77749	2.49235	1.69823	2.32641	3.57637	1.13229	1.01276	3.68614	3.72058	1.20094	0.537156	1.60117	2.1773	2.60527	3.52699	2.33326	0.400367	0.716192	1.52947	2.6838	1.92773	0.400389	0.179057	0.179057	0.253233	0.400367	0.800694	1.6504	5.35	4.46721	2.65987	2.56193	5.43811	4.96249	0.506455	0.400389	1.30331	1.47619	1.30331	2.56204	3.12405	3.79279	3.4539	1.52954	3.22452	1.29094	0.800739	1.44329	2.00108	1.92783	2.53063	2.58074	3.07776	3.23944	2.1773	2.95043	3.22452	2.96121	2.33326	3.3268	3.12395	1.6504	1.53989	1.86871	1.60117	0.645594	1.61109	2.40764	3.62069	9.35159	7.42904	6.24219	4.57651	2.17725	1.13229	3.78871	6.18397	6.14296	4.63515	9.80788	18.6915	5.75494	7.51088	9.37151	18.1908	12.0786	2.64195	3.66906	5.64415	4.6591	2.95043	1.60108	3.07755	1.29094	1.2532	1.84293	2.737	1.763	0.716192	4.30401	4.36275	0.645594	0.179057	0.35811	0.506455	1.78999	0.895244	2.33326	2.56197	2.26369	1.14641	2.5433	4.14599	4.11513	2.21375	0.800739	1.44331	1.62101	2.54312	2.16247	3.41671	4.80646	6.24198	5.559	0.179057	2.00108	1.69823	0.912952	0.645552	1.13233	2.1773	3.96932	3.79287	3.2247	3.19984	3.99746	4.31903	2.8681	1.77195	2.82875	10.53	12.2081	9.08315	6.20403	0.912927	3.44	3.68617	7.00091	9.3174	9.23698	5.7024	7.90319	6.7633	4.01712	0.912952	3.51357	11.7647	19.6102	18.7591	16.0286	12.3413	9.02175	10.6922	14.6474	15.2644	15.4312	15.4575	9.99033	7.05881	12.6825	14.3009	14.6234	13.9123	10.3174	9.23698	8.65406	5.73569	4.55559	3.16474	2.14768	2.40083	2.18454	3.04103	3.23939	2.40764	2.86812	1.44335	0.645594	3.34134	2.43406	3.12392	4.47093	3.26399	4.24827	3.08805	3.12408	2.73121	3.77174	7.09869	4.81002	4.4709	0.895214	4.54832	1.08902	3.04626	1.69823	1.04399	3.54951	2.96121	1.44335	1.60117	1.763	2.99875	4.80646	3.12392	2.21368	2.72533	4.71644	3.4168	3.68633	3.04121	2.08729	1.65035	0.179057	0.645552	0.895214	4.39546	4.80982	2.32652	1.69823	2.27775	2.04063	1.04393	6.59799	10.3996	6.85537	2.79484
6.5735	3.39302	2.00096	1.62085	1.68853	0.645495	0.912842	2.8285	4.52347	5.36735	3.29777	2.08707	0.716123	1.68853	0.566165	2.04045	4.08358	3.41652	2.79455	3.969	4.24799	2.53043	3.45359	3.90418	2.6051	1.601	3.92044	3.82172	2.65975	1.39811	0.645526	1.65023	3.22427	4.14552	3.75871	2.64168	1.68861	0.179039	2.33316	4.55511	3.5628	1.13218	0.400347	0.179039	0.358075	0.800656	0.89515	5.71292	5.42884	2.5429	3.16424	4.30363	5.35838	1.3633	0.89515	2.17705	1.47609	0.716123	0.800622	1.52933	3.62037	3.35993	1.82526	1.92756	0.358075	0.716123	0.645495	1.62083	1.97679	0.912842	0.400347	0.738151	2.43368	1.47606	2.72495	3.19937	3.05648	2.95016	4.24785	3.41648	2.09471	1.62085	2.27767	3.32668	3.04082	2.7944	0.537104	1.26576	7.55387	9.55193	8.26501	1.26581	4.46681	2.6051	4.64825	2.24217	6.72534	13.4144	15.7062	15.8662	1.79873	12.2216	12.1214	16.5233	9.79113	1.44317	1.43202	0.738151	0.566147	0.645495	1.08892	3.35993	2.14747	1.14629	1.44313	1.78977	0.800656	1.01272	4.21775	4.68897	1.14629	2.04056	1.77189	1.26581	1.08892	1.07411	2.00096	3.40247	3.41648	2.40072	2.24227	3.08769	3.43974	3.04608	1.93592	1.61093	1.698	3.72025	2.58034	4.24788	5.04136	4.57579	5.11325	3.37429	2.73092	2.16236	1.3633	0.566147	0.964051	1.60093	3.28306	2.73667	1.69805	1.61093	0.40033	2.33316	3.68601	2.88456	3.05659	8.27262	10.4461	11.6077	14.0967	13.8459	13.88	13.1449	10.6481	6.93942	11.8145	11.8707	7.7263	11.3323	12.935	12.5203	14.7208	14.1908	11.7363	3.06177	6.30208	10.6194	11.0701	5.58718	3.997	9.44991	12.9351	14.5281	14.2869	13.3259	6.70888	6.85506	5.85266	6.85485	5.46103	5.54443	4.82582	5.27496	2.65966	1.20089	4.0759	4.97502	4.80956	4.67555	3.57615	1.90257	3.04075	2.60503	2.95023	2.50496	1.44317	5.11629	3.86725	1.92756	3.61602	3.22433	3.28321	4.17245	5.71314	6.61418	1.82522	4.80604	0.895127	4.63446	2.26355	2.58034	1.52938	1.26583	2.77723	3.23912	2.79455	2.29167	1.82526	3.19937	6.03575	2.77723	1.93592	1.65025	3.2976	3.37413	2.14747	1.8686	0.179039	2.26348	1.13218	0.895104	1.39803	4.85861	4.80936	2.15492	1.52938	1.04383	0.91286	2.38734	5.25084	10.7235	7.57252	1.61093
7.2505	4.63752	1.60086	2.33289	2.32608	2.43356	2.43347	0.963966	2.26335	5.5781	4.26261	3.39747	1.79857	0.400312	1.39798	0.738104	4.31821	5.47506	3.43954	3.28292	4.52315	3.12346	3.79216	5.08183	4.57562	3.68568	4.72919	5.53545	5.51255	4.24761	1.47596	0.400312	1.97659	3.59364	4.57905	4.80916	3.68565	2.15471	2.72471	3.80062	5.92981	4.46653	1.30311	0	0.738104	1.29077	1.44307	6.03522	6.21048	2.24197	2.68934	1.443	4.64786	4.79261	3.79223	2.72481	0.895071	1.14613	0.400312	1.44302	3.86691	2.82825	1.13208	0.50633	0.964001	2.38713	2.7943	1.6979	1.04374	0.75947	1.30311	1.6979	2.73643	1.79859	2.77699	3.23879	3.99669	5.90587	7.21605	7.36029	7.30686	6.48156	5.88982	5.1777	5.53534	4.69879	2.24207	1.97659	6.13637	6.93169	9.16279	3.68118	5.22635	4.71917	5.0126	11.5015	16.466	16.3103	11.2763	3.32622	12.5669	17.6781	14.8826	12.6797	6.3907	2.26328	1.26572	1.08882	1.01258	1.04379	1.65008	2.862	3.22405	2.64145	2.77699	2.54267	1.08882	1.14619	3.22392	4.32537	1.36312	0.716059	1.13212	1.44304	0.964001	2.00072	3.56249	5.25059	5.54114	4.46665	3.54907	4.07555	4.85838	4.85838	4.01657	3.29748	3.04055	4.3217	4.4235	4.26241	2.17686	5.2987	8.12568	7.33254	5.10678	3.92025	3.22405	2.08689	1.20078	1.04374	2.17686	3.12346	2.9983	2.53016	2.91172	4.48076	5.1777	5.05058	6.07464	9.38995	12.4975	14.0567	16.4243	17.2687	14.8672	11.7018	8.06406	5.51255	10.1228	14.6985	13.5621	15.4234	15.2547	14.4823	16.4016	17.9554	16.1465	12.0406	10.1468	3.92025	7.8158	9.79056	14.3445	17.0554	17.9968	18.9378	16.9298	13.5016	10.9193	10.3154	9.46214	11.1923	12.738	12.3682	8.18121	3.23883	2.65943	3.12846	3.83798	2.33289	3.06146	3.04581	1.25297	1.43189	4.6886	4.69879	3.22405	2.18426	1.65005	4.36198	4.71896	1.44302	4.71582	6.42786	6.03552	5.88982	6.48881	5.63456	2.91187	5.36977	2.82837	2.96068	1.01258	0.738104	1.13212	0.963966	1.443	1.65005	1.14619	1.14619	2.40704	3.12846	4.68855	2.77706	3.83814	3.40217	1.39791	3.71992	0.738085	1.43189	1.86838	1.29071	1.79857	0.645469	1.9023	5.05659	4.67498	2.04027	1.25297	1.20078	2.70713	5.10678	6.09534	7.66021	7.34073	2.54267
6.39993	6.45641	5.55773	5.11553	4.11402	4.15633	5.6029	2.54241	2.33271	0.566037	2.82807	4.55409	2.82798	1.64985	1.01253	3.66776	3.56211	5.67035	4.93882	2.884	3.61532	3.45304	4.9389	6.238	5.39589	3.91984	3.85015	4.63377	5.18935	6.10498	4.48029	1.93555	2.82809	4.65771	4.9517	4.12557	3.99615	2.88391	4.34699	3.22365	1.97638	6.03483	6.48813	3.61538	1.53945	1.07391	1.39783	6.14089	6.85575	3.16879	3.43917	3.04549	0.963899	4.01615	5.30114	4.18303	1.97638	1.26556	1.36303	1.43174	3.71953	2.93326	1.20065	2.04016	2.56131	3.23849	2.97663	3.77068	1.60069	2.09423	2.33266	2.68318	3.90354	3.85015	3.96823	4.07905	5.60309	6.48088	7.41041	7.83535	8.08254	8.20317	5.99288	3.41585	4.466	5.01211	4.18303	3.61532	6.13572	5.03093	7.30803	9.97945	4.5749	9.54406	15.2599	18.9297	9.16887	9.19076	19.4482	23.4678	24.349	18.8385	11.8125	6.61534	2.88387	3.0349	0.537	1.78942	2.00051	0.645401	1.14601	1.29057	1.44285	1.04363	2.68305	3.22358	1.53945	0.738007	2.3326	2.97649	2.33266	2.17666	0.738026	0.894976	1.132	1.44285	3.2873	0.738007	3.41585	2.40025	1.44289	1.86823	3.08714	3.85839	3.83774	2.96049	3.51244	4.57841	5.45986	5.55762	4.80536	4.57514	5.20459	6.20246	5.90525	5.84341	6.22027	5.42805	4.07516	2.79401	1.04368	0.912664	2.43321	2.72442	5.04039	4.87726	2.08667	2.40691	2.38687	3.43455	6.65344	7.54236	7.0258	7.32534	6.0947	2.97663	2.1545	3.05599	6.59648	11.6147	9.58279	8.76763	6.55309	3.45292	2.15455	4.9389	7.94818	15.7029	16.1762	7.87505	15.6513	15.8935	14.094	10.9475	8.42798	9.20269	10.2681	9.13682	7.15197	4.0438	4.31775	7.163	8.66813	8.79443	9.8321	8.86647	6.3084	5.38109	3.64604	0.645369	3.12303	2.17663	1.92725	4.12553	5.36631	3.12306	1.01247	0	2.54241	3.43437	3.5976	4.75531	3.59322	4.32144	4.24716	2.64117	3.23845	2.50448	2.40691	5.49754	6.06616	4.07516	2.18403	1.26559	1.26554	1.36298	1.2006	1.64985	1.69772	2.40691	2.26304	2.73026	3.29708	5.99288	7.163	7.52764	1.69772	5.82419	3.1839	2.52994	1.08871	0.179005	1.07391	1.30297	2.26304	4.85767	4.17142	2.08657	0.400253	2.2131	4.82172	7.02793	7.99321	6.32332	5.05293	3.52599
3.93553	3.28701	2.24164	2.18384	1.97623	1.86807	5.47382	6.526	1.86807	3.59728	1.68813	5.36871	4.21656	2.15424	0.400217	5.05561	4.21656	3.2382	4.83447	3.75765	3.22336	3.03479	3.29684	3.52585	4.11357	3.16842	1.26545	1.69757	2.38666	4.55369	4.90283	2.97637	4.37947	4.32475	4.46923	3.61937	4.32453	1.84213	2.82773	3.78713	2.2909	2.88374	5.8966	6.20172	2.97622	1.29046	1.08863	5.51124	6.45811	2.35293	1.86807	3.56169	3.12276	1.5289	2.56108	4.76496	3.12278	1.39771	1.64976	1.62039	2.73002	2.79361	0.894851	1.62039	2.03996	1.62038	1.04354	2.68281	1.78927	2.68281	2.49142	1.53939	2.49151	3.34005	3.93158	2.9113	3.28713	3.04522	2.73596	2.82784	2.79946	3.47113	4.37938	4.36114	2.57961	2.60429	3.05562	4.0156	5.84262	4.28772	5.27368	10.5612	13.1328	8.97137	11.1354	11.9753	7.42632	21.0315	18.5282	16.9452	13.6945	9.28887	6.57438	3.07657	1.5289	3.16334	0.178989	3.32557	1.64973	1.29046	1.44274	2.00033	2.50425	1.68813	1.76225	3.16334	1.90193	1.29046	2.08638	1.78927	1.14591	1.53932	1.6497	1.07381	1.47564	1.07381	3.57514	2.88366	1.01238	2.15424	1.04354	0.178989	1.29046	1.47568	2.32558	2.48498	2.933	3.45261	4.12513	4.46922	1.86807	0.400217	0.759323	2.33246	3.68492	4.07481	4.85744	4.4799	2.82782	2.38666	2.15429	0.645344	3.61935	4.35022	4.57801	3.7192	1.60048	1.14591	1.36291	2.68281	2.09412	4.46922	3.51222	3.85805	5.38062	4.69795	3.52585	4.43723	5.4363	6.24996	5.38056	4.3172	4.54664	3.07641	1.29046	3.28214	1.84221	15.2389	15.4473	4.17105	13.2346	12.7185	8.29087	3.07657	2.88374	4.64362	5.6783	4.67433	2.08648	1.44272	0.645344	0.80043	0.536952	0.566005	2.33246	4.55383	6.32282	6.30282	4.50827	3.04003	2.35289	1.39764	1.14591	3.79969	3.57505	0.894851	0.737942	0.536952	2.78216	3.04513	2.00031	6.13519	5.30637	1.07381	3.0399	0.963814	2.72418	1.13186	1.60048	1.92708	3.57514	2.32558	0.894851	0.400217	1.44276	1.96811	1.79824	2.52963	3.16334	1.26547	0.963778	3.06091	3.61952	5.71153	5.35418	10.0031	3.06087	7.35852	2.08648	2.09412	1.52895	0.645344	0.400217	0.536952	2.49142	4.71804	3.83723	1.86801	1.30282	2.72418	4.97345	6.48733	4.12517	2.72428	1.14591	3.95574
3.76994	3.96743	2.94912	1.52874	1.64961	2.0863	4.80757	8.04005	4.9122	5.38003	3.4708	6.32945	6.61167	3.40119	2.54209	5.24888	5.11124	1.8679	3.51178	3.75303	4.75471	5.82344	5.00183	3.52099	4.57754	4.01518	0.737867	0.5369	1.08853	3.83683	4.46509	0.5369	3.37283	1.07371	4.42218	3.4337	3.9954	3.84946	3.94739	4.32051	4.4971	3.76994	2.72973	6.13972	4.90234	2.73563	1.44257	4.07809	6.14747	3.61472	2.35271	3.45226	3.92298	2.64054	1.64956	3.18312	3.83683	1.82452	1.9352	1.61032	2.26261	2.7239	1.92681	1.78908	1.29032	0.5369	0.645286	2.94902	2.00013	3.32522	3.04481	0.912517	0.894787	1.60031	2.7239	1.01235	0.400176	1.90173	1.0885	0.912492	0.963679	1.4426	4.41144	5.41807	3.41523	3.21811	3.73169	4.03106	5.53373	5.02705	3.73183	8.12298	14.6429	13.6069	10.8203	10.458	12.4705	23.575	8.82048	3.68008	3.19813	1.78908	0.178971	1.53915	0.5369	3.2818	0.759242	3.68442	2.15408	2.3253	2.50401	2.70635	2.68855	2.18365	1.9352	2.03966	2.16144	1.69734	2.0397	1.96792	1.8679	2.33223	2.7063	1.79807	0.737867	1.78914	1.78914	2.79332	1.47554	2.43277	0.253112	1.26536	1.76207	0.5369	1.04343	3.0449	3.90269	2.88331	2.17622	4.07423	3.12243	0.963679	1.47554	1.92691	2.15408	1.14587	2.7239	3.26236	3.22313	3.23789	2.99744	4.05095	4.49718	3.59691	3.18312	2.88886	2.52938	1.13175	0.963726	3.92298	1.8679	3.99549	4.87334	5.34775	5.5566	5.53387	7.05581	7.05581	4.82429	5.55653	6.24178	5.2491	5.53089	4.49718	2.95996	3.28667	0.912517	14.6157	12.9851	7.48475	9.05125	13.1223	11.0337	0.800312	1.13179	1.60031	2.72991	2.9761	2.56085	2.7357	2.16156	1.26533	0.400198	1.47554	1.7892	1.7892	1.29041	1.78914	2.0863	3.05545	2.4329	1.04349	0.912492	3.92298	3.92298	0.912492	0.565929	0.645286	3.73169	3.94734	1.76216	5.68853	5.68853	1.62024	2.82744	0.963679	2.40632	0.645244	1.52874	1.68798	3.59255	3.39648	2.03977	1.62024	0.894817	1.29032	1.60031	3.29639	4.68722	1.2653	3.2818	2.32542	2.99744	3.29639	0.963726	10.5367	3.32522	7.68237	0.894787	1.2653	1.44257	0.963679	0.400198	0.894787	3.51178	4.91199	3.73169	2.14666	2.00018	4.37894	5.71081	5.02996	2.54191	2.0001	1.07371	3.45226
6.2084	6.08514	5.42652	5.88741	2.43264	2.49102	1.76191	5.66876	8.03378	5.35608	4.34584	6.22606	9.24019	7.33824	7.0684	7.81911	6.01477	3.76969	4.76415	5.60152	6.687	5.29665	3.76958	2.56048	4.82353	4.55274	0.759175	1.2652	2.82729	5.2845	5.75158	1.29027	4.12429	2.15389	5.05151	2.68829	3.96718	5.69109	6.36125	5.75175	5.55605	5.36484	2.08608	3.06028	6.10326	6.18796	4.69705	1.0736	4.37853	4.46837	3.56111	4.67333	5.71037	4.84992	3.29615	0.800274	4.07772	4.42179	1.78901	2.65849	3.22274	3.28637	2.2411	1.92664	1.82435	0.963626	1.78896	2.56051	0.253072	3.525	3.32493	1.26518	1.90166	2.99713	3.40085	1.99994	0.253072	1.26523	2.72962	2.8887	2.64042	2.64042	4.29059	5.53035	5.13879	5.32342	5.53035	4.59111	5.47294	6.09814	5.49599	8.09543	13.3041	14.7009	14.966	14.7205	12.1665	22.7646	6.78237	4.41104	4.29419	1.84177	0.357904	1.2652	1.60024	2.02374	1.99994	1.36259	3.08627	4.49673	5.45844	4.18569	3.33941	3.12227	2.72375	0.536848	2.14645	2.56056	2.77598	2.8887	2.88319	3.35847	4.55295	5.02973	3.56111	0.8947	0.178954	1.69719	1.08842	1.53902	1.14569	0.400156	2.09364	1.47539	1.26523	2.03956	4.85635	3.85721	2.54182	4.87276	5.88739	3.71867	4.9117	5.57322	6.57311	6.13431	5.92759	6.38112	6.87243	6.44	4.6564	5.83092	6.13431	4.26096	3.03937	2.03951	2.39947	2.60386	3.61882	4.28689	4.32016	5.32349	7.30405	9.44549	11.4498	11.3967	12.0613	12.3489	10.6862	9.14607	10.0277	11.5803	10.3219	7.65151	5.6772	3.71867	3.12724	10.8375	10.4471	10.6144	5.75184	10.9328	11.3962	2.35248	1.935	3.6188	5.74358	5.4382	3.79915	2	1.5286	2.18331	1.44248	1.2652	1.36265	2.03959	2.43264	3.29615	3.52063	3.26206	2.17601	2.40623	1.78901	3.03931	3.79056	1.14569	0.400156	1.82439	5.32329	4.82367	3.91876	4.72727	3.47033	3.29615	2.26248	1.64941	2.15387	1.97584	1.53909	2.99713	4.11277	3.41489	2.57924	3.41496	4.93751	5.35314	5.27266	4.90197	1.82435	3.4381	5.04846	4.5074	5.1048	3.37269	1.36265	9.34639	5.27246	5.82255	3.39615	0.253072	1.92664	1.43134	1.60024	3.23757	5.5332	4.64263	2.56051	2.77591	4.34584	6.42525	5.53035	3.41485	1.69719	1.44248	2.48461	2.32513
4.29399	4.20411	2.68219	6.3283	3.92246	4.74373	3.79035	2.88834	4.83307	2.3318	2.72925	1.76182	6.36056	5.25108	4.71693	5.32295	3.4379	2.38599	2.73518	2.93233	2.08589	4.4643	4.97844	3.39585	4.39259	4.71334	0.737733	2.72925	2.50993	5.82204	6.73293	1.44234	3.83615	2.09346	4.90138	1.79773	1.86754	2.16114	4.63532	4.57672	3.84859	4.01449	2.99678	0.64513	2.68807	5.00075	5.57539	2.8662	2.0858	2.93218	1.61994	3.04436	4.64563	5.04801	3.47008	1.79771	2.52887	5.78666	1.9014	1.47526	3.35803	4.04996	2.15364	1.13154	1.78881	1.47526	1.52846	1.39724	1.79771	3.22241	2.29025	2.02357	1.78881	2.4324	3.61835	3.41448	0.400104	2.35223	2.08589	2.4324	2.32497	1.9998	3.12188	3.22241	2.68807	3.7903	4.91111	2.88285	2.43233	3.28121	3.22241	6.30078	8.65739	9.80936	16.2272	17.6467	11.9793	20.9624	6.32077	6.59372	5.39363	1.26507	0.178938	1.07351	1.93483	1.08832	1.61002	1.44234	1.14564	4.52092	4.3013	2.26228	1.44235	1.69704	1.99974	2.15364	0.912344	1.79773	1.96755	1.61994	1.44235	1.44238	2.65828	3.90209	4.49628	2.8662	1.14564	1.36247	0.5368	1.64926	0.400104	0.963541	0.565827	1.68766	1.43121	0.800169	3.4331	3.7565	1.36253	2.50993	5.28404	3.3248	4.124	3.86526	5.07323	5.47246	4.91127	4.43598	4.5525	5.25099	2.8662	3.91824	2.82702	3.12711	2.82702	2.4324	3.59189	3.93047	2.68219	3.04434	3.95462	2.16114	3.12197	4.71355	7.08769	6.69579	5.34673	5.42607	7.8243	6.5915	5.59819	7.11422	6.17732	4.16627	3.03917	2.65825	5.26898	6.71427	5.18744	4.34914	3.122	10.2145	8.35214	2.18322	2.91048	4.11239	3.75659	2.82702	2.56028	1.20016	2.35223	2.99678	0.912344	0.253063	1.36247	0.565827	1.14564	2.52891	1.78881	6.23793	5.54127	3.6839	2.27638	2.68212	3.19756	1.20016	0.64513	2.32488	4.90138	3.92228	2.4908	2.73518	0.253063	2.33178	0.912344	1.36247	1.36253	2.56028	0.894644	2.49071	2.16106	2.0393	1.26507	2.70584	4.51752	5.07323	4.56301	2.33184	2.88834	4.3013	4.46435	3.40053	2.40602	1.82423	1.93474	6.52417	7.54965	2.32497	6.31581	1.47522	1.44231	1.39732	1.99983	3.47008	4.97205	1.79771	0.737733	4.16988	5.27199	4.37815	2.49071	2.2409	1.43121	1.92654	3.18272	3.04443
3.22207	2.39901	0.800085	4.07307	3.76896	3.33876	4.57624	5.78605	2.79825	3.40017	2.33153	0.253022	3.9178	2.56001	1.86734	2.08557	0.536744	1.61975	1.60985	0.357835	2.60328	6.06043	3.86466	1.44218	3.90157	5.038	1.93462	3.73062	2.35198	6.17891	7.15926	1.79752	3.9942	2.65797	5.53215	5.00034	4.43551	3.43754	4.87175	5.39902	5.00969	4.67237	4.14275	2.70552	0.506062	2.79253	4.75306	3.05968	2.43215	1.69686	0.565785	2.03909	3.04395	3.61795	3.76885	3.39085	1.93462	3.92187	4.1081	2.18299	4.08084	5.86468	4.03	3.29556	3.19736	4.18104	4.96217	4.94935	2.29013	1.5283	2.35198	2.97507	2.40564	1.08819	4.92344	4.63137	2.24067	3.35768	1.61977	1.36233	0.963404	1.78857	2.91002	2.16083	1.99955	3.19722	4.31553	3.51981	2.91002	2.33148	2.77537	5.97922	7.93814	9.95763	17.8665	17.4877	11.0953	19.2881	7.76729	8.89507	5.97922	1.8415	1.44223	2.08557	0.715642	2.17559	2.09331	3.04404	1.8415	3.46966	2.79253	1.14546	0.737655	1.44216	2.27602	2.68177	0.506062	1.20003	1.44216	1.13142	1.20003	0.400062	1.20008	1.08819	3.23691	4.31932	2.82672	2.38568	1.9012	1.99953	2.21199	2.57874	2.26204	1.0882	1.9012	1.59986	1.93453	2.68777	3.76896	4.35966	6.36748	6.59336	5.35505	3.6792	2.6819	3.76885	3.26148	2.49054	3.56031	4.4174	4.30088	4.30084	2.14603	1.44218	1.79752	2.35202	3.43743	3.33867	1.78866	2.68184	3.61797	1.61977	2.03911	2.27602	1.5283	2.65786	0.912248	2.15352	5.42524	4.16944	3.56031	3.40019	2.68779	2.63979	0.894526	1.79752	5.27144	5.00022	5.21128	6.53335	4.20376	6.76946	7.1747	3.71794	2.658	3.75617	2.68777	2.16083	3.68335	2.26196	1.59986	1.86729	1.53879	0.565785	1.04313	1.30231	1.14546	1.6874	0.737655	7.8113	5.18665	2.26196	1.39717	0.737655	2.15347	3.32445	4.55207	5.58624	5.3638	3.6443	1.92626	0.715642	1.9012	1.26491	1.04313	0.894503	0.894526	3.6834	3.37203	4.76323	3.99432	3.33867	2.27602	2.79825	1.9012	2.48413	3.918	3.82346	4.20367	3.12155	3.37187	2.40564	1.0882	1.64908	2.33148	4.55186	7.56749	3.43743	4.80617	4.64516	0.912229	1.52836	1.76163	2.82663	3.78982	1.04313	1.26496	5.02854	5.60015	3.04395	1.99953	3.05443	1.82403	2.14603	2.35202	2.56009
2.9962	1.0733	1.28985	2.08549	3.71762	2.90992	4.80575	7.01483	0.89447	3.39987	1.53866	1.77045	2.65762	1.4421	1.68733	1.13132	1.19992	1.26485	1.79736	1.78841	3.99385	5.58273	2.3988	1.08811	3.68307	5.27097	1.90113	3.29515	2.15327	6.17837	7.15864	1.60971	4.4741	2.48391	4.63455	4.96173	4.50613	3.85622	4.67195	5.00925	5.39855	4.87132	4.55153	3.78533	1.13132	2.28981	4.01369	2.21185	2.1828	0.912167	0.565735	3.04368	3.04368	1.69671	2.90987	3.39055	2.6816	1.04309	3.93377	3.03852	4.55148	7.24569	4.16922	3.29527	3.19708	5.00929	4.92326	5.49445	3.9939	1.08809	2.9962	3.71743	3.16184	0.894447	6.67537	5.35434	4.46343	4.56192	2.38547	1.84125	0.73759	2.28981	2.65762	1.26483	2.21179	3.19694	3.39045	4.9583	3.6657	0.912148	2.55978	5.27097	9.39816	13.5756	17.865	15.1697	9.15499	17.496	9.09403	9.84342	6.21652	1.84134	1.79738	3.07495	1.59972	1.78846	2.50944	3.04377	1.84134	2.24047	2.28981	0.400026	0.963319	1.19992	2.78083	2.93161	0.506017	1.44203	1.19992	1.13132	1.44203	1.14536	1.44207	1.52817	2.08549	4.47777	3.75584	3.28544	3.6657	2.72872	4.80572	2.57851	2.86009	2.09305	1.64891	2.57838	0.73759	2.03899	4.01386	4.3006	5.7089	6.66864	5.24714	3.53771	2.88789	3.57788	3.12137	3.04377	3.78533	3.21689	3.99397	3.29523	1.59978	1.64894	2.43186	2.86565	3.04375	3.1213	1.92616	2.50944	3.16691	1.61962	1.6196	0.758961	1.3022	1.90103	1.69671	2.24057	3.78533	2.40543	4.71245	3.75584	3.85613	3.61763	0.645036	1.60971	4.12312	3.83558	5.17424	6.6756	6.78054	1.44207	6.59975	4.67201	2.68167	3.39989	2.03899	3.12636	4.93586	2.26176	0.715579	0.89447	1.69676	1.84125	0.253013	1.52817	2.40543	0.963319	0.400043	7.31448	5.43639	1.43093	1.4421	1.19992	1.86718	3.32416	4.97761	5.70883	4.31532	2.26184	1.47494	0.715579	2.65762	0.758961	1.04304	0.645004	1.99935	4.80575	3.99397	4.76281	5.00925	4.94871	3.78949	3.03845	0.400026	3.76852	3.96607	3.82313	2.73465	2.88778	2.88224	1.14536	1.25213	1.44206	1.84125	3.54651	5.20147	5.66699	2.09312	6.39635	4.32248	1.64898	1.86718	1.97527	2.27582	2.03891	2.49023	4.55148	4.6069	3.04368	2.72872	3.5195	1.82387	2.14584	2.86565	2.48391
1.28979	2.26163	2.55963	1.19987	0.89433	1.69654	3.82253	6.47627	3.05916	1.99918	0.399985	3.52364	3.22151	2.17523	0.178886	1.36214	0.399985	2.17523	3.12108	3.7555	4.63395	4.11107	1.30207	1.13121	2.79199	4.1801	3.16173	3.43686	1.86701	5.58215	6.84902	5.0718	3.75125	1.36207	1.30211	2.0853	2.52822	3.2363	4.1801	3.99343	4.85443	4.18385	3.43672	4.20287	3.16671	2.3853	2.03869	2.54088	3.2853	3.68285	3.57321	2.68134	2.03872	2.16053	1.99918	2.02296	2.18246	2.0388	1.79719	2.15305	4.1227	5.84733	3.57753	1.64886	1.4308	3.57756	4.43473	2.77494	3.61728	3.90098	3.23635	3.83501	3.32364	0.75888	7.8098	5.45903	4.78871	5.39801	3.39024	2.14564	0.799976	1.78822	2.65737	1.2647	1.84106	2.77485	3.23635	6.18548	5.5992	2.0388	2.16041	4.31836	9.7292	14.8466	17.2947	15.7076	3.92111	14.6092	13.3987	16.0586	15.212	9.45013	5.24958	5.2009	2.95839	1.99918	1.1998	2.3311	1.043	1.77026	1.44188	1.14532	1.69661	1.99923	1.64874	3.16659	1.25201	1.64874	1.1998	0.399985	1.61944	1.97507	1.9751	1.69654	1.84106	1.76123	3.94546	5.03704	5.17342	2.65737	5.99127	1.69661	1.76123	2.94762	0.536644	2.73432	1.84117	2.48997	2.65737	1.78835	1.78835	2.17523	2.9096	2.63944	2.6873	3.04345	2.77494	3.61292	4.23294	2.03869	1.36207	1.9751	1.44197	1.82365	2.39855	3.03813	2.55953	2.77485	2.5092	2.43171	2.55953	2.14564	2.26163	1.47484	1.64874	1.04293	1.96698	3.07483	4.30009	3.21658	3.93324	3.22142	2.88194	4.31846	2.54088	1.97507	3.03813	0.737515	0.565683	3.54614	6.29891	5.05303	7.81018	6.26662	4.57216	5.18597	4.24438	1.93416	5.59627	2.7226	0.505937	1.51749	1.13121	2.32419	1.52808	2.48354	3.32364	1.2647	4.29276	7.22557	4.3147	1.47479	2.43171	2.9096	1.60956	0.644936	2.7226	3.26081	2.0388	1.04293	1.08798	0.715509	3.05385	0.799976	1.07319	1.08798	3.1816	4.57185	2.90946	2.15299	4.16484	5.93304	5.42417	3.43672	1.9751	4.63048	1.68707	1.14532	1.93428	2.21157	2.15299	0.565683	0.912057	0.89433	1.51749	2.57811	3.26081	6.6276	6.75691	5.8825	4.16863	2.15308	1.76123	1.44188	1.86693	2.7226	2.72843	3.43207	3.78494	3.90083	3.76806	3.03813	1.79721	1.96698	2.88205	2.40534
4.85405	3.35673	1.52792	1.52787	2.35135	1.96679	1.76107	4.99882	5.49339	2.82595	2.32407	6.6742	5.58468	4.82138	2.50893	1.78816	3.78472	5.07745	4.94796	5.19454	3.4688	1.25189	3.1259	2.52802	3.23603	4.17986	4.68476	4.7151	3.57284	5.18531	5.87932	4.95757	2.03859	0.799859	0.894251	1.1452	2.21142	3.43646	4.4768	3.99312	5.80357	5.59867	4.02887	4.93509	4.51577	2.32407	1.08788	2.60262	2.65725	3.79734	5.42398	4.34746	1.68692	2.65722	3.21626	3.41323	2.33089	1.90076	2.57801	2.40509	3.39923	5.14864	6.93284	7.9265	8.68312	10.9283	12.8105	10.9852	5.84711	2.33094	1.687	3.99312	3.85538	2.03859	7.50521	5.18519	2.77459	4.37655	4.55081	3.6825	2.21142	0.565625	2.86509	2.50893	1.99903	2.82592	3.51895	5.88462	7.1727	4.16834	2.39833	4.55058	8.81558	11.5074	14.3157	17.9201	9.40975	6.32597	14.1923	19.1955	22.3967	17.1778	7.98689	7.82907	4.76178	3.76783	1.86682	1.14514	1.04284	1.99896	0.399949	0.71544	0.91199	1.78807	0.644911	2.97423	2.02278	1.68692	1.362	2.79758	3.16639	2.68703	2.09271	1.13114	1.19969	1.30195	3.33782	6.91222	6.87809	2.40509	3.12069	4.71173	3.57284	1.79701	1.69638	2.57801	3.51895	2.43146	2.24003	0.644879	0.565625	1.2646	1.92579	2.48984	3.03793	2.85953	2.48984	4.10694	5.53058	5.07745	4.31817	2.15291	1.08788	1.52792	2.50895	3.12067	2.39833	2.24003	2.79746	1.82352	1.6094	2.24003	1.44178	1.82348	2.33087	2.28948	3.04325	3.66518	5.02416	5.92476	3.07451	1.99896	0.505919	2.68701	2.52793	1.99896	2.55929	2.33087	0.71544	2.32398	4.4946	6.77945	7.48047	4.89972	3.37108	3.28493	5.02401	1.1311	4.71154	4.39089	2.16022	2.70479	2.88733	2.43146	2.03851	3.05886	5.28211	6.31355	7.33473	5.83893	1.69643	2.63905	3.94508	4.9703	4.80173	3.6825	2.94742	1.44178	1.36194	2.9092	1.44179	1.99899	2.52793	2.02289	2.72246	4.63365	5.77369	3.75513	2.08499	2.08499	3.76772	5.70751	5.80348	3.22116	0.737465	4.12233	3.85538	1.90066	1.59947	0.963167	1.30195	0.963167	0.357734	0.894251	1.26456	1.61929	2.65722	5.02416	6.25596	3.66518	0.963132	2.24013	3.94512	3.33773	2.27538	2.28937	1.76107	2.90925	3.43646	4.40894	4.63006	2.60262	3.7679	4.15319	4.32186	4.39108
6.62389	4.50464	2.03835	3.50947	2.38485	0.7374	1.19964	2.55912	4.41577	2.70451	3.04289	7.43133	3.43622	5.34398	2.68678	3.50956	4.2022	3.43622	2.38485	3.08448	1.08778	2.90899	2.65699	2.0849	2.60239	2.52775	1.59933	2.17482	2.35115	3.78426	2.72211	3.29417	2.79722	0.911909	1.61915	1.0878	0.399913	3.28449	4.1679	1.82332	4.76136	5.70708	3.22094	3.05855	3.28452	2.90894	2.18207	1.04275	0.7374	1.68677	2.35115	4.96969	4.7111	1.19958	1.99881	3.22092	3.22088	0.178853	2.55906	3.82205	4.90894	4.01273	4.292	6.37754	7.66968	8.89916	8.53636	10.186	8.09111	5.97727	4.16812	4.99836	4.76136	1.92562	5.95586	5.05179	1.14504	0.963047	1.69628	2.18218	3.35644	2.03833	2.16003	2.32378	1.30187	1.44167	1.47452	3.03759	6.52109	5.20909	2.78005	6.56912	9.19963	7.69165	7.98615	12.2524	14.6207	6.08155	2.79733	5.63772	15.4504	21.3474	11.2788	9.00598	4.5502	2.68678	3.04289	1.76098	1.78795	1.52774	0.565575	1.08778	1.073	2.99535	0.911909	4.01256	1.8666	1.36182	1.99885	2.94716	3.29422	2.39812	0.963047	1.53815	0.644822	2.52766	0.536545	5.03614	6.09977	4.34339	1.76091	2.93093	4.6843	2.79733	2.21117	1.26449	1.97473	1.19964	0.715377	1.76098	1.61916	0.911909	0.644854	0.799788	2.15261	2.27518	0.644822	1.92555	3.57243	4.47304	4.83081	2.97397	1.073	1.19958	1.60926	1.78791	2.23984	2.16003	2.95786	1.99879	0.357702	2.09246	1.79686	0.799788	1.64854	2.54038	1.64854	0.644854	1.44167	3.4685	3.93264	1.01162	2.17478	1.44165	3.43611	1.30183	1.131	2.43117	1.61915	1.44167	1.92562	3.0533	2.40475	0.894194	1.78795	2.50873	4.23219	1.90049	2.7915	5.93464	3.61661	2.18218	3.45012	3.04298	4.71113	2.50236	5.11122	5.41469	3.75478	1.26447	1.26445	2.78005	4.93448	4.46223	3.68218	3.99289	3.67784	2.88156	1.28954	3.68199	1.36182	1.86665	3.05341	2.79164	3.99285	6.08173	4.74148	2.2753	0.894194	2.97397	4.8044	5.03614	3.91635	2.77442	3.61226	1.131	4.94732	3.43611	1.19958	0.799788	0.799822	1.44163	0.252942	1.26445	0.758746	0.565575	0.911891	1.04275	3.43146	1.59926	0.505874	2.0848	3.39424	5.20001	3.27965	1.92555	1.47456	2.60232	3.43146	4.1679	4.07151	1.39665	2.2753	3.08453	2.03843	2.68678
6.13508	3.54514	1.99858	3.29383	1.01151	1.93361	1.61897	1.61899	3.89972	3.64264	3.41261	5.42265	2.39797	4.31348	1.51715	3.41261	2.33044	1.4415	0.644754	2.03814	2.15243	2.7912	1.14492	0.894077	0.962945	1.44147	0.644785	0.911813	2.50847	3.05298	3.22051	3.6816	2.18184	0.252915	1.04264	1.84054	1.84062	4.12157	5.00735	4.35759	5.45469	6.02888	2.2396	2.50847	4.46538	5.31987	5.90234	5.63712	4.31365	3.99235	2.65662	3.93213	5.43142	1.51715	0.357664	2.17459	4.72411	1.99864	3.03201	2.15238	2.32357	3.25993	2.79704	3.7671	4.23193	3.68174	2.88666	8.22738	5.72866	3.99242	2.1525	2.15238	4.64295	4.41907	5.04509	4.31714	1.04268	2.1525	1.28941	1.9986	4.80391	3.57205	3.22058	2.82528	0.8941	1.28934	1.51707	2.4045	6.09384	5.42267	3.64257	7.145	9.6663	8.3754	7.85161	10.0391	16.1945	11.1301	9.89777	9.47332	12.3061	22.9824	12.4022	8.43996	5.70656	3.18087	0.962945	1.04268	0.911794	1.19946	0.357664	0.715301	2.32357	2.90869	2.28892	4.57056	1.13088	1.19946	1.44147	2.08468	4.12157	2.15243	1.30169	2.03814	1.36173	2.82528	0.911813	2.48926	4.46182	5.3524	5.17517	4.29149	2.32362	1.08767	1.26435	1.04264	0.911794	1.30169	0.715301	0	1.44151	1.68667	1.13092	0	1.92535	2.50847	2.63865	2.43092	1.78772	0.536488	3.93213	4.39004	1.64834	1.28934	1.07288	1.4415	2.09224	2.15245	3.41261	3.93224	2.54012	2.88677	3.51827	3.07391	2.50847	1.19951	1.13092	1.13092	0.737322	0.644785	4.39004	2.88666	1.59909	1.14492	2.55877	2.52753	3.18087	4.0123	4.39023	3.75447	2.55887	3.03734	3.39858	3.32287	4.07906	4.34662	4.99785	3.50919	3.08421	4.95956	4.16366	1.64827	1.26434	0.911794	5.53795	4.62917	1.84062	0.911813	1.26434	1.26435	1.04264	2.2396	5.26592	5.58057	1.3965	2.86454	3.18087	3.27945	1.78772	5.97646	4.56036	2.99513	1.76073	0.96298	4.02799	4.34648	0.178834	1.07288	0.644754	3.71599	5.18419	3.61623	2.70427	2.88125	4.90826	1.61897	4.79395	3.66428	1.08767	2.86456	3.86301	5.10757	3.99247	0.799737	1.08769	0.536488	1.59909	2.14501	3.51813	0.399871	1.44151	4.25791	1.64827	6.17342	3.61623	1.8664	1.30173	2.32353	4.35738	4.62917	3.61625	1.76985	2.43101	1.13092	0.894123	2.93047
5.17472	1.44137	1.9984	2.03793	2.03804	2.88095	1.26424	1.53785	1.68644	3.0319	3.96418	1.47423	2.48273	1.47427	2.94652	2.03801	0	1.30161	1.64822	3.1605	3.71585	1.28929	1.44137	1.60895	0.565465	0.565447	1.19935	2.03801	2.35069	0.399836	3.68141	5.75294	5.9893	5.4428	4.50399	5.14719	4.35721	4.97525	5.30157	4.95617	7.17069	7.97887	5.19922	5.93381	7.1709	8.81358	10.3053	9.35798	6.77281	5.14706	3.58949	1.30158	3.92785	4.47218	3.51796	1.59902	2.55854	3.22031	2.14482	2.40428	3.05799	7.44494	9.66424	9.75294	9.77972	7.33272	8.32051	8.02549	4.66974	3.11991	2.77966	2.03801	2.15969	5.59729	5.73925	3.81709	3.05282	4.10975	3.96411	4.07073	3.79607	2.53976	2.18165	3.05271	1.61883	2.15219	1.52744	1.64813	4.80347	5.55181	5.0227	6.41059	9.08648	9.2182	9.18135	11.1837	17.7226	14.9282	16.5367	18.2056	6.0884	18.2549	17.8709	15.0448	11.4413	6.82136	3.19542	1.53793	1.84046	2.52726	2.40441	2.93036	3.64232	1.44141	2.90838	3.91966	2.15961	1.1994	0.96286	4.14047	5.63658	4.03961	2.57728	2.50823	2.02232	3.61162	3.1655	0.911714	2.97354	6.04944	6.86949	6.69134	5.81841	3.83375	2.33028	1.97433	0.178818	1.26422	1.13078	1.64815	2.72755	3.28403	2.94659	1.79653	1.19935	0.565465	1.59895	3.4122	1.36156	1.13082	3.11979	3.78776	3.08394	1.08757	1.39638	2.35069	2.50823	2.03804	3.35592	4.6935	3.52249	3.66415	4.60494	4.54951	4.63921	4.66989	3.68146	2.82515	2.97354	2.82512	3.12487	2.82501	2.1744	5.03536	3.57183	2.53976	3.67713	5.4573	6.37631	6.9309	6.91053	6.23156	5.69508	5.30162	5.43115	4.80364	5.83729	6.23156	6.12969	2.40441	3.6813	4.5493	0.799666	2.72158	5.66431	5.199	2.08449	1.82297	0.962895	2.03801	1.39638	1.86623	3.78769	4.94637	2.53989	3.93188	3.52249	3.54501	6.02835	7.80297	3.07364	3.96405	3.08394	3.78365	4.63912	2.88092	2.02221	0.178818	1.86623	3.84602	5.30139	4.10966	3.37013	3.11988	5.26848	2.7333	4.40768	2.90838	2.82512	5.07288	4.54951	4.99753	5.97345	5.04472	2.82515	1.64822	1.84038	3.28388	1.79651	0.399836	0.799666	4.62876	1.84038	7.0494	4.01179	2.88092	2.55864	2.55862	4.54932	4.95595	2.79667	0.894021	1.01147	2.15219	1.36161	4.31676
2.17419	0.893934	2.27449	0.565413	2.38417	1.93336	1.01131	2.94622	1.51688	2.5269	1.28918	2.23917	1.1447	1.2891	3.03142	0.893964	2.33001	2.1595	1.84029	2.70377	2.28864	2.7213	2.3974	1.13072	0.644629	0.644629	2.7213	1.43011	0.505696	2.55831	3.91949	5.826	5.59396	5.52863	4.71001	4.46108	2.53967	2.90814	2.7213	1.59879	5.10947	6.43434	4.46115	4.07057	3.83341	4.40749	4.7502	7.08865	7.60774	4.43232	2.65611	1.43011	0.799594	2.88074	4.07051	3.72828	1.78749	1.07268	1.51688	1.01131	6.3407	7.12402	7.06247	6.84606	5.89861	8.03249	11.7425	7.65073	5.02519	1.19923	1.08746	2.50801	4.62828	3.35544	2.48251	2.1595	2.68599	2.35047	4.34565	5.66092	3.41193	3.75372	1.84029	1.76942	2.18142	3.18009	1.30145	0.505696	2.88611	4.12075	3.89898	4.3892	6.83646	5.7822	4.54891	5.94628	12.5455	6.87346	7.40211	14.7967	10.1284	9.05843	16.3496	14.5576	10.608	8.02662	5.95409	1.13067	1.47413	2.50798	2.2393	2.48251	1.64804	1.78737	1.89992	2.73302	4.23093	1.69573	3.61553	5.68593	3.39325	2.72731	2.21059	1.52728	1.2641	2.15205	2.85845	3.38849	1.78737	2.17414	3.58913	3.11959	4.02736	4.63879	3.9917	2.94622	1.30145	0.399794	2.02199	2.79638	2.32999	1.68637	2.52697	2.35042	1.30149	1.39626	3.042	2.82475	0.911647	1.79635	2.88057	2.09184	2.65611	2.9299	1.30145	1.82278	2.3974	0.399817	0.565413	2.79638	1.64799	1.26412	1.36149	2.38409	2.4042	3.53572	3.41198	1.84029	2.27465	3.44914	2.18157	2.72714	5.75765	5.45381	5.28013	6.45379	3.43044	1.78749	2.2393	3.27887	4.50359	3.91545	3.25934	2.03786	3.28354	2.32992	1.97413	3.04212	3.5447	4.8717	2.18142	6.92984	1.26407	3.82071	5.49107	4.46085	0.565389	2.53949	1.64795	1.07268	1.14477	2.32999	3.16508	2.65608	1.14477	2.63803	1.53769	0.737164	7.46893	8.76464	1.44128	2.53949	1.90005	2.94632	2.21052	0.893904	2.40403	1.30145	1.92498	3.03669	4.12075	3.58913	1.99822	2.65608	4.79962	2.08418	4.16286	1.01131	4.12075	3.042	0.911622	0.178801	2.52697	4.63867	3.66382	3.042	0.758519	4.54882	0.178801	0	2.864	3.78739	3.18009	6.92079	4.66915	3.27867	1.6187	1.6187	3.61553	4.41798	2.23917	1.19929	1.44128	3.03669	0.737164	4.10912
0.737114	1.08736	2.48856	1.69563	2.86373	1.82265	2.39719	2.97282	0.737114	3.2929	0.399758	3.04164	0.758452	1.39603	1.82261	1.51672	1.28898	0.644572	0.178783	2.18123	0.252844	3.61521	3.2196	0.505678	0.799477	1.28898	2.79041	0.799477	0.399775	3.68056	3.21963	2.68573	2.32292	2.88039	2.92979	1.8401	1.44107	2.52668	2.79041	1.59864	3.44866	4.81579	4.35637	4.07403	3.61536	1.14465	1.64783	6.29534	7.78748	5.37442	3.75335	2.6798	2.17394	0.737114	1.44107	2.17394	2.17394	1.13056	0.505678	1.44113	7.50167	8.2382	3.6807	3.03131	1.25129	7.40948	10.1199	7.98313	6.36249	3.04171	2.32972	0.893847	5.63526	4.74946	0.962673	0.644572	1.76926	1.53755	3.78696	4.89716	2.88595	4.51363	3.84541	2.23907	4.316	5.34793	4.0112	3.12441	2.15184	3.36932	3.2929	4.06994	6.81059	5.98523	3.71495	4.868	9.02653	3.19494	5.9749	12.7586	17.9391	3.68058	13.2178	15.1802	11.9693	8.28897	5.83596	2.6798	1.82261	1.99801	1.6479	2.79056	3.15989	3.78708	2.03764	0.911537	4.70928	3.2929	3.7828	6.70156	5.21937	2.39729	1.14459	0.911537	0.962708	2.60138	1.99807	2.43021	2.86373	1.39611	1.52714	2.35024	2.50774	1.96585	3.68061	3.75333	3.52181	3.91504	3.33623	2.77327	1.68612	0.505678	2.15184	3.0574	2.43033	3.28337	4.54858	3.43493	3.61538	4.87145	4.46063	2.08409	2.72106	4.15105	2.32978	2.3502	3.07289	0.536336	1.04239	2.48856	1.19912	1.01122	0.962673	1.68612	1.44107	0.89387	3.27838	0.399758	1.93306	2.90797	4.25692	5.1462	6.81987	3.33614	3.44866	7.65006	5.35076	1.04234	1.86587	3.19494	4.07015	3.29307	2.88036	1.14465	3.91486	3.11921	2.32296	2.90797	3.0418	5.02474	1.64781	6.72716	1.61854	4.40682	5.68543	3.32176	0.911537	2.95671	2.55807	1.6862	1.89985	2.6798	2.73277	1.97394	0.911537	2.48214	1.30132	0.536336	5.82518	8.77991	6.27314	4.70952	3.68072	2.90786	1.84002	0.89387	1.79616	1.61854	1.04234	2.53927	3.04164	2.53927	2.72689	2.97282	4.07776	2.68575	2.53927	1.39611	3.71495	1.53755	0.178783	0.357563	0.962673	2.27429	0.758452	3.82037	1.36135	5.42115	1.14465	0.893847	3.46703	2.32983	4.99643	4.95499	4.65176	3.68061	2.48865	2.4303	3.7278	4.31226	2.50776	1.93316	1.44111	2.32972	0.565337	3.12427
0.644546	0.893761	2.03736	1.97377	3.05706	2.52648	2.88001	2.72661	0.644546	2.79012	0.178766	3.04132	0.252804	1.14447	1.1305	1.82248	0.357529	0.178766	0.644504	2.42995	1.04223	3.61483	3.46667	0.505633	0.357529	1.78703	2.28803	1.28884	0.536284	4.93205	3.91445	2.68547	2.50749	2.28819	2.90771	2.32956	2.181	2.52641	2.28803	1.59848	1.96566	3.59299	4.47091	4.15084	4.13928	3.59279	2.32263	3.78656	5.6932	5.57004	4.49196	3.25863	2.60104	1.30119	0.399739	1.78709	2.60104	2.08377	1.13045	1.79601	6.27218	9.46127	5.62638	4.28241	5.73728	4.80205	6.22942	8.43675	6.58507	4.28972	3.81997	0.644546	5.63467	4.99579	1.68594	0.89373	1.26382	1.53739	3.28287	3.43442	2.72678	4.16231	4.99279	2.1517	5.80292	5.71266	3.96306	3.78673	1.64775	2.88001	2.79012	3.07257	6.07858	7.71422	4.95765	5.10848	6.0448	3.64128	6.4308	10.0858	22.8361	12.154	13.2165	18.5597	14.836	6.79834	4.15062	3.25863	2.72078	1.76005	2.32269	2.79031	3.17969	3.50788	2.3837	0.911445	3.9628	4.7987	1.99789	5.17322	6.058	3.99083	0.644504	0.565303	2.09143	2.88012	1.76014	0.399739	2.35001	2.15161	1.08725	2.21016	3.11889	1.79601	3.05706	3.39729	3.43001	3.93088	2.90771	1.79601	0.962574	1.13045	1.64775	2.90765	2.40373	4.10847	4.54816	3.2831	3.61506	5.07458	3.93088	2.52653	2.72078	4.86749	2.32956	2.99389	4.06951	1.19899	1.26388	2.03736	0.536284	1.01112	1.68594	0.962574	2.181	0.962621	3.52128	2.15155	4.6818	3.76568	4.21158	5.27911	4.99594	2.32269	2.77299	7.40872	6.5659	2.03732	4.01059	4.28241	4.06979	3.51696	4.17731	1.19906	4.15062	3.3358	2.70325	2.97269	3.12414	2.73249	1.89955	4.99579	1.26391	4.89665	5.68484	1.83983	1.36116	3.43442	2.77299	1.64775	1.93299	2.50752	2.32953	1.97375	2.32947	3.21926	0.737045	0.399739	3.03619	6.6446	6.61393	4.80231	4.02658	5.42059	3.32141	1.08728	1.14455	1.26391	0.252821	2.539	3.04132	1.53739	2.9725	2.72661	2.73249	3.04141	0.565279	1.441	1.9978	1.53739	0.399717	0.357529	0.737021	1.76907	1.26382	4.31913	1.97375	5.65983	1.30124	1.08725	3.21926	3.39727	4.47435	1.78709	3.67587	3.05706	2.48842	2.55788	4.17731	4.31182	2.09153	2.21016	1.99784	1.83983	0.565279	2.15897
1.8223	0.71496	2.17355	1.99769	2.32242	2.39672	3.36867	2.48165	1.86556	3.21411	1.4737	3.53447	0.799356	1.44081	1.52685	1.47366	1.68579	0.644478	0.71496	2.40335	1.44079	3.15911	3.21898	0.893697	1.19894	2.50725	2.68521	2.38346	2.6374	5.69269	3.84453	2.1514	2.70298	2.02153	1.07237	2.28783	2.32242	2.82394	2.32247	2.79571	2.82403	1.30107	2.94537	3.99053	4.16563	4.73857	2.15877	2.03714	3.8321	4.51261	4.64073	4.84438	4.4916	3.68001	3.46653	3.12381	3.04114	2.73224	2.32931	2.68523	7.47528	10.9526	5.27847	4.80159	7.49816	4.17693	4.79828	7.66486	5.7037	4.38796	4.58576	3.07245	4.63724	3.86099	2.9073	2.03714	0.91136	1.14437	2.08359	2.86317	1.04219	0.399681	3.33549	3.66273	6.73528	6.11942	4.50225	5.59503	3.68001	2.85762	2.94537	3.29231	4.21093	7.56037	7.16782	6.20102	2.90725	5.87526	5.87802	6.60597	25.0059	18.5582	10.2994	20.8375	16.761	5.83484	3.50743	3.43416	3.76527	2.90736	2.50725	0.962521	0.252795	1.26373	0.565227	3.41105	4.41332	3.42947	1.89948	2.70294	4.18068	4.16168	2.48165	1.79583	4.02617	4.80179	3.86118	2.02153	1.47366	2.20988	2.67928	1.14443	2.42973	1.47366	1.86551	2.32933	2.82403	3.41105	4.25609	3.42965	1.89948	1.6182	0.736971	1.47366	1.01108	3.52097	3.11858	2.02153	2.7728	3.21905	2.18091	3.39227	2.67928	4.18068	1.52685	2.82392	4.04568	1.6182	1.75989	1.78687	0.399697	0.893674	1.44079	1.19894	3.41095	2.6374	4.4916	5.31735	5.76975	3.55692	1.64758	3.1186	2.32242	0.505553	1.93269	6.31408	6.68847	4.07324	7.29129	5.59503	3.81983	4.40615	6.35401	6.04979	4.28946	1.99763	2.1808	1.14443	3.11867	3.52113	3.05163	3.03583	0.644478	4.29667	5.24236	1.60832	2.52624	3.72707	2.42976	0.565245	0.178749	1.52685	1.93269	1.93269	2.70294	4.2857	3.21914	1.86556	0.252795	2.09124	3.21905	3.41095	3.46636	6.04947	3.8321	1.64755	1.64758	1.78696	1.01108	2.57616	3.07229	1.30107	2.82392	2.03714	1.93269	3.21898	2.38341	0.565245	1.14443	2.52628	2.28795	3.03596	3.17935	3.05163	2.09131	3.81963	2.40335	4.86706	2.32933	1.64751	2.50727	5.54966	3.67999	2.39682	3.29231	1.82226	0.357494	1.82226	3.9141	4.406	1.64755	1.82226	2.1514	2.86319	2.42986	2.70298
3.23354	3.15883	2.77833	3.29214	1.92433	2.32906	3.54314	2.28763	2.39651	2.20969	1.99745	4.16511	1.30096	1.79567	1.9734	2.0835	3.39197	2.0835	1.44072	1.53712	1.25094	2.72029	2.02125	0.799286	1.07228	1.8654	3.67538	4.85058	4.70819	4.82755	3.29202	2.53868	3.91798	3.44781	2.68498	2.38325	3.44781	4.34049	3.75236	3.32099	3.67957	3.7139	4.58535	3.39664	1.25094	3.17891	1.61806	2.03704	3.9901	4.16519	3.95023	5.63391	6.21843	5.19676	5.20588	5.31696	5.65908	6.38065	6.76279	6.99959	10.9685	10.3756	2.03707	4.41635	5.41963	5.5803	6.38039	6.86371	5.4197	5.54923	5.62547	5.29314	4.22955	0.399645	3.46611	4.21056	0.714897	0.911298	1.59826	0.536185	2.23843	2.53868	3.03569	3.42935	5.8344	5.97044	3.72685	5.73654	7.64827	7.21972	6.05444	3.67969	1.44066	5.02027	9.57628	10.4417	5.75022	5.1045	3.91373	3.39666	23.052	24.13	2.03696	21.5539	19.638	8.51775	5.74469	4.85053	5.41108	5.19673	3.41075	2.15128	2.18072	1.76886	4.46287	8.02977	7.32932	3.1184	2.67905	4.28908	3.43392	2.15117	3.38722	3.67952	2.82381	5.10781	4.81785	3.81527	2.60058	1.26364	2.42962	2.60065	0.536185	1.8654	2.72039	3.21885	3.67969	3.83193	4.54738	5.10781	4.74836	3.29214	1.25094	0.644421	1.64743	2.55732	3.9621	2.5574	3.11842	2.87958	1.68572	2.70274	2.39661	2.23833	1.25094	1.99745	2.60058	3.07218	4.11929	3.50712	0.505508	1.14433	0.758278	1.39564	3.07202	3.21876	4.74836	6.86402	6.1396	3.89763	2.97212	2.94519	1.60818	0.357462	1.36091	4.72146	7.19138	7.82361	7.97726	5.02355	3.67971	4.25572	6.27138	7.17627	5.19673	1.52676	1.93252	2.1438	3.92598	3.67971	3.41075	1.7598	0.565178	2.55735	5.35821	4.24076	4.51583	4.84396	3.51629	2.82381	2.90715	1.89932	2.39651	3.55661	3.32099	5.02355	5.98385	5.97062	3.39197	0.644421	2.52605	3.9421	5.02027	6.52648	4.99504	3.46623	3.71408	4.03769	3.9623	3.67966	3.58778	1.8654	1.39564	1.92426	3.46606	4.51222	2.15123	1.59819	1.52671	2.03704	3.12353	3.99022	3.07218	1.99753	1.26367	1.89922	2.85736	3.8152	2.52602	2.50703	1.13025	4.60253	1.30096	1.51629	3.92598	2.87963	2.15123	1.52671	2.42952	4.00991	2.3832	1.44068	1.8654	3.57448	3.36853	4.06895
2.57566	5.43067	2.03678	1.68557	1.25081	3.04046	3.32048	2.42926	2.55706	2.20946	1.99724	3.91332	2.15094	0.911188	1.6472	1.28857	2.85709	2.72601	2.50681	0.399626	0.565144	2.55706	1.08694	0.178716	0.536133	0.758157	2.03686	2.82356	2.18053	1.92406	2.78933	1.79547	1.86523	2.88474	2.4876	1.7687	2.48772	3.39631	2.50681	1.75955	4.70746	5.43939	3.76448	1.26352	2.53846	3.96178	2.17316	1.59812	3.83137	3.67914	0.536133	1.97319	3.9497	2.15103	1.78664	2.3964	3.96185	5.56858	5.36079	5.13201	9.02491	5.41907	3.27711	3.75182	3.1585	4.99439	6.80797	6.05354	3.94171	4.47304	4.19888	2.48772	2.48772	2.79505	2.78933	5.43067	0.758157	2.72584	2.08332	2.52577	1.79547	2.67888	2.17311	0.357428	4.56751	4.99439	2.65485	1.86516	4.04518	5.16888	4.29614	2.70244	0.25275	1.44056	5.74415	10.7729	9.00443	1.28857	6.06408	2.50044	16.2987	25.8592	8.80282	17.8826	20.6408	9.41473	5.31622	3.04058	3.21847	3.39164	2.3289	1.26355	1.93244	2.57583	6.30798	6.90634	4.65013	5.75492	5.04162	3.60949	2.42943	1.14423	1.86516	5.57686	3.21836	0.911188	1.26352	3.59178	3.56958	0.399604	0.25275	1.79547	1.92406	1.08697	1.86523	1.4406	1.25081	1.28848	0.736813	1.69499	2.82356	3.39631	3.04046	1.39549	0.736837	0.758157	4.8171	2.65481	1.13013	0.893478	0.911188	0.56512	0.536133	0.799168	0.357428	0.893478	1.042	2.03689	3.75191	5.19601	2.18038	0.714827	0.962302	1.26352	3.78134	4.93066	1.30087	2.15109	2.53846	1.83942	1.61793	0.962349	0.357428	0.357428	0.962349	2.55716	4.34378	3.92978	2.17316	0.357428	0.178716	0.178716	1.08697	1.44056	4.16088	2.39626	1.01083	2.18038	3.1585	0.357428	0.893508	0.911213	1.08697	1.64728	3.92963	3.58748	3.21845	3.85208	2.23823	2.28755	3.0719	3.23328	2.20946	4.71084	1.64728	1.75964	2.82356	5.34886	6.05616	1.53695	1.64717	1.93231	3.39634	6.6023	4.7577	2.08332	2.25948	2.28755	2.92871	2.72601	2.87926	1.0109	0.736813	2.82337	5.38692	4.14945	0.399626	1.76858	1.83931	0.25275	2.15836	1.25081	1.89902	0.893539	0.644364	0.736837	2.15109	4.49078	3.61401	3.08218	3.21847	5.10403	2.94492	2.39626	3.67483	1.92415	3.0562	1.99732	1.42943	2.90669	3.1585	0.399604	0.56512	3.04046	2.09084	2.77221
1.59788	4.86569	3.85172	0.536081	1.52642	3.35354	3.6745	2.67846	1.30071	2.55691	2.65469	2.88448	2.27321	0.399568	1.08686	1.60787	0.714758	1.52647	2.73147	1.64709	0.714758	1.92389	1.78645	1.52647	1.1986	2.85681	2.70222	2.03667	2.55693	2.39615	2.77195	1.26335	1.4404	2.7256	1.44038	1.30074	1.60787	2.60007	2.52553	2.90648	5.33938	5.81429	3.41002	3.42868	2.65472	4.02495	2.73147	1.26335	3.28166	3.91704	1.04184	0.399585	3.72613	5.032	3.61366	2.63665	5.54811	8.00679	7.5586	7.10478	7.14628	1.92389	4.31388	4.11841	4.45845	5.1956	5.97189	4.93023	2.42905	3.79354	3.79354	1.59788	1.59795	4.63611	5.89521	5.53389	2.15825	3.85172	2.34912	1.93214	2.88448	0.799097	3.05067	1.13003	4.16051	4.63594	3.25741	3.76421	3.11782	2.238	1.14411	3.0402	1.04189	0.644296	1.13003	5.53377	9.95953	6.7334	2.9714	4.80026	13.4763	25.3117	12.6051	14.6585	20.8353	9.81045	4.80024	2.5002	3.19342	4.84959	4.63945	1.93224	1.30074	0.962214	5.91892	6.4184	3.27682	5.89763	6.92599	4.40473	0.399568	1.1986	1.83923	4.04454	3.94934	1.44045	0.536081	2.92825	3.781	1.97302	0.25271	1.26338	2.18019	1.39537	0.644265	0.714758	0.178698	0.962214	1.13003	0.505437	0.644296	2.77765	3.50644	2.90654	1.93224	1.30074	4.29546	3.56926	1.28837	0.536081	0.962214	0.644296	0.565086	0.399568	2.14339	4.14924	4.00927	2.20931	1.83914	4.89484	3.83102	1.59788	1.82178	1.08684	3.96133	5.70211	1.04184	0.565068	0.644265	0.714758	1.52647	1.3607	0.565068	0.399585	0.505437	0.736763	1.26338	1.04184	1.08686	1.28843	0.736744	0.736744	0.644265	2.38274	4.62913	2.50655	1.07207	1.28837	2.94454	2.1803	1.76851	0.893444	0.357393	1.13003	2.60007	2.90648	2.50655	3.19328	0.893422	0.758131	1.973	3.50654	2.90659	3.40991	2.32872	3.27697	3.58713	2.42905	7.05139	2.60007	2.94454	2.09072	0.893444	5.24089	4.86895	1.39544	1.42929	2.17294	3.07158	3.41009	3.16338	2.90659	4.1607	4.69036	5.5905	3.12278	0.75809	1.83914	1.04184	0.644296	2.55685	1.61777	1.89885	0.357393	0.505437	1.92396	2.71987	2.70218	0.565068	1.25069	1.64705	3.12278	2.70218	3.67886	4.80026	2.18019	2.38274	1.3607	1.08686	3.55592	4.3723	2.2873	1.13006	3.42851	2.03657	2.9714
1.99697	1.26325	4.99042	3.76389	0.644239	2.32845	4.99358	4.66623	2.38257	0.911036	1.68524	1.12991	1.75921	0.644197	0.736694	1.39522	1.04174	1.07196	1.97283	2.55667	2.14318	1.52633	2.03649	2.71962	3.03483	3.941	3.11754	3.04009	3.11754	2.2871	2.15061	0.536029	1.36051	1.89865	0.736694	1.79515	2.25904	3.08158	3.46518	3.78493	5.79751	6.40815	5.73495	5.66864	4.70684	4.89442	3.67849	2.73119	2.68419	4.16406	5.03154	5.89468	8.22079	10.3951	10.3435	8.77885	10.5711	11.9555	9.7331	8.16584	3.78502	3.75118	6.09403	4.63558	3.55556	4.30977	4.70658	2.67818	3.03999	4.66616	4.86538	3.85975	4.47232	7.40568	8.18104	5.63238	4.25452	5.89468	6.8621	6.6957	6.29211	5.5761	5.48768	4.51454	3.76384	3.43279	2.40242	1.99689	2.39593	3.19313	2.71962	0.399549	3.15811	3.91283	4.16033	4.28409	5.29129	8.46209	1.4731	6.08351	14.1803	23.7055	11.8829	11.6211	21.5131	10.8718	4.28409	5.79778	7.82143	8.85076	9.53349	7.10415	4.89464	3.50621	5.33883	6.58426	2.48712	5.68215	6.4689	5.29732	2.32159	1.44023	1.92378	1.4731	2.55659	2.49995	0.799059	1.52626	3.05566	3.81418	2.87875	1.92369	2.03635	1.19842	0.505392	1.14401	1.64697	1.7593	1.30062	0.565034	0.357358	1.60771	3.0505	2.97128	2.57533	2.99258	2.77167	4.17907	1.75921	0.644239	0.911036	1.19849	1.14401	0.893365	4.89433	5.88653	6.77244	6.52484	4.10664	1.76823	4.63558	4.89455	3.76398	4.62883	4.9936	3.98887	0.962162	1.7863	1.68524	1.44029	0.911036	1.28823	1.14393	0.536029	0.505392	0.565034	1.08673	1.83895	1.39522	0.962115	1.64688	0.56501	2.48085	3.03999	3.31984	1.28823	1.69459	2.48085	4.64936	6.31209	7.05778	6.37151	4.11816	2.82282	2.09044	2.3825	1.79513	1.64685	1.26325	0.799013	2.77167	2.27313	2.99246	1.76836	3.83085	4.47232	5.69077	5.04101	6.13757	1.92369	3.02939	1.04174	0.893335	2.59981	5.66019	5.95053	5.06601	5.13102	5.19529	5.29762	5.0971	5.14029	5.66864	5.28866	4.10265	1.92369	0.893305	1.83895	1.14401	1.53676	2.34885	2.09044	0.893305	1.04174	1.08676	1.4731	0.962115	0.736694	2.2378	2.90633	2.27313	0.962115	2.48069	2.34885	5.14311	5.19497	1.7863	2.78899	2.48085	3.89637	3.27648	0.565034	1.75921	4.54578	2.34885	4.25424
3.54196	3.40936	0.910926	4.58369	4.31317	1.78602	3.94061	4.82572	4.45759	3.23229	1.04169	1.0106	1.79497	2.32132	0.564976	1.08665	0.893226	1.07186	0.564976	1.3951	1.44012	2.57506	2.77726	2.25881	1.69449	2.32132	0.962028	0.252674	2.0362	1.26317	1.75905	0.962028	1.42902	2.0362	1.52612	2.49971	0.757943	2.32141	3.21754	3.08122	4.28365	6.14744	6.41504	4.95191	4.75645	6.38784	4.33874	3.50586	4.50011	6.29149	8.7885	9.18713	7.78864	7.66165	10.0118	11.2489	10.7757	6.93612	1.07186	1.79497	5.62319	7.33905	4.41122	1.82143	1.83879	4.70951	4.14827	1.82143	2.55643	5.53297	8.51471	7.64534	3.91646	4.11762	1.89858	2.15783	3.08128	3.793	5.67915	7.78268	8.33993	6.925	6.49275	5.91802	5.49865	4.56989	2.88402	1.04169	0.535977	1.76817	3.21758	3.92849	1.9967	0.564958	1.97262	4.28365	6.26885	8.43208	3.58639	5.39135	10.4068	19.4244	16.9132	4.28365	20.0192	14.0207	6.925	10.8937	12.4949	11.372	11.1567	10.1213	9.29388	9.47762	7.10341	3.67812	0.910926	5.19451	6.20825	4.67922	3.58643	3.96069	3.11719	1.44014	1.12981	2.1504	2.48698	1.19837	0.535977	2.3282	3.23229	3.29074	2.77141	1.69444	0.962028	1.69449	2.02057	1.5157	0.893271	1.26317	2.57506	3.793	4.4292	4.29485	3.54196	3.59091	3.21761	3.28105	1.64671	0.252661	0.505339	0.910944	1.0106	1.14389	6.61695	6.29615	2.23757	4.8682	5.748	3.76352	1.39517	5.26415	5.04674	4.02426	2.86183	0.535977	2.57506	2.32827	1.89858	1.83887	1.75905	1.53652	0.714619	1.5366	1.76817	1.64679	1.04169	1.51562	1.47296	1.61743	1.64673	3.51929	3.98863	2.1504	2.55643	4.07519	3.38602	2.90597	2.82271	3.67826	3.36723	3.67826	5.4177	6.40509	2.5377	1.36038	0.798942	1.26317	2.63614	3.25677	2.97083	1.14389	4.07503	3.05532	3.334	3.334	3.71265	5.92872	5.7535	2.17988	2.77141	2.32822	0.736601	0.962028	3.29087	5.13976	4.79625	4.40406	3.51493	3.03976	2.92783	2.39568	1.64679	1.39517	1.08663	0.798942	0.252661	1.44014	1.64679	0.910926	2.71924	1.86462	0.64414	1.51562	0.564958	1.5157	3.54196	4.70637	4.64887	3.81802	3.46489	3.78462	2.88402	0.178664	3.67824	8.55802	4.68938	1.12984	1.93186	2.32132	1.82139	1.78611	0.564958	5.02139	3.21747	4.54538
2.15026	3.63879	2.719	1.39505	5.35854	4.92885	1.9965	3.42754	3.31925	3.46441	0.798871	0.736536	1.26302	2.79401	1.42889	0.961943	0.178648	0.893147	0.564926	1.64658	0.644083	3.05505	2.7191	2.55611	0.564908	1.89831	0.535929	1.61731	2.328	1.26306	2.79401	0	0.893169	2.32795	4.00798	2.85601	3.51898	0.961978	3.19238	2.92743	1.52604	3.07072	3.98828	3.56835	3.2123	6.41422	5.12987	1.69434	2.72496	4.23875	4.49972	3.91208	2.82244	2.38212	3.31942	5.0463	4.86777	1.26306	3.55492	3.25654	5.91731	5.43739	0.893147	0.178648	1.82123	3.56826	3.3526	2.15755	0.910846	3.75051	4.78923	6.42652	2.88366	3.43218	0.910864	0.399455	2.17958	0.564908	1.64658	2.55613	1.30037	1.44004	4.56933	3.23201	2.17233	1.79482	0.893192	1.288	1.42889	1.08655	1.53646	4.10574	4.13654	3.28088	3.39503	4.86432	6.44588	6.3774	2.86158	3.25654	3.02886	12.1502	18.6852	7.86322	15.8267	15.078	4.99279	9.57181	7.84774	8.55736	7.28507	6.07481	5.58916	6.8058	5.87212	1.92334	1.30034	3.33361	7.15291	4.4995	1.61729	2.90572	3.74627	2.90566	1.25034	1.26306	2.20869	2.34842	0.736536	1.39498	2.53734	2.53734	2.38207	2.82235	2.27257	1.64658	0.714556	1.12971	0.798905	1.288	2.50584	2.88377	3.40913	3.81768	3.11694	2.09013	1.53646	0.961943	1.59743	0.798871	0.399455	0.564908	0.535929	0.535929	6.31055	7.07819	1.36026	0.564908	2.7307	5.03039	3.36677	0.535929	2.15014	1.78591	2.09006	2.48668	1.44004	1.78586	0.893147	1.30037	3.04981	1.92334	1.08655	1.53646	1.76801	1.53646	1.08655	0.798871	1.288	1.30034	1.68484	5.29632	3.36677	4.20856	1.7589	2.34846	1.53646	1.04155	1.04155	1.26302	2.68372	2.0361	1.0416	5.94125	3.60813	0.399455	0.564908	1.14373	1.19826	4.38549	3.36677	0.736536	3.28073	3.54146	3.1624	2.09013	1.28807	2.17229	1.01051	2.15014	1.64656	1.64656	1.89831	2.02028	2.28654	1.12971	0.798905	1.7948	1.61731	1.19826	0.644114	0.178648	0	0	0.178648	0.564908	0.399455	0.178648	0.252652	2.42836	3.19238	0.714556	0.644083	1.36026	0.736555	1.12971	2.55613	2.55621	2.17968	2.03607	2.0361	2.72496	2.32116	1.9316	2.90572	7.33841	9.11853	2.32795	0.535929	1.52598	0.564926	0.252639	1.14373	3.6778	4.13649	3.50546
2.77672	4.1169	5.03933	2.90536	4.78848	5.98009	1.43982	3.91146	3.67308	2.87783	1.0104	1.92321	1.79461	2.38181	2.15741	2.68342	0.893075	0.736458	1.3949	2.65366	2.65366	4.06648	2.87796	5.01741	3.03393	1.47267	0.357254	1.78567	1.12959	1.28793	3.21685	1.36017	1.3002	2.5245	4.79507	1.08642	4.73541	2.38181	3.81708	3.75003	1.60724	0.505214	2.32087	3.03909	3.39469	6.46709	5.28683	1.89821	2.20846	2.34817	3.57243	4.17811	2.70117	1.07165	2.32087	1.39483	0	3.04949	5.01731	3.43192	4.40306	3.54109	1.30024	1.08644	1.96415	3.25614	3.05473	3.60781	3.43197	3.33326	0	5.41647	4.40303	2.47999	1.92314	2.55594	3.16215	1.89821	1.47267	1.42874	2.40187	2.90546	3.46409	1.53622	1.26291	0.252625	2.55592	3.11659	2.15741	2.15741	2.03588	3.61209	3.91148	2.77095	2.2084	4.45661	6.73081	9.08062	10.2931	8.17862	5.04262	7.15441	17.7079	15.3586	8.52909	17.6135	6.29028	9.99265	3.61226	6.95263	5.41649	4.28284	4.66497	5.13876	7.11725	6.17668	1.79463	1.42874	7.07528	5.94062	3.21696	2.14996	2.95416	3.21685	2.08229	3.51425	4.07052	4.51322	3.76286	3.12172	1.61712	1.93139	1.78567	2.39512	3.25614	2.70117	1.92321	1.78572	1.28793	2.49923	3.23167	2.55592	2.77672	2.53721	0.910749	1.26289	0.910768	0.893098	1.47267	0.644046	2.53721	2.88346	1.79463	0.564867	5.4281	6.70975	2.49923	1.3949	2.14996	4.06643	3.21689	4.60009	4.73557	3.08062	2.65355	3.29006	0.79882	2.52455	2.1721	1.30024	2.68344	4.40324	4.28664	3.17723	4.31241	5.31388	4.73557	2.32782	1.61712	1.36017	2.68344	4.25305	2.90536	4.28647	1.68466	0.644015	0.535873	0.535873	1.04144	0.399413	3.07024	2.39522	4.17428	3.23167	3.25614	3.42735	3.07039	2.39522	0.644046	3.71174	3.72458	2.55594	4.81493	4.46027	2.99161	0.714481	0.644046	1.68466	1.12959	2.71871	1.47267	1.28787	1.52582	2.0358	1.89811	0.961841	0.564849	1.86426	0.893075	0.644015	0.505214	0	0	0	0.178629	0.564849	0.178629	1.12962	1.78576	3.11652	2.63551	0.178629	0.798787	0.644015	0.644046	1.60724	3.94781	2.9917	2.78815	2.52459	1.28793	1.42874	3.11649	2.88336	2.99161	4.25305	9.24346	4.16277	1.79463	1.75871	0.357254	0.178629	1.43982	2.02007	3.40859	1.64645
1.7856	3.35209	6.24953	6.2143	4.19659	3.67706	1.89804	3.42688	3.5138	3.11634	4.38483	3.67725	3.25586	1.79447	1.93132	3.21661	2.52436	1.08634	1.8641	2.65346	3.17695	3.43157	2.32075	4.4706	5.41618	2.39501	1.12952	2.39491	1.01031	1.75862	2.59883	1.43974	2.3816	2.96999	4.0072	1.76767	4.17377	2.39491	4.99158	4.23778	2.55561	1.68451	2.08973	3.61195	4.96957	8.26066	6.22936	4.54434	4.04284	4.62706	8.35229	7.24948	7.1865	2.0357	2.42792	1.04135	2.17191	5.03889	5.24151	2.87766	2.2581	1.82088	2.03568	1.93132	2.9052	4.45987	3.39437	3.15688	4.7452	3.95965	2.32757	4.46688	4.34113	1.08634	3.03875	3.63808	4.07404	4.41363	2.99144	1.52569	2.47989	3.36628	1.7856	2.03568	2.65346	2.67719	3.63808	1.19803	1.14356	2.53685	2.32075	5.62998	6.30933	3.03882	3.12145	4.66441	0.798716	4.7452	7.46995	7.46785	6.75814	6.24688	12.7457	21.1574	7.42149	15.9471	12.3661	10.1138	6.189	8.77168	7.11663	4.40999	3.28994	3.61195	6.61759	7.83603	2.49901	0.910669	4.15854	5.16576	4.92808	4.29355	3.74978	3.9395	3.54096	4.79814	5.09513	6.13547	5.13831	4.42795	3.1919	1.617	1.64624	1.26278	2.50537	3.16187	2.92701	2.32761	1.43976	1.82091	3.21663	2.94322	2.6354	2.6832	1.30009	1.01026	0.79875	1.26282	0.357223	2.20821	2.73022	3.44551	3.89503	3.40847	4.37023	4.31549	3.0336	1.75862	0.798716	2.95402	5.66646	4.6781	1.53609	4.28609	1.92297	3.54077	0.252603	1.19798	2.2581	1.64633	1.89804	3.82937	4.89276	4.66456	5.23862	5.28962	6.47403	5.57396	5.43659	4.84734	3.92741	1.1435	2.23694	2.32755	0.505196	0.736412	1.08634	2.08211	2.32075	1.53616	4.53714	4.33752	4.46707	2.94322	1.43974	2.79359	2.67732	2.23694	1.617	2.67726	4.10497	3.84176	5.1688	3.08041	2.14237	1.52574	1.0414	0.535826	2.32755	2.55564	0.714418	0.714418	1.43976	1.617	0.961756	0.535826	1.26278	1.43969	0.178613	0.798716	0.736393	0.399394	0.178613	0	0.25259	0.399377	1.96398	4.06623	4.70505	4.14728	2.25817	0.910669	1.1435	0.714418	1.75862	3.08041	5.03889	3.33306	3.28027	4.28621	3.35209	2.23694	3.25586	3.55423	2.79359	2.55569	5.36934	7.66748	4.66441	2.42789	0.399377	0.736393	1.52574	2.87766	4.02304	1.12952
1.26268	0.757649	3.08004	4.36991	3.56743	0.714349	1.59705	1.28762	2.59867	3.65964	3.35178	2.677	4.10443	0.892879	0.399336	1.68434	1.96379	2.38136	2.82148	1.53592	0.757703	1.26262	1.9959	0.357188	3.84123	2.94285	0.798678	2.57394	0.714349	0.736319	1.39456	1.64607	1.9959	3.71103	2.96968	2.90488	5.16832	2.03552	6.42447	3.17645	3.03843	2.42764	1.12942	1.51514	2.87733	7.16173	5.41555	2.65322	2.17907	4.31148	8.46736	4.27834	7.94548	2.77623	2.03552	0.961657	2.87733	4.63326	2.96968	1.35986	1.26265	0.910602	1.52553	1.12942	1.59705	4.31138	3.17645	1.28762	2.55538	2.32741	3.50442	4.06956	4.00678	1.04124	3.31826	4.67736	3.19143	2.5741	4.79749	3.17645	1.01015	1.68434	3.15638	3.38461	1.99599	4.95295	3.65938	3.61143	3.35178	5.75109	2.90475	5.3363	8.36418	4.42726	2.677	5.35412	4.34088	4.99124	3.38476	1.79427	7.53736	5.87551	2.68294	17.7805	19.0728	3.72388	8.88635	3.56731	2.52413	7.75339	7.35954	4.45575	1.39466	1.53603	4.20731	6.3335	4.92738	2.32732	1.96379	2.1495	2.82151	3.67674	3.28949	2.70063	1.53603	2.55535	1.19792	3.50442	2.14956	1.43963	2.68294	1.68444	0.736319	0.757649	0.757649	1.08622	1.19792	1.0413	1.39456	0.357188	1.43954	2.17892	0.798633	2.57394	1.14338	1.26265	1.76739	0.736319	1.12937	2.08179	1.78533	0.505152	2.52413	2.96987	3.4313	1.61682	2.17892	1.28762	1.79427	3.84962	3.54065	4.91454	6.83801	4.17353	0.961704	3.27975	1.61682	2.08954	4.35156	0.714349	0.178596	2.47952	0.505152	1.51514	1.59696	1.01015	2.77035	3.27995	4.73472	4.48778	5.23786	1.07145	0.714349	0.505152	1.08624	1.35986	2.32726	1.99599	1.99602	1.7943	6.05987	5.29474	1.12937	3.56719	2.39466	1.07145	0.399358	1.14338	0.89291	1.61684	2.82151	1.99594	2.78747	1.12937	1.89775	1.24998	1.43954	1.26265	2.03542	1.43954	0.357188	0.798678	0.798678	0.357188	0.798633	0.798678	0.714349	0.714349	0.798678	0.736319	0.961657	0.535774	0.399336	0	0.178596	0.399358	3.51344	4.33709	2.96987	2.27205	1.35993	1.68434	1.14338	1.75837	1.42848	2.99104	3.74931	1.04124	1.35986	2.32734	2.86073	1.14346	2.63501	3.81635	1.97187	1.97187	2.68294	7.63603	6.9513	3.5404	0.399358	1.28762	1.12942	3.58503	3.21137	3.17645
2.55522	2.94265	2.25773	1.42834	2.25766	2.94258	1.42834	0.643865	1.35979	1.53587	1.43948	2.25766	3.791	1.47226	0.714279	1.12927	1.2875	1.9226	3.25523	3.07976	0.892823	0.96157	1.99572	0.96157	2.72377	2.99077	1.35979	2.82123	0.910492	1.9717	1.68427	1.2875	1.2875	3.56688	2.52387	4.27793	3.93871	2.94265	7.58416	4.19569	3.44472	2.7701	0.910511	0.564707	2.03523	5.58677	5.36836	5.66537	5.94709	6.34801	5.81855	6.21291	8.02267	3.21608	2.14942	1.19774	2.90449	4.04184	1.89758	1.14328	1.86374	1.75828	1.08613	1.14328	1.26253	4.19569	4.86259	4.46621	3.98674	2.14938	3.7107	3.67205	4.23696	2.32712	3.33232	4.94934	3.85732	1.82052	5.01595	6.30839	6.55944	5.82952	4.28162	3.72354	2.17145	5.02845	4.46967	5.0002	3.28925	6.93952	5.9151	3.04863	8.09005	6.12123	2.96942	4.49776	0.714279	4.06545	4.99086	4.4271	7.9741	5.25845	2.0195	12.0474	19.5258	12.6696	0.8928	7.32306	6.71986	8.71168	9.26603	8.50869	5.02864	2.63489	4.311	5.91498	6.30812	3.27949	1.68427	1.24986	1.76724	3.03816	3.15611	1.52539	1.68427	1.42834	0.798561	2.08161	2.52384	1.1293	1.52545	2.63489	1.9717	0.643865	1.68427	1.93094	1.39451	0.96157	1.89758	0.3993	1.12927	2.57371	1.28757	2.34751	0.3993	1.60679	2.7701	1.1293	1.43941	1.53579	1.26251	0.96157	0.96157	0.892823	1.82052	1.75828	3.21605	3.58473	3.28918	3.3843	1.75828	6.30812	6.20531	3.42639	3.91054	2.70041	2.03523	1.61668	4.16153	2.25773	3.03307	4.16167	3.23079	1.1978	1.39451	2.79305	2.95345	1.24986	2.57371	5.06282	6.85783	1.1978	1.5149	0.892823	0.178578	1.59681	2.28566	1.78521	1.59688	1.78521	5.53861	5.02845	2.47941	2.55512	1.75821	0.798595	0.961605	0.736269	0.357154	1.39451	3.82863	3.92674	2.20784	1.78521	2.7701	0.910511	2.03521	1.29983	1.7941	1.60679	1.1293	0.961605	0.961605	1.01012	0.892823	0.252541	0.399317	0.505098	0.736251	0.178578	1.08611	0.564707	0.3993	0.178578	0.399317	0.505098	4.20693	4.25185	1.47229	1.59688	1.79412	2.32712	2.4858	1.61668	0.757583	2.92629	2.71794	1.43946	2.2364	1.47226	2.55512	0.252554	2.32705	3.55355	3.9226	3.98674	5.4844	5.94679	8.30951	4.17672	0.736251	2.08925	2.32712	4.02226	2.17149	4.96211
2.47919	2.94239	2.01943	1.01003	3.19087	2.94232	2.25746	0.736204	1.97151	1.69353	1.39439	1.42821	2.28545	1.92243	0.714216	1.12917	1.78501	0.798525	2.6765	3.94635	1.99555	1.68404	1.75806	0.736186	1.99555	2.3473	1.97151	3.31767	1.35962	3.16089	1.86363	0.357122	0.798491	2.57348	2.08152	4.27755	3.23051	2.57361	7.35823	5.98056	3.67606	2.55492	0.910431	0.910412	1.61652	4.02191	4.31082	5.6981	5.9782	5.85327	2.14924	9.52692	7.36672	3.27449	2.70017	0.736186	3.65874	4.04149	1.64578	1.39431	3.03267	1.86363	1.43931	1.39431	2.15653	2.72945	4.23674	4.35101	3.36533	3.55323	3.95834	2.7177	4.0061	2.32691	3.11536	4.46562	3.36517	2.7177	3.21579	5.81018	6.75641	7.29019	3.21577	3.28889	2.5981	3.46281	3.77827	3.98639	3.58441	5.91458	6.93891	1.47217	7.1057	7.1057	2.72353	4.25148	2.57348	3.67189	4.95233	4.55348	6.64168	3.38401	3.02742	6.81153	13.2919	17.5692	13.268	7.39025	7.16074	8.90036	8.88475	8.50795	6.57779	3.39344	5.52961	6.66277	6.80455	4.22535	1.64586	0.96152	1.2624	3.03789	3.40734	0.643808	1.99561	1.42821	0.357122	0.505054	2.52361	1.82036	1.79396	2.53627	4.07274	1.75806	1.64586	1.89751	1.96343	1.68404	1.64578	1.14318	1.12917	2.57348	2.17126	1.52531	2.14912	1.79394	2.55492	1.12921	1.19764	1.53565	0.757516	0.736186	0.736186	0.643808	1.82036	2.50465	2.90439	4.68675	3.72321	3.38401	1.86363	3.81567	4.1153	3.58889	3.82829	2.42731	1.61652	1.61654	1.39431	2.85465	3.33212	4.022	4.75367	1.60665	1.96343	2.67657	2.77569	3.7613	2.57348	7.05274	7.09911	1.43933	2.52357	1.08602	1.39431	1.59667	0.798491	1.47217	1.59674	1.47217	3.5308	3.46281	2.40098	0.892767	1.08602	0.798525	1.43931	1.08602	0.798491	2.14917	4.00624	4.34005	1.99563	2.17126	2.55492	0.910431	2.03503	0.736204	1.60665	1.79394	1.12921	0.892767	0.892767	1.01003	0.643808	0.252518	0.535674	0.505054	0.961485	0.643776	0.892744	0.564658	0.178563	0.399265	0.535674	0.505054	4.45497	4.49737	1.78506	1.59674	1.96343	1.83783	2.48558	1.61654	0.252518	2.67643	1.82036	1.99557	2.47908	1.92243	2.32001	1.04106	1.83775	2.14919	4.29231	3.72332	6.57769	2.72353	8.80074	4.42648	0.961485	2.79269	3.07948	3.81158	1.9225	4.06498
4.06471	4.1723	3.04814	1.99542	3.44405	2.55462	2.42698	1.28732	1.5965	0.736108	1.69335	2.03492	1.61637	1.99534	0	1.51461	2.71742	1.59657	1.96322	3.7609	2.42695	1.53549	1.64563	1.0859	1.26226	1.6456	1.68386	3.11504	2.5979	3.04804	1.5965	1.28725	0.961383	1.39417	1.43914	2.42695	1.86337	0.564598	5.38182	6.47137	3.93798	2.85435	2.47893	2.17842	1.82021	2.99028	4.74336	4.92625	3.84849	0.564598	4.02148	10.0474	5.2873	0.736108	1.99534	1.97132	3.74825	3.5394	1.53549	1.76689	2.55462	2.39408	1.29962	1.29958	2.52335	1.78491	1.29962	1.04099	1.14312	2.78668	3.93798	4.96132	5.71937	3.03764	1.83756	3.70998	3.4624	3.40698	1.99536	1.99542	3.21044	6.55556	4.03343	3.28862	3.21044	3.28862	3.46257	3.58851	2.69989	4.00568	6.67854	3.60604	5.58848	6.3737	3.98597	5.414	4.92607	3.72282	1.93048	2.55472	4.6761	3.07916	4.19488	0.643708	4.29189	16.6962	20.7268	9.23952	4.46887	4.31382	6.98545	10.0295	11.0235	7.80727	8.08851	7.82499	5.4487	4.06455	2.31985	0.910334	1.26226	3.03757	2.82068	1.69335	1.97132	2.32665	2.32671	2.32671	2.95276	2.27125	1.83756	0.643708	4.38295	3.39306	1.83764	0.910334	1.6456	2.17831	1.6456	1.39417	1.68386	3.04804	2.25722	0.357084	2.31977	2.31981	0.798406	1.47201	1.47201	1.29958	0.252505	1.14312	1.28732	0.64374	1.35947	2.63426	1.2623	4.1608	5.03702	5.36732	2.65243	1.43914	2.32665	2.03489	0.564598	2.96884	1.24961	0.56458	1.43916	3.40705	2.14896	2.14154	5.18502	3.44417	3.33177	2.23607	1.61635	5.04311	2.53587	6.3737	7.50849	5.52929	4.67624	2.67629	2.90403	3.21543	2.67629	2.08892	1.52515	1.52515	2.42698	2.48523	2.90403	3.21545	2.42705	1.43916	0.910334	0.736126	1.93057	4.23627	4.99927	2.69989	1.19751	1.5965	2.39398	0.504974	1.86337	1.26233	1.61635	1.6933	0.736126	0.505	0.79844	0.892673	0.910316	0.56458	0.535618	0.39924	0.892627	1.00987	0.504974	0.504974	0	0.504974	0.504974	0.178544	4.4117	4.29176	1.5251	0.736126	1.14306	0.252505	0.910334	2.31981	1.47201	2.57321	1.47197	1.43914	2.90393	1.79375	2.8208	4.62527	4.93902	3.90978	3.07916	1.61637	6.24448	1.86343	7.5518	6.18643	0.757476	2.63426	3.43019	3.03235	1.19756	1.89721
3.61023	3.74801	3.35036	1.35935	2.69965	4.46496	3.40686	1.08581	0.757369	1.42793	3.78169	3.65822	2.57311	1.7936	1.26222	2.32644	2.32639	0.399204	2.14875	3.21504	1.83739	0.736061	1.78471	1.82001	0.56453	1.59636	1.47188	2.96872	3.70984	1.99525	1.47184	1.82001	1.69315	0.961334	1.07105	1.39404	1.75772	0.961334	2.25703	5.65536	4.56301	2.52316	2.95262	4.04092	4.56301	6.08381	6.94908	5.12663	4.62129	3.04777	4.96709	7.0735	4.23577	2.01904	1.2995	0.504956	3.04777	1.89704	2.23587	3.83994	4.49672	4.40076	3.28833	0.79837	1.35941	1.83748	0.714078	0.178528	0.736061	1.61621	0.910254	3.51679	6.94894	6.6899	4.00549	2.31956	3.56587	3.58805	3.21501	1.64548	2.71728	5.86821	6.01894	4.41154	4.23592	4.70617	5.03667	4.92582	3.42543	3.9215	6.59789	6.08885	2.85965	3.78164	4.63172	6.72719	8.04385	7.82452	5.9134	3.07889	5.41362	4.71616	4.98933	3.8398	1.61623	11.5752	19.2445	17.8534	15.9034	11.7668	4.29152	5.54303	12.7214	15.2143	14.6363	9.66268	3.42989	2.90372	2.55442	0.79837	1.47184	2.94175	2.94182	3.51227	3.51679	3.61021	3.27386	2.78658	4.27673	4.40789	3.36468	2.65217	3.93764	4.54211	3.67548	2.94182	1.0409	1.83739	2.23577	2.23577	3.60572	3.5704	1.64552	0.892571	1.43907	3.27386	3.95777	2.92562	1.92206	1.61621	1.47184	1.61621	1.89714	1.43905	1.08581	3.27857	3.07894	4.46496	6.28673	7.70443	5.85214	3.11996	1.43907	1.53543	3.61021	4.86122	2.77516	1.59643	4.19451	5.54292	3.92563	2.69965	3.9376	4.10311	3.95777	2.31965	2.78644	4.79238	2.65205	3.25431	6.0397	6.68997	5.54303	4.10311	4.00549	4.74295	4.70617	3.81092	2.17087	0.961334	1.53536	2.78644	3.58805	1.19746	2.67592	2.87625	3.11486	3.35049	3.2151	1.61623	2.4786	1.51455	1.12899	1.26219	2.88173	0.714078	0.961299	0.643683	1.47184	1.82005	1.76683	1.39411	1.35941	1.12899	1.29947	0.736043	0.504929	0.535571	0.910236	1.12895	0.892571	0.910254	0.643683	0.714078	0.535571	0.357053	3.90926	3.95758	1.47184	0.504956	0.643652	0.357053	0.961299	2.28513	3.42999	2.32644	2.55442	1.99525	2.88173	1.0409	2.42686	4.98935	4.54216	4.81224	1.59643	1.75779	5.41362	6.234	2.53565	6.76645	4.07211	1.99525	2.25703	3.81092	3.79013	3.02699
1.35921	3.42953	4.93788	3.21479	3.53897	5.19949	5.73761	3.4618	0.910144	3.21468	3.38301	1.6454	2.38023	0.910144	1.97093	1.69305	0.564496	1.79342	2.52281	2.57271	0.892455	0.535519	1.43886	1.68354	0.357018	0.9612	0.892515	1.47174	1.39399	1.52481	0.798253	1.47169	1.99499	1.04081	0.399168	1.28701	1.28701	0.399168	0.757289	1.68364	3.8394	0.504876	3.17494	1.93023	3.06839	3.77719	2.14863	5.29224	6.44096	3.94519	3.42489	4.79519	3.77702	1.6454	1.76667	2.03445	2.77472	0.399168	2.20701	3.53897	3.74774	3.03708	2.90343	2.34661	1.04074	1.26202	1.75754	1.14292	1.8372	2.38023	3.0371	1.79342	2.69934	4.71572	5.17498	1.5353	2.65177	2.59734	4.63107	2.7169	0.798253	1.81988	2.67572	1.86309	1.99504	2.03452	1.6454	1.51442	2.17062	2.42652	3.84768	5.13825	1.99499	1.0857	1.81983	2.71704	5.70461	7.83157	8.19751	7.43184	4.40734	2.55424	4.06763	4.93788	2.03456	4.28356	9.34345	9.72862	11.9824	13.6863	13.1805	7.58128	2.92536	12.9896	18.4273	11.811	4.23533	3.17494	2.15589	0.252443	0.910169	2.32624	2.38031	2.32624	2.08854	2.49758	0.892515	0.564496	2.38031	4.07174	3.81479	2.53555	2.50392	2.94145	2.31938	2.68164	1.79342	0.643584	2.82014	4.10248	3.94519	1.99499	0.399168	0.735969	0.714009	1.81988	3.67519	4.56602	4.96021	2.67563	2.48476	2.90337	0.643626	1.8372	0.892455	4.06372	3.38301	1.93023	2.156	4.54157	4.7156	3.11455	2.90357	3.51195	4.68548	3.72225	2.34666	1.61607	5.10123	5.35443	3.0371	3.46173	1.51431	0.892515	1.04081	2.77472	3.60968	4.31299	2.92516	1.28701	1.12884	1.47174	1.64537	1.79344	1.59629	1.7846	2.67572	3.74753	2.17789	0.714009	1.64532	3.11949	3.74753	2.38031	4.54157	3.7434	2.55424	2.63391	4.54175	4.91256	3.15511	1.0857	0.735993	0.910144	2.67563	1.12884	0.714009	0.735993	0.564472	0.757342	1.19735	0.961247	0.564496	0.892455	1.14284	0.892455	1.19728	0.910169	1.0857	1.12884	1.0857	0.910169	0.735993	0.714009	0.399168	0.178511	3.28786	3.92502	1.3939	0.399146	0.757289	0.910144	2.17789	1.52481	2.7286	1.04081	3.21468	1.81988	1.4278	0.178511	1.3939	3.42489	0.9612	4.41084	0.564472	2.42648	1.92195	5.86748	2.87602	3.36417	3.38315	3.11455	1.26202	2.48488	2.67581	2.92536
2.57249	4.17099	4.4639	2.42627	1.69282	1.43875	5.29177	4.29056	1.47156	3.56518	2.90311	0.910078	3.33074	2.40005	3.78096	2.34643	0.643558	1.61589	2.53516	2.63352	1.0407	1.35914	1.9948	1.81966	1.08562	0.252434	0.735919	0.535467	0.735919	1.43873	0.535467	1.19718	1.53506	0.564439	1.1428	2.14093	1.6452	1.35914	1.79325	1.29925	4.28323	2.53529	4.11371	2.87573	2.87578	1.00964	1.9948	5.87222	5.80765	3.21442	2.90316	4.28323	4.15963	2.28469	1.78441	2.8757	3.98473	0.713939	2.71665	1.00958	1.79325	3.42933	4.33838	4.71525	4.14451	2.65168	0.892376	0.713939	1.92168	3.25368	1.97076	2.47812	1.00964	2.5971	4.63065	2.78604	2.08833	1.19718	4.53411	3.42459	1.86285	1.28695	2.50368	1.97074	1.29922	1.0856	0.643558	0.504831	1.92993	1.35909	2.68139	4.88933	4.48515	1.26195	1.24926	1.75745	4.81118	7.48965	6.17194	8.84992	7.07004	2.31911	4.10212	3.60939	2.90326	5.21096	7.33214	4.89913	5.92045	8.33745	10.0019	9.82752	3.18963	11.1092	18.7444	11.6985	4.81118	4.54107	2.81992	3.27322	4.15977	3.81439	2.63364	2.32599	1.6452	1.9948	0.735919	0.504831	0.399127	1.39377	1.12873	0.892398	2.15569	2.63352	0.757222	1.99484	3.20953	1.52472	2.6754	4.5619	3.67031	1.59605	0.356984	0.7359	0.564421	2.32594	1.04065	2.6754	5.53599	3.56518	3.0315	2.6754	1.12877	0.504858	2.65166	2.53516	4.00455	0.735919	0.564439	3.27793	4.15963	3.76002	4.67498	4.64447	3.81018	2.48462	3.21452	3.95701	5.36576	3.85549	3.72177	5.69569	3.74735	3.70912	3.28774	2.69909	3.27791	4.15955	2.31911	1.97076	0.564421	1.97074	1.99484	1.8197	1.47159	0.713939	2.28457	3.7892	2.17769	1.26193	0.892376	2.55393	3.78096	3.90868	4.11375	2.38001	1.26193	0.892421	1.19723	1.35914	1.99484	2.98944	3.42476	3.51611	3.60508	2.55401	2.32606	2.32606	1.93003	1.00964	0.7359	0.892376	0.961148	1.61591	1.08562	0.643527	1.43873	0.892376	0.892398	1.47159	1.99484	1.26197	0.892398	1.07084	1.4388	1.76649	2.48453	3.65732	1.68339	0.535467	0.504831	1.08562	1.99478	1.78432	1.64514	0.757262	3.90853	2.31916	1.76649	2.47823	2.88128	1.69282	0.564439	3.27793	2.92505	3.03157	1.39384	4.5062	4.38172	1.26191	1.39377	1.68339	3.15967	3.15976	4.10232	3.27805
4.70118	3.74681	3.0364	2.39967	2.01833	0.643459	5.16164	4.45278	1.61576	3.42901	4.64393	2.14821	1.92973	1.89661	2.14072	3.44273	3.4058	3.1545	2.37984	1.04054	2.79147	3.28745	3.55164	3.55164	2.95178	2.25645	1.64505	1.75729	2.81975	2.39984	1.07074	1.08549	1.92149	0.399091	1.96248	3.11394	2.42618	2.5225	2.17761	0.96106	2.49709	3.17455	4.27549	4.2792	3.28745	3.28729	3.0364	4.15912	4.33779	4.23469	5.02581	6.08711	5.5271	3.42907	2.48439	2.69887	5.23444	3.11889	2.67521	3.28739	1.76633	1.24914	0.798143	4.79129	7.70238	6.80847	2.85881	0.798098	0.504813	2.69887	1.69272	2.28433	1.43861	2.98904	3.60902	1.24914	1.61574	2.15558	5.25541	4.31216	1.43858	0.564363	1.78413	2.14806	0.96106	1.92158	1.52458	1.47141	1.61576	2.7858	3.98454	5.35061	5.82606	3.11385	0.564387	0.757142	6.16112	7.90885	3.42423	5.54125	9.40076	6.08179	3.66993	1.43864	5.18323	7.48924	7.83619	8.46942	11.271	10.0579	7.63114	7.67559	4.7015	16.5708	18.3096	9.29711	3.11889	5.35343	5.34158	3.72139	3.28745	2.81978	1.92985	2.50343	1.79307	0.643459	0.798098	1.26177	1.29908	3.7469	3.21426	2.42618	1.96248	2.17747	0	0.564387	2.52239	2.32579	2.03406	2.96769	3.75959	4.367	2.81975	1.59598	1.76633	3.40575	1.78419	2.27037	4.17056	4.63371	4.29028	2.59693	1.97058	3.42893	3.11397	1.81948	3.39177	3.39177	1.43858	3.05217	4.23469	5.06024	6.40842	6.41089	5.17419	3.81406	2.98916	1.60587	2.25636	3.92453	7.87575	8.2471	5.5867	4.84368	4.54091	2.59693	2.77418	4.66071	0.535415	1.08551	2.72219	2.85881	2.32576	1.52451	1.5349	1.79307	2.94088	3.03119	1.19705	1.42752	0.892342	1.12862	1.04061	2.94098	1.12866	1.61574	1.92973	0.564387	0.643501	0.96106	1.535	2.77437	3.90837	4.34895	3.98454	3.0678	2.92479	3.17455	2.90294	1.89648	1.64505	1.61576	1.43864	1.43864	0.757196	0.178476	1.08549	1.69265	0.564363	1.64508	2.59693	2.42618	2.92479	3.27293	2.81978	2.17761	1.08551	2.72219	2.14813	1.64508	1.64508	1.535	1.99465	2.32576	0.71387	2.85881	6.75301	5.89066	4.74161	3.98454	3.1545	1.79307	1.61574	4.59622	6.32972	3.85534	1.28684	3.51559	6.66891	2.15558	2.98904	0.909993	2.6513	4.54069	4.70147	5.35061
5.81468	3.91998	3.95612	3.2773	2.03387	1.29896	3.55117	5.57197	6.55271	6.04522	5.99825	4.45606	1.92131	3.85494	4.49498	4.66045	4.27508	3.53791	3.40554	2.72195	4.10142	4.03152	4.17032	3.89167	3.28706	2.67495	1.92138	1.2867	1.26166	0.356914	1.97038	1.2867	1.64482	0.798027	2.92434	2.03384	0.39905	0.564311	0.757075	0.178459	0.504733	0.178459	3.36322	3.51078	1.53484	4.15882	4.82019	4.66045	5.18881	6.01662	6.28431	6.94628	6.24412	3.4608	2.57199	1.97038	3.27727	4.40608	1.60572	2.32561	3.38215	2.08031	2.31875	3.60869	0.535363	4.82019	6.74089	5.72783	3.53791	2.81946	3.03098	1.7929	1.19699	3.0362	3.04659	3.60433	2.4259	2.47764	5.01567	3.90775	1.43849	1.69255	1.07063	1.78402	1.53484	1.19694	0.79806	2.7855	4.54043	4.28995	3.75929	5.17349	6.69646	3.92403	3.60884	3.70841	4.9588	7.07078	3.51527	1.89631	7.83915	6.20883	5.48088	3.80944	5.55761	5.81468	9.05324	11.8906	10.2939	7.31821	4.15515	3.65681	15.2724	19.7408	12.9839	3.74654	1.299	4.45604	7.70133	7.11059	4.46323	2.39959	1.0405	1.0405	3.22864	1.79292	1.00939	1.14252	3.72105	5.71667	4.03152	3.4241	2.14799	1.12851	0.735758	1.64491	1.0405	1.47131	2.08793	1.61558	0.535363	2.98886	4.77757	4.54043	4.79406	6.07626	5.56062	1.99447	1.43845	3.03622	3.25311	3.2139	3.90793	2.32556	0.535363	3.2286	1.89641	3.42393	2.77394	1.3935	1.99439	1.61558	2.15527	0.39905	0.735758	0.960961	4.48429	6.59309	7.29689	7.63059	8.10223	4.71434	1.42738	0.757116	1.78406	3.84658	1.81931	4.34828	0.798027	2.15536	4.48429	1.08541	4.23415	4.62308	4.62993	3.90793	3.25311	1.97036	0.178459	1.0405	4.11304	7.07112	8.08512	8.02735	7.48858	6.8536	6.28422	3.92412	3.4241	2.23501	1.12851	1.29896	1.47131	1.52443	1.12855	0.643434	0.643434	0.892248	3.28693	4.54022	2.39294	1.39357	0.909883	0.504733	0.356914	0.564311	0.564329	1.81931	1.92131	1.28664	1.64484	1.68314	2.67502	2.67502	1.89641	1.6156	0.909883	1.68306	1.6925	0.535363	0.564329	0.892248	1.89631	2.08785	1.12855	4.9588	6.46829	2.08793	2.25615	0.356914	2.55349	4.27878	4.113	4.36647	1.47131	3.67392	3.84667	6.10967	9.90955	6.66867	8.23884	6.82392	6.75251	6.3116	3.38215	4.96518
5.06528	3.77984	4.38049	3.85441	1.78382	2.17708	1.8366	4.039	4.70394	4.53987	3.32981	5.25749	4.70373	1.83652	0.892124	2.67464	3.42826	1.64474	1.60557	5.41087	5.03717	2.03377	3.07743	2.37934	2.79082	2.65079	0.564262	1.26157	1.89624	2.49663	0.735693	1.97021	0.892147	1.39338	2.96717	2.55318	0.643377	1.00935	1.12845	0.892124	1.04036	0.56428	4.17357	3.67358	1.26159	2.90234	3.98366	3.58202	3.51513	3.75896	3.93577	5.62466	6.20824	5.4802	4.39847	2.34577	1.43837	2.03369	3.84624	2.32529	2.90229	1.86238	1.61544	3.5687	3.89133	0.892124	4.28958	6.12967	4.07018	3.03595	2.85831	1.59567	2.71589	2.55326	2.03369	4.03879	1.26157	6.0807	4.10108	2.15508	1.14242	0	1.52424	2.42571	3.04632	1.92114	1.51375	2.85274	2.96731	2.3794	1.68299	4.67347	6.90944	3.03595	2.31855	2.08013	2.55321	5.28434	4.24864	2.42559	7.03477	2.65082	4.27839	4.88796	7.22508	8.64091	12.5688	10.2927	4.85899	3.67372	4.15839	10.897	14.7596	10.1914	3.17377	1.26162	0.892169	2.23471	4.73051	5.69416	4.80667	2.14773	0.535316	2.55318	3.04643	4.1126	0.892169	0.643345	5.09006	5.18814	1.39345	1.75695	1.97021	0.892169	1.19684	0.909803	1.53463	1.24891	1.28659	1.43837	1.5347	1.35871	1.76599	2.79094	3.25282	3.60407	5.6941	2.48392	1.39345	1.08529	2.03367	2.48383	1.79274	1.28653	0.643345	1.35876	2.63289	3.03593	1.64468	2.16981	3.25277	2.65091	3.38648	2.27009	2.55329	2.47753	5.84919	5.6941	2.92423	3.21362	3.60401	0.398998	2.25595	1.43832	0.56428	2.9885	1.12845	2.71589	3.36292	2.9885	3.4605	2.28393	6.35784	4.27841	2.95122	2.15517	1.64474	0.735711	0.398998	1.47114	5.91061	6.26118	6.05509	6.98836	5.78464	5.13646	6.26111	3.60852	3.11338	2.87489	2.42559	1.83652	1.26157	0.56428	0.178443	0	0	0	4.28935	5.44565	0.56428	0.564262	0.564262	0.178443	0.398998	0.564262	0.252363	1.19684	2.42559	1.89614	1.78382	1.12841	0.735693	0.252363	0.56428	1.43835	1.75688	1.14242	1.78382	1.43835	1.43837	1.59567	3.95577	2.42568	1.52429	4.98686	4.70036	2.1478	2.50299	1.99427	3.92366	4.80996	5.02485	7.00611	4.7407	4.64304	5.01217	5.51751	9.29548	5.1242	6.80719	6.5066	7.00399	5.44593	2.67478	4.30409
3.77937	3.11801	4.88737	4.42306	2.01776	2.52161	0.643277	1.53446	1.64453	4.95784	3.60363	4.88745	6.28301	6.30299	4.67312	4.33295	4.23331	1.64453	1.43817	6.71377	6.0438	1.51367	3.36257	2.65052	3.4279	2.6325	0.398972	1.79255	1.43817	2.31821	2.42536	1.64453	0.643309	1.52408	1.76571	2.42536	1.64459	1.68281	1.0852	1.76571	1.26146	1.92928	4.30364	3.5638	0.713663	1.92094	2.78482	1.78363	0.735615	1.1423	3.2863	5.62402	5.91789	5.66021	4.39803	3.21328	2.47727	1.64456	3.25242	4.46583	3.58164	2.34548	3.11295	0.713663	2.55299	4.80617	3.58161	1.78367	4.56379	5.35205	4.94531	5.02432	5.8781	3.51023	2.94011	4.40523	3.22801	5.73467	0.797872	1.43821	2.23447	0.643309	2.65054	1.78367	4.40523	3.5639	1.81895	2.47716	1.43824	2.34548	1.26148	3.17343	5.82433	3.11303	2.94011	1.78367	1.43817	4.40876	4.15795	3.03554	6.07999	2.08752	3.046	4.15416	6.67411	12.7931	15.2282	5.37823	0.909725	4.11212	10.6933	12.0722	8.22188	5.20888	4.33302	1.86218	0.892053	1.86213	3.15845	4.00301	4.40523	4.01889	3.27679	4.15802	1.52413	2.68035	3.91123	3.70769	5.3519	4.54975	0.398972	0.643277	1.07043	1.78372	1.28646	0.398955	1.83633	1.39323	0.535259	1.26144	1.0403	2.67443	2.79064	2.03355	2.48357	2.98819	5.41905	2.16961	1.28646	1.08518	2.03345	2.37909	1.43821	1.12833	2.88017	1.75677	1.00919	1.59543	0.892075	2.90204	2.76771	1.26144	2.32511	2.77355	2.79064	2.57162	4.93553	4.53932	1.26144	2.08752	3.22797	1.24878	1.89594	1.89594	0.564202	1.6445	1.59543	1.00919	4.34744	3.5101	2.98819	2.67436	6.71377	3.21318	2.01787	2.6745	2.37914	0.960775	1.6054	3.03561	6.1288	4.06179	0.713663	2.94004	2.76778	2.14751	3.67324	3.60811	3.05124	3.46009	3.03554	1.7567	1.47102	1.3933	1.53454	2.17696	2.65065	3.1736	4.15802	4.28153	0.960775	0.178424	0.735615	0.643309	1.0403	1.64459	2.57162	3.34855	3.25248	2.31826	3.0771	1.53454	0.564202	0.96074	1.47102	2.47727	3.50117	3.58612	4.75011	4.46237	4.06588	3.46026	2.52166	0.643309	1.26146	3.89081	4.79309	4.78327	3.0357	1.43821	3.02508	3.046	1.28646	2.7156	3.22801	1.47099	3.95535	5.65196	9.17459	3.70751	2.20588	2.63262	3.21328	2.87462	2.14751	4.14274
5.33679	3.72011	4.30326	4.28115	2.07963	2.13991	2.42521	2.34528	0.909645	3.06646	3.45983	3.74127	4.06159	5.01126	4.99547	4.80902	5.73434	5.64888	4.53916	6.2798	5.94117	0.735569	3.81239	4.20295	4.33618	2.68013	1.81883	0.356814	2.25552	0.643221	2.42521	3.50993	3.06661	3.04584	1.76565	1.28628	0.535212	0.891974	0.735569	2.55271	1.53433	2.42524	2.87433	1.81879	3.21302	3.74557	3.77917	2.81867	2.55279	2.48344	2.71536	5.9094	5.53906	3.90668	4.11189	5.03644	4.72976	3.67303	4.45137	6.45948	5.13246	0.96069	2.25552	2.48335	2.39227	4.71302	6.04599	3.39051	0.356814	2.71547	5.2836	6.60078	7.62827	4.27388	2.65031	3.21289	2.67419	3.45978	0.39892	1.64438	3.32916	2.59594	3.75817	3.04584	3.9229	4.13097	1.3585	1.19666	2.65042	2.08734	1.28634	0.643252	5.68212	6.9084	5.47935	4.33632	2.65042	2.57126	5.17195	4.15758	3.31482	3.02497	2.63238	3.55017	5.52208	16.8565	15.3884	2.49615	3.27152	6.28724	11.3623	6.04588	7.84916	9.17757	8.69117	4.50406	1.64438	1.79241	1.83617	3.36227	3.03013	3.91089	4.84177	5.30729	5.0113	2.68011	1.14225	2.42524	2.42514	3.21289	1.4709	0.504618	1.68267	1.89587	1.69207	1.07033	2.03327	2.52144	2.55279	2.55279	2.47705	2.81867	2.72131	2.81869	3.7455	3.75813	4.00263	1.04021	1.76565	1.29863	2.28348	2.16939	1.64444	2.90184	2.7904	3.36227	2.90178	2.93985	2.03338	2.65031	0.891951	1.24867	1.26133	3.27167	4.39783	4.03039	2.68011	2.98793	3.50087	3.65578	5.06132	3.7876	2.71547	2.49615	1.92911	1.524	1.52394	1.28634	4.56323	3.82483	2.81855	0.909645	5.86958	7.06915	7.28203	7.15467	6.96238	4.56339	4.53909	4.00279	2.28348	5.18735	6.07977	5.68212	4.69966	3.04584	1.42698	4.14254	5.58446	5.89091	4.36524	2.16942	2.03338	2.39891	3.03019	3.825	3.77924	3.45995	2.42521	1.68259	1.81883	1.12823	1.08508	1.04016	1.92084	3.5858	5.65164	5.83218	4.03039	2.23438	2.71536	0.891997	2.08727	2.65031	4.45481	4.78944	5.18738	4.69969	4.50767	4.72976	5.43041	4.24803	2.2836	1.61513	0.39892	2.39227	5.03332	6.41818	6.70186	5.69322	2.81869	1.53441	4.03822	2.55279	1.64436	2.55271	3.825	7.41308	9.4639	4.89665	0.96069	0.891997	2.42524	4.10028	3.25219	4.48303
5.89033	4.10001	3.0766	2.92321	2.07941	1.59522	2.8741	3.11237	1.75645	2.13971	1.78328	2.90143	2.72677	3.45949	3.75767	2.15444	3.32895	4.64186	4.4651	2.81829	5.52429	0.960603	4.03759	5.30653	4.49303	2.16917	2.08715	2.14711	0.891888	1.61497	1.61497	2.76728	2.55256	2.55253	2.16922	1.52386	2.67988	2.72685	2.03306	2.55246	3.85326	1.59513	0.356779	1.81866	2.98774	2.95038	3.42738	2.95038	2.95038	2.42502	0.797764	5.2798	5.97479	2.72677	1.99373	2.25538	3.45949	2.37871	2.63215	2.96648	4.4044	4.55926	3.25189	1.96964	1.64418	1.59513	4.33574	4.53866	4.54916	3.40414	1.83597	2.72677	6.79574	5.78805	2.98762	2.08705	1.75636	2.31777	1.89557	3.42731	3.39016	2.31783	3.28573	1.59522	3.4226	3.27601	1.53417	1.83597	1.26126	0.909535	0.756782	3.42724	4.06903	6.06609	4.6721	2.79015	3.58094	1.08497	6.28163	6.40741	0.797719	1.79222	1.61499	2.96629	4.06101	18.0715	14.1996	3.15797	6.90509	6.986	10.5957	8.11659	8.63174	7.00411	9.71861	7.65777	2.93948	2.5957	2.07954	2.31777	1.14208	0.398901	2.37864	2.85748	3.93463	5.34803	3.11246	1.35837	1.53427	3.0766	3.32883	1.68241	0.960603	0.643153	0.564095	1.43793	3.28566	3.90627	2.15456	1.75645	1.52386	1.99362	0.504538	0.797764	2.87405	1.81861	1.99365	2.95038	3.03517	2.03316	4.31011	3.74512	2.81844	1.96154	0	5.2319	4.00224	2.52124	1.99365	1.3583	1.53427	1.75645	3.18779	2.67385	2.31783	1.81866	0.643153	1.68252	2.8741	1.7834	3.02984	2.96648	2.42502	2.50225	1.6443	1.53427	1.60511	1.78334	4.79199	5.15919	2.78999	1.60511	3.21274	5.4444	5.33645	4.5318	6.04282	4.99498	4.30656	1.68252	3.67254	5.3069	5.53886	3.70704	2.25538	3.21256	3.75767	0.735501	3.56769	6.46585	5.35086	1.99365	0.756835	1.04011	1.96154	2.13971	1.29851	0.252292	0.252292	0.398901	1.29847	1.085	1.42684	2.42486	2.15444	3.07652	4.48259	2.67403	2.34504	0.564119	1.26121	1.52379	1.99365	3.15785	5.65084	2.47683	2.25538	1.47076	1.4379	4.2807	1.79224	2.87398	0.797764	2.31783	1.43793	1.19648	1.64422	1.68252	3.5366	4.86085	4.09987	4.03759	2.95038	4.63152	2.79015	4.23254	1.78334	8.51414	8.27098	4.30281	2.52124	1.9937	1.3583	2.63199	2.37864	3.4411
6.04484	4.70212	3.11215	2.50201	2.767	3.38055	3.77428	5.01034	5.13147	4.157	2.26921	2.53346	2.94996	3.02948	2.96602	1.35818	0.891779	0.713462	2.57077	0.891824	4.67167	3.04525	3.54949	5.30607	4.15678	1.8616	1.5237	2.08686	0.735408	1.81848	3.58064	3.44091	3.11728	2.15434	1.26109	0.564061	2.72066	1.64404	3.53605	1.64404	4.15299	2.49567	2.07932	1.78317	1.43777	1.19637	1.28603	1.43781	1.60495	1.00896	1.07012	4.06455	6.11943	3.07624	1.24842	1.19637	2.34482	3.52727	4.34643	3.75751	5.58329	7.23959	3.98219	2.57089	2.52099	1.28609	1.9204	2.59543	2.98744	5.18623	4.72885	4.86035	6.51585	6.21842	3.36162	3.02954	3.15765	3.40381	3.85292	3.17254	1.96945	2.95008	4.45393	2.08693	3.02423	2.98735	2.32445	3.07624	1.43783	2.16897	2.39845	4.71202	2.59536	4.89571	6.2388	7.77623	8.80069	7.10291	7.03219	8.02904	2.39181	2.59536	1.99347	2.17624	3.32852	15.9338	15.0705	8.19722	9.71775	3.77831	7.35054	2.98744	3.88972	5.73323	12.4927	11.1834	3.5806	3.11218	3.27589	3.45924	2.50203	0.535108	1.00891	1.43781	2.81803	3.90996	2.76693	1.78317	0.891801	1.76521	4.03723	2.26909	0.252265	1.35818	0.564043	1.14203	4.62757	5.03523	1.14197	1.07012	0.960504	2.34482	2.9231	3.31434	3.42698	1.19642	1.12801	1.99344	0.252265	2.53346	5.66972	3.1525	1.19637	1.43783	1.89551	3.78667	4.45033	1.69175	2.47646	0.735426	0.735426	0.535108	3.31418	3.51361	2.20526	1.26109	0.909469	2.26921	3.15765	2.3245	1.43781	0.891801	1.26109	1.83581	0.252252	0.643128	0.891801	1.14197	4.17195	5.72486	3.5806	2.55222	1.29835	0.50452	0.797647	0.797681	4.67162	4.30974	2.77262	2.0329	5.23144	1.59499	1.07012	1.19642	1.19642	3.5628	4.15678	1.14197	1.28603	4.62757	6.41681	6.43881	5.42068	5.19549	5.49267	4.59356	4.00205	4.28792	3.66802	1.86166	1.08487	0.891801	1.61481	3.44078	3.45916	3.42698	3.27089	0.735426	2.67961	2.81815	3.31434	3.50019	2.34486	2.25508	4.73864	1.83589	0.398843	2.25515	1.5237	4.80798	1.43779	5.25269	6.65615	5.97451	5.01034	4.3026	3.98219	2.50201	1.26109	1.99344	4.02939	4.9437	2.90122	2.96602	0.797681	3.60262	3.77844	8.78636	6.8932	3.1525	1.43777	1.59499	1.9204	2.08686	1.68226	2.20526
5.0099	5.3058	4.71161	2.3174	2.39824	3.38025	3.51346	4.54829	5.13102	4.46425	3.03451	0.563993	2.48265	3.757	2.72042	1.83565	1.64389	0.713399	2.57054	1.08479	3.21203	3.28521	2.14673	4.80755	3.40344	1.24832	1.64396	1.08479	0.960385	1.81832	3.28521	3.34732	3.03458	2.15415	0.756689	0.564011	2.96576	0.8917	3.53574	0.8917	3.18722	2.16881	2.07914	1.28598	1.19627	1.43764	0.356713	1.29827	1.79189	1.00887	0.797611	2.879	5.64984	3.94185	1.86144	1.43764	1.43771	4.06045	4.28754	4.00167	5.5828	7.02045	4.28745	2.93903	2.52077	1.78301	1.07003	2.3916	2.8791	4.45356	4.3966	4.70171	4.45354	4.49224	4.84022	4.01732	3.15737	4.44994	5.33516	2.42443	1.53397	2.77252	4.8338	3.25122	1.00882	2.34462	2.32425	3.07597	1.79191	2.59513	2.90102	3.74022	1.47048	2.42453	5.76831	7.80742	9.18998	8.67451	5.86794	7.80111	3.20711	3.04488	2.20506	0.535061	1.75612	11.1514	14.4909	12.1027	11.1187	0.756649	5.82226	4.92097	2.85693	4.55869	13.5621	14.1724	3.20711	2.92284	3.2756	3.92182	3.45886	2.17605	0	1.19632	3.74437	3.42664	2.55199	2.16878	0.643071	2.26889	4.03688	1.76506	0.252243	1.83565	1.5339	1.99329	5.09386	5.76803	2.39811	1.47044	0.891745	1.52357	3.60236	3.31405	4.72827	1.14193	1.12791	2.72042	1.03986	3.53574	5.91835	2.39811	1.43764	2.55199	1.99335	0.356713	4.23178	1.6916	2.23365	0.643071	0.643071	0.398825	2.81776	3.2706	1.99329	0.756689	1.69154	2.48274	3.15737	2.72634	1.19632	1.08478	1.26098	1.35806	0.756649	0.891723	0.643071	0.398808	2.42443	4.56195	3.98177	3.67186	1.52351	0.504476	0.797577	1.07003	4.9209	3.81132	1.26095	2.48265	4.49224	1.59485	0.797611	1.14193	1.14193	4.55846	4.40713	0.398808	0.797577	1.9203	5.09716	6.62963	5.52358	5.23124	5.49219	4.59316	3.95402	4.28754	4.64088	3.11181	0.891723	1.08478	2.03272	3.67186	4.11061	3.03449	1.64392	1.08478	2.0328	2.8179	3.60678	3.03458	2.85693	1.42658	2.08668	1.83573	3.15222	2.01712	3.21199	3.31388	5.47761	5.62218	6.68367	6.6859	5.4085	4.30222	4.99407	4.00153	1.26098	1.75605	3.02396	3.5088	3.54918	1.75605	1.92023	2.69709	4.09913	7.61581	5.42863	2.39811	1.19627	1.59485	1.47044	1.86144	0.960385	1.19632
3.6064	4.81701	6.48096	3.56221	1.59474	1.78283	1.51295	2.6494	2.14655	3.06527	2.7835	0.797493	1.42643	4.33097	6.12619	6.56975	4.98409	1.61452	2.48239	1.75593	2.34441	1.6145	0.563934	4.09859	3.27511	1.64381	2.25471	1.78287	0.960318	1.35797	3.15704	1.53381	0.252203	1.35792	1.14181	1.28584	2.85109	2.39798	1.64372	2.39134	3.38452	1.83554	1.35792	0.909293	0.909293	0.891629	1.81813	1.47033	1.81809	1.00877	0.891651	1.96098	4.99354	6.2476	6.75961	6.51243	4.1562	2.14649	0	1.47033	4.99354	7.1756	5.62159	6.04121	6.04121	5.81104	5.80294	4.59267	1.69142	1.99308	1.99314	1.19614	5.33487	9.60701	11.5961	8.68785	4.54781	4.81698	4.59244	2.03251	1.08468	1.78283	4.33097	6.08247	3.75678	2.3172	0.17834	2.94951	4.33465	1.59474	2.14649	3.34696	4.28709	3.90532	4.1901	1.96905	4.09859	6.97745	6.85128	8.02182	5.15788	4.85597	1.83545	0.909293	1.79172	6.54813	11.6554	16.069	19.5626	19.8927	15.7359	7.97363	1.47029	3.75668	11.9769	15.4317	12.9035	10.8521	7.45032	7.18445	7.31327	6.79411	4.70122	2.03259	3.94143	3.88897	2.50152	2.67316	1.99314	3.04983	5.00933	5.27857	5.1702	4.37814	4.1103	4.44954	3.06527	5.40784	5.58231	4.0987	1.26084	0.252203	2.4242	0.891651	3.94143	3.27526	3.45862	4.7112	4.79087	5.38171	4.62667	1.43751	1.79172	2.2826	0.960318	3.77778	4.79082	1.51295	2.2826	0.356676	0.891629	2.3172	3.75671	3.74404	2.55178	2.07892	2.52046	1.99308	2.32405	4.14094	5.28751	5.5542	3.78614	1.28584	1.43749	1.08466	0.797527	1.14181	1.96906	3.74404	4.88523	6.28005	5.06251	3.53555	3.67161	2.78364	4.30525	3.27508	0.17834	2.72013	3.27508	1.61452	1.43755	1.00877	0.891651	3.34683	5.36121	4.06782	1.26086	0.563952	1.99314	2.69676	0.756569	1.43751	1.2981	1.35792	1.39264	2.71441	4.98094	5.5201	6.55074	7.06646	5.72402	5.20649	5.33767	4.23144	4.54781	5.09663	4.53741	5.1702	6.51243	6.18725	6.91253	6.90353	6.03085	5.19448	4.63017	1.64381	3.77765	6.59104	9.90158	5.86205	3.85236	6.0644	6.28005	4.53734	5.51423	4.85922	2.32405	3.49951	2.20488	1.43751	4.09484	3.36113	1.47033	1.2981	3.42164	5.82964	4.56147	3.21176	4.06007	5.13048	6.0516	5.15802	3.15206	3.18702
3.60609	4.36327	6.89137	5.17866	1.5946	1.4702	1.81797	2.9866	3.21141	4.05951	2.2824	1.28567	1.4263	3.56198	5.90692	7.49943	7.67935	2.37775	2.03233	1.64366	2.20469	1.03971	0.563884	3.11625	3.27482	1.75578	2.25452	1.91993	1.24807	2.81724	3.15676	3.15667	0.756502	0.909194	1.29802	1.28573	2.01673	2.76622	2.14625	2.5947	3.21143	1.83538	2.81721	0.909213	0.909213	1.29798	1.81797	1.78267	1.81793	1.00868	0.960234	1.39252	3.50826	5.57909	6.64723	7.0193	4.92013	1.79156	0	2.16836	3.98107	6.78188	5.25122	5.91486	6.20436	5.90687	5.67118	5.58182	4.5368	1.14171	2.08635	5.41888	8.17785	9.39325	13.1402	11.2572	4.42081	3.67126	1.69122	1.61436	0.891573	3.04429	3.56198	6.40281	4.50554	2.17573	2.64902	3.42608	4.71079	3.83542	1.39252	3.2115	4.34521	4.81659	5.06191	2.81724	1.26073	4.53698	6.62836	6.92306	6.10498	8.01131	1.3578	0.909213	2.76615	4.33059	8.51138	13.4716	18.0269	20.0637	17.1854	10.9233	6.81845	4.36318	8.71355	11.3575	12.8702	12.6931	7.84749	7.18383	7.57982	6.69167	6.57144	2.37781	3.07537	4.56107	2.31695	2.50132	2.08635	2.47588	4.14058	5.16975	5.27811	4.15583	4.0009	5.40737	1.12766	3.34667	5.88818	6.07666	3.11625	0.756502	1.19609	2.55148	1.83538	3.27497	3.51278	4.33427	4.67055	4.62644	1.91993	1.08458	1.43743	0.797423	3.26997	4.83292	4.15583	3.37949	2.78325	0.797423	1.99288	3.40286	3.60166	3.38891	2.42406	2.07874	1.81797	2.20463	2.72581	3.905	5.42784	5.55372	4.68058	3.04429	2.17563	0.89155	0.797456	1.19609	1.69127	2.81733	4.2199	5.99375	5.88818	3.60611	3.5841	3.04439	2.64905	2.77184	0.642915	2.96519	1.76472	1.26077	1.79156	1.00868	0.960234	1.29802	4.30507	5.88813	3.42597	1.3578	2.67293	1.68187	0.756502	1.6436	0.735219	0.909194	1.9608	3.2262	4.33059	4.94254	7.12505	7.03048	5.82134	4.7904	5.15743	4.36327	5.00893	5.03405	4.53701	5.57906	6.59767	6.217	6.68239	6.92998	6.11287	5.15757	3.42152	1.75578	2.48226	9.22308	9.71997	5.03094	3.78581	5.34905	6.59046	5.88813	6.43676	4.8588	2.32385	3.77738	2.50132	1.86108	3.32767	3.28462	3.04429	1.52322	4.17078	4.345	3.88863	2.90051	4.05972	5.03094	6.05107	5.78887	3.43994	3.02354
2.31673	2.51999	5.8821	5.90609	2.32364	0.891494	2.25422	2.51999	3.83502	4.40232	3.77288	3.75603	2.90011	2.32355	2.08616	5.09542	7.40666	3.18646	5.78572	6.1659	3.92081	2.50106	1.14153	2.14602	2.31673	4.00053	4.09807	4.2008	4.85533	6.30612	3.11086	3.60556	1.75553	0.960147	1.35773	1.14153	1.12754	1.6434	3.70504	1.79137	2.34393	0.797385	2.64878	3.1515	3.28433	1.2979	0.891464	1.64344	1.35766	0.56385	0.909128	0.909103	1.26061	2.14617	2.50106	4.0978	3.74326	3.03364	3.03373	3.74337	2.76597	5.56705	2.67267	1.43724	2.34393	3.22584	2.13869	4.1094	6.30612	3.9807	1.00859	6.50129	8.78479	4.27874	8.32304	11.4788	5.7667	3.17153	1.2979	0.79734	0.398689	2.71961	2.50108	3.58358	3.17132	1.26061	3.82262	4.06299	2.67258	5.91659	1.43724	0.504298	1.43727	2.90005	4.69677	3.77702	3.51247	2.78882	3.42576	5.39806	4.30807	9.19364	0.642889	0.909103	2.03209	2.14611	1.8178	1.28553	1.08448	6.03457	12.7429	10.7584	7.18279	5.68708	4.57444	4.72688	6.51119	11.5195	8.12601	8.41578	9.01178	7.69511	7.63009	2.67276	0.891434	4.70011	2.15342	1.35766	1.53354	2.39756	2.47566	1.92802	2.16819	2.39756	3.27465	5.87424	5.62059	5.78572	5.68993	5.18418	3.3129	0.735151	0.398712	2.77155	1.26063	1.26066	1.69111	2.32358	2.32364	3.53493	4.09807	3.26983	2.78315	3.28433	4.50502	3.3129	1.43724	3.40243	3.03364	2.96507	2.85056	3.02831	1.43721	2.20441	1.69104	1.35766	0.642889	1.47001	3.11086	0.891464	1.91966	0.713192	4.28604	4.4909	1.99267	0.398689	0.563827	0.642848	0.35661	0.79734	0.504298	2.67258	4.4909	1.43724	1.4373	2.93819	2.07855	1.51258	1.47006	3.20618	3.67099	4.73713	5.62065	6.0298	5.42736	4.98317	1.60434	5.12925	4.63949	5.00847	5.06161	4.53661	5.18447	5.40705	4.78675	4.42042	4.93252	5.74212	3.06489	2.49472	5.15694	3.1515	4.10956	5.06161	5.75568	4.83904	3.80621	1.14161	0.504298	3.85144	4.15527	3.51247	3.78548	5.0305	5.81001	4.00053	2.59446	2.31679	2.14617	7.52116	7.13934	1.28562	0.534906	2.31667	4.34454	5.55285	5.90599	4.00035	1.64352	2.1754	2.78296	2.96488	1.79137	1.92802	3.26963	2.28232	6.22628	4.83247	2.85613	1.12759	1.59446	2.07855	2.31679	3.43946	1.51258	0.35661
2.50082	2.51976	4.95411	5.26498	3.38823	1.08437	3.18599	2.51976	3.83468	3.20587	3.5121	5.05786	3.54781	1.96851	1.99258	3.90407	5.16849	3.63158	6.20317	6.51061	5.00792	3.99999	2.39718	1.39218	1.99256	4.65604	4.03553	4.15503	4.78953	8.23086	5.76582	2.63051	2.96462	2.31646	1.35759	2.39718	1.12744	0.891355	2.96462	1.60419	2.14588	1.46988	1.14149	3.54791	3.50758	2.42352	0.642822	1.43711	0.909018	0.909018	0.909036	1.35754	3.11565	2.23288	3.99999	4.09744	2.81669	2.48178	3.1158	3.15615	2.64863	5.34788	4.10902	1.64328	1.52298	3.22554	2.93782	2.67241	4.98271	5.7849	2.25401	4.30404	7.40818	7.54116	3.77659	9.83843	6.58688	4.44829	2.20421	0.356575	0.178289	1.08436	2.08594	1.60419	2.4235	1.26049	3.11058	4.7893	1.92773	6.66204	1.64328	1.51245	1.29777	0.642791	3.54781	3.1158	3.7725	3.11068	2.94868	6.75744	1.83494	8.46031	1.75537	1.35754	0.252145	2.69601	1.51253	0.356575	0.8914	8.01942	15.7774	7.92232	2.51976	5.68653	2.4754	7.06416	9.52721	10.9544	8.50428	8.61785	8.89405	7.52295	6.13467	3.92029	1.39218	4.69969	3.11565	0.909018	1.96851	2.42362	2.55109	2.20426	1.91956	2.4754	3.1158	5.00792	5.25021	5.78511	4.94478	2.37735	1.83494	1.08436	0.735059	1.26046	1.03951	1.26053	1.53338	2.32335	2.72528	3.74307	4.03553	3.1712	2.87249	3.36019	3.25002	0.909018	1.64328	1.14143	2.26813	2.89995	2.25408	1.86072	0.39867	1.99252	2.63051	2.81667	1.52292	0.797302	3.82228	1.08436	1.46988	0.713123	4.786	5.22897	0.891377	0.178289	0.563775	0.891355	0.356575	1.28542	0.504254	1.92773	4.24499	1.64328	1.64332	2.56967	2.51979	0.504254	1.28548	2.39067	3.75573	4.93201	5.52999	6.02917	5.95591	6.8012	3.58326	3.18599	3.37894	5.40642	4.85805	4.53614	5.08594	5.48721	4.8386	4.40566	4.73663	5.56392	6.29309	6.51753	4.65604	3.1712	3.70489	5.30376	5.6116	4.62555	3.1712	2.64854	0.504254	5.33311	5.67815	3.45765	3.85128	5.41518	6.37472	5.33618	2.87245	2.23288	2.17531	3.52541	6.66911	2.59413	1.19581	2.55098	3.8511	5.55236	4.65589	2.50082	2.31651	1.43708	2.28196	2.71937	2.42352	2.20426	0.960048	4.40191	6.41373	4.27847	2.17531	1.12748	1.5943	2.07834	2.23288	1.96042	0.504254	0.356575
2.72495	2.37705	4.13919	4.29995	3.60056	2.81653	2.48144	1.64312	2.14561	2.15312	2.63039	5.51213	4.53546	1.43693	0.398612	2.32304	3.74262	4.45141	3.24964	4.41926	5.34731	3.50708	3.15067	1.52277	3.06409	3.65276	0.908952	2.0318	2.42337	8.31218	7.4054	5.09164	4.50425	3.03302	1.64317	3.3266	0.891321	1.12733	2.07802	0.734984	1.61389	2.32313	2.37713	3.21042	0.891261	3.40187	2.64838	1.9683	0.891291	1.12733	0.713054	1.00832	3.66574	1.8606	3.9077	2.94825	3.04868	2.20406	0.563741	0.908927	0.908927	4.0349	4.21847	2.32313	1.6432	2.85555	3.75525	2.55083	3.21042	5.91283	3.3266	3.6701	6.50968	8.39533	1.9924	7.1294	7.54687	7.67126	5.90511	2.55083	0.756329	0.891321	1.08427	0.563741	1.2976	1.8606	3.03302	5.64709	0.398634	6.13381	4.30386	4.66918	3.42516	2.32313	1.64308	1.14139	2.34348	2.50057	1.64317	7.31019	1.24771	7.73546	4.80208	2.85555	1.26039	3.27385	2.67224	3.66596	3.2692	7.20087	15.7166	7.7395	1.79105	5.33551	3.04353	9.03518	11.564	9.09958	6.33706	4.62841	3.54744	1.26036	1.43697	4.29995	3.28354	3.70432	3.02772	1.42589	1.19568	1.26039	0.398612	1.43699	2.14576	2.39046	1.8606	2.67806	2.71926	2.28187	1.43699	1.14139	1.64317	2.3231	3.24972	3.15089	2.32319	1.43702	0.734984	1.14131	1.8174	2.55075	0.891291	0.713054	1.96023	2.0318	1.03942	1.3574	2.50057	1.52284	1.76419	1.03942	1.8606	2.76543	2.71926	1.75528	2.14561	3.4388	2.3231	1.08427	4.16954	1.26033	0.756276	0.959914	4.7855	5.52912	0.178272	0.252123	0.734984	0.5042	1.43702	3.24972	3.0643	2.87773	3.77199	0.959914	1.39203	0.178272	2.42324	2.01602	0.79723	1.00839	1.64312	1.39203	1.14139	1.89444	3.71715	6.88923	4.49004	1.9683	2.03184	3.3266	1.2976	0.563717	0.534802	1.91929	1.42589	0.79723	0.734984	1.3574	8.04941	8.65407	2.25378	1.75528	1.43702	3.04339	3.21048	3.04868	1.19575	3.03293	0.959961	5.2852	5.16798	3.11552	3.80971	5.30327	5.00745	4.33285	1.68128	0.5042	0.398634	1.03935	4.66899	5.74101	6.99739	7.77183	7.63489	5.0294	1.91929	3.04353	3.6701	0.398612	3.22522	3.02781	3.15574	1.9683	2.85557	6.46157	4.78887	0.178272	1.9683	0.642765	0.891261	0.734984	0.534802	0.534802	1.29765	2.67224
4.10831	3.66985	4.98175	5.68544	4.7257	4.69563	2.4813	2.34329	3.15056	1.92735	2.64814	6.21698	7.34574	3.77586	0.908842	1.06941	2.47492	3.24939	1.79087	6.65139	6.43185	2.20384	2.67182	1.78193	3.27353	3.45681	1.68114	3.15545	3.78435	8.50073	8.6732	6.92732	4.94383	2.96418	2.1529	3.54712	2.01584	1.43683	1.00823	0.75621	0.642666	0.908861	1.99213	3.21013	1.43685	1.03926	1.99217	3.15554	3.04322	2.63012	3.03282	2.08554	1.81723	2.34329	1.29748	3.56061	4.93106	4.83761	3.15554	0.908861	0.908842	2.32284	3.77592	4.69899	4.44754	4.39403	4.85382	3.91551	3.83394	5.11864	4.12748	3.91955	5.27582	6.0381	3.80502	2.4813	7.37971	10.5624	12.2875	10.4248	6.30453	4.28506	3.50691	2.42313	1.14127	0.891205	1.39191	4.93086	2.67782	2.32284	4.54566	6.67045	6.35145	5.75401	2.16755	1.60388	2.69552	2.98535	2.32284	5.90434	3.56043	4.91824	8.67501	7.57692	3.27368	3.7422	3.73805	4.15042	3.75493	3.17043	12.5737	10.6022	5.68805	7.79664	3.51142	10.6106	13.7227	10.1643	7.24337	5.23114	4.89261	4.54566	4.09685	5.02891	5.51749	4.39403	2.0316	0.797114	1.19562	1.79087	1.68121	1.89424	3.1101	4.09685	3.91551	2.15281	1.29751	2.3161	2.5937	2.01595	1.43687	1.91912	3.42465	2.78799	4.19955	4.80502	5.37342	5.47472	5.47472	6.19442	5.80829	3.32639	2.67182	1.64296	1.53301	3.3263	2.14548	1.59392	2.42303	1.12722	2.67782	3.07424	2.63012	2.03154	1.89424	4.50034	3.53387	1.46959	3.28318	1.96811	1.29748	0.642666	3.91944	5.09091	2.0316	0.797114	0.908842	0.504156	2.03154	3.07418	2.87743	3.82171	4.01508	1.99219	1.69056	0.534751	1.68114	2.71302	1.06941	0.959862	1.79087	2.03162	3.1101	3.28335	3.21019	5.96766	4.15401	1.59392	1.7551	3.24939	2.94811	2.56917	2.03162	0.712985	1.06941	1.06941	0.959827	0.891205	7.76471	8.8295	2.78799	3.35954	2.93732	3.07418	2.494	2.98535	1.92735	1.96004	3.17059	4.47918	2.42303	1.96004	1.89424	3.58257	1.46963	3.97954	3.77177	2.71313	2.17489	3.27368	1.19562	4.46167	6.75642	7.12232	6.19442	3.66987	1.68114	2.03152	3.91944	2.48121	2.87733	1.59392	2.31606	4.40481	6.90021	6.93841	2.37689	3.15545	2.07793	1.35727	1.52268	3.34538	3.40165	3.06397	1.92745	3.74226
3.10973	2.50013	3.5779	4.74509	3.02725	2.50013	3.97907	5.12736	3.0637	5.45104	2.64777	3.5779	7.47083	5.48545	1.92718	0.252074	0.178239	1.29736	0.908762	7.0268	7.52255	0.891127	1.28506	1.64282	2.32263	2.62977	2.64779	4.78466	2.50012	5.81839	5.60992	2.3159	1.4695	0.959778	1.08405	4.02636	3.7545	0.398558	0.712922	2.17459	1.14117	1.0082	1.8602	1.76388	1.61361	1.92728	1.06931	1.5121	3.02725	2.03145	2.53168	3.66943	1.00815	2.78193	2.50012	2.53168	2.72452	3.56463	3.5779	2.5934	1.51202	0.356475	1.78187	2.87169	3.04295	3.02725	3.60425	4.44693	3.65212	3.26842	2.69525	1.61359	2.94773	4.45059	6.23649	4.18774	0.908781	4.0344	7.8615	10.0567	6.79943	3.66955	3.20991	2.69525	1.76397	2.32274	1.92728	2.67159	2.1453	1.92728	4.53463	3.38728	3.74195	5.05644	4.78799	2.77052	1.69041	4.53463	4.33207	2.47459	4.85325	3.26842	5.23068	7.95336	4.95272	3.02194	4.52767	1.12712	4.28446	1.4695	9.21533	12.0139	9.76385	7.95909	0.891127	11.6926	13.3659	10.6767	8.65257	4.30284	3.91517	3.90313	3.17031	3.5602	3.63056	3.45667	2.78775	1.46946	2.13788	2.64788	1.76397	0.908781	2.62977	2.3227	5.51964	3.66509	2.51905	0.178239	1.43672	1.24748	0.252061	1.26013	3.77131	3.56011	1.99202	3.41989	4.90507	5.48854	4.54526	4.63788	5.7834	5.55374	4.39348	2.31581	2.87156	4.06149	0.756143	1.64282	1.43668	2.81588	2.42282	1.39179	0.64261	3.95119	2.67757	2.78775	2.84948	3.90295	1.14111	1.78182	2.7186	0.563616	2.96378	3.71648	3.04807	2.32263	0.64261	1.00815	1.92718	2.78763	2.42282	2.481	2.3227	2.32268	2.31581	0.712922	0.504112	2.25338	1.8171	2.20364	2.48108	2.14534	2.16736	1.39186	0.891127	4.91763	4.09629	3.49746	4.22907	4.62425	3.88689	2.81602	2.64788	1.78182	0.356475	1.00815	1.00815	0.178239	6.92636	8.35331	1.64288	1.75494	2.87708	2.81588	2.42282	3.1851	2.3899	1.19552	2.72452	3.3873	2.15271	2.50012	1.89407	6.37279	5.33481	5.67676	4.67837	3.22467	1.78187	4.28456	4.99075	5.7642	1.03917	3.26842	1.60374	2.7186	1.99196	3.74194	4.18774	2.08529	1.64282	2.1453	1.39179	4.10795	5.02847	2.85504	1.92718	4.69503	1.69041	1.6428	3.50646	3.28302	3.0221	2.87718	2.15262	4.90481
3.22429	2.49987	3.07359	4.33162	3.22429	2.49987	4.72463	6.62432	2.31561	4.49933	5.68434	2.71845	5.65378	5.80695	3.75421	2.47444	1.39171	1.46934	1.81691	5.28372	7.66477	2.14505	0.959641	1.28492	1.89377	2.47433	2.23192	5.15432	3.28255	4.40373	5.27777	1.83423	1.26	1.61344	3.59958	4.81377	2.94742	0.534647	0.959676	2.53128	0.17822	0.534647	1.61344	2.08514	1.86005	0.563557	1.99173	0.398516	2.48073	0.563575	0.534647	3.52405	1.99173	3.7541	3.34459	1.14105	1.7905	2.72417	3.38692	4.12668	4.12668	2.03123	1.52239	1.78168	2.5932	3.77092	4.27665	4.27665	3.70328	3.14979	1.68081	0.642542	0.959641	2.38975	6.03967	7.30199	6.60335	6.93721	4.88205	4.19853	7.01526	8.87863	9.48524	9.50942	9.50301	9.50301	8.89767	6.5297	4.53439	6.29584	7.84288	3.18489	2.96347	3.80838	4.78748	4.62707	1.89387	4.14942	4.99022	4.05737	6.04745	7.47638	2.17447	6.19296	6.96832	2.5932	3.90254	1.08396	4.28401	3.75421	11.2226	13.4428	11.6232	8.41146	4.29873	13.7202	12.0239	8.91793	8.6819	5.90325	3.97869	2.85474	0.891055	1.91874	2.25321	3.027	3.604	4.12662	3.27293	1.53271	0.756103	1.64268	2.23192	1.64265	5.55023	4.34248	2.07744	0.79696	1.60357	2.32245	1.26004	1.39164	3.18476	3.90254	1.99179	2.16713	1.81691	3.04775	3.07364	2.53141	1.99173	4.8915	5.64554	3.73733	4.10748	4.01422	2.78734	1.68081	1.29726	2.39626	2.49985	2.34284	0.891055	4.15321	3.02162	0.734792	3.20948	4.16462	2.78178	2.51882	3.56426	3.53319	3.66914	1.95966	2.15239	3.38694	3.027	1.78168	3.04775	4.09597	3.20957	2.55	0.908685	3.56426	3.40092	2.62961	3.31149	3.84154	2.87688	3.45626	3.20961	1.99181	0.908685	0.734774	1.00809	4.16462	4.62368	5.15445	3.74156	3.03217	3.38226	2.31565	2.31561	2.49985	1.64271	1.29726	1.26	1.19539	6.84421	8.05295	1.39171	1.35706	2.94742	2.39626	2.59313	3.56426	3.38226	2.14505	2.23192	1.91874	1.127	1.43657	2.78746	6.52463	2.13766	3.26808	3.1094	3.66914	3.027	3.20948	4.16837	6.65949	0.908666	2.71832	1.59361	1.59361	1.08394	2.15239	3.38692	2.695	1.46934	2.17447	5.09324	7.51788	5.69534	2.39638	5.51066	6.21578	4.8007	2.85472	4.69788	3.42404	4.53436	6.45999	7.61021	6.21578
4.01396	4.1644	4.53392	5.37766	5.39518	4.89124	5.7524	7.69059	7.27576	1.35689	4.88155	4.49908	2.71226	4.05686	4.01396	3.60368	2.92033	2.54988	2.16691	2.871	7.21552	3.20927	2.71821	4.19837	5.34552	3.66884	0.908605	4.0646	4.39983	2.96321	5.47292	2.78139	1.6425	1.79035	2.67107	2.20316	2.64737	2.20322	1.03897	1.64248	0.796923	1.64254	1.89371	2.47422	2.69476	2.37616	1.91858	0.890954	1.64248	0.398464	0.252012	2.16691	3.42384	4.27271	3.62979	2.14493	2.81545	3.24848	3.54623	4.4569	5.90292	4.78724	3.1697	2.64739	3.06311	5.60884	6.36168	3.04226	4.09175	5.35713	3.07338	1.83415	1.03902	1.28481	3.07338	6.29529	8.04689	8.63532	8.05264	5.42423	1.43644	2.14493	4.28373	3.0319	4.44625	8.3908	10.6239	10.3282	9.12871	10.7599	7.86404	4.85557	4.05686	1.99155	3.07338	5.30126	5.09279	2.96335	1.46921	3.55961	5.05556	7.61965	6.03912	1.4364	6.57419	4.05696	1.39152	1.00795	3.99826	13.2216	19.2073	14.8362	8.86721	4.30566	9.63292	15.2814	9.71343	6.4591	7.03873	6.18229	2.92018	2.15221	1.53258	1.39159	2.77013	3.66884	4.06089	5.92661	4.92948	2.39604	1.08384	1.25991	0.178205	1.89371	2.871	3.71576	1.14095	0.642517	1.85984	1.85984	1.51181	3.27264	3.40052	1.81672	2.67121	3.28238	2.64737	3.75384	3.57724	3.02152	1.96758	2.4806	6.96789	8.23482	7.91893	5.88172	5.57802	3.70295	0.890954	1.85989	5.28353	6.8234	5.64246	3.95055	3.1091	0.5346	2.4933	5.65358	7.17913	5.9531	5.57821	6.90738	6.15219	3.66884	0.756037	1.35694	2.64737	2.14488	2.39604	2.89847	2.64737	3.1092	4.22827	5.8174	3.70314	2.71236	2.87663	3.74121	2.54985	3.38663	3.1092	2.9365	2.26706	2.49963	0.79689	2.49963	3.8412	2.5186	1.4364	0.890977	4.24318	5.32494	4.66739	4.29853	3.75395	2.23182	1.6133	1.81675	6.54552	7.1549	0.178205	0.356406	2.14482	1.43643	2.25301	3.42379	4.12632	4.09561	3.49678	1.99155	1.64248	0.252012	1.03897	4.85231	2.54988	3.07332	0.642517	3.06311	3.91441	0.5346	4.18694	4.15284	3.80824	6.12159	6.10102	1.69009	3.02152	3.27278	1.43644	1.92681	1.25991	1.29715	1.52225	5.00546	6.85047	3.11432	6.64965	4.27271	5.00856	2.67707	7.17023	6.37171	5.0587	3.55961	5.69488	6.41325
1.9593	2.49941	3.22369	3.38164	3.74087	3.74085	3.56362	4.79981	7.52045	6.29443	0.251985	3.43717	1.19518	1.6423	2.07704	1.64234	1.53252	2.20294	3.28191	1.81653	7.17152	2.15198	2.48038	4.61274	5.24726	3.28208	1.6423	2.54954	4.49848	0.796852	4.9797	4.09507	2.14459	0.642418	2.53097	4.39243	3.77037	3.20404	2.87623	1.39137	1.52205	1.25979	0.64246	0.712715	2.07704	2.25271	2.34237	0.56345	1.43628	0.64246	0.534548	1.28476	2.67097	2.48038	2.54951	1.42521	1.9593	2.20294	1.64234	1.03892	2.85419	3.75347	1.83399	1.08376	0.796852	4.7701	7.8095	2.37592	2.48038	5.53234	4.27227	1.64242	1.52212	2.51836	1.92673	0.642418	1.64242	2.32203	3.26765	6.19214	7.85934	6.90674	7.60885	7.3707	7.79388	7.8095	1.83399	4.97985	4.8521	5.51821	3.10882	9.5681	4.50202	1.60327	0.64246	2.34237	3.0317	4.22789	3.62942	0.712715	2.17395	4.3052	5.64442	3.15425	2.7868	4.93851	0.356371	3.26745	5.15351	15.9745	16.3033	7.03848	0.890898	4.88119	11.2487	11.4081	6.77194	6.27447	7.13022	6.75354	3.45554	1.7902	2.23149	1.08373	0.90852	1.35675	0.73466	5.61655	6.4099	2.64698	1.14077	0.959458	1.46903	1.12684	0.356371	2.25271	2.23149	0.534548	0.796807	2.08467	1.53241	3.90182	4.30156	0.890898	1.00791	2.25271	1.64234	2.81504	2.53079	0.563473	2.7868	2.39579	3.0317	5.487	4.98003	3.52362	6.8247	5.86216	0.563473	4.39219	4.50212	5.11692	5.30077	3.2725	1.60327	0.796807	1.79017	5.16571	5.37715	4.9893	3.16942	3.51013	3.37703	4.05645	1.81658	1.46908	0.712715	2.39579	2.03087	4.73397	5.08924	4.05659	4.2723	3.38632	1.61312	0.755917	1.08373	2.8707	1.59331	2.7178	1.03886	1.52205	1.5934	3.22369	2.59264	0.398423	1.76335	2.31518	3.20907	3.90182	2.49306	3.75352	3.74085	2.64713	2.84866	2.25271	1.12679	1.19511	5.53218	6.15378	1.53252	1.03892	1.85965	1.12684	1.069	1.92661	1.85965	3.54576	4.5437	2.89811	1.43625	1.43631	2.89832	5.16571	4.06052	2.78696	2.48026	0.398423	3.90179	3.42333	3.88564	0.356371	4.9893	5.33039	7.74592	6.15378	3.75347	4.14888	3.51013	1.83399	0.252003	1.25979	3.53257	4.50212	5.12584	1.52205	5.15333	1.64239	5.24996	0.890838	8.77901	4.1526	0.796807	3.32515	2.42222	5.12584
2.315	1.8164	2.38897	2.23129	1.7632	2.72341	3.03132	3.77408	6.97747	7.21414	2.42198	1.91821	0.642392	0.398387	1.79	2.5307	3.27215	4.0948	4.66635	2.34218	6.84456	1.14067	2.87597	3.42308	1.83379	3.49611	3.39997	2.54938	3.26716	0.796735	3.78236	4.29753	3.2478	1.53236	2.14445	2.17386	3.73628	3.62909	3.97753	1.81636	2.2525	1.2969	0.890782	1.81636	2.31496	1.08363	1.89324	1.89324	1.19506	1.83379	1.25969	0.17817	1.43615	0.642361	1.51144	1.46889	1.29686	2.32173	2.3757	1.89334	2.34218	2.64677	0.398404	1.92653	2.28055	4.44526	7.92687	3.92976	2.07695	3.91768	5.50628	3.22342	1.28456	1.46889	0.712646	1.46889	1.28462	0.959371	0.734567	0.890804	3.03132	4.27562	5.15605	2.49917	6.88539	9.50636	3.28168	1.85953	4.44539	3.71515	4.83518	11.0295	4.69656	1.64218	2.28055	2.76384	2.62887	2.72346	3.60284	1.25964	2.72341	3.27201	3.774	4.53288	3.93783	9.05428	8.80662	10.4795	12.547	14.5053	7.60787	12.1239	13.9578	13.1093	12.1829	10.5687	7.62432	6.75301	6.78745	5.90155	3.20858	0.796735	1.78109	1.19501	0.642392	1.43615	0.563398	5.5317	6.78973	2.54928	1.46893	1.8164	1.42507	0.534497	0.890804	1.78113	2.42188	0.642361	0.356337	1.81636	2.87049	2.71174	3.94966	0.908429	0.17817	1.43615	3.03138	5.30024	5.39414	4.53312	4.81246	4.63596	3.58102	3.03138	1.60312	1.12669	7.23133	6.07139	1.25966	5.05757	4.7233	0.890759	2.87049	2.54936	1.43619	1.68042	4.47706	4.88052	4.57098	4.62238	3.78256	2.91976	3.02608	4.55716	1.99123	2.17386	2.23139	2.4219	2.98394	2.28055	3.71515	5.0172	5.2257	3.66384	3.62916	2.781	2.71768	3.74051	3.07278	2.67653	1.76329	2.71768	2.28055	2.85392	3.74051	3.14907	2.59247	2.23129	1.08363	5.18931	2.53057	2.32173	2.64674	1.0689	2.71174	3.06237	0.712646	1.43617	4.85463	5.9016	2.315	1.83379	2.48012	2.48012	1.95911	2.20274	2.03056	2.39558	4.10628	4.80262	3.07278	0.563398	1.64225	2.76377	1.35663	0.251963	2.81479	0.890782	3.65071	4.15204	3.91758	1.92653	6.03796	4.90318	7.39911	7.77504	4.92853	2.03064	2.31496	2.14451	3.94986	5.08871	3.70242	1.68042	2.47363	1.25966	3.5096	2.422	4.61551	3.80731	8.7501	2.14451	4.81246	4.35952	3.45534	6.95077
1.53222	0.398368	2.03034	2.51776	0.755824	2.81468	4.22705	4.62533	7.17673	7.34997	4.06361	2.89776	1.99107	1.3912	1.89317	3.18371	3.16881	4.61504	4.49761	2.08436	4.16676	3.02067	4.28254	3.20834	1.12662	2.38873	2.03045	2.14432	1.29673	1.59309	3.57616	2.23106	2.51787	3.20845	2.15168	1.19495	3.04136	3.99688	3.50475	2.59223	1.99104	0.712577	1.7809	3.76947	2.81465	1.92636	1.64202	2.47337	1.46879	1.92636	1.9181	1.75401	1.3912	2.72321	2.16627	1.08355	1.29678	1.92624	2.76916	1.24688	1.43603	0.796653	2.34196	3.11344	2.96252	4.39854	6.5817	5.37612	3.90127	3.71481	5.02596	4.78565	3.28128	1.95892	1.14055	1.51138	1.81623	0.755824	0.959273	1.12657	2.26642	4.09455	3.93747	2.07676	5.85856	10.7399	11.8609	9.86084	6.9232	3.16859	4.97889	10.8448	9.01758	3.38564	1.99104	2.23119	2.01482	2.7116	2.13685	1.593	2.47337	2.37546	3.38567	6.07086	8.53548	9.16139	15.735	18.9565	18.529	9.51565	9.21111	15.3418	13.9566	12.7889	11.8609	11.5519	9.2529	6.45755	4.78568	4.28236	3.75266	1.64199	0.563364	2.14426	0.90832	1.19488	0.642294	4.78231	6.03463	3.42274	1.89317	3.32451	3.41827	3.14879	3.42287	3.35765	1.99107	0	1.25954	1.61281	2.32149	1.03872	3.91328	3.031	0.890726	2.64662	5.34401	5.90128	3.5807	1.68027	4.0595	3.20342	5.08211	5.55973	4.5325	1.46874	6.40867	5.17974	3.0466	2.78056	5.16454	2.28019	4.16705	5.96719	4.69635	5.02929	6.50563	3.88504	4.10587	3.20834	1.61283	0.356302	1.91801	4.16303	2.78642	3.45503	3.59823	1.25954	3.80691	1.81623	2.89776	4.78265	5.27312	3.90131	3.93747	3.53189	3.20845	4.22708	5.11594	2.67046	1.43603	3.27183	4.66614	5.5173	6.60093	6.42856	6.04536	5.16487	3.92939	4.83469	3.81956	4.62205	3.60266	2.14432	2.89762	3.83173	1.78102	2.15168	4.32647	7.47582	7.38403	5.81584	4.48734	3.97728	3.07242	2.15157	3.52269	1.68016	1.42493	4.09443	4.47669	3.04665	1.25952	1.53212	1.0688	1.29678	2.67037	2.4799	2.81453	4.30437	5.1797	4.18583	6.75265	7.89525	7.09422	6.67574	5.0165	2.89776	4.78592	5.18912	5.16483	3.66784	2.08436	1.52175	1.14063	2.14432	1.43601	1.99099	2.87567	5.79659	5.76139	5.73171	6.45755	5.08826	4.24199	5.98806
1.12651	1.6419	2.49867	3.24717	2.08415	1.99086	3.50892	4.63498	4.28199	5.86068	6.51225	6.31768	5.87946	3.71444	1.00761	1.14045	1.81601	3.90475	2.71121	1.76295	0.734443	3.43632	2.38861	0.712508	3.07219	4.70584	4.27485	3.16847	1.61268	3.32408	5.34045	3.34314	0.734443	2.20231	3.83152	4.91504	3.26668	3.02019	2.72288	1.96682	0.796581	1.75392	3.56259	4.74235	2.93536	3.20812	3.66313	3.28111	1.68949	1.25944	2.17344	3.73979	2.76324	1.29665	3.45455	1.43585	0.908253	1.43587	2.85339	3.60229	3.30992	3.28116	2.31455	1.08342	1.08342	3.54476	4.82779	5.15506	3.56257	2.37524	4.06303	5.50797	5.08758	3.2715	2.72294	1.00761	1.78074	0.178136	0.908253	2.14405	2.38861	2.39524	2.53021	2.14405	2.15146	6.93395	11.2232	14.2762	15.7031	12.1387	2.69369	7.8392	11.7986	8.66905	3.4545	0.39831	1.03861	2.64637	3.78183	2.9192	1.12647	1.64187	1.78966	4.87958	11.8896	11.9384	12.1128	13.3887	6.74042	10.6706	15.0213	6.84332	2.76324	1.12651	3.60217	5.8792	3.10793	1.9179	2.72288	3.02543	3.3992	2.31447	1.4248	1.81601	2.08408	1.89297	3.9491	4.30047	4.14746	3.3992	0.398327	2.32129	2.03019	3.3573	3.60232	3.3573	3.26668	2.54887	1.85917	2.49869	2.51759	0.712508	2.14399	3.20796	1.9179	3.9129	3.38532	0.251928	4.44453	6.25059	5.95081	2.89745	2.89735	3.04108	3.60214	1.92616	3.34301	5.35512	6.00575	4.91504	3.28104	4.40165	4.55628	5.24571	6.42786	6.03435	4.72255	1.99084	3.30976	2.78032	2.94602	1.78083	2.69372	3.59782	1.14051	1.51115	2.64626	1.59292	3.99652	1.43585	0.642237	0.890587	0.563289	0.734425	1.43589	2.03027	1.64193	1.35642	2.81436	4.09403	1.25944	3.4545	3.20809	5.02566	5.66523	5.42215	4.65214	3.81916	4.91486	4.35859	2.89745	3.76925	3.0308	2.23096	2.51759	3.42237	0.734443	1.68001	0.908253	1.61268	3.73977	3.24717	2.08408	3.3992	3.03064	1.83336	3.59782	3.66742	2.62836	2.51759	3.24723	4.88935	5.11542	4.10562	2.78613	1.92616	2.53021	4.53224	5.17948	4.44802	5.33149	4.45498	2.56746	4.03206	5.01624	4.80169	3.97676	2.89735	3.80677	4.80183	3.66745	2.47956	2.42144	2.14403	0.712508	0.563307	1.14051	3.11297	1.59285	5.65111	3.07219	5.15506	2.42151	0.712508	2.03019	2.86994
0.734361	1.03847	1.52148	2.59167	1.19472	0.890531	5.54712	5.95271	0.890531	2.78022	4.92735	4.37277	4.10521	4.85327	1.03847	0.734361	2.78577	2.32108	1.19472	1.91774	2.3883	2.27979	1.14035	1.2965	3.714	4.65159	3.39908	3.45432	3.42207	4.91436	5.24502	4.1471	0.796545	5.08713	5.05317	3.94875	3.28075	1.29653	3.15307	2.02999	1.9259	2.25187	3.28075	4.10513	2.31431	1.89281	2.81411	2.32119	1.39093	1.19472	1.75377	3.22248	4.32919	1.61252	2.47294	3.7813	1.28426	1.91767	0.890554	2.47943	2.62813	1.89281	1.2965	0.563257	0.251892	2.32113	3.73944	5.05615	4.58681	1.52148	3.38036	5.89998	4.62109	3.99634	1.99069	0.796511	2.01432	0.356237	0.503775	1.28426	2.27991	2.64614	2.52999	3.49513	3.752	1.39086	1.99067	4.67518	9.76538	12.2927	11.0415	2.56723	11.658	10.7503	4.7749	0.734361	2.07627	3.59756	4.53185	4.37277	2.87526	1.99067	1.78952	1.25927	7.85607	18.7833	16.1392	4.15103	6.15912	14.2734	12.5893	5.68378	2.14385	1.29653	3.06151	4.83378	3.20771	1.52148	2.56711	2.71097	1.89271	1.96662	0.755678	1.53185	1.25931	3.80223	4.29649	3.45437	3.38502	3.27109	1.03852	2.49847	4.61077	2.32108	1.14041	1.78063	1.99067	2.6758	2.47305	2.20217	0.56324	1.68934	2.6758	1.7537	2.25187	3.04081	1.19467	2.87516	5.17278	3.71411	2.86977	2.4213	3.60198	3.93672	0.734379	1.64178	0.734361	2.76299	2.81411	3.10775	1.43579	3.80624	6.78783	1.99067	3.62814	2.71108	1.67994	2.94576	2.94576	3.43589	3.83104	1.24665	3.1127	3.42211	2.31435	3.04081	0.959102	1.67994	3.714	1.43576	0.563257	0.755638	0.56324	0.251892	0.642212	1.28426	1.60267	0.890509	0.734361	3.20775	3.04604	3.53102	3.80624	1.68934	2.20217	2.5174	1.64172	2.54856	4.1471	3.55774	0.712446	1.9259	0.534346	1.46848	1.99063	3.42207	0.734379	3.50412	2.56723	2.86977	3.92862	3.22248	2.59167	4.05878	2.23067	0.959136	2.64611	3.70138	4.3001	3.28075	1.64178	2.7227	3.38502	3.42211	2.14385	0.796545	1.7895	3.45432	3.94875	2.71692	3.55774	4.91436	1.6417	1.81585	3.20775	2.69349	2.71097	3.55774	1.91767	2.16592	2.71692	4.88877	3.7012	1.43572	0.503775	0.890531	0.734379	3.55774	1.52148	4.54203	1.43579	2.71679	0.17812	0.890531	3.714	3.20777
0.503722	1.00737	1.00737	2.01411	0	0.503722	6.52026	6.02254	1.00737	1.51085	1.51085	2.01411	3.01961	5.5239	1.51085	0.503722	3.01961	1.51085	0.503722	1.00737	3.01961	2.51705	1.51085	1.51085	4.02325	4.02325	0	2.51705	4.52419	5.5239	5.5239	5.02443	0.503722	5.5239	3.01961	1.00737	4.52419	0.503722	3.5217	2.51705	2.01411	2.51705	3.01961	3.5217	1.51085	0.503722	1.51085	0	0.503722	0.503722	1.00737	2.51705	4.02325	2.01411	1.51085	5.02443	0	2.51705	1.00737	0.503722	1.00737	0.503722	2.01411	0	1.00737	1.00737	2.51705	5.02443	5.5239	0.503722	1.51085	5.5239	2.51705	2.01411	2.01411	1.00737	2.01411	0.503722	1.00737	0.503722	0	0	0.503722	3.5217	4.02325	2.01411	2.01411	3.5217	7.01699	10.4606	14.3036	1.00737	12.3963	11.4317	5.02443	0.503722	3.01961	3.5217	0.503722	2.01411	2.01411	1.00737	1.00737	0	5.5239	20.267	18.4739	1.51085	8.99265	13.8296	10.947	6.52026	1.51085	0.503722	2.51705	4.02325	3.01961	2.01411	3.01961	2.51705	1.00737	1.00737	1.00737	1.51085	0.503722	3.01961	1.51085	0	2.01411	2.51705	0.503722	1.00737	5.5239	3.01961	0	1.51085	1.00737	1.51085	0.503722	0.503722	0.503722	1.51085	1.51085	0.503722	2.51705	2.51705	0.503722	3.5217	5.02443	2.01411	0	1.00737	0.503722	1.00737	2.51705	0	2.01411	2.01411	0.503722	1.51085	1.51085	3.01961	7.51267	2.51705	2.01411	0.503722	0	3.01961	2.51705	3.01961	3.5217	1.51085	4.02325	3.01961	1.00737	3.5217	0	0	3.01961	0.503722	0	0.503722	0.503722	0	0.503722	0.503722	1.51085	1.51085	1.51085	1.51085	3.5217	3.01961	4.52419	1.00737	1.00737	1.51085	2.51705	3.01961	3.5217	3.5217	0.503722	2.01411	0.503722	1.51085	1.51085	3.5217	0.503722	4.02325	1.00737	1.00737	3.01961	2.01411	2.01411	4.02325	1.51085	0.503722	0.503722	0	3.5217	3.5217	0.503722	1.51085	2.51705	3.01961	2.01411	0.503722	2.01411	3.01961	0.503722	0.503722	2.51705	5.02443	2.01411	2.01411	3.01961	1.00737	2.01411	3.5217	2.01411	2.01411	0.503722	5.02443	4.52419	1.51085	1.00737	0.503722	0.503722	3.5217	1.51085	4.02325	0.503722	2.01411	0	1.00737	4.02325	2.01411
1.46823	1.12619	1.28395	2.42073	1.68901	2.89664	6.3942	4.97691	0.755492	1.89234	1.52124	3.02986	3.39832	5.74849	4.45745	3.39843	4.18415	2.32068	0.563149	1.52118	2.42073	2.32063	1.85859	2.69293	3.93584	3.45353	0.356168	2.31382	4.53076	4.30279	5.27084	3.16742	2.78535	4.78388	1.92552	2.86917	5.259	3.11224	4.87821	3.60116	2.32063	2.89649	2.77954	3.06092	1.8155	1.08314	1.68896	0.642056	1.00733	1.43551	1.08314	2.66929	3.80551	2.02962	1.08312	4.55151	1.14013	2.69297	2.71639	2.42085	2.78535	2.62762	3.10713	2.89664	2.32074	1.99028	2.89653	5.00213	6.07379	4.14649	3.7682	6.23116	5.34194	4.78403	4.09286	2.15077	1.76236	0.563149	0.251844	1.53163	2.0297	1.76245	1.9903	2.07587	3.56157	4.15023	3.55714	2.54807	5.96467	10.3225	14.3563	4.97702	10.7482	12.1154	5.00213	2.77968	3.04545	3.1121	1.08312	2.14343	2.72212	0.734237	1.28395	0.958951	5.51492	20.6361	17.9355	1.91736	9.9857	13.4021	11.2182	5.27084	1.35598	1.25902	2.62751	3.80551	2.52937	2.02962	3.20709	2.84703	2.6456	2.31386	1.59241	1.51072	1.29625	3.27046	1.08312	1.24641	2.67528	3.54376	1.12619	1.24641	5.4348	3.3562	1.28401	2.49163	2.56674	3.50358	3.18249	1.89244	1.24641	2.01393	2.08349	0.890381	2.56661	2.25144	2.01404	2.76246	3.66626	3.56157	1.35604	1.08312	0.178086	1.08312	2.31382	1.53163	2.49796	2.49796	2.0297	2.81357	3.15255	3.91582	6.98977	1.78024	1.78024	0.958916	0.890381	2.89653	3.42145	3.42145	4.12357	4.45745	5.70479	4.45738	3.6621	3.73451	1.35604	0.563149	2.52937	0.890359	0.356168	0.642056	0.734219	0.503704	0.534243	0.563131	1.35598	1.60236	2.13604	2.1655	3.91181	4.28092	4.3969	1.46823	1.43549	2.32063	3.26561	3.04023	3.3562	3.14741	0.563131	2.32063	1.53163	2.72217	1.35604	2.81346	1.29628	3.55706	1.14013	1.14019	3.80142	1.96626	0.907979	4.10442	4.69119	3.02472	1.43547	0.734237	3.24626	4.44677	3.66642	3.97582	4.83304	5.61363	6.20623	6.65484	6.59841	5.57166	4.16545	4.40065	5.72953	7.61463	6.58893	6.81888	6.84618	5.68297	5.00545	5.17794	3.43535	2.34107	1.43551	4.94848	5.12609	3.15255	3.10715	3.28024	3.66642	4.09288	1.68901	3.81793	1.46823	0.712308	3.02472	2.5295	2.32063	3.20709
1.03817	0.563073	2.20147	3.66591	3.42119	3.81775	4.14974	2.38759	1.89228	2.89625	2.87445	4.35706	4.44288	5.64091	5.39111	3.49422	4.39646	3.22154	1.78898	1.99001	1.68878	2.14325	3.22159	4.9734	3.15226	1.08303	3.52127	4.7208	4.80973	4.27321	6.88176	4.29528	1.99001	2.32048	4.80006	6.68221	5.51178	2.66919	4.70397	5.15008	4.62314	4.16106	2.69266	3.22159	3.66178	3.73847	3.20684	2.16525	0.907888	0.64203	1.53149	2.54784	2.64521	1.78012	1.39054	3.60076	3.34173	2.89638	3.1673	2.52928	2.91812	3.42125	3.75112	4.03058	3.6661	3.37478	3.59653	4.84878	6.40842	5.8985	4.7208	6.06309	7.53228	7.3994	7.51156	6.04233	3.97546	3.78043	2.84676	2.23	2.26535	3.90348	4.55135	2.675	2.71615	5.25862	5.16227	2.39436	2.62724	8.37688	14.1465	12.6882	3.42111	14.4734	11.4997	7.56311	5.27063	4.3281	3.99521	5.03005	6.28556	4.2139	2.87445	1.06829	4.32432	22.1842	18.1488	5.57088	10.4704	12.0821	11.2506	4.4745	3.37478	4.91314	4.7208	4.09249	2.67503	0.907913	2.14322	3.26547	4.05782	4.5685	4.22505	3.5568	0.734145	2.69266	3.60099	4.37154	3.75102	4.45682	1.7623	3.37478	6.12439	4.97654	3.55692	3.54354	3.3087	3.90348	3.8832	2.87445	2.64536	3.57447	3.27012	1.08303	2.81319	0.178068	3.10684	3.20693	1.35591	2.71598	1.68878	0.356133	0.712239	0.503624	1.08303	2.07578	2.32048	2.71615	4.30263	4.87794	5.17758	6.28556	6.2105	1.29616	2.59091	2.42061	2.07578	1.78012	2.39419	2.16525	2.86896	4.38951	6.99156	6.84557	5.52889	3.55692	2.32048	1.25892	1.35584	1.4681	1.29616	1.24629	1.19432	0.356133	0.563097	0.712239	1.06829	1.53149	2.69271	2.71615	3.97546	4.49567	3.0452	0.890303	1.03817	4.14586	4.44271	1.78898	2.4722	2.89625	1.78018	2.42051	2.675	3.50779	3.32293	0.734145	1.25892	1.99001	2.16529	1.78898	3.30848	0.734169	1.96608	3.1673	4.27321	4.12318	3.54354	3.0608	3.43504	4.84887	6.45458	7.19322	7.62023	8.3459	9.49513	10.2156	10.2631	9.38011	8.25678	7.76313	9.1151	10.6728	9.78174	9.68618	9.50153	8.3846	7.02056	6.45451	4.65043	2.77944	1.59233	3.99502	4.49903	4.30263	5.72361	5.52889	4.93873	3.0608	1.12604	2.76785	1.39044	1.85841	3.02956	2.98222	2.85232	5.85846
1.25882	1.61191	2.76193	3.82957	2.59067	1.46791	0.958731	1.67929	1.92525	2.72159	2.37412	2.49748	2.86858	2.76193	3.94703	3.16681	2.76761	3.30819	1.52089	2.16504	1.98986	1.19426	2.89597	4.78296	1.42412	3.37433	3.97505	5.89787	5.39931	4.45307	5.113	6.75551	4.28009	3.75073	4.78313	4.44243	1.89208	1.19421	2.14297	3.02407	5.55915	4.78296	2.4975	2.51643	2.51648	3.3977	3.76735	2.42029	1.68868	2.15044	2.54768	1.91699	1.19421	1.03807	0.907822	3.26982	3.9029	1.2588	1.35572	0.398121	0.356099	1.06819	1.12597	1.13997	1.52094	2.34058	2.37412	2.32023	3.07068	3.89887	2.54758	1.53133	3.56088	4.10359	5.57325	6.26988	3.90308	3.4209	4.72016	3.75055	1.2837	3.62667	2.64512	5.6623	3.02921	2.94462	3.89887	1.81519	0.796237	3.10645	8.53086	15.314	8.06648	10.2411	11.5958	6.55911	3.30835	3.34156	3.62674	3.89903	5.50548	4.29844	2.39411	4.14928	3.64847	24.1472	20.346	7.1488	9.85479	10.84	10.5973	4.6901	4.47414	5.19811	3.6614	2.93397	2.86862	2.16508	0.50358	1.13997	1.68868	3.02929	3.66567	5.17079	2.27891	2.91781	4.66339	3.27961	4.48453	4.2726	1.2588	3.80069	5.4683	4.4986	2.27903	1.52094	1.2588	1.35572	2.1723	1.46791	1.59217	3.57413	4.66325	2.02928	3.07068	2.31337	3.45287	1.83257	2.66891	1.91699	2.07546	1.08293	0.734077	0.641963	1.25878	0.56304	1.13991	1.81515	2.59074	2.59074	2.38748	4.6498	3.38373	3.26498	4.1455	2.56624	3.02413	3.02413	2.31346	0.907822	0.56304	0.641932	3.22124	4.08824	2.37417	1.43519	2.07546	1.7799	0.356099	0.890187	1.08293	1.42412	1.91692	0.796203	0.398121	0.563022	0.563022	0.53414	1.98984	0.890209	1.12597	1.46791	0.398121	0.53414	1.85824	5.48254	3.73793	0.641932	1.95781	2.67475	1.53133	1.296	3.27944	1.19426	3.32251	1.64109	1.43517	1.13997	2.20132	2.86862	4.10359	2.31346	1.81515	0	2.47198	1.67922	2.38748	2.42038	1.96586	1.43523	3.57417	3.50742	3.66567	3.27961	3.5209	3.66571	3.99482	4.28018	4.29851	3.39777	5.74738	6.70924	4.28009	3.62674	3.62674	3.03975	2.38748	2.85202	1.96588	1.85824	1.13991	3.41612	2.51635	2.13563	3.24569	2.47847	1.96586	1.76202	2.47838	2.42029	2.20127	1.43517	2.54758	3.81719	5.16165	5.1251
1.25874	1.85812	2.76165	3.26464	1.51027	1.12582	0.796165	1.28365	1.52081	1.19408	1.85805	0.734003	2.47172	2.71546	3.89847	4.08784	4.05311	4.97559	3.15166	2.69219	2.85174	1.2587	1.75284	4.49462	2.86835	4.94702	3.02378	3.15154	0.734003	1.12582	1.81497	6.00205	3.20614	2.13542	1.98966	0.890071	1.28357	1.77971	1.51027	1.12582	4.33792	5.0846	2.20104	1.61176	1.25874	2.62673	3.8168	2.49724	1.92507	1.91682	1.12587	0.39808	0.890131	2.07538	2.22971	2.15013	3.30784	1.43502	1.39017	0.562964	0.562964	0.534088	0.712101	0.398102	0.641865	1.77971	1.98963	1.8323	3.02889	3.52929	2.02902	1.67915	2.85174	3.80031	4.44186	5.25747	3.57832	3.73775	6.40697	5.31961	2.08287	3.66521	2.3939	5.75757	3.26946	2.26475	2.87375	2.20112	1.98971	1.12587	4.45241	14.5045	15.1146	0.958679	11.4658	10.8003	9.12019	7.76165	4.91229	3.49355	4.91219	6.12336	3.56053	6.14597	1.06808	22.7722	21.4423	4.19412	10.1219	12.9958	12.0328	7.13955	5.37255	3.80041	1.35565	0.562964	2.42001	1.42398	2.70979	3.14669	3.45273	3.18159	2.25087	4.83141	3.556	1.28357	3.34108	2.37388	5.79274	3.20614	2.9337	3.20614	3.91456	3.50241	1.19415	0.562988	0.907738	1.96567	2.02902	0.734003	0.534088	2.32	4.84774	3.9747	5.25761	5.54737	5.43319	1.78863	2.70979	4.41369	4.69323	2.89582	2.49726	1.29591	1.51027	0.503527	0.958632	2.02899	1.64097	2.51619	1.92507	4.08784	4.1033	3.07037	4.89915	1.77977	2.96054	1.92507	1.12582	1.641	1.75293	1.60189	1.68846	3.77109	2.31313	0.796121	2.07525	2.27867	0.534088	0.907738	0.907713	1.13987	3.03947	3.43438	2.71563	2.66868	2.66868	2.20112	2.54732	0.398102	0.39808	0.796121	0.503562	0.356064	2.01333	4.93744	3.20614	1.95762	2.02913	3.39738	2.31325	1.67915	3.34108	1.96567	3.54272	3.06001	1.46776	1.28357	1.19408	1.64089	2.56585	1.91673	1.64092	1.35565	2.94432	0.907713	0.251786	0.958679	2.51614	0.796165	2.6685	0.734003	1.42398	2.71563	3.26968	2.89582	2.07538	1.91682	2.78456	3.30806	4.95339	5.48198	2.81265	1.85805	1.19408	1.78863	0.534088	2.17207	1.42398	2.49091	2.51619	3.94672	3.54286	3.45267	2.14283	1.78863	2.54732	3.27909	2.70965	1.28357	1.91673	1.19408	2.17207	3.45251	5.681	2.96035
1.6116	1.75275	2.54711	2.54709	0.503483	1.12572	1.06798	1.46766	1.64081	0.733935	1.24592	1.19398	2.22937	2.96009	2.34013	3.32195	4.0527	5.16074	3.7373	2.85149	3.04428	2.4779	0.641839	3.62597	2.59024	4.94657	3.20589	1.9655	0.398061	0.503509	1.8148	5.75706	2.98137	2.13522	1.43493	0.398044	0.796049	1.28345	2.51586	1.12572	1.91655	5.55523	2.87349	1.2586	1.6116	2.62649	3.10583	2.31297	1.89171	1.77965	1.12575	1.13969	1.64077	2.07516	2.14267	0.755239	2.81237	2.17188	1.13969	0.562913	0.562913	0.398061	0.712032	0.534036	0.889992	1.28345	1.75269	2.31974	4.02917	2.52839	1.03792	1.64083	2.34017	4.00965	4.2237	4.2682	3.66498	3.59992	7.27869	7.22732	1.85788	2.34017	2.47162	4.05644	2.76707	1.76168	1.43493	2.34017	2.14262	1.12575	1.46766	10.5883	18.1555	10.127	9.25901	10.6697	9.11252	8.22437	5.68072	3.26932	4.1487	6.74274	7.28505	6.39412	1.06798	19.0391	20.7901	1.75269	9.88381	16.9849	14.356	7.33604	5.08431	3.16636	2.81239	0.562913	3.1662	1.42384	2.51599	3.16636	3.50674	3.01834	2.01326	3.3549	2.56562	2.77847	4.5394	3.26919	6.28843	1.52065	2.93341	1.52065	2.66826	3.03905	1.60174	0.907628	0.907647	1.96548	1.61158	0.398061	1.19398	1.53104	3.91433	4.16002	5.70265	7.88888	8.15055	2.41982	3.92635	4.8861	4.52923	3.32195	2.66833	2.20084	0.503483	1.51014	0.733935	1.03787	1.43495	2.51594	1.89171	2.96023	4.49781	1.83222	4.64881	3.97412	2.89552	3.66487	3.05974	1.67897	1.85793	1.19403	1.6883	5.27178	2.54709	0.796049	2.07506	2.77847	1.19398	0.907647	1.35546	1.98947	2.77861	3.80003	2.78428	2.64461	2.64461	3.04428	3.26435	0.534036	0.178017	0.35603	0.503509	0.35603	2.01315	3.69906	2.98137	1.78848	2.37371	3.56021	2.69193	1.64083	2.64449	2.81239	3.76662	5.04698	1.06798	2.77847	1.43489	1.89161	1.59179	2.38692	2.31292	1.35551	3.42009	1.35546	0.251759	1.24592	2.51591	1.46763	1.92478	0.398061	1.42384	3.24506	3.26934	2.96023	2.07516	2.16466	2.6684	3.30772	3.73728	5.00331	2.81239	1.24592	0.733935	1.60174	0.958545	2.4198	1.00694	2.16466	2.51594	3.37841	3.2645	2.96023	1.64083	1.60174	3.26435	4.77872	2.7094	0.35603	1.46763	2.4198	2.4198	3.20582	5.92821	0.890015
0.958461	1.39	2.674	2.674	1.76162	2.31964	2.62638	1.5309	1.24581	1.77944	1.13965	1.83197	1.61146	3.9341	5.40941	5.63605	4.876	5.16029	4.62142	3.77056	3.99354	3.39664	0.755133	1.92461	1.24581	3.52867	2.69169	3.16608	2.89527	2.38681	1.29567	4.05997	4.27158	3.45207	2.01308	1.78832	1.25847	1.29563	2.64426	2.02871	1.7526	4.99981	5.57178	2.81224	1.83197	2.22918	2.51569	2.59001	2.39344	2.26447	2.71511	3.43373	3.88172	3.84507	3.64745	2.39344	3.03879	2.64426	1.61146	1.68821	1.61146	0.641783	1.77944	2.38681	2.54697	2.14983	1.78832	2.38671	3.89775	2.02871	3.11077	2.81226	2.3196	4.09084	3.20554	2.58994	2.5654	2.66809	6.58558	5.9277	3.26903	3.2057	4.02121	5.33942	3.59958	2.76122	2.27839	2.59001	3.18098	4.64864	7.14718	13.995	21.6356	13.3047	5.72667	6.3471	3.20563	8.62027	13.6713	12.0449	7.85516	7.10341	9.36492	13.1658	16.2833	19.0294	18.0969	4.22333	8.96379	18.9001	15.8292	6.73507	3.34049	0.178001	2.87324	2.38681	3.27857	1.43476	1.19392	3.2057	5.14828	5.90689	5.52677	5.68022	4.78177	5.33942	7.56626	5.87237	4.61793	2.13503	2.93315	2.2007	0.889914	2.64426	2.22918	0.889914	1.52046	1.4675	0.503438	0.178001	1.83206	3.26905	3.9341	3.7997	5.02171	7.02416	8.58588	3.39671	4.39482	3.92601	1.9247	1.83197	1.64063	2.9812	4.02903	2.81226	1.03783	1.4348	1.98928	1.98928	1.2834	1.7526	3.38278	3.73274	2.51564	5.16934	2.95997	4.1024	2.47129	2.89527	3.35477	2.89527	2.64435	4.97456	2.41958	0.795979	1.75253	3.30726	2.54689	2.64437	3.66466	1.7526	1.13965	1.81464	0.889959	2.02873	1.7526	3.26407	3.20557	2.07498	1.59172	0.889959	0.889959	1.12562	1.4675	3.50179	2.64426	1.61146	1.85771	2.31272	2.47769	0.641751	1.91639	3.18085	2.27827	5.46678	4.16348	4.63162	3.37349	3.5599	2.37351	3.15106	4.3554	3.45207	4.80791	4.15966	3.51991	4.15966	4.84701	5.50402	3.8039	1.61146	1.83206	4.18226	3.11077	1.25849	0.562864	1.68816	0.562864	0.562881	2.89516	3.50628	2.14975	1.5309	1.61146	0.73387	1.06789	2.85122	2.08257	1.64066	2.674	3.73697	3.30743	3.26905	3.5996	4.68897	5.60259	5.39764	3.04401	2.08257	1.13965	1.9893	3.59516	2.4968	4.72878	2.5283
0.533933	1.52036	2.67372	2.67372	1.76143	2.3194	2.52804	1.96512	1.08251	1.46738	1.29553	1.3552	1.61129	3.59922	5.4664	6.11396	5.85565	4.97415	4.79432	4.09052	6.11373	4.14768	0.251697	0.733793	1.08251	1.53066	2.14225	3.14576	2.95966	2.58974	1.60143	1.53074	3.90157	3.57726	2.2502	1.95705	1.61127	1.5203	1.60143	2.0285	1.85757	3.20536	5.87698	5.38833	2.31929	1.5203	1.81449	2.38656	2.41945	2.26423	2.6441	3.34027	3.76602	3.77858	3.69853	2.89491	3.50142	2.41935	1.61129	1.96512	2.3732	0.733811	3.03847	2.58974	2.47114	2.02852	1.43468	1.91618	2.64396	2.0285	3.26868	3.15073	3.06949	5.07698	2.47103	2.16421	4.54889	5.01175	4.99924	1.75235	3.11044	3.26387	4.49349	5.01194	3.30708	2.64407	2.38656	2.38656	3.01775	5.22022	7.78514	17.0507	20.728	8.30852	7.52835	7.81847	6.81696	11.9288	13.4271	12.6087	10.2372	7.681	7.05245	13.0519	16.4205	15.2298	12.0035	2.85094	7.52832	18.452	16.5135	7.44354	4.53853	0.641684	1.43465	2.27815	2.16424	0.397984	2.41935	4.2674	5.39723	5.89568	5.52619	6.09347	5.19611	4.72851	6.84225	5.61045	1.7793	3.82809	2.93284	3.04369	1.38978	2.41935	3.45154	0.641684	2.22894	1.06777	0.503385	1.38978	2.31935	3.41958	3.73664	3.94564	5.02118	3.89737	6.63429	3.59473	3.9734	3.9256	2.08235	0.562822	0.889865	2.78374	4.09061	3.73658	1.03772	1.98909	3.69835	2.71469	1.46738	1.85757	2.6261	4.70172	1.50985	4.32225	3.02297	2.66781	1.08249	3.20534	3.27834	2.91669	2.41945	2.78362	2.17146	0.795895	1.08249	3.80331	3.66414	2.98089	3.57726	3.54171	1.98909	1.12554	1.85752	2.14961	2.49652	3.50591	2.14219	2.07476	2.13481	0.958395	0.958395	2.07466	0.795929	3.97335	2.41935	1.61129	1.24568	1.64045	2.94349	1.89125	1.46735	3.18052	0.355961	3.45166	4.1479	4.05192	3.37314	4.10201	2.67374	2.81197	4.22299	3.50607	4.35494	4.39447	3.51954	4.39447	4.64816	5.72623	4.0597	4.21166	3.06949	3.93369	3.77016	2.3732	0.562804	1.68798	0.562804	1.83178	3.54171	1.43463	1.25832	1.53074	1.25836	0.397984	1.06777	2.33972	2.49654	1.52036	3.49243	4.47236	3.30708	3.26871	3.73664	5.25608	5.22022	3.7993	2.85092	1.98915	1.98909	1.60143	3.20534	2.20047	2.08228	2.52804
1.46722	1.24557	2.0821	2.13462	1.59141	0.177967	0.641659	1.64029	0.533886	0.889787	2.02834	3.43306	3.54151	2.54645	1.42344	3.897	5.15918	2.89456	3.33984	3.57679	6.83682	4.60682	1.12544	0.35593	0.397932	0.755027	1.96495	1.53061	1.64031	1.43451	2.37305	3.10506	1.89118	1.35508	1.25821	1.96495	2.31232	2.20022	1.03758	0.889742	0.795826	0.795826	3.45123	6.35326	3.32093	1.61113	0.907373	0.562755	0.533886	0.641659	0.733747	1.1254	1.42344	2.38635	3.89721	5.79089	7.12834	5.89509	3.94536	4.15886	4.73798	3.20501	2.14933	2.69117	1.91609	1.50979	1.38973	2.02826	2.02826	2.02826	0.754987	2.64375	3.0382	4.64751	2.64373	1.59134	4.33633	6.341	4.22249	2.20028	3.55487	4.7281	3.59888	0.907392	0.958276	1.46725	1.81433	1.46725	1.12544	4.13215	5.83367	16.5575	14.5243	4.27803	9.24306	8.71221	8.94844	12.9147	2.31236	3.973	8.87112	10.8466	10.0146	8.56844	5.38802	3.5592	4.05146	7.80037	13.6943	17.5204	13.0513	7.36131	5.96074	2.0821	0.35593	0.503368	0.533886	0.889742	3.973	4.49295	2.33947	0.641659	0.711832	3.43294	4.09014	2.71458	2.84513	3.21975	4.05156	6.02854	4.39409	2.48997	2.27783	1.43451	4.32548	1.81433	2.54637	0.907392	1.24557	2.24993	2.70864	1.64031	1.08239	2.31227	3.76978	3.66393	4.13215	2.41914	3.5592	4.09014	3.20495	0.958276	0.251689	2.02824	1.38966	3.74878	1.53053	1.95688	4.13215	3.26344	1.7791	1.46725	0.889787	3.76978	5.56796	5.55391	2.38635	1.38966	3.02777	2.47721	1.38973	1.89118	2.39297	2.41921	1.96493	1.52017	1.42344	3.81539	3.26825	1.96495	2.64384	3.973	1.91602	2.13462	2.76062	0.562773	2.66751	3.01733	1.19364	0.562773	1.95688	1.98898	1.38973	2.5152	2.77783	4.63069	1.98895	1.64029	1.42344	1.85735	3.39599	1.67842	2.49632	3.39606	1.43453	0.889742	0.733747	1.78798	1.25823	2.71445	2.78338	0.889764	2.64375	0.251675	1.98892	2.84513	2.51529	3.20008	1.50979	3.35396	2.38625	5.24053	4.39398	2.93258	4.10165	3.38211	1.52022	1.46722	1.28309	2.27783	3.45123	0.562773	1.19364	1.92433	2.39297	1.64037	2.02832	2.14942	1.96493	1.25818	4.36884	4.32548	1.53061	1.03763	1.19364	2.58944	3.32102	3.02786	2.47721	1.78798	3.74884	2.6735	1.8317	3.49222	2.81172	1.64031
1.91582	1.08231	1.85717	1.59127	2.13441	1.64011	0.733679	0.889649	0.397913	1.08231	2.37283	3.79861	3.26329	2.14188	1.00657	4.64702	5.40753	1.64011	2.64348	4.29584	6.34522	4.36838	1.81411	0.795743	0.177949	1.25808	2.3189	1.68773	2.31204	0.958224	2.02816	3.24385	2.33929	0.562721	0.754961	1.68773	2.49605	2.87239	2.02803	0.64156	0.355895	0.355895	2.22852	5.63414	3.99236	2.02806	1.35494	0.562697	0.397913	0.733679	0.641602	1.12529	1.00657	3.19977	4.22227	5.52522	7.257	6.91542	3.89687	4.39368	4.73755	5.89431	1.25808	2.85041	2.16385	1.50966	1.43442	2.47695	1.61097	1.61097	0.754908	3.3395	2.58918	2.89425	3.89659	1.59118	1.91582	6.34035	4.92242	3.04312	4.32155	4.68769	3.59856	1.68766	0.533835	1.28304	1.81416	1.77893	1.12533	4.84536	7.20741	17.4547	10.0146	8.22091	9.03451	7.42766	8.49707	12.9134	3.20468	1.28304	5.8734	9.88067	10.0137	7.46751	4.79687	2.39276	3.21939	10.225	15.1444	12.7849	5.50221	6.42332	6.89046	3.74839	0.795743	0.503323	0.397913	1.64011	5.41622	4.49249	1.52008	0.733679	0.711763	1.95669	3.41891	3.24385	2.84486	2.7085	3.65934	5.68679	5.32313	1.91591	1.77887	1.08231	4.10119	2.51495	2.31204	0.907307	1.08231	2.24971	2.70837	1.43437	0.889679	1.64015	2.47707	3.54118	1.52008	1.19359	3.04317	4.08974	5.80888	1.67824	1.03747	2.02803	2.14173	3.02226	3.52762	1.38961	2.98024	3.50524	2.1638	1.28304	0.958224	2.26383	5.18323	5.32331	4.8292	2.14173	4.02762	2.94293	1.43442	1.9888	2.41902	2.17119	1.35501	1.29525	2.24971	3.10464	1.761	1.53047	2.76044	1.77893	0.795788	2.13441	2.54614	1.35494	2.91598	2.01238	1.43434	0.562721	1.38961	2.08198	1.52008	1.81416	3.03803	3.92492	1.7521	2.89425	2.24971	3.02226	4.14688	0.397913	3.45094	2.85041	1.19359	1.64011	1.29525	1.43442	1.25811	1.08229	3.99233	1.29525	3.3395	1.25805	1.43439	2.2498	2.51506	2.86699	1.81416	3.84375	1.91582	4.2922	3.97266	2.93231	4.29593	2.7201	1.38961	1.06758	1.77887	1.77887	3.20459	0.907282	2.41886	2.85039	2.4707	1.7521	1.76112	2.02816	1.35501	2.766	5.56715	4.10119	1.53047	1.25811	0.533835	1.28304	3.02243	4.60979	2.94293	2.76034	4.35404	2.02816	1.83154	3.02766	3.73589	3.2631
1.63997	0.733605	1.35482	0.562664	1.6781	1.98851	1.19346	1.38946	2.62537	3.89643	4.15806	2.58901	1.12518	2.38589	1.89081	3.89625	5.08175	2.54591	2.02785	3.54072	6.49749	5.85403	4.66029	4.14293	3.45074	1.98859	2.0817	1.64005	3.57179	2.24957	0.355861	1.92387	1.63997	1.12518	0.88957	0.754841	2.17085	2.51467	2.56441	0.795672	0.177932	0.177932	2.54588	5.63643	3.76484	1.91565	1.43421	0.397855	0	0.397855	0.177932	0.711695	1.46697	3.20433	3.14976	2.31191	4.77981	6.10438	1.63999	1.78761	2.67297	5.6447	2.89404	1.08219	1.43425	1.29517	0.88957	2.02785	1.25796	0.562646	1.53023	3.39533	2.41865	1.98851	4.41091	1.83127	0.562646	5.38682	6.21332	4.22181	3.24347	1.19346	3.3392	2.86662	0.958091	1.25798	2.89415	4.36818	3.52749	4.05841	6.55697	17.1222	9.0064	8.0036	8.37059	8.13179	2.52719	12.0994	12.93	10.5909	9.74786	10.6932	11.7744	12.9472	14.8333	16.6666	17.6533	15.7942	13.1157	9.08286	8.04049	7.55727	5.38682	3.91237	1.59104	0.533783	0.641535	1.857	6.24321	4.4393	0.25164	0.397855	0.641503	0.397855	1.12518	2.51472	2.85014	1.98857	1.08219	3.02199	4.5511	3.02205	1.81398	0.795672	3.41384	2.02785	2.31183	0.641535	0.562646	2.62525	2.81106	0.907216	0.907198	1.76094	3.16486	2.27751	2.41865	2.47682	3.41862	4.80606	8.0765	3.5761	1.29513	1.00641	2.58894	2.0817	4.14652	0.88957	2.31864	3.45057	2.07408	1.12522	1.89081	1.51993	1.19341	0.754841	5.29307	4.90938	3.9245	2.0122	1.0822	1.29513	0.733605	0.754881	0.641535	1.19341	2.894	2.86662	1.42317	1.42317	1.91565	0.503244	0.889615	1.98853	2.31183	1.98851	2.91572	1.6781	0.88957	1.43425	1.5911	1.85705	1.98857	1.7788	3.02205	2.49584	2.14159	3.54072	3.20439	2.54591	3.5761	1.67817	2.77715	1.59104	0.503244	1.98851	2.02785	0.733605	1.98851	0.397855	4.23652	2.31187	3.7101	1.98853	0.907216	0.958126	1.43427	2.14161	2.24957	4.61965	4.45363	5.32555	4.43941	3.54083	4.79624	2.95883	2.19985	1.03743	2.0817	1.98853	3.43228	0.958126	1.98853	3.92453	2.91587	1.53031	1.03738	0.177932	0	3.27725	6.27058	3.64585	0.562664	1.29517	1.19346	1.64003	3.20444	5.56955	3.73551	3.83526	4.87396	1.43425	2.87224	1.75192	3.77732	3.66309
0.907132	0.2516	0.889477	0.562589	1.06737	1.91554	2.41856	2.5271	2.58878	3.20409	2.97978	1.78744	3.57573	1.75177	1.43409	2.39214	3.91196	3.76858	1.77852	2.02777	6.49945	8.6588	8.81342	8.93092	7.68643	4.38571	3.24322	3.99178	5.60839	6.23288	3.38116	1.78746	2.81093	3.27707	2.33879	1.43409	1.67792	1.61068	3.38113	2.31165	0.889537	1.13903	5.5549	7.65596	4.94397	2.81093	1.98838	1.83118	2.01213	2.14146	2.17077	1.43411	1.25781	1.91545	3.41825	4.33532	5.50983	5.60809	2.89376	2.71382	3.82681	3.59337	1.6398	0.889477	1.00637	1.81376	1.46679	1.60082	1.81381	1.08208	2.81078	4.32062	3.02176	0.562589	3.93206	3.27698	1.46679	2.86643	5.98013	5.29281	3.5979	2.08158	3.65842	3.1091	1.24521	2.16338	2.67273	3.52718	5.04441	4.92175	4.4389	13.0747	12.5092	4.36779	4.14628	9.19903	8.26039	10.6965	17.4061	20.5334	22.8699	24.0038	23.4695	22.9708	22.8538	22.8354	22.0493	18.653	13.3905	9.64161	8.45235	7.54236	4.68678	1.98833	1.91545	1.295	0	1.19336	6.35142	5.79704	1.19336	0.958039	1.43411	1.00637	0.251618	1.24521	2.37237	3.02699	2.31846	2.37237	4.84462	5.08144	2.91561	1.51979	3.0373	2.41852	3.20409	2.64312	3.27714	4.80561	4.5266	3.52718	4.0582	4.69011	4.27696	3.37648	5.0254	1.95631	1.29505	3.14944	7.90585	6.63175	0.958039	2.47648	3.99178	3.02708	3.93206	2.31848	3.04254	3.54036	2.86638	2.41852	1.77864	2.38554	3.84325	3.73515	2.22822	5.25412	2.76566	0.907132	0.503191	1.12507	0.733537	0.503226	0.641478	1.42303	3.944	3.27691	0.795589	0.733513	1.98833	1.85688	1.67803	1.78744	1.92367	1.43406	2.86632	1.9883	1.03734	2.1414	1.98841	2.31854	2.8109	2.64312	3.21882	2.08158	2.31848	3.38116	3.59786	2.31854	0.958039	3.27714	3.59786	2.8109	1.83118	2.14138	3.0373	1.24521	4.05027	4.2916	6.19022	6.30998	7.23001	5.39528	3.59786	1.98841	1.85688	2.6904	2.89389	4.05041	4.2916	6.1193	6.72057	6.35177	6.95671	5.89352	5.60832	3.5979	3.37188	4.56459	4.18026	2.3184	2.47023	4.0582	3.84325	2.67273	2.52693	1.50937	1.63991	3.50008	6.58942	3.73506	1.19336	0.355827	0.733513	1.51979	4.2621	4.61918	2.48925	4.39618	6.89588	3.94416	1.77864	2.86632	3.73506	2.39214
1.08199	0.733463	1.08198	0.795552	1.13899	1.19323	1.46669	1.13899	0.251591	2.81052	1.78727	3.10376	3.6966	0.733463	1.61051	2.76523	4.60504	3.89553	1.35456	2.91516	2.14124	4.64587	4.62904	5.08407	6.66866	4.4385	2.86611	3.21847	2.8662	5.54317	5.50066	1.7606	2.71354	3.97152	3.03703	1.43395	0.251578	1.35461	3.06804	2.97939	0.795552	2.77661	7.46288	7.29512	3.10388	2.37213	1.61052	1.98819	2.01192	2.01192	2.07378	2.69009	1.96417	2.14124	4.27651	6.41938	6.88881	5.29218	3.06809	1.96419	2.67245	2.71931	1.83099	1.25772	0.177898	1.38912	1.08198	1.24509	1.25772	2.17043	4.62882	4.77889	1.83099	1.9235	3.02147	4.60848	0.562555	0.562537	1.85664	1.63974	1.67785	2.38533	3.8955	2.76523	1.35456	1.52994	1.85664	1.75152	1.96419	3.33869	3.31974	5.50914	9.91898	7.67752	3.9317	8.13004	14.5419	5.47501	5.70991	11.0136	14.3475	14.4916	12.8715	11.0341	8.93	7.28054	5.79674	4.72628	3.65826	2.54541	3.1441	1.08199	2.31147	1.81363	0.795518	1.81359	0.889421	1.03718	5.17237	6.44085	1.43395	1.06727	1.42289	0.957941	0.907041	0.641411	0.397778	1.98812	2.54539	1.13899	2.51427	4.22089	2.14117	1.60067	2.49534	2.08137	2.31824	2.37213	3.02676	4.08473	3.55341	2.77676	3.97159	2.8662	1.60067	3.8955	6.14136	1.08199	2.54547	2.69013	6.03641	8.6149	0.251591	5.85276	2.64282	2.41828	3.87937	2.49535	2.33857	3.17901	3.03703	1.43397	1.63965	5.79652	3.87948	6.51293	2.71341	3.0266	1.52994	0.907041	0.889443	0.397778	0.754696	0.251591	0.251578	0.733463	4.82778	3.55332	0.795552	0.641411	0.733445	1.63974	2.52684	2.3183	1.61052	1.25774	3.10376	2.24907	1.08199	1.35456	0.957906	0.641411	1.43395	0.889443	1.43393	0.503147	0.957906	1.85664	1.63968	1.85664	2.27695	2.49534	3.26714	3.10897	2.67245	1.68718	2.9421	1.68723	6.22206	4.69959	5.12084	4.64596	5.67695	4.61544	4.32021	1.81359	0.795518	2.56391	0.889443	2.39193	0.889398	2.14117	3.74744	3.26714	4.47025	3.02676	4.61874	3.21851	2.41828	4.47025	2.14124	5.65468	1.61052	1.25772	1.43395	3.55332	4.04985	1.51963	1.67785	4.14194	6.309	3.20371	1.85669	1.63971	0.754735	1.7605	3.64515	2.64271	0.907041	6.18185	8.60782	2.37213	3.50425	4.35279	2.71925	1.03718
3.76805	0.906961	0.754629	0.251569	0.251569	0.533633	0.503102	0.889343	0.562488	2.26284	1.43381	2.64247	2.9149	0.795448	0.795448	3.0159	4.36677	3.76805	4.08832	4.46991	2.62463	3.38051	2.08118	2.24887	6.41849	4.20931	3.24256	3.04198	1.25763	3.59706	6.20409	5.76658	4.52582	5.50029	5.22027	3.9435	3.10361	2.31122	2.22769	2.64247	1.13883	4.68567	8.68339	6.81317	1.5195	2.16299	0.957856	1.25759	0.562488	0.889365	1.19313	2.75931	2.14099	1.61038	2.31803	2.49514	1.12487	5.90032	8.44169	7.99212	7.25426	4.43817	1.28255	1.0819	0.562506	0.533633	1.38907	1.98801	1.77826	2.54519	5.29159	5.86036	3.27651	2.68986	1.83075	3.99086	2.31127	2.78218	2.64259	1.92342	1.46652	3.41289	2.62451	4.08832	5.80702	5.18124	4.29812	2.81036	1.389	1.85647	2.02728	4.46986	8.04759	7.8281	2.87133	10.7798	14.0523	6.3503	5.72287	4.26862	3.02634	1.29477	0.889343	2.64259	2.77651	2.24894	2.48879	2.46975	3.41761	2.3181	3.14887	2.31803	1.75143	2.6425	0.562488	1.35449	3.0265	3.93148	2.31118	5.89216	4.11888	1.6777	0.889343	0.754629	0.562488	0.39776	0.957856	1.964	2.87133	0.795482	1.0819	3.87903	3.24262	3.1087	3.53983	2.9312	1.81347	2.08111	0.733399	1.77821	2.51401	1.5195	2.71317	0.39776	1.63951	3.24256	6.55294	5.1174	2.86595	0.795482	4.05338	8.557	3.43144	4.58072	2.26296	0.397743	2.77637	1.77821	1.509	2.31118	3.38051	2.81039	4.26501	6.55284	2.67224	6.44759	5.68465	3.44972	0.733399	1.98797	1.83083	1.63959	0.641354	0.733399	0.641354	0.73338	4.82736	3.14383	0.39776	0.73338	0.251556	0.251569	1.19313	1.50908	1.46656	0.503129	2.46964	2.31122	2.07359	1.28255	0.503102	0.39776	1.68703	1.25765	1.63953	0.795448	0.397743	2.31799	1.964	0.906943	2.71317	2.93112	2.64259	3.39456	3.62331	1.1249	2.0735	1.38907	5.5679	3.02634	1.63953	2.01174	2.58821	2.16303	5.72851	8.23511	7.32446	3.44977	0.795482	2.49514	3.89536	4.43828	4.56373	2.91505	3.14887	1.0819	3.37114	3.2035	3.41306	4.26131	2.14099	6.44028	2.22779	2.41807	2.64259	3.70906	3.64483	1.29477	0.711495	4.68565	5.02452	2.67224	2.75938	2.16299	0.88932	1.43381	3.27638	3.57075	1.7783	7.13343	8.1841	1.25765	4.65885	4.69909	2.68986	1.0819
7.0871	3.94296	0.889249	0.641287	1.193	1.76026	1.51934	1.08177	1.12478	1.98776	0.397701	2.14809	2.02706	0.795398	0	1.67745	3.21789	4.90757	6.51197	5.95495	4.52535	4.94882	4.04922	3.73407	6.18828	5.77403	5.47418	3.49923	1.68691	2.02709	2.67194	1.9878	1.12475	2.78177	3.37551	3.74678	5.65389	7.70228	7.46388	7.12213	8.37497	9.70336	8.65611	4.15631	1.29467	2.51378	2.02717	2.14076	1.52964	0.177864	0.251543	1.96379	2.75909	2.78188	2.68961	1.77807	5.36143	7.4802	6.83324	6.96588	8.19466	6.44689	1.42262	1.03698	0.177864	0.533577	0.562446	1.25748	1.77807	2.37167	4.31945	6.2235	4.7617	4.3665	4.71537	5.34699	3.69607	2.51383	2.31102	2.47586	2.97881	3.94289	2.87113	7.39094	7.50315	5.21681	3.55281	2.56354	2.78188	6.29071	9.4213	11.3818	9.99205	2.93089	7.11331	13.051	11.0015	7.16523	4.94869	2.64222	1.19295	1.77807	2.77608	2.41774	1.43368	0.397701	2.71288	1.92322	3.3191	3.02618	3.20316	1.95574	1.38885	3.57472	2.54498	2.01153	1.59049	2.95769	3.37089	1.67745	4.43764	1.42262	0.177864	0.957721	0.177864	0.641287	1.08179	0.795364	2.31779	2.27663	2.14083	3.70878	4.7617	4.79452	4.94251	4.49396	2.39159	1.95574	1.35435	0.957756	0.957721	2.66597	3.97076	2.07338	1.81328	4.60436	9.27938	10.7735	8.18363	6.24112	3.30488	4.26817	5.63444	1.98782	1.63934	2.49485	2.02714	1.98774	1.28235	1.67753	5.02425	7.01251	7.13299	5.52241	2.2487	4.17904	7.05211	5.17161	2.94153	2.80998	1.4664	0.957756	1.08177	1.03698	0.562429	3.06745	5.07984	1.08177	2.58801	3.03655	1.96381	1.08179	1.4337	1.03703	1.24485	1.08179	0.733303	2.41784	3.02618	2.31781	1.19295	2.02717	3.0417	2.39159	3.0417	2.71301	3.89898	5.42538	4.4484	3.2617	1.42262	1.61019	1.98782	2.14818	0.889271	0.177864	2.08089	1.06706	3.8988	3.44929	1.24485	0.906866	0.906847	1.78692	5.77403	8.73924	9.53877	7.55441	5.32071	5.65389	5.51686	4.4484	4.82704	4.33404	2.46949	0.733321	2.14818	5.15648	7.04779	6.17087	4.97085	5.50531	3.59683	2.95769	2.2487	2.54492	1.76016	1.6394	1.83064	3.99044	2.97881	3.10837	3.57041	3.53935	1.83056	0.562446	2.31102	4.46944	4.14514	7.33819	5.9964	0.795364	3.02089	5.36735	4.26454	2.41781
6.41972	5.63099	1.29452	0.53353	1.43355	1.43359	1.95557	1.61007	1.61007	1.60022	1.28224	1.98757	0.641199	0.503032	0.795295	0.53353	1.1929	2.19881	2.62412	2.46928	2.01135	3.21757	3.53904	3.14827	4.2935	4.12957	3.26625	1.51921	1.59028	2.56319	3.9066	4.54911	4.20868	3.33776	2.19881	2.526	4.08742	5.89126	6.76416	7.36305	8.94284	7.45489	3.66149	0.733257	3.2176	3.70845	2.91449	3.43066	2.0731	0.795328	0.957671	0.177848	1.12469	1.51921	0.889171	0.641231	6.28252	6.97385	1.67738	2.80973	7.70725	6.53013	1.77787	1.51916	0.641231	0	0.889193	0.957671	0.503005	0.889171	1.6867	3.74628	2.16257	3.55241	4.15609	5.36688	2.51352	1.38873	0.251521	1.19285	3.20279	3.89846	4.3226	5.94109	3.0414	2.76445	1.25737	0.251507	4.11803	9.38298	10.1299	8.69085	3.99028	7.04465	10.8114	7.59434	7.81264	6.66437	2.77584	2.08071	0.733257	1.29452	3.74628	2.58772	2.84877	1.98765	3.81285	1.35418	0.889148	0.795328	1.85612	0.177848	2.93056	4.82648	2.89273	2.1479	1.52958	2.46916	2.68938	2.80982	3.81285	1.98757	0.906786	0.53353	0.733239	1.03694	1.7601	1.68676	0.53353	1.59035	1.2823	1.43359	2.19881	1.91481	2.75878	3.57441	1.24474	0.906768	1.29452	1.13867	1.13867	5.07935	5.0454	3.20288	1.63925	5.82981	5.1072	6.9384	6.06073	5.63124	5.25213	1.78678	2.68934	4.2935	2.84879	3.4898	1.52958	1.63922	0.795295	2.86526	3.9066	4.27532	3.65723	1.51921	0.251507	0.53353	2.51356	4.65795	5.6531	2.39125	1.35418	0.906786	0.251507	1.43355	1.08169	4.60376	4.48996	2.56319	3.6614	3.20288	2.93056	0.733257	0.754484	0.906768	0.53353	0.53353	1.03689	1.25737	1.03694	2.80971	2.91434	2.14059	1.98763	1.1929	2.31759	2.41763	4.69827	4.60732	3.1081	3.24199	1.98763	0.562397	0.906768	1.3888	2.54476	1.85612	3.43066	2.54476	3.70834	3.10292	2.6717	1.96362	0.754523	2.95729	5.64204	1.75102	3.70834	4.96727	4.62774	3.77573	2.68934	2.14053	0.957637	1.78678	1.63922	0.562379	2.31754	3.41695	3.81301	3.33776	6.10151	4.2085	1.51921	1.06697	0.53353	2.16983	0.641199	0.754523	1.35423	2.02689	1.43357	1.4225	2.91434	3.66135	2.4175	0.177848	0.733239	2.37141	2.54478	4.61397	3.20279	2.47556	0.754484	3.94254	3.49878	2.16257
5.21561	6.922	4.94793	2.31745	1.43341	0.533478	1.52935	1.03678	0.754404	0.889085	2.0805	1.98736	0.641174	0.754457	0.906677	0.397625	0.502988	0.733165	1.6391	0.795257	0.177831	2.80941	3.16287	1.85593	3.02033	2.64184	2.54455	2.93036	2.89246	4.60328	4.27465	1.46609	1.98747	2.14779	1.6391	3.20246	4.64393	1.50855	1.29444	2.3105	3.76268	3.7335	3.39361	3.17797	2.86508	0.641132	1.60992	2.02671	4.47926	4.5453	2.97837	1.6391	0.733189	0.754404	0.397625	1.06686	4.04829	5.69667	5.52156	5.95648	6.91072	4.68426	2.02671	1.98744	2.27623	2.14045	1.2573	0.533478	0.355658	1.13849	1.85593	2.391	1.95538	1.43341	3.59616	3.43031	3.05652	1.91454	1.46614	1.856	3.39346	4.26378	5.17051	4.52428	4.15925	3.05652	1.0059	4.39076	9.00159	10.2419	7.28612	3.91026	4.18935	11.8394	8.32892	4.39062	7.74644	5.95615	1.52935	1.63905	1.46614	1.519	3.20246	2.19854	1.98736	1.75084	4.05218	1.12454	0.502952	0.177831	1.13849	2.68907	4.79351	4.64406	1.98744	3.48945	2.62389	3.66103	1.12458	2.13299	2.7585	1.83021	0.251481	1.78662	2.87062	1.92288	0.795257	1.67712	1.75982	0.562322	0.754404	0.397648	0.502952	1.08159	2.67144	4.14422	2.51333	1.0059	0.733165	1.13856	1.00583	5.31942	3.44858	3.31839	0.502952	7.59144	4.61362	5.67476	5.63343	4.65767	5.36635	4.27477	1.7778	3.5029	1.60989	4.02494	1.38868	1.75094	1.03684	3.91011	4.01713	0.502952	0.177831	0.906677	0.641174	1.2821	0.641132	4.64393	5.63041	3.39351	2.2483	2.58755	3.51658	3.27559	2.19861	4.77704	4.73425	4.21929	3.89404	2.95698	2.71236	0.889115	0.562346	0.906702	1.38868	1.38868	1.95538	2.13299	1.13856	2.1403	3.27543	3.43047	4.14442	4.33328	3.20266	2.41728	4.04829	1.63905	0.906702	2.02671	2.31738	2.39117	2.07301	0.889115	1.03684	3.41656	2.52573	2.67144	3.14795	1.63902	2.16236	2.54445	0.957538	3.35138	4.23408	4.52456	6.90201	6.81153	5.52156	4.79369	6.08834	2.27623	2.86508	3.825	3.66116	3.59619	3.55651	2.07288	1.08156	2.19854	6.09574	3.39337	1.03684	2.02678	2.39117	2.13299	0.533478	0.754457	1.43347	1.81295	1.43343	2.52573	3.596	2.78124	2.07288	1.0059	0.177831	2.37117	2.41728	3.27536	1.88962	2.91404	1.24462	3.4165	2.80941	1.88962
2.89217	6.27661	7.50092	4.61317	1.03674	0.251472	1.28199	1.12447	1.75076	1.63896	2.3375	2.89217	2.22693	1.63896	1.51891	0.795175	0.39759	1.43329	2.07279	2.14757	1.77762	1.98718	2.31716	3.76667	4.99784	4.77678	3.65653	3.66081	3.7666	6.43782	4.89316	0.562288	2.07279	3.1075	3.65653	2.75832	2.91378	2.80919	1.46595	1.77762	3.57387	3.96976	3.76667	3.69503	2.0266	1.06676	2.3172	5.63291	6.89237	6.80856	6.0157	4.09822	2.94082	2.54426	1.59004	1.60976	0.957452	4.08674	6.30635	6.04676	3.96972	1.58998	3.20233	4.40821	4.65725	4.64377	4.9062	4.87096	3.96976	1.83013	0.957452	1.98727	2.67119	3.26064	1.67706	1.51891	4.4506	3.70774	2.41716	1.81277	2.54426	4.2928	5.46118	3.44839	4.69728	5.65231	9.6992	13.3257	14.7895	10.6196	5.38341	1.03674	8.62514	12.4463	6.78322	5.54056	6.99919	3.84085	1.06676	1.43332	1.9552	2.31709	2.52551	1.6389	0.888999	2.39079	2.95672	1.67706	1.38854	1.03674	2.4688	6.20924	6.11582	3.76246	1.77762	2.66529	2.66535	2.16219	0.957487	1.59004	1.60976	1.13839	0.733115	4.00509	3.82461	3.59138	1.51891	1.81273	2.31033	1.77762	1.12447	0.177814	1.08148	1.88955	2.71802	3.90585	3.87764	3.10241	1.81277	1.63894	5.14275	5.1458	0.177814	2.19833	2.95672	8.27628	4.09809	4.20769	3.27507	1.96324	4.96948	6.05957	5.26309	2.97807	1.52921	5.99473	3.66079	2.89217	1.6389	3.33698	3.44827	1.29427	0.733097	2.31714	2.07279	2.37095	0.71122	3.66065	3.73303	5.08167	5.26607	5.00721	5.11543	5.31922	4.99467	5.32204	5.67422	3.96972	2.41706	3.02517	2.02652	1.43332	1.25717	1.98727	2.95686	3.16275	3.04085	2.33746	0.957487	0.39759	2.13278	2.41716	3.35124	4.18919	4.18919	4.96946	5.33081	3.98949	2.68886	0.355624	2.39092	3.41175	3.39325	2.97807	2.66522	2.31029	1.81277	4.66725	3.17764	0.957487	1.35397	3.21698	3.49811	2.91378	4.23391	8.30078	7.79375	6.88558	6.88336	7.13973	6.60956	5.67422	4.8191	2.19839	1.03669	0.71122	0.562271	1.58998	1.03669	2.52551	4.44696	3.8328	4.27449	4.65725	4.64377	3.17764	0.906593	1.00574	0.641107	1.2943	1.96326	4.54459	3.84085	0.888977	1.63894	2.27599	2.41713	3.50259	2.89207	4.53424	2.31716	1.83004	1.85576	3.10229	2.87022	2.86476
1.8126	0.733048	5.21765	6.57108	3.42981	1.7506	2.02642	2.89197	2.52542	2.01079	2.31017	2.75807	2.86459	3.39295	3.7454	2.80902	1.60958	1.43313	0.795103	0.754311	1.12437	2.33728	5.21489	6.03336	5.62966	5.46068	4.09784	3.14746	3.74526	7.29096	6.1151	2.64136	1.60961	1.92251	3.16248	2.64133	0.177796	3.21663	3.20205	4.44676	4.57878	4.26671	3.69471	3.76634	3.7074	4.29609	6.6721	5.15455	1.78625	2.16918	3.44791	2.66503	3.30366	4.32152	2.78085	0.397571	1.06666	0.957354	0.711151	1.63882	2.27579	2.01079	1.63882	1.19256	0.397571	0.177796	0.177796	1.03664	3.26049	3.56903	2.13995	2.46858	3.3695	4.56141	4.84471	5.5627	5.7258	6.17866	4.9974	3.41598	2.64136	3.94163	4.88011	5.08122	8.24434	13.067	13.6991	9.22314	3.03528	3.52484	4.29609	5.99443	9.94697	9.14109	6.6903	4.90543	4.54412	2.9297	1.42208	0.397571	1.43313	3.04056	3.94154	2.92979	1.88939	3.20201	5.01928	5.31876	4.54443	4.39357	4.61284	4.49218	2.31685	0.754258	0.355589	1.19249	0.533375	0.177796	0.397571	0.25145	0.50289	1.08138	0.906527	4.27382	2.46843	3.01975	3.41604	3.98916	4.44676	3.79957	2.41691	1.28186	1.19249	0.562213	1.6387	1.82985	2.02639	3.2653	4.0555	3.81194	5.67357	2.68861	2.68861	2.9566	3.21663	7.13862	3.79525	5.16341	3.66033	1.82996	2.67093	2.24777	1.6768	2.31691	3.76625	5.86539	3.10703	3.26514	3.27479	3.41145	6.72776	8.06317	6.13826	5.10575	5.27154	6.49516	3.56908	1.95501	3.2653	3.39295	3.79957	2.86459	0.25145	1.96308	2.14727	3.10703	3.55138	3.20205	1.50836	2.37072	2.33728	1.82996	2.317	2.54406	1.91427	1.5899	3.2603	2.51273	0.177796	0.888943	1.78627	1.50836	1.96305	0.562237	0.888883	3.06628	5.16968	6.5713	6.83521	5.5627	3.44807	1.63874	1.08138	2.68861	4.79259	4.45027	4.69694	3.92155	1.78627	2.9404	3.10214	4.20749	6.58768	5.73932	4.62627	4.09774	2.02642	2.75797	2.64133	3.41145	2.62338	4.43956	6.32787	5.70675	4.39357	4.72363	4.52369	4.43612	4.43619	4.21865	1.78625	1.75948	1.7506	2.91367	2.5626	1.98701	1.38832	1.91417	1.13835	1.08136	2.31005	4.43589	3.27479	2.5626	1.82996	2.92979	5.01618	8.04399	7.28287	5.34499	1.28194	0.502855	1.88926	3.59527	4.35031	4.62632
3.14705	1.19239	2.16174	5.36482	4.62583	2.16178	2.24764	2.13981	1.433	0.355555	1.08125	1.29402	0	1.42195	1.91407	3.04022	2.49367	1.75042	1.7861	1.58967	1.9868	4.71299	3.76587	3.14217	3.56873	4.09735	3.73231	2.84767	3.27449	6.21795	5.69504	3.74495	1.13823	1.8554	1.03654	2.46821	1.63856	1.68605	1.25692	2.6883	2.77491	4.31742	3.3506	3.14217	3.92921	3.98872	3.55548	1.51857	4.36425	3.04026	2.84767	0.533324	1.43302	2.67067	2.80865	2.1397	1.08127	0.25141	1.3537	2.14716	1.98688	1.24426	0.906418	1.98686	2.07239	2.78057	3.79917	3.76173	2.07991	4.93046	3.89291	1.51857	2.86967	3.20164	3.90913	2.75779	2.75779	3.57318	4.80195	4.26253	2.78057	3.20169	3.62122	4.31742	6.46088	8.51637	5.17825	4.14297	6.39807	6.89105	4.99371	5.91257	7.50345	4.29178	7.91743	5.07121	3.41554	3.10676	1.75933	0.177779	0.795021	2.51264	4.31742	3.9051	1.92231	2.41669	3.14217	3.42946	3.20171	3.26499	2.02621	1.19239	2.16174	1.58967	0.177779	1.03649	0.562162	0.754192	0.251424	0.251424	0.533324	0.711083	0.177779	3.79898	3.52428	1.19244	2.64108	3.30331	3.24074	2.16178	2.86967	2.31665	0.906418	0.906436	1.43298	1.13817	0.39753	1.13823	2.19796	1.13823	3.59495	2.30984	1.38827	2.46832	1.51862	5.51964	2.14707	2.66471	3.39253	3.1017	3.59064	3.92921	4.05508	4.1165	3.02468	3.20156	2.7058	0.711083	3.98872	5.0807	6.19563	7.59167	6.44409	3.74501	4.5611	6.0635	7.27543	1.98682	2.68834	1.19244	0.711083	0.533324	3.26484	4.17707	3.26499	1.96286	0.88885	2.01058	2.16178	1.98686	2.31669	1.3537	1.96288	1.25692	0.251424	0.562162	3.64272	2.64095	0.533324	1.08127	1.5996	0.795021	1.92221	0.732956	1.433	0.56218	0.754232	2.31671	3.76173	5.53957	5.1448	3.65999	2.0723	0.957267	2.49369	3.3693	2.54377	2.02613	3.14201	5.39958	3.31753	2.95629	4.82477	7.38306	1.28174	4.47771	0.906436	2.80865	2.02613	1.2569	1.38827	2.4166	2.16899	1.77718	1.12425	2.13977	1.85545	3.01952	5.35916	5.28875	3.57318	4.26254	5.67319	5.76867	5.07761	2.71173	0.25141	2.71744	1.92231	2.7058	4.4461	2.54372	1.03654	2.31671	1.433	3.49744	3.92117	5.39111	5.78486	2.94025	1.75035	1.24426	1.63856	4.93046	5.31208	3.44766
3.5507	3.70668	2.07221	2.16876	4.44927	4.04694	1.50807	1.8122	2.48711	0.888772	0.754113	0.906352	1.85528	2.33683	1.63847	2.78016	2.0797	1.06645	1.5895	1.78593	3.55511	4.44918	2.02589	0.562129	2.46795	2.51224	2.70552	2.86392	3.21601	5.21361	4.86938	4.5226	2.31655	2.49345	1.58959	2.84187	3.31723	2.66461	2.0104	3.31723	3.50177	3.03997	2.39025	2.66461	0.888772	1.28161	1.08117	2.37026	4.39242	2.64067	1.68588	0.957169	1.28161	2.38349	2.71132	2.3164	1.52886	0.888772	0.79495	1.8122	1.46552	3.03993	3.31723	3.87654	4.23272	4.44591	3.83996	4.48797	5.71371	4.44927	3.39206	1.63842	1.25673	1.60927	2.14685	1.03638	1.03638	0.640885	3.16165	3.41518	2.13956	3.21606	4.49142	6.086	5.68084	3.05534	3.96858	7.71763	5.4365	2.66461	5.66169	7.30253	5.56424	1.25676	6.49121	6.46014	4.77523	3.81098	2.16152	1.28169	0.177762	1.52886	1.7859	2.58646	2.38363	0.79495	1.81225	2.07979	0.562105	1.19233	1.81225	1.28169	1.43283	1.60927	2.02603	1.98671	0.888772	0.640885	0.355521	0.177762	0.397472	0.502758	0.502758	3.77369	4.47724	1.85528	2.2263	2.07979	2.9771	1.96267	3.14673	3.03993	1.98671	2.02603	2.64082	2.54357	1.82961	1.29389	0.732906	1.63847	2.41635	2.66443	2.38349	2.64085	3.6426	5.24948	1.68595	1.24414	2.27535	6.08588	5.719	2.75744	1.7859	2.31649	2.80848	3.48823	3.83171	3.48823	2.26145	2.31647	2.71717	2.02592	3.41056	1.00544	3.31711	2.78016	7.67144	4.79167	0.888772	1.77712	2.5621	2.24743	5.11367	3.90861	1.63847	0.732882	1.96267	2.4681	3.74468	4.20668	4.14272	2.86403	1.75026	0.906327	0.754166	1.52886	3.92869	3.10141	1.28169	1.24414	0.906327	0.754113	1.88889	0.794905	1.46552	0.502793	0.397472	0.754113	0.562105	3.20122	4.44564	4.28769	3.10138	0.177762	0.888712	2.9771	3.01405	3.62088	4.21766	5.80281	1.46552	0.732906	1.43283	9.11928	1.03644	6.64246	1.77712	1.8122	1.1241	1.46552	0.502758	2.24734	3.25967	1.63839	1.5895	1.46552	1.28161	0.640885	2.3164	1.63847	2.86397	3.10141	3.79858	0.906352	2.80836	2.54343	1.67648	2.3164	1.25681	2.62272	4.77517	2.38349	1.08115	1.52876	2.16876	4.13876	3.31711	4.43527	5.63968	4.54695	2.13217	1.42181	2.66452	5.79209	5.07994	1.88889
2.56184	3.96819	3.21571	0.732814	3.10122	4.62498	3.36854	3.65496	2.16136	1.63827	0.251362	0.906261	2.30944	2.19754	2.13933	3.01881	1.85504	1.46539	1.58936	1.51833	3.74419	2.891	1.03629	0.906243	2.22597	1.50783	1.81203	2.48687	3.21571	4.56011	4.86892	4.94541	2.31631	2.07958	1.58943	2.2472	3.01894	2.78003	2.01019	2.89111	3.76101	2.46785	2.75726	2.86922	2.77991	0.794834	1.43272	1.60914	3.1414	3.89216	1.68573	1.67633	0.794834	2.86361	1.98642	0.906243	1.5287	1.85504	1.46539	2.70527	1.91363	4.54633	3.44706	4.29108	4.44896	4.33116	3.77355	4.13858	5.71315	2.89111	1.13795	1.43272	0.251362	1.25666	1.25664	1.03629	1.03629	0.888634	2.41611	2.93957	2.68779	3.92038	5.31997	6.89854	4.44545	2.0719	5.76736	6.45954	4.34907	3.39187	5.21335	6.27918	3.59441	1.25664	3.20101	6.86921	6.80796	4.05027	1.77688	1.46543	1.63824	1.9625	1.43274	1.28156	2.58629	2.86361	3.36854	1.92194	2.52454	1.59929	1.81207	1.46543	0.397453	1.03634	2.14674	1.88882	1.63827	0.177745	0.794834	0.397436	0.177745	0.502714	0.502714	4.27263	5.21309	2.30944	2.30948	2.49321	3.20096	1.96249	2.71692	2.84712	2.07958	2.02582	2.75726	2.46785	2.31626	2.46774	1.08105	1.51833	1.78573	1.92184	3.83937	3.55479	3.65943	4.26171	1.68578	1.08106	3.1961	5.88768	7.51842	3.42868	1.59929	1.82942	2.6226	3.26433	3.83132	3.76515	2.47421	2.71692	2.31625	1.03634	2.16857	3.01358	2.30944	0.888679	4.65526	5.56372	3.74412	2.16136	2.56184	2.8416	6.09287	5.64985	1.51833	2.91266	2.80811	3.03968	3.65943	4.38151	4.6148	3.03453	1.98648	1.35339	1.25664	1.5287	3.92833	3.3168	1.28156	1.08106	0.562071	1.25662	1.63824	1.2815	1.06635	1.124	0.177745	0.251362	0.562054	2.46774	3.96807	4.28731	3.81065	1.38793	1.63824	5.07949	3.17642	4.25803	3.58995	5.07949	1.06635	0.640859	2.16857	10.3369	1.03634	8.86006	1.9137	1.12403	0.50274	1.91363	1.50783	1.42167	4.47685	1.88873	2.56171	1.06635	1.77684	0.888634	2.80808	1.43276	2.58629	1.8551	3.30251	1.68573	2.80811	3.25938	1.92184	1.82934	1.60914	0.906261	3.1011	4.82365	0.888656	0.562054	3.41026	4.13839	2.30944	6.63265	5.65014	4.3636	1.58943	1.0054	3.24006	5.56086	3.89219	0.640828
1.96233	1.29366	3.904	4.04618	3.16126	2.71668	3.41458	4.80057	3.76068	1.5182	0.177729	1.82918	2.71668	1.03625	2.52432	2.66396	1.28138	1.46526	1.85493	2.71673	2.02556	1.29369	1.98633	2.36989	3.02383	2.14656	1.1921	0.794764	2.48666	4.43431	4.77433	4.33057	1.1921	1.35332	1.25655	1.03625	1.52857	2.41599	1.91353	0	1.43257	0.732768	2.07933	1.63812	3.82267	1.81191	1.43257	0.888556	2.2748	3.93992	1.96231	2.02556	0.397418	2.46752	2.41602	3.6419	2.91255	3.31651	2.47391	1.82918	3.02381	4.84268	2.02556	2.66396	2.00991	0.397418	1.35332	1.52857	2.38966	2.2748	2.68759	3.59412	3.14626	1.75893	1.24391	1.28138	0.888556	0.956998	1.85488	2.66403	3.55005	3.96777	4.4484	3.79792	4.05395	6.21885	5.80186	4.93863	4.8395	4.81688	3.65906	1.74993	0.533174	1.77668	0	4.77438	8.385	6.89794	3.65906	2.31604	2.36983	2.71673	3.06519	2.19735	2.24694	4.15693	3.6931	0.888578	2.47391	2.68759	1.43264	1.78558	2.58606	3.65908	3.44681	3.05496	3.55448	1.95427	0.640772	0.562022	0.75402	0.562022	0.397401	3.57203	5.59398	4.31621	2.84689	0.640772	3.23978	2.75702	3.6548	5.23381	5.40985	4.39188	3.41473	2.38979	2.84135	3.56769	2.84689	1.03625	1.0362	1.75884	4.65481	3.54996	0.888601	2.80786	2.02562	2.14656	2.316	4.43426	7.37464	3.50094	1.43261	0.957033	1.91353	3.77322	4.69516	4.09624	3.20075	3.06519	3.81048	3.49659	2.24701	3.81031	1.75893	3.20079	3.56773	5.10363	4.15693	2.19729	0.75402	1.82918	5.71798	7.61582	7.26737	6.60646	4.09628	2.48666	1.06626	1.78558	3.72706	3.6202	3.19582	2.58606	1.91353	0.640803	3.30222	3.01855	1.1921	1.03625	0.640803	1.51814	1.68558	1.59915	1.58929	1.06626	0.533174	0.640772	1.77673	1.95427	2.41589	4.21688	4.6007	2.46752	1.43257	6.19612	1.92167	3.6417	2.52432	4.4059	0.710883	0.957033	5.73707	10.0931	3.1611	9.33595	0.906182	1.88856	0.177729	2.16838	1.6381	0.177729	4.5321	2.66992	2.97657	1.63816	2.71673	2.31611	2.80786	1.08095	1.28138	0.177729	3.30222	1.82918	2.76261	3.39147	1.77668	1.67618	1.38781	0.640803	0.753981	5.38072	3.14129	2.77413	5.01408	3.44669	0.562004	6.87977	1.1239	3.25909	1.68558	1.609	4.0032	5.6023	3.39154	1.88866
4.09581	2.22555	2.41574	3.56735	2.47374	1.00521	1.4214	3.53643	4.87774	3.8754	1.91333	2.47365	2.16815	0.794681	2.63993	1.98603	1.4214	1.46514	1.75874	2.16094	0.710808	1.78541	2.46737	2.75673	1.96213	0.397359	1.85474	2.95515	4.15671	6.38097	7.08103	6.23568	4.57654	3.64151	3.33519	3.01316	2.56134	2.0254	2.7737	3.01829	2.77384	2.30904	2.86866	3.6587	3.7435	2.36964	1.77654	2.56122	2.84657	2.30895	1.29352	0.794681	1.25642	0.906068	2.13892	2.27468	2.51162	3.65858	3.36789	1.29352	2.49271	2.38282	3.10062	4.15289	4.65451	2.86866	0.732691	1.24378	1.81172	3.26359	4.15275	2.46737	3.21513	2.13155	1.52833	1.28125	0.732673	0.956898	0.533118	3.34931	6.65954	6.18319	1.82907	4.77405	8.29601	6.41265	3.06487	4.40544	5.45784	2.86856	0.640704	1.08086	0.956932	0.794681	1.08084	1.58912	6.66183	9.95933	9.99131	8.5348	5.5935	2.97635	2.0254	0.502643	2.66368	3.52293	3.03905	1.91333	0.906086	2.8631	1.28125	2.0715	2.02532	1.88836	1.2564	2.0098	3.83049	3.10556	0.561963	1.28131	1.38773	1.03614	0.640736	1.98609	4.774	6.38106	6.19815	3.20032	3.03394	4.33033	5.28672	5.94987	6.10475	5.50364	4.39142	3.54976	3.83058	4.09581	3.73089	2.49273	1.63795	2.7737	4.72109	2.8904	0.533118	2.02535	1.5284	1.08086	1.50762	4.77388	4.64085	4.20544	5.84692	4.99496	6.01224	7.54803	8.81201	7.7734	7.15938	6.33714	6.75898	7.19817	4.96673	3.20041	2.49273	3.64151	4.84236	3.90359	1.92147	1.74967	0.956932	0.177711	3.06487	6.17565	7.38263	6.41268	4.64109	3.30204	3.1057	3.54976	4.36276	5.26892	5.72302	5.23326	3.49623	1.63799	2.80757	3.20041	2.91224	2.41576	2.02543	2.41574	2.71645	2.56134	2.66381	1.91333	1.29352	2.2467	3.02349	1.19198	1.03609	4.26446	4.39119	2.66368	0.251313	5.38881	3.61975	1.85468	2.33615	2.48639	5.28672	7.30689	11.6014	9.78091	8.51479	8.9886	1.68546	1.92147	1.43245	2.68727	0.177711	2.70486	4.61051	2.0254	2.46726	2.31575	2.64007	3.64151	3.368	2.16826	2.3158	1.43249	3.49609	1.12378	3.1408	3.013	1.24378	2.41574	2.86866	1.88846	1.63793	3.21509	2.68727	0.906086	2.66368	1.19193	1.78541	6.88135	2.6873	3.9076	3.83882	5.07566	5.73656	5.86802	3.79351	3.16093
3.53601	4.68409	0.640679	2.86281	1.43232	0.905988	0.251291	0.251291	1.60867	3.41397	2.49251	1.12368	1.59884	1.35306	1.38754	1.81152	1.46498	0.710746	0.177695	0.905988	1.35301	2.02515	0.561914	0.956814	0.794645	2.84634	3.14565	2.86841	2.38933	4.69416	5.88604	5.67046	3.87506	2.46716	2.41552	2.02525	2.02517	1.9213	4.75701	4.00243	2.38933	2.86293	3.51387	4.6102	4.68095	3.5228	3.31588	4.65391	3.10025	1.58898	0.732627	0.906007	1.95389	1.29344	2.47343	1.38761	1.43232	2.52383	3.79719	3.14052	0.533071	2.62187	3.93936	4.28995	4.77359	4.82235	1.51785	2.95475	2.13873	2.71616	3.16049	1.59884	1.52819	3.02316	1.74952	0.502573	0.710746	1.46498	1.12368	4.36219	5.53689	3.6541	5.63723	6.97692	4.28628	1.63784	1.29341	4.44754	6.09631	3.23921	3.01289	2.56112	1.46501	0.502573	1.29341	1.43232	0.502599	4.28628	7.21253	8.46903	7.65259	2.66345	0.794645	1.78525	2.75641	1.8882	1.60869	2.63972	2.27436	3.16049	2.86831	2.68703	2.80741	3.92736	3.90726	1.42127	3.93917	3.69239	1.08074	0.906007	0.732627	0.710746	0.502599	0.502599	1.12372	2.86289	6.80606	6.54831	0.956848	1.8883	1.82891	1.43232	1.74952	1.60867	1.43234	1.29344	2.36938	3.25847	2.71032	2.30875	2.22535	4.02191	4.29339	1.67586	1.2812	2.27448	3.27306	2.91199	2.14614	4.38013	1.036	4.09545	4.91565	4.69425	5.34189	4.79968	5.84361	5.49453	5.04118	4.15253	3.16065	4.46523	4.26051	1.2812	1.8882	2.14606	2.31561	0.640679	1.50741	1.58892	0.397325	1.08074	0.355387	0.177695	0.177695	0.397341	1.25631	1.52827	2.71621	2.46716	2.13136	2.16075	3.36771	3.90325	3.3676	1.91309	1.91309	1.81156	1.91316	1.63784	1.38761	1.81156	2.13136	1.43236	1.13769	1.81152	1.81152	3.10023	2.14606	2.02515	1.63778	5.62618	3.59328	2.02515	0.397341	2.86281	4.44754	2.93875	2.30884	3.42772	5.37984	6.9348	9.07082	5.49453	9.02184	11.2104	3.567	0.794611	2.70452	2.16072	2.51132	4.69416	5.24764	3.6541	3.61943	3.98667	1.9213	1.38761	2.02522	1.52827	2.36938	1.35306	2.62175	0.251291	3.14052	2.6397	0.640679	1.77643	2.70462	2.16072	2.6397	1.82883	4.52087	4.46523	3.39099	1.81156	3.31588	6.48883	2.13875	2.66941	3.10543	3.92736	3.37698	3.73048	2.47343	1.35306
2.47318	4.99071	2.16055	2.0711	1.77622	1.08066	0.397306	0.177678	0.561839	2.41518	2.0711	0.355352	0.397306	1.03595	1.19176	0.956716	1.25616	1.35294	1.35294	1.03595	1.35287	1.9211	0.794573	1.63772	2.30863	2.51112	1.46483	0.640581	0.177678	3.16016	4.0834	3.65786	3.23891	3.26313	2.68682	1.42114	2.56073	2.46679	4.68361	3.98629	1.38749	0.753809	1.35287	2.19665	1.81134	1.12362	3.96655	5.21116	4.43664	2.47329	0.888321	0.888291	1.25619	2.71596	2.88998	1.67579	1.43215	2.86802	3.10496	3.01765	0.888351	1.63761	0.355352	0.732535	2.30857	6.57368	3.89471	3.19974	3.58866	3.39055	2.46679	1.63772	3.33459	2.31537	1.25619	1.29332	0.355352	1.12357	3.03849	6.15662	2.66317	4.77318	9.75567	6.66047	1.74943	2.13853	2.68677	2.63942	5.10214	3.42753	2.80719	1.59869	1.9211	0.905898	0.956716	1.08064	1.60854	1.68515	1.63761	5.80017	10.0722	6.18184	1.12362	1.43218	2.30857	2.24637	1.78506	2.807	2.31539	4.2894	3.56665	2.86262	2.16055	2.38895	3.39046	1.43218	3.30124	3.19971	1.42114	1.12362	1.46488	1.43223	0.905922	0.177678	0	1.00496	6.30121	7.36412	2.30857	1.08066	0.753809	2.02497	1.60851	0.251265	1.24355	1.12362	2.1605	3.75945	3.06424	2.66915	3.09994	4.68028	4.31846	2.13116	0.710677	1.46483	2.75623	3.14537	1.25619	3.41357	1.52814	3.79679	1.35287	3.03854	3.56665	2.0711	2.86251	3.21449	4.27111	3.74268	1.35294	2.13853	2.95444	1.68515	2.13853	2.70424	0.888291	1.25616	1.95371	2.63957	1.75844	1.63761	0.177678	0.397306	0.397284	0.561839	0.561862	0.561862	1.29327	2.16055	2.48594	0.888351	0.561839	3.26297	3.76367	3.3906	2.86262	1.98577	2.02504	2.02504	1.24355	1.58875	0.397284	2.02507	2.14595	1.98569	1.85441	3.41363	1.78508	2.49227	3.90691	5.23504	1.75831	1.82874	3.44584	3.50011	3.42737	4.5411	1.9129	4.32928	3.90688	5.30903	7.17712	1.08064	10.276	11.1892	3.72599	0.888321	2.38237	2.13855	2.77885	4.92762	3.4999	1.281	3.31554	4.94353	3.92684	1.67568	1.81139	1.58884	2.51112	1.28109	2.07871	0.888351	2.92775	3.23891	3.16037	3.01783	2.779	3.90288	4.21585	5.49412	6.02142	4.27111	2.70438	3.57118	4.61307	5.55874	1.08066	1.5177	2.02497	2.31537	1.60854	3.10496	2.93844	1.03595
1.25606	3.91856	4.79873	1.13741	2.68655	1.95352	0.732467	0.397248	0.561787	1.91272	2.33549	2.38225	1.59854	1.0358	0.502502	0.710609	2.02486	2.91143	2.77872	2.02486	2.36897	2.97551	2.91143	3.01751	2.52347	1.1235	0.888213	0.397248	0.732467	2.51088	4.48878	4.21539	4.72001	5.00293	4.6397	3.23859	3.37633	3.55311	4.66318	4.78569	3.25798	2.13834	2.52334	2.07092	1.19159	0.640525	2.80676	3.56632	4.43267	3.56632	1.95352	1.51761	1.92103	2.66891	1.1235	1.28089	3.19945	3.82942	1.421	1.74918	1.421	0.640525	1.1235	1.67561	0.732485	5.04318	6.40827	2.95432	1.24343	3.6403	3.54859	1.98548	1.82847	1.28089	1.38734	2.38874	1.28095	1.77609	5.04012	5.45639	2.7786	7.42831	7.26438	3.06396	1.50712	0.888213	2.07852	0	3.54868	3.82133	3.02266	3.05363	2.7098	0.956664	1.06584	1.28095	2.02486	2.47304	1.58868	1.77604	8.47282	10.8004	7.67553	4.4854	3.09975	3.03309	3.37631	3.31533	4.78908	5.10185	2.58507	1.91279	3.19951	4.44315	2.66293	0.956664	1.98548	2.22492	1.63753	1.88793	3.14505	3.40882	3.31533	1.78491	0.640556	1.60836	4.14021	6.15606	4.46437	2.75595	1.43209	1.91272	0.502476	1.421	1.92103	2.41508	2.97551	4.25971	4.38656	4.60931	5.24664	6.08254	6.99348	7.27093	5.65846	3.26279	3.72563	3.56635	3.27231	1.92093	0.397248	2.49201	2.66307	1.63755	1.68493	1.52798	0.561787	3.30112	6.49002	5.42191	1.92093	0.710609	1.63755	4.04467	4.36154	3.75923	2.31521	1.78491	0.355318	1.38734	2.13095	2.47295	1.51761	2.7041	4.27083	5.28524	3.82951	0.905832	1.63753	3.79245	5.21084	5.07733	3.14505	1.13741	3.03309	4.60249	4.34711	3.54877	4.52021	5.25859	4.83772	3.37631	3.44544	5.55845	6.34271	6.34271	6.38178	5.55847	3.77177	4.14043	5.37881	2.88969	0.888258	1.92103	1.81121	1.58868	1.421	2.86776	3.44544	3.72985	3.01745	8.06434	9.29978	5.53291	14.588	8.82853	3.64049	2.71563	0.732485	2.46668	3.14505	3.75911	3.54859	0.640556	2.41499	4.05224	5.16551	3.90642	2.33549	2.52347	3.59271	3.19958	1.51761	0.355318	1.63749	2.63933	4.47496	4.92744	3.6577	3.56635	4.02135	5.26745	5.04021	4.00175	3.90662	5.51061	5.70235	4.61263	2.27404	2.54208	2.84025	3.37167	2.38887	3.61874	4.14029	3.02273
0	0.88815	4.31405	4.96473	1.25598	1.77587	2.13814	1.24331	0.532917	0.88812	1.38722	2.91117	3.96595	3.19921	1.38722	1.78471	1.96139	1.88777	2.31495	1.58853	2.07083	2.95406	3.13981	2.5604	1.63738	1.03569	0.71054	0.88815	1.50696	1.25594	3.3899	3.33395	3.44518	4.00138	4.98989	4.87594	5.00248	5.28468	5.62737	3.72938	1.63738	3.14476	4.63926	4.25928	1.98535	1.29307	1.749	1.38713	2.86746	3.792	3.34807	3.57049	1.43193	1.42086	1.67547	2.30812	3.33377	2.77263	0.397229	1.28084	2.41484	1.6082	2.02458	2.47282	3.41311	1.58853	4.11338	5.66901	4.71959	1.60823	4.21483	0.640499	4.28507	3.41311	1.46455	3.13959	0.732394	0.397207	4.3895	3.74196	4.90123	6.08938	4.08276	4.78866	4.47456	2.5604	1.42086	1.85398	1.78474	2.41474	2.93788	4.32845	3.02226	0.640499	0.251234	1.78474	2.80665	3.69154	4.20389	3.80867	1.46455	5.8845	10.2979	10.6664	7.09819	4.26305	4.67963	5.89516	4.51981	1.43196	0	0.177644	2.13805	4.3788	3.42671	0.88812	1.749	1.52774	1.13737	3.09947	4.09433	3.69154	4.3467	4.00126	0.355284	2.16732	2.62098	3.63992	3.2575	2.19622	1.67547	1.63738	1.03569	2.13811	1.38722	1.19153	1.82839	3.70422	4.43232	3.92625	4.48844	5.26697	6.10251	6.96405	7.5859	4.62248	2.66274	2.36868	3.76302	4.44295	3.90628	3.41311	3.02247	3.34807	3.65731	2.62113	3.37599	3.41291	5.76673	7.86495	8.22986	6.88587	3.54846	2.27384	2.07083	0.905748	0.956531	1.4646	2.16013	1.74909	1.46455	1.6082	1.74909	1.63733	1.68476	1.06574	4.3895	0.561754	3.41297	3.72527	3.41297	2.49177	3.37601	3.15976	2.30818	0.794376	3.23821	1.68483	1.4646	2.52325	5.59982	7.35473	7.03697	6.32248	5.79933	6.28314	5.35514	3.54846	3.13981	3.65307	2.97524	1.92073	2.49177	1.88777	1.68476	4.29241	4.7723	3.89015	4.3467	7.86495	12.3768	13.1894	6.05892	11.4724	15.2945	3.75873	1.5174	4.32845	2.92728	3.65738	4.36115	3.92625	2.68625	0.177644	2.31486	3.59219	4.76214	4.51953	2.88935	1.13729	1.74909	2.33527	1.68483	1.28084	1.4646	0.561754	1.88763	1.59838	2.33523	2.13814	2.41484	1.24331	2.52308	2.00892	1.28076	1.46455	1.96139	2.8455	2.46646	3.03795	1.95333	3.33377	2.16746	3.90613	4.6928	3.57049
0	0	1.59823	4.43534	4.00089	1.06564	2.686	1.85381	0.397188	0.561679	1.25578	1.24319	2.86175	3.53465	1.2558	1.52761	1.52761	0.251208	1.67521	0.710472	0.502405	0.640432	1.03565	1.25584	2.02439	1.68461	0.397188	0.532866	2.31466	0.177626	1.77566	0.956479	1.51732	2.48522	3.37102	3.41271	3.23796	3.91777	7.15573	5.03597	0.956445	1.92066	4.07852	5.04222	2.47248	0.251194	1.387	0.794305	1.7757	3.38958	2.52299	3.19888	3.77085	1.06564	0.355249	1.28064	2.70927	2.46609	0.732344	1.9612	2.36852	3.59187	2.52286	1.52761	1.03565	2.54154	1.28064	1.63721	2.30786	2.8617	3.90175	4.91357	1.43181	2.13054	2.4145	2.19602	2.07819	1.78454	3.33347	4.37842	3.25721	5.86251	2.02444	2.80635	2.80635	2.80624	0.561679	2.62074	1.60805	2.62074	2.3147	5.79846	3.05304	1.42072	1.74885	2.62074	2.6684	2.88918	3.03765	2.31472	2.13793	1.77566	3.65699	8.50916	8.75022	4.08237	3.26219	3.52145	4.05146	2.22449	1.00468	0.956445	2.62074	2.13786	3.98514	2.63868	2.38169	1.77566	1.91236	3.21357	2.54159	1.74891	2.92691	5.45527	1.43174	3.19881	2.63868	3.34757	3.17417	1.19136	1.25582	1.63724	2.8617	2.16713	0.732326	0.794305	1.19136	1.8282	3.23791	2.70347	2.07812	1.9612	2.13791	2.41452	4.37844	3.37566	1.63724	1.7757	2.2736	3.09916	2.31477	2.19602	0.397171	0.905657	1.387	1.81086	3.27176	6.18005	2.46621	7.03625	7.42915	7.297	4.11292	0.251208	0.753584	1.98515	2.00885	0.956479	0.888042	0.888064	0.561697	0.177626	0.177626	1.25584	3.44482	4.92331	4.96428	2.14523	4.20327	2.36846	1.08034	2.88913	0.561697	2.02447	3.23796	2.41452	2.31466	2.13786	1.58837	2.07812	2.14531	4.54347	4.04775	3.06342	1.9612	1.78454	2.56001	1.13719	1.2558	1.60807	0.753584	3.6396	2.8617	1.77575	5.25733	4.55709	4.82064	3.91781	2.5104	9.5243	11.5236	7.3624	4.99239	14.606	13.0261	2.30786	2.4145	6.1016	3.72491	2.95375	2.47257	1.35254	0.561679	0.561679	2.25959	3.52126	3.79572	3.14435	3.82869	3.25721	0.397171	1.25578	1.03565	1.92066	2.07819	1.82812	2.19602	2.54151	1.67521	1.63724	2.14531	1.43179	2.00874	2.22449	1.43179	2.33501	2.31466	2.70927	1.42072	2.54151	0.532866	3.77085	1.81083	2.97485	4.20327	2.33501
0	0	0	1.98492	4.60108	3.72878	0.887964	2.49131	1.29283	0.177611	1.38688	1.63701	1.59809	3.91747	4.44211	2.66232	1.03556	2.52277	1.35242	0.251172	0.177611	0	0.397137	0.251185	1.63701	1.43164	1.29283	0.888008	1.8873	0.794268	1.12315	0.532819	1.03556	1.96101	2.36826	2.3145	2.66225	3.58725	7.8339	7.0024	3.56981	2.41438	3.53434	5.23011	3.21329	2.63859	2.63856	1.63709	1.19131	2.54129	1.03551	2.54129	5.23011	0.794268	0.177611	0.56163	2.54129	2.86145	0.532819	2.77782	2.30766	5.01689	1.75767	1.59809	1.8537	1.51713	2.13772	2.47235	3.0218	3.56966	2.91046	6.19202	0.732262	2.63847	2.38148	0.794235	1.28053	2.07034	2.13768	4.57376	0.532819	5.88323	3.19856	2.13779	2.80611	3.65654	1.58823	3.7413	0.905578	3.0218	2.47235	6.48821	4.90045	0.887986	3.90544	3.0166	1.38688	1.13715	1.98492	1.28053	1.8873	3.159	1.98492	3.02173	7.97214	7.96262	4.13547	2.24551	5.39449	3.54769	1.63707	1.8873	2.16694	1.60793	4.57376	3.52096	2.25939	2.25939	2.2243	3.09877	1.59809	1.08025	2.16694	5.76294	2.27328	3.159	3.30003	3.30003	2.66815	3.1392	3.17403	2.3882	4.09348	3.90141	1.50678	0.502335	1.5067	0.397153	2.41429	2.92666	2.54137	2.33484	2.51018	2.49133	4.09348	3.93743	3.10396	2.80608	1.8874	1.46432	1.51713	2.52264	1.13709	1.12315	1.12319	1.78439	1.08025	5.9148	4.13913	3.70352	2.07801	3.98481	6.42823	4.51895	4.4032	4.38534	3.1392	2.02429	1.25569	0.56163	0.177611	0.640345	0.56163	1.38688	1.59809	1.96103	1.51713	2.86145	4.31327	4.13547	4.3279	3.49877	3.37072	2.13772	1.38688	3.25693	0.640345	3.1986	2.14513	2.46588	2.51013	1.12315	1.12319	1.4206	1.78439	1.98494	3.03214	1.77555	0.502335	1.58823	1.77559	3.96509	3.98481	1.82804	6.92903	6.14165	1.74869	3.96509	2.15969	11.8479	11.0447	2.02429	8.5154	16.2487	12.0088	1.67507	2.63847	6.73194	3.98479	0.640345	0.56163	0.251185	0.251172	0.732262	2.07034	3.5476	3.98479	2.88883	3.19856	3.02173	0.753518	0.640376	1.91226	1.50678	1.58816	2.19583	2.88888	3.03735	1.68451	1.67515	1.13715	1.68446	1.68446	1.98492	1.06555	2.07794	2.66219	3.01131	1.28053	2.30766	1.25573	3.89328	2.14504	2.02419	3.69065	2.19583
0	0	0	0.887893	3.06283	5.2118	3.90501	1.67497	3.61742	1.81048	1.00449	1.43149	1.2556	0.502282	2.00846	3.72419	3.19822	1.24295	2.71464	2.47209	1.19113	0.397095	0.177592	0.355181	1.25558	1.68433	1.60776	0.887893	0.794151	0.561588	0.251146	0.95626	0.956295	1.96082	2.66197	2.58407	3.26154	4.60073	7.76816	8.72244	5.89076	3.38904	4.11213	5.35921	4.83593	4.32745	2.07022	0.794185	0.502308	1.77531	0.561588	1.59792	3.83608	1.91199	1.43151	1.52739	0.794151	3.37503	2.55964	3.19822	3.10349	5.01327	2.1449	2.3075	2.5225	2.02405	1.60776	3.4939	3.53408	2.66197	3.80738	5.11196	3.76199	2.47209	1.74851	0.397095	1.38674	2.13745	1.63684	3.03703	3.37037	2.19565	7.27646	3.93696	0.794151	2.46562	0.532763	3.53397	2.80581	1.8535	0.502308	4.61084	7.14584	5.00082	2.88848	0.732203	2.77765	3.90512	3.29985	2.22416	2.68548	2.77753	0.355181	1.08014	5.06616	9.47642	8.52919	5.6259	5.48853	5.03828	2.8447	2.31421	2.02408	3.93709	6.6921	4.66139	2.50995	2.75482	2.1375	3.19822	1.8535	2.5225	2.3075	3.90492	3.19336	3.02148	2.86115	2.1956	2.62035	2.91031	3.05261	3.02157	4.17269	5.20884	4.83915	2.86676	2.16682	2.88863	1.67497	1.25558	2.77765	3.41205	3.19826	2.46573	4.31655	5.20884	4.04307	2.92635	0.753399	0.887915	1.46413	1.74851	1.98473	1.92019	0.794151	1.63692	3.05261	3.19822	2.41413	4.2618	3.31405	0.251146	4.78713	6.23167	7.86282	8.25718	5.16374	2.49105	1.8871	0.710335	0.905483	1.60776	1.46417	2.22406	1.588	1.75757	2.86128	0.887915	2.63828	4.26185	4.51847	3.65629	4.08158	3.72419	1.50662	1.77531	1.77531	2.63831	4.67825	2.77199	2.14482	1.35228	2.46573	2.22416	2.1595	2.48474	3.01629	2.84468	1.8871	1.50662	1.08014	3.02141	4.22845	1.00454	6.379	5.98732	1.35228	4.44145	3.6389	13.3015	9.62403	0.732203	8.13137	16.1352	12.0038	3.01629	0	5.9692	6.73826	3.38897	1.43147	0.397095	1.25556	1.12307	1.98471	4.13485	5.32706	4.07773	2.5411	0.532763	2.07022	1.9608	1.06543	1.46417	1.63686	1.29269	3.41205	2.63828	1.68433	1.28046	1.50662	2.33459	1.81051	1.68428	1.98473	2.66197	2.49105	2.77753	1.91199	2.02405	2.77199	4.79688	4.00021	3.01635	3.27105	2.15947
0	0	0	0	0.35515	2.15932	6.04623	4.51091	3.44374	3.74058	0.640221	1.03536	2.41394	3.05234	2.86098	1.50641	3.74065	3.65595	4.31251	3.96437	2.77161	1.13687	0.251137	0.905385	0.887837	1.29254	1.38662	1.28028	0.532716	0.561522	0.561539	0.753333	0.887792	0.794082	1.74836	1.25545	1.19108	2.33439	4.69105	5.83701	4.13833	1.96063	3.2563	3.27077	2.70864	3.31367	2.66167	0.887837	0.732139	1.43138	2.77161	2.07003	1.464	3.51135	2.24501	1.77525	2.22387	1.82769	2.84445	1.58786	2.88822	3.42544	2.24508	1.81032	1.08004	2.63797	3.63858	2.02382	1.59778	1.06534	2.9261	4.04271	3.65595	1.78404	1.13687	0.39706	0.956176	2.4654	1.77516	1.19108	4.08121	4.37719	5.16317	7.29488	3.72807	2.3678	1.13693	0.794115	3.54709	3.80721	2.66763	0.887792	5.86087	6.73068	4.08121	2.80557	3.41175	2.80557	2.66181	2.38774	2.31407	1.35211	0.532716	1.98454	1.38662	2.5097	6.28053	6.15317	3.65583	3.98405	4.08112	1.98454	2.88827	2.63808	6.98996	4.94075	2.14471	2.33435	1.91182	3.27072	0.502264	1.85334	1.82769	0.887792	2.50973	2.88833	1.60762	0.640253	1.464	0.35515	1.0044	0.640253	1.85329	2.07761	3.76159	3.90467	2.16663	2.52228	2.66765	1.35211	0.561539	2.30721	3.19792	0.561539	1.35216	3.14347	3.79466	4.37719	2.33439	2.16663	1.38669	0.397077	2.47179	2.30721	1.464	2.06994	2.54088	2.0239	1.52718	1.82761	2.02382	2.88827	0.732121	3.53366	3.81953	6.45347	5.38477	3.90458	2.30721	0.905403	1.24285	1.78404	1.6076	2.62001	1.67482	3.70281	3.65595	3.31367	0.640221	0.561522	0.251137	1.03531	2.4654	3.03156	1.63675	0.640253	2.41382	3.29939	2.63805	3.01602	1.25545	2.14463	1.63675	1.13693	1.51684	1.74836	1.85329	3.19792	3.63858	0.502238	1.85329	2.71435	4.11177	2.80557	4.37719	5.06547	2.07761	5.15708	6.71913	13.7925	8.23007	2.75458	9.75322	13.4558	9.91499	3.72807	3.09817	2.5097	6.10762	5.49648	3.19792	1.13687	1.91182	0.640253	1.63669	5.03456	5.88997	3.03156	0.794115	1.88694	1.25549	2.84443	2.50978	2.86103	1.43141	2.25896	2.41382	0.710272	1.50641	0.532716	0.956176	1.59778	0.753373	1.13687	2.66167	2.47179	1.96063	2.07754	2.06994	0.887837	1.68419	4.65088	3.55143	2.63808	3.198	3.0368
0	0	0	0	0	0	6.0043	6.50054	3.01042	4.51044	0.502185	1.00429	1.00429	0.502185	2.50938	0	2.00797	1.50625	2.50938	4.51044	3.51099	1.50625	0	1.00429	0	1.50625	1.50625	1.50625	0.502185	1.00429	0.502185	0.502185	1.00429	0.502185	1.50625	1.00429	0	1.00429	3.51099	5.00918	4.01102	2.00797	3.01042	2.00797	0.502185	4.01102	3.51099	0.502185	0.502185	0.502185	4.51044	0.502185	0	4.01102	2.50938	0	3.51099	0.502185	2.50938	0.502185	2.50938	2.00797	1.50625	2.00797	1.00429	2.50938	4.51044	2.00797	1.00429	0.502185	1.50625	1.00429	2.50938	2.50938	1.00429	0.502185	0.502185	2.50938	2.00797	1.50625	2.50938	6.50054	2.00797	6.50054	4.01102	2.00797	0	1.50625	1.50625	2.00797	3.01042	0	5.00918	6.0043	3.01042	0.502185	2.00797	0.502185	0.502185	0	1.00429	0.502185	1.00429	1.50625	1.00429	0	5.00918	6.50054	3.01042	4.01102	4.51044	1.50625	3.01042	0.502185	6.50054	4.51044	0.502185	1.50625	2.00797	3.51099	0.502185	1.50625	1.00429	0.502185	1.00429	1.50625	0	1.00429	2.00797	0	1.50625	0	1.50625	0	2.00797	3.51099	0.502185	0.502185	2.50938	2.00797	0	2.00797	3.51099	0.502185	0	3.01042	4.51044	5.00918	1.50625	0.502185	1.00429	1.00429	2.50938	2.00797	1.50625	3.01042	2.00797	0.502185	2.50938	1.50625	1.00429	2.50938	0.502185	4.01102	2.50938	6.0043	6.50054	4.51044	2.00797	0.502185	1.00429	1.50625	1.50625	2.50938	0.502185	2.50938	2.00797	4.01102	1.00429	0.502185	0	1.00429	2.00797	2.50938	1.00429	0.502185	2.00797	4.51044	0.502185	3.01042	0.502185	2.50938	1.00429	0.502185	1.50625	1.50625	1.50625	3.51099	4.01102	1.00429	2.00797	2.00797	2.50938	1.00429	3.01042	4.51044	1.50625	4.51044	7.98311	13.789	7.98311	3.51099	9.94293	11.3978	8.47501	3.01042	4.01102	0.502185	4.51044	6.0043	4.01102	1.50625	2.00797	0.502185	1.50625	5.50716	6.0043	2.50938	0	2.50938	0.502185	2.00797	0.502185	0.502185	1.50625	2.50938	2.50938	0.502185	2.00797	0.502185	1.50625	1.00429	0.502185	1.00429	3.01042	2.50938	1.50625	1.50625	2.00797	0.502185	1.00429	4.51044	2.50938	0	2.00797	2.00797
0	0	0	0	0	0	4.92076	6.70638	2.1589	3.56829	2.07721	0.956027	0.753188	0.177542	2.12953	2.06964	0.502141	2.30681	2.36734	4.572	3.68923	1.28004	0.177542	0.753188	0.251089	1.38635	1.50612	1.07981	1.5166	1.12275	0.710135	0.887644	0.90521	0.561413	1.29229	1.42005	0.731998	1.13665	2.95222	4.64998	5.03678	3.37407	3.80632	2.27241	0.956027	4.09191	4.97137	3.51086	2.63754	1.03516	3.79393	1.25523	0.532613	3.65508	2.36734	1.88667	3.36471	0.793962	3.01015	1.58762	3.54632	3.21209	2.24465	1.46372	1.13665	2.75971	4.64993	1.77482	0.887621	0.561413	0.905229	2.22354	3.55073	3.41104	1.3519	0.731998	0.177542	2.22344	2.46504	3.88792	4.26787	6.50002	1.2801	5.26378	5.6875	3.72735	1.29233	1.46372	1.7837	1.1908	2.58328	1.42005	3.88777	6.48573	4.48588	3.63807	2.30685	0.355081	0.710135	0.502168	1.07981	0.887644	1.07981	1.68381	1.29229	0.502141	3.96361	7.51618	5.51244	4.83761	4.68009	1.96025	3.09757	1.29233	6.33824	4.72663	2.63757	1.19085	2.27241	3.01015	1.06513	1.80997	1.46372	0.887621	0.905229	1.7837	0.731979	1.03511	2.13685	0.355081	1.42005	1.63646	2.13692	1.77491	1.95222	2.52166	1.03516	0.251075	2.1661	1.43111	2.6613	3.44315	3.93586	2.06964	1.43111	2.41336	5.14695	4.08033	2.61962	2.68476	0.532613	1.13665	2.1661	1.98418	2.19504	3.73993	3.19737	1.25525	2.31356	1.67442	1.07981	2.47131	1.25523	3.80632	2.83836	4.76933	5.46698	5.37509	3.03618	1.5166	1.60731	1.95222	1.42005	2.70799	1.25525	3.03618	2.30681	2.75971	2.25864	3.29892	2.80503	1.25525	1.25521	3.19733	2.00779	1.29233	2.70799	4.04178	2.68476	4.25689	2.86048	3.58592	3.26062	2.02351	0.731979	1.51655	1.82726	2.80491	4.44384	3.51086	1.46376	1.88658	2.31356	1.3519	3.14287	3.5196	0.887621	3.81866	6.57579	12.2199	9.44942	0.710135	9.62783	14.0825	11.2409	3.5196	3.26048	0.561431	3.49726	5.9857	5.28154	2.02349	2.02343	0.887644	2.07714	5.20718	5.26373	2.77675	0.532613	2.27241	0.731979	1.63638	0.532613	0.251075	1.52688	2.66116	2.5588	0	2.22344	0.905229	1.68381	0.90521	0.251075	1.03511	3.02057	2.80489	1.68381	2.02343	2.36734	1.5166	2.1589	4.44374	2.80491	1.03516	1.52688	1.91966
0	0	0	0	0	0	2.50896	6.02404	4.65972	1.51646	4.61942	3.81845	1.25511	0.396965	0.532562	1.91958	2.58311	2.80463	2.00758	3.81827	4.64951	0.561356	1.27999	1.29221	0.73193	0.793847	1.60716	2.13678	2.02333	1.19074	1.03506	1.29221	0.95594	0.90512	0.793847	0.905145	1.46362	1.78355	2.71363	4.55463	6.38654	5.76041	6.19921	4.43284	3.19714	4.28589	6.33793	5.54026	4.0762	1.96006	2.3869	1.2799	0.753109	2.47106	2.63731	2.27233	1.51639	0.95594	3.56792	2.50896	3.38765	3.19708	1.88651	0.640073	0.95594	3.48347	3.83461	1.29216	1.29221	1.29221	1.3862	1.74793	3.92364	5.59611	4.35826	1.85274	1.85281	2.84361	2.36718	3.99872	6.04984	8.59216	7.54022	1.27999	4.78534	6.43499	6.66903	5.42954	3.3691	0.731906	1.46362	3.25534	2.27233	6.89904	5.32526	3.83486	2.58311	1.63624	1.00417	1.63632	0.887588	0.640073	1.77475	2.75387	2.75387	2.31338	1.85281	7.11087	9.74762	8.66107	6.03685	4.28589	3.7564	1.50606	4.87249	5.07036	4.37617	3.26033	3.61597	3.09726	1.25508	1.68364	1.68364	1.58739	0.177525	0.95594	1.80984	0.251067	2.06932	1.07971	2.06945	3.44289	3.34585	2.66106	1.75693	0.793847	1.1226	2.50901	0.887588	3.3877	5.31361	5.70627	4.60584	3.29863	3.81845	2.55869	4.04136	3.82662	4.26029	5.00844	3.0308	0.793891	1.3862	1.25511	1.91958	3.58551	3.3691	2.54019	1.59732	1.91945	0.905145	2.24444	3.17252	4.70626	3.05128	3.92364	6.38654	7.03205	4.09156	3.65495	4.13352	4.37617	4.53753	5.1102	4.71646	5.77667	5.01479	2.27233	1.77463	1.50606	2.66106	3.59003	3.40626	3.37374	3.197	1.63629	3.7269	4.15214	2.88736	3.73948	2.41326	3.7271	4.1486	3.42459	2.66106	1.3863	1.25511	2.80475	3.36451	3.03593	1.46357	1.25511	2.86016	2.38707	2.31338	1.25511	2.27233	0.640073	4.64951	7.10838	10.8865	8.11156	2.31341	14.77	15.2258	6.38646	4.09156	2.38046	0.640031	4.63611	6.40342	3.05148	1.80984	1.29221	2.41314	3.51923	4.42922	3.96322	1.78355	1.74784	0.502088	0.793847	0.640073	1.80979	2.75387	1.80979	2.22321	0.793891	1.7568	0.532562	2.0233	1.52682	0.56138	1.13653	2.88736	3.1375	2.06932	2.75377	1.60713	1.46357	3.55039	4.08003	2.50896	1.27999	1.80984	2.13669
0	0	0	0	0	0	0.355013	2.13651	5.49726	5.66451	1.78336	2.7133	3.34534	1.12254	1.95989	1.35159	1.77456	4.43239	4.04105	1.07961	4.79462	4.42894	3.63738	3.44253	3.05116	2.66078	2.46457	1.35164	0.793776	0.355013	0.561323	0.561323	0.355013	1.03491	1.13643	0.396924	0.502044	0.887473	1.52666	2.58285	4.60528	5.45186	7.29219	7.06878	4.38643	2.88726	3.56775	4.96099	5.18227	3.75601	3.81806	3.42424	2.66078	1.58731	0.887473	1.07961	1.43086	2.47092	2.88716	1.43079	3.0356	3.21143	1.27985	0.177508	1.24237	2.31312	2.15845	2.30641	1.91115	1.68354	2.66072	2.66072	0.639975	2.47092	4.48142	4.92298	2.15848	3.09698	0.793809	4.04877	1.52666	5.09749	7.98499	7.51488	3.15733	0.640006	3.8872	6.87158	7.29219	4.48502	2.38682	4.48142	3.01486	5.14608	5.16125	3.88717	4.21179	4.5267	5.1704	4.13309	2.80437	1.07961	1.35164	2.22311	3.19682	3.90318	4.31078	0.561305	5.84816	10.7703	7.93868	5.28073	4.22666	2.48988	2.53985	3.03563	3.03563	2.97296	4.63568	4.3433	1.58731	1.80962	1.85263	3.03049	3.38744	3.00973	1.35164	1.00401	1.24237	2.13651	2.30632	1.38608	0.731856	0.396924	0.561305	1.63612	2.48989	0.396907	4.43241	6.21117	4.83687	4.13309	3.26963	2.90893	3.6887	3.65452	0.396924	2.93578	2.0231	2.92497	3.36417	3.65026	3.26	2.77068	2.31323	3.80559	1.85257	1.80966	1.5059	2.53985	1.88631	2.80449	3.33139	6.33705	5.66438	2.71336	5.84018	7.9849	5.98475	4.04892	2.33349	2.52131	5.88004	7.96971	8.84888	11.0391	12.0717	11.2752	11.2274	9.85658	5.88001	1.58725	2.80449	3.25519	1.46344	1.35164	3.98252	5.78391	4.6794	7.87467	6.01582	2.19461	1.41978	2.8654	3.76022	4.12171	2.84334	0.561305	1.88621	2.66065	1.75665	0.177508	1.43079	0.355013	1.07961	1.50583	0.887473	4.28526	6.89168	5.94572	4.31438	8.26227	4.20048	11.2268	14.3441	10.4414	9.98015	7.75671	4.09116	2.92497	3.63719	2.31323	3.02014	2.90893	2.75359	1.29205	2.93566	3.87089	3.10217	3.49675	2.14389	0.955808	1.25498	4.51618	2.55843	1.27979	2.19461	2.06924	0.731856	1.77447	1.25501	1.95184	1.12254	1.63609	2.58278	3.58518	3.70128	3.0148	1.25501	2.63695	4.38621	1.38608	1.80966	1.43083	1.38608	1.74768
0	0	0	0	0	0	0	0.177491	2.48963	5.49678	6.2503	1.29196	4.76463	1.12239	1.43064	2.16546	1.12239	2.63665	4.57065	1.38594	2.30614	4.04471	5.00761	4.50903	3.4056	2.4707	1.78318	2.27173	1.43067	0.731765	0.501992	0	0.177491	0.752963	1.52643	0.177491	0.731789	0.639949	0.639908	0.904946	2.36665	2.84308	4.65873	5.00738	3.03535	1.51617	1.27974	3.87051	4.68878	3.3311	3.01466	2.6368	2.25801	2.1656	1.77441	1.12244	1.12239	1.5161	1.35145	0.532459	2.12892	3.44207	1.4307	1.00391	0.639908	1.60685	1.85246	1.77435	1.46329	0.887387	1.60682	2.53959	2.58252	0.793738	5.69663	5.94223	0.501992	2.88681	1.91909	4.43889	3.17173	1.19045	3.25471	5.32405	4.07927	3.14207	3.14195	2.02294	6.9089	6.07667	2.4128	3.87051	2.58252	2.85956	4.25198	3.81772	4.04079	3.76821	3.65425	4.09066	4.76463	1.0795	0.639908	0.70993	1.59701	2.97257	3.87051	3.41005	0.639908	8.35729	7.53847	2.4128	3.23544	3.49176	1.63592	1.98357	1.91089	1.46329	3.68814	3.72618	1.52653	1.95968	1.636	2.4128	2.52109	2.02284	2.22278	0	1.58717	2.50853	3.44207	2.48963	1.41964	0.70993	0.177491	2.53956	0.396888	3.387	6.05366	4.60484	2.24401	1.51617	1.38603	1.636	1.35152	3.51856	2.52092	1.0348	2.25785	1.91909	0.731789	2.66055	3.70105	2.90868	2.71311	4.83294	1.7475	0.731765	0.887417	2.75324	1.91098	1.91098	1.9836	5.94486	6.65116	5.42827	2.30609	5.87932	5.33586	5.22657	2.30609	2.16546	5.9318	5.13652	6.59763	8.15169	8.939	9.21255	9.22578	9.62528	8.57247	5.06924	2.75324	0.561272	0.887387	1.58717	4.38226	5.85539	2.58261	4.91007	7.24054	5.37352	1.0348	1.52653	1.52653	2.19441	4.55361	1.60682	2.31288	2.61873	1.82671	2.02284	2.41277	2.07653	1.29192	2.15823	1.58717	6.79599	8.63808	5.69698	5.98427	7.66004	5.10905	8.75916	10.9021	5.79429	7.20437	8.94373	5.87923	3.4828	1.95165	2.24392	2.50859	2.4128	2.22291	1.77441	1.85239	2.31288	2.1437	2.52109	2.88687	2.27173	2.58252	4.28118	0.95571	2.90848	0.793738	1.46334	1.46334	1.98357	0.561248	1.67392	0.70993	1.58708	1.63592	2.71303	4.51567	3.25954	1.03486	3.29778	4.78424	1.2549	1.82682	2.53959	1.9836	2.19434
0	0	0	0	0	0	0	0	0.39683	2.07634	5.87873	3.65384	3.3447	1.46316	1.13621	2.38623	1.63577	2.36643	4.3747	3.01428	1.19039	0.250979	0.250992	0.532408	1.0794	1.68316	2.02265	3.03501	2.63653	1.82663	1.19039	0.731715	0.39683	0.532408	0.955623	1.63583	2.52082	2.52082	1.38589	0.887279	1.38581	1.50553	2.77568	4.1094	4.07503	2.50828	1.27961	3.09638	3.53162	2.37975	2.27165	1.43058	0.561197	0.561197	0.250979	0.396847	0.793623	1.38581	1.03471	0.752897	1.03471	2.52069	1.63577	1.91072	0.354944	0.354944	1.12229	1.58694	1.51596	0.904862	1.03471	1.91892	2.55781	0.731715	5.51022	5.06255	0.955658	2.41243	2.80381	3.48248	4.4421	2.27165	2.68369	3.88627	2.13603	1.63581	4.38186	3.23514	3.01422	6.42332	3.75943	1.43052	2.83727	0.793656	2.15803	2.53941	3.0608	2.22268	1.12229	4.50832	4.75112	2.37975	1.80931	1.46316	0.354944	2.48941	4.07886	4.13595	3.36342	6.12684	7.10203	1.91901	3.54937	4.45969	4.4422	4.26627	2.84281	2.30592	3.70057	3.61494	1.91078	2.12871	1.13627	0.752897	1.43056	2.37965	1.80927	2.07641	1.35138	1.68316	2.75299	2.92448	3.19616	0.887302	0.709862	2.06874	1.63581	2.52069	4.86154	4.43154	1.95146	0.709862	0.639882	1.03476	1.60669	4.35679	2.92441	1.98339	2.95108	2.07634	1.63577	1.06472	2.53933	1.51602	0.793623	4.83251	2.86475	0.709862	0.532408	1.91892	1.41951	1.19039	1.68316	3.98173	5.39036	6.26454	2.85938	1.41951	5.45081	9.11349	9.79925	9.61818	8.88834	5.5861	5.38175	3.01422	2.9723	3.56258	2.24378	4.35679	8.99231	11.0545	12.6441	11.7449	7.03248	2.41255	3.00899	4.60431	3.21085	1.78301	5.16011	7.48858	2.5082	0.639882	1.03476	1.88595	4.61792	4.26623	1.59686	2.52069	1.88585	2.46398	1.59686	2.55781	1.63575	1.43052	0.354944	7.37252	9.12487	3.02981	1.46319	3.02981	5.32373	8.88821	9.92011	4.31003	4.83266	7.81219	5.51022	3.10143	0.731697	3.02981	2.00713	1.38589	0.904862	0.39683	0.731697	1.82663	2.63653	1.43056	2.90822	2.77568	3.01947	4.44213	3.49608	3.37277	1.7564	1.82663	2.14347	1.19039	0.396847	0.561215	2.02273	2.68373	2.19419	2.6602	4.68835	4.45969	3.19623	4.26623	5.32069	3.05058	1.78301	2.31267	1.60667	2.36643
0	0	0	0	0	0	0	0	0.177457	1.07932	3.78813	5.26147	2.8037	0.56114	1.12222	2.70667	1.6736	2.13581	2.95077	2.50805	2.84254	1.51581	0.25097	0.396812	0.904796	1.78286	2.47022	3.64924	4.09004	2.15787	0.396812	0.731624	1.0346	0.56114	0.396789	2.12851	2.8037	3.40495	3.40953	3.19591	2.84254	2.19392	1.9833	4.35658	6.31589	6.17447	5.10527	5.27916	5.27916	4.53578	4.26599	3.14146	2.06853	0.532357	0.752818	0.887216	0.793585	0.752818	1.12217	0.35491	1.00371	1.6736	1.4304	2.30564	0.955526	0.177457	0.639784	1.41937	1.98327	1.95933	1.5967	2.02245	2.70088	0.955572	4.13544	4.08988	3.26872	3.8699	2.837	2.15787	4.08999	3.14146	1.98322	2.63614	1.51588	2.5206	4.93129	6.72641	3.38635	4.28058	7.59411	2.71251	1.80909	1.80914	0.396812	1.43042	2.19399	2.50805	2.93479	3.49556	3.56228	4.22548	4.37446	3.98153	3.1713	1.35126	2.19392	4.53897	4.04369	3.36308	7.29012	7.27761	7.10606	7.29663	7.34081	7.09723	4.79329	3.19583	3.36308	3.31143	2.14328	3.58421	3.29736	3.23482	1.6736	1.27941	0.887246	1.98327	2.27145	3.09622	4.13193	4.7673	5.13249	3.31143	1.00371	0.501895	0.56114	1.00378	3.61468	5.66291	4.68801	3.34456	2.88645	2.8037	2.31258	4.44158	2.92411	3.25892	3.68743	2.55754	1.91061	2.33282	2.30564	1.80909	1.68299	3.23489	6.00374	5.06236	4.50816	3.98156	3.34456	2.41234	2.31258	3.91409	6.20672	4.65794	6.67809	7.59436	4.37449	1.88578	5.79327	5.49588	1.43045	5.06236	9.36303	10.7942	10.8924	9.68018	9.77212	8.39275	3.89012	0.887216	7.53737	12.6931	13.2955	7.89589	4.92185	3.19093	2.92411	4.80947	5.70396	9.55362	5.96484	3.88608	2.12851	1.38567	2.68343	4.81589	1.35126	2.55754	1.13609	1.78286	2.61838	2.92421	2.31252	2.14328	1.8521	6.74901	9.50089	5.00943	2.50811	2.86445	6.51865	9.96358	9.16414	5.41306	5.45031	5.03435	2.95077	2.48915	2.84254	4.46988	4.71465	3.42327	2.50805	1.03467	1.51588	3.75495	3.88611	3.54905	3.37244	3.65351	4.67809	5.39008	4.88369	4.76727	4.78365	5.27925	5.51002	4.93129	2.63629	1.80914	1.07932	1.58678	1.43042	2.31252	3.73813	3.73818	3.06051	3.54902	4.43114	3.73818	3.06044	2.53918	3.29736	4.4418
0	0	0	0	0	0	0	0	0	0	0.354876	1.95109	3.40908	1.8262	0.955474	2.06834	1.12207	2.63593	2.41199	0.17744	2.46988	2.95051	0	0	0.17744	0.731574	1.27936	1.63552	3.25862	3.2586	0.752792	0.250943	1.19011	1.13599	1.03451	2.38577	1.2793	0.887153	1.98309	3.02933	3.96133	2.8642	1.2545	1.63552	3.26832	4.38113	4.14659	4.44128	4.25442	2.37929	2.06844	3.653	3.51757	0.17744	1.00362	1.2793	0.501877	0.17744	1.03451	0.250943	1.03451	1.38555	1.00362	2.13562	1.38555	0.731556	0.396771	0.501877	1.41923	1.80892	1.63546	1.98301	2.55732	0.79347	2.90766	2.63593	2.63602	3.25874	1.52608	0.752752	1.526	2.80327	0.561106	2.31227	1.52608	1.29158	2.37929	5.14414	7.82644	3.13602	7.4211	4.99655	1.12211	0.793503	2.30548	1.03456	0.887131	1.38555	3.29685	2.77515	1.46291	1.91864	3.06021	3.31121	3.49091	3.78775	1.67353	4.53508	4.15018	1.74708	4.61717	5.6953	5.10773	3.98113	4.25442	6.1736	4.75021	3.54419	3.2682	2.65963	0.250943	3.653	2.22225	4.53856	2.50776	1.80892	0.396754	2.02224	1.60636	2.16496	2.63605	2.84226	4.91793	4.13131	2.06834	0.709725	1.13605	0.904706	1.03451	3.09579	3.54428	3.02933	2.27121	1.77388	1.12211	3.7669	2.50772	2.70643	4.19887	4.15018	0.887153	2.19372	0.501851	2.90766	2.31223	2.80329	4.59679	4.6776	4.15039	4.32375	4.26554	3.8166	3.00857	3.78768	6.8956	0.793503	4.68754	8.34802	10.3023	7.42958	4.1315	4.03966	7.44408	11.1749	12.0672	11.6345	9.33449	7.29587	8.3754	9.94302	10.5266	9.98702	12.2676	1.63546	10.7144	6.24862	5.00922	4.03966	5.3197	6.01339	4.78302	7.92005	5.96424	5.50933	4.10861	2.66558	1.63549	4.03945	1.13599	2.52021	0.250943	0.904706	1.4303	2.24335	1.85191	1.63552	2.75246	4.42706	9.98654	8.34759	1.46291	6.62125	4.5144	6.59556	4.98408	2.70064	3.34406	1.98301	0.731556	1.43026	4.37386	3.19561	3.72101	2.66558	2.71226	1.43026	2.24328	3.31112	1.68289	3.14105	2.84224	2.50785	2.92392	2.68318	1.52608	3.0137	3.36288	3.54437	3.50884	4.77977	3.72522	1.03456	2.41199	1.85191	0.752792	1.13599	2.76948	2.4635	2.22216	2.16485	2.52021	3.13602	2.22216	1.67353	2.27121	3.01377
0	0	0	0	0	0	0	0	0	0	0	0.396719	2.46967	3.36719	2.85858	2.84199	1.43011	2.15743	2.85853	2.06826	2.77491	3.63547	0	0	0	0	0	0	2.85845	3.99635	2.52012	2.31214	2.36582	2.33235	1.24178	2.02206	1.25437	1.43018	1.63537	2.02214	3.56592	2.90741	1.03442	1.03442	1.52587	2.77491	1.98286	2.02206	3.48151	2.31209	1.29147	3.96093	4.2796	1.27925	0.887053	1.52587	0.561057	0.904626	0.904608	0.396719	1.19001	2.02206	1.78251	1.98286	0.532259	1.91025	1.50519	1.12201	1.58656	2.50754	1.8517	1.98286	2.97147	1.63535	2.07576	1.52587	1.03442	2.02216	2.14287	0.73151	0.7934	2.53865	2.14287	1.60624	0.904626	1.03442	1.75582	3.8892	8.35604	4.56897	5.85588	5.75702	2.77502	2.31207	1.68269	0.250908	1.0791	0.709663	2.24308	3.19034	2.19358	0.904626	1.29144	1.80877	1.41911	2.48872	3.90143	6.37077	4.96808	2.24315	0.501807	2.37898	2.06816	2.63579	4.86018	6.72493	4.8344	4.45839	4.83131	5.53709	5.88788	4.59639	1.95895	3.65268	3.42263	4.37363	4.5692	3.40888	1.0791	0.396736	0.396736	2.00646	4.35557	4.59627	3.40878	1.9829	1.19006	0.752726	1.60622	1.8517	1.50511	2.13543	1.95897	2.02216	0.639703	3.54388	2.00646	2.53862	4.35557	3.63547	1.63537	2.12812	1.29147	3.44079	2.85853	4.2796	1.78251	1.95092	1.67339	1.19006	0.396719	1.52587	0.752726	4.39837	7.60874	0.532259	5.50303	2.53862	6.20563	7.44344	7.83002	7.99295	7.65732	6.56442	1.07911	1.60622	1.9829	3.19531	3.6527	1.51554	1.60622	2.68294	13.6174	7.0543	7.28869	9.28141	8.13731	3.54838	3.32969	4.60303	1.78251	6.99524	8.02733	7.93303	6.05141	3.54839	2.02216	3.4225	1.06443	2.24308	1.43018	1.25439	1.43014	1.41911	0.396719	1.03447	2.16466	1.98284	9.12907	11.4313	1.63529	7.23782	8.67217	9.34795	5.07038	2.2709	3.00815	1.43014	1.3855	1.12201	3.93318	2.07576	2.85845	2.77491	2.31203	1.74692	3.72068	3.01863	1.82612	3.44086	3.99644	3.29673	4.19869	5.55109	4.71375	2.46975	1.98284	1.00359	1.3855	3.8892	3.51726	1.52587	2.31203	1.52594	1.3855	1.46275	2.85845	2.7004	2.37898	1.98284	2.31207	3.72068	3.23429	2.65953	3.19533	2.86405
0	0	0	0	0	0	0	0	0	0	0	0.177406	1.25426	2.63552	3.02875	3.86866	3.15535	1.27911	2.58136	2.06804	3.9802	3.88475	0	0	0	0	0	0	1.46259	3.01312	2.6176	2.31189	2.66508	2.97116	1.079	1.03431	0.752647	1.38535	1.67321	2.02193	2.41152	2.65911	1.03431	2.02185	2.51972	3.9802	1.43001	0.250895	2.66507	3.05957	1.43001	3.4901	4.27915	1.46263	0.639636	1.52571	0.904513	0.904531	0.560998	1.13578	1.42996	3.01824	2.41152	1.43001	1.91818	1.77354	1.80861	1.12189	1.5864	3.36213	2.07554	1.43001	3.19487	1.51543	1.079	0.560981	1.03431	2.36557	2.14265	1.07898	0.354808	1.43003	2.36557	1.25428	0.904531	2.02185	1.25422	5.3477	7.87183	3.58742	3.31049	5.35361	3.72029	2.71174	0.904531	0.752607	1.74667	0.709588	1.00348	2.85823	3.03385	1.68251	0.731433	1.80858	1.41896	1.88522	4.31203	6.05085	4.14579	2.24292	2.50723	1.90998	0.501781	2.46314	5.70764	7.68233	3.92086	3.7245	4.20938	5.25997	5.87671	4.19825	3.72442	1.78234	3.13558	4.19825	4.51374	3.82403	1.51538	0.532203	0.532203	1.00343	2.75193	4.59579	3.82394	2.13527	1.59624	0.752647	2.02187	1.24165	0.501754	3.38531	3.14045	2.14265	2.46303	3.54351	1.00343	3.25317	4.59235	0.886937	1.74674	1.5864	1.43001	2.48846	2.58136	3.36213	1.59624	1.78234	1.6352	1.43001	1.13578	0.560981	0.752647	5.14301	7.85426	0.396694	6.49501	3.25317	3.90092	5.88461	7.92272	7.99212	6.18523	3.36684	0.886982	2.02187	1.74674	3.58317	1.91827	1.2913	1.25426	2.13527	11.759	11.6176	4.83408	8.98061	10.889	8.19804	1.78232	5.06679	4.04256	5.75123	8.50058	9.62055	7.2752	4.08876	2.02195	2.75193	0.79335	1.41896	1.38535	1.60605	1.63514	1.41896	2.13521	1.03436	0.532203	0.731433	6.64802	13.2682	6.86736	5.06086	9.3211	12.4281	7.72817	2.76894	2.00625	0.95529	1.43003	1.12189	1.74667	3.73699	1.46259	3.9802	1.82585	1.98269	3.90092	2.14265	1.82593	2.95009	4.13443	3.29639	4.01559	5.31001	5.32166	3.01833	1.74667	1.41896	1.43003	4.37299	4.51351	1.52571	0.904513	1.52578	1.51543	1.90998	2.37874	2.70012	2.85815	1.74667	1.52578	3.23395	3.72029	2.86375	3.25332	3.54802
0	0	0	0	0	0	0	0	0	0	0	0	0	0.396643	1.29119	3.652	4.77844	3.48993	1.5049	0.793247	4.50619	4.00724	0	0	0	0	0	0	0.396643	1.35069	1.29119	0.354777	1.74652	2.5195	0.250873	0.532156	1.06422	1.279	1.0034	0.396643	1.60591	2.68243	1.58626	1.63497	2.5195	3.80306	2.16435	2.14246	2.31164	3.44013	2.24272	3.54769	4.83031	2.84146	1.29119	1.38516	1.25411	0.560949	0.560932	1.82569	1.5961	3.88444	2.80251	1.29122	1.58619	2.00618	1.80845	1.279	1.78219	2.65888	2.06777	0.731351	2.41131	2.50715	3.13531	3.13531	2.07543	1.03422	1.60591	1.18978	0.17739	0.560949	0.532156	2.27058	1.85139	3.01798	0.904434	6.3718	7.49943	2.7687	1.27894	3.83173	3.56523	2.80251	1.13568	2.65895	3.58285	3.09504	2.65895	0.639549	2.80251	2.7115	0.955206	1.46246	1.4625	2.5071	3.2093	2.00607	2.16435	3.05935	3.14018	1.51525	1.12179	2.13507	3.90048	7.7335	4.63261	3.03362	2.94983	2.75749	1.68242	2.86339	4.28249	3.75772	3.25786	2.8026	1.63503	3.65195	3.29593	2.46293	3.00773	2.13513	1.60593	2.90685	3.652	2.66485	2.30483	1.18983	1.52557	0.639549	0.709526	3.5432	2.69988	3.09502	4.60561	2.3319	2.53821	5.8443	5.48516	3.19472	2.97099	1.9181	2.06786	3.02848	3.09504	3.73673	1.58626	1.41883	1.0034	1.80842	1.80842	0.886904	1.03427	5.49351	7.36907	0.17739	6.40088	4.07684	0.955206	2.69998	3.09502	1.95859	1.35069	0.25086	0.639549	1.42986	1.78219	1.38516	2.66485	3.25783	2.75749	1.25417	8.36727	13.1919	11.6312	9.1809	6.08592	9.58971	6.04531	4.25323	5.0293	3.16995	3.61324	9.7261	8.7404	3.97987	1.5153	1.51525	0.17739	0.560932	0.396643	1.46246	1.46246	0.639549	3.01798	0.17739	2.12771	2.9231	3.01279	12.5405	11.0313	2.50701	7.61536	12.5968	8.4563	4.08841	2.83593	1.5049	2.58113	3.17009	1.98254	5.00759	2.85803	6.13417	3.01807	2.13507	2.27046	0.396643	1.85134	1.279	4.03832	3.49443	4.95781	4.67298	4.80773	2.66483	2.31158	0.904434	1.25413	4.07684	4.28605	2.02175	2.38523	1.88506	1.635	1.90981	2.13507	3.01286	3.90058	3.19469	3.49443	4.28261	5.44825	4.07704	2.65902	3.5828
0	0	0	0	0	0	0	0	0	0	0	0	0	0.177373	0.731302	2.36515	4.3724	5.45921	4.98555	3.63464	3.86794	3.25734	0.560898	0.177373	0	0	0	0	0.177373	0.886797	1.59595	1.63483	1.42969	1.8255	0.955074	0.396624	0.904344	0.731278	0.793165	1.07878	1.68226	2.488	1.46237	0.560898	1.98228	1.58603	2.4112	2.7686	2.85771	3.3848	3.79055	5.0661	6.4198	5.50721	2.75141	0.639482	1.58603	0.639482	1.52541	1.88476	0.560898	3.48049	3.58252	2.97072	1.88476	2.0216	2.0216	2.0216	2.85778	3.02821	2.13488	0.177373	2.13495	3.40334	2.7686	2.06768	1.46237	1.03411	2.6646	3.1698	3.38489	2.94957	2.37841	1.67292	3.65157	3.25738	0.250834	7.05877	7.44309	1.91781	2.5379	4.3075	3.58244	2.5379	1.8255	3.15475	3.02807	2.65878	4.42905	2.30461	1.25403	3.48061	3.83158	3.88828	4.13378	4.6019	2.70556	0.752462	2.5809	3.75318	2.53801	0.886797	0.177373	1.58603	1.07878	6.01114	7.53989	6.24392	5.27677	4.27857	3.23336	3.30998	4.43971	3.97969	2.53798	2.51924	3.78624	4.78123	4.48153	2.85771	2.22144	1.91793	1.25406	0.886767	2.75141	2.68216	2.31143	2.22144	1.98236	1.03418	0.955074	2.88489	1.77311	2.14216	3.40772	1.38511	3.5296	4.67229	3.65164	2.14227	2.71123	1.24142	1.85122	3.43988	3.83158	5.35272	3.68593	3.97965	4.91954	5.39911	5.22341	4.37243	2.46271	4.26368	6.27324	1.68226	4.88105	5.1299	3.19432	4.20864	3.29581	3.18942	2.50686	1.77323	0.886826	0.354742	0.793165	1.59595	5.30598	5.06918	4.56792	3.7573	2.84119	10.6476	14.2604	15.3525	10.1572	3.19444	10.817	10.0738	5.14238	3.01248	2.88503	9.73942	13.9266	8.62554	3.48962	1.67292	1.51509	1.52551	1.46237	1.07881	1.07878	1.13563	2.06755	1.25403	2.75141	2.14227	1.63492	9.28318	13.7211	4.98527	8.1347	12.1211	10.5239	7.99251	6.04976	3.26717	3.09473	2.30461	2.07515	6.18125	6.01117	8.87657	8.35403	4.22349	2.15685	2.53798	3.3848	2.13486	6.26582	2.24242	1.18972	1.67292	1.68219	1.18972	3.09463	0.886797	2.2213	2.38485	3.30998	5.13026	4.37243	2.68221	2.15685	2.93357	3.83158	5.10286	6.49415	6.00875	5.10286	5.75563	7.8298	7.3416	4.64573	3.88404
0	0	0	0	0	0	0	0	0	0	0	0	0	0	0	0.177356	0.731229	2.07503	3.72353	4.22305	2.61687	1.27869	1.51501	1.12157	0.560841	0.177356	0	0	0	0.177356	0.886711	1.95821	2.53767	2.38465	1.78183	1.03407	0.250812	1.12157	0.904278	1.03402	0.904278	1.51495	1.74618	1.46218	1.46218	0.639457	1.18955	0.250825	1.63466	1.41856	1.63474	2.37817	4.77752	6.88582	6.63477	6.39998	4.38269	2.02139	2.13466	3.04855	4.26353	3.32854	2.3112	2.68191	3.16934	0.396566	0.177356	0.73121	1.51501	2.69946	2.41094	2.1273	1.78183	1.38496	1.35048	1.42961	0.886711	1.51495	3.63407	3.72345	4.13335	4.14463	1.85104	2.31118	4.64512	1.13546	3.56025	7.91635	6.72239	0.250812	5.78976	5.55171	4.25615	3.0279	0.731229	3.20872	5.2049	3.88385	2.68191	2.76817	0.793095	1.12157	2.02139	2.85748	3.01756	2.22121	1.67266	1.77295	2.38465	2.69936	1.77304	1.2413	0.560823	1.52535	2.15663	1.13552	5.44721	6.26058	4.16716	3.36119	2.36486	1.80811	1.773	2.75682	4.85832	7.09322	7.19674	5.36963	2.71103	1.38496	2.6348	1.27875	0.354708	0.709389	1.27869	1.95017	2.53772	2.06746	2.02139	1.74625	0.955022	2.13461	2.07496	0.886689	2.92246	1.75524	1.35043	4.77752	5.55171	4.14844	2.58064	0.396583	1.78183	2.06737	1.46222	4.43575	7.12154	7.82899	7.19898	6.38062	4.13335	3.40742	2.46872	3.48017	5.53758	3.64714	4.25241	4.71171	3.89974	1.68204	0.886734	1.29094	2.53772	2.07503	1.41856	1.35043	1.63472	1.38489	4.53642	3.16948	2.80208	3.48017	2.88469	2.50662	2.50662	4.92847	12.1006	13.3485	8.21665	5.77115	1.88469	4.10668	5.13261	5.5518	13.6266	15.1672	9.97176	7.20748	5.48127	2.16393	0.731229	0.560841	0.90426	0	1.38496	2.24229	1.46218	1.42959	3.26683	6.6994	13.8927	7.35931	5.55171	11.737	10.8695	8.39512	8.53943	5.94068	3.50718	3.19403	3.83118	6.30477	4.64507	1.91764	4.95673	5.94065	6.46729	5.16599	1.52535	3.32841	4.3539	6.51256	8.83454	8.52347	7.34085	5.25259	3.42131	2.50662	3.73595	0.904278	4.16716	5.90666	6.21341	4.98184	3.25241	3.04855	2.90644	2.88479	4.04546	4.93477	3.93187	4.43926	4.20821	4.13321	4.52262	4.19689
0	0	0	0	0	0	0	0	0	0	0	0	0	0	0	0	0	0	0.354674	1.06391	1.29081	0.560767	1.0786	1.24118	0.904169	0.396525	0	0	0	0	0.177339	0.731137	2.90599	3.89933	2.15638	1.12147	1.27856	0.177339	0.250785	0.75237	1.35036	1.24118	1.67249	1.13534	1.13534	0.250785	1.07857	1.00312	0.731137	0.560767	0.177339	0.177339	2.19246	4.43877	5.55132	6.27244	5.42387	3.19373	1.63457	3.09414	3.63395	3.51579	3.65109	3.65105	1.98195	0.177339	0.396548	0.95489	1.75496	1.13534	0.354674	1.80789	2.22101	2.31104	1.0786	1.00305	0	0.6394	5.00611	5.12892	0.6394	2.41057	3.01708	3.49324	2.3844	1.29086	4.81271	7.2065	4.76388	2.88434	6.90285	2.80169	1.35029	0.639359	2.00548	1.12147	3.38415	3.99453	3.04828	2.4812	0.709321	0.709321	0.954936	0.250803	0.177339	0.396525	2.51876	1.52512	2.25592	3.63369	0.886656	2.30411	1.78165	2.75098	3.61218	2.76788	1.46208	4.03719	4.76385	3.51554	1.8844	1.27856	1.27856	3.88326	7.29137	6.59652	3.54227	1.78165	0.886596	3.02749	1.90934	1.80789	0.354674	1.27856	0.354674	1.77289	2.83511	1.41842	0.396548	0.904169	1.03398	0.560767	2.16374	3.50688	2.77371	1.03398	0.250785	1.5148	3.36557	3.01729	2.19246	2.53742	1.52522	1.42942	2.1636	3.36557	5.22241	5.02816	3.26655	2.22101	3.384	6.10195	3.03275	3.49324	3.73556	2.13453	2.6817	2.26979	3.52892	2.53749	1.58581	1.13534	1.5148	1.63449	1.25373	2.3844	0.793013	1.42945	4.08733	4.95643	4.51209	3.91953	2.30417	2.26979	2.50633	1.80794	3.18881	10.5563	13.0604	12.587	10.5205	8.36479	3.78561	2.48752	5.65917	12.1336	9.56663	7.58916	7.11196	3.65109	3.01718	1.18949	1.0786	1.60547	1.74609	1.18949	0.954936	2.97003	3.37023	3.82249	11.0552	9.90189	1.59564	8.98866	9.02411	4.68478	6.19275	5.15636	3.421	3.95923	4.81296	3.65105	1.35036	3.8996	1.88453	2.933	4.95643	3.7357	4.01384	3.25675	1.63457	5.33131	5.16554	5.70031	5.35169	3.03275	2.14186	2.84062	5.30479	0.396525	5.24882	2.92227	4.95313	5.49204	3.0172	1.25379	0.904169	0.250785	0.396548	2.75088	2.46858	3.05848	3.73556	4.71122	3.89933	2.83511
0	0	0	0	0	0	0	0	0	0	0	0	0	0	0	0	0	0	0	0.39649	1.29069	1.42933	0.886563	0.639302	0.954804	0.709253	0.501543	0.396507	0.177322	0	0	0.39649	2.46824	4.76346	3.09373	0.639333	2.24186	2.2697	1.91736	1.67242	0.886563	0.39649	1.91727	1.42931	0.709253	0.35464	1.06381	1.58565	1.88433	1.68177	1.25365	0.560715	0.954838	2.13426	1.63443	2.13426	3.78516	4.26259	2.85693	3.18851	1.88433	1.63441	1.4619	1.42929	0.560733	1.25369	1.88433	2.07463	2.31074	1.07849	0.177322	1.35017	1.35022	1.68177	0.177322	1.98175	1.25365	1.60529	5.03361	6.65417	2.50618	3.54193	3.09375	2.14155	3.01177	3.95882	5.17686	5.34519	3.51524	4.2844	7.30126	2.19226	0.886541	0.250777	1.98169	1.00296	1.00296	1.85063	0.904104	0.752252	0.177322	1.13524	0.531951	0.886518	0.39649	3.18851	5.40895	4.32088	2.8624	2.94855	0.731088	1.52499	2.19226	1.27845	4.03677	3.54184	0.639333	3.13897	5.93929	4.6743	2.65786	1.4619	0.792942	4.0057	7.98798	5.78858	2.36446	2.36446	0.904104	3.09878	0.731088	1.77261	1.00296	1.74585	1.42929	1.00296	2.90573	1.68172	0.560715	1.68177	3.09892	2.68139	2.41038	2.021	1.35017	3.1934	4.76365	6.32339	7.0506	7.27207	7.27202	5.54791	3.97851	2.76778	2.68139	4.04065	2.53716	0.886541	0.792942	1.90908	6.00931	6.24184	1.29073	3.8016	3.20807	1.58565	1.46194	2.96984	3.65058	1.77261	0.886518	1.74585	1.63437	1.98169	0.792942	2.76764	2.07463	4.37111	4.25539	2.6343	0.73107	1.07847	0.35464	2.37761	2.84037	2.63427	0.731088	2.61625	1.52499	1.29073	9.98008	12.7723	10.0393	9.45755	7.02653	5.30727	7.26326	6.66109	5.97827	2.3644	3.05812	2.07463	1.42935	1.42931	1.24106	1.3847	1.00301	3.19333	3.40677	2.71046	9.88425	10.2792	1.75481	7.51705	8.81174	4.72078	4.03682	4.68444	5.46046	4.76365	3.2662	1.90915	2.3039	1.03387	2.3644	3.40677	0.904085	5.36845	4.37096	1.63441	4.24793	3.9587	1.98175	2.36446	5.03361	3.4795	0.904104	2.51853	5.8842	2.12689	6.98002	3.13906	3.72275	5.48304	5.20391	4.11739	3.42065	2.70476	2.85693	3.61192	2.22078	1.25365	4.46623	5.0644	3.61185	2.76778
0	0	0	0	0	0	0	0	0	0	0	0	0	0	0	0	0	0	0	0.177305	0.73102	1.3501	1.42923	1.00292	0.354606	0.560682	0.639277	0.560682	0.5319	0.177305	0	0.177305	1.25355	4.25119	5.55013	4.67409	2.57991	1.06371	1.42923	0.79286	1.4618	1.07837	2.51827	0.886425	1.60516	2.8013	3.25149	2.85668	2.3106	2.30378	2.75045	1.77255	0.752225	1.52493	2.75619	3.19317	3.9584	4.98047	5.00547	4.1959	3.0477	2.92171	1.9816	1.78133	1.51458	2.07444	2.70452	3.09865	2.86214	1.51458	0.886425	2.19204	3.03217	2.88398	2.80115	1.25349	2.8565	2.68113	4.10549	6.8185	3.83011	2.68118	0.639236	2.6987	4.91765	6.09095	3.43862	2.31054	5.58068	3.49257	7.6036	2.02068	0.250737	0.886455	1.00285	1.38458	1.27839	0.639277	2.02079	1.38458	0.886485	1.4292	1.38458	1.59533	1.25352	5.4454	5.37663	3.88279	2.77318	1.25352	1.07837	2.02082	3.26585	1.91719	4.42367	3.29432	0.730996	1.4618	5.699	7.27107	5.15517	1.98152	1.82491	3.40642	6.12353	5.66627	5.27475	6.22171	6.07824	4.43451	2.88398	3.25629	3.58555	3.75174	2.61614	0.396471	2.76735	1.29061	2.92171	3.61159	3.48828	5.12811	4.98041	4.91447	6.53199	8.11871	8.89386	9.17663	8.69299	8.27744	7.72426	6.53443	6.12392	5.58927	3.93077	3.09344	2.02068	0.560659	1.38448	2.80112	5.14005	4.85691	3.58558	2.48702	1.35003	2.756	5.2033	4.92709	6.25858	2.93228	0.73102	1.63425	1.80759	2.15597	1.03378	2.25548	3.4018	2.90563	3.80143	3.19317	3.26585	2.63403	2.00523	1.63425	0.396449	1.25355	2.88378	3.65023	1.58551	0.396471	5.66632	10.9709	12.0645	11.6477	11.2719	6.47501	3.43846	9.50774	12.2614	10.59	7.8892	6.33015	5.37688	3.89885	2.6987	2.85668	3.0115	2.88384	4.51095	4.07497	8.06727	8.11271	4.04432	3.15353	7.75554	6.65349	3.20775	3.29454	4.43451	4.90494	4.46606	4.14346	4.1321	3.25632	3.30871	3.20775	2.69857	5.75302	1.80759	5.03331	6.03728	3.64612	1.85051	1.68162	4.47981	5.10388	5.50533	6.55328	8.83875	6.78931	7.94509	4.03663	4.27692	5.82829	6.56033	7.23962	7.50038	7.02592	7.33881	8.2088	7.72426	5.10091	5.14025	6.18158	5.48828	5.69922
0	0	0	0	0	0	0	0	0	0	0	0	0	0	0	0	0	0	0	0	0	0.177288	0.560625	0.886392	0.88637	0.250715	0.396414	0.177288	0.560608	0.396414	0	0	0	1.41802	3.65001	5.30649	6.0057	3.81319	1.58528	3.23175	2.1339	2.37715	2.63365	0.752146	3.05753	2.80098	2.41002	1.27826	0.95462	0.730947	1.74558	2.31029	1.13502	1.63403	1.29048	2.15577	1.98133	2.13385	2.40999	1.75456	1.42906	1.98133	1.13508	1.41802	1.07828	1.29044	1.46162	1.42906	1.29048	2.06657	1.77227	2.46139	3.32713	1.42908	3.8822	1.98137	3.58506	1.74551	2.26915	4.43386	2.57957	0.39643	1.68145	3.05753	2.66331	2.68092	3.76368	3.55888	7.4314	0.95462	7.68326	2.77277	1.07826	0.531849	0.730947	1.63409	1.77232	1.77227	1.12114	1.42908	1.03367	1.25345	1.75456	1.34996	1.42904	6.51212	5.78747	0.531849	2.25528	0.639179	2.57957	1.90878	2.48679	2.13385	5.24736	2.93202	1.60498	1.03362	2.80089	7.18093	8.01136	3.15326	1.68145	2.02053	3.58504	3.54565	3.26558	4.13176	5.34443	5.05751	3.58521	2.93214	3.40626	4.19546	3.30838	2.4099	1.38436	2.19189	3.40621	1.68145	1.52469	2.66331	5.29769	7.18122	6.79087	6.36591	5.30344	2.94813	1.82472	1.25343	1.24082	1.51442	2.30355	3.02673	2.57965	0.709116	1.74551	0.39643	1.88387	2.51805	3.36926	5.31817	5.09119	2.80101	1.52477	4.51054	6.24312	2.83981	7.28934	4.0745	0.560625	0.90393	0.88637	1.98131	0.752146	0.560608	4.51054	2.63368	1.98131	0.560608	2.46151	3.61123	2.26927	2.1631	2.14123	1.78116	3.82952	4.52089	2.31031	2.14114	0.730947	2.7501	3.01631	3.01633	4.80497	8.02103	5.37603	6.89009	10.9274	11.2494	7.58699	4.70017	4.0747	3.75549	1.63411	2.13384	2.19189	1.12114	5.52136	3.95789	3.82952	6.39492	4.96427	1.59518	6.49548	7.35651	2.00491	0.730947	1.25343	0.752107	1.42906	2.50565	3.54125	2.26927	1.85033	2.02053	2.70994	6.14323	3.2942	4.78869	2.92141	1.77232	0	0.709116	1.9169	2.65748	4.91396	6.07761	8.47696	5.00185	4.76257	1.25345	1.605	2.80089	2.19189	3.26558	4.64348	4.4235	4.74635	5.12776	6.14342	5.50464	4.42691	5.10324	3.55888	3.26553
0	0	0	0	0	0	0	0	0	0	0	0	0	0	0	0	0	0	0	0	0	0	0	0	0.79272	0.730883	0.560576	0.177272	0.396379	0.560558	0.177272	0	0	0	0	0.79272	4.5991	5.65705	4.82725	3.20721	1.27809	2.76686	2.16281	0.560576	2.40969	1.80725	2.13371	1.67195	1.06351	0.792753	0.886315	2.16281	1.77212	2.1336	1.13492	1.51424	1.95727	1.59504	1.42893	1.42895	1.80725	2.12629	1.5039	1.63395	1.18903	1.24071	1.18899	0.79272	0.709054	1.77212	2.13365	3.05727	3.7175	3.82937	3.38287	0.560576	2.40969	1.5852	3.01086	3.99293	3.43784	1.18903	0.79272	2.90492	2.46755	0.177272	6.47352	4.45459	7.96474	3.54094	5.53214	4.95442	2.13371	0.730883	1.13492	1.42889	1.68125	2.53645	1.13498	1.34984	0.531803	1.77216	1.77221	1.12104	1.18899	5.65689	5.53214	2.94787	2.70975	1.91673	2.76686	0.792753	2.48027	1.29036	4.89108	2.77253	1.68125	1.82448	1.38424	5.39576	8.62764	6.19044	3.48762	3.34106	4.377	4.33763	2.51796	1.82456	2.38365	3.73436	4.6732	4.58911	3.64542	3.02647	3.89799	4.42301	3.54103	4.0358	3.86587	3.40138	3.48762	2.767	2.65725	3.36894	0.730883	2.83958	5.13022	2.74993	0.709054	0.354541	2.37705	5.52116	6.61539	5.90389	5.53237	4.26153	3.69648	3.04711	3.78418	2.96901	1.07819	1.75431	2.88328	1.38424	0.730865	4.81088	6.74211	2.15561	7.80146	5.54616	1.27815	1.27815	1.27815	1.42889	0.396396	0.354541	4.00458	3.97721	3.01093	3.50553	2.63356	3.36431	2.37705	1.77221	2.16291	3.8981	5.06315	3.69637	1.27809	2.57935	1.77221	2.15558	2.07398	1.52456	1.2533	6.32869	9.22082	8.3493	3.38294	7.08323	8.62776	6.39696	6.4259	6.97831	4.69976	2.02041	1.24071	1.06351	6.15019	6.0997	5.92217	7.43924	6.9893	2.31015	8.42726	6.81496	1.98116	0.250693	1.38431	1.8838	1.6813	1.74543	3.4197	4.17648	3.26529	2.74993	2.93188	5.89582	2.90507	3.52761	1.60486	2.40971	1.07817	0.531803	1.12104	3.20721	4.377	3.19253	5.76817	1.25332	3.82107	2.38365	2.63353	3.36431	2.55503	2.40981	3.05732	3.01613	3.25567	2.25521	3.64956	4.35185	3.82107	5.03221	3.01606	2.70975
0	0	0	0	0	0	0	0	0	0	0	0	0	0	0	0	0	0	0	0	0	0	0	0	0.354503	0.639087	0.639087	0.560517	0.396354	0.250667	0.396354	0.396354	0.177253	0	0	0.354503	2.48633	4.74544	5.25549	3.89769	3.54057	3.19219	3.2649	2.07383	1.03342	1.00262	1.67178	1.46137	0.177253	0.792637	0.25068	1.38409	1.29019	1.68107	1.03342	0.560517	1.84997	2.57915	2.3768	2.3834	2.63326	2.6804	1.88361	1.74524	1.52447	1.51413	0.954471	0	0.730806	0.25068	2.06627	3.82076	4.61234	5.19901	4.25375	3.4376	4.12718	5.13889	5.29668	3.9926	2.50513	0.886222	1.29023	3.16752	2.46092	3.41922	8.12933	4.45417	6.35738	7.43628	0.954436	5.87163	5.15388	2.07376	1.42874	2.63317	2.33011	3.01566	1.03342	2.85579	3.43756	3.68324	1.50374	2.46092	3.03125	4.20563	3.25521	3.1329	2.65697	3.92941	3.01048	1.59487	0.639056	0.886222	3.25518	2.74957	2.30987	2.70942	0.177253	3.54497	7.40319	8.74625	8.12399	7.13475	7.82258	8.40495	5.65652	2.63328	4.03538	5.52059	6.53251	7.43857	8.51862	8.8759	8.66231	8.59877	8.51862	5.99439	3.09773	2.13349	1.52447	0.903756	1.27802	1.7808	1.1348	0.79267	3.47816	3.5582	3.78797	4.38016	5.8266	6.81449	7.10882	6.86189	5.93467	4.82996	4.1309	2.77236	2.48001	1.46137	2.13344	3.18728	3.19218	1.80706	1.77197	4.64245	8.51105	2.07376	7.60766	7.60766	2.61536	2.02022	2.3834	2.30991	1.82437	1.77202	4.97888	6.16721	4.61234	5.38683	5.05655	4.93193	3.64929	1.74524	2.19147	3.97696	4.27567	2.40955	1.60469	2.30991	3.88164	4.58863	4.11581	3.04679	1.77202	2.80036	6.42516	8.78969	8.44647	0.177253	6.88188	6.15989	5.90328	7.02156	6.55125	3.78797	4.13097	5.0994	5.72181	8.03846	6.93537	7.53485	7.08272	7.41134	11.4023	3.78371	0.70898	2.0202	2.69791	2.46103	2.3031	3.49175	6.56784	9.0741	9.45397	7.72796	6.75547	8.04821	5.75436	3.09264	2.50517	3.5845	3.82076	2.88313	4.52023	6.42516	5.45552	5.83983	7.2628	7.10882	6.71879	5.38683	6.04069	7.19699	7.16058	6.24718	6.32097	6.73718	5.74633	3.86546	4.30821	3.89358	4.78781	5.82646	3.19219	3.5801
0	0	0	0	0	0	0	0	0	0	0	0	0	0	0	0	0	0	0	0	0	0	0	0	0	0	0.177238	0.396319	0.501306	0.354472	0.354472	0.5317	0.396303	0	0	0	0.177238	0.396319	0.639031	1.514	3.55785	3.09237	3.19192	2.74933	0.639031	0.708918	0.708918	1.18876	1.29008	1.41762	0.886122	1.03333	0.730724	1.51395	0.5317	0.177238	0.5317	1.59473	1.42866	1.00254	1.6336	1.98076	0.5317	0.560451	0.5317	0.708918	0.501306	0.792567	0.177238	1.25303	0.886122	1.8069	1.91646	1.42868	1.63366	2.88287	3.63185	3.6831	2.9473	1.2531	0.730724	0.792567	1.42864	2.21963	1.91637	5.6366	7.76846	1.46121	2.37649	6.63013	6.51031	1.68098	6.39546	3.76263	1.58483	3.34026	2.70336	4.66875	2.53596	4.36888	3.36832	6.39546	1.27784	4.642	5.03124	2.70923	0.903658	0.560451	1.18876	5.25476	3.92906	1.98084	2.07365	1.03333	1.91637	1.58483	1.80687	2.69757	2.00435	1.59473	3.75019	4.03503	5.57872	4.03893	4.00402	6.39315	6.32748	1.07798	4.03875	2.32994	2.06609	3.04653	5.02527	6.31551	6.78664	5.39498	5.38344	4.71856	1.18876	1.2531	2.02002	2.02004	1.78066	1.29012	0.903658	1.42868	2.8335	0.396319	3.40531	4.13061	3.55789	2.85545	0.708918	1.12083	0.639031	2.51735	2.88272	1.67155	1.514	1.94887	0.903677	3.3683	2.66257	1.74509	1.07798	2.53598	9.28288	5.93386	5.30478	7.5847	2.36329	0.903677	1.29012	1.98084	2.3029	2.06609	5.64489	5.87094	2.13326	1.91646	2.7494	3.64888	3.49128	1.63357	2.26852	2.26852	1.27784	0.639031	1.60453	1.25307	2.68017	3.41904	3.09746	2.75513	2.8002	1.42866	1.00248	3.04638	7.10789	5.54795	2.86094	2.26852	0.708918	3.76263	4.31864	2.06609	3.69577	4.31885	3.02589	7.10784	7.29785	5.37454	2.94716	10.8979	12.4581	0.886122	1.74509	2.1552	1.42866	1.34953	0.730742	3.26454	5.34858	5.38344	6.47255	5.61204	4.12682	5.99622	5.03124	1.03338	2.61502	2.1333	4.08491	2.61513	4.43625	3.92919	1.42868	3.20655	5.37479	6.12917	4.26071	3.04653	3.64902	4.70882	4.90307	4.03893	3.76282	3.76282	3.26461	4.27876	3.78745	1.78066	3.97647	6.03986	2.38306	3.43714
0	0	0	0	0	0	0	0	0	0	0	0	0	0	0	0	0	0	0	0	0	0	0	0	0	0	0	0	0	0.396262	0.531649	0.354438	0.354438	0.396284	0.177221	0	0	0	0	0	2.06578	1.77165	3.02548	3.33991	0.354438	0.396262	0.531649	1.12068	1.58467	1.06321	1.41748	1.42852	1.42855	1.41748	0.501263	0.396284	1.18863	1.12073	1.80674	1.27779	1.80669	2.2405	1.12068	0.954301	2.25457	2.46694	1.42855	0.886036	0.396262	1.58467	1.28995	0.954301	1.1887	1.25299	1.1887	1.29	1.38392	1.13466	0.560394	1.51379	1.00245	1.84957	1.6044	2.32972	2.47955	5.87821	7.00021	0.354438	1.90798	4.3791	6.97605	3.57945	5.74493	5.27191	2.46683	3.74981	3.41857	4.93088	4.80318	4.93088	2.32967	6.70577	3.36797	4.85453	5.2483	0.638975	1.42855	1.52421	1.59458	5.39417	4.6683	1.75392	1.95673	1.18863	1.51379	1.6334	1.58467	2.00414	2.69729	0.954301	2.14032	1.82404	3.75402	3.32604	3.13235	5.99563	7.50271	5.34247	6.37568	4.90263	4.27857	2.26843	0.792486	2.06578	4.52947	1.28995	2.9309	5.68802	1.38383	0.638975	1.4285	1.38392	1.24036	0.730651	1.63348	1.84964	0.79253	3.03074	1.07788	0.79253	1.4285	2.2194	1.38383	0.531649	0.792486	2.76604	3.1915	1.82394	0.396284	1.78049	3.09208	3.89287	2.92033	2.3027	1.63351	3.20629	8.65154	6.14837	4.28194	6.53093	3.09199	0.730675	1.52411	1.60438	1.60438	0.903593	4.62807	4.47418	3.437	4.17531	4.58782	3.92882	3.16692	1.58467	2.86065	1.84957	1.27771	0.954255	1.60438	1.42852	3.02548	1.77165	0.501263	0.177221	1.67138	1.12068	2.50472	1.77165	3.69529	6.75163	0.560394	3.05638	1.63348	3.64418	3.48646	2.53584	4.45337	4.01146	4.0732	4.53296	6.36331	6.42376	4.25278	10.1673	11.9794	1.82404	1.07788	1.12068	1.24036	2.07346	2.38298	3.47751	4.56372	3.73308	3.04626	5.06171	3.89686	5.83059	4.58756	2.55431	3.53992	1.00245	3.38176	1.03323	3.25456	1.88315	0.730675	1.34946	2.16231	2.77187	3.29299	3.51346	3.09718	3.13235	4.03466	3.74997	2.90426	2.3027	3.01517	5.614	3.81995	2.75489	5.13784	7.98549	4.69823	2.9309
0	0	0	0	0	0	0	0	0	0	0	0	0	0	0	0	0	0	0	0	0	0	0	0	0	0	0	0	0	0.177204	0.396243	0.396243	0.177204	0.177204	0.396243	0.396243	0.177204	0.177204	0.396243	0.396243	0.954169	1.46097	3.19128	4.45293	4.07278	3.7621	3.33978	1.34932	1.24024	1.13454	0.903485	0.638908	2.01966	1.88308	1.13454	1.03318	1.25282	0.638908	1.24024	1.18858	1.9485	2.77147	2.16197	1.95652	1.90788	2.50443	1.42834	0.50121	1.41735	2.13283	1.95653	1.52405	1.75373	2.13289	2.00407	1.74476	1.38378	1.12061	1.52397	2.0656	0.56036	1.58453	1.82385	3.64832	4.68134	4.04185	5.54401	2.16208	2.13283	2.01955	4.59071	7.2459	3.0252	7.13241	3.47719	2.0656	3.04579	1.95653	3.36767	1.38371	1.7803	4.87646	3.0252	3.79908	3.68221	3.0918	3.8279	3.29264	2.88227	5.0611	5.52176	5.12535	4.00326	1.98043	1.42834	2.16197	0.903503	2.32949	3.0918	3.7621	2.30927	0.560343	2.93075	4.87672	5.16158	6.92914	9.73353	11.0693	9.25701	5.62204	4.12967	2.77147	3.04594	3.02531	5.08862	3.60953	3.75372	3.26387	2.50452	2.94674	2.70296	2.63255	1.82385	0.25061	1.59443	2.40888	3.4366	0.792448	1.80656	1.38371	2.53555	1.9485	1.38371	0.177204	1.42834	3.24948	3.40451	0.792415	0.885974	0.792415	2.2682	5.03044	5.54427	5.54427	5.02431	6.12791	6.6776	2.7658	3.74947	3.82772	3.71607	2.85495	2.30237	2.50443	2.53555	1.63334	2.40876	3.52637	4.7507	4.88945	4.17487	2.01966	1.27766	3.7621	4.25252	2.61463	2.24037	2.88227	3.09686	2.63255	2.40878	0.885929	0.50121	1.03318	2.30916	0.531598	2.4666	0.885951	1.27766	6.76017	4.77344	1.24024	2.85503	6.39692	8.03086	8.44794	8.96206	9.22256	9.16314	5.05514	3.00442	6.07958	5.48778	6.94	11.5742	6.19818	3.29264	4.03425	7.74357	10.8566	12.1067	9.93616	5.69596	4.50847	4.47736	6.08742	6.89784	6.76021	6.20813	6.3752	5.54707	3.73282	3.29248	0.792415	2.7658	3.29248	1.88308	1.91609	2.01963	3.15193	5.34192	6.49278	6.75359	6.48802	6.39692	5.92256	5.34192	5.24514	5.23322	6.47112	5.15251	5.12535	5.61372	9.33502	8.7593	2.94674
0	0	0	0	0	0	0	0	0	0	0	0	0	0	0	0	0	0	0	0	0	0	0	0	0	0	0	0	0	0	0	0.177187	0.396208	0.396208	0.177187	0.25057	0.25057	0.25057	0.396185	0.396208	0.396208	0.396185	1.24012	2.93049	4.07242	4.25952	4.27409	4.08378	1.6805	1.07765	2.30225	2.48537	1.50309	1.063	0.730534	0.638852	0.35437	0.792377	1.46083	1.58445	1.98025	2.93034	2.25398	1.60407	1.84928	3.05579	3.01459	2.0039	1.46083	1.42819	0.954072	0.792377	0.885896	0.885866	0.177187	0.954118	2.77133	3.58321	2.69691	1.84921	0.560286	1.07767	2.47907	2.21911	3.9081	0.531547	4.4244	3.36732	0.531547	1.42822	1.07765	5.74923	2.13264	6.62115	3.03011	3.01471	3.05586	1.42825	1.6805	2.70273	4.14072	5.13685	1.6805	4.2775	1.60407	3.32522	2.37592	2.46647	3.05586	4.45251	5.08834	4.4631	3.64796	4.03389	3.04567	0.35437	2.24017	2.93049	3.13175	3.04567	3.36269	2.5781	1.13437	0.730534	1.38356	1.67106	3.24934	6.12747	5.06074	4.43131	7.08644	6.37446	4.70751	3.76177	3.58301	2.21898	2.75436	4.9144	4.28141	3.02503	2.24017	1.12046	2.19058	2.91977	4.14453	3.33948	2.309	6.64012	5.8801	5.83765	3.91618	3.75346	4.4631	3.82757	2.9676	2.91967	2.50412	0.560309	0.560309	2.32923	2.83819	3.0095	3.58317	4.14453	5.63256	4.86346	2.74853	0.531547	1.88278	2.13264	3.40429	4.65088	3.64796	3.00941	2.37592	2.69691	1.82369	1.00226	0.885896	1.12051	1.27755	1.78013	1.5135	1.24012	1.77131	1.58445	2.53532	3.20567	2.37592	1.78015	0.396208	1.7446	1.82358	2.24017	4.25935	1.07767	2.45998	0.954072	0.885836	3.5259	5.75224	6.00249	5.34703	0.560286	2.85461	1.58445	4.42089	3.56113	3.39978	7.14281	4.51857	4.31736	5.61015	1.42819	8.4883	8.29942	5.90112	9.12239	10.1214	6.21761	3.95584	4.17451	5.74962	5.61322	4.77623	3.86403	7.40875	8.81762	10.7517	11.3857	9.87743	9.1372	5.83765	3.38135	3.55687	5.61299	3.97552	3.69472	1.42828	2.40854	3.89612	4.27775	5.19711	5.16113	5.23273	4.47351	4.27775	4.1143	5.23259	5.30336	5.30062	4.69754	3.58321	7.79785	10.0705	6.62161
0	0	0	0	0	0	0	0	0	0	0	0	0	0	0	0	0	0	0	0	0	0	0	0	0	0	0	0	0	0	0	0	0	0.17717	0.396167	0.396167	0.17717	0.17717	0.560235	0.250548	0.250562	0.17717	0	0	0.354336	0.638785	1.77996	3.36237	3.57841	3.48548	1.97999	3.09108	2.70232	0.638755	0.501087	0	0.39615	0.953986	1.07755	1.94812	2.23994	1.42809	1.42809	1.63301	1.42811	2.69653	2.69653	0.95402	0.396167	0.708645	1.27741	1.38351	1.52375	1.95616	1.03298	2.32901	3.54332	3.4901	2.69664	1.1204	0.792296	1.27741	2.15434	0.396167	2.16156	3.63027	2.19038	5.38402	1.25259	2.13972	4.36723	3.38089	2.65558	3.09613	3.22966	1.91572	0.638785	1.13427	0.250562	1.03294	3.71948	3.02982	2.0652	5.58472	1.67099	5.0014	1.13427	0.903311	1.60394	2.66155	2.83792	2.23987	1.63297	2.30882	2.66155	2.51638	1.25257	0.885803	1.27741	1.63294	2.70232	2.76527	1.42806	1.13432	2.83792	2.79912	4.36723	1.52368	6.73368	8.27077	6.13918	3.91566	1.63301	1.80621	0.17717	3.01439	5.15152	4.36741	3.64748	1.58422	1.77109	2.85436	3.60876	3.19069	1.74442	4.31698	7.22535	5.19947	3.51241	6.03779	6.86088	5.74364	4.82448	3.95539	2.0653	1.42809	1.1883	1.27735	2.8544	3.60884	2.85444	1.28962	2.16156	1.84904	2.30882	1.8235	0.903311	0.560253	1.34906	1.8491	2.15437	3.09118	2.75407	1.98005	1.13432	1.8491	2.00369	2.13248	2.25391	1.75339	1.03298	0.250548	1.67099	2.74835	2.53501	1.13427	1.91563	2.0652	1.27735	1.88262	1.03294	0.560253	3.29185	3.48994	4.30618	2.93007	2.4083	0.792262	1.1883	1.42811	2.0653	3.782	6.70403	5.70571	6.81351	7.71837	8.84598	9.13632	5.84754	3.64757	5.57648	1.13427	4.3026	3.69424	3.48548	6.94534	3.64332	8.16313	3.26336	4.62688	6.47008	4.88845	3.40385	3.68169	3.22966	2.30882	4.62693	5.24414	6.7523	7.59834	7.9431	10.1202	6.39071	3.39942	3.47662	5.75148	2.9673	3.89575	2.15437	2.45976	4.17386	2.19038	1.94812	1.90751	3.86354	2.66153	2.01924	2.77093	4.52821	2.50399	2.69664	3.86354	2.13248	5.65372	8.1368	2.93019
0	0	0	0	0	0	0	0	0	0	0	0	0	0	0	0	0	0	0	0	0	0	0	0	0	0	0	0	0	0	0	0	0	0	0	0	0	0	0.501035	0.501035	0.177153	0.25054	0.177153	0	0	0	0.792181	1.42795	2.67884	4.80768	3.55614	1.74417	2.79875	0.885696	0.730394	0.531444	0.501035	1.13415	1.34888	1.67073	0.792181	0.50107	0.730394	1.28945	1.18818	2.79872	2.92977	1.2895	1.1203	0.885725	0.751581	0.885725	1.07747	0.560178	2.6139	4.33474	3.3806	1.68018	2.46588	0.531444	0.885696	2.19023	2.07267	1.42792	1.58406	3.8792	1.18818	5.48616	3.6473	5.58444	4.30217	0.792181	2.88131	1.63277	1.91543	1.34888	0.560202	0.638688	0.354302	1.00199	4.6263	2.16133	3.89525	5.82836	0.730394	5.09623	2.23964	0.531444	0.396109	1.12025	2.50371	3.18547	2.63178	1.52362	3.0958	3.32458	1.51328	1.2895	1.1203	2.53473	2.16133	1.90725	2.26756	2.76517	1.59397	1.2895	4.12462	2.26741	7.35091	8.86529	4.59599	3.9074	4.2587	5.39244	4.52804	3.04509	2.4786	2.88131	4.85267	1.95595	1.51321	3.2629	3.43546	1.95595	2.16148	6.64784	7.17332	1.80599	0.50107	1.42795	2.6554	2.65548	3.58248	5.02902	5.00432	3.58252	1.88255	3.20501	3.6084	1.80599	0.792181	1.13415	2.3819	2.3819	1.25242	1.42792	0.177153	0.560202	0.638729	1.28945	1.42795	0.885696	0.177153	0.531444	0.177153	0.501035	1.41694	1.67084	1.13415	1.2773	1.63289	1.68018	1.2895	1.63281	2.3819	1.58406	2.16133	1.74417	1.12025	1.67073	1.34888	0.25054	3.25331	4.2803	2.61375	4.06768	2.40817	1.88242	2.15412	1.46055	1.13415	2.48489	2.70204	2.36222	4.67988	2.21855	4.36675	7.11304	8.40708	1.13415	5.3111	5.63149	4.97939	4.85276	2.79887	6.8847	5.54272	3.4035	5.44102	7.39903	4.37408	6.00376	7.95192	6.88496	6.60401	6.75172	7.34303	6.99802	7.64594	7.73558	5.53146	5.87596	7.64581	7.67793	6.84683	7.47338	5.84728	6.7858	6.5899	2.76517	3.89525	1.82323	1.59397	1.2773	3.33863	2.69626	2.50375	3.26296	2.55317	1.90734	2.12486	3.74853	5.40682	7.06997	9.00323	6.32477
0	0	0	0	0	0	0	0	0	0	0	0	0	0	0	0	0	0	0	0	0	0	0	0	0	0	0	0	0	0	0	0	0	0	0	0	0	0	0.500991	0.500991	0.396074	0.250513	0.396074	0	0	0	0.354268	0.953837	2.13203	4.37354	3.95456	1.28934	1.95576	2.94547	0.638663	1.18807	0.500991	1.38317	1.82307	0.953802	0.354268	0.501017	0.638663	1.51307	1.42779	3.29122	3.4032	1.42783	1.12018	0.953837	0.751502	0.953837	1.23976	1.52339	4.10159	4.20298	2.65521	1.52346	2.92951	1.18807	1.97961	3.02924	1.91535	3.15056	1.58392	2.6314	0.531393	3.32428	4.78465	5.58388	2.91891	0.354268	1.63263	2.88106	1.67059	1.82307	0.560145	0.177136	0.79211	1.00191	4.8746	2.40783	5.63061	5.33961	0.638663	4.12426	3.16542	0.396091	0.177136	0.501017	1.80586	2.85389	2.74782	2.30831	3.09553	2.63142	1.63269	1.42783	1.12018	2.30149	1.42779	0.792143	2.57744	2.76488	1.97964	1.59381	2.23944	1.77075	6.11525	8.62102	3.26266	3.35713	4.43027	5.52814	4.7423	3.04477	1.77084	4.6259	5.33961	1.95576	0.638663	2.76474	3.18999	1.34881	2.40793	6.875	6.00305	1.12018	0.501017	0.953837	1.9797	2.63154	3.29138	4.5618	5.0532	4.77488	1.9797	4.0326	2.83187	1.12018	0.354268	1.38317	2.13196	2.13196	1.75297	1.18807	0.638632	0.560145	0.730321	1.51307	1.63265	0.638663	0.638632	0.396091	0.396074	0.500991	3.16542	1.97967	3.38017	1.27717	1.67067	1.95578	1.42783	1.42781	1.13405	1.58392	2.40783	1.07734	0.501017	0.953802	1.82307	0.250513	2.7534	3.78527	0.903155	3.30555	2.67862	3.62957	2.57737	1.7708	3.38017	3.09051	0.638663	2.36198	3.71465	0.88561	4.85224	5.38299	7.18978	4.37704	3.50284	5.61989	4.77499	3.4033	2.51602	5.19552	5.37173	4.36637	8.04279	5.91764	4.1395	4.97573	6.97299	6.91102	6.71439	6.8954	7.2835	6.99729	7.60496	7.86038	5.31364	2.15392	6.63826	7.95129	6.77379	6.9265	5.92029	6.45932	8.09399	4.25813	2.65507	1.34875	1.18812	1.27717	2.85381	3.64246	3.20471	2.15396	0.708509	2.15396	2.12466	3.98996	5.44055	7.23258	8.26937	6.39208
0	0	0	0	0	0	0	0	0	0	0	0	0	0	0	0	0	0	0	0	0	0	0	0	0	0	0	0	0	0	0	0	0	0	0	0	0	0	0.396033	0.531342	0.354234	0.177119	0.396033	0	0	0	0	0	0.792028	3.02373	3.89063	4.47179	4.31599	4.24309	1.67052	2.0186	0.885525	1.67041	1.91506	1.00187	1.38312	0.953751	0.396055	1.25221	2.07227	3.60771	2.85351	0.885496	0.531342	0.792073	1.13401	1.18801	1.4277	2.92921	4.66558	1.97941	0.730253	0.500973	3.18966	1.51292	2.55268	2.77012	2.13183	4.80676	2.91864	3.02899	2.65497	4.03625	4.42273	0.560094	4.33378	1.88219	2.01867	3.09017	1.58375	1.77057	1.46022	1.90697	2.13183	0.730253	4.63884	2.90239	5.78995	5.21566	1.38312	3.55977	3.0443	0	0	0.500938	0.354234	1.46022	1.77944	2.70735	3.43486	2.8316	2.15376	1.77944	0.250491	1.63249	1.97952	2.45918	2.15376	1.12008	2.88082	3.01344	1.95557	2.25312	4.89955	8.3601	4.74188	5.2986	4.46139	2.46552	2.74747	1.8485	2.18974	6.19499	4.98752	0.953705	2.1318	3.57739	4.4227	3.01355	3.09033	5.69294	4.75468	0.177119	0.177119	0	0	0	0	0	1.42764	4.7054	1.41666	3.87849	2.32833	0.792073	0.792073	1.46022	1.63246	1.88206	2.55268	1.58384	2.15371	0.792073	1.46027	2.23921	1.67041	1.07723	1.59366	0.903071	1.18795	1.63254	3.87849	1.97941	4.5062	0.560094	0.953751	1.97944	0.560094	1.51292	0.396033	1.60348	3.13537	1.25221	0.560094	1.25223	1.8485	0.354234	2.06459	3.30513	3.01346	1.97952	2.37488	3.55977	3.37996	2.37501	3.53776	2.69574	1.23964	1.91506	2.15371	2.32833	4.14266	3.9541	6.42008	6.56269	5.97181	6.60977	4.99715	3.55997	3.58183	3.29109	3.40305	7.97321	7.61789	1.27697	1.07726	2.13183	1.42764	1.34868	2.74757	2.5772	0.885525	0.531342	1.07726	2.18974	4.17263	4.88682	1.46022	1.97941	1.82299	1.38303	2.77027	3.13055	4.75468	5.19484	0.885555	1.58384	1.77069	1.42767	1.60348	4.80042	5.575	3.95432	1.58384	1.91506	1.51292	3.4166	2.36176	3.37981	5.19484	3.78093
0	0	0	0	0	0	0	0	0	0	0	0	0	0	0	0	0	0	0	0	0	0	0	0	0	0	0	0	0	0	0	0	0	0	0	0	0	0	0.250452	0.250452	0.177102	0.177102	0.177102	0.177102	0	0	0	0	0.395998	1.82272	2.21793	1.51284	3.09002	3.02356	2.21802	3.08999	3.09508	3.43462	3.41642	3.8257	3.68028	3.02356	2.0645	2.13166	2.88066	3.05439	1.42754	0.638509	0.500921	1.18789	1.67034	1.38298	1.23952	3.0079	4.75754	2.18954	0.751357	0.63854	2.90213	1.13383	1.67963	3.16494	5.25096	6.54568	4.82263	4.34786	3.97359	3.32378	1.03254	4.62516	4.50597	2.70141	2.30113	2.30787	1.28909	1.52309	2.13155	1.42752	1.80548	1.06249	3.3377	3.95375	3.58129	5.54086	1.63238	3.18938	2.26677	0	0.177102	0.730162	0.63854	1.25211	1.84839	2.91835	4.10086	4.03193	3.69293	3.36571	1.51278	0.885462	1.75272	1.8228	1.00177	0.791991	2.01847	3.69293	4.5301	5.31245	2.07206	8.26782	6.71311	5.24213	3.47528	1.38291	2.91828	3.55512	4.95905	6.16197	3.26204	0.500895	3.97342	3.32378	5.14949	4.27932	3.62907	3.86206	4.1423	0.250452	0.902963	0.885462	0.531291	0.177102	0.396014	0.500921	1.91489	4.63844	1.18784	2.30105	3.05439	2.57694	1.58368	1.97929	1.46012	1.80551	3.71812	2.40749	3.20409	1.58368	1.46012	1.74368	1.67034	3.41642	2.70141	2.1316	1.97923	1.34849	2.79796	1.6033	3.4163	2.51554	1.90678	1.63234	0.708372	1.74368	1.80548	1.42758	3.30483	2.30789	2.01849	2.46527	1.42758	0.791958	1.07715	3.02356	4.36571	3.16494	0.250465	2.94504	5.24213	4.66873	1.84839	1.51278	0.708372	1.27686	1.28909	2.18954	2.40737	2.85326	4.43285	8.58266	11.1316	10.8985	10.8504	10.8504	10.2085	9.20088	8.26802	7.60336	5.74928	1.77929	1.42752	1.46009	1.80548	3.43467	3.88232	2.55257	1.42758	1.13389	0.531291	1.50238	3.16481	4.24268	4.50601	3.15012	2.26689	3.71821	5.63256	7.10279	5.76296	1.28909	3.68028	5.00284	5.00284	4.27567	4.7414	6.88294	9.19261	8.74588	5.48478	2.92895	1.28909	1.27686	2.01847	0.638509	5.54389	9.01274
0	0	0	0	0	0	0	0	0	0	0	0	0	0	0	0	0	0	0	0	0	0	0	0	0	0	0	0	0	0	0	0	0	0	0	0	0	0	0.395963	0.531245	0.39598	0.25043	0.250443	0.395963	0	0	0	0	0.395963	2.13871	3.78015	2.70117	2.96582	0.791888	0.500877	1.7436	2.45871	3.20385	2.85314	2.85314	2.57672	2.6544	1.84822	1.38286	1.0325	0.902884	0.177086	0.500851	0.395963	0.953535	0.70831	0.791888	1.27675	2.38102	4.27873	2.30762	0.395963	0.395963	2.01821	1.25198	0.55997	2.40726	4.24599	4.44993	2.40726	1.90661	1.46	3.82518	5.69204	3.92583	1.9472	1.45996	0.730098	1.42739	0.395963	1.75248	1.84817	2.32791	0.885363	1.13373	1.67012	4.46032	1.25196	5.40448	2.00264	3.04377	2.26657	0	0.395963	0.953535	0.39598	0.55997	0.559988	1.252	2.53381	2.50277	2.50277	3.79656	2.65433	0.500851	0.177086	0.638484	0.791922	0.354169	0.177086	1.25203	3.08975	7.56211	4.00818	4.85096	4.24958	2.63066	3.87781	3.78015	4.24597	4.41839	3.98875	4.1719	1.63217	1.42739	4.25685	0.354169	2.69526	1.27681	1.0624	2.16054	3.62856	0.177086	1.74353	0.95357	1.18774	0.395963	0.531245	0.500877	1.90654	4.42884	1.9472	0.559988	1.18779	2.91803	0.791922	1.84817	1.13379	1.6702	3.47498	3.9259	3.69261	2.57672	2.50286	1.7436	2.79772	2.7978	1.67954	2.4586	1.80532	2.07188	2.96591	1.97912	1.18779	2.23888	2.07181	0.55997	0.25043	1.60318	1.59337	0.638453	2.38102	1.4164	1.58354	1.46	1.11983	1.00162	0.730098	1.13379	2.15336	3.32336	2.30762	2.30769	2.51532	3.75118	1.77912	0.730098	1.42739	1.88173	0.885363	2.26657	1.50225	3.04377	1.45996	5.37015	5.48442	4.46054	5.87674	7.61693	7.09132	6.07076	5.02098	3.26182	3.55914	1.97908	3.0232	1.6322	4.11177	2.53387	2.53381	1.77026	0.791922	1.50232	1.7703	1.59337	2.48396	2.8586	3.71788	4.03933	4.00838	3.97322	3.57673	4.36533	5.63207	5.60984	4.44993	6.6015	6.74915	5.0518	3.81716	3.32349	4.42903	6.90889	7.79338	3.64574	1.60318	1.13379	0.354169	3.75941	5.37005	5.82652
0	0	0	0	0	0	0	0	0	0	0	0	0	0	0	0	0	0	0	0	0	0	0	0	0	0	0	0	0	0	0	0	0	0	0	0	0	0	0.500798	0.395922	0.395938	0.354132	0.177067	0.395922	0.177067	0.250417	0.250404	0.395938	0.531189	1.82237	3.72996	3.18892	3.05375	0.90279	0.559912	0.250417	0.559912	1.67931	1.42731	1.27668	1.77893	2.30743	1.95503	1.03239	0.885292	0.791839	0.354132	0.395922	0.730022	0.953435	0.250404	1.18761	1.74335	2.3006	3.82478	2.13114	0.751213	1.84803	2.8528	3.52366	4.86017	5.05738	3.02298	1.77007	1.77895	1.28888	1.63209	6.25522	5.31141	0.500824	1.06229	0.500798	0.95347	0.885248	0.791839	2.18912	0.250417	1.95501	1.34829	0.250404	0.90279	4.24909	0.559929	5.36943	3.26141	2.53353	2.38077	0	0.500798	1.00152	0	0.953435	1.03239	1.03239	1.82237	1.75229	1.67931	3.81667	4.08104	3.43401	2.70089	1.38271	0.751213	0.88527	0.354132	1.00152	0.638386	7.71559	6.11291	2.76934	5.02643	4.44947	5.21719	4.25641	3.00212	2.76934	2.79742	3.43389	2.96559	2.13857	3.5806	0.250404	2.61251	1.25189	0.902808	1.74335	3.26141	2.26645	1.41626	0.953435	1.51249	0.354132	1.91462	2.63052	1.58337	2.76934	2.70663	2.07166	1.67002	2.63041	0.500824	1.84798	1.38271	2.16042	2.30749	1.03239	0.953435	1.13361	0.177067	1.91452	2.92839	2.53363	1.58337	1.77007	1.45981	0.730022	1.97885	3.60669	2.37431	2.69508	4.03116	3.64552	2.3809	1.77016	2.53363	3.09449	3.71743	1.947	0.354132	0.354132	1.42724	1.03234	1.03234	0.638386	0.730022	3.64536	3.54126	3.36508	1.67936	2.30738	2.70663	1.91462	0.638386	2.30738	0.559912	2.01802	2.36107	4.10002	2.83629	4.25641	1.77007	1.42724	1.95501	1.60301	2.25249	1.25187	2.07166	2.13125	1.66994	2.13119	2.46471	0.90279	4.36469	1.67931	2.67756	3.30428	3.09449	2.13857	2.30738	0.751213	2.90172	4.03121	4.31471	4.82171	4.63779	4.03121	3.02298	3.26141	2.26645	7.59977	8.09279	6.62641	5.36968	3.55892	3.43401	4.85062	4.06965	3.37887	8.17522	5.83374	4.21621	4.12665	4.31471	5.2969	6.48279	3.33721
0.177052	0	0	0	0	0	0	0	0	0	0	0	0	0	0	0	0	0	0	0	0	0	0	0	0	0	0	0	0	0	0	0	0	0	0	0	0	0	0.395887	0.395904	0.55988	0.395904	0.354101	0.354101	0.177052	0	0.63833	0.354101	0.531143	1.28873	1.2765	0.531143	0.88517	1.0323	1.25176	0.55988	0.250382	0.902729	1.38259	1.63194	2.45824	3.64091	4.42818	4.52544	4.50479	4.37521	4.17131	4.00762	3.92515	3.39717	2.55186	2.36087	2.74653	3.74639	5.76937	7.64158	8.59625	8.64563	7.8138	5.96953	3.4833	0.250395	2.7064	3.09422	2.96534	3.51009	5.29948	6.35021	2.96525	1.18751	0.885215	1.23917	0.88517	1.11965	1.23917	1.03225	1.6698	0.885192	1.6698	2.131	2.13107	3.4016	1.84782	4.58667	4.2415	2.30049	2.07141	0.395904	0.395887	1.00143	0.354101	1.34812	1.00143	0.638361	1.03225	1.42712	1.07683	2.30724	3.87721	4.55965	4.36449	3.40175	3.39717	3.92515	3.82463	3.82463	4.0693	6.96951	5.58104	1.58317	3.64504	3.88917	6.67193	6.26213	4.33227	4.66409	6.17049	8.05639	8.9223	7.88586	6.6235	4.59359	4.37148	1.50204	1.27656	1.42714	1.82221	0.902711	1.67921	2.07148	0.250395	2.47719	3.13429	3.25166	3.16406	1.25178	1.18751	1.42714	1.97876	2.74653	2.00236	2.70065	3.53664	4.45969	5.12098	5.54235	5.68297	3.97248	1.88147	1.42714	1.38259	3.51009	4.14135	4.21584	4.27083	3.25166	2.30723	3.26108	0.63833	1.34817	2.85805	2.74653	1.90625	2.16023	3.30399	3.62805	4.97335	4.27436	1.27656	1.42718	2.12366	1.82221	1.13357	2.13838	1.42718	1.45968	3.4833	4.77264	3.4016	1.42718	2.13102	1.76996	1.18756	2.131	1.60285	0.531143	1.42714	2.65978	3.16406	2.53333	1.76992	2.96525	3.0124	2.6124	0.395904	2.38069	2.65396	2.13838	0.902729	1.13357	2.0179	2.1383	5.02294	2.85805	3.26125	4.91064	5.24955	4.92007	4.94828	2.6124	3.35555	4.24894	5.00145	5.89662	6.61656	6.98083	6.72959	5.6062	4.94841	7.85469	10.4382	11.1192	10.4884	8.26574	6.36978	5.24067	4.71374	2.2174	3.9527	7.47951	9.31445	9.67564	9.45783	7.29064	5.12386	4.06919
0.7081	0.177033	0	0	0	0	0	0	0	0	0	0	0	0	0	0	0	0	0	0	0	0	0	0	0	0	0	0	0	0	0	0	0	0	0	0	0	0	0.177033	0.250369	0	0.354064	0.177033	0.250356	0.177033	0.250369	0.500702	0.354064	0.885077	2.1887	2.57595	2.797	2.37385	1.34803	1.25161	1.03219	0.953287	0.638263	0.885122	1.18744	1.52258	1.8221	2.13816	2.63002	3.14891	3.50082	4.03044	4.14092	3.62767	3.12902	3.16373	3.13397	2.57595	2.30025	3.53627	5.26668	4.6369	2.90117	1.25163	3.01201	5.84333	7.72639	5.74463	3.18333	2.16	4.46963	5.31059	3.2513	0.354064	0.250369	1.38245	0.500728	1.60268	1.583	1.06208	0.791686	1.583	0.791686	1.583	3.1636	0.791653	2.62991	1.97847	3.04287	3.00675	1.00138	1.45953	0.559822	0.559822	1.1195	1.06208	1.67904	2.48323	1.06208	1.03219	2.30025	2.40654	1.91425	2.06371	2.01769	2.6595	3.00688	3.33657	4.14092	5.74463	6.61588	6.36912	6.19469	3.30356	2.57588	3.02749	1.9785	4.17067	5.13239	5.60561	6.73347	7.83839	8.20937	7.7125	6.19227	5.29014	5.95069	6.5243	4.24849	3.7956	3.16373	3.69152	3.64053	3.64479	2.75196	2.48323	2.57588	2.32722	1.07672	1.63169	1.90598	1.42699	1.76973	1.97847	1.97847	1.63177	1.63177	1.84768	2.6595	3.80788	6.03325	7.39636	7.15167	3.35979	0.177033	2.40647	2.46432	3.25132	3.14891	2.13816	1.5122	0.638294	3.25118	1.58307	2.30021	0.638294	2.65354	1.6027	1.91425	3.02753	2.21717	2.37375	3.64466	2.37385	1.8221	2.30021	3.08873	1.67898	0.751068	1.90605	1.63175	0.395845	4.25559	6.06867	1.52258	2.62988	0.395862	2.55159	3.52298	3.37829	1.75205	2.87951	2.13084	1.63171	0.791686	2.36056	3.55809	1.63175	2.74617	2.30694	0.250369	1.06208	0.250356	1.8221	2.57595	2.63002	5.32212	4.44861	1.52258	0.902634	0.791686	1.13345	2.67704	4.473	2.63002	1.77859	0.177033	0.638294	0.638263	1.5929	3.81603	5.76076	5.86447	4.55918	4.97602	6.39082	6.84221	8.11405	8.97391	7.87726	5.91683	4.43112	3.48294	2.85775	1.5122	3.18831	4.25581	4.9479	4.99781	4.18947	3.75007
0.953169	0.395811	0	0	0	0	0	0	0	0	0	0	0	0	0	0	0	0	0	0	0	0	0	0	0	0	0	0	0	0	0	0	0	0	0	0	0	0	0	0	0.395811	0.53104	0.500684	0.395828	0.177018	0	0.177018	0.395811	1.38226	2.25186	1.66948	0	1.42684	1.52237	0.902537	0.559755	1.07663	1.88101	0.953203	0.791617	0.354033	0.791584	1.06199	0.953203	0.902537	0.395811	0.177018	0.559755	0.395811	0.177018	0.902537	2.15971	2.37354	2.5329	3.2269	2.69433	3.95201	4.14056	5.02519	6.54262	5.02519	3.47365	3.5796	3.28904	2.07101	2.8792	2.74593	1.59276	1.82186	1.74286	1.80466	2.32702	0.250347	2.53284	0.953203	0.638208	0.53104	1.38226	1.38233	3.92427	3.1879	2.62965	1.27626	2.87915	2.90077	0.354033	1.00124	0.177018	0.53104	1.1194	1.1194	0.638238	2.45766	1.42684	1.67884	1.75189	2.70588	2.15982	1.80466	1.74286	1.07663	1.11944	0.729836	2.07101	2.57573	2.90091	2.51436	3.02723	0.500684	3.72885	2.01746	1.97832	2.62968	1.7518	1.75189	3.40109	3.14863	2.21698	4.03376	4.25522	2.55125	2.85192	5.21275	1.50175	2.3	1.67889	2.01746	1.2515	1.63157	1.27632	2.82999	3.26057	3.55345	2.15249	2.8792	4.06459	3.55348	3.82372	2.07101	3.43288	0.395811	0.638208	1.1194	2.2657	3.43288	2.70582	2.15982	6.46432	5.40241	1.07663	2.61178	2.40626	0.885022	1.60256	2.79675	3.47365	1.67889	3.78276	0.729836	1.42684	2.01744	3.72885	2.45766	2.30685	3.30336	3.02214	1.97838	0.885	1.76962	0.638208	1.03205	2.29996	2.67681	1.77843	0	1.4594	1.41586	4.3133	6.99233	0.885022	3.5796	1.60254	2.30678	2.79664	3.24608	1.18733	2.36036	1.66956	2.82999	1.88111	1.95447	2.62965	1.42684	2.38011	2.53282	1.74293	1.58293	1.88101	1.42691	2.23802	3.74567	4.41669	1.84746	0.53104	0.885045	1.34791	1.18733	1.84746	2.51423	0.885045	1.00129	1.18728	1.42691	1.94645	2.29996	4.25522	2.85196	2.57573	1.88111	1.97838	2.65338	2.13797	2.94365	4.30265	5.43689	7.07977	5.64891	1.60256	2.36036	3.5753	2.67685	1.77845	0.395828	1.38233	3.16345	3.02214
0.953072	0.70797	0.395792	0.177001	0	0	0	0	0	0	0	0	0	0	0	0	0	0	0	0	0	0	0	0	0	0	0	0	0	0	0	0	0	0	0	0	0	0	0.177001	0.395792	0.530989	0.250308	0.250325	0.177001	0	0	0	0.500606	1.38211	1.82167	1.63141	1.11929	1.50162	3.69086	2.91671	1.11934	1.38211	2.51396	0.250325	1.51199	2.55115	3.16317	2.85179	2.7628	3.33599	3.53565	3.26034	2.50168	1.91391	2.45755	3.95171	4.97199	4.15886	2.70563	2.65902	2.46388	3.22652	2.23782	3.18275	3.63967	1.27612	1.07654	4.13992	2.69395	2.85711	2.29973	2.53256	1.60241	2.65313	1.06189	1.42672	1.6693	1.11929	1.11929	2.06335	2.13047	1.52232	2.32679	1.8045	3.02173	4.42669	3.52222	1.34779	3.39599	2.87885	0.729745	0.953072	0.250325	0.902447	0.902447	0.884908	0.70797	2.50156	2.48279	1.60239	0.177001	1.5827	0.530989	1.13318	1.84727	1.42678	1.66941	1.42678	1.50151	2.15228	0.884967	0.395792	1.74268	1.13318	3.75758	2.00166	1.63138	1.60239	2.07089	1.58279	1.28835	1.03194	1.03194	4.16987	5.19135	2.79633	1.63141	5.13133	1.63149	2.13041	1.13325	1.42669	1.18716	1.42669	0.559722	2.01723	1.9781	3.04229	1.76939	2.5015	3.33578	2.26547	4.34519	2.53266	4.30207	1.52232	2.37986	2.06335	3.95149	5.38752	3.53554	1.90571	6.35548	6.30683	2.62953	3.40073	4.15886	3.55761	2.74575	1.34779	1.67867	1.94627	4.62248	3.43275	3.53565	5.68952	5.86339	2.65902	1.18716	1.58279	3.16317	2.85179	2.38002	3.47333	3.4145	2.62956	1.51199	1.50151	1.77826	1.82178	0.559698	2.25178	4.27312	6.35548	0.729745	3.28869	1.03194	1.82167	2.65304	3.12826	1.03194	2.96438	2.55115	3.69086	3.37781	3.87612	4.13639	2.40615	2.79633	1.75162	1.03194	0.177001	3.00096	1.63141	2.25178	3.01146	1.77826	0.530989	0.884967	1.66941	1.25143	1.2514	1.97818	2.9645	2.75148	1.94627	1.90562	1.11934	1.97813	2.96438	4.16987	2.53256	1.41572	0.500641	0.884937	1.52222	0.559722	0.638182	1.45925	2.48279	6.18104	8.11808	6.77779	5.43639	4.12495	2.53259	1.9543	2.13047	2.57549	2.47648	1.42672
1.67857	1.58263	1.28827	0.729677	0	0	0	0	0	0	0	0	0	0	0	0	0	0	0	0	0	0	0	0	0	0	0	0	0	0	0	0	0	0	0	0	0	0	0.395735	0.530938	0.395751	0.176984	0	0.250286	0	0	0	0.500562	1.03185	1.42659	1.77811	2.15208	2.26527	1.45912	2.85137	0.638085	2.07061	1.27601	2.57523	3.41415	4.19942	4.75462	4.37353	4.25463	4.8707	5.26522	5.15521	4.90876	4.49616	4.27284	4.46838	3.91169	2.21655	0.559665	0.884852	2.26538	2.70536	1.76928	1.74252	1.91362	1.45915	1.88074	2.4058	1.42659	2.6763	3.05231	2.48253	1.52216	2.50137	1.95409	0.395735	0.250286	1.06179	0.729695	1.07642	1.88074	2.13756	2.53241	3.26	3.85961	4.58491	2.85685	0.952986	3.18726	2.21645	1.28827	1.42661	1.52216	2.01713	1.38206	0.729695	1.03185	1.2387	2.32661	1.52216	1.00105	2.01707	1.27607	0.791465	0.729677	1.52216	2.25154	2.46363	1.07644	1.28827	2.13756	1.97798	1.77811	2.30636	3.02146	1.88065	1.51183	1.978	1.77809	0.500588	0.902364	1.27601	1.42657	3.25983	4.60514	2.87865	1.67857	4.63542	3.00086	3.41415	2.74547	1.80432	1.94608	1.60225	0.95302	2.69949	2.13748	2.47624	2.9642	2.70536	2.46355	1.28823	3.01115	3.74495	4.59174	2.51387	4.46824	1.28823	6.41523	7.80659	3.30273	2.48253	5.47258	6.21031	4.75462	6.11037	7.90413	7.72823	6.85155	4.82265	1.82159	1.1871	3.13309	4.00608	4.52371	6.06728	6.11037	4.36285	1.76933	0.250299	0.395751	1.07642	2.91642	3.91169	2.55088	2.26538	2.4573	0.791465	1.38206	2.3064	3.57892	3.36348	4.64557	5.43573	2.3064	3.92358	3.12815	2.74547	3.30273	4.92447	5.68077	4.91819	2.37978	3.12815	5.64805	6.25994	5.48128	4.50304	5.05486	2.53236	0.902364	0.353965	2.90021	3.14787	2.01713	1.67857	0.353965	1.76933	2.1302	0.559665	0.638085	1.38199	1.82159	3.87575	4.45798	4.42992	3.02669	1.80432	1.3476	2.40577	2.91642	5.51225	5.43592	3.33564	2.1594	1.1871	0.638116	0.500588	0.750819	0.729677	2.67633	6.13298	7.18397	6.87152	5.86273	5.63704	5.29455	5.89437	5.92828	4.84827	3.5528
1.42648	1.11912	1.45897	1.27588	0	0	0	0	0	0	0	0	0	0	0	0	0	0	0	0	0	0	0	0	0	0	0	0	0	0	0	0	0	0	0	0	0	0	0.500509	0.500509	0	0.176967	0.250277	0.176967	0	0	0	0.500509	0.638018	0.729604	1.11908	1.90525	2.85114	2.69357	2.85114	1.77792	2.01687	1.34746	3.01086	2.01694	2.74512	2.13	1.66909	1.58249	1.66909	1.82143	1.97783	2.40568	2.6527	1.76917	1.27588	1.23858	1.42651	1.90534	1.63114	1.25111	0.530887	0.791395	1.9778	2.12998	1.11912	1.11912	1.06168	0.176967	2.30605	3.0056	1.45897	0.353931	1.13296	2.30605	0.750793	0.395716	0.353931	1.13304	2.5321	1.27588	1.11908	1.06168	2.15191	2.2994	2.92671	1.34746	2.67603	1.8041	1.11908	0.791395	1.45897	1.45902	1.45902	0.952934	0.559614	0.559591	0.63806	0.500509	1.11908	2.12992	2.30605	0.952934	0.952934	0.559614	1.13296	0.729628	1.42645	2.0704	0.884738	1.13304	2.35974	2.35974	2.65262	2.12264	0.176967	1.52202	1.84692	2.85107	1.11912	1.13296	1.75128	2.21623	2.76775	2.8783	2.62891	1.51163	3.0417	1.51169	2.30612	2.35967	1.28815	1.8041	1.07634	0.395716	2.40552	1.77794	2.37298	2.74522	2.46341	2.01694	1.42645	1.2881	2.79582	2.74512	1.11912	3.7776	3.8913	8.11061	7.6635	0.395716	1.88045	3.39994	4.52649	2.37298	3.98619	4.50263	4.38734	4.52331	5.74227	1.8041	0.353931	0.176967	0.884767	1.41545	1.5824	0.791395	2.575	3.64327	2.65848	3.37716	2.40565	3.62609	1.11908	1.07631	1.66898	1.11912	2.37284	1.27588	0.707834	5.01733	4.49545	3.55673	3.97039	1.88058	2.96393	3.00577	3.18711	3.33535	4.45759	5.53691	3.32128	2.12992	3.12766	3.36316	2.51365	1.74244	2.65262	5.47202	3.87518	0.353931	0.176967	2.65253	4.02869	1.5824	0.791395	2.12998	2.40565	3.20171	2.40565	1.42651	2.0704	2.62887	1.76911	1.9778	3.8145	3.3023	2.06282	0.63806	2.30614	3.32128	4.81902	5.36657	3.55247	1.58249	0.952934	1.28815	1.28815	0.902298	1.95392	2.01697	0.750793	4.62147	5.11822	2.70511	4.50257	3.7819	3.87941	4.77033	4.58445	3.2259
2.57474	1.90515	2.12979	2.32616	1.76899	1.3818	0.952837	0.353897	0	0	0	0	0	0	0	0	0	0	0	0	0	0	0	0	0	0	0	0	0	0	0	0	0	0	0	0	0	0	0.395659	0.530836	0.395675	0.250251	0.395675	0.500492	0.395675	0.17695	0	0.395659	0.55954	0.55954	1.03165	1.42629	1.45887	2.57474	2.40541	1.60195	1.0317	5.29634	5.08154	3.50807	2.12979	2.23709	2.0012	1.76899	0.637993	0.55954	0.559558	1.18688	1.76899	1.97762	1.25106	0.17695	1.23846	1.77777	2.23709	2.15888	0.729555	0.500492	1.74219	1.34734	0.750714	0.884704	0.530836	0.750675	2.3792	2.65229	1.23846	1.11901	1.76894	2.67578	1.75122	1.52187	1.25106	1.42636	2.23709	1.50109	0.500466	0.707766	1.38172	0.90219	2.12973	1.11897	2.48206	2.01674	1.28798	0.707766	2.32612	1.67825	1.18688	1.06158	1.00086	0.637993	0.637993	0.395675	1.03165	2.51326	2.12973	0.707766	0.17695	0.530836	1.58226	0.79128	1.00086	2.26483	2.07022	1.8468	2.18772	2.29912	1.80393	0.395659	1.77775	1.42636	3.00533	3.64292	1.03165	1.52179	2.25099	2.79554	1.88029	1.77777	2.3059	2.30585	2.40531	0.637962	1.75113	1.74219	0.952837	1.51149	1.59214	1.74226	2.62867	0.884682	1.27577	1.97756	2.12973	2.32616	3.13249	2.92656	4.94545	5.30807	5.04793	5.36611	6.86811	8.10254	5.0569	1.25102	1.34734	2.01666	3.52122	2.29916	1.97754	1.13286	0.90219	0.902209	5.36588	3.55212	3.14742	2.51339	0.750714	1.251	0.88466	0.637962	0.637993	4.99523	3.79365	1.27583	2.40534	3.39504	1.58232	1.94571	2.74487	1.18688	2.79554	1.13286	1.59214	3.9227	4.2682	4.75354	4.24632	1.82124	2.53192	3.18678	4.16891	5.29354	5.01714	4.67466	2.65825	2.13707	4.36183	3.39964	0.902209	0.729537	2.47577	5.05384	4.58061	1.3818	1.11901	1.7689	3.87483	2.3059	1.0317	1.52179	1.23846	2.32612	1.60193	0.637993	1.07621	3.74836	4.42914	3.25937	2.50085	2.65229	2.74487	1.45887	0.707766	2.40531	2.29908	3.6043	4.24273	3.08735	1.97762	2.35951	2.79568	3.01066	3.22566	2.76199	3.335	5.22565	2.94238	2.40541	4.50217	5.37766	4.75046	5.68776	6.80514	6.77806
2.85064	2.1515	1.97742	2.18752	1.90498	1.42623	1.42618	0.791198	0	0	0	0	0	0	0	0	0	0	0	0	0	0	0	0	0	0	0	0	0	0	0	0	0	0	0	0	0	0	0.176933	0.39564	0.530785	0.250229	0.530785	0.500448	0.530785	0.395618	0	0.176933	0.559483	0.559483	1.03155	1.1867	1.45874	2.85064	2.1588	1.25095	3.87843	7.00882	4.8181	3.91059	1.84664	3.16178	2.23696	2.47553	0.884597	0.559483	0.559507	1.59199	1.76883	2.0701	1.6018	1.38158	1.84656	1.94552	3.16178	2.40506	1.28785	1.11886	2.94208	0.559507	1.2509	1.07613	0.39564	1.25087	2.12951	1.91306	1.07613	1.11891	2.15145	2.87781	1.75107	1.52173	1.25095	1.38167	1.41518	0.500413	0.500413	0.707698	0.176933	1.3472	2.37895	2.06243	1.7421	2.65797	2.45646	1.58209	2.96324	1.52173	1.13282	1.45869	2.00089	0.729488	0.729488	0.530785	1.03155	2.513	1.38158	0.707698	0.637896	0.39564	1.58209	1.27563	1.00075	2.76155	2.76722	2.2989	2.32594	2.48181	1.11891	0.884568	2.40509	1.38167	3.72703	3.89043	1.03155	1.52163	2.75023	3.28743	0.637896	1.5114	1.52173	2.79525	2.15866	0.176933	1.25087	1.07611	0.884627	1.28785	2.6284	1.84664	3.32047	1.07611	2.76155	2.18745	4.37201	3.6426	3.13221	2.9263	5.91337	6.01693	5.14474	5.1897	6.41377	5.86115	1.5114	1.2509	0.902101	1.03155	2.12959	2.67557	0.729488	0.395618	1.3472	0.902125	3.74374	3.25902	3.12727	3.05149	2.13685	1.75095	0.637896	0.884568	0.884597	4.753	4.0318	1.45874	1.77758	1.1867	1.58218	1.7776	2.53162	1.59199	2.30561	0.395618	2.6284	1.74201	2.5006	4.9699	4.69063	1.82108	3.00511	3.57365	4.27165	5.38579	5.21052	5.46828	2.13696	1.2509	3.47188	2.92615	0.902125	2.89935	2.85059	4.59031	4.34353	1.42623	1.80375	0.353863	3.18636	2.70452	1.03161	0.559483	0.952751	2.12957	1.25092	0.729488	1.51134	3.0104	4.52583	3.48099	1.50104	0.952705	2.53162	1.76877	0.707698	3.14694	2.53159	2.23696	4.07795	3.89055	2.0701	2.658	2.79544	3.0104	3.08707	2.76174	3.25909	4.24231	0.729488	3.9853	4.2753	5.36567	4.90422	5.13865	6.18882	6.69535
3.43103	3.30146	2.79512	2.35905	1.95336	1.34713	2.0163	1.42602	0	0	0	0	0	0	0	0	0	0	0	0	0	0	0	0	0	0	0	0	0	0	0	0	0	0	0	0	0	0	0	0	0.395583	0.250203	0.395583	0	0.395583	0.559433	0.176916	0.176916	0.559433	0.559433	0.88449	0.729415	1.95334	1.34708	1.77743	3.96941	5.84196	5.18891	1.45859	1.74185	2.12932	2.62816	2.79503	1.82081	1.67787	0.530734	0.530734	1.03146	1.0315	1.42606	1.97718	2.70427	2.65772	0.729415	3.82152	2.37218	1.41504	1.59184	2.30541	2.01635	1.2508	0.95262	0.63784	1.8464	1.58195	1.27552	0.791161	0.952654	1.82081	2.12932	0.395583	1.18665	1.76865	1.07602	0.559433	0.176916	0.791128	0.70763	0.70763	2.2644	2.69268	1.76856	0.395583	2.51278	2.8991	2.37218	2.69845	0.176916	0.353829	1.42602	2.01627	0.884512	0.70763	0.70763	1.38146	2.25056	0.902017	0.902035	1.25078	0.75057	1.67787	1.34708	0.95262	2.94182	3.0917	2.06982	1.28774	2.15847	0.952654	1.25078	2.25056	0.395583	3.55573	4.15677	2.01638	0.176916	3.85802	2.79503	0.902017	1.60162	0.95262	2.65179	1.94533	2.06234	2.12939	1.34713	2.46269	3.71432	3.05119	1.74185	3.37598	1.03146	3.0917	2.53146	6.15556	3.43095	1.60162	1.82089	5.28643	5.12891	3.25875	4.52198	4.253	2.8504	2.23666	1.18665	1.91298	1.84645	1.25078	2.94182	3.18122	2.45635	2.30547	1.82089	1.03146	2.40497	3.25875	3.92202	3.39904	4.24192	4.31103	3.25875	0.884535	3.89009	3.68897	2.37228	1.42608	0.637871	0.353829	1.27552	1.7686	2.69278	2.40495	0.902017	2.62814	0.884535	1.67787	4.62019	4.13797	0.902035	2.30541	1.91289	2.15125	2.15125	1.58195	3.82152	2.57417	3.04085	2.8991	1.34708	3.64236	4.95392	2.85036	3.79293	3.78059	0.559433	1.91289	0.88449	2.40485	2.76131	0.791128	0.95262	2.25068	3.57769	3.09184	2.25068	2.0163	1.03146	1.5215	1.60162	1.95336	0.95262	1.8464	2.13666	1.5215	3.28714	2.37874	0.353829	2.12937	4.15677	2.30547	1.5112	1.00072	2.37228	2.85036	1.80362	1.00072	2.4816	3.5733	4.53894	1.95336	1.1327	2.12939	3.18617	4.02772	4.02772
3.30116	3.43071	3.05091	2.65749	2.30523	1.34701	2.46235	2.15824	0	0	0	0	0	0	0	0	0	0	0	0	0	0	0	0	0	0	0	0	0	0	0	0	0	0	0	0	0	0	0	0	0.176899	0.250181	0.176899	0	0.176899	0.559376	0.395542	0.395542	0.559376	0.559376	0.637773	1.0759	1.95315	0.559399	3.64187	5.2948	4.50085	1.63047	1.27547	0.637814	2.37849	1.1326	4.66317	0.559399	2.61001	0.395564	0.395564	0.250181	1.03141	1.28765	2.18703	3.13149	2.65746	1.97696	4.31038	1.90452	1.00063	1.18654	0.559399	2.01617	1.25068	0.729324	1.87973	2.06961	0.707562	0.791046	0.791091	0.884457	1.34694	1.38131	1.13252	2.40463	1.90461	2.06961	0.559376	0.395542	0.353795	0.707562	0.707562	3.75542	2.6924	0.353795	1.13252	2.51252	2.65151	2.84998	1.97696	0.395542	0.791046	1.18648	1.03135	1.0759	0.707562	0.707562	2.1291	1.75061	0.559399	0.901952	1.25066	0.750504	1.6777	0.901927	0.729324	2.69817	3.09138	1.84621	0.729348	2.4046	1.4259	0.750504	1.75061	1.13252	2.40463	3.36187	2.35884	2.62786	4.52476	1.34701	2.30517	1.25068	1.66834	1.91269	1.38141	2.06216	2.67501	1.34701	3.74722	3.90984	2.61016	2.94151	3.12646	1.03135	2.13644	2.74417	5.74008	1.97707	1.25068	1.82073	4.36055	5.83862	3.94938	4.52158	4.31066	4.25245	3.16117	1.42593	1.87986	2.29846	2.13644	4.65982	4.3677	3.02524	2.30526	1.82073	2.01606	3.02524	3.33407	4.96895	3.00971	5.56799	4.4244	4.2525	2.5311	2.65151	2.47505	2.26432	1.63052	0.729348	0.353795	1.76837	1.27547	2.50024	2.2155	2.30517	1.87973	1.07592	2.61001	4.86807	3.39404	0.901952	1.82062	0.729324	1.76843	2.57392	0.707562	2.37193	3.01999	4.02715	3.64184	1.34694	5.56799	4.13402	2.26432	3.08635	3.2868	0.559376	1.66834	1.63044	2.15824	3.25824	1.27539	2.65151	3.00973	3.57737	3.24885	2.46247	1.03141	0.250181	0.559376	1.03141	2.30523	2.65151	1.2381	3.09138	2.51252	2.79472	2.1291	0.791046	1.38141	4.15635	3.05084	0.637814	2.23644	2.57401	3.18092	2.50012	1.00063	1.87986	3.72646	3.53789	1.67777	1.18654	1.63055	2.87739	4.02736	4.02736
2.18688	3.00944	3.05055	2.46213	2.21518	0.790976	2.37828	2.40439	0.395523	0.176882	0	0	0	0	0	0	0	0	0	0	0	0	0	0	0	0	0	0	0	0	0	0	0	0	0	0	0	0	0	0	0	0	0	0.176882	0.395523	0.530632	0.395507	0.500274	0.395507	0.559343	1.03131	1.25054	0.952471	3.43037	5.49206	4.58228	1.77707	1.27534	1.18642	1.0758	2.18683	1.95298	4.63271	1.13242	2.7945	1.23798	0.707494	1.11858	1.45831	2.06949	3.00944	2.70375	1.13242	2.84973	4.52088	1.74152	0.395523	0.353761	1.42577	1.67755	1.03126	0.901844	2.74946	2.01589	0.395507	0.790976	0.500274	0.884342	2.30503	3.13129	3.24852	3.88944	2.69226	3.64157	1.18642	1.07582	0.559325	0.176882	0.884365	4.06521	2.12891	0.884342	1.63032	2.21518	2.12891	2.76078	1.38119	0.250142	0.952437	1.11854	0.729275	1.25056	1.03131	0.395523	2.37828	1.52121	0.176882	0.637717	0.750386	0.559343	1.34682	0.395507	0.952437	2.92532	2.76644	1.13242	0.729275	2.21518	1.38119	0.5003	1.28749	1.03126	1.18637	1.6682	2.21518	3.9212	4.99641	1.03131	3.7922	0.88432	1.91252	1.45828	0.791009	0.791009	2.47482	2.65141	3.30074	1.91252	2.01589	4.00357	2.01589	1.63035	2.12162	3.4303	4.19685	1.76822	2.06949	2.69794	4.26657	4.65942	3.18546	1.76831	1.80328	3.53308	2.87699	2.62775	1.76831	2.57375	3.98426	6.51876	7.0441	7.00706	6.49766	6.24899	6.12947	4.24482	2.74389	5.13702	3.68837	3.64155	2.25025	3.88944	2.26396	2.15084	1.80328	1.63038	2.35855	0.884342	1.27534	2.83334	2.32527	1.42579	0.750386	2.65721	3.13129	1.75055	2.92532	4.58228	4.5824	4.10722	1.63038	0.395523	0.637717	2.13625	1.25058	2.4811	3.60292	3.04027	3.87335	1.18637	5.96355	2.01589	1.03131	1.6682	2.62766	1.91261	2.15088	1.45828	2.00033	3.14606	1.63032	2.49984	2.91467	1.80328	1.28749	1.03126	1.03131	1.52128	1.34687	0.395507	1.63029	3.00418	1.27534	2.06185	3.68837	4.94043	3.35223	1.38126	3.50672	5.53697	4.5004	3.14622	3.00425	1.60131	2.29824	3.64166	3.39391	2.84986	3.00425	2.12896	0.395507	1.07582	1.18637	0.901844	1.95297	2.65721
3.87319	4.98067	5.51127	4.61902	3.88508	2.30479	2.37148	2.18661	1.28741	0.729184	0	0	0	0	0	0	0	0	0	0	0	0	0	0	0	0	0	0	0	0	0	0	0	0	0	0	0	0	0	0	0	0	0.176865	0.530581	0.559292	0.395488	0.176865	0.353727	0.75036	1.13238	1.25047	0.559268	3.18031	5.33748	4.61902	1.80306	1.34675	1.66813	0.395488	1.07569	1.51082	2.48089	2.00012	2.48089	2.12142	3.05025	3.35203	3.6754	4.03049	3.87718	3.01955	0.500256	2.46199	4.46884	5.14258	2.40427	1.28741	0.729208	1.66813	3.43005	1.97669	1.77689	3.01941	1.13231	1.59138	1.84593	1.82038	2.67454	3.19986	2.84954	2.57352	3.88906	2.65698	4.52041	0.500221	0.790939	1.63016	0.395488	1.06107	3.09079	1.50036	0.500221	1.27514	1.41464	2.47458	2.01571	1.13231	0.176865	0.707426	1.25042	0.729208	0.729184	0.559268	1.11848	2.40417	2.67449	2.54919	2.54919	1.7504	1.34669	1.03115	0.176865	1.13231	3.12586	2.12869	0.729208	1.25044	0.884228	1.51082	1.80306	0.637651	1.34675	2.06176	1.11848	1.58149	3.64121	6.08577	2.46188	3.41172	2.79433	1.34675	0.884287	1.42568	0.884287	1.63024	3.00925	2.76631	1.06107	2.60951	4.35969	0.559268	0.790894	1.34669	3.48393	3.55468	3.05025	2.47458	4.4233	5.28488	2.91438	1.63012	1.45818	3.08588	0.75036	3.6754	4.7417	3.6371	3.49753	4.84513	7.1257	8.67	8.67177	6.98677	6.36316	5.43234	2.79436	2.87664	3.53271	1.27514	2.53072	5.60309	3.64139	1.11843	3.24345	3.51966	2.25005	3.35189	1.28736	1.84586	2.40427	3.22405	2.01568	0.395488	1.03121	2.30481	1.95277	2.325	3.80429	6.23365	7.34994	5.22328	2.06176	0.729208	1.06107	1.27523	1.25039	2.91438	2.53072	3.88906	2.40427	4.02638	3.71317	2.62754	2.89843	3.87315	3.77972	2.49976	0.707426	1.27514	2.85505	4.699	3.37522	0.729184	1.11848	1.07572	0.395466	1.58158	2.00026	2.12878	1.11848	1.42563	2.53061	0.559292	0.729208	2.4043	5.49153	5.56707	6.55363	7.51259	6.77263	4.90234	3.74667	2.51221	1.11848	1.25047	2.60966	3.00405	3.09098	3.01955	1.74143	1.74134	1.00037	2.12869	1.97661	2.21508	3.18519
3.96789	5.38318	6.83502	6.49397	6.08286	5.19008	4.2403	2.8328	1.94459	1.51062	0.176848	0	0	0	0	0	0	0	0	0	0	0	0	0	0	0	0	0	0	0	0	0	0	0	0	0	0	0	0	0	0	0	0.250093	0.395431	0.395447	0.500204	0.500204	0.500204	0.395447	0	0.559235	1.84569	3.14545	3.08548	2.70328	2.49949	3.39783	4.49962	4.73464	4.03007	2.92488	1.76792	2.91418	5.37458	5.86889	5.30503	4.13281	3.00893	2.13592	0.884195	0.559235	2.48063	3.00884	2.70323	2.62713	0.901689	0.395431	0.250093	1.76788	1.8793	4.02618	2.37137	2.46166	1.11836	1.94459	0.559235	1.23775	2.70323	2.48063	0.707358	1.51062	2.92476	2.96184	4.69828	0.707358	1.13221	1.95261	1.66795	2.65084	3.00367	1.63004	1.52099	2.35815	1.91225	2.48063	0.500204	1.50031	2.51194	1.91225	1.07561	1.06097	1.77675	1.84574	1.18619	2.79396	3.77508	2.0156	1.52099	1.45803	2.5488	1.00028	0	0.88415	3.25733	2.0155	0.176848	0.559235	1.27509	1.50031	2.91411	1.42551	0.750242	0.729135	0.395447	0.884195	2.84926	6.32346	5.40875	1.42554	4.74774	5.05115	3.18	0.176848	0.53053	0.500177	0.729117	0.395431	0.790824	3.39769	2.51182	1.52099	1.58135	0.637626	3.80377	3.16029	1.84574	3.64096	3.39773	4.86672	2.06145	0.901671	1.84569	1.82011	3.18482	2.13584	0.88415	2.37127	3.31903	4.02623	1.66795	0.790857	0.707358	1.77675	2.00005	2.21485	4.60174	5.82656	5.19008	6.08544	6.84627	3.28605	2.85466	3.5324	1.42551	3.18491	2.06909	3.39773	3.08558	1.77675	0.559235	4.49938	4.02607	2.29784	1.13226	2.0155	2.0155	0.88415	0.500204	0.952254	2.82728	5.88191	5.0511	2.67428	1.50031	2.57326	3.77933	4.79961	3.9087	3.88871	3.39779	2.32482	1.27503	2.45541	3.64101	4.41258	4.4231	3.39779	2.40395	1.00033	2.74337	3.50605	4.79966	5.57492	4.35948	2.30459	0.637595	1.11833	0.395431	1.458	1.58141	2.06909	3.19952	1.97648	2.29784	3.09066	2.15043	3.12575	5.14222	3.63672	2.30463	1.381	0.884173	0.88415	0.707358	1.42554	1.50031	1.07561	1.27503	0.637595	0.250107	1.52091	1.58135	2.1285	2.51182	0.559218	3.39769
3.96741	2.89788	4.96716	4.8152	4.61811	4.60131	4.70782	3.18457	1.97623	1.91199	0.395396	0	0	0	0	0	0	0	0	0	0	0	0	0	0	0	0	0	0	0	0	0	0	0	0	0	0	0	0	0	0	0	0.176833	0.395413	0.50016	0.50016	0.50016	0.353662	0.353662	0.729071	0.90161	1.42535	1.80274	2.91393	3.0241	1.3465	2.06884	1.84558	3.24761	4.02972	4.23626	1.66781	4.63147	3.55421	3.24283	2.49923	1.76777	0.952171	0.63757	1.11827	1.41438	1.97623	1.87904	1.6299	2.96167	2.57303	1.23764	0.952171	1.80274	3.25704	2.32458	1.51049	2.26333	2.18622	2.62701	2.6506	1.84553	2.99814	2.29756	1.25021	0.637539	2.23561	2.29756	3.2856	0.729071	2.26333	0.952205	1.51054	3.60191	2.53025	1.25023	1.23764	1.42537	1.03097	1.74997	1.52078	2.65647	2.65067	2.49923	1.13217	1.25019	1.67708	0.530484	0.353662	3.49668	3.25704	1.0755	1.07552	1.11823	3.03942	0.790755	0	1.18604	3.48332	1.90382	0.729071	0.952205	0.790788	0.500134	1.99977	1.42535	1.60087	2.30443	1.82004	1.03102	1.25021	5.14156	7.10038	3.55406	2.74313	4.07564	5.18653	1.45787	0.353662	0.176833	0.750216	1.42539	1.0755	3.24747	1.03102	2.01543	3.29982	2.12838	4.49906	1.95244	0.530484	1.11823	1.38081	3.64051	2.32458	2.01543	1.6299	0.63757	3.00334	1.27498	2.37116	4.29444	5.99298	5.59929	4.46801	2.0154	2.30437	3.00858	2.15756	2.23568	5.13559	3.57157	3.2475	5.74061	2.76578	2.5116	1.87904	3.94777	2.84893	1.45787	2.15024	2.15028	3.08531	2.0154	0.559186	5.9851	4.75035	2.15028	1.91208	3.2475	2.5116	0.559169	0.90161	1.87914	1.62986	2.35794	5.52134	3.08524	1.52086	3.36061	2.21466	3.33264	1.62986	3.29982	2.69141	1.76777	1.99988	2.57296	1.66773	1.91208	3.0241	3.81162	3.41112	0.790788	1.87904	0.250085	2.32458	3.6747	5.11755	3.81162	1.03097	1.25021	1.51049	0.530484	0.729071	0.952205	2.65649	2.76578	2.37116	2.12843	1.95242	2.2495	1.03097	0.729053	0.353662	0.530484	1.25017	1.03097	1.34645	1.03102	1.07552	0.395413	1.34645	0.90161	0.559186	1.03097	1.91199	1.74103	2.76567	1.42539	4.10591
5.57363	3.5319	5.66438	6.18707	5.82545	5.28936	5.77219	4.63099	2.57269	2.23538	1.0754	0.559128	0.176814	0	0	0	0	0	0	0	0	0	0	0	0	0	0	0	0	0	0	0	0	0	0	0	0	0	0	0	0	0	0	0	0	0	0	0.500081	0.395355	0.530429	0.728977	0.952071	0.790672	1.58104	2.69113	1.76758	2.48017	2.65621	1.38073	1.59092	3.14485	0.790705	3.75365	2.23545	2.57276	2.2974	2.53	2.40356	1.5207	0.750138	0.55911	1.67691	1.6007	1.66763	2.12816	2.46118	1.74085	0.395355	0.176814	3.88797	4.81484	3.80318	3.60154	3.63587	0.637472	2.51133	2.1281	3.2567	2.23538	1.97608	1.34636	2.01511	1.34631	2.46118	1.60072	2.46118	1.34636	2.01522	3.46956	1.42524	1.0754	0.728977	0.728995	2.12814	2.12081	2.32434	2.15722	1.23751	2.18599	0.952105	1.23751	1.77639	1.03091	0.395371	3.75365	2.62665	2.30415	2.13551	2.13551	2.62665	0.530429	0.176814	1.27479	3.24235	2.13543	1.34631	1.34636	0.901516	1.13199	1.18591	1.62969	2.62665	0.530429	1.11815	1.0754	1.18591	5.53189	7.41996	3.49631	2.06106	1.99956	5.08658	2.62665	0.637472	0.707222	1.00009	1.11815	0.884025	2.06863	1.50002	0.884025	3.13	3.00829	3.90783	0.901498	0.559128	1.87894	2.23545	2.85411	0.750098	1.51038	1.42524	0.952071	2.06115	2.75987	1.0754	3.67414	5.9999	1.66756	4.16552	1.42522	2.18599	2.21433	1.18596	2.74284	4.03299	1.74979	3.12499	5.29216	3.09006	3.36026	1.25008	3.14485	3.14485	1.60072	3.18428	2.54844	1.90368	1.13199	1.03086	5.98448	4.94155	0.176814	1.5207	3.8558	3.64018	1.59092	1.91179	2.18604	3.88797	2.79354	3.9197	2.83224	2.01522	2.45483	0.176814	3.77842	0.901498	2.5299	3.19894	3.35105	2.26321	3.54936	3.5494	3.4291	2.60889	2.01511	4.10548	0.790672	1.51033	0.637503	3.42893	0.559128	4.24303	4.00204	1.81977	0.901516	1.52062	0.250059	0.728977	1.11815	1.62973	1.0754	0.952071	0.250059	1.91179	2.52993	2.01522	2.60889	2.40356	1.13205	1.67691	1.25006	1.51033	0.707222	1.0754	1.03091	1.25006	1.03091	1.34636	2.30415	3.00829	2.65033	2.82674	2.85422	2.79342
6.47303	3.80285	5.22132	6.18653	6.3412	5.65021	6.40864	5.76095	3.0183	2.23518	1.2374	0.901419	0.39532	0	0	0	0	0	0	0	0	0	0	0	0	0	0	0	0	0	0	0	0	0	0	0	0	0	0	0	0	0	0	0	0	0	0	0.500038	0.176799	0.395337	0.951988	0.728913	1.27468	2.54809	2.69089	2.14983	2.06852	3.00801	1.51025	1.77623	1.42507	1.06067	1.27468	1.99949	2.37071	2.21423	2.45473	2.15714	1.52056	1.24995	0.559062	1.67676	1.24997	1.97591	2.6735	2.92395	1.97585	0.883903	1.62953	3.08474	4.74966	3.53159	4.46358	4.60034	0.176799	2.51111	2.37716	2.75948	1.41411	2.12797	1.95205	3.00794	0.901419	2.01496	1.60058	2.01496	1.95205	2.01504	2.65596	1.28692	1.2374	0.395337	1.07529	2.32414	2.12062	2.12796	0.530382	1.84517	1.97587	0.883948	1.07531	1.59078	1.24997	0.728913	3.25642	1.59078	2.30395	2.01504	2.01504	1.59078	0.395337	0.39532	0.790603	2.52968	3.08965	2.79316	1.34624	1.67676	1.38054	0.530382	1.4251	2.40328	2.15704	1.11805	2.06845	2.40326	6.25314	6.20374	2.49867	2.06088	0.999999	4.11644	3.31797	1.87868	0.707161	1.99939	1.11805	1.62955	0.952022	1.80243	0.952022	1.95206	3.00802	3.04912	2.30388	1.34619	2.32417	1.99949	2.1858	0.750033	2.32414	2.85386	0.728913	3.19862	3.0184	3.00277	2.93987	6.98375	0.951988	4.41113	0.952022	1.97587	1.5102	2.40328	3.18402	1.95206	1.24993	3.37375	2.74253	3.24699	2.30399	1.03082	2.40326	2.40326	2.35744	3.77403	2.54821	1.90352	0.637417	2.01494	4.99407	4.69698	2.37716	1.52056	3.63986	3.85547	2.62642	3.63981	3.02349	3.42876	3.12982	0.883926	1.91171	2.65598	1.28688	0.39532	3.28497	1.34619	1.4251	2.4988	3.03899	2.37071	3.17912	3.25654	3.37393	3.04917	1.03077	4.81421	2.2629	1.28688	0.728931	3.18393	0.901419	3.74504	4.00169	1.34619	0.901437	0.559062	0.250037	0.951988	1.80239	1.51025	0.883948	0.728913	0.250037	0.728913	1.94404	2.01504	2.51124	3.184	1.28692	1.67676	1.24995	1.28688	0.707161	0.883948	1.24997	1.24995	1.03082	1.34624	3.04912	3.00802	3.22285	2.23525	2.9611	1.34624
7.26256	4.24244	4.53563	5.7363	5.63042	4.77509	7.04439	8.08553	5.99127	3.72395	1.80226	1.77608	1.24985	0.559028	0.176782	0	0	0	0	0	0	0	0	0	0	0	0	0	0	0	0	0	0	0	0	0	0	0	0	0	0	0	0	0	0	0	0	0.39528	0.250015	0.250015	0.901329	0.883841	1.7672	2.64975	2.46072	2.3572	0.637391	1.80226	3.63968	3.87536	2.87549	2.52953	1.42501	0.790566	0.176782	0.559005	0.901329	0.559028	0.728864	2.12777	1.95188	1.24983	0.176782	1.27454	2.7592	3.03852	1.62936	1.42493	2.69639	3.24173	0.883841	1.62936	4.49076	4.20919	1.91154	3.02319	3.74474	3.00774	1.24988	1.6004	2.01476	2.87529	0.883841	2.01476	1.77608	2.12042	2.69062	0.72884	1.28675	1.07519	1.18569	1.41397	1.76726	1.90326	1.42493	1.13177	0.883841	1.81942	1.3804	0.176782	0.559005	0.951891	1.07519	1.23728	3.01799	1.42498	1.18569	0	0	0.499985	0	0.790522	1.41397	2.32391	2.79287	3.08933	1.34612	2.01476	1.34605	0.559028	0.72884	1.42496	3.79003	1.7672	3.03852	3.25608	6.10306	5.25892	2.13502	2.21391	0	2.96071	4.05919	4.23872	1.81953	1.62936	1.58083	2.47341	2.12042	2.23505	2.45451	2.13513	1.95186	1.81942	2.52942	1.80221	1.62936	0.559005	1.34605	1.03067	1.95188	4.26784	1.87861	3.90709	2.65573	3.87113	2.47341	7.44947	3.03872	3.03852	1.27463	1.23728	0.530331	2.87535	3.35967	2.40317	2.12775	4.00127	2.52945	3.24192	2.60843	1.13185	2.23505	3.6863	4.29329	5.63875	3.53128	3.01799	1.07521	2.52945	3.88712	4.38246	3.08431	2.12783	3.72395	3.12941	2.51085	4.38246	3.14425	1.03067	1.95186	2.21404	2.64993	3.00774	2.01486	2.13513	1.81942	1.59063	1.51011	0.728864	0	0.707093	2.12775	2.40313	2.54799	3.88726	4.07443	4.11601	3.53105	1.58083	2.06079	3.54871	2.52953	2.45436	3.63517	1.90335	1.62947	0.901354	0.395302	1.06057	2.12042	1.97576	1.81953	2.37708	2.64993	1.74061	1.42496	0.250015	0.559028	2.37691	1.07519	1.34605	1.18569	1.1179	0.530331	0.559005	1.2498	1.18569	1.13177	0.883841	2.26266	2.99725	2.84815	2.23505	1.06057	2.54783
7.12594	4.65655	4.46631	6.40742	5.87915	7.94255	10.3569	11.5465	11.0248	8.51138	4.97782	3.63925	2.57205	1.97555	1.58067	0.951839	0.353526	0	0	0	0	0	0	0	0	0	0	0	0	0	0	0	0	0	0	0	0	0	0	0	0	0	0	0	0	0	0	0.176765	0.249989	0.249989	0.558972	1.06047	2.06805	2.29672	3.00743	2.85332	1.5202	2.67302	3.12428	2.15673	1.27449	2.14945	2.37025	2.12761	1.74043	1.28664	1.5806	1.06047	2.15662	1.90315	2.74207	1.99911	1.24973	1.1178	2.89662	2.6259	1.42487	2.84797	3.54841	3.08405	0.530281	2.37015	3.91861	2.35698	2.74778	3.74444	4.77464	3.08415	2.54773	2.76472	1.52027	1.45735	2.40292	1.76709	1.50991	1.60025	3.31734	1.24971	0.901264	1.60025	1.42482	1.84482	1.06047	1.5806	1.50991	0.176765	1.24971	1.28664	0.883734	0.637325	0.728791	0.728773	0.637294	0.558954	2.37015	1.67644	0.558954	0.176765	0.249989	0.558954	0.176765	0.883734	2.01455	1.74037	1.27443	2.49823	2.26258	3.25592	3.15893	2.7591	2.24876	1.6293	4.42083	3.29855	4.33944	4.1194	4.7648	4.97764	3.02291	2.70196	1.42482	1.06047	3.08415	5.25866	4.63983	1.7493	3.94642	3.62218	1.50996	1.13173	2.15673	2.69048	1.6293	0.883734	1.03057	0.707025	1.03057	0.176765	0.637294	0.353526	2.74207	3.54841	1.77589	2.47946	2.46058	1.76705	0.249976	5.13969	5.28215	3.6393	2.14945	1.97555	2.49832	2.91274	1.97549	1.74043	2.91274	4.94018	3.87076	0.790484	1.95167	3.15893	4.90271	5.8635	6.15053	6.20275	4.0588	4.33944	2.74207	3.08415	1.74037	3.74439	4.42452	4.61649	3.74033	2.47948	2.49823	2.74764	3.37317	1.60025	2.60816	4.13466	3.48214	2.13492	1.66717	2.37025	1.76714	1.60027	1.34598	0.558972	0.353526	0.790484	1.62927	2.06058	2.15673	3.08413	4.96531	2.37025	2.96044	1.95169	0.249989	2.35698	2.49823	0.707025	2.89662	0.728773	0.499942	1.03057	0.395244	0.637325	1.91135	2.40289	2.13492	3.68593	4.11584	3.53524	2.01458	0.728773	0.749928	2.37025	3.42815	3.03841	2.13492	1.45735	1.03062	1.28667	1.94367	1.95167	1.34593	1.50991	2.21381	5.30238	1.24973	3.37321	1.99901	3.77331
2.14925	1.07498	3.50386	5.11191	2.37662	4.76462	6.35879	7.24222	8.56722	8.26244	4.77417	3.46825	1.95148	1.50982	1.62912	1.42468	0.79037	0	0	0	0	0	0	0	0	0	0	0	0	0	0	0	0	0	0	0	0	0	0	0	0	0	0	0	0	0	0	0	0	0	0	0.637228	1.50975	1.45721	3.15848	3.87036	2.52894	2.45389	0.901156	2.2965	1.62916	0.395226	0.951754	1.38023	1.80192	2.52894	2.2484	1.03047	3.00705	0.176748	1.23705	1.34586	1.77572	1.45717	2.37646	1.97527	1.80192	2.37662	2.40267	1.45717	1.2743	3.24111	2.69587	0.53023	0.951754	2.62565	3.48162	1.07498	1.24964	1.8447	2.06027	2.12734	1.81918	0.558898	1.67627	0.901156	2.87474	1.42465	0.395204	0.951708	0.901156	1.38013	0.706957	1.76686	1.76686	0.79037	1.38013	0.637228	0.353492	0.790414	0.883701	0.901181	0.901181	0.637269	2.06027	1.66692	0.395204	0.395204	0.249967	0.558898	0.395204	0.53023	2.60778	1.67627	0.901181	1.67627	1.03053	3.04823	2.79248	2.30335	1.87825	2.4981	4.32474	3.18303	4.93967	5.12399	3.18299	4.339	3.317	2.29644	2.06784	0.728724	0.499889	1.94349	4.68574	5.85472	3.94591	3.02261	1.13156	1.23705	0.558898	0.901156	1.18546	0.395226	0.637269	0.499924	0.951708	0.637228	0.395226	1.34579	3.00188	0.395204	2.13461	0.176748	0.353492	1.42471	2.65519	0.74981	2.35682	3.14386	3.89849	3.25562	2.40267	4.61577	1.77574	0.749863	2.37646	5.14806	4.18252	2.52907	1.45721	4.07359	3.00206	2.69024	2.84766	2.29644	4.65586	3.12379	3.12881	1.52014	1.03047	1.97538	3.15865	2.5475	1.11774	1.66692	2.79236	0.395226	2.14925	4.42038	3.94585	2.23462	2.36991	0.353492	0.951708	0.249967	1.34586	3.02266	2.6258	2.18516	0.79037	0.353492	0.499889	0.395204	0.395226	0.79037	1.76692	3.01741	1.97538	4.41348	2.01445	1.6001	2.21348	0.176748	3.18299	1.77574	1.74028	1.11774	0.706957	1.13156	0.53023	1.76686	1.2743	3.24111	1.77574	4.11522	2.62562	0.395204	1.76692	2.45404	2.79251	2.51054	1.66702	0.790414	0.728724	1.23705	1.62912	2.47922	0.53023	2.79236	1.91118	5.98996	4.55159	2.939	5.28721	3.29822
1.34572	1.34572	3.00678	3.77259	3.8541	3.39559	5.4649	7.21618	8.67712	8.54335	5.68069	4.98605	2.84734	1.06027	1.07488	1.67612	1.28639	0.499872	0.395185	0.176731	0	0	0	0	0	0	0	0	0	0	0	0	0	0	0	0	0	0	0	0	0	0	0	0	0	0	0	0	0	0	0	0.499846	0.999616	0.7903	3.12352	4.06174	2.70144	2.67251	1.58036	1.27419	0.395185	0.901091	0.951657	0.353458	2.06765	3.46793	1.84446	1.13146	2.62539	0.790333	1.11762	1.28642	1.77555	0.7903	1.6289	1.23693	1.59017	0.728651	0.353458	0.353458	1.13146	3.08847	2.60755	0.728634	1.06027	2.87449	3.00678	0.749745	0.530179	0.7903	2.75843	2.64901	1.03038	2.13442	2.06772	2.26215	1.8017	1.18536	1.03038	0.901073	0.901073	1.13146	0.7903	2.21329	1.81891	1.13146	1.49923	0.353458	0.951657	1.18541	0.790333	0.883586	1.42457	1.7668	2.29628	1.59994	0.951657	0.790333	0.353458	0.637172	0.728634	0.637203	2.35653	2.30304	1.23693	1.42455	1.03042	3.08847	2.52874	2.54724	3.12368	2.87464	2.149	1.90272	4.59858	5.11147	2.303	3.87404	3.63844	2.57148	2.3697	1.13146	1.42455	1.0749	4.26656	8.00744	4.36707	3.08847	2.32324	0.790333	0.883564	0.176731	1.45703	1.06027	0.395169	0.249941	1.24945	1.18536	0.499872	2.06765	3.24563	1.24947	2.51015	1.24951	1.51998	1.03038	3.08344	1.13151	1.38001	1.42459	3.80944	3.88623	7.12031	9.68465	8.32424	8.35883	7.03388	7.06847	4.36369	2.82541	2.06765	4.06174	1.7401	1.28642	1.59017	2.15631	4.85082	3.02233	3.72292	2.93888	1.95132	0.558864	0.901073	1.28642	2.14904	2.82541	3.25522	2.3698	3.78913	5.53217	4.49644	2.01417	3.00678	0.558864	1.42457	0.790333	0.499872	2.12709	0.176731	2.62542	2.13451	2.24833	1.51998	0.249928	0.749784	0.901073	0.558847	4.65879	2.01419	4.62877	1.97511	1.7401	2.83092	2.01427	3.24563	1.34567	0.249928	0.176731	0.499846	1.18536	1.03042	2.01419	1.67612	3.3167	1.80174	3.96511	2.87449	0.530179	2.62542	1.28642	0.883586	0.728651	1.23693	0.999668	0.637203	0.530179	1.62896	1.77555	1.27419	2.87449	0.558864	5.12355	5.97653	2.64901	6.00993	3.25529
1.37996	2.26195	0.499828	3.37234	4.74743	3.96494	5.13837	7.8243	10.4857	10.996	9.01171	8.48578	6.3382	3.02208	1.59002	1.62876	1.59981	1.62884	1.76664	1.45693	0.530128	0	0	0	0	0	0	0	0	0	0	0	0	0	0	0	0	0	0	0	0	0	0	0	0	0	0	0	0	0	0	0.395128	1.03027	1.13134	2.30276	3.2549	3.19713	2.67226	1.59981	0.728585	1.77538	2.3029	2.76395	2.45357	3.8977	3.00656	0.39515	1.03027	1.91069	0.530128	0.499828	1.34553	1.37987	0.55879	0.637106	1.03033	1.1853	0.637147	0.39515	0.249901	0.951525	1.99841	2.76379	1.77538	1.06016	3.14305	2.87419	0.353424	0.558814	0.176714	2.01399	3.1776	2.60743	3.00656	2.12702	2.26195	1.11752	0.530128	2.01396	1.50946	1.45689	1.42438	0.900983	2.2341	1.95111	0.706821	1.24935	1.2494	1.45693	0.999581	1.03033	1.80157	1.97497	1.27414	0.900983	0.883472	0	0.249919	0.883472	1.24935	1.0748	0.790262	1.62881	2.83063	2.14879	1.11752	1.37996	3.68474	3.74331	2.26195	1.3456	1.50946	2.93863	4.62861	4.84092	3.31636	1.90253	3.40881	3.6381	3.29759	2.92253	2.62512	1.95111	1.62876	3.99198	7.71612	4.46143	2.30284	0.883472	1.07477	0.499793	0.353424	1.03027	0.883472	0.749666	0.176714	1.6666	1.34553	0.39515	1.76652	2.7412	0.951571	2.32302	2.18474	1.3456	1.67602	3.33038	0.637147	2.92253	1.84435	3.2453	4.59822	8.29408	8.65726	6.29702	6.40589	7.49201	8.43931	5.32727	4.05763	2.29611	2.62515	1.42441	2.06	2.54701	1.80157	3.72243	3.00131	1.27405	1.18523	0.530128	0.249901	0.176714	2.01406	3.99225	5.36764	5.23956	4.36692	3.94532	3.71	3.40881	2.57122	3.40881	0.901008	0.790218	0.901008	1.2494	1.11747	1.62876	3.86989	6.10116	5.99689	5.04737	3.73927	2.21319	1.28631	2.65469	6.69829	3.63829	6.02218	3.35838	1.28626	1.84435	1.90262	1.11747	2.29611	2.01409	1.58022	0.749719	0.395128	0.637147	1.18523	1.91069	2.40209	1.27405	2.74683	2.60728	2.12696	3.3722	1.3456	0.901008	1.51985	2.13432	2.12702	2.15613	1.67602	1.67595	1.03027	0.999511	2.30276	1.73994	4.58465	4.99164	1.11752	5.90368	8.32171
1.62865	1.1313	2.91162	2.64857	0.951474	0.55874	0.395093	3.35804	7.73539	10.9122	10.7225	10.7668	9.83666	7.07799	4.84044	2.83038	1.62865	1.1313	1.1313	1.76641	1.42428	0.35339	0	0	0	0	0	0	0	0	0	0	0	0	0	0	0	0	0	0	0	0	0	0	0	0	0	0	0	0	0	0.176697	0.9009	1.41329	2.1194	2.672	3.22105	3.37192	3.15772	3.9173	3.55149	1.49902	1.18513	0.790148	2.4532	2.29588	2.60716	1.274	1.13124	1.51961	1.45679	2.3026	2.12673	0.728512	0.35339	0.395093	0.249893	0.176697	0.728494	1.59966	2.01386	1.59966	1.27394	2.1341	2.37592	1.90236	2.52823	0.883417	0.395093	0.35339	0.900918	2.23397	2.37592	1.58987	0.24988	0.395093	1.18513	0.558757	2.12669	2.01378	1.27394	1.76637	0.63705	1.11737	2.06733	1.95094	0.706754	1.274	0.395109	0.530077	0.395093	1.42425	0.63705	0.395109	0.55874	0.63705	0.499776	0.74964	1.45675	1.45675	0.728512	0.395109	0.395109	2.40188	2.89551	0.883439	1.58	4.07244	2.79158	0.999424	2.52825	4.41222	4.29487	3.9996	3.48081	1.66653	1.13124	2.7579	3.24498	3.25455	3.00621	3.37181	1.8776	1.67579	4.69428	6.44314	3.56883	2.26171	1.99834	1.50938	0.706754	0.35339	0.63705	0.900918	1.42425	0.499776	1.84411	1.62861	0.35339	0.790148	1.90242	2.625	1.13124	3.56889	4.12928	2.84688	2.13401	0.35339	3.37181	2.18454	1.45675	4.88798	7.15726	4.84035	4.26594	3.55149	4.50589	4.98518	4.96342	5.43849	6.75716	7.026	6.87848	6.26706	5.01	4.46116	5.18558	3.72217	3.24513	2.62503	1.45675	0.883439	2.625	4.98518	4.84051	4.33796	3.68452	2.69524	1.07469	1.76641	3.37188	1.24925	2.52825	2.26171	1.66653	1.24925	1.84416	2.79169	4.24766	5.21833	5.37001	5.47244	5.85335	6.30858	6.9295	6.1307	4.51979	5.98829	3.68452	8.31899	10.6248	8.73478	3.39489	2.35608	3.98011	5.14689	4.35577	2.625	1.90242	1.37982	1.62867	2.30267	3.70967	4.29123	4.12928	4.09152	3.90537	3.63788	1.59966	0.790148	2.91169	4.59792	4.41934	3.62079	4.24775	5.63894	6.4601	5.82964	4.6581	4.89766	5.83229	6.1905	3.74301	1.58987	1.51969	1.42432
1.57992	2.12661	3.04706	1.28601	1.66628	0.883362	0.883332	0.749575	3.56856	6.8665	7.5552	8.73377	8.39417	6.51137	5.87625	3.80833	1.67562	0.249854	0.249871	0.883303	1.57983	0.790067	0	0	0	0	0	0	0	0	0	0	0	0	0	0	0	0	0	0	0	0	0	0	0	0	0	0	0	0	0	0	0.353356	0.883332	1.42414	1.58972	2.12655	3.08266	3.28296	3.08775	1.97462	1.99803	2.12652	2.06714	2.57083	2.40179	2.01371	2.18432	0.395052	2.37555	0.790067	1.3796	1.66628	0.636984	0.558683	0.249854	0.249871	0.395052	1.57983	2.49703	1.57992	0.499732	0.17668	0.558707	0.883362	0.353356	1.90216	1.91032	0.558683	0.17668	0	0.17668	0.395052	0.17668	0.249871	0.17668	0.530026	0.900811	1.3796	2.40163	0.749523	2.24754	1.62845	1.1312	0.636984	2.52797	2.01357	0.558683	0.749523	0.558683	0.728421	1.57983	0.530026	0.17668	1.42414	1.03014	0.728421	0.353356	1.18501	1.13112	0.395052	0.249871	0.249871	2.7463	4.06054	1.03014	3.62023	3.72172	1.42411	1.27381	3.03678	4.02218	2.26136	0.395052	0.530026	0.883332	0.530026	2.87364	3.77552	3.18177	3.03678	2.87364	2.01357	0.749575	5.13714	6.54643	3.25421	0.353356	1.05996	1.27389	1.28601	0.636984	1.18507	1.66638	3.03678	1.07459	1.95073	2.0136	1.3796	1.07459	1.07459	0.790111	3.68404	1.11726	3.6333	4.02245	2.6248	1.51956	4.06054	3.96394	1.57992	1.90216	7.38757	4.46057	1.87753	3.86891	8.33415	3.46692	3.53352	4.30534	5.5697	5.08303	4.41895	3.18198	2.528	2.40163	5.23236	2.89521	2.12646	0.883303	2.64823	1.94274	3.88102	4.93793	2.50958	1.1312	1.27381	0.706686	2.369	0.706686	2.8246	2.23376	0.353356	2.05961	2.54653	1.11731	2.76326	2.74077	3.52914	3.7384	1.34534	1.844	3.00082	2.79144	3.99925	4.81443	2.76342	3.62023	5.63807	5.18225	7.62564	10.1813	5.6898	2.68907	4.65411	2.50958	4.23985	2.0136	1.24913	1.18507	1.45665	1.62853	3.08257	4.02224	3.19652	3.72181	2.76342	2.12661	1.51946	0.636984	5.18205	3.78807	3.77159	2.50958	3.12773	3.77578	4.51938	4.87501	4.49536	4.40844	4.90981	4.46076	2.7578	0.706686	2.4531	4.49536
0.636958	1.34521	2.82982	1.91025	2.64807	1.66621	1.07449	0.951257	1.13102	3.91636	5.07317	7.82964	7.93772	6.10922	6.24847	5.70287	3.46661	0.883247	0.395034	0.636928	1.2737	1.05986	0.88327	0.636958	0.395034	0.176663	0	0	0	0	0	0	0	0	0	0	0	0	0	0	0	0	0	0	0	0	0	0	0	0	0	0	0	0.395017	1.02998	2.1336	2.18417	1.27376	0.529975	0.558632	1.13102	2.5705	2.91114	2.95883	1.66621	0.49968	0.706618	2.62441	0.900745	2.37534	1.11716	1.45647	1.66613	0.951257	0.728354	0.249832	0.249845	0.395017	2.40142	3.24439	1.74838	1.67553	1.37955	1.87734	2.37546	2.52784	2.70046	3.46661	1.34516	0.249845	0.395017	1.11719	1.13108	0.529975	0	0.176663	0.176663	1.2737	1.07449	2.79104	0.529975	2.12632	3.00572	1.34521	1.02998	1.87724	2.54614	0.353322	0.883225	0.558632	0.395017	1.62828	0.900727	0.728372	1.57969	0.395034	1.37948	0.706618	0.951257	0.883225	0.499654	0.176663	0.249845	2.79102	4.65367	0.176663	4.02955	4.15084	2.32235	1.2859	3.23958	3.12232	2.45908	1.23645	0.789996	0.395034	0.636958	2.49675	4.02183	3.14217	2.79102	2.6946	2.15538	1.13102	4.13207	7.00033	4.06019	0.55865	1.24897	0.900727	2.01342	1.59935	1.42402	1.05986	3.55066	2.13369	2.18417	2.14818	1.90199	0.789996	1.2737	1.45647	3.34809	3.6837	1.2737	1.99796	3.15712	2.29544	5.25545	5.52997	1.91025	2.37546	7.00036	5.46271	3.37134	5.82047	8.39872	4.12836	3.72156	3.57261	1.24903	0.900745	3.00579	4.81394	5.59665	6.18933	6.51785	3.04684	2.64807	3.18162	3.70896	1.95057	2.74606	3.24439	1.97442	1.62836	1.73937	1.05986	2.82433	2.91107	0.728354	1.95057	2.32239	2.47805	1.18495	1.13102	2.60655	2.67148	3.17668	3.59847	1.84381	0.636958	1.66613	0.636958	0.176663	1.34516	3.0006	5.29951	6.62043	2.45273	5.53006	8.75188	5.12162	3.39424	3.28245	1.24903	3.00563	2.7405	3.37134	3.24451	1.24903	0.249845	2.79102	4.50502	2.47175	3.6837	1.57976	1.97442	3.39419	1.24901	5.03954	1.94255	2.0593	0.789996	2.62439	1.59933	2.45908	2.52774	1.80101	1.05986	1.1849	2.13369	3.08238	3.42613	2.87349	1.41302
1.07439	2.12614	2.65367	1.66606	2.47782	2.06674	1.76596	1.42392	1.62814	2.91077	4.29001	8.0738	9.9686	8.99651	8.16367	8.25238	6.8563	3.51531	1.90189	1.42386	1.07436	1.02994	1.18485	1.02994	0.951206	0.70655	0.176646	0	0	0	0	0	0	0	0	0	0	0	0	0	0	0	0	0	0	0	0	0	0	0	0	0	0	0.176646	0.95116	3.49297	1.6753	1.05976	0.394998	0.558576	0.394976	1.42389	2.40133	3.63686	3.52858	2.79088	2.13339	1.84357	1.76591	1.81802	1.76585	1.66596	1.87704	0.558576	0.95116	0.249806	0.394998	0.394998	3.38919	3.78713	0.900638	0.749379	1.58941	2.45263	2.49666	1.76596	1.97421	3.97886	3.00543	2.5091	2.40133	1.90189	1.62822	1.77472	0.728281	0.353289	0.353289	1.74811	1.28581	3.17638	2.67119	0.353289	2.35547	3.00543	1.02994	1.11709	3.02087	1.50895	0.70655	0.558576	0.394998	1.81802	1.27357	0.394976	1.24884	0.70655	1.9018	0.900662	1.05976	0.883163	0.529924	0.353289	0.249823	2.01322	4.63665	3.47535	1.42386	3.25365	3.85213	2.47152	4.28991	1.97421	1.18478	1.76591	1.59917	0.70655	0.176646	1.57953	3.86817	3.73768	2.91077	3.04648	3.02092	3.0821	3.04648	6.46738	4.24627	0.176646	0.749379	1.50889	2.74015	2.18397	1.97424	2.06674	3.46638	4.36525	4.24657	2.79091	1.24889	0.394976	1.37934	1.42383	1.99765	3.01568	3.34775	2.12606	1.59917	2.49649	6.15859	6.48871	3.01582	4.24657	7.13603	7.3386	6.76657	9.47306	6.99776	2.21221	1.76596	2.79088	4.19145	6.67307	9.70353	11.034	10.3719	9.78669	6.78695	2.95856	1.57962	2.67123	2.11879	0.951206	1.02987	2.85152	3.77506	3.00033	3.17638	2.67119	0.353289	4.11286	1.02987	1.45633	1.24887	2.13339	0.636861	0.728281	0.999128	1.23633	2.67119	3.53287	3.47535	2.95856	0.558599	1.37943	1.41289	0.749431	3.02092	4.43898	2.87315	3.02092	6.8652	4.96188	2.35547	3.0364	0.789959	0.636861	1.91008	3.50209	4.6932	5.1842	3.02087	0.636902	2.64772	4.37911	1.18478	3.25359	0.789915	0.558599	2.84602	2.76289	2.64772	2.62411	1.73928	3.0364	3.88429	1.50895	2.64772	1.97413	1.84357	1.74811	1.73928	3.18137	3.0364	1.62819	0.749379	1.28581
1.27345	1.66581	1.37922	0.789845	1.49837	0.789845	1.07428	1.02983	1.67515	1.8434	1.62802	4.49391	7.28781	7.24369	6.23495	6.34233	6.40254	4.0899	2.12592	1.90163	0.951075	0.249797	0.558525	0.394958	0.706483	0.951075	0.394941	0	0	0	0	0	0	0	0	0	0	0	0	0	0	0	0	0	0	0	0	0	0	0	0	0	0	0	0.636805	3.57176	2.1837	0.706483	0	0.499558	0	0.394941	0.394941	0.789878	1.90988	3.00513	3.70816	0.558525	1.3449	0.951075	1.76569	1.66581	2.01301	0.176629	0.99904	0.499558	0.394941	0.249797	4.2386	3.37052	2.57001	1.49845	2.75684	1.11694	0.636805	0.883078	0.728232	2.64749	2.1478	2.84579	2.36843	0.789878	0.706483	1.80066	1.90979	0.176629	0.176629	2.01301	2.01301	2.01303	3.24377	1.77453	0.353255	2.23304	1.76574	1.18472	2.52728	1.97398	0.636836	0.706483	0.499584	1.73903	1.67515	0.900554	0.900554	1.23622	1.50875	0.558525	0.951075	0.706483	0.394958	0.176629	0	0.706483	2.67097	3.73746	3.02063	1.3449	3.77447	2.85113	4.19087	1.51911	0.728232	0.951075	1.67515	1.07428	0.789878	1.11694	2.99989	3.70816	2.92115	2.1837	2.23311	2.84579	2.15507	5.52892	4.76116	0.728214	0.499558	1.87688	2.8944	1.50875	0.900573	1.18472	1.90988	2.40108	2.40108	1.95019	0.558525	0.394941	0.951075	1.42375	2.11859	1.11694	3.01541	3.85178	2.65344	3.77042	5.76612	6.6191	2.76249	2.32195	5.29834	7.08369	5.80607	7.06437	3.52821	3.54998	5.42509	6.15586	5.43641	7.20574	8.26079	6.69536	5.52919	4.53171	3.02059	3.8678	0.529874	1.24875	1.59904	1.07426	0.353255	1.77455	1.87698	2.14777	2.29496	3.53251	2.47128	4.02106	1.62796	2.1332	1.28568	2.62391	1.24877	0.900554	1.24875	1.34495	1.28565	1.28565	1.84346	2.82378	2.99989	1.24875	2.29491	0.353255	2.54565	2.85113	1.51911	4.35395	5.04777	1.57939	1.18467	1.02978	0.558525	2.32191	1.66589	1.13086	2.14777	4.41745	4.16117	0.529874	1.62796	3.57178	2.21211	2.91051	1.76574	1.62802	1.02978	2.47756	1.42375	4.17976	2.21211	3.32897	2.84579	1.42371	2.69408	1.27345	1.87688	3.08669	1.95017	1.58926	1.13081	1.6752	2.37501	2.295
1.27332	1.27332	1.18462	2.30158	2.13309	1.18462	1.66574	2.01293	1.77438	1.80049	0.499541	2.64722	5.91301	5.98282	6.18737	6.65548	6.52527	5.15624	3.52779	2.84543	1.84329	1.62791	1.42362	0.558492	0.558469	0.882993	1.2734	1.2734	0.728165	0.176612	0	0	0	0	0	0	0	0	0	0	0	0	0	0	0	0	0	0	0	0	0	0	0	0	0.394901	2.527	2.76221	0.394901	0.636739	0.728165	0.353221	0.499506	0.499506	0.353221	0.63678	1.62779	3.54531	3.14145	1.87681	1.07418	1.62787	1.80053	1.27332	0.789808	1.4561	1.4561	1.18462	1.66574	3.32847	2.68804	1.90959	0.249758	3.00483	3.31464	2.1258	0.900489	0.394923	1.49821	0.883023	1.07418	1.42359	1.62783	0.636739	0.882993	2.829	2.01293	1.42365	1.57923	2.49601	1.27332	3.03562	1.5086	1.24863	0.882964	1.45605	0.353221	2.05869	1.49821	0.63678	0.728165	0.394923	1.24863	1.97383	2.1476	1.50866	1.07418	0.353221	1.18462	1.59887	0.900465	0.176612	0	0	0.176612	0.558492	1.59887	3.12642	1.51897	2.79019	2.50845	3.57142	1.87681	1.28557	0.882993	1.57923	0.706415	0.728165	1.28552	2.64722	3.38855	3.14124	1.51887	0.883023	1.87681	1.97383	4.11583	4.65564	1.67505	1.02974	2.06626	3.52767	1.90959	0.728165	0.499541	0.63678	0.176612	1.942	2.82903	2.06635	1.81778	1.24869	0.558492	1.34476	0.529823	2.12565	2.8941	1.90143	2.62361	4.87291	6.37299	3.38855	2.40071	4.69201	6.75355	5.99305	6.12741	2.40071	7.65427	4.93607	5.82956	5.39042	5.85041	6.07713	1.62787	1.18462	2.99967	4.6257	5.18	0.249758	0.558469	1.66564	0.950978	1.42359	1.80049	0.728165	1.97378	1.80049	2.45201	2.35494	2.0128	2.21192	3.02035	1.51897	2.45836	0.900489	1.2361	1.80049	1.80053	1.62791	0.636739	1.49832	2.82351	4.65233	1.97378	3.34711	2.40087	3.35643	3.24344	0.636739	4.13085	4.26729	1.87681	2.21192	2.06626	0.499541	1.76551	0.706415	0.882993	2.18348	4.417	4.72812	1.90152	2.91031	3.54536	2.99459	3.91537	3.08139	0.636739	2.62361	1.4561	2.84554	4.36064	1.97383	1.77438	1.49821	2.85084	1.81767	0.950978	2.05869	3.08135	2.45848	3.18076	3.34725	1.57932	0.63678	1.59889
1.05945	1.66557	2.54529	3.00464	2.89399	2.2466	2.30134	2.26041	1.81759	2.11818	1.57915	1.84305	4.5033	5.28285	6.99574	8.7764	8.59004	6.90995	6.14463	5.35534	3.29549	2.01272	2.60566	2.62349	1.67488	2.0586	3.28136	3.66978	3.04567	1.24851	0	0	0	0	0	0	0	0	0	0	0	0	0	0	0	0	0	0	0	0	0	0	0	0	0.176595	1.41248	3.63568	2.06607	1.05945	1.27327	1.1845	0.636714	0.558418	0.176595	0.249736	0.558436	2.15466	3.52754	3.63154	2.87239	1.34469	0.789727	0.176595	0.728075	0.998901	2.15466	3.38842	3.91505	1.74771	2.01272	2.54529	0.728093	1.4235	3.63582	4.17914	2.56958	0.636714	0.636683	1.07407	1.4235	2.2466	3.39289	1.02959	1.74762	2.79008	3.91505	3.54945	1.9972	2.36788	1.11677	3.4742	1.81751	0.882886	0.176595	1.37895	1.84305	1.2854	1.02963	1.76544	1.49816	1.1845	1.37903	2.26041	3.12622	2.6879	1.57915	1.13059	0.529772	1.51874	1.02959	0.394865	0	0	0.394865	0.558436	1.28544	2.84516	1.50851	1.02959	1.84305	1.57909	1.87662	1.87662	1.58895	1.67483	0.882909	0.558436	1.2854	2.84512	3.52736	3.36988	1.76535	1.13059	1.41248	2.47081	2.85059	3.36988	1.42348	1.62774	2.52685	4.97289	3.25268	0.636714	0.499489	0.728093	2.05851	4.42019	3.7076	3.08625	3.14113	2.85069	1.50851	1.34464	0.998849	1.99709	2.37443	2.05851	3.80652	4.91358	5.61629	3.63563	2.89385	4.62523	6.47033	5.4831	5.12873	5.73041	9.92198	7.55164	6.53427	5.88151	6.10702	6.16699	2.79008	2.45823	4.23424	5.64375	7.13402	3.42487	2.93663	2.87239	1.07405	2.29447	1.77421	1.51882	2.01265	2.2603	1.90942	1.58895	0.789693	2.52685	2.54529	1.4235	1.90126	1.94181	2.75646	2.01272	1.67483	1.4235	2.65293	1.80036	1.7387	4.02029	2.14736	2.24649	1.45595	2.76196	4.11172	3.18036	5.30902	5.29449	3.23849	2.18334	2.3013	3.0355	2.89399	2.62349	3.12622	2.9577	4.40969	5.84994	5.00714	4.10058	4.14935	4.96377	6.46588	7.10625	4.51381	4.28877	4.33548	4.51381	2.91002	0.728075	1.27327	4.40969	4.80884	3.66978	3.0355	1.50851	1.59874	2.4519	2.75646	3.08625	2.35478	0.998901	1.50846
1.90116	1.51868	1.34457	0.950841	1.49803	2.05842	0.882854	0.49941	0.558362	1.57892	0.882854	1.24842	1.81733	3.08089	4.7012	7.38354	8.63134	6.88935	6.2775	6.35267	4.12636	0.636658	0.998814	2.18307	1.57901	3.04539	3.15563	3.28107	4.40926	3.12582	0.353153	0	0	0	0	0	0	0	0	0	0	0	0	0	0	0	0	0	0	0	0	0	0	0	0	0.176578	2.32124	3.89472	1.67466	1.97348	2.26022	1.45582	0.882824	0.636617	0.394847	0.394847	0.49941	0.176578	1.02948	2.5449	1.13047	0.176578	0.176578	0.998744	0.900292	1.45582	2.52662	2.40041	3.17998	2.69329	2.56925	1.27308	2.36764	1.3445	2.18307	3.03503	0.636617	0.789656	1.07397	0.529721	1.45577	2.84482	3.23801	2.45789	1.97341	0.950841	2.84499	3.54913	2.78981	1.74756	3.9617	3.17995	0.950796	0.529721	1.99688	1.87632	1.50838	2.45169	2.24641	1.73861	1.24842	0.353153	0.789656	1.77402	1.07395	1.13047	1.3445	1.45582	1.41234	0.636617	0.558362	0.24971	0.394847	0.529721	0.394825	0.24971	2.12524	1.73852	1.42337	2.14719	1.24845	1.02948	0.558362	1.51858	1.51858	0.789612	0.394825	0.789612	2.69329	4.24465	3.63525	1.76517	1.90922	2.06586	1.94961	2.32124	2.52652	1.62748	1.05935	2.01255	6.01245	5.37473	0.176578	0	0.353153	3.87068	5.20281	2.36777	1.90935	1.51868	2.35456	2.7392	2.65268	2.23248	2.82849	3.631	3.17995	7.00141	6.93362	6.56399	4.28837	3.01972	3.91445	6.10616	4.41967	4.76008	7.7166	6.96207	3.47385	4.68147	3.18015	3.47385	3.79796	1.18439	1.62748	2.87199	2.18307	6.33338	5.90183	4.76008	3.36976	3.12582	2.45789	1.80019	2.05842	2.82297	2.35449	1.67466	1.41234	2.35449	2.45789	1.13047	1.59859	2.36764	3.70707	3.54913	4.02781	2.76183	2.23248	2.99918	4.26311	3.24301	0.950796	3.34661	1.62756	1.13055	2.32124	4.30259	3.32783	3.52711	5.80458	5.35497	5.43775	6.22362	6.50789	5.881	4.11532	1.73861	0.636617	1.59859	4.12655	3.70727	1.37891	2.26006	2.75603	2.13268	5.87301	5.74606	3.71981	0.353153	2.60543	2.89374	2.62329	3.18012	3.76933	3.4062	2.95743	4.02014	3.9423	2.56935	1.45582	1.87645	2.45169	2.47687	2.29435	3.52723
1.45564	0.176561	0.39479	0.39479	1.28516	1.23574	1.51845	0.558311	0.882717	1.4978	0.176561	0.558311	0.558311	0.727953	2.14694	4.90633	6.95039	5.59332	4.49219	6.87293	5.25245	0.249701	0.52967	1.9009	0.789542	2.6229	1.24829	0.882762	3.78534	4.204	0.789542	0	0	0	0	0	0	0	0	0	0	0	0	0	0	0	0	0	0	0	0	0	0	0	0	0	0.52967	2.69885	4.18927	2.49532	1.23574	1.50817	0.95071	1.02939	0.249701	0.249688	0.176561	0.706212	1.77387	2.01226	1.02939	0.636592	0.353119	1.66517	1.24827	0.95071	1.62734	0.636561	3.88232	3.63494	3.23772	2.06567	3.12053	1.74729	2.60505	3.39219	0.52967	1.50817	0.882762	2.76143	2.82821	0.394806	4.17816	0.52967	3.19434	2.68729	1.05925	2.06574	1.74738	1.02944	3.71926	4.30221	1.27297	0.39479	1.9732	1.76506	2.11778	1.50822	1.18427	1.45564	1.27297	1.18422	1.94144	2.52637	1.74738	0.900227	0.39479	1.11652	0.353119	0.176561	0.558311	0.749026	0.52967	0.394806	0.176561	0.39479	2.40004	2.05811	1.07385	1.28516	0.789542	1.27297	0.706212	1.27297	1.4978	0.636561	0.558311	0.558311	2.50775	4.85887	3.86632	1.02939	3.17969	2.47033	1.97322	1.42316	1.76502	1.76502	1.37869	1.24827	5.95282	6.61659	0.39479	0	0.353119	4.1297	5.36564	1.42319	0.900227	0.39479	0.636592	1.94945	2.65242	2.45143	3.19434	4.8937	3.71926	8.89752	5.89842	4.5842	2.92015	2.32106	3.08049	5.1066	2.99875	2.66991	3.68159	1.4978	3.23787	4.96282	4.93466	4.24437	4.24441	2.90947	2.68729	2.06567	0.900209	2.1251	3.5443	1.62742	1.77387	3.94173	2.23219	1.87626	2.99888	1.97328	1.34438	1.81717	1.62736	2.56902	1.79997	2.75579	1.77385	3.77303	5.14271	2.90939	3.01436	3.36941	2.24617	1.02944	1.18427	2.21117	3.12554	3.08061	4.05414	2.60516	2.6524	4.02724	3.90226	0.558329	2.13246	4.1149	5.49916	5.36591	3.99654	3.12562	2.78944	1.34438	1.37876	1.57878	0.882739	3.00391	0.749026	1.34438	3.12554	1.8427	1.73837	2.6229	1.4978	4.26255	4.49232	3.63508	1.42323	1.02939	1.8427	3.63496	3.28057	1.28516	2.06574	3.53116	1.37876	1.94945	2.45143	2.62299	3.04509	2.89344
2.99344	0.789506	0.636506	0.394755	1.11642	1.23563	1.66503	0.636506	0.950662	2.18273	1.90898	1.42308	0.950627	0.353088	1.27285	3.63462	5.70981	5.37379	4.98077	6.22211	5.00865	3.57025	2.69867	2.29388	1.41209	1.99653	0.70615	0.499349	2.75555	4.50205	1.73821	0	0	0	0	0	0	0	0	0	0	0	0	0	0	0	0	0	0	0	0	0	0	0	0	0	0	1.18412	3.90192	4.40846	2.12498	0.950627	1.0293	1.0293	0.176546	0.499323	0.176546	0.950627	1.76486	1.57865	1.62726	1.51839	0.529624	1.84254	1.59827	0.900149	1.58851	1.79985	3.94139	3.63037	3.47323	2.18268	2.74425	1.58851	3.5132	3.46432	1.74722	1.42306	0.636506	3.61752	1.6272	2.01206	3.57011	3.04477	1.51832	3.24224	2.30064	0.636536	0.394755	0.748961	3.24222	4.26573	1.81701	0.882685	2.47012	1.4231	1.73821	0.70615	0.70615	1.27285	1.27285	1.66503	1.81701	1.59829	1.13033	0.353088	0.529624	1.07376	0.636536	0.749	0.55828	0.88264	0.499323	0.176546	0.249679	0.558262	2.21097	2.45111	1.51832	0.900131	0.900131	1.24817	0.249679	0.900131	1.73821	0.88264	0.558262	0.394755	2.05793	4.98388	4.26211	1.18417	3.54831	1.79982	2.18268	1.59829	2.12492	2.14679	2.47012	2.12492	5.38809	6.15518	2.01216	1.90898	1.4231	3.71893	4.62395	2.06549	0.499323	0.789473	0.394755	0.558262	1.62722	1.27285	3.17939	4.36252	2.99329	8.75824	6.63221	3.63462	1.59827	2.01214	2.5261	4.01917	1.77369	3.70649	3.53085	2.25978	3.54403	2.36732	4.26211	3.23744	2.68705	2.52607	3.08525	1.67436	1.67436	1.24821	3.46432	1.59829	1.6272	3.36894	2.06556	3.31338	3.08539	2.52617	1.4231	0.950627	2.12492	3.17939	1.13027	2.99848	2.18273	4.35191	4.36252	2.87153	1.87609	1.49774	1.28508	0.249666	1.67442	3.85008	6.07254	4.87139	3.80555	1.51839	1.51832	3.5132	4.25849	1.97303	0.55828	1.51839	3.08539	3.14025	1.37864	1.6272	3.32725	2.29384	0.749	2.60482	1.13033	3.68127	1.79985	1.11645	2.84979	1.51832	2.4764	3.17458	2.49515	4.6506	1.24814	3.42375	1.76491	1.76495	2.12494	3.87	3.78502	2.11759	1.11645	1.97303	1.81709	1.77369	0.727872	0.558262	2.13219	0.950627
4.22898	1.90053	0.882548	0.176527	0.499297	1.07366	0.950528	0.882548	1.2355	1.90878	2.1825	1.97284	1.66485	0.789391	0.789391	2.89274	4.98336	5.85541	6.9556	3.74759	3.17919	4.14776	3.35483	2.47614	0.998518	0.998466	0.706076	0.499297	1.27272	4.26167	2.93537	0	0	0	0	0	0	0	0	0	0	0	0	0	0	0	0	0	0	0	0	0	0	0	0	0	0	0.529569	2.30042	4.05719	3.17913	0.529569	1.02919	1.02919	0.394714	0.499271	0.394714	0.727795	2.25943	2.54419	2.12469	1.67424	2.15373	1.2355	2.01187	0.900055	1.18404	1.79967	3.47287	3.62999	3.01368	2.84949	1.24801	1.18404	3.7352	3.46395	1.74704	1.07366	0.882548	2.87119	0.882548	3.00333	2.3004	3.90151	0.558204	2.35383	2.69834	1.50788	0.176527	1.24801	2.74396	3.77231	2.30035	1.62705	2.84407	1.62709	1.97282	0.706076	0.706076	0.789391	0.789391	1.90869	1.34413	1.24808	1.77351	0.789391	1.18399	0.88257	0.727813	0.748922	0.558222	0.636439	0.499271	0.394714	0.249653	0.558204	1.50788	3.17906	2.50727	0.558222	0.558222	1.24803	1.02919	0.558222	1.97282	1.62703	0.558204	0.176527	1.1163	4.74219	4.50158	1.13021	3.3129	1.79963	1.97284	1.59812	2.32058	1.9006	2.84407	2.32058	4.15879	4.44631	2.01195	2.1825	1.3785	2.99817	2.89274	2.7609	0.499271	1.27272	0.176527	0.558204	1.42291	2.75526	3.42339	3.11993	1.99633	7.30657	7.59282	4.87063	2.91947	2.01193	1.94107	3.03419	1.42293	4.08756	3.01889	2.36707	3.25156	2.36707	3.54794	3.47732	2.68677	2.2936	3.08492	1.67419	1.67419	1.59812	3.46395	2.35383	2.87119	2.12465	2.32061	3.40537	3.00349	2.87129	1.62709	1.42289	2.32058	4.40439	1.37843	1.84234	1.90878	3.46395	2.12465	1.97288	1.9729	1.49759	1.13021	1.74695	2.69834	3.38713	5.56483	4.93383	3.24205	1.94907	0.558204	2.87123	5.19838	2.69254	0.558222	1.94907	3.73943	3.23725	2.73833	0.882548	2.84403	2.52581	0.748922	2.60455	1.28495	3.25148	2.49489	1.11634	3.0799	0.558204	3.96058	2.84411	1.79967	3.91336	0.748883	4.15879	2.14653	1.76477	2.6694	4.35143	3.0799	2.11737	1.79963	0.727813	1.8169	1.13021	0.950528	0.558204	2.13197	1.66485
3.94063	2.25924	0.998379	0.353021	0.529523	0.176512	0.72775	1.2354	1.84218	0.529523	1.49738	2.12446	2.01168	1.34401	1.42281	3.76793	5.59177	6.78153	5.95117	2.93525	4.05693	4.41812	3.91309	3.00314	1.58821	0.176512	0.899976	0.748857	1.24794	3.86927	3.13949	0	0	0	0	0	0	0	0	0	0	0	0	0	0	0	0	0	0	0	0	0	0	0	0	0	0	0	0.39468	2.0651	3.68057	2.12451	0.727732	0.998379	0.39468	0.529523	0.706015	0.353021	1.97265	3.07966	2.82192	1.27267	2.37331	0.249618	1.9409	2.15365	2.24555	2.45707	2.6981	2.74372	2.30015	2.62215	0.176512	1.18394	2.39937	2.73809	1.76461	1.41182	1.62691	3.12467	1.73795	3.79656	0.789355	3.52571	1.97265	1.13006	2.2934	2.3002	1.24794	1.0291	2.89249	3.49036	2.49462	1.57834	2.84378	0.882471	2.0651	1.18394	1.34406	1.18394	0.950479	1.66471	0.789322	0.529523	2.01168	0.950445	1.42277	0.39468	0.499227	0.176512	0.529523	0.529523	0.39468	0.499227	0.176512	0.558155	0.950445	3.42309	3.08465	0.558173	0.249631	1.50775	1.62691	0.636414	2.15354	2.01168	0.636384	0.529523	0.899976	4.12856	4.12856	0.558173	2.50705	1.62691	1.2848	1.37831	2.21055	0.899976	2.60433	2.0651	2.49462	3.21764	2.24555	2.32041	1.87573	2.6981	2.0117	2.01168	1.6741	1.77337	0.789355	1.11621	0.789322	3.03392	3.40495	3.00314	0.748857	5.34408	8.92227	7.16271	4.9582	2.64581	1.76452	1.76452	3.2512	4.97992	4.45652	4.44614	4.65326	5.22478	5.39871	5.13244	4.1474	3.12475	3.21764	1.9409	1.42279	1.73788	2.64581	3.91315	4.91128	2.60433	1.97267	2.76078	2.78877	1.59798	1.81666	2.60433	1.9409	5.23341	2.84382	1.05896	0.499253	2.18226	2.06517	2.15365	2.52569	1.77335	0.899958	1.24793	3.73911	3.768	2.32041	1.94888	0.899976	1.51803	1.67404	1.51803	5.03526	3.07966	2.05764	1.76457	1.84218	2.01175	2.01168	1.5181	1.51803	2.39939	1.11624	2.12446	1.0291	2.24543	2.0651	2.73816	4.23227	3.17398	4.64974	2.39946	2.54409	4.23225	3.0848	4.0682	2.23156	1.28483	2.91922	4.2613	2.87098	2.32037	2.2934	1.62691	1.45527	2.56838	3.7967	3.25132	3.29385	2.30015
2.87077	1.7377	0.636318	1.41168	1.66464	1.42267	0.24961	0.882379	1.18377	1.28472	1.2478	2.39912	2.52533	2.47568	3.21739	4.76738	5.12582	4.78985	3.24145	6.67893	6.83505	6.75848	6.18352	5.95087	4.97953	2.62191	0.998344	1.76446	2.39924	3.29352	2.29991	0	0	0	0	0	0	0	0	0	0	0	0	0	0	0	0	0	0	0	0	0	0	0	0	0	0	0	0.176495	1.07347	3.40461	2.76038	0.24961	0.727659	0.727683	0.558122	0.705947	0.394661	0.705947	2.49447	3.39103	2.32015	1.51797	2.82716	0.950348	2.50696	2.87084	2.99778	2.21045	1.34387	1.28467	2.64555	2.18204	1.67387	0.899893	1.28467	1.34394	1.02906	2.73782	4.45944	3.52558	5.11691	3.19319	1.5076	3.19319	2.39928	1.59783	0.789241	1.7644	1.4227	3.15397	3.13917	2.49436	0.882438	3.36804	1.6268	1.05885	1.76446	1.51797	1.13002	0.882438	0.789241	0.558122	0.49921	2.2452	1.28467	1.62675	0.727659	0.394639	0.394639	0.24961	0.394661	0.352987	0.558099	0.352987	0.529472	0.899893	3.17849	3.4228	2.05745	2.39928	3.4229	2.15346	1.11609	1.99594	1.81647	1.27248	1.62675	1.27256	2.87064	3.71784	1.11609	1.66454	1.5076	0.394661	1.97248	1.97245	0.636359	2.47568	3.42296	3.66774	1.27256	0.748791	2.15346	3.36818	3.56922	1.97256	0.176495	1.13002	1.34394	1.11614	1.42267	0.748791	2.01147	2.49442	3.24145	4.09807	3.6338	9.80116	9.46965	6.93025	4.25725	2.29991	2.15346	4.4037	3.7345	3.79618	4.57245	6.46235	8.30427	8.61892	7.38241	6.3692	5.90951	4.30085	2.05745	0.636359	1.34387	1.42265	3.86508	6.78766	4.95766	0.748791	0.249592	1.42262	0.882438	2.36653	2.36653	0.176495	4.09807	3.6802	1.4227	1.66464	3.00296	4.05658	3.56925	2.69791	3.6675	0.558122	2.52543	3.34503	4.0679	2.89238	2.56814	1.42267	1.18383	3.23668	2.74363	2.62187	3.12447	2.87084	1.28467	2.95604	3.73885	2.30006	1.37826	2.25915	3.70553	3.63373	1.6268	0.499175	1.90833	0.882438	3.17854	1.97248	2.5437	3.70542	4.49071	4.89531	5.75138	5.95094	4.10962	1.59783	0.394639	2.89219	2.93481	2.66896	3.52986	3.36804	2.36666	3.40476	3.68034	2.56814	1.42265	3.15397	3.04396