0.503368	1.98892	4.99891	6.02867	6.39018	4.05935	1.28316	0.754987	1.75219	2.17127	3.71092	8.53795	8.767	6.98547	6.09294	3.836	1.59134	1.96495	1.76128	1.24557	1.03758	1.43449	1.46725	2.52768	7.45954	5.37052	7.48458	9.42821	6.22466	4.10173	5.60991	7.96471	8.45436	4.21129	3.27806	7.08686	9.20173	8.30765	4.73798	4.35447	6.97846	10.9016	4.61038	14.5514	8.35204	7.63212	13.136	15.3043	6.84141	5.50277	4.5278	3.45135	3.16547	3.35412	2.9594	2.27795	2.02834	2.17138	2.27795	1.85741	1.89108	1.64031	1.19364	0.907392	1.25825	1.25825	1.25825	1.25825	3.37274	3.41918	2.14207	1.53061	2.02824	3.39599	1.81429	1.13943	2.31227	3.04342	0.397932	1.76128	1.52022	0.907392	0.503341	0.397932	1.53061	2.6735	5.08273	7.51739	6.26693	5.08603	4.97385	4.38695	4.39409	4.60701	4.64775	4.52796	4.64775	4.6881	4.48263	4.05161	3.66398	3.77825	4.14754	4.30015	4.38698	4.52793	4.53834	4.60701	6.20449	6.40227	5.73121	6.02084	5.89505	7.4284	5.74468	3.02264	2.91628	3.5056	3.81539	3.33984	3.02264	4.19278	4.27816	3.5592	4.12077	3.51923	2.52781	2.37299	1.91609	2.37305	2.41912	3.02777	2.87279	4.66119	4.32195	3.32102	4.61038	4.6881	4.63073	3.92529	3.50125	2.9594	2.51529	2.77783	3.14548	2.91643	2.27795	2.27795	2.52781	2.47092	2.72036	2.89466	2.70875	2.41924	2.56503	2.76644	3.01749	3.26842	3.10508	2.64384	2.56503	3.18037	3.62503	3.15045	3.03831	3.15045	3.11017	3.50576	3.74895	3.69821	3.50576	3.30679	3.21975	3.05888	0.733747	2.54637	3.91322	4.09014	3.37746	3.20008	2.47092	2.4773	2.58944	2.39285	1.76118	2.52768	2.52768	1.83162	1.85735	1.78796	1.78798	1.78798	2.37299	2.5464	1.78798	1.24557	1.19364	1.98889	2.94323	2.78338	2.0821	1.61115	1.8317	3.88086	3.93322	1.85741	1.81429	3.91312	4.05141	2.47721	2.37299	2.58944	3.32093	3.97305	3.5592	2.86726	3.94524	3.91322	3.10506	3.02786	3.20499	4.44021	4.27063	3.38211	4.5278	5.2196	4.18137	3.21975	2.9594	3.62503	3.91323	3.41923	3.57248	3.41923	5.22264	4.97372	3.89718	4.29281	4.63082	5.27652	6.03904	5.14729	2.37305	9.31379	11.1921	4.80699	5.04582	4.22265	4.18146	3.54151	3.73625	3.73625	3.49222	4.02825	5.15943	4.27816
1.38951	3.93282	4.05877	2.54611	2.64348	0.907307	1.13925	0.795788	1.7521	3.89663	7.07492	6.24391	3.27777	3.55443	5.56718	6.06388	3.3395	2.515	2.01252	2.69087	1.64019	3.24378	2.31215	5.5418	9.20054	4.27761	4.10125	6.06397	3.3065	3.83573	3.74862	6.06918	5.33769	3.64617	3.05856	6.1228	6.50044	4.66057	2.13441	4.60634	7.81698	9.55556	5.38731	13.5145	6.0588	3.43275	10.3148	12.3883	5.56715	4.82913	4.33587	2.58918	1.59127	1.52008	1.13932	1.00657	1.13932	1.38961	1.43442	1.13932	0.711763	0.958178	2.17105	1.28296	0.503323	0.503323	0.503323	0.503323	2.71417	2.62548	0.889709	0.958224	0.64156	4.14688	3.02226	1.46712	0.397913	2.89425	2.56463	1.00657	0.889709	1.19352	1.28296	1.50955	1.06758	2.386	4.68737	5.9601	4.64714	3.37253	2.69092	2.85039	2.84486	2.2498	2.01252	2.17119	2.26383	2.31215	2.2498	2.08198	1.64023	1.91591	2.01252	2.07439	2.2498	2.16385	2.49608	2.76044	4.8292	5.27576	3.55887	4.08974	4.10125	5.87041	3.74839	0.733654	2.16385	3.97266	4.60634	2.94293	1.9888	3.59413	2.89431	4.33587	0.64156	2.31899	2.85041	2.76034	1.53047	2.64348	4.27749	1.28296	1.43439	2.33924	1.52001	1.25808	2.39276	3.50094	5.10989	2.49605	2.54625	2.7201	1.35501	1.03754	1.53047	1.85724	1.46712	1.12533	1.19359	1.43439	1.81411	1.81411	1.42331	1.12533	1.13932	1.25814	1.43442	1.50966	1.52008	1.61099	1.64019	2.14182	2.31209	2.13441	1.78781	1.96474	1.96476	2.02813	2.02813	1.83154	1.7521	1.59127	1.43439	1.75201	1.19359	2.14923	3.41884	3.76518	3.03789	2.54611	1.03754	1.64019	1.42331	1.50955	2.27759	2.51489	2.51489	2.27759	1.67824	1.53037	1.43434	1.12529	2.07426	2.47055	1.25808	0.907307	1.25808	2.22852	2.95895	2.62548	1.83143	1.43434	1.43437	3.3395	3.65912	1.08231	0.562697	3.66341	4.4113	2.766	2.02803	2.14173	3.66341	3.90065	2.81132	2.33924	3.43259	3.26794	1.96474	1.98872	3.03789	3.89663	3.81499	3.10464	3.81499	4.63012	3.65912	2.64348	1.64019	2.51495	2.93222	2.51495	2.54614	2.37276	5.00139	4.32504	2.515	2.49608	1.98877	2.20007	2.64363	3.03803	2.41899	6.78134	13.4666	7.07492	2.95914	2.31215	3.04312	2.20007	2.72003	2.81132	2.72003	2.37283	2.7201	2.14923
4.67035	4.43941	2.89404	2.54588	3.26765	3.45074	6.03788	7.39173	8.26167	8.98634	9.57724	5.51031	2.76016	3.19946	5.71905	8.13179	8.30622	9.06953	9.10827	8.57408	7.8167	8.30622	6.06365	6.33244	9.79722	4.32464	4.26981	6.02205	0.907216	3.30598	5.55562	9.99584	7.70522	5.01054	6.21332	8.22216	7.43953	5.60043	3.45074	5.27528	7.90665	9.04549	6.24332	12.246	5.41574	3.10439	10.0274	11.3009	5.24252	4.68698	5.08175	3.57175	2.41877	2.02795	1.64005	1.64005	1.76094	1.76094	2.02795	2.2636	2.14165	1.7788	2.0817	1.53023	1.0822	1.64005	1.64005	1.5095	2.97996	2.87213	1.28291	1.89081	2.02795	3.74805	3.27725	0.355861	1.38946	2.31183	2.667	0.641503	0.795705	1.78763	2.47682	2.8941	1.5911	2.58894	4.84493	5.17336	3.10439	2.85014	3.02205	2.85014	3.20444	3.65896	3.39551	3.30615	3.14487	3.17976	3.03772	2.54596	1.53031	1.78763	2.07418	2.86675	3.66325	4.36818	4.94441	4.76353	5.86204	5.87529	3.41857	3.06863	2.62525	4.08926	3.38146	2.41877	1.81398	3.50044	4.88364	3.93259	4.93493	4.45011	5.2186	4.8223	5.15843	4.27734	3.91246	3.45069	2.89415	4.05841	4.69032	2.52733	3.4324	3.03772	3.20444	4.43953	6.20093	6.68413	8.48015	4.87412	2.62537	3.06869	3.10957	3.16486	2.77729	2.78296	3.02212	2.77729	2.41877	2.47682	2.71983	2.81115	3.10957	3.30615	3.14487	2.89415	2.66713	2.77729	3.05844	3.02212	2.94278	3.14985	3.32038	3.37219	3.17976	3.20444	2.98005	3.03772	3.33934	3.30615	3.30615	3.74823	4.48177	4.38613	3.59821	3.64604	4.99795	5.1492	4.49569	4.77993	3.91257	3.35347	3.05844	2.86675	2.84459	2.93194	3.10439	2.71978	1.78761	2.1636	2.31187	2.02793	2.67297	2.71978	1.61083	1.35487	1.43425	2.0817	3.10942	2.94266	1.96455	1.61082	1.857	3.3392	3.5761	1.64003	2.02795	3.32029	3.77732	2.78284	2.37254	2.37254	4.13135	5.04459	3.82702	3.21913	3.9245	3.9245	3.10446	3.14985	3.55851	4.05068	4.05068	3.45062	4.10082	5.27528	4.49561	3.55853	2.87224	3.59378	4.1009	3.83535	3.83535	3.83535	5.63648	4.7004	3.27738	3.71021	3.81482	4.05856	3.9446	4.82895	5.90196	6.21336	12.5019	9.01489	2.81118	4.29932	4.26994	3.57625	3.71021	3.57179	3.55409	3.10446	3.41862	4.29932
5.22124	4.65987	4.0582	3.66289	5.34846	6.49702	7.8946	9.45003	10.281	9.73135	8.14629	5.16702	4.15768	4.60572	6.73217	9.62743	11.1127	12.1662	11.814	10.4621	10.2189	11.1774	10.0797	5.89346	9.77138	6.49685	6.40273	7.70407	2.89383	8.85302	13.3682	13.4605	10.6583	8.86894	10.1217	10.3044	8.96497	6.42002	4.2916	5.63591	7.28954	9.52532	6.10409	9.63004	5.40649	4.13093	10.8819	11.1593	5.25398	4.60891	5.89318	4.44251	3.1446	2.89389	2.77705	2.91561	2.89389	2.76566	3.02708	3.1446	2.91561	2.64312	1.98841	1.43409	1.85681	1.75177	2.02777	2.01213	3.41818	3.41818	2.38568	2.95857	3.30586	2.86643	2.62498	1.43409	1.67803	0.958039	1.83108	1.83108	1.12507	1.76078	2.89389	2.8665	1.92379	2.58868	5.29245	4.33504	2.71958	3.41825	3.39512	3.57593	4.52669	5.02261	4.77629	4.79595	4.54745	4.21029	3.79788	3.06833	1.0821	1.81376	2.4956	3.5405	4.99753	5.95929	6.18275	5.80813	4.77949	2.81078	1.35468	1.98833	2.51452	4.15768	5.47579	4.61591	3.49122	4.14628	5.59991	5.4644	5.80813	4.69011	6.33181	3.89608	5.10914	4.35332	4.27684	4.23635	3.93223	5.27474	4.27679	4.61591	5.32521	5.07537	5.40392	7.16757	8.00326	7.13508	8.71507	6.55652	4.13115	4.05434	4.52669	4.51975	3.91223	3.69717	3.94426	3.89611	3.64572	3.57593	3.59786	3.5979	4.02712	4.41075	4.52669	4.52669	4.52669	4.68678	4.9345	5.07537	4.82853	4.60572	4.77952	4.76311	4.62952	4.53706	4.29527	4.61591	5.00071	5.18223	5.29281	5.87227	6.44181	6.01666	5.27504	5.56925	6.88722	7.39093	6.6579	7.12422	6.38844	5.39528	5.04441	4.77629	3.99181	3.59344	3.55816	2.84986	2.71958	3.21882	2.89383	2.64309	3.04259	2.84986	2.41852	2.31854	2.22822	2.4956	3.31996	3.54036	2.67273	2.31171	2.1414	3.66273	3.93206	2.71958	3.02185	3.27707	2.3723	1.77852	2.1487	2.22809	3.80184	6.63877	5.78894	4.11965	4.8219	4.64632	4.10057	4.0582	4.22142	5.14567	4.7958	3.92416	4.84452	6.19003	5.50127	4.43907	4.13115	4.95027	5.4643	5.17311	5.17311	5.17311	6.0294	5.5013	4.82846	5.10914	5.23929	5.63339	5.99847	6.91431	8.01484	7.1199	10.4224	10.6179	5.50706	5.40686	5.02261	5.15797	5.17314	4.68675	4.56459	4.32439	4.77629	6.03735
2.38533	3.82628	5.46375	5.99784	6.7498	6.3803	4.221	3.49087	2.97948	2.81061	3.55782	3.21851	3.65826	4.43867	4.79545	5.87166	6.15182	5.8156	5.40336	4.64596	5.15747	6.01853	8.21303	1.43397	9.35116	6.58884	5.84749	8.86775	9.25797	14.7931	13.8084	8.49499	8.13613	9.60274	9.20666	7.81109	6.56301	3.64534	4.15712	4.05763	4.82797	8.6579	7.99281	7.28885	6.12108	5.38579	11.6439	11.2402	4.82138	4.14579	5.94534	3.9317	1.89045	2.26316	2.4183	2.17054	2.02756	1.89045	1.67785	1.63974	1.92359	2.02756	2.01192	1.98821	2.14117	1.24509	1.00627	1.25776	2.97939	3.10379	1.68723	1.78729	2.27707	2.81063	2.33861	1.81359	0.733463	0.889443	1.42289	1.63965	1.59073	1.38912	0.641411	0.251591	0.641411	2.81052	5.80726	3.59303	2.95826	3.74744	3.49087	3.41336	3.14427	3.10388	3.14427	2.64284	1.95612	1.9235	3.30535	4.05763	1.83099	2.62474	2.8105	2.64273	3.26702	3.03703	1.46665	0.795518	2.78242	5.90349	7.11916	6.68285	6.04961	5.65497	5.86899	5.7724	4.84744	5.00957	5.0469	3.43174	2.08137	2.75955	6.11086	1.5908	2.02748	2.89349	3.73488	4.14213	4.47025	5.12072	4.221	4.39239	4.15726	4.33487	4.71628	6.3803	5.17258	6.23209	7.16656	4.73605	3.87948	3.17914	2.64284	2.64284	2.8662	2.62486	2.3183	2.39205	2.51431	2.75963	2.71931	2.4183	2.39205	2.27707	2.39205	2.76537	3.30551	3.59752	3.74751	3.9914	3.77679	3.41796	3.62363	3.37154	3.17914	3.17914	3.33869	3.83461	3.70949	3.35283	3.45007	4.05	3.5975	3.16425	3.39486	3.73488	4.94346	7.22068	7.22288	7.0469	6.42177	4.97194	4.16107	3.89571	3.77679	3.4999	2.67247	2.33857	2.67245	2.84404	2.16322	1.61052	2.02748	2.19937	2.13379	2.14859	2.46997	2.58851	3.06804	3.43162	2.54541	2.02753	1.75158	3.57541	4.20967	2.14117	1.77841	2.31142	2.24914	2.02753	2.51423	2.89349	4.15712	6.44808	6.26938	4.04985	3.87937	3.57106	3.20378	3.10386	3.76838	4.8051	3.73059	2.84404	4.55023	6.0287	4.99689	3.5711	3.37154	4.08858	4.26169	3.7975	3.83461	3.66252	4.82138	4.99693	3.76838	3.39479	3.59308	4.05	4.22102	4.20986	4.41029	4.65944	8.87457	11.3082	4.26538	2.14124	2.08137	3.37616	3.43174	3.57556	3.62363	3.41791	3.26714	3.57556
1.03709	5.78789	6.28377	3.69646	4.6285	4.77847	2.3384	1.42277	1.51945	1.98797	2.93112	2.89323	2.14105	2.38522	1.92342	2.3181	2.81039	2.81036	3.38051	2.52662	2.7133	4.49083	9.48482	3.43132	10.2505	7.78643	2.48879	6.59075	7.98417	12.9386	7.84974	4.66904	4.93355	5.40582	4.05356	4.9079	4.73564	2.41807	5.50866	2.86582	2.31127	4.68586	6.33828	5.72851	5.77179	5.94223	11.4966	10.9173	4.04954	3.27638	5.41423	3.65777	1.19313	1.43387	1.46656	0.889365	0.889365	0.957856	0.641354	0.795482	1.13889	1.19313	1.00618	1.46656	1.78713	0.957856	0.733399	0.754669	2.62451	2.62451	0.562506	1.43381	1.81343	1.38907	0.957856	1.19308	0.533633	1.0819	1.2948	0.711495	1.28249	2.27675	0	0.397743	1.03709	2.37187	5.50018	3.55753	2.38522	3.19856	2.9312	2.22779	1.68708	1.68708	1.76044	1.78711	2.51396	2.46964	3.99086	4.53599	1.13889	3.91127	3.69627	2.38512	2.77637	2.64247	0.733399	1.38907	4.14543	4.00672	4.05743	4.09979	3.79717	2.66638	3.39449	4.64541	3.37125	3.55309	3.99088	2.37187	1.13889	2.418	5.99703	1.24498	2.37187	2.47612	2.89334	3.27646	5.108	4.09967	2.6899	2.67224	2.67222	2.37192	2.6899	5.7283	3.92343	8.07426	7.76263	3.27638	2.84379	2.31122	1.19313	1.28255	1.75143	1.96402	1.35449	1.25765	1.25765	1.964	1.964	1.38907	1.43387	1.19313	1.00618	1.19313	1.63957	1.85653	2.02736	2.02736	1.76044	1.75143	2.51401	2.13361	1.81347	1.81347	2.14101	2.67222	2.31122	1.5195	1.63957	2.51401	1.78713	1.38907	1.6777	1.98801	2.27687	4.15689	4.82755	4.73575	4.80472	3.41761	2.14105	1.92342	1.92342	1.98803	1.35449	2.14832	2.22769	2.38512	1.42277	0.733399	1.92333	2.0735	1.98795	1.61036	1.63957	1.46656	2.31118	3.10855	2.22769	1.51945	0.957856	3.26189	4.19059	1.59059	1.19308	2.31799	1.61036	1.2948	2.24887	2.70736	3.747	5.02452	5.78789	5.52281	4.19059	3.10349	2.75931	2.49512	3.06777	3.59706	2.418	1.85647	4.4803	5.99703	4.68901	3.14887	2.31805	3.10351	3.37114	2.89323	2.67222	2.31122	4.2205	4.38472	2.31803	2.37187	3.14887	3.04198	2.49514	2.3384	2.31127	2.3181	7.22192	10.6274	2.6425	1.25763	1.25761	3.02114	2.54519	2.02736	2.31122	2.51401	2.13361	2.14101
2.58801	7.16523	7.13272	3.10328	4.45185	4.64492	2.87113	3.10837	3.5968	3.66181	3.57041	3.37551	3.10328	4.27569	5.27348	5.64283	5.67593	5.55071	5.86787	5.39368	3.91107	5.36742	11.2849	9.25118	7.35709	8.18324	3.41715	8.37502	12.2988	10.8123	5.29104	4.64492	4.82704	5.53947	6.26851	6.78528	5.21972	3.37551	5.9442	3.53946	5.16551	6.03557	8.01248	9.58662	9.92501	8.94361	9.96743	9.30848	4.33382	3.44929	5.33515	4.04912	2.07338	1.77811	1.85633	1.76026	1.63942	1.59049	1.50892	1.59049	1.63942	1.92322	2.01153	1.75125	1.4337	1.28241	1.43372	1.25752	2.71873	3.06745	1.63942	2.13338	2.51375	2.07338	2.39159	1.67753	1.12478	1.42262	1.12478	1.13877	1.61021	2.47577	1.193	1.77811	1.9878	1.9878	4.66848	4.31945	3.49923	3.62293	3.3191	2.81007	2.37167	1.68691	0.906866	2.66597	3.82554	3.92299	6.93893	7.65388	4.99924	5.72227	4.65836	2.86556	2.84902	3.41725	3.66186	4.48004	6.74851	6.8852	6.83095	6.81046	7.28553	6.7762	5.67586	5.32058	3.59239	3.74668	4.61785	4.32312	3.77606	3.94301	6.55215	3.2617	4.29393	4.14514	4.29767	4.38442	6.66751	7.84519	7.70228	6.97481	7.12213	7.01912	6.7762	8.1571	4.7617	9.10437	7.61116	3.59239	3.79677	3.57041	2.6661	2.81009	2.71301	2.9789	2.81009	2.64233	2.39159	2.75909	2.9789	2.64233	2.6661	2.91474	3.01574	2.77622	2.87113	3.26651	3.2617	3.17853	3.14366	3.30488	3.83387	3.76351	3.50373	3.4173	3.43108	3.62293	3.53946	3.30488	3.4173	3.83387	3.73416	3.89496	3.91107	3.44941	3.20323	4.26834	6.43991	7.82947	8.18354	6.35962	4.39518	4.52535	4.65855	4.40944	4.39518	4.61455	3.9906	3.24228	2.08097	2.02717	2.67195	2.31779	2.37162	1.96379	1.4337	1.29467	2.37162	3.10316	2.08089	1.68685	1.4337	3.70867	4.32298	2.14078	1.9878	2.89293	2.31098	2.31102	2.8656	2.51375	3.50357	4.87209	5.36143	5.14406	4.4482	3.43096	3.02082	2.9146	3.31901	3.7967	3.55716	3.70878	5.01785	6.02754	4.84632	3.49011	2.67195	3.73407	4.44123	3.94301	3.44936	3.4902	5.34693	5.15633	3.76351	4.04922	4.45185	4.11845	3.5968	3.76351	3.81335	4.39518	7.84892	10.5522	4.29393	3.94309	4.23509	3.97083	3.55272	3.03655	3.53946	3.83387	3.5968	3.5968
3.57006	7.16461	6.44633	3.74639	4.29355	4.08359	2.97864	3.26622	3.59649	3.53915	3.27583	3.20288	3.74639	4.44801	5.27302	5.65339	5.70834	5.72741	5.60624	5.56429	4.43738	4.33366	8.93252	11.4542	2.26252	7.22054	9.76467	11.4123	11.495	6.89366	4.469	5.67522	5.68356	5.71653	6.30756	6.26047	4.38406	4.77755	5.24005	3.14339	5.71643	6.51135	8.13387	9.78692	9.58101	8.13763	6.55169	6.87306	5.81368	4.09888	5.10702	4.04876	2.07319	1.77796	1.75109	1.7601	1.67738	1.59035	1.50879	1.59035	1.67738	1.88992	2.01135	1.63928	1.29455	1.46627	1.3888	1.25741	2.31759	3.06718	1.67738	2.1332	2.51352	2.51356	2.41763	1.85617	1.12469	1.4225	1.12469	1.1929	1.61007	2.02691	1.60022	1.77796	1.67738	1.67738	3.5701	4.31908	3.70845	3.62261	3.44906	3.06723	2.67172	1.96364	1.6867	3.91052	4.76109	4.73473	9.20384	7.96918	6.55407	6.6106	4.88133	3.27575	2.33795	2.94139	3.81301	4.68496	7.2528	7.5291	6.89366	6.80987	7.07789	7.32933	6.72947	5.68352	4.45142	3.55683	3.79644	4.21984	3.84178	4.43732	6.32947	3.20295	4.45146	4.36611	4.52493	4.20868	5.65614	7.52304	7.82879	6.89369	7.29337	6.9742	6.72963	7.84835	4.76129	10.7721	6.41729	3.20292	3.94267	3.9066	2.6421	2.80985	2.78164	2.87088	2.80985	2.66587	2.41763	2.64208	2.87088	2.66587	2.6421	2.89278	3.01548	2.77598	2.97864	3.48989	3.20295	3.17825	3.16336	3.30459	3.83354	3.87839	3.4491	3.417	3.33776	3.62261	3.66149	3.30459	3.417	3.83354	3.93073	3.91072	3.89461	3.3939	3.26141	4.71496	6.28284	7.70161	9.03808	7.42983	4.40906	4.52495	4.64466	4.3948	4.40906	4.44801	3.74646	2.71277	1.98765	2.14799	2.37147	1.96364	2.37141	1.96362	1.29455	1.43357	2.37141	2.87077	1.85612	1.6867	1.98759	4.15595	4.09888	1.98763	2.14059	2.68934	2.49464	2.68938	2.58779	1.81312	3.26126	5.36096	4.87166	3.39373	3.97036	3.66138	3.74628	4.6579	3.99011	4.00586	4.09892	3.97048	4.26049	5.33469	4.84589	3.4898	3.02582	4.11803	4.82003	3.79644	3.31881	3.76732	5.54163	4.97042	3.87839	4.04887	4.29355	4.11809	3.59649	3.87839	3.89459	4.60395	7.46094	9.42666	4.45146	3.89461	4.18999	3.35189	3.55241	3.27583	3.66149	3.83354	3.59649	3.59649
4.29308	6.17949	5.3604	2.95698	2.56293	2.86497	2.16236	1.95538	1.78659	1.8129	2.51328	3.37489	3.37953	2.14036	1.29444	1.51907	1.98747	3.41663	3.10782	3.39346	4.04829	0.733189	2.0805	10.0081	5.91438	8.90577	13.3264	11.0743	1.29444	2.3173	3.33728	6.14914	5.3604	3.20255	3.03601	2.87062	1.75094	5.89034	4.29662	2.64172	4.73425	4.14422	3.91023	3.90622	3.1027	3.31851	2.51333	5.46146	7.1161	4.21925	4.60328	3.73329	1.19279	1.06686	0.711289	0.641174	0.957585	1.12458	1.0059	0.957585	0.733189	0.502988	0.502988	0.733189	0.906702	1.08156	0.641174	0.754457	1.75084	2.46891	0.906702	1.519	2.22703	1.98736	0.733189	1.63905	0.957585	1.25724	0.906702	0.906702	1.08156	1.43338	1.52935	0.562322	0.251499	0.251499	1.63902	2.51321	1.88962	1.83021	2.14768	2.14768	2.0805	1.85593	2.3173	4.89359	5.75104	5.49857	8.95528	4.79336	6.28186	6.97313	4.29298	2.26217	1.3541	2.02681	2.71829	3.02555	6.28193	5.89044	3.66116	3.98989	3.94239	5.56637	6.28193	5.17042	4.32216	3.31839	2.52573	1.03678	0.906677	4.02494	5.02303	1.2573	3.83306	2.49442	2.64172	1.43347	2.56309	3.20257	3.10261	2.38455	4.79025	3.89829	4.05242	2.16236	5.77011	9.6161	4.43674	2.08059	3.24162	3.48945	1.63913	1.28219	1.43343	1.6391	1.67723	1.83032	1.75094	1.78662	1.60992	1.3541	1.2573	1.38868	1.50865	1.67723	2.14039	2.33768	1.6866	2.19861	2.22716	2.02681	1.96343	2.14768	1.25727	1.60992	1.78662	2.51328	2.33768	1.6866	2.02678	2.49439	2.51328	1.59021	1.63913	1.83032	2.02678	3.31839	2.31055	2.62389	7.21773	7.10529	2.71253	2.41741	2.14045	2.01118	2.22716	2.47542	2.16974	1.88975	1.52945	1.08159	0.795212	1.00583	2.27608	1.91454	0.957585	1.08156	2.22703	2.62373	1.519	1.43338	1.88962	4.14413	3.94213	1.95538	2.14039	2.16236	2.0805	1.83021	1.19272	1.06686	3.02024	5.15522	4.39411	2.76416	3.80005	4.05218	3.65669	4.54499	4.15553	4.36548	4.14413	2.71236	2.94097	4.68762	4.53464	3.02024	2.62373	3.74589	4.14035	2.41728	2.31736	2.89239	4.60328	4.05608	2.67144	2.49439	2.7585	2.97825	2.31055	2.49439	2.31055	2.67144	5.63041	7.98938	3.43031	1.91463	2.38455	2.51339	3.02033	2.49439	2.33768	2.37117	2.14036	2.31055
5.39208	5.71526	4.8804	2.80919	3.2022	4.00509	3.39318	3.2023	2.94082	2.58729	3.92189	4.44001	3.53847	2.87032	2.7811	3.02011	3.39325	4.47879	5.21535	6.08774	6.83791	3.27524	4.77681	10.0693	8.453	14.1477	13.6175	8.88258	2.64157	3.57372	4.61309	8.10355	7.21497	4.87089	4.45067	3.77501	3.20224	7.50479	3.16259	5.77224	5.84748	5.54064	5.91379	5.43827	5.89008	5.9559	5.67435	8.48004	9.00918	5.76968	5.31909	4.26335	2.39092	2.41713	1.98727	1.77762	1.88955	2.07279	1.88955	1.77762	1.77762	1.63896	1.50849	1.63896	1.83013	1.59004	1.13845	1.13845	2.13278	2.84269	2.14757	1.46599	2.3842	1.75069	0.562288	1.2445	1.43332	1.63894	1.35397	1.35397	1.2943	1.60974	1.98721	1.35397	1.13845	0.795175	1.92259	2.89207	2.47508	1.9552	1.68638	1.52921	2.0727	2.5627	3.83271	6.61406	7.63142	6.6094	7.04331	2.46869	7.36136	7.20202	2.9407	1.19267	3.89384	5.67435	5.70725	5.23925	8.17172	7.77772	6.48383	7.88033	8.87769	10.0438	9.71149	7.25133	4.82555	4.05182	4.27427	0.957487	0.906611	4.43635	3.44827	2.80928	5.85014	4.47879	4.79305	3.26078	4.36528	5.25112	5.11843	5.5632	8.07331	9.31291	9.98488	7.50081	8.53755	4.44696	3.39318	3.84104	4.64367	4.62676	3.41175	2.91393	2.71225	3.0564	3.16275	2.95686	2.86484	3.0357	2.80928	2.41716	2.77544	3.02533	3.0149	3.14278	2.86484	2.68886	3.10239	3.66081	3.59582	3.51621	3.20233	3.24137	3.2023	3.41634	3.49825	3.66079	3.48922	3.33711	3.26078	3.66079	3.8328	3.30395	3.41175	3.89386	4.23391	4.00518	3.44839	4.14018	7.95214	9.05486	5.11543	4.64377	4.52408	4.51715	4.43658	4.23391	4.0248	3.90997	3.52515	3.0149	2.39092	1.75076	2.64148	2.248	0.889022	1.06676	2.87022	3.10232	1.81277	1.59991	2.02652	4.08654	4.15889	1.92259	1.51886	2.02652	2.33746	1.9552	1.9552	2.16219	2.89212	4.33261	4.14376	3.27507	4.33261	4.6872	3.2022	2.95672	3.16259	4.8255	4.8255	3.05625	3.79971	5.1548	4.54808	3.10232	3.10232	4.32177	4.4891	3.20224	3.37923	3.56941	4.90602	5.07843	3.62192	3.31817	3.92192	4.4506	3.92997	3.76246	3.70774	4.00518	5.63274	7.21916	4.21887	3.66079	4.44716	4.27449	3.73311	3.66079	3.70774	3.66079	3.48922	3.8328
3.59097	4.26654	4.26654	3.02495	3.83232	4.60585	3.73269	3.36964	3.10722	3.01984	3.76617	3.20187	2.31691	3.1021	3.73278	3.89754	3.66052	3.89352	4.65684	6.435	8.14084	7.27015	6.67912	9.64751	4.33244	15.1241	8.60509	4.43604	2.64133	5.27148	9.36577	10.547	7.45889	4.60601	3.76212	2.70618	4.79244	7.37733	2.62338	7.63066	6.02539	4.99416	4.43956	4.26296	5.52035	5.23581	6.96333	9.24777	6.57115	4.45018	4.79261	3.59105	2.02642	2.31017	2.71201	2.5129	2.02642	1.7506	1.63882	1.92251	2.02642	2.02642	1.88939	1.63882	1.43319	1.28194	1.13835	1.19256	1.85564	2.68861	2.54406	2.26189	2.49391	1.60958	0.795103	1.13835	1.5899	1.35384	1.29419	1.19256	0.795103	1.51871	2.0801	1.46586	1.43319	1.24438	2.07248	5.32136	6.73447	6.72776	5.51484	3.6433	4.45018	6.39621	7.00979	7.08441	6.21851	4.04751	4.38259	4.02444	7.42134	4.68672	1.63878	2.87006	5.49765	6.57837	6.88276	5.99449	8.70934	8.47197	8.47406	12.2376	13.9309	14.4474	13.1742	8.48987	5.95504	5.3184	4.77279	1.19249	2.19818	3.42965	1.43313	3.90547	6.28823	3.66052	5.52027	3.49793	3.66045	4.56156	5.27148	5.21482	7.99769	12.6521	14.6746	18.5353	12.9484	3.66048	3.7454	3.6562	4.43604	4.25926	3.05613	3.20205	3.20205	2.91367	2.71201	2.62338	2.62338	2.80902	2.8919	2.39071	2.86459	3.02506	3.1425	3.39295	3.26533	2.87006	3.37424	3.27489	2.9566	3.02506	3.5515	3.82427	3.87729	3.81194	3.50244	3.4889	3.83244	3.57355	3.35095	4.00481	3.87729	3.30366	3.30366	3.69471	4.687	5.08122	4.52365	3.92961	6.03312	8.75844	5.31285	4.39357	4.39357	4.51675	4.27412	3.94163	3.90963	4.15874	4.40782	4.52369	4.29609	3.6433	2.75807	1.63874	0.733048	1.60961	3.03528	2.7807	1.42208	1.96308	2.31011	3.41584	3.64304	1.92238	1.77734	2.41678	2.14727	1.46581	1.85557	1.98701	2.19811	3.59527	3.77441	3.27473	4.43589	4.62615	4.14333	3.06628	1.35377	4.96883	4.93089	3.10703	4.72333	5.76887	4.57848	3.14734	3.44798	4.65658	4.77615	3.55138	3.37424	3.37424	5.07792	5.42321	3.62158	3.53815	4.45018	4.45018	3.53815	3.36964	3.4889	3.76625	4.87031	5.62933	4.72333	4.26654	3.87729	3.90963	3.79957	3.7074	3.83244	4.09784	3.82427	3.96935
2.78045	3.98855	4.20688	2.89156	3.70692	4.77569	3.9411	3.14714	2.86429	2.86429	3.02468	2.71744	2.75772	2.89156	2.84769	3.20169	3.41109	3.41109	3.3926	5.25011	7.21591	6.75698	4.72314	10.1274	8.48576	15.3714	5.84917	4.5783	4.68318	7.74463	11.2239	9.24687	5.77131	4.2883	3.73239	3.59064	7.38506	4.89222	4.1165	8.01808	6.55156	5.33281	4.26628	4.09735	5.11732	4.52314	5.88889	5.4971	3.55548	4.27354	4.26253	2.47469	1.68611	1.63864	2.39046	2.56233	2.14716	1.98688	2.01058	1.77727	1.52899	1.75942	1.92231	1.58974	1.13823	1.19244	1.38827	1.43304	1.29405	1.78608	1.77727	2.64108	2.86977	2.14716	1.88919	1.88919	1.52899	1.58974	2.24764	1.88919	1.28181	1.46567	1.92221	1.19239	0.711083	1.29402	2.07991	7.99293	7.36833	2.94025	3.1069	3.66013	5.32982	5.5395	3.48846	3.16198	4.3499	4.49184	5.04669	4.02402	2.80862	3.44773	3.52447	3.26496	5.50272	6.04543	6.03273	7.02246	10.3741	11.4356	11.1569	12.3859	10.5835	14.9677	15.007	7.93882	6.6502	6.57034	4.91777	2.58672	2.07991	1.95482	2.86429	6.02224	6.72688	4.27367	6.04549	3.89311	3.41564	3.65582	4.84422	4.52319	7.76818	15.1597	15.6011	26.0021	22.0448	5.23824	4.13938	3.82388	4.61567	4.25885	2.95629	2.91337	3.01952	2.62311	2.46832	2.71173	2.86429	2.9295	2.89162	2.64108	2.94025	3.05581	3.41109	3.52447	3.76595	3.3926	3.37858	3.73233	3.30331	3.44778	3.74501	3.81154	3.70702	3.26496	3.20171	3.8769	4.00441	3.41568	3.50208	3.83206	3.48855	3.3506	3.69432	3.89713	4.82477	5.70613	5.95215	5.07147	5.6951	7.9796	5.99382	4.79226	4.64288	4.76606	4.64288	4.54395	4.54395	4.64288	4.89248	4.90525	4.72314	4.54395	4.01621	2.89166	2.5438	2.80874	2.84214	2.58672	1.78608	2.31669	2.31671	2.92943	3.17689	1.914	2.14707	2.86416	2.30984	1.60943	2.02613	2.19791	2.51256	3.36919	2.80862	2.623	4.28813	4.43555	6.05308	3.74495	3.8403	6.88176	6.41481	3.17689	4.47771	6.01691	5.67297	3.92909	3.41558	4.77569	4.87946	3.37856	3.37391	3.72811	5.63166	5.56479	4.00441	3.92921	4.09738	3.9051	3.31753	3.53779	3.8769	4.17707	4.96851	4.69638	4.20688	5.3589	4.11645	4.02402	4.39311	3.89713	3.96895	4.00441	3.57318	3.79498
3.37359	4.09689	4.20644	2.70552	3.57267	4.68582	3.73186	2.31647	2.24743	2.54357	3.10151	3.24044	2.66452	2.3096	2.93983	3.20131	2.95603	2.76329	2.66461	3.89679	5.8964	6.38299	5.76804	8.42876	13.4634	12.5969	5.95163	6.51311	7.36801	9.25107	9.40145	6.82933	4.99644	4.23272	3.02448	5.07994	9.22082	2.3164	5.66144	6.88107	5.42217	5.15344	5.39063	4.36405	5.33213	4.8177	3.55511	1.43283	3.79884	6.41198	5.79209	1.7859	2.30972	2.27535	2.27535	2.30972	2.19776	1.92214	1.77712	1.38815	1.43291	1.52886	1.58959	1.68595	1.6385	1.67658	1.28169	0.888772	1.08115	1.25676	1.51848	2.14697	2.2263	1.92214	1.75927	1.52886	1.13813	1.43288	1.77706	1.35358	1.75927	2.64082	2.37033	1.43288	0.957215	1.46557	2.30966	8.29801	8.93833	4.32069	2.27535	1.08115	3.14168	3.20126	3.02439	3.06569	3.10138	2.54343	2.51224	2.13217	3.20143	4.7722	5.21389	4.02367	4.90458	6.41661	5.01509	7.58898	12.9589	13.5241	10.0758	5.63133	6.167	15.9986	13.4616	7.77531	7.22352	7.11776	5.31154	2.86397	3.96865	4.47753	4.52278	6.21992	6.21992	5.41088	7.04153	4.90473	3.41532	3.83996	5.26161	5.1778	6.52708	13.8063	16.4974	19.0602	26.7909	5.63127	4.21784	3.92886	4.96805	4.80149	3.41538	2.91311	3.01925	3.17674	3.05555	2.95603	2.78032	3.06577	3.10154	3.55082	3.59481	3.3503	3.30302	3.27433	3.55082	3.50177	3.44741	4.61523	3.55082	3.74468	4.05086	3.98839	3.73206	3.49726	3.6555	4.09705	3.70668	3.17674	3.17674	3.48823	3.48823	3.33617	3.8112	4.44591	4.60513	4.14272	4.28792	4.89205	6.06293	7.07651	6.10648	5.35869	5.02145	5.01521	5.14145	5.1536	4.7722	4.64247	4.76564	4.79184	4.86959	4.68277	4.54355	4.43533	3.94088	3.41538	3.03484	2.86397	2.33683	2.49343	2.48711	2.84739	2.75744	2.02592	1.9138	2.66443	2.71132	2.13954	2.66452	2.66452	2.86392	3.27416	2.31647	1.85521	3.26447	3.35009	4.87896	3.79462	1.6385	6.5838	7.67144	4.60151	5.07068	5.86691	5.84827	4.47724	3.31711	4.61173	4.75876	3.27416	3.56834	3.90873	5.719	5.45946	3.59036	3.27426	3.56839	4.08162	3.83171	3.92886	4.04694	4.52272	4.9775	3.90875	3.27416	6.04469	5.3321	3.17674	3.3923	3.694	4.38907	4.21781	3.6555	4.04694
3.56804	3.568	3.823	2.80811	3.41488	4.29459	3.65924	2.38328	2.13933	2.54328	3.06546	2.89106	2.2472	2.30944	3.92833	3.96812	2.02582	3.1011	5.80257	5.54981	2.86361	4.82389	7.48988	10.2536	13.1463	9.22543	6.05732	5.95101	6.96794	7.18011	5.36387	4.17627	3.89234	3.52379	2.93969	6.58559	9.33837	2.9128	7.24856	6.52648	4.90413	5.33164	5.01459	4.05044	2.93957	4.33094	2.02582	6.05213	8.27353	9.22352	9.86899	3.10112	2.22607	2.1394	1.88882	2.02579	2.16136	1.67641	1.58943	1.63833	1.67641	1.25668	1.28156	1.82942	1.88882	1.50791	1.2938	1.0054	1.42167	1.35344	2.16136	2.2472	2.07199	1.75908	1.388	1.43276	1.5287	1.46543	1.08105	0.754086	2.37009	3.20107	2.66433	1.75908	1.19221	1.12403	1.85504	5.86639	7.54917	4.6148	2.89106	2.58622	2.86361	2.3162	2.2611	3.59426	3.76089	3.568	4.99265	3.87615	2.54331	2.97692	4.18758	4.47707	4.44889	6.6699	6.86921	9.53556	14.7721	12.4551	6.16678	4.7911	11.7008	14.262	10.0518	5.89814	6.64892	7.67883	5.99248	3.16154	4.52234	5.07972	4.13858	4.4909	5.15282	3.58995	5.01452	5.14381	4.26546	4.48752	4.7717	5.26998	4.84	8.16091	17.1054	15.8376	23.0917	5.31999	4.17627	3.70631	4.6148	4.78795	3.4288	3.05523	3.01894	2.93969	2.80822	2.70538	2.47421	2.92894	2.95572	3.25953	3.44711	3.59443	3.55045	3.52379	3.74429	4.05044	3.1063	3.92833	2.58629	3.33583	3.82314	3.83956	3.74429	3.73168	3.73168	3.76101	3.59441	3.41503	3.41503	4.04653	4.15369	3.65512	3.76101	4.15369	3.89234	3.27393	3.37326	3.41503	5.694	6.73254	5.99267	5.56109	5.14091	5.01469	5.26998	5.26405	4.7717	4.52234	4.7717	5.26998	5.5047	5.11347	4.68228	4.68228	4.64198	4.1575	3.16154	2.2472	2.13935	2.13196	2.02574	2.64046	2.86365	2.49321	2.13935	2.75719	3.1011	2.24713	2.24713	2.02574	2.64046	3.36854	2.84714	2.8082	3.02408	3.03442	3.10616	2.62249	2.68779	5.07949	5.70478	5.67196	7.28892	7.02076	5.21309	4.40628	3.94027	4.52213	4.68207	3.20096	2.62249	2.89095	5.81034	5.79157	3.59	3.65938	3.96819	4.26173	3.76515	3.65938	4.00364	4.46647	4.62498	3.70631	3.24012	6.098	5.94026	2.89106	3.20109	3.74429	4.04653	3.83132	3.5725	4.04653
3.37297	3.20075	3.62013	2.89075	3.20068	3.74379	3.5233	2.6402	2.16838	1.98624	2.24694	2.13915	1.68563	2.13177	3.89185	4.38097	2.6402	16.2183	17.9706	16.4616	9.09759	4.44506	7.13639	9.3036	8.24106	6.30339	6.38422	5.56342	5.21284	4.66504	3.76482	3.7439	3.03426	2.27492	2.54306	7.19864	8.91442	4.13822	8.04076	6.72271	5.51827	6.06174	5.3283	4.08472	1.19205	4.29065	1.77673	4.38112	9.34946	14.4872	11.7725	3.76068	2.07181	1.88866	1.63818	1.91353	2.474	2.46763	2.22588	1.88866	1.63818	1.63818	1.75893	1.67626	1.38788	1.28145	1.58929	1.75893	2.14656	2.51194	2.80795	2.30928	2.07181	1.92177	1.67626	1.52857	1.52857	1.58929	1.74993	2.30928	3.21546	2.41599	1.43264	1.08097	0.906182	0.906163	2.2748	4.54245	5.21263	3.96777	3.48748	3.40996	3.05481	2.93931	2.64023	3.98744	4.13803	3.26393	4.38094	2.89075	3.25924	4.38825	4.29443	5.21289	5.63026	7.10793	9.3995	12.2034	12.7578	5.5041	6.72485	12.7601	13.2085	12.3533	9.94333	6.03091	5.11589	6.01523	5.07599	2.95546	4.71183	5.6275	5.01425	5.11602	4.80057	2.54298	2.54301	4.87825	5.47294	5.26947	5.31672	6.03104	5.70456	4.6144	7.12736	8.8663	14.7773	6.0438	5.07614	4.21701	4.43789	4.46603	3.20079	3.05496	3.17614	3.10095	2.62238	2.58606	2.62238	3.03426	2.62238	2.64032	3.26405	3.74397	3.65911	3.65911	3.89604	4.29443	4.23191	2.84689	2.80786	2.86344	3.44676	3.57218	3.83922	3.81048	3.73135	3.82281	3.82281	3.5011	3.25924	3.94005	4.04618	3.83922	3.9876	3.87581	3.57218	3.73135	3.6202	3.41468	4.55982	6.43258	6.18383	6.19391	5.76706	5.51273	5.4012	5.15261	5.03913	5.02048	5.31672	5.76706	6.04392	5.71274	5.31672	5.4012	5.38963	4.79092	3.94012	3.14129	2.474	1.81191	1.60898	3.176	3.14617	2.13917	2.13917	2.8634	3.27357	2.66992	2.31604	1.98627	3.03416	3.92799	3.02381	2.54306	3.03941	3.01861	2.75694	2.93931	3.10083	4.52174	4.28693	3.27353	6.73639	9.42851	6.01523	3.2639	4.2057	5.45841	4.92908	2.86886	1.43257	2.30919	7.39973	7.11214	3.55005	3.58969	3.76482	3.73128	3.55448	3.94005	4.34878	4.49058	4.62458	3.9876	4.05395	5.63009	5.38938	3.10085	3.14626	3.41473	3.36835	3.23984	3.14626	3.96784
2.63993	3.17567	3.41427	2.49271	2.86856	3.57166	3.01823	2.26066	2.31575	2.0715	2.63993	2.38282	1.63799	1.95406	3.41422	4.57632	5.51752	22.0929	6.74276	22.4028	14.1065	4.43397	3.73096	2.66964	4.33011	4.43391	5.26897	5.13993	4.68136	4.43397	3.9277	3.76442	2.46737	1.91333	2.07918	6.60554	8.42604	4.77403	8.41153	6.55617	5.5935	5.66819	4.97602	4.65451	6.1453	4.4481	7.24938	10.2516	13.1451	12.4718	6.56569	2.41576	1.82907	1.88846	2.02543	2.16826	2.46737	2.54282	2.38292	2.16826	1.77659	1.50762	1.38773	1.35318	1.38773	1.63801	1.77659	1.63801	1.77659	2.16826	2.30904	2.30904	2.16826	1.98612	1.82907	1.67609	1.5284	1.74974	2.75673	3.76029	3.9277	2.77384	2.16094	1.46514	1.35318	1.6854	3.4096	4.38048	3.4096	2.80754	4.0456	4.26446	3.27318	3.02342	2.56122	3.98702	4.38048	2.86306	4.0456	5.00414	4.94459	5.56	5.56002	5.89732	6.25817	7.6292	10.4456	11.5909	5.26869	7.21536	13.7722	15.123	10.7642	10.1235	8.45509	4.46556	4.08428	3.73081	3.1005	3.14593	5.67095	5.70397	6.7544	7.97868	6.77043	4.52147	4.40566	5.88675	5.89732	6.54678	7.06591	7.9845	8.61353	7.62936	5.95245	7.93008	11.7139	6.37366	5.18823	4.66455	4.9666	4.79029	3.42814	2.95515	3.01836	3.33519	3.26371	3.03394	2.80768	2.92837	2.54282	3.14593	3.31626	3.10062	3.44645	3.93971	3.83882	4.18677	6.64096	8.36792	6.77043	4.68136	4.09585	3.98718	3.98721	4.13779	4.04967	3.89159	3.6587	3.34931	3.34931	4.11492	4.14152	3.74357	3.89159	3.76029	3.6587	3.89159	4.05352	3.8754	4.0458	6.38106	7.15943	7.94587	7.40142	5.78264	5.13993	5.0386	4.92881	4.90337	5.40928	5.53474	5.80146	6.02006	5.80952	5.76646	5.53474	5.26006	5.01683	4.65456	4.01467	3.02358	2.38292	3.31617	3.1005	1.78539	1.96211	2.58572	3.20035	2.68727	2.49273	2.33615	3.31617	4.21644	2.8631	2.31582	3.02349	3.03909	2.86314	3.06482	3.03384	4.62396	4.20526	2.71639	4.82272	8.71209	7.26631	4.5214	5.1671	7.52322	7.17861	4.448	2.31575	2.68727	8.23248	8.1763	2.2467	1.88836	3.30188	3.58926	3.90762	4.26091	4.11492	4.46562	4.641	4.09585	4.54561	5.50353	4.46556	3.20035	2.9283	2.92837	3.59372	3.76029	3.7056	4.29025
2.46704	5.01303	3.2633	1.95389	2.80732	3.8911	2.58549	1.35301	2.13869	2.13869	3.01273	3.02316	1.63781	1.77639	2.93875	3.89107	3.96701	20.7998	19.266	21.5728	15.2095	2.71621	1.5179	1.63784	5.72231	6.22504	4.04545	5.01329	5.35664	4.60001	3.73063	3.31597	2.26058	2.30884	2.63983	6.08362	8.187	6.5058	9.00327	6.63091	5.16064	4.62369	4.27153	3.64119	6.4891	7.26598	8.46721	7.86705	5.67046	4.61351	2.41555	2.24657	1.98594	1.75859	2.00962	2.38933	2.38271	2.19692	1.98594	2.07141	1.98594	1.63787	1.63787	1.82891	1.63787	1.63787	1.67594	1.43236	1.38761	1.43236	1.29344	1.42127	1.03605	1.29344	1.43236	1.58898	1.52827	2.19692	3.73056	4.00252	3.49592	2.71045	2.84634	2.02522	1.43232	2.52383	4.23089	4.8385	3.44603	2.68703	3.98667	4.14101	3.16049	2.95475	2.95475	4.27143	4.26409	2.77345	4.62356	6.95905	5.51715	5.21184	5.79018	5.76596	6.01954	7.10664	7.65259	7.77834	5.80095	12.1183	12.7046	11.0812	7.9313	8.06587	6.7351	3.30159	2.31555	2.30879	3.17553	4.60338	5.85424	4.57614	6.97491	8.84246	8.11374	7.15881	5.53426	4.65415	4.76381	6.80398	6.966	8.36715	9.68033	9.92196	7.9896	9.63595	11.3327	6.55556	5.31851	4.61351	4.96616	4.96618	3.92736	3.10035	2.54259	2.62187	3.26342	3.49592	3.0181	3.03882	2.66358	3.83025	3.49592	3.42784	3.89125	3.93936	3.6584	3.89125	5.59301	6.76984	7.07187	5.13948	4.21623	3.98683	3.80974	4.04931	3.98686	3.80974	3.73063	3.74325	3.83848	4.34794	4.31538	3.80974	3.80974	3.49592	3.53612	3.92736	4.21623	3.96713	4.4442	6.19524	7.75891	8.97294	9.5299	7.3505	5.63752	5.53426	5.35664	4.90294	5.15159	5.17581	5.60145	6.19272	6.30218	6.02989	5.60145	5.40881	5.31862	4.92838	4.79	4.43363	3.64119	2.89025	2.30875	1.67586	1.74952	2.86831	3.53601	2.68703	2.3156	1.96195	2.976	4.20489	2.92804	2.49251	3.21481	3.1952	2.75648	2.30879	2.38261	4.27143	4.14101	2.51132	4.15613	6.51028	5.46881	3.73055	3.83016	5.82483	6.77878	6.60513	6.5556	5.04109	8.62656	8.51393	2.30879	1.29344	4.8223	5.21168	3.93929	4.26051	4.27156	4.79968	4.48972	4.0454	4.00252	5.13934	5.07517	3.82207	3.39089	3.20011	3.589	3.92736	3.98683	4.28988
3.75962	5.55874	3.17507	1.98569	3.27262	4.09496	2.66915	1.74943	2.1605	2.47318	2.71004	2.88984	1.82864	1.24355	2.66915	3.90288	2.41534	5.88556	15.0914	13.0314	8.81344	5.80034	2.19665	2.54226	6.83038	6.27165	3.10007	3.50011	3.83815	3.69225	3.65377	3.41377	2.80719	2.62164	2.80719	5.18729	7.80156	6.48852	7.62772	5.51669	4.7105	4.60296	4.11417	3.0334	3.3907	3.89094	6.08302	7.28622	4.96571	3.58866	2.51123	2.70438	2.54237	2.13861	2.02507	2.13861	2.4153	2.33572	1.82874	1.74943	1.82874	2.26038	2.27428	1.91299	1.52814	1.38749	1.35294	1.43223	1.67579	1.63772	1.13759	0.905898	0.53302	0.888351	1.28109	1.29332	1.25622	2.66326	3.76367	2.66326	1.12362	1.08064	2.02497	1.9129	2.56073	3.59292	4.60955	5.78936	4.27111	3.14537	3.27262	3.16016	2.91154	2.71004	3.01765	4.72019	4.5411	3.52225	5.65046	7.75376	6.32343	5.34145	5.71653	5.38813	6.41393	7.92883	5.62862	2.14584	7.94617	10.4206	7.59537	7.58713	6.76888	6.4329	4.8894	2.80715	4.96586	5.65081	5.15117	5.93566	6.45725	5.30932	5.49976	5.36187	5.03772	6.34334	4.68053	3.30146	4.83829	7.12554	6.27189	7.17745	8.58878	10.4629	10.722	12.8706	12.3498	7.59537	6.37005	5.15102	5.13885	4.78941	3.58866	3.10004	2.70438	2.46694	2.62164	3.10007	3.14537	3.21454	2.51123	3.55346	3.42753	3.82173	3.75962	3.59311	3.90703	4.12566	4.61305	3.1949	2.71596	2.86815	3.65802	3.98647	3.65377	3.49561	3.50011	3.8094	3.96677	3.89495	3.98651	4.26387	3.96671	3.59308	3.8094	3.74291	4.09512	4.26387	3.82173	3.57118	4.21582	4.77321	5.63703	6.23471	8.06546	8.76691	6.09094	5.28579	5.50268	5.51684	5.7816	5.70297	5.70297	5.65081	5.78164	5.8459	5.47141	5.16629	5.23234	4.96586	4.78958	4.77321	4.40489	3.51357	2.14595	2.33568	2.31537	3.19974	3.33441	2.41521	2.33568	2.13855	3.06424	4.0526	3.03326	2.33568	2.92775	2.92775	2.13855	2.02504	2.49225	3.4999	3.52225	3.0539	4.51344	5.89588	4.29294	2.91154	3.26293	5.28543	5.46825	2.80704	3.6579	6.54783	10.934	10.3841	3.82154	1.08066	5.23204	6.49532	3.55346	4.2601	4.2601	4.61305	4.46481	4.09512	3.53579	5.2142	5.49401	4.65375	3.8909	3.1949	3.41363	3.73021	3.75962	4.14077
1.58868	3.05363	3.36695	2.62125	3.13992	3.51301	2.00913	0.640525	1.67554	2.62125	1.67554	2.07859	4.47496	5.75945	6.43263	6.57335	5.95081	5.67758	4.70986	6.54705	10.1017	14.2669	6.50432	3.54859	7.10942	5.16551	1.60836	2.13832	2.58507	3.10483	3.10483	2.56062	2.46668	2.62136	2.62136	3.42718	5.67762	4.83779	6.56611	5.15052	4.43273	4.4854	4.31821	3.80901	3.54877	3.5132	6.08245	6.99326	3.54868	2.66891	2.13839	2.41506	2.1965	1.88793	1.88793	1.63755	2.02483	2.51092	1.98556	1.91279	1.67561	1.52798	1.58868	1.81121	1.43209	1.13747	1.28095	1.52798	1.28095	1.00493	1.13747	1.3528	1.19164	1.03585	1.13747	1.58868	1.92103	3.02265	3.09966	1.25604	0.397248	0.732467	1.38727	2.95418	4.15159	4.34701	4.94308	6.11298	4.00166	2.36897	3.01745	3.1995	2.54203	2.3151	2.77292	5.03694	5.25834	4.12507	6.43233	8.37985	6.73383	5.07408	4.96207	4.96534	7.71353	9.77205	6.76854	5.51598	9.26863	8.20979	5.69127	6.10282	5.396	4.5407	3.21419	4.37946	6.09031	7.25394	6.82552	7.09883	7.54587	6.23406	4.91471	3.76337	2.71569	3.41337	4.43621	3.80901	5.41923	7.26444	7.54587	8.51263	9.26553	9.57112	12.5596	17.7124	16.1484	9.18611	6.95115	5.15052	5.49346	5.21371	3.37167	2.92755	2.9383	2.7041	2.14573	2.02483	2.51092	3.03824	2.27404	3.0382	3.01745	3.27239	3.36706	3.33425	3.59274	4.12524	5.56119	5.23477	4.54434	3.57081	4.14036	4.43273	4.1856	3.74252	3.57081	4.05239	4.04853	3.74252	3.80901	4.15173	4.26344	4.15173	3.96636	4.13663	4.54434	4.15173	3.57081	3.33425	3.76337	4.14036	3.5132	3.26279	4.63979	8.40934	6.76849	5.15063	5.56129	5.76485	6.17393	6.37933	6.58046	6.34271	5.53319	5.40778	5.54442	5.40778	5.55847	5.50211	5.06811	5.01543	4.72001	4.23028	4.14043	4.54434	4.21542	3.79245	3.0382	2.24607	2.14564	2.19644	3.27231	4.04452	3.41331	2.663	3.06396	3.06396	2.49203	2.58507	2.71569	3.23853	3.31524	3.09963	4.40421	5.53291	4.20408	3.06396	3.65756	8.11935	9.10096	7.0112	6.27628	4.72988	7.74113	9.57552	8.18555	5.79977	6.04907	7.06361	3.59256	3.40865	3.80885	4.48526	4.44675	3.87432	3.72991	5.01216	5.32913	3.65339	4.02135	3.49525	3.90651	4.09463	3.61881	3.96632
9.24181	9.84089	7.61212	3.90213	4.43578	4.96476	4.86636	6.26087	6.80217	6.52296	4.21501	3.42687	4.57486	4.29241	3.48591	3.74205	3.52157	7.42742	8.4519	13.3557	10.0747	16.6165	10.6799	4.4848	6.62172	4.65253	1.58845	2.4727	3.0379	2.8676	2.52325	2.00906	1.92086	2.31501	2.31501	2.31501	4.07891	3.98571	6.74018	5.41873	3.98571	3.7921	4.55765	4.32873	3.77144	3.77144	6.40765	6.83141	3.92625	3.03282	2.1382	2.41484	2.58483	2.02468	1.63741	1.50707	1.82839	2.51068	2.02465	1.74909	1.74909	1.13737	0.956577	1.43193	1.35268	1.50707	1.88777	1.92086	1.52784	1.25598	1.38722	1.58853	1.52784	1.38722	1.52784	2.00906	1.7581	2.24584	2.0707	0.177644	0.732394	0.397207	1.38713	3.938	4.68271	4.05182	4.67938	5.78016	3.53497	2.13814	3.3899	3.55277	2.63906	2.30812	2.86746	5.50127	5.94993	4.31763	6.95701	9.2198	7.09789	5.56055	6.04085	6.99282	9.90069	8.43047	7.35435	11.2351	10.0235	7.49371	5.34042	4.90133	3.59219	2.66274	4.76904	5.21043	4.37904	5.13804	7.17624	7.11346	6.18085	5.35514	5.94769	5.59989	3.39004	2.31495	3.48591	3.8942	3.90613	7.26356	8.29278	8.55315	7.83946	6.80204	8.56044	17.2913	19.7898	10.932	6.93255	4.25928	5.246	5.54648	3.55277	3.09947	3.09947	2.97524	2.58483	2.1963	2.1963	2.71543	2.66283	3.38995	3.54834	3.38995	3.31502	3.42687	3.72958	4.37904	6.55372	5.78049	5.83936	4.44646	3.82916	4.08276	3.8942	4.021	3.80867	4.26305	4.13627	3.93826	3.80867	4.09433	4.60207	4.28507	3.65307	3.65734	3.92625	3.82099	3.65307	3.49944	3.96595	4.27034	3.64017	3.69154	4.04425	5.97107	7.37978	6.13302	6.75193	6.63853	5.71005	5.70184	6.27573	7.03919	6.28314	5.64973	5.86337	5.8925	5.98938	5.95029	5.4073	5.11061	4.91427	4.57486	5.17437	5.47036	5.38706	5.31713	4.83736	3.96601	3.14476	2.83998	3.3149	3.82081	3.3149	2.83998	3.55275	3.37134	2.6863	2.6863	2.7557	3.54834	3.72947	3.19428	3.82081	4.40374	3.34786	2.51063	3.88995	11.283	11.7158	6.32248	7.49815	8.04873	6.82483	4.12464	4.5196	6.02027	7.9909	8.6437	6.25563	5.04267	4.71928	5.56043	5.3286	4.21501	3.96601	4.25931	4.37884	2.71536	2.86213	3.74219	4.13997	4.08274	3.37601	3.90616
9.83225	8.3655	7.6597	5.11008	7.1948	7.24386	2.3079	1.08033	2.63879	5.51509	5.90752	0.355249	2.97494	2.63879	3.548	6.19522	8.81297	9.86276	8.01128	13.4727	16.3339	15.4425	11.57	2.38169	5.86532	7.77555	4.31724	2.95361	3.33347	1.7757	1.25584	1.50691	1.88757	2.25971	2.13798	2.13798	3.88975	5.16473	6.91413	4.90099	3.40817	4.09388	5.32527	3.77105	3.01173	3.65269	6.05825	6.35107	3.59202	3.05319	2.52299	2.62086	3.03251	2.54161	1.92066	1.63724	1.52768	2.13793	2.15992	1.68466	1.46445	1.29294	0.956479	1.12329	1.52768	1.77575	1.63724	1.67529	1.92066	1.88757	1.63724	1.58837	1.52768	1.77575	2.38179	2.38841	2.22459	1.25582	1.24319	1.50691	0.753584	0	1.75782	4.40336	4.65213	3.77085	4.51911	5.51492	3.30032	2.19602	3.53465	3.06337	2.41459	2.80633	3.19397	5.70102	6.25496	4.87528	7.51347	9.83179	7.76159	6.55305	7.60129	8.64479	7.12349	1.77566	11.849	11.8401	9.24044	6.64685	3.06337	2.16713	2.41459	4.57439	5.70946	5.14964	4.5297	5.43259	6.52241	6.13238	4.70911	4.48454	5.07635	5.14964	5.04237	4.28463	4.6389	5.01759	4.12444	6.88485	6.62815	4.63866	3.6396	3.03762	6.00942	11.8401	18.6597	11.3613	6.32898	3.91777	5.20968	5.49232	3.21361	3.01693	3.19894	3.14444	3.19894	3.19894	2.86731	2.93773	3.26219	3.87357	3.76265	3.56567	3.61811	3.42652	3.36641	3.96555	5.59076	2.75542	3.96548	3.31469	3.59202	4.08237	3.31469	3.40817	3.8938	4.21458	3.80828	3.79592	3.8938	4.26262	4.34627	3.7292	3.59205	3.65697	3.70385	3.42652	3.1743	3.41276	4.17349	4.28823	4.04775	4.92649	4.59824	4.82069	7.70809	7.17549	6.9656	8.2365	8.2365	6.91432	5.88398	6.25523	6.64714	6.4314	6.10188	5.98876	6.08914	6.17275	5.86277	5.2308	4.93596	4.76854	5.25758	5.40674	5.70126	5.94968	5.94707	5.53213	5.20989	4.83686	4.04385	4.46345	4.25888	3.23796	3.38958	3.02206	2.51044	2.84525	2.88913	3.01687	3.09906	2.86175	3.79165	4.38561	3.21357	2.13054	3.74163	10.9624	12.1281	6.73954	3.09906	3.06337	5.32825	6.73283	6.19035	4.04385	4.51911	6.89386	6.86468	6.52217	6.26988	7.98038	7.30313	4.31372	3.80828	3.65695	3.38958	2.97485	2.66838	2.97494	3.61811	4.08237	3.58762	4.25888
11.0193	12.3203	6.1089	1.98494	1.59809	8.08108	6.50251	6.75064	7.64127	4.92606	6.50251	7.07056	8.84704	8.32469	6.60209	9.33005	8.81742	7.29627	5.62636	7.44507	15.5825	13.8632	4.63835	5.31612	10.8546	16.2494	15.5923	7.20894	4.18422	1.7844	1.13715	1.19131	1.38695	1.38695	1.35237	0.561648	1.81067	4.6384	5.676	3.56536	2.63859	4.61132	5.32477	3.27147	2.00867	3.74141	5.68968	5.45487	2.71493	2.13779	2.07043	2.2734	2.80608	2.75518	2.31457	2.16704	1.82804	1.98498	2.19588	2.19588	1.8537	1.63707	1.35242	1.50678	1.75776	1.63709	1.38695	1.28059	1.50678	1.8874	1.8874	1.67515	1.52755	2.07801	2.47235	1.92049	1.68451	1.52747	2.92673	3.79559	3.03224	1.92049	1.78439	3.44435	4.70855	4.43137	5.14895	6.16185	3.90533	2.54129	3.56966	3.14408	2.66816	2.75518	3.21333	5.82209	6.50251	5.54549	7.9023	10.0624	8.58527	7.45111	7.61075	7.89265	1.06555	11.1099	12.4885	9.09845	6.72041	5.37715	4.93553	4.96396	5.28377	5.7794	5.55692	5.53165	5.94656	6.65583	6.03992	6.40911	6.57863	5.93606	4.83644	4.67877	5.94913	6.01671	5.70079	6.27453	6.13185	4.25484	4.82003	5.79795	4.13906	0.532819	5.23331	12.7555	15.0165	9.09833	5.43194	4.2585	5.59859	5.55669	2.6858	2.46599	2.92673	2.92673	2.86706	3.19866	3.19866	2.9535	3.30019	3.59171	2.92673	3.72878	4.46312	3.59173	3.19866	3.55212	3.75806	1.60791	3.03739	3.89345	3.96525	3.96521	3.82844	4.0474	4.2291	4.15057	3.88941	3.79559	3.74148	4.21421	4.21421	3.56981	3.65237	3.80795	3.75818	3.65665	3.65237	3.72887	4.17313	4.31334	4.26225	4.91334	5.01715	5.20944	7.03788	8.04907	6.67217	8.29145	10.4359	10.6786	8.99084	7.2753	6.91372	6.95608	6.32869	5.94656	6.08861	6.25219	5.78745	5.26598	5.00153	4.76156	5.23034	6.01671	6.72072	6.43084	5.77942	5.51473	5.55974	5.59882	5.06669	5.35984	5.33944	4.0474	3.6178	3.02182	2.51022	2.83946	2.49133	2.3077	2.92666	3.09879	3.87313	4.43137	3.54769	3.19866	3.5521	7.37815	9.26608	9.19858	8.29683	6.38953	6.54523	6.37738	7.4534	8.26553	7.39731	4.46312	3.98479	6.05773	7.45111	10.7637	10.3992	4.60785	3.56981	3.65665	3.82844	3.76232	3.37539	3.03739	3.74141	4.26955	3.65663	4.2585
9.14288	5.03819	3.03707	5.35356	7.37776	10.5709	10.7067	7.97344	9.58655	10.8521	11.2044	10.7573	8.37705	9.86115	9.43311	7.95787	4.69146	4.37758	3.88883	3.75766	6.16152	8.44263	7.37538	3.15866	5.63398	4.32745	17.5318	13.6095	6.91268	1.68428	1.38681	1.43153	1.28046	0.887893	3.65613	3.59135	5.41704	5.38522	4.15	2.66197	2.46573	4.63786	4.69146	3.75779	4.13884	4.46265	4.69146	4.26168	2.31428	1.52739	1.35228	1.38681	2.02405	2.5411	2.31432	2.31432	2.19565	1.77536	1.46417	2.02405	2.19565	1.98477	1.67497	1.92029	1.8872	1.63692	1.52739	1.63692	1.92029	1.8872	1.67497	1.52739	1.52739	1.78422	0.732203	1.68428	2.36806	4.43448	5.32425	5.3855	7.10706	7.31265	4.67825	0.251146	4.34534	4.78713	6.71987	8.643	5.71902	3.1982	4.18378	3.75766	2.83916	2.50995	3.01629	6.21146	7.04125	5.93527	8.15594	10.8336	10.0675	9.17102	8.50754	5.6672	7.49351	13.6405	7.92677	5.77855	2.93705	5.0135	7.06125	6.72004	6.16152	6.40842	6.67147	7.12227	7.69669	7.81569	7.00852	7.37776	8.29061	8.0196	6.88387	6.19169	6.52353	6.95536	6.72004	6.68308	6.03929	5.01663	4.86485	6.87459	7.69043	7.88625	10.7194	13.3521	10.1377	5.63398	4.31641	3.93696	5.94829	5.55611	2.86676	3.05261	3.27113	2.88858	2.41413	2.33459	2.36806	2.63831	3.4121	3.4121	2.86128	4.28735	4.79688	3.65629	3.65199	3.79099	3.56498	3.09854	3.51185	4.32745	3.65629	3.79099	4.31289	4.05083	3.98456	4.28381	4.28381	4.18399	4.18399	4.60073	4.48368	3.83627	3.88901	4.04698	4.28381	4.44515	4.37778	4.28747	4.2618	3.96479	3.76192	4.11219	3.90512	4.44164	5.38547	7.15466	6.14133	6.77499	6.64587	8.26468	10.1888	10.5254	8.94395	8.20502	7.58378	6.68308	6.28128	5.98756	5.59818	5.59818	5.23276	4.88735	5.94851	6.8928	7.11138	6.57794	6.13121	6.14133	6.16152	5.94594	5.76264	5.00101	3.72419	2.58407	4.17269	4.77086	4.28747	4.09313	3.81986	3.4939	3.21299	3.06278	3.81973	4.44498	3.61735	3.06283	3.23734	5.00082	5.45422	5.25928	6.13343	6.0928	9.77886	8.37664	4.43096	6.50207	7.88625	7.50827	5.01663	2.15947	5.00082	10.8336	13.4526	7.73818	3.41205	4.2138	4.5426	3.81986	3.27113	3.56498	4.4345	4.46265	3.92509	4.44508
1.29258	3.42544	4.83536	5.71873	9.13549	13.1387	12.6743	8.83666	7.90893	9.34157	10.1403	7.70992	3.92475	4.01165	4.89969	2.3073	2.76024	3.76147	3.38856	5.50773	4.59676	4.35948	11.4541	9.62364	12.6138	14.0856	12.4434	13.6853	8.39784	2.4654	1.08002	1.52725	1.25549	1.82761	5.55839	1.59778	6.25815	7.12995	4.62049	2.49083	2.50973	3.65583	3.56897	2.07003	3.90478	4.21343	3.90467	3.87238	2.13733	1.58793	1.67482	1.63678	1.74842	2.19546	1.98462	1.68419	1.98456	1.81032	1.12297	1.25547	1.6076	1.60762	1.75742	2.07003	1.92012	1.67482	1.63678	1.88704	1.77525	1.35216	1.19108	1.28035	1.13693	1.06534	0.887792	3.19794	3.02124	4.86434	5.35874	4.44476	6.05162	7.80127	8.66363	4.78344	3.19794	1.50641	4.28343	11.1444	13.2023	10.8939	9.05474	5.76184	3.02124	2.7144	3.19308	6.57001	7.44338	5.76194	8.47958	12.0609	10.9869	9.43199	8.4689	4.3774	12.8599	13.0225	5.14796	3.54692	2.91005	5.30628	6.28074	6.52296	6.5206	6.6453	6.6453	7.06721	8.02463	8.37632	8.36352	9.37244	10.2941	9.94752	8.99763	7.86214	7.10644	7.11076	7.00791	6.50632	6.32748	7.49322	8.22116	5.76205	6.0101	2.86095	10.4723	16.5325	8.60669	3.83575	3.59089	3.44374	6.09227	5.26479	2.70864	2.70864	3.23706	3.27084	2.92617	2.68528	2.38113	2.95293	3.98419	4.22829	4.01945	4.25771	4.72754	3.33268	3.69012	3.87249	3.99986	3.59102	3.25645	3.65597	4.01945	4.26143	4.11183	3.53377	3.72815	4.21343	4.12329	3.98421	4.18363	4.48329	4.43064	4.32707	4.44125	4.20228	4.28343	4.21343	3.89271	3.89271	4.14977	3.92475	3.96444	4.26873	3.4981	4.05048	4.55592	4.91239	5.01307	5.48805	5.33841	4.59696	6.0259	9.53644	10.6892	10.3686	9.29575	7.10644	6.79958	6.77444	5.98704	5.76478	5.39366	5.14821	6.26831	6.82224	6.80184	6.6825	6.74935	6.63599	6.65464	6.79049	6.62665	5.63379	3.69012	2.88833	5.16317	6.05155	5.76214	4.77047	4.60714	4.47285	3.74076	3.06257	3.87238	4.93441	4.13833	3.21271	3.06257	4.89951	5.71311	4.81915	4.92171	5.39631	10.0725	9.5979	5.1358	4.991	4.69114	7.00131	8.22674	6.42961	3.70281	7.50723	14.2754	10.9499	4.18342	4.07738	4.31617	3.98421	3.72815	3.93667	4.61043	4.62062	4.31617	4.51801
6.67019	10.5619	12.7567	12.4425	11.7503	10.5362	7.06849	3.58624	3.31341	3.75706	4.17189	3.81913	3.4435	2.61985	2.02361	1.1909	3.1029	4.51739	4.86383	6.22028	5.16256	2.07739	7.20485	10.2342	9.71212	9.92039	8.8097	12.4884	7.05304	2.46514	2.22364	1.51673	1.46388	2.46514	5.64671	3.29921	8.26467	6.60463	4.22764	1.67457	2.06972	3.40668	2.8606	1.67457	1.51668	1.95239	3.21233	3.61665	1.63658	1.28021	1.75723	1.88684	1.74824	1.85315	1.91169	1.96044	2.19518	1.78385	1.29244	1.24271	1.42018	1.58776	1.77506	1.52709	1.43126	1.67465	1.75723	1.77506	1.63661	1.8275	2.13715	2.00808	1.63661	1.28021	2.06972	3.7694	2.16629	3.88808	4.76646	2.80513	2.41359	1.88684	7.81584	5.88935	3.01564	2.19523	2.92579	2.38088	8.60594	8.91113	11.3886	9.26324	1.91982	1.67457	2.777	6.23018	7.31088	5.16254	8.99965	13.4109	10.9269	5.71793	4.63697	7.0335	14.6786	10.8093	3.03124	3.48422	4.14934	5.558	5.66625	6.78979	7.12958	6.91168	6.95403	7.20923	8.12454	8.91318	9.71212	11.744	13.023	12.8958	11.6087	9.57046	8.13776	7.35118	5.9448	5.14767	5.98646	8.58302	9.57046	7.51089	1.98439	9.85931	13.1964	13.1101	6.78944	3.74026	4.09226	3.74026	6.0456	5.282	2.70836	2.54064	2.88802	3.06224	3.03648	2.97379	3.15822	3.41144	3.99944	3.96408	4.13804	3.98377	4.83486	4.13797	4.04234	3.88826	4.13797	3.88826	3.74037	4.04234	4.88642	5.07441	4.54172	3.98377	3.81913	4.09235	4.12286	4.13425	4.08089	4.37692	4.59984	4.13425	3.98379	3.96408	4.21299	4.28298	3.98379	3.74037	4.09235	4.05005	4.38403	4.48627	3.65128	4.09235	4.21296	4.26104	5.23176	5.2108	6.54346	5.06519	5.04044	5.76154	8.37545	9.51467	9.60197	7.12088	6.80113	7.17263	6.05092	5.82056	6.09954	6.27268	7.04012	7.66306	7.58233	7.17275	6.99616	6.87356	6.92733	7.0358	6.75323	6.47459	5.7426	4.47238	5.55791	5.90526	5.0343	5.13553	4.60666	3.65559	3.01057	2.8662	3.93621	5.26424	4.1718	3.19767	3.06224	4.7698	4.99986	3.72761	4.37674	4.8186	9.58424	9.5779	5.6329	5.88142	6.56933	6.94285	8.37545	8.82365	7.1057	4.96237	12.1222	11.9408	6.71843	5.16254	3.9163	3.8923	4.28665	4.14934	4.43363	4.44419	3.79027	3.96403
9.23978	12.5784	12.4604	10.7727	8.79518	5.48993	3.36943	2.30681	2.3339	1.12272	1.98416	2.06954	0.955992	1.03516	2.66714	3.40656	4.81184	5.55742	5.62421	5.66554	4.34413	2.33394	3.10277	4.63672	6.66237	7.69417	6.29649	10.8084	5.03984	3.01544	2.49036	1.77486	2.02343	2.77108	3.44307	5.83603	8.99566	6.10656	4.13761	1.6745	2.06954	4.42962	2.86585	1.7837	1.85293	1.91145	3.17267	2.86585	0.956027	1.03516	1.43113	1.43113	1.46376	1.5166	1.68386	2.12953	2.58328	1.6364	1.07983	1.43111	1.58762	1.88667	1.75708	1.38642	1.50619	1.88667	2.13696	2.27252	2.27252	2.38728	2.38728	2.16621	1.91975	1.3519	2.80489	3.68923	2.24465	5.07088	8.58228	8.97375	6.51925	4.42984	7.59156	5.70651	3.5196	2.77675	4.20147	7.75232	10.9632	9.85051	8.76172	8.97854	5.26396	4.25687	3.93579	6.1393	7.12859	5.66546	10.0511	13.2614	7.54062	6.87297	12.074	13.3951	11.0585	6.00378	3.56844	3.8188	4.34422	6.01686	5.55761	6.75264	7.24705	7.34848	7.88988	8.44029	9.44978	10.6759	11.5354	13.0285	14.2378	14.8566	13.6534	10.5211	9.13541	8.47826	6.40666	5.64375	6.7892	11.24	14.3846	15.9093	12.993	5.78502	5.71201	6.74771	5.42986	3.90393	4.26787	4.08042	5.93096	5.24305	3.19746	3.41114	3.44315	3.02064	2.49036	2.31367	3.01031	3.72744	4.21259	3.8188	3.93599	4.08053	4.78252	4.60617	3.98345	4.08053	4.34422	4.31535	4.18282	4.28627	4.57223	4.71688	4.4404	4.1225	4.0497	4.26061	4.37653	4.37656	4.04199	4.14898	4.38365	3.74004	3.74004	4.1225	4.21262	4.0497	3.98345	3.93599	4.09199	3.98342	4.38365	4.34422	3.80648	4.26061	4.26061	4.28627	5.31408	5.62438	6.38708	4.59608	5.30526	5.07088	5.76104	8.41845	10.6037	9.13541	7.70448	7.71839	7.25973	6.87518	6.71818	6.8999	8.69202	9.62175	8.37473	7.25981	6.99556	6.99556	7.06586	7.03519	7.0132	7.00658	6.50026	4.53792	4.43325	5.62416	4.44384	6.00926	6.29681	4.4404	2.54041	2.54039	3.91592	5.03984	4.04183	3.19737	3.03622	4.38354	4.21246	3.3319	4.52736	5.46414	11.1325	10.2211	5.38381	6.56167	9.28709	8.69711	8.12954	9.44978	8.44752	5.76104	9.06303	11.158	7.98242	7.34812	4.81179	3.96373	3.96373	3.80648	4.09194	4.28615	3.55075	3.91596
11.0563	9.55586	4.81132	2.13663	1.63624	2.77662	3.70176	3.92364	3.81845	2.30665	0.640031	2.31338	2.70206	2.31338	1.35178	3.19717	3.76052	3.92347	4.42915	5.03307	3.96315	2.1587	2.31338	2.0233	9.12907	9.70981	8.60416	12.2369	4.93931	3.37377	2.30665	1.78355	2.70771	3.93538	0.640073	6.01352	7.92378	5.41514	4.2271	3.25553	3.26991	4.81774	3.09729	2.13672	2.31341	2.30659	3.42443	2.63719	1.03506	0.95594	0.73193	0.73193	1.07973	1.07973	1.06503	1.63624	2.63719	1.95203	1.58748	1.68371	1.52682	1.50606	1.52682	1.63632	1.91958	2.13678	2.27233	2.00772	1.67435	1.3863	1.12265	0.95594	1.3863	1.96008	3.33156	3.01515	4.52717	6.29626	8.02241	10.4928	10.9815	9.29163	6.3183	2.16588	3.75623	3.56792	3.19216	6.09841	7.96843	5.51191	4.76884	5.01135	3.92347	5.63183	5.07321	5.41776	6.22899	6.04446	10.0577	12.9693	12.9868	13.9969	12.0791	8.71945	3.79379	1.80984	3.41084	3.53276	4.44342	6.40342	5.88063	6.71759	7.39177	7.97635	8.43409	9.0626	10.338	12.1646	13.481	15.5635	16.0925	14.3168	13.55	10.7828	10.4006	9.51935	7.97635	8.60476	10.9857	15.9756	18.1458	20.0837	22.3062	7.3432	4.5166	5.71144	5.11003	3.72699	4.11058	3.93548	5.65395	4.86292	2.9521	2.86569	3.37374	3.41071	2.80475	3.13772	3.40626	3.98306	4.26023	4.37614	4.52717	4.53753	4.7263	4.60573	3.7564	4.08017	4.6497	4.42938	3.79379	3.96338	4.2011	4.32586	4.2271	4.2011	4.28223	4.48202	4.48202	3.98309	3.76894	4.1486	4.38325	3.83486	3.89161	4.37614	4.35826	3.96338	3.80614	3.93564	4.21224	4.1486	4.38325	4.21221	3.56812	3.99872	4.21221	3.88757	4.26029	4.76913	4.4293	3.72699	4.38325	4.67653	5.07351	7.30998	10.6594	10.7087	9.45694	9.35027	8.90984	7.42293	6.82042	7.20584	10.0279	10.0581	8.39594	7.61348	7.36671	7.36671	7.28039	6.8993	6.99936	7.03455	6.86097	5.07042	4.93948	4.81132	4.20086	4.61925	6.04994	6.65497	4.11065	3.03593	3.91554	4.59885	3.87125	3.06162	3.02034	4.17102	3.9986	3.44273	4.99892	6.72871	12.5873	10.9249	6.43496	6.38646	10.0681	10.3068	5.7416	7.42495	8.21881	7.60328	5.90417	9.82617	7.79858	9.10733	6.25138	3.81845	3.96338	4.04549	4.42938	4.6193	3.76052	4.25279
4.96097	1.98377	3.25519	3.76009	4.041	3.73925	4.31452	3.81806	2.61912	3.25519	4.38643	3.15733	0.793809	2.47083	3.29812	2.6666	2.92504	3.21143	3.41034	4.76513	4.1329	1.98377	2.22301	2.48988	8.52496	11.7581	9.38801	13.3394	4.44295	1.43081	0.88745	1.60698	3.36407	5.25385	0.887473	6.99827	7.24529	2.93566	2.46457	2.7076	3.0148	4.47091	3.26951	2.50877	2.50877	2.50877	3.44241	2.50873	1.13649	0.887495	0.640006	0.753082	1.12254	1.24237	1.07962	1.60698	2.36689	1.98383	1.82699	1.91115	1.67418	1.38615	1.38615	1.63615	1.82699	1.77456	1.38615	0.905054	0.709999	0.561323	0.905036	0.640006	0.955842	1.80962	3.14226	2.55843	3.23581	1.85263	1.25497	3.48315	5.51144	5.71654	3.70139	1.75665	3.03039	3.10203	3.68852	5.25385	4.28162	2.63695	3.83427	4.20048	4.44288	5.7758	4.43935	4.99847	5.79462	4.67586	7.09917	10.3937	11.3861	9.33151	5.94314	4.31086	4.21165	2.53982	3.15733	4.71597	5.20639	6.10528	5.48877	6.04413	7.15136	7.49037	7.89809	9.35256	10.7706	12.9683	14.6072	17.2025	16.3696	14.8972	14.4298	10.4918	9.40435	8.40222	8.97725	12.7856	15.047	12.377	6.25082	16.9548	23.6638	7.15107	4.96099	6.34687	5.5423	3.58518	3.87089	3.70128	5.09732	4.48494	2.70178	2.63704	3.72244	3.93516	3.90328	4.13689	4.04121	4.21181	4.42894	4.64923	4.28545	4.18202	4.70599	4.68934	3.70139	3.65454	4.42894	4.14818	3.6887	4.12171	4.12171	3.98268	4.37572	4.5267	4.51632	4.70599	4.54046	4.07975	4.01791	4.37569	4.59856	4.07975	4.13309	4.31452	4.12171	4.13309	4.04507	3.83446	4.21181	4.37569	4.2598	4.04116	3.80575	4.38281	4.38281	3.96297	3.98268	3.65457	3.14235	3.78913	4.31078	4.21179	4.70599	5.22733	7.42217	10.1394	10.337	10.5191	10.9352	8.99246	8.12799	9.17861	10.7342	8.96527	7.73894	7.73496	7.85915	7.98516	7.48832	6.88064	6.99864	7.65497	8.37854	7.27958	6.56775	5.07299	2.13651	6.2508	4.48494	6.90963	6.54166	3.26	3.58518	4.42881	3.78913	3.0356	3.23576	4.21168	4.13674	3.37342	4.51613	6.13813	12.4813	11.6459	4.55407	4.60866	8.93937	8.88287	3.36417	1.07962	3.8872	7.48818	3.7934	7.75045	6.66803	10.8742	9.15325	3.96292	3.96297	4.12171	4.64923	4.72583	4.0912	4.96099
4.15162	10.531	13.6669	12.9125	8.50245	4.64862	3.78885	2.25801	1.43073	2.6368	3.38714	4.04856	4.04856	2.85968	5.76181	5.66399	5.31259	5.87951	5.71603	4.46013	2.31288	2.58252	3.25954	2.80406	4.09077	11.4175	9.3485	9.12734	3.37309	1.7475	2.31294	3.01979	3.90279	5.93189	4.04086	5.1606	5.20571	5.46282	4.53665	2.95153	4.83618	6.12737	3.81753	2.50853	2.50853	2.33327	2.92468	1.9836	1.00398	0.887417	0.753016	0.955756	1.07952	1.25484	0.955756	1.59701	2.15823	1.60685	1.43073	1.74759	1.91921	2.02294	1.88615	1.77441	1.67403	1.2549	1.07952	1.06483	0.95571	0.904946	0.90497	0.639949	1.2549	1.4307	1.35145	1.27974	0.793694	0.887417	1.77435	1.80944	2.06893	2.38644	3.50964	3.3869	2.52092	2.63665	3.75963	5.88972	4.37506	1.85239	3.654	4.64856	3.90267	4.04058	3.65403	6.25015	8.37743	7.29151	5.94518	2.61888	0.904946	2.33322	3.10171	3.90267	6.01237	5.55581	4.61853	5.64217	7.57956	7.80933	5.55593	5.32119	5.66408	6.64217	8.08937	9.99427	11.2368	14.4686	16.0019	17.9133	15.4217	16.4065	14.4445	10.5651	9.67543	9.42791	14.6858	14.6858	10.6575	3.90279	9.07259	17.1673	17.5079	6.09701	4.7844	6.59742	5.94489	3.75551	3.72618	3.42377	4.37509	3.96245	2.80421	2.77609	3.82588	4.3753	4.01756	3.88686	4.18165	4.20029	4.38241	4.2114	3.49644	3.64994	4.59814	4.48116	3.72639	4.2114	4.93853	4.59479	4.18165	4.28141	4.20029	3.98233	4.12134	4.28507	4.51591	4.54005	4.04856	3.73899	3.90293	4.3753	4.59814	4.07939	4.13273	4.04856	3.81772	3.96261	4.13273	4.22629	4.60496	4.44266	4.3753	4.48116	4.20029	4.25941	4.17034	3.88682	3.89087	4.15162	4.32503	3.96255	4.89714	4.78114	4.64881	4.64881	5.01383	8.28596	9.84945	8.51552	11.1299	13.0352	10.6335	10.3682	10.276	7.65429	6.92481	7.48768	7.86628	7.85847	7.06389	6.89799	7.25779	7.37568	7.48749	6.7047	5.40268	3.44223	2.4707	5.83942	6.5408	4.04079	7.77956	3.68838	3.72627	4.72525	3.73885	3.01457	3.41005	4.25924	4.21126	3.19154	3.36373	4.39998	11.7454	12.7329	6.3876	4.37509	6.66042	7.98425	7.74617	6.13778	4.44243	3.65406	3.75567	7.09185	6.31684	11.5096	11.2736	4.60484	4.28141	4.67563	4.87177	4.64881	4.3753	4.96995
13.627	11.8909	5.41356	15.0778	11.9353	4.87112	1.68316	1.43058	3.88642	3.19623	1.19039	1.88595	4.76446	6.63219	7.98348	6.90831	5.22633	5.59448	5.55264	5.25309	4.78407	3.49608	2.07634	3.63649	3.37277	6.9862	6.87933	1.60669	3.7884	5.69614	3.96216	3.26895	3.54939	5.13601	3.50951	2.66611	1.38581	1.74735	1.74735	2.68373	5.42778	7.73114	4.55319	2.36649	2.31274	1.98345	2.19414	1.68316	0.752937	0.731715	0.501974	0.532408	0.793623	0.955623	0.561215	1.0794	1.80927	1.68321	1.77422	1.82663	1.77422	1.67385	1.43058	1.00387	0.396847	0.731697	0.887302	0.731697	1.58694	1.46316	0.639882	0.90488	1.29183	0.887324	0.250992	0.39683	0.177474	0.639851	1.27954	1.43052	1.98339	2.37965	3.4417	3.54487	2.41243	2.52069	3.63649	6.00665	4.76422	1.98339	4.04799	4.90937	4.21085	4.21087	4.80994	9.12662	10.9218	8.63038	6.95968	6.24741	4.89687	4.35697	3.72172	4.67497	8.04262	7.65933	6.0121	6.37268	8.54507	8.89703	7.76917	6.72703	5.70449	6.65304	8.71326	10.109	11.2343	16.2763	19.3609	18.1408	10.7687	14.9201	13.198	10.9206	9.87908	14.0839	16.5896	10.5998	3.54496	9.36828	7.99475	10.7681	13.1264	4.67494	3.83354	6.18729	5.8389	3.80485	3.6537	3.36342	3.92236	3.54937	3.02991	2.85938	3.40983	4.12092	3.93448	4.04043	4.32458	3.93448	3.8255	3.78848	3.64956	4.12092	4.5533	4.14738	4.04429	4.38197	4.63484	4.28097	4.01713	4.04814	4.60449	4.67518	4.28463	4.12092	4.12092	3.98189	3.726	3.64956	3.83372	4.53958	4.64834	3.93448	3.89046	4.12092	4.12092	4.04814	3.89046	4.04429	4.70509	4.75132	4.67515	4.53958	4.04429	3.98189	3.99755	3.75529	3.80502	4.28463	4.53618	4.28463	5.67165	5.31191	4.16992	4.38197	4.6785	6.00696	9.08504	7.86539	7.85765	11.9396	13.7633	12.6941	11.8508	9.33626	7.48894	7.24003	7.41456	7.50333	7.63342	7.97401	7.85765	7.85751	7.0717	5.32373	4.78407	3.99755	2.97239	4.04799	6.86998	1.9595	6.51662	4.4807	4.31003	4.1094	3.44175	3.01428	3.56258	4.38186	4.04028	2.8593	2.8593	3.02981	8.80356	11.3572	8.97872	8.0581	8.09039	6.96843	5.14513	5.87877	7.27797	1.77422	1.52637	7.58866	6.96832	9.9824	10.9533	4.83251	3.91446	4.64834	4.7677	4.53958	4.04814	4.26627
2.70667	10.6525	18.115	17.5828	11.0097	4.65784	3.49127	5.15379	3.98156	2.33277	0.904771	2.19392	3.54905	5.06848	6.10366	4.78023	2.75281	2.84251	2.02245	2.15782	3.09622	3.88611	3.76749	3.91404	3.98131	1.74717	4.26582	2.07622	5.38112	6.96528	2.61823	1.9593	2.48915	3.58413	2.46387	2.06866	2.47022	3.96179	4.65794	4.59725	5.84644	7.43837	4.38142	2.30576	2.50805	2.07622	1.78286	1.46301	0.396812	0.56114	0.25097	0.35491	0.709793	1.06462	0.731648	0.904771	1.2546	1.19028	1.27949	1.29171	0.904771	1.12217	1.46306	1.67371	1.67371	1.29171	1.07932	2.15787	3.23489	2.37954	1.43045	0.561163	0.532357	0.731648	0.396812	0.396812	0.639826	1.12217	1.77395	1.85203	2.07613	2.06853	3.1363	3.38625	2.16504	3.40472	3.56655	4.63421	5.6627	3.49556	4.53897	4.76704	4.37425	4.70445	5.1536	9.43683	10.517	8.25065	4.13193	4.98467	4.78365	6.66648	7.14937	5.92833	8.67171	8.6981	6.26415	6.81553	7.65873	7.44694	8.66517	9.5095	7.89592	8.00385	8.65788	9.00333	10.2208	17.4015	21.0616	12.9638	10.4728	12.5862	12.4542	11.1005	8.37625	12.4068	3.26872	11.1487	7.06231	7.20478	6.207	13.9548	16.4579	5.38112	4.07834	5.90965	5.59367	3.58846	3.61458	3.72556	4.25482	3.75907	3.33046	3.54474	3.90218	4.12055	3.93413	4.22548	4.18085	3.88611	3.98153	4.34215	4.12055	4.4418	4.4803	4.14701	4.28058	4.04778	4.60736	4.42768	4.13573	4.28058	4.76724	4.42775	4.42775	4.51505	4.28425	4.12055	4.12055	4.13193	4.13193	4.3133	4.25859	3.93413	3.98156	4.04778	4.28058	4.51505	4.22548	4.04393	4.89635	5.06848	4.7673	4.4418	4.13193	4.28058	4.14701	3.92213	4.04778	4.4418	4.57007	4.53578	5.30848	4.96895	4.13564	4.30963	4.09004	4.28425	7.27755	10.0589	8.11064	7.27761	10.2271	11.8385	12.3738	12.5904	10.3211	8.59438	8.50319	7.79613	7.79613	8.55157	8.12575	9.53475	8.99146	6.66648	6.51865	6.55642	4.60736	1.58678	6.64979	4.32392	4.78348	5.03761	3.72567	2.65995	3.75479	3.19583	3.38635	4.42752	3.96169	3.01399	3.19583	3.19093	5.88598	7.34456	6.42269	6.79496	7.41368	7.23691	5.03435	4.9846	7.11665	5.13551	3.5445	7.26233	5.93066	7.831	10.1925	6.47057	4.68788	4.10907	4.04001	4.3133	3.89012	4.30963
16.1736	17.3141	10.8981	4.25804	6.47	6.22606	5.44977	5.42691	3.36288	3.61425	2.90781	4.72402	5.33432	5.55432	4.70419	2.75253	1.59655	1.85186	1.46287	2.16485	2.00663	1.06452	2.37929	2.75253	2.8642	2.76948	5.30784	2.14298	5.90914	5.302	3.96128	2.00663	1.51567	2.50776	2.31234	2.52034	2.92392	4.25442	4.79282	4.72402	5.132	6.3712	4.38102	2.53895	2.58186	1.82628	1.35112	0.887131	0.354876	0.532306	0.501877	0.561106	0.639759	1.07919	0.731556	0.731556	0.955439	0.501851	0.532306	1.43026	2.48261	2.8861	2.8643	2.52034	1.77388	1.00368	1.24189	2.92384	3.54428	3.58828	4.07818	3.58828	3.00857	2.70656	1.60638	0.396754	0.396771	1.77379	2.70064	1.80892	1.43024	1.63543	2.90766	3.10083	2.24328	4.78291	3.38596	4.07798	7.4211	4.8606	4.25804	4.5144	4.60343	4.93062	5.32252	9.61592	9.6521	6.62125	1.60636	1.78269	5.32268	6.82159	7.7439	8.45723	8.31109	8.44239	6.17365	5.81671	7.54268	8.88665	9.21644	10.5109	11.3239	10.8982	9.09006	6.73258	7.76143	18.3869	21.8521	5.94087	12.8721	10.3952	11.0657	12.2425	9.7974	5.15927	7.86364	12.453	5.24004	1.91864	7.26199	15.1851	18.9024	9.17488	6.40037	6.75993	5.87758	3.75865	3.54869	3.54428	3.89766	3.82476	3.83299	4.25821	4.51461	4.75041	4.42729	4.22504	4.03966	4.1353	4.51458	4.76676	4.28014	4.21019	4.14659	4.14659	4.14659	4.19905	5.18036	4.55243	3.8857	4.28014	4.55243	4.1315	4.42729	4.59343	4.37404	4.28381	4.28014	4.28381	4.37404	4.28014	4.25816	4.1315	4.18041	3.96144	4.25816	4.44135	4.46941	4.76681	5.10773	4.31286	3.83299	4.04737	4.04351	4.28014	4.28014	4.37401	4.37401	4.37401	4.43784	4.38475	4.83173	5.13502	4.65748	4.72402	4.14659	3.98113	5.06183	8.0738	9.85285	7.48958	5.75773	6.95609	8.4209	9.61008	11.2961	9.59113	8.22423	7.59358	7.12488	7.35474	7.27686	9.86341	9.69153	7.48751	7.35474	7.68403	7.48533	6.25369	7.94143	6.22618	4.08963	4.51454	2.80341	2.19377	3.81646	2.80329	2.97173	4.11996	3.81646	3.01889	3.19552	3.19552	5.26076	5.69507	3.6487	2.886	5.31078	6.75993	5.68424	4.96848	5.48669	7.98753	7.7673	6.40511	6.08761	7.4211	9.28669	7.93352	5.98227	4.13523	4.13523	4.38113	4.07818	4.55243
9.82111	4.64704	1.77368	2.4887	6.82076	8.43439	4.14609	1.77368	2.48872	4.08923	3.56607	5.31924	6.2753	5.7921	3.68696	2.31214	1.12201	1.91018	1.95895	2.13548	2.19352	1.63531	1.68269	1.77368	3.19524	5.14381	10.7433	9.57765	2.80314	4.83116	5.41474	2.25702	0.793434	2.15746	2.38569	2.90756	3.36259	4.96804	5.13155	4.51414	4.96808	5.92969	4.10825	2.07583	1.68274	1.13595	0.887075	0.501833	0.396736	0.639703	0.639703	0.396736	0.250921	0.955356	0.904608	0.709663	1.19001	1.00354	1.25437	2.66535	3.36719	2.88585	2.41185	2.00656	2.02214	1.29147	1.43014	3.32969	3.58782	3.0342	3.75845	4.86034	5.39198	6.15574	6.10253	3.01344	0.639703	2.31203	2.65939	1.13589	1.00354	1.38543	2.65939	2.80302	2.06816	4.51401	4.53816	6.4021	8.50658	5.17984	4.60651	4.48283	4.93019	5.09492	5.65078	10.2129	7.98104	3.19524	4.81518	3.73738	4.98365	4.43031	4.60651	5.37169	6.59988	6.74798	6.56442	5.72728	8.62978	10.425	9.99667	11.3808	13.29	13.7808	11.2155	7.3058	5.55375	16.3339	21.131	8.25881	11.0511	8.50115	6.78438	6.72495	4.43031	3.05994	9.28594	10.8652	6.81644	7.54202	5.4863	13.7802	17.4504	12.569	9.83795	8.83928	6.7685	4.25405	3.72488	3.40878	3.05994	4.13114	4.67387	4.38437	4.26517	4.6772	4.81523	4.67387	4.53491	4.51422	4.59303	4.64704	4.44096	4.35575	4.20982	3.98078	3.92139	4.14622	4.83131	4.55203	4.26517	4.59303	4.47945	3.9611	4.13114	4.43746	4.37366	4.37366	4.35575	4.19869	4.28343	4.59303	4.76637	4.28343	4.18005	4.22467	4.25779	4.08927	4.19869	4.59303	4.37363	3.75424	3.64854	4.04701	4.27977	4.51419	4.35575	4.37363	4.20982	3.98078	3.98078	3.88536	4.72361	5.31045	4.98375	5.06747	4.43746	4.20982	4.59639	5.31056	7.55029	9.32064	7.79465	5.30175	6.55745	6.88634	9.20907	9.14278	8.22725	9.42435	9.83359	9.32228	8.42027	10.0643	10.2765	8.25881	7.96408	9.34499	11.4135	13.2004	11.7024	6.22582	3.19524	2.83648	3.25366	3.04972	3.23423	2.6357	2.77491	3.83247	4.13095	2.97147	2.71202	3.09554	5.22764	5.38886	3.61393	3.01863	4.2796	4.64685	3.98061	4.03915	3.72068	10.4232	11.191	6.86815	7.74694	7.57645	7.42046	7.85507	6.62067	3.49047	4.07772	4.28336	3.88938	4.25779
4.42984	3.0494	4.43699	6.51427	7.06247	6.79508	3.648	1.59624	1.88522	3.53037	3.44055	4.51358	4.31189	3.05957	2.46314	3.58759	3.76637	3.19497	2.15724	2.31183	2.65918	1.85156	1.78232	2.36552	2.97116	4.13436	5.59238	8.30962	7.44259	2.88544	6.95668	2.90711	1.46263	1.78234	2.02193	3.25812	4.20938	5.13102	4.96752	4.45798	4.7919	4.83073	2.8582	1.29134	1.12189	1.00348	0.886982	0.79335	0.752647	0.639636	0.560998	0.396694	0.177406	0.560981	0.88696	0.88696	1.52571	1.52571	1.58633	2.55683	2.55683	1.90998	2.12789	2.70604	3.56569	3.23395	0.639636	2.75193	4.37302	3.75786	2.50732	3.15551	3.58759	4.28664	7.06247	5.96298	1.35086	2.37874	2.46303	1.12185	0.955255	1.00343	2.51972	2.88544	2.13521	3.00784	5.66113	9.97863	9.72696	7.93995	7.37212	5.46303	4.28286	5.14303	6.49506	9.61411	4.42621	3.10038	4.90749	6.89428	5.00803	4.04644	4.03873	3.69915	5.4486	6.89448	7.06248	7.51046	9.7192	10.0332	9.82009	11.9324	13.2034	14.1158	13.7498	11.6476	7.60834	8.47145	16.0737	13.67	7.99393	6.66421	5.27742	6.01983	2.85815	2.95009	8.63232	10.3875	5.75653	4.78212	1.27911	9.85054	13.3749	14.8075	13.9292	12.5981	8.41907	4.44039	4.08876	3.90092	3.63528	4.88224	5.00826	4.26472	3.79121	3.93296	4.88224	5.25997	4.63316	4.67338	5.15837	4.7495	4.20938	4.27932	4.3553	4.11933	4.14579	4.08884	4.45798	4.8308	4.71326	4.85983	4.67336	4.28298	4.04274	4.11933	4.28298	4.52409	4.52409	4.28298	4.19825	4.4405	4.4405	3.83225	3.58759	3.73716	4.14579	4.25734	4.20938	4.27932	4.19825	4.27932	4.19825	4.27932	4.37317	4.27932	4.3553	4.4405	4.27932	4.27932	4.20938	4.03888	4.59591	4.95813	4.78212	4.44043	3.88493	4.4405	4.76585	4.76585	5.00826	6.78401	8.12331	5.46303	6.04561	6.96566	7.11486	9.59402	9.21641	9.57666	11.3888	11.7659	10.4457	10.8089	10.3921	8.99246	8.73976	9.14183	9.93812	9.44751	6.57343	4.44039	3.58744	3.0184	7.11483	8.17598	4.64661	2.65918	2.58129	4.04256	4.28279	2.93397	2.97116	3.26762	5.30098	5.30098	3.31049	3.05957	4.20925	4.59579	3.44043	2.70012	2.55683	10.4322	13.1014	8.2816	7.73417	6.64802	5.75909	6.32604	7.11449	5.55028	5.005	4.63307	4.11933	4.37317
3.38508	3.4402	4.426	4.07311	3.72409	4.91972	3.83173	2.13507	2.30488	3.26746	4.01524	3.58285	3.32905	3.01279	2.83593	3.68626	4.76222	4.25702	2.88534	2.66485	3.01805	2.61738	2.53824	2.48822	2.80251	3.93243	2.65888	1.98245	9.4221	1.07891	8.73861	4.3833	1.06422	1.25413	2.85795	4.61579	4.83366	4.85934	5.66077	5.2059	4.51328	3.36654	1.78217	0.731369	0.354777	0.17739	0.396659	0.63958	0.63958	0.532156	0.396659	0.532156	0.639549	0.396659	0.17739	0.955172	2.13502	2.14238	1.635	2.16424	2.16424	2.22153	2.27046	1.52557	1.5049	3.92064	3.99567	0.639549	4.63261	6.30598	3.99558	1.42984	2.24272	2.9231	5.68265	8.24763	2.50706	2.77437	2.58106	1.42988	1.42988	1.63503	2.92303	3.36183	2.88524	4.30793	8.75266	13.6032	12.0893	9.25165	7.53453	6.7469	5.20299	4.34042	6.00383	7.10307	4.83366	3.44025	6.85553	7.9795	5.30636	4.74888	4.42588	4.08841	6.75805	7.1053	6.18705	6.96506	9.44145	9.62593	8.90975	11.2729	13.6291	15.2726	16.1851	14.5672	10.9706	7.83048	7.4046	7.44181	4.76543	8.92023	10.3912	10.0082	6.26178	3.10011	7.0987	8.28091	4.9577	3.36194	2.8026	7.27457	8.62814	12.0599	14.2815	15.7993	10.682	4.30793	4.08841	3.93255	3.88863	4.17925	4.6763	4.78182	4.71285	4.75567	5.16698	4.89457	4.28627	4.74908	5.30954	4.91997	4.28261	3.98001	4.04624	4.35492	4.44011	4.04624	4.28254	4.77844	4.20902	4.32254	4.51332	4.5237	4.32254	3.96034	3.88459	4.27895	4.5237	4.46816	4.13035	4.14543	4.20902	4.03853	3.93262	3.88863	4.31166	4.31166	3.98001	3.81553	4.20902	4.83366	4.76548	4.4366	4.20902	4.37279	4.67295	4.59215	4.35492	4.27895	4.27895	4.37282	4.92942	5.03257	4.79149	4.45759	4.08849	4.47859	4.81425	4.59551	3.98001	4.28261	6.24448	7.75161	5.27716	7.18288	5.8443	8.2554	9.22055	7.87739	8.45669	9.83173	10.9336	11.6119	10.1328	9.20733	8.89802	8.16214	7.36946	6.08617	6.01174	6.24679	4.78171	3.75352	8.1356	8.11321	8.15261	3.19472	2.84146	4.14529	3.80306	3.01279	3.4898	3.14018	5.37915	5.45948	3.23361	3.09494	4.20886	4.37264	3.0593	3.19463	3.71997	7.38576	13.0104	10.9386	7.86139	7.0595	5.25929	5.15771	7.0987	7.29351	6.04508	4.98279	4.27895	4.53745
2.00586	2.80219	2.51924	1.7553	2.88489	4.53334	3.97944	2.30455	1.67281	1.46232	2.63505	3.56506	3.61298	3.93211	3.73637	3.09473	2.88509	3.01266	2.70556	2.41116	2.71123	2.13488	2.06768	1.98233	2.63493	3.09965	2.02146	0.396602	8.36641	4.45717	7.82734	5.74983	1.06412	1.88489	5.3089	5.49314	3.81519	4.65574	6.18644	4.6858	3.36163	2.07524	1.07881	0.396624	0.177373	0.396602	0.396624	0.396624	0.501658	0.560875	0.177373	0.501658	1.13556	0.250851	0.396602	1.00324	2.50675	2.38485	1.58603	1.90962	1.2788	1.78199	3.26711	4.11861	4.11861	2.4112	1.67281	3.36622	0.532105	5.31772	7.42683	5.66844	2.6996	2.53787	3.75302	9.04097	3.19423	3.95976	3.01776	1.67292	2.31143	2.80234	3.72382	4.60517	4.82993	6.88425	11.2625	13.4345	8.37194	3.93202	4.32188	4.04587	6.76004	7.29321	4.16757	3.73628	2.77409	2.61699	6.75957	8.84174	6.36873	5.06583	5.09343	4.80721	7.14998	7.25262	5.23806	5.87538	9.5125	10.0537	8.21145	10.5934	12.3387	11.9488	13.3567	17.2476	14.6025	10.5983	9.62541	11.9328	14.4825	15.2789	15.6427	11.7798	7.05901	4.59492	6.81417	6.09298	5.41052	4.13378	4.03818	6.90442	7.45991	9.51262	12.9753	15.9716	10.8495	4.95721	4.43962	4.08812	3.34298	3.01266	3.88428	5.13026	5.39911	5.01051	4.91954	4.71243	4.7814	5.0661	4.90682	5.02912	4.63235	4.27857	4.86854	4.83002	4.74866	4.67588	4.98238	4.80728	3.9953	4.04203	4.19751	3.95999	3.93228	3.83158	3.81519	4.25658	4.35453	4.32216	4.17888	4.3724	4.3724	4.17888	4.28589	4.07668	4.4256	4.53704	4.19751	3.88424	4.55074	4.86854	4.46777	4.37243	4.35453	4.64573	4.6019	4.28223	4.04203	4.04587	4.20864	4.35453	4.70245	4.59509	4.63223	4.63223	4.25658	4.20861	4.51286	4.47819	4.11861	4.31127	5.25906	8.36691	8.07087	5.31767	6.56951	4.61535	7.27421	8.12195	7.10274	7.18256	9.5305	12.6602	11.0916	9.21309	8.51886	7.26571	7.36882	9.08016	10.3409	9.49202	6.34224	4.85898	7.75849	4.04203	9.33246	7.05267	5.00738	4.45717	3.38475	3.19426	3.40772	2.8576	5.59104	5.70106	3.23329	3.03328	4.20843	4.11838	2.9706	3.65164	3.73637	4.83298	10.2232	11.6565	9.84876	9.56012	6.22368	4.31108	5.77138	7.6307	7.25252	4.8939	4.14505	4.64573
1.95821	3.36119	3.16934	2.38465	2.80195	3.51591	3.65128	2.8409	2.8409	2.80197	3.43942	3.75693	3.64714	3.54261	3.78589	2.85743	2.13472	2.30443	2.46245	2.46245	2.48776	2.13466	1.51501	1.68209	2.53767	2.53765	1.38489	0.177356	4.77752	7.03218	4.60475	5.62653	2.16383	3.56025	5.68157	3.71925	2.88474	4.61487	4.85832	2.65844	1.46222	0.886734	0.639457	0.639457	0.886734	0.955022	0.50164	0.501614	0.793095	0.250812	0.177356	0.639426	0.886689	0.396583	0.177356	0.954988	2.13461	2.37807	2.02131	2.31114	1.03402	0.709389	2.38477	3.68555	4.6754	5.30853	4.37198	2.14205	2.30435	2.16393	6.01059	7.96092	7.53915	6.2729	5.37828	8.73874	2.22111	4.95662	2.58057	0.955022	2.69936	3.01228	4.25243	6.18585	7.33654	9.20379	9.8495	9.04019	5.8827	3.64698	5.62653	4.98483	5.2049	6.27299	5.61851	4.0877	6.20583	4.98188	7.23286	10.2312	7.612	5.52639	5.8298	5.37819	7.03197	7.1987	5.68157	6.27279	9.98196	10.1395	7.47343	9.60041	11.5063	15.0445	12.2321	18.6712	19.9785	13.9278	11.046	15.2976	18.2928	15.4363	19.5204	15.215	8.71089	7.11266	7.68032	6.04909	4.10668	1.85098	0.396583	3.13454	5.88532	9.90904	14.3241	13.8266	8.58375	5.48127	4.68533	4.20818	2.88479	3.0279	3.5647	4.17844	4.82952	4.50557	4.28544	4.56745	4.88088	4.91584	4.99439	5.10233	5.16599	4.76457	4.76452	4.35408	4.51246	4.59127	4.86805	4.42515	3.9949	3.91989	3.88788	3.80249	3.73612	4.07626	4.35408	4.59463	4.43926	4.32171	4.4252	4.67205	4.27813	3.83118	3.93187	4.03775	4.42515	4.42515	4.28179	4.28179	4.85841	4.76452	4.32171	4.37198	4.28179	4.42515	4.31083	4.12956	4.12956	4.27813	4.53658	4.51246	4.53658	4.64526	4.89356	4.65528	4.20818	4.25615	4.65528	4.59463	4.43575	4.37195	4.37195	5.27622	7.41796	6.2656	5.03457	6.32428	4.85841	6.8748	6.75933	5.64881	6.86581	12.2019	12.6265	9.88955	8.79983	6.5527	4.51248	5.74963	9.1856	10.7432	7.41791	6.75933	4.98184	4.98174	8.23527	12.6592	11.5069	10.356	7.73238	5.61851	4.20818	2.83539	5.59055	5.79771	3.01221	2.63469	4.11802	3.88369	3.02779	3.88369	3.52928	4.47759	7.05816	8.5159	10.221	13.2205	10.0842	4.52262	4.67187	6.49796	9.07879	6.63682	3.9949	4.33967
1.12143	3.58604	3.56418	3.7523	4.10627	3.19373	2.30411	2.00548	2.13439	2.90599	5.12892	3.97867	1.90934	2.30417	3.48877	2.68165	1.88453	2.06728	2.51893	2.65827	2.46858	2.15643	1.51487	1.80794	2.66406	2.31096	1.78168	1.58581	2.26994	4.64484	4.53278	3.30923	3.88326	4.83206	3.30923	2.37782	3.09404	3.86719	3.32807	1.5148	0.532003	0.250803	0.56079	0.954936	1.00312	0.75237	0.560767	0.886596	0.639359	0.354674	0.396548	0.886596	0.396525	0.396525	0.560767	0.731137	1.38475	1.8508	2.12709	3.26638	2.13445	1.46204	1.07857	0.793057	1.06391	1.42945	2.13445	1.68194	1.42942	0.95489	2.07475	4.63134	7.41724	9.23931	7.62774	5.3516	0.501596	4.28478	2.63439	1.58581	4.07576	4.07194	5.48356	7.9466	8.81279	9.18475	6.72879	6.33101	6.63382	5.3516	5.7569	4.91826	3.8833	2.88447	1.8508	3.05841	6.31146	4.30677	6.51167	9.37418	6.33098	4.11759	5.4607	5.64805	6.75608	6.56125	5.25775	5.7569	10.4312	10.4543	7.02474	8.66603	10.9942	18.3353	16.1851	11.5123	18.167	13.8122	14.165	19.4555	19.1208	14.0954	21.3981	18.3564	10.5902	8.27875	8.62909	7.04438	4.71122	4.19646	3.40727	6.44503	12.2296	14.4086	12.3653	9.22892	6.79021	4.54972	3.54667	3.40713	2.13453	3.61228	3.65109	3.56438	4.0759	4.28507	3.8996	4.25583	4.75434	4.85805	5.15645	5.06821	5.74913	6.00247	4.67499	3.81445	3.97889	4.0451	4.59421	4.76411	4.11782	3.99453	4.27775	4.46691	4.37159	4.67499	4.76415	4.86761	4.76411	4.56705	4.56705	4.43536	4.1967	4.22268	4.32133	4.42481	4.60102	4.42475	4.27775	4.22268	4.16677	4.26304	4.1967	4.61459	4.46691	4.53617	4.64484	4.37159	4.22268	4.43886	4.53617	4.11782	4.47733	4.64484	4.72136	4.72136	4.25577	4.2078	4.65485	4.6849	4.51206	4.59086	4.20783	3.48895	4.3823	6.95449	6.39943	6.59652	6.03816	4.8323	5.88511	5.34601	6.04353	8.66647	13.0915	12.2407	10.892	9.34217	5.78944	3.73579	6.41857	11.0394	9.46325	7.60558	5.46103	6.55188	8.98551	10.8978	14.1693	14.388	12.4894	11.3441	10.9266	9.82903	7.27276	5.40934	3.65093	2.68165	5.48345	5.48356	4.03734	3.95907	3.52892	4.67139	6.16253	5.63974	5.4607	12.4461	14.1643	7.43347	4.89287	5.25769	9.93386	8.97678	4.26304	4.6849
2.77342	3.6506	3.72266	4.11722	4.37096	3.2081	3.42065	3.30901	2.68143	2.9219	5.34519	4.71081	1.94979	1.98175	3.25646	3.02721	1.88433	2.50618	2.88423	2.88423	2.55574	2.14164	1.52506	1.77266	2.53718	2.12689	1.95784	1.58565	1.80776	2.50618	3.80176	2.13425	4.27714	6.36695	1.74585	3.01682	3.68466	3.01164	2.55562	1.27845	0.531951	0.501543	0.709253	0.709253	0.396507	0.39649	0.886518	1.03382	0.250763	0.560715	0.35464	1.03382	0.501517	0.73107	1.07847	0.904104	1.07847	1.18932	1.27845	2.16341	2.13426	1.52506	0.560715	0.35464	1.12132	1.42931	1.78148	1.7815	1.88433	2.70476	2.51866	1.18937	1.29073	4.20738	3.65071	1.4619	4.27731	2.96984	4.04453	5.49156	5.71058	4.37822	5.96018	7.74843	6.98005	5.64754	4.10589	5.78865	5.54768	3.88696	4.47673	4.33875	3.71854	3.0117	1.77261	4.37812	4.98387	3.64628	5.22164	7.76219	6.12162	4.03677	5.27494	5.75362	6.67266	6.24431	4.74706	5.05823	11.2087	10.9932	6.16957	7.96113	10.647	16.4623	15.7674	6.56092	11.0759	7.69899	17.6965	21.2675	18.477	14.8204	23.5881	20.9727	11.0815	9.32975	9.88741	8.63004	6.93352	5.83406	6.73975	9.49412	14.1743	9.69897	5.17686	9.15729	9.06376	4.60038	3.09373	3.02721	2.46833	4.78965	4.4349	4.12876	3.88313	4.17764	4.39606	4.67118	4.75385	5.00591	5.22484	4.98409	5.39752	5.75392	5.14085	4.4349	4.37111	4.43841	5.10435	4.92753	4.28462	4.59375	4.98093	4.95591	4.81246	4.4349	4.4349	4.92753	4.76363	4.46645	4.56657	4.46645	4.4349	4.52196	4.56657	4.42435	4.35325	4.47688	4.53571	4.17764	3.72281	3.89508	3.58148	4.04468	4.46645	4.67116	4.81241	4.37114	4.32088	4.76363	4.51159	4.04083	4.54941	4.47688	4.54941	4.51155	4.14384	4.03693	4.26262	4.61402	4.47688	4.74726	4.76365	4.76365	4.98409	5.69156	7.12019	6.81709	6.44429	4.42776	4.61411	6.01731	6.25938	6.2644	11.0885	14.4465	14.0774	12.6974	11.881	8.90154	8.0685	11.0439	11.0885	9.52303	9.3689	5.38597	7.05681	2.9219	3.01164	2.46833	5.69972	9.81566	12.4609	12.969	9.93653	7.59462	7.96718	6.67299	9.48931	9.71491	7.97688	5.78885	3.47959	4.35306	5.93665	4.81222	3.49293	8.38596	12.7583	11.3109	8.79622	6.12416	10.1761	10.2952	4.51141	4.42776
1.74576	2.24156	3.54147	4.03635	4.14699	3.09845	2.66355	2.07444	1.78133	2.75035	4.91417	4.71032	2.07435	1.41815	2.77302	3.09845	1.25355	1.42923	1.67227	1.75474	1.63429	1.27839	0.792904	1.1892	2.41011	1.90888	1.42917	0.90402	1.60513	1.60516	1.60513	5.00824	3.47915	7.67795	2.02072	3.78884	4.25472	2.90543	2.16319	1.13512	0.79286	0.5015	0.354606	0.501464	0.396449	0.560659	1.03371	1.03371	0.250737	0.560659	0.396449	1.00285	0.886425	0.954706	1.12121	0.709185	1.07837	1.25352	1.63421	1.46175	0.177305	0.903995	0.250737	0.177305	1.38448	1.42914	1.58542	1.1892	0.886455	1.67227	2.16333	1.90897	1.59533	0.560659	3.13361	5.53311	3.61159	2.5059	5.22111	6.49135	2.6987	2.15602	5.30672	6.81157	5.38805	4.03635	4.5316	4.63025	2.96946	3.91074	5.17635	4.83113	3.25609	3.32743	4.47628	4.37768	3.09341	4.01307	5.27439	7.02545	6.4267	4.52129	4.56587	5.14005	7.85758	6.91714	3.6459	4.13191	12.1127	12.1127	5.15517	6.91714	10.3117	12.4021	11.498	9.37769	6.0294	4.89202	16.8281	15.9856	11.7945	10.7123	23.8745	22.1406	8.82295	8.82295	9.58346	8.30462	7.47126	4.7632	8.73487	12.5608	19.8028	9.50098	6.26386	10.3833	12.4117	5.49084	3.0475	2.37737	2.53693	4.64376	2.96957	2.41027	2.00523	2.2695	2.55552	2.46176	2.25564	2.75045	2.88392	2.71026	3.03217	2.41027	2.46811	2.46811	2.68118	2.8401	3.38345	2.83457	2.16333	3.01141	3.58107	2.80127	2.51844	2.14145	2.66357	3.01662	2.68118	2.24166	2.30378	2.53703	2.63403	2.41024	2.30378	2.3106	2.41024	2.83457	2.83457	2.06688	1.9816	2.71019	2.80115	2.71019	2.36424	2.71026	3.01141	2.24166	2.30378	3.01662	2.41024	2.24166	3.20775	3.1882	3.19312	3.0166	2.65767	2.48705	3.09344	3.75158	3.03212	2.8401	2.46811	3.09354	3.36034	3.30871	3.49278	4.04047	4.43787	3.3602	3.30859	3.19317	3.65035	3.75586	4.77957	9.31589	11.141	7.98947	8.73478	6.81867	4.75998	6.8906	7.05851	5.22437	6.02948	4.47628	3.55923	6.7068	5.87338	4.83138	2.94825	6.10078	6.53185	5.75604	6.41723	5.68	6.93746	5.27475	9.20923	8.13172	5.24815	4.07512	2.3106	3.49257	5.6359	4.63025	3.764	5.99574	8.21387	10.2061	11.0802	7.76139	10.0513	10.5424	5.62487	4.177
1.12114	2.38373	4.35223	3.97758	3.58504	3.25581	2.4099	1.2782	2.12648	2.50562	4.31984	4.39499	2.02051	1.18909	2.4099	2.88353	1.2782	1.06361	1.12114	1.13508	1.25345	1.03367	0.903911	1.34991	2.77277	1.90871	1.46162	1.29048	1.78114	1.41802	1.78116	5.58016	4.64348	6.86512	1.98131	3.89824	4.51052	3.15326	2.06657	1.12111	0.792789	0	0	0.354572	0.354572	0.501421	1.00276	0.792789	0.531849	0.177288	0.88637	1.25341	1.42904	1.24082	1.25341	1.605	2.364	2.30355	2.1558	1.46166	1.18914	1.42906	1.12114	1.00282	1.29044	1.52469	1.82464	1.42904	1.41802	1.59518	1.52477	2.14123	2.86185	3.26558	4.24712	6.317	2.8563	3.19279	5.77677	6.48122	1.90878	2.92141	4.97983	5.83282	5.5494	4.70001	3.8822	3.73451	2.46777	2.13379	4.62985	5.50447	3.88218	3.89824	4.85638	4.70001	3.93029	4.43745	5.77677	7.10983	6.41893	4.52089	4.27995	4.6734	8.00561	7.23213	3.38306	3.97756	12.2706	12.8556	6.1608	7.04241	8.4947	9.69716	7.75485	6.55003	1.63409	9.58734	15.7212	13.1131	7.96535	7.36498	24.8667	24.1942	8.78234	8.55198	9.24938	8.09496	6.49072	0.792823	5.25622	12.1092	20.3109	4.95472	4.97997	10.5188	14.4423	6.24065	3.78444	2.83981	2.02053	4.13155	2.13379	1.51442	2.55525	3.006	2.63379	2.46151	2.63379	2.96927	2.92141	2.75017	2.83983	2.26927	2.69843	2.53677	2.88363	3.20749	3.01112	2.48679	2.07423	2.83983	3.43814	2.4868	2.26927	2.41002	2.4868	2.8563	2.68092	2.46785	2.46785	2.46785	2.46785	2.30355	2.24143	2.06667	2.24143	2.8343	2.8343	2.22035	2.31036	2.83983	3.38313	3.19279	2.33059	2.4868	2.8343	2.40999	2.46785	2.83983	2.40999	2.46785	3.19279	3.03183	2.6633	2.6633	2.6633	2.4868	3.20745	3.8661	2.88358	2.33056	1.95746	2.83981	2.68092	2.53675	2.68092	2.96927	3.73462	3.54567	3.61116	2.8563	2.85633	3.89433	3.97772	7.24929	10.7111	6.395	7.09044	6.70616	5.25649	7.16182	7.95789	6.10046	6.59011	8.49481	2.68092	4.62985	3.41987	5.31513	5.17587	5.93813	6.60862	4.67029	9.33949	6.72007	6.53358	6.0007	9.32799	6.76338	3.48792	4.32006	5.79578	5.22087	4.64334	4.56547	3.7885	5.12749	6.07731	8.57873	11.9877	10.7209	11.4502	11.3456	7.94813	6.39724
2.48659	4.66965	5.64597	3.55853	3.13809	3.25555	2.57935	3.05727	3.72171	3.4197	4.30507	4.36974	2.5054	1.95729	2.53647	2.86149	1.98116	1.60486	1.51429	2.14104	2.50548	2.24123	1.77216	2.15558	3.308	1.95729	2.13365	2.02041	2.1917	2.02041	2.26907	4.66986	5.49014	4.07423	1.74536	3.78817	4.66965	3.49195	2.07398	0.903832	0.396379	0.177272	0.177272	0.354541	0.501403	0.709054	0.79272	0.396379	0.177272	1.07819	1.63395	1.80725	2.13367	2.07405	2.40978	3.05732	3.47862	3.49211	3.1926	2.51796	2.38365	2.46129	2.31015	2.13371	1.82456	1.94925	2.53647	2.48659	2.46764	2.24123	2.16291	3.13323	4.26153	5.05707	5.48162	5.6789	2.65718	2.77265	6.41607	5.53498	2.33039	3.54536	4.10474	4.27958	5.62389	4.91646	2.13365	3.47853	3.92982	2.70388	5.00428	5.48988	4.03953	4.74574	5.13918	6.16781	5.65705	5.92217	7.40396	7.9955	6.61516	5.17542	5.54901	5.87213	7.8563	7.59225	4.62954	4.37689	11.9506	13.0054	7.957	8.57982	6.93609	7.6506	7.72242	5.68972	5.7224	12.476	14.6648	12.1046	8.73292	4.92616	25.4522	27.0731	9.73833	8.39639	10.2441	8.72066	4.81093	3.88204	1.18899	14.9153	15.6601	5.13942	7.57026	13.1667	16.0382	5.87206	4.30514	4.81107	2.61564	2.88328	3.63236	3.20717	4.69976	5.50427	5.41039	5.05707	5.27374	5.78724	5.93789	5.44472	4.82725	4.77865	5.65718	5.63521	5.37582	5.38447	4.6732	4.20623	4.43717	4.66986	5.06315	4.7623	4.66988	4.62969	4.22106	4.68313	4.69976	4.4652	4.22106	4.27977	4.5207	4.42312	4.22106	4.17648	4.5207	4.59927	4.47563	4.36992	4.53104	4.51033	4.85612	4.42307	3.8007	4.25415	4.3088	4.11624	4.27977	4.43717	4.35203	4.5207	4.86576	4.47563	4.25415	4.42307	4.3088	4.14268	4.68313	4.97949	4.2062	3.75103	3.58487	4.13133	4.59247	4.5207	4.59927	4.7623	4.53444	4.71957	4.59247	4.51029	4.76228	5.92475	6.53076	8.62793	12.9516	11.206	10.1262	10.6586	12.56	13.6878	12.9324	10.1396	10.6092	12.4324	9.75115	7.88772	7.97451	8.04905	5.68996	4.13126	5.88256	4.85596	6.55204	9.35829	10.8564	11.3713	12.0646	8.27585	6.74246	8.38407	9.56959	8.3035	4.61282	4.93232	3.64958	4.52049	4.87833	5.48143	9.69651	12.6159	15.3066	16.2494	15.3179	14.2725
3.49159	6.78702	5.87145	2.83375	2.53621	2.70359	2.26871	3.01566	3.2934	1.98095	3.69598	4.25358	2.48001	2.13344	2.83926	2.85575	1.95706	1.24058	1.0634	1.98095	1.91663	2.74964	2.92085	2.6804	3.82067	3.13785	3.35936	2.69791	2.14081	1.84997	1.82437	2.70372	2.88313	1.50374	1.42874	4.03522	4.53034	3.25518	1.88351	0.396337	0.354503	0.354503	0.354503	0.396337	0.354503	0.70898	0.531747	0.70898	1.25318	1.78082	1.80706	1.80706	2.48001	2.74964	3.19224	3.2649	2.85579	2.241	2.16269	2.25497	2.25497	2.61536	2.80047	2.65697	2.25497	1.84997	2.40946	2.40946	1.60469	1.29023	1.60469	2.19147	2.40955	3.02615	4.1309	4.08531	2.14081	2.57915	4.64245	3.04664	2.26871	2.70359	2.94742	3.19211	4.07371	4.82661	3.36396	4.37994	4.91279	3.75052	5.87145	5.92138	4.50973	4.59862	4.31902	6.62368	5.87932	4.62905	7.99467	9.13891	8.42122	8.53461	9.03874	9.03874	9.85325	10.174	8.73234	7.72197	11.7707	13.5372	9.8239	11.4948	10.3834	10.6659	12.0546	13.6415	15.3285	13.364	10.6585	10.1722	7.28795	2.5177	24.1962	28.0918	10.0485	8.21901	9.8238	8.04609	4.89074	3.03129	6.8616	12.7857	8.28579	8.83122	6.32097	14.9454	16.8036	5.23457	4.04313	4.50982	4.26095	2.12607	4.61212	4.99133	5.12966	4.56482	4.85569	4.95402	5.3434	5.69754	5.69754	5.52059	5.30256	5.39545	6.1297	6.37697	5.30256	4.59879	4.07391	4.4367	4.86525	4.9035	5.31713	4.7618	4.31923	4.38016	4.81061	5.03184	4.42261	4.12718	4.17604	4.19466	4.35158	4.42266	4.42266	4.17604	4.50986	4.4332	4.14225	3.88161	3.9296	4.35158	4.89074	4.47516	3.97698	4.20576	3.91763	3.97696	4.11581	4.4367	4.66937	4.52023	4.53397	4.53397	4.86525	4.86525	4.27567	4.14225	4.82668	4.82668	4.2537	4.36944	4.35158	5.06262	5.44408	4.70923	4.35158	4.2537	4.20579	4.16476	3.95725	4.47861	5.17495	6.02774	5.54852	5.68939	10.3834	12.3167	10.5854	10.9405	12.0155	12.094	12.7445	7.97382	9.39604	12.3227	13.4166	12.9369	9.20036	7.65003	6.14986	4.26108	3.95713	6.74141	3.02605	6.67959	8.53461	7.10006	7.87711	8.83122	9.812	8.87077	7.23113	7.43847	5.69754	4.80405	3.71711	4.71897	4.76165	3.61046	4.17583	5.36639	9.4905	12.4844	14.6009	17.9835
5.34866	6.48897	4.70859	1.63357	2.01994	2.46071	2.21963	2.76633	3.26449	2.63292	4.35102	3.91716	1.94887	2.13324	2.70918	2.3299	1.59473	1.60455	1.514	1.68092	1.29008	1.91646	3.32633	4.04278	5.66419	4.92521	4.22025	3.13263	2.26863	2.14063	2.3029	2.57892	1.77182	1.82412	1.90818	4.50235	3.88109	2.69757	2.50491	1.34958	0.903677	0.560451	0.177238	0.354472	0.639	0.396303	0.954353	2.13326	2.14063	1.8069	1.60455	1.95691	2.83901	3.01548	3.26461	3.35906	2.86105	2.14063	1.98084	2.00446	2.1333	2.46716	2.30971	2.40934	2.21973	1.38404	1.90818	2.16239	1.51395	1.63363	1.98082	2.12589	1.90825	2.68017	3.55785	3.19192	3.25025	3.25504	2.40925	2.51735	2.6566	2.38306	3.82845	3.86502	3.03098	3.02578	4.50929	6.32748	5.1473	4.20529	6.39789	6.30793	4.42567	4.30425	4.54716	7.49722	7.96322	6.53177	9.84308	9.84161	8.59082	10.4876	12.416	13.875	12.3338	9.64164	9.41447	9.78647	13.575	16.3378	14.7562	17.1962	14.7953	12.4871	13.1523	14.7318	15.0107	11.8806	4.82954	7.88592	8.1156	7.73919	20.7753	24.7692	12.4393	9.50385	8.07769	8.27225	6.35683	5.87089	11.349	6.51031	4.51983	6.86129	5.00036	16.472	14.8643	5.82609	5.19851	4.42567	4.65213	2.55454	4.76122	5.92344	5.58691	3.81227	4.12682	4.27895	4.90307	5.53131	5.54533	5.27273	5.27273	5.15352	5.00355	5.27273	5.25503	4.76141	4.61194	4.74503	4.47477	4.64219	4.81015	4.04278	3.8853	4.28261	4.61194	4.66896	4.53357	4.3512	4.42227	4.51983	4.3512	4.22025	4.42227	4.39399	4.76139	4.46435	3.58421	3.13758	3.48695	4.53357	4.81015	4.47477	4.22025	4.36906	4.47477	4.59839	4.50947	4.76139	4.82954	4.46435	4.43632	4.64219	4.97858	4.76139	4.27895	4.36906	5.00036	4.85519	4.47477	4.64219	4.58823	5.57872	5.61475	4.66899	4.31885	5.14744	5.93673	5.48909	4.53357	4.27888	5.30489	6.00403	5.40641	5.24614	7.88624	12.7263	12.7264	10.6792	9.07163	10.1953	13.181	6.78673	7.91533	11.4955	12.0833	11.2585	8.87514	7.60718	6.17943	6.25645	7.192	10.0239	11.0874	13.1346	12.1905	11.6024	12.36	12.1905	11.6293	10.1955	9.35652	10.0015	8.68789	5.40936	4.54727	4.77761	4.1643	3.43718	3.61015	3.57973	4.82935	4.8774	5.17443	10.0239
4.4778	4.50889	3.01508	1.68075	3.13213	4.37562	4.71824	4.64176	4.27848	4.77715	5.5474	3.89686	2.57869	2.50472	2.50467	2.15495	1.6044	1.77165	1.51386	1.63348	1.9567	1.84964	2.75489	4.59117	5.66366	3.81192	2.76623	2.55431	2.38298	2.21953	2.07346	1.98063	3.1915	2.79979	2.65633	4.39331	3.68254	2.06578	1.80669	1.6044	1.34939	0.751817	0.177221	0.531649	0.560394	0.250619	2.2194	2.70891	1.67148	1.51386	1.78049	2.30264	2.67987	2.70891	2.50467	2.47955	1.98066	1.67148	2.01983	2.13312	2.13312	1.74493	1.34946	1.38392	1.80674	1.34946	1.12068	1.77159	2.79979	2.83876	2.16231	1.77165	1.77165	2.48585	2.92023	2.57859	2.48585	2.86079	3.72073	3.95654	2.83876	2.70891	5.70711	5.32771	4.25295	4.3364	5.72075	7.02664	5.17392	4.43578	6.32684	6.3146	4.13006	4.61136	4.978	7.17821	7.52706	4.56372	8.11453	8.16711	5.9981	8.30069	8.68671	9.56022	8.50275	9.13748	11.4006	12.2184	17.5782	21.8117	22.7883	23.8421	19.7012	15.8797	12.0613	9.70924	9.17177	1.90807	4.43583	2.14032	5.37432	9.96895	15.4834	17.2674	13.582	11.7219	8.64654	8.44673	8.53282	9.60421	11.4041	4.53316	6.64366	4.14151	7.60005	15.8875	10.9871	5.54481	6.1812	5.30438	4.95298	2.6149	4.27469	5.16177	5.75033	4.03452	4.14533	4.61153	5.3656	6.26085	5.93364	5.25457	5.02483	5.09851	5.00311	4.87723	5.37435	5.79366	5.87858	5.30164	4.12646	4.45337	4.42182	4.03857	4.27491	4.31847	4.21988	4.43592	4.59798	4.50907	4.31847	4.21988	4.19392	4.12646	4.21988	4.39361	4.43592	3.8283	3.51346	3.25475	4.13016	4.76093	4.36866	4.42182	4.43242	4.74461	5.03095	4.82911	4.74461	4.76096	4.43592	4.21988	4.66854	4.86439	4.76093	4.69844	4.61153	4.66854	5.20098	5.06171	4.69844	4.64176	4.27491	5.15295	5.17402	4.56402	4.91534	5.31618	5.06171	5.00311	5.48861	4.99064	5.30438	5.89411	5.32779	4.99064	6.07539	9.96895	12.7333	10.7356	9.93718	11.8979	13.9067	7.41034	7.89335	9.35407	9.51776	8.9782	8.68712	6.17637	2.65651	3.69543	8.27146	8.97118	12.9478	16.0581	16.9636	19.7331	20.7745	17.7862	14.3868	12.2535	11.5501	11.8144	11.2029	7.91464	6.94101	6.00619	4.08462	3.5575	3.43684	3.64851	5.14678	5.48841	5.27218	4.9998
4.24512	4.10322	3.64827	2.8605	3.74947	5.09774	3.64815	3.18639	4.2598	4.77344	4.50847	3.38153	2.57843	2.24037	2.30242	2.48561	2.01963	1.80656	1.63332	2.01963	2.50447	2.19086	2.07325	3.05609	3.16663	1.63328	1.67131	2.06569	2.01966	2.2193	2.37613	2.14021	4.20448	3.95615	3.95615	3.19124	3.504	2.25422	1.18853	1.18853	1.63326	0.531598	0.954204	1.12061	1.03318	1.51371	2.91996	2.14013	0.531598	1.24024	2.30242	2.48563	2.3092	2.2403	1.98037	2.37603	1.63332	1.91609	2.53555	2.2682	1.91609	1.38378	1.51371	1.38378	1.59443	1.25282	0	1.41735	4.27794	4.07258	2.50452	2.01966	1.60423	2.30237	2.30237	1.916	2.25422	2.93064	3.90852	4.20461	3.95619	4.37532	6.37737	4.93043	2.83849	3.19128	5.19735	6.55634	4.93043	4.25976	5.64381	5.6957	3.88438	3.88438	3.73275	6.70515	7.28594	4.36806	6.14784	7.62157	8.10442	9.19244	8.45835	9.68328	9.50375	13.7399	18.6621	21.3353	22.3803	21.5623	18.3296	14.5642	9.74747	9.45138	6.99996	3.73282	6.63118	4.08417	1.77148	1.74469	4.42131	9.14305	13.1141	12.6005	9.40113	8.18884	7.13038	8.36412	8.18699	10.3817	11.5536	5.19756	4.30349	4.30701	10.773	13.5281	7.58936	4.60082	5.41956	4.60082	5.65488	4.08421	3.38153	3.38146	6.21785	5.99241	2.36289	3.88053	6.06702	6.42338	5.63305	5.25403	4.88945	5.45685	5.83036	5.50217	5.38533	5.40832	4.95264	4.64135	4.37894	4.65131	4.85426	4.61105	4.66807	4.31802	4.31802	4.43547	4.042	4.14109	4.36824	4.42142	4.43197	4.07278	3.88456	4.07278	4.12603	3.97587	4.14489	3.64832	4.42131	4.62782	4.27447	4.42137	4.20461	4.43547	4.6413	4.5327	4.50861	4.43547	4.43547	4.51897	4.82861	4.76048	4.6413	4.76045	4.51897	4.74412	5.06121	4.68134	4.42137	4.47391	4.43547	5.52176	5.37369	4.51897	4.85433	4.82861	4.50856	4.25252	4.74412	5.304	5.44256	6.04395	5.12823	4.20459	5.06121	6.17825	9.83378	10.1358	9.80931	13.0638	14.8792	8.11419	7.28628	7.51249	8.18168	7.69393	7.68997	5.75276	3.36765	2.46669	6.16546	5.13719	13.5281	14.6829	10.5184	13.0539	17.2256	20.4269	20.7567	16.2142	12.8069	12.2172	13.378	13.2817	11.1459	8.83397	7.10685	5.45685	4.5464	4.42484	7.01947	10.6839	12.1785	10.7791
3.7199	3.55682	3.92807	3.82757	3.43628	4.58668	3.68183	3.0964	4.04144	3.6091	3.47684	3.13657	2.13264	2.07307	2.32928	2.66178	2.36267	2.06551	1.51357	1.60407	1.80634	1.41721	1.24012	2.06538	2.13256	2.25398	1.95632	1.98028	1.88291	2.46647	2.46013	1.88291	3.36735	4.12567	3.13175	1.77131	3.19088	2.26784	1.52381	1.2897	1.34913	0.25057	0.73051	1.063	1.3492	1.63317	2.24007	1.68043	1.07767	1.78013	2.70839	2.309	1.78015	1.84921	2.07297	2.69678	2.30898	2.53535	2.63228	2.01948	2.21911	2.13271	1.98028	1.77137	2.13264	1.9802	0.903395	0.396185	3.82732	5.9737	2.24007	2.9037	2.40867	2.67935	2.50419	1.59427	1.77125	3.76151	3.87994	2.07297	2.3022	3.01459	4.43131	3.63059	2.00376	2.65582	4.64062	6.39355	5.06359	3.69458	5.38165	5.31494	4.08368	4.30657	4.54584	10.7512	14.2335	14.352	14.5751	12.1056	11.0261	11.7197	10.5473	13.4405	17.5243	19.2623	21.6056	21.0311	14.5751	7.90697	9.2311	10.5174	8.44513	1.51357	2.66181	3.33948	3.6091	2.07297	2.51677	4.08378	7.30219	9.50282	10.5812	8.18616	5.50131	5.1458	7.05593	9.8997	6.69303	9.65741	10.7622	4.5082	2.75436	5.2709	11.6151	11.2295	6.03818	5.70602	4.47332	4.0378	6.35503	4.6809	3.0095	1.94831	5.50131	6.47752	3.5259	3.73237	6.29879	6.41312	5.8801	5.90112	5.62155	5.37329	4.85391	5.1249	5.25357	4.75683	4.66768	4.77641	5.1249	5.06081	4.80226	4.27409	4.43157	4.21907	4.31764	4.82818	5.06389	4.7437	4.5082	4.9522	5.09754	4.50824	4.21907	4.27775	4.4631	4.76008	4.99907	4.9144	4.6809	4.9489	4.36783	4.36783	3.97549	4.08384	4.42097	4.30676	4.04164	4.36783	4.76005	4.671	4.66765	4.59709	4.69754	4.76002	4.5082	4.7437	4.80879	4.54598	4.37492	4.59029	4.76005	5.52124	5.19998	4.27775	4.34998	4.58694	4.86346	4.64087	4.47351	4.76005	5.2535	6.0049	4.95205	3.78238	4.77623	5.02685	6.70486	8.77791	8.94776	13.2306	16.3755	11.9679	9.35394	8.13611	8.41812	7.63124	7.32964	6.78457	4.86346	5.92203	4.27766	2.15454	14.1281	17.8013	10.751	10.7885	14.6491	14.0671	19.9185	21.2775	16.9399	14.357	15.2111	16.6656	14.484	10.7879	8.96979	7.13215	5.69546	5.70083	8.87404	13.4557	11.8871	12.5766
2.66153	3.02462	3.16603	2.30878	3.19073	4.78553	4.43451	3.90773	4.47291	3.13628	2.85984	2.77093	1.68028	1.77996	2.30878	2.47884	1.94812	1.13432	1.03298	1.77996	1.77996	1.41707	1.25259	1.84904	1.90744	2.70232	2.45976	1.27741	1.88272	2.19043	1.67099	1.63303	2.55356	3.39942	3.58281	2.51651	2.74828	1.97999	1.97999	1.63297	0.885781	1.03294	1.59412	1.63301	1.1204	0.708645	1.91563	1.90744	1.60394	2.12507	2.57786	1.80617	1.42811	2.13242	2.50395	2.74828	2.57786	2.12507	1.90751	1.77118	2.01927	2.16167	1.63303	1.27741	1.95614	2.40832	1.46068	1.67099	2.30193	4.97962	4.92949	1.63294	2.00369	2.30878	2.53501	2.01924	2.19043	3.48548	3.89566	2.25379	2.13237	2.26764	3.13126	3.1906	2.55343	2.76527	4.74954	7.40162	5.76489	3.64748	5.68646	5.80773	5.13632	6.00431	6.70405	17.2936	25.1761	26.8709	28.2009	25.4028	22.6025	26.0553	24.6192	20.3234	20.5239	19.1277	14.0708	10.0501	3.48561	1.80617	6.78394	8.46043	8.57311	4.27719	1.1204	2.01919	2.13244	0.730461	2.13242	5.31162	8.24685	7.24443	6.75196	6.52692	7.96044	7.73613	8.74887	10.4086	4.71675	9.34607	10.1912	4.3172	4.92333	7.46568	11.3644	10.1986	6.4124	7.26563	5.09999	5.12437	7.08577	4.77578	3.64332	4.42058	4.07189	4.03333	4.66699	6.48645	7.2571	6.64161	5.48699	5.82925	5.62096	5.4416	4.80835	4.77591	4.75633	4.62703	5.09701	5.00476	5.30007	5.00476	4.20378	4.65042	4.61017	4.61017	4.56267	4.75956	4.66717	4.03353	3.91578	4.53183	4.80835	4.74979	4.6672	4.67052	4.75959	4.75959	4.64046	5.05417	5.45296	5.71921	4.36738	4.20381	3.95544	4.20378	4.71686	4.27365	3.87978	4.37448	4.8083	4.82448	5.13645	5.29419	5.22038	4.92333	4.59663	4.50774	4.86297	5.02948	4.53183	4.1628	3.99072	5.12727	4.99845	4.27731	4.50774	4.50774	4.69706	4.69706	4.69706	4.8083	4.97668	5.6757	5.02635	4.30632	4.77253	4.61004	4.61017	7.1055	7.98163	11.6171	17.0537	17.5799	13.643	8.95522	7.22755	5.6538	6.64851	6.13918	4.25907	7.52525	7.96629	6.47008	9.27281	16.1496	14.0242	13.3794	16.5959	14.9003	8.50028	18.6668	21.4619	18.1005	14.2447	13.3363	14.004	11.6796	8.81673	7.09463	5.76516	5.91877	8.41714	11.1111	8.58726	7.58197
2.3017	2.79875	3.09077	2.63166	3.02952	4.47598	4.08295	3.36668	3.41726	2.16133	2.50364	2.63163	1.52352	1.77091	2.37533	2.30853	1.80604	1.67084	2.45965	2.63178	2.01906	1.80604	1.68018	1.77097	2.01899	2.21855	2.13215	0.885666	1.1203	1.60378	1.428	1.63289	1.91555	2.1323	3.16588	3.24871	1.51328	2.21855	2.5776	1.59397	0.50107	1.88242	1.90725	0.730394	0.531444	0.903245	2.23964	2.40808	1.94793	2.12486	2.15412	1.63281	1.42795	2.01899	2.23964	2.46588	2.46588	2.01899	1.42797	1.428	1.5029	1.58415	1.52362	1.428	2.01899	2.37533	1.03289	1.68018	1.97987	2.30847	3.97454	4.54497	1.63281	1.18818	2.30847	2.01899	2.50375	3.54296	3.30576	1.97979	2.00337	2.06499	2.77065	3.33863	2.90294	2.65531	5.13567	7.85093	5.65306	3.2915	5.62008	6.12588	4.75887	5.45218	6.63859	23.0696	32.3087	27.2172	27.1144	24.9932	20.2069	25.5967	21.2911	16.9246	14.4021	13.3048	6.62923	6.31704	2.66129	5.31395	4.27668	7.98039	7.01734	5.31115	4.33474	3.95502	3.52537	3.86329	6.41189	7.45075	6.95581	3.56045	3.6084	4.63999	5.75114	7.79637	12.1502	9.80594	2.88138	8.74799	10.3163	3.89552	4.91028	9.47884	13.2643	11.1181	5.78315	7.1905	3.97473	4.42019	7.87252	5.86819	3.99036	4.90076	4.91346	3.41742	4.03679	6.99754	7.5242	8.3342	5.47502	5.84728	4.75592	4.56227	5.19611	5.40682	5.16014	5.13602	4.95125	4.37772	4.58606	4.75592	4.60977	4.96052	4.43422	4.85298	4.66679	4.19231	3.2535	2.63181	3.78165	4.82396	4.46225	4.50046	4.39192	4.43072	4.90076	4.95125	4.50737	4.74938	5.37226	5.145	4.27327	4.53143	4.21826	4.42012	4.82396	4.19231	4.03702	4.50728	4.85288	4.82726	5.3809	5.5287	5.06292	4.50734	4.36699	4.43422	4.97623	5.02902	4.58606	4.20343	3.99036	5.13582	4.78511	4.27327	4.50734	4.66676	5.08736	4.98873	4.92288	5.02902	5.31414	5.89198	5.48361	5.05984	5.09953	4.78511	4.6265	5.05984	5.99622	8.65055	13.4538	16.0384	13.9321	11.469	7.47728	5.7643	6.00359	5.7484	7.52467	10.0793	8.70492	9.51888	8.19429	11.7426	12.2421	12.4807	16.4167	17.7143	11.6157	1.07744	10.7982	17.5335	16.2098	13.5648	14.5288	13.904	9.77711	6.91388	5.74853	5.47798	7.70148	8.74799	7.43395	12.6212
2.38169	2.26721	3.01366	2.50342	3.26261	4.21762	3.41695	2.36193	2.21835	1.77075	2.5159	2.6314	1.50267	1.63263	2.88106	2.55294	1.60363	2.01885	2.07246	1.74408	1.68001	1.4604	1.25235	1.4168	2.0188	1.84869	1.2771	1.42779	1.13405	1.18807	0.88561	1.12018	1.34881	1.13411	1.13411	1.94775	1.46037	2.16114	2.79847	0.885588	0.396074	2.40783	1.63263	0.250513	0.885588	1.42781	2.36193	2.57737	1.95576	1.95576	2.30831	2.15396	1.80586	1.80583	1.97961	2.45929	2.5345	1.84869	1.25233	1.42783	1.63272	1.74408	1.52346	1.51313	2.40786	2.40786	1.38324	2.15396	2.40793	2.40793	1.97964	3.16542	3.582	2.0032	2.37512	2.5345	1.74402	3.09553	3.09051	1.80586	1.34875	1.42779	2.7018	3.76046	3.13066	2.65507	4.8746	7.37529	5.68535	3.58197	5.68535	6.66572	5.26944	5.99528	7.91045	30.6137	36.504	19.9288	11.5818	14.8399	3.71892	15.1893	6.70963	1.23976	5.78254	10.4167	5.48568	5.84379	1.51313	3.60807	2.91891	5.2162	6.54693	6.67519	5.92022	4.67954	3.78128	6.01091	8.98728	8.28977	6.63818	3.97435	3.02415	1.90714	1.52339	7.4765	13.5295	8.10134	3.41707	8.25998	9.54291	3.26278	4.63957	7.94141	13.9667	11.4988	4.98803	6.71409	2.23951	2.79859	7.07784	6.37494	3.38027	4.24715	4.75868	5.37173	3.97432	4.9505	6.08487	10.967	8.78704	5.40626	5.92029	4.31637	4.82676	5.15961	5.51694	5.2461	4.37726	4.37726	4.82356	4.75542	4.37726	3.92693	4.42315	4.27649	4.28014	4.60929	4.52757	3.87906	3.95463	4.77486	4.11309	4.37726	4.63957	4.60929	4.86203	5.00068	5.12338	5.15961	4.41973	3.52501	4.33431	4.75865	4.46178	4.92238	5.05927	4.3487	4.51724	5.14449	5.23121	4.53097	4.92867	4.98822	4.5618	4.27649	4.36655	4.53097	4.92867	4.63952	4.3487	4.7423	4.98822	5.48583	5.13537	4.53097	4.3487	4.69616	5.19552	4.90025	4.75865	4.4722	4.99749	5.84922	5.31361	4.82676	5.19552	5.14449	4.47564	4.4337	5.0624	6.36063	7.86623	12.1142	15.2346	14.8081	10.7843	7.47254	6.61022	6.91102	10.4171	10.6012	6.64749	5.26951	4.43366	11.1185	9.77282	9.59343	13.8719	15.3879	15.2954	14.5046	7.93762	6.73274	16.2655	16.9993	15.727	16.5306	12.2882	6.20576	6.24306	6.74872	8.26754	9.38484	7.74644	14.5773
2.18974	2.13909	3.0443	2.25312	3.51119	4.74814	3.39824	1.82288	1.82288	1.97941	2.61324	2.45903	1.74384	1.67978	2.94516	3.0443	1.51292	1.63249	1.07726	1.07726	1.4277	1.18801	1.25223	1.77063	1.95557	1.46022	0.903047	1.03263	1.50251	1.13393	0.885496	1.18795	0.903071	0.885555	1.13401	1.80565	2.88076	2.21825	4.45081	3.52469	2.00313	2.23921	1.18795	0.730253	1.60345	1.80565	2.23921	2.30125	1.51292	1.58375	2.37488	1.95557	1.84857	1.97949	1.77944	2.30803	2.51563	1.82288	1.42767	1.77944	1.42773	1.74393	2.00313	2.37501	3.26243	4.11272	4.12788	3.40305	2.85914	2.53437	2.21825	2.30811	3.79723	2.85351	2.21812	2.55268	1.18795	3.37981	3.39824	1.77947	2.46552	2.21825	2.74747	3.82585	3.15023	2.76445	4.5062	6.98301	6.01011	3.5816	5.68476	7.23164	6.23471	7.26346	10.1261	37.532	37.7469	13.8282	5.86726	13.1644	7.48193	7.77721	12.8896	7.09265	6.91013	10.2676	6.3599	7.64436	6.70904	1.91506	2.79836	1.25221	2.96635	4.66562	4.21718	3.18966	2.13183	7.02263	8.4868	6.78213	6.46827	6.11503	5.51646	4.41934	3.8261	9.16666	10.8838	5.68479	3.0902	8.45788	7.644	4.82633	4.77458	9.06687	15.4158	10.543	6.03072	6.39358	3.04451	2.77027	6.47505	5.84582	2.30131	3.55977	4.0322	4.41934	5.24565	4.88706	4.20245	10.649	12.5897	5.19799	7.26382	6.12513	4.89982	4.21745	4.62574	4.80701	4.62574	5.19512	5.19512	4.37688	4.07086	3.87869	4.95952	3.97397	4.17291	4.74188	4.88716	4.80701	3.79745	4.82294	4.33391	4.25789	4.5614	4.95031	4.98777	4.66586	4.74847	4.63916	4.14294	4.03625	5.13489	4.36615	4.27611	4.8616	4.6391	4.20262	4.50648	5.14402	5.09855	4.27245	4.82304	4.80695	4.52717	4.46139	4.59533	4.69574	4.75819	4.6391	4.50648	4.59533	4.75823	5.54434	5.69316	4.92194	4.66921	5.02806	5.14402	4.74188	4.66586	4.43337	5.14999	5.64943	4.88706	4.92194	5.36252	5.25149	4.66586	4.10127	4.0669	4.58853	5.69328	9.00516	15.5557	17.5683	14.1232	10.3424	8.84352	8.35512	10.8472	6.11503	7.29293	6.08424	5.0586	10.4917	7.15492	9.66332	13.4972	13.728	11.9719	13.0634	15.0532	12.8439	5.48531	12.9636	15.0344	18.1909	15.3447	4.88706	5.37123	6.41321	8.65747	10.1885	8.69956	12.6237
1.80548	2.57687	3.30483	2.83683	3.52423	4.85131	3.58129	1.90671	2.07199	2.23901	2.6955	2.63092	2.32811	2.30109	2.91828	2.61301	1.38291	1.63232	0.902963	1.06249	1.42754	1.18789	1.28912	1.80548	1.42754	1.07713	1.25209	1.42756	1.42754	0.953619	1.34849	1.67963	0.73018	0.500921	0.902981	2.01841	4.17226	1.67963	3.58146	6.26407	6.26407	3.75163	1.97932	1.84839	1.97929	1.94737	2.36147	2.18954	1.42754	1.84833	2.6955	1.84833	1.25209	1.42754	1.23952	1.82272	1.91489	2.18954	1.97923	1.77041	1.06249	1.50246	3.09002	4.88665	7.225	8.94685	8.29563	5.54389	4.07043	3.39812	2.90228	3.02356	3.20409	2.6955	2.30105	2.85875	2.4842	3.22836	3.3377	2.21793	1.95539	1.8228	2.65463	3.4163	2.70128	2.63089	4.4989	6.61806	6.17441	4.62501	7.72107	10.0762	9.82195	9.83424	13.7351	38.855	35.1104	5.19432	5.09792	11.5174	11.4955	1.42758	10.1637	3.87812	5.54362	8.7264	5.30085	4.62516	8.7403	6.14432	2.23908	2.0645	2.30109	4.75754	4.60819	1.42754	4.97793	9.30539	9.19071	6.71987	5.64076	5.25101	4.77408	4.6084	5.24213	7.68933	7.3988	4.25722	3.6801	7.64333	6.21448	6.08398	4.31554	10.1296	15.5804	9.88141	7.49149	4.75759	4.5267	4.5267	7.87993	5.99932	2.47788	2.91828	4.70499	3.60738	4.6084	5.84556	5.54106	9.9936	13.4049	7.24168	5.78171	6.2344	4.25744	3.95392	4.17247	4.66541	4.99663	4.99972	4.912	5.1224	5.51589	4.87392	4.24636	3.71814	3.79706	4.2022	4.07043	4.46093	4.12744	5.65162	5.17054	4.12744	4.12366	4.58471	4.97793	4.42942	4.03198	4.37643	5.1224	5.82702	5.69808	4.75774	4.36573	4.41883	4.13871	4.13871	4.30467	4.54379	4.50597	4.1123	4.99654	4.88657	4.41888	4.70522	5.05835	4.82584	4.63863	4.92772	4.89932	4.89932	4.75774	5.34456	5.4989	4.69526	4.58471	5.02755	5.1435	4.7414	4.89932	5.29216	5.82164	5.8481	5.0583	4.80646	5.26863	5.41663	5.30096	4.46093	3.18946	4.58794	5.34456	6.5033	13.0566	18.379	14.9335	11.2816	10.0345	9.06477	9.03113	6.67378	9.2693	5.47627	4.47478	6.55259	7.41558	8.10002	11.7004	13.7225	12.2283	12.118	14.6429	20.1957	17.8486	8.46838	6.87369	15.9255	16.1184	4.67865	3.98919	4.85148	8.28253	11.0681	11.9942	13.1069
2.06423	2.37446	2.63066	2.50272	3.33741	4.97728	3.74699	2.13141	2.18935	2.23881	2.69526	2.8585	2.18935	1.84817	2.53379	2.23881	1.42741	1.74353	1.28897	1.23941	1.60316	1.11987	0.95357	1.67948	1.60316	1.46	1.59337	1.59337	1.46	1.46	1.95522	1.42741	0.559988	0.95357	1.63223	2.32795	4.92717	3.91382	2.01821	1.63226	3.00771	2.67787	1.75257	1.63223	1.77914	1.95524	2.50277	2.30767	1.80536	2.30767	2.74698	1.95522	1.42743	1.42741	1.23941	1.97908	1.7703	1.6322	2.55223	2.37446	1.7703	1.7436	2.48396	3.18428	5.26817	7.08701	8.45678	7.0761	4.39024	3.26187	2.88041	2.8586	2.88036	2.6544	2.70686	3.30454	3.20381	3.18919	3.7178	2.83108	1.42741	1.6322	2.66027	2.70686	1.97906	2.13137	4.87324	7.18779	6.78296	6.6893	10.216	12.3566	11.8704	12.078	17.2145	35.8313	31.0938	6.11355	2.57665	10.0692	12.3814	2.7978	9.01154	6.48346	6.00149	4.74078	3.64576	3.90589	11.0615	8.10851	1.6322	0.70831	0.88534	3.47489	5.48431	5.19413	7.49721	9.48174	8.61358	6.06302	4.41845	3.62875	3.79673	3.58115	4.13835	5.34403	5.45301	3.09467	3.71361	6.88208	4.89889	4.50565	4.42884	11.7194	13.255	9.19962	8.46722	2.12407	3.69261	3.87796	8.97109	6.7123	4.58767	4.03933	4.33301	4.3473	3.26175	3.57673	4.58767	8.07084	11.1515	7.53569	1.42739	3.69261	4.52631	4.89889	4.52631	4.14215	4.12708	4.36535	4.608	5.13406	5.61832	5.39039	3.73045	4.08143	3.81716	4.36533	4.66832	4.80609	5.12196	6.58269	5.60997	4.49874	4.31516	4.36533	4.43253	4.31516	4.46054	4.63827	4.80609	5.14913	5.4504	5.21793	4.665	4.75733	4.75733	4.50562	4.47095	4.58767	4.54339	4.36533	5.02399	4.67824	4.2753	4.9084	4.9775	4.58432	4.86068	5.26817	4.82542	4.74098	4.66498	5.17009	5.30916	4.47095	4.43253	5.14305	5.36151	4.9775	5.05791	5.14911	5.48153	5.88977	5.48153	5.08543	5.57397	5.36151	5.13403	5.51541	4.9962	4.47432	4.74078	3.60714	8.82801	17.9986	15.8176	10.7899	9.53428	7.61693	5.09461	9.25053	7.08246	11.6336	12.5648	5.84505	6.39245	6.46685	3.79656	8.4674	12.4198	12.1462	12.6219	18.4665	21.9839	19.018	14.2342	12.4421	12.3302	4.44999	4.41845	6.35873	9.36129	11.4115	12.6623	12.6031
2.8582	2.70658	2.32767	2.16031	4.25641	5.33757	3.1642	2.01802	2.32767	2.32767	2.63041	2.76934	1.74335	1.42724	2.51493	2.45834	1.77012	1.77012	1.42726	1.60299	1.5932	1.11975	1.18766	1.77893	1.63203	0.88527	1.11972	1.67931	1.60301	1.34829	1.45981	0.90279	0.902808	1.42728	0.902808	1.38264	3.37887	5.12116	3.953	1.23928	2.018	1.27661	0.791839	1.23928	1.60299	1.60299	2.07159	2.07159	1.5932	1.80513	2.37421	2.01802	1.45984	1.42728	1.5932	2.32767	2.66001	3.1889	3.402	3.18883	2.67759	1.91462	1.42726	2.51493	4.75335	3.80847	4.67775	6.58201	5.0849	3.48809	3.67957	4.82171	4.75685	3.43401	2.48372	3.41564	3.64538	3.53686	3.53686	2.5336	2.06411	2.47741	2.88	2.30065	1.5932	1.27661	6.14315	9.87954	7.73156	6.37251	10.3042	12.563	11.2567	10.8439	14.8874	32.254	28.7136	5.96981	1.95501	10.1706	10.9192	4.24931	7.13783	7.9652	5.86536	3.41576	1.25187	3.39729	11.519	7.94987	4.36487	4.46007	5.62875	7.60207	9.72777	9.42983	8.5703	8.78393	7.41417	5.19354	3.40204	2.50259	2.8583	2.85284	3.75084	4.59727	2.96551	1.51254	3.20348	5.24978	3.87758	3.71741	9.30179	12.3957	10.8685	8.24017	7.57141	2.40703	2.30065	1.90634	8.0225	5.24978	4.78281	4.97698	4.59399	3.5763	3.09434	2.7974	2.94434	5.61745	8.44115	7.61994	6.46631	3.01259	3.0538	5.70244	5.36968	4.91106	4.88571	4.52583	4.19027	4.51551	4.87298	5.45268	4.85062	4.27478	4.59729	5.14252	5.06046	4.91106	5.40419	6.33139	5.36096	4.62437	4.63779	4.66449	4.2712	4.27485	5.06046	5.13352	4.63779	4.66449	5.14857	4.97698	4.66452	4.89838	4.9205	4.66783	4.75683	4.97382	5.02659	4.75683	4.71415	4.50511	4.36487	4.50515	4.27485	4.50515	5.19354	5.14252	4.43207	4.2712	4.43207	5.19649	5.32319	4.47048	4.69436	5.4384	5.19354	4.89838	5.05738	4.98631	5.26762	5.69152	5.60938	5.37829	5.60938	5.31158	5.05738	5.45268	6.14346	4.77317	3.41564	3.26136	3.14951	14.9651	17.2802	10.3393	9.09297	6.00875	4.27103	8.45554	5.14859	11.3479	11.3177	10.3335	7.42857	9.2628	7.26176	4.49827	5.29677	6.75506	6.84342	10.6885	14.5535	12.3473	10.0432	8.78405	6.55134	3.26153	7.73769	11.2438	13.3756	12.5867	12.7407	13.4935
2.45813	3.04319	2.85795	3.05353	4.6372	5.09339	2.79715	2.21731	2.3004	2.01785	2.3004	2.30718	1.6698	1.51236	2.30718	2.63016	1.50196	0.88517	1.03225	1.75214	1.34812	1.07685	0.953387	1.11962	1.2765	0.729958	1.28873	1.90618	1.28873	0.55988	1.28873	1.23917	1.25176	0.885192	0.729958	2.36081	2.79718	5.40345	5.05058	2.6124	5.15719	5.60894	3.01233	1.28873	1.28873	1.34812	1.97868	2.3004	1.60285	1.42714	2.374	2.1383	1.23917	1.42716	1.76996	2.53333	2.70634	2.30723	1.94683	2.23838	2.23838	1.66988	1.91445	1.77878	4.62372	4.91039	1.00148	4.75642	6.85409	5.53952	4.58344	5.14812	4.91064	4.31434	3.43371	4.24515	4.62382	3.89319	3.20324	3.08913	2.90147	2.30049	2.74645	2.131	1.34817	1.07685	8.00085	12.1775	7.18439	4.99507	9.44297	11.8492	11.0595	10.7431	12.3075	29.7864	28.4479	8.48195	1.0323	9.86952	9.92126	2.40679	6.54141	7.46078	6.71097	4.13756	4.51511	5.30815	8.29846	5.54226	7.66756	7.85672	8.62626	9.37273	10.4038	11.2787	10.4884	9.40481	7.09207	4.03086	1.77878	1.63192	1.25178	0.953387	3.2032	3.64506	1.51241	1.06219	1.97868	4.08068	4.55965	7.26081	12.0887	10.764	10.6536	6.23486	5.58109	3.18862	1.27656	2.76343	6.99366	3.53646	3.72956	3.98799	3.72974	2.70065	2.96525	2.85795	2.85246	4.62372	6.0693	4.75627	5.12388	6.43457	5.69086	3.28967	2.2174	4.25626	5.13308	4.75319	4.36452	4.11115	4.17131	5.26723	6.15294	4.27813	4.29975	4.62382	4.36449	4.75319	4.66411	5.19604	4.80512	4.3894	4.63739	4.66743	4.42818	4.34665	4.36449	4.55965	5.12098	4.90746	4.63734	4.34665	4.45969	4.89795	4.98588	4.66743	4.66409	4.92635	4.97339	4.66409	4.80512	4.92635	4.69395	4.66409	4.60712	4.8245	5.14207	4.85975	4.34665	4.43168	4.75642	5.40077	5.54226	4.92007	4.85975	5.02303	4.75639	4.75642	4.8245	4.66409	5.0569	5.67195	5.54226	5.08446	5.48049	5.31112	5.14812	5.37782	5.62826	6.26233	4.62397	3.00713	4.34647	8.90323	17.063	11.7087	9.75935	8.21008	9.06352	5.37762	5.8332	4.94817	5.96924	6.37196	10.4252	13.0587	9.61462	10.4498	10.7436	10.0363	6.98742	4.60699	7.75053	7.35319	5.31112	2.90147	1.42718	6.1227	9.70192	12.5728	15.7791	15.3119	15.1575	17.0232
1.75196	3.50954	4.52474	3.40129	3.75007	4.03411	2.94377	2.06361	2.13073	2.1599	2.30016	2.23815	1.84762	1.67898	1.97847	1.76973	1.77861	1.80482	1.5929	2.30016	1.82202	1.00133	0.531087	0.729881	1.27637	1.1195	1.28859	1.52251	0.885077	0.395845	1.38238	1.03214	0.354064	1.27643	1.97853	2.70606	2.53306	3.62748	5.14139	3.33642	5.36856	7.04782	5.68212	1.13339	1.13339	1.42697	2.37375	2.62991	1.76978	1.77861	2.36056	2.07119	1.42699	1.41598	1.60268	2.62991	2.57588	1.80478	1.28859	1.82202	2.45787	1.41598	1.42703	1.34803	3.12886	4.43105	2.87945	2.01764	4.52836	6.30091	4.77225	4.20056	4.42772	5.24013	4.52497	4.09929	4.99455	4.62339	4.20059	3.746	3.01208	2.87955	2.50207	1.9785	1.34803	1.74308	8.579	12.8834	6.94005	4.59302	8.18108	9.7934	9.59432	11.6501	16.4276	26.6791	22.5516	12.7292	7.22205	6.60622	10.7239	0.250369	6.15204	6.79906	7.09972	2.51445	1.18744	3.81594	2.70606	6.21222	7.37352	7.18815	7.0152	6.9492	7.81299	9.06303	9.45686	8.02896	4.75594	2.79689	4.75575	4.03039	3.71678	3.37833	3.35509	3.33642	0.559822	1.1195	1.13345	2.87955	3.64482	9.18381	13.0749	11.697	11.2506	4.34602	4.41702	3.08873	1.63177	4.13699	6.65036	3.22712	2.79689	4.25559	2.01761	1.75205	2.65948	2.79689	2.79689	4.12189	5.29575	3.72917	2.61201	5.36837	6.23424	4.67676	4.12565	4.47307	4.74615	4.87205	4.75269	3.97206	4.43122	5.15665	5.70135	4.41714	3.02749	4.97581	4.59639	4.50431	4.37475	5.16856	5.31056	4.88478	4.6369	4.17087	4.11072	4.3462	4.11072	4.03813	4.55918	4.77225	4.59311	4.59311	4.60664	5.14758	5.29014	4.84969	4.73958	5.14153	4.97287	4.50429	4.97287	4.97287	4.85924	5.14758	5.09311	4.97602	4.97287	4.85924	4.82079	5.05642	4.98536	5.57232	5.74454	4.98536	4.75592	5.05637	5.26661	4.98536	4.6636	4.6636	5.26661	5.84587	5.54168	5.02563	5.43736	5.35993	5.24895	5.31059	5.53897	6.41733	6.98669	5.86447	4.60655	5.14153	14.9586	14.4089	9.94636	10.6119	11.0705	7.39636	7.18815	2.2659	5.86428	0.8851	9.41478	10.3546	7.74414	10.7634	13.0755	12.8897	11.4593	8.5812	8.10637	8.08938	5.36863	4.98536	6.52205	7.69653	8.99728	11.1497	16.8438	16.0964	16.6736	15.9255
3.74567	4.41669	4.91896	3.55778	3.1879	3.52257	3.1879	2.15249	1.84746	2.00187	2.51423	2.55125	1.63157	1.34786	1.06199	2.51436	3.08856	2.65927	1.97832	2.55125	2.13055	1.25148	0.953169	1.07664	1.42686	1.4594	0.729818	0.953169	1.06199	0.885022	1.51207	1.25152	2.07108	2.92769	2.70013	3.3595	3.20262	2.48303	2.38011	5.52426	5.81877	5.70066	5.62689	1.34791	1.28848	1.74286	2.61178	2.61178	1.63157	1.60254	1.84746	1.74286	1.51207	1.42686	1.60254	2.53282	2.21688	1.51207	1.42686	2.01746	2.37354	1.34786	1.23894	1.58293	2.15249	2.38011	3.1879	4.18893	1.77843	4.58256	5.43696	4.42734	3.86034	3.78295	4.27001	3.74567	5.19495	4.77171	3.97169	3.04275	2.40636	2.62979	2.55137	2.5329	2.13797	2.30005	7.32665	12.3327	7.63974	3.74967	7.25938	8.2379	7.83731	16.2191	29.4242	28.2256	14.5525	8.43701	7.1872	4.20009	9.06847	2.70582	3.55778	7.73532	8.48034	7.01459	6.31995	6.46458	7.90563	8.20121	7.01462	6.40955	6.08113	6.0735	6.0735	5.76026	5.49643	4.37437	3.02214	4.97538	5.62965	2.65338	1.34791	2.15971	3.82372	3.43288	1.27632	2.70588	2.65345	2.53292	1.74293	9.67332	13.8244	12.888	8.58002	4.43073	5.28947	2.65925	2.90091	5.14095	6.62198	3.433	3.25101	3.43293	3.16332	1.97836	2.36041	2.70582	2.62968	3.88032	5.92917	5.26603	3.8157	4.24795	4.12529	3.88032	7.01426	5.33609	3.48712	4.77184	4.77184	4.52457	5.19209	4.14056	4.24436	4.24436	4.13676	6.40695	5.67081	3.8239	4.14056	5.516	5.74404	4.87163	4.62308	4.37437	4.5039	4.66319	4.31351	4.20022	4.43083	4.77184	4.90652	4.91913	4.75553	5.2485	5.05598	4.80425	4.97559	5.19209	4.85882	4.5039	4.92541	4.80421	4.97244	5.19209	4.99738	4.99738	5.08349	5.02519	4.89702	5.05598	4.89702	5.5412	5.5412	4.66319	4.75551	5.26615	5.22776	4.75551	4.89702	5.21594	5.52725	5.86385	5.71435	5.08349	5.39974	5.47944	5.14714	5.02519	5.14714	5.62718	7.01462	7.64013	6.50026	5.74413	10.7232	13.6237	9.18795	10.0714	7.96323	11.67	10.3367	9.90433	5.43677	2.8792	8.94223	11.8669	8.41003	7.09945	7.74347	8.10016	8.82483	8.45358	7.83758	11.0158	10.3657	9.06893	5.84016	6.52373	9.18645	10.4861	16.9732	15.6171	13.1655	12.2613
3.20232	4.24028	4.60566	3.20227	3.64397	4.02953	3.3638	2.65902	2.01733	1.06189	2.40599	3.18754	1.42669	0.902447	1.63146	2.21678	2.65313	2.85711	2.40599	3.01135	2.76828	1.76945	1.76945	1.4593	1.60241	1.41572	0.395792	0.39577	0.791502	0.791502	1.07652	1.50162	2.85173	3.13341	3.01155	2.85173	1.80445	0.953072	0.729745	3.92396	7.41983	5.87133	1.9781	1.34779	0.902447	1.76939	2.65304	2.40599	1.38211	1.38211	1.82167	1.67867	1.51192	1.51192	1.45925	2.21665	2.06322	1.5827	1.67867	2.01726	1.90562	1.51192	1.63141	1.42675	1.76945	1.95428	2.29973	3.87589	3.75758	1.9543	3.64418	4.38818	3.33599	2.51414	3.55761	3.72869	4.64593	4.54109	3.57502	2.94339	2.13047	1.91391	2.45755	3.18772	3.09335	3.16317	4.97487	9.96226	8.77703	5.77823	8.57738	9.34368	11.9156	26.7167	32.9697	20.9232	9.51088	7.38872	6.32886	4.19967	7.37178	3.35446	0.70797	4.88369	7.47121	8.29105	8.41499	8.40054	7.75862	6.17129	5.49595	5.48184	4.99694	4.59229	3.80721	2.62956	2.13047	2.23782	2.83525	5.34146	6.73212	6.3194	5.48184	4.21466	4.07947	2.53256	1.34772	3.08816	2.6999	1.63146	3.60532	11.6442	15.5199	10.8878	3.91192	5.49573	6.77968	2.87905	2.79651	5.8234	5.14639	3.18775	4.12135	4.30226	4.09855	3.08825	3.18772	3.64412	3.40073	3.98683	6.62361	7.07247	5.24802	5.08303	4.27319	3.05259	5.72438	7.07247	4.6625	3.81535	4.55838	4.66281	4.36326	3.26034	4.64602	5.02474	5.14668	5.64843	4.50331	3.60542	4.50353	5.74351	5.51549	4.12514	4.25507	4.62268	4.66612	4.59229	4.27694	4.34543	4.46883	4.3633	4.75511	4.98448	4.81994	4.91869	4.43044	4.51385	4.97515	5.08303	4.91869	4.58215	4.92496	4.97199	4.97199	4.92496	4.73875	4.99694	5.21547	5.08303	4.66278	4.91869	5.13162	5.60731	5.71382	4.97515	4.98448	5.09518	5.05546	4.85838	4.82314	5.08303	5.52675	6.0881	5.91577	5.14668	5.60731	5.60731	4.89658	4.69263	4.5855	4.73875	5.92633	7.12475	7.25912	5.89498	8.90067	14.6461	12.1437	6.97857	8.59388	6.9789	7.62301	9.89414	7.04652	3.50911	7.08323	12.932	9.92442	4.19967	5.83157	6.8409	6.31937	7.07908	6.01915	10.2111	6.49957	7.32638	6.21114	5.84474	7.71073	8.29053	14.5714	16.5833	9.42103	6.99161
2.7053	3.91157	4.15836	2.8787	3.81488	4.36267	2.6763	1.95409	1.25128	1.42663	1.95409	2.50128	1.63126	1.06179	0.791465	2.40589	2.15212	2.25143	3.04202	3.62647	3.18726	1.80428	1.76928	1.11922	0.902364	0.638085	0.500562	0.176984	0.729677	0.902382	1.38206	1.52216	2.18809	2.53236	1.27607	0.395751	2.06313	2.61139	2.37978	2.37978	2.92712	3.22628	1.94608	0.500562	0.707902	1.66916	2.76237	2.26527	1.27601	1.66916	2.21645	1.84711	1.42659	1.51178	1.18705	2.1593	2.37309	1.80428	1.84711	2.07061	2.15208	1.94608	1.77809	1.59245	2.12284	2.65876	2.32661	2.1593	4.03298	3.16271	1.13308	1.80432	2.50141	2.51387	2.21655	1.76933	3.25027	4.58149	3.40034	2.53243	2.51387	2.40589	2.79619	3.47298	3.63951	4.03316	3.74908	6.23743	7.7239	6.38637	10.3993	14.129	25.5206	34.1296	24.377	13.7672	6.92045	5.87073	5.30612	5.05486	7.4023	5.30911	5.23867	3.04217	0.500562	3.04217	5.28867	5.3873	4.77092	4.12471	4.02931	4.51338	4.00608	2.55088	0.791465	0.395735	0.884852	1.59245	0.952986	2.65876	4.92447	5.28867	5.02423	2.92712	1.3476	1.51178	2.07061	3.87558	2.53241	3.80668	6.31113	12.0512	14.2832	6.6137	2.46363	6.11259	6.38635	1.07644	2.6528	6.35492	2.6528	2.85695	4.10958	4.42999	3.80682	3.35426	4.33061	5.74567	6.07997	5.14615	6.13279	7.22626	4.75445	5.86277	6.93177	5.49538	3.02669	4.94628	8.19369	5.29722	3.87575	4.84834	4.94652	4.41596	4.58504	4.73826	4.58168	3.90368	4.12457	4.95578	4.97464	5.57913	5.02111	3.87575	4.16971	4.38772	4.31269	4.36282	4.16971	4.42649	4.85789	4.81944	5.05809	5.13109	4.81944	4.82265	4.73826	4.73826	4.89608	5.14615	5.14615	4.90559	5.1911	5.1401	5.02423	5.1401	4.82265	4.81944	5.21494	5.37577	5.21198	5.30911	5.05501	5.64798	5.91519	4.97464	5.05501	5.5262	5.69432	5.30911	5.05501	5.08252	5.09467	5.66979	5.54014	4.91819	5.57077	5.43585	4.73826	4.82265	4.85789	5.1911	5.76716	5.98534	6.63262	7.01326	11.6469	15.8675	8.52161	10.5372	7.24353	4.66209	7.85336	6.23743	5.22676	7.12401	5.22676	9.34127	12.39	7.59814	6.07975	6.19291	5.131	7.0892	7.25181	10.0337	4.79672	4.50304	9.55432	9.82806	4.59513	7.03698	12.5397	14.9344	14.6659	16.2052
2.21623	3.92304	3.97036	2.15187	2.85656	3.37693	2.15907	1.50122	1.11908	1.41545	1.6021	1.63109	1.18693	1.67835	3.01089	3.7819	4.12435	3.95095	3.71533	3.3211	3.00039	2.00127	1.42642	0.559614	0.176967	0.530887	0.353931	0.353931	0.884797	1.63118	2.15921	2.13006	1.95392	1.50122	1.95392	2.18794	1.52202	1.51169	1.42651	0.952934	1.52192	2.29929	1.50122	0.75074	1.25116	1.25114	2.76208	2.55049	1.45897	1.5824	2.12992	1.88045	1.34746	1.63109	1.41545	2.29929	2.61101	1.84692	1.63109	2.29929	2.5749	1.95392	1.77794	1.94589	2.48229	2.65848	2.01694	1.51169	2.89991	3.09256	2.12998	2.32634	1.27588	1.84699	2.9001	3.01098	3.00569	4.81874	3.24994	1.88058	3.01098	3.50843	3.80648	3.85925	3.16256	3.02129	3.69015	6.01801	7.68352	7.5672	13.5246	24.1986	35.5253	30.6885	14.8538	11.6765	10.3623	6.11234	3.40014	4.12407	4.42945	6.48423	7.95158	7.24289	4.59469	2.3794	2.51365	4.12056	4.24694	4.13941	4.16935	3.57877	2.9001	2.53221	1.84699	1.2881	2.5749	3.47266	2.7679	1.18693	2.0705	3.25965	4.26859	3.0417	1.11908	1.42642	2.89991	4.82197	2.50113	4.50245	8.28903	13.6453	13.3949	4.31203	1.91342	7.25725	6.06636	2.06295	4.79626	4.89538	0.884797	3.35853	3.60473	3.74462	3.63919	3.48165	4.23947	6.17987	5.91474	5.51177	6.00523	6.13217	5.84085	6.58281	6.24699	5.84119	4.12056	3.37702	7.96064	7.83501	1.80415	1.84699	3.0264	3.48165	3.71533	3.49954	4.70169	5.21447	6.08694	6.00523	5.09421	4.98352	4.46798	4.16935	4.80292	4.63521	4.52331	4.50263	4.36246	4.81902	5.24702	4.81902	4.73784	5.05456	4.99598	5.05456	4.9742	4.81902	4.98352	5.14569	4.98352	4.81902	5.08206	4.97103	5.13964	5.35795	4.73784	4.50263	5.02378	5.30864	5.21152	4.89564	4.59142	5.53963	5.57026	4.89564	5.21447	5.86224	5.91208	5.44679	5.44679	5.2882	5.19063	6.01808	5.74241	5.14569	5.74241	5.47789	4.9742	5.21447	5.37529	5.5257	5.35795	5.43545	6.35712	6.34718	17.0158	12.0107	10.3571	11.7627	10.4329	6.99028	7.25725	4.15795	4.55751	5.86233	5.33486	5.60607	10.8898	10.7741	8.1256	5.52549	4.47131	6.23199	9.03425	10.4201	6.15005	6.75137	7.55734	7.51687	6.31816	3.69001	9.33711	10.4445	10.3337	17.1672
1.74219	3.62578	4.02834	2.3792	2.40531	2.65229	2.26483	1.7689	1.27577	1.58226	1.77775	1.80397	1.80397	2.67578	3.47222	2.53192	2.8998	2.79568	0.952837	2.01669	3.32081	2.55027	1.63092	0.250238	0.17695	0.17695	0.17695	0.250238	0.500466	0.90219	0.729555	1.0317	1.18688	0.55954	1.63094	0.500466	0.707766	0.17695	0.55954	1.27577	4.19848	4.02849	2.07029	1.66884	1.45884	1.11901	2.7675	2.40531	1.251	1.251	2.12973	2.15888	1.58226	1.90508	1.76894	2.32612	2.62867	2.18767	1.94571	2.53187	2.46307	1.45884	1.42632	1.63094	2.29908	2.23709	1.76894	1.97762	2.47577	2.29908	1.42629	1.52179	2.23709	2.87805	2.57474	3.43173	2.92656	4.52608	3.18668	1.8468	2.62876	3.04159	3.57838	3.35362	2.6991	2.96363	3.90293	6.7756	8.34875	7.98116	19.8209	33.9165	33.7316	19.0716	8.26638	9.99745	8.98463	3.64306	5.4772	4.58403	3.39522	4.55704	4.19861	4.99221	6.30507	4.41489	0.750675	0.395675	1.27583	2.26495	2.51339	2.0012	1.82124	2.12243	2.06264	2.69319	3.57825	2.07022	1.60193	2.91579	1.06158	1.52179	5.15397	3.41338	3.01059	1.58232	4.50197	4.94533	0.79128	1.97756	7.30091	16.6897	14.5715	4.42545	3.77725	6.79588	5.89294	2.57467	3.08726	2.29908	3.08735	4.60439	4.19859	3.91094	3.95054	4.12014	3.60437	4.99523	3.32081	3.97017	8.86251	9.86433	7.40112	7.51582	5.31963	4.36908	4.36199	4.10879	5.36588	7.61078	3.05178	2.21613	3.74411	0.395659	2.65825	3.64308	4.34415	5.57806	6.66826	5.52514	4.64468	4.41507	4.34415	4.34415	4.60448	4.88248	4.88248	4.75371	4.81852	4.81852	4.69126	4.1875	4.59095	5.24649	5.09072	5.13011	4.97369	4.90465	4.82173	4.85696	4.98302	4.81852	5.08154	5.41202	5.69324	5.57806	4.99546	4.81852	5.13912	5.02327	4.73735	4.81852	5.05404	5.88527	5.77672	5.28766	5.37474	5.6469	5.47735	4.89514	4.91725	5.05404	5.63596	6.4046	5.77672	5.14517	5.56971	5.43481	4.97369	4.98302	5.08154	5.52514	5.24649	4.73735	4.80242	11.0317	17.0062	10.0382	17.6276	17.0009	15.9392	8.26083	9.98552	10.4195	7.01195	3.18678	3.01066	5.36604	7.01162	11.4806	11.1858	6.03019	4.97049	5.86161	9.69472	10.3658	7.01192	7.56674	6.2092	5.62503	9.44286	10.5224	8.89841	5.43469	4.62107	13.1135
2.1515	2.69292	3.28743	3.02057	3.28743	3.39929	2.67552	1.77758	1.45869	2.07001	2.35922	1.97742	1.84664	2.01648	2.76155	2.01645	0.176933	2.18752	3.0052	2.85059	3.78092	2.65202	1.74201	0.791243	0.559507	0.176933	0.250211	0	0.530785	1.23834	0.884597	1.27563	0.884627	1.84656	1.25092	1.13282	0.791243	0.750649	1.2879	1.97737	5.08995	2.07001	2.53159	2.01648	1.45869	0.884597	2.45646	1.76871	1.25087	1.25087	2.25076	2.37895	1.52163	2.01645	1.82097	2.23687	2.57441	2.01648	1.67802	2.13685	2.13685	1.45869	1.45869	1.45869	2.53159	2.23687	1.80375	1.94552	2.1515	2.65211	2.35929	1.90498	1.60177	3.25886	2.6284	0.500448	1.42618	4.19803	3.43127	2.01656	2.12223	2.53169	3.81389	3.79348	3.5343	4.13481	4.32938	6.84928	8.22663	8.37522	25.9902	35.1624	22.2115	11.6397	10.0307	7.45577	5.26349	2.32589	4.59042	7.24151	7.61251	4.8181	3.64257	3.92229	6.90278	5.49348	0.395618	1.18677	1.7776	1.42615	0.250229	0.39564	0.729464	2.55	4.36854	4.76618	3.37642	1.25092	1.00082	3.05149	3.472	2.06255	3.6254	2.82864	1.95355	1.42615	4.66071	3.9696	1.66877	1.03155	4.89444	18.4332	16.2046	5.67884	4.2459	5.21022	5.11724	2.85053	2.12223	2.55017	4.44616	5.66817	5.30762	5.44575	4.99503	4.31148	3.5343	2.7446	3.89043	4.84668	10.9982	11.1051	9.23174	6.75008	5.68713	4.1982	4.27165	4.90422	4.41466	4.3112	2.35922	1.66866	3.50752	1.51134	2.40522	4.24606	4.52583	5.19258	5.65451	4.75326	4.80193	5.05353	4.8181	4.36163	3.95019	4.06661	4.3865	4.45673	4.34377	4.34377	4.75326	4.97325	5.21348	5.02281	4.66434	5.12965	5.05667	4.75329	4.5804	5.13865	5.47123	5.09027	5.41153	5.74405	5.57756	5.18964	4.75329	5.05667	5.57756	5.14471	4.5804	4.8213	5.05359	6.05783	6.11863	5.21052	4.98257	5.43432	5.47685	4.8181	4.75326	4.85652	5.30759	6.20862	5.98615	5.28719	5.26366	5.19258	4.8213	4.89471	4.69084	5.53857	5.69817	4.94514	3.12727	14.0933	13.3798	16.8352	13.7778	19.3863	19.9181	9.28705	7.84176	7.62044	7.29199	5.51338	4.26799	5.19258	5.12043	11.0508	12.5079	6.69498	4.13481	5.68723	7.96496	9.0038	4.29686	6.17874	8.06424	9.87418	12.0093	15.1143	14.567	9.15772	6.05783	11.0319
2.53144	2.67531	2.32568	2.2644	4.00434	4.5011	2.4626	1.42606	1.77741	2.18725	2.29864	1.80359	1.45859	1.23822	2.00072	2.13666	0.791161	1.63061	1.27558	3.68897	4.19765	2.40488	0.530734	1.75088	1.90478	1.42608	0.884535	0.791161	0.884535	0.884512	1.45856	2.18725	1.00072	1.8464	1.38153	1.66859	1.38153	1.42608	1.84645	2.12939	3.49832	2.30545	0.63784	2.29868	1.63067	1.45859	2.57417	1.95334	1.59184	1.60162	1.97716	2.12932	1.58195	2.06224	2.15847	2.37874	2.51278	1.74185	1.5112	2.06224	2.06224	1.34708	1.34708	1.34708	2.40485	2.01627	1.82081	2.40488	2.12939	2.30545	1.59184	1.45859	2.01635	1.97718	1.58195	1.58195	2.53136	4.26739	3.52055	2.06989	2.50041	2.82836	3.72677	3.24914	3.28731	3.81351	3.81351	6.62983	8.80397	10.5711	26.7678	30.0616	16.4813	14.078	14.5295	8.68961	6.58114	5.63489	2.46269	3.05119	3.91019	4.90663	4.27464	3.92195	7.04083	5.24527	0.952654	2.4816	2.9153	3.18611	1.75088	1.75088	2.06989	3.81342	4.50113	3.04085	1.5215	1.80362	3.74352	4.45627	4.85603	4.02777	3.52065	1.90478	0.952654	2.06224	3.28714	3.1318	1.60162	2.50032	3.89009	18.5975	17.0113	6.72869	4.25278	4.00434	3.82152	2.82836	2.69278	2.76146	5.11995	6.51765	6.18819	7.09537	6.35524	4.41427	3.78078	3.89029	3.71424	5.39932	11.8603	8.69294	2.74435	1.95334	5.68651	3.72688	4.51166	4.59007	4.90371	4.50131	3.35297	3.71005	4.60347	4.32895	5.41099	5.83682	4.66386	4.44573	4.60347	4.09658	4.58328	5.36502	4.89421	4.63384	4.21261	3.87827	4.66386	5.01619	4.31103	4.36115	5.02231	5.21295	4.97274	4.75278	4.66052	4.98206	5.05615	4.94463	4.90371	5.81558	5.79966	5.15324	5.577	5.52409	5.08057	4.85603	4.57993	5.05308	5.577	5.28665	4.99451	4.98206	5.14419	6.23032	5.91293	5.05615	5.12913	5.77562	6.0292	5.62669	5.60191	5.21295	5.43378	6.53888	5.98555	5.20999	5.24549	5.05303	4.63379	4.98206	5.12913	5.86049	5.98555	6.00365	5.52393	9.50119	11.3687	14.0054	6.14825	16.7059	18.6999	7.39738	4.06599	2.67527	5.84196	5.99321	3.71432	3.53384	3.60361	8.96424	12.4504	7.83285	1.88002	4.62028	4.97253	8.44841	4.99736	6.77422	7.17893	6.17814	5.56865	7.66162	8.85415	11.3228	8.77675	9.11674
2.5312	2.67505	2.57401	2.50017	3.39864	4.74228	3.00962	1.2381	1.45841	1.66834	2.15824	1.66834	0.395542	1.1326	2.35884	2.82809	1.2381	1.27547	2.7949	3.53789	3.48014	1.58179	1.42587	1.84628	2.40473	1.90461	1.51111	1.51111	2.0162	2.26432	1.80346	1.58179	0.176899	1.28765	1.75073	1.51111	1.63055	2.06216	2.23653	2.5312	2.65749	2.6516	2.57401	2.40473	2.23653	2.69254	3.20048	2.5312	2.23653	2.35884	2.3255	1.94515	1.63047	1.97696	2.01606	2.37849	2.99924	2.37193	1.76843	2.0161	1.82062	1.42587	1.51104	1.45841	2.37193	1.97696	1.76837	2.50006	1.91269	1.6777	1.25066	1.25066	1.63047	1.95317	2.29852	3.00453	3.60325	5.13748	4.76851	3.48481	3.24885	2.5312	3.24869	2.32545	2.13655	3.00973	3.53792	6.29594	8.5619	11.0944	22.7512	24.3187	16.5645	16.1706	15.1746	9.53873	12.2728	12.8405	11.2216	9.60639	8.03056	7.94068	5.68615	5.11945	5.83862	3.57717	1.74177	2.18703	1.60149	3.18092	3.14655	3.88995	3.9218	5.64522	5.68615	3.24885	2.47505	3.71388	4.6199	4.16775	4.91587	5.01575	5.33282	4.45588	3.02013	2.30526	2.40463	2.30517	2.15824	2.01606	4.03102	17.8019	17.2235	6.97003	4.13754	3.48014	3.36187	3.32001	3.48032	2.62805	5.98482	7.95784	6.68254	7.13133	5.99281	4.84597	3.64205	4.13782	4.18633	4.12258	9.12229	9.65142	4.76868	3.18588	7.36757	2.06961	3.16135	3.85777	4.24525	4.60319	4.55577	4.53863	4.94402	4.60307	4.95345	3.80502	3.14655	4.2525	5.11948	4.4697	3.74729	4.07712	3.74729	4.66344	5.24508	4.52158	4.80101	4.76868	4.74261	4.58966	4.7097	4.46627	4.50091	4.98162	4.89377	4.91587	4.89377	4.80108	4.75238	5.53751	5.30658	4.90645	5.4105	5.35591	5.14373	5.14373	4.9723	4.98162	5.13767	5.14373	5.23621	5.36461	5.47018	6.22974	5.94622	5.20953	5.20953	5.94622	5.94622	5.29497	5.75643	5.77518	5.90982	6.70079	5.6453	5.12867	5.69709	5.86003	5.05263	4.63337	4.91587	5.22428	4.9409	4.75235	10.7923	6.22949	8.03016	4.6601	6.69159	17.6532	18.6452	8.64486	5.4785	4.16775	5.6452	5.65339	4.21224	4.0351	4.41726	7.87098	11.7212	10.0048	5.35591	6.97476	3.32001	7.21638	6.13729	7.46656	7.59446	4.50067	3.52019	5.15245	5.65339	11.1593	13.2103	9.48804
1.77709	2.32523	2.30503	2.18688	2.5309	3.88935	3.39374	1.50052	1.28749	1.51091	2.30497	1.42575	0.250142	1.63032	1.80328	3.00418	2.00033	1.97678	1.77709	2.12896	2.15805	1.27528	1.63029	2.00033	1.42581	2.46221	2.29828	1.82054	1.6776	1.63038	1.66827	1.28753	1.18642	2.13633	2.21528	1.8461	1.90442	2.37182	2.21528	1.95298	2.4811	2.82782	2.32527	1.74159	1.77709	1.94496	2.83332	2.91474	2.60989	2.40449	2.53095	2.62775	2.62775	2.32527	1.95297	2.2982	3.18543	2.94126	1.45828	1.84604	1.9768	1.77707	1.9768	1.76826	2.40441	2.01591	1.63032	2.30497	2.54929	2.18683	1.80328	1.80328	1.76826	2.18683	2.30503	3.00944	3.57256	6.35134	6.51876	5.39856	4.37102	3.00951	3.1855	3.02491	2.40449	2.65723	3.258	5.29418	7.22	9.43887	19.1133	21.7858	16.6905	17.5014	15.8431	10.9427	12.0781	13.8074	14.296	13.8242	12.0304	9.05537	6.30293	4.75185	3.7758	2.37172	1.00052	2.18688	1.42581	0.884342	2.23631	3.18556	3.64171	6.53758	7.11767	6.48109	5.86737	5.43274	4.79403	3.99601	4.97179	5.23863	4.88062	4.27032	3.18552	2.40449	2.48112	2.12896	2.13625	1.03126	4.25196	16.9952	16.9952	6.87413	3.258	3.98426	4.36741	3.78005	4.26674	3.57703	7.51296	9.35548	5.79855	4.29571	3.39838	3.92127	3.81278	4.03084	4.16732	3.7428	5.68543	6.27326	1.90435	2.30497	6.41156	4.52435	1.84604	3.98426	4.32812	4.36032	4.65965	4.50045	4.59249	4.24109	3.37541	2.48112	3.16103	4.61945	5.64466	5.30605	4.89327	3.98426	3.1855	3.55072	3.72617	4.49358	4.46582	4.1859	4.99667	5.38421	5.24449	4.91537	4.98111	5.30607	5.20899	5.37269	5.12815	4.65965	4.60271	5.19107	4.84549	4.51079	5.24449	5.18812	4.91537	5.0796	5.12815	5.28564	5.40995	5.24449	5.05519	5.20899	5.1432	6.0152	6.08402	5.14323	4.97179	5.73966	5.73966	5.12815	5.37269	5.447	5.85944	6.53764	5.81447	5.67752	6.35155	6.3854	5.81985	5.05519	4.41338	3.13129	2.62766	4.03067	10.6521	9.4149	6.38515	4.92152	3.63742	18.835	20.4949	8.68443	6.28819	4.81668	5.9455	4.76481	4.42395	5.20899	6.91667	9.98613	11.9672	12.5527	9.76243	10.2312	6.63805	7.14548	7.29813	6.61693	6.97383	5.75557	4.19685	4.41325	8.08989	5.53688	6.62876	6.90121
1.9528	2.48086	2.30479	1.80311	2.48086	3.35189	2.84943	1.87937	1.38105	1.58149	2.21495	1.34669	1.13238	2.79433	3.24345	3.90102	3.00913	2.83305	1.9528	1.41464	1.18625	1.03115	0.750308	2.651	1.84586	2.54919	3.16075	2.62754	1.91244	1.66813	1.76815	1.76815	1.58158	1.41464	1.63024	2.8496	2.12884	1.42565	1.03121	1.41464	2.13603	1.50036	1.52105	1.11843	1.59138	2.12875	3.42996	3.02466	2.4043	2.46199	2.87678	2.96222	2.76631	2.37161	2.18668	2.48086	3.51952	3.47055	1.97666	2.48086	2.47458	1.97666	2.30479	1.9528	2.325	1.80306	1.63016	2.40417	3.01941	2.57342	1.60118	1.77692	1.6302	1.84586	2.21495	2.79421	3.25768	5.53621	6.10592	3.00396	3.92105	3.77972	3.51966	3.71319	3.35203	2.60966	2.40417	5.04523	6.55086	6.35304	14.7745	20.025	16.4742	17.4781	19.1691	14.9121	12.4335	12.6068	13.6797	12.5707	10.8844	9.67504	7.95283	5.8695	3.72584	2.15068	0.790939	1.03115	1.38105	1.07569	1.77689	2.53065	2.2361	5.69573	6.41096	4.5549	6.06328	5.68518	4.63248	4.27001	5.39809	6.11643	5.05166	5.07892	2.35831	1.11848	1.27514	1.97658	3.19982	1.76815	6.0272	16.641	16.2229	5.43198	3.43012	4.81625	5.35489	4.52072	4.57865	4.75148	7.08445	7.84808	2.21495	0.500221	2.24989	2.60966	4.8001	4.50005	4.27366	4.06505	5.12753	5.18744	3.42996	3.90102	4.58182	4.35969	4.66228	3.90102	3.57228	3.90107	3.94868	4.5104	4.92119	4.64247	4.02658	4.1966	4.29897	4.49999	4.98981	4.60214	4.5241	4.75148	3.79203	3.02461	3.57221	4.21143	4.75148	4.91493	5.23521	5.43234	5.12769	4.75144	5.0209	5.24401	4.97135	5.30559	5.36359	5.26175	5.18772	5.35489	4.92119	4.42705	4.96818	5.0209	5.07915	5.40946	5.28517	5.28517	5.63331	5.696	5.44652	5.44652	5.36359	6.55347	6.60023	5.5755	5.53377	5.81394	5.73913	5.21149	5.21149	5.21149	5.63331	6.22855	5.91126	5.696	6.24342	5.76335	5.43234	5.81934	5.3318	3.87319	2.45566	3.64114	5.67671	12.1019	2.92518	7.99245	3.18522	18.0258	20.4499	7.78386	6.73849	6.9272	8.64526	7.01295	5.47766	6.51593	8.47509	10.8346	13.7565	14.7264	11.1142	10.3278	8.38683	11.6702	11.6449	8.73442	5.66601	5.15146	4.58855	4.09534	7.67915	7.91603	3.88921	3.82039
3.13069	3.08558	3.2238	3.0856	3.08558	3.19952	2.49941	1.63001	1.74119	1.90398	1.9764	1.51062	1.59123	2.40405	3.63672	3.81205	3.19955	2.8328	2.06909	1.27509	0.353693	2.00005	2.37795	2.70323	3.41142	2.15774	2.94083	3.39326	3.14561	2.6509	2.51194	2.37795	2.12861	1.97648	2.23588	2.74908	3.0856	1.8793	1.58141	2.18646	2.65672	1.90405	1.77673	2.01553	2.2978	2.8328	3.94816	3.88871	4.06463	4.45457	4.58831	4.81896	4.94274	5.15127	5.18718	4.66207	4.79311	4.42653	3.09066	3.39779	3.94823	3.87678	3.64099	3.2479	3.64096	3.8039	3.87276	3.9835	4.07599	3.7462	4.13281	5.44311	5.9212	5.12719	3.4793	3.57188	4.26945	4.67189	5.29024	3.67484	0.395447	0.637626	3.18	4.61857	3.55452	2.62727	2.57326	5.28441	7.09238	6.35013	10.4346	15.3603	15.3754	17.1535	19.1673	15.7289	15.0278	15.8406	16.2843	13.88	12.3338	11.799	9.58489	7.46282	5.86625	3.77933	2.30463	2.23581	2.15764	2.48063	3.39779	3.08558	2.15046	4.90161	5.86859	2.65077	2.83278	4.46496	6.38418	6.64376	5.86889	4.52025	4.96754	5.96241	2.01553	0.884195	1.77673	3.60223	4.26945	3.87258	12.0166	16.2191	11.9229	5.12717	7.36382	7.46282	8.04532	7.94624	7.03195	6.65532	5.26113	4.49248	3.19952	1.38093	3.67502	6.70359	7.39695	7.12504	7.1186	7.36382	8.71267	8.93246	7.0927	5.68998	4.98942	4.58823	4.58814	3.28588	4.07591	5.83979	5.75474	6.38178	8.34786	9.02856	7.63288	5.92379	5.37166	6.12831	6.41059	5.36297	4.4684	5.63274	7.70455	7.85362	6.6806	6.24775	6.65532	6.16343	5.44596	5.86625	6.64376	6.79231	7.09268	6.9265	6.49642	6.77419	6.85527	7.00795	7.25285	7.39695	7.31585	7.03195	7.1636	7.39487	7.70452	7.8594	7.51182	7.2718	7.55236	7.70452	7.75194	7.99213	8.08875	8.65854	8.44195	7.94624	8.28943	8.32601	8.02823	7.48122	7.56855	7.71839	8.01495	8.44558	8.28387	8.01495	8.2563	8.10566	8.28943	8.81134	9.06037	8.96131	8.01308	6.10822	5.52198	11.5313	16.3643	16.7505	11.6044	20.1447	22.0524	11.1799	9.76536	10.4923	11.9233	10.2395	8.8508	8.40232	8.8831	12.699	16.5356	13.7205	6.96178	8.27626	5.67643	11.4084	10.0249	9.67402	10.7135	11.0273	8.32968	5.69542	5.88182	4.97997	3.19952	8.60733
2.15028	2.12103	2.84898	2.53025	2.06891	2.18622	1.74103	1.11823	1.97623	1.74103	1.66773	1.81996	1.67708	1.62986	2.12836	2.30439	1.94442	1.84553	1.23764	0.884095	1.91199	1.77659	1.82004	1.94442	3.63625	1.42539	1.38088	1.62992	1.84558	1.66781	1.91208	1.76781	1.50018	1.58127	1.42539	1.25021	2.0154	2.13574	1.7411	1.77659	2.32458	1.58127	1.45791	2.23561	2.23561	2.23561	3.55406	4.29802	3.29991	3.1847	3.29991	3.74588	3.71257	3.96757	3.9203	3.39297	3.53659	3.37447	1.76781	2.49919	3.98306	2.92462	2.60916	2.40381	2.82703	3.53659	3.64067	3.68734	3.54977	3.53659	4.76675	5.60199	5.33079	4.66167	2.94058	2.87619	4.81836	4.46794	3.94781	2.26333	1.38088	1.60088	4.38376	4.07556	1.52086	1.13217	2.15028	4.3411	6.85435	6.60809	7.58366	9.09747	9.11757	10.6844	14.329	9.31594	8.87737	10.5623	13.545	10.514	7.47652	7.6879	6.34241	4.13245	4.53691	3.90836	3.24761	3.98306	3.67452	3.39739	3.39744	1.82004	1.25021	4.27263	4.63142	3.31861	3.39739	4.94207	6.00066	4.90458	3.64065	2.69141	5.73786	5.4848	1.91199	0.395413	2.62693	3.90823	3.2475	7.98533	15.8386	12.4589	4.74708	4.97973	5.37411	5.20755	5.4313	5.92325	5.35388	4.21063	3.03957	1.42537	2.65054	4.3088	5.31612	5.35388	5.14177	4.97041	4.94231	5.18673	7.24574	7.55164	6.10518	4.30901	2.83255	2.85441	2.94044	2.74869	6.69123	6.53337	4.10607	4.64161	7.38787	7.02477	5.77298	3.87245	3.81171	5.11453	5.01684	3.96755	3.53659	5.56593	6.42677	6.13537	4.55403	5.11453	4.42272	3.62357	3.13042	4.12113	4.85376	4.97041	5.30457	4.914	4.50954	4.92028	4.68816	4.35913	4.45418	4.914	5.18668	4.97041	5.35388	5.64318	5.57439	5.57439	5.20755	5.20755	5.5215	5.35388	5.2105	5.44264	5.44549	5.91017	6.0007	5.3046	5.53272	5.76226	5.74078	5.3712	5.3712	5.3712	5.85779	6.28644	5.98275	5.85779	6.02638	5.85781	5.99053	6.07481	6.02645	6.30608	6.22501	5.48508	5.65132	5.78101	12.9014	11.7289	9.29173	19.0097	22.1031	9.63399	6.55238	6.55005	9.17699	7.03772	5.6841	4.90458	6.97202	13.1352	14.2383	7.48647	1.42539	6.23214	1.62992	9.76407	7.57364	6.0544	7.84508	9.88534	9.95203	8.07488	6.46021	5.51026	6.0007	9.48258
1.38066	1.97602	2.5299	1.51033	1.06077	1.80255	1.45772	0.952071	1.87884	1.62967	1.52062	1.87884	1.62967	1.38066	1.99956	1.76754	0.790672	1.38066	1.13199	1.27479	2.84864	2.15001	1.87894	1.9761	3.31826	1.6007	1.03091	0.637503	1.11811	0.530429	0.728977	0.728995	0.884025	1.11815	0.790705	0.637472	0.395355	0.707222	0.790705	0.790672	1.87884	0.883981	1.59092	2.12814	1.90362	1.91179	3.37404	4.25033	2.2631	1.11811	1.97605	2.96127	2.12081	1.62973	1.34636	1.38073	2.32434	2.79342	1.66763	2.65033	3.87187	1.94421	1.81985	1.67696	2.87589	3.77436	2.87594	3.25682	3.60161	3.5494	3.8558	3.71204	2.83225	3.80318	4.02541	2.23545	3.99427	4.41152	2.87584	1.287	1.13205	1.59092	4.9945	4.12055	0.790672	0.530429	1.97602	3.63587	6.13442	6.36096	7.2511	6.60741	4.65763	7.47536	11.6144	4.67099	4.41169	5.30105	11.6208	8.38413	3.24249	6.18445	6.02046	2.91362	3.57125	3.70792	2.48015	3.8558	5.01622	5.22166	4.07513	0.901498	1.42522	4.58727	4.9666	3.7121	3.64018	5.78011	4.99141	2.37749	3.89991	4.46748	5.60123	4.13559	1.80255	1.50002	3.35094	3.15968	1.41423	10.6313	16.5862	9.11806	1.25008	4.15438	3.00835	3.64029	3.4291	4.06374	3.74543	2.40356	2.52998	2.24938	2.83224	5.08658	5.91977	3.46956	2.83225	2.84872	2.53	2.2974	5.20976	5.30386	2.99798	3.33245	2.69703	3.18428	3.1989	3.37411	7.95395	7.1598	3.35105	3.89995	6.14447	4.41156	4.42226	4.9009	3.15981	4.13188	3.68685	2.40356	3.1843	6.18445	5.52077	2.76549	3.00835	4.61763	2.91362	3.14501	3.55384	3.53181	3.37411	3.04944	3.53622	3.19894	2.69123	3.53181	3.37415	2.76549	2.69123	3.19894	3.53181	2.91362	3.53181	3.72463	3.36026	3.5362	2.91362	2.91362	3.53181	3.53181	3.19894	3.19894	2.91362	4.07518	4.67099	3.1794	2.84872	3.37415	3.53622	3.19894	3.19894	3.19894	3.72463	4.32638	4.07518	3.5362	3.77436	3.7121	3.22319	3.08499	3.08501	3.08501	3.70792	2.62676	5.47593	3.96713	7.82839	1.76758	4.99165	17.754	22.0461	9.70917	5.40789	3.53622	7.7501	5.05003	5.22177	5.37355	5.6507	12.9999	13.8477	7.04567	5.90698	7.3933	3.72474	7.33708	8.19152	6.23149	6.31247	6.1144	5.24253	8.56364	9.77123	7.99062	6.3224	9.97775
2.1858	2.9133	2.84843	1.80243	1.77625	2.29716	1.84523	1.51025	1.80239	1.7407	1.58091	1.66741	1.62953	1.24993	2.2629	2.37061	1.28692	1.41411	0.790603	1.81961	3.24206	2.57247	2.2972	2.62654	2.65596	1.97587	1.34624	1.27474	1.62959	1.24999	1.24997	1.24999	1.66749	1.81969	1.52056	0.883948	0.750072	1.27474	1.18586	0.728931	1.81961	1.84517	2.84843	2.06852	1.94404	1.97587	3.24206	3.91936	2.40326	1.81961	2.57247	3.60122	2.52976	2.2972	2.76525	3.4288	3.80285	3.57094	3.08474	4.02506	4.07486	2.87569	2.76525	3.48281	6.0303	6.57681	5.68302	6.40884	6.77006	5.57337	4.0749	4.79172	5.82494	6.47331	7.70832	5.68302	2.40335	5.28877	3.80271	1.45763	2.32417	3.24221	4.84313	4.63059	2.15714	2.12802	3.00801	3.85547	4.79809	4.81421	7.63843	7.34278	5.64202	8.87363	10.8922	7.71626	7.60471	7.50967	12.6955	10.3889	5.67486	7.39266	7.56627	5.12574	5.04974	5.64202	3.81098	4.81762	6.51337	6.34837	4.58687	2.60855	2.85386	6.07343	7.76334	6.54173	4.81442	3.24687	3.17912	4.16536	5.90904	6.76997	4.67068	1.03077	3.03899	3.25659	3.17912	0.883903	4.32609	12.597	14.4727	5.36129	3.08979	5.46696	4.66078	6.11409	7.11663	7.84359	6.95985	5.51768	4.90047	4.86562	5.28316	6.69702	7.6085	5.85663	5.04974	5.30358	5.04364	4.76595	5.46696	6.02507	4.91306	6.27064	5.64217	4.58704	4.67068	5.01588	6.89993	6.68996	3.35065	4.4253	5.85656	5.08924	3.71186	5.81712	6.36074	5.40742	5.11659	4.42536	4.68726	6.97069	6.36055	4.98813	5.85675	5.30358	4.35827	5.38169	6.27064	5.92214	5.73969	5.53164	5.37017	4.97877	4.90047	5.57332	5.46707	4.90364	4.84329	5.30358	5.57332	5.20655	5.24203	5.08937	5.25966	5.6421	5.20655	5.05282	5.35286	5.52045	5.20951	5.14079	5.12574	5.94285	6.05325	4.97877	5.07722	5.57332	5.69384	5.4416	5.53164	5.60097	5.73969	6.39917	6.32185	5.4416	5.56498	5.73697	5.4416	5.67486	5.77188	6.38004	7.55028	6.49227	7.36179	7.47916	3.22285	5.98396	6.40881	18.1227	24.5399	14.4145	9.48105	7.5905	8.51286	6.67875	7.96693	7.70837	6.24607	10.71	15.8642	8.54658	6.47326	8.68061	7.99939	3.57094	7.27996	9.18494	7.89558	5.90629	5.83817	9.15074	12.9353	15.7749	14.9086	13.4438
2.49852	2.29688	2.26266	1.1179	1.97568	2.83171	2.52956	2.54799	2.46083	2.14966	2.12042	1.94386	1.77606	1.6004	2.69062	2.69062	1.24985	0.559028	0.728864	2.87535	3.81051	2.67323	2.12775	2.06079	2.29699	1.76726	1.03073	1.38049	2.01486	2.74807	2.79305	2.37708	2.01486	1.81953	2.01486	2.40317	2.37708	2.01486	2.06079	2.54799	2.9131	2.30373	2.69062	1.60043	2.67328	3.77375	5.14024	5.12517	3.63961	3.57061	4.23872	4.05919	2.79302	3.18378	4.13128	4.96902	5.53118	5.29148	5.12529	6.29205	7.47847	8.8749	9.76955	8.93102	8.22372	7.72538	7.74913	8.09517	7.32782	6.84385	6.6529	7.92595	9.22049	8.01018	8.34483	8.0253	7.17597	7.93548	5.60041	3.18381	3.00771	3.22261	5.81378	5.83762	4.49108	5.25928	5.20609	4.64029	4.07443	2.85357	5.38088	6.35993	6.87055	10.0122	12.5718	11.8907	9.11695	8.1625	12.7346	12.7208	5.70666	4.91239	6.01175	5.44397	5.60047	7.08997	6.73541	6.5903	8.14547	7.94294	5.33488	5.01833	4.61665	8.71082	9.41773	4.27166	2.06066	3.4825	5.85624	7.41697	9.09195	7.95862	4.90321	3.37354	1.34612	0.39528	1.45744	2.46072	7.14145	10.3328	8.85216	6.24546	5.96053	5.56446	3.7407	4.26436	6.6897	10.4728	13.1643	12.3769	9.67053	8.4426	8.90385	9.96124	10.5593	9.81703	9.47397	9.37964	8.56925	8.07265	7.31318	6.18595	5.11307	5.62249	8.32486	8.82706	9.25332	10.5594	9.1714	5.66336	4.1311	6.53148	7.60788	5.63067	3.94676	4.5765	6.98351	7.7393	6.54115	5.53115	5.67436	7.90658	8.60429	8.37396	8.80646	7.58196	7.00537	7.54961	8.18492	8.73912	8.42817	7.5658	7.17809	7.32782	7.36321	7.46827	7.31318	7.25022	7.38602	7.39426	7.39218	7.26916	7.32782	7.23539	7.50902	7.5718	7.26916	7.3174	7.62406	7.86622	7.65605	7.71558	7.50909	7.8952	8.32657	7.74913	7.4785	7.7981	7.93566	7.89527	8.17001	8.19047	8.6309	9.31179	8.9563	8.4695	8.47663	8.28085	8.17001	8.28092	7.80208	8.6327	11.1521	12.29	10.6299	10.0408	8.25333	6.74424	6.2031	9.49901	23.1416	21.0951	14.8119	11.5591	11.2618	10.2884	8.40471	5.36111	5.23275	6.34773	14.4445	11.6935	3.17881	9.0904	12.2264	9.1714	6.6895	9.04815	8.44202	5.04286	5.29116	6.06516	7.2286	6.05256	7.0054	7.54952
1.06047	0.999807	2.21371	1.66709	2.5476	3.01772	1.80208	1.58067	1.50996	1.60027	1.95167	1.59048	1.77589	1.59048	2.37015	2.5476	0.395244	0.883756	1.41383	3.40981	3.85473	2.12757	1.97549	1.76709	1.58067	1.18563	0.749928	0.749928	1.28667	1.97555	2.12761	1.76714	1.27449	1.11784	1.27449	1.6293	1.52027	1.24975	1.6293	2.29676	2.06812	1.11784	2.15662	2.13483	2.70196	4.11948	4.94967	3.89886	2.91281	3.88689	4.06263	3.00745	2.32373	2.83146	3.3547	3.54841	3.68593	3.63501	4.07412	5.46594	6.88096	8.84658	8.9487	7.46751	4.52152	5.53323	5.25866	4.8167	3.96603	4.13466	4.94042	6.69575	8.1073	5.01192	5.63822	4.70613	5.08542	6.02915	3.74033	3.04859	1.60027	3.18332	5.59691	4.15322	2.69627	3.80212	3.6393	3.4281	3.53083	2.52928	3.00219	2.69038	3.70689	5.81588	7.29354	7.77772	6.76868	5.73587	10.02	14.3935	8.63138	3.3915	2.57198	3.00232	3.98163	5.22032	5.13983	4.66979	7.89414	8.10722	5.9078	6.53317	6.60558	11.6125	8.32362	3.18332	5.46584	5.12468	4.79741	6.23988	7.14092	4.55229	3.74444	4.09309	3.57464	2.87509	1.49952	4.1194	8.80683	6.20256	4.0588	5.35184	3.88698	3.63925	1.91135	3.01772	5.01483	6.53345	9.23447	10.7971	7.96542	5.85563	5.99081	6.37629	8.12416	7.65515	7.00465	6.78914	5.99855	5.48299	5.18475	4.29651	3.5702	4.91827	5.85558	6.72334	7.96542	9.48082	7.70295	5.36055	4.24928	8.4808	7.51417	4.62989	4.35744	4.11955	4.32526	4.65657	4.13466	3.77338	4.29287	7.14079	8.77078	6.62441	6.02416	5.6738	5.51663	5.81064	5.69276	5.57231	5.38066	4.89954	4.97782	5.46602	5.13983	5.07625	5.1847	5.13983	5.14886	5.04878	5.13377	4.97782	5.20851	5.30257	5.56391	5.39206	4.97782	5.05185	5.57226	5.81064	5.44056	5.5999	5.13983	5.90791	6.7232	5.38066	5.12476	5.90791	5.57226	5.44056	5.79473	5.5999	6.36186	6.96949	6.40759	5.90798	5.99081	6.19286	6.07245	5.59715	5.04267	5.73859	6.93875	8.56658	8.02449	7.113	6.79588	5.18475	2.89662	1.45731	12.8783	20.2659	15.2087	10.0111	8.09422	7.08939	5.77078	3.35011	2.62603	3.00745	9.35732	13.7508	10.0079	7.39346	9.84037	8.42351	4.19423	6.70016	7.83402	4.61625	4.41029	5.04858	8.66474	8.43243	3.57025	3.49534
1.62912	1.52014	1.84463	2.21348	3.08874	3.08874	1.42468	1.11774	0.951754	1.24959	1.67627	1.42468	1.62908	1.07498	2.06027	2.26223	0.353492	1.11769	1.11769	3.25546	3.37275	1.13156	1.38013	1.62904	0.637228	0.249967	0.558921	0.883701	1.06037	1.11769	0.637269	0.951754	1.18553	1.03053	0.728724	0.790414	1.27438	1.62916	1.97538	1.90298	1.27438	1.13163	2.01437	2.1564	2.37646	3.67273	4.3067	2.49793	1.58044	2.89632	2.79233	1.84463	1.62908	2.13461	2.3032	2.79233	3.29822	5.04827	8.87144	11.7486	10.2471	5.77018	1.28655	3.67273	2.14925	5.07557	3.90634	2.18523	1.62912	1.6001	2.65522	5.941	6.12463	1.34586	4.18252	2.67277	2.64942	3.18308	1.11774	2.26223	0	3.37275	6.1019	4.16392	1.60012	1.84463	1.28655	2.65522	3.359	2.46036	2.47924	2.64933	2.8312	2.91245	2.85303	3.87439	4.62917	3.39114	7.33429	14.2719	10.578	4.07365	2.47294	1.38013	2.62565	2.49799	1.94349	2.939	6.72229	6.9817	5.18396	7.17414	8.0781	12.0758	6.84437	5.941	7.29262	5.28739	3.1832	4.26703	4.02378	1.42471	2.46025	2.30326	2.70169	3.7893	2.1492	5.04806	9.25102	3.75222	1.11774	3.08372	1.66702	3.02266	2.79251	3.88649	5.52982	3.55233	1.27438	7.00807	6.74296	3.39137	3.77303	4.23788	7.23362	5.95907	3.42778	3.12893	3.00206	2.75886	2.84772	3.15865	3.42778	5.46528	4.35684	2.37662	5.04812	7.2842	4.27084	4.53476	3.08384	8.57415	7.08835	2.01448	2.87487	3.02266	3.22192	2.32351	2.6258	3.08384	3.3958	5.76992	7.47252	4.16392	2.12743	3.15865	3.34981	3.88251	3.1782	2.57181	2.85316	2.92324	3.39588	3.35902	2.46036	3.18311	3.53049	2.74182	2.45404	3.08384	3.5349	3.02266	3.18311	3.37289	3.88649	3.72323	2.8312	2.84766	3.70653	4.06222	3.22199	3.02266	2.79248	4.44145	5.08776	2.85316	3.12893	4.26703	3.88251	3.42778	3.35902	3.18311	4.11907	4.74811	4.07365	3.39588	3.56992	4.05841	3.88649	3.08384	3.08893	4.06224	4.06222	3.28422	5.87849	5.56326	3.68559	3.55253	3.12401	6.42358	6.70657	18.7526	15.1425	10.0965	7.05389	4.15293	4.11907	3.1782	2.69604	2.76448	6.15963	12.4952	13.2842	7.65412	5.98996	8.02338	2.84772	5.40567	6.37784	4.20838	4.03146	4.35684	7.36134	7.27782	4.4968	5.32795
2.67251	2.49784	2.46011	3.00685	3.42737	3.29792	2.12716	1.66685	1.38008	1.42457	1.62892	1.62892	1.59994	1.42457	2.18496	1.5803	0.7903	1.11759	1.28639	2.79209	2.99642	1.6289	1.34567	1.66677	1.11759	1.03042	1.34572	1.27425	1.34572	1.42457	1.18541	1.49931	1.87806	1.87806	1.62899	1.58036	1.91098	2.69576	3.24097	3.14353	2.87464	2.89621	2.85287	1.97515	1.97509	3.12352	4.74436	3.9455	3.19743	3.1828	3.46793	3.35406	3.08356	3.39554	3.91798	6.69447	10.1521	11.4311	13.2605	13.657	10.751	6.92195	3.1828	2.67247	4.78995	5.64809	4.76402	4.13007	3.75208	3.73961	5.5071	7.38366	5.47337	3.24575	4.68547	6.60466	6.68774	3.87022	1.42457	2.303	0.637203	3.42732	6.83029	5.85426	4.29569	4.5988	3.39102	2.84738	4.59867	4.73151	4.13387	3.42744	2.87459	2.479	2.95988	4.0311	4.4235	3.87005	5.9971	12.0491	9.9731	6.02294	5.66173	4.26294	4.4235	3.94562	3.39559	2.87459	5.53208	6.51308	4.98907	7.60346	8.5663	9.72618	7.50684	10.8884	9.55496	5.52953	4.45162	5.76961	4.5785	3.40928	3.59992	3.25529	3.68511	4.38124	0.883586	5.67246	7.00299	2.79211	1.91098	3.37256	3.33088	4.63895	5.39397	6.06372	4.93937	3.1974	2.7922	6.12427	9.61457	8.00784	8.32057	7.71333	8.2489	7.22676	5.13883	5.3595	5.50441	5.64002	6.61392	7.6995	7.13968	6.11167	5.1116	4.2631	6.18418	8.93825	6.87979	8.60197	5.98199	8.32391	7.34413	3.94567	4.97687	4.88911	4.52065	4.29569	4.84144	5.32774	4.74782	6.07874	6.85943	5.46479	4.24121	5.28701	5.23122	5.18371	4.74782	4.81578	5.3595	5.57125	5.51558	5.04781	4.74785	5.40535	5.5712	5.13885	5.18376	5.3595	5.13883	4.97687	5.40535	5.46498	5.51834	5.30154	4.81578	5.07528	5.63995	5.63995	5.04781	5.04781	5.12379	6.25096	6.72192	5.68085	5.76968	6.19168	6.36065	5.98711	5.75095	5.52953	5.76961	6.52033	6.11167	5.59883	5.85446	6.29022	6.34616	5.83341	5.86239	6.14936	5.5712	5.57125	8.22685	8.53646	7.07293	7.02734	6.24369	9.62855	9.3431	20.6857	17.1698	12.0262	11.0564	8.60016	6.5696	5.51558	5.39397	4.87646	4.77372	8.33658	11.5888	12.5364	1.18536	8.19524	6.05867	5.76961	4.87628	3.55202	2.87449	3.72282	8.322	8.00744	4.89838	6.78754
3.00659	2.93863	3.72266	3.85375	4.06147	4.06147	2.85262	2.12702	2.26195	2.45357	2.40221	2.84711	2.9597	2.76395	1.67602	0.499828	1.80157	1.80157	2.12696	3.04765	2.91189	2.01399	1.11747	1.37987	1.97489	2.01406	2.15613	2.01409	2.06	1.975	1.975	2.3029	2.49762	2.51006	2.6253	2.37617	2.13432	3.08325	3.71011	4.1634	4.86334	5.12337	4.90134	4.49625	3.87388	4.06147	7.54644	9.82385	9.87438	9.08697	9.24983	9.39854	7.94612	7.39145	9.30828	14.9073	17.2347	11.7113	5.11412	5.47265	0.637106	4.32392	5.21884	6.72148	7.89221	7.22625	7.61111	8.63639	8.95469	7.71664	7.37687	7.57282	6.28965	5.52904	4.40928	5.1384	6.49158	6.73279	5.18324	4.73109	4.35624	4.58476	8.11609	7.58474	7.13891	7.79912	7.36041	5.95826	7.06781	5.67219	5.14743	4.30616	3.47669	3.40897	3.91761	5.33284	5.64751	5.29807	5.87737	9.85096	7.45883	2.45978	5.05014	6.84078	7.38897	5.90624	5.91678	5.7772	5.68023	5.90345	4.73083	6.60364	7.24084	11.2722	13.7289	13.124	8.60131	5.48147	5.28068	4.68505	2.3029	1.97492	2.87419	3.12821	4.24066	4.35597	1.28626	5.18297	4.10313	3.80105	4.24089	5.50393	6.51284	6.73279	6.611	6.54574	5.62035	4.7474	3.96491	4.40928	8.25017	10.6344	10.661	9.32941	10.3482	9.36153	7.17536	7.31041	7.70083	8.20594	9.16794	9.66689	10.0192	10.5201	10.1084	8.14459	7.50614	7.97063	7.04176	10.2788	13.3936	10.6273	8.07686	6.45594	6.6986	6.6986	7.32503	7.56293	7.56293	7.62722	7.52047	7.75393	7.03522	5.68014	4.94824	5.18331	6.93021	7.08742	6.6986	6.92134	7.31041	7.5569	7.5569	7.21575	6.93021	7.15826	7.31666	7.21575	7.41623	7.45728	7.2664	7.39145	7.62117	7.54474	7.62117	7.62117	7.56293	7.47566	7.56893	7.63514	7.56293	7.80106	7.89227	8.54286	8.60118	7.94991	8.32352	8.62763	8.18175	7.71266	8.1315	8.27778	8.47878	9.09845	8.66264	8.18737	8.47342	8.86469	8.85959	8.56422	8.4232	8.57304	8.80997	8.61009	9.56363	11.038	9.76587	9.66535	10.6232	12.7805	12.8911	23.579	25.4856	19.1	16.0287	13.3499	10.2918	9.62796	9.29056	8.45018	7.65314	7.93247	7.34339	11.2347	4.62835	4.02315	7.89227	8.80997	8.40153	7.23264	6.76914	7.22625	9.98272	9.1461	5.64751	7.83182
2.49728	2.47853	2.45964	2.35614	3.42671	3.56883	1.91061	1.49902	1.90242	2.05979	2.23397	3.17729	2.91169	2.1559	1.42428	1.90236	1.80139	1.80139	2.1194	2.91162	2.52825	1.24923	0.395093	1.42425	3.00621	2.0138	1.42432	1.66653	1.51969	1.34547	1.62865	1.84416	1.74872	1.66653	1.66653	1.66653	1.50938	3.08287	2.84683	3.01667	3.33024	3.37199	3.28324	3.24515	3.00636	3.0063	9.55127	11.8287	7.93184	7.08672	8.43484	7.85277	6.29638	5.62795	8.24734	14.9113	11.855	8.63706	3.12292	5.63873	2.79158	2.4532	3.14293	6.06256	5.44134	5.50605	6.70465	7.65224	6.64969	5.67161	5.12272	6.39543	5.18567	4.93841	2.3228	2.30256	2.52833	5.50605	5.53121	4.35579	4.32361	3.52948	7.7999	7.7784	6.78857	4.62807	5.3671	5.67164	5.87691	3.3162	2.89566	3.24515	3.08802	3.12802	3.72221	5.0467	5.13167	4.9851	4.96336	8.33503	7.02567	2.29584	4.89744	8.28204	9.13694	5.76839	4.18153	3.9996	4.15173	5.18558	3.46727	3.7221	4.65479	8.43853	9.30905	6.34744	4.35577	4.13307	3.94491	1.99834	1.27394	2.29579	4.74675	4.63799	3.54702	2.2616	2.57099	3.8168	1.62861	2.5098	3.39037	4.11426	4.98835	5.13785	4.1926	3.55149	4.06116	3.57329	2.52833	2.83038	3.96453	6.16071	5.72841	4.76322	8.25468	7.00631	5.12283	5.56179	5.12283	5.3585	5.85332	5.63887	5.95764	8.11566	8.13067	6.58712	5.30052	4.9851	7.70364	8.43655	10.1074	8.66181	5.73369	5.99609	4.41934	4.79553	5.51729	5.67161	5.51453	5.08347	5.18277	5.25665	4.41222	3.85326	4.65459	4.42272	5.23903	5.08347	4.65477	4.96346	5.13181	5.04685	5.08347	4.98835	4.55055	4.91652	5.21833	4.73061	4.81166	5.04992	5.20357	5.30055	5.3498	5.40432	5.57013	5.57013	5.3671	5.12281	5.59772	5.93945	5.59776	5.59776	5.67161	6.45288	6.22266	5.40432	5.75787	5.91873	5.40432	5.18272	5.46394	5.67161	6.2375	7.06712	6.48847	5.82964	6.28902	6.40515	5.95759	5.74985	5.71493	6.08028	6.95591	6.26706	6.18059	7.48092	6.46957	6.1307	7.74539	9.55626	10.9612	16.7377	24.8834	18.583	14.7672	12.1601	7.88557	6.68647	6.60341	6.345	5.95764	6.59399	5.29756	6.92916	6.60307	3.68441	5.67968	6.73211	6.2005	4.98835	5.59772	6.65881	7.45424	7.46436	5.01596	7.47459
1.90216	1.91032	1.34528	1.07457	2.89521	3.14244	0.790111	0.999389	1.05996	0.706686	1.11726	2.40163	1.13112	0.790111	2.40166	2.62465	1.05996	1.28601	1.50917	2.26136	2.12646	0.728421	0.637025	1.67562	3.42631	2.21263	0.900835	0.728445	0.790111	1.45665	1.45665	1.05996	0.499732	0.728445	0.900835	1.03014	1.50924	3.01626	2.40166	2.12652	1.97459	1.74856	1.66638	1.7663	2.12661	2.70073	11.0421	11.6007	2.29562	1.97462	3.96397	1.51946	2.06705	3.54667	7.56714	15.1519	7.50444	9.70637	6.37317	6.33456	4.58389	3.22075	3.53355	3.70512	2.2477	3.08253	6.00817	6.955	4.33758	4.77235	4.07209	5.9568	3.54667	5.04614	3.47584	3.01626	3.77149	4.05686	4.7463	2.0136	3.00589	2.30232	8.32141	8.70413	5.98768	1.97451	1.27381	1.97454	2.8737	0.999389	1.28606	2.01371	1.87753	2.1192	2.91133	4.42221	4.65411	4.41869	3.94434	7.03147	6.97905	2.74068	4.68395	7.7619	8.35596	5.51658	3.57295	3.12281	3.94434	5.51373	3.9445	4.36245	4.26191	4.46076	3.78807	2.95913	1.76624	0.499732	0.728445	1.24911	2.29556	2.68907	5.0827	3.96394	1.66628	0.883303	2.12646	2.68907	1.66638	1.81848	2.13391	3.39457	4.0722	4.90981	5.98799	5.39247	3.62048	2.87384	2.8954	2.87377	3.02145	2.6542	2.79144	2.87384	6.00817	3.57275	1.87753	4.29073	3.15744	3.88515	4.57721	3.91687	3.0215	5.25601	4.24001	4.87501	3.63756	3.53352	7.74423	8.94397	3.32995	6.34422	2.695	5.13711	2.47829	2.8246	3.01626	2.91133	2.84657	2.5281	2.62476	3.19652	3.17699	3.5988	4.90958	4.74627	3.12762	1.67569	2.3024	3.04706	3.3945	3.00601	2.45942	2.62476	2.695	3.35774	3.56848	2.84657	2.91143	2.74077	2.87377	3.0215	3.35771	3.35771	3.35771	3.53352	3.19652	2.91143	3.89695	4.29073	3.19652	3.19652	3.19652	4.29073	4.29073	3.52914	3.52914	3.3716	3.56856	3.54672	3.17699	3.00082	3.91679	5.13115	4.29073	3.19652	4.07209	4.23626	3.897	3.5989	3.31591	4.09114	4.58725	3.39007	4.62766	5.98785	5.1373	3.50276	3.22075	4.88748	8.52303	5.01546	20.5231	15.8113	13.2431	11.3337	4.83987	3.39464	3.18198	3.34853	2.84663	3.9444	3.19647	6.01589	8.70419	6.16245	4.43976	4.23985	3.24484	4.96617	7.54522	7.17179	6.04923	6.57223	5.07363	7.02495
1.94255	2.32235	2.64807	2.21254	3.04678	3.40785	1.67553	1.87734	1.91025	1.81829	2.01347	2.14818	0.353322	1.07447	2.62441	2.40144	1.45651	2.12634	1.62834	1.90199	2.60655	1.59935	1.66621	2.12634	3.08226	2.36879	1.07449	1.18495	1.67553	2.01347	1.66621	1.42405	1.5194	2.12639	2.40154	2.37546	2.60666	3.35277	3.5288	3.42613	3.24451	3.12248	3.38972	3.96378	4.65391	6.14701	13.7413	12.0192	5.12186	4.57341	4.74599	3.72156	4.36563	6.69657	10.5168	17.0228	6.86596	10.4025	4.40781	3.08226	3.47998	4.02203	7.08533	7.15618	5.67869	2.93776	8.01202	8.86693	5.04589	6.85708	8.72455	8.00471	4.96566	6.31689	4.59691	4.23221	3.56815	3.01599	4.6537	3.40785	3.08729	2.45273	9.32622	9.32462	4.42181	1.07447	1.37955	5.11268	5.95646	5.42612	4.40798	3.50239	3.37134	3.63719	3.5682	4.74586	4.79447	4.07166	4.58336	6.00764	6.47279	4.44971	4.62705	5.25545	6.07643	7.28939	6.84817	5.88375	8.70337	9.77949	6.6299	5.59395	5.18178	7.00069	7.57686	5.63787	3.28262	1.73943	0.883247	1.67547	3.08228	3.19617	4.88704	3.78752	1.59933	1.24901	1.97439	3.12742	3.25409	3.72156	4.88724	6.95456	8.24778	9.39582	10.0892	8.80226	6.87718	5.97971	6.37519	6.82803	6.45887	5.74876	5.61597	6.34623	5.97705	5.12171	4.26147	4.83952	4.23959	5.51348	6.84144	6.48968	6.06902	7.39742	7.00498	8.32109	8.92504	7.27479	7.60273	10.1007	6.48724	8.59691	6.30735	5.31105	4.58683	4.65388	4.46031	5.12174	5.18173	5.03979	5.4403	5.51348	4.88724	5.18468	5.98726	5.81254	4.70343	4.26512	4.4949	4.91558	5.01205	4.46031	4.41849	4.81074	4.93759	5.20553	5.13083	4.68368	4.65388	4.96566	5.27913	5.12183	5.34878	5.34878	5.51624	5.68406	5.36607	5.35746	5.85221	5.73259	5.07334	5.29954	5.20553	6.04864	6.42065	5.6895	5.23803	5.51624	6.01556	5.59395	5.20553	5.23803	5.73259	6.85919	6.45166	5.82853	6.35823	6.35823	5.85223	5.75677	6.06902	6.69661	6.67367	6.19932	7.07024	8.76087	8.98232	7.41406	6.12953	6.04864	8.59843	4.79461	20.3514	17.4811	14.829	13.6208	7.72813	7.11765	6.30008	6.15703	5.35748	5.08548	4.87453	8.3354	11.8527	7.72813	5.2879	5.8099	5.68406	6.89491	8.02175	7.50399	8.17938	8.67405	6.78747	6.96539
2.23334	3.35707	3.54604	2.37526	2.47779	2.76274	1.11705	1.07439	1.73928	2.05921	1.57962	0.176646	1.57962	1.80088	2.95844	2.67119	2.18397	2.32217	1.81813	2.47782	3.39385	2.35547	2.05921	2.52759	3.35707	2.82406	1.90189	2.1335	2.45895	2.29523	2.30202	2.6479	2.79091	2.79091	2.75727	2.75727	2.54604	3.70441	5.1122	4.90887	4.50483	4.79424	5.81218	6.93419	9.62584	13.8743	17.5356	14.0873	12.4656	14.6852	13.6085	10.4236	8.4649	9.41094	11.5016	12.8163	0.999197	8.80607	4.26087	2.84597	7.3386	7.38858	8.59796	9.62584	10.465	10.4493	12.3899	11.5029	10.8233	14.6609	12.5394	7.89893	5.14546	6.87632	6.18876	4.33675	1.28581	2.26093	3.5721	4.2318	4.78767	4.36162	9.85795	8.03769	2.84597	2.76289	2.68856	4.48733	3.24402	1.27365	2.37526	3.47984	5.47091	7.02405	6.82743	5.68355	4.77144	3.74187	4.74536	5.35668	5.28419	5.12106	4.20597	3.25365	3.72115	4.41097	3.94374	3.08207	11.3681	12.0776	3.39393	4.23927	3.96343	2.45883	2.1335	3.9634	4.02161	3.00025	1.67537	3.00541	3.5678	3.37091	4.96188	4.98366	4.02935	4.20624	4.73585	5.52977	5.61548	6.06849	7.0847	8.80135	10.0645	10.4692	9.78673	9.66325	10.5176	10.4992	9.41106	8.90223	9.00512	8.90223	8.84093	9.4589	9.86462	8.78428	7.54188	7.62429	7.38865	7.40512	8.17866	8.8015	9.28218	8.65936	6.95393	6.92758	9.32589	10.8631	11.4672	11.5068	8.16367	9.32426	13.3723	12.209	8.93607	8.16382	8.42001	8.49876	7.77461	7.24471	8.01167	8.32037	7.46878	6.53617	6.73924	6.54543	6.06843	6.76432	7.35762	7.00005	6.62931	6.45115	6.54558	6.93419	7.0306	7.32225	7.54188	7.02405	6.69605	7.30763	7.7981	7.83899	7.92965	7.85059	8.08904	8.16195	7.9469	7.74325	7.93155	7.86026	7.38865	7.4626	7.41134	8.10213	8.55024	8.09658	8.03631	8.24705	8.47557	8.56098	8.99	8.75153	8.47557	9.138	8.70291	8.48275	8.86135	8.63313	8.09658	8.01167	8.24708	8.85625	8.93607	8.56098	9.0436	10.7515	11.9164	11.435	11.9461	11.6462	10.2573	8.19172	19.2187	22.7531	19.7924	15.5407	11.5072	12.215	11.3153	10.1401	10.6192	11.5507	10.938	9.97923	10.2787	4.43898	4.54928	6.529	6.24801	5.59614	5.63718	6.1588	7.82133	8.76351	8.39835	9.5929
1.42377	3.47487	2.52728	1.07428	1.27345	2.12587	1.02978	1.24873	1.3449	0.900573	0.558525	2.01303	2.06653	1.66589	3.18091	2.87288	1.62802	1.42373	1.24877	2.32191	2.95818	1.58926	1.11698	2.14777	3.25335	2.47758	1.7391	1.8007	1.8007	1.84346	2.06653	2.059	1.76578	1.27352	1.18472	1.42377	1.37929	3.57178	5.40209	3.59785	3.15651	3.73746	4.35411	5.2985	9.45133	12.5565	12.525	9.97217	10.2271	12.7427	11.6905	8.56174	5.00809	6.69065	8.29548	5.36768	3.68311	3.63633	4.93652	6.39308	10.3791	5.79032	5.81936	7.03188	7.13561	8.70734	10.9082	10.485	12.3497	11.5828	9.47679	3.63223	3.37063	5.011	4.46289	2.87294	1.28568	2.18376	3.54566	3.08176	4.41055	4.46289	9.74541	4.84804	1.34495	2.95826	4.62617	4.26418	4.94593	3.51496	1.8434	3.63638	4.80976	5.56801	5.39089	4.26795	3.35677	3.08169	4.33613	5.13568	4.35393	4.11626	3.63207	2.57001	2.75684	3.03593	1.87688	2.62388	10.3876	10.6204	5.63679	5.86167	5.56801	5.99381	4.02111	0.636836	3.12673	3.39349	1.51911	3.00513	2.7399	3.08167	5.27791	5.68282	3.51496	3.15651	3.32897	3.74993	4.02126	4.45946	4.98327	6.73849	7.96687	6.486	5.75568	6.15837	7.37965	7.4884	6.22038	4.65633	4.88631	5.59289	6.10071	6.10071	6.30618	5.88263	5.52637	6.61937	6.48845	6.01441	6.39308	5.91648	5.9165	5.35643	4.07101	3.70825	4.7872	6.4505	8.53878	7.82057	6.15821	7.00365	10.0203	10.5505	7.09266	6.23513	5.76638	6.12078	5.46186	4.65302	5.76631	5.74766	5.18079	4.0251	5.13577	4.78715	4.42103	5.28678	4.96471	4.35413	4.83859	4.96157	4.65299	5.0142	4.83866	5.13589	5.40226	4.98645	4.88631	5.42502	5.46186	5.43926	5.52637	5.56801	5.80621	5.85109	5.59563	5.13591	5.63672	5.85109	5.27812	5.34776	5.20454	6.04748	6.50954	5.73422	5.90348	6.12078	6.31584	6.2179	6.52848	6.10071	6.17824	7.03841	6.37144	5.90084	6.23513	6.23513	5.82742	5.75568	5.79032	6.35702	6.24007	5.9165	6.29888	7.0689	8.29568	7.59952	8.62529	8.33228	6.84014	6.69534	12.4041	21.4342	21.2157	13.2265	7.09266	8.5601	9.02921	7.3215	8.2738	9.57324	8.70734	6.06787	5.74742	4.16117	2.82929	5.21623	4.96147	4.08996	5.4702	6.39299	6.65613	5.67744	5.33039	8.41714
0	3.4923	1.99726	0.998936	0.998936	1.99726	0.998936	1.49821	1.49821	0.499506	0.998936	2.49601	0.998936	0	2.99438	2.49601	0.499506	0.998936	0.998936	1.99726	2.49601	0.998936	0.499506	1.99726	2.99438	1.49821	0.499506	0.998936	0.998936	0.998936	0.998936	0.499506	0	0	0.499506	0.499506	0	3.4923	5.47795	1.99726	0.998936	1.99726	1.99726	2.99438	8.43044	9.40545	6.95884	6.46615	6.95884	4.98259	5.47795	6.95884	0.499506	4.48648	6.46615	1.99726	1.99726	0.499506	2.99438	4.98259	8.43044	0.998936	4.48648	5.9725	0	0	5.9725	6.95884	9.89093	1.49821	9.40545	1.49821	2.49601	3.4923	2.49601	2.99438	0.499506	0.499506	2.99438	0.998936	2.99438	2.99438	8.9186	2.49601	1.99726	1.49821	4.48648	2.49601	2.99438	2.49601	2.99438	4.48648	3.4923	2.99438	0.499506	0.499506	1.49821	2.49601	3.98969	4.98259	3.98969	3.4923	2.99438	2.49601	3.4923	2.99438	1.49821	2.99438	9.40545	8.43044	0	0	2.99438	4.98259	4.98259	0.998936	2.99438	3.4923	0.998936	1.99726	1.99726	2.99438	5.47795	5.47795	1.49821	0.998936	0.998936	0	0.499506	1.99726	2.99438	5.47795	6.95884	3.4923	1.99726	0	0.499506	0.998936	2.99438	0.998936	1.99726	1.99726	1.49821	0.998936	1.99726	0	1.99726	3.98969	0.998936	1.99726	3.98969	2.49601	1.49821	0.998936	0.998936	2.49601	3.98969	3.4923	3.98969	2.99438	3.98969	5.47795	1.99726	4.48648	1.99726	2.99438	1.49821	2.49601	1.99726	0.499506	3.4923	1.99726	1.49821	0.499506	3.98969	3.4923	3.4923	4.48648	1.49821	0.499506	2.99438	2.49601	1.49821	2.49601	0.998936	1.99726	2.49601	0.998936	1.49821	2.99438	2.49601	1.49821	1.99726	2.49601	2.99438	2.99438	1.99726	0.998936	2.99438	2.99438	1.49821	2.49601	1.99726	3.4923	4.48648	2.99438	1.99726	2.49601	3.4923	2.49601	1.99726	0.998936	2.49601	4.48648	3.98969	2.99438	2.99438	2.99438	1.99726	1.99726	2.49601	3.4923	2.49601	1.49821	1.49821	0.998936	4.48648	0	1.49821	0	0.998936	3.4923	5.47795	19.6693	21.4211	11.8179	0.499506	0.998936	4.98259	1.99726	2.99438	2.49601	0	0.499506	3.4923	4.98259	2.49601	4.48648	3.98969	2.49601	4.48648	4.98259	5.47795	4.48648	3.98969	6.95884
1.87662	3.24314	2.13279	1.24853	1.24853	2.13279	1.59872	2.12551	1.58895	0.249749	1.34464	2.45179	1.11673	0.950927	2.92059	2.45179	1.05945	1.41248	1.41248	2.23261	2.36788	1.11673	1.05945	1.90126	2.75631	1.76535	1.05945	1.41248	1.41248	1.23598	1.24851	0.9004	0.882931	1.13065	1.02963	1.07407	1.4235	3.24314	4.85979	2.75631	2.11818	2.64705	2.65291	4.14926	9.62735	10.03	7.88283	8.12577	8.39023	6.15952	6.65487	7.95	2.37455	4.90727	6.30469	2.5268	2.56958	3.0355	4.2887	5.8498	10.5692	5.00714	3.70334	5.35516	2.49584	4.74422	6.15952	7.31147	9.60702	2.23268	9.2433	3.97782	3.70754	4.43764	3.70754	4.05873	2.89399	2.76208	4.10041	2.05851	3.3468	3.3468	9.5647	3.71997	2.82324	1.97364	4.65523	2.62341	2.54516	2.89385	2.78995	4.11547	3.86706	3.14097	0.882909	0.9004	1.67483	2.60555	3.91486	5.14369	4.05864	3.2812	3.14097	2.84512	3.78607	3.5711	2.12553	3.01483	8.42972	7.88661	1.8431	1.02959	3.40655	4.89464	5.08032	0.529772	3.4247	2.75631	1.9736	2.65291	1.9498	2.64698	5.00688	5.56673	2.2603	1.9736	2.35478	2.2466	2.40062	2.67046	3.12613	5.03761	6.23861	3.78607	2.45179	0.558418	1.24856	2.30134	4.08918	2.87244	2.29452	2.87233	2.8452	2.6879	3.19499	3.18043	3.40667	3.6823	2.47081	3.19499	4.53074	4.05873	3.40667	3.15591	3.47433	3.9426	4.2887	3.6823	4.58161	4.46197	4.78623	4.3353	1.99709	3.4742	3.19499	4.42019	4.74418	5.23603	4.25985	3.25285	3.72004	2.65291	2.40059	2.54529	3.6823	3.32817	4.7277	4.79264	2.14739	2.23268	3.72004	3.35611	2.69942	3.18034	2.40059	3.00457	3.35611	2.62349	2.73945	3.74081	3.70752	3.12622	3.39294	3.70754	3.88315	3.8951	3.36998	3.0812	3.87917	3.72004	2.69942	3.35611	3.18036	4.63533	5.21523	3.53184	2.99938	3.70752	4.43764	3.53186	3.19499	3.01493	4.07019	5.01004	4.19009	3.80652	4.08912	3.88315	3.36998	3.39294	3.53186	4.2887	3.87917	3.6824	3.47433	3.01493	5.12873	2.15466	3.00457	3.57124	4.3533	4.08918	5.46073	19.1015	24.3938	13.5487	5.42405	5.35541	6.70077	4.53085	4.07019	3.53186	2.75646	3.61872	4.78629	4.74405	3.25273	5.23586	4.87256	3.53186	4.79264	5.52511	6.56444	5.35525	4.2887	7.23381
4.37774	3.90277	2.69917	2.12539	2.69346	3.21891	3.4245	3.34661	1.76529	1.37881	1.97341	2.40028	1.76523	2.18314	3.35579	3.17516	2.62326	2.85043	2.92045	3.21891	3.01977	2.13268	2.01252	2.82849	3.17516	2.11798	1.41234	1.5888	2.12533	2.29435	2.13268	1.97348	2.45169	2.75622	2.62329	2.76183	3.314	4.11523	4.98176	5.65681	5.89918	6.21865	6.764	8.96629	12.0356	10.3762	9.50568	9.9873	7.89759	5.28528	6.50768	9.62039	8.31542	11.7426	14.1178	11.9515	8.95127	6.75273	7.94958	7.74805	8.56605	1.67466	3.68207	6.1664	7.89568	9.42339	9.65961	9.03997	9.84219	7.02139	12.0773	10.8589	9.08505	8.62977	6.19627	4.59476	3.38813	3.18004	4.93496	2.65265	4.05834	2.47684	10.6593	6.89137	5.881	7.10791	7.41048	8.92584	10.2244	8.55775	5.91486	4.46163	4.40568	3.51382	1.50838	1.51868	2.82849	3.52711	4.66478	6.06589	4.98176	3.8788	3.91455	3.74044	4.53029	4.46153	3.18012	3.89477	6.60793	5.9765	2.36764	2.78966	3.63529	4.26286	3.88266	2.45801	3.91455	0.900292	3.17998	4.93199	5.82845	4.79241	3.46493	4.65141	3.47385	3.1208	3.56643	4.89443	6.59907	6.88953	6.13665	6.17889	5.87289	4.11513	3.74044	3.34661	3.96191	5.03743	6.78437	7.84185	7.89594	8.00293	7.26089	6.37221	6.4487	7.08204	7.62144	7.6214	7.69888	7.70681	7.82623	7.88235	7.8863	8.51876	9.22497	9.60664	9.09998	7.6214	6.6544	6.68875	6.44861	6.95129	8.24393	9.38029	9.80602	8.62111	7.88623	9.33036	12.6899	14.4215	12.058	8.72922	7.95539	7.81855	7.08204	5.91483	6.87371	6.68187	6.30443	6.43922	6.40095	6.72767	6.7821	6.91608	6.72773	6.99739	7.15283	6.96896	7.06695	7.56319	7.56319	7.26089	7.77364	7.92664	7.92854	8.01619	7.77364	7.98016	8.39517	8.23474	7.83602	7.92664	7.92664	8.81008	8.81008	7.85731	7.92664	8.40235	8.65609	8.09352	7.94389	8.41861	9.23798	9.48857	9.08669	8.62986	8.27145	7.92854	7.92664	8.09352	8.24396	8.81696	8.858	8.50985	9.22497	10.7531	12.1754	9.93958	9.31749	10.2769	11.0312	10.2711	10.9827	19.3644	29.3076	17.6391	11.6406	11.328	11.8624	11.7063	9.93809	8.65616	9.41868	13.8723	15.2944	10.859	7.85728	8.89869	9.04669	8.93269	9.74305	10.4609	12.1524	11.2388	10.0414	10.7597
3.81407	3.17982	2.60516	1.87626	2.01231	3.17975	3.54434	2.05821	2.05811	2.54468	2.23219	2.52632	2.29408	2.30086	3.21853	3.35547	2.78953	2.62299	2.62299	3.04509	2.69891	2.05821	2.40013	3.35085	3.36934	2.60516	1.66525	1.24827	1.81717	1.45564	1.28519	1.80001	2.52637	2.3741	2.25998	2.45776	2.87184	4.05797	5.45967	6.21783	5.45686	5.73204	8.21357	10.9814	11.0083	8.41575	9.37898	7.95618	3.46462	3.3876	2.99888	8.16727	9.65709	15.1436	18.4743	16.1134	12.5518	4.66444	3.81407	6.11845	4.75947	2.45132	2.74448	4.87156	8.65487	8.01705	8.17474	8.54445	7.91221	5.98384	7.20301	7.72359	5.72932	7.37039	6.50459	3.70681	2.32106	4.24428	3.63068	4.01972	6.23275	4.73355	10.5461	8.24276	4.57413	6.0529	7.22004	11.1568	10.0998	8.56569	5.72941	4.89393	4.80792	3.70683	1.74738	1.66525	3.88241	4.43685	5.28475	6.14332	5.15478	4.26261	4.24441	3.52678	4.29145	4.29145	2.84465	3.35085	6.01192	6.01705	4.06941	4.41935	4.26255	4.14846	1.50817	2.40006	1.9009	0.95071	3.42405	6.60735	5.67535	5.1996	3.71943	3.39224	2.62288	3.78534	5.14271	4.84619	5.52426	6.37155	5.88039	5.59345	5.28477	4.06941	4.24437	4.43685	4.57079	4.26268	4.69093	6.88882	8.3799	8.18034	7.27065	6.5891	6.44804	6.62612	6.87326	7.55642	7.54026	7.14998	7.24117	7.07262	6.62612	7.38509	8.1599	8.47868	8.89286	8.19888	6.99667	6.73602	5.84882	8.24847	11.7815	13.3661	13.7907	10.2526	8.07954	8.35804	10.1704	11.5937	13.8751	11.8365	9.32142	8.21736	7.65254	7.16706	5.93493	6.14332	6.36902	6.88882	6.76106	6.61685	6.60531	7.14998	6.96824	6.99667	7.1521	7.02067	7.20953	7.62859	7.08129	6.76106	7.62859	7.77285	7.92774	7.85649	7.38509	7.53825	8.07954	8.1599	7.97934	8.09269	7.92584	8.54616	8.42847	8.00782	8.3127	8.56036	8.65522	8.3291	8.41775	8.39432	8.78692	9.74208	10.0046	9.42249	8.46616	7.92774	8.00212	8.1599	8.24312	8.7559	8.7196	8.07581	8.94527	10.792	13.636	12.8881	10.2234	10.477	10.579	10.1574	7.30831	13.6068	25.8153	15.7222	11.3595	11.7916	12.5124	11.7566	10.6253	10.2365	10.3971	15.9777	15.5867	14.3752	10.1868	10.4371	10.1749	9.85378	10.5676	11.4152	13.1039	11.3072	10.3395	10.8331
1.76491	0.882685	1.24818	1.24817	1.13027	3.0345	2.29384	0.727872	2.87149	2.62265	2.64625	2.52607	1.84254	1.67436	2.69282	2.93568	1.62722	1.05916	1.50804	2.06549	1.07376	0.900131	1.97305	2.23199	2.45111	1.59829	1.50809	0.727889	1.37857	1.57865	1.13027	1.42304	1.97303	0.749	0.727889	1.11642	1.97303	3.47768	4.20363	4.37668	4.36252	4.35189	6.62531	8.09732	6.82331	5.72872	8.23286	5.74473	1.59827	3.57008	3.04477	3.73571	4.0691	12.6594	13.2336	8.0749	14.2925	5.601	1.42308	5.37379	6.23222	4.93434	0.636536	6.24437	11.4034	8.92891	6.07491	3.85008	3.21825	4.05751	4.81058	5.91347	3.70642	6.12519	5.77141	2.84437	3.17942	5.03622	1.94928	2.30066	3.24224	1.66511	8.37876	8.06154	3.86599	1.81701	4.09927	8.75824	2.75555	3.74798	1.11642	1.79982	2.87153	2.30064	1.24818	1.23563	3.94139	3.68127	3.73559	4.83617	4.44677	3.08022	2.7892	2.01209	3.66858	4.30184	2.23199	1.97303	6.12519	6.1527	3.54399	4.26218	4.06902	3.91384	2.01216	3.12526	1.59827	1.28504	3.14009	7.57151	4.85845	1.97303	1.50809	2.29388	1.77369	2.62265	5.77141	6.84335	3.96097	1.84259	1.51839	2.13219	2.87149	2.39983	3.36894	4.30184	2.47012	1.37864	2.39985	3.21825	2.39992	2.49518	2.62276	2.78931	3.04482	3.719	2.84441	2.47012	2.87153	3.01917	3.19406	3.63467	3.12526	3.5132	3.19406	3.19406	3.53085	2.64638	3.29457	4.40846	3.73977	6.9673	10.2745	6.35405	8.76019	5.56541	4.97169	4.05379	6.12519	7.20219	4.17797	6.68066	4.01933	3.17952	2.60494	2.52617	2.23206	4.40485	6.61602	3.1941	3.15503	3.19406	3.63467	3.35056	2.62276	3.00373	3.35518	3.01921	2.90921	3.53085	2.99855	3.17946	4.1144	3.53087	3.70231	3.53085	3.00373	3.35518	3.719	3.17948	3.01921	3.1941	3.17948	4.9591	4.70022	3.52647	3.52647	4.26218	4.43641	3.71904	3.59616	3.21831	4.4918	5.59284	4.40496	3.63476	3.4644	3.70231	3.88207	3.70651	3.36905	4.31984	4.4918	3.17952	4.2875	5.08201	5.18126	7.81681	3.42391	5.93429	4.02705	3.63476	6.09504	15.8852	19.5686	10.0272	5.10642	5.82735	7.54954	5.82983	3.86619	4.50226	4.14819	13.2336	4.20383	10.6015	4.95924	5.98076	6.02167	4.93421	5.15433	6.61609	9.01302	5.13336	3.08539	5.68016
1.67419	0.63647	1.28491	1.59812	1.67424	3.39154	1.81682	1.51816	3.2371	2.52581	2.93537	2.69254	2.01187	2.12469	2.90884	3.01368	1.62705	1.24805	1.59811	1.97282	1.41194	1.79967	2.32058	2.12469	2.23176	1.13016	0.636439	0.789424	1.58834	1.59811	1.34413	1.66485	1.90869	0.558222	1.02924	1.59812	2.18245	3.47732	4.05709	3.91336	4.24347	5.10562	7.08825	8.55484	6.50336	3.46395	6.72771	5.42172	1.49751	3.52601	4.56972	3.24205	4.02279	12.628	14.6896	8.42857	17.323	9.14333	5.11795	9.00212	7.54676	6.50346	4.79081	4.24347	12.0064	10.4118	7.81586	2.69834	0.529569	2.82767	5.00813	6.01077	4.46026	5.78682	5.13276	2.3004	3.54794	3.74759	2.54431	4.25822	5.38486	3.47301	6.67979	7.45112	4.15879	2.05772	4.02262	7.46751	4.52912	3.36869	0.176527	2.23176	2.52581	2.18245	1.8424	2.01193	4.02647	3.08492	3.13977	4.65012	4.40439	3.03419	2.54419	1.73803	3.56971	4.54598	2.4572	1.94905	6.58054	7.31701	4.4185	4.75854	4.58333	4.06863	2.52591	3.59571	2.47615	1.50793	2.99817	6.70949	4.56972	1.45539	2.05772	3.35021	3.39169	2.78899	4.98336	6.9556	4.51186	2.05772	1.8759	2.69839	3.53049	2.99824	3.0799	4.61008	2.78888	1.8759	2.99824	3.29414	1.97288	2.30042	2.47615	2.15384	2.35388	3.12494	2.3004	2.12471	2.3996	3.0799	3.59571	3.89361	3.70193	4.43595	3.5305	2.99824	3.29414	1.99643	3.01889	3.56542	3.36866	7.7867	11.0074	4.97099	6.00318	6.73478	5.50927	6.13485	5.67973	7.26891	1.74695	4.8707	4.58331	2.78899	3.08507	2.93551	2.84415	3.36866	5.97485	3.96056	1.79963	2.64604	3.90151	3.39159	2.29368	2.82216	3.36866	3.00342	2.87129	3.5261	3.36869	3.5305	4.11397	3.53049	3.70193	3.70612	3.21797	3.35021	3.73938	3.35484	3.21797	3.01889	3.17915	5.12678	4.69973	3.5261	3.70193	4.61018	4.5934	3.71865	3.39164	3.29422	4.63356	5.56466	4.24356	3.59579	2.8496	3.35483	4.43595	3.91349	3.42351	4.43595	5.00813	3.51294	4.05719	5.34454	3.39169	7.91071	5.42199	6.19441	3.56985	4.05719	10.0678	17.5967	13.9474	7.57892	6.37034	5.06947	7.28366	6.16468	5.23408	4.65035	4.02279	11.8337	1.81682	8.80035	4.63363	6.50346	6.69828	5.72823	5.99042	6.41566	8.31078	6.31209	4.89616	5.80547
2.3002	1.37838	2.47594	3.27982	4.12877	3.07973	0.249618	2.87098	3.63398	2.66917	3.12467	3.29385	2.82741	3.00316	4.05302	3.91315	2.91933	2.84935	2.91933	3.25127	3.12475	2.76078	2.87104	2.84386	2.87104	2.76078	3.11982	3.52588	3.54778	3.3914	3.23696	3.29394	2.90866	2.60444	2.87109	3.15443	3.46374	4.23225	5.35275	5.63293	5.9822	9.45946	11.5137	11.833	10.5081	9.65599	9.40388	4.80659	1.13006	3.5694	7.16473	6.65191	9.45971	14.8736	17.5017	13.2394	23.9766	22.1687	16.1204	12.3667	8.33218	8.06774	7.73718	2.78875	9.03634	10.9944	11.1657	8.3992	6.96632	7.70787	9.16908	8.62656	6.2825	5.45816	4.23586	0.249618	3.19349	5.42152	9.08328	9.89359	9.35743	7.30201	4.18813	5.95117	4.58291	4.51508	5.29205	7.16481	3.90117	0.72775	1.79951	1.84218	2.30015	2.60433	1.62697	2.95631	4.593	4.24323	4.75815	5.18019	4.57274	3.42314	3.39129	3.54335	4.58291	4.87028	3.35453	3.39135	6.39831	7.06392	3.91302	3.71822	4.02612	3.70578	3.47718	5.06903	6.29475	6.70926	6.69094	6.32859	3.21764	1.34406	3.97587	4.60978	3.54778	3.66806	4.76784	5.37277	4.12856	4.26491	3.51263	5.36152	6.11675	5.43568	4.97075	5.28038	5.28328	4.80665	5.04467	4.9114	4.80985	5.19816	5.11748	5.10544	5.5644	5.68467	5.36152	5.28341	5.35291	5.76252	6.38888	6.23103	5.78651	6.58716	6.62429	6.39138	6.07397	5.80776	6.75919	7.23917	6.92008	9.52271	9.62138	4.49094	5.03551	9.93585	11.5306	11.9335	11.8519	10.9176	8.92934	8.5421	8.97139	8.67385	8.92769	8.30498	8.79486	8.75702	7.17355	5.10834	3.70161	4.80659	6.7591	6.99906	6.7818	7.23076	7.30835	6.99474	7.23076	7.92556	8.15766	7.94089	7.94659	7.85433	8.08294	8.07732	7.73739	7.77071	8.17249	8.23164	7.97715	7.88332	8.00562	8.87674	8.80679	8.00562	7.76874	8.261	8.37029	8.00562	8.09046	8.41544	8.94281	9.20996	8.26835	8.00562	8.79486	8.41365	6.56161	6.39851	7.92556	9.26052	9.29779	8.65289	8.86152	9.51502	9.85721	13.1448	14.2111	12.1517	10.2337	10.7987	15.718	20.3401	16.255	18.3107	16.4565	12.5218	13.4327	17.2466	17.2674	14.6676	13.0026	11.2608	6.85128	10.4869	10.8863	11.7382	13.1712	15.1211	17.2394	16.8297	14.5376	13.4487	13.6884	14.2111
3.01835	2.62206	3.21739	3.4229	3.11955	1.94071	2.69783	3.52546	2.52536	1.90833	3.47666	3.3449	2.18204	2.21032	3.42274	3.01311	2.56814	3.01325	3.07948	3.63373	3.24145	2.54387	2.18211	2.47568	3.52546	4.02592	4.26476	4.12841	3.66774	3.3911	3.62951	3.70553	3.47239	3.23668	2.74363	2.6864	2.87077	4.08681	5.97125	6.19328	7.71877	13.431	14.2408	13.203	13.5257	15.0558	15.8976	12.1301	5.91206	2.66891	8.66902	8.07237	7.02661	11.9798	13.2024	11.4094	17.1094	22.6744	15.3576	11.0945	4.89214	5.35213	6.19328	5.85731	5.62968	5.00721	10.6647	11.8272	9.65519	7.51127	6.53064	4.91095	1.90027	2.05733	3.17367	4.45611	5.97412	7.54765	9.7092	6.64222	7.14912	6.4619	1.76446	5.48012	4.84456	4.84456	5.59122	7.35094	5.84641	3.35421	2.49454	0.789285	1.90017	3.01311	1.51787	2.90829	4.4905	3.88096	4.43513	5.13189	4.58247	3.52546	3.56476	3.56476	4.28626	4.45944	3.3496	3.70542	5.23288	4.8697	3.63361	4.59256	5.32628	4.69886	1.029	2.89238	5.80725	7.83821	9.09577	8.92856	7.61789	5.84681	4.97953	4.60933	2.7885	3.73466	5.1798	4.7577	3.59505	4.89498	3.6675	4.31859	5.13196	4.501	4.80942	5.7272	5.98934	5.01045	5.13208	5.20065	5.01045	4.88265	4.65285	4.68922	5.67337	6.13378	5.58871	5.50831	5.82572	5.95087	6.34978	5.42095	4.67928	6.15606	6.07083	5.91209	6.2893	6.15127	6.69035	7.49699	6.92832	6.71296	7.76958	5.32628	5.29155	6.53064	9.50955	8.98245	8.50591	10.2445	10.1317	9.24016	8.71644	10.5512	11.0047	9.65519	9.36471	9.45097	9.72017	7.82269	4.65285	4.80604	6.44543	6.71305	6.54004	7.30146	7.4563	7.07874	7.06794	7.65962	7.76805	7.64379	8.01247	8.01247	7.85363	7.76805	7.73672	7.85366	8.42901	8.54135	8.31336	8.65214	8.79924	9.18626	8.97059	8.02954	7.77003	8.21057	8.26025	7.92296	8.00492	8.00492	8.65208	9.30016	8.46844	7.77003	8.78374	8.6731	6.70868	7.07859	6.69029	7.4725	8.83334	8.86074	8.94713	9.72929	9.6954	10.5074	12.0683	11.1345	9.34384	9.96057	16.6389	23.0202	20.9588	18.8262	17.585	15.4228	16.4213	19.027	18.9577	15.8374	13.7859	11.1875	9.85022	11.1025	11.468	10.4561	11.1859	11.5754	12.5951	13.56	14.6069	14.1278	14.8045	15.5005
2.12412	1.87537	1.94052	2.29296	0.558066	3.49856	3.86853	2.39893	0.727593	1.66439	4.48313	3.03334	1.27237	1.76419	3.32598	3.66718	2.39891	1.77301	1.5879	2.23114	1.76423	1.37811	0.950297	2.36632	3.54695	2.35317	1.3438	1.42256	1.37811	1.24771	1.6266	1.41154	1.77301	1.28459	0.950297	1.24769	1.34375	3.77126	5.52422	5.1403	7.68826	12.4781	11.0888	8.62473	10.4733	10.7301	7.30491	10.4933	7.89894	2.93469	7.2037	9.80003	7.0863	9.05459	10.3688	15.4836	2.01139	18.4355	6.73275	4.9698	7.85254	4.40317	3.15369	4.31828	4.75735	3.2362	3.8485	4.23505	3.04366	1.97235	1.18366	1.07334	1.45499	1.90007	2.56788	3.89253	2.62176	3.01805	5.68339	4.3002	9.89125	7.46545	2.91877	4.66216	3.01802	3.08406	5.8459	6.88527	6.99311	4.83432	0.882346	1.6266	0.727593	2.99734	3.0025	3.66718	4.109	1.87528	4.12777	5.17614	3.12407	2.39893	2.45017	2.7432	4.11275	3.81209	2.62167	2.91866	4.44508	3.62898	1.66439	2.93455	4.09771	4.96961	3.47191	2.75449	2.95565	3.35391	4.43477	4.86946	4.36108	3.9752	3.17826	4.11282	2.62176	3.35389	3.73834	3.35389	2.6453	3.42244	3.91228	5.36313	4.44508	1.45499	2.23114	3.54695	4.09771	3.25058	2.84332	2.56788	2.47545	2.31993	1.79916	2.12412	3.00256	2.6687	2.18189	2.65115	2.293	2.87044	4.35025	3.07907	2.47545	4.88196	4.25687	2.47545	3.00256	2.69764	3.36772	4.35737	2.62176	2.73757	7.99615	6.84972	3.71762	5.29384	4.78308	3.00265	2.31993	3.52503	2.49419	5.6318	4.08648	6.15548	5.4318	4.57876	3.67997	3.07916	3.1783	3.47204	2.99747	2.52511	6.58568	5.80637	2.65115	3.39065	3.34928	2.87049	2.9974	4.01768	3.56443	3.01805	3.89253	3.89253	3.5295	3.71758	3.21708	3.04366	4.52775	4.24238	3.3447	3.9124	3.8041	4.78308	4.86935	3.21708	3.3907	4.83439	4.83439	3.70509	3.36776	3.17826	4.52775	5.46269	4.23147	3.12416	4.62223	2.62178	3.70516	5.15237	2.18184	5.47949	6.99311	4.08648	3.76728	5.04049	4.66216	2.89208	3.31211	4.05607	2.39903	2.37298	7.25024	13.4039	9.27322	8.28307	10.7079	8.92586	7.53475	6.99122	9.62904	7.38977	5.294	4.05616	4.75724	4.28958	4.9042	4.58206	7.3503	5.9732	6.86973	7.19946	5.52432	6.50403	9.54133	5.82513
2.45007	2.62155	2.3662	2.46894	1.45481	4.37455	3.49819	1.90796	0.636196	1.84165	4.24185	2.93425	1.28442	1.57788	3.3673	3.99405	3.00218	1.97207	1.58775	2.18162	1.62644	0.882269	1.27232	2.73729	3.39025	1.97207	1.23504	1.67362	1.51768	1.18361	1.9721	1.59753	1.5975	1.07326	1.27232	1.62649	1.4224	4.56798	7.82077	6.67519	6.75921	11.9283	12.295	9.71156	9.54973	9.86457	6.90041	11.4951	11.1519	6.50118	5.32527	8.79701	7.59194	8.91111	10.2811	15.6953	5.06738	17.9693	9.97041	5.52119	10.4978	6.00094	4.52745	4.41685	1.67355	5.72048	2.89163	3.40395	2.3197	2.05693	0.352919	0.727544	2.6509	3.36753	3.59446	2.39869	1.34361	1.66422	4.20159	6.05426	11.0677	6.5384	0.88224	3.77087	3.27869	3.73788	6.10215	5.72585	5.87673	5.74196	1.94835	0.950166	1.37799	2.44992	3.25019	4.3604	4.12734	1.28442	4.12734	5.8453	2.87009	2.52485	2.87015	2.843	4.26005	3.91187	2.69151	3.07873	5.35975	4.80513	2.788	2.6509	3.54659	4.44462	3.77087	2.89163	3.01253	3.62861	3.74615	3.79545	2.9972	4.91002	4.02132	4.06707	2.29284	2.14572	3.476	3.46264	3.04338	3.88024	4.41685	5.59009	4.83382	1.94835	2.82662	4.01728	4.45508	3.07876	2.01111	1.5975	2.47521	2.64505	2.01118	2.29956	2.69732	2.1239	2.14577	2.82111	2.494	3.01772	4.02495	2.95536	2.6684	4.48958	4.33199	2.6684	2.69732	2.29953	3.39031	4.40278	2.56765	2.73739	6.85788	6.67729	3.39039	5.21128	5.6286	2.68589	2.68575	4.28544	3.5423	4.84343	3.39031	5.43385	2.788	5.06761	4.01749	2.84311	2.90783	3.03323	4.20186	4.54454	6.77957	6.52201	2.82659	3.59436	3.36739	2.69739	3.0023	4.14611	3.91196	3.19258	3.71722	3.56408	3.36739	4.08603	3.56415	3.17802	4.6617	4.45859	3.12387	3.35359	3.17796	4.45859	4.83391	3.56415	3.42224	4.48964	4.57141	3.52916	3.36744	3.56415	4.97848	5.80057	4.40286	3.54679	4.76647	3.54679	4.02132	4.58162	4.74065	5.98047	6.25841	3.61576	3.73797	5.30501	5.2905	3.25042	3.23606	4.52745	4.12762	3.49843	5.15196	11.4846	10.1413	10.8079	12.3358	8.98725	6.30029	6.37038	9.46462	7.23061	5.32537	4.02132	4.95684	5.38287	5.67229	5.52122	7.12865	6.24138	6.77957	7.40527	6.7115	6.46074	8.65004	4.28554
5.22575	5.03359	3.3255	1.11581	2.12365	4.24148	2.78759	2.4687	2.18142	1.90779	2.99676	3.17759	1.89964	1.74613	4.29938	4.1754	2.75961	2.60333	2.1237	3.34864	3.8998	5.43361	7.88033	8.59709	7.22802	5.61179	4.98126	4.54407	3.95889	3.00208	2.86994	2.62126	2.84826	3.47138	3.86397	3.63272	3.03291	4.78857	8.27037	3.86377	3.46233	11.3712	13.9988	11.6086	9.92113	10.0335	11.8234	14.9998	21.4851	19.4746	15.1783	8.14709	6.75634	9.03957	10.4868	14.3176	11.495	15.2097	19.6219	15.6552	14.8375	10.2458	7.82033	3.86397	3.31134	4.5132	2.56739	2.2097	3.08347	3.76649	3.5682	5.41945	6.78368	6.01332	6.66549	3.95889	0.727471	2.01101	5.80555	9.54286	10.2455	4.09693	1.02876	2.84269	3.13829	3.9587	6.50262	6.34777	4.64794	4.02073	3.04302	1.37778	1.97198	2.39854	1.90779	4.33161	4.67776	2.39847	3.32534	5.76013	4.15684	3.17757	3.40365	3.17764	4.66127	4.28505	3.01744	3.40365	6.52144	6.41267	5.52345	6.83978	6.21145	4.76606	4.63139	3.73768	3.36711	4.57099	4.5132	3.62829	2.62117	3.27856	5.56228	5.98003	4.62154	4.20142	5.28129	5.10639	4.90953	6.13942	6.39608	6.1916	5.63079	4.35665	4.18666	5.28129	5.45327	4.01702	3.8998	4.34957	4.95641	4.80802	4.44444	4.64815	5.0671	5.03968	5.11553	5.19913	4.95955	5.56223	6.27276	5.72827	5.29302	5.82655	6.50043	6.11443	5.97748	5.98003	6.61251	6.51931	5.89735	7.60964	7.87641	4.40596	3.17759	3.79511	2.50609	3.49789	4.8334	4.06664	3.19223	4.40244	5.66356	7.44381	6.75662	9.03337	10.6184	10.0041	9.37323	9.65238	10.9853	12.0685	11.2199	9.03991	6.98989	7.49482	7.46432	7.25539	7.46434	7.82033	7.6574	7.38026	7.85135	7.92256	8.07988	8.42658	8.15458	8.31094	8.87344	8.42658	7.73446	7.93789	8.00259	8.85641	9.07485	8.32366	8.26527	8.55477	8.47487	8.07988	8.00259	8.15458	8.85641	9.33295	8.87344	8.93274	9.53827	9.50679	10.3775	11.1179	10.1802	8.64963	9.20649	9.08477	7.98357	8.07981	8.16193	8.23776	9.88232	11.3704	12.2946	12.5231	13.3131	17.0148	18.0824	18.0275	20.3336	20.0189	16.9808	14.7658	15.4	13.9993	14.9219	15.0517	14.1076	13.5722	15.5143	17.8879	16.6888	14.4455	13.419	12.1664	11.5056	10.5042	9.26985	8.6233
3.61532	3.38974	3.23525	1.94795	2.99654	2.9178	1.6639	1.89945	2.4558	2.31926	2.78731	3.42143	2.75368	2.4558	4.88998	4.33117	2.6968	3.12316	4.06629	7.04132	7.60897	8.07917	8.71315	8.37371	7.83524	7.48001	7.78664	7.69245	7.25475	6.53523	5.6631	4.40217	3.78267	3.73323	3.11836	2.64463	2.12358	3.07814	5.5615	6.39553	6.29906	10.8713	14.3324	14.2072	13.876	13.0219	20.8703	12.7521	17.6967	20.3739	20.5329	12.624	6.19102	6.5768	8.8501	14.5978	16.21	0.899548	8.23677	12.6791	15.4002	11.0001	6.71041	3.89145	4.416	4.35625	3.7457	3.73323	6.15372	6.38586	5.13012	4.48897	2.13086	1.97172	4.10805	6.36424	3.35295	4.17497	6.34985	7.84088	5.1777	1.11571	2.91796	3.07827	2.49347	2.86954	6.5768	7.64637	3.95829	2.84787	3.311	2.68524	2.25813	0.529269	0.499019	3.5677	4.45423	3.89929	3.86337	5.27769	4.01645	3.8634	4.26284	3.17724	4.7232	4.83299	3.67893	3.17246	6.96262	6.62775	3.70403	5.55339	5.41898	4.20105	4.28463	4.40551	5.00854	6.01775	4.60764	2.47473	2.62087	1.6639	4.08524	4.90283	4.73654	4.83321	5.55339	5.13	4.60764	5.28077	5.13	5.15098	5.10591	4.11173	3.89945	5.27786	5.10288	4.0664	4.73971	4.90283	4.95596	4.90283	4.78834	5.03923	5.56173	5.50621	5.19572	4.88079	4.88079	5.79966	6.44315	5.84452	5.58932	6.44315	7.03046	6.44315	6.52114	6.91023	7.05009	6.55853	5.82086	7.78646	8.62261	8.30113	7.22105	6.61191	5.75989	5.21043	5.50875	4.23381	3.36675	3.47554	5.35043	7.02621	6.44557	6.21339	7.21476	8.78909	9.47596	9.58142	9.75036	10.3665	10.5712	8.97906	7.53266	7.81963	7.85066	7.78857	7.78857	7.94288	7.718	7.29869	7.87958	8.23699	8.46524	8.32834	7.841	8.0867	8.62261	8.23699	7.78857	8.0867	8.38811	9.51059	9.35308	8.35742	8.32294	8.53813	8.58748	8.23699	8.00189	8.22781	8.69232	8.95876	8.47411	8.23702	9.32254	9.17962	9.05257	10.3894	9.66707	8.34476	9.4995	9.34663	7.70031	5.96917	5.63842	6.10128	8.38811	10.6315	12.543	14.1936	14.248	14.8107	16.0182	15.8635	18.0048	20.4583	17.0119	14.1875	15.5599	14.6065	16.8724	17.536	15.0052	12.5685	12.9597	15.7498	17.9367	16.8305	15.4984	15.4172	13.8609	10.6551	9.56868	11.0271
0.748426	3.13769	4.35919	2.78704	2.78706	2.29212	1.42199	1.73688	1.76351	1.62595	2.86929	3.86303	3.38472	2.54251	4.62042	4.37334	2.75908	3.17699	5.61871	8.16018	5.17437	3.80265	3.51052	1.76355	1.9716	2.84771	4.35581	4.73605	5.23059	4.73929	4.35942	3.32486	2.05645	1.411	0.498967	0.949899	0.249488	2.01052	1.66375	2.14511	3.24934	8.47117	11.2594	10.7051	11.8174	9.30833	24.0029	20.7487	5.03867	7.07536	14.0454	13.697	3.35261	2.99619	5.06596	14.0044	15.9089	7.44653	5.43257	4.4883	12.3511	12.6119	5.56095	3.19162	3.89104	3.01686	1.42199	2.52416	5.97866	4.69664	1.7636	0.705609	2.90699	4.25524	2.23028	5.23042	4.52603	7.40322	5.87511	3.08289	1.37751	1.45439	1.77234	1.93978	1.77235	1.67308	5.84368	7.30179	4.18573	3.46167	3.71609	2.54251	2.84215	1.12947	1.2841	3.74511	3.63184	3.73684	6.29085	5.12938	1.51715	4.01996	5.72426	3.24929	4.97698	5.66223	2.65016	2.35232	6.48019	6.36583	3.23974	3.99294	1.73688	1.42201	2.01052	4.62042	3.42113	4.02382	3.00142	2.20938	2.82578	2.31904	4.68671	3.56738	2.29894	2.06398	3.29196	3.80256	3.01686	3.93838	3.93838	3.01169	3.23496	2.84761	2.84219	4.06587	3.89894	2.65014	3.07789	2.49324	2.86934	3.01686	2.29216	2.66767	3.21579	2.64429	2.18106	2.29889	2.64429	3.63189	3.95797	2.86934	3.00142	4.52603	4.45383	4.25524	3.59334	3.19165	3.89104	3.52377	2.52422	5.51935	5.03852	2.99115	2.84227	2.90691	2.12329	2.99626	5.07813	4.45732	3.52816	2.39811	2.05645	3.79439	4.01615	1.79848	1.57744	2.11597	2.95461	3.17709	3.01179	3.52817	3.23988	3.0015	3.04249	4.14493	4.08486	3.3894	3.07796	3.89104	3.89104	3.17705	4.14493	4.11125	3.89104	3.89104	3.52377	3.52377	3.89104	3.87911	3.3894	3.36647	3.87513	5.75911	4.76512	3.34342	3.56312	3.69948	4.28423	3.89104	3.52817	4.05069	4.60714	5.29185	4.69664	3.52377	5.03856	3.59341	2.54263	4.69664	4.20062	4.05461	3.47503	5.98631	2.90699	1.66383	4.11118	4.85474	5.12936	4.06595	4.84223	5.58875	5.84391	6.15065	7.19693	7.54395	8.20665	11.5901	7.32909	6.69389	9.83307	5.94806	6.63901	7.44653	5.9299	3.78229	4.90216	8.22664	6.68709	6.70544	6.73037	6.36362	4.57701	5.03867	7.40131	8.99626
0.635952	3.38437	4.23294	3.00104	3.00104	1.87436	1.05825	1.79826	1.79826	1.79826	3.31037	4.01955	3.47467	3.07755	4.8796	4.96721	4.80329	5.99873	7.54914	8.5379	4.40126	2.75334	1.89908	2.36517	2.84196	3.67823	3.71585	1.5171	2.35203	2.86919	4.48126	5.27993	4.86725	3.98505	3.36625	3.47488	2.84202	2.11577	1.9396	1.9476	2.29185	7.56499	10.1679	9.85627	11.8993	9.83356	23.5737	23.2313	4.73887	2.52398	12.3403	13.7208	4.22942	3.95775	3.21555	10.9977	13.9238	6.06737	5.49402	4.85457	7.56499	13.5753	9.13651	4.08446	3.17666	3.24901	2.14495	2.39777	5.34904	3.81024	1.1155	2.73625	2.47426	6.25603	3.95754	4.8796	4.68623	8.54307	6.5825	2.3717	0.705541	1.79826	1.62581	1.84094	1.9396	2.18086	4.88905	6.34591	4.49815	3.84665	3.23463	2.15208	2.39777	1.18309	1.5171	4.02341	3.42078	3.11754	7.68652	4.89218	0.997771	3.6654	6.21181	4.05399	4.95789	5.47684	2.62037	2.49299	6.13745	5.97547	3.01138	3.24895	2.29185	0.635993	1.57728	4.37288	4.23294	4.26203	3.07755	1.57736	2.1449	2.66738	4.02341	3.36601	0.176394	1.42186	3.34298	3.6315	2.35203	3.38896	3.63147	2.89053	3.54524	3.01138	2.36517	3.81024	3.93797	2.49299	2.56657	2.23006	3.01138	2.90663	1.97139	2.29868	2.86905	2.66738	2.01041	2.12311	2.66738	3.46132	3.89854	3.21548	2.84191	4.25481	4.12206	4.12206	3.794	3.19131	4.58993	4.45698	4.01978	4.63006	5.51878	3.21555	3.8629	3.07771	2.64404	2.69629	3.63147	3.52332	2.86899	1.77216	2.3979	3.56272	4.41507	2.44913	3.01152	2.99597	2.29868	2.82553	2.84746	3.52784	3.07768	2.74205	2.7869	3.9732	4.18531	3.35231	3.12268	3.87873	3.89066	3.01662	4.14452	4.31612	3.89066	4.06552	3.52784	3.17185	3.7654	4.08446	3.38909	3.56279	4.05031	5.34049	4.65992	3.5103	3.46144	3.70332	4.43259	4.05411	3.70332	3.87873	4.28381	5.12289	4.52558	3.35229	5.00738	3.70332	3.36625	4.80329	4.05413	4.83228	4.89251	5.66168	2.50535	1.87449	4.28381	5.038	5.41759	4.34811	3.91047	3.54099	4.22945	5.84323	5.41769	3.70332	5.3407	11.1105	8.43476	5.98592	9.15458	6.05989	6.52692	8.372	8.41519	6.61076	7.04875	9.41333	7.26986	5.97072	6.68654	6.17999	5.04134	5.07779	5.46007	7.87767
1.90706	3.38866	3.66508	2.74162	3.00077	2.89028	2.11557	2.66716	3.21523	3.8464	5.11349	5.10445	5.10445	6.51913	9.30683	10.9446	11.8244	12.4752	13.3178	13.4173	10.84	9.38888	6.04662	5.84275	9.79638	11.2539	9.39371	7.44316	7.20207	7.73154	8.34232	9.52215	10.8468	10.5682	8.45032	6.57529	5.89511	6.05927	9.35039	12.2829	11.6844	7.44512	8.06709	7.34612	9.99997	11.3788	22.2854	24.2762	16.1294	11.7446	11.1094	8.30557	7.9041	6.91707	5.72347	6.29699	9.27282	14.1157	14.8746	11.895	4.0232	8.46981	15.0092	13.4678	9.67189	6.94343	5.89511	4.01554	3.15189	3.00084	3.56684	4.6297	3.31021	6.94322	6.33344	4.76421	4.95745	7.80928	6.7447	2.18059	2.20896	2.95405	2.95405	3.59273	3.8464	4.0232	4.22538	5.31687	5.10129	2.93287	2.60233	2.50513	2.01016	3.12228	1.73662	2.44876	3.91003	2.05597	7.26277	5.94664	0.949717	3.63118	6.29696	6.23101	5.34867	4.35488	3.56669	4.18493	5.29081	4.50802	2.44876	2.52366	2.06352	1.76317	3.04186	3.17638	4.23986	4.7349	3.86631	2.22993	2.73607	3.36579	3.93767	4.22902	3.62706	3.78156	4.58954	4.75452	3.67786	3.87439	3.9101	4.45647	4.78034	3.54065	3.54065	5.32275	4.93886	3.59273	3.59273	3.59273	4.75127	4.83172	4.72208	5.11358	5.4541	5.61782	5.46259	5.46259	5.35743	5.58764	6.21148	5.89247	5.27063	5.82434	5.97765	5.49614	5.12853	5.65046	8.08982	8.87009	9.2682	7.99201	6.55656	7.0393	8.1292	9.02996	7.5888	6.90822	6.59847	5.17339	4.75452	5.86634	7.0134	7.40012	7.0653	6.21157	6.81707	7.0134	7.0134	7.29656	7.49203	7.84841	7.93489	8.43423	8.6951	8.53565	8.20144	7.45131	7.10625	7.62071	7.78042	7.25263	7.59673	7.82511	8.03921	8.64632	8.46995	8.11614	8.16631	8.20144	7.84841	8.15149	8.22542	8.87005	9.24701	8.73833	8.64812	8.62014	8.39285	7.69015	7.53247	8.00712	8.7469	9.29399	8.48595	7.83872	8.49302	8.2621	8.58508	8.77104	8.90905	10.4036	12.0446	9.66426	7.94058	9.0049	9.55982	9.07143	7.82511	7.74512	7.70192	7.83872	8.68988	10.4933	11.3932	10.1763	10.2421	14.2438	15.5266	14.459	15.9515	14.3689	15.032	16.8849	17.9316	15.927	17.0881	16.4927	12.8874	10.9771	12.7068	14.334	13.9449	12.7343	12.8037	13.7202
3.00058	4.18451	3.90972	2.29821	2.93257	3.80951	2.90607	3.00058	3.87802	4.45613	5.63632	6.2109	7.46684	8.98217	12.6651	13.6431	11.0608	8.70288	9.95729	12.6122	12.209	11.9824	9.08054	7.19286	12.1375	10.9869	12.4695	12.9684	12.3329	9.27228	6.47635	6.28942	6.70814	6.7805	6.34744	5.50412	5.97468	6.75571	9.61498	10.2831	9.61055	6.13659	5.42793	4.7539	6.33271	8.95513	17.4528	19.5363	17.7797	17.2255	11.3509	3.56653	5.80246	1.77182	2.29146	1.45402	6.47623	10.5673	9.91695	9.99753	9.52068	7.73859	14.3905	18.1881	14.9425	9.08054	6.71943	4.73794	1.66337	1.42161	2.91684	3.34704	2.20876	5.32232	7.99119	6.14911	4.05336	5.59509	6.44755	2.73582	2.62002	2.73582	3.24849	3.56211	2.86858	2.6494	2.81949	3.7025	3.715	3.36551	4.2322	4.48698	3.35165	3.35165	1.2469	2.35159	4.7214	1.94723	5.10076	6.5743	2.99011	3.54456	6.1487	6.09867	4.23213	3.38372	3.32373	4.29729	3.61369	3.15156	2.84678	2.64344	2.54176	3.73165	3.90972	2.84142	3.30974	4.60569	4.26122	2.39728	2.9954	3.19075	4.18451	5.00339	4.34752	4.73797	4.73791	4.05336	3.24849	4.06479	4.40386	5.30198	4.92903	3.63096	4.06479	5.69314	4.75082	3.46078	3.56211	3.5924	5.12797	5.28752	4.80576	5.12813	5.78158	5.8423	5.36845	5.46211	5.43106	5.62821	6.34496	5.84227	5.58446	5.9669	5.8106	4.77995	4.23959	5.00339	7.16713	6.21078	5.78158	6.70814	6.53507	6.17124	5.62813	7.30013	8.69435	8.26143	8.3198	8.09865	7.37474	7.09689	6.6094	7.16114	7.06258	6.20854	7.14408	8.11544	7.92466	7.31053	7.29592	7.76415	7.99887	8.30708	9.06908	9.12031	8.0705	7.14196	7.01279	7.71508	7.93988	7.73086	8.00641	8.03846	8.37042	8.52601	8.15078	8.35426	8.61061	8.3252	7.91697	7.91697	7.83804	9.16127	9.53531	8.55613	8.78747	8.88295	8.23391	7.52981	7.46083	7.65382	8.65944	9.74347	9.38005	9.08892	9.12847	8.42265	8.02347	8.21001	7.81668	8.75121	10.3626	11.7674	10.9356	10.9152	10.5009	11.0608	10.2644	9.45168	8.49225	8.03849	8.18973	10.0886	12.0044	11.2134	9.52133	11.4478	14.4261	14.5071	14.6224	13.3957	13.5318	13.7024	16.592	13.8434	13.785	13.6803	12.4976	11.4389	11.0648	11.5656	11.2043	10.6052	11.7235	13.3209
2.00983	4.48661	3.46034	1.34277	2.68973	4.01457	3.32343	2.61967	3.23852	3.23852	4.48661	5.39339	6.13578	6.55984	11.742	9.01456	2.64334	2.68973	7.8078	11.9058	5.74642	9.4568	6.77958	3.93692	10.6705	7.83692	5.98434	7.39872	7.32427	5.84164	2.75814	2.14433	0.881648	3.38343	2.54153	2.39717	3.07681	2.49232	6.08809	6.21012	3.89745	4.15446	3.17575	3.73131	4.90029	7.07234	13.0734	11.9685	8.23105	9.79294	7.43959	4.7633	5.00302	5.81004	4.9565	3.8011	8.09934	1.34277	4.98126	11.4937	14.1033	10.6999	7.07268	13.1134	13.6994	7.15802	4.56838	3.56601	2.60184	2.12243	0.788566	1.99424	1.50631	1.84047	3.84556	1.77168	1.07252	3.86156	5.41609	1.77166	1.05794	1.89855	2.22943	1.89855	1.18276	1.62533	2.25707	2.93231	1.9067	1.62533	4.61866	5.85195	3.61338	1.66312	1.2836	3.17581	4.02228	1.97079	3.54424	6.22978	4.64528	2.64321	5.52002	5.75685	4.41384	4.18411	3.95644	4.60529	2.75239	2.75239	3.32343	2.84106	3.03102	4.29692	3.54424	1.94702	2.06312	3.86156	4.12462	3.61338	3.86557	2.64915	3.17577	4.35753	3.17575	2.82472	2.39717	1.84042	2.60184	3.17577	3.01054	4.4969	4.02228	2.29124	2.61967	4.92846	3.86158	1.94704	2.3971	2.22943	4.4969	4.48661	2.29124	2.86824	3.41987	2.8247	1.97082	2.1225	2.31819	3.21456	4.41384	3.67705	2.82472	3.36515	3.67705	2.61967	2.60184	3.76838	6.09814	5.90411	3.86156	2.49228	2.54166	2.56585	5.10032	4.3469	3.00035	3.08185	3.35133	3.23864	3.63062	3.56171	4.09458	3.21456	2.69557	3.00029	4.83071	3.80119	2.78611	2.69557	3.35133	3.70224	3.36518	3.19043	3.29079	3.23864	2.73554	3.17094	3.21462	4.06436	4.2573	3.41994	3.87764	4.45562	5.12145	4.3149	3.35133	3.35135	3.70226	4.05295	3.70226	3.36518	3.52243	5.94556	5.67368	3.71478	3.63059	3.50928	3.29079	3.38811	3.69807	3.56171	5.58641	6.55515	4.75361	4.18424	4.57518	4.22822	3.36518	2.90587	2.81922	6.44698	5.37916	4.802	4.18424	5.28698	4.06444	5.79945	4.32931	4.76334	4.93792	4.2573	2.78611	3.86575	6.21021	5.47543	3.99162	5.6927	6.53429	6.49907	7.53082	6.32258	6.36113	4.73743	8.49125	5.4951	5.00597	4.61871	5.2286	6.67318	4.4419	4.96582	2.12983	2.45472	5.21956	7.96923
1.62527	5.90615	5.45246	3.95627	2.31797	3.63008	3.48666	2.61937	2.99989	2.99989	4.89031	6.14505	5.50276	5.21902	13.2656	10.098	5.6081	5.58613	7.94569	11.8391	2.90551	8.82458	5.60775	2.17995	8.64518	9.93859	3.664	4.41013	8.58262	9.26535	4.73703	3.80903	3.79274	4.92812	3.73519	2.00964	1.81484	2.44819	5.2279	4.44123	3.13617	3.52197	2.12227	3.71438	5.07569	7.21027	12.9619	11.0794	5.34713	6.87952	8.08744	7.05246	5.03635	6.78122	6.89942	7.01992	6.6448	3.36473	6.72697	12.944	15.631	9.9251	1.89845	11.3116	12.7301	9.69978	6.51706	3.991	3.08139	2.44804	1.2341	2.17995	2.2292	1.11507	3.71429	1.59628	1.34265	3.08139	4.72699	1.42126	0.881564	1.97056	2.20821	1.84024	1.58653	1.94683	2.45439	2.93201	2.06291	2.29777	5.12691	6.36521	3.56565	1.67227	2.17995	2.90551	3.3417	2.49204	3.17545	5.80135	4.75299	1.87365	4.39935	5.26887	4.52385	4.69438	5.03615	5.69206	4.52385	4.10919	3.54388	2.84623	3.07638	4.29647	3.52197	1.89836	2.14408	3.4689	3.664	3.86116	4.35707	2.24305	2.60157	3.71429	3.613	2.86789	1.05784	1.2341	2.78568	3.41947	3.17545	4.32869	3.95603	2.17995	2.49204	4.73677	4.05244	1.77148	2.49204	2.31793	4.64813	4.64813	2.12227	2.7352	3.07638	2.39686	1.94685	2.1223	1.93885	2.78571	4.32869	3.95606	2.64887	3.04098	3.29037	2.49204	2.90551	3.79255	5.51668	5.80135	4.68444	4.28573	3.54408	3.52221	4.12049	5.09979	1.84024	2.12236	2.82443	3.19009	3.34184	4.01436	4.76284	3.87725	2.90561	2.84088	4.8998	3.17064	2.61955	3.12148	3.70191	4.05256	3.21432	3.19014	3.01546	2.61952	2.84637	3.35103	3.17553	3.88918	4.10928	3.17553	3.69772	4.08291	4.83974	4.35361	3.69772	3.87728	3.88922	4.04876	3.70191	3.56143	3.53964	5.84092	5.45233	3.17551	3.17064	3.24787	3.34184	3.41963	3.70191	3.70191	5.28927	6.47706	4.34649	3.52649	4.04876	3.70188	3.35103	3.46012	3.89722	6.44164	5.11187	2.90561	4.12068	4.58818	3.36487	4.73684	3.93663	5.37878	4.28227	3.88918	4.01436	4.507	7.19129	5.127	4.01825	5.67876	7.15541	8.05935	7.9324	6.49847	5.80156	5.47498	7.88649	8.15657	7.39186	7.41638	6.92382	6.36554	6.49868	5.45258	3.56581	4.37151	5.49459	8.23187
5.17147	6.30435	4.50976	2.31775	2.54117	4.23834	3.90861	3.04069	3.17516	3.40105	6.84323	9.28866	7.78129	7.0712	16.136	12.7188	9.64513	14.5813	14.9803	8.99139	0.49868	5.85083	4.76243	3.87699	6.29457	9.88649	6.38381	8.85633	9.00151	12.567	11.4921	11.6851	9.40924	6.85224	4.08253	3.38295	5.41532	6.67194	7.56778	5.28899	5.00207	5.62652	2.752	2.229	2.95283	6.34308	13.4119	12.5541	8.52355	8.88532	9.25485	10.3005	11.8597	13.7676	14.5891	9.8461	2.91587	15.2273	15.3935	15.3308	12.2969	5.28597	9.45535	9.26448	6.60723	10.489	10.0259	6.04403	3.88881	2.64864	2.12209	2.81868	2.82418	2.37071	4.62793	4.82994	4.23118	3.29016	3.3228	1.24651	2.00944	2.82418	3.17034	2.8406	2.90532	3.29016	3.59135	4.0522	3.90867	3.9714	5.89269	6.94058	4.9743	5.03584	5.7799	5.51643	4.39914	3.93624	4.95259	5.86402	4.23101	2.31771	3.70147	4.15367	3.13589	3.86085	4.3461	4.35321	6.53287	6.49768	3.62981	3.24747	3.07612	4.0938	4.02151	2.9997	3.35071	4.22741	4.22741	4.1089	4.02151	2.68346	3.62979	3.67635	3.84483	4.4858	3.95584	4.73658	5.06324	5.11154	4.57769	4.58775	4.62786	3.71407	3.76369	4.80102	4.35321	3.35071	3.93624	4.06366	5.64826	6.01366	5.00517	4.96506	4.69406	4.52354	4.41316	4.56429	4.64793	5.28896	6.50491	5.86411	4.73655	5.24519	5.79577	5.74532	6.0036	6.30449	7.0171	6.5166	5.84046	6.38151	6.55877	8.23154	8.02303	6.30449	5.69162	6.6237	7.72861	7.37259	6.59829	7.45867	8.80369	8.53421	7.92234	7.39938	7.73636	7.16539	7.6099	8.30466	8.23152	8.23149	8.16882	8.25903	7.68136	7.58391	8.06443	7.9681	7.60987	7.77748	7.71284	7.44848	8.00409	8.23149	8.25163	7.98889	7.77748	8.07377	8.53243	8.83957	8.46675	8.38251	8.40591	9.15865	8.74871	7.52761	7.60388	8.22232	9.11766	9.54526	9.55623	9.1735	9.28729	9.70526	8.15577	7.71284	8.86675	9.68688	9.49964	8.54484	8.46675	9.90648	9.44896	8.79007	9.82939	12.0473	12.977	12.3282	10.9946	10.8318	11.111	10.1211	8.68658	9.30835	13.1247	13.6974	11.3619	12.4002	14.3586	13.9303	12.7295	15.7432	15.378	13.3346	14.8891	18.0342	18.6187	17.5303	16.4648	16.2349	16.1514	14.0321	12.2914	14.2317	14.0617	11.82
2.15099	2.90496	2.90496	1.3424	2.66585	4.92716	4.10859	3.21371	3.53891	4.1085	8.45841	11.1836	8.78908	9.3396	18.4197	13.8658	7.82349	9.77792	9.56786	9.35414	6.85159	3.93578	3.77979	4.56389	5.98246	9.53445	7.30732	8.93308	1.07221	6.32319	7.19239	6.33058	7.77641	7.96118	2.78515	3.36422	4.50951	5.94408	8.15503	6.45972	5.54916	5.80839	5.38072	5.65879	3.30865	2.29727	10.6759	10.6968	7.46401	7.71199	7.48845	8.54588	10.1892	11.3609	12.2426	9.47332	13.948	15.7927	8.20127	14.5268	16.3496	11.8174	12.2122	11.4127	6.82509	6.49701	11.9969	9.63434	4.23793	2.29742	1.41006	2.75721	2.31748	2.29064	3.90839	5.07194	4.68385	3.24731	0.726847	1.66273	3.07591	3.93588	3.80012	3.12089	2.86748	3.01489	3.36422	4.04799	3.88848	3.38715	4.67372	5.65841	4.19758	3.36418	4.22336	3.67612	2.99434	3.69701	4.95205	5.28546	4.06324	3.38715	4.06319	4.14215	5.11101	6.75078	6.51377	5.24471	7.92124	7.84432	3.18948	3.12077	2.90496	3.86045	4.17179	3.12077	3.21363	3.97092	4.08213	4.227	4.05179	3.17003	3.89631	3.56497	3.62942	4.10466	3.50815	4.28145	4.96462	5.07489	4.6275	4.57726	4.58731	3.35039	3.17003	4.65726	4.76193	4.23798	4.25615	4.01359	5.29996	5.58484	4.04799	3.50829	3.93588	4.43013	4.2851	4.41277	4.56389	5.585	6.67802	5.75542	5.03539	5.75542	6.09665	5.67768	5.94408	6.51377	7.56903	7.60906	7.46401	6.85164	6.33042	6.51377	7.9883	8.12543	6.71688	7.19014	8.38178	7.9883	6.14677	7.29304	8.78401	8.31666	8.02234	7.96172	8.09737	7.65093	7.5451	7.96741	7.87369	7.68657	7.91587	8.25831	7.96172	7.87369	8.02043	8.02234	7.87369	7.84472	7.93687	7.68066	8.03545	8.48199	8.23077	7.37396	6.7734	6.99047	7.86975	8.38895	8.40518	8.38178	8.31666	8.63179	8.24169	7.52896	7.68066	8.36007	9.07223	9.44822	9.35414	9.11687	9.63179	10.0714	8.38895	6.84287	7.93102	9.28967	9.40371	8.67372	8.2308	9.59119	10.2081	10.0315	10.1158	11.353	11.814	13.3465	12.9367	11.2526	11.078	10.2722	7.58527	7.32641	10.0315	13.6825	10.7347	10.1423	11.7191	14.1615	11.9229	15.469	15.6102	13.1291	12.6781	15.2152	17.6502	17.0749	15.458	14.6813	14.1973	13.9169	13.0228	15.0957	15.1454	13.5642
2.95227	1.94627	2.17939	2.99912	4.14177	4.56664	3.35007	3.12057	3.69666	4.10812	8.11116	11.3825	7.99468	6.75002	17.0167	11.0871	3.74245	6.20776	7.91283	5.54861	10.2938	3.04017	5.12569	6.71625	4.41232	7.33987	7.07824	6.68178	2.35052	0.726775	1.45332	4.48488	8.5375	8.07189	2.47261	3.72988	2.6656	4.45043	6.05559	3.5604	4.97629	2.61866	2.64233	2.49141	3.79965	0.949206	7.88212	8.49501	4.95154	5.7999	6.36368	5.96669	5.12569	5.5181	7.19147	11.0779	18.4072	19.171	14.5237	17.5755	16.8151	17.3127	22.42	5.28496	2.46634	0.394151	13.2271	13.1172	4.52257	2.3637	1.2463	3.23249	2.73443	2.29714	1.37653	1.40992	1.58608	2.15066	2.52223	2.61875	3.18922	3.52108	3.38682	3.40052	3.07563	2.84006	2.99912	3.41856	3.04011	2.46634	3.46793	3.98989	4.39818	4.45392	4.06276	2.4537	1.42086	2.84543	4.80003	5.33696	4.28103	3.89608	3.87616	3.21334	5.51515	5.42538	3.01456	3.21334	7.5279	7.55006	3.24693	2.99912	2.56487	3.77924	4.01689	2.9939	2.83997	3.71325	3.93537	4.06276	3.88807	3.38682	4.58687	4.39824	2.99912	2.74005	4.19722	3.87605	2.25621	3.23729	3.88807	3.87217	3.73406	2.81814	2.64811	4.64354	4.61695	3.70083	3.70083	3.18922	5.03473	5.20585	2.99912	1.79706	2.68294	3.72988	3.34544	3.24693	3.12057	4.23753	5.4141	4.74855	4.28467	5.29952	5.29952	4.06289	4.41226	5.62271	6.67735	5.97422	5.11053	5.47335	5.99467	4.97328	3.52548	3.86427	4.96412	6.32259	5.64724	5.11068	5.3458	6.67052	7.05037	5.06228	4.88604	5.21782	6.10862	5.83946	4.8986	4.73565	5.03488	5.22661	5.5181	5.55694	5.62558	5.81848	5.81584	5.60645	5.66631	6.10862	6.3444	5.74423	6.09605	6.20794	5.88911	6.10862	5.67168	5.14655	5.80779	5.80783	5.45099	5.83949	5.90472	6.3033	6.18571	5.03483	4.90485	6.15595	6.18571	5.6771	6.04822	6.28149	6.51312	7.19147	6.60624	6.08859	7.01793	7.26506	5.19418	5.73626	6.05581	6.84428	6.60839	4.8986	5.97435	6.14846	5.17028	4.86378	5.19418	6.98546	7.10216	6.8132	7.10221	6.27415	5.03488	7.38138	7.39789	6.64307	6.9504	12.0046	10.1148	9.36442	9.52931	8.90241	7.6799	8.61524	10.3748	10.4775	9.94834	9.60596	9.02319	10.1895	7.14065	9.43433	8.78156	9.64332
4.97267	2.75669	1.59569	2.78465	3.70038	4.17099	3.12017	2.29692	2.69422	3.30784	7.22851	11.0793	8.53662	6.5775	15.0018	10.5845	1.51584	6.98237	9.60777	4.61648	11.3399	1.51594	5.8204	5.26715	3.90756	5.65734	6.82333	4.25156	3.67528	1.76198	1.45318	4.8633	9.96932	7.36392	1.96981	3.41816	2.84515	3.71287	5.71395	2.15044	6.04226	1.62462	1.4208	1.27077	2.61837	1.81404	6.69931	8.4174	3.23216	3.07523	2.47239	1.90589	2.47239	3.71301	5.62489	8.90962	13.7778	13.4137	14.1152	20.148	23.7158	6.16772	20.1713	13.4297	1.77081	3.48533	15.0949	14.5521	4.56276	1.93811	1.24616	3.47201	3.0752	1.59567	0.726684	1.27077	1.1146	3.32182	3.46757	1.77083	2.00881	2.60057	2.84515	2.4661	1.96992	1.94611	2.73415	2.95197	2.45345	2.06212	2.44711	2.73976	2.78462	4.0509	4.0509	2.93089	2.61837	2.50343	5.51735	5.90387	3.41823	2.49113	3.17429	2.64788	3.7336	5.33642	3.7005	4.02034	7.92919	7.47243	2.2969	1.58593	1.76198	4.12261	3.95452	2.44711	2.61837	4.12261	4.3448	4.17099	3.62873	2.49109	4.50845	4.08135	2.52208	1.77083	3.87565	4.10762	2.50343	4.10762	3.80733	2.68267	3.0752	2.35024	1.96984	4.29483	4.50498	2.93089	2.99359	2.56461	5.03417	5.16976	2.45356	1.283	2.93089	3.95452	3.0752	2.31704	2.11415	3.40005	5.0372	4.18209	2.64786	4.22978	4.10771	2.56471	3.59024	5.22591	5.22591	3.46757	2.9884	5.60286	5.58372	3.36353	2.29009	2.52195	3.53824	4.65637	4.22978	2.39603	2.61855	4.52212	5.81501	3.17429	2.39603	2.83979	3.87577	3.34975	2.66539	2.81787	3.16943	3.18892	3.90748	4.08135	2.99377	3.34056	3.59034	3.07536	3.12029	4.04722	4.2262	3.3865	4.06241	4.31282	4.42921	4.76107	4.06252	3.36358	4.89793	4.8379	3.34973	3.70047	3.71301	4.57636	4.40131	2.99886	3.41823	4.8379	4.56618	3.70047	4.06246	3.67542	4.22256	5.79396	5.29895	4.25543	5.62218	6.22195	3.17432	2.78477	2.84528	4.73503	4.87588	2.83968	3.72951	4.05102	3.17424	3.95452	4.53905	3.95455	4.23717	3.98201	4.78372	4.1191	3.40021	4.82839	4.75133	4.08142	4.2262	7.56543	5.55644	4.73203	5.22614	4.73526	4.15272	5.62489	6.15532	4.99769	5.2262	5.79414	5.06182	8.19942	2.99377	7.69257	4.57638	4.79982
5.0974	3.36315	2.66509	4.05065	4.2258	5.03377	4.04683	2.45331	2.99855	3.90712	6.44331	9.87069	9.26562	6.84949	12.8694	11.6751	4.89749	5.413	6.614	4.6261	8.37898	7.607	9.82405	7.75895	8.24852	6.89188	6.64167	5.27524	4.06207	0.74771	4.19661	5.71902	9.08246	6.49521	2.66512	3.76218	3.11989	4.22939	6.77125	4.34462	7.53669	5.21682	3.90724	4.02013	5.21682	6.00132	4.69216	7.00776	4.06207	3.90717	3.7002	3.98933	4.73477	5.10969	6.20676	8.9426	12.6545	12.489	15.3113	20.4158	26.6719	23.7701	24.2572	18.0928	8.22843	8.14534	17.3213	14.1452	5.62436	4.39751	5.51715	5.3361	3.03959	0.249249	1.77064	2.11395	1.96969	4.22939	4.31243	2.84499	2.95179	2.99339	3.62843	3.16913	2.68831	3.07504	3.53794	3.16913	2.64176	2.82308	3.3448	3.70014	3.17401	3.79077	3.95417	3.54221	3.84336	2.99855	4.88803	5.65685	3.47171	1.50544	2.45323	2.12852	2.36968	3.87531	3.56395	5.10947	8.63945	7.87103	2.49085	1.89753	2.49089	4.73458	4.18171	2.14306	2.84489	4.79912	4.40781	3.95417	3.71255	2.7339	4.48405	3.38607	1.42063	2.22822	4.28015	4.35155	3.18857	4.57248	4.09224	3.45836	3.90712	3.18861	3.07502	4.48409	4.67241	3.28882	3.00881	2.52173	5.31283	5.12448	1.83942	2.83956	4.58604	4.586	3.36322	2.99855	3.21278	4.04683	5.33594	4.56577	3.34943	5.00007	4.76058	4.02013	5.34469	6.15474	6.68748	6.89188	6.90298	7.53669	6.43628	4.28022	5.22561	5.72173	5.00016	4.92264	5.27234	4.57265	5.13371	6.51189	6.49303	4.14107	4.02013	5.00327	5.24319	4.67257	4.80252	5.12469	5.3361	5.12469	5.41319	5.49196	4.64616	5.42457	5.81473	5.70031	5.90362	6.10746	6.0064	5.74314	5.88799	6.06216	6.53057	6.09489	5.34476	5.89063	7.09217	6.53057	5.3361	5.24319	5.07342	6.01145	6.13243	5.97066	6.49313	6.72394	5.66515	4.79926	4.9507	5.06131	6.51189	6.70349	4.3974	2.64763	3.9698	5.03372	4.76058	6.06474	6.38887	6.84974	6.92052	6.2265	6.55158	5.58339	5.42457	7.22816	7.94974	7.20703	7.18807	7.36365	8.58737	8.05577	6.87648	8.22838	9.38181	8.88212	8.19891	8.40802	9.0696	9.76932	10.7316	10.5363	9.75708	10.8645	10.3269	8.5786	8.66077	8.91588	8.78673	11.5081	8.65729	10.8316	8.24852	7.15423
3.98097	4.12183	4.79863	4.57549	4.08064	5.71835	4.42844	3.11478	3.69979	4.41095	5.88723	7.09335	9.31634	7.43856	13.0383	14.3363	3.93422	4.67215	7.5903	4.64575	3.4849	10.5803	10.4576	9.3169	10.216	9.57062	9.17243	7.65197	3.46709	4.05012	3.53761	4.4005	5.34399	4.49387	2.93051	3.73305	2.81733	4.7178	7.0676	3.86319	7.48561	8.0174	7.21918	6.08691	5.83792	6.5113	2.84474	3.73298	5.39	5.97014	6.38831	6.33068	6.25051	6.35953	7.16204	9.69462	13.2664	14.4756	17.0855	21.7649	28.3368	30.9214	27.4561	19.0786	13.9417	14.2323	18.4113	12.8506	7.10018	6.25051	6.49498	4.6025	1.89736	1.90541	2.66483	2.31665	2.1429	4.50759	4.56531	3.28861	3.79056	3.95398	4.4005	4.06169	3.77834	4.17043	4.28346	4.06174	3.56377	3.73305	4.05027	3.7123	3.24601	3.34909	3.46691	4.40735	4.78262	3.21248	3.11958	4.84961	4.10683	1.50529	1.37605	2.53981	4.19598	5.20434	5.10907	5.28628	7.91815	7.47101	2.95141	3.07474	3.56377	4.97184	4.45264	2.73373	3.36289	5.12398	4.44913	4.06158	4.11813	3.41757	4.44913	3.76181	2.90394	3.45814	4.75042	4.57549	3.7123	4.48365	4.18132	4.52126	4.76012	4.18146	4.11832	4.75045	4.95016	3.87506	3.52447	3.87506	6.00564	5.33541	3.7619	4.57224	5.3757	5.54705	4.57224	3.79867	3.7123	4.57551	5.81929	5.27474	4.62574	5.97252	5.80618	5.55538	6.34262	6.37859	7.73845	8.06984	8.06441	8.19451	6.94844	6.30152	6.77083	6.90897	6.59521	6.38822	6.37859	6.00078	7.13655	8.15942	7.32363	6.43591	6.98133	7.21284	7.13866	6.98353	6.98353	7.13655	7.68366	7.84179	7.83211	7.70924	7.39387	8.06441	8.16503	8.15949	8.44321	8.46282	8.29894	8.14463	8.29714	8.31891	8.03239	7.42659	7.37123	7.91098	8.95708	8.96046	7.9282	7.13655	6.84028	8.03423	8.46452	8.31352	8.7585	8.7033	7.60033	7.06798	7.20647	7.48564	8.74294	9.0223	7.33822	5.75332	6.26503	5.83777	6.74808	7.91081	8.92188	9.6824	9.6638	8.84739	8.61286	8.38578	8.53025	9.49987	8.90155	8.3641	8.71184	8.69816	10.721	11.5125	10.7321	12.0419	13.627	12.6274	12.5626	11.8134	13.0157	14.3601	15.7086	15.8144	14.178	13.3858	12.9554	13.4021	13.8125	13.1935	12.4216	14.232	12.9912	14.4559	12.1326	11.9135
4.14028	3.95344	6.28368	4.41047	2.99798	4.25399	2.61764	0.557212	2.84435	4.50718	6.8904	5.64504	4.86186	6.85945	13.9869	15.904	11.1048	10.5583	8.90066	7.97282	6.23242	5.8475	4.2576	3.14901	4.9498	5.45739	7.56349	4.50396	4.97439	4.8871	3.07434	3.3209	3.51965	2.78387	2.39536	3.24569	2.95123	4.44873	7.05188	3.00824	2.64712	3.16852	3.62771	2.12081	1.11432	3.07935	3.85861	1.42038	3.39922	4.10292	3.93403	2.93021	2.52134	3.03901	3.67435	5.45728	8.09892	8.57679	9.32067	10.9546	12.1938	12.3851	10.797	9.06625	10.111	12.4168	12.8765	7.28957	3.46674	1.42038	1.4948	2.12812	2.22772	2.9142	2.52124	1.62411	1.7703	3.80627	4.10648	2.25535	2.12812	2.49038	3.73263	3.52411	2.8661	2.95123	3.41733	3.28828	2.3628	2.49038	3.00824	2.73338	2.47166	2.6471	2.73338	4.82695	4.82695	2.1785	2.83893	5.00216	4.34361	1.59522	1.23327	2.52124	7.13552	7.94813	6.38758	4.97145	6.2054	6.70201	3.66158	3.17332	2.4654	3.89447	3.95344	2.49041	3.17339	4.48319	3.95342	3.86262	4.09146	3.17334	4.48319	4.35073	3.24569	3.03901	3.7982	3.67425	2.83893	3.72846	3.95344	4.41047	4.09146	2.73338	2.6471	3.76146	4.35073	3.52411	3.34879	3.88658	5.72047	5.24207	4.40006	4.14028	4.25411	4.40006	3.72858	3.6995	3.55904	4.45223	5.41204	4.60187	3.69942	5.00216	4.7337	3.88658	4.42796	4.41054	6.45159	6.59194	4.10655	4.39657	5.80562	5.86077	4.62529	4.04988	4.01166	4.99921	5.28299	4.42801	4.40008	4.92483	5.07246	5.55482	5.88687	5.35234	5.33508	5.28597	5.03296	4.8367	5.516	5.72064	5.90248	6.05347	5.58237	5.72064	5.35234	5.34374	5.65603	5.97208	6.00018	5.61248	6.22038	6.32755	5.96178	5.71793	5.16846	4.9498	6.32019	6.33953	5.57964	5.57964	5.12371	6.85945	7.0218	5.97208	5.88687	5.96178	5.90248	6.06359	6.34199	5.96178	6.66569	7.91005	8.55588	8.31269	8.19736	7.91208	6.09373	7.61322	6.15361	7.0002	7.10373	6.29124	6.71366	6.65664	5.83727	5.80562	5.27425	5.79769	5.81875	4.40006	4.99921	6.83072	8.68691	9.3609	9.61326	8.54	10.1462	10.2629	7.86599	7.63133	8.44415	10.6756	9.99542	8.14193	7.98437	8.83967	9.63969	8.89906	7.70847	9.55697	10.5344	11.1193	9.01979	10.0608
3.66144	2.8223	6.56806	4.95222	2.66432	2.44617	2.29596	1.18173	3.13377	5.51249	7.8302	4.58468	1.96916	3.36216	10.7556	11.988	8.14309	6.6054	6.77608	9.37072	7.8302	5.99937	7.01221	1.77015	3.21179	2.83866	4.50673	2.52102	6.03996	4.64126	3.49285	3.5629	2.9976	1.4202	1.8389	2.641	2.52109	4.4828	7.06629	2.83866	1.73471	3.27368	4.80093	3.36225	1.897	1.83883	3.98795	2.1279	1.50507	1.624	2.28922	1.11417	1.05703	1.76136	1.96913	3.72808	5.65522	5.50141	4.93368	5.44549	5.44832	3.96877	4.35043	5.45677	4.22839	7.20499	6.49354	2.69327	0.72643	1.11417	2.2275	1.96905	2.008	2.88722	2.14961	1.81335	2.00804	2.99245	3.74044	2.49007	2.12059	2.73872	3.95301	2.90329	2.12065	2.29602	2.64685	1.94537	0.880919	1.66167	3.17299	3.00793	2.14244	2.2275	2.2275	4.68087	4.64126	2.05379	3.23093	4.64459	3.07903	0.557138	1.51526	2.68739	8.63867	8.61076	3.88626	3.58897	4.73323	5.02611	3.76511	4.4827	2.29596	3.17299	3.9059	2.06134	2.6174	3.47069	3.36216	4.2281	4.25715	2.99245	4.58456	4.49301	2.31615	2.11334	3.00793	3.23093	2.52099	3.23093	3.95301	4.10231	3.41686	2.50248	2.68739	3.54118	3.77741	3.07402	2.39502	2.53933	5.8678	4.95222	3.56293	3.79783	3.01316	2.95084	2.78359	2.69327	3.07415	3.96865	4.87402	3.78966	2.56363	4.58456	4.49301	3.23572	4.41002	3.62737	6.12295	6.66716	2.78359	4.43784	5.67417	4.22459	3.03872	2.66432	3.00793	4.01115	4.25364	2.99771	3.11898	4.41002	3.93353	3.52378	3.71154	3.21187	3.34847	3.34384	2.90339	2.83871	4.01115	3.93353	3.5238	3.6949	3.1877	3.5194	3.1877	3.21187	3.38521	3.71159	3.55871	3.3623	4.62476	3.88626	4.22461	4.39615	3.21187	3.34384	4.83605	4.80093	3.34384	3.33929	3.00807	5.99937	6.27095	3.79794	3.38521	4.10615	3.87032	3.55871	4.41011	3.87432	5.28528	7.54645	5.07199	5.3346	5.79449	5.68785	4.22839	6.74896	6.66716	4.39964	4.04949	4.04949	4.39966	3.71159	2.83871	3.96865	4.18052	5.16779	4.45179	3.21179	4.80093	4.10624	4.88375	5.10826	5.58182	5.00186	5.50162	7.54057	3.1732	5.57883	4.75921	5.38898	6.37738	5.10826	5.10814	5.68773	4.56128	4.57137	5.31716	5.03245	6.88995	5.67444	4.57137	6.06045
9.01977	7.25489	3.96828	4.57074	3.24499	3.47038	4.42717	4.16921	3.87394	5.36255	7.4323	3.51898	0.176174	2.29576	7.92551	8.53267	4.87359	7.01604	6.7213	9.52355	7.91027	4.16903	7.24406	3.93312	5.03507	10.3647	9.1666	7.32151	8.56989	7.87978	6.52809	6.09257	5.51495	3.23555	2.45238	4.04911	4.67079	5.99131	7.14915	2.83847	2.90303	3.8579	4.86101	4.2242	2.34918	1.58517	3.93312	2.90303	1.12795	0.898237	2.24114	1.24552	0.898237	1.0715	1.28234	3.1335	4.29282	4.44788	4.2351	4.57083	5.28198	5.22362	5.3628	7.09812	7.449	7.14929	3.50593	1.24558	1.42004	1.90487	1.81319	1.66153	2.05361	3.02813	2.52076	2.34912	2.52079	3.41661	4.31078	3.34352	2.82202	3.58854	4.40963	2.61716	1.9689	2.34912	2.8655	2.9031	3.13366	2.91376	3.96828	4.10577	3.11879	3.55836	3.58861	4.3499	4.40613	1.73456	3.36187	5.1315	3.62704	3.17287	3.72787	4.04529	8.25241	7.80042	2.8438	2.53911	3.74011	3.87384	3.36187	4.39562	2.78333	3.47038	4.23501	2.39478	2.75539	3.62702	3.62704	4.24957	4.43745	3.23064	4.29282	4.23501	2.39478	2.52079	3.7112	3.87393	3.16792	3.76074	4.22778	4.18012	3.67354	3.01283	3.1187	3.8579	4.11698	3.58854	2.99225	3.1728	6.59069	5.51203	3.90563	4.3499	2.83843	3.53659	4.22055	3.76081	3.72787	4.58429	5.66292	4.92076	3.842	5.34257	5.54534	4.39924	5.51486	4.5742	6.3862	6.35981	2.47121	5.51203	6.83804	5.09559	5.12274	5.57858	5.71956	5.8177	5.2965	4.57091	4.94886	5.97082	5.63042	4.94886	4.8262	4.39579	4.94886	5.50107	5.34272	5.42534	5.92201	5.85966	5.50107	5.71956	5.58131	5.77551	5.58131	5.4225	5.67387	6.16245	6.20202	6.12267	6.60475	5.9401	6.38637	7.10238	6.85834	6.51182	6.60475	6.51171	5.2412	4.64107	5.18827	7.18526	6.7213	4.18025	4.67079	6.54909	6.76887	6.20449	6.17234	5.71956	6.33832	7.64955	5.10762	5.79672	8.62605	8.29832	7.58019	7.22542	6.72126	5.85957	7.0162	7.29451	6.77339	6.90697	7.68934	8.63654	8.15706	7.52386	5.96064	5.12274	6.4929	5.8177	6.38639	7.68934	8.60163	9.29973	10.2523	11.9247	10.5282	9.72113	7.22542	6.82051	10.2262	9.99507	8.93106	9.23657	8.37618	9.29973	10.9904	10.4901	9.29648	7.87804	8.76113	8.92598
10.2876	8.53925	3.55803	2.362	4.1797	6.95862	6.37605	5.9909	4.99483	4.42668	7.45196	4.82563	3.02801	2.52061	6.73633	9.13901	6.49208	6.38547	4.01032	9.05823	7.2244	2.46469	6.28918	6.98044	9.87968	10.3952	8.73977	7.56137	8.42372	9.09823	7.93844	7.64514	7.77469	5.37366	3.32013	5.45568	5.41064	6.03147	6.68431	3.97973	4.97005	5.09811	4.40927	4.27809	3.01254	1.96876	3.7971	3.38449	1.45235	0.726291	1.90468	1.813	1.41993	1.07141	1.4523	2.25468	2.91334	3.69835	4.48206	5.28446	5.9985	6.44059	6.73678	7.87736	8.04452	5.48671	2.39466	1.02703	1.90468	2.75511	2.12024	2.29558	2.31571	3.2351	3.67318	3.1725	2.99714	4.31036	4.96995	3.76047	3.28735	3.69835	4.01039	3.01254	2.82176	2.99714	3.88547	4.42675	4.72932	4.60074	4.42675	5.12212	4.28183	4.44762	3.8935	3.34783	4.01804	1.76103	2.68688	5.96237	4.64371	3.55803	4.24935	5.0315	6.81955	5.5142	2.78302	3.13317	4.22729	4.01032	3.02782	3.02782	2.84352	4.04858	4.5024	3.49219	3.39811	4.44744	4.27809	3.55796	3.86149	3.27306	4.43699	4.32456	3.11839	3.4567	4.31036	4.39531	4.01053	4.74864	4.57039	4.42668	4.62388	3.73163	3.36166	4.51954	4.86053	3.87355	3.69838	3.90532	6.43553	6.05154	4.22378	4.07901	3.87358	4.79699	4.82575	4.51968	4.83534	5.92147	6.85756	6.26266	5.65445	6.37617	6.31598	5.34216	6.31598	5.85911	7.35997	7.53312	5.49784	6.31598	7.81525	6.66607	5.93957	6.3595	7.13596	7.58743	7.09749	6.51125	6.59038	7.82903	8.10612	7.21644	6.97869	6.8221	7.32086	7.77091	7.7768	7.81758	8.06697	8.02938	7.83879	8.22456	8.16194	8.29401	8.16194	7.96139	8.06136	8.29581	8.67928	8.96554	9.22121	8.67928	8.76719	9.54813	9.72803	10.0773	9.37747	8.25202	7.52326	7.83883	8.45963	9.11813	8.14887	6.97869	7.45236	8.60952	8.67921	8.7277	8.84406	8.14155	7.9708	8.07991	6.89301	7.36636	10.4138	11.4363	11.7917	11.0951	8.68099	9.26153	10.5664	9.82117	9.11001	9.53407	10.4423	11.2756	11.0109	9.72803	8.07449	7.75534	8.02935	7.56137	9.44887	11.2009	12.719	14.042	15.1175	16.9109	16.3516	13.3324	10.0773	11.5794	14.3886	15.1548	13.994	12.7464	11.9103	12.8597	14.7189	15.0773	14.4064	13.484	13.6652	13.1568
4.25237	5.84528	4.04833	4.53628	4.56996	7.77369	6.44909	2.12	1.24534	3.18674	7.09649	4.73185	1.41984	2.00752	5.81381	7.9202	6.44914	6.69961	5.79013	8.8716	6.85685	5.38741	7.36532	9.05746	11.5891	6.89877	2.3155	4.10491	4.78032	5.89999	4.39483	3.90488	5.93878	4.86008	2.39444	4.0899	2.86491	3.73114	4.72859	0.393866	2.92895	4.61338	3.8731	2.98643	2.56291	2.12739	3.698	4.13861	2.12004	0.880659	1.89637	1.9685	1.02694	0.635045	1.12768	1.62347	2.00745	1.73423	2.12004	2.82147	2.81599	2.48946	1.96858	1.50463	1.62347	2.17767	2.73234	2.29536	2.64609	3.28693	2.47072	2.46446	2.46446	3.45638	3.95193	2.69243	2.29536	4.40879	4.40879	2.3155	2.12004	2.56291	3.54019	3.28693	2.99168	2.99685	3.58786	4.05967	3.11819	3.76426	3.23493	3.69794	2.44549	1.41977	1.37541	1.74313	3.23479	1.62347	2.84326	6.59175	5.10656	2.75486	2.45182	3.28693	4.49176	4.25597	3.23002	2.99161	4.36667	4.92283	3.1181	2.34867	2.91308	4.19402	4.1199	3.8731	3.56191	4.50201	4.10491	2.44549	3.31963	3.46972	4.9725	4.55975	3.1181	3.07316	4.04823	4.32418	2.99168	3.93241	4.07863	4.05971	4.34907	3.34749	3.38423	4.62345	4.56316	3.38418	3.55763	3.34749	5.73965	5.65365	2.95001	2.99161	3.93237	4.01002	2.99683	3.03779	3.21088	4.34907	5.62109	4.74816	4.1387	4.92296	4.77397	4.25243	5.58008	6.15124	7.53844	7.53241	6.12898	5.71847	6.81893	6.5477	4.40889	4.07869	4.2234	5.09463	5.16943	4.73204	4.7805	6.67228	6.49169	4.71579	4.94791	5.1665	5.37313	5.31573	4.83485	4.87286	5.62124	5.75048	5.75048	6.09142	5.58025	5.77441	5.73987	5.81406	5.73987	5.95951	6.33958	6.04362	6.60123	6.44937	6.76759	6.89234	5.83503	6.43281	6.85704	6.04362	5.83503	5.93897	5.67279	6.69968	6.80794	6.44937	6.16128	5.97739	5.62931	5.20199	5.9979	6.43281	6.81914	7.25966	6.40183	5.1217	7.56045	8.3942	7.91486	9.01807	9.2996	8.70771	8.70755	6.10398	6.61742	6.88796	6.26204	6.20323	6.21802	6.18113	6.23035	6.28886	5.88464	5.99017	8.1996	8.22356	8.19804	10.0051	10.8299	12.2562	11.3668	9.14358	8.53856	10.1189	9.31245	10.6896	11.3513	10.1337	8.3746	8.30953	9.72705	10.6591	12.0653	12.5045	10.4513	6.81921
5.83419	4.25553	2.24063	3.56176	3.50494	6.05033	5.106	2.83757	2.06055	2.78249	5.23946	4.83421	2.11253	1.8715	5.12999	6.08052	4.1789	5.98939	8.67712	6.74412	2.22665	4.7314	7.62742	10.5527	11.071	5.21306	1.18134	3.3792	4.74756	5.106	3.8727	2.78249	5.16576	4.25193	1.41971	2.36155	2.25425	4.23377	4.59955	0.948395	3.62599	4.79911	3.6598	1.73405	2.11984	1.57495	2.83757	4.56941	2.56265	0.787624	1.66104	1.6233	0.634979	0.880523	0.996175	1.49407	1.99175	1.12756	1.18128	2.053	2.053	1.57486	0.948349	1.24515	2.78249	2.20568	2.14879	2.29508	2.45157	2.84297	1.89618	1.9683	2.06055	3.14735	3.31929	2.14879	2.20568	4.4913	3.86075	1.73405	1.9683	2.12708	3.56154	3.46936	2.6164	2.34844	2.84297	3.71004	2.84297	1.87163	1.66114	2.14879	2.29508	1.24518	1.50443	2.25425	2.74894	2.053	4.39433	7.28585	4.5627	1.96833	2.63991	2.99645	3.36087	4.36622	3.98643	2.59859	4.14928	5.75765	3.07285	1.96833	2.75458	4.04781	3.6598	2.74894	3.46493	5.21306	4.74756	2.73767	3.6598	3.93197	4.58282	4.23377	3.13257	2.59859	4.04781	4.92232	2.28834	3.46936	3.93197	3.33787	3.46493	3.07285	3.07288	3.67248	3.85677	3.17181	3.33787	2.90218	5.27158	5.21306	2.28834	2.68637	4.39433	3.9515	2.22665	2.68062	2.75458	4.04781	5.6962	3.78821	2.90218	3.72666	3.5048	3.78821	5.49649	6.77119	6.1704	5.44611	4.10458	3.00692	4.95965	7.15122	4.42584	3.07298	2.90218	4.40484	4.05926	3.01201	3.17189	5.51042	4.8942	2.17752	3.03749	3.38384	3.36097	3.62599	3.01196	2.82122	3.73084	3.73084	4.10458	4.27728	3.18648	3.51806	3.52245	3.41571	3.28672	4.40843	4.58294	3.24415	4.25202	4.04795	4.74448	4.57287	3.34717	4.1382	3.50494	3.22988	3.69765	3.36097	2.81572	5.22193	5.0304	3.88477	3.55735	3.71013	4.50501	3.8926	4.1382	4.40848	4.6231	5.29492	4.39447	3.53559	7.44038	7.98217	4.27737	4.19385	4.53589	4.51882	6.51668	5.28327	4.11596	4.27737	3.87282	4.17893	4.34863	3.28672	3.62614	3.62611	3.36101	4.65282	7.13424	7.59561	4.75745	5.18682	5.75804	6.80732	7.99742	4.90067	4.74788	6.50979	5.80287	5.35274	6.08344	5.79512	4.53589	5.46873	5.30959	5.86597	6.90505	6.82755	5.57703	4.44659
7.35179	1.34098	4.5993	5.98915	7.00278	9.24441	8.02707	5.51295	3.79612	2.51982	3.02697	3.93166	3.8844	3.87247	5.71721	5.99656	3.88436	7.157	10.0858	7.82679	6.32399	7.37439	8.91066	12.7025	14.6661	12.929	11.331	8.63509	6.12777	3.50449	3.2342	3.34687	5.66613	4.90006	2.44513	2.56249	1.76052	4.2334	4.2334	1.62318	4.01691	4.66885	3.7305	2.45144	3.03727	3.22955	4.00936	4.62257	2.14142	0	1.4195	1.24504	0.634923	0.880446	0.948264	1.66089	2.36787	1.28185	0.897893	2.14861	2.20548	1.6702	1.5943	1.94441	3.07258	2.56242	2.66305	2.86441	3.0726	3.38353	2.69197	2.82095	2.63974	3.28631	3.17153	2.34822	2.94945	4.87174	4.05889	2.48899	2.63974	2.29492	3.38348	3.56123	2.59836	2.1269	3.07258	4.11541	3.4153	2.45144	2.99117	2.36144	3.01168	3.45581	4.01707	3.96686	3.70982	3.557	5.88335	6.46913	2.99619	1.62315	2.39387	2.73743	3.49122	4.67868	4.14892	2.78225	4.79547	6.90409	4.74403	4.34128	4.73112	4.21894	3.67214	4.05894	4.77312	5.40895	4.55888	2.92839	4.14892	3.90407	4.14892	4.34111	3.69723	2.94945	4.24795	5.03293	2.69192	4.05889	4.44619	3.75931	3.90414	3.53521	3.24376	3.50449	3.89225	3.11751	3.07258	2.84272	5.42304	5.57898	3.34687	3.69732	5.06944	4.85916	3.21032	3.16671	3.36065	4.56229	6.3574	4.6524	3.8844	4.75695	4.92202	5.10571	5.74926	7.05221	5.83374	5.23908	4.99626	4.11555	6.15011	7.43367	3.96677	2.14146	3.51772	5.54323	5.12067	4.30923	4.77959	6.49747	6.14263	4.64262	5.16551	5.03004	5.201	5.91976	5.60928	5.34928	5.62017	5.40908	5.66084	5.66084	4.89394	5.45141	5.71738	5.57919	5.73078	6.50695	6.29732	5.73078	6.67568	6.59997	6.71889	6.59997	6.58846	6.55131	5.67171	6.46943	7.44003	6.89775	6.82012	8.13908	7.31661	6.38397	6.27553	6.44815	6.97659	6.17	5.83388	5.4682	5.74938	7.25829	6.70984	6.27553	7.73334	7.06299	3.39715	3.53524	5.83394	7.9057	8.64717	6.52562	5.57915	6.99623	6.82682	6.38395	6.37434	5.99676	6.59078	7.3001	7.38892	6.81785	8.26588	8.87513	6.52562	6.22177	6.56532	7.86153	10.2801	8.8143	10.9257	11.0492	10.1975	9.63427	9.93902	10.3724	10.8306	9.90746	9.2656	11.4588	10.2325	5.85743	3.50449	5.81008
6.32587	5.69512	6.93201	4.8715	6.50636	8.77915	5.89862	3.78767	1.76041	0.72599	1.90395	2.17704	3.11731	4.65206	6.57142	6.67486	4.44925	6.35676	7.31576	7.20101	7.44958	8.73636	10.1864	12.6466	15.2326	14.7115	13.6095	11.4334	7.70939	3.17135	1.24497	2.99597	5.26186	5.12005	0.17609	1.18105	0.556818	3.65911	3.85604	2.99082	5.20038	5.68449	4.23313	3.30486	4.30883	4.32316	4.3409	3.7302	1.245	2.00689	2.06025	0.498064	0.948168	0.995984	0.948168	1.81231	3.07727	2.2947	2.05274	2.47001	2.39365	1.79517	1.96796	2.11943	3.1172	3.0723	3.01139	3.34653	3.69694	3.88399	3.41506	3.67192	3.67192	4.05859	3.69697	3.18587	3.52176	5.05678	4.56183	3.24353	3.4555	3.33738	3.51739	3.33724	2.51954	2.12668	3.77525	4.89327	4.04715	3.84019	4.23325	4.25501	3.75903	3.51739	3.07239	3.58691	4.10389	3.9665	4.89957	4.73046	2.53787	2.91223	3.03691	2.66279	4.32292	4.94939	3.85604	3.56089	5.80949	7.28447	4.68812	4.07753	4.51796	4.44593	4.79516	6.14948	5.88554	5.37162	4.04336	3.20995	4.4075	3.85604	4.71421	4.95871	3.84005	3.41496	4.77898	5.16484	3.52176	4.48023	4.68812	4.5988	4.74358	4.10389	3.7302	4.05854	4.1038	3.17126	3.20995	3.24343	6.19879	6.65198	4.62222	4.68826	5.44518	5.29391	4.009	4.39372	4.82391	5.44238	6.84372	5.81487	4.85882	6.14953	6.71822	6.21628	5.83333	6.8858	7.93519	7.37371	6.26028	6.4664	7.52033	6.16194	4.40764	4.2802	4.99589	6.50856	6.67043	6.43335	6.44758	7.40656	7.40656	6.59021	7.05188	6.81952	7.31392	8.02632	7.75241	7.53655	7.67785	7.83583	8.02635	7.80486	7.21371	7.8647	8.22145	7.86477	7.83586	8.4724	8.37946	8.22148	9.01551	9.14758	9.21774	9.37392	9.22427	8.48667	8.52204	9.74886	10.1967	10.0098	10.1602	10.2562	9.30502	8.9822	9.16236	9.45813	9.53049	8.75707	8.13661	8.29446	8.83895	9.72884	9.82806	9.63188	9.05698	7.31595	5.40858	5.98848	7.06251	9.31458	10.9853	9.59461	9.21932	10.6783	10.5008	9.1542	8.5713	9.33551	10.2215	10.8623	10.79	9.69829	10.2256	10.1204	7.97913	8.131	9.07525	10.6867	13.0957	12.1573	14.4307	15.1735	15.2467	15.7896	16.3619	16.3551	17.1505	16.4726	15.4848	17.0152	15.8108	13.0079	6.16944	7.42905
2.45089	7.2	7.15565	3.75866	5.28176	5.40792	4.35111	4.17788	2.48856	1.40831	2.75381	2.14105	1.37495	2.36089	4.8455	5.5998	4.71379	5.6596	4.56142	3.70911	3.67155	5.09571	6.31299	7.06183	9.01438	7.06174	6.21566	7.54177	7.43245	6.84316	3.00604	3.53453	5.55043	5.67043	3.50392	4.58176	4.43513	5.16747	5.46716	4.51751	5.65969	4.85823	3.18553	2.69146	3.34621	1.6229	0.880278	1.41925	1.59401	2.75381	0.176073	1.18095	1.11343	1.51425	1.26945	2.2877	3.78715	3.36001	2.9906	2.91209	1.94406	1.18095	1.62284	1.66057	2.88531	2.86381	3.0264	3.72562	3.18553	2.94888	2.61566	2.31461	2.46977	3.20966	3.17097	2.99571	3.17097	4.56813	4.47978	2.48848	2.29449	2.63924	3.17098	2.99054	2.48848	2.34778	3.85968	5.0228	3.31836	2.36089	2.48851	4.22553	3.98553	1.94406	1.76014	2.68562	3.00594	2.48848	3.46396	4.25075	3.11691	3.33694	3.17092	2.64508	4.50375	4.87081	3.30439	3.27152	5.71339	6.45137	4.39311	3.35994	2.78172	3.79531	4.93044	4.94593	3.72562	3.24314	3.34623	3.52144	4.17775	3.8915	5.18805	5.11963	3.79531	3.75859	4.99835	4.66796	3.24314	4.11463	4.01615	4.16665	3.85569	2.6914	2.66254	3.45506	3.67144	3.0111	3.18553	3.20966	6.28621	6.61461	3.33694	3.07201	4.11463	4.01615	2.90137	3.18553	3.53453	4.68769	6.32254	5.78793	4.75608	6.1489	6.31539	5.0686	4.82344	5.40792	8.01017	6.12642	3.86774	5.57796	5.81433	4.73022	4.44891	4.62176	5.02909	6.1786	6.22778	5.10474	4.6878	5.97508	6.16129	4.56154	4.73022	4.83301	5.46716	5.61902	4.6878	4.89301	5.78807	6.00069	5.95725	5.74829	5.11981	5.85632	5.71359	4.79476	4.99851	6.17867	6.16883	5.83283	6.3994	6.4303	6.50572	6.50572	5.67063	5.42225	6.50572	6.9425	6.19849	6.66306	6.97534	7.09835	6.93158	6.54544	6.38276	6.76954	7.20029	6.81882	6.35406	6.4303	6.508	7.18329	7.21496	6.61492	6.9949	7.20029	6.81882	6.29612	5.27893	6.66279	6.48677	5.81185	8.145	9.27657	7.87358	7.55988	6.38276	7.52958	7.76715	7.43863	6.94917	7.20037	8.47857	8.04795	5.68405	5.44187	5.96744	6.7109	10.3903	8.52829	7.31523	6.87212	11.091	13.3779	13.7968	13.0901	12.6306	11.9047	10.2596	11.1599	13.1734	16.3664	8.44843	8.68891
2.39323	4.14777	5.93602	4.27926	5.16388	3.18525	2.74808	1.87091	1.24473	2.73667	3.56024	1.28149	1.18089	2.64485	3.77459	4.23223	4.55762	5.2813	4.23232	3.70879	2.99545	3.72529	4.00815	4.4068	8.98016	6.15821	3.53868	4.85792	6.16076	7.364	3.51675	3.24286	5.18464	4.58115	3.22851	1.87091	2.99034	4.2505	5.14017	3.35976	4.39277	3.2333	2.91172	2.31441	2.17665	0.393681	0.393681	1.18089	1.45152	1.12715	1.41917	1.07081	1.02646	1.66043	1.57429	2.98503	4.19205	3.2333	1.93591	1.57435	0.995863	0.393664	1.51412	1.34055	3.07673	3.27124	3.98498	4.3399	2.39323	2.2875	2.29424	2.0065	2.0065	2.88506	2.83648	2.22583	2.61544	4.16629	4.25038	1.89548	1.66043	2.3932	2.75357	2.31441	2.11905	2.34757	3.38254	4.74583	2.86356	2.3932	3.65847	2.83656	3.00578	2.05235	2.11905	2.91172	3.07673	2.45067	3.56026	4.08798	2.83648	2.63894	2.73667	2.61541	4.29	4.58115	2.14801	2.78147	6.08836	5.95394	4.72638	3.90299	3.07673	4.82286	4.40673	2.86361	2.29424	3.60755	3.1462	2.51912	3.30411	3.62036	5.06495	4.97018	3.62463	3.72529	4.47939	3.85934	2.99021	4.01195	3.38254	3.76231	3.87129	2.14801	2.3932	3.31807	3.53853	2.7815	2.7815	2.7815	5.79264	6.21979	2.99536	2.88506	3.90299	3.56024	2.68539	2.63894	2.88506	4.67739	5.98722	5.88428	4.47944	5.28133	5.4973	3.69629	3.34594	3.50352	6.81569	6.35321	3.6246	5.11916	6.04056	4.05785	2.61552	3.95008	4.25045	4.82293	5.1876	4.11427	3.53422	5.11321	5.16393	2.99028	3.18525	3.17069	3.75827	4.11427	3.28539	3.35972	4.25045	3.69627	3.72946	3.72946	2.99545	4.13668	3.75827	2.51918	3.34132	5.06803	4.4068	3.55602	4.44845	4.65111	4.4242	4.05781	3.18529	3.20943	4.4242	4.82293	3.70879	3.88332	3.90311	4.74272	4.91753	3.93065	3.87139	4.39633	4.74272	3.96576	3.23342	3.35972	4.95784	5.83213	5.60755	3.70879	3.93065	4.58124	3.93065	4.27577	4.23235	5.0285	6.44609	4.97018	5.85572	6.97453	4.3929	4.32234	3.22866	6.28569	6.16814	3.89129	3.56038	3.77475	5.62669	5.74767	4.04642	3.72946	5.57743	3.79507	6.33417	5.33922	2.99034	5.18464	10.2235	9.2515	7.18287	6.97695	6.07864	5.83226	3.87148	7.42759	10.3103	15.8814	5.31325	6.22725
4.61093	4.57072	5.96618	4.95732	5.11877	6.27803	5.42122	3.03611	1.8118	3.23294	3.37762	2.20464	4.07636	5.77112	4.79704	2.11883	3.28505	5.10373	5.02813	5.11282	5.02813	5.3127	5.40702	5.45209	9.39477	6.67988	4.74558	5.44374	7.28267	9.71682	9.92328	9.39039	7.74621	4.34669	3.00536	2.28731	3.49006	5.11884	6.97395	5.26646	3.01057	2.75329	3.14587	0.995707	1.89535	2.83631	3.62014	4.63756	4.97299	3.94983	2.51891	1.0264	2.64458	6.1997	7.18845	4.43429	4.16586	3.69582	2.11885	1.41902	1.41902	1.26927	0.78721	1.07069	3.17032	3.85496	4.82236	4.63732	2.48795	2.67936	2.66204	2.64458	2.4693	3.50315	3.62427	2.63874	2.86331	4.40627	4.01538	1.59369	2.00632	3.28505	3.5858	2.63874	2.29407	2.81985	3.75788	4.83194	3.35937	2.64458	3.48988	2.88476	1.49345	3.85513	4.4894	4.00784	4.21733	3.7084	3.72907	4.05735	3.70837	3.52077	3.1655	3.24252	4.40277	4.28955	1.89528	2.67936	6.10776	5.83147	4.61075	4.25354	3.62423	4.63732	4.4789	2.75329	2.46304	4.4445	4.34658	3.53389	3.69173	3.79458	4.94802	4.82236	4.01154	3.94967	4.01538	3.53816	3.14587	4.09883	3.4633	3.78643	3.93012	2.39298	2.94832	4.11384	4.34658	3.34097	2.99512	3.03605	5.72837	6.0475	3.3363	3.67074	4.94495	4.59749	3.7084	3.69591	3.87097	5.38417	6.35499	5.72837	4.01154	5.03101	5.41817	3.35937	3.69591	4.7713	7.28255	7.85645	5.61524	5.7124	7.58213	5.63973	5.6181	6.16766	4.9295	5.10373	5.81322	4.92013	4.56735	6.17743	6.31419	4.72934	4.89832	5.06763	5.37007	5.65869	5.37007	5.19902	5.46612	5.40702	5.78697	5.78697	5.66956	6.29493	5.8317	5.65065	6.05783	6.52314	6.02745	5.50804	6.42908	6.56968	6.25848	6.16766	5.96641	6.19731	6.88405	7.14388	6.44571	6.44571	6.44571	7.05193	7.76568	7.59837	7.21161	7.31181	7.4778	6.82423	6.80416	7.21161	7.99382	7.71678	6.14777	4.7713	5.57703	6.84196	6.44571	6.60672	6.6732	6.93026	7.17983	6.1675	5.80788	6.76803	5.65869	6.69601	7.55845	7.57631	8.09128	6.42915	7.00013	7.38613	7.58237	7.28267	7.09701	8.08587	9.10712	7.13119	7.83359	10.3542	12.9712	14.0409	13.3374	8.56343	5.65068	8.06164	10.7209	13.427	14.6301	15.3197	15.9329	19.6088	9.15793	7.65369
8.13355	7.82316	8.39054	7.80966	7.7339	7.84065	7.51752	5.78904	4.00738	3.07114	3.80232	5.18365	7.37092	10.0563	9.64531	6.22617	1.05603	2.61494	3.18464	3.18468	4.44425	6.05731	6.90114	7.71611	9.52042	8.23848	7.9497	8.29143	9.75287	11.5721	12.3726	11.3129	8.40688	5.11842	2.61502	4.82202	5.66907	6.70677	7.5397	6.66125	4.82217	4.24969	3.87066	1.76846	2.29387	4.66683	6.67262	8.30412	8.30415	7.21938	5.7467	3.538	3.34529	7.60537	4.32152	4.39194	3.24219	4.597	1.7945	2.22547	3.11122	3.07126	2.00622	2.36033	2.98971	3.2279	5.5101	4.87889	4.05699	4.75473	4.00749	3.45419	3.07123	4.07595	4.07595	3.20882	3.18468	4.77722	4.30713	2.51872	2.99487	3.75755	3.75755	3.18468	3.11614	3.70808	4.39549	4.65022	3.88254	2.94815	2.46283	3.07615	2.73054	4.1767	5.59852	5.54912	5.11238	4.39206	3.96501	4.77083	4.2206	3.53359	3.90237	4.10235	4.59709	4.00738	2.48778	2.90056	5.74651	5.40636	3.07615	4.65022	5.40643	5.42051	5.21898	4.01504	3.69141	4.77083	4.30713	4.05704	4.62049	4.65031	4.79329	4.17657	4.33908	4.1655	4.11349	4.13589	3.88254	4.85689	4.24964	3.92983	4.1766	3.34068	3.52045	4.72879	5.02759	3.90237	3.79434	3.90237	5.71455	5.80737	3.79425	4.47858	6.12478	5.44036	4.39206	4.99402	5.23676	6.13977	7.14312	5.65813	4.24964	5.83102	6.26509	4.92908	5.51029	6.19916	7.88845	8.28209	5.54076	5.96577	9.18472	8.43352	8.62934	8.81532	7.33195	7.99313	8.56629	6.97342	6.16712	7.70038	8.07387	6.90997	6.81695	6.76768	7.19831	7.36283	6.92969	6.92969	7.47715	7.90963	8.15021	8.21837	8.05529	7.99132	7.51759	7.74753	7.98378	8.18527	8.4032	8.13542	8.72968	8.5681	8.4068	8.6293	8.60317	8.83741	9.45929	9.71301	9.22081	9.22081	9.37044	10.3145	11.108	10.8583	10.6522	10.2842	10.0653	9.67154	10.2872	10.7599	10.1271	9.3256	7.74753	6.83252	9.01205	10.0327	9.62981	9.67152	9.68847	10.052	10.1564	8.60314	7.59761	8.64648	7.8885	8.0684	9.03215	8.52062	9.59701	8.72968	9.48456	9.95687	9.92243	9.99857	10.2524	10.5362	11.4265	11.9883	13.3226	14.3016	15.3589	17.076	16.033	12.1672	10.8065	12.8592	15.2522	18.0505	20.1995	18.7058	18.9322	22.1317	13.9998	11.3138
6.02631	6.85171	8.75972	11.2072	9.60244	5.98563	5.80939	5.10267	4.83102	3.53318	5.86172	8.06721	7.86068	10.0284	6.42793	9.23903	5.23629	6.43505	6.58471	4.99051	2.74727	1.24435	1.7329	5.72728	6.76227	5.329	5.11789	5.02114	5.57601	5.71413	5.02722	4.72844	4.4056	4.94411	3.13067	6.26444	6.48675	5.65771	5.74611	5.20988	6.90267	7.53293	5.54854	4.94411	4.64974	4.04514	4.48834	4.27444	3.00999	4.32089	3.58512	3.38165	0.634559	7.69961	8.43281	6.84066	4.64974	5.93423	2.63817	3.35873	3.61945	4.55647	5.4652	6.61241	6.70608	5.80965	6.71494	5.50963	4.30668	4.72827	3.34496	3.33577	3.00489	3.55492	3.50248	2.66153	2.46257	4.56639	4.60992	2.91098	3.41342	3.34494	3.16971	2.78068	2.46257	3.35873	3.75716	3.83824	3.50248	1.94332	2.14023	2.51838	2.74713	3.8542	3.11572	2.98946	3.11581	2.81933	2.99456	4.47812	3.18431	2.34688	3.23235	3.20843	3.92942	3.38159	2.81931	3.35873	5.89554	5.44252	2.14023	2.11838	4.44365	6.76227	6.88257	5.48459	4.89097	4.60987	3.07082	3.80192	4.08678	3.34494	4.4229	4.04523	3.89002	3.90184	4.82145	5.11171	4.04525	4.85638	3.90191	3.72836	4.51569	3.51571	3.34033	4.44365	4.47807	2.94776	3.00996	3.16489	4.89097	5.49287	4.22375	4.22375	5.65745	4.47807	2.81931	3.9645	3.88214	5.19793	6.81377	5.46503	4.94411	5.71131	5.64935	5.21849	5.96515	5.65762	6.29359	6.83157	4.39503	5.46503	9.14289	7.36185	4.59667	5.21866	6.13681	7.42552	7.53278	5.89578	5.34623	7.11046	7.11046	4.72844	4.89114	4.89739	5.45106	5.31169	4.68602	4.94411	5.96517	6.15901	5.71142	5.74611	5.38332	5.61696	5.54849	5.27992	4.94415	6.02631	6.86723	5.83062	6.39698	6.42786	6.46332	6.42786	5.60609	5.88017	7.11058	7.34762	6.51265	6.44448	6.70603	8.13447	8.50196	7.44598	7.42769	7.446	6.97919	6.51265	7.21863	7.21025	6.52202	6.76917	6.44448	6.50565	8.40398	7.70551	6.81624	6.99225	6.83182	7.64254	8.68564	9.1367	8.8246	8.22289	7.23105	5.13873	4.72523	5.80965	7.0246	6.02622	5.68189	6.05668	6.60547	7.93167	8.43449	8.14192	8.96442	9.55875	10.5225	10.8463	8.9109	8.02435	8.73221	10.8054	11.8843	11.3583	10.7889	10.3894	10.4803	8.91933	15.477	19.796	14.2598	13.0926
4.1647	3.55461	4.23083	6.27142	7.86974	8.6725	6.70743	4.22334	3.9015	2.84084	8.40486	9.45237	7.23659	10.1716	2.51814	7.80983	3.41312	4.68561	4.24532	3.14513	2.90008	2.1183	1.34009	4.22334	4.63936	2.64384	2.29343	1.81138	2.64384	3.20815	2.8136	2.83547	3.07065	4.24883	2.48735	6.43421	7.21774	3.94872	5.09333	3.76106	4.53244	4.9189	3.77331	4.42251	5.49522	5.66779	5.80889	4.33825	2.91061	4.94665	1.24424	2.14719	4.39105	3.55905	5.5728	3.65725	5.45044	6.93465	4.09769	3.78538	2.46236	2.74703	3.92919	3.53733	3.50228	3.41317	4.5153	4.32051	2.29337	4.47766	3.65708	2.46236	1.89483	2.56073	3.145	2.28663	2.059	4.48795	4.63936	1.93517	2.46862	2.64384	2.34668	2.68436	2.35979	3.07055	3.23207	3.62325	3.00453	1.07038	1.51354	1.51354	2.39229	4.1164	3.86981	1.83675	1.59327	1.96685	2.61444	4.08643	2.48731	1.76812	2.88396	3.24157	3.41301	2.59664	2.84084	3.28414	5.41948	5.41948	2.39238	2.35988	2.56073	4.24876	6.25663	6.15843	7.15233	7.08408	2.91061	3.46677	4.23061	3.13024	4.55588	3.55461	3.00969	3.145	5.75338	5.74542	2.69014	3.85787	3.38125	3.55891	4.01427	2.78044	2.73002	3.85389	3.85787	2.68436	2.92646	2.51814	4.48795	5.50629	4.24515	3.46234	4.8811	4.74403	2.51814	3.31681	3.41301	4.82103	6.46489	5.02659	4.30631	4.1351	3.94855	6.3508	6.74139	4.23074	4.72789	6.58618	4.72789	4.85596	8.15389	6.41761	3.07556	4.08643	3.20821	4.42251	5.50632	3.18407	3.07067	6.15587	6.12357	2.8136	3.16462	3.1695	4.1758	3.96416	2.98914	3.62327	5.11724	4.55929	3.75683	3.96416	3.34004	4.23071	3.88184	3.20821	3.34465	4.89684	5.23564	3.35847	4.64934	4.79238	4.57949	4.23071	3.1695	4.07517	5.57536	5.1173	3.75691	3.88184	4.21616	6.1658	6.25663	4.44683	4.05634	4.01442	4.10157	4.21982	4.39467	3.79362	3.3814	4.75382	4.56608	4.05634	5.99774	6.28331	4.21616	3.92915	4.21982	5.1173	5.91576	5.43933	4.63625	5.09031	6.21259	4.21616	3.46247	3.72399	4.44676	5.02659	5.2793	4.0449	4.39467	5.8535	6.15843	6.48621	6.49322	6.54684	6.31005	6.90207	6.56102	3.79362	6.89295	7.36953	6.97428	6.86892	6.88653	5.38285	4.63625	4.83076	14.1943	18.033	13.5645	13.522
6.42665	5.71304	3.1103	2.34643	6.27534	9.06881	8.24313	5.38212	3.72349	3.3809	9.02906	9.38641	6.71362	10.1019	5.89466	4.16445	10.0668	8.9562	6.33125	4.64894	2.99399	1.66898	1.026	3.26965	4.11598	1.90269	1.1266	0.725507	2.23857	2.49939	1.74146	1.74146	2.61417	4.17537	1.41846	7.08335	7.80903	3.35819	6.51142	7.08371	6.80159	5.59415	4.79196	4.61905	5.33648	6.48552	7.9908	10.2423	12.0734	10.5051	7.3854	4.34863	3.51495	1.83661	1.76795	2.67834	5.34784	6.56003	4.85546	4.68502	3.31646	1.75918	2.48709	2.05135	3.16429	3.94831	5.57491	5.29046	3.30263	4.0558	3.73583	1.89456	1.26872	2.84055	3.2838	2.66102	2.64357	4.47722	4.63888	2.11802	2.48705	2.66102	2.81879	3.69032	3.51943	3.70695	3.72765	3.79314	3.20782	3.16921	4.1755	3.92879	3.75651	3.79314	3.85747	2.78015	2.51795	3.07033	3.6945	4.30586	2.98882	3.11522	4.0748	3.69448	3.72349	3.58444	3.70695	3.38095	5.2584	5.72619	2.29319	2.12535	2.86227	3.86553	5.02611	4.72737	6.57623	7.86873	3.85747	3.9011	4.56552	3.66934	4.87746	3.3025	2.68986	3.38095	5.88144	5.69138	2.61417	4.11227	4.34493	4.44629	4.24839	3.51504	3.51504	4.27363	4.79188	4.0748	4.04448	4.04448	5.85289	6.42652	5.10179	4.39421	5.16443	5.49465	3.69032	3.8695	3.92867	5.34502	6.89224	5.76874	4.99246	4.74042	4.94317	6.97766	7.20857	3.92867	5.62397	7.48087	5.44999	5.2904	8.18261	7.21705	5.65654	5.79791	3.96384	5.08978	6.85036	5.4948	5.20889	6.65913	6.05285	3.41277	3.86952	4.10115	5.61584	5.82945	4.95562	5.02622	6.34787	5.96147	5.71033	6.39576	5.82951	6.25611	6.26344	6.28292	6.35283	6.54165	6.13798	5.16159	6.69334	6.56719	6.25611	6.33357	6.03789	6.16532	7.00382	6.86593	6.35283	6.67067	6.54171	8.04341	8.04905	6.28289	6.67067	7.29458	7.23618	6.99093	7.03204	6.73871	7.38333	8.78713	8.37388	7.98146	8.73056	9.47377	8.5075	7.71402	7.60344	8.14039	8.36121	7.34623	6.65927	8.34506	8.60057	6.60422	6.35044	6.61116	5.96415	5.44159	5.82933	5.27592	7.2528	9.37557	9.84719	8.78028	7.47497	9.26004	10.1723	8.62683	8.75124	9.69184	12.037	7.82088	3.66945	4.75337	7.006	8.18288	10.3	11.3265	16.8332	19.8184	15.8952	15.1622
6.04491	6.36896	4.05553	3.23145	5.78934	6.9705	8.46574	6.9705	3.50151	4.82011	8.3006	8.19105	4.91783	7.36009	10.9189	10.8211	10.1307	8.77278	7.03144	6.17455	3.72733	1.94278	1.24402	2.77988	4.36214	1.65948	0.393439	0.947457	2.73511	2.49918	1.24398	2.23838	4.24795	4.39027	1.76778	8.3006	8.2879	4.74001	6.07518	7.10874	6.72913	5.96363	5.98392	5.02568	4.39033	5.50819	6.82106	10.1424	11.9754	9.97704	8.02032	5.6371	0.703795	1.73249	1.41836	2.6781	4.11562	4.63848	4.24802	5.54679	5.75229	3.00396	2.48687	2.05117	3.5322	5.26677	5.57443	4.60878	3.1298	2.6375	2.25214	1.45066	2.74637	4.00966	3.06999	2.86197	2.64334	4.01351	4.63848	2.31309	2.48684	2.86197	3.3578	3.86916	3.35783	3.51911	3.72733	3.38066	3.4124	4.219	4.27695	3.80105	3.39439	2.64335	3.38061	3.69409	2.98857	3.2076	3.69418	3.70663	3.16888	3.69418	4.07445	2.77999	3.50151	4.44242	3.51911	2.99371	5.25794	5.7257	2.29299	2.34628	3.00916	4.2299	4.61865	3.62258	4.85497	6.6584	5.30429	5.6152	5.02563	3.241	4.40071	3.53651	3.11486	3.79281	5.18465	4.96734	3.30222	4.56513	4.77541	4.64845	4.05549	3.51474	3.51474	4.27326	5.40437	4.07445	3.72738	4.39381	6.25544	6.2237	4.91783	4.39383	4.76902	5.27832	3.86916	3.69	3.5322	5.34456	7.12546	6.2163	5.19649	5.28995	5.10139	5.70973	6.26997	5.21704	6.80077	7.08072	4.91785	5.48307	8.18191	7.64023	6.30885	5.06527	3.62269	6.02456	7.22906	5.61541	5.26689	5.82894	5.27547	3.2836	4.04031	4.56858	6.14487	5.98398	4.86781	4.77554	6.34732	6.31848	6.0018	6.69276	5.73392	6.25557	6.63118	6.3499	6.1969	5.99676	5.81057	5.53865	7.0119	6.42609	6.25557	6.59668	6.03737	5.82901	7.00322	7.35171	6.54115	6.6701	6.35228	8.21328	8.04836	6.19443	7.09371	7.51475	7.10874	6.81436	7.14272	6.73813	7.85879	8.88818	8.13235	8.13049	8.50677	9.47297	8.72982	7.59487	7.51475	8.26455	8.09699	6.86762	7.14272	8.93522	7.82993	6.3499	6.60365	6.61059	5.59367	4.55854	5.19649	6.88068	9.11428	9.96639	10.1085	8.13235	7.15123	10.283	10.6327	8.6261	8.75049	10.2861	11.3137	6.61059	3.46181	5.63705	8.27896	9.78259	11.0467	11.2891	17.5459	21.1834	17.3147	14.9549
2.11757	3.85674	4.337	3.83677	5.60377	6.09684	8.35939	8.29977	4.11519	5.10071	7.43877	6.82006	3.7558	2.17523	14.2783	14.8842	2.61364	1.12644	4.92669	7.79025	5.57373	2.34598	1.28063	2.83456	4.87653	2.286	2.00525	2.7797	4.04369	3.86878	3.46145	3.58383	4.08522	3.37569	2.35909	8.52143	8.28522	5.33537	2.17518	2.35919	2.3917	3.69378	6.09684	5.3811	3.61791	2.61364	1.5928	4.81968	1.50291	1.90233	4.25111	5.33537	2.48653	0.497606	0.175939	2.63716	3.656	3.412	2.74608	5.10071	6.3705	4.05507	3.33449	2.75182	3.75573	5.27775	3.94742	2.36561	1.50291	2.39168	2.51747	2.39168	3.28317	4.00539	2.88311	2.90975	2.34598	3.53614	4.43154	2.12487	2.12487	2.44269	3.31583	3.46132	2.48658	2.55997	2.98819	3.06965	3.50115	3.85276	2.55997	2.05846	2.12495	1.83626	2.84001	3.90035	2.68357	2.12487	2.75171	3.00365	3.24066	3.41205	2.86167	1.73231	3.45243	4.31924	2.35909	2.05086	4.85446	5.33537	1.7588	1.8942	2.22432	3.77204	4.01309	2.86167	3.61791	5.83862	6.08427	6.46063	5.12467	2.44269	3.73512	3.60511	2.99333	3.48789	4.60812	4.49687	3.37569	4.60812	4.91721	4.31924	3.33439	2.72921	2.77962	3.69371	4.67423	2.53571	2.5174	3.69371	6.04406	5.99087	4.05507	3.20721	3.78427	4.40026	2.98819	2.90975	2.94663	5.18114	7.23447	5.89328	4.18922	4.91721	4.337	4.05503	5.35542	5.83602	7.20721	6.48185	4.56811	5.6554	7.05631	5.99591	4.63468	2.53571	1.73224	5.59555	6.07676	3.55786	2.81825	4.22946	4.75243	3.88866	4.42127	4.04369	5.11574	4.50032	2.66055	2.81825	5.18411	5.41508	4.77491	4.94213	3.16856	4.27281	4.51397	3.16856	3.06974	3.86878	4.22946	3.75573	5.10073	4.27637	4.47641	4.81968	3.55361	3.58383	5.44609	5.8282	3.90042	3.68962	3.38036	6.21566	6.3777	4.10036	5.09181	4.39338	3.41217	3.66875	4.40382	3.727	5.1158	5.80991	5.16061	5.27791	4.76858	6.26206	5.61469	3.70635	4.51407	5.63646	4.75243	3.69379	5.16345	6.50063	4.51407	4.63488	4.85464	4.01324	4.10044	4.09667	4.40382	6.07676	9.31436	8.59869	5.40381	3.16369	4.92669	6.89755	6.24007	2.94663	1.24389	4.99455	4.47637	4.05511	4.22959	4.85454	6.21561	7.05629	7.20721	0.634347	15.7909	20.6031	14.1691	13.293
2.86148	3.86844	5.08838	5.19561	6.71191	8.05621	9.96444	10.7838	9.49165	8.24098	7.85322	6.65729	5.32652	5.18366	15.7772	13.1983	4.39988	8.8374	11.6263	13.1396	9.40306	4.21819	2.83444	5.26578	6.83739	5.34374	6.51899	8.74884	8.62447	6.97165	6.58397	5.08851	0.556312	4.3368	5.50445	7.57719	7.383	5.9699	4.276	3.35726	3.73499	4.72623	7.3503	7.47881	5.71129	3.45222	6.22263	6.16362	3.83655	3.16829	4.57779	6.90814	7.12653	5.72488	4.18906	4.393	4.9417	4.0089	2.74585	4.14461	4.9417	4.47612	4.11127	3.77187	4.9169	5.71129	5.02467	4.11484	2.86143	3.50095	3.22619	3.50095	3.79217	4.22909	4.07362	3.35716	2.99314	3.92758	4.11114	2.68912	2.99314	2.988	4.00509	4.00509	2.81252	2.637	3.41175	4.13353	3.72662	3.45213	3.92758	3.88832	3.47893	2.92548	3.00858	3.8882	3.45213	2.637	3.41175	4.09994	4.21819	4.04336	3.72667	3.38011	4.40348	4.75202	3.58351	2.72904	4.24714	5.10027	2.29249	2.28576	2.72897	4.60777	5.1955	4.10001	3.70596	5.49031	6.0309	6.89912	5.72461	2.64283	3.78394	4.01274	3.16823	3.53583	4.67383	4.67383	3.37997	4.81919	5.59507	4.95407	4.24721	3.55331	3.69347	4.42083	4.51358	3.35716	3.70593	3.92758	6.65717	6.66858	3.86446	3.53157	4.24721	4.51358	3.70593	3.70593	3.53153	5.93151	7.60107	5.43998	3.78394	5.80669	5.87726	4.74235	5.53749	6.21512	8.20423	7.35843	4.92626	6.32932	6.88383	5.30914	4.22178	3.66833	4.21819	6.5953	6.33167	4.59447	4.59452	6.15614	6.73677	6.35108	6.82864	6.58165	6.22263	5.61156	4.77464	5.18386	6.31008	6.69142	6.48374	6.31732	5.54591	6.08396	6.0235	5.38081	5.57341	6.26171	6.26171	5.76734	6.13629	5.96238	6.31008	6.51888	5.66584	5.57341	6.67557	6.65729	5.4821	5.74343	5.89301	7.8687	8.39115	6.81081	7.14137	7.03011	7.04095	7.00207	6.53991	6.4815	7.85149	9.5152	9.74737	9.6661	8.28674	7.13921	6.66413	5.8279	7.28424	8.13816	7.3112	6.7391	7.61914	8.39118	7.74116	8.44849	8.33381	7.80726	8.45563	8.52114	7.14355	5.65498	9.91641	10.6582	5.65498	5.74343	6.69149	6.17345	5.80941	5.61156	6.03622	6.92573	7.25081	8.38599	9.79464	7.85736	5.33509	3.48759	7.74283	3.72246	15.6999	20.5454	11.9825	14.4091
4.40315	4.60749	5.44527	5.76682	6.33125	7.70122	9.24852	10.2153	12.756	14.5795	12.3549	8.94105	6.58072	7.10631	14.0787	12.8502	8.91385	11.5627	7.19368	14.6092	12.4657	4.01233	2.59554	7.1934	8.91418	8.51329	10.9081	12.0207	9.44848	5.47894	2.67745	2.86108	5.32583	6.70231	8.86556	9.48302	8.24028	6.69077	5.40281	2.63683	2.74575	3.06923	5.91293	7.90413	6.65666	6.4457	7.09173	4.31867	4.66375	5.98243	6.90544	7.81814	8.36369	7.66405	6.12094	5.80893	6.64511	5.54511	3.79975	2.98762	2.35864	2.89861	2.34555	1.62137	4.57719	6.19971	5.15942	4.34675	3.73441	2.83402	2.39125	3.20669	3.20669	4.56726	4.74191	3.28268	2.99285	4.1738	3.72626	3.00825	3.37968	2.99288	3.62153	3.46067	2.39116	2.48612	3.79171	4.51313	3.34305	2.86114	4.16269	3.41141	3.24022	4.0049	3.77154	4.03916	3.8997	2.83413	3.72626	4.51313	3.8997	3.18251	3.00825	2.86122	3.51373	3.79171	3.34305	3.30143	4.38907	5.15949	2.66002	2.5595	3.66796	5.32583	5.27679	3.68894	3.58319	4.85364	5.41687	7.38225	6.43112	3.70561	4.73866	4.22869	3.35683	3.45179	4.55368	5.0272	3.55719	4.94426	5.74265	5.41687	4.6073	3.35688	3.69313	4.4204	4.4204	3.68894	3.35683	2.94608	6.51567	6.37645	2.98762	3.11395	3.96226	4.51313	4.05433	3.51373	3.35683	6.50872	7.12553	4.33619	3.46067	5.93085	6.3165	4.05427	4.6073	5.64615	9.06541	8.01774	4.22873	6.04299	7.17435	6.02295	5.57286	5.8273	6.67494	7.34756	6.65439	5.2885	4.21781	5.78246	6.32871	5.49279	5.99508	6.28061	5.96197	5.16262	4.76772	4.9414	6.15557	6.49014	6.34551	6.30946	5.44527	5.70823	6.02295	5.71095	5.82738	6.54395	6.70231	6.26849	6.29023	6.14317	6.49014	6.48314	5.76682	5.96197	6.9075	6.8634	5.74291	5.48159	5.57286	8.04043	8.21278	6.29023	6.12088	6.96875	7.43172	7.30027	6.97104	7.19359	8.30036	9.24857	8.05554	7.97857	8.28423	7.38066	7.07884	6.59483	6.75871	7.85077	7.75998	7.4419	7.3826	7.86603	7.74232	7.85661	8.04632	8.14495	8.24049	8.41213	8.03322	6.94271	8.63724	9.79316	4.34675	3.92713	5.60272	6.30946	8.12996	8.59744	7.1259	6.60181	8.08535	9.34509	10.4732	10.7131	8.88752	7.064	5.44796	3.62147	10.9883	18.8854	13.3696	14.7566
3.33357	3.94646	4.66328	5.15918	5.57231	7.02001	7.53785	6.49899	7.25783	12.0375	14.6595	12.8346	10.473	6.1126	11.2022	14.3303	13.2862	12.931	4.09923	14.1915	14.8356	3.86372	2.92479	8.23927	9.05645	6.83619	7.1759	5.30821	5.26478	4.49908	3.51777	5.98171	5.06322	4.4751	4.17339	7.34686	8.26144	6.48027	4.56684	2.44212	2.23764	2.17457	4.49563	5.96114	5.28799	4.72536	4.33595	3.37492	3.65516	3.94648	3.70526	2.89835	2.44834	3.37932	3.31491	5.50592	8.283	6.59172	4.27519	2.2237	1.4501	2.98736	2.2237	2.81747	6.42353	6.48007	5.09932	3.85169	4.00813	3.92679	2.2921	2.4672	2.81745	4.22098	4.13274	3.00291	3.06889	4.55669	3.87959	3.00801	3.23977	2.48589	3.11367	3.50018	3.00797	2.99257	3.83571	4.49908	3.34274	3.35655	3.79136	3.0738	2.17457	2.67718	3.07394	3.70526	3.69275	2.83385	3.72591	4.55669	3.89934	3.34275	3.33813	2.81747	2.81745	2.77885	2.49822	2.00459	4.44073	5.82666	3.53531	3.18225	4.00433	5.41358	5.05109	3.18222	3.18222	4.30385	4.82785	6.21389	6.61925	4.09909	4.44073	4.38866	3.9269	3.51778	4.60689	5.02372	3.39298	4.87518	5.594	5.74215	4.86576	3.18222	3.51777	4.44422	4.2464	2.98743	2.65977	2.6886	6.75554	6.58244	3.58276	4.13274	4.78965	4.76721	3.53086	3.18222	3.86769	6.60091	6.65591	4.00433	3.45147	6.19428	6.88904	4.0539	3.92679	5.594	9.90105	8.58759	4.78972	6.34492	6.92421	4.85319	4.56684	5.61049	5.9689	6.02227	6.86267	6.49899	5.56963	6.84718	7.22632	5.61328	5.74234	5.61328	5.33415	5.34273	5.19462	4.64677	6.13511	6.82946	6.65605	6.14255	4.61697	5.62139	6.34499	5.71038	5.54485	6.39279	6.37614	5.654	5.99449	6.22145	6.65376	6.65603	5.95109	6.37616	7.17386	7.10594	6.31621	6.37614	6.28961	8.06771	8.04529	6.37614	6.49899	7.74157	7.41259	7.05468	7.08682	7.41259	8.27595	8.38422	6.88262	6.66752	7.00074	7.30781	7.35726	7.68091	7.35726	7.78824	7.63755	7.67707	7.66917	7.91312	7.86721	6.96807	6.96814	7.56608	7.76507	7.91328	8.07728	7.56809	8.81025	7.76289	3.85169	4.4751	6.84705	7.90342	7.89587	7.20752	7.30982	8.35744	8.76423	8.3896	7.1422	9.02536	9.87899	9.97926	8.88661	5.09956	7.82666	14.3302	12.6997	15.292
1.58245	1.79295	1.79295	2.46697	3.89894	5.82599	5.57161	4.74094	4.21697	5.84965	12.2281	15.3117	13.3154	13.2854	14.7877	17.7756	15.2019	8.06113	12.5832	18.5276	13.0752	2.90876	5.15844	9.87748	8.93566	2.86054	3.68821	5.37923	6.25255	8.23858	7.53713	5.78148	2.00448	3.03321	7.41981	9.52154	6.66663	3.85544	2.9456	1.96558	1.57269	3.2251	4.04206	3.79097	4.1324	3.79921	3.53494	2.63628	1.59217	1.89348	4.22054	3.70483	2.46069	3.94591	4.85269	8.56051	9.26757	3.62082	2.61267	2.83892	3.0025	5.26422	5.70979	6.25988	7.52104	6.30823	5.62077	5.08988	4.91235	4.41953	2.1386	2.34509	3.23943	4.17298	3.72136	2.46695	3.03321	4.78915	4.40215	3.33322	3.53053	3.18192	3.5174	3.58239	2.86058	3.20599	3.92642	4.60641	3.55221	3.33779	3.68821	2.64207	1.9016	1.75812	1.8355	3.35617	3.33779	2.83356	3.72552	4.38814	3.79097	3.16734	3.16248	2.65953	2.98712	3.16736	2.48566	1.89348	5.72291	6.26695	3.16742	3.33322	3.70483	5.09879	4.87468	2.39069	2.90864	4.63294	4.55621	4.16189	5.50535	5.27574	6.07445	5.33337	3.96157	4.00402	4.92478	4.68235	3.41075	4.86525	5.50259	5.68814	5.11377	3.28192	3.41075	4.55621	4.24596	3.2395	3.37907	3.53053	7.05364	7.05364	4.39169	5.09888	5.28739	4.39169	3.3562	3.69237	4.07242	5.73094	6.42989	4.55621	4.03836	6.70073	7.05364	4.24596	4.24596	5.41302	9.00406	8.48467	4.72139	5.17917	5.56881	5.2554	4.98962	5.11386	4.98962	5.78134	6.4794	4.81785	4.27488	6.48184	6.76392	4.75066	5.11391	5.33353	5.60183	6.26721	6.34922	6.05209	6.83543	6.82874	5.79461	5.43847	4.76677	5.96063	6.30581	5.32495	5.15865	6.14195	6.22081	5.89131	6.80882	6.92371	6.56346	6.48184	5.80776	5.9119	6.7348	7.10521	6.70095	6.86432	6.64404	8.21665	8.22579	6.04199	6.25255	7.51903	7.30694	7.1922	7.21322	7.08604	7.91231	8.74099	8.13579	7.68605	7.27588	7.66843	7.35655	6.93462	6.96735	8.15608	7.92568	7.35449	7.66249	8.63578	8.66523	7.0903	6.42539	6.57973	7.2048	7.34835	7.94289	8.15622	8.13579	7.30694	6.19144	5.82613	6.96714	8.24389	7.89493	7.74069	8.86361	10.6223	11.7131	9.35447	7.14778	8.38533	10.2192	10.4597	9.47648	7.88169	9.97177	12.1994	10.9338	14.2601
1.96539	1.93369	1.06956	1.02528	2.98162	4.87739	4.08331	3.8986	4.04182	3.51273	9.64359	13.6339	15.941	17.199	20.4504	23.8764	13.9037	14.6465	19.6362	11.1822	3.06821	1.80991	7.67918	13.583	8.78634	3.39233	8.72499	12.2477	13.1766	10.8413	7.25646	4.79206	4.49837	4.35987	7.61614	11.9364	7.98349	2.68244	2.83336	2.49787	2.17421	3.7825	3.83498	3.28173	4.16171	4.35987	3.22975	2.34489	2.48537	2.49775	4.49477	3.4597	2.6593	5.3644	7.39673	9.93528	5.49104	2.44795	4.63604	5.79407	6.07393	7.12356	7.56851	6.36783	4.21659	4.04171	4.3982	4.82693	4.24559	3.86695	2.75054	3.03295	3.75397	4.00357	3.58208	2.81692	2.83328	4.60601	4.44337	2.7784	2.99202	3.34212	3.86697	3.86697	3.00744	3.23915	4.22017	4.68194	3.87885	3.3375	3.87885	3.88684	3.48644	2.34494	3.45081	4.07207	3.18165	3.00744	3.70451	4.17262	3.62051	2.86034	2.86034	2.64184	3.16221	3.51273	3.88684	4.33515	6.28828	7.04227	2.61253	2.83878	3.51273	5.27531	4.93983	2.10933	2.44155	5.09833	4.87426	4.27082	4.68194	3.61622	6.70236	7.30605	3.4597	3.69207	4.74053	4.39131	3.86298	5.23166	5.37859	5.33291	5.35292	3.39233	3.33283	4.63254	4.22017	3.18165	3.72525	3.92616	6.70015	6.96654	4.30303	4.51186	4.55582	4.07207	3.55195	4.04182	4.0418	5.37859	6.5789	5.15804	4.05318	6.05135	7.04227	4.96151	4.2166	4.55582	7.24157	7.43532	5.98041	6.45763	6.5812	6.16112	5.4013	4.78874	4.61602	5.92926	5.92926	4.55582	3.5519	5.65812	6.45772	4.75025	4.91192	4.91505	5.98057	6.53744	6.58148	6.57916	6.11911	5.11342	4.6458	5.63384	5.65283	6.13397	5.96777	4.98928	5.32449	6.50005	6.51641	5.96024	7.08969	6.86372	6.59066	6.70937	5.82563	5.63389	6.4813	7.19143	6.80823	6.53744	6.31501	8.21046	8.21595	5.92945	5.74125	7.20609	7.8638	7.23145	7.54266	7.12172	7.91163	9.06807	8.05323	7.63218	7.75773	8.66462	9.8213	8.62123	7.04466	7.86573	7.84853	7.28148	7.43971	8.59498	8.93019	8.21063	7.12172	6.53744	6.82606	6.75683	7.69921	8.39896	6.60683	5.80726	5.65827	6.21298	6.30769	6.66603	7.62196	7.66151	7.05301	7.43532	7.27504	7.08548	7.35592	9.60052	11.2828	11.3606	9.08293	10.7959	12.6011	11.427	9.60793	11.7341
1.94148	1.44973	0.946864	1.06946	2.23686	4.09415	3.66656	3.18135	4.05283	4.39091	7.00722	8.59421	8.96962	10.146	22.7076	26.9211	15.0548	11.9762	7.2474	6.51556	1.02524	4.38732	10.332	18.0535	4.21255	13.433	11.4149	10.9379	8.39466	6.07369	4.70779	4.40148	7.66119	13.2702	15.572	12.9846	6.66102	2.75029	2.6822	1.96523	2.20212	3.12753	2.64157	3.16687	3.37853	2.29152	2.25062	3.78212	2.51599	2.004	4.38726	4.1426	2.92393	4.72376	6.83394	6.86053	3.55603	4.05289	2.6123	5.6006	8.04655	8.73916	6.97241	3.35569	4.22725	6.39099	7.19068	6.21956	4.81696	4.09415	2.51599	3.41021	3.86661	4.09798	4.07167	3.20547	2.64159	4.70753	4.33454	2.22315	2.63574	3.0326	4.09798	4.92393	4.39801	2.83853	4.24509	5.02226	4.05278	3.52989	4.05278	4.21255	3.97256	4.09816	4.04144	3.96075	2.99174	3.00716	3.35555	4.00317	3.41011	2.833	3.20539	2.81118	3.16676	3.70415	3.86262	3.94536	5.95955	6.20727	2.65906	2.77815	2.99174	5.02226	4.49777	1.89321	1.79261	4.714	5.47649	4.98552	5.10688	4.44303	5.70855	6.68806	4.63204	3.62009	4.24149	4.09798	3.68754	5.10688	5.10688	4.99172	5.09784	3.45935	3.22928	4.78818	4.56206	3.34178	3.86262	3.89829	5.87444	6.19248	3.76989	3.70406	4.48408	4.43944	3.69172	4.39091	4.59235	5.47942	6.69948	5.27479	3.72484	5.72986	7.58349	5.74056	4.44303	5.26329	7.21162	6.21214	5.15746	7.5495	8.90211	6.54124	4.93939	4.51141	3.96075	6.11831	7.25555	6.17054	5.10706	6.90475	7.41845	5.57074	5.33257	4.92393	6.1926	6.32638	6.42195	6.49959	6.19036	5.60085	5.61163	6.1926	5.783	6.14084	5.79356	5.45995	5.57074	6.32638	6.14084	5.4432	6.53677	6.25878	6.75615	7.04402	5.92892	5.65231	6.66097	7.18016	6.25144	6.31445	6.69978	8.55384	8.55384	6.98575	6.89401	7.52574	7.58959	5.78046	6.61776	7.27881	7.98487	8.90237	7.76082	7.35522	7.90147	8.52592	8.94962	9.39429	8.66388	8.10278	7.36332	7.02682	7.85365	8.25914	8.46749	8.01508	7.48368	7.19723	7.41053	6.99881	6.55548	6.08122	6.08122	5.70878	5.45995	5.74073	6.66566	6.70875	5.06175	5.33236	7.91078	10.8604	10.8019	5.23114	2.11636	7.24082	5.44301	5.63329	10.0396	11.4553	13.4116	12.1541	8.59386	10.395
1.24305	1.26764	1.41725	1.41727	1.66751	3.1075	2.59417	1.94128	2.64132	3.69136	4.96056	4.41831	3.86225	4.22668	20.0579	24.1002	9.29567	5.09762	7.12249	11.1167	9.76482	5.87672	10.8389	19.777	11.6537	18.9364	8.96697	5.35215	4.6615	3.60293	3.02224	4.76545	10.2638	12.8009	10.9904	7.12038	3.85437	2.59428	1.62062	2.00382	2.49727	2.05704	2.05711	1.6206	1.86832	2.00385	4.43904	5.02186	3.3323	3.49895	4.76539	4.38693	3.22421	3.40975	5.91015	7.50901	6.07307	2.46628	2.34444	5.02181	6.31596	6.70796	8.32356	7.45459	5.11259	4.89219	6.11777	5.94869	5.77974	6.11028	4.00276	2.98622	3.03232	3.78992	3.83425	2.81091	2.89731	4.72339	4.66135	2.72748	3.2386	3.51644	4.00281	4.24111	2.48497	2.73316	4.44253	6.21159	4.40093	3.37813	3.52951	3.49884	2.51581	4.04114	4.39756	3.51644	3.181	2.83277	3.34146	4.30221	3.51643	2.81091	3.06765	2.65876	3.55122	3.87811	3.52951	3.16646	4.60514	4.8859	3.34148	3.83435	4.0106	4.78783	4.33415	2.22293	2.67616	4.05236	4.60509	5.85566	5.95117	3.76955	4.60514	4.78776	4.59176	4.46654	5.01569	4.72337	3.68719	5.06129	5.10641	4.89219	4.93889	3.5814	3.45016	5.18071	4.8859	3.55122	4.0713	3.86623	5.40027	5.92814	3.92534	3.66623	4.94195	5.02181	4.0713	4.56509	4.39049	4.93893	6.642	5.19254	3.51206	5.88944	7.438	5.64351	4.41831	5.78508	7.24659	6.14022	5.27146	7.58283	10.4677	7.40955	4.40097	4.24479	4.44253	6.80674	7.75599	4.81652	4.07135	6.79562	7.21097	5.28598	5.23079	5.36349	6.84459	6.83351	5.82457	6.18973	6.9655	7.28844	6.50593	5.78245	5.67592	5.80611	5.79301	5.82452	5.33205	6.1328	6.32577	5.77989	6.49882	6.11795	6.45664	6.62616	6.18973	6.25816	7.17107	7.17949	5.99725	6.0805	6.70814	8.72486	8.38644	6.97199	7.12249	7.37909	7.17107	5.97944	6.31382	7.32364	8.06482	9.06803	8.10199	7.30289	8.22	8.28199	7.43833	7.85291	9.20397	9.04675	7.71527	7.13516	7.42199	8.42583	8.89323	8.72325	8.45085	7.72514	7.35449	6.65369	6.07057	5.45954	6.07057	6.90213	6.37375	6.02008	6.68769	6.665	6.27759	5.66261	4.0524	6.0401	10.171	9.60479	5.97944	7.81417	8.20894	4.85145	7.70717	10.8214	15.7528	14.9628	8.42563	9.5845
0.633833	2.11595	2.12325	1.37288	1.94111	2.77751	1.57202	1.37278	1.51194	1.66734	4.10837	4.13076	3.55088	3.83387	18.648	20.999	11.5569	17.5759	19.1589	18.1051	14.5678	9.29513	11.4088	18.8261	14.2688	15.278	4.24816	4.63119	4.55466	2.83798	1.90088	4.7713	9.9978	7.7396	2.67592	3.12714	3.47664	2.74418	1.94109	2.51548	2.45978	2.44727	2.22273	2.34421	3.22863	2.67579	4.18604	4.35837	1.65804	1.80938	3.51161	2.99105	2.14492	2.44715	3.18069	3.87778	4.47303	4.72286	3.10718	4.47294	4.7131	3.4094	3.45869	2.28422	4.78727	7.47385	7.34546	5.61873	5.32279	5.6429	3.94439	3.88559	3.53345	3.8498	3.31331	2.67579	3.00653	4.30179	4.4386	2.986	3.20486	3.35496	3.35491	3.53345	2.35729	2.34428	4.73918	6.03955	3.78954	2.81065	3.86585	3.86587	2.83251	2.81065	3.3915	3.92511	3.37782	2.64109	3.35491	4.34081	3.34114	2.83251	2.99114	3.00653	3.96	3.72413	3.34114	3.16616	4.27313	4.79048	3.40947	3.16616	3.20486	4.21175	4.24437	3.7242	4.95099	5.37726	4.40055	5.09687	5.69937	4.42817	4.85078	4.42817	4.16032	4.67068	5.78435	5.41378	3.75289	5.06079	5.06079	5.06079	5.19203	4.04067	4.21175	5.44198	4.60468	3.44981	4.05196	3.72413	5.44198	6.15935	4.56468	4.40055	5.36285	5.32279	4.34081	4.30179	4.4005	5.44485	6.62536	4.96008	3.52922	5.59954	6.6046	5.2592	4.52744	4.96306	6.42746	6.49573	5.82398	7.47385	10.5719	7.82294	4.92299	5.53394	5.45892	6.37292	6.42746	4.09337	3.94442	6.59775	6.86152	4.5914	4.38657	5.09703	6.85941	6.67108	5.3057	5.3999	6.15956	6.66446	6.37325	5.59979	5.27096	5.27378	5.73948	5.26229	5.13293	6.47944	6.4865	5.77936	6.67116	6.59108	6.49595	6.25025	5.76354	6.1497	7.01675	6.99941	6.16937	6.53553	6.59108	8.22276	8.03402	6.70753	6.47724	6.75488	7.24603	6.59108	6.04729	6.0925	7.46801	9.25144	8.49246	7.08347	8.06399	8.25758	7.99859	7.97406	8.12552	8.56651	8.89255	8.66215	8.22844	9.53558	9.42881	8.39296	6.5124	6.31574	7.02549	6.45851	7.05141	7.78477	7.80798	8.14587	7.62024	5.95858	6.83286	6.90359	6.34691	6.03984	6.07254	5.54225	5.88885	6.61607	5.37703	5.98635	5.61046	2.10872	3.45887	9.06069	17.0971	17.2372	8.29901	8.38731
1.41696	2.17333	1.73965	0.724752	1.65789	2.51526	1.5817	1.75734	1.59142	0.724752	2.88066	3.22837	3.33623	4.56424	17.7288	18.406	17.9528	18.0967	14.9983	14.6796	15.0055	11.1226	10.7127	14.1678	6.94462	5.65062	6.50445	8.18345	4.08192	3.95963	3.33623	5.61003	10.7756	8.60722	3.5506	2.29074	2.05672	2.63499	2.99079	1.37266	1.57195	2.51536	2.68712	3.28039	4.85036	4.33333	3.03174	2.72689	3.66564	3.66564	4.73875	4.57431	3.66564	3.88536	4.10814	4.26926	5.82328	5.8857	3.60205	4.85036	5.26166	3.92459	3.52884	2.68707	6.129	8.42216	5.54153	2.46579	3.75658	4.59089	2.53356	3.28039	4.47262	5.56897	4.22579	3.29907	3.49818	4.21857	4.34042	3.16586	2.81038	2.63499	3.3546	3.69064	3.33623	3.51139	4.61427	5.10545	3.72378	3.51139	4.7484	4.61434	3.40927	2.1376	2.8376	3.18043	3.37754	2.61153	3.40915	4.21857	3.1804	2.99088	3.35464	3.51577	3.92459	3.40915	2.68707	2.89669	4.4382	4.49651	3.0011	2.67555	2.28401	4.00969	4.24398	4.03647	4.91005	5.21226	5.25316	4.76454	4.66046	3.79725	5.58808	5.68549	3.94407	4.09301	5.96538	5.74683	3.76884	5.09642	5.15609	5.39925	5.19156	4.03647	4.21135	5.0209	4.47262	3.87737	4.30139	3.92459	5.92701	6.37235	4.56087	4.40013	5.45834	5.65062	5.08751	4.91316	5.09651	6.1687	6.51387	5.08753	4.13047	5.50288	5.66134	4.57418	4.73862	4.71919	6.93116	7.37743	5.10545	7.20961	10.1427	8.28017	6.47883	6.96412	6.5974	6.67052	6.68636	5.08451	4.61427	7.75453	7.71364	4.61434	4.22588	4.47262	5.98581	6.20553	5.43595	5.50297	5.99612	6.45542	6.23512	6.16889	5.5417	5.78398	6.24952	4.57427	4.40009	6.2859	6.49754	5.73908	6.83225	6.87871	6.87435	6.47659	5.76296	6.66374	8.18361	8.35263	7.08701	6.56041	6.5349	8.56541	8.54966	6.80566	6.64095	7.25371	7.3777	6.20571	5.73908	5.84693	6.84335	9.07124	8.97525	7.73926	8.63522	8.97525	8.5094	8.70966	7.76067	7.7373	9.13215	9.74007	9.82814	11.1318	10.0196	7.46734	5.61016	6.1293	7.14447	6.90082	7.51774	8.15245	8.15245	7.90878	7.6963	7.42069	8.10047	8.08	6.66381	5.97842	6.03923	7.42675	8.23495	6.6249	4.41747	6.10913	6.15879	5.28498	3.31317	5.05725	16.2093	17.4809	6.76078	8.66129
1.73059	1.41679	0.745673	1.02478	2.23601	2.63465	1.50143	1.44913	1.06905	0.724703	2.2905	2.00323	1.76592	2.98543	13.2136	14.0852	12.9856	9.72556	7.23856	9.40631	12.6517	10.1684	11.5149	11.4627	6.58767	3.79686	5.54091	6.28547	9.6071	8.67616	4.15976	3.22805	9.3647	6.89981	4.30097	4.57371	1.75712	2.74347	3.12633	1.41688	1.75724	1.83446	3.39069	5.09602	6.58967	5.90845	1.51175	1.96445	3.66531	3.61889	4.22552	4.748	4.05135	3.8493	4.10778	4.72203	8.20634	7.89817	5.09606	7.27159	9.24964	8.49801	7.97256	6.61526	5.26126	7.07532	5.47734	3.78086	4.82461	5.45766	2.94384	2.46555	3.22326	6.37162	5.64995	3.06673	2.73222	4.84985	4.722	2.8156	2.64056	2.63473	3.75217	4.05124	3.72349	3.69031	3.95924	4.56033	4.12997	4.03609	4.61381	3.5285	2.53346	3.26613	3.35432	4.30097	3.8493	3.48481	3.86511	4.64358	3.69031	3.35432	3.51544	3.35432	3.5285	3.5502	2.8156	3.03144	4.78957	4.55363	3.33591	3.16555	2.98543	5.65541	5.44382	3.28018	3.16546	3.75619	3.86115	4.43794	4.39972	3.70274	5.87476	6.88443	4.61381	4.22547	5.48558	5.2115	3.9785	5.85395	5.56565	5.27275	4.93746	3.877	3.877	4.84995	4.78645	4.21095	4.57383	4.21458	6.47574	6.42158	4.21458	4.21458	5.50234	5.99547	5.6095	5.45788	5.6095	6.87796	6.48523	4.95923	4.85009	5.95731	5.43542	4.41704	4.722	4.70574	7.03456	7.69512	5.36457	7.56066	9.67436	7.118	5.64995	5.49949	4.748	7.01543	8.42163	7.30503	6.53438	8.89052	8.38573	5.273	5.44113	5.45788	6.38843	6.70603	5.13186	4.38922	5.82278	6.82494	6.21747	6.61526	6.45729	6.6243	6.99811	5.39888	4.93759	6.83148	6.9306	5.65017	6.82271	6.83161	7.07349	6.9831	6.27588	6.70621	8.7224	8.96448	7.65827	6.53438	6.3408	8.66025	8.39297	6.91987	7.40773	8.46436	8.23422	6.75143	6.09134	5.90861	7.68949	9.78609	8.56467	7.12052	8.18287	8.5559	7.6818	8.50866	8.66582	8.19767	8.1774	8.4431	9.85289	10.6663	8.13875	7.18825	8.20688	8.07202	6.96577	6.57609	6.96577	7.07579	6.81405	6.51348	7.43628	8.63812	8.36455	7.71891	6.41951	6.47844	6.0387	8.18287	10.0792	9.54649	7.48086	8.20478	8.73608	5.11114	2.67528	6.89981	15.1018	15.0448	6.37204	9.18358
1.41669	1.50129	1.41671	1.44903	2.35664	2.49632	1.49096	1.12521	0.878689	0.785939	1.75697	1.61992	1.50129	1.44899	6.11545	7.39263	5.09569	3.66494	3.52821	6.37114	8.65946	9.06954	13.3671	12.3153	11.4812	11.9813	10.7699	11.7629	11.309	10.0015	9.66931	9.20697	8.89149	6.21663	5.82224	4.98634	1.2301	2.12266	3.00063	3.73144	2.51488	3.723	5.88721	5.32994	3.84876	3.54987	2.9227	0.994101	1.93258	1.41667	2.00308	3.44884	3.37218	2.46532	3.70243	8.32029	13.0746	11.7874	9.57815	10.7368	11.4465	9.20205	8.61636	8.89003	9.09773	7.62786	5.53235	4.7701	5.63063	6.03026	3.1408	1.33825	2.48394	6.68496	6.19447	3.00052	2.83166	5.34987	4.87461	2.05625	2.5148	2.48399	3.71891	3.8845	2.65775	2.68655	3.49751	4.55992	4.00892	2.90673	3.70233	3.16521	2.3436	2.83716	3.22788	4.81469	3.354	3.16534	4.24322	5.1105	4.0698	3.11139	3.16525	3.1604	3.86078	4.21055	3.44893	3.37685	5.48792	5.36135	3.7519	3.54992	3.52821	5.43482	4.6299	2.05632	2.64033	4.54982	4.39569	3.7024	4.61346	4.21789	5.32131	6.98862	4.39919	4.1296	5.73786	5.3041	3.78848	5.96425	6.20919	5.64946	5.2111	3.87663	4.05086	5.01995	4.64315	3.87663	4.26838	3.87663	6.43516	6.37112	4.21418	4.3888	5.56796	5.77755	4.95868	4.7475	4.92155	6.70543	6.01771	4.95875	5.50192	5.63069	5.09557	4.93711	5.25787	5.13138	7.2082	7.89171	5.43482	7.89739	10.1903	6.65087	4.78594	5.08341	4.2467	6.07798	6.21654	4.09604	4.59016	7.58599	7.78992	4.78608	5.60902	6.11564	6.82429	6.68509	5.08654	4.73461	6.58907	7.07269	5.27247	6.18986	7.17697	6.96287	7.02985	6.42119	6.91921	8.21135	7.34336	5.80396	6.83093	6.82206	6.99745	6.66248	6.26798	5.82236	8.01101	7.73564	6.96287	7.1368	6.31143	8.58994	8.4899	6.75963	6.83102	7.56422	7.41919	7.23782	7.65749	7.4355	8.89823	10.4795	8.09894	6.6397	8.12305	8.78149	7.54429	7.79788	8.80207	9.75354	8.88998	8.50773	9.67535	9.13037	7.89012	8.56403	9.51583	9.24097	7.78251	6.80663	6.73273	6.753	6.96508	6.65117	7.35171	7.65752	7.34356	7.13247	6.91919	6.56854	6.12814	7.86126	9.40542	9.47507	9.57664	7.30013	6.70543	2.90684	5.87186	10.16	16.9403	14.2612	8.12316	9.96584
0.878598	1.964	1.94035	1.73035	1.76559	1.86741	1.61975	0.993997	1.1251	1.02459	1.65741	2.12244	1.83411	1.41655	2.38885	3.14048	2.64006	2.64006	3.03086	4.98888	6.07748	7.69391	11.4315	12.9064	13.9782	16.0871	15.0431	12.5118	10.4803	8.12976	6.43482	7.4247	6.53314	7.16768	7.34887	4.39897	2.05614	1.58125	1.12517	1.06884	2.11515	4.8363	5.9891	3.95849	3.78014	3.78014	2.67477	2.99003	3.31225	3.22284	2.23574	1.61975	4.93957	3.51027	6.03726	12.1236	14.7749	11.4454	7.2705	6.82365	6.49554	3.06615	3.20363	2.7261	2.7261	3.27955	4.57301	5.70282	5.94603	5.60841	3.51477	2.6108	2.46511	5.83198	6.69786	3.97775	3.7881	5.39769	4.76949	2.83138	2.65749	2.48375	3.45737	3.4618	2.28335	2.28335	3.61379	4.70485	3.88411	2.85842	3.6895	4.00852	3.00544	2.77656	2.7262	3.7881	2.68629	2.29021	4.05052	5.28341	4.09573	3.07133	3.00544	3.00539	3.95849	4.22467	3.44862	3.44862	5.60833	5.60833	3.57977	3.23707	3.16497	4.1698	3.8959	2.05605	2.98486	4.6427	4.76949	4.55277	4.93658	4.33227	4.91178	5.7186	3.72262	4.46438	6.2159	5.90733	4.76967	5.5013	6.42503	6.51186	5.65969	3.70204	3.92346	4.93652	4.6427	3.86437	4.09564	3.89599	6.59525	6.69568	4.38838	4.38838	5.56741	5.60833	4.47133	4.33916	4.16983	6.26221	6.63883	5.63016	4.98598	5.08608	5.45685	5.15772	5.269	5.08608	7.1865	7.82	5.22817	7.42429	11.4502	8.67239	5.90749	5.08306	4.55277	6.8985	6.96405	4.72113	4.61294	7.1865	7.89668	5.43441	5.13098	5.45685	6.82142	7.00329	6.24789	6.24789	7.00324	6.58842	5.11008	6.15722	7.11917	7.70396	7.24338	6.45361	7.04003	8.0982	7.24329	6.75901	7.52148	6.65724	6.83027	6.84142	6.21629	6.51225	7.35908	7.30331	5.09505	5.59766	6.65056	8.89735	8.31948	5.95618	5.97662	6.82142	7.35915	7.04871	8.35042	9.19481	9.17034	10.1589	8.61021	8.04804	8.9977	9.50542	9.09685	8.98449	8.99781	9.99467	10.8832	11.256	11.9706	11.5259	11.3623	12.1133	12.3884	11.911	11.2443	9.63003	7.84927	7.32024	7.45114	7.05733	7.6311	7.4247	7.17426	6.59557	6.87678	6.09776	6.32297	6.49575	10.3892	9.83442	10.4166	7.66278	6.75901	4.78573	5.32966	8.20323	17.2975	12.9091	8.61556	10.5686
2.77631	2.45861	2.31	2.85821	3.46165	2.53272	1.41642	1.0245	1.4164	1.11121	1.96383	2.20067	1.26692	1.51123	1.96383	2.04834	1.73898	1.80853	2.446	3.88376	4.7851	5.62962	6.75616	8.36214	9.95793	10.5185	10.4283	9.85017	9.28585	9.58084	7.67378	9.27303	9.09602	8.71833	6.04441	2.38873	2.48347	2.11501	3.06599	4.08037	4.21709	4.9854	4.63231	1.89999	1.501	2.922	4.70443	3.06587	1.59084	3.03064	3.46165	2.5144	3.60068	5.09446	8.31136	11.8491	12.3514	6.64959	0.895949	3.75119	6.8894	9.14675	10.1889	11.0217	10.9628	9.70436	9.47637	8.75599	6.96804	6.38674	4.76273	2.85816	1.49068	4.98225	6.18839	4.00816	4.84858	5.88607	4.49136	2.55682	2.68604	2.81477	3.40785	3.66414	3.00511	2.63398	3.94257	4.78503	3.3761	2.67453	3.61773	4.15837	2.7762	2.13678	2.48355	3.37615	3.33955	3.11079	4.2134	5.3031	4.09533	3.79599	3.61363	2.85821	4.10644	4.38442	3.3762	3.44827	5.22769	5.37451	3.16467	3.23675	3.57942	4.03872	3.9231	2.83112	2.94301	4.55905	5.22769	5.47579	5.47579	4.47101	5.36043	4.92065	3.35332	4.87055	6.99378	5.88347	3.33029	5.15712	6.11434	6.57392	6.02912	3.70169	3.72236	5.04629	4.8894	3.86004	3.8759	3.9231	6.88914	6.91767	4.21338	4.22427	5.77646	5.70216	4.38797	4.43999	4.09526	6.18597	7.65573	5.32893	4.1289	5.43387	5.78181	5.05854	5.45632	5.30317	6.62226	7.11818	5.21011	7.27571	11.4913	8.94325	4.24236	4.57257	5.25979	7.58456	8.0095	5.78179	5.60517	7.58456	7.56861	5.47579	5.28297	5.45632	6.7042	6.82963	5.70226	5.47586	6.48339	6.31011	6.30049	6.36052	5.7766	6.47414	7.19874	7.08008	7.44011	7.75568	6.99836	6.58794	7.51473	6.92878	7.52076	7.52076	6.41765	7.19874	7.51483	6.30289	5.10351	4.95774	5.32902	8.06011	8.04705	6.16644	6.6566	7.69322	7.52076	6.41998	7.29876	8.55358	8.11977	9.07605	9.59939	8.20445	8.08631	8.0321	7.90567	8.55358	8.76798	10.0645	13.0516	15.0742	15.2087	16.5568	16.86	15.562	15.276	16.2196	17.8011	18.3861	16.0026	12.2387	9.23276	6.96377	6.87175	6.63844	6.80316	7.17561	7.16709	5.82915	5.94809	6.47414	11.248	10.5965	9.11729	9.32434	8.50442	7.45037	4.20975	8.50409	13.0907	9.25831	9.19874	11.1276
6.12645	4.35618	3.3301	4.20935	4.08001	4.03848	3.22701	2.00261	1.24222	1.02439	1.86705	1.86705	1.24219	1.89979	2.35595	2.17228	1.76525	1.96366	2.17228	2.2489	2.98421	3.06556	1.96366	2.65698	4.1284	4.57209	5.32853	5.49771	7.17479	8.63119	9.16877	8.85049	7.47803	5.44195	1.37209	3.22682	3.4965	3.37582	4.04975	4.16921	4.00796	4.20935	3.92271	2.34294	2.28972	3.22203	4.21648	2.98934	2.0025	2.61019	2.59257	5.3629	6.6493	7.16845	7.1914	10.7169	12.3302	6.04372	3.72217	4.49119	6.82924	7.20654	6.45485	7.30227	8.50537	7.88984	8.60347	9.87324	9.53658	9.75841	10.3421	10.4966	9.19309	9.14085	8.71912	6.4194	6.82911	9.23811	8.20169	5.28248	4.10603	3.12514	3.4965	3.44784	2.8953	3.16435	4.06858	4.33124	3.06556	2.59242	3.65113	3.79541	2.67999	2.22136	2.28297	3.40752	3.89525	3.23646	4.03834	5.0185	4.38757	4.47066	4.47069	3.89542	4.56205	4.50798	3.16435	3.00486	4.72023	5.04578	3.33923	3.5272	3.57909	4.03836	4.20935	3.40761	3.5141	5.31977	5.20959	5.04578	5.43888	4.7365	5.4418	5.48654	5.40818	5.4418	7.1408	6.36927	4.61206	5.82052	5.22717	5.72552	6.03605	3.83168	3.87552	5.103	4.82278	3.54885	3.70134	4.06858	6.96057	6.96057	4.0497	4.22386	6.03612	5.73621	4.38757	4.38755	4.22386	5.82049	7.46342	5.4835	3.85968	5.12991	5.32841	4.76229	5.45581	5.13001	6.3383	7.16623	5.67214	7.20612	10.5044	8.4448	4.87006	5.15662	6.12874	6.55719	6.12358	4.76852	4.62855	7.50377	7.67861	6.1485	5.78126	5.50037	6.51078	6.24654	4.91085	5.45581	7.00192	6.82903	6.99547	6.51087	5.5391	6.66737	6.91729	7.26913	7.33522	7.54411	7.0387	6.58508	7.85713	7.78019	7.97885	7.54411	6.30967	6.91729	7.36611	6.8888	6.07649	5.96268	5.95249	8.12061	7.7159	5.53079	6.1485	7.09841	6.30229	5.62909	6.49453	7.17479	6.20773	8.20353	9.25735	6.0161	7.30013	8.77903	8.23098	7.5621	6.99773	10.597	13.4161	12.8266	13.8527	17.7115	15.9569	14.4741	15.1992	16.9285	19.8075	20.9685	18.9289	14.0894	11.4077	9.11649	6.41708	5.90638	6.49467	8.46839	8.73822	7.09873	6.31216	6.75556	9.04706	9.46717	5.1775	8.39183	5.11821	4.15818	8.93406	10.6991	7.34749	12.9653	15.1419	14.4151
8.80893	6.89033	6.12582	5.70389	3.61294	3.26455	3.65099	3.06541	1.86699	1.61936	1.27881	1.6193	1.6193	1.7563	2.74218	2.38819	1.61932	2.17209	1.96348	1.44844	2.11456	2.51382	2.10732	2.44554	3.16398	2.83597	2.63931	2.44562	5.32792	5.27045	5.20053	3.48312	1.37195	1.24208	2.59219	3.31112	2.74218	3.2265	3.2265	1.73865	1.24208	2.60993	2.85756	1.12479	1.4904	2.36225	4.22338	4.09068	2.13634	2.12185	3.3891	3.83144	4.62832	4.55827	3.76669	8.79324	10.5665	7.038	6.47532	5.68253	3.89501	3.03006	2.65673	2.7478	3.85127	3.29719	3.53112	4.62814	4.49395	3.83133	3.68438	5.12951	6.28247	8.37476	9.10069	8.11265	7.46305	9.13985	8.4937	5.33644	5.34784	4.38354	4.24509	3.66344	2.63931	3.06529	3.45641	4.10566	4.0682	3.37556	3.61706	3.46083	2.53211	2.83053	2.51384	3.78704	3.95737	2.63933	3.7504	5.10254	4.76177	3.95746	3.60018	3.99992	4.47016	3.51375	2.72533	2.85761	4.60164	4.82235	3.37551	3.17858	3.1592	4.03796	4.38365	3.83144	3.61715	4.60164	4.39402	4.9598	5.9518	3.95737	4.43567	4.61164	4.38371	4.6776	6.36873	6.59342	5.12943	6.07577	5.12943	5.77536	5.92365	4.16866	4.29894	5.1886	5.15615	4.03417	3.86327	4.0682	6.88784	7.11683	4.0682	4.0682	5.81997	5.43276	3.89489	4.04932	4.57166	5.73569	7.20548	6.04562	4.09448	5.01804	5.53014	4.91036	4.73281	4.56164	6.38542	7.12963	5.60682	6.91638	9.37632	7.61478	6.21419	6.53103	6.87472	7.52937	7.09789	5.77807	4.38359	8.61273	9.09394	6.47517	6.99481	7.2057	6.79062	5.43284	4.61164	5.12943	6.79048	6.32093	6.65531	7.0013	6.11336	6.85496	6.53119	6.11336	6.70307	7.52937	7.12977	6.75488	8.72346	8.60776	7.58332	7.2683	6.41876	6.70307	7.29738	7.6546	7.28294	6.32344	6.99479	8.77809	7.68587	5.48599	5.25879	7.1845	6.51017	5.30216	5.47475	5.2267	5.96212	8.37296	8.04553	5.95449	8.72342	10.8515	11.19	12.6803	12.1099	13.3538	14.1149	11.0992	15.2067	18.7791	14.2356	16.0144	18.8771	16.457	13.7636	10.7617	10.9819	10.2779	12.3813	12.6187	11.8204	11.5379	9.84681	8.88834	8.56081	7.90433	6.82853	6.59366	8.03059	8.38715	6.03557	4.98454	4.78426	0.724355	8.26634	9.14467	13.7344	21.2639	21.3634	16.6642
11.7103	10.9558	7.93405	5.49945	4.34126	4.46985	5.09331	6.58393	7.31543	5.60648	3.16386	1.44835	1.65677	1.37174	2.85727	2.97847	1.65677	1.75611	1.49024	1.41598	1.7296	1.24195	1.57082	2.87872	2.77536	2.22094	2.13613	1.41604	3.44719	2.98889	1.12474	1.61913	1.41598	1.89132	2.53185	3.12455	2.53185	2.73065	3.06997	2.05526	1.57082	2.7419	2.53185	1.24198	2.14328	2.36201	4.21568	4.58779	1.89943	1.7296	3.47375	3.12455	1.8667	2.28919	2.24847	6.33936	8.45937	6.91595	5.49666	3.70077	2.00212	2.00209	2.7419	2.7419	3.22617	3.23568	3.23568	3.55242	4.31268	3.6881	2.17187	2.51359	3.27819	5.37295	5.80115	5.99215	6.3204	9.47333	9.81671	5.65755	5.81942	5.64686	6.53038	5.09296	2.30933	2.22094	3.75404	4.78363	3.71712	2.8303	3.68818	2.98886	1.96325	2.85727	2.73065	3.75404	3.7663	3.16374	4.39716	5.39564	4.29852	2.81396	2.5137	3.68829	4.27007	3.45623	2.83035	3.23574	4.8817	4.76767	3.17827	3.20234	3.52648	4.24115	4.22306	3.54824	3.49597	4.38671	4.64093	4.8817	5.49909	3.10481	4.21568	5.01136	3.44719	3.1589	4.78684	5.88175	4.35505	5.77997	5.65219	6.18673	6.01484	4.38323	4.29852	5.2086	5.39564	4.39721	3.89458	3.70063	7.03491	7.2736	4.04893	3.89451	5.49636	5.49636	3.92197	3.92197	4.33751	5.53782	7.30056	5.98692	4.24115	5.6062	6.04257	5.08113	4.90992	5.09316	6.55595	6.65915	5.10807	6.70223	8.58578	6.88053	6.40602	6.85404	6.54887	7.59027	7.70085	7.81744	6.64805	9.09307	9.57321	5.18809	6.03497	5.35879	5.267	5.73529	4.64105	4.38315	6.72697	6.20139	6.58593	7.21744	5.9233	6.5861	6.3372	5.6524	6.62054	8.40082	7.91683	6.72959	8.54578	8.03548	7.20505	7.54076	6.91598	6.74977	7.09724	7.84238	8.56007	7.85591	6.18685	8.33068	8.41676	7.43204	6.72735	7.02645	6.53505	4.74529	5.25538	5.28141	8.41847	10.7755	10.2885	10.8139	12.2327	10.6436	9.67085	11.4859	10.4142	12.6151	15.7561	14.2542	15.9772	16.725	14.1674	17.7903	18.1702	15.237	8.42949	8.8854	7.58258	12.5936	14.9747	14.3978	16.9771	18.1725	14.6425	8.75202	7.26776	7.44833	7.04605	6.65942	8.73122	9.58592	7.63805	5.40716	6.62054	5.75917	8.11908	7.84625	17.245	17.8114	16.2229	13.915
8.85301	11.0269	9.63307	5.49608	3.75391	4.95909	5.44877	5.74276	6.12466	6.49278	6.42232	5.94584	5.15238	3.48246	2.46391	3.01922	1.89926	1.41586	1.51066	1.75596	1.51066	1.11079	1.50043	2.3618	2.5917	2.04756	1.57068	1.24187	2.35529	2.35529	1.24187	1.79074	2.28227	2.23454	2.28899	3.40651	2.74728	2.44507	2.74728	1.80784	1.75596	2.74166	2.11416	0.993532	2.48252	2.48252	3.72912	4.62724	2.43875	1.57068	2.92089	3.31049	2.35529	2.28227	2.28227	4.0899	5.24897	4.24075	3.40663	3.50872	3.74969	2.80824	3.33369	3.86254	3.95662	3.61638	3.88229	3.79436	3.84654	3.61633	2.3618	2.77514	3.06473	4.0028	3.10454	2.99881	4.50672	9.42209	10.4509	6.83818	7.41088	7.4373	9.05952	9.57102	6.24491	4.33021	5.96103	7.36372	4.09363	3.06471	3.55213	2.81372	2.94198	4.0334	4.38282	4.41411	4.04851	3.49552	4.21536	4.82143	3.27789	2.3422	2.6388	3.35208	3.95671	4.24087	4.47963	4.50682	5.4987	4.98351	3.17801	3.52615	3.89415	4.43831	4.04855	3.16346	3.35208	4.38282	4.5708	4.46922	4.55732	3.38846	4.54723	4.87183	3.86245	2.99881	4.82143	5.33543	3.26377	6.33879	6.3196	5.33825	5.34683	3.74969	3.89415	5.26928	5.65705	4.22266	3.92168	4.26602	7.40256	7.20412	3.87442	3.87442	5.37247	5.65705	3.9216	4.0937	4.12724	5.56475	7.65284	6.15413	4.73515	6.07462	6.28114	4.90633	5.08065	5.25779	6.35803	6.24479	4.93424	6.9652	8.87288	7.09642	6.11202	6.57373	6.64707	9.27235	8.87288	7.54002	8.90515	8.58529	7.52379	6.43151	5.67054	3.94107	5.4092	5.80061	5.7955	5.7586	7.0365	6.69255	6.58299	6.9652	4.90945	5.78752	6.16411	5.60583	5.97378	7.92349	7.73136	7.80704	8.96851	7.88553	7.26693	7.16438	6.85594	7.4028	7.24824	7.02587	6.47169	6.68151	6.16422	8.41771	9.19659	6.38432	6.65877	6.41755	6.18616	6.48094	8.68407	9.63307	12.7867	14.1123	10.2933	10.2918	11.5204	9.42082	8.04407	8.7917	8.20671	11.1128	13.2302	10.2658	12.9491	17.5626	14.6757	12.6061	10.0091	10.7623	10.5799	7.33921	11.2702	12.1125	12.1183	10.7966	14.6688	14.7563	15.076	9.20981	6.63593	6.68151	7.50199	7.65905	9.6098	8.90162	6.91527	7.03031	8.42332	9.34315	11.1064	10.3663	17.5502	13.5165	12.2139	16.2171
4.24413	6.80887	10.2908	9.18949	6.26388	6.87961	6.8	5.69436	4.23687	4.07846	5.7157	7.65844	8.64202	8.37266	5.88102	2.94171	1.83306	0.878096	1.41571	1.80766	1.65646	1.37147	1.024	1.72927	2.59143	2.35505	1.50028	1.17802	2.04735	2.17146	1.7646	1.79056	2.87817	3.12395	2.35505	3.12395	2.49463	2.49463	2.60916	1.5105	1.89907	2.77483	2.1996	1.41574	2.51308	2.28876	3.61595	4.22214	2.04735	1.89095	3.10422	3.10422	1.89907	2.05487	2.51308	3.89368	4.18206	3.22559	2.59143	2.9779	3.10422	1.65646	1.96291	3.23513	4.39624	3.86205	5.24843	6.89692	6.89706	6.86853	6.7999	7.18272	6.80218	5.75808	3.88206	3.0292	3.78594	6.92521	7.97367	6.24434	7.24759	8.49162	10.4362	12.5773	11.8945	10.4969	10.4912	12.2551	8.05619	3.35172	4.2977	3.89368	3.00367	4.21137	4.73468	5.0922	4.78291	4.03683	4.67614	4.88706	3.68333	3.37461	3.51277	3.33337	3.68748	3.95635	4.39299	4.881	6.12642	5.96047	4.1566	3.54757	3.74932	4.38232	4.24034	3.57773	3.52586	4.06703	4.06703	4.43787	4.78282	4.21137	5.18711	4.98302	3.9986	3.29622	5.40865	4.71841	2.13572	5.57234	6.16329	6.30694	6.43079	4.15636	3.95623	5.31775	5.81828	4.12683	3.86217	4.39637	7.08076	6.69188	4.04816	4.0368	5.43682	5.86777	4.39632	4.57036	4.38588	5.81831	7.80593	6.91436	5.08318	6.16344	6.58468	4.7347	4.74434	4.93376	6.4144	6.50831	5.43974	7.37123	9.1518	7.12759	5.95278	6.24417	6.7527	10.4272	10.2573	7.23905	7.60696	7.28093	5.22535	7.13171	5.75783	4.4689	5.53677	5.39452	3.7778	4.41375	7.18254	7.73053	7.04445	6.82632	4.74434	5.66999	5.95278	5.22535	5.28048	6.96451	7.12967	6.336	8.24429	8.17671	7.83894	7.41432	6.85533	7.7073	7.74828	6.7999	5.69958	5.19909	6.22986	8.20044	8.38475	5.39462	5.62696	8.1676	11.2938	13.3846	14.0457	14.3863	13.9081	10.4275	5.01674	5.10106	8.90385	8.88565	12.0981	14.8652	13.7805	13.164	12.2895	8.39915	15.1383	20.4518	14.5273	11.7777	8.37443	10.8278	11.4043	11.1687	12.7915	8.73494	9.4388	8.4173	8.02646	4.55034	10.8279	11.5574	8.7144	6.30977	6.65816	7.40214	9.92483	8.24981	6.41697	6.47354	8.7144	9.42164	9.72417	10.6419	19.5858	16.6397	15.7156	18.0853
3.84997	4.52297	7.66933	10.1524	7.65766	7.65761	7.65372	6.95761	5.30015	3.50814	5.01629	6.3594	7.12931	8.33592	8.93022	5.56391	2.67886	1.75571	0.895436	1.51037	1.8989	1.33723	1.06815	1.7904	2.74676	2.35484	1.61871	1.61871	1.89079	1.61871	1.6656	2.00153	3.22528	3.59863	2.11375	2.49442	2.38728	2.63241	2.67874	1.8989	2.24785	2.77459	2.43829	1.44789	2.19941	2.35484	3.8498	3.64942	1.51037	2.14269	3.36961	3.12368	1.57038	1.37135	2.49442	4.59984	4.94561	4.38547	4.38549	4.90539	5.10668	4.39254	4.24007	4.50597	5.79951	6.50771	7.60609	7.50035	6.1456	6.14566	5.77332	5.15428	4.38205	4.23644	4.39254	4.70195	4.84593	5.05553	4.21451	3.38781	3.10893	3.35144	5.0827	7.33782	8.12437	7.66549	8.65309	13.2224	12.7979	9.96281	9.1153	7.89152	3.88155	3.68707	3.61567	4.39235	3.48162	2.7243	3.76525	3.99819	3.01864	2.77461	3.17737	2.98288	3.57731	3.72024	3.2349	3.40598	5.35728	6.1456	5.34606	5.58578	4.98574	4.38547	4.3363	3.33766	3.20149	4.41327	4.73423	4.73423	4.60988	3.35141	5.26828	5.86986	4.67582	4.24	5.4307	4.156	2.46344	5.26828	5.32583	6.22891	6.79895	4.83313	4.56984	5.65597	5.86724	4.23995	3.89341	3.92086	6.4983	6.3663	4.22186	4.03642	5.60463	6.15296	4.73423	4.38547	4.39591	5.94193	7.52237	7.11414	4.3363	6.03329	7.29652	5.90356	5.73364	5.09171	6.70036	6.41381	4.90852	6.74763	8.88296	7.34594	5.78639	5.97259	6.32089	9.79132	9.88472	6.60924	6.06588	5.25388	6.22922	5.25388	7.22157	5.7785	6.111	5.25678	4.59989	4.76634	6.47026	6.30645	6.25086	7.16287	5.8179	6.4727	6.30653	5.52815	6.111	7.16505	6.86768	5.04342	6.88523	6.7004	7.69867	8.62369	7.66549	7.46626	7.24687	7.044	6.65749	6.25836	6.45175	7.23849	7.36857	5.78639	5.52805	7.70637	10.7725	12.835	13.5533	13.4644	8.2854	2.17126	3.99819	3.13841	9.24002	10.3638	9.75344	10.2896	7.69867	12.487	15.9458	15.318	20.2723	23.1168	15.1857	14.1904	9.57404	12.5285	8.34478	12.2578	10.3444	10.199	10.4112	10.6408	6.43529	2.30871	5.24818	11.9361	11.7069	7.75336	6.57045	6.58194	9.64492	8.95688	9.20007	8.93863	8.8699	9.4206	8.85121	12.3108	22.2604	20.1393	17.5344	15.1821
4.13729	4.00561	5.24764	8.60365	6.42045	5.10021	3.48143	4.98507	4.0925	4.13729	5.98479	6.11042	6.26984	6.67956	8.5461	7.97425	5.69853	5.57157	5.15087	3.89313	3.6154	2.11364	0.745001	1.12424	2.5126	2.5551	1.76425	2.1063	2.38705	1.75544	1.61851	2.23388	3.61527	3.79325	1.65614	1.8987	2.7743	2.72961	2.36111	2.23388	2.36111	2.74085	2.72961	1.72894	2.5551	2.89363	3.37383	2.85618	1.86598	2.74647	3.93991	4.46791	3.99793	3.94007	3.6154	5.43014	6.42963	4.56945	3.6826	4.16664	3.82948	3.00312	3.77721	4.88623	6.12272	6.18435	5.81716	5.25321	4.95431	4.58605	2.87762	2.11353	2.24761	2.90421	4.23956	4.85806	4.71767	4.41287	4.21056	4.38153	3.3511	3.23457	4.38153	3.7852	2.92003	2.63214	4.22133	8.0658	9.60702	9.66109	11.4368	11.6054	8.83176	7.70575	6.74713	7.35348	5.97197	4.7852	6.15248	6.52804	5.8173	5.09118	4.38501	3.32805	3.86132	3.93991	2.98257	3.00312	5.31672	5.97953	3.71991	4.39556	5.56333	5.24764	3.87332	3.20111	3.16253	4.78188	4.93279	4.73052	4.73052	3.74866	5.15066	5.49424	3.27693	3.85744	5.64468	5.25334	4.63923	6.14497	5.62578	5.20661	5.71423	4.9789	5.15061	6.20385	5.71423	3.84543	3.7852	3.92045	6.72668	6.7514	4.21054	4.036	5.65003	6.0853	4.58614	4.38153	4.73374	6.27931	7.67424	6.58107	4.46791	6.59025	7.04299	5.29953	5.66897	5.53587	6.35617	5.86663	4.41282	6.58107	8.80946	7.04299	5.31672	5.90282	6.18435	8.49842	8.28413	5.94893	6.48834	8.61034	6.81843	7.90055	7.5157	6.30579	5.60411	7.03462	7.34541	7.57964	7.33502	5.98975	6.79832	7.8907	5.77793	6.4697	6.4697	5.47218	6.14502	7.68808	7.55774	5.69843	7.07511	6.88453	7.34518	7.72902	6.57209	6.69082	6.67942	6.59048	7.04328	6.57209	6.12038	7.16229	8.22625	7.87375	7.24612	7.16213	8.52651	9.14021	9.11408	6.02	3.10861	3.59844	8.54774	9.74666	12.5009	10.2252	8.01906	8.33474	7.50971	15.2609	15.5549	10.273	16.9533	19.9749	9.5698	9.91108	12.7796	14.524	7.95925	9.74043	8.991	12.9679	13.5448	12.9757	11.333	9.11455	10.3361	10.2846	11.2265	9.35631	7.36184	6.59048	9.86137	9.22802	8.99093	9.79078	8.89924	10.0797	8.73316	16.0854	26	21.2079	16.8931	12.8966
5.32507	4.56918	4.33916	6.75324	6.86656	3.99763	2.38691	4.95397	5.40739	6.3582	7.29325	7.27049	6.98234	6.98885	8.92854	10.8888	11.0468	10.6775	10.2189	10.0791	11.4412	12.4665	11.4833	7.36738	2.98753	1.26595	1.24141	1.93871	3.06356	2.83435	1.80715	2.74062	3.8926	3.22466	1.41532	1.51008	2.77406	3.16218	2.49394	2.3609	2.38682	2.63191	2.98738	2.43783	2.67249	2.35439	2.23369	2.53067	3.12309	3.71538	4.43314	4.32839	3.23422	3.27673	4.07727	4.93237	5.88161	3.55076	2.35439	3.40521	3.40521	3.06354	3.17677	3.86107	4.67483	4.8196	4.39501	3.8926	4.83221	4.71382	2.87737	1.89854	2.24742	3.97438	3.84507	2.28812	2.48163	3.33701	3.87295	3.69888	2.829	3.50738	5.08172	6.10985	7.29741	7.34276	6.69024	5.42977	3.06354	3.45886	7.39977	9.22723	9.4943	9.62947	9.46927	10.262	8.48206	5.95121	5.29907	4.93539	3.92007	3.71953	4.74303	5.77743	6.53199	5.49653	3.32776	3.16226	5.31626	5.33341	2.60846	2.67249	3.78488	4.71724	5.00928	3.38728	3.02828	4.49139	4.76543	4.78147	4.90446	4.38121	4.90446	4.76543	3.2953	3.16218	5.58446	5.39311	4.78154	6.49017	6.30537	5.32498	4.98161	4.6255	4.10702	6.47132	6.92331	4.56897	4.10332	3.95512	7.1128	7.13613	4.38115	4.55904	5.86875	5.98412	4.60901	4.56906	4.90757	6.44795	7.56291	5.9408	4.75906	6.36509	6.18373	5.10557	5.10559	4.91692	5.78533	5.47164	4.78147	6.63322	8.34296	6.33882	5.49379	6.20336	5.98412	8.32681	8.12264	5.95873	5.32489	9.64293	8.98978	2.94086	4.95405	5.09963	6.25692	6.44795	5.35637	6.12219	7.33644	8.31261	8.60291	7.57888	5.29907	6.55287	6.81562	5.43544	5.25578	7.57884	8.02607	7.88459	8.34321	6.83554	7.1128	7.19299	4.56906	5.26745	6.50655	6.55297	6.72637	7.07478	6.50435	7.12574	8.20362	7.94525	8.43433	8.38626	6.47148	6.80656	9.46583	8.37001	3.3507	13.0286	17.7654	17.008	18.3874	16.5716	14.3783	11.9995	6.87762	14.7042	16.9639	10.5901	14.6726	17.3505	11.7281	2.1709	8.97659	13.1775	8.0542	9.39819	8.22565	9.6971	10.4981	11.0785	11.6235	16.9258	17.6324	13.0519	11.1877	10.6553	8.62207	6.56921	8.98994	8.41455	8.03166	8.28921	8.18913	10.4203	10.1216	19.4166	26.8828	16.5147	11.2048	11.9993
6.82396	5.82676	4.46722	5.14984	6.58228	5.49345	5.84759	8.23034	9.95551	10.2827	11.0216	12.6676	14.6727	15.9207	18.0189	21.0519	22.1687	22.0648	21.831	19.8309	16.2523	14.9466	15.4011	13.4606	9.0537	4.71677	1.41524	0.632987	2.43757	3.06322	2.51212	3.26218	3.37319	3.02796	2.46272	2.12041	2.38657	3.16185	3.01776	2.49368	2.60817	2.74033	2.74033	2.28788	2.48137	2.81235	2.81233	3.40486	4.66447	3.52874	3.10304	3.68598	3.38681	2.90366	2.36066	3.93916	5.59209	4.26388	2.81235	3.66097	4.38064	3.89227	3.71915	3.71915	4.16585	4.49092	3.77635	2.98193	4.21327	4.52142	2.98193	2.38657	2.23345	3.61458	3.93914	2.83406	2.83406	3.97396	4.33502	3.86069	3.57633	3.69853	5.60299	6.67809	6.41206	5.88124	6.04178	6.10926	5.43774	4.98428	5.47107	4.55512	3.61458	3.74787	5.09018	8.04017	8.4812	7.43373	7.67279	6.82362	4.39456	3.33207	3.15707	3.29496	5.84729	6.80589	4.55512	3.01776	5.39248	5.17329	3.16193	3.16191	3.37319	4.86635	3.77649	4.24244	3.61471	4.38064	4.78411	4.71661	4.54843	3.68607	4.3807	4.55855	3.5114	3.2005	5.77668	5.60292	3.52874	5.71318	5.53465	4.74254	4.6086	4.58527	4.41198	6.36444	7.36629	4.80955	4.32791	4.16582	7.49608	7.11207	4.2387	4.56859	5.69725	5.56211	4.43616	4.46706	4.46706	5.81606	7.18596	6.03152	4.7425	6.03152	6.24903	5.43474	5.65432	5.31571	4.91637	4.73284	4.78097	6.20272	7.96308	6.42841	5.36988	5.79509	5.881	8.66586	9.08789	8.04022	9.20541	10.6001	8.41369	3.2763	2.7738	2.77377	5.98343	6.54515	3.4585	4.1363	6.79697	6.8347	6.10908	7.00736	6.50588	7.36642	7.35209	5.9786	5.8657	7.24457	6.6439	5.18511	6.29749	5.86825	6.75242	7.13539	5.26676	4.91637	5.95047	6.64405	6.6555	7.11024	7.42372	7.56237	8.20278	7.19454	7.34187	8.12201	8.51829	6.65554	5.36988	6.06159	11.2475	18.5352	15.5337	13.4138	15.2997	13.9602	16.5133	18.7342	17.5055	6.02418	12.1173	16.3765	18.6389	20.3538	17.3107	14.4505	10.8877	6.75013	4.70057	7.51432	6.13145	4.86972	5.59228	7.34184	8.55511	16.6624	15.8183	16.0532	11.8493	10.1013	9.41633	8.47074	8.56717	8.09039	7.74501	7.69637	8.84878	13.8619	18.6393	25.8384	24.7028	13.0615	9.41797	11.9823
8.17295	6.6436	5.01744	4.49069	5.32397	6.18776	9.69529	12.5451	15.0017	17.4839	18.2053	17.2915	17.0331	17.3285	17.4878	17.892	18.1254	17.6975	17.7768	17.7745	14.1019	8.52461	8.64984	10.9269	9.56721	6.81656	4.04632	2.19867	2.00079	2.82838	2.24699	2.82838	3.13722	2.53018	2.24699	2.60794	2.23326	2.7401	3.06795	2.60797	2.94021	3.32713	2.85544	2.51198	2.9972	3.55023	4.23833	5.14919	4.6246	3.06298	3.0277	3.9388	3.72699	3.06795	3.0175	4.0913	5.45098	3.7922	2.13471	3.88007	4.16546	2.90341	2.91922	2.7401	3.47147	3.72699	3.2619	2.7401	3.48029	4.0348	3.13722	3.06795	2.60794	3.36833	3.75158	2.38637	2.60794	5.45098	4.90653	2.60797	2.77356	2.82842	5.24598	5.77618	3.22405	2.49347	3.30861	4.23833	4.85672	6.02366	6.99176	6.57945	5.88074	5.26647	4.46677	4.21296	3.71876	4.67394	8.67902	10.2527	7.33505	4.90664	3.10775	2.43736	4.66407	5.86757	5.31525	4.65427	6.71354	5.84679	3.06298	3.33178	3.33639	4.86593	3.4582	3.16173	5.63518	5.53435	4.39424	4.7837	4.39418	3.27602	4.16549	4.4116	3.57602	3.71888	5.81559	5.97788	3.82842	5.73127	5.58341	4.7162	4.2094	4.39428	4.93143	6.65477	7.29167	4.98067	4.93139	4.93139	7.80231	7.11146	4.26351	4.46668	5.48168	5.56163	4.73243	4.7421	4.58488	5.69939	7.34108	6.36389	4.75816	6.10855	6.19732	4.71622	4.85653	5.34379	5.26629	5.08075	4.73245	6.03101	8.42357	7.12634	5.4706	5.43427	5.55883	9.05419	9.97941	7.26884	7.03252	9.15741	9.32663	8.28226	6.68903	4.86615	5.18467	4.9591	4.08757	4.83129	7.19999	7.16217	6.93509	7.18535	5.27791	7.29377	8.24031	7.12654	7.10963	6.3807	5.31525	4.86906	5.8779	5.15223	6.66164	7.43297	5.7842	5.27791	6.38059	7.00676	6.50532	6.53093	7.02633	7.34344	7.19392	6.65032	7.85048	8.54544	7.8831	8.67931	9.87248	11.7546	16.0301	16.8555	7.92835	4.58478	10.4957	7.17908	5.9881	3.55008	6.36384	7.71312	3.45836	10.5881	15.2544	19.4166	18.3512	16.6324	12.9722	5.73134	8.34164	11.1634	12.3592	11.2834	9.8649	9.11366	13.9834	16.6056	11.2444	15.569	12.4419	11.3466	9.65846	8.7462	9.13808	10.3389	10.2226	12.1163	13.0528	19.0675	27.7172	30.7978	21.2647	11.6402	9.94867	12.2839
10.252	8.75885	6.46736	5.14886	5.2048	7.04059	9.62666	10.4048	12.8963	16.2722	18.2478	15.8794	9.29389	3.61407	1.93814	2.5542	3.21911	3.23334	3.16137	5.77574	8.53929	6.82258	6.64277	8.89384	8.88707	5.10407	3.06266	2.13449	1.96178	2.83352	1.66479	2.14165	3.10245	2.72858	2.36021	2.60767	2.00056	2.3537	2.83352	2.55413	2.68321	3.37259	3.16133	2.67181	2.60778	2.60778	5.32326	7.17827	3.84397	1.80662	3.54972	5.01367	3.68528	2.73981	2.60767	3.75119	5.34324	4.26663	2.89253	4.03438	3.40421	2.51164	2.90311	2.6077	3.68528	3.61392	3.54974	3.60966	3.47993	3.84394	2.85509	3.10245	3.10245	3.47111	3.47993	2.38612	2.85509	5.58009	4.95243	2.36021	2.85509	2.63113	4.59762	4.71243	2.67171	2.93991	4.39023	5.0891	3.37254	3.17583	4.3342	4.2379	3.74723	3.66038	3.82813	4.75772	4.98024	4.37993	4.7832	6.87532	7.16161	7.40593	7.07692	6.58799	7.16163	6.82242	5.5336	5.33185	7.60233	6.74209	3.45342	3.16125	2.49321	3.93839	4.23783	2.89253	3.19989	2.48093	2.8118	4.94322	4.26663	3.10743	4.46617	4.59767	3.69783	4.26314	6.01025	5.56105	3.52378	5.32326	5.14866	5.39145	4.98318	4.23795	4.39379	6.17948	6.64264	4.16506	4.32712	4.69948	7.83991	7.41588	4.2379	4.12446	5.49219	5.91855	4.7416	4.73194	4.55768	5.77039	7.51876	6.30341	4.84348	6.03038	5.98237	4.5844	4.50368	4.93394	6.20884	5.5336	4.39382	6.41073	9.08619	7.53481	6.12287	5.94937	4.91544	8.22839	9.37783	6.81351	7.29302	10.0655	8.50751	4.12446	5.5585	7.50705	8.7367	7.41619	4.71586	5.16935	7.93323	7.90293	8.38354	7.96915	4.67346	7.34033	8.22298	6.1204	5.26593	6.24804	7.07692	5.93921	6.74439	6.1401	6.69714	7.46254	5.95703	6.13033	7.70858	7.51287	6.1427	5.96977	6.08319	6.50476	6.08319	5.60199	6.91045	7.40984	7.5129	10.5076	13.2642	14.5035	18.9452	16.5309	7.49498	5.19581	9.4284	7.29092	7.12799	9.84449	8.42303	3.47993	5.44511	5.64261	8.64868	12.9414	9.34925	5.35746	6.68802	11.897	10.2155	8.36758	12.3672	11.1623	12.6343	13.4295	20.6177	19.8425	15.2825	16.5715	14.94	15.0597	10.1083	9.13724	11.2628	13.4197	14.2952	16.6899	16.5186	17.9443	23.5533	20.7535	12.9098	11.1584	11.8694	13.0997
11.6104	10.7516	8.25884	5.69578	5.04982	7.26145	7.70799	7.74692	9.91086	13.443	15.8464	15.6211	11.9159	4.9057	2.63681	4.74123	4.66341	5.32303	5.16913	5.29707	6.11726	5.08866	6.01721	8.43614	8.87791	4.90559	2.58972	2.11259	1.75467	2.14146	1.12371	2.00039	2.98624	2.73957	2.38591	2.28053	2.11259	2.74519	2.98624	1.75462	1.72813	2.5539	2.4558	2.28062	2.67158	2.90297	6.58719	8.64797	4.21949	4.17951	6.12976	6.15937	5.10384	5.91823	5.52501	5.29707	5.49171	4.16467	3.2754	4.48968	3.93807	2.5539	2.93965	2.72274	3.84761	3.50596	3.23294	3.97287	3.84361	3.84361	2.73957	2.87628	3.06737	3.60935	3.37225	2.82784	3.36769	5.33421	4.73143	2.4369	2.90285	2.99653	4.54378	4.54378	2.74519	2.4369	4.42106	5.77509	4.08679	2.90285	3.84761	3.93805	2.4369	2.11255	2.4369	4.00359	4.26271	3.61371	4.21949	4.97972	4.10176	3.47963	3.50596	2.67721	5.25368	6.52486	6.15937	6.78407	8.26588	7.03973	4.39341	4.55395	4.55395	5.64197	5.29122	3.19961	2.38594	1.72813	2.77303	5.81446	5.10372	3.23306	4.7153	5.10365	3.87148	4.03033	5.05266	4.43146	3.3723	4.7153	4.62704	6.06244	5.49169	2.83327	2.90285	5.77509	6.64205	4.16467	4.37943	4.65339	7.93255	7.69411	3.99596	4.09059	5.75405	6.20101	4.46583	4.09059	3.91862	5.75405	7.74284	6.3173	5.29707	6.48533	6.41018	5.25381	5.08881	4.91501	6.33642	6.09988	4.09059	6.74381	9.62555	8.1399	7.33369	7.26145	7.07207	8.71523	7.50612	4.10546	4.94279	9.72512	10.7513	7.69432	6.35331	4.38297	5.20414	4.43501	3.99612	3.44425	10.3992	11.3042	8.8815	7.4619	5.43609	6.85054	7.3663	4.84299	3.22346	6.2084	8.11236	7.98573	7.70219	6.6422	7.07612	7.50612	5.94884	6.29576	7.91753	7.68449	6.58047	6.7215	6.78421	7.42569	8.66388	7.96125	5.60153	7.49402	9.62557	9.73596	9.74976	12.9085	19.644	19.1504	18.7628	14.4095	5.12464	4.67316	5.49472	2.89235	2.6542	6.69673	8.9336	9.42806	11.4763	15.9925	14.1101	12.2001	12.4595	12.1796	9.54966	8.62544	10.4895	6.56904	13.1425	12.2144	16.1879	12.7333	15.6208	16.5495	12.9085	14.5496	10.189	15.1996	16.8921	17.3276	17.1768	19.9773	21.9533	20.0609	16.3956	9.56836	4.24127	10.4787	13.2988	16.4704
15.0272	13.324	10.7545	7.39645	8.4357	10.2227	9.72904	10.3188	13.1584	17.3507	14.3547	10.9815	13.62	11.9829	9.10615	3.54921	1.26534	2.30712	3.85524	6.95275	8.00154	6.50335	6.03928	6.0693	7.45504	7.33911	5.86347	4.55356	2.97579	1.61765	0.784809	2.11233	2.60718	2.34018	3.0014	3.23272	3.0014	3.93767	3.54906	2.13412	2.10509	2.30712	2.11239	1.96146	2.28712	2.9185	6.67556	9.39214	8.78961	8.78453	9.89055	10.7942	10.6518	10.4847	10.4847	10.6503	9.56907	6.33107	4.04506	4.39295	5.25326	4.63659	4.23714	4.0337	4.71482	4.07513	3.60897	4.03361	4.03361	3.79108	2.91836	2.77272	2.67693	3.75047	3.2326	2.77272	3.3719	5.25314	5.01575	2.55364	2.72246	3.00137	4.6365	5.3905	4.06391	3.17523	4.431	5.97613	4.84256	3.68467	4.77923	6.18093	5.60101	4.93004	4.29441	4.62656	3.91817	2.51124	3.87108	5.46611	4.88333	4.26234	4.20814	3.50568	4.59679	5.01575	3.9955	5.19482	8.03701	7.39622	4.46537	3.54478	4.04506	7.39622	7.29365	4.17888	3.54478	5.05226	6.14899	7.16656	5.59822	4.30876	5.94824	5.79562	4.20452	4.0337	5.15072	5.26192	4.58358	5.26192	5.96858	6.78337	5.26477	3.52311	4.38252	7.15808	8.03708	5.94824	4.90522	3.74645	7.88618	8.51471	5.29652	5.42715	6.33107	6.27574	4.4103	4.23709	4.74071	6.61407	8.26687	6.74987	5.77463	7.26058	7.19175	5.814	5.83747	6.40964	7.67786	7.33907	5.79567	7.80013	10.1061	8.70913	7.67784	6.67564	6.75	9.22769	7.8693	5.87902	6.35265	9.8212	10.2339	6.81457	6.11924	5.08825	6.11662	4.37893	2.87612	5.81406	11.5104	11.4913	6.24667	6.57967	6.82119	6.81234	6.27574	5.42705	5.01277	8.0501	8.47787	7.03927	8.76405	9.62488	9.45057	8.70923	6.83231	6.82123	8.57957	8.53769	7.7014	8.2852	8.37865	10.3985	12.6629	13.4356	13.7382	14.136	11.9645	8.89398	11.2928	16.5512	20.3772	18.3058	13.903	14.7819	7.21059	2.11969	5.46907	7.53356	9.07981	10.948	11.5374	13.613	15.3946	16.3898	14.9304	14.9814	17.8174	18.9085	18.2717	16.0605	15.109	15.0309	16.7102	15.9576	16.0706	10.25	12.7317	14.1805	8.49363	12.1068	13.1751	14.8201	18.1114	25.0901	28.8427	31.9424	31.7092	28.9358	24.4113	17.7025	14.6289	13.8568	13.5056	20.4968
12.6592	12.6169	10.5992	4.94204	7.01286	7.83423	7.07498	8.19349	12.2401	15.0731	5.26151	7.55059	7.13209	7.28912	6.99334	5.53203	5.14744	6.41148	7.408	8.88488	7.68305	3.17495	3.45246	5.09673	5.35322	5.77151	5.60046	4.04474	2.60706	1.44682	0.701917	2.43643	1.61745	1.27738	2.28688	2.46157	2.72222	4.00283	3.33511	2.8544	2.6537	2.1696	1.61747	0.894753	0.723526	0.877394	4.04466	5.60039	3.38535	3.06189	4.38214	5.14744	5.79265	6.68645	7.45461	9.40554	10.6987	7.5047	4.6525	2.85435	3.68018	4.38214	3.85887	4.43061	5.01532	4.15284	4.17852	4.21856	3.9644	3.84288	2.98567	2.60695	2.48016	3.9644	3.10159	2.28682	3.06679	5.00618	5.00618	2.43643	2.19773	1.93758	3.78272	5.26429	3.9952	3.40332	4.04466	5.49067	4.81686	3.00114	3.84705	5.89909	6.00869	5.77151	5.98072	5.40128	3.65926	2.60708	4.58319	8.87796	7.1763	2.98061	2.51097	2.58923	4.23666	5.33038	3.91788	3.13603	6.01607	7.36288	4.90466	2.63041	2.51095	5.87829	7.77819	7.18264	5.32177	5.2032	5.25281	4.7403	3.71326	3.34886	4.95116	4.2619	3.199	3.4436	5.10269	4.92952	3.50974	4.54631	5.42658	5.49067	4.76272	4.21865	4.92956	7.17637	6.97161	3.8786	2.51095	1.86476	8.38117	9.69885	5.36738	4.67217	5.14729	5.10269	3.49219	4.10098	4.76272	6.03876	7.72582	6.26549	4.71443	6.72229	6.36148	4.40992	5.1236	5.60858	6.35202	5.83688	5.08781	6.95863	9.10985	7.80898	5.86535	4.32592	5.10269	6.95424	3.22285	2.38548	5.2032	10.7575	12.2721	9.46079	8.92352	7.41416	5.18281	4.48883	3.74612	4.90167	8.2625	9.0046	7.57447	7.57449	6.6135	5.29606	4.97878	5.64633	5.60039	7.72388	7.51066	4.76272	6.69534	7.53486	7.15762	6.47485	5.25279	5.52386	7.83781	7.62008	5.95535	5.95535	5.59774	9.28302	9.39293	8.26649	10.9338	11.617	7.65184	7.74535	13.086	15.5873	15.4516	15.5452	6.44687	16.0309	7.74522	4.60646	6.98472	6.99337	8.02153	9.26063	8.92007	10.2333	10.699	11.1235	13.2969	12.4974	11.7699	12.8256	14.555	13.7277	13.3165	14.4525	10.3138	11.4769	13.0478	6.8891	14.0991	16.2103	4.73053	6.2585	7.7106	6.47482	16.0025	22.4398	23.4749	25.4733	21.232	17.5474	17.3231	15.6397	13.9997	9.72831	8.50723	12.6047
10.823	12.3693	10.3962	2.3853	5.09621	5.26093	4.43371	6.41063	12.1545	12.7846	1.61736	7.84652	4.51884	2.85401	8.29958	8.74329	3.95245	4.26145	4.16347	4.73004	3.93692	2.10469	2.87543	4.47471	3.93689	3.54837	4.23981	2.72754	1.41436	1.49885	0.723451	2.2459	0.992482	0.175469	1.27721	2.27986	2.67642	3.307	2.43618	2.11193	2.2459	1.96101	1.66416	0.877281	0.723433	0.175469	2.87543	4.21087	1.73649	1.9998	2.23218	1.61728	1.75411	2.38521	3.34844	6.49967	9.56711	8.57796	8.0002	6.79339	4.92911	4.43364	4.04425	5.11107	5.33264	4.03285	4.3781	4.35009	3.84248	3.84248	2.77219	2.58896	2.67642	4.10425	3.10127	1.75411	2.82701	4.86358	5.0872	3.02624	2.68224	2.68224	3.762	4.76218	3.45211	3.16011	4.40952	6.50212	5.94455	5.04834	4.76242	4.91361	5.26093	5.62152	6.86623	7.17572	5.46804	3.23215	3.65888	10.0954	9.10725	2.67642	2.11197	2.72194	4.47471	5.11107	2.85401	2.2459	5.24923	6.93176	4.86671	2.83244	2.43618	4.46445	6.46699	7.42322	6.90782	7.18818	4.95055	2.67069	3.1357	3.45653	3.88998	3.307	2.83244	3.06147	4.90416	4.51884	2.58896	4.03285	4.73004	4.95671	4.73004	3.54837	3.74976	6.17956	6.05815	3.50493	3.0615	3.37136	8.34277	9.35846	4.86671	4.13395	5.33264	5.5589	3.85847	4.16347	4.30776	5.67522	7.78698	6.02805	4.07436	6.25755	5.98003	3.69632	4.5659	4.5659	5.34121	5.17035	4.54584	6.17715	8.74842	8.02989	6.74184	6.64026	7.33772	8.3912	6.46491	5.71017	5.10222	9.95537	11.0945	5.14671	4.23981	4.03294	5.24366	4.98145	3.71703	4.15241	6.6855	7.54784	8.43369	8.25617	5.28967	4.62237	4.76218	5.16739	5.16739	7.06972	7.21538	5.24345	6.6515	6.17715	4.95064	4.72693	4.20734	4.92901	7.57371	7.18818	4.87613	4.71392	4.32547	9.16752	8.10976	5.27542	9.73164	8.56772	9.05032	11.7106	8.94904	10.8597	17.0728	16.704	5.75255	14.4898	6.6743	5.86492	5.96746	5.69401	6.79319	9.18704	8.42675	7.1904	8.03563	10.2422	9.94358	9.39647	9.7451	11.8681	10.1027	6.48359	10.2422	14.0546	10.8668	11.6347	7.07	3.23199	16.9667	14.7406	3.85858	5.58097	5.10222	5.83628	18.4717	19.9038	13.8998	14.9875	8.50606	2.85415	4.71392	3.385	4.51906	7.66249	6.58527	8.15981
12.89	14.3237	11.3088	3.45193	6.57779	7.33084	6.81058	8.91834	14.0531	10.7472	2.91751	8.07373	5.81218	5.26042	9.72596	9.08188	4.0439	3.49148	2.67615	3.01572	3.15972	2.85371	3.74937	3.97129	4.10383	3.69594	2.73848	2.81048	2.85384	2.28643	1.12334	1.37002	1.17678	0.350902	0.784623	2.60644	2.97993	2.97993	3.06615	2.19728	1.96084	2.27969	2.28643	1.78872	1.44654	1.06713	2.87513	3.6459	2.27963	2.19728	2.24567	2.14061	2.44224	2.5529	2.82672	4.15199	7.37992	8.87484	9.56665	10.3203	9.78553	8.65878	7.84598	7.28745	6.80134	4.71016	3.84209	3.88958	3.93649	3.78997	2.5887	2.67615	2.5887	3.69603	5.32955	6.44564	6.95103	8.03502	8.33689	7.33721	7.08863	7.03732	7.1898	6.88985	6.68517	6.68523	7.02661	8.21931	7.61491	7.77705	7.265	6.50159	5.94653	5.86161	5.67464	4.95313	3.95206	2.47971	4.71016	11.0206	9.74412	4.40904	3.78207	3.78207	4.46408	3.99817	2.60641	2.87513	5.91566	6.30033	3.74937	2.85371	3.01572	4.66134	5.33209	5.3207	6.50149	9.57398	7.95214	3.85798	4.12249	3.86997	4.50153	4.60546	4.20696	4.04395	4.88192	4.55207	3.23172	4.42971	4.55207	5.01429	5.2516	3.77382	3.45176	5.59916	5.81211	4.21769	3.88958	3.61221	7.10519	7.57291	4.5821	4.84107	6.97664	6.9702	4.91315	5.2951	5.26047	6.27394	8.26264	6.3004	4.4332	6.26421	6.33393	4.50153	4.76175	4.71345	6.33393	6.36022	5.26042	6.81918	9.2055	7.96535	6.40759	6.25209	5.91572	8.37601	8.10926	8.8834	8.6451	8.56146	9.12103	5.24869	5.1933	5.32067	4.54539	4.78115	5.08696	5.08684	7.06906	7.41234	7.54707	7.30591	4.82846	5.97942	6.56389	5.59925	5.31216	7.567	8.12375	6.03509	7.4529	7.69902	7.3288	7.57329	7.33721	7.19616	8.76647	8.78855	7.70504	7.32479	6.27413	9.72596	9.3481	7.33084	10.0799	8.65878	11.8382	14.2401	11.1638	4.71048	13.1816	17.8598	9.5045	4.33557	9.28961	11.294	9.56201	8.86985	10.4619	14.0997	13.0894	10.9318	13.9805	16.8403	15.543	9.4245	7.54707	14.7992	10.9619	6.90716	11.7737	16.8643	14.6711	14.3952	8.47564	7.2625	17.3189	10.9204	6.12	5.20243	7.24001	11.8232	20.4471	17.3685	8.32753	14.0024	13.349	3.17436	6.30033	6.13743	11.1007	15.1568	12.5046	21.6549
8.88208	13.4332	11.3812	4.47406	6.71816	7.57235	8.06398	12.0508	12.4615	4.09978	6.9566	9.57313	7.00207	5.78032	8.41262	6.70904	1.99944	3.15466	3.37072	3.87746	4.3352	2.49178	3.15947	4.21742	5.44744	5.25125	3.998	4.30712	4.23554	3.15953	2.0451	1.80567	2.46086	3.01561	3.13523	1.76255	2.52848	2.8319	3.32488	2.6297	2.28621	2.16897	1.72729	1.27697	1.06701	1.26485	2.73825	2.97967	2.55267	2.55267	2.97967	2.85346	2.49178	2.52848	2.35236	2.74386	3.93615	3.47795	2.35236	4.37731	5.8637	6.23706	7.40566	8.06389	9.5157	7.59815	5.08632	4.6708	4.33173	4.50123	6.0972	6.74076	5.59889	4.16279	2.72149	2.21797	2.24548	3.78964	4.55166	3.37072	3.61201	5.36598	7.6279	7.88352	7.51478	6.0972	5.24836	6.03699	3.34787	1.58823	4.37727	5.01385	4.47386	6.08697	6.33094	4.86266	4.80597	5.96638	8.70424	12.8441	9.85813	5.59883	5.59889	5.70909	6.14667	5.64484	4.48767	3.50873	6.11431	6.65024	4.08861	4.04352	4.21742	5.76712	5.8637	4.38085	3.49117	7.438	8.73145	6.71816	5.49189	4.09978	5.63115	5.8637	5.49198	5.64484	6.37643	6.35025	5.43076	5.60697	5.5961	5.79342	5.7275	4.23548	3.69568	5.48907	5.63117	4.15162	4.23901	3.99398	7.02129	7.18682	4.98035	5.71684	6.92393	6.68648	4.27489	3.77348	3.65819	5.71684	8.64557	6.98692	5.43351	7.05996	7.08766	5.42228	5.07734	5.1221	7.39343	7.19528	5.76982	7.59815	9.40903	7.36286	5.36581	5.35441	5.35441	8.87367	7.32998	4.04352	4.94059	7.89296	9.05332	6.67311	6.29992	6.19316	6.68428	7.0172	8.95764	9.88992	9.65199	8.36826	8.27831	8.33593	6.29032	8.03406	8.5379	7.15757	6.84519	8.33593	8.26377	5.05022	6.65024	7.21402	6.79409	6.74732	6.57504	7.55667	9.90166	11.4262	11.2161	10.7056	10.416	14.472	16.2496	14.0715	12.7262	10.8119	10.6117	13.0672	13.9947	15.3572	7.72194	9.69604	6.48221	3.30638	5.14877	8.28213	12.1372	15.6165	17.337	20.1009	19.9711	20.8339	21.309	18.2518	17.8534	20.4714	18.1348	17.5166	13.3351	12.6009	18.0003	22.6168	15.0508	14.4523	10.7898	9.68842	15.2736	10.9665	6.52656	6.33124	12.6012	19.8872	23.7982	20.2073	16.3041	16.3647	14.7869	6.17622	12.0396	17.3453	22.2673	24.5131	27.1664	34.7927
7.4518	10.1711	9.30804	3.37047	5.21871	7.25702	9.20378	11.0505	6.11635	2.24524	7.48967	8.69114	4.93063	3.25937	6.60164	5.79011	1.93685	2.11136	2.55241	4.76079	4.90272	2.11136	2.47924	2.99993	4.38043	5.42456	3.38406	2.80447	3.61149	2.77141	1.50872	1.89682	3.15436	3.61164	3.889	1.61688	1.50862	2.44178	2.93793	2.30602	2.2792	2.60591	1.8967	0.78443	1.26472	1.8886	2.0448	2.24524	2.38451	2.1402	3.15912	3.40192	2.52822	2.87459	2.60591	3.5257	4.59459	3.52143	2.11139	3.22157	4.93063	5.40195	4.70279	4.97985	8.66369	7.71896	5.59819	5.40195	3.22157	3.25958	5.57673	7.28837	6.46533	5.08572	4.67034	6.06667	5.94557	5.47766	4.7385	2.67005	1.44626	0.701644	3.82546	4.12171	3.95131	3.61149	5.21862	5.81101	3.40192	3.40198	5.8605	5.43008	3.65782	4.70927	5.97327	6.71965	6.68579	6.02636	8.70326	10.8781	6.87734	4.87472	4.94922	4.04323	5.10084	5.21887	4.13301	2.52838	5.4328	7.2237	3.68281	3.61149	3.7118	5.6306	5.64947	3.85737	3.69537	5.32828	5.5981	5.66297	6.64519	6.69268	8.53865	6.68355	4.46323	4.38043	5.43295	5.5983	4.20986	4.38043	4.8055	4.84025	4.76085	3.61152	3.06061	5.16589	5.86304	3.78123	4.00125	4.54112	7.54565	7.4514	4.78	4.71252	5.81101	6.42755	4.59453	3.6452	3.2168	6.54645	9.59525	6.80896	4.77688	6.24369	6.136	4.29236	4.12171	4.54452	7.25702	7.10599	5.18068	7.06773	8.80032	6.69268	5.25943	5.294	4.76085	8.91297	7.76733	3.54733	3.54733	6.73981	7.99581	6.65661	7.23026	7.37865	8.55985	8.38882	7.42745	7.49209	7.39301	6.69286	7.59742	7.73842	5.08583	7.51376	8.28101	6.74667	6.11635	6.78015	6.56265	3.2168	5.81101	7.28803	7.15665	7.06125	5.01031	4.94922	8.42604	10.7452	8.54764	6.94963	7.33783	14.775	16.3824	12.7535	13.0925	10.2454	8.42451	13.3424	7.70769	10.2621	4.26032	6.85982	5.04662	3.99363	7.80592	7.98259	10.3095	13.022	12.9636	16.7538	16.731	16.3559	15.3887	9.79133	12.1118	11.5334	14.7955	15.1846	14.2938	15.0826	21.0104	22.6158	11.664	17.9961	12.8974	11.1976	11.2237	7.73842	5.19265	8.37642	12.3065	16.7014	18.7727	16.5702	15.0829	17.4845	17.8344	11.8519	21.0343	19.8003	13.368	16.3866	21.6202	25.4885
0	7.88742	7.88742	0.992104	3.96248	6.9117	9.8246	10.3055	1.98361	4.45591	6.9117	8.3736	4.45591	2.47896	5.93193	5.44071	1.48797	1.48797	2.47896	4.94867	4.45591	1.48797	1.98361	1.98361	2.47896	3.96248	1.98361	2.47896	3.46847	2.47896	0	0.496089	2.47896	2.47896	2.97394	1.98361	0.992104	1.98361	2.47896	1.98361	2.47896	2.97394	1.98361	0.496089	1.48797	1.98361	1.48797	1.98361	2.47896	1.98361	2.97394	3.46847	2.47896	2.97394	2.97394	3.96248	4.45591	2.47896	0.992104	2.97394	4.94867	4.94867	3.46847	3.46847	7.88742	6.9117	5.44071	5.93193	2.47896	1.98361	0.496089	4.45591	5.44071	6.9117	5.93193	3.96248	1.98361	1.98361	2.47896	0.496089	1.48797	0.496089	2.97394	3.46847	3.46847	3.96248	5.44071	5.93193	3.96248	3.46847	5.44071	4.45591	2.47896	3.46847	4.45591	7.4001	8.3736	5.93193	8.3736	9.34225	5.44071	4.94867	4.45591	1.98361	3.46847	2.97394	0	0.496089	4.94867	7.4001	3.46847	3.46847	3.46847	5.44071	5.44071	2.97394	2.47896	3.96248	3.96248	3.46847	4.94867	6.9117	9.8246	7.4001	3.96248	3.46847	4.45591	3.96248	1.48797	2.97394	3.96248	3.96248	3.96248	2.97394	2.47896	4.94867	5.93193	2.97394	3.46847	4.45591	7.4001	7.4001	4.45591	3.96248	5.44071	6.42229	4.45591	3.46847	2.97394	7.4001	10.3055	6.42229	3.96248	5.44071	5.44071	3.46847	3.46847	3.96248	6.9117	6.9117	4.45591	6.42229	8.3736	5.93193	3.96248	3.96248	3.46847	8.3736	7.4001	2.97394	3.96248	7.88742	8.3736	4.94867	4.45591	4.45591	6.42229	6.42229	4.94867	2.97394	2.47896	3.46847	5.93193	6.42229	3.46847	6.9117	7.88742	5.93193	4.45591	4.94867	5.44071	2.47896	5.44071	7.4001	7.4001	7.4001	5.44071	4.45591	7.88742	10.3055	6.42229	3.96248	3.96248	13.6279	13.1584	2.97394	5.44071	0.992104	4.45591	12.6871	0.496089	10.785	1.98361	5.44071	2.97394	2.47896	8.3736	10.3055	10.785	9.34225	6.42229	13.1584	12.6871	7.4001	2.97394	0.496089	11.263	7.4001	2.97394	6.9117	9.34225	10.785	18.6591	18.2126	4.94867	18.6591	13.6279	12.2141	9.8246	5.44071	0.992104	6.9117	9.8246	12.6871	14.0955	13.1584	8.3736	7.4001	8.3736	8.85856	25.0591	20.4213	13.1584	15.025	13.6279	12.6871
1.41376	7.41559	7.30316	1.66343	4.16145	7.65493	10.5598	9.45027	1.26448	4.62014	6.95016	7.52226	4.23059	3.23049	6.02516	5.62954	2.46014	2.05192	2.62886	4.51666	4.38994	2.46014	2.33861	2.38409	3.01458	3.61077	1.99886	2.72063	3.77239	2.93738	0.894237	0.723086	3.13419	2.89004	3.23049	2.80939	1.66343	2.33861	2.93738	2.47877	2.38409	2.77085	2.1398	0.526144	1.23993	1.99883	1.73564	1.99883	2.2311	1.89634	3.11947	3.47692	2.19644	3.06	3.45486	4.45545	4.75989	2.99421	2.1327	3.40134	4.47256	4.10227	3.54669	3.93503	7.83322	7.18474	6.02516	5.87484	3.02486	2.60556	1.12284	5.42342	5.74961	6.49889	5.33007	3.45486	2.55193	2.85262	2.9006	1.02259	1.57808	1.98355	3.69462	3.61083	3.2915	3.47692	4.90179	6.39568	4.46229	3.34682	5.44014	4.58036	3.21619	4.09859	4.38994	6.95016	7.65882	5.70719	8.48974	9.88663	6.73854	5.6295	4.23418	2.77088	4.54366	4.20534	3.23065	3.61102	4.97589	6.35772	3.47692	3.84063	3.78853	5.2467	5.46245	3.01458	2.38406	4.23777	4.32336	4.3234	5.42342	6.20352	9.46278	7.52226	4.08735	3.74795	4.8045	4.46233	2.80941	3.69462	4.04231	4.0724	4.15041	3.38326	2.89004	4.86124	5.73369	3.15852	3.54665	4.51666	7.57006	7.4641	4.41763	4.0309	5.6295	6.22056	4.48276	3.935	3.38326	6.57287	9.63196	6.82756	4.23418	5.84116	5.93643	3.99665	3.93503	4.16145	6.49655	6.54521	4.70189	6.68453	8.67059	6.35059	4.3234	4.48621	4.33048	8.27398	7.59583	3.95056	4.66945	8.1059	8.36205	4.9297	4.62345	4.47256	6.35772	6.6004	4.90179	3.21619	3.49015	4.80459	6.57296	6.74308	4.43152	6.94804	7.54423	5.73369	4.75989	5.94157	6.46162	4.58055	6.20364	6.79213	7.50027	8.0707	6.03525	4.75995	7.11943	9.48157	6.77874	4.94816	5.32727	14.2023	14.0064	6.52005	6.8278	3.34705	2.67513	10.5932	6.67142	8.41554	1.40281	5.31868	3.38326	3.57251	8.87283	9.2165	9.02087	9.5704	8.53208	14.5619	14.2163	8.44574	5.71518	3.54248	9.78899	7.22234	3.25896	10.4424	14.4552	15.5692	18.0728	15.4744	6.5637	18.3879	12.8716	11.8576	9.04556	5.25848	8.41597	11.4385	11.2648	12.7787	14.6621	13.7701	9.99373	5.81001	5.60534	11.4421	24.7703	20.3159	13.7017	14.7948	12.7966	12.7063
2.91628	4.61974	6.06481	4.75971	5.61838	8.91398	11.0089	7.96166	1.86359	4.64938	6.71563	8.57322	8.66162	8.5034	9.39935	8.18805	5.6427	4.7756	4.20132	4.80415	4.63299	3.3466	2.65191	2.65191	4.00014	3.52472	1.83026	2.35146	3.45456	2.77063	1.78786	1.33536	3.15824	2.91614	2.50933	3.88789	3.01446	3.91531	3.54214	2.28534	1.27648	2.73721	3.87599	3.25863	2.73735	1.92834	2.77063	3.33286	3.02456	2.99912	3.71491	3.15827	1.72663	2.62863	3.34653	4.47216	5.09926	3.78017	2.30536	2.90035	3.54637	3.82439	4.13159	4.92926	7.03367	5.68535	5.7859	5.83297	4.0722	2.38394	3.46781	5.21718	4.2374	5.19971	5.59671	5.80966	6.02486	6.271	4.46191	2.27864	4.23761	6.44255	6.56341	4.77885	4.06088	3.6777	3.93468	6.32855	5.08428	3.69421	5.87433	5.3268	5.17922	5.25794	4.90148	6.84467	6.79153	4.92926	7.04221	9.18018	8.12547	6.56312	4.30531	4.34762	7.23638	7.82705	8.4612	9.70968	9.88622	8.42396	5.91314	4.9015	4.12055	4.92926	5.00282	2.72598	2.47849	4.86394	5.31822	5.64254	5.89501	4.92621	8.01599	7.16101	4.54325	4.71126	5.55575	4.92926	2.91614	4.15004	5.09932	5.59671	5.94374	5.4899	5.09345	5.94118	6.20307	4.37571	4.21582	4.59331	7.97854	7.80377	4.42764	4.32301	6.24918	6.33098	4.97846	5.09331	4.73711	6.14419	8.50832	7.2113	4.54994	6.86884	7.67194	5.77813	5.24928	5.24638	6.98429	7.02516	5.86149	7.61103	10.1843	8.97891	7.48985	7.48985	7.82705	9.73984	9.25448	7.11695	7.15284	9.63132	9.82294	7.2282	7.03387	6.86243	7.85945	7.93535	6.29034	5.63727	7.35817	9.17562	10.0754	9.70952	8.47876	9.44188	9.3867	8.0442	7.7014	9.56191	9.92035	8.82021	10.2265	10.4346	10.457	9.92028	7.15276	6.12453	7.91076	9.0777	7.3355	6.95398	7.86321	16.6473	17.3553	12.0211	12.3536	15.0426	17.3168	11.5226	3.44137	3.71491	6.17635	10.4416	12.1577	13.8467	15.9901	15.4422	12.3126	7.62503	4.61976	11.7977	13.5511	10.9358	11.4155	9.25911	10.8117	10.4415	12.2891	18.3331	19.8939	19.0457	18.5374	14.27	11.8162	19.2109	11.4115	9.8303	8.53665	16.1006	23.3916	25.1186	23.5772	22.2859	19.4411	11.0846	6.55388	6.18128	13.0395	14.7742	14.9117	18.7905	23.3441	20.9093	14.2419	14.5606
1.0224	0.350701	4.26233	5.33796	5.86106	8.32297	9.12407	7.01792	2.58737	5.42264	8.03058	9.50528	8.88505	8.48853	9.57956	8.53047	6.57423	5.95084	5.07495	5.3491	4.93803	3.15795	2.65165	2.77035	4.701	4.14962	2.45344	2.65165	2.74253	1.86331	1.06652	1.26432	1.75292	3.40063	1.23973	3.15316	2.11065	3.36906	2.68046	1.80482	0.554486	2.68046	5.98125	3.22987	2.5091	4.0304	3.74333	3.88745	3.05954	3.19661	3.50704	3.15316	3.02428	3.33257	2.68039	2.52725	4.46154	4.73666	3.67735	3.65643	3.13359	4.20804	6.56246	6.73736	5.58518	3.22032	4.42719	4.80368	3.27224	2.85208	3.40063	4.7108	4.72703	5.25748	5.2169	4.87931	4.89792	7.73545	7.03295	2.7257	3.36906	4.75277	5.16423	5.48952	4.92904	4.20827	5.43094	6.34715	4.81314	4.77818	6.64709	6.19021	5.72477	4.94735	4.91031	7.35937	7.76459	6.64273	7.37575	8.37483	6.53706	5.57697	5.31768	6.195	9.28378	8.65361	8.5969	10.0674	10.8166	10.625	9.12791	7.01837	5.26047	5.77758	5.27186	2.82521	2.93682	5.33763	5.81666	5.57697	5.09871	3.68141	6.3279	5.84006	3.83993	4.38911	5.62847	5.32626	4.16066	6.29915	5.55244	5.38589	6.13625	5.14644	5.00862	6.29699	6.6359	5.38606	5.17885	4.7367	7.33471	7.60032	4.14962	4.22978	6.49766	6.32793	4.54948	4.77498	4.61929	6.29683	8.69654	7.66337	5.46433	7.87954	8.47765	5.9635	5.43094	5.60432	7.42449	7.56882	6.11404	7.61425	11.078	9.2903	5.94318	5.94318	6.63587	8.50058	8.63987	7.0139	6.77778	9.48471	9.84754	7.42465	7.62433	7.82634	8.72757	8.53576	7.05676	6.91437	8.70188	9.21993	9.25372	9.17479	8.31611	9.46142	10.1183	9.64752	9.35907	10.5762	9.90153	8.04357	10.4561	11.7823	12.1792	11.0877	8.37521	7.52721	9.72678	11.2511	10.7128	10.7128	9.93284	15.1045	15.5112	8.63972	10.2413	16.4246	19.0472	18.7204	12.5953	8.56394	9.20077	12.816	15.1597	16.4716	17.6132	16.8053	16.4649	17.002	16.0279	16.1846	13.7422	7.28562	10.7452	15.2142	11.2313	10.4952	14.2568	17.4972	18.3372	17.6475	14.608	7.44896	15.9576	21.027	9.49854	6.14358	8.7924	14.9316	16.5146	17.1097	20.0854	21.3101	13.727	5.08376	11.4111	12.3351	3.38277	4.77843	13.3638	23.3758	32.4439	31.9404	17.7598	16.2952
1.33505	1.89581	1.17605	2.338	3.74289	6.7969	7.11748	7.04088	2.50878	2.35764	3.54147	5.32579	3.6561	5.81615	7.32584	5.86031	5.03525	4.92833	3.99555	5.04427	5.38533	2.74229	2.13205	3.78748	6.49476	4.87244	2.11038	1.9983	1.50791	1.50791	0.392049	0.722882	0.876613	3.22953	2.62813	1.9983	1.0664	2.97281	2.35101	1.48748	2.35101	2.80314	6.202	7.76388	5.5955	2.71994	1.86324	2.87324	1.86314	1.36912	2.73669	2.91559	2.33795	1.9983	1.66289	1.27624	2.73669	3.83957	3.25785	4.233	3.71005	4.92833	7.22036	5.56285	3.44948	2.80314	3.93393	4.51541	3.96868	3.11861	2.52703	3.15764	3.25785	3.3459	2.47802	3.22953	3.88703	6.91346	7.30116	3.75914	3.99555	4.13081	3.3687	3.15777	2.60483	1.92797	5.08334	4.59244	3.32299	5.04427	6.49476	5.91179	4.71032	4.38523	4.22941	6.97209	7.03234	4.54907	5.93993	7.4862	5.19872	4.22941	5.62795	6.30821	10.0644	10.6785	6.51803	4.49867	4.42693	4.16044	3.60996	3.46733	3.5242	5.11919	4.92532	2.77022	2.63401	5.1899	5.35137	5.44423	4.95295	3.47596	5.81875	5.35137	3.84356	4.14926	5.1899	5.04427	4.47132	7.22036	5.44423	5.56285	5.62795	2.83029	3.44948	5.00797	4.87244	3.54141	3.69358	3.15287	5.43028	7.15334	4.57909	3.99171	6.43867	6.06357	3.71413	4.46106	4.8253	6.66913	8.27169	6.19447	4.72645	7.32584	7.56799	5.1899	4.48496	4.16031	6.0235	6.1528	4.08249	6.49476	10.8244	7.89965	3.72236	4.57909	4.95295	7.28466	7.56799	5.31721	4.37482	7.80231	8.21367	4.77776	5.09829	4.97752	6.26011	5.97049	4.32927	4.81271	6.79025	6.48081	6.56188	6.10095	4.25822	6.41991	7.25988	6.02354	5.34861	7.57597	7.03237	4.63211	8.25727	8.21371	6.88517	6.98088	5.4221	5.11926	7.89402	9.47904	8.27722	8.74201	7.17036	8.66823	13.9132	13.6031	10.695	13.464	3.68115	14.0147	7.7386	3.36431	4.73625	9.8645	10.7729	8.40263	8.66836	6.68955	6.95267	7.06467	8.80341	13.3118	14.3633	10.3264	9.60793	16.6352	8.62684	11.6318	13.2921	14.6764	16.8032	13.9257	6.90282	4.46109	19.169	20.2282	6.68045	2.11036	5.32579	8.73502	9.44769	12.2474	10.9228	7.15351	7.49821	14.2522	9.2142	8.81824	11.2096	10.5532	11.9535	5.62823	37.5485	37.6823	16.0514	15.5958
2.45923	2.11016	1.57748	1.61596	2.83	6.87559	7.18203	6.56122	3.87486	2.93637	3.91412	6.11268	3.74653	5.83895	6.32671	5.59492	5.07081	4.70011	3.74653	5.10667	5.24471	2.50855	2.28466	4.80268	7.21962	4.6217	1.61591	1.49756	1.33492	1.61588	0.392009	1.17588	0.876529	2.62786	2.7364	1.12241	1.33492	2.7698	2.85154	0.525944	2.65115	4.55206	3.7792	6.97138	6.92582	2.82457	1.12249	2.80832	1.78731	1.10866	3.01343	3.2292	2.1101	1.65345	1.72613	1.93572	4.57874	6.63236	6.26939	5.6168	3.67665	4.14883	6.17426	4.80268	3.25751	3.05884	5.09184	5.76328	4.77416	4.20375	3.86708	4.37447	4.37794	4.23266	3.50202	3.40004	3.54531	6.17426	6.79618	3.6094	3.96827	4.23616	4.95244	3.54534	3.59266	4.56225	6.15232	5.61673	5.34823	6.11288	7.40074	7.48756	5.41869	4.46069	4.32176	7.11888	7.11888	4.64803	6.64583	8.02866	5.34809	4.38837	6.40516	7.2343	10.7159	11.6756	6.55893	3.22926	3.67665	4.04093	3.99156	3.60964	3.68091	5.24777	4.21461	2.11024	2.16758	4.70984	5.14228	5.38478	5.00135	3.54531	5.705	5.44367	3.83917	3.96057	5.32806	5.14228	4.27202	6.4192	5.43809	6.21821	6.15217	3.60946	3.74252	4.77407	4.70984	3.54534	3.60946	3.15257	5.09184	6.86685	5.08283	4.38828	6.3482	5.76844	3.69313	4.41596	4.72596	6.78729	8.74094	6.39327	4.8594	7.59889	7.63829	5.04376	4.48106	3.9335	5.72359	6.25945	4.32176	6.49644	10.216	7.1526	3.96827	5.00135	5.14228	7.46129	7.54336	5.44367	4.51495	7.92348	8.12312	4.70987	5.08283	4.85001	6.32674	6.10034	4.60197	5.17773	6.80511	6.41927	6.71585	6.32915	4.28992	6.41927	7.17576	5.71302	4.87195	7.18203	7.02093	4.8375	8.17637	8.40704	7.00594	6.77631	5.09203	5.85741	8.41962	9.5575	7.80155	8.17637	6.66862	8.53416	10.4172	12.8445	12.4393	14.3536	5.14546	12.3554	6.03053	4.83773	4.64823	8.33567	9.94099	8.02859	8.2925	7.65609	9.42183	7.69924	7.48786	12.3147	11.2606	10.3155	8.58484	16.1297	10.6612	10.4777	11.52	16.5873	18.155	9.30282	2.85174	8.86784	17.9766	16.1954	5.83142	6.0833	7.39688	9.77797	8.63825	11.6655	11.4579	6.7765	12.2287	15.9852	8.70012	15.6058	11.7338	12.3325	20.1336	26.2906	39.7958	34.6341	12.9547	14.9395
5.32498	3.72184	3.15717	3.83904	4.54838	6.9013	6.7756	4.61799	4.26096	2.67969	4.15952	4.94586	4.54153	5.80729	6.45861	7.02031	5.63498	4.53814	3.65541	5.25879	5.76545	5.16566	4.80242	5.93121	7.08232	6.85985	5.52645	4.47067	4.61819	4.69344	5.07063	5.00117	3.83904	2.05102	1.65331	0.495806	2.23017	2.67969	1.89545	1.36886	1.98258	4.8592	6.34794	6.12222	4.53814	3.25723	1.65331	1.86279	1.99792	3.02341	5.07351	5.83085	6.29528	6.56093	6.49617	6.78924	7.45284	6.97958	5.48782	5.2154	5.25895	5.72329	5.46279	4.32137	4.77686	5.17726	6.20073	5.83076	5.25595	5.77598	5.69143	5.76289	5.2154	5.63514	6.14202	6.17156	5.91091	7.86983	8.58902	6.74236	6.74236	4.83716	5.25876	6.62252	6.48684	8.25789	8.75419	9.23671	9.6141	9.86904	11.4038	12.2597	11	10.3487	10.494	11.9295	10.7699	7.77033	8.70454	10.8077	9.64478	9.71361	10.5107	10.3244	12.0188	10.7151	6.51687	6.3072	8.40125	10.165	11.1387	11.0847	9.97621	9.55854	8.80173	8.37288	8.1412	7.60842	6.13457	5.21527	5.00702	3.77062	5.48489	5.57544	3.91371	4.14847	5.9617	5.70453	4.42596	5.93881	6.2589	6.49587	6.49587	4.75772	4.02533	5.65923	6.3239	5.27043	5.09745	5.17737	7.49699	8.86892	7.59256	7.2525	8.35481	8.0188	7.48704	8.02819	7.52506	7.8565	9.45383	7.66124	5.78904	8.15188	7.80086	5.76275	6.49598	6.2952	8.72503	9.72865	7.93255	8.19046	10.1516	8.06706	5.94148	5.97956	6.06252	7.89253	7.73331	6.35484	6.40226	9.66444	9.93881	7.59256	7.59256	7.37377	8.70454	9.04163	8.27587	8.48611	9.59087	9.43835	9.42106	9.25111	8.20515	9.43835	9.39584	7.90789	7.39616	8.89569	8.91072	7.05475	9.31332	10.0715	9.7362	9.93004	9.26406	10.7822	15.0815	17.0123	16.1333	16.6591	16.4603	18.662	20.2261	15.9611	8.54204	10.5424	7.45284	4.33191	7.39832	9.97621	11.887	13.5979	13.2221	13.626	17.2111	16.7043	13.7922	12.6557	14.8937	20.3231	21.607	21.1437	18.2544	17.6541	15.0841	6.63417	5.01005	16.8992	19.9794	17.8595	17.0924	13.9234	9.3513	15.5882	22.4656	22.7097	19.8399	15.0891	11.2805	10.0643	6.17375	3.3998	8.25749	11.1015	15.103	10.2556	18.239	32.916	34.0687	37.5014	36.6119	26.6141	11.616	12.6733
4.66694	3.38149	2.21615	2.4774	3.60889	5.21476	4.33146	3.57047	4.38753	3.38149	2.10976	2.45876	4.89918	6.30887	6.94627	7.35647	5.48433	4.42551	3.77836	4.04006	4.92404	5.25845	5.24678	5.97898	6.29461	6.5418	6.35445	5.57521	5.47079	5.33594	4.95184	4.33176	3.52322	2.33735	0.631998	1.73465	1.41287	0.391956	0.783833	2.13858	1.48697	1.75231	3.02314	2.28425	1.8626	2.80779	3.39949	3.60878	5.08186	7.22481	8.74658	8.9617	8.72447	8.06665	7.77936	7.86934	6.01454	3.50571	3.15672	3.52302	4.23186	4.57795	4.38758	4.04006	5.25823	5.16494	5.00954	4.5611	4.77317	5.09681	3.51875	3.1713	3.19532	4.8773	5.44279	5.09106	5.91038	8.53251	9.23571	7.65486	7.77732	6.73516	5.64006	6.09172	4.23535	3.94831	5.94859	8.01056	7.54424	7.18938	9.21643	9.26775	6.98118	7.64319	8.9101	10.2548	9.20207	7.35489	8.5273	12.1898	10.8272	10.0928	10.3136	9.77182	11.1255	9.75951	7.18303	7.3219	8.87478	10.012	10.2378	11.5577	10.9311	9.21029	9.01964	9.47689	10.071	9.55158	7.39768	5.64006	4.90845	3.74181	5.16198	5.28412	4.0813	4.61754	6.09172	5.78573	4.38745	6.17069	6.32795	6.17312	6.29438	4.37349	3.69243	6.2583	6.43692	4.9085	5.08203	4.92398	7.82319	9.09804	7.48636	7.28288	9.03913	9.60695	9.23753	9.07375	8.59367	8.90171	9.74589	8.39853	6.81288	8.80569	7.9316	7.37297	10.075	14.5651	19.8959	18.4082	13.8723	10.0929	9.90523	8.73954	6.34487	6.46045	6.46042	8.1088	8.31985	6.71244	6.60593	10.3359	10.5247	7.51232	7.42186	7.42186	9.05388	9.21643	7.79076	7.65486	9.38232	9.42019	9.26789	9.42019	8.53269	9.79592	9.64999	8.15506	7.8234	9.04076	8.71226	6.85921	8.80569	9.40107	9.40107	9.6498	8.73462	10.1408	14.9194	15.4846	15.1663	16.924	15.5869	15.7841	17.5822	16.9734	13.963	7.60774	5.4872	5.72277	8.6525	10.3407	12.6796	16.9506	18.482	17.2019	19.5395	18.1268	15.9485	15.1728	15.2132	17.4909	17.2348	15.7713	17.4417	15.7877	12.9228	6.99619	2.85119	9.68782	13.0814	11.659	8.48535	2.33728	7.2249	15.2399	19.9817	22.2042	19.2883	10.5586	6.32338	9.21163	8.33458	14.2836	20.1372	18.7704	7.28288	18.2029	31.171	26.2196	19.3264	17.6253	17.0393	14.0181	8.05136	9.75925
2.97683	2.11678	0.247873	1.80387	3.21882	3.8421	2.50782	2.52607	3.30324	2.82383	3.01274	2.82391	4.41474	5.93256	7.39859	7.65384	4.45937	3.39904	3.78605	2.195	1.58672	3.52271	4.2314	4.15871	4.38706	3.99403	2.88813	2.45227	2.30405	1.82922	0.495712	0.350535	1.61543	1.80387	0.893639	0.876257	1.92724	1.36867	1.10835	2.10952	1.65299	2.38249	1.80387	1.23918	2.11687	2.5079	2.71884	4.82347	8.3976	8.20337	5.96074	5.06954	3.85408	2.33712	2.63303	3.32638	2.35674	2.11687	3.1027	3.8421	3.85399	2.97168	2.47708	2.60371	4.82347	4.82347	4.45937	4.72466	4.99997	4.72466	2.60371	2.35662	2.87215	4.86117	4.61711	3.0126	3.30324	6.2165	7.03823	4.72466	4.32053	2.65043	2.74136	2.38249	4.42512	5.78523	5.93256	6.34645	4.84866	3.91297	6.32497	6.42215	4.17333	3.99019	4.08467	6.55017	6.06128	2.9769	5.85554	11.7949	8.65644	4.37672	5.93009	6.00117	9.07258	8.64959	5.08154	4.81088	7.7782	7.79937	3.86597	4.08488	4.97579	3.6423	4.20255	3.54447	3.9326	3.72113	3.46601	3.38114	3.33096	2.71884	4.37312	4.69882	4.33109	5.08139	5.8684	5.24327	4.09958	6.30582	5.83735	5.8684	5.72994	3.72094	4.33109	6.79431	5.83735	3.75772	4.09589	3.22835	7.15696	8.25594	4.32055	4.32055	7.41484	7.4854	5.00612	4.37316	4.20613	5.30666	7.34771	6.67798	5.25779	8.02644	6.73421	6.13082	10.9975	17.7118	18.3006	12.5885	9.17543	5.38356	6.07381	6.4386	3.91297	5.00608	4.87059	7.18006	7.35381	4.94801	5.4866	10.4747	9.92493	5.24618	4.92646	4.70856	7.18006	7.18006	4.87059	4.48326	7.41484	6.71399	6.03129	6.71399	5.04544	6.9	6.56865	4.3767	4.83614	6.87155	6.48536	4.92341	7.01899	7.53932	8.79967	9.39383	6.95004	6.77442	11.5106	10.607	7.9213	9.7114	6.68703	7.56516	11.6124	2.82378	6.3703	5.45915	6.09883	6.30596	6.45749	5.3948	7.22401	12.8669	10.0609	5.68766	14.6739	14.5894	9.27998	9.71632	8.72347	9.86082	12.8097	3.94804	9.50681	8.38175	8.75745	8.63578	2.43351	7.1233	8.81494	8.6977	10.7514	10.7679	7.1488	7.70072	7.11692	5.44245	11.8697	10.7403	4.09958	8.86536	4.92345	19.2619	15.3625	25.7113	20.0345	27.6333	21.3268	6.55941	5.90955	7.05532	10.6745	10.2132	6.49231	8.53152
3.13181	2.43315	0.525744	2.05036	4.14726	4.45894	3.15621	3.32606	4.6299	4.89513	2.97157	2.60347	4.99946	5.78464	7.82733	8.21519	3.91257	3.38069	4.23097	2.10936	1.99741	3.87339	4.15832	4.25619	5.19623	4.42467	2.80726	2.63276	2.67886	2.50757	1.26352	0.525744	1.49699	1.4126	0.554169	0.554169	1.41263	0.943702	1.49699	1.61527	1.50718	2.48916	1.50718	0.175252	0.876196	1.49699	3.60381	5.63334	8.38072	8.61235	5.161	4.547	4.08443	3.83794	3.7697	3.86561	3.36274	3.09762	2.62695	3.21374	2.97137	2.91418	2.76874	2.48916	4.83557	5.08087	4.45891	4.95056	5.06889	4.45207	2.73536	2.82349	3.13181	4.75628	4.34469	2.85046	3.22797	6.17682	7.02895	4.82297	4.57689	3.21374	3.0578	4.62022	5.21394	5.25724	6.17682	6.70203	4.82297	3.60803	6.21586	6.43794	4.48281	4.8701	4.42467	6.40739	6.77363	3.60806	6.19156	11.8501	8.78698	4.20218	5.42495	5.32324	9.3296	8.81406	4.97224	5.80577	8.31828	7.79861	4.23106	3.75755	4.87654	3.85385	4.03934	3.36721	3.21867	3.34451	3.46571	3.45244	3.27049	2.8236	4.09548	4.38312	4.12882	4.95056	5.97264	5.21368	4.08424	6.41678	6.05066	5.93195	5.44161	3.47428	4.33064	6.78473	6.05066	4.08424	3.96677	2.91418	6.97521	8.02557	4.09916	4.12882	7.16671	7.02895	3.88515	3.85359	4.08424	5.21368	7.9205	7.38574	6.29337	9.18877	8.39695	7.35333	9.78016	16.0956	15.1105	10.4181	7.34733	2.91436	5.31463	5.83675	4.2704	5.3346	5.00557	6.87959	6.77363	5.00859	5.70287	10.5017	9.86427	5.3346	5.161	4.69188	7.06101	7.20649	4.93523	4.75634	7.78899	6.87085	6.13021	6.96231	5.04494	6.71332	6.48471	4.03929	4.80095	6.80255	6.41685	5.25727	6.96231	7.09929	8.39674	9.347	7.67263	8.14954	12.8746	11.9259	7.78911	7.76775	7.05459	8.86452	10.5853	4.28829	3.88531	5.5496	7.22354	7.89816	7.52489	4.94781	6.32209	13.1399	8.97289	6.8712	14.5851	14.3787	4.09548	8.87316	11.219	10.7547	10.5853	4.80086	6.4662	4.25629	5.34606	5.63334	3.50081	10.7066	14.246	14.7894	13.2703	7.27949	2.21573	4.65604	8.87962	4.38338	10.5352	9.8299	9.18909	9.92716	1.65282	18.3213	20.0327	33.8936	21.8007	19.7216	14.5686	7.45058	6.83801	7.56449	10.6996	10.0068	6.00801	7.76003
2.73513	2.50735	2.04277	4.38633	4.89467	5.00517	4.89777	5.59253	7.02857	5.89068	3.69148	4.80044	5.08945	5.25677	7.63476	7.8952	2.91393	3.15107	5.28857	4.93498	3.60785	4.08396	4.03892	4.40361	5.63828	4.77191	3.71214	3.56954	3.84939	3.71209	2.45804	1.49685	1.36834	0.87609	0.876134	1.58643	1.75181	1.8867	2.71839	2.27691	2.2836	3.02221	1.93482	1.567	2.71839	3.54379	5.94686	7.18092	7.23093	8.44562	7.26404	5.2885	5.0446	5.48304	5.24253	5.19594	5.3966	6.30496	5.94703	4.70784	3.74083	3.50036	3.53939	2.82329	4.46877	5.24227	4.80044	5.09537	5.18696	4.4139	2.91393	3.01202	3.01202	4.08389	3.98944	2.82325	2.97627	6.81075	7.64064	4.61624	4.45852	3.83738	3.91223	4.72389	6.07285	7.27877	6.85726	6.23723	5.24518	4.227	7.09654	7.41347	5.48566	5.9773	5.93669	7.90482	8.7371	7.48422	9.89058	13.1661	10.7712	8.58077	9.39245	9.89069	11.7683	9.58719	6.09768	6.53993	8.7371	9.40329	8.27276	8.11974	9.11045	10.7783	11.5153	10.2349	9.31014	9.34668	9.69634	9.58748	9.01213	8.593	8.09759	6.78443	5.34568	4.23066	5.52414	5.45784	3.96643	6.29504	6.29504	6.05014	5.70235	3.84137	4.38274	6.49108	6.21533	4.4139	4.08017	3.8374	7.71486	8.09727	5.1753	5.48566	7.06045	6.17142	3.69141	4.55984	4.84775	6.09749	9.24741	8.11388	5.38235	7.88384	7.73618	4.80997	4.94399	9.81561	13.8487	11.97	7.2062	4.2558	7.3217	6.16898	4.97469	5.86991	6.40217	8.06403	7.92938	7.32802	7.14947	10.4265	10.4687	6.56974	6.17151	5.95956	8.27256	8.73194	7.32189	7.71312	9.57331	9.20903	9.40336	10.0956	8.90755	9.96195	9.96195	8.97242	9.6105	10.2347	9.67328	8.93751	9.92634	9.75689	9.72043	10.0677	10.4687	12.2844	14.8813	13.758	11.9652	13.0683	15.7798	17.6364	14.0147	9.17376	7.25402	8.27281	12.7133	15.0836	16.0434	14.7825	13.053	18.1327	19.4672	20.6261	21.0127	18.0789	18.003	20.9609	19.7419	17.8736	13.3219	8.11418	11.896	14.1364	5.63294	4.496	12.4942	19.0051	20.361	16.9998	12.5689	8.63969	7.78863	5.87015	5.86991	2.71832	7.88985	15.9163	14.7825	3.36688	11.5391	21.3853	30.9877	31.4952	19.63	16.8778	12.8063	7.11352	4.25935	4.02758	11.159	12.5076	7.19973	8.03809
2.2766	1.10802	2.9812	4.38587	3.15561	3.60313	4.89715	4.48196	5.08895	2.45157	5.80442	7.63402	6.14884	5.93867	7.16546	6.00688	2.19448	5.19554	7.17839	6.88076	4.7491	3.77693	3.70757	3.60738	4.93429	4.25538	3.56921	3.7118	4.11702	3.70757	2.64964	2.64964	2.13063	1.10807	1.02162	1.0512	1.33416	1.99696	2.27665	2.11628	2.67842	2.98117	1.99703	1.56686	2.67835	3.15077	5.9716	7.01918	5.99945	6.40618	6.81005	5.52357	3.34365	2.91363	2.47646	3.74049	4.08366	4.26987	4.94996	4.34416	4.09489	4.66517	4.4957	3.6538	4.59935	4.93429	5.09485	4.94657	4.75538	4.65516	2.99136	2.89785	3.06208	3.78494	3.36188	2.48869	2.87131	7.51519	8.1369	3.95832	4.02708	3.99286	4.94657	4.85975	4.37184	5.63772	6.14893	6.36862	5.4184	4.66503	7.17798	7.20513	4.92503	5.31365	5.25624	7.88878	8.8579	7.49948	9.75587	12.1401	9.84019	8.03742	8.86321	9.30919	10.0596	8.0094	5.55121	5.60009	8.43782	9.60162	7.35195	6.57623	8.04693	11.0427	12.1846	11.7306	10.4218	9.60208	9.95389	10.1763	9.94203	9.75625	9.34746	8.53833	7.58916	6.19804	5.59195	5.19525	3.36644	6.19032	6.43437	6.05951	6.05951	4.26959	4.61907	6.19766	6.14869	4.55937	4.07975	4.38229	8.73606	8.56398	5.63239	5.82799	6.68511	6.09694	4.8973	5.65654	5.55104	6.02955	8.59171	6.90448	3.91183	7.09582	8.02413	5.26787	4.54948	4.87545	6.5575	6.38965	4.12803	6.04952	8.87955	7.09582	6.19778	7.0278	6.94159	7.57093	7.02769	6.29207	5.9716	10.0886	10.7099	6.51378	6.34236	6.47663	8.77018	8.77018	7.00852	7.16557	8.83106	8.94646	9.23225	9.54924	8.39734	10.0947	10.3196	9.55255	9.93004	10.3821	9.84645	8.69379	10.2409	11.4926	11.3666	10.9534	11.1384	10.0901	12.317	12.9453	11.275	15.0077	18.384	15.2698	10.4891	11.2793	11.5998	6.86335	11.3303	11.6108	13.9578	14.1323	13.4338	20.1931	21.38	18.9088	19.0336	18.7872	18.4579	17.1972	14.9331	13.1807	10.6927	7.40911	13.4046	12.9104	16.3613	10.8029	10.1004	11.0658	10.193	6.47663	4.9713	1.41234	7.21601	11.0162	11.3051	12.5861	14.5058	12.1561	11.3661	16.0972	17.8392	17.7304	19.6451	16.4025	9.39145	8.96947	9.85352	8.88346	16.2217	17.1682	15.4113	14.3958	7.75875	6.64901
1.88634	2.98098	2.64943	1.89437	2.45757	3.69071	4.96759	4.55898	4.4577	1.99684	6.96683	7.93907	4.45768	4.41306	5.07949	4.89686	4.79976	4.69077	4.28717	6.19721	6.2916	5.26738	4.37504	4.83442	6.282	5.24432	3.87243	4.22991	5.21231	4.3854	2.2764	2.21502	2.30317	1.40134	0.247779	0.943394	1.61484	2.11598	1.50677	1.56664	1.95805	1.33404	1.02147	0.943394	2.50687	2.24249	5.10333	6.48986	4.2262	4.72298	7.35117	7.71158	5.94577	5.34456	3.96567	3.3978	3.15047	1.95808	1.48635	1.75153	2.10149	3.32046	2.63201	2.10878	3.93094	4.15714	4.55898	4.32945	4.3435	5.07947	3.09655	2.9757	3.37974	4.31891	3.74005	2.80101	3.43801	8.06243	7.87284	3.45128	3.64074	3.60703	5.48453	5.63178	4.41306	5.18597	5.54775	4.58891	3.77658	4.15716	6.64147	7.05907	5.07949	5.31319	5.54775	7.63333	7.89371	6.05899	8.63247	11.0106	8.49511	6.85144	7.1101	6.2916	7.65108	7.69409	7.11239	7.7098	9.39052	9.26819	6.2916	5.82755	6.73186	7.93937	7.79678	8.25144	8.07578	7.03594	6.87145	6.90424	6.9086	6.97364	7.15461	7.39414	7.49293	7.15252	6.47619	5.68551	3.94655	5.78044	5.971	5.67998	6.17512	4.57562	4.69704	6.049	6.05899	4.47813	4.12768	4.65475	9.14243	8.55622	4.61867	4.55898	6.00636	6.08889	4.97073	5.48462	4.97073	5.74367	7.94663	6.32261	4.15716	6.55465	6.82053	3.78461	3.88408	4.51199	6.5661	6.67766	4.23338	6.43381	9.99375	9.31911	8.75417	9.74142	8.10524	6.30358	6.70921	5.63178	5.28167	10.6334	10.7199	6.09639	6.39863	6.3679	8.30878	7.98609	6.13839	6.23606	8.1802	8.36781	8.25291	8.0365	6.14827	8.271	8.46356	7.17964	7.02724	7.83684	7.88258	7.06359	8.58419	9.68044	9.55298	9.45344	8.72013	7.93917	11.5982	13.9152	12.296	11.4506	12.3417	9.91103	8.63457	8.74244	10.7408	9.91129	9.35092	10.0993	9.47196	7.20484	10.8709	15.9025	15.3951	10.9308	12.6245	12.2211	9.58549	8.42995	5.80397	2.10876	5.67998	2.10878	8.97035	1.61482	11.7884	10.9098	3.60706	9.17329	8.87899	7.75817	6.85588	6.3891	8.14729	9.86352	12.3434	13.2764	7.63567	11.3869	19.8413	17.448	11.9734	10.9267	11.2414	7.48057	4.15714	3.10152	8.73555	11.7429	15.2172	14.5852	18.0646	13.2619	6.10623	5.41781
2.16594	2.76787	1.66153	0.893217	2.67784	4.85883	4.57515	4.0976	3.60244	2.0422	6.62945	6.45656	3.21252	4.85572	3.65297	3.39756	1.99669	0.631597	2.73432	3.44651	5.25528	6.01081	2.80619	3.32027	5.92726	4.97325	2.45733	3.05654	5.23498	5.24365	2.67208	1.65219	1.72482	1.803	0.391733	1.49642	1.66146	1.72482	1.17499	2.28287	2.04958	0.495506	0.783385	2.24226	2.60248	1.27514	4.12725	6.3434	3.77621	3.26925	6.36728	7.35244	5.65548	6.86167	6.18915	3.74368	2.11576	0.875862	0.722284	0.875891	1.4121	3.15492	2.04208	1.17499	3.85213	4.17132	3.84025	3.74368	4.0827	4.83374	3.54261	3.60666	3.34301	4.34305	3.69033	2.30295	3.32013	7.73199	7.45567	3.83629	3.54265	3.06149	6.18915	6.14753	3.44651	3.49925	5.24074	6.29082	4.21129	3.78422	6.38844	7.01131	5.3948	5.23498	5.70072	6.91409	6.9206	6.17449	9.8126	11.6569	8.06161	6.55627	6.94019	5.59079	6.41442	7.09449	5.2118	5.07013	7.0627	7.66396	5.71936	4.7482	4.79913	5.51439	4.59857	3.95784	4.25829	3.4732	3.28792	2.97045	3.11613	3.67811	3.99614	3.99614	4.06798	3.95784	3.99234	4.11635	2.89745	4.06777	4.94254	5.45625	6.30279	4.82115	4.57515	6.2932	6.2932	4.45722	4.34305	4.58843	8.96943	8.72758	4.45722	4.0827	6.2932	6.67697	4.79904	4.6182	4.06777	5.85529	7.4113	6.16963	4.64451	5.70072	5.86558	3.49925	4.26878	4.55851	6.21352	6.80877	4.41261	6.48919	10.9723	10.8975	9.10093	8.52757	5.34418	4.3257	6.67479	5.35817	4.38146	11.5102	11.0769	5.93484	5.77985	5.392	7.58726	7.49782	5.7087	5.54993	8.06161	8.35264	7.71263	7.32781	5.32122	7.6463	7.94583	5.4702	4.83384	6.35059	6.35062	4.8964	5.68747	8.04489	10.2386	7.24757	5.42576	7.8873	11.0638	12.3894	12.9871	11.6482	12.3894	12.9552	6.87741	3.70703	2.98072	6.73793	4.92118	9.24951	10.4192	7.28057	7.06295	9.18534	12.3463	12.4451	14.1368	9.60143	6.243	4.09393	4.92106	4.05665	4.22936	3.30164	3.75591	4.31845	5.21196	9.38963	4.49485	7.24745	5.78245	5.24365	6.73091	7.91184	11.3755	9.55968	7.34456	7.36893	7.09449	19.6222	18.0444	12.2513	9.21097	10.4473	10.602	6.72869	4.65427	1.76003	4.03787	5.63133	5.31262	14.9145	19.4532	12.9904	5.35817	5.54999
4.26862	1.75989	3.3791	2.21467	3.21224	6.05784	5.15859	3.60637	1.80284	2.58465	6.23488	4.84591	1.86137	4.30041	3.39722	4.4775	6.5468	7.16377	7.17002	6.79963	7.19702	7.06207	3.82014	2.80594	4.73173	7.27603	7.27603	5.42254	6.64714	6.97639	4.37074	3.22658	3.05636	3.99574	3.64022	2.34888	1.75115	1.44416	1.44416	2.34878	1.48599	0.175169	1.75989	3.22651	2.54879	1.4442	4.09356	6.24211	3.91079	3.31994	5.68433	7.05779	5.92673	6.93958	6.48864	3.98792	2.19375	1.41198	2.04947	2.62577	2.97527	3.50338	2.80048	2.54886	4.32516	4.38456	3.67759	3.67759	4.14532	4.46708	3.60213	3.78389	3.36095	4.32862	3.83592	2.10831	2.62564	7.11077	7.44095	4.25773	3.65264	3.13034	6.90259	6.83467	3.54233	3.77587	5.63614	7.81995	6.99152	6.14718	7.07699	7.05779	5.64149	5.16155	5.5467	7.63192	8.14944	6.85459	10.0052	12.3884	8.63088	6.73486	7.01502	5.96485	7.01722	8.061	6.47481	5.937	7.73146	8.63099	6.45618	5.26644	5.41408	6.16918	6.30244	7.25129	8.8692	8.55504	7.40696	6.78194	6.5468	6.72842	6.81956	6.67447	6.43526	6.5468	7.67922	8.3523	8.13509	8.01665	7.06226	5.93699	5.93688	4.65387	4.21093	6.53725	6.6764	4.37063	4.21093	4.57476	9.1017	9.00831	4.8553	4.54477	6.70794	7.176	5.16155	4.77324	4.48071	6.55341	8.11083	7.1446	5.42525	5.88833	6.30473	4.89591	5.45866	5.14098	6.51188	7.096	5.13799	8.14576	12.5168	11.8631	10.6797	8.32342	3.3656	4.37423	6.68329	4.25419	4.09356	11.076	11.0125	6.04786	5.56849	5.24029	7.87136	8.02935	6.29033	6.09524	8.26941	8.4	7.86378	7.63782	5.92673	8.36624	8.68762	5.99777	5.59846	7.78547	8.03507	6.77073	8.12393	9.20398	10.157	6.67415	4.32516	7.47916	10.1251	10.6576	11.2717	11.9749	13.7942	17.6092	9.18476	2.60233	2.91282	4.37085	9.24434	12.0101	9.50148	7.05133	6.32139	8.60159	12.3873	11.0721	13.3794	10.0858	2.60233	1.93407	4.79862	5.07877	9.22994	11.6664	9.93324	7.98668	6.68329	8.3557	10.2869	13.35	14.4744	13.9773	12.081	11.303	21.9918	26.1797	23.183	16.8391	16.4079	24.2357	15.8226	9.96827	8.15486	9.48112	10.8429	10.4299	10.9984	8.87758	6.34315	2.76758	2.50649	11.4128	14.8192	16.988	20.1472	19.6826
3.39691	4.20326	5.25426	2.35519	4.70538	7.15007	5.48293	2.10809	1.56627	3.56786	5.04208	2.67157	1.33372	3.87135	6.54624	9.9086	11.7854	11.1294	9.03259	7.32461	8.17784	6.12674	3.68972	3.22629	6.34974	9.44321	10.595	8.08826	8.34776	8.26509	5.71844	5.46665	5.18479	4.25749	3.02084	1.86131	1.82806	1.61442	1.93388	1.82799	1.1076	2.10815	3.34252	3.51613	2.47552	1.61442	5.41624	6.72974	4.19976	4.03705	5.95674	7.51849	6.51132	6.05735	5.70762	3.91034	2.7672	2.63128	3.10074	3.67742	4.3179	4.31786	3.81979	3.70632	4.54442	4.05581	3.65227	3.76738	4.38412	4.38412	3.28712	3.25442	3.3606	4.09682	3.34238	2.38089	2.35503	5.86448	6.73418	5.25152	5.42478	5.23993	8.79387	8.48382	4.58763	4.7473	6.63963	9.06662	8.02129	6.93916	7.84992	8.17622	7.16295	6.98015	7.14401	9.13995	9.01906	6.63517	9.38771	12.864	9.76569	6.87802	7.39378	7.48052	8.49102	8.77373	7.49666	7.38992	9.71589	10.5644	8.30675	7.34318	7.22774	7.88037	8.54711	8.90679	10.7734	12.1147	11.0333	10.4123	10.4123	10.1566	10.0562	10.2589	10.2302	10.4685	11.5567	12.0177	11.9707	11.9792	11.5504	10.286	7.48081	4.40159	3.9298	6.48797	6.80749	4.09682	4.09682	4.99662	9.37971	9.13979	5.18446	5.07802	6.86038	7.24609	5.35716	5.25429	5.17283	7.21915	9.50667	7.92564	5.9973	7.1461	7.66268	6.56679	6.34008	5.95681	7.56028	7.41611	5.78411	10.3026	14.7837	13.0236	9.83652	4.15593	1.61435	8.08792	8.43488	5.76337	5.41638	10.0042	10.2925	5.83344	5.43294	5.55702	8.11914	7.99866	6.04723	5.55702	7.14587	7.52034	8.74637	9.08779	6.83415	9.18362	9.30541	6.97367	7.16295	9.58271	9.88597	9.06696	10.7609	10.5854	8.41187	6.97571	6.36608	7.10807	10.2296	10.3835	7.39164	8.01175	8.79225	13.7112	11.8914	6.19544	4.96613	8.07138	14.75	17.4904	14.601	9.72834	11.6201	15.0718	13.9575	9.07339	7.73054	8.85966	7.32478	5.76319	7.69559	5.35716	8.64418	13.4426	13.7119	11.3831	11.4237	13.0373	15.3737	18.0962	21.1897	21.0361	20.5768	19.6764	32.4844	28.457	19.6812	8.13384	20.8095	26.3801	13.0233	8.00614	7.06137	8.85989	13.3073	18.8061	23.0245	20.3481	14.5208	12.3914	12.3308	21.0458	30.0466	29.0197	22.9748	21.278
5.43817	6.55446	5.96874	0.875612	5.71769	7.34827	5.54844	3.7387	1.41174	1.661	3.67698	4.31745	5.23956	6.43171	7.26026	6.99894	4.08178	5.27967	6.01667	7.98309	7.95119	4.46623	2.97969	3.98732	7.06093	5.14009	7.02442	5.41576	7.00939	6.32022	4.11517	4.3839	3.863	3.8352	1.88556	0.700509	1.44392	1.44392	1.75953	1.4117	1.4117	2.98996	3.05568	2.45664	1.78548	1.17471	6.24574	6.04922	2.19333	3.21637	4.94732	6.17279	5.18693	5.2393	5.07757	3.70583	3.26822	2.82168	2.27557	2.80539	3.05576	2.89661	2.67714	2.45665	3.43671	3.2259	3.26822	3.76704	4.14454	3.78317	2.91227	3.21163	3.44997	3.74265	2.97969	2.91227	3.81931	6.13607	5.37929	2.71677	2.86997	3.81931	9.46842	10.4628	6.28914	5.21027	6.5291	8.77109	6.63896	4.31728	6.25302	7.06074	6.1164	6.63455	6.97299	8.39318	7.98309	5.63508	9.01326	12.8774	9.087	5.57835	6.78257	7.0137	8.16798	7.72605	5.8018	5.75731	9.0658	9.30458	6.43162	6.51088	6.56389	6.97948	6.83352	5.48255	5.28557	6.67321	7.26026	6.78066	7.02473	7.10978	7.26026	7.73217	7.93648	8.01144	8.49224	8.32749	8.92929	11.2998	14.2372	13.9636	9.6236	4.94758	4.57404	6.28914	6.40321	4.14454	4.53384	5.09248	8.98683	9.34097	5.521	4.89487	6.9404	7.10944	4.94427	5.24221	4.93199	6.63896	9.30446	7.05641	4.53723	6.5637	6.807	5.06571	4.71798	5.07766	7.39312	7.07565	5.23943	9.58165	15.2221	12.3372	6.28922	2.60184	5.25098	11.4223	7.66002	5.56772	5.46883	9.34738	9.84899	5.85112	6.06922	6.39854	7.86231	7.48975	5.55654	5.18401	7.0244	7.6442	10.2916	10.5409	6.24574	8.87884	8.85877	6.39622	6.83352	8.97373	8.4339	6.28922	7.3504	6.70677	7.73011	9.72875	8.02066	5.76263	10.233	12.1416	9.88952	10.1249	9.39809	11.1971	10.6171	7.32375	7.60101	12.1416	13.5851	11.7433	12.7616	15.1309	14.5483	16.1542	11.1752	7.86453	8.02066	4.80739	2.19333	6.9187	7.51172	6.32262	8.17713	8.44087	2.76703	9.1508	14.0564	11.7251	9.78183	14.2359	17.6383	18.1787	23.1414	22.7886	21.3923	14.5648	31.6937	23.7522	22.749	21.9621	8.02037	5.76001	8.56035	11.3819	17.4207	22.664	23.0224	23.3077	19.3843	19.5566	19.3104	18.488	15.4234	16.474	10.3769	15.4508
7.70795	8.26703	7.53288	2.2414	5.66392	6.48909	4.32392	3.81893	1.65156	1.26264	2.66548	3.22574	4.15534	4.53363	3.39633	1.58536	2.76667	7.79275	7.38018	7.78313	6.1033	2.73328	2.12942	6.23308	4.02493	6.04861	6.29083	6.05608	6.78849	4.61314	1.9959	2.84835	5.19224	4.70124	0.942939	1.61407	1.0651	0.875529	1.49585	1.23808	0.942939	2.96911	3.11474	1.72416	1.44374	0.990561	5.94275	5.92236	1.48555	3.09506	5.07702	5.72502	5.37867	6.41664	5.20973	3.44962	3.12943	2.2753	1.66083	2.8962	2.33506	1.2747	1.41156	1.66083	3.06033	2.97427	3.05535	3.67652	3.44962	3.22552	3.49792	3.51968	2.97427	3.22552	3.22552	3.68893	4.8445	7.11722	5.76208	3.54149	2.33513	2.50566	7.18226	9.3147	7.9823	7.77156	7.64731	8.55215	6.48675	3.78279	6.43073	6.8062	4.89437	5.42356	5.47914	7.55871	7.34145	5.08606	9.05664	12.444	7.86908	5.03803	6.21117	6.8062	8.82592	7.2592	4.92223	5.47914	9.24447	8.87795	4.62639	4.72074	4.08134	5.00184	5.46814	4.11467	5.47917	2.96932	4.08134	3.09527	3.11495	3.67672	4.20268	4.49314	4.07768	4.22439	5.26495	4.87285	5.63473	8.56118	10.6989	8.90513	9.27815	2.43145	3.14898	5.38996	5.78027	4.22417	4.3798	4.36935	8.48223	9.9358	6.14521	4.07743	7.29217	7.31682	4.36935	5.69853	4.89437	6.10576	8.98592	7.29217	4.79722	6.43309	6.1033	3.76666	3.70546	4.31684	7.02368	6.55151	3.88229	7.48898	15.3482	14.324	6.0237	5.52079	8.34799	10.3036	5.20983	2.38059	2.93303	8.34951	9.38586	5.63986	6.99802	6.93766	7.60423	7.70591	5.34202	4.42132	6.67221	7.21146	9.92987	11.0306	7.63555	9.75015	8.91298	6.16486	6.57219	8.01961	7.16766	4.93149	5.86596	6.04861	8.63013	8.88652	5.4239	2.6769	10.2046	13.7395	9.03046	6.43085	5.25326	9.48146	9.62223	8.03269	9.06493	12.0388	12.058	9.88379	8.80746	6.53579	6.84842	13.0812	7.44497	3.60129	6.76865	5.68296	5.19259	8.14342	5.70654	4.23134	7.00867	8.78549	7.39025	8.90142	9.2014	5.35637	4.4558	12.7599	15.3926	16.1168	16.1786	13.2188	2.4313	18.765	22.6942	6.80646	11.9605	16.9795	5.13651	4.61344	6.24551	7.79318	15.0691	13.3123	11.4419	15.4704	12.4816	10.7059	8.60265	6.30085	18.5829	20.303	10.2564	11.3649
5.93476	5.62859	9.04457	7.98186	5.17149	4.32698	3.83449	3.92871	3.15353	2.64792	0.700376	0.783051	2.38025	3.3278	3.0602	2.2818	4.87224	7.39775	5.72453	5.38949	6.535	7.0915	6.93945	6.47242	0.631301	7.32238	6.08544	5.56638	6.00296	4.29879	1.27454	2.96886	5.34429	4.45517	1.61396	1.44361	1.0505	1.10733	1.78511	1.75048	1.56581	2.66511	2.73305	1.75048	2.10757	1.50598	5.66343	6.00296	1.82748	2.82653	4.86598	6.0256	5.86548	6.77911	6.7055	5.5773	4.23098	2.9792	2.67664	3.53671	2.97407	2.4312	2.66521	2.88546	3.86227	4.03586	4.19857	4.38297	4.7203	5.60989	5.62875	4.20946	3.14868	3.73792	4.28465	4.1548	4.16938	6.9174	4.96477	1.22553	2.76651	4.62606	7.89888	9.05925	7.98162	8.11327	8.41631	9.38506	7.76132	5.59638	7.44429	7.60355	6.19371	6.39501	6.09294	8.40218	7.82082	5.59634	9.18749	12.1571	8.09119	5.92449	6.39734	6.93697	9.24368	7.49435	5.46764	6.68073	10.4819	9.86812	6.28807	6.14486	4.93124	6.63334	8.18124	7.76157	8.28993	6.72813	7.87827	7.76164	7.40417	7.38997	7.70939	8.16679	7.93499	8.00994	8.58477	9.3222	11.3912	11.1536	6.85209	6.52787	9.20193	3.47153	4.80648	6.28804	6.5349	5.41482	5.06773	4.91879	8.70315	10.1922	6.25182	3.83449	8.11327	8.55842	5.06773	4.93106	4.20934	6.89999	10.4257	8.41108	5.80075	6.9974	6.61503	5.0767	5.76155	6.12763	7.47843	6.61503	4.03586	7.4382	15.6365	15.0859	6.23975	1.92541	5.48142	8.92718	5.48151	4.31663	4.61625	8.64149	9.47758	5.85002	6.402	5.45372	6.66033	7.18164	4.53298	4.53637	7.76132	9.0968	11.3589	11.8086	8.93062	9.77202	7.4038	5.2528	7.01458	8.35956	7.47843	6.11525	7.11659	7.39163	11.2675	9.32981	5.18621	6.72813	12.384	14.845	9.06412	6.5349	7.66055	14.0495	16.9946	18.1525	20.0691	22.2199	23.4664	23.1665	20.9903	16.72	12.9377	11.173	8.93062	8.85915	13.226	11.142	10.1043	9.64006	8.48882	8.14297	9.25835	10.3921	13.3491	13.9536	11.9466	13.957	16.8736	15.0651	14.3191	16.1919	10.9833	6.63773	15.8038	17.3888	11.4354	2.60134	7.34892	15.3472	17.5128	24.5216	26.5648	25.7596	27.6928	21.528	17.6597	14.4171	7.60355	3.88194	10.6811	8.38988	14.6769	15.8485	10.6718	12.2531
6.04536	3.05994	4.08037	3.75377	0.875334	2.63026	4.39985	4.49229	5.32989	5.96227	4.87192	2.71608	2.82624	3.84994	1.26232	5.32956	5.00083	4.81841	4.42397	5.47841	6.96262	7.6287	6.6261	3.39569	5.32956	6.79614	3.60461	4.42048	6.06747	5.19132	3.11415	3.28588	4.1249	3.39547	1.78498	1.66058	1.58508	1.49563	2.27492	2.45596	2.04104	1.92522	1.12092	1.49563	2.1647	1.8851	5.61996	6.25122	2.97891	2.64762	4.1139	6.13431	6.36368	6.48801	6.83157	8.42437	7.27432	3.90892	3.65103	4.39992	4.28435	3.92853	4.22721	4.45496	4.62564	4.37216	4.54603	4.71664	5.76885	6.62361	5.80034	5.31847	5.31847	5.20901	4.71987	3.67591	2.93236	6.18565	6.24392	3.67177	4.66164	5.99504	8.40857	8.65616	7.21652	6.94281	8.55753	11.2961	9.39053	7.02263	8.17316	8.18953	7.31364	7.14132	6.7963	8.80587	8.47551	6.62587	9.46737	12.1382	9.01568	6.47175	6.36368	6.89285	9.7014	9.6021	8.00341	8.00154	11.2587	10.7021	7.72795	8.05744	8.32521	10.2104	10.7569	9.25286	8.52313	9.08488	11.2464	12.0169	11.3686	11.1776	11.2671	11.61	11.6512	11.8081	12.4874	12.7075	12.2934	8.14967	3.31824	6.72489	5.35513	6.25156	7.16669	7.85086	7.70662	6.56431	6.05522	5.99504	9.01568	9.78916	6.01499	5.13853	9.18658	9.66181	6.29948	5.80034	4.79652	7.55136	11.6043	8.85789	6.47175	8.21859	8.00897	7.19373	7.89826	7.89075	8.3892	8.01835	6.72746	9.23977	15.5781	12.8459	4.99473	2.38001	5.6388	9.38411	5.56854	2.97893	5.37791	9.23977	9.35904	6.45312	5.99492	5.41982	7.32164	7.47559	5.4142	5.75566	8.84453	9.86715	10.5755	9.61892	7.01167	9.32088	7.391	4.72953	5.09103	6.78721	5.83124	4.61557	8.8461	11.1495	14.4789	13.2934	11.9178	13.7729	13.5482	12.1763	8.92975	8.69394	9.54057	18.5608	23.1752	22.9136	22.918	22.6696	20.7062	14.997	9.86756	8.61524	11.0622	8.558	9.83879	8.35174	12.2519	12.9874	16.2227	15.3572	12.3402	11.1344	13.2281	14.4629	16.845	18.6254	21.4913	23.2974	22.1869	16.7382	13.8854	13.3221	10.8579	7.391	21.2125	15.8049	8.09038	4.61254	13.0159	27.8394	35.3448	38.376	40.202	38.8003	30.2307	21.1991	21.3118	24.0314	22.3613	19.9964	19.3358	21.8383	29.5241	32.671	28.9049	24.9602
10.413	11.9651	11.6413	8.86422	6.00211	4.92108	5.48056	4.85276	5.09973	6.09197	7.01343	5.96671	5.24903	5.4138	3.00931	3.49695	5.30933	6.83329	7.09016	6.40108	5.00059	4.55565	3.60432	3.22463	6.31781	5.61947	3.28572	5.06679	6.51285	6.01445	5.5463	3.88113	3.58734	2.35393	1.02074	1.72375	1.66042	1.27433	1.99527	1.82713	0.892619	1.2253	1.02074	0.742735	1.10708	1.2743	4.2013	5.42206	3.36359	2.35393	2.8475	4.26599	5.00039	5.54356	5.07565	9.24195	10.173	4.61517	2.97863	3.68798	3.67143	3.21529	3.76575	3.99346	3.65066	2.97351	3.44425	3.90852	4.92087	5.39127	3.60434	3.50141	3.73728	3.39529	2.63001	1.80182	1.97985	6.17046	7.45083	4.75141	4.54227	4.38214	6.40079	6.86594	5.37719	5.34328	7.87641	11.7177	9.08682	5.13503	6.55199	7.0538	6.22412	6.19254	6.14363	7.867	7.88216	6.13375	8.55682	11.3784	8.55682	5.85153	6.70424	7.21585	10.1976	10.5148	7.36398	6.64338	10.857	10.2593	5.79965	6.19254	6.48748	9.04294	9.0871	6.79579	5.73951	6.79789	6.16586	7.2472	7.63385	7.82923	8.54846	8.6281	7.69242	7.67489	7.1155	2.82609	3.31805	6.95539	8.17422	3.22468	3.2248	5.47785	5.35482	6.12647	6.27968	4.93948	4.71942	5.23745	8.24672	8.78308	5.46661	5.63295	8.62603	8.91055	6.18517	6.31562	7.7909	8.76977	10.0114	8.76271	6.34638	7.40648	7.0538	5.99437	6.36309	6.28685	7.31499	7.48712	6.80459	9.39451	14.2067	10.1499	3.68791	3.63797	5.71553	7.51687	5.18205	3.68791	4.96383	8.55679	8.73564	6.27968	6.10671	6.10423	7.5567	7.37814	5.63295	5.47766	8.10622	8.48693	8.54981	8.40767	6.79554	10.1903	8.37215	5.00044	7.67474	10.2423	10.0921	8.90258	11.0291	12.6423	14.0387	13.678	10.6079	11.6947	8.34583	6.18517	10.2807	9.42743	7.85948	17.4377	18.6617	12.3385	10.9067	11.4499	11.782	8.85581	8.48906	6.62527	1.95662	9.23755	9.30133	3.60008	10.9186	8.48693	6.31811	10.4257	9.83378	9.123	11.4132	11.9358	14.1661	17.4441	18.4486	13.0672	14.9087	22.8645	27.9471	20.2858	7.61213	4.65123	20.9084	16.9979	15.6494	15.6742	25.2664	32.0382	30.659	22.6366	15.9617	15.217	10.5259	8.72365	17.1851	30.3179	33.8119	30.3352	28.2129	36.9135	41.5204	40.9245	34.1679	29.4543
8.72845	7.66449	5.45249	3.05432	1.80174	3.05435	4.72859	2.76574	2.28128	2.84734	4.4913	4.36776	4.54173	4.22616	1.50547	2.22701	3.83358	4.66076	4.25145	3.86121	3.90828	4.93893	5.93036	3.15256	5.54574	5.54574	1.65104	4.06468	5.86375	5.54574	6.3196	5.23102	3.98908	2.21312	0.875225	1.22518	1.10702	0.782833	1.65094	1.50547	0.553537	1.33289	0.942626	0.942626	1.23761	1.61346	3.29914	4.69946	3.83335	2.86859	2.62387	3.21482	4.45384	5.34273	4.37814	10.0718	11.7264	5.03613	2.66434	3.12824	3.05419	2.28119	2.62396	2.47411	2.16429	1.9328	2.8951	4.02326	4.89252	5.42151	3.67513	2.50471	2.13573	1.80163	1.27417	0.875167	1.80163	6.4517	8.12927	5.69638	4.31521	2.99367	5.71495	6.62442	4.58496	4.85516	7.58747	11.7781	9.61399	5.69638	7.38949	7.48617	5.6189	5.70439	5.41317	6.8565	7.55587	5.86378	7.58156	10.9375	8.58366	5.86378	7.15872	6.25974	9.1703	9.71471	5.71495	6.00627	10.8357	9.31122	4.36776	5.39072	5.77809	8.0166	7.24212	5.09031	4.45412	5.13756	3.32685	2.84741	3.60417	4.0649	5.62717	5.13477	3.84947	4.03481	2.37969	3.68753	4.49144	5.34014	3.16709	1.75869	3.32228	3.16714	3.15264	4.53506	4.91733	3.14778	3.60399	4.64099	7.32229	7.81851	4.76685	5.18152	7.9323	8.41387	6.86523	6.16497	5.51023	6.62462	7.61125	7.08915	6.41422	7.75128	7.40164	5.32855	5.54299	5.93292	6.3458	5.35412	5.08414	8.20058	13.0818	8.58201	2.80408	3.92754	5.06314	6.90233	5.37664	3.98908	5.32	10.0718	9.3429	4.96648	4.83018	4.36776	6.25001	6.87182	4.92963	4.53166	7.55583	7.9059	7.53202	7.88698	5.55387	9.28892	10.0104	7.72237	8.36061	9.25068	7.85873	6.13336	7.72243	9.77671	12.6716	15.0037	11.2319	6.10366	5.4217	3.3633	12.6727	9.76922	6.73269	12.5727	15.0038	13.2555	13.2652	12.0502	11.232	5.3086	5.82249	7.38961	7.58171	10.5571	7.6332	4.49144	8.59922	11.1709	7.15862	4.7955	4.94528	5.96618	8.52118	9.28103	11.8273	15.687	14.6277	7.32229	10.1884	23.3479	24.4831	22.8272	10.7479	5.0751	13.7035	10.7601	9.86572	9.30065	22.3581	25.7458	11.7813	8.11843	3.46177	19.0962	14.0535	7.36327	15.9255	17.705	21.8932	21.6997	15.0437	30.7867	24.9774	32.7799	23.5385	23.1159
2.34709	2.12841	2.10677	3.81724	3.9851	3.1281	4.54141	4.22236	3.68738	3.43484	4.7665	4.91693	5.42115	5.94016	5.63743	5.9403	6.48406	5.47684	2.93162	2.19208	2.28093	3.3584	5.75405	4.90153	5.71452	6.10554	4.07939	5.30814	5.86324	5.23056	5.42104	4.69906	3.7649	2.80381	2.48623	2.43028	1.36685	0.742593	1.49515	1.88448	1.61335	1.93261	1.33282	1.73229	2.76546	2.60036	2.04784	3.837	4.11274	4.15333	5.08382	5.23936	5.86326	6.16441	6.39492	12.1669	12.2	5.65068	3.34029	4.05313	4.54474	3.81724	3.60375	3.31742	3.60377	4.6112	5.35381	5.43514	6.33579	6.70298	4.90153	3.81724	3.77309	4.28311	4.84244	5.61866	5.95298	8.35831	9.75791	7.70434	6.10308	4.9692	6.12526	6.34524	4.75051	4.75051	7.19773	11.5184	9.32623	5.47935	8.06781	8.37058	5.93999	5.9527	5.54525	6.93436	7.77953	5.96034	7.78914	11.5083	9.40677	6.67821	7.11391	5.84781	9.47405	9.78648	6.25917	6.99476	11.293	9.564	5.60777	6.6308	7.04402	8.58126	7.05247	4.93854	6.7054	8.6814	7.58126	6.414	6.45146	6.66944	7.68115	8.17284	8.84414	7.64417	5.13718	6.24946	3.4436	2.84706	3.96212	5.46573	5.84798	5.77521	5.93263	6.56244	6.12532	4.80467	5.50983	6.10556	8.05496	8.30819	5.59423	5.85042	8.0159	8.11023	6.76539	6.34519	5.34227	5.72237	7.47555	8.55707	8.52929	9.61335	9.49439	8.34228	8.5415	6.81429	6.80315	7.00128	6.97554	10.422	15.4579	11.4314	7.75102	5.86348	5.9325	7.86553	6.89093	5.40999	6.12526	10.7549	10.0139	4.99949	5.79856	6.29769	8.00673	8.40623	6.63084	6.31443	8.68631	8.80344	7.64973	7.62618	5.07469	8.58121	10.5281	9.87938	10.5129	8.49238	5.03569	3.88046	7.27233	11.2827	15.4579	17.7125	15.2543	11.8107	13.3926	14.2087	12.0707	6.42775	6.51162	12.5442	13.1515	9.38795	9.52374	10.4049	11.4107	7.37675	7.3217	6.55076	6.55999	10.1655	3.05404	3.75289	11.9032	14.729	11.6127	8.99034	8.49276	9.78236	11.221	11.2313	15.7913	24.8709	34.0395	37.1098	30.4378	14.5827	4.76664	17.091	9.86736	9.97452	14.6037	10.6238	6.89091	2.37944	17.6262	20.3875	25.826	27.5039	21.165	24.0505	18.0596	19.9341	18.5211	12.4467	9.25974	28.1919	34.1461	32.2726	26.2924	42.6983	48.4905	48.6179
3.43453	3.43453	3.49616	4.3252	5.18965	5.54226	5.79818	5.54226	4.9992	4.76939	6.1322	6.93393	6.99436	8.08777	8.49203	8.23577	7.88603	5.61814	2.50434	1.99469	2.66383	1.80129	2.73733	4.45303	5.03517	4.20007	5.9318	7.81331	6.76483	5.50918	4.25408	2.96742	2.80355	4.16763	5.23614	5.43478	5.18087	4.02276	2.81991	3.32625	3.48301	3.00848	2.10664	2.27412	3.39434	3.29872	2.24028	1.41073	3.56515	4.40871	5.2505	6.16393	8.00574	9.52278	11.4808	14.8553	11.9215	6.63484	5.07446	5.65025	5.95232	5.15739	5.23032	5.30793	6.09028	7.17862	8.08777	8.62574	9.09279	8.455	6.56879	5.92958	5.54226	5.63154	6.22981	7.02013	7.91059	10.4759	11.5716	8.5547	7.27192	8.02848	8.90013	7.72124	6.14197	5.58561	8.55445	12.6354	9.29846	5.10998	7.96276	8.68359	6.20766	6.05265	5.6953	7.96276	8.89973	6.65732	8.57003	12.0322	9.54145	7.04334	6.93375	6.59598	10.1644	9.49958	6.5318	7.30668	11.6574	10.7294	7.01999	7.87445	8.18653	9.74496	9.02561	7.84791	8.63771	9.97364	10.1491	10.4046	10.3296	10.2226	10.6985	11.1668	10.5263	8.92845	8.31637	7.39423	3.50039	3.71588	6.00546	7.33766	7.65712	7.55488	7.85753	8.19941	7.97816	7.77917	7.94631	7.48515	9.04034	9.06649	6.73158	6.64157	7.84768	7.59598	6.47616	6.46916	5.70331	6.79358	10.7905	11.8338	10.6587	11.4798	11.5979	10.6929	9.75724	7.62584	8.54071	10.2165	9.06018	11.7947	16.06	12.2416	10.3097	8.89356	6.8905	8.23542	8.04497	6.8291	6.8291	10.5605	10.5118	6.62111	7.31292	7.49103	9.02561	9.71324	8.76061	8.73349	10.2294	10.0469	8.69928	8.17736	7.14075	10.4938	11.8386	10.4139	10.9876	9.02724	6.39454	4.91659	9.23453	13.8604	18.0128	19.9528	17.4652	16.395	18.7336	20.8459	16.8322	10.8827	3.98856	14.8304	14.2936	6.6232	7.81144	11.3165	12.2696	9.22208	11.1091	11.22	9.83544	11.1925	7.63131	6.76483	15.6624	19.5281	18.8706	18.0264	16.1829	14.916	15.9254	16.9264	24.3317	39.1742	42.8616	32.656	26.3837	14.5639	5.91901	8.24251	10.0705	10.6711	14.7398	12.2883	10.1254	2.27406	11.8826	14.8077	22.0716	27.2866	30.5328	28.1898	17.3982	17.9331	16.9383	19.8095	25.4816	36.2366	40.1741	32.9209	32.4817	41.6702	47.1651	46.2266
1.95585	3.1275	3.1518	2.48576	2.89441	3.83246	4.45278	3.81652	4.03364	4.64969	5.73735	6.5059	5.93151	6.31572	6.22919	4.45285	3.60311	5.2064	3.53909	5.3528	5.95942	6.46887	7.40402	7.59947	8.69846	10.6659	10.9509	8.72574	6.27729	4.39778	2.88375	1.56485	1.02035	2.97244	4.14157	5.32733	6.72433	6.70414	5.06201	5.29879	5.25	4.69841	3.83644	2.28061	1.99451	1.06437	1.65056	2.72043	2.24005	1.56492	3.94197	6.93958	9.85212	12.9278	14.7717	14.0608	8.17114	3.9843	3.77238	4.72729	4.72725	3.87978	4.36666	5.0259	5.63098	5.71356	7.21325	8.62312	8.67978	7.2216	5.38664	4.68545	3.92664	3.36241	3.31669	2.82492	2.67506	7.93205	9.54061	5.84942	5.26146	5.67896	7.14634	8.62312	8.62316	7.65635	9.5916	13.732	10.8934	9.24848	10.7722	9.88212	6.45008	5.41167	5.61732	9.77406	9.84612	5.67896	7.70279	11.2651	9.00155	6.79298	6.63403	6.42663	9.16779	8.3423	5.80518	6.63396	11.1679	10.4634	5.7974	5.96431	6.46633	8.35841	7.10416	5.13612	5.96431	7.47422	7.10436	7.51443	6.91384	7.19671	8.08139	6.93326	3.83644	5.57414	8.8722	7.63064	3.73587	3.76432	5.08877	5.13621	5.10958	4.70158	4.8696	5.62556	6.19031	5.90087	5.68176	5.58514	7.94718	8.182	5.43411	5.23547	6.88964	6.99345	6.06464	6.31785	5.93128	7.94522	12.2543	11.6701	7.5796	7.97903	8.35487	7.01062	6.70171	6.39391	8.0647	11.1667	10.8223	10.3071	11.1679	10.1345	2.48564	4.54063	4.9987	7.17768	7.26898	5.4535	5.10951	9.53747	10.1461	6.05222	6.08949	6.01218	8.03857	8.1418	6.45707	6.62277	8.57455	8.74434	7.99778	8.00526	8.01458	11.9094	12.0469	10.2212	11.2536	11.9204	14.3529	15.1126	12.4215	11.9493	17.501	20.4901	13.7308	11.8801	12.1269	13.5075	17.3764	17.1204	13.1495	8.72038	14.6239	8.2617	6.52418	8.96029	9.34981	5.45063	5.51683	6.50575	8.96029	13.645	11.812	7.84697	16.3837	19.4892	12.4768	10.2258	9.53635	9.33604	13.3217	18.6215	26.762	36.0262	22.3279	15.9378	14.7689	13.8389	15.2382	13.3805	8.68485	7.65609	11.9493	13.2358	14.1232	12.4132	3.77229	11.4941	12.5329	18.6323	11.0529	15.6189	10.2856	24.0604	26.5906	29.3945	30.6049	15.2162	12.4328	21.4591	27.3099	17.4198	23.7949	27.0493
0.874878	1.33243	1.58416	1.50497	1.93205	1.58416	2.84618	2.79753	2.66342	3.09287	4.02183	4.45223	3.26549	3.39365	4.45223	2.27365	2.19153	5.20586	3.7069	5.47793	5.6304	6.01173	5.38609	5.20599	7.97821	8.80089	6.14068	4.55342	3.94156	2.71443	1.88393	0.782491	1.65031	2.04724	2.12779	3.53433	2.97728	4.54341	3.00786	3.85971	3.87938	3.25149	3.53439	2.04731	0.874856	0.782491	1.2616	2.50383	3.05815	2.22613	4.96759	7.6553	8.92628	13.5737	15.575	11.4279	4.32062	1.4105	2.89399	3.53861	3.4822	3.2654	3.36201	3.67379	3.66966	3.85967	6.61061	6.33395	4.79375	4.0782	2.98748	2.27365	1.80103	1.61287	2.03975	2.59948	2.28026	8.84113	10.0884	4.48958	3.15141	3.25133	8.4969	7.59849	6.08905	5.4614	6.55808	13.1336	10.1451	6.45644	8.36833	7.67101	5.13568	4.71713	5.35208	10.5584	10.0461	4.68477	7.05038	10.5902	9.26471	7.57871	6.6333	5.681	8.021	7.48335	5.96362	6.82753	11.1706	10.3525	5.65963	5.80458	5.71278	7.04398	6.04153	4.45216	6.63328	8.1024	5.99149	3.53875	2.97728	4.38006	4.91555	3.73548	3.16587	5.62482	8.28955	7.16852	2.79753	2.80299	4.11154	3.70678	3.70678	3.32556	3.32556	4.48958	4.65883	3.14656	3.51273	3.84784	6.95181	7.40296	3.6862	3.98378	6.23558	6.3148	5.30662	5.41946	5.58436	8.78561	12.7448	10.5626	6.39772	6.2837	6.80108	6.44926	7.23927	5.79687	5.24647	11.4317	10.8573	6.93261	5.29809	8.19743	6.70319	1.65956	2.89411	5.86155	6.63328	4.70095	4.08926	9.05802	9.87642	5.475	5.46118	5.70222	8.17014	7.40293	5.22904	5.54363	7.54709	7.40296	6.50508	6.06402	5.73657	12.0395	11.5729	8.72477	10.0066	13.077	12.2989	8.75898	8.0529	8.17576	13.6715	21.0855	15.3107	12.8954	13.7295	9.37117	9.16083	10.6413	12.2531	3.53439	12.6091	10.5626	10.0404	10.7193	9.38684	7.27033	6.27664	7.15609	13.5518	17.205	10.7343	4.38013	17.5747	21.124	6.31478	3.20886	3.37555	4.19944	11.5754	18.1854	22.7484	23.0674	14.0608	10.2834	1.7493	9.18173	12.0972	10.9854	8.47587	5.86155	9.10395	12.6094	11.7925	14.5679	16.7974	13.2377	14.9915	11.1184	17.9715	6.27425	18.3183	26.9101	28.3826	28.535	25.6939	8.01353	32.1669	27.8091	37.0508	34.9801	18.3204	28.7734
0.49489	1.44254	1.2736	1.02015	1.65946	1.49462	1.56453	1.56453	1.10648	0.782455	2.98708	3.84747	3.6024	4.08903	5.60561	4.70073	4.81551	7.01806	7.88374	7.7865	7.43284	7.49499	6.90601	6.62164	7.6839	7.37388	4.41752	2.5035	2.59922	1.88374	1.88383	3.22296	5.08188	5.63529	5.15296	4.07782	1.89194	3.60237	6.66692	8.55235	6.86239	4.53976	3.87902	3.75146	3.20873	1.99421	4.71668	4.9673	3.70649	2.10602	6.67561	8.80003	8.30497	12.3349	15.2218	11.5979	5.81969	5.61654	5.63529	5.62447	5.50772	5.5433	5.37431	4.99768	5.50772	6.80071	8.68136	7.6606	5.95828	5.93038	5.61654	5.44987	5.72049	6.34311	7.25343	7.77692	7.48905	12.4938	14.3214	11.6235	13.5459	15.7607	15.7008	11.1492	7.54673	7.9083	8.78349	12.4187	9.52003	4.44487	6.10053	5.56482	3.05769	3.46866	4.7931	9.95697	9.68731	5.13203	7.6369	10.5615	9.04894	7.4465	6.42522	5.09649	7.8243	7.78607	6.50443	6.93164	11.4	10.8842	6.39243	6.72271	5.9631	7.27161	7.05401	6.16213	7.91731	8.16934	6.29752	5.47755	7.74811	7.93087	6.95145	5.20561	5.07281	5.95801	8.085	7.31885	4.11125	3.60237	4.72631	4.543	4.89964	4.65851	4.82799	5.93024	6.28328	5.47474	5.62989	5.5433	7.74776	8.01287	5.20552	5.6486	7.21171	7.06892	5.96822	5.84815	6.29752	9.53555	12.9748	10.2748	6.72715	7.76311	8.2565	8.42595	9.5881	7.6606	7.34363	11.1449	9.57256	4.19538	6.93845	9.38926	9.71039	7.26779	6.62167	7.74793	7.83217	6.10321	5.60561	10.1831	10.7712	6.98356	6.99857	6.65538	8.29776	7.59377	6.05101	6.42534	8.29776	8.14017	7.91739	8.51203	8.42612	13.206	11.0715	6.22774	9.00304	13.3421	11.9323	3.83173	8.08543	11.2518	15.5338	21.3125	15.4449	10.8909	13.0757	11.5769	4.2957	8.44163	11.0505	11.5184	13.7451	9.37799	8.95846	8.99806	7.74758	7.31879	9.44087	16.9375	28.8602	29.5108	20.1216	14.5969	17.1846	17.9996	4.61248	3.32067	5.95051	5.15562	12.9351	17.9048	20.6366	15.6647	1.92393	5.7964	12.1854	14.4704	18.4173	17.0781	3.7636	7.01813	9.81469	11.5481	10.7507	14.5053	13.837	24.8024	39.4942	34.156	31.6271	9.15515	31.0683	22.1187	20.3958	35.0853	38.5697	34.5367	31.7926	18.2622	34.6962	48.1959	35.7554	28.4857
1.6593	2.33288	2.23939	2.35247	2.62251	2.23939	1.33218	0.55322	0.52484	0.699771	1.7577	3.31582	4.16599	4.93931	6.34241	6.5226	6.66851	8.48173	10.4343	10.4188	10.1436	9.54595	8.7844	8.34029	7.59726	6.28265	3.51206	1.58384	1.41019	2.19112	4.07375	6.08048	7.91686	8.00681	6.77359	4.94239	4.12198	5.23407	6.77351	4.79291	2.71398	3.28338	2.29987	2.03945	2.84569	2.73083	5.58337	2.16303	3.51634	2.54569	8.84461	10.1881	7.99732	9.99153	13.3793	13.8358	9.81339	7.93572	8.16899	8.35627	8.25956	7.70086	7.08754	6.38972	7.43808	8.84985	9.82562	9.08928	8.31346	8.55149	9.19456	10.3256	11.1951	13.7152	17.9064	20.1242	19.8551	21.7489	22.9945	21.8113	22.7843	22.7924	20.405	15.6004	12.5332	12.0474	11.8309	11.6235	8.18333	4.36879	6.24649	5.95748	4.07735	4.70008	6.01043	9.16515	8.88964	6.20532	8.81263	11.6518	9.5949	6.9678	5.84754	5.27414	8.99895	9.385	6.59346	6.44577	11.3492	11.2089	6.4737	6.24649	5.41009	8.01208	8.42514	7.31013	7.72196	8.68043	8.57207	8.89332	11.0696	11.6424	10.0096	7.55193	7.32647	6.67505	8.34713	7.85425	5.62934	4.68408	5.76448	5.99045	6.55929	6.34241	6.50407	7.40783	7.91679	7.31641	7.54597	7.8772	9.40252	9.19918	7.37346	7.59335	8.55308	8.35437	7.0684	6.639	6.81098	9.43522	12.7828	10.6721	8.79925	13.9572	15.4816	13.4456	11.5209	9.18477	9.46048	10.8943	8.89315	8.34542	10.7175	12.1663	12.2041	11.2067	11.4617	11.8016	10.63	8.70802	8.2415	11.8086	11.9954	8.81795	8.76396	8.45174	9.70495	9.53491	8.23239	7.68326	9.15397	9.48988	9.72766	10.5511	9.75349	12.5385	11.5471	9.94609	12.0651	15.018	15.6787	14.8736	16.5387	15.1368	15.7343	17.1206	12.3304	8.51634	9.69412	8.68033	4.50555	5.03646	11.3715	17.3505	14.9375	7.31031	7.5516	10.2739	14.0578	15.1522	18.7058	26.4672	28.1244	16.3889	12.2994	17.0856	21.9327	19.7339	13.815	13.0752	9.82729	9.20717	14.0336	13.9569	20.3098	15.5962	6.48095	13.6249	18.1756	20.1633	23.0244	13.363	17.0832	21.3535	21.0876	24.5021	27.6488	24.8379	11.859	20.6939	6.93756	23.2141	36.604	8.34713	33.4137	5.62376	22.3451	37.7793	39.7834	27.1725	22.8228	28.0136	28.0033	39.7174	34.5457	37.811
1.44227	1.61237	1.27336	1.50455	1.61245	1.82579	1.48409	1.61245	1.48409	0.874636	0.174934	0.721249	1.17337	1.56432	2.76388	3.51617	3.25059	3.73443	4.08826	4.68367	4.86774	3.64788	2.73616	2.66268	3.14566	3.15044	1.50445	0.699705	1.64993	3.67286	5.35076	6.01006	6.69926	6.11944	5.71941	5.15199	3.83499	1.89158	1.88347	4.64793	5.0869	3.56343	1.58371	0.630732	0.874636	3.37473	2.50306	2.34575	1.57402	3.60157	9.68556	9.1578	5.08073	8.63491	12.0025	14.341	12.5313	5.591	4.99077	6.38908	6.96733	6.16121	5.07201	4.5389	6.10943	6.72819	6.59281	6.16097	5.45148	5.62883	6.77291	8.38932	10.0949	13.1044	16.4999	18.713	22.1353	24.4864	21.5495	16.4436	13.243	9.75429	8.35563	8.14454	7.79277	7.25206	6.38917	8.33932	7.94429	6.9307	8.85733	8.89242	7.33415	6.79943	7.31555	8.51553	8.16781	7.08655	9.33671	12.6475	10.9424	7.8536	6.01754	5.16644	9.19319	9.21726	5.31644	5.71903	11.0377	10.7812	5.6713	5.69257	5.42623	8.78307	9.01613	5.96198	5.84442	8.38886	8.39419	8.55037	9.18394	10.1124	9.09512	7.66885	7.04839	5.96198	7.40082	6.62003	3.43275	2.2997	4.74776	4.9966	5.10752	4.37883	4.39614	5.62331	6.0174	4.74149	4.99674	5.64754	7.69992	7.5113	5.64754	5.81871	7.30942	7.30942	5.64754	5.23635	5.50654	9.23014	13.6605	11.8903	9.71757	15.2017	14.3098	10.3658	6.46642	3.51598	6.7991	8.55028	7.34005	8.8839	10.4511	10.2174	9.657	8.75644	8.77177	10.6935	10.6181	8.81734	7.81373	10.2173	10.3949	6.79931	6.79931	6.97151	9.12559	9.38741	8.06162	7.60637	8.55218	8.35163	8.16781	8.38886	6.11917	9.39661	10.24	8.5155	8.19513	13.4331	16.0722	13.1951	10.6661	8.57852	8.84882	10.6929	10.8002	8.03351	9.19799	8.57797	5.57196	7.09951	11.2576	12.2419	6.69938	5.76395	8.17883	17.0053	21.6121	15.5285	13.0079	16.7365	17.9403	18.7194	12.0402	8.83858	20.5806	26.2208	27.2072	24.9022	20.8562	15.059	14.0568	6.82783	18.0402	15.0475	17.0587	19.7699	16.0732	15.0405	11.2767	12.5508	26.9793	11.257	36.4134	38.547	20.352	12.2958	12.8993	30.0102	45.2235	45.1486	34.6233	19.407	38.2818	40.8232	35.3315	27.625	33.6437	9.69778	24.0245	26.1221	22.286	26.6256	16.839	29.7252
1.04939	1.23666	1.10613	0.891849	0.874545	1.23666	0.874545	1.33192	1.5044	1.33192	1.06387	0.553132	0.174918	0.247377	0.989415	1.88328	1.73112	1.49414	1.88322	2.34542	2.22517	1.11985	0.630636	1.01981	2.3519	1.99352	0.782226	1.99362	3.43253	4.96279	5.75034	6.63101	7.97538	7.15985	5.69234	4.72498	2.50281	1.40992	1.65893	1.1732	1.10613	1.27323	1.33192	1.5044	3.1647	4.59156	3.60135	2.97095	2.67382	4.9627	9.3958	8.28645	5.02332	8.40052	10.6701	13.4795	13.9422	6.63078	3.28289	5.24448	6.97086	6.39559	6.44716	6.24557	6.69861	6.45397	6.04932	5.62812	5.98923	7.40644	8.1874	8.8432	9.71545	10.3264	11.2754	11.8504	13.6307	14.1007	8.4026	2.99138	2.66231	1.9936	1.01981	2.8452	4.792	5.53904	6.70093	9.7153	9.25361	9.15252	11.7698	12.2818	10.555	8.76077	7.63896	8.40065	8.81615	8.40065	10.3644	13.6105	12.2814	8.68574	8.23818	7.46888	8.0496	8.00123	5.44801	5.93602	11.3829	11.1234	5.63346	5.77112	5.71063	9.23569	9.47551	5.71063	5.54154	8.10484	8.28645	9.62829	10.0367	9.33629	10.0369	11.0882	7.24276	6.09639	7.39608	6.42346	2.8929	2.45359	5.35006	5.54159	5.45088	4.55173	4.39571	5.62279	6.18723	4.89824	4.74104	5.23585	7.63881	7.69922	6.25513	6.38845	7.48071	7.13455	5.58246	5.67634	6.10889	10.5546	15.2908	13.811	11.0674	11.9726	11.9061	4.91373	2.52114	2.50281	7.63869	9.0219	6.79852	9.13919	12.2192	10.767	8.8163	8.17827	7.64486	9.96639	10.8213	11.2332	10.0429	10.0777	9.68484	6.29343	6.6738	6.99661	9.00722	9.08737	7.65257	7.91531	8.87656	8.33674	7.807	8.09936	6.77204	9.78002	10.2162	7.57586	6.16518	12.6044	16.9765	13.6104	9.91889	10.6528	11.1982	10.8869	9.10523	6.06913	9.43036	10.8975	8.03473	7.88106	5.13062	4.86088	5.17784	8.83652	7.68182	17.52	15.7617	7.82997	9.36768	12.6774	14.0877	13.6386	12.5817	12.0446	24.436	20.9358	8.71654	10.1822	14.299	12.0631	13.3059	12.5549	14.4183	4.79184	6.93186	10.2391	8.92157	9.79848	6.77196	17.6144	18.9712	20.1643	45.12	37.4574	13.8992	17.2386	22.1439	25.1353	31.9864	32.7195	32.349	33.4037	40.7074	38.2492	24.5047	26.2624	38.2584	30.4642	36.1983	24.2764	29.5177	36.8184	35.6303	28.9427
1.95473	1.72211	1.61211	1.61211	1.40986	1.58341	1.56402	2.04635	1.89122	1.7831	1.442	1.40986	1.48381	1.40986	1.22413	0	0.553082	1.04929	3.09143	4.88849	3.90482	1.82544	1.89122	2.10516	2.98595	2.2113	3.20751	3.83426	5.54121	7.77388	8.51428	8.19397	5.74982	1.26107	3.36035	4.69867	2.47186	1.75718	2.10516	1.88312	1.80018	1.72211	1.64961	1.95476	3.18833	3.98188	3.37409	4.62078	3.53707	4.48744	7.54939	7.75238	6.0486	7.58099	8.71363	12.2755	15.4337	9.43711	3.5111	5.76281	6.79795	4.76293	5.1774	5.71039	5.9179	5.59	5.62225	5.5055	8.25695	10.7185	11.4725	11.8179	10.4496	8.19397	7.71584	10.9868	9.95326	4.36394	1.74853	2.23877	3.68458	4.46052	4.74052	4.0198	5.41433	8.03431	10.4705	12.3635	11.4598	12.1915	15.9497	15.8248	12.4379	9.23537	7.08349	7.83874	8.7155	7.77369	10.7672	14.561	12.7255	10.2455	9.6644	9.7147	8.73452	7.82923	5.47524	5.38609	11.1132	11.1445	5.41686	5.17707	5.32398	9.05372	9.56744	6.42516	5.82514	8.36417	8.47711	9.76843	12.8861	8.50885	10.0298	13.0096	7.17342	6.68873	7.13993	5.93541	2.50255	2.76324	5.53824	6.01869	5.84594	4.56795	4.39531	5.96597	6.67315	5.27855	5.13327	5.41705	8.04882	8.11152	6.0164	5.84608	6.98093	6.62575	5.54121	6.21834	6.698	10.5022	16.0693	15.231	12.7291	7.80841	4.05002	8.40185	5.51391	4.53782	7.74467	8.34994	7.2832	12.5804	15.199	11.1383	8.61816	8.09153	7.80841	9.87205	9.4874	10.1105	11.983	12.1061	10.1581	7.0516	6.97019	6.67315	8.942	9.26681	7.18612	6.98093	8.70537	9.41716	9.01483	9.36208	9.53224	12.6545	11.564	9.21589	10.5704	13.6427	13.9561	13.4328	16.0212	12.5672	13.1424	9.84697	6.79807	5.75499	7.17355	8.19896	8.19353	8.38037	9.38269	10.3675	8.84895	11.5003	8.23753	11.5936	13.2689	8.08394	7.3161	5.92783	10.3023	16.9276	13.8972	11.4314	22.7481	23.5117	11.5924	9.36713	16.3957	18.7303	16.2344	16.6929	20.2022	19.6312	20.2583	19.9745	14.3828	4.91329	10.4869	18.6818	24.4824	32.2677	41.9173	36.2333	26.9076	28.2345	23.548	20.9939	18.3511	5.71014	1.40981	13.7941	14.2889	20.3597	21.2711	15.9389	34.533	43.2015	37.3725	24.0921	21.9429	19.9455	15.3095	1.95476
3.21191	3.00615	2.35158	1.33167	0.941717	1.40969	1.78293	1.99322	1.72193	1.95453	1.88293	1.74835	1.99324	2.48409	2.84461	1.78293	1.65867	3.49337	2.52066	4.68211	3.9853	1.44185	1.10595	1.88286	2.45314	4.01965	4.93745	4.99839	9.90685	13.1691	10.9266	6.9309	2.9291	2.73525	3.37363	3.33731	1.93093	1.75703	1.74831	1.56386	1.8	2.03868	2.35158	1.99324	2.04607	4.26151	2.73536	4.86634	3.713	3.6841	5.75429	7.25787	7.13932	7.50108	7.37849	10.4299	15.964	11.9643	4.76233	6.21761	6.15924	4.19337	3.53238	4.08708	5.5051	5.37175	5.40534	6.13721	8.51316	10.8189	8.92969	7.92516	8.13298	8.63293	8.35314	8.67374	7.19158	5.46104	4.37764	1.40968	2.71295	5.34922	6.30902	7.33998	8.51328	10.3216	12.1618	14.1689	13.5908	13.1139	15.5803	13.3643	11.8874	10.9332	9.19596	7.71534	7.97372	6.50605	10.1798	14.3146	10.8793	8.16554	7.7825	6.2804	8.76925	9.37397	7.1585	5.64593	10.1524	9.976	4.50385	5.02237	5.79352	9.28024	9.66615	6.39411	6.47126	9.75103	9.02021	9.68287	14.9901	5.44698	13.8247	14.2477	7.26414	6.23206	6.33975	5.691	1.85835	3.14953	5.37156	6.61818	6.15672	4.18976	4.37758	6.01571	6.42234	5.06148	5.27804	5.27804	8.13639	8.09053	5.25794	5.25794	6.82382	6.96955	6.21774	6.72644	6.72644	10.6505	18.7532	18.1986	12.2289	5.31237	3.8417	5.41366	4.9952	5.6324	9.22921	9.11324	7.09942	15.2934	17.4646	9.9923	7.47931	8.05934	9.21672	10.6149	9.75433	8.79622	10.384	11.2221	9.92184	8.78109	7.91389	6.6365	8.94121	9.05302	6.59098	6.7597	9.21646	9.26766	9.46003	10.5182	10.2318	14.9204	14.315	12.8054	15.4903	19.4936	14.4091	9.18117	22.7772	17.7361	9.48041	5.22628	4.22222	5.70962	6.89596	6.29458	6.09524	5.08522	6.44335	18.2977	14.7424	10.5197	11.1611	10.3132	10.2316	8.16554	6.85004	7.69766	12.6294	17.8566	15.4154	14.0406	20.8498	22.0307	15.9675	8.87483	14.842	25.545	27.793	23.2067	23.8031	18.2116	14.6633	14.5447	23.2465	21.0946	19.4574	32.6588	35.6465	34.3213	33.6537	26.7021	4.33565	5.67536	12.2009	18.0519	29.5136	36.1805	36.3543	36.7994	32.6311	8.00381	32.7831	28.3107	33.723	33.0991	21.0638	16.6661	20.2016	22.8763	21.5629	9.7601
2.98552	2.62128	2.27215	1.27288	0.552977	0.891598	1.06355	1.01951	0.782009	1.61181	1.79984	1.99307	1.61184	1.23636	2.29878	2.16201	4.59027	5.29477	2.97521	5.06979	3.09063	1.06355	1.01951	1.2363	2.97019	5.34874	5.94736	7.08216	12.7816	11.2531	6.99918	5.89646	6.86711	6.27968	4.01539	3.56199	1.99297	1.33149	1.22389	1.61184	2.23835	2.37718	1.79984	1.06357	1.01951	4.81245	3.44028	3.59614	4.71418	3.90423	4.96428	7.24891	7.6326	7.57367	6.85807	9.69404	15.4417	12.2156	6.18534	7.13439	6.01756	4.22188	4.04933	4.41858	5.76177	5.29477	5.47432	6.30834	6.72336	9.56718	8.19742	4.88739	6.23143	9.05891	11.8731	10.0358	4.06063	0.891574	3.3371	4.61979	5.2313	8.16494	9.5554	9.99165	10.7274	9.70501	11.0577	12.7369	10.1563	8.45492	11.7503	8.84898	9.32907	12.6289	13.0638	10.301	8.54743	6.46384	8.76801	13.0028	10.6135	8.19742	8.24986	5.95964	6.69659	8.34343	8.33645	7.47886	10.5461	11.1427	6.6065	5.81652	5.50446	8.03049	8.9518	5.91659	6.86697	10.9384	10.4051	10.7556	14.3985	12.0024	17.9302	13.1471	6.78793	5.64529	6.01756	5.53719	1.06355	4.11979	5.32297	6.71882	6.44496	3.90402	4.1088	5.6265	5.89615	4.61979	4.91223	4.72368	8.02133	8.3485	5.44942	5.62128	7.166	7.32302	6.15876	6.30844	6.32988	12.3992	21.0474	16.3006	3.73292	2.13349	5.55931	9.59074	12.5616	15.2226	14.2548	11.6019	8.9819	15.4355	17.8435	9.37275	7.37792	8.3788	8.35047	9.70501	10.4461	9.27185	8.51269	7.92641	7.95646	9.22718	10.3831	9.56779	8.67821	8.23734	6.3392	7.05003	9.49153	9.3175	9.18028	9.18844	9.0442	16.6064	16.9923	14.3347	14.9836	19.8196	16.1092	14.8784	22.4011	13.8233	5.27746	1.26075	4.91223	6.3865	7.84099	8.17045	8.44781	9.2286	10.7274	20.3199	15.3637	13.4723	17.4894	14.2165	5.51287	7.87878	6.96007	7.44231	13.2503	19.661	17.0629	12.6226	15.9158	19.2685	18.5155	15.3634	20.0277	20.9505	21.455	27.2299	19.1617	23.9588	23.1552	14.2165	13.417	30.4101	24.0519	4.64617	0.391023	6.98809	15.9712	18.5847	21.7999	21.2727	17.4173	13.8791	19.4919	14.7727	7.52221	19.3795	35.6799	24.1804	24.154	32.3326	23.8495	20.1792	20.281	17.4145	27.5834	26.4457	22.1024	37.5108
1.23621	0.174851	0.720886	1.79966	2.18987	1.44158	0.552922	0.87417	0.720886	1.36541	1.99286	1.79966	1.33142	0.720904	1.40941	2.90769	5.75072	2.37694	4.82461	4.06006	3.70403	3.01565	2.10456	2.27864	5.25695	6.46095	7.24032	9.80824	11.2249	6.89466	4.93959	7.30619	8.34077	7.80595	4.19615	3.98455	2.42761	1.27275	2.1046	2.37694	1.99286	1.58296	1.27271	1.06345	0.874192	4.44197	5.33667	3.47967	4.57999	4.69437	6.11891	7.67298	7.64956	8.25462	6.88375	9.09851	14.4254	11.2311	5.89557	8.77904	7.62409	3.59988	3.84098	4.18897	5.30268	4.91183	5.33403	5.75334	6.38592	7.85162	6.55307	5.37054	7.95715	11.5568	9.20201	8.36231	8.85337	7.90304	5.18466	4.2465	7.57892	8.95104	7.84028	10.1552	11.5145	9.43485	9.79451	11.2196	7.75826	7.16344	9.82592	8.9594	9.17488	12.6854	13.6622	11.9253	10.7876	9.39271	8.20785	9.94469	9.91509	8.60337	8.13843	7.4135	8.49054	7.17151	5.29424	5.93408	9.14884	11.1936	6.88393	7.39767	7.97055	7.82707	6.24296	4.1961	4.74549	9.16001	10.3774	12.1922	8.52022	9.48473	14.5458	10.1089	6.67142	5.81596	5.62067	4.14884	0.390967	5.17565	5.68995	6.3929	6.42339	4.37317	4.44881	5.85713	6.17269	4.91178	4.79003	4.394	8.19134	8.93954	5.79257	5.81596	7.33661	7.16534	5.77431	5.93395	5.76122	11.5756	18.6173	11.3647	5.51237	4.03013	7.01314	7.69642	12.2019	11.5871	13.5747	17.7667	17.3039	16.4492	15.9931	9.31668	7.80408	8.6773	8.0207	9.26593	9.73582	8.29978	8.79458	8.76761	8.14066	7.91241	8.83989	10.1264	9.77225	7.52575	6.38592	6.82466	9.52939	9.46425	8.79427	8.61552	7.69633	16.0728	17.0741	8.5466	9.7041	18.1394	13.3935	13.3609	6.90758	15.242	11.7435	5.93392	4.74549	5.20186	8.75199	10.0154	9.48473	10.1552	10.2083	21.1612	20.3678	15.3085	14.1745	14.915	8.7777	8.61558	10.1159	8.67738	10.6442	22.5046	18.3053	9.15523	12.5497	16.1885	16.7153	20.8069	21.0419	15.2122	13.8927	9.12489	19.6064	35.7697	24.7642	21.8667	25.5535	24.7139	12.3668	23.6849	28.3518	29.6114	30.2006	21.6211	7.64968	6.09916	10.5243	11.6267	10.0035	20.8218	18.0328	13.6462	32.2244	25.8104	23.354	20.2981	5.85452	26.1839	35.6225	38.0291	38.7711	34.7442	36.3197	42.9817
1.3653	1.10564	1.72145	3.43981	3.76879	2.59728	1.04889	2.33134	2.66116	2.51996	2.37673	2.21046	1.82475	1.6115	1.99269	3.35921	1.7994	2.81689	3.00512	3.28135	4.7992	4.7388	3.43092	4.31707	7.64898	7.7132	8.51107	9.54581	8.13981	6.49974	4.4486	3.16321	7.41274	8.1083	4.32036	3.73621	2.50163	2.13322	2.4834	1.89051	1.3313	1.92247	1.93038	1.27263	1.49349	3.29505	7.17073	5.16351	4.82444	6.23545	7.92297	7.67823	6.3853	7.5208	5.31343	7.41274	13.3887	11.2506	6.2423	8.71209	8.99299	4.93883	3.43963	3.64567	5.3475	5.27646	5.08393	5.24205	6.89399	7.46711	5.84374	5.12822	6.8217	13.0661	9.51293	2.43365	5.71617	9.09003	10.2749	9.93987	10.8	10.2574	11.0146	11.7667	10.7106	10.6121	12.6716	13.8875	11.193	10.8836	11.0558	10.3808	9.3633	8.41287	10.6657	11.86	12.0577	11.6598	9.12411	7.32164	8.61457	7.74947	8.26991	7.86594	9.79634	8.43531	4.65485	4.31007	8.41965	10.7184	6.10597	5.87732	7.03614	7.43321	7.38078	7.33811	6.58928	7.21453	9.3709	15.4282	5.67615	12.5244	10.9828	7.01267	5.51183	5.37025	4.91138	2.12601	1.7994	5.27061	5.57957	5.80219	6.16222	4.20289	4.44833	6.30937	6.33081	4.52945	4.44842	4.44842	8.38415	9.37882	5.92321	5.81542	6.99331	6.84162	5.9334	6.29053	5.98651	8.6146	14.1097	11.0147	4.13765	5.95851	8.8604	6.29028	9.68009	8.88375	12.178	13.1229	7.46542	8.86066	10.9761	6.17686	6.61629	8.71209	8.37703	9.96296	10.1295	8.25048	8.62875	9.61966	10.0032	8.99356	8.47607	8.62875	9.46696	9.09003	7.75756	6.96113	9.15267	9.53924	8.92702	9.2697	7.50501	13.2554	16.0635	8.59215	8.1396	15.6684	14.3459	6.77801	10.0365	1.10564	8.36127	8.7834	7.30327	7.23322	11.5293	12.5438	8.73086	9.19313	10.2189	21.116	17.5213	3.00512	0.524491	9.41501	10.6121	8.13074	10.8185	9.21236	8.50393	20.9897	20.0342	10.8427	17.54	22.3484	18.4041	16.4247	19.7071	22.9965	15.1285	11.1989	28.8684	32.8983	13.4732	9.93987	14.6598	17.6941	23.9185	25.2142	17.8264	14.698	22.8771	27.3903	13.3037	7.20629	3.83281	21.2353	12.0397	25.0279	17.9275	21.8601	32.3356	31.5231	47.7385	48.4666	39.0754	8.1083	25.5593	31.2123	36.5068	12.8014	25.083	33.6809
2.51971	2.34418	1.49334	2.03781	2.57937	3.4789	2.1258	2.97437	3.14847	2.48315	1.61134	1.58266	1.78225	1.78225	1.27251	0.891323	2.76203	2.37646	0.720749	1.48309	2.66079	3.09474	3.2107	5.41449	8.58812	9.60175	10.549	8.73039	6.11537	3.2624	1.92228	5.93283	8.54481	7.39601	3.49196	2.71192	5.55769	5.36979	2.59713	1.39827	1.10553	1.58264	1.95376	1.73014	2.50148	2.44597	7.65391	7.54593	5.73135	7.16209	7.96906	7.7568	6.05849	5.51111	4.1953	6.09294	12.1107	11.812	8.25312	9.15188	9.6229	6.86276	4.22414	4.16264	6.31125	6.21527	5.76014	5.67313	6.84099	7.17021	5.41445	5.60079	5.91495	9.79551	9.79853	6.33737	4.79857	5.47008	8.83332	10.7138	10.7626	9.79283	12.5555	12.8583	10.611	12.4203	14.5932	13.2386	9.63854	9.60494	11.0627	10.5226	8.68944	6.28992	6.77735	10.5144	11.7904	11.505	10.8274	8.28218	7.67742	6.24178	8.00602	7.98367	9.8045	9.43904	5.09221	4.65443	9.28801	10.4444	7.65412	7.63466	7.67172	7.91086	8.41904	8.35001	8.57105	10.3178	12.7278	14.3046	2.43352	16.7165	11.4339	6.38484	4.92328	5.16315	4.24937	2.59713	2.9279	4.91385	5.5384	6.08308	6.61571	4.69651	4.83625	7.19927	7.01177	4.33401	4.01793	4.13705	8.66189	9.56461	5.51111	4.91085	6.55423	7.03535	5.9252	5.92265	5.94552	7.35354	9.01031	7.87663	4.64459	6.17633	7.95566	7.61679	8.99057	8.28179	13.4774	14.3753	11.9954	12.2339	11.5134	5.92518	6.82125	10.7093	11.868	12.8836	11.2948	8.24968	7.88633	9.77028	11.1334	12.1847	11.2179	8.99258	9.31522	11.2179	10.6865	8.70151	9.2003	10.4485	11.5435	12.099	10.6549	11.8693	12.038	10.2663	9.53842	14.6311	13.9467	2.51959	8.34619	8.78274	8.33921	7.93892	5.64371	5.41434	11.8691	13.4679	9.64738	9.04479	9.20979	17.353	16.815	13.2259	8.95139	2.54369	10.5491	10.0021	8.01911	9.22894	8.9792	17.9936	19.7451	14.4936	21.6569	24.8549	19.6593	18.4718	22.1864	25.8476	4.99628	18.9459	29.1997	25.9572	12.8098	25.159	28.5905	27.5715	17.5092	3.35888	8.33921	9.96237	22.4883	27.7539	15.6033	28.4804	29.1032	23.7462	10.9876	21.4487	14.5848	20.0913	23.5526	42.0219	36.4037	40.011	47.7776	41.4342	29.1084	31.9141	38.9811	28.1193	35.0504	34.3182
2.89111	2.27124	0.699174	1.27235	1.33098	2.12556	1.95364	2.92761	2.47052	2.04518	2.27124	1.44117	1.61119	1.78209	0.891259	1.10539	0.781669	2.34397	3.21984	2.59693	3.83989	3.59899	5.22967	6.66956	9.34413	10.6537	8.84243	7.92909	5.68866	3.46537	5.9449	6.95768	7.54532	4.36153	1.89015	4.40326	3.95687	4.02894	3.31287	1.409	0.941231	1.2358	1.10539	1.61119	2.3309	2.27129	7.33436	9.94184	5.60026	4.1951	5.57869	6.10487	5.30137	5.41126	4.91045	5.36907	9.33919	9.84091	8.02942	10.4081	9.9477	6.32961	5.62971	5.85282	7.855	6.82269	5.9449	5.96269	6.09746	6.33681	5.16253	5.30116	4.82329	7.33436	8.98965	7.74802	6.2	6.41929	8.7228	11.3033	13.134	13.819	16.568	16.5853	15.1263	14.1625	11.6536	10.424	10.6019	11.6835	11.8784	12.2518	12.4724	10.3581	8.99514	10.0874	10.5357	9.94837	10.2144	8.88268	7.69242	6.66951	6.71639	6.66247	9.57899	10.0431	6.03522	5.75153	10.4641	10.4419	8.33128	8.92566	9.3144	10.0757	9.74992	9.55184	11.3492	16.8807	18.9081	7.62239	12.6464	15.7152	9.81721	6.21483	5.17446	5.36924	4.16247	4.14781	4.37551	5.57861	5.51056	6.38401	6.89908	4.64412	4.84823	7.41135	7.23584	4.67987	4.60812	4.71208	8.95009	9.19113	5.17704	4.44749	6.66023	7.42553	5.40279	5.41394	5.9449	7.35284	8.95031	8.20544	5.41394	5.92448	7.42546	7.3037	8.24677	6.76971	9.24732	10.5479	8.25259	12.0929	12.2735	6.72313	6.07502	8.56984	12.0177	17.5604	14.6678	7.49174	7.52365	10.9451	11.3031	11.7404	12.2589	11.3187	10.9812	10.6678	11.7034	12.1895	10.8412	10.2169	13.1432	13.5633	12.0337	13.8188	12.6929	9.3616	8.91705	13.7619	12.7218	8.30651	3.14822	7.65364	16.9226	21.7738	23.8319	20.6863	10.5978	9.33919	8.73444	9.91842	11.5072	15.0148	11.4654	6.01529	4.7441	10.7921	6.12464	9.67873	10.5646	13.3867	15.3619	18.7112	17.1565	14.8006	21.9359	22.847	13.0583	8.99141	15.579	21.6413	19.7688	28.9526	27.1472	9.70872	19.3303	17.2827	13.6181	17.5377	17.2139	21.5789	20.6534	18.2446	18.0047	12.9851	20.0858	21.7923	20.0189	7.18219	12.2269	12.7266	18.7085	4.60485	37.2089	40.4196	27.6332	33.8761	41.9964	44.063	40.0588	15.8829	41.9068	46.1867	44.0062	30.1902
2.62577	2.81608	3.05467	2.48268	1.72095	1.65772	1.50325	3.04958	2.98911	2.18904	2.97383	2.27106	2.04498	1.95342	1.92192	1.95342	3.47835	5.08255	5.08257	5.06769	6.24084	6.64871	6.65997	5.06767	9.79829	12.2314	13.9809	20.8563	21.7304	17.0611	7.46295	5.54549	5.1766	1.58234	2.96869	1.23576	2.12536	3.09415	2.42669	2.20982	2.50098	2.27773	1.56297	1.92985	2.27102	2.37601	6.9998	10.4086	5.53736	3.01451	4.57808	4.92217	3.3218	4.0474	4.73745	5.40228	7.23732	7.76273	7.01899	10.9	10.2372	5.22311	5.51007	7.84676	9.92915	7.47493	6.27665	6.46074	6.01242	6.0944	5.27498	4.82285	4.27691	6.69337	8.47163	7.85433	7.99898	14.4911	17.6892	18.3931	19.3484	19.9289	20.3769	17.6215	14.0805	11.7206	10.1731	11.5828	12.3194	12.8917	12.0159	10.289	8.50866	6.64871	6.78487	8.00481	7.89444	7.6177	7.69364	8.23385	8.92494	8.76939	8.34487	8.05481	9.2113	9.36836	6.71572	6.56664	12.4545	12.118	8.0047	7.69344	7.47311	9.37962	10.2376	10.2434	12.9391	18.3934	11.0607	16.0181	18.8591	11.2169	8.22457	6.11661	5.12699	5.18265	3.82774	4.01728	3.93709	5.61846	5.36852	6.53224	7.01899	4.71168	4.74369	6.80444	7.07848	5.01952	5.1503	5.455	9.22722	9.52426	5.36852	4.74369	7.63296	7.86	4.25909	5.08237	6.12388	7.37848	9.2113	8.01769	5.83966	6.78694	8.21007	8.00464	8.9147	7.66238	7.66238	7.88475	7.16265	12.5554	12.5211	6.66878	6.22854	7.19792	9.19677	18.8701	18.4872	8.84132	7.64487	10.8089	10.3454	8.15219	10.5249	12.3615	11.3903	9.20838	10.1342	13.0064	12.9592	11.3085	15.3938	14.1877	11.8867	16.0005	16.6496	16.4676	12.7369	5.73008	9.53836	7.99544	10.4086	16.323	24.0546	31.4609	35.0577	33.1681	22.6551	9.00902	6.27673	9.17113	10.6718	18.088	20.8587	20.102	18.9399	11.4649	4.53485	4.10696	9.69593	12.5954	16.8522	19.637	15.8606	16.7819	22.7764	16.025	10.2259	11.8804	12.1831	13.753	20.5326	21.3347	6.64837	14.4992	12.8873	0.630188	12.9271	24.6001	23.5594	11.1582	4.70858	5.75905	9.77309	17.8883	15.7729	5.92409	14.6848	28.5678	26.8906	17.0933	9.37662	32.5635	28.95	6.17521	7.64487	28.0801	40.9293	42.4772	41.1279	20.2546	26.0771	36.453	26.9933	31.6167
2.27752	3.2193	3.92143	3.21924	2.48246	2.82126	1.4409	2.34988	2.8426	1.01899	2.64288	2.54305	2.1252	1.9919	2.66015	3.70238	5.8751	5.78993	4.44695	2.51901	2.2775	2.50079	2.61979	2.42659	12.5542	19.5721	27.3889	33.265	32.6238	32.3477	16.122	8.54238	5.91325	2.66015	1.2721	1.61084	2.23692	1.65751	1.61089	2.35004	3.21924	2.98887	3.10872	4.76259	5.22287	4.40242	5.5667	8.94842	6.307	3.37137	4.0731	4.29059	2.96833	3.37137	4.48405	5.2544	6.58661	7.04177	6.84549	9.83757	9.55259	4.95531	4.68542	7.73886	11.1102	8.84037	7.09675	7.04177	5.92353	6.3263	5.67154	4.88479	4.02818	6.38281	8.7749	9.86449	11.9567	23.3677	24.329	21.6245	19.0512	16.4131	14.7533	11.5105	8.55828	7.8006	8.70924	9.86323	8.27418	6.08138	2.2775	1.57253	3.81145	3.44294	3.9018	6.133	3.90196	4.25893	5.50981	8.37621	10.7543	10.0754	8.91587	9.6572	9.64801	6.83905	5.93094	7.00973	14.0965	14.0405	8.33683	8.16038	7.1306	9.45053	11.2145	12.0543	14.3735	8.41644	11.431	23.7057	18.1196	8.03372	7.47241	5.75851	4.37132	4.29083	3.12335	4.21575	3.87446	5.57746	5.93094	6.53157	6.68369	4.69512	4.52434	6.51548	6.92594	4.82229	5.05497	5.30004	9.5772	9.9988	5.61789	5.22259	7.9515	7.99442	5.14683	5.84144	6.15262	8.72759	10.3557	7.31889	4.82252	6.27614	7.87638	8.25077	9.82131	9.69501	12.1492	13.4099	11.1147	15.0198	16.2449	10.7543	8.99011	9.1833	9.4537	17.1635	18.1642	11.3937	8.54226	10.8173	10.4414	7.23066	8.30484	8.92414	10.3717	10.7827	9.58541	9.58538	11.7627	14.5742	18.594	15.8237	11.0385	13.9034	10.0106	5.4269	3.51285	3.01423	5.5667	9.68416	17.4227	23.7275	26.7228	26.7228	16.81	20.2657	21.3682	15.0648	12.2309	9.37875	8.8555	23.4442	30.6843	23.5134	19.1021	12.8407	4.6954	5.57774	7.99465	9.15567	14.7591	16.5767	10.7102	15.8466	23.1919	14.2112	8.77364	10.8118	7.89891	4.92191	5.09072	11.6554	16.9069	17.2084	9.8337	12.2898	15.4498	18.4225	8.98973	19.4808	23.3438	18.0847	5.14712	11.3493	11.8666	14.188	25.098	32.8944	5.23155	32.5253	39.0726	26.0984	18.3917	36.4248	43.5802	48.0414	52.4841	44.307	35.6202	28.3195	17.4319	10.8144	8.01682	51.0843
1.44076	2.16057	2.45128	2.98342	1.49277	2.27728	2.42623	1.56261	3.44243	1.72939	1.40862	2.12496	1.88143	0.941002	1.72948	2.82098	4.909	3.38915	2.125	2.84235	1.92946	1.99165	0.741351	2.27059	15.245	24.4933	28.0736	24.9577	22.6683	35.3668	20.0843	9.76637	5.53358	2.12496	0.873694	1.50289	1.33061	1.40861	1.10511	1.10511	2.34319	1.88143	2.79925	4.37427	4.47024	3.3892	2.92679	7.14652	6.99418	5.42621	3.35751	3.05395	2.7164	3.7018	4.9853	4.912	5.99607	6.30888	6.07335	9.04619	9.01348	5.12578	5.26816	7.19657	10.9949	9.67566	7.38914	7.54308	5.29961	4.74285	3.84274	3.31659	2.8424	5.74995	9.11933	11.4295	13.2032	25.8434	21.7397	10.2715	8.80821	6.77477	6.11546	5.41241	4.21908	5.1288	6.38464	5.729	4.8842	3.59781	3.46459	4.33259	4.54752	4.37427	5.8538	7.50341	3.59778	1.17214	2.27063	5.40407	6.58616	5.44314	4.60375	5.87441	5.91272	3.18567	3.73447	7.19657	15.4482	15.9059	7.92084	7.09201	5.22801	8.69109	12.1702	9.70621	9.86379	5.42621	17.9076	18.1446	12.7956	5.36757	5.24236	3.9015	2.46986	1.8815	2.37549	4.8469	3.97846	5.44287	6.06341	6.44077	6.44077	4.50044	4.57716	6.7656	7.00914	5.18146	5.60933	5.8538	10.3094	10.0739	5.68674	5.60936	8.01048	8.07704	5.56621	5.29961	5.99103	10.7297	10.2168	5.25392	3.66479	4.79676	6.41976	7.16742	9.20788	9.36661	11.8976	9.69865	5.99132	13.4462	15.1281	6.00385	5.78935	7.35078	8.08447	13.7859	14.8794	13.2858	11.6995	11.7094	9.48539	5.59868	5.57705	5.03063	6.09573	6.54051	5.1466	6.08083	8.10471	8.80807	13.1646	11.1512	4.99462	8.96746	9.47299	5.58525	1.74703	1.72056	5.55804	10.4067	19.5221	26.6456	24.1046	14.1621	4.19393	14.9691	11.4435	7.71543	7.15312	4.63324	7.15284	28.0905	35.4668	14.5955	12.3587	11.5303	3.1084	6.6922	5.22801	5.22788	13.6001	16.1306	13.4124	18.2672	24.2585	11.8161	0.630038	6.66748	7.52152	5.57713	5.45677	10.2072	11.2641	9.61506	9.87567	19.0995	17.5757	11.5303	9.0791	15.002	14.8647	21.8984	4.44634	15.5579	9.39191	11.2461	32.1653	36.8521	26.5023	39.6555	18.9864	21.5183	33.7106	23.3036	33.06	46.1547	48.5729	38.9629	28.6927	20.7225	11.8502	13.7984	0.873694	56.6084
1.06274	1.78141	1.92137	1.99143	2.62503	3.33458	4.02736	1.40849	2.59577	2.50018	0.390726	1.88931	1.82364	1.36452	2.37535	3.76665	3.84237	0.873611	2.13187	3.33444	1.65726	3.49475	3.14699	2.79901	16.4515	28.4444	28.3116	18.2939	18.9276	35.146	23.0633	11.3138	5.44231	1.95279	1.23537	1.79837	1.11867	0.720404	0.940919	1.10501	2.44482	2.87944	3.16136	3.59745	2.1603	1.74682	1.92137	5.95515	6.4027	6.23153	4.2221	3.05364	2.5958	3.77452	4.80881	5.31042	7.09329	6.30824	5.37822	8.39885	8.10374	5.02705	5.50842	6.75383	11.0491	9.944	7.97987	8.53369	5.68616	4.60311	3.14686	2.50021	2.29703	5.8532	10.1712	11.6613	13.6527	26.5273	21.3102	2.90578	3.00361	1.61061	3.9857	5.36705	3.55939	2.82059	4.83394	5.29916	5.05716	4.24739	4.06877	3.97832	3.75861	5.12531	6.53956	8.09643	4.93298	0.390704	1.72039	5.70466	5.40904	4.11695	4.64266	5.74693	7.56814	6.00333	5.17251	5.85323	15.086	16.5086	9.01256	7.51853	5.47007	8.62362	12.362	10.7368	10.236	14.9676	22.3696	13.3602	9.67475	4.74237	4.8558	3.7301	2.50028	1.61061	3.05364	4.82138	3.87372	5.46995	5.85061	6.68244	6.7649	4.57669	5.22735	7.37424	7.39246	5.85323	6.15146	6.07274	10.8218	10.5215	5.78861	5.62758	8.24372	8.1586	5.40343	5.29056	6.17343	11.7562	11.274	6.80272	6.62423	6.12233	5.67033	6.41911	8.70549	9.7292	12.5518	7.69304	1.72047	12.2536	14.4345	3.20428	3.09326	5.53576	6.51426	11.6983	12.5506	12.333	13.2964	15.5565	11.935	5.61695	5.58468	5.44521	6.71386	5.47019	6.71421	7.70886	8.37423	7.70861	10.4603	9.29465	3.84252	5.77043	6.71377	4.68453	2.7329	2.59595	5.70475	9.75934	20.1323	26.2242	25.0956	14.097	9.52798	11.7156	6.95721	7.1963	8.04153	5.19873	8.80706	28.7637	33.384	11.1868	13.2538	7.54231	3.63126	7.73759	7.09151	7.32589	12.3482	16.1265	12.5781	14.1844	23.9077	16.8397	9.55914	7.67391	6.35119	9.61835	13.202	10.1023	9.1545	6.06319	10.8701	20.0417	17.3272	6.47523	13.1582	3.50778	17.7436	21.293	5.42046	18.3295	14.2637	10.2106	34.5596	33.699	35.4569	35.1898	15.2297	28.4664	34.8433	33.3302	27.609	22.7811	28.1302	28.4991	30.3858	29.0934	24.0171	33.4599	29.335	49.4612
2.42577	0.720356	0	1.33041	4.04582	5.4199	9.29422	9.428	6.3341	1.61045	1.36431	1.75535	1.95268	2.18821	4.73566	6.83288	5.95493	3.92026	3.31132	2.45081	4.21835	5.83746	5.76744	5.46975	14.4333	27.9043	26.0728	20.9269	24.9482	32.4174	22.3707	11.567	4.7419	1.50261	1.06264	2.04413	1.61039	0.87355	1.23529	2.0442	3.2089	4.88351	5.29883	4.65189	2.82044	2.42588	3.31142	5.45574	5.02662	5.44184	5.55426	4.30701	3.16107	3.76619	3.90072	5.85011	8.98719	6.39751	4.30704	7.13262	7.05887	5.08042	5.55699	6.71319	11.355	9.92545	9.30647	10.0312	6.43728	5.27299	4.02708	3.70122	3.76628	7.66723	11.4603	10.2848	13.5141	24.7738	19.8423	6.49551	3.0033	1.01865	6.66623	7.13488	4.54666	2.18821	2.16016	5.84	6.87878	6.84389	5.68593	4.93586	4.73566	6.15092	6.23823	8.23038	7.00782	3.35697	4.46939	7.93446	8.33449	7.84415	9.01224	9.21938	11.4112	10.8857	10.6806	7.94969	12.332	14.5377	9.99611	9.55771	7.14518	6.19714	8.6963	12.6632	13.5071	22.0512	26.8952	13.5458	9.87383	6.35057	6.27441	5.29876	3.77437	2.73277	4.21458	4.78635	3.66817	5.79583	5.95463	6.90239	7.2593	5.05358	5.71207	8.09022	8.1579	6.21898	6.21898	6.11172	11.6714	11.5608	6.6189	6.95656	9.44792	9.4089	7.30053	7.47831	7.47231	12.3611	16.3913	15.2655	16.757	15.6664	10.6259	6.18035	6.5137	7.86087	11.8954	9.53937	4.35949	11.3396	12.9538	6.18015	4.40093	5.69362	6.23826	11.0127	11.6268	8.74545	9.6861	18.0617	17.5496	7.00787	7.12861	7.9346	9.20643	10.0388	11.3402	12.3616	11.0566	9.55952	10.5691	10.7034	8.54027	9.15358	8.2487	7.50223	7.16634	8.83837	10.8361	9.57644	18.7393	23.2259	28.7086	23.7808	16.8383	16.368	10.5308	16.3016	17.3622	11.2361	7.56745	23.9032	26.544	19.1724	12.8772	2.72707	9.01054	11.0486	11.9886	14.0133	15.1074	18.8846	17.9129	14.1322	11.9533	14.6949	11.6085	9.45095	5.30716	13.0578	16.461	11.1491	14.4939	13.8828	20.2653	17.0134	10.7401	18.1823	12.8749	11.2434	15.7762	13.2309	12.0556	23.6116	21.8788	12.5604	36.9657	23.7482	41.2301	31.2537	18.7349	27.7325	30.4143	36.0634	28.1383	21.8882	34.4405	32.592	25.9351	29.8676	38.8092	45.0323	52.3061	25.2841
4.08267	3.59691	5.02642	4.0568	3.14626	4.90754	7.61222	10.0731	9.21999	4.75744	2.04393	1.27167	1.7552	1.58161	5.62652	6.83648	4.74173	5.06515	4.41431	3.59698	5.78772	6.60028	7.23425	7.25081	6.32604	21.2542	31.0395	35.2767	35.6583	32.2821	19.5028	8.9733	2.81464	1.22273	1.49236	2.29665	2.62453	1.33029	0.94074	2.27663	2.87889	3.46364	4.2892	4.6936	4.88309	5.2984	7.10078	8.8325	6.07193	3.76582	6.15758	6.03432	4.37298	4.89224	4.56277	5.40241	8.83707	5.79782	3.14623	6.77249	7.54089	6.17227	6.28804	7.58238	12.7551	12.0839	12.1161	11.6988	7.48752	5.74848	4.48249	4.8207	6.62293	11.2117	13.7588	11.2156	12.2433	18.6407	16.9449	11.7656	8.56549	6.66557	8.26373	4.84238	1.39734	2.8147	2.34251	2.1244	3.66791	3.55862	1.17181	0.55243	4.93205	7.30577	7.42138	9.30881	9.79368	7.56688	7.92463	9.37526	8.33371	6.52021	6.61168	7.15116	10.418	9.4768	10.0527	10.768	10.8859	11.4856	7.74366	9.28191	10.9072	10.6795	10.5533	15.354	24.0644	29.4363	23.559	11.0647	8.58265	6.33346	5.982	4.99014	3.46364	3.16081	4.98994	5.0799	3.35653	6.1965	6.51992	7.01563	7.51712	5.74828	6.03432	8.56674	8.60813	5.91858	5.68509	5.68509	12.2197	12.1301	6.75269	7.3304	9.57382	9.90542	8.1628	8.20095	8.05105	12.035	19.1732	17.5858	18.5906	19.4612	16.9135	9.86137	5.50767	5.45239	8.71066	8.80524	7.49327	11.6801	11.6169	6.71251	5.17994	6.1965	6.2376	10.1304	10.6298	6.90168	6.51303	17.342	20.5027	10.3106	7.84495	7.48752	8.8457	9.35632	8.07503	8.44702	9.67347	8.53953	9.50603	10.8629	7.67247	10.0073	13.422	13.5866	12.2357	12.4217	13.5949	14.1192	14.8783	17.9226	30.4494	27.516	9.53213	14.4281	9.20558	11.6671	15.3897	14.2061	7.54136	15.5429	16.7158	10.8633	10.0377	12.4118	11.1999	10.2387	9.36425	8.52538	11.0422	21.3891	27.1256	26.0111	21.2168	10.2044	10.8145	14.5296	14.3672	15.3681	16.6962	13.4751	11.1324	14.7671	24.5912	15.6314	22.9741	17.5314	16.8362	12.5758	10.0594	11.9006	20.4055	26.7414	10.9008	16.1236	30.5289	18.2538	38.0734	12.1447	19.8404	40.2972	34.1145	16.2369	47.7753	49.5191	39.8188	29.3984	27.0665	28.8029	46.9345	50.9392	61.3193	64.4161
3.55825	4.54563	2.73225	3.52827	1.23503	5.14436	5.22887	4.602	7.48263	4.31665	2.12413	1.48197	2.20856	2.26977	6.1521	6.13006	1.74625	4.08591	3.16049	6.05391	9.4883	10.814	11.0427	10.0371	6.54939	5.66894	16.5422	21.1695	21.2392	16.109	6.88827	2.98225	1.23503	2.10261	2.42542	2.37465	2.79819	2.43167	2.13138	3.6675	4.41395	3.4545	2.10982	3.18438	4.44472	5.84929	8.53857	8.34015	6.13045	5.53172	7.14392	6.76303	5.36548	5.226	3.80961	4.10449	7.71012	5.7109	4.14486	9.42103	11.7236	12.4376	14.6008	16.5404	19.5577	18.6998	16.331	13.583	9.58087	8.12382	8.85172	11.4295	13.3772	16.051	17.5446	14.9641	12.8723	12.5027	9.91162	6.27302	6.1008	10.3098	10.9683	5.95351	3.46305	3.6302	5.91814	2.54182	2.57737	3.35164	3.16044	5.4021	7.81967	9.78529	10.2102	10.3889	9.87033	7.50067	6.49885	7.67169	7.64051	6.32327	4.5756	4.27455	9.04276	8.53832	6.32578	8.46204	9.26226	7.3965	3.44107	6.26596	8.05009	7.3965	5.78716	9.90481	15.8261	17.9432	13.4626	8.99566	7.6348	6.07871	5.57507	4.41057	3.20826	3.52827	5.22008	5.37665	3.86087	6.75187	7.05742	7.85545	8.18892	6.00123	6.23696	8.74876	8.46674	5.79464	6.00123	6.07841	12.4922	12.4922	6.93996	6.98081	9.32365	9.84496	7.68903	7.81393	8.18379	10.967	19.0416	19.2802	14.483	12.6376	18.483	15.4163	8.89175	6.66512	8.70484	10.3281	10.3098	14.7459	13.5827	7.59561	5.7557	6.46386	6.47311	9.24901	9.30458	6.3703	6.00123	15.6043	20.1519	13.2894	10.2757	7.80232	8.6124	9.14006	7.81393	7.88037	8.7051	8.70525	10.4353	12.4959	9.30816	11.7176	13.3219	13.4154	13.1375	13.2247	14.1782	15.7678	12.9586	9.59726	26.7021	26.9878	18.2375	11.261	10.1798	8.75893	10.3281	12.3126	14.6212	12.0629	10.0802	7.4766	9.09309	14.3682	13.6458	6.7096	5.92069	6.11048	14.013	30.1142	35.4139	26.6223	24.7817	14.6296	11.0464	14.017	12.927	13.4411	22.0856	23.3505	14.0489	17.7748	18.2146	11.1095	5.07957	15.1882	20.6945	7.33162	7.13347	12.5661	25.7248	20.2899	9.4494	19.9537	32.4847	34.3954	36.4731	22.075	27.1081	44.3928	29.0775	51.0016	48.5986	43.7513	38.8428	30.0461	37.582	46.7847	55.5318	59.8133	60.0338	69.5447
3.01248	2.32905	0.873294	2.03606	0.873294	2.48088	3.04763	5.85123	4.71828	1.32997	2.46867	1.74618	2.59492	4.28833	5.09978	3.73267	2.10235	1.92855	4.70876	7.53972	9.85914	8.33933	6.53507	6.04094	10.4355	9.50407	3.35599	5.30869	5.02833	2.98198	0.940515	1.23489	1.11831	1.40797	1.79777	2.29619	2.4501	2.26954	2.37444	3.87232	3.55793	2.72641	4.35838	5.19661	4.53524	4.41353	7.48606	5.57452	4.75982	5.46537	6.28454	4.24205	4.56172	4.31628	2.04354	3.97659	7.37959	6.71575	6.51881	13.9232	19.8268	21.5499	22.1758	21.8481	20.7139	16.3295	11.6586	9.4485	7.8019	9.14605	11.9864	15.1619	17.2366	18.7581	17.4262	12.9858	12.1105	13.7163	11.7865	7.32303	3.69607	6.22918	10.2349	9.89471	8.45553	4.19901	7.25745	7.03802	6.14938	6.99751	10.6459	13.5286	14.5967	15.3003	13.7923	10.3501	7.13281	5.37618	5.30561	7.02935	7.8113	6.11995	4.11532	3.01248	8.36919	7.98993	3.38745	5.59605	6.07069	1.6474	2.72641	5.17902	7.85478	3.76509	9.51994	15.5691	15.8115	13.1252	9.94067	8.22832	7.38998	6.56256	5.37921	2.84113	2.43134	3.14563	4.78495	4.992	4.0558	6.99084	7.23041	8.76994	8.42742	5.53366	6.6214	9.26892	8.85213	6.43768	7.07377	7.14318	11.9559	12.0815	6.94578	6.62137	9.36217	9.99324	7.25522	7.16409	7.93216	10.7654	17.2086	17.8365	13.6477	8.62718	12.6599	17.1145	10.6501	7.51409	8.34097	11.5526	11.8873	14.1784	10.5798	3.50638	4.27405	5.78638	6.22438	9.12633	9.2355	6.81754	6.66429	13.7405	16.7483	12.1469	12.3982	11.7128	13.4495	12.7672	7.91515	7.16409	8.51156	8.15587	9.90374	11.3123	9.01435	12.2704	13.0544	11.7376	13.4668	15.4041	16.1391	16.8942	15.3871	12.4378	16.7102	14.9446	11.412	5.7864	13.8337	8.45379	6.78242	9.67157	11.455	9.54466	10.2021	11.544	11.2405	10.9673	11.7309	10.4285	7.14311	7.98452	16.5655	35.1893	32.4837	11.0993	20.51	13.6253	14.4424	14.9672	20.1577	28.486	30.8043	25.8409	21.7015	26.531	17.6457	9.2991	4.8602	13.6249	14.8238	9.86361	9.17829	15.3337	22.0453	22.1654	29.084	38.9875	43.9021	37.1532	15.059	18.4843	23.5929	37.2329	20.8611	37.311	11.5637	44.5553	40.1477	15.7802	22.2291	49.6965	54.2173	42.9665	9.31691	64.5711
4.08166	2.51732	1.60976	0.94042	1.04779	1.7805	1.43993	2.96642	2.81399	2.4808	1.88042	1.56179	2.66975	3.52768	3.15989	1.40781	0.552291	1.92835	1.92837	3.82458	6.76393	4.92775	4.46769	2.81388	8.51052	12.5857	4.85347	1.75469	1.60981	1.92837	1.71964	1.95196	1.7285	1.71964	1.97524	2.66975	2.62376	1.78055	1.3299	2.13084	2.37411	3.62928	6.54816	7.85827	6.41644	6.0403	8.53852	7.25892	7.41959	5.06387	2.98682	1.5617	3.24512	4.84097	3.05217	4.31584	7.43317	7.38893	6.23582	15.4539	21.6164	15.7329	12.3786	11.0509	10.5348	7.98939	5.74417	5.66761	7.13213	10.4334	11.833	12.0498	11.3803	11.5479	10.7144	8.78465	9.69485	13.3787	14.4412	14.9057	14.1946	9.90453	3.31467	7.79521	12.9226	9.35334	5.44006	9.21754	10.7472	12.6136	15.8891	18.0233	19.4699	19.1724	14.2341	7.73425	4.6142	7.32828	8.32599	9.03306	7.12588	4.19149	3.08701	2.90438	6.43702	6.99444	4.90611	6.76167	1.23477	5.50577	2.96651	6.47204	9.76113	13.1836	17.8985	17.027	13.5911	10.6492	8.66265	7.25892	6.30555	5.08765	3.20293	2.34182	2.86202	2.86202	4.07028	4.60086	4.01407	6.71056	7.13193	9.04098	8.39485	4.84407	6.05988	9.14314	9.41138	7.45926	8.15472	8.34171	12.6751	11.8569	6.49276	6.6207	9.31709	10.6363	8.62632	10.9186	14.5875	14.9305	14.1265	13.6059	13.6887	14.9206	6.88713	16.4311	12.44	8.59416	7.29168	9.59699	9.07516	10.3657	10.6488	5.5331	4.90914	5.72568	5.69139	9.22018	10.4553	8.5765	8.84315	12.7112	12.5356	7.64661	8.38078	9.36132	14.564	14.7761	9.99224	9.18975	9.52325	9.03316	8.87835	7.67015	7.23178	11.7813	12.9248	11.2537	13.1835	15.4753	17.397	18.1969	15.7336	14.3714	15.6313	14.1597	13.9698	17.3347	14.0349	7.32828	7.7726	10.9137	10.2658	11.6936	13.8126	14.3173	13.0698	14.5502	12.9087	8.21833	11.9343	12.6358	15.3121	32.5468	30.8323	7.6159	11.7298	12.6995	16.2527	18.0963	28.7621	36.543	35.9483	30.8585	28.2783	34.6851	24.2902	9.54194	12.7083	14.5269	15.0167	13.4307	12.798	10.7647	20.8242	27.7632	22.377	9.59753	12.1633	12.6278	21.0973	26.8464	27.7076	17.3373	4.49782	29.3098	38.3418	47.0915	48.3731	27.6627	45.9748	52.8305	40.6037	7.22597	29.8189	66.2267
3.42698	3.38688	3.1451	1.88023	1.82265	1.22226	0.873128	2.61776	4.08499	4.08499	3.45349	3.59132	3.53167	2.64085	2.79195	3.00186	3.00186	1.78038	0.493917	2.29572	5.29622	7.41884	8.22322	8.53614	7.29499	10.8359	4.4535	2.15912	2.27582	2.81909	2.66383	2.51706	2.48054	2.88833	3.10632	3.74431	4.93041	5.6139	4.01391	2.03576	1.92817	5.46686	5.5516	2.10913	0.629614	2.72576	6.75002	5.17799	3.77256	7.85371	8.83421	6.88208	5.53283	5.22452	4.2162	5.61905	8.53589	8.40302	6.6202	14.4934	20.1825	15.3522	11.1059	9.18898	8.94182	6.97045	7.29097	10.31	14.8243	16.1616	14.6551	12.991	9.47316	7.37219	6.98953	5.60558	5.83703	10.7741	9.89715	4.40929	5.40894	7.60921	7.8423	6.16526	11.0967	12.398	7.53816	11.4112	13.5481	11.7844	11.3741	10.6478	7.74083	6.09903	4.95181	7.51269	11.5558	14.7092	12.5306	10.021	7.53834	6.56133	6.63852	5.06332	1.60959	6.331	9.69391	12.2215	13.9817	17.3209	16.6443	18.8216	22.2871	23.821	21.1829	16.7079	13.8359	11.7943	9.7378	7.19213	4.21992	2.10921	3.00171	3.48829	3.0519	3.27745	4.14371	4.60049	3.59116	6.15526	6.88172	8.82373	8.82373	5.57326	6.17719	8.56354	8.9037	6.84905	8.26063	9.68142	14.1767	11.9826	6.91868	8.41015	11.1659	12.4235	10.7296	13.6723	18.8294	21.0676	21.6376	19.9214	20.4486	21.3274	15.0933	19.3805	17.4038	12.7655	11.5621	10.8805	7.1231	7.47455	10.4989	8.45395	6.216	5.83449	5.95185	10.2101	12.0197	9.53019	8.66669	12.0258	11.6623	7.82693	7.96246	8.50115	14.7314	14.295	8.96153	10.1266	11.2832	8.39413	5.52988	8.32519	10.0777	14.1084	15.9649	16.644	20.25	25.084	32.9693	36.7829	35.432	32.6101	28.1918	18.6986	15.6256	16.553	11.7685	9.98739	9.00127	7.80049	9.80984	11.3413	13.2895	13.8367	13.3182	16.7296	17.4109	17.4665	17.963	18.3959	17.1391	23.0033	25.2553	8.6923	7.64044	20.6178	26.2901	26.4606	23.5687	26.2391	24.0767	8.9422	25.7789	40.3448	38.0251	29.3236	25.6601	12.0454	6.71005	10.0616	4.11454	1.04769	16.6512	37.0664	50.5661	51.4806	51.1966	50.1733	43.0372	41.9258	45.3166	45.9027	49.1579	45.0865	34.1172	33.2685	42.6097	7.32747	52.7769	57.2923	47.8684	54.5274	50.8779	64.9957
1.25895	2.04294	2.92454	1.71932	1.71932	1.118	1.22214	1.40755	1.79727	2.61754	2.86167	2.81884	2.34151	1.88007	2.87741	2.12337	2.20772	1.7457	1.48141	1.10427	0.78089	2.84035	4.79327	7.02749	5.94645	7.30229	3.08622	1.23453	1.118	1.88007	1.95156	1.32965	1.3636	2.10175	2.10902	2.61754	3.87138	4.91769	4.54396	2.18696	2.27556	3.73158	4.04348	4.69131	3.75609	3.80817	7.05492	8.2814	5.32954	5.91844	7.25558	7.14774	4.98178	4.14346	4.53393	6.24432	8.30996	8.29745	6.43356	12.214	15.8803	14.2621	13.8206	11.8801	10.2219	6.4126	6.95901	11.8306	14.7634	12.2519	9.69305	9.4038	7.37786	5.49677	4.75507	4.90821	7.23865	10.6521	9.1237	3.91803	3.35511	0.552163	3.76412	6.10845	8.86808	9.69861	13.3885	10.0374	8.21714	5.91608	4.35696	6.11804	9.35189	8.38642	3.77199	6.68724	11.6194	10.5978	6.76302	5.66938	5.27004	5.45279	5.4224	6.37975	3.05159	3.3506	6.55386	9.8209	13.5886	15.9734	14.7866	15.4234	16.0285	14.8833	12.1441	9.5912	8.36909	7.51404	6.15505	4.53072	2.81335	1.74558	3.82386	3.83968	3.0014	3.77199	4.67497	4.79307	3.01157	5.74552	6.92003	7.97457	8.74041	6.36791	6.33011	9.30427	10.3086	8.40929	8.94759	8.67937	13.3376	13.3376	8.47233	8.50034	11.3944	12.1824	8.40929	11.7766	20.6546	20.5032	16.8375	15.9898	18.2196	19.0862	11.8091	15.5229	14.6009	9.14354	8.90831	9.60794	7.43227	7.65513	10.5768	7.94474	5.22385	5.60501	6.14978	10.6849	11.3791	7.74959	7.14104	12.2198	11.9345	7.14124	7.90176	7.66282	13.9555	13.8338	6.95021	7.65493	11.4803	10.1127	9.06539	11.3778	9.38482	13.3091	16.4578	18.3007	19.3692	23.8457	32.2492	31.8813	31.3685	27.7821	22.9784	14.438	10.7405	11.1166	7.68627	5.99179	3.01164	4.44286	5.09842	5.37491	8.55596	9.70947	9.69889	13.9112	13.0682	12.4436	12.9899	14.0681	13.5994	14.0909	17.464	15.589	15.9271	20.1115	22.1432	20.2353	11.5611	12.9003	26.039	29.8521	40.9746	40.6412	38.0563	28.3757	27.9304	23.954	4.92999	10.4255	4.78386	5.95147	15.1689	40.8329	49.7447	46.4182	40.1637	37.1275	35.6326	47.9433	50.9498	51.4394	47.2791	34.6448	18.5826	14.6006	33.8654	36.0686	45.0057	58.4353	51.556	57.2419	50.9066	55.1147
1.95137	2.10153	2.81845	1.04749	1.04749	1.2589	1.10416	0.940158	1.32946	0.872963	1.36346	1.98999	1.50167	1.32951	1.95131	1.36339	0.523791	1.06195	0.629525	0.493849	1.43948	1.43952	1.39654	2.34118	2.81312	4.21176	1.85535	1.23444	1.01801	0.890217	1.27089	1.17113	1.11788	1.60931	1.40739	1.40743	2.10155	2.49836	4.81791	5.31518	3.57796	2.27532	1.65593	2.57617	1.95131	1.71908	5.32908	7.49701	6.68865	7.45727	4.37041	3.89827	4.83985	3.27696	3.87086	6.55297	10.4358	10.5526	7.51511	10.5758	13.7468	13.6851	14.9613	13.1026	10.6731	7.14673	7.7028	11.644	10.8621	5.95066	5.46308	6.32957	2.84001	2.87722	3.33198	1.85535	6.87399	11.7083	10.1118	3.4746	3.80769	3.69874	3.20674	6.09052	6.62579	6.22204	14.0026	11.1844	0.890235	1.65598	2.44917	3.15895	6.23407	8.15247	6.98821	9.67513	10.1408	5.30381	2.49838	2.79685	3.72726	6.49103	6.52577	10.7046	9.00605	4.69068	3.91766	6.76901	9.20034	8.02603	3.8078	2.73094	2.6576	2.81855	2.97077	3.20674	2.97077	2.37354	1.87988	3.3091	3.82355	2.49828	3.97504	4.08401	3.20658	3.69862	5.17119	4.70674	2.10873	5.32908	6.76867	7.49701	8.35009	6.41193	6.28199	9.90118	10.8888	7.84617	7.51092	7.0351	12.5596	14.3861	9.78059	8.2231	11.4085	11.6526	7.19671	11.3374	21.8528	24.6264	14.8214	13.0499	14.031	12.458	2.20743	10.8138	11.4201	10.1122	7.36906	5.70055	5.17728	6.64165	9.16165	7.86136	5.836	6.05084	6.30109	10.3049	10.6239	7.14043	7.05417	13.2608	12.6874	5.84879	6.47011	6.08544	12.1694	12.6096	6.61891	6.53464	10.2609	9.35868	10.1637	13.4192	9.94997	14.2973	16.7456	15.6089	15.8235	24.2739	29.4876	8.27166	14.0867	2.27528	14.8221	20.058	12.1553	13.3536	8.49969	6.98855	7.48944	7.4953	6.27022	6.92403	9.69048	8.89392	7.79305	11.8936	12.9487	7.32623	5.57242	7.49701	16.0261	13.9635	15.3593	21.0266	20.5669	21.6656	12.1378	4.47979	16.0438	22.7946	30.4651	33.6325	29.2805	22.6961	30.3216	8.87887	9.4714	27.5305	27.5612	32.7776	33.3653	35.3609	37.5021	35.0998	10.6731	19.4283	20.7098	22.6776	34.1639	46.9435	35.9546	23.8393	26.704	45.8069	5.17119	18.2712	20.6908	48.4707	18.0318	54.5163	23.845	37.4628	25.4433	41.1934
3.69434	3.35441	3.66542	2.54038	2.04265	1.98984	2.10141	1.95122	2.10135	2.10862	3.20172	3.53072	3.08585	2.86112	1.74537	0.780699	0.62943	0.89013	0.523741	0.552081	1.3294	1.79693	1.01792	1.01792	2.62277	2.10851	1.06183	1.17102	0.940108	1.04739	1.50154	2.10141	2.13017	1.98981	2.27513	2.9241	3.4349	3.9443	5.90483	7.27268	6.53204	3.95198	2.75836	2.79658	1.92762	2.15844	5.16775	6.03774	4.2861	5.78371	9.61022	6.31958	9.14033	10.0315	8.9809	11.2354	16.9854	15.9223	14.4196	13.5548	12.7313	14.154	15.2492	13.0055	11.326	8.7591	10.0179	12.2178	5.72352	4.18623	8.60246	8.46372	1.27077	2.98055	5.39893	5.55036	4.81747	7.60862	10.0528	7.43039	8.49875	10.2704	13.3711	13.6018	8.63216	2.87696	9.25033	13.7375	7.29293	2.81276	6.79684	9.45049	8.65942	6.9167	6.57051	12.5071	11.7071	6.16851	4.63868	3.76341	5.22591	8.36712	6.39291	10.6726	15.03	13.7366	6.5432	4.55965	9.01015	8.49728	5.41582	3.70668	3.82337	4.28633	4.21876	4.06902	3.70668	3.35447	2.9241	3.7633	4.14251	3.0906	4.14251	4.92875	4.06874	3.10525	5.66535	5.5037	2.98569	5.46256	6.32182	7.40225	8.09685	6.39254	6.27179	9.54273	10.0221	7.12925	7.70773	7.36796	13.2295	14.958	9.90609	9.37812	12.9001	12.3053	8.99031	12.0784	17.6383	25.0019	19.5865	14.2177	16.283	12.4963	7.53638	11.5701	17.0171	19.9624	15.2455	8.73936	8.38517	8.68334	7.98079	9.25033	7.29499	7.31135	7.12318	9.29471	9.88687	7.27016	6.88407	13.6878	13.1532	6.60691	6.61825	6.23347	10.4626	10.5084	6.9489	7.2455	10.3039	9.96945	10.5002	11.6391	8.22408	17.3527	19.0101	11.2388	12.0354	28.012	28.2256	23.6845	22.0502	12.2358	9.95915	16.3793	10.2617	14.0093	8.8747	8.00881	11.559	13.4091	12.7788	12.0169	11.2278	12.568	12.9205	14.0448	14.7644	10.5295	8.99893	7.38659	20.0671	20.0621	18.0587	18.1392	19.6316	20.6689	1.2343	14.1542	20.1168	22.9813	35.5864	43.0484	35.6472	30.0483	27.8504	3.67793	4.06874	18.9393	35.7471	39.46	37.8262	38.5826	33.0593	16.3124	13.9292	26.6656	40.5374	46.3109	47.2217	44.0032	28.3556	19.2689	36.9637	46.8646	41.6494	42.3638	28.8252	40.0694	8.3301	55.5347	24.5638	42.5078	34.6399	49.5839
4.73802	4.47905	4.61201	4.21112	3.73074	3.34962	3.45219	4.0124	3.62777	2.88724	2.70805	2.12995	2.4796	3.24377	3.53035	2.97021	1.88761	1.4912	1.56104	1.71882	1.98964	2.10841	1.92745	1.95096	1.82196	2.66282	2.81264	2.27495	2.04244	1.98964	2.51611	2.97021	3.46096	3.48715	2.98039	2.97014	2.70805	3.36766	4.52941	5.36216	7.30262	8.32229	7.73825	5.92454	3.97449	3.42568	5.78313	6.66053	4.90391	5.06133	9.27484	8.90038	2.0349	4.62839	8.75868	14.2902	17.2176	11.7162	9.99975	11.2345	11.3305	13.1263	13.5998	10.6711	11.8186	10.3059	11.5761	10.8601	2.4796	0.890048	8.2198	10.0273	7.79757	8.14187	9.89946	10.3951	13.273	13.4961	11.3305	10.5602	11.2791	8.77023	8.74507	9.318	9.44335	8.069	3.89753	10.2831	9.77877	6.49438	12.8638	13.1461	12.7742	8.95864	3.49141	11.9313	13.2243	5.52803	0.872797	3.87013	7.65299	6.81158	1.10392	1.97429	6.12618	15.2047	17.1898	16.3308	14.3106	6.91816	1.98954	1.65567	2.62252	2.44869	1.2342	0.493755	0.246869	1.2586	1.97419	4.60202	5.53057	4.75389	5.05237	5.73878	4.79174	2.373	5.53865	6.02727	3.10498	5.12042	5.60347	6.6402	7.18908	6.3023	6.93544	10.438	9.8266	6.12607	8.93841	10.8065	17.037	17.6705	12.211	11.1916	12.7468	11.0034	8.60684	10.1387	12.226	22.8564	27.2973	20.0827	16.2853	22.5701	25.3638	23.3965	18.4717	15.5633	13.683	12.0695	11.7495	11.2384	10.451	9.85215	8.15113	8.55369	9.03226	10.3611	10.1144	7.42184	6.55174	13.6402	13.4745	6.94831	6.70524	6.14566	10.2191	10.7255	9.27496	11.9927	15.5285	16.4852	22.2763	29.1606	31.766	25.8163	15.9403	10.8266	5.30541	22.6118	25.3597	22.6355	17.6809	19.3772	11.6622	5.29413	10.201	14.0334	12.4294	11.9112	10.5011	11.1022	14.0087	13.5035	10.955	14.8611	18.4715	21.5248	23.0778	20.4092	16.9876	17.2752	21.617	23.2568	18.9259	19.2364	15.8816	12.8893	22.8143	25.0985	23.4581	27.6822	31.2199	29.4943	29.6303	32.2031	26.0353	20.7708	16.8056	26.9227	26.5249	19.8573	13.6367	16.0418	17.2502	22.226	28.7491	27.0477	17.7591	25.589	29.1606	29.5583	31.716	36.1325	24.8243	26.1453	40.5259	39.9279	42.3783	29.712	23.7702	42.0464	54.1882	57.0419	57.9982	43.2144
3.48673	3.48673	3.48673	2.87641	2.61655	2.59322	2.34712	2.75784	2.47939	1.60892	1.06163	0.523642	1.40699	1.95082	2.37289	2.73018	2.18613	1.79659	1.79659	1.71867	1.5609	1.77954	2.09369	2.29462	1.36308	1.85493	2.42983	2.26805	2.20688	1.74504	1.8218	2.10822	2.47939	2.59322	1.85493	1.98937	1.65545	2.75772	3.6771	3.33117	4.44146	5.81396	6.05687	5.06097	3.43867	2.75784	5.78253	6.7756	4.36923	4.87874	5.84712	6.65079	5.23361	5.99677	8.50576	11.7553	11.7295	6.29927	5.57059	6.38199	6.49374	8.08251	11.5374	10.0625	13.2271	12.7377	12.0105	8.68122	2.49769	2.83927	2.12252	7.49322	7.66594	13.9745	14.0877	6.44061	7.36486	8.24101	7.85948	8.93771	8.9045	5.07555	8.01808	5.53808	4.98896	7.68353	7.25069	9.13975	13.558	8.53374	13.1886	11.0169	6.67592	7.15958	4.18181	6.38199	10.7246	8.36397	5.0964	6.22503	8.71693	4.61159	4.80378	4.06825	3.49106	5.22205	10.394	13.9115	19.6785	11.5562	3.6771	2.92354	3.36736	4.02325	2.66824	1.49107	0.780594	1.491	2.49756	6.38199	6.92184	5.61118	5.69896	5.0519	3.76258	1.23407	4.80378	6.05646	3.52983	5.32753	5.66428	6.02665	5.94893	5.21614	6.617	11.5561	10.494	5.88549	11.4495	15.1434	19.6778	17.3956	10.4094	9.06057	9.74181	8.82957	8.47612	8.89948	9.1203	17.8335	27.3487	26.2832	24.1234	23.2017	19.8604	18.7465	12.5938	13.271	5.76441	8.25725	8.60654	8.44865	8.25725	6.54222	7.36871	7.28737	7.15317	8.76939	8.4062	6.09616	6.07389	12.5777	12.7723	7.25237	7.15923	6.26824	10.6304	11.4646	9.51793	13.9505	15.9284	14.5179	24.8214	29.8245	28.6503	24.6027	10.4849	12.1589	0.872722	14.4365	13.2271	3.63992	0.698174	8.82999	14.975	7.13836	7.51301	12.9804	15.0998	11.5816	6.02706	6.37504	9.61015	8.3907	7.64283	13.2829	18.0131	16.0659	19.7965	17.693	13.7847	11.9199	15.9837	18.6351	20.5421	22.2006	14.3587	12.4498	18.6293	19.8783	24.267	31.2892	25.7149	14.1193	16.2388	16.5451	14.5875	19.6426	23.1269	28.9025	18.4281	10.0106	8.34801	14.7581	23.8637	29.8308	19.3469	3.91637	26.2679	39.3809	43.5032	34.5831	29.9282	33.839	37.3608	28.632	26.0781	21.9072	30.3901	24.2867	12.185	5.81357	37.4942	60.4113	56.9138	27.015
3.08974	2.66792	2.96446	2.83893	1.72733	1.01762	0.740469	1.32896	0.551921	1.11746	1.4069	1.17068	1.77933	1.95059	1.23399	1.57043	1.39601	1.10374	1.36294	1.7964	1.23399	1.23397	1.98924	2.96446	1.56074	0.939835	1.23397	1.60873	1.75352	1.32901	1.58009	1.40688	1.27045	1.36294	1.49092	1.58008	1.6553	2.9023	3.34881	1.06153	1.60873	2.27452	2.88669	3.69729	2.27446	1.58009	5.26167	6.1664	3.59333	4.11201	4.60116	5.55934	5.56755	6.91478	7.99322	11.5102	11.7186	6.40952	5.44724	6.81017	5.78197	5.6638	9.78445	10.1943	14.2951	14.5164	13.195	9.06123	2.59284	5.91325	8.46009	8.41273	9.35544	15.3888	14.6151	6.23175	7.39029	6.81037	5.98893	5.93591	4.35487	4.04163	8.83053	9.03515	2.4295	3.66447	6.45157	7.62811	14.7263	8.36481	12.7188	12.4454	5.46127	7.22097	6.53218	2.42322	7.00057	7.15871	8.46844	8.84552	7.12101	3.05031	6.61642	0.719599	3.97354	0.629287	2.75748	8.65666	20.0722	14.3723	5.29329	2.75758	1.98924	3.82623	7.85309	9.64766	8.84596	8.28507	6.88904	9.04185	10.7169	7.4547	3.10455	1.74477	2.53958	1.39601	4.57151	5.79236	3.48631	5.22143	5.88498	7.75176	6.75735	3.18167	5.54846	14.5164	16.3082	12.9147	11.0646	15.1064	20.9818	15.1723	6.39084	7.24977	9.89762	11.4701	11.0319	9.87403	10.2629	17.4125	27.0472	27.1526	26.1591	22.8609	0.88988	12.9836	16.665	17.3856	6.00644	5.45019	4.84116	5.29322	3.83809	3.10455	6.68614	6.60509	6.2197	8.06715	7.41437	5.57832	6.63908	11.8493	12.1756	7.37405	6.88871	6.56872	10.7762	11.4687	9.05956	13.4888	16.3423	15.3393	24.9372	23.8245	15.1771	12.9584	7.18773	11.4043	2.59295	11.6062	13.1238	4.4951	2.26782	8.3986	13.3381	11.0657	8.14944	11.475	14.0736	9.35539	8.14068	7.11917	10.8581	6.16666	7.36833	10.8328	14.9707	13.3667	16.3873	5.46105	7.17124	8.49131	12.5506	13.8237	16.9614	22.2765	10.2576	16.4338	14.1414	15.7622	18.4432	18.2461	23.1667	32.265	33.6557	20.4608	12.2333	10.9504	8.77887	20.0619	15.0946	14.2476	17.5423	15.4214	16.109	5.59183	15.9864	22.1791	31.1722	5.23603	23.76	18.8365	18.7303	5.90311	17.8711	21.4167	30.0787	51.6338	63.0882	64.4257	64.1297	65.7524	67.5574	64.726	45.4275	55.6285
4.71428	4.07857	4.51815	4.98498	4.05255	2.65636	1.85458	1.65521	1.64601	2.42312	2.72411	2.46663	2.66773	2.63911	1.97374	2.32713	2.1577	1.88709	2.27432	2.37244	2.27432	2.71294	3.5763	4.44053	3.21464	1.72719	1.5606	1.79625	2.32713	1.879	1.95045	2.20646	2.49721	2.47892	2.57508	2.34018	2.12217	2.92288	3.43342	2.26756	3.18143	4.79056	6.03588	7.41394	6.16123	3.33054	5.07463	6.45082	5.15422	6.45096	7.80472	7.64116	7.80664	8.0427	4.4064	9.43553	14.6641	8.13954	4.52793	5.67912	5.53704	4.87767	7.8368	9.43725	13.8631	15.8019	16.8961	13.8578	10.8732	15.771	19.7215	22.1976	21.4071	17.9007	13.1033	8.79631	8.72051	9.19607	8.99557	6.26986	1.27033	2.7072	8.70168	9.74	5.67915	2.62178	6.93378	7.15824	12.7062	9.19572	11.8384	11.8796	5.29274	9.36252	12.0659	6.60482	2.8171	5.56973	11.9641	11.1792	6.10736	6.98533	5.52921	3.36656	1.7792	2.96939	1.49079	5.4605	17.6806	14.9917	4.52815	2.10771	1.75333	2.34652	6.14643	8.71579	12.7574	12.1374	7.19361	9.40917	14.7298	9.03482	6.37615	1.06145	2.29424	2.8118	5.21516	5.93519	3.74165	4.92689	6.29805	14.0042	13.7317	10.5315	5.55904	15.0681	17.957	9.44025	7.11853	9.96574	23.3048	18.3277	11.0427	12.1548	16.4675	20.5261	19.0183	16.1863	15.7596	19.2637	25.6814	24.7857	21.616	24.5265	10.1071	12.7928	17.4951	20.358	11.9994	11.4077	10.8295	8.93477	7.24327	6.43261	7.46382	7.05095	6.95072	9.19423	9.06694	7.49374	8.33402	11.1248	10.7238	7.06775	7.31655	8.11955	12.1921	12.2308	9.36065	11.8019	20.8232	24.0408	20.2568	13.811	13.0872	6.17346	2.10056	8.41149	4.75557	7.75677	8.12308	6.60439	13.3689	13.3481	9.10773	11.1792	9.69329	9.73093	15.6862	14.6634	13.3821	12.052	10.2007	11.3871	17.2597	16.3642	9.18485	18.9952	20.3477	10.8241	11.4859	13.5562	17.5801	16.353	10.6997	11.9975	9.06083	2.7901	13.8633	21.9079	20.5512	34.1719	42.0705	40.2734	40.6548	38.2458	16.9159	10.5756	15.8537	17.26	10.7346	4.70465	7.08671	1.23386	11.8159	14.086	23.616	28.0733	28.5025	26.2544	40.2047	51.4255	50.8147	41.2375	37.7494	53.0465	66.5069	73.6618	76.2888	75.9927	75.0928	74.6947	75.3582	74.9622	66.2682	62.6481
10.5704	9.404	8.31918	8.2207	8.08065	6.45052	6.02531	6.02531	4.92365	3.72933	3.76971	4.55765	4.3957	3.04973	2.1004	2.49696	3.11858	2.99958	2.37219	2.42287	3.3302	3.83737	3.45088	4.21307	4.23812	3.24255	2.53917	1.27021	1.40661	2.03422	3.08924	3.36638	3.50748	3.45965	3.6264	3.72933	3.38436	3.6761	4.368	3.89601	4.7521	5.95253	6.5564	9.68529	12.8948	14.0587	17.2002	18.8759	14.414	10.4819	14.9164	16.7543	13.9029	9.44603	7.49318	11.5533	16.2389	9.27154	6.57682	6.6108	6.14587	5.26648	6.59255	7.29754	9.78263	11.4464	16.6683	19.5854	21.2199	25.2617	28.466	31.4606	30.3615	23.4506	11.8051	4.24158	6.54016	9.52148	6.70945	7.84214	11.1412	13.445	13.4869	12.7413	11.4682	11.4884	13.7932	14.1552	8.43036	8.38786	12.5254	13.6776	7.9546	8.18096	13.5036	12.9739	8.98153	2.98432	9.05805	14.9006	12.5259	9.17618	6.74528	7.4192	6.27877	6.7652	8.12461	7.03146	10.7337	13.5794	9.49554	6.77607	3.97294	3.15716	5.37391	4.88665	4.18062	1.27017	7.83454	14.2496	13.7015	6.38023	8.94167	0.939623	1.06134	1.36262	4.78044	5.91189	4.36794	6.15063	9.22215	18.8745	16.2819	14.6446	18.6904	19.8606	18.7032	14.6973	10.9628	11.3302	23.3731	22.3457	13.7303	14.5142	19.464	20.695	15.027	15.0565	17.6858	20.2706	22.1119	17.8946	16.1807	26.5963	18.5481	8.94201	8.57611	15.5254	13.2274	15.6188	14.9492	12.4264	10.157	8.50384	8.61253	8.74181	8.85579	10.2781	10.1625	8.50366	9.04025	11.7608	11.8982	10.0411	9.50935	7.70238	10.5299	11.2298	9.81851	12.7008	22.3728	22.6023	9.96799	12.8061	14.2349	9.22705	4.98729	7.49295	8.43022	13.373	19.3724	22.0297	20.9207	13.703	11.6838	14.5228	10.4065	8.43022	17.1799	16.6038	8.28342	14.6103	17.4055	18.2869	19.7502	20.8694	21.2189	20.2813	16.3386	4.18774	5.92214	12.5928	27.2392	29.0213	21.2278	5.39359	6.7052	10.2214	11.3708	11.1977	21.1945	16.5579	12.0647	31.4094	43.5676	37.6292	13.2667	19.4972	18.327	15.6188	16.7155	21.4802	28.1394	30.8224	42.8907	58.6493	64.3229	64.8405	65.98	67.7878	68.2595	67.2967	67.2605	68.8529	72.2192	74.1928	73.665	70.9374	64.7606	60.2635	59.7853	55.2942	64.0608	72.7482	69.1613	68.6823
8.92144	7.7346	6.3729	5.88365	6.97956	5.40153	5.02022	5.08286	4.14036	2.51494	2.83814	3.35257	3.1037	2.03404	1.40651	1.50069	2.12896	2.37196	1.50069	2.27384	2.49674	2.10022	1.6457	2.81122	3.13761	2.49674	3.00929	1.65482	0.551767	1.65489	2.98404	2.53894	2.49671	2.37199	2.51494	2.51494	2.34624	2.96361	3.97244	3.50273	4.21261	4.81461	4.53051	5.60112	8.82687	12.0498	18.0611	17.4656	13.8204	6.1723	17.4886	15.267	12.5249	6.41041	2.96883	8.828	13.9564	9.44474	6.99879	5.99475	5.56597	5.93422	6.85209	7.86378	10.7422	11.3288	16.2019	22.2926	26.3747	26.6897	21.2323	19.5349	18.2777	17.1356	11.492	2.26708	5.41816	12.5196	12.5104	5.99475	9.69201	11.9264	12.2992	13.5983	13.861	13.0676	12.2992	11.924	9.47157	4.36758	13.4557	17.2291	10.3167	4.46014	6.42886	7.82033	7.6804	7.60832	2.42266	9.67963	9.27084	6.11364	4.40557	5.57679	4.31206	4.60009	5.41831	5.40439	1.48018	9.68418	11.8717	9.51002	6.60355	5.81177	2.75682	2.8382	7.45265	7.2989	11.0301	14.2966	6.7046	9.29734	7.85042	1.98861	1.65489	1.40651	3.59228	4.97769	4.77995	8.95394	11.5706	17.7318	16.4044	8.82825	14.5937	21.1646	23.2095	18.4785	11.9155	10.3227	19.5286	21.8395	14.0457	11.7007	16.5679	14.7298	6.14528	8.51496	12.0766	15.3667	15.6695	10.2939	10.8215	21.1249	20.5355	11.7797	2.46616	8.99833	7.12362	10.3832	10.0578	8.36809	7.69797	5.78059	6.2661	7.29086	7.46839	8.89963	9.08305	7.78792	7.85062	11.9295	12.4604	9.63267	6.80847	3.2561	7.53168	12.1439	13.402	13.2992	18.3475	17.971	10.4462	10.1344	13.3717	15.1272	12.4452	8.19615	9.22617	18.3802	21.2165	16.8777	12.6966	8.58614	9.54727	11.2085	7.92416	9.0133	15.673	14.6614	10.1181	12.5382	15.3359	13.5901	14.5394	13.0512	14.8781	7.57342	8.86973	9.52709	12.3159	13.3449	33.8132	24.2944	27.1546	14.6434	7.39859	12.7461	10.2534	6.94499	3.58808	23.4727	40.5809	40.602	36.2769	21.3649	8.21065	19.3178	25.8592	23.761	12.7402	5.69681	16.2179	19.9009	48.5424	62.0995	63.7753	64.81	65.3488	63.8616	60.065	54.8432	56.511	61.9649	66.9194	65.8506	57.9666	34.2606	10.2244	11.3293	15.5352	7.39809	42.1094	66.6091	56.1209	64.2876
5.91343	5.77991	3.83654	2.27362	5.0732	2.98372	2.70651	2.29358	2.83781	1.98848	2.09994	1.77866	1.40634	1.5795	1.40637	1.60815	1.60815	2.0927	1.43843	1.87839	1.43839	1.0467	0.780186	1.74411	1.94983	1.26993	2.9012	1.98843	1.50054	1.92636	1.98843	1.40633	1.94986	1.49036	1.56015	1.25794	0.986876	2.04121	3.52819	3.19943	3.14206	4.08093	4.53997	3.91454	3.18047	2.7893	11.767	8.23681	11.7588	11.2283	15.1742	11.5658	5.41764	8.23343	5.01066	7.91379	13.5049	10.1905	5.60836	4.00625	5.04951	5.97397	6.23906	7.41159	11.3951	10.7574	13.5789	20.5693	26.7951	27.611	17.465	9.05647	5.23113	13.0908	13.671	5.52745	3.48944	12.572	15.7791	7.24706	5.40373	4.53009	5.15278	8.77533	8.81391	6.34146	5.09401	3.6754	7.19962	4.77976	13.7009	17.0578	8.31723	3.14221	5.22247	4.52668	5.9209	9.30604	4.59613	5.74071	6.9979	4.45946	2.3394	2.72318	0.493449	1.56015	2.26696	0.889542	3.14206	2.4473	9.24601	10.5572	8.14672	5.74098	5.45921	6.91239	6.16439	9.96455	13.3438	8.5279	6.3934	13.3418	9.09194	2.44731	1.77869	1.48013	3.47197	5.07322	5.55725	10.1042	11.6106	16.4453	17.1454	10.0854	8.47223	13.1449	13.264	8.51424	9.72868	11.2732	18.0045	19.9338	10.9286	10.4281	16.6206	15.0983	8.59695	9.17401	9.29656	11.7987	13.9209	11.0512	11.8463	17.4841	17.5332	13.8383	10.8009	11.2422	5.21972	4.67103	4.21222	5.46189	6.51146	4.87336	4.57976	6.22941	6.04629	7.67958	8.21519	6.83391	6.31771	11.665	11.4594	6.07106	5.26556	6.06384	8.69955	10.4225	12.2098	14.5112	16.8233	13.6917	8.48639	8.29587	8.93341	16.9554	18.2112	10.634	10.5351	16.9115	15.5526	8.86903	6.80987	2.83781	7.41182	10.7537	9.251	11.2422	12.7857	9.78082	11.7388	14.0814	6.75699	2.42858	10.4795	12.6692	3.04405	3.89532	6.82321	6.94457	15.8909	16.3856	32.8971	15.1124	29.8358	13.8094	7.86148	12.4997	5.94138	13.1315	26.0616	34.5375	35.7029	21.0825	13.8806	6.22246	22.3473	17.1342	18.1361	33.2584	40.733	32.4777	38.5195	37.3584	50.6378	59.0319	33.4557	22.9455	25.7468	13.1401	19.9245	16.0765	11.9863	20.4084	42.0083	17.5062	18.3787	31.621	28.5129	30.2404	21.8306	16.9249	34.84	61.4259	31.9968	55.7876
7.75408	7.9729	5.92046	4.06581	5.5891	4.92526	4.83883	4.30761	3.92967	3.58756	2.61502	1.57933	1.47998	2.57407	2.61502	2.47794	2.3715	2.63808	2.15685	1.57933	1.49015	1.04659	1.55999	2.49621	2.81067	1.75268	2.98341	2.70623	2.51442	2.33926	2.46561	2.66669	3.00876	2.57407	2.51442	2.23299	1.97296	2.44706	3.69138	3.52785	2.75615	4.75058	5.84381	4.75064	4.35637	4.1395	10.0118	10.7238	7.32223	14.2812	13.9524	11.4811	6.6832	11.5503	12.7747	7.57189	11.8982	10.3765	6.79155	6.68078	7.95436	9.06372	9.02629	9.18135	13.1814	12.2626	11.1687	14.4092	22.3979	28.4185	26.6926	22.2675	14.4496	9.01148	10.2181	6.43692	6.48564	12.3832	14.7601	8.37841	4.35635	3.31547	5.55668	7.84897	7.77103	5.21893	3.24144	1.71766	6.37154	7.50488	10.5807	11.3685	11.023	14.9051	14.9051	9.78029	3.48908	8.73733	5.77932	6.87902	6.99723	3.0833	2.81603	2.7229	4.36673	7.37084	9.10434	8.26502	4.08072	1.55999	6.12228	13.343	15.5358	13.2633	11.2143	13.3261	14.6405	11.6347	9.84697	10.1321	3.43212	13.0548	10.7927	2.57407	2.2056	2.81075	5.91284	7.28946	6.60208	9.44296	10.571	15.761	16.9058	10.6259	9.54333	18.243	21.2049	17.5709	17.179	16.475	20.9912	21.6229	13.1893	10.4607	13.3595	11.6873	9.46935	11.1324	11.6986	13.2469	19.2328	20.2723	18.8475	21.4459	19.3036	15.2341	13.9434	16.2744	12.8324	3.10306	3.25556	7.29777	10.1741	9.4059	5.78727	7.9542	7.63819	8.9079	9.32574	7.49079	7.02072	12.5139	12.7386	7.64791	8.03961	9.56826	12.25	11.3994	6.0853	10.509	17.3096	14.8365	13.0333	13.1888	11.2034	19.2042	20.087	14.7244	16.4806	15.3569	8.65599	5.91017	9.60306	8.0283	13.2212	17.3936	19.4478	21.7128	20.3941	15.2579	9.18135	10.6641	8.83971	4.56931	8.55467	12.832	7.32214	13.777	16.1541	15.9418	20.5318	17.4741	18.676	16.3005	13.3901	12.4983	11.4437	6.03329	18.6846	26.0146	31.5654	33.5138	29.4273	15.1948	5.1641	30.2103	38.088	36.0238	42.3378	48.7915	50.7937	41.1296	48.1693	46.0091	47.8896	54.6333	23.9966	15.3288	24.6372	27.618	27.265	23.0197	20.8168	28.1491	44.4808	24.5806	35.4777	42.1228	39.0672	46.9608	49.0995	43.1275	39.9786	52.8511	18.081	56.267
11.5492	13.2962	13.918	13.1377	12.3664	9.77795	6.46432	5.39996	5.07243	4.59875	4.10988	3.57458	2.85866	2.5142	2.7228	3.10279	3.24132	3.63748	3.43195	2.59148	1.65441	1.88618	3.52768	4.363	4.90018	3.58724	4.28265	4.83529	3.94858	2.96796	3.25526	3.76018	4.35256	4.68647	4.83842	4.70254	4.92791	4.92483	4.26847	3.50171	2.98312	5.29854	6.21609	4.23992	3.63734	3.3288	8.08267	10.0107	5.99271	3.75198	7.15483	7.46628	5.69499	6.06269	12.4837	15.1931	13.4557	10.3251	7.73203	8.81215	9.01063	9.82553	11.2364	12.0664	12.8797	10.5426	9.13372	8.52617	12.8429	18.0438	19.6432	22.8666	21.5729	13.6485	2.7942	6.02551	9.21903	10.5702	10.8036	8.60027	4.06525	1.71743	5.70279	6.67103	5.6949	6.54673	5.46059	4.68643	5.64227	6.07999	5.26444	4.40767	11.194	15.7429	16.3793	16.8594	11.317	2.26653	11.2673	11.6536	5.59949	0.52329	3.34686	5.05731	7.36381	5.91229	4.45884	5.91243	6.34034	2.57384	4.95203	6.07999	11.1772	14.9438	13.0326	10.8992	12.3873	15.68	15.5805	8.11236	3.28772	10.1023	7.84818	5.84099	7.17365	8.6111	11.0743	12.544	13.4074	17.003	20.6146	23.5654	22.7186	20.3765	21.4865	25.6959	22.8938	13.4326	12.1268	11.8541	17.4495	18.2276	12.7736	15.381	17.3139	15.3629	11.0102	10.5207	11.5489	12.272	20.6378	23.4	16.8882	16.1974	10.9052	6.99653	6.29283	3.9292	13.1156	8.99116	6.96255	7.88449	11.3273	11.9348	7.88449	9.00247	8.82736	10.5262	11.027	9.52435	9.32507	13.2145	13.0634	8.17215	8.66209	9.02214	11.031	11.9265	13.0162	12.6617	11.5188	9.87853	13.21	16.6744	16.9324	18.9978	16.7076	15.1675	12.2168	8.37756	6.5284	9.1805	14.3694	17.0992	21.5932	24.867	26.8787	27.4295	26.2516	26.3433	24.5666	17.5726	13.2395	17.9926	19.951	17.1585	13.5101	13.016	9.77946	7.06477	11.7805	7.89356	11.549	8.51752	6.00303	6.94537	12.1699	22.5989	26.3945	19.0193	8.93169	18.7032	30.2768	44.546	53.2069	44.2813	13.1193	22.9111	35.1603	16.5092	37.16	5.53438	34.6461	7.80126	28.8874	39.6272	30.2447	35.4446	34.4123	28.5077	31.4423	33.1157	32.9469	37.6904	48.7534	26.1191	22.5943	30.728	29.6538	15.2103	24.2609	38.0078	46.807	43.0751	13.3305	56.6001
16.8193	17.3659	17.1861	15.4636	12.8611	9.88986	7.24718	5.82748	5.52601	5.07193	4.25038	4.55546	4.15333	2.96253	2.59121	2.75574	3.08288	4.05019	4.36256	3.89419	2.72252	3.04325	3.30573	3.43602	5.11914	4.438	3.97108	4.53886	4.77837	4.67634	4.21111	3.42274	4.17862	4.89975	5.2182	5.18929	5.59895	6.08185	5.32378	3.50579	3.31482	4.91188	5.49852	3.59093	3.21266	3.24083	8.2164	9.43496	5.33485	5.16578	5.54748	4.45816	4.84705	5.61746	5.73401	11.1359	15.0496	12.8269	9.10253	9.72412	9.30979	7.89285	9.09911	9.51103	9.67595	9.07485	11.2786	11.2133	13.0277	12.4569	5.82984	8.0545	12.0303	13.0893	9.84979	10.9947	10.818	9.31002	9.72869	9.85561	6.77945	4.74989	8.20753	9.68801	7.40969	9.17158	13.409	10.9934	9.31011	7.04718	4.68278	3.58672	7.67928	7.3206	6.15767	10.3792	15.8107	12.2066	5.13659	4.51883	7.02175	7.74125	6.48442	5.32077	4.23601	8.99697	11.2045	8.31523	2.49574	2.62026	3.32842	4.82523	3.97093	7.88369	11.0091	7.37555	6.5896	9.72433	12.1399	12.8833	10.3735	7.48938	7.52324	10.5874	12.7669	13.6234	15.4974	18.972	22.0844	26.4647	29.307	30.7115	29.3813	25.4981	21.8767	17.8907	11.0362	6.37022	7.06376	7.52293	15.6331	16.2911	8.20753	6.99601	11.1186	11.8817	12.6829	16.824	18.0007	17.8484	19.2066	16.5963	16.8219	20.6288	8.59443	6.26622	11.3807	6.37253	7.48735	9.7961	6.77945	7.48945	7.28203	9.56015	7.64668	9.32417	9.16519	10.7975	10.5417	8.93113	8.95912	12.2603	12.0161	7.84764	8.12047	7.92097	10.172	10.6077	10.1608	13.053	13.9237	11.377	16.1167	20.8709	19.9209	20.2304	15.8151	8.7728	11.0573	12.9586	12.6588	14.2596	23.0851	29.1461	26.5146	19.0077	11.9215	10.8686	9.68211	7.42379	11.2122	14.6862	13.7897	19.9694	13.9327	10.9511	10.1879	4.03887	4.47521	9.02146	15.2496	14.79	14.579	11.867	9.13162	21.3131	23.8004	16.4774	9.24347	25.4801	34.1403	39.3731	48.6552	55.5598	50.3887	43.0441	30.2649	42.4291	30.2047	20.7097	37.4199	11.3923	33.9306	17.3374	19.9859	26.1118	29.1195	26.6584	23.8363	12.0309	29.3874	31.1858	28.4056	32.2045	48.9762	32.0659	15.6116	30.9807	42.7345	49.4573	47.8461	37.8374	38.5754	8.1424	52.7325	57.0195
9.08884	8.45535	8.34083	8.99406	8.5505	6.8465	5.17114	3.67394	2.96731	3.35082	1.75218	1.43788	2.26604	2.09915	1.11661	0.551501	0.871942	1.43788	1.94914	2.44635	1.56922	2.1063	1.65403	1.01685	2.66587	2.66587	1.16979	1.26948	1.79504	2.47725	2.21874	1.26948	3.48362	3.67385	1.48979	1.55955	2.09915	2.66594	2.6143	1.87774	2.65444	4.15271	4.43735	3.45746	3.32808	3.44869	9.05266	10.1866	4.62381	3.80333	5.40147	5.94385	4.77765	5.25761	4.67562	6.99515	7.29542	5.83989	4.74947	7.44871	7.88252	5.94385	7.7228	7.8429	6.74105	7.98717	12.5286	11.0458	10.7965	8.98925	3.97067	6.74117	14.3927	18.8497	12.4029	7.0275	5.4018	5.49	8.85726	9.39208	5.2435	3.59077	8.37784	9.24079	6.06889	9.02036	13.2323	5.88077	6.65437	3.91322	3.35082	6.16166	8.69589	6.51797	4.06448	1.9491	9.59587	14.2416	13.2432	8.59356	5.60637	7.29372	4.458	1.40578	4.36553	8.4903	8.83101	8.31961	4.8123	1.26943	1.74354	6.10067	7.26467	2.66013	5.09204	4.87458	3.52258	5.65413	6.29386	3.65746	11.1513	8.48488	4.97563	6.78984	7.52838	7.02744	11.0564	15.6555	15.3347	17.9091	18.3606	18.4245	13.8867	7.69811	6.98454	6.6	5.93138	6.97623	10.5406	11.9681	17.4997	15.7506	6.43507	6.44428	11.1719	10.2095	7.22977	8.51761	8.44797	11.1602	15.1831	9.96232	10.8978	22.8	7.88252	4.30627	10.0815	10.8765	4.77765	8.92993	4.92053	5.8086	4.70134	6.56367	2.80997	5.57407	6.20774	9.16406	8.17043	5.98409	5.77759	9.77554	10.054	5.84209	6.32232	6.77857	9.5789	9.63986	6.22694	5.44306	6.40472	4.26766	14.0681	22.1828	17.5226	20.3193	14.3434	8.97	8.37618	17.5288	17.3884	13.9481	25.4768	26.0795	11.9208	0.889195	10.8503	14.0474	6.80751	7.26309	7.80717	2.63729	4.63353	13.9871	8.55056	5.70172	6.70787	3.35076	7.13237	6.42813	5.52552	14.194	21.9755	3.9399	17.8978	18.9874	13.8757	0.889219	18.3615	27.2568	27.3233	26.2836	34.3257	31.0821	22.6377	54.8272	32.1277	45.114	32.1677	18.3609	34.3739	6.00162	34.0155	17.5753	13.7879	12.4915	10.8825	25.677	23.8002	7.46463	28.0658	17.2112	13.1734	33.9601	49.0187	35.08	5.23207	3.5268	13.1179	28.6547	38.564	44.8918	56.4433	14.4051	64.0015	42.9465
10.655	8.93588	8.51689	8.82134	7.91002	7.15261	6.03102	4.03811	2.98228	3.30501	2.09893	1.23291	1.56908	2.09169	1.64473	1.72585	1.48964	1.10279	1.5594	2.83649	2.98232	2.61396	1.92543	1.23293	2.2725	3.00756	1.88563	2.23215	2.99757	3.76718	3.6737	2.66002	3.14058	3.86601	0.9864	1.48964	1.752	2.87359	2.85783	4.04942	2.97726	3.43522	3.94723	3.45716	3.59025	3.62379	9.06164	10.3671	4.9201	3.73882	5.36753	6.52433	6.6536	6.61765	5.05604	7.21473	8.62192	3.66124	5.11532	7.12138	7.08773	5.75365	7.17125	8.27763	9.28429	10.4232	14.0021	13.1044	11.3595	9.22106	7.82935	11.1064	15.1189	16.7065	9.68602	3.5904	4.9234	8.32067	12.0379	9.38983	4.21032	3.08717	7.67785	7.93619	4.59721	7.67785	11.2674	3.4703	4.62339	2.98228	3.81883	7.18161	8.83803	6.32178	3.89329	1.5594	4.32331	8.52384	12.6576	12.9562	7.90441	1.16967	4.82451	4.83388	6.81978	6.38538	2.46464	6.63328	7.42203	4.39276	5.91072	6.29106	8.67994	6.09038	5.77728	7.0774	4.59415	2.75511	5.45918	5.90314	8.35771	4.97488	3.50513	9.50926	10.1703	9.05394	13.0416	17.555	14.8349	16.3159	15.9561	14.4235	9.20328	1.82	4.06042	5.87995	4.2137	4.59394	10.5272	13.986	20.0409	16.1569	4.8741	5.49753	9.94806	9.29215	6.87632	7.72215	7.37379	12.1029	16.9062	8.09875	7.26199	20.2063	10.4177	4.85249	10.6602	13.0501	4.74885	9.10049	4.98396	5.88	3.20264	4.89869	3.5904	5.11809	6.19998	9.21606	7.83092	5.98357	6.13926	10.0416	10.111	5.99111	6.32183	6.67819	9.87585	10.1499	6.36896	5.84161	7.52153	5.02024	11.0917	21.3323	20.75	24.43	15.3341	11.314	13.2316	23.142	23.9766	22.0247	26.2844	18.1665	8.39147	7.13196	9.23352	12.1454	1.06063	1.94895	5.7771	3.9128	5.87995	10.9724	9.89506	9.06652	6.45293	6.58816	8.05299	6.19998	1.1165	16.4799	21.6081	12.5132	22.4552	14.6681	2.80969	12.0947	18.6448	15.3527	2.75521	7.44813	22.8748	15.3916	36.6833	54.7136	29.9393	44.5502	34.3188	19.9104	32.8838	3.15504	35.9363	11.353	7.15257	7.67426	10.6603	28.0627	26.8018	18.1411	26.1593	17.8244	19.8262	38.2527	46.8091	27.7329	9.3978	12.9916	11.6305	6.94986	17.0337	32.3442	60.8144	13.5325	65.3418	26.413
16.4939	16.1937	12.6981	9.07229	9.24091	9.91364	9.38898	7.78491	6.86513	6.10957	5.17039	3.45704	3.21194	4.20995	4.43681	4.6815	4.79909	4.39238	4.192	4.97469	5.66133	4.06026	3.35032	3.45704	4.29864	5.45609	5.53268	6.2931	9.42812	12.7468	12.9765	10.0338	5.91785	4.36471	3.75074	4.59375	4.10833	5.05557	5.93801	7.84196	9.29184	9.59909	8.74886	6.36866	4.40601	6.14118	11.0267	9.51589	5.17016	4.59348	6.22581	7.67327	8.3569	8.4833	9.13069	10.6596	9.50838	6.95994	7.08735	9.6355	10.62	9.84274	10.2308	11.1908	15.265	17.2648	18.7105	16.6592	12.6884	11.2142	12.3086	15.7859	13.668	11.3924	8.27678	3.46996	4.04885	10.0189	13.6925	11.164	10.972	13.1145	14.7286	12.7967	10.316	10.2022	10.376	7.12075	9.5025	12.3781	12.6571	13.6917	14.3876	11.7228	7.69667	3.96999	2.44588	4.91046	11.3444	15.3319	14.2244	9.14353	4.15219	2.80938	3.86561	6.84767	6.63306	5.57302	9.16235	5.91763	7.42177	9.68556	10.3538	8.35531	7.85707	10.5005	11.2221	9.60522	4.26686	2.09875	2.51325	11.8934	18.9424	21.213	19.6208	18.4278	19.9026	21.321	15.8664	14.2115	12.3774	10.0623	9.36674	7.90209	11.7671	15.4727	19.0799	23.3463	25.5078	22.7634	20.7492	14.3591	5.57307	6.59898	8.80886	9.21988	6.69759	6.88862	6.6461	10.7471	18.2325	13.7701	9.7261	18.2363	15.5115	12.8002	8.43111	8.05949	5.8079	4.5539	5.39228	4.94717	4.15219	7.35939	8.46792	9.23942	9.3546	10.8655	10.0117	9.43263	10.0815	13.2568	13.198	9.93729	9.02212	8.1692	11.3938	12.244	8.65891	7.64439	10.9385	13.137	15.0905	20.1449	26.8891	24.3881	8.94802	3.82238	9.6778	14.0476	18.668	20.3976	24.4232	22.2469	18.7951	15.0935	19.022	18.5866	15.2575	10.4393	8.7842	8.92866	8.52311	11.936	14.6748	14.3961	13.4098	14.2954	17.0423	16.6765	12.1224	5.87935	21.1344	30.2211	23.4052	3.48308	9.14353	7.01937	15.9037	24.8704	14.8027	11.8207	29.0457	38.9873	42.9623	51.6196	33.9178	43.6393	44.0093	23.9796	24.9163	25.0314	37.5066	17.2466	9.08715	6.99414	17.125	27.632	36.4549	33.4928	24.7877	6.69989	30.8262	39.6798	34.2017	32.4459	36.5164	32.6119	35.469	31.2795	11.4094	27.5497	58.6375	15.6293	58.9567	33.0264
11.1781	16.7684	14.5288	9.5567	8.92781	9.33319	8.65126	7.24447	7.04443	6.44264	5.89941	4.43633	3.57286	3.83407	4.07841	3.70172	3.32734	3.50447	3.76647	4.8361	6.54392	5.16118	3.67301	3.48284	3.93903	5.16118	6.0301	7.22811	10.4868	12.4285	13.1778	12.8873	8.23165	5.21911	5.73185	5.54295	4.97418	4.70979	5.0699	5.1143	7.52635	10.1096	11.2748	11.5837	10.487	10.4173	14.2377	10.783	6.67721	5.21611	8.81479	9.91258	7.48658	7.37649	8.2314	12.0357	12.8962	9.72234	6.75053	8.48772	9.34579	8.27639	10.1841	13.0218	16.6061	16.3388	14.1312	9.2637	6.86426	6.87515	8.0589	10.7004	5.43342	5.54539	5.68174	5.6606	6.16727	9.95649	13.3499	5.98999	7.08665	9.6133	11.2747	11.8498	11.6912	9.59352	8.4964	8.92767	7.90325	9.8419	11.3207	12.0297	12.3313	10.9691	7.15123	2.43946	1.87719	2.46418	4.23794	10.5832	13.061	13.8721	14.2548	12.3792	6.99347	7.55186	12.3999	10.1269	10.2297	8.66656	6.88187	8.21365	8.20457	7.4568	5.49671	6.26146	7.60294	8.90315	10.5474	4.40219	11.0219	16.6488	19.6986	17.4591	12.7578	10.3474	13.5267	14.0725	5.91708	9.01768	10.9413	12.7261	17.7384	20.0484	22.6839	23.7993	23.1428	22.7264	21.5635	17.813	13.8294	9.18729	5.82772	6.27322	7.5261	8.43873	6.21322	5.92961	6.59819	13.4165	22.076	17.8005	12.6871	22.0093	19.5981	12.9347	9.6846	2.66518	2.09853	2.80907	3.72202	4.81095	6.26133	6.90999	7.87511	8.10853	8.05903	9.72507	9.37079	8.65297	8.13936	12.4797	13.1355	9.77475	9.93928	9.34591	11.1263	11.4784	7.16379	6.59834	12.4282	14.3667	15.1713	21.4418	26.627	14.7643	4.91934	12.4613	7.75906	5.8073	19.6619	29.2056	34.255	31.2775	23.1387	17.813	18.5115	15.1027	11.4984	5.35529	1.91716	11.6476	12.7083	14.0915	18.4532	15.4574	11.2707	10.9709	13.5215	11.6241	8.20431	4.24857	4.3539	14.6434	9.74933	16.9892	7.30994	25.5801	28.7195	29.2541	22.3444	23.2979	32.1858	37.784	29.2233	37.4539	35.4405	17.5831	45.234	17.8698	13.1698	40.5844	31.373	6.82965	11.8384	14.6166	10.257	19.3047	22.3959	26.9669	26.5051	21.4138	35.5918	31.4842	30.0628	46.9088	52.5925	48.9344	37.44	38.5498	40.6432	54.657	59.9702	33.83	49.5429	24.1833
8.37989	15.213	12.0994	6.83524	5.90879	7.36566	6.82868	4.59261	4.36375	3.85319	3.85319	2.619	1.4994	1.23259	1.3275	0.888882	0.628531	0.493067	1.77729	3.13491	3.80203	4.35347	1.88511	1.25699	1.43733	1.74288	2.58998	4.00698	6.9926	7.90775	4.53664	9.50485	6.74966	2.4946	4.234	2.36995	2.61903	2.32462	4.10729	3.48231	3.86488	4.59588	5.48779	6.38385	7.42038	6.77636	12.4315	6.97352	4.24841	4.19109	10.5697	9.84058	4.43588	5.63873	8.56796	13.6804	8.99744	6.99298	4.68382	6.06636	6.66728	3.86488	8.03588	11.8227	12.9876	12.3577	10.1254	5.28698	6.77603	6.11791	6.66728	9.41335	2.88326	3.91153	3.81772	7.59597	5.22988	7.74293	15.4612	7.85507	3.96897	4.5232	7.46184	7.61349	5.09012	3.58521	5.44381	7.64269	2.95585	0.628571	5.6732	12.1443	12.6597	10.7923	6.98192	1.43728	1.55888	1.77729	1.0459	5.89605	6.2246	4.77606	6.1597	5.98217	12.4234	13.982	7.37216	7.98451	8.90207	9.53883	4.92512	3.67255	5.22988	5.9417	2.96115	2.29183	1.22017	3.93842	11.3459	0.93872	11.8178	12.7224	10.8739	4.38114	2.44544	0.871583	10.2696	9.63628	1.71645	11.5422	14.9238	17.5206	20.7901	16.4512	13.2929	10.8463	7.91724	8.56796	7.46184	4.00684	5.25564	6.29392	5.7154	4.7506	6.11791	7.15045	5.80642	5.73629	6.59752	16.317	23.3411	15.1821	9.66061	18.0803	11.4508	5.58548	6.04166	4.32205	3.2533	3.13964	2.23153	5.9894	7.25988	3.15414	2.80891	3.13972	5.4548	7.44391	7.02443	5.80642	4.79785	12.1419	12.902	6.26059	6.27262	5.11674	7.06252	9.05903	6.01923	5.49588	12.2264	13.5198	12.2369	16.5478	20.3524	8.93319	7.12981	18.1684	9.07076	9.67146	9.28213	6.27287	10.6843	16.5817	14.6491	14.1526	16.551	17.1449	16.47	7.94739	4.42917	19.4143	17.4203	13.4923	14.2362	11.3662	12.4681	3.44739	16.1929	18.8605	11.6371	2.26524	10.1476	21.9683	3.96897	20.6348	20.7416	26.1272	17.4715	26.7529	7.94707	11.177	20.8549	11.6948	14.2666	21.1012	38.5477	18.0165	41.4458	14.0733	8.0858	48.7743	20.2869	9.55409	12.877	14.6313	8.21068	7.67183	13.668	11.5971	18.3514	26.4031	37.783	29.4666	21.999	35.6433	35.9515	44.8942	24.1693	14.9404	31.3253	55.8168	53.2548	47.1095	51.599	28.5515
7.34687	15.4431	13.1717	7.74806	5.61429	7.28996	7.60896	4.66703	4.20497	3.74952	3.81739	2.36961	1.16923	1.11607	1.06021	0.888777	1.32736	1.49925	1.98672	2.89871	1.43715	3.74952	1.85244	1.49925	2.09815	2.2313	2.03953	3.85284	5.67273	6.87374	0.888795	8.4529	8.26746	2.2313	3.58892	1.32736	2.29157	2.0909	3.7374	3.23899	3.81736	5.29788	5.9411	3.86455	1.60676	3.69277	11.5025	8.21187	6.27223	7.59562	11.1462	9.12781	3.43407	3.92662	7.85441	15.2923	11.4561	8.59516	11.6793	8.87339	6.08072	4.01781	7.63231	11.8168	12.8811	12.2872	9.95464	5.75148	7.31437	6.82809	7.72701	9.12617	5.08965	5.5634	6.11757	9.59145	5.65702	9.09403	14.3551	6.26237	4.00282	4.86918	9.05018	9.15986	5.44333	2.26497	5.16868	6.01872	2.27171	4.43552	6.10036	13.1199	13.1587	9.65218	5.93611	1.47886	2.42023	1.9867	2.27166	5.7149	5.5525	4.74713	6.96661	8.67702	14.1007	14.6301	3.04144	5.92866	8.32455	7.67115	3.38082	4.4592	4.47257	4.43529	1.23242	1.32731	1.16923	5.28652	11.0772	2.46374	12.8834	12.0522	10.3689	3.62243	3.91134	7.16889	12.2221	10.4528	7.53281	17.7042	19.9363	18.6059	16.9609	9.50553	6.66671	4.83495	5.11314	6.22407	5.54435	5.85995	7.4612	6.99194	4.973	4.747	6.36656	6.90837	6.13938	6.90623	7.50886	17.6919	25.0154	14.9011	8.86144	13.435	8.69209	7.21232	6.70487	4.40136	4.64119	2.53643	0.697243	6.22407	9.10841	4.64119	4.20513	6.09804	7.47134	8.22632	7.55033	6.48061	5.75678	13.253	14.3551	8.25321	8.65134	8.07228	7.52488	6.86295	6.29095	6.18306	11.4347	12.6922	12.3046	15.8045	18.7893	15.2249	14.5235	18.7054	14.2825	7.87364	2.09813	7.74267	13.7474	17.3347	15.8223	19.7721	20.1339	14.4384	12.9635	9.86203	16.4558	21.6005	14.2576	10.5194	14.0092	13.2534	14.5531	1.74265	19.6008	17.0645	6.73794	7.35512	11.3541	17.8241	15.9921	14.4222	15.4432	16.4096	25.1589	21.6798	17.0376	25.3393	28.7324	21.5921	25.0963	20.3922	35.2521	22.0441	39.1924	11.7925	1.9168	50.7038	13.3497	13.5272	6.10767	8.75111	12.3233	10.5192	9.28083	12.5621	15.317	23.3714	32.5638	23.7725	13.4493	26.3569	20.6451	40.9524	37.3989	30.8103	34.9839	54.999	51.7898	47.0671	54.907	40.2262
4.05848	14.4669	13.7772	7.19279	7.24246	9.70581	9.75528	6.42451	6.11701	5.99595	6.11701	5.11289	4.43514	4.00634	3.42049	2.61281	3.23887	3.83302	3.89164	3.52065	2.42636	3.72097	3.9456	3.76543	5.52235	7.02355	7.01721	6.10727	5.91541	6.48454	4.56564	8.72528	12.5494	7.60081	5.52235	4.45548	4.6829	4.43511	4.57549	3.8329	3.58859	5.92789	6.5235	4.47214	4.94542	7.45484	11.401	10.3286	7.51836	10.1069	11.4554	9.66966	7.31408	7.93105	7.96619	12.0699	14.8576	8.67584	9.67449	12.963	11.7921	8.63717	8.65056	9.50458	13.3462	14.4669	11.3882	9.5048	11.885	13.1741	13.4553	12.4159	10.5723	10.687	11.1222	11.4793	9.21217	12.0324	9.38684	2.2647	3.67186	4.59172	8.46419	7.38052	8.64562	8.58917	8.84573	7.316	9.80798	12.561	14.6552	16.6825	13.9436	7.45455	4.06218	0.246491	2.72614	2.80821	4.51232	9.06891	11.0098	12.4298	12.4333	9.57876	8.10963	9.68145	6.6303	1.36105	7.61221	8.48534	6.66647	6.87999	4.56571	1.01621	3.57188	4.30755	2.91926	5.67248	15.2627	16.8009	13.6393	8.42761	8.33593	6.50513	6.4431	11.5805	17.9065	21.7614	25.2797	29.0099	26.2743	20.8066	15.9664	10.8443	5.94079	2.96042	6.13876	5.39856	6.0975	8.11535	11.4802	9.71911	5.16815	5.45648	7.97712	10.3174	12.1178	14.9327	15.9999	19.9939	23.4611	11.0224	5.58436	11.599	15.3816	14.8212	12.022	8.51341	7.64146	5.0057	2.53618	7.45455	10.3117	8.3096	9.30406	11.1663	12.151	13.8064	14.9217	15.0042	14.5762	15.8112	14.4864	10.3667	11.8596	11.4957	11.7726	12.2073	11.6337	8.60286	10.3721	11.7315	11.5898	12.1984	10.6865	13.1847	14.5222	16.7603	15.9999	12.1986	14.5698	17.4108	21.6736	18.9549	16.4609	19.9017	15.4776	16.2843	21.0109	21.5763	22.85	23.4328	18.8781	17.3333	16.0459	13.0065	6.08751	6.40334	13.2007	23.5308	22.3785	10.0083	7.7474	14.7347	24.6355	19.8907	28.6948	18.5355	30.1611	11.4714	16.4935	17.584	23.9665	24.968	31.0741	24.8754	37.854	27.8998	41.8071	29.3134	10.0429	44.3611	13.1318	10.628	2.33728	2.57175	12.7725	10.245	4.90885	16.3023	17.1442	25.5771	31.4498	34.066	31.8245	11.2718	24.3961	10.9146	38.6786	54.2822	61.1744	67.4692	60.8101	56.9397	55.5178	37.7554
6.98237	13.6953	10.7207	5.35346	7.24386	10.6775	10.2868	6.97165	6.53456	6.36556	6.47949	5.60806	4.34889	4.04713	4.34885	4.06204	4.29658	4.3071	4.24718	3.58417	3.11472	3.34872	3.34421	3.34872	6.80067	8.0634	8.31078	6.31853	5.43137	6.02762	4.69839	5.29715	11.0178	9.70501	6.06492	5.29715	5.75063	5.45352	5.45349	5.06811	4.40053	5.98774	6.82681	4.89593	5.6902	6.28752	9.39689	9.55906	7.28873	9.1199	9.91937	8.28219	6.25906	6.90521	7.66995	8.06319	12.0559	12.4145	9.00309	5.87664	7.96751	8.94438	8.8517	8.64975	11.9821	14.6265	12.6652	11.5578	14.0864	14.7744	11.5794	8.44981	6.62976	6.42157	7.45399	7.96732	8.56247	10.0056	5.39537	3.08055	3.84431	5.67167	5.65576	3.84435	5.28577	7.98224	10.5243	8.07082	11.7554	12.7997	14.6613	14.5239	8.02108	1.25656	4.52537	3.15325	1.971	3.21023	6.64304	10.9346	10.2556	10.3433	9.36752	7.36394	3.42016	5.29688	5.57041	7.11741	10.3782	8.98331	6.31849	7.73546	7.44417	5.61343	4.00584	0.739412	6.84206	10.5244	15.5076	15.8439	7.41823	3.503	8.11246	10.7085	11.5804	15.0191	21.5853	24.9839	23.2734	19.3193	12.538	9.18388	8.31584	5.38972	1.71597	3.2849	7.40412	8.38678	6.56874	5.56233	12.6731	13.3302	7.06059	7.24162	11.4792	14.58	13.8577	13.1996	11.7063	15.3086	15.1179	7.48385	10.6329	12.487	12.2447	10.1848	7.02284	5.90474	8.20669	6.83551	4.42765	7.65804	10.2825	7.89998	6.5686	7.63105	8.37083	11.6915	13.5499	13.0705	13.3911	14.9638	14.218	12.0503	11.8645	9.78898	10.4997	12.8914	13.0271	11.9215	11.7285	10.9069	11.9065	11.61	7.35364	9.67467	10.4661	8.76631	8.12888	17.1629	20.8837	14.2884	17.507	14.9306	9.05535	9.15975	10.7424	17.5249	18.5499	14.0173	14.0113	8.68522	3.30313	9.65034	5.90728	14.6006	16.5852	4.55193	9.9956	15.8512	21.1435	7.87743	4.73044	18.9582	28.8046	21.4257	27.5368	24.4319	34.8669	12.0503	13.5631	6.76776	23.4431	24.1857	23.198	10.4174	39.2191	27.892	41.9714	43.706	11.8643	30.5927	28.4349	3.34421	4.92344	14.0058	17.8274	10.8699	6.97157	12.9294	9.95901	24.0209	30.748	32.1543	31.2137	21.2599	17.7735	31.1443	35.4064	25.786	25.6624	53.0309	40.5808	58.006	61.1314	50.0285
5.56176	9.15882	6.74927	3.65887	4.17863	9.91215	9.06865	4.94735	4.34828	4.23591	4.29596	3.52415	1.57766	1.57766	2.27098	1.98622	2.42587	1.98622	1.49881	1.32698	1.65282	1.81883	1.43677	1.39387	6.73599	6.90423	4.00543	2.75337	2.95992	3.58784	4.30644	2.20322	6.67374	7.89917	2.7034	2.09758	3.0056	2.81318	3.15296	2.83459	2.6639	4.68179	5.97455	4.83354	5.07626	5.16718	9.07186	9.59317	8.27224	8.58725	6.94524	4.63994	2.4445	3.43292	4.07258	5.1117	7.17684	7.87663	9.02161	12.2184	4.67853	2.98032	4.62031	5.90656	9.20038	12.9598	13.5617	13.427	14.4373	10.7088	2.98032	2.23054	4.04655	4.59414	6.99843	6.54737	7.46504	7.19141	4.04672	3.83223	2.10479	3.97129	4.72977	2.80768	0.348532	3.13845	8.27215	1.64363	8.51823	6.62901	6.39988	4.97762	0.697039	2.41952	3.34823	4.21088	1.49873	4.00532	6.79984	10.6313	10.9849	9.52581	6.58378	6.73622	5.8354	5.11476	1.71586	4.59085	12.8775	11.4289	6.15708	5.60749	6.59521	5.1674	6.90443	5.6898	8.64704	10.8951	5.06738	7.61064	6.13757	2.21691	10.4774	13.5399	13.4691	15.0322	19.1993	17.553	8.54416	4.06141	4.78353	8.11347	7.04083	2.78609	5.92688	5.27667	4.77421	5.01676	6.25818	4.18935	13.1979	15.787	9.27027	8.48188	12.0572	13.8317	8.89857	6.51308	7.59311	13.8489	10.5986	1.11575	3.20061	3.58798	4.72977	4.8211	4.07624	5.05252	8.44167	7.1144	4.72972	8.24353	10.615	7.41711	6.59504	7.47492	5.59389	9.67962	10.5478	5.98708	5.77323	10.5699	11.4128	9.5107	9.28619	7.86171	6.9452	5.62605	4.77412	6.19598	6.94101	4.68179	10.4204	11.7294	7.76298	10.3771	11.3151	8.68958	5.79659	15.9629	21.4711	16.9965	16.805	11.9478	10.0279	2.33681	11.8076	19.3479	22.1345	20.5961	17.5902	8.81741	9.90819	14.2075	8.64727	18.4454	18.7403	15.1911	4.12425	20.7113	24.4467	17.9439	17.2705	18.1877	24.4908	24.6103	16.953	24.3301	33.1607	12.1906	15.472	10.5232	10.9548	34.9196	10.2517	5.83512	44.4265	30.6094	46.8548	48.4123	4.17503	20.5681	36.3503	17.5872	12.5045	21.2633	9.63316	4.35181	5.71324	9.53502	15.2781	11.1576	16.6112	19.4579	36.8774	26.6158	17.0267	3.58803	36.7069	48.843	54.9007	60.814	52.7129	36.8843	59.7279	50.1813
4.56413	6.63952	6.09801	4.59394	5.73372	10.7509	8.86952	4.90718	4.43358	4.04615	4.20332	3.68715	2.29073	2.11892	2.09732	1.16879	1.74198	1.85174	2.0974	1.74204	1.55821	1.81867	1.94747	1.77648	5.91351	7.36815	1.8186	2.1046	2.27079	2.4933	4.87024	2.88187	5.52052	7.50595	3.48086	2.95463	3.17657	2.1046	2.79125	2.4628	2.63507	4.01624	4.72924	4.91631	5.42732	5.45216	9.76877	10.2065	7.38827	6.87105	5.67048	3.4851	3.34358	4.17824	4.7293	5.49332	6.91005	8.06158	7.85336	11.5505	7.62932	2.80756	4.69427	6.47803	8.73757	11.0481	12.9629	14.0385	15.6344	11.9221	4.80832	8.43433	11.4309	9.88669	8.64635	8.55716	7.23808	5.75182	0.871163	0.871192	0.246436	2.91841	5.45219	5.11418	2.85567	3.65432	7.40234	1.36065	7.35404	6.02642	5.98653	4.3995	1.55821	2.09726	2.96465	4.00491	1.40457	4.31997	6.13694	10.0121	12.3254	10.2875	7.17611	2.571	1.92396	2.27076	1.71571	5.22741	12.0535	10.6303	7.59823	4.97712	3.48075	6.86718	9.05365	7.83099	6.67319	10.0557	4.89494	7.27497	8.85836	11.3107	14.003	12.6831	12.1515	12.4942	16.4679	14.8722	7.46842	5.41093	5.14637	8.81469	7.52178	4.59068	6.25771	2.36878	4.306	5.15794	6.83412	5.90596	14.5894	16.1451	10.7064	10.2067	11.1562	11.2679	7.28096	5.11113	6.01636	13.4257	11.1082	5.40553	2.99531	3.19543	4.67161	4.92243	5.18406	5.39685	8.1689	6.6641	4.06099	8.44081	10.9562	7.41635	7.31152	7.69125	5.29579	9.76427	10.5975	5.89323	5.89323	11.1908	9.88164	5.53945	6.88404	6.53072	6.28852	6.42958	7.50023	7.98063	7.66849	8.39931	9.34044	10.3761	9.18188	11.31	10.6303	7.48209	7.27497	14.6238	18.0722	17.2883	18.922	12.1954	2.63502	14.9983	15.7994	14.3081	15.156	18.5506	16.7034	11.2595	6.78398	12.1045	11.476	9.44621	22.0901	22.6625	12.3295	22.3736	20.4764	18.9661	16.0411	14.8535	21.2412	19.7546	16.7571	15.146	27.7062	29.1277	28.6956	26.436	20.423	38.0009	14.9288	17.9634	45.719	25.3524	50.9223	41.7339	16.4557	11.1515	36.8279	29.1214	18.611	20.4786	3.20979	6.54711	7.28734	9.9817	19.4056	6.84108	10.1209	19.8958	43.1216	30.1467	24.5707	30.0895	23.7415	25.4482	40.3676	57.8691	64.1038	35.659	61.8281	58.2514
17.4481	15.7996	12.9448	9.24679	9.23394	13.1021	10.2839	6.94394	6.77241	6.13662	6.25717	5.48477	4.82974	4.68107	4.2953	4.4874	5.43815	5.41053	5.29561	4.69715	3.90946	3.43242	3.50212	3.76395	3.89	5.97343	1.88392	2.96455	5.06663	5.43815	5.56882	4.00467	5.38825	10.2573	11.7875	10.5216	9.34607	7.5979	6.45694	5.54195	5.28424	6.02599	6.30712	6.07536	6.93955	8.08104	12.8035	13.5595	9.48126	7.10697	8.59932	7.71584	8.51009	10.2531	11.4008	12.6296	13.6867	13.6001	11.4172	10.5144	9.09291	6.44767	7.3719	6.77241	8.92169	10.0258	12.4165	12.6414	14.4924	13.6327	6.29036	7.54662	10.5309	11.7839	14.8575	15.536	9.868	3.92482	4.53403	9.44582	14.4276	16.8027	15.1518	9.33199	5.73333	6.53042	5.90302	2.78557	5.54984	5.83662	6.79856	4.06065	0.522691	1.55806	1.92376	2.32329	3.11381	5.08722	6.74584	11.4571	12.4165	6.69477	7.12575	2.6175	6.47767	10.7505	11.0881	9.0414	7.91081	7.3716	8.33299	8.33299	3.84323	2.99485	4.69715	10.2871	11.7277	9.16216	4.57364	9.36017	22.3753	27.6956	21.7419	9.82353	8.46103	10.2115	16.2749	15.4974	7.99285	7.6696	7.31109	9.50888	9.32704	4.36137	3.20003	11.3844	16.6936	16.6132	15.3003	14.6078	18.998	17.1687	10.5433	9.80975	8.11195	7.792	7.6694	6.22109	5.31796	9.82309	9.67189	4.35097	3.19989	6.08518	7.62109	7.65218	8.82245	10.0551	10.353	9.16216	7.73123	9.23382	11.0811	8.67259	7.6229	6.74801	5.59286	9.3941	9.64151	5.63555	5.98595	11.0249	10.3752	6.13402	6.90293	7.08169	8.88366	8.73681	7.79219	8.50299	10.978	14.0499	16.6612	17.3061	14.6115	10.6772	9.11701	11.7578	14.2844	15.3387	15.1904	12.4165	13.1537	11.3359	18.9522	26.7106	31.614	30.9197	24.9778	16.9121	11.1707	10.1199	12.4064	4.59001	24.8178	34.3232	44.0095	50.9748	53.7748	57.5271	56.5638	53.273	46.9308	35.3707	21.4735	8.34899	33.952	37.7294	21.7075	11.0933	14.5917	1.94728	26.1772	38.4407	28.6795	38.3703	46.7184	10.0118	48.5433	29.0853	27.8559	28.1883	41.1962	33.0959	11.397	10.5968	11.3805	4.86982	7.52115	3.76377	19.9565	28.5104	10.4631	30.1025	49.3312	36.8368	31.5693	7.24152	32.3606	23.3876	15.4528	55.3709	70.5478	67.8307	68.911	70.0313
16.2506	15.499	12.0741	6.25658	7.23672	12.4268	10.0321	5.62445	5.77165	5.21501	5.65366	4.17385	3.1377	3.48444	3.03979	3.79949	4.39885	3.57017	3.23731	3.19972	2.8338	2.11852	1.87577	2.23004	1.87577	2.99455	4.82904	3.11337	4.17385	4.34719	3.79949	2.7853	3.30198	6.45409	8.46074	8.13523	7.35504	5.83635	4.43301	3.52332	3.19972	5.06603	6.07479	5.28369	6.27076	8.82806	14.5055	13.644	7.68639	5.98564	8.36918	7.35479	5.93795	8.31286	9.91565	10.7048	11.4098	9.3467	7.31252	7.62233	7.27361	5.82327	3.97037	2.97948	8.00105	10.3755	12.6098	9.94895	11.1488	12.9431	8.81494	12.4372	12.7309	8.77623	11.5163	11.2677	8.3323	2.80692	9.50009	12.8743	15.1358	15.7558	12.9799	8.81662	3.03982	4.87871	2.91797	2.79072	5.49222	7.31216	7.37083	4.68043	1.94713	1.60585	0.985467	0.696841	2.79074	4.77276	7.18106	11.0956	9.29282	3.96652	7.01157	9.59043	10.6814	10.1408	9.66992	6.36322	1.98557	4.45647	6.25643	7.14583	6.39824	7.7439	6.11399	5.48413	7.78219	4.38862	2.85494	15.072	21.5967	18.3692	15.8766	8.5314	4.59281	7.35479	15.7549	15.8864	5.06591	4.90626	5.1454	7.0241	8.73594	8.40599	10.1722	15.9145	17.3093	15.2847	13.7155	12.2681	16.0679	12.9301	4.36097	6.54548	7.56557	7.31229	8.32143	7.97332	6.42121	7.47276	8.70045	7.05783	6.81772	7.46702	8.14951	7.46709	9.18043	10.0149	8.5022	8.64643	7.94391	7.481	9.43054	8.36734	6.16254	6.21324	5.836	8.40599	8.07643	4.91846	5.75074	10.3236	10.5173	6.3793	6.41897	7.0241	11.4697	11.4144	6.51119	6.39793	9.8562	10.5298	12.7526	15.4601	12.697	7.55223	7.56557	15.5153	13.4726	12.0597	13.6809	10.4788	10.8854	12.7343	27.8304	25.1463	19.8468	24.0824	20.7207	14.2317	17.2727	17.7064	14.3565	19.9749	33.1341	38.8708	45.1158	52.8014	57.8758	60.5802	59.6399	58.2008	51.5163	33.869	11.9984	31.4792	33.5492	34.9936	37.8866	36.966	38.1262	36.0797	31.6594	23.6565	20.2303	31.1866	34.5294	24.4405	46.2571	21.5828	23.6715	21.1296	39.8645	35.8516	19.5626	11.7866	17.4177	13.3222	11.1021	10.623	33.7806	35.994	41.0412	39.2141	55.4127	32.3927	19.6851	47.0276	48.5995	46.5437	32.1666	56.5718	74.1298	71.5675	46.8368	70.5398
7.35203	11.8418	11.4738	8.48056	9.06858	12.2827	9.76613	4.74701	4.74701	4.36045	4.97575	3.51857	2.66289	3.31073	2.61702	2.66284	2.15372	1.05952	0.870945	1.48803	1.98539	1.9234	1.26802	1.11533	1.49824	1.75018	4.42553	4.53305	4.18777	3.11309	1.77597	1.91551	3.52282	3.58654	2.22981	4.57278	4.89362	3.75517	3.0445	2.61129	2.81211	5.18271	5.27453	3.13733	4.97575	7.97816	14.0527	12.0443	3.63252	3.58229	7.28513	7.28513	5.14493	6.60395	6.43699	7.72958	8.68121	5.4094	4.69615	5.01488	5.29155	5.4369	2.63432	3.34711	7.8436	10.4735	12.5	9.39235	9.58961	10.0703	5.16524	10.8097	13.3241	13.3843	11.8672	5.4369	6.51064	4.40173	10.6764	10.5741	7.50388	6.06184	4.84108	8.68617	1.49824	3.36049	1.39334	2.46206	7.14509	8.19735	7.10755	4.69603	0.38953	0.174202	0.174202	1.74144	3.58229	4.56286	7.36013	8.71998	6.09377	4.07491	5.4094	13.2541	14.7267	7.45027	1.9234	5.18271	2.66289	2.89677	6.04447	6.74674	5.23752	6.77114	7.44041	7.07192	2.27008	3.9431	1.98537	18.9832	19.9933	2.58798	15.5502	12.4223	5.45358	6.86929	17.6233	18.6307	5.77112	5.58117	7.79073	9.86894	11.8783	12.4419	11.3832	12.7566	9.28267	4.34676	4.63819	5.21165	10.944	8.48903	3.19942	5.4094	8.19751	8.60452	8.30467	8.16668	7.30952	7.87368	10.0094	7.83788	5.18264	6.01721	7.01279	5.42584	7.41433	6.98729	5.40923	6.63987	4.56282	4.38796	8.16127	7.21133	4.91497	6.28677	6.04447	7.73715	7.83788	5.68741	6.25587	9.88344	10.0891	5.68741	5.63449	6.16201	11.4875	11.9189	7.01279	7.31154	10.944	10.9122	10.7561	9.52996	4.60237	6.45343	6.67144	15.3032	13.8337	13.8338	14.4505	8.24775	10.4292	14.9824	25.8365	23.5974	11.6281	9.77218	3.81483	7.3119	13.6087	9.54853	1.01564	30.726	37.9221	26.2222	27.0469	29.1845	33.6059	30.4814	8.22087	14.0215	36.9274	35.1724	30.819	45.9067	40.104	26.7328	10.1698	14.1638	6.9958	38.8874	33.7572	36.9641	45.644	37.2757	16.2216	26.5117	45.5828	13.3463	21.84	7.01279	41.9691	42.2459	25.7149	14.4684	19.5819	20.8528	26.5318	35.0627	42.8625	35.7952	51.4234	19.8668	56.0458	48.7809	26.3954	60.3072	57.1352	63.7632	69.4482	70.881	74.2028	70.0944	39.4021	71.2075
6.16138	9.57037	9.64502	8.98494	12.1271	13.2078	9.529	4.74653	4.74653	4.58868	4.51933	3.32406	2.66265	3.31041	2.96362	2.26991	1.94668	1.21912	1.0594	1.26786	1.57691	1.92321	1.40406	1.16834	1.65205	1.40409	2.46176	4.53259	5.65248	4.05577	1.77581	1.75001	3.9732	3.79863	2.22962	4.18746	4.70527	3.75483	3.19912	2.58779	2.91742	5.1822	4.84683	2.95853	4.51933	6.28613	12.1905	11.3516	5.90119	6.45246	7.2844	7.2844	5.77051	7.02278	5.82218	9.23586	8.68037	4.84699	4.37739	4.01478	5.29102	4.97525	3.51823	3.75483	6.74391	8.81969	12.264	11.2791	9.58865	7.68837	4.67629	8.91742	11.078	14.4884	13.4669	5.90119	2.8544	3.83032	7.58948	8.20553	6.43636	7.34127	3.96563	6.50997	1.92323	1.91533	2.20217	2.46182	8.58818	7.95508	7.59142	5.18211	0.718137	0.389475	0.627991	2.22947	5.49119	4.78125	7.58951	5.59122	3.17537	4.20555	4.84699	12.8186	16.9365	10.3062	1.32636	4.37732	4.09281	1.71498	7.25371	8.59849	6.45493	6.93555	5.72896	3.50096	2.75191	2.96353	1.01553	18.9814	18.4565	2.36791	16.22	13.5337	5.75247	7.27225	20.8991	22.0769	5.21402	6.1615	10.2428	10.5074	11.5241	11.2819	10.7727	12.1095	8.43256	4.46929	4.63777	4.87783	7.39958	5.66838	3.19915	4.43214	8.38882	11.5326	9.01728	7.68837	6.8381	8.58305	11.4336	7.83708	3.72237	6.0166	8.2181	6.39673	7.41358	5.28246	6.38272	7.12354	3.8302	6.07345	8.39567	5.77821	3.93504	6.04385	6.28613	7.49514	8.80132	7.82765	6.69735	9.42255	9.38674	4.97825	5.87323	6.39908	11.0152	11.4462	7.25371	8.02906	11.1777	10.2028	10.755	10.7078	6.90104	6.45288	5.4035	13.0138	17.4226	15.5267	13.6198	6.59212	11.0897	17.9325	20.5286	16.2728	12.6392	12.6436	4.27633	8.91944	11.0156	9.73545	12.6041	38.3614	33.6569	3.90839	31.7305	37.7111	47.4677	29.5653	9.41956	20.8567	36.9247	31.9472	30.1324	47.9911	38.2765	31.3938	20.03	13.3123	17.5396	32.9217	17.7522	40.5391	46.9803	54.3994	24.9517	28.827	47.6673	9.49832	28.4494	5.55897	42.8981	44.6679	28.1251	14.5133	19.1211	18.5905	25.2203	39.2791	40.6285	38.4769	47.9782	37.2219	45.4999	59.6332	24.8931	64.6755	63.2881	64.0699	69.9494	70.0301	68.958	64.4036	38.1097	69.3703
9.83171	13.9869	16.6981	15.3162	16.8218	15.5898	10.2489	6.76324	6.11228	5.59887	5.22215	4.23006	3.68555	4.01445	4.07041	4.66323	3.76253	3.11264	3.19408	3.1368	2.49218	2.36765	2.80621	2.99387	2.80621	2.22939	2.11791	3.90781	7.03688	5.44966	2.88064	3.03894	4.40091	4.26189	2.80621	4.26198	5.60433	5.90345	5.36114	4.54898	4.35635	5.73885	5.90333	5.49093	6.67019	6.76105	12.3603	12.3638	6.79615	7.07271	8.15975	8.7437	7.62599	7.13766	6.09516	10.7784	9.94934	7.35905	6.98632	6.76117	7.85741	7.03711	5.72588	5.05877	6.62528	7.46086	11.6159	12.7853	11.0783	9.06211	6.22856	6.60266	9.56645	15.0146	13.5075	4.79334	2.26971	2.09633	5.30185	6.58008	6.26669	8.13274	4.69538	2.28964	7.7799	9.94672	9.04133	7.58883	12.3661	8.98411	7.39901	4.44168	0.778845	0.696643	0.627937	2.21565	5.83183	4.51893	8.58745	8.31563	8.77928	9.30653	7.12329	8.15975	16.6179	13.3217	3.11251	2.65102	6.26675	3.5223	6.25703	8.66254	6.96047	5.71001	4.12174	3.52216	4.34935	4.03318	3.23637	15.2905	16.5135	10.4388	11.6011	11.1395	11.8256	13.1171	23.8105	23.1841	6.3637	7.96202	11.2642	7.84973	6.04333	7.11265	11.8847	15.7893	12.7055	8.95979	10.2762	10.8523	10.9489	8.13818	2.46159	4.17267	10.722	13.6763	10.0411	7.84973	6.74331	8.30491	11.31	9.0668	5.77004	6.952	8.20307	7.81945	9.01658	7.79119	9.49306	8.99715	5.39177	8.38801	11.2999	9.1444	6.97566	5.22215	5.42482	8.20302	10.1805	9.34221	7.66464	10.2461	7.93959	2.58739	6.54369	7.34863	10.6254	10.2374	6.98601	8.43001	11.4528	10.4063	11.6122	11.4063	7.37495	5.38335	2.78452	12.5205	16.9414	13.7386	11.616	6.07308	11.3848	17.8597	19.609	15.505	10.7394	10.6091	10.3053	12.2642	11.6619	8.44422	15.7718	39.9636	39.9902	18.4472	41.6597	12.9703	54.522	45.2479	42.0235	44.2067	17.7054	22.0267	29.6999	52.8498	37.2278	28.431	20.9868	19.3364	38.511	43.0746	40.7751	51.0177	45.8188	53.8639	34.6583	30.6364	49.6028	37.189	25.6565	24.9462	47.5152	37.8717	21.1148	22.4664	4.44168	22.5454	27.8595	41.5766	35.2354	38.2812	49.9739	60.8573	34.2252	61.516	70.8742	68.1204	43.0236	52.6063	62.1572	58.2768	53.3037	55.6369	41.5741	59.1778
11.698	15.3825	19.4151	21.4216	23.5786	20.6807	11.8497	9.7338	8.65686	7.37441	7.2363	6.25435	5.44938	5.31285	4.91998	5.6861	4.83063	4.38697	4.58809	4.78056	4.13246	3.58569	4.18683	4.18683	3.96509	3.96509	3.47889	3.30979	7.44812	6.60197	3.79805	4.81815	5.34941	5.2217	4.12156	5.10858	7.03662	8.28145	7.75066	6.50919	6.45167	7.4385	7.85669	8.15209	9.28041	8.6977	13.2334	13.9961	7.61965	6.42601	10.1824	10.9897	9.32273	8.51296	7.94095	11.7035	12.5092	10.5594	10.6251	10.4268	10.8353	9.79523	8.68422	8.28145	8.88319	7.85669	9.87475	12.5101	13.1217	9.80514	4.04407	4.30014	9.45948	14.9244	12.1671	3.82962	4.56173	2.99361	4.61724	5.08481	6.08237	7.07024	6.66944	9.91168	13.0012	10.0072	7.54304	18.4534	16.5907	9.34179	5.48221	1.98482	0.696577	0.696577	0.550714	1.16806	4.63676	5.394	11.8106	15.0573	10.7226	11.3096	10.0868	5.04949	13.5363	16.1902	8.53349	9.65118	11.7578	10.8019	6.60233	6.21816	4.74245	6.28274	7.35801	6.63572	5.38285	5.38575	3.58565	7.27089	14.8275	15.3573	5.43834	11.6783	20.0737	20.9118	23.3643	18.497	5.10851	6.86734	7.72919	4.51184	6.30668	11.335	17.0501	22.6924	22.804	16.0126	9.6677	6.07251	9.35535	10.5409	7.79044	10.9056	13.5035	12.8695	10.8404	9.90161	9.44752	8.47297	9.41616	10.8813	8.36606	8.13746	9.6615	10.5261	10.6151	9.49678	9.4922	6.59768	3.41756	10.0863	13.3184	8.07743	4.91387	3.11236	4.51847	10.138	11.7486	9.45339	8.25963	9.94677	4.58782	0.348302	6.90176	8.13172	9.94526	9.07567	7.61753	9.66148	12.8109	12.7309	12.9953	13.0075	12.2706	12.7479	10.1452	9.85254	14.3419	15.5318	13.1852	9.9486	12.4591	13.9348	20.5151	19.5338	9.76186	7.46011	14.7226	17.4817	12.5287	14.1911	24.1361	40.4613	53.8652	51.3704	55.0369	47.0914	39.2705	33.2703	18.4227	32.6575	38.4023	37.4155	59.1292	48.8811	21.6569	7.12259	31.873	31.1501	13.6017	31.0177	26.7358	7.57276	10.0072	45.1421	44.2667	32.7589	50.8777	54.663	43.3994	44.017	44.7979	20.3166	31.1501	31.9573	31.6381	19.1286	15.2385	42.3867	33.0087	35.401	47.3161	60.4007	67.9398	55.4077	54.3074	29.6354	60.6118	64.5217	62.5308	65.3709	50.7491	61.3041	63.3073	30.9606
7.01052	5.58996	7.44765	13.1886	23.2096	23.5977	12.1287	9.00688	8.48604	6.96571	6.588	5.03694	3.82531	4.00241	3.47853	3.04335	2.81105	2.89581	2.89581	3.66841	3.86063	3.19822	3.32323	2.9933	2.36722	2.70698	3.32323	3.35934	5.77663	6.87959	3.82915	3.84102	4.74218	4.40015	3.3004	3.34134	3.96468	4.94378	5.79232	4.69449	5.36293	7.20475	7.6653	7.6653	8.04918	7.45972	10.732	12.321	5.56565	7.02103	10.7334	11.2672	8.88212	7.97541	7.23358	9.7626	11.9206	7.23546	6.75112	8.80935	9.49453	8.13141	7.3979	7.43586	8.34614	7.98845	8.13666	9.6649	13.0721	10.7803	3.20748	5.73777	9.0652	12.783	10.7763	3.09731	2.80568	5.32645	6.66894	6.268	6.73117	7.55838	11.6965	12.4761	3.03837	15.6095	22.5604	21.8801	11.0282	2.89581	1.32597	0.627848	0.717937	0.738738	0.389367	0.246258	2.5869	2.72356	12.4097	18.9787	9.7819	5.28975	9.91115	13.6661	13.8129	14.7815	9.19512	5.15748	3.23576	8.38665	7.97558	6.90575	4.43086	5.62182	8.58074	6.02239	5.27255	0.937653	4.63645	2.8056	3.48279	7.77441	13.1013	16.2259	14.0869	13.3166	12.5081	9.39664	4.05849	6.14779	11.0664	14.0632	11.9535	9.19076	7.54863	11.9495	15.3319	12.0458	14.4386	14.8625	16.596	16.1058	13.1619	13.1619	11.5298	10.5704	10.4031	9.8416	9.30937	7.61109	7.85583	10.2809	8.60981	8.28026	9.04743	7.77253	7.21894	6.86227	6.01495	3.42594	3.5	12.4178	11.2249	2.09589	1.55717	0.984942	5.13127	11.6101	11.7561	7.30679	6.31283	8.41973	5.75084	2.43644	6.26539	6.89905	9.4402	8.92333	6.26552	7.32516	11.1011	12.7297	11.2571	11.4686	9.37667	15.6247	14.547	8.00492	15.7861	25.1743	26.0892	26.0756	26.8389	22.5992	19.1344	19.0692	14.0507	16.2865	25.3782	24.9313	20.5965	23.4353	20.8481	47.8719	64.8531	59.357	51.2369	61.8583	37.893	30.6858	38.3131	35.2043	42.9818	39.9103	65.488	32.461	29.2371	45.2272	43.1223	38.0179	37.0196	51.0849	58.9918	59.3514	49.3333	49.6425	45.738	40.4317	31.4915	2.09595	42.6479	60.2493	62.8895	57.7936	41.8143	27.8607	29.8439	48.3577	51.4616	47.3272	26.894	14.1059	26.978	27.9421	66.1882	71.4764	74.4875	74.799	69.9716	60.9305	63.5991	63.9769	60.1895	64.2776	67.7748	65.8149
3.9719	4.04331	5.22067	8.25809	19.7794	23.5741	14.0384	8.01331	7.71065	6.60766	6.52824	5.48104	3.99826	4.20396	4.79227	3.6185	2.95749	2.89556	2.65029	3.13104	3.15029	2.83226	3.0972	3.43018	3.07764	2.75105	2.99305	3.04308	4.80456	7.52397	5.18026	4.01322	4.51099	3.54687	3.30011	3.49983	3.7615	4.43047	5.89163	5.42361	6.05921	8.02455	9.11137	9.08725	9.14188	8.44373	9.99775	11.0388	7.60433	8.30635	11.8475	12.5365	10.1665	8.98162	8.04119	9.83327	11.6768	8.34514	6.98426	8.59397	8.85511	7.87044	7.58713	7.81764	8.75833	8.41925	7.93765	7.98754	10.3684	10.1189	7.63334	7.47466	8.47474	12.165	12.3153	9.94675	11.9201	16.5768	18.3738	18.7198	19.7577	18.3308	8.5684	10.3704	24.4161	26.5397	19.6889	10.2008	2.70656	2.289	1.25544	0.717889	0.389327	1.05902	0.627793	3.65568	7.30841	7.1109	9.23243	17.7539	15.2385	8.81168	7.96562	8.07611	4.86689	6.60773	15.0608	16.2419	11.2062	0.778619	3.68857	3.47812	5.27223	8.91613	7.45295	2.1527	4.2923	5.66622	5.35966	9.99208	7.36313	7.66448	13.7633	18.3332	10.6442	5.30032	7.01589	5.13076	1.39269	4.74183	7.98228	7.9746	8.51104	11.4841	17.7648	25.0578	27.8904	23.4703	17.5105	12.1278	13.845	15.0055	12.8619	11.1366	10.1136	11.0076	10.6825	8.3063	5.56512	4.34465	6.52824	9.45163	8.75798	8.97481	8.26514	5.6318	5.77604	4.58692	5.97449	6.04158	6.60083	11.8084	7.83038	1.74072	1.60491	2.71771	6.01434	12.6837	12.5657	7.80413	4.34813	3.96789	5.55437	5.73727	6.98414	6.83785	8.89108	8.91576	5.58912	5.0482	8.98132	10.9442	8.47641	7.96512	10.2728	23.6184	18.7386	16.7705	27.3285	31.5197	23.9864	9.77985	8.74121	8.58022	11.8439	17.8995	19.0025	21.2156	24.803	18.1769	4.89144	13.0845	32.7423	59.6547	64.3875	49.5109	13.8969	54.8166	43.8201	25.1849	45.1481	21.2246	34.571	45.5114	60.6028	27.6284	31.8757	48.0984	24.3533	54.1734	31.9522	14.9217	15.7912	32.3372	50.0298	48.4472	44.4796	54.9012	59.7651	60.3757	48.5902	24.2487	34.2794	56.4824	61.8647	47.8764	37.483	34.2219	52.9655	52.032	55.8301	51.9219	53.6964	47.4251	16.1471	65.0465	68.2469	49.6116	19.7097	43.6306	62.6028	64.0902	66.9575	68.457	71.5829	72.0306
2.83183	1.94575	4.20328	6.25457	15.6891	23.2384	16.3238	7.06792	7.10149	6.72969	6.64286	5.81939	4.51069	4.93682	4.86639	4.13125	3.04277	2.95719	2.97245	3.49509	3.20698	2.85322	3.13563	3.58464	4.18561	4.45037	4.20713	3.69645	5.04783	8.63544	5.55651	3.00275	4.91518	3.51654	3.29977	3.63056	3.81678	4.34435	5.54584	5.53509	5.99166	7.44421	8.48437	8.04763	8.21635	7.56083	8.99379	9.75329	7.87869	8.38478	11.3565	11.192	8.80913	8.47571	8.02374	9.6814	11.9005	10.0011	8.385	8.85075	8.4184	7.96481	7.92391	8.19853	8.96615	8.63581	8.6	8.92186	9.86326	9.97321	7.748	7.25025	7.54673	12.4519	13.9681	10.3452	12.4341	13.7493	9.56793	6.3119	3.51654	5.40631	18.9515	25.099	21.7337	14.4142	7.51576	3.19758	1.40336	2.97245	3.09688	3.37664	4.10207	5.63158	7.68712	11.9127	12.6293	11.429	12.4113	17.3912	15.7891	5.89327	4.31657	7.44644	6.39411	2.89526	4.18549	9.20622	16.0336	9.43833	8.63581	5.48891	4.54708	5.4475	3.26745	2.12428	3.14992	6.62255	7.03412	5.43676	7.45239	7.97394	10.0255	14.71	12.7938	9.2504	11.4623	10.0478	7.40238	4.18549	7.86402	20.0857	26.1567	26.6268	29.3961	31.2412	26.0764	15.945	6.51412	4.09085	13.6432	13.1127	6.93864	7.18459	7.90676	8.80735	7.34991	4.35792	2.96211	4.1018	7.12644	9.51383	7.45796	8.65918	8.97885	6.89775	6.18997	3.13555	7.12644	10.4579	7.10993	7.00873	6.72969	3.19287	2.65557	4.00148	6.2522	13.3504	13.271	5.89837	1.94579	1.40339	2.20111	4.54708	6.26659	6.85444	9.29304	9.29304	6.60009	5.6736	8.48414	9.76054	9.27724	12.0624	15.5797	26.7012	19.2371	15.4579	24.6413	19.8743	10.0734	15.1663	18.5534	15.228	10.2024	18.4712	22.167	21.7758	19.7418	8.88191	8.34948	22.75	41.252	59.1621	56.6697	34.8628	27.4577	45.756	55.7066	44.7489	52.7028	40.0085	40.1285	49.0829	62.543	56.9297	49.37	49.4414	51.1491	53.3548	14.0273	27.3987	27.2081	25.3649	45.4313	38.4017	9.27787	17.0612	38.1668	59.4462	68.863	67.0773	57.9482	44.7523	63.5531	62.0905	48.7716	35.3049	44.0202	54.1276	60.0013	55.4784	48.0036	39.2289	54.1488	26.0105	28.688	58.9982	63.8703	60.8668	55.9494	35.7155	58.1163	60.6771	66.0694	71.3633
1.26714	1.81692	3.58409	4.13072	13.0034	23.3774	16.5664	7.10085	7.01881	6.79503	6.41413	5.44986	4.11994	4.53024	4.39548	4.37487	3.42948	3.26729	3.34487	4.13085	3.96348	3.09656	3.19255	3.45141	4.07219	4.86589	5.03561	4.44991	4.17429	7.16939	5.00848	3.58425	5.73611	5.21965	3.97109	4.17794	3.88678	3.69607	4.3577	5.0475	6.37473	7.13433	7.73788	6.64231	6.2518	6.07265	8.17227	8.86804	7.10927	8.09969	11.3707	10.0955	6.97423	7.14045	7.73788	9.54224	12.29	11.0513	9.49181	10.0871	9.59887	8.87658	8.50288	8.65881	9.38653	9.07258	9.60801	10.7736	11.2949	10.5222	7.64568	7.47322	6.98268	12.0127	13.8703	9.26863	10.3216	7.49915	13.7645	18.4476	22.9225	26.3994	25.7111	16.442	5.05635	2.20098	2.36651	4.2985	3.52047	1.94555	3.65085	9.71823	13.1412	12.1468	12.489	15.0174	10.2784	6.17514	10.0001	13.1106	7.60275	7.86884	7.58755	2.20091	7.8781	10.7831	10.4796	6.03327	18.5795	17.1444	10.8472	8.92099	1.23081	4.51012	4.63499	2.09534	2.15233	5.98089	9.5833	3.29934	6.62232	8.19949	6.75782	9.90782	13.1846	13.1685	16.8573	11.0591	13.2543	12.37	19.1078	24.7522	23.9226	15.7867	13.6723	14.2335	7.03376	2.99228	6.7666	7.88948	18.5408	17.2108	7.32304	9.52521	8.84975	6.76654	5.04727	5.05621	7.15304	7.84618	8.38407	8.11965	4.9178	10.2553	9.64704	5.48814	5.20231	2.9772	10.6654	14.7241	10.4227	6.15094	2.56856	3.37614	3.45123	4.30194	5.77753	12.1779	13.3757	7.46138	4.17429	1.21842	0.627664	3.72026	5.40009	6.15063	8.81476	8.88939	6.89706	6.30393	8.58338	9.54053	11.6561	17.4479	22.1714	26.4306	15.6048	11.3453	18.106	16.595	5.69149	5.96101	14.2597	19.2116	16.1339	23.6069	20.1148	12.3809	15.6602	16.3445	5.16184	29.9348	46.8871	59.86	51.9083	33.7051	43.2251	41.9967	59.7085	60.6915	55.9203	46.2938	48.7016	56.4539	65.7344	67.9846	63.3412	53.7369	65.2398	49.8002	23.5643	31.9863	32.0785	29.4627	42.3609	36.4225	17.4149	23.5028	46.6485	43.2617	42.0429	50.5608	59.2881	63.8939	32.3918	63.265	57.6055	53.1655	47.885	29.0706	37.1023	13.5636	9.75823	44.5872	44.6226	59.2233	65.1403	64.8551	64.3077	62.3859	65.8789	61.9334	70.5575	60.2455	13.2778	55.9218
2.0879	0.62761	2.61503	4.42895	14.3197	22.2739	14.2553	6.89851	6.7283	6.25103	5.58753	4.54622	3.94033	3.8279	3.99709	3.65464	3.11087	3.267	3.37601	3.9211	3.88638	2.83143	2.18009	2.42311	3.267	3.49881	3.45111	4.10129	4.67665	5.34669	6.01259	4.97199	6.09174	5.57699	3.65473	3.9211	3.8121	3.58397	3.73224	3.96697	5.44945	6.96306	7.6139	6.59448	6.09166	6.07942	9.33856	10.0065	8.17709	8.97902	11.6735	10.4533	7.85282	8.17149	8.55182	10.6018	12.9892	11.1708	10.0256	11.6197	10.7727	9.43088	9.45563	9.81441	10.2986	9.6466	10.6145	12.6314	14.7486	15.2206	12.6809	9.801	7.3709	9.56559	10.4323	9.03591	12.5457	15.2117	16.9505	16.5412	17.6471	16.8261	11.4956	4.1739	1.05871	1.26706	1.26706	4.11935	3.74414	2.86847	6.81834	9.48585	4.06809	3.13501	5.76664	8.95918	3.28084	3.3082	9.9902	9.4982	0.550427	1.64177	3.45088	8.34793	13.5366	14.5803	13.748	8.66482	16.9258	19.2098	3.8121	10.8685	6.93734	3.03709	3.82764	1.64166	1.25499	4.7243	9.15964	9.18997	8.13912	8.39942	6.98239	6.76589	12.5936	15.1526	17.8603	9.21699	8.00196	11.2953	13.0058	12.3395	13.7768	7.13367	8.74569	13.3578	8.42561	8.32524	9.18701	4.48317	17.0611	17.0138	10.1904	12.4815	8.21266	4.4391	5.64871	10.5663	13.2733	12.8848	10.0242	5.90758	4.06791	10.2288	9.38057	5.28749	5.55527	3.28064	13.0021	14.9121	5.47959	4.69258	2.1024	3.71988	3.09609	4.14482	5.29878	10.2231	12.6801	7.95724	5.55536	1.98397	0.778434	4.24167	4.66674	5.29878	8.06595	8.50856	7.27957	7.05183	10.1675	11.3859	13.8892	18.9304	19.5568	19.8139	17.1961	14.7534	13.9225	18.3499	14.1831	13.082	12.9896	10.5921	25.6235	23.7194	7.13998	21.374	27.0568	28.0695	29.0447	49.4001	59.721	61.2967	44.5086	22.5511	29.8285	3.61745	22.9771	38.4259	39.3245	36.8666	24.704	15.683	11.5846	47.6353	57.4838	54.1306	68.0934	57.7414	38.8208	36.3424	43.4595	25.0466	43.3575	40.3895	28.4636	26.3605	48.2063	60.6521	64.0526	57.5534	48.1563	57.5037	42.8183	37.0582	46.1604	44.6542	42.495	51.1014	38.0513	11.5071	43.4835	33.0643	51.3616	65.0668	58.086	41.9791	56.8477	46.7647	53.7695	54.6546	70.8248	71.3493	66.4843	55.0726
4.88953	3.42442	2.58566	6.44072	15.7763	20.092	12.3602	7.35988	6.52337	5.59505	5.10541	4.05654	4.2059	3.73186	4.22716	3.14907	2.95633	3.28051	3.47687	4.0898	4.0898	3.19195	2.3404	2.63206	3.17294	3.11055	2.85239	3.47687	4.67618	5.10846	5.68262	5.97224	5.81517	4.88949	3.90538	4.2978	4.29082	4.42876	4.7684	4.2415	4.86177	6.52576	6.94738	6.42233	6.24109	6.07885	10.2393	10.2351	7.6016	8.81335	11.6184	11.518	9.83695	10.0158	9.50991	11.518	13.3565	10.7325	9.56045	11.584	10.889	10.1443	11.1093	11.756	11.369	10.3999	12.5048	16.0537	19.8912	21.045	18.5184	12.7031	7.4084	6.22428	5.96721	6.01972	9.08387	11.4859	10.6719	8.96361	8.2409	6.30057	3.34424	2.3404	1.79144	0.550377	1.05861	2.50856	3.68714	4.00058	8.1419	14.0515	12.4308	8.31046	8.54777	12.2133	4.52926	4.2059	12.1066	7.80489	2.58568	2.45998	4.22716	6.14469	16.7218	11.5836	8.5337	5.62968	13.3024	16.5168	8.67387	5.15212	8.63823	4.43892	3.30791	2.26151	2.96136	4.45226	7.75349	12.6286	9.76394	8.3599	10.6013	9.52238	9.06091	13.331	16.6855	14.8639	9.95921	8.29606	8.21391	10.0246	17.93	20.7446	18.4136	18.1733	14.0238	7.30364	3.32146	4.5061	14.74	16.4905	11.0918	10.4203	9.37364	7.05122	9.37977	14.1126	12.1053	8.26237	6.77649	3.13472	3.28035	7.73058	8.5337	6.53934	6.06889	4.14446	13.7919	14.3185	3.34414	2.22778	2.20056	3.66661	3.68709	5.14054	6.69459	10.5571	12.8566	9.58152	5.12588	1.79136	0.696176	4.14446	3.7438	4.94126	8.04513	8.35953	6.85256	7.49751	13.3468	16.758	16.7702	16.2353	10.6416	16.0295	24.177	21.5145	10.774	14.4712	15.4098	8.27633	10.6638	17.3409	25.3867	14.7524	19.5951	22.1888	22.4413	26.9029	14.8631	37.1517	51.9567	58.2653	51.7552	52.8347	56.7898	55.0314	46.1606	38.161	49.8119	61.5222	66.3025	69.8937	70.7836	66.079	52.2946	23.9337	64.6357	69.933	70.4119	68.8596	69.4068	68.9421	61.5195	32.2113	10.3356	35.9758	58.069	65.1314	59.5837	26.5041	36.0869	55.5779	65.9495	44.2235	53.3478	53.4623	61.2665	43.7784	33.9868	31.6659	48.0255	21.9776	63.8801	48.8738	46.1784	23.9535	57.8118	57.9928	48.294	44.3586	65.7462	69.3915	70.9075	68.3141
5.34594	6.6406	6.86278	7.53804	15.6073	18.9704	11.9078	7.40728	5.97912	5.05476	5.03704	4.89221	4.42838	4.22685	4.71717	3.51961	3.71943	4.07107	3.81534	3.85842	3.7153	3.49815	3.47657	3.35743	3.83885	3.81138	3.81141	3.42854	3.03661	3.66626	4.97106	6.30927	7.22922	5.3904	4.62415	4.99831	4.83668	4.54556	4.86456	4.78998	5.14018	6.55924	6.64037	5.74749	5.72667	5.73448	10.3985	10.4194	6.58424	7.64346	11.0336	11.5118	9.01639	8.99038	8.80753	10.9931	13.4517	11.1066	9.49058	11.2008	10.4364	11.1083	13.4565	14.9528	14.8359	13.4283	13.4689	15.4515	16.4466	10.7263	8.98228	7.60071	2.78239	1.56594	5.51132	7.68234	8.05946	8.34683	6.83269	5.14018	4.05608	2.26124	0.870114	1.11427	0.887355	1.49673	0.870085	0.870143	2.60882	3.19637	4.01139	7.10731	8.32359	4.50883	2.87831	12.3935	14.146	14.9102	14.7459	4.08943	6.24051	6.27856	3.20567	1.94509	13.8869	20.061	18.4085	12.5978	15.2373	16.0791	14.159	7.48728	3.96599	2.41643	3.46349	5.17794	6.08824	4.72366	7.43328	14.5997	13.2056	8.8043	9.71559	10.4685	9.26649	7.87567	8.77235	14.4089	16.9515	16.3973	11.6899	7.77414	14.4168	19.3194	18.9493	17.5532	12.9047	10.3639	17.249	21.1882	20.6816	17.8539	11.1893	5.38751	8.07173	11.6158	12.3752	12.0852	9.66689	6.20677	2.2613	4.00009	3.32121	7.43127	8.65088	6.58632	4.91637	4.24087	13.1133	13.1809	4.51557	1.56594	2.69981	4.9712	5.61871	6.92749	9.00177	12.2028	11.6959	7.93355	5.22095	3.73133	3.34382	5.55442	5.03704	5.27806	8.49834	8.76717	5.91889	7.37923	16.3095	21.352	21.209	24.224	25.2417	24.5743	22.1588	16.9864	15.5235	16.2867	18.3941	15.0242	14.998	21.6572	7.13864	18.7308	20.1683	6.91478	8.24568	26.3757	20.4214	28.9361	52.8739	60.4647	48.7225	34.0883	31.5431	34.4622	43.2929	48.8409	66.9704	71.0404	70.386	68.3195	69.2052	72.3462	73.386	66.6414	19.3789	54.8051	66.421	69.7681	71.6085	73.7131	72.2907	65.8338	59.7838	65.8553	66.8491	57.6536	64.3597	53.0778	37.2627	41.7503	70.0225	68.8912	54.4192	66.9562	72.0516	63.5703	57.0445	59.2057	39.0766	55.7488	66.8038	46.7865	58.1998	47.9443	63.4618	58.5727	36.1317	40.2781	23.1575	58.4592	67.7759	69.063
2.26776	4.86395	7.97002	10.4184	16.508	17.6385	11.9032	7.12316	5.93104	5.06028	4.22644	4.14388	4.20511	4.8732	5.04546	3.5787	3.93154	3.85812	3.54483	3.47612	3.24752	3.61639	3.96203	3.61639	4.18352	3.96199	4.07065	4.18361	3.51928	3.47612	4.3559	5.91838	7.51184	5.78838	4.43808	4.6753	4.45157	3.93918	4.20511	4.30054	4.50855	6.49482	6.89454	5.59409	5.42305	5.74696	10.4836	11.013	6.9354	7.30207	10.7303	11.233	8.05102	7.88624	8.13665	10.8428	13.6578	11.5159	10.1651	13.3447	13.5332	13.9664	16.5079	19.1807	20.4353	18.9698	14.8167	11.1728	8.84304	5.90604	10.8974	8.81171	4.88861	4.4279	5.39	6.28055	6.34661	5.74189	4.54509	3.27989	2.441	1.77408	1.39188	0.627427	0.88725	1.65047	2.32047	1.2547	0.717473	1.88159	1.79102	2.97093	8.39659	9.11715	9.4528	19.2936	23.1384	18.0703	11.2539	13.4127	6.98018	8.35095	5.03345	5.05445	1.48652	11.3112	16.1895	12.0386	15.7961	14.5557	10.0788	7.2777	2.49004	4.90993	9.0595	10.693	10.1881	8.56347	7.10664	13.9858	12.708	5.44772	5.15985	3.82275	4.69136	5.42312	1.98339	1.73971	6.18709	13.5928	13.0777	3.84636	9.07881	11.5472	17.7628	23.5314	24.9539	24.6202	25.0581	24.81	22.385	16.5742	10.9279	6.74666	9.33599	13.8127	10.172	8.05826	8.26061	9.38587	2.85171	5.82714	8.50661	10.3405	9.85871	5.89831	4.73894	6.15569	12.1207	9.86883	3.99596	4.77674	5.66305	5.95877	5.38716	5.95869	8.21588	12.116	11.1275	9.32828	9.30324	9.13651	8.02157	5.81679	6.46966	6.77509	9.91746	10.5455	9.24618	14.6366	19.0624	19.6146	22.4256	25.2205	19.098	15.2282	1.74833	13.7594	17.9709	18.1721	20.6237	22.3475	31.4908	27.6633	16.7122	23.2534	16.8384	17.7863	16.8004	19.8608	38.7253	34.1823	26.2141	54.372	37.6257	6.05549	19.3208	35.3492	52.9957	59.7574	62.108	41.4715	23.7401	18.8561	14.7498	34.1529	57.1641	67.802	68.5517	64.6942	56.1626	42.111	33.636	16.9603	39.2494	65.6601	72.6303	72.1186	66.891	70.2112	69.8376	54.4281	52.418	43.9427	62.5432	73.1933	54.9983	28.4961	70.3333	69.5867	58.3452	66.6842	29.7227	60.5104	66.2662	58.8404	67.8003	71.134	70.4755	59.6807	42.0155	44.3651	55.8048	56.7531	66.8914	70.3555
2.85142	3.88476	8.53132	12.5677	16.7365	15.3089	10.8522	6.28201	5.51276	5.10692	3.5445	3.56576	3.9043	5.03607	5.08047	3.23332	3.44981	3.24723	3.30695	3.34326	3.75898	4.42076	4.38321	3.44981	3.65326	3.65326	3.19107	3.58261	4.0703	3.81066	3.68604	4.93371	8.30765	6.83101	3.68207	4.06656	4.06656	3.96169	4.30018	4.31413	4.28963	6.69269	7.19916	5.89776	5.7256	6.10648	10.7923	11.1664	6.97951	7.30138	10.8723	11.8263	9.20109	9.1581	9.52097	11.8155	13.8125	12.069	11.0043	16.0551	17.9509	18.195	18.5503	16.4416	12.7209	10.8436	7.12283	2.9758	3.65326	7.51143	9.01483	7.06208	5.6628	5.12469	4.2721	3.9312	3.56576	2.17927	1.16712	1.01453	2.09433	2.61404	2.1016	1.65032	1.23021	0.521995	1.25452	0.627373	0.627373	1.81601	2.03575	2.70475	7.4059	12.0309	10.2278	15.3304	17.7046	9.16936	11.2129	17.562	5.74641	9.41285	9.3895	10.4661	10.527	10.7132	0.936975	3.12895	16.0395	17.7458	8.95585	6.03023	3.96149	10.2364	12.3387	10.0784	7.16645	6.24908	7.13737	10.3966	11.5307	6.65468	7.07232	5.30817	1.88152	2.65406	3.10969	8.87253	12.8965	15.8268	16.6112	15.2124	23.5751	28.1206	28.3586	25.9025	21.6254	15.8808	11.8155	10.2735	12.1355	12.8439	9.52135	7.8295	13.1789	15.1576	8.81923	5.26851	5.15932	9.42212	7.82897	5.89776	8.3734	9.27249	8.6359	7.51143	9.38222	10.7256	10.5625	5.27698	2.26753	6.39243	9.29726	6.3902	5.70482	6.46907	7.22787	11.8684	11.3387	8.521	6.26076	13.0656	12.9407	5.81373	6.80518	7.70571	11.1265	12.6218	13.8205	16.8352	13.7259	13.6646	22.0169	28.2286	24.2146	18.6323	16.1679	11.0686	15.799	15.4876	13.3645	14.5122	38.4294	28.9592	20.0158	23.0762	16.8722	1.16706	20.9492	24.0144	35.1824	43.5605	38.1652	44.2764	31.9869	47.7051	50.1694	46.6361	44.5556	41.9738	28.6955	35.0263	49.9205	41.8421	40.259	23.6358	19.3183	49.7042	63.328	66.8748	66.235	58.6834	53.0342	50.7273	41.6156	47.1387	34.4133	27.2784	30.793	71.2278	72.4229	67.8478	63.4816	53.9585	13.9002	66.9159	70.4329	62.1443	33.6787	64.223	65.3773	65.9747	57.8207	64.8393	57.6749	30.4315	25.1193	56.0066	61.5958	52.8659	60.9032	29.5284	64.0976	63.9095	42.1865	58.4439
1.94447	5.7717	10.6146	11.6632	14.8311	13.5406	9.28075	5.44396	4.58349	4.39631	4.20073	4.29973	3.62815	4.63238	4.69035	3.61571	2.50773	2.82997	2.78701	2.87763	3.44071	3.69398	3.74253	3.19074	3.51428	3.64878	2.80864	3.42313	4.28923	4.5837	4.2892	4.35514	8.76479	8.4422	3.66527	3.96124	4.393	4.38277	4.29973	4.54424	5.58516	7.09694	6.86088	5.90477	6.24832	6.58239	11.2578	10.8846	6.49361	6.80434	10.0118	11.3099	9.06722	9.30134	9.5201	11.6927	14.9988	13.4304	12.1668	17.0727	14.8508	8.6334	5.5609	1.73933	6.66557	9.86588	8.47035	5.79521	4.54424	5.38884	4.19698	2.7488	2.08692	1.92104	1.57511	0.717337	0.521946	0.869868	0.936881	0.347969	1.60362	1.73933	2.33951	2.26738	1.167	0.550169	0.869846	0.173986	1.21772	5.04455	12.4273	18.2634	15.1557	5.1386	13.3558	14.6566	16.183	20.2418	14.1476	10.735	4.74116	7.40527	13.1334	12.1208	5.53384	11.7573	5.44421	4.54424	14.3182	19.0976	10.2948	5.91727	4.39631	10.5613	10.5818	2.82997	4.06989	4.86314	5.71992	8.21085	10.3957	11.3543	10.8303	7.74331	5.66223	4.74134	9.82145	15.7937	17.8533	18.2626	17.8455	18.1638	19.5227	21.2958	19.0246	10.8782	8.9502	15.8013	16.8679	14.965	11.2155	11.6723	13.665	9.55708	14.8742	15.2892	9.48199	6.06444	4.34481	8.15672	9.38871	6.06662	4.86291	5.31043	7.51834	9.6645	12.2649	11.3205	6.14743	1.57511	1.73929	7.16537	11.0318	8.34939	6.80884	7.44144	6.49371	10.0408	12.4108	9.51993	5.59304	17.7031	16.4254	6.14743	6.35709	7.27637	10.9796	12.6117	14.6869	19.7373	20.5082	16.0381	18.7746	18.7076	18.2308	22.5563	16.1588	10.8846	12.597	14.1144	15.1487	21.4427	36.8094	27.6113	13.0055	28.7967	38.4039	43.5388	42.5263	28.184	8.47908	23.7411	20.7861	14.7262	22.9532	37.3309	22.5123	17.9232	9.66435	13.1773	10.2355	34.1033	40.362	31.1352	43.2451	25.8593	39.9635	42.227	42.1272	46.3441	49.2784	51.4241	51.9705	51.3721	51.2871	35.5968	63.9782	68.1205	64.4873	35.9477	69.3795	72.8844	71.8692	69.5656	65.6725	14.0282	66.5662	70.9772	55.3568	50.4343	68.9956	66.1627	70.4197	68.8411	38.09	48.7965	59.5287	60.942	50.9097	57.9202	56.9798	54.4661	56.5164	59.3816	54.3114	44.9218
1.64084	6.68463	11.4324	10.7016	12.8561	12.5382	9.35045	6.30691	4.96919	4.00994	4.55704	3.8453	3.37394	3.8569	4.25714	3.58188	2.43412	2.63078	2.74866	3.20462	3.1952	2.82983	3.29728	3.42724	3.79409	3.85697	3.35616	3.79409	4.22885	4.76619	4.86273	4.34102	9.03882	9.19446	4.20028	4.22525	4.29579	3.96472	4.29937	4.93311	5.60336	6.43092	6.59078	6.43085	6.92703	7.64069	12.1761	11.5772	8.18686	8.47812	9.07928	9.65578	8.9082	9.29554	8.5038	12.2807	17.2366	13.736	11.3332	11.9609	8.43453	12.1379	15.1835	16.134	15.4898	13.9557	10.1225	7.58649	4.89037	0.695848	3.96472	6.24791	6.96359	6.58421	5.4437	3.88424	2.17886	1.40233	0.738079	1.11378	0.984062	3.8139	6.39163	7.46273	6.44726	3.73013	2.97021	4.35143	6.68945	12.223	17.2113	15.4816	13.8096	11.6771	5.42151	15.7547	8.33649	6.41003	7.59386	4.83464	6.7444	4.67053	13.4582	11.2516	4.86273	5.64848	12.539	12.0484	11.3774	13.9848	11.9753	9.03882	5.27596	9.24353	9.38776	3.80975	2.50736	1.84875	1.74783	5.7426	8.41177	12.8199	12.1981	5.30717	6.77337	6.76242	11.4889	13.6036	8.21022	7.87281	7.7116	14.6153	16.9801	12.3926	10.5718	5.76363	2.45883	9.82054	14.074	19.1129	25.2977	14.8156	10.5485	13.0608	15.1258	9.63331	2.28698	1.05809	2.26712	7.95837	8.57259	5.42151	6.95905	8.42219	10.5958	11.0399	9.40812	4.00994	2.44033	1.64084	3.82559	8.15055	12.109	10.3933	7.61738	7.22879	7.20425	10.3753	13.3955	11.7793	10.6953	23.3671	22.8482	6.22152	5.23053	5.43247	9.93656	11.2157	10.7017	13.2741	22.9474	24.5248	20.6222	8.95917	8.63442	11.6036	14.7587	13.4048	13.1343	25.1783	33.3816	30.401	27.7525	26.3016	15.5236	15.3071	10.835	14.8984	40.7066	46.2338	38.367	32.4498	22.9259	15.6385	19.4314	35.5566	7.19769	40.4762	35.4288	39.6468	36.4242	32.4018	46.6376	39.3697	57.4953	50.8696	52.3597	66.4083	69.8839	69.2022	63.7761	54.8771	23.0426	53.3949	65.164	66.5809	60.7494	52.44	64.7001	62.3999	48.2325	65.7671	72.1756	72.2992	73.5028	67.7625	41.3017	69.8012	70.9253	43.1491	69.858	72.1361	71.2237	61.8018	65.5073	28.0613	60.849	69.7612	47.7155	59.2452	56.5548	64.7738	63.0747	46.5029	51.6303	54.7775
1.77343	6.96243	12.3532	10.3418	10.9654	11.7647	9.33072	6.30626	5.37669	4.58283	4.38194	4.76549	3.49205	3.62745	4.08747	4.1675	3.47913	3.13291	3.58157	3.93006	3.82534	3.56472	3.72975	3.66464	3.68099	4.05423	3.74181	3.46183	3.66455	4.29535	4.72146	4.52682	8.27872	8.81972	3.8252	3.82522	3.4921	3.46183	4.0506	4.48018	4.77508	6.23993	7.09766	6.93278	7.45573	7.95778	12.739	13.2868	13.1067	16.9278	14.9043	8.51889	8.95328	9.89447	9.23154	13.9043	17.1725	10.1837	6.0061	6.61718	10.9359	14.2236	16.0648	15.7121	13.0886	9.85238	7.11448	5.95639	4.62164	5.30663	6.4466	7.70367	7.86296	7.22806	5.21568	2.95966	2.26687	1.43417	1.10006	2.09366	1.40213	4.27062	6.41868	6.74413	7.06004	5.2071	2.19931	3.88369	5.73174	9.1024	8.90739	12.7839	11.1831	8.29465	7.38977	14.0554	13.2441	5.10246	6.78758	2.53118	5.96911	10.415	9.94004	6.36957	4.23883	10.7089	10.7228	9.14113	5.60252	11.2491	9.04432	9.75678	6.8939	12.4871	13.9167	8.54998	2.0938	2.26681	1.8729	1.72146	6.63738	12.8377	18.903	11.9609	0.550081	2.03516	8.9075	14.424	10.8178	11.2254	14.5052	20.7483	25.1469	16.0681	6.59474	8.86135	7.09566	6.5563	2.53109	8.80832	27.629	26.2228	11.8223	4.93227	8.86135	1.26616	5.03463	4.35441	3.71352	8.58714	7.81168	4.67334	6.85503	10.7745	11.6313	9.8709	7.19696	3.03518	0.886905	5.5411	7.27712	9.68667	12.8186	11.0896	8.46853	7.84776	7.55053	10.3295	12.1444	12.662	11.9766	27.8016	28.8862	5.0077	6.21103	4.68928	8.2573	10.2702	10.1609	13.7333	26.0702	27.4907	15.9183	10.978	15.7768	12.9602	20.1733	16.793	21.3689	36.3344	39.3169	25.6315	21.2849	24.9296	18.8993	2.44005	14.1049	25.3158	35.3689	28.7023	9.88277	6.60143	23.1982	51.4948	51.8725	57.4655	44.2296	57.5652	56.6472	64.1782	66.3419	65.356	64.846	60.2238	66.3207	70.7176	73.0883	71.7629	59.3053	23.5696	35.4634	61.1649	72.0666	73.5167	70.3347	64.3714	47.5767	27.0854	39.2595	64.1064	67.7381	35.6921	56.6087	65.7884	73.7212	75.0616	63.3016	64.2708	73.7814	56.8348	52.2133	64.0296	65.0138	67.1568	71.7959	56.9629	57.9061	71.2237	48.6038	51.9102	59.3912	62.0846	54.5743	42.9306	52.5752	65.8534
3.29661	8.39261	12.9359	8.57099	10.1643	12.2098	8.81897	5.64456	5.10506	4.78719	4.67304	5.88529	3.71316	3.20391	3.31934	4.37113	4.56589	3.66427	3.93729	4.17441	4.31243	4.31243	4.28798	4.11641	3.65192	4.0278	3.68063	3.80917	4.08707	4.17071	3.74144	4.38149	5.76232	7.34292	4.31221	3.68051	3.99782	4.12731	4.12733	4.28798	5.1576	6.9257	7.26611	6.77186	7.27424	7.8713	13.8711	15.4783	14.803	16.7792	14.5839	13.361	9.57098	8.30816	8.09637	13.1576	15.9929	10.7938	8.14204	9.31624	11.4784	11.4984	10.7405	9.71608	8.06029	5.10216	7.10097	7.60996	8.06735	9.19761	7.38943	7.22747	7.0699	7.93101	6.30568	3.13254	2.97465	1.32445	1.64962	2.42117	1.40205	5.54037	7.11977	1.57467	5.10196	4.47951	1.64967	4.76506	5.67884	7.28445	9.37402	11.7776	14.5467	12.0033	10.1302	9.51738	19.4154	12.632	7.6101	5.2036	9.01139	8.86908	6.50792	2.96951	5.60203	11.5054	7.50862	9.40633	7.46083	13.5151	7.36518	8.38386	5.90292	16.3911	17.9439	10.0557	10.6282	3.66427	3.5132	3.19452	1.94396	4.88917	16.8564	17.4278	5.82688	5.7234	7.12005	13.6875	10.1774	7.94429	8.94636	24.7442	28.3244	14.9798	10.0989	7.97938	3.49172	10.2584	11.4183	9.5054	13.3887	22.5911	23.7351	21.9327	13.9877	5.44263	4.85853	1.47561	4.05	8.24056	7.15297	6.14543	9.97558	11.5353	7.91601	7.71791	8.50416	6.30587	7.11349	8.31888	8.74923	11.0159	12.6576	11.2137	9.15463	8.35425	8.74919	10.681	11.742	13.9795	10.594	31.2285	31.1934	4.28781	6.84801	6.09434	7.88431	10.8695	11.6562	16.0194	23.9213	22.262	17.1475	14.4472	5.48362	18.2945	32.8319	36.2013	36.0827	31.6076	25.8733	27.4271	32.6516	35.4603	33.8527	20.6337	16.0625	15.4772	22.8826	23.8783	20.7093	22.5388	32.0313	51.6341	36.3038	57.4185	56.2411	51.7639	40.4267	31.8913	37.905	31.2154	41.6015	38.5963	47.6162	47.54	28.062	27.4799	59.245	67.224	70.8878	70.3974	60.7702	22.7642	30.85	37.7129	28.3733	42.6509	46.339	59.1056	67.3016	61.0638	22.2447	39.4001	69.4169	75.549	71.9355	62.7358	64.6453	63.2499	60.8035	51.7251	30.2489	63.3781	73.4898	65.0122	54.644	70.3185	56.4115	42.5185	56.6678	49.5916	62.0697	61.7206	18.6851	29.3278
2.43959	9.75051	12.0253	7.79897	11.1418	12.9576	8.4668	5.72289	5.15714	4.14153	4.59483	5.31966	3.30539	3.14663	2.5838	3.84418	4.9072	4.09778	4.20274	4.17406	4.18124	4.31206	4.62107	4.67265	3.61435	4.02743	3.95973	4.28758	4.12697	3.68434	3.31904	3.46118	3.8245	4.58167	5.04245	5.58273	4.73931	3.85585	4.12694	4.4254	5.05158	6.58887	6.77117	6.40817	6.93144	8.03915	17.1953	19.4436	14.8391	12.7501	9.00421	11.8888	9.24148	5.54802	6.20265	10.6322	13.1595	9.57598	7.80875	8.80029	8.79861	7.35475	5.5509	4.67262	5.00676	6.00497	10.8485	10.1876	8.33398	7.43835	3.58072	2.03487	4.19899	8.08837	7.28371	6.12327	5.76199	4.52581	2.98941	1.05778	1.49582	2.82881	6.84733	3.91775	4.03846	3.42604	2.45806	2.71459	4.12677	3.51293	3.18954	2.69801	3.80883	6.96157	6.78886	5.61497	14.0023	16.5959	13.4974	10.4624	7.60744	7.04411	4.19555	3.88311	6.72289	9.9908	5.42839	2.19889	11.4106	12.6304	5.27446	6.91626	7.49181	17.785	18.7238	1.64946	8.141	5.04261	2.5661	3.17053	7.8615	7.46058	10.0859	15.5719	6.46578	2.80744	4.58522	12.9392	11.6737	7.83136	7.11944	27.7615	23.5554	10.5577	15.427	14.8319	15.7647	11.8343	12.2605	12.7317	7.4685	6.49095	11.3967	17.8343	17.6902	7.17739	1.2296	3.30536	5.51012	8.57189	10.5121	10.3445	10.7244	9.03623	3.0394	5.66798	9.03659	8.8266	12.5618	10.5395	6.9229	10.357	12.0917	11.7067	10.1593	9.91064	10.9205	13.1729	14.1205	13.3467	5.93271	33.9865	31.8107	4.68854	6.29569	7.12761	10.3959	16.0609	20.6756	26.3463	25.2084	17.8428	15.9161	15.6709	9.4646	20.5647	36.007	23.2323	25.0327	33.6371	38.9457	48.5106	51.8976	52.9971	49.4323	39.4574	27.6553	13.8855	22.7284	27.152	7.88352	12.5346	21.6437	43.1074	46.1307	36.2087	7.53351	14.2505	37.9751	52.0529	50.8479	42.4006	44.7328	39.2069	46.2765	51.2693	55.7048	57.4569	55.1075	51.019	47.6174	28.8316	29.9475	44.8888	36.0468	31.8828	22.7383	5.31966	43.527	61.5476	65.5704	61.0802	44.4514	28.0199	47.4362	67.5825	63.5807	38.0431	49.7834	61.7559	63.1626	64.951	59.526	29.3963	74.4805	66.5618	56.2876	67.4709	56.4913	35.7506	35.7145	22.806	67.5915	69.1632	71.1561	70.6278
1.77289	8.72042	11.3148	7.97766	11.5641	12.7131	7.73934	4.69771	4.46205	3.64703	4.73889	4.61067	3.30505	3.47814	3.31879	3.96317	4.90673	3.95939	4.09737	4.17363	4.18082	4.41819	4.72009	5.05108	3.92891	4.5945	4.67216	4.61082	4.50225	4.42495	4.00838	3.74874	3.91736	3.83592	3.35473	6.03417	6.00695	3.43888	3.29589	2.78569	3.47812	5.97467	6.7221	6.41683	6.59952	7.63184	20.7495	23.4626	15.1468	12.3734	10.3562	8.64987	9.64201	7.85508	6.15171	8.4382	9.6838	6.9244	7.85508	7.62436	5.20574	2.91268	2.8498	3.7406	6.46522	8.05298	11.0044	9.42151	4.71986	5.21422	5.44427	3.66347	1.56474	6.9564	7.87002	8.80609	9.06324	8.97061	6.06387	4.06794	4.8237	5.29404	5.5475	2.43318	2.26625	4.03827	5.17398	2.89194	2.58346	1.64011	1.32415	1.09971	0.549905	0.627007	1.3242	2.42071	4.82037	11.1344	16.4181	12.6832	8.61761	9.59813	7.95001	1.40178	3.72851	8.72547	9.14499	11.5546	11.6446	9.36574	8.76578	11.1656	12.9992	15.6058	11.1601	8.05879	6.95015	3.74865	2.42071	7.71647	10.7437	13.7507	13.8328	11.4459	7.86033	4.61082	11.849	20.5024	19.751	18.5686	16.8852	22.6693	16.0596	4.68492	3.18907	9.34222	19.6562	12.3661	5.44138	3.74874	7.11872	9.28305	9.82867	9.83877	13.6694	10.2378	4.71991	6.72223	5.81292	8.7473	14.1158	11.6617	9.46352	4.68811	1.64936	1.98204	5.92702	9.57345	14.0445	11.9946	7.27275	10.0361	12.3478	11.9053	10.8465	11.5743	12.3573	15.8329	16.8723	12.0307	4.44845	35.8081	31.2882	4.73585	6.27388	6.75093	13.8049	22.2963	25.3593	21.0462	11.7615	13.3358	16.8718	9.79035	11.7058	9.79137	34.2815	47.564	53.0959	54.0099	52.4309	49.2621	42.5482	42.1188	47.7193	45.8437	41.4558	30.2812	9.781	27.4887	18.0904	21.9191	18.6197	15.8282	18.2828	15.1166	20.3413	17.7311	25.6942	26.2416	28.1418	28.413	36.1446	8.08792	25.2954	7.09965	30.849	36.0841	46.4023	53.4274	53.4137	47.3663	33.3773	38.0005	29.4617	29.9217	30.6511	40.7694	19.2849	60.311	66.6727	55.6098	55.6415	55.7514	41.7702	61.8384	60.1832	54.2351	30.9753	60.8656	63.0004	60.024	62.2781	22.7528	74.4939	63.6406	57.0451	61.3262	45.9459	60.0157	65.2149	57.0016	41.5383	69.9884	72.3546	70.0948
3.65091	7.70803	11.1022	8.76476	11.1022	11.9326	7.3288	4.3699	4.1982	3.95885	4.71944	4.67159	3.30474	3.03401	3.66326	4.4785	5.41901	3.85521	4.04907	4.29731	4.54167	4.66862	5.51748	7.04488	5.91421	5.2167	5.2167	4.89719	5.28225	5.82531	5.62466	5.04178	4.44821	4.17321	3.84345	4.39032	5.27344	4.61991	3.61343	2.33803	3.13157	6.15089	7.27203	6.35095	6.44394	7.0928	20.5358	22.929	7.11143	6.66147	5.98161	3.95885	3.74023	1.94342	1.05758	5.60042	8.29533	8.29206	8.5468	6.35823	2.86538	3.29556	4.71944	5.67722	8.16839	8.13049	7.43686	7.76336	6.68841	5.37467	4.81056	5.02959	2.78541	5.2167	6.428	6.12457	6.9216	8.95493	6.68841	7.76754	8.07638	7.26635	6.428	5.04181	4.79838	4.9125	5.74259	2.19839	1.78964	1.40163	2.10009	0.983522	0.626913	1.43358	1.84786	1.77276	2.21204	6.5058	15.4818	10.3479	7.91236	11.1338	12.8626	5.57112	6.73459	12.3466	12.0234	12.0696	10.941	9.74921	11.9042	10.1873	6.1218	9.32734	9.65321	8.85179	6.87023	3.12685	7.89711	13.82	15.4824	14.1152	11.9763	4.4785	8.31631	6.52634	13.0767	19.3635	14.1631	11.2876	10.0255	10.3897	12.1784	8.70436	9.035	10.1004	9.69645	16.4704	14.9568	6.42561	2.33158	7.94927	9.9337	10.5201	9.79503	11.0255	8.66555	6.46466	5.92172	8.76494	15.4251	9.25818	2.58321	1.16634	0.626913	6.08533	10.8362	11.2055	11.9566	11.1022	8.35862	11.6762	14.503	12.792	12.0045	13.0414	13.8192	18.1475	19.9625	17.2491	18.2125	37.0129	30.0042	1.11332	5.05063	5.13579	15.6576	23.0109	25.5377	24.689	20.3063	21.2532	21.1259	9.93636	23.6659	26.5362	17.2991	25.1012	23.1093	28.9281	38.9802	38.5827	34.9708	40.9114	42.0945	28.1594	22.2899	31.422	3.61367	27.3467	26.4369	25.5379	24.7659	24.0477	13.6822	14.7631	25.0744	24.6442	35.1389	45.3141	40.9832	32.1541	27.8581	14.032	23.6085	21.0358	32.8474	45.2289	51.3028	59.5068	66.3562	69.0969	65.0858	48.9868	50.089	35.1377	23.2471	30.2438	49.4124	50.4156	62.5946	61.5021	65.4612	65.6588	35.2557	51.1142	62.1185	66.342	62.1984	65.638	62.2429	60.3575	59.68	38.7743	72.4519	65.9814	69.1444	42.0132	48.0333	50.9227	59.142	63.3929	54.3482	49.789	46.7552	60.5142
2.87571	8.5678	11.7581	8.31561	10.6889	11.0974	6.43403	3.91654	4.17267	4.05224	4.59355	4.90574	4.00758	3.26326	4.33851	5.28458	7.13188	5.76813	5.00256	4.54121	4.29687	4.31081	6.52599	8.23787	8.09003	5.50876	5.71612	5.42683	5.86294	6.12151	6.16757	5.9613	5.53042	5.19613	4.43429	4.42407	4.73489	4.99337	4.50457	3.30443	3.29527	5.77043	7.69962	6.68088	6.30332	6.30334	16.6113	19.4351	13.2204	12.6665	8.13343	4.36943	5.61329	5.6769	5.64264	6.30351	7.46426	6.42735	4.58062	6.97411	9.23854	7.19395	4.76336	5.35178	7.29776	5.39899	4.5112	5.42661	5.90071	8.37382	8.31585	6.25608	4.5146	3.51627	3.99254	3.27693	5.27299	6.92079	3.65054	7.42654	8.2039	8.30188	6.60972	4.52466	3.33625	2.58306	7.09415	4.38993	2.95827	1.57408	2.80128	0.549818	1.56444	1.0137	1.40154	1.26561	1.98159	4.41713	15.2475	7.62259	6.68764	6.92311	12.3994	10.4706	12.9313	14.6831	11.0548	8.99653	8.45768	8.90361	7.63627	4.22627	7.72297	11.7184	10.7539	7.09232	4.5641	8.23749	13.862	16.1834	12.9882	3.51627	7.19365	3.47315	9.18131	8.5558	13.5877	17.3962	8.26778	3.85475	0.521597	7.4839	11.5236	13.9863	9.82525	3.96225	7.76671	14.6606	16.1252	9.13668	7.57598	10.8815	13.3337	15.1441	11.8939	4.76327	9.94418	9.44449	6.08477	9.8268	13.9863	5.62382	3.03871	2.52998	5.93105	10.6568	10.1736	7.59358	9.10946	10.3972	9.94852	13.8104	16.772	13.9054	12.1601	13.6497	15.1585	19.8788	19.0835	12.2534	22.3344	38.6172	32.7314	4.93	4.79789	7.71503	15.602	17.692	17.5701	19.7043	23.6407	24.0445	21.9989	22.0095	22.1866	25.516	39.9223	46.5621	46.6174	34.5872	18.6125	17.8027	29.009	43.982	47.4708	40.7923	33.7413	30.0022	27.6933	46.2493	30.6326	20.6726	44.0172	26.8303	42.1628	47.8136	44.3713	43.9735	36.5615	38.2586	38.3778	35.5301	37.8774	38.0821	46.5921	48.8686	48.0811	48.112	52.8319	49.9329	42.114	18.8713	53.1404	67.6641	67.8965	58.8824	34.9356	43.9368	45.5699	43.5086	39.9257	64.7096	66.031	67.3284	61.0211	59.6518	70.6782	70.7504	60.2117	30.4684	54.6177	55.3927	58.1871	29.4853	62.0699	66.6731	58.9942	61.1771	53.373	38.4325	53.1887	61.4196	57.0496	57.5665	40.9243	44.8694
2.8278	10.735	11.3356	6.9734	10.3529	10.6066	5.86212	3.49007	4.76292	5.57014	5.38479	5.58888	5.30378	4.19757	5.27269	6.05002	7.96281	8.11845	6.37109	5.15527	4.91158	4.92982	6.93959	6.16704	8.48466	5.96079	6.09167	5.7365	6.2437	6.1428	5.82167	6.06236	6.20073	5.86249	5.17264	5.05563	4.93275	5.39858	5.75965	5.17255	5.31789	4.86854	6.00272	7.65468	7.29501	6.48852	15.4036	15.0326	6.76846	9.25643	8.93042	5.19567	7.39177	5.09979	4.67093	4.96602	5.38474	4.28577	3.7153	11.0483	11.0574	3.57955	1.63974	3.66235	6.56823	5.93048	5.82387	6.62443	8.64196	11.0938	8.11641	5.81139	3.67891	1.48511	4.04806	4.28573	5.05536	6.44027	0.716769	5.72054	3.57934	5.14655	5.92061	4.67068	2.77948	5.30378	8.90906	4.71225	3.47714	2.62902	3.80717	2.09254	2.42001	1.22913	1.73806	1.91957	3.23034	4.44375	13.0212	7.70659	3.92757	4.55376	9.73942	12.6594	17.1703	13.2059	5.88494	6.35205	12.1117	12.0023	10.1331	4.59311	7.84323	9.16018	11.6597	8.82332	8.42706	13.0115	14.166	9.57677	9.36337	9.86456	8.80345	2.4139	9.07315	9.91827	12.8917	15.5663	8.00123	3.18833	3.9958	11.5955	14.8475	12.6954	6.46336	7.33744	6.63354	13.4423	19.3212	17.9193	15.0754	12.1766	13.2529	13.5174	11.2078	10.2283	9.90679	13.924	9.1424	10.0522	10.9174	3.14549	2.6118	7.12485	12.0496	10.1727	7.94781	6.7511	8.88929	10.5315	10.2405	14.3076	18.5628	15.0903	12.6653	15.4794	17.8298	20.1836	11.3258	11.6384	16.5192	37.6431	37.2592	8.81145	3.81912	9.78863	16.6777	17.7375	18.8696	19.1248	23.6775	21.7085	18.0425	30.651	26.4253	15.247	37.3051	52.3195	53.8694	54.7125	52.331	54.2032	35.4178	27.9913	51.68	52.5016	43.5925	28.0362	36.6583	46.4659	30.7836	13.282	54.9497	36.4673	53.5455	31.0403	31.3735	32.0453	31.8705	47.5737	51.8152	53.4452	55.1754	57.8367	59.6839	56.9984	58.0807	61.8619	64.2013	65.4979	68.0146	69.0057	62.7748	27.2883	47.5843	56.3631	61.6373	56.9462	58.6571	60.8822	62.0927	29.475	53.0695	66.9672	70.4992	63.7346	48.9776	64.4547	66.0497	55.992	64.3952	70.0865	69.8395	58.7016	34.9485	47.8532	53.2567	65.6097	46.6546	33.1645	51.7113	66.4195	64.8621	60.3948	53.5944	37.6733
5.41455	11.8044	9.75054	7.35089	10.0237	9.7386	4.83099	4.55353	6.19527	6.97303	6.21679	6.18078	5.78245	4.50055	5.56961	6.12272	6.44003	8.11764	7.73677	6.1009	5.39825	5.02847	5.37593	3.33562	6.75709	5.7593	5.64417	5.48054	6.13732	6.14219	6.00498	6.2001	6.06175	5.79027	5.51588	5.50502	5.37603	4.36866	4.42311	4.35136	4.85888	5.31736	3.51127	5.11958	8.74404	9.37304	18.4258	18.0703	11.1307	9.48773	1.64869	8.18973	9.6971	6.20728	4.77191	5.29181	9.27933	11.0112	10.2527	9.85737	8.11726	3.68267	3.84235	4.44693	6.78339	7.69844	10.1545	8.73407	10.1873	12.7086	7.97477	5.04033	4.92932	5.48058	4.79692	3.79108	4.61864	7.29639	3.64566	6.74829	7.96189	6.29276	3.18787	8.52331	7.26408	9.36247	9.43069	5.89229	5.43954	6.09107	7.32679	3.19257	3.8226	2.17708	0.695316	1.84723	3.9577	3.93487	8.96549	10.3869	3.30381	4.67043	5.75901	11.6621	19.5389	14.4156	5.27209	5.82339	17.8441	15.1871	8.08491	12.4051	10.7153	4.17189	9.68021	8.78408	11.5499	15.8878	10.7247	4.37902	10.2613	9.74208	4.05162	5.12251	10.761	11.8444	9.47512	12.6236	9.41338	1.26537	5.20355	16.6764	16.9167	10.223	3.34011	4.04771	9.42464	18.8524	20.8856	17.6402	10.1718	7.79553	9.63356	10.8899	3.96531	10.4429	16.3135	17.0756	10.119	7.63485	8.26624	3.6826	5.64158	9.98619	10.0209	5.644	5.69921	6.51776	8.74409	10.0324	9.32472	13.9717	20.0213	16.8752	14.735	17.4164	17.2733	16.0659	4.91107	15.067	13.8634	36.0302	38.0927	11.6141	3.62494	5.37584	18.4023	23.0661	20.3649	14.7825	23.411	26.9708	21.8266	34.618	37.5274	31.9619	36.68	38.4131	45.2239	59.8735	66.7271	68.556	67.5865	45.1903	44.5164	59.8368	54.4159	30.7031	48.195	50.7196	39.9301	37.0539	46.346	18.6689	47.7247	36.0102	30.4932	15.604	21.2029	18.7598	10.1834	17.7661	24.6831	37.2028	42.5461	37.9661	26.3266	20.6686	19.9245	6.05901	8.74435	55.73	62.5189	60.0443	62.9737	30.9442	54.9672	62.8888	58.7169	57.2367	69.9217	71.0387	63.4644	65.1058	68.3194	67.9464	29.5962	53.8386	70.2553	71.5839	55.5599	57.8188	67.0247	70.9209	55.6862	50.5836	63.9185	64.724	67.1285	66.6443	63.8809	68.5251	69.6876	59.4648	45.0254	29.4884
9.13434	12.1834	9.53397	7.8922	8.33087	8.23512	4.22164	4.73373	5.04873	6.08312	6.30177	6.58522	5.61181	5.03989	5.24612	5.72745	4.71791	6.40711	7.96133	7.19813	5.33937	4.55314	4.12461	3.19243	5.05468	6.48775	6.73905	6.36516	6.46701	5.98207	5.88926	6.24259	6.27349	6.14172	6.3699	6.19957	5.35332	4.58264	4.19669	4.6698	4.73346	5.24603	5.41436	3.71484	6.9721	11.205	19.447	18.3841	7.66875	4.02515	6.76737	9.82406	7.42458	5.52622	5.20317	10.7142	15.5003	11.4246	6.67938	1.26521	6.5037	8.57104	7.13004	6.05876	7.00428	9.19196	14.164	14.1287	14.5431	16.7204	13.8052	12.4787	11.0521	10.7578	9.97981	7.91129	6.25677	7.32606	5.13372	5.43906	8.6746	11.3428	7.33653	11.6414	9.47902	8.64062	7.39057	5.95967	5.8103	6.58986	10.9274	7.72625	3.64934	2.21121	0.86901	2.65129	3.61207	2.82721	6.01151	11.8743	8.23512	5.11936	5.12226	8.64542	20.235	16.9308	9.76339	11.3706	15.9751	13.4596	7.26969	11.9843	9.6372	12.7744	18.6137	15.6527	10.8216	15.9487	11.2828	6.42321	4.51334	1.47455	7.8922	15.2726	18.5292	17.3277	13.2839	12.3262	11.9296	5.20333	7.61097	20.6009	18.4207	9.40049	10.0578	8.99929	16.2511	20.4005	21.27	18.4801	11.6578	8.4971	6.78277	7.50328	10.4178	8.17993	12.0475	13.643	8.99929	5.43909	7.19158	7.02304	7.96133	9.02339	7.33421	5.27158	5.86108	6.34848	9.17238	10.8094	9.7914	13.7285	21.2009	19.3692	16.2707	15.4463	13.4867	7.22232	8.37166	15.5988	17.2188	30.9196	35.3809	18.1813	5.47976	5.97213	21.0084	27.8486	17.6134	18.0589	29.6196	28.4896	8.06225	31.8115	41.7574	29.7209	31.0075	30.3509	33.3955	47.37	48.9057	51.6837	70.1349	66.3375	17.482	61.1406	68.5387	67.5614	64.5835	60.2528	51.9796	48.8727	27.7823	15.9768	36.1721	23.1411	29.5086	30.4142	40.1454	29.152	14.8362	26.1234	29.3387	21.3439	38.4914	13.7408	28.4283	15.3062	35.6715	43.7157	45.0526	48.5499	42.155	39.993	61.5597	63.014	38.9083	32.2563	51.6308	43.7056	52.6138	69.766	67.895	53.0584	61.4591	68.468	43.6055	49.8874	72.7478	72.74	41.1898	54.0253	61.9098	70.1324	64.9491	17.8101	63.3587	65.9534	66.5943	70.259	71.1306	68.8816	67.6783	50.0254	23.5897	21.1243
10.7123	10.8841	8.25044	5.50367	5.71889	6.89243	4.57888	4.42245	5.00359	5.75813	5.92886	6.46158	5.04822	4.99165	4.62763	5.73984	4.28472	4.71743	6.1192	7.08963	5.375	4.5395	5.50398	6.27282	7.34988	8.83273	9.2354	8.42517	7.42382	6.27282	5.65633	5.96402	6.40645	6.36925	6.27285	6.12654	5.54721	5.38337	5.65633	6.01118	6.06041	8.06125	7.57928	8.2597	4.25307	9.19049	17.3654	19.718	17.5097	16.4099	13.3764	9.73706	4.66957	3.54044	5.43824	12.8651	16.6902	9.30905	8.05428	9.55024	9.65483	9.13369	7.0981	5.8225	5.4385	5.51485	9.3793	11.6663	13.0699	15.454	14.2421	13.8857	11.827	9.62467	8.14869	7.45564	6.03108	5.41633	5.91863	4.23548	6.30115	9.82314	8.17931	10.9263	8.89998	6.40623	5.89857	4.96766	5.59801	4.83639	9.0707	10.0306	4.78359	2.28484	1.4329	3.31668	3.20133	2.60517	6.27243	11.7681	11.1538	6.91831	7.36996	9.47349	21.1641	19.6352	10.988	8.22928	7.90813	7.61982	8.90034	4.52284	7.09603	17.7423	20.8392	13.1647	4.29168	14.1669	15.212	3.69012	8.51675	6.12654	13.1212	15.8788	11.186	8.41249	7.4395	9.51034	6.96301	1.47439	7.24	19.0924	14.1669	7.98979	2.41942	9.26223	14.5727	20.1368	18.609	13.417	9.7506	10.1601	7.39796	3.71025	14.7562	11.4782	8.45621	8.49575	1.94246	2.69621	6.73139	9.85532	7.10832	8.22928	8.82759	7.81108	7.33361	7.95104	11.5626	12.0448	9.88196	14.3144	21.5477	19.5161	14.4128	12.7592	11.2816	8.12686	20.875	24.6452	23.5301	19.8539	30.1695	25.3531	12.1833	11.0352	23.7192	34.8567	26.4885	30.6052	33.9947	23.5904	14.5052	35.4571	51.0689	37.8125	23.6754	21.6028	27.6009	15.7681	15.8095	9.22376	64.8923	69.2424	61.8643	30.4766	63.8676	68.8661	67.8744	65.957	63.096	64.8684	65.4877	60.9941	51.403	30.1494	31.0525	34.9514	44.0425	48.9723	27.4522	16.3221	26.7774	21.2768	48.354	48.1922	39.7592	36.9085	40.0488	43.0238	40.5518	16.4259	33.2898	53.885	64.3491	69.3999	67.6098	69.1064	64.7663	66.8174	63.3146	47.2331	63.4149	58.2334	48.0901	68.2131	50.647	46.4672	72.7971	70.1828	57.5918	63.7945	59.1334	57.7389	62.9171	53.2739	43.6983	60.6848	59.6155	65.0111	66.8129	64.6322	59.2162	41.6871	19.0329	18.6124
4.42187	5.27047	5.69756	5.21078	6.25304	6.29093	4.34682	4.28431	5.14453	6.40342	6.95179	6.12086	4.33643	4.42196	3.79008	4.96399	3.83336	4.44564	5.33828	7.19044	6.51375	5.89819	7.04083	8.49537	9.59946	10.2145	10.55	10.462	9.30839	7.47861	5.92338	5.69774	5.97092	6.48642	6.25323	6.25323	6.48642	6.05999	6.34753	7.00287	7.29455	10.5168	10.5485	10.4398	7.12849	4.65284	10.5317	12.8554	13.129	13.5418	11.9087	7.22134	2.86381	4.09443	5.98065	8.78155	13.1585	9.83257	5.76538	5.55458	3.85297	4.52237	3.47582	3.83336	3.9643	4.05044	5.71854	7.44872	9.50936	11.3254	11.361	13.6273	14.3457	11.7337	8.25888	7.33707	7.53365	4.82049	4.81716	3.41907	3.89943	7.71157	8.42608	9.49565	7.98906	6.06231	6.40332	4.50921	4.82975	5.80905	7.98906	8.96308	7.12854	4.19233	2.88987	4.34663	4.29116	4.85438	8.92705	12.9122	10.7592	7.00259	3.82159	7.16354	18.8585	18.0689	8.08232	5.86015	7.54727	7.49631	4.65948	4.23485	8.36279	13.5908	12.934	4.17781	9.27185	11.8686	17.9186	9.13417	1.64826	6.38257	11.812	11.5218	8.17822	10.488	11.9691	8.41868	1.746	1.25297	10.1515	16.1816	8.5347	12.7543	17.8303	12.1053	13.6277	19.6807	11.0442	10.3328	14.7639	8.80657	4.99099	0.626558	16.0164	14.9001	4.85745	3.3164	4.34682	2.71821	7.9093	10.207	6.11835	7.219	7.43881	6.51375	7.22122	8.11514	11.6551	12.3398	10.1972	13.4946	18.6694	17.2783	11.9272	11.4958	12.4895	14.2949	18.2836	12.8674	11.9273	12.2381	28.0034	29.6437	18.4345	10.9505	24.2307	39.99	34.1215	25.6265	19.3997	15.6208	31.2806	35.7961	56.9174	54.6538	38.0469	25.2025	28.6378	23.0128	17.7008	8.57774	51.5973	61.0327	68.0756	63.9321	16.7907	16.9002	4.53903	22.7902	28.6544	7.09723	45.1408	57.6903	65.1424	58.0701	44.2583	39.7383	28.9838	53.7205	42.1103	51.3679	49.1926	52.2006	53.3093	59.5576	50.1965	44.4331	32.4233	22.2639	28.5472	21.983	14.816	25.192	38.2368	52.6217	64.1092	57.4103	51.697	66.4323	67.8433	51.3089	26.5535	61.8574	50.9912	56.3635	62.7883	12.9854	71.3871	69.7155	66.5867	58.9736	35.2498	56.0228	60.6073	56.8396	40.5141	49.9503	59.7375	59.1721	51.0475	45.391	40.6524	27.5766	14.3996	15.593
8.18313	9.11914	9.27608	8.18491	9.2603	8.68382	6.64629	6.36805	5.09742	5.20168	6.95113	7.2939	7.58568	8.37644	8.08924	7.00225	5.80601	5.47846	5.6553	8.04725	9.92447	11.5907	12.7211	14.6038	17.0069	18.7351	18.871	18.277	16.4661	13.7894	12.6911	11.4604	10.2983	10.2236	10.0997	10.0204	10.9484	11.0438	9.74293	9.09353	9.59099	9.97808	5.33757	4.00519	6.95123	6.52918	5.75684	5.15252	6.68397	7.00225	6.43976	5.11758	6.79593	12.6595	17.6343	20.1904	13.8912	2.78357	3.31629	5.71539	3.03189	5.5351	1.94212	1.84663	4.90314	5.63947	6.48572	7.2776	8.85237	10.5037	10.5846	11.1524	12.2457	13.8589	12.4512	7.76241	4.73217	2.60468	4.65877	5.82112	3.96018	5.62092	6.6105	6.68397	6.43967	5.91006	4.86621	2.03312	1.94209	3.81729	6.58327	7.64939	7.38249	6.92555	7.71813	10.8225	12.9736	12.4944	11.6642	13.3524	12.494	13.3243	13.9562	13.2059	13.2255	13.2805	10.461	9.02905	7.80361	8.81915	11.1331	12.3368	12.4941	10.2753	7.34203	6.34689	7.26106	8.52	11.5194	10.5923	8.29154	3.74578	12.7704	14.7821	13.6477	13.2822	16.1745	14.8146	10.0997	13.7944	22.3382	19.9438	11.9864	9.40101	5.88993	16.2743	18.5213	12.1248	9.92719	9.02905	13.0683	15.7605	1.40074	8.93805	12.1239	14.0271	7.58924	1.22851	1.01317	6.96171	12.3191	9.69322	7.05254	7.38219	6.904	5.8899	6.43976	6.41197	10.2258	11.8385	9.0286	11.0678	15.2462	15.2669	10.4978	10.0934	9.47459	5.31512	16.2366	18.2414	18.1225	22.2101	34.8263	30.7005	19.033	10.029	27.9751	39.3041	37.432	29.9432	33.8105	53.337	52.8552	43.1524	53.5744	62.6499	57.3402	45.8739	37.7186	28.2277	26.8817	32.585	36.7629	38.3619	64.2329	67.4504	59.5294	58.0442	50.6548	42.5684	51.3085	58.3649	60.595	27.3009	54.2241	38.339	25.3362	6.41197	41.3243	47.1668	16.908	17.5429	13.8665	38.5103	40.1253	47.1125	45.986	10.9056	21.452	24.0287	34.5482	24.9769	20.5466	55.5444	59.6104	53.2138	25.4612	48.4004	58.6879	67.6439	67.2836	57.3445	52.3188	30.5669	57.9453	13.7121	62.5149	44.9941	55.3672	68.1473	67.6086	63.1012	54.2656	55.9534	56.7453	51.3393	48.6615	38.7994	42.1099	32.548	18.9501	22.2444	23.07	12.2038	7.55614	13.3945
7.05633	7.66604	7.95807	5.21272	7.27686	7.66974	4.66503	4.57759	4.16635	4.52144	3.6232	4.50836	5.90968	6.53988	6.60982	5.7643	4.50836	3.53943	3.24257	4.28351	6.25206	8.48516	9.71652	12.1546	14.0016	14.1294	13.7454	12.9366	12.2953	9.94244	9.61587	9.06855	7.71212	6.99528	6.7803	6.85849	7.88209	8.00987	6.49436	5.85905	7.12088	4.19506	2.41872	2.95637	1.71961	3.03668	1.32301	2.25759	2.96641	3.41843	6.12446	8.04611	10.7572	15.9047	18.3372	17.7437	14.57	7.96531	3.73753	5.88684	8.3524	7.50839	3.30223	3.80898	3.5139	3.51392	5.05259	5.39551	5.73829	6.75393	6.35337	5.57774	5.05271	7.30933	9.49383	7.38154	8.60993	4.36657	8.29952	7.03924	2.69543	2.22408	2.17613	2.69536	5.20107	4.49821	2.50426	0.388512	0.868682	1.96498	3.1051	4.34934	5.20119	8.2035	13.5045	15.1937	12.41	9.39546	5.85905	11.2952	14.6783	15.267	13.9538	10.8377	5.96976	5.57751	6.93563	7.29302	15.9429	16.9416	13.4354	12.5407	10.3866	5.41489	1.25279	4.62631	1.73701	9.69819	7.76132	4.37672	10.9756	8.80654	14.8549	17.0228	14.9313	15.6348	16.0335	12.6661	6.16348	14.6634	22.3306	13.724	9.73451	12.826	15.5788	18.2387	15.6341	3.87929	6.1344	4.30772	13.6459	14.1857	7.3233	8.36846	5.12026	6.36246	11.7104	4.65197	2.11287	12.0226	12.8968	6.82374	6.34616	6.07821	7.03713	6.45972	4.36652	4.88105	8.98725	10.6968	8.78991	10.568	13.393	13.0735	9.36861	9.37637	11.3659	8.41221	13.3263	15.874	14.3164	35.4597	40.856	21.6724	13.308	6.62986	26.3379	33.8492	39.6878	31.7159	42.6969	49.5395	43.9721	31.2067	34.4086	56.3046	57.1457	51.3356	47.2028	24.3643	23.6527	30.742	18.5192	16.2023	59.5719	57.0745	39.2813	33.7873	42.5411	29.2601	47.2227	14.2953	60.7683	34.0749	61.4029	47.4519	31.2067	34.2561	44.4263	43.7806	37.1489	43.2852	38.0533	42.6954	56.2184	34.5748	53.4607	47.3331	30.6078	25.2091	45.3809	39.1449	48.6059	56.4106	42.3203	59.4082	58.7695	29.4505	53.4437	70.2016	70.9886	37.2821	58.1707	49.0969	52.4684	37.8335	51.7681	46.2243	27.6888	48.6103	54.0202	48.362	53.4034	25.4133	58.2947	58.0581	42.0342	29.1384	11.4362	4.93298	7.98757	17.5505	10.4929	5.26957	4.79446	18.5134
4.50796	5.94908	7.60134	3.87891	5.85822	5.90881	2.22388	2.5811	4.88057	5.33657	3.78902	3.57716	3.99339	4.30757	4.33529	4.06411	4.19477	4.11176	3.67646	2.60436	2.14804	4.71541	6.60899	10.2847	10.9222	8.49296	8.96251	9.04196	9.90029	5.30025	5.88645	7.66932	6.86439	4.44109	3.85191	4.89301	5.21225	4.22321	3.62298	3.48779	4.66757	1.01298	3.64759	2.82592	3.20019	2.79923	2.58114	4.02323	4.75975	5.56644	6.4637	6.84665	11.0657	16.3494	15.7967	13.8038	17.031	13.3585	7.11206	5.21228	10.6526	9.71104	8.86409	6.71592	1.96491	2.86292	5.75582	6.74665	5.05227	2.99648	2.82592	3.31552	2.78305	3.78889	7.57018	9.57048	10.5163	0.776952	10.8095	5.85822	0.868593	0.521199	1.2646	2.17582	5.52321	3.71282	2.09829	0.868622	1.2646	1.63854	1.63854	2.56342	3.42246	7.58382	15.0359	18.7028	10.8162	0.935501	1.0987	11.7869	15.1632	11.6701	6.35245	0.935545	1.32294	6.08022	8.42362	8.62799	16.9729	15.4745	7.82327	8.24056	7.70183	6.29886	5.57725	4.12267	3.16715	11.0462	6.38041	2.79918	10.9509	11.8364	16.0094	16.7485	8.43714	3.83224	8.40068	8.51848	1.40045	15.0257	17.289	4.28314	5.51278	5.71162	3.31552	11.1498	11.0657	3.45756	5.00171	9.09617	13.4408	12.4084	10.0065	7.69393	4.73147	6.18453	12.6468	7.33073	4.96271	11.5533	10.4585	3.96301	4.76901	5.42245	6.96881	5.71674	4.26537	5.71162	8.49262	10.0871	8.87184	10.9522	11.9893	11.2839	10.4365	10.5464	12.4186	8.91616	4.92621	17.5397	14.9717	35.3907	40.8608	22.3125	14.8859	6.33606	27.28	22.2753	31.4645	41.3607	48.7607	38.0098	23.8238	16.3977	9.25838	51.6349	55.4097	48.2687	44.5236	11.1692	8.72446	5.61987	13.5087	7.43056	57.9997	52.2824	24.4659	30.2541	45.441	30.9009	46.1774	51.7099	64.2853	44.1171	60.2275	13.5226	6.72923	43.4093	51.3456	44.7703	28.6642	29.9641	9.20788	31.9504	58.9887	47.9811	53.3995	58.6214	1.60131	18.4208	33.7527	34.8595	51.994	53.8388	52.467	44.6842	66.5258	53.4828	52.8734	67.7261	70.9555	48.6196	58.9953	59.1843	46.3477	37.3145	43.2132	40.8549	54.0847	28.7894	54.3144	45.6419	43.2594	29.3352	58.814	62.6682	34.6178	25.0369	15.1764	10.3815	5.84052	19.3419	10.8561	5.67263	12.1794	21.5589
8.33188	8.79184	8.98894	5.926	6.78094	5.72418	4.68335	4.73099	6.06002	5.7164	5.33628	6.99397	8.41598	9.01845	8.82855	8.41598	8.51981	8.19696	7.23499	6.33582	5.39466	6.40092	7.75423	12.8824	15.5862	14.8296	12.7009	10.379	10.9093	5.53375	7.99542	10.2107	11.3568	9.27355	9.41229	10.2503	8.72357	7.64735	6.95788	6.05526	5.33621	3.51326	4.4574	4.28268	4.69282	4.47421	6.67329	10.0622	10.2574	9.39367	8.72182	5.15126	5.80418	15.908	20.3138	23.2434	21.6424	14.2287	8.72357	6.14541	8.96139	9.99727	8.08691	3.8045	3.36909	5.66131	7.18763	8.7968	6.75276	5.30263	5.13091	5.50402	5.19169	6.34509	10.1934	12.265	9.48588	4.29297	10.3453	3.5131	0.86854	0.868561	0.885729	2.33583	4.92579	3.36913	3.14309	2.28375	0.694851	1.05658	1.57271	2.58076	3.35123	5.80418	12.3605	21.1552	15.2567	3.07058	2.79888	13.174	13.8424	8.65579	5.97597	4.03406	5.57644	11.1952	9.27351	4.12225	10.9027	13.7364	10.1482	9.36724	8.16094	6.03803	3.8045	1.21587	4.65109	10.9145	7.47348	5.24304	10.7553	11.8354	15.6531	14.9777	5.85772	3.95904	8.45745	10.6478	7.66841	15.3204	15.1919	9.8821	9.15493	11.468	8.72315	9.54687	8.77829	4.37589	4.68322	6.67969	14.7506	16.4994	13.1422	10.2544	7.34033	7.92149	13.8336	9.60035	7.56987	8.20202	10.3466	7.59294	6.00835	6.93428	7.75423	6.42173	8.13919	9.82894	11.3364	11.5141	9.71	11.2257	10.2991	9.19896	11.168	11.2498	11.9824	13.4959	13.834	27.2712	29.737	35.1767	41.9667	34.2962	19.7974	9.26683	30.1793	17.9571	21.9328	44.3306	47.7453	27.2579	20.9685	21.2736	20.7786	57.4396	59.7348	38.7409	25.7797	9.283	17.4189	21.1474	12.7173	18.6511	52.7346	54.7398	37.4235	34.2097	37.5695	39.8664	40.2615	57.131	63.0902	58.3945	64.3199	19.7883	23.4661	60.2263	52.3993	37.6265	40.4322	51.4118	42.6683	47.572	56.3726	51.5553	46.3414	66.5276	61.2272	49.4602	46.8438	58.2579	61.9091	59.6039	62.3515	59.851	71.2027	70.8804	68.0639	59.5888	61.5751	50.4657	54.9213	48.1191	17.0886	43.108	40.4025	44.0022	54.0725	39.2268	44.4767	55.103	56.0109	55.7536	63.4207	60.9594	37.4926	29.2922	21.7492	18.69	9.15326	10.4452	14.1883	12.0844	10.488	23.0628
11.4573	11.4832	10.6142	7.77066	8.28682	7.53991	6.25035	5.21131	6.28809	7.41967	9.33228	12.2052	13.9103	14.2042	14.3355	15.3608	16.0887	15.8007	14.9035	13.7651	12.6998	11.665	8.18361	10.0161	13.1684	7.12497	3.27399	7.76851	8.08218	8.08623	9.48066	8.88215	9.58744	10.2945	11.9224	12.0305	11.3961	12.1528	14.2276	15.601	13.9672	11.6503	11.015	10.8348	10.1701	9.25393	8.51735	8.19786	5.58423	3.87833	3.19958	1.05647	1.91793	7.55351	11.3671	11.1843	7.97828	3.80414	1.09845	3.27379	3.85094	2.50353	4.03349	3.30131	5.33557	6.65456	7.64628	8.67527	5.05135	6.99338	8.10251	8.13865	8.93959	14.1638	19.8894	17.5867	8.42223	8.79572	8.32363	4.00384	3.95492	4.30676	3.85119	3.83152	4.34811	4.38593	4.55005	4.17598	1.94136	0.885666	1.60104	1.94128	2.58047	3.49132	7.42926	19.7125	18.0808	10.5807	9.6416	15.7133	13.9663	5.87992	2.90926	3.57628	11.0143	12.7579	4.41995	3.74449	8.88179	13.2843	13.4889	17.8796	19.4487	17.3862	13.9672	12.0175	10.7547	11.1941	8.25477	6.00764	8.60746	10.0952	15.2309	13.2873	6.34452	4.25067	5.81633	6.53767	7.05187	12.699	11.1105	4.7083	8.79602	13.6331	11.0288	7.33121	7.81571	7.15382	7.04991	8.63493	14.6789	15.7211	8.71057	6.61915	4.66375	9.03975	12.7557	5.89531	4.44358	7.26467	13.3601	12.3147	8.28351	9.39735	11.2109	11.4423	15.1176	18.8012	19.0862	14.8144	10.4998	11.7704	13.1922	13.553	14.617	13.5724	12.4803	16.0363	11.56	14.4509	28.6496	37.9961	43.8631	38.0788	17.2029	32.702	27.6266	11.982	29.8682	26.9736	21.2857	11.3632	27.5815	34.1407	25.0972	51.2987	62.5482	51.1172	25.9756	34.267	48.7044	52.4651	53.7276	51.7703	40.3302	51.6682	51.7759	41.6743	45.0091	50.2559	45.736	50.3455	54.5284	61.7859	69.1217	56.8098	54.5855	66.9377	61.1514	53.8583	44.1373	8.95377	49.8709	61.2019	56.0166	51.1498	47.8603	64.5167	70.7826	68.9257	59.4048	25.6529	36.186	52.9789	61.9354	55.895	61.5672	63.6834	50.9908	36.9249	63.2657	65.8013	62.0699	56.8165	56.2831	60.7946	57.2001	28.7415	44.9902	57.3989	48.5022	17.4395	51.7713	63.8601	61.4169	51.6569	29.9341	26.308	22.6399	26.7077	32.1626	34.3489	31.6862	26.8144	27.515	27.8514
9.6347	11.3303	10.4337	6.79718	6.59144	5.29874	4.222	4.19343	3.62194	5.63678	7.88659	9.92553	9.73684	9.6485	9.96936	11.3623	11.9499	11.7516	11.3194	10.5973	9.33134	9.21827	7.29056	1.63809	11.8442	12.4066	7.49212	2.26339	5.50303	7.47442	7.75869	6.3789	5.63669	5.54352	7.00315	6.57361	7.32893	8.66138	11.0866	12.6238	11.7479	9.77992	8.48377	8.54741	8.18287	7.10382	4.57912	2.64929	1.43196	1.09838	2.98562	4.13602	1.97959	2.03209	3.29183	2.90901	3.57596	3.73599	2.45481	4.38536	4.55935	3.12811	3.80754	3.12803	5.11522	5.88451	8.51611	8.63899	3.81943	4.41951	5.4349	5.97496	7.30661	15.2757	17.8257	10.4106	9.15447	10.7063	5.5001	3.41727	3.46961	3.95829	4.28188	5.0507	3.64667	3.16632	3.29644	4.16833	2.6093	1.78769	1.91774	1.57241	1.87801	2.36102	4.41933	15.2683	14.6155	7.96817	12.1359	18.384	14.5785	5.5754	2.60347	4.80514	12.8086	12.7777	3.16632	5.30163	13.3884	18.1143	17.6467	20.151	19.5657	17.2814	13.2741	9.01678	6.99899	8.32307	6.11742	4.22187	6.86206	8.66094	13.7306	11.2121	6.0956	6.72703	7.90488	7.10354	8.50585	9.92229	5.14428	11.6486	18.2012	14.8714	9.33596	5.72311	8.17892	9.54361	9.96753	10.1461	10.3824	9.68558	9.25598	10.2103	10.1418	15.9466	9.6946	2.98547	3.10393	8.13757	14.9116	11.1095	5.15035	8.42109	10.5874	9.15304	14.8516	18.1868	13.8213	9.60171	5.96008	9.80475	14.6127	12.3687	11.512	10.4158	9.40241	12.8031	9.32178	12.4455	4.04444	37.4319	49.6598	34.8992	14.2123	38.383	37.0376	37.5365	24.0717	13.2412	4.12148	12.7777	46.5866	43.0575	35.6647	15.3729	57.6672	59.1101	17.5543	47.3993	52.0692	57.2821	54.3257	46.2345	28.3144	50.3339	59.101	43.7155	43.7001	44.347	38.1496	48.3044	48.3878	54.358	65.6527	56.9629	54.232	63.8857	63.5861	56.1293	52.9995	45.2704	35.7565	63.438	60.5217	51.4488	52.2576	40.0561	54.4725	57.0733	54.0344	55.3706	60.6184	67.6769	72.9464	72.828	28.045	56.4807	53.3392	31.506	65.8889	59.2567	47.2123	41.379	43.0374	36.6219	45.535	41.564	34.2027	51.8883	51.521	46.486	47.3592	42.0669	32.7527	24.6568	16.8203	20.5572	18.9776	19.8518	28.0728	32.187	34.6165	37.864	34.8794	22.4894