72.1081	71.1973	59.7168	65.9341	61.8562	36.0715	40.4511	17.4543	48.9746	39.672	32.6212	56.6921	61.6822	69.7847	76.6902	63.604	51.4578	51.397	47.1276	59.3895	37.3121	46.1221	60.154	59.0158	37.023	6.56524	4.8126	3.72053	2.62376	4.6257	8.70084	36.2642	56.9502	48.1879	42.4341	47.9777	37.1261	40.2975	52.3297	55.858	55.1251	66.2045	69.2013	60.3347	10.717	49.395	57.5338	55.9591	49.4805	38.9168	45.5216	66.4362	66.896	61.8371	24.737	53.9724	56.3011	56.406	65.1459	67.6394	34.5211	25.9881	17.8625	63.5944	65.8589	24.0847	60.4351	67.7683	64.3677	18.2724	56.2986	48.728	50.7586	50.7897	54.9333	64.9473	55.5319	42.5121	32.3288	27.5112	54.3083	72.5925	56.7179	31.9877	68.6564	22.6835	49.6349	54.6514	67.6485	58.2099	64.9621	56.8022	22.7915	14.3124	8.11186	5.50335	7.95841	9.9667	10.6616	19.4607	17.3627	23.7679	38.2836	43.2523	37.747	28.2353	41.9172	49.3416	58.4593	66.7475	59.5203	57.5172	55.7258	74.012	59.7124	62.3205	70.1642	61.4974	9.89396	56.8314	23.0099	52.7826	52.5029	48.907	57.4573	59.4176	64.6139	67.2619	22.6871	27.1102	71.1701	71.5434	35.0482	64.9726	51.3872	70.5416	71.8202	39.8103	56.8828	59.0549	40.3893	43.3181	37.0321	47.2629	58.6711	58.6351	66.4115	70.5191	76.1783	72.9087	9.7197	48.4917	58.5975	73.5869	76.6423	70.5935	66.023	47.9553	53.549	39.313	64.9109	37.2109	75.6405	75.6461	67.6731	60.512	34.3631	41.0193	55.1278	51.6859	50.7011	24.3146	11.6741	55.3622	64.9564	49.6816	61.2368	45.1206	39.5909	35.8734	20.4545	42.476	53.5994	64.6484	52.5693	61.024	34.2032	48.3389	15.0881	51.0364	64.2997	44.0068	54.7427	33.8133	68.105	71.2258	54.9832	61.9359	76.2933	67.5199	37.9572	45.2284	34.9092	41.4601	71.9182	73.5051	48.0248	72.9993	62.2273	54.8479	64.6072	67.2465	28.08	50.2485	40.2792	6.76528	39.8137	60.3607	69.8597	63.698	9.55179	64.7824	67.1619	59.7023	55.1049	57.2949	49.1474	31.3603	22.2638	7.5826	23.3795	32.8209	33.1691	31.402	35.2328	32.6778	56.9394	50.7651	41.8006	52.7496	51.0209	48.0168	48.4846	59.6457	29.389	7.02229	10.2554	17.4268	9.35758	6.69447	2.99967	3.0151	3.01524	5.30952	6.76493	7.32043
72.2212	69.9721	55.9735	64.8306	61.837	51.2873	63.2766	63.2438	34.0799	49.1777	64.8081	67.0885	67.3104	66.3474	73.144	69.7372	43.7341	63.6607	58.5332	59.1826	52.901	59.9423	62.7603	53.4603	27.2509	9.3183	8.17633	7.10852	5.89972	5.64378	9.77581	31.3004	60.1423	58.0513	37.3301	52.5495	56.3895	37.2382	28.9697	51.2681	59.5854	68.837	71.8503	68.3268	58.5861	17.4593	60.6374	65.8423	64.4598	56.1348	25.4174	52.005	68.024	70.4323	60.3635	35.2269	63.4391	64.8335	56.9656	62.3357	43.9169	44.0816	52.8744	65.1165	69.442	49.5462	59.2482	70.1466	74.5196	65.3329	26.014	41.5403	53.4446	50.785	51.93	68.7805	62.9405	42.5765	15.1698	55.8787	63.902	72.3168	57.6054	47.5865	64.083	12.97	38.1292	48.9476	69.1104	60.2102	70.119	69.0621	31.2686	12.9581	7.61606	7.0631	12.8532	26.9672	35.7408	38.6816	39.7934	61.1476	69.915	70.2625	63.7533	49.6383	67.2238	72.7481	74.2861	75.3357	72.4138	72.0139	35.9998	69.3105	68.2527	31.7186	69.1854	69.8238	44.7054	44.0097	41.9999	49.0369	62.5905	66.6055	63.3316	46.3935	65.1757	68.504	45.1157	8.44426	69.4292	71.3552	57.9528	67.4185	22.2	71.7715	73.1416	61.494	67.1237	61.576	31.0626	55.3178	48.8657	54.7119	59.1368	62.6753	63.947	69.9181	74.8472	69.8907	20.6312	68.2566	65.6535	44.0164	71.8568	74.9991	75.196	72.0079	17.8173	45.8379	55.0593	38.2197	72.3127	74.8481	71.8582	69.7416	60.7777	6.07659	46.2952	52.0925	41.8729	22.4895	11.8275	43.4309	62.3236	63.6464	60.4408	42.5443	29.987	3.18036	10.4119	25.5635	52.9586	65.8959	60.7846	60.8863	41.7104	36.5861	8.25918	57.6889	64.4675	45.0792	55.5305	47.0042	69.1269	66.999	25.2591	68.6072	74.2184	53.3731	62.8434	66.4162	64.8642	24.0118	73.5916	76.0465	19.7871	69.987	68.2245	61.6458	54.8516	63.6775	54.2363	36.9888	35.4593	54.6942	63.2011	66.0251	68.0417	51.8292	1.24853	50.7106	67.3226	68.4289	68.0769	65.2597	55.2001	46.0847	29.0495	33.1794	45.3023	47.1822	35.1498	27.0305	36.0134	48.9695	53.9674	28.6493	54.0643	53.812	38.8829	30.8999	33.9987	59.4374	40.221	8.26459	13.5075	13.2101	6.65501	6.85435	7.47065	7.40918	4.9855	6.23377	7.31979	7.55145
71.89	68.977	57.9673	64.2484	57.8603	61.9544	65.9947	70.5808	63.1694	59.6461	68.1569	55.8377	51.9814	44.1356	67.6348	75.0641	62.8714	51.7796	60.1796	60.9377	61.2848	61.0991	52.1994	31.6593	12.1267	6.92269	6.37221	5.52482	5.84939	6.04577	12.4591	30.7974	59.5628	60.0653	37.4519	36.9375	44.2065	55.4565	52.8724	46.0999	27.5126	54.5859	69.0721	70.0367	70.3036	61.1918	32.9666	61.0881	63.9584	51.4408	48.3104	29.8748	35.0204	62.1077	71.8239	55.7341	45.8197	60.0616	53.7942	42.3574	47.6324	51.4402	66.4915	70.9275	64.1991	26.0548	7.27761	40.243	69.1502	74.5427	72.1699	68.2929	65.1892	67.9028	73.1268	72.2735	58.3098	11.8779	61.0047	70.5187	66.4657	61.525	55.5356	46.0674	53.482	32.8622	21.3849	48.9741	56.6881	42.9651	68.5752	71.6065	26.7683	9.90186	20.6507	36.4181	55.5941	66.1269	68.7211	66.4319	61.3389	73.6229	74.7552	73.8963	72.3076	41.3891	68.3695	69.1118	70.1775	70.0128	64.7881	74.0502	59.9301	50.0679	70.2713	48.508	58.7697	71.6632	60.8237	63.5597	60.6931	53.4944	59.9549	56.4091	49.0191	39.948	56.8903	66.5483	61.3963	48.1612	63.0556	67.5594	62.8607	49.8153	62.6995	75.1477	72.8412	53.8	53.3441	25.3807	64.5519	56.1106	51.3916	62.4357	58.0194	70.3515	65.668	71.0576	73.4926	63.7654	49.1494	74.6263	67.9754	66.6341	47.7856	44.3883	41.5097	73.2779	65.9945	18.44	33.1814	53.9692	59.7855	67.6955	67.0607	66.925	62.3745	40.2695	25.0343	20.1559	29.8569	27.2729	8.95938	19.1704	39.562	41.2347	20.1562	13.8514	38.7829	58.9633	60.1874	49.7107	10.2066	49.6302	53.0008	47.4018	20.4408	7.90335	14.7786	56.8641	64.473	49.5018	27.7087	24.9697	62.6904	62.1047	49.6135	69.9462	68.366	22.5095	69.9378	67.3999	71.2764	66.5432	68.9783	76.2925	70.8215	64.4064	28.6969	48.4661	28.9671	46.4216	65.9539	68.4503	67.1112	66.9446	64.6749	61.0459	56.9828	8.80278	22.6278	13.5889	48.9219	56.9741	58.3623	53.4069	40.976	34.577	28.8753	46.0287	48.7489	44.7565	34.5387	22.6792	32.7932	25.2528	26.2583	6.96191	50.718	53.1533	49.2271	50.5443	54.0069	56.5445	40.4787	15.061	6.00496	3.21891	2.30106	4.02781	7.22086	5.70026	8.33502	13.0094	14.0586	13.6964
72.3815	71.2171	66.6585	60.7594	24.5858	71.2091	68.4507	67.9823	65.5742	60.4866	62.757	34.0621	53.3172	66.6432	71.7521	77.9165	74.6243	40.7132	43.9101	57.7136	58.9001	48.8939	27.7659	14.065	9.17282	5.42282	4.2445	4.75621	4.43685	5.45686	18.7429	37.7827	58.1611	60.2011	52.1766	53.4282	41.8861	48.9641	61.7052	67.3194	66.1269	49.0801	46.44	66.146	69.4562	71.5779	65.6622	40.0004	60.106	49.0917	53.1897	53.3122	43.1826	20.14	68.6311	69.485	53.4777	9.31654	37.8304	33.9446	57.8462	57.9852	53.6618	27.3324	52.1938	65.7878	64.3286	56.8551	10.6561	59.3608	70.9148	73.4701	74.156	73.5775	69.7215	55.1103	16.001	31.9412	70.2299	72.8572	62.8193	35.3215	58.3959	55.2729	47.2686	27.7395	34.3492	49.6464	36.1871	47.1248	73.8382	68.4153	10.5503	42.7251	59.1955	63.4937	69.868	74.0813	72.955	71.7355	56.5578	75.5719	66.5045	73.914	75.0231	13.8085	69.2967	71.0317	42.7197	47.4989	26.2193	72.119	68.7077	4.40884	68.4187	65.5257	35.0747	70.5092	61.3536	68.2232	62.5146	51.1081	52.4323	51.0989	61.5929	51.577	67.6281	71.6779	68.2347	65.2868	37.7244	57.9888	55.1291	42.8941	71.6738	72.1266	59.5313	58.1913	70.0596	69.1592	72.0053	56.4633	63.5069	64.3705	57.8883	74.9573	70.5169	72.3189	71.5543	45.4459	66.5438	76.5354	68.1323	67.363	57.3093	68.8009	65.7664	63.4306	71.241	19.0208	45.2901	48.7159	61.4574	67.8975	69.7357	66.9201	43.4462	54.9517	58.567	41.9322	43.8659	47.8473	45.0663	17.0117	11.3387	15.9857	21.0594	37.5887	59.7981	68.4186	66.3784	68.1741	58.9897	41.6322	17.6746	19.1882	6.56342	2.95704	12.5887	48.593	60.6558	56.8887	43.3632	13.8366	50.1443	58.6931	51.6516	66.8167	55.3272	49.3115	70.8844	62.0318	66.6286	72.2742	36.2034	70.3186	71.4229	68.6823	62.6704	57.4118	60.2736	60.768	62.0438	60.759	54.3208	51.9192	51.1734	29.2879	15.2774	32.8458	30.8071	40.8827	4.70063	24.8683	16.8828	20.0113	43.9023	35.5659	8.50858	41.9349	37.4284	22.8077	34.1978	37.7965	23.5505	20.4136	35.8013	24.5323	35.9993	45.1507	47.5542	47.969	46.418	42.2731	24.29	10.5545	6.97447	5.45977	5.52709	3.74022	2.29403	20.2036	31.9272	35.0312	37.7121	41.499
70.6897	69.7522	62.624	18.1328	59.1744	70.7146	65.759	63.7146	71.3784	71.4962	69.8715	63.1378	53.9898	40.5793	57.8686	77.7009	76.5447	63.9873	54.1114	51.7158	40.2256	19.0826	9.03801	10.3655	10.7491	7.45189	2.54458	5.28138	4.65081	6.44729	29.31	44.5346	59.7787	63.3347	56.7828	53.7375	40.4889	42.5451	59.6305	64.7991	69.2107	69.8788	52.0237	39.734	60.7713	71.3163	72.3506	56.3214	32.7724	60.201	60.2995	56.9401	55.8486	53.2426	43.1011	60.9521	56.6448	53.5955	19.3303	62.407	57.862	33.8711	34.4227	62.4934	71.9764	71.3006	68.451	64.9963	60.7162	44.8675	1.66511	30.0676	40.9164	37.1056	26.7007	16.1159	37.0043	54.818	69.9264	72.2066	40.3935	50.7821	54.3157	58.1712	32.4267	46.373	50.3809	47.9002	58.4119	72.4904	72.4657	50.2343	18.9302	63.8088	68.1039	64.679	67.6417	68.7191	61.063	73.1753	34.6145	76.4395	45.1483	74.1934	75.1191	55.7725	55.9833	74.0673	65.9126	49.5151	22.7177	68.4301	71.9186	34.5623	66.9324	70.5143	39.7369	68.0257	60.9371	65.0161	62.6146	53.6512	55.1503	63.1644	62.7506	63.2612	63.665	72.3354	70.0018	70.2196	59.4626	38.0174	47.5746	61.4589	69.0889	70.8076	70.5654	73.2818	72.7203	72.3644	73.0727	63.3723	71.2135	58.1226	61.8062	75.363	70.8686	70.5742	66.1436	29.516	74.0871	76.9101	68.2876	68.5517	40.1865	69.2477	60.0261	51.4174	65.7489	32.9587	53.1743	52.6472	66.4461	70.8792	67.0422	51.3895	45.8005	58.0385	61.8833	42.671	36.6992	26.979	52.981	45.6406	37.3102	40.9355	44.0746	44.74	60.1333	60.0129	36.8978	61.6742	63.2104	63.899	47.6429	18.6014	21.6737	23.9365	20.1496	30.216	51.6147	53.8238	52.7325	33.606	40.0974	51.0729	21.6407	62.7357	48.0091	55.2295	65.3359	51.549	63.6711	69.156	30.8173	46.7499	56.5684	59.4162	63.4445	64.4615	63.6057	56.649	51.1339	43.7913	35.2907	25.8706	41.1812	49.2185	52.6973	39.5727	27.3497	40.621	18.601	27.0931	27.4489	22.3143	42.4663	44.3354	22.2712	49.0954	35.318	10.6118	10.1859	9.88757	12.9676	14.8079	33.1518	28.3437	15.2093	14.4805	9.63282	11.3585	13.0671	16.2943	14.6807	13.6811	15.3085	7.05451	4.24404	3.68127	11.2206	29.9362	32.4482	25.021	27.2794	30.8827
72.0448	72.9378	64.5843	43.3125	66.8439	66.5007	66.2546	63.9631	73.8686	75.6552	74.4322	73.7378	74.7316	73.9482	58.7005	74.9794	75.3703	64.0888	66.2258	58.1901	22.1457	9.46804	7.01901	9.69355	11.1038	8.80033	2.90884	4.31948	5.07863	8.38706	33.6185	46.4869	59.6428	61.8502	51.9635	53.8451	35.5125	32.424	55.1712	57.3078	55.3953	69.1615	67.1893	34.2998	24.6622	60.3231	69.814	70.8742	61.9584	13.1798	40.9003	58.9806	63.8044	66.0953	62.1624	47.2539	51.277	48.2892	42.3529	61.9627	29.7783	53.0337	57.5864	65.1128	67.9414	49.6471	58.5433	52.665	62.7119	65.067	52.3684	48.6492	52.04	52.1055	46.8849	35.034	63.0726	66.7767	60.8567	71.1575	37.8588	56.6233	46.8232	32.2443	43.1329	49.2121	51.1026	64.0812	71.8633	71.4459	50.8453	23.6614	25.5831	67.5889	63.6512	45.8983	57.5694	60.8524	60.7728	74.5789	31.8141	77.2208	49.5396	72.8978	74.3528	64.2207	8.26911	67.8927	73.4254	67.0741	29.1526	60.1282	73.5178	59.5892	63.1173	72.9654	55.6246	64.0077	62.722	60.6166	61.9053	53.8751	52.5978	65.0449	62.0895	61.4294	55.1337	70.2316	70.2703	67.9702	71.2764	62.564	48.0235	63.5594	71.6313	75.1702	74.1257	73.0654	73.3699	74.563	69.5899	70.8103	73.4268	56.0508	71.2123	75.0596	72.2944	70.7818	55.5043	59.9895	75.8511	75.1822	65.3107	70.948	50.9369	71.2818	44.6363	47.1584	60.1935	33.3842	50.8891	55.2033	67.7045	66.088	31.4476	48.9553	57.8401	25.3144	61.4194	41.6037	30.1938	40.5692	50.1088	59.2276	53.1917	55.875	58.2378	49.587	44.8526	55.4053	39.1637	20.5534	46.7497	62.9918	50.2489	50.3918	58.7489	59.1354	52.1166	30.2949	23.2666	43.4451	54.2851	48.7227	43.9411	50.2694	19.6273	61.2579	45.887	51.523	60.3959	59.8887	54.7378	57.4114	45.91	26.5836	9.92571	34.5993	50.4669	54.1407	47.9028	33.4044	29.6303	33.5363	45.0593	31.3845	37.8401	49.0314	42.9407	30.3567	32.3192	37.9381	18.0503	22.508	19.9151	17.3229	43.1796	43.5713	17.72	46.9861	32.0017	31.1751	35.9383	36.5498	21.0954	3.49066	23.1609	23.0193	30.217	26.7609	20.8778	20.5881	25.2955	28.9259	28.1584	25.6937	26.2569	10.155	9.158	10.9968	16.0316	28.6262	24.9218	13.0334	17.5588	22.3188
69.861	72.2106	38.1912	65.592	69.2943	64.9866	58.3918	46.954	17.7408	29.0413	41.7745	12.1709	56.9403	73.5182	76.5541	74.451	72.3892	54.7293	68.7835	63.5905	16.4693	8.92227	7.93103	10.8475	11.8339	9.94893	6.331	6.01561	6.72747	10.2029	30.3383	46.7932	61.3916	62.1634	51.0492	56.6547	62.1415	54.3287	58.5189	56.3559	13.4268	60.9428	63.2385	59.6174	60.4146	45.5554	37.6976	63.1212	70.2114	70.379	67.3661	58.8731	44.6117	20.4769	28.8762	49.2697	51.661	22.5873	59.7916	19.2224	52.3471	55.522	57.2267	32.5787	68.8355	49.6028	43.204	46.7986	56.8153	62.4844	57.7055	69.3908	71.8756	68.9384	63.0727	36.8684	68.9759	62.6285	43.8815	64.2107	60.6596	19.0932	24.3437	47.0757	58.6343	61.2257	66.4253	71.4633	66.6928	25.121	54.5503	56.5603	30.8111	64.4616	69.8632	38.3506	20.5742	56.7098	66.6251	73.2723	36.6118	76.5047	63.1229	67.2611	73.8915	67.3399	44.6233	61.3436	64.5016	65.3738	63.9188	16.3573	72.4447	73.1296	54.3681	71.4586	65.7574	35.4755	43.8712	9.10132	56.3803	37.9578	50.0603	57.9453	16.9227	49.5099	11.1591	65.7591	67.1086	66.1362	67.0973	67.0531	66.7523	40.0251	35.39	48.0386	48.0147	48.7687	43.3966	54.9906	63.1428	75.5531	78.9179	80.4171	80.7171	79.1868	75.5113	69.8402	45.6245	64.223	74.46	75.5456	71.7349	55.2952	64.2855	68.4708	28.9067	28.4167	48.6079	31.8078	44.6732	63.6826	71.1702	67.8706	50.5241	57.9905	37.3156	51.5531	50.3222	56.9411	59.3643	61.8731	60.8624	65.8882	66.6343	64.7613	64.4042	65.5891	58.3774	47.9527	53.4686	42.7381	54.1418	62.3925	55.8912	60.8858	63.8402	61.9693	55.4866	43.7359	30.3735	24.6136	48.545	60.1004	61.7588	46.2824	33.3463	61.5013	46.985	46.1691	56.5576	54.7401	33.7855	35.4641	36.5252	46.5674	49.9867	42.0879	28.359	21.0918	22.4997	31.0506	36.0911	43.7546	51.5347	47.6177	56.5834	57.3485	55.7024	48.1097	50.4152	54.7291	47.3332	57.5421	60.5303	54.3767	54.9757	59.4448	57.8547	59.7952	59.4544	60.1474	61.5204	63.4832	62.0583	62.5427	64.1788	65.4453	65.4513	59.3757	51.1984	49.4837	42.7571	30.6307	20.0433	27.0648	29.6725	7.55419	18.5627	20.0179	23.8315	28.7271	25.7716	24.5512	32.2353	35.5157
72.3527	73.6018	45.2202	69.7577	67.3856	50.6559	58.7427	70.2914	72.7065	73.78	72.9198	68.5789	63.711	51.0683	67.4355	74.0248	70.7331	55.9631	67.0965	62.4724	16.9824	13.6942	11.7068	14.6061	14.5316	12.2233	8.61157	6.23548	5.97412	8.49161	21.56	36.9827	59.1436	61.4207	40.2647	44.3452	66.4537	68.6453	57.9133	41.9035	13.1862	51.0886	55.5583	63.1227	63.4673	59.4567	54.4071	40.9986	32.0497	50.5929	61.2688	66.0677	65.6219	61.5884	50.475	36.598	39.992	65.3677	57.982	61.4285	47.065	11.5291	49.2069	50.5898	66.3781	65.8061	42.2523	40.774	59.2558	55.6512	57.9203	65.0953	57.6986	59.171	65.0223	26.7294	68.2242	59.2069	51.2906	40.37	70.1524	56.6082	52.2044	57.0645	57.728	61.8944	68.8552	68.2825	33.9791	61.9066	61.1771	61.4873	36.1931	60.3764	73.2819	50.1171	50.1908	31.4269	65.0471	67.6284	45.0859	72.5222	67.3071	38.5881	72.7919	69.7067	40.3995	69.2289	63.2137	43.2909	55.514	62.6835	58.6381	74.1087	53.067	63.5061	68.31	27.0679	50.1989	63.9979	70.9996	67.0853	65.5542	68.1778	66.8299	64.7673	66.7358	75.1228	73.3827	72.0729	33.7202	72.2065	75.6297	68.8613	67.1581	69.6336	67.2249	67.1444	69.9733	68.838	52.7667	61.3369	76.0927	77.2375	75.0282	70.3977	63.1976	53.1311	32.5949	58.3879	73.0826	77.1878	78.2708	46.9294	58.3797	58.2764	31.2129	61.4657	63.9237	67.2278	49.8266	39.9599	70.8139	67.622	52.6141	47.6453	47.0758	59.5361	64.1462	68.0881	68.2761	65.6947	62.309	63.9116	68.2923	67.1427	65.5595	66.4277	68.3945	67.2153	66.2566	56.482	58.6164	63.4599	59.6155	56.2136	49.8818	51.1192	55.8229	20.396	40.1894	40.3031	55.9703	66.4407	56.5273	33.0414	48.9279	55.9726	49.935	23.0123	45.2367	52.1168	52.03	48.822	30.1139	33.8245	52.5749	61.2979	60.2521	56.7122	56.5758	46.1018	31.5626	52.7744	57.8786	52.9504	59.824	59.8417	62.5636	57.8324	55.3939	62.2708	55.844	63.7964	65.2275	64.4078	60.5908	64.4162	60.2872	63.2614	61.5458	62.6129	62.9172	60.6153	57.4497	56.8659	57.1292	59.4018	57.7565	55.1371	17.8008	18.9404	39.5424	43.2734	40.461	41.2099	23.2702	10.8096	21.0894	26.9702	31.7117	37.2612	40.4473	42.0356	47.7509	54.8951
67.4184	68.1114	45.2112	61.5587	63.172	57.8877	63.6424	63.8776	65.1914	63.7172	67.8003	63.8572	69.2621	74.3676	65.4779	48.1778	33.7243	19.3542	59.4529	58.7856	22.2036	11.3719	10.7299	16.2849	16.788	14.1907	8.69446	4.30041	4.12798	4.59225	15.1971	33.3625	54.3455	58.6007	39.817	42.1784	66.0914	70.9246	67.8302	58.5033	31.3583	55.0719	52.7411	49.7672	52.9013	53.7172	59.6731	62.3117	58.9321	54.287	51.5598	52.1147	54.398	57.0165	49.3624	12.8651	56.0246	66.7151	40.3251	71.1138	24.3396	49.3135	54.0087	61.0797	56.0677	68.3736	70.6794	60.6023	55.1866	48.9661	62.5583	36.7115	52.9463	59.054	59.8342	24.8676	63.0205	67.4075	55.2948	55.5101	62.9042	51.248	41.0758	54.9467	46.6869	55.6167	58.8848	35.176	49.5726	70.5156	44.3168	68.5321	23.9514	61.3207	73.4558	56.8797	57.8957	60.9984	65.6901	56.9941	56.8904	68.3078	63.8538	9.41814	72.0679	69.1217	37.354	68.5571	35.7149	45.1062	56.2083	63.5478	18.7785	71.7314	47.1694	63.1997	70.0796	47.3626	63.1363	61.3118	63.2319	43.9707	33.786	57.3776	62.82	73.0743	70.103	69.7799	66.0943	56.926	73.02	71.8993	72.4965	63.9932	68.3088	65.5985	68.9474	73.5591	75.5232	75.7926	74.5041	61.6205	46.646	61.5376	67.9066	69.7414	69.7325	64.8688	43.1198	8.91202	54.8147	72.891	79.8185	65.5496	49.7322	49.0395	47.2294	70.849	55.0922	62.5232	59.8983	53.1863	65.7488	59.4869	2.69191	21.7112	37.4031	62.6078	67.2917	65.9315	65.0257	61.8961	52.5798	41.973	42.9299	41.0901	31.6601	19.9962	41.0072	38.721	41.5798	43.4208	56.9403	62.998	61.2584	36.8704	22.1259	57.721	53.4319	34.0092	37.7405	33.0112	47.1386	60.2831	59.6277	58.1988	46.4391	47.7173	55.0153	34.0984	26.9832	40.3974	42.8628	34.5198	39.8715	52.8057	55.676	62.331	65.2131	63.4222	65.1935	63.0067	39.9082	54.1817	56.4579	54.3567	31.4244	8.23932	39.8604	60.2877	56.9439	59.4477	56.7878	59.7068	40.0662	45.5809	31.7018	44.7952	52.6776	48.2306	37.6491	33.9885	29.1727	24.491	29.0534	18.8574	45.206	53.5936	61.7964	66.5735	60.4471	61.3293	58.7398	49.8333	37.4892	18.1726	8.58974	15.3335	19.599	31.5632	30.3376	40.7822	49.5016	48.5945	43.9376	49.5838
60.4966	67.7769	66.0902	8.65227	63.4953	68.2373	56.8875	39.6482	11.4556	41.0214	50.7932	53.3566	61.2989	73.8358	71.943	71.3551	69.7259	68.4079	70.4153	68.51	42.4942	13.8002	11.7908	16.7549	17.5881	15.2764	9.02046	4.15748	4.60864	5.0034	16.8719	36.4361	46.6532	54.1538	48.9055	45.9944	65.4275	67.8839	63.7125	64.1517	57.1108	26.6535	39.6218	36.1398	26.1112	52.85	46.7151	42.3129	51.082	44.0975	42.9585	54.6261	52.0255	42.1228	14.434	37.0752	54.3596	62.8523	53.4838	72.4727	15.0523	50.6801	46.8684	54.3211	44.3941	45.2609	70.4421	73.307	55.5732	30.8948	60.6712	40.933	62.8919	56.0087	45.5542	42.2765	51.8708	71.6898	40.7452	66.6752	63.9819	58.871	50.5268	59.6319	60.1691	58.9922	36.9061	41.8971	65.5819	68.9957	49.8712	70.538	15.2633	57.613	71.566	64.5592	38.9805	68.7253	69.2076	47.3793	57.9049	68.5556	65.9006	24.1256	72.4981	65.6789	38.7649	69.1683	34.3273	39.0903	47.4164	52.9331	5.07973	68.095	50.4634	65.9662	62.1459	4.93203	62.7249	66.4371	64.4548	39.5154	16.9236	45.523	57.4812	42.8094	61.5898	63.7191	65.6109	14.5387	78.0416	68.7082	74.7513	60.7975	70.142	62.5241	62.1348	71.4666	68.2836	74.6383	74.9842	54.8232	65.2171	73.3814	75.4603	76.0127	75.4764	74.6504	67.0541	27.3017	51.9655	72.6285	79.3324	65.9948	65.3025	64.0347	63.4648	71.1961	40.0166	58.6871	49.5241	49.5432	62.0867	59.4147	51.5485	55.4313	56.5437	39.724	30.2695	32.0896	28.8317	22.0449	25.3065	42.0597	47.8741	53.422	55.8281	57.9766	53.7294	51.0583	54.8658	39.6564	7.23722	54.2787	63.5876	32.0771	32.1853	57.0654	30.2467	52.8873	42.4906	45.1652	39.605	39.0744	43.5441	55.3529	54.2061	55.6498	52.07	29.1606	5.31936	12.0413	19.349	25.8054	47.8258	56.9616	61.0063	47.7769	55.5333	63.4965	62.4621	65.2791	53.4684	36.6117	56.1226	64.4214	5.06738	40.1153	44.728	26.3812	27.2287	35.8152	39.8819	23.2145	49.2188	47.5626	46.4236	60.6871	66.4654	65.5396	62.8942	61.5157	57.1314	43.6786	40.6753	54.1293	60.6733	64.5508	67.5464	64.3109	51.1596	36.0943	9.79174	31.2762	47.3014	48.6598	37.252	14.1992	18.9886	33.5388	25.2943	42.038	51.1768	45.8622	46.8089	49.7841
77.392	73.6695	71.8275	68.757	50.6795	34.2778	40.7983	41.3543	29.8833	51.3734	58.3293	65.5259	63.6587	53.8519	71.5723	73.7815	67.1114	58.9492	69.4534	72.556	53.1306	20.5947	15.6897	18.0939	17.9671	15.0133	9.16534	5.1035	5.60907	6.09188	17.1886	34.4777	45.4198	47.5294	34.7217	42.1599	61.1381	63.2138	61.4878	66.8225	70.0232	66.2573	53.9891	47.556	48.1731	47.7517	47.9334	43.174	9.10449	31.7561	28.5698	51.256	50.8547	49.5253	46.5651	36.544	62.7549	65.6576	60.5625	71.2759	42.3253	21.31	60.202	67.3207	70.2451	65.2505	6.01831	68.1326	73.4404	67.9325	58.7175	50.0256	60.8159	56.3002	38.5816	61.4584	61.6962	68.1458	5.24919	63.4672	56.8855	44.7818	65.4332	67.3714	64.0651	37.2658	46.2081	55.4599	61.1183	60.0437	59.0141	70.2776	30.2376	53.52	65.9621	66.1522	43.5379	72.4606	64.2741	28.9373	46.4984	66.8055	69.0355	34.672	69.5674	69.3652	40.9534	70.2444	47.3221	37.5333	51.3161	32.5327	17.7711	56.4632	18.5624	49.7606	70.7507	75.8523	73.6393	67.6596	58.1531	63.6011	64.6509	65.3728	65.5792	61.8115	47.4917	16.1625	60.3122	45.6606	78.7171	67.0768	75.7866	67.1261	67.8603	68.4795	60.9339	51.3085	47.1885	77.5986	67.9657	62.977	66.2255	69.9406	70.2301	73.2777	73.2199	75.2343	75.5464	60.0258	57.9667	73.2001	75.9229	62.4096	66.9058	66.427	70.1509	69.1912	49.8401	61.0492	63.3424	66.2047	67.159	62.3749	44.6484	40.3207	59.2794	64.1182	66.9652	64.4915	60.6034	63.2217	64.8543	66.3637	68.4	68.5578	67.9827	68.6228	66.8093	61.1166	58.023	55.2845	57.3938	54.0446	47.5298	45.3489	39.6704	49.2252	47.487	59.6249	47.2614	58.2919	62.4081	52.8891	51.7052	28.0968	31.3359	36.9547	18.0847	29.9291	38.4815	31.4013	38.2257	45.0746	35.9909	51.7932	65.2091	66.347	56.8532	45.3881	21.3007	54.7931	55.8	6.61251	50.6482	65.8181	62.7701	66.4147	69.2257	66.5125	52.6494	10.4743	38.6578	33.0709	42.0617	56.822	64.1569	65.0444	60.8837	58.7938	49.1626	48.5013	55.0396	65.8349	69.1705	69.0229	65.8209	59.4669	47.283	8.21371	45.273	60.079	61.7645	58.2962	53.4761	49.487	46.1065	32.9583	10.4357	33.0546	34.0445	42.3202	48.6282	52.2052	50.3402	53.3873
75.9509	73.3777	67.6537	70.7162	70.3701	68.0404	66.3302	44.7926	43.9043	64.9626	66.4621	69.8884	72.0633	65.9671	46.1383	70.2652	68.0356	62.525	73.1309	74.4677	55.4948	31.1721	21.6426	17.7603	16.2309	12.6822	8.87229	5.31869	5.85508	6.12147	12.474	23.5535	51.449	58.6017	48.1511	47.7952	47.6623	48.6345	58.8818	65.5443	68.3703	64.4747	49.0791	44.8261	63.1716	65.4291	52.767	46.9672	31.738	47.2271	50.4826	52.4222	42.6963	9.26869	25.7353	25.5954	67.2271	63.4885	65.4435	66.8535	41.0147	52.1551	33.5352	49.6438	50.1164	63.3147	57.8344	24.0475	63.78	73.914	71.8987	66.6798	47.389	60.206	47.8975	53.7368	52.4949	39.4141	32.2415	32.2763	14.2973	53.4601	65.8462	62.6105	34.8668	54.4364	62.6788	49.0906	55.0885	57.1037	61.9188	67.8048	46.615	56.7858	66.2012	63.4986	53.9715	72.1882	48.1919	34.3747	25.3468	60.7163	61.5132	56.5687	47.4864	70.3431	41.6527	70.5758	57.5102	48.7566	43.9279	30.4202	38.5875	29.2392	48.3241	61.3176	65.8773	69.0148	74.2134	75.1042	73.433	72.9144	69.0305	69.6214	67.1655	40.1953	57.3216	69.0313	72.5126	57.8092	77.9563	73.5688	73.5618	72.1625	59.3693	72.1515	47.2909	53.7384	72.5627	75.4306	2.75368	69.7651	67.4514	64.8594	70.0655	64.0722	71.982	73.9104	78.7359	73.3247	60.3853	74.0392	70.6267	52.2967	67.4463	65.0709	64.7923	63.192	60.4774	67.9926	71.531	71.7309	68.7578	58.3846	44.1536	40.3054	47.3323	60.0991	63.7117	61.3941	42.7435	42.8923	39.6908	33.2906	41.9626	51.5622	58.89	60.6625	57.9221	47.2406	51.0887	47.1773	60.166	63.1475	53.822	35.9612	37.6643	63.5008	67.526	63.6919	55.1241	60.7198	69.3553	67.1733	69.7218	41.0606	33.3434	23.1676	43.4203	60.2471	61.597	54.9283	56.0666	61.4184	52.8955	17.6497	55.9057	60.621	60.2877	57.1534	44.3584	51.979	56.5788	32.7759	48.8747	54.1571	64.7824	60.832	57.8049	46.6196	56.8744	55.1528	57.8044	60.8616	60.446	52.9839	54.841	53.1717	43.8676	44.2936	49.252	52.845	60.6607	64.2463	65.0036	62.4635	50.9866	23.3744	36.2276	58.4658	63.3428	59.1672	47.6151	21.8824	1.11571	4.89027	40.7207	45.0207	6.44557	29.4636	41.9251	36.9872	44.9546	55.7734	58.8659	61.6938
67.0564	74.241	71.9042	71.3771	70.1374	60.4568	66.9894	72.3858	66.9607	60.3761	73.7256	67.2236	43.8999	74.1461	61.968	55.3712	63.5526	61.9758	75.8102	75.8389	59.5823	38.4296	22.5189	14.2512	12.5297	10.1662	8.25607	4.23355	3.86323	3.71626	4.50911	11.4041	56.8074	59.2873	45.8881	50.2646	43.8642	32.4045	30.0473	35.2725	38.97	51.4389	52.6938	59.663	48.613	45.0366	60.3569	41.9644	23.6779	51.5722	43.0389	55.6105	44.352	17.4922	37.4773	42.4124	68.7189	61.5031	68.2688	62.9281	27.1301	64.3939	25.0873	54.2291	56.8933	54.7495	49.3815	56.427	49.7688	50.8187	68.4968	67.733	32.9236	63.6051	53.0134	70.2015	50.1414	42.8127	55.7675	58.9106	48.7821	49.166	59.4107	39.0218	45.2811	64.4871	53.9872	56.3419	56.5192	44.1454	63.5713	53.5847	58.1502	58.194	61.7717	37.2487	65.5621	68.58	24.3642	33.9253	29.9643	59.7199	60.7128	56.7241	27.263	67.5898	27.5703	67.0761	61.708	27.5166	29.889	60.0268	50.631	29.9609	64.7044	52.2546	44.3276	63.3608	58.4971	36.33	11.0033	55.3572	59.9313	52.3626	49.9528	63.1399	70.3316	70.7736	71.3073	73.1084	73.5357	77.5937	60.2321	73.4571	52.6942	71.0707	20.1303	71.9272	70.3854	59.824	52.1635	71.7059	49.555	52.1074	67.7695	19.1448	59.9526	63.6051	78.8185	76.8455	53.1721	74.4681	67.6992	62.8108	64.6455	58.3917	50.7454	53.69	57.3508	59.5086	58.9663	55.1316	44.3147	27.0736	34.866	38.5764	4.93058	37.0544	34.4805	53.6553	45.824	46.519	52.1528	47.1053	57.8249	61.8542	53.6943	22.0153	53.7466	42.9869	51.7236	55.9512	57.8707	53.1919	57.2957	43.6715	50.7449	51.6323	55.2217	57.6685	63.0007	67.0419	68.5167	66.8378	72.9471	56.1959	49.842	26.0056	60.6747	63.8296	60.794	60.1556	48.2265	43.3529	57.3297	36.4421	40.4171	50.1839	54.0386	48.1095	5.00484	48.3314	49.346	24.6677	44.1251	37.6975	50.3894	16.9584	54.9364	55.5211	61.3089	39.8961	43.0139	53.7586	58.1647	64.7101	57.5564	34.4651	28.3101	33.2166	48.7817	55.4507	54.5321	47.8389	38.4415	21.6808	20.7126	49.3542	63.7974	61.8517	32.3089	20.5582	36.8137	31.1527	25.5591	27.5642	41.0476	47.152	6.89842	23.3712	37.3327	30.9589	14.8972	22.4091	26.9504	21.3663
44.8559	69.2327	69.8375	68.2574	70.4003	47.3534	60.3437	64.2841	71.7958	52.4599	72.6098	70.1335	15.2607	73.0524	68.8535	23.818	55.6848	56.9604	75.4283	76.0693	62.714	42.9794	24.8877	11.7464	8.87056	8.45783	7.06353	2.82551	1.5171	1.28398	1.79831	7.99243	54.6806	54.2708	37.2473	49.4542	47.6068	42.9727	41.0484	39.9581	40.5629	27.6357	36.4875	35.5418	46.6053	62.5856	62.2582	37.482	45.8582	59.3961	29.6848	59.8061	45.3404	44.6172	46.0299	46.2657	67.3356	63.5428	67.5459	61.8291	22.7857	65.1048	43.4407	58.7282	58.8831	29.8923	31.4967	43.3919	63.4095	55.5221	68.3784	67.7259	27.4292	61.242	38.535	66.8438	62.2821	44.3169	42.8832	37.6499	47.9806	18.83	58.0646	31.0432	43.4295	59.977	26.9758	49.1438	41.7658	11.2758	60.2638	25.7944	52.6103	50.7501	42.3302	42.6514	63.9431	58.497	14.335	22.6406	36.2461	58.5646	66.027	52.0058	41.9115	65.8156	27.0694	59.8313	66.2602	35.9593	61.5443	58.8444	67.5238	45.1508	68.5068	48.4287	28.8587	69.1503	60.7573	53.2512	61.6298	64.7511	64.9546	61.7907	45.5826	56.4686	60.4466	66.1291	57.6185	72.9501	63.1853	77.7577	24.0006	71.0602	49.1053	66.2729	12.7252	74.2613	63.7898	40.4971	49.9844	72.5994	14.365	29.8665	55.2104	49.9107	57.0139	62.521	78.2176	77.0141	34.4744	72.2966	63.3045	50.8468	51.1393	45.9464	38.0824	40.332	39.5916	31.9975	29.2284	22.0574	27.3153	34.5849	34.988	49.1372	27.3083	47.909	32.9171	58.6725	54.9763	30.7419	49.5667	22.5395	38.7584	64.5073	65.6932	13.9948	51.8638	37.3622	33.8312	34.906	37.0272	29.175	41.4578	56.5225	58.114	51.4045	6.29786	35.9696	60.3092	58.2353	54.3774	60.8391	71.0494	57.3092	52.2114	11.0628	65.4092	57.1006	46.117	56.9032	17.6435	34.4642	53.883	39.1763	40.0005	53.4784	56.8819	37.168	29.4813	42.4333	38.6158	34.0176	28.0656	45.6661	44.2311	23.1248	59.0637	56.6163	55.5218	52.6047	58.8896	57.7845	56.8305	64.5496	57.4551	27.0553	21.5777	19.2169	24.2551	23.9721	22.3493	20.1153	12.0616	10.0186	41.336	56.3761	61.3137	40.1941	32.1859	28.4448	24.4411	18.4164	16.372	19.9644	36.4254	40.0125	4.24035	21.2109	30.4828	23.2501	23.4706	33.231	27.6329	24.5696
30.8863	47.5078	63.0531	67.2374	71.4351	38.4302	61.5674	25.0349	64.8177	71.769	73.5451	69.5052	30.4415	72.2768	69.622	33.1384	65.195	59.2051	72.6526	75.1484	65.3655	47.3647	28.8432	14.2934	10.1364	9.46343	6.70851	2.90643	2.152	2.44888	2.73607	5.17624	50.6938	52.2577	38.4702	49.9222	49.5126	47.4994	40.7233	41.6867	49.5068	45.5716	7.65425	52.8893	58.8762	54.132	58.4105	44.6093	66.1783	67.0166	34.9354	56.6144	29.6624	52.8138	38.0744	56.9645	67.3444	61.9801	68.4338	63.2158	33.356	59.0736	66.3315	69.1338	64.2777	43.8252	30.1304	39.8288	63.2459	65.7575	64.5946	72.0039	63.0816	44.0613	62.3772	48.1345	69.4477	41.5653	50.3677	47.8969	60.0589	52.7045	31.9412	52.281	40.0697	46.1908	39.4341	24.0439	26.3582	10.9162	51.4453	38.9533	23.3197	48.8993	44.4999	32.3507	58.4328	58.8206	37.3587	32.4025	46.421	48.4203	65.7561	57.1882	28.8886	64.9651	49.1419	53.9092	62.7233	40.0237	62.5152	59.2928	69.5753	60.488	63.0192	54.1725	46.6562	68.0163	51.3832	66.0199	61.6294	57.7497	60.8203	65.5643	39.4262	58.5915	60.6438	63.2069	46.1605	70.8654	46.7705	76.0495	52.0888	61.2454	59.7072	50.9001	45.1501	71.8278	51.1586	60.186	56.5028	71.6516	55.9818	51.8521	21.6953	50.2531	55.5935	63.7921	75.1515	75.481	33.2169	65.8356	65.3753	60.6869	60.8034	54.4988	46.3991	28.1773	17.9757	46.7741	53.7436	55.9375	59.6787	62.0988	59.9914	49.2032	26.0605	52.5061	3.62706	59.3561	65.7506	52.0369	56.5849	49.4834	56.9095	60.631	64.3564	34.1784	37.8411	48.1286	46.339	36.825	41.6461	38.6754	40.4189	58.9732	59.5757	62.862	62.8812	64.7432	69.213	67.1988	68.3376	67.5942	67.7261	60.2349	51.114	7.5888	62.7508	61.2134	53.3483	44.439	33.2925	46.2914	55.8038	53.8465	45.3299	50.0517	53.4895	40.6825	51.8335	50.7968	49.2683	46.936	37.0154	53.8103	53.867	41.5702	58.1882	61.8132	64.5143	64.454	63.66	61.0391	57.7316	60.6243	52.6851	18.8104	16.4714	14.309	13.9881	11.6086	1.74555	15.4549	40.5586	52.4346	62.4448	67.7917	60.4096	29.45	40.5918	29.7106	43.6056	50.8195	47.2493	28.5369	37.3055	33.9735	13.5931	40.9263	57.5377	60.6022	58.736	57.6612	54.1562	52.2496
46.7046	20.6342	57.9521	71.9738	75.3107	61.0676	49.4684	59.2175	51.7948	69.3335	73.9118	65.6743	62.1096	72.95	66.357	52.0565	70.471	64.1942	68.9684	71.7184	66.4594	51.3522	32.778	19.59	9.73398	7.20119	5.10394	3.86213	4.23243	4.54194	4.19945	5.20845	46.7963	53.1447	43.0395	43.6191	45.3511	50.0713	50.3366	51.5951	52.1702	52.4934	58.975	65.7143	58.4071	17.6188	56.0906	59.6066	72.6912	66.0314	59.8693	60.2391	50.5643	55.3882	57.7079	71.5845	69.4754	49.841	70.9432	66.1811	47.1581	38.2812	65.8898	69.1092	64.1906	59.3239	59.7889	63.7499	57.248	62.3942	39.6212	71.3561	76.3193	48.3726	70.4805	52.3544	71.0295	58.597	61.8332	59.881	60.4984	60.0322	36.5818	27.3121	30.1812	28.5101	51.7211	50.3885	34.1815	22.4325	14.881	41.9682	49.4201	56.7144	60.4427	31.9059	54.2013	65.6234	57.0054	47.8272	53.9037	40.9404	53.7303	63.2852	31.617	62.4228	61.9121	59.9387	44.2187	44.3999	61.8606	64.4176	65.7997	72.1326	18.3631	57.6356	62.3041	59.2725	56.4273	70.7441	64.4798	62.9889	63.8892	71.4456	55.8788	63.5454	63.2051	32.9546	61.2653	67.3517	41.698	73.2827	69.093	29.3236	44.4767	50.1963	54.2324	65.6875	58.7166	64.0722	64.4177	65.7119	62.4364	50.1818	53.8456	62.1564	66.415	68.7868	70.0218	69.5537	56.3132	52.0258	68.4971	68.2373	63.4296	50.911	32.492	40.893	61.3063	67.698	68.9719	68.4477	67.6521	66.344	61.0472	46.1123	18.593	38.8709	55.5261	59.8511	71.5385	68.8104	62.3575	59.6795	65.9631	63.8141	57.8361	43.0708	37.0276	49.443	54.288	50.5088	47.1816	29.9396	38.7277	50.5802	59.5506	65.9013	65.9438	66.5656	70.3822	71.631	71.8153	70.1053	65.3123	55.4726	36.4263	21.7397	39.6299	49.9881	29.7183	41.8689	64.5814	62.3981	63.05	62.5504	57.3596	41.9806	28.0351	50.38	56.516	49.6176	37.473	30.0135	27.2203	46.0792	53.6133	47.5361	56.431	64.3154	68.598	69.7405	68.311	65.3254	61.2663	56.4489	45.8293	22.4953	20.1856	12.8015	10.935	20.0652	34.3154	52.3372	65.2784	67.9844	68.0347	61.8819	14.7871	39.4483	27.6934	31.732	54.8702	60.2424	60.286	52.2533	52.5072	36.0152	30.319	54.1033	60.3898	51.9838	50.6535	57.3315	58.1313	56.0792
35.5833	54.8807	27.7643	66.6693	76.2998	74.3043	60.1966	45.2246	61.6334	70.4481	66.3985	30.4224	72.0824	73.4216	60.9794	58.3468	70.8319	61.2035	64.4525	68.1039	65.1886	51.4203	32.3642	22.0828	9.06943	5.79945	5.78081	3.62621	3.1759	3.56616	3.24821	3.84567	45.026	57.0162	49.1764	33.2285	24.8572	40.3426	35.3255	37.0529	47.2905	58.1948	66.5916	65.3017	39.2687	61.5741	50.8396	62.7003	71.1483	52.1762	64.3676	69.8529	71.7798	73.3446	74.0405	70.9031	51.2658	19.7441	70.3953	66.0968	41.8479	51.9662	34.8016	33.3355	34.7843	26.1686	26.6942	42.4456	43.6076	46.7123	61.8986	39.2112	77.9382	69.5383	72.7164	66.1688	65.7442	64.7913	65.9194	42.0067	56.4106	61.3802	38.5083	53.0699	38.8401	39.3406	14.8408	65.9639	31.1132	49.154	46.3723	57.0911	55.6934	45.3952	65.1396	52.8968	37.7773	34.354	39.9943	51.7339	58.4455	61.1103	57.7599	60.582	33.1484	47.8762	30.8639	39.4186	20.6253	53.9792	52.9052	59.6745	46.9331	72.8533	70.0016	45.1902	60.8379	56.8381	52.3724	64.506	45.4335	53.4039	46.0238	68.8854	57.8143	62.1178	54.5553	48.5258	63.1582	49.6654	8.17765	61.0253	67.5169	62.6999	45.8296	24.3895	54.8014	64.5071	56.8495	50.4442	53.0769	37.9673	58.7812	71.4955	71.7366	72.243	72.533	71.5966	70.2665	66.7458	57.7162	28.6302	37.8771	40.687	27.5638	31.5036	34.778	55.972	63.4957	49.4248	25.593	17.4292	18.3547	31.9052	47.2278	60.4526	57.0957	59.7574	66.0575	53.0875	60.02	65.3309	62.0597	56.875	55.6414	58.8103	56.8044	43.5907	11.3132	9.3036	21.0812	29.5139	13.5672	47.2936	54.0346	46.8499	32.4022	33.579	47.8768	48.6218	23.4723	16.0216	19.4969	20.9389	35.1369	11.191	50.3039	59.584	56.6914	56.8883	62.9118	66.8393	63.4732	52.7456	55.7533	53.8447	52.1851	36.7409	23.2516	30.325	17.4606	28.1253	47.9938	52.7636	46.6051	32.4679	18.1917	15.6934	30.5661	38.1474	41.0996	43.3565	42.7158	37.2285	32.1239	33.2548	27.9677	16.2398	7.53098	28.997	51.6898	59.3799	62.9592	64.8489	60.4148	30.1883	32.0205	60.3822	66.846	61.0593	47.4615	48.3529	48.8097	24.1356	42.3785	48.3215	59.1946	39.2005	44.6568	54.4112	51.6445	43.8401	38.846	48.1101	45.36	39.2609
61.9769	61.6014	56.1405	35.3701	71.6734	76.7744	74.7383	72.2064	60.1409	65.1888	73.8531	7.9152	73.2842	72.7997	66.3649	41.5449	70.9266	66.405	68.2754	69.1467	64.757	49.9712	27.8677	16.4662	8.28143	6.78139	9.05535	7.76029	2.84623	2.99491	2.98975	3.80903	39.1014	59.1313	56.9303	31.6147	10.9086	39.744	55.3568	63.5116	67.195	62.5718	55.9216	65.2174	27.0906	68.6904	58.3143	65.4745	68.5551	49.1455	49.5619	54.5715	61.3695	63.8014	58.1736	27.0033	45.1471	53.7676	61.4903	65.445	18.1918	56.4977	56.9146	56.6194	57.2797	58.1779	52.9914	57.8858	44.6247	57.2776	63.1993	37.8175	76.6802	73.7783	70.34	68.8619	60.2142	68.3223	54.9296	46.0731	58.3561	58.0131	18.0593	41.5983	49.9364	20.4654	44.177	60.8945	61.6497	59.1396	25.2933	32.0645	59.5304	28.0044	66.5516	61.8946	58.6203	45.4679	29.3888	44.2734	38.4781	48.8253	48.3725	23.5093	41.9773	58.2033	59.0631	65.0045	56.719	42.8068	61.8426	59.1802	43.658	61.5421	74.6083	67.7917	19.9009	44.6961	52.2863	60.1512	41.8993	43.7214	37.5002	65.278	56.9175	61.7684	36.0496	59.2972	44.3744	55.6968	57.658	56.4606	54.6606	53.0751	52.2059	60.0369	62.1538	55.4002	48.0296	46.2816	29.7707	33.9495	17.8478	65.9367	64.9688	64.0872	64.1142	59.3811	47.0493	49.6651	52.7917	42.2795	7.22513	16.0724	22.1289	37.9046	47.4827	61.6544	67.4498	64.2526	63.334	61.5922	61.576	66.6899	69.2741	68.8971	66.2848	65.678	62.705	46.9234	38.4434	48.8936	54.2269	51.7713	43.0494	35.11	26.302	11.9693	17.1855	4.17258	5.62714	20.7332	43.3948	56.7841	60.0269	62.2105	64.4003	65.0978	69.193	69.478	67.4984	64.1553	66.7239	66.7287	63.8112	60.4056	67.7342	68.6962	65.6335	60.0827	62.152	54.7072	3.23359	34.8805	37.9669	37.0518	27.9791	33.2292	39.9661	53.1327	57.0563	53.3973	46.8137	48.8918	52.255	48.1503	38.0175	25.856	15.0381	9.07229	23.3115	30.065	32.5299	30.5691	24.3163	24.3435	21.0082	13.0491	7.09541	45.9949	54.1922	43.5597	33.7426	27.6267	45.3413	62.5605	65.6887	64.3249	58.747	51.7694	51.7304	59.2039	65.5692	64.1139	56.706	55.9843	60.3884	29.4947	48.5976	50.3245	48.2175	36.9453	9.69969	40.813	58.0568	58.4371
66.3432	66.4944	67.878	70.1979	52.9779	55.8151	67.7736	73.6162	76.6382	75.8677	74.0799	48.9885	72.3766	72.4175	74.637	71.2896	69.1813	63.1738	70.5753	71.9511	63.8613	44.5179	17.1592	9.15837	8.83093	8.58177	11.1426	12.5227	7.43807	2.99447	2.90532	4.37106	25.1284	54.1161	59.8485	45.7776	27.0627	46.5287	62.943	67.5047	65.0685	45.0518	49.9089	56.2889	47.9522	71.5838	69.8579	57.6886	22.1074	60.699	67.4276	66.291	57.712	60.9757	64.472	56.5232	51.9989	45.003	59.7758	63.1625	15.2577	22.9383	51.0872	58.8107	56.8974	59.6801	66.1944	71.2179	72.3901	70.72	61.3398	41.2077	67.7143	76.9206	75.6908	69.9299	56.9296	60.2464	65.5515	60.3886	16.9949	51.8575	38.2175	53.5295	45.1729	64.6647	65.0117	63.2112	70.0664	63.6971	47.2724	38.3697	69.306	50.912	63.8221	59.6063	29.3848	46.6851	40.8345	47.1125	65.6363	65.4159	48.0941	33.5024	55.3585	61.3509	62.5706	67.7976	72.625	51.3631	62.0237	61.8055	59.2748	40.3633	56.2506	72.0201	73.5753	65.768	36.4045	38.2367	35.8965	54.4334	51.3286	53.2527	44.9021	41.2438	38.1749	48.9482	30.9398	48.4748	52.5937	23.906	56.3498	60.9615	71.5243	72.5499	62.848	48.7197	66.1838	70.1401	63.0344	56.9075	59.6168	59.9186	66.282	65.5846	46.3613	41.9238	49.6782	54.5002	57.9963	52.6083	28.6318	6.26786	15.4808	24.1375	39.0825	57.4949	66.977	69.0458	68.3238	67.8061	69.5836	70.7059	69.5899	67.5184	62.1002	52.7953	38.0655	16.2236	2.60134	5.60726	10.6633	11.2321	31.4201	42.9308	42.3797	44.4909	46.7422	40.4488	31.3474	13.6926	44.3055	58.4608	60.5429	54.4876	44.649	41.2514	56.4037	35.7314	28.1716	43.7315	43.9497	46.005	63.4066	67.0284	59.3098	36.2083	46.852	32.6726	54.0721	59.8383	65.4679	65.1728	62.674	56.6219	33.1477	42.9368	64.4438	65.097	57.9442	35.7314	43.8463	56.1916	49.1624	30.4551	31.6047	19.6034	17.0926	17.5493	10.1987	8.5164	6.29457	17.8522	26.6881	23.8089	12.6087	5.81959	17.753	37.497	52.7487	59.6723	63.9726	66.6197	66.761	62.3089	53.6643	46.88	42.6504	44.5401	49.2976	53.383	58.39	62.6075	63.2579	61.3138	51.7782	11.211	47.3226	47.1191	56.4537	54.1427	57.5206	60.3817	56.8641	43.6468
69.4739	65.0249	69.5857	73.2696	71.5997	68.3765	58.3465	33.0401	56.8793	67.6436	67.1508	56.1718	70.5441	74.6586	77.6169	77.7291	73.1871	59.8823	70.2753	73.3021	59.1192	37.0836	10.6982	9.59119	9.02558	7.35947	9.62366	12.193	9.45572	7.02067	4.88938	3.18953	14.1664	46.044	57.3552	51.6086	33.2906	16.0796	52.4814	71.4941	75.1293	73.7049	70.0335	36.5297	65.3329	74.6718	69.7973	56.3771	71.6618	72.1137	70.9287	67.8466	64.098	68.0299	64.6602	59.463	30.1797	41.2505	61.6853	36.819	51.456	56.7942	47.7355	20.1672	48.6674	58.6109	60.5762	44.5705	64.6091	72.5143	73.1516	66.5218	44.9976	58.2809	71.9673	68.0167	53.6422	72.3136	70.6128	25.0945	61.8256	64.0847	58.7692	42.8487	58.591	50.6849	66.9829	65.6963	70.1531	64.8747	69.0089	47.4472	72.0234	66.0223	57.5074	70.705	60.4131	23.2817	47.2837	55.4409	67.3941	70.5432	71.1925	41.6372	59.133	57.2678	54.1286	55.2426	72.1265	72.0432	47.2986	54.8452	58.0409	60.2377	47.5728	36.3323	68.5409	75.3766	72.5232	54.5783	55.264	61.1137	67.1768	62.0715	46.688	35.2739	63.0428	64.783	65.9452	58.6868	61.6781	67.8642	70.3934	66.9919	68.3432	65.6045	67.2023	55.5334	72.1611	71.1919	73.9891	74.3977	75.0794	70.5537	67.0667	69.3704	50.9659	34.9835	22.7871	35.7946	53.063	51.0564	43.5	10.1975	10.6424	2.68318	9.94936	32.9838	51.624	58.2055	59.3718	60.6757	62.9117	59.5502	52.7914	45.0548	30.264	13.6964	37.7692	50.2528	54.4732	49.5848	32.0322	32.9251	42.8241	40.228	48.2928	56.2706	56.3089	51.0579	45.9136	18.7594	30.0827	54.0424	64.3292	67.6579	67.7908	66.7679	68.1365	68.825	63.0736	56.9631	59.7133	56.4655	35.3484	7.78057	42.565	64.4955	64.7391	62.2091	66.5798	68.0314	66.1041	59.8263	52.9204	40.9799	49.6536	61.5435	54.1699	50.3641	49.7852	60.0701	61.4609	59.4454	57.1038	50.2378	44.274	42.7096	35.3874	24.557	13.632	10.9395	16.0895	17.7453	16.297	12.7593	5.97481	9.40149	9.09682	25.5257	43.7338	51.6492	52.7334	50.286	44.2655	33.9635	25.7824	23.9354	23.8694	25.5036	28.3835	29.3673	34.2949	43.0909	46.8334	41.3381	18.5178	44.5779	52.6886	41.3655	52.5154	61.2823	28.8444	47.9282	51.7437	58.2449
71.1988	52.7285	52.6367	56.8008	56.8054	65.5347	71.7733	60.5595	64.4667	64.6301	58.1634	41.5012	23.7007	55.9602	67.911	72.9742	75.1785	75.2552	72.7843	71.1704	52.8898	30.992	9.22686	6.22741	5.71454	4.37	8.42902	10.7344	8.09435	6.68178	7.14037	4.73546	5.45099	34.608	54.2869	56.4582	58.4682	52.2205	59.8637	14.655	58.8346	73.771	73.8755	60.6259	74.2178	73.4299	43.9964	71.8541	74.1159	52.3898	55.4739	50.3876	57.6944	60.9426	23.4394	54.7004	57.3732	46.8097	54.0166	43.825	39.2605	35.1268	63.8925	67.5456	56.1651	36.4149	37.8264	56.6505	36.1603	46.4922	71.2371	60.0549	67.6752	72.0045	50.9315	31.6102	53.3469	75.4431	73.7959	51.7228	55.9647	58.1586	67.5081	25.0807	63.6353	63.9858	60.3268	40.9421	62.3175	61.0713	73.5956	50.2578	70.2487	71.0151	62.8672	76.4951	40.7933	62.4409	38.8911	15.8087	65.8429	35.4964	71.2905	65.7039	47.9706	58.6488	50.3487	55.0596	59.7513	74.2523	43.0536	39.2514	53.0748	55.8901	59.0447	62.9759	52.8359	56.2986	74.7287	72.0334	64.8946	59.1267	56.6566	57.2799	68.6843	49.959	62.3119	57.5365	63.9396	72.8088	69.681	68.092	53.0163	49.8678	57.6176	57.674	72.0732	73.2248	73.633	61.8026	66.7371	67.8816	62.1644	65.0527	63.6002	69.8841	56.2515	50.5188	30.4401	23.1099	48.1171	49.0335	53.5973	30.0912	13.0953	1.34226	6.67738	4.45043	10.5832	23.5544	33.7709	36.1278	23.6518	15.0084	38.8921	44.9977	39.9627	40.6884	49.6343	53.6671	53.4282	51.8724	40.7608	26.288	35.3143	28.7613	29.5311	35.1644	16.1354	34.873	45.8659	35.373	5.39151	14.7863	27.2141	32.871	41.0265	53.6376	57.9551	63.4427	64.723	64.9224	63.5314	63.5303	66.7441	65.1967	63.8173	60.2024	52.5395	44.4326	46.1388	45.1633	39.3919	34.813	32.4925	44.4783	59.6167	66.4314	50.1169	57.0259	63.151	68.4827	63.6364	38.1715	20.9518	26.6992	40.0278	36.5975	30.8925	33.8387	34.5921	32.7948	24.8584	15.5352	6.38289	7.53611	9.26762	13.9103	17.1817	13.1488	6.34207	3.41864	3.36386	3.1746	3.87614	6.60839	4.92671	2.54056	4.252	2.6887	2.61864	3.17453	4.23753	5.06228	4.01319	3.79149	23.5975	53.6587	51.481	33.7911	33.2372	58.4573	52.9212	54.4019	53.0673	49.168
69.3727	47.8907	47.9542	42.4276	53.9275	62.2448	67.8048	63.737	66.3117	68.0481	70.6355	69.6981	66.8946	62.6424	43.5261	16.4377	42.8946	56.2848	62.4782	60.4224	39.2179	25.9636	15.488	9.52789	8.03553	7.09286	7.775	9.04343	7.77877	5.81763	6.66969	6.74924	4.36955	13.8519	40.3708	49.1609	69.2094	62.1681	58.1429	60.2523	14.2601	74.8091	70.9848	63.22	73.3305	54.8736	46.9828	66.8504	71.9653	63.2615	49.2504	27.0491	57.0419	55.0925	43.3	53.9473	57.6185	51.9311	28.8285	40.0552	27.994	55.0704	37.1145	62.9945	69.9671	67.6632	51.5997	33.407	28.7073	26.7383	66.7111	38.5892	58.0753	73.475	73.3373	66.1734	16.1771	70.588	76.1662	46.061	56.068	53.8406	70.4867	55.389	35.1982	56.042	69.3399	57.8864	47.6035	68.7074	71.4636	53.9237	65.694	72.3297	65.5394	77.0298	49.6902	69.7941	42.6244	40.498	64.2122	63.4125	57.8471	72.3852	24.7532	58.8247	59.2731	65.5245	18.1605	70.6198	61.6547	20.1131	50.2262	55.7053	59.2937	63.5455	68.2837	56.6213	58.1353	73.768	71.9394	56.6204	29.8814	48.3954	55.2809	61.8753	50.6124	65.5551	45.9878	57.2908	65.7793	62.8586	54.9462	59.6907	59.5743	55.8062	67.3671	71.3513	67.603	54.6331	53.7928	57.3383	48.7232	63.4744	66.3507	67.2797	44.7027	48.8329	50.4512	42.2094	36.1245	25.9426	54.9637	52.5447	12.6982	14.8345	12.9847	8.65796	5.75432	9.52854	16.5413	16.844	24.9842	49.9396	58.0381	58.2801	54.7789	47.0225	49.5708	50.7497	37.3858	56.2781	45.6517	23.8006	36.3769	38.7782	37.0308	37.2186	22.7484	39.9212	50.772	40.8285	11.917	11.6553	15.7899	12.4373	13.0896	33.9866	47.208	56.9375	60.2752	60.4596	59.1747	60.0396	61.1011	56.7584	52.1097	47.9203	41.5195	27.9772	20.1855	25.4298	13.373	8.64026	40.7814	59.4411	60.2442	59.1876	54.3241	48.743	65.8628	72.5677	68.4139	46.4664	44.5507	32.9176	22.988	12.4632	0.949075	3.61162	3.4588	5.41347	3.12029	7.20744	6.01203	9.30071	8.10132	4.88878	4.02054	4.41179	4.22978	2.83974	3.36353	3.62445	6.51232	9.33935	8.90322	8.32042	6.16541	4.25179	4.08142	3.3865	2.66539	2.29692	4.61648	9.71611	33.785	53.1506	49.8087	42.7571	50.4141	56.0122	29.0597	42.9242	48.9633	46.2735
62.3551	66.2252	64.9655	62.5853	67.7749	72.5094	71.1142	65.2087	65.3695	67.1105	71.0803	72.828	73.5993	75.5837	76.4725	77.3868	76.924	75.2027	73.3856	72.0612	70.2897	62.2609	42.5946	18.9146	9.04266	5.22544	6.00624	8.90205	8.4864	5.3446	5.36459	6.45276	7.0769	3.41791	27.1636	38.0577	68.0093	68.5222	60.4102	60.7449	14.3235	73.5343	67.3621	72.702	69.94	44.4808	68.7289	62.9948	40.0016	60.2276	67.2521	43.3392	36.2565	22.6025	57.9708	60.1659	53.5671	21.8101	38.5459	27.3241	39.9611	52.5852	62.2375	56.2528	38.5306	65.6244	71.047	59.0017	8.07041	40.4336	62.1141	67.2503	65.1885	68.5377	72.269	75.0875	72.3857	29.7793	74.2743	73.8624	65.1015	52.7515	65.0081	44.7254	32.0247	54.839	67.7855	66.9477	39.4057	71.168	70.3056	66.6271	60.8412	67.435	50.4449	76.5165	76.6496	73.5399	66.0493	65.9797	64.1172	70.553	52.8422	74.2575	65.8302	59.9097	59.9857	64.819	50.3627	68.8918	72.7943	71.9709	66.4962	40.2466	34.2985	42.6689	54.9412	68.4715	59.4263	42.1333	63.933	70.0421	62.5129	62.9933	45.9041	62.5062	63.3916	65.8136	55.1109	40.6833	42.3321	37.7193	31.4738	43.8386	46.9636	45.2256	49.4854	49.2487	33.7027	45.5577	55.6986	59.9613	51.0937	55.6461	59.6177	48.8534	9.63948	20.6606	47.1719	54.6182	53.4503	48.388	41.3505	47.445	31.8546	3.79902	8.46356	10.2967	12.061	10.1687	4.22216	6.81167	40.028	53.109	43.9633	14.9378	29.6429	42.7339	58.6274	61.2381	51.9486	62.3584	55.1584	35.3621	34.506	28.8893	23.4335	36.9963	30.1828	35.4325	53.6182	49.3814	45.1855	48.1736	46.8838	46.3103	43.7854	32.6485	19.1923	22.5881	27.0831	22.3946	20.4269	39.5427	44.5328	33.2359	40.5205	49.5293	55.654	59.9629	59.1383	38.9228	7.63288	22.0447	52.8447	62.5188	59.4579	43.5966	52.4318	55.474	57.6496	61.9165	72.1991	72.9488	69.3597	64.2383	58.6983	38.2326	1.66216	3.9542	4.69227	18.2743	14.9899	18.6228	8.77107	8.57136	8.48644	4.06199	6.74874	12.09	21.5157	35.5891	44.1725	42.6452	34.4661	29.2797	27.0435	23.1975	16.2213	8.73175	5.6571	5.26662	5.42741	5.97066	8.29228	16.2953	45.7485	57.5305	49.8077	43.1805	37.2966	31.893	49.1636	62.2635	54.8987	53.2717
59.4391	65.0698	60.6393	56.7663	64.6109	70.379	71.886	45.4382	44.5255	54.0146	60.5103	64.6288	65.2625	68.7389	70.1305	73.2597	73.7179	72.7732	73.5118	72.6457	72.6884	69.7311	56.0313	26.8727	9.73108	5.94157	7.22714	11.1371	9.02199	4.83718	4.48365	5.31228	8.44445	3.13437	25.7941	30.6037	57.0183	62.3672	61.2879	58.5102	45.4767	69.149	53.0002	69.6304	50.6813	67.4629	71.0589	57.7422	55.8254	29.875	62.0378	60.5529	29.8976	64.6781	62.7049	66.2876	61.4203	61.6129	43.5756	41.6017	56.5812	40.9662	60.3982	70.436	63.9901	43.3089	67.1913	72.3444	56.0666	43.4359	61.8841	65.5354	62.2684	62.1641	54.6897	66.3173	72.3624	69.2567	55.1134	72.6115	63.9388	66.4505	66.7722	48.3192	40.1095	53.2414	61.0321	69.6839	25.2661	66.5352	67.1351	61.1102	43.194	48.4863	53.1833	69.2824	73.7272	67.0891	63.8724	66.8759	61.1334	69.9172	44.1462	70.3172	67.999	67.9217	66.76	65.4595	58.0803	63.3393	69.587	71.1888	71.0692	63.254	33.2179	39.534	37.5183	60.9028	66.424	51.2834	33.7013	64.3022	65.6154	58.5318	42.5364	48.5943	50.5213	49.6912	43.9561	32.7962	13.5584	10.1205	12.1368	11.8553	28.2918	34.1493	26.4964	4.18146	11.4352	15.2097	43.4219	46.0627	34.197	26.2192	20.1154	15.0893	30.0515	27.5114	12.3289	31.0613	36.252	43.692	47.4942	43.0313	24.7999	7.77379	6.63214	8.54207	10.9663	8.16503	12.092	8.63863	38.3676	51.7218	41.2415	28.0595	14.4016	34.4772	59.4201	53.6862	45.2233	58.2864	53.2146	28.5781	11.8887	35.7649	38.3606	45.3124	35.9887	18.98	45.6853	44.3969	42.3842	44.9555	42.0219	40.5499	39.3087	37.8425	25.3051	26.2498	35.4943	39.2952	35.7153	47.2143	56.8428	52.7353	52.2291	54.3283	56.5003	59.0259	60.9038	60.2788	32.6041	35.0675	61.7948	64.953	64.842	45.8171	20.5833	52.8629	54.9358	40.2848	68.0191	73.5474	70.45	60.6383	63.7472	59.8897	6.51372	6.86034	1.90553	26.796	11.3838	31.0163	7.27128	6.83994	8.14416	7.69503	13.097	16.3093	29.1674	44.0988	45.8076	44.0413	32.742	21.7692	19.4217	18.8414	18.264	10.5251	3.33992	3.62818	4.18146	4.7828	8.09967	18.8866	52.8915	60.2959	39.9477	18.0935	35.9921	57.1579	64.5222	62.2502	40.2352	39.5928
48.1316	50.4059	46.0091	47.292	61.3777	59.4807	68.1116	47.1241	46.5161	48.229	45.5708	50.2895	27.486	45.1784	37.7983	40.8511	54.6122	49.4438	57.9304	49.0235	68.2441	70.6202	61.487	34.3267	9.78532	5.27413	8.68647	12.5085	7.93845	3.34416	4.60193	4.62522	7.98406	6.12358	24.2547	22.248	42.1012	47.0258	38.7795	20.4833	54.9941	62.2571	49.3082	58.5744	15.5617	69.4816	69.1375	59.3576	28.2583	23.3038	57.7897	60.6577	33.9659	68.2234	35.9875	41.4835	54.4148	67.0355	45.4711	42.8489	60.5456	56.4056	10.1094	68.8456	65.8575	54.8908	14.7231	70.1612	71.2321	49.8182	38.4069	47.8022	58.9985	64.551	47.798	53.0494	65.9477	72.9459	45.6178	59.3674	63.8315	71.8098	69.12	51.7511	50.5724	61.2762	64.3498	71.8202	38.2812	56.4064	60.6288	51.4487	50.4775	28.706	63.6194	51.109	30.3201	52.5551	57.0807	60.444	36.39	67.1051	35.1882	64.9314	53.215	36.6001	46.5841	51.4866	41.5404	39.5664	47.7096	47.0642	64.8096	56.8977	27.7802	42.5103	14.8492	52.6467	65.0356	59.8449	36.8861	32.4057	34.5399	24.9787	24.4115	8.05965	0.787963	28.7502	42.6676	35.4278	16.5944	34.3467	43.215	44.441	43.7235	41.9883	23.0121	27.7719	26.9799	31.3503	27.6601	24.2177	29.8074	34.0309	30.5234	21.4229	10.4736	27.7138	25.1983	30.0126	15.152	11.5226	14.0901	17.0882	11.7221	5.63145	4.01151	11.0067	11.0617	3.21216	15.3395	8.53959	35.8359	47.2937	31.559	23.4136	30.2169	48.1772	61.5099	54.6249	52.6662	62.4613	50.238	41.0636	33.4916	18.2888	28.1914	43.1848	43.4566	19.5945	26.7134	33.0157	39.711	40.2939	37.3523	27.1531	24.1788	34.6327	19.3657	22.7445	30.9776	31.619	26.8944	45.5758	50.4758	31.5294	14.6498	14.5135	29.3349	28.5084	46.4943	65.9209	43.7716	46.9303	68.7715	68.7351	65.2852	27.0387	59.9286	50.6089	37.6115	67.3695	32.8579	68.36	69.4298	36.2865	58.0077	66.5938	11.8141	8.73866	9.99098	29.597	26.0315	29.1892	3.00824	11.434	19.1976	26.4579	35.3228	28.9703	19.2465	42.1165	19.5428	25.3858	13.7272	21.3356	18.0965	8.90715	15.5155	11.8042	2.78395	2.47168	2.73338	4.82702	10.1225	18.2055	51.8325	57.1277	52.0708	57.0008	55.8242	53.1962	47.3635	37.7814	29.4034	39.8378
66.2925	60.4253	62.4861	64.8499	68.287	51.0568	46.2932	58.687	56.4119	54.821	50.3526	57.0208	54.5792	58.8724	56.2604	45.154	53.8673	56.1335	62.834	63.596	69.0276	68.9886	63.8199	44.9665	14.0518	6.15298	8.79754	11.9449	8.49094	5.45384	5.83666	6.55444	7.21966	8.25319	19.3549	19.6654	35.7932	37.9938	19.1853	15.691	50.0793	58.5586	59.0226	39.1775	40.8256	63.9442	63.6683	63.7663	40.7088	39.5916	52.7035	45.0247	51.0932	66.5348	49.8993	40.6164	55.5205	59.1725	49.4998	38.8854	60.1378	59.3389	34.9191	59.6572	60.6933	63.9114	49.4844	63.795	76.043	62.7032	46.2658	55.8712	57.0616	56.7091	47.913	51.7462	58.8709	69.6834	66.2182	38.7261	69.9683	73.7943	72.1171	54.8476	16.7381	53.189	69.9102	73.4517	54.3858	52.3936	63.8733	62.3365	64.7143	58.6804	34.0417	58.054	49.7298	40.218	63.3082	69.8914	57.5373	66.5971	50.2665	65.6004	64.6352	50.0192	45.7263	53.5666	44.4308	44.2655	59.9599	63.3643	56.4629	36.5443	60.3845	62.0469	58.0095	49.7501	62.0591	58.7887	48.7054	21.5068	29.7671	25.8974	31.5703	18.8948	37.6931	52.0734	60.5767	55.7391	44.275	62.452	67.6951	68.4715	65.0815	58.5335	32.8687	42.3715	42.6748	43.9797	38.8242	37.6666	42.6976	40.145	37.0147	20.9352	16.5126	29.9912	34.4758	45.2419	41.0011	28.5816	30.3336	33.4895	27.7093	21.11	15.9978	15.7615	15.7229	5.83651	12.2448	11.999	45.6968	52.0372	42.1274	41.3507	53.1686	63.201	65.4224	62.9954	54.5283	66.8667	53.5912	57.2358	54.902	40.118	35.9805	21.7427	32.4837	31.5469	10.8938	38.9701	51.0999	49.2994	50.4338	46.4841	45.5191	48.4165	41.9047	39.9059	39.5846	35.1064	40.4097	43.8942	27.5157	35.2982	38.1919	39.4103	44.7082	42.7583	54.5306	63.9775	37.1245	58.0039	69.7916	64.6835	57.0127	38.3018	68.1685	58.6606	58.3522	71.0734	56.4862	72.736	71.2113	43.6474	46.4762	68.1637	22.5135	11.9162	14.6946	22.4454	24.4704	12.926	3.69906	13.8299	18.9765	18.2654	23.737	4.6013	8.63923	40.4971	37.0564	28.7071	30.4903	47.0492	48.0231	30.0617	19.6944	15.7442	5.62296	5.21537	6.43701	8.25343	9.1195	12.6518	40.8908	52.7344	57.9914	59.4625	59.0553	54.0036	42.6408	28.4933	22.5565	32.3431
73.8613	70.5416	69.1963	68.3948	70.997	69.2375	62.3448	52.9564	52.5842	55.7324	58.5065	53.4352	47.8909	44.3049	56.1441	67.047	68.3699	65.983	66.5153	69.5771	68.3603	66.8347	62.244	48.2319	20.2694	8.6103	9.94249	12.0865	9.28167	6.70088	6.51165	6.54909	7.43255	10.3876	18.3779	15.7831	47.5491	62.9802	68.4116	69.7623	63.5471	52.5715	59.1684	66.9578	67.2306	63.7054	59.8808	68.0649	59.5872	38.0036	27.2813	15.5999	32.9325	61.1299	56.1336	47.379	63.0035	60.567	46.408	45.912	66.1916	73.408	65.4181	39.4414	36.1607	66.1439	70.2212	40.2454	75.5042	71.7146	60.8006	57.5186	60.538	58.2308	45.6142	42.6209	55.2666	67.7423	74.6194	55.4531	67.631	76.17	75.3933	73.5419	73.0254	60.7888	66.9514	73.0935	62.8091	22.3246	51.196	64.9736	69.3876	71.7658	69.6947	42.2666	56.4115	51.8221	28.0518	62.9287	66.7507	66.2947	52.0605	56.0013	59.766	48.4899	42.0534	36.2435	44.1287	23.2642	65.2343	66.89	70.0756	71.8882	71.3049	70.8168	73.7025	73.8984	69.0067	59.0321	35.6183	48.5736	54.6409	40.1518	44.708	58.9709	70.3056	72.0772	71.962	68.3685	59.3383	67.4376	56.9535	49.9638	60.0935	57.475	54.5493	67.9138	68.4559	65.2351	56.293	52.9944	42.9369	28.9704	27.095	58.2455	66.5482	67.4236	66.0415	66.4722	64.0091	54.0723	59.6986	61.5016	63.6922	65.8231	62.3194	55.5779	53.495	55.119	49.6524	30.7721	57.1447	68.1086	69.8328	71.775	71.2249	71.7543	72.1775	69.5413	65.6078	69.4469	67.8961	67.423	64.2879	63.971	67.1279	67.2993	61.7747	47.9516	49.6869	54.1447	54.9703	40.716	33.1047	16.6381	24.9937	36.4423	49.6415	58.7255	58.5913	49.4864	15.6215	37.6714	39.5092	35.3574	55.867	55.4714	32.8988	53.0186	63.1221	56.8397	26.4225	56.4881	69.9236	62.1099	42.4038	48.2923	68.452	61.8241	58.8058	74.7743	72.9761	74.5709	68.9123	55.6716	55.775	66.6194	22.2029	2.25503	6.80923	15.5306	24.0443	39.2965	42.758	29.4554	11.097	14.1605	27.7674	24.4504	10.2364	22.6625	25.6229	20.2526	54.0396	48.0009	53.9891	43.9971	24.7994	21.6352	11.6714	28.3	42.0094	44.9997	47.5305	49.5626	41.5334	26.0884	24.2696	24.086	5.62209	15.3275	27.1288	41.06	46.224	42.6623
73.6117	74.8719	72.6185	70.2423	72.7556	75.116	75.4171	73.7841	72.7836	72.0105	72.3778	73.5455	74.5948	75.0369	75.0584	75.3802	75.779	76.278	75.9358	73.3232	68.4152	65.8013	58.2189	43.385	21.2505	6.17157	8.14859	11.0171	9.3178	7.72189	7.3765	6.15186	7.19301	4.71627	17.7221	22.9995	58.5255	65.8792	61.098	66.6859	72.0364	73.7621	74.8729	74.3028	72.8786	71.0576	67.4484	65.5913	15.4084	38.0033	45.7023	50.6806	32.2865	57.1385	68.5276	55.3133	68.1191	62.9182	54.9939	48.2736	61.8876	70.8248	72.7309	68.012	56.0811	25.0786	68.6625	72.3041	64.4586	73.0685	70.4035	62.5215	60.6807	69.1877	69.0756	55.1129	7.11634	53.3768	73.8635	70.8108	43.1715	74.4003	75.5229	74.1988	73.1794	69.6376	48.7694	67.003	66.9731	64.6384	48.6877	21.0082	32.1496	61.443	71.3083	71.9135	58.8779	49.2649	49.8885	42.6507	62.8532	63.746	54.1542	59.0228	65.765	68.7536	69.4392	62.8555	56.0078	44.6174	63.8331	66.4352	71.6347	72.9951	71.6259	67.7637	63.3637	61.6451	47.585	25.0371	61.2583	68.2625	63.215	57.9945	42.0901	61.0847	67.2748	47.5555	68.4144	68.5699	59.072	61.1909	49.3802	49.4792	56.5026	49.042	60.9002	70.9617	69.6329	70.6335	67.8387	67.346	62.5539	53.8566	57.9422	74.9183	76.6851	75.9662	71.0871	67.288	69.4554	56.3617	60.1274	61.2136	66.7658	70.7476	69.6505	61.953	65.3791	71.2826	72.4641	68.4112	48.3204	70.0405	55.8507	47.5268	58.9764	62.8215	63.2484	59.3148	67.7133	72.5629	72.1506	72.5002	65.187	67.4699	68.8133	68.8033	67.8996	61.6245	63.1848	63.5183	56.8879	52.186	44.8848	34.7706	32.0549	22.3641	56.556	59.38	54.0213	48.7655	44.4901	22.4276	44.3185	59.2263	63.4938	55.8531	45.6775	70.7954	67.1097	54.6579	45.6246	57.7532	73.3658	62.6685	55.506	67.4808	69.9932	66.1827	60.766	69.2951	69.6933	69.0564	58.8112	55.2392	60.786	53.267	3.78894	21.9261	44.2858	53.9673	51.1474	50.2778	46.9428	46.3399	35.6756	27.5686	13.1194	17.2637	21.3828	19.2967	19.0017	30.6646	53.4272	44.1204	44.6868	45.3944	26.3709	26.3144	11.0738	35.5549	39.4024	40.3782	45.5643	51.4553	58.4805	62.896	62.7956	58.9564	42.3042	43.0321	57.9201	62.3552	62.9045	59.6578
63.2032	67.1195	66.6721	64.7535	65.7213	68.3296	69.6665	67.9806	67.5085	65.3413	65.5718	68.0101	68.9755	68.7994	67.9816	66.4649	62.8778	63.9571	63.8537	62.5057	60.0869	56.4052	46.2023	32.6034	18.2679	8.70755	9.34572	10.9663	8.53637	6.12125	5.4523	5.45517	6.63789	4.05971	28.5457	32.8213	51.3254	63.1117	65.0851	61.4571	40.5596	48.5197	60.594	52.9771	44.6015	38.4316	14.402	43.41	57.5298	58.5333	62.1318	65.3005	68.5389	55.8507	71.876	58.2404	60.099	62.5645	65.174	40.7163	70.5147	49.0999	70.1148	70.3145	69.8828	67.4967	50.5219	70.1005	12.1601	62.8779	68.4218	60.9752	61.4929	65.4819	59.4684	63.5253	48.669	54.662	69.5447	71.6116	44.3107	60.4083	69.4334	65.161	67.2849	66.8146	57.6461	22.9661	65.3406	69.8631	68.102	66.0441	62.507	51.0351	33.8572	63.5221	66.1499	65.3779	60.6082	50.4145	48.6541	49.9272	45.141	52.01	60.6625	61.2995	61.4339	66.6905	63.9011	49.2229	54.299	52.3764	43.7443	35.2387	26.9409	14.0251	54.6036	57.614	52.5165	58.5606	60.4422	64.6169	64.2388	66.9295	55.1484	45.365	71.4286	33.2233	66.4078	69.0073	61.3165	58.9742	60.1607	59.9665	61.2064	50.7093	61.2515	71.4293	57.6706	68.6531	67.5582	69.436	71.1411	67.7375	66.4539	77.8204	73.1349	74.515	68.5544	64.7528	72.0719	45.2988	39.166	44.7617	55.4169	40.1302	64.635	56.8593	70.6398	73.6147	73.915	74.9776	49.1453	64.9078	68.7627	66.7478	54.9771	55.1483	66.9731	65.0392	21.462	31.256	47.2206	72.1072	62.009	65.5479	55.0599	50.5316	58.4981	56.8506	66.1407	61.0377	53.5087	60.2843	58.0975	32.4519	30.4044	49.1659	52.9562	22.2583	29.7546	56.0438	66.9755	52.4688	62.4781	65.0979	57.7857	28.1954	65.8685	70.2281	51.6643	43.4094	40.6909	54.4824	71.0574	73.681	75.3542	71.9126	67.483	60.8512	54.5553	44.0552	60.9415	61.0165	48.9807	43.0366	32.5805	14.6603	37.9198	40.0461	51.3839	56.4083	58.3593	51.7403	37.564	43.8021	45.3241	43.8649	20.5598	34.3619	42.6042	38.2844	18.2028	17.0642	45.6248	54.1924	33.614	35.8867	25.4464	30.3386	5.26361	33.5682	36.7333	12.8848	29.6294	40.3083	36.4232	40.37	42.9256	58.3533	50.8366	57.5444	65.5354	57.165	47.6012	48.2537
53.4755	53.5989	55.8101	56.3106	53.4714	58.3223	63.0515	60.2609	59.9452	59.1289	56.7746	56.6	56.0653	55.939	55.9073	55.8027	49.5354	44.316	44.9375	44.2492	42.7077	40.7642	33.0375	24.6489	16.6161	10.5206	12.7853	13.2302	8.57244	6.42237	5.51039	4.40484	5.16576	4.23406	31.2841	40.8592	35.6215	48.3916	60.0586	64.3625	63.8714	63.8051	60.1128	53.8831	58.365	56.5417	52.5338	57.7406	60.4976	62.143	61.9013	57.1626	63.8829	66.7182	69.197	60.0049	56.8874	65.8321	70.1837	62.5925	68.8653	58.3849	60.9623	69.9148	69.5054	71.1574	71.0568	66.5158	52.2476	60.2437	65.4051	59.2947	62.4571	65.1063	60.2278	63.3788	51.9356	47.0831	51.9377	70.6506	67.0031	26.3172	53.2252	65.4223	68.6851	66.8745	69.1292	65.4282	38.0866	64.0023	50.8255	50.9934	61.5542	56.9507	38.2697	54.3981	61.4794	60.7439	54.9827	43.4403	28.8236	16.0209	18.6189	26.648	32.5226	42.823	45.9642	33.5029	2.00737	22.827	39.5169	47.1518	60.0296	67.0136	65.3749	58.832	66.5068	63.7027	49.3527	44.4713	56.129	68.0173	65.9523	70.0293	68.5197	47.5343	72.4947	69.5362	72.8382	75.806	68.8862	66.0664	65.5635	65.9036	67.0533	59.6243	56.6241	72.9589	42.3692	63.8268	65.9355	66.9521	71.9308	71.4383	63.3121	78.4301	60.2834	70.5385	68.9107	66.603	73.5622	43.4369	45.8785	55.5124	45.0559	39.6338	52.9878	66.1645	71.662	59.914	59.21	73.4906	66.5672	40.3649	68.1826	68.9767	35.1753	57.0535	69.7197	64.1556	63.7679	64.2895	57.4833	67.8838	62.2138	63.1444	38.8727	48.8857	59.7431	58.415	62.859	36.8681	55.2346	60.3926	61.0924	44.8773	6.91389	53.1812	63.5363	62.4967	57.8563	48.0773	66.0808	62.2656	49.5132	62.0827	44.4733	26.1026	62.0322	70.3145	70.0965	68.07	43.8916	41.3305	56.0619	66.2219	64.0605	49.8435	48.4885	51.4977	47.6991	40.6206	44.9612	43.7423	24.2181	11.9405	39.3222	53.3878	54.1444	52.1986	49.74	51.5427	47.5844	58.6448	56.649	53.0579	54.1341	57.2123	27.0379	49.5104	46.1661	42.1531	29.0692	29.154	19.9377	43.3775	12.2914	25.934	35.423	36.0251	8.76537	34.8308	45.2075	37.147	38.6925	44.633	15.6416	19.0074	38.4742	58.1228	45.6836	65.144	66.7901	31.1996	40.6382	41.5716
47.0766	47.6132	51.9333	55.4309	55.3183	58.3078	61.0057	60.9214	62.1335	62.0284	59.6579	56.8131	51.8084	49.3051	50.6671	50.5214	44.5359	37.7439	37.6377	34.2808	18.7673	18.9988	36.7778	42.9427	45.599	46.0681	44.9418	39.2002	22.8377	10.2786	8.43742	7.627	7.72742	5.83369	23.0176	43.1131	45.8354	45.3986	47.5698	43.6142	58.7898	68.6697	66.1147	61.8276	65.1429	70.2524	70.7163	70.2182	72.6618	72.9142	67.5007	52.6897	51.5678	64.9801	67.1962	58.8997	52.5823	62.0133	67.2095	64.6818	58.9235	57.969	30.5905	60.1986	70.3634	72.9681	72.9672	67.7467	65.4666	69.9283	67.8884	62.6331	62.7146	59.6664	61.3244	64.4739	68.3505	65.5647	46.0652	68.6325	73.9063	71.1985	48.8012	49.7733	69.2329	72.1428	75.2928	77.2276	77.4485	78.5197	76.0699	71.4568	62.4966	49.5043	11.8312	36.8649	50.2841	56.373	61.7099	67.0956	69.912	69.56	66.2086	61.317	55.1117	54.8583	64.5265	70.216	67.8087	48.8016	67.923	75.1803	75.8937	74.9046	72.7742	64.0217	65.5679	60.3097	69.0091	65.6297	51.9756	74.6084	67.1368	68.9503	70.6378	65.3412	67.1252	73.3128	19.347	67.7874	61.9614	61.2222	63.5448	69.103	70.2139	57.4813	50.6336	65.0041	67.9973	56.9284	52.2068	54.1582	73.1212	70.7104	60.2964	77.0534	67.2708	59.0268	70.6694	69.5201	71.3552	59.4565	61.7153	65.8632	61.3806	56.1939	41.0033	25.822	64.23	73.5283	74.2232	69.9729	67.0465	32.4455	71.5313	75.0156	72.6868	65.507	72.9826	74.8852	75.3072	71.1389	71.7988	53.0578	55.7042	59.032	41.8218	53.3128	59.9891	67.4294	66.9419	52.9571	58.1469	63.3083	63.1424	55.0842	41.029	2.68613	43.5271	65.6152	72.6254	68.9571	53.084	63.1341	46.8872	67.0433	60.7492	58.0722	40.6295	57.0532	56.0964	65.3613	51.9609	42.4122	55.7488	56.4092	59.2087	62.7112	61.0305	53.811	28.9609	25.2427	52.4367	61.7798	68.768	70.0494	70.8023	71.4795	70.4304	71.2207	70.4501	64.0345	60.5224	62.4774	67.9607	65.8083	54.8411	59.8467	34.7287	63.3556	47.7122	46.4924	32.4404	48.8823	53.6421	49.1264	34.7692	23.3258	39.6816	36.5936	12.1785	42.5587	62.1344	65.7097	65.9323	58.1511	47.6586	43.3689	44.411	49.9352	16.2602	66.3999	63.6205	44.9757	56.1548	44.4281
40.0921	39.5055	41.9091	46.1914	47.986	52.6399	53.5298	54.1133	55.4121	55.92	55.3201	54.3604	51.004	47.5171	46.8632	45.7891	37.4334	24.2391	17.8878	18.5164	9.42938	32.8438	44.9537	48.8791	47.0489	47.1276	49.0544	50.5237	39.6893	24.6445	19.1861	15.8451	13.9833	11.7106	6.59938	29.1033	56.0429	61.8606	45.6007	21.6471	51.1356	67.6889	67.5265	61.4735	54.6942	61.8654	66.3459	65.0671	70.4495	68.522	67.5784	58.7668	31.7772	29.779	42.5014	47.4972	46.6349	57.7463	62.5412	63.4562	40.9226	50.0463	27.7213	40.2804	61.0601	68.0523	67.923	65.8258	65.1771	67.1583	63.9398	67.1353	66.6998	57.4304	61.0989	68.06	69.8884	70.4378	71.7605	29.0007	64.3865	71.854	71.5809	50.7524	45.5027	63.7843	72.8304	76.9931	78.5792	76.2216	67.0768	50.0029	31.2875	54.8242	60.7605	71.163	73.7864	75.5326	77.0152	77.4866	76.7485	75.1153	70.0888	62.0942	58.416	43.305	60.9975	62.9997	71.9766	59.6288	69.7376	71.6467	63.9564	67.0136	73.3848	73.2723	65.1951	58.9086	65.7388	71.0851	62.0121	74.1114	70.3961	56.4129	65.7116	63.8277	43.3591	69.3322	64.8211	30.1564	41.8457	50.4515	37.451	70.8721	72.1519	21.7323	59.4419	40.4123	38.8331	64.666	71.6667	31.7055	75.2125	63.8739	65.0394	72.1127	71.1325	42.8431	71.1258	74.7055	62.2523	68.1148	62.4214	63.9032	64.6339	53.4563	32.0022	49.2482	61.4868	59.4624	33.5242	44.9367	70.0295	61.4024	59.175	72.1995	73.0428	70.2567	72.3819	72.2064	59.2291	70.9417	71.6466	31.5334	52.3616	42.8024	29.4194	57.0019	52.7827	35.751	44.7281	57.6945	62.3905	65.3988	64.8347	59.3241	65.7388	68.0417	61.9827	14.6555	66.416	71.1209	64.8699	66.8352	58.126	66.4912	62.8594	69.1375	73.254	74.895	73.4714	70.5742	62.8133	51.781	45.0737	33.645	38.4085	47.473	44.6475	25.8417	14.4879	55.7726	66.6625	72.3117	74.7741	73.4604	71.5211	70.3005	69.2726	72.1134	71.2213	65.7715	63.8786	62.6238	63.5081	65.1538	68.2846	52.642	47.2438	63.408	45.7896	52.9528	37.48	52.898	54.2707	49.5424	30.2045	29.2203	39.6078	35.5698	11.9782	42.7666	67.1816	63.9895	59.5154	63.4553	64.3696	67.6709	64.7287	24.0694	36.376	59.438	53.4534	52.8221	53.1272	14.0159
27.4688	25.4776	27.3584	31.052	30.9892	41.0057	37.5042	33.7398	33.7483	35.8166	36.1522	37.5464	37.9956	35.0434	32.4243	32.0848	27.2542	22.095	5.09569	18.0548	7.71839	28.7927	20.7263	12.3095	10.1854	25.6475	39.4966	52.1945	48.8369	36.3163	26.7084	25.7455	24.9404	20.1659	11.4255	6.81855	50.2144	66.7621	60.3247	40.7826	47.0156	57.4841	68.6617	69.1558	63.5219	58.4832	52.3404	44.3235	62.9249	27.9439	63.0847	58.7629	31.506	32.6376	52.8529	56.0754	36.4078	39.8436	55.7031	61.657	23.8038	45.0299	3.98533	54.9883	57.3493	31.4751	57.4441	62.9658	47.0604	42.5187	44.6666	6.12642	36.7517	45.1874	55.3375	48.2061	26.7027	68.8124	70.002	66.9608	66.3132	56.4997	62.5368	63.1211	61.7653	38.5718	40.92	56.551	49.8095	29.0399	58.3591	62.3831	60.6011	57.9668	63.5176	74.2007	73.5989	74.0219	75.1412	74.9917	72.4616	69.017	65.4138	48.2853	58.8687	57.3097	58.7128	63.4556	67.6323	70.3766	58.3061	73.978	74.1068	66.06	28.4851	64.4939	67.69	62.0909	62.3799	62.9453	70.5666	68.1928	70.5012	58.1478	63.1118	54.1408	44.8792	63.1524	59.2346	14.541	11.4818	36.9721	53.4045	72.8432	69.0455	49.0807	60.609	63.8016	67.4734	47.2012	70.6183	38.5459	73.9252	54.1398	69.7225	66.9694	65.4648	58.409	70.2251	75.797	46.7643	69.3887	59.9852	55.1281	18.7834	46.8403	56.5801	71.5179	73.8034	72.178	69.0545	62.0826	70.7871	71.4281	60.2514	36.3199	50.3352	59.9773	51.2435	63.5403	69.5277	75.256	70.0149	32.9006	42.9234	64.5509	70.2348	69.8997	67.1732	67.3125	67.2974	30.1363	53.6484	65.4769	63.9971	12.6208	45.8509	61.5875	70.2927	64.205	8.63346	60.0799	58.0542	63.5817	51.3129	61.1638	62.8323	68.1768	69.6222	68.866	63.7259	56.2495	40.378	12.3662	36.216	58.785	63.4308	57.0198	41.9921	34.544	21.4851	65.5381	70.8823	71.1623	68.5151	63.7113	60.7141	60.8473	55.4205	55.9966	51.6677	54.418	56.1288	31.1138	45.0699	71.9302	69.8217	22.6471	47.1624	62.7939	20.2956	56.7172	47.9432	53.4977	40.8953	45.8374	44.0937	54.1782	57.8987	50.0288	8.94103	32.0299	66.386	68.7079	57.068	40.5141	13.666	64.496	69.6074	23.5615	35.0738	44.9163	44.6752	43.2298	34.1711	17.2719
26.1658	25.1509	25.954	28.475	29.245	36.696	32.4719	28.4602	30.2648	32.5033	29.3608	27.093	27.618	25.459	25.2913	26.6204	24.4199	30.7258	32.6498	21.0515	13.2598	19.9501	27.582	22.2792	14.5207	25.272	32.133	50.7042	49.879	41.2329	40.8099	41.7399	41.1361	35.2571	25.4684	20.4016	15.6355	56.8464	66.7388	61.5695	59.4962	55.529	62.8101	66.5957	69.5324	66.5554	61.4589	62.7324	60.7464	41.0506	62.5862	63.5768	51.1504	46.045	24.1629	45.9949	59.3007	48.134	37.4892	64.5232	49.7421	51.1997	45.7204	28.3505	64.2268	53.9461	8.31079	49.975	60.3814	54.7218	64.3187	64.1703	63.2956	55.6531	16.4704	43.3418	49.2003	57.5813	64.9543	71.8843	71.9704	65.6699	49.9119	39.3266	54.7795	60.4426	26.5216	19.3062	44.4669	64.647	65.8937	65.7468	66.4527	62.8382	59.3816	73.2529	67.1016	68.7086	72.7437	68.5932	64.8362	66.4099	63.6722	53.6901	46.4762	65.5851	46.4065	70.2763	55.3988	74.7235	57.4646	52.6132	74.7194	75.7914	70.9157	54.2144	8.39937	49.9153	61.8168	52.799	70.1361	63.9352	70.438	62.6181	62.3001	48.9898	67.3827	71.7925	65.7076	51.4919	6.54472	29.1882	61.6451	70.2905	62.4079	55.2748	66.0874	62.3258	68.1509	58.8127	60.1808	22.535	70.1494	55.6462	71.2249	66.0256	49.9145	55.9031	67.4184	74.7421	30.1595	67.2835	56.3225	58.3843	20.7301	53.5102	73.3392	73.2791	69.3997	50.7091	52.8987	64.3627	59.4534	59.4452	71.3605	69.0086	23.6142	48.8118	62.2304	70.0321	70.707	71.7336	53.6812	71.1891	75.6518	74.0154	58.9043	41.1299	49.829	48.1389	52.7793	53.9996	18.7335	68.2442	71.3869	51.5623	65.8135	58.2504	56.0515	67.578	47.2467	47.5426	56.4443	58.7356	41.7068	49.8563	44.7298	56.8739	58.8584	55.6585	44.0636	26.5615	20.5688	48.0396	60.8008	65.5128	61.0216	60.4349	44.6525	52.2	49.8045	67.1139	74.5765	68.6954	63.0959	63.1248	50.1557	31.7464	18.6936	41.1266	6.13845	29.3139	8.56969	50.8905	68.7812	69.4235	45.4052	48.9691	32.201	62.257	60.6282	64.8857	66.85	49.3712	38.3525	49.2827	60.9303	61.0282	63.2291	57.89	20.8114	16.2792	54.8607	62.9703	55.7976	55.4389	61.7965	65.0548	64.101	29.7523	22.4603	40.7667	39.5309	21.115	9.68557	26.2739
29.0363	26.7131	23.6347	24.8081	28.5402	33.3299	31.2641	24.4141	25.0729	28.0183	28.9155	29.669	28.2138	23.286	24.2612	20.8868	5.54959	10.2442	12.9215	16.435	11.5312	11.7236	22.4584	29.4326	29.7475	25.1733	13.193	39.9398	48.1635	53.1855	58.0711	56.3372	54.4101	54.5937	51.2036	43.2672	35.1251	4.63756	50.224	58.8292	56.9159	44.033	38.1164	42.0531	49.9452	53.9099	53.4788	59.2758	59.9169	49.7884	60.9933	68.0441	61.001	55.346	59.0943	51.3085	37.7564	47.9132	24.9592	59.8053	65.0492	59.4695	58.763	44.0686	39.4536	57.8619	56.8609	43.0571	64.6119	62.7769	47.4082	24.8359	45.5965	64.1169	38.6305	51.6318	58.6183	62.8638	67.9279	68.4038	65.93	67.0386	61.2018	62.3547	61.0794	62.2164	29.4058	39.4992	64.56	62.7565	67.4364	73.6025	73.8192	70.1176	56.1463	66.5524	71.1978	62.0207	64.6958	48.8976	73.029	68.4418	42.3998	63.0356	44.8455	67.852	13.3374	69.9498	44.4927	68.9081	74.0714	48.5288	59.8644	66.3968	73.2263	73.043	68.4162	67.1182	59.5863	50.7229	68.263	60.0183	71.2521	62.1214	69.0817	69.3523	70.7954	59.6566	11.949	55.0575	17.3045	11.9007	61.9483	66.706	53.3383	53.4949	68.315	56.8297	65.4966	63.5687	42.0939	44.0362	65.8085	65.7631	66.2089	69.3877	45.3697	40.304	64.8886	71.4933	44.9191	57.3515	50.784	56.8985	30.9891	65.3022	64.5793	68.4109	75.024	68.0622	59.1397	47.2541	37.6052	64.2258	69.2058	73.5997	64.1752	17.9918	67.7647	71.558	71.0525	69.0137	65.9579	76.319	70.6068	52.0494	60.7585	63.1697	47.8252	54.0435	46.9328	44.0374	34.4341	63.8177	75.1045	64.6391	48.5722	65.8472	64.583	62.0905	54.6784	16.3437	37.3645	41.0061	20.4349	43.307	27.5154	49.8076	34.7505	17.6941	22.5572	48.4742	61.1709	61.9204	54.8117	54.9252	14.9016	57.2984	42.0023	60.7408	65.0723	53.6434	73.4837	71.9052	43.4096	42.1754	29.7088	54.442	54.546	49.4173	23.0981	52.824	63.4317	67.3875	68.1415	33.9513	52.4026	55.913	49.3045	62.9445	72.2468	63.9214	69.2146	51.583	41.655	54.6365	55.6389	59.7185	62.296	48.2518	52.0451	33.1123	37.4562	56.5649	51.0671	25.8988	36.8691	43.3367	43.9561	38.3637	22.8848	21.153	27.6616	29.008	42.315	46.5456
29.5392	28.7325	27.9544	31.6504	36.5133	38.8603	36.4373	26.702	24.524	27.0959	31.6994	33.5203	27.6688	22.972	22.4262	12.4218	17.8229	22.8952	23.0771	17.8214	7.21938	19.8945	29.2628	39.4996	48.4912	48.491	46.401	52.8446	60.4318	64.9619	66.0102	64.4279	60.7919	61.0965	59.5769	53.4661	58.1177	56.7893	39.7072	41.9596	51.0277	55.5818	56.1436	52.2522	42.2638	27.6448	18.6496	13.9119	17.8981	18.6101	43.2619	63.7214	66.8689	63.0745	60.3804	61.7644	63.2173	58.444	40.1709	16.7001	40.0693	53.2591	61.9066	64.6544	49.0227	42.7871	26.8313	53.7438	37.3565	61.8711	66.4791	63.5986	58.2772	61.7223	53.8685	46.0547	61.3361	61.8976	58.1157	50.625	49.4298	63.5061	66.5022	64.9253	60.5468	49.5692	31.4294	62.2637	66.9732	53.1241	71.3058	76.8862	72.6973	72.3948	73.0374	16.1957	68.1456	67.9114	71.9871	60.8765	71.8432	61.521	34.2251	69.3813	58.7125	71.1181	50.3575	58.2602	70.2209	42.2715	76.1712	60.0567	62.2381	48.6252	39.3025	67.1914	63.7388	69.6217	68.8078	8.45289	65.2851	42.4761	68.09	45.8398	33.2597	47.6261	16.9141	53.759	58.0736	22.6495	37.6222	31.5126	60.9863	61.7769	47.3495	56.899	64.3538	49.8195	61.8	63.9591	45.9038	63.9538	65.2796	71.2778	53.5974	70.4871	55.0166	14.7055	64.648	60.8597	57.1069	57.7863	57.9599	61.465	31.4928	64.8614	39.6953	74.2207	71.219	56.3944	61.2129	69.0442	72.9115	72.5179	70.6828	74.2559	73.0944	50.2912	63.8971	72.8863	73.3477	65.0763	67.1774	71.658	22.7296	71.2442	72.9535	71.3185	68.4442	39.7504	56.1357	53.3643	35.2451	67.0978	72.9494	64.1005	62.6553	36.5837	45.9912	54.7242	46.0944	19.5282	12.931	20.2475	18.3216	43.9006	31.0567	53.369	7.37903	42.4432	60.8533	66.8478	64.1774	44.3807	34.6397	44.9623	19.0825	52.0074	37.8796	60.6484	57.975	56.6655	58.0181	74.6057	71.5609	59.3942	56.5872	39.0515	39.9743	59.2211	23.3753	60.4245	48.4412	58.1548	51.9526	49.894	59.2008	53.9291	56.0789	58.8796	73.0233	53.8057	63.9309	59.8732	52.092	59.3368	43.4167	72.0247	43.8243	32.9183	48.4449	46.0896	22.1956	43.4452	58.0166	41.8459	23.9829	19.5524	30.8723	48.4419	47.7103	26.5729	28.3119	51.6289	62.5301	64.1725
21.0524	20.2234	17.9471	21.6558	29.158	36.6274	37.8618	30.5874	26.4964	26.3445	28.3149	26.9128	23.6954	21.786	12.8229	21.245	30.1331	28.6712	23.3349	22.8814	22.1713	19.5544	26.1191	38.872	39.4618	22.3755	36.416	52.9543	62.5239	65.0266	62.2536	63.5511	60.84	58.6297	59.2776	55.5302	58.2363	62.6121	54.6022	67.2097	70.9754	70.9987	70.1918	68.6975	63.6351	62.1706	61.3409	52.3413	56.6491	59.2762	48.3027	14.1367	58.2362	64.0088	64.9252	65.6569	65.6885	63.9665	57.323	35.4083	30.6426	28.8491	21.6968	59.7456	57.8213	35.7195	34.4094	43.2409	43.1315	57.8622	62.4586	63.1905	65.0686	63.7888	53.4477	25.3012	22.0812	16.7616	23.9162	39.9301	40.3001	21.3169	8.26663	11.3968	17.8964	33.0353	63.596	69.4052	67.3684	51.962	68.7703	77.8644	57.9122	59.9198	76.1406	39.9128	66.5942	51.0945	60.3884	15.3528	67.3448	56.7903	49.5654	72.0425	56.3696	72.6331	65.1347	42.3078	70.1544	63.7462	75.3138	58.5287	69.1315	67.8224	67.3548	32.476	67.0952	68.1538	64.5411	54.6833	34.71	48.3677	37.2783	59.0485	63.1402	64.5653	63.1152	59.4679	52.7715	41.4232	12.5052	44.3458	55.0166	55.3967	56.6809	63.4953	61.972	33.1049	54.6085	60.5027	52.2284	63.9217	63.2104	71.4956	45.9409	70.0574	59.5877	24.624	68.4318	46.2849	51.8933	44.9282	52.8639	67.333	36.4868	54.6584	57.447	61.1161	64.8316	70.8442	66.6631	70.2431	72.1637	64.969	68.7573	70.5205	73.8707	65.4953	49.1251	69.5636	73.1294	65.3872	71.6836	54.7688	70.8023	72.5762	69.4288	67.0632	65.2648	62.3714	63.1672	54.7043	45.2009	67.4403	63.1142	57.6512	64.4546	61.1451	43.7078	21.4555	19.7267	39.9642	41.7643	33.9771	9.97811	45.4431	46.7555	49.1895	10.8172	50.1339	53.3848	53.4804	47.0519	56.5607	60.717	55.2278	50.7197	53.8046	20.3819	63.9281	41.4826	58.9604	36.2245	65.0921	69.9559	69.1146	59.3174	33.6246	56.088	57.6487	40.9356	64.858	60.484	62.6614	34.4565	66.7299	54.9332	51.6744	57.7338	48.1209	68.9583	59.3055	49.9624	55.6654	59.3163	57.0386	67.0181	72.7167	8.30842	21.0357	26.5953	53.1147	61.2346	32.8684	51.5577	53.4419	28.0454	4.77039	36.2953	45.0091	50.6547	37.1262	18.418	59.9015	65.7056	59.5706
9.42389	10.5954	7.23051	6.7664	4.566	22.047	29.7366	26.6704	24.1029	22.1194	20.7044	17.7387	13.6221	8.21483	27.8167	42.5539	46.6396	48.7765	41.0553	30.3393	36.8737	43.2988	37.2103	21.383	36.0891	51.8172	53.9634	51.5265	45.6366	48.6713	51.7651	58.8848	60.4539	59.9508	60.3842	57.4994	51.3014	59.6178	48.6484	69.4565	65.5728	64.7376	63.2692	65.5529	64.7622	67.4268	68.8397	57.7672	68.9795	72.7046	72.2178	62.5045	42.9514	26.3998	17.4248	41.2599	48.2224	51.1739	58.7565	64.3493	42.4326	30.2304	42.3284	6.99788	53.111	41.4067	47.0069	55.6279	58.8915	57.0859	53.6746	55.6936	54.8179	43.25	9.76633	27.4785	41.3881	50.8893	59.9259	59.6578	56.703	57.3672	63.772	66.3439	66.9963	67.8467	66.3554	67.6329	66.9211	60.2826	49.526	76.7555	69.4543	53.9356	75.2134	39.8507	69.4026	49.5975	57.7531	40.2733	66.4696	60.5671	33.3719	73.4694	29.6029	70.1955	62.6224	66.7067	53.3657	68.4426	71.6988	62.5026	75.3654	67.3208	75.0363	62.206	56.5034	73.4327	63.5237	41.4813	33.6972	17.6277	26.7583	45.7294	38.2293	59.8468	59.8073	25.4967	58.3961	38.1933	56.2977	66.0966	60.7711	50.0944	45.0308	55.4128	51.5558	33.2084	57.28	66.1096	51.529	53.0901	60.2951	68.2537	42.8599	67.3554	62.1621	10.4326	72.1833	59.2802	63.6113	66.4614	47.142	61.6889	42.9724	30.1949	64.11	38.3188	67.8918	73.0833	55.3936	61.5006	56.5973	32.0197	69.0047	68.3548	74.9337	67.8002	34.0411	63.6231	71.7748	72.9971	70.9175	62.4771	76.3789	68.6419	61.97	61.6008	38.9483	62.5928	58.7585	43.1125	55.7457	55.9812	59.2028	59.3731	67.2239	63.1743	45.7982	34.3262	65.7838	71.0326	70.8001	66.8475	43.5905	32.6906	37.3793	30.557	28.2493	52.896	47.8774	59.4861	61.46	60.9933	64.0184	64.1578	68.315	70.1251	56.096	48.5788	57.5745	42.3131	60.5014	48.934	49.1842	21.1513	40.425	58.5557	55.4293	55.6583	9.97697	54.1916	62.3966	62.7741	46.5644	69.3446	48.9957	49.9836	61.3715	61.4609	64.0701	56.6898	38.4607	50.3567	49.9413	40.4006	72.1815	70.0886	17.3992	12.0646	39.2859	62.9323	66.005	65.1977	29.521	49.0917	43.7075	35.9656	47.0199	31.8855	47.1151	40.4819	14.4374	60.0945	70.0857	56.0411
20.1334	20.2661	17.4621	17.5913	17.8188	14.4948	14.735	14.5997	17.6841	32.5047	45.6533	51.2469	55.6952	59.3055	58.499	57.2178	59.0882	61.4059	60.8465	54.3607	46.8093	57.9437	66.1037	67.3208	63.6366	51.1537	33.6415	53.1865	62.8896	57.7521	25.551	34.1243	59.5817	67.4697	69.1792	68.7368	67.2382	64.3632	59.1848	68.9787	61.3252	65.7386	64.9084	64.5597	65.3358	64.293	70.6264	28.7117	59.7422	47.5532	69.5832	66.6923	62.3584	71.0787	73.5459	71.1798	65.4124	59.2703	44.8429	39.9707	62.8988	63.8766	61.7856	56.1934	58.84	65.1068	65.6334	61.0463	48.9636	5.72643	50.4401	63.7836	64.9553	59.1076	48.0287	41.145	42.5455	55.8649	67.5786	69.3222	70.1237	69.1335	68.1383	68.7919	73.6499	76.1121	72.6449	62.1251	66.197	47.4602	40.7809	72.4703	65.126	30.7445	73.426	65.5773	62.4746	66.6244	61.9552	40.7925	64.8346	63.7437	37.7446	72.9131	55.0939	66.6035	56.1688	60.2641	10.8439	68.6634	66.7546	66.5019	76.7775	69.7178	72.9892	76.2296	65.1255	69.6539	71.3336	45.8074	39.8323	39.1613	50.5418	51.0387	62.1675	62.1057	63.1196	61.3658	60.5812	22.3007	65.2583	60.2482	37.0525	26.5039	45.8946	66.8127	73.7311	66.3605	26.4179	59.8686	41.3351	42.7269	43.1314	57.4387	53.0553	61.4196	59.2227	34.8279	74.2245	65.2363	54.7361	61.5129	62.8365	62.7659	61.3747	32.8763	62.7822	68.0548	63.6719	72.2121	54.0701	64.6466	45.0229	72.5731	72.1592	67.9771	74.6961	63.2445	49.998	57.346	30.5576	25.1403	49.2858	72.0177	74.52	64.1109	59.1233	58.7425	26.7984	53.7338	42.2554	71.0636	73.2688	68.5269	69.0885	72.8175	66.2609	39.734	52.4852	68.1214	75.4469	75.8629	76.2001	76.5528	68.2334	11.567	10.6167	4.24839	46.8157	54.0352	36.5791	57.8559	65.0023	41.2126	53.0067	61.7135	58.0748	48.9888	55.1303	66.5532	66.8242	62.7432	70.2084	70.9523	72.2764	67.8199	41.2018	52.3573	45.142	61.9262	60.3583	37.7104	62.687	62.0553	56.3608	64.4695	21.7453	8.33041	9.45185	18.8451	62.608	51.7654	46.8365	57.164	51.1614	50.7963	71.2889	64.4314	47.0359	49.9927	62.1245	63.3368	67.8809	71.3441	11.2115	30.0903	50.4206	57.3167	47.742	39.2925	40.4763	41.2662	39.5166	55.3066	70.5337	60.2074
16.9313	14.9598	12.396	13.1477	14.0347	12.2545	9.92898	21.6654	34.1328	47.3938	51.6389	53.3889	56.9023	58.1773	52.7877	48.7061	54.2172	52.9274	51.8119	58.3923	36.1787	59.9048	57.7814	59.3297	61.8214	60.4465	46.8836	17.009	55.21	63.2615	55.9143	47.6494	42.4575	57.2134	60.6763	60.4254	70.4622	65.1066	59.6065	63.0376	61.6817	58.4379	62.586	58.4503	52.2215	58.3844	71.9259	34.0022	56.1496	61.0257	60.4519	63.781	60.6874	65.8678	69.253	70.0987	65.6054	59.8598	58.9249	40.917	38.7355	58.8863	62.4698	57.3836	50.1246	54.8115	56.5334	47.429	29.1049	51.8788	65.0301	67.1529	65.8151	59.6291	40.6216	22.718	35.8608	58.075	69.949	64.7452	64.3138	60.1773	49.4826	46.5525	67.5851	67.815	69.3507	47.9352	59.2901	28.9362	40.8535	69.9884	66.4048	56.8761	70.6916	73.6709	7.89885	68.6411	72.3524	28.1429	59.2443	59.383	50.0732	71.7552	67.6082	61.0798	58.6402	68.6082	28.2712	71.3876	64.9323	69.4328	75.5121	75.4594	51.4233	72.9171	72.0427	41.0792	70.4399	64.3519	52.8935	49.8191	62.6817	58.8019	65.3321	57.0424	59.0238	66.5728	66.6921	43.9128	65.0482	60.2572	49.7151	54.5797	61.9282	43.852	66.0246	70.3102	68.9388	42.4717	59.4237	31.8392	35.376	14.951	34.4781	44.8075	46.3542	25.2216	74.6416	62.2049	70.8238	73.9467	68.1904	63.2554	64.2461	61.3616	52.7934	71.3899	52.0027	68.7278	45.2675	62.327	72.9498	78.2803	71.5573	71.1162	72.3552	37.0718	62.1086	64.4646	59.6874	59.6474	69.3529	62.6232	66.6024	63.388	58.8569	57.2519	39.0989	50.3535	70.5564	73.2769	74.8901	73.3918	71.3917	71.0807	50.2345	41.2346	57.8177	65.3821	74.4737	65.4848	69.0805	78.2944	74.0011	19.9988	15.4219	16.0924	50.9267	38.2415	35.6997	57.5682	67.0087	52.3616	65.357	70.8798	71.7207	62.8905	52.1521	61.587	60.191	57.7058	61.072	59.9227	61.7523	67.9173	37.3685	54.9559	21.9865	41.0963	65.1285	19.424	53.4969	61.0919	36.1411	57.24	16.5917	40.8046	53.956	53.2936	64.6811	4.2299	62.1192	61.2025	55.2365	56.0074	70.9699	54.2426	42.7917	43.1369	61.027	53.4358	70.3826	72.6534	11.6574	23.0533	59.1551	62.5251	29.737	44.8758	23.2755	33.9204	48.4366	50.7708	68.0424	61.6572
13.39	14.1179	12.2078	12.4404	12.9974	14.7609	12.4406	16.3882	31.8876	47.0867	48.8648	48.9704	53.4132	53.6108	46.1264	44.626	53.6392	47.6479	35.0998	61.7002	30.339	57.0391	51.3401	14.9495	36.8949	48.6577	49.9375	55.0668	30.5971	47.7689	58.9458	58.7707	52.5673	19.6168	30.5584	41.6478	72.3413	64.9566	56.3451	58.3494	63.4839	45.4049	55.6877	55.7932	37.8221	62.5768	72.0986	52.851	36.9204	63.9823	49.5329	65.0754	58.7659	65.2287	31.9466	61.7226	53.3853	49.0633	59.7384	59.279	47.849	44.5638	36.6253	14.6285	16.5074	16.9322	8.73061	4.21856	51.0853	63.2945	63.8627	53.3125	50.0419	54.5374	58.8577	59.7406	47.6088	56.6867	71.7401	59.1836	49.02	51.5495	49.6795	29.0578	65.0313	55.1953	61.9722	49.113	46.0227	19.1474	55.3101	66.4462	63.8327	57.7684	63.5498	74.514	51.0433	62.981	74.4048	41.2253	50.9261	57.3739	59.0468	69.5745	69.6602	54.942	68.3899	70.3871	45.6705	73.3851	66.8784	71.0666	74.5244	76.8053	15.2594	63.5959	68.4456	34.2404	62.859	64.2805	60.2079	32.2155	66.1652	62.6428	62.205	48.6409	57.9525	66.5412	65.5187	53.7157	61.2634	60.2095	58.5836	52.0407	67.7066	63.9363	41.5051	64.4581	69.1896	26.8361	63.9931	39.3567	56.0621	60.6309	60.0303	51.017	38.134	26.7949	75.5516	62.6357	73.9885	73.9747	57.9004	57.0485	62.5995	65.4462	38.0062	70.0074	51.492	63.9639	53.9962	47.5414	77.191	79.652	58.9356	59.8366	48.8442	52.6345	70.2244	66.945	60.9363	47.9307	69.0394	53.9608	58.3623	61.3829	56.3062	59.4377	40.0037	60.9707	72.8882	60.6516	43.2876	10.8423	44.7311	51.708	27.7108	60.2553	51.6734	56.6722	71.1451	44.9683	69.0846	78.1469	73.702	23.273	19.6117	21.4766	49.4914	32.1234	33.6396	53.0798	53.1067	41.8632	48.9149	31.9167	45.5144	47.6925	63.0293	65.2572	61.3761	56.8878	3.8807	28.4004	24.1218	70.9426	23.4534	62.0194	50.4482	40.2032	64.0768	44.7373	20.5077	52.0427	45.4694	47.8844	17.1673	41.8437	24.7606	54.5139	66.1277	51.8481	64.8845	52.5078	62.3829	54.5905	70.3102	37.7869	39.0699	42.6028	62.2143	40.4469	72.4146	72.6263	6.7599	26.4989	60.721	64.5792	38.5668	54.7089	27.3879	33.4905	52.1074	45.2142	63.8035	63.3186
14.5892	18.8199	21.0584	29.2761	37.0582	43.0322	44.7091	39.0034	25.861	20.1491	27.3665	32.0442	40.2391	48.7184	52.5006	59.4935	62.6924	52.6968	25.949	53.3142	57.2869	21.9917	59.7728	54.4749	24.7293	51.7578	63.12	69.1413	67.5096	34.354	49.575	63.0318	66.3007	59.549	34.2052	28.5536	72.7146	67.0236	48.3343	56.742	62.8054	59.4823	51.6624	63.3535	41.9008	62.2677	70.6255	60.5822	30.1083	66.6524	41.497	68.3305	39.1542	67.0058	26.4894	59.9797	63.1694	64.7423	67.3507	67.7932	67.0938	65.4113	63.7853	54.6148	23.9062	13.4398	10.7539	12.3557	67.2542	71.7358	68.1877	62.8698	61.258	59.5194	71.271	74.1961	69.7511	49.6834	72.2655	66.1639	56.6472	65.106	66.7148	51.6335	57.8298	62.2178	48.4192	59.2696	55.1804	43.005	64.5504	65.2094	60.1246	54.9728	57.7881	71.6829	62.8049	43.132	74.0482	58.9492	50.0614	64.0022	66.3529	67.5141	68.9165	63.3153	72.6657	64.9085	65.6719	73.9527	70.5981	72.4496	73.7056	76.3677	22.8856	56.6576	68.0727	54.6222	51.794	61.6814	60.3064	49.8787	53.1372	56.1435	64.1899	59.0908	64.5669	72.2042	57.1332	37.6065	52.2848	34.9349	27.1616	45.6846	68.4933	68.0239	50.2929	69.88	70.556	9.30567	67.0157	53.6818	40.384	46.1301	61.9128	68.48	57.4542	66.5403	76.3517	62.7728	70.9323	74.6332	71.511	52.2289	46.8453	69.0722	68.697	66.0872	47.7241	41.6497	33.3771	28.154	77.1069	79.8628	69.1675	60.4753	51.4499	74.2161	76.4271	73.9828	72.5597	56.1472	69.5068	55.2219	53.4592	62.2198	62.523	60.4355	11.7298	70.6015	61.4051	49.64	59.2402	36.274	46.6469	42.9147	43.0551	61.5805	58.761	60.5621	56.6857	57.1713	70.9386	73.2924	69.2816	42.9891	24.7408	18.505	51.4294	55.3901	59.6724	57.9648	22.3943	50.2524	45.6536	66.9093	68.8417	60.5418	6.4813	60.3486	64.9439	65.0924	46.3982	33.5989	45.4045	70.8851	34.6256	69.98	53.1455	60.4778	54.7119	41.8875	26.111	31.5179	48.2097	38.3612	24.8595	46.5904	55.5544	25.3104	61.8236	69.7709	65.3173	20.6269	61.5694	35.3705	62.8217	42.9048	57.4463	55.5172	55.9179	13.0755	73.4936	70.9978	33.3313	51.528	58.0152	68.2526	57.4806	65.1839	46.6526	40.0732	53.8741	44.0485	59.7441	58.9182
18.1229	23.3793	19.6489	21.8697	26.8315	47.0212	62.4697	69.3006	70.599	67.5967	63.9826	65.7838	65.4865	64.0454	63.873	49.9001	52.5143	67.405	69.7179	48.8368	51.6137	63.4663	46.4965	53.9068	47.4156	36.2789	31.9528	41.2036	71.104	75.24	70.4506	56.6362	27.3349	62.3387	69.0788	60.0643	57.2208	70.45	66.731	61.8484	57.9481	62.3483	12.2588	59.8624	46.5689	62.1234	68.7828	57.7459	37.901	67.7792	49.2334	68.2719	54.6007	60.6496	55.3647	54.997	66.6526	66.6504	69.7716	75.7049	78.0447	78.0161	76.8627	74.3622	68.2897	46.451	8.76354	36.2602	73.9598	73.6376	63.5591	64.2917	67.2197	63.9147	67.8836	66.9314	72.8042	65.0782	66.4387	66.2812	50.0689	41.5128	64.3182	68.1113	40.5337	60.7767	46.1666	68.6519	71.14	62.6921	66.6757	70.4987	65.3574	57.0904	59.1956	69.7675	68.1929	42.6118	68.8404	72.0985	49.2606	64.2873	67.54	64.991	60.6119	70.9479	72.7806	33.0746	74.3625	73.1651	73.1848	71.919	70.3064	69.9921	63.582	38.1491	69.658	70.0923	66.6643	63.9193	36.673	37.3179	52.9598	46.4721	62.9144	59.9273	48.3845	74.7444	77.0446	77.5898	76.4461	75.0408	77.4166	78.7953	75.7436	56.1873	31.4549	61.026	74.2276	68.996	48.1523	67.1784	51.8475	48.8314	42.1809	70.0118	76.2613	78.6673	73.2413	6.92514	60.2409	58.4509	54.5454	62.3461	35.2016	53.446	49.9127	11.181	54.2302	70.0119	74.4849	76.7438	78.4298	78.0542	70.0248	38.675	72.9405	76.9728	75.2244	74.3179	76.5845	75.4804	49.8327	65.9894	55.3891	63.941	62.5663	17.8207	63.252	70.9191	20.5339	27.628	53.5624	60.8962	68.0408	66.9136	63.8517	52.1448	53.3279	61.4297	45.7641	62.0206	58.6247	69.9435	73.6147	65.604	42.0525	9.26759	52.7418	58.8752	56.13	58.8826	57.5508	13.3178	65.6582	57.457	39.823	63.8463	71.0669	60.8568	46.7447	66.9546	63.0364	6.03569	61.7103	64.4771	16.8988	69.5769	63.5653	35.223	19.1679	41.8794	46.1385	29.7116	52.4717	40.5296	35.3368	53.8097	56.9655	65.2731	58.553	58.0489	41.7946	52.4672	61.3888	43.4533	60.5465	62.0442	47.6093	26.314	59.0392	65.8479	72.2187	64.9777	43.6943	54.4886	52.985	68.0423	56.487	62.1794	61.1964	59.3026	57.698	51.3505	66.3263	61.9431
25.2186	26.3584	14.3851	13.4667	30.4583	54.0144	55.9203	56.2819	62.325	66.0093	64.6388	66.7699	68.3813	70.1614	72.0646	70.4891	54.6372	33.9286	64.2621	68.3088	49.9952	59.5583	65.3722	55.3101	44.3546	22.4411	26.3446	54.1056	48.99	64.7759	73.1134	71.8941	63.4635	29.8507	58.2422	66.1877	55.1241	59.7732	71.037	69.354	61.4917	57.7078	15.2852	63.451	52.2583	61.5754	68.2911	44.2559	50.9265	68.9322	61.9612	67.3161	67.8277	49.1908	70.366	65.4624	63.1894	62.916	64.8763	71.3307	73.4884	73.117	72.6504	71.8774	69.4785	55.5015	8.21203	51.6363	73.7892	70.3078	50.4064	63.0161	64.1887	70.7849	67.0513	56.0818	67.9429	69.4747	59.7097	43.2166	65.1104	61.3196	48.9609	69.3989	63.0413	28.8701	70.4302	68.389	67.4663	70.7267	58.0445	72.887	31.5663	37.5927	52.7222	72.3283	73.9653	67.3096	45.1674	74.4744	65.8401	61.554	71.4401	59.8758	36.8636	70.4907	64.713	45.5507	75.3086	67.0964	72.5284	62.661	66.1632	19.0655	68.5078	63.1894	42.5525	67.1195	69.0272	58.1345	43.5806	43.0231	21.6258	51.5757	66.6915	68.3637	62.1342	59.4176	75.6225	77.2992	77.0821	76.7842	76.1123	70.3518	45.0228	61.6641	67.0748	56.0137	53.0744	75.4196	48.332	69.2957	64.3862	46.6175	11.8113	8.44652	65.1336	71.065	64.5706	67.4183	62.8528	59.5075	51.4463	55.6567	53.8118	63.4685	63.486	66.6012	71.6467	75.1698	75.8467	75.0983	74.2366	72.3002	64.9527	33.9929	74.7624	78.4328	71.3518	64.4019	68.4848	77.0023	73.2001	66.5245	69.401	57.9194	29.2993	60.4361	66.7252	41.3949	32.3562	39.6191	40.114	55.7237	58.2686	62.7922	64.9702	50.474	39.8042	67.4935	54.3802	67.5952	66.4411	67.2391	73.0337	65.5507	50.9542	7.44084	54.6007	51.265	23.5148	47.9332	29.4342	56.2831	55.5586	44.6736	61.9383	57.6336	62.2613	70.6556	52.3681	64.2682	69.3202	24.0313	57.1488	58.9481	55.9224	60.3098	73.2943	70.1065	58.475	49.0611	64.0824	58.572	50.7833	53.4032	52.4292	62.6653	65.2182	72.8503	37.2257	53.859	49.8669	42.8779	68.0655	60.6515	56.9127	33.967	50.5462	61.7837	58.8098	60.7949	62.6713	48.3141	39.6329	54.8481	57.1443	64.7895	44.947	29.3039	53.6909	65.9017	62.1961	52.6973	69.7624	48.4935
34.9397	32.2111	25.0722	24.4177	32.8453	59.7391	55.4898	38.2387	34.7357	45.1441	57.1693	59.8574	61.0258	61.5403	58.0343	66.0863	71.2722	69.2281	46.6485	63.5156	67.634	60.0652	43.436	46.4734	59.6864	66.6618	66.4591	29.9444	63.4707	59.6035	23.2325	62.8414	69.9744	65.8904	51.1386	17.0063	69.4312	64.1191	34.7644	58.6294	61.1548	51.4289	35.902	66.9384	58.2884	63.1798	67.4924	15.3237	64.4333	70.2974	64.9486	63.5446	70.5386	38.4809	75.2267	67.9714	63.4317	58.0737	31.9031	39.9855	51.0386	57.0059	67.7592	74.1389	73.2062	53.675	22.4687	53.0972	68.3449	70.7205	69.0822	69.0699	50.4166	26.7278	56.2136	60.5784	64.7058	64.5592	66.8513	54.0771	62.4597	70.5358	60.1053	62.3877	70.1036	54.0408	69.7966	73.7772	25.6207	73.4862	8.03698	73.321	65.8152	63.7724	57.911	45.6905	70.3767	68.5453	62.8115	72.9306	68.8949	34.2266	59.0486	64.9496	60.9433	57.9022	61.4795	56.1138	71.9878	60.5772	69.2633	28.9883	52.4977	55.3005	61.4741	57.9916	49.052	46.1947	40.3216	60.8894	67.9255	61.0156	57.5969	52.5057	46.4035	22.4861	64.9146	72.6093	68.9264	57.3562	39.3834	48.9494	38.0168	69.5061	72.4718	70.9943	63.1971	68.4184	56.388	73.2656	62.7411	70.1966	61.3356	63.3527	70.7335	70.0606	73.6023	71.3166	68.3531	74.6849	38.6987	42.648	38.4929	24.9706	34.75	54.9362	57.0728	64.4035	65.6433	56.5468	46.4799	43.5111	61.3198	64.7742	57.4099	41.0544	72.6139	78.1004	74.8424	74.904	58.7363	60.9073	73.0631	49.3897	69.919	43.7832	42.4185	58.4061	37.7336	55.4287	51.0488	49.0176	62.6583	49.3039	44.7049	42.2429	45.1091	51.236	52.7151	61.3731	62.171	32.7571	62.1906	74.8722	73.8056	55.8026	49.2258	14.1971	63.1605	67.096	65.5008	63.2153	67.5929	68.3283	63.2762	58.0343	29.8232	69.9089	43.9833	62.224	65.43	50.8326	69.0475	16.0374	52.2836	59.3714	68.5495	56.1601	37.2753	66.7313	64.9377	55.2983	71.5966	59.248	42.8274	68.1733	60.8076	70.7219	73.4223	63.1472	47.9633	68.0144	65.1731	57.8662	70.1232	65.296	56.835	59.1224	59.06	51.2579	22.5259	32.5265	42.3591	26.7398	36.6304	49.797	64.0597	55.3007	51.5126	54.994	15.8695	63.458	65.5525	45.614	69.7035	36.1335
47.2978	45.7725	41.3611	40.6325	33.8208	58.1984	56.3843	28.4887	39.373	51.1069	64.3821	68.8285	66.7333	64.8	63.974	67.3517	71.4275	71.565	65.166	28.9061	65.1913	70.1141	68.1894	67.7208	60.3166	42.2792	56.386	66.1329	35.6115	60.5702	59.7196	57.2635	72.112	71.2243	67.8749	58.5772	52.981	70.1124	66.924	60.0621	35.8024	13.8989	55.5583	62.9551	60.899	66.4971	67.3773	30.7713	70.0544	69.0647	60.6509	59.2228	70.0538	42.797	76.7875	72.5825	69.6115	68.8646	61.3086	62.2038	69.4811	63.4209	62.6737	75.99	71.0145	22.7413	52.8395	46.2289	49.769	62.471	70.2846	72.9887	72.1063	67.084	56.2784	54.7557	64.109	59.2688	65.6925	70.2841	51.7501	71.9332	71.3471	51.1136	70.3589	69.0081	48.0936	73.0308	49.3557	71.0579	57.2451	59.0479	49.5815	60.1221	62.4019	49.7184	49.8916	69.0202	73.3645	70.7104	46.7187	48.0524	47.0537	47.1093	64.6345	65.8455	66.4854	66.8852	67.772	59.1687	64.6771	63.6068	60.3264	37.6452	19.0555	38.8877	62.2578	63.6698	47.1282	55.9141	58.9422	46.4897	63.2335	71.2799	71.1726	69.9529	62.6657	38.4271	54.5349	60.0094	65.0201	9.09462	69.6677	70.4753	65.8896	63.9817	54.171	66.5727	67.8641	66.7837	66.6934	66.3422	57.9041	67.2246	62.8248	66.1779	72.0561	74.7931	44.3323	76.0752	61.8186	57.8073	61.3767	37.9319	39.2699	51.388	38.3788	54.907	51.708	61.7894	63.5809	63.8402	72.1802	74.71	69.3078	56.1496	65.2591	75.451	74.3739	75.6874	72.4258	29.7183	68.1483	40.6734	54.4354	61.3279	16.744	58.5003	62.1331	56.1024	54.1016	41.177	64.6882	60.1315	39.2598	51.5122	48.7254	48.2323	62.7734	59.4437	51.8296	39.9603	73.7809	71.4311	63.0165	66.1175	61.4801	42.1322	64.3048	71.1586	18.3646	52.0843	69.274	67.5578	57.7762	56.3908	54.4561	65.6579	57.6074	39.8525	64.3251	51.4543	55.1975	57.8424	17.5827	66.5924	70.002	48.5637	51.4926	15.06	53.5683	62.3011	71.9036	65.931	31.3022	71.3601	67.4717	55.8067	54.9386	50.0038	67.7278	68.3501	60.9012	69.2603	58.6036	65.3462	63.524	61.9271	43.5299	37.3991	25.9247	37.7253	30.1987	15.773	28.7478	39.807	58.6499	57.1961	42.0364	44.8518	54.7077	50.5284	67.2728	53.1849	62.0617	48.7318
49.6171	45.165	42.7453	44.8652	41.5735	41.1864	56.233	48.1671	44.482	64.8841	64.6857	51.0777	45.6612	42.331	47.9605	58.5369	68.2542	72.6981	71.1072	39.3204	25.9869	16.4699	47.7159	70.399	72.9148	68.6009	53.8735	47.4245	65.3752	45.0436	66.2138	49.122	63.0641	64.7208	59.4825	58.3697	14.6347	51.0664	62.4827	70.187	71.3854	61.3345	46.8212	71.4262	72.768	74.567	72.9627	39.2825	70.3425	69.6929	53.36	60.6807	63.3007	62.5698	75.5208	73.002	50.4404	63.8567	72.4326	74.1841	68.9391	71.3781	68.2397	75.6953	66.9431	54.6968	67.256	70.8049	70.5765	63.1465	36.9471	59.0134	72.0265	73.4531	66.4502	60.6937	57.7183	50.7029	66.5405	69.2892	54.6551	66.0097	73.5771	46.1842	61.1594	71.0126	62.2414	58.8616	68.7281	53.3872	58.9876	60.0227	49.1029	50.3063	45.407	55.777	41.5245	26.5332	47.1035	24.9559	48.6516	57.0603	59.5083	45.4894	47.4008	66.4818	66.6318	67.8033	64.5509	52.2569	47.9768	60.3803	48.7852	57.4526	66.1768	68.6551	63.82	60.7839	56.9933	45.4632	65.0737	66.2499	51.6854	21.7072	18.4557	44.8668	64.898	70.9442	72.2402	70.0758	66.3725	46.4209	73.5007	73.8056	65.867	65.8498	50	65.1659	71.9687	61.9537	65.1545	55.1915	50.3506	59.5072	9.54373	64.0563	68.0574	74.1357	42.4568	70.9419	72.8332	69.4353	69.8976	61.8026	23.9338	50.4399	45.8014	49.0419	53.3003	56.9102	55.8413	60.2426	68.2047	75.7073	74.7066	68.8253	27.2817	67.7859	73.748	75.5164	75.1221	32.5354	60.8486	58.6906	47.7341	60.0861	37.3812	34.883	38.4655	37.9483	57.8028	52.5282	38.0766	64.4974	20.49	60.2146	56.651	42.907	47.3633	39.1882	25.2697	59.9357	73.6018	39.4854	66.134	72.3291	70.0968	56.4899	57.2359	71.3742	46.7035	35.944	71.5732	67.5753	60.4202	49.0525	48.6477	55.3861	43.5814	43.4039	51.8784	61.9908	9.38422	59.4058	49.6151	68.1207	66.5203	57.7614	66.967	54.9675	37.1534	63.9843	69.5815	66.9368	13.0999	73.7537	72.7009	40.6746	16.3922	69.6106	69.6572	61.211	55.7333	62.8255	43.3121	47.8068	64.277	57.5305	30.1354	32.112	36.1685	34.6887	15.4454	22.5195	10.0945	30.9153	45.8998	57.0519	54.1298	47.2129	50.5939	14.8425	58.3515	62.9945	49.7819	46.0288
51.3154	51.1576	29.7126	40.3771	52.8298	52.0339	15.5703	43.12	49.087	61.7674	67.4052	55.4214	5.05821	21.9368	41.5887	50.5488	40.9533	73.2986	70.6817	43.3796	63.8817	65.8844	58.5766	33.609	68.9563	71.4208	72.6375	62.5142	61.0537	64.7303	53.2125	60.6278	65.4247	72.2706	58.391	45.0732	33.5928	51.1854	36.8261	18.1649	55.9304	70.6203	66.4606	42.1351	65.6032	74.1947	74.0743	42.5076	67.1956	71.3893	44.4616	54.0295	62.2401	70.027	68.4712	63.6288	67.2723	72.7566	77.0101	76.4035	65.216	65.8545	70.6361	72.7218	57.2168	63.726	68.2757	57.8882	67.3098	73.8307	73.3803	57.411	74.3549	75.7172	58.1342	59.1687	32.2707	59.3706	69.655	58.6802	64.4847	53.5918	63.7724	69.3317	29.7764	61.1426	71.3774	34.0885	64.0948	38.9262	41.1799	55.1435	38.3982	14.5973	49.6936	60.7788	67.9337	68.4104	67.3039	65.9632	66.7366	60.4938	57.046	65.1686	50.1553	31.4264	24.0047	1.23057	12.7817	24.0071	36.1849	37.6065	53.1295	69.2	51.6554	55.1523	54.3418	67.3375	66.8673	14.2857	53.4106	64.8951	64.5497	68.3641	69.8221	69.0255	57.4285	40.3576	47.2121	9.85119	59.2998	58.5165	60.7595	75.2351	74.3064	74.1569	67.1124	23.8019	59.0135	54.8905	47.7535	54.017	51.7647	58.7158	67.396	71.1967	70.8463	72.8457	63.682	57.7649	64.9238	58.4429	68.8357	65.7552	13.3215	48.3389	47.2482	19.3796	18.1059	50.1683	33.6134	52.1063	43.6297	72.1897	75.4423	74.3477	64.23	50.1744	73.038	74.4222	74.632	67.3642	37.318	59.2242	42.985	49.2775	26.2046	58.8181	60.7525	41.0708	32.9412	33.6098	18.7272	55.9244	43.5963	37.6558	52.5011	48.2784	55.1597	53.5098	38.8043	64.4613	68.1349	43.0092	37.448	70.3575	70.5234	61.681	52.4234	69.8508	50.134	44.937	74.96	64.1433	63.0914	52.0372	43.0729	32.6863	9.77526	56.901	17.5529	64.737	41.0116	60.2742	48.0551	67.5461	51.2937	52.6476	68.681	65.2643	32.4468	67.1785	68.364	65.1757	21.0357	75.7647	74.3942	10.9313	43.3049	68.3436	66.5289	53.4331	54.8365	42.8033	30.5058	37.5801	61.4744	42.004	13.5678	31.9947	41.4554	20.378	35.0503	39.7694	33.8822	11.1113	42.1906	64.5956	56.811	37.4273	14.2139	41.0742	39.594	34.4816	29.8228	39.1936
44.8626	45.8653	46.6005	41.0014	46.1511	54.6338	60.044	44.8703	56.6277	60.7437	58.8682	57.6019	36.3946	44.8612	48.6544	59.5032	66.3745	74.7556	67.2356	22.5227	59.5471	47.1664	65.1539	58.681	19.9861	54.2648	72.5729	75.4216	53.3089	47.7971	40.4448	53.8429	62.1177	73.4707	43.9502	38.718	42.4399	53.8249	49.5298	51.0953	50.7667	54.1046	71.3501	59.8161	59.56	69.6147	72.8629	62.7098	55.9421	72.9742	59.9143	51.043	66.1801	64.2108	36.2493	62.5199	74.9541	75.6123	74.5122	66.6116	54.8309	54.7794	44.4239	60.4032	42.5686	61.0693	67.8332	66.8729	71.2427	70.6035	73.98	72.1675	63.2998	74.848	68.1087	68.8604	45.7283	63.9175	67.549	56.3741	61.1985	47.142	23.5299	61.1271	66.7457	33.9014	65.9096	66.6752	51.8074	60.0833	52.8474	33.6175	49.6022	63.8471	67.0517	68.8983	71.2287	72.2074	72.8191	71.2031	66.603	51.9799	48.1274	66.0988	48.0312	58.3184	64.3716	65.4842	63.8923	55.9819	49.704	52.6737	25.1227	67.5477	66.316	63.6859	30.1362	68.812	72.6239	18.0417	59.6128	29.0077	45.5144	35.0922	41.892	62.7134	63.1592	63.9158	57.0421	66.5362	67.3005	72.984	40.5572	62.8316	74.6174	75.6614	70.9154	42.769	48.3619	35.4912	32.1957	56.6532	52.6833	42.9838	62.0253	69.0007	66.9872	63.076	61.666	32.092	70.1534	67.4721	70.2789	64.9346	40.5985	56.9814	62.9204	54.9197	29.4777	37.4427	45.4434	42.3156	30.5508	65.252	73.0993	72.9701	66.2153	53.4969	72.8871	71.0508	69.3159	71.4029	40.8291	60.6255	30.3695	39.1531	37.5441	57.0992	56.2878	64.6216	40.9166	43.5715	41.1492	19.5034	9.98656	43.8259	66.0342	64.8591	63.7018	64.1796	19.9503	65.1119	67.6414	29.3745	15.5521	67.9865	67.6426	64.9578	34.2139	67.5975	59.1708	56.0247	76.3142	68.5632	55.2528	58.8152	47.9971	35.8726	32.472	41.9496	42.2975	43.7252	52.5993	59.0145	22.8475	65.4709	28.0994	9.82464	69.4637	62.8219	9.6779	66.4217	70.688	66.2062	65.6374	76.2185	71.1847	29.8038	45.3906	63.8431	61.6415	54.7893	55.2894	32.4989	54.3588	54.4597	51.0392	22.8482	3.1661	33.4407	41.7279	27.1539	56.6148	60.4825	60.6035	41.3919	44.9991	64.1077	55.1284	12.032	42.541	40.0544	64.1265	69.2576	69.1035	63.8575
38.2975	29.4368	31.0807	53.2024	57.9437	46.8306	49.3066	60.4417	47.6298	65.1881	62.7367	48.8561	39.7062	7.27251	65.4873	56.3094	65.0136	72.7241	60.1961	49.1838	62.4314	52.3407	46.8405	67.5634	66.9144	43.4756	61.2795	75.5196	73.4079	53.7833	24.4167	51.6688	58.8616	74.0963	46.1337	37.8252	34.6061	59.4641	47.8467	58.7543	66.6568	61.0184	47.764	60.9249	56.1651	65.3829	64.6972	67.5244	30.2468	73.6401	69.8623	49.8813	40.5584	28.1976	69.7653	72.7193	70.4868	59.5503	43.8434	67.4887	73.3039	73.8323	71.467	71.8558	56.7191	60.0183	58.6645	42.6268	75.3798	74.9118	41.0412	70.9147	57.4294	64.9713	65.6712	69.885	61.9478	59.5524	59.426	55.466	57.3002	64.8681	73.8866	73.959	67.8078	64.2651	68.7811	74.1675	68.5456	63.1043	21.8986	63.4359	71.1779	71.6666	66.7263	60.8524	58.6174	61.038	64.2508	59.0175	34.3194	60.8361	63.7041	65.9195	36.6499	58.4591	57.0184	59.7565	65.9989	71.102	69.9371	65.4312	63.5599	17.1269	52.891	69.6697	64.9292	67.4409	74.4078	43.2763	64.249	49.0019	41.6653	51.5544	49.2216	53.5803	45.3139	63.2774	56.586	68.9622	63.4615	75.3863	69.3639	25.5054	71.3913	77.7621	76.6979	42.5767	59.9561	49.6042	55.0514	36.5953	64.3934	56.7049	61.0894	68.2871	70.0007	70.2851	70.9746	9.48423	72.1539	69.3692	71.9721	53.5921	17.3053	9.63266	50.7178	60.3239	61.4236	60.3443	62.3846	56.9788	41.2197	59.5584	74.6086	76.1992	56.7495	66.8255	73.6392	72.7612	72.763	59.7919	60.2895	66.3906	47.6104	33.3357	54.5424	63.4693	49.2291	66.4621	45.2906	50.3148	57.6958	66.2622	68.3228	67.2354	67.7425	58.2833	63.1579	70.678	56.6664	57.9581	66.2536	39.2578	32.7883	62.2999	68.3096	68.633	12.7794	61.9994	58.4028	61.4205	74.6062	70.538	20.6979	52.1412	46.7977	29.8406	44.6723	47.6687	54.1896	39.9392	29.0953	24.9243	6.21068	56.9236	42.3973	52.4607	57.1528	58.1519	51.0638	50.9721	71.3169	68.1185	70.7087	72.0816	53.7521	42.2982	44.2796	63.3837	60.2148	50.7803	56.2556	28.9415	60.4346	47.3662	29.8572	15.277	10.1339	29.7561	41.8178	36.7251	67.341	66.2683	69.8696	60.2252	31.9997	66.3594	61.7004	42.7269	48.7478	58.465	45.0188	28.5575	42.6897	60.6774
44.5969	30.8218	39.2319	46.2252	34.4535	61.4278	53.9409	55.9377	61.6267	64.0078	62.0987	27.1691	60.8369	72.0254	74.0206	70.1434	62.9288	63.1596	37.1019	38.5058	59.1535	65.5166	50.5512	52.9364	71.6639	75.7814	68.3254	50.0993	70.9692	71.585	60.454	50.5399	55.9847	72.5641	58.1529	65.559	65.0774	69.7822	66.0011	69.2987	68.8669	68.5823	43.1144	62.0724	56.006	70.5187	64.7677	62.0035	6.19543	70.8471	74.3563	72.7653	69.2886	72.7669	75.0845	71.4616	60.6909	49.7857	47.5807	59.061	67.0557	68.7747	65.1197	71.6626	58.4424	66.6846	70.8209	73.4262	75.5628	72.6416	48.0687	68.6216	74.4502	61.4508	60.3321	67.3953	66.3004	46.2719	53.6367	57.5435	64.2862	71.429	73.952	75.7456	76.0675	75.9943	70.6473	70.0534	52.2296	29.3752	72.1515	77.7852	74.2869	53.3609	60.4142	74.7371	76.3293	75.6154	75.1453	73.1155	68.2452	53.5966	39.0534	63.6859	14.7162	63.6666	59.7638	49.9897	34.8765	28.8622	51.6921	59.192	71.4193	76.0751	76.3018	74.9578	71.2476	69.7917	75.2448	40.5209	63.402	58.5299	59.2854	50.3884	65.6578	68.7083	57.9111	59.9277	55.2727	69.8868	50.734	74.26	73.9066	68.9056	11.4215	77.1495	80.4019	73.6016	60.7553	40.1835	61.7894	23.1628	53.2285	39.1689	53.1753	53.4811	25.7949	63.6219	73.7814	14.5029	71.8408	67.0338	72.8686	48.404	62.4626	68.7875	61.4001	14.0852	47.8356	30.1738	26.619	35.1878	62.7274	75.959	78.1406	76.2062	34.4864	74.8171	75.023	75.1289	69.1681	47.9753	66.0156	42.3894	59.5684	35.3278	71.0203	67.8593	47.3747	65.7899	44.6488	51.6805	58.0425	54.6878	64.7816	73.4865	69.2428	47.6049	64.6685	58.7808	66.1955	69.3521	61.0703	21.5063	22.4465	57.4805	71.2488	70.7781	23.7726	60.4259	63.878	64.4846	68.9765	70.229	72.96	72.7943	69.9413	67.291	62.5241	38.4604	43.9054	44.8228	49.2881	63.2683	63.3328	40.5262	45.3567	60.2505	61.3075	65.7133	69.7611	38.8555	66.5932	69.7408	68.4601	43.2848	51.3896	66.3585	66.6859	67.8304	63.1315	39.848	42.9235	44.568	61.7793	54.048	29.1988	19.6058	51.0892	58.2976	61.6332	22.652	70.1223	46.7558	67.0551	62.3976	32.3328	63.5461	66.3814	34.9686	46.1266	50.5989	62.7987	66.915	64.6704	42.2906
59.7752	12.3445	51.7421	53.0634	60.6932	67.4378	63.9904	50.0131	56.5308	61.4949	48.0585	36.6332	57.0531	56.5593	64.3313	60.6565	33.6438	35.6156	35.1011	25.5184	33.0597	61.8991	69.733	68.1814	50.8371	65.302	73.5826	64.1478	39.6186	72.0206	73.6057	68.971	30.2499	67.9471	64.522	69.0289	66.8251	61.7494	54.4813	61.9781	56.0976	70.074	44.1584	67.6974	61.8072	77.1506	69.8848	45.1916	49.6981	39.6446	62.2099	69.3596	55.5703	61.308	53.7893	61.4999	44.0735	22.3577	49.0275	64.9387	68.2135	64.6998	51.9407	65.2001	43.8293	72.8198	76.3531	76.474	77.0724	75.5404	71.1608	70.0601	73.1606	73.2651	48.2364	64.2381	66.8192	23.0507	45.1737	57.0354	65.1307	50.3263	50.7935	44.0867	24.5808	51.9291	67.135	73.7252	58.0716	68.5324	77.029	72.9529	49.3157	52.1054	74.4667	74.7148	71.6708	70.0805	72.3948	70.5743	46.9332	56.7516	64.6991	72.3664	56.1142	59.0901	48.1644	45.2157	66.0479	70.1824	65.6041	54.4994	37.9492	49.8357	68.4118	71.1423	65.3581	69.5416	76.9477	52.3195	61.1911	40.5224	68.1095	46.462	28.854	61.5003	56.8454	57.7544	58.731	70.5862	53.0933	70.6819	70.8779	72.8773	68.7441	58.9852	78.5563	76.99	67.7362	57.2456	68.0761	44.626	63.3403	54.9103	70.2517	73.709	73.9518	71.8849	70.9558	24.7292	74.0605	66.8234	68.834	18.0935	67.8291	63.0911	68.0435	34.9379	52.6923	60.5507	66.1496	67.2825	75.2232	78.1286	75.3315	68.7608	61.3019	77.3652	75.725	73.4071	20.1108	71.484	40.0447	68.1957	42.8943	64.4957	72.3122	56.1543	66.7291	70.1138	41.0603	56.0676	64.2073	31.9147	62.7412	71.7504	63.5761	72.5311	59.9798	54.9392	75.3025	77.9034	75.8556	70.9201	59.653	39.6629	71.8589	71.9789	45.1009	54.7903	66.1331	66.9749	67.8875	73.0724	73.4118	64.5374	51.5865	37.4272	15.5837	28.9632	57.8977	9.96572	58.3444	57.6316	63.9872	68.7707	51.8234	43.9229	61.4538	63.1005	73.8841	69.0359	44.0696	48.0612	24.9411	49.2481	53.892	48.243	57.7204	65.3177	58.3089	30.5507	54.1589	66.3403	66.9613	57.7975	30.3566	35.357	70.307	66.1942	73.0821	37.8869	67.1962	59.4276	52.2481	58.3818	54.4037	37.695	67.856	66.4541	55.3356	26.8125	9.65662	30.8618	57.1789	66.2035
55.0503	52.1729	52.5333	63.9465	54.1337	65.3876	70.231	65.1815	56.1304	52.8904	55.7581	64.5929	71.2701	69.359	69.0221	53.7735	37.6987	38.65	35.2405	43.2065	54.5403	46.2425	42.2154	70.4971	73.1479	54.6266	57.7814	72.7814	65.9362	30.679	70.8372	74.3016	64.0631	32.2443	55.2008	51.8469	56.8625	23.8139	55.0398	51.8214	2.7766	68.6362	37.2994	66.9111	32.5077	77.8782	70.2133	57.4148	61.925	63.4644	64.9417	73.0799	63.093	60.3654	61.0787	70.6935	68.9132	69.6354	73.7505	74.8425	74.8673	75.2369	73.2595	73.3331	48.7082	75.256	76.5155	73.2836	58.0884	45.6879	44.3925	53.5136	24.8755	66.9377	61.8243	51.303	59.436	41.8513	29.9198	47.6942	62.8588	55.0808	67.3529	72.126	72.2777	72.5857	76.1256	72.8941	59.0181	73.2329	72.8903	44.2061	70.6117	59.0365	72.451	73.1335	60.9923	58.7858	62.3234	55.1515	70.8278	56.9253	51.1496	71.4661	60.5515	55.4661	53.5489	46.8842	44.3586	56.767	68.5862	70.2016	70.4421	69.8282	60.2467	53.8387	56.0469	31.1909	74.2868	71.9117	53.3883	35.4846	65.4512	57.8318	39.0176	46.1686	45.4962	59.2222	60.0486	52.6173	48.6565	69.418	64.0478	66.6446	69.0097	39.626	71.6821	76.6579	74.1302	72.1515	74.6969	46.0651	58.3631	49.8013	60.5188	67.9324	58.8202	64.5553	63.9508	52.1133	74.0285	70.9804	69.6875	31.6392	69.6919	39.2569	72.9724	27.8497	62.4875	50.7579	49.1306	48.7762	71.256	73.6981	62.3516	52.9605	64.1074	77.9877	76.9047	71.2083	48.251	73.0575	43.3928	71.5675	11.588	67.9564	71.8039	52.5178	69.1024	75.5585	55.3897	51.8572	60.5476	37.9732	71.0787	75.7148	63.1452	76.0734	74.5691	78.7637	78.3852	76.4427	76.6566	76.4229	75.1343	62.3535	64.1401	70.7121	59.6832	30.4048	63.0335	66.7544	66.2472	52.4531	66.9274	73.9907	72.6095	69.0603	61.1521	45.9074	55.9564	8.57521	62.6788	45.9293	29.9901	40.7988	67.1717	66.5174	47.3453	24.7397	74.9118	73.6674	21.1106	40.7363	30.6805	47.5736	66.9623	71.178	71.7949	68.6244	55.4587	67.7856	68.7749	66.8656	65.127	57.7762	47.9246	56.923	73.0636	47.7103	74.5228	54.5851	56.9159	56.1657	41.5754	59.7007	61.2728	24.1655	45.4145	61.0408	65.0151	66.2612	66.9345	67.2594	63.5706	56.4162
46.9607	57.069	23.4868	55.2681	64.2175	74.8969	74.7651	56.7179	55.873	47.5235	47.462	39.062	62.0771	63.358	70.7671	48.9632	43.2895	52.6292	57.1323	52.6864	62.8454	68.7393	67.4837	29.5392	71.1305	71.8312	49.5759	66.7684	74.3718	61.0823	41.1934	69.7332	74.5378	64.6052	50.2777	41.0584	59.8175	42.6086	47.1366	45.9725	50.4979	54.5041	36.0135	62.885	23.4117	77.5975	67.4189	50.6266	55.5298	58.9387	59.5917	72.6063	62.5579	63.5042	47.7142	62.8357	62.3026	67.9966	71.7543	74.7227	74.4956	72.8352	69.1993	76.7607	55.5936	75.0142	76.2835	74.8428	76.3718	77.177	76.3268	74.7739	70.7444	29.756	66.0106	51.3843	39.5017	53.5188	22.0087	33.2496	44.2078	64.9566	67.6348	67.7603	63.9094	59.8265	71.5659	69.8773	70.9421	75.6752	54.8661	73.9551	73.9096	71.2973	47.7052	67.75	56.4439	47.3254	64.7742	55.2354	72.1288	51.7266	24.3178	70.6312	63.6774	59.6211	57.7389	55.2277	61.724	41.0574	25.7694	49.1226	60.7034	63.399	56.3225	63.7955	63.9594	54.9983	62.0298	75.7405	65.9019	53.9382	69.9596	53.1764	41.4596	36.832	12.62	24.123	11.8951	45.1869	68.3204	73.4284	66.0941	54.9625	57.7947	62.7643	40.4996	74.0479	74.6887	73.6083	77.0091	67.4478	51.018	36.5928	35.0279	64.1434	74.0217	63.1723	39.8162	52.9147	66.6264	68.7959	74.2574	26.4934	70.97	28.5013	74.9535	34.2072	64.1034	41.4221	44.345	47.0993	70.9513	73.8017	62.0858	54.74	61.761	77.6224	76.7211	69.2091	68.9775	73.3441	58.1548	75.3561	42.806	70.3808	72.7792	66.666	57.3908	76.25	69.4955	14.1978	56.8069	51.5786	74.7197	77.2292	42.4072	73.1143	75.7982	76.3743	69.1272	56.1318	58.0196	68.7287	74.2637	72.412	70.8976	69.9609	60.958	26.1674	51.367	57.5861	60.0438	67.1881	75.4244	71.1688	54.7377	57.266	53.7938	53.9341	50.9329	30.4174	61.6372	59.6651	64.5302	64.9116	21.067	68.4661	73.2034	71.6063	75.8334	71.3503	33.6727	46.1113	55.506	60.4642	60.5238	66.5238	73.7075	75.8367	75.703	75.4474	71.5362	66.802	63.624	61.1071	67.1616	68.1003	70.5171	41.1319	72.332	48.5866	60.4781	62.5953	30.3918	67.2445	57.5727	28.9579	25.6689	12.8962	33.1602	54.011	62.1849	63.8891	63.7216	60.6212
59.7851	69.7689	71.0388	56.3562	39.0054	76.6575	77.5433	14.2809	42.9742	49.7755	69.1604	74.0198	73.903	72.4528	67.9862	26.2584	65.2276	72.5521	73.6428	65.6459	56.6778	59.6748	70.3895	69.0648	45.4302	66.5298	75.5845	51.6258	70.6277	68.6303	66.8779	67.1517	48.949	71.9096	70.1313	8.63428	57.3019	24.1795	45.0207	59.7901	67.0433	65.8618	49.2287	56.6823	8.92787	74.9632	64.2277	57.8137	60.5714	62.6464	58.7187	68.9498	41.0961	63.3693	46.38	59.3577	61.4285	67.3545	64.6033	66.7274	52.4801	62.3837	71.6551	77.3224	66.2736	71.7757	75.7914	72.1917	67.5563	56.8419	44.519	59.361	71.1834	60.3324	52.7501	58.0344	54.6943	65.3031	53.5274	31.6097	55.2746	69.31	68.1196	69.3159	71.5092	74.6006	78.1756	77.3145	73.4094	55.3531	64.3841	76.9412	64.761	67.9564	72.8465	65.602	57.2827	58.1823	53.3606	54.2434	66.8179	59.7855	49.3743	56.438	71.3748	71.1114	50.994	52.2285	56.9605	47.5539	48.2178	53.0524	48.8116	63.9797	64.1745	64.8856	69.6209	73.5439	46.4198	74.31	69.4717	58.6242	72.2632	54.2064	46.3511	44.1293	54.4228	41.432	28.2398	53.2061	61.7745	64.7039	57.8427	72.3068	75.5757	76.2522	72.8084	47.8907	29.0064	65.8525	78.2176	80.3099	79.4737	77.5404	74.4298	63.1982	72.4636	71.3555	3.75501	66.4124	69.1914	66.969	67.6102	56.0508	70.8682	48.3758	75.7515	59.8435	54.3707	46.8063	43.4233	63.1611	75.0582	76.8482	73.6437	72.7269	48.9973	75.2444	76.3586	76.8142	79.3571	71.4279	65.907	72.9751	56.4316	65.5398	72.3012	72.7433	44.722	75.0393	76.2863	75.0696	76.1766	74.569	74.9679	76.4509	55.6589	59.6882	64.154	53.7703	17.6586	26.0141	17.3434	43.2593	62.7427	65.4493	67.2375	59.8541	31.6746	18.9962	15.4109	42.7475	67.1691	72.682	74.3541	74.6811	69.9718	55.5998	37.4938	31.914	53.9732	31.9674	56.3153	36.0213	18.9879	41.8674	66.611	54.9092	65.7353	73.2589	72.0153	55.3726	14.6442	15.3616	18.9815	45.8622	49.3569	21.4249	54.5507	68.2973	70.4279	67.8682	58.2746	39.3876	14.281	12.1309	58.8683	73.9522	76.3216	67.8644	58.7819	52.6715	59.785	38.8409	59.9891	66.364	27.8132	46.2641	58.3747	60.4039	50.2862	27.4373	55.0951	60.2283	48.2801	35.3428
63.5328	67.6768	69.4355	67.0763	51.1754	76.8507	75.5639	39.7479	66.8678	69.8891	69.3519	70.3557	71.2194	66.4877	24.6026	56.7695	59.7871	67.2136	64.7214	71.5515	45.8666	67.9161	55.843	71.4704	70.7199	53.5652	71.5392	74.3992	51.1564	63.5732	72.0151	74.7291	71.7866	45.2539	75.7809	55.6302	57.3384	53.5962	42.4369	42.406	54.9511	61.0435	70.6976	65.7149	13.6688	68.6624	62.0938	64.4347	60.6065	51.7146	47.4231	61.0897	25.3003	59.3338	56.5201	61.5207	63.8511	64.2381	52.4433	71.1742	71.8253	71.4008	67.1675	73.3023	66.5282	61.6611	71.6583	64.0551	73.6665	75.0521	73.3673	74.5822	70.3533	49.8641	48.5699	69.3863	52.9034	66.1961	64.2634	27.5217	31.4142	63.9449	65.2872	65.9676	75.4318	79.0212	78.7511	71.6606	49.4186	63.7775	75.5654	73.4973	52.7047	61.3122	69.9366	67.418	39.9595	28.0592	58.6759	57.0004	35.5738	59.53	60.5671	55.4041	68.1281	69.4184	59.073	56.3101	59.3402	40.1431	50.5699	18.3952	33.9801	52.8959	26.88	46.9977	63.5721	77.6851	69.1363	62.1181	52.9471	59.4054	70.773	58.0399	40.8157	49.0423	29.0606	44.3	12.9423	61.636	39.9583	51.0272	64.1745	71.2145	71.3591	73.3223	75.7982	76.0371	71.0098	57.2452	64.3919	76.2491	78.9035	79.5662	78.9498	74.3497	64.2468	73.3202	25.018	73.7582	69.1397	44.5023	56.8322	72.8302	71.9702	62.6222	75.4028	71.2557	60.8916	62.6005	53.7877	47.5122	66.4459	75.637	75.0855	75.5632	60.4956	65.6564	73.6948	76.288	73.4719	71.5697	73.1993	58.5325	72.8627	70.1454	64.8641	74.4782	63.7076	71.2153	78.2539	80.0297	80.7027	80.6621	78.9603	74.2203	57.0668	8.5869	32.4399	48.4736	50.1232	41.6801	30.9909	49.8024	57.784	40.5132	34.7571	59.2611	67.4438	65.2708	51.6829	8.20274	61.6761	73.4197	76.7802	77.2297	75.8491	72.9676	69.2254	61.1135	50.0785	62.3205	72.7628	71.8523	71.6551	66.013	49.6875	71.3663	59.5301	54.1448	39.3244	8.35341	37.5773	50.6665	63.3063	69.5106	71.057	69.3143	59.6407	39.7274	29.886	37.3897	43.9952	60.4352	69.2732	69.2553	54.5497	55.8384	76.3056	76.9873	55.1821	40.1948	49.9206	42.3014	65.8403	2.83066	46.9211	46.9844	50.654	56.6172	54.2293	66.0148	73.8002	73.5401	70.1126	47.9536
40.8483	26.0271	56.5943	64.9748	55.3715	74.721	68.5427	54.0061	66.9375	30.9358	53.8764	62.6225	46.1279	46.7265	63.9107	54.2318	27.2364	67.896	54.9101	70.846	49.829	70.3303	55.9456	56.8335	66.2082	66.9155	48.5402	74.7367	38.7298	57.5308	65.136	45.3617	75.3156	53.3713	73.4323	69.6444	38.5619	64.3865	48.3616	52.4187	61.7228	57.9574	70.9076	73.9966	54.7819	52.855	51.8339	33.9052	41.182	38.2058	43.6247	49.3857	27.3953	42.5004	18.3685	32.815	55.2845	47.3663	4.47982	74.426	73.8206	62.7135	64.5566	74.8268	69.8477	60.8625	70.9531	65.0174	75.9901	70.6834	24.408	62.5036	56.626	41.5454	37.1004	70.4044	60.1728	57.3616	69.0639	61.3681	30.8777	68.2513	73.4968	64.509	69.2542	71.5321	53.1276	64.755	74.7638	71.7838	71.7321	58.9231	17.6018	66.2924	42.6628	68.7947	62.697	58.2925	50.4566	48.2971	38.4741	50.4513	45.5374	71.1749	63.308	58.368	66.2979	57.7676	61.6241	39.1485	60.0794	31.6449	40.2721	65.0978	53.706	51.5248	65.72	78.9743	65.512	70.1884	65.7444	54.2823	68.9273	60.5905	39.9327	58.8063	49.8888	62.9016	62.7579	65.1261	19.3902	31.9374	45.7731	62.5518	62.0887	60.1265	63.2581	71.1799	70.3766	74.2394	70.798	62.4725	47.4779	14.5825	63.0617	72.8247	45.2768	72.635	35.1715	75.2898	64.0256	65.9582	75.4588	74.161	70.8155	57.4405	72.1987	70.4994	75.7286	76.3975	75.8289	76.4092	63.1097	54.463	70.4086	74.1673	71.3258	42.8043	64.7824	53.1654	56.689	71.6026	71.2727	76.5299	76.9349	76.8618	72.6754	72.5829	71.3765	59.0569	69.2947	70.4104	65.8077	61.6343	60.7179	44.1708	24.448	61.8345	69.9755	69.0802	62.5098	50.0666	36.235	63.8123	68.0984	67.3831	64.0791	70.6445	70.657	70.768	68.6648	57.6733	9.45954	47.6654	62.8141	69.1116	70.6438	69.1585	70.26	73.141	72.9843	71.8546	72.2113	63.7611	63.9252	70.1406	68.6899	71.6466	64.1304	16.7744	25.9099	26.8446	29.0459	44.653	63.8631	67.8749	68.3003	70.8557	69.6804	67.6904	72.0979	72.7807	67.3201	65.5796	70.8267	68.8401	72.7025	61.7872	49.6621	74.2968	75.543	68.3479	25.3132	58.1302	51.9255	59.0105	43.0253	28.0324	28.6627	64.1112	15.4199	71.7594	52.9802	70.9393	71.5382	22.0697
39.4708	30.4342	51.9184	64.0942	40.4457	68.1852	63.3817	45.8078	59.1159	47.7381	52.3184	66.6018	49.3584	49.4169	56.4384	41.8045	41.9164	58.1152	31.7917	65.9604	56.7893	69.1995	52.162	54.6121	68.0406	45.9032	55.026	65.2212	69.9831	43.331	58.1676	54.9952	75.4278	68.199	69.0601	71.5422	23.3374	69.8079	57.5162	41.7367	52.8826	55.8878	66.9331	75.9072	73.1931	55.1698	45.6535	32.6071	44.0277	10.5636	48.0271	44.8768	19.5455	62.6797	64.186	61.5508	24.6985	36.2802	51.3703	72.1677	66.2594	69.4114	70.4662	77.8001	73.2328	51.1698	68.6994	66.6834	76.3697	74.9952	63.6658	63.2146	63.3694	60.7564	9.6512	65.7647	67.5546	40.0043	65.3005	73.0034	72.5809	75.1499	78.2392	71.1452	67.9772	55.998	61.5777	74.6898	72.6487	66.1578	63.1701	18.0775	49.5616	68.1982	38.6904	68.8879	49.3584	55.234	59.8571	62.7547	59.3497	54.6369	50.682	69.3084	69.1976	48.7747	70.847	66.4101	62.3401	47.4287	57.6009	50.8403	20.8055	66.1263	50.0098	65.4283	72.0402	77.053	33.8923	73.5954	61.333	60.7995	68.7316	46.9175	55.289	58.1838	52.9873	57.5498	69.025	67.9659	59.9209	54.189	45.0704	56.873	58.1582	43.9766	54.274	67.4876	65.7678	70.0986	73.728	75.8267	76.4444	74.1241	53.4196	66.5512	45.4246	69.7962	17.3526	73.1911	69.6906	73.6639	75.3754	71.3544	69.6052	63.7737	70.5428	73.1668	76.2465	74.0173	73.074	75.2065	75.9291	34.5263	71.1827	74.8078	75.7823	57.624	49.648	52.1251	65.0204	68.4781	75.822	76.4956	74.7412	74.7471	74.1958	71.5588	71.5703	53.0657	40.9731	35.6334	14.7251	42.4203	58.3647	66.2074	69.703	72.8498	75.3168	73.7502	72.0846	64.9558	54.8777	64.9023	67.5659	53.0481	61.6084	71.3962	66.4571	70.365	71.8316	71.291	58.9392	9.09899	47.6247	64.0141	69.3579	70.4284	71.5636	74.1366	75.5229	73.67	70.0468	62.8807	60.9333	68.584	70.9886	68.047	53.9915	10.9749	27.4836	29.8763	31.595	48.4792	66.9644	69.5673	58.0963	66.687	66.8069	62.9235	72.7915	73.0442	69.41	42.0309	68.4145	31.062	70.6447	66.895	46.2341	47.5381	72.6314	76.7745	70.7515	9.35072	61.1557	63.7593	57.3504	59.0592	46.3299	53.7117	53.5499	69.6741	5.56224	73.0422	69.3265	49.0525
37.6821	31.753	39.8448	57.068	43.8889	59.2838	61.5799	33.6317	50.3151	55.5759	37.2833	65.1183	46.3629	53.7841	51.8358	53.249	56.7125	57.9481	51.1461	65.2458	56.8078	67.1787	42.6083	62.8467	62.761	62.8648	65.2821	26.0026	73.9154	55.8607	52.925	46.991	74.5414	70.8703	66.5661	72.9849	37.6191	68.7736	57.382	69.6825	72.7862	71.8863	40.5699	73.4549	75.3967	73.077	61.1177	57.5363	65.7274	68.6101	60.0665	45.796	42.0528	70.2336	54.7489	71.1696	49.5602	23.6893	65.3921	64.0538	59.9073	62.3151	69.1319	78.2021	74.9199	21.6934	66.1779	70.141	74.2042	70.7258	62.8794	61.9262	59.5659	54.579	51.5002	50.4659	50.1167	71.6003	62.6506	69.5272	75.803	76.6321	78.0455	65.9279	41.1504	51.7616	74.5299	74.8976	69.5829	62.89	31.8768	54.07	44.7097	71.1194	27.8682	67.8571	53.3031	50.8655	55.6945	70.0471	65.8741	52.3135	52.8969	66.3069	70.9588	35.9577	68.75	75.4457	72.5639	67.0676	52.0855	64.9669	41.7995	67.5142	51.4189	58.9088	69.0511	71.465	30.5202	73.5152	63.7837	58.3981	62.2665	28.9035	60.49	42.107	54.3362	55.8569	32.1633	51.483	72.3688	69.991	51.0543	29.5576	48.5301	32.3766	42.9334	63.9006	63.5416	65.8794	69.081	65.7207	63.6766	65.2753	63.5709	54.5719	66.9395	65.1698	46.9811	68.712	74.8737	75.3341	71.3592	61.1278	66.6815	69.8947	74.6539	76.1859	74.8908	71.4342	71.558	74.1106	79.0848	72.357	64.0995	71.9062	75.7596	69.3163	2.11394	51.6184	66.4344	68.0035	63.2223	56.1915	58.0092	62.9215	68.8343	67.5698	63.365	31.1053	6.65816	6.88584	44.9142	66.7398	73.7113	76.2284	76.0655	74.0337	73.5148	69.1611	73.9092	68.7105	64.5015	52.8404	70.5411	44.9916	61.3179	70.9884	61.9533	68.4288	71.1132	74.8552	73.0436	55.9528	16.0379	43.2222	57.7038	62.312	64.4757	67.7711	70.6923	70.7485	67.1783	59.0227	48.4661	50.133	50.3781	39.2614	16.7649	7.80009	21.3901	23.4844	26.6972	45.6301	66.693	75.3597	64.1287	58.3927	69.4732	56.3128	68.1602	58.4497	72.2051	22.6337	67.3356	22.9592	62.8331	60.8981	64.1076	49.7605	48.0763	70.5443	75.3533	70.2988	49.0041	43.0762	22.8115	49.957	67.1843	62.0698	61.9246	62.2431	47.8617	72.7592	63.8091	63.1853
34.7628	27.4545	39.2294	53.2391	47.5028	55.5765	58.487	27.7031	51.422	51.5808	36.7725	58.9011	52.5083	55.1269	55.9242	53.8927	25.6017	17.5491	22.5153	57.5443	60.978	57.5967	27.5002	54.4559	66.0949	65.3156	63.3257	70.1795	59.5806	71.7892	68.1368	56.4678	70.2895	70.1029	62.0625	73.7698	38.5122	64.7801	43.0019	24.0613	58.5289	74.3782	68.7719	64.73	74.6432	76.5603	74.3406	71.177	72.1063	76.0497	76.8595	75.4949	66.6651	73.7524	53.6473	72.7965	67.2042	37.3347	65.1798	62.6353	42.9814	68.2367	74.1942	76.1939	73.1957	41.4865	64.8509	75.2414	74.8946	69.186	56.5414	50.1633	46.9771	33.2141	70.3961	70.6245	65.0056	58.824	75.6938	62.7962	67.8247	74.2431	71.6331	37.116	65.0634	70.7096	75.164	73.3919	67.1136	22.1522	52.6528	60.6884	47.5153	73.4941	41.8122	63.7646	53.4615	58.0849	39.6703	72.272	71.1222	40.8753	54.8917	63.2482	68.0754	65.3779	34.9989	72.3666	74.1642	65.6407	69.2271	67.386	57.3622	67.7732	61.9901	50.7669	66.3136	58.89	60.5629	72.1956	58.6461	55.4502	57.7278	43.5423	56.4652	39.9776	47.8023	52.6254	57.1692	56.5423	75.0892	75.0116	53.7423	58.2517	41.4715	14.1853	39.1481	35.2409	55.3755	54.7294	56.2471	68.737	74.6399	73.6943	73.0953	66.0188	70.3217	68.3543	61.1294	58.6375	58.964	44.9895	17.7277	20.5549	39.8028	56.2436	52.0689	47.0375	24.2757	6.19983	30.5193	66.4647	79.1199	78.3048	73.5818	76.3498	73.759	64.9868	35.3536	20.8657	35.0476	45.6402	65.332	69.0703	62.6352	34.8815	31.4446	47.4567	35.0055	1.61868	20.663	18.9204	40.1148	70.6426	72.3979	69.115	69.9106	70.1713	68.1764	57.9775	72.4727	70.3751	69.4762	31.4098	71.6148	68.2472	65.3634	68.4129	57.2932	63.8775	63.8382	70.7718	75.216	67.141	30.9073	15.2374	13.0649	22.4223	24.1743	29.8185	39.2779	45.3114	41.9026	25.7407	4.46837	20.0737	33.8753	36.1063	35.5187	32.4269	19.338	9.41239	18.2181	34.1313	57.1517	75.6345	75.1302	36.7145	63.1112	52.6002	59.0702	40.3648	72.5828	23.3649	62.4352	16.7848	46.9793	53.5633	64.6794	66.4407	21.764	42.2166	69.2381	74.5295	74.6106	73.6537	72.398	64.6366	43.1925	67.551	56.8938	51.9551	62.6236	72.4339	52.7448	68.44
37.6013	28.025	44.2931	52.3278	37.0224	51.8169	51.8636	37.9964	53.2061	40.7624	27.7176	38.0928	58.8179	56.9035	50.1249	13.1386	58.0758	63.7009	63.097	30.6295	10.7644	42.2691	59.2588	45.9145	29.7755	32.765	35.2633	72.7948	43.6454	64.7387	67.9606	58.2645	54.8496	69.5299	51.8274	73.9697	22.4198	63.9451	43.6449	63.3198	70.7437	73.555	69.111	34.2803	60.4162	72.9278	75.3267	73.4512	73.5821	74.1346	75.5675	77.3327	74.7522	73.9665	62.7244	72.5895	70.3543	62.1763	45.5958	69.6671	67.0601	67.3193	66.9313	67.4597	71.8882	65.1157	42.8938	74.9748	78.5289	76.7203	75.1043	74.2299	68.0708	63.4618	74.2072	70.6493	75.556	68.0891	71.3137	73.37	57.3672	64.3345	12.1853	70.9143	71.3442	69.2418	73.8379	68.6748	32.2449	66.8579	65.392	53.822	50.9501	72.7976	59.6757	48.3773	52.6032	59.8357	60.236	69.9855	75.3059	27.2253	59.1348	55.5734	64.5482	71.6472	66.5788	58.1488	69.4736	59.5454	73.0221	70.8673	65.0043	70.9425	64.1019	63.1276	68.9685	44.8284	71.9089	68.8925	29.4228	52.1662	63.2991	41.1249	35.0696	52.7892	37.9919	37.3716	62.834	66.5958	72.013	76.5707	74.3187	72.9555	70.4887	63.0559	68.9954	67.0988	37.2254	66.9901	73.8648	76.7034	77.1301	72.6854	63.7506	27.6768	29.5938	22.2878	41.6287	59.7478	68.2793	70.8628	70.6364	67.7491	61.3431	67.2809	70.1222	70.6648	73.4207	74.8767	72.4571	53.9049	69.9511	77.3983	77.3241	77.1213	70.6475	56.6892	34.4024	6.21119	46.0151	73.0049	76.8318	77.2099	76.7457	72.8162	60.5933	34.369	29.126	42.7583	53.901	49.032	12.7796	69.0248	76.6573	72.7301	64.6531	54.0548	51.4861	51.5268	68.1467	71.3529	71.4144	17.8759	70.7358	72.4926	57.1381	54.2302	38.8734	43.5677	55.7669	65.3386	73.3759	66.1547	51.7094	48.1322	44.2926	42.7225	30.9115	12.63	12.1853	28.846	43.3439	50.8896	53.7944	56.2595	63.811	67.5331	68.1218	66.4777	59.3333	31.01	6.06526	16.5159	41.4243	73.041	76.0993	65.7071	21.5767	64.0411	23.4342	41.4734	68.8951	21.8077	63.5274	29.0524	24.4168	41.558	63.893	69.4906	49.5028	18.3048	38.8028	57.8309	65.2236	66.1758	67.2899	74.1065	62.0911	59.53	47.3998	45.0155	67.2264	72.9531	32.9482	71.1436
52.5882	33.2483	48.1339	49.4052	30.9999	36.9039	29.5129	44.6682	5.56013	24.746	18.3162	36.251	39.395	31.3807	16.763	48.7943	63.304	59.2298	68.5274	66.2264	68.3824	69.036	65.6332	66.0421	69.4645	69.6045	60.6038	58.5262	64.669	44.1364	63.6854	60.4321	33.6646	65.5686	37.9603	71.5951	32.9071	66.5861	50.9181	61.871	64.5896	53.7339	60.4364	64.2625	54.6604	9.64756	64.7012	72.6318	72.9562	70.5956	72.4946	76.0725	75.4406	72.752	64.3667	73.762	66.96	62.1847	23.004	67.7155	74.0646	69.8345	67.9062	70.7044	73.9147	70.7906	47.8897	58.5247	76.8254	76.9713	73.2724	74.6105	70.1686	69.5995	75.9289	68.9282	74.2507	74.1862	71.2177	74.836	69.9853	50.1113	63.0345	73.8557	72.1873	71.6694	69.2662	38.9509	65.3886	73.2966	67.3614	55.5378	59.3286	70.9333	71.7775	11.3523	58.3375	59.51	66.1325	63.21	75.6721	61.8511	68.5267	56.6113	44.8734	70.9891	72.8899	37.8084	67.734	65.6886	73.857	74.9116	67.2387	73.8989	67.3075	68.0495	68.7035	60.9539	74.7266	61.8347	62.2478	61.0296	65.0536	59.9871	37.7112	62.7412	52.5924	46.3321	64.9032	70.1495	57.6485	73.7423	73.1061	70.566	74.598	71.8598	73.0555	74.7333	69.9528	69.2518	76.5622	74.9643	67.6911	13.5351	44.5451	64.5257	71.8859	74.9495	75.6315	76.2695	77.6182	77.5009	75.2207	73.0748	71.1137	76.4209	75.5522	75.0574	76.7577	75.4554	75.4916	73.3721	42.6049	64.3835	71.1099	61.4058	16.0679	19.4578	37.7453	44.4495	49.3085	76.6829	77.1015	71.7615	75.3743	75.9119	71.6944	64.8593	65.6824	68.4446	69.8597	68.1135	62.6975	36.8576	73.7761	74.549	71.1739	70.7937	50.2469	56.1769	68.6928	71.2246	68.4603	44.6319	65.0876	75.7841	74.7997	73.4605	71.6085	54.5909	58.4017	63.4448	68.8414	62.7754	58.6741	58.0975	58.8762	61.495	58.9437	39.4136	42.9749	63.6583	70.567	71.715	70.101	64.5162	68.6582	73.2388	74.5878	71.9658	69.9723	52.6443	19.3538	12.8115	20.1785	69.9883	74.3819	69.1238	64.1288	40.4907	58.3911	42.9893	63.5388	42.6879	66.2465	46.5798	22.5075	49.5445	65.7535	71.0986	55.2316	42.6486	50.303	31.5896	29.749	50.1629	54.7033	66.8567	69.6802	19.0532	48.2283	7.83843	70.2323	71.2802	22.8542	73.7417
53.4193	28.0008	48.9165	40.6826	40.6413	19.9145	6.91175	41.3756	30.8337	22.0322	12.8164	33.9944	35.5783	52.2222	58.5809	64.1944	64.1605	42.7083	61.3972	67.3906	71.383	63.9245	59.0359	52.8616	29.733	31.0933	52.059	30.3408	67.1927	63.5655	55.3208	56.4512	8.42462	58.086	59.1994	63.5534	17.1997	64.3558	56.1856	54.5192	50.5931	69.3595	72.529	73.4981	74.9401	75.1736	65.8864	23.6536	45.2353	64.6055	59.4122	26.7466	64.686	72.1211	75.0135	77.9991	73.8256	75.7729	76.9241	64.6812	62.5839	71.7424	73.2845	75.8801	78.5373	78.7715	79.3019	75.5698	43.29	69.4774	75.9462	77.6961	77.4783	75.2166	76.7723	73.5665	76.4153	78.2943	76.9612	77.2633	66.4102	51.2379	74.1345	71.6398	64.376	56.9249	68.0776	73.5736	73.4029	69.5175	64.9334	65.4739	70.6055	72.6937	77.2452	66.763	61.7364	65.8426	71.5624	68.2325	76.913	79.1071	80.1776	80.3649	80.7028	79.3224	74.8098	56.6566	64.6815	71.2753	75.8386	76.7036	69.8912	76.1165	72.699	72.6563	66.5463	68.308	77.6493	80.1533	79.9645	76.9336	73.2211	69.2762	54.2931	56.9476	57.9218	65.9655	72.9658	75.5015	71.2365	77.1318	78.3145	77.4021	79.6384	79.8279	77.4601	76.9608	77.6232	75.9362	76.7287	70.6294	50.7624	72.7275	77.4539	79.337	79.6492	79.7635	78.92	76.0427	76.5748	77.1973	76.9781	75.6978	71.9571	77.8894	76.2997	76.8151	77.104	73.5661	74.668	77.3043	76.6841	68.2735	55.9304	53.4667	66.7136	72.3323	75.3327	75.0118	65.7875	75.7046	78.8062	57.7892	72.8033	77.2503	77.555	78.6747	78.9047	79.0781	76.8424	73.7099	71.1164	40.6698	65.9206	72.8858	70.6885	73.5214	67.0204	59.1073	74.1396	61.2754	64.1575	70.908	37.0539	65.2563	74.0886	77.1674	78.5083	75.8401	55.8016	50.6976	72.1022	73.5866	71.4699	68.0284	66.1841	63.8741	64.9555	48.4864	66.6623	74.9885	77.6267	77.9188	76.8827	73.1795	69.1007	74.5009	71.8401	71.2856	74.2312	60.4609	39.2163	47.9963	38.7655	61.3324	71.876	71.3748	73.798	59.7058	44.5354	52.9619	61.7792	49.2737	66.9699	51.095	55.7785	24.9922	67.9878	69.754	36.3046	70.9757	72.4792	72.2032	63.9069	26.375	67.2798	57.8701	56.474	69.8492	30.5921	55.0266	69.763	66.952	48.4486	72.9311
24.1516	46.8062	42.5139	15.9298	30.4044	17.4815	38.6714	44.6634	19.6418	7.81224	25.7805	46.3018	57.1034	61.8048	61.9273	55.353	17.9427	56.0075	48.7473	40.7762	52.7811	57.1944	63.1838	59.5989	66.2851	66.751	61.9511	57.9703	51.6316	60.5994	60.4505	54.0573	22.3633	26.0387	30.4294	47.3255	27.4559	63.1549	60.9862	44.8306	68.2493	72.0068	72.0998	72.0949	72.3844	75.9706	75.3004	58.8969	72.9308	74.8313	73.123	64.581	55.7991	54.296	71.8253	79.3235	79.8835	79.2769	79.2387	77.4479	59.9092	38.6798	65.5704	72.03	76.7596	77.8587	79.1123	79.2675	77.2212	58.8487	71.7944	77.2847	78.2266	78.2155	78.3213	75.2004	74.4989	77.287	76.0474	71.3113	55.6317	72.0302	70.5298	55.9528	71.5384	77.5713	79.045	78.5005	75.3986	67.6142	66.1642	70.3431	69.3021	68.5171	74.5243	74.8349	75.7109	75.783	75.4682	72.89	77.3823	79.8205	79.9261	80.0346	80.6859	80.4485	77.8779	72.6038	68.8838	69.6221	75.9704	77.9225	73.9386	77.2425	73.6551	69.991	63.849	68.4992	76.1299	77.922	78.0711	79.3031	78.5503	71.8421	75.0131	75.8714	74.9084	77.94	79.4643	78.6343	74.9398	75.0071	75.3031	74.0938	75.3649	75.3224	73.9652	76.1099	78.7331	78.7538	75.8617	62.8606	51.7297	71.339	75.0625	77.2752	77.2738	76.888	75.8599	73.1934	70.7215	68.5037	74.4109	76.0514	66.1586	76.4231	69.14	71.3025	68.3516	70.7519	67.4488	73.3932	75.4049	72.288	66.4465	58.9033	73.2065	74.7244	75.2905	74.0567	73.2498	68.9056	79.0457	69.3595	62.3033	74.1762	76.3855	77.8268	76.2061	72.4857	66.7879	73.6208	70.821	51.6846	62.2212	72.5293	67.747	69.2178	70.5882	53.1641	74.6411	48.2095	68.1668	75.4586	73.6903	53.4663	25.8222	61.2329	73.0689	76.702	73.3779	62.5198	66.4485	73.4641	72.1403	68.1209	67.4166	66.7219	70.5423	48.7434	67.7791	74.4925	75.3851	71.088	71.1811	72.5367	64.6432	73.9717	52.4353	68.7944	75.524	65.1956	56.6464	58.9649	63.7089	18.8825	63.4564	69.5557	73.2246	70.1108	36.6379	46.3446	40.987	29.1644	62.9929	40.8081	62.7991	61.5205	66.0245	52.2341	68.2241	75.5202	70.7472	72.989	72.6305	64.803	70.965	52.19	42.2299	74.419	65.189	39.2582	67.9316	68.4473	43.5808	66.3231
44.3715	62.5072	62.2815	55.193	44.8773	42.8526	35.9206	24.0513	29.5164	11.4686	9.88617	27.0522	40.3208	50.3795	9.49437	49.4238	65.7411	70.3284	70.5124	69.0842	63.4177	23.8425	56.413	71.9735	74.8119	19.2958	32.043	55.2708	57.9554	37.1843	40.1758	21.8076	38.3334	50.4821	51.6514	54.3854	23.6597	62.3251	59.7929	38.4738	68.4331	46.9795	56.9302	44.9812	54.7005	74.0525	72.2822	59.8539	73.7318	64.2042	69.2398	69.6524	67.0823	67.8781	38.3197	66.2866	74.1406	69.9938	71.5903	76.5839	74.5045	65.258	46.7671	60.9139	64.542	57.5372	61.2843	60.7775	74.7372	75.3117	32.8833	61.9642	70.3855	73.7771	71.9549	58.0345	31.4485	44.6636	52.7432	45.6228	55.0145	74.8408	76.5128	75.9051	75.7952	75.3547	75.2062	75.6647	76.6278	75.8008	73.7325	68.5309	59.4407	70.2304	66.7303	71.0716	73.4649	71.0211	68.5975	67.1195	74.3755	75.881	72.2448	64.2788	45.8249	31.4024	44.8099	61.3562	65.1693	61.4801	71.3795	77.543	74.1105	74.1937	63.5059	55.2931	59.2279	60.589	48.3386	39.0667	51.2444	76.9377	78.5852	75.6011	78.3217	78.3619	77.743	77.6554	75.3879	61.9124	33.0033	16.7938	38.6083	57.3393	64.5871	62.6479	44.4366	25.8226	38.2822	54.6221	54.3768	46.7252	65.6448	73.6412	76.2893	73.7184	59.9484	59.0298	27.5666	56.8953	54.8078	58.3004	62.9459	75.8144	21.8999	73.6745	33.4476	48.4336	19.3704	63.0893	45.2877	68.0279	67.7436	67.4662	58.6058	60.2658	74.7609	68.5233	63.1705	64.6188	75.0754	56.5619	77.9988	74.3368	5.42537	56.2989	12.004	46.7038	57.9798	67.2912	75.3	76.218	68.5467	45.7596	65.1612	74.9145	71.3247	69.909	68.2349	48.6926	72.9632	35.4804	52.877	64.8115	74.622	74.0031	71.3224	61.6091	18.772	66.2044	74.4172	75.722	58.4279	53.1909	68.6595	57.4749	65.0958	69.203	74.4687	53.0658	65.5967	73.5278	73.0811	29.8189	54.129	68.8873	59.6511	70.3297	58.3406	66.3798	75.3953	66.4086	65.4941	63.3459	68.5224	64.2308	10.8043	59.8402	69.4729	72.9861	66.1256	64.7311	57.5304	45.371	60.1309	55.4965	63.3931	53.9859	66.3919	54.0438	76.0211	70.7738	50.5893	57.7357	70.1738	69.6175	68.9438	59.0332	57.5479	62.5428	68.9265	57.2253	45.7056	66.4836	61.3834	59.6754
59.2591	65.0623	62.1787	68.0402	66.2987	64.8752	60.3991	57.1112	60.528	56.4948	33.1367	40.8801	52.1077	47.8757	54.8781	61.4274	60.3317	56.4255	56.779	66.0523	65.2172	65.9414	45.3096	73.2125	75.1799	69.079	71.3761	65.3968	50.7381	45.1559	49.1608	22.9164	57.4146	48.7959	46.9848	55.6898	42.805	56.7933	46.6145	53.9261	61.2632	6.74182	66.635	68.2209	62.2205	68.2109	61.7035	74.9822	76.7437	71.1288	74.1163	74.9917	74.9269	74.4662	73.699	52.7721	62.3325	67.7538	67.5385	73.992	75.4673	71.9179	71.3579	72.4747	75.1903	74.7715	73.7444	71.5075	73.0686	72.2634	59.761	38.7347	53.949	41.727	17.9819	57.1219	68.9346	65.7995	30.7151	38.5675	43.7928	65.7933	72.8344	74.5009	74.0977	72.436	70.1284	67.524	68.7793	71.4046	72.9762	69.5175	67.9948	75.1638	76.6009	76.0112	75.2147	74.6417	72.8406	70.2031	65.8662	50.9021	9.34845	54.4529	68.5409	69.1574	66.8007	63.7968	41.5401	38.2766	59.3144	72.7953	71.5228	66.1964	51.2055	50.6226	37.8118	31.0656	24.7907	21.0635	24.5269	72.6544	76.3046	77.8133	77.9638	77.2493	76.5934	74.244	61.756	41.9148	58.0477	59.9224	73.1144	76.0463	76.4024	73.3496	68.2763	72.0177	74.5129	73.2738	70.399	63.5243	35.3958	65.7155	76.844	77.2914	75.6135	76.1551	74.615	57.6938	25.6423	55.0418	53.896	75.1272	37.3918	66.7871	66.1495	59.5234	12.5503	57.2366	63.2542	58.4565	68.4986	74.449	43.9425	67.7668	75.9302	67.8286	62.8236	65.7777	75.8858	47.0572	77.0809	73.3432	12.1032	64.4239	68.0175	73.8386	74.1008	73.5435	72.1003	68.7661	56.1517	28.7784	66.1894	75.9153	72.3508	68.9559	63.1242	54.7078	71.5946	36.6974	53.1022	48.7963	70.4999	74.5124	74.6477	72.4999	55.6723	44.0412	72.1059	76.8599	74.9052	18.1569	71.6497	48.3352	67.4246	68.8146	76.2703	53.2377	66.7045	72.7856	71.5935	16.4182	52.0457	70.2803	55.0214	65.3879	63.7946	65.132	75.2623	64.0676	69.6626	70.7757	67.5418	74.2499	55.4389	43.0021	61.9023	68.7196	60.9927	17.4286	44.4684	56.6144	58.4771	32.215	46.909	58.5933	69.8095	35.6264	75.2561	65.0883	46.9412	65.1231	68.1016	67.9688	62.6974	70.3695	62.7297	55.3677	54.1512	45.6237	26.0897	28.1954	55.3799	64.0367
69.9685	70.3957	66.9709	70.0867	66.5902	65.019	61.6022	60.2702	51.6242	54.8141	59.5154	36.087	61.0627	61.3323	60.1331	62.0969	60.2659	53.9807	57.7354	62.334	67.3142	74.2108	72.8508	47.4521	73.3832	68.7945	40.477	61.5575	58.9847	57.024	47.1783	38.0318	64.8657	58.7294	57.9033	59.0897	19.9045	31.4772	54.0834	57.9073	27.5219	48.4812	66.9676	49.5021	66.7998	73.2957	67.8389	77.0975	74.4736	68.1345	70.8631	73.2102	74.9264	75.3365	78.3065	76.8748	53.9582	46.6841	68.8889	76.2509	79.0164	78.9585	78.5106	75.8887	75.8047	74.7599	76.5693	76.9621	75.6788	68.5835	27.0727	61.3895	71.9542	74.6405	76.0009	78.1209	79.8294	79.8763	77.8715	74.4477	74.8586	70.5502	44.2567	23.3655	38.3211	26.9159	57.7504	74.2897	77.0517	73.6218	53.4517	22.6653	51.077	66.0273	69.8931	64.4802	58.8431	56.9056	41.7038	42.6525	41.0388	68.7295	76.6059	79.4179	78.9728	76.5614	73.7126	75.9892	77.7856	76.8464	74.9801	54.2263	24.8902	33.6863	51.5053	61.2007	69.9533	68.5651	55.8783	21.3911	12.7726	58.6441	65.8551	57.494	28.5872	58.8074	65.6972	72.1641	76.7203	78.4938	77.1606	74.9891	76.6061	77.3617	77.5613	77.5843	66.1229	72.4297	76.7821	79.5093	78.8131	78.4271	78.0247	68.6188	63.9535	71.182	63.0388	68.1498	75.6911	78.0827	76.8988	74.9825	67.4967	59.6797	68.4991	59.1895	49.4555	68.0063	38.2933	61.257	65.2167	57.1496	72.7589	78.5462	65.1548	69.1988	74.4253	69.2758	55.7694	69.5308	76.2405	53.3824	73.4083	71.8186	46.9803	71.0238	64.0909	54.2419	61.0487	60.3438	68.7335	69.559	53.4468	23.6804	66.2326	76.4302	73.4107	70.5379	60.682	49.3372	70.19	53.1522	56.4508	53.3142	43.8758	65.7608	67.5192	68.4916	59.7027	2.63652	63.003	74.7363	78.8936	66.6745	70.5592	57.4601	68.219	68.1018	76.8586	49.4313	70.6567	71.7863	66.0348	36.5042	23.3428	67.5532	30.9502	56.8647	67.6759	70.0835	73.6973	45.4994	74.3797	73.2701	57.3513	75.3907	67.8523	12.5122	48.3028	62.8913	64.4354	55.0786	53.1475	48.8243	23.2476	15.117	28.2073	29.0914	70.7304	29.3249	73.2848	69.1599	51.4427	69.2375	59.3871	70.4469	44.7224	73.3952	37.3426	60.8846	59.7539	19.3465	49.0411	58.9366	61.521	63.9156
63.1428	65.3314	62.8934	64.522	62.0961	62.6963	54.1732	55.0366	48.1438	64.4476	68.1744	60.0377	61.4933	67.8145	48.1511	66.0659	55.2906	46.5354	55.6642	53.8113	47.7146	64.3626	70.18	64.684	53.8826	68.0281	64.8683	61.8666	48.9531	53.4319	27.4672	49.6591	67.6343	64.4912	56.8878	68.5475	48.4791	22.2261	57.8429	51.8867	50.6687	45.1399	52.5958	63.3021	65.6774	72.5709	63.6116	74.5334	68.106	53.2628	51.079	56.0255	69.9907	73.21	78.5354	79.9925	76.2113	67.0243	51.3039	70.6091	77.3087	77.9871	78.1224	76.6597	76.0185	74.4234	73.5401	71.0613	62.2556	26.6918	59.9358	71.0598	75.2681	78.2411	79.2433	79.5342	79.4526	79.9185	80.3532	80.5282	80.2728	78.3473	74.4672	71.8154	69.6339	52.248	72.1989	76.7361	78	79.2614	77.478	72.6025	68.0178	60.1539	57.3	66.0671	66.6674	65.125	67.7438	70.0262	61.9642	68.718	72.1093	75.1849	72.2925	74.1646	67.7728	73.5995	78.8535	80.6988	79.7866	76.4238	67.9444	73.4645	74.143	74.4494	76.6541	76.7363	73.4138	55.5283	51.4789	60.1391	53.7772	50.719	62.7982	65.3928	72.4475	75.6939	75.7555	74.6957	74.0746	75.1654	73.6402	75.8558	70.3947	79.316	68.8047	74.5137	75.0816	74.4955	76.2247	75.9303	77.1112	76.781	53.8678	72.8623	65.9102	61.9865	29.7103	56.5048	71.5567	75.079	73.7362	61.7403	65.7466	70.8743	57.1832	66.561	55.0092	63.6751	47.9661	65.5036	71.449	77.5619	67.4839	71.431	67.7004	70.9982	50.054	68.2128	75.3977	57.9731	64.5606	68.2608	66.3455	70.687	65.0113	70.6146	73.6005	73.9866	75.4892	76.4351	50.6414	21.756	69.8026	78.0689	71.963	65.0175	60.2152	15.9129	64.5187	62.6509	60.4638	34.5674	68.2898	75.574	71.0823	47.8926	57.1507	46.3637	36.3216	66.9844	78.9789	77.2011	60.6648	59.8021	61.9567	65.9622	75.2831	39.0868	71.3623	70.8184	55.9395	37.8442	38.8526	53.9316	27.508	56.7024	73.1672	73.7264	65.3871	51.6339	75.9548	66.8818	56.4656	72.7557	69.3402	46.5935	8.84427	49.2999	66.3926	71.387	73.1192	70.5301	62.6596	50.6927	26.6911	38.2108	66.6967	40.3146	70.5326	69.7519	42.5094	66.6552	66.1221	73.5476	68.0281	66.1916	67.0983	28.5303	41.1223	55.6167	57.4929	53.2133	66.8437	75.2635
49.9907	52.5163	26.0305	37.0062	59.7611	64.8942	54.7207	51.4816	61.8307	73.1717	72.6635	54.9916	49.9946	65.4468	42.8052	66.3389	40.8109	39.9153	34.9818	30.8135	48.6934	50.9794	56.7361	74.8919	51.9319	69.5903	70.5161	67.1555	52.8942	60.0361	29.3207	56.389	63.7763	67.1184	31.8818	68.1647	69.8491	60.6767	63.4323	8.44262	59.3076	51.1438	60.9377	40.5366	27.7536	68.1049	40.1585	66.0682	58.8338	40.3105	42.9026	42.0719	54.2142	17.9853	68.596	75.1171	68.9064	72.9511	66.4599	32.5324	55.1216	63.0835	68.1893	69.2573	70.4578	62.6299	21.3723	50.0572	59.9385	45.9244	56.1768	65.5593	70.9545	68.7928	53.9271	63.2522	63.124	65.5931	70.7877	70.7488	66.8615	70.8999	69.0822	72.769	73.0771	61.7289	67.0589	77.194	68.5124	27.3877	67.942	74.5129	72.9705	69.1677	57.2575	69.1996	65.9465	71.0824	71.5378	71.1314	69.8541	55.5859	71.3676	72.8325	36.3175	70.3401	50.9582	67.3887	66.8553	68.1478	77.681	77.527	71.4823	73.8011	73.8345	71.6092	70.6982	72.9759	76.3038	58.6104	60.9394	67.6482	68.0115	56.4418	40.5654	66.8913	72.1394	72.204	72.7599	73.5845	67.2358	29.1233	61.046	71.5295	19.8847	78.2559	66.8592	73.042	72.9875	24.0355	63.731	62.8989	71.0674	76.5039	19.2056	75.5288	67.5209	73.5839	76.0651	73.5249	70.7793	64.9312	57.4751	74.1583	58.4082	54.3352	65.1533	54.4447	47.6335	48.0057	58.1394	38.6826	71.5945	72.536	60.0355	69.0539	63.7079	68.3628	45.9051	66.0134	72.9387	58.3404	62.0396	58.9718	66.4673	62.2004	26.6364	25.9937	51.9864	16.5121	77.4676	77.7601	36.4961	14.223	72.1301	77.2813	65.2626	68.0347	70.058	59.8012	43.4562	66.7551	59.217	52.3276	75.4017	72.0761	28.5331	69.7129	72.4636	68.4909	8.64585	54.1095	78.2892	79.3408	39.9644	53.0961	39.135	57.6263	70.5394	60.7722	62.5685	73.3172	62.7529	27.3689	33.1859	31.4161	60.1415	73.6658	72.146	65.6979	9.83628	70.1257	75.2716	48.8817	64.0096	64.8759	67.928	63.8593	55.0279	35.6271	24.675	54.3354	65.7565	65.6993	65.6366	58.8597	19.5721	9.49122	62.8487	51.5729	59.3132	70.5208	55.1412	38.0267	33.7039	61.6366	72.5795	41.4327	69.2189	52.041	22.8065	64.1369	65.134	41.8352	54.1286	62.6153
48.5409	60.0628	51.8922	16.8036	49.1842	60.3923	45.9671	42.654	61.7285	76.4077	75.9263	15.7419	56.442	59.6945	45.4922	57.3194	21.9665	43.425	28.2387	16.4936	63.4081	27.5421	50.5676	77.4652	63.0575	65.6431	72.4003	70.9287	56.2617	64.0345	34.8882	59.8512	60.1155	67.3431	64.5161	37.5178	69.0297	66.679	65.4201	35.8533	51.7582	33.1193	37.2725	59.1915	45.5747	59.4634	24.4159	51.18	41.6315	27.3963	59.3086	55.4697	59.8792	54.2877	69.8675	75.8017	69.6455	74.6996	66.3518	25.5867	12.1001	37.4235	48.9373	47.0966	48.4085	17.0142	44.1227	63.1045	55.5727	49.3641	32.242	61.2497	73.7125	75.4561	67.5505	67.4603	61.6033	39.5664	35.5802	36.8023	70.4773	59.2718	54.4987	59.6684	69.5194	66.5699	16.4086	71.5789	71.0981	66.623	50.6656	62.0718	63.3676	61.5424	7.19622	68.5117	53.486	51.1796	60.6603	59.994	72.5844	31.7508	70.1002	75.074	52.8162	66.8748	38.7551	66.5158	61.4417	46.8376	79.313	77.5815	74.9408	74.4826	64.5253	58.0761	55.5835	72.7415	77.1777	58.7051	59.3742	67.4185	46.9275	60.4456	50.147	19.9303	62.2713	68.5893	68.8281	70.3117	74.8205	68.5642	44.0604	63.6518	17.9906	76.0654	63.8341	67.9356	71.5215	54.4894	44.7874	63.2125	75.3883	75.3646	4.56543	75.6532	71.8966	63.957	64.8304	63.3606	63.2628	64.0049	46.6218	71.1575	67.2241	7.40245	53.9089	40.2439	45.894	44.0745	38.3244	53.6339	71.7575	64.6365	61.4253	57.4636	43.1467	60.724	26.5876	65.7607	70.7816	62.9755	55.8785	29.15	59.4737	46.6948	22.1889	7.66207	50.0442	61.2083	77.8457	74.4491	21.2525	2.93861	72.4524	73.825	56.6526	63.4727	67.0237	71.6255	65.4788	54.575	54.9922	69.1718	76.8881	64.176	60.8026	69.822	71.8	74.3363	18.5616	47.1351	78.4319	79.5254	24.9694	40.5352	19.0378	41.6372	58.4233	68.5099	31.8706	74.0094	70.4304	33.8984	46.0465	49.5028	70.0379	73.5579	55.1831	30.0161	46.597	73.1187	74.3459	30.8673	65.9004	50.6336	60.3542	56.818	49.23	53.0669	20.5358	35.3639	50.922	55.776	71.2141	58.9602	27.87	42.9331	49.7463	55.5397	17.2362	55.3426	63.3845	29.9686	42.0568	54.0696	71.1809	7.54707	67.2363	55.1219	57.0563	58.9274	70.1122	58.1722	63.5299	48.8716
70.0157	72.1435	68.8023	56.4177	20.55	50.1566	41.8414	41.011	65.3909	75.343	75.0464	38.8958	50.2981	60.0929	56.3646	37.7496	31.9008	40.9034	54.6201	62.5475	58.3352	19.8254	44.1662	78.7069	68.4407	67.7033	75.3739	72.9711	53.7399	50.4863	46.4679	58.4376	51.6673	63.8423	69.289	37.8083	70.5538	69.9862	60.3777	31.9866	55.0355	52.3611	54.5462	57.3571	43.8502	57.0052	42.0739	48.3466	44.338	17.4386	67.8452	66.9861	69.8032	74.7449	77.1608	77.9932	74.4138	70.0619	51.3643	73.3549	73.6267	68.4592	57.0444	35.6372	21.4708	52.0001	71.0903	76.5128	75.7824	76.9466	75.2715	71.2995	69.2545	64.7697	70.467	75.7594	74.616	66.6399	49.075	46.8491	71.6945	59.1414	69.1204	71.2329	73.2888	71.5567	62.6211	40.2039	67.8293	74.9331	73.2477	61.9529	74.2948	73.3486	65.239	64.1434	64.6905	60.6339	71.07	71.9671	76.2621	45.5542	66.7077	74.4461	62.8079	60.4719	63.8586	69.3689	62.1576	54.5145	79.66	76.0303	75.6054	75.8096	58.6938	68.5655	59.5016	74.4514	77.3229	65.4895	47.2167	75.5358	72.7332	76.2312	74.5302	71.7328	69.5023	68.7974	66.1376	63.8888	70.3191	69.0964	68.592	72.4987	60.2098	69.4503	68.2702	67.921	62.1804	64.0903	46.0043	69.717	76.2299	73.484	3.37072	73.8693	73.6361	67.8223	20.5897	53.779	67.1849	67.8882	68.7782	68.3207	53.6228	53.9988	55.763	39.4785	46.4408	40.7456	25.132	59.9241	67.5092	59.5027	62.7696	56.0979	51.3503	55.9706	31.887	65.0443	71.288	63.9358	60.8783	41.8504	31.8473	61.3307	57.5131	49.404	63.6473	73.308	77.0769	69.107	15.0689	36.2061	70.2784	65.4833	58.2702	62.0481	65.4574	74.9942	74.9662	61.9398	48.6227	72.7413	77.1254	52.8679	68.8874	69.3072	73.0541	76.38	29.9055	40.4601	78.1575	79.0828	40.9911	7.50264	37.608	47.1707	54.1648	69.2926	27.067	73.607	72.516	14.4332	55.1592	59.8918	71.394	66.0951	53.0442	67.5904	58.9866	68.3266	74.2894	53.0181	53.0724	53.6456	59.9194	53.3834	67.039	70.5296	54.6207	22.0554	40.7234	53.2352	71.2707	65.2446	23.9479	35.8179	25.1671	51.6229	49.7484	41.2424	60.0936	23.5204	52.7374	51.8081	66.784	12.5662	61.9646	58.3318	64.7832	62.9691	70.1308	63.4165	59.1786	54.3126
69.9896	74.1241	71.3731	63.584	43.7266	34.2254	56.0799	60.1234	68.3979	70.8472	69.2577	57.3409	23.2154	54.0064	52.2751	29.8993	41.8833	52.3158	58.1296	62.5463	48.7409	40.1722	47.4633	79.2494	72.8683	68.37	76.912	76.2589	55.577	19.1172	49.8444	50.5627	37.4909	57.765	70.4023	54.9381	74.4117	72.9586	44.7996	16.7714	60.5881	52.5694	56.0831	25.9305	31.1374	54.3334	41.57	52.6464	42.5368	35.1324	69.4689	73.0271	74.1792	75.7234	76.2742	76.6905	74.21	57.5866	73.532	74.2025	74.7297	69.3181	63.4881	55.9829	12.3397	66.0291	75.4924	78.278	75.8316	76.9276	76.0506	72.0865	61.0208	38.3897	67.7485	75.1615	75.0754	75.1629	70.9861	49.1199	69.3802	61.3333	70.2151	72.8542	73.2087	71.4693	72.4302	59.3703	64.7671	77.0455	80.1032	67.1906	74.3378	74.1678	69.2348	46.5208	69.2105	70.5576	73.2938	74.3207	78.8592	49.8191	56.9046	72.1463	71.1498	50.132	63.5228	66.9036	50.5686	66.547	79.6828	71.6325	75.0704	76.1398	67.4268	68.4924	66.3554	74.7546	77.2273	70.6151	18.6973	80.4988	79.5019	76.7695	75.8258	72.2143	69.494	68.6026	66.2024	62.5846	48.7394	50.2878	67.7607	72.9299	72.7053	36.1088	64.4609	63.6598	26.9437	64.7672	43.6409	73.6308	75.1488	69.7605	16.607	72.6552	71.0933	64.2649	52.9899	58.9827	67.958	67.4228	68.8605	60.7448	35.9505	56.3688	54.6409	42.7044	46.2367	47.1484	25.2812	56.3671	59.7567	51.4592	56.5367	60.2406	55.1956	45.2998	32.7822	59.2877	70.5632	58.1284	64.3838	45.0627	52.7803	66.0934	57.4666	51.0892	67.5855	76.1872	74.5318	55.4579	8.28134	57.5528	63.7792	40.056	58.4428	62.1763	64.2912	72.8865	74.1853	67.0939	34.4504	73.5117	77.0994	35.7749	71.8714	69.763	74.2735	77.4163	37.6054	29.4114	76.9925	77.5208	53.7453	41.7547	37.7415	48.3725	61.3914	66.413	33.7003	70.0133	72.6469	17.5183	55.8654	67.592	72.2545	37.2703	66.3604	67.8853	67.0171	33.8974	72.1953	58.1844	31.151	57.9792	62.8637	62.0693	66.7487	75.2505	67.8274	5.1452	29.3626	45.7263	68.2436	71.302	51.4869	2.0524	16.0662	40.4822	53.137	36.0918	49.9899	15.7535	57.3397	52.6202	56.4703	19.3926	50.8978	56.4449	57.3474	62.1247	66.0653	62.3783	21.535	67.1078
23.5948	68.8952	68.946	67.6196	61.168	27.791	58.063	64.3036	68.0241	69.6788	68.1658	56.2231	16.1679	9.1141	10.4774	41.0925	51.3646	53.3477	59.1691	49.4411	66.5301	69.1226	62.5381	79.0458	73.4747	68.6501	78.1327	77.4851	42.1448	54.4044	48.006	36.1306	28.352	53.1577	70.9512	60.8493	74.8621	74.4574	47.6956	20.7355	61.5611	53.1421	38.4885	60.6355	65.9111	58.9955	21.5543	46.8069	33.2404	50.1913	65.4699	73.6307	74.1436	68.4178	59.2108	68.9611	55.8337	61	79.0424	69.1415	70.6273	68.2862	70.1414	68.4317	31.7585	69.6137	74.9417	75.3965	47.1102	59.8833	67.9691	60.4803	47.5844	66.0291	54.2608	49.1314	61.8814	77.4599	76.3792	34.5126	66.9342	62.7565	63.0471	70.3672	68.4254	68.5021	76.3141	73.6861	33.3627	77.2267	82.0617	70.9766	68.0372	71.1401	69.5804	56.7472	65.5115	69.9501	69.857	64.59	78.7537	58.9296	60.6774	71.6036	72.8136	43.6207	42.2209	54.4584	36.6907	73.7155	78.2048	63.6897	74.385	76.3468	65.7614	38.5007	68.2324	75.9608	75.6769	68.751	43.7888	81.6922	81.2653	63.137	70.7637	64.274	59.408	53.1149	46.6408	53.2258	61.5887	64.6103	55.7309	54.182	74.559	43.9131	21.6184	42.3698	54.8754	61.6075	33.7881	74.8492	72.6573	64.8448	1.0668	69.6436	71.8792	69.6135	72.0797	70.2814	64.8646	47.0129	53.6881	57.7562	69.0007	62.5301	60.4456	63.0932	62.5806	60.0522	20.3516	48.1735	62.6187	59.3999	55.897	57.7084	36.1702	25.6711	33.6296	45.159	64.0049	41.8781	54.0672	59.4196	68.7038	67.2343	58.8028	65.3503	71.3557	75.4239	66.5764	21.755	6.19216	65.5015	65.0395	55.1963	53.3781	44.8322	44.6936	65.0539	69.0116	66.4034	45.0473	73.8706	77.3077	23.4936	71.2325	69.5113	73.6323	77.529	39.225	21.1024	74.1732	75.7089	70.8589	69.939	58.4537	24.0993	58.9056	65.5521	50.3581	66.2608	72.5008	15.5532	52.8089	71.1642	71.0055	37.9773	71.2194	49.122	71.7963	33.8177	68.0585	53.3192	58.2518	53.9738	62.389	61.8136	35.4619	74.08	70.022	12.971	14.7953	28.4571	61.9285	71.6764	62.8711	49.3483	50.656	53.9792	50.9652	23.0077	44.2841	24.1547	56.0486	53.3103	47.7122	48.5315	30.8028	50.5456	26.3942	44.0339	57.2234	54.3509	25.9588	68.9688
31.7421	58.5149	62.7591	71.3327	67.0466	41.7029	66.7008	63.5999	63.728	72.7355	71.4839	18.9489	34.5533	38.1164	19.4878	22.22	50.7493	56.663	66.288	65.4744	67.1136	75.614	75.608	77.1675	65.9954	69.2767	77.9612	77.252	32.2174	55.5398	53.4779	49.7221	41.3835	40.5388	71.9206	65.1658	72.542	75.3569	55.8283	39.6954	51.4726	63.6049	47.9504	47.0615	58.9926	64.4908	62.483	61.1478	62.8589	65.8599	61.0804	66.1972	73.1897	74.0085	71.9053	65.0766	38.7047	73.4935	80.3952	75.9822	75.3667	74.0393	74.3353	75.6989	59.6184	64.9827	74.2588	75.8091	68.8121	27.7045	70.0053	70.8684	68.0453	72.3848	71.9584	45.6781	41.1472	77.6866	79.3461	50.0785	69.695	67.5599	65.2827	71.9673	70.6037	72.9181	78.0328	77.6363	55.8105	77.4866	81.9543	72.279	61.3907	74.8049	75.9638	71.9993	61.6851	50.141	71.0199	20.057	75.9563	71.8859	70.7425	73.9301	70.3592	50.8358	53.2299	26.131	69.6389	77.3228	71.2523	49.1257	74.7782	75.8585	36.2184	65.6647	73.5032	74.7051	64.5866	68.186	66.2824	80.5479	82.1531	49.7513	72.2648	72.5555	72.0903	67.3776	56.3006	69.7012	73.1372	73.8802	69.7255	39.5426	70.0076	64.0807	51.7881	47.2351	60.6283	51.3222	29.0517	73.5097	66.4121	63.8974	57.3686	45.6927	68.1131	67.9956	72.6712	72.7997	66.1289	45.5039	67.0371	71.2549	69.3664	58.0329	55.9684	64.6221	71.2427	73.4918	69.9481	53.4836	25.5356	61.8798	57.6775	19.8043	43.4925	52.121	46.2023	30.7996	62.3962	37.7138	21.6236	58.2121	56.8388	64.6839	64.049	72.7999	75.3348	72.7794	54.5314	13.8429	47.5923	64.9866	68.1473	62.452	70.1121	66.8636	58.6881	61.003	64.5825	67.9808	54.1794	72.7418	77.3166	43.1375	64.622	70.5789	70.3072	77.2651	38.0217	17.859	66.8094	71.0216	70.5054	73.9859	73.8856	63.0441	41.8512	69.3922	64.8497	64.6044	70.8158	33.9159	54.0854	72.895	65.8064	64.6195	72.6506	55.6962	74.8704	53.8712	68.9235	55.7112	55.4383	51.0799	60.001	50.8389	28.9807	69.0318	68.3179	31.0045	10.97	20.6582	56.0737	67.8336	66.8232	62.1624	58.2264	56.4646	39.2048	53.9445	27.4933	16.5672	36.3041	60.4829	58.0362	63.9553	61.2053	53.6671	41.6711	54.7723	57.605	45.9437	52.7043	59.443
73.9339	69.647	57.4304	72.1192	70.6082	59.8973	74.8288	73.1365	71.9006	72.8307	69.0884	35.1765	49.6269	57.3028	64.4439	60.6976	11.7587	57.7108	67.9931	72.6236	69.6854	47.5381	62.9589	71.2	7.9541	73.2582	74.83	74.0324	57.6103	44.3532	60.4775	50.5009	54.4993	22.1452	71.7382	72.359	67.5941	76.7913	58.9675	55.4302	46.7529	61.9194	54.5578	36.8439	46.5495	62.2461	75.1256	78.1457	78.7375	78.6107	78.7656	78.6392	76.1771	73.6438	74.6711	53.1844	67.6196	73.9889	79.3752	75.4346	72.3178	74.9622	74.0483	77.3271	74.4335	55.9124	62.3765	76.3225	79.5072	73.1492	64.0402	75.3371	74.5022	72.5863	75.1071	76.8617	76.8047	71.0659	80.1454	65.9679	67.5929	63.9754	34.8157	71.3329	66.1441	70.7061	75.4239	73.2244	60.078	70.5163	80.3709	80.9042	76.1796	43.926	64.6623	74.9525	76.3711	73.3006	66.7166	61.4275	70.5762	73.1691	64.2569	71.4133	62.7861	20.831	57.1369	71.5025	73.6409	70.4026	58.0208	61.6873	74.5054	66.8154	53.5148	64.068	53.0175	71.497	77.425	77.6477	77.1375	74.9521	81.5778	68.1672	26.373	64.8693	66.7102	70.0733	59.5468	68.9892	63.0424	66.8929	69.1402	63.1789	47.7592	69.3532	69.3467	44.6986	58.1198	57.533	53.7172	66.4283	71.2679	75.2735	73.9505	60.6554	70.6382	72.2223	72.6534	73.2177	61.3759	53.0007	63.8527	47.0851	57.1352	71.4956	74.3085	68.005	29.5905	67.6445	74.0855	77.2458	76.95	68.9591	52.8337	34.1155	48.0986	61.6767	68.5656	52.5584	59.8134	30.7642	26.8797	57.5215	45.4937	70.7135	73.294	64.5114	53.6066	43.0822	46.2599	71.7242	76.7507	71.4922	56.0487	68.6659	63.1676	72.6186	75.9352	75.0451	66.3791	61.0081	53.5679	64.0305	75.3833	66.629	48.3787	72.0354	64.6069	77.8854	49.9934	13.0622	65.0762	71.1743	68.6143	59.4748	45.6248	72.3854	67.7868	51.3644	66.0631	62.172	64.6174	53.7565	61.7484	72.2622	32.5166	73.6406	65.4734	33.3607	75.0311	56.1916	69.6848	61.3159	50.3121	47.3091	59.8385	27.7301	29.6275	62.0202	65.5385	41.5679	15.6082	14.2332	40.4514	55.5479	59.6916	54.4954	47.9862	50.1542	40.4285	51.4798	55.3188	49.8043	51.219	33.3351	20.4773	29.2051	50.3949	22.2675	43.3814	54.5346	63.9667	56.6015	59.7844	52.8383
77.156	75.4798	73.1103	76.8277	70.7046	74.1909	76.3143	58.2197	56.2299	65.8166	60.3964	44.909	46.9714	34.6873	59.7149	65.9981	64.8881	37.1412	55.8083	64.9688	65.7054	68.6113	70.4051	55.4758	69.0854	74.0673	71.0903	65.3754	51.4747	25.5112	58.9134	61.8581	43.1956	64.2696	65.9652	75.6623	62.5118	77.7815	59.5989	47.9573	7.54328	60.6296	56.2893	53.4024	65.4207	68.8525	68.5319	73.0632	75.6513	76.0161	76.4364	77.1595	76.6735	73.2713	71.334	49.6512	70.1554	74.6726	77.8072	77.2923	53.7263	74.5747	74.4021	75.9564	76.5654	76.0115	66.5173	30.6179	78.5127	80.4708	63.7433	67.0265	73.8774	73.0071	70.8085	76.0855	78.1883	72.8941	75.2942	77.7737	58.6333	64.6082	75.2979	75.9455	76.0202	77.7217	72.7263	31.4986	73.5812	68.46	57.0258	79.8829	81.4879	78.6641	67.7538	69.6327	76.3181	78.402	77.7328	74.9593	70.6638	73.7931	66.0592	66.9123	3.82415	65.6999	64.6157	63.3326	44.2233	62.047	70.9935	56.4727	72.9797	6.5187	56.4473	45.9392	74.3747	77.6958	75.6001	74.3396	75.9031	56.1336	77.3489	72.8349	64.3938	57.8801	65.0363	69.3753	66.5759	54.1229	65.0479	51.1016	64.8218	56.7781	56.8034	66.539	75.1179	44.8909	58.5592	54.8184	66.1998	40.6278	68.8922	73.4554	74.7537	56.3922	74.1582	74.2907	71.1348	67.5664	16.2683	69.4333	8.88959	66.1209	70.4918	73.1176	69.2917	73.9732	61.814	46.9022	14.0693	45.6239	71.4419	76.9951	73.6556	62.6392	53.0288	64.4809	71.2573	73.4597	63.5037	29.9055	37.888	65.3976	67.8655	77.1771	72.5467	22.6005	63.9903	65.614	61.0678	77.0978	77.0248	76.0567	59.4786	71.1337	69.2178	60.9078	61.8478	48.9534	42.3853	48.8508	57.8912	28.3957	69.3225	70.9751	30.9103	73.3967	54.0013	78.1674	62.3959	12.3114	70.9115	75.7742	71.7419	71.9403	67.4882	38.2076	72.5064	67.5479	27.1777	52.0722	45.822	54.9838	59.0732	66.1362	40.2684	73.8286	29.6604	61.2147	71.4308	40.187	68.5205	60.6182	47.8779	38.4648	60.8843	56.2803	62.1541	61.0926	57.3557	36.5817	15.784	22.0329	26.7332	21.1622	49.3513	62.7689	62.7097	43.611	54.814	58.6514	47.7559	47.7282	56.0341	55.5811	13.0615	25.6812	27.9721	55.845	61.1267	4.3298	58.9736	21.6526	12.27	22.3918
52.5846	65.8848	68.1592	72.8369	36.1936	74.6145	74.6806	67.4547	64.8174	67.2328	55.9552	46.2377	48.1614	44.1989	58.7657	53.3329	72.7411	71.7571	70.3277	75.7507	76.6836	76.3719	75.6922	46.0837	77.0568	73.8338	70.0086	63.7069	39.9328	39.8274	59.6403	65.5271	63.0618	69.4243	71.23	76.4047	63.3281	78.0364	64.6727	55.3483	36.5632	60.4497	66.8574	54.8564	49.2571	63.7625	69.4175	65.4095	61.1252	60.2573	65.339	67.9223	64.0136	59.5486	67.085	54.9835	66.2873	75.1548	77.507	80.1764	70.6234	62.4709	72.0993	72.987	72.275	71.5827	72.8762	72.3977	73.0095	80.8049	73.8203	65.1233	63.8088	72.7292	58.8647	62.4235	59.3054	76.3425	60.7971	79.9334	60.0902	74.8119	76.4361	59.4769	67.5201	70.1225	41.0057	76.3264	76.835	78.0572	76.0171	18.9531	75.0893	79.2983	80.2461	76.418	41.2376	46.0219	50.8874	58.9777	63.0371	72.4303	67.842	32.2063	60.9	48.2027	55.4914	65.3637	56.5154	63.3103	70.7872	36.087	69.0984	32.4388	40.5529	70.5676	71.2877	57.3476	71.9679	71.7735	72.173	15.2806	73.9386	73.2664	70.6473	52.2988	54.7896	65.3226	62.208	23.9046	64.1283	26.5457	55.9348	28.0555	55.781	54.7545	75.5748	39.3136	36.464	44.4583	66.8259	47.9171	54.6209	69.5954	73.0049	40.3232	70.7858	71.11	40.0202	43.1406	41.7607	69.6789	66.0789	63.5022	51.2291	39.5087	70.3987	68.4996	50.7702	67.4713	69.4038	71.1355	62.7567	53.6571	73.3323	75.3751	69.6176	65.865	59.5248	74.3179	68.6991	62.2819	64.579	74.5605	77.3843	72.6079	38.7622	74.0604	70.2598	68.2281	44.3517	77.7353	69.8232	72.3065	72.4077	61.27	73.6765	69.0441	67.4872	70.6991	65.332	47.6869	54.4244	20.531	69.102	69.9643	29.545	72.9717	40.2021	77.0949	65.767	29.5984	71.0731	77.3693	69.918	28.1709	67.9072	58.4504	16.732	65.1399	62.6066	27.5492	12.8809	53.4573	63.2261	56.3815	56.5243	70.1014	13.0806	58.1618	67.9551	34.0252	69.4287	50.6481	37.4453	61.6372	68.4457	41.2924	22.9082	47.4904	49.5123	23.7423	9.86945	46.8133	55.6789	51.7407	18.1625	54.4055	68.007	63.838	27.3978	58.4887	39.0315	52.3991	33.3422	57.3541	34.9682	27.7638	16.6944	63.1971	59.0888	48.0002	52.6729	35.8312	42.9516	45.1696
68.5063	32.1008	59.9209	51.0709	66.1306	76.3088	73.1594	59.7981	53.9717	68.5977	62.394	40.9501	52.9274	39.9944	63.3175	63.5239	68.0241	75.5925	77.2834	77.8827	74.7492	71.8359	69.2846	67.3924	79.3292	73.8781	68.8473	43.0472	54.7144	67.6483	68.6792	67.8427	71.0929	70.2954	73.0693	72.2417	69.1101	76.6778	59.5734	63.5268	56.086	53.8263	69.3664	52.0622	67.3381	71.7805	71.6308	63.751	45.4871	35.3124	61.3796	73.0945	75.4229	72.9996	74.6038	67.3008	54.2269	70.0787	76.899	80.8171	77.5231	43.9343	59.1947	70.1916	71.0025	68.3544	70.6994	74.1392	58.2813	79.6277	75.3264	72.8138	27.3511	69.8135	54.9532	59.9995	36.8554	75.7046	58.2708	79.4702	30.5342	74.1063	67.0508	68.8591	73.9155	76.2834	47.8821	78.2678	70.335	74.3202	79.0957	73.0921	14.5572	73.8172	81.2312	80.5779	73.2225	58.1894	59.9067	64.5576	44.7937	46.3881	51.4999	57.808	57.101	62.5184	58.8218	65.5019	43.568	50.2563	72.6616	25.6291	61.1143	12.1254	55.8703	68.9067	61.6701	60.495	75.4967	68.0075	70.0149	27.1527	71.3202	72.014	71.1348	70.7064	56.6647	62.3889	51.4401	47.2058	58.8731	41.1362	55.8652	55.3928	51.202	37.7355	68.9823	68.988	21.1594	54.1947	62.5953	56.8981	14.4271	69.0677	64.8785	52.5101	58.6559	73.2485	54.6404	26.5266	51.3085	67.1912	70.4825	62.8324	45.0362	46.5614	64.6181	34.7267	57.3903	57.955	64.6437	69.7332	75.6655	69.4872	39.0745	68.6671	72.2555	70.7303	68.8568	75.6976	76.9041	76.3954	77.8991	79.2837	76.8697	29.4768	73.4328	73.7635	60.5674	73.4698	55.1257	78.0206	69.8889	63.9217	76.5109	34.6149	72.3864	74.9789	74.119	66.1407	48.002	60.8644	60.1316	20.733	72.94	63.0928	49.8415	72.1306	46.5052	75.8558	69.0676	48.9415	65.4886	77.2743	74.3093	23.6578	64.9305	62.4857	64.2134	15.4878	68.6195	53.4738	43.6048	58.2229	65.3175	14.7644	66.9686	63.6467	18.7319	58.5166	66.6956	48.5114	70.4743	39.5027	40.2338	54.4973	48.6969	69.7553	69.1731	68.5175	60.2581	10.325	31.466	66.5256	67.6583	67.5692	59.1334	19.7981	46.9458	53.6543	54.7164	54.0729	51.2533	30.7153	59.5427	10.7643	44.15	44.4016	32.7484	64.112	47.7334	59.312	41.0101	55.3264	26.8805	62.1672
76.2398	70.7949	44.9561	35.488	70.6468	75.7385	73.0847	66.9808	64.8961	59.7101	61.7621	20.7453	61.8437	60.2179	62.5577	69.625	61.0562	38.5412	48.6999	64.1789	69.6885	68.592	63.4999	68.1486	79.3679	76.6583	73.7255	55.7353	50.639	56.662	49.8502	55.5534	72.182	68.643	68.3375	48.001	78.1235	76.7588	58.6976	63.4166	48.9671	55.4901	67.156	33.7859	51.0356	52.1766	64.1055	68.4131	67.0103	71.288	75.4656	74.4862	73.1106	74.8128	74.717	55.2996	69.6658	71.0062	67.2886	77.8117	80.4241	77.9718	65.6898	40.4467	67.4745	69.6159	72.9399	76.7995	47.5626	78.2337	72.7539	75.3256	62.4284	54.6095	69.1113	62.902	48.4449	73.9073	60.5887	76.6925	37.1018	63.447	55.7882	49.893	73.1777	75.9629	46.76	78.9546	71.93	67.8607	78.6363	79.4668	78.7632	67.674	73.8889	81.043	81.2308	79.4321	78.0528	77.9872	77.2434	71.1289	39.9204	56.5689	68.6405	63.2267	51.8188	62.2463	54.965	53.9892	73.5652	57.2077	63.5531	46.9937	61.1954	66.307	30.3434	67.6459	72.2314	64.5359	69.2342	50.671	67.9447	72.9637	66.1489	65.9703	57.4106	31.4028	54.9475	46.5954	39.5053	47.4472	55.3379	67.4687	67.8937	64.5179	23.1626	70.0156	58.5756	25.8485	47.7938	39.5358	48.4605	69.0813	66.5404	65.1365	35.2407	74.0205	60.5408	12.1996	51.8339	60.4638	66.3093	65.4506	36.5539	56.7251	56.2595	53.1032	59.0325	55.8911	46.2676	38.487	72.2519	74.7962	65.4495	32.7872	58.1677	65.267	64.3431	67.6121	68.5894	67.3	64.5977	51.6375	62.3631	77.0174	78.2408	60.213	70.5098	73.4919	66.8573	78.5594	69.4576	61.1865	76.4461	65.0455	59.77	24.1893	28.4843	59.5808	69.1836	58.4909	51.8456	58.5686	73.7979	48.1411	57.0779	69.1775	41.7046	71.813	68.1765	60.9961	43.957	74.2805	78.4763	69.5484	34.8431	52.9331	63.4857	60.6278	53.3512	59.155	45.3858	55.0134	57.871	39.3164	69.263	50.141	28.7393	65.55	55.6729	64.4502	65.1217	38.6863	60.768	20.6487	53.2283	39.437	52.3354	71.3789	59.9495	25.0568	57.4208	70.5819	66.2059	68.4886	71.1032	54.7252	39.7708	36.9919	62.826	67.9864	61.6965	49.9523	42.2444	61.2012	44.6874	55.4327	43.5236	64.8961	44.4172	69.4354	69.4342	63.4552	45.591	65.8376
74.3924	76.5172	4.72539	68.4174	71.5599	75.863	75.8902	64.7179	51.8298	24.339	56.6457	50.0043	50.7624	68.3175	66.4313	71.4299	70.9597	72.798	75.8938	77.3127	77.3894	76.0691	72.9005	34.575	76.8724	78.8498	79.4825	74.1935	12.8608	60.3533	52.6663	58.1255	75.2233	74.0516	39.4748	67.1287	79.9915	74.7176	56.0878	59.3973	18.6776	61.2159	68.738	66.5708	74.653	75.6907	67.2624	68.9894	68.512	62.0925	71.1278	78.4326	79.1813	77.1577	64.5053	59.153	76.368	77.5905	75.3595	37.1319	72.7127	78.7776	77.672	56.6697	45.6187	59.0812	73.7136	76.9837	40.8298	75.7451	68.899	75.045	75.9007	62.461	57.4994	63.0531	59.7566	71.6651	51.1568	70.7621	15.9477	47.0984	56.9054	69.164	76.7901	69.5438	67.9809	77.7282	73.0257	40.3004	70.7151	76.0168	79.4259	78.3912	53.139	73.4094	80.7565	81.8908	81.328	79.7257	77.5932	70.6458	63.8614	34.6598	36.9451	50.1075	65.7071	59.34	65.9359	63.7829	73.9472	60.6882	63.821	55.6971	59.012	63.8692	41.0335	71.4039	73.0679	71.8654	70.9195	67.0495	66.5844	76.5136	72.7886	69.5926	68.6223	51.3784	31.6798	37.7954	45.1669	59.4637	21.5477	47.9983	55.947	66.3837	63.211	53.117	66.1948	45.1892	54.0042	50.9014	56.0984	70.2485	70.5676	69.6999	46.9605	72.5554	66.8164	37.4521	53.6824	45.8475	61.8697	61.796	21.2047	55.5756	58.6494	40.1781	59.6538	52.4394	42.3707	47.8265	68.3781	69.2098	64.3988	58.713	36.0612	7.44616	50.6049	60.1531	56.1692	47.1389	65.5631	71.7751	76.7198	79.236	74.4248	67.5257	73.6902	71.8849	68.7065	78.6813	65.6888	54.237	72.021	68.8013	71.9344	71.6233	63.446	70.3819	67.3515	48.3546	48.0025	68.0199	74.403	34.4069	55.7331	62.1722	51.4579	59.6429	62.3335	67.8077	47.6167	54.625	77.2618	79.145	73.6712	54.1603	37.4604	64.6526	42.0254	49.6331	21.6053	50.4804	61.5267	46.8768	65.7871	48.6284	51.7373	65.6678	14.9789	68.236	45.2125	55.9411	57.2819	26.8892	52.1925	46.7175	69.0818	69.5847	33.7491	44.473	60.0497	64.7954	64.0335	44.396	73.4542	53.8248	51.5048	44.0384	14.2906	37.9067	51.55	61.2365	66.3994	61.7191	60.2569	60.2845	59.8435	71.2	66.5484	67.5473	67.3888	57.1726	56.8638	65.1749
74.9787	74.367	42.7719	74.7161	71.773	74.3766	75.1009	50.1303	55.2844	54.8439	62.1673	57.1625	53.7258	42.4667	50.1519	63.5799	50.3407	32.6331	17.7651	30.0371	70.7206	73.8894	74.0036	55.0005	63.5582	72.7056	77.8227	78.6996	40.2227	64.9086	68.8718	72.2202	75.6248	73.9451	32.6044	72.2835	78.9643	76.1245	59.6546	47.0526	29.5264	59.7426	68.333	67.1406	62.5183	61.461	74.1373	75.3739	68.8483	68.2435	68.8477	53.9147	48.6773	30.9962	44.29	68.8313	73.7662	69.3999	58.6455	74.261	60.7733	68.9079	77.6288	72.2268	16.627	68.8348	73.5089	75.7527	24.475	72.5136	55.5526	58.7552	73.4467	74.8234	55.7601	43.5896	57.2263	64.447	36.0624	64.8518	20.5287	66.9948	73.9463	73.8216	75.2889	34.8614	75.0079	73.8619	70.6965	44.1947	40.6675	35.0708	68.2661	75.3811	67.6801	61.0654	40.812	36.705	58.8507	72.4877	76.7902	73.7275	68.6128	57.582	47.3962	22.8443	55.8771	60.8278	59.6703	15.5916	69.5859	26.9547	55.4328	57.8339	54.5131	58.4405	58.8145	74.9094	74.0505	59.3794	46.5685	70.5043	24.7348	73.3465	68.4204	61.5717	60.9125	60.7825	45.0885	38.1845	14.76	63.7656	30.5835	52.4348	52.8457	31.7216	67.1005	61.358	59.5316	31.6939	53.9903	65.6882	62.7513	29.2544	59.9624	70.6995	52.6868	65.9642	71.2856	27.1776	62.243	46.5447	62.5664	46.4966	19.2592	8.59282	53.0711	39.3787	49.8409	63.1993	66.9466	71.1073	75.0632	73.7455	65.499	52.2692	24.5967	58.8784	73.5574	73.8361	72.0402	55.5597	73.2455	69.5554	68.9512	65.332	10.1543	66.1601	73.1637	73.1461	56.8776	77.9104	73.1744	46.0301	55.7397	55.8853	54.7951	61.6731	60.2856	66.2511	66.7693	54.5367	36.7565	69.739	74.2077	24.382	62.3731	59.9591	54.1053	51.8351	64.8992	71.6993	69.0519	45.7882	57.9944	73.8867	76.6033	75.6419	60.7215	45.5863	59.6919	59.9868	46.8346	41.7966	42.4931	57.9765	65.1046	34.7848	54.9389	60.9207	23.0672	68.4457	28.8455	54.5206	54.4071	54.8749	22.5344	54.8289	67.0875	56.1432	28.2327	55.0929	50.4848	55.7103	65.8055	29.6569	73.1922	26.0574	43.111	56.0186	45.3044	23.6271	30.9849	29.5871	37.8607	36.7156	61.6457	68.6099	74.8335	73.049	47.9982	40.0238	50.297	34.5637	36.2427	59.5877
70.9191	69.9235	54.8697	74.7986	71.5736	73.257	73.7061	41.5814	66.7266	55.2135	67.9514	63.7697	62.8886	52.1745	41.1029	58.4624	42.7487	56.8864	68.9677	72.0357	73.3041	73.5317	72.6271	65.1983	43.5126	68.8897	78.0395	79.9358	40.2655	70.8941	66.7236	58.1359	71.9951	73.6796	20.7573	69.794	77.719	75.899	61.4091	57.041	30.7014	50.8017	60.6673	70.2938	72.9515	70.4981	63.8939	67.4932	70.8321	72.9452	63.4606	40.7123	63.8859	67.3389	67.2117	49.3127	70.6334	76.3147	71.945	39.4345	71.2616	45.1812	76.9024	76.1869	25.4579	70.7307	73.8538	76.266	56.4654	77.724	75.2691	71.0895	65.3783	71.8226	55.9466	40.4063	54.4942	53.5731	52.2067	53.901	55.2416	72.9953	72.1321	63.727	68.0508	10.0684	77.4395	73.214	61.685	56.3764	43.149	66.5263	72.3385	72.3259	44.4239	73.554	76.9597	75.4469	73.7386	59.8458	71.2479	77.7561	71.072	68.2436	65.4584	57.9321	41.9855	11.2814	18.6181	51.5271	62.1768	27.9048	45.3291	52.6649	53.5985	41.9442	61.7644	75.0945	69.8469	67.8072	73.0259	77.5521	66.2181	72.8767	71.2227	69.18	64.2333	58.4507	51.3974	45.3914	14.1971	57.9407	55.8194	51.9685	59.6614	45.3037	26.3596	51.7483	40.8828	53.5905	56.8046	62.7939	65.7518	50.3912	53.0149	66.4145	55.1908	58.9722	68.1368	52.2187	58.6672	61.9994	56.8473	16.904	53.5011	59.8314	59.0313	70.3871	74.9844	77.979	78.4108	77.3929	71.7366	39.2372	53.9707	61.6373	49.0171	65.4785	75.0167	63.2184	75.2821	46.5793	75.4487	66.0642	68.1407	44.8148	65.2997	67.8646	67.9823	71.1543	14.3046	73.2501	74.4261	68.4832	23.0335	51.101	52.4996	55.5027	63.3234	64.4398	70.4751	34.3074	45.6279	70.2696	69.9675	35.4867	71.2293	67.1858	66.8241	36.5769	54.907	71.0294	74.504	64.9109	16.6375	45.5642	66.2559	75.641	75.5969	59.4644	24.0812	14.0848	34.7448	54.3155	34.3242	44.9208	43.1064	23.7902	55.1056	59.7819	37.9983	66.4978	14.0526	42.6851	23.5762	26.74	46.5912	61.4544	64.5991	33.7875	52.4847	65.2015	53.847	33.2574	64.1028	34.6174	70.09	9.33013	50.6309	51.522	55.0553	50.1667	28.8823	28.5954	37.6042	31.6684	46.4535	66.1492	66.1815	18.0092	61.1827	69.7484	66.9577	61.2958	41.9665	39.9021
76.2783	75.0878	43.6612	73.1324	71.8465	72.6335	73.3054	66.458	70.3173	57.3001	65.6142	53.4512	50.8244	43.2188	49.8954	57.2471	63.4135	72.4022	72.9725	74.2027	75.1024	73.6894	67.2778	59.5026	38.7759	71.4777	77.8955	79.8181	46.6841	70.1331	67.6482	64.1438	74.1608	76.7035	40.7702	64.2863	78.4685	76.8329	56.85	61.4188	38.3866	57.6862	56.7982	41.394	62.4607	77.1323	75.29	67.195	65.0888	60.5886	36.2982	73.805	75.5036	75.1994	73.0976	69.6205	46.9717	63.864	75.6665	56.081	69.3004	30.7784	72.8496	78.1599	63.4444	70.2467	73.2553	75.337	62.89	79.7946	74.1177	70.5764	62.8881	63.7266	45.1121	11.2062	48.8756	57.0058	48.1002	17.5353	61.8998	68.9902	67.9309	69.8049	72.3505	41.578	77.8601	76.285	55.1926	55.22	56.7582	71.0045	62.3658	67.5741	64.2469	73.6015	74.7112	76.0207	76.9389	76.3089	25.4131	77.0545	71.9995	73.2444	72.9983	67.7024	63.7555	53.522	19.6275	50.0819	60.8767	44.3223	38.3646	38.3096	29.1956	29.0603	57.5417	71.7026	65.4579	73.0912	64.8084	79.6495	73.425	71.903	74.9987	75.0689	71.4483	43.4833	11.0974	58.6873	41.6769	53.6928	60.2954	37.117	55.8948	50.8326	48.4582	37.216	42.8824	51.8439	61.4623	50.46	62.6714	44.1685	38.2433	54.7714	67.0208	68.6981	62.536	55.4828	21.4854	11.244	5.6331	51.2838	61.2398	63.8416	73.8255	76.8857	72.3581	63.8324	53.5168	40.1375	44.8279	72.4133	75.4905	74.4846	67.7762	60.6684	75.9777	3.0574	76.373	43.8774	76.1897	65.702	63.5777	65.1049	73.2592	63.7321	64.5397	61.2758	47.4017	58.0484	73.5939	76.2509	65.0529	39.7075	44.0473	55.1057	63.1705	64.8246	70.6334	15.4802	54.369	62.3157	65.7897	40.7241	73.0918	59.8317	70.5293	28.8701	59.5873	63.9854	74.8555	68.3951	55.7523	34.9204	26.6864	65.9875	74.8892	75.5088	68.6986	58.933	39.9814	60.59	49.9927	65.6707	66.8533	64.6142	48.4289	46.2848	33.7867	60.7026	8.78658	44.9178	40.5367	56.0071	63.0148	60.1081	57.1559	6.67672	61.1519	70.5698	56.1141	48.4029	60.4825	42.5815	70.1668	31.9171	58.5471	43.0565	53.8737	52.3628	46.4394	46.6654	50.6406	46.9544	46.7683	56.26	21.8067	62.9119	69.6601	70.1121	65.5277	66.8658	62.3129	38.4995
74.6238	77.429	13.5912	73.7732	73.3485	60.9851	71.8623	75.4764	72.6924	63.059	66.4226	57.9587	57.6468	7.60852	55.9069	64.8382	69.1919	61.9668	66.604	63.1448	44.6131	51.259	52.1837	60.3758	27.6477	72.9188	78.3613	78.8362	61.4232	45.4895	62.4572	63.2605	74.7288	77.3889	63.6519	54.5121	79.6874	79.0681	65.721	63.358	21.5868	69.037	71.7634	69.7031	65.7655	65.4411	72.961	74.5735	73.7376	46.9231	68.2612	78.0204	72.591	73.3782	71.7447	72.1169	71.818	64.0983	74.1518	70.0605	67.2959	64.3282	53.02	77.3222	68.1371	65.1944	70.056	73.5459	66.67	80.5334	69.635	44.0431	45.7413	23.4211	46.2207	54.8154	17.2032	38.1763	18.9412	29.1304	59.0624	49.9763	68.4818	72.8741	75.2825	63.1818	74.1233	78.2684	64.8535	53.2468	55.2892	70.0037	68.0214	71.4053	62.0593	74.3767	62.9557	69.9954	67.2806	77.7482	72.0587	72.0024	69.45	69.3864	71.368	68.6774	64.6396	60.5307	52.2384	14.0673	51.507	20.0038	36.1652	34.4355	29.7641	51.1205	61.7939	59.6417	53.755	55.2446	67.165	80.1209	72.7824	54.2838	68.2386	77.1137	79.8124	74.9636	66.3379	66.0772	60.6073	60.5573	65.3042	46.5683	57.3346	51.9517	48.3374	53.0487	53.1976	36.3125	61.8207	32.5201	66.0467	48.8077	10.7375	54.4375	60.1905	53.6885	55.9468	17.1087	54.7331	59.2805	53.0691	52.7534	66.471	67.5536	70.0897	57.9983	45.5355	69.0201	73.0787	73.2027	71.4022	76.4431	72.7336	75.2249	74.9457	24.3123	76.316	44.0262	74.9868	50.0586	77.6111	68.7405	27.4202	70.7033	74.2777	63.0397	39.0879	49.9525	61.5879	26.1377	62.9063	77.1245	77.1933	54.0682	41.6782	61.9818	61.0379	65.5062	68.3321	24.5023	47.4093	66.7979	71.0894	32.7942	70.75	57.6584	68.8207	22.4878	61.8839	62.2117	71.0065	61.8947	69.7858	66.6692	39.3723	31.4766	65.4557	74.4624	73.5485	68.4695	58.3917	66.1405	54.8314	61.6847	59.3253	43.2883	28.2974	6.837	32.1661	50.7923	9.82247	49.2576	40.2192	56.1816	52.8165	45.5008	48.8354	9.09439	64.9837	73.1626	49.2788	66.5014	59.4646	61.1578	72.068	25.0374	64.9178	47.989	63.7399	33.8854	57.9994	43.7671	56.258	42.1193	59.3247	70.4831	34.3518	69.8382	71.2913	65.5618	31.8167	52.9321	63.9124	65.8456
71.1315	75.9612	0.990972	75.2854	71.4938	54.857	68.1892	69.9444	58.5047	66.7807	70.2999	61.5542	50.7174	36.5909	57.313	61.5541	48.3574	66.0954	74.8746	74.042	69.4306	68.7411	65.7705	71.1856	46.4302	71.9413	78.858	78.6766	69.8206	36.9902	49.1891	60.5501	73.4605	77.6509	72.4666	14.001	79.6462	80.4888	69.4778	48.7954	53.9341	67.0276	75.1361	62.4378	72.4278	73.8317	72.2708	78.2704	73.258	8.1215	72.0179	78.0483	65.8598	57.8359	67.671	72.0798	73.6381	72.7419	69.3384	71.51	56.9972	73.2554	43.8894	74.8401	62.1393	53.7143	65.3031	72.8268	56.6595	79.4519	74.6338	69.3135	65.2531	61.8439	56.9588	62.9399	65.0747	61.1437	48.0155	26.6477	60.3284	39.8002	45.3472	69.2584	75.6926	63.207	64.7553	74.1961	72.6837	72.2876	22.474	65.3756	64.0886	72.5907	59.1249	74.918	53.0669	49.9013	45.585	78.201	72.5631	63.5808	54.886	61.8296	54.0349	41.5348	60.5574	63.4796	65.8541	38.697	56.9293	46.0665	54.2114	31.0341	37.4768	43.4929	54.5352	19.3522	54.8614	40.4679	73.4975	78.3504	63.2775	70.0291	62.898	31.5135	76.8894	77.6743	71.2813	64.1019	65.979	67.5615	69.1321	33.6588	48.4224	36.4847	56.2537	59.0445	45.0594	29.7248	61.2196	8.53729	66.447	48.0532	43.3765	35.8595	27.7241	47.2127	41.1078	46.9426	50.5314	31.4342	49.9408	62.0277	72.4011	69.323	48.4602	54.5697	73.517	74.6036	73.7464	70.9319	62.7336	75.2324	52.3146	72.5213	76.7845	46.0652	75.274	52.553	72.3008	54.3906	79.1495	59.3281	53.1824	70.8079	71.1584	45.0503	66.2371	71.1713	71.7408	65.0342	14.8107	69.6466	79.3342	76.2027	49.8569	56.7533	61.7027	63.0666	55.8159	45.0189	43.4653	43.6352	71.1719	52.84	62.5601	58.744	61.6035	26.8391	49.1268	70.1713	52.2535	67.644	73.6564	74.8166	65.5981	49.2468	18.262	60.9679	68.8279	69.3899	65.9234	58.0166	22.7922	35.7764	46.18	49.6131	25.6741	32.8878	35.541	23.6016	37.788	56.4528	52.1963	24.9561	59.1467	64.7372	59.868	12.6732	64.4459	72.6761	52.4588	61.2022	50.182	53.3467	71.8334	20.4012	67.5039	55.7031	68.2139	17.6756	61.6833	32.3246	57.3934	38.7978	56.3945	74.9536	41.5622	65.0528	76.3646	75.7468	62.9991	40.1867	25.8515	55.5879
73.984	72.5148	37.6156	74.9738	67.332	56.6803	16.3799	60.9696	65.9518	68.7857	63.4813	59.9178	53.9747	15.9738	56.0835	62.7035	61.3017	61.2577	71.9323	71.7286	70.4907	70.3076	71.1212	77.4431	70.4344	66.0001	77.4753	78.6964	71.8756	49.5606	70.6255	69.9339	66.9603	75.72	75.6982	38.4284	80.2252	81.3464	62.5041	65.2936	71.7455	64.5981	72.3922	72.7778	68.0028	72.1845	74.7662	76.5133	47.9608	63.9717	65.6059	73.4088	75.2998	71.2509	51.8597	57.8607	69.9598	72.639	69.0664	64.2437	7.35267	71.0314	34.388	71.9227	44.3473	65.5775	66.3759	66.0112	19.6685	74.9493	78.4634	78.7939	77.5485	73.9919	71.5531	73.6386	75.4723	73.6519	71.632	46.255	53.7445	21.8137	62.7022	75.5807	75.3979	25.3363	67.2469	60.9252	59.5968	74.7589	54.0959	53.1488	65.7672	71.7181	66.356	75.5833	55.5582	53.7867	67.0995	76.9283	58.2319	72.3485	74.6132	75.9499	72.473	62.1442	48.3042	52.4083	60.5754	49.534	61.4709	55.5941	61.9101	57.1529	9.2307	55.2701	61.7955	6.73101	46.9414	70.5386	75.025	72.9363	49.4895	72.4374	74.9498	73.3691	37.5973	72.1799	71.4335	63.085	66.3449	69.0693	65.3537	59.4611	53.2827	51.1453	39.0516	35.8397	59.567	39.3675	66.976	45.392	67.7057	61.384	61.7747	59.0842	40.2153	47.2387	59.6185	36.443	46.2478	39.9946	29.23	65.3335	71.9317	52.1058	51.5203	71.94	73.2407	67.4115	55.8943	71.6271	58.1289	72.9619	61.6155	70.0762	76.8718	59.7181	74.3139	63.9035	70.5606	40.8	78.9656	54.4464	55.766	66.874	65.48	64.1733	73.0396	69.9592	71.9729	69.0391	62.3128	21.1426	73.4541	78.6784	76.0716	56.8163	41.1943	50.5747	34.8957	56.8909	62.4788	46.412	59.3608	61.1711	53.8584	60.3673	53.0576	38.4279	35.7665	71.8124	41.808	74.3591	69.338	74.7197	69.8388	67.7782	45.2711	17.52	56.7407	64.2785	53.2659	51.5508	68.1453	64.7647	43.0024	48.0298	31.827	41.9965	26.9982	18.9014	44.7481	34.9926	33.1326	58.8469	61.1022	69.3319	67.1481	10.3983	60.937	67.0963	66.0264	37.6689	23.0262	15.4086	67.4364	20.1746	62.6414	62.614	66.7288	46.5466	62.2448	14.0089	50.644	37.7252	59.5801	73.0063	63.3599	47.2141	66.2631	77.5185	71.6616	57.1348	36.4921	50.6735
61.0581	65.7149	37.0081	69.2013	75.0679	70.5873	71.2598	75.1578	74.589	69.4999	62.6259	54.5598	39.18	46.722	32.0743	47.477	29.1767	22.007	63.3994	69.3288	71.2865	70.1264	67.8669	79.0979	76.1859	53.8925	77.5918	79.402	66.5306	77.5424	79.8579	79.0008	77.5315	75.7461	75.4939	52.9645	79.4672	81.3077	79.3132	79.2828	79.0073	78.2428	71.572	76.0578	73.9704	69.0341	67.2408	39.0339	71.8796	77.7703	74.4009	43.5826	66.4265	72.3946	76.1965	73.2534	44.6964	51.6749	68.8647	62.3667	43.782	67.5264	66.4518	67.2112	45.3162	64.9028	64.1301	70.0081	69.5277	39.8498	68.6451	63.1913	63.7365	69.2429	73.0385	71.5107	61.339	58.3489	70.9455	63.2313	53.3991	69.7154	71.8235	61.6143	61.9603	66.6004	70.9619	67.6632	63.1075	69.7505	64.1948	27.9985	69.3553	68.6912	71.4396	71.1043	41.3723	70.4478	75.7169	72.8722	14.3418	69.964	71.2643	70.0885	69.0957	71.4943	48.6307	58.6554	57.2389	46.5384	54.4464	67.0377	40.7843	67.9793	66.4691	41.5446	55.9426	52.5904	48.8441	71.0819	71.6625	52.893	68.9224	74.3142	73.7666	78.5893	76.0458	41.4971	55.9694	63.8801	69.1556	70.2805	69.4782	71.9665	70.8843	63.1536	53.7338	58.2406	66.2934	71.0535	69.8035	21.6507	55.2499	56.1875	64.8827	64.8926	36.3496	48.8472	11.3172	53.6548	57.4089	49.8859	49.3464	67.9814	58.4288	57.682	73.5041	76.0209	73.8039	63.3606	58.7997	73.5767	65.8187	68.3314	67.7078	70.8315	75.9881	47.3273	75.0556	71.4031	71.119	60.4844	73.7313	73.6356	19.3686	68.822	61.8196	74.6084	68.8019	69.9509	67.8109	70.583	71.2109	61.3517	45.2969	64.7028	76.8426	78.1924	75.1847	61.2444	40.4081	42.5175	60.1231	63.7365	4.22899	63.9814	55.3363	43.2222	52.3272	57.7461	57.0665	51.7261	67.0129	71.4249	46.7297	70.1088	62.5246	70.3025	64.1937	23.6702	27.393	48.35	54.3022	66.5365	67.9616	20.1978	52.4773	54.5933	52.4817	13.5367	36.3287	40.9651	21.8143	33.5891	42.6626	35.2315	48.0786	71.4494	65.3312	12.3406	59.3104	58.8575	53.2168	47.1895	31.9384	36.7223	56.0707	50.8324	30.4981	65.1064	58.3213	52.9099	63.2656	26.8638	48.2367	15.7106	58.4361	61.1932	74.1499	76.9053	62.4272	67.052	75.0762	70.5373	48.1297	54.038
78.9391	76.5412	69.2308	55.1382	68.1488	76.5157	79.3754	72.4882	43.3698	25.5059	52.2197	49.8442	68.0899	71.5003	69.6909	68.377	62.1455	45.3045	42.9265	54.0336	63.3017	61.6773	66.5298	79.2436	77.3623	44.0163	78.9078	78.286	71.5704	78.9358	77.3803	76.7174	78.0704	77.5664	73.0396	54.6266	75.0092	79.4462	80.7743	80.2458	78.8622	79.2682	75.0694	77.2369	75.6992	59.6124	50.8406	73.7635	77.8884	77.7308	75.9658	74.2028	66.0409	52.6146	52.0771	73.7933	72.4001	68.0173	53.0588	65.4611	68.0789	71.5424	72.3922	66.7566	68.8553	73.0285	73.1107	66.9864	74.3508	64.4616	68.6514	66.6186	65.2714	57.0274	32.5205	47.3782	61.1287	58.4734	71.692	64.0452	58.9012	71.9992	45.3727	61.537	73.7457	74.4243	64.8292	62.8963	52.3386	63.3454	64.5029	26.7258	67.4239	57.4699	68.7708	51.2791	72.4987	77.4204	76.9035	44.9416	52.8504	48.4901	75.5976	74.2023	61.0168	73.1596	62.2167	61.4666	53.9909	14.7763	57.0151	66.8557	67.9999	69.9143	76.2661	71.8369	46.5856	47.3003	69.2754	73.1775	71.1725	43.8288	74.3155	73.1079	54.0032	70.9897	77.215	71.8614	61.0343	48.3031	31.0906	7.41034	41.7084	64.232	68.4519	67.8495	71.0966	74.2366	74.2863	67.1306	35.9637	67.8288	67.2848	56.1805	39.4887	69.5233	55.6141	42.8634	53.6831	47.1991	56.8113	53.5464	61.993	67.0464	7.86316	69.1774	71.8855	72.4528	61.8563	37.6367	70.1935	66.1978	64.8265	51.4973	72.9833	74.0927	71.8457	28.5151	75.992	73.3122	65.5984	74.6289	45.365	76.36	71.476	62.5531	50.9955	73.4893	37.1015	70.6394	51.3572	60.4656	68.3946	59.5868	67.8715	59.2729	53.8894	73.9724	78.4212	78.2007	64.7162	63.1234	52.6675	66.9809	59.6415	42.6312	51.0573	33.2608	58.8044	58.4845	29.5435	68.8489	65.7191	52.4605	23.6863	67.9898	38.4003	67.9024	71.2034	30.4597	33.0681	39.879	26.9258	61.894	73.3951	72.9461	45.9148	42.9838	38.4539	40.6924	51.8703	51.2088	52.0346	51.0816	52.6063	59.2074	67.9981	67.3104	49.762	16.7725	58.7621	61.5444	54.3986	50.705	15.7396	52.0356	8.25055	47.5826	37.5332	58.9777	60.8889	38.3963	64.5743	25.5256	56.9189	51.1884	34.6661	61.4115	59.8594	73.5767	70.6213	21.7315	71.8902	77.4386	71.049	44.0085
62.4302	75.3685	74.6868	60.7158	35.1391	78.1897	80.6065	70.7548	66.9777	73.052	74.4071	73.9657	74.3497	72.7446	73.0473	70.434	71.5449	64.4418	56.7427	74.1874	77.3003	77.3719	76.4649	78.5871	75.8761	46.7413	77.8462	76.3751	70.4684	72.9189	56.845	58.6039	61.3549	60.3669	55.3924	43.2317	62.1185	69.9653	73.4498	73.5019	70.9526	75.5812	76.2412	76.602	69.7262	56.6936	76.9487	78.3432	76.1228	72.1892	71.2188	73.7854	67.895	71.8755	71.1015	34.4674	69.7418	74.214	72.4858	43.0379	55.1084	53.986	65.223	53.5258	53.7847	49.9786	59.5897	67.1679	74.2949	45.0888	69.7559	61.455	66.9413	72.8308	73.412	39.4074	55.5893	49.4508	73.411	69.8238	62.8442	73.2176	47.6903	68.564	64.5967	63.3262	58.9057	56.4632	20.7287	55.3231	57.0246	49.5715	59.5708	38.7	52.2513	57.6564	75.5288	74.7625	47.2073	72.8473	66.0719	56.0563	72.637	78.5567	53.9614	68.6325	61.7711	62.5968	29.0334	59.6206	64.8464	66.4727	63.3723	54.5772	63.4191	76.2471	77.42	77.385	78.6522	76.9097	71.7373	63.2881	75.6526	73.4683	69.5615	37.6822	72.5951	65.9545	70.8514	73.6694	72.2465	69.8399	67.0458	37.4019	45.4299	56.3844	21.3703	5.63524	39.6327	63.6637	68.2491	63.3085	45.1644	60.8166	37.196	62.6629	65.2953	21.6416	61.1029	51.7659	21.0205	33.4417	51.5362	50.9405	40.4395	67.8426	66.8226	67.9335	36.7183	67.4854	68.4977	28.4882	55.3893	50.1707	68.7257	67.7363	60.5762	57.1556	75.9428	71.864	35.2261	75.5664	69.1465	66.0973	76.1515	55.0465	22.7642	70.8625	43.0756	65.6777	42.3497	66.6449	49.5579	67.6819	67.6941	74.0552	60.5542	9.61885	54.3276	74.9227	75.1037	70.0558	55.3297	66.7276	67.5423	66.8855	58.3301	28.2416	54.4055	50.8345	63.3004	60.711	36.5384	24.4868	28.6863	63.6743	37.0897	67.8521	73.4907	15.9247	54.8199	63.1782	61.0675	38.9542	44.9293	71.8045	71.4415	59.1578	26.9195	45.7493	54.935	41.0841	37.9802	48.3185	52.9123	53.4796	48.2703	32.2283	38.9263	23.1097	50.9677	65.3625	59.7901	47.9987	32.697	58.8975	52.0695	53.6906	36.7616	37.1727	65.6294	57.8706	61.0914	44.8247	60.6998	65.8343	39.7833	61.3696	59.5063	69.7488	58.4228	66.0873	45.5292	76.0792	77.9909	74.6019
73.4726	74.3352	73.2824	62.5914	29.5919	78.2879	79.4695	66.1588	71.7102	72.5407	74.0788	75.3426	74.6338	72.8812	72.5385	69.4795	74.4487	69.8205	75.039	77.6658	77.5122	76.1842	76.2069	76.4679	69.0383	50.9337	74.6976	76.9572	68.7164	69.7303	53.2136	61.4951	37.3898	32.2622	33.6444	2.12942	25.7262	31.0089	39.3227	47.5144	52.7787	65.6422	71.1027	68.0169	20.9711	75.0377	79.1038	77.1478	73.6861	67.4634	71.3111	73.4718	65.4723	65.321	71.1396	66.9915	52.0182	62.1233	74.4976	73.679	44.4884	44.0898	62.2962	37.1069	37.8132	68.5659	71.6652	72.6448	64.1349	27.5174	65.0877	63.2628	65.9877	55.4132	75.2172	56.6433	71.1456	71.1102	70.4744	72.1402	47.2037	74.1236	39.8069	69.4317	63.16	44.8098	66.904	30.8473	52.6397	45.2875	47.2503	30.3464	55.2884	46.2687	28.8175	72.1848	75.8025	64.682	58.9768	76.7485	61.2443	68.8232	64.4225	78.8777	63.1369	59.1805	65.8455	67.2235	57.1299	63.7846	59.6526	57.66	55.518	67.0334	62.9613	50.0554	73.885	77.1884	75.3235	64.6734	35.1628	61.3599	73.7442	68.7187	68.0021	35.2185	68.3256	64.0355	64.6331	66.1802	64.5023	63.5675	70.1661	70.5229	55.7468	69.0622	71.4826	72.1646	62.6897	58.9207	63.4932	66.2657	39.7177	57.9305	53.4813	32.4288	60.2278	48.6209	53.2833	59.7047	32.7269	41.2829	49.9775	62.7857	48.884	61.3671	67.5647	68.9563	40.0774	62.3382	56.2704	57.9106	51.5752	60.3325	61.1656	70.6631	58.5384	63.8565	75.5245	69.749	30.2364	72.2816	69.3282	23.0603	70.4556	62.3038	29.5268	66.7003	24.4362	54.6185	62.6537	69.5939	46.1135	71.5521	62.6359	75.2196	67.9514	40.3201	23.7394	49.6732	63.6464	64.0983	65.959	68.7721	68.86	69.1419	66.6968	58.1166	5.83273	56.3732	58.5522	43.2532	21.4492	21.3689	38.2704	51.8763	32.9197	72.1728	72.6504	22.4886	66.246	67.3817	66.6314	64.482	23.3185	60.1785	69.211	64.8115	44.7399	38.2285	54.255	45.5515	48.9194	47.4124	37.9754	27.5239	28.8184	54.0163	62.2179	59.1962	3.36019	64.1031	67.4296	59.4342	20.4898	61.1193	13.7373	45.8974	37.5143	48.9112	9.73689	56.3784	63.0775	48.1516	63.2282	65.4643	59.1159	39.5609	65.6351	44.8269	65.8932	75.4474	73.7623	32.3288	72.4477	77.7219
67.7115	74.1989	72.9723	55.0815	51.5224	77.3686	74.6835	74.8492	78.1372	77.6949	77.3296	77.3959	76.4155	75.6564	75.8674	76.9986	79.5155	80.0175	80.7871	80.7109	79.5627	76.5123	71.3932	51.8481	49.8227	63.3019	36.2929	71.8984	73.0911	71.0894	59.8763	24.9283	67.1801	74.956	76.1758	74.778	75.6888	77.3065	76.9236	73.2833	66.2648	54.6485	30.4152	27.9517	67.478	76.8	77.2951	75.3902	72.418	69.4565	73.7031	73.7712	66.2989	68.8713	70.8798	76.4184	74.5842	69.1295	63.5247	69.3759	70.5866	61.2927	30.1667	57.5111	60.357	69.6797	67.7099	56.1728	29.1412	63.9738	70.3316	73.5162	70.442	53.5631	74.196	52.6951	75.1422	71.9008	64.5484	66.1777	13.1677	74.5692	29.1214	70.4703	61.7657	48.0159	69.3543	49.6806	66.7742	36.949	56.7929	72.2375	73.1702	72.6548	71.5104	73.3735	70.0249	29.7905	73.2998	75.1768	53.4611	72.3351	45.034	77.4231	69.9027	19.5645	23.9145	18.8683	57.4431	59.7996	52.5515	55.2851	57.9938	70.6572	69.2575	59.6331	29.7574	34.7749	69.2379	77.1023	77.7378	71.3414	65.6438	67.5689	71.8654	71.9377	64.0463	41.3932	41.9349	24.4522	56.2778	61.7212	65.6389	70.5455	68.9702	65.1412	64.1253	25.9766	66.7916	72.2565	66.7214	49.2623	61.7666	36.7558	37.4796	55.4972	38.368	48.1031	16.8006	60.038	69.2492	73.0327	73.8325	70.9906	67.2108	64.6037	68.0988	55.5478	43.2474	55.4951	19.2299	46.5658	39.7769	59.6399	60.9472	73.5774	49.753	69.0112	76.2668	68.3748	47.3953	65.3808	68.5669	68.4687	17.0586	70.321	57.1248	52.7551	40.8015	47.5984	71.0152	66.5027	65.8895	68.4567	51.2209	75.109	68.4868	42.0518	59.0955	67.5589	64.4676	40.9204	40.4645	63.4017	58.3703	54.6046	51.4158	25.4323	50.5772	31.4772	38.1435	3.83467	28.6315	38.5045	58.5518	61.4919	60.0038	71.6373	69.3957	37.4987	71.3933	65.1114	61.2336	67.6185	58.8438	42.1859	67.5227	62.7636	49.7704	17.8148	50.4347	50.7354	44.2747	35.9383	44.733	35.8041	44.2228	57.9173	58.7774	66.2606	56.0312	32.2453	66.458	71.5691	65.9341	61.207	34.67	44.5415	38.5887	30.5984	32.8523	53.3845	56.5342	48.8682	57.0448	56.5654	51.662	22.2822	62.9156	61.4579	58.02	70.0024	78.3231	78.0761	73.0973	55.3278
73.4436	75.5204	63.4529	26.8482	67.1756	70.299	66.7949	76.8813	77.2918	75.9266	74.2202	73.8378	72.7022	72.158	73.0487	75.4199	78.1028	78.372	78.6816	78.2602	74.8339	64.4637	31.0471	65.8838	76.7145	77.8985	75.3252	42.8978	60.859	51.9843	27.9208	56.2487	72.4657	73.0541	77.3136	79.3112	80.0451	79.9803	78.7365	76.2571	74.3195	73.7506	69.6764	43.8318	72.2092	75.6916	72.9364	74.945	73.7233	23.6001	67.8056	71.6653	59.4478	67.2532	63.647	72.5394	72.5943	68.5673	65.9557	41.769	54.4158	70.2486	59.244	59.6484	72.8252	68.7665	37.5511	52.1961	62.4113	68.4226	68.015	71.6626	55.6211	64.0865	70.1534	50.5523	75.7607	63.9301	58.709	50.5131	32.1497	73.6939	24.2568	71.3479	64.7105	32.8515	67.6301	44.7108	64.8694	56.1528	72.8438	69.5004	71.1519	67.9315	48.1661	64.0145	63.9747	62.4407	72.9867	72.9229	55.3633	74.1692	45.5014	72.1254	71.3118	62.6037	60.0906	66.2069	63.2598	49.4142	45.724	57.8572	76.1585	75.679	63.4563	13.3782	70.0974	77.3928	79.3552	78.7845	76.3184	69.1536	59.324	74.1319	76.6024	78.2514	77.5729	73.1247	67.9079	63.8304	40.4262	60.2899	64.5742	65.6935	67.1837	65.1559	42.1865	70.7519	62.9921	66.128	65.3112	55.8829	40.187	58.939	51.636	22.365	35.8659	23.2259	57.4673	39.8612	49.0758	62.4781	66.5727	69.8749	67.9594	71.5893	74.714	65.2563	61.9147	62.4407	60.6255	64.0899	72.659	74.4025	73.5049	70.1646	20.4957	71.3423	77.1791	64.9064	56.5781	50.2632	62.934	74.2533	62.1131	74.5028	71.825	54.5067	45.0372	39.9696	70.8882	50.4535	67.4734	54.2449	55.1343	74.7591	67.2209	32.0574	68.4354	71.3371	73.042	70.1748	59.4359	46.5746	70.3201	65.066	63.5489	63.8843	21.671	54.0774	55.4153	31.8439	51.3147	64.6586	67.8975	57.5254	38.7357	65.2301	65.284	44.8153	73.1484	61.9525	53.5222	61.7643	64.3151	33.9167	69.1997	66.7038	34.9421	20.2152	35.1264	45.6201	46.7989	40.5714	49.1473	9.16071	46.4349	46.2995	27.2549	62.6203	62.5426	33.3395	30.2541	61.2958	68.1273	58.2559	27.0608	43.9688	59.7195	36.2913	57.0763	51.4219	67.3216	71.7311	67.0108	56.4765	52.3409	38.6522	31.1101	18.7617	35.8253	32.9465	58.6708	74.7549	76.8904	76.2286
77.4817	76.6257	19.5123	64.8686	73.2904	52.798	65.9556	69.7078	63.1347	53.3247	47.4659	50.4183	51.037	48.9384	49.5071	56.2544	62.6766	61.9757	64.6418	56.7938	21.4604	19.5123	52.028	76.9697	79.1595	75.8749	79.6441	75.5868	64.7365	68.8429	65.7473	54.0729	70.1223	71.4703	56.943	68.385	74.7402	70.134	71.9188	70.2192	70.0765	72.7837	75.6903	15.7021	72.2271	78.2932	75.2696	69.8831	67.2869	63.3093	41.9859	65.1079	36.2603	59.3888	52.7359	52.1957	63.1745	43.4517	51.0617	55.7663	48.3452	48.3865	69.1523	54.6751	75.2304	61.2197	61.8573	57.1747	43.2407	66.5695	55.9192	64.2727	45.9256	61.2474	66.7684	37.4149	72.9485	56.1946	51.7343	39.6623	46.1674	73.0307	48.9214	69.4121	69.1763	27.54	64.5185	23.0138	54.8228	69.7726	68.996	60.5329	67.0903	61.4781	64.2548	68.623	63.1803	63.3189	70.9998	73.355	48.5466	73.4065	61.0885	64.1451	66.3532	29.3414	55.3201	58.6677	40.1034	25.1616	61.0704	72.9886	76.7583	51.6217	70.168	73.2097	75.6809	75.0864	71.1399	55.2328	73.2386	76.2115	49.7067	59.6307	60.9027	53.219	16.5221	60.3692	68.543	70.6514	70.9577	47.6648	61.7883	59.0158	60.6835	68.9338	69.7254	64.8064	74.3015	72.0916	25.4056	59.38	61.0449	45.2976	50.1557	42.8043	51.1973	29.5002	62.72	46.1052	52.7724	61.8013	47.3397	49.8895	64.4357	69.7543	68.7454	68.7127	74.3017	50.1465	58.8635	68.0031	71.2116	66.4761	52.0783	38.4488	15.0734	68.3463	77.3908	70.2698	41.9959	20.6654	15.0052	74.6859	69.2893	72.743	76.3713	35.8616	37.1619	64.8205	62.0065	47.1464	56.8159	25.4504	61.2019	72.1522	67.7466	13.3467	71.0953	71.5774	57.4134	66.7056	64.0862	37.8911	67.4496	72.932	58.5465	43.7961	60.2853	21.5505	54.2252	4.9394	59.3253	56.2715	12.9084	60.3012	61.8013	69.133	66.6259	43.879	71.7092	63.7137	29.4278	52.6938	63.5862	58.4789	66.1593	71.2769	34.1036	19.2383	22.4002	25.4354	24.7056	55.0814	55.251	53.264	57.3621	44.8274	48.7645	63.148	64.4911	41.9671	45.2036	19.7325	46.9939	52.2818	46.4579	29.1139	60.7062	50.2668	58.5251	58.9634	46.2357	56.8529	67.2486	66.1543	64.8228	58.7879	56.6066	61.6853	62.2015	60.917	67.6601	68.5848	65.5634	58.6044
76.2221	72.2138	36.3789	70.3779	74.4654	53.4403	75.4783	61.4191	38.6778	23.8235	16.6131	16.8357	22.1686	22.1594	22.5164	31.1866	42.6043	42.6903	48.2541	29.3492	14.5265	26.5686	58.7329	79.194	78.8959	61.4187	79.2392	75.9368	64.131	65.1534	63.4097	38.0135	60.4973	72.7718	70.418	67.9481	62.5245	60.2004	66.6983	62.353	58.382	72.4129	77.7184	19.6246	70.4151	80.3845	78.0768	62.4692	42.4632	36.152	38.2574	55.4795	19.6943	54.5112	60.7517	30.9305	65.6013	27.5851	28.8724	40.2416	48.3929	11.8414	65.6914	49.2842	73.0398	35.613	57.5182	59.5567	23.5133	70.1151	46.091	42.1436	47.969	47.8571	66.4948	22.0501	66.4348	63.2233	24.0147	34.3974	52.5569	72.5277	64.7758	64.6546	70.0176	39.6309	59.5393	29.8567	43.4991	72.6135	45.4325	57.1436	65.7033	39.9611	45.9663	70.5738	62.1797	61.4801	71.656	73.6992	32.5605	70.5396	62.0667	60.1091	64.5315	38.3312	48.792	45.2219	37.8956	48.7667	70.2214	74.8797	67.1588	55.3953	64.833	61.1918	69.6595	66.6039	48.9029	67.7193	76.3666	75.0897	19.2234	72.1751	65.2615	65.52	62.2463	25.7888	61.9854	66.068	74.5952	65.2229	56.2898	44.8337	56.1801	64.1864	74.4817	26.266	69.2919	75.0915	60.8168	50.4683	56.3954	53.1835	40.0132	21.5642	50.6848	17.1039	57.6718	30.8731	32.509	48.1461	45.6544	38.8282	45.1494	55.2127	58.8529	71.5726	76.0392	52.4764	42.3277	51.2026	53.9156	38.2749	16.8545	21.1418	16.7503	55.7434	75.0655	72.7398	33.7372	26.3874	41.0153	72.431	69.4429	66.3156	76.4372	54.5794	55.8518	62.3127	29.2101	56.8181	50.0257	49.3696	64.2112	69.1466	68.2453	13.6361	71.2875	73.3612	31.0991	62.6636	54.9959	55.0584	45.9802	71.6272	67.7372	11.3676	57.4376	36.9777	43.7825	34.4309	62.8665	58.8392	58.4586	57.8	47.7946	72.016	69.3246	39.3101	66.896	68.0551	23.3763	44.9084	61.7021	64.9457	55.6317	72.2912	53.1729	13.9531	44.369	38.1853	34.8762	59.5923	52.3817	66.3991	58.7852	39.8233	52.29	66.0462	65.1579	35.2296	46.2015	37.6351	55.8005	56.6966	34.4163	37.7811	40.8598	50.1549	48.9037	55.48	58.7255	48.3522	39.7758	49.6226	65.047	56.0354	45.6317	47.4938	48.9964	49.8662	60.1654	65.9075	66.3428	65.6357
72.6903	62.6773	60.5993	72.2435	71.1276	63.2969	77.1176	55.0938	24.056	15.0514	12.447	15.0514	19.227	19.9063	16.6457	16.8304	18.9061	21.278	30.1812	7.01194	30.5288	35.1026	60.9192	79.7444	79.4871	56.3319	79.4602	78.2465	47.1629	61.5943	70.8771	76.6115	74.4048	60.0872	70.0847	74.9079	66.0048	59.1754	69.7359	59.743	50.4553	72.8602	76.6707	35.0594	67.5823	80.4882	79.6103	64.6039	52.1634	58.7286	47.3325	50.9562	40.8946	53.9764	63.8327	46.892	69.9849	57.361	43.6883	42.1825	54.0602	45.6118	65.5885	52.1454	71.9246	55.2227	49.42	66.2984	20.6933	69.294	48.3252	34.3007	52.8775	42.3924	68.7799	66.2243	68.0824	61.447	11.9468	25.4328	52.9484	68.9743	66.546	58.0472	63.4325	57.0223	41.9709	45.2743	24.4	72.9938	35.6758	64.2057	70.4703	48.6723	50.5367	72.035	64.3804	59.4922	73.2174	73.18	51.2576	69.6637	75.7125	77.4212	73.5883	67.6792	61.9829	50.5176	24.5868	35.4789	69.5574	74.536	17.6163	74.2607	70.488	60.5637	64.8021	62.0641	16.9019	71.445	76.1645	73.9592	24.8515	73.1515	58.0189	62.4174	74.2615	73.5274	61.8612	45.4219	71.809	73.4448	68.709	51.5568	58.3625	54.8934	73.5435	68.5756	59.3891	71.5451	72.694	68.47	55.9997	48.9102	34.4165	21.4637	57.4052	31.7511	60.1734	57.2961	58.0953	60.3797	54.0502	59.6933	59.2935	65.4537	68.4743	64.6074	75.7061	62.6713	44.3942	30.1539	51.4087	46.7838	42.9407	66.3062	69.0081	38.1539	70.5971	74.5457	71.1527	68.0144	50.9027	65.9833	70.8698	53.0759	74.8656	62.4967	42.6448	61.9244	43.0077	59.4588	46.0287	53.9062	68.9386	70.142	62.9443	36.5194	72.2499	72.4303	18.1025	62.3578	54.9416	63.7525	14.1446	69.9839	71.7005	56.2995	36.5162	45.0381	44.2282	15.3522	53.1163	56.2617	53.7309	42.4136	58.2885	71.807	67.5035	32.4786	62.5388	68.3363	45.4641	41.9075	59.5761	64.6482	42.8621	71.4576	57.0585	12.3134	44.0712	10.2189	28.127	57.2521	46.7899	70.8097	64.9937	43.0829	29.0471	62.0863	57.7857	51.3019	53.2875	39.3579	58.955	59.0789	20.7312	44.4241	34.7323	54.8443	19.1159	54.6827	64.5736	68.0342	67.8109	55.9015	64.3766	65.5678	60.1572	62.2122	59.7926	54.2124	38.0313	42.5144	51.9569	46.4627
69.9557	38.7146	67.2898	63.9197	63.9397	72.9577	74.8482	52.8667	25.1084	12.5242	7.17827	6.6236	2.81991	11.5567	18.5908	21.4249	25.9281	30.5142	18.5377	40.3222	58.7377	55.5961	61.2605	79.6999	80.5636	66.9209	78.7234	81.2953	61.4191	70.2583	71.1142	78.1607	79.2018	72.9919	46.5042	76.2258	76.9696	57.8908	73.2759	71.875	66.1013	71.7885	73.1781	49.5425	55.1462	79.6355	80.2511	73.2982	59.3915	29.1605	50.9319	60.8939	63.2103	56.7711	53.8723	40.8558	57.6979	51.8583	51.6584	53.5707	58.9812	57.8923	64.8996	39.2616	68.8381	62.8695	55.9464	68.5759	35.5643	63.0517	49.7945	48.7462	53.3865	21.8161	51.8997	45.7223	47.6658	22.2655	47.736	39.7873	50.6278	56.0876	57.472	22.5101	45.4712	54.8553	48.399	58.8539	43.1105	71.6022	52.0735	66.4738	71.3401	49.0495	51.1864	71.9893	69.764	51.3135	72.8457	72.8077	62.1436	53.1406	71.1142	71.5264	58.178	61.6826	55.201	58.8036	58.93	55.918	72.4749	75.2634	56.9111	77.523	67.4958	62.6709	54.9416	56.4531	44.999	70.294	73.933	72.8022	19.4227	70.8884	71.7072	66.0322	69.4847	76.9255	72.6113	59.4531	32.1855	69.066	71.2506	69.0812	70.9239	46.816	63.765	73.9849	68.1833	31.4144	61.4328	67.4577	58.5857	22.4274	31.2551	30.0024	66.6733	61.4327	65.4164	62.3061	56.8561	53.7004	59.4724	23.2932	64.0158	69.6942	72.7033	40.6482	73.7849	72.937	43.5085	64.2656	69.7441	67.1518	64.4701	74.406	74.3969	71.0725	59.6803	70.7384	62.2624	58.0859	56.2395	41.9016	70.0013	22.7023	70.3349	71.7185	35.4347	55.8991	61.3522	41.3052	41.8382	67.1219	73.6739	67.4406	39.4153	44.9096	71.7823	72.3	42.9584	64.0101	54.8872	68.1181	62.9096	62.9292	72.0578	69.3535	56.3342	31.1517	13.8002	27.2418	31.6277	52.5431	40.8023	49.6385	60.8099	65.7671	59.8798	23.0819	61.7827	65.2988	44.7498	44.368	54.1309	59.9931	21.6786	70.7911	59.2193	24.0114	40.8238	39.8501	33.5719	57.8156	46.577	72.377	71.5066	47.1966	48.4757	36.7019	29.3136	41.3237	54.884	23.6705	59.9519	62.7624	37.4471	57.3715	40.4314	60.9185	59.6068	16.8717	46.8728	57.5497	61.3436	65.8074	60.3865	71.6654	54.6201	67.6347	67.8238	65.1884	50.289	60.4774	64.6868	48.7934
58.3384	33.9118	65.9311	69.8539	74.0852	72.9885	66.3622	34.6859	4.7689	41.2408	61.828	67.0276	65.88	61.8979	52.5854	24.4834	12.1699	10.4931	34.796	67.238	65.2731	53.8456	57.3041	79.8029	80.716	67.5687	72.5322	81.0154	74.7164	61.1532	73.9425	72.1162	69.3314	78.7106	67.5317	63.7116	80.5023	70.3818	71.6333	72.413	72.3232	74.2899	71.8235	63.6297	22.104	77.6222	79.6748	76.5152	76.8981	71.8336	55.3449	38.2808	41.2101	33.5559	56.1835	71.0872	71.3363	64.9382	50.5006	24.8773	45.7882	56.8822	59.4337	32.8429	60.9351	53.0336	59.4768	68.7466	45.0515	65.1305	61.3428	50.7536	36.8644	22.6288	48.6842	50.9992	62.725	67.7222	62.2171	53.9321	51.3763	30.8781	56.7901	42.2621	34.8104	35.5116	62.4187	62.5919	39.1218	66.2003	23.4767	62.3204	62.9416	43.8803	35.8051	69.0342	70.9233	38.6902	68.2024	72.1765	68.7039	64.3466	66.4242	68.5557	70.9402	68.1553	60.0545	54.6425	67.5729	71.7048	69.6729	71.3205	59.5098	78.2241	66.2258	39.0645	41.8296	40.803	54.955	66.7212	71.2885	68.1465	59.1451	43.3459	74.2418	76.281	63.1429	57.3017	68.5669	68.2781	65.3539	52.4397	33.1587	29.2962	64.6416	71.7095	66.078	36.5354	66.0604	61.7287	57.3927	47.7684	64.6199	39.7859	27.8398	54.0163	70.8937	50.6037	43.2525	52.0768	61.1196	67.1217	66.0584	48.5083	64.9127	47.7586	69.8895	62.8296	69.2618	75.896	47.006	73.6064	69.9557	73.0085	70.7056	72.1814	72.5819	76.7515	45.2639	71.0491	64.6602	63.2222	50.0324	17.3458	62.3481	59.6087	53.4856	69.435	64.3996	41.6848	28.5318	55.7954	64.0331	70.9569	65.5782	46.8228	65.7116	45.075	67.2566	75.0812	34.483	60.1074	27.6093	65.6294	68.1545	13.961	60.0078	66.6241	64.271	62.6517	61.1205	35.8057	16.8318	12.5831	56.2227	48.6097	39.2218	60.4606	52.0763	26.1644	62.5674	64.4331	24.4599	33.0513	39.94	60.154	5.10951	69.2326	64.4248	39.3256	31.5873	46.5988	52.1176	57.5637	40.6786	68.8437	75.201	33.9946	59.97	48.3157	43.6701	55.1654	36.6107	18.2831	60.3683	66.1167	48.7468	65.5701	56.5218	41.8686	66.7386	71.0481	67.846	62.2928	63.8284	67.5203	58.2591	75.8126	66.5378	31.9869	65.6991	61.4824	57.0716	59.0646	69.2858	20.2992
40.9979	37.9662	56.2704	61.8774	59.4279	52.5922	37.7551	4.64921	14.0686	55.5441	68.6698	70.3132	73.9202	73.9021	71.6884	64.0773	26.6415	31.908	65.4182	74.0437	59.3988	55.1545	56.1349	79.954	80.5444	71.8047	68.7991	79.9239	77.0835	57.6857	71.9631	77.4928	46.4441	76.5295	76.4653	66.6617	80.2053	76.0534	70.1692	70.6661	73.0171	72.4104	72.3704	74.1455	65.4216	69.6693	78.2084	78.1485	78.1849	76.7059	75.2201	61.8638	67.6143	71.292	67.6236	59.5098	49.9425	50.1511	57.748	58.345	17.4747	55.6846	43.014	38.8726	61.9337	53.8783	64.067	65.9742	55.2296	69.0289	59.515	36.1293	8.2193	21.7943	36.0406	38.7723	46.7421	53.018	51.9852	53.6489	55.0601	24.363	64.4244	44.7834	52.1298	63.5659	71.4362	74.5216	72.0296	50.6783	27.4627	58.7473	51.7844	65.4512	60.4102	71.3329	69.1343	50.5939	68.8907	65.6668	54.2659	58.6573	59.2303	59.1836	59.7733	61.7264	64.1336	67.2608	69.5719	61.1337	53.2221	71.2936	32.1541	76.3856	72.7664	32.2505	52.9317	45.6958	63.1051	66.3319	67.1736	54.7683	65.3201	56.1716	61.9145	75.8073	74.4738	40.6699	63.5924	66.7464	65.5838	60.4145	65.7964	65.1562	44.5221	60.8359	72.6953	61.9215	34.0563	55.8255	55.6208	38.0885	61.036	25.6897	46.247	67.5431	60.8238	38.4014	66.0176	67.5616	62.7421	49.9118	37.9492	70.7003	54.451	68.5946	68.6708	43.7857	64.0164	74.2296	36.0668	73.2507	65.882	72.2859	73.1534	66.6484	74.4155	77.002	46.4481	73.8059	69.0983	66.2413	67.2371	60.8424	62.0583	68.5455	39.6315	65.327	52.2358	52.4485	38.0657	59.7488	53.2456	62.0637	48.894	70.7135	68.7799	65.2696	50.8838	76.4692	56.7528	59.0336	60.1916	56.6781	56.9101	57.6352	21.0913	57.676	62.7459	40.1696	18.7095	57.3581	47.1968	37.9467	47.8944	39.0821	50.372	64.6019	43.1571	37.1581	65.5178	65.8653	31.5321	38.1334	39.7196	64.5882	18.5391	65.361	67.0818	57.6096	29.9047	56.2076	52.6391	55.7039	35.2362	56.6988	71.6498	66.7479	21.884	65.7729	57.2029	26.7343	49.0009	50.407	56.1934	69.409	37.0685	54.9903	67.0973	55.9207	25.5914	56.2981	68.1958	69.5688	68.8343	66.6407	62.102	75.674	77.6438	54.5485	62.8832	56.6124	60.864	47.2194	72.4072	33.5744
8.01295	26.9715	46.6352	56.502	56.3208	44.413	25.3779	30.6925	42.5647	63.7645	71.7151	68.288	69.3599	70.0483	71.9371	67.1872	69.6099	75.2947	79.1737	79.1066	74.6797	71.0937	52.7036	79.076	80.4256	74.1296	45.9563	77.8038	78.0122	73.9212	56.5377	77.2005	67.1655	64.652	77.2309	77.9506	78.0905	76.6848	67.0027	70.6337	72.1593	70.3123	72.1485	74.7296	72.0269	12.4189	66.849	71.5613	75.0724	77.9816	80.6764	79.378	76.7092	65.4492	34.6761	49.841	49.3773	53.3527	55.8055	61.5154	50.9838	51.713	37.7977	51.7647	35.1033	52.1794	62.3225	69.6386	69.4883	64.8178	28.393	62.8644	70.4155	74.0222	74.9325	73.2194	71.2458	62.0135	62.1325	62.9077	67.7369	68.1003	70.4771	61.6029	49.7061	27.6374	32.2097	28.2131	61.6931	66.5386	60.6851	56.1548	34.6283	14.5508	57.8335	73.1505	61.6309	65.3801	70.872	37.7134	45.2661	58.9435	54.8217	50.2597	6.76304	53.0199	51.3913	55.5014	66.4075	71.1211	72.0903	75.7149	47.4412	71.4065	73.9244	69.0712	61.1831	26.4588	67.7798	67.2773	52.0177	61.3511	69.2493	72.2503	46.68	68.9259	78.328	76.0257	58.0579	38.2389	66.8454	67.0613	65.7058	66.9565	59.1876	55.8557	42.0142	67.0184	60.6799	16.3464	53.7743	44.6604	30.9918	52.9809	58.7066	64.9444	50.3151	54.3625	69.6549	61.2217	10.3889	59.3773	72.0139	65.8474	49.3835	69.3778	52.2285	67.133	61.1962	62.2555	64.1578	63.5928	63.007	63.5447	70.9576	29.3922	72.8633	73.3857	37.6376	71.6534	73.6644	58.8743	41.7656	56.1752	60.9998	69.6326	34.8502	68.7024	57.3088	35.4194	46.0735	59.1896	62.3603	37.1588	67.6952	66.5285	66.1132	69.7614	29.1319	76.5457	65.0797	66.2145	70.5475	25.9565	39.7926	66.8224	62.8031	23.047	70.2606	62.1192	59.3316	11.4763	50.601	46.3433	47.7629	58.5585	66.1321	58.4857	21.199	32.84	64.8577	67.0759	26.8854	44.4618	48.3508	67.5766	21.2933	62.8542	58.8776	58.5415	41.6921	51.5984	45.805	59.7017	37.9081	54.778	63.4884	67.0205	59.1107	61.6033	60.4479	51.7364	39.2307	62.7301	42.89	67.1627	41.2868	33.7882	60.2631	68.7623	71.2063	69.4424	63.1649	45.5744	37.5305	44.0863	58.3458	38.8148	77.783	78.1532	62.0523	30.5003	32.1105	49.9905	62.9251	60.7336
57.4941	64.0633	66.9264	66.3177	66.0547	65.0515	57.9423	61.8034	67.2906	71.6105	73.088	70.5577	59.2943	64.2259	73.9883	49.8831	70.7347	73.7748	79.6739	78.9025	78.4161	77.1492	64.223	74.9291	79.8156	76.5618	45.8797	68.8692	75.541	75.8283	44.3572	71.6306	76.1922	64.5716	68.8291	76.5709	73.8658	73.1692	65.9715	70.7953	64.7891	70.6403	72.3281	75.3328	69.4361	50.2789	42.8903	71.2178	63.5694	22.0181	70.4211	76.2539	71.0616	65.8532	64.8754	54.9185	52.2908	56.7527	53.9801	53.8265	40.1743	50.4857	57.2949	45.3009	66.0269	56.6491	13.7932	57.0764	56.7237	25.6606	69.7225	75.1904	75.6447	74.7074	74.6934	73.6304	69.3353	64.2809	68.6221	72.5313	75.5711	75.0167	69.0119	41.6149	55.5241	72.4763	72.8712	68.1823	40.941	37.6859	68.4706	71.5268	67.7477	63.8516	63.0093	68.0522	55.0601	74.8266	70.8592	60.3024	60.1299	62.7954	66.2118	62.4389	54.2441	39.3039	52.1007	59.2179	61.911	60.227	64.4614	77.1028	56.83	64.2326	67.9471	56.4256	67.1099	57.993	66.1376	65.8124	47.624	66.2903	69.2994	71.1817	65.6252	27.5751	67.9973	78.4829	78.5148	71.8142	24.3679	50.4576	50.7887	64.2919	49.3329	61.8871	61.5236	4.3793	66.2398	61.8315	3.75092	35.5466	42.0193	47.4378	15.8389	57.503	63.5235	41.242	74.2558	73.365	64.3608	71.5502	71.7895	58.4373	69.6122	51.954	56.7953	61.2233	55.1715	35.227	61.3159	47.5707	55.6552	46.9963	25.8116	64.9561	56.8754	61.1444	62.2338	52.3632	74.5124	73.7198	47.645	53.3965	65.3316	64.0719	24.4332	66.7916	57.3822	19.7698	62.6614	63.3385	58.792	44.5673	71.6543	29.1851	70.3016	67.2301	36.673	76.6115	62.1533	72.4664	69.2212	47.0941	59.5378	65.6089	70.5587	64.9925	66.6479	71.7047	36.052	48.8578	15.5684	42.3516	58.1953	66.1904	59.2619	6.97217	40.3976	24.2902	56.5379	71.2696	57.6602	29.1249	55.6168	67.5344	11.5473	70.2282	66.4455	53.6777	26.5057	43.0291	54.6565	64.7053	41.7209	60.1868	62.1103	57.1389	53.5218	45.0486	53.8122	46.3211	61.2617	64.5413	51.2382	71.5822	26.5603	26.8588	22.5573	52.287	61.9452	63.4481	67.7296	74.1084	74.9123	73.4741	72.6876	71.0983	61.2181	78.1554	77.626	66.3872	56.7679	37.6859	43.3112	58.4519
68.2311	68.0316	61.9794	45.5123	45.138	64.7759	71.1606	73.5749	73.9642	73.9878	71.8185	65.3785	23.4613	63.969	73.9077	35.8819	68.1198	65.2339	78.5684	72.3029	75.3635	77.3532	75.3906	64.7036	76.8178	76.4204	68.1907	46.0757	72.8312	74.1313	59.4441	59.6069	77.0037	74.6912	48.3505	66.4631	54.1595	59.731	66.6311	62.9972	59.4853	66.0091	76.9778	74.7143	57.3641	61.566	31.042	74.6921	72.6021	71.332	70.611	44.1137	64.6541	74.8315	65.6907	55.8597	63.1107	46.5661	19.9987	41.2501	39.547	44.5053	54.9266	57.8032	50.7094	65.7034	67.9465	67.1305	65.4832	71.0497	73.058	70.0519	53.1373	11.2147	50.8815	56.884	54.4854	32.5961	28.4382	48.7233	51.1029	48.1055	35.8014	51.58	63.5425	68.9215	29.7741	59.7365	63.0674	63.5668	25.8706	56.2428	61.4943	59.5092	28.9502	54.2539	67.7503	74.1551	61.548	74.0513	67.402	54.8089	64.9649	70.0661	73.2831	67.2125	53.3125	33.9918	40.7291	30.6433	66.593	77.2185	56.7932	66.8543	72.3898	57.7688	32.4786	47.2885	59.4671	60.9102	62.1667	50.9041	65.5644	61.0869	63.1065	71.7536	68.9529	19.8236	73.4382	77.3872	76.8817	70.7741	30.5946	57.196	52.2906	53.2647	51.9731	60.4344	41.7212	62.3873	48.9556	37.3556	57.8096	11.35	58.2094	57.244	68.1819	58.988	34.9556	73.7877	75.2455	72.3595	54.4852	69.4864	72.687	16.7536	61.524	32.8268	60.2804	54.1535	48.9452	46.0987	44.3921	23.5992	47.1677	62.4084	23.1369	39.2462	66.2355	43.49	62.0752	74.7105	64.0127	56.6441	66.0587	43.9113	51.3771	57.0666	55.4418	13.9925	61.5785	61.2364	65.6848	63.5266	64.9351	54.964	70.3583	54.9489	45.8784	75.5086	52.6251	73.7098	63.594	63.6574	71.9355	63.8103	70.5017	70.8416	50.1525	70.8763	45.7615	32.9665	43.0299	30.368	55.6688	59.8517	17.1766	58.1773	53.5181	57.9814	20.4021	69.4596	67.9155	26.8777	60.1329	66.0169	11.2246	72.467	65.8107	46.3628	51.369	56.3847	63.7903	64.478	35.5375	61.4799	62.979	60.0286	53.4787	45.9988	55.3145	39.1065	54.1657	55.1909	61.8445	72.4502	43.4736	31.7634	33.7183	59.4355	63.559	59.0175	47.2457	44.5238	63.949	50.6651	54.2405	75.043	66.7064	51.4673	75.7127	73.5146	60.6124	57.9312	51.4931	40.3271
65.9349	64.4781	59.3346	56.6815	43.3104	63.104	73.5176	76.1308	76.3938	76.5859	73.6215	58.6759	48.7961	62.8851	70.5774	37.4547	66.3586	67.5508	79.8959	74.9128	72.0088	76.5544	76.6985	66.2467	67.4437	75.8798	73.2168	29.3766	72.7442	71.3514	56.5403	52.3131	75.2599	76.7375	47.7462	59.002	17.0227	39.6702	62.6156	42.1535	16.1757	76.0783	78.8298	63.213	61.4121	71.5461	70.6904	70.9004	77.6488	62.0612	58.4812	70.5588	50.6516	71.5314	74.7422	65.1452	47.3899	55.1584	53.9141	50.4719	46.3286	24.1204	43.7751	64.1592	59.5728	40.1183	63.5179	70.8631	72.8992	74.4101	68.9203	41.9575	49.8009	68.6008	71.6883	70.8652	68.8511	67.254	59.3985	29.8278	14.1008	36.3249	53.8521	55.2278	56.9455	59.5342	54.9566	29.6413	59.157	66.2163	67.8603	61.4269	47.1459	45.3151	21.4911	25.0412	54.6989	60.0125	54.877	75.6496	74.3588	62.3012	62.2955	67.5484	73.542	73.9961	71.5839	58.6519	60.5484	67.0816	71.5171	76.2629	49.1365	70.4383	74.1768	44.9607	45.0687	31.7355	54.1591	50.3847	67.7573	28.5699	68.2412	42.0677	66.4312	71.6595	75.7486	73.4951	36.3628	61.8023	67.1688	74.6091	72.3081	44.5657	32.4187	50.2802	42.8986	62.0471	31.6189	57.2843	56.891	44.3873	56.88	48.88	43.8349	55.846	48.4098	67.2914	70.5288	51.6546	61.4413	19.1714	54.01	67.0886	72.8594	11.7103	64.495	30.7822	59.7208	64.1644	65.3873	50.4887	20.0646	19.4307	36.1441	58.0114	61.0799	55.6969	64.5661	66.1135	31.3122	72.8066	69.5731	47.9375	60.7152	55.3838	39.5109	26.5177	47.8994	57.5731	46.6955	42.6533	64.9814	58.6379	16.3388	60.3388	50.0376	53.2873	45.8025	73.2883	45.2476	73.2969	54.825	69.8603	70.5874	28.8313	71.4205	70.4677	34.638	64.3416	37.1283	15.3027	39.2558	49.387	59.2513	55.1856	29.395	67.1309	46.0324	65.5296	21.8581	64.5665	69.1486	15.7445	61.5037	66.254	20.5035	70.3498	68.0401	51.2441	64.96	59.2845	52.6503	63.6232	28.7823	68.3807	65.4583	54.3977	54.65	39.7796	52.5824	55.3089	60.5174	52.9059	62.6953	70.3091	43.1753	44.5674	40.862	55.6759	55.0622	51.7334	60.8004	56.7736	46.8439	49.9437	59.7521	68.537	68.9686	58.3749	58.1172	72.3944	69.1462	67.3136	30.0949	62.8046
73.5875	72.8847	71.5315	73.5415	69.6187	69.1516	74.3745	77.232	78.7829	78.414	75.9883	72.8123	69.0018	65.6121	70.4499	50.0291	64.9822	63.8428	79.2336	78.0641	52.125	74.5366	77.4765	75.41	55.4872	73.2105	75.2942	1.72211	71.7972	69.3554	55.2089	64.7634	69.0064	75.6341	59.0516	50.6989	40.8256	62.9403	70.4711	64.9819	65.7815	75.8996	74.2001	67.3827	75.9586	76.0065	78.6921	64.4569	70.921	77.9483	73.1525	62.524	74.9415	66.5438	66.6575	69.111	67.7689	65.4526	51.0336	46.7335	30.4746	26.6989	25.5327	49.7378	65.9196	67.6742	48.7464	49.1266	65.0287	52.7774	40.8455	62.8123	68.9272	71.2675	67.4261	65.666	68.1178	71.072	71.3582	61.0945	54.6505	41.8915	35.1101	61.5075	64.2281	62.6031	66.344	59.0838	50.3501	46.2422	20.6474	63.9207	68.9797	55.0113	36.6697	63.3736	71.5397	75.3471	77.2857	76.8447	67.1923	50.3905	65.6764	63.9857	36.2011	52.1023	73.8063	76.652	76.0576	74.3391	71.7438	70.6349	14.0542	72.9195	70.6415	47.0053	15.0136	41.9808	57.8851	52.7169	65.8177	40.9035	65.728	64.8694	67.8789	64.9197	73.497	77.2159	43.3955	67.8924	57.4438	24.3312	72.1183	72.1642	58.7247	41.3584	45.8264	61.4324	58.264	62.4697	57.4953	49.8229	59.5015	60.0868	39.0782	55.6478	46.9455	44.4251	75.8794	62.0134	71.022	74.4943	70.8359	60.8868	70.5329	26.2307	67.1344	60.1471	64.4362	66.7492	62.3324	56.3231	33.1384	60.5258	63.6484	60.3033	44.9761	32.0752	52.7102	64.2491	68.176	66.374	63.1344	57.4808	31.7114	15.3848	46.7439	50.4026	65.4737	66.1807	57.7404	56.6855	7.49218	37.6828	51.7392	59.7446	60.7346	64.4663	57.494	69.8179	38.6085	72.3332	43.6442	69.0075	59.7879	61.3198	69.4452	65.6911	25.6832	60.9769	41.7991	18.5076	48.9805	63.2429	54.3652	39.1111	46.5479	66.8518	34.8025	67.314	47.0752	60.1005	68.9969	26.32	62.7002	66.7413	32.64	67.4752	59.551	23.6819	51.7882	58.9203	62.3383	70.2396	27.835	72.3604	64.215	38.0043	47.6366	44.8323	58.6578	57.9293	57.5943	53.5505	44.0902	70.4665	69.8233	55.2887	35.8924	55.4621	59.1242	36.4404	64.3085	56.6058	53.3171	60.838	58.346	47.9733	57.9759	69.1203	39.5809	71.9791	76.3144	70.5924	54.2906	65.6901
74.8089	74.6124	73.4013	75.8964	77.1589	71.4254	72.5987	74.3049	75.5348	74.11	72.1266	73.9207	74.8016	74.6166	75.4381	61.9446	69.9233	67.4738	74.5101	78.1628	69.6682	55.9845	75.1756	76.1146	68.7074	61.3181	76.7254	39.1847	71.447	67.7901	55.4063	66.6035	55.4473	68.0424	67.9414	18.4085	66.6313	70.0588	65.9937	49.5438	13.5223	70.6424	72.6869	73.6906	75.073	75.1117	78.5942	77.789	57.2237	74.1822	80.1617	76.3564	67.8604	74.1497	63.6463	51.0482	27.9981	32.436	34.7528	35.7059	39.6162	35.096	52.7223	44.3549	27.2188	67.4122	65.5925	66.3863	44.2626	60.2281	70.287	68.6992	63.0539	61.3556	50.2948	42.2799	53.7505	62.9057	69.3229	61.2505	54.0915	57.9082	50.1297	28.221	60.6231	68.2751	72.6266	72.1396	69.8311	62.2697	57.1907	57.457	32.053	56.6553	58.7025	52.8033	60.9336	66.8918	68.5561	52.3292	53.3593	71.8373	74.4994	75.2699	72.4851	63.2884	55.278	69.3986	62.9684	22.5359	46.8361	65.0337	60.5575	66.159	65.0583	60.2235	56.5751	50.9546	37.8239	58.9909	53.264	30.3272	62.4235	66.0572	46.2797	31.4019	72.6376	76.3551	17.8456	70.9265	54.4044	65.0592	23.4879	70.8564	69.2847	60.6548	13.2016	45.7697	43.861	54.5734	36.9464	28.5008	43.7103	20.8764	33.2774	44.9982	27.4428	12.0606	76.1834	53.0074	76.125	71.904	64.4612	56.2382	58.7485	58.2881	66.5796	58.5008	51.642	64.6017	66.1524	59.4579	13.1493	59.1555	54.4613	66.8062	73.2578	60.3272	38.8727	35.3341	64.8001	61.5883	15.2417	58.2367	59.3479	44.8211	48.7969	57.2575	56.0703	52.1576	65.6749	58.9068	56.7655	48.748	27.7589	56.0715	56.7391	59.6057	64.4471	62.2494	11.4304	67.6014	49.419	64.0839	15.1607	61.5247	60.1696	48.7972	10.5571	55.4175	57.0923	19.5625	61.9867	65.891	19.9562	51.8363	47.0147	62.1518	29.8443	64.9073	51.6275	58.4252	68.1215	13.6829	63.7578	64.625	40.3068	66.7992	54.8132	40.784	44.8242	50.6012	70.2539	73.279	28.3078	70.3163	61.1205	52.011	41.2356	40.1667	53.6871	34.2165	37.0083	58.6438	50.7595	51.95	67.5614	70.1988	65.2868	47.5759	66.3642	40.4265	69.2081	51.4052	57.7802	50.1289	40.9316	45.0841	57.1647	62.461	57.5467	46.6615	75.8319	76.4667	65.7966	61.9799
67.0567	67.088	66.8112	67.9753	73.8455	72.0645	59.3552	74.4905	71.3599	33.0044	63.6148	64.1575	69.981	72.4827	76.5518	59.0145	75.1787	75.7522	72.3711	67.7886	75.5838	58.1707	63.4471	71.6777	69.3256	40.6441	75.8603	56.0945	69.3291	64.385	53.146	60.7043	49.6565	42.7451	71.6859	41.0845	72.4718	66.1445	62.6403	70.8446	69.6399	72.1258	68.0951	70.5531	68.8608	65.2847	71.2706	78.0388	74.1241	51.5476	79.8843	80.5519	68.2251	29.2466	58.7321	60.1875	48.9112	22.7047	54.2299	70.3898	74.3492	72.9572	69.5635	67.9774	70.2748	74.6333	75.589	71.1407	53.8657	74.223	65.6595	55.8791	42.3454	35.0571	58.6782	48.255	32.1779	35.2791	64.9966	61.9543	47.5919	52.7514	61.5877	58.3572	50.9844	18.8141	54.0768	59.3704	48.4733	53.4226	63.9888	48.7836	55.7008	49.2331	54.1135	63.4785	61.5764	60.5634	63.2263	60.3796	62.8441	55.8603	51.7818	58.9989	72.2708	70.8504	45.9544	44.4731	71.1443	71.2446	70.8331	72.852	70.9828	36.3074	67.9724	52.9956	32.494	53.7972	51.1548	55.7326	57.7074	53.1807	55.0384	49.981	43.2285	62.2199	73.668	72.6741	11.5708	70.1858	57.7011	65.4232	52.7934	63.1952	69.3753	67.1481	57.9919	31.6946	50.6839	33.2521	23.0052	31.4494	44.3238	56.9753	66.9333	69.826	68.3546	60.408	75.1833	46.385	76.9405	68.6869	22.6536	39.2721	11.0524	59.654	50.0429	59.3284	57.7199	55.6682	70.0189	64.0367	27.1361	54.9577	67.6384	58.1677	66.8129	69.5057	60.066	61.9278	45.901	34.0692	49.7414	49.3832	36.3594	55.6742	42.728	63.3864	50.0576	19.5031	67.248	67.186	55.1231	60.8292	51.9352	47.1777	51.0599	12.3711	40.559	34.4535	18.27	59.5469	62.1157	49.2281	58.6184	51.164	28.1085	49.324	46.7682	32.1733	61.9113	48.331	62.1713	64.0693	56.0185	51.734	50.6785	53.9376	29.0665	60.3318	48.9088	52.4728	63.3075	45.1271	60.3749	59.0601	32.528	64.5989	57.5567	57.9387	39.0816	67.6151	73.291	69.4455	58.7956	68.5838	51.2568	51.3411	31.8672	36.8401	34.9202	62.2788	64.8369	66.2047	71.333	70.4218	48.6475	62.0405	75.7236	75.0047	71.4163	57.6187	71.618	62.821	40.7304	49.8285	51.4308	60.329	60.6266	57.3375	65.6325	61.4075	52.0071	75.0513	65.4757	65.9937
73.961	46.5084	53.9797	54.7761	54.373	71.2611	27.6911	72.8695	73.7626	28.2514	56.3573	44.8423	62.2144	68.3638	76.9402	46.2279	76.2316	72.6329	60.2772	27.9023	73.9386	67.0991	49.6651	67.9174	66.9295	30.1153	72.1653	59.0641	65.1787	61.4352	55.2246	59.5866	57.0804	16.2755	70.7853	52.5145	71.1343	54.0535	67.0264	61.8175	49.7257	71.9054	59.4454	67.7989	61.7877	65.7755	76.0002	76.999	73.3153	18.0066	77.7149	79.8669	73.5871	51.4369	43.0596	43.7043	38.3122	58.0583	70.9536	70.2562	69.538	68.6107	64.2459	62.5786	66.8864	72.7707	70.4746	49.7901	70.887	76.0834	53.3778	30.8772	46.0129	21.91	53.3808	52.5892	49.8924	32.7716	62.2134	62.1385	43.9675	35.6794	46.5843	48.4135	53.8707	42.092	26.8697	40.1551	45.6487	62.5904	58.1598	35.7041	48.7778	38.3288	17.9362	40.3519	54.7798	55.6523	57.6695	44.5907	55.1064	50.8514	49.2103	63.6109	76.8684	67.8079	8.9527	51.6391	72.2357	58.1193	52.7472	54.9961	76.997	52.7507	72.5742	69.8552	55.451	50.5921	65.0925	39.6862	45.2407	40.6758	24.4873	26.2058	61.8722	70.2949	71.3348	61.6348	14.4609	65.3219	64.7054	55.4399	62.0291	41.4351	65.3381	62.2656	50.6092	53.8069	62.9347	37.7446	52.0149	27.0804	40.8381	59.1164	61.017	60.073	62.0275	62.5851	72.492	46.7745	76.2685	70.8896	38.9882	11.8824	30.7243	53.1438	35.0924	60.4228	69.5653	42.6523	68.4315	65.6127	42.2599	48.3587	68.8085	65.9135	44.4437	63.0685	58.8909	57.7349	56.693	50.1748	37.5175	56.9912	27.7949	53.0974	51.429	51.9732	41.019	50.6619	46.4033	58.5353	50.2627	48.6697	35.7258	33.7164	50.2418	33.5241	46.357	43.0718	28.6602	44.226	48.7337	37.5175	65.9033	28.629	37.529	42.3646	60.5968	17.8361	52.8502	47.0552	55.0492	61.6653	59.2976	50.717	37.9831	47.9212	28.3657	57.9569	45.8581	41.2204	51.5695	35.9507	46.4677	51.0362	12.7802	59.7459	54.0308	53.9936	39.585	65.3542	70.982	65.2294	65.0695	70.3527	46.1298	44.2454	27.8455	24.9996	51.0352	43.9873	48.5327	50.1868	66.2394	67.2543	68.6356	61.6435	57.4688	65.2428	61.8353	49.8932	68.2703	67.6033	34.2112	40.6601	42.3229	53.3311	60.6758	59.4598	60.5421	71.2144	29.4493	74.2222	62.978	65.3479
77.3733	64.7509	68.3298	50.1919	41.0668	67.8139	37.9808	71.1571	71.434	41.7079	50.277	44.6892	58.4036	66.5918	77.4616	58.6171	76.5748	74.5152	57.4211	62.5139	65.1668	67.6799	47.4018	59.9422	65.4304	51.3017	65.9653	54.8482	58.2173	56.0513	54.7259	58.8304	54.3226	49.1158	65.841	49.9872	60.313	61.0423	66.115	18.5805	48.6363	66.3844	54.5047	62.1773	39.4375	74.8808	77.7453	69.7529	70.0752	60.0576	70.5773	78.5603	78.2487	77.2674	76.2177	77.1697	78.6922	78.7326	76.753	68.353	63.7518	67.4802	68.9496	68.5613	65.1873	60.7584	45.7038	48.5005	72.9345	74.5464	46.9097	9.47783	46.0971	58.8321	62.8485	58.8866	42.396	42.4011	63.4116	50.3257	25.1175	26.1631	19.6708	39.7691	60.0698	69.1338	69.2814	61.694	57.658	54.9953	46.227	55.5142	46.4964	46.3896	53.0235	42.8812	7.59203	31.704	45.3013	58.2865	59.5892	41.761	37.994	72.4392	76.7873	47.1732	59.2235	67.3481	71.5553	52.7949	18.0648	54.173	75.9335	51.3243	68.6709	73.1693	59.1148	41.2981	60.7935	23.8801	16.085	38.3327	60.8417	71.2579	75.1595	72.9649	51.8363	68.7756	68.7542	45.9288	68.2813	47.0636	70.802	51.9247	48.2129	58.9546	55.5115	64.3032	68.204	16.8092	59.6529	25.5242	45.7905	51.6559	57.311	60.0041	18.0893	53.9362	59.95	46.9336	70.8706	77.1339	77.6979	73.9833	59.477	15.2738	44.1261	68.2656	71.4311	51.7723	69.5887	68.9115	8.16322	70.2679	71.7245	56.6679	48.1772	59.1663	49.3474	47.812	41.9381	40.662	40.8605	59.7068	40.2374	54.7631	39.8738	53.1091	55.6721	64.6785	26.7586	64.135	64.5809	23.0148	48.7744	57.6718	63.5474	68.0056	67.1519	68.0735	68.6791	63.0887	59.9591	44.6684	56.7889	53.5338	14.0294	39.6811	60.0739	19.7685	50.694	38.0682	51.4457	53.7071	54.2056	41.3463	48.1253	55.1755	53.3227	47.4739	37.9313	36.331	44.4631	31.3227	50.6842	60.6161	48.8105	51.75	52.8031	50.4934	19.2651	64.554	70.6541	64.637	59.2922	73.9279	60.9416	36.804	28.0876	27.8451	59.6556	55.2487	47.9325	43.977	54.2449	62.7082	66.4302	66.5476	63.9873	58.4913	50.3417	34.2051	51.3867	71.6273	71.6003	56.9023	46.3068	41.7036	38.1681	26.8651	43.772	73.9509	62.1437	73.1898	74.834	73.9024
78.3846	75.0698	69.6062	67.1959	62.0087	54.2141	49.6655	65.1108	63.1572	60.0764	18.9236	55.5664	54.9082	65.1332	77.5365	66.1425	74.8364	75.9739	56.6705	67.6486	37.6844	54.3358	51.5702	43.1238	68.6794	67.8295	60.022	45.2863	47.5901	57.3881	64.0755	60.9599	54.7724	62.442	58.0283	44.9399	51.4679	64.1238	48.1035	41.1376	51.7096	47.2178	19.563	35.8375	66.3984	77.4945	70.8854	55.004	74.3238	74.7639	36.038	72.7787	79.7602	81.0142	81.2742	81.3371	80.8052	78.6396	70.5985	44.5591	18.7126	27.2325	45.0044	44.7213	32.2245	18.3265	47.1048	62.2658	66.7938	67.1077	55.7031	34.8078	35.5644	54.82	55.0061	37.5895	19.0674	40.6101	60.2589	54.3027	56.9184	48.9661	29.1546	52.2652	48.3822	57.126	64.0697	66.3802	65.8795	49.4531	57.6102	64.6783	65.7315	66.415	63.3643	59.4571	21.4283	15.803	42.3706	56.8478	50.9851	26.4144	62.1223	75.742	69.756	47.4163	70.4963	71.2965	65.4932	22.2315	58.2696	69.6665	53.0777	55.8411	20.6061	67.622	72.9119	68.358	63.4707	61.6987	51.5212	51.7624	71.1484	72.3839	71.246	56.3601	64.2606	71.5587	74.3446	61.9191	68.6748	64.8172	72.0545	71.1353	45.2865	53.6604	54.0521	49.4642	70.3169	62.2196	41.7467	56.2074	46.1551	48.3674	59.2553	68.8409	43.7792	52.7995	41.4603	62.2355	35.8357	67.9489	76.387	78.8659	77.4513	70.3883	44.7954	74.7986	63.8987	69.7458	70.6492	64.6881	67.9816	77.2537	65.6043	36.1915	67.4602	61.5962	49.7333	59.3394	48.3887	22.9456	56.625	60.2375	43.1176	64.1652	30.3825	42.2221	54.6206	68.1654	33.3553	71.9316	60.1905	63.163	68.7237	70.0358	72.4466	72.1493	68.5982	68.737	72.2001	72.3379	71.4642	67.5937	31.0881	52.7329	48.3227	49.7952	51.4494	16.9969	47.5852	43.1179	43.2465	33.5192	36.8471	34.2417	51.041	53.467	59.5024	52.4348	24.9253	20.0796	45.2208	39.7949	50.1347	59.4452	56.9998	58.8425	65.2711	67.3913	61.1183	71.3918	70.2903	64.7483	25.8809	73.0759	72.7709	50.1566	45.7509	57.8905	63.444	69.4338	62.0875	55.5928	48.673	66.8737	43.4532	66.139	73.6759	71.4955	70.1745	68.3832	56.7551	69.967	78.3162	77.004	74.1932	72.4559	70.8922	70.3871	70.8638	74.7776	68.4331	60.4677	61.5786	49.0047
75.0512	76.6792	33.2877	68.7239	67.4453	55.9931	37.3832	63.1443	54.8972	57.2449	40.1225	44.0789	52.3498	57.3756	75.0594	64.9394	69.4415	75.6394	61.9954	47.1276	62.7977	64.5704	61.957	34.3875	42.8186	49.665	41.5636	42.5883	52.4302	61.186	54.4263	30.2989	7.95485	31.2284	47.1338	52.7157	49.1148	20.94	61.8214	59.6991	55.8633	56.1299	63.7424	68.8316	69.7271	64.0958	62.5145	74.0856	73.1324	76.2137	73.8941	45.8589	54.7096	65.4826	67.1822	58.1069	9.70927	51.3917	74.0389	76.2001	74.7075	73.3005	71.3883	69.8916	70.0401	68.3209	61.9852	55.1231	50.6087	49.1034	50.7628	52.7617	57.6667	29.5564	44.0044	55.3272	44.7176	38.1392	66.2684	64.1427	63.9499	63.5302	63.8553	40.4792	38.9784	60.227	59.5625	29.2743	33.7488	43.7131	69.4941	55.9079	63.7303	62.7169	62.3667	65.2337	50.7108	53.1045	59.8009	38.9362	51.4953	61.8684	70.0702	70.2553	24.1323	67.082	66.9555	57.3374	20.9847	59.0096	68.9373	41.7032	60.3329	62.4097	67.7454	39.2696	61.0151	70.6814	68.3508	68.4457	66.9691	52.0655	70.8669	47.1329	56.4154	52.6741	71.0923	38.2004	64.4866	65.1774	61.4222	67.3162	33.0642	68.9747	69.3813	60.6165	68.4541	56.7878	32.8272	67.2139	49.9233	39.5096	52.3129	47.2384	66.1478	72.7738	26.4738	66.8475	54.8308	63.2156	63.8044	73.4618	71.0215	19.0277	73.9734	78.6785	76.8011	74.4635	15.7101	76.389	68.8667	7.00286	75.5782	72.1004	56.9374	65.6917	66.5815	35.8096	36.5035	48.3684	38.9372	56.6167	58.1676	56.3249	33.6934	68.2936	38.3094	44.4586	60.8193	68.4163	47.5309	72.5191	56.4623	75.0267	69.5941	55.1012	45.7616	25.3693	46.1373	50.1791	20.0341	39.6618	45.7746	64.1524	63.4458	40.0802	58.2368	51.8826	51.7905	34.1863	52.6738	57.6705	44.2515	52.4631	52.1178	54.8813	47.6861	41.2681	11.8205	39.12	49.4204	47.8973	54.4692	56.4902	50.9566	37.5726	34.539	67.7173	73.682	74.0091	70.8752	75.423	72.3677	73.138	72.1439	45.0156	73.1959	74.2872	73.5102	68.063	45.9091	53.36	34.8836	39.3527	53.6727	64.8088	51.2441	71.5219	68.1912	63.6874	55.4401	61.4628	72.0868	61.8302	52.934	71.0916	75.2437	76.2387	76.292	75.7538	73.7516	65.0542	43.3117	70.7204	76.6406	76.7468
65.0132	69.176	55.3905	57.7228	64.5297	65.4284	20.9548	67.3144	64.4543	54.6501	43.5117	20.3908	58.1977	58.7963	70.27	68.5056	51.593	73.078	70.964	50.6124	9.81648	51.6048	32.1218	44.1577	58.4461	42.338	19.88	36.2491	50.1772	32.7243	30.2335	46.7418	52.4967	47.7792	45.7631	48.3178	51.4584	44.7723	65.4552	52.3604	48.8136	49.3249	52.6895	30.0757	41.2117	57.801	68.8056	71.549	68.4392	75.296	77.1021	69.2533	56.9728	53.3238	58.3093	67.2715	72.5129	71.544	75.8777	72.864	66.5253	65.6924	63.3922	60.6758	59.9951	54.8454	54.6521	52.3681	60.0088	57.7785	46.6971	51.3788	54.6954	16.7976	53.0244	48.2092	52.7343	46.1597	70.1577	67.8676	45.3542	74.9525	65.3106	39.063	56.1963	56.8317	65.3513	62.2489	51.3044	47.1768	63.7523	67.0116	49.4282	54.5686	68.0453	70.2159	61.6903	53.9379	61.1431	51.5982	64.3806	68.7576	70.2069	49.5164	54.5161	65.5595	59.7861	56.0886	51.3878	69.0079	41.2358	49.854	63.2309	44.9162	66.3003	62.8526	40.2452	62.463	27.0002	28.5523	66.4589	37.3312	63.0135	53.4604	58.3501	50.2661	64.8545	44.736	55.5545	58.1782	24.5997	66.4172	38.6943	62.2757	69.6667	59.2887	67.0891	43.4671	47.3444	47.4782	46.7825	56.0478	56.18	56.9199	72.269	65.4765	66.6387	61.4361	63.7669	53.5405	66.1394	70.2259	75.892	75.2646	48.073	66.0091	75.9478	70.3362	72.5777	76.0318	34.421	71.8513	72.7805	43.7694	66.7638	63.4138	58.3043	18.8464	50.7231	64.8027	71.1842	70.2102	68.5836	56.2021	55.7351	66.9637	25.6835	53.4118	60.9513	67.2645	53.7975	69.3878	73.4557	72.4979	24.1775	51.6243	48.3882	42.8042	63.1693	58.7833	63.7323	56.4155	68.5636	65.2069	57.1709	11.8998	51.6673	47.6965	60.6271	52.2092	19.0029	33.7058	58.9279	63.3471	8.28953	44.983	48.5212	48.6432	44.6811	19.2441	15.4101	36.4645	45.5603	47.6282	45.4997	35.0924	62.337	71.7149	68.6589	43.7122	58.3035	71.218	68.3535	70.8525	74.8475	68.0857	63.5948	75.6007	76.3553	73.1014	68.2511	64.62	60.0215	41.4313	61.4629	48.3643	69.2652	65.1126	59.5629	57.6392	63.0067	67.1259	61.6218	67.245	68.3474	61.5478	53.7022	45.8479	32.9807	35.4951	56.8825	66.9575	68.774	72.907	75.9471	72.618
35.452	48.2959	57.6745	20.3217	59.5459	71.2047	65.573	58.3259	66.9138	64.6001	54.9468	30.9767	47.1044	65.793	72.0442	74.4805	53.4865	66.5045	65.9417	50.7801	43.4077	43.3736	43.7935	63.357	63.9218	66.8575	62.047	47.2113	58.9476	49.0816	44.4612	30.5211	36.7799	56.6144	66.8567	65.5595	65.4065	55.6417	58.9997	47.5825	47.253	50.5906	55.7079	66.0257	69.1589	63.7522	66.1136	63.6762	55.0636	71.7572	77.374	68.6952	69.061	68.9836	73.9065	76.7426	75.8116	73.3637	71.5718	67.1943	48.6335	58.0696	58.771	59.4531	55.7569	50.4436	52.1305	59.2888	66.5905	61.5004	56.0198	51.5455	12.48	57.185	65.2326	60.5227	58.9054	23.6772	68.7958	71.2684	57.1027	78.0647	75.8135	72.4972	69.9614	70.6233	72.2063	74.6154	70.7588	62.3299	17.2617	71.57	68.6511	56.9064	66.9675	65.3862	42.8195	42.5908	59.1186	59.001	68.989	66.4728	43.8807	60.3091	68.1405	54.9638	56.3402	58.3907	63.1603	71.2198	44.1526	60.1151	54.8152	10.6067	62.7736	57.1787	53.8764	69.983	62.6477	56.5359	53.2008	16.922	45.6487	49.2135	48.3676	52.0304	58.5209	23.3301	48.2816	56.8062	20.8865	64.4506	45.6373	51.2285	64.9266	56.6673	51.9922	45.0488	7.00131	33.8325	19.2947	50.363	60.7474	63.4087	60.4094	54.9619	71.5185	61.7477	70.3708	59.2049	70.2948	64.3335	67.7094	74.617	77.1243	72.2322	47.7502	70.3253	78.1049	70.7568	78.6652	80.3776	65.694	69.4074	65.6103	51.9181	45.8426	74.4739	75.5437	73.2583	63.1176	41.8688	45.9246	41.0417	65.797	61.0192	33.1701	61.0133	63.2692	67.7647	55.4392	68.1386	62.0278	24.7992	68.9173	70.2506	67.4973	55.4338	54.5412	55.1569	64.7115	68.9095	72.2306	67.554	48.3358	36.5989	57.2665	52.8228	43.6013	51.6876	54.8007	29.4282	51.5599	64.4717	62.6792	56.8489	37.7479	32.607	39.5195	39.0004	18.7549	23.1209	38.6135	31.3407	31.5663	56.8917	68.7313	64.6293	45.1856	67.7298	68.1885	44.921	54.8444	57.0913	66.3538	73.8089	75.0195	70.624	55.236	46.5528	75.8995	78.3973	74.6705	66.4196	56.0025	39.6834	62.5541	52.5646	66.0567	57.5769	54.6141	40.9041	68.4961	72.8897	73.0812	73.9885	75.4005	76.3014	75.4358	77.3973	79.7511	78.666	73.7085	64.9269	72.6808	59.3924
65.7358	51.216	48.2898	38.2853	40.2309	66.3785	68.0216	45.79	38.9505	62.7763	63.6388	50.5968	50.1704	62.3152	68.5403	74.3634	60.2986	65.3663	66.8721	54.7545	45.3354	27.8479	47.7809	64.4289	64.3758	60.3766	68.8846	52.2011	33.2427	48.4548	20.8165	31.0991	63.1171	61.4728	58.8053	54.5631	55.0483	47.2364	30.9306	26.1858	47.226	47.3176	35.5184	61.9168	57.9556	41.178	57.6638	41.93	30.4746	67.6506	76.6293	54.8844	59.6044	56.0768	72.936	71.7872	62.7813	60.2826	53.9043	61.1054	29.2483	47.9199	45.7623	48.1327	42.9425	48.1059	40.9184	56.9961	63.489	43.0749	40.042	12.2479	52.5404	61.6008	61.7243	53.5293	65.466	40.5791	70.5978	74.0008	61.5342	74.2017	74.637	68.1057	65.1232	68.2849	64.5956	72.7264	69.054	69.3075	47.9575	70.121	74.7293	55.9628	72.4525	73.5122	43.794	12.4155	46.6239	46.6162	64.2222	37.9904	43.2799	70.9333	63.2436	40.7484	61.6683	59.1901	67.8337	69.4213	52.8887	56.6619	39.3219	43.0989	64.0728	30.3055	58.1085	68.0768	35.0077	50.888	21.6339	30.8999	18.7212	24.4043	31.1831	37.2544	29.2235	59.0037	55.4585	6.41751	38.4975	43.0297	52.5632	8.8347	51.1158	52.435	27.9668	45.2771	27.5216	32.2201	20.1809	65.9362	50.3019	37.1983	12.1655	60.3219	62.3192	53.375	69.2958	62.4107	71.4149	56.1663	57.8212	56.0784	70.1386	77.2408	74.6337	68.7603	76.6373	70.8161	78.5243	73.1989	74.156	76.2447	50.06	47.6018	73.1019	76.2812	69.8428	62.6276	59.9405	48.5817	55.616	57.9127	68.4032	52.5161	52.8267	59.5651	56.0679	65.8324	46.0291	50.0871	46.8843	65.1942	69.5701	59.253	58.4963	58.4571	9.64379	71.0849	61.0638	60.1856	64.8002	39.8049	64.059	55.0003	53.4942	47.9111	27.8687	23.2255	62.3556	43.8911	35.3317	43.5341	40.6105	51.5887	43.5887	4.84379	26.5009	38.8071	35.333	10.7082	35.3761	37.8989	40.2294	63.2594	70.5895	60.0366	59.59	66.9673	57.9082	50.819	43.4351	57.5542	63.5944	48.8204	73.8345	77.3438	73.9373	66.6118	67.9177	78.7336	78.2538	71.4686	57.6559	59.6712	25.1971	52.5056	36.3203	37.0036	60.3081	60.161	65.229	64.159	59.5734	58.9646	57.7428	63.4677	63.026	73.4169	73.7243	71.5489	70.7718	36.9188	71.8673	54.5197
69.2567	62.4711	25.1801	44.5566	37.5201	51.5123	54.4493	50.3159	46.8547	55.2739	61.1472	56.1722	48.356	22.8506	62.8814	73.2201	50.5064	61.0817	61.7394	43.2802	44.2499	38.0961	41.3562	64.601	66.7691	47.9472	68.2475	63.4625	23.6861	33.716	29.5295	45.2167	65.3058	68.4311	34.4245	54.1695	55.7546	31.4373	24.6887	32.7955	43.6776	58.8739	50.6569	53.4574	57.635	30.3671	58.0263	26.5157	29.7515	64.6772	75.3821	45.293	53.4269	46.2167	72.6713	64.1136	22.7673	33.9617	25.3898	49.9858	44.9281	26.6438	36.1895	37.7934	20.1239	38.4368	49.4097	48.3842	56.6032	10.7523	45.053	28.2036	55.6792	60.8345	54.3193	39.6424	69.596	53.198	71.4596	75.4511	65.8534	62.7729	69.0478	55.2528	62.2286	64.8557	37.5341	60.7646	54.2063	68.0979	46.2603	71.5931	75.3722	51.3814	75.5472	74.8451	17.0285	46.848	41.8672	41.2366	60.6868	12.5181	57.8864	71.0489	29.6969	58.4169	61.5567	58.2034	68.6858	65.408	56.1795	60.6945	28.5554	62.1057	60.7135	17.0318	60.2849	64.621	21.4583	42.9055	32.8345	38.1692	35.268	42.764	37.6584	46.6906	17.6521	63.1379	46.5457	52.8164	41.8999	25.3676	48.9632	21.7577	29.6993	25.976	50.6853	49.3657	12.5147	32.5888	40.4923	66.8354	43.2402	46.4014	32.2686	60.6767	49.032	34.1313	67.5961	56.9283	70.5613	42.4181	52.4463	4.30739	42.856	74.6802	76.6904	52.4407	72.784	71.4692	68.0086	40.9367	78.2533	76.134	23.1449	68.6189	75.8198	66.1898	53.8222	61.247	68.6078	47.3547	59.5095	52.985	69.5759	28.9901	61.1735	48.0359	57.7929	69.397	45.6479	51.052	66.1849	63.0892	64.8707	50.5177	54.5443	64.6427	63.0176	72.4347	67.6754	58.1112	58.6251	12.2536	69.0276	59.8446	49.179	41.7195	31.5895	30.2091	62.4116	44.748	47.7465	51.7593	44.3015	15.8578	49.8527	32.4863	28.7503	52.4255	53.2801	8.24568	23.257	23.588	36.2025	68.1256	67.3852	22.1385	43.0896	59.0122	46.8567	63.7906	63.1832	60.2226	57.0493	12.169	43.8024	65.1779	53.5895	74.0005	70.5292	60.5834	73.5421	71.5469	71.6867	72.8031	52.2523	46.1662	39.7042	36.5665	56.2206	46.878	52.6569	51.9989	39.4965	48.9705	8.75333	37.8494	46.3529	72.7223	63.5806	60.3142	70.6941	47.7372	68.8757	65.4882
66.0918	68.2628	37.3595	36.3251	60.6033	50.7001	19.7093	49.9906	61.1532	64.2041	55.1575	15.8892	46.2015	45.2688	63.7408	67.4625	59.017	62.7185	35.9252	47.7194	57.3295	54.7211	23.3311	57.556	65.3781	63.1969	51.1933	69.5735	59.9214	55.232	52.2259	54.9698	53.9992	69.4077	34.4806	55.4498	67.8505	56.6543	47.7562	58.8055	45.9858	64.1438	62.8424	38.0265	61.747	9.09503	59.2855	22.2157	39.4234	65.5022	71.7518	52.6486	60.987	58.0125	70.0791	61.1486	33.7156	42.3429	40.7984	20.4704	59.4309	11.3347	7.31684	45.1405	39.96	26.974	25.782	10.1531	52.2847	45.7099	48.4511	47.0734	57.5788	67.4131	65.932	59.9896	72.1439	62.3329	69.2289	75.3023	69.6466	59.2314	71.8757	72.2793	71.4073	57.1589	67.4714	73.0968	66.6577	58.9183	44.7195	76.2224	73.8957	35.5656	74.4365	75.0198	50.574	50.4866	58.6116	63.7398	64.0728	41.1433	63.6219	68.5987	21.7821	59.8791	53.7341	52.3972	61.4389	60.7412	58.8785	58.1036	36.7631	66.4305	52.7493	39.4731	58.5524	59.3136	36.6621	49.8815	59.1886	56.0273	52.5807	55.3148	49.0503	56.7788	31.0617	49.2408	54.2169	51.7935	55.2705	10.0255	50.1641	33.2081	46.2302	43.1417	11.1116	9.01691	39.0521	39.1806	37.7004	60.5453	51.6465	56.4317	42.7635	58.414	55.1011	21.7013	64.516	49.4092	66.4359	30.9317	42.9494	33.9027	66.4669	72.7209	72.9749	25.842	67.2931	73.3642	54.5159	69.2304	78.5968	68.2278	66.2019	75.1662	70.4334	41.3121	70.801	66.4956	62.503	58.7362	64.2252	49.2353	71.4277	23.4741	61.8613	22.3862	56.8803	72.1846	27.5879	66.7957	69.6963	62.947	69.4969	68.2337	67.5559	69.942	71.3747	66.143	70.1944	53.8588	36.1304	48.0415	70.4423	54.6209	46.7031	41.4423	28.2342	48.2421	57.3636	33.9449	63.7571	63.7175	64.1544	40.9122	47.6385	55.8271	54.0973	55.414	64.3645	32.9771	21.8987	41.5544	62.3815	69.9586	35.6315	54.128	59.6444	59.1841	45.5545	58.7699	69.7359	71.0728	66.2106	67.1178	73.6722	73.8622	68.157	70.1984	70.5324	27.7197	67.2969	74.6469	77.6709	78.7714	75.4124	52.5498	42.0093	22.1817	57.6463	49.4118	57.1099	50.6186	55.1448	62.623	23.6341	37.4266	54.9676	73.4738	65.3065	61.4486	71.192	52.5594	56.5674	67.5033
59.0071	64.035	63.3493	64.9877	50.0516	40.3493	42.2408	44.8308	40.2595	35.1516	50.2336	61.1785	63.0453	60.5817	57.2746	40.2562	57.5288	44.9269	47.3131	61.9352	64.49	62.0139	61.9806	50.3255	50.8873	67.6567	48.1038	66.8299	73.4286	70.7308	64.7797	63.07	41.6122	61.5177	63.5559	46.9158	43.6553	64.8978	69.0256	73.5126	73.3934	65.6564	41.804	33.573	53.8613	58.6218	56.2097	16.402	57.3112	68.5691	59.4991	64.0696	65.0652	61.6783	57.2019	55.274	27.0659	41.3865	54.403	56.1639	43.0718	48.5207	50.1392	61.9384	64.6272	66.3896	47.2772	60.2634	62.8797	65.2609	18.7659	53.3094	58.3959	69.2239	68.5771	66.2928	76.5125	77.3077	76.4535	75.5472	72.1719	61.876	71.6587	68.8439	47.5943	64.1988	76.1262	69.3152	36.6251	67.6678	77.1826	76.7114	44.1482	64.41	74.6164	71.1981	55.3332	50.6792	33.8591	65.7948	69.2249	52.8903	66.9569	63.9567	40.2592	61.219	57.534	51.9496	54.9225	60.0837	58.7499	48.5987	51.3563	63.3801	52.9548	58.1819	37.7259	54.7239	70.0511	74.0786	73.4488	70.786	68.7104	61.1849	64.3677	63.8163	59.3176	3.21808	39.9392	47.7246	54.5996	26.273	43.2819	49.9493	52.4616	58.7941	42.084	59.1595	61.5029	60.0234	53.8228	52.9556	15.8806	24.8226	49.3065	36.5377	51.4393	53.5634	49.8238	36.739	57.4432	15.2737	44.3492	57.6545	64.0372	54.6517	68.6771	74.6623	73.8693	65.5106	52.5555	74.1818	76.6081	51.6959	72.4868	75.4905	45.869	72.7856	69.8418	64.2132	52.5905	59.5523	50.7589	55.3232	65.9721	39.7127	54.4414	43.7366	71.8954	73.2105	49.3173	70.5243	60.6387	57.3664	66.8554	58.2331	31.281	48.5814	65.5949	50.5834	62.342	69.1006	67.7451	68.2112	69.4358	53.5874	45.5258	39.2309	39.6728	48.6547	37.843	19.4591	68.135	58.3213	65.5067	60.7609	33.4932	64.963	59.7282	40.8712	62.2886	44.2145	17.1802	50.0676	65.2307	53.4759	64.8346	63.3318	48.9802	12.4561	32.1058	43.1961	54.9023	53.6868	54.1348	51.9552	45.8482	46.3169	47.8446	58.2081	72.2713	76.4373	76.7719	72.9239	42.8424	67.5196	78.309	80.0003	78.7794	71.2908	46.4844	45.5276	53.8547	12.0641	47.3631	67.7559	38.0222	20.9976	60.7669	71.3512	66.9067	49.0408	70.5337	70.9226	69.153	65.2135
50.5833	41.1297	74.4691	67.3033	62.6429	48.6449	67.9225	70.0504	70.7449	72.59	71.0424	66.5849	58.8702	55.8558	43.1279	22.3472	40.3136	50.3035	67.1172	66.7533	70.0421	70.5478	69.2112	62.5035	31.0544	67.5034	71.5626	60.1997	70.8896	74.1198	74.6771	73.7821	67.997	13.264	63.8969	62.464	58.8735	69.317	72.0322	73.6023	76.6885	77.3138	74.5005	60.1698	31.5173	56.5595	48.1199	55.2585	59.0291	58.1321	46.3082	68.3923	62.5395	67.196	51.1604	56.4863	38.2293	36.7419	15.8446	50.5608	38.2943	54.6179	60.168	66.1476	66.563	69.895	61.0698	67.8167	60.9788	70.1029	55.7709	33.1759	68.718	71.6534	67.0824	58.8845	71.5619	77.9539	78.2608	78.4455	74.7291	65.4556	60.8364	62.2436	66.4019	70.9979	75.2467	72.9678	78.2145	79.2805	76.1215	56.6719	58.656	72.6167	75.4024	69.1775	39.9486	32.6215	57.8187	56.8652	70.7737	46.5376	67.336	60.8985	36.5327	40.9075	39.6057	38.2486	42.2871	31.5984	30.1111	13.973	46.0292	63.5344	65.9221	64.737	58.9366	57.2881	71.6036	74.3885	69.5698	71.3952	75.5833	71.8705	69.8904	63.2881	67.7789	56.4335	60.4751	69.2257	60.5229	58.546	30.1881	47.8601	60.2599	50.5307	56.7082	68.5657	62.1558	72.4711	64.8626	56.735	45.4229	39.5884	20.4212	17.1771	42.1438	61.6769	66.1473	61.024	62.4607	47.0008	45.3317	44.6153	60.6589	71.4526	76.2054	77.4265	77.3332	75.5645	14.2017	74.6535	76.4425	38.2216	73.973	75.8242	62.3043	76.7447	45.8967	48.4351	47.696	60.6236	40.3189	50.3927	55.9519	47.0905	46.0797	65.3746	76.6022	68.1316	65.7429	70.2447	58.0616	68.6962	72.8252	72.348	69.0949	57.8268	21.389	30.7088	55.521	70.5805	65.786	61.0204	57.621	46.4016	41.7022	40.0193	48.4249	36.8784	13.5761	43.2945	65.053	47.4065	67.0268	63.9274	32.955	68.0778	54.8793	50.2718	58.5173	42.3738	16.0949	45.9406	63.8027	64.8584	56.7241	28.7883	37.3606	48.3794	36.3033	49.0342	57.2642	55.866	56.7003	64.4143	70.6253	75.219	75.9059	74.0713	76.4212	78.0158	77.4074	76.2735	73.4674	63.4284	40.0139	75.3278	80.5095	79.1824	73.5758	70.4497	70.2525	59.1576	54.546	67.4405	48.6935	29.6091	61.8967	64.9034	63.4279	17.9835	59.5599	72.7026	72.9514	58.6656
53.5471	69.4286	72.8621	62.4816	70.9024	73.6136	74.2363	73.334	71.9234	68.1133	58.4029	30.1349	55.4932	57.9814	53.6794	36.7255	58.8234	48.101	71.7564	69.7011	65.4907	70.7151	65.7986	71.8841	52.2436	57.3216	74.5883	73.502	41.4297	47.8141	70.2731	74.9732	76.2804	67.3627	38.6737	59.4059	75.3497	68.5093	57.5815	53.688	51.0198	43.0798	61.3783	69.5759	71.336	66.4875	13.0329	63.2853	59.3726	60.4554	56.1174	63.9496	66.9952	62.8892	50.3198	58.7462	43.5634	7.13284	50.9477	62.9009	63.6931	62.0036	68.0087	70.4902	66.294	68.9193	72.2803	71.0554	58.537	70.8098	66.3646	43.2694	66.0193	72.0688	71.0066	73.0942	64.0195	52.3522	69.05	66.8587	34.2081	54.8978	66.9539	50.2409	52.9014	73.7511	78.3516	78.2749	77.2669	61.3496	63.6182	71.0686	61.8208	69.1918	72.8626	61.1079	62.395	63.2686	60.3212	53.5798	71.0404	43.2524	61.5587	60.5819	46.6083	45.7947	43.2506	41.1377	58.2493	44.9529	47.5097	50.9884	42.964	17.2084	35.6989	15.012	39.0967	72.1599	70.0601	21.186	30.1018	29.5606	69.0343	72.6465	68.0666	59.9962	63.9694	69.2987	70.2959	48.5923	67.2638	62.2128	24.308	39.7199	63.3436	31.9354	67.5504	72.9651	63.1426	72.218	67.1878	43.0865	11.2852	18.47	38.7912	58.7375	61.5068	62.7165	67.4413	68.4369	71.7139	68.5245	34.447	52.0566	60.2005	57.7579	49.6184	62.2091	76.3786	76.7599	40.8074	74.0468	76.3623	56.4314	76.8458	74.7962	65.8269	75.7167	73.7427	73.5712	70.4573	69.3014	67.5676	49.6605	23.6398	38.221	58.8039	76.2003	77.8258	57.8081	69.9705	70.7397	41.7886	21.9249	62.6508	68.4764	64.1803	58.8898	54.5704	34.1498	59.5261	59.7889	34.4474	43.868	21.0787	49.1245	40.5792	46.3824	44.7735	5.92001	47.2981	45.4322	60.4476	45.6356	68.9234	65.2445	39.1158	69.0245	43.8756	57.78	55.6097	31.8307	17.4065	30.4156	44.1732	39.0149	46.0213	59.8567	54.3761	51.0025	46.8938	56.4291	45.9463	49.3935	60.1604	46.634	46.1215	58.831	65.5462	39.4707	41.7479	32.5984	56.4038	58.4484	54.0749	74.6757	78.2253	73.1727	40.5516	75.0073	78.3805	77.2317	76.4779	70.8826	39.9882	62.3996	51.241	55.5323	61.7093	63.3001	38.143	49.4747	56.5161	39.4649	37.317	65.7303
61.2019	65.5854	68.7813	49.3449	60.3656	67.6387	62.4716	62.641	58.6085	59.2374	59.8274	56.3642	56.3327	45.2694	60.6553	28.6286	65.1533	27.944	73.3908	74.5336	52.139	57.7881	67.1183	71.3255	64.6347	26.9546	71.7752	72.4693	63.2469	51.656	39.0861	64.2645	76.8545	75.02	29.8833	57.236	78.3468	69.8077	70.2158	68.4845	64.0755	57.5121	20.1876	46.6967	65.2818	72.2814	54.6738	56.6288	54.6706	50.4897	60.9568	54.9459	72.7814	46.8366	45.3342	56.8394	18.0582	47.3283	51.1689	56.8007	57.9135	55.0029	59.4676	55.8453	52.1216	52.0651	63.652	59.1531	44.9424	68.3393	66.6068	48.996	52.3748	63.9588	67.2466	73.8773	73.1593	60.6573	55.5418	9.27954	63.1124	71.5345	68.502	69.2688	51.5276	39.8876	66.2586	67.3811	61.6407	62.3369	76.0462	64.9055	51.4401	57.4111	73.6901	72.7087	45.4226	54.7723	47.0182	49.8378	70.579	41.2972	56.1152	59.1887	31.8897	43.7234	33.9986	20.0332	54.1758	9.00887	20.346	34.3424	45.8484	45.45	32.0236	32.9902	38.2605	72.5973	68.5042	30.797	40.8906	49.3882	42.5255	56.0476	54.4356	64.5726	42.8357	57.5061	54.865	56.283	65.2353	49.6471	26.7515	22.705	59.984	65.4587	60.3683	64.9293	44.3009	66.8625	59.9699	53.221	17.027	34.9472	42.8268	57.4776	48.9685	46.128	45.837	44.0645	59.1578	66.4245	66.5226	54.5586	46.0281	35.2611	27.7411	71.9066	77.6172	74.6033	34.9054	72.9979	75.2949	50.6606	77.2966	68.0562	60.7686	65.6582	60.8278	52.6299	45.1921	67.8174	71.0476	43.5177	47.607	31.3725	72.7674	77.8214	73.8842	21.8253	72.539	73.809	55.2183	55.0776	17.2843	57.6118	58.0927	50.4425	52.6717	37.0537	50.3454	68.0018	48.9751	54.6786	17.6018	63.4505	44.568	37.4219	24.8534	39.56	53.3402	36.205	54.7433	48.1837	69.9399	67.2054	46.3487	68.527	26.7645	60.7614	49.4246	10.6492	18.4106	17.3745	16.7499	30.4733	60.1935	58.7409	35.4141	30.5024	52.745	58.7739	43.8963	45.7714	48.3699	35.6741	41.6159	57.0942	67.4524	29.4621	17.5075	64.3691	60.0593	25.8957	62.3429	63.6612	76.0405	75.3257	64.1171	48.8377	68.6581	69.6822	76.6595	73.3734	30.2254	49.8732	43.2121	59.4552	41.59	40.4617	28.969	22.9193	46.842	58.6406	36.1378	68.7145
76.6487	76.6378	74.8596	70.0759	71.4281	52.1741	62.529	71.9971	69.004	70.0988	63.7549	54.5069	44.88	22.7118	65.9792	36.993	67.7457	23.0812	72.46	75.6571	62.9339	54.5132	72.4839	72.0252	67.8299	25.9737	65.1391	71.8774	70.991	69.9964	68.7436	31.2469	74.6062	78.0017	64.3338	54.6212	78.4041	65.2243	73.6763	66.2139	25.2917	34.9883	55.39	62.7908	61.9372	64.417	65.8159	44.2835	46.1621	59.9269	66.1264	31.6985	72.4796	35.3483	41.5851	51.2108	19.4668	56.0326	51.5418	52.5552	48.2257	43.0428	56.3624	52.7715	57.7499	59.8876	65.1368	66.5973	66.0781	72.4428	72.7347	59.8067	56.8358	70.2546	72.6517	74.8381	74.4067	68.9737	15.3233	60.2882	63.2996	68.7584	61.2546	73.2064	77.0992	75.0573	69.0457	61.0598	66.2895	75.2561	76.8162	59.7956	67.1082	63.7894	70.9964	73.5364	46.5745	56.9915	53.0329	32.6237	64.9241	64.5183	57.799	42.2797	40.6202	55.6829	47.7346	46.452	49.7237	29.591	9.95056	36.1379	41.3763	36.7066	52.613	57.7665	61.1687	66.872	55.5584	65.2683	63.0188	61.8683	61.7133	54.0669	40.111	55.2001	57.6247	44.5037	57.71	61.7504	63.9574	56.0461	46.7177	29.4129	56.5974	64.1187	65.2097	56.4642	20.4815	69.8918	64.1803	53.2112	25.9445	33.5328	41.2099	58.7183	64.6149	64.7856	56.0423	61.6932	45.7533	55.0634	73.6372	73.8102	70.7789	72.1367	74.7167	76.8576	74.5172	65.0971	64.6057	56.2393	73.6894	72.8362	73.7201	41.5953	66.8319	63.0657	66.4175	68.8073	62.5185	66.5929	69.2716	26.3916	39.7421	67.7525	78.8355	77.2797	60.8262	59.0787	76.2186	73.816	24.9635	38.8731	52.6272	70.0535	64.0645	42.7599	39.1415	41.3755	37.3125	66.0405	60.735	51.8185	62.0191	68.6375	52.5629	20.427	33.2309	57.9689	58.9373	51.3229	47.5628	30.8835	70.1375	63.4044	44.8397	64.4212	56.8491	60.893	39.2944	15.9233	38.0377	56.414	66.7367	64.9797	55.3689	50.158	47.024	60.5223	66.3235	65.4216	50.0545	26.9967	28.1617	33.2672	50.0154	40.4534	66.8296	40.3271	40.7538	58.2822	43.6005	57.6362	71.0264	58.1894	74.5007	74.5871	77.1178	73.861	56.7767	49.6325	75.7451	79.2249	77.6868	73.8873	67.6871	66.6874	44.4575	52.7625	61.0778	56.8711	53.2899	59.2723	53.2447	57.4264
79.9027	77.9021	72.0366	64.1683	62.5146	70.6096	76.5601	74.966	72.8785	71.4923	65.9644	56.0884	27.7307	41.7787	70.2037	55.9864	71.8045	33.1397	69.8894	75.4221	72.1221	58.7739	74.9386	76.0523	71.3061	47.1832	26.1516	65.5635	72.9153	74.245	74.9527	70.4559	61.6572	78.7301	73.5345	51.2332	76.8761	46.1038	75.772	68.4001	55.5038	54.9603	66.8525	71.6656	70.7058	52.8456	47.1656	64.4256	35.6047	60.4202	70.1996	30.9013	65.9281	52.3501	27.3661	11.8226	34.0069	37.2603	48.6522	49.8388	50.1892	53.9116	60.6578	69.4683	66.578	58.9479	67.4913	70.7349	70.7008	74.6379	75.8708	68.0329	70.4896	78.231	77.6239	77.4061	75.647	63.2668	66.5889	74.9755	72.4089	68.7922	68.0947	69.3685	77.8723	79.196	76.876	72.5358	72.8564	76.0308	75.3264	67.1199	68.3425	67.8526	68.1442	63.8627	52.525	64.2184	56.7009	51.0142	44.5821	60.0406	55.4119	39.8363	48.1237	48.7033	49.7534	56.4289	43.9821	56.1914	40.1282	44.3037	49.5733	37.3186	57.3447	62.2048	60.7672	30.8347	59.9533	66.0653	68.5347	60.6445	64.1493	64.0842	62.3315	49.2492	46.3927	58.255	64.3663	65.6794	66.2957	67.4206	63.2415	32.0523	49.2115	53.1029	65.1911	70	46.1867	74.9315	68.3653	6.38	56.0949	45.5547	21.1812	60.1179	69.0166	72.7598	54.6796	52.1425	58.9156	25.7023	63.2542	76.1503	78.4821	78.3889	77.7505	73.8648	33.7386	68.997	75.3717	70.3026	47.4436	70.7966	47.0754	64.5524	70.3713	68.5892	70.7873	70.7453	69.3552	59.2491	65.4676	21.1127	53.2949	76.9555	80.21	70.8183	52.2968	75.6906	78.2085	70.3241	53.6654	20.229	62.2579	65.6214	61.7095	55.9178	27.1743	32.5732	57.6968	63.1291	64.7081	55.2895	66.1575	65.4176	36.6634	48.0094	60.6678	61.1907	52.382	41.5796	33.1463	67.1765	68.18	46.0458	34.2782	50.8762	57.4515	48.4227	12.7632	42.0042	53.8499	64.4953	69.9702	68.037	53.5737	34.2463	25.0963	28.1675	55.924	62.9088	59.1052	60.8989	49.1906	31.2324	43.2748	23.1191	59.6844	50.1548	47.0698	8.91643	60.7663	64.7883	67.6492	35.4056	69.3848	70.776	77.5366	77.7849	71.5138	61.626	56.9262	78.5914	81.1814	79.9929	77.2354	73.6977	32.8092	45.8149	51.5418	55.6671	63.361	69.1407	70.4306	55.8198
51.8601	60.8207	68.5439	72.6701	74.621	78.0803	76.8932	54.6062	56.84	48.5683	37.3037	37.3043	34.3221	52.6009	70.3981	43.7577	74.0767	46.2336	67.795	76.3358	74.8782	53.5979	70.2811	77.3633	74.7304	60.7805	52.0188	22.8164	44.1589	51.7843	71.0603	75.7857	19.7521	75.8697	75.2095	28.4988	75.4459	9.73599	74.5932	62.2347	25.6932	50.1318	56.5666	45.2685	36.8723	59.4376	57.4113	57.8557	59.3597	39.7867	71.0392	53.7333	53.8166	57.7021	30.5456	46.4511	35.9204	8.83568	48.852	54.9838	54.4294	55.8462	54.7994	73.0602	73.0607	52.4884	38.7367	34.1245	50.1393	71.9702	76.0231	70.2808	75.3067	79.1469	74.2319	73.419	65.8318	55.1646	79.1439	78.18	76.1314	73.8611	55.5883	61.702	49.5347	69.6267	74.5087	70.9488	66.716	68.921	70.8829	56.5988	47.9493	52.3618	57.4686	13.6434	62.2764	44.9231	48.2518	53.7538	48.2367	43.9288	38.1334	21.9132	56.0914	52.6314	33.9037	39.7014	45.326	65.023	54.9442	56.4116	60.3025	26.8815	52.665	49.412	24.6041	57.7062	61.3654	18.679	66.2119	29.9834	40.4794	52.1595	66.7987	72.4932	71.7468	42.5544	65.0656	68.691	65.8188	69.5162	71.6745	8.57762	47.2567	56.0757	71.1478	73.2049	41.6541	76.5908	69.3831	62.5199	58.5707	59.8767	42.3579	49.4598	19.9387	71.9488	36.4071	49.4251	49.4324	57.4971	63.7039	49.0777	43.7082	11.5845	48.2237	61.5132	70.7152	73.3441	69.4839	76.782	76.3203	44.4781	66.9151	64.1993	66.4797	62.5365	52.6084	51.3656	51.0236	51.9385	56.5329	44.4047	73.8438	78.4672	71.1319	64.5418	76.1718	76.1049	71.4002	41.0448	60.777	44.7901	57.0997	65.5093	38.8183	49.0313	54.0359	61.6728	65.3072	64.4177	54.1162	45.1852	44.5718	13.8038	59.4412	68.5485	59.5953	20.2833	39.1143	60.2559	69.7058	68.9132	44.797	13.0074	22.2395	15.8845	9.14071	30.2888	40.9425	60.2765	58.9228	52.7292	65.5495	41.3435	39.0213	29.4131	45.8964	56.6966	65.8353	65.5058	27.936	60.4723	64.706	61.2506	46.1171	41.7679	56.3298	59.4454	49.364	55.1587	61.6977	52.448	47.509	23.2853	51.4356	31.0069	69.8355	70.5179	72.7862	76.8844	75.6812	61.4452	47.8151	74.1492	78.72	78.573	60.6552	42.9326	58.9846	62.5734	43.5284	39.9579	64.9853	73.2962
71.5377	76.8748	75.5786	75.5647	75.8912	74.1625	63.3449	50.3825	53.3402	45.4481	47.8119	25.7237	41.4522	53.87	71.3599	57.6365	71.0799	69.8565	64.8986	77.8759	75.1528	55.832	64.2496	76.179	72.5262	56.6866	57.9742	22.995	61.0027	65.5838	73.1294	76.4435	44.2254	75.5694	73.6887	56.8115	76.3637	65.7575	76.7388	76.7719	72.3331	65.7764	64.2175	59.8221	55.0709	22.7728	52.2476	61.4531	58.4246	32.3408	68.1844	65.7871	60.6578	53.7843	8.23723	51.3365	45.3566	58.5631	51.8114	20.5577	39.8488	47.0158	47.0076	70.6891	71.0591	56.909	55.1067	49.9487	19.9022	69.7068	76.0418	71.4566	77.6939	79.4609	73.4543	62.1335	26.567	72.2387	78.9522	73.3686	60.9452	66.8233	66.2889	41.749	68.9667	50.8071	70.9053	65.9239	67.8437	61.0282	69.8169	38.9314	26.4802	7.84538	40.6415	69.8556	68.9712	63.7827	65.1651	62.9706	45.5251	41.3225	48.0297	39.2018	42.5406	59.6865	47.9626	30.2855	44.3148	68.2503	67.9837	57.3561	63.5013	31.911	48.1573	56.7537	30.8588	63.5453	56.2351	54.8904	63.6806	14.6352	20.1164	48.873	61.6176	65.8804	75.0872	69.7024	27.0729	65.269	69.3001	70.7546	71.5789	56.0857	38.8287	55.9629	71.8803	75.8045	7.7082	76.4349	63.2111	66.32	52.4858	63.9899	59.0512	56.5091	28.942	69.4112	58.1756	34.6187	52.3156	65.5053	68.7519	70.1301	62.9495	72.9228	73.9162	72.094	72.4223	68.4909	48.7014	67.1347	78.5016	70.3436	69.6071	70.6738	75.6199	69.2801	58.222	51.9022	39.0876	46.026	53.6208	76.5303	79.8361	75.4896	9.40788	71.2163	67.818	67.2535	68.1681	30.2673	53.086	66.2532	64.7509	55.0666	19.6878	55.4616	50.4113	52.5096	51.0918	10.9528	44.5587	59.6304	55.8408	46.636	69.2632	65.2207	34.9201	39.8893	49.6779	63.1742	64.3929	47.4175	10.284	25.9948	31.1652	28.1463	24.7198	45.2654	54.4848	63.1543	57.165	39.6616	59.6953	34.2985	43.7644	37.5573	29.8659	16.8322	63.1707	65.9323	56.681	27.6955	62.7384	66.3686	61.5141	31.2896	59.078	65.5342	54.468	50.4701	58.3864	31.4454	28.0612	46.1643	17.5906	34.5981	68.6118	58.3142	66.1549	74.186	73.121	75.0943	73.123	23.1545	76.9275	81.1821	77.0313	62.2097	30.952	62.6325	67.0058	54.554	35.3373	41.2706
74.8655	76.8552	72.8873	72.0669	70.2923	67.3146	70.1999	66.5397	44.0219	45.5184	55.7111	7.68223	55.6376	58.026	63.1942	71.4096	66.1989	78.9786	74.7611	76.9852	75.2762	54.9349	67.8975	77.3962	73.8542	61.2044	46.8549	59.3577	75.0943	77.2417	79.1145	76.6485	57.2417	75.2856	67.1319	76.7157	73.348	27.8434	54.6163	62.7557	69.4873	69.6159	72.6016	73.2886	68.2558	61.6378	55.3172	33.4715	28.7714	40.7703	50.141	27.7646	24.8505	24.386	35.464	50.4181	24.8661	18.2408	42.8841	65.4106	69.3896	68.6232	63.4554	66.9264	64.5517	50.1154	67.179	71.6957	66.2281	60.0774	77.6838	78.7539	79.8869	74.4186	38.3434	70.5327	76.6002	75.3469	73.5706	73.6263	74.5375	60.358	63.0777	66.7008	62.9945	58.481	58.6236	54.5266	59.3066	60.0472	52.9803	59.6594	71.1379	74.3181	75.4217	68.2774	20.9864	40.7715	45.9168	61.5397	59.5167	50.8166	40.475	47.9628	14.1596	52.5542	49.0132	43.9938	35.019	32.166	55.885	60.5873	69.504	68.9438	47.8857	38.7782	55.9738	63.9208	37.4263	62.4153	56.9813	37.0245	41.7464	63.6299	51.4209	63.2012	72.914	70.34	61.9903	33.3637	62.5215	73.3857	73.9405	73.3214	66.5953	58.0886	72.8207	76.9316	23.3318	71.8676	64.6451	46.5762	58.4292	49.986	50.4542	58.3152	7.98918	64.079	62.7031	36.8993	68.0825	60.7187	67.9507	67.4965	66.3392	72.1701	64.7454	64.3017	55.1118	33.9023	67.9848	72.6497	78.2229	73.8117	56.4782	69.7011	77.5612	75.0847	70.0001	73.2111	76.2872	79.0127	80.1192	78.2183	67.9897	40.4309	72.0815	73.6297	66.5454	47.0032	59.1368	69.8181	67.5787	57.4189	21.4266	20.3807	12.6761	47.332	41.3674	55.9413	64.2682	68.3677	62.5646	70.194	60.7251	61.565	65.5739	54.7218	64.4434	67.6738	66.0462	59.2765	31.3188	23.8674	51.9926	60.1267	64.8952	63.3332	49.5357	44.7776	56.3132	57.3083	49.2277	33.7463	31.1093	61.8501	62.7249	59.0734	56.2349	41.8947	56.3078	59.7081	64.6027	48.7884	53.4668	70.4592	70.1763	52.9607	49.7064	55.213	55.4845	60.574	58.5221	43.7598	17.7592	54.7696	10.5343	30.1369	51.4098	53.6525	39.7848	69.6362	63.4278	69.8216	75.6992	70.4111	20.1149	78.9986	80.515	78.1361	77.211	65.5644	49.3868	66.6818	63.7594	63.8112
67.3798	79.0218	80.538	80.5409	80.2381	77.9509	73.3573	69.8028	59.5689	58.5636	31.5613	56.7172	68.4535	70.99	64.6989	71.2869	74.6235	76.2329	75.6726	69.2492	75.2689	53.8091	69.3692	79.5316	77.38	60.0536	44.2819	67.0176	75.6197	75.2466	75.3772	65.6284	70.0106	72.1724	76.8991	78.0292	69.3067	77.001	74.7037	64.7229	63.2476	44.3684	15.6092	51.3617	60.9476	66.4813	64.6148	63.3346	49.424	58.093	60.3269	60.2796	54	22.2193	52.4838	46.8069	20.5909	34.2016	60.3129	67.8959	73.6374	73.9374	71.0116	68.2233	52.4404	49.6684	62.3652	71.1138	78.1934	70.5153	75.3972	78.3174	73.5979	47.3274	73.3346	78.1573	79.5592	79.6263	75.1475	39.7664	65.393	76.7793	63.1876	68.9227	44.2114	58.2898	32.1116	19.0211	41.616	18.8098	49.6812	72.3916	76.3406	75.9641	68.7388	61.9053	68.0401	69.4615	65.9993	34.5731	49.7656	54.9064	49.2828	41.4845	38.0764	57.82	54.2346	12.8399	53.7993	55.1332	45.6123	53.8762	61.8081	71.0732	68.2908	54.6935	27.2239	43.5359	34.2642	47.1287	59.2502	63.5516	57.1328	54.2188	49.1825	69.0938	64.2608	61.9406	73.498	73.9558	42.9933	68.4998	75.4623	74.8315	73.5443	73.3828	77.6958	74.8669	60.9866	60.8509	50.4524	67.9489	63.5133	51.2582	46.359	48.0809	24.2193	50.7735	65.6764	46.2054	68.4393	56.6541	67.3137	59.9584	61.7546	57.6505	22.621	49.3298	67.2589	76.2509	77.0447	76.2708	72.1124	63.3355	25.5603	64.8894	75.81	78.9223	81.0248	81.2001	81.3357	80.4165	74.5404	44.964	67.9043	73.3952	73.8964	76.816	77.6597	76.8134	67.0909	39.5023	66.9434	71.3083	65.9375	38.3925	37.426	42.7123	31.3421	5.84744	46.2084	37.3135	45.4183	73.2171	63.0349	61.3893	65.4065	69.1087	71.6677	70.0592	59.9794	20.6128	49.3291	59.5598	61.0552	60.9563	62.4518	60.2578	61.3061	22.5981	59.1069	55.7487	36.8881	42.0628	63.6853	71.1718	69.6634	67.5118	65.6254	59.1345	52.1973	54.782	51.2324	65.14	38.4086	70.2168	71.3976	26.7027	49.8105	51.5567	28.3247	45.0864	43.1824	7.70434	9.05763	44.7694	44.6953	47.8929	31.0693	25.8308	56.0206	53.5384	66.7962	69.2859	69.0449	75.5511	75.4799	48.17	79.026	78.5539	77.1367	76.8019	59.9712	62.1853	66.8746	66.6781
61.1875	45.5647	69.3551	73.6444	75.7333	72.5573	70.4918	74.1865	71.6107	57.4612	28.5337	56.7754	62.6389	67.8257	60.6869	70.3938	77.7576	49.8943	70.4057	43.0814	75.3775	54.3964	67.8583	80.4773	78.1978	54.6145	44.0031	67.8639	76.6818	76.2446	69.0883	39.4773	69.1542	71.4349	68.5282	36.4756	78.4021	79.5903	56.2816	59.4392	66.1028	56.9564	59.6468	58.749	45.4841	44.7901	53.2091	59.7551	46.5194	58.6986	54.9375	46.6554	59.1715	42.3517	52.5091	51.3297	49.784	55.2911	61.666	73.81	68.1422	63.6375	67.2904	67.9427	59.3094	64.1554	61.1437	56.6583	78.8645	77.8151	46.6855	40.6931	67.0792	75.8598	73.4586	73.0367	69.656	59.6608	66.2722	73.4934	69.4385	73.8905	74.8014	45.6483	64.3283	49.7204	38.648	57.8573	66.3148	68.3366	75.0982	76.1865	69.1996	50.2455	68.4918	74.4999	63.2836	55.3828	56.3877	63.7668	53.0755	45.1763	58.7414	44.8711	41.2518	57.7611	60.2952	60.7911	53.7731	50.171	59.2302	70.652	46.7769	52.0035	63.1901	55.5618	51.3468	45.7308	33.8649	50.7733	60.869	61.2321	41.0423	48.2765	70.0365	58.9388	38.437	64.1831	58.7678	68.2506	70.3067	46.7007	66.9444	68.5384	66.68	66.8327	73.4842	65.7654	66.2205	65.6616	58.4715	71.783	62.6691	33.1342	40.1076	48.6153	48.761	43.4463	68.2091	56.7141	65.8743	55.8093	67.574	55.5012	64.3159	23.6381	62.6058	70.911	70.5453	64.7558	58.4088	49.6745	21.5469	54.4895	59.6817	50.8936	71.7347	74.0642	71.646	63.3436	49.7455	36.2101	68.8162	74.0789	72.9014	66.2879	61.8049	73.4397	66.8405	60.7937	72.4586	67.8323	64.2381	62.0055	65.9982	24.3778	49.5197	16.9183	21.1065	17.6854	39.1385	50.8578	55.8189	72.2294	64.9723	50.1384	58.0528	56.6613	45.0001	12.0196	31.056	51.0614	66.6782	62.9328	57.1892	48.8545	40.8974	27.8188	61.7312	29.0332	53.2479	56.1643	40.1695	58.753	63.4492	48.7704	40.7476	53.6636	71.7406	71.9844	37.3436	62.3786	35.5893	56.8004	64.5498	68.6161	75.6191	37.1884	54.9872	49.2389	56.6809	68.5294	70.2817	67.7779	62.197	37.7747	55.7718	47.4267	32.9121	33.9562	18.4713	62.0461	69.1401	70.9182	61.7623	69.8623	78.5166	74.0963	63.5306	75.2691	73.9534	77.6107	74.1681	28.6436	61.2253	55.8388
68.4602	65.3235	43.1568	66.9912	73.9972	74.3128	72.725	74.1568	74.8123	61.0115	27.8598	54.7876	66.7481	72.9985	65.6039	73.3533	73.2096	60.8476	71.9682	52.283	75.8472	62.9065	64.2795	80.3269	78.3282	74.591	74.4524	73.7522	77.2989	76.7179	69.2746	22.4766	53.9613	55.3941	64.4058	70.7132	79.7301	78.4113	50.5597	54.0983	60.8516	32.5062	46.5486	53.5741	58.225	50.3278	39.5853	51.6441	30.2609	50.4111	53.2261	49.7271	63.7261	62.4935	38.0751	57.7293	39.7578	56.5278	59.2983	69.5488	70.7314	64.7368	50.9619	59.3389	66.8468	72.1804	73.6649	71.8388	76.3446	78.4084	32.5727	56.0185	76.9299	76.3777	66.0639	59.332	53.8647	64.6713	63.9904	19.5194	60.2622	61.8688	71.8112	50.2959	40.8794	49.8129	64.6405	67.8902	69.4728	74.1858	74.8765	61.4269	48.8141	64.7491	67.268	72.3573	66.04	45.4141	9.69323	47.2006	66.315	44.8999	51.042	62.4155	19.2007	46.9187	36.9351	32.6522	54.9553	26.0649	23.8418	66.4984	66.5353	27.5613	64.7796	49.3803	47.2634	29.1935	44.2221	62.3076	29.2205	52.5724	55.5464	66.3719	36.9656	56.4542	60.4888	18.6243	64.2768	54.7619	70.2004	68.4155	36.2182	66.1513	69.2095	67.878	70.0186	60.1594	55.8078	66.3342	68.9102	71.1685	53.316	48.7591	46.9397	51.8211	55.9203	49.7844	62.5104	61.5751	63.9941	49.602	66.0821	48.6686	65.2039	40.6816	68.1987	52.2773	56.4091	66.6069	66.8847	58.6961	62.6907	62.4127	67.3005	44.5232	44.6464	38.3653	49.5005	63.3411	69.9675	75.7911	75.3866	69.6113	68.4966	65.5814	63.7729	56.1785	71.6874	47.8582	60.7749	62.4898	65.9555	64.4488	41.606	52.6006	59.7469	47.9507	29.1839	32.2912	39.1722	59.4508	59.359	70.0573	62.1485	20.2724	27.7428	17.4701	14.8567	23.9728	30.454	48.2112	63.1468	47.016	42.5368	44.9294	34.5458	24.5057	56.4126	46.7642	37.4215	56.7026	10.178	54.4284	38.2324	55.4952	68.0004	60.4379	65.7929	76.4328	53.9964	61.5807	44.3443	41.956	64.072	65.9745	76.9723	23.9431	57.8938	52.235	44.3787	42.3364	64.0354	67.5013	70.1034	70.5015	56.7148	17.7548	48.0305	50.876	52.5321	39.683	65.8627	66.0258	55.054	61.1354	77.1802	78.6515	47.9095	72.6076	77.3971	79.4215	77.2497	51.0572	40.7468	5.61553
73.4437	70.123	50.054	54.0951	69.8956	75.9047	76.2663	76.3921	78.0767	75.6693	72.701	76.3979	78.5666	78.7626	76.1309	70.5596	30.5551	77.1677	75.6732	71.1022	77.3405	73.9548	24.3834	76.8646	80.2431	80.9252	81.4813	81.5642	79.9692	74.4	46.3611	67.1403	77.9291	80.228	80.1195	78.0849	77.0396	73.884	35.521	50.8927	47.1684	8.46014	37.6922	57.3795	48.3421	55.6921	44.9277	37.3412	21.9585	45.9843	62.5417	47.5997	48.0979	71.4082	75.5431	73.9967	67.8996	54.5348	17.7215	57.4006	68.5598	70.5289	65.327	53.0947	26.8214	61.5169	71.5464	75.031	77.0319	76.011	27.2361	62.3772	75.2991	74.7831	75.8099	78.3702	78.8388	76.9121	74.9593	73.9251	66.1511	50.2972	61.8098	57.0599	15.901	38.8805	69.0316	67.5003	52.0532	59.7354	63.5352	44.2517	65.4017	67.8031	68.0644	56.9132	65.7545	60.983	45.9155	28.9188	52.3538	57.0094	52.0419	56.7384	36.0534	55.7443	57.513	62.5966	59.378	42.518	58.1162	70.9633	72.6473	62.4619	71.815	70.8363	71.5062	69.8742	62.9739	64.4518	49.8546	56.6668	64.1811	36.2122	61.6184	59.2151	34.7864	53.2617	46.8554	68.1072	73.9863	75.498	67.6154	54.5442	16.1068	45.7491	65.5547	51.1483	62.0797	71.3481	73.1043	61.7361	56.7811	60.2947	60.1656	63.5765	43.1245	45.9409	59.4677	54.1524	55.8706	56.6598	58.641	31.616	46.9925	64.6691	51.2989	64.1362	64.2092	64.2566	62.817	74.2161	75.4169	76.3159	71.5549	65.4643	50.1753	72.2647	77.404	78.8014	77.6096	76.962	75.9099	74.4794	71.9506	60.7374	49.3263	22.3083	58.5023	53.9613	39.8348	24.4003	11.7268	9.29079	39.1439	42.6869	45.31	59.7595	70.2928	74.4683	75.576	75.5107	72.8206	67.2369	41.0039	28.4355	31.6624	45.9991	55.5244	59.2934	58.6087	39.0473	50.4773	65.5284	66.1985	47.3844	19.0372	34.9637	36.4215	42.8192	26.2506	58.6166	17.8565	57.8064	49.9453	57.9783	66.6677	74.1911	32.0186	74.0465	72.6444	32.4476	57.3153	45.8308	59.5067	62.6173	75.8457	25.7396	45.6609	61.047	59.4625	50.5432	53.2173	37.6844	25.3226	60.9712	69.1674	71.4439	70.2472	60.3978	48.1475	24.2353	50.8884	54.6022	48.6386	59.897	73.5091	78.5138	74.3742	25.1648	74.9795	80.9486	81.0451	77.4131	71.2019	58.9101
72.868	67.4932	48.5163	41.0451	59.4653	74.3743	77.9116	78.4616	79.7514	80.1586	78.7893	79.5462	79.7365	78.8306	72.8888	65.8274	76.8691	77.5246	65.2531	65.0423	73.7272	76.1921	72.7617	48.0618	76.3464	79.235	79.3736	77.6732	69.7057	21.0881	59.6289	71.1283	78.1851	78.4676	77.1321	75.4185	65.7032	59.0119	54.6566	50.45	39.0169	38.7925	40.6613	51.6827	27.6793	30.3109	24.5898	1.40643	35.8266	5.37058	60.3832	60.9218	56.09	68.8215	74.7261	75.0672	67.1272	64.164	59.1225	58.8739	67.9163	66.2944	70.8841	72.9653	71.7413	65.4241	47.1075	42.9052	68.5711	60.5426	34.6071	45.7708	68.7944	74.2847	71.8946	66.9057	62.3408	63.39	62.4655	37.675	67.9848	72.4596	65.5826	55.8345	15.1685	46.2721	58.6161	65.3532	64.6703	75.1719	49.9643	66.5136	58.7056	65.3829	57.212	56.1696	30.5927	55.4934	59.9056	24.5412	53.7522	17.766	20.1294	29.377	16.9863	50.5758	41.8937	43.9696	38.2803	31.7971	66.0833	73.3661	69.6859	43.5543	60.6035	44.0988	40.2231	60.1024	65.0122	60.3952	51.3824	58.3813	61.3796	59.4561	62.3207	45.8404	59.1022	38.6023	64.3835	61.9222	70.0766	73.66	76.4644	76.0542	73.6726	71.4489	67.5566	40.8735	65.6476	76.0688	76.0467	13.2013	47.7454	55.8464	54.9779	54.7001	53.0508	35.0882	61.817	65.9531	68.7092	69.6209	45.4171	47.0368	22.13	64.516	47.5482	51.0421	57.018	61.9634	52.1357	75.6353	71.1814	77.5466	72.8937	74.664	59.3628	74.7055	76.8059	75.1997	75.0875	73.5981	69.9519	60.6559	46.4339	27.3839	54.5709	21.3208	38.8783	43.8351	61.165	62.1706	60.14	56.3625	47.9305	12.7099	63.4922	69.1945	75.97	74.1689	62.2158	53.3271	47.5218	14.0576	52.5186	66.3592	65.0844	57.9686	53.9197	58.0299	63.993	66.2258	56.1594	25.5836	69.7812	66.7976	60.073	47.7688	14.2249	28.7262	39.1331	58.4355	34.3392	51.7143	57.7539	52.3603	59.2026	72.2361	69.2141	55.3167	76.6397	57.4367	56.4836	55.5891	64.7727	44.5968	74.4717	67.7294	47.9464	53.4036	54.7214	60.9782	67.049	66.3841	56.9046	41.7808	6.86944	53.1796	71.5413	76.3801	75.8261	63.2533	6.83489	38.4793	51.3004	58.5539	65.7013	76.1249	77.5826	64.9024	54.3987	78.6376	80.0999	75.8664	72.236	68.7678
3.6753	6.17167	12.154	22.1609	35.3839	63.3101	74.3911	77.0518	77.6698	77.5351	72.7318	75.8473	75.8338	70.5927	56.976	79.5685	78.9632	59.0883	63.3133	74.1723	67.7993	62.6462	73.5457	71.0492	54.3595	45.4537	35.6788	62.1749	65.9336	65.7528	68.7771	67.6102	76.1484	75.6964	36.8892	53.2766	50.4251	46.4078	62.0079	45.6113	43.3818	47.2588	51.09	31.1377	40.8166	28.7764	32.5494	30.2321	44.7024	18.8057	59.7388	64.0027	63.2591	64.4432	54.1123	43.8322	69.6983	71.6194	43.5339	58.4417	61.5582	64.586	72.2063	74.1763	74.4787	75.6688	77.1653	76.9676	75.7989	56.0604	59.2105	62.9345	60.8757	60.901	70.2031	73.456	74.0718	77.3716	75.513	70.0337	54.6004	74.5721	70.5389	34.0624	52.7564	49.4201	13.1105	51.4652	65.1337	77.9125	11.5923	75.9833	68.6317	49.3367	70.0659	55.5169	60.57	42.0046	63.7229	35.242	60.1621	58.447	60.5314	54.356	27.7817	42.0786	45.8882	55.3176	52.0503	42.7392	66.9071	73.1377	40.6871	67.4557	74.3099	69.8033	64.6772	50.0286	53.8818	67.4332	56.8866	60.3718	52.0509	66.511	41.0068	54.1265	58.6027	37.7734	55.9296	28.8648	59.9737	67.9153	71.0703	70.0686	68.9039	76.1663	75.6974	63.0558	28.3251	77.1823	78.6082	59.5147	39.3784	71.813	61.3997	60.8348	48.4742	34.9078	63.6143	64.8269	45.1264	67.223	32.48	41.3729	36.405	58.5609	47.1681	21.0286	64.2442	57.642	57.6109	71.9942	62.1394	74.1144	65.4581	74.6745	66.2824	70.1084	78.2554	73.805	43.966	41.894	39.0737	64.2558	61.0465	58.1688	56.1701	53.8544	61.1174	63.8194	58.8305	60.0278	58.9864	55.6501	65.576	73.2569	76.2474	72.3098	54.6318	56.3409	66.4571	66.9436	60.9948	60.9739	60.1274	64.2234	64.2277	55.2748	34.9013	48.5133	48.5943	51.1711	67.7246	58.8634	58.6566	60.1054	25.7528	38.634	54.2944	50.7659	38.3345	55.4962	41.7624	51.1936	50.2995	44.1646	69.6788	71.8224	69.7688	51.2443	75.9529	73.7708	42.3544	60.9162	71.6106	35.8311	67.6353	64.2803	68.177	42.5129	31.7903	61.4304	47.4612	58.9362	47.4898	39.399	54.0595	65.9416	65.997	39.448	73.353	76.3225	67.6071	14.1846	54.8345	55.4178	59.277	74.6094	77.7409	70.3806	60.0744	64.1376	77.4141	75.8468	75.3922	73.1213
6.2981	5.59973	2.79444	5.93323	8.93129	29.793	57.535	67.263	70.0479	73.3874	59.3104	72.3286	69.9972	42.4602	74.1085	81.3037	75.2645	43.9044	72.851	71.7509	65.4407	56.0799	68.9637	74.5186	59.8387	42.6877	64.688	68.5198	58.3287	53.7968	66.9442	63.0882	70.7417	72.0712	57.0841	21.1261	65.7601	64.6224	41.5975	51.8024	59.7442	50.3871	42.561	4.98606	42.8091	20.7947	35.8217	22.9284	50.7842	8.64436	59.7507	62.9645	63.211	67.5194	53.7244	62.5971	73.077	64.4312	20.5004	55.8726	42.4588	38.6005	50.3833	67.0766	67.894	65.1149	68.0752	73.0291	78.5007	66.2035	66.7592	63.8228	53.7645	49.2811	72.8806	65.5307	61.2177	73.7842	66.4872	65.3427	40.3788	69.5771	70.5152	41.4214	58.0403	47.2587	42.2546	41.4917	71.1233	77.886	46.1682	78.6903	62.9224	62.882	69.2414	67.4254	59.6804	22.8258	59.0994	34.6023	61.8521	42.2342	46.6081	59.3998	35.7391	29.2981	34.0571	41.0163	52.9812	60.9736	65.5815	74.2634	16.6387	74.7496	72.3015	49.9845	46.1967	38.7064	15.3281	70.6204	52.1813	56.7929	26.7713	64.8672	38.0274	59.7072	53.3776	32.9344	45.3578	24.0313	40.01	44.0745	57.7671	57.8229	51.3766	74.05	74.1936	68.4743	48.68	74.5059	77.5858	46.277	48.377	74.8057	64.1308	40.5516	28.0505	49.627	62.598	63.9295	22.7266	71.986	21.7517	24.2614	53.3965	50.3795	42.4763	28.9692	62.2688	54.2091	53.1212	70.2676	61.1606	70.7719	45.9847	70.5649	74.3703	46.6832	76.3156	74.9512	71.1712	45.6855	62.5014	54.9433	46.4556	44.8883	51.883	42.7289	52.5343	53.0733	42.8858	44.2679	46.6298	37.9343	67.8186	70.2669	69.3104	56.0211	30.4448	71.6382	60.9017	62.5896	46.9835	44.5661	16.2169	66.025	28.196	55.6685	25.7118	45.7582	50.1281	45.5343	66.9204	67.4198	49.0466	60.1291	38.3419	48.1572	59.1574	44.1603	33.4553	50.909	38.9449	30.4832	25.8768	67.3348	74.33	68.4631	60.115	56.0797	72.3262	78.1798	45.3028	63.7747	75.9156	27.4068	67.1507	32.4586	60.9879	35.7614	14.6886	60.58	47.935	59.648	46.7418	19.7367	45.8518	50.9998	68.276	65.8407	38.7672	72.7607	75.1926	41.0839	57.7976	45.0934	41.2667	74.7517	77.7419	64.4693	68.5635	25.1512	74.7186	75.7705	76.524	75.8077
68.4283	68.7679	67.6731	63.5857	59.6043	51.7328	12.8564	56.8372	67.8641	71.2085	69.8101	73.4373	58.5571	40.5581	75.9306	80.6602	70.7179	72.5264	77.2362	75.0908	73.733	75.498	75.7448	73.1324	42.8893	63.6628	75.3648	76.4565	74.0372	72.417	72.9103	71.1372	72.6242	68.2053	40.1423	56.3982	68.4866	54.6565	55.8745	62.064	55.8959	39.9735	38.9359	12.3968	42.158	39.5576	60.5105	54.7254	61.4831	6.53796	63.9162	65.0923	58.9826	66.7187	61.5149	62.7455	75.449	70.3045	57.7322	62.5305	69.4303	74.0152	76.6024	76.7583	74.0804	72.0836	73.2494	75.2178	78.5965	64.6944	69.2679	69.5017	52.9267	52.2497	71.5708	65.9948	60.9296	70.9054	56.7744	57.9496	51.4362	67.315	68.4475	12.661	64.411	64.6437	67.4304	67.8944	75.8542	76.8114	60.7191	78.689	58.6709	54.0588	58.5989	63.7568	40.1392	35.2316	44.8003	45.8549	63.4867	28.1897	38.5611	65.991	61.5761	28.3164	7.15488	43.6038	61.2941	58.0385	67.0519	75.7591	34.849	77.4041	72.0693	45.1025	52.1796	51.3226	29.0098	67.1382	58.8274	35.1436	26.4826	57.5507	36.4743	60.353	36.7698	52.5431	25.3428	31.8239	35.8618	33.4314	50.4244	55.9484	41.5374	72.0752	73.9587	70.5029	55.6656	70.9213	75.8082	48.6546	57.3776	71.8611	67.1221	55.6281	46.9937	32.9429	67.3922	67.6663	46.9131	73.7916	13.0203	27.3763	63.6126	34.5502	37.3379	22.9639	61.0386	55.7576	55.1815	66.4528	54.4068	65.8553	56.8337	71.9854	76.2434	29.4472	75.2517	72.9173	68.167	57.3452	61.8721	35.5583	48.3773	46.3668	56.3415	44.7315	60.6311	67.5279	70.6973	72.0735	72.9749	73.1952	70.9286	54.4341	29.0415	42.4368	64.7074	75.2944	66.6149	69.287	44.6029	35.1888	45.19	58.0744	44.7739	44.1217	42.2553	49.3836	47.4815	40.2797	67.5714	66.517	52.959	62.1071	44.0835	47.3117	52.9284	29.8042	44.5305	47.6662	62.3432	67.9108	68.645	66.0326	69.2322	68.1256	64.4516	65.9222	59.178	78.1816	68.2923	70.2768	77.2703	40.0271	70.3594	24.7123	56.2559	46.8675	47.1446	50.8241	51.2987	52.9721	52.3141	38.559	52.1287	52.3103	67.8223	71.5266	51.2599	59.6236	77.8589	73.4973	36.0808	45.1903	43.8173	72.9129	76.605	73.1509	74.46	64.5826	63.6062	76.7252	77.4069	77.7784
77.8268	77.6654	76.9737	75.4322	73.1117	69.5385	55.5807	45.682	68.6692	72.2582	74.915	71.5218	53.4508	61.6494	71.8646	78.077	70.475	75.3819	78.5012	77.7171	76.4991	77.1024	75.0621	57.024	55.3334	70.416	78.0153	78.147	77.039	77.8468	76.5461	74.1882	67.1062	15.956	62.3744	74.4593	69.8073	47.0642	56.9483	65.6147	56.0645	31.6939	39.7405	25.6602	47.5073	65.3854	71.1775	68.2693	70.6906	3.75972	67.6764	65.2652	29.9573	61.6287	73.6524	60.0167	76.8322	76.6831	72.5717	64.4088	73.4206	71.5417	77.0634	79.0452	78.7582	78.2136	78.1427	77.8598	75.6922	32.4911	71.6996	74.3933	68.7013	69.4916	53.734	70.3369	68.8892	62.3435	55.1229	54.6558	65.7768	66.6644	63.889	47.3108	65.4504	63.6403	65.91	75.3987	78.4569	69.1249	71.9399	74.7549	68.1252	44.4355	42.8398	40.6853	42.7174	32.3925	15.0351	57.6453	64.874	55.4638	61.7551	67.709	67.8269	49.0265	21.5932	58.9319	65.2895	62.7191	69.1812	76.6586	59.5947	78.763	68.8658	32.8955	57.2326	62.3167	55.7314	40.9702	62.1032	48.7349	52.6729	32.7254	27.2261	36.2556	39.7004	45.5832	32.5246	34.125	2.09939	30.8382	39.7921	55.7032	36.2206	69.7612	76.4219	73.777	50.1362	66.1261	72.7094	70.7679	67.7543	45.6464	67.0576	71.3247	65.4194	44.6125	73.8786	71.6897	67.3521	75.1438	45.2893	46.4656	69.8819	26.4771	30.0791	28.095	55.1046	66.1449	60.8149	45.3523	56.0499	44.9991	56.0589	75.3164	77.1311	34.2106	76.5621	72.9813	69.984	73.2555	61.7324	61.5232	53.324	49.2922	65.252	67.8951	71.3058	72.1616	70.4664	66.1743	64.7076	64.5819	45.1858	22.574	49.7388	59.7396	62.8715	74.4557	66.8601	71.6281	62.378	49.5421	54.7285	30.5368	56.2425	22.6275	49.864	58.5504	40.5247	37.9284	67.8872	53.9856	60.3308	60.6777	50.8069	38.5465	21.5471	23.0523	48.9848	35.7319	51.8807	54.2139	48.2315	3.48398	60.4654	70.7635	71.0668	73.5981	55.3642	73.2542	74.7834	72.2954	76.8324	65.6667	72.6381	38.9939	56.6457	51.3278	55.4378	36.1012	51.4054	50.1286	49.9759	57.2891	61.425	58.1662	66.6637	70.5289	61.4854	43.4415	72.3281	78.2083	68.346	10.8818	50.3392	66.4474	75.5578	77.5447	77.5611	77.7204	62.1984	78.2333	79.4036	79.1165
76.8273	75.4429	73.8292	71.2263	63.3388	69.7848	65.2688	7.61649	47.222	58.529	49.3394	28.3452	53.7923	66.8749	73.8309	78.0417	73.3611	72.1961	77.1297	73.1164	47.583	19.3316	53.8569	72.1606	75.6872	73.0246	76.2837	75.587	42.325	4.77795	34.3088	53.5084	68.1101	75.4125	76.5194	71.3868	66.7026	70.2733	51.0277	52.9282	4.83437	17.4073	22.5121	41.6073	57.8544	67.05	68.3644	66.214	75.2721	30.0592	67.3617	64.7275	51.3688	61.7604	78.4852	71.3374	67.0327	72.9431	73.1881	43.2508	68.9281	69.6821	66.9458	65.8578	67.9923	70.7001	70.3054	69.0848	52.0931	57.0864	72.966	74.7467	67.8965	68.2548	63.0012	64.4427	70.5319	65.7492	65.5747	55.1974	58.6843	42.7729	52.1439	65.1686	59.1049	52.7636	69.773	70.3552	72.5556	52.5339	78.4812	72.6829	63.6752	55.7802	34.0491	45.413	55.6208	26.1011	47.9683	61.4725	63.315	48.5797	49.8932	63.6774	71.17	55.0623	19.29	62.7967	67.4924	65.7311	70.7176	74.4523	64.9424	78.827	72.3233	64.9903	11.6051	59.3236	64.0693	42.8069	42.5971	65.6817	51.4718	47.1259	41.6349	32.6297	7.08024	38.1921	46.1074	29.2316	2.99769	15.6735	36.1406	41.167	37.4903	72.4808	78.2216	73.6691	44.9082	63.639	70.212	74.8552	67.1301	60.8764	67.2286	69.0306	69.1574	66.6072	76.3842	71.4705	72.0622	76.8923	66.4939	51.252	70.7856	48.4107	50.4517	47.1847	13.3005	42.1268	37.3839	35.2786	63.1759	62.967	62.2694	73.3343	78.0179	34.6785	74.7401	73.2797	71.2728	62.4234	71.0405	60.4741	39.8937	64.0307	73.8425	72.8461	66.5062	7.76163	60.5642	70.9227	73.2725	72.7265	69.3259	60.6629	57.2193	62.8615	47.2609	70.3547	70.6077	56.7369	68.5982	53.763	49.0635	66.3465	50.2457	55.1418	37.8727	24.7089	49.7809	63.6364	56.6669	19.1563	62.0035	62.3461	47.8925	5.54457	45.1959	46.6368	30.1204	43.1535	42.4138	29.1781	18.0525	46.0236	36.0818	40.7851	61.6538	71.0147	74.8764	48.817	73.419	68.0981	73.1567	75.3252	74.7134	34.9621	55.5852	49.768	40.1086	24.4892	35.3446	57.9135	20.855	51.4337	10.0815	64.8763	63.2238	58.4442	67.3351	72.0331	40.5593	73.1028	77.3252	70.237	58.4556	42.4887	14.764	67.1987	74.597	80.5756	75.963	69.3378	77.8304	77.2265
72.3983	64.0049	61.9662	66.0873	69.6274	67.2426	57.3231	46.3803	14.6194	18.5711	29.2766	36.4187	49.6655	63.0301	71.8358	77.105	75.7758	73.3856	76.9204	66.8483	31.1799	67.2754	73.9541	78.0446	78.0907	75.7699	76.4321	69.0846	52.069	72.6626	75.6898	76.3515	77.0073	76.6743	71.3455	51.9718	75.172	71.1707	8.49799	56.7542	66.0346	59.4813	34.0343	48.5004	50.6348	61.255	70.5985	45.7447	76.0537	68.042	57.9937	52.5102	60.2794	60.1292	79.5713	77.1507	51.4835	71.1021	73.1683	69.4868	29.4517	71.2601	74.6001	74.0233	67.1277	47.4505	49.2006	53.1034	43.9107	72.1269	73.791	74.8484	73.823	68.6016	72.5538	64.6599	64.2055	67.932	70.2046	53.5025	43.3518	39.8347	55.6667	71.9741	71.5036	68.5559	72.6748	75.9602	64.088	71.6904	80.0795	64.6546	34.6277	57.7392	36.7562	14.725	41.1426	20.9478	52.0312	65.387	56.5481	48.6098	58.5845	53.5317	73.7949	64.1973	23.1796	61.643	72.5013	70.198	63.326	70.3083	51.8663	76.5423	70.8762	70.6389	68.1375	45.5005	52.4341	61.0419	37.8434	62.1404	50.616	52.8917	50.0943	63.0535	68.2652	69.0969	69.6592	69.6578	69.3394	68.9821	62.2075	32.3872	47.6706	75.4487	76.0844	71.7999	61.9077	62.9612	73.8841	66.5097	68.6716	73.2743	65.9471	62.5512	63.0898	59.4753	74.0446	70.1933	71.4317	77.29	68.2215	60.1246	70.3103	39.6586	56.1907	34.9994	50.2338	39.9434	51.9309	52.0529	64.2484	64.9403	63.7179	69.6512	77.0024	45.1528	70.1552	59.3377	55.2161	72.8655	70.2602	43.5695	70.7946	75.4535	75.962	68.5131	10.8155	68.7316	74.4143	74.6941	75.1976	73.5748	63.5312	43.346	47.2148	63.1599	61.1689	53.4865	72.688	26.4943	68.8942	55.2504	40.0566	69.6292	40.1204	65.371	33.8558	46.2652	63.8372	58.5089	10.2501	48.1757	48.3985	64.5201	46.5923	42.6962	49.604	49.4174	48.2864	38.2145	58.87	69.5332	72.1591	73.7504	74.4898	69.4138	51.5213	63.0992	77.4646	55.5642	71.4316	66.8448	66.1525	79.024	75.6159	48.2409	55.429	42.5349	24.7636	46.4628	18.9494	61.4008	17.499	33.7738	59.8195	65.9613	45.0243	32.1946	48.5072	65.3349	70.019	66.7759	77.8558	76.3354	73.3538	74.5466	74.0274	64.4967	65.5103	80.5298	79.8013	42.8859	76.7184	77.1542
74.1855	77.7658	74.8014	66.2207	57.957	63.8301	74.2216	75.326	68.2985	46.5333	18.6349	17.8417	33.7105	36.1119	57.2428	72.4589	76.0359	75.2055	71.5819	10.5181	66.7829	68.5214	62.4678	68.3807	69.4485	62.8423	66.3204	64.411	75.5601	76.3748	76.8778	77.9996	75.9518	61.4597	50.8847	71.0397	70.4211	69.8481	77.3502	74.8198	65.9722	63.3312	55.5101	36.9257	49.695	65.5668	75.7148	62.9515	74.2025	68.2331	14.8303	53.6796	50.615	63.0422	79.1011	78.3805	37.8548	67.0881	75.8857	78.8798	76.6458	67.5859	62.6747	74.086	73.7038	61.4019	59.5724	46.5566	67.3451	76.0943	71.8115	73.1768	75.4177	68.1332	75.4674	72.493	70.0961	69.8009	66.3942	39.8363	22.1146	46.9586	64.7668	67.4156	63.5682	65.7797	75.1301	74.7788	19.817	75.2224	77.67	65.2881	47.8841	58.0343	65.6616	57.6493	48.2888	31.1111	49.6897	59.3988	62.7591	66.984	71.1595	40.7651	72.141	76.6889	71.531	41.5397	68.789	73.051	73.1772	75.4761	27.5108	73.1975	67.9613	63.1522	63.4866	63.0259	31.7151	60.7357	60.8943	48.4796	32.8017	33.6012	52.6066	42.6039	57.45	66.9878	70.113	73.1343	76.5113	78.4362	77.8527	75.474	70.5874	64.3139	74.3129	77.9359	76.5419	54.8541	72.6059	64.4364	73.7405	74.5533	74.2632	76.2973	77.5805	76.9675	74.99	71.0743	70.3464	77.6604	71.177	69.7454	72.9922	64.9129	68.8296	69.5639	64.343	50.9774	57.5131	63.6039	68.7185	64.7359	58.4764	69.0168	74.1846	32.4881	70.6011	61.0927	50.7683	71.7837	77.9963	79.3549	78.3993	74.1022	58.9136	49.6019	73.0205	75.7282	72.3156	69.2277	61.9057	63.7732	67.4613	54.2027	54.9405	60.5869	42.0642	40.8161	67.3292	60.4027	60.288	56.6104	48.0174	64.2235	42.7751	66.7033	14.4055	65.1147	54.6222	26.7609	59.6827	62.2293	52.4138	54.4125	63.7252	52.048	56.6397	34.7717	49.2596	60.446	63.6644	29.3369	48.1595	46.8221	31.8709	68.4561	74.9734	75.222	77.214	67.8502	67.6907	68.1619	49.426	80.7176	77.1474	59.9772	48.5883	34.331	61.2136	65.1329	55.9504	40.2734	18.6631	15.8247	59.4399	50.5663	28.5781	49.677	57.8268	63.3694	67.657	53.1939	59.6725	76.4883	79.3008	79.8161	81.1417	81.5995	80.1316	80.3279	79.104	20.2282	69.953	77.5239
79.6972	77.2365	19.0103	63.5189	73.8841	75.4347	72.5748	73.5605	70.2342	55.2152	53.1964	51.9565	53.841	51.9997	26.7527	44.6157	66.7359	67.7163	44.2157	60.6246	53.1608	53.5822	71.8215	77.2463	79.1146	78.8756	77.8854	76.2981	76.0049	74.2851	72.1877	70.9199	66.2595	70.9341	74.9728	75.2527	46.6212	76.4368	77.5873	75.5864	71.3284	68.5553	64.9414	20.2262	66.7114	76.8917	78.8666	69.9744	76.0365	69.1928	62.2894	49.5321	28.9391	64.3246	77.5778	78.3587	66.212	51.0239	67.8981	77.3781	79.3261	77.3072	66.7642	68.9153	77.0534	70.6849	65.8945	37.0861	75.2024	78.1982	70.7119	70.8115	75.7679	68.8433	72.6668	72.1023	63.7801	62.8613	51.2816	31.5841	58.6465	45.1875	63.9353	71.1884	64.4817	63.1951	73.1874	47.1311	71.3	69.0279	70.4952	70.0941	50.4802	32.6315	27.171	53.077	56.9564	45.8103	51.7714	55.396	46.0459	41.1324	64.9074	72.4838	64.11	77.6341	78.0347	72.7928	46.7657	58.4876	69.839	76.6511	58.189	66.9867	69.6753	61.7892	57.7143	59.6022	47.9271	31.95	30.9972	12.9631	42.0041	32.0012	58.2305	55.0568	41.5736	53.8226	52.9131	24.8243	65.4239	71.5434	77.2014	78.4717	78.1967	72.3095	14.1543	70.0746	75.8035	52.7246	66.2662	75.7143	76.093	74.3727	75.5851	78.2794	79.8735	79.8484	77.1861	71.7422	68.5739	76.2833	74.1865	71.8468	70.9661	72.4129	74.2454	72.6546	70.8963	53.4408	71.4188	74.3147	75.0424	72.0885	71.0434	73.6094	69.778	43.4526	67.9975	70.6567	73.0829	74.5989	76.1091	74.115	63.297	48.4458	60.9414	74.7224	75.799	70.3396	55.3491	49.421	11.8009	27.4323	65.3403	61.297	60.9587	50.6175	33.8681	40.6484	43.4972	70.0128	36.0804	61.512	62.7533	30.7539	49.8978	54.9987	46.7231	64.8228	40.1891	10.9841	66.067	59.0073	62.0637	33.5498	55.0572	46.6895	47.2883	9.77334	10.615	41.2106	43.1828	68.4293	70.1382	69.1971	63.4567	50.1402	45.5954	61.6152	69.6787	61.4676	49.6031	59.5809	55.7213	81.4907	78.3508	30.9026	23.6772	61.7072	61.0032	64.9549	58.3494	41.686	1.23266	29.8324	58.5465	46.42	53.1207	65.7651	64.0782	61.1299	70.7536	75.3404	70.5084	45.859	63.5048	66.7895	71.5336	76.3276	78.4899	76.9072	61.9896	62.3436	42.6971	65.2307
79.9109	71.8091	73.0529	76.732	76.6236	72.8361	67.0467	72.4258	60.2201	54.5605	62.7718	64.0292	71.3404	73.5002	71.5732	53.7101	8.65204	12.2011	56.0412	60.6933	65.3296	70.5369	69.5869	69.6733	71.9568	75.0833	74.6835	68.6083	66.1103	67.8599	51.5774	44.6973	76.0024	77.4153	68.9791	55.6796	74.558	78.8929	63.9598	72.4259	72.494	72.6504	68.12	58.631	72.2357	77.8285	76.0118	61.7703	77.1911	77.0892	77.369	74.6714	35.819	59.2621	77.4487	78.295	67.6065	61.1106	48.5474	55.168	71.7161	72.8292	74.2722	71.5286	77.8252	69.9034	55.667	31.2991	78.792	79.2511	64.6494	64.2261	73.6205	69.6808	15.1699	54.5361	44.4422	39.485	42.1858	67.4161	61.9278	58.4053	52.8743	72.6898	69.5316	69.0016	65.6667	55.7688	72.4028	32.1871	66.6353	75.2511	50.6258	57.6769	58.3768	9.21817	65.6514	56.6917	23.0587	47.8066	56.4688	60.0872	44.842	72.9267	72.9174	47.6439	74.3506	76.2677	73.4938	70.8335	66.9749	73.3682	69.0897	53.7637	71.9522	71.2589	68.9942	55.8148	65.8546	72.2779	71.3378	65.2937	61.5401	20.0309	54.2476	58.5605	33.9615	61.947	70.9736	71.6036	77.7784	76.0031	53.5981	71.8311	74.9039	78.0472	77.2273	74.9077	73.3363	69.5749	64.4014	67.5366	59.2453	47.1318	42.6481	45.5485	53.157	60.5888	65.4518	63.273	58.948	67.5113	73.1115	72.3447	65.0508	67.5115	58.5834	71.6548	68.3866	64.4035	75.6182	76.8752	77.3922	76.2142	75.0503	71.0948	31.2991	59.5989	62.2155	56.5166	60.3322	63.4276	62.6618	64.3757	66.4293	62.7377	68.0928	71.4518	61.3315	54.2512	39.1636	16.5715	26.5461	28.1466	63.3057	59.0303	63.7183	38.7944	40.04	49.3676	39.5197	67.934	68.8232	64.7932	54.2171	38.2529	42.1597	13.3773	44.4925	53.9692	35.8251	18.8982	62.3752	61.5306	30.299	59.2541	51.3235	35.6027	43.0041	43.3019	37.3793	45.5426	57.2368	58.8467	43.4371	55.0253	53.1342	54.1839	66.5336	68.1938	71.7208	71.7493	61.4233	40.0144	48.117	81.5639	78.8569	69.4751	68.1317	69.7463	61.227	63.0306	53.9851	47.1899	26.4892	24.7465	52.6727	47.0429	39.4902	69.117	37.5185	68.6409	73.5387	72.8476	74.2266	72.2768	67.4404	70.5506	69.891	64.1712	60.1006	63.8017	73.9868	73.4728	73.1448	65.8494
78.6445	62.4938	76.4759	76.412	74.4184	76.2115	77.9957	65.9236	56.9153	70.7152	69.9465	64.3361	71.2726	70.942	76.2117	69.8431	9.33594	13.8522	48.0007	61.2098	62.6136	52.2072	45.7687	52.5288	64.0301	71.5665	74.0926	69.9838	62.0498	65.202	37.0767	64.3374	77.8871	73.685	63.6736	73.8868	78.3988	78.5947	59.7252	70.6864	72.0411	70.2544	72.3688	75.4872	71.3809	74.0017	74.0116	36.4651	70.9767	77.5033	78.7169	78.7832	71.1795	60.1829	77.1497	77.3493	65.6649	66.6695	70.2834	54.5586	61.4005	69.3684	72.8786	61.8882	76.1491	66.7566	45.6029	39.4514	79.0972	78.3189	69.4776	72.5775	76.4991	76.7621	71.5008	52.9852	32.0172	59.944	73.3979	71.7957	60.2662	64.043	41.2773	70.3153	71.7708	73.63	53.966	64.724	57.2395	50.373	71.5879	72.7579	62.5046	53.9908	48.0984	52.1736	54.3287	60.1091	38.3724	51.2221	55.7156	34.2072	37.7595	62.3051	72.3037	56.9685	57.0653	72.6072	71.8302	73.8994	71.3643	70.7872	71.8044	51.5488	71.2134	71.23	70.4931	59.8758	66.4455	56.8264	35.0105	53.6507	61.2707	42.1416	39.0541	64.7826	40.5739	39.1441	58.8982	31.5361	75.2545	78.2915	64.7973	52.332	48.9963	73.4526	77.1047	76.5904	73.1065	70.4195	62.4558	14.3557	63.4255	72.1274	72.1983	67.1031	54.0538	34.3488	8.22632	15.0277	26.0994	44.5732	69.9532	73.1903	60.9045	55.3445	71.3184	70.7065	52.9538	75.8012	77.8604	76.8348	73.4769	62.5353	40.2627	31.5491	71.5028	77.5149	78.5429	78.5416	77.6973	75.4806	72.0732	73.302	73.6261	67.532	43.464	70.5799	67.81	59.1049	19.5121	23.6032	46.4082	19.6575	66.8063	38.9665	66.0504	51.0464	43.646	56.669	55.8093	45.8166	43.7181	15.5602	37.9442	29.4933	25.4232	14.3054	38.6003	45.5285	39.2525	24.4349	50.5871	55.0724	50.8974	7.96116	42.9643	45.2039	36.8684	18.2941	28.0734	16.9154	57.7537	41.4385	40.357	56.9478	59.6952	32.3663	49.429	64.7568	74.3952	76.8072	73.197	67.1885	33.4343	79.5614	78.775	76.7863	77.4444	76.344	70.159	71.4852	72.0813	68.3819	45.1383	44.6046	18.5781	38.6754	61.3511	64.0773	67.1425	72.2673	65.6259	72.5791	69.757	64.7025	54.1015	68.4634	71.0148	69.7158	73.7367	76.3903	75.0986	71.0676	73.2306	73.0674
74.5191	59.8112	77.806	74.825	57.3255	78.5207	78.8215	70.6175	73.0772	72.8245	73.8083	73.3666	73.4189	65.1818	77.2031	75.4287	45.0255	8.16635	20.4508	26.5262	24.0557	18.7948	21.2586	30.6598	44.5006	58.7378	71.7697	74.5341	68.1221	61.1267	50.2364	70.4293	78.5409	79.8731	80.9989	80.4665	78.9385	76.7872	68.7399	75.6512	77.8052	77.8343	79.2452	77.9769	73.934	70.7748	66.2185	60.9056	53.3907	67.1257	78.4656	80.6748	79.643	80.6221	79.1416	69.6466	47.7902	53.0224	72.8413	71.8355	44.863	66.6968	74.1634	71.2833	75.0644	63.1629	26.5576	50.8754	75.2075	75.6184	74.7337	75.559	77.7971	78.0421	75.5614	73.3329	77.003	79.2789	77.041	64.7672	66.7367	60.8282	43.4046	67.6785	72.0931	74.5584	59.0649	66.5917	69.4309	65.693	77.7823	72.263	56.3347	57.0034	7.89926	55.3225	35.5013	54.7887	37.1735	47.4428	56.3738	53.0064	55.67	55.5657	63.143	66.3241	35.2516	62.5528	70.708	74.0128	73.0726	67.2687	67.2049	14.6359	71.1789	66.7917	62.3912	62.6501	24.1672	55.1021	58.7659	57.8321	52.8918	53.9322	28.7426	63.0366	29.3403	25.7776	47.4914	47.4042	74.6919	74.008	48.6124	62.9291	61.9677	53.1909	68.1955	69.2691	65.347	59.3478	29.3026	71.4463	78.7272	79.3719	80.3357	81.2746	80.9639	79.5408	76.4408	70.4851	64.3961	53.5741	42.8013	68.701	70.3348	72.0371	75.028	78.0274	81.0092	80.8301	77.9823	68.551	34.8938	73.9221	78.3816	80.2017	80.2941	76.8911	73.3129	74.9983	76.1726	74.5152	65.1769	71.0945	70.8972	71.1101	66.3916	36.379	61.9187	69.4344	64.1852	53.9823	42.155	43.7433	64.8467	16.9942	64.1165	49.7429	6.37332	55.394	59.6441	58.7938	45.9232	20.7172	41.5369	27.5656	39.9145	21.2958	25.0242	52.4017	53.7849	40.6507	29.5428	28.3547	55.1887	65.1368	65.5078	63.436	56.8906	39.8403	14.1715	32.0506	56.8037	38.666	33.3556	53.0528	63.4006	54.9683	52.516	66.2274	64.4815	72.4023	68.6867	71.81	70.7385	67.483	75.4271	66.1663	40.2606	26.0463	52.8718	45.8049	55.635	70.9907	70.4469	21.6541	48.3581	21.3093	53.1113	61.7568	64.7918	20.9562	70.2663	71.7913	64.0012	74.1824	76.477	75.0168	75.8069	77.7505	78.6319	76.2864	62.3479	67.235	64.7589	60.4069
55.9434	70.3164	77.4461	68.2575	58.0401	76.0204	75.2396	76.5355	73.9226	72.3255	74.7405	76.3747	70.224	62.472	75.1538	75.8193	61.0232	9.02255	1.48879	2.105	1.9711	4.87147	9.63414	13.4416	18.9706	30.8975	57.0758	70.1646	70.9267	60.5659	55.3692	67.2302	76.826	79.8483	79.7006	78.5621	76.992	73.7676	69.1136	74.754	76.9894	76.9607	76.4226	75.42	75.3722	76.859	74.9951	61.042	61.1813	62.4941	71.0444	78.7031	77.9451	80.1117	79.7824	76.9464	73.127	71.1173	74.5406	74.266	54.3258	57.892	71.2508	74.9831	72.3703	54.517	19.0852	53.377	66.9444	69.1651	69.8659	71.2171	74.3314	74.5525	70.2375	71.4292	77.4429	76.8528	69.1408	70.7353	67.745	49.9252	55.8203	69.5638	71.1625	71.2346	68.0379	60.774	68.3329	75.9365	79.7534	73.3364	62.0467	54.9858	11.9833	54.5914	36.5027	56.7247	9.7348	58.6783	66.5141	56.8327	28.0875	51.7017	60.4556	61.565	54.4691	15.9785	54.0289	58.2675	66.6621	68.5294	51.569	57.8113	72.4594	31.6977	63.189	65.7429	63.9846	50.8029	48.94	42.1535	47.8086	39.7789	37.8834	55.9379	58.1939	62.9493	59.1743	48.4248	74.7744	73.9957	61.9983	64.1029	66.7703	54.59	32.3614	60.4903	61.5211	59.0679	59.1789	77.1836	78.1593	74.2678	77.2532	80.4933	81.5138	81.0617	79.8851	76.8198	75.7971	75.0694	64.5721	28.4762	69.0375	76.2823	79.5352	80.3795	79.2042	74.9078	62.3397	18.3396	76.1852	80.7593	80.9777	80.6666	78.0049	67.5147	54.5994	63.9904	61.57	74.8371	60.8548	68.504	53.9403	59.3926	65.9245	61.3298	16.1928	51.5186	49.7418	63.3633	62.8375	9.49755	63.8577	47.0283	54.2057	57.8664	23.12	33.0563	41.8709	43.2693	25.9886	49.5247	48.9437	29.3317	33.2977	29.0731	31.7667	40.3422	59.2581	55.3933	42.5759	31.6582	25.4458	50.4162	64.2536	66.2591	65.2895	63.739	60.1238	57.4784	63.3153	66.4247	61.1882	34.7482	48.0721	61.8359	51.1663	39.2531	64.8091	62.942	64.2892	72.6838	75.6794	36.1047	68.327	63.2958	72.5138	75.4896	74.055	70.4132	63.3691	28.6678	66.3259	69.8749	24.4517	63.7971	32.5214	59.2291	49.3909	63.4264	63.0371	58.2401	76.6595	78.7184	76.4382	74.7587	75.1808	76.8995	75.3324	71.3995	73.9953	66.2552	52.7206	54.6263
47.633	75.9658	75.7021	56.8945	70.9925	66.3972	69.8759	73.9121	70.9347	72.9213	73.1678	70.5519	66.2598	68.4789	73.6345	75.546	62.6606	28.3428	39.6901	46.5349	49.1153	45.0315	34.7008	22.3894	9.09156	2.78609	5.49403	30.4543	57.4148	53.8576	42.0296	41.2516	57.4292	62.2257	63.1098	66.7722	68.6665	64.8964	56.766	65.8994	63.2752	62.7286	63.5488	69.9109	73.7483	72.8812	71.6074	72.0074	58.4045	71.0145	51.5955	71.7894	71.8352	73.2708	71.8772	75.6138	77.1397	77.2719	76.9354	71.8526	46.5387	34.9441	46.0867	46.8416	33.5959	14.71	17.2554	45.4119	62.5365	64.2459	57.8729	56.503	73.0126	72.6011	45.7862	66.8114	71.2154	47.3475	74.6731	72.6978	56.4922	58.3012	57.2137	69.9643	64.2893	62.0077	73.7596	65.3203	64.1342	78.6801	80.3233	75.1424	47.1415	51.4028	57.8396	51.9523	58.0733	53.2058	15.9331	62.7896	62.0377	36.7874	51.041	59.3254	61.9859	63.8314	67.9241	67.2368	70.8451	72.5864	63.3728	48.6845	60.9345	73.2146	57.8878	57.4008	34.061	76.6272	71.6761	55.0047	47.3656	43.4686	38.9277	36.5335	59.7711	58.4647	64.4368	66.2404	69.5624	60.6319	71.9009	76.3621	57.4156	42.2913	58.3554	49.5587	67.6952	74.9643	74.5758	73.8537	65.4597	73.5418	74.6498	66.9954	70.7929	64.2246	70.2864	71.4982	74.107	70.922	75.2062	77.6062	77.3387	65.5882	6.25115	37.3527	47.3239	43.3572	17.736	25.2966	48.0844	55.7385	77.9551	79.1462	64.6291	68.6954	62.1609	66.6776	34.8554	62.5322	67.7552	71.223	68.707	69.6735	50.149	35.1338	44.5287	61.2359	32.326	56.0697	31.5734	30.3393	67.2515	61.681	40.0873	54.8639	41.377	51.5769	28.4725	43.7918	42.3627	30.3501	30.1434	60.3945	26.3051	35.1343	43.2177	33.9451	20.8947	38.7637	26.5779	56.8136	57.321	48.7773	49.5731	40.5863	14.7919	20.4342	17.4592	43.8911	60.8026	68.6912	72.7826	75.686	76.8761	75.2428	60.8701	38.1612	37.981	15.7035	62.816	54.5553	67.7145	72.6174	76.9892	54.2181	74.6889	73.3877	72.2218	66.4803	49.528	39.4396	51.8616	60.3294	50.3462	71.2197	49.1134	64.6909	54.3458	50.1874	65.9444	62.0496	34.3402	67.4558	68.778	59.1696	60.5297	63.9865	66.11	60.1068	58.6136	75.7977	73.8529	66.1349	72.2552	72.648
62.6918	75.7061	72.5989	37.4027	73.9794	42.8486	60.0409	66.213	56.0618	65.9145	55.8785	68.2628	71.1768	66.255	73.9536	76.6549	59.7355	29.6992	39.9042	46.5458	47.3376	46.6883	38.2674	31.6155	15.3846	3.9747	3.94418	2.26409	30.7393	42.2752	19.8729	29.1963	22.2664	24.4483	34.4336	44.8282	47.0786	42.1103	44.0475	64.8505	50.3633	49.5005	49.9416	56.1801	57.8195	55.18	52.418	68.4772	40.4901	69.9786	33.4171	56.8023	61.9966	61.6835	55.693	59.1534	63.7654	64.5013	62.7125	44.7163	20.4752	16.3503	17.9283	13.2015	9.36576	6.60608	9.1582	13.5362	44.2103	57.0949	55.1258	63.006	75.8384	69.0453	50.919	60.8317	63.9187	44.2867	76.7874	64.7428	55.4378	63.1476	33.0572	70.9544	53.2802	48.138	75.2029	74.7239	53.2867	78.3864	80.837	75.1972	50.595	58.8453	53.8425	17.4059	62.6185	43.9329	13.0028	64.8303	59.951	45.9086	34.4464	56.6162	44.1418	57.0965	61.5565	53.9076	58.4182	66.7469	72.3013	70.8929	69.8287	77.5538	23.2664	63.3049	60.3079	79.1419	69.0644	49.4397	36.4485	38.9505	14.3087	53.7954	49.1873	23.2018	56.651	68.1138	47.037	65.4099	60.8721	74.7504	62.8562	54.1711	63.9826	52.5756	69.6646	73.047	55.0884	66.4238	53.469	60.6459	72.3454	71.5443	75.8253	56.4192	63.0598	69.9497	68.0813	52.4959	62.5183	71.4913	77.9712	73.3015	29.1108	4.94386	7.20921	11.2436	22.8719	37.1307	49.4417	51.1956	75.9921	78.9123	69.05	65.7203	50.1259	62.6866	45.7454	13.9273	71.5317	63.7312	71.5059	69.4582	51.6282	36.2293	37.9144	62.2396	38.1412	63.3943	21.0128	48.6361	52.7454	64.0199	34.263	40.664	20.52	35.9847	28.5821	38.5687	26.6663	42.8937	41.0697	62.3138	9.16909	50.2201	43.5498	25.725	28.9909	41.9405	54.1357	34.4841	56.0514	54.6606	53.569	38.0791	17.201	28.1809	40.1301	33.0615	27.97	35.6865	45.8222	58.1774	65.7744	73.7372	73.3188	38.9356	39.4948	37.6568	52.7525	47.0173	49.0325	72.8065	76.907	37.3651	74.9398	69.2903	66.689	41.3365	60.3313	19.6403	30.237	43.9528	35.8212	56.1552	46.9803	50.8053	41.5859	31.3946	61.5373	49.6955	43.3478	62.8366	58.765	48.266	46.5028	38.0125	47.9975	38.3938	68.5865	74.815	67.1983	59.0367	61.3026	62.1376
70.7331	74.6159	67.8752	30.9869	73.258	30.4502	55.2514	60.7615	46.2194	41.6011	64.3902	73.9556	74.2055	69.7845	75.1615	75.2752	47.8624	56.9501	65.0041	67.9636	64.763	62.4623	63.4048	60.3934	53.7216	64.1636	63.5047	45.3127	12.6516	32.9352	31.0201	32.2983	14.6077	7.47958	11.8589	9.99274	8.88409	5.82384	36.1546	61.6381	60.5798	61.8301	63.5294	62.3629	58.6243	57.5347	53.2759	68.5342	63.3524	67.8008	45.4939	55.4053	59.2478	55.5284	51.0585	44.3393	35.6423	29.3241	28.3182	2.95943	10.0331	1.4365	34.7638	56.9757	59.8971	47.7593	16.7775	7.1258	34.9046	56.1916	63.2788	69.1779	76.9973	64.6154	61.4608	60.4344	65.8552	65.2502	77.7387	73.0696	65.8966	69.4595	29.0285	68.1248	64.8052	55.3043	75.9333	76.8367	24.8533	77.5765	80.8358	75.5922	72.4738	73.2652	71.8725	68.4936	69.0063	59.8396	53.3605	56.5778	59.425	27.9726	45.0215	36.7998	61.3619	62.7388	63.5128	65.5351	67.3038	67.0139	73.5237	72.6652	72.8883	76.4262	61.4447	58.4294	69.0523	78.9374	64.2499	63.6914	62.9325	58.801	24.0049	56.6549	41.2639	13.2432	54.1382	71.8365	52.6483	67.7363	69.5416	66.6902	61.0608	58.0752	69.5403	52.8359	72.1605	73.8956	50.1604	69.201	74.4906	74.6383	73.5825	70.1632	75.7098	58.8471	63.957	68.6745	59.6812	69.4036	69.4847	73.6201	79.6156	77.6033	60.0492	33.3145	26.2171	58.4297	72.2717	75.2406	74.9273	74.3692	75.6412	74.1713	69.1301	74.3221	61.0987	44.4016	53.1585	32.1073	68.8661	51.679	71.28	67.0924	50.9699	39.5958	27.7774	60.5882	45.189	61.6347	37.6609	56.8684	42.3824	54.1237	46.4747	6.93534	27.5453	7.31122	19.4894	24.3014	23.7347	52.2562	59.7299	55.4706	30.2275	50.8087	40.3759	15.079	47.1291	41.2652	65.6564	64.931	58.2394	43.0405	56.4616	53.2647	55.6421	54.4645	57.3766	63.1531	62.861	56.8645	65.6798	69.6736	67.5647	50.6003	73.1382	74.9333	62.3746	18.0835	44.3212	53.3356	22.2405	73.359	76.3821	24.6371	74.7134	69.4891	67.1622	30.2562	65.2199	55.5076	44.2794	45.635	55.8632	3.25153	54.1675	17.2992	43.5352	27.0963	51.9277	37.7443	49.4186	65.5611	56.1795	51.1686	45.303	23.5598	12.4246	44.1448	68.6425	69.2066	68.78	64.3093	56.3132	64.0989
73.723	73.4824	52.5326	43.7713	66.694	30.2211	32.3832	62.9873	62.2055	71.4837	76.1056	76.2164	76.6289	74.9419	74.984	60.9087	57.4916	69.6706	74.0137	73.5622	72.4908	70.5463	71.5745	70.391	55.7443	65.8709	68.0713	64.4132	15.8932	10.3537	19.3309	9.92735	27.9075	44.902	44.6366	27.7769	25.298	20.9299	13.6761	45.0594	57.4008	60.6218	63.5763	62.9971	60.9166	59.9544	56.5656	65.6329	69.6758	65.7123	55.1565	59.075	60.4793	55.5286	48.9318	39.0532	27.9445	17.1066	17.0662	42.4922	48.4303	59.5013	70.1713	70.842	66.8742	60.5505	55.1874	50.321	17.0471	43.6134	64.7301	73.5125	78.996	69.3108	71.3657	72.1197	72.5898	69.1605	76.6441	73.4719	64.3869	70.5936	58.1041	54.407	62.456	64.761	75.9492	75.72	36.173	74.8044	80.6388	77.1883	78.1147	78.0324	75.6592	72.1052	67.7558	54.3009	50.098	24.3967	63.6116	35.2803	11.8405	62.7357	67.3751	68.9113	68.1481	71.3046	73.2741	76.1509	75.7207	66.5405	72.972	70.4511	70.2654	43.4291	74.4028	75.6632	55.1569	71.5861	67.2926	67.9077	30.3551	54.4249	41.5816	24.257	62.7031	72.7903	63.0138	61.5687	66.5669	59.9003	67.4377	73.2599	70.9597	59.71	74.7014	72.6058	59.4994	57.8816	73.3097	77.4249	76.7414	70.4958	69.559	51.7452	65.6658	54.0379	62.6736	74.3238	72.0283	73.9353	79.4892	79.5722	72.509	57.5437	37.9345	68.9695	75.5705	76.3548	78.5849	79.7983	77.769	65.3587	23.6467	67.8404	73.1527	47.317	60.5407	59.4222	56.1566	32.6551	69.2145	58.891	55.0485	35.2269	40.9634	61.7421	58.7684	43.6843	60.2402	46.1482	58.0042	43.9302	44.0053	24.0829	19.8462	30.2994	29.3849	23.5815	40.2426	55.7875	63.675	43.6381	30.4699	30.9062	55.4684	32.6353	58.6308	50.9279	62.4899	65.0604	53.0669	23.0558	44.7891	56.532	57.9813	58.8213	62.0181	62.238	67.8265	56.7547	70.7947	73.2285	70.3285	62.2331	57.5621	76.3714	77.1959	65.303	31.8311	45.2334	46.7663	73.2301	76.3777	20.6072	75.015	71.6383	67.4027	18.2505	48.2476	23.1125	37.7954	58.7418	66.0997	60.4901	59.7707	58.1337	45.6459	54.3307	29.2638	37.0079	49.509	66.237	24.8939	44.779	25.8265	22.4696	29.8623	58.5041	58.9318	54.9106	58.1651	46.5449	54.8333	66.6837
70.0021	73.6348	29.5912	50.6315	56.727	53.5571	72.6179	76.6895	76.4884	76.4825	73.9866	72.218	74.2801	70.7539	52.9659	53.7117	71.0033	70.4217	71.1845	62.0394	66.715	62.0717	64.5955	71.3642	31.4568	60.6141	60.5219	69.7466	47.8576	52.746	61.3121	65.298	64.6674	54.5451	51.915	23.7992	24.4383	34.5383	23.2073	21.9589	20.8553	16.9569	8.22087	4.29452	9.81867	11.7256	16.753	27.9062	39.2242	39.5732	30.2321	21.5116	3.65735	29.6899	52.1424	59.7189	56.0294	42.0288	62.8073	67.2906	65.1438	69.2034	73.949	67.985	67.8232	57.6704	68.4559	70.3383	64.4412	30.9051	37.2309	68.1745	79.0864	71.7438	73.4564	72.4008	63.9243	52.9953	73.4554	73.5451	70.7958	70.1266	62.253	19.0166	62.5022	66.8753	75.2928	75.3057	64.2976	51.578	78.0387	73.3596	72.6296	68.0922	72.243	74.564	70.041	63.4689	58.885	15.7751	65.5078	36.4635	59.5349	62.6707	10.1453	51.3017	17.4281	16.0323	74.5841	78.2083	76.6657	63.4204	69.715	66.0923	33.6473	71.9009	77.2811	67.1751	62.2523	64.4842	66.2722	73.4547	52.991	48.3458	31.1721	37.1294	67.586	68.5376	61.105	67.5062	60.0203	60.414	70.9187	73.0219	44.219	63.9657	72.9049	71.5709	72.1565	73.4127	69.7558	58.6476	49.6284	57.035	58.647	14.9827	56.4289	29.4944	58.8004	64.4223	30.4305	67.5905	76.0038	78.4505	73.167	56.7424	26.3897	69.5248	75.3247	65.7426	69.3685	72.5312	69.3738	64.5666	64.0517	60.2451	65.7808	69.969	9.49806	53.906	47.0537	37.5386	66.2456	50.3495	63.3873	45.9077	45.5279	57.7136	60.5968	10.2511	61.7214	53.0819	35.2694	50.6844	35.7276	12.7337	30.4385	24.0561	40.5217	53.8294	60.0946	53.5548	50.7838	62.4384	55.6101	43.5499	58.6843	27.2148	62.3909	65.7994	26.0837	57.5927	43.0456	21.1342	26.3426	22.3607	28.684	19.4698	9.17817	45.648	64.041	46.8946	65.5407	54.0031	59.2639	62.7363	71.887	49.8336	74.7813	76.8641	67.4372	66.7225	69.9552	71.732	76.493	28.3184	76.755	70.8999	59.9421	67.8214	68.6777	62.8977	57.0568	57.1699	57.0287	69.4082	61.689	66.428	45.6637	57.499	34.8997	39.487	44.9346	61.0571	42.1011	52.0381	45.4103	40.2993	34.8943	60.483	45.6847	58.7729	71.428	72.7405	73.316	72.5545
56.4121	74.4859	33.0399	50.8196	46.8887	74.7157	78.8378	75.0226	73.2232	72.295	70.4996	70.4043	70.0955	58.4627	43.3613	72.4111	74.1987	72.713	72.78	69.5056	71.0446	69.6159	71.4826	75.4368	59.8713	70.9658	68.4745	74.0149	59.1926	67.9902	73.1125	73.8521	68.4822	54.7956	46.8934	27.5172	42.8425	52.1661	50.2649	48.3118	54.2497	52.9733	36.5477	18.3308	38.7228	47.1116	42.1798	23.2739	10.4854	7.15713	4.67017	7.37579	22.7598	54.1984	67.8258	68.6279	65.9782	51.5072	70.876	65.8061	63.4688	66.3236	72.2223	66.7511	73.2108	67.6209	68.8063	70.2947	71.8577	58.2515	6.67069	50.9679	75.7817	71.5815	71.6699	65.1669	35.184	72.1669	77.5579	74.5334	69.2706	56.5782	52.1109	42.2075	48.2389	64.3959	76.9473	77.5738	73.1493	55.5293	68.3636	70.5776	60.2603	47.7142	66.8315	73.0155	72.9371	72.6532	71.5164	56.9686	60.407	31.1673	65.6435	3.96577	65.4535	69.3891	69.638	71.3219	75.7633	76.9862	76.6696	65.1333	64.8131	68.8308	74.3975	77.3965	75.8567	38.3983	72.071	66.6018	69.1246	77.3693	72.577	71.5706	71.8819	68.4266	48.9426	62.5317	68.6565	68.5515	76.0143	73.2433	68.0015	64.1095	6.11284	64.7062	65.44	57.9504	62.1859	70.5603	73.8147	72.5491	68.1042	53.8199	25.2288	51.6737	27.8975	49.4348	50.7149	64.1266	27.9462	66.7349	74.9792	78.3507	71.4979	52.1465	50.7847	63.7858	75.4523	70.4285	71.3175	69.0874	38.8955	50.9224	56.5033	68.5181	49.0379	63.52	65.7146	49.9329	18.5167	41.5742	63.4911	56.5943	65.9673	23.5385	47.0495	54.6803	48.9311	54.6218	53.0311	60.715	28.9574	28.1272	36.9011	45.3993	49.7568	60.8106	67.3073	65.805	56.9428	37.9434	36.4364	67.9364	66.1183	42.6908	36.0431	43.4759	66.4202	66.795	38.3904	66.2373	21.47	28.608	34.8492	16.2307	28.7816	45.7153	22.0164	53.5933	53.2384	62.9256	67.7933	57.5208	61.2754	53.4454	72.5003	75.4609	42.0076	76.7611	76.063	78.5641	78.9212	77.7592	77.915	67.3025	78.2878	75.9126	74.9725	67.6388	45.4365	47.2947	17.8641	59.66	41.3299	65.1337	47.4112	66.9445	32.7933	53.9226	52.6891	54.7968	47.7801	54.1506	41.1432	42.48	38.8041	49.3518	47.1221	45.4159	51.5086	68.9746	71.5839	59.2297	59.4137	57.2568
51.0565	70.7497	52.6892	72.9244	76.4661	78.7709	74.8606	48.6718	48.8772	57.9148	50.3494	18.6483	62.1442	71.6049	68.4127	76.2833	77.4521	78.3734	78.1367	75.3835	72.2721	64.7682	65.7783	74.75	59.443	74.7297	69.2917	76.261	72.3321	73.4149	64.4721	38.1017	60.2002	60.809	51.5381	67.091	69.5173	71.0323	73.4112	74.9801	73.6454	70.121	55.4124	52.516	68.7781	72.2561	72.6197	66.4274	57.8427	60.2811	63.6506	62.3269	45.4201	54.9263	68.6328	55.9142	68.4888	62.1385	75.1555	71.8863	73.6215	72.1946	75.26	70.8972	77.0181	76.4237	74.5056	74.9268	75.7896	70.2243	38.5401	21.2659	67.1752	71.7698	69.6771	47.1031	50.7423	75.2177	76.2323	63.1688	71.1394	74.958	72.7781	71.911	75.004	73.7366	74.1094	75.9401	70.9119	64.6379	53.1349	60.2478	62.8346	72.6768	74.9069	73.8057	70.436	64.0409	57.8076	52.0436	42.8449	62.2626	54.7466	55.5805	62.2974	52.3023	60.3772	66.1126	71.9832	74.4222	75.4289	65.4382	72.0252	77.556	75.227	69.9082	52.5901	75.1128	78.1992	74.3064	68.7347	76.5738	70.4185	76.4922	78.2575	77.6316	75.0401	72.5183	73.9144	75.9771	79.4269	76.2511	35.4975	53.1605	72.5655	72.7829	60.4677	41.2646	56.0012	69.7472	71.426	69.6296	68.1668	63.2	18.7084	53.1873	57.8838	59.1475	46.8988	45.8844	69.2023	76.8293	77.5353	71.9463	72.8681	77.7229	76.3484	59.0729	71.5206	73.048	73.0754	73.5636	58.8338	32.4812	60.0728	59.088	63.6049	10.6091	49.268	52.5252	52.0979	39.1995	38.3644	23.4635	56.1627	52.3074	34.5013	50.7524	57.6286	56.7878	55.295	44.3041	37.3416	54.6797	50.3896	46.727	55.6494	59.5054	45.2586	30.4641	60.9051	60.2719	52.096	50.395	71.934	60.7725	18.7407	22.4966	57.7512	64.6988	27.2527	68.6946	40.6067	43.5598	43.9294	45.2373	55.5786	58.2211	49.9357	46.7768	54.6336	62.2547	64.0389	42.8219	55.1299	43.5398	66.0183	77.2622	66.1761	53.369	64.2598	70.314	65.5148	61.8439	67.3468	34.2528	74.5961	63.8431	43.5721	62.3823	66.6736	37.5555	19.6289	45.9543	38.1188	61.1651	54.4297	62.8463	13.8888	33.5172	15.8631	39.936	39.4378	34.9349	45.4369	40.4175	59.4717	59.0059	66.1371	65.683	63.7045	68.8109	65.319	61.5262	72.6217	76.2473
58.3651	59.6771	67.8301	71.9036	72.4939	61.64	57.4213	69.873	67.7662	62.4381	55.6163	72.5969	77.6477	77.3744	70.1186	75.285	78.0814	74.8255	69.7113	68.1923	66.1632	66.859	68.1845	68.1909	40.8287	74.0655	58.6445	73.9051	62.542	29.9989	55.5286	66.6477	61.4959	26.3375	67.3775	72.4504	73.256	74.1992	75.628	74.031	68.6633	71.0863	50.5599	64.0938	72.9864	71.8908	73.1279	71.3537	65.0968	69.1196	70.8436	69.2599	61.7363	42.9769	72.3616	61.7998	69.4441	66.2453	76.3467	73.8874	73.9879	74.3817	75.4254	71.8437	77.0722	77.2129	74.0128	74.8869	76.7292	73.3764	53.5408	26.7862	34.5562	55.1489	54.1723	50.1585	57.2254	74.6207	78.1997	76.3433	78.2141	77.6352	72.1299	70.0649	77.1063	78.9895	78.6534	79.2779	76.2406	66.2925	64.7963	69.1178	68.6111	73.4104	75.4578	74.7162	72.2235	67.2732	56.3364	56.3909	37.8735	13.2252	39.6895	42.2329	61.6904	62.7459	60.0802	60.1179	70.1904	73.3724	72.916	67.2369	74.7316	79.8132	65.7822	64.1706	73.9622	78.8187	77.8885	69.8126	59.0201	73.8112	45.093	74.3619	74.0462	76.958	79.992	81.2358	81.4878	81.2797	78.7555	56.3396	65.0305	75.9698	78.1122	75.6842	66.4902	41.0723	61.2724	73.69	74.736	69.3017	58.8765	63.8102	37.2872	49.1716	39.637	2.71822	50.9241	71.6934	77.6519	77.6774	67.5101	64.1696	78.9727	79.6126	78.9759	72.7124	40.1264	71.7502	72.5409	73.2832	71.6444	64.8098	36.6219	47.7342	62.5504	47.7424	57.7365	42.5583	13.2372	33.6227	5.03741	28.0742	47.2747	46.8808	44.9039	44.9791	48.3565	1.01534	8.41374	35.8147	29.9679	41.5923	12.9752	41.2836	58.3831	38.2559	44.2994	64.215	55.7686	55.1703	47.7398	38.6	60.9427	73.9801	64.1853	25.339	58.3872	70.3385	33.8424	69.5925	50.4721	46.4888	8.04782	28.9552	34.1986	29.4308	63.754	49.3842	45.077	43.0229	53.9048	20.469	33.2643	29.8607	58.002	74.3619	73.4148	67.4201	59.6989	65.1885	68.6363	70.27	72.9939	59.9	72.0602	61.356	23.6841	60.8985	66.8327	60.094	51.7087	54.3743	56.0656	36.0316	48.3335	34.4868	50.5966	57.8719	55.5326	48.4145	20.3469	42.5457	54.8018	61.7818	60.387	53.377	19.1855	14.9402	60.6618	69.9407	65.3504	57.8586	45.3302	21.6712
53.7967	35.4584	67.8997	67.9939	67.2652	58.5103	60.7212	69.054	60.4112	65.0618	67.8736	76.8974	74.0121	72.7901	68.3007	73.0034	77.745	72.599	22.5467	73.4113	71.0312	68.9983	54.9931	51.5262	60.2032	73.6593	58.4528	72.3473	55.6216	58.9181	64.0628	46.2267	26.5753	48.6479	63.3594	67.5657	69.8551	69.9199	56.7025	60.6041	72.5398	67.3848	35.1584	62.0989	69.9129	56.5689	63.7971	70.6898	62.9197	68.6171	65.1411	68.2798	63.4925	34.7904	74.5431	70.9181	64.63	60.2071	76.0913	72.2245	66.4385	70.8936	72.6597	66.5799	60.4713	51.4462	66.6736	72.4284	76.4843	73.8337	65.9271	61.1503	35.3242	0.522395	18.9496	43.7362	57.0947	70.7277	73.7621	67.6831	56.5415	74.1057	69.6128	66.0442	72.4143	66.0469	72.4834	73.9646	57.974	38.374	66.3306	69.8528	71.6413	74.6102	76.0919	63.4754	50.8109	47.7539	54.9569	34.6071	62.852	72.5569	68.3747	43.2227	52.8676	51.6588	51.1133	58.0536	74.7357	75.4206	72.3076	68.611	75.3125	79.1786	67.7294	73.0374	68.7386	74.8302	59.0399	57.6538	70.452	64.7292	50.348	70.6456	69.6646	63.9151	71.9349	73.6447	70.8673	63.0045	40.1971	68.3579	71.7	72.8563	72.5943	69.5271	73.8759	66.2263	53.0491	72.8161	75.7291	46.7606	31.0773	61.4149	47.5299	26.5143	26.817	39.593	66.6277	72.9435	67.7386	41.1598	57.2783	77.2473	74.1612	72.7254	76.1998	76.4458	48.6594	64.7546	64.7445	62.6161	70.7817	73.1091	48.9307	42.6301	62.693	50.355	53.8547	49.9008	36.2976	44.6652	29.5989	49.1298	21.5577	48.1639	46.1	41.0509	55.5282	20.3828	24.3711	21.3193	47.8638	54.1109	48.9503	43.9483	68.37	44.5046	60.902	55.6984	47.9978	39.0849	43.6131	64.9647	57.2615	64.9506	72.8121	67.0235	46.3922	70.8613	55.6326	69.9116	65.9692	43.2575	56.5507	56.2737	60.3161	63.0094	46.5716	71.5526	45.4813	47.9523	43.8405	7.83498	18.3603	26.0907	46.3279	67.2427	64.2908	65.469	64.5623	69.9537	72.5696	70.9503	73.0291	63.3324	64.0785	67.6957	64.2815	69.9678	71.2171	68.0332	56.4507	29.6392	63.5649	35.5944	53.3416	51.6932	58.5056	55.3453	54.4867	66.4417	66.5263	43.4608	26.3645	42.4753	36.0366	58.0523	65.3069	64.586	71.3138	68.3641	55.8574	52.9854	69.2391	74.9513
44.579	18.2896	58.4917	68.6777	63.0528	57.9808	42.02	68.1144	59.1277	67.8341	67.4321	76.4996	61.8149	73.654	65.8405	74.9068	77.5535	70.2041	36.659	74.1639	73.8161	66.1989	65.0192	67.6942	59.8231	73.7111	58.8927	75.422	70.8472	56.8105	41.062	59.438	64.8187	43.9147	62.1823	69.2686	64.9318	34.6931	68.0173	72.5148	71.5042	37.3097	55.2285	58.4436	63.6954	65.4019	57.0808	71.6118	67.6048	71.4877	65.1642	74.7406	57.6795	40.9798	75.7509	73.5808	61.1291	60.8656	76.6065	72.9345	66.8126	70.4597	68.6232	45.933	63.6011	66.5537	59.6593	64.9028	76.5828	73.0668	54.6683	60.5714	44.9485	24.0229	26.3678	9.90984	20.4965	65.8988	66.0229	53.0314	61.19	72.541	66.9647	68.0129	73.6686	66.172	68.3842	63.7862	11.7064	63.418	68.5551	64.6843	69.7297	74.5336	78.7696	67.4521	51.9024	40.0028	13.2314	68.606	76.247	72.2873	73.0318	66.0456	32.7585	55.7287	40.324	59.2724	75.7685	75.2618	72.9348	69.3156	74.7261	76.3739	71.7812	70.1973	62.0604	71.972	21.0924	67.5459	62.1153	67.0731	73.4632	70.2228	71.6539	69.627	52.1831	21.8175	33.4101	60.9011	75.5627	76.9685	73.5098	72.6577	74.0269	67.4861	74.0601	72.3845	70.13	64.8515	74.1937	65.9558	36.4075	52.9305	54.3404	17.8586	37.2457	45.8412	70.5597	71.2036	29.9741	65.6928	70.2857	75.9365	68.9163	72.2722	74.5038	76.4076	67.7383	53.0496	68.306	60.8964	69.7833	75.3036	69.2231	50.3425	41.4618	30.0544	20.1365	61.8785	37.6537	53.4174	27.2128	47.9974	26.6988	36.6671	57.3778	61.2572	51.0293	31.9227	30.4414	34.8296	57.4622	37.7696	26.8041	48.8191	67.1323	41.7518	60.7979	46.7531	33.3941	46.726	38.3483	65.1958	65.7717	16.3553	67.3108	74.6538	70.9579	58.8585	64.5357	62.983	71.9667	47.8673	40.8498	15.9337	27.5739	70.2195	65.7839	72.5761	70.2444	39.1381	33.1122	42.7641	46.023	50.0331	28.3065	60.1583	48.2872	54.1635	56.0193	67.5202	66.392	62.6289	73.1784	69.6394	39.4737	54.0484	55.7925	77.994	74.3132	60.595	62.9403	58.9201	58.6625	42.1404	59.2258	58.1387	45.1472	49.9958	43.7145	46.7996	60.0139	65.7928	55.3436	22.2676	50.4592	50.982	44.7211	45.7344	65.197	68.6703	70.8705	68.0718	64.4174	45.1348
19.888	6.93031	46.9397	68.4962	60.6687	58.2465	63.9323	65.5924	71.0845	71.2601	71.3403	72.2098	48.3488	73.3792	55.9308	75.397	76.7465	65.9872	42.2271	74.1653	71.4737	71.3608	76.6489	75.9865	62.7383	73.4067	38.3595	75.7947	69.5017	65.0702	63.9301	68.4177	65.4819	65.3677	63.1168	67.7956	58.2109	74.8647	76.6411	72.4317	62.8093	49.7425	74.3945	75.9625	75.7184	76.2444	74.2322	77.0276	74.0066	50.6216	70.6936	75.0854	38.9982	66.2296	77.1589	76.0379	70.0713	73.927	77.3442	72.4555	49.2137	19.5565	63.1569	74.9006	77.4837	74.2603	72.559	70.1468	77.1441	76.6191	63.8317	44.858	51.8295	70.6593	71.8862	66.1271	34.7725	56.9315	64.2179	66.3224	73.3683	77.0314	78.1134	78.6176	77.1998	70.4375	28.3197	58.9627	71.7588	77.2118	78.6304	78.3176	76.5316	71.6733	75.181	75.1713	73.9655	71.9174	75.7374	80.2873	78.9504	72.562	73.7767	73.1771	55.7594	55.6145	43.5708	53.7794	75.0152	75.6553	75.2834	73.3448	60.2224	75.07	76.533	75.4052	74.0005	72.8375	68.6613	76.5018	78.9909	79.4876	78.1517	76.3964	73.561	55.2306	62.0533	74.2294	73.7058	68.6146	68.5427	65.5581	46.0193	60.4869	70.0927	56.6583	68.92	76.5682	78.0013	76.7032	68.6825	68.8858	54.6437	53.4322	36.3727	45.901	54.1406	63.2483	72.2524	62.0294	66.285	74.0829	68.2929	69.1285	61.2823	70.6177	70.5491	76.4907	76.8166	66.2948	48.2408	60.744	72.6179	78.3521	80.0153	80.3314	78.0689	74.3126	71.5505	67.4011	56.8109	63.6082	65.5237	63.5288	65.3492	68.864	66.7391	64.8286	64.353	65.1225	63.6287	55.854	58.6849	57.1892	44.7081	18.8645	57.5843	46.0949	45.4723	44.4913	35.6704	45.7085	55.3855	64.6521	61.5952	29.2184	22.513	52.6335	69.6091	70.2899	68.0054	62.7603	75.83	78.1111	78.6862	78.5597	78.7222	78.5777	71.4076	73.8507	76.0757	66.4982	25.4271	44.8271	36.2358	42.8414	41.0427	53.8509	58.2068	56.0815	64.4411	59.4768	57.5631	68.9578	72.7984	73.2203	63.4256	68.713	69.7711	79.3605	78.7486	74.0185	69.3801	60.5126	57.2198	55.0459	39.8733	59.9685	62.6651	59.6791	55.7825	57.2307	46.8586	21.738	62.9231	68.8248	62.4068	36.8162	13.5779	57.3853	51.8096	65.8327	72.4694	71.3818	74.0384	71.117
36.9699	30.83	25.0789	61.5272	47.1363	48.9504	63.4611	61.3877	61.0786	62.7994	66.3365	53.5549	69.9306	68.0265	36.547	72.15	76.652	70.0125	28.6927	75.7066	57.2361	71.4916	71.647	77.0736	58.9511	69.5714	62.7155	75.252	44.6835	64.559	63.2285	55.5862	41.7527	58.2265	57.9755	57.9147	59.3077	76.2013	72.4159	64.423	37.4178	70.0444	77.8498	73.5414	73.1785	73.8248	71.6662	72.6985	72.9106	68.0863	74.5417	67.3563	46.9679	69.1047	75.9097	75.2272	65.7494	68.5071	73.0596	64.3909	52.7786	64.7121	73.0995	76.1704	73.781	64.2402	65.5244	69.8883	76.1367	75.2385	39.9841	30.6067	63.5419	70.9205	69.6185	73.0834	56.4548	27.113	52.7558	62.9211	70.8865	74.6331	72.9927	73.3874	71.532	58.7838	61.7306	70.0527	70.9027	76.5308	77.1949	75.3569	73.1683	63.3169	34.6521	72.0825	76.0694	72.8813	73.2937	78.5547	70.3951	72.8275	71.212	71.3141	63.8667	66.5364	55.5788	9.14961	72.9191	73.4734	74.3476	74.9411	48.4626	63.0699	68.7113	68.9396	70.3639	68.9305	68.9503	72.2292	73.9188	72.0429	67.4305	63.0397	52.3957	47.6141	73.5316	72.8047	67.8839	45.2164	46.8592	69.5362	71.3139	71.5518	73.8648	73.5412	63.974	68.3574	72.3294	73.1755	66.8825	57.0738	65.6729	50.281	36.579	58.1912	59.7086	66.2303	62.7133	26.9406	67.6779	67.4016	48.3991	54.247	46.5913	64.841	54.0149	72.0757	74.7082	69.6377	59.9139	43.3096	57.5009	68.884	73.3707	76.5522	76.9146	74.9692	68.9401	53.2397	49.2791	59.679	61.7326	59.5362	61.3767	58.59	49.7453	47.2681	54.1343	59.7157	58.2002	47.4287	41.3282	14.5845	53.0712	40.6573	59.5041	46.9277	14.0393	30.6308	49.2537	57.9319	49.0303	51.8501	61.7372	26.399	21.1928	27.3583	34.7214	62.488	62.6644	58.4616	69.1587	74.046	74.5261	75.9917	77.6194	75.4852	64.3906	70.1556	74.0727	74.7319	59.4036	59.284	65.4566	28.9588	63.6014	41.7397	62.3788	46.8118	55.9262	27.3272	66.6193	69.6947	69.7516	76.7289	69.0238	67.4067	67.9144	76.2469	77.7657	75.4824	73.3086	70.2297	66.0323	59.1917	27.9919	53.1054	65.3436	64.4405	55.0532	55.1916	58.1812	45.2444	44.3589	63.8049	72.0894	63.9354	13.9639	46.0769	46.3515	48.5661	64.0052	68.441	65.0637	70.142
58.3722	52.3311	12.2083	52.7432	43.423	23.825	46.7345	29.2454	28.7045	42.5523	56.1326	43.9591	73.8483	61.3729	53.2032	69.1564	75.0719	71.1412	28.4069	75.2533	28.4135	69.8293	35.8751	76.6272	46.2711	61.5856	67.403	73.2695	52.3799	48.2664	60.0385	53.1667	48.5655	56.0111	54.6363	43.4172	70.8968	73.944	36.7735	50.1478	55.3561	69.8122	76.2643	68.9102	48.0761	65.2382	66.8793	63.3947	75.4693	74.3393	73.2124	50.8265	63.2777	69.4439	74.0188	74.4732	63.8453	53.9806	62.1133	27.8334	71.737	69.0078	67.9369	68.6897	60.5154	53.5111	59.4219	51.574	69.6495	69.1787	26.6422	55.3583	68.6651	67.9223	61.6539	75.2458	65.1542	21.9739	2.49069	5.10884	15.7282	53.1524	49.3889	49.3425	19.8708	48.5598	73.2405	72.0574	64.2755	71.3725	70.7506	58.0046	55.5667	64.5606	68.4114	65.9723	64.1584	61.8232	64.3544	76.1971	24.3125	72.5066	67.7424	71.7078	60.8794	60.5665	66.201	53.2497	72.8712	70.9186	72.0718	74.6357	66.3946	44.7637	13.3581	31.733	52.1344	51.0569	45.4241	16.5278	24.6667	41.4669	56.5214	56.2274	46.0239	55.7366	74.5773	66.2771	57.1082	65.6602	59.7726	42.4674	48.8606	60.4038	71.1301	76.4817	73.7519	64.8563	57.1442	25.176	57.8979	43.4166	63.2416	55.6147	48.6778	60.8201	51.8341	57.3328	25.8537	57.0205	65.7336	51.3622	24.1911	43.7772	33.4194	53.3156	38.5158	65.6747	68.8408	65.3158	70.4018	57.6583	38.9593	50.8242	41.4621	35.5596	54.4922	53.3391	46.8979	34.2357	49.3362	47.9647	45.8833	39.1327	21.5539	50.1381	55.6703	52.3706	36.5704	22.4544	23.9221	45.8662	47.5201	20.7685	54.0548	43.1733	50.1174	55.3461	44.8139	24.1894	30.3952	34.1897	51.1198	57.8236	64.5752	33.8176	49.3835	37.9709	56.6684	43.1461	14.9572	27.6448	25.8107	23.0276	33.9483	45.0514	44.0324	25.9358	34.5342	63.1352	71.0782	77.7631	74.8737	47.3534	61.3245	52.6953	66.8852	49.3071	62.8085	56.5091	23.1115	60.3051	66.513	64.5994	66.5283	78.4652	69.5057	63.6685	64.9771	68.6509	67.0024	53.1559	47.8861	52.5976	65.5054	63.1836	22.957	39.3708	40.1449	57.2169	23.5013	47.7212	27.1315	54.6906	69.6108	56.0377	67.9797	72.7356	34.9125	37.1468	45.764	25.6982	57.6584	67.1681	54.9218	65.0033
72.7995	70.9043	61.7906	16.0061	47.3788	50.242	55.8368	48.3518	42.6496	52.0537	62.9007	58.5971	74.1593	61.2279	65.6737	69.0348	72.4021	67.834	33.5845	72.6514	44.4189	68.5027	46.0634	73.994	55.6594	48.8753	60.1176	69.7024	68.9642	69.2245	72.5247	71.6589	69.2789	65.6216	39.5882	32.8641	72.294	69.2541	53.6521	68.7487	72.9563	64.9135	62.5491	72.8744	69.5909	74.9849	69.8049	73.7034	78.4132	72.9976	70.4881	31.5044	70.5516	73.6703	74.6194	75.2137	70.6623	67.1145	49.8197	64.9348	75.9282	72.7189	72.1885	71.7902	69.0175	68.3646	68.1214	65.7235	65.9832	52.8389	54.4997	65.4119	73.6721	69.3222	66.543	74.6449	69.6167	46.631	2.58566	5.38264	12.4306	39.6763	47.9565	36.2342	23.7283	59.2552	73.6217	72.3806	50.0248	58.0422	69.316	73.0684	73.9849	75.7647	76.5052	74.7206	74.0598	74.1441	68.0515	74.4036	49.7403	71.4578	74.4369	77.598	74.6233	73.6935	74.6126	69.9243	76.742	76.3855	76.4087	76.6552	66.4439	44.718	20.7111	20.7021	31.3923	4.58522	44.0936	61.9599	60.2929	65.8697	74.0347	73.3831	69.3178	55.9417	70.5878	72.0714	17.0952	59.4576	70.3726	68.3573	59.3641	36.954	63.7806	74.9992	76.789	75.7583	73.5012	66.2903	38.2178	58.463	23.0391	59.8331	31.7055	58.0743	58.6501	61.9434	37.0564	71.8407	65.5301	21.7469	35.1151	53.9978	47.9662	53.3419	52.5268	62.6135	64.7052	69.1003	72.7784	52.7672	63.7984	68.1429	65.0424	50.946	35.4774	57.3736	56.8724	60.3844	56.1956	39.4605	26.0305	16.1813	30.4127	65.0346	65.1008	67.3236	63.4545	51.7924	40.1909	37.7165	43.5945	20.7343	41.1949	41.1211	4.73977	50.6239	53.4068	49.3707	51.8486	58.3068	49.7761	66.4033	58.2866	63.6248	58.3581	52.3311	60.4647	61.9931	38.5054	36.1618	46.0006	47.7896	59.4829	65.4014	68.1198	68.4803	61.1254	17.1515	66.8571	78.9201	79.5604	70.1679	15.4678	62.4524	58.5201	66.4603	36.8004	22.8926	44.3782	58.9184	63.4085	63.8184	66.4342	79.2882	70.5877	69.0438	71.6883	73.1692	70.4456	66.5741	68.5741	67.8299	68.8761	60.4475	40.5034	38.7423	30.11	52.0541	45.4427	45.2198	35.2725	30.9116	69.2285	66.1352	53.9792	75.6206	72.6842	43.9657	32.1031	51.3141	59.3655	57.4126	59.4334	64.3363
72.1999	74.9168	74.2163	71.9373	48.5291	23.3314	41.8756	39.0965	45.9195	50.0162	50.4778	56.4581	70.8694	61.2436	58.1118	56.0275	68.4222	64.9546	53.2941	68.2816	56.9122	55.0428	65.0592	59.4181	51.451	51.862	33.1125	56.6762	69.8771	73.2189	73.93	69.347	58.725	67.1261	68.6571	67.6071	66.2587	51.3181	57.2517	59.8741	65.3109	68.1723	53.4262	61.2384	70.9127	78.2746	67.2382	78.5941	79.4947	70.284	57.7735	50.3715	70.619	72.2087	72.2298	73.5313	67.1387	34.0847	66.6842	75.5594	74.4519	68.9336	66.9171	68.192	65.1052	58.9853	56.1715	51.316	20.0785	52.3467	64.6326	67.2518	73.8328	51.1567	71.4399	71.6469	66.7576	54.0318	25.8785	6.52513	5.20109	15.7681	19.1273	19.7973	37.6812	55.0083	73.4357	74.2838	62.6481	70.3229	72.963	75.1662	76.0214	75.5523	73.3932	71.1701	72.7848	75.7199	72.1518	73.3431	70.4682	74.5649	75.3734	76.9966	74.28	72.6466	74.4065	72.9711	78.7561	79.3235	77.9941	73.9923	42.6721	22.8674	41.6756	61.2257	71.3006	73.1717	73.7535	73.667	69.9866	69.011	75.4084	72.8738	74.2392	72.1777	53.1914	68.6316	63.4575	53.805	52.3438	70.949	71.2175	61.7371	37.8739	60.6719	62.1687	61.2575	66.0857	72.4326	68.5397	40.537	36.983	55.4014	2.41643	58.7432	65.2828	60.2295	68.6152	75.6331	49.1663	47.6905	21.6856	59.022	61.3145	43.2264	53.9717	57.8575	65.7487	74.1434	70.7329	26.3418	73.2031	69.3379	68.6723	68.3664	63.2155	2.63177	44.7664	29.735	17.3115	59.7753	63.8042	65.7616	62.0354	57.8604	59.4562	42.1723	64.2241	59.5504	37.6136	14.9528	30.5111	47.1009	36.1383	43.8791	56.2092	34.761	35.9382	23.6697	11.5642	30.5456	54.7838	64.6367	42.0236	64.2327	47.5663	44.1931	62.8702	69.8912	65.3849	67.0397	64.2208	58.6303	65.2081	65.0627	70.1824	74.4323	75.9363	74.325	60.8408	63.5459	78.2106	76.953	64.2707	67.3482	57.3731	74.5839	74.4502	74.4445	68.5567	13.3808	63.7967	70.7565	71.1358	80.5607	75.9894	70.3879	75.1348	74.2432	68.9408	61.3938	54.2533	42.0358	53.7252	60.8281	60.4933	52.7071	57.5492	10.0436	58.197	49.9842	21.5934	64.7068	69.1706	54.5458	55.0603	54.5496	76.3406	75.3205	64.3139	35.4963	61.9529	62.205	66.2387	69.8265
66.4505	71.0342	67.9518	71.2336	70.6675	58.563	60.3161	51.2994	38.8869	35.5468	38.7249	53.2064	52.3681	57.0956	57.9566	46.0268	62.6562	61.9401	55.5251	59.5778	61.4293	14.0074	68.3998	11.0591	18.9867	63.2676	38.1076	61.701	60.1699	42.4559	53.5848	62.408	72.4668	74.148	60.3583	23.5759	41.6319	61.3281	56.7917	47.185	65.3603	56.6993	67.6842	66.8307	71.3377	73.3402	70.3169	78.3734	77.4351	65.2066	30.3706	70.7671	71.7399	71.6941	74.514	70.2692	37.8168	67.3224	76.4873	77.8497	73.9582	68.4296	65.4155	62.4619	37.554	43.0778	54.5953	56.167	64.4003	72.2048	70.7297	69.1236	71.6467	39.1453	74.1025	70.8795	57.2385	59.6892	67.7071	61.0006	39.4048	6.05571	18.6482	27.8232	42.2063	55.3231	73.3543	74.543	68.4058	67.8904	66.3559	70.6909	73.5825	73.9092	70.335	69.5297	71.9577	74.8506	75.8452	76.2146	74.3729	70.3563	71.7507	76.0379	72.6691	69.3568	72.6346	75.5625	78.8776	77.533	62.97	11.0682	67.1002	66.8067	61.7519	70.6392	75.1141	75.1789	75.1196	72.699	73.0286	63.5734	73.1702	61.0817	72.204	74.3784	66.0632	47.4138	59.0604	57.5819	68.3568	64.8588	69.6593	67.5768	52.4094	59.496	64.8093	64.1577	63.4486	66.52	68.1758	15.0612	49.9925	57.4304	29.0642	63.8236	65.5254	52.8244	74.7633	75.2752	59.6468	44.7301	37.9546	43.5904	65.7485	31.7844	57.7597	69.6758	75.646	70.9604	41.4376	60.9135	75.5069	62.4331	64.0719	67.8528	73.707	67.9398	54.4835	52.9288	43.5186	59.3333	61.5164	52.4318	62.1527	52.1561	47.156	58.1955	32.8696	57.473	33.5102	23.1532	16.6132	46.591	54.4271	41.8001	41.9057	37.2486	54.0841	54.0872	53.7366	59.4875	65.7739	32.1352	59.7031	24.6107	39.8334	59.3674	62.9884	69.0114	65.9921	66.0191	62.5577	55.3452	65.068	62.0624	71.8815	71.9176	72.9856	73.3104	73.1353	52.8828	68.7953	78.7069	74.4106	72.3991	71.4788	76.643	78.719	78.7283	78.6869	77.5881	66.0271	35.3706	69.6457	81.7375	80.5081	60.3577	77.1876	78.4436	69.2025	65.9101	72.7223	75.8344	76.4925	75.829	70.9855	53.6348	60.1041	41.3707	52.4283	44.3435	50.5928	47.2417	32.751	59.8324	68.031	62.0348	66.1719	76.5927	76.2994	65.7875	46.1888	22.3437	56.9096	64.0564
59.2743	69.3427	63.6263	64.2236	61.5997	44.1945	68.1667	71.7757	73.7542	74.0663	73.8675	72.2737	67.0765	58.3418	33.9012	6.06714	49.4026	58.5433	44.3794	30.7272	52.9282	42.6903	62.2041	45.0975	38.8512	54.7128	66.1364	57.4134	57.8869	71.3366	74.9786	73.8661	69.9192	59.9858	45.911	58.7935	67.2996	67.4617	63.5776	59.0009	71.3506	57.2162	64.2527	67.307	67.1128	30.4678	73.6355	75.7749	72.1883	56.5973	63.1178	74.4219	70.5898	70.8639	70.9274	54.7042	71.6606	75.8212	77.2693	77.3647	71.6797	63.6706	51.3466	21.9014	62.4309	72.1046	74.1291	72.2131	68.7931	73.8215	72.2332	72.3958	69.3872	59.2031	74.5814	73.1472	52.2595	71.7249	76.1385	76.7049	71.7852	59.1397	13.8205	19.9263	23.8169	27.7911	68.8547	72.6549	68.7496	61.4097	38.3387	65.7077	63.7456	66.0926	62.6238	62.0987	64.3256	68.5761	72.6606	72.0444	62.3196	44.364	58.1115	72.1028	70.7407	69.2187	71.8481	75.875	75.3952	64.7052	40.7917	66.7483	72.8253	66.3437	60.3224	67.4872	72.7526	68.1036	72.8288	71.143	73.6347	52.0601	69.9969	68.0777	61.099	72.708	73.1291	31.0755	67.4498	62.0554	73.896	63.4824	65.4039	66.4629	59.0851	54.2798	67.279	66.0117	68.5886	67.1226	60.1695	46.829	36.1719	33.849	48.8826	62.401	62.2694	57.3049	74.8925	75.6034	62.1362	39.0711	22.4931	31.6243	60.6594	25.7066	61.2502	75.7201	73.0553	42.5462	67.9565	67.515	73.3474	46.7855	55.2144	65.3711	71.9645	72.4641	60.5651	58.1159	53.6294	31.6175	60.8092	66.3848	46.8935	56.2003	34.4395	58.0977	41.3281	42.2636	49.3605	44.3186	30.728	28.298	34.3177	44.3186	37.5389	20.7477	36.164	40.0726	32.4536	45.8806	48.047	56.8687	62.313	37.4831	20.3686	68.7006	57.2766	65.7377	58.7164	59.5762	59.3913	61.3919	62.9183	57.335	71.74	58.6878	70.6023	65.9935	68.3426	73.6255	42.6035	77.3222	74.5096	70.6043	75.1031	76.6817	78.711	78.8817	78.9357	79.7141	77.702	72.1428	36.1542	81.1037	82.2477	10.3286	75.6289	78.0788	73.0775	75.4404	73.4655	68.9482	62.5578	56.7964	49.4503	47.5412	56.9665	33.1524	41.5596	43.5634	44.8678	56.5931	57.4509	34.3533	58.0623	72.5969	62.661	68.684	77.3179	76.3894	74.0808	69.827	58.5481	26.6493
63.983	72.5263	69.2578	66.001	57.4229	55.645	68.0694	59.7478	71.1034	75.7233	76.7855	76.0517	75.2601	74.7675	72.5523	70.5949	70.3899	71.3626	68.5131	62.1949	58.7938	47.1202	35.949	39.6853	55.7146	58.2301	62.6457	50.3341	75.4901	71.2574	59.3728	43.5609	49.7636	60.7187	55.3918	52.9756	62.8405	55.6152	61.518	55.573	68.0757	51.2053	61.9159	59.9438	22.1049	65.5002	66.108	59.7568	52.2384	42.6779	63.5919	68.7296	60.2697	62.0371	65.6348	72.3209	75.3211	73.8368	73.6194	71.8838	50.1909	36.5793	56.2081	68.655	72.9362	72.8833	69.1878	68.8784	46.6419	71.5124	59.8381	70.1965	63.9567	67.2205	74.0633	69.9047	49.5362	76.7598	74.3194	77.1043	72.8735	69.6846	48.1717	8.37939	5.72521	11.5203	55.4805	63.8261	45.943	67.8172	15.0931	72.4118	61.2091	44.9578	37.0836	33.9214	31.3485	32.4521	30.7047	12.1958	49.721	56.6454	44.8973	36.4751	61.075	67.7626	69.511	68.6773	51.8675	38.9681	71.3905	73.1445	71.7684	60.9388	66.4095	61.2561	74.019	73.9628	69.7929	70.097	72.6045	40.5887	69.2914	73.2535	52.342	69.9278	75.6098	29.5479	70.256	66.6466	73.5674	58.9394	60.1387	63.5786	63.9239	55.5516	66.4144	66.8242	63.417	51.4836	49.4883	43.299	5.04466	33.4335	36.9739	53.4416	66.1606	65.0092	71.834	76.8572	50.9336	50.4697	15.9562	31.1517	41.468	59.2823	72.1281	73.0831	59.5675	68.8304	72.4784	68.9319	67.0792	40.7762	49.3449	67.126	65.3526	72.0894	53.5313	57.6562	58.6606	49.244	21.3027	66.4171	67.407	19.4715	53.3614	14.099	47.1708	44.167	57.5273	58.1434	35.9588	27.3367	37.0867	48.5008	38.4665	20.289	15.4793	48.7698	52.7969	34.0916	13.7278	67.1998	65.3466	56.2263	42.2074	68.7001	46.7183	59.4839	37.3485	69.9258	53.976	69.6458	51.0048	41.8602	70.6931	41.3731	71.7233	53.5032	67.9387	78.4879	73.6823	70.6522	76.6545	75.5533	76.2479	70.279	62.6589	55.8471	66.9717	76.988	78.9108	78.826	75.739	78.4428	82.1912	49.3406	72.9942	74.1729	70.8755	65.6524	52.7964	64.5029	68.2654	66.3708	61.2405	51.1674	56.0387	20.6023	38.1626	31.6611	46.7849	57.5045	56.5147	57.8549	63.4944	73.5136	73.5832	41.9168	69.8744	75.9737	74.3524	73.0459	73.4683	53.9625
63.4708	67.5825	70.704	73.2628	68.589	49.2262	67.0214	64.5716	58.1391	52.2566	65.3426	70.4554	69.2849	69.2601	69.8727	75.3835	77.7513	77.4739	75.2537	75.5778	77.8132	78.0498	76.5305	74.2389	66.1608	50.2518	61.5909	73.305	69.9962	45.5772	66.8709	72.7327	73.8184	74.2107	75.0147	73.0671	69.2658	64.7328	68.4306	63.1824	68.6274	71.8888	75.6022	72.5467	59.0877	63.3419	73.1052	75.7251	69.4967	71.8268	68.4474	48.9816	56.0792	51.3205	45.4003	65.9011	66.3832	61.2559	56.3086	57.2107	66.6922	74.2841	74.8793	75.7398	75.5764	69.2364	63.9683	71.4043	21.0894	71.9706	67.2767	66.5206	62.427	74.0318	67.3671	69.4056	71.8556	78.752	71.8911	78.3381	75.4447	74.1069	73.6629	68.5116	52.5975	29.0305	24.9634	55.065	54.7917	63.0012	69.9031	72.3364	20.3016	58.6019	65.9736	66.2434	71.0569	74.7035	74.4964	75.7115	77.7422	77.0197	73.0362	64.563	60.3265	45.7382	19.1206	34.6491	65.8987	70.7458	72.8766	73.8315	73.5363	70.665	73.806	59.6429	72.0968	77.8506	62.6024	72.7764	73.9491	54.6925	64.5976	72.9811	52.7075	65.0891	77.6722	61.5079	67.1852	71.3406	75.1114	62.9655	64.7785	69.5926	73.2394	67.6609	50.2061	63.732	65.6849	63.7541	55.0648	45.4553	30.9235	8.76891	18.4128	27.5824	63.4144	69.5126	55.9554	76.8409	50.5096	52.5468	58.795	21.656	62.74	74.0955	70.0713	24.5934	70.0784	68.4545	65.777	62.6246	60.221	46.3824	50.6927	67.4001	57.8195	72.7235	63.331	56.5839	58.4093	61.9492	61.0934	44.2675	60.6529	55.1804	26.552	32.332	0.388993	35.1291	60.0033	47.4244	36.5135	52.29	43.1837	13.7551	48.4802	56.0508	45.2342	48.1539	53.6942	31.105	38.87	71.3157	67.6523	58.3339	36.4944	57.5919	51.2115	43.6692	36.4882	73.4268	10.7667	72.1992	49.7777	45.629	65.6434	38.7797	68.6199	55.749	52.0636	77.6328	78.2223	47.5923	57.0156	59.0171	48.8137	72.1576	78.8528	79.3272	74.5392	19.4204	69.6162	78.0562	81.1509	80.1538	80.3033	53.5807	69.5827	67.1611	42.1769	68.9417	76.0516	75.0898	70.2257	65.9066	54.3438	33.4001	53.1989	27.4634	50.8405	7.22861	36.9743	9.65606	8.8703	30.4171	60.8183	74.1759	77.5825	77.2513	68.5849	33.5213	70.1552	74.6332	76.2135	67.1652
67.8645	61.5568	54.085	64.1446	67.14	31.3323	55.6569	63.012	64.835	68.233	64.0586	57.1403	63.6126	63.6759	63.0331	70.2198	71.3791	73.6153	72.8414	74.6091	77.3067	78.2502	77.3932	75.1673	67.6072	48.8347	55.9476	48.2475	55.2382	67.6562	69.2214	70.5808	72.4035	74.5041	76.6797	75.568	68.8453	66.2295	69.3966	68.7286	72.1962	76.4364	71.6421	74.1705	68.7975	71.7502	77.0435	79.1191	73.5792	75.3223	74.1	72.5879	75.6559	73.5027	68.368	65.0796	50.691	44.1468	56.2088	63.5748	65.9918	69.1939	70.8991	71.1669	55.5455	50.3994	68.287	69.704	3.35566	71.1447	73.4258	66.8949	68.5016	72.8221	74.2797	78.1303	76.8192	77.9657	69.9043	78.3942	78.33	76.4087	74.4987	72.3164	65.6144	51.8048	1.4961	54.1044	57.7547	66.1586	65.7228	20.6951	60.1338	72.8859	73.8344	75.0963	77.4651	78.4771	78.3804	78.6994	78.2632	76.7519	73.4889	66.0014	70.1488	69.6962	59.9336	64.7057	73.2537	71.3462	62.9054	72.4756	70.2312	72.2252	77.296	71.2055	61.486	78.5597	69.3354	70.6432	75.7106	72.7556	17.7672	73.6363	69.2323	49.5333	77.8547	74.6541	44.6263	71.7114	78.8604	68.8645	61.4601	67.5299	72.1115	72.1605	37.0419	57.3689	51.9457	49.6734	61.5614	62.5582	56.1461	42.5513	13.4221	21.4163	52.2745	72.4604	47.3055	70.9157	73.6792	52.9121	55.591	66.421	71.184	68.6265	29.9331	73.2185	72.4944	67.8827	52.0845	35.5503	43.3399	36.2268	46.1796	57.8978	34.5146	55.512	54.8077	55.1973	57.7131	56.8371	61.8582	57.6133	23.5009	57.5002	62.8953	52.2319	18.7637	31.4004	57.6446	5.66119	59.6132	55.1471	42.6322	35.2073	37.0839	36.4169	51.9068	24.4853	55.0603	53.3215	50.3625	69.3569	60.947	53.6982	39.973	40.7955	56.0415	56.8616	65.4784	69.4133	60.0203	73.1777	58.8575	61.6878	55.3781	36.3051	60.9936	50.8131	56.9893	71.1538	74.4025	70.1298	63.9768	70.183	75.9268	79.8782	79.7645	77.9023	77.4416	74.7711	63.7981	37.5455	70.9917	75.4358	72.9785	45.3757	67.3959	71.4901	75.1576	78.0765	78.3507	74.3518	68.7873	53.5917	50.4406	60.4971	67.2237	49.3767	62.9125	40.9832	54.8035	34.8068	56.5475	64.3144	53.9418	51.481	66.7537	72.939	76.2453	75.1164	48.0071	76.1477	75.5587	72.8116
61.36	57.9871	50.7777	58.3581	71.1963	58.5712	54.6716	62.2706	56.7469	69.6202	72.6904	38.6473	57.8584	60.9273	58.2609	60.2416	51.7481	63.4154	67.4931	68.3477	64.047	55.0518	57.8107	71.3709	70.1825	55.9396	63.9008	69.0767	70.3016	64.8922	51.6766	46.2851	38.7446	47.2792	49.8617	66.3612	48.3141	53.3002	58.7761	61.9846	69.069	69.9124	28.7024	69.6733	53.2213	69.1116	62.3814	76.9496	66.7272	73.7328	70.8943	69.1807	74.3266	68.2735	72.3373	72.0685	67.8846	66.0167	66.0766	64.4881	52.5651	60.2877	52.188	28.0665	60.4111	69.3289	64.1969	55.5368	37.0161	68.1548	74.0079	68.9513	60.2797	70.3282	73.9188	75.4089	75.8818	75.1749	64.8002	74.2132	76.4087	76.1983	73.2799	68.3735	67.3994	59.7996	12.7288	37.5431	44.0296	40.6315	34.9933	60.7963	65.1157	68.8107	53.6011	60.8412	73.6968	73.0169	74.3073	73.9431	57.2453	72.9786	68.7273	44.2478	20.4825	57.0515	51.2833	61.5251	72.393	68.5173	64.5293	66.8677	75.7826	67.5867	75.9176	75.4415	56.4137	77.6864	75.7872	65.669	74.3855	77.8865	56.4966	73.6342	74.3383	65.1102	75.7593	78.6199	62.5734	57.1301	80.4552	75.6581	30.1151	51.4839	56.4192	73.1196	56.312	62.7424	68.8541	63.0095	42.8525	31.9847	31.7613	60.8596	41.4998	51.8948	50.6951	69.7489	67.4217	45.8214	75.468	67.7204	61.8095	71.6001	66.176	51.2289	61.3883	76.939	64.0276	71.3017	29.2026	14.2754	11.487	18.7174	27.8532	35.3537	61.8007	61.4941	51.26	32.7876	41.3648	28.1542	28.579	59.6769	29.8452	42.7676	58.6821	63.8051	60.9762	60.9419	59.3098	39.0843	57.1002	46.4253	33.1276	41.1037	33.8647	18.344	54.2596	48.4642	13.991	51.9534	56.8847	59.8481	53.1203	43.953	43.7887	52.7512	54.1391	59.1743	59.1662	40.6649	63.4055	71.9034	57.8529	57.1764	53.2718	51.7869	53.2136	62.787	59.4786	63.7163	69.4725	51.1087	68.7736	72.8272	74.8483	74.8002	55.5268	70.1485	62.9388	73.651	76.529	77.0704	75.58	59.8455	57.415	40.4604	66.2197	77.1958	77.9172	74.2857	69.9367	29.4447	6.46649	49.645	70.6788	67.9796	72.6527	70.4701	67.3202	56.9766	63.1246	33.0921	60.6466	33.9587	61.9807	72.7996	76.0016	74.2886	69.4981	78.018	64.2342	75.5963	72.91	76.2571
19.8144	37.1754	49.137	60.7368	72.0846	43.1405	62.6576	64.0871	41.7335	64.1072	75.3139	59.6398	50.8076	62.3112	55.905	57.3966	53.1256	60.1345	62.9636	57.6886	47.2427	50.23	61.1918	72.7816	72.1025	53.6253	15.0529	31.3881	30.903	44.2645	50.7392	39.2484	20.8083	25.9763	15.3799	60.1892	36.9086	49.1769	52.2372	61.2787	70.4521	53.2099	52.6599	53.4323	42.3541	66.8367	22.0236	73.7405	63.5376	72.0754	68.6324	63.2749	70.6215	59.8444	69.4538	70.8103	69.9736	68.5079	69.4546	70.9964	67.6327	69.4214	65.7467	61.8217	68.207	56.7845	58.2447	64.8183	62.2568	59.4706	70.3974	70.9219	19.2617	54.7107	66.7533	57.9834	49.2874	38.0931	41.3982	59.9118	58.3945	74.4597	75.1888	67.5029	71.2386	62.4961	15.249	13.95	6.05205	4.56538	48.6997	60.7993	59.4646	59.6968	61.0066	65.9566	70.5205	56.8722	34.7496	24.0458	59.4775	71.6174	55.5566	48.4612	50.5094	40.5861	66.5469	65.6956	74.1806	74.0965	72.9155	59.4432	78.2265	72.6283	72.5587	75.9582	66.7671	74.9643	78.4332	52.0727	71.5612	79.7156	67.9186	73.1982	75.2657	69.3916	63.1149	77.8511	75.0944	60.2741	78.1584	78.6325	47.8255	48.1593	57.1662	72.6026	60.0152	60.4031	72.4149	50.2018	55.3174	41.7898	35.8967	37.6679	65.9205	43.6522	50.4801	68.1519	68.1534	19.6892	73.8008	68.3877	57.5643	65.6987	60.616	62.2092	50.1953	78.0056	60.6508	72.4997	43.9625	25.4739	32.4773	30.0817	42.9203	40.9764	48.0681	45.99	56.5274	63.2534	46.9144	25.2894	46.2696	48.5085	38.0928	54.1421	43.2801	53.4076	59.7688	64.3219	46.7208	54.1789	50.7438	39.8719	35.3748	17.9753	32.6152	51.8709	27.4367	59.197	52.8129	43.9119	47.3797	50.9777	38.1071	29.1635	9.61433	24.7845	67.5945	59.6333	34.6608	61.4741	56.3492	61.1646	69.5086	66.0705	61.3689	32.1423	66.9754	60.3348	41.2715	69.5921	70.8046	61.7813	72.3506	66.9439	71.7005	65.4539	69.2595	63.8474	63.9585	71.0089	73.7703	74.9539	76.6115	75.3158	69.504	41.3885	56.933	79.0901	80.737	76.7576	73.2437	73.8595	72.9508	64.4079	73.6202	69.4981	74.3769	74.9427	68.2584	64.574	69.5363	64.9581	59.9743	64.3227	47.8529	64.7061	67.0479	67.2729	72.0307	76.3368	68.3363	73.124	77.3504	78.9991
67.6566	59.1082	50.2407	64.296	70.1259	51.8638	72.4267	73.6763	72.8559	73.2149	72.8261	66.8253	52.367	66.4259	62.2612	45.4742	28.3335	48.6066	60.5283	63.884	66.5326	63.9819	54.8169	63.7394	70.6186	73.3525	74.8646	75.5456	74.6092	68.813	36.8916	28.4049	41.2921	36.5028	24.8891	52.3619	31.9597	42.2034	43.8468	59.1701	67.3375	12.053	57.3417	56.9221	55.5311	62.4566	31.1911	68.3309	64.532	65.0513	64.4007	43.4031	62.7915	48.3597	61.9875	65.1635	67.8848	71.6457	73.1671	74.5092	74.5433	76.4701	76.1247	76.2394	76.6787	75.0826	76.4006	77.5841	76.9557	70.8559	61.1152	61.7406	61.546	65.8444	71.7343	72.1181	69.2537	72.901	78.1699	78.99	76.3283	76.4501	76.8252	68.9044	71.742	59.931	6.38649	20.2569	47.743	62.1049	54.7187	35.2627	66.2752	69.2011	72.5995	77.3354	77.5479	77.4993	77.8361	74.8738	62.6067	57.8902	60.277	65.9872	71.9781	75.3919	76.9566	77.2277	77.3312	76.5255	74.2037	75.2354	77.3124	75.1331	65.6495	75.8361	74.8121	73.5315	76.3139	53.5594	68.373	79.4666	75.6352	68.8585	67.9026	74.6415	65.191	65.4228	78.1569	78.1459	71.6044	74.375	72.4318	66.543	38.7661	68.6253	69.017	40.3441	72.5872	46.6757	37.213	52.0533	59.2824	61.2185	61.4099	45.6448	66.9958	68.4591	63.0176	9.29209	69.3406	71.8099	39.9978	58.5315	59.3641	67.9569	30.5011	76.5066	67.9511	66.1823	50.5927	42.9227	28.7523	19.9745	54.8129	51.9593	52.6058	57.7986	48.0715	58.0463	34.1577	8.6292	39.1969	48.3577	40.4491	61.7453	56.9131	49.6097	57.8634	57.6172	57.3489	64.1262	46.1465	35.6522	41.1132	33.6853	43.9174	61.7624	53.5938	54.5784	66.2975	27.5587	36.8446	47.2554	30.3303	44.0827	55.9999	65.0863	63.7694	42.6884	64.5783	65.1855	60.4422	28.2796	63.0536	66.504	67.8088	34.8964	69.2248	51.3197	6.24517	71.079	63.7819	75.6723	74.1146	65.7799	64.3941	36.7847	72.6213	52.1598	70.4937	67.5011	64.4539	67.9614	74.2114	79.1337	79.5513	74.2609	61.6323	69.3059	80.2989	81.2588	81.1349	79.6633	77.1682	72.5049	77.4385	67.8863	74.7894	70.7592	73.4685	72.2624	74.4784	74.7166	17.9562	62.977	67.6681	69.8657	69.7686	70.6477	68.8326	73.8127	71.3156	51.3072	20.9575	42.0632
64.4919	60.5228	59.5308	57.7135	63.7088	64.7095	75.4135	72.2965	67.8183	68.4329	68.7215	65.8116	56.2048	45.3156	50.3567	50.7741	59.696	68.4989	71.7642	74.1092	74.9676	74.8151	73.5854	65.1493	10.0757	64.601	72.7148	74.3659	74.279	74.6415	71.1993	63.8049	33.8156	6.12434	8.62823	34.0897	36.7631	44.5924	39.1945	59.0865	55.6294	31.5649	33.6612	24.0567	50.5654	52.5576	26.345	57.7093	62.0606	38.6369	56.0918	30.802	53.3956	25.8154	50.6259	54.9709	58.1162	68.0471	66.2421	68.0577	69.9628	71.7504	67.3196	72.6284	72.3938	71.6714	74.0806	75.6436	77.2611	76.407	72.5102	49.3984	54.7284	74.9755	78.5339	77.8314	73.6662	72.7402	74.7934	75.923	77.3345	77.0125	76.2304	70.8359	68.8168	47.4924	7.3631	27.2641	56.9871	68.0858	70.7711	67.9853	20.7554	35.7406	57.3354	73.3726	78.53	78.6038	77.3325	76.1339	67.8727	23.9548	13.8035	38.4045	71.6742	78.1464	78.7973	79.4118	78.5752	73.6946	65.0302	72.4753	71.9165	70.4612	47.5728	73.7843	74.673	68.8368	66.7897	65.5665	62.0879	75.9257	76.2005	74.9717	62.6798	34.1008	74.6687	68.1107	72.0444	76.9137	72.7628	33.152	69.0267	65.9754	66.0279	24.1584	70.2703	37.744	64.3411	57.427	27.742	42.2997	9.80088	18.5314	29.2107	62.1686	71.4373	67.4643	24.5161	42.0325	45.0095	72.0737	47.2025	31.5884	49.3521	67.9489	39.3954	68.4739	63.9758	41.4733	37.164	33.0464	41.5898	59.8397	63.1396	57.4461	50.6007	58.7028	47.1804	67.4043	36.3644	5.27376	29.1406	54.5723	51.7613	62.3944	65.3426	40.7569	53.0361	52.0065	62.7701	70.6447	68.9554	67.4832	57.0921	54.4847	30.7488	56.1397	62.4057	52.9406	69.4429	41.0419	59.7713	63.4572	50.0743	56.1978	53.61	19.9217	37.9068	58.9626	62.8406	55.8238	54.8913	63.121	58.9352	63.611	64.6387	11.7206	68.4083	54.1607	55.7862	67.2379	28.9281	76.3457	68.7038	70.9246	35.0165	40.5474	66.4186	67.5962	65.4438	66.6513	56.9105	57.7074	72.4414	79.0374	80.7653	77.2086	73.6385	43.4936	72.1901	80.1103	80.5899	78.5474	77.3563	72.9314	76.0271	58.7354	76.8344	56.2809	76.8679	71.4419	76.8168	76.8478	62.187	13.8913	65.5295	64.1181	64.497	71.4696	76.3192	79.026	77.6328	77.2029	77.4966	77.048
66.0324	67.5863	52.345	52.0465	66.7914	66.8016	63.1372	57.3808	61.0087	66.0703	62.1729	59.7526	39.6343	62.8259	73.9311	71.6741	65.0313	57.8499	65.5383	67.5288	70.0752	71.5064	72.9233	71.4743	66.2456	46.9063	42.4465	48.7979	65.1711	69.4232	69.4087	68.317	61.3564	68.1453	69.7456	64.7596	45.3781	22.9951	47.8133	39.2147	28.5352	62.0818	65.1509	62.7692	27.8701	36.9598	44.6822	29.6892	59.4012	13.7784	42.8918	24.3716	23.1911	54.6765	40.546	29.413	36.4894	25.7859	40.3783	18.7727	25.9815	57.3599	59.961	58.6902	57.3096	50.5729	52.2348	42.6968	62.1765	70.7038	73.431	69.628	70.6777	70.6509	64.848	71.7582	73.9365	64.7009	55.1054	58.2003	37.4199	65.551	70.7177	61.4842	48.9305	20.5183	15.6309	38.4958	55.9213	71.5746	51.8168	71.5157	62.9533	52.3518	58.6245	50.2926	18.6975	59.4569	65.021	71.6337	72.349	57.8061	62.6942	67.822	72.1564	66.5681	66.3153	64.1688	65.076	66.0614	54.3549	45.526	40.9281	56.4911	62.9869	53.8193	62.8204	45.3245	55.2612	67.8499	50.1868	67.2699	63.9457	70.1038	72.6847	68.0453	71.4395	75.6434	32.4275	52.7946	75.224	37.9242	69.4917	46.248	43.5408	56.1435	61.1806	57.831	54.203	64.0593	52.0979	20.9438	56.2383	61.1777	63.0403	67.008	61.9326	8.61561	66.1532	65.5821	56.3813	59.7546	65.773	23.4171	57.4098	62.6307	49.5688	55.8966	19.721	52.6659	23.5885	47.9537	57.9129	55.8261	40.6753	30.5067	46.2225	61.248	37.6964	69.6965	58.3003	49.972	45.3194	37.4087	52.3542	67.0783	70.7156	47.8793	42.2486	44.3429	57.9652	67.8369	68.2679	62.4305	59.8505	60.6585	66.487	69.8706	63.1869	57.9589	64.6225	59.1616	51.7048	67.4868	57.8825	59.5423	46.2083	57.3599	61.1541	53.7003	38.7202	7.73821	10.5752	55.1472	60.8553	46.1282	53.7271	34.5608	65.6963	56.3273	51.0044	62.025	40.8123	73.7962	65.4212	69.8862	24.6008	24.55	51.9742	70.5331	32.1085	68.5866	45.5424	62.5007	67.5979	73.3587	80.1115	71.9084	69.5135	67.0587	46.9769	55.7323	71.9497	75.8887	77.4738	68.9543	66.2236	63.534	75.1601	67.6499	76.4103	58.7671	75.8532	76.1677	72.1253	47.0638	57.1072	58.8656	60.0564	56.9494	53.2045	72.4072	74.4156	75.0727	75.0964	72.5815
69.6595	67.5408	51.2821	55.5021	65.0153	60.8291	36.0799	65.3206	67.5532	72.8523	73.7606	63.0287	18.7928	71.2648	74.5709	70.3255	73.3509	68.9241	70.4618	71.7177	64.4645	63.3503	49.3428	68.8632	67.1656	64.4367	63.8227	38.7044	52.7254	66.9707	65.4651	62.2658	61.7162	74.7996	75.8278	75.3586	71.9219	58.8447	34.6614	59.0327	70.3345	71.9982	66.8232	72.3283	62.1298	29.6522	53.3414	13.3302	54.7384	39.9217	38.6129	42.1793	67.2267	72.8371	72.7321	61.2351	55.8749	71.1794	72.9695	71.0587	72.2726	72.7816	71.8693	48.9232	37.7887	54.2589	49.0724	39.1852	44.2918	41.8048	66.2388	65.5722	73.8935	74.9776	64.0579	54.1658	68.1005	70.7132	62.5523	61.5583	55.6739	65.3393	66.6449	48.462	31.8629	14.878	29.0857	58.7249	64.4163	72.6833	59.5525	67.7112	63.5984	49.4352	65.4331	68.2042	68.697	33.3908	47.0372	70.2515	72.6794	52.5655	53.6892	71.9229	75.7203	71.8686	72.4519	71.3034	66.9469	46.1382	57.2997	50.4769	35.2979	38.4352	64.7133	45.3278	66.4301	42.9147	51.5022	67.04	14.6833	59.9708	55.1685	64.1642	71.8895	72.2469	59.2563	73.6779	57.3513	9.74752	75.9854	50.5101	72.0219	41.1514	45.7008	52.6353	35.6419	61.022	54.343	68.1466	45.855	53.1349	35.9493	35.6274	49.2136	55.3834	15.4738	56.9234	73.4225	66.3873	71.7231	14.4868	69.816	34.0675	63.0296	46.714	57.0484	39.4119	26.2974	51.0494	45.4831	48.6294	56.9375	53.5269	56.9886	55.9118	63.1157	67.6141	42.081	64.283	55.7966	52.7043	54.8256	42.5572	17.7319	69.4308	70.1638	55.5239	53.7369	44.8181	32.3411	58.3342	61.5105	66.3977	58.8757	52.9359	64.2477	61.6106	27.9631	56.7905	48.4741	31.5664	38.4762	66.5272	55.5953	51.709	55.0974	60.4121	48.9936	35.1962	14.983	48.1687	54.3603	36.0818	20.7506	47.9248	58.2061	53.7177	47.1416	61.0403	62.3449	63.9431	43.9014	66.5794	63.236	63.3809	30.5614	31.0246	42.452	70.9924	32.3447	65.9121	51.978	52.2645	42.2331	74.5245	81.3439	73.4439	67.0577	55.4194	68.6393	64.2399	31.719	71.3417	77.7738	75.0409	68.3261	70.1382	69.8521	73.7305	75.2838	62.4508	75.1928	75.395	72.4882	44.6001	56.2399	37.5168	37.6858	58.2912	65.9414	50.9434	40.7408	60.7567	62.2483	66.3703
67.8832	65.9089	30.6095	46.0774	54.3222	65.626	64.5953	53.5007	52.1672	73.4411	77.0292	64.6811	45.537	70.4892	75.8408	74.553	70.6109	75.815	72.0667	72.7045	63.4619	58.6408	51.9278	63.0776	64.312	66.6651	69.9593	70.848	44.6349	72.0032	69.8836	69.2282	75.2774	73.3301	65.2366	62.1734	65.9675	57.8795	63.9347	66.4233	67.7207	67.2686	66.8064	74.0649	74.7657	70.0288	14.9659	32.5801	33.4835	68.8729	68.9976	66.4624	70.9779	70.8915	72.9379	73.0257	70.11	74.2999	73.1314	74.0429	71.6046	65.0564	66.3915	62.8723	44.0448	33.4824	38.9695	20.9314	11.2176	58.0219	72.6689	71.1327	66.9579	69.8482	72.923	67.5561	44.6095	66.1365	74.0886	75.8615	73.8468	70.2908	63.5452	35.688	21.1254	8.66852	45.0147	63.4391	60.6833	71.8637	59.2581	66.5806	61.2017	50.5515	68.6789	66.437	73.6646	67.4741	21.3799	65.6366	70.5711	63.1145	57.7684	70.2792	75.6848	76.2622	76.6842	76.302	76.8623	74.1547	32.3309	55.1112	55.8891	47.5921	45.0858	40.5957	57.044	39.7002	46.6976	51.686	53.1473	48.0888	46.2437	55.4718	71.9373	74.246	38.3349	71.1466	58.6938	33.1661	74.3325	57.8099	72.757	52.717	57.481	46.1378	28.044	57.124	54.6408	66.2084	20.1086	45.3251	53.4468	55.2036	62.5856	59.8225	41.5428	64.6164	72.3498	44.2332	73.0659	49.5379	71.0868	39.8279	62.8567	44.2132	57.682	34.9388	38.425	33.8913	60.562	66.5647	60.0188	22.3534	19.7461	41.2457	71.9494	71.1862	39.7063	58.8778	41.9114	12.3248	33.641	59.0103	18.4108	70.1744	66.5177	61.002	62.7608	62.9236	54.5233	32.8499	54.1073	65.742	59.1989	40.9457	50.5374	35.9796	50.3916	43.156	29.9952	54.7061	61.0557	52.4693	42.7052	46.1759	39.2326	42.6322	41.175	19.0178	35.2851	54.546	53.3474	64.9251	57.2565	57.4093	56.1643	53.1161	26.9009	19.9489	54.1874	62.826	37.6019	63.9839	55.6215	57.1792	37.187	46.0059	45.12	69.7066	45.8901	65.4649	53.4034	27.1726	41.4367	78.1581	81.1299	71.5452	44.6328	68.3268	73.2533	74.9659	63.5573	17.3362	70.0485	74.5528	73.3811	75.0808	71.5428	73.076	69.4757	61.1584	77.7646	78.0409	63.4808	62.2399	71.5063	67.1925	65.3183	74.7157	75.6375	75.6172	72.4522	67.849	73.7678	74.4387
71.4301	67.3913	39.2924	59.3998	57.7115	61.4227	65.788	72.4486	73.7809	74.7876	76.4418	57.4275	51.251	65.0737	74.7096	79.314	72.5194	63.7997	68.2118	60.6207	57.2495	24.8658	57.5676	58.2329	64.8526	61.9747	67.474	78.4935	66.6593	74.6107	75.9094	75.3094	74.9842	57.548	66.3364	66.1962	65.0542	22.2477	52.3839	61.0125	64.0876	61.5812	60.806	69.4377	72.2097	75.3942	65.2532	51.8388	70.1321	73.9968	71.3135	71.461	73.1005	71.8614	70.9487	74.3682	68.9226	73.3508	65.7511	65.8656	52.3215	67.1758	64.9653	59.6081	54.0922	26.2267	40.1145	47.7779	58.5071	71.591	73.8614	73.0984	70.7728	61.5761	61.2348	72.0542	69.7956	56.7845	63.9559	67.2805	63.3328	58.5071	47.0272	19.5849	12.4889	6.58522	63.1526	67.8554	48.3685	72.973	56.856	66.2117	63.4205	54.7724	68.6689	35.1603	72.4645	68.0147	42.4101	51.4213	60.2816	45.3551	31.8729	52.8838	54.4085	62.3476	69.0174	73.0028	77.0636	77.3157	71.8967	40.2533	29.1544	10.3192	25.0034	39.7396	53.6986	58.0312	52.1206	34.9548	54.3315	31.391	45.7714	53.1228	68.4805	74.32	24.0342	66.5998	63.5353	57.7446	72.3131	58.6276	73.7657	60.0234	42.9018	54.3624	57.0123	63.1314	57.4868	56.5802	10.9888	24.5171	34.5668	45.4394	57.7795	58.5132	37.2651	62.7072	68.5608	18.4812	70.3885	56.8983	68.6956	54.5601	58.528	51.5846	21.5288	21.2564	37.0792	32.2043	25.4839	40.7149	55.7774	70.5944	73.6732	68.5232	72.0067	72.4646	50.7052	61.9802	39.9991	20.0872	28.5599	56.942	32.6098	64.7718	58.0255	59.0531	61.2003	60.6803	67.1962	36.185	55.3763	60.9604	59.374	46.3015	48.7858	46.2481	56.7746	39.218	35.2677	63.7607	62.2305	43.8351	42.0546	53.7245	59.9842	65.0146	64.6981	61.2534	30.8501	57.7001	37.9673	64.4375	67.9771	62.587	66.0674	66.1314	63.1188	36.7922	50.1778	65.9981	23.8563	64.8526	49.7976	46.0894	36.6115	55.435	57.7915	60.2998	8.75704	43.6502	23.757	45.7637	62.5554	79.5158	79.5432	57.8647	65.4894	71.1679	67.1405	72.6796	70.6297	70.3294	51.0274	48.0145	69.3789	75.4029	74.2148	68.4164	49.9048	71.3641	78.4324	77.0431	52.6212	72.4474	70.8061	69.9897	67.0074	74.7642	73.7663	73.121	75.3793	73.906	76.4414	77.5027
68.5871	56.4234	18.7895	65.8265	63.3833	54.8753	54.7449	64.2713	64.8145	71.374	72.6373	27.2332	58.0264	59.8399	70.2036	78.2169	77.4457	61.7078	42.2234	44.2363	49.5094	34.129	54.4114	30.5809	42.8363	58.1825	70.2266	80.6125	72.6715	61.2443	73.5181	73.3233	65.1141	65.6076	63.3954	66.9178	74.787	56.0571	64.319	57.2713	51.2169	58.3584	47.689	61.5709	56.6686	73.9954	68.3702	69.924	74.4547	72.2889	67.7758	67.3562	69.396	68.8767	67.6194	74.719	67.7104	71.8609	57.6221	61.093	63.6992	72.5361	66.8205	63.8773	44.9047	45.1397	68.6036	69.0387	67.4981	69.9532	71.8984	70.6475	67.8961	67.3744	51.5331	59.7426	73.8204	73.0556	62.8882	36.3951	19.4507	18.7823	16.1303	4.35069	3.33477	21.1709	73.5087	74.5631	67.6318	67.4258	68.5114	61.4789	67.7246	59.6148	60.3577	46.9688	70.1987	57.0213	61.6915	45.353	50.3601	52.0044	66.0375	69.6782	68.9915	64.3781	48.7136	40.1348	73.3028	76.3827	74.6888	73.5519	73.6415	72.0029	69.4606	57.1989	14.1945	44.1039	41.4883	44.7276	15.9564	32.5812	53.7485	35.6771	68.3714	71.5618	35.4777	52.0779	55.1078	59.8388	68.4194	60.4297	73.4081	67.4734	38.4263	45.9689	45.3514	49.5938	57.5279	48.2289	7.3835	24.825	15.3416	50.4614	50.6663	59.0448	33.9744	57.6417	67.4745	28.168	64.4502	62.7766	56.7116	66.5333	30.783	56.336	64.1259	70.8521	70.6939	63.3784	47.2991	55.352	72.1486	74.9103	76.9537	77.5388	73.3132	69.0669	53.4187	67.5615	52.452	47.2096	49.9732	48.7545	8.05742	51.0331	37.945	54.7007	60.2234	56.9393	70.403	59.2978	54.7336	60.7779	57.7265	52.9402	51.5523	51.3139	57.4004	39.7258	37.9433	61.0313	58.983	45.2951	37.592	53.4533	46.0389	30.8731	49.9977	65.7764	68.7145	41.9717	56.8232	52.2212	63.6699	59.7665	59.0055	51.002	59.0441	57.5544	33.5472	68.4482	23.6284	61.4229	54.3067	11.1377	39.2741	54.4432	40.0644	15.3708	49.1932	56.5265	59.9773	65.3304	72.5673	79.4026	75.3309	61.2753	75.5133	68.0552	71.8263	67.4755	64.5202	67.5042	70.1157	60.5851	31.1258	64.8149	71.7867	64.3067	56.0904	74.5684	76.0592	76.9163	68.4427	70.7135	67.2727	70.2633	70.068	74.48	73.1744	64.8283	71.5454	70.8546	73.8319	74.9212
57.2253	64.657	49.403	64.2003	66.7852	43.5879	59.5746	62.0876	56.5007	67.4453	62.19	50.9264	71.0358	68.0283	65.9379	74.9477	75.0387	69.1386	61.1429	48.6622	52.2977	66.1293	72.6132	71.821	65.1397	10.919	71.9429	80.1981	75.4039	49.3215	57.1089	62.024	66.1867	68.1388	61.9774	71.3525	77.3856	74.9916	37.0865	65.0299	66.7179	70.3993	46.4022	62.2133	63.0548	73.6766	59.6886	69.4856	69.3905	57.209	51.1925	55.3942	51.8168	57.971	38.3913	68.1812	60.9416	68.2794	55.1889	65.9921	71.8314	73.441	68.9558	67.0487	59.239	70.9768	74.2055	72.6146	68.1032	58.0791	67.9192	68.2843	67.8223	57.9298	70.4609	44.5903	69.9326	76.5183	68.7193	20.3802	12.8435	15.1804	9.09405	7.05322	37.4416	58.2872	76.0548	75.3299	65.3453	66.2623	73.873	59.5802	67.4557	60.5048	44.8871	63.5326	45.902	65.8991	71.4424	65.0024	39.2384	62.2711	67.7802	67.7442	69.7649	74.0761	75.3587	72.3777	56.8615	69.8669	72.7821	72.0028	70.762	69.6371	72.2834	74.1692	72.4079	66.746	42.7536	34.692	48.7786	37.2719	53.6347	43.4496	67.1902	61.2441	33.4538	48.0876	44.2791	49.527	63.2333	63.9117	65.5599	70.5475	66.4925	57.7814	50.933	43.681	40.3901	28.2692	45.15	47.7136	39.3137	49.3648	60.1692	64.6905	48.8397	38.6141	63.3066	55.9519	47.5587	65.9591	52.4489	63.2608	51.2561	71.5594	64.645	55.0363	63.3225	71.7148	74.893	76.1193	73.8534	47.2286	17.0533	53.9222	66.401	62.6589	51.1453	68.9769	60.9553	58.8459	31.4198	14.6931	35.1121	45.2292	48.1482	54.7759	49.2926	52.1246	70.4245	66.6219	35.9858	60.088	52.1579	45.3128	43.3839	54.7872	57.1524	50.6311	49.1073	63.2982	61.6102	45.9361	20.9384	14.294	52.2163	59.2596	44.6245	31.0137	61.4968	69.2453	54.6855	71.5131	59.379	58.8471	60.7025	52.4918	55.7105	59.9395	7.99812	66.8594	52.4647	63.8632	61.172	47.6517	27.6372	25.5714	42.8245	61.1727	59.5202	63.2513	69.016	70.6517	67.2994	76.4073	68.8601	74.6896	76.1601	70.3272	75.3545	61.6491	46.0008	49.2543	64.8083	68.6444	62.8819	43.9161	43.3912	56.847	65.939	73.7356	75.6317	77.2195	71.3621	61.2291	72.9138	65.4767	63.5813	73.6381	71.9747	61.366	67.7881	70.1027	74.5758	75.979
68.6356	66.138	50.7001	54.6103	68.353	51.8496	61.6224	68.5875	67.9343	66.6769	23.172	64.2745	68.3229	53.7498	48.7274	69.4684	72.6685	71.3131	76.6085	77.1783	75.9268	77.9074	79.0597	77.9054	78.5292	76.3705	77.4683	78.4256	71.3602	65.1032	49.3704	54.6181	72.607	67.5717	73.1228	68.8309	75.9176	76.8382	73.4806	58.8726	61.625	75.2139	61.6774	68.663	69.9579	75.1591	69.6669	59.559	68.2939	69.5553	67.4925	43.105	38.442	56.3937	48.8133	66.8797	73.062	72.7813	66.0963	69.5515	74.3705	74.0459	75.5838	78.6735	77.9242	77.0937	77.0336	75.4176	75.6842	72.4462	54.3426	65.0772	74.1628	67.6395	73.9726	77.0003	76.4635	76.9809	68.1199	23.3447	13.2229	2.84761	15.9179	40.3527	64.1383	70.0791	73.8	73.0212	30.8525	54.6759	72.0924	49.8993	65.2739	51.7881	53.1507	64.1651	64.2881	53.6242	53.4026	66.9228	26.3411	66.6345	64.6044	65.8001	65.5421	52.6734	55.4922	70.9829	73.7031	65.685	54.6255	54.4999	62.7426	66.2296	65.6311	46.9162	51.1543	71.5726	73.001	61.3459	38.0756	42.4651	37.5694	53.6534	56.4475	53.9095	66.9275	67.2805	59.2392	42.1365	57.2475	70.7558	57.2288	53.434	67.6591	70.4292	63.9753	52.2995	57.1877	46.8024	41.5793	36.2607	60.6063	46.3811	41.2261	61.6091	48.2503	54.9239	37.1449	59.4854	51.2993	41.8938	34.6244	28.1273	62.1076	55.1312	57.5443	68.1738	67.7039	61.6158	65.3245	50.3757	54.0071	73.2452	75.6489	75.9211	70.2336	54.686	51.1984	71.4762	73.0108	73.5696	73.9906	73.5417	72.8454	71.8911	70.5413	65.4424	59.9244	56.9275	63.2192	66.3774	46.8185	42.6188	53.4644	49.3421	47.4548	58.9653	58.306	59.4972	66.2495	62.2711	45.0898	52.0867	38.7292	21.4146	39.472	52.7294	41.8814	48.9874	41.525	57.6014	72.7407	70.312	26.2906	62.3515	57.2334	53.7691	53.7122	60.442	44.7375	46.8977	52.1041	54.4099	49.3658	34.1738	51.9398	53.5	40.8733	50.3128	45.8542	52.8279	60.5445	58.9477	58.4965	64.1184	69.0219	77.8251	70.547	71.2979	75.6255	72.0733	71.6775	75.2746	79.2305	80.4132	78.9847	75.3487	69.4692	39.9451	62.286	73.8621	78.1363	79.5687	78.1977	71.8246	77.8276	72.6514	72.147	72.8735	71.2193	70.6779	77.6472	79.3363	77.9356	71.742
69.2614	71.4988	49.4677	54.3241	66.2289	69.6834	68.245	65.963	67.291	53.8026	40.8573	53.6016	65.5345	68.1539	60.5492	65.0325	72.2233	70.7803	72.1694	73.4612	71.8298	74.5492	75.2264	74.7579	77.3791	76.1709	75.9179	76.4532	71.2187	66.9393	61.5119	55.3219	73.4756	68.405	66.4751	68.1928	71.9063	72.531	75.7976	73.0744	58.6677	75.7352	68.1616	68.1484	71.7171	75.5261	75.0107	62.7992	20.1527	63.895	71.2068	70.4241	62.3703	57.3687	54.9867	48.5698	61.0768	66.6822	63.4614	68.9702	73.8244	68.1876	69.4829	75.294	75.9924	73.6541	74.2594	71.8529	74.0448	76.6567	73.6396	66.0131	76.732	75.7991	70.461	76.1519	77.2307	73.8224	55.3672	13.3937	22.4964	44.1607	48.1967	43.6688	58.4088	57.6619	65.203	70.6888	58.928	62.0229	70.0577	50.8898	28.7012	45.3251	48.9837	61.0155	58.0246	41.6064	36.9341	68.3439	44.387	67.6159	62.2336	61.2935	64.4298	64.309	59.128	58.8085	69.715	73.7409	70.9185	69.7841	66.8146	67.9217	71.173	71.4093	61.8572	17.819	67.5652	71.9387	66.5192	62.2027	26.3751	57.147	27.6222	36.782	52.5845	52.5697	53.0655	28.8147	30.0172	65.5408	71.2963	59.2244	22.4028	43.2985	56.933	43.654	23.1299	33.4698	34.5406	28.7485	55.0747	58.6262	43.2577	55.2371	33.7688	37.6174	41.9097	39.2154	50.8759	28.4581	16.1148	42.0387	34.9016	59.6938	62.3363	68.5451	76.3758	62.4219	36.3634	69.1205	74.5841	71.0003	71.5913	75.4935	78.0507	74.3679	37.2826	64.2547	73.9917	75.2145	74.2472	73.2987	72.5405	72.3456	70.7262	67.2503	64.8213	60.6982	37.2172	53.0118	67.261	53.3532	41.762	55.1524	46.5449	53.6588	56.3399	69.2725	71.0308	38.7974	56.5312	67.5829	67.5668	47.0342	45.9078	47.6476	40.1951	38.1852	55.8409	60.3045	65.4112	51.8049	71.3381	72.8358	68.9789	40.3773	42.7783	62.0886	36.5268	12.3181	29.3797	21.1353	55.5352	44.9822	59.3109	60.9367	46.0714	38.8558	41.6061	55.6535	65.2279	63.5494	52.9506	40.1681	75.1027	76.1849	57.9159	67.1878	71.9724	77.6585	77.7732	79.5424	79.6811	78.3531	76.6636	74.2506	75.91	73.5072	40.5489	45.1557	71.3616	78.97	79.6636	75.9169	77.4102	73.1148	76.685	74.9249	74.6126	73.9051	75.7986	74.5962	60.4247	50.6808
67.6767	72.205	44.2096	59.6808	66.3141	69.9627	63.643	33.8657	43.4275	25.0958	49.8767	41.6348	56.2772	64.3378	47.9449	55.979	65.9502	53.3957	51.3484	59.9622	56.7207	58.8066	65.7531	47.5831	68.527	58.3119	47.7932	71.087	60.5542	47.6693	52.2739	35.5824	59.6661	56.3011	37.4581	69.5693	57.1481	54.9008	67.9785	69.076	57.1425	74.9299	70.6168	55.3441	63.9227	69.5355	67.5998	70.1099	63.8307	58.5385	57.5649	50.9388	65.7336	70.7812	73.1974	71.1342	64.1754	60.5163	32.0573	66.2655	73.3847	59.4902	59.5586	54.5092	65.6203	54.375	68.8264	65.1988	61.7066	69.1893	73.5383	72.5253	77.1965	76.0137	57.6994	48.9382	44.5141	28.1566	5.03748	11.6763	42.4495	57.5686	60.7621	56.482	25.6026	54.7495	68.1049	72.5275	67.1392	68.1919	70.9583	61.8779	45.5107	40.6446	54.8092	43.8329	52.4126	47.3957	46.1365	70.8668	55.3066	66.8619	64.6914	68.1004	68.5004	65.2756	65.6571	64.4136	52.0777	56.8664	58.8452	45.366	45.4354	54.6983	37.9464	60.3298	59.0133	61.5239	39.3763	40.6472	57.9688	70.9107	58.4445	61.9195	49.2695	57.5229	63.1735	52.5994	49.6241	55.4282	55.4136	39.1188	52.6441	42.9176	58.8504	56.8312	35.2383	56.4283	36.9462	35.3376	40.3723	38.1822	36.9428	49.8449	19.5875	53.0093	44.0428	52.1949	58.0964	37.7329	55.7975	46.3551	15.0733	47.6215	52.6179	14.194	62.2518	78.0319	76.7109	13.2113	71.4554	72.354	66.6339	55.3888	49.8184	42.5779	77.7035	74.6523	58.3959	55.5519	15.3546	59.5829	62.586	59.844	56.1792	58.5163	57.3934	55.6084	53.0556	50.6953	49.7148	45.4745	25.371	66.9253	56.4227	32.8042	29.3595	60.2683	65.6926	71.2448	67.5314	37.6656	66.7074	72.2744	74.4888	53.1535	34.0968	44.2319	41.1087	48.7446	56.3228	62.5818	53.1354	60.1352	76.4889	69.9159	62.7554	67.6605	49.2784	64.4123	42.2859	25.469	21.5398	52.5678	51.7789	24.906	64.6289	50.8333	66.1659	60.4887	66.5827	71.4343	64.5235	23.0191	61.4883	73.8045	76.6742	56.379	67.2588	47.2802	61.953	71.0596	70.3279	67.0816	63.9857	75.4454	61.9685	65.9067	75.1096	75.3864	72.3769	73.306	48.2171	64.4612	76.4758	76.1162	76.0147	74.5192	74.6359	76.4666	74.1311	60.6735	35.0115	66.1858	73.7425	76.7358
48.1957	66.8641	52.8861	50.2662	65.1088	67.2163	67.0947	61.8935	57.2347	10.5824	44.2486	46.7363	62.7075	60.5214	34.3118	51.3496	63.7505	37.6633	49.5549	54.4072	53.8276	40.506	69.3812	26.5448	67.9942	66.9907	56.3626	73.5208	69.6243	68.8386	70.4933	70.2072	43.8801	41.3789	52.4497	69.6702	47.889	46.8253	66.3699	66.969	61.9225	72.3666	67.6752	41.2511	63.3923	69.1056	65.5097	68.385	62.4294	61.3153	64.25	62.9327	49.2959	19.2191	64.3621	68.8135	67.4597	70.4525	46.6663	62.0355	72.7728	56.2868	60.8475	49.0622	67.265	43.0425	67.4181	64.1131	59.4294	61.2699	70.5272	72.3239	74.6076	72.1689	42.3912	24.6321	12.4817	1.16522	12.4804	28.2243	44.7882	67.0209	66.9208	69.4751	63.5944	49.5947	35.8902	55.2174	61.6063	66.0757	69.3208	65.2278	64.9693	63.1528	64.3209	63.4283	59.2359	58.6863	59.3261	73.1854	54.4156	64.6625	65.4565	74.0776	70.8674	57.4695	60.7756	55.0379	56.7344	51.2819	61.5528	54.2375	57.2649	63.5138	45.3539	61.7242	58.1966	68.1587	70.7712	65.2651	44.3751	64.4119	48.1697	55.3755	32.1183	37.6678	62.0549	64.804	59.8589	57.6513	51.3233	58.2692	55.8989	37.0378	25.6278	48.5336	34.7588	53.484	55.4068	45.3302	37.4274	37.6869	34.3483	32.5647	51.1356	63.042	60.7648	67.299	67.7023	62.2756	69.9606	67.3478	66.2743	60.6936	63.6645	73.0412	76.9914	76.6135	59.7372	65.8304	75.1505	67.1414	56.3095	38.27	46.2762	66.3469	74.9168	65.6615	67.9795	71.163	66.0423	18.7966	55.8741	60.0541	44.8438	43.9908	33.8579	39.3208	34.1421	38.8867	49.2881	61.4704	61.9766	58.3085	65.4492	11.7973	57.1966	64.6373	62.4383	64.9843	60.4645	64.341	66.8029	70.3781	74.6859	56.135	51.8028	66.1654	58.644	16.3392	59.8288	69.1916	52.8296	61.6212	75.6161	73.0574	50.3321	47.6801	49.0861	56.1928	22.3754	44.3653	45.7733	55.9203	49.0541	43.3716	62.6877	57.6823	52.8625	66.7387	67.9714	57.0196	47.4205	70.6311	69.4018	69.5138	69.4974	59.3425	67.882	17.6295	68.5075	69.232	72.2741	50.8935	70.4624	70.8759	70.6788	72.3543	77.0396	75.9273	73.8822	76.1876	74.8785	56.913	63.1281	75.0082	75.4753	71.0061	52.8583	43.7828	20.2171	44.0796	68.1793	73.51	76.1314	74.5768
60.5465	66.408	59.6957	51.9483	69.5718	72.4442	68.8194	58.7228	60.0045	50.4233	19.4823	55.2676	63.8912	64.6575	61.4447	58.8697	68.2503	55.781	60.9976	43.1565	65.3565	51.5772	71.6293	33.759	73.4598	66.037	39.3516	64.7634	53.7036	57.8587	61.139	66.6475	68.875	43.6521	63.8239	68.9527	59.7734	50.3064	60.5297	41.5589	33.7101	61.5283	66.1466	22.6208	60.9309	64.0381	63.4314	71.0416	61.6059	61.3487	62.4972	60.7997	70.531	74.0992	72.4223	68.8086	69.1661	67.08	53.2264	52.6671	74.1215	74.1756	72.277	67.7652	72.7581	68.7218	63.5225	59.4174	68.3412	64.4615	70.6683	72.3293	70.9098	62.1453	18.125	5.0955	3.74438	16.2683	39.6678	54.2495	59.5582	73.2768	73.068	71.3391	71.9214	70.3477	67.6243	56.7193	39.8789	59.958	72.3534	69.223	63.4702	58.4501	32.5206	69.3447	73.0587	70.8008	72.3618	76.3874	65.8108	55.3468	66.6993	75.6913	75.0593	67.2102	66.3006	69.9798	74.3166	72.879	57.8145	31.6379	47.2155	56.4002	32.6436	48.681	13.3214	24.1935	58.5941	68.315	70.3773	63.1795	45.7097	51.7375	56.6606	51.326	34.251	67.5103	63.7298	38.2738	30.9014	20.9095	26.3134	24.1112	38.2766	26.5241	64.6244	64.8148	28.7474	40.7583	42.7214	44.3117	48.9719	60.2805	67.7694	67.31	58.0114	47.8698	44.6618	43.5304	65.0054	72.6514	74.4593	75.4851	75.5462	71.5286	64.6228	56.5176	39.2088	68.2368	75.0324	63.8694	49.196	32.2924	57.4863	58.2994	66.6216	69.6139	69.792	71.8491	73.7656	71.0091	53.1054	48.9121	57.009	57.2722	53.1567	58.489	59.5612	60.0048	61.5251	64.6409	69.4314	69.7239	65.2736	35.6517	61.0059	57.6274	63.7827	73.7796	75.9401	73.606	62.928	64.7538	72.3854	68.8068	64.4563	69.4353	69.6008	74.2719	75.5165	77.087	58.5272	70.2428	68.7364	66.3216	64.599	43.2773	14.8529	30.6234	26.1738	34.017	61.9823	53.4032	52.3402	59.1858	60.0736	69.5904	63.1873	62.2897	66.1354	72.9785	75.8201	74.743	71.144	65.3139	50.2028	60.2146	58.0999	60.1079	58.1077	45.1458	63.2657	64.7365	56.2365	70.6086	68.9126	51.6241	69.4364	68.8617	67.4595	71.4229	74.9349	73.1656	36.2377	48.0049	43.0935	69.6663	72.896	75.7689	78.5236	77.3712	71.7021	74.1437	75.0618	67.9841
63.4474	71.3588	66.2099	41.5451	50.4432	69.0813	71.1968	58.7352	62.3288	65.7657	39.6228	58.5593	64.0631	65.5492	60.6488	71.7004	71.4672	50.9473	69.967	68.929	64.6927	63.292	70.2436	45.1788	75.2366	60.0145	71.0196	70.9558	64.4908	56.891	45.0259	64.1031	72.4743	57.3834	58.824	63.2869	70.5929	71.4189	55.7485	33.2708	33.4789	49.9608	69.9319	12.4147	68.2814	71.0374	69.5316	71.9782	58.5827	66.6876	70.0761	66.5966	53.5152	67.8836	74.3355	75.6851	74.3495	68.2853	64.0073	63.643	72.5363	75.9626	74.39	71.3987	73.6854	75.2714	72.6479	62.5215	73.3143	69.4076	57.9918	57.3513	50.6368	29.0807	1.40001	12.3136	34.3654	44.3088	51.8679	64.0253	68.5397	73.6245	73.1419	66.427	72.4976	73.0647	72.448	69.0567	65.9435	52.5381	65.4601	70.1902	65.2819	65.7862	66.7172	65.4905	72.2591	74.0698	74.2869	78.7406	75.802	13.6411	61.2686	75.0142	75.7512	70.3544	72.3779	74.7231	75.5872	76.0515	74.8797	70.9952	63.8114	62.5578	59.3465	56.9337	48.9371	47.6232	33.3603	9.50391	51.8672	32.3399	21.27	26.7057	51.1652	63.5003	59.4542	47.7552	59.9721	51.5855	56.9052	53.9547	23.7623	16.877	33.1011	52.7529	56.2391	60.5958	57.9945	35.4012	20.2091	52.8967	61.5336	66.5197	55.2251	12.6232	43.3546	63.0836	65.5518	60.8842	33.9433	28.6416	38.0455	15.9948	30.1184	33.8244	48.4623	50.2778	54.4351	62.2416	73.3871	67.9053	41.2337	59.6271	49.7349	63.1862	66.8445	63.9422	59.2226	63.6786	68.1674	73.5403	65.5511	16.7561	43.3225	50.9769	48.3812	54.8079	56.0099	44.9943	30.0075	26.9422	36.7387	47.1123	49.7029	51.7123	66.2227	69.3002	69.9899	67.4452	57.5009	23.7164	39.7999	55.6366	54.1948	70.5022	64.9586	59.5671	65.6463	74.1676	77.5789	72.6811	68.1989	76.8834	67.9885	50.1461	42.0674	51.6954	26.908	55.4433	58.6353	59.529	67.5164	61.7023	69.2682	52.3254	48.9662	56.0853	60.8772	71.7163	73.4498	70.6133	64.1291	47.6668	30.5194	17.7181	28.6754	29.516	46.3441	41.7639	48.7713	67.0371	62.0025	35.8171	52.4203	42.216	68.8084	71.6716	70.4293	67.1557	64.612	63.9944	76.1678	75.7329	9.35438	71.1347	77.8957	78.8301	77.2533	76.0361	78.5821	78.7055	72.5425	74.924	73.0926	61.8387
67.4217	71.3015	57.9226	57.9019	66.7456	70.6926	68.5875	36.2767	58.5246	69.4717	45.703	43.7163	39.9021	43.5217	58.4934	71.6667	71.6177	56.2439	69.9009	74.1627	48.1562	63.9846	65.6547	54.5742	73.6207	62.5172	69.7175	65.4898	69.4918	70.8226	64.0786	69.4378	71.735	38.4302	53.3297	55.6889	75.0858	74.6157	23.6941	64.2543	56.3099	66.1788	70.3028	43.0941	68.933	71.2073	69.2232	72.1686	54.2744	60.8209	71.0741	70.332	61.8138	59.5412	51.0967	52.1128	48.6941	36.4665	43.8389	49.4362	39.8406	57.8138	60.4807	63.5624	66.3862	67.5326	69.7488	71.3217	73.0143	64.086	12.7536	5.92436	0.868287	4.75791	10.281	25.7683	52.8874	55.6547	47.9629	61.8286	62.6301	67.8492	71.5822	58.5509	68.1949	70.9976	72.1965	68.5253	65.6595	65.0603	49.8499	70.5917	69.5916	68.4933	71.8223	71.5301	55.5347	70.0394	69.0897	77.2732	76.9235	66.5235	24.6713	66.8587	73.6812	68.544	62.7809	50.8289	65.2215	57.6602	65.4048	69.6928	58.0328	60.6321	59.4335	45.913	32.2315	40.7013	50.5707	57.2807	44.3652	43.0465	21.3398	50.9384	24.2208	49.1189	68.8052	60.6986	60.366	61.7494	60.8715	63.2205	58.3543	54.9339	51.3854	61.2417	65.7348	50.4131	29.9213	49.3256	53.5862	58.1528	43.8996	17.1097	54.2089	55.6894	59.5594	70.1541	65.1448	69.1642	46.4642	62.2717	72.0136	68.6005	59.4481	40.0699	42.2905	30.4892	50.8217	49.2509	68.8548	70.498	12.2433	57.9009	27.4299	42.3458	57.6227	63.3097	65.3717	69.4259	73.5583	73.0323	51.218	57.5596	62.5836	56.1876	37.8515	47.2099	62.2626	68.8613	72.0488	72.5618	71.948	71.3535	67.2142	42.5682	28.7968	57.1674	55.9133	68.3597	72.1761	68.1474	65.7179	32.414	61.0517	63.8875	64.3841	34.4967	72.9788	71.8192	55.0651	51.0112	76.4643	76.2001	63.7533	53.2173	57.9046	49.7011	38.1938	61.9233	65.1468	67.9735	50.3454	71.7114	69.5766	30.0062	61.0045	53.3915	54.5004	52.0437	34.2344	59.9868	68.1087	70.5294	73.4806	73.6216	71.3392	67.217	60.6666	39.3395	53.067	47.2149	54.259	56.8273	45.4963	69.835	77.1704	75.6765	73.8472	73.9598	72.7431	71.6798	76.6975	70.2609	49.9062	70.1791	75.7775	65.4517	72.8361	68.0938	73.6388	71.8273	72.2781	74.8955	70.6622	66.2466
68.6876	72.4513	56.9125	56.6369	61.4562	71.8029	71.9855	66.6839	68.2358	65.5713	20.9335	65.8548	68.1055	68.4018	66.2544	67.413	67.7595	40.2554	67.1558	72.4338	53.4371	50.1475	60.4665	63.6154	71.6217	69.0608	62.8355	47.0558	62.508	64.6375	69.5049	72.3091	65.0878	41.2447	63.5732	61.6903	76.1571	72.1048	51.9189	69.0191	61.4098	66.4495	55.3544	52.2751	59.5435	67.4231	69.0935	73.6114	65.5172	47.5391	72.4234	71.8232	57.0729	56.3775	60.5392	61.514	54.2655	51.9524	57.4092	62.5255	48.6813	22.5777	38.9111	51.1317	58.0511	59.091	62.3829	65.707	62.6587	43.009	4.54873	0.245591	6.56992	13.1021	22.3708	41.7353	63.233	63.4827	59.7518	36.1309	64.2366	70.7693	71.5959	51.9915	40.3873	58.6041	70.0045	71.7238	68.0538	69.5723	61.9855	71.3929	73.6935	71.2459	72.6894	70.3362	37.9439	68.134	70.231	72.4681	73.082	71.7402	64.8237	33.1365	67.1869	67.3599	59.8986	61.1357	57.8122	62.367	66.3562	70.092	59.8042	64.9225	61.919	51.6058	52.1144	56.1349	60.4991	59.3504	55.7467	44.5804	23.3172	40.9893	40.6398	54.7605	70.6803	65.7166	47.1784	40.3158	63.1631	60.3468	48.8873	33.7005	24.3271	49.9303	54.5519	46.2687	11.9845	60.4531	60.4157	46.8933	41.2169	64.9556	62.3739	43.4543	51.4023	69.3058	65.8165	72.2756	45.157	70.1496	58.5536	58.3315	60.9081	29.713	55.4988	53.4806	41.5622	48.8285	63.7946	65.4454	32.838	58.9935	49.0348	52.2609	64.4883	67.8747	69.9647	71.7215	71.5764	57.8682	55.4006	68.7099	67.9361	65.3358	44.2753	54.7681	64.3401	73.0215	76.7531	77.1499	76.0566	76.214	76.7935	71.0738	57.4433	39.5567	29.6189	74.1317	74.6727	40.0042	9.75419	66.8592	72.434	69.0526	72.0765	51.4289	74.9686	74.3248	45.034	74.7477	78.044	75.2361	62.4005	21.8678	19.1795	9.64777	65.8212	71.3225	68.5802	63.7268	53.513	68.6177	62.1638	55.2933	53.2484	29.9602	46.8676	71.1805	71.1731	72.7121	72.4291	75.1008	75.2149	70.7598	61.3604	52.3814	53.5183	33.0506	53.2674	47.479	59.5582	67.4927	68.5875	72.9095	77.3381	75.5657	72.667	74.1137	74.756	74.3372	70.4084	40.5177	67.836	42.5484	76.0385	76.5308	67.3725	73.7929	74.3032	68.8503	72.5871	75.9345	72.2905	72.4138
66.9784	72.6388	63.5133	41.5781	63.1733	68.646	66.3702	58.4946	62.4101	46.9529	57.0092	69.284	68.6303	71.0036	71.4009	69.4147	67.7322	54.6727	69.7109	72.8868	62.3666	45.9349	43.9412	58.2022	70.9054	69.2083	59.8874	34.6788	65.4055	44.1379	63.443	65.4879	32.9244	64.6173	67.6066	64.3777	73.666	61.0905	64.046	65.5034	62.8615	54.9439	28.7071	62.0571	59.9884	65.6975	67.0495	67.4423	65.59	54.456	68.1705	71.3765	64.499	66.4401	66.7438	65.6299	60.7901	60.332	60.6408	67.0031	64.1032	34.0838	19.6294	27.7246	34.1312	36.3176	36.6506	35.0312	26.0477	10.4792	1.32213	4.85024	14.5604	21.849	35.7071	54.2485	65.5245	67.0604	64.1309	60.5097	41.4315	71.7623	73.4829	69.3402	66.3294	60.6625	22.6427	66.9557	69.4694	69.9083	68.3952	60.5824	75.2322	68.5685	61.4393	60.6093	32.9977	70.562	70.8642	63.4271	68.8299	72.6118	69.1555	58.2208	15.757	57.9281	67.7017	67.5975	68.6532	63.9345	69.4638	68.4609	64.267	63.1222	58.7041	59.382	60.0243	55.2927	57.8665	60.5545	63.1916	60.7247	52.5812	30.6273	31.7907	40.5819	70.6525	62.6665	61.7104	70.8066	67.909	55.3772	59.4868	63.3538	54.0266	51.3631	59.1609	47.7642	40.408	56.0288	45.9106	55.1363	54.3993	60.6551	45.0281	36.456	50.972	65.9481	71.2239	67.7207	68.4778	67.3098	47.2787	65.6873	43.3141	69.5817	68.0914	51.7308	46.085	52.2317	59.7894	56.7795	16.4333	53.2633	52.0219	62.631	70.0011	68.9289	59.1226	58.8108	62.361	1.43154	68.8987	57.0382	64.7276	60.7798	48.3048	53.5076	55.4596	68.8529	69.8972	68.7707	71.1789	71.635	76.6361	73.3848	71.4316	72.047	60.4479	67.1676	75.9365	68.4727	69.6481	76.3829	73.6554	73.2574	76.3986	75.5932	75.5771	69.9806	67.2521	75.4173	74.6898	71.1055	31.8526	44.412	59.7592	66.4413	72.9513	72.575	67.5884	69.6144	73.4344	50.1276	51.3022	61.6695	34.7566	25.0689	58.2515	60.4241	69.3972	67.9833	70.6196	73.8991	73.1893	70.3525	73.6699	70.1545	64.6456	50.254	73.0083	74.6612	76.3389	77.4756	74.9421	62.8241	78.067	76.9447	70.8981	72.3579	68.6747	57.6614	29.2264	73.4172	74.9282	73.3709	63.588	79.813	72.05	70.8905	74.2112	72.3847	72.81	75.9488	69.1545	65.0638
61.9181	67.7032	66.4854	12.4461	65.0407	72.8749	70.8754	46.3982	49.6319	29.0236	62.9076	68.0331	66.7301	61.2183	59.529	68.558	69.1816	52.5493	70.6313	72.0866	61.4371	60.449	62.0934	34.7673	60.2905	67.0953	65.5528	64.6429	59.4548	62.0975	47.7991	29.0557	57.3917	69.1917	68.3711	67.3396	62.1023	43.4979	66.1281	64.4409	66.6592	41.922	63.2395	69.9015	67.8395	70.2972	68.7447	22.5198	61.4381	66.3047	35.717	65.6047	66.6835	67.5999	69.6215	68.0538	64.8657	65.9311	66.906	70.1553	69.2756	52.8798	9.2525	10.5755	11.9821	11.6241	9.91902	4.95947	1.77006	0.694452	5.4354	25.5843	38.2811	34.8142	46.8381	62.112	66.5344	71.5168	65.0331	72.5178	47.9679	60.0651	68.2574	68.9921	69.8377	71.349	68.1823	35.3196	53.431	63.9117	71.9409	26.1857	72.3437	73.8109	73.6075	72.9108	36.7557	68.9205	74.2458	68.0269	66.3876	70.729	63.7666	65.779	63.4884	16.5319	60.3615	67.9749	65.3147	63.2799	67.5291	63.5656	62.4858	65.2739	61.263	62.6314	61.8243	48.2276	57.3154	61.9637	62.4934	65.4675	63.1364	16.7244	54.5737	59.911	71.0286	54.4051	69.6198	72.2586	42.2748	14.4556	57.04	43.2718	58.4554	48.8863	60.0223	10.6029	59.6474	20.6585	46.5241	65.3134	25.0071	64.1087	11.1232	38.3419	49.9041	57.7286	70.8048	52.4127	71.0167	47.7266	68.4988	48.8023	70.1426	62.9456	65.567	35.9626	55.5408	45.5177	55.7345	54.716	27.7372	51.6016	31.9504	36.7482	69.3616	69.6497	62.6939	63.3525	60.0611	39.9001	72.2707	17.2489	72.2377	24.4839	68.5657	71.4074	62.9442	66.3374	74.2737	56.1782	64.094	60.5814	74.0419	69.6881	70.2108	72.2182	73.0296	27.8367	70.3898	73.895	75.0096	74.2613	64.8443	65.6921	74.4118	77.1635	74.919	60.3392	70.8006	74.5523	75.1986	75.9001	58.7052	58.2799	57.2085	68.642	73.3989	73.0985	58.4234	75.8228	74.1004	65.7755	73.9567	69.467	60.3755	41.2624	63.1234	66.2996	63.4006	67.3355	73.736	68.054	56.5131	75.1507	77.2327	57.2672	60.6409	66.5704	74.1966	69.6496	68.0828	73.2589	74.8342	69.6399	77.2428	78.7809	71.2588	41.699	54.8065	64.9385	72.7723	78.6177	75.1659	75.7316	67.8697	76.6869	78.3939	55.4824	59.8357	62.8937	71.1108	72.9641	28.9946	72.1553
65.3242	65.3351	65.6621	40.4273	55.5265	71.3034	73.1732	66.5809	58.7804	13.4243	61.3516	61.3367	66.7708	70.773	72.2347	70.2974	57.34	59.4442	72.7214	70.1759	54.104	39.8896	50.9385	58.8187	37.8906	28.8604	51.6873	68.7069	65.9787	65.3749	29.6957	43.4868	71.9073	73.5347	70.3276	69.0435	17.8638	66.3404	71.2229	71.8314	69.7032	48.5	71.5008	66.65	61.5138	62.3894	42.3899	65.1254	66.6584	71.6139	64.9753	32.8026	40.299	60.4118	69.6686	71.0282	70.0447	68.5752	69.8625	73.5717	71.0515	54.484	12.4452	10.5868	8.96853	3.6859	2.26241	1.63738	1.21505	7.32522	20.8175	50.8085	55.1181	50.2349	47.2531	62.9947	66.8091	72.8722	56.8243	72.971	58.9248	46.7599	42.1403	52.7752	59.2751	67.5602	72.9386	68.3748	46.5141	47.1358	72.8674	66.4475	46.6648	62.0947	69.1649	74.3103	67.2121	47.8117	72.9705	70.7317	69.2736	67.0347	61.2851	68.2537	71.514	68.3553	50.9167	2.35998	48.6099	63.8199	65.7896	61.4668	62.9662	66.175	64.8896	63.1914	65.8896	54.9744	61.8895	56.928	46.9478	72.7265	66.8498	56.547	67.2975	65.8672	66.1689	27.0581	68.9267	72.4349	37.7139	12.9557	59.1883	16.497	54.2539	38.0964	54.367	41.1992	59.935	23.0628	52.8601	65.8392	50.9445	66.7789	51.6609	33.7033	45.6151	35.9406	65.8668	39.1754	64.374	35.2277	67.0564	50.824	72.0969	55.1192	67.3254	41.5815	59.097	48.0669	55.635	56.5806	58.1709	68.9909	68.7344	69.2431	71.6589	72.5346	67.5324	66.011	54.3411	48.2	71.6347	30.108	72.2828	38.0234	72.2259	65.8701	70.2686	62.6682	73.6136	65.4986	45.5139	61.9291	70.4319	57.5388	46.5175	59.8622	67.8508	59.8065	50.7647	66.1822	63.1376	22.0572	56.9386	59.8084	27.3738	37.3784	54.2368	53.9279	68.9804	74.5474	77.4037	78.2459	70.1287	70.1837	66.6184	67.4138	72.348	70.4521	54.9515	75.7399	69.9665	75.9792	69.5204	74.0079	63.8935	63.2142	63.3725	68.8944	67.0442	72.3781	74.8469	60.248	67.6418	76.7929	72.7038	71.6894	76.6297	73.886	69.8968	67.6042	68.7915	67.7327	66.6269	75.7029	78.6563	79.0395	59.7389	68.1032	75.8419	72.0042	71.538	79.3444	71.5215	72.6632	74.2082	64.1254	78.5526	75.0342	74.9159	53.8455	63.0922	55.8589	67.6278	75.6337
66.8035	69.3182	64.0888	19.152	62.2086	65.075	68.3329	69.3572	65.4325	22.9305	63.6971	59.528	54.1224	60.7413	73.5038	76.2701	40.4405	67.3652	72.5629	70.1984	56.3282	42.8645	42.3211	46.4979	61.4828	63.7293	47.4397	45.5262	59.9729	53.5429	31.1419	59.721	72.2619	71.5315	62.8506	47.3984	61.2545	68.1291	57.102	62.082	56.8842	59.8567	72.1876	66.6007	67.8384	55.7637	63.8992	72.2387	66.6844	70.5564	71.9001	70.3488	63.0767	38.8409	44.5289	48.5133	60.0169	63.2259	75.1235	77.9444	70.6505	44.5683	10.9789	7.05597	3.83688	1.74402	1.76973	1.8447	4.75549	22.3217	43.1126	61.9165	62.4567	62.0561	48.9655	55.9058	66.3935	72.5499	28.6689	69.1421	50.5272	54.3362	47.5955	46.3235	32.5499	57.0112	67.8751	69.1713	66.7046	55.6082	70.2891	72.902	61.9378	54.3657	63.7044	71.9253	70.3579	49.0869	57.4308	74.0745	74.2271	62.7764	67.7992	67.8768	70.264	71.8455	70.9444	66.2593	28.5277	52.3404	59.7447	56.2057	60.8541	63.1035	60.4724	61.4725	64.7451	57.6669	53.5461	40.2151	48.8166	72.9369	70.4403	65.8725	71.0486	64.2229	52.6006	42.5459	65.897	68.8413	52.2002	27.9761	51.33	35.3689	42.6743	24.9444	53.9233	58.4074	44.6314	34.2724	60.2444	62.6062	68.0879	60.287	66.5684	42.2619	38.8627	35.727	52.125	52.8855	51.9644	57.2001	51.1395	64.9132	58.9262	65.6941	58.2678	62.321	58.4624	52.1159	46.3248	52.8978	63.7216	71.2054	54.0414	62.8641	71.016	72.6302	65.5404	49.4023	27.9392	59.0615	67.3664	24.1832	68.4951	35.1739	71.7761	63.457	61.0901	63.9272	61.9956	68.7709	33.7451	55.5084	68.8057	65.034	57.2237	56.8729	56.6122	66.4808	56.5071	36.6281	57.1716	66.1118	62.709	64.4062	62.4416	62.1311	55.058	20.2954	61.5784	70.2598	77.1546	78.871	67.1626	74.7141	73.8782	71.893	73.2351	59.6649	68.8249	67.8039	70.904	69.5423	62.2502	73.4917	57.4011	71.7772	68.9439	68.6208	70.0871	68.2705	66.8748	57.9644	74.15	75.4889	75.2589	77.5758	76.2411	75.5996	75.0346	73.0418	65.3293	69.8066	64.3251	74.0013	77.6973	72.0487	58.5465	77.9255	74.4495	71.5211	65.5767	79.5005	55.4953	71.7798	76.6405	11.5443	73.4884	68.6589	70.0984	74.6705	63.3344	68.0556	73.1516	68.1053
70.992	72.1972	58.128	61.9764	63.4773	65.9796	73.0259	72.9781	64.1237	31.8211	64.375	65.2814	58.8439	60.3963	71.4802	77.3661	65.698	63.82	68.7767	69.4423	65.0455	67.4093	69.0796	66.1418	58.1636	61.1753	63.6511	44.7928	28.2249	18.8178	48.7806	60.0816	69.9508	71.8845	60.4671	53.6535	73.101	70.54	60.3947	64.4542	54.2378	63.3384	70.2649	66.9667	70.9294	60.3971	74.2614	73.5682	70.5096	71.4228	73.0966	73.9051	76.5921	78.4907	78.2073	75.8749	74.3948	74.3663	76.2342	78.5114	69.5041	27.6142	6.90295	3.60712	2.35956	2.43475	4.11859	15.0975	42.3842	54.8593	55.8481	64.3614	70.1116	71.6989	72.7119	60.21	51.0052	72.4743	59.2112	69.5845	74.1963	71.4686	67.9422	69.9381	67.7514	62.7204	66.3131	68.8585	70.5775	65.5152	63.076	74.3024	72.2694	71.4788	68.7571	67.2965	55.5538	63.2203	56.1993	67.4438	74.8375	75.0251	75.5022	73.2684	68.5139	60.2812	53.7799	60.7338	64.2544	61.7238	53.4417	20.2569	43.9491	60.1271	63.69	65.806	65.533	65.5239	54.3714	49.6275	65.1166	75.5761	78.0119	76.6403	75.1916	64.709	48.7188	63.0133	52.1687	62.9758	71.4515	68.5634	67.8279	70.8764	71.1223	64.1411	45.9518	1.76952	17.5914	41.2288	58.7505	55.0979	69.614	50.5505	65.1559	56.7198	21.7754	49.0413	28.4561	61.1272	41.1541	66.0466	21.1551	65.5313	24.3076	58.2103	44.7626	50.9164	47.9887	63.3271	61.2607	67.3052	69.343	71.9604	66.8391	60.4716	61.6901	57.3613	56.3686	69.4618	70.0208	70.2981	71.2782	63.1616	67.5011	45.129	65.5486	72.7051	55.1629	62.4744	44.8277	56.7224	55.607	29.5347	67.933	70.1048	58.2403	56.1366	49.7324	59.9182	60.5358	72.6689	72.0507	62.7547	54.2782	67.0233	73.5086	73.8624	73.9333	70.0986	57.9746	24.286	72.4512	79.3523	76.6869	79.4516	79.1997	78.2336	75.9634	69.168	75.1766	74.4275	71.3417	61.045	72.6519	67.6902	73.8079	77.9252	78.7218	79.1265	78.2941	75.291	68.3845	63.4145	75.4236	78.6727	80.3592	79.969	77.0464	75.3941	77.6739	79.2075	79.3579	78.2426	77.0587	71.4766	39.9513	56.9982	77.6499	80.5368	76.694	77.7177	69.5453	75.6695	58.5184	66.0488	79.2589	75.8363	63.4725	71.2299	71.136	77.391	63.1211	72.8237	74.0937	74.1211
71.3748	63.9714	62.3895	68.1008	61.2951	72.2687	74.1841	64.1498	49.3488	26.902	54.4894	60.0057	63.1889	63.3124	68.2746	75.5664	67.7347	37.2441	64.0629	65.701	60.6475	61.705	62.1878	59.9227	58.2186	59.1392	64.412	54.9804	14.3035	16.1771	46.9038	57.0609	69.7333	71.5388	53.5698	52.3437	73.0085	66.7721	62.9472	63.6144	51.837	60.9343	68.47	68.4322	69.3469	63.6821	72.3292	65.4238	62.6699	62.8113	66.6278	64.8459	68.9919	74.386	74.9235	75.0718	75.668	75.8293	73.1198	76.0726	67.4649	13.1196	3.4147	2.1943	1.552	2.64159	10.3062	26.4184	54.9881	53.9756	41.6848	61.3071	73.467	64.0846	70.2146	63.1419	32.8322	71.5773	74.8262	69.6996	71.9067	69.8252	61.5065	64.9408	63.737	59.4065	64.0869	64.4749	67.8916	67.8601	44.7622	66.3092	61.9972	62.3884	60.067	61.0193	27.8141	38.3408	64.8164	20.2357	62.4562	69.5279	69.5346	73.805	73.5542	64.5213	49.7076	10.7417	55.8853	61.5788	49.8669	30.5857	32.7722	41.0461	56.1416	63.0737	54.7396	54.4446	56.6802	49.3536	58.9072	66.9849	73.3436	72.9542	68.7766	48.2128	66.1024	62.2812	33.8983	63.4778	71.6058	72.3004	71.7654	72.4764	70.2041	61.8238	63.1953	48.6112	39.8184	33.2684	56.1379	36.3541	59.3043	49.7402	36.7067	59.8716	36.0672	36.5266	37.3213	57.1443	15.2535	70.3327	41.4736	63.7949	58.0666	8.79691	52.8309	49.3512	68.7426	66.3838	63.5262	65.238	69.5126	71.9449	66.8035	49.4771	49.0862	36.235	66.0246	68.4959	63.8885	62.3807	65.9158	64.0252	67.766	45.6672	61.5377	73.2921	61.0937	39.3111	51.208	9.17785	46.7632	37.2942	62.3349	71.6424	61.7086	61.6572	63.9785	46.968	54.9816	70.6788	58.3741	45.339	58.1986	69.6938	72.2842	69.8865	71.2232	70.1167	66.7321	67.3783	41.1521	75.0012	73.8822	76.4247	72.9048	71.5935	68.3249	64.8508	71.8377	71.9554	59.4197	61.7178	71.2911	62.8143	72.3763	75.5405	75.2191	75.3033	76.0152	74.2004	66.395	55.4242	65.2169	72.7584	74.9637	73.4026	71.5676	65.4927	73.692	74.3296	74.8967	76.1875	73.5556	47.7028	64.0792	65.6879	77.0077	80.2042	69.4794	74.8185	68.6109	55.7571	70.5164	64.1932	75.692	79.0278	39.1556	70.6239	73.8123	78.5252	69.4435	67.6546	67.9652	66.5613
72.823	64.6814	60.7316	67.7157	58.6888	76.0311	75.2425	49.9981	40.2337	26.9126	47.9678	45.1093	53.5902	59.3732	67.4023	74.0417	64.106	48.5704	64.2495	60.1122	49.8136	52.3944	54.4626	52.8902	57.118	63.5935	65.8513	59.4539	26.6371	18.0665	43.4108	53.1787	69.1611	71.4126	57.9583	37.6833	72.5533	65.7922	29.9681	43.5923	32.9176	55.3402	66.4813	67.6646	65.6523	60.5951	66.5868	44.3488	38.9078	38.963	58.5598	51.6211	54.0691	54.2791	47.3703	55.605	59.497	58.9014	61.9829	71.4389	60.4892	1.09744	1.93942	12.559	33.6571	45.162	45.9443	48.6558	63.3878	53.8307	40.0806	58.2249	75.0636	58.1109	62.9547	62.4382	43.5926	69.427	77.9002	65.6477	56.3681	64.0208	40.5485	57.5886	55.882	51.5963	60.8385	63.1347	67.9603	69.4263	38.4172	56.4219	27.1694	41.8639	37.0245	48.4258	36.3078	51.1215	52.9591	47.4537	8.66036	33.9082	53.2551	72.7808	75.791	64.5833	44.5543	61.6045	59.3975	59.5257	61.84	58.8517	60.2677	55.8822	26.1374	54.6572	34.8538	36.5873	56.3594	51.1637	40.7543	32.1947	41.075	33.4163	20.4453	48.7824	66.5395	60.4001	52.7955	26.1464	45.9807	42.0027	22.9836	41.7288	46.1724	56.8401	67.2859	55.0692	41.5716	37.8855	55.5291	30.3631	38.3285	34.2386	42.5644	49.7917	44.825	21.9365	26.9585	50.3599	18.4259	70.8691	55.9215	67.2376	62.71	57.3747	11.7124	69.1084	65.7462	22.5703	38.0814	54.7634	64.87	66.4304	55.1189	40.9394	50.2721	40.4835	63.521	27.8267	49.3982	44.0008	53.5884	64.7741	67.243	36.4531	60.3722	71.9541	63.4792	10.1446	50.0466	45.1475	26.1065	46.5993	49.8369	70.6126	66.6626	68.3801	65.8433	25.2488	69.9197	63.6038	43.4576	48.3457	56.6903	61.7941	29.0074	56.1437	67.4275	61.9318	53.175	72.0713	38.1585	62.1389	53.0073	58.4726	60.4661	59.7297	51.7697	4.7102	43.9319	62.6155	64.0131	67.9552	72.3115	63.3802	69.2516	72.3687	66.6625	61.0262	57.0816	26.5436	43.6205	50.6389	53.7512	54.8051	54.2934	56.4636	69.1991	62.7492	72.1009	67.2077	50.934	26.4753	30.0071	50.1516	72.7535	63.1076	73.6266	79.6751	45.5823	66.8469	72.0948	46.7496	73.0177	72.5715	61.4598	79.0525	64.7631	59.2897	71.8106	79.1773	74.7589	51.4305	61.9516	53.3348
75.1502	75.7094	50.8363	68.1818	65.8401	76.1407	74.0155	47.4362	38.3237	21.9724	55.2959	58.0703	59.4002	61.1277	72.2674	72.6149	28.4628	66.6025	70.2294	68.2938	68.6479	69.8503	69.3107	60.0617	8.18765	61.8962	69.8611	66.294	35.8072	17.6912	40.6225	51.9036	67.3562	71.1036	66.2843	26.1334	71.7812	71.5715	43.5657	41.9653	29.5157	53.2808	67.2334	65.4041	58.8814	56.84	66.0476	51.6974	51.6123	51.4146	62.7936	57.3049	64.9015	65.2128	63.6578	66.4053	69.2389	68.8574	69.6739	67.0288	44.4936	1.16388	2.02271	39.8869	63.0212	66.566	64.7788	63.6161	71.255	66.5619	62.4205	51.7715	73.5559	66.8824	59.1681	68.7113	62.5501	62.9512	78.6646	71.4472	62.5092	66.174	62.9576	68.9773	69.6273	71.0939	72.0669	70.2633	68.354	72.5328	58.8238	64.812	52.2402	59.5425	56.4736	48.7282	41.5346	61.3672	20.6438	56.3698	25.7762	55.1952	63.2684	68.6376	72.2054	61.8178	58.2713	70.1833	72.3095	73.7782	73.5075	71.4804	73.2216	73.2106	56.9721	30.1934	39.2423	36.859	43.0947	20.5865	15.8396	33.552	30.2255	10.0509	8.02829	43.8316	58.6775	53.4994	24.369	45.0587	61.3235	51.5579	43.297	63.5023	65.6225	53.0023	43.1957	59.9917	48.8565	53.807	50.9148	40.5675	15.0847	38.4033	44.6515	47.3279	33.3059	28.0736	25.5215	43.4755	39.4699	68.8106	51.086	70.7888	36.6195	51.8564	66.075	65.1052	42.9842	52.279	56.5726	63.187	58.6805	40.4936	39.7224	47.5004	56.2391	26.2031	68.8996	46.5741	45.7294	29.0486	28.8183	63.9126	56.595	34.3398	51.9758	71.208	66.5951	27.6467	44.6568	40.0082	41.8875	54.8173	62.746	69.3691	71.9075	70.9616	43.2307	68.9092	75.8034	66.5689	58.9651	60.8148	54.9688	57.2261	42.9051	60.1464	69.0466	66.9151	64.7999	74.0589	60.4731	49.9282	53.6167	69.0928	73.3188	73.6766	73.9289	65.9282	18.5834	57.7213	69.068	73.4276	76.996	76.4102	76.4235	75.48	70.5452	52.5682	24.7344	54.0283	48.2778	29.9056	25.7338	29.0807	11.1059	22.3949	63.0622	71.5267	73.1303	57.019	33.6493	66.6421	69.0411	54.4217	77.14	74.1784	69.4171	76.2214	66.6601	55.2588	74.9506	68.3901	72.8299	73.4529	65.5346	77.7027	70.2585	54.7992	62.9519	78.4064	77.8323	34.8581	58.2143	66.5871
77.0192	79.6156	71.6413	60.5126	63.8691	75.3481	73.5057	55.0952	43.6618	39.2102	69.8759	73.3159	73.9558	73.4454	75.9429	68.9887	54.4488	58.3329	59.9967	58.2486	59.9169	61.0041	63.9733	69.2409	72.8536	71.7466	72.1089	68.3736	31.3809	26.7678	45.6675	42.0604	56.5545	66.8579	68.3007	61.3575	65.7958	74.8736	67.474	61.186	39.6522	46.5329	68.4872	67.1748	59.7099	52.8151	68.2838	58.0498	51.0675	48.1167	63.1379	66.6694	69.1987	64.7044	63.1742	63.6561	61.8046	57.8605	54.2425	38.6451	11.5695	2.90593	14.7745	57.0723	69.2707	66.7702	70.2591	70.3697	74.0843	71.4254	73.2521	69.5926	69.5681	69.4522	47.7661	70.5557	74.4786	72.2306	77.1441	75.0428	66.7503	75.7604	75.9783	73.0308	72.573	74.8362	72.4227	68.9413	64.6593	69.3968	32.6145	66.7119	54.2203	30.4809	49.1035	46.3819	52.0845	67.7693	47.5546	55.6386	15.163	55.8598	51.5089	61.2576	65.6995	59.6989	61.9034	64.3167	66.5088	72.5608	75.8343	73.2504	65.7117	71.6266	63.3332	71.0523	73.5691	73.4695	74.708	75.853	75.7895	74.8762	72.8795	69.7748	64.5675	49.9821	60.7481	71.3741	74.86	75.5322	73.235	68.848	60.1149	59.786	52.9471	60.7941	63.8223	60.1811	55.7395	48.2521	41.8841	53.1118	38.9173	44.1571	30.454	26.7552	49.3659	58.4702	56.7671	49.6753	43.37	55.7648	61.7978	58.9146	61.2068	70.731	69.3799	25.732	41.2218	63.0188	46.5661	64.4308	70.3229	73.2341	75.5378	77.5688	78.2576	68.0953	63.0361	67.6997	50.8815	28.5954	41.6618	65.2399	69.6706	68.6189	47.9389	70.3451	68.6727	26.2189	59.3485	66.7281	67.3698	67.5321	71.237	72.9627	72.0854	51.7502	69.911	79.5012	78.0931	70.7393	66.9274	68.2136	63.1782	63.4992	65.4631	62.3876	65.8609	67.8014	71.2793	74.6833	72.9846	69.5678	73.5792	76.4998	78.2516	77.9869	78.7036	78.8358	76.4838	66.0854	47.9084	42.773	48.0365	49.8827	62.5914	30.5926	65.6253	72.6551	75.9612	77.8448	77.7056	76.48	76.6643	76.9374	78.8391	77.813	68.3184	50.9374	31.8552	66.1172	75.5849	78.8356	78.0747	70.6329	77.8645	75.4211	64.8963	70.6411	70.1874	64.1775	74.232	75.7378	73.3107	75.0939	71.2038	76.8488	72.9031	72.7925	73.945	74.1962	75.4911	67.3741	42.0796	70.4182
73.1249	77.5169	73.8657	63.4499	30.1727	76.8388	75.873	58.7378	48.3242	59.3398	74.3756	70.9998	59.6757	42.4367	67.3722	54.4933	53.2018	61.9049	69.5159	69.0571	62.7244	58.8547	50.1817	56.1091	70.3309	74.1486	71.3525	56.8642	13.8845	42.3351	60.5296	63.7807	62.2971	56.1139	65.0727	66.7303	29.7373	69.5005	69.5658	69.3626	57.519	28.4572	66.7462	69.535	68.8995	20.8735	62.6057	66.0669	66.8433	43.9928	54.2473	64.5245	62.4748	50.2824	46.3349	46.6668	40.6763	32.7086	21.9852	6.10819	1.93891	9.15522	37.1145	65.803	70.6702	65.4347	66.8852	71.5679	74.2931	71.8406	74.0943	74.3416	73.1292	71.4473	67.1424	70.7014	75.4513	75.7001	73.5949	76.4759	70.1957	75.8168	76.3789	71.3935	70.2665	69.9383	66.4089	63.5751	57.6438	45.4248	22.4007	55.5045	55.2499	42.0472	53.6797	37.7527	50.1136	64.4964	58.6227	52.1962	28.8064	55.1502	61.9908	67.6842	63.8629	69.8937	69.1071	56.2978	65.6839	64.9208	66.1746	70.6677	69.1498	70.3258	43.207	71.1557	74.9931	76.4676	76.5801	75.6019	75.0504	75.3773	74.6173	72.1293	70.1475	64.1651	65.2491	72.2621	63.1751	53.3817	57.1454	61.5518	65.4398	13.0125	62.0857	25.2696	49.8652	55.5193	49.7617	33.2972	27.4476	22.2337	48.6306	50.1726	54.6333	58.2428	61.9615	56.3774	61.1721	59.9002	44.7997	50.9589	63.1256	48.8923	55.31	58.6085	29.3635	51.7093	69.9123	35.819	67.6833	73.7098	73.7444	71.8338	69.9605	63.5093	75.0057	75.903	16.7385	64.8985	60.2128	60.8202	58.3736	57.6728	62.9216	67.4845	56.0623	71.6378	67.2113	36.5133	68.2558	50.5959	54.18	45.9476	29.0403	60.5793	60.156	43.1077	74.9404	79.2266	73.5854	71.3705	64.4142	66.1842	65.7161	71.7246	67.2376	64.7446	60.6697	65.0625	72.3797	74.0603	72.8081	63.6711	72.231	74.5026	72.6204	65.2868	67.5532	64.3114	69.1505	64.6	70.7076	74.1406	74.6304	71.6198	63.5727	75.647	78.7148	78.0821	76.6557	76.9079	77.3873	74.8982	76.6537	77.7886	77.1945	77.3109	75.6	63.2481	67.561	75.5924	76.319	76.1425	75.4675	78.6236	72.7797	78.3867	68.4261	71.874	73.7116	75.5865	72.7823	75.4574	69.3364	75.7101	72.2593	75.8199	72.0404	72.7604	76.446	72.9104	63.9723	72.4931	27.7767	68.9018
69.2412	72.2124	69.888	74.3967	66.263	76.5503	78.1599	57.4507	43.4906	61.9621	74.3822	70.6147	70.7089	73.3795	75.5818	72.2565	64.1011	49.3936	55.8916	65.1104	59.565	68.2371	69.1528	67.5447	55.0872	29.6718	24.7998	13.7027	9.07772	48.4344	66.5265	62.3493	55.4113	60.8998	64.1237	48.6719	60.668	66.7195	65.3801	67.1205	62.0366	4.17054	60.2461	66.2807	72.1292	61.4994	67.5757	64.9881	70.0379	53.0893	32.7366	21.3462	14.1418	6.87333	3.68313	2.3582	1.7685	0.867298	1.55117	2.74067	13.3546	43.7854	63.2294	73.298	73.4301	67.4902	63.3692	64.3728	63.608	48.3048	46.4516	65.6283	70.5258	72.3674	69.864	61.3345	51.092	57.1728	68.4227	72.6372	63.5223	49.8827	48.228	60.1198	50.1508	16.2415	45.3879	32.9963	39.6427	56.9956	60.2002	29.6321	31.2304	39.8985	55.4838	38.2483	46.1943	58.7079	56.3429	49.6069	28.1564	31.017	59.8306	53.4175	68.9166	72.9082	68.6978	59.3033	56.0789	66.8868	17.0406	67.2856	75.4288	70.6971	52.1507	68.7757	62.7625	65.0417	70.1045	62.5205	54.3788	57.2846	61.7641	54.989	58.4931	56.0357	41.5602	65.9497	68.4679	61.8284	61.5834	30.1057	63.4275	43.8223	56.9556	48.8262	27.852	22.0515	16.7844	16.8427	25.2423	46.0429	56.8237	69.5537	70.2907	64.2307	54.5346	45.4948	55.1796	57.413	53.4226	64.6114	9.55678	56.8042	53.6463	67.3224	68.6577	63.7788	75.9397	54.8558	72.266	59.1672	52.0977	36.9036	41.2118	67.2732	74.3323	74.4201	46.3187	42.2559	37.3929	63.4983	68.7718	32.5247	39.7157	60.1205	42.3787	70.1845	52.8971	63.0217	57.4246	42.313	62.3078	58.8168	71.6644	75.5207	69.5278	40.7683	74.4361	78.657	55.0058	68.0873	51.8719	57.3268	61.3327	72.7844	50.3852	60.8303	49.743	55.8851	65.8308	69.98	61.1273	64.973	75.6985	73.4856	50.5968	75.2097	76.4124	71.1486	61.4513	36.4739	66.5104	70.6087	69.7311	74.8684	67.2602	75.432	72.6076	72.4586	70.1752	70.3258	72.195	71.3727	72.1199	66.3619	34.9082	74.8465	77.1102	37.5383	70.9434	71.2173	71.2271	70.1274	72.4276	80.0665	41.8344	75.9385	77.7295	77.7458	71.9033	73.6537	55.1353	72.8214	53.4979	73.9274	64.8264	70.7408	65.6388	64.5388	65.6879	46.4842	37.6475	72.9737	6.57681	64.2235
68.5593	70.6986	68.4834	73.1752	71.6578	72.7368	78.2159	58.5887	40.029	50.2613	71.7292	69.5451	67.4933	68.3632	74.1563	72.0372	71.2394	72.0624	69.4481	71.6583	59.3334	27.134	63.7738	72.3388	66.2949	49.7739	33.4261	7.02731	25.5545	52.3095	59.7594	65.3719	62.7029	56.8678	43.9433	54.8098	67.7725	66.6499	67.1022	63.4824	58.7836	25.8624	52.5021	63.124	71.4452	58.6562	72.9545	72.61	69.9015	50.0377	24.2062	6.8014	2.64588	1.47154	1.56072	2.19297	1.93855	1.39818	1.81031	4.08668	28.835	55.4865	60.7225	69.8702	67.8662	40.6866	46.1559	57.2887	43.542	60.7897	64.9079	35.337	47.5006	57.2502	33.0204	43.4934	61.9022	61.336	61.747	46.9614	66.9109	73.2646	66.0739	60.7745	64.1988	69.6892	66.9339	65.9811	71.7258	72.6357	73.6539	71.5371	67.5125	67.9392	52.4115	28.3684	43.986	55.7298	56.8253	42.7702	17.4677	43.5436	62.0747	41.4826	69.383	64.1609	64.1762	52.2636	51.955	61.4836	34.9403	62.84	74.4619	72.0613	43.6915	70.4011	66.4777	68.1118	67.5064	66.4544	46.5577	33.8781	54.9796	47.8685	56.9693	56.1696	39.2525	34.203	62.2184	63.5567	67.8491	34.0951	57.4048	49.1589	48.3694	34.0026	30.3781	48.0017	45.012	27.6569	55.1652	68.5878	66.2907	65.2517	60.9532	53.6614	44.4181	45.9766	53.3467	53.4174	66.0044	50.8331	57.0289	43.8754	47.5754	50.9321	20.7228	71.0714	74.2705	65.2798	72.8564	59.4125	57.7262	65.2801	64.8062	52.1842	66.4856	71.3487	28.4221	53.8178	37.0175	51.4027	69.3005	50.0572	55.4588	49.1478	54.5721	62.0663	25.6372	66.8887	22.9924	18.0339	62.5825	67.2085	64.8216	76.3131	73.4415	38.2554	70.6692	79.4534	65.8115	62.2791	51.938	53.7605	52.9783	70.5449	44.5644	49.7301	45.6928	48.6004	62.6966	73.7169	38.6803	72.0758	74.6131	64.6506	72.9901	77.438	66.1668	59.7042	71.4606	71.7335	68.705	67.1285	58.9038	72.8511	53.5079	70.209	69.0275	67.0851	68.4915	69.7587	70.1818	74.0498	72.6407	73.0449	75.0082	76.0602	75.5594	50.1598	75.4771	68.7951	71.8871	63.2621	74.7615	79.3327	36.988	67.6142	77.7953	79.0244	75.6079	73.7473	43.3512	68.5699	45.5807	72.8929	57.1324	64.0375	62.5524	68.2849	46.0012	27.3051	31.0573	71.8047	21.0335	60.3588
60.7786	64.4961	65.3598	72.8459	75.0552	69.8318	75.2216	62.3957	43.9892	20.4476	63.4039	64.8561	61.3828	61.3357	72.5264	68.4969	63.0362	67.3915	68.2258	72.0313	70.6439	70.8779	63.4929	69.7602	54.5307	44.2036	44.0126	18.47	33.4303	46.0773	57.017	68.5524	74.3745	73.7558	55.0173	68.6662	51.894	2.43287	55.0389	52.3701	52.5517	29.2102	32.8154	58.7954	68.1809	63.5426	71.8548	56.1672	42.2974	15.0795	6.18608	2.52374	1.4917	1.32068	1.64491	1.93833	1.64491	1.398	1.97667	5.53532	28.8686	53.6663	61.2291	72.1533	74.3541	70.8112	71.0516	72.2731	59.0066	57.615	70.3533	69.7647	72.2342	72.4989	68.6783	70.3531	69.8337	72.3278	71.304	70.9815	74.5048	76.4846	76.3952	76.3109	76.3277	76.5854	76.0225	73.1511	72.2786	68.1266	70.4415	71.9803	73.346	73.4771	72.8959	62.5024	32.856	42.9961	61.074	39.095	9.15951	48.3125	55.1279	59.5127	66.2312	47.4048	63.2443	43.8445	40.6668	60.3009	24.7873	68.2986	68.864	70.142	20.2256	67.9695	70.1945	73.3667	64.673	54.4235	36.2699	33.1822	51.1348	48.1204	55.5703	56.135	55.047	42.0389	36.1168	68.2232	72.5463	50.1741	53.114	57.9027	47.3526	23.8802	22.2935	59.6056	33.0634	60.4444	67.5707	66.2907	34.3792	13.159	42.6221	45.1064	29.3482	66.5798	65.3866	63.9026	55.5209	26.8288	59.7908	43.5623	63.8596	25.7388	56.0025	71.5683	66.2649	65.5777	71.56	59.8726	65.3756	73.1772	21.7806	47.7336	71.109	71.6068	54.1413	59.455	51.5215	37.5707	64.6235	54.0558	57.5049	14.7689	65.1586	41.5838	41.9245	60.9782	27.4085	34.7622	62.7883	70.382	48.3732	75.4434	72.7321	55.0333	58.5747	78.7723	73.3639	40.4874	44.6107	48.0726	36.5184	64.723	48.0077	35.4688	37.6718	51.2469	66.9267	71.1048	69.4338	74.2083	64.328	20.5048	76.2808	75.7287	56.6189	72.2173	74.2562	74.0496	69.4427	68.1235	64.756	73.8583	58.7032	65.6564	72.1046	62.0983	67.9392	64.5476	52.7838	52.9134	48.4897	78.999	79.9131	73.8367	68.027	69.8868	77.1825	68.98	73.2562	58.5145	76.8796	77.7325	60.6167	48.3147	77.3646	78.3597	76.3016	76.0539	61.8624	52.9003	64.1703	69.1491	52.7523	52.7709	58.4516	68.1465	53.3531	31.243	49.2435	70.5968	19.6666	58.9978
42.2446	53.013	62.3946	70.7888	74.2223	63.4565	64.7242	66.2438	49.1143	14.8646	45.2189	56.5579	53.9765	51.4847	71.1009	65.6587	60.3836	60.6554	64.855	65.3405	60.5647	70.0441	70.4487	72.487	64.735	56.5698	45.738	20.1241	26.8268	40.3257	45.5024	47.6063	69.1415	75.4471	68.2434	68.5316	48.1366	53.9716	56.5698	68.6294	67.0106	53.6064	4.88417	58.1695	63.0216	66.4211	63.952	14.4063	3.87204	1.48142	2.65092	2.43262	1.73375	1.74235	2.09448	1.78486	1.63557	2.2197	3.12325	4.46629	15.8665	39.2171	52.2037	66.7428	72.8251	71.4944	68.4441	72.6477	52.8834	44.8603	61.253	64.4696	68.0799	67.7554	64.5611	68.0608	65.139	72.9842	67.4775	73.0531	70.875	73.0881	73.745	73.9004	73.4511	72.7297	72.6138	66.4945	64.887	58.5592	65.8216	67.6901	64.2484	60.2674	68.9327	65.1039	58.1634	25.7988	50.6743	52.3989	42.9004	48.0562	47.604	56.4023	62.9274	33.8193	65.3218	53.4409	40.7094	58.8046	53.6302	67.8694	59.9113	70.651	62.9848	36.3556	64.7681	75.5101	75.5362	60.5209	34.9415	36.9663	45.4686	28.0355	40.179	50.1205	52.3614	60.041	53.3095	53.3548	74.2857	68.0176	5.4944	49.6228	48.6317	36.5629	41.5638	61.5174	42.3906	71.3622	70.1682	29.7945	61.8617	63.0267	65.4171	65.2138	60.512	62.9673	69.7384	46.5864	34.7239	30.5964	55.6755	33.3686	67.7504	14.1063	55.7901	71.3746	59.7169	67.1924	70.4353	51.1515	69.4831	68.5603	42.6323	45.2719	74.328	57.8094	67.7646	54.3761	53.0124	29.1187	51.2898	48.9175	46.4811	29.3721	68.7854	42.8852	54.1618	59.274	45.2923	38.9506	63.5047	67.8199	33.3371	76.0581	69.6297	46.4066	47.0476	73.8517	75.7713	44.9021	24.3052	43.9307	34.6291	58.8894	50.1232	22.0248	37.1326	59.7039	65.5235	57.6297	75.6583	74.8477	64.2453	66.2039	75.7196	68.0503	51.479	69.9478	71.2038	72.5715	72.235	72.4897	70.0105	75.4108	69.5853	71.5792	73.2113	63.8869	29.5782	51.5766	66.1185	70.7122	71.4824	79.476	80.3021	69.6811	34.2064	71.0544	76.657	72.4568	71.5387	49.7798	76.7239	77.1323	71.4348	39.2747	74.876	77.7232	75.7867	75.7614	73.7957	45.9498	27.1919	57.7086	52.5545	45.6528	60.5426	60.1737	63.4788	46.8081	56.8864	72.5871	54.4135	64.7214
16.8145	33.0457	47.0395	58.573	68.045	67.7254	36.4169	68.7507	60.2035	44.489	9.53031	37.9187	44.312	55.2469	73.3148	68.1376	65.856	67.057	60.1437	50.8187	63.9803	59.8527	65.6737	64.215	47.9438	40.2686	28.2525	11.1128	9.8247	10.0731	6.87282	11.1409	51.8794	69.7325	69.1763	70.2409	60.711	69.8734	25.618	62.4433	62.6955	56.4169	26.9183	48.7726	59.4765	58.7864	40.8141	2.10861	1.59829	0.866964	2.0943	1.91461	1.26223	2.46298	10.3145	20.0113	23.8159	19.5233	21.7543	22.8734	12.9418	5.84721	13.2467	43.4917	59.5772	62.9287	66.4235	73.2097	65.5221	63.1586	65.6889	63.7156	69.3734	65.5012	68.5828	67.8623	60.2639	73.8393	57.5112	71.68	62.0477	67.1964	67.4716	66.311	66.1435	64.1	69.1566	68.3337	65.1246	57.9358	60.1068	50.7493	43.018	55.3546	64.5536	60.8067	48.4762	45.2317	50.6953	39.4571	25.0432	54.9658	59.2897	48.5399	53.6661	43.8273	59.9096	59.2598	51.3417	56.1865	60.1768	61.4871	61.572	72.0867	71.1076	64.5281	42.9758	57.5308	71.6033	72.8739	70.0107	46.7816	23.3464	41.9089	43.1796	45.4838	48.701	59.5792	68.0166	19.3879	70.4509	70.431	49.7248	18.5389	37.0515	57.7691	60.7093	60.7427	57.9164	72.3209	65.1235	69.2682	72.0018	63.657	57.4233	55.6162	68.1186	36.4461	72.0785	58.2475	61.0112	42.8142	52.5277	36.5244	69.8275	42.6714	29.3473	72.7469	61.7355	67.7893	68.5881	20.6398	67.5416	59.7253	45.9263	73.3884	66.6609	57.0661	70.2999	56.8011	55.425	25.0679	48.2607	43.1942	42.8517	37.1502	67.007	33.882	53.4955	62.2477	47.3807	31.1504	60.5618	62.1175	33.5626	76.6962	58.9616	51.0249	65.573	59.2929	71.2757	68.0461	15.6043	37.1006	52.7166	31.4095	54.1127	47.7166	55.3466	61.2486	54.9714	48.1433	76.4809	73.6069	67.4108	75.7129	74.3628	53.2007	57.2085	69.3359	72.3521	63.6511	67.5559	68.9872	67.1635	75.2613	73.937	75.9809	71.844	33.4891	69.2655	74.0603	75.006	76.2393	75.4894	77.3633	79.0487	65.9129	45.7428	73.4381	71.9064	69.7824	74.5595	64.1148	70.9317	77.1437	75.0443	70.0496	60.3649	75.186	74.9145	75.7708	77.4998	72.3157	64.4593	64.8863	32.5623	44.3641	58.4787	54.192	61.742	58.416	49.5846	75.024	36.8579	64.9092
4.67435	10.4386	19.6033	37.1888	61.4674	73.7377	53.2726	70.8941	67.336	56.2048	23.5781	19.414	32.0723	50.917	73.0708	72.1686	68.7041	69.0111	56.6996	49.0131	66.1301	46.1318	46.49	34.8943	6.07552	2.27936	3.12274	4.91953	4.58089	1.90658	1.59811	2.21929	27.0411	56.7519	62.7004	62.3831	58.2687	71.7723	62.974	72.1429	66.8562	53.5216	30.1581	17.5589	29.029	26.909	10.7609	1.87477	1.48108	1.05456	1.78453	1.7159	2.1084	8.83314	49.0217	65.4636	68.5187	64.3034	58.0764	55.8588	48.9612	5.57416	2.90399	13.8723	28.8088	43.9192	60.8522	71.1573	66.5738	66.1352	60.9513	57.5364	65.4278	65.7823	69.2671	63.2158	55.668	73.85	48.9171	71.0611	51.5716	56.5458	56.2967	59.0739	58.9799	56.8214	64.5957	67.9483	65.8925	55.5693	65.6959	70.3196	69.7078	65.783	61.0643	56.5494	36.4478	58.824	71.3203	71.3041	62.2697	26.1175	1.90658	20.6568	26.5909	49.7945	45.9303	41.6957	52.2248	39.1667	57.7681	52.2553	54.6858	64.6541	69.9595	69.5746	70.3347	65.0042	27.1687	60.1155	71.7858	70.0339	54.6767	50.8427	51.7643	49.3264	52.2343	49.1977	71.0275	44.4163	69.1123	69.899	25.1105	52.5907	65.861	66.0367	60.2071	58.9052	65.7813	69.6842	47.557	74.4805	68.406	56.655	46.3541	48.6648	57.509	59.4118	66.1831	57.663	63.8589	39.1287	53.1527	36.0505	69.6518	45.6143	36.4912	64.7418	61.5949	69.9254	52.8867	42.6615	58.123	61.0348	72.1452	72.0003	21.5992	70.2343	56.3809	56.0383	56.5383	28.1284	55.3209	41.7378	50.3106	33.824	57.9381	52.7046	55.471	58.4844	46.385	22.3698	53.7049	54.2134	48.5746	75.3407	20.2741	65.4787	63.8836	55.1863	55.5124	73.6511	39.1358	41.0133	38.826	36.7814	55.854	40.1766	52.6194	52.456	25.3882	62.1403	74.3767	67.0078	70.2484	76.7928	73.1878	27.7339	65.8266	65.8992	70.2681	57.2684	50.6995	11.4753	37.3136	55.8618	63.5691	64.2874	26.2878	62.9407	75.6137	74.8578	72.8759	73.1662	72.6535	75.1531	76.4861	39.512	69.3135	78.0263	76.5663	70.5655	70.5231	72.9943	59.6789	76.6721	75.7885	76.1622	61.4853	64.489	74.5518	75.6659	76.3226	73.8521	71.771	72.3658	67.1376	46.6486	37.8904	42.7707	64.2358	70.7691	27.7739	74.9063	44.3405	68.0431
1.16289	1.56956	5.76711	22.9011	52.6387	75.2034	71.7178	60.6541	68.1701	61.9923	31.5109	9.71359	15.6856	27.4897	65.3229	71.7617	71.0159	66.5928	58.5894	61.3691	61.299	31.5919	8.32773	2.02847	1.32011	1.10996	1.71575	3.26758	4.16079	3.29047	3.06929	3.79688	9.31919	26.5629	36.851	34.4645	49.249	69.038	69.0325	66.8961	47.2412	27.2222	12.8085	2.19198	1.481	1.42936	2.09391	1.93762	1.76749	1.59797	35.3073	60.1098	65.1503	58.9742	59.7768	67.3357	68.9704	74.1654	72.4431	66.4462	64.8329	31.6748	16.0821	4.64201	5.80792	11.8042	40.5603	65.077	66.2827	59.9007	54.2181	59.7599	63.8283	66.8681	59.9553	48.988	54.9308	72.9735	38.8418	70.5975	53.1078	65.2737	69.0672	68.5888	60.1118	32.2133	39.8669	32.7965	16.9881	53.5704	72.7842	71.4759	57.2737	42.2156	18.6448	54.8218	70.5893	74.1119	72.1747	71.5483	74.9573	75.7042	74.1822	68.0772	48.7243	40.9655	58.6135	64.7322	67.2181	66.9347	64.6921	52.0168	52.6501	52.8705	34.5076	55.2825	68.4932	71.4521	68.0709	53.6794	52.0941	64.761	65.8343	47.9426	11.717	46.1938	48.9494	23.5982	69.6718	51.1485	68.8873	67.6572	41.8516	53.843	31.4095	47.3394	62.0102	53.6823	0.714808	55.228	44.0046	73.9028	74.0743	49.6219	14.4483	44.4456	34.4206	30.451	33.3001	62.3384	46.61	47.3602	56.6634	40.2024	69.7232	67.3878	69.4749	49.632	56.3357	57.3511	41.2297	61.4028	66.6009	71.3826	73.8888	52.9257	66.6308	66.9128	15.9445	58.249	52.2597	16.0821	50.7547	47.1934	36.8967	28.6068	49.1067	43.0175	46.7623	60.6109	49.6073	12.9558	47.8855	39.2147	61.6741	67.7296	58.8506	71.51	62.0225	62.6831	21.5701	74.533	55.7333	23.1064	8.96805	45.5439	48.2442	38.0795	26.957	62.465	67.9063	63.3804	61.3747	63.9854	76.9269	76.8062	68.5322	53.2923	75.1727	68.6985	67.5593	60.7207	54.5095	56.4011	64.6979	72.3558	74.7298	75.4302	76.0656	76.4071	79.0743	78.811	76.4221	74.677	70.3978	68.9817	65.8465	56.0577	74.3681	78.6157	75.5029	74.354	76.7686	78.3427	75.2317	79.9967	80.4479	79.5749	78.6215	68.6924	59.4174	75.2411	74.7844	67.2119	59.389	52.698	56.612	58.5726	49.9407	31.0016	42.2639	71.7491	57.6741	70.6896	31.4243	65.8367
15.9615	2.6892	1.63505	8.87768	30.2913	68.5972	75.4797	70.0277	57.7075	62.1813	39.8695	16.9935	7.80597	11.9883	43.5495	61.7612	62.5568	52.1094	42.1371	45.5268	35.9827	9.4496	1.4808	1.78419	1.09625	1.09625	1.49089	2.02077	3.02469	3.33087	3.33093	3.25367	4.0404	5.53296	6.33902	5.26911	17.975	44.337	51.8492	42.6284	14.6363	2.10805	1.55013	1.10985	0.933452	1.4808	1.76732	1.97576	5.79206	13.0634	60.5764	72.6871	73.4818	72.7407	53.8557	60.9452	61.2716	48.7028	66.6165	70.8499	69.0747	56.1862	52.0826	33.0325	8.69387	3.50153	12.4956	40.7958	54.5037	56.6374	60.6671	67.0472	68.2755	63.9955	58.0116	55.0673	56.1561	71.2768	42.1184	70.7734	58.2382	63.3419	56.4096	42.714	50.4966	63.1785	66.2159	53.4103	25.4064	46.8444	71.6024	72.4964	66.8066	60.4712	65.734	70.5962	72.3257	72.8421	68.1827	66.1573	69.7704	71.4715	69.1912	69.9079	60.3647	40.4121	59.2772	66.3452	70.1938	70.3038	68.8637	69.4873	71.1716	70.5191	65.3054	56.7228	37.1186	48.8011	66.2504	56.8404	66.3159	60.8025	28.7492	47.6513	43.8358	30.1534	19.8332	45.789	60.9568	45.2158	63.4545	56.8566	51.9497	18.6146	53.6452	63.5285	64.8741	67.0772	63.7662	66.4038	62.6374	59.8482	75.3162	75.1851	68.0937	57.0309	55.0122	13.8826	48.1474	58.095	60.5562	60.6653	65.4946	58.9432	71.2182	71.2644	65.2368	66.3213	67.1964	56.3877	67.1418	59.6741	59.917	70.5104	66.6864	32.443	71.6738	47.8923	54.6103	52.7313	44.3061	36.6649	52.2475	58.3471	52.0343	51.2035	53.1069	40.7007	21.1051	46.7781	25.5838	33.9091	41.0699	8.94775	52.4216	48.8406	68.2426	72.418	59.3284	69.6827	19.4098	71.4556	66.3099	48.1426	50.3454	58.6849	54.7068	26.9864	53.1188	53.3829	31.7363	38.9974	68.0353	75.8081	75.6565	67.143	37.7933	72.2371	76.4356	63.0933	56.9457	42.3446	62.1813	62.8248	62.8543	73.2046	77.6777	79.3112	78.0767	78.5013	79.571	76.2985	57.9574	28.2091	33.9668	53.8636	60.0853	59.9812	70.2668	76.0349	73.7394	55.4247	67.3143	72.7059	67.8444	75.5747	80.0483	78.7456	79.876	80.1654	50.5326	71.1687	77.0844	76.1706	73.1508	72.0137	64.6728	38.4176	41.0247	49.3189	50.2862	67.1567	65.9623	58.4814	42.0024	64.7391
19.0046	4.91505	0.387604	0.245146	0.714656	32.4336	57.6783	63.3083	53.5787	57.8217	30.4785	21.5417	12.9529	2.94927	1.48072	6.76412	7.65194	5.4131	1.55968	1.49076	1.59767	1.16262	1.16262	1.73284	1.31987	1.22551	1.59769	1.59769	1.35355	1.48067	1.31987	1.47048	2.25886	1.70667	1.24975	1.24975	2.40666	2.64399	1.09615	1.39721	1.24975	1.87425	2.0206	1.03993	1.26175	1.74151	1.64398	10.4272	32.3907	44.0726	65.7358	74.0113	61.8502	70.6609	65.5854	29.8979	65.5902	61.103	49.078	72.4588	70.6496	63.4377	65.6206	56.1764	24.4207	4.77088	3.30797	3.15994	13.5562	33.4859	45.227	51.1319	51.7588	50.2883	57.3697	61.7868	63.0957	71.4606	58.0325	70.5129	58.6177	31.6847	65.9792	70.7022	72.2482	70.5897	56.5221	54.6149	55.4156	58.1882	70.5756	68.0612	59.6014	54.3574	64.158	65.4837	62.1501	61.6678	59.8072	61.7062	48.4697	51.4795	60.8845	71.5699	65.1247	53.4499	61.4138	49.2267	36.3432	35.4592	52.9935	54.5228	50.7673	43.3805	53.6642	59.6812	61.1668	44.2505	51.6646	44.7643	63.7234	27.6775	36.7513	40.8827	48.5894	46.3171	40.4859	53.1144	42.3291	43.8458	54.1257	25.5037	31.3863	30.2925	57.8578	32.7041	26.8667	48.3816	55.846	68.3277	72.5635	47.1962	59.6565	73.8105	72.7795	64.6017	64.7136	43.0184	65.8857	53.5721	67.976	72.9583	69.4633	47.2312	37.0587	51.0477	48.9823	55.9508	62.0991	40.34	61.0317	45.1265	59.6199	69.5152	37.035	60.7564	67.584	12.6236	58.0025	42.3071	45.6106	35.8611	14.3641	26.1979	27.5239	50.0108	56.3992	48.1037	52.7231	53.0758	36.2097	28.6125	30.2264	20.7033	50.6713	36.9552	68.1227	67.4052	42.5124	69.6384	31.3544	61.6262	63.4744	60.0957	53.5174	40.6136	27.6679	49.5413	38.7986	58.7897	68.5377	67.7223	64.2507	50.338	27.7659	55.1429	64.9328	71.6573	73.937	38.1588	42.696	18.4242	65.0387	58.3614	61.4919	73.0047	71.2756	65.2759	73.5613	76.4894	70.652	32.2524	73.6037	76.011	73.9866	70.351	69.9074	23.1633	67.1427	76.6182	78.1727	76.4134	76.6743	76.8247	75.9028	48.9305	72.5275	69.0098	74.6699	80.6527	65.6872	61.2398	77.8688	78.4095	74.1549	66.2859	55.3722	51.3469	53.1169	52.8292	64.547	55.8961	67.9289	59.0196	49.9739	63.3758
16.5258	3.90426	0.548094	0.346645	0.624886	7.93846	33.9428	51.8545	52.4434	54.5138	38.1465	25.3841	10.6281	1.56914	0.933276	1.93703	1.3971	1.01051	1.73266	1.47033	1.63465	1.31973	1.09604	1.87406	1.5975	1.10964	2.9029	4.41025	4.15982	2.08625	1.01051	1.63465	2.70531	1.73266	0.933276	0.866528	2.2049	2.69422	0.980342	1.35341	1.09604	1.76699	2.31115	1.3198	1.3198	9.79497	20.8033	43.7829	60.1791	62.0881	63.777	72.9893	58.5525	63.9798	69.0362	34.5771	63.0503	68.323	62.2711	70.4556	70.1958	59.8687	66.562	60.0533	42.107	35.0358	16.4644	4.65358	4.82297	5.04004	4.86901	16.4059	33.287	43.1737	53.6992	60.5011	64.1014	71.6209	60.7579	69.494	56.2435	58.3458	71.9573	65.3923	57.2519	30.5352	57.6974	68.9549	57.7686	58.2986	72.2995	63.9477	54.9298	58.7363	63.0086	64.0575	61.423	60.7027	51.0889	60.7006	63.7231	64.4885	65.8508	70.1359	58.3491	56.7015	57.6747	54.5705	64.6948	60.8843	58.912	58.1282	48.3048	49.9633	45.651	40.1893	46.9492	58.1764	22.6665	50.104	62.2641	18.2342	40.3225	53.4678	45.9914	30.1458	40.2704	50.5697	48.6964	50.6421	46.3372	39.6608	44.3692	37.3037	54.4564	23.8333	25.6387	27.3929	19.723	63.8931	71.2116	58.0021	34.6295	37.5418	70.8424	74.5041	71.1707	55.9412	71.5087	71.3468	66.5834	64.6928	37.2807	65.154	69.8762	67.2988	62.9377	65.782	57.7963	49.2007	59.7887	44.2913	63.1891	63.5897	40.7345	59.5689	55.2939	19.5751	48.4871	45.5897	55.2298	31.9595	32.6681	48.5277	42.8344	40.9118	47.7762	21.4678	28.3609	17.6004	35.0622	49.9134	49.759	26.8825	46.8331	17.5671	63.6595	59.5563	56.8442	62.7968	18.6954	56.8405	36.8738	27.3585	10.8004	23.3585	38.4431	26.8263	45.4271	58.9267	43.688	18.0934	47.7759	61.2162	64.7707	63.0238	62.0237	61.9345	69.8233	32.8164	22.3217	46.5624	62.8289	60.8803	62.846	65.8138	75.6498	69.7272	68.4594	67.496	51.1706	76.5814	78.5156	77.5152	75.725	73.6837	74.988	69.9067	51.9514	57.1404	72.9127	73.3521	71.8965	69.8934	74.4549	63.4758	57.6147	62.8562	76.2061	79.0447	71.0622	32.6832	74.4253	77.3228	78.2691	78.784	74.2612	57.7586	46.9942	44.7933	66.2398	17.0557	65.2389	70.0598	64.693	59.2462
4.94422	2.46155	1.01047	1.03973	1.01041	3.48333	18.7593	37.1593	38.4987	26.1266	6.89896	5.88206	3.30745	1.39701	1.26146	1.63448	1.47018	1.49046	1.73248	1.54968	2.47979	5.55272	6.65979	8.71811	29.4629	46.2168	46.6666	45.7192	61.7539	68.3765	66.3852	55.1097	33.0953	11.1346	1.39698	1.22526	2.2584	2.47976	1.55937	1.56895	1.84158	15.872	21.3865	15.9318	5.90718	36.6136	61.0232	72.4134	75.9589	74.5289	70.1303	73.176	69.7106	69.6247	75.2871	65.3432	62.2819	70.9595	69.2366	70.3276	72.1523	50.6609	67.623	53.6254	67.5128	69.5184	65.9634	60.99	44.7876	18.0776	6.42058	4.87153	13.4587	24.7014	42.0852	54.6344	62.1052	71.5637	61.4096	66.5147	40.0912	64.1506	70.7399	68.8416	66.0757	67.807	73.4792	72.7033	60.3622	64.6604	71.2516	67.328	72.1981	70.6462	63.5473	64.4044	60.8285	52.6733	42.0282	70.4663	68.9553	55.9847	64.8935	68.0328	46.8067	52.3662	43.8863	39.6626	69.1567	73.2954	42.5665	27.3505	59.3253	61.2252	47.9473	49.6394	57.3933	61.2043	41.06	55.8951	50.983	14.7811	34.8591	60.4845	38.2744	39.6778	53.5231	49.1794	40.5738	47.3073	55.1745	39.8925	21.2343	38.7844	26.2938	49.7142	62.0642	65.9846	68.1914	64.7768	62.2505	55.0475	65.9351	66.2765	33.4708	73.4152	76.6484	76.8384	76.8632	68.6093	24.4165	65.3991	74.0642	77.7736	75.2979	69.5715	55.7136	49.7359	20.9879	61.0718	58.587	46.4677	52.7319	60.5684	67.8956	65.7667	54.1844	30.6536	54.5887	60.104	56.2831	14.0503	52.1994	53.7305	35.5462	17.9219	38.5342	19.0996	19.5995	14.537	51.8554	23.6539	59.3441	43.2657	48.7693	40.0821	52.5613	42.8298	22.7953	52.7271	11.8092	56.2715	25.5419	17.8041	26.0313	22.7874	40.266	47.633	49.6206	35.3715	65.5148	69.8275	65.5969	59.2973	61.6699	62.9094	57.5853	57.7295	54.3855	55.3329	71.3321	67.5618	49.246	70.2679	72.9867	76.5124	78.5506	72.5473	40.3737	47.5703	73.0194	76.5514	72.4175	72.1443	76.7932	79.6417	79.3689	76.8363	72.8196	59.409	61.623	74.5734	73.6816	72.7414	75.8526	74.3485	60.341	58.3334	75.523	77.1742	74.4447	60.6302	72.6212	68.8109	53.0275	54.6786	66.7252	72.2515	55.9876	31.1771	57.1062	50.8639	57.94	67.8253	71.5763	73.8995
5.72034	3.56359	0.346576	0.933098	1.49033	1.6435	4.11204	8.84157	9.65079	5.17888	1.74102	1.21285	1.39683	1.38605	1.59723	2.02001	1.95974	1.63434	2.0929	2.3107	5.08612	25.979	38.6935	44.8366	59.7313	63.7036	60.7902	56.0955	72.5659	75.0978	75.9848	73.5785	65.3626	44.2242	8.67546	6.52258	4.27209	3.44867	1.24945	2.47954	8.79517	48.1694	52.9656	50.9447	19.6887	43.3671	65.1454	72.9388	75.519	73.176	69.5656	73.3986	73.2437	71.8685	77.2062	72.5109	57.099	69.533	71.9912	62.1414	75.0565	62.0418	63.2201	58.304	69.8848	72.6407	71.0532	67.7015	57.4445	49.3925	37.8234	8.58769	5.19875	6.49505	13.7815	31.5871	49.6992	68.6596	61.0504	58.0907	33.179	64.5598	63.9598	67.4626	70.4069	70.3171	72.6621	68.8064	61.8845	71.1384	64.3731	63.8712	68.8656	69.3539	64.6098	67.1093	59.3797	48.3381	59.7042	68.6808	67.9035	60.5039	67.2695	60.4674	14.66	53.6284	54.1758	59.6938	70.3467	75.7966	41.4512	62.9391	69.5944	70.6771	67.7753	59.2344	49.8591	41.3711	5.51993	42.2008	49.1944	40.1214	40.7949	55.0553	25.5365	46.3792	36.8728	36.0355	38.3448	45.8235	58.8263	64.9187	54.78	25.9821	31.3865	48.7835	55.0357	51.1356	30.6598	33.5358	59.7654	58.2487	59.3829	69.4932	63.3454	55.2278	73.8577	75.6882	71.1051	38.8143	65.5443	66.2258	67.2027	72.138	56.4024	50.6947	49.551	58.8738	52.3097	53.2005	59.7639	55.245	35.0498	60.6644	56.924	46.151	32.5938	59.8186	63.9959	60.8436	42.4948	27.618	53.9871	53.0589	36.5829	25.9983	36.2854	36.7988	31.9402	25.5159	53.8324	50.266	54.5411	17.0498	39.5076	46.1016	45.7606	42.0851	20.1067	52.9911	28.913	41.8026	40.7279	33.7662	13.0338	36.7794	40.7657	37.5734	7.40989	52.853	64.1388	58.3264	60.1802	55.799	49.9986	38.8129	35.1364	50.6432	18.188	63.9452	69.1034	67.5577	62.1327	74.9332	77.4558	77.626	73.8584	33.1672	72.1491	76.022	70.0324	70.1425	70.4116	68.7582	58.1979	71.3864	76.728	71.8653	69.7743	69.6619	38.824	71.0236	67.3065	70.8922	76.3242	76.2782	71.3683	47.0023	75.9786	76.9578	72.7496	59.9022	78.3572	78.3607	77.3273	73.5412	55.8157	73.4238	63.2364	35.3236	51.841	25.9259	67.467	71.7708	71.3397	71.9433
14.5571	11.406	8.21887	2.77022	1.76647	1.48016	1.35311	1.01028	0.866304	1.48009	1.64334	1.26123	1.05385	1.21274	1.74083	2.71007	2.69343	1.78334	3.66652	7.41715	14.209	42.4624	54.3149	61.1039	66.9331	60.0852	62.658	43.4453	72.5381	62.6219	64.9545	70.6739	69.116	57.0094	30.094	25.6673	34.3269	44.0933	39.3801	31.4279	37.4409	64.8192	62.6757	67.3212	45.5537	31.1959	65.3649	75.7304	74.7047	41.1365	57.897	67.9629	68.974	41.2139	74.4351	71.5975	40.7368	61.3885	74.5808	24.9764	76.8213	68.0875	55.4695	65.916	64.0373	60.6193	57.5673	64.5519	34.6189	60.0677	63.5967	34.1045	11.2641	4.48605	3.71503	3.72708	5.50856	53.3844	51.9483	34.0727	26.2312	62.5108	61.4836	59.7828	62.9805	67.9891	68.3224	55.7288	58.1404	74.4908	66.4341	65.5215	59.6995	67.993	65.422	52.3856	25.4239	58.4296	53.1058	63.8285	68.0132	66.3552	64.2221	62.9492	54.9123	55.8809	67.2842	70.353	74.1608	75.4779	53.6224	72.6825	72.1979	65.0556	35.678	36.5041	52.3664	61.7326	55.3614	31.6865	36.6859	41.3925	33.6371	51.3482	34.2882	49.3404	53.8201	58.7238	60.0272	57.2657	37.3344	45.4687	66.1655	58.8666	39.0038	42.856	54.958	61.6585	63.2897	54.494	46.9544	40.2001	54.9589	67.5436	74.2105	59.5758	54.2418	36.1597	54.975	64.5808	58.3904	64.235	69.3751	73.1736	65.0498	56.8024	66.3608	58.3382	64.0284	31.5505	55.4138	60.2465	49.0029	27.2299	42.7629	55.7115	66.6527	69.2168	64.351	51.1459	22.9987	28.829	47.9061	54.6653	47.1968	32.6032	23.8393	23.5735	31.3877	28.0036	38.0099	49.3455	50.4601	33.3722	14.4966	28.3087	56.0232	51.7168	47.9436	60.0458	56.4775	36.1838	46.7051	36.3686	29.0538	45.2434	17.671	32.0675	47.6953	50.6332	52.3434	29.4761	40.9229	39.4434	59.7722	68.1388	67.6087	70.6535	66.2667	66.7811	66.0664	55.1181	74.0217	78.7822	79.3053	71.8124	46.6905	74.7941	77.2121	76.9324	75.8169	59.5996	62.3535	71.9608	71.0891	45.4141	73.4845	67.8701	71.9232	75.3873	46.3182	72.8142	71.4477	71.3689	67.963	68.2159	75.2726	60.6938	73.9967	77.7723	72.0766	57.4284	78.9768	72.5946	67.3396	69.4016	64.6351	65.1081	65.5489	46.2814	58.908	45.2937	66.4878	52.6712	61.8665	47.84
49.2391	50.8827	51.5762	42.6119	18.3291	0.979973	1.26115	0.883383	1.05376	1.31923	1.54925	1.26111	1.03943	1.05376	1.31923	3.19133	3.18195	1.49005	9.56284	22.653	31.5644	44.3579	57.2583	59.5406	65.2774	50.8439	65.6309	36.861	72.8214	61.3885	44.9197	67.5965	68.4548	56.3693	35.9951	31.1649	54.0645	59.1525	61.9059	56.2463	52.7651	68.788	57.0256	69.6442	55.7859	9.55378	53.9642	75.5744	76.9554	45.1662	39.7351	63.791	68.3624	34.1002	73.8218	68.7266	56.7091	45.8441	74.4367	14.6344	76.1387	68.9065	52.0588	68.7326	51.6903	61.4735	62.5561	60.4995	51.9878	56.2151	69.8069	52.4231	42.5638	30.588	4.40861	3.64985	3.64985	34.7728	51.1478	17.3643	12.5306	49.656	52.6319	59.7464	63.7999	65.6212	54.378	21.0101	32.1039	66.4902	70.003	64.4534	40.7174	46.3705	39.5797	58.9912	70.3494	71.4224	68.6809	68.8413	70.9156	54.152	57.0569	68.4418	65.3002	47.8229	65.9789	60.113	65.2621	70	56.4795	76.9442	67.3397	63.728	70.4306	67.0477	46.6583	48.5902	43.1418	40.5192	44.5449	57.1854	49.7822	56.9538	35.7923	20.2778	10.554	42.9392	56.1648	53.9954	57.4269	35.5422	62.736	65.5354	64.9914	50.1004	16.3999	34.6981	47.5355	46.4763	49.449	47.967	29.479	64.835	76.3549	62.8332	63.3433	68.4356	62.3559	42.7765	55.5088	46.7645	46.9145	66.271	66.6881	47.467	68.3308	33.2675	60.5925	37.5668	43.3884	51.4886	38.0957	27.1037	54.2678	46.5688	56.5642	61.7332	58.9304	42.8812	25.1627	23.568	32.5756	47.3661	45.2213	50.4836	52.4249	48.049	23.8079	20.2782	31.6381	37.0565	26.8933	27.7578	30.1198	43.6343	44.1496	34.8103	30.7961	15.285	52.2128	56.9271	50.679	9.73806	48.4752	42.1864	20.0081	46.7534	57.4775	58.1245	49.5855	11.9205	63.0365	73.2725	74.2222	71.892	66.2321	68.5361	73.4406	72.3961	63.7894	71.3184	76.3445	77.8427	76.195	28.4703	68.1587	67.3846	76.2813	70.8608	75.6043	75.3923	65.1713	69.9212	73.7977	56.0015	72.0619	68.0569	67.5759	76.7008	45.5013	75.1026	74.2449	72.1445	71.2405	65.3481	73.3328	60.2118	69.9859	77.5903	73.0417	52.3127	78.8935	71.3978	52.8408	58.9957	72.2689	49.7297	70.4365	51.8859	61.905	36.6157	67.6383	65.6053	60.6167	53.9749
72.0482	69.4158	64.5214	58.3457	35.2158	3.32852	1.97451	1.70577	1.76619	1.90495	1.91279	1.59682	1.59682	1.56836	2.35493	3.72638	5.15426	27.6612	55.0355	61.1003	58.5811	56.6531	61.169	72.1892	72.9137	70.8313	71.1482	60.9394	76.126	67.6895	61.1467	68.9576	66.1386	66.7084	63.6629	53.1674	65.0021	66.4212	70.697	70.2563	67.2636	69.1859	37.0811	70.4976	57.7687	9.11106	45.7615	73.3938	75.6924	65.2232	54.8053	69.4085	71.6825	62.7453	74.1061	71.8278	68.8904	62.7781	71.283	8.11699	74.3104	64.288	63.8363	69.9343	49.9517	65.5811	63.4473	63.7532	57.9642	51.6072	70.3001	61.9356	69.5934	71.4103	65.4621	47.4476	14.1237	17.2795	46.272	39.4717	31.603	42.7177	52.0099	59.7535	60.2381	53.8539	41.6596	49.3455	26.645	46.1574	52.3744	33.9315	35.5974	34.1111	56.0893	66.1009	56.7975	38.8557	23.3474	50.1651	59.7224	69.066	73.0371	72.0283	71.5629	48.3898	57.327	63.4655	71.4053	68.945	68.2587	76.9906	64.9427	66.939	56.7597	30.1167	63.653	66.4126	45.939	18.3978	51.925	66.2043	68.1414	72.8164	72.9463	72.5852	71.6397	69.1415	59.815	42.9675	63.6219	57.8274	62.9611	67.7029	70.4563	72.6382	73.5511	72.3897	67.8279	54.6958	19.1326	21.5939	56.7087	72.4189	75.6388	38.8091	70.269	67.5236	66.706	68.7904	63.2141	45.6836	39.7844	55.0624	55.1697	65.0809	71.2985	51.4323	63.4521	26.1347	39.9291	18.8323	27.0112	58.9554	63.1429	48.9862	54.4602	63.5687	47.7024	21.4676	52.5853	57.168	57.5276	59.0271	46.578	27.2788	32.4538	47.5494	44.4656	35.2301	40.9089	41.5593	42.9047	45.1339	48.1007	53.9691	59.348	63.2776	64.2288	62.191	48.5119	25.9407	22.6388	41.3878	50.0875	27.7762	43.4797	62.0609	53.851	40.593	56.5929	60.4104	61.1276	62.5168	66.2404	57.3621	64.432	69.6697	75.5603	76.5965	73.9277	76.9831	76.7364	66.6904	47.145	74.2054	75.979	70.3303	71.4193	70.3612	49.0219	75.2752	76.5034	72.312	76.9007	67.9832	71.77	63.3372	71.8093	78.6809	62.6419	75.2923	75.8086	72.2895	62.8021	68.6659	70.7907	61.7984	67.4333	76.6337	70.5688	47.58	77.2308	73.0177	48.9567	54.8149	75.3914	47.8941	75.1642	62.5636	57.4601	32.1513	70.6687	67.5863	51.1603	72.7052
65.9368	60.5013	60.6333	64.3131	41.9581	3.39925	1.2247	1.39631	1.38552	1.76596	1.76596	1.21238	1.22468	1.64286	4.40749	3.63683	7.39896	47.0385	64.1269	57.872	51.7514	51.0541	57.8737	76.3047	71.1554	73.1268	73.7424	64.4408	77.281	63.1565	66.7882	70.2055	52.9745	60.5255	66.8774	57.744	65.9767	68.845	60.8724	63.1951	59.8273	57.81	45.8285	69.5389	57.7228	9.516	40.0304	69.8275	73.1562	63.5699	71.4516	75.1018	67.3639	55.8422	68.5387	65.6915	62.1967	54.1891	63.9355	31.5671	72.0424	51.1139	59.7239	60.5411	52.2882	63.63	66.166	67.6741	53.8249	46.7391	66.65	53.6425	64.6409	69.1231	69.3444	62.1951	26.5223	3.50303	24.4061	28.8767	30.1111	36.2624	34.1183	26.8755	23.6127	18.8736	33.9757	52.2625	51.1356	62.328	67.8302	56.5906	35.1795	41.7433	64.9132	69.863	52.6313	54.7891	62.2631	63.8303	65.887	70.9451	67.64	69.7465	71.7607	45.2827	49.7656	65.0332	74.0745	68.3074	70.3044	73.3247	57.3554	55.1374	68.2406	67.956	66.0852	51.5171	39.0717	48.7831	33.7605	61.833	58.5202	60.9449	61.4976	63.1234	65.5816	68.7642	64.5885	49.5565	61.6568	70.3232	51.7949	56.8013	59.6548	63.5732	66.4802	68.8211	68.6556	62.7437	44.1525	23.4701	63.2286	71.3184	70.3336	29.6548	70.1299	64.2848	52.7275	61.8455	56.1788	37.5762	61.7786	60.8888	24.199	67.0839	62.4023	68.4117	58.9034	50.6421	43.9347	27.1326	51.1324	67.5549	62.1524	46.6232	60.0198	66.673	28.3497	56.9108	59.8956	59.2916	59.8732	47.3638	7.61233	46.1522	59.1319	60.0623	47.3906	30.6706	28.1881	27.9816	35.1584	38.7525	35.1109	35.8227	14.6736	21.4367	27.2432	44.9593	55.2975	55.4532	52.3118	45.7422	47.5391	15.0533	61.2242	68.6685	32.1371	57.5596	61.9434	49.7378	27.7838	64.569	76.6502	68.9549	49.4174	66.7775	69.7723	69.339	66.7341	74.4949	72.5396	33.3305	46.6295	77.1785	76.6066	68.8339	34.021	67.4565	76.9189	66.3194	74.3473	62.5457	76.7612	57.7603	72.5673	54.5802	67.8369	80.1338	72.0824	73.5287	76.1792	74.5294	65.8186	63.0937	64.2176	50.2009	71.23	76.2452	61.9142	33.5973	72.9816	73.8328	64.756	49.4864	76.5175	53.8177	77.3581	55.8276	19.5757	59.8961	71.6326	50.4151	68.3043	65.2615
53.9176	56.0457	63.3607	65.5834	41.3046	2.20343	0.624468	0.865949	1.00984	1.48961	2.11326	10.7829	15.8338	12.229	7.23599	9.15984	16.2042	53.8572	67.2627	42.2968	43.3125	44.7121	54.9001	76.7288	63.577	71.897	73.6145	57.7554	76.8643	43.8718	63.8714	71.535	40.6655	37.449	66.0111	55.9604	66.4856	71.8997	49.0224	54.817	47.7848	19.7858	61.5486	66.4005	54.9822	1.93576	34.0986	67.0972	72.3235	61.2326	74.2188	77.2043	61.4867	42.0516	62.6664	59.9571	56.226	49.7987	57.5451	47.2802	71.0917	39.3279	56.8489	52.1864	49.9862	54.8037	64.847	68.6822	57.0898	51.7955	64.4893	51.2406	55.0923	51.0367	67.2683	64.1246	41.8592	22.4087	7.26245	4.01092	3.50275	5.33425	4.89008	3.77737	4.74519	4.09905	16.7961	30.8635	44.3439	69.0698	72.589	59.9209	62.0522	51.6631	66.6063	71.9722	55.8496	58.4488	61.4712	62.2054	59.2422	50.983	36.401	68.9661	68.0589	52.117	44.2005	62.326	74.6138	66.5221	70.398	66.2402	34.0822	64.6975	71.8458	67.6202	60.1768	39.9646	34.8077	55.8449	50.9492	66.4965	59.8571	35.5368	30.3737	24.8863	26.9352	50.3669	44.2561	59.9227	52.3679	72.6335	47.1088	11.4637	37.2147	38.041	38.6763	37.4302	50.2729	63.0334	58.2224	57.4804	69.6475	71.9494	60.7217	56.9108	71.4291	67.4896	63.9638	48.7796	61.895	64.7298	61.4766	63.5356	51.4258	66.7171	36.3325	70.0472	54.9661	48.0048	34.5415	39.3894	59.0661	69.4699	52.2869	35.9298	60.7378	55.354	53.8411	62.3536	46.9779	20.7485	26.0837	16.4813	35.2506	31.722	28.4586	8.25967	1.00988	5.6552	14.4172	17.0751	24.926	16.9484	44.7001	58.6644	54.2767	42.656	16.8656	12.4353	19.8413	13.8622	24.0614	22.8855	44.119	13.9339	64.1936	67.6641	39.8805	55.5761	55.5412	51.0489	40.4933	51.3907	75.6538	69.6847	62.2661	69.801	61.3812	27.21	58.5796	69.5863	56.4506	60.401	53.9603	76.0207	77.6936	59.376	69.7595	47.9389	79.0045	71.1886	69.2168	28.8416	75.1308	22.9729	71.9923	37.2963	48.3034	80.2207	75.6371	69.2825	75.988	75.8739	73.9629	66.3056	47.5412	27.2021	72.8933	73.5724	59.9137	25.2859	68.9407	73.7537	69.944	37.3276	76.8703	48.0304	77.4197	43.8274	24.0059	65.5251	69.1463	15.202	69.6608	46.009
68.1421	67.9388	66.6703	67.1221	47.1197	4.6015	1.39605	1.22445	1.59628	8.44062	20.283	40.059	48.1637	47.4955	25.3232	29.3475	46.8816	60.4688	71.5031	60.3455	61.6823	62.1001	61.1304	75.5772	50.5943	72.738	71.6942	37.7676	75.3733	68.0757	46.5252	71.6688	57.3724	56.8557	68.5608	58.064	72.4381	77.0311	69.9804	68.5161	63.2251	63.891	68.9293	58.7876	44.0519	5.86042	28.4173	65.0057	71.6725	64.8354	75.2793	76.9389	62.9979	15.419	56.7419	65.8811	66.5505	67.806	65.4928	62.8426	72.3401	59.9637	69.3291	62.5913	62.1247	64.7583	66.496	63.753	64.6745	60.5292	65.6488	58.8763	58.8807	59.2024	68.8002	62.6654	60.6054	54.0546	32.2917	14.0807	9.47617	11.1057	25.8057	40.5139	41.7076	28.4739	5.03637	18.3076	35.0781	61.5941	73.1369	72.0441	69.9965	64.7454	69.916	74.0618	69.0283	70.4034	70.5095	70.758	66.073	48.6936	54.7535	66.6099	58.4839	67.7746	67.3541	63.1006	74.6035	62.1193	68.2664	60.03	62.4049	68.6039	70.9682	72.3222	71.7651	68.4859	38.8898	52.8708	60.9784	71.4602	69.58	14.3496	49.2504	45.6439	36.0997	56.6761	49.2203	51.7902	39.0093	67.4989	59.1806	48.2149	33.6071	42.2065	45.907	47.5912	58.0203	67.545	60.6754	65.1004	68.8414	70.6308	35.6163	70.3235	73.1354	66.0362	52.1031	39.9827	50.9622	67.8541	55.813	43.4395	56.9663	66.5672	40.0721	66.0499	63.456	53.1945	51.8032	39.5169	60.0426	65.6246	58.8779	53.1464	55.2013	19.0146	66.7735	60.0513	23.604	19.7872	40.2553	22.1925	31.3372	32.3909	33.5823	2.57299	26.2203	44.0066	46.5354	36.9775	30.2768	30.6488	59.9085	60.0521	33.3026	41.4231	29.6753	32.5543	49.3019	50.0966	47.3165	45.0878	47.5261	53.758	65.8588	58.835	20.8319	53.8365	65.3428	59.8526	41.5787	66.1531	56.6113	66.8061	70.8386	74.2206	69.4209	52.111	61.3653	55.4068	53.0518	70.7156	65.6376	73.4893	79.735	71.7872	77.3821	72.5417	73.6504	75.4931	60.8705	53.0377	70.0558	20.9786	64.8351	55.487	61.2135	79.8498	76.3324	59.6795	73.1525	72.4591	75.415	72.3555	57.8174	15.8701	70.2325	64.7745	68.591	62.2697	63.8079	74.198	71.5874	35.2943	77.2187	34.9802	76.0473	54.6652	14.6448	69.0279	67.607	33.8679	68.6454	31.283
68.2541	67.6933	66.332	67.1665	47.7673	6.00175	1.73984	2.08433	5.2521	35.3089	60.9491	70.9044	72.4291	71.3174	63.3265	45.0179	58.2809	67.6432	76.083	72.9329	74.0611	75.1569	74.6084	74.4018	41.4486	70.8561	69.6362	54.9216	64.4044	73.7241	41.5241	68.1797	71.7778	68.0232	69.8514	60.6078	75.4379	78.0224	64.0493	62.932	50.7104	69.1398	70.9714	54.9233	42.0463	21.255	23.738	58.409	68.0901	67.9917	75.7177	76.7951	73.4108	69.0403	51.6843	34.4244	47.2355	65.0534	68.6809	70.1924	74.2468	74.2195	73.4911	62.8964	71.9533	68.9709	63.0512	48.2456	72.2271	70.7661	71.4287	69.8058	65.1209	66.323	71.0999	66.9312	63.1981	61.3155	59.8884	57.0627	55.0684	65.6952	72.3635	71.5556	67.7254	68.208	67.641	56.5008	36.2694	21.6741	41.6791	55.2147	55.6575	45.9785	62.7753	72.0726	72.113	69.9029	68.8171	67.1458	60.5139	59.0865	60.4442	49.8784	63.6588	73.9007	77.5328	78.4227	74.6411	41.9122	59.0807	35.9434	32.1562	57.6485	57.6552	62.0992	63.8088	70.0307	66.7695	56.1488	56.0051	56.8306	70.7318	63.961	23.4753	55.9264	56.3037	71.4916	69.3306	63.5428	56.8209	59.8987	56.5788	61.6797	61.4543	30.6803	50.1425	56.0925	49.7778	64.648	49.9865	56.8982	66.0805	69.1746	33.0726	73.074	69.9672	67.7885	66.9618	65.5926	43.8565	46.8588	51.1666	40.1964	53.2727	64.3254	47.1705	56.0325	54.0917	45.1411	51.9008	25.3472	57.8592	64.2081	65.9511	65.9252	9.78089	65.5186	64.9665	30.8218	39.4457	37.2335	46.3298	31.1177	46.1695	20.4037	34.6563	39.681	52.1206	50.0579	55.4021	62.0281	44.5229	18.8272	62.3475	63.0716	55.2656	48.9023	12.7637	60.3699	58.5713	45.8466	21.5892	45.5526	38.5326	48.251	56.6332	49.624	39.8147	45.7754	22.2393	47.6437	58.4549	59.0321	65.1363	63.8546	69.5505	73.3146	67.1636	64.8007	65.739	51.458	74.6126	74.2072	73.5666	74.0737	78.8942	68.6581	62.1296	74.5173	50.8236	75.126	48.3081	47.011	55.3407	28.2008	53.7051	49.4406	67.2745	78.833	75.1873	63.2098	72.3695	65.7536	74.5882	75.4907	58.0561	39.1988	55.3213	62.3393	71.2837	73.6924	52.3734	72.5433	70.7622	60.9294	73.3375	49.6855	72.7688	59.8734	22.1728	66.3344	67.4528	57.4731	56.7137	58.6848
74.6861	75.0755	72.9868	65.3396	35.9659	3.79221	2.21633	14.6827	38.8341	62.5673	72.8215	75.086	72.8153	72.771	70.1431	49.429	52.1654	65.1459	76.3533	72.8621	74.7184	76.7629	77.2948	75.1303	69.7822	72.5435	74.6231	73.4789	39.7644	70.3541	69.6877	65.2584	72.2733	73.8705	69.6053	62.5478	74.9228	77.5983	45.2201	67.0886	54.8735	67.5016	72.1585	62.7605	53.0237	41.1689	15.0634	44.7468	62.2881	68.4594	72.1638	73.1542	72.6154	72.5765	69.8024	65.1517	61.852	41.6992	48.6163	63.7373	71.5446	73.0096	64.9133	73.4963	75.6939	62.9474	51.354	45.7856	75.2185	73.6101	71.3933	72.7868	67.1745	65.4003	64.1426	60.8897	57.3478	50.9185	63.6534	65.3596	64.0939	74.5404	75.1838	71.4916	67.2388	72.094	73.6163	70.6043	60.8973	57.6286	48.8952	31.2229	13.1267	15.2162	27.8236	57.0592	63.4445	61.0025	60.3123	69.4945	72.2429	65.788	61.167	33.4596	72.3591	74.275	74.0607	69.9469	52.6424	64.7667	66.5485	68.2506	69.7464	65.5735	58.7191	59.7623	64.2477	63.5806	45.6098	68.1395	70.745	60.2608	50.7603	72.4948	68.4375	59.7073	67.067	76.6356	66.0493	44.0076	65.1193	61.6071	56.0162	56.4934	60.669	66.092	59.3584	52.7248	65.0382	63.2291	59.1769	56.1483	73.6171	70.0554	41.2326	71.0696	65.858	60.5922	53.9782	60.2897	56.7763	16.7558	31.2474	3.79202	44.4217	65.2281	64.8133	49.7618	64.933	44.0437	41.3956	47.2885	62.9757	73.3597	73.4448	59.6572	62.7894	69.8127	42.6862	33.5363	56.0467	26.5463	59.5365	43.2663	50.1189	50.905	23.9741	28.6647	34.46	35.8418	19.7727	53.9289	67.8985	14.1701	57.8065	51.0328	15.3432	37.6929	60.0558	51.0951	34.5003	52.4128	46.6903	50.507	35.8183	40.4411	54.4621	46.093	56.8781	48.2163	34.5574	8.10616	57.8775	67.7762	65.1247	63.4429	73.7452	72.8819	69.5942	68.1686	59.9532	65.7201	76.117	67.4345	67.0681	73.6604	73.7046	62.1545	17.8687	64.8944	66.6823	57.5266	73.583	50.597	49.6969	44.5275	53.6133	20.3609	65.6296	78.6594	71.9458	66.6703	70.3587	67.4908	75.5161	75.5249	29.9172	60.9284	14.1234	39.1335	62.9361	72.6833	47.1765	68.8694	58.0615	64.8286	53.746	61.9041	64.3211	64.364	30.8141	57.4933	63.3511	44.9386	28.0183	74.4324
74.8363	70.2474	50.356	27.3278	3.86574	1.70472	3.30412	24.9129	53.0465	68.5887	73.6588	68.9358	48.5207	67.472	67.0666	57.7653	19.4371	66.6238	77.6517	75.5258	54.7546	39.697	22.4737	21.9261	55.0218	69.9627	72.7514	76.4493	62.4503	68.3626	71.5941	71.0942	57.5952	75.3268	70.9519	66.4366	71.5729	76.9349	26.9637	66.3139	66.9232	70.4323	72.0422	62.8258	62.9762	57.7586	35.3447	21.3571	54.3873	67.4478	69.1967	69.9605	70.2851	71.3602	69.2913	66.7456	69.4206	67.4291	65.7141	30.4878	54.3671	10.0404	64.0875	76.4959	73.8293	50.4187	54.6766	44.8056	75.9215	74.8988	65.7011	66.569	67.0336	68.6906	59.1707	61.7692	60.0673	54.9943	62.6597	64.6905	58.8918	73.2903	59.141	64.0723	64.5591	68.1041	69.2342	71.0947	69.5209	69.8198	67.6759	61.5135	35.3006	46.2765	50.3405	40.4483	10.9927	28.4102	46.0791	74.4613	75.6478	59.7464	32.8028	71.2452	75.773	64.6102	34.0557	68.7745	75.7359	73.9268	71.6725	72.7594	70.7522	70.5167	69.9008	68.3828	70.8976	58.2793	49.1122	59.2039	53.8001	70.2603	56.0443	66.4504	71.7507	68.9024	62.2914	77.5155	73.8444	61.6842	49.6672	62.3315	57.4244	50.225	55.0463	73.1668	72.4091	35.3063	66.947	67.8573	68.9972	67.3983	77.4643	66.6248	57.435	71.7698	66.48	67.8028	68.9364	66.1525	45.564	41.2357	47.6513	39.7474	43.6803	66.3767	68.1808	44.9791	64.5377	62.646	63.3555	54.2547	63.327	75.2181	65.0403	45.7286	72.5349	62.0678	26.995	48.4813	56.6385	33.6688	68.0415	52.1917	63.9796	58.9941	40.6379	38.4376	44.1715	54.8401	60.422	38.5605	69.036	34.979	55.4622	49.1225	31.1122	48.9097	23.9905	55.7894	65.0338	58.5336	40.9854	52.4288	31.662	50.6581	57.8252	50.3552	64.8728	58.2238	57.034	64.0705	60.1897	44.8813	39.3339	70.1038	74.5778	71.6048	70.6796	68.5538	38.2774	68.4965	73.7315	66.9771	68.046	66.3904	67.5072	58.8046	44.9177	45.9283	72.4373	61.3613	66.0003	73.2072	56.3027	66.4696	59.1076	56.0602	70.2306	79.494	70.957	60.5141	70.3994	71.5579	74.3175	73.6557	13.014	62.8435	43.8962	30.97	58.3544	67.0696	32.9038	66.6612	44.6564	60.4197	29.5723	68.0774	43.1347	69.9088	47.6836	50.7063	61.1293	42.0336	62.9288	75.6807
75.0085	64.4394	19.0239	4.67682	1.24827	3.3218	13.1656	38.9242	60.7696	71.5824	73.8778	65.7304	58.8566	67.6316	69.2498	67.844	40.4349	52.1047	74.8169	77.1782	74.9979	75.4751	75.085	72.8122	62.442	28.315	63.8896	77.1448	57.684	72.4569	72.2836	71.067	49.6996	73.3117	66.4005	65.104	67.9029	76.4475	50.419	62.2478	63.9962	72.062	70.8624	57.5689	57.7226	60.1062	46.7584	11.8824	42.7227	58.1964	65.5433	68.7336	68.387	68.3271	66.4263	62.5934	62.5364	62.2974	71.572	41.9452	62.008	65.7074	71.4124	71.8541	64.7563	51.5996	53.3178	40.6647	77.8067	78.4441	71.8908	70.1071	72.7929	72.2534	61.2351	63.0251	59.2031	66.2957	62.8041	68.094	62.0929	71.9634	52.7361	63.2199	71.334	68.1153	68.9441	70.2759	73.4747	73.5495	71.6068	68.7211	33.4422	61.1696	58.2626	66.2335	51.0789	11.5044	42.6705	74.0889	76.9587	69.4398	72.3447	76.4669	72.63	38.2544	63.1411	66.3669	69.5279	65.4043	52.9216	68.2108	70.4637	72.5243	72.9936	71.5337	69.0456	49.9043	66.2624	57.5981	50.9677	69.4607	70.0243	61.8511	71.5304	70.7228	47.1688	74.2586	73.3282	73.3783	37.4362	53.636	52.3442	42.572	59.0273	75.3736	76.8941	24.9379	60.1392	67.7438	67.1165	71.5737	76.9499	30.4813	74.6807	75.9094	67.6166	65.7086	57.8133	28.0907	45.5103	60.7031	46.8686	43.5295	47.6933	70.6855	61.846	55.1753	61.1558	43.1285	41.5222	44.8436	68.0642	76.182	38.2029	69.513	72.4818	39.7757	45.7447	48.6144	54.6142	41.5776	69.8318	43.3538	66.7052	48.6961	52.5786	32.935	31.1453	20.545	42.4039	58.6843	63.0319	27.6536	61.5014	62.6752	52.8147	41.3127	30.4606	59.8536	29.9157	41.8459	44.3696	50.8653	38.9505	57.3961	54.865	40.2189	61.6141	45.2034	14.5903	39.1539	64.032	72.3987	74.2308	75.1102	74.2128	69.7482	63.7348	68.6928	49.9047	67.7765	66.817	62.102	70.9671	73.494	72.1038	56.8755	44.44	50.1257	69.4801	73.9558	31.7028	73.6048	71.56	53.3959	56.7138	25.1843	72.3024	77.2114	72.0421	31.2526	64.808	75.4409	77.9661	76.2439	57.8784	29.6605	35.3743	42.7908	48.2083	63.3578	22.2461	66.2323	50.7179	47.9832	26.6904	68.6519	23.2412	69.7083	59.6038	49.6834	60.455	47.413	67.6914	74.7518
65.4337	41.3854	6.39931	1.48885	1.00931	5.17892	17.3289	39.4367	57.6235	71.7033	73.543	57.9776	19.277	54.2903	70.8332	75.0637	69.4048	50.9943	63.6363	69.9646	68.097	64.1899	57.3788	64.6228	67.238	56.1167	55.1435	77.0777	48.1958	68.8668	66.0806	62.7315	58.7727	73.5416	62.9678	55.0508	65.3059	75.129	60.9297	52.7395	69.4679	76.143	72.4421	55.8734	62.0147	68.9543	64.6863	26.1768	32.5262	42.7048	59.3502	63.1317	55.5153	55.7955	67.4371	65.3517	56.1342	64.0458	73.1059	38.0033	68.8316	62.1598	60.3726	66.3073	69.1588	68.6399	69.3882	62.8923	78.6063	79.7165	65.1506	67.4495	73.9753	72.7828	60.3102	56.6053	59.872	72.6609	67.196	72.5985	73.8777	75.4904	71.8462	73.9299	76.1798	74.6039	75.1457	71.795	66.0888	62.091	74.0482	69.504	32.869	70.0883	72.3965	76.8502	76.9688	67.7048	32.7511	64.3709	75.9843	76.6409	76.5476	71.7874	39.6573	54.7504	67.1361	62.7917	63.3221	62.3987	67.0508	70.3441	48.2618	49.7215	55.9649	57.0178	59.1241	59.8829	66.9375	45.834	57.8508	42.7554	71.5855	68.951	74.963	71.3908	50.9202	71.5952	68.3602	67.7061	55.0611	41.2021	40.554	42.2306	38.0244	76.0915	78.6702	48.3999	56.7535	70.2519	63.5062	75.8268	71.0214	66.5406	78.9144	76.2562	64.4436	33.2922	51.6083	66.2082	71.7603	73.5728	70.5081	70.4912	72.3263	73.4598	40.0018	64.6318	58.2118	35.5282	47.8327	2.40356	75.1684	75.5416	35.3646	71.7688	65.5531	23.9678	43.9631	51.3686	50.999	24.3105	68.8525	62.4859	48.4805	40.7836	47.9767	34.7859	53.1405	61.5696	49.8095	41.8429	54.8002	41.9227	64.706	63.472	61.2835	64.435	66.358	63.3133	47.8951	51.6356	37.3636	35.8244	56.9848	30.9431	47.992	55.4526	64.1018	42.8579	51.9271	61.5974	67.6096	67.9616	67.8816	70.6251	62.3817	52.1191	65.071	71.4105	59.9075	64.2422	67.3425	60.7382	64.707	75.8021	76.2278	52.7254	59.7079	61.999	63.466	75.1629	67.4252	57.063	74.3482	37.6601	59.1624	60.0708	66.527	68.7427	75.4724	74.8032	57.4239	58.7915	77.3331	79.8157	78.0114	72.0394	50.8475	20.1041	49.5562	56.5974	52.8123	52.7641	67.0967	53.4764	49.561	69.2341	54.8785	65.6237	48.5693	45.7974	62.372	63.2347	70.4702	69.5853
35.7936	12.626	1.78155	1.10822	1.35167	5.56436	15.161	34.866	56.1294	72.2356	74.8015	70.7093	68.7089	56.9078	31.1593	71.9046	73.7208	65.749	61.7044	53.637	49.6339	53.839	59.5602	69.3986	70.2245	62.5491	57.8212	76.2257	61.072	56.9205	67.8874	67.0068	52.272	71.7682	56.4259	52.8675	63.1204	69.9946	66.1173	50.246	48.5597	75.4267	73.4093	70.9457	73.3938	74.918	73.2556	33.6878	26.7674	36.1577	64.7605	68.5835	58.727	56.6652	65.4626	46.6345	61.9627	71.9583	76.5409	63.73	62.8109	69.4123	71.409	72.3841	73.0755	73.5928	72.8593	66.9954	76.7995	79.4585	38.5602	66.2321	74.3218	73.9113	64.3849	59.896	68.228	72.7528	68.5321	72.5879	75.8016	76.6418	75.9981	76.3353	74.3116	70.4548	71.7185	62.0648	65.2883	75.6936	76.0135	35.378	64.3642	72.7737	76.6593	74.2893	78.3152	73.9433	64.3444	42.1682	54.6593	70.2554	68.4651	57.1504	47.755	62.1095	66.3716	63.0388	68.6618	69.0966	61.8917	65.237	69.1487	76.2022	78.3917	77.4456	75.6583	29.7241	64.7007	65.6353	67.878	56.1132	64.5584	73.8063	77.2103	65.6463	70.2363	75.5048	72.9162	56.0768	37.2285	61.639	61.7503	62.6883	65.0828	75.9517	78.4858	58.0358	57.6597	69.9675	53.5827	73.9126	47.9851	74.3051	78.0446	72.2136	35.7568	59.9918	63.1954	65.8971	68.054	69.4765	69.5115	72.7247	74.127	64.9449	51.1582	61.8112	56.1634	46.3096	14.6579	47.3292	76.2716	71.6019	58.6281	65.9276	61.5794	46.0141	30.7972	51.3422	47.8919	51.273	49.0602	70.5152	59.3539	62.7167	41.9496	66.361	49.4584	41.5151	61.1392	56.8525	51.1006	44.3045	61.7146	69.473	73.2498	73.0407	70.8666	65.3362	59.4584	57.3244	44.7851	62.9739	66.0885	66.9735	58.9914	51.8918	61.9199	33.1066	45.9548	28.873	47.9476	62.9313	69.8305	66.1759	50.4628	61.8775	63.2675	66.8951	68.7924	55.213	71.7667	47.8107	54.5861	74.7628	77.3482	68.8042	42.3156	37.3035	17.3544	65.8317	71.2124	50.6095	68.2684	64.8699	52.7497	66.0316	56.7814	70.2332	72.588	72.7976	70.9994	54.6852	51.7658	72.5057	78.3303	76.0955	70.4543	42.282	49.8875	54.3625	65.7001	47.7511	68.1721	71.1866	54.8366	65.6689	64.1221	63.7331	46.189	54.8335	64.6027	69.9359	71.7327	47.5602
40.7507	17.9123	1.3179	0.865341	0.624028	6.8894	11.1582	11.939	27.5102	65.5294	71.5363	69.3782	70.1865	71.5761	68.9603	35.8101	72.185	68.453	68.1301	66.833	61.7663	57.1279	58.2876	70.2878	69.8548	58.6358	59.9983	75.7185	68.0159	48.8014	64.2018	66.1473	44.208	69.7134	54.714	58.2033	65.6923	69.037	63.6647	53.4045	39.4955	70.2601	64.8744	58.0418	51.9108	74.1317	75.6517	27.715	53.2195	42.1038	57.7277	71.3372	64.9894	62.1147	66.547	65.0954	59.2444	66.6896	74.2348	73.5563	38.3644	66.9758	69.5687	69.3064	69.4734	67.6771	67.5672	60.385	73.9932	78.2293	54.1621	66.8302	74.834	74.5378	63.1168	64.7885	64.8108	67.0862	66.1626	66.4403	71.687	69.1529	55.389	27.9074	31.819	64.7832	76.2874	77.0342	74.8384	75.1181	55.7376	65.458	72.1919	73.4125	75.6884	47.4258	75.961	70.4707	66.621	68.9938	59.7643	8.85048	18.5935	38.5068	56.084	68.463	72.1262	69.4756	71.9823	62.2795	31.6098	61.4769	64.6486	71.7435	69.6477	71.4468	75.8505	67.4995	23.5587	56.871	67.6945	70.8821	61.754	68.9919	67.5306	46.1681	75.3655	76.5966	68.5523	11.4427	67.2147	70.5377	74.6539	74.0296	70.3944	70.9147	76.6007	60.2333	53.8096	71.2243	36.0125	72.6175	35.3141	75.4642	77.8876	69.9966	63.2138	68.6035	57.7557	47.1236	53.8254	57.2399	49.2347	60.7015	56.6095	35.1825	63.3271	60.5017	49.1753	34.7768	47.0171	47.8386	75.4643	68.7958	67.3906	61.3374	59.4997	52.8769	34.5289	43.6494	46.8126	62.6023	64.3251	65.7481	74.6409	61.2008	68.4105	60.0912	69.7063	68.9372	69.6712	63.4148	47.9987	44.4369	60.954	62.7828	60.1422	51.8156	42.2548	31.7992	20.0175	39.3644	50.6821	68.0956	67.3821	27.8723	55.9247	62.1194	60.1753	47.5526	54.2302	56.959	48.3166	54.6897	70.0222	66.1064	68.5705	62.8265	66.7954	62.5844	71.9254	26.2822	72.7774	58.8735	56.7244	70.8515	72.8387	72.3585	72.8391	70.557	64.0626	21.6966	63.3662	69.4965	40.2298	65.9484	51.7751	46.413	61.1537	61.7086	69.1523	69.4357	64.6128	60.7674	67.3424	57.6456	61.3999	74.4857	76.5665	69.2149	16.528	37.4513	62.6658	70.4996	38.7104	72.1067	69.8208	33.2707	63.8759	62.3014	39.9562	56.546	69.3944	73.8468	65.2254	43.0355
65.0468	42.9728	1.22354	0.931887	0.713497	17.2473	20.5194	11.4606	11.9864	48.5901	63.5757	65.737	66.4858	69.1683	74.4114	60.5161	53.208	68.1327	70.2364	69.5937	68.5557	67.2952	64.3221	67.828	69.1632	57.9943	46.1088	75.2501	70.5195	54.7863	67.6331	68.5637	59.4279	69.3621	64.3523	67.6684	70.2214	70.9544	60.9536	14.6265	51.8869	59.081	50.5838	50.9738	61.6146	75.0641	73.8568	51.8967	68.6368	69.6105	56.3332	52.4511	65.3051	68.3213	64.6913	50.4999	58.4079	67.5032	66.1053	75.1525	70.8813	33.1349	59.1919	67.0018	65.8072	68.1675	67.5192	63.872	75.2706	78.3837	64.6115	66.3942	75.2207	73.6752	56.259	68.7356	67.014	66.8855	70.3157	66.9406	65.1615	13.6832	62.2055	69.2266	72.3698	75.4113	75.9648	74.6133	68.5046	63.5609	48.6129	74.1476	72.9218	73.1462	72.9494	57.3875	75.4076	70.8928	61.2316	67.599	67.7574	47.5629	36.8716	17.0062	26.5015	58.2325	70.3144	71.8007	74.3521	67.2121	61.2392	53.2155	62.1449	72.5195	63.422	71.5562	74.2335	73.2559	51.6504	70.2827	71.9639	73.2194	67.5517	64.0677	17.9953	69.6631	76.221	72.6891	60.7005	65.2375	73.9572	73.3899	67.29	65.698	65.1426	56.3415	73.5945	65.3556	27.6626	73.5361	60.1752	72.763	40.7073	74.1393	76.4694	64.3726	66.8426	66.7211	56.6914	38.175	47.6694	63.7919	53.0989	50.2976	36.9421	60.8261	64.894	63.6876	52.1473	33.2351	56.6745	61.3839	73.1697	62.7467	69.1355	62.1664	54.3003	18.7599	42.0984	17.615	18.5479	60.6376	69.9126	63.5149	75.2361	53.0722	69.7079	23.3612	57.0917	63.1145	64.8531	50.6774	19.0032	62.5862	66.71	66.6452	72.1517	71.3126	66.5553	58.33	47.3537	30.0852	44.164	61.7392	67.3119	62.5489	54.3928	44.727	52.1692	58.7092	56.2599	58.7997	57.4198	53.514	64.4017	67.2574	70.845	70.211	70.6542	67.4519	72.2124	22.8085	68.7798	63.6185	64.9375	74.4894	70.287	41.5951	41.0502	53.4895	59.0769	55.2806	48.8376	71.2246	42.5011	64.1114	55.4759	65.0831	60.1121	51.0315	70.7274	73.4133	45.6768	70.3744	67.332	72.3898	55.5713	51.6446	76.1566	77.0691	73.0122	66.0633	31.0826	68.8035	42.419	62.0605	72.0678	47.3054	47.6423	15.0252	42.2324	63.7366	72.6761	74.2507	56.2928	62.1382
70.0524	55.4263	1.05247	1.16068	1.59494	58.9957	70.1422	69.9774	56.43	34.4077	25.3681	33.166	50.5549	66.2771	74.9678	76.7119	70.5729	46.9806	56.9421	69.5696	74.4279	75.8619	75.9952	74.6357	70.6801	65.479	55.8262	74.5031	73.6146	68.7727	72.8787	73.5524	71.6267	74.8871	76.6447	77.9385	73.8608	34.3178	57.239	70.0912	72.8616	69.7783	54.0139	46.3582	63.7148	74.2976	68.8125	65.7561	70.6069	65.4244	71.2835	69.9903	59.5425	51.1939	55.3581	29.4324	61.3234	69.8022	70.0919	75.6677	76.5506	73.1311	68.2013	42.8647	50.6583	67.2968	65.7533	73.914	77.6081	74.8856	30.8073	67.4235	72.4343	73.7099	71.9927	72.176	71.4719	72.8027	66.7631	45.2193	67.6075	76.6496	77.0364	72.4883	66.675	69.6705	71.7759	73.4128	64.9781	36.2094	59.1957	71.1421	68.9929	69.0325	70.8498	56.6417	61.7895	69.6132	66.8609	64.3502	71.2622	70.7089	59.2088	50.518	53.4474	25.2613	64.1128	74.4201	78.3328	78.2701	75.7087	74.3464	76.6371	75.8473	70.6089	74.8612	76.6752	78.131	62.2597	68.6008	70.5993	73.0602	70.5768	51.9128	63.5448	71.809	66.1467	72.1842	78.3058	77.4557	72.0144	71.6002	57.0133	65.0765	68.7601	56.9714	66.4685	66.1866	40.7746	68.5644	67.1429	67.6926	47.244	72.8479	72.5735	39.5307	64.2168	68.3698	70.0681	71.7943	71.1427	65.3162	3.98848	69.3222	76.1819	73.6642	68.1414	62.8988	16.8052	58.6426	65.4843	63.8722	68.0957	34.6638	67.0183	63.8083	38.8905	52.6714	47.8252	41.8917	55.4556	69.8747	70.4193	65.2418	76.0511	76.5138	71.608	57.93	55.1075	59.5818	33.8526	57.6042	73.685	71.3726	53.1368	57.2641	20.9902	57.3347	67.835	63.9645	59.2666	47.8602	43.085	58.9927	57.0506	45.0709	43.5232	40.3952	59.8946	62.6468	53.0335	38.8083	55.4409	59.8924	61.9298	71.1861	72.6244	75.3981	74.4622	71.7434	74.2557	67.3222	55.0214	70.8068	69.8504	76.6305	71.1099	69.8393	72.0454	72.0487	72.0413	63.6833	46.0831	68.1639	69.5586	67.4051	58.3582	43.9967	6.21683	62.2367	74.2471	68.5022	65.8818	76.53	69.2012	71.8537	72.584	60.5719	62.967	69.1762	70.7732	76.5926	73.8306	26.964	71.3599	56.069	66.0513	67.7436	20.2805	44.7126	42.8657	57.7337	71.504	71.316	37.1714	67.7354
71.2913	58.3945	0.882202	0.713376	1.87083	72.9353	73.145	72.3211	63.5633	37.0108	20.5792	6.04323	26.1116	53.262	67.3452	73.8016	74.0866	69.7854	70.2395	69.2899	68.0884	70.2761	70.8251	68.7839	64.4961	62.301	48.502	70.6082	68.8397	61.458	68.9286	70.4904	62.9975	68.093	72.1877	72.3745	72.2365	69.865	66.8205	67.8117	67.0279	61.2436	56.7983	30.8923	67.2069	77.7297	67.7591	69.5882	69.5306	38.5819	58.9993	68.0986	68.3627	53.1065	51.9138	1.97205	47.0129	64.564	67.3483	73.6932	71.7531	68.1688	71.1847	68.687	10.7388	63.2072	45.651	72.8814	68.6767	46.9201	27.5912	66.1142	57.5198	68.6344	65.36	62.0376	60.3002	66.1436	51.4895	74.9175	74.1973	75.794	69.6591	65.6962	37.6281	61.6517	73.3837	73.0653	43.9175	18.6602	20.6222	66.8763	72.7461	72.5589	74.0184	71.8907	46.7367	57.3959	70.5519	51.9224	63.347	70.635	61.883	46.309	54.8278	56.5944	32.0636	66.0965	74.6767	75.7894	73.0903	71.2462	73.5471	68.6052	65.2758	70.5337	74.1515	79.4626	74.242	63.3299	73.9736	75.5005	68.7362	57.9689	72.3175	66.1588	51.1513	73.8305	74.1298	73.5474	50.509	67.0098	57.9795	53.8093	63.555	41.1036	53.5254	60.6229	50.2935	47.7863	52.2947	40.6447	70.5599	67.7003	65.678	14.945	67.417	68.0126	66.331	68.5901	68.3051	52.6192	59.7056	77.1273	75.6212	65.8637	53.9997	42.1285	50.67	61.2055	65.3834	63.666	54.1894	37.1879	65.376	61.2765	22.5535	44.3865	28.3607	12.8672	56.783	68.7099	62.039	51.8006	69.1147	71.668	66.2812	54.5726	48.7755	44.0403	54.2092	72.6082	74.71	66.8492	52.5288	47.1927	55.8667	50.9729	59.9902	57.6785	47.6897	53.5455	24.4825	65.2771	66.5476	63.8206	62.1812	49.386	19.7172	58.3409	58.8316	42.4737	24.0823	54.9067	44.0087	66.4078	60.3846	76.1867	75.3138	68.1178	72.3765	74.1978	9.9315	72.8837	72.6602	77.4776	73.622	58.7629	67.923	69.4932	65.8017	44.5104	34.4333	52.2624	67.5223	47.7252	40.4938	50.5206	39.3473	69.0921	74.805	14.7214	75.0037	72.4964	62.5344	59.7223	69.144	72.7242	51.9242	57.3474	44.4739	66.9118	77.4895	74.9356	68.3217	70.1907	17.9379	69.472	48.4154	47.2689	52.6038	56.2304	71.9511	71.1279	22.3024	69.5992
68.9401	54.3885	0.882116	0.882098	1.97178	75.5878	73.1111	66.0996	65.5113	47.9043	41.7586	28.9164	20.925	23.2119	31.9205	63.0506	70.8861	69.9833	73.0859	73.2332	65.7876	55.2888	50.7309	42.6183	46.5127	56.6003	48.187	69.4406	64.9695	48.3564	63.1467	68.8885	47.2487	53.2447	55.6904	7.73821	73.5782	74.0929	58.8301	61.4741	61.6503	26.2567	58.4484	64.5359	63.4357	77.7366	64.5903	73.8195	71.177	53.6933	47.4486	37.9206	57.4407	39.2768	56.5083	50.2046	40.578	49.6079	57.5239	70.6899	65.9859	50.0108	60.096	71.486	45.3572	61.9164	24.4942	71.8832	17.2055	23.3093	22.3092	59.5625	24.7035	47.7295	37.6344	45.758	35.3246	43.997	64.8754	77.0399	67.1296	65.9973	43.075	66.7388	65.4041	70.903	75.5275	67.2042	53.923	57.2227	55.947	18.9248	60.1038	57.0591	62.1766	68.2278	63.9062	39.7098	69.4334	50.865	39.6282	71.4667	62.6896	56.0269	47.0393	66.7338	51.5088	21.1375	45.3836	58.2892	60.1782	60.5005	59.7905	36.7257	53.1233	60.6804	64.4258	78.5	75.6019	60.5679	74.2702	76.7579	65.5062	63.0965	70.3126	67.8135	66.3763	67.4655	42.0355	71.4629	42.7323	66.2446	63.6186	41.9899	62.0087	57.5463	56.2052	55.6405	52.1265	36.614	16.333	42.8532	73.2592	58.1537	65.4652	53.6671	69.7805	70.4375	57.6958	15.9761	44.937	55.662	68.7499	77.5167	66.7241	49.1781	38.1198	20.9317	62.8903	59.6408	63.237	62.9227	22.6041	53.8075	62.0644	55.8092	46.9907	47.9014	50.4564	19.7421	60.1491	68.4209	55.263	27.3111	9.55248	20.5964	33.5461	25.2894	21.0813	15.7202	68.0449	73.7723	68.8128	42.6052	60.7765	17.752	55.7997	61.7911	44.2308	53.095	35.1462	52.5856	28.0197	66.1303	68.6031	48.8095	29.9855	21.0532	45.4164	44.7346	26.4232	39.3615	28.6159	42.8774	28.8954	58.2887	50.9959	77.1572	75.6161	63.3965	62.8111	74.6833	47.2326	72.2078	73.2834	77.0094	76.5428	72.3759	71.7817	70.5251	67.1268	58.7847	53.6194	50.3594	39.3649	34.1383	21.7274	48.2169	46.3234	70.7563	70.895	61.0456	77.5019	61.7752	62.0772	38.3592	65.5988	74.6817	44.9405	62.8533	63.1979	54.6899	76.024	79.3134	32.9796	68.7502	58.1509	67.5158	60.5018	47.0239	53.7251	54.8522	72.4477	70.9679	16.4849	68.8411
62.6475	40.3045	1.09399	1.38367	2.13878	74.7942	76.3018	61.7381	71.1651	67.3456	63.3812	52.7309	57.7259	58.6445	50.2643	46.6159	67.2799	71.7232	73.3187	74.872	72.8308	72.5318	73.1402	72.2674	68.8358	59.4156	55.1254	71.3095	71.4733	63.5664	63.8117	69.1666	53.5753	64.3101	52.0622	34.3521	71.368	71.698	63.8351	67.6177	66.0997	56.0001	45.3278	69.4185	71.9424	74.3607	46.5635	77.3018	73.274	62.8927	58.2168	57.881	59.4157	61.2531	69.2474	69.5066	64.07	54.0447	50.6467	59.9188	64.4564	61.6896	68.3763	74.6897	59.2198	63.5336	42.4744	70.7531	18.0984	27.4378	27.7054	55.796	46.2384	53.8799	55.1269	59.0527	49.5259	30.9473	70.6986	71.6725	66.8199	72.4554	63.1496	70.6907	75.2919	76.0731	68.3151	38.0049	73.1479	71.8713	72.0094	44.6244	52.9541	54.4775	63.2037	69.1942	67.1275	46.4147	70.6845	68.1948	63.7722	71.6982	54.3159	66.541	63.181	71.1856	67.6227	58.4975	26.8447	39.9068	57.3115	55.8329	36.6012	13.3155	33.4758	60.5237	71.2813	77.6831	75.6482	73.8783	73.8713	75.3739	61.9236	57.0719	70.1761	75.9831	76.1363	72.1479	66.0536	73.7233	60.1451	67.3081	63.8817	51.227	66.7909	70.4504	69.2679	65.6864	59.3236	51.5774	16.6745	40.517	70.8974	68.9026	73.7005	68.9671	72.7457	67.8433	8.04618	59.4221	62.8334	63.4267	71.8109	75.4685	54.545	32.3819	33.5368	23.8302	64.1191	63.5237	60.4878	58.5963	17.1799	57.375	49.618	46.3414	59.7554	60.5646	62.7092	56.4137	66.255	70.4614	56.8632	18.3397	35.1099	44.5164	21.7037	14.9624	15.678	41.4066	72.0208	74.3851	67.5028	53.1616	60.8753	43.1936	42.6563	54.1501	35.7178	43.1289	36.277	54.5891	55.3155	55.4222	67.3276	53.9613	47.5332	35.8217	47.3622	55.9601	55.4259	54.389	46.9481	46.5582	36.5233	39.4928	73.4839	77.823	73.8484	61.1091	61.5536	71.1804	51.5616	68.2921	72.5427	75.7005	77.1747	75.9312	75.3743	75.4028	75.0938	72.2592	67.4172	61.5632	48.4312	30.0924	56.893	58.0822	56.4307	67.8308	50.9016	75.5751	77.9853	50.6723	63.5082	39.6642	67.5994	76.7341	45.7637	73.6383	71.2216	74.4222	52.421	78.0219	73.4155	27.9284	69.317	66.0121	58.1727	62.046	56.9325	58.9446	72.6579	67.3784	12.5911	64.9505
36.9132	15.2152	1.31714	1.59437	4.7106	75.8779	79.4922	69.4824	75.7066	74.7523	71.1829	59.8959	71.7746	75.109	75.405	70.6684	54.4152	55.9334	70.2157	74.7873	75.2089	76.1092	75.302	77.1586	78.4663	75.1084	64.782	51.0363	71.4315	62.1928	61.6049	61.8941	40.9834	46.9865	36.7061	28.3149	64.354	70.5453	66.3681	68.6632	68.1078	70.7664	66.654	56.1863	62.0626	61.8376	27.4415	76.4464	74.7217	67.0605	57.1982	25.698	59.6426	73.6027	76.3315	77.0184	77.1589	69.0422	56.0114	49.8452	24.9608	55.1318	71.395	76.2319	54.6649	64.0354	40.138	68.0894	57.5993	57.9354	56.764	63.4774	64.1332	57.3028	39.6584	28.5583	66.4792	76.7374	79.2191	76.0349	70.7255	75.8767	71.1309	51.7719	44.4318	26.7559	65.0836	77.913	79.9836	77.1052	78.3008	66.0196	44.2569	60.4906	65.9029	66.4558	66.3462	59.4329	51.834	70.8098	73.8997	66.9392	42.1774	72.6708	72.7263	75.8399	77.3443	76.4999	74.5227	71.3752	67.4716	66.1636	65.7972	67.0879	67.3463	50.7314	63.2511	77.005	80.0725	80.4463	78.5311	73.0727	53.3849	29.0126	38.3402	43.5761	54.9439	57.9618	66.8634	75.4411	76.4138	74.5858	68.6221	59.6619	59.1019	59.802	58.0696	57.6865	53.5098	61.1291	56.6845	55.1088	65.9822	58.6118	69.0727	73.5402	72.2971	46.5941	54.9291	45.589	14.49	47.0083	68.9083	66.894	67.6981	69.2579	68.9881	66.5367	62.4695	64.9493	58.7813	60.7782	24.7594	61.2055	18.6244	55.9456	67.2024	68.7322	71.1196	73.6793	74.0056	67.7819	37.8646	32.3707	60.1431	64.8089	70.1535	68.4266	56.9604	36.7816	72.2554	75.0549	61.5067	48.3335	54.4377	28.3872	19.3172	54.435	59.943	41.1588	31.6477	48.0093	62.6036	53.0713	60.0301	39.4174	56.3269	59.6054	55.2876	29.3898	35.0103	54.4086	49.6134	43.5001	48.5361	66.9278	62.9752	66.725	72.1411	70.2638	67.3907	70.4337	69.9449	36.6424	66.9758	73.2119	74.5758	70.5261	68.4503	62.5692	63.4721	64.5401	61.1137	57.9516	55.1232	28.3072	57.4539	55.859	59.2408	66.5937	59.9616	76.4902	69.3577	52.2221	53.0787	64.7178	71.6281	77.5973	39.0397	77.8345	70.2976	77.6404	75.1589	48.7855	78.2982	76.3612	46.755	43.1461	42.3085	65.9564	61.9732	67.0576	69.4558	49.5011	49.8205	52.3518
11.4193	2.79211	1.47748	2.49282	16.3674	77.4701	80.5168	67.6839	72.2996	76.0659	74.8696	59.5292	71.0853	73.1709	76.2834	76.4868	72.1836	59.0099	31.9921	65.579	67.9735	67.9319	67.861	73.4931	76.5612	75.3997	75.7932	56.1769	69.2788	52.6315	58.0297	51.5547	24.4854	45.5274	60.9689	64.6171	61.6555	52.4756	65.978	64.3304	53.2753	71.3019	72.787	47.6552	37.1636	53.3309	44.3957	65.7169	71.1872	70.7514	70.7261	61.3489	57.993	70.015	73.5202	73.6558	78.0682	76.1381	59.7323	61.9297	62.7604	49.8208	70.9201	76.0038	48.2681	70.6256	64.9895	71.8849	70.3896	72.404	72.5823	74.5342	74.8528	74.4031	73.3611	72.4891	74.9906	78.2259	78.2668	77.1933	77.8916	75.9651	51.2059	56.0502	64.8609	68.0763	77.1447	80.1925	78.5162	76.184	80.6034	69.958	42.1376	68.8024	69.1691	62.326	62.2369	63.5611	26.6452	74.3463	74.9193	54.168	39.8218	73.5499	75.4708	73.3724	77.8636	77.9512	76.3115	74.4966	71.1824	66.3448	61.8833	67.6437	71.3268	73.3555	57.1659	43.4695	65.3317	66.1773	62.0755	36.7202	43.8461	57.1689	61.7198	64.3697	60.6634	35.8098	35.9836	59.8167	62.0958	51.2523	24.4528	15.0171	34.9183	44.7933	40.0668	38.1025	31.4729	24.9368	35.4291	37.3088	59.9725	49.7931	42.1743	63.6802	66.3359	59.2537	65.7009	59.6776	59.592	64.911	72.0246	71.2658	70.5913	71.1403	73.6721	72.3859	60.8794	65.843	63.8006	67.4889	56.5322	62.7521	56.2777	67.3169	68.6494	65.4516	64.4935	66.2135	60.013	34.915	13.512	46.0496	61.4157	64.4817	61.1748	67.8666	62.4378	35.1	69.1253	75.5155	66.749	53.4702	51.2844	51.0182	60.974	60.5238	61.9448	62.3137	60.3098	39.703	37.5056	58.9879	64.5175	47.8242	19.4893	53.8972	59.8393	51.5671	48.7921	0.773434	64.3988	66.8241	64.0297	28.4029	62.4529	73.4376	76.4427	76.8463	76.8593	75.9797	74.0088	61.6639	47.8945	74.9365	80.6768	76.3752	67.8898	61.0439	63.5162	59.5339	46.785	40.0617	17.9036	50.8861	27.3706	36.2605	49.3468	64.7065	47.4253	70.305	62.9155	40.4011	49.1474	44.0079	76.1768	77.5435	54.9376	79.6126	70.0242	66.1864	77.7876	70.7255	67.6849	78.0862	75.6065	68.5889	47.9306	61.6986	65.9341	70.239	49.426	67.664	69.5314	44.5723
1.54652	0.97825	1.31685	10.9817	35.7555	77.3315	80.3895	72.3976	53.7538	74.8326	74.8459	55.2766	68.5496	72.2811	69.1041	75.1964	73.812	69.1765	52.9648	62.2302	58.0355	44.7634	42.1969	67.1296	73.7704	73.8363	78.6053	68.8342	64.5326	43.5666	53.6945	34.3947	29.8185	52.3876	67.6061	66.9007	67.9208	69.2415	72.3787	72.2188	71.4436	74.2051	62.0786	58.5689	67.3999	66.0327	62.0708	56.752	66.4628	57.738	48.9723	62.7964	67.8074	70.7375	75.617	67.0263	65.3815	75.8598	64.1084	62.58	61.0586	60.2752	62.09	77.0338	44.9004	73.146	61.1349	67.9074	63.5865	61.6039	60.5523	67.946	67.1928	71.2276	74.6849	74.7641	73.7807	76.389	75.4533	63.3428	59.3679	18.7783	67.7396	73.0447	69.5489	67.2135	77.4185	78.7373	60.7367	76.9425	80.8504	69.8339	44.5972	72.4841	73.4686	71.5405	71.9483	59.5154	48.6252	73.151	69.0848	52.1893	41.2231	69.8372	76.0727	59.4038	58.1468	72.9724	71.5776	65.1869	44.2787	29.278	27.0551	69.2054	67.7802	72.4755	73.4531	63.8258	71.1647	73.4047	71.5601	68.9075	61.8902	60.7359	64.5847	64.0026	67.0571	59.1626	39.546	58.4363	68.6719	71.1721	70.2227	66.3928	63.6699	65.64	63.0839	58.0824	59.1784	61.0453	66.569	63.5216	60.9016	64.6249	70.9495	69.6734	21.5356	38.4066	63.9591	64.6414	61.1821	64.0366	69.9136	69.578	65.9505	65.7286	64.985	67.4886	64.4905	61.3739	63.5836	66.1828	63.2126	65.2375	70.0444	67.1001	56.2492	26.3308	4.64634	12.138	12.6778	14.0009	20.1112	46.8035	58.0518	67.5812	48.9369	57.3056	60.495	45.4703	64.9552	71.8991	63.1925	60.3074	60.5937	62.5572	52.9842	35.6612	32.7947	52.2013	60.3917	57.7699	36.3795	60.1327	58.2532	59.1374	51.3976	42.6927	67.0189	63.0231	53.0283	51.8398	69.3116	59.5413	33.2693	61.5859	64.4802	54.2281	62.8402	70.1568	68.8564	71.3212	75.0549	67.3884	32.8327	76.8409	80.8438	74.0804	72.1392	69.8817	70.2479	71.4258	66.2941	55.9939	59.8808	53.2927	51.7299	54.7269	38.2698	47.1418	47.3871	51.5131	54.4177	48.5496	58.0812	59.9391	77.0475	75.0265	62.5085	79.0709	67.4947	44.6195	74.4255	76.3918	47.7962	61.9439	73.9284	73.0279	51.6168	57.6039	67.2408	65.4833	66.7818	73.2031	72.5671	66.2815
1.10718	0.864602	2.32515	19.3903	45.654	77.276	80.1283	75.5543	57.535	74.7882	74.5214	55.1369	64.4014	72.4125	68.8875	70.5869	75.7985	70.467	55.4832	73.2885	74.0021	72.7186	68.1802	58.8647	67.2355	74.5953	79.9442	74.6359	53.2184	52.2835	49.0971	46.8247	45.8989	63.1072	72.2709	69.1847	62.5078	69.4826	72.4448	71.7377	68.2583	56.6603	53.0181	68.6384	61.7345	67.8155	65.7584	61.8224	71.9223	68.4927	71.3552	64.6024	47.3908	54.6576	75.7833	77.0606	7.59899	73.155	73.2015	53.9566	54.6416	67.0614	38.3194	77.0968	54.141	74.7754	67.3325	63.7436	67.9266	64.6354	65.2345	68.4272	68.4599	67.0951	70.5941	71.6868	74.6503	76.3989	72.6283	29.8532	43.8925	68.2524	75.6004	71.7137	67.9141	67.7152	78.0244	77.4487	54.7773	78.9056	80.2277	69.2587	44.9975	71.644	74.193	65.9328	51.7498	27.858	63.5	69.3864	67.543	59.7909	48.7131	59.2845	71.4821	72.5081	59.2829	55.5095	74.2025	73.1407	36.7449	36.084	22.6017	74.0762	64.8458	68.2471	74.274	48.74	73.141	74.2215	74.2493	68.1419	59.9435	65.0864	67.7254	62.8627	69.3424	59.765	61.8901	70.5017	74.0158	73.6219	71.0187	64.0451	61.3653	64.2918	63.104	56.8037	56.9222	62.8299	69.1419	61.2459	39.7151	68.0584	61.9384	73.4358	63.813	54.062	26.6408	34.2349	48.4763	57.878	66.4044	69.6936	69.1133	65.049	63.4541	68.618	71.5377	69.8584	67.7429	63.7889	57.1016	66.8709	68.2667	46.9859	1.77978	33.2367	49.89	56.0325	52.5925	38.11	25.9726	39.3925	50.1569	65.3977	52.7696	56.3025	59.6111	30.4318	58.5117	67.0412	64.2276	65.7925	64.0103	49.8026	12.1693	17.2472	35.4158	50.7913	57.1353	57.7728	58.1788	62.5643	55.6464	54.7816	58.5749	26.1461	62.7606	67.9086	53.8893	43.4259	71.0663	72.3743	70.8599	67.7961	51.1187	43.8849	44.0206	63.2453	67.3069	71.2522	74.7337	69.8973	33.124	77.7022	76.6836	67.1072	60.2512	46.7808	38.275	27.1239	40.6537	40.3764	63.5019	50.0018	38.6591	45.5574	55.2482	9.76265	47.1152	22.2517	32.3446	38.3439	46.5741	60.4337	71.1865	70.4624	53.3155	76.8842	66.1211	40.5122	60.4689	76.6118	74.6472	43.5482	70.9172	75.2419	29.8307	55.674	68.2493	28.4555	73.8659	65.9394	74.0194	73.0901
1.22246	4.14618	15.3033	34.7496	53.3654	77.7679	79.8727	74.5109	60.6442	71.5413	76.3364	71.1676	67.2682	69.9628	74.0242	56.959	77.7849	72.3606	61.86	75.0985	74.8022	79.3767	81.1309	79.9323	70.806	62.4697	79.1446	78.6111	9.96424	58.4961	54.3044	58.7821	39.6858	70.8247	73.1499	70.5493	71.2764	67.4152	66.7989	63.5479	37.0688	64.7599	74.5939	68.9378	61.5351	71.83	65.5237	64.7656	73.2159	63.6368	65.978	73.4581	75.938	75.4156	67.3499	73.4855	69.4881	44.3034	74.9119	66.9296	71.2322	71.9949	71.9414	68.7875	63.1386	74.5784	65.8656	21.3548	59.447	70.0823	74.5631	73.0368	68.1043	64.3992	68.8922	72.5473	73.3672	68.8889	32.7716	65.258	72.7463	75.0204	77.1371	73.4077	74.2263	75.2161	78.8321	73.2371	63.6571	79.3484	79.8854	67.4478	51.0545	64.9794	70.541	74.403	73.8761	64.6683	25.9154	69.0182	71.1518	61.9459	65.0558	63.7639	49.4162	68.0072	70.6246	51.9539	69.1528	77.6666	73.8642	64.441	55.3981	76.0816	61.6117	67.4618	74.649	52.6993	70.2398	58.7314	71.321	77.0174	77.6378	75.7163	67.706	64.808	73.0477	62.3687	66.5808	71.0647	74.8086	75.3647	76.3905	76.6042	76.9805	74.5567	71.5319	67.0031	72.0099	74.3673	69.0317	60.6677	34.3619	71.118	59.5263	73.9231	73.3107	73.0592	74.0347	72.1551	64.8344	40.4836	23.1126	27.9932	49.8382	57.5383	62.447	67.4404	68.3254	68.6618	65.885	53.8787	40.6394	48.7472	40.3048	22.0694	56.5212	67.632	70.0547	68.8673	67.4241	64.5485	62.7799	62.2287	58.4799	55.7513	43.0429	50.4534	52.2702	28.007	36.3656	54.5661	47.5735	31.5848	21.6443	12.0607	33.1812	39.9676	43.6082	53.7024	57.0288	50.526	48.1224	58.7278	55.9173	12.151	48.8509	57.2191	59.0196	59.6545	60.0854	60.6902	22.2845	60.0872	62.7816	32.806	14.2601	57.9768	55.8646	56.2287	56.9604	66.998	74.7139	74.3239	19.3218	77.4307	74.6947	64.1741	68.703	64.272	12.4513	33.7566	59.8919	62.6392	55.1808	48.4454	63.7293	65.2296	68.4864	69.1182	62.2938	46.8086	43.2126	47.0465	18.2718	57.9206	53.2147	69.1544	46.1899	72.9611	66.4549	44.3453	13.2937	62.5498	77.3321	78.2904	69.4744	73.2832	56.5608	64.2287	73.1667	50.9223	73.464	31.5415	69.1485	72.8058
2.32471	9.05279	24.3935	40.8653	55.1872	77.7351	79.2949	71.4863	67.6011	49.2066	72.2646	67.1936	63.4978	66.2607	73.4632	33.3727	76.8573	71.5297	51.792	75.042	73.7162	75.4211	77.379	78.2911	76.2533	34.5052	75.3653	80.3137	60.2317	54.4345	56.8245	49.4754	71.2857	75.6201	70.5036	67.6063	70.3784	66.981	54.5654	28.7886	52.1219	73.0294	71.3053	62.4315	65.311	73.7728	62.6865	64.9425	71.0706	63.8133	64.0186	64.2604	69.3148	72.4085	69.1804	25.8911	73.1865	54.3987	64.2955	65.1305	72.2951	67.721	71.3728	43.5111	65.6002	69.7575	35.1147	37.1286	68.1194	65.8151	66.975	65.5218	54.0235	60.5618	59.7054	65.125	62.3394	38.7348	55.0346	70.6388	68.1845	69.0873	73.8679	68.3927	67.057	69.7067	75.2472	51.6188	72.3817	79.1579	79.3856	61.9874	56.5085	50.9893	43.0123	65.2671	69.3044	68.4067	63.9266	51.1597	73.2485	46.0224	60.3906	57.7018	36.7639	53.8859	66.5293	67.0495	38.0512	72.2097	77.5138	73.1285	66.6251	75.5364	51.5925	65.9187	70.8321	49.762	59.553	68.6374	68.6275	71.1083	73.4918	70.0773	67.798	57.2832	72.2135	67.4897	64.5738	72.812	74.9608	69.6636	69.3386	72.3552	73.2759	70.4923	70.2375	57.6271	69.8418	68.6097	64.9641	64.2871	22.3069	72.4606	57.8213	66.891	68.2225	66.3172	68.307	69.8588	69.5462	63.5173	47.0056	39.941	25.5601	22.1393	41.052	43.2969	40.1692	37.325	31.9745	22.6543	14.8369	9.04825	8.31163	38.5272	67.5529	67.5611	59.5343	51.3387	53.9717	56.0591	57.7202	59.869	59.0249	47.1147	10.2973	41.7774	34.2373	27.7387	8.62233	47.929	53.4771	43.9053	36.5854	19.7688	38.8134	35.7765	24.4427	44.5397	50.3262	38.0757	32.981	45.8335	61.7447	56.45	27.5155	54.0027	59.332	26.4608	54.1896	64.515	58.2626	18.8396	59.4716	46.2337	42.4187	52.4423	60.5282	47.8295	51.316	62.8908	75.1883	76.6472	44.2197	72.9336	73.7889	66.5726	71.4011	72.4063	59.0636	61.9937	61.3951	55.6892	3.47508	56.3472	62.1989	59.219	59.3605	64.5481	62.7672	54.6235	60.0661	59.7813	45.0069	61.486	31.7608	63.9989	63.4234	66.0954	72.2519	43.4225	21.626	40.6351	63.8855	75.8315	73.0658	58.5268	72.1577	54.8266	74.7075	59.4784	66.2526	43.7768	63.0166	66.9094
21.216	41.806	46.0176	45.1361	52.2474	76.4745	78.3876	71.0638	71.3566	19.6633	63.3927	56.043	52.7272	60.6111	71.3069	39.2566	76.0306	69.9695	44.4814	74.5797	74.4	71.5023	56.2853	72.7582	77.7795	50.5886	69.8431	79.6378	70.9287	40.0208	56.3716	3.24452	75.549	73.9948	59.5371	62.6973	65.2115	65.4739	54.5659	38.7001	60.7609	70.6139	56.0305	57.0184	67.1548	74.5627	59.4777	64.4423	65.324	61.3976	69.2141	67.3285	54.4431	39.2049	63.9996	45.3292	72.01	68.893	52.8388	32.7334	61.2716	53.3702	54.9496	64.5761	66.2999	64.5579	62.778	58.3918	74.211	69.9265	32.0106	24.5192	45.3079	59.8905	51.635	31.2278	17.7422	33.7767	66.9384	71.6651	63.5629	62.0776	71.204	67.5832	54.163	57.6445	67.1166	43.505	75.5664	78.4988	78.2906	52.136	63.4979	57.4557	50.4149	37.8266	55.59	64.7388	71.9015	43.4226	71.2765	42.0808	59.8778	59.3022	50.495	47.9144	63.3656	70.0944	61.5825	51.0891	78.2194	74.1739	69.6949	75.3596	49.5408	67.1985	68.1158	48.3393	49.8243	70.4896	73.6956	59.4629	52.2817	62.8978	72.4234	58.167	71.781	69.6279	60.143	73.043	77.0398	70.6939	54.3259	64.5004	55.9148	65.201	66.4948	45.441	64.6277	33.4965	69.6357	66.0921	37.3723	74.1516	62.8717	60.8396	61.0907	52.5613	51.0141	57.3484	67.6187	61.8792	41.0826	27.5855	44.3454	9.64165	31.4132	11.6947	10.5713	10.4507	8.81917	6.34951	20.6884	36.5575	32.1375	30.5314	69.6219	67.2534	21.2254	22.8305	36.9233	37.8345	45.5342	50.5361	50.1098	46.7736	36.2878	39.8273	28.5209	39.8281	35.8204	45.8886	58.4208	31.3701	20.4266	17.2463	36.185	32.1937	19.9805	39.3204	49.3814	46.0271	42.269	34.1722	48.2457	55.2733	51.2048	34.6545	14.7276	53.4706	55.2932	55.5766	65.6322	48.2552	58.7623	56.0071	54.6425	38.8566	48.7339	61.1088	58.6029	67.3383	77.0906	76.789	38.0203	65.6565	67.7733	62.7633	64.9007	71.1409	67.0859	55.3437	3.81338	47.962	45.9464	62.8602	31.8072	57.8082	55.325	46.1266	33.268	48.6568	64.1126	65.5678	37.1152	60.2741	43.7043	55.7448	71.2719	50.4015	73.7188	58.5396	40.1152	58.431	49.4872	43.4872	72.6156	55.8118	74.5124	28.3045	70.6504	61.2788	63.9037	44.0405	60.7299	60.979
46.7734	64.4194	67.7652	67.2398	63.953	74.1366	76.729	71.0626	72.6197	56.0252	64.7617	69.672	69.0657	69.2746	71.8985	58.4798	76.5741	69.0914	48.3029	71.6221	72.1841	73.2884	68.1135	71.0332	78.5273	62.2931	69.6309	75.9005	74.366	39.2334	19.3314	56.2	71.2394	70.4853	68.1125	66.1811	58.9423	62.1429	52.1626	65.5623	69.2768	70.3525	55.1512	60.4973	66.6892	74.1535	52.8807	67.3892	60.5765	58.5416	68.9727	66.1438	47.6895	41.7603	53.565	57.7389	70.2901	70.7516	47.6071	66.8812	66.6217	72.0008	62.7055	21.1838	62.3607	73.2812	74.6975	73.8541	77.4546	76.4385	69.6937	55.4258	46.4907	57.0905	32.9742	20.7844	38.5474	46.9075	68.4525	71.6697	62.538	65.6066	73.4159	73.5485	70.5954	68.8632	30.6184	70.2822	76.5896	77.4366	75.6666	35.6076	71.2157	69.1761	67.351	58.5904	43.9144	50.9094	68.8307	54.107	57.9263	64.5245	71.9366	72.016	68.4499	59.4116	65.2672	72.2756	62.2348	60.8235	78.3183	71.379	73.266	76.4756	46.5171	69.4016	67.5321	47.8443	68.8128	70.6407	74.0456	71.2803	66.5944	71.2719	74.6551	68.2169	73.5107	62.9885	53.7296	63.8423	78.3124	77.6114	68.7492	71.2903	70.6811	71.0833	66.7881	67.2812	68.0955	57.8946	72.5429	70.3951	46.0628	75.6087	68.4673	66.5535	70.4841	66.5059	60.7572	65.3374	70.4836	50.7213	55.274	47.5899	54.5944	25.9133	45.6029	52.4462	40.3469	27.4221	33.7507	43.775	60.8561	64.1853	60.2045	34.5343	63.9206	69.089	43.1457	20.2732	23.3782	13.4564	35.5661	55.9791	62.3398	63.71	56.3067	38.3454	20.5137	28.624	44.7464	38.1785	56.5611	31.6902	4.17347	35.3134	47.8628	48.7872	49.1039	43.4359	25.0953	37.0425	45.4693	56.9902	60.7651	46.3066	46.623	37.9594	31.3463	58.9358	49.8375	49.0466	66.4338	67.8342	47.2125	66.2812	56.3676	63.9461	49.8983	51.9526	63.9153	74.2659	79.3034	74.6131	46.5195	71.0671	68.4144	60.6352	30.8151	58.8882	62.9704	45.9636	29.8663	44.1595	67.8723	55.2244	56.5218	65.7668	68.6423	67.1457	53.794	21.4781	55.2104	67.6033	44.298	57.2768	62.1818	61.7834	73.6967	23.6242	72.2019	63.0913	51.4724	52.5825	51.6286	43.2903	58.176	64.6619	70.2784	39.2706	68.6949	11.4089	57.4687	39.7944	61.446	67.0287
48.3084	61.1638	39.6853	26.9454	45.4807	70.7788	74.3264	69.2632	71.7038	67.8648	33.7686	54.4868	69.5252	74.7163	74.151	70.6323	76.4377	72.0703	65.2324	63.8542	68.4612	72.5616	73.4076	64.9631	75.7394	71.9477	75.3591	71.0399	73.4985	39.2207	50.2877	44.8077	59.8365	70.9492	73.0323	66.1897	62.5824	66.6697	48.6334	65.7951	65.5917	63.6594	18.2967	63.5176	63.4683	72.244	46.9899	65.7388	59.43	61.4819	70.1775	69.8573	68.0375	72.0508	73.6022	75.5693	73.205	56.9806	56.7436	70.9891	51.8611	60.1592	74.3717	76.8759	75.1425	68.1624	59.1728	63.5825	73.3175	72.9458	64.7007	62.2884	43.7643	59.1945	72.7401	73.8949	72.8388	70.0744	65.6373	70.2791	66.268	70.9512	73.6363	71.8206	53.7786	52.9698	69.8764	76.2016	74.0817	74.1055	69.5828	47.1511	70.1166	60.6119	56.0746	70.579	73.8839	71.2904	61.4594	68.5491	72.7695	77.8419	76.6856	74.1878	72.8301	68.7296	67.8906	70.9604	41.278	68.9302	75.4527	66.2235	78.0413	75.9464	59.486	70.2954	59.3873	73.3373	77.7754	77.0378	75.5286	67.5462	39.7229	71.4907	75.5057	75.1231	66.9109	64.7685	75.2329	70.9	75.8931	78.616	71.7502	47.7616	66.0221	74.1894	72.4813	75.7753	75.4516	68.3968	72.1815	71.1002	51.1415	75.9872	71.2775	59.7578	64.8263	55.4134	69.6225	72.7791	65.2622	40.8793	67.5951	63.5767	67.1586	31.972	31.8475	54.7229	69.7285	72.3245	72.876	75.5477	77.1881	74.2484	71.4149	64.6895	37.5937	66.4739	66.7611	64.5281	59.0974	53.6119	49.5454	61.9378	47.5973	61.3065	65.0417	46.8221	42.7579	46.017	42.8212	34.2597	52.0972	50.238	48.1794	48.2626	44.1276	34.9248	32.4296	45.1775	52.9145	47.5018	54.6292	68.5379	62.023	30.2071	18.5476	50.6577	39.9457	51.766	41.242	41.9284	8.85819	65.0349	55.5747	57.7274	66.0131	18.9986	69.9726	73.3041	64.9462	78.83	80.2324	66.1305	59.6138	70.7207	74.1406	76.7887	76.5678	73.9151	68.9325	42.4979	55.099	66.0234	23.3604	66.0993	70.1128	58.3168	41.2836	53.3895	67.0643	66.4671	57.412	49.2142	62.3028	58.2993	59.831	68.9768	75.5232	53.5129	66.0726	66.9276	64.3761	63.7089	66.5385	68.187	61.9001	57.1566	63.5982	62.9761	67.0456	61.0493	72.7887	72.052	57.5441	26.6664
56.2814	39.4107	54.3101	53.3187	52.6891	69.2871	73.0123	73.3184	75.5785	76.8187	74.7855	65.6525	59.6938	65.6326	57.7135	70.8059	74.8453	73.1449	71.0959	64.2834	68.4576	69.4039	70.981	55.1061	68.2387	70.4155	67.4701	55.9587	61.5862	55.3273	43.6172	56.3425	61.2322	75.0992	71.9147	49.7839	66.3193	71.9017	49.9728	59.4449	61.2455	47.6206	45.5642	61.7583	61.5439	70.6506	63.8214	57.5764	64.4284	55.9501	70.4104	72.5602	70.4938	70.9951	70.7408	73.0242	68.8035	53.1934	62.8926	61.3903	45.7684	54.421	60.4233	70.0942	78.5099	80.3757	80.129	80.272	80.2961	78.8222	72.9838	61.6023	39.8515	74.1518	76.9706	76.4863	76.1603	75.2938	64.8482	65.7331	67.1331	73.4914	74.5543	68.9269	23.9249	69.3799	75.8086	74.0112	62.2721	67.7023	64.1503	57.2563	69.3507	61.1389	64.5818	73.2056	75.7422	75.5206	72.7149	71.9142	76.3651	75.9737	73.1373	73.1395	70.3879	67.6683	64.6802	67.9319	39.4775	73.3949	61.5341	68.3766	79.1483	73.0471	74.011	69.5861	67.299	75.496	74.434	71.0737	71.2405	48.2337	72.4704	75.2195	75.4092	74.3175	7.56198	75.5439	75.8279	76.2053	70.8928	71.4363	73.3176	71.1422	15.0089	67.3337	70.7711	73.747	69.115	72.9558	72.0633	67.0345	55.9464	74.4402	72.3014	34.7925	68.8128	68.3436	75.2804	70.8162	25.9452	68.724	71.3255	66.7668	71.4723	50.6622	9.01747	57.2316	54.5826	61.8745	70.4318	73.5259	70.4732	62.5347	64.5899	61.643	48.9843	39.5835	59.535	40.8407	36.9946	44.3047	42.3349	63.365	50.5587	64.4937	67.5758	44.934	32.0727	35.3858	20.6747	24.3126	39.8731	46.0845	50.8766	56.5457	57.0707	52.5566	52.0589	56.8691	19.0579	20.8322	63.2931	65.2426	48.3104	19.5935	44.7553	52.3372	57.944	48.2132	24.8079	12.5303	54.1132	52.7854	69.5248	47.4864	38.2136	67.6587	70.669	76.0366	75.5702	80.1756	77.4373	18.2978	52.7742	70.2235	77.7177	71.3481	70.2945	73.9257	69.9879	64.4055	65.9021	38.0692	67.0513	72.9481	68.5659	56.2172	38.7489	57.6409	66.4308	70.9428	71.9136	71.9058	64.364	64.4498	27.9856	68.6831	75.171	66.0357	50.5705	60.9345	62.2287	61.2059	56.0597	52.257	50.0205	57.7538	71.6289	66.7126	49.063	65.5747	68.1109	73.6615	74.2151	73.5874
71.8686	58.8158	52.6374	50.8496	42.9081	60.4526	63.3191	62.2559	66.3267	71.8142	74.7847	74.6419	75.9172	76.7191	71.93	36.054	71.6227	69.5421	67.4379	62.7486	65.7909	68.1921	67.6446	53.7946	64.4958	62.9891	66.4653	46.251	25.1442	65.9733	32.721	41.1455	68.2719	77.6729	57.2707	59.3888	65.4014	72.0411	44.1006	54.2571	62.5634	51.4419	54.8588	64.8782	64.2431	69.2447	68.8766	52.7754	68.9565	61.2887	72.2457	74.8311	68.1658	59.1913	37.1303	23.9632	56.9444	65.1816	65.8656	64.1298	57.9784	35.6941	65.6746	68.1085	55.412	70.3835	75.0421	74.9237	69.1929	39.5343	57.8362	63.4229	63.4662	74.8275	66.7397	66.5781	72.6923	74.2948	72.3959	44.271	65.4048	75.8818	77.2694	65.0431	52.8786	71.5623	75.7765	73.2135	51.9112	60.2392	56.3825	62.1115	72.1826	69.9923	74.9761	75.098	70.2744	67.2371	69.7173	63.8037	73.911	66.3789	52.0086	70.2968	64.7631	52.9414	55.0183	65.5523	65.153	75.1229	42.8266	73.9452	77.1592	60.721	75.8936	65.5516	65.8143	70.3506	54.6364	52.003	64.0589	67.213	77.7216	70.7569	70.3457	67.7248	64.5406	78.6168	72.0876	72.0036	69.3034	59.8129	67.2526	67.0065	62.36	8.37731	48.6152	42.7988	63.272	71.6298	71.0936	66.6628	55.3555	70.1311	69.4755	32.9061	72.686	71.2928	74.4894	52.145	67.341	69.2496	63.875	63.7524	71.1714	62.8328	49.5958	47.5188	67.5922	66.1746	62.6036	61.7161	53.0709	59.0572	56.7041	43.5453	63.6559	53.9989	47.3064	52.6357	48.5296	51.8999	49.5415	53.0916	46.0289	60.7804	67.1339	46.7639	29.0519	17.8522	16.6577	9.92845	11.3994	17.7528	40.0001	46.5575	49.1299	47.8111	44.361	60.2288	58.6461	50.4762	66.4879	62.7627	41.597	30.0924	56.5913	46.8265	51.8151	64.3737	66.4743	65.6499	54.7438	52.7226	63.1424	74.1538	74.2965	74.1334	75.9785	67.1565	73.5818	77.5725	61.5437	67.3826	62.7678	58.1582	78.7555	73.4157	45.0181	45.3881	66.4194	76.3981	56.8409	60.6438	72.5885	57.3669	56.0705	52.1441	33.2444	59.2759	10.8523	25.1436	42.5418	51.2082	58.4473	59.1928	36.9594	70.6158	70.5164	65.6417	47.6079	50.9822	48.731	51.3747	54.8237	54.0836	50.3525	54.1355	60.2434	71.3017	58.7406	68.0352	70.2548	30.3644	41.9124	61.5909
70.5795	56.9268	47.9738	46.1541	42.0582	54.7555	54.161	44.7941	49.0874	62.5102	66.9647	65.3889	69.2306	72.3328	76.1268	60.6666	65.435	65.6714	56.5986	49.4372	51.1779	67.4664	66.4369	54.5486	67.9702	52.0785	71.8505	46.5303	55.9201	62.6879	59.4133	43.733	73.2932	76.4757	30.418	52.2832	68.1598	71.652	27.9223	46.8205	60.7095	54.1915	34.9061	58.7342	56.5466	68.8686	69.9169	56.8216	71.5555	61.0831	69.3849	74.475	67.6426	45.7081	26.9116	39.8622	57.7262	60.6372	67.2879	69.6713	46.6856	48.0139	33.459	71.192	71.9182	50.0208	54.7222	49.8782	28.1107	55.7182	61.6843	57.2594	39.2004	73.5392	70.0232	54.5888	63.1969	68.3049	74.8161	42.7349	55.3742	75.2917	78.8593	66.916	55.2208	70.1559	75.8214	76.1931	59.6062	54.3397	30.2291	62.0671	72.4709	69.6506	74.0339	68.5053	58.8404	45.1866	50.2986	48.3304	66.4052	70.6831	19.6208	63.8938	60.824	40.8305	51.9852	61.6558	71.8215	74.765	61.2462	74.2984	72.6727	43.2445	76.3333	60.3997	68.5694	65.1597	27.5028	54.1398	69.2233	65.3446	79.5076	73.4789	71.4264	62.4275	72.187	79.5499	70.507	59.1721	66.4334	42.76	64.8366	44.5788	62.9565	41.4326	38.2841	4.3664	68.1943	60.1719	67.4058	65.1739	48.5032	64.9431	59.6564	23.3435	69.8065	73.7799	73.6141	15.8134	68.916	64.502	43.6546	60.3269	67.0401	61.5475	58.0314	17.7614	46.1062	63.3225	64.1705	63.8366	54.1597	37.253	44.3981	39.8868	60.8627	64.8935	28.5902	57.5028	60.9829	61.4973	47.5099	22.3049	38.8429	52.3958	62.5085	43.6326	33.5593	15.8058	10.9366	4.211	10.8261	16.6555	34.3423	34.4072	36.8013	43.3775	35.6726	45.2332	46.3187	48.9518	64.3976	70.004	46.5334	24.8103	52.8928	63.5816	37.0114	52.2513	50.3874	59.7667	22.3936	55.0428	50.4234	60.3294	64.3426	66.8007	74.013	58.6699	61.8188	68.7734	16.0887	72.0755	47.056	25.6541	76.7139	73.733	59.6257	56.5179	67.858	78.0904	50.9388	68.6077	71.9927	10.8161	57.5737	68.5067	63.8905	50.1889	43.8224	44.6366	53.4355	48.6723	31.9255	31.0012	59.8536	69.8841	59.8573	57.8762	33.6689	42.4922	53.561	55.9913	54.0353	40.3598	26.7746	61.8092	68.4613	59.1004	70.6551	22.7565	70.5588	61.3448	43.3642	35.7696
57.603	55.7462	69.604	69.8599	69.3173	71.1701	72.376	71.9892	72.488	74.7077	75.5608	73.9875	71.6993	69.0241	73.8359	69.7833	43.5795	64.2289	62.3201	67.054	60.0314	64.7126	68.018	46.4849	70.4098	35.7404	72.5983	39.0903	60.2156	62.4256	60.6516	33.4887	73.232	73.2275	62.6875	62.448	73.2686	72.4445	57.8497	67.2199	69.8955	62.3973	47.5877	58.2816	55.9544	70.5907	68.1966	64.2846	71.5053	60.5284	73.1054	76.4466	67.0766	47.2131	31.7474	54.1707	62.9378	65.7869	70.3943	71.5548	55.465	62.8931	64.4982	71.5733	72.4095	40.8996	54.3535	59.1157	67.6601	74.0351	72.8692	70.4354	54.1871	68.0986	74.2517	68.4761	64.7953	35.7595	73.2148	75.3372	75.5367	77.008	77.5468	57.4822	67.3021	72.9894	74.7303	73.5974	66.4889	70.6682	60.8493	53.8529	71.7729	71.4458	76.3445	67.4804	63.1788	57.4934	64.0426	66.7705	41.6104	69.7243	50.2483	50.4733	63.6072	38.0577	65.7118	65.5411	75.1986	73.7177	69.6631	74.9888	66.8229	54.4405	75.777	50.2999	73.7785	67.5057	58.9941	60.5621	63.9092	70.1165	80.2722	73.612	69.9989	55.8425	73.4557	79.4124	70.2612	48.7133	70.8961	52.3118	70.0498	59.9849	50.5047	46.2645	41.4385	36.9148	64.733	61.9848	67.6159	49.9364	61.0322	58.0399	37.3481	70.4681	74.3558	74.6377	68.1832	56.4394	73.0682	66.4144	26.8786	61.8862	62.8719	53.7197	57.2893	58.3319	50.5195	45.3914	46.4802	62.0833	66.0433	30.5277	48.2288	43.7435	59.1683	66.7516	53.3678	44.624	48.6988	63.1473	66.7392	58.0555	43.7505	26.0621	55.6664	57.0332	53.8025	28.3687	7.77465	3.45571	11.8052	18.4889	31.9495	26.5028	25.0239	38.0401	29.819	32.6483	41.8671	55.1471	62.8945	68.6955	49.7815	55.4788	62.5782	70.1388	65.5482	68.2624	66.7666	71.3205	73.37	72.75	70.864	67.4269	71.1656	69.6765	64.1545	45.6372	54.011	64.5275	48.147	73.1106	42.523	55.555	70.8855	74.5016	69.0615	71.5401	74.8636	76.4659	19.7413	66.1647	65.8687	66.4397	56.0928	65.0813	73.9598	72.7055	59.3688	49.8207	58.3091	61.3219	61.5142	46.2361	53.1167	66.5744	70.7781	70.326	67.1825	62.7083	62.2426	58.6	10.8257	49.4091	56.6494	56.334	65.7188	22.6831	68.2433	63.1788	51.4534	70.4913	71.1151	73.7587
68.7994	69.6885	73.8821	76.0058	76.3623	78.0307	79.1936	79.1221	79.1013	79.9823	80.5857	79.864	77.9811	73.6901	59.9191	63.3727	40.8736	56.0351	66.8472	70.6903	69.106	52.941	69.6791	40.2982	71.4184	19.9257	71.3993	5.77234	55.2034	65.9132	52.6542	33.4513	69.8764	60.4092	69.0941	65.9303	75.9831	72.547	66.9496	72.1469	71.8676	58.9257	61.7639	60.4879	62.4593	68.5276	55.227	68.7712	70.3584	68.47	75.9833	74.8839	59.1119	54.711	44.8891	68.5482	64.6636	64.59	67.1748	67.3401	54.0848	56.9972	68.1245	69.6403	54.976	50.2695	61.4921	64.119	74.0984	78.732	76.5268	76.6595	74.5515	37.8568	74.7928	76.1386	74.9003	68.868	63.1796	76.1911	77.7346	77.0602	72.3137	19.1138	71.082	68.4969	64.6852	64.3981	74.022	76.0347	75.0945	7.23584	69.5528	71.4049	79.2777	74.91	62.5738	66.6922	68.0955	71.5923	52.2042	54.2937	62.7584	4.14632	66.3659	37.3654	72.1279	61.6343	76.8389	70.9086	73.0972	75.1526	56.4324	67.3199	72.6869	48.0911	75.7516	67.8437	65.5256	65.0194	20.7005	76.8099	79.0622	64.8036	66.1519	52.6121	72.2209	78.1079	71.2506	58.9657	62.529	50.7914	73.6262	61.6439	54.4134	20.249	42.8456	59.2005	66.985	69.7911	53.8238	58.3277	71.3073	63.7719	67.9539	74.5028	74.9827	72.4873	42.6782	66	69.0005	47.6534	39.7735	63.5898	53.3341	51.1561	64.9962	70.2444	67.8605	48.7016	22.5947	51.9068	70.1592	67.097	23.9756	37.1682	57.2021	62.7869	64.6066	55.7005	37.5999	30.4789	65.3834	69.1705	64.8827	41.0611	39.6083	58.3022	59.6402	47.5531	25.3139	1.39262	13.0067	23.1543	37.4003	33.6156	30.0802	31.7174	31.0949	41.7	41.9305	55.3773	64.8722	63.0011	24.6687	58.7391	66.7389	72.2819	71.1935	65.7832	55.5655	60.9079	70.2043	71.5676	66.1582	53.2057	47.7549	39.5552	17.6169	64.721	71.6917	73.9529	44.9392	70.8231	54.0877	59.0084	15.6083	73.377	76.8578	78.3852	77.4412	66.8923	39.9819	51.1496	68.9985	67.983	46.7872	30.2434	67.3974	75.8651	72.2619	61.4135	55.2861	50.7593	51.095	53.5054	40.1048	36.2399	64.2142	65.6412	49.9537	30.2243	52.072	42.1145	60.3225	67.1295	61.0726	33.2655	59.6381	61.1626	45.7287	72.9444	57.8903	54.4393	63.8802	70.42
70.3171	76.7409	69.4672	55.8565	57.4204	69.6659	67.4308	56.0415	55.3359	68.8756	71.8735	66.4301	69.5479	70.2794	67.9783	52.6287	49.4365	30.5358	41.1325	33.6214	63.8868	26.4274	68.034	12.2762	68	49.1675	68.6862	34.6241	48.6505	63.8108	18.1773	58.132	56.3882	41.7327	59.8211	31.4132	74.9705	69.0865	64.9012	66.4816	55.17	64.2593	74.006	69.5744	66.8266	43.4537	61.6023	69.367	66.2431	68.89	74.9609	69.4631	43.6564	40.9697	60.5428	69.2663	61.3672	62.0757	66.3282	69.3679	66.0752	57.8956	50.1897	28.0622	54.0561	63.4176	52.0151	45.013	71.9579	75.5429	41.6618	70.6998	76.8237	68.3362	40.7557	68.4246	72.9198	77.3302	76.4627	64.7917	59.096	64.6704	54.7645	58.5823	67.8246	68.6375	71.1274	71.6429	70.1604	72.5218	77.997	61.4983	62.4501	71.1025	78.9019	77.1127	51.9312	31.4063	11.0568	66.4442	58.1558	52.5624	49.1535	48.6559	63.1674	35.1837	73.0095	34.9499	76.8894	65.0215	70.5718	72.737	9.6371	72.6663	65.9219	51.7079	73.4489	55.9745	28.872	15.7416	64.2181	76.0359	73.2246	69.5019	73.4444	64.5334	66.5507	75.1977	72.5829	75.2017	64.102	19.1895	70.7159	55.5994	47.1598	45.7162	44.7862	63.1385	67.9566	50.8062	57.777	66.7164	37.6219	41.612	75.0918	76.2978	58.7556	10.1219	39.1908	59.0648	70.5164	63.7176	42.2296	53.8392	61.5798	68.261	68.7248	67.0949	65.5679	57.7733	52.831	51.4593	58.0226	69.261	53.9012	13.643	48.0494	49.7936	54.1783	53.7511	60.947	63.9341	30.5211	58.4386	60.1914	58.57	41.9564	44.481	58.1771	53.7888	33.0801	23.8246	34.7704	36.7525	44.6086	39.5721	39.6005	46.0609	54.2025	60.8144	52.4087	31.9751	67.5092	62.9581	26.2425	59.6768	67.8799	68.5839	52.965	27.4844	52.4425	62.0777	66.0264	62.2508	63.3037	71.5243	76.0981	74.9398	66.9061	68.2313	63.3981	75.1697	68.3267	64.9459	73.0062	22.2099	54.1708	22.8268	34.9737	30.9512	19.972	26.3083	56.0168	62.9959	48.0718	67.3402	68.9948	66.2075	65.2318	31.6754	63.8283	63.8129	64.5006	54.2143	38.9817	57.2089	61.7169	60.3165	49.4229	59.4694	50.8798	57.7973	64.6429	68.0942	71.552	49.5931	50.2082	60.4964	33.0702	67.5201	59.9856	66.3702	73.734	68.7344	62.2869	58.2942
47.5323	73.2391	76.6932	74.9432	68.2591	65.7038	67.0639	68.3547	71.059	75.4948	76.2692	68.051	53.4374	23.8624	30.964	51.9889	36.6557	43.0951	41.1167	2.07907	57.4845	45.3659	53.7215	29.2076	52.8391	62.4942	56.8617	46.0872	24.0622	56.3516	13.8038	61.2823	19.4436	53.5662	54.1542	38.3133	71.7453	65.8728	67.953	64.3616	40.77	74.7238	75.4692	59.2877	23.7579	62.7289	72.0628	68.3976	66.3569	68.5868	74.4916	67.967	53.4062	28.5167	66.4601	63.7544	58.7559	61.611	60.2079	63.5338	65.2111	65.3655	62.8304	45.6431	71.4576	68.2069	64.7909	57.0441	71.7456	72.7854	12.1324	67.1956	74.7558	71.3463	47.7478	27.3073	56.966	72.6922	77.4501	76.2258	74.8252	77.1504	68.3867	56.672	57.8131	64.5521	65.5351	68.7267	68.7104	73.8485	78.5774	74.8043	45.5703	71.2704	75.8256	77.5899	76.3623	72.5796	61.3675	48.2103	47.8722	57.7886	38.2661	53.413	51.4503	32.3253	72.4511	18.0767	76.0929	62.4076	68.012	72.0685	42.4959	73.3189	51.3681	50.1394	69.044	62.6407	30.9496	48.995	58.3625	70.0024	73.4418	73.8535	76.4709	71.5215	49.5886	69.4976	60.1799	66.1277	68.0482	43.2577	46.3098	67.2032	33.2724	51.0838	64.4346	63.7383	32.4913	57.1454	62.3353	23.9985	69.9792	75.0776	77.3782	74.4397	26.8227	71.0219	69.5838	50.5546	61.0333	66.7335	38.0617	11.4009	57.6307	64.0873	64.4813	64.3393	66.4428	53.2623	62.1833	62.9354	51.4319	62.5022	61.3075	41.1698	51.2171	51.0374	46.22	51.0663	55.8156	67.9696	62.0383	58.8674	61.9602	53.4439	52.7774	32.465	61.1371	59.3812	29.5263	36.407	38.9871	32.9908	42.9882	41.7512	39.7019	47.1353	56.1837	59.9341	49.7781	40.5964	62.8637	65.9759	28.7105	68.0354	72.0318	52.2803	49.0309	62.1697	51.0839	54.4411	65.726	71.0794	68.5081	71.6861	73.41	73.1141	65.0353	58.5702	33.3182	73.5088	73.4625	8.43053	71.2326	69.6793	37.1449	70.3346	75.1422	74.1745	68.4063	55.9241	29.0895	37.3532	49.8402	73.0794	70.4755	58.6774	70.7495	71.7203	36.7012	59.4963	70.449	70.5377	66.3228	54.3838	55.2739	59.8239	37.1568	59.9654	62.4781	65.964	35.2049	64.8881	56.6212	58.5285	58.4329	42.2035	31.6951	68.8145	65.6921	48.7528	64.0974	36.8064	46.127	50.0259
72.2833	15.529	70.8176	77.0149	78.2552	78.2486	76.9754	75.9003	74.1925	75.952	77.5233	78.0076	79.0418	79.1307	77.7603	72.2755	69.0927	74.1829	78.0287	78.1958	75.3908	72.6123	74.1513	75.3588	70.5794	49.126	34.214	49.6497	23.2751	25.0186	44.3012	57.2388	34.3518	54.9303	16.245	60.4182	56.8422	57.3791	65.3248	24.0606	70.5293	75.0713	64.5014	69.933	75.7571	76.9199	73.3576	69.5611	73.1337	70.9349	68.8852	61.7052	50.6085	13.1133	68.6825	64.342	60.2317	66.1636	67.0397	68.2032	68.8389	69.7388	50.3243	70.1747	75.9011	72.4029	74.3732	73.3463	75.6451	74.3372	62.3249	68.9668	72.8449	72.9113	65.6626	58.8247	70.5917	70.6374	55.4128	56.1379	66.7931	78.2951	76.0809	2.6289	55.3387	63.2194	61.8537	61.6844	53.4806	69.8177	76.3816	74.2929	48.62	62.698	65.228	69.5319	74.7678	78.0908	78.561	74.7219	66.0331	45.1561	26.6375	51.1822	39.8837	44.3955	68.1058	42.6027	72.3812	54.2087	69.103	65.7538	57.062	67.0325	48.0682	38.301	58.7403	66.8101	42.762	55.7058	47.0072	40.8163	45.9539	66.5151	75.7	68.4175	57.0327	72.24	71.6132	70.2249	70.6696	57.6918	35.6434	58.9343	51.0151	55.4106	70.4826	49.5024	63.6134	65.0979	23.861	62.9685	70.2572	68.6037	67.4584	38.7652	73.8633	76.9834	74.6383	76.0836	35.8579	63.1907	45.5273	38.609	53.059	22.0742	4.63723	59.1176	69.2666	73.7559	71.7947	67.0819	51.5923	48.1187	64.2373	55.1216	44.3874	58.6516	47.1021	48.7633	49.023	68.1196	69.3998	56.4239	64.7526	40.509	40.0324	44.575	65.2559	61.003	23.7544	40.1719	36.0651	25.0767	52.0432	56.0335	51.4255	49.8535	54.9266	61.8793	56.8038	61.6969	49.5193	65.7265	43.2827	73.9471	66.2355	55.0175	72.7705	73.2456	71.5581	50.6	61.9796	68.5336	70.8877	70.9944	67.476	70.2674	63.4818	18.1954	43.7701	65.3853	73.5981	72.5359	50.8396	53.6504	73.2628	70.8299	22.3977	42.9687	70.264	47.1073	72.2633	72.886	68.5486	68.3715	65.0174	50.3021	62.7968	74.9901	74.9347	52.5784	42.9395	56.4104	46.8548	51.8236	57.0382	56.1955	27.8512	37.8816	56.3484	68.1872	66.7716	57.5483	57.0602	70.5433	60.7779	59.4617	68.7225	72.0951	55.8781	51.5164	64.0542	52.464	52.0435	25.5026
74.93	70.5741	16.1784	63.3681	72.7909	76.2864	75.718	72.053	69.9749	72.6691	74.6422	76.9014	78.3345	78.9314	79.8278	79.5674	79.6869	80.5327	80.607	80.2244	79.2953	77.6306	74.1438	71.7035	72.5808	70.5008	63.4171	59.9253	30.4903	28.2235	23.5156	40.7633	51.1595	33.4873	63.2684	67.902	42.1336	62.5998	45.5596	71.2615	73.1765	52.2422	66.1886	76.0214	77.5036	75.2936	65.0249	62.8311	71.222	64.2123	53.398	56.0302	48.0582	26.9417	70.9307	66.7043	51.8522	58.9771	64.1105	66.7334	66.3325	61.9974	20.3511	73.9181	73.348	59.7766	65.7708	72.1948	76.9341	75.2366	72.1153	70.7225	72.5432	74.408	66.5401	63.9622	76.3466	77.6875	76.54	65.8075	40.4273	75.7232	76.5961	62.6168	30.0136	51.0949	47.2423	28.4211	64.9383	72.6323	75.2204	62.875	65.7753	69.1916	63.8088	49.6602	4.26796	57.8151	72.4882	76.6163	75.9973	72.1704	64.2885	59.658	23.2471	49.706	42.8042	63.7801	55.5994	58.1583	65.6273	23.3209	57.1206	47.503	51.1952	43.7275	54.2981	60.4503	40.4442	56.6926	50.2734	59.605	73.6319	78.0517	73.6239	30.3877	68.4445	74.7622	74.4981	72.6515	61.9194	48.8363	40.8287	59.6604	47.1937	64.9447	69.019	40.6207	71.9358	54.3223	63.0619	53.2622	71.5902	66.7268	27.914	72.1477	75.6872	74.3327	71.828	78.018	62.5668	49.7218	59.9916	54.927	42.9649	10.3192	22.0236	35.9626	68.6601	71.5739	70.8796	64.9531	58.9126	16.7297	64.5088	62.2539	24.4945	53.4063	45.342	42.5588	41.0668	63.5709	71.1034	42.5813	64.7344	29.2759	26.6712	60.1737	65.7651	52.9094	16.8157	28.8806	34.1118	42.638	63.9135	60.6072	50.3904	49.3245	48.0327	65.9831	55.2825	67.9411	44.7397	56.2232	65.3488	74.3171	21.9131	73.2709	72.5444	67.9088	71.2109	68.4191	69.6979	65.9742	70.3011	71.7238	63.4919	70.4197	67.6877	19.5984	42.8633	64.3687	74.7812	76.8842	73.5211	59.6948	64.5187	77.6899	76.3537	76.8125	65.4571	67.471	76.5885	70.4017	64.2886	46.3318	45.1022	70.7123	70.7422	49.9322	73.6397	67.2519	48.2429	48.2133	59.8605	58.8984	37.6734	42.4607	60.9234	48.1412	55.1565	67.8824	71.307	63.8142	52.5198	72.2867	75.6613	73.2669	72.4591	58.7873	43.2084	68.4997	65.1875	31.6238	49.9447	64.4914
53.9229	71.2109	64.4723	50.171	29.8647	46.0432	60.2379	63.7518	70.0118	73.4044	73.3432	71.7048	72.5195	73.0967	74.5709	75.8765	75.1326	68.6986	55.4617	56.4745	47.4481	59.0999	68.648	68.9771	55.5158	28.3302	69.4112	71.8164	62.4027	47.5584	13.6829	14.0015	28.5416	30.7454	66.0848	46.3225	64.2048	47.6947	71.772	74.2233	44.2545	62.6559	65.2394	67.5818	70.3953	67.8003	60.8144	52.8929	60.0127	4.03557	43.345	58.1199	21.3156	47.3699	66.9776	57.0681	68.5898	73.7171	75.2754	75.5056	71.0262	52.2313	49.8312	73.3326	71.4828	58.4123	53.0619	53.9617	73.588	65.0871	71.9274	67.4282	72.9217	76.8777	60.629	63.9538	74.8551	72.7696	72.9129	76.0645	57.8354	73.0655	75.9616	60.8711	45.584	31.0148	54.9821	59.164	60.1596	69.0502	70.3765	52.919	68.5015	65.8257	62.1919	57.8242	61.2884	63.6216	54.4878	51.3145	61.9643	60.6179	67.3914	71.1353	67.2834	45.9246	27.2682	65.8131	13.8114	65.5138	38.9132	44.6784	33.2907	38.7329	48.0409	48.9435	49.8252	20.9283	59.6383	61.7818	47.9073	70.1471	76.1203	68.4947	20.3654	59.9775	69.4435	73.1258	71.3454	56.4771	61.851	24.7023	61.7529	44.2471	12.9365	70.1127	60.225	66.1653	69.7227	64.5366	63.2896	58.4188	76.4839	51.1607	68.6088	73.2052	72.0358	69.0102	70.8188	77.5285	67.8432	16.2468	62.9569	65.6214	40.7546	24.4093	39.6798	52.1295	56.4964	40.6651	69.1139	56.4002	62.8687	39.1365	61.4557	60.4169	43.7323	32.4776	30.5544	39.1832	38.8802	60.7864	71.264	26.9129	60.1912	34.4806	44.3583	61.2945	51.3454	24.4582	10.5812	16.7691	16.9633	48.3998	65.7291	60.4416	38.6655	39.5723	44.1272	62.777	50.91	59.3538	42.2355	17.5596	68.1698	68.8087	45.4331	75.5113	64.1896	41.0339	53.1113	73.6012	67.2583	69.8623	49.5162	64.523	52.6527	71.1064	67.2802	49.3955	61.3391	62.9438	55.9813	68.3076	68.0286	68.2423	29.5477	65.8655	68.5394	43.7997	67.4347	75.2909	70.3549	45.4331	45.5062	31.6832	43.675	65.0178	75.6921	53.3192	63.3164	62.2777	51.5783	30.0631	56.5716	62.4092	35.4316	40.2183	43.2606	66.531	72.4777	73.2432	62.9997	52.3525	59.607	39.1261	47.9665	62.3608	31.9207	64.9307	67.0134	69.8814	60.6776	51.354	52.1756	49.8381
58.5284	55.4513	69.9655	64.7094	62.0394	58.0868	38.5393	35.0809	52.5826	64.982	69.0887	68.0385	66.9991	67.2384	68.852	66.8384	44.1778	53.8531	69.657	69.4821	70.4394	75.0887	75.3259	71.3909	68.6925	65.49	30.8558	64.7203	63.2732	56.8733	55.925	51.34	44.6933	36.8742	62.3892	23.4838	57.8004	52.5158	73.2561	56.2141	63.6911	71.5676	62.1498	60.1552	71.6499	62.919	65.4652	47.8863	39.6663	32.3024	42.5235	36.8556	54.7029	47.372	50.743	46.1967	50.1261	59.2308	73.5132	77.6274	72.5614	44.7356	54.7099	71.806	69.2734	58.0188	61.7044	50.6621	71.8661	53.0375	69.7014	56.7019	74.1199	78.3179	55.5218	65.2861	74.321	76.95	63.2176	76.676	65.4135	69.4785	76.9722	64.4721	50.4356	46.1651	58.1056	53.5874	51.4254	66.2117	65.1828	58.588	63.9908	58.1997	55.0897	44.814	48.1969	58.4093	64.2989	57.9989	62.2601	44.8773	31.3783	57.7932	70.0787	64.7847	17.6601	64.622	24.0995	67.071	12.9527	48.4776	24.8098	38.4688	50.2859	14.3712	63.3923	73.4164	75.2017	74.9335	73.7238	74.8195	69.3244	49.2348	68.5316	69.2754	64.7252	70.6347	70.5599	52.9491	68.527	27.9203	69.4162	39.4037	43.1869	68.1849	45.2403	67.8601	59.3616	65.1411	57.6524	72.2047	76.9918	41.9178	73.8942	69.1837	69.7076	60.009	72.8036	76.1411	68.7746	62.7264	36.7286	66.0147	59.8919	42.5894	44.7791	48.1879	38.4605	53.3031	64.6176	42.7122	60.2814	45.579	63.1002	57.5133	32.5337	11.4928	30.5985	44.8373	45.2627	63.7776	71.882	20.537	50.8018	33.6417	48.3881	58.223	35.3726	13.0465	7.10108	22.1064	28.7284	46.1804	62.26	58.4707	50.3278	51.7723	49.7405	46.9307	47.0261	27.8085	41.7602	27.0156	68.0969	64.8152	55.7411	74.4191	61.6555	45.7708	39.5556	74.1394	53.0921	72.0325	55.6099	45.2348	63.3141	68.43	58.4465	51.6922	61.4079	53.2672	64.1792	69.98	66.0842	57.5823	56.4209	31.0632	35.1735	61.649	71.0501	70.7258	66.7912	30.1397	52.7791	32.3604	56.5409	8.23399	73.0117	70.7141	44.3601	67.9199	60.7929	60.2784	59.4095	58.1809	40.4764	39.6123	52.8133	57.9513	66.015	55.7621	49.7688	68.4172	70.9308	67.5311	62.8723	8.3006	69.012	67.8489	59.8389	59.5849	26.2697	61.1418	60.6025	42.7742
65.847	60.5624	71.1837	75.4428	75.3545	74.5799	71.823	70.1354	71.6054	71.142	70.852	71.5384	70.9486	62.2178	63.0726	70.1309	70.7956	75.3045	78.0167	76.0341	68.886	69.8545	68.3422	63.2105	67.6676	73.659	73.229	31.7733	53.544	44.8755	40.6705	37.7429	37.5717	29.5935	57.7542	47.557	25.7175	67.1104	56.4292	64.5847	75.1348	66.3524	60.0228	52.0562	74.0881	58.2707	68.1288	43.4681	39.8312	33.6548	32.8168	60.3435	68.2204	69.9885	63.4596	55.0971	67.6729	74.9992	78.8575	77.3047	57.7061	68.776	59.3507	68.1281	69.1476	54.3855	57.4363	61.5509	73.1438	53.4732	66.1389	63.1576	74.5048	76.5931	51.4012	70.0489	74.5859	77.496	48.3865	75.3653	70.0818	59.819	75.7009	67.0057	39.8245	51.4225	53.6939	54.0466	57.3147	59.1358	60.3196	67.5402	69.4607	66.3753	61.5051	54.4763	53.7367	54.1173	63.8296	58.0849	69.2569	68.38	67.8841	61.566	41.012	68.8197	55.2708	51.3674	36.0846	53.8496	49.1463	29.7128	29.3484	63.6791	72.0087	73.8217	73.1533	64.1263	22.8422	16.1406	28.1569	51.2096	62.9704	74.2175	77.5166	77.3435	70.9575	54.6241	72.1404	54.7567	67.6405	53.1832	69.8911	49.9482	47.4142	62.4463	53.0606	55.0072	52.0522	66.3865	67.7381	75.6279	68.865	67.2566	74.9684	68.2552	63.8869	45.2684	70.4742	73.0856	68.6017	68.5064	54.4093	55.312	64.621	54.2692	37.071	27.9326	30.4141	54.0512	51.6191	42.1615	56.3847	32.0297	57.8064	52.9706	19.0179	15.5233	22.2926	12.9081	34.1389	62.72	68.3684	27.7519	27.9795	30.3288	40.9179	50.4353	32.7419	15.3133	8.15196	26.8965	31.7511	47.2421	59.2846	50.8126	50.1145	60.1698	55.5913	33.9027	46.7763	45.9324	55.3279	55.9862	69.975	66.4055	53.8553	72.7202	68.3601	66.712	59.0074	74.4523	36.3477	71.471	57.5251	53.4941	69.3592	56.5008	36.7633	52.2491	42.0067	67.866	75.2103	65.415	41.7706	70.3436	76.5684	75.7646	64.4337	52.1813	67.1363	73.6736	73.6243	38.6762	60.7995	53.6535	56.9425	57.5247	53.6212	73.8156	61.1613	48.2	54.5176	61.488	55.7422	45.3018	28.189	34.5166	61.7145	62.9074	30.4408	66.2945	72.7947	63.0184	66.1027	62.7493	67.681	57.1812	67.3991	75.4867	69.0738	63.9661	59.6879	44.3311	59.8212	43.8365
67.5682	52.5569	58.6271	71.0049	75.9761	76.1707	74.761	71.387	74.3765	77.8756	80.2975	80.5577	78.9401	75.3956	72.9798	75.4345	69.1364	72.9104	77.4668	74.5679	69.9218	52.6229	69.7058	27.7417	48.6526	59.2924	74.2055	64.1837	34.5532	62.6598	56.865	38.6059	44.0155	45.0108	54.3837	60.9789	57.2488	71.1077	35.9692	70.9593	70.9472	56.1067	64.3258	53.4065	73.9172	48.8126	69.6565	51.5511	50.7186	36.8619	33.39	56.2255	64.982	70.4781	74.5559	74.5411	76.728	78.5823	77.8089	34.3917	74.3576	76.6094	71.4818	57.1624	72.0525	61.3115	56.8597	50.7602	71.46	60.9492	65.1589	66.784	73.8084	72.1266	51.2784	68.7591	71.8052	75.3203	28.8589	72.2303	68.1568	50.8548	70.8962	58.9324	60.6917	41.9223	34.3631	54.2231	66.5058	40.2147	43.3996	63.0933	67.6851	62.9759	61.0851	54.4496	54.1468	45.7561	58.5005	34.7628	69.5561	55.3351	65.8911	65.3389	57.9174	54.9898	63.9894	31.9809	19.6635	18.6205	46.4745	50.0452	66.5811	75.224	74.0837	65.5388	30.0403	58.1957	72.5583	75.2802	74.6909	68.6287	67.1051	70.3368	74.6435	71.1849	75.3913	40.6786	71.97	66.0367	62.3601	51.1683	69.1837	52.3491	53.4688	52.6418	27.371	35.7892	52.7992	67.9885	72.4429	70.3844	32.6925	67.9378	74.3189	67.7565	55.0005	22.6201	65.3966	66.5434	59.4471	63.7144	55.967	42.6575	43.5102	64.2813	66.1802	45.7958	36.7725	32.1163	45.6732	46.7609	49.4575	36.093	43.5864	59.0612	44.0522	15.8307	19.0091	37.6725	45.6526	57.922	53.88	31.3178	20.2224	12.8501	27.6711	45.7245	35.1048	17.1002	13.052	28.8025	35.4156	51.6604	61.3182	48.126	29.8992	52.1334	62.5601	60.8074	57.7299	57.4192	64.4802	67.7736	72.791	69.0905	38.799	72.5078	74.3129	62.9966	47.8593	71.8989	23.4083	71.2153	40.0566	50.7943	55.3425	21.1584	50.1766	44.7477	51.7528	76.9587	72.1732	33.6055	69.3716	75.4964	75.0677	77.1646	72.6134	58.8125	12.372	70.0045	77.8804	72.9132	14.6203	53.0162	55.4855	62.8498	64.9743	50.9726	63.9704	57.8924	38.0378	23.8457	33.7481	29.1352	22.5903	43.3143	64.4082	54.2118	57.4005	72.5323	63.8481	51.8304	56.4024	59.2543	57.2086	70.1131	59.0287	76.7694	78.8572	76.818	72.8522	59.7122	44.1098	48.8105
72.2212	35.6133	71.2746	67.8814	66.997	72.0731	74.1405	61.2345	69.2751	75.4331	77.975	75.0347	73.7861	73.1094	65.2202	73.2932	65.3295	62.0308	77.9446	65.4404	72.4727	46.7107	68.1942	59.045	46.2464	36.9418	69.0466	66.434	46.1201	58.5265	66.5449	60.4188	51.9137	23.2582	39.643	56.0063	67.7571	70.6997	58.3681	65.6568	61.0568	54.1926	62.1375	54.3114	71.1289	43.6234	64.5499	52.8778	23.6471	44.5632	54.2689	60.9895	65.739	65.1455	65.3288	73.8034	74.7853	69.1527	21.2521	75.3516	76.8103	71.9144	74.8844	30.8727	70.5426	68.965	61.8106	54.5149	62.4373	50.9903	66.6688	68.3452	70.5958	61.1418	64.0976	54.7741	68.6189	74.4692	20.6086	72.7381	63.7236	50.2562	67.7086	31.6179	38.4007	33.6229	18.5408	59.8969	68.3719	12.622	36.8184	57.1971	59.5374	29.6934	55.6095	30.2974	36.3109	50.3926	59.3169	31.0734	70.1247	52.9414	44.8825	31.6843	65.8819	26.6027	55.357	44.6629	6.48605	35.5885	27.9139	54.1926	71.482	67.5914	25.9327	59.6915	59.3066	70.7775	73.3316	64.3997	70.184	57.6155	55.172	53.4174	66.942	48.5631	74.5165	66.9765	64.6427	65.8199	42.3013	40.6932	66.6061	43.9357	61.0463	65.835	68.5962	70.1282	69.3014	69.442	65.3619	40.0685	29.9786	60.1259	73.5361	69.4674	43.1088	29.3638	64.4811	59.4836	51.1657	63.3755	39.6213	52.453	54.436	22.1344	60.4798	61.742	20.636	46.5705	52.8546	39.6205	45.4885	46.6988	16.9894	52.0859	56.7256	26.29	21.0033	18.892	23.0913	48.6289	34.0505	14.5295	33.9462	23.9108	25.4529	41.7673	37.9773	27.4545	10.6086	17.4578	35.4031	54.0648	66.8964	61.0351	49.6799	36.0569	44.2537	63.3832	67.2281	61.6966	23.4365	66.3376	73.515	68.963	17.9772	72.142	75.4994	55.9282	58.2924	67.1088	14.7324	72.4548	42.8811	60.0554	54.4773	54.7088	38.9157	53.9699	73.3958	74.4733	38.7958	72.3253	67.1505	59.8283	32.2783	68.8906	65.7134	59.8512	60.2783	7.55291	73.2832	78.047	73.1346	36.1826	53.6513	60.6825	61.0803	59.1139	40.0119	51.0809	52.9844	39.3346	49.0965	38.4987	42.3483	51.7441	70.6769	55.3363	60.7495	66.9811	32.386	62.6101	54.3696	49.6409	45.654	72.6989	70.1684	31.4717	68.7259	75.3267	76.691	76.4706	73.5096	63.1684
74.3523	72.533	58.0464	75.5182	68.0991	38.4958	71.9412	61.4531	72.48	77.7753	76.2112	71.4765	75.7245	71.7639	57.6742	76.074	70.7767	69.1778	74.7895	73.8598	66.4031	69.4144	40.3257	66.3129	51.7314	54.5286	46.9993	56.411	66.6069	30.0178	55.5699	49.391	48.256	14.7603	24.1624	20.6042	68.945	62.8395	55.9464	52.9027	51.0522	44.7266	48.0893	53.3633	68.2811	36.039	57.0184	39.9979	34.1624	54.7099	68.5688	72.4691	71.3958	69.4185	61.9605	59.6679	50.38	29.7821	66.3118	78.4113	74.6121	72.4814	75.6901	49.74	60.7333	65.2681	72.7536	56.5778	49.2151	21.8693	68.3304	69.4295	50.5203	60.5617	67.1261	56.1356	62.8402	73.7372	35.5323	71.4515	59.7711	48.6281	65.3421	37.1414	45.0528	47.328	36.6587	68.8133	58.7637	17.3296	28.5598	62.971	60.2986	36.2125	57.2336	5.82005	4.14222	61.0853	57.6975	23.2699	62.935	57.0622	61.4382	45.6157	53.5502	44.1716	57.3894	56.1414	40.1782	38.5115	54.452	66.1245	63.7706	20.7554	69.2682	69.3353	61.685	69.496	71.8762	48.7503	72.0017	50.1767	63.6991	48.5403	54.37	54.0547	70.6406	71.0299	51.4514	70.5769	43.4135	52.5893	52.7833	44.1643	61.9387	68.0321	58.8931	48.996	49.993	40.9578	41.5538	63.3533	61.2195	37.9931	71.4848	72.0056	56.5862	34.1544	64.2735	49.7266	52.3009	68.944	31.741	54.2368	60.5776	61.3473	22.1396	64.813	51.6725	51.2546	55.1457	30.843	51.0613	54.1704	6.92394	36.5081	63.6838	45.804	36.2495	24.5758	36.4373	49.0531	25.8731	4.76275	21.5265	29.642	33.6094	33.8664	28.8134	22.8938	20.6194	5.08352	30.5849	53.3391	68.1289	66.689	36.366	41.0661	34.0032	50.3429	62.908	65.8674	54.0498	64.5238	71.9536	68.7811	6.94878	71.2353	75.1155	54.0864	51.8164	67.5167	31.7934	73.2897	14.7013	56.2444	24.4042	40.0377	65.8161	74.4601	76.2429	52.7852	71.4464	72.7929	61.1877	58.6962	45.2042	66.8369	53.052	58.1648	66.7569	62.2889	39.1239	73.8806	77.1047	72.9027	44.7662	41.0814	48.376	19.939	52.8772	57.6667	7.3826	61.7571	55.5182	49.3232	59.2142	35.0807	69.8554	63.5683	50.8128	61.8665	20.5995	61.0429	46.289	43.8655	63.2231	71.4796	62.6223	67.5266	50.1009	42.9287	71.1596	76.5951	78.03	77.5993
71.82	76.3932	47.5075	70.5987	75.4007	63.775	55.6019	63.7327	72.6213	78.5625	71.2215	71.2734	75.7579	66.7456	56.5626	75.4225	74.7473	68.9786	60.5111	74.871	23.681	71.2133	42.0528	69.4034	56.6031	67.0567	21.0987	32.6152	71.3376	13.8779	56.8944	63.1604	53.1085	45.9451	38.6194	40.699	65.8567	48.8325	54.9136	46.7096	23.6433	11.6654	34.6092	51.4128	67.5501	27.1166	47.7897	38.9118	63.9786	67.9296	73.5696	70.5599	55.2426	38.5963	51.5515	49.1115	47.6846	67.3129	67.8103	76.8836	70.8551	73.6439	75.7824	53.7948	64.9227	49.5771	72.4689	69.7605	35.7556	57.008	68.7605	65.803	43.2267	70.7158	63.8794	62.0717	51.6494	68.6014	45.8162	66.9445	52.1431	47.5582	63.0335	54.6973	57.0907	20.6564	63.5029	68.3231	14.4289	30.7484	15.9987	69.0154	56.3488	49.048	58.1929	10.8381	17.0332	64.2515	42.6469	37.8515	54.8535	46.9784	34.5645	50.9738	45.3751	61.6992	62.5293	49.5934	25.5948	43.7491	67.0851	71.0469	23.7747	66.4963	74.8715	70.1925	69.8489	58.941	71.2588	56.5512	74.3472	32.7407	71.1964	49.2814	44.8649	48.1628	66.743	70.6392	30.0668	71.6216	36.0471	40.2351	4.46791	37.9668	56.1229	60.4212	52.2512	45.0053	55.2526	64.0623	64.3578	65.8303	67.825	49.6275	65.9884	70.1233	60.8838	11.8172	62.3413	49.5838	43.758	70.1096	37.5025	61.7089	52.13	65.6381	60.4966	49.7726	60.711	32.2155	53.5985	42.6816	56.5859	56.3448	25.6198	11.6531	64.6991	54.5451	41.4026	42.3701	44.8087	41.4589	16.5536	6.53857	3.17906	30.0265	43.5305	35.0849	34.1892	34.782	31.1378	12.7576	30.6327	53.238	65.582	65.7819	58.254	29.0774	40.5741	46.93	55.5994	58.4386	38.5377	60.8277	69.2916	68.08	1.72534	69.5188	72.8107	66.6689	10.351	66.9662	35.3079	70.875	23.247	60.6489	43.0532	58.6101	70.2962	73.855	68.6416	65.826	77.8982	63.3921	48.6226	60.2814	65.2425	65.7043	60.102	67.0491	69.4555	70.8417	49.0769	55.8281	74.6903	76.5417	71.1514	62.5603	50.7205	54.482	56.0138	31.9567	62.805	64.2149	47.8124	60.5262	51.0092	44.6392	46.4528	64.2108	66.4311	60.4017	37.9683	58.3202	56.9904	46.4563	72.9093	52.0081	72.6013	76.7615	75.2091	66.4705	35.9824	22.8622	56.6904	70.5935
48.9476	73.43	72.2117	33.0405	72.2847	73.4022	58.5312	66.5542	70.6999	77.5909	62.5695	72.981	73.0506	64.2463	67.4258	67.6173	78.4133	51.9163	52.2609	68.8241	53.4659	65.8724	65.7186	67.2185	59.0137	70.0622	40.5339	26.0088	72.4306	38.168	55.8837	66.5427	52.7152	42.1886	29.5402	54.6968	61.0913	39.2175	51.0179	43.0531	28.7037	42.5338	52.3567	55.2284	56.1535	53.87	63.359	66.5736	71.9338	70.4665	62.5399	46.0979	66.377	70.6649	70.152	61.222	64.2226	62.8501	58.435	75.4175	67.7765	72.9896	75.9797	50.7463	57.2434	47.5346	69.7768	71.7828	25.3982	65.8875	69.5515	57.0512	69.2091	72.9739	64.7593	63.7668	45.6865	64.5158	17.9289	59.6513	40.9284	52.8315	54.6941	60.1162	48.9733	30.7355	67.1373	58.7433	51.2969	48.233	29.1351	71.6688	53.1902	58.6121	59.0578	14.2328	31.0785	62.5511	27.4937	42.793	34.3593	54.603	33.1447	51.7989	49.4917	48.7829	46.3566	10.837	36.2566	27.7646	72.5224	71.4757	49.8069	71.3498	73.0051	52.9986	72.9412	32.7542	68.2059	58.027	75.6009	43.8747	74.599	43.6491	22.645	21.1886	61.8185	65.5085	19.0405	64.9857	59.8748	37.4791	48.4791	53.0348	61.7983	32.5412	37.229	45.8752	62.6015	56.4217	50.6637	58.4578	67.1956	64.9619	62.2343	68.0739	51.2966	46.787	55.0391	50.5416	47.7647	67.8584	37.0066	62.8523	55.3624	53.6468	67.2361	35.1041	56.8253	24.1106	45.8677	37.7203	57.7234	44.6162	31.1651	28.9998	58.4612	56.5628	40.6672	42.487	37.4188	25.2311	13.4867	12.4822	6.95825	30.106	44.5456	39.5968	40.2605	35.0547	24.5368	22.098	31.4797	53.632	66.8199	60.1564	52.5001	57.5256	39.2548	40.6239	55.5963	54.0258	17.078	60.7543	67.4508	63.7786	27.2602	71.0516	65.1615	59.6987	55.3945	53.1732	41.957	62.2254	36.0247	51.6838	52.524	63.6773	73.7386	69.3702	10.1568	77.2658	77.2018	51.2976	39.7817	46.5914	68.6523	55.5773	61.5154	55.9019	68.1952	73.4457	59.5311	15.5584	64.0846	73.2771	69.8488	57.4538	60.3195	70.2076	75.801	75.5571	71.0596	44.5952	62.3417	62.6315	19.9839	44.7575	42.4224	38.91	47.0107	14.2068	43.9113	32.6911	50.7722	70.529	70.9574	58.4597	73.0332	72.1873	75.5269	69.6494	71.834	73.4478	67.3464	47.2635
68.4451	35.7353	73.1171	44.2275	74.2093	77.3007	67.7829	66.9462	66.7596	74.399	55.5302	71.6232	67.2345	63.6713	70.9183	47.9049	79.1852	51.7551	65.3671	37.5303	70.395	39.7377	70.268	51.7588	60.8086	65.6904	44.4774	28.4239	71.9897	48.1498	37.1976	62.582	66.0782	51.8215	53.8168	57.3559	46.0585	36.5724	33.2365	43.6217	44.0268	46.8014	48.8237	48.2973	18.8624	54.5525	50.7734	63.5877	68.2801	33.8727	58.4062	71.5408	72.8657	68.326	71.9552	54.2088	66.894	56.9313	61.7355	76.3148	62.6869	70.6867	75.6236	42.657	53.8265	39.932	70.071	71.7575	31.5318	69.953	65.9628	37.4238	73.3462	68.7833	61.2017	64.2629	34.6752	60.6535	29.5376	52.3175	55.6876	50.9463	29.1251	61.9484	43.7875	46.5164	63.2367	45.1192	63.7171	57.1634	38.8507	71.2577	51.4592	60.9278	58.5873	14.3426	43.865	54.5729	51.2308	34.9621	28.2146	61.8337	55.0975	53.1639	57.7173	35.1047	31.8822	47.1093	45.3967	54.7863	72.6395	67.3565	62.0414	70.0704	71.7363	31.7884	72.3846	34.169	64.215	65.4681	75.3656	29.9204	72.6742	66.0266	45.1592	40.7347	58.4059	62.1829	42.1346	53.4315	50.9552	45.1508	54.8734	52.2056	52.762	42.217	28.5714	44.6748	66.243	30.594	28.2534	57.2684	61.7393	68.7656	60.9749	68.9304	31.7336	46.0625	57.7163	63.3831	57.2895	63.7121	9.68014	61.8185	50.3191	4.84736	62.2949	52.4979	48.6267	45.8709	42.5709	55.2441	55.77	11.4084	25.1476	40.9442	41.19	53.513	25.3634	38.2631	29.1953	22.4565	26.4307	20.0578	12.5961	36.172	35.2064	35.1924	47.8744	41.5738	15.5775	19.2723	28.5293	52.2834	71.6763	64.917	34.503	47.9569	55.8351	53.1705	56.4552	49.0306	30.0564	66.2422	69.0499	56.349	53.2127	73.9865	66.6152	61.0617	57.6928	44.5947	53.7967	46.0792	36.6408	36.3619	28.3458	72.7574	77.4793	46.9731	68.0823	77.6581	72.3463	47.2394	49.259	25.6012	65.469	39.886	48.6994	49.7409	72.5099	76.2915	44.0534	47.9043	39.406	58.953	68.125	68.7035	70.2615	67.8443	68.1986	69.2111	62.7748	53.1673	64.4332	58.3779	28.6391	35.1224	57.7632	51.0744	49.4941	60.4246	62.9486	68.0405	73.7852	75.4898	40.9429	71.5467	65.901	57.4983	75.4682	46.1246	68.3207	73.1104	72.2807	73.6159
73.3873	65.5481	69.672	26.3869	75.4405	78.0015	70.2175	65.7057	58.3382	71.039	52.1861	71.4147	53.0346	57.0329	70.2056	41.0485	77.7951	67.092	66.1246	49.4223	72.9433	42.4954	67.8929	25.128	56.7452	51.233	39.8732	17.2679	69.7326	48.8686	12.9702	49.4199	64.9427	58.3212	25.394	52.1883	48.3866	50.2252	54.1099	47.1925	53.3072	43.5636	16.2666	33.154	30.0781	53.7648	51.882	66.8838	58.8492	58.5384	71.0246	69.2123	60.1346	62.7217	71.803	41.1374	64.3879	56.525	65.7842	75.9858	20.5006	71.5362	73.0374	51.6428	58.88	43.1226	69.9625	70.0335	45.8517	71.3071	62.5295	28.0582	72.5766	61.8386	55.3767	61.4908	40.0879	39.9098	56.3785	50.177	52.7023	25.9797	21.56	56.9136	21.5553	41.6754	47.8637	42.3821	55.9598	63.8033	27.2034	71.8492	36.8072	61.5528	44.6521	39.2135	55.0107	46.6483	60.4172	42.1447	54.8238	49.3543	44.9529	52.3177	59.2254	31.9506	46.9106	47.8474	50.0727	58.8983	67.3432	51.3503	65.1121	67.9022	68.078	39.3352	70.5404	33.3222	56.2132	71.2971	73.956	44.599	66.4408	52.6494	67.1379	28.4438	61.4862	63.1813	42.6245	52.5722	36.4207	35.6242	40.4176	49.9934	33.5456	56.6386	35.9518	38.8912	67.8613	34.7789	11.4203	54.3621	59.7666	68.4855	57.1003	70.6093	31.3223	19.686	60.0738	60.909	50.7648	56.0824	52.9934	63.231	31.7304	14.7556	59.012	53.2073	32.3099	47.918	47.2328	57.9215	49.0371	17.091	13.851	41.1282	17.8714	44.2606	22.3928	29.2678	19.8834	12.1839	18.1994	24.8158	34.8451	47.2885	42.3809	34.1076	40.0081	44.6099	27.764	10.9319	19.7513	54.0897	74.7124	68.777	41.0972	33.2081	37.3089	57.4741	59.6407	53.503	8.17492	69.8371	73.1079	40.4752	68.1399	74.6606	61.1703	38.3167	24.9884	20.7805	55.6982	54.7472	15.472	62.2919	67.0578	76.6351	73.5451	55.9129	75.1801	72.6601	58.0857	8.60438	55.5925	59.6704	57.2714	58.5984	49.117	24.6037	77.1068	75.1093	57.8706	69.2506	66.6059	40.2351	42.9796	39.3002	40.2957	62.2439	59.8486	34.7978	36.0267	63.682	68.8022	62.9531	48.7122	43.8628	56.7409	49.3909	36.7863	54.3197	58.5979	67.1116	70.7205	58.5633	60.2078	71.0134	54.1346	57.6033	75.7835	28.9688	66.1802	66.3643	62.6985	70.9106
60.0531	36.0657	30.0854	64.8093	74.5674	78.7239	74.8899	68.8713	62.2965	64.8112	39.2544	70.786	35.4179	64.5614	72.3005	58.1493	72.5903	72.3791	49.6759	64.4772	63.7508	66.4019	49.6035	42.9698	30.2346	30.6367	32.8511	28.8844	62.4036	42.3848	51.2071	51.9897	54.9655	52.8058	11.4498	26.6064	35.9385	25.2519	21.0985	30.1793	50.1729	41.4948	27.9547	33.3213	53.07	65.0261	68.3497	56.8916	60.6834	73.3431	70.2697	58.1855	57.8538	70.3179	65.8692	57.7446	69.2786	64.6678	59.1137	72.537	37.2849	72.1297	66.2756	64.444	58.3577	54.4214	65.3288	69.3162	46.3207	70.2904	56.626	39.3784	69.4477	54.4685	48.989	50.1276	41.789	52.5449	64.209	67.7701	70.5229	65.9221	48.5944	43.4008	39.3884	47.7022	28.634	36.891	33.4863	65.5706	12.2984	69.8151	35.8123	60.0112	6.09593	35.2054	58.7491	58.5349	59.24	40.5761	55.5898	58.0849	53.5014	57.2908	55.9674	28.1722	53.699	53.025	49.2556	33.4327	58.4179	50.6469	66.0479	68.8852	55.2941	37.8266	61.1172	29.8645	45.398	73.435	68.3468	61.4338	65.2437	36.1293	60.0569	61.1281	49.53	58.4156	60.0925	53.7492	12.1599	30.4736	17.8069	52.0001	55.7191	54.1305	50.2559	27.4402	68.8575	44.8984	26.6362	52.4394	58.7559	66.5013	47.2989	71.0518	52.5809	24.0167	63.3767	58.0516	49.9517	47.1447	61.6273	60.7526	19.6893	29.6671	53.0066	47.1935	11.5727	40.405	49.1179	59.3515	41.9966	30.7001	20.4045	32.8883	13.5275	37.3754	52.1314	55.2848	54.4073	54.8158	55.4979	52.7225	38.9845	35.9068	35.4198	33.4799	43.8994	40.7004	30.448	5.17579	10.4294	57.0436	74.9081	69.6293	29.0687	25.0166	51.3973	59.4171	48.301	49.5711	36.9536	69.7146	73.8877	30.2945	69.6018	71.8596	59.6248	54.1031	32.7962	8.72833	17.2237	23.6222	50.128	65.0257	62.7852	70.892	49.7308	73.1978	71.0047	54.5892	44.6504	58.0988	51.4981	68.8958	34.7446	54.035	49.3244	66.6176	77.2088	58.649	75.8886	75.2104	74.616	69.003	35.9933	57.3872	67.0334	71.2396	74.3976	74.9674	66.0193	35.0354	63.0667	65.2844	60.7271	39.5681	57.6247	53.1355	46.8357	57.2983	68.4379	70.2919	41.1559	55.1097	69.0967	67.3224	26.7746	68.6521	73.9392	58.4135	68.2524	61.93	52.3194	45.7838
50.2056	34.6788	63.369	71.1499	69.3818	79.0552	76.4383	61.4115	64.8901	37.632	42.1803	60.8479	58.8404	60.9945	72.6232	60.5482	60.1439	63.6721	52.0172	57.4615	12.2092	59.8112	41.591	40.5121	46.2013	40.1918	32.6523	33.6271	48.6976	27.5135	29.0364	16.3771	43.5578	38.5869	44.5873	39.6306	15.0443	23.9433	26.405	32.7367	45.83	29.2383	25.6821	55.4874	59.1044	64.5286	61.0638	31.856	68.513	59.3907	55.0281	36.0037	70.0177	72.386	42.2443	68.9553	70.554	60.0317	38.9375	68.4525	14.8862	71.4989	65.9613	65.2431	62.1137	58.631	40.5703	67.163	47.4083	68.2642	34.3723	53.7963	64.7325	36.8183	54.4695	59.8426	63.0969	44.5604	43.5801	57.6361	60.7423	71.6664	69.7558	65.4315	63.4006	59.9986	45.8102	47.0051	29.2476	58.1384	42.7611	55.4958	53.0909	55.8	43.2568	47.1747	42.2777	9.72695	20.1974	35.4914	26.9223	59.1617	48.1856	33.9495	43.093	33.7563	48.6178	54.7005	14.0339	56.6062	66.8929	63.1918	60.2574	68.8791	33.915	16.9911	37.644	38.9217	60.1831	71.4959	31.6461	62.3659	63.786	39.2399	28.2823	42.3242	28.4966	21.5283	43.8161	37.6301	46.6316	54.5988	51.8917	19.3466	29.29	20.0224	49.4833	46.4055	63.4122	36.2713	42.599	45.1212	57.3904	63.8853	49.8308	68.7664	48.2906	45.9634	62.723	59.8949	52.6642	24.4178	56.3248	59.4361	14.6659	41.2025	46.0358	46.0033	24.681	29.6616	44.9015	56.3476	27.4249	44.6238	17.6908	32.6129	40.2357	42.3532	48.3195	50.6685	50.5138	52.5636	57.1467	58.0417	52.1109	27.4861	32.8132	50.2429	43.3595	34.579	19.21	4.47593	12.0462	53.6363	74.1588	69.4367	37.8039	37.9605	53.1897	36.2337	24.8584	53.4312	48.2254	61.5077	69.9809	57.9614	52.3221	69.5631	67.9639	65.1811	42.749	35.8331	56.5155	54.1814	39.8062	69.0285	72.1264	51.4817	69.6567	75.8164	64.744	28.3521	62.9254	67.4382	31.1363	68.0088	8.83458	28.8169	67.4726	73.4958	70.5539	50.6054	77.0313	68.4025	72.5556	73.5847	56.8499	55.9018	66.6013	67.7672	54.3388	68.0289	70.6908	57.5357	59.138	22.9459	48.1539	48.5576	53.4938	39.0522	50.7708	55.3471	71.1417	61.5026	57.4932	67.3271	62.5049	58.7824	43.0728	74.6859	60.6515	72.0161	65.6505	56.8922	43.4098	56.7716
55.546	25.7221	65.1336	66.151	64.3256	77.2284	75.6616	28.0518	60.3851	41.6427	30.9208	23.855	59.3678	34.8156	70.5072	36.0368	58.0367	20.341	58.5611	14.6772	44.7451	55.6373	50.4914	42.0402	63.9766	48.9055	34.3232	51.4687	62.2961	66.7524	69.4045	69.1822	66.7262	56.3232	33.813	34.5837	35.9597	33.9265	24.8483	50.9226	36.1486	26.9557	53.9659	66.2663	63.305	43.327	40.7458	51.0221	65.4426	52.6966	54.2426	37.443	71.4704	71.7373	28.8798	72.6741	64.8451	50.5021	32.5786	66.4413	12.4652	67.3633	66.3808	57.4582	67.41	49.4111	34.763	56.2059	35.4434	62.9457	22.4062	61.3558	55.4582	10.3077	60.8554	62.2184	47.2159	51.0517	57.4361	71.1793	38.0019	64.5926	68.1151	55.671	48.6328	32.4423	48.6742	49.1745	25.7232	36.6388	30.0306	23.9645	45.7366	43.3145	48.446	62.5674	66.8407	68.913	69.0117	60.764	53.3152	39.6866	39.115	49.8362	55.2112	13.2782	50.6676	58.1523	51.736	58.5298	60.0119	64.0624	40.6986	65.7385	48.791	28.5196	25.551	47.3719	71.4837	63.0127	56.6979	66.7184	51.7252	50.5861	23.9041	44.0339	20.2155	25.3085	31.153	42.2691	57.5878	54.427	47.0848	59.3359	60.8393	55.3067	20.3355	24.1096	38.7051	50.0462	25.0938	23.446	58.9531	58.9066	54.5202	65.3166	16.4745	55.0113	62.3598	58.7169	41.015	17.7135	50.5609	50.007	18.9043	32.9961	41.0312	53.4882	44.174	25.964	42.1619	53.4143	25.5291	50.5512	29.0054	37.0822	40.3594	16.0998	28.368	33.9048	28.5896	26.1269	28.2977	26.723	40.8889	57.7453	53.771	57.0736	50.781	23.0581	13.2236	17.0445	23.3112	45.1493	73.0856	70.1071	37.9184	55.0512	66.8834	65.4579	54.3222	53.4981	45.7478	43.2981	65.0635	64.7577	58.0395	38.1337	70.6804	72.7182	1.54238	60.8174	54.4763	61.3942	67.3517	74.0259	72.7889	30.4741	76.2996	71.6492	61.9998	49.7968	66.6825	59.7178	60.6705	50.7387	17.582	60.2465	71.1229	72.3879	48.1827	66.3604	76.1888	46.4915	64.8547	72.7786	67.1123	40.8152	59.5834	70.2966	67.4559	53.4105	66.7671	39.1887	56.1797	57.3029	62.6709	59.6345	54.671	27.4861	54.3512	51.5921	70.0698	46.6673	72.1888	69.13	63.4857	41.151	68.0074	73.6329	35.3321	75.8392	64.8532	61.9155	47.5653	72.9119
65.0833	55.0079	61.867	68.5709	65.9337	74.0914	71.7899	44.8672	22.0597	54.1664	52.2798	28.1826	48.445	22.8183	64.0074	38.8555	60.0449	59.9929	44.5225	46.0048	47.1508	41.1612	21.8144	64.1333	67.2707	60.4745	54.5642	69.1575	69.7946	58.6856	39.6048	45.2401	60.3309	59.5071	46.7307	45.6448	38.0306	23.2418	47.1434	54.3111	16.4364	42.1079	57.685	63.8737	46.3906	23.6523	46.6524	51.9282	62.7298	33.3342	46.9782	42.2408	67.8322	70.5423	29.16	71.5885	58.106	49.5229	29.6512	61.859	23.2443	62.3101	64.9342	36.6949	68.0786	19.2549	41.8624	32.1559	12.8047	53.1093	44.4853	64.7842	18.0454	54.6723	63.4315	60.1143	14.3901	62.1691	39.7223	71.4853	64.7292	48.4614	69.902	56.3966	49.2537	44.5247	58.965	20.2712	53.0997	50.8265	54.8642	40.6265	54.6721	49.9589	54.4579	62.7555	68.8081	70.0946	68.6979	69.0826	68.7411	61.3799	57.8866	39.7311	47.0379	33.6154	39.4937	57.8818	53.6995	53.1556	56.6644	61.0546	27.2679	56.0833	44.9962	40.9712	14.9209	62.7557	71.8264	37.0242	68.7708	66.6657	54.6102	39.6285	32.9994	26.9449	42.4014	42.1645	40.6044	14.3894	57.1142	59.6644	44.7632	8.4774	48.1529	61.3795	64.1685	59.8627	61.4215	57.8937	60.527	48.7197	37.2089	61.0433	49.356	56.9442	47.9293	57.3167	46.6115	41.3352	38.8069	41.0669	49.7412	20.0429	37.0083	41.637	23.6522	54.9586	58.8475	40.8077	45.6146	50.4721	20.0083	48.2059	26.9757	33.2492	24.7912	39.7525	44.1108	41.9236	28.1242	35.4179	42.1349	51.0442	43.3241	21.7158	52.8961	58.7054	41.1442	4.57289	18.9588	25.4794	24.8631	39.2369	68.3132	68.8709	65.3744	65.5577	67.4631	68.6063	65.1531	62.5408	61.2485	14.618	53.8953	59.3188	65.2626	61.5864	62.6172	72.554	44.7622	59.7621	54.0978	40.3909	61.9865	69.548	61.8391	62.3981	77.29	65.9171	44.8268	55.713	62.7928	60.958	61.6071	63.0496	59.1956	67.8134	70.7567	60.0491	25.7162	64.1296	75.1327	49.2894	55.5265	70.9474	71.2461	39.0451	60.5557	64.1404	64.0345	41.2324	61.6804	47.0168	49.2098	36.6788	47.4893	41.9198	30.7069	53.0459	64.1931	61.7253	63.0816	32.6956	69.3303	52.2675	51.6556	54.169	74.9162	63.2501	66.0862	72.551	47.7945	47.6075	70.6973	74.5188
62.92	55.9525	52.8061	66.5382	71.3173	75.3016	72.167	54.6335	44.3444	31.8733	56.0156	39.3137	22.1345	43.2913	54.0352	52.8216	60.0271	57.4335	52.1657	33.083	50.5505	66.791	69.9803	70.9182	71.4573	70.8347	71.1206	72.4718	45.3014	57.3994	70.4018	70.983	62.5146	38.3674	33.7366	45.3974	50.3749	49.4914	46.0658	49.1348	24.1563	55.3654	61.3728	51.3617	30.2044	47.3228	50.4819	51.5748	66.0696	47.2394	29.3309	47.1012	66.516	64.4622	38.5507	67.4696	57.0683	15.3735	41.3143	36.7261	39.0806	54.5224	60.9825	23.5117	57.9177	44.5838	19.6444	8.67555	23.2433	29.14	41.0288	59.3686	38.0916	61.8424	57.3547	32.1393	57.2237	54.2784	55.6403	68.9697	61.7578	34.0665	69.9532	67.5075	21.0349	37.0095	45.8593	43.4593	64.9025	64.1781	69.2383	54.3376	48.3562	39.1309	63.0934	67.0389	48.7631	36.7711	54.6383	52.5452	56.9767	58.2078	50.7436	58.5101	46.7199	31.2978	34.2757	58.3121	55.3131	39.3339	53.3686	53.6465	41.5981	57.0524	53.492	33.0835	30.6298	65.557	67.2208	37.1259	68.3606	61.2842	25.5762	32.1663	8.04466	32.4749	36.5204	30.8387	36.4577	50.9495	57.4591	58.8236	50.7069	48.325	43.9045	51.2773	66.3792	70.4791	65.0832	58.54	56.1847	54.7785	50.1295	26.0398	27.9003	30.9267	33.494	45.499	41.6578	55.6859	64.1303	63.2064	56.5478	43.0476	34.9125	6.2264	10.9721	59.6979	64.5711	49.5018	49.3144	44.3732	23.1743	45.4133	29.6643	29.8968	7.18222	25.2921	22.9115	33.3407	29.0886	31.8198	36.6165	37.2894	50.9263	57.1697	51.1636	20.8482	20.0116	28.3713	25.8037	26.8334	26.9017	35.7758	59.5854	56.6684	34.0162	56.3693	61.8802	51.3912	38.4658	60.2391	70.4387	70.0167	36.8566	59.8335	66.9939	71.8297	69.0183	55.2991	49.8279	58.726	60.2339	47.1159	40.3008	57.0229	66.4112	61.5788	73.6538	69.3162	55.0799	17.1494	65.6251	57.1925	30.4529	63.2335	70.9647	71.0129	65.3163	49.6003	69.0992	58.5864	70.8679	60.5708	40.2409	72.5242	73.0488	45.7896	67.8711	57.1273	49.2371	10.4089	57.1482	21.8835	50.1849	56.5565	56.375	54.0935	49.384	44.9468	48.7781	54.7	66.295	67.7624	61.9971	44.3676	47.403	67.6097	74.2819	48.8006	73.1059	65.1836	8.29097	66.1151	75.1541	60.5926
69.1274	55.0042	38.5764	49.5242	67.3681	75.4244	74.078	55.1299	48.409	32.0636	38.9972	37.2605	37.8691	53.9518	15.5432	62.2028	50.4999	28.5807	18.7821	49.1363	69.7567	74.0706	74.3915	73.852	71.5985	66.1498	61.0306	53.8258	61.5314	64.3961	66.872	61.5946	65.7508	58.8928	43.2828	17.5027	51.6075	58.7276	47.6928	40.0138	33.6453	60.7743	61.7317	20.3133	57.7144	41.1359	60.5823	54.9754	68.0471	10.2202	44.1037	63.4817	63.3789	33.8146	53.0015	59.7732	47.2613	34.1929	23.5763	32.0962	19.7042	45.3263	54.7119	38.9822	50.5569	27.6926	26.9316	27.6453	10.3735	14.2233	36.5379	48.6979	25.1427	61.7004	57.1519	42.3672	65.6061	50.3146	67.5217	60.1647	56.7275	64.1852	60.9702	76.1171	65.4643	45.8939	27.1665	56.0365	66.9961	66.9696	72.0263	71.9504	69.0976	66.2119	73.483	66.7526	64.3143	71.1667	70.7694	66.1966	45.1097	6.18583	48.6889	64.6642	53.6841	34.4446	20.2835	39.8203	24.9391	23.3755	52.1532	26.7304	51.7899	47.2296	45.4891	13.7972	47.2297	64.4531	58.6032	54.8812	64.1047	49.5517	28.9563	46.5359	40.1221	37.0038	34.9927	39.9904	47.8815	58.6971	68.1101	68.6207	60.5812	39.1281	12.6939	43.9796	42.8547	53.9361	58.9863	54.7535	35.6552	25.8868	41.5565	47.302	16.5943	22.1619	17.3319	33.3339	19.1838	39.97	41.9618	38.1591	15.7553	38.0335	35.7267	11.4294	19.7979	63.9497	65.6662	46.5706	39.1714	32.1461	32.7857	44.3962	42.7625	32.0455	25.2523	19.083	23.9352	11.0798	20.3354	33.3535	49.7267	20.7604	44.3897	62.1185	63.9669	10.9489	32.9776	7.75035	9.98877	21.4768	25.1822	31.1272	59.0422	64.2668	62.3866	66.5726	67.6493	68.0746	60.9224	37.0279	27.1862	67.7017	71.9375	51.0793	14.6207	25.7952	49.2143	50.1435	30.3909	55.0732	54.4415	32.9776	40.2579	68.7869	74.2183	64.8806	54.1783	67.2269	60.0585	53.8806	59.9831	47.4371	69.1167	67.4543	73.1538	73.772	24.4692	71.8774	70.1346	65.7035	46.7202	69.8898	35.3372	75.8294	74.0805	54.1552	71.0029	41.7587	24.3547	33.8243	54.7636	42.1002	51.7588	64.3872	67.7443	64.7682	56.7063	53.8104	29.9326	43.3101	59.6321	56.8711	40.8657	2.20706	39.9755	65.2318	62.6079	66.7485	70.2326	41.9831	52.5846	71.3717	70.6711	44.775
68.5251	66.3627	59.709	45.8682	42.6065	73.9605	75.1316	69.7474	68.1154	64.7936	25.4835	48.6176	40.6192	37.5039	50.5429	65.3636	34.3654	37.5526	45.0022	62.4056	66.7377	52.5557	28.8929	54.3653	55.7351	58.7523	36.2502	38.4401	70.471	45.0926	65.4344	60.5276	6.33237	52.0753	63.1059	62.7128	45.9189	61.1244	47.9645	22.4876	35.2403	59.0412	58.2678	40.0224	62.1516	49.3574	62.3779	53.335	65.6002	28.2663	60.1826	65.1435	36.3859	53.788	51.731	27.8097	45.1492	45.9409	20.1214	38.5599	25.459	33.6209	54.0064	44.8823	40.9427	15.2299	17.7513	31.9135	24.1014	7.33147	35.3702	44.1715	38.4915	52.8786	61.2466	57.5295	64.6145	40.4115	70.2785	47.1754	34.4588	75.1028	53.862	74.4558	69.281	61.9473	12.8993	54.0072	62.0888	69.3972	62.9442	74.3067	76.3166	76.9847	75.7271	59.6142	72.8452	72.4124	52.4949	38.929	58.9895	57.1325	17.3971	61.0437	60.8291	51.8838	51.5199	44.6449	36.5809	50.9103	49.967	32.5545	44.0864	26.5586	45.2549	10.489	51.1326	60.7732	51.2492	49.8821	57.903	33.8738	36.3436	47.6855	47.1142	49.7282	53.1947	56.7579	55.3017	50.147	41.9446	38.9198	58.4071	63.6643	59.099	59.0867	63.3278	44.9417	60.9261	66.5365	43.4374	34.6004	43.0668	49.7873	15.3147	35.2284	38.6454	49.0035	45.3691	53.5072	50.2155	42.9741	48.5789	55.6286	51.1157	47.1712	51.8242	66.795	64.6292	35.8224	17.0013	12.2704	23.3694	41.3688	39.2485	39.9805	40.0856	15.6619	23.0224	10.0125	11.9529	42.8063	30.6635	48.2369	28.0251	65.1313	67.7391	24.9693	39.624	28.5691	25.6015	32.0649	35.3293	36.933	62.7281	67.7048	58.9887	60.3501	55.5867	46.0096	59.9831	63.1597	65.3231	43.5768	67.4116	72.4711	69.7061	68.5143	63.3374	28.8501	51.5161	56.5385	53.2214	65.9628	70.6613	68.8276	66.0393	73.4677	43.212	59.2746	57.3614	56.2199	56.7736	59.5725	61.0592	60.3848	71.7699	69.7943	41.7462	73.637	57.9971	64.832	44.3302	68.4746	64.4236	74.7525	74.9334	56.8076	69.7064	38.2613	28.8178	19.9084	59.9458	60.3269	46.2307	37.2196	45.8948	64.4705	64.0167	52.9735	44.3737	54.9209	43.6711	52.7173	54.1327	58.2083	51.8507	50.2492	63.0202	65.4944	47.8809	48.1226	67.4437	72.386	54.2565	66.4979
64.8025	65.2541	64.5805	60.366	47.2008	65.3802	68.9194	67.5175	68.2585	69.3567	40.263	46.739	45.5044	48.8384	54.7415	50.119	41.3184	50.8514	59.9055	64.1692	40.3565	63.9278	72.6237	74.5248	70.6934	46.0773	49.3598	63.6391	73.3361	52.7924	23.6925	60.016	57.1865	27.9559	34.1057	59.4711	33.5702	57.1543	51.082	13.5425	45.6034	55.6373	50.6704	48.8758	56.5391	54.6543	57.994	59.7716	61.7727	18.9498	60.9996	59.5699	38.8104	63.3309	50.7474	29.0878	43.2439	52.3508	18.8007	51.692	46.3853	39.3232	16.8725	12.2539	40.3398	64.4717	70.4334	72.8251	70.8605	66.1154	65.5139	63.1635	56.0604	20.7471	60.7299	45.8742	60.8067	55.9107	65.3345	29.6146	48.7033	78.1649	64.0127	74.5057	74.0609	72.3189	58.9444	37.9951	59.8657	76.0073	70.9461	73.5113	73.6132	69.5645	50.4194	48.83	62.0313	71.6596	72.7538	59.2651	43.8832	60.4413	49.9837	40.2659	55.5711	55.3281	47.2464	37.187	6.22222	46.9995	38.8072	36.7502	53.7952	41.2056	50.0808	6.94093	54.2636	46.7213	50.2711	46.3154	41.6482	41.6615	23.185	49.0384	45.9014	31.6923	29.4191	40.1343	32.656	20.7424	28.7841	52.4933	61.4313	58.5432	54.8702	53.774	63.2167	63.7431	51.6362	72.9493	43.4594	30.2094	41.1467	21.3784	18.7996	41.2203	31.8834	48.8176	46.6093	50.103	41.9028	33.0317	46.9178	55.5165	37.952	43.0677	51.3642	62.6677	56.712	14.9616	18.0388	26.2841	27.4183	27.933	41.2667	43.664	54.1613	41.6334	32.7292	28.2023	10.1515	39.4418	7.76897	35.2742	21.0502	66.0287	70.0881	26.3275	37.1746	10.1356	10.0371	11.5096	24.9939	40.7128	63.3119	65.1521	59.2271	65.3557	63.9777	46.4018	56.1027	59.3764	62.8186	64.6197	29.6416	52.9554	54.7418	50.232	60.9696	54.5938	47.0189	38.3929	34.734	51.4538	48.7729	24.8342	10.2463	70.1802	64.7164	56.9713	62.3912	39.0541	35.6362	56.7049	58.4823	58.9611	61.4249	60.519	31.9453	71.9395	66.5411	52.5029	64.0682	51.5252	68.1335	68.9773	72.9225	50.1835	67.3099	44.8216	23.0376	59.9085	66.5643	52.0527	11.1424	30.5779	29.3357	36.1776	59.028	57.8935	45.8957	48.8231	44.2541	55.584	57.1644	47.6475	62.2004	19.677	40.1794	51.254	8.42827	62.0581	67.1443	65.583	30.7604	68.6946
68.0489	59.3072	62.5968	62.4302	61.33	70.604	66.2262	55.2967	69.7594	69.2231	33.4633	49.5258	44.0785	31.6762	43.8525	20.4235	54.6491	59.8707	58.3433	46.8826	52.3179	68.1633	62.8752	74.9579	76.7258	37.9306	59.3253	73.1392	75.9243	59.3123	59.7211	22.7511	58.4197	54.4575	24.4129	47.3292	38.9801	46.1982	54.0263	25.9467	50.5746	38.0355	52.0876	40.5888	48.5089	39.0305	53.0444	61.3811	41.3497	39.4256	60.0586	49.3863	58.1689	61.1203	55.8727	38.3526	45.3972	46.6788	17.9664	49.387	43.2803	19.8829	39.5392	52.718	65.6694	66.1477	60.9942	54.3303	62.6059	72.8117	74.1161	72.0772	69.9606	50.6527	46.308	40.7552	45.2091	51.809	47.3343	28.3886	59.7502	78.8476	72.2353	71.5093	77.3406	77.6425	74.48	56.3803	68.5784	79.1731	73.6759	46.8065	26.2328	60.4959	72.7017	73.361	65.4788	39.3883	67.0382	74.8417	47.7901	55.0853	55.4669	51.8044	13.0889	37.4805	35.0243	48.2566	27.5821	49.2197	51.3727	21.341	49.232	49.6198	52.5343	20.9755	56.0345	39.3272	54.1087	59.6697	56.4847	55.5222	52.7551	58.8238	61.8782	55.1105	50.7628	42.6774	37.4966	54.0867	54.7241	54.1996	53.3781	33.6992	45.6495	47.6184	64.868	69.3479	30.6502	73.4968	60.9151	37.6711	12.508	41.9318	43.5339	41.0621	47.5131	46.8955	27.918	37.4443	38.0276	58.9288	52.4581	67.5876	41.0793	29.4515	44.2554	55.7272	42.8662	18.9163	28.7847	32.0705	48.8005	36.3023	40.166	46.8402	59.068	64.3308	63.0122	54.4473	41.9843	35.748	29.7663	42.8976	57.3009	68.0418	68.7009	5.15769	44.9775	32.7797	25.1732	21.1668	23.4372	48.9339	63.1173	60.2922	56.0897	67.0321	65.5884	48.2258	30.8391	26.9051	7.05718	49.9695	61.3755	56.2819	40.589	39.3636	56.5371	37.5857	47.3694	44.6707	47.9629	56.2556	54.0555	56.8713	56.2439	49.5398	65.2078	61.1241	68.2856	48.476	55.136	43.4698	46.9556	35.0186	53.8179	67.4896	43.8919	67.5992	70.8994	18.8752	67.1437	35.5382	58.2534	53.8776	70.093	40.3068	65.5635	34.5784	61.0119	63.2901	37.9027	24.0075	49.5441	58.2711	62.2916	55.022	38.0231	67.3822	72.6995	72.5757	68.4087	62.0823	41.6274	47.3813	51.1317	40.7004	47.5677	47.5236	11.3316	64.8399	68.7837	46.5531	64.2807	69.4225
71.2641	60.4882	64.8122	68.3949	65.354	72.2944	66.4162	59.6064	69.4936	56.2879	43.4858	50.8934	45.0259	50.5552	62.324	48.4358	47.9516	37.2523	29.3638	42.0468	50.1813	59.7654	38.8215	75.0558	77.464	59.6332	63.7676	77.0912	76.2715	41.0072	54.0893	49.9577	53.1432	52.3799	21.2539	22.2205	41.5654	21.8869	55.3668	16.2977	45.5363	10.3699	33.4664	36.0183	21.8957	18.1044	30.0446	25.0889	48.0442	57.9673	51.9249	26.9309	64.5552	41.8119	59.8427	23.2894	36.7717	34.9134	14.229	35.7963	39.9826	44.0337	34.6639	55.6103	51.4002	28.9561	52.9844	58.5641	60.9409	59.7775	58.6281	73.4134	76.8116	74.2248	50.2343	28.7103	42.5948	57.5578	39.0136	12.5748	66.106	76.876	75.0267	30.8179	68.9039	76.1427	76.0115	73.8034	77.7042	78.2796	50.6341	70.5668	74.7401	76.8357	76.6977	71.1836	67.486	64.7509	44.956	74.9402	67.3537	47.644	56.7731	62.084	47.4664	40.2014	41.15	45.1791	22.3255	46.8798	52.1364	33.4415	52.3521	56.4782	40.5975	33.7522	35.5854	29.6911	36.4963	28.6453	40.8144	41.0318	31.626	19.8881	46.0941	42.2308	62.0715	57.933	58.5904	53.1801	38.1051	43.1185	15.5752	11.4554	19.8527	50.9592	70.3489	71.2566	25.5637	75.5158	67.1868	27.2213	26.4297	49.764	43.9907	55.4872	59.3519	45.2337	53.8597	53.7963	38.9891	55.4655	44.7575	69.5363	38.6143	29.5193	50.2992	52.3801	31.3471	13.0264	8.30248	19.6222	49.7255	47.4447	16.0334	32.6778	51.3343	63.9517	66.2828	65.5194	66.1008	57.0871	36.4709	21.22	44.456	63.7105	53.7068	36.7437	47.282	21.3622	12.727	23.2248	31.4156	49.7034	62.1979	58.0932	49.8111	61.6772	64.5907	62.7155	62.1951	59.2228	53.9208	28.4982	42.3355	52.9978	46.7122	53.3839	48.1011	3.79055	31.2714	37.9785	24.8182	47.1279	34.9396	37.0839	44.5415	29.231	46.1678	56.4772	58.6839	6.35359	55.1173	56.4428	57.3974	59.2174	62.1119	69.5459	61.735	58.0507	73.3523	58.766	70.9482	68.988	69.1215	68.5364	74.6796	59.1942	62.885	27.7276	60.273	22.772	43.8195	54.7288	59.8276	59.2263	66.0365	67.2004	52.0715	46.9509	64.7315	71.7685	71.3811	60.5612	55.4276	61.7765	6.68286	54.807	59.3928	59.0907	47.302	62.6662	70.7875	52.5172	68.3849	52.6292